time,x,y,z
1777888800.0003324,5.0,2.0,-75.0
1777888800.0103323,6.0,1.0,-75.0
1777888800.0203323,6.0,-1.0,-76.0
1777888800.0303323,7.0,0.0,-82.0
1777888800.0403323,6.0,-4.0,-90.0
1777888800.0503323,3.0,0.0,-90.0
1777888800.0603323,2.0,-3.0,-84.0
1777888800.0703323,4.0,-3.0,-82.0
1777888800.0803325,2.0,-7.0,-83.0
1777888800.0903325,0.0,-9.0,-80.0
1777888800.1003325,0.0,-9.0,-78.0
1777888800.1103325,0.0,-7.0,-74.0
1777888800.1203325,5.0,-5.0,-76.0
1777888800.1303325,0.0,-3.0,-82.0
1777888800.1403325,0.0,-1.0,-85.0
1777888800.1503325,0.0,-2.0,-81.0
1777888800.1603324,-1.0,-4.0,-72.0
1777888800.1703324,-2.0,-8.0,-79.0
1777888800.1803324,-7.0,-6.0,-84.0
1777888800.1903324,-4.0,-1.0,-82.0
1777888800.2003324,-8.0,1.0,-83.0
1777888800.2103324,0.0,2.0,-82.0
1777888800.2203324,6.0,1.0,-79.0
1777888800.2303324,1.0,2.0,-73.0
1777888800.2403324,1.0,5.0,-82.0
1777888800.2503324,0.0,3.0,-84.0
1777888800.2603323,-2.0,1.0,-87.0
1777888800.2703323,-1.0,-3.0,-88.0
1777888800.2803323,-5.0,-5.0,-81.0
1777888800.2903323,-8.0,-5.0,-80.0
1777888800.3003323,-5.0,-7.0,-80.0
1777888800.3103323,-3.0,-12.0,-82.0
1777888800.3203323,-7.0,-9.0,-78.0
1777888800.3303325,-5.0,-10.0,-73.0
1777888800.3403325,-5.0,-11.0,-80.0
1777888800.3503325,-5.0,-9.0,-83.0
1777888800.3603325,-12.0,-11.0,-80.0
1777888800.3703325,-10.0,-7.0,-76.0
1777888800.3803325,-9.0,-11.0,-72.0
1777888800.3903325,-7.0,-10.0,-66.0
1777888800.4003325,-6.0,-8.0,-63.0
1777888800.4103324,-10.0,-6.0,-68.0
1777888800.4203324,-11.0,-2.0,-71.0
1777888800.4303324,-10.0,0.0,-74.0
1777888800.4403324,-6.0,0.0,-81.0
1777888800.4503324,-1.0,-5.0,-80.0
1777888800.4603324,-2.0,-6.0,-73.0
1777888800.4703324,-3.0,-6.0,-73.0
1777888800.4803324,-1.0,-4.0,-72.0
1777888800.4903324,0.0,-6.0,-71.0
1777888800.5003324,-2.0,-3.0,-74.0
1777888800.5103323,-1.0,-1.0,-69.0
1777888800.5203323,-2.0,0.0,-69.0
1777888800.5303323,3.0,0.0,-69.0
1777888800.5403323,5.0,3.0,-65.0
1777888800.5503323,4.0,4.0,-70.0
1777888800.5603323,-3.0,1.0,-76.0
1777888800.5703323,-4.0,0.0,-74.0
1777888800.5803325,-1.0,2.0,-72.0
1777888800.5903325,0.0,3.0,-72.0
1777888800.6003325,0.0,0.0,-73.0
1777888800.6103325,-3.0,-2.0,-75.0
1777888800.6203325,-3.0,0.0,-78.0
1777888800.6303325,-4.0,3.0,-79.0
1777888800.6403325,-6.0,0.0,-78.0
1777888800.6503325,-1.0,1.0,-77.0
1777888800.6603324,-3.0,3.0,-76.0
1777888800.6703324,-3.0,1.0,-72.0
1777888800.6803324,0.0,0.0,-76.0
1777888800.6903324,0.0,0.0,-78.0
1777888800.7003324,0.0,-2.0,-72.0
1777888800.7103324,0.0,-4.0,-76.0
1777888800.7203324,-1.0,-4.0,-79.0
1777888800.7303324,-3.0,-7.0,-81.0
1777888800.7403324,-7.0,-6.0,-83.0
1777888800.7503324,-1.0,-3.0,-73.0
1777888800.7613325,0.0,-6.0,-73.0
1777888800.7703323,-1.0,-6.0,-69.0
1777888800.7813325,-4.0,-3.0,-64.0
1777888800.7913325,-5.0,2.0,-69.0
1777888800.8013325,-2.0,4.0,-75.0
1777888800.8113325,0.0,3.0,-71.0
1777888800.8213325,0.0,3.0,-71.0
1777888800.8313324,0.0,1.0,-67.0
1777888800.8413324,1.0,-1.0,-69.0
1777888800.8513324,0.0,1.0,-71.0
1777888800.8613324,-2.0,-2.0,-68.0
1777888800.8713324,-1.0,-1.0,-67.0
1777888800.8813324,3.0,-2.0,-74.0
1777888800.8913324,3.0,-3.0,-70.0
1777888800.9013324,5.0,-5.0,-66.0
1777888800.9113324,2.0,-3.0,-68.0
1777888800.9213324,3.0,-1.0,-63.0
1777888800.9313323,1.0,-3.0,-66.0
1777888800.9413323,0.0,-2.0,-65.0
1777888800.9513323,-2.0,-1.0,-77.0
1777888800.9613323,-2.0,0.0,-78.0
1777888800.9713323,-2.0,1.0,-75.0
1777888800.9813323,2.0,0.0,-75.0
1777888800.9913323,2.0,-1.0,-76.0
1777888801.0013323,3.0,0.0,-81.0
1777888801.0113325,-2.0,-2.0,-77.0
1777888801.0213325,0.0,-2.0,-79.0
1777888801.0313325,-2.0,-1.0,-84.0
1777888801.0413325,0.0,2.0,-81.0
1777888801.0513325,0.0,-2.0,-82.0
1777888801.0613325,0.0,-1.0,-82.0
1777888801.0713325,-5.0,-4.0,-79.0
1777888801.0813324,-7.0,-1.0,-81.0
1777888801.0913324,-5.0,-2.0,-77.0
1777888801.1013324,-6.0,-3.0,-78.0
1777888801.1113324,-6.0,-4.0,-78.0
1777888801.1213324,-2.0,-7.0,-76.0
1777888801.1313324,3.0,-5.0,-74.0
1777888801.1413324,-2.0,-2.0,-68.0
1777888801.1513324,0.0,-2.0,-66.0
1777888801.1613324,-3.0,0.0,-64.0
1777888801.1713324,-5.0,-3.0,-70.0
1777888801.1813323,-4.0,-4.0,-76.0
1777888801.1913323,-3.0,-2.0,-79.0
1777888801.2013323,-2.0,0.0,-78.0
1777888801.2113323,0.0,-1.0,-73.0
1777888801.2213323,0.0,-3.0,-71.0
1777888801.2313323,0.0,-1.0,-65.0
1777888801.2413323,4.0,-3.0,-65.0
1777888801.2513323,4.0,0.0,-59.0
1777888801.2613325,3.0,1.0,-64.0
1777888801.2713325,4.0,-3.0,-72.0
1777888801.2813325,5.0,-4.0,-75.0
1777888801.2913325,3.0,-3.0,-73.0
1777888801.3013325,3.0,-5.0,-73.0
1777888801.3113325,2.0,-2.0,-76.0
1777888801.3213325,0.0,-2.0,-75.0
1777888801.3313324,3.0,1.0,-79.0
1777888801.3413324,3.0,2.0,-76.0
1777888801.3513324,2.0,3.0,-74.0
1777888801.3613324,3.0,1.0,-69.0
1777888801.3713324,8.0,4.0,-73.0
1777888801.3813324,9.0,6.0,-72.0
1777888801.3913324,8.0,6.0,-72.0
1777888801.4013324,9.0,3.0,-74.0
1777888801.4113324,9.0,0.0,-73.0
1777888801.4213324,6.0,2.0,-72.0
1777888801.4313323,0.0,6.0,-70.0
1777888801.4413323,0.0,4.0,-69.0
1777888801.4513323,3.0,-1.0,-73.0
1777888801.4613323,2.0,-2.0,-76.0
1777888801.4713323,0.0,1.0,-79.0
1777888801.4813323,0.0,0.0,-76.0
1777888801.4913323,3.0,0.0,-76.0
1777888801.5013323,1.0,-5.0,-74.0
1777888801.5113325,2.0,-8.0,-76.0
1777888801.5213325,1.0,-5.0,-75.0
1777888801.5313325,0.0,-3.0,-71.0
1777888801.5413325,2.0,-4.0,-68.0
1777888801.5513325,1.0,-3.0,-70.0
1777888801.5613325,2.0,-3.0,-70.0
1777888801.5713325,2.0,-2.0,-78.0
1777888801.5813324,3.0,-3.0,-81.0
1777888801.5913324,2.0,-3.0,-81.0
1777888801.6013324,0.0,-1.0,-74.0
1777888801.6113324,0.0,-1.0,-78.0
1777888801.6213324,-1.0,-3.0,-80.0
1777888801.6313324,-5.0,-4.0,-79.0
1777888801.6413324,-6.0,-4.0,-76.0
1777888801.6513324,-6.0,-6.0,-73.0
1777888801.6613324,-7.0,-4.0,-68.0
1777888801.6713324,-5.0,-3.0,-75.0
1777888801.6813323,-2.0,-6.0,-74.0
1777888801.6913323,0.0,-3.0,-70.0
1777888801.7013323,-5.0,-1.0,-74.0
1777888801.7113323,-1.0,-2.0,-75.0
1777888801.7213323,1.0,-7.0,-75.0
1777888801.7313323,-1.0,-9.0,-75.0
1777888801.7413323,-1.0,-10.0,-82.0
1777888801.7513323,-2.0,-8.0,-81.0
1777888801.7613325,-1.0,-5.0,-76.0
1777888801.7713325,0.0,-6.0,-78.0
1777888801.7813325,-5.0,-4.0,-79.0
1777888801.7913325,-6.0,-5.0,-82.0
1777888801.8013325,-6.0,-2.0,-89.0
1777888801.8113325,-1.0,-2.0,-84.0
1777888801.8213325,-1.0,-3.0,-81.0
1777888801.8313324,0.0,-4.0,-79.0
1777888801.8413324,-2.0,-1.0,-77.0
1777888801.8513324,-1.0,-2.0,-74.0
1777888801.8613324,-2.0,-3.0,-76.0
1777888801.8713324,2.0,-3.0,-74.0
1777888801.8813324,8.0,-1.0,-71.0
1777888801.8913324,8.0,-5.0,-73.0
1777888801.9013324,12.0,-5.0,-84.0
1777888801.9113324,15.0,-6.0,-89.0
1777888801.9213324,10.0,-7.0,-87.0
1777888801.9313323,5.0,-7.0,-83.0
1777888801.9413323,4.0,-4.0,-80.0
1777888801.9513323,6.0,-5.0,-83.0
1777888801.9613323,3.0,-1.0,-81.0
1777888801.9713323,2.0,3.0,-71.0
1777888801.9813323,0.0,3.0,-67.0
1777888801.9913323,-5.0,0.0,-70.0
1777888802.0013323,0.0,4.0,-69.0
1777888802.0113325,4.0,6.0,-69.0
1777888802.0213325,10.0,5.0,-71.0
1777888802.0313325,9.0,3.0,-72.0
1777888802.0413325,7.0,0.0,-66.0
1777888802.0513325,6.0,1.0,-73.0
1777888802.0613325,4.0,5.0,-81.0
1777888802.0713325,0.0,3.0,-75.0
1777888802.0813324,-2.0,4.0,-70.0
1777888802.0913324,1.0,4.0,-70.0
1777888802.1013324,1.0,4.0,-78.0
1777888802.1113324,4.0,6.0,-81.0
1777888802.1213324,8.0,4.0,-83.0
1777888802.1313324,5.0,4.0,-81.0
1777888802.1413324,3.0,4.0,-78.0
1777888802.1513324,3.0,0.0,-76.0
1777888802.1613324,3.0,-3.0,-83.0
1777888802.1713324,3.0,0.0,-83.0
1777888802.1813323,2.0,-1.0,-83.0
1777888802.1913323,2.0,-7.0,-82.0
1777888802.2013323,0.0,-4.0,-75.0
1777888802.2113323,1.0,0.0,-74.0
1777888802.2213323,0.0,-3.0,-76.0
1777888802.2313323,0.0,-3.0,-78.0
1777888802.2413323,3.0,-4.0,-81.0
1777888802.2513323,6.0,-7.0,-78.0
1777888802.2613325,2.0,-1.0,-86.0
1777888802.2713325,-1.0,0.0,-86.0
1777888802.2813325,1.0,-1.0,-84.0
1777888802.2913325,0.0,-5.0,-82.0
1777888802.3013325,0.0,-3.0,-76.0
1777888802.3113325,1.0,0.0,-71.0
1777888802.3213325,-1.0,0.0,-67.0
1777888802.3313324,0.0,-1.0,-66.0
1777888802.3413324,1.0,4.0,-75.0
1777888802.3513324,6.0,3.0,-77.0
1777888802.3613324,5.0,1.0,-79.0
1777888802.3713324,2.0,0.0,-81.0
1777888802.3813324,3.0,0.0,-77.0
1777888802.3913324,3.0,0.0,-76.0
1777888802.4013324,-2.0,-1.0,-76.0
1777888802.4113324,-2.0,-2.0,-80.0
1777888802.4213324,0.0,0.0,-79.0
1777888802.4313323,-7.0,2.0,-77.0
1777888802.4413323,-9.0,-1.0,-74.0
1777888802.4513323,-6.0,-2.0,-75.0
1777888802.4613323,-3.0,-5.0,-78.0
1777888802.4713323,-7.0,-3.0,-76.0
1777888802.4813323,-5.0,-1.0,-76.0
1777888802.4913323,-6.0,-2.0,-80.0
1777888802.5013323,-9.0,0.0,-79.0
1777888802.5113325,-6.0,4.0,-77.0
1777888802.5213325,-2.0,0.0,-75.0
1777888802.5313325,-1.0,-2.0,-75.0
1777888802.5413325,-1.0,-1.0,-76.0
1777888802.5513325,-2.0,-4.0,-73.0
1777888802.5613325,0.0,-7.0,-71.0
1777888802.5713325,-2.0,-2.0,-75.0
1777888802.5813324,-2.0,-3.0,-78.0
1777888802.5913324,0.0,-3.0,-75.0
1777888802.6013324,0.0,-3.0,-75.0
1777888802.6113324,-2.0,1.0,-76.0
1777888802.6213324,-2.0,2.0,-73.0
1777888802.6313324,1.0,-2.0,-70.0
1777888802.6413324,3.0,0.0,-72.0
1777888802.6513324,1.0,-1.0,-75.0
1777888802.6613324,1.0,-3.0,-82.0
1777888802.6713324,0.0,-4.0,-82.0
1777888802.6813323,1.0,0.0,-80.0
1777888802.6913323,3.0,5.0,-84.0
1777888802.7013323,3.0,7.0,-85.0
1777888802.7113323,1.0,2.0,-81.0
1777888802.7213323,5.0,1.0,-82.0
1777888802.7313323,11.0,0.0,-81.0
1777888802.7413323,12.0,0.0,-80.0
1777888802.7513323,9.0,1.0,-82.0
1777888802.7613325,2.0,2.0,-85.0
1777888802.7723324,3.0,3.0,-84.0
1777888802.7823324,4.0,5.0,-79.0
1777888802.7923324,4.0,4.0,-77.0
1777888802.8023324,4.0,1.0,-83.0
1777888802.8123324,4.0,0.0,-76.0
1777888802.8223324,6.0,1.0,-71.0
1777888802.8323324,9.0,4.0,-72.0
1777888802.8423324,9.0,5.0,-74.0
1777888802.8523324,2.0,3.0,-67.0
1777888802.8623323,-1.0,0.0,-67.0
1777888802.8723323,-5.0,0.0,-71.0
1777888802.8823323,-1.0,0.0,-65.0
1777888802.8923323,1.0,0.0,-72.0
1777888802.9023323,0.0,4.0,-68.0
1777888802.9123323,-5.0,2.0,-65.0
1777888802.9223323,-3.0,-2.0,-67.0
1777888802.9323325,3.0,-2.0,-71.0
1777888802.9423325,5.0,-2.0,-75.0
1777888802.9523325,5.0,-4.0,-75.0
1777888802.9623325,4.0,-3.0,-73.0
1777888802.9723325,3.0,-2.0,-73.0
1777888802.9823325,3.0,1.0,-78.0
1777888802.9923325,2.0,0.0,-77.0
1777888803.0023324,0.0,2.0,-72.0
1777888803.0123324,3.0,2.0,-70.0
1777888803.0223324,5.0,2.0,-74.0
1777888803.0323324,8.0,5.0,-76.0
1777888803.0423324,3.0,5.0,-73.0
1777888803.0523324,5.0,0.0,-73.0
1777888803.0623324,0.0,0.0,-70.0
1777888803.0723324,-1.0,-1.0,-71.0
1777888803.0823324,-2.0,0.0,-73.0
1777888803.0923324,-1.0,-1.0,-75.0
1777888803.1023324,0.0,2.0,-78.0
1777888803.1123323,2.0,3.0,-76.0
1777888803.1223323,0.0,0.0,-77.0
1777888803.1323323,0.0,-3.0,-80.0
1777888803.1423323,-1.0,-3.0,-79.0
1777888803.1523323,0.0,-2.0,-79.0
1777888803.1623323,2.0,-2.0,-72.0
1777888803.1723323,-2.0,0.0,-69.0
1777888803.1823325,0.0,-1.0,-72.0
1777888803.1923325,0.0,-1.0,-77.0
1777888803.2023325,4.0,2.0,-81.0
1777888803.2123325,5.0,7.0,-76.0
1777888803.2223325,4.0,7.0,-77.0
1777888803.2323325,7.0,3.0,-74.0
1777888803.2423325,6.0,2.0,-76.0
1777888803.2523324,5.0,-2.0,-71.0
1777888803.2623324,1.0,-5.0,-68.0
1777888803.2723324,-2.0,-8.0,-66.0
1777888803.2823324,-8.0,-7.0,-64.0
1777888803.2923324,-9.0,-6.0,-76.0
1777888803.3023324,-5.0,-7.0,-78.0
1777888803.3123324,0.0,-4.0,-76.0
1777888803.3223324,0.0,-5.0,-77.0
1777888803.3323324,4.0,-3.0,-76.0
1777888803.3423324,5.0,-1.0,-74.0
1777888803.3523324,2.0,-1.0,-73.0
1777888803.3623323,4.0,0.0,-74.0
1777888803.3723323,5.0,-2.0,-76.0
1777888803.3823323,8.0,-3.0,-78.0
1777888803.3923323,6.0,0.0,-78.0
1777888803.4023323,5.0,3.0,-79.0
1777888803.4123323,6.0,3.0,-85.0
1777888803.4223323,6.0,4.0,-88.0
1777888803.4323325,6.0,4.0,-86.0
1777888803.4423325,2.0,1.0,-84.0
1777888803.4523325,1.0,1.0,-86.0
1777888803.4623325,0.0,1.0,-83.0
1777888803.4723325,0.0,-1.0,-83.0
1777888803.4823325,0.0,-1.0,-81.0
1777888803.4923325,0.0,-3.0,-87.0
1777888803.5023324,-10.0,-5.0,-80.0
1777888803.5123324,-3.0,-10.0,-81.0
1777888803.5223324,-5.0,-8.0,-73.0
1777888803.5323324,-5.0,-5.0,-72.0
1777888803.5423324,-2.0,-4.0,-76.0
1777888803.5523324,6.0,0.0,-75.0
1777888803.5623324,5.0,-1.0,-70.0
1777888803.5723324,6.0,-2.0,-71.0
1777888803.5823324,8.0,0.0,-79.0
1777888803.5923324,4.0,-2.0,-81.0
1777888803.6023324,4.0,-3.0,-76.0
1777888803.6123323,0.0,-4.0,-72.0
1777888803.6223323,2.0,-4.0,-75.0
1777888803.6323323,1.0,-2.0,-82.0
1777888803.6423323,4.0,-5.0,-77.0
1777888803.6523323,0.0,-7.0,-82.0
1777888803.6623323,1.0,-12.0,-82.0
1777888803.6723323,2.0,-10.0,-77.0
1777888803.6823325,4.0,-8.0,-74.0
1777888803.6923325,7.0,-5.0,-78.0
1777888803.7023325,6.0,-4.0,-83.0
1777888803.7123325,8.0,-4.0,-83.0
1777888803.7223325,8.0,-2.0,-86.0
1777888803.7323325,9.0,0.0,-81.0
1777888803.7423325,4.0,0.0,-81.0
1777888803.7523324,0.0,0.0,-80.0
1777888803.7623324,-4.0,-1.0,-77.0
1777888803.7723324,-5.0,0.0,-80.0
1777888803.7823324,-3.0,1.0,-80.0
1777888803.7923324,-2.0,4.0,-77.0
1777888803.8023324,3.0,5.0,-74.0
1777888803.8123324,8.0,6.0,-77.0
1777888803.8223324,8.0,2.0,-74.0
1777888803.8323324,5.0,2.0,-67.0
1777888803.8423324,4.0,4.0,-68.0
1777888803.8523324,2.0,6.0,-75.0
1777888803.8623323,-1.0,2.0,-74.0
1777888803.8723323,2.0,0.0,-67.0
1777888803.8823323,0.0,0.0,-76.0
1777888803.8923323,0.0,1.0,-75.0
1777888803.9023323,0.0,-1.0,-71.0
1777888803.9123323,1.0,-2.0,-65.0
1777888803.9223323,0.0,-1.0,-66.0
1777888803.9323325,0.0,0.0,-71.0
1777888803.9423325,2.0,0.0,-71.0
1777888803.9523325,-1.0,-1.0,-71.0
1777888803.9623325,0.0,-2.0,-72.0
1777888803.9723325,-1.0,-4.0,-78.0
1777888803.9823325,-6.0,-6.0,-78.0
1777888803.9923325,-4.0,-5.0,-73.0
1777888804.0023324,-4.0,-4.0,-73.0
1777888804.0123324,-2.0,-3.0,-74.0
1777888804.0223324,-4.0,-2.0,-74.0
1777888804.0323324,-4.0,-1.0,-79.0
1777888804.0423324,2.0,0.0,-80.0
1777888804.0523324,9.0,-1.0,-80.0
1777888804.0623324,7.0,-5.0,-78.0
1777888804.0723324,6.0,-2.0,-76.0
1777888804.0823324,6.0,1.0,-77.0
1777888804.0923324,2.0,2.0,-79.0
1777888804.1023324,0.0,0.0,-74.0
1777888804.1123323,0.0,-4.0,-72.0
1777888804.1223323,0.0,-1.0,-74.0
1777888804.1323323,2.0,3.0,-78.0
1777888804.1423323,8.0,8.0,-78.0
1777888804.1523323,6.0,7.0,-78.0
1777888804.1623323,4.0,1.0,-70.0
1777888804.1723323,1.0,-1.0,-74.0
1777888804.1823325,4.0,0.0,-74.0
1777888804.1923325,1.0,0.0,-77.0
1777888804.2023325,2.0,-2.0,-78.0
1777888804.2123325,5.0,-1.0,-81.0
1777888804.2223325,6.0,0.0,-76.0
1777888804.2323325,9.0,3.0,-76.0
1777888804.2423325,0.0,4.0,-76.0
1777888804.2523324,0.0,-2.0,-72.0
1777888804.2623324,7.0,-1.0,-72.0
1777888804.2723324,11.0,2.0,-74.0
1777888804.2823324,9.0,3.0,-75.0
1777888804.2923324,14.0,2.0,-78.0
1777888804.3023324,11.0,-2.0,-72.0
1777888804.3123324,7.0,-8.0,-71.0
1777888804.3223324,3.0,-10.0,-72.0
1777888804.3323324,4.0,-11.0,-67.0
1777888804.3423324,7.0,-8.0,-71.0
1777888804.3523324,6.0,-10.0,-69.0
1777888804.3623323,5.0,-8.0,-73.0
1777888804.3723323,2.0,-8.0,-74.0
1777888804.3823323,0.0,-9.0,-76.0
1777888804.3923323,1.0,-9.0,-72.0
1777888804.4023323,0.0,-9.0,-69.0
1777888804.4123323,-9.0,-9.0,-72.0
1777888804.4223323,-13.0,-6.0,-79.0
1777888804.4323325,-6.0,-7.0,-81.0
1777888804.4423325,-5.0,-2.0,-78.0
1777888804.4523325,0.0,-2.0,-71.0
1777888804.4623325,0.0,-1.0,-73.0
1777888804.4723325,0.0,1.0,-74.0
1777888804.4823325,0.0,4.0,-79.0
1777888804.4923325,0.0,2.0,-85.0
1777888804.5023324,1.0,1.0,-83.0
1777888804.5123324,1.0,0.0,-80.0
1777888804.5223324,7.0,-2.0,-78.0
1777888804.5323324,9.0,-4.0,-72.0
1777888804.5423324,9.0,-5.0,-75.0
1777888804.5523324,8.0,-5.0,-74.0
1777888804.5623324,6.0,-4.0,-80.0
1777888804.5723324,11.0,-2.0,-68.0
1777888804.5823324,6.0,-3.0,-72.0
1777888804.5923324,3.0,-5.0,-78.0
1777888804.6023324,4.0,-4.0,-75.0
1777888804.6123323,3.0,-4.0,-81.0
1777888804.6223323,3.0,-3.0,-79.0
1777888804.6323323,7.0,-2.0,-83.0
1777888804.6423323,5.0,-4.0,-80.0
1777888804.6523323,5.0,-2.0,-79.0
1777888804.6623323,13.0,0.0,-70.0
1777888804.6723323,16.0,0.0,-73.0
1777888804.6823325,17.0,2.0,-82.0
1777888804.6923325,13.0,0.0,-92.0
1777888804.7023325,5.0,0.0,-88.0
1777888804.7123325,2.0,0.0,-87.0
1777888804.7233324,0.0,-1.0,-87.0
1777888804.7333324,0.0,-7.0,-79.0
1777888804.7423325,4.0,-4.0,-74.0
1777888804.7533324,4.0,-2.0,-73.0
1777888804.7633324,4.0,-6.0,-72.0
1777888804.7733324,8.0,-4.0,-79.0
1777888804.7833323,6.0,-4.0,-84.0
1777888804.7933323,4.0,-4.0,-79.0
1777888804.8033323,2.0,-3.0,-75.0
1777888804.8133323,0.0,-3.0,-78.0
1777888804.8233323,1.0,-4.0,-75.0
1777888804.8333323,5.0,-7.0,-79.0
1777888804.8433323,2.0,-3.0,-79.0
1777888804.8533323,4.0,2.0,-76.0
1777888804.8633325,4.0,6.0,-78.0
1777888804.8733325,6.0,4.0,-80.0
1777888804.8833325,2.0,6.0,-78.0
1777888804.8933325,1.0,6.0,-78.0
1777888804.9033325,0.0,3.0,-78.0
1777888804.9133325,-5.0,-1.0,-79.0
1777888804.9233325,-6.0,0.0,-75.0
1777888804.9333324,-7.0,-1.0,-68.0
1777888804.9433324,-7.0,-3.0,-78.0
1777888804.9533324,-3.0,-5.0,-83.0
1777888804.9633324,-2.0,-5.0,-76.0
1777888804.9733324,-3.0,-6.0,-68.0
1777888804.9833324,-4.0,-5.0,-73.0
1777888804.9933324,-5.0,-4.0,-75.0
1777888805.0033324,1.0,-4.0,-81.0
1777888805.0133324,3.0,-2.0,-78.0
1777888805.0233324,0.0,-2.0,-78.0
1777888805.0333323,2.0,2.0,-79.0
1777888805.0433323,6.0,-3.0,-81.0
1777888805.0533323,3.0,0.0,-76.0
1777888805.0633323,5.0,3.0,-78.0
1777888805.0733323,6.0,3.0,-80.0
1777888805.0833323,9.0,0.0,-77.0
1777888805.0933323,9.0,-2.0,-75.0
1777888805.1033323,9.0,0.0,-78.0
1777888805.1133325,4.0,-2.0,-78.0
1777888805.1233325,2.0,-2.0,-74.0
1777888805.1333325,1.0,0.0,-71.0
1777888805.1433325,4.0,2.0,-74.0
1777888805.1533325,6.0,-1.0,-63.0
1777888805.1633325,5.0,-2.0,-60.0
1777888805.1733325,2.0,-5.0,-66.0
1777888805.1833324,3.0,-5.0,-70.0
1777888805.1933324,2.0,-1.0,-69.0
1777888805.2033324,3.0,-3.0,-68.0
1777888805.2133324,1.0,-6.0,-69.0
1777888805.2233324,1.0,-6.0,-71.0
1777888805.2333324,3.0,-2.0,-71.0
1777888805.2433324,2.0,-1.0,-75.0
1777888805.2533324,4.0,3.0,-80.0
1777888805.2633324,3.0,8.0,-81.0
1777888805.2733324,1.0,6.0,-81.0
1777888805.2833323,2.0,5.0,-76.0
1777888805.2933323,7.0,2.0,-73.0
1777888805.3033323,7.0,1.0,-65.0
1777888805.3133323,12.0,0.0,-63.0
1777888805.3233323,9.0,-3.0,-66.0
1777888805.3333323,9.0,-5.0,-67.0
1777888805.3433323,4.0,-1.0,-66.0
1777888805.3533323,0.0,0.0,-72.0
1777888805.3633325,5.0,-3.0,-72.0
1777888805.3733325,4.0,-2.0,-77.0
1777888805.3833325,-1.0,-1.0,-76.0
1777888805.3933325,-1.0,3.0,-76.0
1777888805.4033325,1.0,5.0,-78.0
1777888805.4133325,2.0,3.0,-77.0
1777888805.4233325,0.0,1.0,-73.0
1777888805.4333324,-3.0,-1.0,-73.0
1777888805.4433324,-1.0,-1.0,-73.0
1777888805.4533324,-4.0,-2.0,-81.0
1777888805.4633324,-3.0,-3.0,-80.0
1777888805.4733324,-5.0,-1.0,-80.0
1777888805.4833324,-7.0,0.0,-80.0
1777888805.4933324,-8.0,2.0,-85.0
1777888805.5033324,-10.0,-1.0,-78.0
1777888805.5133324,-5.0,0.0,-78.0
1777888805.5233324,-3.0,-2.0,-76.0
1777888805.5333323,-1.0,0.0,-75.0
1777888805.5433323,3.0,1.0,-79.0
1777888805.5533323,3.0,-2.0,-78.0
1777888805.5633323,3.0,-1.0,-73.0
1777888805.5733323,4.0,-1.0,-72.0
1777888805.5833323,1.0,-1.0,-72.0
1777888805.5933323,0.0,-1.0,-72.0
1777888805.6033323,1.0,-2.0,-69.0
1777888805.6133325,1.0,-2.0,-65.0
1777888805.6233325,0.0,0.0,-68.0
1777888805.6333325,3.0,0.0,-68.0
1777888805.6433325,4.0,0.0,-69.0
1777888805.6533325,-1.0,-1.0,-65.0
1777888805.6633325,-2.0,-1.0,-64.0
1777888805.6733325,-2.0,-3.0,-63.0
1777888805.6833324,1.0,0.0,-69.0
1777888805.6933324,2.0,0.0,-66.0
1777888805.7033324,0.0,2.0,-68.0
1777888805.7133324,0.0,1.0,-75.0
1777888805.7233324,0.0,3.0,-74.0
1777888805.7333324,5.0,0.0,-78.0
1777888805.7433324,4.0,-1.0,-81.0
1777888805.7533324,6.0,-1.0,-81.0
1777888805.7633324,6.0,0.0,-79.0
1777888805.7733324,5.0,-3.0,-75.0
1777888805.7833323,9.0,0.0,-72.0
1777888805.7933323,11.0,1.0,-78.0
1777888805.8033323,7.0,2.0,-83.0
1777888805.8133323,3.0,0.0,-87.0
1777888805.8233323,-1.0,2.0,-88.0
1777888805.8333323,0.0,0.0,-87.0
1777888805.8433323,-2.0,3.0,-83.0
1777888805.8533323,0.0,5.0,-88.0
1777888805.8633325,2.0,1.0,-90.0
1777888805.8733325,3.0,3.0,-90.0
1777888805.8833325,2.0,1.0,-87.0
1777888805.8933325,7.0,1.0,-87.0
1777888805.9033325,9.0,0.0,-84.0
1777888805.9133325,5.0,0.0,-88.0
1777888805.9233325,3.0,0.0,-92.0
1777888805.9333324,-1.0,1.0,-90.0
1777888805.9433324,-2.0,3.0,-90.0
1777888805.9533324,-4.0,2.0,-87.0
1777888805.9633324,-4.0,0.0,-91.0
1777888805.9733324,-7.0,-1.0,-89.0
1777888805.9833324,-6.0,-1.0,-81.0
1777888805.9933324,-10.0,-4.0,-85.0
1777888806.0033324,-5.0,-7.0,-86.0
1777888806.0133324,-2.0,-5.0,-83.0
1777888806.0233324,-1.0,-9.0,-83.0
1777888806.0333323,2.0,-6.0,-78.0
1777888806.0433323,4.0,-4.0,-81.0
1777888806.0533323,5.0,0.0,-85.0
1777888806.0633323,1.0,8.0,-91.0
1777888806.0733323,-2.0,0.0,-93.0
1777888806.0833323,-4.0,-6.0,-89.0
1777888806.0933323,-2.0,-2.0,-87.0
1777888806.1033323,-6.0,-5.0,-84.0
1777888806.1133325,-7.0,-5.0,-82.0
1777888806.1233325,-3.0,-3.0,-77.0
1777888806.1333325,1.0,0.0,-79.0
1777888806.1433325,4.0,4.0,-76.0
1777888806.1533325,8.0,3.0,-72.0
1777888806.1633325,5.0,3.0,-71.0
1777888806.1733325,2.0,2.0,-72.0
1777888806.1833324,3.0,3.0,-78.0
1777888806.1933324,4.0,0.0,-78.0
1777888806.2033324,0.0,-1.0,-73.0
1777888806.2133324,1.0,0.0,-75.0
1777888806.2233324,0.0,-2.0,-76.0
1777888806.2333324,2.0,-2.0,-71.0
1777888806.2433324,7.0,-5.0,-71.0
1777888806.2533324,8.0,-2.0,-77.0
1777888806.2633324,9.0,-3.0,-84.0
1777888806.2733324,8.0,-2.0,-82.0
1777888806.2833323,3.0,0.0,-78.0
1777888806.2933323,2.0,2.0,-81.0
1777888806.3033323,1.0,0.0,-84.0
1777888806.3133323,-3.0,0.0,-80.0
1777888806.3233323,2.0,-1.0,-73.0
1777888806.3333323,5.0,-4.0,-79.0
1777888806.3433323,5.0,-7.0,-75.0
1777888806.3533323,11.0,-9.0,-82.0
1777888806.3633325,5.0,-6.0,-82.0
1777888806.3733325,11.0,-5.0,-80.0
1777888806.3833325,8.0,-7.0,-79.0
1777888806.3933325,12.0,-7.0,-75.0
1777888806.4033325,9.0,-4.0,-82.0
1777888806.4133325,8.0,2.0,-78.0
1777888806.4233325,4.0,0.0,-75.0
1777888806.4333324,1.0,0.0,-79.0
1777888806.4433324,2.0,0.0,-76.0
1777888806.4533324,4.0,4.0,-80.0
1777888806.4633324,4.0,0.0,-78.0
1777888806.4733324,3.0,-1.0,-69.0
1777888806.4833324,1.0,2.0,-79.0
1777888806.4933324,6.0,3.0,-79.0
1777888806.5033324,1.0,0.0,-84.0
1777888806.5133324,-1.0,0.0,-77.0
1777888806.5233324,-4.0,0.0,-73.0
1777888806.5333323,-2.0,0.0,-77.0
1777888806.5433323,0.0,0.0,-78.0
1777888806.5533323,2.0,3.0,-73.0
1777888806.5633323,1.0,-2.0,-67.0
1777888806.5733323,3.0,-1.0,-71.0
1777888806.5833323,0.0,0.0,-65.0
1777888806.5933323,0.0,0.0,-64.0
1777888806.6033323,0.0,0.0,-68.0
1777888806.6133325,-4.0,5.0,-74.0
1777888806.6233325,-3.0,4.0,-74.0
1777888806.6333325,-2.0,4.0,-75.0
1777888806.6433325,-3.0,0.0,-82.0
1777888806.6533325,-1.0,4.0,-80.0
1777888806.6633325,-4.0,4.0,-77.0
1777888806.6733325,0.0,0.0,-77.0
1777888806.6833324,-2.0,0.0,-76.0
1777888806.6933324,1.0,0.0,-73.0
1777888806.7033324,-2.0,-2.0,-69.0
1777888806.7133324,-3.0,-3.0,-65.0
1777888806.7243323,-4.0,-2.0,-78.0
1777888806.7343323,0.0,-3.0,-81.0
1777888806.7443323,-3.0,-3.0,-82.0
1777888806.7543323,-2.0,-4.0,-85.0
1777888806.7643323,-2.0,-7.0,-81.0
1777888806.7743323,0.0,-5.0,-78.0
1777888806.7843325,-1.0,-3.0,-76.0
1777888806.7943325,2.0,1.0,-71.0
1777888806.8043325,1.0,-1.0,-71.0
1777888806.8143325,0.0,-1.0,-73.0
1777888806.8243325,2.0,0.0,-71.0
1777888806.8343325,-2.0,0.0,-74.0
1777888806.8443325,0.0,0.0,-75.0
1777888806.8543324,2.0,0.0,-74.0
1777888806.8643324,2.0,0.0,-69.0
1777888806.8743324,0.0,0.0,-73.0
1777888806.8843324,-4.0,0.0,-75.0
1777888806.8943324,-3.0,2.0,-75.0
1777888806.9043324,-3.0,-2.0,-76.0
1777888806.9143324,-5.0,-4.0,-82.0
1777888806.9243324,0.0,-2.0,-84.0
1777888806.9343324,2.0,-1.0,-77.0
1777888806.9443324,0.0,1.0,-72.0
1777888806.9543324,-1.0,-1.0,-79.0
1777888806.9643323,2.0,-4.0,-76.0
1777888806.9743323,2.0,1.0,-74.0
1777888806.9843323,4.0,4.0,-81.0
1777888806.9943323,1.0,4.0,-83.0
1777888807.0043323,0.0,1.0,-81.0
1777888807.0143323,-2.0,2.0,-79.0
1777888807.0243323,-3.0,0.0,-73.0
1777888807.0343325,-3.0,-1.0,-76.0
1777888807.0443325,-3.0,2.0,-75.0
1777888807.0543325,-1.0,-1.0,-73.0
1777888807.0643325,0.0,-2.0,-82.0
1777888807.0743325,0.0,-2.0,-84.0
1777888807.0843325,2.0,-2.0,-83.0
1777888807.0943325,-2.0,-2.0,-77.0
1777888807.1043324,0.0,-4.0,-69.0
1777888807.1143324,8.0,-2.0,-66.0
1777888807.1243324,5.0,-2.0,-68.0
1777888807.1343324,4.0,-1.0,-70.0
1777888807.1443324,1.0,-2.0,-77.0
1777888807.1543324,3.0,-1.0,-79.0
1777888807.1643324,0.0,-1.0,-73.0
1777888807.1743324,0.0,0.0,-79.0
1777888807.1843324,0.0,0.0,-82.0
1777888807.1943324,-2.0,-3.0,-82.0
1777888807.2043324,-1.0,-1.0,-82.0
1777888807.2143323,-2.0,0.0,-82.0
1777888807.2243323,0.0,1.0,-76.0
1777888807.2343323,0.0,-1.0,-74.0
1777888807.2443323,-3.0,-1.0,-69.0
1777888807.2543323,-2.0,-3.0,-72.0
1777888807.2643323,0.0,-2.0,-75.0
1777888807.2743323,0.0,0.0,-78.0
1777888807.2843325,5.0,0.0,-88.0
1777888807.2943325,1.0,1.0,-84.0
1777888807.3043325,3.0,2.0,-80.0
1777888807.3143325,2.0,1.0,-76.0
1777888807.3243325,0.0,0.0,-72.0
1777888807.3343325,4.0,0.0,-77.0
1777888807.3443325,0.0,5.0,-72.0
1777888807.3543324,0.0,4.0,-71.0
1777888807.3643324,0.0,1.0,-70.0
1777888807.3743324,0.0,5.0,-74.0
1777888807.3843324,-2.0,3.0,-76.0
1777888807.3943324,0.0,1.0,-73.0
1777888807.4043324,0.0,0.0,-71.0
1777888807.4143324,-3.0,-1.0,-77.0
1777888807.4243324,-3.0,3.0,-75.0
1777888807.4343324,0.0,4.0,-73.0
1777888807.4443324,3.0,0.0,-76.0
1777888807.4543324,2.0,0.0,-77.0
1777888807.4643323,0.0,1.0,-79.0
1777888807.4743323,2.0,0.0,-83.0
1777888807.4843323,4.0,-1.0,-85.0
1777888807.4943323,1.0,0.0,-85.0
1777888807.5043323,0.0,3.0,-83.0
1777888807.5143323,1.0,1.0,-88.0
1777888807.5243323,5.0,0.0,-90.0
1777888807.5343325,8.0,1.0,-85.0
1777888807.5443325,4.0,0.0,-83.0
1777888807.5543325,4.0,-2.0,-82.0
1777888807.5643325,9.0,-1.0,-85.0
1777888807.5743325,7.0,-2.0,-82.0
1777888807.5843325,8.0,-4.0,-75.0
1777888807.5943325,6.0,-6.0,-77.0
1777888807.6043324,8.0,-4.0,-79.0
1777888807.6143324,9.0,-2.0,-82.0
1777888807.6243324,6.0,0.0,-84.0
1777888807.6343324,6.0,2.0,-84.0
1777888807.6443324,3.0,0.0,-80.0
1777888807.6543324,-1.0,-2.0,-72.0
1777888807.6643324,-5.0,-4.0,-69.0
1777888807.6743324,0.0,-2.0,-80.0
1777888807.6843324,1.0,-5.0,-78.0
1777888807.6943324,2.0,-3.0,-78.0
1777888807.7043324,2.0,-4.0,-79.0
1777888807.7143323,7.0,-2.0,-80.0
1777888807.7243323,11.0,0.0,-75.0
1777888807.7343323,11.0,-1.0,-73.0
1777888807.7443323,8.0,0.0,-75.0
1777888807.7543323,8.0,1.0,-83.0
1777888807.7643323,3.0,-1.0,-84.0
1777888807.7743323,5.0,-3.0,-83.0
1777888807.7843325,4.0,-1.0,-78.0
1777888807.7943325,0.0,0.0,-76.0
1777888807.8043325,-1.0,0.0,-79.0
1777888807.8143325,-4.0,1.0,-74.0
1777888807.8243325,-2.0,3.0,-74.0
1777888807.8343325,1.0,1.0,-81.0
1777888807.8443325,0.0,1.0,-86.0
1777888807.8543324,1.0,0.0,-82.0
1777888807.8643324,2.0,-1.0,-84.0
1777888807.8743324,3.0,-1.0,-83.0
1777888807.8843324,1.0,-2.0,-81.0
1777888807.8943324,-1.0,-3.0,-84.0
1777888807.9043324,0.0,0.0,-84.0
1777888807.9143324,3.0,2.0,-80.0
1777888807.9243324,0.0,0.0,-77.0
1777888807.9343324,-3.0,-1.0,-77.0
1777888807.9443324,0.0,0.0,-73.0
1777888807.9543324,5.0,-6.0,-76.0
1777888807.9643323,8.0,-5.0,-77.0
1777888807.9743323,7.0,-2.0,-78.0
1777888807.9843323,6.0,-2.0,-74.0
1777888807.9943323,6.0,-3.0,-75.0
1777888808.0043323,5.0,-3.0,-74.0
1777888808.0143323,7.0,-5.0,-69.0
1777888808.0243323,8.0,0.0,-67.0
1777888808.0343325,6.0,2.0,-64.0
1777888808.0443325,0.0,2.0,-63.0
1777888808.0543325,2.0,1.0,-69.0
1777888808.0643325,2.0,1.0,-75.0
1777888808.0743325,0.0,2.0,-75.0
1777888808.0843325,5.0,0.0,-77.0
1777888808.0943325,8.0,1.0,-74.0
1777888808.1043324,6.0,-1.0,-70.0
1777888808.1143324,8.0,-4.0,-72.0
1777888808.1243324,8.0,-5.0,-68.0
1777888808.1343324,6.0,-4.0,-67.0
1777888808.1443324,7.0,-4.0,-67.0
1777888808.1543324,4.0,-5.0,-64.0
1777888808.1643324,4.0,-1.0,-65.0
1777888808.1743324,6.0,-2.0,-65.0
1777888808.1843324,1.0,0.0,-63.0
1777888808.1943324,3.0,1.0,-67.0
1777888808.2043324,2.0,1.0,-67.0
1777888808.2143323,6.0,-5.0,-65.0
1777888808.2243323,6.0,-7.0,-65.0
1777888808.2343323,2.0,-9.0,-65.0
1777888808.2443323,0.0,-5.0,-76.0
1777888808.2543323,1.0,-5.0,-77.0
1777888808.2643323,2.0,-4.0,-75.0
1777888808.2743323,3.0,-4.0,-78.0
1777888808.2843325,1.0,-5.0,-76.0
1777888808.2943325,1.0,-5.0,-71.0
1777888808.3043325,4.0,-8.0,-75.0
1777888808.3143325,8.0,-7.0,-73.0
1777888808.3243325,6.0,-3.0,-79.0
1777888808.3343325,11.0,0.0,-76.0
1777888808.3443325,7.0,0.0,-79.0
1777888808.3543324,5.0,-1.0,-82.0
1777888808.3643324,2.0,1.0,-83.0
1777888808.3743324,0.0,0.0,-92.0
1777888808.3843324,-3.0,-1.0,-81.0
1777888808.3943324,-4.0,0.0,-76.0
1777888808.4043324,-6.0,-5.0,-83.0
1777888808.4143324,-5.0,-6.0,-88.0
1777888808.4243324,-3.0,-6.0,-81.0
1777888808.4343324,-7.0,-2.0,-83.0
1777888808.4443324,0.0,-3.0,-77.0
1777888808.4543324,1.0,0.0,-83.0
1777888808.4643323,5.0,2.0,-79.0
1777888808.4743323,3.0,2.0,-78.0
1777888808.4843323,1.0,4.0,-72.0
1777888808.4943323,0.0,0.0,-80.0
1777888808.5043323,0.0,3.0,-85.0
1777888808.5143323,0.0,6.0,-87.0
1777888808.5243323,0.0,6.0,-83.0
1777888808.5343325,-2.0,7.0,-88.0
1777888808.5443325,-2.0,5.0,-78.0
1777888808.5543325,-8.0,3.0,-73.0
1777888808.5643325,-9.0,1.0,-75.0
1777888808.5743325,0.0,1.0,-74.0
1777888808.5843325,1.0,5.0,-79.0
1777888808.5943325,0.0,3.0,-84.0
1777888808.6043324,-2.0,2.0,-84.0
1777888808.6143324,0.0,4.0,-87.0
1777888808.6243324,0.0,2.0,-86.0
1777888808.6343324,0.0,2.0,-73.0
1777888808.6443324,1.0,3.0,-77.0
1777888808.6543324,0.0,2.0,-80.0
1777888808.6643324,0.0,0.0,-80.0
1777888808.6743324,0.0,0.0,-80.0
1777888808.6843324,0.0,-2.0,-82.0
1777888808.6943324,4.0,-5.0,-83.0
1777888808.7043324,9.0,-4.0,-84.0
1777888808.7153325,9.0,-6.0,-87.0
1777888808.7253325,9.0,-1.0,-91.0
1777888808.7353325,11.0,-3.0,-98.0
1777888808.7453325,11.0,-1.0,-97.0
1777888808.7553325,10.0,0.0,-97.0
1777888808.7653325,10.0,0.0,-95.0
1777888808.7753325,11.0,4.0,-93.0
1777888808.7853324,12.0,5.0,-92.0
1777888808.7953324,14.0,1.0,-94.0
1777888808.8053324,18.0,3.0,-89.0
1777888808.8153324,12.0,3.0,-88.0
1777888808.8253324,10.0,1.0,-91.0
1777888808.8353324,11.0,2.0,-92.0
1777888808.8453324,14.0,0.0,-89.0
1777888808.8553324,13.0,2.0,-82.0
1777888808.8653324,8.0,0.0,-73.0
1777888808.8753324,6.0,1.0,-75.0
1777888808.8853323,3.0,0.0,-80.0
1777888808.8953323,-1.0,0.0,-77.0
1777888808.9053323,2.0,0.0,-73.0
1777888808.9153323,0.0,0.0,-72.0
1777888808.9253323,1.0,1.0,-74.0
1777888808.9353323,-2.0,0.0,-78.0
1777888808.9453323,-2.0,0.0,-82.0
1777888808.9553325,0.0,0.0,-83.0
1777888808.9653325,1.0,-7.0,-83.0
1777888808.9753325,0.0,-10.0,-85.0
1777888808.9853325,1.0,-8.0,-83.0
1777888808.9953325,-2.0,-5.0,-78.0
1777888809.0053325,-1.0,-7.0,-80.0
1777888809.0153325,0.0,-7.0,-77.0
1777888809.0253325,-2.0,-4.0,-77.0
1777888809.0353324,-2.0,-3.0,-72.0
1777888809.0453324,-2.0,-1.0,-75.0
1777888809.0553324,0.0,-2.0,-82.0
1777888809.0653324,0.0,-3.0,-81.0
1777888809.0753324,-2.0,-1.0,-82.0
1777888809.0853324,1.0,-4.0,-81.0
1777888809.0953324,-2.0,-4.0,-84.0
1777888809.1053324,-5.0,-3.0,-87.0
1777888809.1153324,-2.0,-1.0,-85.0
1777888809.1253324,-3.0,-4.0,-85.0
1777888809.1353323,-3.0,-5.0,-89.0
1777888809.1453323,-5.0,-3.0,-84.0
1777888809.1553323,-6.0,-1.0,-86.0
1777888809.1653323,-6.0,0.0,-84.0
1777888809.1753323,-4.0,1.0,-78.0
1777888809.1853323,-4.0,0.0,-83.0
1777888809.1953323,1.0,0.0,-83.0
1777888809.2053325,3.0,-2.0,-84.0
1777888809.2153325,-1.0,-2.0,-83.0
1777888809.2253325,-2.0,-5.0,-82.0
1777888809.2353325,3.0,-3.0,-85.0
1777888809.2453325,2.0,-1.0,-88.0
1777888809.2553325,0.0,0.0,-85.0
1777888809.2653325,-5.0,-3.0,-77.0
1777888809.2753325,-8.0,2.0,-75.0
1777888809.2853324,-7.0,5.0,-75.0
1777888809.2953324,0.0,3.0,-70.0
1777888809.3053324,-1.0,1.0,-72.0
1777888809.3153324,-4.0,4.0,-77.0
1777888809.3253324,-4.0,0.0,-80.0
1777888809.3353324,-3.0,0.0,-77.0
1777888809.3453324,1.0,-2.0,-78.0
1777888809.3553324,-1.0,-3.0,-78.0
1777888809.3653324,0.0,-1.0,-74.0
1777888809.3753324,-4.0,-1.0,-78.0
1777888809.3853323,-1.0,0.0,-75.0
1777888809.3953323,0.0,0.0,-72.0
1777888809.4053323,3.0,1.0,-72.0
1777888809.4153323,0.0,1.0,-75.0
1777888809.4253323,-2.0,1.0,-71.0
1777888809.4353323,-5.0,2.0,-69.0
1777888809.4453323,-7.0,1.0,-72.0
1777888809.4553325,-5.0,4.0,-78.0
1777888809.4653325,-6.0,2.0,-81.0
1777888809.4753325,-8.0,1.0,-78.0
1777888809.4853325,-6.0,1.0,-78.0
1777888809.4953325,-6.0,2.0,-82.0
1777888809.5053325,-6.0,4.0,-79.0
1777888809.5153325,-5.0,3.0,-77.0
1777888809.5253325,-5.0,1.0,-68.0
1777888809.5353324,-10.0,0.0,-64.0
1777888809.5453324,-4.0,-3.0,-68.0
1777888809.5553324,-3.0,-5.0,-71.0
1777888809.5653324,-4.0,-5.0,-69.0
1777888809.5753324,-4.0,0.0,-66.0
1777888809.5853324,-4.0,1.0,-67.0
1777888809.5953324,-2.0,-1.0,-67.0
1777888809.6053324,2.0,-2.0,-67.0
1777888809.6153324,3.0,0.0,-75.0
1777888809.6253324,1.0,1.0,-78.0
1777888809.6353323,0.0,2.0,-77.0
1777888809.6453323,5.0,0.0,-75.0
1777888809.6553323,7.0,1.0,-76.0
1777888809.6653323,5.0,-2.0,-80.0
1777888809.6753323,5.0,-5.0,-81.0
1777888809.6853323,1.0,-6.0,-80.0
1777888809.6953323,0.0,-6.0,-83.0
1777888809.7053325,-6.0,-5.0,-80.0
1777888809.7153325,-5.0,-8.0,-81.0
1777888809.7253325,0.0,-8.0,-73.0
1777888809.7353325,3.0,-8.0,-72.0
1777888809.7453325,5.0,-7.0,-78.0
1777888809.7553325,-2.0,-4.0,-76.0
1777888809.7653325,1.0,0.0,-69.0
1777888809.7753325,3.0,5.0,-71.0
1777888809.7853324,6.0,6.0,-73.0
1777888809.7953324,7.0,2.0,-80.0
1777888809.8053324,5.0,2.0,-76.0
1777888809.8153324,8.0,2.0,-69.0
1777888809.8253324,4.0,3.0,-75.0
1777888809.8353324,3.0,2.0,-80.0
1777888809.8453324,5.0,1.0,-79.0
1777888809.8553324,7.0,-2.0,-79.0
1777888809.8653324,11.0,-3.0,-81.0
1777888809.8753324,4.0,-1.0,-82.0
1777888809.8853323,2.0,-2.0,-87.0
1777888809.8953323,0.0,0.0,-89.0
1777888809.9053323,0.0,0.0,-82.0
1777888809.9153323,3.0,5.0,-75.0
1777888809.9253323,3.0,5.0,-71.0
1777888809.9353323,1.0,2.0,-69.0
1777888809.9453323,-1.0,1.0,-73.0
1777888809.9553325,0.0,0.0,-74.0
1777888809.9653325,-1.0,1.0,-76.0
1777888809.9753325,-1.0,0.0,-79.0
1777888809.9853325,1.0,0.0,-83.0
1777888809.9953325,4.0,1.0,-76.0
1777888810.0053325,7.0,0.0,-73.0
1777888810.0153325,4.0,1.0,-68.0
1777888810.0253325,1.0,0.0,-64.0
1777888810.0353324,0.0,1.0,-72.0
1777888810.0453324,-3.0,-3.0,-70.0
1777888810.0553324,-4.0,-2.0,-67.0
1777888810.0653324,3.0,-2.0,-72.0
1777888810.0753324,4.0,-3.0,-71.0
1777888810.0853324,-1.0,-2.0,-70.0
1777888810.0953324,-3.0,0.0,-74.0
1777888810.1053324,-1.0,2.0,-79.0
1777888810.1153324,0.0,0.0,-79.0
1777888810.1253324,0.0,-3.0,-85.0
1777888810.1353323,0.0,-4.0,-75.0
1777888810.1453323,-3.0,-5.0,-72.0
1777888810.1553323,-4.0,-3.0,-70.0
1777888810.1653323,-4.0,-3.0,-73.0
1777888810.1753323,-1.0,-3.0,-78.0
1777888810.1853323,-5.0,4.0,-77.0
1777888810.1953323,0.0,3.0,-80.0
1777888810.2053325,0.0,3.0,-74.0
1777888810.2153325,2.0,2.0,-75.0
1777888810.2253325,3.0,1.0,-66.0
1777888810.2353325,0.0,1.0,-68.0
1777888810.2453325,2.0,-2.0,-68.0
1777888810.2553325,6.0,-3.0,-72.0
1777888810.2653325,3.0,-2.0,-74.0
1777888810.2753325,-2.0,-2.0,-68.0
1777888810.2853324,0.0,-3.0,-73.0
1777888810.2953324,0.0,-5.0,-75.0
1777888810.3053324,-2.0,-3.0,-73.0
1777888810.3153324,0.0,-4.0,-74.0
1777888810.3253324,-1.0,-2.0,-80.0
1777888810.3353324,0.0,0.0,-83.0
1777888810.3453324,0.0,0.0,-88.0
1777888810.3553324,-1.0,1.0,-91.0
1777888810.3653324,0.0,2.0,-79.0
1777888810.3753324,1.0,5.0,-76.0
1777888810.3853323,0.0,4.0,-77.0
1777888810.3953323,5.0,3.0,-76.0
1777888810.4053323,1.0,0.0,-74.0
1777888810.4153323,0.0,-5.0,-70.0
1777888810.4253323,1.0,-6.0,-69.0
1777888810.4353323,0.0,-4.0,-62.0
1777888810.4453323,-3.0,-6.0,-66.0
1777888810.4553325,-1.0,-4.0,-68.0
1777888810.4653325,-1.0,-6.0,-69.0
1777888810.4753325,-4.0,-2.0,-74.0
1777888810.4853325,-4.0,-1.0,-76.0
1777888810.4953325,-7.0,-1.0,-73.0
1777888810.5053325,-5.0,-2.0,-73.0
1777888810.5153325,-2.0,-6.0,-72.0
1777888810.5253325,0.0,-1.0,-74.0
1777888810.5353324,0.0,-4.0,-73.0
1777888810.5453324,5.0,-6.0,-78.0
1777888810.5553324,6.0,-5.0,-68.0
1777888810.5653324,2.0,-5.0,-75.0
1777888810.5753324,5.0,-3.0,-74.0
1777888810.5853324,3.0,0.0,-77.0
1777888810.5953324,3.0,-3.0,-73.0
1777888810.6053324,-2.0,-3.0,-75.0
1777888810.6153324,-2.0,-1.0,-79.0
1777888810.6253324,-3.0,-2.0,-76.0
1777888810.6353323,-3.0,-2.0,-83.0
1777888810.6453323,-1.0,-5.0,-82.0
1777888810.6553323,0.0,-2.0,-80.0
1777888810.6653323,-3.0,-2.0,-78.0
1777888810.6753323,-1.0,0.0,-82.0
1777888810.6863325,-2.0,0.0,-86.0
1777888810.6953323,-6.0,0.0,-89.0
1777888810.7063324,-2.0,1.0,-86.0
1777888810.7163324,-5.0,2.0,-86.0
1777888810.7263324,-3.0,-1.0,-75.0
1777888810.7363324,-4.0,-4.0,-71.0
1777888810.7463324,-7.0,-5.0,-70.0
1777888810.7563324,-7.0,-4.0,-74.0
1777888810.7663324,-4.0,-3.0,-73.0
1777888810.7763324,-2.0,-4.0,-79.0
1777888810.7863324,0.0,-6.0,-81.0
1777888810.7963324,0.0,-5.0,-80.0
1777888810.8063323,-1.0,-1.0,-85.0
1777888810.8163323,-4.0,-4.0,-86.0
1777888810.8263323,-2.0,-5.0,-86.0
1777888810.8363323,-6.0,-6.0,-83.0
1777888810.8463323,-1.0,-3.0,-83.0
1777888810.8563323,-4.0,-3.0,-78.0
1777888810.8663323,-1.0,-2.0,-83.0
1777888810.8763323,1.0,1.0,-79.0
1777888810.8863325,-3.0,3.0,-84.0
1777888810.8963325,-1.0,4.0,-86.0
1777888810.9063325,-3.0,2.0,-81.0
1777888810.9163325,-1.0,5.0,-84.0
1777888810.9263325,-2.0,6.0,-82.0
1777888810.9363325,1.0,5.0,-85.0
1777888810.9463325,1.0,6.0,-85.0
1777888810.9563324,2.0,7.0,-87.0
1777888810.9663324,7.0,2.0,-81.0
1777888810.9763324,9.0,2.0,-77.0
1777888810.9863324,13.0,0.0,-82.0
1777888810.9963324,13.0,-2.0,-78.0
1777888811.0063324,8.0,0.0,-77.0
1777888811.0163324,6.0,-3.0,-79.0
1777888811.0263324,3.0,-3.0,-82.0
1777888811.0363324,2.0,-6.0,-81.0
1777888811.0463324,7.0,0.0,-78.0
1777888811.0563323,3.0,0.0,-80.0
1777888811.0663323,-1.0,0.0,-80.0
1777888811.0763323,1.0,-1.0,-75.0
1777888811.0863323,-1.0,-2.0,-78.0
1777888811.0963323,1.0,-2.0,-76.0
1777888811.1063323,0.0,0.0,-74.0
1777888811.1163323,2.0,-4.0,-75.0
1777888811.1263323,0.0,-1.0,-69.0
1777888811.1363325,0.0,0.0,-67.0
1777888811.1463325,1.0,0.0,-68.0
1777888811.1563325,-3.0,0.0,-70.0
1777888811.1663325,-1.0,0.0,-80.0
1777888811.1763325,0.0,-1.0,-81.0
1777888811.1863325,1.0,1.0,-78.0
1777888811.1963325,3.0,1.0,-78.0
1777888811.2063324,2.0,0.0,-75.0
1777888811.2163324,4.0,-3.0,-77.0
1777888811.2263324,2.0,-5.0,-75.0
1777888811.2363324,0.0,-9.0,-70.0
1777888811.2463324,-3.0,-7.0,-63.0
1777888811.2563324,-3.0,-9.0,-65.0
1777888811.2663324,-6.0,-10.0,-70.0
1777888811.2763324,-5.0,-8.0,-71.0
1777888811.2863324,-7.0,-5.0,-71.0
1777888811.2963324,-5.0,-2.0,-78.0
1777888811.3063323,-3.0,-2.0,-80.0
1777888811.3163323,-5.0,-1.0,-74.0
1777888811.3263323,-1.0,-2.0,-73.0
1777888811.3363323,-1.0,-6.0,-77.0
1777888811.3463323,1.0,-7.0,-75.0
1777888811.3563323,0.0,-5.0,-72.0
1777888811.3663323,2.0,-4.0,-73.0
1777888811.3763323,5.0,-7.0,-80.0
1777888811.3863325,9.0,-7.0,-81.0
1777888811.3963325,4.0,-7.0,-81.0
1777888811.4063325,-1.0,-8.0,-80.0
1777888811.4163325,-3.0,-5.0,-86.0
1777888811.4263325,-2.0,-3.0,-86.0
1777888811.4363325,2.0,-1.0,-83.0
1777888811.4463325,5.0,-2.0,-84.0
1777888811.4563324,3.0,-7.0,-81.0
1777888811.4663324,2.0,-10.0,-81.0
1777888811.4763324,0.0,-6.0,-78.0
1777888811.4863324,2.0,-2.0,-74.0
1777888811.4963324,3.0,-2.0,-76.0
1777888811.5063324,8.0,1.0,-77.0
1777888811.5163324,8.0,3.0,-72.0
1777888811.5263324,5.0,2.0,-73.0
1777888811.5363324,3.0,4.0,-69.0
1777888811.5463324,1.0,2.0,-65.0
1777888811.5563323,-2.0,2.0,-63.0
1777888811.5663323,1.0,3.0,-64.0
1777888811.5763323,4.0,1.0,-65.0
1777888811.5863323,4.0,0.0,-69.0
1777888811.5963323,3.0,0.0,-75.0
1777888811.6063323,2.0,1.0,-78.0
1777888811.6163323,0.0,-3.0,-77.0
1777888811.6263323,0.0,-3.0,-78.0
1777888811.6363325,-3.0,-2.0,-73.0
1777888811.6463325,-1.0,0.0,-75.0
1777888811.6563325,-1.0,-2.0,-74.0
1777888811.6663325,0.0,0.0,-77.0
1777888811.6763325,-1.0,3.0,-73.0
1777888811.6863325,-2.0,1.0,-74.0
1777888811.6963325,0.0,2.0,-70.0
1777888811.7063324,-5.0,0.0,-65.0
1777888811.7163324,-9.0,-1.0,-63.0
1777888811.7263324,-5.0,-2.0,-66.0
1777888811.7363324,-6.0,-4.0,-67.0
1777888811.7463324,-6.0,-3.0,-71.0
1777888811.7563324,-1.0,-2.0,-73.0
1777888811.7663324,1.0,-3.0,-74.0
1777888811.7763324,2.0,-3.0,-73.0
1777888811.7863324,2.0,-1.0,-79.0
1777888811.7963324,5.0,-4.0,-82.0
1777888811.8063323,11.0,-4.0,-81.0
1777888811.8163323,7.0,-4.0,-73.0
1777888811.8263323,10.0,-4.0,-75.0
1777888811.8363323,4.0,-4.0,-74.0
1777888811.8463323,0.0,-3.0,-72.0
1777888811.8563323,1.0,0.0,-82.0
1777888811.8663323,4.0,-3.0,-82.0
1777888811.8763323,3.0,-7.0,-83.0
1777888811.8863325,0.0,-7.0,-84.0
1777888811.8963325,-2.0,-4.0,-79.0
1777888811.9063325,-4.0,-3.0,-82.0
1777888811.9163325,-2.0,-3.0,-79.0
1777888811.9263325,1.0,0.0,-82.0
1777888811.9363325,6.0,2.0,-78.0
1777888811.9463325,9.0,0.0,-77.0
1777888811.9563324,4.0,0.0,-79.0
1777888811.9663324,6.0,0.0,-78.0
1777888811.9763324,5.0,-1.0,-69.0
1777888811.9863324,9.0,-2.0,-67.0
1777888811.9963324,9.0,-3.0,-67.0
1777888812.0063324,11.0,0.0,-69.0
1777888812.0163324,8.0,1.0,-69.0
1777888812.0263324,9.0,6.0,-69.0
1777888812.0363324,8.0,4.0,-73.0
1777888812.0463324,5.0,1.0,-65.0
1777888812.0563323,5.0,0.0,-66.0
1777888812.0663323,3.0,5.0,-69.0
1777888812.0763323,2.0,3.0,-71.0
1777888812.0863323,2.0,0.0,-76.0
1777888812.0963323,5.0,1.0,-77.0
1777888812.1063323,7.0,2.0,-75.0
1777888812.1163323,2.0,4.0,-73.0
1777888812.1263323,1.0,0.0,-78.0
1777888812.1363325,6.0,1.0,-74.0
1777888812.1463325,5.0,2.0,-74.0
1777888812.1563325,7.0,3.0,-75.0
1777888812.1663325,7.0,0.0,-77.0
1777888812.1763325,6.0,-1.0,-75.0
1777888812.1863325,2.0,0.0,-73.0
1777888812.1963325,3.0,-3.0,-77.0
1777888812.2063324,2.0,0.0,-79.0
1777888812.2163324,5.0,1.0,-72.0
1777888812.2263324,6.0,0.0,-74.0
1777888812.2363324,4.0,0.0,-70.0
1777888812.2463324,0.0,-2.0,-70.0
1777888812.2563324,0.0,-3.0,-78.0
1777888812.2663324,0.0,-2.0,-79.0
1777888812.2763324,0.0,-3.0,-75.0
1777888812.2863324,0.0,-6.0,-71.0
1777888812.2963324,2.0,-3.0,-75.0
1777888812.3063323,3.0,-5.0,-74.0
1777888812.3163323,1.0,-3.0,-69.0
1777888812.3263323,4.0,-4.0,-73.0
1777888812.3363323,4.0,-4.0,-68.0
1777888812.3463323,2.0,-3.0,-72.0
1777888812.3563323,6.0,-2.0,-76.0
1777888812.3663323,0.0,3.0,-80.0
1777888812.3763323,-4.0,1.0,-86.0
1777888812.3863325,-6.0,4.0,-84.0
1777888812.3963325,-7.0,3.0,-77.0
1777888812.4063325,-4.0,1.0,-74.0
1777888812.4163325,0.0,-3.0,-69.0
1777888812.4263325,1.0,-1.0,-67.0
1777888812.4363325,0.0,-1.0,-74.0
1777888812.4463325,1.0,0.0,-71.0
1777888812.4563324,2.0,0.0,-70.0
1777888812.4663324,0.0,0.0,-68.0
1777888812.4763324,0.0,0.0,-73.0
1777888812.4863324,5.0,0.0,-75.0
1777888812.4963324,3.0,-2.0,-76.0
1777888812.5063324,0.0,-3.0,-75.0
1777888812.5163324,0.0,0.0,-70.0
1777888812.5263324,-2.0,0.0,-72.0
1777888812.5363324,-6.0,1.0,-71.0
1777888812.5463324,-3.0,1.0,-69.0
1777888812.5563323,0.0,1.0,-68.0
1777888812.5663323,3.0,2.0,-68.0
1777888812.5763323,1.0,1.0,-63.0
1777888812.5863323,-4.0,0.0,-69.0
1777888812.5963323,-9.0,-2.0,-76.0
1777888812.6073325,-4.0,-3.0,-77.0
1777888812.6163323,-5.0,-4.0,-78.0
1777888812.6273324,-6.0,-2.0,-81.0
1777888812.6363325,-6.0,-2.0,-86.0
1777888812.6473324,-6.0,-2.0,-85.0
1777888812.6563325,-2.0,-1.0,-81.0
1777888812.6673324,-1.0,-5.0,-77.0
1777888812.6773324,-2.0,-3.0,-75.0
1777888812.6873324,-5.0,-6.0,-74.0
1777888812.6973324,-3.0,-4.0,-78.0
1777888812.7073324,0.0,-4.0,-85.0
1777888812.7173324,-2.0,-3.0,-78.0
1777888812.7273324,0.0,-2.0,-77.0
1777888812.7373323,1.0,0.0,-84.0
1777888812.7473323,0.0,0.0,-86.0
1777888812.7573323,5.0,-2.0,-81.0
1777888812.7673323,6.0,-2.0,-82.0
1777888812.7773323,3.0,0.0,-82.0
1777888812.7873323,1.0,0.0,-78.0
1777888812.7973323,2.0,3.0,-74.0
1777888812.8073325,-1.0,-1.0,-70.0
1777888812.8173325,1.0,0.0,-70.0
1777888812.8273325,-1.0,3.0,-65.0
1777888812.8373325,-3.0,4.0,-64.0
1777888812.8473325,-3.0,2.0,-70.0
1777888812.8573325,3.0,-4.0,-77.0
1777888812.8673325,7.0,-4.0,-69.0
1777888812.8773324,6.0,-3.0,-70.0
1777888812.8873324,6.0,-3.0,-70.0
1777888812.8973324,3.0,-3.0,-68.0
1777888812.9073324,1.0,-4.0,-75.0
1777888812.9173324,0.0,-3.0,-82.0
1777888812.9273324,0.0,0.0,-85.0
1777888812.9373324,-2.0,0.0,-79.0
1777888812.9473324,-3.0,-3.0,-78.0
1777888812.9573324,-1.0,-3.0,-69.0
1777888812.9673324,-4.0,-2.0,-68.0
1777888812.9773324,-1.0,0.0,-69.0
1777888812.9873323,1.0,2.0,-66.0
1777888812.9973323,5.0,3.0,-68.0
1777888813.0073323,5.0,4.0,-60.0
1777888813.0173323,3.0,0.0,-54.0
1777888813.0273323,7.0,-4.0,-45.0
1777888813.0373323,7.0,0.0,-52.0
1777888813.0473323,10.0,0.0,-62.0
1777888813.0573325,10.0,-1.0,-62.0
1777888813.0673325,9.0,1.0,-67.0
1777888813.0773325,7.0,0.0,-70.0
1777888813.0873325,2.0,1.0,-68.0
1777888813.0973325,4.0,0.0,-70.0
1777888813.1073325,4.0,1.0,-74.0
1777888813.1173325,4.0,0.0,-69.0
1777888813.1273324,2.0,-2.0,-71.0
1777888813.1373324,-2.0,-6.0,-76.0
1777888813.1473324,-1.0,-3.0,-82.0
1777888813.1573324,-1.0,-4.0,-75.0
1777888813.1673324,0.0,-3.0,-73.0
1777888813.1773324,2.0,-5.0,-71.0
1777888813.1873324,4.0,-6.0,-74.0
1777888813.1973324,2.0,-6.0,-77.0
1777888813.2073324,2.0,-8.0,-80.0
1777888813.2173324,0.0,-6.0,-82.0
1777888813.2273324,2.0,-5.0,-82.0
1777888813.2373323,2.0,-2.0,-77.0
1777888813.2473323,3.0,-4.0,-75.0
1777888813.2573323,2.0,0.0,-79.0
1777888813.2673323,5.0,0.0,-78.0
1777888813.2773323,6.0,-1.0,-82.0
1777888813.2873323,6.0,-2.0,-82.0
1777888813.2973323,8.0,-2.0,-90.0
1777888813.3073325,8.0,0.0,-88.0
1777888813.3173325,6.0,1.0,-85.0
1777888813.3273325,7.0,1.0,-80.0
1777888813.3373325,10.0,4.0,-75.0
1777888813.3473325,7.0,3.0,-71.0
1777888813.3573325,1.0,0.0,-77.0
1777888813.3673325,1.0,-2.0,-76.0
1777888813.3773324,5.0,-3.0,-73.0
1777888813.3873324,6.0,-1.0,-77.0
1777888813.3973324,3.0,-2.0,-77.0
1777888813.4073324,3.0,-2.0,-70.0
1777888813.4173324,0.0,0.0,-71.0
1777888813.4273324,0.0,-1.0,-72.0
1777888813.4373324,0.0,1.0,-78.0
1777888813.4473324,-1.0,0.0,-75.0
1777888813.4573324,1.0,-1.0,-78.0
1777888813.4673324,7.0,1.0,-80.0
1777888813.4773324,7.0,4.0,-76.0
1777888813.4873323,6.0,2.0,-84.0
1777888813.4973323,6.0,-1.0,-88.0
1777888813.5073323,8.0,0.0,-83.0
1777888813.5173323,10.0,-1.0,-80.0
1777888813.5273323,12.0,1.0,-80.0
1777888813.5373323,10.0,-1.0,-78.0
1777888813.5473323,7.0,0.0,-78.0
1777888813.5573325,6.0,-1.0,-80.0
1777888813.5673325,12.0,1.0,-80.0
1777888813.5773325,8.0,3.0,-74.0
1777888813.5873325,5.0,3.0,-68.0
1777888813.5973325,5.0,0.0,-62.0
1777888813.6073325,2.0,2.0,-65.0
1777888813.6173325,4.0,6.0,-75.0
1777888813.6273324,3.0,7.0,-75.0
1777888813.6373324,0.0,4.0,-75.0
1777888813.6473324,-4.0,1.0,-75.0
1777888813.6573324,-7.0,0.0,-79.0
1777888813.6673324,-3.0,-1.0,-83.0
1777888813.6773324,-5.0,0.0,-82.0
1777888813.6873324,-2.0,2.0,-75.0
1777888813.6973324,1.0,2.0,-72.0
1777888813.7073324,-1.0,-4.0,-78.0
1777888813.7173324,-2.0,-7.0,-81.0
1777888813.7273324,-8.0,-6.0,-78.0
1777888813.7373323,-6.0,-3.0,-80.0
1777888813.7473323,0.0,-5.0,-77.0
1777888813.7573323,5.0,-4.0,-75.0
1777888813.7673323,0.0,0.0,-71.0
1777888813.7773323,2.0,2.0,-77.0
1777888813.7873323,2.0,1.0,-80.0
1777888813.7973323,3.0,2.0,-77.0
1777888813.8073325,3.0,0.0,-74.0
1777888813.8173325,-2.0,0.0,-76.0
1777888813.8273325,0.0,-5.0,-75.0
1777888813.8373325,3.0,-5.0,-74.0
1777888813.8473325,2.0,-3.0,-78.0
1777888813.8573325,1.0,-4.0,-78.0
1777888813.8673325,3.0,-4.0,-83.0
1777888813.8773324,0.0,0.0,-81.0
1777888813.8873324,2.0,1.0,-76.0
1777888813.8973324,0.0,0.0,-72.0
1777888813.9073324,-5.0,6.0,-78.0
1777888813.9173324,-4.0,5.0,-82.0
1777888813.9273324,-4.0,3.0,-83.0
1777888813.9373324,-2.0,-1.0,-81.0
1777888813.9473324,1.0,1.0,-76.0
1777888813.9573324,3.0,-2.0,-84.0
1777888813.9673324,1.0,-2.0,-83.0
1777888813.9773324,0.0,-3.0,-83.0
1777888813.9873323,1.0,-4.0,-88.0
1777888813.9973323,0.0,-10.0,-89.0
1777888814.0073323,-1.0,-4.0,-82.0
1777888814.0173323,1.0,-2.0,-74.0
1777888814.0273323,3.0,0.0,-73.0
1777888814.0373323,3.0,3.0,-64.0
1777888814.0473323,3.0,1.0,-61.0
1777888814.0573325,6.0,0.0,-56.0
1777888814.0673325,1.0,2.0,-54.0
1777888814.0773325,6.0,0.0,-60.0
1777888814.0873325,9.0,1.0,-76.0
1777888814.0973325,11.0,0.0,-77.0
1777888814.1073325,8.0,0.0,-72.0
1777888814.1173325,4.0,0.0,-74.0
1777888814.1273324,2.0,1.0,-75.0
1777888814.1373324,-2.0,0.0,-76.0
1777888814.1473324,0.0,0.0,-72.0
1777888814.1573324,1.0,0.0,-74.0
1777888814.1673324,-1.0,-2.0,-71.0
1777888814.1773324,0.0,0.0,-68.0
1777888814.1873324,0.0,0.0,-72.0
1777888814.1973324,1.0,-2.0,-69.0
1777888814.2073324,5.0,0.0,-71.0
1777888814.2173324,0.0,0.0,-72.0
1777888814.2273324,-2.0,-2.0,-73.0
1777888814.2373323,-3.0,-1.0,-79.0
1777888814.2473323,-4.0,-3.0,-75.0
1777888814.2573323,-2.0,-4.0,-74.0
1777888814.2673323,0.0,-3.0,-84.0
1777888814.2773323,2.0,-1.0,-83.0
1777888814.2873323,3.0,0.0,-86.0
1777888814.2973323,3.0,-4.0,-90.0
1777888814.3073325,-2.0,-4.0,-86.0
1777888814.3173325,-1.0,-2.0,-81.0
1777888814.3273325,-1.0,-6.0,-78.0
1777888814.3373325,0.0,-9.0,-77.0
1777888814.3473325,3.0,-10.0,-82.0
1777888814.3573325,5.0,-6.0,-77.0
1777888814.3673325,7.0,-4.0,-72.0
1777888814.3773324,7.0,-4.0,-71.0
1777888814.3873324,8.0,0.0,-73.0
1777888814.3973324,9.0,0.0,-72.0
1777888814.4073324,4.0,1.0,-67.0
1777888814.4173324,3.0,1.0,-72.0
1777888814.4273324,2.0,-1.0,-76.0
1777888814.4373324,1.0,-4.0,-79.0
1777888814.4473324,2.0,-7.0,-77.0
1777888814.4573324,0.0,-6.0,-70.0
1777888814.4673324,0.0,-5.0,-69.0
1777888814.4773324,4.0,-1.0,-67.0
1777888814.4873323,0.0,-3.0,-63.0
1777888814.4973323,0.0,-3.0,-67.0
1777888814.5073323,2.0,-2.0,-67.0
1777888814.5173323,2.0,-4.0,-70.0
1777888814.5273323,4.0,-4.0,-75.0
1777888814.5373323,3.0,-6.0,-73.0
1777888814.5473323,6.0,-2.0,-68.0
1777888814.5573325,5.0,0.0,-66.0
1777888814.5673325,8.0,-2.0,-65.0
1777888814.5773325,8.0,-2.0,-66.0
1777888814.5873325,7.0,0.0,-57.0
1777888814.5973325,4.0,0.0,-57.0
1777888814.6073325,3.0,-1.0,-65.0
1777888814.6173325,3.0,-2.0,-69.0
1777888814.6273324,2.0,-1.0,-71.0
1777888814.6373324,4.0,-1.0,-66.0
1777888814.6473324,3.0,2.0,-73.0
1777888814.6583323,1.0,3.0,-71.0
1777888814.6683323,3.0,3.0,-70.0
1777888814.6783323,4.0,3.0,-73.0
1777888814.6883323,4.0,0.0,-76.0
1777888814.6983323,0.0,-1.0,-80.0
1777888814.7083323,0.0,0.0,-82.0
1777888814.7183323,-4.0,0.0,-84.0
1777888814.7283323,0.0,2.0,-82.0
1777888814.7383325,0.0,2.0,-75.0
1777888814.7483325,0.0,2.0,-83.0
1777888814.7583325,1.0,1.0,-84.0
1777888814.7683325,-1.0,2.0,-79.0
1777888814.7783325,0.0,1.0,-81.0
1777888814.7883325,-4.0,-2.0,-84.0
1777888814.7983325,-8.0,-5.0,-85.0
1777888814.8083324,-8.0,-7.0,-81.0
1777888814.8183324,-8.0,-4.0,-79.0
1777888814.8283324,-6.0,-8.0,-74.0
1777888814.8383324,0.0,-10.0,-73.0
1777888814.8483324,-3.0,-11.0,-76.0
1777888814.8583324,-5.0,-7.0,-80.0
1777888814.8683324,-8.0,-2.0,-83.0
1777888814.8783324,-6.0,0.0,-77.0
1777888814.8883324,-2.0,-3.0,-80.0
1777888814.8983324,-1.0,-5.0,-78.0
1777888814.9083323,-1.0,-2.0,-79.0
1777888814.9183323,-1.0,-6.0,-79.0
1777888814.9283323,1.0,-2.0,-76.0
1777888814.9383323,0.0,-1.0,-75.0
1777888814.9483323,-2.0,-5.0,-76.0
1777888814.9583323,-1.0,-5.0,-70.0
1777888814.9683323,-5.0,-4.0,-67.0
1777888814.9783323,0.0,1.0,-65.0
1777888814.9883325,-4.0,1.0,-63.0
1777888814.9983325,-8.0,0.0,-70.0
1777888815.0083325,-1.0,0.0,-70.0
1777888815.0183325,-2.0,-3.0,-78.0
1777888815.0283325,4.0,-2.0,-72.0
1777888815.0383325,6.0,-8.0,-65.0
1777888815.0483325,5.0,-5.0,-73.0
1777888815.0583324,1.0,-3.0,-76.0
1777888815.0683324,0.0,-1.0,-79.0
1777888815.0783324,1.0,-7.0,-81.0
1777888815.0883324,0.0,-8.0,-75.0
1777888815.0983324,0.0,-3.0,-73.0
1777888815.1083324,1.0,-2.0,-63.0
1777888815.1183324,0.0,-2.0,-65.0
1777888815.1283324,-2.0,2.0,-73.0
1777888815.1383324,-5.0,1.0,-73.0
1777888815.1483324,-3.0,-1.0,-67.0
1777888815.1583323,-3.0,-2.0,-70.0
1777888815.1683323,0.0,-1.0,-76.0
1777888815.1783323,-1.0,0.0,-75.0
1777888815.1883323,0.0,2.0,-75.0
1777888815.1983323,1.0,3.0,-73.0
1777888815.2083323,2.0,1.0,-70.0
1777888815.2183323,3.0,0.0,-75.0
1777888815.2283323,0.0,-3.0,-73.0
1777888815.2383325,0.0,-6.0,-78.0
1777888815.2483325,0.0,-4.0,-76.0
1777888815.2583325,0.0,-1.0,-79.0
1777888815.2683325,-1.0,4.0,-77.0
1777888815.2783325,-3.0,3.0,-71.0
1777888815.2883325,-6.0,-1.0,-73.0
1777888815.2983325,-6.0,-1.0,-75.0
1777888815.3083324,-3.0,-1.0,-83.0
1777888815.3183324,-2.0,1.0,-83.0
1777888815.3283324,-2.0,1.0,-83.0
1777888815.3383324,-1.0,0.0,-83.0
1777888815.3483324,-3.0,-3.0,-81.0
1777888815.3583324,-3.0,-7.0,-77.0
1777888815.3683324,1.0,-8.0,-79.0
1777888815.3783324,-1.0,-3.0,-80.0
1777888815.3883324,-5.0,-3.0,-83.0
1777888815.3983324,-3.0,-3.0,-86.0
1777888815.4083323,-1.0,-6.0,-90.0
1777888815.4183323,0.0,-11.0,-83.0
1777888815.4283323,0.0,-6.0,-79.0
1777888815.4383323,0.0,0.0,-77.0
1777888815.4483323,-3.0,-3.0,-76.0
1777888815.4583323,-5.0,-6.0,-77.0
1777888815.4683323,-5.0,-6.0,-71.0
1777888815.4783323,-4.0,-6.0,-72.0
1777888815.4883325,-5.0,-2.0,-71.0
1777888815.4983325,-6.0,-4.0,-70.0
1777888815.5083325,-5.0,-1.0,-74.0
1777888815.5183325,0.0,-4.0,-77.0
1777888815.5283325,0.0,0.0,-74.0
1777888815.5383325,0.0,-1.0,-73.0
1777888815.5483325,5.0,0.0,-72.0
1777888815.5583324,8.0,0.0,-67.0
1777888815.5683324,6.0,-2.0,-67.0
1777888815.5783324,7.0,-4.0,-71.0
1777888815.5883324,8.0,-4.0,-75.0
1777888815.5983324,8.0,-5.0,-73.0
1777888815.6083324,6.0,-5.0,-73.0
1777888815.6183324,7.0,-5.0,-77.0
1777888815.6283324,10.0,-6.0,-79.0
1777888815.6383324,7.0,-3.0,-77.0
1777888815.6483324,7.0,0.0,-73.0
1777888815.6583323,4.0,0.0,-72.0
1777888815.6683323,3.0,4.0,-74.0
1777888815.6783323,1.0,1.0,-76.0
1777888815.6883323,0.0,0.0,-77.0
1777888815.6983323,0.0,0.0,-79.0
1777888815.7083323,-1.0,0.0,-77.0
1777888815.7183323,-1.0,4.0,-80.0
1777888815.7283323,1.0,0.0,-79.0
1777888815.7383325,5.0,-1.0,-76.0
1777888815.7483325,5.0,-4.0,-77.0
1777888815.7583325,6.0,-7.0,-78.0
1777888815.7683325,7.0,-6.0,-88.0
1777888815.7783325,6.0,-3.0,-88.0
1777888815.7883325,6.0,-5.0,-89.0
1777888815.7983325,3.0,-3.0,-87.0
1777888815.8083324,4.0,-1.0,-82.0
1777888815.8183324,4.0,0.0,-81.0
1777888815.8283324,1.0,2.0,-82.0
1777888815.8383324,-2.0,6.0,-85.0
1777888815.8483324,-3.0,7.0,-88.0
1777888815.8583324,0.0,2.0,-86.0
1777888815.8683324,1.0,7.0,-87.0
1777888815.8783324,0.0,2.0,-86.0
1777888815.8883324,-1.0,7.0,-82.0
1777888815.8983324,1.0,4.0,-73.0
1777888815.9083323,-2.0,1.0,-71.0
1777888815.9183323,-1.0,0.0,-73.0
1777888815.9283323,-1.0,0.0,-76.0
1777888815.9383323,-6.0,-1.0,-76.0
1777888815.9483323,-4.0,-1.0,-77.0
1777888815.9583323,1.0,2.0,-83.0
1777888815.9683323,2.0,5.0,-83.0
1777888815.9783323,4.0,1.0,-78.0
1777888815.9883325,1.0,1.0,-71.0
1777888815.9983325,2.0,-1.0,-70.0
1777888816.0083325,3.0,-1.0,-79.0
1777888816.0183325,3.0,1.0,-84.0
1777888816.0283325,4.0,2.0,-84.0
1777888816.0383325,3.0,1.0,-84.0
1777888816.0483325,6.0,-2.0,-80.0
1777888816.0583324,3.0,0.0,-86.0
1777888816.0683324,2.0,-1.0,-89.0
1777888816.0783324,3.0,-3.0,-85.0
1777888816.0883324,5.0,-4.0,-82.0
1777888816.0983324,4.0,-1.0,-81.0
1777888816.1083324,2.0,-2.0,-72.0
1777888816.1183324,-1.0,-4.0,-74.0
1777888816.1283324,0.0,-6.0,-76.0
1777888816.1383324,-2.0,-2.0,-82.0
1777888816.1483324,-2.0,0.0,-83.0
1777888816.1583323,-4.0,-1.0,-84.0
1777888816.1683323,-4.0,-5.0,-81.0
1777888816.1783323,-3.0,-5.0,-83.0
1777888816.1883323,-5.0,-7.0,-84.0
1777888816.1983323,-3.0,-3.0,-85.0
1777888816.2083323,-2.0,-2.0,-85.0
1777888816.2183323,1.0,-3.0,-85.0
1777888816.2283323,3.0,-1.0,-85.0
1777888816.2383325,5.0,-1.0,-90.0
1777888816.2483325,1.0,-5.0,-85.0
1777888816.2583325,-4.0,-3.0,-91.0
1777888816.2683325,0.0,-2.0,-89.0
1777888816.2783325,1.0,-2.0,-79.0
1777888816.2883325,0.0,-2.0,-76.0
1777888816.2983325,0.0,-5.0,-81.0
1777888816.3083324,-2.0,-2.0,-84.0
1777888816.3183324,-2.0,-2.0,-75.0
1777888816.3283324,-4.0,-3.0,-77.0
1777888816.3383324,-6.0,-3.0,-78.0
1777888816.3483324,-5.0,-3.0,-79.0
1777888816.3583324,-3.0,-3.0,-77.0
1777888816.3683324,-1.0,-3.0,-78.0
1777888816.3783324,0.0,-2.0,-70.0
1777888816.3883324,1.0,1.0,-68.0
1777888816.3983324,0.0,2.0,-66.0
1777888816.4083323,0.0,3.0,-75.0
1777888816.4183323,0.0,2.0,-82.0
1777888816.4283323,-1.0,0.0,-78.0
1777888816.4383323,0.0,1.0,-75.0
1777888816.4483323,-2.0,2.0,-74.0
1777888816.4583323,0.0,2.0,-77.0
1777888816.4683323,-1.0,6.0,-72.0
1777888816.4783323,-2.0,2.0,-59.0
1777888816.4883325,0.0,4.0,-65.0
1777888816.4983325,0.0,4.0,-67.0
1777888816.5083325,0.0,4.0,-68.0
1777888816.5183325,-3.0,2.0,-67.0
1777888816.5283325,-2.0,2.0,-70.0
1777888816.5383325,-3.0,6.0,-75.0
1777888816.5483325,-4.0,4.0,-69.0
1777888816.5583324,-6.0,4.0,-76.0
1777888816.5683324,-8.0,7.0,-72.0
1777888816.5783324,-8.0,5.0,-70.0
1777888816.5883324,-7.0,6.0,-76.0
1777888816.5983324,0.0,5.0,-78.0
1777888816.6083324,0.0,5.0,-78.0
1777888816.6183324,0.0,0.0,-78.0
1777888816.6293323,4.0,1.0,-84.0
1777888816.6393323,6.0,0.0,-90.0
1777888816.6493323,2.0,-4.0,-82.0
1777888816.6593325,0.0,0.0,-80.0
1777888816.6693325,-2.0,0.0,-79.0
1777888816.6793325,0.0,0.0,-79.0
1777888816.6893325,1.0,0.0,-74.0
1777888816.6993325,2.0,-1.0,-77.0
1777888816.7093325,2.0,0.0,-78.0
1777888816.7193325,-1.0,-3.0,-74.0
1777888816.7293324,-7.0,-1.0,-79.0
1777888816.7393324,-2.0,0.0,-75.0
1777888816.7493324,-3.0,-2.0,-72.0
1777888816.7593324,-3.0,-1.0,-74.0
1777888816.7693324,0.0,0.0,-76.0
1777888816.7793324,-3.0,1.0,-79.0
1777888816.7893324,0.0,1.0,-79.0
1777888816.7993324,-1.0,2.0,-80.0
1777888816.8093324,-2.0,2.0,-83.0
1777888816.8193324,-4.0,0.0,-77.0
1777888816.8293324,0.0,1.0,-73.0
1777888816.8393323,-2.0,0.0,-74.0
1777888816.8493323,-4.0,-1.0,-72.0
1777888816.8593323,1.0,-4.0,-67.0
1777888816.8693323,1.0,-1.0,-61.0
1777888816.8793323,-1.0,0.0,-66.0
1777888816.8893323,2.0,0.0,-71.0
1777888816.8993323,6.0,0.0,-76.0
1777888816.9093325,6.0,-2.0,-77.0
1777888816.9193325,7.0,-2.0,-76.0
1777888816.9293325,6.0,-2.0,-75.0
1777888816.9393325,10.0,-5.0,-70.0
1777888816.9493325,7.0,-4.0,-70.0
1777888816.9593325,5.0,0.0,-73.0
1777888816.9693325,2.0,-2.0,-76.0
1777888816.9793324,1.0,-1.0,-80.0
1777888816.9893324,0.0,-2.0,-84.0
1777888816.9993324,0.0,-4.0,-75.0
1777888817.0093324,3.0,-2.0,-72.0
1777888817.0193324,1.0,-4.0,-67.0
1777888817.0293324,2.0,0.0,-65.0
1777888817.0393324,6.0,-3.0,-74.0
1777888817.0493324,5.0,-2.0,-71.0
1777888817.0593324,4.0,0.0,-69.0
1777888817.0693324,6.0,0.0,-67.0
1777888817.0793324,4.0,4.0,-72.0
1777888817.0893323,6.0,0.0,-76.0
1777888817.0993323,11.0,0.0,-78.0
1777888817.1093323,13.0,-3.0,-71.0
1777888817.1193323,7.0,-3.0,-65.0
1777888817.1293323,4.0,-6.0,-64.0
1777888817.1393323,1.0,-4.0,-68.0
1777888817.1493323,3.0,-2.0,-72.0
1777888817.1593325,0.0,0.0,-82.0
1777888817.1693325,2.0,-1.0,-87.0
1777888817.1793325,-1.0,-5.0,-89.0
1777888817.1893325,-3.0,-1.0,-87.0
1777888817.1993325,-8.0,2.0,-85.0
1777888817.2093325,-7.0,0.0,-84.0
1777888817.2193325,-7.0,0.0,-79.0
1777888817.2293324,-3.0,-3.0,-76.0
1777888817.2393324,-1.0,-9.0,-68.0
1777888817.2493324,-1.0,-8.0,-70.0
1777888817.2593324,-1.0,-7.0,-76.0
1777888817.2693324,-3.0,-6.0,-78.0
1777888817.2793324,-4.0,-5.0,-77.0
1777888817.2893324,-9.0,-11.0,-80.0
1777888817.2993324,-9.0,-9.0,-79.0
1777888817.3093324,-5.0,-7.0,-79.0
1777888817.3193324,-5.0,-6.0,-81.0
1777888817.3293324,-5.0,-2.0,-73.0
1777888817.3393323,0.0,-2.0,-78.0
1777888817.3493323,-2.0,0.0,-82.0
1777888817.3593323,-1.0,0.0,-78.0
1777888817.3693323,1.0,-1.0,-72.0
1777888817.3793323,0.0,1.0,-69.0
1777888817.3893323,-1.0,4.0,-67.0
1777888817.3993323,2.0,3.0,-64.0
1777888817.4093325,4.0,4.0,-71.0
1777888817.4193325,3.0,3.0,-66.0
1777888817.4293325,0.0,5.0,-74.0
1777888817.4393325,-1.0,1.0,-74.0
1777888817.4493325,0.0,2.0,-71.0
1777888817.4593325,-3.0,3.0,-77.0
1777888817.4693325,-2.0,0.0,-69.0
1777888817.4793324,-4.0,-2.0,-70.0
1777888817.4893324,-2.0,-9.0,-70.0
1777888817.4993324,-2.0,-6.0,-70.0
1777888817.5093324,-6.0,-6.0,-68.0
1777888817.5193324,-9.0,-2.0,-71.0
1777888817.5293324,-3.0,-1.0,-69.0
1777888817.5393324,-2.0,-1.0,-69.0
1777888817.5493324,-3.0,-2.0,-74.0
1777888817.5593324,-3.0,-4.0,-73.0
1777888817.5693324,-4.0,-5.0,-72.0
1777888817.5793324,1.0,-4.0,-67.0
1777888817.5893323,-3.0,-2.0,-61.0
1777888817.5993323,-3.0,-1.0,-64.0
1777888817.6093323,-2.0,-3.0,-69.0
1777888817.6193323,-2.0,-2.0,-74.0
1777888817.6293323,-5.0,-3.0,-77.0
1777888817.6393323,-4.0,4.0,-82.0
1777888817.6493323,-4.0,0.0,-86.0
1777888817.6593325,-1.0,0.0,-85.0
1777888817.6693325,-5.0,0.0,-80.0
1777888817.6793325,-6.0,0.0,-77.0
1777888817.6893325,-3.0,4.0,-73.0
1777888817.6993325,0.0,5.0,-67.0
1777888817.7093325,0.0,4.0,-68.0
1777888817.7193325,1.0,1.0,-63.0
1777888817.7293324,1.0,-1.0,-66.0
1777888817.7393324,-4.0,-5.0,-68.0
1777888817.7493324,-9.0,-4.0,-64.0
1777888817.7593324,-3.0,-5.0,-68.0
1777888817.7693324,-3.0,-7.0,-66.0
1777888817.7793324,0.0,-6.0,-66.0
1777888817.7893324,2.0,-1.0,-70.0
1777888817.7993324,1.0,-1.0,-72.0
1777888817.8093324,2.0,-1.0,-72.0
1777888817.8193324,4.0,-3.0,-65.0
1777888817.8293324,4.0,-1.0,-68.0
1777888817.8393323,3.0,-5.0,-65.0
1777888817.8493323,0.0,-3.0,-61.0
1777888817.8593323,0.0,-1.0,-67.0
1777888817.8693323,0.0,-3.0,-72.0
1777888817.8793323,-1.0,1.0,-72.0
1777888817.8893323,0.0,-2.0,-69.0
1777888817.8993323,0.0,-4.0,-70.0
1777888817.9093325,0.0,-6.0,-71.0
1777888817.9193325,-2.0,-2.0,-80.0
1777888817.9293325,2.0,-2.0,-82.0
1777888817.9393325,3.0,-3.0,-79.0
1777888817.9493325,1.0,0.0,-78.0
1777888817.9593325,5.0,0.0,-79.0
1777888817.9693325,4.0,5.0,-72.0
1777888817.9793324,6.0,4.0,-75.0
1777888817.9893324,1.0,2.0,-78.0
1777888817.9993324,0.0,2.0,-80.0
1777888818.0093324,-1.0,2.0,-76.0
1777888818.0193324,-4.0,2.0,-81.0
1777888818.0293324,-6.0,3.0,-88.0
1777888818.0393324,-2.0,0.0,-80.0
1777888818.0493324,-2.0,1.0,-81.0
1777888818.0593324,-2.0,4.0,-80.0
1777888818.0693324,-1.0,3.0,-77.0
1777888818.0793324,0.0,5.0,-74.0
1777888818.0893323,0.0,2.0,-78.0
1777888818.0993323,-2.0,4.0,-75.0
1777888818.1093323,0.0,7.0,-77.0
1777888818.1193323,-2.0,5.0,-81.0
1777888818.1293323,-4.0,2.0,-82.0
1777888818.1393323,-2.0,3.0,-80.0
1777888818.1493323,-4.0,2.0,-77.0
1777888818.1593325,-9.0,0.0,-79.0
1777888818.1693325,-10.0,0.0,-76.0
1777888818.1793325,-6.0,-1.0,-81.0
1777888818.1893325,-5.0,-2.0,-78.0
1777888818.1993325,-3.0,-1.0,-81.0
1777888818.2093325,-5.0,0.0,-77.0
1777888818.2193325,-4.0,0.0,-76.0
1777888818.2293324,0.0,4.0,-71.0
1777888818.2393324,0.0,1.0,-72.0
1777888818.2493324,4.0,0.0,-68.0
1777888818.2593324,7.0,0.0,-70.0
1777888818.2693324,2.0,3.0,-67.0
1777888818.2793324,6.0,3.0,-70.0
1777888818.2893324,8.0,2.0,-76.0
1777888818.2993324,7.0,3.0,-83.0
1777888818.3093324,4.0,1.0,-76.0
1777888818.3193324,3.0,1.0,-82.0
1777888818.3293324,3.0,0.0,-75.0
1777888818.3393323,1.0,2.0,-74.0
1777888818.3493323,0.0,1.0,-67.0
1777888818.3593323,0.0,3.0,-65.0
1777888818.3693323,2.0,4.0,-66.0
1777888818.3793323,0.0,3.0,-75.0
1777888818.3893323,3.0,4.0,-74.0
1777888818.3993323,4.0,1.0,-75.0
1777888818.4093325,3.0,0.0,-77.0
1777888818.4193325,5.0,-2.0,-82.0
1777888818.4293325,4.0,-1.0,-72.0
1777888818.4393325,1.0,-2.0,-72.0
1777888818.4493325,-1.0,0.0,-72.0
1777888818.4593325,-1.0,0.0,-79.0
1777888818.4693325,-3.0,0.0,-75.0
1777888818.4793324,-3.0,-1.0,-75.0
1777888818.4893324,0.0,0.0,-73.0
1777888818.4993324,5.0,1.0,-76.0
1777888818.5093324,8.0,0.0,-73.0
1777888818.5193324,13.0,0.0,-74.0
1777888818.5293324,13.0,3.0,-77.0
1777888818.5393324,12.0,2.0,-69.0
1777888818.5493324,11.0,0.0,-68.0
1777888818.5593324,6.0,-1.0,-69.0
1777888818.5693324,7.0,-1.0,-66.0
1777888818.5793324,3.0,-2.0,-70.0
1777888818.5903325,1.0,-2.0,-76.0
1777888818.6003325,0.0,-3.0,-72.0
1777888818.6103325,-2.0,-4.0,-72.0
1777888818.6203325,-4.0,-5.0,-70.0
1777888818.6303325,-3.0,-5.0,-68.0
1777888818.6403325,1.0,-3.0,-72.0
1777888818.6503325,6.0,-4.0,-65.0
1777888818.6603324,6.0,-1.0,-64.0
1777888818.6703324,3.0,0.0,-62.0
1777888818.6803324,1.0,-1.0,-71.0
1777888818.6903324,4.0,-2.0,-70.0
1777888818.7003324,7.0,-2.0,-76.0
1777888818.7103324,7.0,0.0,-78.0
1777888818.7203324,4.0,2.0,-81.0
1777888818.7303324,2.0,2.0,-74.0
1777888818.7403324,0.0,-1.0,-73.0
1777888818.7503324,-2.0,-1.0,-78.0
1777888818.7603323,-3.0,-4.0,-79.0
1777888818.7703323,-2.0,-3.0,-84.0
1777888818.7803323,-4.0,-1.0,-82.0
1777888818.7903323,0.0,3.0,-80.0
1777888818.8003323,0.0,3.0,-77.0
1777888818.8103323,-1.0,1.0,-74.0
1777888818.8203323,-1.0,0.0,-74.0
1777888818.8303325,1.0,0.0,-66.0
1777888818.8403325,2.0,5.0,-61.0
1777888818.8503325,0.0,6.0,-61.0
1777888818.8603325,0.0,4.0,-64.0
1777888818.8703325,-1.0,2.0,-71.0
1777888818.8803325,0.0,1.0,-76.0
1777888818.8903325,1.0,-1.0,-76.0
1777888818.9003325,3.0,1.0,-78.0
1777888818.9103324,3.0,2.0,-77.0
1777888818.9203324,0.0,-4.0,-74.0
1777888818.9303324,1.0,-3.0,-83.0
1777888818.9403324,3.0,-2.0,-80.0
1777888818.9503324,2.0,-3.0,-77.0
1777888818.9603324,6.0,-6.0,-78.0
1777888818.9703324,1.0,-6.0,-74.0
1777888818.9803324,-3.0,-6.0,-78.0
1777888818.9903324,0.0,-5.0,-76.0
1777888819.0003324,3.0,-5.0,-74.0
1777888819.0103323,1.0,-4.0,-76.0
1777888819.0203323,1.0,-1.0,-69.0
1777888819.0303323,2.0,-2.0,-72.0
1777888819.0403323,2.0,0.0,-74.0
1777888819.0503323,0.0,2.0,-80.0
1777888819.0603323,-3.0,2.0,-79.0
1777888819.0703323,-2.0,0.0,-77.0
1777888819.0803325,2.0,-2.0,-76.0
1777888819.0903325,1.0,-3.0,-70.0
1777888819.1003325,1.0,0.0,-70.0
1777888819.1103325,3.0,0.0,-65.0
1777888819.1203325,6.0,0.0,-69.0
1777888819.1303325,7.0,-1.0,-76.0
1777888819.1403325,5.0,0.0,-75.0
1777888819.1503325,1.0,0.0,-70.0
1777888819.1603324,-3.0,1.0,-73.0
1777888819.1703324,0.0,0.0,-73.0
1777888819.1803324,-9.0,2.0,-72.0
1777888819.1903324,-12.0,3.0,-79.0
1777888819.2003324,-9.0,2.0,-79.0
1777888819.2103324,-7.0,2.0,-74.0
1777888819.2203324,-2.0,0.0,-75.0
1777888819.2303324,-3.0,0.0,-78.0
1777888819.2403324,-2.0,-4.0,-71.0
1777888819.2503324,0.0,-5.0,-74.0
1777888819.2603323,0.0,-4.0,-81.0
1777888819.2703323,4.0,-4.0,-75.0
1777888819.2803323,0.0,-5.0,-65.0
1777888819.2903323,-1.0,-4.0,-69.0
1777888819.3003323,0.0,-4.0,-71.0
1777888819.3103323,-1.0,-3.0,-69.0
1777888819.3203323,2.0,-2.0,-72.0
1777888819.3303325,4.0,-5.0,-79.0
1777888819.3403325,0.0,-5.0,-87.0
1777888819.3503325,0.0,-7.0,-86.0
1777888819.3603325,-1.0,0.0,-88.0
1777888819.3703325,-4.0,0.0,-87.0
1777888819.3803325,-7.0,-2.0,-81.0
1777888819.3903325,0.0,3.0,-76.0
1777888819.4003325,0.0,0.0,-73.0
1777888819.4103324,2.0,-1.0,-74.0
1777888819.4203324,1.0,-4.0,-77.0
1777888819.4303324,0.0,-1.0,-72.0
1777888819.4403324,5.0,3.0,-79.0
1777888819.4503324,4.0,2.0,-76.0
1777888819.4603324,3.0,3.0,-75.0
1777888819.4703324,3.0,4.0,-79.0
1777888819.4803324,5.0,0.0,-82.0
1777888819.4903324,9.0,1.0,-86.0
1777888819.5003324,8.0,-2.0,-87.0
1777888819.5103323,6.0,-1.0,-88.0
1777888819.5203323,7.0,-3.0,-82.0
1777888819.5303323,2.0,0.0,-82.0
1777888819.5403323,0.0,2.0,-84.0
1777888819.5503323,2.0,1.0,-84.0
1777888819.5603323,0.0,0.0,-79.0
1777888819.5703323,-2.0,-2.0,-88.0
1777888819.5803325,0.0,0.0,-86.0
1777888819.5903325,1.0,-1.0,-91.0
1777888819.6003325,5.0,0.0,-86.0
1777888819.6103325,3.0,-1.0,-80.0
1777888819.6203325,1.0,-4.0,-76.0
1777888819.6303325,0.0,-1.0,-81.0
1777888819.6403325,-2.0,0.0,-79.0
1777888819.6503325,-8.0,-3.0,-74.0
1777888819.6603324,-10.0,-2.0,-73.0
1777888819.6703324,-6.0,0.0,-77.0
1777888819.6803324,-8.0,-1.0,-80.0
1777888819.6903324,-3.0,0.0,-71.0
1777888819.7003324,1.0,0.0,-73.0
1777888819.7103324,-1.0,3.0,-73.0
1777888819.7203324,-4.0,4.0,-72.0
1777888819.7303324,-4.0,-2.0,-81.0
1777888819.7403324,-1.0,-4.0,-80.0
1777888819.7503324,4.0,-2.0,-78.0
1777888819.7603323,5.0,-2.0,-77.0
1777888819.7703323,0.0,-5.0,-81.0
1777888819.7803323,1.0,-9.0,-77.0
1777888819.7903323,2.0,-8.0,-80.0
1777888819.8003323,8.0,-5.0,-79.0
1777888819.8103323,4.0,-7.0,-82.0
1777888819.8203323,5.0,-10.0,-85.0
1777888819.8303325,8.0,-8.0,-80.0
1777888819.8403325,9.0,-4.0,-79.0
1777888819.8503325,9.0,-4.0,-81.0
1777888819.8603325,9.0,0.0,-84.0
1777888819.8703325,8.0,-1.0,-80.0
1777888819.8803325,10.0,-5.0,-80.0
1777888819.8903325,4.0,-2.0,-77.0
1777888819.9003325,5.0,0.0,-70.0
1777888819.9103324,4.0,0.0,-75.0
1777888819.9203324,6.0,-2.0,-82.0
1777888819.9303324,6.0,-4.0,-82.0
1777888819.9403324,4.0,0.0,-83.0
1777888819.9503324,0.0,0.0,-80.0
1777888819.9603324,2.0,0.0,-81.0
1777888819.9703324,0.0,-4.0,-77.0
1777888819.9803324,0.0,0.0,-81.0
1777888819.9903324,-1.0,2.0,-79.0
1777888820.0013323,0.0,2.0,-83.0
1777888820.0103323,0.0,4.0,-82.0
1777888820.0203323,-2.0,6.0,-86.0
1777888820.0303323,-4.0,6.0,-86.0
1777888820.0403323,-2.0,5.0,-84.0
1777888820.0503323,-3.0,4.0,-77.0
1777888820.0603323,-5.0,4.0,-80.0
1777888820.0703323,-3.0,2.0,-75.0
1777888820.0803325,1.0,0.0,-78.0
1777888820.0903325,3.0,0.0,-81.0
1777888820.1003325,0.0,-5.0,-83.0
1777888820.1103325,2.0,-3.0,-83.0
1777888820.1203325,1.0,-1.0,-84.0
1777888820.1303325,2.0,0.0,-92.0
1777888820.1403325,-5.0,0.0,-97.0
1777888820.1503325,-7.0,3.0,-95.0
1777888820.1603324,-4.0,2.0,-98.0
1777888820.1703324,-3.0,-1.0,-93.0
1777888820.1803324,-2.0,-6.0,-90.0
1777888820.1903324,-3.0,-6.0,-90.0
1777888820.2003324,0.0,-3.0,-84.0
1777888820.2103324,-1.0,-4.0,-85.0
1777888820.2203324,0.0,0.0,-80.0
1777888820.2303324,-3.0,2.0,-79.0
1777888820.2403324,-2.0,0.0,-86.0
1777888820.2503324,-2.0,0.0,-89.0
1777888820.2603323,-3.0,0.0,-89.0
1777888820.2703323,-5.0,0.0,-83.0
1777888820.2803323,0.0,1.0,-87.0
1777888820.2903323,1.0,-1.0,-86.0
1777888820.3003323,3.0,-5.0,-86.0
1777888820.3103323,5.0,-7.0,-80.0
1777888820.3203323,1.0,-5.0,-81.0
1777888820.3303325,-5.0,-3.0,-79.0
1777888820.3403325,-3.0,-1.0,-79.0
1777888820.3503325,-2.0,-1.0,-77.0
1777888820.3603325,-2.0,0.0,-80.0
1777888820.3703325,-4.0,1.0,-75.0
1777888820.3803325,-3.0,0.0,-72.0
1777888820.3903325,0.0,-1.0,-73.0
1777888820.4003325,-1.0,2.0,-72.0
1777888820.4103324,-2.0,0.0,-71.0
1777888820.4203324,0.0,-4.0,-71.0
1777888820.4303324,0.0,-6.0,-80.0
1777888820.4403324,0.0,-2.0,-79.0
1777888820.4503324,-1.0,2.0,-72.0
1777888820.4603324,1.0,-1.0,-69.0
1777888820.4703324,-1.0,0.0,-75.0
1777888820.4803324,-1.0,-1.0,-74.0
1777888820.4903324,0.0,0.0,-73.0
1777888820.5003324,-1.0,0.0,-76.0
1777888820.5103323,1.0,0.0,-71.0
1777888820.5203323,0.0,-1.0,-69.0
1777888820.5303323,-3.0,-2.0,-70.0
1777888820.5403323,-3.0,0.0,-69.0
1777888820.5503323,-5.0,3.0,-71.0
1777888820.5613325,-6.0,4.0,-64.0
1777888820.5703323,-2.0,3.0,-70.0
1777888820.5803325,-4.0,-3.0,-78.0
1777888820.5913324,-6.0,-4.0,-89.0
1777888820.6013324,-7.0,-8.0,-91.0
1777888820.6113324,-7.0,-8.0,-92.0
1777888820.6213324,0.0,-6.0,-87.0
1777888820.6313324,0.0,-5.0,-82.0
1777888820.6413324,-4.0,0.0,-78.0
1777888820.6513324,-3.0,2.0,-75.0
1777888820.6613324,-2.0,1.0,-78.0
1777888820.6713324,0.0,5.0,-79.0
1777888820.6813323,0.0,5.0,-79.0
1777888820.6913323,0.0,3.0,-81.0
1777888820.7013323,-2.0,2.0,-84.0
1777888820.7113323,-3.0,5.0,-78.0
1777888820.7213323,-1.0,5.0,-72.0
1777888820.7313323,3.0,4.0,-74.0
1777888820.7413323,4.0,4.0,-72.0
1777888820.7513323,1.0,0.0,-76.0
1777888820.7613325,0.0,-7.0,-79.0
1777888820.7713325,2.0,-12.0,-74.0
1777888820.7813325,4.0,-12.0,-73.0
1777888820.7913325,6.0,-7.0,-69.0
1777888820.8013325,0.0,-8.0,-70.0
1777888820.8113325,1.0,-10.0,-66.0
1777888820.8213325,3.0,-7.0,-60.0
1777888820.8313324,4.0,1.0,-64.0
1777888820.8413324,2.0,-1.0,-67.0
1777888820.8513324,5.0,0.0,-68.0
1777888820.8613324,3.0,3.0,-70.0
1777888820.8713324,1.0,2.0,-76.0
1777888820.8813324,0.0,-1.0,-75.0
1777888820.8913324,-2.0,-1.0,-78.0
1777888820.9013324,0.0,0.0,-78.0
1777888820.9113324,1.0,0.0,-74.0
1777888820.9213324,1.0,2.0,-70.0
1777888820.9313323,0.0,0.0,-72.0
1777888820.9413323,-2.0,-5.0,-71.0
1777888820.9513323,-7.0,-5.0,-76.0
1777888820.9613323,-5.0,-3.0,-81.0
1777888820.9713323,-6.0,-3.0,-76.0
1777888820.9813323,-8.0,-4.0,-76.0
1777888820.9913323,-6.0,-3.0,-79.0
1777888821.0013323,-3.0,-1.0,-77.0
1777888821.0113325,3.0,0.0,-80.0
1777888821.0213325,4.0,2.0,-83.0
1777888821.0313325,3.0,3.0,-87.0
1777888821.0413325,4.0,4.0,-80.0
1777888821.0513325,2.0,4.0,-74.0
1777888821.0613325,1.0,2.0,-71.0
1777888821.0713325,0.0,4.0,-73.0
1777888821.0813324,-8.0,3.0,-79.0
1777888821.0913324,-6.0,3.0,-75.0
1777888821.1013324,-3.0,5.0,-76.0
1777888821.1113324,-1.0,3.0,-80.0
1777888821.1213324,-1.0,1.0,-74.0
1777888821.1313324,-4.0,4.0,-71.0
1777888821.1413324,-7.0,3.0,-72.0
1777888821.1513324,-8.0,4.0,-71.0
1777888821.1613324,-8.0,7.0,-76.0
1777888821.1713324,-9.0,5.0,-73.0
1777888821.1813323,-8.0,5.0,-75.0
1777888821.1913323,-8.0,0.0,-77.0
1777888821.2013323,-2.0,1.0,-69.0
1777888821.2113323,-4.0,-1.0,-70.0
1777888821.2213323,-2.0,-1.0,-73.0
1777888821.2313323,-2.0,-4.0,-79.0
1777888821.2413323,2.0,-1.0,-76.0
1777888821.2513323,0.0,0.0,-65.0
1777888821.2613325,-2.0,0.0,-64.0
1777888821.2713325,-1.0,3.0,-68.0
1777888821.2813325,-2.0,3.0,-70.0
1777888821.2913325,0.0,2.0,-68.0
1777888821.3013325,-1.0,5.0,-71.0
1777888821.3113325,1.0,3.0,-73.0
1777888821.3213325,6.0,1.0,-74.0
1777888821.3313324,6.0,0.0,-73.0
1777888821.3413324,4.0,2.0,-74.0
1777888821.3513324,7.0,-1.0,-74.0
1777888821.3613324,3.0,-1.0,-73.0
1777888821.3713324,-2.0,-5.0,-73.0
1777888821.3813324,-1.0,1.0,-74.0
1777888821.3913324,-6.0,0.0,-74.0
1777888821.4013324,-4.0,2.0,-80.0
1777888821.4113324,-2.0,1.0,-81.0
1777888821.4213324,-4.0,1.0,-77.0
1777888821.4313323,-4.0,0.0,-78.0
1777888821.4413323,-6.0,-5.0,-74.0
1777888821.4513323,-3.0,-7.0,-78.0
1777888821.4613323,0.0,-3.0,-80.0
1777888821.4713323,3.0,-4.0,-87.0
1777888821.4813323,6.0,-6.0,-84.0
1777888821.4913323,9.0,-4.0,-80.0
1777888821.5013323,3.0,-2.0,-79.0
1777888821.5113325,2.0,0.0,-84.0
1777888821.5213325,5.0,1.0,-86.0
1777888821.5313325,3.0,0.0,-88.0
1777888821.5413325,4.0,-2.0,-88.0
1777888821.5513325,6.0,-2.0,-81.0
1777888821.5613325,4.0,-4.0,-77.0
1777888821.5713325,0.0,0.0,-71.0
1777888821.5813324,-4.0,-2.0,-74.0
1777888821.5913324,-2.0,-2.0,-75.0
1777888821.6013324,3.0,-6.0,-73.0
1777888821.6113324,0.0,-11.0,-78.0
1777888821.6213324,-2.0,-9.0,-75.0
1777888821.6313324,0.0,-9.0,-75.0
1777888821.6413324,0.0,-6.0,-77.0
1777888821.6513324,-1.0,0.0,-79.0
1777888821.6613324,0.0,0.0,-81.0
1777888821.6713324,0.0,0.0,-79.0
1777888821.6813323,1.0,1.0,-77.0
1777888821.6913323,0.0,2.0,-73.0
1777888821.7013323,-2.0,0.0,-75.0
1777888821.7113323,-6.0,2.0,-80.0
1777888821.7213323,-1.0,0.0,-81.0
1777888821.7313323,-2.0,2.0,-79.0
1777888821.7413323,-5.0,0.0,-77.0
1777888821.7513323,-9.0,-4.0,-82.0
1777888821.7613325,-8.0,1.0,-82.0
1777888821.7713325,-6.0,0.0,-78.0
1777888821.7813325,-5.0,1.0,-75.0
1777888821.7913325,-5.0,0.0,-72.0
1777888821.8013325,-4.0,1.0,-80.0
1777888821.8113325,-2.0,-1.0,-81.0
1777888821.8213325,0.0,0.0,-79.0
1777888821.8313324,-5.0,-1.0,-77.0
1777888821.8413324,-2.0,-1.0,-84.0
1777888821.8513324,0.0,-3.0,-86.0
1777888821.8613324,6.0,-4.0,-86.0
1777888821.8713324,8.0,-3.0,-77.0
1777888821.8813324,10.0,-5.0,-72.0
1777888821.8913324,4.0,-7.0,-73.0
1777888821.9013324,3.0,-7.0,-74.0
1777888821.9113324,4.0,-4.0,-83.0
1777888821.9213324,4.0,-6.0,-84.0
1777888821.9313323,4.0,-8.0,-78.0
1777888821.9413323,1.0,-6.0,-74.0
1777888821.9513323,0.0,-6.0,-70.0
1777888821.9613323,-2.0,-6.0,-75.0
1777888821.9713323,-2.0,-4.0,-76.0
1777888821.9813323,-2.0,0.0,-76.0
1777888821.9913323,-4.0,3.0,-81.0
1777888822.0013323,-2.0,0.0,-85.0
1777888822.0113325,-5.0,-1.0,-91.0
1777888822.0213325,-5.0,0.0,-86.0
1777888822.0313325,-4.0,0.0,-87.0
1777888822.0413325,-3.0,0.0,-84.0
1777888822.0513325,-11.0,-1.0,-82.0
1777888822.0613325,-7.0,1.0,-80.0
1777888822.0713325,-1.0,5.0,-71.0
1777888822.0813324,0.0,3.0,-73.0
1777888822.0913324,-4.0,6.0,-80.0
1777888822.1013324,-6.0,2.0,-77.0
1777888822.1113324,-7.0,0.0,-80.0
1777888822.1213324,-11.0,0.0,-78.0
1777888822.1313324,-6.0,2.0,-78.0
1777888822.1413324,-4.0,3.0,-78.0
1777888822.1513324,-5.0,4.0,-84.0
1777888822.1613324,-5.0,-1.0,-79.0
1777888822.1713324,0.0,-1.0,-79.0
1777888822.1813323,-1.0,-3.0,-80.0
1777888822.1913323,-2.0,0.0,-80.0
1777888822.2013323,-1.0,0.0,-78.0
1777888822.2113323,-3.0,-1.0,-81.0
1777888822.2213323,-5.0,0.0,-84.0
1777888822.2313323,-8.0,-5.0,-87.0
1777888822.2413323,-5.0,0.0,-80.0
1777888822.2513323,-6.0,-4.0,-67.0
1777888822.2613325,-6.0,-1.0,-74.0
1777888822.2713325,-2.0,-3.0,-76.0
1777888822.2813325,1.0,-9.0,-78.0
1777888822.2913325,-2.0,-5.0,-78.0
1777888822.3013325,0.0,-7.0,-70.0
1777888822.3113325,1.0,-5.0,-71.0
1777888822.3213325,-2.0,-3.0,-77.0
1777888822.3313324,-4.0,0.0,-79.0
1777888822.3413324,-4.0,1.0,-81.0
1777888822.3513324,1.0,0.0,-74.0
1777888822.3613324,-2.0,2.0,-77.0
1777888822.3713324,-6.0,0.0,-79.0
1777888822.3813324,0.0,1.0,-70.0
1777888822.3913324,2.0,-1.0,-75.0
1777888822.4013324,4.0,1.0,-68.0
1777888822.4113324,7.0,-2.0,-74.0
1777888822.4213324,7.0,-3.0,-82.0
1777888822.4313323,6.0,-6.0,-83.0
1777888822.4413323,2.0,-5.0,-87.0
1777888822.4513323,0.0,-4.0,-89.0
1777888822.4613323,-5.0,-2.0,-83.0
1777888822.4713323,-1.0,-2.0,-83.0
1777888822.4813323,-1.0,-6.0,-76.0
1777888822.4913323,0.0,-5.0,-77.0
1777888822.5013323,0.0,-5.0,-84.0
1777888822.5113325,0.0,-3.0,-84.0
1777888822.5213325,2.0,-4.0,-79.0
1777888822.5313325,0.0,-2.0,-73.0
1777888822.5413325,1.0,-2.0,-73.0
1777888822.5513325,2.0,-2.0,-78.0
1777888822.5613325,-1.0,-7.0,-80.0
1777888822.5723324,0.0,-5.0,-87.0
1777888822.5823324,2.0,-9.0,-81.0
1777888822.5923324,2.0,-7.0,-87.0
1777888822.6023324,3.0,-3.0,-79.0
1777888822.6113324,2.0,-7.0,-77.0
1777888822.6223323,0.0,-8.0,-80.0
1777888822.6323323,2.0,-7.0,-77.0
1777888822.6423323,2.0,-1.0,-70.0
1777888822.6523323,2.0,1.0,-74.0
1777888822.6623323,0.0,-1.0,-76.0
1777888822.6723323,4.0,-3.0,-75.0
1777888822.6823325,4.0,-4.0,-70.0
1777888822.6923325,2.0,-5.0,-79.0
1777888822.7023325,6.0,-6.0,-80.0
1777888822.7123325,3.0,-7.0,-80.0
1777888822.7223325,4.0,-8.0,-81.0
1777888822.7323325,5.0,-6.0,-85.0
1777888822.7423325,7.0,-4.0,-80.0
1777888822.7523324,8.0,0.0,-74.0
1777888822.7623324,9.0,0.0,-71.0
1777888822.7723324,9.0,3.0,-77.0
1777888822.7823324,5.0,1.0,-76.0
1777888822.7923324,1.0,1.0,-80.0
1777888822.8023324,-1.0,-2.0,-80.0
1777888822.8123324,-2.0,-1.0,-80.0
1777888822.8223324,4.0,0.0,-75.0
1777888822.8323324,4.0,0.0,-73.0
1777888822.8423324,3.0,0.0,-78.0
1777888822.8523324,8.0,1.0,-70.0
1777888822.8623323,3.0,-1.0,-67.0
1777888822.8723323,0.0,5.0,-68.0
1777888822.8823323,3.0,1.0,-64.0
1777888822.8923323,2.0,0.0,-70.0
1777888822.9023323,7.0,-3.0,-78.0
1777888822.9123323,3.0,-5.0,-87.0
1777888822.9223323,2.0,-5.0,-87.0
1777888822.9323325,-1.0,-5.0,-84.0
1777888822.9423325,0.0,-5.0,-80.0
1777888822.9523325,0.0,-3.0,-74.0
1777888822.9623325,4.0,0.0,-76.0
1777888822.9723325,2.0,-4.0,-77.0
1777888822.9823325,0.0,-5.0,-80.0
1777888822.9923325,-1.0,-7.0,-79.0
1777888823.0023324,2.0,-3.0,-77.0
1777888823.0123324,10.0,-2.0,-70.0
1777888823.0223324,16.0,-1.0,-77.0
1777888823.0323324,17.0,-1.0,-69.0
1777888823.0423324,11.0,-6.0,-73.0
1777888823.0523324,7.0,-5.0,-78.0
1777888823.0623324,1.0,-3.0,-81.0
1777888823.0723324,-1.0,-2.0,-85.0
1777888823.0823324,1.0,-4.0,-86.0
1777888823.0923324,-3.0,-5.0,-93.0
1777888823.1023324,0.0,-2.0,-92.0
1777888823.1123323,0.0,-1.0,-92.0
1777888823.1223323,-1.0,-4.0,-90.0
1777888823.1323323,-4.0,-3.0,-87.0
1777888823.1423323,-10.0,-2.0,-88.0
1777888823.1523323,-13.0,1.0,-91.0
1777888823.1623323,-8.0,0.0,-89.0
1777888823.1723323,-11.0,-6.0,-86.0
1777888823.1823325,-8.0,-6.0,-82.0
1777888823.1923325,-2.0,-3.0,-78.0
1777888823.2023325,0.0,-6.0,-77.0
1777888823.2123325,2.0,-6.0,-73.0
1777888823.2223325,1.0,-4.0,-74.0
1777888823.2323325,-1.0,-2.0,-74.0
1777888823.2423325,0.0,-3.0,-72.0
1777888823.2523324,1.0,-2.0,-73.0
1777888823.2623324,0.0,-1.0,-75.0
1777888823.2723324,0.0,2.0,-78.0
1777888823.2823324,1.0,3.0,-81.0
1777888823.2923324,-1.0,1.0,-76.0
1777888823.3023324,-2.0,1.0,-73.0
1777888823.3123324,1.0,0.0,-72.0
1777888823.3223324,2.0,0.0,-70.0
1777888823.3323324,-5.0,1.0,-65.0
1777888823.3423324,-1.0,-2.0,-64.0
1777888823.3523324,3.0,0.0,-62.0
1777888823.3623323,2.0,0.0,-69.0
1777888823.3723323,3.0,1.0,-72.0
1777888823.3823323,3.0,-2.0,-71.0
1777888823.3923323,5.0,-2.0,-70.0
1777888823.4023323,3.0,-4.0,-67.0
1777888823.4123323,2.0,-4.0,-70.0
1777888823.4223323,-1.0,-3.0,-68.0
1777888823.4323325,0.0,-4.0,-68.0
1777888823.4423325,-1.0,-2.0,-73.0
1777888823.4523325,-1.0,-2.0,-73.0
1777888823.4623325,-2.0,0.0,-79.0
1777888823.4723325,-3.0,0.0,-85.0
1777888823.4823325,-1.0,0.0,-87.0
1777888823.4923325,-5.0,-5.0,-81.0
1777888823.5023324,0.0,-6.0,-81.0
1777888823.5123324,3.0,-3.0,-76.0
1777888823.5223324,1.0,0.0,-83.0
1777888823.5323324,4.0,-4.0,-82.0
1777888823.5423324,3.0,-4.0,-76.0
1777888823.5523324,0.0,-5.0,-72.0
1777888823.5623324,-1.0,-3.0,-68.0
1777888823.5723324,0.0,-2.0,-76.0
1777888823.5823324,0.0,-1.0,-80.0
1777888823.5923324,1.0,0.0,-73.0
1777888823.6023324,2.0,0.0,-70.0
1777888823.6123323,1.0,0.0,-75.0
1777888823.6223323,-3.0,0.0,-80.0
1777888823.6323323,0.0,0.0,-81.0
1777888823.6423323,1.0,1.0,-74.0
1777888823.6523323,0.0,1.0,-78.0
1777888823.6623323,-4.0,2.0,-78.0
1777888823.6723323,-7.0,-1.0,-79.0
1777888823.6823325,-8.0,0.0,-79.0
1777888823.6923325,-6.0,-1.0,-76.0
1777888823.7023325,0.0,-2.0,-75.0
1777888823.7123325,5.0,0.0,-70.0
1777888823.7223325,3.0,1.0,-76.0
1777888823.7323325,2.0,1.0,-79.0
1777888823.7423325,2.0,-1.0,-79.0
1777888823.7523324,-4.0,-5.0,-74.0
1777888823.7623324,-4.0,-4.0,-77.0
1777888823.7723324,-4.0,0.0,-79.0
1777888823.7823324,-4.0,-3.0,-81.0
1777888823.7923324,-4.0,-5.0,-77.0
1777888823.8023324,-1.0,-4.0,-81.0
1777888823.8123324,-3.0,-8.0,-79.0
1777888823.8223324,-6.0,-8.0,-78.0
1777888823.8323324,-4.0,-4.0,-76.0
1777888823.8423324,-3.0,-4.0,-76.0
1777888823.8523324,-1.0,-4.0,-74.0
1777888823.8623323,-2.0,0.0,-76.0
1777888823.8723323,0.0,0.0,-76.0
1777888823.8823323,4.0,-2.0,-80.0
1777888823.8923323,5.0,0.0,-81.0
1777888823.9023323,-1.0,0.0,-79.0
1777888823.9123323,-4.0,2.0,-73.0
1777888823.9223323,-3.0,1.0,-75.0
1777888823.9323325,-2.0,1.0,-78.0
1777888823.9423325,-1.0,0.0,-81.0
1777888823.9523325,-4.0,0.0,-87.0
1777888823.9623325,-6.0,-2.0,-82.0
1777888823.9723325,-2.0,-4.0,-71.0
1777888823.9823325,0.0,-1.0,-73.0
1777888823.9923325,0.0,-1.0,-72.0
1777888824.0023324,2.0,-1.0,-79.0
1777888824.0123324,3.0,-1.0,-84.0
1777888824.0223324,2.0,0.0,-87.0
1777888824.0323324,10.0,-3.0,-84.0
1777888824.0423324,3.0,-7.0,-78.0
1777888824.0523324,0.0,-9.0,-73.0
1777888824.0623324,-1.0,-4.0,-75.0
1777888824.0723324,-3.0,-6.0,-76.0
1777888824.0823324,-4.0,-4.0,-73.0
1777888824.0923324,-1.0,-4.0,-80.0
1777888824.1023324,-2.0,-5.0,-78.0
1777888824.1123323,-2.0,-4.0,-81.0
1777888824.1223323,4.0,-4.0,-79.0
1777888824.1323323,4.0,-2.0,-86.0
1777888824.1423323,3.0,-4.0,-82.0
1777888824.1523323,0.0,-2.0,-85.0
1777888824.1623323,1.0,0.0,-82.0
1777888824.1723323,-1.0,0.0,-78.0
1777888824.1823325,-1.0,-3.0,-77.0
1777888824.1923325,-1.0,0.0,-75.0
1777888824.2023325,-3.0,0.0,-73.0
1777888824.2123325,1.0,0.0,-71.0
1777888824.2223325,-3.0,0.0,-65.0
1777888824.2323325,-8.0,0.0,-64.0
1777888824.2423325,-4.0,0.0,-68.0
1777888824.2523324,0.0,-1.0,-68.0
1777888824.2623324,-1.0,1.0,-71.0
1777888824.2723324,0.0,1.0,-70.0
1777888824.2823324,0.0,4.0,-73.0
1777888824.2923324,4.0,3.0,-72.0
1777888824.3023324,1.0,4.0,-64.0
1777888824.3123324,5.0,7.0,-71.0
1777888824.3223324,5.0,0.0,-74.0
1777888824.3323324,0.0,2.0,-63.0
1777888824.3423324,0.0,2.0,-61.0
1777888824.3523324,-2.0,1.0,-67.0
1777888824.3623323,1.0,0.0,-70.0
1777888824.3723323,-1.0,0.0,-62.0
1777888824.3823323,-1.0,3.0,-53.0
1777888824.3923323,2.0,6.0,-53.0
1777888824.4023323,-3.0,3.0,-59.0
1777888824.4123323,-2.0,3.0,-57.0
1777888824.4223323,2.0,1.0,-56.0
1777888824.4323325,0.0,0.0,-58.0
1777888824.4423325,-2.0,0.0,-62.0
1777888824.4523325,-4.0,-1.0,-71.0
1777888824.4623325,-7.0,-4.0,-69.0
1777888824.4723325,-7.0,-4.0,-65.0
1777888824.4823325,-8.0,-3.0,-66.0
1777888824.4923325,-7.0,-6.0,-70.0
1777888824.5023324,-4.0,0.0,-71.0
1777888824.5123324,-3.0,2.0,-70.0
1777888824.5223324,-7.0,2.0,-65.0
1777888824.5323324,-7.0,-3.0,-71.0
1777888824.5423324,-6.0,-7.0,-70.0
1777888824.5523324,-8.0,-6.0,-63.0
1777888824.5623324,-9.0,-8.0,-65.0
1777888824.5733323,-4.0,-5.0,-73.0
1777888824.5833323,1.0,-2.0,-71.0
1777888824.5933323,4.0,-3.0,-82.0
1777888824.6033323,2.0,-5.0,-74.0
1777888824.6133325,3.0,-1.0,-80.0
1777888824.6233325,2.0,-3.0,-87.0
1777888824.6333325,0.0,-2.0,-94.0
1777888824.6433325,2.0,-3.0,-93.0
1777888824.6533325,1.0,-1.0,-84.0
1777888824.6633325,0.0,3.0,-88.0
1777888824.6733325,0.0,0.0,-90.0
1777888824.6833324,-1.0,-2.0,-91.0
1777888824.6933324,-1.0,0.0,-95.0
1777888824.7033324,-1.0,-2.0,-92.0
1777888824.7133324,-3.0,-2.0,-85.0
1777888824.7233324,-6.0,-1.0,-90.0
1777888824.7333324,-7.0,1.0,-88.0
1777888824.7433324,-3.0,-2.0,-77.0
1777888824.7533324,-2.0,-2.0,-77.0
1777888824.7633324,-5.0,-2.0,-76.0
1777888824.7733324,-3.0,0.0,-73.0
1777888824.7833323,-2.0,-2.0,-72.0
1777888824.7933323,-6.0,-5.0,-82.0
1777888824.8033323,-9.0,-2.0,-80.0
1777888824.8133323,-7.0,-2.0,-84.0
1777888824.8233323,-2.0,0.0,-75.0
1777888824.8333323,0.0,0.0,-70.0
1777888824.8433323,0.0,0.0,-69.0
1777888824.8533323,5.0,0.0,-74.0
1777888824.8633325,11.0,0.0,-75.0
1777888824.8733325,11.0,4.0,-78.0
1777888824.8833325,14.0,3.0,-80.0
1777888824.8933325,9.0,1.0,-76.0
1777888824.9033325,2.0,-2.0,-70.0
1777888824.9133325,0.0,-3.0,-71.0
1777888824.9233325,1.0,-1.0,-72.0
1777888824.9333324,3.0,-4.0,-72.0
1777888824.9433324,7.0,-10.0,-77.0
1777888824.9533324,7.0,-11.0,-72.0
1777888824.9633324,5.0,-8.0,-68.0
1777888824.9733324,2.0,-2.0,-73.0
1777888824.9833324,1.0,-3.0,-69.0
1777888824.9933324,-1.0,-3.0,-70.0
1777888825.0033324,0.0,-3.0,-72.0
1777888825.0133324,1.0,-8.0,-75.0
1777888825.0233324,0.0,-9.0,-81.0
1777888825.0333323,1.0,-10.0,-83.0
1777888825.0433323,0.0,-10.0,-81.0
1777888825.0533323,2.0,-11.0,-87.0
1777888825.0633323,0.0,-7.0,-87.0
1777888825.0733323,-2.0,-3.0,-86.0
1777888825.0833323,0.0,0.0,-85.0
1777888825.0933323,7.0,-3.0,-80.0
1777888825.1033323,2.0,-3.0,-85.0
1777888825.1133325,8.0,0.0,-75.0
1777888825.1233325,5.0,1.0,-76.0
1777888825.1333325,6.0,0.0,-71.0
1777888825.1433325,2.0,-3.0,-74.0
1777888825.1533325,-1.0,-2.0,-76.0
1777888825.1633325,1.0,-3.0,-76.0
1777888825.1733325,3.0,1.0,-78.0
1777888825.1833324,3.0,2.0,-84.0
1777888825.1933324,3.0,-2.0,-83.0
1777888825.2033324,7.0,-2.0,-75.0
1777888825.2133324,4.0,2.0,-74.0
1777888825.2233324,1.0,2.0,-72.0
1777888825.2333324,4.0,1.0,-76.0
1777888825.2433324,2.0,-3.0,-73.0
1777888825.2533324,0.0,-1.0,-78.0
1777888825.2633324,-1.0,-7.0,-80.0
1777888825.2733324,-2.0,-7.0,-77.0
1777888825.2833323,-2.0,-9.0,-79.0
1777888825.2933323,1.0,-8.0,-79.0
1777888825.3033323,3.0,-5.0,-78.0
1777888825.3133323,1.0,-1.0,-78.0
1777888825.3233323,4.0,-2.0,-74.0
1777888825.3333323,3.0,-3.0,-73.0
1777888825.3433323,4.0,-1.0,-71.0
1777888825.3533323,3.0,-2.0,-73.0
1777888825.3633325,1.0,0.0,-74.0
1777888825.3733325,2.0,-2.0,-71.0
1777888825.3833325,1.0,-1.0,-75.0
1777888825.3933325,4.0,-2.0,-78.0
1777888825.4033325,5.0,-1.0,-80.0
1777888825.4133325,3.0,-4.0,-83.0
1777888825.4233325,0.0,0.0,-77.0
1777888825.4333324,6.0,0.0,-80.0
1777888825.4433324,9.0,-2.0,-83.0
1777888825.4533324,8.0,-2.0,-80.0
1777888825.4633324,2.0,0.0,-76.0
1777888825.4733324,-3.0,1.0,-78.0
1777888825.4833324,-4.0,-3.0,-77.0
1777888825.4933324,-5.0,1.0,-80.0
1777888825.5033324,0.0,-1.0,-82.0
1777888825.5133324,3.0,-5.0,-76.0
1777888825.5233324,5.0,-8.0,-84.0
1777888825.5333323,0.0,-8.0,-86.0
1777888825.5433323,-1.0,-6.0,-85.0
1777888825.5533323,0.0,-4.0,-91.0
1777888825.5633323,-1.0,-3.0,-93.0
1777888825.5733323,2.0,2.0,-90.0
1777888825.5833323,5.0,1.0,-88.0
1777888825.5933323,7.0,-1.0,-88.0
1777888825.6033323,4.0,0.0,-86.0
1777888825.6133325,4.0,-4.0,-87.0
1777888825.6233325,4.0,-6.0,-85.0
1777888825.6333325,7.0,-7.0,-84.0
1777888825.6433325,4.0,-5.0,-80.0
1777888825.6533325,0.0,-5.0,-70.0
1777888825.6633325,1.0,-2.0,-73.0
1777888825.6733325,1.0,0.0,-75.0
1777888825.6833324,2.0,0.0,-78.0
1777888825.6933324,2.0,-1.0,-75.0
1777888825.7033324,5.0,0.0,-76.0
1777888825.7133324,3.0,0.0,-71.0
1777888825.7233324,5.0,0.0,-76.0
1777888825.7333324,4.0,0.0,-79.0
1777888825.7433324,11.0,-2.0,-81.0
1777888825.7533324,11.0,2.0,-76.0
1777888825.7633324,6.0,4.0,-78.0
1777888825.7733324,4.0,2.0,-79.0
1777888825.7833323,5.0,2.0,-75.0
1777888825.7933323,5.0,1.0,-81.0
1777888825.8033323,5.0,-2.0,-81.0
1777888825.8133323,3.0,-2.0,-78.0
1777888825.8233323,5.0,-2.0,-82.0
1777888825.8333323,8.0,-5.0,-86.0
1777888825.8433323,1.0,-6.0,-84.0
1777888825.8533323,5.0,-5.0,-80.0
1777888825.8633325,10.0,-7.0,-78.0
1777888825.8733325,7.0,-3.0,-83.0
1777888825.8833325,3.0,0.0,-84.0
1777888825.8933325,0.0,-1.0,-80.0
1777888825.9033325,3.0,4.0,-75.0
1777888825.9133325,3.0,5.0,-72.0
1777888825.9233325,5.0,7.0,-70.0
1777888825.9333324,3.0,10.0,-74.0
1777888825.9433324,0.0,9.0,-73.0
1777888825.9533324,0.0,3.0,-70.0
1777888825.9633324,0.0,1.0,-67.0
1777888825.9733324,-1.0,0.0,-73.0
1777888825.9833324,-2.0,2.0,-75.0
1777888825.9933324,-3.0,4.0,-71.0
1777888826.0033324,-1.0,4.0,-72.0
1777888826.0133324,2.0,4.0,-72.0
1777888826.0233324,0.0,8.0,-69.0
1777888826.0333323,-3.0,6.0,-70.0
1777888826.0433323,-1.0,4.0,-74.0
1777888826.0533323,0.0,6.0,-70.0
1777888826.0633323,2.0,8.0,-71.0
1777888826.0733323,2.0,9.0,-78.0
1777888826.0833323,0.0,7.0,-85.0
1777888826.0933323,-2.0,5.0,-89.0
1777888826.1033323,0.0,0.0,-88.0
1777888826.1133325,-2.0,-1.0,-90.0
1777888826.1233325,-3.0,-5.0,-91.0
1777888826.1333325,-2.0,-6.0,-87.0
1777888826.1433325,-4.0,-1.0,-83.0
1777888826.1533325,-4.0,-4.0,-81.0
1777888826.1633325,-2.0,-6.0,-81.0
1777888826.1733325,3.0,-10.0,-80.0
1777888826.1833324,3.0,-13.0,-78.0
1777888826.1933324,1.0,-9.0,-80.0
1777888826.2033324,3.0,-9.0,-78.0
1777888826.2133324,6.0,-7.0,-85.0
1777888826.2233324,8.0,-6.0,-89.0
1777888826.2333324,10.0,-9.0,-86.0
1777888826.2433324,11.0,-7.0,-81.0
1777888826.2533324,4.0,-9.0,-79.0
1777888826.2633324,4.0,-6.0,-86.0
1777888826.2733324,6.0,-9.0,-87.0
1777888826.2833323,3.0,-4.0,-92.0
1777888826.2933323,1.0,-1.0,-89.0
1777888826.3033323,0.0,0.0,-84.0
1777888826.3133323,0.0,0.0,-78.0
1777888826.3233323,0.0,-3.0,-70.0
1777888826.3333323,1.0,-3.0,-69.0
1777888826.3433323,3.0,-2.0,-78.0
1777888826.3533323,2.0,-6.0,-81.0
1777888826.3633325,2.0,-3.0,-78.0
1777888826.3733325,0.0,-2.0,-69.0
1777888826.3833325,-3.0,-3.0,-67.0
1777888826.3933325,-3.0,-2.0,-70.0
1777888826.4033325,-5.0,-4.0,-68.0
1777888826.4133325,-1.0,-4.0,-66.0
1777888826.4233325,-2.0,-10.0,-68.0
1777888826.4333324,1.0,-10.0,-73.0
1777888826.4433324,-1.0,-10.0,-77.0
1777888826.4533324,-6.0,-7.0,-80.0
1777888826.4633324,1.0,-2.0,-82.0
1777888826.4733324,5.0,-2.0,-84.0
1777888826.4833324,3.0,-1.0,-85.0
1777888826.4933324,0.0,-5.0,-78.0
1777888826.5033324,0.0,-4.0,-80.0
1777888826.5133324,1.0,-2.0,-82.0
1777888826.5233324,-1.0,3.0,-79.0
1777888826.5333323,0.0,-4.0,-80.0
1777888826.5443325,1.0,-2.0,-81.0
1777888826.5543325,1.0,0.0,-72.0
1777888826.5643325,4.0,0.0,-72.0
1777888826.5743325,6.0,3.0,-72.0
1777888826.5843325,1.0,2.0,-71.0
1777888826.5943325,-3.0,0.0,-65.0
1777888826.6043324,-5.0,0.0,-73.0
1777888826.6143324,2.0,1.0,-77.0
1777888826.6243324,4.0,4.0,-75.0
1777888826.6343324,6.0,4.0,-74.0
1777888826.6443324,4.0,2.0,-80.0
1777888826.6533325,0.0,4.0,-80.0
1777888826.6643324,-4.0,5.0,-80.0
1777888826.6743324,-6.0,10.0,-83.0
1777888826.6843324,-2.0,11.0,-81.0
1777888826.6943324,0.0,9.0,-76.0
1777888826.7043324,2.0,4.0,-76.0
1777888826.7143323,4.0,3.0,-78.0
1777888826.7243323,3.0,3.0,-78.0
1777888826.7343323,1.0,1.0,-75.0
1777888826.7453325,1.0,3.0,-80.0
1777888826.7543323,2.0,5.0,-76.0
1777888826.7643323,4.0,2.0,-74.0
1777888826.7743323,0.0,2.0,-76.0
1777888826.7843325,-1.0,3.0,-75.0
1777888826.7943325,0.0,0.0,-79.0
1777888826.8043325,3.0,-1.0,-75.0
1777888826.8143325,-1.0,-2.0,-77.0
1777888826.8243325,-1.0,-4.0,-76.0
1777888826.8343325,0.0,-3.0,-75.0
1777888826.8443325,3.0,-1.0,-68.0
1777888826.8543324,6.0,-2.0,-69.0
1777888826.8643324,1.0,-2.0,-67.0
1777888826.8743324,1.0,0.0,-64.0
1777888826.8843324,3.0,1.0,-61.0
1777888826.8943324,2.0,2.0,-64.0
1777888826.9043324,6.0,-4.0,-79.0
1777888826.9143324,9.0,-3.0,-75.0
1777888826.9243324,11.0,2.0,-84.0
1777888826.9343324,9.0,1.0,-86.0
1777888826.9443324,13.0,0.0,-83.0
1777888826.9543324,8.0,0.0,-90.0
1777888826.9643323,4.0,-4.0,-87.0
1777888826.9743323,5.0,-5.0,-86.0
1777888826.9843323,0.0,-5.0,-83.0
1777888826.9943323,0.0,0.0,-89.0
1777888827.0043323,4.0,0.0,-82.0
1777888827.0143323,2.0,1.0,-83.0
1777888827.0243323,5.0,-2.0,-81.0
1777888827.0343325,2.0,1.0,-83.0
1777888827.0443325,9.0,3.0,-82.0
1777888827.0543325,2.0,-1.0,-75.0
1777888827.0643325,-4.0,-1.0,-73.0
1777888827.0743325,-3.0,-1.0,-69.0
1777888827.0843325,-2.0,-5.0,-73.0
1777888827.0943325,2.0,-5.0,-72.0
1777888827.1043324,1.0,-6.0,-80.0
1777888827.1143324,2.0,0.0,-76.0
1777888827.1243324,0.0,-2.0,-74.0
1777888827.1343324,1.0,1.0,-74.0
1777888827.1443324,4.0,3.0,-72.0
1777888827.1543324,5.0,6.0,-72.0
1777888827.1643324,3.0,5.0,-80.0
1777888827.1743324,-1.0,1.0,-81.0
1777888827.1843324,0.0,-3.0,-78.0
1777888827.1943324,-5.0,-4.0,-75.0
1777888827.2043324,-7.0,-3.0,-78.0
1777888827.2143323,-3.0,-6.0,-79.0
1777888827.2243323,-4.0,0.0,-83.0
1777888827.2343323,-5.0,-2.0,-77.0
1777888827.2443323,-4.0,2.0,-74.0
1777888827.2543323,-5.0,3.0,-75.0
1777888827.2643323,1.0,4.0,-74.0
1777888827.2743323,3.0,2.0,-75.0
1777888827.2843325,1.0,1.0,-75.0
1777888827.2943325,0.0,1.0,-73.0
1777888827.3043325,0.0,2.0,-79.0
1777888827.3143325,-3.0,0.0,-74.0
1777888827.3243325,0.0,-3.0,-72.0
1777888827.3343325,0.0,-2.0,-72.0
1777888827.3443325,-1.0,-2.0,-74.0
1777888827.3543324,-4.0,-2.0,-67.0
1777888827.3643324,-4.0,-1.0,-66.0
1777888827.3743324,-6.0,-3.0,-67.0
1777888827.3843324,-6.0,-2.0,-72.0
1777888827.3943324,-4.0,-3.0,-66.0
1777888827.4043324,0.0,-5.0,-65.0
1777888827.4143324,-1.0,-3.0,-64.0
1777888827.4243324,0.0,0.0,-73.0
1777888827.4343324,0.0,0.0,-76.0
1777888827.4443324,0.0,0.0,-79.0
1777888827.4543324,0.0,4.0,-80.0
1777888827.4643323,0.0,6.0,-77.0
1777888827.4743323,0.0,5.0,-75.0
1777888827.4843323,1.0,6.0,-77.0
1777888827.4943323,0.0,8.0,-80.0
1777888827.5043323,2.0,8.0,-76.0
1777888827.5143323,-2.0,8.0,-65.0
1777888827.5243323,2.0,6.0,-66.0
1777888827.5343325,2.0,3.0,-72.0
1777888827.5443325,0.0,1.0,-72.0
1777888827.5543325,2.0,0.0,-77.0
1777888827.5643325,4.0,0.0,-74.0
1777888827.5743325,3.0,1.0,-77.0
1777888827.5843325,1.0,0.0,-80.0
1777888827.5943325,0.0,-4.0,-84.0
1777888827.6043324,0.0,-1.0,-77.0
1777888827.6143324,-2.0,-2.0,-73.0
1777888827.6243324,-9.0,-2.0,-77.0
1777888827.6343324,-6.0,-2.0,-76.0
1777888827.6443324,-2.0,0.0,-76.0
1777888827.6543324,0.0,-3.0,-79.0
1777888827.6643324,0.0,-3.0,-70.0
1777888827.6743324,-1.0,-3.0,-62.0
1777888827.6843324,0.0,-4.0,-66.0
1777888827.6943324,0.0,-4.0,-74.0
1777888827.7043324,-5.0,-6.0,-75.0
1777888827.7143323,-5.0,-5.0,-76.0
1777888827.7243323,-4.0,-7.0,-82.0
1777888827.7343323,0.0,-8.0,-83.0
1777888827.7443323,0.0,-7.0,-78.0
1777888827.7543323,2.0,-2.0,-74.0
1777888827.7643323,8.0,0.0,-72.0
1777888827.7743323,6.0,-2.0,-79.0
1777888827.7843325,6.0,-3.0,-83.0
1777888827.7943325,10.0,-3.0,-85.0
1777888827.8043325,10.0,-3.0,-76.0
1777888827.8143325,9.0,-1.0,-72.0
1777888827.8243325,6.0,0.0,-72.0
1777888827.8343325,0.0,1.0,-72.0
1777888827.8443325,2.0,-1.0,-71.0
1777888827.8543324,0.0,1.0,-76.0
1777888827.8643324,-2.0,-1.0,-82.0
1777888827.8743324,-3.0,2.0,-82.0
1777888827.8843324,-1.0,5.0,-78.0
1777888827.8943324,7.0,1.0,-83.0
1777888827.9043324,5.0,0.0,-88.0
1777888827.9143324,0.0,-4.0,-82.0
1777888827.9243324,-1.0,-5.0,-76.0
1777888827.9343324,0.0,-5.0,-77.0
1777888827.9443324,-1.0,-6.0,-77.0
1777888827.9543324,-2.0,-5.0,-77.0
1777888827.9643323,-2.0,-8.0,-76.0
1777888827.9743323,-1.0,-7.0,-77.0
1777888827.9843323,0.0,-7.0,-72.0
1777888827.9943323,0.0,-7.0,-73.0
1777888828.0043323,-1.0,-2.0,-77.0
1777888828.0143323,0.0,0.0,-77.0
1777888828.0243323,0.0,2.0,-74.0
1777888828.0343325,4.0,4.0,-75.0
1777888828.0443325,4.0,1.0,-71.0
1777888828.0543325,6.0,-3.0,-70.0
1777888828.0643325,5.0,-4.0,-71.0
1777888828.0743325,2.0,-7.0,-72.0
1777888828.0843325,0.0,-7.0,-77.0
1777888828.0943325,2.0,-4.0,-80.0
1777888828.1043324,6.0,-5.0,-86.0
1777888828.1143324,12.0,-1.0,-77.0
1777888828.1243324,8.0,-3.0,-76.0
1777888828.1343324,4.0,0.0,-81.0
1777888828.1443324,3.0,-1.0,-86.0
1777888828.1543324,4.0,-8.0,-85.0
1777888828.1643324,6.0,-8.0,-81.0
1777888828.1743324,8.0,-5.0,-76.0
1777888828.1843324,8.0,-3.0,-75.0
1777888828.1943324,3.0,2.0,-73.0
1777888828.2043324,-2.0,0.0,-73.0
1777888828.2143323,0.0,2.0,-73.0
1777888828.2243323,3.0,0.0,-78.0
1777888828.2343323,3.0,0.0,-79.0
1777888828.2443323,1.0,0.0,-82.0
1777888828.2543323,0.0,-3.0,-83.0
1777888828.2643323,1.0,2.0,-76.0
1777888828.2743323,-1.0,1.0,-73.0
1777888828.2843325,-1.0,0.0,-74.0
1777888828.2943325,-5.0,1.0,-76.0
1777888828.3043325,3.0,4.0,-78.0
1777888828.3143325,7.0,8.0,-78.0
1777888828.3243325,0.0,7.0,-76.0
1777888828.3343325,-2.0,4.0,-70.0
1777888828.3443325,-6.0,0.0,-68.0
1777888828.3543324,-1.0,0.0,-71.0
1777888828.3643324,0.0,-3.0,-70.0
1777888828.3743324,0.0,-1.0,-62.0
1777888828.3843324,0.0,-1.0,-65.0
1777888828.3943324,0.0,3.0,-65.0
1777888828.4043324,2.0,4.0,-69.0
1777888828.4143324,0.0,6.0,-69.0
1777888828.4243324,3.0,5.0,-65.0
1777888828.4343324,2.0,7.0,-63.0
1777888828.4443324,-2.0,6.0,-60.0
1777888828.4543324,-4.0,3.0,-59.0
1777888828.4643323,0.0,4.0,-59.0
1777888828.4743323,0.0,2.0,-62.0
1777888828.4843323,0.0,1.0,-72.0
1777888828.4943323,0.0,3.0,-72.0
1777888828.5043323,-1.0,0.0,-69.0
1777888828.5143323,-2.0,-2.0,-66.0
1777888828.5253325,-9.0,-3.0,-64.0
1777888828.5353324,-11.0,-5.0,-68.0
1777888828.5453324,-10.0,-4.0,-63.0
1777888828.5543325,-4.0,-1.0,-73.0
1777888828.5653324,-2.0,-1.0,-89.0
1777888828.5753324,-1.0,0.0,-84.0
1777888828.5853324,0.0,0.0,-80.0
1777888828.5953324,-7.0,2.0,-78.0
1777888828.6053324,-12.0,4.0,-69.0
1777888828.6153324,-11.0,5.0,-75.0
1777888828.6253324,-11.0,4.0,-78.0
1777888828.6353323,-9.0,0.0,-82.0
1777888828.6453323,-9.0,-5.0,-79.0
1777888828.6553323,-5.0,-1.0,-82.0
1777888828.6653323,-3.0,-2.0,-83.0
1777888828.6753323,-1.0,-2.0,-76.0
1777888828.6853323,-3.0,1.0,-80.0
1777888828.6953323,-5.0,-3.0,-83.0
1777888828.7053325,-3.0,-2.0,-81.0
1777888828.7153325,-7.0,0.0,-88.0
1777888828.7253325,-1.0,0.0,-89.0
1777888828.7353325,2.0,-2.0,-91.0
1777888828.7453325,-1.0,-1.0,-88.0
1777888828.7553325,-3.0,-3.0,-84.0
1777888828.7653325,-2.0,-4.0,-75.0
1777888828.7753325,4.0,-1.0,-71.0
1777888828.7853324,3.0,1.0,-67.0
1777888828.7953324,2.0,-1.0,-70.0
1777888828.8053324,0.0,-1.0,-72.0
1777888828.8153324,2.0,0.0,-74.0
1777888828.8253324,2.0,-4.0,-67.0
1777888828.8353324,2.0,-7.0,-72.0
1777888828.8453324,0.0,-3.0,-79.0
1777888828.8553324,0.0,-3.0,-75.0
1777888828.8653324,0.0,-4.0,-72.0
1777888828.8753324,-1.0,-2.0,-71.0
1777888828.8853323,-1.0,-1.0,-71.0
1777888828.8953323,4.0,1.0,-73.0
1777888828.9053323,2.0,2.0,-75.0
1777888828.9153323,-3.0,4.0,-74.0
1777888828.9253323,1.0,3.0,-80.0
1777888828.9353323,-5.0,4.0,-76.0
1777888828.9453323,-1.0,10.0,-74.0
1777888828.9553325,1.0,9.0,-75.0
1777888828.9653325,1.0,2.0,-72.0
1777888828.9753325,1.0,2.0,-76.0
1777888828.9853325,2.0,5.0,-82.0
1777888828.9953325,-1.0,6.0,-82.0
1777888829.0053325,-1.0,6.0,-80.0
1777888829.0153325,-4.0,6.0,-78.0
1777888829.0253325,-2.0,2.0,-75.0
1777888829.0353324,5.0,3.0,-72.0
1777888829.0453324,3.0,-1.0,-70.0
1777888829.0553324,5.0,0.0,-74.0
1777888829.0653324,3.0,0.0,-74.0
1777888829.0753324,2.0,0.0,-74.0
1777888829.0853324,4.0,-2.0,-78.0
1777888829.0953324,5.0,-4.0,-78.0
1777888829.1053324,4.0,-5.0,-75.0
1777888829.1153324,5.0,0.0,-76.0
1777888829.1253324,4.0,4.0,-74.0
1777888829.1353323,3.0,0.0,-77.0
1777888829.1453323,-1.0,-3.0,-78.0
1777888829.1553323,-3.0,-4.0,-73.0
1777888829.1653323,-2.0,-6.0,-74.0
1777888829.1753323,2.0,-7.0,-76.0
1777888829.1853323,1.0,-5.0,-79.0
1777888829.1953323,0.0,0.0,-84.0
1777888829.2053325,-3.0,0.0,-90.0
1777888829.2153325,-1.0,0.0,-90.0
1777888829.2253325,1.0,-3.0,-78.0
1777888829.2353325,3.0,-1.0,-72.0
1777888829.2453325,0.0,2.0,-73.0
1777888829.2553325,0.0,2.0,-71.0
1777888829.2653325,5.0,1.0,-70.0
1777888829.2753325,9.0,0.0,-77.0
1777888829.2853324,6.0,-5.0,-82.0
1777888829.2953324,4.0,-3.0,-82.0
1777888829.3053324,6.0,-3.0,-76.0
1777888829.3153324,8.0,0.0,-79.0
1777888829.3253324,8.0,0.0,-85.0
1777888829.3353324,9.0,0.0,-90.0
1777888829.3453324,7.0,-2.0,-89.0
1777888829.3553324,2.0,1.0,-85.0
1777888829.3653324,1.0,0.0,-86.0
1777888829.3753324,2.0,2.0,-84.0
1777888829.3853323,8.0,-2.0,-79.0
1777888829.3953323,6.0,-4.0,-82.0
1777888829.4053323,5.0,-4.0,-86.0
1777888829.4153323,7.0,-2.0,-81.0
1777888829.4253323,7.0,-3.0,-84.0
1777888829.4353323,7.0,-1.0,-74.0
1777888829.4453323,7.0,3.0,-77.0
1777888829.4553325,5.0,1.0,-80.0
1777888829.4653325,0.0,0.0,-77.0
1777888829.4753325,-3.0,-2.0,-74.0
1777888829.4853325,-2.0,0.0,-75.0
1777888829.4953325,-1.0,0.0,-76.0
1777888829.5053325,0.0,0.0,-70.0
1777888829.5153325,1.0,-5.0,-69.0
1777888829.5253325,0.0,-5.0,-67.0
1777888829.5353324,-1.0,-7.0,-76.0
1777888829.5453324,-1.0,-3.0,-82.0
1777888829.5553324,-3.0,-3.0,-84.0
1777888829.5653324,-8.0,0.0,-81.0
1777888829.5753324,-6.0,3.0,-77.0
1777888829.5853324,-4.0,2.0,-78.0
1777888829.5953324,0.0,4.0,-79.0
1777888829.6053324,0.0,3.0,-81.0
1777888829.6153324,0.0,4.0,-80.0
1777888829.6253324,1.0,2.0,-76.0
1777888829.6353323,1.0,0.0,-73.0
1777888829.6453323,-1.0,0.0,-79.0
1777888829.6553323,-1.0,0.0,-78.0
1777888829.6653323,0.0,-1.0,-77.0
1777888829.6753323,-1.0,-4.0,-82.0
1777888829.6853323,-3.0,-6.0,-84.0
1777888829.6953323,-1.0,-4.0,-80.0
1777888829.7053325,-4.0,-1.0,-78.0
1777888829.7153325,-1.0,-2.0,-76.0
1777888829.7253325,-1.0,2.0,-80.0
1777888829.7353325,0.0,1.0,-80.0
1777888829.7453325,-1.0,4.0,-72.0
1777888829.7553325,0.0,4.0,-69.0
1777888829.7653325,2.0,1.0,-69.0
1777888829.7753325,1.0,0.0,-73.0
1777888829.7853324,-2.0,0.0,-80.0
1777888829.7953324,1.0,1.0,-81.0
1777888829.8053324,7.0,0.0,-79.0
1777888829.8153324,9.0,-1.0,-82.0
1777888829.8253324,8.0,1.0,-87.0
1777888829.8353324,8.0,-2.0,-89.0
1777888829.8453324,3.0,-5.0,-93.0
1777888829.8553324,7.0,-6.0,-90.0
1777888829.8653324,10.0,-8.0,-93.0
1777888829.8753324,6.0,-8.0,-92.0
1777888829.8853323,8.0,-8.0,-87.0
1777888829.8953323,9.0,-3.0,-84.0
1777888829.9053323,9.0,-1.0,-83.0
1777888829.9153323,9.0,-3.0,-82.0
1777888829.9253323,4.0,-4.0,-79.0
1777888829.9353323,3.0,-6.0,-77.0
1777888829.9453323,4.0,-10.0,-71.0
1777888829.9553325,6.0,-10.0,-68.0
1777888829.9653325,4.0,-7.0,-68.0
1777888829.9753325,4.0,-5.0,-68.0
1777888829.9853325,1.0,-1.0,-71.0
1777888829.9953325,3.0,-3.0,-75.0
1777888830.0053325,4.0,-7.0,-78.0
1777888830.0153325,6.0,-6.0,-74.0
1777888830.0253325,3.0,-4.0,-72.0
1777888830.0353324,7.0,-5.0,-69.0
1777888830.0453324,1.0,-8.0,-68.0
1777888830.0553324,-2.0,-11.0,-68.0
1777888830.0653324,-5.0,-8.0,-78.0
1777888830.0753324,-6.0,-8.0,-73.0
1777888830.0853324,-4.0,-8.0,-70.0
1777888830.0953324,-3.0,-10.0,-72.0
1777888830.1053324,-5.0,-9.0,-69.0
1777888830.1153324,-4.0,-10.0,-67.0
1777888830.1253324,-2.0,-14.0,-65.0
1777888830.1353323,0.0,-11.0,-67.0
1777888830.1453323,0.0,-11.0,-68.0
1777888830.1553323,-4.0,-4.0,-72.0
1777888830.1653323,0.0,-3.0,-76.0
1777888830.1753323,-3.0,-3.0,-76.0
1777888830.1853323,-1.0,-3.0,-80.0
1777888830.1953323,0.0,-3.0,-75.0
1777888830.2053325,-2.0,-5.0,-81.0
1777888830.2153325,-2.0,-4.0,-85.0
1777888830.2253325,-2.0,-4.0,-86.0
1777888830.2353325,-1.0,-5.0,-87.0
1777888830.2453325,-2.0,-3.0,-89.0
1777888830.2553325,-1.0,-2.0,-85.0
1777888830.2653325,0.0,-4.0,-81.0
1777888830.2753325,-2.0,-3.0,-82.0
1777888830.2853324,0.0,-4.0,-77.0
1777888830.2953324,0.0,-2.0,-86.0
1777888830.3053324,2.0,-2.0,-91.0
1777888830.3153324,2.0,-5.0,-91.0
1777888830.3253324,0.0,-1.0,-86.0
1777888830.3353324,0.0,-1.0,-82.0
1777888830.3453324,0.0,-2.0,-72.0
1777888830.3553324,-3.0,0.0,-74.0
1777888830.3653324,-1.0,-1.0,-74.0
1777888830.3753324,-1.0,-5.0,-75.0
1777888830.3853323,-3.0,-1.0,-85.0
1777888830.3953323,-2.0,-4.0,-83.0
1777888830.4053323,-9.0,-7.0,-82.0
1777888830.4153323,-6.0,-5.0,-84.0
1777888830.4253323,-7.0,-2.0,-72.0
1777888830.4353323,-3.0,-1.0,-72.0
1777888830.4453323,-2.0,0.0,-76.0
1777888830.4553325,-3.0,3.0,-74.0
1777888830.4653325,-3.0,3.0,-80.0
1777888830.4763324,0.0,0.0,-83.0
1777888830.4853325,0.0,0.0,-83.0
1777888830.4953325,3.0,-2.0,-84.0
1777888830.5053325,-1.0,-1.0,-88.0
1777888830.5163324,-4.0,-3.0,-86.0
1777888830.5263324,-5.0,-3.0,-81.0
1777888830.5363324,-6.0,0.0,-80.0
1777888830.5463324,-3.0,-3.0,-81.0
1777888830.5563323,1.0,-1.0,-83.0
1777888830.5663323,8.0,-1.0,-87.0
1777888830.5763323,9.0,-3.0,-85.0
1777888830.5863323,10.0,-6.0,-85.0
1777888830.5963323,12.0,-4.0,-79.0
1777888830.6063323,12.0,-1.0,-81.0
1777888830.6163323,10.0,-2.0,-81.0
1777888830.6263323,7.0,-5.0,-76.0
1777888830.6363325,5.0,-5.0,-75.0
1777888830.6463325,2.0,-5.0,-73.0
1777888830.6563325,9.0,-1.0,-74.0
1777888830.6663325,9.0,-2.0,-74.0
1777888830.6763325,4.0,-1.0,-67.0
1777888830.6863325,3.0,0.0,-65.0
1777888830.6963325,2.0,-3.0,-68.0
1777888830.7063324,2.0,0.0,-74.0
1777888830.7163324,1.0,3.0,-75.0
1777888830.7263324,0.0,5.0,-69.0
1777888830.7363324,0.0,2.0,-70.0
1777888830.7463324,6.0,2.0,-78.0
1777888830.7563324,4.0,4.0,-74.0
1777888830.7663324,2.0,1.0,-75.0
1777888830.7763324,2.0,1.0,-80.0
1777888830.7863324,4.0,1.0,-84.0
1777888830.7963324,3.0,4.0,-81.0
1777888830.8063323,2.0,4.0,-77.0
1777888830.8163323,6.0,4.0,-78.0
1777888830.8263323,3.0,1.0,-80.0
1777888830.8363323,2.0,0.0,-87.0
1777888830.8463323,3.0,3.0,-88.0
1777888830.8563323,3.0,4.0,-85.0
1777888830.8663323,0.0,3.0,-79.0
1777888830.8763323,0.0,6.0,-83.0
1777888830.8863325,-3.0,9.0,-83.0
1777888830.8963325,-8.0,6.0,-81.0
1777888830.9063325,-5.0,1.0,-77.0
1777888830.9163325,0.0,-1.0,-75.0
1777888830.9263325,3.0,-1.0,-80.0
1777888830.9363325,0.0,-1.0,-79.0
1777888830.9463325,-1.0,-4.0,-80.0
1777888830.9563324,0.0,-4.0,-77.0
1777888830.9663324,0.0,-2.0,-81.0
1777888830.9763324,-3.0,-3.0,-75.0
1777888830.9863324,1.0,0.0,-74.0
1777888830.9963324,1.0,-1.0,-76.0
1777888831.0063324,2.0,3.0,-80.0
1777888831.0163324,-1.0,4.0,-86.0
1777888831.0263324,0.0,2.0,-87.0
1777888831.0363324,0.0,1.0,-80.0
1777888831.0463324,2.0,1.0,-75.0
1777888831.0563323,1.0,0.0,-65.0
1777888831.0663323,3.0,-1.0,-61.0
1777888831.0763323,0.0,0.0,-63.0
1777888831.0863323,-1.0,0.0,-70.0
1777888831.0963323,1.0,-2.0,-78.0
1777888831.1063323,-6.0,-5.0,-73.0
1777888831.1163323,-8.0,-7.0,-71.0
1777888831.1263323,-5.0,-3.0,-73.0
1777888831.1363325,-9.0,-1.0,-74.0
1777888831.1463325,-11.0,3.0,-84.0
1777888831.1563325,-9.0,-1.0,-88.0
1777888831.1663325,-2.0,-4.0,-85.0
1777888831.1763325,0.0,-2.0,-75.0
1777888831.1863325,-2.0,-5.0,-69.0
1777888831.1963325,-2.0,-4.0,-66.0
1777888831.2063324,-4.0,-8.0,-68.0
1777888831.2163324,-2.0,-8.0,-64.0
1777888831.2263324,-3.0,-2.0,-66.0
1777888831.2363324,-2.0,0.0,-75.0
1777888831.2463324,0.0,1.0,-72.0
1777888831.2563324,0.0,0.0,-72.0
1777888831.2663324,-6.0,1.0,-74.0
1777888831.2763324,-6.0,-1.0,-78.0
1777888831.2863324,-4.0,0.0,-80.0
1777888831.2963324,0.0,-1.0,-77.0
1777888831.3063323,-3.0,-4.0,-71.0
1777888831.3163323,0.0,-6.0,-71.0
1777888831.3263323,2.0,-1.0,-70.0
1777888831.3363323,3.0,-1.0,-69.0
1777888831.3463323,4.0,0.0,-71.0
1777888831.3563323,3.0,0.0,-75.0
1777888831.3663323,2.0,0.0,-72.0
1777888831.3763323,1.0,0.0,-75.0
1777888831.3863325,3.0,0.0,-75.0
1777888831.3963325,1.0,0.0,-68.0
1777888831.4063325,-2.0,0.0,-70.0
1777888831.4163325,0.0,0.0,-68.0
1777888831.4263325,1.0,0.0,-66.0
1777888831.4363325,0.0,2.0,-73.0
1777888831.4463325,-1.0,0.0,-68.0
1777888831.4563324,2.0,2.0,-68.0
1777888831.4663324,1.0,1.0,-70.0
1777888831.4763324,2.0,2.0,-76.0
1777888831.4863324,7.0,0.0,-71.0
1777888831.4963324,11.0,2.0,-69.0
1777888831.5063324,8.0,1.0,-63.0
1777888831.5163324,6.0,0.0,-61.0
1777888831.5263324,6.0,0.0,-69.0
1777888831.5363324,3.0,0.0,-67.0
1777888831.5463324,2.0,0.0,-60.0
1777888831.5563323,-1.0,2.0,-63.0
1777888831.5663323,0.0,1.0,-68.0
1777888831.5763323,-1.0,4.0,-58.0
1777888831.5863323,-1.0,3.0,-62.0
1777888831.5963323,0.0,0.0,-68.0
1777888831.6063323,-3.0,-4.0,-74.0
1777888831.6163323,-1.0,-3.0,-78.0
1777888831.6263323,0.0,-4.0,-81.0
1777888831.6363325,-3.0,-6.0,-81.0
1777888831.6463325,-4.0,-3.0,-87.0
1777888831.6563325,-3.0,1.0,-82.0
1777888831.6663325,-5.0,1.0,-82.0
1777888831.6763325,0.0,1.0,-73.0
1777888831.6863325,1.0,4.0,-69.0
1777888831.6963325,9.0,5.0,-65.0
1777888831.7063324,2.0,8.0,-67.0
1777888831.7163324,0.0,8.0,-65.0
1777888831.7263324,0.0,4.0,-69.0
1777888831.7363324,3.0,-3.0,-72.0
1777888831.7463324,2.0,-4.0,-76.0
1777888831.7563324,5.0,0.0,-71.0
1777888831.7663324,2.0,0.0,-77.0
1777888831.7763324,2.0,-1.0,-76.0
1777888831.7863324,2.0,-5.0,-78.0
1777888831.7963324,-3.0,-7.0,-81.0
1777888831.8063323,-6.0,-8.0,-79.0
1777888831.8163323,-5.0,-9.0,-78.0
1777888831.8263323,-3.0,-8.0,-78.0
1777888831.8363323,-1.0,-5.0,-80.0
1777888831.8463323,1.0,2.0,-80.0
1777888831.8563323,2.0,1.0,-77.0
1777888831.8663323,0.0,1.0,-82.0
1777888831.8763323,0.0,2.0,-79.0
1777888831.8863325,0.0,2.0,-79.0
1777888831.8963325,1.0,2.0,-83.0
1777888831.9063325,2.0,4.0,-86.0
1777888831.9163325,1.0,3.0,-87.0
1777888831.9263325,0.0,1.0,-78.0
1777888831.9363325,0.0,2.0,-76.0
1777888831.9463325,-3.0,0.0,-79.0
1777888831.9563324,-3.0,0.0,-83.0
1777888831.9663324,0.0,-3.0,-86.0
1777888831.9763324,2.0,-2.0,-82.0
1777888831.9863324,0.0,-3.0,-76.0
1777888831.9963324,0.0,-3.0,-73.0
1777888832.0063324,1.0,-3.0,-77.0
1777888832.0163324,0.0,-6.0,-77.0
1777888832.0263324,0.0,-2.0,-76.0
1777888832.0363324,-1.0,-4.0,-77.0
1777888832.0463324,-6.0,-3.0,-82.0
1777888832.0563323,-1.0,-2.0,-74.0
1777888832.0663323,3.0,-2.0,-70.0
1777888832.0763323,3.0,-1.0,-66.0
1777888832.0863323,2.0,0.0,-71.0
1777888832.0963323,3.0,3.0,-76.0
1777888832.1063323,4.0,2.0,-76.0
1777888832.1163323,4.0,1.0,-81.0
1777888832.1263323,2.0,4.0,-78.0
1777888832.1363325,0.0,3.0,-83.0
1777888832.1463325,2.0,5.0,-80.0
1777888832.1563325,0.0,7.0,-81.0
1777888832.1663325,1.0,0.0,-79.0
1777888832.1763325,5.0,0.0,-84.0
1777888832.1873324,5.0,-1.0,-81.0
1777888832.1963325,3.0,-2.0,-80.0
1777888832.2063324,3.0,0.0,-83.0
1777888832.2163324,1.0,-1.0,-86.0
1777888832.2263324,0.0,0.0,-78.0
1777888832.2363324,8.0,3.0,-72.0
1777888832.2463324,10.0,3.0,-71.0
1777888832.2563324,7.0,0.0,-77.0
1777888832.2663324,1.0,0.0,-82.0
1777888832.2763324,-1.0,-5.0,-80.0
1777888832.2863324,-2.0,-5.0,-88.0
1777888832.2963324,-1.0,-9.0,-88.0
1777888832.3063323,-3.0,-6.0,-89.0
1777888832.3163323,-3.0,1.0,-88.0
1777888832.3263323,-4.0,0.0,-81.0
1777888832.3363323,-3.0,-1.0,-82.0
1777888832.3463323,-5.0,-5.0,-80.0
1777888832.3563323,-7.0,-4.0,-79.0
1777888832.3663323,-3.0,0.0,-77.0
1777888832.3763323,1.0,-1.0,-84.0
1777888832.3863325,5.0,-1.0,-78.0
1777888832.3963325,5.0,-6.0,-77.0
1777888832.4063325,5.0,-14.0,-77.0
1777888832.4163325,-2.0,-16.0,-76.0
1777888832.4263325,-1.0,-15.0,-69.0
1777888832.4363325,3.0,-9.0,-68.0
1777888832.4463325,7.0,-2.0,-70.0
1777888832.4563324,2.0,-1.0,-71.0
1777888832.4663324,6.0,0.0,-78.0
1777888832.4773324,6.0,2.0,-83.0
1777888832.4873323,2.0,0.0,-82.0
1777888832.4973323,6.0,0.0,-77.0
1777888832.5073323,3.0,-3.0,-78.0
1777888832.5173323,4.0,0.0,-79.0
1777888832.5273323,3.0,0.0,-79.0
1777888832.5373323,-1.0,1.0,-77.0
1777888832.5473323,-3.0,4.0,-84.0
1777888832.5573325,-7.0,6.0,-97.0
1777888832.5673325,-10.0,7.0,-96.0
1777888832.5773325,-8.0,7.0,-91.0
1777888832.5873325,-5.0,6.0,-82.0
1777888832.5973325,-2.0,6.0,-80.0
1777888832.6073325,-4.0,5.0,-85.0
1777888832.6173325,-5.0,6.0,-80.0
1777888832.6273324,-1.0,8.0,-77.0
1777888832.6373324,-1.0,5.0,-76.0
1777888832.6473324,-2.0,-1.0,-74.0
1777888832.6573324,-6.0,0.0,-70.0
1777888832.6673324,-6.0,-3.0,-78.0
1777888832.6773324,-2.0,0.0,-82.0
1777888832.6873324,-1.0,4.0,-88.0
1777888832.6973324,-1.0,9.0,-87.0
1777888832.7073324,-4.0,7.0,-85.0
1777888832.7173324,-8.0,3.0,-86.0
1777888832.7273324,-10.0,3.0,-80.0
1777888832.7373323,-8.0,1.0,-73.0
1777888832.7473323,-6.0,1.0,-78.0
1777888832.7573323,-3.0,3.0,-86.0
1777888832.7673323,0.0,1.0,-85.0
1777888832.7773323,-1.0,2.0,-87.0
1777888832.7873323,-2.0,0.0,-88.0
1777888832.7973323,-1.0,2.0,-81.0
1777888832.8073325,4.0,5.0,-72.0
1777888832.8173325,5.0,0.0,-65.0
1777888832.8273325,6.0,0.0,-68.0
1777888832.8373325,-1.0,0.0,-74.0
1777888832.8473325,-4.0,0.0,-76.0
1777888832.8573325,0.0,-1.0,-83.0
1777888832.8673325,1.0,-1.0,-88.0
1777888832.8773324,2.0,1.0,-86.0
1777888832.8873324,6.0,0.0,-83.0
1777888832.8973324,5.0,2.0,-88.0
1777888832.9073324,3.0,4.0,-84.0
1777888832.9173324,5.0,3.0,-77.0
1777888832.9273324,7.0,0.0,-74.0
1777888832.9373324,6.0,-3.0,-73.0
1777888832.9473324,7.0,-6.0,-73.0
1777888832.9573324,9.0,-8.0,-81.0
1777888832.9673324,6.0,-3.0,-79.0
1777888832.9773324,-1.0,-3.0,-79.0
1777888832.9873323,-1.0,-8.0,-79.0
1777888832.9973323,-3.0,-10.0,-75.0
1777888833.0073323,-1.0,-8.0,-70.0
1777888833.0173323,0.0,-8.0,-68.0
1777888833.0273323,0.0,-8.0,-68.0
1777888833.0373323,0.0,-3.0,-77.0
1777888833.0473323,-3.0,-4.0,-80.0
1777888833.0573325,-4.0,-6.0,-81.0
1777888833.0673325,-5.0,-5.0,-78.0
1777888833.0773325,-3.0,-3.0,-75.0
1777888833.0873325,-1.0,0.0,-71.0
1777888833.0973325,-1.0,0.0,-69.0
1777888833.1073325,1.0,0.0,-71.0
1777888833.1173325,5.0,-2.0,-75.0
1777888833.1273324,2.0,-5.0,-76.0
1777888833.1373324,-2.0,-1.0,-75.0
1777888833.1473324,-2.0,-3.0,-82.0
1777888833.1573324,-3.0,-3.0,-73.0
1777888833.1673324,-7.0,-4.0,-73.0
1777888833.1773324,-11.0,-5.0,-77.0
1777888833.1873324,-7.0,-1.0,-74.0
1777888833.1973324,-7.0,-1.0,-72.0
1777888833.2073324,-2.0,4.0,-76.0
1777888833.2173324,5.0,4.0,-76.0
1777888833.2273324,3.0,5.0,-77.0
1777888833.2373323,3.0,2.0,-71.0
1777888833.2473323,1.0,1.0,-72.0
1777888833.2573323,-1.0,4.0,-75.0
1777888833.2673323,-1.0,3.0,-74.0
1777888833.2773323,0.0,0.0,-69.0
1777888833.2873323,0.0,-2.0,-68.0
1777888833.2973323,2.0,-3.0,-78.0
1777888833.3073325,3.0,0.0,-77.0
1777888833.3173325,2.0,-3.0,-73.0
1777888833.3273325,1.0,-1.0,-79.0
1777888833.3373325,4.0,0.0,-75.0
1777888833.3473325,4.0,2.0,-75.0
1777888833.3573325,4.0,0.0,-77.0
1777888833.3673325,3.0,2.0,-79.0
1777888833.3773324,5.0,1.0,-85.0
1777888833.3873324,7.0,5.0,-88.0
1777888833.3973324,8.0,7.0,-81.0
1777888833.4073324,2.0,8.0,-84.0
1777888833.4173324,0.0,5.0,-84.0
1777888833.4273324,2.0,0.0,-84.0
1777888833.4373324,5.0,-1.0,-83.0
1777888833.4473324,7.0,0.0,-80.0
1777888833.4573324,8.0,0.0,-75.0
1777888833.4673324,3.0,1.0,-79.0
1777888833.4773324,0.0,6.0,-80.0
1777888833.4873323,0.0,7.0,-88.0
1777888833.4973323,3.0,2.0,-82.0
1777888833.5073323,4.0,4.0,-77.0
1777888833.5173323,1.0,3.0,-81.0
1777888833.5273323,-1.0,2.0,-82.0
1777888833.5373323,-2.0,3.0,-79.0
1777888833.5473323,0.0,2.0,-82.0
1777888833.5573325,-1.0,0.0,-88.0
1777888833.5673325,1.0,0.0,-79.0
1777888833.5773325,1.0,0.0,-70.0
1777888833.5873325,-1.0,-3.0,-70.0
1777888833.5973325,-1.0,-5.0,-65.0
1777888833.6073325,-6.0,-4.0,-61.0
1777888833.6173325,-6.0,-4.0,-67.0
1777888833.6273324,0.0,-5.0,-71.0
1777888833.6373324,4.0,-4.0,-70.0
1777888833.6473324,1.0,-2.0,-68.0
1777888833.6573324,-1.0,0.0,-72.0
1777888833.6673324,-3.0,2.0,-75.0
1777888833.6773324,-7.0,4.0,-83.0
1777888833.6873324,-4.0,2.0,-84.0
1777888833.6973324,-7.0,1.0,-79.0
1777888833.7073324,-5.0,2.0,-77.0
1777888833.7173324,-5.0,0.0,-76.0
1777888833.7273324,-2.0,-4.0,-79.0
1777888833.7373323,0.0,-8.0,-84.0
1777888833.7473323,-3.0,-8.0,-82.0
1777888833.7573323,-1.0,-5.0,-75.0
1777888833.7673323,3.0,-8.0,-77.0
1777888833.7773323,4.0,-7.0,-74.0
1777888833.7873323,2.0,-5.0,-73.0
1777888833.7973323,-3.0,-5.0,-74.0
1777888833.8073325,-2.0,-7.0,-73.0
1777888833.8173325,3.0,-3.0,-77.0
1777888833.8273325,-1.0,-4.0,-75.0
1777888833.8373325,1.0,-2.0,-72.0
1777888833.8473325,5.0,-3.0,-77.0
1777888833.8573325,1.0,-4.0,-76.0
1777888833.8673325,2.0,-8.0,-75.0
1777888833.8773324,6.0,-9.0,-73.0
1777888833.8873324,0.0,-6.0,-79.0
1777888833.8973324,-5.0,-6.0,-76.0
1777888833.9073324,-7.0,-3.0,-75.0
1777888833.9173324,-4.0,-1.0,-77.0
1777888833.9273324,-3.0,-1.0,-76.0
1777888833.9373324,-1.0,1.0,-71.0
1777888833.9473324,-2.0,0.0,-79.0
1777888833.9573324,0.0,0.0,-84.0
1777888833.9673324,-1.0,-3.0,-85.0
1777888833.9773324,-4.0,-2.0,-89.0
1777888833.9873323,-3.0,-3.0,-88.0
1777888833.9973323,-1.0,-3.0,-89.0
1777888834.0073323,0.0,0.0,-84.0
1777888834.0173323,-1.0,-2.0,-76.0
1777888834.0273323,0.0,-4.0,-78.0
1777888834.0373323,2.0,-5.0,-81.0
1777888834.0473323,3.0,-7.0,-76.0
1777888834.0573325,0.0,-6.0,-68.0
1777888834.0673325,2.0,-4.0,-71.0
1777888834.0773325,6.0,-2.0,-76.0
1777888834.0873325,4.0,0.0,-76.0
1777888834.0973325,-4.0,4.0,-76.0
1777888834.1073325,-6.0,3.0,-78.0
1777888834.1173325,-3.0,2.0,-72.0
1777888834.1273324,-8.0,0.0,-73.0
1777888834.1373324,-6.0,-1.0,-71.0
1777888834.1473324,-5.0,0.0,-72.0
1777888834.1573324,-5.0,0.0,-69.0
1777888834.1673324,-8.0,-2.0,-70.0
1777888834.1773324,-7.0,0.0,-71.0
1777888834.1873324,-3.0,0.0,-69.0
1777888834.1973324,-1.0,-3.0,-71.0
1777888834.2073324,0.0,0.0,-69.0
1777888834.2173324,0.0,1.0,-69.0
1777888834.2273324,0.0,0.0,-73.0
1777888834.2373323,0.0,0.0,-74.0
1777888834.2473323,0.0,-1.0,-75.0
1777888834.2573323,-2.0,3.0,-83.0
1777888834.2673323,-5.0,1.0,-84.0
1777888834.2773323,-3.0,0.0,-86.0
1777888834.2873323,-4.0,-1.0,-84.0
1777888834.2973323,-3.0,-3.0,-80.0
1777888834.3073325,-5.0,0.0,-75.0
1777888834.3173325,-5.0,0.0,-74.0
1777888834.3273325,3.0,-1.0,-78.0
1777888834.3373325,4.0,0.0,-78.0
1777888834.3473325,4.0,-6.0,-70.0
1777888834.3573325,6.0,-1.0,-74.0
1777888834.3673325,5.0,0.0,-75.0
1777888834.3773324,6.0,-4.0,-73.0
1777888834.3873324,4.0,-5.0,-75.0
1777888834.3973324,7.0,-1.0,-71.0
1777888834.4073324,7.0,3.0,-66.0
1777888834.4173324,7.0,3.0,-66.0
1777888834.4273324,5.0,3.0,-74.0
1777888834.4383323,0.0,3.0,-73.0
1777888834.4473324,0.0,1.0,-74.0
1777888834.4573324,-2.0,-2.0,-80.0
1777888834.4673324,0.0,-2.0,-81.0
1777888834.4783323,4.0,-1.0,-79.0
1777888834.4883325,3.0,-1.0,-75.0
1777888834.4983325,1.0,0.0,-68.0
1777888834.5083325,0.0,-3.0,-69.0
1777888834.5183325,1.0,-7.0,-66.0
1777888834.5283325,0.0,-6.0,-63.0
1777888834.5383325,-1.0,-4.0,-66.0
1777888834.5483325,-5.0,-6.0,-76.0
1777888834.5583324,-4.0,-6.0,-80.0
1777888834.5683324,1.0,0.0,-77.0
1777888834.5783324,1.0,-3.0,-73.0
1777888834.5883324,5.0,-2.0,-77.0
1777888834.5983324,1.0,0.0,-80.0
1777888834.6083324,-3.0,-2.0,-81.0
1777888834.6183324,-2.0,-1.0,-77.0
1777888834.6283324,0.0,0.0,-74.0
1777888834.6383324,0.0,-1.0,-77.0
1777888834.6483324,0.0,0.0,-75.0
1777888834.6583323,0.0,0.0,-72.0
1777888834.6683323,-2.0,1.0,-76.0
1777888834.6783323,-6.0,3.0,-73.0
1777888834.6883323,-4.0,7.0,-75.0
1777888834.6983323,0.0,4.0,-71.0
1777888834.7083323,-1.0,-2.0,-76.0
1777888834.7183323,0.0,-5.0,-77.0
1777888834.7283323,-2.0,-2.0,-78.0
1777888834.7383325,0.0,-1.0,-70.0
1777888834.7483325,-1.0,1.0,-73.0
1777888834.7583325,1.0,5.0,-73.0
1777888834.7683325,0.0,6.0,-71.0
1777888834.7783325,2.0,7.0,-72.0
1777888834.7883325,2.0,6.0,-71.0
1777888834.7983325,0.0,3.0,-66.0
1777888834.8083324,0.0,1.0,-64.0
1777888834.8183324,1.0,3.0,-68.0
1777888834.8283324,1.0,0.0,-72.0
1777888834.8383324,1.0,0.0,-77.0
1777888834.8483324,4.0,0.0,-82.0
1777888834.8583324,5.0,-4.0,-83.0
1777888834.8683324,1.0,-4.0,-84.0
1777888834.8783324,-4.0,-4.0,-86.0
1777888834.8883324,0.0,-2.0,-86.0
1777888834.8983324,1.0,0.0,-83.0
1777888834.9083323,0.0,2.0,-77.0
1777888834.9183323,-1.0,0.0,-83.0
1777888834.9283323,-4.0,0.0,-82.0
1777888834.9383323,-8.0,0.0,-75.0
1777888834.9483323,-6.0,1.0,-68.0
1777888834.9583323,-4.0,0.0,-65.0
1777888834.9683323,-3.0,1.0,-64.0
1777888834.9783323,1.0,-1.0,-59.0
1777888834.9883325,1.0,0.0,-70.0
1777888834.9983325,-4.0,-4.0,-74.0
1777888835.0083325,-5.0,-4.0,-73.0
1777888835.0183325,-7.0,-4.0,-66.0
1777888835.0283325,-4.0,-1.0,-69.0
1777888835.0383325,-5.0,-3.0,-79.0
1777888835.0483325,-5.0,-3.0,-76.0
1777888835.0583324,-4.0,-1.0,-75.0
1777888835.0683324,-3.0,-2.0,-76.0
1777888835.0783324,-4.0,0.0,-72.0
1777888835.0883324,-3.0,0.0,-72.0
1777888835.0983324,-1.0,1.0,-71.0
1777888835.1083324,-1.0,-1.0,-70.0
1777888835.1183324,-2.0,-3.0,-66.0
1777888835.1283324,0.0,0.0,-68.0
1777888835.1383324,0.0,-2.0,-73.0
1777888835.1483324,1.0,-4.0,-83.0
1777888835.1583323,2.0,-7.0,-79.0
1777888835.1683323,3.0,-6.0,-80.0
1777888835.1783323,4.0,-3.0,-87.0
1777888835.1883323,6.0,0.0,-74.0
1777888835.1983323,1.0,-2.0,-65.0
1777888835.2083323,-1.0,0.0,-61.0
1777888835.2183323,3.0,-3.0,-72.0
1777888835.2283323,5.0,0.0,-81.0
1777888835.2383325,8.0,0.0,-80.0
1777888835.2483325,5.0,2.0,-83.0
1777888835.2583325,7.0,6.0,-75.0
1777888835.2683325,5.0,8.0,-77.0
1777888835.2783325,5.0,3.0,-78.0
1777888835.2883325,1.0,1.0,-80.0
1777888835.2983325,-1.0,0.0,-76.0
1777888835.3083324,-4.0,0.0,-75.0
1777888835.3183324,-7.0,-1.0,-79.0
1777888835.3283324,-7.0,0.0,-76.0
1777888835.3383324,-2.0,0.0,-72.0
1777888835.3483324,-3.0,-2.0,-71.0
1777888835.3583324,0.0,-1.0,-65.0
1777888835.3683324,1.0,2.0,-70.0
1777888835.3783324,1.0,1.0,-73.0
1777888835.3883324,-4.0,0.0,-78.0
1777888835.3983324,-6.0,3.0,-76.0
1777888835.4083323,0.0,5.0,-73.0
1777888835.4183323,-1.0,7.0,-76.0
1777888835.4283323,0.0,3.0,-79.0
1777888835.4383323,-1.0,0.0,-76.0
1777888835.4483323,0.0,0.0,-82.0
1777888835.4583323,0.0,2.0,-77.0
1777888835.4683323,0.0,3.0,-72.0
1777888835.4783323,-1.0,2.0,-77.0
1777888835.4883325,1.0,0.0,-76.0
1777888835.4983325,6.0,1.0,-77.0
1777888835.5083325,6.0,-4.0,-83.0
1777888835.5183325,7.0,-2.0,-79.0
1777888835.5283325,6.0,0.0,-68.0
1777888835.5383325,10.0,0.0,-67.0
1777888835.5483325,11.0,-1.0,-71.0
1777888835.5583324,11.0,1.0,-73.0
1777888835.5683324,7.0,-5.0,-75.0
1777888835.5783324,10.0,-9.0,-74.0
1777888835.5883324,9.0,-8.0,-78.0
1777888835.5983324,8.0,-7.0,-74.0
1777888835.6083324,2.0,-5.0,-74.0
1777888835.6183324,1.0,-2.0,-76.0
1777888835.6283324,0.0,-4.0,-73.0
1777888835.6383324,-1.0,-3.0,-77.0
1777888835.6483324,-6.0,-2.0,-77.0
1777888835.6583323,-12.0,-4.0,-75.0
1777888835.6683323,-7.0,-6.0,-74.0
1777888835.6783323,-7.0,-8.0,-75.0
1777888835.6883323,-2.0,-6.0,-76.0
1777888835.6983323,-2.0,-4.0,-81.0
1777888835.7083323,-1.0,-2.0,-84.0
1777888835.7183323,0.0,0.0,-79.0
1777888835.7283323,3.0,0.0,-76.0
1777888835.7383325,5.0,0.0,-76.0
1777888835.7483325,0.0,-3.0,-72.0
1777888835.7583325,-2.0,-6.0,-78.0
1777888835.7683325,0.0,-5.0,-74.0
1777888835.7783325,-2.0,-3.0,-71.0
1777888835.7883325,0.0,0.0,-72.0
1777888835.7983325,0.0,0.0,-81.0
1777888835.8083324,-4.0,-2.0,-78.0
1777888835.8183324,1.0,-6.0,-75.0
1777888835.8283324,4.0,-3.0,-73.0
1777888835.8383324,1.0,-2.0,-66.0
1777888835.8483324,2.0,-2.0,-64.0
1777888835.8583324,4.0,-6.0,-62.0
1777888835.8683324,-2.0,-5.0,-70.0
1777888835.8783324,-8.0,-4.0,-79.0
1777888835.8883324,-5.0,-2.0,-83.0
1777888835.8983324,-1.0,1.0,-84.0
1777888835.9083323,0.0,2.0,-87.0
1777888835.9183323,-3.0,3.0,-84.0
1777888835.9283323,0.0,1.0,-78.0
1777888835.9383323,-2.0,3.0,-75.0
1777888835.9483323,0.0,5.0,-79.0
1777888835.9583323,1.0,2.0,-86.0
1777888835.9683323,-3.0,3.0,-85.0
1777888835.9783323,0.0,2.0,-81.0
1777888835.9883325,1.0,2.0,-79.0
1777888835.9983325,0.0,0.0,-76.0
1777888836.0083325,-4.0,-2.0,-78.0
1777888836.0183325,-3.0,-3.0,-77.0
1777888836.0283325,4.0,1.0,-78.0
1777888836.0383325,2.0,3.0,-73.0
1777888836.0483325,-1.0,1.0,-71.0
1777888836.0583324,1.0,5.0,-73.0
1777888836.0683324,-5.0,-1.0,-70.0
1777888836.0783324,-6.0,-3.0,-74.0
1777888836.0883324,-4.0,-1.0,-70.0
1777888836.0983324,-7.0,0.0,-68.0
1777888836.1083324,-10.0,-2.0,-74.0
1777888836.1183324,-7.0,0.0,-77.0
1777888836.1283324,-4.0,3.0,-67.0
1777888836.1383324,-3.0,0.0,-74.0
1777888836.1483324,-4.0,-4.0,-77.0
1777888836.1583323,-4.0,-3.0,-77.0
1777888836.1683323,-3.0,1.0,-73.0
1777888836.1783323,2.0,1.0,-77.0
1777888836.1883323,3.0,2.0,-75.0
1777888836.1983323,4.0,0.0,-84.0
1777888836.2083323,2.0,-3.0,-83.0
1777888836.2183323,5.0,-4.0,-82.0
1777888836.2283323,3.0,-5.0,-82.0
1777888836.2383325,6.0,-6.0,-81.0
1777888836.2483325,7.0,-10.0,-80.0
1777888836.2583325,5.0,-10.0,-75.0
1777888836.2683325,6.0,-5.0,-67.0
1777888836.2783325,2.0,-4.0,-69.0
1777888836.2883325,0.0,-7.0,-71.0
1777888836.2983325,-1.0,-7.0,-71.0
1777888836.3083324,0.0,-2.0,-69.0
1777888836.3183324,1.0,-2.0,-72.0
1777888836.3283324,3.0,-2.0,-75.0
1777888836.3383324,1.0,0.0,-78.0
1777888836.3483324,1.0,0.0,-77.0
1777888836.3583324,0.0,3.0,-75.0
1777888836.3683324,0.0,4.0,-72.0
1777888836.3783324,-4.0,3.0,-71.0
1777888836.3883324,-1.0,2.0,-74.0
1777888836.3983324,0.0,0.0,-77.0
1777888836.4083323,-3.0,-1.0,-81.0
1777888836.4183323,-3.0,0.0,-84.0
1777888836.4283323,-2.0,0.0,-78.0
1777888836.4393325,-3.0,1.0,-76.0
1777888836.4493325,0.0,-2.0,-77.0
1777888836.4593325,-3.0,1.0,-77.0
1777888836.4693325,-2.0,2.0,-76.0
1777888836.4793324,-1.0,0.0,-84.0
1777888836.4893324,0.0,-2.0,-82.0
1777888836.4993324,5.0,1.0,-76.0
1777888836.5093324,1.0,3.0,-71.0
1777888836.5193324,-1.0,2.0,-72.0
1777888836.5293324,2.0,4.0,-82.0
1777888836.5393324,2.0,0.0,-81.0
1777888836.5493324,4.0,-1.0,-79.0
1777888836.5593324,2.0,-2.0,-78.0
1777888836.5693324,7.0,-1.0,-69.0
1777888836.5793324,2.0,0.0,-65.0
1777888836.5893323,5.0,0.0,-66.0
1777888836.5993323,6.0,0.0,-65.0
1777888836.6093323,4.0,0.0,-65.0
1777888836.6193323,8.0,3.0,-64.0
1777888836.6293323,10.0,4.0,-69.0
1777888836.6393323,12.0,8.0,-68.0
1777888836.6493323,10.0,7.0,-72.0
1777888836.6593325,3.0,3.0,-79.0
1777888836.6693325,3.0,1.0,-76.0
1777888836.6793325,3.0,0.0,-77.0
1777888836.6893325,4.0,1.0,-69.0
1777888836.6993325,6.0,-2.0,-77.0
1777888836.7093325,0.0,-2.0,-85.0
1777888836.7193325,1.0,-5.0,-82.0
1777888836.7293324,0.0,-4.0,-80.0
1777888836.7393324,0.0,-5.0,-76.0
1777888836.7493324,1.0,-6.0,-79.0
1777888836.7593324,1.0,0.0,-81.0
1777888836.7693324,3.0,-3.0,-78.0
1777888836.7793324,1.0,-3.0,-70.0
1777888836.7893324,2.0,0.0,-67.0
1777888836.7993324,-3.0,1.0,-74.0
1777888836.8093324,-2.0,-8.0,-70.0
1777888836.8193324,-1.0,-9.0,-69.0
1777888836.8293324,1.0,-6.0,-74.0
1777888836.8393323,1.0,-3.0,-72.0
1777888836.8493323,3.0,-3.0,-69.0
1777888836.8593323,0.0,0.0,-69.0
1777888836.8693323,-1.0,1.0,-73.0
1777888836.8793323,2.0,1.0,-74.0
1777888836.8893323,9.0,3.0,-74.0
1777888836.8993323,15.0,2.0,-77.0
1777888836.9093325,15.0,3.0,-75.0
1777888836.9193325,12.0,1.0,-77.0
1777888836.9293325,9.0,0.0,-78.0
1777888836.9393325,6.0,-2.0,-75.0
1777888836.9493325,5.0,-5.0,-75.0
1777888836.9593325,4.0,-2.0,-74.0
1777888836.9693325,5.0,-3.0,-80.0
1777888836.9793324,0.0,-7.0,-78.0
1777888836.9893324,-1.0,-10.0,-79.0
1777888837.0003324,-2.0,-8.0,-81.0
1777888837.0093324,-3.0,-6.0,-86.0
1777888837.0193324,-2.0,-8.0,-79.0
1777888837.0293324,0.0,-3.0,-77.0
1777888837.0393324,1.0,-1.0,-72.0
1777888837.0493324,0.0,-3.0,-76.0
1777888837.0593324,0.0,-4.0,-75.0
1777888837.0693324,-1.0,-8.0,-75.0
1777888837.0793324,-3.0,-8.0,-75.0
1777888837.0893323,-2.0,-8.0,-78.0
1777888837.0993323,0.0,-5.0,-75.0
1777888837.1093323,1.0,-5.0,-74.0
1777888837.1193323,0.0,-5.0,-74.0
1777888837.1293323,-1.0,-3.0,-66.0
1777888837.1393323,1.0,-2.0,-70.0
1777888837.1493323,2.0,-1.0,-69.0
1777888837.1593325,4.0,-1.0,-67.0
1777888837.1693325,-1.0,0.0,-69.0
1777888837.1793325,-2.0,0.0,-70.0
1777888837.1893325,-3.0,-3.0,-72.0
1777888837.1993325,0.0,-5.0,-68.0
1777888837.2093325,3.0,-6.0,-70.0
1777888837.2193325,6.0,-4.0,-67.0
1777888837.2293324,3.0,-5.0,-61.0
1777888837.2393324,2.0,-7.0,-64.0
1777888837.2493324,1.0,-4.0,-68.0
1777888837.2593324,2.0,-1.0,-70.0
1777888837.2693324,6.0,-2.0,-70.0
1777888837.2793324,4.0,0.0,-74.0
1777888837.2893324,4.0,2.0,-74.0
1777888837.2993324,11.0,4.0,-69.0
1777888837.3093324,17.0,2.0,-66.0
1777888837.3193324,12.0,1.0,-69.0
1777888837.3293324,7.0,0.0,-65.0
1777888837.3393323,2.0,1.0,-67.0
1777888837.3493323,2.0,1.0,-76.0
1777888837.3593323,0.0,0.0,-70.0
1777888837.3693323,2.0,-1.0,-70.0
1777888837.3793323,2.0,0.0,-64.0
1777888837.3893323,2.0,-1.0,-67.0
1777888837.3993323,0.0,-2.0,-68.0
1777888837.4093325,0.0,-1.0,-68.0
1777888837.4193325,-1.0,-7.0,-76.0
1777888837.4293325,0.0,-5.0,-85.0
1777888837.4393325,4.0,-5.0,-82.0
1777888837.4493325,13.0,-4.0,-81.0
1777888837.4593325,12.0,-7.0,-81.0
1777888837.4693325,13.0,-7.0,-78.0
1777888837.4793324,11.0,-10.0,-79.0
1777888837.4893324,5.0,-10.0,-88.0
1777888837.4993324,0.0,-10.0,-96.0
1777888837.5093324,0.0,-10.0,-94.0
1777888837.5193324,1.0,-7.0,-88.0
1777888837.5293324,0.0,-6.0,-89.0
1777888837.5393324,-6.0,-4.0,-93.0
1777888837.5493324,-3.0,-6.0,-87.0
1777888837.5593324,-2.0,-6.0,-78.0
1777888837.5693324,0.0,-5.0,-68.0
1777888837.5793324,2.0,-3.0,-66.0
1777888837.5893323,3.0,-5.0,-66.0
1777888837.5993323,0.0,-7.0,-63.0
1777888837.6093323,0.0,-6.0,-67.0
1777888837.6193323,1.0,-3.0,-66.0
1777888837.6293323,2.0,0.0,-64.0
1777888837.6393323,2.0,-2.0,-63.0
1777888837.6493323,0.0,-3.0,-66.0
1777888837.6593325,0.0,-3.0,-64.0
1777888837.6693325,-2.0,-2.0,-63.0
1777888837.6793325,-5.0,-4.0,-68.0
1777888837.6893325,-3.0,-1.0,-70.0
1777888837.6993325,-6.0,-4.0,-79.0
1777888837.7093325,-5.0,-5.0,-79.0
1777888837.7193325,-1.0,-2.0,-78.0
1777888837.7293324,-2.0,0.0,-72.0
1777888837.7393324,-1.0,1.0,-72.0
1777888837.7493324,-1.0,2.0,-67.0
1777888837.7593324,-2.0,4.0,-69.0
1777888837.7693324,1.0,5.0,-73.0
1777888837.7793324,0.0,3.0,-75.0
1777888837.7893324,-1.0,1.0,-71.0
1777888837.7993324,-2.0,2.0,-67.0
1777888837.8093324,-5.0,1.0,-71.0
1777888837.8193324,-8.0,0.0,-72.0
1777888837.8293324,-11.0,0.0,-71.0
1777888837.8393323,-10.0,1.0,-77.0
1777888837.8493323,-1.0,0.0,-85.0
1777888837.8593323,2.0,2.0,-82.0
1777888837.8693323,7.0,1.0,-75.0
1777888837.8803325,6.0,0.0,-76.0
1777888837.8893323,1.0,-3.0,-75.0
1777888837.8993323,0.0,-5.0,-74.0
1777888837.9093325,-2.0,0.0,-66.0
1777888837.9193325,3.0,-1.0,-63.0
1777888837.9293325,-1.0,0.0,-70.0
1777888837.9393325,0.0,0.0,-77.0
1777888837.9493325,1.0,-2.0,-83.0
1777888837.9593325,0.0,0.0,-85.0
1777888837.9693325,-1.0,-2.0,-85.0
1777888837.9793324,3.0,1.0,-80.0
1777888837.9893324,5.0,0.0,-74.0
1777888837.9993324,11.0,-1.0,-74.0
1777888838.0093324,9.0,4.0,-64.0
1777888838.0193324,13.0,4.0,-69.0
1777888838.0293324,10.0,1.0,-74.0
1777888838.0393324,9.0,-2.0,-74.0
1777888838.0493324,13.0,0.0,-78.0
1777888838.0593324,11.0,3.0,-81.0
1777888838.0693324,5.0,0.0,-76.0
1777888838.0793324,2.0,1.0,-70.0
1777888838.0893323,3.0,0.0,-72.0
1777888838.0993323,2.0,-1.0,-75.0
1777888838.1093323,-1.0,0.0,-77.0
1777888838.1193323,4.0,-1.0,-79.0
1777888838.1293323,6.0,-1.0,-82.0
1777888838.1393323,4.0,4.0,-81.0
1777888838.1493323,0.0,3.0,-82.0
1777888838.1593325,2.0,0.0,-82.0
1777888838.1693325,0.0,0.0,-78.0
1777888838.1793325,0.0,-3.0,-78.0
1777888838.1893325,3.0,-2.0,-75.0
1777888838.1993325,7.0,0.0,-66.0
1777888838.2093325,5.0,-1.0,-67.0
1777888838.2193325,2.0,0.0,-73.0
1777888838.2293324,3.0,-1.0,-73.0
1777888838.2393324,0.0,-1.0,-73.0
1777888838.2493324,3.0,-1.0,-76.0
1777888838.2593324,2.0,0.0,-79.0
1777888838.2693324,7.0,-1.0,-70.0
1777888838.2793324,5.0,-2.0,-72.0
1777888838.2893324,9.0,-2.0,-77.0
1777888838.2993324,7.0,-2.0,-76.0
1777888838.3093324,5.0,-2.0,-79.0
1777888838.3193324,5.0,2.0,-76.0
1777888838.3293324,4.0,1.0,-74.0
1777888838.3393323,3.0,2.0,-77.0
1777888838.3493323,2.0,3.0,-78.0
1777888838.3593323,4.0,5.0,-76.0
1777888838.3693323,3.0,4.0,-72.0
1777888838.3803325,0.0,4.0,-77.0
1777888838.3903325,-3.0,2.0,-77.0
1777888838.3993323,0.0,0.0,-76.0
1777888838.4093325,0.0,-3.0,-74.0
1777888838.4203324,-4.0,-2.0,-76.0
1777888838.4303324,-5.0,0.0,-79.0
1777888838.4403324,-6.0,0.0,-77.0
1777888838.4503324,0.0,-1.0,-71.0
1777888838.4603324,3.0,-4.0,-71.0
1777888838.4703324,7.0,-3.0,-73.0
1777888838.4803324,7.0,0.0,-73.0
1777888838.4903324,9.0,1.0,-73.0
1777888838.5003324,10.0,3.0,-69.0
1777888838.5103323,6.0,5.0,-74.0
1777888838.5203323,0.0,4.0,-74.0
1777888838.5303323,-4.0,3.0,-72.0
1777888838.5403323,-3.0,4.0,-74.0
1777888838.5503323,-4.0,2.0,-70.0
1777888838.5603323,-2.0,0.0,-73.0
1777888838.5703323,-4.0,-2.0,-82.0
1777888838.5803325,-1.0,0.0,-82.0
1777888838.5903325,3.0,4.0,-87.0
1777888838.6003325,8.0,0.0,-80.0
1777888838.6103325,6.0,0.0,-88.0
1777888838.6203325,4.0,-1.0,-85.0
1777888838.6303325,7.0,-2.0,-82.0
1777888838.6403325,8.0,0.0,-81.0
1777888838.6503325,7.0,0.0,-88.0
1777888838.6603324,8.0,-3.0,-86.0
1777888838.6703324,10.0,-2.0,-80.0
1777888838.6803324,7.0,-6.0,-81.0
1777888838.6903324,6.0,-10.0,-77.0
1777888838.7003324,5.0,-10.0,-76.0
1777888838.7103324,6.0,-9.0,-72.0
1777888838.7203324,4.0,-3.0,-72.0
1777888838.7303324,0.0,0.0,-74.0
1777888838.7403324,-2.0,1.0,-73.0
1777888838.7503324,-2.0,0.0,-74.0
1777888838.7603323,-4.0,0.0,-78.0
1777888838.7703323,-8.0,1.0,-78.0
1777888838.7803323,-5.0,0.0,-75.0
1777888838.7903323,-1.0,-1.0,-73.0
1777888838.8003323,0.0,-2.0,-73.0
1777888838.8103323,-1.0,-3.0,-75.0
1777888838.8203323,-1.0,-3.0,-80.0
1777888838.8303325,-1.0,-4.0,-84.0
1777888838.8403325,-5.0,-5.0,-87.0
1777888838.8503325,-3.0,-4.0,-91.0
1777888838.8603325,-3.0,-5.0,-79.0
1777888838.8703325,-3.0,-5.0,-74.0
1777888838.8803325,-1.0,-8.0,-80.0
1777888838.8903325,0.0,-8.0,-80.0
1777888838.9003325,4.0,-2.0,-76.0
1777888838.9103324,0.0,0.0,-76.0
1777888838.9203324,-2.0,0.0,-78.0
1777888838.9303324,-5.0,-8.0,-73.0
1777888838.9403324,-1.0,-4.0,-74.0
1777888838.9503324,0.0,-4.0,-65.0
1777888838.9603324,-4.0,-1.0,-69.0
1777888838.9703324,-5.0,2.0,-72.0
1777888838.9803324,-5.0,0.0,-77.0
1777888838.9903324,-4.0,-1.0,-78.0
1777888839.0003324,0.0,-2.0,-75.0
1777888839.0103323,1.0,-3.0,-73.0
1777888839.0203323,-3.0,-1.0,-71.0
1777888839.0303323,1.0,0.0,-69.0
1777888839.0403323,2.0,0.0,-71.0
1777888839.0503323,-1.0,0.0,-72.0
1777888839.0603323,-1.0,1.0,-73.0
1777888839.0703323,2.0,-1.0,-71.0
1777888839.0803325,3.0,-1.0,-73.0
1777888839.0903325,0.0,-4.0,-74.0
1777888839.1003325,-1.0,-2.0,-74.0
1777888839.1103325,2.0,-3.0,-68.0
1777888839.1203325,5.0,-4.0,-75.0
1777888839.1303325,5.0,0.0,-74.0
1777888839.1403325,2.0,0.0,-73.0
1777888839.1503325,1.0,-1.0,-74.0
1777888839.1603324,4.0,-4.0,-73.0
1777888839.1703324,4.0,-3.0,-76.0
1777888839.1803324,4.0,-4.0,-78.0
1777888839.1903324,3.0,-1.0,-80.0
1777888839.2003324,-2.0,2.0,-86.0
1777888839.2103324,-2.0,3.0,-89.0
1777888839.2203324,-2.0,7.0,-88.0
1777888839.2303324,-1.0,3.0,-83.0
1777888839.2403324,1.0,0.0,-83.0
1777888839.2503324,3.0,0.0,-81.0
1777888839.2603323,0.0,1.0,-77.0
1777888839.2703323,1.0,0.0,-71.0
1777888839.2803323,1.0,-1.0,-70.0
1777888839.2903323,4.0,-1.0,-71.0
1777888839.3003323,4.0,-5.0,-75.0
1777888839.3103323,0.0,-8.0,-74.0
1777888839.3203323,-2.0,-5.0,-74.0
1777888839.3303325,1.0,0.0,-79.0
1777888839.3403325,9.0,-1.0,-75.0
1777888839.3503325,2.0,0.0,-76.0
1777888839.3603325,-1.0,-4.0,-76.0
1777888839.3703325,-4.0,0.0,-78.0
1777888839.3803325,-1.0,0.0,-80.0
1777888839.3903325,-3.0,-1.0,-80.0
1777888839.4003325,-1.0,0.0,-87.0
1777888839.4103324,-6.0,-4.0,-82.0
1777888839.4203324,-4.0,-3.0,-85.0
1777888839.4303324,0.0,-4.0,-83.0
1777888839.4403324,4.0,-5.0,-82.0
1777888839.4503324,1.0,0.0,-84.0
1777888839.4603324,-1.0,0.0,-88.0
1777888839.4703324,0.0,-3.0,-83.0
1777888839.4803324,-4.0,0.0,-81.0
1777888839.4903324,-1.0,-4.0,-82.0
1777888839.5003324,5.0,-4.0,-83.0
1777888839.5103323,1.0,-2.0,-84.0
1777888839.5203323,3.0,-1.0,-79.0
1777888839.5303323,3.0,0.0,-72.0
1777888839.5403323,4.0,0.0,-70.0
1777888839.5503323,4.0,-2.0,-71.0
1777888839.5603323,0.0,-3.0,-73.0
1777888839.5703323,0.0,-2.0,-73.0
1777888839.5803325,3.0,-6.0,-74.0
1777888839.5903325,3.0,-3.0,-74.0
1777888839.6003325,1.0,0.0,-77.0
1777888839.6103325,0.0,4.0,-78.0
1777888839.6203325,1.0,3.0,-75.0
1777888839.6303325,-5.0,0.0,-75.0
1777888839.6403325,-5.0,-2.0,-75.0
1777888839.6503325,-6.0,0.0,-78.0
1777888839.6603324,-7.0,4.0,-77.0
1777888839.6703324,-6.0,0.0,-69.0
1777888839.6803324,0.0,0.0,-72.0
1777888839.6903324,-1.0,4.0,-74.0
1777888839.7003324,1.0,2.0,-77.0
1777888839.7103324,4.0,0.0,-84.0
1777888839.7203324,0.0,-2.0,-78.0
1777888839.7303324,0.0,-1.0,-75.0
1777888839.7403324,2.0,-3.0,-75.0
1777888839.7503324,4.0,-3.0,-77.0
1777888839.7603323,0.0,-3.0,-73.0
1777888839.7703323,0.0,-2.0,-76.0
1777888839.7803323,-2.0,-5.0,-76.0
1777888839.7903323,-4.0,-5.0,-81.0
1777888839.8003323,-2.0,-9.0,-82.0
1777888839.8103323,2.0,-8.0,-83.0
1777888839.8203323,4.0,-8.0,-74.0
1777888839.8303325,2.0,-7.0,-74.0
1777888839.8403325,1.0,-5.0,-79.0
1777888839.8503325,1.0,-4.0,-87.0
1777888839.8603325,2.0,-5.0,-84.0
1777888839.8703325,3.0,-6.0,-80.0
1777888839.8803325,0.0,-5.0,-73.0
1777888839.8903325,0.0,0.0,-69.0
1777888839.9003325,2.0,0.0,-66.0
1777888839.9103324,2.0,1.0,-69.0
1777888839.9203324,1.0,-2.0,-73.0
1777888839.9303324,7.0,-4.0,-75.0
1777888839.9403324,7.0,0.0,-72.0
1777888839.9503324,4.0,0.0,-65.0
1777888839.9603324,3.0,-2.0,-65.0
1777888839.9703324,1.0,-4.0,-67.0
1777888839.9803324,2.0,-1.0,-69.0
1777888839.9903324,2.0,0.0,-65.0
1777888840.0003324,0.0,1.0,-62.0
1777888840.0103323,1.0,0.0,-64.0
1777888840.0203323,-1.0,-3.0,-65.0
1777888840.0303323,0.0,-9.0,-66.0
1777888840.0403323,-2.0,-11.0,-68.0
1777888840.0503323,2.0,-5.0,-72.0
1777888840.0603323,4.0,-6.0,-72.0
1777888840.0703323,3.0,-7.0,-85.0
1777888840.0803325,3.0,-8.0,-82.0
1777888840.0903325,0.0,-9.0,-77.0
1777888840.1003325,-4.0,-5.0,-77.0
1777888840.1103325,1.0,-6.0,-79.0
1777888840.1203325,1.0,-4.0,-73.0
1777888840.1303325,0.0,-3.0,-71.0
1777888840.1403325,-1.0,-3.0,-70.0
1777888840.1503325,0.0,-1.0,-70.0
1777888840.1603324,0.0,-2.0,-73.0
1777888840.1703324,-3.0,-8.0,-76.0
1777888840.1803324,-1.0,-10.0,-75.0
1777888840.1903324,1.0,-6.0,-75.0
1777888840.2003324,2.0,-4.0,-69.0
1777888840.2103324,0.0,-6.0,-70.0
1777888840.2203324,3.0,-10.0,-64.0
1777888840.2303324,6.0,-8.0,-57.0
1777888840.2403324,0.0,-7.0,-63.0
1777888840.2503324,0.0,-4.0,-66.0
1777888840.2603323,-2.0,-4.0,-68.0
1777888840.2703323,0.0,-4.0,-67.0
1777888840.2803323,4.0,-6.0,-66.0
1777888840.2903323,8.0,-5.0,-72.0
1777888840.3003323,9.0,-4.0,-65.0
1777888840.3103323,6.0,-6.0,-68.0
1777888840.3203323,2.0,-2.0,-71.0
1777888840.3303325,1.0,0.0,-70.0
1777888840.3403325,0.0,-1.0,-65.0
1777888840.3503325,0.0,-1.0,-70.0
1777888840.3603325,-3.0,-2.0,-75.0
1777888840.3703325,-1.0,-4.0,-79.0
1777888840.3803325,0.0,-6.0,-78.0
1777888840.3903325,2.0,-11.0,-81.0
1777888840.4003325,3.0,-9.0,-83.0
1777888840.4113324,3.0,-4.0,-84.0
1777888840.4213324,0.0,0.0,-78.0
1777888840.4313323,0.0,-1.0,-79.0
1777888840.4413323,3.0,3.0,-77.0
1777888840.4513323,2.0,2.0,-69.0
1777888840.4613323,0.0,4.0,-70.0
1777888840.4713323,1.0,2.0,-70.0
1777888840.4813323,3.0,1.0,-75.0
1777888840.4913323,2.0,0.0,-76.0
1777888840.5013323,0.0,-4.0,-80.0
1777888840.5113325,-1.0,-6.0,-80.0
1777888840.5213325,0.0,-6.0,-81.0
1777888840.5313325,-5.0,-4.0,-83.0
1777888840.5413325,-6.0,0.0,-85.0
1777888840.5513325,-6.0,1.0,-83.0
1777888840.5613325,-3.0,1.0,-81.0
1777888840.5713325,-5.0,8.0,-78.0
1777888840.5813324,-6.0,3.0,-75.0
1777888840.5913324,-7.0,4.0,-75.0
1777888840.6013324,-8.0,4.0,-71.0
1777888840.6113324,-1.0,2.0,-70.0
1777888840.6213324,-8.0,3.0,-73.0
1777888840.6313324,-8.0,6.0,-80.0
1777888840.6413324,-4.0,1.0,-82.0
1777888840.6513324,-4.0,2.0,-88.0
1777888840.6613324,-3.0,2.0,-92.0
1777888840.6713324,4.0,4.0,-94.0
1777888840.6813323,8.0,2.0,-89.0
1777888840.6913323,4.0,3.0,-89.0
1777888840.7013323,1.0,5.0,-82.0
1777888840.7113323,0.0,4.0,-82.0
1777888840.7213323,7.0,-2.0,-84.0
1777888840.7313323,6.0,-6.0,-86.0
1777888840.7413323,7.0,-1.0,-87.0
1777888840.7513323,7.0,2.0,-85.0
1777888840.7613325,1.0,0.0,-71.0
1777888840.7713325,1.0,1.0,-70.0
1777888840.7813325,0.0,5.0,-72.0
1777888840.7913325,-3.0,9.0,-68.0
1777888840.8013325,0.0,4.0,-64.0
1777888840.8113325,-3.0,1.0,-64.0
1777888840.8213325,-1.0,-2.0,-66.0
1777888840.8313324,1.0,0.0,-68.0
1777888840.8413324,2.0,-2.0,-67.0
1777888840.8513324,0.0,-3.0,-67.0
1777888840.8613324,-1.0,-1.0,-69.0
1777888840.8713324,0.0,-5.0,-71.0
1777888840.8813324,1.0,-5.0,-75.0
1777888840.8913324,0.0,-7.0,-80.0
1777888840.9013324,0.0,-2.0,-77.0
1777888840.9113324,1.0,-5.0,-76.0
1777888840.9213324,2.0,-4.0,-80.0
1777888840.9313323,4.0,-3.0,-85.0
1777888840.9413323,4.0,-1.0,-82.0
1777888840.9513323,3.0,-3.0,-72.0
1777888840.9613323,4.0,-2.0,-76.0
1777888840.9713323,0.0,-3.0,-79.0
1777888840.9813323,3.0,-5.0,-77.0
1777888840.9913323,2.0,-3.0,-75.0
1777888841.0013323,0.0,0.0,-84.0
1777888841.0113325,-2.0,1.0,-85.0
1777888841.0213325,-2.0,1.0,-86.0
1777888841.0313325,-6.0,2.0,-85.0
1777888841.0413325,-10.0,-1.0,-80.0
1777888841.0513325,-7.0,0.0,-81.0
1777888841.0613325,-7.0,1.0,-78.0
1777888841.0713325,-6.0,2.0,-75.0
1777888841.0813324,-2.0,0.0,-73.0
1777888841.0913324,-4.0,0.0,-79.0
1777888841.1013324,-9.0,-1.0,-77.0
1777888841.1113324,-6.0,-5.0,-72.0
1777888841.1213324,-6.0,-4.0,-69.0
1777888841.1313324,-4.0,-4.0,-72.0
1777888841.1413324,-5.0,-5.0,-67.0
1777888841.1513324,-4.0,-7.0,-62.0
1777888841.1613324,-6.0,-4.0,-63.0
1777888841.1713324,-3.0,-3.0,-63.0
1777888841.1813323,-3.0,-2.0,-63.0
1777888841.1913323,1.0,0.0,-63.0
1777888841.2013323,6.0,-1.0,-71.0
1777888841.2113323,4.0,1.0,-70.0
1777888841.2213323,4.0,-2.0,-71.0
1777888841.2313323,3.0,0.0,-73.0
1777888841.2413323,3.0,1.0,-79.0
1777888841.2513323,2.0,6.0,-73.0
1777888841.2613325,3.0,6.0,-72.0
1777888841.2713325,0.0,4.0,-78.0
1777888841.2813325,1.0,4.0,-74.0
1777888841.2913325,2.0,-1.0,-77.0
1777888841.3013325,0.0,-2.0,-80.0
1777888841.3113325,-3.0,1.0,-77.0
1777888841.3213325,0.0,4.0,-79.0
1777888841.3313324,1.0,4.0,-81.0
1777888841.3413324,1.0,3.0,-79.0
1777888841.3513324,-1.0,0.0,-75.0
1777888841.3613324,-1.0,3.0,-76.0
1777888841.3713324,-4.0,0.0,-68.0
1777888841.3813324,-1.0,0.0,-67.0
1777888841.3913324,-3.0,3.0,-70.0
1777888841.4013324,-2.0,1.0,-67.0
1777888841.4113324,-2.0,3.0,-73.0
1777888841.4213324,-3.0,2.0,-68.0
1777888841.4313323,-1.0,-1.0,-66.0
1777888841.4413323,0.0,-5.0,-68.0
1777888841.4513323,-2.0,-4.0,-72.0
1777888841.4613323,-1.0,-3.0,-75.0
1777888841.4713323,1.0,0.0,-76.0
1777888841.4813323,1.0,1.0,-83.0
1777888841.4913323,4.0,-1.0,-77.0
1777888841.5013323,5.0,-1.0,-69.0
1777888841.5113325,1.0,-2.0,-66.0
1777888841.5213325,0.0,-1.0,-68.0
1777888841.5313325,1.0,0.0,-71.0
1777888841.5413325,0.0,0.0,-73.0
1777888841.5513325,1.0,2.0,-84.0
1777888841.5613325,2.0,0.0,-84.0
1777888841.5713325,3.0,-1.0,-83.0
1777888841.5813324,1.0,-4.0,-77.0
1777888841.5913324,1.0,-3.0,-73.0
1777888841.6013324,3.0,-6.0,-74.0
1777888841.6113324,3.0,-8.0,-75.0
1777888841.6213324,1.0,-8.0,-74.0
1777888841.6313324,1.0,-7.0,-74.0
1777888841.6413324,-3.0,-4.0,-71.0
1777888841.6513324,-2.0,-1.0,-79.0
1777888841.6613324,-6.0,-2.0,-74.0
1777888841.6713324,-1.0,1.0,-70.0
1777888841.6813323,-1.0,0.0,-72.0
1777888841.6913323,1.0,0.0,-72.0
1777888841.7013323,2.0,-1.0,-78.0
1777888841.7113323,3.0,-3.0,-76.0
1777888841.7213323,-1.0,0.0,-67.0
1777888841.7313323,0.0,0.0,-67.0
1777888841.7413323,-4.0,2.0,-69.0
1777888841.7513323,-5.0,0.0,-74.0
1777888841.7613325,-5.0,-1.0,-76.0
1777888841.7713325,-3.0,0.0,-74.0
1777888841.7813325,2.0,0.0,-66.0
1777888841.7913325,6.0,0.0,-70.0
1777888841.8013325,3.0,-2.0,-73.0
1777888841.8113325,3.0,-1.0,-72.0
1777888841.8213325,3.0,-2.0,-69.0
1777888841.8313324,6.0,-1.0,-69.0
1777888841.8413324,7.0,-1.0,-74.0
1777888841.8513324,4.0,1.0,-72.0
1777888841.8613324,5.0,1.0,-60.0
1777888841.8713324,5.0,-3.0,-62.0
1777888841.8813324,1.0,-6.0,-63.0
1777888841.8913324,0.0,-8.0,-63.0
1777888841.9013324,-1.0,-4.0,-73.0
1777888841.9113324,3.0,-6.0,-79.0
1777888841.9213324,3.0,-4.0,-81.0
1777888841.9313323,3.0,-6.0,-80.0
1777888841.9413323,-4.0,-6.0,-88.0
1777888841.9513323,-3.0,-4.0,-87.0
1777888841.9613323,0.0,-6.0,-82.0
1777888841.9713323,0.0,-4.0,-83.0
1777888841.9813323,0.0,-4.0,-78.0
1777888841.9913323,3.0,-2.0,-71.0
1777888842.0013323,3.0,-1.0,-74.0
1777888842.0113325,4.0,-1.0,-70.0
1777888842.0213325,6.0,-4.0,-65.0
1777888842.0313325,7.0,-1.0,-68.0
1777888842.0413325,5.0,-1.0,-74.0
1777888842.0513325,8.0,0.0,-75.0
1777888842.0613325,7.0,-3.0,-78.0
1777888842.0713325,8.0,-1.0,-79.0
1777888842.0813324,8.0,-3.0,-77.0
1777888842.0913324,7.0,1.0,-82.0
1777888842.1013324,5.0,0.0,-75.0
1777888842.1113324,6.0,0.0,-74.0
1777888842.1213324,9.0,0.0,-84.0
1777888842.1313324,4.0,-1.0,-87.0
1777888842.1413324,1.0,-2.0,-85.0
1777888842.1513324,2.0,-1.0,-78.0
1777888842.1613324,5.0,-1.0,-79.0
1777888842.1713324,2.0,-5.0,-80.0
1777888842.1813323,5.0,-6.0,-80.0
1777888842.1913323,3.0,-6.0,-80.0
1777888842.2013323,0.0,-7.0,-78.0
1777888842.2113323,0.0,-8.0,-80.0
1777888842.2213323,2.0,-6.0,-84.0
1777888842.2313323,6.0,-7.0,-82.0
1777888842.2413323,10.0,-1.0,-83.0
1777888842.2513323,9.0,-1.0,-76.0
1777888842.2613325,10.0,1.0,-81.0
1777888842.2713325,3.0,5.0,-83.0
1777888842.2813325,0.0,0.0,-81.0
1777888842.2913325,-1.0,1.0,-81.0
1777888842.3013325,3.0,-3.0,-81.0
1777888842.3113325,1.0,-3.0,-88.0
1777888842.3213325,2.0,-3.0,-84.0
1777888842.3313324,1.0,0.0,-87.0
1777888842.3413324,2.0,2.0,-88.0
1777888842.3513324,4.0,1.0,-89.0
1777888842.3613324,5.0,0.0,-88.0
1777888842.3713324,3.0,0.0,-81.0
1777888842.3823323,0.0,-1.0,-76.0
1777888842.3923323,3.0,0.0,-75.0
1777888842.4023323,0.0,-6.0,-69.0
1777888842.4123323,0.0,-6.0,-65.0
1777888842.4223323,0.0,-1.0,-68.0
1777888842.4323325,2.0,-4.0,-76.0
1777888842.4423325,7.0,-4.0,-75.0
1777888842.4523325,9.0,-2.0,-75.0
1777888842.4623325,6.0,-2.0,-76.0
1777888842.4723325,4.0,0.0,-75.0
1777888842.4823325,2.0,1.0,-76.0
1777888842.4923325,-1.0,6.0,-72.0
1777888842.5023324,-2.0,4.0,-72.0
1777888842.5123324,0.0,4.0,-75.0
1777888842.5223324,1.0,9.0,-68.0
1777888842.5323324,-2.0,9.0,-72.0
1777888842.5423324,-8.0,3.0,-74.0
1777888842.5523324,-8.0,3.0,-80.0
1777888842.5623324,-10.0,6.0,-80.0
1777888842.5723324,-7.0,5.0,-85.0
1777888842.5823324,-4.0,1.0,-90.0
1777888842.5923324,0.0,0.0,-87.0
1777888842.6023324,2.0,-1.0,-89.0
1777888842.6123323,5.0,-6.0,-83.0
1777888842.6223323,3.0,-5.0,-88.0
1777888842.6323323,2.0,-2.0,-82.0
1777888842.6423323,0.0,-2.0,-75.0
1777888842.6523323,1.0,-3.0,-74.0
1777888842.6623323,0.0,-4.0,-76.0
1777888842.6723323,1.0,-2.0,-83.0
1777888842.6823325,2.0,0.0,-81.0
1777888842.6923325,2.0,0.0,-85.0
1777888842.7023325,2.0,-3.0,-93.0
1777888842.7123325,2.0,-13.0,-85.0
1777888842.7223325,-1.0,-18.0,-80.0
1777888842.7323325,-3.0,-19.0,-81.0
1777888842.7423325,-2.0,-12.0,-76.0
1777888842.7523324,0.0,-7.0,-80.0
1777888842.7623324,4.0,-7.0,-77.0
1777888842.7723324,3.0,-3.0,-70.0
1777888842.7823324,1.0,-1.0,-73.0
1777888842.7923324,1.0,-1.0,-71.0
1777888842.8023324,2.0,2.0,-75.0
1777888842.8123324,1.0,0.0,-82.0
1777888842.8223324,0.0,1.0,-78.0
1777888842.8323324,0.0,-1.0,-80.0
1777888842.8423324,1.0,-1.0,-74.0
1777888842.8523324,-2.0,-5.0,-75.0
1777888842.8623323,-4.0,-4.0,-77.0
1777888842.8723323,-1.0,-4.0,-73.0
1777888842.8823323,2.0,-1.0,-74.0
1777888842.8923323,0.0,0.0,-75.0
1777888842.9023323,0.0,-2.0,-74.0
1777888842.9123323,1.0,0.0,-81.0
1777888842.9223323,0.0,0.0,-78.0
1777888842.9323325,3.0,-1.0,-82.0
1777888842.9423325,6.0,0.0,-83.0
1777888842.9523325,6.0,0.0,-78.0
1777888842.9623325,2.0,0.0,-83.0
1777888842.9723325,1.0,-1.0,-77.0
1777888842.9823325,3.0,-2.0,-79.0
1777888842.9923325,3.0,-2.0,-80.0
1777888843.0023324,0.0,-3.0,-77.0
1777888843.0123324,0.0,-2.0,-81.0
1777888843.0223324,3.0,-3.0,-80.0
1777888843.0323324,3.0,2.0,-77.0
1777888843.0423324,4.0,-1.0,-76.0
1777888843.0523324,1.0,0.0,-81.0
1777888843.0623324,2.0,1.0,-78.0
1777888843.0723324,2.0,1.0,-78.0
1777888843.0823324,6.0,4.0,-81.0
1777888843.0923324,4.0,1.0,-83.0
1777888843.1023324,3.0,-2.0,-78.0
1777888843.1123323,0.0,-2.0,-81.0
1777888843.1223323,-2.0,-2.0,-84.0
1777888843.1323323,-3.0,-1.0,-84.0
1777888843.1423323,-2.0,0.0,-88.0
1777888843.1523323,-4.0,2.0,-86.0
1777888843.1623323,-7.0,0.0,-78.0
1777888843.1723323,-11.0,-1.0,-79.0
1777888843.1823325,-11.0,-1.0,-81.0
1777888843.1923325,-8.0,-4.0,-84.0
1777888843.2023325,-4.0,-2.0,-86.0
1777888843.2123325,-2.0,-3.0,-78.0
1777888843.2223325,-1.0,0.0,-68.0
1777888843.2323325,0.0,1.0,-60.0
1777888843.2423325,0.0,1.0,-68.0
1777888843.2523324,0.0,-1.0,-74.0
1777888843.2623324,-4.0,-4.0,-78.0
1777888843.2723324,-11.0,-4.0,-77.0
1777888843.2823324,-8.0,-2.0,-79.0
1777888843.2923324,-6.0,-2.0,-82.0
1777888843.3023324,0.0,-1.0,-77.0
1777888843.3123324,-1.0,-4.0,-71.0
1777888843.3223324,-1.0,-4.0,-73.0
1777888843.3323324,0.0,0.0,-82.0
1777888843.3423324,4.0,-1.0,-80.0
1777888843.3523324,4.0,-5.0,-76.0
1777888843.3623323,10.0,-6.0,-75.0
1777888843.3723323,10.0,-6.0,-79.0
1777888843.3823323,7.0,-5.0,-79.0
1777888843.3923323,8.0,-3.0,-74.0
1777888843.4023323,7.0,-4.0,-64.0
1777888843.4123323,6.0,1.0,-62.0
1777888843.4223323,4.0,1.0,-63.0
1777888843.4323325,0.0,-1.0,-64.0
1777888843.4423325,0.0,-4.0,-70.0
1777888843.4523325,-2.0,-4.0,-71.0
1777888843.4623325,-3.0,-2.0,-66.0
1777888843.4723325,2.0,-6.0,-68.0
1777888843.4823325,3.0,-3.0,-71.0
1777888843.4923325,0.0,0.0,-79.0
1777888843.5023324,6.0,-1.0,-78.0
1777888843.5123324,1.0,-3.0,-73.0
1777888843.5223324,-2.0,-2.0,-79.0
1777888843.5323324,0.0,0.0,-80.0
1777888843.5423324,-1.0,-1.0,-82.0
1777888843.5523324,3.0,-1.0,-89.0
1777888843.5623324,4.0,0.0,-83.0
1777888843.5723324,1.0,0.0,-82.0
1777888843.5823324,5.0,-2.0,-79.0
1777888843.5923324,1.0,-2.0,-83.0
1777888843.6023324,0.0,-2.0,-80.0
1777888843.6123323,0.0,-1.0,-75.0
1777888843.6223323,0.0,0.0,-80.0
1777888843.6323323,0.0,4.0,-78.0
1777888843.6423323,2.0,0.0,-79.0
1777888843.6523323,0.0,1.0,-79.0
1777888843.6623323,-2.0,0.0,-77.0
1777888843.6723323,1.0,1.0,-79.0
1777888843.6823325,0.0,2.0,-78.0
1777888843.6923325,3.0,0.0,-85.0
1777888843.7023325,4.0,-2.0,-78.0
1777888843.7123325,6.0,-3.0,-71.0
1777888843.7223325,4.0,-1.0,-74.0
1777888843.7323325,7.0,-5.0,-75.0
1777888843.7423325,10.0,-5.0,-78.0
1777888843.7523324,8.0,-3.0,-79.0
1777888843.7623324,8.0,0.0,-85.0
1777888843.7723324,6.0,0.0,-90.0
1777888843.7823324,-1.0,-3.0,-88.0
1777888843.7923324,-3.0,-3.0,-95.0
1777888843.8023324,-7.0,-3.0,-89.0
1777888843.8123324,-7.0,-8.0,-86.0
1777888843.8223324,-4.0,-6.0,-88.0
1777888843.8323324,-3.0,-5.0,-86.0
1777888843.8423324,-4.0,-2.0,-85.0
1777888843.8523324,-9.0,-4.0,-80.0
1777888843.8623323,-11.0,-3.0,-79.0
1777888843.8723323,-6.0,-4.0,-76.0
1777888843.8823323,-5.0,0.0,-71.0
1777888843.8923323,1.0,3.0,-66.0
1777888843.9023323,0.0,1.0,-66.0
1777888843.9123323,6.0,-5.0,-73.0
1777888843.9223323,6.0,-9.0,-86.0
1777888843.9333324,3.0,-11.0,-89.0
1777888843.9423325,0.0,-11.0,-79.0
1777888843.9523325,0.0,-6.0,-77.0
1777888843.9623325,2.0,-3.0,-81.0
1777888843.9723325,0.0,-5.0,-85.0
1777888843.9823325,2.0,-3.0,-84.0
1777888843.9923325,0.0,-2.0,-81.0
1777888844.0023324,-1.0,-2.0,-77.0
1777888844.0123324,0.0,-1.0,-74.0
1777888844.0223324,2.0,-3.0,-72.0
1777888844.0323324,2.0,-5.0,-74.0
1777888844.0423324,3.0,-2.0,-74.0
1777888844.0523324,0.0,-1.0,-76.0
1777888844.0623324,-2.0,-3.0,-76.0
1777888844.0723324,0.0,2.0,-73.0
1777888844.0823324,2.0,0.0,-75.0
1777888844.0923324,5.0,1.0,-78.0
1777888844.1023324,4.0,0.0,-81.0
1777888844.1123323,0.0,0.0,-81.0
1777888844.1223323,0.0,-3.0,-81.0
1777888844.1323323,0.0,-2.0,-76.0
1777888844.1423323,0.0,-4.0,-83.0
1777888844.1523323,2.0,-2.0,-88.0
1777888844.1623323,1.0,1.0,-76.0
1777888844.1723323,0.0,-3.0,-76.0
1777888844.1823325,1.0,0.0,-81.0
1777888844.1923325,2.0,-1.0,-83.0
1777888844.2023325,2.0,-3.0,-79.0
1777888844.2123325,1.0,0.0,-80.0
1777888844.2223325,0.0,-4.0,-84.0
1777888844.2323325,5.0,-3.0,-88.0
1777888844.2423325,4.0,-3.0,-89.0
1777888844.2523324,3.0,-2.0,-82.0
1777888844.2623324,5.0,-4.0,-75.0
1777888844.2723324,6.0,-4.0,-73.0
1777888844.2823324,0.0,0.0,-82.0
1777888844.2923324,-2.0,-1.0,-84.0
1777888844.3023324,0.0,-2.0,-83.0
1777888844.3123324,3.0,-9.0,-83.0
1777888844.3223324,2.0,-11.0,-81.0
1777888844.3323324,3.0,-11.0,-82.0
1777888844.3423324,6.0,-10.0,-81.0
1777888844.3523324,6.0,-9.0,-82.0
1777888844.3623323,6.0,-10.0,-92.0
1777888844.3733325,2.0,-9.0,-91.0
1777888844.3823323,0.0,-7.0,-84.0
1777888844.3933325,-1.0,-5.0,-83.0
1777888844.4033325,1.0,-7.0,-82.0
1777888844.4133325,-3.0,-8.0,-85.0
1777888844.4233325,-8.0,-6.0,-88.0
1777888844.4333324,-7.0,-6.0,-88.0
1777888844.4433324,-7.0,-4.0,-88.0
1777888844.4533324,-6.0,-2.0,-93.0
1777888844.4633324,-3.0,0.0,-89.0
1777888844.4733324,1.0,2.0,-84.0
1777888844.4833324,0.0,0.0,-82.0
1777888844.4933324,2.0,0.0,-81.0
1777888844.5033324,2.0,0.0,-79.0
1777888844.5133324,2.0,0.0,-71.0
1777888844.5233324,3.0,-1.0,-70.0
1777888844.5333323,2.0,2.0,-74.0
1777888844.5433323,-3.0,0.0,-76.0
1777888844.5533323,1.0,-6.0,-79.0
1777888844.5633323,-1.0,-8.0,-79.0
1777888844.5733323,-3.0,-4.0,-75.0
1777888844.5833323,-4.0,0.0,-71.0
1777888844.5933323,0.0,-1.0,-71.0
1777888844.6033323,0.0,-3.0,-71.0
1777888844.6133325,0.0,-4.0,-74.0
1777888844.6233325,-5.0,-2.0,-75.0
1777888844.6333325,-2.0,-3.0,-78.0
1777888844.6433325,-2.0,1.0,-77.0
1777888844.6533325,-2.0,1.0,-73.0
1777888844.6633325,-2.0,-1.0,-69.0
1777888844.6733325,0.0,0.0,-71.0
1777888844.6833324,1.0,0.0,-70.0
1777888844.6933324,0.0,0.0,-65.0
1777888844.7033324,0.0,0.0,-65.0
1777888844.7133324,-1.0,2.0,-64.0
1777888844.7233324,-1.0,1.0,-62.0
1777888844.7333324,-4.0,3.0,-68.0
1777888844.7433324,0.0,0.0,-68.0
1777888844.7533324,3.0,0.0,-71.0
1777888844.7633324,6.0,-1.0,-76.0
1777888844.7733324,2.0,-1.0,-76.0
1777888844.7833323,4.0,2.0,-75.0
1777888844.7933323,2.0,0.0,-77.0
1777888844.8033323,1.0,-3.0,-78.0
1777888844.8133323,0.0,-3.0,-83.0
1777888844.8233323,0.0,-7.0,-76.0
1777888844.8333323,3.0,-7.0,-74.0
1777888844.8433323,4.0,-9.0,-80.0
1777888844.8533323,5.0,-6.0,-76.0
1777888844.8633325,8.0,-1.0,-78.0
1777888844.8733325,8.0,-2.0,-71.0
1777888844.8833325,4.0,-6.0,-69.0
1777888844.8933325,0.0,-6.0,-76.0
1777888844.9033325,1.0,-8.0,-73.0
1777888844.9133325,0.0,-6.0,-68.0
1777888844.9233325,1.0,-3.0,-66.0
1777888844.9333324,1.0,-4.0,-68.0
1777888844.9433324,2.0,-2.0,-73.0
1777888844.9533324,4.0,-5.0,-75.0
1777888844.9633324,6.0,-6.0,-73.0
1777888844.9733324,1.0,-5.0,-69.0
1777888844.9833324,-5.0,-8.0,-71.0
1777888844.9933324,-4.0,-10.0,-67.0
1777888845.0033324,-1.0,-13.0,-68.0
1777888845.0133324,-1.0,-14.0,-72.0
1777888845.0233324,3.0,-11.0,-80.0
1777888845.0333323,5.0,-8.0,-72.0
1777888845.0433323,5.0,-3.0,-66.0
1777888845.0533323,5.0,-3.0,-67.0
1777888845.0633323,8.0,-4.0,-62.0
1777888845.0733323,4.0,-5.0,-58.0
1777888845.0833323,6.0,-3.0,-65.0
1777888845.0933323,9.0,-4.0,-69.0
1777888845.1033323,9.0,-7.0,-70.0
1777888845.1133325,2.0,-7.0,-65.0
1777888845.1233325,3.0,-4.0,-69.0
1777888845.1333325,5.0,-2.0,-68.0
1777888845.1433325,4.0,-4.0,-69.0
1777888845.1533325,0.0,-3.0,-75.0
1777888845.1633325,-2.0,-7.0,-73.0
1777888845.1733325,0.0,-10.0,-68.0
1777888845.1833324,-3.0,-8.0,-70.0
1777888845.1933324,-3.0,-6.0,-68.0
1777888845.2033324,-5.0,-1.0,-75.0
1777888845.2133324,1.0,-1.0,-74.0
1777888845.2233324,5.0,-2.0,-72.0
1777888845.2333324,0.0,-4.0,-67.0
1777888845.2433324,2.0,-4.0,-68.0
1777888845.2533324,3.0,-4.0,-75.0
1777888845.2633324,0.0,-2.0,-71.0
1777888845.2733324,4.0,-6.0,-67.0
1777888845.2833323,3.0,-4.0,-68.0
1777888845.2933323,2.0,-6.0,-66.0
1777888845.3033323,1.0,-3.0,-70.0
1777888845.3133323,1.0,-2.0,-70.0
1777888845.3233323,1.0,-3.0,-75.0
1777888845.3333323,0.0,2.0,-84.0
1777888845.3433323,-1.0,-3.0,-84.0
1777888845.3533323,0.0,-4.0,-84.0
1777888845.3633325,3.0,-3.0,-87.0
1777888845.3733325,5.0,-6.0,-87.0
1777888845.3833325,7.0,-6.0,-86.0
1777888845.3933325,2.0,-9.0,-91.0
1777888845.4033325,-1.0,-8.0,-91.0
1777888845.4133325,-4.0,-1.0,-93.0
1777888845.4233325,-5.0,1.0,-89.0
1777888845.4333324,-5.0,3.0,-85.0
1777888845.4433324,-1.0,-1.0,-85.0
1777888845.4533324,0.0,-7.0,-82.0
1777888845.4633324,0.0,-11.0,-73.0
1777888845.4733324,-2.0,-10.0,-69.0
1777888845.4833324,1.0,-7.0,-70.0
1777888845.4933324,0.0,-3.0,-74.0
1777888845.5033324,0.0,-2.0,-75.0
1777888845.5133324,-2.0,1.0,-79.0
1777888845.5233324,-5.0,0.0,-72.0
1777888845.5333323,-5.0,-4.0,-63.0
1777888845.5433323,-4.0,-2.0,-66.0
1777888845.5533323,-2.0,-1.0,-63.0
1777888845.5633323,-1.0,-1.0,-66.0
1777888845.5733323,-2.0,-1.0,-72.0
1777888845.5833323,-2.0,-4.0,-71.0
1777888845.5933323,1.0,-3.0,-74.0
1777888845.6033323,3.0,-8.0,-84.0
1777888845.6133325,2.0,-8.0,-79.0
1777888845.6233325,4.0,-5.0,-80.0
1777888845.6333325,7.0,-2.0,-79.0
1777888845.6433325,8.0,-1.0,-78.0
1777888845.6533325,9.0,-3.0,-74.0
1777888845.6633325,9.0,-4.0,-74.0
1777888845.6733325,5.0,-3.0,-75.0
1777888845.6833324,3.0,1.0,-68.0
1777888845.6933324,1.0,0.0,-68.0
1777888845.7033324,7.0,0.0,-70.0
1777888845.7133324,7.0,6.0,-73.0
1777888845.7233324,4.0,9.0,-74.0
1777888845.7333324,0.0,7.0,-69.0
1777888845.7433324,0.0,7.0,-62.0
1777888845.7533324,2.0,7.0,-65.0
1777888845.7633324,6.0,4.0,-69.0
1777888845.7733324,7.0,0.0,-77.0
1777888845.7833323,10.0,1.0,-74.0
1777888845.7933323,6.0,1.0,-73.0
1777888845.8033323,11.0,0.0,-76.0
1777888845.8133323,8.0,0.0,-74.0
1777888845.8233323,0.0,-3.0,-75.0
1777888845.8333323,0.0,-1.0,-72.0
1777888845.8433323,2.0,0.0,-77.0
1777888845.8533323,4.0,1.0,-78.0
1777888845.8633325,7.0,-2.0,-82.0
1777888845.8733325,10.0,-1.0,-83.0
1777888845.8833325,9.0,0.0,-83.0
1777888845.8933325,8.0,-2.0,-82.0
1777888845.9033325,9.0,-7.0,-82.0
1777888845.9133325,4.0,-7.0,-76.0
1777888845.9233325,3.0,-6.0,-82.0
1777888845.9333324,3.0,-4.0,-79.0
1777888845.9433324,4.0,-1.0,-82.0
1777888845.9533324,7.0,0.0,-76.0
1777888845.9633324,6.0,-5.0,-75.0
1777888845.9733324,5.0,-7.0,-70.0
1777888845.9833324,6.0,-10.0,-63.0
1777888845.9933324,8.0,-7.0,-70.0
1777888846.0033324,5.0,-4.0,-66.0
1777888846.0133324,9.0,-2.0,-59.0
1777888846.0233324,11.0,2.0,-58.0
1777888846.0333323,7.0,-2.0,-65.0
1777888846.0433323,5.0,-1.0,-62.0
1777888846.0533323,5.0,-5.0,-67.0
1777888846.0633323,1.0,-9.0,-74.0
1777888846.0733323,0.0,-7.0,-78.0
1777888846.0833323,0.0,-2.0,-80.0
1777888846.0933323,0.0,-1.0,-79.0
1777888846.1033323,0.0,-1.0,-82.0
1777888846.1143324,0.0,-4.0,-85.0
1777888846.1233325,3.0,-7.0,-83.0
1777888846.1333325,2.0,-5.0,-75.0
1777888846.1433325,1.0,-3.0,-74.0
1777888846.1533325,1.0,-2.0,-78.0
1777888846.1633325,-1.0,0.0,-80.0
1777888846.1733325,-1.0,0.0,-82.0
1777888846.1833324,-2.0,-4.0,-75.0
1777888846.1933324,-6.0,-2.0,-78.0
1777888846.2033324,-5.0,-4.0,-79.0
1777888846.2133324,-6.0,-8.0,-78.0
1777888846.2233324,-4.0,-9.0,-80.0
1777888846.2333324,-5.0,-6.0,-78.0
1777888846.2433324,-3.0,-6.0,-81.0
1777888846.2533324,0.0,-5.0,-84.0
1777888846.2633324,5.0,-6.0,-82.0
1777888846.2733324,8.0,-7.0,-84.0
1777888846.2833323,8.0,-6.0,-75.0
1777888846.2933323,7.0,-7.0,-74.0
1777888846.3033323,0.0,-3.0,-75.0
1777888846.3133323,-1.0,0.0,-76.0
1777888846.3233323,-4.0,1.0,-78.0
1777888846.3333323,-5.0,0.0,-76.0
1777888846.3443325,-6.0,0.0,-78.0
1777888846.3543324,-6.0,-5.0,-76.0
1777888846.3643324,-3.0,-3.0,-73.0
1777888846.3743324,0.0,-1.0,-74.0
1777888846.3843324,3.0,1.0,-79.0
1777888846.3943324,0.0,-1.0,-78.0
1777888846.4043324,2.0,-2.0,-73.0
1777888846.4143324,2.0,-2.0,-69.0
1777888846.4243324,3.0,0.0,-69.0
1777888846.4343324,0.0,1.0,-69.0
1777888846.4443324,3.0,0.0,-72.0
1777888846.4543324,2.0,2.0,-76.0
1777888846.4643323,6.0,1.0,-80.0
1777888846.4743323,6.0,0.0,-74.0
1777888846.4843323,9.0,-1.0,-73.0
1777888846.4943323,9.0,0.0,-65.0
1777888846.5043323,9.0,1.0,-69.0
1777888846.5143323,3.0,3.0,-82.0
1777888846.5243323,1.0,-1.0,-79.0
1777888846.5343325,3.0,-2.0,-81.0
1777888846.5443325,4.0,0.0,-92.0
1777888846.5543325,2.0,2.0,-91.0
1777888846.5643325,0.0,0.0,-85.0
1777888846.5743325,-3.0,0.0,-77.0
1777888846.5843325,-1.0,1.0,-74.0
1777888846.5943325,0.0,5.0,-71.0
1777888846.6043324,1.0,3.0,-72.0
1777888846.6143324,0.0,-1.0,-77.0
1777888846.6243324,0.0,-8.0,-86.0
1777888846.6343324,1.0,-5.0,-85.0
1777888846.6443324,0.0,-9.0,-80.0
1777888846.6543324,5.0,-7.0,-81.0
1777888846.6643324,7.0,-6.0,-79.0
1777888846.6743324,3.0,-2.0,-79.0
1777888846.6843324,3.0,-1.0,-80.0
1777888846.6943324,1.0,0.0,-82.0
1777888846.7043324,1.0,-2.0,-83.0
1777888846.7143323,1.0,-5.0,-80.0
1777888846.7243323,0.0,-6.0,-69.0
1777888846.7343323,-3.0,-7.0,-70.0
1777888846.7443323,-3.0,-3.0,-66.0
1777888846.7543323,-7.0,-4.0,-67.0
1777888846.7643323,-3.0,-4.0,-68.0
1777888846.7743323,0.0,-5.0,-68.0
1777888846.7843325,2.0,-4.0,-68.0
1777888846.7943325,-1.0,0.0,-72.0
1777888846.8043325,0.0,3.0,-68.0
1777888846.8143325,0.0,0.0,-66.0
1777888846.8243325,-3.0,4.0,-67.0
1777888846.8343325,-1.0,6.0,-70.0
1777888846.8443325,-1.0,3.0,-72.0
1777888846.8543324,-4.0,1.0,-76.0
1777888846.8643324,-6.0,0.0,-74.0
1777888846.8743324,-5.0,-1.0,-77.0
1777888846.8843324,-7.0,-2.0,-74.0
1777888846.8943324,-7.0,-4.0,-70.0
1777888846.9043324,-5.0,-5.0,-69.0
1777888846.9143324,-3.0,-9.0,-64.0
1777888846.9243324,-2.0,-4.0,-67.0
1777888846.9343324,-1.0,-4.0,-64.0
1777888846.9443324,-2.0,-1.0,-71.0
1777888846.9543324,1.0,1.0,-74.0
1777888846.9643323,3.0,4.0,-82.0
1777888846.9743323,1.0,1.0,-86.0
1777888846.9843323,0.0,0.0,-82.0
1777888846.9943323,0.0,0.0,-74.0
1777888847.0043323,-2.0,-1.0,-78.0
1777888847.0143323,0.0,-1.0,-88.0
1777888847.0243323,0.0,1.0,-90.0
1777888847.0343325,-2.0,0.0,-87.0
1777888847.0443325,1.0,-1.0,-85.0
1777888847.0543325,-1.0,-2.0,-86.0
1777888847.0643325,1.0,-9.0,-87.0
1777888847.0743325,0.0,-6.0,-86.0
1777888847.0843325,-1.0,-2.0,-85.0
1777888847.0943325,0.0,-2.0,-87.0
1777888847.1043324,-3.0,0.0,-78.0
1777888847.1143324,-5.0,-2.0,-79.0
1777888847.1243324,0.0,-3.0,-76.0
1777888847.1343324,-2.0,-4.0,-79.0
1777888847.1443324,0.0,-8.0,-83.0
1777888847.1543324,-1.0,-3.0,-74.0
1777888847.1643324,-6.0,0.0,-73.0
1777888847.1743324,-5.0,4.0,-72.0
1777888847.1843324,-2.0,1.0,-77.0
1777888847.1943324,1.0,3.0,-78.0
1777888847.2043324,-1.0,-3.0,-78.0
1777888847.2143323,3.0,0.0,-73.0
1777888847.2243323,3.0,3.0,-73.0
1777888847.2343323,3.0,3.0,-77.0
1777888847.2443323,1.0,3.0,-76.0
1777888847.2543323,1.0,0.0,-77.0
1777888847.2643323,0.0,0.0,-80.0
1777888847.2743323,-2.0,3.0,-77.0
1777888847.2843325,-2.0,4.0,-78.0
1777888847.2943325,-3.0,5.0,-77.0
1777888847.3043325,-5.0,4.0,-74.0
1777888847.3143325,-5.0,6.0,-78.0
1777888847.3243325,-5.0,5.0,-82.0
1777888847.3343325,-3.0,3.0,-81.0
1777888847.3443325,-1.0,0.0,-74.0
1777888847.3543324,1.0,0.0,-69.0
1777888847.3643324,4.0,0.0,-77.0
1777888847.3743324,7.0,2.0,-76.0
1777888847.3843324,5.0,3.0,-81.0
1777888847.3943324,3.0,1.0,-79.0
1777888847.4043324,1.0,5.0,-77.0
1777888847.4143324,4.0,1.0,-69.0
1777888847.4243324,7.0,5.0,-73.0
1777888847.4343324,4.0,3.0,-81.0
1777888847.4443324,7.0,5.0,-81.0
1777888847.4543324,5.0,0.0,-83.0
1777888847.4643323,7.0,0.0,-81.0
1777888847.4743323,8.0,3.0,-81.0
1777888847.4843323,6.0,8.0,-80.0
1777888847.4943323,5.0,0.0,-72.0
1777888847.5043323,8.0,-2.0,-73.0
1777888847.5143323,5.0,-3.0,-75.0
1777888847.5243323,3.0,0.0,-76.0
1777888847.5343325,6.0,0.0,-76.0
1777888847.5443325,5.0,-1.0,-75.0
1777888847.5543325,5.0,0.0,-78.0
1777888847.5643325,0.0,0.0,-75.0
1777888847.5743325,-2.0,0.0,-77.0
1777888847.5843325,2.0,4.0,-84.0
1777888847.5943325,7.0,2.0,-82.0
1777888847.6043324,8.0,2.0,-85.0
1777888847.6143324,9.0,0.0,-83.0
1777888847.6243324,8.0,1.0,-77.0
1777888847.6343324,6.0,-2.0,-78.0
1777888847.6443324,3.0,-3.0,-79.0
1777888847.6543324,0.0,-3.0,-77.0
1777888847.6643324,1.0,-5.0,-75.0
1777888847.6743324,4.0,-4.0,-74.0
1777888847.6843324,2.0,-6.0,-75.0
1777888847.6943324,2.0,-6.0,-78.0
1777888847.7043324,3.0,-3.0,-78.0
1777888847.7143323,5.0,0.0,-76.0
1777888847.7243323,5.0,1.0,-78.0
1777888847.7343323,8.0,1.0,-79.0
1777888847.7443323,11.0,-2.0,-80.0
1777888847.7543323,8.0,-3.0,-75.0
1777888847.7643323,8.0,-2.0,-68.0
1777888847.7743323,6.0,-3.0,-72.0
1777888847.7843325,8.0,-2.0,-75.0
1777888847.7943325,8.0,0.0,-73.0
1777888847.8043325,13.0,3.0,-73.0
1777888847.8143325,10.0,6.0,-81.0
1777888847.8243325,9.0,0.0,-73.0
1777888847.8343325,15.0,-2.0,-74.0
1777888847.8443325,15.0,-1.0,-78.0
1777888847.8543324,10.0,0.0,-71.0
1777888847.8643324,4.0,-1.0,-69.0
1777888847.8743324,1.0,0.0,-68.0
1777888847.8843324,1.0,3.0,-70.0
1777888847.8943324,2.0,5.0,-67.0
1777888847.9043324,3.0,1.0,-74.0
1777888847.9143324,6.0,1.0,-73.0
1777888847.9243324,8.0,-1.0,-82.0
1777888847.9343324,7.0,-6.0,-81.0
1777888847.9443324,5.0,-6.0,-81.0
1777888847.9543324,3.0,-6.0,-80.0
1777888847.9643323,5.0,-6.0,-80.0
1777888847.9743323,4.0,-2.0,-75.0
1777888847.9843323,5.0,-2.0,-77.0
1777888847.9943323,4.0,-6.0,-71.0
1777888848.0043323,4.0,-10.0,-69.0
1777888848.0143323,2.0,-7.0,-73.0
1777888848.0243323,0.0,-7.0,-73.0
1777888848.0343325,-2.0,-6.0,-69.0
1777888848.0443325,2.0,-3.0,-72.0
1777888848.0543325,1.0,-1.0,-73.0
1777888848.0643325,2.0,0.0,-75.0
1777888848.0743325,0.0,0.0,-75.0
1777888848.0843325,2.0,-2.0,-74.0
1777888848.0943325,1.0,-4.0,-74.0
1777888848.1043324,2.0,-7.0,-69.0
1777888848.1143324,4.0,-3.0,-67.0
1777888848.1243324,3.0,2.0,-68.0
1777888848.1343324,2.0,4.0,-70.0
1777888848.1443324,-1.0,4.0,-73.0
1777888848.1543324,-1.0,0.0,-78.0
1777888848.1643324,-2.0,1.0,-74.0
1777888848.1743324,-3.0,0.0,-68.0
1777888848.1843324,-4.0,0.0,-64.0
1777888848.1943324,0.0,0.0,-63.0
1777888848.2043324,0.0,0.0,-64.0
1777888848.2143323,3.0,-2.0,-64.0
1777888848.2243323,3.0,0.0,-65.0
1777888848.2343323,3.0,-1.0,-70.0
1777888848.2443323,3.0,0.0,-79.0
1777888848.2543323,0.0,-1.0,-81.0
1777888848.2643323,1.0,0.0,-78.0
1777888848.2743323,1.0,-2.0,-79.0
1777888848.2843325,-1.0,0.0,-81.0
1777888848.2943325,-7.0,2.0,-81.0
1777888848.3043325,-8.0,0.0,-86.0
1777888848.3143325,-5.0,0.0,-79.0
1777888848.3243325,-9.0,0.0,-78.0
1777888848.3343325,-6.0,-3.0,-81.0
1777888848.3453324,-7.0,-3.0,-86.0
1777888848.3543324,-4.0,-2.0,-85.0
1777888848.3653324,0.0,1.0,-85.0
1777888848.3753324,3.0,1.0,-90.0
1777888848.3853323,5.0,0.0,-85.0
1777888848.3953323,4.0,1.0,-79.0
1777888848.4053323,1.0,2.0,-80.0
1777888848.4153323,1.0,5.0,-74.0
1777888848.4253323,0.0,1.0,-70.0
1777888848.4353323,-4.0,0.0,-69.0
1777888848.4453323,-2.0,0.0,-63.0
1777888848.4553325,-3.0,2.0,-66.0
1777888848.4653325,1.0,2.0,-63.0
1777888848.4753325,0.0,0.0,-68.0
1777888848.4853325,-3.0,-2.0,-75.0
1777888848.4953325,-5.0,-7.0,-79.0
1777888848.5053325,-5.0,-6.0,-76.0
1777888848.5153325,-4.0,-8.0,-78.0
1777888848.5253325,0.0,-13.0,-76.0
1777888848.5353324,0.0,-11.0,-78.0
1777888848.5453324,-1.0,-11.0,-71.0
1777888848.5553324,0.0,-8.0,-74.0
1777888848.5653324,1.0,-7.0,-72.0
1777888848.5753324,0.0,-6.0,-74.0
1777888848.5853324,3.0,-3.0,-71.0
1777888848.5953324,5.0,-3.0,-78.0
1777888848.6053324,3.0,-2.0,-78.0
1777888848.6153324,2.0,-3.0,-77.0
1777888848.6253324,3.0,-2.0,-78.0
1777888848.6353323,3.0,1.0,-75.0
1777888848.6453323,6.0,-2.0,-72.0
1777888848.6553323,6.0,-4.0,-64.0
1777888848.6653323,9.0,-5.0,-62.0
1777888848.6753323,6.0,-7.0,-67.0
1777888848.6853323,6.0,-8.0,-67.0
1777888848.6953323,2.0,-9.0,-64.0
1777888848.7053325,-4.0,-8.0,-63.0
1777888848.7153325,-1.0,-4.0,-67.0
1777888848.7253325,-1.0,-3.0,-71.0
1777888848.7353325,1.0,0.0,-72.0
1777888848.7453325,-1.0,3.0,-75.0
1777888848.7553325,-6.0,1.0,-74.0
1777888848.7653325,-7.0,0.0,-73.0
1777888848.7753325,-7.0,0.0,-77.0
1777888848.7853324,-5.0,0.0,-76.0
1777888848.7953324,-3.0,1.0,-82.0
1777888848.8053324,-2.0,0.0,-86.0
1777888848.8153324,0.0,3.0,-80.0
1777888848.8253324,-2.0,3.0,-70.0
1777888848.8353324,-5.0,2.0,-70.0
1777888848.8453324,-3.0,5.0,-71.0
1777888848.8553324,-10.0,3.0,-74.0
1777888848.8653324,-3.0,3.0,-82.0
1777888848.8753324,0.0,5.0,-79.0
1777888848.8853323,4.0,8.0,-83.0
1777888848.8953323,3.0,4.0,-81.0
1777888848.9053323,2.0,1.0,-81.0
1777888848.9153323,0.0,-1.0,-71.0
1777888848.9253323,-1.0,0.0,-68.0
1777888848.9353323,0.0,-3.0,-72.0
1777888848.9453323,5.0,-3.0,-70.0
1777888848.9553325,4.0,-2.0,-72.0
1777888848.9653325,4.0,2.0,-75.0
1777888848.9753325,2.0,5.0,-72.0
1777888848.9853325,0.0,1.0,-71.0
1777888848.9953325,3.0,0.0,-69.0
1777888849.0053325,2.0,-1.0,-69.0
1777888849.0153325,0.0,1.0,-68.0
1777888849.0253325,0.0,0.0,-68.0
1777888849.0353324,1.0,-2.0,-70.0
1777888849.0453324,-1.0,-3.0,-76.0
1777888849.0553324,-3.0,-1.0,-77.0
1777888849.0653324,-1.0,0.0,-73.0
1777888849.0753324,0.0,2.0,-78.0
1777888849.0853324,1.0,2.0,-78.0
1777888849.0953324,5.0,3.0,-78.0
1777888849.1053324,9.0,0.0,-80.0
1777888849.1153324,10.0,5.0,-74.0
1777888849.1253324,6.0,3.0,-74.0
1777888849.1353323,6.0,2.0,-74.0
1777888849.1453323,6.0,1.0,-74.0
1777888849.1553323,5.0,4.0,-75.0
1777888849.1653323,4.0,2.0,-73.0
1777888849.1753323,7.0,-2.0,-69.0
1777888849.1853323,4.0,1.0,-63.0
1777888849.1953323,4.0,4.0,-60.0
1777888849.2053325,3.0,3.0,-61.0
1777888849.2153325,4.0,0.0,-68.0
1777888849.2253325,5.0,-1.0,-74.0
1777888849.2353325,3.0,-2.0,-70.0
1777888849.2453325,4.0,-4.0,-65.0
1777888849.2553325,0.0,-2.0,-65.0
1777888849.2653325,0.0,0.0,-62.0
1777888849.2753325,0.0,-1.0,-58.0
1777888849.2853324,-1.0,-5.0,-64.0
1777888849.2953324,-2.0,-4.0,-64.0
1777888849.3053324,-1.0,-6.0,-67.0
1777888849.3153324,-2.0,-3.0,-66.0
1777888849.3253324,-7.0,-3.0,-68.0
1777888849.3353324,-9.0,-6.0,-78.0
1777888849.3453324,-9.0,-6.0,-77.0
1777888849.3553324,-5.0,-6.0,-87.0
1777888849.3653324,-7.0,-4.0,-92.0
1777888849.3753324,-2.0,-3.0,-94.0
1777888849.3853323,-3.0,-3.0,-83.0
1777888849.3953323,-4.0,-6.0,-79.0
1777888849.4053323,-2.0,-5.0,-75.0
1777888849.4153323,1.0,-4.0,-75.0
1777888849.4253323,-1.0,-6.0,-79.0
1777888849.4353323,0.0,-4.0,-74.0
1777888849.4453323,1.0,-3.0,-73.0
1777888849.4553325,3.0,-2.0,-74.0
1777888849.4653325,4.0,-4.0,-70.0
1777888849.4753325,3.0,-3.0,-68.0
1777888849.4853325,1.0,-2.0,-71.0
1777888849.4953325,0.0,-4.0,-68.0
1777888849.5053325,1.0,-1.0,-69.0
1777888849.5153325,-2.0,-2.0,-65.0
1777888849.5253325,-3.0,-1.0,-61.0
1777888849.5353324,1.0,-1.0,-58.0
1777888849.5453324,-1.0,0.0,-65.0
1777888849.5553324,0.0,3.0,-66.0
1777888849.5653324,1.0,3.0,-61.0
1777888849.5753324,4.0,1.0,-58.0
1777888849.5853324,1.0,0.0,-59.0
1777888849.5953324,-1.0,3.0,-60.0
1777888849.6053324,-1.0,3.0,-70.0
1777888849.6153324,1.0,3.0,-71.0
1777888849.6253324,3.0,3.0,-75.0
1777888849.6353323,-3.0,1.0,-73.0
1777888849.6453323,2.0,1.0,-74.0
1777888849.6553323,6.0,-1.0,-73.0
1777888849.6653323,5.0,1.0,-71.0
1777888849.6753323,7.0,2.0,-70.0
1777888849.6853323,4.0,-1.0,-68.0
1777888849.6953323,3.0,-1.0,-73.0
1777888849.7053325,-1.0,-6.0,-73.0
1777888849.7153325,-3.0,-7.0,-71.0
1777888849.7253325,-2.0,-6.0,-73.0
1777888849.7353325,-3.0,-6.0,-72.0
1777888849.7453325,-6.0,-6.0,-78.0
1777888849.7553325,-5.0,-3.0,-80.0
1777888849.7653325,-2.0,-1.0,-77.0
1777888849.7753325,0.0,-6.0,-77.0
1777888849.7853324,0.0,-3.0,-75.0
1777888849.7953324,-1.0,-6.0,-77.0
1777888849.8053324,-1.0,-8.0,-83.0
1777888849.8153324,-4.0,-4.0,-81.0
1777888849.8253324,-2.0,0.0,-74.0
1777888849.8353324,-2.0,0.0,-75.0
1777888849.8453324,-3.0,0.0,-77.0
1777888849.8553324,-3.0,1.0,-75.0
1777888849.8653324,0.0,0.0,-79.0
1777888849.8753324,0.0,-4.0,-78.0
1777888849.8853323,0.0,-5.0,-73.0
1777888849.8953323,-2.0,-4.0,-73.0
1777888849.9053323,0.0,-6.0,-75.0
1777888849.9153323,3.0,-2.0,-79.0
1777888849.9253323,2.0,0.0,-80.0
1777888849.9353323,3.0,2.0,-81.0
1777888849.9453323,2.0,0.0,-77.0
1777888849.9553325,1.0,-1.0,-76.0
1777888849.9653325,0.0,0.0,-78.0
1777888849.9753325,0.0,0.0,-80.0
1777888849.9853325,-2.0,1.0,-86.0
1777888849.9953325,0.0,-3.0,-87.0
1777888850.0053325,0.0,-2.0,-88.0
1777888850.0153325,-2.0,0.0,-81.0
1777888850.0253325,0.0,2.0,-76.0
1777888850.0353324,-4.0,5.0,-73.0
1777888850.0453324,-1.0,9.0,-70.0
1777888850.0553324,0.0,11.0,-73.0
1777888850.0653324,1.0,8.0,-74.0
1777888850.0753324,-1.0,9.0,-75.0
1777888850.0853324,0.0,11.0,-76.0
1777888850.0953324,-1.0,8.0,-80.0
1777888850.1053324,-3.0,5.0,-81.0
1777888850.1153324,-5.0,3.0,-80.0
1777888850.1253324,-3.0,4.0,-81.0
1777888850.1353323,-4.0,6.0,-82.0
1777888850.1453323,-5.0,8.0,-83.0
1777888850.1553323,-2.0,4.0,-84.0
1777888850.1653323,0.0,0.0,-83.0
1777888850.1753323,2.0,-2.0,-79.0
1777888850.1853323,0.0,-3.0,-75.0
1777888850.1953323,2.0,-5.0,-71.0
1777888850.2053325,9.0,-7.0,-63.0
1777888850.2153325,8.0,-2.0,-64.0
1777888850.2253325,6.0,0.0,-66.0
1777888850.2353325,4.0,1.0,-68.0
1777888850.2453325,4.0,-3.0,-75.0
1777888850.2553325,5.0,-6.0,-82.0
1777888850.2653325,4.0,-2.0,-88.0
1777888850.2753325,7.0,-4.0,-88.0
1777888850.2853324,10.0,-2.0,-84.0
1777888850.2953324,8.0,0.0,-82.0
1777888850.3053324,7.0,0.0,-91.0
1777888850.3153324,5.0,-2.0,-92.0
1777888850.3263323,1.0,0.0,-94.0
1777888850.3363323,0.0,0.0,-88.0
1777888850.3463323,-1.0,0.0,-86.0
1777888850.3553324,3.0,3.0,-84.0
1777888850.3663323,6.0,3.0,-72.0
1777888850.3763323,4.0,2.0,-77.0
1777888850.3863325,2.0,0.0,-75.0
1777888850.3963325,2.0,0.0,-74.0
1777888850.4063325,1.0,0.0,-73.0
1777888850.4163325,0.0,-3.0,-70.0
1777888850.4263325,5.0,-1.0,-72.0
1777888850.4363325,8.0,0.0,-70.0
1777888850.4463325,3.0,-2.0,-72.0
1777888850.4563324,5.0,-6.0,-71.0
1777888850.4663324,2.0,-5.0,-73.0
1777888850.4763324,3.0,-7.0,-73.0
1777888850.4863324,2.0,-8.0,-73.0
1777888850.4963324,1.0,-9.0,-78.0
1777888850.5063324,2.0,-14.0,-79.0
1777888850.5163324,1.0,-12.0,-80.0
1777888850.5263324,1.0,-8.0,-85.0
1777888850.5363324,5.0,-11.0,-87.0
1777888850.5463324,4.0,-8.0,-86.0
1777888850.5563323,1.0,-5.0,-85.0
1777888850.5663323,0.0,-4.0,-84.0
1777888850.5763323,2.0,-1.0,-85.0
1777888850.5863323,2.0,-2.0,-83.0
1777888850.5963323,6.0,-4.0,-82.0
1777888850.6063323,5.0,-6.0,-84.0
1777888850.6163323,3.0,-2.0,-80.0
1777888850.6263323,2.0,-5.0,-81.0
1777888850.6363325,4.0,0.0,-85.0
1777888850.6463325,0.0,8.0,-91.0
1777888850.6563325,3.0,5.0,-90.0
1777888850.6663325,3.0,4.0,-89.0
1777888850.6763325,0.0,4.0,-89.0
1777888850.6863325,-3.0,1.0,-86.0
1777888850.6963325,-2.0,0.0,-74.0
1777888850.7063324,-6.0,0.0,-71.0
1777888850.7163324,-4.0,0.0,-75.0
1777888850.7263324,-3.0,2.0,-71.0
1777888850.7363324,-4.0,2.0,-72.0
1777888850.7463324,-3.0,0.0,-70.0
1777888850.7563324,0.0,0.0,-75.0
1777888850.7663324,0.0,-2.0,-76.0
1777888850.7763324,-1.0,-2.0,-73.0
1777888850.7863324,-2.0,1.0,-81.0
1777888850.7963324,-4.0,0.0,-85.0
1777888850.8063323,-1.0,-2.0,-90.0
1777888850.8163323,0.0,2.0,-78.0
1777888850.8263323,0.0,-2.0,-74.0
1777888850.8363323,1.0,-4.0,-72.0
1777888850.8463323,0.0,-4.0,-70.0
1777888850.8563323,-4.0,0.0,-69.0
1777888850.8663323,-6.0,0.0,-71.0
1777888850.8763323,-6.0,0.0,-66.0
1777888850.8863325,0.0,0.0,-65.0
1777888850.8963325,-2.0,4.0,-69.0
1777888850.9063325,-6.0,7.0,-72.0
1777888850.9163325,-4.0,-2.0,-66.0
1777888850.9263325,-5.0,-5.0,-62.0
1777888850.9363325,-7.0,-6.0,-62.0
1777888850.9463325,-5.0,-8.0,-63.0
1777888850.9563324,-7.0,-7.0,-61.0
1777888850.9663324,-4.0,-8.0,-61.0
1777888850.9763324,2.0,-7.0,-59.0
1777888850.9863324,5.0,-6.0,-58.0
1777888850.9963324,2.0,0.0,-60.0
1777888851.0063324,4.0,1.0,-67.0
1777888851.0163324,4.0,2.0,-70.0
1777888851.0263324,3.0,1.0,-69.0
1777888851.0363324,2.0,0.0,-70.0
1777888851.0463324,4.0,0.0,-66.0
1777888851.0563323,3.0,4.0,-67.0
1777888851.0663323,2.0,3.0,-64.0
1777888851.0763323,3.0,4.0,-68.0
1777888851.0863323,0.0,3.0,-71.0
1777888851.0963323,1.0,0.0,-64.0
1777888851.1063323,3.0,1.0,-64.0
1777888851.1163323,0.0,1.0,-73.0
1777888851.1263323,-2.0,-2.0,-74.0
1777888851.1363325,-2.0,-3.0,-76.0
1777888851.1463325,-4.0,-4.0,-68.0
1777888851.1563325,-3.0,-5.0,-73.0
1777888851.1663325,-2.0,-5.0,-78.0
1777888851.1763325,-1.0,-2.0,-77.0
1777888851.1863325,0.0,0.0,-78.0
1777888851.1963325,2.0,0.0,-71.0
1777888851.2063324,-1.0,0.0,-68.0
1777888851.2163324,-2.0,0.0,-76.0
1777888851.2263324,3.0,1.0,-79.0
1777888851.2363324,2.0,1.0,-78.0
1777888851.2463324,1.0,1.0,-77.0
1777888851.2563324,3.0,1.0,-73.0
1777888851.2663324,5.0,3.0,-76.0
1777888851.2763324,2.0,-1.0,-77.0
1777888851.2863324,-4.0,-1.0,-71.0
1777888851.2963324,-5.0,-5.0,-66.0
1777888851.3063323,-6.0,-1.0,-69.0
1777888851.3163323,-2.0,2.0,-69.0
1777888851.3263323,0.0,3.0,-73.0
1777888851.3363323,-1.0,5.0,-78.0
1777888851.3463323,-1.0,3.0,-88.0
1777888851.3563323,-7.0,6.0,-78.0
1777888851.3663323,-4.0,1.0,-75.0
1777888851.3763323,-4.0,1.0,-76.0
1777888851.3863325,-3.0,0.0,-75.0
1777888851.3963325,-2.0,0.0,-70.0
1777888851.4063325,-1.0,0.0,-67.0
1777888851.4163325,-5.0,3.0,-66.0
1777888851.4263325,-4.0,6.0,-68.0
1777888851.4363325,-6.0,4.0,-66.0
1777888851.4463325,-3.0,3.0,-64.0
1777888851.4563324,-2.0,0.0,-66.0
1777888851.4663324,-6.0,0.0,-68.0
1777888851.4763324,-3.0,0.0,-71.0
1777888851.4863324,0.0,1.0,-71.0
1777888851.4963324,0.0,4.0,-70.0
1777888851.5063324,0.0,1.0,-72.0
1777888851.5163324,-2.0,-2.0,-70.0
1777888851.5263324,0.0,-1.0,-77.0
1777888851.5363324,1.0,-1.0,-77.0
1777888851.5463324,-1.0,-2.0,-77.0
1777888851.5563323,0.0,-2.0,-75.0
1777888851.5663323,0.0,0.0,-70.0
1777888851.5763323,-4.0,-4.0,-67.0
1777888851.5863323,-4.0,-7.0,-63.0
1777888851.5963323,-5.0,-1.0,-66.0
1777888851.6063323,-1.0,-3.0,-68.0
1777888851.6163323,-2.0,-6.0,-61.0
1777888851.6263323,-3.0,-5.0,-66.0
1777888851.6363325,-1.0,-5.0,-68.0
1777888851.6463325,1.0,-8.0,-75.0
1777888851.6563325,-1.0,-7.0,-77.0
1777888851.6663325,-2.0,-4.0,-78.0
1777888851.6763325,-1.0,-6.0,-69.0
1777888851.6863325,0.0,-1.0,-64.0
1777888851.6963325,1.0,-2.0,-66.0
1777888851.7063324,0.0,-4.0,-73.0
1777888851.7163324,3.0,-2.0,-71.0
1777888851.7263324,0.0,-1.0,-77.0
1777888851.7363324,4.0,1.0,-74.0
1777888851.7463324,3.0,4.0,-69.0
1777888851.7563324,1.0,7.0,-62.0
1777888851.7663324,1.0,7.0,-68.0
1777888851.7763324,0.0,6.0,-65.0
1777888851.7863324,3.0,4.0,-70.0
1777888851.7963324,5.0,1.0,-75.0
1777888851.8063323,8.0,2.0,-80.0
1777888851.8163323,5.0,6.0,-87.0
1777888851.8263323,2.0,5.0,-85.0
1777888851.8363323,3.0,2.0,-80.0
1777888851.8463323,2.0,3.0,-79.0
1777888851.8563323,0.0,3.0,-71.0
1777888851.8663323,-4.0,4.0,-71.0
1777888851.8763323,-5.0,1.0,-76.0
1777888851.8863325,-6.0,-2.0,-77.0
1777888851.8963325,-9.0,-3.0,-76.0
1777888851.9063325,-6.0,-3.0,-77.0
1777888851.9163325,0.0,-2.0,-73.0
1777888851.9263325,-1.0,-5.0,-75.0
1777888851.9363325,-5.0,0.0,-77.0
1777888851.9463325,-3.0,0.0,-82.0
1777888851.9563324,0.0,0.0,-82.0
1777888851.9663324,-2.0,1.0,-78.0
1777888851.9763324,-5.0,2.0,-81.0
1777888851.9863324,-5.0,2.0,-80.0
1777888851.9963324,-2.0,3.0,-76.0
1777888852.0063324,0.0,5.0,-73.0
1777888852.0163324,0.0,4.0,-78.0
1777888852.0263324,-2.0,4.0,-79.0
1777888852.0363324,-3.0,4.0,-79.0
1777888852.0463324,0.0,4.0,-76.0
1777888852.0563323,3.0,1.0,-73.0
1777888852.0663323,2.0,1.0,-71.0
1777888852.0763323,0.0,1.0,-69.0
1777888852.0863323,-1.0,1.0,-71.0
1777888852.0963323,3.0,0.0,-72.0
1777888852.1063323,7.0,0.0,-75.0
1777888852.1163323,2.0,0.0,-77.0
1777888852.1263323,-1.0,1.0,-72.0
1777888852.1363325,0.0,-1.0,-74.0
1777888852.1463325,1.0,0.0,-71.0
1777888852.1563325,2.0,0.0,-76.0
1777888852.1663325,2.0,0.0,-79.0
1777888852.1763325,6.0,0.0,-70.0
1777888852.1863325,5.0,0.0,-62.0
1777888852.1963325,9.0,-5.0,-69.0
1777888852.2063324,7.0,-6.0,-69.0
1777888852.2163324,4.0,-4.0,-71.0
1777888852.2263324,3.0,1.0,-77.0
1777888852.2363324,5.0,2.0,-75.0
1777888852.2463324,6.0,5.0,-75.0
1777888852.2563324,8.0,1.0,-70.0
1777888852.2663324,8.0,1.0,-69.0
1777888852.2773323,8.0,1.0,-64.0
1777888852.2863324,5.0,6.0,-64.0
1777888852.2973323,0.0,7.0,-66.0
1777888852.3063323,-2.0,1.0,-65.0
1777888852.3173325,-7.0,3.0,-74.0
1777888852.3273325,-8.0,4.0,-79.0
1777888852.3373325,-9.0,7.0,-81.0
1777888852.3473325,-5.0,8.0,-69.0
1777888852.3573325,-8.0,5.0,-67.0
1777888852.3673325,-8.0,6.0,-71.0
1777888852.3773324,-9.0,5.0,-77.0
1777888852.3873324,-5.0,2.0,-85.0
1777888852.3973324,-6.0,3.0,-80.0
1777888852.4073324,-3.0,4.0,-78.0
1777888852.4173324,0.0,4.0,-73.0
1777888852.4273324,-5.0,4.0,-67.0
1777888852.4373324,-3.0,5.0,-70.0
1777888852.4473324,-2.0,5.0,-75.0
1777888852.4573324,-2.0,3.0,-74.0
1777888852.4673324,-1.0,-1.0,-73.0
1777888852.4773324,0.0,0.0,-66.0
1777888852.4873323,0.0,2.0,-74.0
1777888852.4973323,1.0,4.0,-76.0
1777888852.5073323,2.0,0.0,-71.0
1777888852.5173323,1.0,0.0,-66.0
1777888852.5273323,0.0,-3.0,-61.0
1777888852.5373323,-2.0,0.0,-61.0
1777888852.5473323,-2.0,0.0,-59.0
1777888852.5573325,-1.0,1.0,-52.0
1777888852.5673325,2.0,1.0,-54.0
1777888852.5773325,6.0,0.0,-53.0
1777888852.5873325,3.0,1.0,-65.0
1777888852.5973325,1.0,3.0,-69.0
1777888852.6073325,0.0,4.0,-71.0
1777888852.6173325,3.0,0.0,-72.0
1777888852.6273324,2.0,0.0,-69.0
1777888852.6373324,3.0,2.0,-71.0
1777888852.6473324,5.0,0.0,-76.0
1777888852.6573324,5.0,0.0,-81.0
1777888852.6673324,6.0,0.0,-79.0
1777888852.6773324,9.0,2.0,-75.0
1777888852.6873324,7.0,0.0,-66.0
1777888852.6973324,10.0,3.0,-73.0
1777888852.7073324,20.0,2.0,-76.0
1777888852.7173324,15.0,0.0,-81.0
1777888852.7273324,11.0,0.0,-84.0
1777888852.7373323,9.0,2.0,-85.0
1777888852.7473323,4.0,1.0,-86.0
1777888852.7573323,3.0,0.0,-84.0
1777888852.7673323,1.0,-2.0,-80.0
1777888852.7773323,1.0,0.0,-75.0
1777888852.7873323,1.0,-3.0,-81.0
1777888852.7973323,-1.0,-4.0,-77.0
1777888852.8073325,0.0,1.0,-73.0
1777888852.8173325,4.0,4.0,-68.0
1777888852.8273325,4.0,2.0,-65.0
1777888852.8373325,1.0,4.0,-65.0
1777888852.8473325,3.0,2.0,-67.0
1777888852.8573325,1.0,-1.0,-74.0
1777888852.8673325,-1.0,-1.0,-73.0
1777888852.8773324,-1.0,-3.0,-72.0
1777888852.8873324,-2.0,-6.0,-74.0
1777888852.8973324,0.0,-1.0,-75.0
1777888852.9073324,-1.0,3.0,-77.0
1777888852.9173324,-1.0,1.0,-74.0
1777888852.9273324,0.0,2.0,-73.0
1777888852.9373324,-1.0,-1.0,-70.0
1777888852.9473324,-2.0,0.0,-68.0
1777888852.9573324,-2.0,3.0,-71.0
1777888852.9673324,-2.0,5.0,-72.0
1777888852.9773324,5.0,4.0,-72.0
1777888852.9873323,7.0,3.0,-68.0
1777888852.9973323,5.0,4.0,-70.0
1777888853.0073323,0.0,0.0,-72.0
1777888853.0173323,4.0,2.0,-76.0
1777888853.0273323,8.0,2.0,-80.0
1777888853.0373323,8.0,4.0,-76.0
1777888853.0473323,10.0,1.0,-79.0
1777888853.0573325,9.0,-2.0,-76.0
1777888853.0673325,4.0,-2.0,-76.0
1777888853.0773325,4.0,3.0,-72.0
1777888853.0873325,7.0,4.0,-71.0
1777888853.0973325,3.0,3.0,-74.0
1777888853.1073325,0.0,0.0,-71.0
1777888853.1173325,1.0,-1.0,-83.0
1777888853.1273324,1.0,0.0,-83.0
1777888853.1373324,4.0,0.0,-79.0
1777888853.1473324,2.0,0.0,-76.0
1777888853.1573324,4.0,0.0,-74.0
1777888853.1673324,3.0,-1.0,-79.0
1777888853.1773324,8.0,-3.0,-82.0
1777888853.1873324,4.0,-1.0,-77.0
1777888853.1973324,2.0,2.0,-79.0
1777888853.2073324,-2.0,-1.0,-78.0
1777888853.2173324,0.0,-2.0,-74.0
1777888853.2273324,1.0,1.0,-72.0
1777888853.2373323,2.0,0.0,-73.0
1777888853.2473323,4.0,1.0,-81.0
1777888853.2573323,5.0,0.0,-86.0
1777888853.2673323,6.0,1.0,-89.0
1777888853.2773323,4.0,0.0,-88.0
1777888853.2873323,6.0,0.0,-87.0
1777888853.2973323,4.0,-3.0,-82.0
1777888853.3073325,2.0,0.0,-80.0
1777888853.3173325,-1.0,0.0,-77.0
1777888853.3273325,1.0,0.0,-76.0
1777888853.3373325,4.0,0.0,-76.0
1777888853.3473325,7.0,-2.0,-76.0
1777888853.3573325,5.0,-1.0,-76.0
1777888853.3673325,4.0,-3.0,-81.0
1777888853.3773324,7.0,-1.0,-78.0
1777888853.3873324,4.0,0.0,-78.0
1777888853.3973324,5.0,0.0,-82.0
1777888853.4073324,3.0,-1.0,-82.0
1777888853.4173324,7.0,-2.0,-77.0
1777888853.4273324,6.0,4.0,-76.0
1777888853.4373324,8.0,5.0,-75.0
1777888853.4473324,4.0,-3.0,-72.0
1777888853.4573324,4.0,-6.0,-73.0
1777888853.4673324,3.0,-5.0,-71.0
1777888853.4773324,8.0,-5.0,-71.0
1777888853.4873323,6.0,-4.0,-74.0
1777888853.4973323,6.0,-6.0,-71.0
1777888853.5073323,5.0,-9.0,-64.0
1777888853.5173323,3.0,-4.0,-67.0
1777888853.5273323,1.0,-1.0,-68.0
1777888853.5373323,0.0,0.0,-69.0
1777888853.5473323,3.0,0.0,-70.0
1777888853.5573325,5.0,1.0,-67.0
1777888853.5673325,6.0,-2.0,-68.0
1777888853.5773325,1.0,-1.0,-74.0
1777888853.5873325,-5.0,-1.0,-76.0
1777888853.5973325,0.0,-2.0,-73.0
1777888853.6073325,-1.0,-4.0,-72.0
1777888853.6173325,0.0,-7.0,-79.0
1777888853.6273324,-5.0,-7.0,-80.0
1777888853.6373324,-5.0,-9.0,-86.0
1777888853.6473324,-1.0,-6.0,-87.0
1777888853.6573324,-2.0,-5.0,-91.0
1777888853.6673324,-6.0,-2.0,-83.0
1777888853.6773324,-7.0,0.0,-77.0
1777888853.6873324,-7.0,3.0,-75.0
1777888853.6973324,-5.0,2.0,-76.0
1777888853.7073324,-6.0,3.0,-70.0
1777888853.7173324,0.0,0.0,-70.0
1777888853.7273324,6.0,0.0,-69.0
1777888853.7373323,4.0,0.0,-73.0
1777888853.7473323,3.0,0.0,-73.0
1777888853.7573323,3.0,1.0,-69.0
1777888853.7673323,2.0,1.0,-71.0
1777888853.7773323,5.0,1.0,-74.0
1777888853.7873323,5.0,-1.0,-72.0
1777888853.7973323,5.0,-3.0,-73.0
1777888853.8073325,5.0,-6.0,-75.0
1777888853.8173325,0.0,-3.0,-74.0
1777888853.8273325,0.0,-6.0,-70.0
1777888853.8373325,2.0,-5.0,-72.0
1777888853.8473325,0.0,-6.0,-80.0
1777888853.8573325,0.0,-6.0,-84.0
1777888853.8673325,1.0,-4.0,-80.0
1777888853.8773324,0.0,-3.0,-67.0
1777888853.8873324,1.0,-2.0,-67.0
1777888853.8973324,3.0,-4.0,-67.0
1777888853.9073324,7.0,-3.0,-72.0
1777888853.9173324,5.0,-3.0,-78.0
1777888853.9273324,1.0,-5.0,-76.0
1777888853.9373324,0.0,-6.0,-81.0
1777888853.9473324,-1.0,-3.0,-75.0
1777888853.9573324,0.0,0.0,-72.0
1777888853.9673324,1.0,-1.0,-74.0
1777888853.9773324,0.0,0.0,-72.0
1777888853.9873323,1.0,2.0,-75.0
1777888853.9973323,3.0,5.0,-74.0
1777888854.0073323,3.0,3.0,-76.0
1777888854.0173323,1.0,1.0,-76.0
1777888854.0273323,1.0,-2.0,-70.0
1777888854.0373323,3.0,-5.0,-74.0
1777888854.0473323,0.0,-7.0,-76.0
1777888854.0573325,-4.0,-5.0,-75.0
1777888854.0673325,-5.0,-8.0,-74.0
1777888854.0773325,-1.0,-9.0,-75.0
1777888854.0873325,-4.0,-9.0,-72.0
1777888854.0973325,-3.0,-5.0,-73.0
1777888854.1073325,-1.0,-2.0,-74.0
1777888854.1173325,3.0,-2.0,-76.0
1777888854.1273324,5.0,-2.0,-78.0
1777888854.1373324,3.0,0.0,-83.0
1777888854.1473324,1.0,-1.0,-86.0
1777888854.1573324,0.0,0.0,-87.0
1777888854.1673324,8.0,0.0,-86.0
1777888854.1773324,7.0,0.0,-79.0
1777888854.1873324,7.0,1.0,-77.0
1777888854.1973324,2.0,0.0,-77.0
1777888854.2073324,4.0,0.0,-69.0
1777888854.2173324,4.0,3.0,-78.0
1777888854.2273324,4.0,1.0,-77.0
1777888854.2373323,1.0,2.0,-79.0
1777888854.2473323,5.0,-2.0,-78.0
1777888854.2573323,2.0,-3.0,-76.0
1777888854.2683325,1.0,-6.0,-72.0
1777888854.2783325,1.0,-5.0,-71.0
1777888854.2883325,0.0,-3.0,-70.0
1777888854.2983325,-6.0,-1.0,-65.0
1777888854.3083324,-5.0,-1.0,-68.0
1777888854.3183324,-3.0,-3.0,-70.0
1777888854.3283324,2.0,0.0,-65.0
1777888854.3383324,2.0,0.0,-71.0
1777888854.3483324,2.0,-2.0,-74.0
1777888854.3583324,-1.0,-3.0,-73.0
1777888854.3683324,0.0,-3.0,-72.0
1777888854.3783324,0.0,-5.0,-74.0
1777888854.3883324,-1.0,-6.0,-77.0
1777888854.3983324,0.0,-7.0,-77.0
1777888854.4083323,0.0,-6.0,-78.0
1777888854.4183323,0.0,-4.0,-76.0
1777888854.4283323,3.0,0.0,-77.0
1777888854.4383323,3.0,3.0,-79.0
1777888854.4483323,0.0,0.0,-79.0
1777888854.4583323,1.0,-3.0,-78.0
1777888854.4683323,4.0,-3.0,-85.0
1777888854.4783323,5.0,-2.0,-79.0
1777888854.4883325,5.0,-2.0,-78.0
1777888854.4983325,4.0,-2.0,-76.0
1777888854.5083325,4.0,-3.0,-74.0
1777888854.5183325,2.0,-3.0,-80.0
1777888854.5283325,0.0,-3.0,-81.0
1777888854.5383325,1.0,-2.0,-79.0
1777888854.5483325,4.0,2.0,-81.0
1777888854.5583324,0.0,3.0,-72.0
1777888854.5683324,-3.0,-1.0,-77.0
1777888854.5783324,0.0,-5.0,-78.0
1777888854.5883324,-1.0,-7.0,-79.0
1777888854.5983324,-2.0,-4.0,-81.0
1777888854.6083324,0.0,-4.0,-73.0
1777888854.6183324,-1.0,-2.0,-73.0
1777888854.6283324,1.0,2.0,-68.0
1777888854.6383324,1.0,7.0,-65.0
1777888854.6483324,6.0,1.0,-68.0
1777888854.6583323,6.0,4.0,-72.0
1777888854.6683323,6.0,4.0,-73.0
1777888854.6783323,-1.0,4.0,-71.0
1777888854.6883323,-1.0,2.0,-76.0
1777888854.6983323,-3.0,6.0,-79.0
1777888854.7083323,0.0,3.0,-83.0
1777888854.7183323,-2.0,1.0,-84.0
1777888854.7283323,-2.0,0.0,-86.0
1777888854.7383325,1.0,-4.0,-84.0
1777888854.7483325,0.0,-4.0,-85.0
1777888854.7583325,-3.0,-4.0,-82.0
1777888854.7683325,-1.0,-6.0,-83.0
1777888854.7783325,0.0,-7.0,-79.0
1777888854.7883325,0.0,-4.0,-83.0
1777888854.7983325,4.0,-2.0,-82.0
1777888854.8083324,5.0,-1.0,-82.0
1777888854.8183324,-1.0,1.0,-76.0
1777888854.8283324,-3.0,0.0,-82.0
1777888854.8383324,-1.0,-1.0,-81.0
1777888854.8483324,0.0,-5.0,-82.0
1777888854.8583324,0.0,-10.0,-87.0
1777888854.8683324,3.0,-9.0,-89.0
1777888854.8783324,7.0,-9.0,-86.0
1777888854.8883324,-1.0,-5.0,-85.0
1777888854.8983324,-2.0,-1.0,-81.0
1777888854.9083323,-6.0,0.0,-81.0
1777888854.9183323,-6.0,3.0,-85.0
1777888854.9283323,-6.0,2.0,-83.0
1777888854.9383323,-4.0,3.0,-72.0
1777888854.9483323,-2.0,3.0,-73.0
1777888854.9583323,-2.0,2.0,-73.0
1777888854.9683323,-2.0,1.0,-77.0
1777888854.9783323,4.0,0.0,-83.0
1777888854.9883325,2.0,0.0,-79.0
1777888854.9983325,2.0,0.0,-71.0
1777888855.0083325,0.0,0.0,-72.0
1777888855.0183325,1.0,1.0,-74.0
1777888855.0283325,-6.0,-2.0,-76.0
1777888855.0383325,-5.0,-6.0,-81.0
1777888855.0483325,-6.0,-4.0,-83.0
1777888855.0583324,-6.0,-3.0,-84.0
1777888855.0683324,-3.0,0.0,-83.0
1777888855.0783324,-5.0,-4.0,-87.0
1777888855.0883324,-4.0,-3.0,-91.0
1777888855.0983324,-3.0,-4.0,-94.0
1777888855.1083324,-6.0,-4.0,-87.0
1777888855.1183324,-6.0,0.0,-82.0
1777888855.1283324,-6.0,0.0,-79.0
1777888855.1383324,-2.0,0.0,-79.0
1777888855.1483324,-1.0,0.0,-79.0
1777888855.1583323,-3.0,0.0,-76.0
1777888855.1683323,-3.0,4.0,-81.0
1777888855.1783323,-1.0,5.0,-74.0
1777888855.1883323,1.0,3.0,-68.0
1777888855.1983323,0.0,1.0,-71.0
1777888855.2083323,-6.0,3.0,-70.0
1777888855.2183323,-9.0,0.0,-69.0
1777888855.2283323,-13.0,-2.0,-71.0
1777888855.2383325,-12.0,-4.0,-68.0
1777888855.2483325,-10.0,-3.0,-75.0
1777888855.2583325,-5.0,-1.0,-69.0
1777888855.2683325,-6.0,-2.0,-74.0
1777888855.2783325,-5.0,-4.0,-82.0
1777888855.2883325,-4.0,-1.0,-83.0
1777888855.2983325,-3.0,-4.0,-87.0
1777888855.3083324,1.0,-3.0,-84.0
1777888855.3183324,0.0,-5.0,-83.0
1777888855.3283324,0.0,-3.0,-80.0
1777888855.3383324,-2.0,-2.0,-73.0
1777888855.3483324,0.0,-3.0,-73.0
1777888855.3583324,2.0,-2.0,-78.0
1777888855.3683324,-3.0,0.0,-79.0
1777888855.3783324,-2.0,0.0,-75.0
1777888855.3883324,-4.0,0.0,-75.0
1777888855.3983324,-2.0,0.0,-80.0
1777888855.4083323,-3.0,-1.0,-79.0
1777888855.4183323,-2.0,1.0,-76.0
1777888855.4283323,-3.0,3.0,-81.0
1777888855.4383323,-3.0,0.0,-78.0
1777888855.4483323,1.0,0.0,-78.0
1777888855.4583323,0.0,-1.0,-78.0
1777888855.4683323,0.0,-2.0,-74.0
1777888855.4783323,1.0,-1.0,-72.0
1777888855.4883325,4.0,-2.0,-72.0
1777888855.4983325,5.0,2.0,-80.0
1777888855.5083325,5.0,4.0,-78.0
1777888855.5183325,3.0,6.0,-76.0
1777888855.5283325,1.0,7.0,-81.0
1777888855.5383325,3.0,0.0,-83.0
1777888855.5483325,1.0,1.0,-83.0
1777888855.5583324,3.0,1.0,-90.0
1777888855.5683324,5.0,1.0,-90.0
1777888855.5783324,2.0,0.0,-89.0
1777888855.5883324,1.0,0.0,-81.0
1777888855.5983324,-1.0,1.0,-85.0
1777888855.6083324,-4.0,3.0,-87.0
1777888855.6183324,0.0,2.0,-89.0
1777888855.6283324,-2.0,3.0,-90.0
1777888855.6383324,0.0,1.0,-93.0
1777888855.6483324,0.0,2.0,-90.0
1777888855.6583323,0.0,4.0,-90.0
1777888855.6683323,-1.0,2.0,-88.0
1777888855.6783323,-3.0,0.0,-89.0
1777888855.6883323,-7.0,-1.0,-85.0
1777888855.6983323,-7.0,2.0,-82.0
1777888855.7083323,-8.0,3.0,-79.0
1777888855.7183323,-7.0,1.0,-76.0
1777888855.7283323,0.0,0.0,-82.0
1777888855.7383325,0.0,-2.0,-83.0
1777888855.7483325,-2.0,-5.0,-80.0
1777888855.7583325,2.0,-8.0,-83.0
1777888855.7683325,0.0,-7.0,-81.0
1777888855.7783325,0.0,-8.0,-76.0
1777888855.7883325,-1.0,-7.0,-73.0
1777888855.7983325,-3.0,-6.0,-65.0
1777888855.8083324,-6.0,-2.0,-73.0
1777888855.8183324,-3.0,-4.0,-77.0
1777888855.8283324,-4.0,-4.0,-82.0
1777888855.8383324,-2.0,-3.0,-80.0
1777888855.8483324,-5.0,-7.0,-89.0
1777888855.8583324,-3.0,-4.0,-86.0
1777888855.8683324,-8.0,0.0,-81.0
1777888855.8783324,-13.0,-2.0,-77.0
1777888855.8883324,-14.0,-1.0,-76.0
1777888855.8983324,-9.0,-1.0,-75.0
1777888855.9083323,-7.0,0.0,-73.0
1777888855.9183323,-4.0,2.0,-78.0
1777888855.9283323,-2.0,-5.0,-85.0
1777888855.9383323,1.0,-4.0,-84.0
1777888855.9483323,0.0,-3.0,-75.0
1777888855.9583323,3.0,-4.0,-66.0
1777888855.9683323,7.0,-4.0,-68.0
1777888855.9783323,5.0,-4.0,-74.0
1777888855.9883325,9.0,-4.0,-75.0
1777888855.9983325,7.0,-2.0,-74.0
1777888856.0083325,7.0,-2.0,-74.0
1777888856.0183325,6.0,-2.0,-76.0
1777888856.0283325,5.0,0.0,-74.0
1777888856.0383325,5.0,3.0,-76.0
1777888856.0483325,4.0,3.0,-73.0
1777888856.0583324,2.0,1.0,-77.0
1777888856.0683324,6.0,0.0,-73.0
1777888856.0783324,6.0,0.0,-75.0
1777888856.0883324,8.0,2.0,-76.0
1777888856.0983324,7.0,1.0,-79.0
1777888856.1083324,5.0,0.0,-81.0
1777888856.1183324,0.0,-1.0,-79.0
1777888856.1283324,1.0,0.0,-69.0
1777888856.1383324,1.0,-1.0,-64.0
1777888856.1483324,3.0,0.0,-73.0
1777888856.1583323,1.0,6.0,-78.0
1777888856.1683323,1.0,8.0,-84.0
1777888856.1783323,0.0,9.0,-76.0
1777888856.1883323,0.0,6.0,-73.0
1777888856.1983323,3.0,11.0,-81.0
1777888856.2083323,4.0,10.0,-81.0
1777888856.2183323,2.0,8.0,-74.0
1777888856.2283323,1.0,3.0,-79.0
1777888856.2383325,3.0,0.0,-87.0
1777888856.2493324,2.0,2.0,-87.0
1777888856.2593324,3.0,4.0,-85.0
1777888856.2693324,4.0,2.0,-85.0
1777888856.2793324,1.0,6.0,-84.0
1777888856.2893324,-1.0,5.0,-77.0
1777888856.2993324,-4.0,2.0,-74.0
1777888856.3093324,-7.0,2.0,-69.0
1777888856.3193324,-6.0,-3.0,-73.0
1777888856.3293324,0.0,-2.0,-65.0
1777888856.3393323,-3.0,-4.0,-63.0
1777888856.3493323,-3.0,-2.0,-71.0
1777888856.3593323,-2.0,-2.0,-76.0
1777888856.3693323,0.0,-3.0,-76.0
1777888856.3793323,0.0,-7.0,-71.0
1777888856.3893323,1.0,-4.0,-66.0
1777888856.3993323,0.0,0.0,-68.0
1777888856.4093325,1.0,1.0,-76.0
1777888856.4193325,2.0,4.0,-79.0
1777888856.4293325,0.0,0.0,-82.0
1777888856.4393325,6.0,-3.0,-80.0
1777888856.4493325,1.0,-5.0,-79.0
1777888856.4593325,2.0,-6.0,-81.0
1777888856.4693325,4.0,-6.0,-80.0
1777888856.4793324,8.0,-6.0,-83.0
1777888856.4893324,9.0,-3.0,-81.0
1777888856.4993324,8.0,-2.0,-80.0
1777888856.5093324,9.0,-5.0,-78.0
1777888856.5193324,9.0,-7.0,-82.0
1777888856.5293324,8.0,-6.0,-84.0
1777888856.5393324,8.0,-8.0,-81.0
1777888856.5493324,6.0,-6.0,-81.0
1777888856.5593324,3.0,-4.0,-77.0
1777888856.5693324,1.0,-3.0,-74.0
1777888856.5793324,2.0,0.0,-71.0
1777888856.5893323,-2.0,0.0,-77.0
1777888856.5993323,-3.0,-3.0,-79.0
1777888856.6093323,-2.0,-1.0,-85.0
1777888856.6193323,0.0,0.0,-79.0
1777888856.6293323,0.0,0.0,-73.0
1777888856.6393323,-1.0,-3.0,-68.0
1777888856.6493323,1.0,0.0,-69.0
1777888856.6593325,0.0,-1.0,-69.0
1777888856.6693325,4.0,-3.0,-74.0
1777888856.6793325,5.0,-5.0,-69.0
1777888856.6893325,4.0,-6.0,-66.0
1777888856.6993325,1.0,-7.0,-65.0
1777888856.7093325,-1.0,-9.0,-70.0
1777888856.7193325,-2.0,-3.0,-76.0
1777888856.7293324,0.0,-1.0,-76.0
1777888856.7393324,-3.0,1.0,-79.0
1777888856.7493324,1.0,0.0,-77.0
1777888856.7593324,3.0,-1.0,-75.0
1777888856.7693324,6.0,-3.0,-73.0
1777888856.7793324,9.0,-3.0,-72.0
1777888856.7893324,11.0,1.0,-73.0
1777888856.7993324,11.0,3.0,-73.0
1777888856.8093324,4.0,2.0,-71.0
1777888856.8193324,2.0,3.0,-69.0
1777888856.8293324,-3.0,9.0,-74.0
1777888856.8393323,0.0,9.0,-75.0
1777888856.8493323,0.0,4.0,-77.0
1777888856.8593323,2.0,5.0,-77.0
1777888856.8693323,2.0,2.0,-78.0
1777888856.8793323,0.0,-5.0,-83.0
1777888856.8893323,-1.0,-2.0,-91.0
1777888856.8993323,2.0,1.0,-82.0
1777888856.9093325,5.0,1.0,-83.0
1777888856.9193325,1.0,1.0,-83.0
1777888856.9293325,0.0,0.0,-82.0
1777888856.9393325,0.0,0.0,-73.0
1777888856.9493325,-1.0,0.0,-77.0
1777888856.9593325,-3.0,-2.0,-80.0
1777888856.9693325,-1.0,3.0,-84.0
1777888856.9793324,0.0,3.0,-80.0
1777888856.9893324,-2.0,0.0,-77.0
1777888856.9993324,3.0,4.0,-74.0
1777888857.0093324,1.0,0.0,-72.0
1777888857.0193324,4.0,-1.0,-73.0
1777888857.0293324,4.0,-3.0,-76.0
1777888857.0393324,6.0,-6.0,-70.0
1777888857.0493324,5.0,0.0,-69.0
1777888857.0593324,5.0,2.0,-69.0
1777888857.0693324,2.0,3.0,-71.0
1777888857.0793324,0.0,3.0,-68.0
1777888857.0893323,-1.0,1.0,-68.0
1777888857.0993323,0.0,0.0,-72.0
1777888857.1093323,-4.0,-1.0,-77.0
1777888857.1193323,-4.0,0.0,-71.0
1777888857.1293323,-4.0,1.0,-69.0
1777888857.1393323,-2.0,0.0,-72.0
1777888857.1493323,-5.0,-2.0,-72.0
1777888857.1593325,-5.0,-3.0,-75.0
1777888857.1693325,-6.0,-3.0,-74.0
1777888857.1793325,2.0,-2.0,-77.0
1777888857.1893325,4.0,0.0,-69.0
1777888857.1993325,-1.0,1.0,-68.0
1777888857.2093325,-3.0,-4.0,-69.0
1777888857.2193325,-4.0,0.0,-72.0
1777888857.2293324,-1.0,-2.0,-80.0
1777888857.2393324,0.0,-1.0,-81.0
1777888857.2493324,3.0,1.0,-81.0
1777888857.2593324,1.0,-1.0,-81.0
1777888857.2693324,-1.0,-2.0,-77.0
1777888857.2793324,0.0,-1.0,-74.0
1777888857.2893324,0.0,-2.0,-66.0
1777888857.2993324,-2.0,-4.0,-69.0
1777888857.3093324,-3.0,-1.0,-67.0
1777888857.3193324,-7.0,0.0,-70.0
1777888857.3293324,-7.0,0.0,-76.0
1777888857.3393323,-4.0,-1.0,-87.0
1777888857.3493323,1.0,0.0,-86.0
1777888857.3593323,-2.0,0.0,-81.0
1777888857.3693323,-1.0,-1.0,-72.0
1777888857.3793323,-2.0,0.0,-73.0
1777888857.3893323,-4.0,3.0,-69.0
1777888857.3993323,1.0,3.0,-78.0
1777888857.4093325,2.0,2.0,-78.0
1777888857.4193325,0.0,0.0,-72.0
1777888857.4293325,-3.0,0.0,-71.0
1777888857.4393325,0.0,-3.0,-73.0
1777888857.4493325,2.0,-2.0,-67.0
1777888857.4593325,0.0,-2.0,-69.0
1777888857.4693325,-5.0,-4.0,-70.0
1777888857.4793324,-4.0,0.0,-72.0
1777888857.4893324,-3.0,1.0,-75.0
1777888857.4993324,0.0,0.0,-74.0
1777888857.5093324,0.0,2.0,-77.0
1777888857.5193324,-3.0,0.0,-84.0
1777888857.5293324,-5.0,4.0,-79.0
1777888857.5393324,-12.0,1.0,-70.0
1777888857.5493324,-5.0,0.0,-62.0
1777888857.5593324,-2.0,-1.0,-58.0
1777888857.5693324,-5.0,0.0,-61.0
1777888857.5793324,-8.0,0.0,-67.0
1777888857.5893323,-9.0,0.0,-70.0
1777888857.5993323,-6.0,4.0,-69.0
1777888857.6093323,-1.0,0.0,-70.0
1777888857.6193323,0.0,1.0,-76.0
1777888857.6293323,2.0,1.0,-70.0
1777888857.6393323,-1.0,0.0,-65.0
1777888857.6493323,-3.0,-5.0,-65.0
1777888857.6593325,-5.0,-6.0,-66.0
1777888857.6693325,-4.0,-3.0,-72.0
1777888857.6793325,-3.0,0.0,-79.0
1777888857.6893325,-1.0,-5.0,-70.0
1777888857.6993325,0.0,-3.0,-70.0
1777888857.7093325,0.0,-7.0,-76.0
1777888857.7193325,1.0,-5.0,-81.0
1777888857.7293324,0.0,-6.0,-84.0
1777888857.7393324,1.0,-6.0,-87.0
1777888857.7493324,0.0,-6.0,-83.0
1777888857.7593324,-2.0,-2.0,-79.0
1777888857.7693324,-2.0,-8.0,-79.0
1777888857.7793324,0.0,-8.0,-82.0
1777888857.7893324,1.0,-4.0,-83.0
1777888857.7993324,1.0,-4.0,-78.0
1777888857.8093324,0.0,-4.0,-77.0
1777888857.8193324,3.0,-7.0,-74.0
1777888857.8293324,0.0,-5.0,-70.0
1777888857.8393323,2.0,-5.0,-69.0
1777888857.8493323,3.0,-6.0,-74.0
1777888857.8593323,5.0,-2.0,-80.0
1777888857.8693323,4.0,-1.0,-85.0
1777888857.8793323,10.0,-1.0,-83.0
1777888857.8893323,5.0,-6.0,-86.0
1777888857.8993323,7.0,-5.0,-85.0
1777888857.9093325,4.0,-5.0,-82.0
1777888857.9193325,4.0,-2.0,-83.0
1777888857.9293325,-1.0,-2.0,-83.0
1777888857.9393325,0.0,-4.0,-86.0
1777888857.9493325,-3.0,-6.0,-83.0
1777888857.9593325,-5.0,-6.0,-86.0
1777888857.9693325,0.0,-6.0,-82.0
1777888857.9793324,1.0,-2.0,-83.0
1777888857.9893324,4.0,-7.0,-85.0
1777888857.9993324,5.0,-2.0,-83.0
1777888858.0093324,5.0,0.0,-84.0
1777888858.0193324,5.0,2.0,-84.0
1777888858.0293324,8.0,3.0,-85.0
1777888858.0393324,6.0,2.0,-85.0
1777888858.0493324,4.0,0.0,-81.0
1777888858.0593324,4.0,-1.0,-79.0
1777888858.0693324,3.0,-1.0,-76.0
1777888858.0793324,3.0,-1.0,-72.0
1777888858.0893323,4.0,-1.0,-71.0
1777888858.0993323,-2.0,-2.0,-61.0
1777888858.1093323,-1.0,0.0,-62.0
1777888858.1193323,-6.0,-4.0,-66.0
1777888858.1293323,-5.0,-2.0,-67.0
1777888858.1393323,-4.0,-2.0,-72.0
1777888858.1493323,-3.0,-2.0,-69.0
1777888858.1593325,0.0,-4.0,-65.0
1777888858.1693325,0.0,-2.0,-69.0
1777888858.1793325,0.0,-3.0,-73.0
1777888858.1893325,0.0,-4.0,-71.0
1777888858.1993325,2.0,0.0,-72.0
1777888858.2093325,-2.0,3.0,-71.0
1777888858.2203324,-4.0,1.0,-67.0
1777888858.2303324,-8.0,2.0,-66.0
1777888858.2393324,-10.0,3.0,-65.0
1777888858.2503324,-8.0,0.0,-72.0
1777888858.2593324,-3.0,0.0,-77.0
1777888858.2703323,0.0,-1.0,-81.0
1777888858.2803323,0.0,0.0,-77.0
1777888858.2903323,-1.0,3.0,-80.0
1777888858.3003323,0.0,3.0,-75.0
1777888858.3103323,5.0,0.0,-75.0
1777888858.3203323,2.0,0.0,-76.0
1777888858.3303325,3.0,0.0,-67.0
1777888858.3403325,5.0,0.0,-75.0
1777888858.3503325,6.0,-2.0,-74.0
1777888858.3603325,3.0,-1.0,-70.0
1777888858.3703325,-2.0,-4.0,-70.0
1777888858.3803325,-4.0,-3.0,-65.0
1777888858.3903325,-6.0,-1.0,-72.0
1777888858.4003325,0.0,0.0,-72.0
1777888858.4103324,-5.0,-2.0,-77.0
1777888858.4203324,-6.0,-2.0,-82.0
1777888858.4303324,-2.0,0.0,-76.0
1777888858.4403324,-1.0,0.0,-70.0
1777888858.4503324,0.0,-1.0,-72.0
1777888858.4603324,0.0,-1.0,-75.0
1777888858.4703324,0.0,-2.0,-69.0
1777888858.4803324,-2.0,-2.0,-64.0
1777888858.4903324,6.0,2.0,-65.0
1777888858.5003324,3.0,3.0,-60.0
1777888858.5103323,3.0,-3.0,-60.0
1777888858.5203323,1.0,-2.0,-65.0
1777888858.5303323,6.0,-5.0,-67.0
1777888858.5403323,5.0,-6.0,-68.0
1777888858.5503323,2.0,-5.0,-64.0
1777888858.5603323,10.0,-7.0,-68.0
1777888858.5703323,11.0,-9.0,-66.0
1777888858.5803325,8.0,-7.0,-67.0
1777888858.5903325,11.0,-7.0,-69.0
1777888858.6003325,14.0,-6.0,-66.0
1777888858.6103325,13.0,-6.0,-65.0
1777888858.6203325,10.0,-5.0,-67.0
1777888858.6303325,7.0,-1.0,-70.0
1777888858.6403325,8.0,2.0,-73.0
1777888858.6503325,6.0,3.0,-75.0
1777888858.6603324,3.0,2.0,-70.0
1777888858.6703324,2.0,2.0,-70.0
1777888858.6803324,1.0,1.0,-71.0
1777888858.6903324,3.0,-1.0,-73.0
1777888858.7003324,2.0,4.0,-78.0
1777888858.7103324,0.0,2.0,-73.0
1777888858.7203324,1.0,0.0,-74.0
1777888858.7303324,0.0,4.0,-74.0
1777888858.7403324,-5.0,2.0,-75.0
1777888858.7503324,-6.0,-1.0,-74.0
1777888858.7603323,-7.0,0.0,-78.0
1777888858.7703323,-8.0,0.0,-77.0
1777888858.7803323,-7.0,-3.0,-70.0
1777888858.7903323,-7.0,-4.0,-76.0
1777888858.8003323,-5.0,-4.0,-79.0
1777888858.8103323,-7.0,-6.0,-80.0
1777888858.8203323,-6.0,1.0,-76.0
1777888858.8303325,-5.0,2.0,-69.0
1777888858.8403325,-6.0,1.0,-67.0
1777888858.8503325,-4.0,2.0,-65.0
1777888858.8603325,-4.0,4.0,-66.0
1777888858.8703325,-5.0,5.0,-65.0
1777888858.8803325,-5.0,9.0,-69.0
1777888858.8903325,-3.0,5.0,-76.0
1777888858.9003325,0.0,5.0,-73.0
1777888858.9103324,0.0,7.0,-66.0
1777888858.9203324,-5.0,2.0,-74.0
1777888858.9303324,-5.0,4.0,-78.0
1777888858.9403324,-4.0,3.0,-85.0
1777888858.9503324,-2.0,2.0,-86.0
1777888858.9603324,3.0,3.0,-85.0
1777888858.9703324,5.0,1.0,-87.0
1777888858.9803324,5.0,3.0,-87.0
1777888858.9903324,6.0,7.0,-85.0
1777888859.0003324,3.0,3.0,-79.0
1777888859.0103323,3.0,1.0,-85.0
1777888859.0203323,2.0,1.0,-85.0
1777888859.0303323,3.0,2.0,-84.0
1777888859.0403323,5.0,3.0,-73.0
1777888859.0503323,7.0,5.0,-78.0
1777888859.0603323,2.0,3.0,-85.0
1777888859.0703323,1.0,0.0,-79.0
1777888859.0803325,4.0,-2.0,-79.0
1777888859.0903325,3.0,-3.0,-80.0
1777888859.1003325,2.0,-4.0,-80.0
1777888859.1103325,-3.0,-7.0,-77.0
1777888859.1203325,-3.0,-6.0,-73.0
1777888859.1303325,0.0,-7.0,-71.0
1777888859.1403325,0.0,-3.0,-74.0
1777888859.1503325,0.0,-5.0,-76.0
1777888859.1603324,-2.0,-3.0,-70.0
1777888859.1703324,0.0,-1.0,-71.0
1777888859.1803324,0.0,1.0,-70.0
1777888859.1903324,0.0,0.0,-73.0
1777888859.2003324,-1.0,-2.0,-74.0
1777888859.2103324,-2.0,-3.0,-83.0
1777888859.2203324,0.0,-3.0,-88.0
1777888859.2303324,-1.0,-2.0,-83.0
1777888859.2403324,0.0,1.0,-82.0
1777888859.2503324,5.0,1.0,-75.0
1777888859.2603323,3.0,4.0,-75.0
1777888859.2703323,1.0,3.0,-78.0
1777888859.2803323,4.0,2.0,-79.0
1777888859.2903323,5.0,0.0,-82.0
1777888859.3003323,2.0,-2.0,-82.0
1777888859.3103323,3.0,-4.0,-78.0
1777888859.3203323,4.0,-5.0,-71.0
1777888859.3303325,0.0,-6.0,-71.0
1777888859.3403325,-6.0,-1.0,-69.0
1777888859.3503325,-7.0,0.0,-70.0
1777888859.3603325,-8.0,-3.0,-77.0
1777888859.3703325,-8.0,-3.0,-72.0
1777888859.3803325,-2.0,-3.0,-74.0
1777888859.3903325,-3.0,-1.0,-72.0
1777888859.4003325,-3.0,0.0,-72.0
1777888859.4103324,-4.0,0.0,-74.0
1777888859.4203324,0.0,0.0,-79.0
1777888859.4303324,-3.0,-2.0,-76.0
1777888859.4403324,-2.0,0.0,-79.0
1777888859.4503324,3.0,0.0,-71.0
1777888859.4603324,4.0,0.0,-72.0
1777888859.4703324,4.0,2.0,-77.0
1777888859.4803324,3.0,3.0,-84.0
1777888859.4903324,-1.0,0.0,-90.0
1777888859.5003324,1.0,-5.0,-82.0
1777888859.5103323,0.0,-3.0,-87.0
1777888859.5203323,-1.0,0.0,-85.0
1777888859.5303323,0.0,2.0,-88.0
1777888859.5403323,2.0,3.0,-81.0
1777888859.5503323,6.0,3.0,-81.0
1777888859.5603323,6.0,2.0,-83.0
1777888859.5703323,5.0,5.0,-78.0
1777888859.5803325,4.0,5.0,-81.0
1777888859.5903325,0.0,3.0,-79.0
1777888859.6003325,0.0,2.0,-74.0
1777888859.6103325,0.0,0.0,-71.0
1777888859.6203325,-1.0,1.0,-68.0
1777888859.6303325,0.0,-1.0,-60.0
1777888859.6403325,5.0,-2.0,-61.0
1777888859.6503325,8.0,-7.0,-64.0
1777888859.6603324,9.0,-8.0,-66.0
1777888859.6703324,7.0,-7.0,-67.0
1777888859.6803324,5.0,-6.0,-76.0
1777888859.6903324,3.0,-6.0,-76.0
1777888859.7003324,4.0,-4.0,-80.0
1777888859.7103324,3.0,-1.0,-85.0
1777888859.7203324,5.0,-4.0,-84.0
1777888859.7303324,2.0,3.0,-84.0
1777888859.7403324,1.0,2.0,-82.0
1777888859.7503324,3.0,2.0,-85.0
1777888859.7603323,0.0,-1.0,-86.0
1777888859.7703323,-6.0,-3.0,-86.0
1777888859.7803323,-5.0,0.0,-81.0
1777888859.7903323,-7.0,-1.0,-74.0
1777888859.8003323,-2.0,2.0,-71.0
1777888859.8103323,-2.0,-1.0,-68.0
1777888859.8203323,0.0,0.0,-65.0
1777888859.8303325,1.0,-6.0,-70.0
1777888859.8403325,6.0,-6.0,-73.0
1777888859.8503325,8.0,-6.0,-72.0
1777888859.8603325,7.0,-9.0,-76.0
1777888859.8703325,5.0,-10.0,-71.0
1777888859.8803325,2.0,-12.0,-65.0
1777888859.8903325,4.0,-9.0,-68.0
1777888859.9003325,2.0,-6.0,-70.0
1777888859.9103324,-1.0,-4.0,-71.0
1777888859.9203324,0.0,-1.0,-70.0
1777888859.9303324,0.0,-1.0,-68.0
1777888859.9403324,-1.0,-2.0,-67.0
1777888859.9503324,-2.0,-4.0,-72.0
1777888859.9603324,-3.0,-2.0,-73.0
1777888859.9703324,-2.0,-2.0,-68.0
1777888859.9803324,-2.0,0.0,-66.0
1777888859.9903324,2.0,-2.0,-63.0
1777888860.0003324,8.0,-5.0,-64.0
1777888860.0103323,11.0,-3.0,-67.0
1777888860.0203323,8.0,-2.0,-73.0
1777888860.0303323,5.0,-2.0,-76.0
1777888860.0403323,-1.0,-3.0,-75.0
1777888860.0503323,0.0,-2.0,-74.0
1777888860.0603323,-1.0,-2.0,-73.0
1777888860.0703323,-2.0,0.0,-72.0
1777888860.0803325,-7.0,4.0,-72.0
1777888860.0903325,-6.0,4.0,-74.0
1777888860.1003325,-3.0,4.0,-75.0
1777888860.1103325,-4.0,0.0,-74.0
1777888860.1203325,-7.0,0.0,-78.0
1777888860.1303325,-6.0,1.0,-79.0
1777888860.1403325,-7.0,-1.0,-77.0
1777888860.1503325,-6.0,-2.0,-75.0
1777888860.1603324,-2.0,-2.0,-72.0
1777888860.1703324,-1.0,0.0,-77.0
1777888860.1803324,-2.0,6.0,-74.0
1777888860.1903324,-2.0,8.0,-76.0
1777888860.2003324,-2.0,1.0,-83.0
1777888860.2113323,-4.0,-2.0,-82.0
1777888860.2213323,0.0,-3.0,-83.0
1777888860.2313323,0.0,-4.0,-82.0
1777888860.2413323,0.0,-3.0,-76.0
1777888860.2513323,-1.0,-4.0,-71.0
1777888860.2613325,0.0,-5.0,-67.0
1777888860.2713325,-5.0,-2.0,-65.0
1777888860.2813325,-5.0,0.0,-68.0
1777888860.2913325,-2.0,3.0,-72.0
1777888860.3013325,-2.0,0.0,-73.0
1777888860.3113325,2.0,2.0,-73.0
1777888860.3213325,5.0,1.0,-79.0
1777888860.3313324,13.0,3.0,-90.0
1777888860.3413324,11.0,4.0,-87.0
1777888860.3513324,5.0,3.0,-88.0
1777888860.3613324,6.0,1.0,-86.0
1777888860.3713324,0.0,0.0,-87.0
1777888860.3813324,-3.0,1.0,-80.0
1777888860.3913324,-2.0,3.0,-80.0
1777888860.4013324,-2.0,1.0,-75.0
1777888860.4113324,3.0,-1.0,-74.0
1777888860.4213324,5.0,-2.0,-76.0
1777888860.4313323,3.0,2.0,-73.0
1777888860.4413323,1.0,3.0,-70.0
1777888860.4513323,3.0,7.0,-72.0
1777888860.4613323,1.0,8.0,-69.0
1777888860.4713323,3.0,7.0,-65.0
1777888860.4813323,-1.0,5.0,-67.0
1777888860.4913323,-3.0,5.0,-69.0
1777888860.5013323,-4.0,8.0,-78.0
1777888860.5113325,-3.0,5.0,-75.0
1777888860.5213325,-4.0,2.0,-74.0
1777888860.5313325,-4.0,2.0,-68.0
1777888860.5413325,-1.0,1.0,-77.0
1777888860.5513325,0.0,-1.0,-79.0
1777888860.5613325,-3.0,-4.0,-79.0
1777888860.5713325,-1.0,-4.0,-77.0
1777888860.5813324,-2.0,0.0,-76.0
1777888860.5913324,-4.0,-3.0,-81.0
1777888860.6013324,0.0,0.0,-79.0
1777888860.6113324,5.0,1.0,-81.0
1777888860.6213324,3.0,3.0,-87.0
1777888860.6313324,5.0,4.0,-86.0
1777888860.6413324,4.0,3.0,-93.0
1777888860.6513324,6.0,3.0,-94.0
1777888860.6613324,3.0,2.0,-94.0
1777888860.6713324,4.0,5.0,-94.0
1777888860.6813323,5.0,3.0,-88.0
1777888860.6913323,4.0,4.0,-91.0
1777888860.7013323,1.0,0.0,-87.0
1777888860.7113323,2.0,-2.0,-88.0
1777888860.7213323,2.0,-1.0,-86.0
1777888860.7313323,5.0,-1.0,-87.0
1777888860.7413323,3.0,-3.0,-84.0
1777888860.7513323,0.0,0.0,-87.0
1777888860.7613325,-4.0,0.0,-86.0
1777888860.7713325,0.0,0.0,-85.0
1777888860.7813325,6.0,0.0,-88.0
1777888860.7913325,7.0,-2.0,-87.0
1777888860.8013325,6.0,-4.0,-88.0
1777888860.8113325,5.0,-6.0,-93.0
1777888860.8213325,2.0,-2.0,-85.0
1777888860.8313324,1.0,-7.0,-75.0
1777888860.8413324,4.0,-6.0,-71.0
1777888860.8513324,10.0,-2.0,-73.0
1777888860.8613324,11.0,0.0,-71.0
1777888860.8713324,13.0,0.0,-68.0
1777888860.8813324,8.0,-3.0,-72.0
1777888860.8913324,7.0,1.0,-66.0
1777888860.9013324,8.0,4.0,-61.0
1777888860.9113324,9.0,2.0,-60.0
1777888860.9213324,13.0,1.0,-63.0
1777888860.9313323,7.0,2.0,-73.0
1777888860.9413323,7.0,4.0,-78.0
1777888860.9513323,2.0,5.0,-83.0
1777888860.9613323,4.0,5.0,-86.0
1777888860.9713323,8.0,5.0,-86.0
1777888860.9813323,10.0,4.0,-82.0
1777888860.9913323,8.0,3.0,-81.0
1777888861.0013323,0.0,0.0,-73.0
1777888861.0113325,0.0,0.0,-71.0
1777888861.0213325,-2.0,0.0,-71.0
1777888861.0313325,-2.0,-1.0,-72.0
1777888861.0413325,-1.0,-2.0,-71.0
1777888861.0513325,-3.0,-5.0,-78.0
1777888861.0613325,-5.0,-11.0,-69.0
1777888861.0713325,-2.0,-8.0,-74.0
1777888861.0813324,-4.0,-4.0,-71.0
1777888861.0913324,-6.0,-5.0,-80.0
1777888861.1013324,-9.0,-7.0,-81.0
1777888861.1113324,-9.0,-3.0,-83.0
1777888861.1213324,-5.0,-3.0,-83.0
1777888861.1313324,-3.0,-2.0,-82.0
1777888861.1413324,-1.0,-5.0,-82.0
1777888861.1513324,0.0,-3.0,-77.0
1777888861.1613324,-1.0,-3.0,-79.0
1777888861.1713324,-4.0,-1.0,-79.0
1777888861.1813323,-4.0,0.0,-78.0
1777888861.1913323,-5.0,0.0,-82.0
1777888861.2013323,-7.0,4.0,-83.0
1777888861.2113323,-1.0,5.0,-82.0
1777888861.2213323,3.0,6.0,-80.0
1777888861.2313323,3.0,6.0,-77.0
1777888861.2413323,0.0,6.0,-75.0
1777888861.2513323,0.0,5.0,-77.0
1777888861.2613325,4.0,0.0,-73.0
1777888861.2713325,2.0,0.0,-77.0
1777888861.2813325,5.0,-2.0,-77.0
1777888861.2913325,0.0,1.0,-78.0
1777888861.3013325,-2.0,2.0,-80.0
1777888861.3113325,0.0,3.0,-73.0
1777888861.3213325,-1.0,3.0,-75.0
1777888861.3313324,-2.0,-1.0,-71.0
1777888861.3413324,-3.0,-1.0,-73.0
1777888861.3513324,0.0,2.0,-69.0
1777888861.3613324,7.0,3.0,-70.0
1777888861.3723323,6.0,4.0,-78.0
1777888861.3813324,3.0,5.0,-75.0
1777888861.3913324,5.0,5.0,-70.0
1777888861.4013324,4.0,0.0,-73.0
1777888861.4113324,3.0,0.0,-70.0
1777888861.4213324,2.0,0.0,-70.0
1777888861.4313323,-4.0,2.0,-61.0
1777888861.4413323,-2.0,5.0,-62.0
1777888861.4513323,4.0,5.0,-66.0
1777888861.4613323,7.0,4.0,-72.0
1777888861.4713323,5.0,4.0,-77.0
1777888861.4813323,5.0,3.0,-75.0
1777888861.4913323,6.0,5.0,-70.0
1777888861.5013323,3.0,6.0,-70.0
1777888861.5113325,3.0,5.0,-69.0
1777888861.5213325,4.0,7.0,-74.0
1777888861.5313325,3.0,6.0,-69.0
1777888861.5413325,1.0,6.0,-71.0
1777888861.5513325,2.0,8.0,-76.0
1777888861.5613325,2.0,8.0,-76.0
1777888861.5713325,1.0,9.0,-78.0
1777888861.5813324,1.0,3.0,-78.0
1777888861.5913324,-4.0,0.0,-76.0
1777888861.6013324,-1.0,-3.0,-79.0
1777888861.6113324,-4.0,-3.0,-78.0
1777888861.6213324,0.0,0.0,-74.0
1777888861.6313324,-1.0,0.0,-79.0
1777888861.6413324,0.0,0.0,-78.0
1777888861.6513324,-1.0,0.0,-76.0
1777888861.6613324,-3.0,1.0,-73.0
1777888861.6713324,0.0,4.0,-77.0
1777888861.6813323,-2.0,0.0,-82.0
1777888861.6913323,-2.0,0.0,-78.0
1777888861.7013323,3.0,-4.0,-82.0
1777888861.7113323,6.0,-8.0,-84.0
1777888861.7213323,1.0,-7.0,-82.0
1777888861.7313323,0.0,-3.0,-81.0
1777888861.7413323,3.0,0.0,-81.0
1777888861.7513323,6.0,1.0,-80.0
1777888861.7613325,3.0,0.0,-78.0
1777888861.7713325,2.0,-3.0,-80.0
1777888861.7813325,0.0,-7.0,-85.0
1777888861.7913325,0.0,-11.0,-88.0
1777888861.8013325,3.0,-8.0,-85.0
1777888861.8113325,7.0,-9.0,-88.0
1777888861.8213325,2.0,-9.0,-87.0
1777888861.8313324,-5.0,-5.0,-88.0
1777888861.8413324,-3.0,-4.0,-88.0
1777888861.8513324,-5.0,-4.0,-85.0
1777888861.8613324,-1.0,-5.0,-82.0
1777888861.8713324,2.0,-3.0,-77.0
1777888861.8813324,3.0,-6.0,-78.0
1777888861.8913324,6.0,-5.0,-78.0
1777888861.9013324,0.0,-4.0,-84.0
1777888861.9113324,0.0,-2.0,-79.0
1777888861.9213324,0.0,-3.0,-76.0
1777888861.9313323,0.0,0.0,-76.0
1777888861.9413323,-3.0,0.0,-69.0
1777888861.9513323,-3.0,-4.0,-71.0
1777888861.9613323,-4.0,-4.0,-73.0
1777888861.9713323,-1.0,-1.0,-71.0
1777888861.9813323,-6.0,-2.0,-68.0
1777888861.9913323,-4.0,-1.0,-73.0
1777888862.0013323,-1.0,-1.0,-71.0
1777888862.0113325,-3.0,1.0,-70.0
1777888862.0213325,-3.0,3.0,-69.0
1777888862.0313325,0.0,2.0,-67.0
1777888862.0413325,0.0,4.0,-70.0
1777888862.0513325,-1.0,4.0,-73.0
1777888862.0613325,-4.0,0.0,-76.0
1777888862.0713325,-3.0,4.0,-78.0
1777888862.0813324,2.0,1.0,-75.0
1777888862.0913324,1.0,1.0,-73.0
1777888862.1013324,2.0,1.0,-71.0
1777888862.1113324,3.0,1.0,-67.0
1777888862.1213324,1.0,0.0,-63.0
1777888862.1313324,4.0,-2.0,-64.0
1777888862.1413324,4.0,-4.0,-65.0
1777888862.1513324,0.0,-6.0,-67.0
1777888862.1613324,1.0,-3.0,-68.0
1777888862.1713324,5.0,-3.0,-77.0
1777888862.1813323,4.0,-5.0,-82.0
1777888862.1913323,7.0,-4.0,-75.0
1777888862.2023325,2.0,-1.0,-75.0
1777888862.2123325,-1.0,-2.0,-72.0
1777888862.2223325,-3.0,0.0,-77.0
1777888862.2323325,0.0,0.0,-76.0
1777888862.2423325,2.0,0.0,-77.0
1777888862.2523324,1.0,2.0,-74.0
1777888862.2623324,-3.0,3.0,-78.0
1777888862.2723324,-2.0,1.0,-82.0
1777888862.2823324,5.0,0.0,-83.0
1777888862.2923324,0.0,0.0,-85.0
1777888862.3023324,-2.0,-3.0,-84.0
1777888862.3123324,2.0,-5.0,-80.0
1777888862.3223324,1.0,-5.0,-78.0
1777888862.3323324,3.0,-4.0,-79.0
1777888862.3423324,-3.0,-3.0,-87.0
1777888862.3523324,-6.0,-6.0,-91.0
1777888862.3623323,-2.0,-9.0,-84.0
1777888862.3723323,-3.0,-12.0,-76.0
1777888862.3823323,-3.0,-11.0,-72.0
1777888862.3923323,1.0,-5.0,-70.0
1777888862.4023323,2.0,-4.0,-64.0
1777888862.4123323,0.0,-1.0,-67.0
1777888862.4223323,-2.0,-4.0,-68.0
1777888862.4323325,-4.0,2.0,-71.0
1777888862.4423325,-4.0,4.0,-79.0
1777888862.4523325,-4.0,2.0,-79.0
1777888862.4623325,-5.0,0.0,-81.0
1777888862.4723325,-4.0,-4.0,-81.0
1777888862.4823325,-3.0,-1.0,-83.0
1777888862.4923325,0.0,3.0,-85.0
1777888862.5023324,0.0,1.0,-82.0
1777888862.5123324,-1.0,3.0,-84.0
1777888862.5223324,1.0,6.0,-83.0
1777888862.5323324,1.0,7.0,-76.0
1777888862.5423324,0.0,0.0,-77.0
1777888862.5523324,-2.0,-1.0,-74.0
1777888862.5623324,-2.0,0.0,-74.0
1777888862.5723324,-3.0,0.0,-72.0
1777888862.5823324,-5.0,-2.0,-72.0
1777888862.5923324,-10.0,-1.0,-82.0
1777888862.6023324,-3.0,1.0,-92.0
1777888862.6123323,0.0,1.0,-86.0
1777888862.6223323,0.0,4.0,-85.0
1777888862.6323323,-1.0,4.0,-82.0
1777888862.6423323,-1.0,11.0,-70.0
1777888862.6523323,0.0,10.0,-69.0
1777888862.6623323,-1.0,10.0,-73.0
1777888862.6723323,0.0,8.0,-74.0
1777888862.6823325,0.0,5.0,-73.0
1777888862.6923325,-2.0,4.0,-73.0
1777888862.7023325,-3.0,1.0,-70.0
1777888862.7123325,0.0,0.0,-73.0
1777888862.7223325,-1.0,0.0,-80.0
1777888862.7323325,-1.0,5.0,-78.0
1777888862.7423325,-3.0,8.0,-78.0
1777888862.7523324,-5.0,8.0,-73.0
1777888862.7623324,-1.0,6.0,-76.0
1777888862.7723324,-3.0,11.0,-81.0
1777888862.7823324,-1.0,11.0,-75.0
1777888862.7923324,-3.0,10.0,-65.0
1777888862.8023324,3.0,6.0,-67.0
1777888862.8123324,4.0,6.0,-70.0
1777888862.8223324,3.0,9.0,-69.0
1777888862.8323324,4.0,10.0,-68.0
1777888862.8423324,3.0,7.0,-67.0
1777888862.8523324,6.0,4.0,-68.0
1777888862.8623323,7.0,0.0,-65.0
1777888862.8723323,7.0,-1.0,-66.0
1777888862.8823323,6.0,0.0,-66.0
1777888862.8923323,4.0,4.0,-62.0
1777888862.9023323,3.0,5.0,-68.0
1777888862.9123323,1.0,1.0,-68.0
1777888862.9223323,-3.0,0.0,-72.0
1777888862.9323325,-6.0,1.0,-75.0
1777888862.9423325,-5.0,1.0,-77.0
1777888862.9523325,-3.0,0.0,-73.0
1777888862.9623325,0.0,-1.0,-77.0
1777888862.9723325,2.0,-3.0,-83.0
1777888862.9823325,4.0,-1.0,-85.0
1777888862.9923325,5.0,5.0,-78.0
1777888863.0023324,2.0,4.0,-76.0
1777888863.0123324,0.0,3.0,-74.0
1777888863.0223324,-3.0,3.0,-77.0
1777888863.0323324,-2.0,2.0,-76.0
1777888863.0423324,-5.0,3.0,-77.0
1777888863.0523324,-3.0,7.0,-71.0
1777888863.0623324,-3.0,8.0,-78.0
1777888863.0723324,-3.0,3.0,-85.0
1777888863.0823324,-8.0,4.0,-83.0
1777888863.0923324,-12.0,4.0,-81.0
1777888863.1023324,-9.0,-3.0,-79.0
1777888863.1123323,-5.0,-3.0,-84.0
1777888863.1223323,-5.0,-5.0,-83.0
1777888863.1323323,-6.0,-7.0,-77.0
1777888863.1423323,-4.0,-5.0,-71.0
1777888863.1523323,0.0,-5.0,-72.0
1777888863.1623323,2.0,-3.0,-76.0
1777888863.1723323,4.0,-6.0,-76.0
1777888863.1823325,4.0,-4.0,-73.0
1777888863.1923325,6.0,-1.0,-76.0
1777888863.2023325,6.0,-5.0,-79.0
1777888863.2123325,5.0,-3.0,-72.0
1777888863.2223325,5.0,1.0,-71.0
1777888863.2323325,5.0,3.0,-75.0
1777888863.2423325,5.0,1.0,-77.0
1777888863.2523324,2.0,-1.0,-81.0
1777888863.2623324,1.0,-1.0,-77.0
1777888863.2723324,-1.0,-3.0,-77.0
1777888863.2823324,-4.0,-2.0,-74.0
1777888863.2923324,-8.0,-3.0,-72.0
1777888863.3023324,-8.0,-4.0,-68.0
1777888863.3123324,-5.0,-1.0,-73.0
1777888863.3223324,0.0,-1.0,-80.0
1777888863.3323324,0.0,-1.0,-84.0
1777888863.3423324,-3.0,1.0,-81.0
1777888863.3523324,-2.0,1.0,-80.0
1777888863.3623323,4.0,4.0,-78.0
1777888863.3723323,1.0,4.0,-81.0
1777888863.3823323,0.0,3.0,-76.0
1777888863.3923323,-1.0,1.0,-80.0
1777888863.4023323,0.0,1.0,-85.0
1777888863.4123323,0.0,1.0,-83.0
1777888863.4223323,0.0,2.0,-71.0
1777888863.4323325,-2.0,0.0,-69.0
1777888863.4423325,0.0,0.0,-68.0
1777888863.4523325,-4.0,-2.0,-68.0
1777888863.4623325,-3.0,-4.0,-73.0
1777888863.4723325,0.0,-4.0,-73.0
1777888863.4823325,-1.0,-2.0,-73.0
1777888863.4923325,0.0,-4.0,-69.0
1777888863.5023324,0.0,-7.0,-72.0
1777888863.5123324,-2.0,-8.0,-71.0
1777888863.5223324,-1.0,-7.0,-64.0
1777888863.5323324,0.0,-6.0,-64.0
1777888863.5423324,-2.0,-4.0,-65.0
1777888863.5523324,-1.0,-1.0,-71.0
1777888863.5623324,1.0,0.0,-69.0
1777888863.5723324,4.0,0.0,-72.0
1777888863.5823324,7.0,0.0,-70.0
1777888863.5923324,4.0,-4.0,-71.0
1777888863.6023324,3.0,-3.0,-75.0
1777888863.6123323,3.0,2.0,-72.0
1777888863.6223323,5.0,-1.0,-78.0
1777888863.6323323,7.0,-4.0,-75.0
1777888863.6423323,3.0,0.0,-72.0
1777888863.6523323,4.0,-7.0,-67.0
1777888863.6623323,3.0,-7.0,-63.0
1777888863.6723323,0.0,-2.0,-69.0
1777888863.6823325,0.0,2.0,-72.0
1777888863.6923325,-3.0,0.0,-76.0
1777888863.7023325,-1.0,0.0,-75.0
1777888863.7123325,-1.0,0.0,-75.0
1777888863.7223325,1.0,0.0,-83.0
1777888863.7323325,4.0,-1.0,-81.0
1777888863.7423325,4.0,-1.0,-83.0
1777888863.7523324,2.0,0.0,-82.0
1777888863.7623324,0.0,0.0,-72.0
1777888863.7723324,0.0,1.0,-72.0
1777888863.7823324,-2.0,1.0,-70.0
1777888863.7923324,-4.0,-1.0,-73.0
1777888863.8023324,-6.0,0.0,-73.0
1777888863.8123324,-5.0,1.0,-72.0
1777888863.8223324,-4.0,2.0,-70.0
1777888863.8323324,1.0,0.0,-73.0
1777888863.8423324,2.0,-4.0,-75.0
1777888863.8523324,8.0,-2.0,-69.0
1777888863.8623323,7.0,-2.0,-67.0
1777888863.8723323,6.0,2.0,-70.0
1777888863.8823323,2.0,7.0,-73.0
1777888863.8923323,0.0,3.0,-71.0
1777888863.9023323,1.0,1.0,-72.0
1777888863.9123323,0.0,1.0,-71.0
1777888863.9223323,0.0,6.0,-68.0
1777888863.9323325,1.0,1.0,-68.0
1777888863.9423325,2.0,1.0,-68.0
1777888863.9523325,3.0,3.0,-66.0
1777888863.9623325,1.0,5.0,-71.0
1777888863.9723325,-2.0,2.0,-71.0
1777888863.9823325,2.0,2.0,-78.0
1777888863.9923325,2.0,0.0,-79.0
1777888864.0023324,2.0,5.0,-81.0
1777888864.0123324,0.0,2.0,-78.0
1777888864.0223324,1.0,1.0,-76.0
1777888864.0323324,2.0,-2.0,-68.0
1777888864.0423324,0.0,1.0,-65.0
1777888864.0523324,-3.0,-1.0,-67.0
1777888864.0623324,-3.0,-2.0,-66.0
1777888864.0723324,-1.0,-3.0,-72.0
1777888864.0823324,0.0,-2.0,-79.0
1777888864.0923324,0.0,0.0,-82.0
1777888864.1023324,2.0,0.0,-91.0
1777888864.1123323,5.0,1.0,-86.0
1777888864.1223323,5.0,0.0,-81.0
1777888864.1323323,6.0,3.0,-83.0
1777888864.1423323,3.0,1.0,-82.0
1777888864.1523323,-1.0,3.0,-73.0
1777888864.1623323,-2.0,0.0,-75.0
1777888864.1723323,2.0,-2.0,-73.0
1777888864.1823325,0.0,-1.0,-72.0
1777888864.1923325,-1.0,-2.0,-68.0
1777888864.2033324,0.0,-2.0,-75.0
1777888864.2133324,1.0,-2.0,-74.0
1777888864.2233324,1.0,-1.0,-75.0
1777888864.2333324,4.0,-2.0,-73.0
1777888864.2433324,3.0,0.0,-70.0
1777888864.2533324,4.0,3.0,-74.0
1777888864.2633324,3.0,5.0,-79.0
1777888864.2733324,5.0,4.0,-80.0
1777888864.2833323,7.0,4.0,-81.0
1777888864.2933323,5.0,5.0,-80.0
1777888864.3033323,3.0,6.0,-85.0
1777888864.3133323,3.0,6.0,-82.0
1777888864.3233323,1.0,4.0,-85.0
1777888864.3333323,-1.0,6.0,-86.0
1777888864.3433323,0.0,4.0,-81.0
1777888864.3533323,2.0,4.0,-74.0
1777888864.3633325,4.0,4.0,-67.0
1777888864.3733325,6.0,1.0,-73.0
1777888864.3833325,6.0,0.0,-75.0
1777888864.3933325,2.0,-1.0,-74.0
1777888864.4033325,2.0,-2.0,-72.0
1777888864.4133325,5.0,-2.0,-75.0
1777888864.4233325,1.0,-1.0,-72.0
1777888864.4333324,1.0,-1.0,-73.0
1777888864.4433324,1.0,-5.0,-76.0
1777888864.4533324,-1.0,-5.0,-77.0
1777888864.4633324,-2.0,-6.0,-87.0
1777888864.4733324,1.0,-6.0,-81.0
1777888864.4833324,0.0,-4.0,-74.0
1777888864.4933324,-1.0,0.0,-74.0
1777888864.5033324,0.0,4.0,-80.0
1777888864.5133324,3.0,6.0,-80.0
1777888864.5233324,10.0,4.0,-74.0
1777888864.5333323,5.0,0.0,-73.0
1777888864.5433323,4.0,-2.0,-74.0
1777888864.5533323,6.0,2.0,-74.0
1777888864.5633323,3.0,4.0,-76.0
1777888864.5733323,3.0,2.0,-75.0
1777888864.5833323,0.0,2.0,-70.0
1777888864.5933323,0.0,2.0,-66.0
1777888864.6033323,4.0,1.0,-70.0
1777888864.6133325,4.0,0.0,-72.0
1777888864.6233325,10.0,1.0,-71.0
1777888864.6333325,7.0,1.0,-71.0
1777888864.6433325,4.0,-2.0,-68.0
1777888864.6533325,6.0,0.0,-73.0
1777888864.6633325,4.0,-1.0,-75.0
1777888864.6733325,0.0,-1.0,-67.0
1777888864.6833324,3.0,0.0,-65.0
1777888864.6933324,0.0,0.0,-72.0
1777888864.7033324,2.0,1.0,-72.0
1777888864.7133324,1.0,2.0,-72.0
1777888864.7233324,0.0,0.0,-73.0
1777888864.7333324,0.0,1.0,-71.0
1777888864.7433324,-3.0,5.0,-70.0
1777888864.7533324,-4.0,8.0,-73.0
1777888864.7633324,-1.0,8.0,-79.0
1777888864.7733324,-2.0,5.0,-78.0
1777888864.7833323,-2.0,6.0,-76.0
1777888864.7933323,-5.0,2.0,-80.0
1777888864.8033323,-5.0,0.0,-89.0
1777888864.8133323,-4.0,2.0,-86.0
1777888864.8233323,-3.0,5.0,-82.0
1777888864.8333323,0.0,4.0,-81.0
1777888864.8433323,-3.0,-1.0,-71.0
1777888864.8533323,-1.0,0.0,-68.0
1777888864.8633325,-3.0,-1.0,-67.0
1777888864.8733325,-1.0,-6.0,-76.0
1777888864.8833325,-2.0,-3.0,-83.0
1777888864.8933325,-1.0,-1.0,-88.0
1777888864.9033325,2.0,0.0,-87.0
1777888864.9133325,2.0,-4.0,-87.0
1777888864.9233325,1.0,-6.0,-80.0
1777888864.9333324,0.0,-3.0,-78.0
1777888864.9433324,0.0,-4.0,-82.0
1777888864.9533324,2.0,-7.0,-80.0
1777888864.9633324,0.0,-5.0,-81.0
1777888864.9733324,2.0,-3.0,-86.0
1777888864.9833324,1.0,0.0,-87.0
1777888864.9933324,1.0,-1.0,-90.0
1777888865.0033324,2.0,-4.0,-84.0
1777888865.0133324,0.0,-6.0,-78.0
1777888865.0233324,0.0,-7.0,-75.0
1777888865.0333323,1.0,-4.0,-78.0
1777888865.0433323,0.0,-6.0,-81.0
1777888865.0533323,1.0,-7.0,-83.0
1777888865.0633323,0.0,-7.0,-87.0
1777888865.0733323,2.0,-6.0,-90.0
1777888865.0833323,-1.0,-5.0,-85.0
1777888865.0933323,0.0,-3.0,-79.0
1777888865.1033323,5.0,-1.0,-75.0
1777888865.1133325,6.0,-1.0,-80.0
1777888865.1233325,6.0,-2.0,-78.0
1777888865.1333325,6.0,0.0,-78.0
1777888865.1433325,5.0,3.0,-77.0
1777888865.1533325,4.0,4.0,-79.0
1777888865.1633325,4.0,1.0,-84.0
1777888865.1733325,5.0,0.0,-84.0
1777888865.1833324,2.0,2.0,-79.0
1777888865.1933324,9.0,1.0,-79.0
1777888865.2033324,8.0,-1.0,-75.0
1777888865.2133324,1.0,0.0,-82.0
1777888865.2233324,1.0,2.0,-75.0
1777888865.2333324,0.0,6.0,-69.0
1777888865.2433324,0.0,3.0,-65.0
1777888865.2533324,0.0,3.0,-72.0
1777888865.2633324,-2.0,0.0,-72.0
1777888865.2733324,-6.0,-1.0,-73.0
1777888865.2833323,-4.0,-2.0,-74.0
1777888865.2933323,-4.0,-5.0,-74.0
1777888865.3033323,-8.0,0.0,-75.0
1777888865.3133323,-7.0,0.0,-80.0
1777888865.3233323,-5.0,0.0,-83.0
1777888865.3333323,-4.0,-2.0,-81.0
1777888865.3433323,2.0,-1.0,-87.0
1777888865.3533323,8.0,1.0,-88.0
1777888865.3633325,4.0,2.0,-84.0
1777888865.3733325,2.0,0.0,-81.0
1777888865.3833325,-1.0,0.0,-75.0
1777888865.3933325,2.0,2.0,-72.0
1777888865.4033325,4.0,2.0,-67.0
1777888865.4133325,3.0,0.0,-69.0
1777888865.4233325,1.0,1.0,-77.0
1777888865.4333324,1.0,3.0,-78.0
1777888865.4433324,3.0,3.0,-70.0
1777888865.4533324,6.0,7.0,-67.0
1777888865.4633324,9.0,6.0,-68.0
1777888865.4733324,9.0,1.0,-65.0
1777888865.4833324,5.0,1.0,-65.0
1777888865.4933324,1.0,1.0,-64.0
1777888865.5033324,4.0,-2.0,-65.0
1777888865.5133324,1.0,-6.0,-63.0
1777888865.5233324,-1.0,-3.0,-61.0
1777888865.5333323,0.0,-3.0,-63.0
1777888865.5433323,2.0,-5.0,-59.0
1777888865.5533323,3.0,-6.0,-61.0
1777888865.5633323,3.0,-4.0,-57.0
1777888865.5733323,3.0,-3.0,-64.0
1777888865.5833323,2.0,0.0,-66.0
1777888865.5933323,4.0,0.0,-69.0
1777888865.6033323,5.0,-3.0,-70.0
1777888865.6133325,2.0,-3.0,-79.0
1777888865.6233325,2.0,-2.0,-81.0
1777888865.6333325,-2.0,-3.0,-82.0
1777888865.6433325,-3.0,-1.0,-82.0
1777888865.6533325,-3.0,0.0,-88.0
1777888865.6633325,-1.0,-1.0,-88.0
1777888865.6733325,0.0,-1.0,-83.0
1777888865.6833324,-2.0,-1.0,-85.0
1777888865.6933324,0.0,-2.0,-88.0
1777888865.7033324,1.0,0.0,-80.0
1777888865.7133324,0.0,-3.0,-77.0
1777888865.7233324,3.0,-1.0,-82.0
1777888865.7333324,2.0,0.0,-82.0
1777888865.7433324,3.0,-1.0,-79.0
1777888865.7533324,2.0,-2.0,-78.0
1777888865.7633324,-2.0,-5.0,-76.0
1777888865.7733324,0.0,-4.0,-74.0
1777888865.7833323,1.0,-4.0,-71.0
1777888865.7933323,3.0,-1.0,-74.0
1777888865.8033323,3.0,-1.0,-76.0
1777888865.8133323,5.0,-2.0,-74.0
1777888865.8233323,4.0,0.0,-73.0
1777888865.8333323,2.0,-2.0,-73.0
1777888865.8433323,2.0,-2.0,-65.0
1777888865.8533323,-1.0,0.0,-65.0
1777888865.8633325,-4.0,1.0,-70.0
1777888865.8733325,-7.0,-2.0,-68.0
1777888865.8833325,-5.0,0.0,-69.0
1777888865.8933325,-1.0,1.0,-69.0
1777888865.9033325,-3.0,-2.0,-68.0
1777888865.9133325,-5.0,-3.0,-65.0
1777888865.9233325,-5.0,-3.0,-58.0
1777888865.9333324,-2.0,-5.0,-60.0
1777888865.9433324,-2.0,-1.0,-64.0
1777888865.9533324,1.0,1.0,-64.0
1777888865.9633324,-4.0,3.0,-65.0
1777888865.9733324,-7.0,2.0,-64.0
1777888865.9833324,-6.0,0.0,-60.0
1777888865.9933324,-6.0,0.0,-60.0
1777888866.0033324,-2.0,0.0,-67.0
1777888866.0133324,-1.0,-1.0,-71.0
1777888866.0233324,-1.0,1.0,-73.0
1777888866.0333323,-2.0,1.0,-73.0
1777888866.0433323,0.0,0.0,-75.0
1777888866.0533323,1.0,-1.0,-76.0
1777888866.0633323,0.0,-5.0,-77.0
1777888866.0733323,2.0,-5.0,-79.0
1777888866.0833323,0.0,2.0,-79.0
1777888866.0933323,-3.0,4.0,-77.0
1777888866.1033323,-3.0,4.0,-72.0
1777888866.1133325,-3.0,5.0,-64.0
1777888866.1233325,-4.0,3.0,-69.0
1777888866.1333325,-6.0,1.0,-63.0
1777888866.1433325,-6.0,2.0,-68.0
1777888866.1533325,-6.0,1.0,-68.0
1777888866.1633325,-5.0,-3.0,-68.0
1777888866.1743324,-4.0,-4.0,-64.0
1777888866.1833324,-2.0,-6.0,-67.0
1777888866.1943324,-2.0,-4.0,-70.0
1777888866.2043324,-8.0,-1.0,-71.0
1777888866.2143323,-8.0,-2.0,-74.0
1777888866.2243323,-8.0,-4.0,-82.0
1777888866.2343323,-5.0,-3.0,-86.0
1777888866.2443323,-6.0,-2.0,-84.0
1777888866.2543323,-4.0,1.0,-88.0
1777888866.2633324,2.0,2.0,-78.0
1777888866.2743323,4.0,4.0,-78.0
1777888866.2843325,0.0,5.0,-86.0
1777888866.2943325,0.0,6.0,-87.0
1777888866.3043325,-2.0,5.0,-83.0
1777888866.3143325,2.0,6.0,-84.0
1777888866.3243325,-3.0,4.0,-83.0
1777888866.3343325,-1.0,2.0,-82.0
1777888866.3443325,-1.0,6.0,-80.0
1777888866.3543324,0.0,4.0,-79.0
1777888866.3643324,-1.0,4.0,-76.0
1777888866.3743324,1.0,4.0,-66.0
1777888866.3843324,3.0,5.0,-70.0
1777888866.3943324,3.0,6.0,-67.0
1777888866.4043324,2.0,5.0,-77.0
1777888866.4143324,1.0,3.0,-73.0
1777888866.4243324,2.0,2.0,-71.0
1777888866.4343324,1.0,3.0,-66.0
1777888866.4443324,0.0,4.0,-69.0
1777888866.4543324,0.0,3.0,-72.0
1777888866.4643323,0.0,2.0,-76.0
1777888866.4743323,-3.0,3.0,-82.0
1777888866.4843323,0.0,2.0,-85.0
1777888866.4943323,1.0,4.0,-82.0
1777888866.5043323,0.0,5.0,-84.0
1777888866.5143323,-1.0,2.0,-80.0
1777888866.5243323,-3.0,4.0,-76.0
1777888866.5343325,-4.0,4.0,-73.0
1777888866.5443325,-4.0,0.0,-67.0
1777888866.5543325,-2.0,0.0,-73.0
1777888866.5643325,0.0,0.0,-78.0
1777888866.5743325,-1.0,0.0,-80.0
1777888866.5843325,0.0,0.0,-75.0
1777888866.5943325,0.0,-2.0,-67.0
1777888866.6043324,5.0,-1.0,-67.0
1777888866.6143324,9.0,2.0,-65.0
1777888866.6243324,5.0,3.0,-69.0
1777888866.6343324,3.0,0.0,-65.0
1777888866.6443324,-2.0,-3.0,-66.0
1777888866.6543324,-2.0,-5.0,-65.0
1777888866.6643324,-6.0,-3.0,-68.0
1777888866.6743324,-4.0,0.0,-74.0
1777888866.6843324,-2.0,1.0,-74.0
1777888866.6943324,-2.0,0.0,-76.0
1777888866.7043324,0.0,-2.0,-78.0
1777888866.7143323,0.0,-2.0,-78.0
1777888866.7243323,4.0,-6.0,-76.0
1777888866.7343323,2.0,-11.0,-75.0
1777888866.7443323,3.0,-11.0,-78.0
1777888866.7543323,4.0,-7.0,-75.0
1777888866.7643323,3.0,-3.0,-78.0
1777888866.7743323,3.0,2.0,-77.0
1777888866.7843325,7.0,2.0,-79.0
1777888866.7943325,8.0,4.0,-76.0
1777888866.8043325,11.0,1.0,-77.0
1777888866.8143325,7.0,0.0,-80.0
1777888866.8243325,7.0,-4.0,-79.0
1777888866.8343325,4.0,-5.0,-81.0
1777888866.8443325,0.0,-1.0,-82.0
1777888866.8543324,-1.0,-5.0,-79.0
1777888866.8643324,-1.0,-2.0,-74.0
1777888866.8743324,-3.0,-1.0,-71.0
1777888866.8843324,1.0,-1.0,-72.0
1777888866.8943324,2.0,-3.0,-80.0
1777888866.9043324,3.0,-2.0,-80.0
1777888866.9143324,0.0,-1.0,-82.0
1777888866.9243324,1.0,-1.0,-79.0
1777888866.9343324,0.0,0.0,-81.0
1777888866.9443324,0.0,-1.0,-80.0
1777888866.9543324,-1.0,1.0,-80.0
1777888866.9643323,0.0,1.0,-77.0
1777888866.9743323,1.0,0.0,-77.0
1777888866.9843323,0.0,-4.0,-84.0
1777888866.9943323,-3.0,-4.0,-83.0
1777888867.0043323,-5.0,-7.0,-82.0
1777888867.0143323,-2.0,-4.0,-83.0
1777888867.0243323,0.0,-4.0,-85.0
1777888867.0343325,1.0,-1.0,-81.0
1777888867.0443325,-1.0,0.0,-85.0
1777888867.0543325,2.0,-2.0,-85.0
1777888867.0643325,0.0,-2.0,-85.0
1777888867.0743325,-4.0,-3.0,-83.0
1777888867.0843325,-8.0,-5.0,-83.0
1777888867.0943325,-5.0,-4.0,-82.0
1777888867.1043324,-3.0,-3.0,-81.0
1777888867.1143324,0.0,-6.0,-80.0
1777888867.1243324,2.0,-4.0,-76.0
1777888867.1343324,2.0,0.0,-83.0
1777888867.1443324,0.0,0.0,-85.0
1777888867.1543324,0.0,0.0,-85.0
1777888867.1643324,1.0,4.0,-84.0
1777888867.1743324,0.0,4.0,-79.0
1777888867.1843324,0.0,4.0,-80.0
1777888867.1943324,-1.0,1.0,-79.0
1777888867.2043324,-2.0,1.0,-83.0
1777888867.2143323,-4.0,-1.0,-83.0
1777888867.2243323,-2.0,-4.0,-78.0
1777888867.2343323,-1.0,-6.0,-79.0
1777888867.2443323,-4.0,1.0,-77.0
1777888867.2543323,-8.0,2.0,-85.0
1777888867.2643323,-8.0,4.0,-82.0
1777888867.2743323,-4.0,6.0,-83.0
1777888867.2843325,-3.0,4.0,-82.0
1777888867.2943325,-2.0,4.0,-88.0
1777888867.3043325,-1.0,5.0,-85.0
1777888867.3143325,-1.0,3.0,-82.0
1777888867.3243325,1.0,2.0,-74.0
1777888867.3343325,1.0,1.0,-77.0
1777888867.3443325,1.0,3.0,-82.0
1777888867.3543324,6.0,4.0,-79.0
1777888867.3643324,6.0,5.0,-79.0
1777888867.3743324,3.0,4.0,-73.0
1777888867.3843324,3.0,0.0,-78.0
1777888867.3943324,3.0,-1.0,-75.0
1777888867.4043324,-2.0,-4.0,-74.0
1777888867.4143324,-4.0,0.0,-70.0
1777888867.4243324,-3.0,-1.0,-71.0
1777888867.4343324,0.0,0.0,-70.0
1777888867.4443324,-3.0,-1.0,-71.0
1777888867.4543324,-7.0,-2.0,-70.0
1777888867.4643323,-9.0,2.0,-71.0
1777888867.4743323,-3.0,0.0,-67.0
1777888867.4843323,2.0,-1.0,-66.0
1777888867.4943323,6.0,1.0,-64.0
1777888867.5043323,0.0,-1.0,-62.0
1777888867.5143323,-1.0,-2.0,-66.0
1777888867.5243323,-3.0,-4.0,-69.0
1777888867.5343325,-3.0,-6.0,-74.0
1777888867.5443325,-5.0,-5.0,-75.0
1777888867.5543325,-7.0,-3.0,-71.0
1777888867.5643325,-3.0,-3.0,-72.0
1777888867.5743325,0.0,-5.0,-72.0
1777888867.5843325,-1.0,-1.0,-67.0
1777888867.5943325,-3.0,2.0,-65.0
1777888867.6043324,-6.0,1.0,-70.0
1777888867.6143324,-1.0,-1.0,-73.0
1777888867.6243324,-1.0,0.0,-77.0
1777888867.6343324,-2.0,3.0,-81.0
1777888867.6443324,-5.0,3.0,-79.0
1777888867.6543324,-1.0,4.0,-81.0
1777888867.6643324,0.0,4.0,-83.0
1777888867.6743324,2.0,7.0,-79.0
1777888867.6843324,2.0,2.0,-78.0
1777888867.6943324,-2.0,-1.0,-72.0
1777888867.7043324,-1.0,-1.0,-72.0
1777888867.7143323,1.0,-1.0,-74.0
1777888867.7243323,-5.0,-3.0,-72.0
1777888867.7343323,-4.0,-1.0,-74.0
1777888867.7443323,-4.0,0.0,-67.0
1777888867.7543323,0.0,0.0,-66.0
1777888867.7643323,4.0,-1.0,-62.0
1777888867.7743323,0.0,-1.0,-65.0
1777888867.7843325,1.0,3.0,-71.0
1777888867.7943325,0.0,4.0,-73.0
1777888867.8043325,3.0,1.0,-74.0
1777888867.8143325,6.0,1.0,-74.0
1777888867.8243325,5.0,3.0,-79.0
1777888867.8343325,1.0,5.0,-79.0
1777888867.8443325,0.0,7.0,-69.0
1777888867.8543324,0.0,0.0,-66.0
1777888867.8643324,-2.0,-4.0,-71.0
1777888867.8743324,2.0,-5.0,-76.0
1777888867.8843324,-3.0,-4.0,-81.0
1777888867.8943324,-4.0,-4.0,-77.0
1777888867.9043324,-6.0,-5.0,-78.0
1777888867.9143324,-8.0,-7.0,-81.0
1777888867.9243324,-6.0,-3.0,-79.0
1777888867.9343324,-5.0,-2.0,-89.0
1777888867.9443324,0.0,-2.0,-83.0
1777888867.9543324,0.0,-2.0,-83.0
1777888867.9643323,-2.0,-1.0,-87.0
1777888867.9743323,-2.0,-2.0,-87.0
1777888867.9843323,-5.0,-4.0,-80.0
1777888867.9943323,-5.0,-1.0,-80.0
1777888868.0043323,-4.0,-3.0,-74.0
1777888868.0143323,0.0,-4.0,-76.0
1777888868.0243323,-3.0,-3.0,-71.0
1777888868.0343325,1.0,-6.0,-73.0
1777888868.0443325,0.0,-3.0,-71.0
1777888868.0543325,0.0,-5.0,-64.0
1777888868.0643325,0.0,-7.0,-61.0
1777888868.0743325,0.0,-5.0,-67.0
1777888868.0843325,-1.0,-5.0,-69.0
1777888868.0943325,-2.0,-6.0,-71.0
1777888868.1043324,-2.0,-5.0,-71.0
1777888868.1143324,-1.0,-3.0,-69.0
1777888868.1243324,-3.0,-4.0,-68.0
1777888868.1343324,-7.0,-2.0,-68.0
1777888868.1453323,-8.0,-1.0,-68.0
1777888868.1543324,-6.0,0.0,-73.0
1777888868.1653323,-2.0,-4.0,-69.0
1777888868.1753323,-2.0,-7.0,-72.0
1777888868.1853323,2.0,-4.0,-74.0
1777888868.1953323,4.0,0.0,-65.0
1777888868.2053325,1.0,-1.0,-66.0
1777888868.2153325,1.0,1.0,-67.0
1777888868.2253325,2.0,0.0,-69.0
1777888868.2353325,0.0,0.0,-69.0
1777888868.2453325,-1.0,0.0,-77.0
1777888868.2553325,-2.0,0.0,-75.0
1777888868.2653325,-1.0,2.0,-80.0
1777888868.2753325,-2.0,6.0,-78.0
1777888868.2853324,-2.0,3.0,-77.0
1777888868.2953324,-3.0,3.0,-79.0
1777888868.3053324,-1.0,1.0,-75.0
1777888868.3153324,2.0,5.0,-75.0
1777888868.3253324,3.0,8.0,-74.0
1777888868.3353324,2.0,3.0,-70.0
1777888868.3453324,4.0,1.0,-76.0
1777888868.3553324,3.0,4.0,-78.0
1777888868.3653324,0.0,2.0,-74.0
1777888868.3753324,1.0,4.0,-81.0
1777888868.3853323,0.0,2.0,-79.0
1777888868.3953323,-2.0,5.0,-73.0
1777888868.4053323,0.0,6.0,-77.0
1777888868.4153323,0.0,7.0,-74.0
1777888868.4253323,-1.0,4.0,-70.0
1777888868.4353323,-2.0,0.0,-66.0
1777888868.4453323,-4.0,2.0,-64.0
1777888868.4553325,-2.0,6.0,-68.0
1777888868.4653325,-1.0,4.0,-69.0
1777888868.4753325,0.0,4.0,-67.0
1777888868.4853325,0.0,5.0,-71.0
1777888868.4953325,-2.0,4.0,-68.0
1777888868.5053325,-2.0,4.0,-62.0
1777888868.5153325,-3.0,2.0,-62.0
1777888868.5253325,-1.0,-1.0,-63.0
1777888868.5353324,0.0,-1.0,-68.0
1777888868.5453324,-2.0,0.0,-68.0
1777888868.5553324,-1.0,0.0,-81.0
1777888868.5653324,0.0,-1.0,-82.0
1777888868.5753324,3.0,0.0,-80.0
1777888868.5853324,3.0,-2.0,-73.0
1777888868.5953324,7.0,-3.0,-75.0
1777888868.6053324,7.0,-2.0,-81.0
1777888868.6153324,9.0,-10.0,-81.0
1777888868.6253324,7.0,-2.0,-77.0
1777888868.6353323,4.0,-1.0,-73.0
1777888868.6453323,5.0,0.0,-74.0
1777888868.6553323,3.0,0.0,-73.0
1777888868.6653323,3.0,0.0,-71.0
1777888868.6753323,4.0,2.0,-73.0
1777888868.6853323,2.0,3.0,-70.0
1777888868.6953323,2.0,4.0,-66.0
1777888868.7053325,7.0,2.0,-68.0
1777888868.7153325,3.0,0.0,-67.0
1777888868.7253325,1.0,-2.0,-71.0
1777888868.7353325,0.0,-1.0,-74.0
1777888868.7453325,0.0,-3.0,-72.0
1777888868.7553325,0.0,-10.0,-70.0
1777888868.7653325,8.0,-6.0,-67.0
1777888868.7753325,9.0,-4.0,-69.0
1777888868.7853324,7.0,-3.0,-67.0
1777888868.7953324,0.0,-3.0,-64.0
1777888868.8053324,1.0,-1.0,-63.0
1777888868.8153324,1.0,0.0,-67.0
1777888868.8253324,-2.0,3.0,-73.0
1777888868.8353324,0.0,4.0,-81.0
1777888868.8453324,-2.0,1.0,-82.0
1777888868.8553324,0.0,2.0,-81.0
1777888868.8653324,-3.0,6.0,-81.0
1777888868.8753324,-2.0,3.0,-76.0
1777888868.8853323,-4.0,2.0,-70.0
1777888868.8953323,-3.0,1.0,-75.0
1777888868.9053323,-3.0,2.0,-73.0
1777888868.9153323,0.0,1.0,-73.0
1777888868.9253323,5.0,1.0,-71.0
1777888868.9353323,4.0,-1.0,-71.0
1777888868.9453323,4.0,-1.0,-70.0
1777888868.9553325,7.0,-3.0,-62.0
1777888868.9653325,7.0,0.0,-64.0
1777888868.9753325,8.0,-1.0,-66.0
1777888868.9853325,6.0,-3.0,-61.0
1777888868.9953325,7.0,-3.0,-70.0
1777888869.0053325,0.0,0.0,-78.0
1777888869.0153325,1.0,0.0,-80.0
1777888869.0253325,2.0,-3.0,-74.0
1777888869.0353324,3.0,-5.0,-70.0
1777888869.0453324,1.0,-4.0,-75.0
1777888869.0553324,0.0,-10.0,-81.0
1777888869.0653324,-1.0,-11.0,-85.0
1777888869.0753324,0.0,-1.0,-81.0
1777888869.0853324,0.0,0.0,-80.0
1777888869.0953324,-3.0,0.0,-79.0
1777888869.1053324,-1.0,1.0,-82.0
1777888869.1153324,-3.0,2.0,-81.0
1777888869.1253324,-4.0,7.0,-81.0
1777888869.1353323,-3.0,5.0,-79.0
1777888869.1453323,0.0,8.0,-81.0
1777888869.1553323,-1.0,6.0,-73.0
1777888869.1653323,-1.0,1.0,-71.0
1777888869.1753323,1.0,1.0,-81.0
1777888869.1853323,0.0,3.0,-85.0
1777888869.1953323,0.0,3.0,-81.0
1777888869.2053325,0.0,3.0,-76.0
1777888869.2163324,-1.0,1.0,-77.0
1777888869.2253325,0.0,0.0,-74.0
1777888869.2353325,0.0,1.0,-79.0
1777888869.2453325,0.0,1.0,-80.0
1777888869.2553325,0.0,2.0,-80.0
1777888869.2653325,-3.0,0.0,-80.0
1777888869.2753325,-4.0,-2.0,-80.0
1777888869.2853324,-5.0,-1.0,-82.0
1777888869.2953324,-5.0,0.0,-87.0
1777888869.3053324,-3.0,1.0,-80.0
1777888869.3153324,-2.0,0.0,-73.0
1777888869.3253324,2.0,-1.0,-66.0
1777888869.3353324,6.0,-4.0,-64.0
1777888869.3453324,3.0,-2.0,-65.0
1777888869.3553324,0.0,-2.0,-72.0
1777888869.3653324,-1.0,0.0,-73.0
1777888869.3753324,-4.0,0.0,-80.0
1777888869.3853323,-3.0,0.0,-74.0
1777888869.3953323,-2.0,0.0,-72.0
1777888869.4053323,3.0,5.0,-76.0
1777888869.4153323,1.0,0.0,-77.0
1777888869.4253323,1.0,0.0,-79.0
1777888869.4353323,6.0,-4.0,-74.0
1777888869.4453323,5.0,-3.0,-72.0
1777888869.4553325,9.0,-2.0,-70.0
1777888869.4653325,5.0,-3.0,-74.0
1777888869.4753325,5.0,-7.0,-77.0
1777888869.4853325,1.0,-6.0,-76.0
1777888869.4953325,2.0,-1.0,-82.0
1777888869.5053325,6.0,0.0,-82.0
1777888869.5153325,5.0,-3.0,-78.0
1777888869.5253325,6.0,0.0,-75.0
1777888869.5353324,2.0,5.0,-76.0
1777888869.5453324,0.0,7.0,-73.0
1777888869.5553324,1.0,3.0,-71.0
1777888869.5653324,4.0,0.0,-68.0
1777888869.5753324,4.0,-1.0,-71.0
1777888869.5853324,3.0,-1.0,-74.0
1777888869.5953324,3.0,0.0,-69.0
1777888869.6053324,6.0,-1.0,-65.0
1777888869.6153324,7.0,-5.0,-68.0
1777888869.6253324,2.0,-9.0,-73.0
1777888869.6353323,3.0,-4.0,-73.0
1777888869.6453323,4.0,-6.0,-72.0
1777888869.6553323,6.0,-8.0,-73.0
1777888869.6653323,7.0,-7.0,-76.0
1777888869.6753323,3.0,-6.0,-77.0
1777888869.6853323,0.0,-6.0,-75.0
1777888869.6953323,0.0,-4.0,-75.0
1777888869.7053325,0.0,-1.0,-72.0
1777888869.7153325,-4.0,-3.0,-83.0
1777888869.7253325,-2.0,-6.0,-82.0
1777888869.7353325,-3.0,-2.0,-83.0
1777888869.7453325,0.0,-5.0,-81.0
1777888869.7553325,2.0,-3.0,-80.0
1777888869.7653325,3.0,-3.0,-81.0
1777888869.7753325,1.0,-2.0,-80.0
1777888869.7853324,0.0,-1.0,-89.0
1777888869.7953324,1.0,3.0,-90.0
1777888869.8053324,5.0,4.0,-82.0
1777888869.8153324,0.0,-2.0,-80.0
1777888869.8253324,0.0,-3.0,-82.0
1777888869.8353324,1.0,-7.0,-86.0
1777888869.8453324,2.0,-6.0,-87.0
1777888869.8553324,0.0,-6.0,-90.0
1777888869.8653324,0.0,-4.0,-84.0
1777888869.8753324,-2.0,-4.0,-75.0
1777888869.8853323,-8.0,-3.0,-73.0
1777888869.8953323,-4.0,1.0,-71.0
1777888869.9053323,-5.0,0.0,-76.0
1777888869.9153323,-11.0,-6.0,-80.0
1777888869.9253323,-8.0,-3.0,-76.0
1777888869.9353323,-6.0,1.0,-70.0
1777888869.9453323,-3.0,4.0,-75.0
1777888869.9553325,1.0,5.0,-81.0
1777888869.9653325,1.0,4.0,-81.0
1777888869.9753325,1.0,8.0,-84.0
1777888869.9853325,-2.0,5.0,-91.0
1777888869.9953325,-4.0,1.0,-88.0
1777888870.0053325,-5.0,0.0,-90.0
1777888870.0153325,-6.0,-1.0,-90.0
1777888870.0253325,-3.0,-3.0,-83.0
1777888870.0353324,0.0,-3.0,-84.0
1777888870.0453324,2.0,-2.0,-79.0
1777888870.0553324,2.0,-2.0,-72.0
1777888870.0653324,4.0,-2.0,-72.0
1777888870.0753324,8.0,-2.0,-76.0
1777888870.0853324,8.0,-4.0,-79.0
1777888870.0953324,8.0,-6.0,-77.0
1777888870.1053324,0.0,-6.0,-69.0
1777888870.1163323,-1.0,-3.0,-68.0
1777888870.1263323,-4.0,-3.0,-72.0
1777888870.1363325,-4.0,-3.0,-78.0
1777888870.1463325,-3.0,-6.0,-75.0
1777888870.1563325,-1.0,-2.0,-73.0
1777888870.1663325,-1.0,-4.0,-77.0
1777888870.1763325,0.0,-2.0,-75.0
1777888870.1863325,0.0,1.0,-79.0
1777888870.1963325,-2.0,0.0,-73.0
1777888870.2063324,-2.0,-8.0,-71.0
1777888870.2163324,0.0,-11.0,-72.0
1777888870.2263324,-1.0,-8.0,-72.0
1777888870.2363324,-1.0,-6.0,-69.0
1777888870.2463324,-1.0,-6.0,-63.0
1777888870.2563324,1.0,-4.0,-64.0
1777888870.2663324,0.0,-4.0,-68.0
1777888870.2763324,2.0,-6.0,-74.0
1777888870.2863324,4.0,-6.0,-80.0
1777888870.2963324,4.0,-5.0,-82.0
1777888870.3063323,6.0,-3.0,-81.0
1777888870.3163323,0.0,-3.0,-72.0
1777888870.3263323,-4.0,0.0,-72.0
1777888870.3363323,-8.0,0.0,-73.0
1777888870.3463323,-7.0,1.0,-79.0
1777888870.3563323,-5.0,4.0,-81.0
1777888870.3663323,-5.0,4.0,-82.0
1777888870.3763323,-6.0,2.0,-84.0
1777888870.3863325,-9.0,0.0,-81.0
1777888870.3963325,-7.0,-2.0,-84.0
1777888870.4063325,-4.0,-4.0,-81.0
1777888870.4163325,-5.0,-2.0,-80.0
1777888870.4263325,-2.0,0.0,-75.0
1777888870.4363325,-2.0,0.0,-72.0
1777888870.4463325,-5.0,2.0,-69.0
1777888870.4563324,-6.0,0.0,-77.0
1777888870.4663324,-9.0,-1.0,-83.0
1777888870.4763324,-11.0,-2.0,-87.0
1777888870.4863324,-8.0,-2.0,-93.0
1777888870.4963324,-8.0,-1.0,-89.0
1777888870.5063324,-8.0,-5.0,-78.0
1777888870.5163324,-10.0,-7.0,-74.0
1777888870.5263324,-10.0,-12.0,-69.0
1777888870.5363324,-5.0,-8.0,-64.0
1777888870.5463324,-4.0,-8.0,-64.0
1777888870.5563323,0.0,-11.0,-59.0
1777888870.5663323,0.0,-11.0,-61.0
1777888870.5763323,0.0,-3.0,-67.0
1777888870.5863323,1.0,-3.0,-65.0
1777888870.5963323,2.0,-1.0,-69.0
1777888870.6063323,0.0,0.0,-73.0
1777888870.6163323,0.0,-2.0,-76.0
1777888870.6263323,-2.0,-2.0,-70.0
1777888870.6363325,0.0,-3.0,-69.0
1777888870.6463325,0.0,0.0,-70.0
1777888870.6563325,0.0,-2.0,-66.0
1777888870.6663325,0.0,-3.0,-69.0
1777888870.6763325,-2.0,-4.0,-70.0
1777888870.6863325,0.0,-4.0,-69.0
1777888870.6963325,2.0,-3.0,-71.0
1777888870.7063324,3.0,0.0,-78.0
1777888870.7163324,4.0,2.0,-71.0
1777888870.7263324,7.0,2.0,-69.0
1777888870.7363324,7.0,0.0,-76.0
1777888870.7463324,12.0,-5.0,-79.0
1777888870.7563324,8.0,-5.0,-79.0
1777888870.7663324,7.0,-7.0,-81.0
1777888870.7763324,6.0,-4.0,-85.0
1777888870.7863324,4.0,-2.0,-80.0
1777888870.7963324,6.0,-2.0,-80.0
1777888870.8063323,5.0,-3.0,-81.0
1777888870.8163323,-3.0,0.0,-83.0
1777888870.8263323,-4.0,-1.0,-78.0
1777888870.8363323,-7.0,-1.0,-75.0
1777888870.8463323,-6.0,-1.0,-74.0
1777888870.8563323,-6.0,-2.0,-77.0
1777888870.8663323,-3.0,-2.0,-84.0
1777888870.8763323,-2.0,-1.0,-82.0
1777888870.8863325,-3.0,-3.0,-78.0
1777888870.8963325,-2.0,-3.0,-77.0
1777888870.9063325,-1.0,-2.0,-75.0
1777888870.9163325,-1.0,-5.0,-74.0
1777888870.9263325,-2.0,-7.0,-76.0
1777888870.9363325,-2.0,-5.0,-71.0
1777888870.9463325,-3.0,-1.0,-68.0
1777888870.9563324,-2.0,5.0,-66.0
1777888870.9663324,-6.0,4.0,-78.0
1777888870.9763324,-4.0,2.0,-77.0
1777888870.9863324,-5.0,0.0,-79.0
1777888870.9963324,-6.0,0.0,-78.0
1777888871.0063324,-6.0,1.0,-76.0
1777888871.0163324,0.0,2.0,-77.0
1777888871.0263324,1.0,2.0,-74.0
1777888871.0363324,2.0,1.0,-79.0
1777888871.0463324,1.0,4.0,-85.0
1777888871.0563323,-1.0,3.0,-88.0
1777888871.0663323,-2.0,4.0,-90.0
1777888871.0763323,-2.0,2.0,-88.0
1777888871.0863323,-3.0,3.0,-82.0
1777888871.0963323,-1.0,3.0,-84.0
1777888871.1063323,0.0,4.0,-85.0
1777888871.1163323,0.0,4.0,-81.0
1777888871.1263323,1.0,0.0,-83.0
1777888871.1363325,-3.0,-3.0,-77.0
1777888871.1463325,0.0,-2.0,-74.0
1777888871.1563325,3.0,-1.0,-80.0
1777888871.1663325,2.0,0.0,-81.0
1777888871.1763325,0.0,0.0,-76.0
1777888871.1863325,2.0,-2.0,-68.0
1777888871.1963325,7.0,-3.0,-68.0
1777888871.2063324,5.0,-2.0,-72.0
1777888871.2163324,3.0,-1.0,-73.0
1777888871.2263324,0.0,-1.0,-76.0
1777888871.2363324,2.0,-2.0,-78.0
1777888871.2463324,8.0,-4.0,-76.0
1777888871.2563324,7.0,2.0,-80.0
1777888871.2663324,4.0,-3.0,-80.0
1777888871.2763324,4.0,-2.0,-85.0
1777888871.2863324,6.0,0.0,-89.0
1777888871.2963324,6.0,-3.0,-93.0
1777888871.3063323,4.0,0.0,-95.0
1777888871.3163323,8.0,1.0,-86.0
1777888871.3263323,3.0,-1.0,-85.0
1777888871.3363323,2.0,-3.0,-76.0
1777888871.3463323,-1.0,-5.0,-69.0
1777888871.3563323,-2.0,-3.0,-72.0
1777888871.3663323,0.0,-2.0,-76.0
1777888871.3763323,0.0,-4.0,-73.0
1777888871.3863325,4.0,-8.0,-78.0
1777888871.3963325,5.0,-13.0,-79.0
1777888871.4063325,4.0,-11.0,-78.0
1777888871.4163325,5.0,-6.0,-72.0
1777888871.4263325,3.0,-5.0,-77.0
1777888871.4363325,3.0,-3.0,-73.0
1777888871.4463325,0.0,-6.0,-71.0
1777888871.4563324,0.0,-5.0,-68.0
1777888871.4663324,2.0,-9.0,-70.0
1777888871.4763324,2.0,-9.0,-69.0
1777888871.4863324,1.0,-7.0,-73.0
1777888871.4963324,4.0,-7.0,-72.0
1777888871.5063324,1.0,-9.0,-65.0
1777888871.5163324,-1.0,-6.0,-66.0
1777888871.5263324,-1.0,-6.0,-66.0
1777888871.5363324,-4.0,-4.0,-64.0
1777888871.5463324,-8.0,0.0,-62.0
1777888871.5563323,-5.0,1.0,-62.0
1777888871.5663323,0.0,1.0,-59.0
1777888871.5763323,2.0,1.0,-62.0
1777888871.5863323,-3.0,6.0,-61.0
1777888871.5963323,0.0,5.0,-62.0
1777888871.6063323,4.0,3.0,-65.0
1777888871.6163323,5.0,-3.0,-72.0
1777888871.6263323,6.0,-8.0,-70.0
1777888871.6363325,5.0,-6.0,-73.0
1777888871.6463325,7.0,-3.0,-77.0
1777888871.6563325,8.0,1.0,-72.0
1777888871.6663325,3.0,4.0,-79.0
1777888871.6763325,-1.0,4.0,-79.0
1777888871.6863325,-3.0,1.0,-73.0
1777888871.6963325,-4.0,-4.0,-74.0
1777888871.7063324,-2.0,-9.0,-72.0
1777888871.7163324,0.0,-5.0,-73.0
1777888871.7263324,1.0,-2.0,-82.0
1777888871.7363324,4.0,-2.0,-83.0
1777888871.7463324,3.0,-4.0,-78.0
1777888871.7563324,3.0,-6.0,-76.0
1777888871.7663324,0.0,-3.0,-77.0
1777888871.7763324,-1.0,-2.0,-70.0
1777888871.7863324,-5.0,-1.0,-67.0
1777888871.7963324,-1.0,0.0,-64.0
1777888871.8063323,0.0,-3.0,-64.0
1777888871.8163323,0.0,-1.0,-63.0
1777888871.8263323,6.0,0.0,-64.0
1777888871.8363323,10.0,-1.0,-59.0
1777888871.8463323,4.0,-3.0,-65.0
1777888871.8563323,5.0,-3.0,-67.0
1777888871.8663323,4.0,0.0,-68.0
1777888871.8763323,2.0,2.0,-66.0
1777888871.8863325,-3.0,-3.0,-72.0
1777888871.8963325,-2.0,-5.0,-68.0
1777888871.9063325,-2.0,-4.0,-65.0
1777888871.9163325,1.0,-5.0,-69.0
1777888871.9263325,6.0,-3.0,-72.0
1777888871.9363325,7.0,-2.0,-72.0
1777888871.9463325,6.0,3.0,-70.0
1777888871.9563324,0.0,2.0,-72.0
1777888871.9663324,0.0,3.0,-69.0
1777888871.9763324,0.0,-1.0,-62.0
1777888871.9863324,0.0,1.0,-67.0
1777888871.9963324,1.0,3.0,-74.0
1777888872.0063324,-1.0,0.0,-74.0
1777888872.0163324,1.0,-2.0,-76.0
1777888872.0263324,1.0,-2.0,-75.0
1777888872.0363324,0.0,-5.0,-81.0
1777888872.0463324,-4.0,-5.0,-80.0
1777888872.0563323,-2.0,-5.0,-81.0
1777888872.0663323,2.0,-4.0,-85.0
1777888872.0763323,3.0,0.0,-85.0
1777888872.0873325,2.0,0.0,-79.0
1777888872.0963323,2.0,2.0,-75.0
1777888872.1073325,-2.0,0.0,-69.0
1777888872.1173325,1.0,-1.0,-70.0
1777888872.1273324,1.0,-3.0,-68.0
1777888872.1373324,2.0,-1.0,-66.0
1777888872.1473324,0.0,0.0,-64.0
1777888872.1573324,5.0,-4.0,-67.0
1777888872.1673324,5.0,-8.0,-67.0
1777888872.1773324,2.0,-7.0,-72.0
1777888872.1873324,1.0,-8.0,-73.0
1777888872.1973324,1.0,-7.0,-78.0
1777888872.2073324,6.0,-4.0,-82.0
1777888872.2173324,8.0,0.0,-77.0
1777888872.2273324,8.0,4.0,-79.0
1777888872.2373323,13.0,4.0,-85.0
1777888872.2473323,15.0,5.0,-90.0
1777888872.2573323,14.0,4.0,-87.0
1777888872.2673323,8.0,3.0,-87.0
1777888872.2773323,6.0,4.0,-87.0
1777888872.2873323,9.0,4.0,-79.0
1777888872.2973323,12.0,4.0,-79.0
1777888872.3073325,12.0,4.0,-79.0
1777888872.3173325,11.0,2.0,-78.0
1777888872.3273325,14.0,4.0,-70.0
1777888872.3373325,9.0,1.0,-70.0
1777888872.3473325,10.0,1.0,-67.0
1777888872.3573325,9.0,0.0,-65.0
1777888872.3673325,6.0,1.0,-68.0
1777888872.3773324,2.0,1.0,-74.0
1777888872.3873324,0.0,1.0,-85.0
1777888872.3973324,0.0,2.0,-81.0
1777888872.4073324,-3.0,0.0,-82.0
1777888872.4173324,-2.0,-3.0,-84.0
1777888872.4273324,-1.0,-5.0,-75.0
1777888872.4373324,-1.0,-2.0,-73.0
1777888872.4473324,-6.0,2.0,-71.0
1777888872.4573324,-6.0,1.0,-72.0
1777888872.4673324,-9.0,1.0,-72.0
1777888872.4773324,-7.0,-1.0,-72.0
1777888872.4873323,-2.0,-1.0,-77.0
1777888872.4973323,0.0,0.0,-71.0
1777888872.5073323,0.0,-1.0,-75.0
1777888872.5173323,0.0,-1.0,-72.0
1777888872.5273323,0.0,4.0,-72.0
1777888872.5373323,-1.0,3.0,-73.0
1777888872.5473323,0.0,3.0,-73.0
1777888872.5573325,1.0,1.0,-78.0
1777888872.5673325,2.0,0.0,-78.0
1777888872.5773325,0.0,1.0,-76.0
1777888872.5873325,-4.0,0.0,-74.0
1777888872.5973325,-5.0,-3.0,-80.0
1777888872.6073325,-5.0,-8.0,-83.0
1777888872.6173325,-2.0,-5.0,-82.0
1777888872.6273324,-4.0,-6.0,-82.0
1777888872.6373324,-1.0,-3.0,-82.0
1777888872.6473324,-4.0,-3.0,-82.0
1777888872.6573324,-5.0,-3.0,-81.0
1777888872.6673324,-3.0,-1.0,-77.0
1777888872.6773324,-1.0,-5.0,-70.0
1777888872.6873324,0.0,-7.0,-65.0
1777888872.6973324,0.0,-7.0,-63.0
1777888872.7073324,0.0,-5.0,-64.0
1777888872.7173324,6.0,-2.0,-69.0
1777888872.7273324,8.0,-2.0,-68.0
1777888872.7373323,4.0,0.0,-73.0
1777888872.7473323,3.0,1.0,-77.0
1777888872.7573323,-1.0,0.0,-72.0
1777888872.7673323,0.0,0.0,-72.0
1777888872.7773323,4.0,0.0,-74.0
1777888872.7873323,0.0,-2.0,-82.0
1777888872.7973323,0.0,-2.0,-74.0
1777888872.8073325,0.0,-2.0,-70.0
1777888872.8173325,3.0,-7.0,-75.0
1777888872.8273325,3.0,-9.0,-75.0
1777888872.8373325,1.0,-9.0,-71.0
1777888872.8473325,-4.0,-7.0,-70.0
1777888872.8573325,0.0,-2.0,-74.0
1777888872.8673325,0.0,0.0,-75.0
1777888872.8773324,1.0,2.0,-73.0
1777888872.8873324,0.0,2.0,-70.0
1777888872.8973324,-3.0,1.0,-69.0
1777888872.9073324,-4.0,-1.0,-71.0
1777888872.9173324,-1.0,-2.0,-69.0
1777888872.9273324,-1.0,-1.0,-74.0
1777888872.9373324,2.0,-2.0,-71.0
1777888872.9473324,8.0,0.0,-80.0
1777888872.9573324,10.0,1.0,-83.0
1777888872.9673324,6.0,2.0,-72.0
1777888872.9773324,5.0,3.0,-72.0
1777888872.9873323,8.0,2.0,-75.0
1777888872.9973323,12.0,5.0,-77.0
1777888873.0073323,16.0,3.0,-75.0
1777888873.0173323,16.0,2.0,-74.0
1777888873.0273323,10.0,5.0,-70.0
1777888873.0373323,11.0,5.0,-71.0
1777888873.0473323,8.0,2.0,-67.0
1777888873.0573325,10.0,-1.0,-76.0
1777888873.0673325,8.0,-2.0,-75.0
1777888873.0773325,5.0,0.0,-67.0
1777888873.0873325,3.0,1.0,-70.0
1777888873.0973325,3.0,0.0,-75.0
1777888873.1073325,2.0,-2.0,-69.0
1777888873.1173325,0.0,0.0,-67.0
1777888873.1273324,0.0,2.0,-79.0
1777888873.1373324,0.0,2.0,-85.0
1777888873.1473324,1.0,0.0,-81.0
1777888873.1573324,0.0,2.0,-74.0
1777888873.1673324,-3.0,0.0,-74.0
1777888873.1773324,-1.0,0.0,-72.0
1777888873.1873324,3.0,1.0,-72.0
1777888873.1973324,1.0,-5.0,-75.0
1777888873.2073324,4.0,-6.0,-75.0
1777888873.2173324,-1.0,-6.0,-71.0
1777888873.2273324,-6.0,-4.0,-70.0
1777888873.2373323,-1.0,-1.0,-78.0
1777888873.2473323,-6.0,0.0,-76.0
1777888873.2573323,-7.0,1.0,-74.0
1777888873.2673323,-6.0,-2.0,-74.0
1777888873.2773323,-9.0,-4.0,-78.0
1777888873.2873323,-7.0,-3.0,-83.0
1777888873.2973323,-7.0,-4.0,-87.0
1777888873.3073325,-6.0,-8.0,-94.0
1777888873.3173325,-4.0,-12.0,-90.0
1777888873.3273325,-3.0,-7.0,-88.0
1777888873.3373325,0.0,-8.0,-81.0
1777888873.3473325,1.0,-6.0,-78.0
1777888873.3573325,0.0,-5.0,-76.0
1777888873.3673325,-1.0,-2.0,-69.0
1777888873.3773324,-1.0,-3.0,-72.0
1777888873.3873324,0.0,-4.0,-77.0
1777888873.3973324,0.0,-4.0,-80.0
1777888873.4073324,4.0,-3.0,-77.0
1777888873.4173324,-1.0,-3.0,-80.0
1777888873.4273324,-1.0,-2.0,-86.0
1777888873.4373324,-3.0,-1.0,-93.0
1777888873.4473324,-3.0,-2.0,-91.0
1777888873.4573324,2.0,-6.0,-90.0
1777888873.4673324,1.0,-4.0,-89.0
1777888873.4773324,4.0,-2.0,-86.0
1777888873.4873323,0.0,-2.0,-84.0
1777888873.4973323,0.0,0.0,-78.0
1777888873.5073323,1.0,0.0,-75.0
1777888873.5173323,1.0,3.0,-79.0
1777888873.5273323,1.0,0.0,-76.0
1777888873.5373323,3.0,-2.0,-76.0
1777888873.5473323,2.0,-2.0,-74.0
1777888873.5583324,5.0,-3.0,-74.0
1777888873.5673325,8.0,-1.0,-75.0
1777888873.5773325,10.0,-2.0,-81.0
1777888873.5873325,8.0,-3.0,-81.0
1777888873.5973325,6.0,-3.0,-76.0
1777888873.6073325,5.0,-2.0,-68.0
1777888873.6173325,3.0,-1.0,-68.0
1777888873.6273324,-2.0,0.0,-66.0
1777888873.6373324,-4.0,0.0,-73.0
1777888873.6473324,-4.0,-2.0,-69.0
1777888873.6573324,-4.0,-5.0,-70.0
1777888873.6673324,-5.0,-5.0,-73.0
1777888873.6773324,-3.0,-5.0,-70.0
1777888873.6873324,0.0,-4.0,-69.0
1777888873.6973324,0.0,-1.0,-75.0
1777888873.7073324,0.0,-3.0,-77.0
1777888873.7173324,0.0,-6.0,-77.0
1777888873.7273324,-3.0,-8.0,-80.0
1777888873.7373323,1.0,-6.0,-78.0
1777888873.7473323,0.0,-2.0,-87.0
1777888873.7573323,-2.0,-1.0,-91.0
1777888873.7673323,-4.0,-2.0,-84.0
1777888873.7773323,-1.0,0.0,-83.0
1777888873.7873323,0.0,0.0,-85.0
1777888873.7973323,0.0,1.0,-81.0
1777888873.8073325,0.0,1.0,-82.0
1777888873.8173325,-2.0,1.0,-79.0
1777888873.8273325,-3.0,0.0,-81.0
1777888873.8373325,-2.0,0.0,-82.0
1777888873.8473325,-1.0,-2.0,-81.0
1777888873.8573325,-4.0,0.0,-78.0
1777888873.8673325,-6.0,1.0,-73.0
1777888873.8773324,-4.0,2.0,-65.0
1777888873.8873324,0.0,3.0,-65.0
1777888873.8973324,-4.0,1.0,-69.0
1777888873.9073324,-2.0,-3.0,-68.0
1777888873.9173324,-4.0,-2.0,-73.0
1777888873.9273324,-1.0,0.0,-80.0
1777888873.9373324,-3.0,-2.0,-73.0
1777888873.9473324,-8.0,0.0,-69.0
1777888873.9573324,-4.0,-1.0,-75.0
1777888873.9673324,-6.0,1.0,-73.0
1777888873.9773324,-4.0,0.0,-74.0
1777888873.9873323,-4.0,-4.0,-76.0
1777888873.9973323,-4.0,-5.0,-77.0
1777888874.0073323,-4.0,-7.0,-72.0
1777888874.0173323,-8.0,-10.0,-70.0
1777888874.0273323,-5.0,-5.0,-72.0
1777888874.0373323,-2.0,-1.0,-72.0
1777888874.0473323,-2.0,0.0,-76.0
1777888874.0573325,-5.0,0.0,-72.0
1777888874.0673325,-4.0,-1.0,-76.0
1777888874.0773325,-8.0,1.0,-77.0
1777888874.0873325,-5.0,0.0,-75.0
1777888874.0973325,-5.0,1.0,-70.0
1777888874.1083324,-2.0,1.0,-71.0
1777888874.1183324,-2.0,0.0,-80.0
1777888874.1283324,-3.0,2.0,-79.0
1777888874.1383324,-1.0,1.0,-81.0
1777888874.1483324,-5.0,0.0,-80.0
1777888874.1583323,-2.0,2.0,-72.0
1777888874.1683323,2.0,1.0,-76.0
1777888874.1783323,3.0,0.0,-75.0
1777888874.1883323,0.0,-4.0,-75.0
1777888874.1983323,-2.0,-5.0,-77.0
1777888874.2083323,-3.0,0.0,-77.0
1777888874.2183323,1.0,-1.0,-79.0
1777888874.2283323,-1.0,2.0,-83.0
1777888874.2383325,-1.0,-3.0,-81.0
1777888874.2483325,0.0,-2.0,-80.0
1777888874.2583325,4.0,0.0,-82.0
1777888874.2683325,2.0,3.0,-77.0
1777888874.2783325,1.0,3.0,-85.0
1777888874.2883325,2.0,-1.0,-88.0
1777888874.2983325,2.0,-4.0,-81.0
1777888874.3083324,2.0,-8.0,-79.0
1777888874.3183324,2.0,-11.0,-84.0
1777888874.3283324,2.0,-9.0,-78.0
1777888874.3383324,2.0,-10.0,-73.0
1777888874.3483324,-4.0,-8.0,-67.0
1777888874.3583324,-9.0,-6.0,-68.0
1777888874.3683324,-9.0,-5.0,-73.0
1777888874.3783324,-2.0,-2.0,-68.0
1777888874.3883324,-4.0,0.0,-64.0
1777888874.3983324,-3.0,0.0,-68.0
1777888874.4083323,-2.0,0.0,-67.0
1777888874.4183323,0.0,-2.0,-72.0
1777888874.4283323,5.0,-3.0,-70.0
1777888874.4383323,4.0,-4.0,-75.0
1777888874.4483323,2.0,0.0,-74.0
1777888874.4583323,0.0,4.0,-77.0
1777888874.4683323,0.0,6.0,-79.0
1777888874.4783323,6.0,5.0,-79.0
1777888874.4883325,4.0,4.0,-77.0
1777888874.4983325,3.0,1.0,-80.0
1777888874.5083325,3.0,0.0,-84.0
1777888874.5183325,-2.0,0.0,-84.0
1777888874.5283325,-2.0,0.0,-84.0
1777888874.5383325,-1.0,-4.0,-88.0
1777888874.5483325,-3.0,-6.0,-89.0
1777888874.5583324,1.0,-6.0,-87.0
1777888874.5683324,4.0,-5.0,-82.0
1777888874.5783324,5.0,-4.0,-76.0
1777888874.5883324,8.0,-5.0,-73.0
1777888874.5983324,4.0,-4.0,-73.0
1777888874.6083324,1.0,-5.0,-71.0
1777888874.6183324,3.0,-4.0,-66.0
1777888874.6283324,1.0,-3.0,-69.0
1777888874.6383324,2.0,-4.0,-72.0
1777888874.6483324,4.0,-6.0,-65.0
1777888874.6583323,7.0,-3.0,-72.0
1777888874.6683323,7.0,1.0,-73.0
1777888874.6783323,1.0,0.0,-80.0
1777888874.6883323,0.0,-1.0,-82.0
1777888874.6983323,-1.0,0.0,-82.0
1777888874.7083323,1.0,-1.0,-76.0
1777888874.7183323,1.0,-1.0,-76.0
1777888874.7283323,-2.0,-2.0,-72.0
1777888874.7383325,1.0,0.0,-74.0
1777888874.7483325,3.0,0.0,-74.0
1777888874.7583325,5.0,1.0,-79.0
1777888874.7683325,0.0,-1.0,-85.0
1777888874.7783325,2.0,-6.0,-84.0
1777888874.7883325,6.0,-6.0,-85.0
1777888874.7983325,-1.0,-5.0,-87.0
1777888874.8083324,-3.0,-2.0,-83.0
1777888874.8183324,-1.0,-2.0,-86.0
1777888874.8283324,-1.0,-1.0,-87.0
1777888874.8383324,0.0,-3.0,-84.0
1777888874.8483324,3.0,-5.0,-75.0
1777888874.8583324,4.0,-6.0,-75.0
1777888874.8683324,2.0,-4.0,-78.0
1777888874.8783324,2.0,-2.0,-69.0
1777888874.8883324,6.0,-7.0,-66.0
1777888874.8983324,2.0,-8.0,-63.0
1777888874.9083323,2.0,-5.0,-67.0
1777888874.9183323,3.0,-3.0,-68.0
1777888874.9283323,3.0,-5.0,-73.0
1777888874.9383323,5.0,-5.0,-72.0
1777888874.9483323,4.0,-8.0,-70.0
1777888874.9583323,5.0,-7.0,-69.0
1777888874.9683323,5.0,-3.0,-71.0
1777888874.9783323,2.0,0.0,-72.0
1777888874.9883325,3.0,0.0,-70.0
1777888874.9983325,1.0,2.0,-73.0
1777888875.0083325,3.0,5.0,-78.0
1777888875.0183325,6.0,5.0,-78.0
1777888875.0283325,5.0,1.0,-79.0
1777888875.0383325,7.0,0.0,-79.0
1777888875.0483325,9.0,-2.0,-73.0
1777888875.0583324,6.0,-5.0,-73.0
1777888875.0683324,8.0,0.0,-76.0
1777888875.0783324,9.0,0.0,-77.0
1777888875.0883324,7.0,0.0,-74.0
1777888875.0983324,4.0,1.0,-72.0
1777888875.1083324,6.0,-1.0,-72.0
1777888875.1183324,6.0,-1.0,-73.0
1777888875.1283324,9.0,-3.0,-74.0
1777888875.1383324,6.0,-1.0,-81.0
1777888875.1483324,2.0,-4.0,-83.0
1777888875.1583323,2.0,-3.0,-79.0
1777888875.1683323,3.0,-2.0,-79.0
1777888875.1783323,5.0,-6.0,-74.0
1777888875.1883323,2.0,-5.0,-67.0
1777888875.1983323,0.0,-9.0,-67.0
1777888875.2083323,1.0,-4.0,-71.0
1777888875.2183323,0.0,-4.0,-73.0
1777888875.2283323,-1.0,-3.0,-70.0
1777888875.2383325,0.0,-1.0,-68.0
1777888875.2483325,3.0,-4.0,-69.0
1777888875.2583325,0.0,-3.0,-71.0
1777888875.2683325,0.0,-1.0,-75.0
1777888875.2783325,-1.0,-3.0,-75.0
1777888875.2883325,0.0,-6.0,-73.0
1777888875.2983325,0.0,-6.0,-77.0
1777888875.3083324,0.0,-3.0,-75.0
1777888875.3183324,0.0,-5.0,-72.0
1777888875.3283324,-3.0,-3.0,-70.0
1777888875.3383324,-1.0,0.0,-64.0
1777888875.3483324,0.0,1.0,-67.0
1777888875.3583324,-1.0,1.0,-71.0
1777888875.3683324,-1.0,2.0,-71.0
1777888875.3783324,-4.0,0.0,-75.0
1777888875.3883324,-7.0,0.0,-78.0
1777888875.3983324,-1.0,1.0,-83.0
1777888875.4083323,-1.0,5.0,-84.0
1777888875.4183323,0.0,4.0,-83.0
1777888875.4283323,2.0,2.0,-85.0
1777888875.4383323,5.0,0.0,-86.0
1777888875.4483323,2.0,1.0,-89.0
1777888875.4583323,3.0,0.0,-90.0
1777888875.4683323,2.0,-1.0,-84.0
1777888875.4783323,0.0,-2.0,-76.0
1777888875.4883325,0.0,-1.0,-73.0
1777888875.4983325,0.0,0.0,-68.0
1777888875.5083325,3.0,-4.0,-66.0
1777888875.5183325,2.0,0.0,-72.0
1777888875.5283325,-1.0,0.0,-69.0
1777888875.5383325,-1.0,0.0,-72.0
1777888875.5483325,0.0,5.0,-74.0
1777888875.5583324,0.0,8.0,-73.0
1777888875.5683324,4.0,6.0,-82.0
1777888875.5783324,9.0,7.0,-79.0
1777888875.5883324,5.0,8.0,-81.0
1777888875.5983324,6.0,2.0,-79.0
1777888875.6083324,5.0,-5.0,-78.0
1777888875.6183324,7.0,-3.0,-77.0
1777888875.6283324,3.0,-1.0,-72.0
1777888875.6383324,1.0,-1.0,-71.0
1777888875.6483324,0.0,-2.0,-78.0
1777888875.6583323,0.0,1.0,-71.0
1777888875.6683323,0.0,0.0,-67.0
1777888875.6783323,1.0,0.0,-75.0
1777888875.6883323,4.0,-3.0,-74.0
1777888875.6983323,4.0,-5.0,-72.0
1777888875.7083323,6.0,-3.0,-71.0
1777888875.7183323,7.0,-3.0,-71.0
1777888875.7283323,4.0,0.0,-74.0
1777888875.7383325,2.0,0.0,-70.0
1777888875.7483325,1.0,-4.0,-70.0
1777888875.7583325,2.0,-3.0,-68.0
1777888875.7683325,1.0,0.0,-70.0
1777888875.7783325,3.0,0.0,-66.0
1777888875.7883325,4.0,5.0,-73.0
1777888875.7983325,5.0,7.0,-76.0
1777888875.8083324,4.0,4.0,-74.0
1777888875.8183324,3.0,5.0,-72.0
1777888875.8283324,2.0,3.0,-76.0
1777888875.8383324,6.0,0.0,-69.0
1777888875.8483324,2.0,7.0,-70.0
1777888875.8583324,5.0,5.0,-70.0
1777888875.8683324,0.0,5.0,-71.0
1777888875.8783324,3.0,9.0,-72.0
1777888875.8883324,5.0,8.0,-67.0
1777888875.8983324,2.0,4.0,-74.0
1777888875.9083323,5.0,3.0,-74.0
1777888875.9183323,2.0,0.0,-71.0
1777888875.9283323,1.0,0.0,-70.0
1777888875.9383323,2.0,3.0,-69.0
1777888875.9483323,4.0,6.0,-67.0
1777888875.9583323,5.0,4.0,-78.0
1777888875.9683323,2.0,2.0,-81.0
1777888875.9783323,0.0,-1.0,-87.0
1777888875.9883325,-1.0,-5.0,-86.0
1777888875.9983325,0.0,-3.0,-81.0
1777888876.0083325,3.0,-1.0,-85.0
1777888876.0183325,6.0,-2.0,-80.0
1777888876.0283325,1.0,-4.0,-79.0
1777888876.0383325,-1.0,-4.0,-82.0
1777888876.0483325,0.0,-1.0,-88.0
1777888876.0583324,3.0,0.0,-85.0
1777888876.0693324,3.0,0.0,-79.0
1777888876.0793324,-1.0,0.0,-81.0
1777888876.0893323,0.0,-1.0,-77.0
1777888876.0993323,2.0,1.0,-71.0
1777888876.1093323,-1.0,3.0,-72.0
1777888876.1193323,-5.0,1.0,-71.0
1777888876.1293323,-5.0,-1.0,-72.0
1777888876.1393323,-4.0,-2.0,-67.0
1777888876.1493323,0.0,-2.0,-64.0
1777888876.1593325,0.0,1.0,-67.0
1777888876.1693325,1.0,0.0,-72.0
1777888876.1793325,0.0,0.0,-73.0
1777888876.1893325,-3.0,-2.0,-73.0
1777888876.1993325,-6.0,0.0,-70.0
1777888876.2093325,-2.0,0.0,-77.0
1777888876.2193325,0.0,0.0,-72.0
1777888876.2293324,2.0,1.0,-72.0
1777888876.2393324,2.0,-2.0,-68.0
1777888876.2493324,7.0,-1.0,-68.0
1777888876.2593324,8.0,3.0,-66.0
1777888876.2693324,4.0,1.0,-70.0
1777888876.2793324,1.0,-3.0,-69.0
1777888876.2893324,5.0,-4.0,-68.0
1777888876.2993324,5.0,-8.0,-64.0
1777888876.3093324,5.0,-11.0,-69.0
1777888876.3193324,3.0,-7.0,-74.0
1777888876.3293324,4.0,-7.0,-79.0
1777888876.3393323,4.0,-8.0,-78.0
1777888876.3493323,0.0,-5.0,-76.0
1777888876.3593323,-3.0,-4.0,-75.0
1777888876.3693323,0.0,-8.0,-77.0
1777888876.3793323,1.0,-5.0,-75.0
1777888876.3893323,4.0,-4.0,-83.0
1777888876.3993323,6.0,-4.0,-83.0
1777888876.4093325,4.0,-5.0,-80.0
1777888876.4193325,6.0,0.0,-79.0
1777888876.4293325,9.0,0.0,-83.0
1777888876.4393325,13.0,0.0,-84.0
1777888876.4493325,8.0,-4.0,-87.0
1777888876.4593325,10.0,0.0,-90.0
1777888876.4693325,6.0,0.0,-89.0
1777888876.4793324,2.0,-1.0,-81.0
1777888876.4893324,-1.0,-1.0,-72.0
1777888876.4993324,-6.0,-3.0,-61.0
1777888876.5093324,-8.0,-6.0,-65.0
1777888876.5193324,-3.0,-12.0,-75.0
1777888876.5293324,-4.0,-6.0,-81.0
1777888876.5393324,-3.0,-3.0,-71.0
1777888876.5493324,-3.0,-8.0,-73.0
1777888876.5593324,-3.0,-10.0,-76.0
1777888876.5693324,-2.0,-8.0,-74.0
1777888876.5793324,1.0,-7.0,-68.0
1777888876.5893323,4.0,-5.0,-70.0
1777888876.5993323,7.0,-6.0,-73.0
1777888876.6093323,6.0,-6.0,-72.0
1777888876.6193323,2.0,-6.0,-72.0
1777888876.6293323,2.0,-4.0,-71.0
1777888876.6393323,1.0,-9.0,-73.0
1777888876.6493323,2.0,-9.0,-72.0
1777888876.6593325,3.0,-10.0,-74.0
1777888876.6693325,4.0,-6.0,-73.0
1777888876.6793325,5.0,-4.0,-72.0
1777888876.6893325,0.0,-5.0,-72.0
1777888876.6993325,0.0,-7.0,-62.0
1777888876.7093325,0.0,-9.0,-67.0
1777888876.7193325,2.0,-10.0,-73.0
1777888876.7293324,6.0,-7.0,-72.0
1777888876.7393324,3.0,-7.0,-72.0
1777888876.7493324,4.0,-4.0,-74.0
1777888876.7593324,8.0,-1.0,-68.0
1777888876.7693324,9.0,-1.0,-71.0
1777888876.7793324,9.0,2.0,-78.0
1777888876.7893324,8.0,3.0,-80.0
1777888876.7993324,7.0,4.0,-86.0
1777888876.8093324,6.0,3.0,-91.0
1777888876.8193324,9.0,1.0,-84.0
1777888876.8293324,9.0,4.0,-77.0
1777888876.8393323,6.0,4.0,-80.0
1777888876.8493323,-1.0,4.0,-83.0
1777888876.8593323,1.0,3.0,-79.0
1777888876.8693323,2.0,3.0,-80.0
1777888876.8793323,6.0,3.0,-83.0
1777888876.8893323,7.0,1.0,-88.0
1777888876.8993323,4.0,-2.0,-83.0
1777888876.9093325,3.0,-5.0,-81.0
1777888876.9193325,0.0,-7.0,-83.0
1777888876.9293325,-4.0,-6.0,-82.0
1777888876.9393325,-6.0,-9.0,-79.0
1777888876.9493325,0.0,-7.0,-71.0
1777888876.9593325,1.0,-8.0,-72.0
1777888876.9693325,2.0,-8.0,-59.0
1777888876.9793324,5.0,-6.0,-66.0
1777888876.9893324,7.0,-4.0,-72.0
1777888876.9993324,7.0,-4.0,-77.0
1777888877.0093324,5.0,0.0,-79.0
1777888877.0193324,9.0,0.0,-77.0
1777888877.0293324,4.0,-4.0,-77.0
1777888877.0393324,-1.0,0.0,-79.0
1777888877.0493324,-2.0,0.0,-73.0
1777888877.0593324,2.0,0.0,-76.0
1777888877.0693324,-1.0,-3.0,-79.0
1777888877.0793324,0.0,-3.0,-82.0
1777888877.0893323,0.0,0.0,-80.0
1777888877.0993323,1.0,1.0,-83.0
1777888877.1093323,3.0,1.0,-79.0
1777888877.1193323,1.0,0.0,-77.0
1777888877.1293323,0.0,0.0,-78.0
1777888877.1393323,2.0,0.0,-81.0
1777888877.1493323,0.0,-1.0,-83.0
1777888877.1593325,0.0,1.0,-81.0
1777888877.1693325,1.0,4.0,-85.0
1777888877.1793325,2.0,0.0,-85.0
1777888877.1893325,1.0,-1.0,-79.0
1777888877.1993325,5.0,-2.0,-73.0
1777888877.2093325,2.0,-4.0,-80.0
1777888877.2193325,-1.0,-3.0,-74.0
1777888877.2293324,1.0,-6.0,-70.0
1777888877.2393324,0.0,-9.0,-76.0
1777888877.2493324,2.0,-5.0,-79.0
1777888877.2593324,2.0,0.0,-82.0
1777888877.2693324,2.0,0.0,-83.0
1777888877.2793324,2.0,4.0,-83.0
1777888877.2893324,4.0,4.0,-80.0
1777888877.2993324,6.0,4.0,-76.0
1777888877.3093324,8.0,2.0,-74.0
1777888877.3193324,9.0,0.0,-69.0
1777888877.3293324,5.0,0.0,-72.0
1777888877.3393323,0.0,1.0,-77.0
1777888877.3493323,0.0,0.0,-76.0
1777888877.3593323,-2.0,-2.0,-78.0
1777888877.3693323,-6.0,-1.0,-79.0
1777888877.3793323,-8.0,0.0,-78.0
1777888877.3893323,-8.0,-3.0,-81.0
1777888877.3993323,-8.0,0.0,-78.0
1777888877.4093325,-4.0,1.0,-69.0
1777888877.4193325,0.0,1.0,-77.0
1777888877.4293325,3.0,5.0,-80.0
1777888877.4393325,0.0,5.0,-80.0
1777888877.4493325,0.0,2.0,-74.0
1777888877.4593325,-1.0,3.0,-72.0
1777888877.4693325,0.0,1.0,-67.0
1777888877.4793324,-2.0,-1.0,-62.0
1777888877.4893324,0.0,1.0,-67.0
1777888877.4993324,2.0,2.0,-70.0
1777888877.5093324,3.0,0.0,-69.0
1777888877.5193324,4.0,3.0,-75.0
1777888877.5293324,3.0,6.0,-75.0
1777888877.5393324,3.0,5.0,-69.0
1777888877.5493324,3.0,2.0,-72.0
1777888877.5593324,-1.0,2.0,-73.0
1777888877.5693324,0.0,3.0,-77.0
1777888877.5793324,0.0,3.0,-81.0
1777888877.5893323,0.0,2.0,-74.0
1777888877.5993323,-1.0,1.0,-74.0
1777888877.6093323,0.0,4.0,-76.0
1777888877.6193323,3.0,2.0,-80.0
1777888877.6293323,3.0,4.0,-85.0
1777888877.6393323,4.0,4.0,-84.0
1777888877.6493323,9.0,4.0,-87.0
1777888877.6593325,11.0,7.0,-82.0
1777888877.6693325,8.0,7.0,-78.0
1777888877.6793325,6.0,3.0,-73.0
1777888877.6893325,4.0,1.0,-74.0
1777888877.6993325,3.0,0.0,-69.0
1777888877.7093325,2.0,-2.0,-74.0
1777888877.7193325,0.0,0.0,-71.0
1777888877.7293324,0.0,0.0,-75.0
1777888877.7393324,0.0,-4.0,-72.0
1777888877.7493324,-1.0,-6.0,-77.0
1777888877.7593324,0.0,-4.0,-79.0
1777888877.7693324,0.0,-3.0,-72.0
1777888877.7793324,3.0,1.0,-78.0
1777888877.7893324,4.0,0.0,-76.0
1777888877.7993324,6.0,-1.0,-79.0
1777888877.8093324,6.0,3.0,-75.0
1777888877.8193324,3.0,3.0,-75.0
1777888877.8293324,0.0,3.0,-76.0
1777888877.8393323,-4.0,1.0,-73.0
1777888877.8493323,-5.0,-3.0,-75.0
1777888877.8593323,0.0,2.0,-71.0
1777888877.8693323,1.0,0.0,-67.0
1777888877.8793323,0.0,-5.0,-69.0
1777888877.8893323,1.0,-6.0,-72.0
1777888877.8993323,2.0,-4.0,-68.0
1777888877.9093325,4.0,-1.0,-59.0
1777888877.9193325,6.0,0.0,-59.0
1777888877.9293325,4.0,0.0,-63.0
1777888877.9393325,0.0,-1.0,-61.0
1777888877.9493325,-2.0,-1.0,-66.0
1777888877.9593325,1.0,-4.0,-77.0
1777888877.9693325,0.0,-7.0,-80.0
1777888877.9793324,4.0,-8.0,-76.0
1777888877.9893324,2.0,-6.0,-77.0
1777888877.9993324,0.0,-6.0,-78.0
1777888878.0093324,5.0,-6.0,-75.0
1777888878.0193324,5.0,-8.0,-74.0
1777888878.0293324,2.0,-5.0,-70.0
1777888878.0393324,2.0,-1.0,-65.0
1777888878.0493324,3.0,-4.0,-65.0
1777888878.0593324,0.0,-2.0,-67.0
1777888878.0693324,1.0,-7.0,-68.0
1777888878.0803325,0.0,-4.0,-67.0
1777888878.0903325,-3.0,-3.0,-71.0
1777888878.1003325,-2.0,2.0,-76.0
1777888878.1103325,0.0,2.0,-86.0
1777888878.1203325,2.0,2.0,-84.0
1777888878.1303325,1.0,1.0,-82.0
1777888878.1403325,4.0,3.0,-83.0
1777888878.1503325,2.0,-1.0,-84.0
1777888878.1603324,2.0,0.0,-86.0
1777888878.1703324,3.0,3.0,-79.0
1777888878.1803324,3.0,7.0,-78.0
1777888878.1903324,3.0,6.0,-67.0
1777888878.2003324,4.0,5.0,-65.0
1777888878.2103324,4.0,3.0,-65.0
1777888878.2203324,5.0,0.0,-70.0
1777888878.2303324,2.0,0.0,-77.0
1777888878.2403324,-1.0,3.0,-80.0
1777888878.2503324,5.0,2.0,-77.0
1777888878.2603323,8.0,0.0,-76.0
1777888878.2703323,9.0,-1.0,-74.0
1777888878.2803323,10.0,-1.0,-71.0
1777888878.2903323,6.0,-2.0,-76.0
1777888878.3003323,1.0,1.0,-79.0
1777888878.3103323,-2.0,2.0,-74.0
1777888878.3203323,-2.0,2.0,-75.0
1777888878.3303325,0.0,1.0,-78.0
1777888878.3403325,1.0,2.0,-74.0
1777888878.3503325,1.0,3.0,-72.0
1777888878.3603325,-2.0,4.0,-74.0
1777888878.3703325,-2.0,3.0,-72.0
1777888878.3803325,2.0,0.0,-70.0
1777888878.3903325,5.0,0.0,-76.0
1777888878.4003325,4.0,-1.0,-78.0
1777888878.4103324,5.0,0.0,-80.0
1777888878.4203324,5.0,0.0,-79.0
1777888878.4303324,3.0,-5.0,-79.0
1777888878.4403324,2.0,-1.0,-80.0
1777888878.4503324,3.0,0.0,-78.0
1777888878.4603324,5.0,-3.0,-73.0
1777888878.4703324,9.0,-4.0,-78.0
1777888878.4803324,8.0,-5.0,-78.0
1777888878.4903324,7.0,-7.0,-80.0
1777888878.5003324,8.0,-8.0,-85.0
1777888878.5103323,4.0,-5.0,-86.0
1777888878.5203323,7.0,0.0,-91.0
1777888878.5303323,6.0,3.0,-92.0
1777888878.5403323,3.0,4.0,-91.0
1777888878.5503323,3.0,0.0,-91.0
1777888878.5603323,0.0,0.0,-88.0
1777888878.5703323,-2.0,-2.0,-83.0
1777888878.5803325,-1.0,-6.0,-79.0
1777888878.5903325,-4.0,-3.0,-80.0
1777888878.6003325,-5.0,-5.0,-82.0
1777888878.6103325,-6.0,-5.0,-89.0
1777888878.6203325,-6.0,-5.0,-82.0
1777888878.6303325,-6.0,0.0,-81.0
1777888878.6403325,-6.0,0.0,-88.0
1777888878.6503325,-2.0,0.0,-82.0
1777888878.6603324,0.0,1.0,-85.0
1777888878.6703324,-3.0,1.0,-77.0
1777888878.6803324,-7.0,-1.0,-78.0
1777888878.6903324,-5.0,0.0,-80.0
1777888878.7003324,-6.0,1.0,-76.0
1777888878.7103324,-2.0,0.0,-75.0
1777888878.7203324,-1.0,0.0,-75.0
1777888878.7303324,1.0,0.0,-77.0
1777888878.7403324,-5.0,2.0,-82.0
1777888878.7503324,-5.0,3.0,-87.0
1777888878.7603323,-8.0,0.0,-85.0
1777888878.7703323,-8.0,0.0,-84.0
1777888878.7803323,-5.0,4.0,-84.0
1777888878.7903323,-4.0,4.0,-77.0
1777888878.8003323,-2.0,4.0,-70.0
1777888878.8103323,-3.0,0.0,-74.0
1777888878.8203323,-2.0,2.0,-79.0
1777888878.8303325,-2.0,-2.0,-76.0
1777888878.8403325,-2.0,-5.0,-73.0
1777888878.8503325,1.0,-4.0,-72.0
1777888878.8603325,3.0,-3.0,-75.0
1777888878.8703325,4.0,-3.0,-80.0
1777888878.8803325,0.0,-5.0,-78.0
1777888878.8903325,4.0,-6.0,-75.0
1777888878.9003325,4.0,-6.0,-77.0
1777888878.9103324,2.0,-5.0,-75.0
1777888878.9203324,-1.0,-3.0,-72.0
1777888878.9303324,2.0,0.0,-71.0
1777888878.9403324,0.0,2.0,-69.0
1777888878.9503324,2.0,0.0,-70.0
1777888878.9603324,0.0,2.0,-69.0
1777888878.9703324,-2.0,5.0,-66.0
1777888878.9803324,-1.0,2.0,-65.0
1777888878.9903324,-1.0,2.0,-68.0
1777888879.0003324,-2.0,0.0,-72.0
1777888879.0103323,0.0,-3.0,-75.0
1777888879.0203323,1.0,0.0,-80.0
1777888879.0303323,3.0,-1.0,-80.0
1777888879.0403323,1.0,-3.0,-81.0
1777888879.0503323,3.0,-4.0,-86.0
1777888879.0603323,6.0,-2.0,-86.0
1777888879.0703323,5.0,1.0,-85.0
1777888879.0803325,3.0,4.0,-77.0
1777888879.0903325,3.0,3.0,-75.0
1777888879.1003325,1.0,0.0,-76.0
1777888879.1103325,1.0,-3.0,-78.0
1777888879.1203325,0.0,0.0,-69.0
1777888879.1303325,2.0,2.0,-68.0
1777888879.1403325,0.0,7.0,-67.0
1777888879.1503325,1.0,3.0,-70.0
1777888879.1603324,0.0,0.0,-71.0
1777888879.1703324,2.0,1.0,-72.0
1777888879.1803324,1.0,5.0,-73.0
1777888879.1903324,4.0,9.0,-75.0
1777888879.2003324,3.0,6.0,-74.0
1777888879.2103324,1.0,0.0,-69.0
1777888879.2203324,1.0,2.0,-70.0
1777888879.2303324,0.0,2.0,-71.0
1777888879.2403324,0.0,1.0,-69.0
1777888879.2503324,0.0,5.0,-68.0
1777888879.2603323,-1.0,5.0,-68.0
1777888879.2703323,0.0,3.0,-69.0
1777888879.2803323,0.0,3.0,-70.0
1777888879.2903323,0.0,2.0,-74.0
1777888879.3003323,0.0,0.0,-77.0
1777888879.3103323,0.0,-3.0,-78.0
1777888879.3203323,1.0,-6.0,-74.0
1777888879.3303325,-5.0,-9.0,-77.0
1777888879.3403325,-3.0,-7.0,-82.0
1777888879.3503325,-2.0,-5.0,-76.0
1777888879.3603325,-1.0,-6.0,-76.0
1777888879.3703325,-2.0,-10.0,-77.0
1777888879.3803325,-1.0,-9.0,-79.0
1777888879.3903325,-1.0,-6.0,-77.0
1777888879.4003325,0.0,-1.0,-76.0
1777888879.4103324,5.0,0.0,-79.0
1777888879.4203324,4.0,-4.0,-79.0
1777888879.4303324,7.0,-6.0,-82.0
1777888879.4403324,5.0,-4.0,-83.0
1777888879.4503324,4.0,-2.0,-83.0
1777888879.4603324,6.0,-2.0,-84.0
1777888879.4703324,4.0,-3.0,-80.0
1777888879.4803324,3.0,-4.0,-77.0
1777888879.4903324,1.0,-6.0,-76.0
1777888879.5003324,2.0,-3.0,-72.0
1777888879.5103323,9.0,1.0,-68.0
1777888879.5203323,3.0,0.0,-73.0
1777888879.5303323,3.0,2.0,-73.0
1777888879.5403323,2.0,-3.0,-80.0
1777888879.5503323,2.0,-3.0,-77.0
1777888879.5603323,-3.0,-4.0,-77.0
1777888879.5703323,-1.0,-3.0,-78.0
1777888879.5803325,0.0,-3.0,-75.0
1777888879.5903325,-1.0,0.0,-82.0
1777888879.6003325,1.0,0.0,-77.0
1777888879.6103325,-2.0,0.0,-70.0
1777888879.6203325,1.0,0.0,-70.0
1777888879.6303325,1.0,3.0,-76.0
1777888879.6403325,-2.0,2.0,-73.0
1777888879.6503325,-3.0,2.0,-73.0
1777888879.6603324,0.0,3.0,-76.0
1777888879.6703324,3.0,0.0,-74.0
1777888879.6803324,2.0,0.0,-77.0
1777888879.6903324,-5.0,0.0,-81.0
1777888879.7003324,-6.0,2.0,-79.0
1777888879.7103324,-3.0,0.0,-77.0
1777888879.7203324,-3.0,1.0,-74.0
1777888879.7303324,-3.0,2.0,-78.0
1777888879.7403324,0.0,2.0,-77.0
1777888879.7503324,5.0,-2.0,-75.0
1777888879.7603323,2.0,-4.0,-73.0
1777888879.7703323,3.0,0.0,-78.0
1777888879.7803323,6.0,2.0,-82.0
1777888879.7903323,4.0,2.0,-79.0
1777888879.8003323,0.0,1.0,-77.0
1777888879.8103323,-3.0,0.0,-85.0
1777888879.8203323,-6.0,-1.0,-73.0
1777888879.8303325,1.0,-3.0,-73.0
1777888879.8403325,1.0,-1.0,-69.0
1777888879.8503325,-1.0,-4.0,-66.0
1777888879.8603325,1.0,-4.0,-69.0
1777888879.8703325,3.0,-4.0,-77.0
1777888879.8803325,1.0,-4.0,-77.0
1777888879.8903325,0.0,-6.0,-73.0
1777888879.9003325,-1.0,-9.0,-71.0
1777888879.9103324,4.0,-8.0,-71.0
1777888879.9203324,6.0,-4.0,-72.0
1777888879.9303324,4.0,0.0,-73.0
1777888879.9403324,5.0,-1.0,-79.0
1777888879.9503324,2.0,-2.0,-82.0
1777888879.9603324,3.0,1.0,-80.0
1777888879.9703324,2.0,1.0,-79.0
1777888879.9803324,2.0,2.0,-69.0
1777888879.9903324,-4.0,3.0,-76.0
1777888880.0003324,-5.0,-1.0,-82.0
1777888880.0103323,1.0,-2.0,-81.0
1777888880.0203323,-1.0,0.0,-76.0
1777888880.0303323,-1.0,-1.0,-74.0
1777888880.0413325,0.0,0.0,-70.0
1777888880.0503323,1.0,0.0,-77.0
1777888880.0613325,1.0,0.0,-79.0
1777888880.0713325,5.0,1.0,-77.0
1777888880.0813324,7.0,0.0,-71.0
1777888880.0913324,9.0,2.0,-71.0
1777888880.1013324,6.0,3.0,-76.0
1777888880.1113324,5.0,1.0,-74.0
1777888880.1213324,0.0,2.0,-77.0
1777888880.1313324,0.0,1.0,-84.0
1777888880.1413324,-2.0,0.0,-86.0
1777888880.1513324,-3.0,-1.0,-80.0
1777888880.1613324,-1.0,-4.0,-75.0
1777888880.1713324,-1.0,0.0,-81.0
1777888880.1813323,-4.0,0.0,-75.0
1777888880.1913323,-5.0,-3.0,-81.0
1777888880.2013323,-4.0,-4.0,-81.0
1777888880.2113323,0.0,-5.0,-78.0
1777888880.2213323,-1.0,-2.0,-77.0
1777888880.2313323,0.0,0.0,-75.0
1777888880.2413323,1.0,0.0,-73.0
1777888880.2513323,0.0,-2.0,-79.0
1777888880.2613325,0.0,-2.0,-74.0
1777888880.2713325,-2.0,-3.0,-67.0
1777888880.2813325,1.0,-4.0,-68.0
1777888880.2913325,-1.0,-4.0,-72.0
1777888880.3013325,0.0,-7.0,-72.0
1777888880.3113325,-2.0,-7.0,-73.0
1777888880.3213325,2.0,-6.0,-73.0
1777888880.3313324,3.0,-3.0,-72.0
1777888880.3413324,0.0,0.0,-75.0
1777888880.3513324,0.0,0.0,-70.0
1777888880.3613324,-4.0,0.0,-78.0
1777888880.3713324,0.0,-4.0,-80.0
1777888880.3813324,-2.0,-2.0,-81.0
1777888880.3913324,-2.0,0.0,-82.0
1777888880.4013324,1.0,0.0,-84.0
1777888880.4113324,0.0,-2.0,-85.0
1777888880.4213324,2.0,-5.0,-90.0
1777888880.4313323,3.0,-9.0,-89.0
1777888880.4413323,4.0,-6.0,-89.0
1777888880.4513323,7.0,-3.0,-83.0
1777888880.4613323,7.0,-2.0,-80.0
1777888880.4713323,6.0,-4.0,-76.0
1777888880.4813323,4.0,-3.0,-80.0
1777888880.4913323,0.0,-1.0,-77.0
1777888880.5013323,-2.0,-3.0,-76.0
1777888880.5113325,-3.0,-4.0,-76.0
1777888880.5213325,-1.0,-5.0,-76.0
1777888880.5313325,0.0,-4.0,-76.0
1777888880.5413325,-4.0,-4.0,-75.0
1777888880.5513325,-4.0,-1.0,-80.0
1777888880.5613325,-4.0,0.0,-72.0
1777888880.5713325,-2.0,0.0,-65.0
1777888880.5813324,-3.0,-1.0,-63.0
1777888880.5913324,-3.0,-3.0,-64.0
1777888880.6013324,0.0,0.0,-69.0
1777888880.6113324,2.0,0.0,-75.0
1777888880.6213324,3.0,0.0,-81.0
1777888880.6313324,7.0,1.0,-77.0
1777888880.6413324,8.0,-3.0,-73.0
1777888880.6513324,4.0,1.0,-67.0
1777888880.6613324,5.0,0.0,-75.0
1777888880.6713324,1.0,-2.0,-77.0
1777888880.6813323,4.0,-1.0,-81.0
1777888880.6913323,-2.0,-2.0,-81.0
1777888880.7013323,-2.0,-3.0,-81.0
1777888880.7113323,3.0,-3.0,-82.0
1777888880.7213323,4.0,-1.0,-73.0
1777888880.7313323,-1.0,1.0,-63.0
1777888880.7413323,0.0,-2.0,-70.0
1777888880.7513323,-4.0,-6.0,-74.0
1777888880.7613325,-4.0,-7.0,-74.0
1777888880.7713325,-1.0,-8.0,-71.0
1777888880.7813325,-2.0,-3.0,-74.0
1777888880.7913325,0.0,-4.0,-74.0
1777888880.8013325,0.0,-4.0,-75.0
1777888880.8113325,1.0,-4.0,-74.0
1777888880.8213325,6.0,-4.0,-76.0
1777888880.8313324,8.0,-1.0,-89.0
1777888880.8413324,2.0,0.0,-88.0
1777888880.8513324,5.0,-2.0,-86.0
1777888880.8613324,0.0,-1.0,-85.0
1777888880.8713324,0.0,0.0,-81.0
1777888880.8813324,0.0,0.0,-76.0
1777888880.8913324,2.0,0.0,-78.0
1777888880.9013324,3.0,2.0,-79.0
1777888880.9113324,3.0,2.0,-83.0
1777888880.9213324,6.0,0.0,-86.0
1777888880.9313323,8.0,-1.0,-84.0
1777888880.9413323,5.0,0.0,-81.0
1777888880.9513323,3.0,2.0,-80.0
1777888880.9613323,6.0,-1.0,-80.0
1777888880.9713323,7.0,-2.0,-79.0
1777888880.9813323,3.0,-1.0,-79.0
1777888880.9913323,8.0,-3.0,-77.0
1777888881.0013323,2.0,-4.0,-79.0
1777888881.0113325,5.0,0.0,-79.0
1777888881.0213325,4.0,0.0,-77.0
1777888881.0313325,5.0,-3.0,-73.0
1777888881.0413325,1.0,-5.0,-74.0
1777888881.0513325,2.0,-5.0,-73.0
1777888881.0613325,1.0,-5.0,-73.0
1777888881.0713325,0.0,-1.0,-73.0
1777888881.0813324,1.0,-2.0,-79.0
1777888881.0913324,0.0,0.0,-81.0
1777888881.1013324,0.0,-1.0,-82.0
1777888881.1113324,-4.0,-2.0,-77.0
1777888881.1213324,-9.0,-6.0,-76.0
1777888881.1313324,-8.0,-8.0,-76.0
1777888881.1413324,-7.0,-4.0,-75.0
1777888881.1513324,-9.0,-3.0,-73.0
1777888881.1613324,-8.0,0.0,-78.0
1777888881.1713324,-4.0,1.0,-73.0
1777888881.1813323,-1.0,-1.0,-78.0
1777888881.1913323,2.0,-2.0,-83.0
1777888881.2013323,2.0,-2.0,-85.0
1777888881.2113323,1.0,-1.0,-86.0
1777888881.2213323,1.0,-2.0,-87.0
1777888881.2313323,-1.0,-2.0,-84.0
1777888881.2413323,1.0,0.0,-74.0
1777888881.2513323,4.0,-3.0,-63.0
1777888881.2613325,3.0,-1.0,-56.0
1777888881.2713325,0.0,-2.0,-60.0
1777888881.2813325,0.0,-3.0,-67.0
1777888881.2913325,0.0,0.0,-73.0
1777888881.3013325,1.0,-2.0,-75.0
1777888881.3113325,1.0,-5.0,-68.0
1777888881.3213325,0.0,-9.0,-71.0
1777888881.3313324,1.0,-9.0,-71.0
1777888881.3413324,5.0,-7.0,-71.0
1777888881.3513324,3.0,-5.0,-67.0
1777888881.3613324,0.0,-6.0,-72.0
1777888881.3713324,0.0,-4.0,-66.0
1777888881.3813324,-1.0,0.0,-69.0
1777888881.3913324,-2.0,-2.0,-75.0
1777888881.4013324,-1.0,-6.0,-73.0
1777888881.4113324,0.0,-8.0,-76.0
1777888881.4213324,-4.0,-9.0,-71.0
1777888881.4313323,0.0,-6.0,-72.0
1777888881.4413323,1.0,-6.0,-78.0
1777888881.4513323,0.0,-6.0,-79.0
1777888881.4613323,0.0,-5.0,-78.0
1777888881.4713323,-5.0,1.0,-77.0
1777888881.4813323,-3.0,0.0,-73.0
1777888881.4913323,0.0,0.0,-68.0
1777888881.5013323,1.0,-1.0,-66.0
1777888881.5113325,4.0,0.0,-74.0
1777888881.5213325,4.0,-6.0,-75.0
1777888881.5313325,2.0,-5.0,-75.0
1777888881.5413325,4.0,-2.0,-81.0
1777888881.5513325,2.0,1.0,-82.0
1777888881.5613325,-2.0,1.0,-76.0
1777888881.5713325,-5.0,-1.0,-67.0
1777888881.5813324,-2.0,-2.0,-67.0
1777888881.5913324,3.0,-1.0,-64.0
1777888881.6013324,1.0,-3.0,-62.0
1777888881.6113324,2.0,0.0,-62.0
1777888881.6213324,2.0,0.0,-61.0
1777888881.6313324,5.0,-1.0,-61.0
1777888881.6413324,4.0,1.0,-65.0
1777888881.6513324,7.0,5.0,-68.0
1777888881.6613324,7.0,2.0,-67.0
1777888881.6713324,6.0,3.0,-76.0
1777888881.6813323,3.0,2.0,-80.0
1777888881.6913323,4.0,3.0,-82.0
1777888881.7013323,5.0,-2.0,-79.0
1777888881.7113323,4.0,0.0,-79.0
1777888881.7213323,1.0,0.0,-74.0
1777888881.7313323,0.0,3.0,-66.0
1777888881.7413323,0.0,1.0,-72.0
1777888881.7513323,-3.0,0.0,-69.0
1777888881.7613325,-1.0,0.0,-74.0
1777888881.7713325,0.0,-1.0,-72.0
1777888881.7813325,0.0,-1.0,-73.0
1777888881.7913325,-2.0,0.0,-77.0
1777888881.8013325,-3.0,0.0,-78.0
1777888881.8113325,-3.0,0.0,-78.0
1777888881.8213325,-2.0,-1.0,-83.0
1777888881.8313324,-2.0,0.0,-80.0
1777888881.8413324,0.0,0.0,-84.0
1777888881.8513324,-3.0,0.0,-83.0
1777888881.8613324,0.0,3.0,-85.0
1777888881.8713324,-1.0,2.0,-81.0
1777888881.8813324,-3.0,4.0,-77.0
1777888881.8913324,-6.0,8.0,-83.0
1777888881.9013324,-7.0,6.0,-88.0
1777888881.9113324,-6.0,4.0,-88.0
1777888881.9213324,-6.0,2.0,-81.0
1777888881.9313323,-1.0,2.0,-80.0
1777888881.9413323,0.0,3.0,-77.0
1777888881.9513323,-3.0,1.0,-83.0
1777888881.9613323,-4.0,0.0,-92.0
1777888881.9713323,-2.0,2.0,-93.0
1777888881.9813323,0.0,0.0,-84.0
1777888881.9913323,0.0,-3.0,-81.0
1777888882.0023324,-1.0,-1.0,-80.0
1777888882.0113325,-1.0,-5.0,-85.0
1777888882.0213325,0.0,0.0,-88.0
1777888882.0313325,2.0,1.0,-90.0
1777888882.0423324,-3.0,5.0,-88.0
1777888882.0523324,-1.0,3.0,-84.0
1777888882.0623324,-3.0,2.0,-80.0
1777888882.0723324,-1.0,0.0,-81.0
1777888882.0813324,-2.0,0.0,-77.0
1777888882.0923324,-4.0,5.0,-72.0
1777888882.1023324,-4.0,5.0,-68.0
1777888882.1123323,-3.0,4.0,-66.0
1777888882.1223323,-1.0,2.0,-75.0
1777888882.1323323,2.0,2.0,-77.0
1777888882.1423323,6.0,2.0,-76.0
1777888882.1523323,4.0,6.0,-76.0
1777888882.1623323,1.0,6.0,-75.0
1777888882.1723323,5.0,9.0,-76.0
1777888882.1823325,1.0,12.0,-77.0
1777888882.1923325,-1.0,9.0,-77.0
1777888882.2023325,-1.0,7.0,-73.0
1777888882.2123325,1.0,9.0,-71.0
1777888882.2223325,0.0,4.0,-68.0
1777888882.2323325,4.0,3.0,-67.0
1777888882.2423325,1.0,0.0,-69.0
1777888882.2523324,-1.0,3.0,-72.0
1777888882.2623324,2.0,-2.0,-73.0
1777888882.2723324,0.0,-3.0,-75.0
1777888882.2823324,-1.0,-6.0,-71.0
1777888882.2923324,1.0,0.0,-77.0
1777888882.3023324,1.0,0.0,-75.0
1777888882.3123324,4.0,-1.0,-76.0
1777888882.3223324,4.0,0.0,-73.0
1777888882.3323324,6.0,0.0,-70.0
1777888882.3423324,4.0,1.0,-74.0
1777888882.3523324,5.0,-5.0,-83.0
1777888882.3623323,3.0,-6.0,-84.0
1777888882.3723323,5.0,-6.0,-77.0
1777888882.3823323,7.0,-4.0,-81.0
1777888882.3923323,1.0,-7.0,-84.0
1777888882.4023323,2.0,-9.0,-85.0
1777888882.4123323,-3.0,-5.0,-83.0
1777888882.4223323,-5.0,-4.0,-81.0
1777888882.4323325,-3.0,-6.0,-80.0
1777888882.4423325,-7.0,-6.0,-75.0
1777888882.4523325,0.0,-3.0,-77.0
1777888882.4623325,0.0,-4.0,-82.0
1777888882.4723325,0.0,-2.0,-83.0
1777888882.4823325,0.0,-3.0,-85.0
1777888882.4923325,2.0,-4.0,-76.0
1777888882.5023324,0.0,0.0,-75.0
1777888882.5123324,-2.0,-3.0,-72.0
1777888882.5223324,-6.0,0.0,-77.0
1777888882.5323324,-7.0,1.0,-82.0
1777888882.5423324,-4.0,1.0,-80.0
1777888882.5523324,0.0,4.0,-79.0
1777888882.5623324,3.0,3.0,-74.0
1777888882.5723324,1.0,1.0,-74.0
1777888882.5823324,-1.0,-2.0,-78.0
1777888882.5923324,-1.0,0.0,-76.0
1777888882.6023324,0.0,0.0,-76.0
1777888882.6123323,4.0,5.0,-72.0
1777888882.6223323,-1.0,3.0,-75.0
1777888882.6323323,-1.0,1.0,-73.0
1777888882.6423323,-5.0,2.0,-74.0
1777888882.6523323,-6.0,3.0,-79.0
1777888882.6623323,-5.0,0.0,-81.0
1777888882.6723323,-3.0,-2.0,-80.0
1777888882.6823325,-2.0,-2.0,-87.0
1777888882.6923325,0.0,-5.0,-88.0
1777888882.7023325,0.0,-2.0,-84.0
1777888882.7123325,0.0,-4.0,-80.0
1777888882.7223325,-4.0,-4.0,-85.0
1777888882.7323325,-6.0,-6.0,-88.0
1777888882.7423325,-6.0,-5.0,-82.0
1777888882.7523324,-7.0,-1.0,-78.0
1777888882.7623324,-8.0,-3.0,-83.0
1777888882.7723324,-1.0,-3.0,-83.0
1777888882.7823324,-3.0,-3.0,-78.0
1777888882.7923324,-8.0,-5.0,-81.0
1777888882.8023324,-9.0,-6.0,-73.0
1777888882.8123324,-6.0,-3.0,-75.0
1777888882.8223324,-3.0,-1.0,-78.0
1777888882.8323324,-6.0,-2.0,-77.0
1777888882.8423324,-7.0,-3.0,-84.0
1777888882.8523324,-5.0,-5.0,-88.0
1777888882.8623323,-3.0,-7.0,-84.0
1777888882.8723323,-2.0,-6.0,-79.0
1777888882.8823323,-5.0,-2.0,-81.0
1777888882.8923323,-1.0,-1.0,-83.0
1777888882.9023323,-2.0,-1.0,-77.0
1777888882.9123323,-5.0,3.0,-73.0
1777888882.9223323,-3.0,0.0,-75.0
1777888882.9323325,-1.0,-5.0,-75.0
1777888882.9423325,1.0,-5.0,-69.0
1777888882.9523325,-4.0,-8.0,-76.0
1777888882.9623325,-7.0,-8.0,-77.0
1777888882.9723325,-5.0,-5.0,-74.0
1777888882.9823325,-5.0,-2.0,-72.0
1777888882.9923325,-3.0,-3.0,-71.0
1777888883.0023324,-4.0,-3.0,-71.0
1777888883.0123324,-5.0,-4.0,-76.0
1777888883.0223324,-6.0,-4.0,-77.0
1777888883.0323324,-1.0,-4.0,-74.0
1777888883.0423324,-1.0,-7.0,-77.0
1777888883.0523324,-3.0,-10.0,-77.0
1777888883.0623324,-6.0,-10.0,-79.0
1777888883.0723324,-5.0,-10.0,-86.0
1777888883.0823324,-5.0,-10.0,-86.0
1777888883.0923324,-3.0,-6.0,-80.0
1777888883.1023324,-2.0,-2.0,-78.0
1777888883.1123323,-4.0,0.0,-79.0
1777888883.1223323,-2.0,-2.0,-78.0
1777888883.1323323,0.0,-1.0,-81.0
1777888883.1423323,0.0,-1.0,-83.0
1777888883.1523323,-1.0,0.0,-86.0
1777888883.1623323,-1.0,-2.0,-76.0
1777888883.1723323,1.0,-2.0,-74.0
1777888883.1823325,3.0,0.0,-67.0
1777888883.1923325,1.0,0.0,-68.0
1777888883.2023325,-1.0,0.0,-68.0
1777888883.2123325,-4.0,-3.0,-67.0
1777888883.2223325,-4.0,-7.0,-70.0
1777888883.2323325,-3.0,-5.0,-68.0
1777888883.2423325,-6.0,0.0,-77.0
1777888883.2523324,-5.0,0.0,-82.0
1777888883.2623324,1.0,1.0,-86.0
1777888883.2723324,0.0,0.0,-79.0
1777888883.2823324,4.0,1.0,-74.0
1777888883.2923324,1.0,1.0,-63.0
1777888883.3023324,0.0,-1.0,-71.0
1777888883.3123324,0.0,-6.0,-78.0
1777888883.3223324,-5.0,-6.0,-78.0
1777888883.3323324,-3.0,-3.0,-76.0
1777888883.3423324,-3.0,-3.0,-74.0
1777888883.3523324,0.0,0.0,-71.0
1777888883.3623323,0.0,-3.0,-74.0
1777888883.3723323,-1.0,-3.0,-72.0
1777888883.3823323,-2.0,-3.0,-74.0
1777888883.3923323,0.0,-2.0,-73.0
1777888883.4023323,0.0,-1.0,-70.0
1777888883.4123323,-5.0,-3.0,-67.0
1777888883.4223323,-5.0,-2.0,-69.0
1777888883.4323325,-5.0,0.0,-70.0
1777888883.4423325,-1.0,1.0,-70.0
1777888883.4523325,0.0,4.0,-71.0
1777888883.4623325,1.0,5.0,-70.0
1777888883.4723325,3.0,-2.0,-65.0
1777888883.4823325,4.0,2.0,-59.0
1777888883.4923325,6.0,4.0,-66.0
1777888883.5023324,5.0,2.0,-68.0
1777888883.5123324,0.0,1.0,-70.0
1777888883.5223324,3.0,0.0,-71.0
1777888883.5323324,6.0,-4.0,-75.0
1777888883.5423324,5.0,-1.0,-73.0
1777888883.5523324,1.0,-2.0,-75.0
1777888883.5623324,0.0,-4.0,-72.0
1777888883.5723324,-1.0,-5.0,-69.0
1777888883.5823324,0.0,-6.0,-69.0
1777888883.5923324,0.0,-7.0,-75.0
1777888883.6023324,0.0,-5.0,-76.0
1777888883.6123323,3.0,-1.0,-80.0
1777888883.6223323,0.0,0.0,-76.0
1777888883.6323323,-4.0,-1.0,-78.0
1777888883.6423323,-4.0,-3.0,-74.0
1777888883.6523323,-3.0,0.0,-80.0
1777888883.6623323,4.0,-1.0,-78.0
1777888883.6723323,7.0,0.0,-84.0
1777888883.6823325,4.0,-4.0,-77.0
1777888883.6923325,3.0,-5.0,-79.0
1777888883.7023325,1.0,-3.0,-79.0
1777888883.7123325,1.0,-4.0,-72.0
1777888883.7223325,0.0,-5.0,-73.0
1777888883.7323325,2.0,-5.0,-71.0
1777888883.7423325,2.0,-4.0,-75.0
1777888883.7523324,4.0,-4.0,-72.0
1777888883.7623324,7.0,-4.0,-64.0
1777888883.7723324,3.0,-6.0,-68.0
1777888883.7823324,2.0,-5.0,-71.0
1777888883.7923324,3.0,-2.0,-73.0
1777888883.8023324,3.0,-4.0,-73.0
1777888883.8123324,4.0,-5.0,-75.0
1777888883.8223324,1.0,-1.0,-74.0
1777888883.8323324,-1.0,2.0,-68.0
1777888883.8423324,-3.0,0.0,-71.0
1777888883.8523324,0.0,-1.0,-73.0
1777888883.8623323,0.0,-6.0,-76.0
1777888883.8723323,-7.0,-7.0,-76.0
1777888883.8823323,-7.0,0.0,-75.0
1777888883.8923323,-8.0,3.0,-83.0
1777888883.9023323,-1.0,1.0,-78.0
1777888883.9123323,1.0,-4.0,-77.0
1777888883.9223323,0.0,-4.0,-80.0
1777888883.9323325,3.0,1.0,-81.0
1777888883.9423325,-1.0,2.0,-83.0
1777888883.9523325,-1.0,-1.0,-83.0
1777888883.9623325,-3.0,-2.0,-75.0
1777888883.9723325,0.0,-2.0,-75.0
1777888883.9823325,0.0,-3.0,-73.0
1777888883.9923325,3.0,0.0,-73.0
1777888884.0023324,2.0,0.0,-70.0
1777888884.0133324,0.0,-2.0,-73.0
1777888884.0233324,0.0,0.0,-76.0
1777888884.0333323,4.0,-1.0,-78.0
1777888884.0433323,9.0,0.0,-76.0
1777888884.0533323,9.0,2.0,-74.0
1777888884.0633323,6.0,3.0,-73.0
1777888884.0733323,7.0,3.0,-77.0
1777888884.0833323,6.0,3.0,-78.0
1777888884.0933323,1.0,6.0,-83.0
1777888884.1033323,-1.0,5.0,-85.0
1777888884.1133325,2.0,5.0,-89.0
1777888884.1233325,3.0,4.0,-83.0
1777888884.1333325,0.0,4.0,-85.0
1777888884.1433325,0.0,4.0,-86.0
1777888884.1533325,1.0,2.0,-80.0
1777888884.1633325,-1.0,1.0,-80.0
1777888884.1733325,-4.0,0.0,-77.0
1777888884.1833324,-8.0,1.0,-78.0
1777888884.1933324,-3.0,4.0,-69.0
1777888884.2033324,-1.0,0.0,-76.0
1777888884.2133324,2.0,0.0,-77.0
1777888884.2233324,3.0,0.0,-67.0
1777888884.2333324,0.0,-2.0,-68.0
1777888884.2433324,4.0,-1.0,-73.0
1777888884.2533324,4.0,-2.0,-73.0
1777888884.2633324,2.0,-1.0,-81.0
1777888884.2733324,-1.0,1.0,-83.0
1777888884.2833323,0.0,1.0,-88.0
1777888884.2933323,0.0,0.0,-86.0
1777888884.3033323,-6.0,-4.0,-82.0
1777888884.3133323,-1.0,-3.0,-78.0
1777888884.3233323,0.0,-6.0,-81.0
1777888884.3333323,1.0,-7.0,-83.0
1777888884.3433323,0.0,-2.0,-81.0
1777888884.3533323,0.0,-4.0,-80.0
1777888884.3633325,0.0,-4.0,-78.0
1777888884.3733325,-1.0,-3.0,-82.0
1777888884.3833325,-5.0,0.0,-79.0
1777888884.3933325,-2.0,-1.0,-77.0
1777888884.4033325,0.0,-1.0,-75.0
1777888884.4133325,-3.0,0.0,-73.0
1777888884.4233325,-3.0,-5.0,-69.0
1777888884.4333324,-2.0,-5.0,-70.0
1777888884.4433324,-7.0,-3.0,-62.0
1777888884.4533324,-5.0,-1.0,-67.0
1777888884.4633324,-4.0,-1.0,-76.0
1777888884.4733324,-9.0,-1.0,-81.0
1777888884.4833324,-4.0,2.0,-78.0
1777888884.4933324,-3.0,1.0,-74.0
1777888884.5033324,0.0,0.0,-83.0
1777888884.5133324,0.0,-4.0,-81.0
1777888884.5233324,1.0,-3.0,-82.0
1777888884.5333323,-1.0,-1.0,-83.0
1777888884.5433323,0.0,-3.0,-81.0
1777888884.5533323,-2.0,-2.0,-82.0
1777888884.5633323,-4.0,1.0,-89.0
1777888884.5733323,-1.0,1.0,-86.0
1777888884.5833323,0.0,-1.0,-81.0
1777888884.5933323,1.0,-2.0,-79.0
1777888884.6033323,3.0,0.0,-75.0
1777888884.6133325,4.0,0.0,-75.0
1777888884.6233325,7.0,0.0,-74.0
1777888884.6333325,1.0,-1.0,-78.0
1777888884.6433325,1.0,2.0,-80.0
1777888884.6533325,0.0,-4.0,-78.0
1777888884.6633325,0.0,-3.0,-73.0
1777888884.6733325,0.0,-3.0,-80.0
1777888884.6833324,-5.0,-6.0,-80.0
1777888884.6933324,-2.0,-5.0,-75.0
1777888884.7033324,-9.0,-7.0,-73.0
1777888884.7133324,-6.0,-4.0,-71.0
1777888884.7233324,-1.0,-4.0,-66.0
1777888884.7333324,2.0,-8.0,-63.0
1777888884.7433324,3.0,-9.0,-65.0
1777888884.7533324,0.0,-7.0,-66.0
1777888884.7633324,0.0,0.0,-64.0
1777888884.7733324,0.0,-3.0,-70.0
1777888884.7833323,-2.0,-6.0,-66.0
1777888884.7933323,-6.0,-3.0,-71.0
1777888884.8033323,-8.0,-5.0,-80.0
1777888884.8133323,0.0,-4.0,-74.0
1777888884.8233323,0.0,0.0,-80.0
1777888884.8333323,2.0,-6.0,-80.0
1777888884.8433323,0.0,-4.0,-81.0
1777888884.8533323,3.0,-3.0,-80.0
1777888884.8633325,1.0,-5.0,-78.0
1777888884.8733325,1.0,-6.0,-80.0
1777888884.8833325,-1.0,-6.0,-82.0
1777888884.8933325,0.0,-5.0,-84.0
1777888884.9033325,0.0,-4.0,-85.0
1777888884.9133325,0.0,-2.0,-81.0
1777888884.9233325,-1.0,-1.0,-74.0
1777888884.9333324,-1.0,-1.0,-70.0
1777888884.9433324,-4.0,-3.0,-67.0
1777888884.9533324,1.0,0.0,-68.0
1777888884.9633324,1.0,0.0,-63.0
1777888884.9733324,3.0,2.0,-64.0
1777888884.9833324,3.0,2.0,-70.0
1777888884.9933324,0.0,2.0,-72.0
1777888885.0033324,1.0,0.0,-73.0
1777888885.0133324,-1.0,-4.0,-74.0
1777888885.0233324,0.0,-3.0,-78.0
1777888885.0333323,-3.0,-3.0,-80.0
1777888885.0433323,-5.0,-2.0,-79.0
1777888885.0533323,-6.0,0.0,-75.0
1777888885.0633323,-6.0,-2.0,-79.0
1777888885.0733323,-5.0,2.0,-75.0
1777888885.0833323,-4.0,3.0,-76.0
1777888885.0933323,-5.0,1.0,-74.0
1777888885.1033323,-5.0,-1.0,-78.0
1777888885.1133325,-3.0,-6.0,-81.0
1777888885.1233325,0.0,-3.0,-80.0
1777888885.1333325,3.0,0.0,-74.0
1777888885.1433325,3.0,5.0,-76.0
1777888885.1533325,6.0,5.0,-76.0
1777888885.1633325,1.0,5.0,-78.0
1777888885.1733325,1.0,6.0,-86.0
1777888885.1833324,2.0,2.0,-88.0
1777888885.1933324,3.0,6.0,-92.0
1777888885.2033324,1.0,7.0,-93.0
1777888885.2133324,0.0,6.0,-89.0
1777888885.2233324,1.0,3.0,-78.0
1777888885.2333324,-2.0,-2.0,-71.0
1777888885.2433324,-1.0,-1.0,-74.0
1777888885.2533324,0.0,-1.0,-71.0
1777888885.2633324,0.0,0.0,-70.0
1777888885.2733324,-1.0,3.0,-65.0
1777888885.2833323,0.0,1.0,-62.0
1777888885.2933323,0.0,4.0,-65.0
1777888885.3033323,0.0,4.0,-64.0
1777888885.3133323,-1.0,0.0,-67.0
1777888885.3233323,-2.0,0.0,-68.0
1777888885.3333323,-3.0,0.0,-79.0
1777888885.3433323,-7.0,0.0,-85.0
1777888885.3533323,-7.0,3.0,-83.0
1777888885.3633325,-5.0,4.0,-78.0
1777888885.3733325,-9.0,5.0,-73.0
1777888885.3833325,-9.0,1.0,-75.0
1777888885.3933325,-6.0,2.0,-79.0
1777888885.4033325,0.0,0.0,-79.0
1777888885.4133325,1.0,0.0,-78.0
1777888885.4233325,3.0,2.0,-81.0
1777888885.4333324,1.0,2.0,-74.0
1777888885.4433324,0.0,0.0,-82.0
1777888885.4533324,0.0,4.0,-88.0
1777888885.4633324,-2.0,6.0,-84.0
1777888885.4733324,-1.0,5.0,-84.0
1777888885.4833324,0.0,5.0,-84.0
1777888885.4933324,0.0,4.0,-75.0
1777888885.5033324,-1.0,8.0,-72.0
1777888885.5133324,0.0,6.0,-71.0
1777888885.5233324,0.0,0.0,-72.0
1777888885.5333323,0.0,0.0,-72.0
1777888885.5433323,-1.0,-2.0,-73.0
1777888885.5533323,0.0,-1.0,-73.0
1777888885.5633323,-2.0,0.0,-68.0
1777888885.5733323,-2.0,-4.0,-65.0
1777888885.5833323,2.0,-6.0,-61.0
1777888885.5933323,0.0,-10.0,-66.0
1777888885.6033323,3.0,-11.0,-70.0
1777888885.6133325,7.0,-12.0,-72.0
1777888885.6233325,5.0,-8.0,-79.0
1777888885.6333325,5.0,-5.0,-76.0
1777888885.6433325,8.0,-4.0,-70.0
1777888885.6533325,4.0,-3.0,-68.0
1777888885.6633325,6.0,0.0,-73.0
1777888885.6733325,6.0,0.0,-79.0
1777888885.6833324,6.0,-1.0,-79.0
1777888885.6933324,5.0,0.0,-79.0
1777888885.7033324,5.0,-1.0,-79.0
1777888885.7133324,2.0,-1.0,-82.0
1777888885.7233324,2.0,3.0,-87.0
1777888885.7333324,2.0,2.0,-78.0
1777888885.7443323,7.0,5.0,-78.0
1777888885.7533324,6.0,6.0,-78.0
1777888885.7633324,7.0,6.0,-75.0
1777888885.7733324,6.0,8.0,-74.0
1777888885.7833323,3.0,6.0,-73.0
1777888885.7933323,-3.0,1.0,-71.0
1777888885.8033323,-2.0,-2.0,-76.0
1777888885.8133323,0.0,-4.0,-72.0
1777888885.8233323,6.0,-3.0,-63.0
1777888885.8333323,7.0,0.0,-64.0
1777888885.8433323,6.0,1.0,-72.0
1777888885.8533323,6.0,-1.0,-72.0
1777888885.8633325,4.0,-3.0,-76.0
1777888885.8733325,0.0,-2.0,-82.0
1777888885.8833325,-2.0,-2.0,-84.0
1777888885.8933325,-1.0,-1.0,-85.0
1777888885.9033325,-1.0,0.0,-86.0
1777888885.9133325,1.0,-4.0,-79.0
1777888885.9233325,4.0,-4.0,-81.0
1777888885.9333324,5.0,-3.0,-80.0
1777888885.9433324,2.0,-6.0,-74.0
1777888885.9533324,-2.0,-6.0,-68.0
1777888885.9633324,1.0,-7.0,-72.0
1777888885.9733324,4.0,-10.0,-79.0
1777888885.9843323,3.0,-11.0,-80.0
1777888885.9943323,2.0,-7.0,-88.0
1777888886.0043323,1.0,-3.0,-84.0
1777888886.0143323,2.0,-2.0,-83.0
1777888886.0243323,1.0,0.0,-81.0
1777888886.0343325,-1.0,0.0,-81.0
1777888886.0443325,-1.0,1.0,-74.0
1777888886.0543325,-5.0,3.0,-77.0
1777888886.0643325,-5.0,1.0,-83.0
1777888886.0743325,0.0,4.0,-86.0
1777888886.0843325,0.0,0.0,-87.0
1777888886.0943325,-3.0,-2.0,-81.0
1777888886.1043324,-2.0,-2.0,-79.0
1777888886.1143324,-1.0,-4.0,-76.0
1777888886.1243324,0.0,-2.0,-71.0
1777888886.1343324,-2.0,-2.0,-72.0
1777888886.1443324,-1.0,-1.0,-69.0
1777888886.1543324,-2.0,0.0,-71.0
1777888886.1643324,0.0,0.0,-75.0
1777888886.1743324,2.0,0.0,-77.0
1777888886.1843324,2.0,-1.0,-70.0
1777888886.1943324,-1.0,-3.0,-66.0
1777888886.2043324,3.0,0.0,-68.0
1777888886.2143323,1.0,1.0,-71.0
1777888886.2243323,-2.0,0.0,-65.0
1777888886.2343323,-5.0,-1.0,-70.0
1777888886.2443323,-5.0,-4.0,-76.0
1777888886.2543323,-3.0,-5.0,-78.0
1777888886.2643323,-1.0,-8.0,-74.0
1777888886.2743323,5.0,-9.0,-73.0
1777888886.2843325,5.0,-9.0,-69.0
1777888886.2943325,7.0,-10.0,-68.0
1777888886.3043325,3.0,-9.0,-67.0
1777888886.3143325,8.0,-7.0,-68.0
1777888886.3243325,6.0,-4.0,-72.0
1777888886.3343325,4.0,-5.0,-74.0
1777888886.3443325,3.0,-4.0,-72.0
1777888886.3543324,6.0,-6.0,-73.0
1777888886.3643324,1.0,-2.0,-73.0
1777888886.3743324,2.0,0.0,-77.0
1777888886.3843324,5.0,-5.0,-79.0
1777888886.3943324,0.0,-4.0,-68.0
1777888886.4043324,-1.0,-5.0,-65.0
1777888886.4143324,-3.0,-6.0,-70.0
1777888886.4243324,-2.0,-5.0,-74.0
1777888886.4343324,3.0,-4.0,-73.0
1777888886.4443324,3.0,0.0,-73.0
1777888886.4543324,2.0,-4.0,-76.0
1777888886.4643323,4.0,-6.0,-74.0
1777888886.4743323,1.0,-7.0,-67.0
1777888886.4843323,1.0,-4.0,-61.0
1777888886.4943323,2.0,-4.0,-62.0
1777888886.5043323,3.0,0.0,-64.0
1777888886.5143323,1.0,6.0,-64.0
1777888886.5243323,1.0,4.0,-64.0
1777888886.5343325,2.0,-3.0,-67.0
1777888886.5443325,4.0,-2.0,-76.0
1777888886.5543325,3.0,0.0,-78.0
1777888886.5643325,0.0,2.0,-77.0
1777888886.5743325,-1.0,3.0,-82.0
1777888886.5843325,1.0,3.0,-79.0
1777888886.5943325,0.0,7.0,-83.0
1777888886.6043324,0.0,7.0,-87.0
1777888886.6143324,0.0,5.0,-82.0
1777888886.6243324,-2.0,2.0,-80.0
1777888886.6343324,-5.0,0.0,-82.0
1777888886.6443324,-3.0,0.0,-90.0
1777888886.6543324,-2.0,0.0,-96.0
1777888886.6643324,-1.0,1.0,-91.0
1777888886.6743324,-3.0,2.0,-88.0
1777888886.6843324,-2.0,0.0,-85.0
1777888886.6943324,0.0,0.0,-84.0
1777888886.7043324,0.0,0.0,-83.0
1777888886.7143323,0.0,-1.0,-76.0
1777888886.7243323,4.0,0.0,-77.0
1777888886.7343323,0.0,-3.0,-81.0
1777888886.7443323,-3.0,-2.0,-85.0
1777888886.7543323,-3.0,-2.0,-83.0
1777888886.7643323,-5.0,-2.0,-83.0
1777888886.7743323,-5.0,-1.0,-84.0
1777888886.7843325,-4.0,-6.0,-83.0
1777888886.7943325,-3.0,0.0,-79.0
1777888886.8043325,-4.0,0.0,-78.0
1777888886.8143325,-4.0,0.0,-77.0
1777888886.8243325,-3.0,-2.0,-79.0
1777888886.8343325,-2.0,-5.0,-80.0
1777888886.8443325,-3.0,-5.0,-78.0
1777888886.8543324,0.0,-5.0,-72.0
1777888886.8643324,0.0,-5.0,-75.0
1777888886.8743324,2.0,-5.0,-80.0
1777888886.8843324,5.0,0.0,-81.0
1777888886.8943324,5.0,3.0,-78.0
1777888886.9043324,0.0,6.0,-70.0
1777888886.9143324,2.0,5.0,-65.0
1777888886.9243324,5.0,7.0,-64.0
1777888886.9343324,5.0,6.0,-67.0
1777888886.9443324,7.0,6.0,-70.0
1777888886.9543324,11.0,1.0,-65.0
1777888886.9643323,6.0,1.0,-69.0
1777888886.9743323,3.0,0.0,-76.0
1777888886.9843323,3.0,-2.0,-75.0
1777888886.9943323,1.0,0.0,-73.0
1777888887.0043323,8.0,0.0,-69.0
1777888887.0143323,10.0,-3.0,-69.0
1777888887.0243323,12.0,-8.0,-68.0
1777888887.0343325,12.0,-6.0,-74.0
1777888887.0443325,11.0,-7.0,-77.0
1777888887.0543325,10.0,-5.0,-80.0
1777888887.0643325,7.0,-3.0,-79.0
1777888887.0743325,5.0,-6.0,-73.0
1777888887.0843325,1.0,-7.0,-70.0
1777888887.0943325,2.0,-7.0,-70.0
1777888887.1043324,5.0,0.0,-71.0
1777888887.1143324,0.0,3.0,-73.0
1777888887.1243324,0.0,5.0,-73.0
1777888887.1343324,-1.0,5.0,-71.0
1777888887.1443324,3.0,3.0,-72.0
1777888887.1543324,0.0,0.0,-84.0
1777888887.1643324,-5.0,-3.0,-85.0
1777888887.1743324,-8.0,-2.0,-74.0
1777888887.1843324,-5.0,-4.0,-80.0
1777888887.1943324,0.0,-4.0,-80.0
1777888887.2043324,1.0,-2.0,-76.0
1777888887.2143323,1.0,0.0,-73.0
1777888887.2243323,2.0,-2.0,-71.0
1777888887.2343323,0.0,-3.0,-71.0
1777888887.2443323,2.0,-2.0,-73.0
1777888887.2543323,3.0,-2.0,-71.0
1777888887.2643323,1.0,-1.0,-73.0
1777888887.2743323,0.0,-2.0,-72.0
1777888887.2843325,5.0,0.0,-73.0
1777888887.2943325,3.0,5.0,-79.0
1777888887.3043325,4.0,3.0,-77.0
1777888887.3143325,5.0,1.0,-86.0
1777888887.3243325,6.0,1.0,-83.0
1777888887.3343325,6.0,-1.0,-81.0
1777888887.3443325,8.0,-2.0,-73.0
1777888887.3543324,7.0,-6.0,-69.0
1777888887.3643324,3.0,-2.0,-74.0
1777888887.3743324,5.0,-4.0,-66.0
1777888887.3843324,4.0,-2.0,-63.0
1777888887.3943324,5.0,1.0,-69.0
1777888887.4043324,3.0,0.0,-75.0
1777888887.4143324,6.0,-1.0,-73.0
1777888887.4243324,0.0,-3.0,-71.0
1777888887.4343324,-4.0,-1.0,-73.0
1777888887.4443324,-3.0,0.0,-76.0
1777888887.4543324,-3.0,-2.0,-76.0
1777888887.4643323,-4.0,0.0,-76.0
1777888887.4743323,-1.0,-1.0,-76.0
1777888887.4843323,-1.0,-1.0,-79.0
1777888887.4943323,0.0,-1.0,-77.0
1777888887.5043323,0.0,-1.0,-74.0
1777888887.5143323,2.0,0.0,-75.0
1777888887.5243323,-2.0,-3.0,-81.0
1777888887.5343325,-2.0,-2.0,-79.0
1777888887.5443325,-5.0,1.0,-74.0
1777888887.5543325,0.0,-5.0,-71.0
1777888887.5643325,1.0,-5.0,-70.0
1777888887.5743325,0.0,-6.0,-72.0
1777888887.5843325,-2.0,-5.0,-75.0
1777888887.5943325,-4.0,-12.0,-78.0
1777888887.6043324,2.0,-10.0,-83.0
1777888887.6143324,7.0,-7.0,-83.0
1777888887.6243324,10.0,-5.0,-77.0
1777888887.6343324,10.0,-2.0,-71.0
1777888887.6443324,7.0,-2.0,-67.0
1777888887.6543324,5.0,-3.0,-66.0
1777888887.6643324,0.0,-6.0,-67.0
1777888887.6743324,4.0,-5.0,-70.0
1777888887.6843324,3.0,0.0,-70.0
1777888887.6943324,-1.0,-1.0,-71.0
1777888887.7043324,-5.0,-3.0,-76.0
1777888887.7143323,-3.0,-3.0,-76.0
1777888887.7243323,-1.0,-4.0,-69.0
1777888887.7343323,0.0,-8.0,-67.0
1777888887.7443323,-4.0,-2.0,-65.0
1777888887.7543323,-1.0,2.0,-68.0
1777888887.7643323,2.0,1.0,-73.0
1777888887.7743323,5.0,-4.0,-68.0
1777888887.7843325,9.0,-3.0,-64.0
1777888887.7943325,12.0,-5.0,-59.0
1777888887.8043325,9.0,-3.0,-64.0
1777888887.8143325,11.0,-3.0,-72.0
1777888887.8243325,9.0,-6.0,-75.0
1777888887.8343325,6.0,-7.0,-79.0
1777888887.8443325,3.0,-3.0,-82.0
1777888887.8543324,-1.0,-4.0,-79.0
1777888887.8643324,-1.0,-4.0,-88.0
1777888887.8743324,-1.0,1.0,-87.0
1777888887.8843324,-2.0,0.0,-77.0
1777888887.8943324,-4.0,-2.0,-78.0
1777888887.9043324,0.0,-2.0,-77.0
1777888887.9143324,-1.0,-4.0,-71.0
1777888887.9243324,-1.0,-2.0,-76.0
1777888887.9343324,-4.0,0.0,-76.0
1777888887.9443324,-6.0,-2.0,-70.0
1777888887.9553325,-6.0,-1.0,-71.0
1777888887.9653325,-5.0,0.0,-66.0
1777888887.9753325,-5.0,-2.0,-65.0
1777888887.9853325,-1.0,-2.0,-69.0
1777888887.9953325,0.0,-2.0,-74.0
1777888888.0053325,1.0,0.0,-77.0
1777888888.0153325,5.0,0.0,-76.0
1777888888.0253325,2.0,0.0,-75.0
1777888888.0353324,2.0,-1.0,-77.0
1777888888.0453324,4.0,-1.0,-66.0
1777888888.0553324,5.0,-1.0,-69.0
1777888888.0653324,0.0,-5.0,-74.0
1777888888.0753324,5.0,-8.0,-71.0
1777888888.0853324,8.0,-8.0,-71.0
1777888888.0953324,9.0,-8.0,-76.0
1777888888.1053324,6.0,-7.0,-78.0
1777888888.1153324,2.0,-9.0,-73.0
1777888888.1253324,1.0,-8.0,-74.0
1777888888.1353323,1.0,-8.0,-74.0
1777888888.1453323,0.0,-7.0,-83.0
1777888888.1553323,-2.0,-5.0,-82.0
1777888888.1653323,-4.0,-3.0,-82.0
1777888888.1753323,-3.0,-2.0,-82.0
1777888888.1853323,-5.0,0.0,-79.0
1777888888.1953323,-11.0,4.0,-78.0
1777888888.2053325,-10.0,0.0,-81.0
1777888888.2153325,1.0,0.0,-85.0
1777888888.2253325,3.0,-1.0,-89.0
1777888888.2353325,4.0,-2.0,-92.0
1777888888.2453325,1.0,2.0,-84.0
1777888888.2553325,0.0,2.0,-87.0
1777888888.2653325,4.0,2.0,-89.0
1777888888.2753325,4.0,0.0,-84.0
1777888888.2853324,1.0,-1.0,-75.0
1777888888.2953324,-3.0,-3.0,-76.0
1777888888.3053324,-1.0,1.0,-73.0
1777888888.3153324,0.0,1.0,-75.0
1777888888.3253324,-5.0,0.0,-81.0
1777888888.3353324,-3.0,-2.0,-79.0
1777888888.3453324,-3.0,0.0,-76.0
1777888888.3553324,-3.0,0.0,-69.0
1777888888.3653324,1.0,-1.0,-66.0
1777888888.3753324,2.0,-2.0,-65.0
1777888888.3853323,4.0,0.0,-65.0
1777888888.3953323,3.0,-3.0,-68.0
1777888888.4053323,4.0,-5.0,-75.0
1777888888.4153323,4.0,-3.0,-83.0
1777888888.4253323,0.0,-2.0,-83.0
1777888888.4353323,-5.0,-3.0,-80.0
1777888888.4453323,-1.0,0.0,-78.0
1777888888.4553325,-2.0,-1.0,-79.0
1777888888.4653325,2.0,0.0,-80.0
1777888888.4753325,1.0,-1.0,-84.0
1777888888.4853325,5.0,-7.0,-83.0
1777888888.4953325,6.0,-5.0,-84.0
1777888888.5053325,2.0,-1.0,-83.0
1777888888.5153325,1.0,0.0,-83.0
1777888888.5253325,0.0,-1.0,-82.0
1777888888.5353324,-1.0,-4.0,-83.0
1777888888.5453324,-1.0,-2.0,-78.0
1777888888.5553324,-1.0,-4.0,-77.0
1777888888.5653324,-6.0,-4.0,-77.0
1777888888.5753324,-5.0,-3.0,-81.0
1777888888.5853324,-1.0,-3.0,-78.0
1777888888.5953324,-3.0,-2.0,-75.0
1777888888.6053324,-2.0,-4.0,-84.0
1777888888.6153324,2.0,0.0,-77.0
1777888888.6253324,-4.0,1.0,-69.0
1777888888.6353323,-9.0,0.0,-63.0
1777888888.6453323,-9.0,0.0,-63.0
1777888888.6553323,-5.0,2.0,-68.0
1777888888.6653323,-4.0,1.0,-75.0
1777888888.6753323,-1.0,0.0,-74.0
1777888888.6853323,0.0,0.0,-64.0
1777888888.6953323,3.0,0.0,-68.0
1777888888.7053325,2.0,0.0,-74.0
1777888888.7153325,7.0,-2.0,-73.0
1777888888.7253325,2.0,0.0,-74.0
1777888888.7353325,3.0,0.0,-78.0
1777888888.7453325,2.0,-1.0,-79.0
1777888888.7553325,0.0,-2.0,-82.0
1777888888.7653325,4.0,-2.0,-78.0
1777888888.7753325,5.0,-2.0,-78.0
1777888888.7853324,4.0,2.0,-86.0
1777888888.7953324,5.0,-1.0,-93.0
1777888888.8053324,3.0,0.0,-91.0
1777888888.8153324,0.0,-5.0,-87.0
1777888888.8253324,0.0,-2.0,-76.0
1777888888.8353324,0.0,-2.0,-73.0
1777888888.8453324,0.0,-1.0,-71.0
1777888888.8553324,0.0,0.0,-72.0
1777888888.8653324,1.0,0.0,-66.0
1777888888.8753324,1.0,0.0,-66.0
1777888888.8853323,1.0,-4.0,-68.0
1777888888.8953323,-1.0,-2.0,-69.0
1777888888.9053323,0.0,-6.0,-78.0
1777888888.9153323,0.0,-6.0,-78.0
1777888888.9253323,0.0,-5.0,-81.0
1777888888.9353323,0.0,0.0,-79.0
1777888888.9453323,2.0,2.0,-75.0
1777888888.9553325,4.0,1.0,-76.0
1777888888.9653325,-1.0,2.0,-76.0
1777888888.9753325,-3.0,3.0,-77.0
1777888888.9853325,4.0,3.0,-73.0
1777888888.9953325,6.0,6.0,-71.0
1777888889.0053325,4.0,5.0,-69.0
1777888889.0153325,0.0,0.0,-70.0
1777888889.0253325,-1.0,-1.0,-73.0
1777888889.0353324,2.0,0.0,-78.0
1777888889.0453324,0.0,0.0,-80.0
1777888889.0553324,1.0,0.0,-79.0
1777888889.0653324,0.0,-3.0,-80.0
1777888889.0753324,-4.0,-3.0,-74.0
1777888889.0853324,-6.0,-3.0,-73.0
1777888889.0953324,-9.0,0.0,-69.0
1777888889.1053324,-3.0,4.0,-71.0
1777888889.1153324,-2.0,2.0,-67.0
1777888889.1253324,0.0,1.0,-61.0
1777888889.1353323,-1.0,0.0,-65.0
1777888889.1453323,-1.0,0.0,-68.0
1777888889.1553323,-3.0,0.0,-75.0
1777888889.1653323,-5.0,-2.0,-77.0
1777888889.1753323,-1.0,-3.0,-77.0
1777888889.1853323,-2.0,-2.0,-75.0
1777888889.1953323,0.0,-4.0,-72.0
1777888889.2053325,2.0,-1.0,-67.0
1777888889.2153325,-3.0,-2.0,-73.0
1777888889.2253325,-3.0,3.0,-73.0
1777888889.2353325,0.0,2.0,-74.0
1777888889.2453325,0.0,0.0,-69.0
1777888889.2553325,-1.0,0.0,-70.0
1777888889.2653325,-2.0,2.0,-71.0
1777888889.2753325,-1.0,1.0,-68.0
1777888889.2853324,-2.0,-1.0,-65.0
1777888889.2953324,-2.0,-1.0,-67.0
1777888889.3053324,0.0,-1.0,-70.0
1777888889.3153324,0.0,0.0,-68.0
1777888889.3253324,-5.0,1.0,-69.0
1777888889.3353324,-3.0,0.0,-75.0
1777888889.3453324,-7.0,0.0,-79.0
1777888889.3553324,-5.0,-1.0,-85.0
1777888889.3653324,-4.0,-2.0,-90.0
1777888889.3753324,-11.0,-3.0,-90.0
1777888889.3853323,-13.0,-7.0,-86.0
1777888889.3953323,-12.0,-8.0,-90.0
1777888889.4053323,-5.0,-8.0,-89.0
1777888889.4153323,-1.0,-6.0,-89.0
1777888889.4253323,2.0,-5.0,-82.0
1777888889.4353323,1.0,-2.0,-79.0
1777888889.4453323,3.0,1.0,-79.0
1777888889.4553325,0.0,0.0,-77.0
1777888889.4653325,1.0,-1.0,-76.0
1777888889.4753325,1.0,-2.0,-80.0
1777888889.4853325,1.0,0.0,-80.0
1777888889.4953325,-1.0,0.0,-82.0
1777888889.5053325,0.0,-3.0,-80.0
1777888889.5153325,-1.0,-5.0,-78.0
1777888889.5253325,1.0,-2.0,-73.0
1777888889.5353324,2.0,-2.0,-74.0
1777888889.5453324,-1.0,0.0,-74.0
1777888889.5553324,-3.0,3.0,-68.0
1777888889.5653324,0.0,3.0,-75.0
1777888889.5753324,1.0,2.0,-82.0
1777888889.5853324,6.0,2.0,-80.0
1777888889.5953324,7.0,3.0,-79.0
1777888889.6053324,0.0,0.0,-68.0
1777888889.6153324,0.0,0.0,-61.0
1777888889.6253324,1.0,2.0,-59.0
1777888889.6353323,3.0,1.0,-61.0
1777888889.6453323,1.0,-3.0,-69.0
1777888889.6553323,3.0,-1.0,-75.0
1777888889.6653323,10.0,-1.0,-78.0
1777888889.6753323,9.0,-1.0,-78.0
1777888889.6853323,9.0,-7.0,-75.0
1777888889.6953323,3.0,-4.0,-74.0
1777888889.7053325,3.0,-3.0,-73.0
1777888889.7153325,0.0,-5.0,-76.0
1777888889.7253325,-1.0,-7.0,-79.0
1777888889.7353325,0.0,-3.0,-76.0
1777888889.7453325,2.0,-2.0,-75.0
1777888889.7553325,4.0,-2.0,-75.0
1777888889.7653325,0.0,-1.0,-76.0
1777888889.7753325,-1.0,-3.0,-75.0
1777888889.7853324,-2.0,-3.0,-76.0
1777888889.7953324,0.0,-3.0,-72.0
1777888889.8053324,3.0,0.0,-73.0
1777888889.8153324,2.0,0.0,-68.0
1777888889.8253324,5.0,-1.0,-66.0
1777888889.8353324,1.0,-3.0,-73.0
1777888889.8453324,0.0,2.0,-70.0
1777888889.8553324,0.0,0.0,-72.0
1777888889.8653324,0.0,2.0,-78.0
1777888889.8753324,3.0,0.0,-74.0
1777888889.8853323,2.0,-1.0,-80.0
1777888889.8953323,2.0,-2.0,-83.0
1777888889.9053323,3.0,0.0,-84.0
1777888889.9153323,3.0,0.0,-82.0
1777888889.9253323,6.0,-6.0,-84.0
1777888889.9353323,1.0,-6.0,-85.0
1777888889.9453323,-4.0,-2.0,-82.0
1777888889.9563324,-6.0,0.0,-76.0
1777888889.9663324,-4.0,0.0,-76.0
1777888889.9763324,-1.0,2.0,-71.0
1777888889.9863324,0.0,0.0,-71.0
1777888889.9963324,0.0,0.0,-69.0
1777888890.0063324,-6.0,0.0,-73.0
1777888890.0163324,-6.0,1.0,-71.0
1777888890.0263324,-4.0,1.0,-77.0
1777888890.0363324,-1.0,-3.0,-72.0
1777888890.0463324,-1.0,-4.0,-72.0
1777888890.0563323,-3.0,-2.0,-76.0
1777888890.0663323,-7.0,-1.0,-80.0
1777888890.0763323,-3.0,0.0,-84.0
1777888890.0863323,-2.0,1.0,-79.0
1777888890.0963323,0.0,0.0,-76.0
1777888890.1063323,2.0,-2.0,-77.0
1777888890.1163323,-1.0,1.0,-79.0
1777888890.1263323,2.0,3.0,-84.0
1777888890.1363325,5.0,0.0,-83.0
1777888890.1463325,3.0,-1.0,-82.0
1777888890.1563325,0.0,-2.0,-77.0
1777888890.1663325,-1.0,-1.0,-73.0
1777888890.1763325,-1.0,-1.0,-74.0
1777888890.1863325,-4.0,-3.0,-71.0
1777888890.1963325,-3.0,-5.0,-68.0
1777888890.2063324,-2.0,-3.0,-67.0
1777888890.2163324,-1.0,-3.0,-71.0
1777888890.2263324,-1.0,-3.0,-70.0
1777888890.2363324,0.0,-6.0,-79.0
1777888890.2463324,2.0,-4.0,-85.0
1777888890.2563324,5.0,-5.0,-78.0
1777888890.2663324,2.0,-8.0,-80.0
1777888890.2763324,2.0,-8.0,-78.0
1777888890.2863324,3.0,-7.0,-82.0
1777888890.2963324,6.0,-8.0,-81.0
1777888890.3063323,8.0,-7.0,-87.0
1777888890.3163323,6.0,-6.0,-91.0
1777888890.3263323,5.0,-5.0,-85.0
1777888890.3363323,7.0,-4.0,-84.0
1777888890.3463323,9.0,-1.0,-86.0
1777888890.3563323,7.0,-4.0,-89.0
1777888890.3663323,6.0,-3.0,-83.0
1777888890.3763323,6.0,-6.0,-81.0
1777888890.3863325,3.0,-7.0,-84.0
1777888890.3963325,-1.0,-7.0,-85.0
1777888890.4063325,-4.0,-4.0,-78.0
1777888890.4163325,-4.0,0.0,-72.0
1777888890.4263325,-5.0,3.0,-76.0
1777888890.4363325,-5.0,2.0,-76.0
1777888890.4463325,-2.0,6.0,-74.0
1777888890.4563324,0.0,3.0,-80.0
1777888890.4663324,0.0,0.0,-85.0
1777888890.4763324,4.0,-2.0,-80.0
1777888890.4863324,3.0,0.0,-80.0
1777888890.4963324,2.0,-4.0,-84.0
1777888890.5063324,2.0,-6.0,-90.0
1777888890.5163324,4.0,-9.0,-87.0
1777888890.5263324,8.0,-7.0,-83.0
1777888890.5363324,4.0,-5.0,-78.0
1777888890.5463324,4.0,-3.0,-75.0
1777888890.5573325,2.0,-1.0,-78.0
1777888890.5663323,4.0,0.0,-78.0
1777888890.5763323,5.0,0.0,-79.0
1777888890.5863323,3.0,-3.0,-74.0
1777888890.5963323,4.0,-2.0,-77.0
1777888890.6063323,0.0,0.0,-72.0
1777888890.6163323,4.0,0.0,-74.0
1777888890.6263323,1.0,3.0,-74.0
1777888890.6363325,2.0,7.0,-76.0
1777888890.6463325,1.0,4.0,-78.0
1777888890.6563325,2.0,4.0,-78.0
1777888890.6663325,0.0,7.0,-80.0
1777888890.6763325,0.0,4.0,-78.0
1777888890.6863325,0.0,0.0,-72.0
1777888890.6963325,0.0,0.0,-73.0
1777888890.7063324,-1.0,-2.0,-77.0
1777888890.7163324,0.0,-2.0,-79.0
1777888890.7263324,1.0,1.0,-81.0
1777888890.7363324,4.0,1.0,-82.0
1777888890.7463324,5.0,0.0,-83.0
1777888890.7563324,4.0,3.0,-80.0
1777888890.7663324,2.0,4.0,-80.0
1777888890.7763324,0.0,5.0,-80.0
1777888890.7863324,-2.0,2.0,-80.0
1777888890.7963324,-1.0,0.0,-88.0
1777888890.8063323,0.0,-3.0,-92.0
1777888890.8163323,-3.0,-4.0,-83.0
1777888890.8263323,-1.0,-3.0,-82.0
1777888890.8363323,0.0,0.0,-80.0
1777888890.8463323,5.0,5.0,-80.0
1777888890.8563323,4.0,3.0,-83.0
1777888890.8663323,3.0,2.0,-76.0
1777888890.8763323,2.0,0.0,-84.0
1777888890.8863325,0.0,-5.0,-75.0
1777888890.8963325,0.0,-3.0,-78.0
1777888890.9063325,-1.0,-2.0,-80.0
1777888890.9163325,-2.0,-1.0,-78.0
1777888890.9263325,-6.0,-2.0,-77.0
1777888890.9363325,-9.0,-5.0,-79.0
1777888890.9463325,-10.0,-1.0,-82.0
1777888890.9563324,-7.0,1.0,-77.0
1777888890.9663324,-7.0,1.0,-75.0
1777888890.9763324,-7.0,0.0,-74.0
1777888890.9863324,-2.0,2.0,-76.0
1777888890.9963324,-3.0,2.0,-73.0
1777888891.0063324,-2.0,7.0,-76.0
1777888891.0163324,0.0,3.0,-75.0
1777888891.0263324,0.0,1.0,-74.0
1777888891.0363324,0.0,0.0,-74.0
1777888891.0463324,-3.0,0.0,-69.0
1777888891.0563323,4.0,0.0,-74.0
1777888891.0663323,0.0,-3.0,-75.0
1777888891.0763323,2.0,1.0,-72.0
1777888891.0863323,-3.0,6.0,-72.0
1777888891.0963323,-6.0,6.0,-79.0
1777888891.1063323,-5.0,4.0,-79.0
1777888891.1163323,-5.0,1.0,-75.0
1777888891.1263323,-2.0,0.0,-80.0
1777888891.1363325,-2.0,-2.0,-77.0
1777888891.1463325,-4.0,-4.0,-76.0
1777888891.1563325,-2.0,-6.0,-70.0
1777888891.1663325,2.0,-5.0,-76.0
1777888891.1763325,1.0,-1.0,-81.0
1777888891.1863325,0.0,0.0,-82.0
1777888891.1963325,-1.0,0.0,-79.0
1777888891.2063324,-2.0,0.0,-77.0
1777888891.2163324,-3.0,-6.0,-84.0
1777888891.2263324,-3.0,-5.0,-83.0
1777888891.2363324,-5.0,-3.0,-86.0
1777888891.2463324,0.0,-3.0,-81.0
1777888891.2563324,0.0,-1.0,-80.0
1777888891.2663324,-2.0,0.0,-80.0
1777888891.2763324,-3.0,2.0,-80.0
1777888891.2863324,-5.0,4.0,-79.0
1777888891.2963324,-1.0,2.0,-73.0
1777888891.3063323,2.0,4.0,-68.0
1777888891.3163323,5.0,0.0,-70.0
1777888891.3263323,0.0,-4.0,-76.0
1777888891.3363323,3.0,-3.0,-80.0
1777888891.3463323,7.0,1.0,-83.0
1777888891.3563323,5.0,1.0,-87.0
1777888891.3663323,0.0,0.0,-74.0
1777888891.3763323,-3.0,-2.0,-69.0
1777888891.3863325,-4.0,-1.0,-63.0
1777888891.3963325,-1.0,0.0,-59.0
1777888891.4063325,1.0,-2.0,-60.0
1777888891.4163325,3.0,-2.0,-61.0
1777888891.4263325,-1.0,-2.0,-61.0
1777888891.4363325,3.0,0.0,-56.0
1777888891.4463325,4.0,0.0,-62.0
1777888891.4563324,7.0,2.0,-73.0
1777888891.4663324,3.0,2.0,-74.0
1777888891.4763324,5.0,1.0,-77.0
1777888891.4863324,7.0,2.0,-74.0
1777888891.4963324,5.0,0.0,-78.0
1777888891.5063324,2.0,3.0,-84.0
1777888891.5163324,3.0,3.0,-81.0
1777888891.5263324,1.0,4.0,-75.0
1777888891.5363324,1.0,5.0,-72.0
1777888891.5463324,3.0,2.0,-78.0
1777888891.5563323,1.0,5.0,-78.0
1777888891.5663323,2.0,5.0,-83.0
1777888891.5763323,1.0,6.0,-82.0
1777888891.5863323,0.0,5.0,-78.0
1777888891.5963323,-2.0,4.0,-76.0
1777888891.6063323,-2.0,2.0,-77.0
1777888891.6163323,-3.0,5.0,-80.0
1777888891.6263323,-2.0,3.0,-87.0
1777888891.6363325,-2.0,0.0,-83.0
1777888891.6463325,-2.0,-1.0,-83.0
1777888891.6563325,-4.0,1.0,-78.0
1777888891.6663325,-1.0,0.0,-78.0
1777888891.6763325,3.0,0.0,-83.0
1777888891.6863325,1.0,-2.0,-84.0
1777888891.6963325,2.0,-2.0,-78.0
1777888891.7063324,3.0,1.0,-75.0
1777888891.7163324,0.0,1.0,-80.0
1777888891.7263324,-5.0,-3.0,-80.0
1777888891.7363324,-5.0,-6.0,-77.0
1777888891.7463324,-4.0,-5.0,-72.0
1777888891.7563324,-3.0,-8.0,-76.0
1777888891.7663324,-1.0,-3.0,-77.0
1777888891.7763324,0.0,-6.0,-75.0
1777888891.7863324,0.0,0.0,-73.0
1777888891.7963324,0.0,-3.0,-76.0
1777888891.8063323,0.0,-1.0,-86.0
1777888891.8163323,0.0,3.0,-86.0
1777888891.8263323,0.0,3.0,-85.0
1777888891.8363323,-1.0,2.0,-83.0
1777888891.8463323,2.0,1.0,-83.0
1777888891.8563323,0.0,-1.0,-87.0
1777888891.8663323,1.0,-1.0,-92.0
1777888891.8763323,5.0,0.0,-87.0
1777888891.8863325,4.0,-5.0,-83.0
1777888891.8963325,1.0,-2.0,-82.0
1777888891.9063325,2.0,0.0,-76.0
1777888891.9163325,2.0,0.0,-80.0
1777888891.9273324,3.0,3.0,-81.0
1777888891.9373324,1.0,4.0,-73.0
1777888891.9463325,0.0,4.0,-73.0
1777888891.9573324,0.0,1.0,-68.0
1777888891.9673324,0.0,0.0,-65.0
1777888891.9773324,2.0,-1.0,-67.0
1777888891.9873323,0.0,-2.0,-71.0
1777888891.9973323,2.0,-4.0,-75.0
1777888892.0073323,0.0,-4.0,-74.0
1777888892.0173323,2.0,-5.0,-75.0
1777888892.0273323,3.0,-5.0,-69.0
1777888892.0373323,2.0,-4.0,-74.0
1777888892.0473323,3.0,0.0,-68.0
1777888892.0573325,4.0,-4.0,-65.0
1777888892.0673325,4.0,-2.0,-69.0
1777888892.0773325,0.0,-1.0,-70.0
1777888892.0873325,0.0,0.0,-71.0
1777888892.0973325,0.0,-2.0,-65.0
1777888892.1073325,0.0,0.0,-72.0
1777888892.1173325,0.0,3.0,-78.0
1777888892.1273324,1.0,2.0,-86.0
1777888892.1373324,9.0,0.0,-87.0
1777888892.1473324,8.0,-1.0,-80.0
1777888892.1573324,8.0,-3.0,-81.0
1777888892.1673324,4.0,-4.0,-73.0
1777888892.1773324,0.0,-5.0,-69.0
1777888892.1873324,-3.0,-4.0,-72.0
1777888892.1973324,0.0,-2.0,-69.0
1777888892.2073324,-1.0,-6.0,-76.0
1777888892.2173324,0.0,-5.0,-79.0
1777888892.2273324,-2.0,-6.0,-76.0
1777888892.2373323,1.0,-6.0,-73.0
1777888892.2473323,-1.0,-3.0,-70.0
1777888892.2573323,-3.0,-2.0,-70.0
1777888892.2673323,-4.0,-2.0,-69.0
1777888892.2773323,-1.0,-6.0,-67.0
1777888892.2873323,0.0,-4.0,-59.0
1777888892.2973323,5.0,-3.0,-61.0
1777888892.3073325,8.0,-6.0,-69.0
1777888892.3173325,7.0,-10.0,-68.0
1777888892.3273325,7.0,-8.0,-74.0
1777888892.3373325,7.0,-9.0,-75.0
1777888892.3473325,4.0,-6.0,-74.0
1777888892.3573325,3.0,-2.0,-73.0
1777888892.3673325,4.0,-1.0,-73.0
1777888892.3773324,0.0,4.0,-69.0
1777888892.3873324,2.0,1.0,-72.0
1777888892.3973324,1.0,0.0,-71.0
1777888892.4073324,0.0,0.0,-76.0
1777888892.4173324,0.0,6.0,-79.0
1777888892.4273324,-2.0,1.0,-76.0
1777888892.4373324,1.0,5.0,-80.0
1777888892.4473324,4.0,3.0,-77.0
1777888892.4573324,2.0,1.0,-78.0
1777888892.4673324,3.0,-2.0,-77.0
1777888892.4773324,3.0,0.0,-76.0
1777888892.4873323,4.0,1.0,-74.0
1777888892.4973323,5.0,3.0,-72.0
1777888892.5073323,5.0,2.0,-70.0
1777888892.5173323,4.0,0.0,-68.0
1777888892.5273323,2.0,0.0,-68.0
1777888892.5373323,-3.0,0.0,-63.0
1777888892.5473323,-2.0,0.0,-63.0
1777888892.5573325,-5.0,1.0,-64.0
1777888892.5673325,-4.0,0.0,-73.0
1777888892.5773325,-6.0,0.0,-80.0
1777888892.5873325,-11.0,0.0,-76.0
1777888892.5973325,-10.0,0.0,-69.0
1777888892.6073325,-7.0,0.0,-68.0
1777888892.6173325,0.0,-6.0,-71.0
1777888892.6273324,3.0,-9.0,-72.0
1777888892.6373324,0.0,-5.0,-70.0
1777888892.6473324,-1.0,-4.0,-73.0
1777888892.6573324,-1.0,-6.0,-72.0
1777888892.6673324,-2.0,-7.0,-76.0
1777888892.6773324,-1.0,-6.0,-82.0
1777888892.6873324,-2.0,-3.0,-81.0
1777888892.6973324,-2.0,0.0,-81.0
1777888892.7073324,1.0,-2.0,-76.0
1777888892.7173324,5.0,-3.0,-78.0
1777888892.7273324,3.0,-4.0,-76.0
1777888892.7373323,5.0,-2.0,-80.0
1777888892.7473323,7.0,-4.0,-78.0
1777888892.7573323,6.0,-5.0,-82.0
1777888892.7673323,5.0,-3.0,-78.0
1777888892.7773323,10.0,-1.0,-82.0
1777888892.7873323,9.0,0.0,-83.0
1777888892.7973323,7.0,-1.0,-79.0
1777888892.8073325,4.0,-8.0,-80.0
1777888892.8173325,5.0,-6.0,-74.0
1777888892.8273325,6.0,-1.0,-78.0
1777888892.8373325,1.0,-1.0,-81.0
1777888892.8473325,2.0,2.0,-75.0
1777888892.8573325,4.0,-1.0,-77.0
1777888892.8673325,4.0,-3.0,-79.0
1777888892.8773324,1.0,-3.0,-77.0
1777888892.8873324,2.0,0.0,-72.0
1777888892.8973324,-3.0,0.0,-71.0
1777888892.9073324,-2.0,-1.0,-74.0
1777888892.9173324,2.0,-6.0,-73.0
1777888892.9273324,0.0,-4.0,-73.0
1777888892.9373324,0.0,-3.0,-73.0
1777888892.9473324,-3.0,-2.0,-77.0
1777888892.9573324,-3.0,0.0,-85.0
1777888892.9673324,-3.0,1.0,-83.0
1777888892.9773324,0.0,1.0,-78.0
1777888892.9873323,-4.0,-4.0,-76.0
1777888892.9973323,-3.0,-3.0,-81.0
1777888893.0073323,-2.0,-1.0,-75.0
1777888893.0173323,-3.0,0.0,-76.0
1777888893.0273323,-7.0,4.0,-79.0
1777888893.0373323,-6.0,1.0,-76.0
1777888893.0473323,-2.0,1.0,-76.0
1777888893.0573325,-2.0,2.0,-86.0
1777888893.0673325,-3.0,2.0,-83.0
1777888893.0773325,0.0,-4.0,-83.0
1777888893.0873325,1.0,3.0,-82.0
1777888893.0973325,0.0,0.0,-84.0
1777888893.1073325,-1.0,-1.0,-81.0
1777888893.1173325,-4.0,0.0,-79.0
1777888893.1273324,-2.0,1.0,-82.0
1777888893.1373324,2.0,4.0,-88.0
1777888893.1473324,2.0,2.0,-85.0
1777888893.1573324,0.0,0.0,-81.0
1777888893.1673324,0.0,-1.0,-77.0
1777888893.1773324,-4.0,-2.0,-71.0
1777888893.1873324,-3.0,0.0,-69.0
1777888893.1973324,-3.0,1.0,-80.0
1777888893.2073324,-5.0,3.0,-79.0
1777888893.2173324,-3.0,0.0,-81.0
1777888893.2273324,2.0,-1.0,-81.0
1777888893.2373323,2.0,0.0,-82.0
1777888893.2473323,3.0,-2.0,-82.0
1777888893.2573323,6.0,-6.0,-84.0
1777888893.2673323,8.0,-2.0,-80.0
1777888893.2773323,4.0,2.0,-75.0
1777888893.2873323,3.0,-1.0,-67.0
1777888893.2973323,4.0,-2.0,-69.0
1777888893.3073325,2.0,-5.0,-73.0
1777888893.3173325,2.0,-3.0,-76.0
1777888893.3273325,1.0,-1.0,-81.0
1777888893.3373325,5.0,-2.0,-74.0
1777888893.3473325,2.0,0.0,-71.0
1777888893.3573325,1.0,-1.0,-71.0
1777888893.3673325,-4.0,0.0,-68.0
1777888893.3773324,-6.0,-3.0,-67.0
1777888893.3873324,-3.0,-2.0,-65.0
1777888893.3973324,0.0,-1.0,-68.0
1777888893.4073324,5.0,-1.0,-68.0
1777888893.4173324,2.0,-3.0,-67.0
1777888893.4273324,0.0,-4.0,-70.0
1777888893.4373324,1.0,-1.0,-67.0
1777888893.4473324,0.0,-3.0,-74.0
1777888893.4573324,0.0,-3.0,-69.0
1777888893.4673324,0.0,-5.0,-77.0
1777888893.4773324,-1.0,-4.0,-80.0
1777888893.4873323,-3.0,0.0,-87.0
1777888893.4973323,-1.0,-1.0,-84.0
1777888893.5073323,-2.0,0.0,-81.0
1777888893.5173323,-1.0,-3.0,-83.0
1777888893.5273323,1.0,0.0,-84.0
1777888893.5373323,2.0,-2.0,-83.0
1777888893.5473323,5.0,-2.0,-83.0
1777888893.5573325,0.0,-1.0,-82.0
1777888893.5673325,0.0,-6.0,-81.0
1777888893.5773325,0.0,-8.0,-74.0
1777888893.5873325,0.0,-6.0,-76.0
1777888893.5973325,1.0,-4.0,-72.0
1777888893.6073325,9.0,-6.0,-73.0
1777888893.6173325,6.0,-5.0,-80.0
1777888893.6273324,5.0,-4.0,-86.0
1777888893.6373324,6.0,-1.0,-81.0
1777888893.6473324,4.0,-4.0,-82.0
1777888893.6573324,2.0,-1.0,-76.0
1777888893.6673324,1.0,1.0,-77.0
1777888893.6773324,4.0,-1.0,-75.0
1777888893.6873324,1.0,-2.0,-74.0
1777888893.6973324,0.0,-1.0,-82.0
1777888893.7073324,1.0,-3.0,-90.0
1777888893.7173324,0.0,-1.0,-82.0
1777888893.7273324,-3.0,0.0,-78.0
1777888893.7373323,-3.0,3.0,-72.0
1777888893.7473323,0.0,3.0,-72.0
1777888893.7573323,-2.0,4.0,-78.0
1777888893.7673323,-5.0,4.0,-75.0
1777888893.7773323,-7.0,4.0,-77.0
1777888893.7873323,-4.0,3.0,-86.0
1777888893.7973323,0.0,-1.0,-78.0
1777888893.8073325,1.0,-2.0,-77.0
1777888893.8173325,4.0,0.0,-78.0
1777888893.8273325,4.0,2.0,-78.0
1777888893.8373325,2.0,1.0,-78.0
1777888893.8473325,4.0,0.0,-85.0
1777888893.8573325,3.0,0.0,-86.0
1777888893.8673325,7.0,0.0,-85.0
1777888893.8773324,6.0,0.0,-81.0
1777888893.8873324,7.0,0.0,-81.0
1777888893.8973324,6.0,3.0,-81.0
1777888893.9073324,5.0,1.0,-77.0
1777888893.9173324,8.0,1.0,-68.0
1777888893.9273324,5.0,2.0,-69.0
1777888893.9383323,4.0,0.0,-76.0
1777888893.9483323,0.0,0.0,-79.0
1777888893.9583323,-1.0,-2.0,-78.0
1777888893.9683323,0.0,-1.0,-76.0
1777888893.9783323,2.0,-5.0,-75.0
1777888893.9883325,0.0,-4.0,-68.0
1777888893.9983325,-1.0,-5.0,-71.0
1777888894.0083325,-1.0,0.0,-69.0
1777888894.0183325,1.0,-1.0,-75.0
1777888894.0283325,3.0,-5.0,-71.0
1777888894.0383325,2.0,-4.0,-78.0
1777888894.0483325,-1.0,-4.0,-72.0
1777888894.0583324,-2.0,-3.0,-69.0
1777888894.0683324,-6.0,0.0,-73.0
1777888894.0783324,-5.0,4.0,-72.0
1777888894.0883324,0.0,2.0,-74.0
1777888894.0983324,-2.0,0.0,-77.0
1777888894.1083324,0.0,1.0,-74.0
1777888894.1183324,-3.0,0.0,-79.0
1777888894.1283324,-1.0,2.0,-76.0
1777888894.1383324,2.0,1.0,-74.0
1777888894.1483324,1.0,0.0,-83.0
1777888894.1583323,-1.0,-3.0,-84.0
1777888894.1683323,-4.0,-2.0,-85.0
1777888894.1783323,-4.0,-2.0,-80.0
1777888894.1883323,3.0,-3.0,-79.0
1777888894.1983323,4.0,-5.0,-82.0
1777888894.2083323,6.0,-4.0,-87.0
1777888894.2183323,5.0,-1.0,-81.0
1777888894.2283323,6.0,-1.0,-77.0
1777888894.2383325,3.0,-3.0,-75.0
1777888894.2483325,0.0,-3.0,-74.0
1777888894.2583325,1.0,-4.0,-83.0
1777888894.2683325,2.0,-1.0,-88.0
1777888894.2783325,1.0,2.0,-89.0
1777888894.2883325,5.0,5.0,-88.0
1777888894.2983325,7.0,8.0,-86.0
1777888894.3083324,3.0,8.0,-82.0
1777888894.3183324,5.0,7.0,-85.0
1777888894.3283324,6.0,3.0,-85.0
1777888894.3383324,5.0,6.0,-80.0
1777888894.3483324,4.0,1.0,-74.0
1777888894.3583324,6.0,0.0,-75.0
1777888894.3683324,8.0,1.0,-72.0
1777888894.3783324,11.0,3.0,-73.0
1777888894.3883324,5.0,5.0,-70.0
1777888894.3983324,3.0,4.0,-74.0
1777888894.4083323,1.0,4.0,-81.0
1777888894.4183323,0.0,2.0,-81.0
1777888894.4283323,-1.0,3.0,-81.0
1777888894.4383323,0.0,5.0,-80.0
1777888894.4483323,0.0,1.0,-79.0
1777888894.4583323,0.0,-1.0,-79.0
1777888894.4683323,2.0,0.0,-86.0
1777888894.4793324,4.0,-2.0,-84.0
1777888894.4883325,0.0,-2.0,-84.0
1777888894.4983325,-2.0,1.0,-82.0
1777888894.5083325,-3.0,0.0,-81.0
1777888894.5183325,-8.0,-3.0,-69.0
1777888894.5283325,-8.0,-4.0,-61.0
1777888894.5383325,0.0,-1.0,-61.0
1777888894.5483325,0.0,0.0,-56.0
1777888894.5583324,-1.0,-3.0,-64.0
1777888894.5683324,1.0,-2.0,-65.0
1777888894.5783324,-1.0,-5.0,-64.0
1777888894.5883324,-1.0,0.0,-73.0
1777888894.5983324,2.0,0.0,-70.0
1777888894.6083324,4.0,0.0,-75.0
1777888894.6183324,6.0,-4.0,-68.0
1777888894.6283324,4.0,-8.0,-63.0
1777888894.6383324,3.0,-5.0,-64.0
1777888894.6483324,0.0,-5.0,-70.0
1777888894.6583323,2.0,-3.0,-72.0
1777888894.6683323,5.0,0.0,-72.0
1777888894.6783323,6.0,-1.0,-73.0
1777888894.6883323,6.0,-1.0,-76.0
1777888894.6983323,8.0,-3.0,-79.0
1777888894.7083323,10.0,-3.0,-82.0
1777888894.7183323,8.0,-5.0,-79.0
1777888894.7283323,2.0,-3.0,-79.0
1777888894.7383325,5.0,-1.0,-76.0
1777888894.7483325,0.0,-1.0,-75.0
1777888894.7583325,5.0,-2.0,-75.0
1777888894.7683325,0.0,-5.0,-84.0
1777888894.7783325,2.0,-5.0,-82.0
1777888894.7883325,0.0,-2.0,-77.0
1777888894.7983325,-4.0,0.0,-75.0
1777888894.8083324,0.0,0.0,-72.0
1777888894.8183324,0.0,0.0,-69.0
1777888894.8283324,0.0,-1.0,-65.0
1777888894.8383324,0.0,-1.0,-67.0
1777888894.8483324,-1.0,-2.0,-69.0
1777888894.8583324,-2.0,-2.0,-70.0
1777888894.8683324,-3.0,-2.0,-60.0
1777888894.8783324,0.0,-1.0,-57.0
1777888894.8883324,-2.0,-2.0,-60.0
1777888894.8983324,0.0,-2.0,-71.0
1777888894.9083323,-2.0,-4.0,-70.0
1777888894.9183323,-3.0,-1.0,-67.0
1777888894.9283323,0.0,0.0,-80.0
1777888894.9383323,2.0,5.0,-85.0
1777888894.9483323,5.0,3.0,-84.0
1777888894.9583323,-2.0,-2.0,-86.0
1777888894.9683323,-5.0,-6.0,-87.0
1777888894.9783323,-3.0,-2.0,-90.0
1777888894.9883325,-3.0,1.0,-88.0
1777888894.9983325,-2.0,0.0,-94.0
1777888895.0083325,-1.0,1.0,-86.0
1777888895.0183325,2.0,3.0,-88.0
1777888895.0283325,-1.0,0.0,-87.0
1777888895.0383325,-4.0,0.0,-83.0
1777888895.0483325,-4.0,-2.0,-77.0
1777888895.0583324,-4.0,0.0,-76.0
1777888895.0683324,-3.0,0.0,-79.0
1777888895.0783324,-2.0,0.0,-76.0
1777888895.0883324,-2.0,3.0,-74.0
1777888895.0983324,0.0,3.0,-76.0
1777888895.1083324,-1.0,4.0,-70.0
1777888895.1183324,-2.0,-1.0,-69.0
1777888895.1283324,0.0,-2.0,-62.0
1777888895.1383324,0.0,0.0,-70.0
1777888895.1483324,3.0,3.0,-77.0
1777888895.1583323,5.0,-1.0,-82.0
1777888895.1683323,2.0,-1.0,-77.0
1777888895.1783323,2.0,-2.0,-75.0
1777888895.1883323,3.0,2.0,-73.0
1777888895.1983323,0.0,1.0,-69.0
1777888895.2083323,2.0,1.0,-67.0
1777888895.2183323,0.0,4.0,-79.0
1777888895.2283323,-1.0,1.0,-75.0
1777888895.2383325,-3.0,2.0,-79.0
1777888895.2483325,2.0,3.0,-90.0
1777888895.2583325,6.0,4.0,-85.0
1777888895.2683325,6.0,0.0,-91.0
1777888895.2783325,4.0,-4.0,-80.0
1777888895.2883325,6.0,-3.0,-78.0
1777888895.2983325,7.0,-3.0,-81.0
1777888895.3083324,8.0,-6.0,-78.0
1777888895.3183324,8.0,-10.0,-79.0
1777888895.3283324,3.0,-6.0,-80.0
1777888895.3383324,3.0,-2.0,-79.0
1777888895.3483324,2.0,-2.0,-74.0
1777888895.3583324,0.0,-2.0,-71.0
1777888895.3683324,-4.0,-3.0,-72.0
1777888895.3783324,-6.0,-3.0,-75.0
1777888895.3883324,-6.0,7.0,-77.0
1777888895.3983324,-5.0,8.0,-80.0
1777888895.4083323,-4.0,6.0,-86.0
1777888895.4183323,-4.0,7.0,-84.0
1777888895.4283323,0.0,3.0,-76.0
1777888895.4383323,2.0,0.0,-67.0
1777888895.4483323,0.0,1.0,-63.0
1777888895.4583323,4.0,7.0,-68.0
1777888895.4683323,3.0,8.0,-64.0
1777888895.4783323,6.0,5.0,-67.0
1777888895.4883325,3.0,5.0,-76.0
1777888895.4983325,1.0,1.0,-81.0
1777888895.5083325,1.0,-3.0,-79.0
1777888895.5183325,0.0,3.0,-81.0
1777888895.5283325,1.0,0.0,-76.0
1777888895.5383325,4.0,1.0,-74.0
1777888895.5483325,3.0,1.0,-75.0
1777888895.5583324,3.0,4.0,-76.0
1777888895.5683324,2.0,0.0,-67.0
1777888895.5783324,3.0,1.0,-72.0
1777888895.5883324,1.0,0.0,-77.0
1777888895.5983324,1.0,0.0,-83.0
1777888895.6083324,-2.0,1.0,-78.0
1777888895.6183324,0.0,-3.0,-73.0
1777888895.6283324,1.0,-3.0,-78.0
1777888895.6383324,0.0,-1.0,-74.0
1777888895.6483324,-3.0,-1.0,-73.0
1777888895.6583323,-6.0,-2.0,-76.0
1777888895.6683323,-3.0,-1.0,-74.0
1777888895.6783323,0.0,0.0,-74.0
1777888895.6883323,0.0,-3.0,-72.0
1777888895.6983323,-2.0,-4.0,-75.0
1777888895.7083323,0.0,-6.0,-73.0
1777888895.7183323,0.0,-9.0,-72.0
1777888895.7283323,0.0,-8.0,-68.0
1777888895.7383325,-4.0,-7.0,-70.0
1777888895.7483325,0.0,-10.0,-74.0
1777888895.7583325,-1.0,-6.0,-75.0
1777888895.7683325,0.0,-2.0,-71.0
1777888895.7783325,1.0,0.0,-64.0
1777888895.7883325,-1.0,0.0,-59.0
1777888895.7983325,1.0,1.0,-62.0
1777888895.8083324,0.0,-1.0,-66.0
1777888895.8183324,4.0,0.0,-70.0
1777888895.8283324,0.0,0.0,-70.0
1777888895.8383324,0.0,0.0,-70.0
1777888895.8483324,0.0,0.0,-76.0
1777888895.8583324,-3.0,-1.0,-74.0
1777888895.8683324,1.0,-2.0,-77.0
1777888895.8783324,1.0,-4.0,-75.0
1777888895.8893323,-1.0,-4.0,-72.0
1777888895.8993323,1.0,-1.0,-70.0
1777888895.9093325,2.0,-2.0,-71.0
1777888895.9193325,1.0,-3.0,-62.0
1777888895.9293325,0.0,-7.0,-65.0
1777888895.9393325,-2.0,-5.0,-73.0
1777888895.9493325,-1.0,-7.0,-78.0
1777888895.9593325,2.0,-8.0,-75.0
1777888895.9693325,8.0,-4.0,-72.0
1777888895.9793324,5.0,-5.0,-78.0
1777888895.9893324,5.0,-10.0,-81.0
1777888895.9993324,1.0,-9.0,-77.0
1777888896.0093324,5.0,-5.0,-73.0
1777888896.0193324,3.0,-1.0,-71.0
1777888896.0293324,7.0,-1.0,-73.0
1777888896.0393324,5.0,0.0,-78.0
1777888896.0493324,-1.0,0.0,-79.0
1777888896.0593324,2.0,0.0,-84.0
1777888896.0693324,2.0,-3.0,-86.0
1777888896.0793324,2.0,-4.0,-91.0
1777888896.0893323,2.0,-5.0,-93.0
1777888896.0993323,3.0,-3.0,-93.0
1777888896.1093323,0.0,0.0,-85.0
1777888896.1193323,-2.0,-1.0,-83.0
1777888896.1293323,-1.0,2.0,-80.0
1777888896.1393323,-2.0,0.0,-76.0
1777888896.1493323,0.0,2.0,-68.0
1777888896.1593325,-2.0,3.0,-68.0
1777888896.1693325,-2.0,3.0,-68.0
1777888896.1793325,0.0,2.0,-71.0
1777888896.1893325,1.0,4.0,-72.0
1777888896.1993325,0.0,2.0,-78.0
1777888896.2093325,3.0,2.0,-78.0
1777888896.2193325,4.0,1.0,-85.0
1777888896.2293324,2.0,0.0,-82.0
1777888896.2393324,4.0,4.0,-83.0
1777888896.2493324,4.0,2.0,-80.0
1777888896.2593324,3.0,1.0,-73.0
1777888896.2693324,1.0,2.0,-73.0
1777888896.2793324,0.0,1.0,-72.0
1777888896.2893324,0.0,1.0,-70.0
1777888896.2993324,0.0,3.0,-67.0
1777888896.3093324,4.0,6.0,-66.0
1777888896.3193324,2.0,8.0,-63.0
1777888896.3293324,0.0,9.0,-70.0
1777888896.3393323,1.0,7.0,-70.0
1777888896.3493323,3.0,5.0,-71.0
1777888896.3593323,3.0,4.0,-72.0
1777888896.3693323,2.0,2.0,-75.0
1777888896.3793323,3.0,1.0,-82.0
1777888896.3893323,5.0,1.0,-84.0
1777888896.3993323,6.0,0.0,-84.0
1777888896.4093325,10.0,-3.0,-85.0
1777888896.4193325,1.0,-1.0,-86.0
1777888896.4293325,2.0,1.0,-88.0
1777888896.4393325,0.0,6.0,-82.0
1777888896.4493325,-1.0,2.0,-81.0
1777888896.4593325,0.0,1.0,-84.0
1777888896.4703324,1.0,5.0,-79.0
1777888896.4793324,4.0,4.0,-75.0
1777888896.4893324,7.0,4.0,-77.0
1777888896.4993324,3.0,3.0,-76.0
1777888896.5093324,4.0,3.0,-71.0
1777888896.5193324,0.0,2.0,-74.0
1777888896.5293324,-4.0,0.0,-73.0
1777888896.5393324,-4.0,-3.0,-72.0
1777888896.5493324,-4.0,-2.0,-69.0
1777888896.5593324,-7.0,-1.0,-68.0
1777888896.5693324,-3.0,0.0,-71.0
1777888896.5793324,-1.0,-3.0,-79.0
1777888896.5893323,-2.0,-4.0,-79.0
1777888896.5993323,-2.0,-9.0,-80.0
1777888896.6093323,-3.0,-6.0,-83.0
1777888896.6193323,4.0,-7.0,-84.0
1777888896.6293323,1.0,-2.0,-80.0
1777888896.6393323,-6.0,-3.0,-88.0
1777888896.6493323,-4.0,-5.0,-88.0
1777888896.6593325,-2.0,0.0,-81.0
1777888896.6693325,0.0,0.0,-77.0
1777888896.6793325,0.0,2.0,-71.0
1777888896.6893325,1.0,0.0,-69.0
1777888896.6993325,4.0,3.0,-70.0
1777888896.7093325,0.0,4.0,-74.0
1777888896.7193325,0.0,3.0,-69.0
1777888896.7293324,-2.0,5.0,-69.0
1777888896.7393324,-6.0,3.0,-64.0
1777888896.7493324,-4.0,1.0,-64.0
1777888896.7593324,-4.0,0.0,-71.0
1777888896.7693324,-2.0,-1.0,-77.0
1777888896.7793324,-1.0,-2.0,-71.0
1777888896.7893324,5.0,1.0,-71.0
1777888896.7993324,6.0,3.0,-74.0
1777888896.8093324,6.0,0.0,-74.0
1777888896.8193324,3.0,-1.0,-72.0
1777888896.8293324,1.0,1.0,-70.0
1777888896.8393323,1.0,-1.0,-76.0
1777888896.8493323,0.0,-5.0,-79.0
1777888896.8593323,-4.0,-6.0,-72.0
1777888896.8693323,-8.0,-4.0,-69.0
1777888896.8793323,-9.0,-2.0,-65.0
1777888896.8893323,-7.0,-2.0,-67.0
1777888896.8993323,-8.0,-1.0,-64.0
1777888896.9093325,-7.0,2.0,-68.0
1777888896.9193325,-7.0,0.0,-71.0
1777888896.9293325,-6.0,-3.0,-64.0
1777888896.9393325,-6.0,-3.0,-60.0
1777888896.9493325,-2.0,-2.0,-59.0
1777888896.9593325,-3.0,-5.0,-57.0
1777888896.9693325,-6.0,-5.0,-63.0
1777888896.9793324,-7.0,-3.0,-67.0
1777888896.9893324,-6.0,-2.0,-65.0
1777888896.9993324,-4.0,4.0,-68.0
1777888897.0093324,-4.0,4.0,-76.0
1777888897.0193324,-2.0,1.0,-76.0
1777888897.0293324,1.0,3.0,-75.0
1777888897.0393324,2.0,3.0,-78.0
1777888897.0493324,4.0,5.0,-73.0
1777888897.0593324,7.0,7.0,-76.0
1777888897.0693324,4.0,8.0,-66.0
1777888897.0793324,1.0,0.0,-64.0
1777888897.0893323,5.0,-1.0,-67.0
1777888897.0993323,3.0,-5.0,-67.0
1777888897.1093323,8.0,-5.0,-67.0
1777888897.1193323,9.0,-4.0,-71.0
1777888897.1293323,5.0,0.0,-75.0
1777888897.1393323,7.0,2.0,-67.0
1777888897.1493323,6.0,0.0,-76.0
1777888897.1593325,6.0,-6.0,-74.0
1777888897.1693325,7.0,-3.0,-74.0
1777888897.1793325,0.0,0.0,-78.0
1777888897.1893325,0.0,3.0,-83.0
1777888897.1993325,2.0,3.0,-77.0
1777888897.2093325,5.0,4.0,-77.0
1777888897.2193325,1.0,5.0,-75.0
1777888897.2293324,2.0,5.0,-76.0
1777888897.2393324,1.0,0.0,-74.0
1777888897.2493324,-1.0,0.0,-78.0
1777888897.2593324,0.0,0.0,-77.0
1777888897.2693324,3.0,0.0,-69.0
1777888897.2793324,6.0,-1.0,-76.0
1777888897.2893324,4.0,-3.0,-76.0
1777888897.2993324,2.0,-2.0,-83.0
1777888897.3093324,4.0,-2.0,-77.0
1777888897.3193324,4.0,0.0,-71.0
1777888897.3293324,0.0,2.0,-72.0
1777888897.3393323,3.0,0.0,-78.0
1777888897.3493323,3.0,0.0,-82.0
1777888897.3593323,0.0,-1.0,-77.0
1777888897.3693323,0.0,2.0,-70.0
1777888897.3793323,5.0,0.0,-75.0
1777888897.3893323,4.0,0.0,-86.0
1777888897.3993323,5.0,-1.0,-88.0
1777888897.4093325,3.0,0.0,-83.0
1777888897.4193325,4.0,0.0,-80.0
1777888897.4293325,0.0,4.0,-80.0
1777888897.4393325,-5.0,2.0,-72.0
1777888897.4493325,-3.0,-2.0,-70.0
1777888897.4593325,-3.0,-2.0,-66.0
1777888897.4693325,-2.0,0.0,-69.0
1777888897.4793324,0.0,0.0,-77.0
1777888897.4893324,1.0,-2.0,-71.0
1777888897.4993324,5.0,0.0,-73.0
1777888897.5093324,5.0,-3.0,-74.0
1777888897.5193324,1.0,-5.0,-80.0
1777888897.5293324,0.0,-4.0,-88.0
1777888897.5393324,0.0,-4.0,-89.0
1777888897.5493324,-4.0,-2.0,-81.0
1777888897.5593324,0.0,-2.0,-79.0
1777888897.5693324,0.0,-3.0,-79.0
1777888897.5793324,-4.0,2.0,-76.0
1777888897.5893323,-2.0,1.0,-77.0
1777888897.5993323,-2.0,2.0,-71.0
1777888897.6093323,2.0,2.0,-68.0
1777888897.6193323,2.0,3.0,-70.0
1777888897.6293323,0.0,-2.0,-71.0
1777888897.6393323,-1.0,0.0,-70.0
1777888897.6493323,-3.0,0.0,-77.0
1777888897.6593325,-3.0,-2.0,-85.0
1777888897.6693325,-7.0,-1.0,-81.0
1777888897.6793325,-7.0,-3.0,-74.0
1777888897.6893325,-6.0,-4.0,-72.0
1777888897.6993325,-2.0,-2.0,-81.0
1777888897.7093325,1.0,-2.0,-77.0
1777888897.7193325,-1.0,1.0,-71.0
1777888897.7293324,0.0,-1.0,-70.0
1777888897.7393324,-3.0,-1.0,-68.0
1777888897.7493324,-4.0,0.0,-73.0
1777888897.7593324,-3.0,0.0,-78.0
1777888897.7693324,2.0,-1.0,-82.0
1777888897.7793324,4.0,-1.0,-78.0
1777888897.7893324,0.0,-1.0,-79.0
1777888897.7993324,0.0,-1.0,-74.0
1777888897.8093324,0.0,-2.0,-74.0
1777888897.8193324,-1.0,-1.0,-76.0
1777888897.8293324,1.0,-3.0,-71.0
1777888897.8393323,-3.0,-2.0,-71.0
1777888897.8493323,-1.0,0.0,-65.0
1777888897.8593323,-2.0,0.0,-67.0
1777888897.8693323,-5.0,0.0,-73.0
1777888897.8803325,-2.0,-1.0,-77.0
1777888897.8893323,0.0,0.0,-76.0
1777888897.9003325,-3.0,-2.0,-76.0
1777888897.9103324,1.0,-3.0,-79.0
1777888897.9203324,-1.0,2.0,-73.0
1777888897.9303324,0.0,7.0,-71.0
1777888897.9403324,0.0,6.0,-74.0
1777888897.9503324,-1.0,3.0,-76.0
1777888897.9603324,0.0,1.0,-73.0
1777888897.9703324,0.0,0.0,-70.0
1777888897.9803324,0.0,-7.0,-71.0
1777888897.9903324,1.0,-13.0,-74.0
1777888898.0003324,0.0,-12.0,-76.0
1777888898.0103323,-3.0,-8.0,-79.0
1777888898.0203323,-4.0,-2.0,-77.0
1777888898.0303323,1.0,-1.0,-78.0
1777888898.0403323,0.0,-3.0,-82.0
1777888898.0503323,-3.0,-1.0,-80.0
1777888898.0603323,5.0,0.0,-81.0
1777888898.0703323,5.0,0.0,-75.0
1777888898.0803325,2.0,3.0,-75.0
1777888898.0903325,-2.0,2.0,-77.0
1777888898.1003325,-4.0,4.0,-75.0
1777888898.1103325,-2.0,0.0,-77.0
1777888898.1203325,0.0,0.0,-71.0
1777888898.1303325,0.0,0.0,-71.0
1777888898.1403325,0.0,0.0,-71.0
1777888898.1503325,0.0,1.0,-78.0
1777888898.1603324,-2.0,4.0,-78.0
1777888898.1703324,-5.0,2.0,-82.0
1777888898.1803324,-4.0,0.0,-77.0
1777888898.1903324,-4.0,1.0,-78.0
1777888898.2003324,-3.0,3.0,-74.0
1777888898.2103324,-7.0,5.0,-86.0
1777888898.2203324,-2.0,3.0,-88.0
1777888898.2303324,0.0,3.0,-87.0
1777888898.2403324,1.0,0.0,-87.0
1777888898.2503324,4.0,-2.0,-85.0
1777888898.2603323,4.0,-7.0,-86.0
1777888898.2703323,1.0,-5.0,-83.0
1777888898.2803323,0.0,-2.0,-76.0
1777888898.2903323,2.0,0.0,-72.0
1777888898.3003323,0.0,3.0,-73.0
1777888898.3103323,3.0,-1.0,-75.0
1777888898.3203323,0.0,-5.0,-77.0
1777888898.3303325,2.0,-6.0,-80.0
1777888898.3403325,1.0,-3.0,-84.0
1777888898.3503325,1.0,-1.0,-85.0
1777888898.3603325,2.0,0.0,-78.0
1777888898.3703325,3.0,0.0,-75.0
1777888898.3803325,6.0,0.0,-74.0
1777888898.3903325,4.0,0.0,-71.0
1777888898.4003325,4.0,-3.0,-64.0
1777888898.4103324,3.0,-2.0,-67.0
1777888898.4203324,-1.0,-1.0,-73.0
1777888898.4303324,0.0,-2.0,-75.0
1777888898.4403324,0.0,-6.0,-75.0
1777888898.4503324,0.0,-3.0,-73.0
1777888898.4603324,6.0,-2.0,-66.0
1777888898.4703324,12.0,-1.0,-70.0
1777888898.4803324,7.0,-4.0,-73.0
1777888898.4903324,3.0,0.0,-75.0
1777888898.5003324,2.0,1.0,-72.0
1777888898.5103323,-2.0,0.0,-81.0
1777888898.5203323,5.0,-1.0,-79.0
1777888898.5303323,1.0,-1.0,-77.0
1777888898.5403323,-1.0,4.0,-71.0
1777888898.5503323,-2.0,5.0,-76.0
1777888898.5603323,0.0,2.0,-76.0
1777888898.5703323,0.0,0.0,-71.0
1777888898.5803325,-2.0,-2.0,-67.0
1777888898.5903325,2.0,-4.0,-72.0
1777888898.6003325,2.0,-5.0,-75.0
1777888898.6103325,1.0,-1.0,-76.0
1777888898.6203325,1.0,0.0,-77.0
1777888898.6303325,4.0,2.0,-76.0
1777888898.6403325,7.0,2.0,-80.0
1777888898.6503325,4.0,4.0,-78.0
1777888898.6603324,3.0,7.0,-81.0
1777888898.6703324,1.0,8.0,-79.0
1777888898.6803324,-4.0,11.0,-88.0
1777888898.6903324,-1.0,13.0,-87.0
1777888898.7003324,3.0,9.0,-86.0
1777888898.7103324,4.0,7.0,-81.0
1777888898.7203324,1.0,4.0,-83.0
1777888898.7303324,0.0,0.0,-88.0
1777888898.7403324,2.0,-2.0,-87.0
1777888898.7503324,4.0,-1.0,-86.0
1777888898.7603323,6.0,-5.0,-84.0
1777888898.7703323,5.0,0.0,-75.0
1777888898.7803323,6.0,-1.0,-71.0
1777888898.7903323,6.0,-2.0,-77.0
1777888898.8003323,3.0,1.0,-82.0
1777888898.8103323,2.0,2.0,-76.0
1777888898.8203323,2.0,1.0,-69.0
1777888898.8303325,3.0,4.0,-71.0
1777888898.8403325,2.0,2.0,-71.0
1777888898.8503325,1.0,0.0,-77.0
1777888898.8603325,-5.0,0.0,-84.0
1777888898.8703325,-6.0,-1.0,-83.0
1777888898.8803325,-7.0,-2.0,-82.0
1777888898.8903325,-3.0,-4.0,-81.0
1777888898.9003325,-2.0,-5.0,-76.0
1777888898.9103324,-3.0,-4.0,-74.0
1777888898.9203324,0.0,0.0,-67.0
1777888898.9303324,0.0,2.0,-70.0
1777888898.9403324,-2.0,5.0,-73.0
1777888898.9503324,-1.0,1.0,-77.0
1777888898.9603324,1.0,2.0,-80.0
1777888898.9703324,-3.0,2.0,-84.0
1777888898.9803324,0.0,0.0,-85.0
1777888898.9903324,-4.0,1.0,-82.0
1777888899.0003324,-7.0,2.0,-76.0
1777888899.0103323,-6.0,3.0,-88.0
1777888899.0203323,-3.0,2.0,-86.0
1777888899.0303323,-4.0,-2.0,-79.0
1777888899.0403323,-7.0,0.0,-73.0
1777888899.0503323,-11.0,0.0,-71.0
1777888899.0603323,-4.0,4.0,-70.0
1777888899.0703323,-5.0,3.0,-72.0
1777888899.0803325,-6.0,1.0,-69.0
1777888899.0903325,-5.0,-1.0,-67.0
1777888899.1003325,-4.0,-2.0,-67.0
1777888899.1103325,-6.0,-3.0,-71.0
1777888899.1203325,-5.0,-2.0,-70.0
1777888899.1303325,-9.0,-3.0,-70.0
1777888899.1403325,-11.0,-6.0,-68.0
1777888899.1503325,-4.0,-2.0,-63.0
1777888899.1603324,-2.0,-3.0,-71.0
1777888899.1703324,0.0,-6.0,-71.0
1777888899.1803324,5.0,-6.0,-70.0
1777888899.1903324,2.0,-8.0,-75.0
1777888899.2003324,2.0,-6.0,-67.0
1777888899.2103324,6.0,-6.0,-71.0
1777888899.2203324,4.0,-4.0,-71.0
1777888899.2303324,2.0,-3.0,-67.0
1777888899.2403324,7.0,-1.0,-68.0
1777888899.2503324,5.0,-1.0,-69.0
1777888899.2603323,5.0,2.0,-69.0
1777888899.2703323,6.0,5.0,-67.0
1777888899.2803323,3.0,1.0,-67.0
1777888899.2903323,6.0,0.0,-75.0
1777888899.3003323,5.0,1.0,-66.0
1777888899.3103323,5.0,1.0,-60.0
1777888899.3203323,0.0,1.0,-60.0
1777888899.3303325,-1.0,1.0,-66.0
1777888899.3403325,1.0,-1.0,-69.0
1777888899.3503325,0.0,0.0,-65.0
1777888899.3603325,0.0,0.0,-66.0
1777888899.3703325,-4.0,-3.0,-68.0
1777888899.3803325,-2.0,-7.0,-68.0
1777888899.3903325,0.0,-4.0,-67.0
1777888899.4003325,2.0,-5.0,-70.0
1777888899.4103324,-3.0,-1.0,-69.0
1777888899.4203324,-1.0,2.0,-69.0
1777888899.4303324,0.0,2.0,-72.0
1777888899.4403324,1.0,5.0,-62.0
1777888899.4503324,1.0,0.0,-64.0
1777888899.4603324,0.0,-2.0,-71.0
1777888899.4703324,0.0,0.0,-75.0
1777888899.4803324,0.0,0.0,-73.0
1777888899.4903324,0.0,0.0,-72.0
1777888899.5003324,1.0,-2.0,-70.0
1777888899.5103323,1.0,-1.0,-67.0
1777888899.5203323,-2.0,1.0,-72.0
1777888899.5303323,-7.0,-2.0,-74.0
1777888899.5403323,-2.0,-1.0,-69.0
1777888899.5503323,1.0,0.0,-77.0
1777888899.5603323,2.0,-1.0,-78.0
1777888899.5703323,1.0,0.0,-81.0
1777888899.5803325,0.0,5.0,-88.0
1777888899.5903325,2.0,5.0,-89.0
1777888899.6003325,3.0,2.0,-85.0
1777888899.6103325,3.0,6.0,-80.0
1777888899.6203325,0.0,6.0,-77.0
1777888899.6303325,0.0,1.0,-77.0
1777888899.6403325,1.0,6.0,-74.0
1777888899.6503325,5.0,9.0,-72.0
1777888899.6603324,5.0,12.0,-78.0
1777888899.6703324,4.0,8.0,-81.0
1777888899.6803324,3.0,2.0,-83.0
1777888899.6903324,6.0,-1.0,-79.0
1777888899.7003324,5.0,-6.0,-81.0
1777888899.7103324,0.0,-7.0,-80.0
1777888899.7203324,0.0,-3.0,-76.0
1777888899.7303324,0.0,1.0,-69.0
1777888899.7403324,1.0,-2.0,-67.0
1777888899.7503324,0.0,-4.0,-68.0
1777888899.7603323,2.0,-3.0,-65.0
1777888899.7703323,3.0,0.0,-68.0
1777888899.7803323,3.0,2.0,-72.0
1777888899.7903323,1.0,3.0,-65.0
1777888899.8003323,3.0,0.0,-65.0
1777888899.8103323,4.0,-1.0,-68.0
1777888899.8203323,3.0,-3.0,-75.0
1777888899.8303325,4.0,-4.0,-83.0
1777888899.8403325,5.0,-3.0,-75.0
1777888899.8513324,5.0,0.0,-72.0
1777888899.8613324,2.0,-3.0,-69.0
1777888899.8713324,3.0,-3.0,-69.0
1777888899.8813324,0.0,-3.0,-70.0
1777888899.8913324,-2.0,-3.0,-72.0
1777888899.9013324,-1.0,-4.0,-72.0
1777888899.9113324,0.0,-3.0,-75.0
1777888899.9213324,0.0,-2.0,-80.0
1777888899.9313323,-1.0,-5.0,-81.0
1777888899.9413323,-1.0,-2.0,-85.0
1777888899.9513323,-1.0,-2.0,-79.0
1777888899.9613323,-2.0,-1.0,-78.0
1777888899.9713323,-2.0,0.0,-76.0
1777888899.9813323,-3.0,0.0,-73.0
1777888899.9913323,-3.0,-1.0,-70.0
1777888900.0013323,0.0,-5.0,-71.0
1777888900.0113325,-2.0,-2.0,-70.0
1777888900.0213325,1.0,-1.0,-68.0
1777888900.0313325,3.0,-4.0,-75.0
1777888900.0413325,1.0,-6.0,-76.0
1777888900.0513325,1.0,0.0,-84.0
1777888900.0613325,3.0,0.0,-80.0
1777888900.0713325,0.0,-1.0,-77.0
1777888900.0813324,0.0,0.0,-73.0
1777888900.0913324,2.0,3.0,-76.0
1777888900.1013324,0.0,6.0,-78.0
1777888900.1113324,-4.0,4.0,-75.0
1777888900.1213324,-1.0,6.0,-78.0
1777888900.1313324,5.0,8.0,-77.0
1777888900.1413324,2.0,1.0,-76.0
1777888900.1513324,2.0,3.0,-77.0
1777888900.1613324,0.0,-1.0,-75.0
1777888900.1713324,-2.0,-1.0,-81.0
1777888900.1813323,2.0,0.0,-78.0
1777888900.1913323,3.0,-3.0,-74.0
1777888900.2013323,3.0,-1.0,-71.0
1777888900.2113323,0.0,3.0,-72.0
1777888900.2213323,0.0,6.0,-77.0
1777888900.2313323,-4.0,6.0,-72.0
1777888900.2413323,0.0,3.0,-71.0
1777888900.2513323,1.0,4.0,-70.0
1777888900.2613325,2.0,7.0,-73.0
1777888900.2713325,2.0,3.0,-77.0
1777888900.2813325,-1.0,-2.0,-75.0
1777888900.2913325,-2.0,-2.0,-77.0
1777888900.3013325,-1.0,0.0,-78.0
1777888900.3113325,-2.0,0.0,-79.0
1777888900.3213325,0.0,0.0,-83.0
1777888900.3313324,-1.0,-1.0,-75.0
1777888900.3413324,0.0,-7.0,-78.0
1777888900.3513324,0.0,-8.0,-78.0
1777888900.3613324,0.0,-5.0,-74.0
1777888900.3713324,-3.0,-8.0,-71.0
1777888900.3813324,0.0,-7.0,-74.0
1777888900.3913324,0.0,-7.0,-76.0
1777888900.4013324,0.0,-8.0,-85.0
1777888900.4113324,-2.0,-7.0,-86.0
1777888900.4213324,0.0,-5.0,-86.0
1777888900.4313323,0.0,-3.0,-91.0
1777888900.4413323,-1.0,-3.0,-84.0
1777888900.4513323,-6.0,0.0,-84.0
1777888900.4613323,-6.0,1.0,-82.0
1777888900.4713323,-4.0,3.0,-78.0
1777888900.4813323,1.0,-1.0,-76.0
1777888900.4913323,1.0,-1.0,-78.0
1777888900.5013323,-2.0,-3.0,-77.0
1777888900.5113325,-3.0,-4.0,-79.0
1777888900.5213325,-2.0,-2.0,-77.0
1777888900.5313325,-5.0,-2.0,-77.0
1777888900.5413325,-6.0,-2.0,-79.0
1777888900.5513325,-4.0,-3.0,-82.0
1777888900.5613325,-3.0,0.0,-80.0
1777888900.5713325,-2.0,0.0,-72.0
1777888900.5813324,-1.0,-4.0,-71.0
1777888900.5913324,2.0,-5.0,-65.0
1777888900.6013324,3.0,-5.0,-61.0
1777888900.6113324,6.0,0.0,-62.0
1777888900.6213324,3.0,1.0,-66.0
1777888900.6313324,5.0,2.0,-73.0
1777888900.6413324,11.0,6.0,-73.0
1777888900.6513324,13.0,5.0,-75.0
1777888900.6613324,14.0,1.0,-74.0
1777888900.6713324,4.0,2.0,-69.0
1777888900.6813323,0.0,4.0,-77.0
1777888900.6913323,2.0,4.0,-71.0
1777888900.7013323,0.0,6.0,-74.0
1777888900.7113323,1.0,2.0,-73.0
1777888900.7213323,0.0,0.0,-69.0
1777888900.7313323,0.0,-3.0,-74.0
1777888900.7413323,3.0,-6.0,-77.0
1777888900.7513323,4.0,-4.0,-72.0
1777888900.7613325,3.0,-5.0,-71.0
1777888900.7713325,-3.0,-6.0,-70.0
1777888900.7813325,0.0,-2.0,-74.0
1777888900.7913325,1.0,-2.0,-79.0
1777888900.8013325,1.0,0.0,-78.0
1777888900.8113325,0.0,0.0,-77.0
1777888900.8213325,0.0,-2.0,-80.0
1777888900.8313324,0.0,-2.0,-80.0
1777888900.8413324,-2.0,1.0,-83.0
1777888900.8513324,-4.0,2.0,-82.0
1777888900.8613324,2.0,-1.0,-83.0
1777888900.8713324,5.0,-2.0,-79.0
1777888900.8813324,5.0,-3.0,-79.0
1777888900.8913324,3.0,-2.0,-79.0
1777888900.9013324,4.0,-3.0,-82.0
1777888900.9113324,5.0,-3.0,-81.0
1777888900.9213324,7.0,-5.0,-77.0
1777888900.9313323,5.0,-3.0,-77.0
1777888900.9413323,9.0,-5.0,-74.0
1777888900.9513323,6.0,-5.0,-73.0
1777888900.9613323,6.0,-5.0,-78.0
1777888900.9713323,9.0,-7.0,-76.0
1777888900.9813323,4.0,-8.0,-71.0
1777888900.9913323,1.0,-2.0,-74.0
1777888901.0013323,0.0,1.0,-76.0
1777888901.0113325,1.0,0.0,-82.0
1777888901.0213325,0.0,-5.0,-87.0
1777888901.0313325,0.0,-8.0,-89.0
1777888901.0413325,-3.0,-7.0,-87.0
1777888901.0513325,1.0,-7.0,-76.0
1777888901.0613325,4.0,-6.0,-71.0
1777888901.0713325,2.0,-7.0,-72.0
1777888901.0813324,0.0,0.0,-74.0
1777888901.0913324,-1.0,-2.0,-72.0
1777888901.1013324,0.0,-2.0,-70.0
1777888901.1113324,2.0,-2.0,-71.0
1777888901.1213324,3.0,-2.0,-69.0
1777888901.1313324,8.0,-5.0,-65.0
1777888901.1413324,6.0,-2.0,-70.0
1777888901.1513324,3.0,-2.0,-71.0
1777888901.1613324,0.0,-4.0,-67.0
1777888901.1713324,-2.0,-6.0,-76.0
1777888901.1813323,-1.0,-6.0,-77.0
1777888901.1913323,-1.0,-1.0,-82.0
1777888901.2013323,3.0,0.0,-84.0
1777888901.2113323,3.0,2.0,-81.0
1777888901.2213323,3.0,0.0,-73.0
1777888901.2313323,6.0,3.0,-70.0
1777888901.2413323,1.0,2.0,-69.0
1777888901.2513323,5.0,0.0,-64.0
1777888901.2613325,6.0,-1.0,-66.0
1777888901.2713325,8.0,-4.0,-71.0
1777888901.2813325,8.0,-5.0,-70.0
1777888901.2913325,9.0,-2.0,-76.0
1777888901.3013325,6.0,-2.0,-73.0
1777888901.3113325,4.0,-4.0,-73.0
1777888901.3213325,0.0,-4.0,-68.0
1777888901.3313324,1.0,-3.0,-64.0
1777888901.3413324,0.0,1.0,-64.0
1777888901.3513324,-4.0,-2.0,-77.0
1777888901.3613324,-3.0,0.0,-82.0
1777888901.3713324,0.0,0.0,-84.0
1777888901.3813324,0.0,-2.0,-91.0
1777888901.3913324,0.0,-2.0,-89.0
1777888901.4013324,-2.0,-2.0,-87.0
1777888901.4113324,0.0,0.0,-77.0
1777888901.4213324,2.0,0.0,-73.0
1777888901.4313323,0.0,0.0,-70.0
1777888901.4413323,4.0,0.0,-67.0
1777888901.4513323,0.0,3.0,-67.0
1777888901.4613323,-3.0,0.0,-68.0
1777888901.4713323,-3.0,0.0,-74.0
1777888901.4813323,-8.0,3.0,-72.0
1777888901.4913323,-6.0,6.0,-70.0
1777888901.5013323,-4.0,9.0,-73.0
1777888901.5113325,0.0,8.0,-75.0
1777888901.5213325,0.0,7.0,-75.0
1777888901.5313325,0.0,3.0,-77.0
1777888901.5413325,0.0,4.0,-76.0
1777888901.5513325,3.0,0.0,-75.0
1777888901.5613325,4.0,-1.0,-84.0
1777888901.5713325,2.0,-7.0,-83.0
1777888901.5813324,3.0,-5.0,-81.0
1777888901.5913324,0.0,-2.0,-81.0
1777888901.6013324,0.0,0.0,-85.0
1777888901.6113324,2.0,3.0,-82.0
1777888901.6213324,0.0,2.0,-80.0
1777888901.6313324,0.0,0.0,-80.0
1777888901.6413324,0.0,-3.0,-76.0
1777888901.6513324,4.0,-7.0,-76.0
1777888901.6613324,6.0,-5.0,-74.0
1777888901.6713324,6.0,-4.0,-78.0
1777888901.6813323,0.0,0.0,-86.0
1777888901.6913323,2.0,2.0,-82.0
1777888901.7013323,7.0,0.0,-86.0
1777888901.7113323,6.0,-3.0,-87.0
1777888901.7213323,5.0,-3.0,-84.0
1777888901.7313323,0.0,-7.0,-96.0
1777888901.7413323,0.0,-8.0,-91.0
1777888901.7513323,3.0,-4.0,-88.0
1777888901.7613325,0.0,-3.0,-85.0
1777888901.7713325,0.0,-2.0,-79.0
1777888901.7813325,3.0,-1.0,-78.0
1777888901.7913325,5.0,-3.0,-82.0
1777888901.8013325,2.0,-2.0,-83.0
1777888901.8113325,0.0,0.0,-81.0
1777888901.8223324,4.0,0.0,-79.0
1777888901.8323324,4.0,-1.0,-84.0
1777888901.8423324,9.0,-3.0,-84.0
1777888901.8523324,5.0,-8.0,-78.0
1777888901.8623323,0.0,-8.0,-81.0
1777888901.8723323,4.0,-7.0,-84.0
1777888901.8823323,2.0,-8.0,-83.0
1777888901.8923323,3.0,-5.0,-78.0
1777888901.9023323,4.0,0.0,-77.0
1777888901.9123323,5.0,-2.0,-74.0
1777888901.9223323,2.0,-2.0,-74.0
1777888901.9323325,3.0,-3.0,-72.0
1777888901.9423325,2.0,-2.0,-72.0
1777888901.9523325,4.0,2.0,-79.0
1777888901.9623325,5.0,1.0,-76.0
1777888901.9723325,1.0,3.0,-70.0
1777888901.9823325,-3.0,2.0,-70.0
1777888901.9923325,-4.0,1.0,-70.0
1777888902.0023324,0.0,-3.0,-76.0
1777888902.0123324,0.0,-3.0,-75.0
1777888902.0223324,1.0,-6.0,-74.0
1777888902.0323324,-1.0,-7.0,-70.0
1777888902.0423324,-4.0,-5.0,-60.0
1777888902.0523324,0.0,-4.0,-59.0
1777888902.0623324,2.0,-1.0,-63.0
1777888902.0723324,4.0,1.0,-67.0
1777888902.0823324,0.0,2.0,-70.0
1777888902.0923324,1.0,0.0,-76.0
1777888902.1023324,1.0,0.0,-76.0
1777888902.1123323,1.0,0.0,-69.0
1777888902.1223323,0.0,0.0,-70.0
1777888902.1323323,-4.0,3.0,-75.0
1777888902.1423323,-7.0,3.0,-74.0
1777888902.1523323,0.0,2.0,-75.0
1777888902.1623323,2.0,0.0,-76.0
1777888902.1723323,3.0,-3.0,-71.0
1777888902.1823325,2.0,-6.0,-78.0
1777888902.1923325,4.0,-9.0,-76.0
1777888902.2023325,4.0,-11.0,-73.0
1777888902.2123325,0.0,-12.0,-68.0
1777888902.2223325,3.0,-14.0,-69.0
1777888902.2323325,1.0,-10.0,-72.0
1777888902.2423325,0.0,-10.0,-79.0
1777888902.2523324,1.0,-4.0,-82.0
1777888902.2623324,3.0,0.0,-87.0
1777888902.2723324,2.0,-6.0,-82.0
1777888902.2823324,4.0,-1.0,-81.0
1777888902.2923324,3.0,-1.0,-82.0
1777888902.3023324,1.0,0.0,-78.0
1777888902.3123324,2.0,1.0,-79.0
1777888902.3223324,0.0,-1.0,-78.0
1777888902.3323324,-2.0,-2.0,-75.0
1777888902.3423324,-2.0,0.0,-77.0
1777888902.3523324,-2.0,1.0,-74.0
1777888902.3623323,2.0,1.0,-76.0
1777888902.3723323,3.0,0.0,-73.0
1777888902.3823323,4.0,0.0,-71.0
1777888902.3923323,7.0,2.0,-73.0
1777888902.4023323,4.0,0.0,-71.0
1777888902.4123323,7.0,2.0,-65.0
1777888902.4223323,7.0,3.0,-65.0
1777888902.4323325,4.0,3.0,-63.0
1777888902.4423325,7.0,2.0,-61.0
1777888902.4523325,6.0,6.0,-64.0
1777888902.4623325,3.0,5.0,-73.0
1777888902.4723325,3.0,4.0,-75.0
1777888902.4823325,-4.0,1.0,-76.0
1777888902.4923325,-7.0,3.0,-78.0
1777888902.5023324,-2.0,4.0,-83.0
1777888902.5123324,0.0,1.0,-85.0
1777888902.5223324,3.0,-1.0,-85.0
1777888902.5323324,2.0,-5.0,-77.0
1777888902.5423324,3.0,-3.0,-75.0
1777888902.5523324,3.0,0.0,-76.0
1777888902.5623324,6.0,0.0,-71.0
1777888902.5723324,5.0,-4.0,-71.0
1777888902.5823324,0.0,-4.0,-77.0
1777888902.5923324,1.0,-2.0,-74.0
1777888902.6023324,-2.0,2.0,-79.0
1777888902.6123323,-1.0,-2.0,-78.0
1777888902.6223323,0.0,-6.0,-80.0
1777888902.6323323,0.0,-5.0,-76.0
1777888902.6423323,-6.0,-4.0,-74.0
1777888902.6523323,-4.0,-2.0,-72.0
1777888902.6623323,-4.0,-1.0,-74.0
1777888902.6723323,-4.0,0.0,-73.0
1777888902.6823325,-4.0,4.0,-73.0
1777888902.6923325,-3.0,5.0,-76.0
1777888902.7023325,0.0,2.0,-78.0
1777888902.7123325,-3.0,-2.0,-78.0
1777888902.7223325,-1.0,-5.0,-68.0
1777888902.7323325,-1.0,-5.0,-66.0
1777888902.7433324,-2.0,-4.0,-66.0
1777888902.7523324,-1.0,0.0,-72.0
1777888902.7623324,-1.0,2.0,-75.0
1777888902.7723324,1.0,2.0,-71.0
1777888902.7823324,2.0,1.0,-66.0
1777888902.7923324,-1.0,-2.0,-66.0
1777888902.8023324,0.0,-4.0,-72.0
1777888902.8123324,1.0,-3.0,-71.0
1777888902.8223324,4.0,-5.0,-73.0
1777888902.8323324,0.0,-4.0,-72.0
1777888902.8423324,5.0,-5.0,-71.0
1777888902.8523324,3.0,-6.0,-71.0
1777888902.8623323,1.0,-1.0,-71.0
1777888902.8723323,-2.0,-1.0,-73.0
1777888902.8823323,-2.0,-3.0,-74.0
1777888902.8923323,2.0,-7.0,-75.0
1777888902.9023323,4.0,-3.0,-81.0
1777888902.9123323,0.0,-3.0,-79.0
1777888902.9223323,7.0,-5.0,-76.0
1777888902.9323325,5.0,-4.0,-81.0
1777888902.9423325,2.0,-2.0,-76.0
1777888902.9523325,3.0,0.0,-81.0
1777888902.9623325,0.0,0.0,-80.0
1777888902.9723325,0.0,0.0,-80.0
1777888902.9823325,2.0,2.0,-77.0
1777888902.9923325,5.0,2.0,-75.0
1777888903.0023324,8.0,0.0,-75.0
1777888903.0123324,11.0,2.0,-80.0
1777888903.0223324,11.0,0.0,-86.0
1777888903.0323324,4.0,-4.0,-85.0
1777888903.0423324,3.0,-4.0,-85.0
1777888903.0523324,2.0,-5.0,-81.0
1777888903.0623324,4.0,-8.0,-81.0
1777888903.0723324,4.0,-7.0,-77.0
1777888903.0823324,6.0,-9.0,-73.0
1777888903.0923324,2.0,-6.0,-72.0
1777888903.1023324,4.0,-7.0,-76.0
1777888903.1123323,0.0,-7.0,-71.0
1777888903.1223323,3.0,-2.0,-70.0
1777888903.1323323,4.0,2.0,-83.0
1777888903.1423323,1.0,-4.0,-83.0
1777888903.1523323,0.0,-9.0,-79.0
1777888903.1623323,3.0,-7.0,-81.0
1777888903.1723323,7.0,-2.0,-83.0
1777888903.1823325,9.0,-4.0,-81.0
1777888903.1923325,7.0,-4.0,-78.0
1777888903.2023325,7.0,-5.0,-82.0
1777888903.2123325,6.0,-4.0,-85.0
1777888903.2223325,1.0,-7.0,-82.0
1777888903.2323325,0.0,-7.0,-80.0
1777888903.2423325,0.0,-7.0,-77.0
1777888903.2523324,-2.0,-4.0,-76.0
1777888903.2623324,-5.0,-2.0,-69.0
1777888903.2723324,0.0,0.0,-72.0
1777888903.2823324,-3.0,-1.0,-75.0
1777888903.2923324,-8.0,-2.0,-74.0
1777888903.3023324,-4.0,0.0,-78.0
1777888903.3123324,-4.0,0.0,-84.0
1777888903.3223324,-3.0,4.0,-84.0
1777888903.3323324,-2.0,0.0,-80.0
1777888903.3423324,1.0,4.0,-87.0
1777888903.3523324,-2.0,1.0,-87.0
1777888903.3623323,-3.0,0.0,-84.0
1777888903.3723323,0.0,1.0,-85.0
1777888903.3823323,4.0,5.0,-89.0
1777888903.3923323,4.0,0.0,-84.0
1777888903.4023323,5.0,-2.0,-78.0
1777888903.4123323,2.0,0.0,-82.0
1777888903.4223323,2.0,0.0,-78.0
1777888903.4323325,3.0,4.0,-74.0
1777888903.4423325,7.0,0.0,-78.0
1777888903.4523325,12.0,4.0,-81.0
1777888903.4623325,13.0,5.0,-77.0
1777888903.4723325,12.0,2.0,-78.0
1777888903.4823325,8.0,3.0,-76.0
1777888903.4923325,5.0,2.0,-74.0
1777888903.5023324,7.0,1.0,-80.0
1777888903.5123324,6.0,0.0,-83.0
1777888903.5223324,3.0,-2.0,-78.0
1777888903.5323324,0.0,-3.0,-75.0
1777888903.5423324,4.0,-3.0,-74.0
1777888903.5523324,4.0,-5.0,-75.0
1777888903.5623324,6.0,-5.0,-78.0
1777888903.5723324,-2.0,-5.0,-78.0
1777888903.5823324,0.0,-3.0,-75.0
1777888903.5923324,1.0,0.0,-74.0
1777888903.6023324,-1.0,2.0,-70.0
1777888903.6123323,-5.0,3.0,-69.0
1777888903.6223323,-3.0,0.0,-71.0
1777888903.6323323,-3.0,-2.0,-71.0
1777888903.6423323,0.0,0.0,-73.0
1777888903.6523323,2.0,1.0,-74.0
1777888903.6623323,3.0,0.0,-79.0
1777888903.6723323,6.0,1.0,-85.0
1777888903.6823325,4.0,-1.0,-92.0
1777888903.6923325,0.0,-3.0,-84.0
1777888903.7023325,-3.0,-6.0,-84.0
1777888903.7123325,-2.0,-4.0,-77.0
1777888903.7223325,0.0,-5.0,-73.0
1777888903.7323325,-2.0,-5.0,-71.0
1777888903.7423325,-2.0,-2.0,-67.0
1777888903.7523324,-1.0,0.0,-64.0
1777888903.7623324,-5.0,-2.0,-70.0
1777888903.7723324,-1.0,-2.0,-71.0
1777888903.7823324,3.0,0.0,-72.0
1777888903.7923324,3.0,1.0,-79.0
1777888903.8023324,6.0,-3.0,-81.0
1777888903.8123324,9.0,-3.0,-76.0
1777888903.8223324,8.0,2.0,-79.0
1777888903.8333323,6.0,0.0,-79.0
1777888903.8433323,8.0,-2.0,-82.0
1777888903.8533323,6.0,0.0,-78.0
1777888903.8633325,2.0,1.0,-75.0
1777888903.8733325,-1.0,3.0,-73.0
1777888903.8833325,2.0,1.0,-73.0
1777888903.8933325,4.0,-1.0,-73.0
1777888903.9033325,3.0,-1.0,-76.0
1777888903.9133325,2.0,-5.0,-76.0
1777888903.9233325,-2.0,-3.0,-77.0
1777888903.9333324,-5.0,-4.0,-76.0
1777888903.9433324,-2.0,-7.0,-68.0
1777888903.9533324,-3.0,-8.0,-73.0
1777888903.9633324,-9.0,-6.0,-75.0
1777888903.9733324,-8.0,-2.0,-77.0
1777888903.9833324,-5.0,-1.0,-76.0
1777888903.9933324,-6.0,0.0,-81.0
1777888904.0033324,-3.0,1.0,-77.0
1777888904.0133324,-1.0,0.0,-69.0
1777888904.0233324,-1.0,0.0,-70.0
1777888904.0333323,0.0,-2.0,-73.0
1777888904.0433323,-1.0,-5.0,-74.0
1777888904.0533323,-2.0,-7.0,-76.0
1777888904.0633323,0.0,-6.0,-72.0
1777888904.0733323,2.0,-7.0,-72.0
1777888904.0833323,7.0,-7.0,-69.0
1777888904.0933323,4.0,-4.0,-68.0
1777888904.1033323,5.0,-6.0,-66.0
1777888904.1133325,2.0,-4.0,-67.0
1777888904.1233325,0.0,0.0,-73.0
1777888904.1333325,-1.0,1.0,-70.0
1777888904.1433325,0.0,-2.0,-72.0
1777888904.1533325,5.0,-3.0,-70.0
1777888904.1633325,7.0,-7.0,-77.0
1777888904.1733325,8.0,0.0,-82.0
1777888904.1833324,6.0,1.0,-77.0
1777888904.1933324,10.0,1.0,-75.0
1777888904.2033324,7.0,-2.0,-85.0
1777888904.2133324,1.0,-5.0,-82.0
1777888904.2233324,0.0,-5.0,-76.0
1777888904.2333324,0.0,-2.0,-78.0
1777888904.2433324,-2.0,-2.0,-78.0
1777888904.2533324,-1.0,1.0,-79.0
1777888904.2633324,3.0,0.0,-79.0
1777888904.2733324,2.0,-1.0,-80.0
1777888904.2833323,5.0,-2.0,-78.0
1777888904.2933323,6.0,4.0,-71.0
1777888904.3033323,7.0,9.0,-77.0
1777888904.3133323,1.0,9.0,-82.0
1777888904.3233323,2.0,12.0,-88.0
1777888904.3333323,2.0,4.0,-89.0
1777888904.3433323,2.0,0.0,-93.0
1777888904.3533323,3.0,2.0,-88.0
1777888904.3633325,2.0,-2.0,-82.0
1777888904.3733325,0.0,0.0,-79.0
1777888904.3833325,-1.0,1.0,-78.0
1777888904.3933325,2.0,0.0,-78.0
1777888904.4033325,3.0,0.0,-80.0
1777888904.4133325,3.0,-1.0,-80.0
1777888904.4233325,-2.0,-6.0,-73.0
1777888904.4333324,-4.0,-6.0,-71.0
1777888904.4433324,-6.0,-1.0,-70.0
1777888904.4533324,-5.0,4.0,-81.0
1777888904.4633324,-1.0,0.0,-85.0
1777888904.4733324,1.0,0.0,-82.0
1777888904.4833324,3.0,0.0,-84.0
1777888904.4933324,2.0,0.0,-89.0
1777888904.5033324,1.0,4.0,-78.0
1777888904.5133324,3.0,4.0,-75.0
1777888904.5233324,4.0,0.0,-77.0
1777888904.5333323,3.0,-4.0,-81.0
1777888904.5433323,0.0,-2.0,-77.0
1777888904.5533323,0.0,3.0,-79.0
1777888904.5633323,1.0,-1.0,-76.0
1777888904.5733323,3.0,1.0,-75.0
1777888904.5833323,1.0,-1.0,-78.0
1777888904.5933323,3.0,2.0,-76.0
1777888904.6033323,1.0,0.0,-71.0
1777888904.6133325,3.0,0.0,-68.0
1777888904.6233325,4.0,0.0,-77.0
1777888904.6333325,6.0,0.0,-77.0
1777888904.6433325,4.0,0.0,-87.0
1777888904.6533325,0.0,2.0,-92.0
1777888904.6633325,-3.0,2.0,-90.0
1777888904.6733325,0.0,3.0,-85.0
1777888904.6833324,0.0,0.0,-81.0
1777888904.6933324,-1.0,-2.0,-79.0
1777888904.7033324,-1.0,-2.0,-78.0
1777888904.7133324,2.0,-2.0,-75.0
1777888904.7233324,0.0,0.0,-76.0
1777888904.7333324,0.0,2.0,-75.0
1777888904.7433324,1.0,3.0,-75.0
1777888904.7533324,3.0,5.0,-72.0
1777888904.7633324,9.0,6.0,-79.0
1777888904.7733324,5.0,5.0,-75.0
1777888904.7833323,7.0,0.0,-77.0
1777888904.7933323,5.0,-1.0,-76.0
1777888904.8033323,0.0,1.0,-80.0
1777888904.8133323,0.0,1.0,-78.0
1777888904.8233323,0.0,1.0,-78.0
1777888904.8333323,0.0,2.0,-79.0
1777888904.8433323,0.0,4.0,-75.0
1777888904.8533323,-2.0,0.0,-74.0
1777888904.8633325,1.0,-3.0,-79.0
1777888904.8733325,3.0,-1.0,-78.0
1777888904.8833325,5.0,-1.0,-80.0
1777888904.8933325,5.0,-4.0,-82.0
1777888904.9033325,7.0,-6.0,-80.0
1777888904.9133325,8.0,-5.0,-80.0
1777888904.9233325,8.0,-4.0,-73.0
1777888904.9333324,3.0,-1.0,-70.0
1777888904.9433324,0.0,1.0,-70.0
1777888904.9533324,-5.0,0.0,-69.0
1777888904.9633324,-8.0,0.0,-75.0
1777888904.9733324,-10.0,-1.0,-75.0
1777888904.9833324,-6.0,1.0,-70.0
1777888904.9933324,0.0,0.0,-69.0
1777888905.0033324,0.0,-2.0,-68.0
1777888905.0133324,0.0,-1.0,-67.0
1777888905.0233324,-1.0,-1.0,-65.0
1777888905.0333323,1.0,0.0,-61.0
1777888905.0433323,6.0,0.0,-64.0
1777888905.0533323,7.0,-3.0,-69.0
1777888905.0633323,5.0,-3.0,-72.0
1777888905.0733323,0.0,-2.0,-78.0
1777888905.0833323,1.0,0.0,-76.0
1777888905.0933323,4.0,-2.0,-68.0
1777888905.1033323,1.0,-1.0,-62.0
1777888905.1133325,-1.0,-3.0,-72.0
1777888905.1233325,-5.0,-1.0,-71.0
1777888905.1333325,-2.0,3.0,-70.0
1777888905.1433325,-1.0,0.0,-71.0
1777888905.1533325,-1.0,0.0,-71.0
1777888905.1633325,5.0,3.0,-82.0
1777888905.1733325,7.0,2.0,-81.0
1777888905.1833324,5.0,0.0,-76.0
1777888905.1933324,-1.0,0.0,-72.0
1777888905.2033324,-3.0,3.0,-77.0
1777888905.2133324,-2.0,3.0,-78.0
1777888905.2233324,-3.0,0.0,-80.0
1777888905.2333324,0.0,1.0,-76.0
1777888905.2433324,5.0,0.0,-74.0
1777888905.2533324,1.0,0.0,-70.0
1777888905.2633324,3.0,-4.0,-76.0
1777888905.2733324,3.0,-2.0,-76.0
1777888905.2833323,4.0,0.0,-79.0
1777888905.2933323,3.0,-3.0,-83.0
1777888905.3033323,3.0,0.0,-82.0
1777888905.3133323,1.0,0.0,-83.0
1777888905.3233323,-1.0,-4.0,-74.0
1777888905.3333323,2.0,-5.0,-74.0
1777888905.3433323,0.0,2.0,-77.0
1777888905.3533323,2.0,0.0,-73.0
1777888905.3633325,2.0,-1.0,-71.0
1777888905.3733325,0.0,-1.0,-73.0
1777888905.3833325,0.0,-3.0,-80.0
1777888905.3933325,3.0,-2.0,-82.0
1777888905.4033325,4.0,-4.0,-87.0
1777888905.4133325,0.0,-2.0,-87.0
1777888905.4233325,-6.0,-2.0,-77.0
1777888905.4333324,-2.0,0.0,-77.0
1777888905.4433324,1.0,0.0,-77.0
1777888905.4533324,5.0,-4.0,-79.0
1777888905.4633324,3.0,-4.0,-73.0
1777888905.4733324,0.0,-8.0,-72.0
1777888905.4833324,-3.0,-4.0,-70.0
1777888905.4933324,0.0,-3.0,-71.0
1777888905.5033324,-6.0,-3.0,-72.0
1777888905.5133324,-7.0,-4.0,-78.0
1777888905.5233324,-12.0,-5.0,-72.0
1777888905.5333323,-7.0,1.0,-68.0
1777888905.5433323,-7.0,2.0,-73.0
1777888905.5533323,-4.0,5.0,-70.0
1777888905.5633323,-8.0,5.0,-69.0
1777888905.5733323,-5.0,0.0,-74.0
1777888905.5833323,2.0,4.0,-73.0
1777888905.5933323,1.0,1.0,-76.0
1777888905.6033323,0.0,0.0,-75.0
1777888905.6133325,0.0,-2.0,-74.0
1777888905.6233325,2.0,0.0,-66.0
1777888905.6333325,3.0,-1.0,-67.0
1777888905.6433325,4.0,-4.0,-66.0
1777888905.6533325,8.0,-2.0,-70.0
1777888905.6633325,3.0,-6.0,-76.0
1777888905.6733325,2.0,-4.0,-75.0
1777888905.6833324,-1.0,-1.0,-77.0
1777888905.6933324,-8.0,-2.0,-74.0
1777888905.7033324,-6.0,0.0,-77.0
1777888905.7133324,-7.0,0.0,-79.0
1777888905.7233324,-8.0,0.0,-82.0
1777888905.7333324,-6.0,0.0,-86.0
1777888905.7433324,-10.0,-3.0,-89.0
1777888905.7533324,-7.0,-4.0,-96.0
1777888905.7633324,-11.0,-6.0,-91.0
1777888905.7733324,-10.0,-4.0,-86.0
1777888905.7833323,-3.0,-3.0,-77.0
1777888905.7933323,-2.0,-3.0,-76.0
1777888905.8033323,-3.0,4.0,-77.0
1777888905.8133323,-3.0,3.0,-79.0
1777888905.8243325,-1.0,3.0,-79.0
1777888905.8343325,-4.0,6.0,-82.0
1777888905.8443325,-1.0,5.0,-80.0
1777888905.8543324,4.0,3.0,-84.0
1777888905.8643324,1.0,0.0,-83.0
1777888905.8743324,-2.0,0.0,-81.0
1777888905.8843324,-4.0,3.0,-82.0
1777888905.8943324,0.0,3.0,-80.0
1777888905.9043324,5.0,0.0,-73.0
1777888905.9143324,6.0,-1.0,-78.0
1777888905.9243324,10.0,-2.0,-80.0
1777888905.9343324,8.0,0.0,-78.0
1777888905.9443324,9.0,-4.0,-75.0
1777888905.9543324,10.0,-2.0,-80.0
1777888905.9643323,10.0,-3.0,-81.0
1777888905.9743323,7.0,0.0,-79.0
1777888905.9843323,1.0,-1.0,-77.0
1777888905.9943323,0.0,0.0,-80.0
1777888906.0043323,2.0,0.0,-79.0
1777888906.0143323,4.0,1.0,-86.0
1777888906.0243323,3.0,3.0,-83.0
1777888906.0343325,5.0,0.0,-79.0
1777888906.0443325,7.0,0.0,-72.0
1777888906.0543325,7.0,3.0,-72.0
1777888906.0643325,1.0,4.0,-71.0
1777888906.0743325,5.0,3.0,-69.0
1777888906.0843325,0.0,4.0,-69.0
1777888906.0943325,-3.0,2.0,-64.0
1777888906.1043324,-1.0,2.0,-66.0
1777888906.1143324,-1.0,1.0,-66.0
1777888906.1243324,-3.0,3.0,-69.0
1777888906.1343324,-5.0,5.0,-78.0
1777888906.1443324,-2.0,0.0,-81.0
1777888906.1543324,-2.0,-3.0,-76.0
1777888906.1643324,0.0,-2.0,-74.0
1777888906.1743324,-2.0,0.0,-74.0
1777888906.1843324,-3.0,3.0,-71.0
1777888906.1943324,-1.0,1.0,-72.0
1777888906.2043324,1.0,0.0,-68.0
1777888906.2143323,1.0,-1.0,-69.0
1777888906.2243323,-2.0,3.0,-74.0
1777888906.2343323,0.0,2.0,-71.0
1777888906.2443323,-2.0,0.0,-75.0
1777888906.2543323,-3.0,0.0,-71.0
1777888906.2643323,1.0,0.0,-73.0
1777888906.2743323,0.0,-1.0,-71.0
1777888906.2843325,2.0,-2.0,-64.0
1777888906.2943325,3.0,0.0,-68.0
1777888906.3043325,8.0,0.0,-63.0
1777888906.3143325,6.0,1.0,-59.0
1777888906.3243325,4.0,2.0,-66.0
1777888906.3343325,5.0,1.0,-66.0
1777888906.3443325,3.0,0.0,-64.0
1777888906.3543324,6.0,0.0,-68.0
1777888906.3643324,6.0,0.0,-68.0
1777888906.3743324,2.0,4.0,-64.0
1777888906.3843324,0.0,2.0,-64.0
1777888906.3943324,4.0,-2.0,-65.0
1777888906.4043324,6.0,-6.0,-77.0
1777888906.4143324,4.0,-2.0,-84.0
1777888906.4243324,1.0,-1.0,-84.0
1777888906.4343324,-3.0,-2.0,-85.0
1777888906.4443324,3.0,-2.0,-89.0
1777888906.4543324,2.0,0.0,-92.0
1777888906.4643323,1.0,-4.0,-86.0
1777888906.4743323,-1.0,-4.0,-81.0
1777888906.4843323,-1.0,0.0,-71.0
1777888906.4943323,-4.0,2.0,-74.0
1777888906.5043323,-5.0,0.0,-73.0
1777888906.5143323,0.0,5.0,-76.0
1777888906.5243323,0.0,8.0,-78.0
1777888906.5343325,-4.0,5.0,-79.0
1777888906.5443325,-1.0,4.0,-75.0
1777888906.5543325,-1.0,5.0,-68.0
1777888906.5643325,-4.0,5.0,-76.0
1777888906.5743325,-1.0,1.0,-73.0
1777888906.5843325,-2.0,0.0,-73.0
1777888906.5943325,-2.0,-1.0,-79.0
1777888906.6043324,2.0,-1.0,-77.0
1777888906.6143324,2.0,-4.0,-75.0
1777888906.6243324,-4.0,-2.0,-74.0
1777888906.6343324,-5.0,-2.0,-73.0
1777888906.6443324,-3.0,-4.0,-71.0
1777888906.6543324,-1.0,-4.0,-75.0
1777888906.6643324,0.0,-4.0,-75.0
1777888906.6743324,2.0,-3.0,-75.0
1777888906.6843324,0.0,-4.0,-77.0
1777888906.6943324,1.0,-5.0,-78.0
1777888906.7043324,3.0,-2.0,-79.0
1777888906.7143323,0.0,0.0,-77.0
1777888906.7243323,2.0,-1.0,-79.0
1777888906.7343323,0.0,-3.0,-78.0
1777888906.7443323,0.0,-6.0,-78.0
1777888906.7543323,1.0,-4.0,-81.0
1777888906.7643323,0.0,-3.0,-77.0
1777888906.7743323,1.0,-2.0,-72.0
1777888906.7843325,2.0,2.0,-72.0
1777888906.7943325,1.0,0.0,-72.0
1777888906.8043325,3.0,0.0,-78.0
1777888906.8143325,6.0,-1.0,-75.0
1777888906.8243325,7.0,0.0,-75.0
1777888906.8343325,4.0,2.0,-75.0
1777888906.8443325,2.0,-1.0,-76.0
1777888906.8543324,7.0,3.0,-79.0
1777888906.8643324,0.0,2.0,-79.0
1777888906.8743324,-1.0,4.0,-71.0
1777888906.8843324,4.0,6.0,-75.0
1777888906.8943324,4.0,1.0,-74.0
1777888906.9043324,2.0,0.0,-68.0
1777888906.9143324,3.0,-1.0,-69.0
1777888906.9243324,3.0,1.0,-70.0
1777888906.9343324,6.0,0.0,-64.0
1777888906.9443324,1.0,2.0,-63.0
1777888906.9543324,2.0,2.0,-65.0
1777888906.9643323,2.0,3.0,-65.0
1777888906.9743323,2.0,-1.0,-67.0
1777888906.9843323,2.0,-1.0,-80.0
1777888906.9943323,3.0,0.0,-77.0
1777888907.0043323,4.0,2.0,-68.0
1777888907.0143323,5.0,2.0,-67.0
1777888907.0243323,0.0,-1.0,-69.0
1777888907.0343325,-2.0,-3.0,-73.0
1777888907.0443325,-2.0,-3.0,-76.0
1777888907.0543325,-5.0,-2.0,-74.0
1777888907.0643325,-3.0,-1.0,-72.0
1777888907.0743325,-2.0,-3.0,-77.0
1777888907.0843325,-3.0,-3.0,-75.0
1777888907.0943325,-1.0,0.0,-75.0
1777888907.1043324,-1.0,-1.0,-81.0
1777888907.1143324,-3.0,-7.0,-82.0
1777888907.1243324,-1.0,-6.0,-76.0
1777888907.1343324,3.0,-6.0,-84.0
1777888907.1443324,1.0,-6.0,-86.0
1777888907.1543324,0.0,-6.0,-83.0
1777888907.1643324,0.0,-2.0,-76.0
1777888907.1743324,0.0,-1.0,-76.0
1777888907.1843324,-6.0,-2.0,-78.0
1777888907.1943324,-5.0,-1.0,-75.0
1777888907.2043324,-5.0,-2.0,-80.0
1777888907.2143323,-2.0,-3.0,-83.0
1777888907.2243323,-1.0,-5.0,-83.0
1777888907.2343323,2.0,-3.0,-84.0
1777888907.2443323,4.0,0.0,-82.0
1777888907.2543323,1.0,4.0,-76.0
1777888907.2643323,-1.0,4.0,-75.0
1777888907.2743323,-1.0,4.0,-73.0
1777888907.2843325,5.0,1.0,-70.0
1777888907.2943325,0.0,-1.0,-68.0
1777888907.3043325,0.0,1.0,-68.0
1777888907.3143325,4.0,2.0,-72.0
1777888907.3243325,6.0,3.0,-72.0
1777888907.3343325,4.0,0.0,-77.0
1777888907.3443325,0.0,-2.0,-73.0
1777888907.3543324,1.0,0.0,-72.0
1777888907.3643324,1.0,0.0,-76.0
1777888907.3743324,2.0,-2.0,-89.0
1777888907.3843324,5.0,2.0,-96.0
1777888907.3943324,-1.0,-1.0,-91.0
1777888907.4043324,1.0,1.0,-90.0
1777888907.4143324,1.0,4.0,-84.0
1777888907.4243324,4.0,0.0,-75.0
1777888907.4343324,6.0,0.0,-79.0
1777888907.4443324,6.0,1.0,-76.0
1777888907.4543324,7.0,1.0,-69.0
1777888907.4643323,7.0,-3.0,-74.0
1777888907.4743323,4.0,0.0,-75.0
1777888907.4843323,4.0,-2.0,-82.0
1777888907.4943323,4.0,0.0,-82.0
1777888907.5043323,3.0,0.0,-83.0
1777888907.5143323,5.0,3.0,-85.0
1777888907.5243323,5.0,6.0,-87.0
1777888907.5343325,7.0,3.0,-83.0
1777888907.5443325,7.0,0.0,-81.0
1777888907.5543325,8.0,0.0,-77.0
1777888907.5643325,8.0,-1.0,-77.0
1777888907.5743325,9.0,-2.0,-76.0
1777888907.5843325,10.0,-4.0,-79.0
1777888907.5943325,10.0,0.0,-78.0
1777888907.6043324,6.0,2.0,-79.0
1777888907.6143324,0.0,-2.0,-74.0
1777888907.6243324,0.0,0.0,-79.0
1777888907.6343324,1.0,0.0,-73.0
1777888907.6443324,3.0,-1.0,-68.0
1777888907.6543324,2.0,0.0,-77.0
1777888907.6643324,1.0,-1.0,-78.0
1777888907.6743324,4.0,2.0,-76.0
1777888907.6843324,5.0,0.0,-71.0
1777888907.6943324,1.0,-1.0,-70.0
1777888907.7043324,2.0,-3.0,-63.0
1777888907.7143323,5.0,-8.0,-72.0
1777888907.7243323,6.0,-9.0,-76.0
1777888907.7343323,5.0,-5.0,-76.0
1777888907.7443323,7.0,0.0,-76.0
1777888907.7543323,1.0,0.0,-76.0
1777888907.7643323,0.0,0.0,-69.0
1777888907.7743323,-3.0,0.0,-67.0
1777888907.7843325,-3.0,-1.0,-68.0
1777888907.7953324,-6.0,-1.0,-76.0
1777888907.8043325,-9.0,0.0,-80.0
1777888907.8153324,-6.0,2.0,-81.0
1777888907.8253324,-2.0,2.0,-79.0
1777888907.8353324,3.0,-1.0,-77.0
1777888907.8453324,4.0,-1.0,-77.0
1777888907.8553324,2.0,-3.0,-75.0
1777888907.8653324,2.0,0.0,-71.0
1777888907.8753324,1.0,-1.0,-67.0
1777888907.8853323,-4.0,0.0,-76.0
1777888907.8953323,0.0,0.0,-74.0
1777888907.9053323,1.0,-2.0,-76.0
1777888907.9153323,4.0,-3.0,-71.0
1777888907.9253323,3.0,-3.0,-73.0
1777888907.9353323,6.0,-1.0,-70.0
1777888907.9453323,10.0,-2.0,-63.0
1777888907.9553325,8.0,-2.0,-57.0
1777888907.9653325,4.0,-5.0,-64.0
1777888907.9753325,1.0,-8.0,-62.0
1777888907.9853325,2.0,-6.0,-64.0
1777888907.9953325,2.0,-4.0,-71.0
1777888908.0053325,1.0,0.0,-72.0
1777888908.0153325,0.0,1.0,-74.0
1777888908.0253325,2.0,0.0,-84.0
1777888908.0353324,10.0,0.0,-89.0
1777888908.0453324,5.0,0.0,-81.0
1777888908.0553324,4.0,0.0,-70.0
1777888908.0653324,0.0,-2.0,-69.0
1777888908.0753324,-2.0,-5.0,-75.0
1777888908.0853324,-3.0,-5.0,-78.0
1777888908.0953324,0.0,-6.0,-72.0
1777888908.1053324,3.0,-3.0,-73.0
1777888908.1153324,2.0,0.0,-81.0
1777888908.1253324,0.0,2.0,-83.0
1777888908.1353323,0.0,3.0,-77.0
1777888908.1453323,0.0,0.0,-80.0
1777888908.1553323,3.0,2.0,-78.0
1777888908.1653323,0.0,2.0,-76.0
1777888908.1753323,-2.0,-1.0,-64.0
1777888908.1853323,-1.0,-6.0,-67.0
1777888908.1953323,-1.0,-5.0,-70.0
1777888908.2053325,-2.0,0.0,-66.0
1777888908.2153325,-1.0,0.0,-70.0
1777888908.2253325,2.0,-2.0,-70.0
1777888908.2353325,1.0,-2.0,-71.0
1777888908.2453325,3.0,-1.0,-76.0
1777888908.2553325,1.0,-7.0,-76.0
1777888908.2653325,1.0,-4.0,-73.0
1777888908.2753325,0.0,-2.0,-68.0
1777888908.2853324,6.0,-4.0,-65.0
1777888908.2953324,3.0,0.0,-70.0
1777888908.3053324,6.0,0.0,-79.0
1777888908.3153324,3.0,-4.0,-83.0
1777888908.3253324,1.0,-3.0,-76.0
1777888908.3353324,3.0,-1.0,-77.0
1777888908.3453324,3.0,-1.0,-70.0
1777888908.3553324,4.0,-1.0,-72.0
1777888908.3653324,3.0,0.0,-69.0
1777888908.3753324,0.0,-1.0,-72.0
1777888908.3853323,-2.0,-3.0,-73.0
1777888908.3953323,0.0,0.0,-69.0
1777888908.4053323,0.0,-4.0,-68.0
1777888908.4153323,3.0,-4.0,-71.0
1777888908.4253323,4.0,-3.0,-68.0
1777888908.4353323,5.0,-5.0,-65.0
1777888908.4453323,7.0,-3.0,-73.0
1777888908.4553325,1.0,-2.0,-77.0
1777888908.4653325,0.0,0.0,-84.0
1777888908.4753325,1.0,0.0,-87.0
1777888908.4853325,0.0,0.0,-84.0
1777888908.4953325,-2.0,0.0,-78.0
1777888908.5053325,-1.0,0.0,-81.0
1777888908.5153325,-4.0,0.0,-75.0
1777888908.5253325,-5.0,0.0,-80.0
1777888908.5353324,-6.0,-3.0,-75.0
1777888908.5453324,-5.0,-1.0,-68.0
1777888908.5553324,-2.0,0.0,-72.0
1777888908.5653324,-1.0,-2.0,-72.0
1777888908.5753324,1.0,0.0,-74.0
1777888908.5853324,0.0,5.0,-78.0
1777888908.5953324,2.0,4.0,-80.0
1777888908.6053324,1.0,1.0,-76.0
1777888908.6153324,0.0,5.0,-75.0
1777888908.6253324,1.0,7.0,-72.0
1777888908.6353323,1.0,5.0,-73.0
1777888908.6453323,0.0,1.0,-71.0
1777888908.6553323,0.0,4.0,-71.0
1777888908.6653323,0.0,5.0,-70.0
1777888908.6753323,3.0,3.0,-73.0
1777888908.6853323,3.0,4.0,-71.0
1777888908.6953323,6.0,5.0,-75.0
1777888908.7053325,3.0,3.0,-73.0
1777888908.7153325,2.0,2.0,-76.0
1777888908.7253325,6.0,5.0,-75.0
1777888908.7353325,7.0,4.0,-83.0
1777888908.7453325,4.0,2.0,-84.0
1777888908.7553325,0.0,1.0,-83.0
1777888908.7653325,0.0,1.0,-86.0
1777888908.7753325,0.0,5.0,-77.0
1777888908.7853324,-3.0,2.0,-83.0
1777888908.7953324,-4.0,3.0,-83.0
1777888908.8053324,-2.0,4.0,-82.0
1777888908.8153324,0.0,2.0,-79.0
1777888908.8253324,-3.0,2.0,-83.0
1777888908.8353324,-2.0,0.0,-86.0
1777888908.8453324,6.0,0.0,-82.0
1777888908.8553324,4.0,2.0,-74.0
1777888908.8653324,5.0,1.0,-72.0
1777888908.8753324,-1.0,0.0,-69.0
1777888908.8853323,-6.0,0.0,-70.0
1777888908.8953323,-3.0,0.0,-66.0
1777888908.9053323,0.0,-4.0,-71.0
1777888908.9153323,3.0,-9.0,-71.0
1777888908.9253323,0.0,-12.0,-71.0
1777888908.9353323,2.0,-13.0,-69.0
1777888908.9453323,-2.0,-8.0,-72.0
1777888908.9553325,-4.0,-13.0,-70.0
1777888908.9653325,-4.0,-10.0,-71.0
1777888908.9753325,-3.0,-11.0,-75.0
1777888908.9853325,-4.0,-9.0,-75.0
1777888908.9953325,-2.0,-7.0,-76.0
1777888909.0053325,-1.0,-5.0,-76.0
1777888909.0153325,0.0,0.0,-79.0
1777888909.0253325,0.0,1.0,-83.0
1777888909.0353324,4.0,4.0,-78.0
1777888909.0453324,5.0,5.0,-70.0
1777888909.0553324,5.0,2.0,-69.0
1777888909.0653324,7.0,-2.0,-69.0
1777888909.0753324,5.0,-5.0,-77.0
1777888909.0853324,8.0,-1.0,-81.0
1777888909.0953324,7.0,2.0,-86.0
1777888909.1053324,3.0,0.0,-77.0
1777888909.1153324,1.0,1.0,-77.0
1777888909.1253324,-2.0,5.0,-76.0
1777888909.1353323,-1.0,3.0,-76.0
1777888909.1453323,0.0,3.0,-77.0
1777888909.1553323,3.0,2.0,-70.0
1777888909.1653323,6.0,0.0,-68.0
1777888909.1753323,5.0,-2.0,-62.0
1777888909.1853323,2.0,-1.0,-65.0
1777888909.1953323,0.0,-3.0,-63.0
1777888909.2053325,4.0,0.0,-67.0
1777888909.2153325,0.0,-2.0,-76.0
1777888909.2253325,-2.0,0.0,-76.0
1777888909.2353325,0.0,2.0,-71.0
1777888909.2453325,3.0,4.0,-68.0
1777888909.2553325,-1.0,3.0,-74.0
1777888909.2653325,-3.0,4.0,-74.0
1777888909.2753325,-1.0,1.0,-79.0
1777888909.2853324,0.0,1.0,-79.0
1777888909.2953324,-3.0,-1.0,-74.0
1777888909.3053324,-2.0,0.0,-76.0
1777888909.3153324,-4.0,-3.0,-74.0
1777888909.3253324,-3.0,-2.0,-79.0
1777888909.3353324,0.0,2.0,-84.0
1777888909.3453324,2.0,2.0,-84.0
1777888909.3553324,3.0,-4.0,-75.0
1777888909.3653324,4.0,-6.0,-71.0
1777888909.3753324,7.0,-5.0,-70.0
1777888909.3853323,4.0,-8.0,-77.0
1777888909.3953323,0.0,-3.0,-77.0
1777888909.4053323,1.0,0.0,-78.0
1777888909.4153323,0.0,1.0,-77.0
1777888909.4253323,-2.0,-2.0,-76.0
1777888909.4353323,-3.0,0.0,-77.0
1777888909.4453323,-2.0,0.0,-76.0
1777888909.4553325,0.0,1.0,-69.0
1777888909.4653325,-1.0,3.0,-78.0
1777888909.4753325,-1.0,0.0,-74.0
1777888909.4853325,-1.0,-4.0,-74.0
1777888909.4953325,-6.0,-2.0,-74.0
1777888909.5053325,-1.0,-1.0,-76.0
1777888909.5153325,-2.0,0.0,-78.0
1777888909.5253325,4.0,0.0,-80.0
1777888909.5353324,3.0,0.0,-79.0
1777888909.5453324,4.0,1.0,-77.0
1777888909.5553324,1.0,0.0,-72.0
1777888909.5653324,3.0,0.0,-74.0
1777888909.5753324,3.0,1.0,-70.0
1777888909.5853324,4.0,-1.0,-65.0
1777888909.5953324,6.0,1.0,-66.0
1777888909.6053324,5.0,1.0,-65.0
1777888909.6153324,9.0,4.0,-67.0
1777888909.6253324,12.0,4.0,-62.0
1777888909.6353323,10.0,2.0,-68.0
1777888909.6453323,9.0,0.0,-70.0
1777888909.6553323,0.0,-1.0,-71.0
1777888909.6653323,1.0,-1.0,-71.0
1777888909.6753323,-3.0,-1.0,-72.0
1777888909.6853323,-3.0,0.0,-70.0
1777888909.6953323,-2.0,3.0,-69.0
1777888909.7053325,0.0,5.0,-74.0
1777888909.7153325,0.0,4.0,-72.0
1777888909.7253325,-1.0,-2.0,-77.0
1777888909.7353325,2.0,0.0,-78.0
1777888909.7453325,6.0,0.0,-77.0
1777888909.7553325,10.0,-1.0,-75.0
1777888909.7653325,7.0,-1.0,-72.0
1777888909.7763324,3.0,0.0,-79.0
1777888909.7853324,0.0,-5.0,-85.0
1777888909.7963324,2.0,-6.0,-81.0
1777888909.8063323,1.0,-7.0,-74.0
1777888909.8163323,0.0,-6.0,-72.0
1777888909.8263323,0.0,-6.0,-76.0
1777888909.8363323,0.0,-5.0,-80.0
1777888909.8463323,0.0,-2.0,-77.0
1777888909.8563323,0.0,-3.0,-76.0
1777888909.8663323,0.0,0.0,-75.0
1777888909.8763323,-5.0,4.0,-83.0
1777888909.8863325,-1.0,3.0,-84.0
1777888909.8963325,-3.0,5.0,-84.0
1777888909.9063325,1.0,0.0,-82.0
1777888909.9163325,4.0,-2.0,-81.0
1777888909.9263325,2.0,-3.0,-87.0
1777888909.9363325,0.0,-4.0,-83.0
1777888909.9463325,3.0,-6.0,-83.0
1777888909.9563324,4.0,-3.0,-79.0
1777888909.9663324,6.0,-3.0,-82.0
1777888909.9763324,2.0,1.0,-83.0
1777888909.9863324,2.0,0.0,-80.0
1777888909.9963324,3.0,0.0,-76.0
1777888910.0063324,3.0,-5.0,-69.0
1777888910.0163324,6.0,-3.0,-75.0
1777888910.0263324,3.0,-4.0,-80.0
1777888910.0363324,0.0,-2.0,-75.0
1777888910.0463324,5.0,-1.0,-78.0
1777888910.0563323,5.0,0.0,-82.0
1777888910.0663323,5.0,0.0,-87.0
1777888910.0763323,5.0,1.0,-83.0
1777888910.0863323,8.0,1.0,-80.0
1777888910.0963323,7.0,2.0,-78.0
1777888910.1063323,6.0,6.0,-71.0
1777888910.1163323,4.0,5.0,-68.0
1777888910.1263323,6.0,5.0,-71.0
1777888910.1363325,6.0,5.0,-76.0
1777888910.1463325,5.0,4.0,-84.0
1777888910.1563325,8.0,0.0,-76.0
1777888910.1663325,6.0,-2.0,-74.0
1777888910.1763325,4.0,0.0,-73.0
1777888910.1863325,2.0,2.0,-81.0
1777888910.1963325,6.0,2.0,-82.0
1777888910.2063324,10.0,3.0,-84.0
1777888910.2163324,15.0,1.0,-82.0
1777888910.2263324,12.0,2.0,-77.0
1777888910.2363324,11.0,0.0,-84.0
1777888910.2463324,9.0,-5.0,-88.0
1777888910.2563324,2.0,-5.0,-88.0
1777888910.2663324,1.0,-1.0,-83.0
1777888910.2763324,4.0,0.0,-80.0
1777888910.2863324,9.0,0.0,-77.0
1777888910.2963324,4.0,3.0,-82.0
1777888910.3063323,5.0,2.0,-75.0
1777888910.3163323,4.0,2.0,-70.0
1777888910.3263323,9.0,2.0,-74.0
1777888910.3363323,8.0,5.0,-76.0
1777888910.3463323,10.0,2.0,-77.0
1777888910.3563323,14.0,0.0,-75.0
1777888910.3663323,9.0,-1.0,-76.0
1777888910.3763323,8.0,-7.0,-80.0
1777888910.3863325,5.0,-4.0,-71.0
1777888910.3963325,1.0,-2.0,-73.0
1777888910.4063325,-1.0,-6.0,-80.0
1777888910.4163325,-6.0,-8.0,-84.0
1777888910.4263325,-5.0,-5.0,-87.0
1777888910.4363325,-3.0,0.0,-85.0
1777888910.4463325,-1.0,0.0,-86.0
1777888910.4563324,2.0,-7.0,-81.0
1777888910.4663324,-1.0,-1.0,-80.0
1777888910.4763324,-4.0,-4.0,-82.0
1777888910.4863324,-8.0,-2.0,-88.0
1777888910.4963324,-7.0,-3.0,-81.0
1777888910.5063324,-5.0,-9.0,-84.0
1777888910.5163324,-6.0,-8.0,-88.0
1777888910.5263324,-5.0,-12.0,-91.0
1777888910.5363324,-9.0,-10.0,-90.0
1777888910.5463324,-11.0,-11.0,-82.0
1777888910.5563323,-4.0,-8.0,-78.0
1777888910.5663323,-4.0,-9.0,-77.0
1777888910.5763323,-2.0,-9.0,-76.0
1777888910.5863323,0.0,-1.0,-75.0
1777888910.5963323,2.0,-1.0,-69.0
1777888910.6063323,6.0,-2.0,-78.0
1777888910.6163323,2.0,-3.0,-81.0
1777888910.6263323,2.0,-1.0,-77.0
1777888910.6363325,-1.0,0.0,-68.0
1777888910.6463325,-2.0,2.0,-72.0
1777888910.6563325,1.0,-2.0,-76.0
1777888910.6663325,0.0,0.0,-80.0
1777888910.6763325,-1.0,-1.0,-79.0
1777888910.6863325,-2.0,0.0,-79.0
1777888910.6963325,-4.0,0.0,-78.0
1777888910.7063324,-6.0,0.0,-79.0
1777888910.7163324,-6.0,0.0,-75.0
1777888910.7263324,-9.0,0.0,-75.0
1777888910.7363324,-7.0,-3.0,-74.0
1777888910.7463324,-3.0,-7.0,-74.0
1777888910.7563324,-3.0,-6.0,-76.0
1777888910.7663324,0.0,-5.0,-81.0
1777888910.7763324,-1.0,0.0,-78.0
1777888910.7863324,-4.0,-1.0,-79.0
1777888910.7963324,-3.0,1.0,-80.0
1777888910.8063323,-2.0,3.0,-79.0
1777888910.8163323,3.0,4.0,-79.0
1777888910.8263323,5.0,2.0,-76.0
1777888910.8363323,2.0,5.0,-79.0
1777888910.8463323,2.0,7.0,-83.0
1777888910.8563323,-1.0,7.0,-84.0
1777888910.8663323,-3.0,7.0,-86.0
1777888910.8763323,-3.0,4.0,-85.0
1777888910.8863325,0.0,3.0,-78.0
1777888910.8963325,1.0,2.0,-80.0
1777888910.9063325,6.0,3.0,-80.0
1777888910.9163325,5.0,4.0,-85.0
1777888910.9263325,1.0,0.0,-76.0
1777888910.9363325,0.0,-2.0,-72.0
1777888910.9463325,0.0,-3.0,-72.0
1777888910.9563324,3.0,-2.0,-69.0
1777888910.9663324,1.0,-2.0,-72.0
1777888910.9763324,1.0,-6.0,-71.0
1777888910.9863324,-3.0,-1.0,-71.0
1777888910.9963324,-1.0,0.0,-80.0
1777888911.0063324,1.0,2.0,-84.0
1777888911.0163324,0.0,5.0,-88.0
1777888911.0263324,2.0,3.0,-88.0
1777888911.0363324,3.0,3.0,-83.0
1777888911.0463324,0.0,3.0,-78.0
1777888911.0563323,1.0,2.0,-77.0
1777888911.0663323,3.0,0.0,-75.0
1777888911.0763323,1.0,0.0,-84.0
1777888911.0863323,0.0,0.0,-87.0
1777888911.0963323,1.0,2.0,-84.0
1777888911.1063323,1.0,4.0,-78.0
1777888911.1163323,2.0,7.0,-77.0
1777888911.1263323,2.0,4.0,-87.0
1777888911.1363325,1.0,1.0,-86.0
1777888911.1463325,1.0,2.0,-82.0
1777888911.1563325,7.0,1.0,-72.0
1777888911.1663325,5.0,0.0,-69.0
1777888911.1763325,5.0,0.0,-66.0
1777888911.1863325,5.0,2.0,-65.0
1777888911.1963325,4.0,3.0,-68.0
1777888911.2063324,2.0,-2.0,-68.0
1777888911.2163324,0.0,-6.0,-79.0
1777888911.2263324,-1.0,-5.0,-76.0
1777888911.2363324,-5.0,-1.0,-76.0
1777888911.2463324,-4.0,-1.0,-72.0
1777888911.2563324,-3.0,-1.0,-74.0
1777888911.2663324,-2.0,-2.0,-70.0
1777888911.2763324,-6.0,-1.0,-74.0
1777888911.2863324,-6.0,0.0,-76.0
1777888911.2963324,-5.0,0.0,-77.0
1777888911.3063323,-1.0,1.0,-76.0
1777888911.3163323,-1.0,0.0,-78.0
1777888911.3263323,1.0,1.0,-78.0
1777888911.3363323,0.0,2.0,-84.0
1777888911.3463323,2.0,-1.0,-81.0
1777888911.3563323,3.0,-3.0,-77.0
1777888911.3663323,5.0,-5.0,-75.0
1777888911.3763323,5.0,-5.0,-71.0
1777888911.3863325,5.0,-1.0,-72.0
1777888911.3963325,9.0,1.0,-73.0
1777888911.4063325,3.0,2.0,-78.0
1777888911.4163325,-1.0,2.0,-72.0
1777888911.4263325,-3.0,3.0,-70.0
1777888911.4363325,-3.0,3.0,-66.0
1777888911.4463325,-3.0,5.0,-69.0
1777888911.4563324,-3.0,3.0,-71.0
1777888911.4663324,-4.0,4.0,-64.0
1777888911.4763324,-8.0,-1.0,-62.0
1777888911.4863324,-12.0,0.0,-66.0
1777888911.4963324,-11.0,-1.0,-75.0
1777888911.5063324,-9.0,0.0,-72.0
1777888911.5163324,-4.0,0.0,-68.0
1777888911.5263324,-5.0,2.0,-69.0
1777888911.5363324,-6.0,-3.0,-74.0
1777888911.5463324,-6.0,-5.0,-73.0
1777888911.5563323,-7.0,-4.0,-73.0
1777888911.5663323,1.0,-2.0,-71.0
1777888911.5763323,2.0,3.0,-77.0
1777888911.5863323,1.0,3.0,-82.0
1777888911.5963323,3.0,5.0,-79.0
1777888911.6063323,3.0,4.0,-76.0
1777888911.6163323,5.0,0.0,-66.0
1777888911.6273324,6.0,4.0,-67.0
1777888911.6363325,6.0,6.0,-72.0
1777888911.6463325,-1.0,5.0,-72.0
1777888911.6563325,-1.0,1.0,-72.0
1777888911.6663325,1.0,4.0,-76.0
1777888911.6763325,-5.0,9.0,-76.0
1777888911.6863325,-8.0,9.0,-76.0
1777888911.6963325,0.0,10.0,-75.0
1777888911.7063324,-4.0,8.0,-76.0
1777888911.7163324,-5.0,10.0,-71.0
1777888911.7263324,-4.0,11.0,-69.0
1777888911.7363324,-2.0,10.0,-70.0
1777888911.7473323,3.0,5.0,-65.0
1777888911.7573323,5.0,0.0,-68.0
1777888911.7673323,3.0,-2.0,-75.0
1777888911.7773323,5.0,-1.0,-79.0
1777888911.7873323,4.0,-2.0,-79.0
1777888911.7973323,0.0,0.0,-76.0
1777888911.8073325,3.0,3.0,-73.0
1777888911.8173325,7.0,5.0,-76.0
1777888911.8273325,8.0,3.0,-75.0
1777888911.8373325,6.0,-2.0,-69.0
1777888911.8473325,5.0,-3.0,-71.0
1777888911.8573325,6.0,-3.0,-70.0
1777888911.8673325,6.0,-2.0,-78.0
1777888911.8773324,3.0,-2.0,-80.0
1777888911.8873324,0.0,-3.0,-73.0
1777888911.8973324,3.0,0.0,-72.0
1777888911.9073324,6.0,-1.0,-81.0
1777888911.9173324,3.0,0.0,-83.0
1777888911.9273324,1.0,-3.0,-82.0
1777888911.9373324,3.0,-3.0,-78.0
1777888911.9473324,4.0,-5.0,-82.0
1777888911.9573324,3.0,-5.0,-87.0
1777888911.9673324,6.0,-7.0,-83.0
1777888911.9773324,4.0,-8.0,-75.0
1777888911.9873323,7.0,-7.0,-73.0
1777888911.9973323,9.0,-5.0,-76.0
1777888912.0073323,9.0,-3.0,-81.0
1777888912.0173323,5.0,-4.0,-78.0
1777888912.0273323,1.0,-3.0,-85.0
1777888912.0373323,4.0,-8.0,-89.0
1777888912.0473323,5.0,-6.0,-78.0
1777888912.0573325,7.0,-4.0,-78.0
1777888912.0673325,2.0,-7.0,-74.0
1777888912.0773325,0.0,-5.0,-72.0
1777888912.0873325,1.0,-2.0,-74.0
1777888912.0973325,4.0,-3.0,-72.0
1777888912.1073325,2.0,-1.0,-74.0
1777888912.1173325,3.0,-1.0,-75.0
1777888912.1273324,7.0,0.0,-74.0
1777888912.1373324,3.0,-4.0,-74.0
1777888912.1473324,1.0,-5.0,-71.0
1777888912.1573324,0.0,-5.0,-74.0
1777888912.1673324,3.0,1.0,-79.0
1777888912.1773324,0.0,3.0,-74.0
1777888912.1873324,2.0,2.0,-75.0
1777888912.1973324,7.0,-1.0,-67.0
1777888912.2073324,7.0,-1.0,-71.0
1777888912.2173324,8.0,3.0,-72.0
1777888912.2273324,8.0,2.0,-75.0
1777888912.2373323,5.0,0.0,-75.0
1777888912.2473323,4.0,0.0,-70.0
1777888912.2573323,7.0,0.0,-74.0
1777888912.2673323,5.0,0.0,-74.0
1777888912.2773323,7.0,1.0,-77.0
1777888912.2873323,4.0,-4.0,-74.0
1777888912.2973323,2.0,0.0,-78.0
1777888912.3073325,4.0,-1.0,-81.0
1777888912.3173325,4.0,-3.0,-86.0
1777888912.3273325,7.0,-7.0,-77.0
1777888912.3373325,4.0,-8.0,-66.0
1777888912.3473325,1.0,-10.0,-69.0
1777888912.3573325,-1.0,-9.0,-74.0
1777888912.3673325,-3.0,-3.0,-76.0
1777888912.3773324,0.0,-3.0,-73.0
1777888912.3873324,-1.0,0.0,-74.0
1777888912.3973324,2.0,0.0,-71.0
1777888912.4073324,1.0,1.0,-74.0
1777888912.4173324,0.0,-2.0,-73.0
1777888912.4273324,1.0,-1.0,-74.0
1777888912.4373324,4.0,-1.0,-79.0
1777888912.4473324,8.0,3.0,-77.0
1777888912.4573324,4.0,6.0,-77.0
1777888912.4673324,5.0,3.0,-76.0
1777888912.4773324,6.0,1.0,-81.0
1777888912.4873323,4.0,4.0,-80.0
1777888912.4973323,0.0,4.0,-77.0
1777888912.5073323,-2.0,4.0,-76.0
1777888912.5173323,-3.0,0.0,-74.0
1777888912.5273323,0.0,3.0,-81.0
1777888912.5373323,0.0,4.0,-82.0
1777888912.5473323,-2.0,1.0,-82.0
1777888912.5573325,-2.0,0.0,-76.0
1777888912.5673325,-2.0,-2.0,-70.0
1777888912.5773325,1.0,2.0,-70.0
1777888912.5873325,6.0,1.0,-74.0
1777888912.5973325,7.0,0.0,-70.0
1777888912.6073325,8.0,1.0,-64.0
1777888912.6173325,5.0,2.0,-61.0
1777888912.6273324,4.0,2.0,-68.0
1777888912.6373324,2.0,3.0,-68.0
1777888912.6473324,3.0,4.0,-72.0
1777888912.6573324,6.0,4.0,-74.0
1777888912.6673324,8.0,2.0,-80.0
1777888912.6773324,8.0,0.0,-76.0
1777888912.6873324,6.0,4.0,-71.0
1777888912.6973324,0.0,10.0,-71.0
1777888912.7073324,-5.0,8.0,-77.0
1777888912.7173324,-1.0,3.0,-79.0
1777888912.7273324,1.0,6.0,-77.0
1777888912.7373323,0.0,7.0,-73.0
1777888912.7473323,1.0,3.0,-76.0
1777888912.7573323,-3.0,1.0,-76.0
1777888912.7673323,-5.0,4.0,-70.0
1777888912.7773323,-4.0,5.0,-74.0
1777888912.7873323,-5.0,5.0,-78.0
1777888912.7973323,-2.0,4.0,-84.0
1777888912.8073325,3.0,2.0,-86.0
1777888912.8173325,5.0,0.0,-82.0
1777888912.8273325,6.0,4.0,-85.0
1777888912.8373325,5.0,4.0,-87.0
1777888912.8473325,4.0,6.0,-85.0
1777888912.8573325,5.0,9.0,-88.0
1777888912.8673325,3.0,8.0,-81.0
1777888912.8773324,2.0,5.0,-73.0
1777888912.8873324,5.0,1.0,-72.0
1777888912.8973324,2.0,-3.0,-80.0
1777888912.9073324,1.0,-5.0,-79.0
1777888912.9173324,5.0,-4.0,-85.0
1777888912.9273324,6.0,-1.0,-80.0
1777888912.9373324,3.0,1.0,-78.0
1777888912.9473324,4.0,0.0,-75.0
1777888912.9573324,7.0,-1.0,-68.0
1777888912.9673324,8.0,-4.0,-65.0
1777888912.9773324,6.0,-2.0,-62.0
1777888912.9873323,7.0,0.0,-65.0
1777888912.9973323,3.0,1.0,-72.0
1777888913.0073323,2.0,0.0,-73.0
1777888913.0173323,0.0,-2.0,-75.0
1777888913.0273323,1.0,-1.0,-71.0
1777888913.0373323,4.0,-3.0,-71.0
1777888913.0473323,5.0,-3.0,-75.0
1777888913.0573325,2.0,-2.0,-78.0
1777888913.0673325,0.0,0.0,-83.0
1777888913.0773325,2.0,-2.0,-88.0
1777888913.0873325,4.0,-2.0,-87.0
1777888913.0973325,0.0,-1.0,-83.0
1777888913.1073325,3.0,1.0,-86.0
1777888913.1173325,8.0,6.0,-81.0
1777888913.1273324,3.0,2.0,-82.0
1777888913.1373324,4.0,2.0,-82.0
1777888913.1473324,4.0,2.0,-82.0
1777888913.1573324,1.0,2.0,-83.0
1777888913.1673324,2.0,0.0,-79.0
1777888913.1773324,2.0,0.0,-77.0
1777888913.1873324,5.0,-1.0,-72.0
1777888913.1973324,6.0,0.0,-68.0
1777888913.2073324,5.0,-4.0,-75.0
1777888913.2173324,0.0,0.0,-71.0
1777888913.2273324,2.0,0.0,-72.0
1777888913.2373323,-1.0,2.0,-64.0
1777888913.2473323,-7.0,1.0,-62.0
1777888913.2573323,-4.0,3.0,-65.0
1777888913.2673323,-4.0,1.0,-61.0
1777888913.2773323,-1.0,0.0,-68.0
1777888913.2873323,-1.0,-1.0,-66.0
1777888913.2973323,1.0,-3.0,-71.0
1777888913.3073325,2.0,-5.0,-72.0
1777888913.3173325,0.0,0.0,-66.0
1777888913.3273325,6.0,-3.0,-66.0
1777888913.3373325,1.0,-4.0,-68.0
1777888913.3473325,-2.0,-6.0,-73.0
1777888913.3573325,0.0,-3.0,-83.0
1777888913.3673325,-3.0,0.0,-83.0
1777888913.3773324,1.0,3.0,-81.0
1777888913.3873324,7.0,6.0,-78.0
1777888913.3973324,2.0,3.0,-78.0
1777888913.4073324,-1.0,1.0,-81.0
1777888913.4173324,-3.0,3.0,-77.0
1777888913.4273324,-6.0,2.0,-71.0
1777888913.4373324,-7.0,4.0,-80.0
1777888913.4473324,-7.0,2.0,-82.0
1777888913.4573324,-6.0,0.0,-88.0
1777888913.4673324,-3.0,0.0,-84.0
1777888913.4773324,-3.0,0.0,-81.0
1777888913.4873323,-6.0,0.0,-80.0
1777888913.4973323,-4.0,-5.0,-74.0
1777888913.5073323,0.0,-4.0,-71.0
1777888913.5173323,0.0,-6.0,-67.0
1777888913.5273323,-2.0,-5.0,-72.0
1777888913.5373323,-6.0,-9.0,-72.0
1777888913.5473323,-7.0,-8.0,-77.0
1777888913.5573325,0.0,-10.0,-76.0
1777888913.5673325,0.0,-10.0,-73.0
1777888913.5773325,1.0,-5.0,-70.0
1777888913.5873325,3.0,-2.0,-64.0
1777888913.5973325,3.0,-1.0,-67.0
1777888913.6073325,3.0,-2.0,-70.0
1777888913.6173325,4.0,0.0,-77.0
1777888913.6273324,1.0,0.0,-72.0
1777888913.6373324,6.0,-4.0,-80.0
1777888913.6473324,5.0,0.0,-85.0
1777888913.6573324,9.0,3.0,-82.0
1777888913.6673324,7.0,-1.0,-79.0
1777888913.6773324,6.0,-2.0,-74.0
1777888913.6873324,7.0,-2.0,-80.0
1777888913.6973324,4.0,-1.0,-71.0
1777888913.7073324,2.0,-2.0,-76.0
1777888913.7173324,-2.0,-2.0,-75.0
1777888913.7273324,-2.0,0.0,-77.0
1777888913.7383325,0.0,-3.0,-74.0
1777888913.7483325,-3.0,-2.0,-79.0
1777888913.7583325,-1.0,0.0,-80.0
1777888913.7683325,1.0,-1.0,-89.0
1777888913.7783325,3.0,1.0,-88.0
1777888913.7883325,4.0,2.0,-84.0
1777888913.7983325,1.0,1.0,-81.0
1777888913.8083324,0.0,2.0,-77.0
1777888913.8183324,1.0,2.0,-75.0
1777888913.8283324,0.0,3.0,-73.0
1777888913.8383324,1.0,6.0,-70.0
1777888913.8483324,6.0,3.0,-72.0
1777888913.8583324,5.0,0.0,-73.0
1777888913.8683324,2.0,2.0,-74.0
1777888913.8783324,0.0,2.0,-79.0
1777888913.8883324,0.0,0.0,-75.0
1777888913.8983324,0.0,-2.0,-76.0
1777888913.9083323,0.0,-6.0,-73.0
1777888913.9183323,-1.0,-6.0,-73.0
1777888913.9283323,-1.0,-6.0,-72.0
1777888913.9383323,-1.0,-5.0,-73.0
1777888913.9483323,0.0,-6.0,-74.0
1777888913.9583323,0.0,-6.0,-71.0
1777888913.9683323,3.0,-3.0,-72.0
1777888913.9783323,6.0,0.0,-73.0
1777888913.9883325,5.0,-1.0,-72.0
1777888913.9983325,5.0,0.0,-79.0
1777888914.0083325,0.0,0.0,-83.0
1777888914.0183325,-1.0,3.0,-82.0
1777888914.0283325,-1.0,0.0,-80.0
1777888914.0383325,0.0,0.0,-74.0
1777888914.0483325,-1.0,-1.0,-78.0
1777888914.0583324,-2.0,2.0,-76.0
1777888914.0683324,-1.0,4.0,-72.0
1777888914.0783324,0.0,0.0,-71.0
1777888914.0883324,0.0,2.0,-72.0
1777888914.0983324,-2.0,4.0,-73.0
1777888914.1083324,-1.0,4.0,-86.0
1777888914.1183324,-2.0,4.0,-82.0
1777888914.1283324,-2.0,4.0,-82.0
1777888914.1383324,-2.0,-1.0,-80.0
1777888914.1483324,-3.0,0.0,-84.0
1777888914.1583323,-3.0,-3.0,-84.0
1777888914.1683323,1.0,-3.0,-88.0
1777888914.1783323,-2.0,1.0,-83.0
1777888914.1883323,2.0,3.0,-79.0
1777888914.1983323,2.0,4.0,-80.0
1777888914.2083323,0.0,3.0,-80.0
1777888914.2183323,7.0,3.0,-81.0
1777888914.2283323,6.0,3.0,-82.0
1777888914.2383325,10.0,2.0,-83.0
1777888914.2483325,15.0,1.0,-79.0
1777888914.2583325,16.0,0.0,-78.0
1777888914.2683325,14.0,-1.0,-78.0
1777888914.2783325,10.0,0.0,-77.0
1777888914.2883325,5.0,1.0,-78.0
1777888914.2983325,1.0,0.0,-73.0
1777888914.3083324,4.0,-2.0,-74.0
1777888914.3183324,4.0,0.0,-81.0
1777888914.3283324,4.0,7.0,-79.0
1777888914.3383324,1.0,5.0,-77.0
1777888914.3483324,0.0,8.0,-82.0
1777888914.3583324,0.0,4.0,-79.0
1777888914.3683324,0.0,3.0,-79.0
1777888914.3783324,1.0,0.0,-76.0
1777888914.3883324,0.0,4.0,-79.0
1777888914.3983324,1.0,5.0,-84.0
1777888914.4083323,2.0,7.0,-84.0
1777888914.4183323,9.0,5.0,-78.0
1777888914.4283323,12.0,2.0,-71.0
1777888914.4383323,11.0,2.0,-70.0
1777888914.4483323,9.0,2.0,-68.0
1777888914.4583323,8.0,1.0,-64.0
1777888914.4683323,7.0,2.0,-61.0
1777888914.4783323,7.0,2.0,-61.0
1777888914.4883325,5.0,2.0,-60.0
1777888914.4983325,2.0,1.0,-64.0
1777888914.5083325,3.0,0.0,-68.0
1777888914.5183325,2.0,0.0,-70.0
1777888914.5283325,5.0,-3.0,-74.0
1777888914.5383325,5.0,-3.0,-79.0
1777888914.5483325,2.0,-6.0,-80.0
1777888914.5583324,2.0,-3.0,-81.0
1777888914.5683324,1.0,-6.0,-72.0
1777888914.5783324,2.0,-7.0,-67.0
1777888914.5883324,1.0,-8.0,-68.0
1777888914.5983324,5.0,-1.0,-73.0
1777888914.6083324,6.0,2.0,-72.0
1777888914.6183324,4.0,2.0,-72.0
1777888914.6283324,6.0,-1.0,-69.0
1777888914.6383324,8.0,-4.0,-72.0
1777888914.6483324,5.0,-3.0,-76.0
1777888914.6583323,3.0,0.0,-77.0
1777888914.6683323,4.0,-2.0,-81.0
1777888914.6783323,8.0,0.0,-79.0
1777888914.6883323,9.0,1.0,-80.0
1777888914.6983323,7.0,3.0,-82.0
1777888914.7083323,2.0,-1.0,-78.0
1777888914.7183323,0.0,1.0,-76.0
1777888914.7283323,0.0,2.0,-76.0
1777888914.7383325,-2.0,1.0,-77.0
1777888914.7483325,-2.0,0.0,-78.0
1777888914.7583325,1.0,5.0,-75.0
1777888914.7683325,1.0,2.0,-78.0
1777888914.7783325,1.0,-3.0,-80.0
1777888914.7883325,5.0,-4.0,-80.0
1777888914.7983325,4.0,-4.0,-78.0
1777888914.8083324,2.0,-4.0,-82.0
1777888914.8183324,0.0,-2.0,-85.0
1777888914.8283324,-3.0,-7.0,-79.0
1777888914.8383324,-3.0,-8.0,-74.0
1777888914.8483324,-2.0,-4.0,-65.0
1777888914.8583324,0.0,-1.0,-66.0
1777888914.8683324,0.0,-1.0,-69.0
1777888914.8783324,-2.0,0.0,-66.0
1777888914.8883324,-2.0,0.0,-65.0
1777888914.8983324,-2.0,-2.0,-65.0
1777888914.9083323,-1.0,-3.0,-69.0
1777888914.9183323,-2.0,-3.0,-69.0
1777888914.9283323,0.0,-3.0,-71.0
1777888914.9383323,0.0,-6.0,-67.0
1777888914.9483323,2.0,-4.0,-69.0
1777888914.9583323,2.0,-7.0,-69.0
1777888914.9683323,6.0,-3.0,-74.0
1777888914.9783323,6.0,-2.0,-72.0
1777888914.9883325,7.0,0.0,-74.0
1777888914.9983325,13.0,0.0,-75.0
1777888915.0083325,12.0,-1.0,-75.0
1777888915.0183325,8.0,1.0,-79.0
1777888915.0283325,5.0,-2.0,-77.0
1777888915.0383325,1.0,1.0,-77.0
1777888915.0483325,3.0,2.0,-77.0
1777888915.0583324,4.0,4.0,-80.0
1777888915.0683324,5.0,8.0,-77.0
1777888915.0783324,3.0,3.0,-73.0
1777888915.0883324,-2.0,1.0,-71.0
1777888915.0983324,1.0,0.0,-71.0
1777888915.1083324,1.0,1.0,-74.0
1777888915.1183324,0.0,0.0,-81.0
1777888915.1283324,2.0,0.0,-84.0
1777888915.1383324,1.0,0.0,-80.0
1777888915.1483324,1.0,-1.0,-75.0
1777888915.1583323,0.0,0.0,-73.0
1777888915.1683323,-1.0,-2.0,-80.0
1777888915.1783323,-2.0,-4.0,-77.0
1777888915.1883323,-1.0,-4.0,-76.0
1777888915.1983323,-1.0,-3.0,-71.0
1777888915.2083323,3.0,-1.0,-71.0
1777888915.2183323,2.0,3.0,-68.0
1777888915.2283323,5.0,1.0,-69.0
1777888915.2383325,2.0,1.0,-69.0
1777888915.2483325,1.0,1.0,-71.0
1777888915.2583325,1.0,-2.0,-62.0
1777888915.2683325,0.0,-2.0,-67.0
1777888915.2783325,0.0,0.0,-69.0
1777888915.2883325,-1.0,0.0,-74.0
1777888915.2983325,0.0,2.0,-77.0
1777888915.3083324,8.0,0.0,-74.0
1777888915.3183324,9.0,0.0,-68.0
1777888915.3283324,3.0,-1.0,-71.0
1777888915.3383324,5.0,0.0,-79.0
1777888915.3483324,8.0,-1.0,-88.0
1777888915.3583324,8.0,0.0,-83.0
1777888915.3683324,8.0,3.0,-79.0
1777888915.3783324,3.0,1.0,-81.0
1777888915.3883324,1.0,3.0,-78.0
1777888915.3983324,3.0,-2.0,-75.0
1777888915.4083323,2.0,0.0,-78.0
1777888915.4183323,2.0,2.0,-76.0
1777888915.4283323,3.0,3.0,-79.0
1777888915.4383323,-3.0,0.0,-82.0
1777888915.4483323,-3.0,0.0,-79.0
1777888915.4583323,0.0,-1.0,-80.0
1777888915.4683323,-2.0,-2.0,-84.0
1777888915.4783323,-3.0,2.0,-87.0
1777888915.4883325,-1.0,1.0,-82.0
1777888915.4983325,-2.0,0.0,-81.0
1777888915.5083325,0.0,1.0,-77.0
1777888915.5183325,0.0,-2.0,-79.0
1777888915.5283325,2.0,-2.0,-83.0
1777888915.5383325,1.0,-2.0,-82.0
1777888915.5483325,2.0,-1.0,-80.0
1777888915.5583324,1.0,0.0,-75.0
1777888915.5683324,3.0,4.0,-70.0
1777888915.5783324,4.0,6.0,-74.0
1777888915.5883324,0.0,5.0,-71.0
1777888915.5983324,-3.0,10.0,-73.0
1777888915.6083324,-5.0,9.0,-72.0
1777888915.6183324,0.0,5.0,-71.0
1777888915.6283324,-2.0,0.0,-73.0
1777888915.6383324,-2.0,-2.0,-74.0
1777888915.6483324,1.0,-3.0,-69.0
1777888915.6583323,6.0,0.0,-68.0
1777888915.6683323,7.0,1.0,-68.0
1777888915.6783323,0.0,0.0,-66.0
1777888915.6883323,2.0,1.0,-61.0
1777888915.6983323,6.0,0.0,-65.0
1777888915.7093325,8.0,3.0,-68.0
1777888915.7193325,4.0,1.0,-67.0
1777888915.7293324,1.0,0.0,-66.0
1777888915.7393324,-2.0,1.0,-63.0
1777888915.7493324,-5.0,1.0,-67.0
1777888915.7593324,0.0,4.0,-67.0
1777888915.7693324,-1.0,5.0,-71.0
1777888915.7793324,-2.0,1.0,-73.0
1777888915.7893324,0.0,0.0,-72.0
1777888915.7993324,4.0,-6.0,-74.0
1777888915.8093324,2.0,-7.0,-72.0
1777888915.8193324,5.0,-7.0,-79.0
1777888915.8293324,4.0,-3.0,-79.0
1777888915.8393323,2.0,0.0,-80.0
1777888915.8493323,0.0,-7.0,-79.0
1777888915.8593323,-1.0,-8.0,-79.0
1777888915.8693323,-3.0,-4.0,-77.0
1777888915.8793323,-3.0,-2.0,-73.0
1777888915.8893323,0.0,-1.0,-78.0
1777888915.8993323,-2.0,0.0,-69.0
1777888915.9093325,-6.0,1.0,-69.0
1777888915.9193325,-1.0,2.0,-69.0
1777888915.9293325,-1.0,0.0,-77.0
1777888915.9393325,-1.0,3.0,-81.0
1777888915.9493325,0.0,0.0,-80.0
1777888915.9593325,1.0,0.0,-81.0
1777888915.9693325,7.0,2.0,-76.0
1777888915.9793324,3.0,2.0,-73.0
1777888915.9893324,4.0,1.0,-75.0
1777888915.9993324,4.0,0.0,-71.0
1777888916.0093324,0.0,-1.0,-71.0
1777888916.0193324,-3.0,-1.0,-74.0
1777888916.0293324,-3.0,-3.0,-77.0
1777888916.0393324,-1.0,-1.0,-75.0
1777888916.0493324,-2.0,-1.0,-76.0
1777888916.0593324,-4.0,-4.0,-76.0
1777888916.0693324,4.0,-5.0,-75.0
1777888916.0793324,6.0,-4.0,-74.0
1777888916.0893323,6.0,1.0,-67.0
1777888916.0993323,1.0,2.0,-65.0
1777888916.1093323,-1.0,0.0,-65.0
1777888916.1193323,0.0,1.0,-69.0
1777888916.1293323,2.0,-2.0,-70.0
1777888916.1393323,4.0,-4.0,-74.0
1777888916.1493323,2.0,-5.0,-74.0
1777888916.1593325,-1.0,-2.0,-75.0
1777888916.1693325,-5.0,-3.0,-86.0
1777888916.1793325,-3.0,-1.0,-86.0
1777888916.1893325,0.0,0.0,-83.0
1777888916.1993325,2.0,-1.0,-79.0
1777888916.2093325,-5.0,-2.0,-80.0
1777888916.2193325,-7.0,-2.0,-80.0
1777888916.2293324,-8.0,0.0,-81.0
1777888916.2393324,0.0,-1.0,-83.0
1777888916.2493324,4.0,0.0,-74.0
1777888916.2593324,4.0,1.0,-77.0
1777888916.2693324,4.0,-2.0,-78.0
1777888916.2793324,6.0,1.0,-74.0
1777888916.2893324,8.0,4.0,-82.0
1777888916.2993324,8.0,1.0,-78.0
1777888916.3093324,6.0,2.0,-81.0
1777888916.3193324,1.0,2.0,-82.0
1777888916.3293324,2.0,0.0,-79.0
1777888916.3393323,3.0,-2.0,-76.0
1777888916.3493323,0.0,-1.0,-72.0
1777888916.3593323,2.0,0.0,-73.0
1777888916.3693323,2.0,-2.0,-76.0
1777888916.3793323,1.0,0.0,-78.0
1777888916.3893323,-1.0,-4.0,-83.0
1777888916.3993323,0.0,-4.0,-77.0
1777888916.4093325,-1.0,-7.0,-81.0
1777888916.4193325,-1.0,-4.0,-81.0
1777888916.4293325,0.0,-4.0,-87.0
1777888916.4393325,-1.0,-6.0,-82.0
1777888916.4493325,-1.0,-5.0,-80.0
1777888916.4593325,-6.0,-4.0,-77.0
1777888916.4693325,-5.0,-1.0,-72.0
1777888916.4793324,-1.0,1.0,-71.0
1777888916.4893324,0.0,5.0,-78.0
1777888916.4993324,0.0,5.0,-76.0
1777888916.5093324,-1.0,6.0,-68.0
1777888916.5193324,0.0,3.0,-63.0
1777888916.5293324,1.0,4.0,-66.0
1777888916.5393324,1.0,5.0,-67.0
1777888916.5493324,0.0,3.0,-68.0
1777888916.5593324,-1.0,2.0,-66.0
1777888916.5693324,-1.0,0.0,-67.0
1777888916.5793324,-1.0,0.0,-70.0
1777888916.5893323,0.0,0.0,-71.0
1777888916.5993323,2.0,0.0,-67.0
1777888916.6093323,0.0,-2.0,-68.0
1777888916.6193323,-2.0,-3.0,-66.0
1777888916.6293323,-1.0,0.0,-62.0
1777888916.6393323,-2.0,-2.0,-59.0
1777888916.6493323,-1.0,-3.0,-59.0
1777888916.6593325,-5.0,-2.0,-64.0
1777888916.6703324,-4.0,-5.0,-66.0
1777888916.6793325,-2.0,-2.0,-68.0
1777888916.6893325,2.0,-4.0,-70.0
1777888916.6993325,0.0,-3.0,-68.0
1777888916.7093325,0.0,-3.0,-68.0
1777888916.7193325,-1.0,-4.0,-68.0
1777888916.7293324,-7.0,-4.0,-68.0
1777888916.7393324,-9.0,-5.0,-72.0
1777888916.7493324,-8.0,-5.0,-68.0
1777888916.7593324,-6.0,-3.0,-69.0
1777888916.7693324,-1.0,-4.0,-68.0
1777888916.7793324,0.0,-6.0,-70.0
1777888916.7893324,-3.0,-1.0,-72.0
1777888916.7993324,-3.0,0.0,-71.0
1777888916.8093324,-2.0,1.0,-75.0
1777888916.8193324,-1.0,0.0,-75.0
1777888916.8293324,2.0,0.0,-71.0
1777888916.8393323,3.0,0.0,-65.0
1777888916.8493323,-3.0,-5.0,-71.0
1777888916.8593323,-1.0,-6.0,-76.0
1777888916.8693323,-2.0,-7.0,-77.0
1777888916.8793323,0.0,-5.0,-79.0
1777888916.8893323,0.0,-2.0,-85.0
1777888916.8993323,2.0,-4.0,-84.0
1777888916.9093325,8.0,-3.0,-79.0
1777888916.9193325,4.0,-3.0,-78.0
1777888916.9293325,1.0,-4.0,-78.0
1777888916.9393325,3.0,-3.0,-79.0
1777888916.9493325,3.0,-3.0,-73.0
1777888916.9593325,7.0,-3.0,-71.0
1777888916.9693325,4.0,-6.0,-73.0
1777888916.9793324,7.0,-10.0,-71.0
1777888916.9893324,5.0,-6.0,-73.0
1777888916.9993324,3.0,-5.0,-73.0
1777888917.0093324,6.0,-1.0,-77.0
1777888917.0193324,2.0,-7.0,-79.0
1777888917.0293324,0.0,-2.0,-83.0
1777888917.0393324,0.0,0.0,-86.0
1777888917.0493324,-1.0,-2.0,-83.0
1777888917.0593324,-2.0,-2.0,-84.0
1777888917.0693324,-1.0,-2.0,-75.0
1777888917.0793324,0.0,-3.0,-81.0
1777888917.0893323,-3.0,0.0,-79.0
1777888917.0993323,0.0,0.0,-75.0
1777888917.1093323,-1.0,2.0,-72.0
1777888917.1193323,4.0,6.0,-71.0
1777888917.1293323,6.0,3.0,-72.0
1777888917.1393323,0.0,-1.0,-76.0
1777888917.1493323,-7.0,0.0,-75.0
1777888917.1593325,-10.0,0.0,-78.0
1777888917.1693325,-4.0,0.0,-75.0
1777888917.1793325,-7.0,-1.0,-70.0
1777888917.1893325,-4.0,0.0,-73.0
1777888917.1993325,-2.0,0.0,-72.0
1777888917.2093325,3.0,3.0,-68.0
1777888917.2193325,5.0,4.0,-71.0
1777888917.2293324,5.0,4.0,-70.0
1777888917.2393324,5.0,4.0,-78.0
1777888917.2493324,6.0,6.0,-71.0
1777888917.2593324,3.0,6.0,-72.0
1777888917.2693324,4.0,2.0,-75.0
1777888917.2793324,4.0,6.0,-82.0
1777888917.2893324,8.0,2.0,-84.0
1777888917.2993324,9.0,0.0,-84.0
1777888917.3093324,6.0,-1.0,-85.0
1777888917.3193324,3.0,-4.0,-89.0
1777888917.3293324,12.0,-4.0,-82.0
1777888917.3393323,10.0,-2.0,-80.0
1777888917.3493323,8.0,0.0,-84.0
1777888917.3593323,2.0,-2.0,-82.0
1777888917.3693323,-6.0,4.0,-74.0
1777888917.3793323,-5.0,7.0,-75.0
1777888917.3893323,-3.0,6.0,-73.0
1777888917.3993323,0.0,5.0,-78.0
1777888917.4093325,0.0,6.0,-81.0
1777888917.4193325,3.0,4.0,-83.0
1777888917.4293325,6.0,1.0,-80.0
1777888917.4393325,4.0,0.0,-81.0
1777888917.4493325,3.0,0.0,-84.0
1777888917.4593325,1.0,-2.0,-75.0
1777888917.4693325,4.0,-6.0,-68.0
1777888917.4793324,1.0,-10.0,-69.0
1777888917.4893324,-2.0,-11.0,-71.0
1777888917.4993324,-2.0,-11.0,-71.0
1777888917.5093324,-2.0,-5.0,-67.0
1777888917.5193324,-7.0,-1.0,-67.0
1777888917.5293324,-8.0,0.0,-65.0
1777888917.5393324,-5.0,2.0,-66.0
1777888917.5493324,-1.0,1.0,-73.0
1777888917.5593324,0.0,2.0,-77.0
1777888917.5693324,0.0,-2.0,-81.0
1777888917.5793324,1.0,-4.0,-83.0
1777888917.5893323,-2.0,-1.0,-81.0
1777888917.5993323,-5.0,0.0,-81.0
1777888917.6093323,-5.0,-2.0,-78.0
1777888917.6193323,-2.0,-2.0,-74.0
1777888917.6293323,5.0,0.0,-74.0
1777888917.6393323,3.0,-1.0,-71.0
1777888917.6493323,3.0,-2.0,-72.0
1777888917.6593325,-1.0,2.0,-65.0
1777888917.6693325,-4.0,6.0,-66.0
1777888917.6793325,-5.0,6.0,-68.0
1777888917.6893325,-6.0,8.0,-69.0
1777888917.6993325,-5.0,2.0,-69.0
1777888917.7103324,-10.0,3.0,-67.0
1777888917.7203324,-7.0,0.0,-70.0
1777888917.7303324,-5.0,-1.0,-77.0
1777888917.7403324,0.0,-1.0,-79.0
1777888917.7503324,0.0,-2.0,-80.0
1777888917.7603323,-1.0,0.0,-74.0
1777888917.7703323,4.0,-2.0,-74.0
1777888917.7803323,8.0,0.0,-81.0
1777888917.7903323,12.0,0.0,-81.0
1777888917.8003323,11.0,0.0,-81.0
1777888917.8103323,8.0,0.0,-83.0
1777888917.8203323,9.0,0.0,-80.0
1777888917.8303325,7.0,0.0,-83.0
1777888917.8403325,10.0,0.0,-84.0
1777888917.8503325,8.0,-2.0,-82.0
1777888917.8603325,6.0,-6.0,-75.0
1777888917.8703325,11.0,-6.0,-76.0
1777888917.8803325,12.0,-3.0,-77.0
1777888917.8903325,9.0,-2.0,-68.0
1777888917.9003325,8.0,0.0,-69.0
1777888917.9103324,6.0,1.0,-67.0
1777888917.9203324,6.0,1.0,-69.0
1777888917.9303324,4.0,-3.0,-81.0
1777888917.9403324,6.0,-1.0,-79.0
1777888917.9503324,6.0,0.0,-78.0
1777888917.9603324,4.0,1.0,-78.0
1777888917.9703324,1.0,0.0,-70.0
1777888917.9803324,0.0,-4.0,-70.0
1777888917.9903324,0.0,-4.0,-71.0
1777888918.0003324,2.0,-6.0,-74.0
1777888918.0103323,-2.0,-5.0,-78.0
1777888918.0203323,-3.0,0.0,-71.0
1777888918.0303323,0.0,-1.0,-66.0
1777888918.0403323,0.0,0.0,-61.0
1777888918.0503323,0.0,0.0,-64.0
1777888918.0603323,-3.0,0.0,-69.0
1777888918.0703323,-4.0,0.0,-70.0
1777888918.0803325,-2.0,0.0,-77.0
1777888918.0903325,1.0,0.0,-78.0
1777888918.1003325,-5.0,-3.0,-74.0
1777888918.1103325,0.0,-5.0,-72.0
1777888918.1203325,0.0,-5.0,-73.0
1777888918.1303325,-1.0,-3.0,-77.0
1777888918.1403325,-7.0,-3.0,-77.0
1777888918.1503325,-7.0,-2.0,-75.0
1777888918.1603324,-3.0,-2.0,-70.0
1777888918.1703324,-1.0,-4.0,-67.0
1777888918.1803324,-1.0,-3.0,-63.0
1777888918.1903324,1.0,0.0,-66.0
1777888918.2003324,0.0,2.0,-74.0
1777888918.2103324,2.0,1.0,-80.0
1777888918.2203324,5.0,2.0,-79.0
1777888918.2303324,6.0,0.0,-78.0
1777888918.2403324,10.0,-1.0,-78.0
1777888918.2503324,4.0,-1.0,-75.0
1777888918.2603323,-1.0,-2.0,-75.0
1777888918.2703323,-2.0,-1.0,-73.0
1777888918.2803323,-5.0,-3.0,-74.0
1777888918.2903323,-3.0,0.0,-70.0
1777888918.3003323,1.0,-2.0,-76.0
1777888918.3103323,0.0,-3.0,-74.0
1777888918.3203323,-2.0,-2.0,-80.0
1777888918.3303325,-5.0,-3.0,-81.0
1777888918.3403325,-5.0,-3.0,-88.0
1777888918.3503325,-3.0,-3.0,-83.0
1777888918.3603325,-5.0,-2.0,-80.0
1777888918.3703325,-1.0,-4.0,-79.0
1777888918.3803325,3.0,-7.0,-82.0
1777888918.3903325,2.0,-7.0,-78.0
1777888918.4003325,-2.0,-3.0,-80.0
1777888918.4103324,-3.0,-3.0,-77.0
1777888918.4203324,-5.0,-3.0,-80.0
1777888918.4303324,3.0,0.0,-75.0
1777888918.4403324,2.0,-2.0,-73.0
1777888918.4503324,-2.0,-2.0,-71.0
1777888918.4603324,-5.0,1.0,-76.0
1777888918.4703324,-7.0,2.0,-74.0
1777888918.4803324,-10.0,3.0,-75.0
1777888918.4903324,-7.0,4.0,-68.0
1777888918.5003324,0.0,-1.0,-73.0
1777888918.5103323,-4.0,-1.0,-75.0
1777888918.5203323,4.0,-2.0,-78.0
1777888918.5303323,8.0,-5.0,-78.0
1777888918.5403323,5.0,-3.0,-74.0
1777888918.5503323,3.0,-1.0,-70.0
1777888918.5603323,2.0,-2.0,-74.0
1777888918.5703323,-1.0,-1.0,-70.0
1777888918.5803325,1.0,-3.0,-71.0
1777888918.5903325,1.0,-6.0,-80.0
1777888918.6003325,0.0,-5.0,-73.0
1777888918.6103325,0.0,-4.0,-69.0
1777888918.6203325,0.0,-3.0,-64.0
1777888918.6303325,0.0,-3.0,-61.0
1777888918.6403325,3.0,-4.0,-64.0
1777888918.6503325,1.0,0.0,-66.0
1777888918.6603324,-2.0,0.0,-71.0
1777888918.6703324,-2.0,1.0,-75.0
1777888918.6803324,-1.0,1.0,-76.0
1777888918.6903324,0.0,-1.0,-75.0
1777888918.7003324,0.0,0.0,-77.0
1777888918.7103324,1.0,-2.0,-80.0
1777888918.7203324,4.0,0.0,-77.0
1777888918.7303324,0.0,1.0,-73.0
1777888918.7403324,-2.0,0.0,-69.0
1777888918.7503324,0.0,1.0,-70.0
1777888918.7603323,0.0,0.0,-72.0
1777888918.7703323,0.0,2.0,-68.0
1777888918.7803323,0.0,0.0,-69.0
1777888918.7903323,0.0,2.0,-76.0
1777888918.8003323,-1.0,4.0,-77.0
1777888918.8103323,-2.0,0.0,-82.0
1777888918.8203323,0.0,1.0,-82.0
1777888918.8303325,-4.0,0.0,-79.0
1777888918.8403325,2.0,-1.0,-74.0
1777888918.8503325,6.0,-1.0,-81.0
1777888918.8603325,8.0,0.0,-84.0
1777888918.8703325,2.0,-2.0,-78.0
1777888918.8803325,0.0,0.0,-78.0
1777888918.8903325,1.0,0.0,-75.0
1777888918.9003325,-1.0,0.0,-73.0
1777888918.9103324,0.0,1.0,-68.0
1777888918.9203324,-1.0,-3.0,-70.0
1777888918.9303324,0.0,-1.0,-70.0
1777888918.9403324,-2.0,2.0,-68.0
1777888918.9503324,0.0,0.0,-70.0
1777888918.9603324,0.0,-6.0,-72.0
1777888918.9703324,6.0,-4.0,-72.0
1777888918.9803324,6.0,-2.0,-69.0
1777888918.9903324,5.0,0.0,-67.0
1777888919.0003324,1.0,-4.0,-69.0
1777888919.0103323,0.0,-5.0,-74.0
1777888919.0203323,0.0,0.0,-73.0
1777888919.0303323,0.0,1.0,-81.0
1777888919.0403323,-1.0,2.0,-81.0
1777888919.0503323,-4.0,5.0,-78.0
1777888919.0603323,-5.0,1.0,-81.0
1777888919.0703323,-2.0,-1.0,-75.0
1777888919.0803325,-1.0,-3.0,-62.0
1777888919.0903325,-3.0,0.0,-68.0
1777888919.1003325,1.0,-3.0,-68.0
1777888919.1103325,0.0,-6.0,-71.0
1777888919.1203325,0.0,-5.0,-75.0
1777888919.1303325,0.0,0.0,-78.0
1777888919.1403325,0.0,-3.0,-76.0
1777888919.1503325,-3.0,1.0,-75.0
1777888919.1603324,-5.0,-3.0,-79.0
1777888919.1703324,-8.0,-4.0,-88.0
1777888919.1803324,-4.0,-2.0,-84.0
1777888919.1903324,-2.0,-2.0,-82.0
1777888919.2003324,-3.0,0.0,-80.0
1777888919.2103324,-2.0,0.0,-80.0
1777888919.2203324,0.0,-1.0,-83.0
1777888919.2303324,1.0,0.0,-84.0
1777888919.2403324,2.0,0.0,-83.0
1777888919.2503324,3.0,2.0,-84.0
1777888919.2603323,0.0,-1.0,-77.0
1777888919.2703323,4.0,0.0,-77.0
1777888919.2803323,2.0,3.0,-75.0
1777888919.2903323,-3.0,4.0,-72.0
1777888919.3003323,-6.0,2.0,-70.0
1777888919.3103323,-5.0,0.0,-66.0
1777888919.3203323,-7.0,-1.0,-72.0
1777888919.3303325,-9.0,-3.0,-68.0
1777888919.3403325,-8.0,-2.0,-69.0
1777888919.3503325,-11.0,0.0,-64.0
1777888919.3603325,-15.0,0.0,-63.0
1777888919.3703325,-15.0,0.0,-66.0
1777888919.3803325,-11.0,0.0,-67.0
1777888919.3903325,-12.0,-2.0,-71.0
1777888919.4003325,-12.0,-4.0,-83.0
1777888919.4103324,-11.0,-6.0,-82.0
1777888919.4203324,-8.0,-5.0,-75.0
1777888919.4303324,-7.0,-1.0,-77.0
1777888919.4403324,-1.0,-1.0,-77.0
1777888919.4503324,-2.0,-5.0,-76.0
1777888919.4603324,-5.0,-6.0,-75.0
1777888919.4703324,1.0,-3.0,-72.0
1777888919.4803324,1.0,-3.0,-71.0
1777888919.4903324,5.0,1.0,-64.0
1777888919.5003324,6.0,6.0,-67.0
1777888919.5103323,-2.0,2.0,-76.0
1777888919.5203323,-3.0,-1.0,-73.0
1777888919.5303323,-3.0,-1.0,-71.0
1777888919.5403323,-3.0,-3.0,-71.0
1777888919.5503323,3.0,-4.0,-70.0
1777888919.5603323,4.0,-6.0,-59.0
1777888919.5703323,6.0,-6.0,-64.0
1777888919.5803325,7.0,-2.0,-71.0
1777888919.5903325,5.0,2.0,-77.0
1777888919.6003325,3.0,1.0,-76.0
1777888919.6103325,0.0,2.0,-73.0
1777888919.6203325,0.0,1.0,-67.0
1777888919.6303325,0.0,4.0,-70.0
1777888919.6403325,0.0,5.0,-67.0
1777888919.6503325,0.0,6.0,-68.0
1777888919.6603324,-1.0,6.0,-69.0
1777888919.6713324,5.0,6.0,-72.0
1777888919.6813323,2.0,6.0,-72.0
1777888919.6913323,1.0,3.0,-66.0
1777888919.7003324,2.0,2.0,-69.0
1777888919.7113323,1.0,0.0,-67.0
1777888919.7213323,-3.0,6.0,-70.0
1777888919.7313323,-7.0,6.0,-71.0
1777888919.7413323,-6.0,7.0,-80.0
1777888919.7513323,-5.0,9.0,-81.0
1777888919.7613325,-1.0,6.0,-83.0
1777888919.7713325,-2.0,4.0,-81.0
1777888919.7813325,-1.0,2.0,-78.0
1777888919.7913325,0.0,0.0,-77.0
1777888919.8013325,3.0,-3.0,-73.0
1777888919.8113325,6.0,-4.0,-72.0
1777888919.8213325,3.0,-3.0,-67.0
1777888919.8313324,3.0,-3.0,-72.0
1777888919.8413324,3.0,-3.0,-71.0
1777888919.8513324,4.0,-3.0,-80.0
1777888919.8613324,10.0,-6.0,-83.0
1777888919.8713324,14.0,-10.0,-83.0
1777888919.8813324,13.0,-9.0,-78.0
1777888919.8913324,7.0,-5.0,-76.0
1777888919.9013324,1.0,-1.0,-77.0
1777888919.9113324,-1.0,2.0,-76.0
1777888919.9213324,-1.0,0.0,-70.0
1777888919.9313323,-2.0,2.0,-72.0
1777888919.9413323,-2.0,2.0,-70.0
1777888919.9513323,-4.0,5.0,-67.0
1777888919.9613323,-5.0,8.0,-66.0
1777888919.9713323,-1.0,10.0,-64.0
1777888919.9813323,1.0,9.0,-61.0
1777888919.9913323,2.0,6.0,-65.0
1777888920.0013323,4.0,2.0,-65.0
1777888920.0113325,3.0,2.0,-65.0
1777888920.0213325,3.0,0.0,-64.0
1777888920.0313325,-2.0,-1.0,-67.0
1777888920.0413325,0.0,0.0,-72.0
1777888920.0513325,1.0,0.0,-77.0
1777888920.0613325,4.0,0.0,-81.0
1777888920.0713325,0.0,2.0,-80.0
1777888920.0813324,-2.0,1.0,-78.0
1777888920.0913324,-2.0,2.0,-79.0
1777888920.1013324,0.0,6.0,-82.0
1777888920.1113324,-3.0,5.0,-78.0
1777888920.1213324,1.0,6.0,-77.0
1777888920.1313324,4.0,3.0,-78.0
1777888920.1413324,5.0,3.0,-79.0
1777888920.1513324,6.0,0.0,-82.0
1777888920.1613324,3.0,3.0,-80.0
1777888920.1713324,3.0,1.0,-80.0
1777888920.1813323,2.0,0.0,-83.0
1777888920.1913323,2.0,0.0,-79.0
1777888920.2013323,0.0,0.0,-80.0
1777888920.2113323,-2.0,0.0,-80.0
1777888920.2213323,-4.0,-3.0,-78.0
1777888920.2313323,-6.0,-6.0,-75.0
1777888920.2413323,-4.0,-3.0,-78.0
1777888920.2513323,-1.0,-1.0,-79.0
1777888920.2613325,-2.0,-5.0,-84.0
1777888920.2713325,0.0,-6.0,-77.0
1777888920.2813325,-1.0,-9.0,-75.0
1777888920.2913325,-1.0,-9.0,-71.0
1777888920.3013325,-6.0,-8.0,-76.0
1777888920.3113325,-6.0,-8.0,-81.0
1777888920.3213325,-6.0,-6.0,-84.0
1777888920.3313324,-5.0,-4.0,-87.0
1777888920.3413324,-3.0,-1.0,-83.0
1777888920.3513324,0.0,0.0,-82.0
1777888920.3613324,2.0,3.0,-81.0
1777888920.3713324,-1.0,3.0,-83.0
1777888920.3813324,2.0,0.0,-82.0
1777888920.3913324,2.0,-1.0,-86.0
1777888920.4013324,2.0,-4.0,-82.0
1777888920.4113324,3.0,-3.0,-79.0
1777888920.4213324,1.0,-1.0,-75.0
1777888920.4313323,2.0,-3.0,-78.0
1777888920.4413323,2.0,-7.0,-83.0
1777888920.4513323,0.0,-9.0,-79.0
1777888920.4613323,-1.0,-7.0,-75.0
1777888920.4713323,0.0,-5.0,-78.0
1777888920.4813323,0.0,-5.0,-73.0
1777888920.4913323,-1.0,-1.0,-74.0
1777888920.5013323,-1.0,-3.0,-68.0
1777888920.5113325,0.0,-2.0,-69.0
1777888920.5213325,3.0,-4.0,-78.0
1777888920.5313325,0.0,-2.0,-84.0
1777888920.5413325,2.0,-3.0,-85.0
1777888920.5513325,3.0,0.0,-77.0
1777888920.5613325,-1.0,2.0,-76.0
1777888920.5713325,-1.0,2.0,-73.0
1777888920.5813324,0.0,7.0,-70.0
1777888920.5913324,0.0,4.0,-70.0
1777888920.6013324,0.0,4.0,-71.0
1777888920.6113324,2.0,2.0,-75.0
1777888920.6213324,2.0,1.0,-69.0
1777888920.6313324,0.0,-2.0,-71.0
1777888920.6413324,0.0,-1.0,-78.0
1777888920.6513324,2.0,-1.0,-82.0
1777888920.6613324,3.0,-5.0,-88.0
1777888920.6713324,2.0,-6.0,-86.0
1777888920.6813323,1.0,-2.0,-83.0
1777888920.6913323,0.0,-3.0,-75.0
1777888920.7013323,-2.0,0.0,-79.0
1777888920.7113323,0.0,2.0,-81.0
1777888920.7213323,3.0,4.0,-76.0
1777888920.7313323,6.0,5.0,-82.0
1777888920.7413323,10.0,2.0,-82.0
1777888920.7513323,7.0,6.0,-72.0
1777888920.7613325,5.0,6.0,-67.0
1777888920.7713325,3.0,9.0,-72.0
1777888920.7813325,-1.0,6.0,-74.0
1777888920.7913325,-3.0,4.0,-72.0
1777888920.8013325,-4.0,5.0,-74.0
1777888920.8113325,-2.0,7.0,-67.0
1777888920.8213325,-4.0,4.0,-68.0
1777888920.8313324,-3.0,0.0,-63.0
1777888920.8413324,-2.0,2.0,-60.0
1777888920.8513324,1.0,-2.0,-59.0
1777888920.8613324,1.0,-2.0,-63.0
1777888920.8713324,-3.0,0.0,-64.0
1777888920.8813324,-1.0,0.0,-61.0
1777888920.8913324,0.0,-1.0,-56.0
1777888920.9013324,2.0,1.0,-64.0
1777888920.9113324,2.0,0.0,-65.0
1777888920.9213324,0.0,0.0,-72.0
1777888920.9313323,0.0,2.0,-65.0
1777888920.9413323,-3.0,4.0,-67.0
1777888920.9513323,2.0,6.0,-67.0
1777888920.9613323,4.0,4.0,-66.0
1777888920.9713323,6.0,-2.0,-63.0
1777888920.9813323,2.0,-1.0,-69.0
1777888920.9913323,1.0,0.0,-77.0
1777888921.0013323,2.0,-1.0,-75.0
1777888921.0113325,2.0,-1.0,-77.0
1777888921.0213325,2.0,0.0,-75.0
1777888921.0313325,4.0,-1.0,-69.0
1777888921.0413325,4.0,0.0,-73.0
1777888921.0513325,2.0,0.0,-72.0
1777888921.0613325,1.0,-1.0,-76.0
1777888921.0713325,0.0,0.0,-76.0
1777888921.0813324,1.0,0.0,-77.0
1777888921.0913324,3.0,0.0,-71.0
1777888921.1013324,5.0,2.0,-74.0
1777888921.1113324,9.0,3.0,-78.0
1777888921.1213324,10.0,2.0,-76.0
1777888921.1313324,9.0,0.0,-77.0
1777888921.1413324,7.0,0.0,-77.0
1777888921.1513324,6.0,0.0,-84.0
1777888921.1613324,5.0,0.0,-86.0
1777888921.1713324,7.0,0.0,-84.0
1777888921.1813323,4.0,2.0,-75.0
1777888921.1913323,11.0,0.0,-76.0
1777888921.2013323,10.0,0.0,-73.0
1777888921.2113323,8.0,1.0,-70.0
1777888921.2213323,5.0,3.0,-74.0
1777888921.2313323,6.0,1.0,-69.0
1777888921.2413323,0.0,0.0,-66.0
1777888921.2513323,1.0,-2.0,-63.0
1777888921.2613325,1.0,-6.0,-64.0
1777888921.2713325,9.0,-8.0,-72.0
1777888921.2813325,11.0,-2.0,-68.0
1777888921.2913325,8.0,1.0,-67.0
1777888921.3013325,11.0,0.0,-75.0
1777888921.3113325,10.0,1.0,-73.0
1777888921.3213325,9.0,3.0,-75.0
1777888921.3313324,4.0,2.0,-74.0
1777888921.3413324,0.0,2.0,-71.0
1777888921.3513324,-7.0,0.0,-75.0
1777888921.3613324,-7.0,-2.0,-71.0
1777888921.3713324,-3.0,0.0,-72.0
1777888921.3813324,0.0,-2.0,-69.0
1777888921.3913324,-3.0,-3.0,-74.0
1777888921.4013324,-4.0,-3.0,-73.0
1777888921.4113324,-2.0,-3.0,-76.0
1777888921.4213324,-1.0,-3.0,-78.0
1777888921.4313323,-2.0,-5.0,-79.0
1777888921.4413323,-8.0,-3.0,-75.0
1777888921.4513323,-6.0,-1.0,-81.0
1777888921.4613323,-3.0,-2.0,-79.0
1777888921.4713323,-7.0,2.0,-83.0
1777888921.4813323,-7.0,2.0,-78.0
1777888921.4913323,0.0,3.0,-78.0
1777888921.5013323,4.0,3.0,-79.0
1777888921.5113325,3.0,1.0,-74.0
1777888921.5213325,2.0,4.0,-68.0
1777888921.5313325,-1.0,2.0,-71.0
1777888921.5413325,-2.0,3.0,-79.0
1777888921.5513325,-2.0,7.0,-76.0
1777888921.5613325,-4.0,2.0,-75.0
1777888921.5713325,-6.0,-4.0,-74.0
1777888921.5813324,-6.0,-1.0,-74.0
1777888921.5913324,-2.0,-1.0,-76.0
1777888921.6013324,-2.0,0.0,-76.0
1777888921.6113324,-4.0,0.0,-76.0
1777888921.6213324,-3.0,0.0,-67.0
1777888921.6313324,-4.0,0.0,-68.0
1777888921.6423323,-5.0,1.0,-68.0
1777888921.6513324,-3.0,0.0,-72.0
1777888921.6623323,0.0,-3.0,-76.0
1777888921.6723323,0.0,-3.0,-80.0
1777888921.6823325,0.0,0.0,-83.0
1777888921.6923325,-4.0,0.0,-81.0
1777888921.7023325,0.0,0.0,-78.0
1777888921.7123325,0.0,1.0,-82.0
1777888921.7223325,3.0,1.0,-88.0
1777888921.7323325,5.0,2.0,-89.0
1777888921.7423325,3.0,4.0,-91.0
1777888921.7523324,3.0,7.0,-83.0
1777888921.7623324,1.0,5.0,-75.0
1777888921.7723324,1.0,0.0,-72.0
1777888921.7823324,0.0,-1.0,-70.0
1777888921.7923324,3.0,-1.0,-71.0
1777888921.8023324,4.0,-2.0,-72.0
1777888921.8123324,4.0,-5.0,-75.0
1777888921.8223324,2.0,-6.0,-77.0
1777888921.8323324,0.0,-7.0,-70.0
1777888921.8423324,-5.0,-5.0,-70.0
1777888921.8523324,-2.0,-1.0,-70.0
1777888921.8623323,-4.0,0.0,-66.0
1777888921.8723323,-2.0,-1.0,-69.0
1777888921.8823323,0.0,0.0,-71.0
1777888921.8923323,3.0,-1.0,-74.0
1777888921.9023323,2.0,0.0,-82.0
1777888921.9123323,4.0,-3.0,-83.0
1777888921.9223323,5.0,0.0,-82.0
1777888921.9323325,5.0,-2.0,-89.0
1777888921.9423325,7.0,-4.0,-97.0
1777888921.9523325,5.0,-4.0,-95.0
1777888921.9623325,7.0,-7.0,-93.0
1777888921.9723325,2.0,-3.0,-86.0
1777888921.9823325,2.0,-1.0,-80.0
1777888921.9923325,4.0,0.0,-80.0
1777888922.0023324,7.0,-2.0,-75.0
1777888922.0123324,5.0,-3.0,-78.0
1777888922.0223324,5.0,-4.0,-80.0
1777888922.0323324,0.0,-3.0,-79.0
1777888922.0423324,0.0,-3.0,-81.0
1777888922.0523324,0.0,0.0,-77.0
1777888922.0623324,0.0,-3.0,-73.0
1777888922.0723324,2.0,-2.0,-67.0
1777888922.0823324,2.0,-2.0,-70.0
1777888922.0923324,0.0,-4.0,-71.0
1777888922.1023324,1.0,-3.0,-74.0
1777888922.1123323,2.0,-2.0,-73.0
1777888922.1223323,6.0,2.0,-76.0
1777888922.1323323,9.0,1.0,-83.0
1777888922.1423323,3.0,-1.0,-82.0
1777888922.1523323,6.0,-1.0,-80.0
1777888922.1623323,4.0,-7.0,-79.0
1777888922.1723323,7.0,-6.0,-86.0
1777888922.1823325,10.0,-4.0,-88.0
1777888922.1923325,8.0,-4.0,-84.0
1777888922.2023325,4.0,0.0,-80.0
1777888922.2123325,-2.0,0.0,-86.0
1777888922.2223325,-3.0,0.0,-82.0
1777888922.2323325,-5.0,6.0,-76.0
1777888922.2423325,-6.0,5.0,-70.0
1777888922.2523324,-6.0,3.0,-65.0
1777888922.2623324,-3.0,-1.0,-74.0
1777888922.2723324,-3.0,0.0,-78.0
1777888922.2823324,-3.0,0.0,-82.0
1777888922.2923324,-1.0,0.0,-82.0
1777888922.3023324,-3.0,2.0,-85.0
1777888922.3123324,-3.0,4.0,-84.0
1777888922.3223324,-6.0,3.0,-87.0
1777888922.3323324,-5.0,0.0,-83.0
1777888922.3423324,-2.0,1.0,-85.0
1777888922.3523324,-5.0,1.0,-84.0
1777888922.3623323,-7.0,4.0,-83.0
1777888922.3723323,-5.0,8.0,-87.0
1777888922.3823323,-2.0,5.0,-78.0
1777888922.3923323,-5.0,0.0,-83.0
1777888922.4023323,-6.0,1.0,-78.0
1777888922.4123323,-7.0,3.0,-77.0
1777888922.4223323,-7.0,5.0,-79.0
1777888922.4323325,-3.0,1.0,-79.0
1777888922.4423325,0.0,0.0,-79.0
1777888922.4523325,-3.0,5.0,-78.0
1777888922.4623325,-3.0,5.0,-78.0
1777888922.4723325,0.0,4.0,-72.0
1777888922.4823325,2.0,2.0,-75.0
1777888922.4923325,0.0,1.0,-82.0
1777888922.5023324,0.0,2.0,-80.0
1777888922.5123324,2.0,0.0,-79.0
1777888922.5223324,0.0,-3.0,-75.0
1777888922.5323324,-1.0,-4.0,-71.0
1777888922.5423324,0.0,-1.0,-72.0
1777888922.5523324,1.0,-7.0,-69.0
1777888922.5623324,1.0,-7.0,-71.0
1777888922.5723324,1.0,-8.0,-81.0
1777888922.5823324,1.0,-6.0,-86.0
1777888922.5923324,6.0,-2.0,-84.0
1777888922.6023324,2.0,-3.0,-89.0
1777888922.6123323,2.0,-3.0,-92.0
1777888922.6223323,4.0,-1.0,-84.0
1777888922.6323323,3.0,3.0,-81.0
1777888922.6423323,2.0,5.0,-79.0
1777888922.6523323,7.0,0.0,-77.0
1777888922.6623323,6.0,3.0,-76.0
1777888922.6723323,6.0,6.0,-78.0
1777888922.6823325,5.0,3.0,-81.0
1777888922.6923325,6.0,4.0,-83.0
1777888922.7023325,3.0,1.0,-85.0
1777888922.7123325,4.0,5.0,-86.0
1777888922.7223325,4.0,5.0,-80.0
1777888922.7323325,1.0,1.0,-79.0
1777888922.7423325,0.0,0.0,-74.0
1777888922.7523324,0.0,6.0,-72.0
1777888922.7623324,-1.0,8.0,-76.0
1777888922.7723324,-1.0,4.0,-73.0
1777888922.7823324,-2.0,6.0,-76.0
1777888922.7923324,0.0,8.0,-75.0
1777888922.8023324,-5.0,3.0,-68.0
1777888922.8123324,-8.0,2.0,-70.0
1777888922.8223324,-9.0,2.0,-70.0
1777888922.8323324,-6.0,0.0,-78.0
1777888922.8423324,-10.0,-1.0,-76.0
1777888922.8523324,-7.0,-4.0,-74.0
1777888922.8623323,-7.0,-4.0,-70.0
1777888922.8723323,-4.0,-2.0,-68.0
1777888922.8823323,1.0,-2.0,-68.0
1777888922.8923323,1.0,0.0,-67.0
1777888922.9023323,3.0,0.0,-72.0
1777888922.9123323,0.0,0.0,-76.0
1777888922.9223323,1.0,0.0,-79.0
1777888922.9323325,6.0,1.0,-74.0
1777888922.9423325,4.0,4.0,-76.0
1777888922.9523325,-2.0,7.0,-80.0
1777888922.9623325,-5.0,7.0,-78.0
1777888922.9723325,3.0,4.0,-76.0
1777888922.9823325,2.0,8.0,-73.0
1777888922.9923325,4.0,10.0,-69.0
1777888923.0023324,-1.0,3.0,-67.0
1777888923.0123324,-7.0,2.0,-65.0
1777888923.0223324,-6.0,0.0,-64.0
1777888923.0323324,-5.0,-5.0,-65.0
1777888923.0423324,-4.0,-3.0,-69.0
1777888923.0523324,-2.0,0.0,-72.0
1777888923.0623324,-4.0,1.0,-75.0
1777888923.0723324,-4.0,0.0,-73.0
1777888923.0823324,-3.0,0.0,-80.0
1777888923.0923324,0.0,-2.0,-83.0
1777888923.1023324,2.0,-5.0,-80.0
1777888923.1123323,0.0,-3.0,-79.0
1777888923.1223323,0.0,-4.0,-75.0
1777888923.1323323,0.0,-6.0,-77.0
1777888923.1423323,-3.0,-6.0,-83.0
1777888923.1523323,-1.0,-3.0,-85.0
1777888923.1623323,-5.0,-5.0,-75.0
1777888923.1723323,-4.0,-5.0,-73.0
1777888923.1823325,0.0,-3.0,-74.0
1777888923.1923325,-6.0,-3.0,-69.0
1777888923.2023325,-2.0,-5.0,-75.0
1777888923.2123325,-1.0,-2.0,-81.0
1777888923.2223325,3.0,-1.0,-83.0
1777888923.2323325,4.0,0.0,-78.0
1777888923.2423325,6.0,0.0,-81.0
1777888923.2523324,8.0,0.0,-76.0
1777888923.2623324,4.0,0.0,-76.0
1777888923.2723324,3.0,6.0,-80.0
1777888923.2823324,5.0,4.0,-77.0
1777888923.2923324,7.0,2.0,-82.0
1777888923.3023324,4.0,1.0,-80.0
1777888923.3123324,-1.0,-2.0,-81.0
1777888923.3223324,1.0,-1.0,-84.0
1777888923.3323324,0.0,-4.0,-82.0
1777888923.3423324,0.0,-3.0,-82.0
1777888923.3523324,2.0,0.0,-78.0
1777888923.3623323,2.0,-1.0,-75.0
1777888923.3723323,1.0,-4.0,-70.0
1777888923.3823323,-3.0,-2.0,-73.0
1777888923.3923323,1.0,-2.0,-76.0
1777888923.4023323,0.0,0.0,-80.0
1777888923.4123323,0.0,2.0,-74.0
1777888923.4223323,-3.0,3.0,-73.0
1777888923.4323325,-7.0,5.0,-73.0
1777888923.4423325,-4.0,8.0,-77.0
1777888923.4523325,-6.0,6.0,-76.0
1777888923.4623325,-5.0,2.0,-78.0
1777888923.4723325,-6.0,1.0,-76.0
1777888923.4823325,-3.0,0.0,-76.0
1777888923.4923325,0.0,-4.0,-69.0
1777888923.5023324,-1.0,-2.0,-64.0
1777888923.5123324,-1.0,-2.0,-65.0
1777888923.5223324,-9.0,-2.0,-72.0
1777888923.5323324,-9.0,-3.0,-72.0
1777888923.5423324,-7.0,-1.0,-74.0
1777888923.5523324,-7.0,1.0,-72.0
1777888923.5623324,-6.0,-2.0,-67.0
1777888923.5723324,-4.0,-6.0,-67.0
1777888923.5823324,1.0,-7.0,-69.0
1777888923.5923324,3.0,-11.0,-75.0
1777888923.6023324,5.0,-7.0,-71.0
1777888923.6123323,2.0,-5.0,-65.0
1777888923.6223323,2.0,-6.0,-65.0
1777888923.6323323,2.0,0.0,-68.0
1777888923.6423323,6.0,0.0,-69.0
1777888923.6523323,7.0,-2.0,-64.0
1777888923.6633325,7.0,-7.0,-66.0
1777888923.6733325,4.0,-7.0,-72.0
1777888923.6833324,6.0,-3.0,-79.0
1777888923.6933324,2.0,-3.0,-81.0
1777888923.7033324,0.0,-2.0,-78.0
1777888923.7133324,0.0,-2.0,-76.0
1777888923.7233324,1.0,-2.0,-76.0
1777888923.7333324,1.0,-2.0,-75.0
1777888923.7433324,2.0,-2.0,-72.0
1777888923.7533324,2.0,0.0,-74.0
1777888923.7633324,2.0,1.0,-72.0
1777888923.7733324,-1.0,6.0,-75.0
1777888923.7833323,0.0,3.0,-80.0
1777888923.7933323,-2.0,2.0,-82.0
1777888923.8033323,1.0,2.0,-78.0
1777888923.8133323,2.0,5.0,-77.0
1777888923.8233323,4.0,5.0,-75.0
1777888923.8333323,7.0,2.0,-69.0
1777888923.8433323,6.0,6.0,-71.0
1777888923.8533323,3.0,4.0,-76.0
1777888923.8633325,0.0,0.0,-73.0
1777888923.8733325,0.0,5.0,-71.0
1777888923.8833325,0.0,6.0,-78.0
1777888923.8933325,1.0,0.0,-77.0
1777888923.9033325,-3.0,-4.0,-78.0
1777888923.9133325,-3.0,-2.0,-79.0
1777888923.9233325,3.0,-3.0,-75.0
1777888923.9333324,0.0,-3.0,-72.0
1777888923.9433324,-2.0,-1.0,-74.0
1777888923.9533324,-1.0,-2.0,-78.0
1777888923.9633324,0.0,-5.0,-79.0
1777888923.9733324,-3.0,-5.0,-82.0
1777888923.9833324,-2.0,-2.0,-79.0
1777888923.9933324,0.0,-5.0,-82.0
1777888924.0033324,-1.0,-7.0,-83.0
1777888924.0133324,-4.0,-4.0,-76.0
1777888924.0233324,-2.0,-4.0,-72.0
1777888924.0333323,-2.0,-3.0,-69.0
1777888924.0433323,0.0,3.0,-73.0
1777888924.0533323,0.0,4.0,-78.0
1777888924.0633323,-2.0,0.0,-76.0
1777888924.0733323,-4.0,-3.0,-61.0
1777888924.0833323,-6.0,-1.0,-62.0
1777888924.0933323,-7.0,-2.0,-67.0
1777888924.1033323,-7.0,-2.0,-72.0
1777888924.1133325,-5.0,-7.0,-69.0
1777888924.1233325,-1.0,-11.0,-72.0
1777888924.1333325,1.0,-8.0,-74.0
1777888924.1433325,2.0,-6.0,-79.0
1777888924.1533325,0.0,-3.0,-78.0
1777888924.1633325,0.0,-6.0,-83.0
1777888924.1733325,-4.0,-6.0,-85.0
1777888924.1833324,-3.0,0.0,-83.0
1777888924.1933324,0.0,0.0,-83.0
1777888924.2033324,-3.0,3.0,-81.0
1777888924.2133324,-5.0,5.0,-78.0
1777888924.2233324,-8.0,0.0,-74.0
1777888924.2333324,-6.0,-1.0,-77.0
1777888924.2433324,-8.0,0.0,-84.0
1777888924.2533324,-6.0,0.0,-82.0
1777888924.2633324,-3.0,1.0,-81.0
1777888924.2733324,0.0,0.0,-77.0
1777888924.2833323,-1.0,-2.0,-82.0
1777888924.2933323,0.0,0.0,-83.0
1777888924.3033323,1.0,1.0,-84.0
1777888924.3133323,2.0,-3.0,-85.0
1777888924.3233323,3.0,-4.0,-78.0
1777888924.3333323,3.0,-3.0,-80.0
1777888924.3433323,1.0,-5.0,-85.0
1777888924.3533323,2.0,-3.0,-85.0
1777888924.3633325,5.0,0.0,-84.0
1777888924.3733325,6.0,0.0,-81.0
1777888924.3833325,10.0,-1.0,-76.0
1777888924.3933325,5.0,-4.0,-81.0
1777888924.4033325,2.0,-2.0,-80.0
1777888924.4133325,4.0,-2.0,-82.0
1777888924.4233325,5.0,1.0,-80.0
1777888924.4333324,2.0,1.0,-73.0
1777888924.4433324,6.0,0.0,-72.0
1777888924.4533324,7.0,1.0,-69.0
1777888924.4633324,4.0,3.0,-77.0
1777888924.4733324,4.0,3.0,-76.0
1777888924.4833324,4.0,-2.0,-84.0
1777888924.4933324,1.0,-5.0,-73.0
1777888924.5033324,2.0,-8.0,-73.0
1777888924.5133324,0.0,-9.0,-73.0
1777888924.5233324,-1.0,-7.0,-75.0
1777888924.5333323,-4.0,-8.0,-75.0
1777888924.5433323,-2.0,-7.0,-73.0
1777888924.5533323,0.0,-2.0,-76.0
1777888924.5633323,-1.0,3.0,-71.0
1777888924.5733323,-5.0,2.0,-72.0
1777888924.5833323,-6.0,3.0,-67.0
1777888924.5933323,-1.0,1.0,-65.0
1777888924.6033323,1.0,2.0,-61.0
1777888924.6133325,0.0,3.0,-60.0
1777888924.6233325,4.0,7.0,-57.0
1777888924.6333325,6.0,4.0,-56.0
1777888924.6433325,3.0,2.0,-64.0
1777888924.6533325,4.0,4.0,-65.0
1777888924.6633325,7.0,3.0,-76.0
1777888924.6733325,5.0,0.0,-74.0
1777888924.6833324,6.0,-2.0,-72.0
1777888924.6933324,4.0,0.0,-72.0
1777888924.7033324,0.0,-2.0,-76.0
1777888924.7133324,1.0,-1.0,-83.0
1777888924.7233324,-1.0,0.0,-84.0
1777888924.7333324,0.0,1.0,-85.0
1777888924.7433324,0.0,0.0,-80.0
1777888924.7533324,2.0,-1.0,-83.0
1777888924.7633324,2.0,-2.0,-94.0
1777888924.7733324,2.0,-7.0,-89.0
1777888924.7833323,0.0,-8.0,-92.0
1777888924.7933323,2.0,-10.0,-90.0
1777888924.8033323,2.0,-8.0,-88.0
1777888924.8133323,0.0,-8.0,-88.0
1777888924.8233323,-1.0,-7.0,-87.0
1777888924.8333323,-1.0,-4.0,-79.0
1777888924.8433323,0.0,-2.0,-81.0
1777888924.8533323,0.0,-4.0,-76.0
1777888924.8633325,-1.0,-4.0,-78.0
1777888924.8733325,3.0,-7.0,-81.0
1777888924.8833325,2.0,-5.0,-80.0
1777888924.8933325,2.0,-2.0,-75.0
1777888924.9033325,0.0,-5.0,-77.0
1777888924.9133325,1.0,-2.0,-75.0
1777888924.9233325,3.0,0.0,-71.0
1777888924.9333324,3.0,-2.0,-69.0
1777888924.9433324,5.0,-2.0,-70.0
1777888924.9533324,3.0,0.0,-72.0
1777888924.9633324,0.0,0.0,-70.0
1777888924.9733324,6.0,0.0,-67.0
1777888924.9833324,4.0,-1.0,-71.0
1777888924.9933324,7.0,-5.0,-73.0
1777888925.0033324,6.0,-4.0,-78.0
1777888925.0133324,2.0,-3.0,-76.0
1777888925.0233324,4.0,0.0,-87.0
1777888925.0333323,6.0,1.0,-86.0
1777888925.0433323,8.0,-1.0,-80.0
1777888925.0533323,4.0,2.0,-74.0
1777888925.0633323,3.0,-2.0,-72.0
1777888925.0733323,0.0,-3.0,-75.0
1777888925.0833323,-2.0,-4.0,-72.0
1777888925.0933323,0.0,0.0,-73.0
1777888925.1033323,-2.0,0.0,-67.0
1777888925.1133325,-1.0,-2.0,-69.0
1777888925.1233325,0.0,-4.0,-76.0
1777888925.1333325,4.0,-8.0,-76.0
1777888925.1433325,-2.0,-5.0,-80.0
1777888925.1533325,-1.0,-2.0,-74.0
1777888925.1633325,-4.0,-4.0,-71.0
1777888925.1733325,-8.0,-4.0,-73.0
1777888925.1833324,-2.0,-1.0,-72.0
1777888925.1933324,1.0,-3.0,-77.0
1777888925.2033324,2.0,0.0,-76.0
1777888925.2133324,2.0,0.0,-83.0
1777888925.2233324,2.0,0.0,-85.0
1777888925.2333324,-1.0,-1.0,-86.0
1777888925.2433324,3.0,0.0,-83.0
1777888925.2533324,4.0,0.0,-87.0
1777888925.2633324,4.0,-3.0,-89.0
1777888925.2733324,5.0,-1.0,-92.0
1777888925.2833323,3.0,0.0,-88.0
1777888925.2933323,5.0,2.0,-80.0
1777888925.3033323,5.0,-1.0,-78.0
1777888925.3133323,3.0,-2.0,-73.0
1777888925.3233323,1.0,-1.0,-73.0
1777888925.3333323,2.0,-3.0,-71.0
1777888925.3433323,2.0,0.0,-72.0
1777888925.3533323,-1.0,0.0,-74.0
1777888925.3633325,-4.0,-2.0,-79.0
1777888925.3733325,-3.0,-4.0,-86.0
1777888925.3833325,-8.0,-1.0,-81.0
1777888925.3933325,-6.0,-5.0,-78.0
1777888925.4033325,-1.0,-2.0,-80.0
1777888925.4133325,-4.0,-5.0,-80.0
1777888925.4233325,-7.0,0.0,-74.0
1777888925.4333324,-6.0,-4.0,-76.0
1777888925.4433324,-3.0,-9.0,-78.0
1777888925.4533324,-1.0,-9.0,-82.0
1777888925.4633324,0.0,-10.0,-77.0
1777888925.4733324,4.0,-2.0,-76.0
1777888925.4833324,4.0,-4.0,-69.0
1777888925.4933324,6.0,-7.0,-66.0
1777888925.5033324,5.0,-5.0,-73.0
1777888925.5133324,5.0,-3.0,-78.0
1777888925.5233324,4.0,-1.0,-79.0
1777888925.5333323,6.0,0.0,-84.0
1777888925.5433323,8.0,-1.0,-85.0
1777888925.5533323,8.0,-3.0,-79.0
1777888925.5633323,3.0,-4.0,-78.0
1777888925.5733323,0.0,-4.0,-80.0
1777888925.5833323,0.0,0.0,-81.0
1777888925.5943325,6.0,-3.0,-80.0
1777888925.6043324,4.0,-2.0,-83.0
1777888925.6133325,6.0,-2.0,-77.0
1777888925.6243324,9.0,-2.0,-83.0
1777888925.6343324,12.0,0.0,-86.0
1777888925.6443324,12.0,0.0,-84.0
1777888925.6543324,6.0,-1.0,-77.0
1777888925.6643324,6.0,-3.0,-71.0
1777888925.6743324,6.0,-3.0,-76.0
1777888925.6843324,4.0,-2.0,-70.0
1777888925.6943324,5.0,-3.0,-67.0
1777888925.7043324,5.0,0.0,-58.0
1777888925.7143323,5.0,6.0,-60.0
1777888925.7243323,6.0,1.0,-64.0
1777888925.7343323,9.0,2.0,-65.0
1777888925.7443323,7.0,0.0,-79.0
1777888925.7543323,2.0,-1.0,-77.0
1777888925.7643323,2.0,-4.0,-84.0
1777888925.7743323,2.0,-2.0,-74.0
1777888925.7843325,2.0,-2.0,-75.0
1777888925.7943325,1.0,-2.0,-75.0
1777888925.8043325,3.0,1.0,-72.0
1777888925.8143325,5.0,1.0,-67.0
1777888925.8243325,3.0,3.0,-68.0
1777888925.8343325,1.0,7.0,-69.0
1777888925.8443325,5.0,4.0,-71.0
1777888925.8543324,1.0,4.0,-72.0
1777888925.8643324,5.0,0.0,-76.0
1777888925.8743324,4.0,3.0,-73.0
1777888925.8843324,-1.0,2.0,-77.0
1777888925.8943324,-3.0,-1.0,-75.0
1777888925.9043324,0.0,0.0,-77.0
1777888925.9143324,1.0,0.0,-78.0
1777888925.9243324,0.0,0.0,-78.0
1777888925.9343324,3.0,2.0,-72.0
1777888925.9443324,5.0,4.0,-69.0
1777888925.9543324,-2.0,4.0,-70.0
1777888925.9643323,0.0,2.0,-74.0
1777888925.9743323,2.0,2.0,-78.0
1777888925.9843323,1.0,1.0,-78.0
1777888925.9943323,0.0,-2.0,-78.0
1777888926.0043323,0.0,0.0,-72.0
1777888926.0143323,0.0,0.0,-71.0
1777888926.0243323,3.0,0.0,-72.0
1777888926.0343325,0.0,7.0,-76.0
1777888926.0443325,0.0,6.0,-73.0
1777888926.0543325,-2.0,-2.0,-70.0
1777888926.0643325,-2.0,-2.0,-76.0
1777888926.0743325,0.0,-2.0,-77.0
1777888926.0843325,0.0,-5.0,-76.0
1777888926.0943325,3.0,-8.0,-82.0
1777888926.1043324,6.0,-6.0,-80.0
1777888926.1143324,7.0,-7.0,-77.0
1777888926.1243324,8.0,-4.0,-81.0
1777888926.1343324,12.0,-3.0,-77.0
1777888926.1443324,11.0,-2.0,-76.0
1777888926.1543324,8.0,-1.0,-79.0
1777888926.1643324,7.0,-3.0,-79.0
1777888926.1743324,3.0,-3.0,-80.0
1777888926.1843324,4.0,-2.0,-83.0
1777888926.1943324,3.0,-4.0,-80.0
1777888926.2043324,2.0,-2.0,-78.0
1777888926.2143323,3.0,-4.0,-76.0
1777888926.2243323,4.0,-3.0,-72.0
1777888926.2343323,0.0,-4.0,-72.0
1777888926.2443323,0.0,-3.0,-73.0
1777888926.2543323,0.0,0.0,-83.0
1777888926.2643323,1.0,0.0,-88.0
1777888926.2743323,2.0,0.0,-84.0
1777888926.2843325,6.0,1.0,-88.0
1777888926.2943325,8.0,0.0,-86.0
1777888926.3043325,10.0,-1.0,-89.0
1777888926.3143325,4.0,-2.0,-92.0
1777888926.3243325,1.0,0.0,-87.0
1777888926.3343325,-2.0,-2.0,-87.0
1777888926.3443325,-8.0,-2.0,-79.0
1777888926.3543324,-3.0,-4.0,-80.0
1777888926.3643324,1.0,-1.0,-78.0
1777888926.3743324,-1.0,-2.0,-71.0
1777888926.3843324,0.0,-4.0,-69.0
1777888926.3943324,0.0,-7.0,-66.0
1777888926.4043324,2.0,-5.0,-69.0
1777888926.4143324,0.0,-5.0,-76.0
1777888926.4243324,-3.0,-4.0,-81.0
1777888926.4343324,-3.0,-1.0,-87.0
1777888926.4443324,-5.0,-5.0,-83.0
1777888926.4543324,0.0,-2.0,-78.0
1777888926.4643323,-9.0,3.0,-69.0
1777888926.4743323,-9.0,2.0,-68.0
1777888926.4843323,-8.0,0.0,-69.0
1777888926.4943323,-7.0,0.0,-72.0
1777888926.5043323,-5.0,3.0,-79.0
1777888926.5143323,-4.0,0.0,-82.0
1777888926.5243323,-3.0,0.0,-79.0
1777888926.5343325,0.0,2.0,-74.0
1777888926.5443325,2.0,1.0,-73.0
1777888926.5543325,5.0,2.0,-72.0
1777888926.5643325,4.0,4.0,-74.0
1777888926.5743325,6.0,4.0,-72.0
1777888926.5843325,0.0,2.0,-65.0
1777888926.5943325,1.0,-3.0,-68.0
1777888926.6043324,1.0,-6.0,-72.0
1777888926.6143324,2.0,-2.0,-77.0
1777888926.6243324,5.0,0.0,-72.0
1777888926.6343324,3.0,0.0,-68.0
1777888926.6443324,2.0,0.0,-70.0
1777888926.6543324,5.0,-3.0,-74.0
1777888926.6643324,6.0,-2.0,-79.0
1777888926.6743324,8.0,-2.0,-74.0
1777888926.6843324,6.0,-1.0,-82.0
1777888926.6943324,4.0,-5.0,-77.0
1777888926.7043324,5.0,-6.0,-75.0
1777888926.7143323,6.0,-1.0,-81.0
1777888926.7243323,3.0,-1.0,-83.0
1777888926.7343323,1.0,-5.0,-84.0
1777888926.7443323,3.0,-4.0,-82.0
1777888926.7543323,1.0,-1.0,-82.0
1777888926.7643323,2.0,1.0,-85.0
1777888926.7743323,3.0,-1.0,-85.0
1777888926.7843325,3.0,-5.0,-89.0
1777888926.7943325,4.0,-8.0,-84.0
1777888926.8043325,3.0,-9.0,-82.0
1777888926.8143325,-1.0,-4.0,-82.0
1777888926.8243325,0.0,-2.0,-79.0
1777888926.8343325,-4.0,-5.0,-69.0
1777888926.8443325,-6.0,-5.0,-69.0
1777888926.8543324,-4.0,-6.0,-75.0
1777888926.8643324,-5.0,-10.0,-82.0
1777888926.8743324,-6.0,-11.0,-79.0
1777888926.8843324,-5.0,-10.0,-71.0
1777888926.8943324,-1.0,-6.0,-77.0
1777888926.9043324,1.0,-6.0,-77.0
1777888926.9143324,2.0,-7.0,-71.0
1777888926.9243324,2.0,-2.0,-65.0
1777888926.9343324,5.0,0.0,-64.0
1777888926.9443324,5.0,-2.0,-72.0
1777888926.9543324,3.0,-4.0,-81.0
1777888926.9643323,3.0,-5.0,-81.0
1777888926.9743323,2.0,-3.0,-81.0
1777888926.9843323,0.0,-3.0,-84.0
1777888926.9943323,0.0,-4.0,-80.0
1777888927.0043323,4.0,-2.0,-84.0
1777888927.0143323,4.0,-1.0,-70.0
1777888927.0243323,2.0,-4.0,-74.0
1777888927.0343325,1.0,-10.0,-74.0
1777888927.0443325,0.0,-11.0,-80.0
1777888927.0543325,-2.0,-3.0,-67.0
1777888927.0643325,1.0,-4.0,-68.0
1777888927.0743325,1.0,-6.0,-71.0
1777888927.0843325,0.0,-5.0,-75.0
1777888927.0943325,-2.0,-7.0,-68.0
1777888927.1043324,-3.0,-10.0,-68.0
1777888927.1143324,0.0,-10.0,-70.0
1777888927.1243324,-1.0,-7.0,-71.0
1777888927.1343324,-2.0,-9.0,-68.0
1777888927.1443324,-4.0,-8.0,-65.0
1777888927.1543324,0.0,-7.0,-68.0
1777888927.1643324,0.0,-4.0,-68.0
1777888927.1743324,0.0,-2.0,-66.0
1777888927.1843324,-2.0,-4.0,-62.0
1777888927.1943324,-3.0,-3.0,-66.0
1777888927.2043324,-1.0,-5.0,-71.0
1777888927.2143323,5.0,-3.0,-71.0
1777888927.2243323,5.0,-1.0,-71.0
1777888927.2343323,5.0,-3.0,-70.0
1777888927.2443323,4.0,-3.0,-71.0
1777888927.2543323,-1.0,-3.0,-66.0
1777888927.2643323,-3.0,0.0,-76.0
1777888927.2743323,-1.0,1.0,-79.0
1777888927.2843325,-2.0,4.0,-79.0
1777888927.2943325,0.0,2.0,-76.0
1777888927.3043325,3.0,0.0,-76.0
1777888927.3143325,5.0,0.0,-77.0
1777888927.3243325,7.0,2.0,-78.0
1777888927.3343325,7.0,0.0,-80.0
1777888927.3443325,8.0,1.0,-78.0
1777888927.3543324,4.0,2.0,-73.0
1777888927.3643324,3.0,6.0,-70.0
1777888927.3743324,3.0,0.0,-73.0
1777888927.3843324,0.0,-1.0,-81.0
1777888927.3943324,-1.0,-2.0,-81.0
1777888927.4043324,0.0,0.0,-80.0
1777888927.4143324,-1.0,-1.0,-79.0
1777888927.4243324,0.0,-4.0,-82.0
1777888927.4343324,2.0,-7.0,-83.0
1777888927.4443324,4.0,-11.0,-81.0
1777888927.4543324,4.0,-13.0,-81.0
1777888927.4643323,5.0,-9.0,-79.0
1777888927.4743323,0.0,-9.0,-77.0
1777888927.4843323,0.0,-11.0,-78.0
1777888927.4943323,3.0,-9.0,-83.0
1777888927.5043323,6.0,-9.0,-82.0
1777888927.5143323,4.0,-4.0,-83.0
1777888927.5243323,7.0,-7.0,-84.0
1777888927.5343325,5.0,-4.0,-87.0
1777888927.5443325,6.0,-5.0,-86.0
1777888927.5543325,3.0,-1.0,-84.0
1777888927.5643325,4.0,2.0,-76.0
1777888927.5743325,0.0,3.0,-76.0
1777888927.5843325,3.0,0.0,-83.0
1777888927.5943325,1.0,0.0,-78.0
1777888927.6043324,0.0,1.0,-75.0
1777888927.6153324,0.0,1.0,-74.0
1777888927.6243324,-4.0,3.0,-73.0
1777888927.6353323,-8.0,3.0,-71.0
1777888927.6453323,-5.0,2.0,-76.0
1777888927.6553323,-3.0,1.0,-82.0
1777888927.6653323,-6.0,0.0,-84.0
1777888927.6753323,-4.0,1.0,-85.0
1777888927.6853323,-5.0,1.0,-89.0
1777888927.6953323,-3.0,0.0,-77.0
1777888927.7053325,-2.0,1.0,-80.0
1777888927.7153325,0.0,-5.0,-78.0
1777888927.7253325,3.0,-6.0,-76.0
1777888927.7353325,1.0,-2.0,-73.0
1777888927.7453325,2.0,-2.0,-73.0
1777888927.7553325,-2.0,-6.0,-78.0
1777888927.7653325,-5.0,-3.0,-75.0
1777888927.7753325,-3.0,-1.0,-65.0
1777888927.7853324,-5.0,1.0,-62.0
1777888927.7953324,-5.0,0.0,-64.0
1777888927.8053324,-7.0,1.0,-60.0
1777888927.8153324,-3.0,0.0,-65.0
1777888927.8253324,1.0,2.0,-70.0
1777888927.8353324,3.0,4.0,-70.0
1777888927.8453324,3.0,3.0,-76.0
1777888927.8553324,3.0,4.0,-77.0
1777888927.8653324,4.0,1.0,-76.0
1777888927.8753324,1.0,-2.0,-84.0
1777888927.8853323,0.0,-3.0,-80.0
1777888927.8953323,0.0,0.0,-84.0
1777888927.9053323,2.0,5.0,-82.0
1777888927.9153323,3.0,3.0,-89.0
1777888927.9253323,0.0,4.0,-94.0
1777888927.9353323,6.0,3.0,-89.0
1777888927.9453323,7.0,0.0,-83.0
1777888927.9553325,7.0,-3.0,-87.0
1777888927.9653325,6.0,-1.0,-87.0
1777888927.9753325,8.0,-6.0,-88.0
1777888927.9853325,7.0,-7.0,-81.0
1777888927.9953325,3.0,-7.0,-77.0
1777888928.0053325,2.0,-6.0,-76.0
1777888928.0153325,0.0,-3.0,-78.0
1777888928.0253325,0.0,0.0,-83.0
1777888928.0353324,2.0,0.0,-83.0
1777888928.0453324,5.0,4.0,-84.0
1777888928.0553324,5.0,3.0,-79.0
1777888928.0653324,4.0,0.0,-85.0
1777888928.0753324,0.0,-2.0,-91.0
1777888928.0853324,2.0,-6.0,-91.0
1777888928.0953324,5.0,-7.0,-82.0
1777888928.1053324,6.0,-5.0,-76.0
1777888928.1153324,4.0,-6.0,-76.0
1777888928.1253324,0.0,-5.0,-72.0
1777888928.1353323,-1.0,-5.0,-70.0
1777888928.1453323,-3.0,0.0,-74.0
1777888928.1553323,-2.0,-4.0,-76.0
1777888928.1653323,2.0,-1.0,-73.0
1777888928.1753323,6.0,-1.0,-74.0
1777888928.1853323,4.0,0.0,-72.0
1777888928.1953323,1.0,2.0,-71.0
1777888928.2053325,-1.0,5.0,-67.0
1777888928.2153325,-3.0,2.0,-69.0
1777888928.2253325,-5.0,0.0,-67.0
1777888928.2353325,-4.0,0.0,-74.0
1777888928.2453325,0.0,1.0,-74.0
1777888928.2553325,1.0,0.0,-72.0
1777888928.2653325,2.0,0.0,-67.0
1777888928.2753325,0.0,0.0,-65.0
1777888928.2853324,3.0,4.0,-69.0
1777888928.2953324,3.0,2.0,-67.0
1777888928.3053324,2.0,-1.0,-74.0
1777888928.3153324,-1.0,0.0,-77.0
1777888928.3253324,-2.0,0.0,-77.0
1777888928.3353324,-1.0,0.0,-78.0
1777888928.3453324,-4.0,2.0,-74.0
1777888928.3553324,-3.0,1.0,-74.0
1777888928.3653324,-1.0,0.0,-75.0
1777888928.3753324,0.0,1.0,-78.0
1777888928.3853323,0.0,1.0,-78.0
1777888928.3953323,0.0,6.0,-78.0
1777888928.4053323,2.0,7.0,-74.0
1777888928.4153323,0.0,6.0,-79.0
1777888928.4253323,1.0,6.0,-84.0
1777888928.4353323,4.0,3.0,-89.0
1777888928.4453323,5.0,-4.0,-86.0
1777888928.4553325,3.0,-5.0,-85.0
1777888928.4653325,-1.0,-3.0,-84.0
1777888928.4753325,-5.0,0.0,-82.0
1777888928.4853325,-4.0,-4.0,-78.0
1777888928.4953325,-2.0,-6.0,-85.0
1777888928.5053325,3.0,-4.0,-83.0
1777888928.5153325,2.0,-3.0,-84.0
1777888928.5253325,0.0,-5.0,-80.0
1777888928.5353324,0.0,-3.0,-72.0
1777888928.5453324,-1.0,-4.0,-77.0
1777888928.5553324,-2.0,-1.0,-76.0
1777888928.5653324,-1.0,-4.0,-81.0
1777888928.5753324,0.0,-2.0,-82.0
1777888928.5853324,2.0,-2.0,-79.0
1777888928.5953324,2.0,-2.0,-77.0
1777888928.6053324,-2.0,-3.0,-77.0
1777888928.6153324,-2.0,0.0,-77.0
1777888928.6253324,-1.0,-3.0,-75.0
1777888928.6353323,0.0,-5.0,-72.0
1777888928.6453323,0.0,-9.0,-77.0
1777888928.6553323,2.0,-7.0,-71.0
1777888928.6653323,6.0,-7.0,-69.0
1777888928.6753323,3.0,-6.0,-74.0
1777888928.6853323,7.0,-8.0,-72.0
1777888928.6953323,7.0,-4.0,-72.0
1777888928.7053325,5.0,0.0,-70.0
1777888928.7153325,5.0,-1.0,-73.0
1777888928.7253325,0.0,-2.0,-78.0
1777888928.7353325,-2.0,-4.0,-79.0
1777888928.7453325,0.0,-9.0,-80.0
1777888928.7553325,1.0,-7.0,-75.0
1777888928.7653325,2.0,-1.0,-75.0
1777888928.7753325,-4.0,-2.0,-77.0
1777888928.7853324,-9.0,-2.0,-75.0
1777888928.7953324,-6.0,3.0,-74.0
1777888928.8053324,-3.0,-1.0,-75.0
1777888928.8153324,-1.0,-2.0,-76.0
1777888928.8253324,0.0,-2.0,-77.0
1777888928.8353324,0.0,0.0,-78.0
1777888928.8453324,0.0,0.0,-80.0
1777888928.8553324,-1.0,-1.0,-80.0
1777888928.8653324,2.0,-1.0,-81.0
1777888928.8753324,3.0,0.0,-83.0
1777888928.8853323,2.0,-2.0,-81.0
1777888928.8953323,5.0,0.0,-81.0
1777888928.9053323,0.0,0.0,-84.0
1777888928.9153323,-3.0,-1.0,-82.0
1777888928.9253323,-3.0,-2.0,-88.0
1777888928.9353323,-5.0,1.0,-84.0
1777888928.9453323,0.0,1.0,-87.0
1777888928.9553325,3.0,0.0,-95.0
1777888928.9653325,2.0,0.0,-89.0
1777888928.9753325,2.0,1.0,-83.0
1777888928.9853325,2.0,1.0,-85.0
1777888928.9953325,3.0,-1.0,-77.0
1777888929.0053325,3.0,1.0,-85.0
1777888929.0153325,4.0,2.0,-79.0
1777888929.0253325,5.0,1.0,-78.0
1777888929.0353324,2.0,0.0,-79.0
1777888929.0453324,4.0,0.0,-78.0
1777888929.0553324,5.0,-2.0,-88.0
1777888929.0653324,3.0,0.0,-90.0
1777888929.0753324,2.0,0.0,-87.0
1777888929.0853324,0.0,0.0,-82.0
1777888929.0953324,-1.0,-1.0,-77.0
1777888929.1053324,2.0,0.0,-77.0
1777888929.1153324,2.0,0.0,-84.0
1777888929.1253324,5.0,-3.0,-81.0
1777888929.1353323,4.0,-5.0,-80.0
1777888929.1453323,2.0,-3.0,-79.0
1777888929.1553323,0.0,-6.0,-79.0
1777888929.1653323,0.0,-2.0,-86.0
1777888929.1753323,6.0,-3.0,-87.0
1777888929.1853323,7.0,-2.0,-84.0
1777888929.1953323,8.0,-5.0,-83.0
1777888929.2053325,8.0,-3.0,-87.0
1777888929.2153325,7.0,-1.0,-79.0
1777888929.2253325,2.0,-1.0,-77.0
1777888929.2353325,3.0,1.0,-82.0
1777888929.2453325,3.0,0.0,-82.0
1777888929.2553325,4.0,-3.0,-81.0
1777888929.2653325,7.0,-2.0,-68.0
1777888929.2753325,8.0,-2.0,-65.0
1777888929.2853324,10.0,0.0,-66.0
1777888929.2953324,10.0,2.0,-74.0
1777888929.3053324,9.0,1.0,-76.0
1777888929.3153324,8.0,1.0,-67.0
1777888929.3253324,8.0,-1.0,-67.0
1777888929.3353324,9.0,-1.0,-68.0
1777888929.3453324,9.0,1.0,-67.0
1777888929.3553324,6.0,1.0,-70.0
1777888929.3653324,6.0,4.0,-67.0
1777888929.3753324,8.0,7.0,-66.0
1777888929.3853323,5.0,1.0,-63.0
1777888929.3953323,-1.0,-1.0,-62.0
1777888929.4053323,1.0,-8.0,-64.0
1777888929.4153323,2.0,-8.0,-64.0
1777888929.4253323,5.0,-7.0,-62.0
1777888929.4353323,5.0,-6.0,-65.0
1777888929.4453323,7.0,-5.0,-63.0
1777888929.4553325,4.0,-3.0,-62.0
1777888929.4653325,9.0,-4.0,-63.0
1777888929.4753325,8.0,-4.0,-66.0
1777888929.4853325,1.0,-2.0,-71.0
1777888929.4953325,0.0,-2.0,-67.0
1777888929.5053325,2.0,0.0,-71.0
1777888929.5153325,4.0,1.0,-74.0
1777888929.5253325,5.0,3.0,-76.0
1777888929.5353324,5.0,5.0,-76.0
1777888929.5453324,5.0,1.0,-71.0
1777888929.5553324,2.0,-4.0,-72.0
1777888929.5663323,1.0,-4.0,-73.0
1777888929.5763323,2.0,-7.0,-73.0
1777888929.5863323,0.0,-7.0,-72.0
1777888929.5963323,-2.0,-7.0,-66.0
1777888929.6063323,-5.0,0.0,-64.0
1777888929.6163323,-2.0,0.0,-72.0
1777888929.6263323,-3.0,1.0,-77.0
1777888929.6363325,-1.0,1.0,-74.0
1777888929.6463325,4.0,2.0,-70.0
1777888929.6563325,5.0,0.0,-76.0
1777888929.6663325,9.0,-1.0,-83.0
1777888929.6763325,4.0,-2.0,-79.0
1777888929.6863325,-1.0,0.0,-80.0
1777888929.6963325,-2.0,0.0,-81.0
1777888929.7063324,2.0,-1.0,-85.0
1777888929.7163324,0.0,1.0,-82.0
1777888929.7263324,0.0,-2.0,-79.0
1777888929.7363324,5.0,-3.0,-81.0
1777888929.7463324,6.0,-4.0,-77.0
1777888929.7563324,9.0,-3.0,-77.0
1777888929.7663324,10.0,-2.0,-70.0
1777888929.7763324,8.0,-3.0,-66.0
1777888929.7863324,7.0,-1.0,-68.0
1777888929.7963324,4.0,-2.0,-68.0
1777888929.8063323,2.0,0.0,-68.0
1777888929.8163323,2.0,1.0,-73.0
1777888929.8263323,2.0,2.0,-76.0
1777888929.8363323,1.0,1.0,-73.0
1777888929.8463323,2.0,0.0,-72.0
1777888929.8563323,-1.0,1.0,-66.0
1777888929.8663323,-3.0,1.0,-62.0
1777888929.8763323,-1.0,1.0,-75.0
1777888929.8863325,0.0,0.0,-76.0
1777888929.8963325,1.0,-3.0,-77.0
1777888929.9063325,-1.0,-1.0,-76.0
1777888929.9163325,-8.0,0.0,-78.0
1777888929.9263325,-8.0,3.0,-81.0
1777888929.9363325,-4.0,2.0,-76.0
1777888929.9463325,-3.0,-1.0,-72.0
1777888929.9563324,-1.0,-4.0,-76.0
1777888929.9663324,1.0,-2.0,-74.0
1777888929.9763324,1.0,0.0,-75.0
1777888929.9863324,0.0,3.0,-79.0
1777888929.9963324,-2.0,2.0,-78.0
1777888930.0063324,-2.0,-1.0,-82.0
1777888930.0163324,0.0,-4.0,-81.0
1777888930.0263324,1.0,-3.0,-79.0
1777888930.0363324,2.0,-2.0,-77.0
1777888930.0463324,3.0,-4.0,-80.0
1777888930.0563323,5.0,-3.0,-76.0
1777888930.0663323,3.0,-3.0,-69.0
1777888930.0763323,4.0,-6.0,-70.0
1777888930.0863323,4.0,-4.0,-68.0
1777888930.0963323,4.0,-1.0,-70.0
1777888930.1063323,1.0,0.0,-71.0
1777888930.1163323,1.0,-1.0,-67.0
1777888930.1263323,1.0,0.0,-69.0
1777888930.1363325,0.0,0.0,-72.0
1777888930.1463325,1.0,-4.0,-69.0
1777888930.1563325,0.0,-5.0,-76.0
1777888930.1663325,-1.0,-4.0,-73.0
1777888930.1763325,-5.0,-1.0,-79.0
1777888930.1863325,-3.0,-4.0,-79.0
1777888930.1963325,1.0,-5.0,-76.0
1777888930.2063324,3.0,-5.0,-79.0
1777888930.2163324,4.0,-5.0,-73.0
1777888930.2263324,2.0,-4.0,-67.0
1777888930.2363324,6.0,-1.0,-69.0
1777888930.2463324,7.0,-3.0,-67.0
1777888930.2563324,4.0,-4.0,-72.0
1777888930.2663324,0.0,-4.0,-68.0
1777888930.2763324,-2.0,-4.0,-69.0
1777888930.2863324,-1.0,0.0,-71.0
1777888930.2963324,-3.0,-1.0,-75.0
1777888930.3063323,-1.0,0.0,-69.0
1777888930.3163323,-6.0,-1.0,-75.0
1777888930.3263323,-4.0,-4.0,-79.0
1777888930.3363323,-4.0,-2.0,-77.0
1777888930.3463323,-1.0,-2.0,-78.0
1777888930.3563323,-1.0,-2.0,-81.0
1777888930.3663323,-2.0,-3.0,-76.0
1777888930.3763323,-2.0,-4.0,-71.0
1777888930.3863325,0.0,-4.0,-70.0
1777888930.3963325,-4.0,0.0,-70.0
1777888930.4063325,-1.0,2.0,-72.0
1777888930.4163325,1.0,3.0,-78.0
1777888930.4263325,4.0,-3.0,-76.0
1777888930.4363325,0.0,-3.0,-77.0
1777888930.4463325,-3.0,-7.0,-74.0
1777888930.4563324,0.0,-8.0,-74.0
1777888930.4663324,5.0,-9.0,-75.0
1777888930.4763324,6.0,-1.0,-72.0
1777888930.4863324,6.0,0.0,-79.0
1777888930.4963324,5.0,1.0,-77.0
1777888930.5063324,7.0,1.0,-78.0
1777888930.5163324,10.0,-2.0,-76.0
1777888930.5263324,9.0,-4.0,-77.0
1777888930.5363324,9.0,-3.0,-73.0
1777888930.5463324,10.0,-3.0,-68.0
1777888930.5563323,9.0,-5.0,-71.0
1777888930.5663323,7.0,-3.0,-75.0
1777888930.5763323,6.0,-7.0,-69.0
1777888930.5863323,8.0,-7.0,-60.0
1777888930.5963323,0.0,-9.0,-61.0
1777888930.6063323,0.0,-3.0,-65.0
1777888930.6163323,-1.0,-3.0,-76.0
1777888930.6263323,1.0,-7.0,-82.0
1777888930.6363325,1.0,-3.0,-83.0
1777888930.6463325,-1.0,-2.0,-82.0
1777888930.6563325,0.0,1.0,-79.0
1777888930.6663325,4.0,-1.0,-76.0
1777888930.6763325,5.0,-1.0,-79.0
1777888930.6863325,9.0,-1.0,-78.0
1777888930.6963325,8.0,0.0,-78.0
1777888930.7063324,5.0,-3.0,-75.0
1777888930.7163324,9.0,-3.0,-77.0
1777888930.7263324,3.0,-8.0,-67.0
1777888930.7363324,0.0,-6.0,-67.0
1777888930.7463324,0.0,-2.0,-76.0
1777888930.7563324,4.0,-2.0,-78.0
1777888930.7663324,2.0,-2.0,-80.0
1777888930.7763324,3.0,-4.0,-77.0
1777888930.7863324,0.0,0.0,-72.0
1777888930.7963324,-3.0,1.0,-70.0
1777888930.8063323,-5.0,0.0,-78.0
1777888930.8163323,-5.0,-1.0,-81.0
1777888930.8263323,-2.0,-3.0,-81.0
1777888930.8363323,-6.0,0.0,-78.0
1777888930.8463323,-5.0,0.0,-75.0
1777888930.8563323,-3.0,-1.0,-81.0
1777888930.8663323,-4.0,-4.0,-82.0
1777888930.8763323,-2.0,-5.0,-78.0
1777888930.8863325,-1.0,-9.0,-68.0
1777888930.8963325,-1.0,-7.0,-65.0
1777888930.9063325,-3.0,-6.0,-67.0
1777888930.9163325,-5.0,-4.0,-68.0
1777888930.9263325,-3.0,-3.0,-67.0
1777888930.9363325,-1.0,-3.0,-71.0
1777888930.9463325,0.0,-5.0,-74.0
1777888930.9563324,-2.0,0.0,-76.0
1777888930.9663324,-4.0,0.0,-79.0
1777888930.9763324,-6.0,-2.0,-71.0
1777888930.9863324,-6.0,-5.0,-68.0
1777888930.9963324,-7.0,-3.0,-67.0
1777888931.0063324,-2.0,-1.0,-70.0
1777888931.0163324,1.0,-5.0,-77.0
1777888931.0263324,1.0,-5.0,-74.0
1777888931.0363324,3.0,-5.0,-74.0
1777888931.0463324,2.0,-4.0,-75.0
1777888931.0563323,4.0,-5.0,-83.0
1777888931.0663323,4.0,-4.0,-81.0
1777888931.0763323,11.0,-2.0,-70.0
1777888931.0863323,9.0,-4.0,-69.0
1777888931.0963323,14.0,-9.0,-71.0
1777888931.1063323,13.0,-10.0,-78.0
1777888931.1163323,10.0,-5.0,-80.0
1777888931.1263323,8.0,-1.0,-79.0
1777888931.1363325,4.0,-1.0,-75.0
1777888931.1463325,0.0,2.0,-80.0
1777888931.1563325,6.0,8.0,-73.0
1777888931.1663325,5.0,4.0,-81.0
1777888931.1763325,6.0,5.0,-81.0
1777888931.1863325,2.0,3.0,-85.0
1777888931.1963325,3.0,1.0,-80.0
1777888931.2063324,4.0,0.0,-80.0
1777888931.2163324,1.0,2.0,-82.0
1777888931.2263324,0.0,-3.0,-79.0
1777888931.2363324,-2.0,-5.0,-79.0
1777888931.2463324,-4.0,-2.0,-75.0
1777888931.2563324,-7.0,2.0,-80.0
1777888931.2663324,-5.0,5.0,-82.0
1777888931.2763324,-5.0,0.0,-78.0
1777888931.2863324,-2.0,2.0,-81.0
1777888931.2963324,1.0,0.0,-75.0
1777888931.3063323,4.0,0.0,-72.0
1777888931.3163323,4.0,-1.0,-76.0
1777888931.3263323,-2.0,0.0,-85.0
1777888931.3363323,-3.0,2.0,-85.0
1777888931.3463323,-3.0,0.0,-79.0
1777888931.3563323,-1.0,2.0,-69.0
1777888931.3663323,-2.0,0.0,-74.0
1777888931.3763323,0.0,-1.0,-69.0
1777888931.3863325,-2.0,-1.0,-69.0
1777888931.3963325,-1.0,-3.0,-71.0
1777888931.4063325,-4.0,-2.0,-77.0
1777888931.4163325,-4.0,-1.0,-73.0
1777888931.4263325,-4.0,-2.0,-69.0
1777888931.4363325,2.0,-2.0,-62.0
1777888931.4463325,4.0,-6.0,-57.0
1777888931.4563324,1.0,-5.0,-64.0
1777888931.4663324,2.0,-5.0,-75.0
1777888931.4763324,3.0,-6.0,-81.0
1777888931.4863324,1.0,-3.0,-79.0
1777888931.4973323,0.0,0.0,-76.0
1777888931.5063324,0.0,-1.0,-77.0
1777888931.5163324,0.0,-3.0,-81.0
1777888931.5263324,4.0,-7.0,-78.0
1777888931.5363324,3.0,-5.0,-79.0
1777888931.5463324,6.0,0.0,-83.0
1777888931.5563323,0.0,-2.0,-78.0
1777888931.5673325,0.0,-5.0,-71.0
1777888931.5773325,0.0,-6.0,-75.0
1777888931.5873325,-2.0,-4.0,-70.0
1777888931.5973325,-1.0,-2.0,-75.0
1777888931.6073325,-3.0,-1.0,-79.0
1777888931.6173325,-2.0,0.0,-83.0
1777888931.6273324,-3.0,0.0,-83.0
1777888931.6373324,0.0,4.0,-80.0
1777888931.6473324,2.0,2.0,-80.0
1777888931.6573324,0.0,2.0,-78.0
1777888931.6673324,-2.0,0.0,-70.0
1777888931.6773324,-1.0,0.0,-73.0
1777888931.6873324,0.0,1.0,-72.0
1777888931.6973324,-1.0,-5.0,-73.0
1777888931.7073324,-3.0,-5.0,-77.0
1777888931.7173324,2.0,-9.0,-75.0
1777888931.7273324,3.0,-10.0,-81.0
1777888931.7373323,4.0,-5.0,-83.0
1777888931.7473323,2.0,-4.0,-81.0
1777888931.7573323,4.0,-5.0,-82.0
1777888931.7673323,5.0,-7.0,-79.0
1777888931.7773323,4.0,-2.0,-77.0
1777888931.7873323,3.0,3.0,-73.0
1777888931.7973323,2.0,0.0,-77.0
1777888931.8073325,-3.0,-4.0,-82.0
1777888931.8173325,-9.0,-2.0,-79.0
1777888931.8273325,-3.0,-1.0,-76.0
1777888931.8373325,1.0,1.0,-79.0
1777888931.8473325,2.0,0.0,-85.0
1777888931.8573325,6.0,-2.0,-87.0
1777888931.8673325,2.0,-3.0,-91.0
1777888931.8773324,-2.0,-6.0,-89.0
1777888931.8873324,-2.0,-10.0,-81.0
1777888931.8973324,-1.0,-6.0,-83.0
1777888931.9073324,3.0,-3.0,-85.0
1777888931.9173324,5.0,-1.0,-84.0
1777888931.9273324,0.0,-1.0,-81.0
1777888931.9373324,-1.0,-4.0,-78.0
1777888931.9473324,-1.0,-8.0,-77.0
1777888931.9573324,-4.0,-8.0,-81.0
1777888931.9673324,-2.0,-8.0,-77.0
1777888931.9773324,0.0,-8.0,-80.0
1777888931.9873323,3.0,-7.0,-78.0
1777888931.9973323,1.0,-6.0,-69.0
1777888932.0073323,3.0,-7.0,-65.0
1777888932.0173323,8.0,-6.0,-66.0
1777888932.0273323,4.0,-6.0,-77.0
1777888932.0373323,0.0,-3.0,-76.0
1777888932.0473323,1.0,-1.0,-76.0
1777888932.0573325,1.0,-4.0,-74.0
1777888932.0673325,-2.0,-2.0,-74.0
1777888932.0773325,0.0,-2.0,-74.0
1777888932.0873325,0.0,-2.0,-68.0
1777888932.0973325,-3.0,-2.0,-67.0
1777888932.1073325,0.0,-3.0,-64.0
1777888932.1173325,1.0,-1.0,-69.0
1777888932.1273324,-1.0,-1.0,-72.0
1777888932.1373324,-4.0,-1.0,-73.0
1777888932.1473324,0.0,0.0,-71.0
1777888932.1573324,0.0,0.0,-73.0
1777888932.1673324,2.0,-2.0,-79.0
1777888932.1773324,4.0,-3.0,-72.0
1777888932.1873324,4.0,-3.0,-69.0
1777888932.1973324,2.0,-1.0,-72.0
1777888932.2073324,3.0,-2.0,-77.0
1777888932.2173324,2.0,-2.0,-79.0
1777888932.2273324,-2.0,-2.0,-76.0
1777888932.2373323,-3.0,-3.0,-75.0
1777888932.2473323,-2.0,-3.0,-73.0
1777888932.2573323,2.0,-2.0,-76.0
1777888932.2673323,-1.0,-1.0,-81.0
1777888932.2773323,-2.0,1.0,-81.0
1777888932.2873323,4.0,4.0,-76.0
1777888932.2973323,4.0,1.0,-84.0
1777888932.3073325,3.0,1.0,-83.0
1777888932.3173325,6.0,5.0,-86.0
1777888932.3273325,9.0,3.0,-82.0
1777888932.3373325,5.0,0.0,-80.0
1777888932.3473325,2.0,3.0,-82.0
1777888932.3573325,0.0,1.0,-84.0
1777888932.3673325,-3.0,4.0,-81.0
1777888932.3773324,-6.0,0.0,-83.0
1777888932.3873324,-7.0,1.0,-79.0
1777888932.3973324,-1.0,0.0,-76.0
1777888932.4073324,-1.0,-1.0,-72.0
1777888932.4173324,1.0,0.0,-74.0
1777888932.4273324,2.0,0.0,-72.0
1777888932.4373324,5.0,1.0,-74.0
1777888932.4473324,6.0,-1.0,-78.0
1777888932.4573324,4.0,-2.0,-76.0
1777888932.4673324,3.0,-4.0,-78.0
1777888932.4773324,3.0,-1.0,-77.0
1777888932.4873323,-1.0,0.0,-79.0
1777888932.4973323,3.0,0.0,-80.0
1777888932.5073323,4.0,0.0,-81.0
1777888932.5173323,2.0,2.0,-82.0
1777888932.5273323,0.0,2.0,-79.0
1777888932.5373323,2.0,0.0,-78.0
1777888932.5473323,6.0,-3.0,-76.0
1777888932.5573325,5.0,0.0,-78.0
1777888932.5673325,0.0,-6.0,-76.0
1777888932.5773325,0.0,-4.0,-76.0
1777888932.5873325,1.0,-8.0,-79.0
1777888932.5973325,1.0,-9.0,-80.0
1777888932.6073325,2.0,-1.0,-85.0
1777888932.6173325,5.0,-1.0,-83.0
1777888932.6273324,4.0,-2.0,-78.0
1777888932.6373324,5.0,0.0,-72.0
1777888932.6473324,3.0,1.0,-71.0
1777888932.6573324,4.0,2.0,-67.0
1777888932.6673324,1.0,-1.0,-66.0
1777888932.6773324,-4.0,-3.0,-70.0
1777888932.6873324,-2.0,-3.0,-72.0
1777888932.6973324,0.0,-5.0,-74.0
1777888932.7073324,-1.0,-4.0,-70.0
1777888932.7173324,0.0,-4.0,-71.0
1777888932.7273324,0.0,-3.0,-75.0
1777888932.7373323,-3.0,-5.0,-76.0
1777888932.7473323,-1.0,-7.0,-77.0
1777888932.7573323,0.0,-5.0,-70.0
1777888932.7673323,0.0,-6.0,-75.0
1777888932.7773323,-3.0,-9.0,-67.0
1777888932.7873323,-3.0,-6.0,-63.0
1777888932.7973323,-4.0,0.0,-65.0
1777888932.8073325,0.0,0.0,-72.0
1777888932.8173325,4.0,3.0,-70.0
1777888932.8273325,6.0,3.0,-74.0
1777888932.8373325,6.0,4.0,-71.0
1777888932.8473325,6.0,0.0,-72.0
1777888932.8573325,3.0,-1.0,-75.0
1777888932.8673325,0.0,0.0,-76.0
1777888932.8773324,-2.0,1.0,-76.0
1777888932.8873324,-6.0,2.0,-78.0
1777888932.8973324,-7.0,-3.0,-80.0
1777888932.9073324,-8.0,-3.0,-79.0
1777888932.9173324,-7.0,0.0,-76.0
1777888932.9273324,-10.0,-1.0,-76.0
1777888932.9373324,-5.0,-3.0,-79.0
1777888932.9473324,1.0,-4.0,-72.0
1777888932.9573324,-1.0,-7.0,-74.0
1777888932.9673324,-1.0,-3.0,-77.0
1777888932.9773324,0.0,-2.0,-80.0
1777888932.9873323,0.0,-3.0,-78.0
1777888932.9973323,-3.0,-5.0,-81.0
1777888933.0073323,-1.0,-10.0,-77.0
1777888933.0173323,1.0,-12.0,-78.0
1777888933.0273323,3.0,-11.0,-73.0
1777888933.0373323,5.0,-8.0,-75.0
1777888933.0473323,11.0,-8.0,-78.0
1777888933.0573325,11.0,0.0,-78.0
1777888933.0673325,9.0,2.0,-69.0
1777888933.0773325,11.0,0.0,-66.0
1777888933.0873325,12.0,0.0,-66.0
1777888933.0973325,9.0,0.0,-71.0
1777888933.1073325,10.0,1.0,-71.0
1777888933.1173325,10.0,-1.0,-77.0
1777888933.1273324,4.0,-1.0,-86.0
1777888933.1373324,4.0,-5.0,-90.0
1777888933.1473324,1.0,-6.0,-86.0
1777888933.1573324,0.0,-3.0,-84.0
1777888933.1673324,-3.0,-1.0,-81.0
1777888933.1773324,-1.0,2.0,-81.0
1777888933.1873324,0.0,3.0,-83.0
1777888933.1973324,-1.0,0.0,-82.0
1777888933.2073324,1.0,2.0,-76.0
1777888933.2173324,0.0,3.0,-75.0
1777888933.2273324,0.0,6.0,-79.0
1777888933.2373323,-1.0,5.0,-73.0
1777888933.2473323,4.0,4.0,-70.0
1777888933.2573323,5.0,1.0,-70.0
1777888933.2673323,3.0,4.0,-74.0
1777888933.2773323,2.0,4.0,-71.0
1777888933.2873323,3.0,2.0,-79.0
1777888933.2973323,5.0,0.0,-80.0
1777888933.3073325,5.0,0.0,-78.0
1777888933.3173325,2.0,0.0,-78.0
1777888933.3273325,4.0,-3.0,-73.0
1777888933.3373325,2.0,0.0,-69.0
1777888933.3473325,-1.0,-4.0,-62.0
1777888933.3573325,-4.0,-3.0,-67.0
1777888933.3673325,-5.0,-2.0,-68.0
1777888933.3773324,-1.0,0.0,-69.0
1777888933.3873324,0.0,-1.0,-72.0
1777888933.3973324,6.0,-5.0,-73.0
1777888933.4073324,5.0,-7.0,-78.0
1777888933.4173324,4.0,-8.0,-71.0
1777888933.4273324,5.0,-7.0,-70.0
1777888933.4373324,7.0,-3.0,-67.0
1777888933.4473324,2.0,-1.0,-72.0
1777888933.4573324,1.0,0.0,-71.0
1777888933.4673324,0.0,-1.0,-73.0
1777888933.4773324,3.0,-3.0,-75.0
1777888933.4873323,0.0,-1.0,-74.0
1777888933.4973323,2.0,-2.0,-72.0
1777888933.5073323,0.0,-5.0,-72.0
1777888933.5173323,-1.0,-6.0,-70.0
1777888933.5283325,-4.0,-7.0,-73.0
1777888933.5373323,-6.0,-10.0,-75.0
1777888933.5473323,-6.0,-6.0,-74.0
1777888933.5573325,-6.0,-5.0,-66.0
1777888933.5673325,-7.0,-2.0,-66.0
1777888933.5783324,-7.0,0.0,-69.0
1777888933.5883324,-5.0,1.0,-64.0
1777888933.5983324,-3.0,2.0,-68.0
1777888933.6083324,-2.0,0.0,-68.0
1777888933.6183324,-2.0,4.0,-68.0
1777888933.6283324,0.0,1.0,-67.0
1777888933.6383324,2.0,1.0,-74.0
1777888933.6483324,1.0,3.0,-75.0
1777888933.6583323,4.0,0.0,-69.0
1777888933.6693325,6.0,-2.0,-71.0
1777888933.6783323,5.0,-4.0,-78.0
1777888933.6883323,7.0,-3.0,-82.0
1777888933.6983323,9.0,-5.0,-83.0
1777888933.7083323,6.0,-5.0,-88.0
1777888933.7183323,6.0,-5.0,-83.0
1777888933.7283323,7.0,-4.0,-82.0
1777888933.7383325,8.0,-1.0,-82.0
1777888933.7483325,4.0,-4.0,-83.0
1777888933.7583325,4.0,0.0,-79.0
1777888933.7683325,0.0,1.0,-80.0
1777888933.7783325,4.0,3.0,-82.0
1777888933.7883325,5.0,2.0,-76.0
1777888933.7983325,5.0,4.0,-77.0
1777888933.8083324,5.0,4.0,-80.0
1777888933.8183324,1.0,10.0,-88.0
1777888933.8283324,0.0,4.0,-82.0
1777888933.8383324,-6.0,4.0,-83.0
1777888933.8483324,-8.0,3.0,-84.0
1777888933.8583324,-5.0,0.0,-81.0
1777888933.8683324,-4.0,2.0,-78.0
1777888933.8783324,-2.0,1.0,-81.0
1777888933.8883324,-2.0,1.0,-81.0
1777888933.8983324,-2.0,0.0,-78.0
1777888933.9083323,-3.0,2.0,-72.0
1777888933.9183323,0.0,1.0,-75.0
1777888933.9283323,0.0,0.0,-74.0
1777888933.9383323,-5.0,1.0,-74.0
1777888933.9483323,-2.0,0.0,-73.0
1777888933.9583323,-4.0,-2.0,-75.0
1777888933.9683323,-5.0,-5.0,-78.0
1777888933.9783323,0.0,0.0,-74.0
1777888933.9883325,1.0,0.0,-75.0
1777888933.9983325,1.0,0.0,-74.0
1777888934.0083325,3.0,4.0,-77.0
1777888934.0183325,2.0,1.0,-77.0
1777888934.0283325,3.0,3.0,-73.0
1777888934.0383325,2.0,3.0,-76.0
1777888934.0483325,0.0,1.0,-73.0
1777888934.0583324,0.0,0.0,-78.0
1777888934.0683324,1.0,0.0,-76.0
1777888934.0783324,2.0,2.0,-77.0
1777888934.0883324,5.0,-1.0,-76.0
1777888934.0983324,5.0,1.0,-70.0
1777888934.1083324,3.0,1.0,-68.0
1777888934.1183324,2.0,1.0,-68.0
1777888934.1283324,1.0,2.0,-76.0
1777888934.1383324,-2.0,2.0,-80.0
1777888934.1483324,1.0,2.0,-80.0
1777888934.1583323,0.0,2.0,-78.0
1777888934.1683323,1.0,1.0,-77.0
1777888934.1783323,0.0,2.0,-71.0
1777888934.1883323,-4.0,3.0,-70.0
1777888934.1983323,-7.0,6.0,-69.0
1777888934.2083323,-6.0,6.0,-71.0
1777888934.2183323,-5.0,2.0,-74.0
1777888934.2283323,-3.0,2.0,-80.0
1777888934.2383325,-3.0,4.0,-79.0
1777888934.2483325,-5.0,2.0,-88.0
1777888934.2583325,0.0,-2.0,-79.0
1777888934.2683325,0.0,-4.0,-72.0
1777888934.2783325,0.0,-4.0,-74.0
1777888934.2883325,0.0,-2.0,-80.0
1777888934.2983325,0.0,-5.0,-79.0
1777888934.3083324,-2.0,-1.0,-83.0
1777888934.3183324,0.0,-2.0,-78.0
1777888934.3283324,0.0,-3.0,-82.0
1777888934.3383324,0.0,-6.0,-82.0
1777888934.3483324,-2.0,-8.0,-76.0
1777888934.3583324,0.0,-6.0,-73.0
1777888934.3683324,4.0,-3.0,-80.0
1777888934.3783324,3.0,0.0,-83.0
1777888934.3883324,3.0,0.0,-81.0
1777888934.3983324,4.0,-1.0,-77.0
1777888934.4083323,6.0,1.0,-72.0
1777888934.4183323,4.0,1.0,-71.0
1777888934.4283323,7.0,2.0,-69.0
1777888934.4383323,11.0,0.0,-71.0
1777888934.4483323,9.0,0.0,-79.0
1777888934.4583323,7.0,3.0,-79.0
1777888934.4683323,9.0,0.0,-80.0
1777888934.4783323,8.0,-1.0,-84.0
1777888934.4883325,8.0,0.0,-80.0
1777888934.4983325,6.0,1.0,-76.0
1777888934.5083325,4.0,0.0,-71.0
1777888934.5183325,2.0,-4.0,-72.0
1777888934.5283325,3.0,-4.0,-80.0
1777888934.5383325,1.0,-7.0,-79.0
1777888934.5483325,6.0,-5.0,-72.0
1777888934.5583324,3.0,-4.0,-77.0
1777888934.5683324,1.0,-3.0,-80.0
1777888934.5783324,0.0,-3.0,-80.0
1777888934.5883324,2.0,-2.0,-67.0
1777888934.5983324,3.0,-3.0,-72.0
1777888934.6083324,7.0,-4.0,-74.0
1777888934.6183324,6.0,-1.0,-73.0
1777888934.6283324,8.0,0.0,-76.0
1777888934.6383324,3.0,0.0,-68.0
1777888934.6483324,1.0,2.0,-67.0
1777888934.6583323,-1.0,2.0,-66.0
1777888934.6683323,1.0,4.0,-72.0
1777888934.6783323,5.0,5.0,-72.0
1777888934.6883323,6.0,5.0,-76.0
1777888934.6983323,10.0,5.0,-71.0
1777888934.7083323,7.0,4.0,-72.0
1777888934.7183323,5.0,2.0,-70.0
1777888934.7283323,-1.0,2.0,-70.0
1777888934.7383325,-2.0,-6.0,-66.0
1777888934.7483325,0.0,-4.0,-71.0
1777888934.7583325,-1.0,-5.0,-71.0
1777888934.7683325,-1.0,-2.0,-74.0
1777888934.7783325,-4.0,0.0,-69.0
1777888934.7883325,-1.0,1.0,-72.0
1777888934.7983325,3.0,-1.0,-76.0
1777888934.8083324,0.0,-1.0,-84.0
1777888934.8183324,-3.0,-6.0,-83.0
1777888934.8283324,-3.0,-6.0,-84.0
1777888934.8383324,1.0,0.0,-79.0
1777888934.8483324,-2.0,1.0,-77.0
1777888934.8583324,0.0,1.0,-76.0
1777888934.8683324,2.0,-2.0,-76.0
1777888934.8783324,-2.0,-3.0,-78.0
1777888934.8883324,0.0,-1.0,-77.0
1777888934.8983324,0.0,0.0,-67.0
1777888934.9083323,0.0,-3.0,-68.0
1777888934.9183323,-2.0,-3.0,-69.0
1777888934.9283323,-2.0,-1.0,-71.0
1777888934.9383323,0.0,-4.0,-68.0
1777888934.9483323,1.0,-2.0,-69.0
1777888934.9583323,2.0,2.0,-64.0
1777888934.9683323,4.0,-4.0,-62.0
1777888934.9783323,4.0,-1.0,-66.0
1777888934.9883325,3.0,-4.0,-67.0
1777888934.9983325,3.0,-5.0,-64.0
1777888935.0083325,3.0,-4.0,-65.0
1777888935.0183325,2.0,0.0,-65.0
1777888935.0283325,3.0,3.0,-72.0
1777888935.0383325,3.0,0.0,-76.0
1777888935.0483325,6.0,1.0,-77.0
1777888935.0583324,6.0,0.0,-72.0
1777888935.0683324,1.0,-3.0,-76.0
1777888935.0783324,0.0,-9.0,-81.0
1777888935.0883324,4.0,-9.0,-84.0
1777888935.0983324,3.0,-9.0,-91.0
1777888935.1083324,5.0,-7.0,-85.0
1777888935.1183324,4.0,-9.0,-77.0
1777888935.1283324,2.0,-5.0,-78.0
1777888935.1383324,8.0,-2.0,-80.0
1777888935.1483324,8.0,2.0,-82.0
1777888935.1583323,6.0,1.0,-83.0
1777888935.1683323,8.0,1.0,-81.0
1777888935.1783323,6.0,0.0,-87.0
1777888935.1883323,5.0,-1.0,-87.0
1777888935.1983323,10.0,0.0,-91.0
1777888935.2083323,9.0,0.0,-88.0
1777888935.2183323,6.0,0.0,-90.0
1777888935.2283323,10.0,-1.0,-85.0
1777888935.2383325,6.0,-3.0,-83.0
1777888935.2483325,6.0,-4.0,-83.0
1777888935.2583325,3.0,-5.0,-84.0
1777888935.2683325,4.0,0.0,-83.0
1777888935.2783325,4.0,1.0,-77.0
1777888935.2883325,6.0,2.0,-74.0
1777888935.2983325,4.0,0.0,-68.0
1777888935.3083324,2.0,0.0,-66.0
1777888935.3183324,3.0,0.0,-68.0
1777888935.3283324,2.0,-1.0,-63.0
1777888935.3383324,2.0,-2.0,-60.0
1777888935.3483324,5.0,-5.0,-62.0
1777888935.3583324,6.0,-6.0,-72.0
1777888935.3683324,6.0,-7.0,-81.0
1777888935.3783324,6.0,-9.0,-81.0
1777888935.3883324,5.0,-9.0,-78.0
1777888935.3983324,6.0,-11.0,-78.0
1777888935.4083323,3.0,-11.0,-75.0
1777888935.4183323,4.0,-12.0,-81.0
1777888935.4283323,2.0,-9.0,-78.0
1777888935.4383323,-2.0,-8.0,-75.0
1777888935.4483323,-7.0,-11.0,-72.0
1777888935.4583323,-4.0,-11.0,-71.0
1777888935.4683323,-4.0,-13.0,-68.0
1777888935.4783323,-2.0,-8.0,-74.0
1777888935.4883325,-1.0,-7.0,-73.0
1777888935.4993324,-3.0,-3.0,-71.0
1777888935.5083325,-2.0,0.0,-71.0
1777888935.5183325,-4.0,0.0,-74.0
1777888935.5293324,-4.0,0.0,-73.0
1777888935.5393324,-2.0,0.0,-73.0
1777888935.5493324,2.0,1.0,-77.0
1777888935.5593324,4.0,-4.0,-85.0
1777888935.5693324,5.0,1.0,-81.0
1777888935.5793324,7.0,0.0,-90.0
1777888935.5893323,8.0,-3.0,-80.0
1777888935.5993323,3.0,-6.0,-78.0
1777888935.6093323,5.0,-4.0,-82.0
1777888935.6193323,6.0,-10.0,-78.0
1777888935.6293323,5.0,-6.0,-75.0
1777888935.6393323,4.0,-5.0,-78.0
1777888935.6493323,-1.0,-5.0,-85.0
1777888935.6593325,0.0,-3.0,-80.0
1777888935.6693325,-3.0,-3.0,-82.0
1777888935.6793325,0.0,-4.0,-73.0
1777888935.6893325,1.0,-3.0,-72.0
1777888935.6993325,-7.0,-3.0,-76.0
1777888935.7093325,-8.0,-1.0,-74.0
1777888935.7193325,-9.0,1.0,-74.0
1777888935.7293324,-6.0,1.0,-79.0
1777888935.7393324,-4.0,3.0,-80.0
1777888935.7493324,-4.0,0.0,-74.0
1777888935.7593324,0.0,-4.0,-71.0
1777888935.7693324,1.0,-6.0,-75.0
1777888935.7793324,1.0,-5.0,-75.0
1777888935.7893324,2.0,-1.0,-74.0
1777888935.7993324,0.0,4.0,-77.0
1777888935.8093324,3.0,5.0,-74.0
1777888935.8193324,2.0,3.0,-74.0
1777888935.8293324,4.0,5.0,-79.0
1777888935.8393323,0.0,5.0,-82.0
1777888935.8493323,-3.0,3.0,-78.0
1777888935.8593323,-2.0,4.0,-77.0
1777888935.8693323,-1.0,3.0,-79.0
1777888935.8793323,-2.0,0.0,-72.0
1777888935.8893323,-3.0,0.0,-74.0
1777888935.8993323,0.0,-1.0,-73.0
1777888935.9093325,1.0,0.0,-76.0
1777888935.9193325,2.0,2.0,-74.0
1777888935.9293325,0.0,1.0,-69.0
1777888935.9393325,-1.0,0.0,-68.0
1777888935.9493325,4.0,-3.0,-69.0
1777888935.9593325,2.0,-6.0,-66.0
1777888935.9693325,5.0,-4.0,-60.0
1777888935.9793324,5.0,-4.0,-70.0
1777888935.9893324,6.0,-4.0,-73.0
1777888935.9993324,6.0,-1.0,-73.0
1777888936.0093324,3.0,0.0,-75.0
1777888936.0193324,1.0,0.0,-86.0
1777888936.0293324,0.0,0.0,-86.0
1777888936.0393324,-7.0,-5.0,-85.0
1777888936.0493324,-5.0,-7.0,-85.0
1777888936.0593324,-3.0,-2.0,-77.0
1777888936.0693324,1.0,-6.0,-68.0
1777888936.0793324,3.0,-7.0,-69.0
1777888936.0893323,0.0,-9.0,-74.0
1777888936.0993323,2.0,-10.0,-71.0
1777888936.1093323,0.0,-7.0,-66.0
1777888936.1193323,4.0,-9.0,-63.0
1777888936.1293323,11.0,-10.0,-56.0
1777888936.1393323,14.0,-6.0,-57.0
1777888936.1493323,9.0,-4.0,-59.0
1777888936.1593325,4.0,-3.0,-65.0
1777888936.1693325,3.0,-3.0,-72.0
1777888936.1793325,2.0,-7.0,-76.0
1777888936.1893325,2.0,-8.0,-75.0
1777888936.1993325,5.0,-4.0,-70.0
1777888936.2093325,3.0,-3.0,-68.0
1777888936.2193325,0.0,-3.0,-73.0
1777888936.2293324,-6.0,-7.0,-76.0
1777888936.2393324,-5.0,-9.0,-86.0
1777888936.2493324,-7.0,-10.0,-87.0
1777888936.2593324,-7.0,-7.0,-84.0
1777888936.2693324,-4.0,-3.0,-79.0
1777888936.2793324,-2.0,-2.0,-77.0
1777888936.2893324,-1.0,-7.0,-76.0
1777888936.2993324,-2.0,-9.0,-78.0
1777888936.3093324,0.0,-9.0,-78.0
1777888936.3193324,0.0,-7.0,-74.0
1777888936.3293324,1.0,-7.0,-69.0
1777888936.3393323,8.0,-6.0,-68.0
1777888936.3493323,8.0,-5.0,-70.0
1777888936.3593323,11.0,-6.0,-75.0
1777888936.3693323,16.0,-3.0,-78.0
1777888936.3793323,12.0,-2.0,-82.0
1777888936.3893323,11.0,-3.0,-88.0
1777888936.3993323,4.0,-1.0,-79.0
1777888936.4093325,0.0,-3.0,-77.0
1777888936.4193325,0.0,1.0,-72.0
1777888936.4293325,3.0,1.0,-69.0
1777888936.4393325,4.0,2.0,-74.0
1777888936.4493325,5.0,4.0,-75.0
1777888936.4593325,-1.0,4.0,-66.0
1777888936.4693325,-1.0,1.0,-65.0
1777888936.4793324,-4.0,0.0,-66.0
1777888936.4893324,-2.0,6.0,-71.0
1777888936.4993324,-4.0,6.0,-67.0
1777888936.5093324,-4.0,8.0,-64.0
1777888936.5193324,-1.0,4.0,-68.0
1777888936.5293324,3.0,2.0,-74.0
1777888936.5393324,1.0,2.0,-75.0
1777888936.5493324,4.0,2.0,-75.0
1777888936.5593324,7.0,3.0,-68.0
1777888936.5693324,4.0,2.0,-72.0
1777888936.5793324,3.0,3.0,-66.0
1777888936.5893323,5.0,0.0,-68.0
1777888936.5993323,8.0,0.0,-71.0
1777888936.6093323,6.0,2.0,-74.0
1777888936.6193323,3.0,2.0,-75.0
1777888936.6293323,4.0,3.0,-78.0
1777888936.6393323,0.0,0.0,-78.0
1777888936.6493323,-7.0,0.0,-78.0
1777888936.6593325,-11.0,2.0,-70.0
1777888936.6693325,-8.0,-1.0,-64.0
1777888936.6793325,-11.0,-2.0,-68.0
1777888936.6893325,-6.0,-3.0,-69.0
1777888936.6993325,-5.0,-4.0,-69.0
1777888936.7093325,-5.0,-2.0,-77.0
1777888936.7193325,-1.0,-2.0,-76.0
1777888936.7293324,1.0,-4.0,-73.0
1777888936.7393324,-2.0,-4.0,-81.0
1777888936.7493324,-2.0,-2.0,-84.0
1777888936.7593324,-2.0,-2.0,-86.0
1777888936.7693324,-4.0,-1.0,-86.0
1777888936.7793324,-5.0,-4.0,-88.0
1777888936.7893324,0.0,-3.0,-78.0
1777888936.7993324,2.0,-5.0,-74.0
1777888936.8093324,7.0,-4.0,-72.0
1777888936.8193324,7.0,-2.0,-68.0
1777888936.8293324,6.0,1.0,-63.0
1777888936.8393323,2.0,3.0,-66.0
1777888936.8493323,0.0,3.0,-68.0
1777888936.8593323,1.0,3.0,-70.0
1777888936.8693323,5.0,3.0,-72.0
1777888936.8793323,2.0,0.0,-74.0
1777888936.8893323,1.0,0.0,-73.0
1777888936.8993323,1.0,-1.0,-77.0
1777888936.9093325,3.0,-3.0,-77.0
1777888936.9193325,4.0,2.0,-71.0
1777888936.9293325,5.0,4.0,-72.0
1777888936.9393325,3.0,0.0,-80.0
1777888936.9493325,4.0,0.0,-76.0
1777888936.9593325,8.0,0.0,-75.0
1777888936.9693325,8.0,-3.0,-74.0
1777888936.9793324,11.0,-2.0,-71.0
1777888936.9893324,9.0,0.0,-68.0
1777888936.9993324,3.0,0.0,-73.0
1777888937.0093324,0.0,-1.0,-71.0
1777888937.0193324,3.0,-4.0,-73.0
1777888937.0293324,1.0,2.0,-73.0
1777888937.0393324,0.0,6.0,-73.0
1777888937.0493324,-2.0,7.0,-71.0
1777888937.0593324,1.0,5.0,-70.0
1777888937.0693324,2.0,6.0,-70.0
1777888937.0793324,1.0,0.0,-75.0
1777888937.0893323,-1.0,-1.0,-74.0
1777888937.0993323,0.0,-5.0,-71.0
1777888937.1093323,2.0,-3.0,-74.0
1777888937.1193323,0.0,-1.0,-79.0
1777888937.1293323,2.0,0.0,-78.0
1777888937.1393323,2.0,3.0,-79.0
1777888937.1493323,3.0,-1.0,-77.0
1777888937.1593325,-1.0,-7.0,-72.0
1777888937.1693325,-3.0,-7.0,-74.0
1777888937.1793325,-5.0,-3.0,-78.0
1777888937.1893325,-3.0,0.0,-79.0
1777888937.1993325,-3.0,1.0,-79.0
1777888937.2093325,-1.0,2.0,-78.0
1777888937.2193325,-1.0,4.0,-73.0
1777888937.2293324,-5.0,2.0,-75.0
1777888937.2393324,-2.0,-1.0,-80.0
1777888937.2493324,2.0,-4.0,-79.0
1777888937.2593324,5.0,0.0,-82.0
1777888937.2693324,4.0,3.0,-82.0
1777888937.2793324,5.0,2.0,-84.0
1777888937.2893324,7.0,-1.0,-79.0
1777888937.2993324,6.0,-4.0,-79.0
1777888937.3093324,7.0,1.0,-78.0
1777888937.3193324,6.0,-3.0,-77.0
1777888937.3293324,0.0,-5.0,-75.0
1777888937.3393323,-4.0,-8.0,-77.0
1777888937.3493323,-9.0,-2.0,-74.0
1777888937.3593323,-9.0,3.0,-72.0
1777888937.3693323,-8.0,1.0,-73.0
1777888937.3793323,-6.0,2.0,-76.0
1777888937.3893323,-7.0,-1.0,-70.0
1777888937.3993323,-2.0,-4.0,-66.0
1777888937.4093325,4.0,-3.0,-72.0
1777888937.4193325,5.0,0.0,-67.0
1777888937.4293325,5.0,0.0,-72.0
1777888937.4393325,4.0,5.0,-70.0
1777888937.4493325,2.0,5.0,-70.0
1777888937.4593325,-4.0,3.0,-75.0
1777888937.4693325,-2.0,4.0,-67.0
1777888937.4793324,1.0,9.0,-64.0
1777888937.4903324,7.0,8.0,-65.0
1777888937.4993324,7.0,8.0,-60.0
1777888937.5093324,4.0,5.0,-65.0
1777888937.5203323,4.0,4.0,-70.0
1777888937.5303323,2.0,6.0,-72.0
1777888937.5403323,-1.0,6.0,-77.0
1777888937.5503323,-3.0,6.0,-82.0
1777888937.5603323,-3.0,6.0,-86.0
1777888937.5703323,-8.0,3.0,-84.0
1777888937.5803325,-2.0,2.0,-87.0
1777888937.5903325,1.0,1.0,-85.0
1777888937.6003325,4.0,0.0,-74.0
1777888937.6103325,5.0,-3.0,-74.0
1777888937.6203325,5.0,1.0,-69.0
1777888937.6303325,1.0,2.0,-69.0
1777888937.6403325,4.0,4.0,-75.0
1777888937.6503325,9.0,8.0,-80.0
1777888937.6603324,6.0,7.0,-80.0
1777888937.6703324,3.0,4.0,-79.0
1777888937.6803324,0.0,2.0,-77.0
1777888937.6903324,0.0,3.0,-81.0
1777888937.7003324,0.0,-2.0,-79.0
1777888937.7103324,1.0,-1.0,-77.0
1777888937.7203324,3.0,-3.0,-79.0
1777888937.7303324,1.0,-1.0,-78.0
1777888937.7403324,0.0,-2.0,-79.0
1777888937.7503324,-3.0,-1.0,-78.0
1777888937.7603323,3.0,0.0,-73.0
1777888937.7703323,5.0,-2.0,-71.0
1777888937.7803323,2.0,-3.0,-78.0
1777888937.7903323,0.0,0.0,-77.0
1777888937.8003323,0.0,0.0,-76.0
1777888937.8103323,0.0,-3.0,-78.0
1777888937.8203323,-2.0,-2.0,-73.0
1777888937.8303325,-3.0,0.0,-66.0
1777888937.8403325,-5.0,-4.0,-66.0
1777888937.8503325,-3.0,-1.0,-72.0
1777888937.8603325,-6.0,0.0,-74.0
1777888937.8703325,-6.0,-1.0,-68.0
1777888937.8803325,-4.0,-1.0,-75.0
1777888937.8903325,0.0,-3.0,-77.0
1777888937.9003325,-4.0,-3.0,-78.0
1777888937.9103324,-8.0,-6.0,-80.0
1777888937.9203324,-6.0,-7.0,-85.0
1777888937.9303324,-5.0,-6.0,-81.0
1777888937.9403324,0.0,-3.0,-88.0
1777888937.9503324,2.0,0.0,-82.0
1777888937.9603324,4.0,1.0,-80.0
1777888937.9703324,5.0,2.0,-83.0
1777888937.9803324,1.0,4.0,-81.0
1777888937.9903324,5.0,0.0,-81.0
1777888938.0003324,3.0,2.0,-81.0
1777888938.0103323,6.0,2.0,-83.0
1777888938.0203323,6.0,1.0,-84.0
1777888938.0303323,8.0,2.0,-83.0
1777888938.0403323,6.0,0.0,-78.0
1777888938.0503323,4.0,0.0,-78.0
1777888938.0603323,3.0,1.0,-79.0
1777888938.0703323,0.0,-1.0,-78.0
1777888938.0803325,1.0,-2.0,-74.0
1777888938.0903325,4.0,0.0,-80.0
1777888938.1003325,2.0,1.0,-78.0
1777888938.1103325,4.0,-2.0,-83.0
1777888938.1203325,4.0,-1.0,-81.0
1777888938.1303325,4.0,2.0,-84.0
1777888938.1403325,-1.0,1.0,-78.0
1777888938.1503325,0.0,-1.0,-88.0
1777888938.1603324,-3.0,-3.0,-86.0
1777888938.1703324,-6.0,-4.0,-83.0
1777888938.1803324,-5.0,-8.0,-82.0
1777888938.1903324,-7.0,-11.0,-82.0
1777888938.2003324,-8.0,-6.0,-82.0
1777888938.2103324,-5.0,-6.0,-78.0
1777888938.2203324,-1.0,-6.0,-82.0
1777888938.2303324,-3.0,-2.0,-82.0
1777888938.2403324,0.0,0.0,-85.0
1777888938.2503324,-1.0,0.0,-88.0
1777888938.2603323,4.0,1.0,-81.0
1777888938.2703323,4.0,4.0,-75.0
1777888938.2803323,1.0,7.0,-75.0
1777888938.2903323,5.0,6.0,-79.0
1777888938.3003323,9.0,3.0,-73.0
1777888938.3103323,3.0,0.0,-79.0
1777888938.3203323,3.0,-3.0,-76.0
1777888938.3303325,1.0,-2.0,-74.0
1777888938.3403325,0.0,-1.0,-72.0
1777888938.3503325,1.0,-1.0,-72.0
1777888938.3603325,-2.0,0.0,-72.0
1777888938.3703325,1.0,0.0,-67.0
1777888938.3803325,2.0,1.0,-71.0
1777888938.3903325,5.0,3.0,-77.0
1777888938.4003325,7.0,0.0,-80.0
1777888938.4103324,9.0,-4.0,-78.0
1777888938.4203324,4.0,-2.0,-78.0
1777888938.4303324,11.0,-2.0,-81.0
1777888938.4403324,7.0,-3.0,-83.0
1777888938.4503324,4.0,-4.0,-84.0
1777888938.4603324,5.0,1.0,-83.0
1777888938.4703324,7.0,-3.0,-77.0
1777888938.4803324,5.0,-1.0,-86.0
1777888938.4903324,2.0,-1.0,-89.0
1777888938.5003324,0.0,0.0,-90.0
1777888938.5103323,1.0,0.0,-89.0
1777888938.5203323,1.0,-4.0,-84.0
1777888938.5303323,0.0,-5.0,-73.0
1777888938.5403323,1.0,-2.0,-75.0
1777888938.5503323,1.0,0.0,-73.0
1777888938.5603323,4.0,4.0,-71.0
1777888938.5703323,5.0,5.0,-74.0
1777888938.5803325,2.0,6.0,-78.0
1777888938.5903325,2.0,5.0,-77.0
1777888938.6003325,2.0,2.0,-75.0
1777888938.6103325,6.0,3.0,-82.0
1777888938.6203325,1.0,4.0,-85.0
1777888938.6303325,-2.0,5.0,-81.0
1777888938.6403325,-1.0,3.0,-77.0
1777888938.6503325,-2.0,3.0,-68.0
1777888938.6603324,-1.0,3.0,-67.0
1777888938.6703324,1.0,3.0,-61.0
1777888938.6803324,-1.0,0.0,-66.0
1777888938.6903324,0.0,-1.0,-71.0
1777888938.7003324,2.0,0.0,-72.0
1777888938.7103324,2.0,0.0,-78.0
1777888938.7203324,-1.0,-1.0,-78.0
1777888938.7303324,-2.0,0.0,-79.0
1777888938.7403324,-7.0,0.0,-80.0
1777888938.7503324,-5.0,0.0,-87.0
1777888938.7603323,-6.0,0.0,-77.0
1777888938.7703323,-6.0,-2.0,-70.0
1777888938.7803323,-4.0,-3.0,-72.0
1777888938.7903323,-2.0,-3.0,-72.0
1777888938.8003323,-7.0,0.0,-75.0
1777888938.8103323,-4.0,4.0,-77.0
1777888938.8203323,0.0,1.0,-78.0
1777888938.8303325,3.0,0.0,-74.0
1777888938.8403325,4.0,3.0,-74.0
1777888938.8503325,3.0,4.0,-80.0
1777888938.8603325,0.0,4.0,-88.0
1777888938.8703325,-2.0,2.0,-85.0
1777888938.8803325,-5.0,-3.0,-86.0
1777888938.8903325,-4.0,-8.0,-81.0
1777888938.9003325,0.0,-8.0,-71.0
1777888938.9103324,-5.0,-8.0,-70.0
1777888938.9203324,-4.0,-2.0,-76.0
1777888938.9303324,-6.0,-4.0,-80.0
1777888938.9403324,-6.0,0.0,-86.0
1777888938.9503324,-4.0,0.0,-82.0
1777888938.9603324,2.0,3.0,-78.0
1777888938.9703324,5.0,3.0,-82.0
1777888938.9803324,3.0,2.0,-79.0
1777888938.9903324,0.0,2.0,-76.0
1777888939.0003324,-3.0,3.0,-78.0
1777888939.0103323,-2.0,7.0,-73.0
1777888939.0203323,-2.0,5.0,-73.0
1777888939.0303323,1.0,4.0,-73.0
1777888939.0403323,1.0,1.0,-72.0
1777888939.0503323,1.0,3.0,-69.0
1777888939.0603323,7.0,4.0,-72.0
1777888939.0703323,2.0,1.0,-70.0
1777888939.0803325,-1.0,1.0,-72.0
1777888939.0903325,2.0,-2.0,-67.0
1777888939.1003325,0.0,0.0,-76.0
1777888939.1103325,-1.0,-1.0,-77.0
1777888939.1203325,0.0,1.0,-79.0
1777888939.1303325,4.0,0.0,-75.0
1777888939.1403325,4.0,0.0,-80.0
1777888939.1503325,3.0,0.0,-72.0
1777888939.1603324,6.0,0.0,-77.0
1777888939.1703324,7.0,2.0,-77.0
1777888939.1803324,8.0,-1.0,-75.0
1777888939.1903324,7.0,-2.0,-76.0
1777888939.2003324,7.0,-2.0,-78.0
1777888939.2103324,5.0,-6.0,-72.0
1777888939.2203324,2.0,-8.0,-68.0
1777888939.2303324,4.0,-9.0,-65.0
1777888939.2403324,6.0,-11.0,-71.0
1777888939.2503324,8.0,-7.0,-77.0
1777888939.2603323,9.0,0.0,-85.0
1777888939.2703323,9.0,0.0,-84.0
1777888939.2803323,5.0,-2.0,-76.0
1777888939.2903323,1.0,-2.0,-72.0
1777888939.3003323,0.0,0.0,-77.0
1777888939.3103323,-2.0,4.0,-72.0
1777888939.3203323,0.0,1.0,-75.0
1777888939.3303325,2.0,0.0,-77.0
1777888939.3403325,1.0,-7.0,-79.0
1777888939.3503325,5.0,-7.0,-74.0
1777888939.3603325,6.0,-3.0,-74.0
1777888939.3703325,7.0,-4.0,-72.0
1777888939.3803325,4.0,0.0,-77.0
1777888939.3903325,4.0,-1.0,-69.0
1777888939.4003325,8.0,-2.0,-68.0
1777888939.4103324,8.0,0.0,-71.0
1777888939.4203324,5.0,-3.0,-70.0
1777888939.4303324,1.0,-6.0,-73.0
1777888939.4403324,-1.0,-8.0,-74.0
1777888939.4503324,-1.0,-3.0,-75.0
1777888939.4603324,-2.0,-4.0,-73.0
1777888939.4703324,1.0,3.0,-67.0
1777888939.4803324,2.0,4.0,-68.0
1777888939.4903324,-1.0,4.0,-71.0
1777888939.5003324,1.0,2.0,-80.0
1777888939.5113325,1.0,5.0,-79.0
1777888939.5213325,6.0,3.0,-74.0
1777888939.5313325,7.0,1.0,-75.0
1777888939.5413325,7.0,3.0,-83.0
1777888939.5513325,2.0,2.0,-88.0
1777888939.5613325,-2.0,-3.0,-85.0
1777888939.5713325,2.0,-3.0,-93.0
1777888939.5813324,5.0,-3.0,-94.0
1777888939.5913324,6.0,-1.0,-93.0
1777888939.6013324,6.0,-1.0,-90.0
1777888939.6113324,3.0,0.0,-90.0
1777888939.6213324,1.0,0.0,-90.0
1777888939.6313324,2.0,-1.0,-87.0
1777888939.6413324,2.0,0.0,-82.0
1777888939.6513324,2.0,0.0,-74.0
1777888939.6613324,-1.0,-1.0,-74.0
1777888939.6713324,-3.0,0.0,-76.0
1777888939.6813323,-4.0,0.0,-80.0
1777888939.6913323,-6.0,-5.0,-87.0
1777888939.7013323,-1.0,-1.0,-87.0
1777888939.7113323,0.0,-1.0,-81.0
1777888939.7213323,0.0,-5.0,-82.0
1777888939.7313323,4.0,-5.0,-83.0
1777888939.7413323,1.0,-1.0,-78.0
1777888939.7513323,0.0,0.0,-83.0
1777888939.7613325,-2.0,1.0,-74.0
1777888939.7713325,-4.0,2.0,-74.0
1777888939.7813325,-4.0,1.0,-80.0
1777888939.7913325,-1.0,-1.0,-80.0
1777888939.8013325,2.0,-2.0,-79.0
1777888939.8113325,6.0,1.0,-76.0
1777888939.8213325,5.0,1.0,-80.0
1777888939.8313324,5.0,8.0,-73.0
1777888939.8413324,5.0,5.0,-75.0
1777888939.8513324,5.0,8.0,-74.0
1777888939.8613324,5.0,7.0,-75.0
1777888939.8713324,2.0,5.0,-80.0
1777888939.8813324,2.0,3.0,-81.0
1777888939.8913324,2.0,4.0,-79.0
1777888939.9013324,4.0,-4.0,-76.0
1777888939.9113324,3.0,-5.0,-76.0
1777888939.9213324,4.0,-3.0,-66.0
1777888939.9313323,0.0,-4.0,-72.0
1777888939.9413323,1.0,-5.0,-74.0
1777888939.9513323,2.0,-7.0,-73.0
1777888939.9613323,0.0,-6.0,-71.0
1777888939.9713323,1.0,-5.0,-80.0
1777888939.9813323,0.0,3.0,-75.0
1777888939.9913323,-2.0,2.0,-73.0
1777888940.0013323,-2.0,2.0,-78.0
1777888940.0113325,-2.0,3.0,-78.0
1777888940.0213325,-5.0,0.0,-75.0
1777888940.0313325,-4.0,-1.0,-72.0
1777888940.0413325,-2.0,0.0,-67.0
1777888940.0513325,-3.0,0.0,-64.0
1777888940.0613325,-6.0,0.0,-62.0
1777888940.0713325,-1.0,0.0,-70.0
1777888940.0813324,0.0,-2.0,-69.0
1777888940.0913324,-3.0,-4.0,-77.0
1777888940.1013324,1.0,-7.0,-77.0
1777888940.1113324,3.0,-5.0,-81.0
1777888940.1213324,0.0,-8.0,-77.0
1777888940.1313324,0.0,-7.0,-88.0
1777888940.1413324,-3.0,-4.0,-85.0
1777888940.1513324,-2.0,-2.0,-90.0
1777888940.1613324,0.0,-1.0,-84.0
1777888940.1713324,-3.0,-3.0,-75.0
1777888940.1813323,-1.0,-4.0,-78.0
1777888940.1913323,0.0,-3.0,-75.0
1777888940.2013323,-2.0,0.0,-79.0
1777888940.2113323,-1.0,0.0,-80.0
1777888940.2213323,4.0,0.0,-79.0
1777888940.2313323,5.0,1.0,-76.0
1777888940.2413323,1.0,2.0,-68.0
1777888940.2513323,-2.0,4.0,-67.0
1777888940.2613325,0.0,4.0,-69.0
1777888940.2713325,1.0,1.0,-66.0
1777888940.2813325,4.0,2.0,-70.0
1777888940.2913325,4.0,4.0,-71.0
1777888940.3013325,-1.0,-1.0,-72.0
1777888940.3113325,1.0,-3.0,-80.0
1777888940.3213325,-1.0,-1.0,-82.0
1777888940.3313324,2.0,1.0,-78.0
1777888940.3413324,0.0,-5.0,-75.0
1777888940.3513324,-3.0,-10.0,-75.0
1777888940.3613324,-5.0,-8.0,-75.0
1777888940.3713324,-4.0,-5.0,-71.0
1777888940.3813324,-2.0,-8.0,-74.0
1777888940.3913324,2.0,-8.0,-74.0
1777888940.4013324,0.0,-7.0,-69.0
1777888940.4113324,1.0,0.0,-74.0
1777888940.4213324,2.0,0.0,-70.0
1777888940.4313323,1.0,0.0,-70.0
1777888940.4413323,0.0,0.0,-75.0
1777888940.4513323,2.0,2.0,-79.0
1777888940.4613323,0.0,-1.0,-78.0
1777888940.4713323,-2.0,-2.0,-76.0
1777888940.4813323,-3.0,-1.0,-74.0
1777888940.4913323,-4.0,1.0,-81.0
1777888940.5013323,-1.0,0.0,-81.0
1777888940.5113325,3.0,2.0,-73.0
1777888940.5213325,2.0,-1.0,-75.0
1777888940.5313325,3.0,0.0,-72.0
1777888940.5413325,1.0,-2.0,-73.0
1777888940.5513325,1.0,0.0,-77.0
1777888940.5613325,-1.0,1.0,-83.0
1777888940.5713325,-5.0,0.0,-85.0
1777888940.5813324,-2.0,0.0,-82.0
1777888940.5913324,-1.0,2.0,-79.0
1777888940.6013324,0.0,1.0,-81.0
1777888940.6113324,0.0,0.0,-78.0
1777888940.6213324,-1.0,2.0,-77.0
1777888940.6313324,-2.0,2.0,-71.0
1777888940.6413324,-1.0,0.0,-74.0
1777888940.6513324,-1.0,0.0,-68.0
1777888940.6613324,-1.0,-1.0,-71.0
1777888940.6713324,-3.0,0.0,-75.0
1777888940.6813323,-1.0,0.0,-67.0
1777888940.6913323,-2.0,-2.0,-67.0
1777888940.7013323,-3.0,-2.0,-71.0
1777888940.7113323,-4.0,-1.0,-75.0
1777888940.7213323,-4.0,-4.0,-78.0
1777888940.7313323,-4.0,-3.0,-82.0
1777888940.7413323,-2.0,-5.0,-79.0
1777888940.7513323,0.0,-1.0,-77.0
1777888940.7613325,0.0,-1.0,-79.0
1777888940.7713325,-2.0,-1.0,-73.0
1777888940.7813325,-2.0,0.0,-76.0
1777888940.7913325,-2.0,0.0,-74.0
1777888940.8013325,-4.0,-1.0,-69.0
1777888940.8113325,-3.0,-3.0,-71.0
1777888940.8213325,2.0,-3.0,-79.0
1777888940.8313324,5.0,-1.0,-72.0
1777888940.8413324,12.0,-3.0,-79.0
1777888940.8513324,8.0,-1.0,-81.0
1777888940.8613324,5.0,-5.0,-80.0
1777888940.8713324,4.0,-6.0,-76.0
1777888940.8813324,6.0,-2.0,-77.0
1777888940.8913324,2.0,0.0,-73.0
1777888940.9013324,-2.0,2.0,-77.0
1777888940.9113324,-6.0,0.0,-76.0
1777888940.9213324,-7.0,-3.0,-73.0
1777888940.9313323,-7.0,0.0,-71.0
1777888940.9413323,-5.0,-4.0,-69.0
1777888940.9513323,-2.0,-5.0,-76.0
1777888940.9613323,-9.0,-4.0,-75.0
1777888940.9713323,-8.0,-1.0,-73.0
1777888940.9813323,-2.0,-6.0,-73.0
1777888940.9913323,0.0,-5.0,-72.0
1777888941.0013323,7.0,-5.0,-70.0
1777888941.0113325,4.0,-6.0,-73.0
1777888941.0213325,5.0,-2.0,-69.0
1777888941.0313325,0.0,0.0,-67.0
1777888941.0423324,-1.0,1.0,-62.0
1777888941.0513325,-5.0,0.0,-71.0
1777888941.0613325,-5.0,-2.0,-72.0
1777888941.0713325,-4.0,-3.0,-72.0
1777888941.0813324,0.0,-6.0,-81.0
1777888941.0913324,3.0,-2.0,-84.0
1777888941.1013324,0.0,0.0,-81.0
1777888941.1113324,-2.0,0.0,-78.0
1777888941.1213324,-1.0,0.0,-75.0
1777888941.1313324,0.0,0.0,-76.0
1777888941.1413324,1.0,0.0,-77.0
1777888941.1513324,5.0,0.0,-81.0
1777888941.1613324,7.0,-2.0,-79.0
1777888941.1713324,5.0,-4.0,-74.0
1777888941.1813323,1.0,-4.0,-75.0
1777888941.1913323,0.0,1.0,-73.0
1777888941.2013323,5.0,1.0,-72.0
1777888941.2113323,7.0,0.0,-72.0
1777888941.2213323,0.0,1.0,-70.0
1777888941.2313323,6.0,1.0,-61.0
1777888941.2413323,2.0,7.0,-63.0
1777888941.2513323,5.0,9.0,-68.0
1777888941.2613325,5.0,5.0,-74.0
1777888941.2713325,2.0,6.0,-74.0
1777888941.2813325,-2.0,1.0,-75.0
1777888941.2913325,-2.0,-1.0,-78.0
1777888941.3013325,-3.0,-3.0,-75.0
1777888941.3113325,0.0,-3.0,-73.0
1777888941.3213325,-1.0,-4.0,-77.0
1777888941.3313324,0.0,-4.0,-75.0
1777888941.3413324,2.0,-3.0,-78.0
1777888941.3513324,3.0,-2.0,-79.0
1777888941.3613324,8.0,-6.0,-78.0
1777888941.3713324,0.0,-7.0,-82.0
1777888941.3813324,0.0,-5.0,-79.0
1777888941.3913324,-6.0,-5.0,-76.0
1777888941.4013324,-8.0,-4.0,-75.0
1777888941.4113324,-8.0,-4.0,-72.0
1777888941.4213324,-8.0,-5.0,-73.0
1777888941.4313323,-9.0,0.0,-74.0
1777888941.4413323,-12.0,4.0,-76.0
1777888941.4513323,-5.0,1.0,-78.0
1777888941.4613323,-3.0,0.0,-70.0
1777888941.4713323,-1.0,-1.0,-71.0
1777888941.4823325,-1.0,-1.0,-74.0
1777888941.4923325,1.0,-1.0,-73.0
1777888941.5023324,4.0,-1.0,-69.0
1777888941.5123324,3.0,-2.0,-77.0
1777888941.5223324,5.0,-5.0,-75.0
1777888941.5323324,1.0,-7.0,-74.0
1777888941.5423324,3.0,-6.0,-72.0
1777888941.5523324,4.0,-4.0,-74.0
1777888941.5623324,8.0,0.0,-81.0
1777888941.5723324,6.0,-2.0,-84.0
1777888941.5823324,4.0,-2.0,-81.0
1777888941.5923324,10.0,-2.0,-80.0
1777888941.6023324,11.0,-6.0,-82.0
1777888941.6123323,8.0,-6.0,-78.0
1777888941.6223323,2.0,-6.0,-77.0
1777888941.6323323,0.0,-5.0,-70.0
1777888941.6423323,0.0,-5.0,-66.0
1777888941.6523323,1.0,-5.0,-68.0
1777888941.6623323,0.0,-2.0,-75.0
1777888941.6723323,-2.0,-5.0,-71.0
1777888941.6823325,-5.0,-4.0,-69.0
1777888941.6923325,-5.0,-4.0,-63.0
1777888941.7023325,-9.0,-4.0,-62.0
1777888941.7123325,-7.0,-3.0,-70.0
1777888941.7223325,-2.0,-2.0,-68.0
1777888941.7323325,-7.0,-2.0,-72.0
1777888941.7423325,-11.0,-3.0,-75.0
1777888941.7523324,-9.0,-4.0,-74.0
1777888941.7623324,-5.0,-2.0,-67.0
1777888941.7723324,0.0,-1.0,-69.0
1777888941.7823324,4.0,-3.0,-78.0
1777888941.7923324,3.0,-6.0,-81.0
1777888941.8023324,0.0,-8.0,-77.0
1777888941.8123324,0.0,-7.0,-71.0
1777888941.8223324,-1.0,-9.0,-62.0
1777888941.8323324,-4.0,-11.0,-62.0
1777888941.8423324,-3.0,-5.0,-71.0
1777888941.8523324,-3.0,-2.0,-71.0
1777888941.8623323,-6.0,-1.0,-77.0
1777888941.8723323,-6.0,-3.0,-78.0
1777888941.8823323,-7.0,-6.0,-78.0
1777888941.8923323,-2.0,-4.0,-82.0
1777888941.9023323,0.0,-2.0,-81.0
1777888941.9123323,-1.0,-4.0,-76.0
1777888941.9223323,-3.0,0.0,-75.0
1777888941.9323325,-5.0,0.0,-75.0
1777888941.9423325,-5.0,2.0,-74.0
1777888941.9523325,-2.0,1.0,-76.0
1777888941.9623325,-1.0,0.0,-75.0
1777888941.9723325,1.0,2.0,-70.0
1777888941.9823325,2.0,4.0,-70.0
1777888941.9923325,5.0,3.0,-69.0
1777888942.0023324,4.0,-1.0,-71.0
1777888942.0123324,6.0,0.0,-67.0
1777888942.0223324,6.0,1.0,-73.0
1777888942.0323324,8.0,3.0,-75.0
1777888942.0423324,6.0,1.0,-78.0
1777888942.0523324,4.0,-3.0,-74.0
1777888942.0623324,6.0,-6.0,-70.0
1777888942.0723324,5.0,-6.0,-74.0
1777888942.0823324,3.0,-6.0,-74.0
1777888942.0923324,2.0,-6.0,-67.0
1777888942.1023324,3.0,-2.0,-68.0
1777888942.1123323,1.0,-6.0,-72.0
1777888942.1223323,3.0,-3.0,-79.0
1777888942.1323323,0.0,-4.0,-73.0
1777888942.1423323,1.0,-7.0,-72.0
1777888942.1523323,3.0,-2.0,-74.0
1777888942.1623323,2.0,0.0,-70.0
1777888942.1723323,-1.0,-5.0,-75.0
1777888942.1823325,1.0,-8.0,-88.0
1777888942.1923325,1.0,-8.0,-90.0
1777888942.2023325,-2.0,-8.0,-83.0
1777888942.2123325,-3.0,-7.0,-74.0
1777888942.2223325,-2.0,-4.0,-71.0
1777888942.2323325,-1.0,-4.0,-71.0
1777888942.2423325,-7.0,0.0,-71.0
1777888942.2523324,-3.0,1.0,-67.0
1777888942.2623324,-10.0,0.0,-75.0
1777888942.2723324,-7.0,0.0,-77.0
1777888942.2823324,-5.0,1.0,-80.0
1777888942.2923324,-5.0,1.0,-75.0
1777888942.3023324,-2.0,0.0,-73.0
1777888942.3123324,-1.0,-4.0,-74.0
1777888942.3223324,-3.0,-5.0,-70.0
1777888942.3323324,1.0,-2.0,-70.0
1777888942.3423324,4.0,1.0,-71.0
1777888942.3523324,0.0,-1.0,-77.0
1777888942.3623323,-2.0,-3.0,-82.0
1777888942.3723323,-6.0,-4.0,-80.0
1777888942.3823323,0.0,-2.0,-78.0
1777888942.3923323,0.0,-2.0,-79.0
1777888942.4023323,-1.0,0.0,-71.0
1777888942.4123323,0.0,3.0,-73.0
1777888942.4223323,-5.0,1.0,-79.0
1777888942.4323325,-4.0,1.0,-76.0
1777888942.4423325,-4.0,0.0,-77.0
1777888942.4523325,-5.0,0.0,-75.0
1777888942.4623325,-4.0,-4.0,-72.0
1777888942.4723325,2.0,-2.0,-81.0
1777888942.4823325,0.0,0.0,-79.0
1777888942.4923325,-5.0,-2.0,-70.0
1777888942.5023324,0.0,0.0,-73.0
1777888942.5123324,0.0,-3.0,-79.0
1777888942.5223324,5.0,-4.0,-82.0
1777888942.5323324,7.0,-4.0,-83.0
1777888942.5423324,12.0,0.0,-79.0
1777888942.5523324,5.0,0.0,-76.0
1777888942.5623324,3.0,-4.0,-77.0
1777888942.5723324,0.0,-7.0,-71.0
1777888942.5823324,0.0,-9.0,-75.0
1777888942.5923324,2.0,-6.0,-76.0
1777888942.6023324,4.0,-1.0,-73.0
1777888942.6123323,2.0,0.0,-78.0
1777888942.6223323,0.0,0.0,-83.0
1777888942.6323323,0.0,-1.0,-79.0
1777888942.6423323,5.0,0.0,-80.0
1777888942.6523323,4.0,2.0,-79.0
1777888942.6623323,1.0,0.0,-80.0
1777888942.6723323,2.0,-2.0,-82.0
1777888942.6823325,3.0,-3.0,-85.0
1777888942.6923325,4.0,-2.0,-86.0
1777888942.7023325,-1.0,-5.0,-87.0
1777888942.7123325,1.0,-3.0,-83.0
1777888942.7223325,1.0,0.0,-78.0
1777888942.7323325,0.0,0.0,-77.0
1777888942.7423325,0.0,-3.0,-79.0
1777888942.7523324,2.0,-7.0,-79.0
1777888942.7623324,2.0,-7.0,-84.0
1777888942.7723324,0.0,-5.0,-83.0
1777888942.7823324,0.0,-1.0,-80.0
1777888942.7923324,0.0,0.0,-81.0
1777888942.8023324,-2.0,2.0,-80.0
1777888942.8123324,-7.0,2.0,-79.0
1777888942.8223324,-5.0,1.0,-79.0
1777888942.8323324,-11.0,1.0,-83.0
1777888942.8423324,-10.0,1.0,-88.0
1777888942.8523324,-10.0,0.0,-94.0
1777888942.8623323,-7.0,-1.0,-93.0
1777888942.8723323,-4.0,-5.0,-91.0
1777888942.8823323,-2.0,-5.0,-90.0
1777888942.8923323,0.0,-2.0,-82.0
1777888942.9023323,2.0,0.0,-82.0
1777888942.9123323,0.0,0.0,-85.0
1777888942.9223323,3.0,1.0,-78.0
1777888942.9323325,4.0,2.0,-73.0
1777888942.9423325,1.0,1.0,-77.0
1777888942.9523325,0.0,1.0,-78.0
1777888942.9623325,-1.0,-1.0,-76.0
1777888942.9723325,-2.0,-1.0,-73.0
1777888942.9823325,0.0,2.0,-76.0
1777888942.9923325,-2.0,5.0,-77.0
1777888943.0023324,0.0,4.0,-71.0
1777888943.0123324,0.0,1.0,-69.0
1777888943.0223324,2.0,4.0,-68.0
1777888943.0323324,2.0,2.0,-71.0
1777888943.0423324,1.0,3.0,-71.0
1777888943.0523324,-2.0,1.0,-71.0
1777888943.0623324,-4.0,1.0,-72.0
1777888943.0723324,-7.0,3.0,-75.0
1777888943.0823324,-3.0,2.0,-76.0
1777888943.0923324,0.0,9.0,-80.0
1777888943.1023324,4.0,6.0,-77.0
1777888943.1123323,3.0,7.0,-73.0
1777888943.1223323,4.0,9.0,-78.0
1777888943.1323323,1.0,7.0,-79.0
1777888943.1423323,4.0,4.0,-81.0
1777888943.1523323,5.0,4.0,-87.0
1777888943.1623323,3.0,5.0,-87.0
1777888943.1723323,0.0,4.0,-86.0
1777888943.1823325,4.0,2.0,-82.0
1777888943.1923325,5.0,3.0,-79.0
1777888943.2023325,8.0,4.0,-75.0
1777888943.2123325,3.0,4.0,-77.0
1777888943.2223325,5.0,3.0,-77.0
1777888943.2323325,0.0,1.0,-75.0
1777888943.2423325,-1.0,1.0,-75.0
1777888943.2523324,-4.0,3.0,-79.0
1777888943.2623324,-3.0,2.0,-82.0
1777888943.2723324,0.0,-1.0,-76.0
1777888943.2823324,1.0,0.0,-80.0
1777888943.2923324,1.0,1.0,-79.0
1777888943.3023324,2.0,0.0,-75.0
1777888943.3123324,1.0,1.0,-75.0
1777888943.3223324,4.0,0.0,-74.0
1777888943.3323324,2.0,-1.0,-78.0
1777888943.3423324,1.0,-2.0,-81.0
1777888943.3523324,1.0,-1.0,-83.0
1777888943.3623323,1.0,-3.0,-85.0
1777888943.3723323,1.0,-2.0,-80.0
1777888943.3823323,3.0,0.0,-74.0
1777888943.3923323,-1.0,-1.0,-68.0
1777888943.4023323,3.0,2.0,-78.0
1777888943.4123323,1.0,0.0,-77.0
1777888943.4223323,4.0,-2.0,-79.0
1777888943.4323325,5.0,2.0,-73.0
1777888943.4433324,3.0,5.0,-74.0
1777888943.4523325,3.0,4.0,-80.0
1777888943.4623325,1.0,6.0,-80.0
1777888943.4733324,0.0,5.0,-81.0
1777888943.4823325,2.0,4.0,-82.0
1777888943.4933324,0.0,2.0,-77.0
1777888943.5033324,1.0,-1.0,-75.0
1777888943.5133324,1.0,-6.0,-76.0
1777888943.5233324,9.0,-11.0,-76.0
1777888943.5333323,9.0,-8.0,-80.0
1777888943.5433323,8.0,-6.0,-77.0
1777888943.5533323,9.0,-4.0,-78.0
1777888943.5633323,7.0,-6.0,-73.0
1777888943.5733323,8.0,-7.0,-68.0
1777888943.5833323,5.0,-2.0,-65.0
1777888943.5933323,-1.0,0.0,-70.0
1777888943.6033323,0.0,0.0,-70.0
1777888943.6133325,2.0,0.0,-60.0
1777888943.6233325,4.0,-1.0,-70.0
1777888943.6333325,3.0,0.0,-74.0
1777888943.6433325,3.0,4.0,-78.0
1777888943.6533325,0.0,6.0,-81.0
1777888943.6633325,0.0,9.0,-74.0
1777888943.6733325,2.0,6.0,-74.0
1777888943.6833324,-3.0,0.0,-78.0
1777888943.6933324,0.0,-2.0,-81.0
1777888943.7033324,-3.0,-4.0,-76.0
1777888943.7133324,0.0,-2.0,-74.0
1777888943.7233324,5.0,-1.0,-77.0
1777888943.7333324,3.0,1.0,-85.0
1777888943.7433324,6.0,1.0,-85.0
1777888943.7533324,2.0,3.0,-84.0
1777888943.7633324,4.0,2.0,-81.0
1777888943.7733324,2.0,0.0,-77.0
1777888943.7833323,1.0,1.0,-75.0
1777888943.7933323,-1.0,5.0,-76.0
1777888943.8033323,-3.0,7.0,-76.0
1777888943.8133323,-3.0,5.0,-72.0
1777888943.8233323,-9.0,4.0,-70.0
1777888943.8333323,-8.0,5.0,-68.0
1777888943.8433323,-9.0,7.0,-68.0
1777888943.8533323,-6.0,6.0,-75.0
1777888943.8633325,-6.0,3.0,-76.0
1777888943.8733325,-10.0,0.0,-69.0
1777888943.8833325,-10.0,0.0,-67.0
1777888943.8933325,-9.0,-6.0,-65.0
1777888943.9033325,-4.0,-1.0,-70.0
1777888943.9133325,-4.0,3.0,-72.0
1777888943.9233325,0.0,3.0,-77.0
1777888943.9333324,2.0,1.0,-77.0
1777888943.9433324,0.0,0.0,-74.0
1777888943.9533324,2.0,-1.0,-71.0
1777888943.9633324,2.0,-1.0,-69.0
1777888943.9733324,2.0,-2.0,-66.0
1777888943.9833324,3.0,-4.0,-71.0
1777888943.9933324,7.0,-2.0,-80.0
1777888944.0033324,7.0,0.0,-80.0
1777888944.0133324,12.0,-2.0,-75.0
1777888944.0233324,8.0,-3.0,-76.0
1777888944.0333323,6.0,-6.0,-78.0
1777888944.0433323,1.0,-6.0,-79.0
1777888944.0533323,1.0,-7.0,-74.0
1777888944.0633323,3.0,-10.0,-77.0
1777888944.0733323,-1.0,-5.0,-75.0
1777888944.0833323,1.0,-1.0,-70.0
1777888944.0933323,2.0,-1.0,-75.0
1777888944.1033323,-1.0,-2.0,-81.0
1777888944.1133325,0.0,-4.0,-74.0
1777888944.1233325,0.0,-6.0,-80.0
1777888944.1333325,-1.0,-6.0,-80.0
1777888944.1433325,-1.0,-5.0,-77.0
1777888944.1533325,1.0,-6.0,-78.0
1777888944.1633325,0.0,-10.0,-81.0
1777888944.1733325,-4.0,-11.0,-84.0
1777888944.1833324,-3.0,-8.0,-84.0
1777888944.1933324,0.0,-7.0,-81.0
1777888944.2033324,4.0,-4.0,-77.0
1777888944.2133324,2.0,-3.0,-75.0
1777888944.2233324,1.0,-3.0,-76.0
1777888944.2333324,1.0,-2.0,-79.0
1777888944.2433324,1.0,-2.0,-82.0
1777888944.2533324,0.0,1.0,-72.0
1777888944.2633324,2.0,3.0,-73.0
1777888944.2733324,1.0,0.0,-73.0
1777888944.2833323,3.0,-2.0,-73.0
1777888944.2933323,5.0,-1.0,-80.0
1777888944.3033323,0.0,-2.0,-81.0
1777888944.3133323,-3.0,-5.0,-81.0
1777888944.3233323,-3.0,-6.0,-83.0
1777888944.3333323,-2.0,-6.0,-88.0
1777888944.3433323,-2.0,-4.0,-92.0
1777888944.3533323,0.0,0.0,-88.0
1777888944.3633325,0.0,5.0,-85.0
1777888944.3733325,0.0,1.0,-81.0
1777888944.3833325,-6.0,-3.0,-84.0
1777888944.3933325,-4.0,-5.0,-83.0
1777888944.4033325,-5.0,-5.0,-76.0
1777888944.4133325,-2.0,-4.0,-69.0
1777888944.4233325,-3.0,-1.0,-72.0
1777888944.4333324,-3.0,-2.0,-69.0
1777888944.4433324,-1.0,-1.0,-76.0
1777888944.4533324,0.0,2.0,-76.0
1777888944.4633324,0.0,1.0,-78.0
1777888944.4733324,1.0,0.0,-71.0
1777888944.4833324,0.0,-1.0,-67.0
1777888944.4933324,0.0,-1.0,-66.0
1777888944.5033324,0.0,0.0,-70.0
1777888944.5133324,1.0,-1.0,-70.0
1777888944.5233324,2.0,0.0,-67.0
1777888944.5333323,-3.0,0.0,-71.0
1777888944.5433323,-6.0,0.0,-73.0
1777888944.5533323,-6.0,1.0,-75.0
1777888944.5633323,-5.0,0.0,-78.0
1777888944.5733323,-2.0,-1.0,-81.0
1777888944.5833323,1.0,1.0,-79.0
1777888944.5933323,-2.0,3.0,-76.0
1777888944.6033323,0.0,1.0,-75.0
1777888944.6133325,-5.0,6.0,-75.0
1777888944.6233325,-2.0,5.0,-78.0
1777888944.6333325,-2.0,0.0,-78.0
1777888944.6433325,-4.0,-1.0,-75.0
1777888944.6533325,-2.0,-3.0,-74.0
1777888944.6633325,2.0,-1.0,-78.0
1777888944.6733325,5.0,-1.0,-81.0
1777888944.6833324,7.0,-6.0,-78.0
1777888944.6933324,3.0,-9.0,-78.0
1777888944.7033324,4.0,-12.0,-89.0
1777888944.7133324,3.0,-7.0,-86.0
1777888944.7233324,3.0,-5.0,-79.0
1777888944.7333324,3.0,-5.0,-72.0
1777888944.7433324,-1.0,-6.0,-70.0
1777888944.7533324,0.0,-3.0,-73.0
1777888944.7633324,0.0,0.0,-76.0
1777888944.7733324,2.0,-1.0,-79.0
1777888944.7833323,3.0,0.0,-70.0
1777888944.7933323,1.0,2.0,-64.0
1777888944.8033323,4.0,3.0,-67.0
1777888944.8133323,2.0,-3.0,-67.0
1777888944.8233323,3.0,-2.0,-71.0
1777888944.8333323,7.0,-1.0,-66.0
1777888944.8433323,4.0,-2.0,-68.0
1777888944.8533323,0.0,0.0,-65.0
1777888944.8633325,0.0,0.0,-69.0
1777888944.8733325,3.0,1.0,-62.0
1777888944.8833325,3.0,3.0,-64.0
1777888944.8933325,3.0,6.0,-69.0
1777888944.9033325,11.0,5.0,-81.0
1777888944.9133325,10.0,0.0,-83.0
1777888944.9233325,8.0,0.0,-81.0
1777888944.9333324,10.0,0.0,-71.0
1777888944.9433324,8.0,0.0,-75.0
1777888944.9533324,1.0,-1.0,-76.0
1777888944.9633324,1.0,0.0,-74.0
1777888944.9733324,1.0,0.0,-71.0
1777888944.9833324,1.0,-2.0,-76.0
1777888944.9933324,0.0,-2.0,-80.0
1777888945.0033324,1.0,-2.0,-80.0
1777888945.0133324,0.0,-6.0,-82.0
1777888945.0233324,1.0,-6.0,-85.0
1777888945.0333323,0.0,-4.0,-80.0
1777888945.0433323,2.0,-10.0,-72.0
1777888945.0533323,0.0,-3.0,-69.0
1777888945.0633323,2.0,-6.0,-65.0
1777888945.0733323,4.0,-1.0,-65.0
1777888945.0833323,4.0,0.0,-72.0
1777888945.0933323,3.0,0.0,-71.0
1777888945.1033323,2.0,-5.0,-76.0
1777888945.1133325,2.0,-7.0,-75.0
1777888945.1233325,0.0,-9.0,-74.0
1777888945.1333325,-1.0,-9.0,-80.0
1777888945.1433325,0.0,0.0,-78.0
1777888945.1533325,2.0,-1.0,-74.0
1777888945.1633325,1.0,-2.0,-73.0
1777888945.1733325,0.0,-3.0,-71.0
1777888945.1833324,4.0,-2.0,-77.0
1777888945.1933324,10.0,-2.0,-83.0
1777888945.2033324,9.0,-2.0,-81.0
1777888945.2133324,4.0,-4.0,-81.0
1777888945.2233324,1.0,-7.0,-82.0
1777888945.2333324,0.0,-7.0,-73.0
1777888945.2433324,-1.0,-11.0,-68.0
1777888945.2533324,0.0,-10.0,-72.0
1777888945.2633324,0.0,-4.0,-61.0
1777888945.2733324,-2.0,-3.0,-60.0
1777888945.2833323,0.0,-7.0,-60.0
1777888945.2933323,-3.0,-5.0,-65.0
1777888945.3033323,-1.0,-6.0,-61.0
1777888945.3133323,-2.0,-5.0,-58.0
1777888945.3233323,-7.0,0.0,-57.0
1777888945.3333323,-7.0,0.0,-56.0
1777888945.3433323,-6.0,0.0,-61.0
1777888945.3533323,-7.0,0.0,-59.0
1777888945.3633325,-9.0,-1.0,-70.0
1777888945.3733325,-6.0,1.0,-68.0
1777888945.3833325,-4.0,1.0,-69.0
1777888945.3933325,-1.0,3.0,-65.0
1777888945.4033325,0.0,0.0,-64.0
1777888945.4133325,5.0,-1.0,-66.0
1777888945.4233325,2.0,1.0,-73.0
1777888945.4333324,1.0,2.0,-74.0
1777888945.4443324,0.0,1.0,-76.0
1777888945.4543324,1.0,1.0,-82.0
1777888945.4643323,0.0,-1.0,-81.0
1777888945.4743323,-1.0,-4.0,-84.0
1777888945.4843323,4.0,-6.0,-80.0
1777888945.4943323,5.0,-6.0,-78.0
1777888945.5043323,7.0,-3.0,-78.0
1777888945.5143323,4.0,-4.0,-70.0
1777888945.5243323,0.0,-5.0,-78.0
1777888945.5343325,2.0,-4.0,-77.0
1777888945.5443325,2.0,-4.0,-81.0
1777888945.5543325,2.0,-6.0,-86.0
1777888945.5643325,1.0,-6.0,-85.0
1777888945.5743325,2.0,-3.0,-90.0
1777888945.5843325,0.0,-2.0,-86.0
1777888945.5943325,-3.0,-2.0,-82.0
1777888945.6043324,0.0,-2.0,-84.0
1777888945.6143324,1.0,-4.0,-81.0
1777888945.6243324,-1.0,0.0,-79.0
1777888945.6343324,-1.0,-1.0,-80.0
1777888945.6443324,-3.0,0.0,-79.0
1777888945.6543324,2.0,0.0,-74.0
1777888945.6643324,5.0,0.0,-76.0
1777888945.6743324,2.0,2.0,-76.0
1777888945.6843324,0.0,5.0,-75.0
1777888945.6943324,0.0,8.0,-74.0
1777888945.7043324,0.0,7.0,-72.0
1777888945.7143323,-4.0,6.0,-75.0
1777888945.7243323,-4.0,3.0,-70.0
1777888945.7343323,-4.0,-1.0,-78.0
1777888945.7443323,2.0,-6.0,-80.0
1777888945.7543323,3.0,-5.0,-71.0
1777888945.7643323,3.0,-5.0,-71.0
1777888945.7743323,3.0,-6.0,-70.0
1777888945.7843325,0.0,-7.0,-74.0
1777888945.7943325,1.0,-9.0,-71.0
1777888945.8043325,2.0,-10.0,-67.0
1777888945.8143325,-1.0,-9.0,-72.0
1777888945.8243325,0.0,-5.0,-64.0
1777888945.8343325,0.0,-4.0,-71.0
1777888945.8443325,0.0,-1.0,-71.0
1777888945.8553324,1.0,0.0,-69.0
1777888945.8643324,0.0,0.0,-71.0
1777888945.8743324,0.0,0.0,-70.0
1777888945.8843324,0.0,-3.0,-70.0
1777888945.8943324,0.0,-8.0,-71.0
1777888945.9043324,2.0,-6.0,-71.0
1777888945.9143324,2.0,-4.0,-73.0
1777888945.9243324,3.0,2.0,-71.0
1777888945.9343324,2.0,0.0,-76.0
1777888945.9443324,1.0,2.0,-79.0
1777888945.9543324,0.0,-2.0,-77.0
1777888945.9643323,-3.0,-1.0,-75.0
1777888945.9743323,5.0,0.0,-78.0
1777888945.9843323,7.0,0.0,-77.0
1777888945.9943323,6.0,-3.0,-76.0
1777888946.0043323,6.0,-1.0,-72.0
1777888946.0143323,3.0,0.0,-68.0
1777888946.0243323,4.0,-3.0,-68.0
1777888946.0343325,3.0,0.0,-69.0
1777888946.0443325,3.0,-1.0,-70.0
1777888946.0543325,3.0,-3.0,-74.0
1777888946.0643325,4.0,-3.0,-75.0
1777888946.0743325,6.0,0.0,-73.0
1777888946.0843325,7.0,-2.0,-75.0
1777888946.0943325,2.0,-3.0,-75.0
1777888946.1043324,0.0,-5.0,-74.0
1777888946.1143324,3.0,-6.0,-70.0
1777888946.1243324,0.0,-8.0,-69.0
1777888946.1343324,-1.0,-6.0,-79.0
1777888946.1443324,-7.0,-7.0,-87.0
1777888946.1543324,-5.0,-4.0,-95.0
1777888946.1643324,-2.0,0.0,-92.0
1777888946.1743324,-3.0,0.0,-85.0
1777888946.1843324,-3.0,1.0,-84.0
1777888946.1943324,-3.0,4.0,-75.0
1777888946.2043324,-4.0,0.0,-62.0
1777888946.2143323,-2.0,0.0,-62.0
1777888946.2243323,-3.0,-4.0,-65.0
1777888946.2343323,-2.0,-2.0,-60.0
1777888946.2443323,3.0,0.0,-66.0
1777888946.2543323,6.0,-3.0,-65.0
1777888946.2643323,6.0,-4.0,-67.0
1777888946.2743323,5.0,-2.0,-78.0
1777888946.2843325,1.0,-1.0,-76.0
1777888946.2943325,-3.0,2.0,-73.0
1777888946.3043325,-2.0,3.0,-63.0
1777888946.3143325,-2.0,1.0,-57.0
1777888946.3243325,-5.0,0.0,-59.0
1777888946.3343325,-3.0,-5.0,-61.0
1777888946.3443325,-2.0,0.0,-63.0
1777888946.3543324,-4.0,0.0,-62.0
1777888946.3643324,-1.0,0.0,-60.0
1777888946.3743324,1.0,0.0,-67.0
1777888946.3843324,1.0,-2.0,-65.0
1777888946.3943324,0.0,-4.0,-71.0
1777888946.4043324,5.0,-2.0,-67.0
1777888946.4143324,8.0,-4.0,-67.0
1777888946.4243324,7.0,-5.0,-70.0
1777888946.4343324,4.0,-4.0,-70.0
1777888946.4443324,4.0,-5.0,-71.0
1777888946.4543324,3.0,-6.0,-74.0
1777888946.4643323,4.0,-6.0,-73.0
1777888946.4743323,2.0,-6.0,-73.0
1777888946.4843323,1.0,-7.0,-73.0
1777888946.4943323,3.0,-2.0,-66.0
1777888946.5043323,5.0,-1.0,-71.0
1777888946.5143323,3.0,2.0,-71.0
1777888946.5243323,6.0,1.0,-75.0
1777888946.5343325,5.0,4.0,-83.0
1777888946.5443325,6.0,2.0,-79.0
1777888946.5543325,0.0,1.0,-84.0
1777888946.5643325,0.0,2.0,-88.0
1777888946.5743325,0.0,5.0,-94.0
1777888946.5843325,0.0,3.0,-94.0
1777888946.5943325,-4.0,0.0,-83.0
1777888946.6043324,-4.0,-2.0,-75.0
1777888946.6143324,-3.0,1.0,-70.0
1777888946.6243324,-3.0,1.0,-69.0
1777888946.6343324,-1.0,2.0,-67.0
1777888946.6443324,-1.0,4.0,-68.0
1777888946.6543324,-2.0,1.0,-78.0
1777888946.6643324,0.0,-1.0,-79.0
1777888946.6743324,0.0,-2.0,-78.0
1777888946.6843324,2.0,0.0,-82.0
1777888946.6943324,-4.0,-2.0,-79.0
1777888946.7043324,0.0,-4.0,-80.0
1777888946.7143323,2.0,-4.0,-83.0
1777888946.7243323,3.0,-2.0,-87.0
1777888946.7343323,3.0,1.0,-84.0
1777888946.7443323,1.0,-1.0,-80.0
1777888946.7543323,1.0,-4.0,-83.0
1777888946.7643323,-1.0,-8.0,-87.0
1777888946.7743323,0.0,-5.0,-86.0
1777888946.7843325,0.0,-7.0,-85.0
1777888946.7943325,-2.0,-4.0,-84.0
1777888946.8043325,-8.0,-5.0,-74.0
1777888946.8143325,-8.0,-5.0,-71.0
1777888946.8243325,-2.0,-4.0,-71.0
1777888946.8343325,-3.0,-4.0,-72.0
1777888946.8443325,-6.0,-10.0,-80.0
1777888946.8543324,-8.0,-5.0,-79.0
1777888946.8643324,-7.0,-6.0,-75.0
1777888946.8743324,-11.0,-9.0,-73.0
1777888946.8843324,-11.0,-6.0,-76.0
1777888946.8943324,-7.0,-2.0,-80.0
1777888946.9043324,-2.0,-5.0,-83.0
1777888946.9143324,-2.0,-6.0,-85.0
1777888946.9243324,-4.0,-4.0,-86.0
1777888946.9343324,0.0,-3.0,-85.0
1777888946.9443324,1.0,-2.0,-76.0
1777888946.9543324,-1.0,-2.0,-73.0
1777888946.9643323,1.0,-5.0,-69.0
1777888946.9743323,4.0,-4.0,-75.0
1777888946.9843323,3.0,-4.0,-81.0
1777888946.9943323,2.0,-2.0,-83.0
1777888947.0043323,2.0,-2.0,-80.0
1777888947.0143323,0.0,-2.0,-80.0
1777888947.0243323,-4.0,-2.0,-77.0
1777888947.0343325,-5.0,0.0,-71.0
1777888947.0443325,0.0,2.0,-75.0
1777888947.0543325,0.0,4.0,-76.0
1777888947.0643325,-4.0,1.0,-77.0
1777888947.0743325,-3.0,2.0,-78.0
1777888947.0843325,-3.0,3.0,-85.0
1777888947.0943325,-2.0,2.0,-86.0
1777888947.1043324,0.0,1.0,-81.0
1777888947.1143324,3.0,1.0,-82.0
1777888947.1243324,0.0,-2.0,-83.0
1777888947.1343324,2.0,-2.0,-84.0
1777888947.1443324,0.0,-1.0,-80.0
1777888947.1543324,-1.0,0.0,-81.0
1777888947.1643324,-1.0,0.0,-90.0
1777888947.1743324,-1.0,2.0,-87.0
1777888947.1843324,-1.0,0.0,-83.0
1777888947.1943324,-4.0,-2.0,-80.0
1777888947.2043324,-6.0,0.0,-77.0
1777888947.2143323,-3.0,3.0,-74.0
1777888947.2243323,2.0,2.0,-77.0
1777888947.2343323,3.0,1.0,-69.0
1777888947.2443323,6.0,0.0,-72.0
1777888947.2543323,1.0,-2.0,-78.0
1777888947.2643323,-1.0,0.0,-80.0
1777888947.2743323,0.0,0.0,-80.0
1777888947.2843325,2.0,0.0,-80.0
1777888947.2943325,0.0,1.0,-73.0
1777888947.3043325,-3.0,0.0,-73.0
1777888947.3143325,-3.0,-5.0,-75.0
1777888947.3243325,0.0,-1.0,-73.0
1777888947.3343325,0.0,-2.0,-69.0
1777888947.3443325,-3.0,0.0,-76.0
1777888947.3543324,4.0,-1.0,-79.0
1777888947.3643324,3.0,-1.0,-80.0
1777888947.3743324,4.0,0.0,-77.0
1777888947.3843324,5.0,0.0,-81.0
1777888947.3943324,7.0,0.0,-78.0
1777888947.4053323,3.0,1.0,-79.0
1777888947.4153323,2.0,0.0,-78.0
1777888947.4243324,2.0,1.0,-76.0
1777888947.4353323,2.0,0.0,-73.0
1777888947.4453323,6.0,0.0,-79.0
1777888947.4553325,4.0,2.0,-75.0
1777888947.4653325,5.0,-4.0,-68.0
1777888947.4753325,2.0,-3.0,-72.0
1777888947.4853325,0.0,-2.0,-75.0
1777888947.4953325,-2.0,-6.0,-78.0
1777888947.5053325,-4.0,-4.0,-77.0
1777888947.5153325,-7.0,-1.0,-77.0
1777888947.5253325,-7.0,-1.0,-79.0
1777888947.5353324,-8.0,-2.0,-75.0
1777888947.5453324,-8.0,0.0,-67.0
1777888947.5553324,-3.0,0.0,-70.0
1777888947.5653324,1.0,-2.0,-72.0
1777888947.5753324,5.0,-3.0,-73.0
1777888947.5853324,0.0,-4.0,-78.0
1777888947.5953324,0.0,0.0,-80.0
1777888947.6053324,-2.0,1.0,-85.0
1777888947.6153324,3.0,4.0,-88.0
1777888947.6253324,4.0,4.0,-89.0
1777888947.6353323,0.0,3.0,-93.0
1777888947.6453323,0.0,1.0,-89.0
1777888947.6553323,1.0,1.0,-88.0
1777888947.6653323,1.0,0.0,-83.0
1777888947.6753323,1.0,-3.0,-82.0
1777888947.6853323,2.0,-3.0,-85.0
1777888947.6953323,0.0,3.0,-85.0
1777888947.7053325,2.0,5.0,-80.0
1777888947.7153325,4.0,4.0,-75.0
1777888947.7253325,5.0,8.0,-79.0
1777888947.7353325,7.0,12.0,-76.0
1777888947.7453325,4.0,13.0,-69.0
1777888947.7553325,7.0,9.0,-75.0
1777888947.7653325,7.0,5.0,-76.0
1777888947.7753325,5.0,3.0,-72.0
1777888947.7853324,3.0,2.0,-72.0
1777888947.7953324,2.0,1.0,-75.0
1777888947.8053324,2.0,3.0,-71.0
1777888947.8153324,0.0,2.0,-72.0
1777888947.8253324,0.0,1.0,-73.0
1777888947.8353324,0.0,3.0,-72.0
1777888947.8453324,-1.0,0.0,-71.0
1777888947.8553324,1.0,2.0,-78.0
1777888947.8653324,5.0,1.0,-73.0
1777888947.8753324,2.0,-1.0,-79.0
1777888947.8853323,1.0,3.0,-81.0
1777888947.8953323,7.0,5.0,-74.0
1777888947.9053323,2.0,2.0,-70.0
1777888947.9153323,0.0,-1.0,-65.0
1777888947.9253323,-4.0,-3.0,-74.0
1777888947.9353323,6.0,-7.0,-81.0
1777888947.9453323,2.0,-5.0,-82.0
1777888947.9553325,-1.0,-1.0,-82.0
1777888947.9653325,-4.0,-6.0,-81.0
1777888947.9753325,-5.0,-8.0,-81.0
1777888947.9853325,-2.0,-10.0,-89.0
1777888947.9953325,-2.0,-12.0,-85.0
1777888948.0053325,-3.0,-9.0,-85.0
1777888948.0153325,-3.0,-6.0,-88.0
1777888948.0253325,2.0,-6.0,-84.0
1777888948.0353324,2.0,-12.0,-79.0
1777888948.0453324,0.0,-9.0,-81.0
1777888948.0553324,4.0,-8.0,-77.0
1777888948.0653324,8.0,-5.0,-76.0
1777888948.0753324,5.0,-4.0,-81.0
1777888948.0853324,5.0,-1.0,-79.0
1777888948.0953324,5.0,0.0,-83.0
1777888948.1053324,7.0,0.0,-73.0
1777888948.1153324,7.0,1.0,-78.0
1777888948.1253324,5.0,1.0,-87.0
1777888948.1353323,1.0,2.0,-81.0
1777888948.1453323,1.0,3.0,-71.0
1777888948.1553323,2.0,0.0,-74.0
1777888948.1653323,4.0,2.0,-80.0
1777888948.1753323,5.0,0.0,-78.0
1777888948.1853323,0.0,-6.0,-79.0
1777888948.1953323,-1.0,-3.0,-77.0
1777888948.2053325,3.0,-6.0,-76.0
1777888948.2153325,3.0,-8.0,-76.0
1777888948.2253325,1.0,-8.0,-68.0
1777888948.2353325,3.0,-10.0,-59.0
1777888948.2453325,6.0,-9.0,-56.0
1777888948.2553325,6.0,-7.0,-62.0
1777888948.2653325,1.0,-7.0,-65.0
1777888948.2753325,-2.0,-4.0,-60.0
1777888948.2853324,1.0,-3.0,-65.0
1777888948.2953324,5.0,-3.0,-69.0
1777888948.3053324,4.0,-3.0,-74.0
1777888948.3153324,6.0,0.0,-78.0
1777888948.3253324,3.0,-2.0,-76.0
1777888948.3353324,3.0,-3.0,-79.0
1777888948.3453324,0.0,-1.0,-76.0
1777888948.3553324,3.0,-1.0,-74.0
1777888948.3653324,4.0,0.0,-73.0
1777888948.3753324,2.0,-1.0,-70.0
1777888948.3853323,3.0,0.0,-75.0
1777888948.3953323,2.0,-4.0,-77.0
1777888948.4053323,5.0,-3.0,-75.0
1777888948.4153323,1.0,0.0,-80.0
1777888948.4253323,2.0,0.0,-82.0
1777888948.4353323,-1.0,0.0,-82.0
1777888948.4453323,1.0,-1.0,-81.0
1777888948.4553325,1.0,1.0,-70.0
1777888948.4653325,4.0,-2.0,-70.0
1777888948.4753325,5.0,-3.0,-70.0
1777888948.4853325,7.0,-2.0,-72.0
1777888948.4953325,4.0,-1.0,-72.0
1777888948.5053325,4.0,-3.0,-71.0
1777888948.5153325,4.0,-9.0,-68.0
1777888948.5253325,6.0,-5.0,-71.0
1777888948.5353324,4.0,-3.0,-73.0
1777888948.5453324,3.0,0.0,-75.0
1777888948.5553324,2.0,0.0,-73.0
1777888948.5653324,3.0,-4.0,-80.0
1777888948.5753324,3.0,-3.0,-81.0
1777888948.5853324,6.0,0.0,-76.0
1777888948.5953324,5.0,0.0,-70.0
1777888948.6053324,4.0,1.0,-67.0
1777888948.6153324,0.0,1.0,-71.0
1777888948.6253324,3.0,2.0,-68.0
1777888948.6353323,0.0,1.0,-77.0
1777888948.6453323,0.0,2.0,-79.0
1777888948.6553323,-2.0,1.0,-74.0
1777888948.6653323,-3.0,-2.0,-76.0
1777888948.6753323,-2.0,0.0,-74.0
1777888948.6853323,3.0,3.0,-72.0
1777888948.6953323,5.0,5.0,-78.0
1777888948.7053325,7.0,1.0,-77.0
1777888948.7153325,2.0,0.0,-75.0
1777888948.7253325,1.0,2.0,-76.0
1777888948.7353325,0.0,2.0,-77.0
1777888948.7453325,5.0,3.0,-79.0
1777888948.7553325,4.0,4.0,-82.0
1777888948.7653325,3.0,-2.0,-88.0
1777888948.7753325,3.0,-2.0,-91.0
1777888948.7853324,4.0,-1.0,-83.0
1777888948.7953324,5.0,0.0,-86.0
1777888948.8053324,6.0,1.0,-81.0
1777888948.8153324,6.0,0.0,-78.0
1777888948.8253324,3.0,0.0,-80.0
1777888948.8353324,2.0,-1.0,-78.0
1777888948.8453324,1.0,1.0,-77.0
1777888948.8553324,-2.0,3.0,-70.0
1777888948.8653324,0.0,4.0,-68.0
1777888948.8753324,0.0,1.0,-70.0
1777888948.8853323,3.0,3.0,-72.0
1777888948.8953323,0.0,4.0,-68.0
1777888948.9053323,-3.0,5.0,-67.0
1777888948.9153323,1.0,6.0,-73.0
1777888948.9253323,0.0,5.0,-64.0
1777888948.9353323,-5.0,7.0,-68.0
1777888948.9453323,-3.0,8.0,-70.0
1777888948.9553325,1.0,7.0,-80.0
1777888948.9653325,0.0,6.0,-81.0
1777888948.9753325,1.0,4.0,-75.0
1777888948.9853325,3.0,-2.0,-79.0
1777888948.9953325,6.0,-2.0,-78.0
1777888949.0053325,6.0,-1.0,-78.0
1777888949.0153325,2.0,-2.0,-71.0
1777888949.0253325,0.0,4.0,-71.0
1777888949.0353324,2.0,5.0,-78.0
1777888949.0453324,0.0,4.0,-78.0
1777888949.0553324,-1.0,0.0,-79.0
1777888949.0653324,1.0,-1.0,-72.0
1777888949.0753324,-1.0,1.0,-71.0
1777888949.0853324,2.0,5.0,-71.0
1777888949.0953324,5.0,6.0,-78.0
1777888949.1053324,-1.0,1.0,-85.0
1777888949.1153324,-3.0,0.0,-76.0
1777888949.1253324,-1.0,-2.0,-78.0
1777888949.1353323,-4.0,0.0,-80.0
1777888949.1453323,-5.0,-2.0,-81.0
1777888949.1553323,-4.0,-1.0,-78.0
1777888949.1653323,1.0,-4.0,-77.0
1777888949.1753323,6.0,-4.0,-69.0
1777888949.1853323,2.0,-3.0,-68.0
1777888949.1953323,3.0,-2.0,-68.0
1777888949.2053325,1.0,-1.0,-69.0
1777888949.2153325,2.0,0.0,-71.0
1777888949.2253325,0.0,1.0,-74.0
1777888949.2353325,0.0,0.0,-72.0
1777888949.2453325,0.0,-3.0,-73.0
1777888949.2553325,2.0,0.0,-79.0
1777888949.2653325,1.0,-1.0,-83.0
1777888949.2753325,3.0,-1.0,-78.0
1777888949.2853324,0.0,0.0,-74.0
1777888949.2953324,0.0,4.0,-75.0
1777888949.3053324,0.0,0.0,-77.0
1777888949.3153324,-4.0,0.0,-79.0
1777888949.3253324,-5.0,1.0,-76.0
1777888949.3353324,-8.0,0.0,-78.0
1777888949.3453324,-7.0,-3.0,-78.0
1777888949.3553324,-4.0,-2.0,-80.0
1777888949.3653324,-3.0,0.0,-79.0
1777888949.3753324,-7.0,0.0,-79.0
1777888949.3863325,-6.0,-7.0,-81.0
1777888949.3953323,-5.0,-8.0,-83.0
1777888949.4053323,1.0,-9.0,-79.0
1777888949.4163325,0.0,-7.0,-78.0
1777888949.4263325,4.0,-3.0,-73.0
1777888949.4363325,3.0,-6.0,-70.0
1777888949.4463325,1.0,-6.0,-72.0
1777888949.4563324,1.0,-7.0,-81.0
1777888949.4663324,0.0,-9.0,-84.0
1777888949.4763324,-1.0,-8.0,-81.0
1777888949.4863324,-6.0,-8.0,-80.0
1777888949.4963324,-5.0,-5.0,-79.0
1777888949.5063324,0.0,-2.0,-84.0
1777888949.5163324,6.0,-2.0,-80.0
1777888949.5263324,8.0,-3.0,-83.0
1777888949.5363324,2.0,-3.0,-80.0
1777888949.5463324,-2.0,0.0,-78.0
1777888949.5563323,-2.0,1.0,-82.0
1777888949.5663323,-2.0,6.0,-81.0
1777888949.5763323,0.0,4.0,-81.0
1777888949.5863323,2.0,0.0,-78.0
1777888949.5963323,0.0,-2.0,-78.0
1777888949.6063323,-3.0,-3.0,-77.0
1777888949.6163323,-1.0,0.0,-75.0
1777888949.6263323,0.0,2.0,-75.0
1777888949.6363325,0.0,0.0,-77.0
1777888949.6463325,0.0,0.0,-77.0
1777888949.6563325,0.0,-2.0,-79.0
1777888949.6663325,-2.0,0.0,-74.0
1777888949.6763325,-1.0,0.0,-74.0
1777888949.6863325,-1.0,-3.0,-68.0
1777888949.6963325,2.0,-3.0,-62.0
1777888949.7063324,0.0,-2.0,-67.0
1777888949.7163324,0.0,0.0,-66.0
1777888949.7263324,-2.0,0.0,-66.0
1777888949.7363324,-4.0,1.0,-69.0
1777888949.7463324,-5.0,0.0,-75.0
1777888949.7563324,-3.0,-3.0,-80.0
1777888949.7663324,-1.0,-5.0,-83.0
1777888949.7763324,-2.0,-6.0,-79.0
1777888949.7863324,-3.0,-6.0,-75.0
1777888949.7963324,-3.0,-4.0,-75.0
1777888949.8063323,-1.0,0.0,-72.0
1777888949.8163323,1.0,0.0,-68.0
1777888949.8263323,4.0,-1.0,-65.0
1777888949.8363323,9.0,-4.0,-65.0
1777888949.8463323,12.0,-8.0,-64.0
1777888949.8563323,10.0,-4.0,-70.0
1777888949.8663323,7.0,-3.0,-77.0
1777888949.8763323,5.0,-3.0,-75.0
1777888949.8863325,6.0,1.0,-76.0
1777888949.8963325,5.0,2.0,-79.0
1777888949.9063325,8.0,0.0,-77.0
1777888949.9163325,3.0,2.0,-71.0
1777888949.9263325,3.0,4.0,-77.0
1777888949.9363325,2.0,4.0,-78.0
1777888949.9463325,-1.0,4.0,-83.0
1777888949.9563324,-1.0,-1.0,-85.0
1777888949.9663324,0.0,-1.0,-84.0
1777888949.9763324,4.0,-2.0,-83.0
1777888949.9863324,3.0,-2.0,-81.0
1777888949.9963324,0.0,-2.0,-79.0
1777888950.0063324,0.0,-2.0,-73.0
1777888950.0163324,4.0,0.0,-71.0
1777888950.0263324,8.0,1.0,-77.0
1777888950.0363324,8.0,0.0,-73.0
1777888950.0463324,13.0,0.0,-74.0
1777888950.0563323,9.0,0.0,-76.0
1777888950.0663323,6.0,0.0,-76.0
1777888950.0763323,8.0,0.0,-69.0
1777888950.0863323,6.0,1.0,-67.0
1777888950.0963323,6.0,1.0,-71.0
1777888950.1063323,10.0,1.0,-69.0
1777888950.1163323,6.0,-1.0,-76.0
1777888950.1263323,8.0,-1.0,-80.0
1777888950.1363325,8.0,0.0,-79.0
1777888950.1463325,10.0,-2.0,-69.0
1777888950.1563325,0.0,-1.0,-67.0
1777888950.1663325,0.0,-4.0,-69.0
1777888950.1763325,0.0,0.0,-75.0
1777888950.1863325,-3.0,0.0,-72.0
1777888950.1963325,-3.0,-1.0,-80.0
1777888950.2063324,0.0,-2.0,-79.0
1777888950.2163324,-1.0,-5.0,-79.0
1777888950.2263324,2.0,-4.0,-79.0
1777888950.2363324,5.0,-6.0,-81.0
1777888950.2463324,9.0,-6.0,-75.0
1777888950.2563324,9.0,-4.0,-79.0
1777888950.2663324,4.0,-3.0,-79.0
1777888950.2763324,4.0,-5.0,-76.0
1777888950.2863324,2.0,0.0,-79.0
1777888950.2963324,-1.0,-2.0,-80.0
1777888950.3063323,-5.0,-4.0,-81.0
1777888950.3163323,-2.0,-2.0,-81.0
1777888950.3263323,-1.0,-2.0,-73.0
1777888950.3363323,1.0,-2.0,-67.0
1777888950.3463323,0.0,1.0,-71.0
1777888950.3563323,1.0,2.0,-71.0
1777888950.3663323,5.0,2.0,-72.0
1777888950.3763323,11.0,-1.0,-73.0
1777888950.3863325,15.0,-1.0,-78.0
1777888950.3963325,13.0,-2.0,-81.0
1777888950.4063325,6.0,2.0,-77.0
1777888950.4163325,7.0,0.0,-71.0
1777888950.4263325,9.0,-2.0,-70.0
1777888950.4363325,8.0,-1.0,-67.0
1777888950.4463325,1.0,-7.0,-66.0
1777888950.4563324,1.0,-9.0,-69.0
1777888950.4663324,-1.0,-10.0,-70.0
1777888950.4763324,-2.0,-9.0,-71.0
1777888950.4863324,-9.0,-7.0,-74.0
1777888950.4963324,-11.0,-9.0,-73.0
1777888950.5063324,-11.0,-9.0,-71.0
1777888950.5163324,-6.0,-6.0,-71.0
1777888950.5263324,-5.0,-5.0,-82.0
1777888950.5363324,-2.0,-5.0,-82.0
1777888950.5463324,0.0,-5.0,-84.0
1777888950.5563323,0.0,-3.0,-75.0
1777888950.5663323,0.0,-7.0,-76.0
1777888950.5763323,2.0,-8.0,-72.0
1777888950.5863323,7.0,-4.0,-70.0
1777888950.5963323,2.0,-2.0,-69.0
1777888950.6063323,4.0,-6.0,-68.0
1777888950.6163323,6.0,-4.0,-71.0
1777888950.6263323,5.0,-3.0,-72.0
1777888950.6363325,2.0,-3.0,-74.0
1777888950.6463325,2.0,-2.0,-69.0
1777888950.6563325,5.0,-3.0,-73.0
1777888950.6663325,3.0,-5.0,-71.0
1777888950.6763325,0.0,-3.0,-72.0
1777888950.6863325,0.0,-6.0,-80.0
1777888950.6963325,3.0,-5.0,-83.0
1777888950.7063324,1.0,-3.0,-83.0
1777888950.7163324,0.0,-5.0,-84.0
1777888950.7263324,-4.0,-4.0,-77.0
1777888950.7363324,-1.0,-3.0,-76.0
1777888950.7463324,0.0,1.0,-73.0
1777888950.7563324,0.0,3.0,-81.0
1777888950.7663324,0.0,1.0,-85.0
1777888950.7763324,2.0,0.0,-81.0
1777888950.7863324,4.0,0.0,-77.0
1777888950.7963324,5.0,-6.0,-76.0
1777888950.8063323,2.0,-2.0,-79.0
1777888950.8163323,0.0,0.0,-70.0
1777888950.8263323,-1.0,2.0,-65.0
1777888950.8363323,-1.0,0.0,-70.0
1777888950.8463323,1.0,0.0,-74.0
1777888950.8563323,0.0,0.0,-75.0
1777888950.8663323,1.0,0.0,-79.0
1777888950.8763323,2.0,-3.0,-84.0
1777888950.8863325,2.0,-3.0,-85.0
1777888950.8963325,-1.0,-2.0,-82.0
1777888950.9063325,-4.0,0.0,-77.0
1777888950.9163325,-5.0,-2.0,-72.0
1777888950.9263325,-7.0,-2.0,-68.0
1777888950.9363325,-4.0,-6.0,-70.0
1777888950.9463325,-5.0,-4.0,-69.0
1777888950.9563324,-3.0,-1.0,-68.0
1777888950.9663324,0.0,-5.0,-72.0
1777888950.9763324,6.0,-2.0,-73.0
1777888950.9863324,0.0,-3.0,-78.0
1777888950.9963324,-2.0,-1.0,-80.0
1777888951.0063324,1.0,-1.0,-80.0
1777888951.0163324,4.0,0.0,-77.0
1777888951.0263324,1.0,-4.0,-72.0
1777888951.0363324,4.0,-5.0,-74.0
1777888951.0463324,1.0,0.0,-72.0
1777888951.0563323,3.0,-1.0,-71.0
1777888951.0663323,6.0,0.0,-73.0
1777888951.0763323,3.0,-2.0,-73.0
1777888951.0863323,1.0,0.0,-72.0
1777888951.0963323,0.0,1.0,-70.0
1777888951.1063323,3.0,0.0,-79.0
1777888951.1163323,3.0,4.0,-80.0
1777888951.1263323,2.0,7.0,-77.0
1777888951.1363325,-1.0,4.0,-75.0
1777888951.1463325,5.0,2.0,-75.0
1777888951.1563325,6.0,1.0,-79.0
1777888951.1663325,8.0,2.0,-78.0
1777888951.1763325,6.0,0.0,-85.0
1777888951.1863325,6.0,4.0,-88.0
1777888951.1963325,5.0,1.0,-85.0
1777888951.2063324,7.0,-3.0,-78.0
1777888951.2163324,9.0,-4.0,-75.0
1777888951.2263324,4.0,0.0,-82.0
1777888951.2363324,1.0,0.0,-77.0
1777888951.2463324,5.0,0.0,-80.0
1777888951.2563324,7.0,0.0,-80.0
1777888951.2663324,2.0,1.0,-81.0
1777888951.2763324,1.0,1.0,-79.0
1777888951.2863324,1.0,0.0,-79.0
1777888951.2963324,3.0,0.0,-77.0
1777888951.3063323,0.0,-3.0,-80.0
1777888951.3163323,3.0,0.0,-80.0
1777888951.3263323,2.0,-2.0,-80.0
1777888951.3363323,-1.0,-2.0,-82.0
1777888951.3463323,0.0,0.0,-79.0
1777888951.3563323,0.0,1.0,-79.0
1777888951.3663323,0.0,1.0,-80.0
1777888951.3763323,0.0,0.0,-82.0
1777888951.3873324,-1.0,-4.0,-85.0
1777888951.3973324,1.0,-2.0,-84.0
1777888951.4073324,1.0,-2.0,-73.0
1777888951.4163325,-2.0,-4.0,-80.0
1777888951.4273324,-2.0,-4.0,-81.0
1777888951.4373324,0.0,-2.0,-76.0
1777888951.4473324,-1.0,-3.0,-82.0
1777888951.4573324,2.0,-2.0,-86.0
1777888951.4673324,4.0,-4.0,-86.0
1777888951.4773324,2.0,-3.0,-78.0
1777888951.4873323,2.0,-4.0,-76.0
1777888951.4973323,0.0,0.0,-73.0
1777888951.5073323,3.0,0.0,-76.0
1777888951.5173323,3.0,-3.0,-75.0
1777888951.5273323,1.0,-4.0,-74.0
1777888951.5373323,-3.0,-6.0,-71.0
1777888951.5473323,0.0,-5.0,-65.0
1777888951.5573325,6.0,-3.0,-70.0
1777888951.5673325,8.0,-2.0,-77.0
1777888951.5773325,9.0,-2.0,-71.0
1777888951.5873325,4.0,-3.0,-73.0
1777888951.5973325,1.0,-4.0,-75.0
1777888951.6073325,-3.0,-5.0,-82.0
1777888951.6173325,-2.0,-3.0,-77.0
1777888951.6273324,-7.0,-1.0,-80.0
1777888951.6373324,-7.0,0.0,-83.0
1777888951.6473324,-6.0,1.0,-81.0
1777888951.6573324,-1.0,1.0,-81.0
1777888951.6673324,3.0,2.0,-80.0
1777888951.6773324,6.0,-1.0,-81.0
1777888951.6873324,9.0,0.0,-73.0
1777888951.6973324,4.0,-2.0,-79.0
1777888951.7073324,2.0,0.0,-84.0
1777888951.7173324,3.0,0.0,-80.0
1777888951.7273324,3.0,1.0,-85.0
1777888951.7373323,3.0,0.0,-81.0
1777888951.7473323,3.0,1.0,-83.0
1777888951.7573323,2.0,2.0,-78.0
1777888951.7673323,4.0,0.0,-78.0
1777888951.7773323,8.0,-3.0,-80.0
1777888951.7873323,10.0,-3.0,-81.0
1777888951.7973323,4.0,-3.0,-76.0
1777888951.8073325,0.0,-5.0,-76.0
1777888951.8173325,-3.0,-7.0,-77.0
1777888951.8273325,-2.0,-6.0,-79.0
1777888951.8373325,-4.0,-5.0,-72.0
1777888951.8473325,-1.0,-2.0,-77.0
1777888951.8573325,2.0,-1.0,-79.0
1777888951.8673325,1.0,-2.0,-81.0
1777888951.8773324,0.0,0.0,-83.0
1777888951.8873324,-2.0,1.0,-81.0
1777888951.8973324,-7.0,0.0,-76.0
1777888951.9073324,-2.0,-2.0,-71.0
1777888951.9173324,-2.0,-5.0,-77.0
1777888951.9273324,0.0,-4.0,-79.0
1777888951.9373324,-2.0,-4.0,-74.0
1777888951.9473324,-1.0,-3.0,-74.0
1777888951.9573324,2.0,-2.0,-76.0
1777888951.9673324,-1.0,-3.0,-75.0
1777888951.9773324,-3.0,-3.0,-72.0
1777888951.9873323,-2.0,-7.0,-73.0
1777888951.9973323,0.0,-4.0,-68.0
1777888952.0073323,0.0,-4.0,-66.0
1777888952.0173323,0.0,-2.0,-64.0
1777888952.0273323,1.0,0.0,-70.0
1777888952.0373323,3.0,2.0,-69.0
1777888952.0473323,2.0,5.0,-69.0
1777888952.0573325,2.0,2.0,-70.0
1777888952.0673325,2.0,0.0,-78.0
1777888952.0773325,6.0,0.0,-76.0
1777888952.0873325,2.0,-2.0,-79.0
1777888952.0973325,4.0,-7.0,-82.0
1777888952.1073325,2.0,-9.0,-79.0
1777888952.1173325,7.0,-5.0,-74.0
1777888952.1273324,5.0,-5.0,-73.0
1777888952.1373324,5.0,-4.0,-70.0
1777888952.1473324,3.0,0.0,-70.0
1777888952.1573324,3.0,0.0,-74.0
1777888952.1673324,4.0,-3.0,-80.0
1777888952.1773324,8.0,-1.0,-82.0
1777888952.1873324,10.0,-1.0,-77.0
1777888952.1973324,11.0,1.0,-70.0
1777888952.2073324,12.0,6.0,-69.0
1777888952.2173324,8.0,5.0,-76.0
1777888952.2273324,4.0,1.0,-83.0
1777888952.2373323,-2.0,0.0,-83.0
1777888952.2473323,-1.0,0.0,-82.0
1777888952.2573323,0.0,2.0,-80.0
1777888952.2673323,-2.0,0.0,-76.0
1777888952.2773323,-5.0,-1.0,-74.0
1777888952.2873323,-4.0,1.0,-80.0
1777888952.2973323,-3.0,5.0,-83.0
1777888952.3073325,2.0,4.0,-84.0
1777888952.3173325,1.0,9.0,-80.0
1777888952.3273325,1.0,9.0,-83.0
1777888952.3373325,2.0,7.0,-81.0
1777888952.3473325,4.0,4.0,-85.0
1777888952.3573325,0.0,8.0,-85.0
1777888952.3673325,-3.0,6.0,-88.0
1777888952.3773324,-4.0,4.0,-86.0
1777888952.3873324,-3.0,7.0,-83.0
1777888952.3973324,-3.0,6.0,-80.0
1777888952.4073324,-1.0,5.0,-81.0
1777888952.4173324,2.0,4.0,-73.0
1777888952.4273324,4.0,2.0,-69.0
1777888952.4373324,0.0,0.0,-68.0
1777888952.4473324,-4.0,-1.0,-64.0
1777888952.4573324,0.0,0.0,-69.0
1777888952.4673324,1.0,-1.0,-76.0
1777888952.4773324,7.0,-1.0,-79.0
1777888952.4873323,7.0,1.0,-83.0
1777888952.4973323,9.0,1.0,-78.0
1777888952.5073323,13.0,3.0,-77.0
1777888952.5173323,10.0,4.0,-74.0
1777888952.5273323,7.0,5.0,-76.0
1777888952.5373323,9.0,6.0,-72.0
1777888952.5473323,6.0,4.0,-70.0
1777888952.5573325,7.0,3.0,-76.0
1777888952.5673325,3.0,3.0,-74.0
1777888952.5773325,8.0,4.0,-77.0
1777888952.5873325,6.0,8.0,-79.0
1777888952.5973325,3.0,13.0,-85.0
1777888952.6073325,3.0,12.0,-81.0
1777888952.6173325,2.0,7.0,-82.0
1777888952.6273324,2.0,2.0,-78.0
1777888952.6373324,0.0,0.0,-80.0
1777888952.6473324,-1.0,-1.0,-81.0
1777888952.6573324,-3.0,-2.0,-84.0
1777888952.6673324,-4.0,-1.0,-80.0
1777888952.6773324,-7.0,0.0,-78.0
1777888952.6873324,-6.0,-2.0,-77.0
1777888952.6973324,-4.0,-5.0,-83.0
1777888952.7073324,-3.0,-4.0,-84.0
1777888952.7173324,-2.0,-4.0,-80.0
1777888952.7273324,-1.0,-2.0,-82.0
1777888952.7373323,0.0,-3.0,-85.0
1777888952.7473323,1.0,-2.0,-79.0
1777888952.7573323,0.0,-2.0,-80.0
1777888952.7673323,-1.0,-2.0,-79.0
1777888952.7773323,0.0,0.0,-70.0
1777888952.7873323,4.0,2.0,-69.0
1777888952.7973323,7.0,3.0,-68.0
1777888952.8073325,10.0,5.0,-77.0
1777888952.8173325,8.0,4.0,-76.0
1777888952.8273325,5.0,1.0,-77.0
1777888952.8373325,6.0,0.0,-81.0
1777888952.8473325,9.0,-7.0,-78.0
1777888952.8573325,5.0,-7.0,-80.0
1777888952.8673325,5.0,-10.0,-80.0
1777888952.8773324,6.0,-5.0,-78.0
1777888952.8873324,7.0,-1.0,-75.0
1777888952.8973324,8.0,2.0,-68.0
1777888952.9073324,9.0,-3.0,-65.0
1777888952.9173324,10.0,-2.0,-66.0
1777888952.9273324,8.0,-4.0,-67.0
1777888952.9373324,5.0,-1.0,-69.0
1777888952.9473324,5.0,-2.0,-70.0
1777888952.9573324,2.0,0.0,-74.0
1777888952.9673324,-3.0,0.0,-73.0
1777888952.9773324,-2.0,0.0,-74.0
1777888952.9873323,-4.0,-1.0,-68.0
1777888952.9973323,1.0,2.0,-65.0
1777888953.0073323,5.0,1.0,-65.0
1777888953.0173323,5.0,0.0,-69.0
1777888953.0273323,4.0,-3.0,-75.0
1777888953.0373323,4.0,-5.0,-76.0
1777888953.0473323,2.0,-2.0,-75.0
1777888953.0573325,3.0,-4.0,-74.0
1777888953.0673325,4.0,-1.0,-69.0
1777888953.0773325,4.0,3.0,-73.0
1777888953.0873325,0.0,5.0,-67.0
1777888953.0973325,0.0,3.0,-68.0
1777888953.1073325,3.0,6.0,-74.0
1777888953.1173325,3.0,4.0,-77.0
1777888953.1273324,3.0,2.0,-82.0
1777888953.1373324,0.0,4.0,-81.0
1777888953.1473324,-1.0,2.0,-78.0
1777888953.1573324,1.0,-1.0,-81.0
1777888953.1673324,5.0,0.0,-79.0
1777888953.1773324,2.0,1.0,-79.0
1777888953.1873324,4.0,0.0,-78.0
1777888953.1973324,-1.0,-2.0,-82.0
1777888953.2073324,1.0,-2.0,-78.0
1777888953.2173324,1.0,-3.0,-78.0
1777888953.2273324,0.0,-1.0,-74.0
1777888953.2373323,0.0,-3.0,-82.0
1777888953.2473323,-3.0,-9.0,-85.0
1777888953.2573323,-3.0,-6.0,-83.0
1777888953.2673323,-2.0,-2.0,-82.0
1777888953.2773323,-2.0,-6.0,-77.0
1777888953.2873323,-2.0,-8.0,-75.0
1777888953.2973323,-1.0,-5.0,-73.0
1777888953.3073325,-3.0,-3.0,-65.0
1777888953.3173325,2.0,1.0,-64.0
1777888953.3273325,3.0,0.0,-67.0
1777888953.3373325,5.0,1.0,-68.0
1777888953.3473325,8.0,2.0,-71.0
1777888953.3573325,8.0,0.0,-70.0
1777888953.3683324,5.0,1.0,-66.0
1777888953.3783324,0.0,5.0,-70.0
1777888953.3883324,1.0,3.0,-65.0
1777888953.3983324,2.0,2.0,-64.0
1777888953.4083323,3.0,2.0,-68.0
1777888953.4183323,5.0,0.0,-68.0
1777888953.4283323,6.0,0.0,-66.0
1777888953.4383323,5.0,1.0,-68.0
1777888953.4483323,5.0,1.0,-74.0
1777888953.4583323,8.0,-3.0,-76.0
1777888953.4683323,4.0,-2.0,-76.0
1777888953.4783323,5.0,0.0,-80.0
1777888953.4883325,1.0,0.0,-77.0
1777888953.4983325,1.0,0.0,-70.0
1777888953.5083325,1.0,0.0,-71.0
1777888953.5183325,0.0,0.0,-78.0
1777888953.5283325,-3.0,-2.0,-83.0
1777888953.5383325,-1.0,-4.0,-84.0
1777888953.5483325,0.0,0.0,-83.0
1777888953.5583324,2.0,1.0,-84.0
1777888953.5683324,2.0,0.0,-75.0
1777888953.5783324,6.0,1.0,-81.0
1777888953.5883324,9.0,0.0,-83.0
1777888953.5983324,6.0,-2.0,-79.0
1777888953.6083324,1.0,-4.0,-79.0
1777888953.6183324,3.0,-1.0,-84.0
1777888953.6283324,3.0,2.0,-86.0
1777888953.6383324,2.0,1.0,-86.0
1777888953.6483324,1.0,4.0,-82.0
1777888953.6583323,2.0,1.0,-80.0
1777888953.6683323,5.0,-1.0,-76.0
1777888953.6783323,4.0,-2.0,-84.0
1777888953.6883323,3.0,-4.0,-82.0
1777888953.6983323,2.0,0.0,-81.0
1777888953.7083323,2.0,1.0,-86.0
1777888953.7183323,3.0,0.0,-75.0
1777888953.7283323,3.0,0.0,-76.0
1777888953.7383325,3.0,0.0,-77.0
1777888953.7483325,5.0,-3.0,-83.0
1777888953.7583325,9.0,-5.0,-82.0
1777888953.7683325,10.0,-6.0,-83.0
1777888953.7783325,9.0,-3.0,-75.0
1777888953.7883325,5.0,1.0,-77.0
1777888953.7983325,3.0,0.0,-75.0
1777888953.8083324,4.0,1.0,-80.0
1777888953.8183324,4.0,0.0,-78.0
1777888953.8283324,3.0,3.0,-73.0
1777888953.8383324,2.0,-1.0,-66.0
1777888953.8483324,-1.0,-2.0,-70.0
1777888953.8583324,-1.0,-4.0,-72.0
1777888953.8683324,1.0,-9.0,-72.0
1777888953.8783324,0.0,-8.0,-73.0
1777888953.8883324,0.0,-5.0,-68.0
1777888953.8983324,0.0,-4.0,-67.0
1777888953.9083323,0.0,-1.0,-72.0
1777888953.9183323,0.0,0.0,-80.0
1777888953.9283323,3.0,0.0,-83.0
1777888953.9383323,1.0,-4.0,-83.0
1777888953.9483323,0.0,-1.0,-86.0
1777888953.9583323,2.0,-1.0,-85.0
1777888953.9683323,0.0,-5.0,-86.0
1777888953.9783323,1.0,-4.0,-84.0
1777888953.9883325,3.0,-3.0,-87.0
1777888953.9983325,2.0,0.0,-88.0
1777888954.0083325,3.0,2.0,-85.0
1777888954.0183325,6.0,1.0,-77.0
1777888954.0283325,9.0,5.0,-79.0
1777888954.0383325,10.0,7.0,-83.0
1777888954.0483325,8.0,4.0,-86.0
1777888954.0583324,7.0,0.0,-86.0
1777888954.0683324,10.0,1.0,-81.0
1777888954.0783324,12.0,3.0,-81.0
1777888954.0883324,9.0,1.0,-76.0
1777888954.0983324,6.0,0.0,-77.0
1777888954.1083324,4.0,0.0,-78.0
1777888954.1183324,6.0,-1.0,-82.0
1777888954.1283324,4.0,-2.0,-81.0
1777888954.1383324,1.0,0.0,-85.0
1777888954.1483324,6.0,0.0,-84.0
1777888954.1583323,6.0,2.0,-82.0
1777888954.1683323,8.0,-1.0,-78.0
1777888954.1783323,7.0,0.0,-82.0
1777888954.1883323,6.0,1.0,-89.0
1777888954.1983323,2.0,0.0,-86.0
1777888954.2083323,0.0,0.0,-85.0
1777888954.2183323,2.0,-2.0,-86.0
1777888954.2283323,0.0,-1.0,-86.0
1777888954.2383325,-3.0,0.0,-79.0
1777888954.2483325,1.0,0.0,-82.0
1777888954.2583325,6.0,0.0,-74.0
1777888954.2683325,7.0,5.0,-74.0
1777888954.2783325,8.0,2.0,-80.0
1777888954.2883325,4.0,-2.0,-73.0
1777888954.2983325,5.0,0.0,-72.0
1777888954.3083324,2.0,0.0,-77.0
1777888954.3183324,1.0,3.0,-79.0
1777888954.3283324,0.0,5.0,-76.0
1777888954.3383324,0.0,5.0,-79.0
1777888954.3483324,1.0,3.0,-81.0
1777888954.3583324,2.0,1.0,-82.0
1777888954.3683324,0.0,-1.0,-79.0
1777888954.3783324,-2.0,-7.0,-82.0
1777888954.3883324,-1.0,-7.0,-73.0
1777888954.3983324,-3.0,-5.0,-73.0
1777888954.4083323,0.0,-2.0,-74.0
1777888954.4183323,0.0,0.0,-70.0
1777888954.4283323,-3.0,2.0,-76.0
1777888954.4383323,0.0,1.0,-73.0
1777888954.4483323,0.0,0.0,-67.0
1777888954.4583323,-3.0,0.0,-68.0
1777888954.4683323,-5.0,-1.0,-70.0
1777888954.4783323,-5.0,-2.0,-77.0
1777888954.4883325,-9.0,-6.0,-84.0
1777888954.4983325,-8.0,-2.0,-85.0
1777888954.5083325,-1.0,-4.0,-83.0
1777888954.5183325,3.0,-2.0,-84.0
1777888954.5283325,6.0,1.0,-79.0
1777888954.5383325,9.0,3.0,-77.0
1777888954.5483325,9.0,6.0,-82.0
1777888954.5583324,6.0,5.0,-84.0
1777888954.5683324,1.0,3.0,-90.0
1777888954.5783324,-3.0,4.0,-84.0
1777888954.5883324,-2.0,-1.0,-84.0
1777888954.5983324,0.0,0.0,-88.0
1777888954.6083324,4.0,-3.0,-81.0
1777888954.6183324,7.0,-1.0,-82.0
1777888954.6283324,7.0,0.0,-80.0
1777888954.6383324,8.0,0.0,-84.0
1777888954.6483324,7.0,-1.0,-79.0
1777888954.6583323,0.0,-5.0,-86.0
1777888954.6683323,-5.0,0.0,-87.0
1777888954.6783323,-6.0,0.0,-77.0
1777888954.6883323,-6.0,2.0,-80.0
1777888954.6983323,-6.0,3.0,-82.0
1777888954.7083323,-9.0,3.0,-81.0
1777888954.7183323,-8.0,2.0,-84.0
1777888954.7283323,-4.0,0.0,-82.0
1777888954.7383325,-5.0,-2.0,-79.0
1777888954.7483325,-3.0,0.0,-73.0
1777888954.7583325,-2.0,-2.0,-74.0
1777888954.7683325,1.0,-2.0,-79.0
1777888954.7783325,6.0,-3.0,-83.0
1777888954.7883325,7.0,-8.0,-83.0
1777888954.7983325,9.0,-5.0,-88.0
1777888954.8083324,3.0,-6.0,-89.0
1777888954.8183324,7.0,-6.0,-88.0
1777888954.8283324,2.0,-6.0,-81.0
1777888954.8383324,0.0,-6.0,-83.0
1777888954.8483324,-5.0,-1.0,-81.0
1777888954.8583324,-4.0,-5.0,-77.0
1777888954.8683324,-8.0,-7.0,-79.0
1777888954.8783324,-8.0,-5.0,-77.0
1777888954.8883324,-6.0,0.0,-77.0
1777888954.8983324,-1.0,0.0,-73.0
1777888954.9083323,0.0,1.0,-71.0
1777888954.9183323,0.0,0.0,-75.0
1777888954.9283323,-3.0,-6.0,-83.0
1777888954.9383323,-4.0,-9.0,-89.0
1777888954.9483323,0.0,-7.0,-87.0
1777888954.9583323,1.0,-5.0,-81.0
1777888954.9683323,0.0,-3.0,-81.0
1777888954.9783323,-2.0,0.0,-83.0
1777888954.9883325,-4.0,-2.0,-90.0
1777888954.9983325,-5.0,0.0,-83.0
1777888955.0083325,-3.0,3.0,-86.0
1777888955.0183325,-5.0,2.0,-85.0
1777888955.0283325,-6.0,4.0,-84.0
1777888955.0383325,-5.0,2.0,-86.0
1777888955.0483325,5.0,1.0,-86.0
1777888955.0583324,7.0,2.0,-86.0
1777888955.0683324,0.0,0.0,-79.0
1777888955.0783324,1.0,-4.0,-70.0
1777888955.0883324,-1.0,-5.0,-67.0
1777888955.0983324,-2.0,-3.0,-73.0
1777888955.1083324,-6.0,-2.0,-80.0
1777888955.1183324,-6.0,-1.0,-77.0
1777888955.1283324,-1.0,1.0,-77.0
1777888955.1383324,-1.0,5.0,-76.0
1777888955.1483324,-2.0,6.0,-74.0
1777888955.1583323,2.0,8.0,-79.0
1777888955.1683323,2.0,2.0,-83.0
1777888955.1783323,2.0,5.0,-81.0
1777888955.1883323,-1.0,2.0,-76.0
1777888955.1983323,-2.0,4.0,-81.0
1777888955.2083323,0.0,1.0,-83.0
1777888955.2183323,-2.0,4.0,-79.0
1777888955.2283323,0.0,2.0,-80.0
1777888955.2383325,2.0,1.0,-76.0
1777888955.2483325,-1.0,-4.0,-78.0
1777888955.2583325,1.0,-4.0,-74.0
1777888955.2683325,0.0,-4.0,-72.0
1777888955.2783325,3.0,-2.0,-69.0
1777888955.2883325,1.0,-9.0,-69.0
1777888955.2983325,3.0,-8.0,-74.0
1777888955.3083324,6.0,-6.0,-77.0
1777888955.3183324,7.0,-7.0,-74.0
1777888955.3283324,5.0,-4.0,-71.0
1777888955.3393323,4.0,-3.0,-76.0
1777888955.3483324,5.0,-5.0,-75.0
1777888955.3593323,9.0,-8.0,-69.0
1777888955.3683324,16.0,-9.0,-70.0
1777888955.3793323,13.0,-7.0,-78.0
1777888955.3893323,11.0,-3.0,-79.0
1777888955.3993323,9.0,-2.0,-79.0
1777888955.4093325,7.0,-4.0,-77.0
1777888955.4193325,6.0,-2.0,-79.0
1777888955.4293325,3.0,3.0,-78.0
1777888955.4393325,0.0,0.0,-75.0
1777888955.4493325,-3.0,0.0,-73.0
1777888955.4593325,-1.0,-2.0,-76.0
1777888955.4693325,-4.0,-1.0,-76.0
1777888955.4793324,-5.0,0.0,-87.0
1777888955.4893324,-2.0,-1.0,-83.0
1777888955.4993324,0.0,-2.0,-82.0
1777888955.5093324,1.0,-2.0,-87.0
1777888955.5193324,6.0,0.0,-88.0
1777888955.5293324,8.0,0.0,-90.0
1777888955.5393324,11.0,2.0,-88.0
1777888955.5493324,9.0,0.0,-81.0
1777888955.5593324,11.0,0.0,-75.0
1777888955.5693324,11.0,0.0,-69.0
1777888955.5793324,9.0,-1.0,-66.0
1777888955.5893323,8.0,0.0,-64.0
1777888955.5993323,8.0,1.0,-64.0
1777888955.6093323,5.0,4.0,-71.0
1777888955.6193323,4.0,2.0,-71.0
1777888955.6293323,3.0,0.0,-63.0
1777888955.6393323,1.0,1.0,-58.0
1777888955.6493323,-5.0,3.0,-59.0
1777888955.6593325,-3.0,5.0,-59.0
1777888955.6693325,0.0,2.0,-64.0
1777888955.6793325,-2.0,0.0,-70.0
1777888955.6893325,-3.0,-3.0,-77.0
1777888955.6993325,-4.0,0.0,-78.0
1777888955.7093325,-2.0,2.0,-71.0
1777888955.7193325,0.0,2.0,-73.0
1777888955.7293324,3.0,-1.0,-72.0
1777888955.7393324,-1.0,2.0,-67.0
1777888955.7493324,-5.0,5.0,-67.0
1777888955.7593324,-3.0,3.0,-65.0
1777888955.7693324,-1.0,3.0,-63.0
1777888955.7793324,-5.0,0.0,-69.0
1777888955.7893324,-5.0,0.0,-74.0
1777888955.7993324,-8.0,2.0,-82.0
1777888955.8093324,-5.0,2.0,-85.0
1777888955.8193324,-1.0,6.0,-82.0
1777888955.8293324,0.0,4.0,-79.0
1777888955.8393323,-2.0,2.0,-76.0
1777888955.8493323,2.0,0.0,-80.0
1777888955.8593323,6.0,0.0,-84.0
1777888955.8693323,2.0,0.0,-87.0
1777888955.8793323,1.0,-3.0,-85.0
1777888955.8893323,-3.0,-2.0,-77.0
1777888955.8993323,-3.0,0.0,-77.0
1777888955.9093325,-5.0,0.0,-74.0
1777888955.9193325,-2.0,-1.0,-74.0
1777888955.9293325,-5.0,-6.0,-78.0
1777888955.9393325,-2.0,-5.0,-82.0
1777888955.9493325,0.0,-4.0,-82.0
1777888955.9593325,0.0,-7.0,-75.0
1777888955.9693325,5.0,-6.0,-71.0
1777888955.9793324,4.0,-6.0,-66.0
1777888955.9893324,1.0,-8.0,-62.0
1777888955.9993324,0.0,-7.0,-65.0
1777888956.0093324,3.0,-5.0,-72.0
1777888956.0193324,0.0,-2.0,-77.0
1777888956.0293324,1.0,-1.0,-72.0
1777888956.0393324,0.0,0.0,-72.0
1777888956.0493324,0.0,-1.0,-69.0
1777888956.0593324,3.0,-4.0,-66.0
1777888956.0693324,5.0,-4.0,-63.0
1777888956.0793324,6.0,-1.0,-64.0
1777888956.0893323,4.0,-1.0,-69.0
1777888956.0993323,4.0,-5.0,-74.0
1777888956.1093323,5.0,-6.0,-74.0
1777888956.1193323,5.0,-4.0,-80.0
1777888956.1293323,2.0,-6.0,-81.0
1777888956.1393323,-3.0,-7.0,-80.0
1777888956.1493323,-2.0,-9.0,-75.0
1777888956.1593325,-1.0,-8.0,-73.0
1777888956.1693325,0.0,-6.0,-75.0
1777888956.1793325,-2.0,-3.0,-74.0
1777888956.1893325,0.0,-2.0,-71.0
1777888956.1993325,3.0,-3.0,-73.0
1777888956.2093325,0.0,0.0,-70.0
1777888956.2193325,3.0,0.0,-70.0
1777888956.2293324,2.0,1.0,-65.0
1777888956.2393324,1.0,-3.0,-66.0
1777888956.2493324,1.0,-1.0,-69.0
1777888956.2593324,4.0,0.0,-72.0
1777888956.2693324,3.0,0.0,-74.0
1777888956.2793324,4.0,-1.0,-74.0
1777888956.2893324,2.0,1.0,-73.0
1777888956.2993324,-2.0,0.0,-75.0
1777888956.3093324,-2.0,0.0,-68.0
1777888956.3193324,-3.0,-1.0,-72.0
1777888956.3293324,-7.0,2.0,-71.0
1777888956.3393323,-8.0,3.0,-70.0
1777888956.3493323,-3.0,2.0,-71.0
1777888956.3593323,-3.0,4.0,-76.0
1777888956.3693323,-3.0,2.0,-80.0
1777888956.3793323,-8.0,0.0,-76.0
1777888956.3893323,-10.0,4.0,-70.0
1777888956.3993323,-7.0,4.0,-72.0
1777888956.4093325,-8.0,4.0,-77.0
1777888956.4193325,-7.0,1.0,-80.0
1777888956.4293325,-8.0,0.0,-76.0
1777888956.4393325,-5.0,0.0,-74.0
1777888956.4493325,-4.0,-1.0,-70.0
1777888956.4593325,-5.0,-6.0,-61.0
1777888956.4693325,0.0,-6.0,-66.0
1777888956.4793324,3.0,-8.0,-66.0
1777888956.4893324,6.0,-8.0,-79.0
1777888956.4993324,9.0,-7.0,-77.0
1777888956.5093324,9.0,-6.0,-76.0
1777888956.5193324,5.0,-6.0,-70.0
1777888956.5293324,1.0,-2.0,-69.0
1777888956.5393324,-1.0,0.0,-71.0
1777888956.5493324,0.0,0.0,-74.0
1777888956.5593324,1.0,3.0,-73.0
1777888956.5693324,3.0,3.0,-76.0
1777888956.5793324,1.0,2.0,-83.0
1777888956.5893323,1.0,1.0,-79.0
1777888956.5993323,0.0,3.0,-83.0
1777888956.6093323,-3.0,1.0,-83.0
1777888956.6193323,0.0,2.0,-93.0
1777888956.6293323,3.0,0.0,-93.0
1777888956.6393323,0.0,4.0,-87.0
1777888956.6493323,-7.0,2.0,-87.0
1777888956.6593325,-1.0,2.0,-90.0
1777888956.6693325,-2.0,3.0,-88.0
1777888956.6793325,0.0,0.0,-87.0
1777888956.6893325,3.0,0.0,-85.0
1777888956.6993325,4.0,3.0,-81.0
1777888956.7093325,7.0,2.0,-82.0
1777888956.7193325,5.0,1.0,-79.0
1777888956.7293324,6.0,2.0,-72.0
1777888956.7393324,0.0,0.0,-75.0
1777888956.7493324,0.0,4.0,-74.0
1777888956.7593324,2.0,0.0,-80.0
1777888956.7693324,-1.0,0.0,-83.0
1777888956.7793324,-3.0,-2.0,-82.0
1777888956.7893324,-4.0,0.0,-81.0
1777888956.7993324,0.0,0.0,-83.0
1777888956.8093324,-5.0,1.0,-85.0
1777888956.8193324,-1.0,4.0,-78.0
1777888956.8293324,0.0,5.0,-82.0
1777888956.8393323,1.0,1.0,-79.0
1777888956.8493323,1.0,0.0,-82.0
1777888956.8593323,0.0,-4.0,-81.0
1777888956.8693323,0.0,-5.0,-80.0
1777888956.8793323,1.0,-7.0,-71.0
1777888956.8893323,-1.0,-6.0,-79.0
1777888956.8993323,-3.0,0.0,-79.0
1777888956.9093325,-4.0,-1.0,-79.0
1777888956.9193325,-7.0,-1.0,-80.0
1777888956.9293325,-7.0,0.0,-82.0
1777888956.9393325,-6.0,1.0,-80.0
1777888956.9493325,-1.0,-1.0,-83.0
1777888956.9593325,-4.0,-3.0,-84.0
1777888956.9693325,1.0,-2.0,-85.0
1777888956.9793324,1.0,1.0,-83.0
1777888956.9893324,0.0,0.0,-82.0
1777888956.9993324,1.0,2.0,-81.0
1777888957.0093324,1.0,3.0,-70.0
1777888957.0193324,2.0,3.0,-66.0
1777888957.0293324,3.0,2.0,-68.0
1777888957.0393324,3.0,0.0,-72.0
1777888957.0493324,0.0,-2.0,-76.0
1777888957.0593324,0.0,0.0,-72.0
1777888957.0693324,1.0,-5.0,-73.0
1777888957.0793324,0.0,-5.0,-77.0
1777888957.0893323,-1.0,-7.0,-82.0
1777888957.0993323,2.0,-3.0,-79.0
1777888957.1093323,1.0,-2.0,-80.0
1777888957.1193323,-3.0,-4.0,-83.0
1777888957.1303325,0.0,-2.0,-76.0
1777888957.1393323,-1.0,-3.0,-77.0
1777888957.1493323,-1.0,-1.0,-72.0
1777888957.1593325,-2.0,0.0,-75.0
1777888957.1693325,-2.0,2.0,-72.0
1777888957.1793325,-1.0,-2.0,-79.0
1777888957.1893325,-1.0,-4.0,-80.0
1777888957.1993325,-4.0,-5.0,-77.0
1777888957.2093325,-2.0,-1.0,-74.0
1777888957.2193325,-2.0,4.0,-76.0
1777888957.2293324,-3.0,0.0,-76.0
1777888957.2393324,-2.0,-2.0,-80.0
1777888957.2493324,-2.0,-5.0,-80.0
1777888957.2593324,0.0,-8.0,-79.0
1777888957.2693324,0.0,-5.0,-75.0
1777888957.2793324,5.0,0.0,-81.0
1777888957.2893324,9.0,4.0,-81.0
1777888957.2993324,6.0,0.0,-76.0
1777888957.3093324,3.0,-1.0,-73.0
1777888957.3203323,2.0,-3.0,-77.0
1777888957.3293324,0.0,-6.0,-73.0
1777888957.3403325,3.0,-7.0,-67.0
1777888957.3493323,6.0,-1.0,-66.0
1777888957.3603325,5.0,-6.0,-65.0
1777888957.3703325,5.0,-5.0,-70.0
1777888957.3803325,2.0,0.0,-70.0
1777888957.3903325,3.0,0.0,-75.0
1777888957.4003325,3.0,3.0,-72.0
1777888957.4103324,0.0,-1.0,-72.0
1777888957.4203324,2.0,-5.0,-69.0
1777888957.4303324,5.0,0.0,-69.0
1777888957.4403324,4.0,1.0,-72.0
1777888957.4503324,4.0,9.0,-72.0
1777888957.4603324,1.0,5.0,-76.0
1777888957.4703324,-1.0,1.0,-77.0
1777888957.4803324,-5.0,0.0,-72.0
1777888957.4903324,-5.0,0.0,-73.0
1777888957.5003324,-2.0,0.0,-69.0
1777888957.5103323,-1.0,-1.0,-65.0
1777888957.5203323,-2.0,1.0,-71.0
1777888957.5303323,0.0,4.0,-74.0
1777888957.5403323,-3.0,6.0,-74.0
1777888957.5503323,-7.0,2.0,-75.0
1777888957.5603323,-4.0,-1.0,-81.0
1777888957.5703323,2.0,-1.0,-92.0
1777888957.5803325,5.0,-2.0,-88.0
1777888957.5903325,4.0,-6.0,-91.0
1777888957.6003325,3.0,-2.0,-89.0
1777888957.6103325,5.0,-3.0,-91.0
1777888957.6203325,6.0,-1.0,-85.0
1777888957.6303325,3.0,-1.0,-87.0
1777888957.6403325,5.0,-3.0,-86.0
1777888957.6503325,6.0,-5.0,-87.0
1777888957.6603324,3.0,-7.0,-83.0
1777888957.6703324,8.0,-6.0,-81.0
1777888957.6803324,1.0,-4.0,-76.0
1777888957.6903324,4.0,-2.0,-67.0
1777888957.7003324,1.0,-3.0,-66.0
1777888957.7103324,0.0,1.0,-64.0
1777888957.7203324,1.0,0.0,-64.0
1777888957.7303324,3.0,-5.0,-64.0
1777888957.7403324,3.0,-6.0,-72.0
1777888957.7503324,4.0,-5.0,-72.0
1777888957.7603323,-1.0,-4.0,-78.0
1777888957.7703323,-2.0,-5.0,-70.0
1777888957.7803323,-6.0,-7.0,-69.0
1777888957.7903323,-3.0,-6.0,-76.0
1777888957.8003323,-4.0,-7.0,-76.0
1777888957.8103323,-3.0,-9.0,-79.0
1777888957.8203323,-2.0,-11.0,-78.0
1777888957.8303325,4.0,-7.0,-72.0
1777888957.8403325,10.0,-6.0,-74.0
1777888957.8503325,6.0,-2.0,-77.0
1777888957.8603325,11.0,-1.0,-81.0
1777888957.8703325,7.0,0.0,-81.0
1777888957.8803325,8.0,1.0,-84.0
1777888957.8903325,8.0,0.0,-79.0
1777888957.9003325,11.0,0.0,-73.0
1777888957.9103324,13.0,0.0,-72.0
1777888957.9203324,12.0,3.0,-76.0
1777888957.9303324,9.0,5.0,-76.0
1777888957.9403324,9.0,4.0,-69.0
1777888957.9503324,6.0,0.0,-73.0
1777888957.9603324,2.0,-2.0,-78.0
1777888957.9703324,0.0,-1.0,-77.0
1777888957.9803324,4.0,1.0,-78.0
1777888957.9903324,2.0,0.0,-80.0
1777888958.0003324,-2.0,1.0,-77.0
1777888958.0103323,3.0,5.0,-72.0
1777888958.0203323,1.0,1.0,-69.0
1777888958.0303323,1.0,2.0,-70.0
1777888958.0413325,-1.0,0.0,-74.0
1777888958.0503323,-3.0,0.0,-72.0
1777888958.0603323,-3.0,0.0,-69.0
1777888958.0703323,-2.0,-3.0,-68.0
1777888958.0803325,-2.0,-1.0,-68.0
1777888958.0903325,-5.0,0.0,-69.0
1777888958.1003325,-6.0,0.0,-75.0
1777888958.1103325,-3.0,1.0,-80.0
1777888958.1203325,-8.0,0.0,-75.0
1777888958.1303325,-1.0,0.0,-73.0
1777888958.1403325,-1.0,-2.0,-70.0
1777888958.1503325,-1.0,1.0,-70.0
1777888958.1603324,-3.0,2.0,-64.0
1777888958.1703324,-3.0,0.0,-64.0
1777888958.1803324,0.0,-4.0,-61.0
1777888958.1903324,1.0,-8.0,-59.0
1777888958.2003324,3.0,-9.0,-61.0
1777888958.2103324,1.0,-3.0,-63.0
1777888958.2203324,4.0,-4.0,-69.0
1777888958.2303324,1.0,-5.0,-69.0
1777888958.2403324,0.0,-6.0,-75.0
1777888958.2503324,-5.0,-4.0,-79.0
1777888958.2603323,-4.0,-2.0,-83.0
1777888958.2703323,-7.0,-3.0,-89.0
1777888958.2803323,-12.0,-7.0,-90.0
1777888958.2903323,-12.0,-6.0,-87.0
1777888958.3003323,-12.0,-2.0,-86.0
1777888958.3103323,-9.0,-6.0,-80.0
1777888958.3203323,-13.0,-4.0,-85.0
1777888958.3303325,-13.0,-2.0,-88.0
1777888958.3403325,-10.0,-5.0,-84.0
1777888958.3503325,-8.0,0.0,-85.0
1777888958.3603325,-2.0,1.0,-76.0
1777888958.3703325,-2.0,1.0,-77.0
1777888958.3803325,0.0,-2.0,-74.0
1777888958.3903325,2.0,0.0,-79.0
1777888958.4003325,0.0,0.0,-74.0
1777888958.4103324,0.0,-2.0,-72.0
1777888958.4203324,-3.0,0.0,-82.0
1777888958.4303324,-5.0,-5.0,-83.0
1777888958.4403324,-8.0,-6.0,-82.0
1777888958.4503324,-8.0,-3.0,-79.0
1777888958.4603324,-7.0,0.0,-80.0
1777888958.4703324,-9.0,1.0,-76.0
1777888958.4803324,-10.0,3.0,-79.0
1777888958.4903324,-9.0,1.0,-81.0
1777888958.5003324,-9.0,-2.0,-75.0
1777888958.5103323,-9.0,0.0,-71.0
1777888958.5203323,-12.0,-1.0,-74.0
1777888958.5303323,-10.0,0.0,-78.0
1777888958.5403323,-9.0,2.0,-75.0
1777888958.5503323,-4.0,5.0,-77.0
1777888958.5603323,-6.0,2.0,-82.0
1777888958.5703323,-8.0,6.0,-81.0
1777888958.5803325,-7.0,4.0,-82.0
1777888958.5903325,-2.0,1.0,-84.0
1777888958.6003325,-2.0,-2.0,-88.0
1777888958.6103325,-3.0,1.0,-86.0
1777888958.6203325,-4.0,1.0,-81.0
1777888958.6303325,-1.0,-2.0,-78.0
1777888958.6403325,-1.0,-2.0,-71.0
1777888958.6503325,-2.0,-6.0,-74.0
1777888958.6603324,2.0,-10.0,-73.0
1777888958.6703324,1.0,-7.0,-74.0
1777888958.6803324,6.0,-6.0,-85.0
1777888958.6903324,3.0,-8.0,-86.0
1777888958.7003324,3.0,-8.0,-83.0
1777888958.7103324,6.0,-4.0,-86.0
1777888958.7203324,6.0,-3.0,-80.0
1777888958.7303324,4.0,-4.0,-80.0
1777888958.7403324,5.0,-3.0,-81.0
1777888958.7503324,4.0,-2.0,-78.0
1777888958.7603323,2.0,-6.0,-76.0
1777888958.7703323,3.0,-6.0,-77.0
1777888958.7803323,-1.0,-9.0,-75.0
1777888958.7903323,-1.0,-8.0,-81.0
1777888958.8003323,-6.0,-7.0,-82.0
1777888958.8103323,-8.0,-5.0,-83.0
1777888958.8203323,-8.0,-7.0,-81.0
1777888958.8303325,-5.0,-3.0,-79.0
1777888958.8403325,-7.0,0.0,-80.0
1777888958.8503325,-9.0,0.0,-76.0
1777888958.8603325,-2.0,3.0,-71.0
1777888958.8703325,0.0,6.0,-71.0
1777888958.8803325,2.0,2.0,-73.0
1777888958.8903325,3.0,4.0,-82.0
1777888958.9003325,3.0,2.0,-78.0
1777888958.9103324,0.0,1.0,-74.0
1777888958.9203324,-2.0,-1.0,-73.0
1777888958.9303324,-5.0,0.0,-72.0
1777888958.9403324,-4.0,-2.0,-73.0
1777888958.9503324,-3.0,0.0,-72.0
1777888958.9603324,-7.0,4.0,-70.0
1777888958.9703324,-2.0,9.0,-75.0
1777888958.9803324,1.0,7.0,-81.0
1777888958.9903324,2.0,3.0,-76.0
1777888959.0003324,5.0,1.0,-77.0
1777888959.0103323,5.0,-3.0,-80.0
1777888959.0203323,5.0,0.0,-71.0
1777888959.0303323,5.0,1.0,-67.0
1777888959.0403323,6.0,0.0,-72.0
1777888959.0503323,6.0,-1.0,-76.0
1777888959.0603323,8.0,0.0,-71.0
1777888959.0703323,12.0,-1.0,-74.0
1777888959.0803325,12.0,0.0,-77.0
1777888959.0903325,11.0,-2.0,-72.0
1777888959.1003325,8.0,-6.0,-79.0
1777888959.1103325,6.0,-6.0,-76.0
1777888959.1203325,5.0,-8.0,-81.0
1777888959.1303325,2.0,-5.0,-83.0
1777888959.1403325,1.0,0.0,-81.0
1777888959.1503325,0.0,0.0,-81.0
1777888959.1603324,-2.0,0.0,-86.0
1777888959.1703324,-5.0,-3.0,-82.0
1777888959.1803324,0.0,-7.0,-75.0
1777888959.1903324,0.0,-7.0,-75.0
1777888959.2003324,0.0,-7.0,-76.0
1777888959.2103324,4.0,-5.0,-77.0
1777888959.2203324,5.0,-4.0,-71.0
1777888959.2303324,4.0,0.0,-79.0
1777888959.2403324,6.0,-2.0,-82.0
1777888959.2503324,4.0,-2.0,-74.0
1777888959.2603323,0.0,-2.0,-79.0
1777888959.2703323,0.0,0.0,-80.0
1777888959.2803323,-3.0,5.0,-75.0
1777888959.2903323,-2.0,5.0,-78.0
1777888959.3003323,-1.0,2.0,-75.0
1777888959.3113325,0.0,0.0,-77.0
1777888959.3203323,1.0,0.0,-68.0
1777888959.3313324,5.0,0.0,-74.0
1777888959.3413324,7.0,1.0,-79.0
1777888959.3513324,4.0,0.0,-79.0
1777888959.3613324,2.0,-3.0,-78.0
1777888959.3713324,5.0,-7.0,-75.0
1777888959.3813324,5.0,-8.0,-78.0
1777888959.3913324,6.0,-4.0,-82.0
1777888959.4013324,6.0,0.0,-76.0
1777888959.4113324,3.0,-3.0,-71.0
1777888959.4213324,-3.0,-1.0,-67.0
1777888959.4313323,-2.0,-3.0,-67.0
1777888959.4413323,-2.0,1.0,-74.0
1777888959.4513323,-5.0,0.0,-80.0
1777888959.4613323,-4.0,2.0,-82.0
1777888959.4713323,-1.0,0.0,-78.0
1777888959.4813323,-2.0,-3.0,-75.0
1777888959.4913323,0.0,-4.0,-74.0
1777888959.5013323,5.0,-3.0,-69.0
1777888959.5113325,6.0,-2.0,-70.0
1777888959.5213325,5.0,-3.0,-73.0
1777888959.5313325,3.0,-8.0,-71.0
1777888959.5413325,-3.0,-7.0,-72.0
1777888959.5513325,-1.0,-4.0,-65.0
1777888959.5613325,-5.0,-2.0,-70.0
1777888959.5713325,-4.0,-2.0,-72.0
1777888959.5813324,-2.0,-2.0,-75.0
1777888959.5913324,-1.0,-1.0,-75.0
1777888959.6013324,-1.0,1.0,-77.0
1777888959.6113324,-4.0,4.0,-83.0
1777888959.6213324,-2.0,6.0,-85.0
1777888959.6313324,0.0,-1.0,-83.0
1777888959.6413324,0.0,-2.0,-87.0
1777888959.6513324,0.0,-7.0,-83.0
1777888959.6613324,-3.0,-2.0,-88.0
1777888959.6713324,-5.0,1.0,-82.0
1777888959.6813323,0.0,-4.0,-85.0
1777888959.6913323,3.0,-4.0,-87.0
1777888959.7013323,1.0,-4.0,-83.0
1777888959.7113323,1.0,-2.0,-83.0
1777888959.7213323,2.0,-1.0,-86.0
1777888959.7313323,0.0,-2.0,-88.0
1777888959.7413323,3.0,-2.0,-85.0
1777888959.7513323,4.0,2.0,-81.0
1777888959.7613325,0.0,-3.0,-81.0
1777888959.7713325,1.0,-3.0,-81.0
1777888959.7813325,5.0,-4.0,-88.0
1777888959.7913325,2.0,-4.0,-91.0
1777888959.8013325,3.0,-4.0,-97.0
1777888959.8113325,2.0,-1.0,-97.0
1777888959.8213325,-3.0,3.0,-93.0
1777888959.8313324,-1.0,7.0,-91.0
1777888959.8413324,-4.0,9.0,-89.0
1777888959.8513324,0.0,9.0,-93.0
1777888959.8613324,0.0,1.0,-88.0
1777888959.8713324,0.0,-2.0,-81.0
1777888959.8813324,-3.0,-7.0,-80.0
1777888959.8913324,-5.0,-3.0,-72.0
1777888959.9013324,-3.0,-1.0,-68.0
1777888959.9113324,0.0,-1.0,-63.0
1777888959.9213324,1.0,-3.0,-65.0
1777888959.9313323,5.0,-6.0,-65.0
1777888959.9413323,7.0,-6.0,-72.0
1777888959.9513323,6.0,-1.0,-77.0
1777888959.9613323,0.0,2.0,-81.0
1777888959.9713323,-1.0,2.0,-78.0
1777888959.9813323,3.0,-2.0,-80.0
1777888959.9913323,2.0,0.0,-84.0
1777888960.0013323,3.0,1.0,-83.0
1777888960.0113325,2.0,0.0,-78.0
1777888960.0213325,0.0,0.0,-75.0
1777888960.0313325,0.0,0.0,-78.0
1777888960.0413325,2.0,1.0,-76.0
1777888960.0513325,0.0,5.0,-75.0
1777888960.0613325,1.0,7.0,-76.0
1777888960.0713325,2.0,7.0,-74.0
1777888960.0813324,1.0,4.0,-71.0
1777888960.0913324,0.0,2.0,-68.0
1777888960.1013324,-1.0,3.0,-75.0
1777888960.1113324,-1.0,3.0,-77.0
1777888960.1213324,-3.0,2.0,-75.0
1777888960.1313324,-2.0,0.0,-79.0
1777888960.1413324,0.0,1.0,-81.0
1777888960.1513324,0.0,4.0,-81.0
1777888960.1613324,1.0,5.0,-80.0
1777888960.1713324,1.0,6.0,-78.0
1777888960.1813323,3.0,6.0,-80.0
1777888960.1913323,5.0,8.0,-77.0
1777888960.2013323,8.0,8.0,-75.0
1777888960.2113323,13.0,9.0,-71.0
1777888960.2213323,12.0,5.0,-69.0
1777888960.2313323,9.0,5.0,-66.0
1777888960.2413323,3.0,5.0,-62.0
1777888960.2513323,1.0,2.0,-62.0
1777888960.2613325,4.0,0.0,-63.0
1777888960.2713325,0.0,0.0,-66.0
1777888960.2813325,0.0,1.0,-73.0
1777888960.2913325,0.0,3.0,-70.0
1777888960.3013325,2.0,1.0,-65.0
1777888960.3113325,5.0,-4.0,-70.0
1777888960.3213325,4.0,-3.0,-71.0
1777888960.3313324,3.0,0.0,-78.0
1777888960.3413324,2.0,-1.0,-81.0
1777888960.3513324,0.0,-5.0,-77.0
1777888960.3613324,-1.0,-4.0,-66.0
1777888960.3713324,-3.0,-2.0,-64.0
1777888960.3813324,-6.0,-2.0,-67.0
1777888960.3913324,-4.0,-2.0,-72.0
1777888960.4013324,-9.0,-2.0,-75.0
1777888960.4113324,-2.0,-3.0,-73.0
1777888960.4213324,0.0,-1.0,-74.0
1777888960.4313323,1.0,-5.0,-72.0
1777888960.4413323,4.0,0.0,-79.0
1777888960.4513323,5.0,2.0,-78.0
1777888960.4613323,4.0,5.0,-83.0
1777888960.4713323,3.0,4.0,-82.0
1777888960.4813323,4.0,0.0,-83.0
1777888960.4913323,0.0,-2.0,-78.0
1777888960.5013323,-2.0,0.0,-74.0
1777888960.5113325,-2.0,1.0,-77.0
1777888960.5213325,-1.0,0.0,-75.0
1777888960.5313325,0.0,0.0,-77.0
1777888960.5413325,-5.0,3.0,-75.0
1777888960.5513325,-8.0,2.0,-72.0
1777888960.5613325,-9.0,2.0,-75.0
1777888960.5713325,-8.0,0.0,-67.0
1777888960.5813324,-7.0,1.0,-69.0
1777888960.5913324,-6.0,2.0,-71.0
1777888960.6013324,-2.0,5.0,-70.0
1777888960.6113324,-2.0,5.0,-72.0
1777888960.6213324,-1.0,3.0,-76.0
1777888960.6313324,-1.0,1.0,-82.0
1777888960.6413324,0.0,2.0,-80.0
1777888960.6513324,-1.0,0.0,-78.0
1777888960.6613324,3.0,1.0,-80.0
1777888960.6713324,1.0,0.0,-80.0
1777888960.6813323,2.0,-6.0,-82.0
1777888960.6913323,3.0,-6.0,-84.0
1777888960.7013323,-4.0,-4.0,-82.0
1777888960.7113323,-2.0,-2.0,-81.0
1777888960.7213323,1.0,-4.0,-83.0
1777888960.7313323,0.0,-8.0,-84.0
1777888960.7413323,-2.0,-4.0,-86.0
1777888960.7513323,-1.0,-2.0,-89.0
1777888960.7613325,0.0,-2.0,-91.0
1777888960.7713325,5.0,-5.0,-92.0
1777888960.7813325,7.0,-5.0,-84.0
1777888960.7913325,9.0,-5.0,-81.0
1777888960.8013325,7.0,-5.0,-81.0
1777888960.8113325,7.0,-4.0,-81.0
1777888960.8213325,7.0,0.0,-83.0
1777888960.8313324,4.0,0.0,-78.0
1777888960.8413324,2.0,-1.0,-76.0
1777888960.8513324,0.0,-2.0,-73.0
1777888960.8613324,-1.0,-4.0,-74.0
1777888960.8713324,1.0,-4.0,-70.0
1777888960.8813324,-2.0,-3.0,-73.0
1777888960.8913324,-2.0,-6.0,-80.0
1777888960.9013324,-3.0,-8.0,-82.0
1777888960.9113324,1.0,-9.0,-85.0
1777888960.9213324,5.0,-2.0,-88.0
1777888960.9313323,9.0,1.0,-86.0
1777888960.9413323,3.0,3.0,-91.0
1777888960.9513323,3.0,4.0,-89.0
1777888960.9613323,2.0,4.0,-89.0
1777888960.9713323,6.0,9.0,-82.0
1777888960.9813323,7.0,5.0,-76.0
1777888960.9913323,3.0,6.0,-76.0
1777888961.0013323,3.0,2.0,-76.0
1777888961.0113325,4.0,4.0,-78.0
1777888961.0213325,4.0,4.0,-81.0
1777888961.0313325,0.0,3.0,-78.0
1777888961.0413325,3.0,1.0,-78.0
1777888961.0513325,9.0,3.0,-72.0
1777888961.0613325,14.0,5.0,-74.0
1777888961.0713325,10.0,1.0,-71.0
1777888961.0813324,3.0,3.0,-72.0
1777888961.0913324,4.0,9.0,-74.0
1777888961.1013324,0.0,5.0,-80.0
1777888961.1113324,-2.0,1.0,-77.0
1777888961.1213324,0.0,2.0,-68.0
1777888961.1313324,0.0,0.0,-69.0
1777888961.1413324,1.0,0.0,-70.0
1777888961.1513324,3.0,0.0,-69.0
1777888961.1613324,3.0,1.0,-78.0
1777888961.1713324,0.0,2.0,-77.0
1777888961.1813323,1.0,-2.0,-75.0
1777888961.1913323,3.0,-1.0,-75.0
1777888961.2013323,4.0,0.0,-73.0
1777888961.2113323,5.0,0.0,-75.0
1777888961.2213323,2.0,4.0,-74.0
1777888961.2313323,3.0,1.0,-69.0
1777888961.2413323,0.0,0.0,-68.0
1777888961.2513323,2.0,4.0,-73.0
1777888961.2613325,6.0,5.0,-74.0
1777888961.2713325,5.0,5.0,-79.0
1777888961.2813325,2.0,3.0,-82.0
1777888961.2913325,0.0,5.0,-85.0
1777888961.3023324,-1.0,1.0,-87.0
1777888961.3123324,-1.0,0.0,-82.0
1777888961.3223324,-3.0,-2.0,-80.0
1777888961.3313324,-4.0,-6.0,-79.0
1777888961.3423324,0.0,-8.0,-79.0
1777888961.3523324,-3.0,-7.0,-73.0
1777888961.3623323,-3.0,-4.0,-72.0
1777888961.3723323,-4.0,-3.0,-76.0
1777888961.3823323,1.0,-1.0,-76.0
1777888961.3923323,0.0,0.0,-76.0
1777888961.4023323,-2.0,0.0,-76.0
1777888961.4123323,-4.0,0.0,-67.0
1777888961.4223323,0.0,-4.0,-72.0
1777888961.4323325,1.0,-1.0,-74.0
1777888961.4423325,0.0,-3.0,-76.0
1777888961.4523325,0.0,-3.0,-79.0
1777888961.4623325,1.0,0.0,-75.0
1777888961.4723325,-1.0,0.0,-70.0
1777888961.4823325,-2.0,0.0,-74.0
1777888961.4923325,-1.0,-1.0,-65.0
1777888961.5023324,-3.0,-1.0,-62.0
1777888961.5123324,0.0,-1.0,-66.0
1777888961.5223324,-1.0,-6.0,-70.0
1777888961.5323324,0.0,-5.0,-77.0
1777888961.5423324,-2.0,-4.0,-82.0
1777888961.5523324,0.0,-3.0,-79.0
1777888961.5623324,6.0,0.0,-79.0
1777888961.5723324,8.0,-5.0,-72.0
1777888961.5823324,5.0,-7.0,-75.0
1777888961.5923324,-3.0,-5.0,-78.0
1777888961.6023324,-4.0,-3.0,-77.0
1777888961.6123323,0.0,-3.0,-71.0
1777888961.6223323,4.0,1.0,-72.0
1777888961.6323323,2.0,0.0,-79.0
1777888961.6423323,1.0,-6.0,-80.0
1777888961.6523323,5.0,-3.0,-84.0
1777888961.6623323,8.0,-4.0,-80.0
1777888961.6723323,8.0,-5.0,-80.0
1777888961.6823325,10.0,-2.0,-80.0
1777888961.6923325,10.0,-5.0,-77.0
1777888961.7023325,5.0,-6.0,-82.0
1777888961.7123325,1.0,-7.0,-78.0
1777888961.7223325,4.0,-5.0,-86.0
1777888961.7323325,-3.0,-6.0,-84.0
1777888961.7423325,-2.0,-4.0,-81.0
1777888961.7523324,-2.0,-6.0,-79.0
1777888961.7623324,-1.0,-5.0,-80.0
1777888961.7723324,2.0,-5.0,-85.0
1777888961.7823324,2.0,-4.0,-79.0
1777888961.7923324,0.0,-9.0,-73.0
1777888961.8023324,0.0,-4.0,-73.0
1777888961.8123324,1.0,-2.0,-78.0
1777888961.8223324,-2.0,-2.0,-79.0
1777888961.8323324,-3.0,3.0,-79.0
1777888961.8423324,-3.0,3.0,-76.0
1777888961.8523324,-1.0,2.0,-69.0
1777888961.8623323,-1.0,-1.0,-67.0
1777888961.8723323,-3.0,-4.0,-66.0
1777888961.8823323,0.0,-4.0,-66.0
1777888961.8923323,1.0,-5.0,-68.0
1777888961.9023323,2.0,-5.0,-63.0
1777888961.9123323,5.0,-2.0,-69.0
1777888961.9223323,0.0,0.0,-71.0
1777888961.9323325,1.0,1.0,-77.0
1777888961.9423325,0.0,4.0,-76.0
1777888961.9523325,4.0,3.0,-76.0
1777888961.9623325,3.0,4.0,-76.0
1777888961.9723325,1.0,4.0,-75.0
1777888961.9823325,3.0,1.0,-75.0
1777888961.9923325,2.0,0.0,-68.0
1777888962.0023324,3.0,-1.0,-61.0
1777888962.0123324,3.0,-2.0,-68.0
1777888962.0223324,0.0,-2.0,-71.0
1777888962.0323324,-1.0,-2.0,-75.0
1777888962.0423324,-5.0,-4.0,-69.0
1777888962.0523324,-2.0,-1.0,-67.0
1777888962.0623324,-2.0,4.0,-65.0
1777888962.0723324,-4.0,5.0,-68.0
1777888962.0823324,-4.0,1.0,-66.0
1777888962.0923324,-3.0,1.0,-71.0
1777888962.1023324,-3.0,1.0,-72.0
1777888962.1123323,-2.0,2.0,-74.0
1777888962.1223323,-1.0,5.0,-78.0
1777888962.1323323,-2.0,6.0,-79.0
1777888962.1423323,-3.0,9.0,-78.0
1777888962.1523323,-2.0,6.0,-74.0
1777888962.1623323,-2.0,5.0,-74.0
1777888962.1723323,-5.0,2.0,-75.0
1777888962.1823325,-1.0,0.0,-78.0
1777888962.1923325,1.0,4.0,-84.0
1777888962.2023325,5.0,6.0,-87.0
1777888962.2123325,3.0,0.0,-84.0
1777888962.2223325,0.0,-2.0,-82.0
1777888962.2323325,5.0,-2.0,-79.0
1777888962.2423325,0.0,-1.0,-79.0
1777888962.2523324,-1.0,-3.0,-82.0
1777888962.2623324,-1.0,-2.0,-85.0
1777888962.2723324,0.0,-4.0,-77.0
1777888962.2823324,-2.0,-3.0,-74.0
1777888962.2923324,-3.0,0.0,-77.0
1777888962.3023324,-4.0,-1.0,-78.0
1777888962.3123324,-2.0,2.0,-80.0
1777888962.3223324,-3.0,1.0,-77.0
1777888962.3323324,-4.0,6.0,-78.0
1777888962.3423324,0.0,1.0,-79.0
1777888962.3523324,-2.0,2.0,-80.0
1777888962.3623323,1.0,4.0,-82.0
1777888962.3723323,2.0,0.0,-74.0
1777888962.3823323,1.0,0.0,-76.0
1777888962.3923323,-1.0,1.0,-75.0
1777888962.4023323,-3.0,0.0,-67.0
1777888962.4123323,-5.0,1.0,-66.0
1777888962.4223323,-3.0,4.0,-66.0
1777888962.4323325,2.0,1.0,-66.0
1777888962.4423325,5.0,2.0,-70.0
1777888962.4523325,5.0,2.0,-75.0
1777888962.4623325,5.0,0.0,-73.0
1777888962.4723325,3.0,0.0,-73.0
1777888962.4823325,0.0,3.0,-71.0
1777888962.4923325,1.0,3.0,-68.0
1777888962.5023324,0.0,1.0,-70.0
1777888962.5123324,-5.0,0.0,-67.0
1777888962.5223324,-1.0,1.0,-77.0
1777888962.5323324,0.0,0.0,-83.0
1777888962.5423324,0.0,-2.0,-84.0
1777888962.5523324,1.0,-5.0,-89.0
1777888962.5623324,0.0,-5.0,-87.0
1777888962.5723324,0.0,-6.0,-86.0
1777888962.5823324,1.0,-2.0,-85.0
1777888962.5923324,0.0,-1.0,-83.0
1777888962.6023324,-1.0,0.0,-81.0
1777888962.6123323,1.0,0.0,-79.0
1777888962.6223323,1.0,0.0,-79.0
1777888962.6323323,6.0,0.0,-76.0
1777888962.6423323,4.0,0.0,-76.0
1777888962.6523323,0.0,2.0,-77.0
1777888962.6623323,-3.0,4.0,-75.0
1777888962.6723323,-1.0,4.0,-70.0
1777888962.6823325,1.0,3.0,-69.0
1777888962.6923325,0.0,2.0,-68.0
1777888962.7023325,2.0,-5.0,-68.0
1777888962.7123325,-4.0,-10.0,-63.0
1777888962.7223325,0.0,-10.0,-66.0
1777888962.7323325,0.0,-7.0,-72.0
1777888962.7423325,-4.0,-6.0,-71.0
1777888962.7523324,-7.0,-4.0,-75.0
1777888962.7623324,-3.0,-3.0,-77.0
1777888962.7723324,-1.0,-5.0,-75.0
1777888962.7823324,-1.0,-1.0,-80.0
1777888962.7923324,0.0,0.0,-79.0
1777888962.8023324,1.0,0.0,-79.0
1777888962.8123324,2.0,0.0,-81.0
1777888962.8223324,2.0,-3.0,-83.0
1777888962.8323324,8.0,-6.0,-81.0
1777888962.8423324,8.0,-4.0,-74.0
1777888962.8523324,8.0,-1.0,-73.0
1777888962.8623323,4.0,-2.0,-74.0
1777888962.8723323,0.0,-2.0,-74.0
1777888962.8823323,3.0,1.0,-68.0
1777888962.8923323,0.0,2.0,-67.0
1777888962.9023323,0.0,-1.0,-68.0
1777888962.9123323,0.0,-3.0,-68.0
1777888962.9223323,4.0,0.0,-71.0
1777888962.9323325,5.0,0.0,-70.0
1777888962.9423325,5.0,-1.0,-74.0
1777888962.9523325,0.0,3.0,-74.0
1777888962.9623325,-2.0,5.0,-74.0
1777888962.9723325,-6.0,4.0,-73.0
1777888962.9823325,1.0,3.0,-65.0
1777888962.9923325,3.0,-1.0,-67.0
1777888963.0023324,6.0,0.0,-79.0
1777888963.0123324,3.0,1.0,-77.0
1777888963.0223324,5.0,-1.0,-73.0
1777888963.0323324,5.0,-4.0,-71.0
1777888963.0423324,4.0,-2.0,-74.0
1777888963.0523324,2.0,-1.0,-77.0
1777888963.0623324,-1.0,-3.0,-74.0
1777888963.0723324,-1.0,-6.0,-78.0
1777888963.0823324,-2.0,-5.0,-78.0
1777888963.0923324,0.0,-5.0,-79.0
1777888963.1023324,0.0,-9.0,-78.0
1777888963.1123323,-1.0,-13.0,-75.0
1777888963.1223323,4.0,-10.0,-65.0
1777888963.1323323,4.0,-8.0,-65.0
1777888963.1423323,5.0,-7.0,-68.0
1777888963.1523323,3.0,-12.0,-69.0
1777888963.1623323,0.0,-13.0,-67.0
1777888963.1723323,-2.0,-14.0,-68.0
1777888963.1823325,0.0,-12.0,-66.0
1777888963.1923325,1.0,-11.0,-62.0
1777888963.2023325,2.0,-6.0,-57.0
1777888963.2123325,0.0,-5.0,-61.0
1777888963.2223325,0.0,-7.0,-62.0
1777888963.2323325,3.0,0.0,-59.0
1777888963.2423325,-1.0,3.0,-62.0
1777888963.2523324,-3.0,2.0,-70.0
1777888963.2623324,-1.0,3.0,-75.0
1777888963.2733324,0.0,0.0,-78.0
1777888963.2833323,-2.0,0.0,-80.0
1777888963.2923324,0.0,0.0,-87.0
1777888963.3033323,4.0,2.0,-86.0
1777888963.3133323,7.0,-1.0,-92.0
1777888963.3233323,7.0,-4.0,-92.0
1777888963.3333323,9.0,-1.0,-84.0
1777888963.3433323,4.0,-2.0,-84.0
1777888963.3533323,0.0,-3.0,-82.0
1777888963.3633325,-2.0,-2.0,-80.0
1777888963.3733325,0.0,0.0,-78.0
1777888963.3833325,1.0,-2.0,-80.0
1777888963.3933325,-1.0,-3.0,-84.0
1777888963.4033325,0.0,-4.0,-82.0
1777888963.4133325,1.0,-3.0,-78.0
1777888963.4233325,-1.0,-4.0,-76.0
1777888963.4333324,0.0,-9.0,-72.0
1777888963.4433324,-2.0,-3.0,-73.0
1777888963.4533324,-3.0,0.0,-75.0
1777888963.4633324,0.0,2.0,-72.0
1777888963.4733324,4.0,2.0,-64.0
1777888963.4833324,3.0,5.0,-59.0
1777888963.4933324,2.0,-4.0,-67.0
1777888963.5033324,0.0,-1.0,-69.0
1777888963.5133324,4.0,-3.0,-70.0
1777888963.5233324,8.0,-7.0,-69.0
1777888963.5333323,7.0,-2.0,-74.0
1777888963.5433323,8.0,-2.0,-75.0
1777888963.5533323,7.0,0.0,-74.0
1777888963.5633323,11.0,-1.0,-72.0
1777888963.5733323,9.0,-2.0,-70.0
1777888963.5833323,8.0,-3.0,-72.0
1777888963.5933323,4.0,-5.0,-73.0
1777888963.6033323,2.0,-4.0,-73.0
1777888963.6133325,-3.0,-6.0,-78.0
1777888963.6233325,-5.0,-7.0,-85.0
1777888963.6333325,-3.0,-4.0,-79.0
1777888963.6433325,-4.0,-1.0,-78.0
1777888963.6533325,-8.0,-2.0,-82.0
1777888963.6633325,-5.0,-2.0,-74.0
1777888963.6733325,-3.0,-7.0,-68.0
1777888963.6833324,0.0,-12.0,-72.0
1777888963.6933324,2.0,-9.0,-71.0
1777888963.7033324,4.0,-8.0,-78.0
1777888963.7133324,1.0,-3.0,-77.0
1777888963.7233324,3.0,-5.0,-80.0
1777888963.7333324,2.0,-3.0,-78.0
1777888963.7433324,2.0,-2.0,-81.0
1777888963.7533324,5.0,0.0,-82.0
1777888963.7633324,5.0,0.0,-76.0
1777888963.7733324,4.0,3.0,-76.0
1777888963.7833323,4.0,1.0,-76.0
1777888963.7933323,4.0,-1.0,-72.0
1777888963.8033323,0.0,-1.0,-69.0
1777888963.8133323,0.0,-5.0,-69.0
1777888963.8233323,-3.0,-4.0,-65.0
1777888963.8333323,-4.0,0.0,-62.0
1777888963.8433323,-5.0,-3.0,-63.0
1777888963.8533323,-4.0,-4.0,-60.0
1777888963.8633325,-6.0,-1.0,-72.0
1777888963.8733325,-8.0,4.0,-74.0
1777888963.8833325,-8.0,3.0,-79.0
1777888963.8933325,-10.0,0.0,-78.0
1777888963.9033325,-8.0,2.0,-78.0
1777888963.9133325,-6.0,2.0,-79.0
1777888963.9233325,-5.0,1.0,-78.0
1777888963.9333324,-2.0,1.0,-71.0
1777888963.9433324,-6.0,1.0,-76.0
1777888963.9533324,-4.0,2.0,-86.0
1777888963.9633324,0.0,0.0,-84.0
1777888963.9733324,0.0,0.0,-80.0
1777888963.9833324,0.0,2.0,-78.0
1777888963.9933324,-3.0,0.0,-89.0
1777888964.0033324,-1.0,-2.0,-95.0
1777888964.0133324,0.0,-6.0,-88.0
1777888964.0233324,-5.0,-5.0,-86.0
1777888964.0333323,-8.0,-6.0,-85.0
1777888964.0433323,-4.0,-4.0,-80.0
1777888964.0533323,0.0,0.0,-79.0
1777888964.0633323,-3.0,-3.0,-83.0
1777888964.0733323,-6.0,-8.0,-76.0
1777888964.0833323,-5.0,-5.0,-78.0
1777888964.0933323,-4.0,-8.0,-78.0
1777888964.1033323,-3.0,-12.0,-75.0
1777888964.1133325,-2.0,-10.0,-71.0
1777888964.1233325,-4.0,-6.0,-74.0
1777888964.1333325,2.0,-8.0,-80.0
1777888964.1433325,3.0,-7.0,-85.0
1777888964.1533325,1.0,-6.0,-89.0
1777888964.1633325,3.0,-4.0,-81.0
1777888964.1733325,3.0,-2.0,-82.0
1777888964.1833324,5.0,0.0,-79.0
1777888964.1933324,3.0,0.0,-84.0
1777888964.2033324,3.0,0.0,-79.0
1777888964.2133324,3.0,-1.0,-75.0
1777888964.2233324,7.0,-2.0,-70.0
1777888964.2333324,3.0,-3.0,-75.0
1777888964.2433324,4.0,-2.0,-84.0
1777888964.2533324,9.0,1.0,-88.0
1777888964.2633324,5.0,3.0,-94.0
1777888964.2733324,0.0,2.0,-84.0
1777888964.2833323,0.0,0.0,-76.0
1777888964.2933323,2.0,0.0,-74.0
1777888964.3033323,7.0,-5.0,-76.0
1777888964.3133323,4.0,-8.0,-75.0
1777888964.3233323,10.0,-5.0,-82.0
1777888964.3333323,5.0,-7.0,-84.0
1777888964.3433323,2.0,-5.0,-85.0
1777888964.3533323,5.0,-3.0,-84.0
1777888964.3633325,9.0,-3.0,-86.0
1777888964.3733325,10.0,-5.0,-83.0
1777888964.3833325,5.0,-7.0,-80.0
1777888964.3933325,5.0,-4.0,-84.0
1777888964.4033325,5.0,-1.0,-85.0
1777888964.4133325,4.0,0.0,-81.0
1777888964.4233325,4.0,5.0,-77.0
1777888964.4333324,2.0,6.0,-81.0
1777888964.4433324,1.0,3.0,-79.0
1777888964.4533324,2.0,5.0,-74.0
1777888964.4633324,5.0,0.0,-79.0
1777888964.4733324,6.0,0.0,-83.0
1777888964.4833324,6.0,-3.0,-85.0
1777888964.4933324,5.0,-4.0,-89.0
1777888964.5033324,3.0,-6.0,-89.0
1777888964.5133324,6.0,-4.0,-89.0
1777888964.5233324,-3.0,-5.0,-83.0
1777888964.5333323,-9.0,-2.0,-75.0
1777888964.5433323,-6.0,-3.0,-69.0
1777888964.5533323,-2.0,-4.0,-70.0
1777888964.5633323,-1.0,-8.0,-70.0
1777888964.5733323,0.0,-7.0,-72.0
1777888964.5833323,0.0,-4.0,-72.0
1777888964.5933323,2.0,-1.0,-68.0
1777888964.6033323,5.0,-5.0,-71.0
1777888964.6133325,5.0,-6.0,-71.0
1777888964.6233325,0.0,-5.0,-72.0
1777888964.6333325,-5.0,-1.0,-75.0
1777888964.6433325,-6.0,-2.0,-81.0
1777888964.6533325,-7.0,-1.0,-83.0
1777888964.6633325,-11.0,-1.0,-81.0
1777888964.6733325,-8.0,-3.0,-85.0
1777888964.6833324,-9.0,-2.0,-90.0
1777888964.6933324,-15.0,0.0,-87.0
1777888964.7033324,-11.0,0.0,-87.0
1777888964.7133324,-3.0,1.0,-87.0
1777888964.7233324,1.0,5.0,-88.0
1777888964.7333324,-1.0,2.0,-92.0
1777888964.7433324,-2.0,0.0,-94.0
1777888964.7533324,-5.0,-1.0,-88.0
1777888964.7633324,-4.0,-1.0,-89.0
1777888964.7733324,-1.0,-1.0,-89.0
1777888964.7833323,0.0,0.0,-90.0
1777888964.7933323,0.0,-1.0,-83.0
1777888964.8033323,5.0,-3.0,-77.0
1777888964.8133323,10.0,-2.0,-76.0
1777888964.8233323,11.0,-6.0,-77.0
1777888964.8333323,13.0,0.0,-76.0
1777888964.8433323,12.0,-2.0,-73.0
1777888964.8533323,7.0,0.0,-73.0
1777888964.8633325,9.0,0.0,-77.0
1777888964.8733325,6.0,1.0,-75.0
1777888964.8833325,8.0,3.0,-77.0
1777888964.8933325,7.0,1.0,-80.0
1777888964.9033325,4.0,1.0,-82.0
1777888964.9133325,3.0,2.0,-83.0
1777888964.9233325,1.0,0.0,-71.0
1777888964.9333324,5.0,1.0,-68.0
1777888964.9433324,4.0,0.0,-69.0
1777888964.9533324,4.0,-4.0,-68.0
1777888964.9633324,1.0,-4.0,-67.0
1777888964.9733324,0.0,-3.0,-65.0
1777888964.9833324,2.0,-3.0,-64.0
1777888964.9933324,6.0,-1.0,-68.0
1777888965.0033324,7.0,-3.0,-65.0
1777888965.0133324,6.0,-3.0,-74.0
1777888965.0233324,0.0,-4.0,-76.0
1777888965.0333323,-3.0,-9.0,-77.0
1777888965.0433323,-2.0,-1.0,-73.0
1777888965.0533323,-1.0,-1.0,-73.0
1777888965.0633323,-2.0,-2.0,-74.0
1777888965.0733323,-2.0,-4.0,-72.0
1777888965.0833323,-2.0,-5.0,-76.0
1777888965.0933323,-1.0,-8.0,-77.0
1777888965.1033323,3.0,-8.0,-72.0
1777888965.1133325,0.0,-6.0,-74.0
1777888965.1233325,-1.0,-3.0,-72.0
1777888965.1333325,1.0,-1.0,-75.0
1777888965.1433325,-2.0,0.0,-79.0
1777888965.1533325,0.0,0.0,-80.0
1777888965.1633325,1.0,0.0,-81.0
1777888965.1733325,0.0,-4.0,-82.0
1777888965.1833324,-4.0,-4.0,-80.0
1777888965.1933324,-7.0,-3.0,-78.0
1777888965.2033324,-8.0,-6.0,-83.0
1777888965.2133324,-6.0,-4.0,-79.0
1777888965.2233324,-1.0,-4.0,-80.0
1777888965.2333324,-1.0,-2.0,-82.0
1777888965.2433324,-1.0,-2.0,-87.0
1777888965.2533324,2.0,0.0,-91.0
1777888965.2633324,-4.0,-1.0,-86.0
1777888965.2743323,-1.0,-1.0,-86.0
1777888965.2833323,4.0,2.0,-83.0
1777888965.2943325,4.0,0.0,-73.0
1777888965.3043325,-2.0,0.0,-72.0
1777888965.3143325,-2.0,-2.0,-70.0
1777888965.3243325,0.0,-7.0,-70.0
1777888965.3343325,-1.0,-2.0,-75.0
1777888965.3443325,-1.0,0.0,-82.0
1777888965.3543324,1.0,1.0,-79.0
1777888965.3643324,0.0,5.0,-74.0
1777888965.3743324,-6.0,9.0,-73.0
1777888965.3843324,-7.0,6.0,-73.0
1777888965.3943324,-7.0,9.0,-72.0
1777888965.4043324,-5.0,8.0,-68.0
1777888965.4143324,-1.0,2.0,-68.0
1777888965.4243324,0.0,-2.0,-72.0
1777888965.4343324,0.0,-5.0,-76.0
1777888965.4443324,-3.0,-9.0,-85.0
1777888965.4543324,0.0,-7.0,-82.0
1777888965.4643323,0.0,-5.0,-72.0
1777888965.4743323,2.0,-5.0,-73.0
1777888965.4843323,4.0,-5.0,-78.0
1777888965.4943323,4.0,-7.0,-71.0
1777888965.5043323,0.0,-2.0,-68.0
1777888965.5143323,0.0,-1.0,-75.0
1777888965.5243323,2.0,0.0,-84.0
1777888965.5343325,0.0,-2.0,-85.0
1777888965.5443325,-3.0,-2.0,-76.0
1777888965.5543325,1.0,1.0,-81.0
1777888965.5643325,-1.0,2.0,-75.0
1777888965.5743325,-1.0,-1.0,-79.0
1777888965.5843325,-2.0,-1.0,-77.0
1777888965.5943325,-2.0,-3.0,-76.0
1777888965.6043324,0.0,-5.0,-74.0
1777888965.6143324,-4.0,-7.0,-67.0
1777888965.6243324,-1.0,-8.0,-66.0
1777888965.6343324,-2.0,-6.0,-67.0
1777888965.6443324,2.0,-8.0,-74.0
1777888965.6543324,3.0,-6.0,-72.0
1777888965.6643324,0.0,-3.0,-71.0
1777888965.6743324,-1.0,-1.0,-71.0
1777888965.6843324,-1.0,0.0,-75.0
1777888965.6943324,-1.0,2.0,-83.0
1777888965.7043324,0.0,5.0,-83.0
1777888965.7143323,-1.0,5.0,-79.0
1777888965.7243323,-2.0,8.0,-83.0
1777888965.7343323,-3.0,4.0,-81.0
1777888965.7443323,-3.0,-5.0,-77.0
1777888965.7543323,-5.0,-4.0,-85.0
1777888965.7643323,-5.0,-4.0,-89.0
1777888965.7743323,-1.0,-4.0,-80.0
1777888965.7843325,-1.0,-2.0,-86.0
1777888965.7943325,-1.0,-7.0,-91.0
1777888965.8043325,0.0,-1.0,-87.0
1777888965.8143325,0.0,1.0,-85.0
1777888965.8243325,-1.0,0.0,-86.0
1777888965.8343325,-2.0,3.0,-85.0
1777888965.8443325,1.0,1.0,-86.0
1777888965.8543324,0.0,3.0,-83.0
1777888965.8643324,0.0,3.0,-76.0
1777888965.8743324,0.0,0.0,-81.0
1777888965.8843324,3.0,0.0,-76.0
1777888965.8943324,1.0,0.0,-70.0
1777888965.9043324,1.0,-2.0,-75.0
1777888965.9143324,1.0,0.0,-75.0
1777888965.9243324,2.0,-2.0,-78.0
1777888965.9343324,0.0,-1.0,-74.0
1777888965.9443324,3.0,0.0,-65.0
1777888965.9543324,3.0,0.0,-63.0
1777888965.9643323,1.0,-1.0,-69.0
1777888965.9743323,0.0,-4.0,-73.0
1777888965.9843323,3.0,1.0,-77.0
1777888965.9943323,4.0,0.0,-71.0
1777888966.0043323,3.0,-1.0,-67.0
1777888966.0143323,3.0,0.0,-68.0
1777888966.0243323,0.0,2.0,-72.0
1777888966.0343325,2.0,0.0,-80.0
1777888966.0443325,-2.0,1.0,-76.0
1777888966.0543325,-6.0,0.0,-82.0
1777888966.0643325,-3.0,2.0,-85.0
1777888966.0743325,-2.0,-1.0,-81.0
1777888966.0843325,-1.0,-3.0,-81.0
1777888966.0943325,1.0,-4.0,-79.0
1777888966.1043324,0.0,-4.0,-78.0
1777888966.1143324,-2.0,-3.0,-79.0
1777888966.1243324,-3.0,-2.0,-77.0
1777888966.1343324,-3.0,-1.0,-83.0
1777888966.1443324,2.0,-2.0,-82.0
1777888966.1543324,0.0,-4.0,-83.0
1777888966.1643324,4.0,-3.0,-86.0
1777888966.1743324,0.0,1.0,-80.0
1777888966.1843324,-4.0,1.0,-77.0
1777888966.1943324,-4.0,5.0,-77.0
1777888966.2043324,-1.0,4.0,-73.0
1777888966.2143323,0.0,3.0,-72.0
1777888966.2253325,3.0,0.0,-65.0
1777888966.2343323,4.0,-4.0,-64.0
1777888966.2443323,6.0,-2.0,-69.0
1777888966.2543323,8.0,0.0,-71.0
1777888966.2643323,8.0,1.0,-72.0
1777888966.2743323,4.0,0.0,-78.0
1777888966.2843325,5.0,0.0,-81.0
1777888966.2943325,4.0,0.0,-80.0
1777888966.3043325,0.0,-3.0,-79.0
1777888966.3143325,0.0,-5.0,-77.0
1777888966.3243325,2.0,-5.0,-74.0
1777888966.3343325,2.0,-6.0,-76.0
1777888966.3443325,9.0,-2.0,-72.0
1777888966.3543324,11.0,-2.0,-83.0
1777888966.3643324,8.0,-1.0,-76.0
1777888966.3743324,4.0,-4.0,-74.0
1777888966.3843324,0.0,0.0,-76.0
1777888966.3943324,2.0,-1.0,-78.0
1777888966.4043324,0.0,-2.0,-83.0
1777888966.4143324,-1.0,-4.0,-84.0
1777888966.4243324,1.0,-5.0,-88.0
1777888966.4343324,2.0,-3.0,-88.0
1777888966.4443324,0.0,-3.0,-87.0
1777888966.4543324,0.0,-4.0,-84.0
1777888966.4643323,-3.0,-4.0,-81.0
1777888966.4743323,-4.0,-3.0,-75.0
1777888966.4843323,0.0,-1.0,-65.0
1777888966.4943323,-3.0,1.0,-63.0
1777888966.5043323,-4.0,1.0,-59.0
1777888966.5143323,-4.0,1.0,-67.0
1777888966.5243323,-4.0,-2.0,-74.0
1777888966.5343325,-4.0,-3.0,-79.0
1777888966.5443325,-4.0,-6.0,-84.0
1777888966.5543325,-1.0,-5.0,-87.0
1777888966.5643325,-2.0,-5.0,-83.0
1777888966.5743325,-5.0,-5.0,-81.0
1777888966.5843325,-5.0,-4.0,-82.0
1777888966.5943325,-3.0,-2.0,-86.0
1777888966.6043324,0.0,-5.0,-90.0
1777888966.6143324,4.0,-4.0,-86.0
1777888966.6243324,3.0,-4.0,-76.0
1777888966.6343324,3.0,-7.0,-75.0
1777888966.6443324,0.0,-10.0,-76.0
1777888966.6543324,-3.0,-8.0,-84.0
1777888966.6643324,0.0,-7.0,-85.0
1777888966.6743324,0.0,-7.0,-84.0
1777888966.6843324,-1.0,-7.0,-83.0
1777888966.6943324,0.0,-4.0,-80.0
1777888966.7043324,0.0,-6.0,-74.0
1777888966.7143323,0.0,-3.0,-77.0
1777888966.7243323,2.0,-4.0,-83.0
1777888966.7343323,-1.0,-4.0,-80.0
1777888966.7443323,2.0,-4.0,-78.0
1777888966.7543323,4.0,-3.0,-79.0
1777888966.7643323,1.0,-4.0,-83.0
1777888966.7743323,2.0,-4.0,-81.0
1777888966.7843325,5.0,-3.0,-76.0
1777888966.7943325,1.0,0.0,-73.0
1777888966.8043325,1.0,2.0,-77.0
1777888966.8143325,3.0,2.0,-77.0
1777888966.8243325,-2.0,2.0,-69.0
1777888966.8343325,0.0,2.0,-61.0
1777888966.8443325,0.0,1.0,-61.0
1777888966.8543324,5.0,-1.0,-67.0
1777888966.8643324,4.0,-2.0,-62.0
1777888966.8743324,5.0,-2.0,-71.0
1777888966.8843324,6.0,-2.0,-74.0
1777888966.8943324,11.0,-1.0,-74.0
1777888966.9043324,6.0,-3.0,-79.0
1777888966.9143324,2.0,-6.0,-79.0
1777888966.9243324,2.0,-3.0,-79.0
1777888966.9343324,-2.0,0.0,-85.0
1777888966.9443324,-2.0,-5.0,-81.0
1777888966.9543324,-1.0,-8.0,-72.0
1777888966.9643323,1.0,-8.0,-68.0
1777888966.9743323,-1.0,-7.0,-75.0
1777888966.9843323,5.0,-4.0,-74.0
1777888966.9943323,4.0,-2.0,-76.0
1777888967.0043323,8.0,1.0,-79.0
1777888967.0143323,3.0,3.0,-81.0
1777888967.0243323,0.0,0.0,-86.0
1777888967.0343325,0.0,2.0,-87.0
1777888967.0443325,-1.0,3.0,-75.0
1777888967.0543325,-3.0,2.0,-77.0
1777888967.0643325,-3.0,5.0,-80.0
1777888967.0743325,-2.0,2.0,-79.0
1777888967.0843325,0.0,0.0,-73.0
1777888967.0943325,-1.0,1.0,-70.0
1777888967.1043324,0.0,1.0,-79.0
1777888967.1143324,-1.0,2.0,-78.0
1777888967.1243324,1.0,2.0,-77.0
1777888967.1343324,3.0,1.0,-74.0
1777888967.1443324,0.0,-1.0,-75.0
1777888967.1543324,-3.0,-1.0,-80.0
1777888967.1643324,-3.0,0.0,-75.0
1777888967.1743324,-3.0,-3.0,-76.0
1777888967.1843324,0.0,-5.0,-80.0
1777888967.1943324,2.0,-2.0,-84.0
1777888967.2043324,0.0,-1.0,-85.0
1777888967.2143323,1.0,2.0,-81.0
1777888967.2243323,-2.0,4.0,-80.0
1777888967.2343323,-3.0,5.0,-75.0
1777888967.2453325,0.0,5.0,-76.0
1777888967.2543323,0.0,2.0,-79.0
1777888967.2653325,1.0,0.0,-78.0
1777888967.2753325,1.0,-3.0,-81.0
1777888967.2853324,1.0,-7.0,-78.0
1777888967.2953324,-5.0,-7.0,-76.0
1777888967.3053324,-6.0,-6.0,-82.0
1777888967.3153324,-6.0,-4.0,-78.0
1777888967.3253324,-5.0,-5.0,-76.0
1777888967.3353324,-4.0,-6.0,-81.0
1777888967.3453324,0.0,-3.0,-77.0
1777888967.3553324,4.0,-2.0,-75.0
1777888967.3653324,-1.0,0.0,-76.0
1777888967.3753324,-1.0,2.0,-78.0
1777888967.3853323,-4.0,5.0,-79.0
1777888967.3953323,-4.0,9.0,-73.0
1777888967.4053323,-2.0,7.0,-77.0
1777888967.4153323,-2.0,6.0,-86.0
1777888967.4253323,-1.0,10.0,-81.0
1777888967.4353323,-2.0,8.0,-78.0
1777888967.4453323,-1.0,3.0,-85.0
1777888967.4553325,0.0,5.0,-85.0
1777888967.4653325,2.0,9.0,-83.0
1777888967.4753325,1.0,2.0,-82.0
1777888967.4853325,2.0,2.0,-82.0
1777888967.4953325,4.0,4.0,-85.0
1777888967.5053325,6.0,1.0,-84.0
1777888967.5153325,4.0,2.0,-74.0
1777888967.5253325,3.0,0.0,-75.0
1777888967.5353324,5.0,0.0,-71.0
1777888967.5453324,5.0,0.0,-70.0
1777888967.5553324,7.0,-2.0,-72.0
1777888967.5653324,2.0,-1.0,-73.0
1777888967.5753324,3.0,-4.0,-76.0
1777888967.5853324,1.0,-6.0,-75.0
1777888967.5953324,0.0,-7.0,-75.0
1777888967.6053324,2.0,-3.0,-71.0
1777888967.6153324,0.0,-4.0,-72.0
1777888967.6253324,-4.0,-5.0,-74.0
1777888967.6353323,-2.0,-3.0,-74.0
1777888967.6453323,2.0,0.0,-77.0
1777888967.6553323,3.0,-1.0,-72.0
1777888967.6653323,1.0,-1.0,-74.0
1777888967.6753323,0.0,-3.0,-74.0
1777888967.6853323,-3.0,0.0,-75.0
1777888967.6953323,-3.0,0.0,-75.0
1777888967.7053325,-2.0,-1.0,-76.0
1777888967.7153325,-4.0,0.0,-80.0
1777888967.7253325,-6.0,-1.0,-80.0
1777888967.7353325,-1.0,-2.0,-85.0
1777888967.7453325,-1.0,0.0,-82.0
1777888967.7553325,-1.0,4.0,-83.0
1777888967.7653325,-1.0,4.0,-86.0
1777888967.7753325,0.0,4.0,-84.0
1777888967.7853324,-1.0,1.0,-77.0
1777888967.7953324,0.0,0.0,-81.0
1777888967.8053324,-2.0,0.0,-82.0
1777888967.8153324,-6.0,3.0,-83.0
1777888967.8253324,0.0,5.0,-80.0
1777888967.8353324,-1.0,0.0,-77.0
1777888967.8453324,-1.0,-1.0,-71.0
1777888967.8553324,2.0,-2.0,-67.0
1777888967.8653324,0.0,-5.0,-62.0
1777888967.8753324,-3.0,-3.0,-66.0
1777888967.8853323,-7.0,-6.0,-74.0
1777888967.8953323,-4.0,-10.0,-77.0
1777888967.9053323,1.0,-4.0,-77.0
1777888967.9153323,3.0,0.0,-69.0
1777888967.9253323,2.0,-2.0,-69.0
1777888967.9353323,0.0,-1.0,-65.0
1777888967.9453323,1.0,1.0,-64.0
1777888967.9553325,2.0,6.0,-55.0
1777888967.9653325,1.0,4.0,-59.0
1777888967.9753325,1.0,0.0,-63.0
1777888967.9853325,-3.0,0.0,-74.0
1777888967.9953325,-5.0,-1.0,-78.0
1777888968.0053325,-2.0,-2.0,-85.0
1777888968.0153325,0.0,0.0,-77.0
1777888968.0253325,-1.0,3.0,-83.0
1777888968.0353324,-1.0,2.0,-90.0
1777888968.0453324,0.0,2.0,-89.0
1777888968.0553324,-7.0,2.0,-88.0
1777888968.0653324,-4.0,2.0,-88.0
1777888968.0753324,-1.0,0.0,-76.0
1777888968.0853324,2.0,3.0,-73.0
1777888968.0953324,4.0,0.0,-77.0
1777888968.1053324,4.0,2.0,-76.0
1777888968.1153324,5.0,5.0,-79.0
1777888968.1253324,4.0,4.0,-80.0
1777888968.1353323,0.0,2.0,-82.0
1777888968.1453323,1.0,3.0,-81.0
1777888968.1553323,1.0,-1.0,-82.0
1777888968.1653323,-1.0,0.0,-81.0
1777888968.1753323,-2.0,1.0,-85.0
1777888968.1853323,2.0,0.0,-83.0
1777888968.1953323,0.0,-3.0,-83.0
1777888968.2053325,-2.0,-2.0,-87.0
1777888968.2153325,-3.0,-2.0,-79.0
1777888968.2253325,-1.0,-3.0,-77.0
1777888968.2353325,-6.0,-2.0,-76.0
1777888968.2453325,-4.0,-3.0,-74.0
1777888968.2553325,3.0,-1.0,-71.0
1777888968.2653325,4.0,1.0,-72.0
1777888968.2753325,1.0,-2.0,-69.0
1777888968.2853324,-3.0,0.0,-68.0
1777888968.2953324,-3.0,-1.0,-79.0
1777888968.3053324,-1.0,-1.0,-79.0
1777888968.3153324,0.0,0.0,-73.0
1777888968.3253324,2.0,-3.0,-68.0
1777888968.3353324,0.0,-10.0,-68.0
1777888968.3453324,-1.0,-9.0,-70.0
1777888968.3553324,-2.0,-6.0,-73.0
1777888968.3653324,6.0,-2.0,-71.0
1777888968.3753324,5.0,-2.0,-69.0
1777888968.3853323,2.0,-2.0,-70.0
1777888968.3953323,0.0,0.0,-72.0
1777888968.4053323,2.0,1.0,-80.0
1777888968.4153323,2.0,0.0,-85.0
1777888968.4253323,1.0,2.0,-81.0
1777888968.4353323,1.0,0.0,-82.0
1777888968.4453323,1.0,1.0,-76.0
1777888968.4553325,2.0,5.0,-75.0
1777888968.4653325,5.0,6.0,-75.0
1777888968.4753325,12.0,6.0,-75.0
1777888968.4853325,13.0,6.0,-76.0
1777888968.4953325,12.0,2.0,-72.0
1777888968.5053325,4.0,5.0,-79.0
1777888968.5153325,1.0,1.0,-76.0
1777888968.5253325,0.0,1.0,-80.0
1777888968.5353324,1.0,-1.0,-82.0
1777888968.5453324,0.0,0.0,-82.0
1777888968.5553324,2.0,0.0,-81.0
1777888968.5653324,4.0,-3.0,-80.0
1777888968.5753324,2.0,-1.0,-80.0
1777888968.5853324,1.0,-3.0,-77.0
1777888968.5953324,0.0,1.0,-73.0
1777888968.6053324,0.0,2.0,-67.0
1777888968.6153324,7.0,0.0,-63.0
1777888968.6253324,6.0,0.0,-58.0
1777888968.6353323,5.0,-1.0,-61.0
1777888968.6453323,2.0,1.0,-70.0
1777888968.6553323,0.0,-4.0,-73.0
1777888968.6653323,-1.0,-6.0,-75.0
1777888968.6753323,0.0,-7.0,-75.0
1777888968.6853323,-6.0,-6.0,-72.0
1777888968.6953323,-8.0,-3.0,-73.0
1777888968.7053325,-3.0,-1.0,-75.0
1777888968.7153325,-4.0,0.0,-75.0
1777888968.7253325,-4.0,1.0,-74.0
1777888968.7353325,-3.0,5.0,-67.0
1777888968.7453325,2.0,5.0,-63.0
1777888968.7553325,3.0,7.0,-70.0
1777888968.7653325,2.0,6.0,-74.0
1777888968.7753325,6.0,5.0,-72.0
1777888968.7853324,3.0,5.0,-67.0
1777888968.7953324,-1.0,6.0,-68.0
1777888968.8053324,-1.0,1.0,-67.0
1777888968.8153324,-2.0,1.0,-70.0
1777888968.8253324,-5.0,0.0,-70.0
1777888968.8353324,-4.0,-3.0,-68.0
1777888968.8453324,-4.0,-4.0,-67.0
1777888968.8553324,-6.0,-7.0,-76.0
1777888968.8653324,-2.0,-8.0,-77.0
1777888968.8753324,2.0,-7.0,-79.0
1777888968.8853323,1.0,-9.0,-83.0
1777888968.8953323,3.0,-7.0,-83.0
1777888968.9053323,4.0,-5.0,-82.0
1777888968.9153323,-1.0,-1.0,-77.0
1777888968.9253323,-2.0,-1.0,-77.0
1777888968.9353323,-3.0,-1.0,-78.0
1777888968.9453323,-2.0,0.0,-78.0
1777888968.9553325,-3.0,-1.0,-82.0
1777888968.9653325,-3.0,-5.0,-83.0
1777888968.9753325,-7.0,-6.0,-76.0
1777888968.9853325,-5.0,-4.0,-78.0
1777888968.9953325,-6.0,-5.0,-74.0
1777888969.0053325,-4.0,-2.0,-74.0
1777888969.0153325,-2.0,-3.0,-79.0
1777888969.0253325,-1.0,-7.0,-78.0
1777888969.0353324,-1.0,-3.0,-83.0
1777888969.0453324,0.0,-1.0,-83.0
1777888969.0553324,1.0,3.0,-85.0
1777888969.0653324,0.0,1.0,-87.0
1777888969.0753324,1.0,4.0,-91.0
1777888969.0853324,6.0,7.0,-85.0
1777888969.0953324,7.0,6.0,-87.0
1777888969.1053324,5.0,-2.0,-79.0
1777888969.1153324,4.0,-2.0,-77.0
1777888969.1253324,4.0,-4.0,-74.0
1777888969.1353323,2.0,-2.0,-80.0
1777888969.1453323,2.0,0.0,-76.0
1777888969.1553323,-4.0,1.0,-76.0
1777888969.1653323,1.0,0.0,-77.0
1777888969.1753323,0.0,-3.0,-76.0
1777888969.1853323,2.0,-4.0,-72.0
1777888969.1953323,0.0,-8.0,-73.0
1777888969.2063324,1.0,-5.0,-71.0
1777888969.2163324,0.0,-3.0,-67.0
1777888969.2253325,0.0,-2.0,-67.0
1777888969.2363324,1.0,-2.0,-75.0
1777888969.2463324,-1.0,-5.0,-73.0
1777888969.2563324,-3.0,-6.0,-76.0
1777888969.2663324,0.0,-2.0,-75.0
1777888969.2763324,2.0,-2.0,-74.0
1777888969.2863324,1.0,-5.0,-67.0
1777888969.2963324,4.0,-4.0,-67.0
1777888969.3063323,4.0,-5.0,-74.0
1777888969.3163323,3.0,-4.0,-75.0
1777888969.3263323,2.0,-7.0,-81.0
1777888969.3363323,0.0,-6.0,-75.0
1777888969.3463323,1.0,-3.0,-79.0
1777888969.3563323,5.0,-3.0,-75.0
1777888969.3663323,7.0,0.0,-73.0
1777888969.3763323,7.0,-1.0,-76.0
1777888969.3863325,7.0,-3.0,-75.0
1777888969.3963325,8.0,-1.0,-78.0
1777888969.4063325,11.0,-2.0,-77.0
1777888969.4163325,6.0,1.0,-74.0
1777888969.4263325,7.0,-3.0,-66.0
1777888969.4363325,5.0,-5.0,-71.0
1777888969.4463325,1.0,-5.0,-67.0
1777888969.4563324,2.0,-6.0,-68.0
1777888969.4663324,0.0,-5.0,-76.0
1777888969.4763324,0.0,-6.0,-72.0
1777888969.4863324,-1.0,-5.0,-76.0
1777888969.4963324,-4.0,0.0,-75.0
1777888969.5063324,-5.0,-1.0,-77.0
1777888969.5163324,-3.0,0.0,-71.0
1777888969.5263324,0.0,0.0,-68.0
1777888969.5363324,5.0,-1.0,-71.0
1777888969.5463324,6.0,-2.0,-74.0
1777888969.5563323,8.0,1.0,-78.0
1777888969.5663323,9.0,1.0,-81.0
1777888969.5763323,7.0,6.0,-78.0
1777888969.5863323,7.0,5.0,-77.0
1777888969.5963323,1.0,-1.0,-78.0
1777888969.6063323,3.0,-1.0,-70.0
1777888969.6163323,-2.0,-2.0,-72.0
1777888969.6263323,-2.0,-1.0,-75.0
1777888969.6363325,-3.0,-2.0,-73.0
1777888969.6463325,2.0,-3.0,-69.0
1777888969.6563325,1.0,0.0,-78.0
1777888969.6663325,1.0,0.0,-76.0
1777888969.6763325,1.0,-1.0,-79.0
1777888969.6863325,-2.0,0.0,-77.0
1777888969.6963325,-5.0,-1.0,-71.0
1777888969.7063324,-8.0,0.0,-74.0
1777888969.7163324,-9.0,0.0,-78.0
1777888969.7263324,-9.0,1.0,-82.0
1777888969.7363324,-9.0,0.0,-81.0
1777888969.7463324,-7.0,0.0,-76.0
1777888969.7563324,-4.0,1.0,-78.0
1777888969.7663324,-3.0,1.0,-78.0
1777888969.7763324,-3.0,0.0,-81.0
1777888969.7863324,-2.0,-3.0,-83.0
1777888969.7963324,-1.0,-4.0,-85.0
1777888969.8063323,-1.0,-4.0,-83.0
1777888969.8163323,-5.0,-2.0,-78.0
1777888969.8263323,-4.0,0.0,-85.0
1777888969.8363323,-1.0,-3.0,-84.0
1777888969.8463323,-1.0,-5.0,-77.0
1777888969.8563323,2.0,-3.0,-76.0
1777888969.8663323,1.0,1.0,-73.0
1777888969.8763323,0.0,-2.0,-69.0
1777888969.8863325,0.0,1.0,-70.0
1777888969.8963325,2.0,5.0,-71.0
1777888969.9063325,5.0,7.0,-69.0
1777888969.9163325,8.0,6.0,-68.0
1777888969.9263325,4.0,5.0,-62.0
1777888969.9363325,0.0,-3.0,-61.0
1777888969.9463325,-1.0,-1.0,-59.0
1777888969.9563324,0.0,0.0,-68.0
1777888969.9663324,0.0,0.0,-69.0
1777888969.9763324,0.0,0.0,-74.0
1777888969.9863324,0.0,0.0,-76.0
1777888969.9963324,0.0,1.0,-73.0
1777888970.0063324,-2.0,-1.0,-78.0
1777888970.0163324,0.0,-6.0,-70.0
1777888970.0263324,-1.0,-3.0,-82.0
1777888970.0363324,2.0,-4.0,-84.0
1777888970.0463324,2.0,0.0,-79.0
1777888970.0563323,1.0,1.0,-78.0
1777888970.0663323,7.0,0.0,-77.0
1777888970.0763323,6.0,3.0,-74.0
1777888970.0863323,4.0,0.0,-75.0
1777888970.0963323,5.0,-2.0,-70.0
1777888970.1063323,2.0,0.0,-76.0
1777888970.1163323,8.0,-1.0,-79.0
1777888970.1263323,10.0,-2.0,-76.0
1777888970.1363325,5.0,1.0,-75.0
1777888970.1463325,4.0,2.0,-77.0
1777888970.1563325,0.0,2.0,-79.0
1777888970.1663325,3.0,3.0,-71.0
1777888970.1763325,-1.0,0.0,-71.0
1777888970.1863325,-3.0,-1.0,-71.0
1777888970.1963325,-3.0,0.0,-69.0
1777888970.2063324,-3.0,2.0,-74.0
1777888970.2163324,-1.0,1.0,-80.0
1777888970.2273324,-1.0,-1.0,-78.0
1777888970.2363324,-4.0,0.0,-74.0
1777888970.2463324,-4.0,2.0,-78.0
1777888970.2563324,1.0,1.0,-85.0
1777888970.2663324,1.0,0.0,-84.0
1777888970.2763324,-2.0,0.0,-86.0
1777888970.2863324,0.0,0.0,-85.0
1777888970.2963324,-1.0,-4.0,-88.0
1777888970.3063323,-2.0,-4.0,-85.0
1777888970.3163323,1.0,-2.0,-88.0
1777888970.3263323,8.0,-4.0,-93.0
1777888970.3363323,9.0,-5.0,-89.0
1777888970.3463323,5.0,-2.0,-86.0
1777888970.3563323,1.0,-3.0,-85.0
1777888970.3663323,-2.0,-3.0,-83.0
1777888970.3763323,0.0,-3.0,-81.0
1777888970.3863325,0.0,-3.0,-81.0
1777888970.3963325,0.0,-1.0,-82.0
1777888970.4063325,1.0,-3.0,-82.0
1777888970.4163325,2.0,-6.0,-78.0
1777888970.4263325,6.0,-7.0,-79.0
1777888970.4363325,6.0,-1.0,-77.0
1777888970.4463325,6.0,2.0,-79.0
1777888970.4563324,4.0,5.0,-82.0
1777888970.4663324,3.0,4.0,-85.0
1777888970.4763324,0.0,3.0,-80.0
1777888970.4863324,0.0,-1.0,-80.0
1777888970.4963324,0.0,-4.0,-78.0
1777888970.5063324,0.0,-4.0,-71.0
1777888970.5163324,0.0,-6.0,-75.0
1777888970.5263324,-1.0,-6.0,-83.0
1777888970.5363324,-2.0,-5.0,-89.0
1777888970.5463324,0.0,-3.0,-83.0
1777888970.5563323,1.0,-2.0,-86.0
1777888970.5663323,0.0,-1.0,-88.0
1777888970.5763323,0.0,1.0,-86.0
1777888970.5863323,3.0,3.0,-89.0
1777888970.5963323,0.0,3.0,-88.0
1777888970.6063323,3.0,1.0,-86.0
1777888970.6163323,2.0,-1.0,-83.0
1777888970.6263323,0.0,-1.0,-80.0
1777888970.6363325,-3.0,-3.0,-83.0
1777888970.6463325,-2.0,-5.0,-78.0
1777888970.6563325,-4.0,-1.0,-75.0
1777888970.6663325,-3.0,0.0,-74.0
1777888970.6763325,0.0,1.0,-66.0
1777888970.6863325,0.0,2.0,-63.0
1777888970.6963325,-1.0,5.0,-61.0
1777888970.7063324,0.0,1.0,-67.0
1777888970.7163324,-5.0,-1.0,-66.0
1777888970.7263324,-7.0,-1.0,-72.0
1777888970.7363324,-2.0,-2.0,-70.0
1777888970.7463324,-2.0,-1.0,-72.0
1777888970.7563324,2.0,0.0,-79.0
1777888970.7663324,4.0,1.0,-78.0
1777888970.7763324,4.0,5.0,-79.0
1777888970.7863324,-1.0,2.0,-77.0
1777888970.7963324,-1.0,2.0,-84.0
1777888970.8063323,-5.0,2.0,-85.0
1777888970.8163323,-2.0,0.0,-82.0
1777888970.8263323,-2.0,2.0,-86.0
1777888970.8363323,-2.0,1.0,-83.0
1777888970.8463323,2.0,3.0,-88.0
1777888970.8563323,4.0,3.0,-96.0
1777888970.8663323,4.0,4.0,-89.0
1777888970.8763323,4.0,0.0,-82.0
1777888970.8863325,4.0,0.0,-85.0
1777888970.8963325,1.0,-2.0,-83.0
1777888970.9063325,3.0,-4.0,-86.0
1777888970.9163325,1.0,-5.0,-83.0
1777888970.9263325,2.0,-1.0,-82.0
1777888970.9363325,2.0,-1.0,-80.0
1777888970.9463325,-1.0,-3.0,-78.0
1777888970.9563324,-1.0,0.0,-82.0
1777888970.9663324,0.0,1.0,-77.0
1777888970.9763324,-3.0,1.0,-80.0
1777888970.9863324,-3.0,0.0,-76.0
1777888970.9963324,0.0,0.0,-75.0
1777888971.0063324,0.0,2.0,-76.0
1777888971.0163324,1.0,8.0,-69.0
1777888971.0263324,0.0,8.0,-71.0
1777888971.0363324,0.0,7.0,-70.0
1777888971.0463324,-2.0,2.0,-74.0
1777888971.0563323,-4.0,3.0,-76.0
1777888971.0663323,-2.0,3.0,-81.0
1777888971.0763323,-1.0,0.0,-76.0
1777888971.0863323,3.0,-4.0,-76.0
1777888971.0963323,4.0,-6.0,-77.0
1777888971.1063323,2.0,-6.0,-80.0
1777888971.1163323,1.0,-5.0,-82.0
1777888971.1263323,-1.0,-2.0,-83.0
1777888971.1363325,-4.0,0.0,-76.0
1777888971.1463325,-5.0,0.0,-76.0
1777888971.1563325,0.0,2.0,-78.0
1777888971.1663325,0.0,0.0,-84.0
1777888971.1763325,0.0,-1.0,-92.0
1777888971.1873324,2.0,-4.0,-84.0
1777888971.1963325,0.0,-2.0,-78.0
1777888971.2063324,0.0,-3.0,-79.0
1777888971.2173324,0.0,-5.0,-80.0
1777888971.2273324,0.0,-4.0,-80.0
1777888971.2373323,0.0,-3.0,-77.0
1777888971.2473323,0.0,-4.0,-80.0
1777888971.2573323,5.0,-4.0,-81.0
1777888971.2673323,3.0,-4.0,-81.0
1777888971.2773323,1.0,-4.0,-76.0
1777888971.2873323,0.0,0.0,-79.0
1777888971.2973323,2.0,1.0,-76.0
1777888971.3073325,3.0,4.0,-77.0
1777888971.3173325,1.0,5.0,-72.0
1777888971.3273325,0.0,2.0,-77.0
1777888971.3373325,-3.0,0.0,-79.0
1777888971.3473325,-4.0,1.0,-78.0
1777888971.3573325,0.0,0.0,-85.0
1777888971.3673325,-3.0,3.0,-82.0
1777888971.3773324,0.0,1.0,-80.0
1777888971.3873324,5.0,-1.0,-80.0
1777888971.3973324,3.0,-2.0,-69.0
1777888971.4073324,0.0,0.0,-70.0
1777888971.4173324,0.0,0.0,-73.0
1777888971.4273324,1.0,0.0,-78.0
1777888971.4373324,1.0,-2.0,-74.0
1777888971.4473324,-2.0,-2.0,-71.0
1777888971.4573324,0.0,-3.0,-72.0
1777888971.4673324,0.0,-5.0,-68.0
1777888971.4773324,-2.0,-4.0,-65.0
1777888971.4873323,-1.0,-8.0,-67.0
1777888971.4973323,-4.0,-9.0,-71.0
1777888971.5073323,-7.0,-9.0,-67.0
1777888971.5173323,-5.0,-11.0,-67.0
1777888971.5273323,-3.0,-8.0,-70.0
1777888971.5373323,0.0,-2.0,-74.0
1777888971.5473323,0.0,-1.0,-77.0
1777888971.5573325,2.0,-1.0,-79.0
1777888971.5673325,0.0,0.0,-78.0
1777888971.5773325,1.0,-1.0,-82.0
1777888971.5873325,1.0,2.0,-87.0
1777888971.5973325,0.0,2.0,-78.0
1777888971.6073325,4.0,0.0,-77.0
1777888971.6173325,1.0,-2.0,-77.0
1777888971.6273324,0.0,-3.0,-80.0
1777888971.6373324,3.0,-2.0,-84.0
1777888971.6473324,4.0,-1.0,-79.0
1777888971.6573324,2.0,1.0,-76.0
1777888971.6673324,0.0,1.0,-78.0
1777888971.6773324,0.0,-4.0,-83.0
1777888971.6873324,0.0,-4.0,-83.0
1777888971.6973324,0.0,1.0,-79.0
1777888971.7073324,0.0,5.0,-71.0
1777888971.7173324,2.0,7.0,-73.0
1777888971.7273324,3.0,5.0,-77.0
1777888971.7373323,2.0,5.0,-77.0
1777888971.7473323,3.0,2.0,-76.0
1777888971.7573323,0.0,1.0,-79.0
1777888971.7673323,-1.0,1.0,-79.0
1777888971.7773323,1.0,0.0,-76.0
1777888971.7873323,2.0,1.0,-69.0
1777888971.7973323,7.0,-4.0,-69.0
1777888971.8073325,6.0,-2.0,-71.0
1777888971.8173325,8.0,1.0,-73.0
1777888971.8273325,8.0,1.0,-69.0
1777888971.8373325,5.0,-1.0,-68.0
1777888971.8473325,2.0,-2.0,-68.0
1777888971.8573325,6.0,-4.0,-68.0
1777888971.8673325,5.0,-6.0,-70.0
1777888971.8773324,11.0,-5.0,-65.0
1777888971.8873324,12.0,-2.0,-66.0
1777888971.8973324,13.0,-4.0,-72.0
1777888971.9073324,9.0,0.0,-70.0
1777888971.9173324,5.0,0.0,-76.0
1777888971.9273324,6.0,-1.0,-78.0
1777888971.9373324,4.0,2.0,-72.0
1777888971.9473324,4.0,2.0,-76.0
1777888971.9573324,1.0,0.0,-79.0
1777888971.9673324,5.0,-2.0,-79.0
1777888971.9773324,0.0,-1.0,-81.0
1777888971.9873323,0.0,-1.0,-77.0
1777888971.9973323,-1.0,0.0,-79.0
1777888972.0073323,-5.0,-2.0,-80.0
1777888972.0173323,-3.0,0.0,-82.0
1777888972.0273323,-2.0,4.0,-81.0
1777888972.0373323,-5.0,5.0,-82.0
1777888972.0473323,-6.0,4.0,-81.0
1777888972.0573325,-5.0,1.0,-81.0
1777888972.0673325,-2.0,-3.0,-83.0
1777888972.0773325,0.0,-3.0,-92.0
1777888972.0873325,1.0,-5.0,-89.0
1777888972.0973325,0.0,-4.0,-94.0
1777888972.1073325,0.0,-1.0,-95.0
1777888972.1173325,1.0,-3.0,-92.0
1777888972.1273324,2.0,-2.0,-87.0
1777888972.1373324,2.0,-1.0,-82.0
1777888972.1473324,3.0,-3.0,-81.0
1777888972.1573324,0.0,-3.0,-90.0
1777888972.1673324,2.0,-7.0,-87.0
1777888972.1773324,-2.0,-3.0,-87.0
1777888972.1873324,-2.0,-5.0,-89.0
1777888972.1973324,-4.0,0.0,-87.0
1777888972.2073324,0.0,-2.0,-90.0
1777888972.2173324,3.0,0.0,-89.0
1777888972.2273324,7.0,0.0,-83.0
1777888972.2373323,4.0,4.0,-79.0
1777888972.2473323,0.0,0.0,-76.0
1777888972.2573323,-7.0,-4.0,-70.0
1777888972.2673323,-7.0,-5.0,-77.0
1777888972.2773323,-8.0,-6.0,-76.0
1777888972.2873323,-5.0,-2.0,-77.0
1777888972.2973323,-1.0,0.0,-79.0
1777888972.3073325,-2.0,0.0,-85.0
1777888972.3173325,-4.0,0.0,-79.0
1777888972.3273325,-1.0,1.0,-79.0
1777888972.3373325,-4.0,3.0,-78.0
1777888972.3473325,1.0,4.0,-73.0
1777888972.3573325,2.0,3.0,-75.0
1777888972.3673325,2.0,0.0,-73.0
1777888972.3773324,2.0,0.0,-75.0
1777888972.3873324,2.0,0.0,-77.0
1777888972.3973324,2.0,0.0,-76.0
1777888972.4073324,2.0,0.0,-74.0
1777888972.4173324,0.0,0.0,-81.0
1777888972.4273324,-3.0,-4.0,-82.0
1777888972.4373324,-1.0,-4.0,-81.0
1777888972.4473324,0.0,-3.0,-77.0
1777888972.4573324,6.0,-3.0,-78.0
1777888972.4673324,11.0,-3.0,-75.0
1777888972.4773324,6.0,-5.0,-71.0
1777888972.4873323,3.0,-6.0,-74.0
1777888972.4973323,1.0,-8.0,-83.0
1777888972.5073323,0.0,-6.0,-86.0
1777888972.5173323,-2.0,-3.0,-82.0
1777888972.5273323,-3.0,-4.0,-84.0
1777888972.5373323,-1.0,-7.0,-79.0
1777888972.5473323,-2.0,-8.0,-72.0
1777888972.5573325,-6.0,-5.0,-71.0
1777888972.5673325,-6.0,-3.0,-72.0
1777888972.5773325,-3.0,-3.0,-75.0
1777888972.5873325,-1.0,-6.0,-81.0
1777888972.5973325,0.0,-5.0,-81.0
1777888972.6073325,0.0,-7.0,-82.0
1777888972.6173325,-1.0,-4.0,-82.0
1777888972.6273324,-2.0,-3.0,-83.0
1777888972.6373324,-2.0,-3.0,-76.0
1777888972.6473324,-2.0,-1.0,-71.0
1777888972.6573324,0.0,-1.0,-76.0
1777888972.6673324,2.0,0.0,-79.0
1777888972.6773324,0.0,-5.0,-79.0
1777888972.6873324,-2.0,-3.0,-79.0
1777888972.6973324,-6.0,-3.0,-81.0
1777888972.7073324,-9.0,-3.0,-82.0
1777888972.7173324,-6.0,0.0,-78.0
1777888972.7273324,-6.0,0.0,-74.0
1777888972.7373323,-10.0,4.0,-74.0
1777888972.7473323,-10.0,2.0,-82.0
1777888972.7573323,-6.0,1.0,-80.0
1777888972.7673323,-4.0,1.0,-74.0
1777888972.7773323,-2.0,3.0,-73.0
1777888972.7873323,-3.0,4.0,-68.0
1777888972.7973323,0.0,1.0,-63.0
1777888972.8073325,-3.0,1.0,-60.0
1777888972.8173325,-5.0,0.0,-61.0
1777888972.8273325,2.0,-2.0,-61.0
1777888972.8373325,5.0,-4.0,-57.0
1777888972.8473325,1.0,-2.0,-64.0
1777888972.8573325,-1.0,-1.0,-70.0
1777888972.8673325,-2.0,0.0,-71.0
1777888972.8773324,-5.0,0.0,-75.0
1777888972.8873324,-9.0,-4.0,-73.0
1777888972.8973324,-7.0,1.0,-66.0
1777888972.9073324,-4.0,-1.0,-61.0
1777888972.9173324,3.0,-4.0,-66.0
1777888972.9273324,3.0,-1.0,-71.0
1777888972.9373324,5.0,0.0,-70.0
1777888972.9473324,7.0,-3.0,-77.0
1777888972.9573324,4.0,-1.0,-76.0
1777888972.9673324,2.0,-1.0,-81.0
1777888972.9773324,-1.0,-2.0,-77.0
1777888972.9873323,0.0,-2.0,-76.0
1777888972.9973323,0.0,-2.0,-78.0
1777888973.0073323,0.0,-3.0,-79.0
1777888973.0173323,1.0,-2.0,-76.0
1777888973.0273323,0.0,-1.0,-77.0
1777888973.0373323,0.0,-2.0,-79.0
1777888973.0473323,0.0,-1.0,-80.0
1777888973.0573325,3.0,-1.0,-83.0
1777888973.0673325,1.0,-1.0,-78.0
1777888973.0773325,5.0,-2.0,-78.0
1777888973.0873325,10.0,-2.0,-73.0
1777888973.0973325,8.0,-4.0,-77.0
1777888973.1073325,8.0,-3.0,-78.0
1777888973.1173325,8.0,-6.0,-68.0
1777888973.1273324,14.0,-3.0,-70.0
1777888973.1373324,13.0,1.0,-75.0
1777888973.1473324,3.0,0.0,-77.0
1777888973.1573324,1.0,3.0,-80.0
1777888973.1673324,0.0,2.0,-83.0
1777888973.1773324,-2.0,1.0,-85.0
1777888973.1873324,-2.0,1.0,-76.0
1777888973.1983323,-2.0,2.0,-69.0
1777888973.2083323,-2.0,-3.0,-64.0
1777888973.2183323,0.0,-5.0,-63.0
1777888973.2283323,-6.0,-6.0,-70.0
1777888973.2383325,0.0,-2.0,-76.0
1777888973.2483325,1.0,-1.0,-76.0
1777888973.2583325,-1.0,-4.0,-77.0
1777888973.2683325,1.0,-4.0,-73.0
1777888973.2783325,3.0,-2.0,-76.0
1777888973.2883325,2.0,0.0,-80.0
1777888973.2983325,0.0,3.0,-78.0
1777888973.3083324,-1.0,4.0,-77.0
1777888973.3183324,-3.0,0.0,-85.0
1777888973.3283324,-1.0,0.0,-85.0
1777888973.3383324,-4.0,0.0,-78.0
1777888973.3483324,-6.0,0.0,-82.0
1777888973.3583324,-5.0,-1.0,-79.0
1777888973.3683324,-4.0,1.0,-80.0
1777888973.3783324,-5.0,1.0,-82.0
1777888973.3883324,-3.0,3.0,-83.0
1777888973.3983324,0.0,4.0,-83.0
1777888973.4083323,0.0,3.0,-83.0
1777888973.4183323,1.0,4.0,-84.0
1777888973.4283323,3.0,7.0,-81.0
1777888973.4383323,0.0,8.0,-79.0
1777888973.4483323,6.0,6.0,-75.0
1777888973.4583323,5.0,5.0,-83.0
1777888973.4683323,1.0,4.0,-87.0
1777888973.4783323,6.0,1.0,-87.0
1777888973.4883325,8.0,-3.0,-81.0
1777888973.4983325,6.0,-2.0,-85.0
1777888973.5083325,2.0,-4.0,-87.0
1777888973.5183325,-1.0,-2.0,-79.0
1777888973.5283325,0.0,-5.0,-84.0
1777888973.5383325,5.0,-3.0,-83.0
1777888973.5483325,3.0,0.0,-78.0
1777888973.5583324,1.0,0.0,-79.0
1777888973.5683324,1.0,2.0,-73.0
1777888973.5783324,-1.0,-1.0,-73.0
1777888973.5883324,2.0,0.0,-74.0
1777888973.5983324,3.0,1.0,-74.0
1777888973.6083324,1.0,0.0,-71.0
1777888973.6183324,0.0,0.0,-73.0
1777888973.6283324,2.0,0.0,-71.0
1777888973.6383324,2.0,3.0,-68.0
1777888973.6483324,0.0,3.0,-78.0
1777888973.6583323,-2.0,1.0,-79.0
1777888973.6683323,0.0,3.0,-74.0
1777888973.6783323,2.0,3.0,-73.0
1777888973.6883323,2.0,3.0,-76.0
1777888973.6983323,0.0,1.0,-76.0
1777888973.7083323,1.0,3.0,-77.0
1777888973.7183323,3.0,4.0,-78.0
1777888973.7283323,3.0,3.0,-75.0
1777888973.7383325,0.0,0.0,-77.0
1777888973.7483325,-1.0,-2.0,-71.0
1777888973.7583325,0.0,-6.0,-74.0
1777888973.7683325,0.0,-2.0,-74.0
1777888973.7783325,-1.0,-4.0,-79.0
1777888973.7883325,-10.0,-5.0,-77.0
1777888973.7983325,-11.0,-1.0,-74.0
1777888973.8083324,-8.0,-1.0,-77.0
1777888973.8183324,-9.0,-3.0,-74.0
1777888973.8283324,-7.0,-6.0,-71.0
1777888973.8383324,-9.0,-8.0,-72.0
1777888973.8483324,0.0,-6.0,-80.0
1777888973.8583324,-1.0,-7.0,-79.0
1777888973.8683324,2.0,-9.0,-75.0
1777888973.8783324,0.0,-7.0,-78.0
1777888973.8883324,-4.0,-8.0,-82.0
1777888973.8983324,-4.0,-5.0,-80.0
1777888973.9083323,-1.0,-5.0,-78.0
1777888973.9183323,0.0,-7.0,-74.0
1777888973.9283323,0.0,-7.0,-74.0
1777888973.9383323,2.0,-6.0,-72.0
1777888973.9483323,6.0,-8.0,-65.0
1777888973.9583323,5.0,-6.0,-70.0
1777888973.9683323,5.0,-4.0,-75.0
1777888973.9783323,8.0,-2.0,-80.0
1777888973.9883325,6.0,-3.0,-86.0
1777888973.9983325,5.0,0.0,-75.0
1777888974.0083325,5.0,1.0,-75.0
1777888974.0183325,5.0,1.0,-77.0
1777888974.0283325,6.0,0.0,-81.0
1777888974.0383325,6.0,0.0,-78.0
1777888974.0483325,6.0,3.0,-81.0
1777888974.0583324,3.0,1.0,-76.0
1777888974.0683324,2.0,3.0,-69.0
1777888974.0783324,0.0,2.0,-67.0
1777888974.0883324,-4.0,2.0,-71.0
1777888974.0983324,0.0,4.0,-74.0
1777888974.1083324,0.0,10.0,-73.0
1777888974.1183324,-1.0,6.0,-76.0
1777888974.1283324,-1.0,4.0,-81.0
1777888974.1383324,-3.0,7.0,-85.0
1777888974.1483324,-3.0,7.0,-81.0
1777888974.1583323,-3.0,7.0,-80.0
1777888974.1683323,-5.0,0.0,-76.0
1777888974.1783323,-2.0,1.0,-80.0
1777888974.1883323,-6.0,-2.0,-80.0
1777888974.1983323,-4.0,-7.0,-74.0
1777888974.2083323,0.0,-9.0,-67.0
1777888974.2183323,2.0,-7.0,-67.0
1777888974.2283323,3.0,-7.0,-74.0
1777888974.2383325,3.0,-4.0,-76.0
1777888974.2483325,-1.0,3.0,-74.0
1777888974.2583325,-2.0,5.0,-75.0
1777888974.2683325,0.0,2.0,-74.0
1777888974.2783325,1.0,6.0,-76.0
1777888974.2883325,-3.0,4.0,-76.0
1777888974.2983325,-1.0,2.0,-68.0
1777888974.3083324,0.0,2.0,-65.0
1777888974.3183324,0.0,0.0,-69.0
1777888974.3283324,4.0,0.0,-71.0
1777888974.3383324,5.0,-1.0,-75.0
1777888974.3483324,2.0,-3.0,-75.0
1777888974.3583324,0.0,-5.0,-66.0
1777888974.3683324,0.0,-1.0,-70.0
1777888974.3783324,-1.0,-1.0,-73.0
1777888974.3883324,-9.0,-3.0,-73.0
1777888974.3983324,-9.0,-6.0,-77.0
1777888974.4083323,-8.0,-7.0,-74.0
1777888974.4183323,-5.0,-7.0,-72.0
1777888974.4283323,-3.0,-4.0,-70.0
1777888974.4383323,0.0,2.0,-72.0
1777888974.4483323,-1.0,3.0,-76.0
1777888974.4583323,-2.0,2.0,-75.0
1777888974.4683323,-1.0,-2.0,-76.0
1777888974.4783323,0.0,1.0,-83.0
1777888974.4883325,2.0,7.0,-84.0
1777888974.4983325,5.0,3.0,-84.0
1777888974.5083325,4.0,-2.0,-85.0
1777888974.5183325,9.0,-1.0,-87.0
1777888974.5283325,9.0,0.0,-76.0
1777888974.5383325,6.0,-2.0,-73.0
1777888974.5483325,5.0,3.0,-76.0
1777888974.5583324,9.0,3.0,-81.0
1777888974.5683324,10.0,4.0,-76.0
1777888974.5783324,9.0,3.0,-80.0
1777888974.5883324,0.0,6.0,-85.0
1777888974.5983324,0.0,3.0,-82.0
1777888974.6083324,3.0,0.0,-85.0
1777888974.6183324,6.0,0.0,-83.0
1777888974.6283324,2.0,-1.0,-80.0
1777888974.6383324,0.0,-3.0,-73.0
1777888974.6483324,0.0,0.0,-68.0
1777888974.6583323,3.0,-2.0,-66.0
1777888974.6683323,0.0,-6.0,-64.0
1777888974.6783323,-5.0,-7.0,-65.0
1777888974.6883323,-3.0,-7.0,-69.0
1777888974.6983323,3.0,-7.0,-76.0
1777888974.7083323,0.0,-3.0,-72.0
1777888974.7183323,-3.0,-2.0,-71.0
1777888974.7283323,-1.0,-4.0,-69.0
1777888974.7383325,0.0,-3.0,-70.0
1777888974.7483325,0.0,0.0,-75.0
1777888974.7583325,0.0,1.0,-76.0
1777888974.7683325,0.0,4.0,-77.0
1777888974.7783325,1.0,3.0,-70.0
1777888974.7883325,3.0,-1.0,-66.0
1777888974.7983325,5.0,-5.0,-66.0
1777888974.8083324,7.0,-6.0,-72.0
1777888974.8183324,5.0,-6.0,-73.0
1777888974.8283324,4.0,-7.0,-75.0
1777888974.8383324,7.0,-8.0,-79.0
1777888974.8483324,6.0,-3.0,-74.0
1777888974.8583324,6.0,-4.0,-77.0
1777888974.8683324,6.0,-2.0,-78.0
1777888974.8783324,5.0,2.0,-82.0
1777888974.8883324,1.0,-3.0,-80.0
1777888974.8983324,0.0,-1.0,-79.0
1777888974.9083323,-2.0,0.0,-84.0
1777888974.9183323,0.0,0.0,-86.0
1777888974.9283323,-1.0,0.0,-87.0
1777888974.9383323,-6.0,0.0,-81.0
1777888974.9483323,-6.0,0.0,-82.0
1777888974.9583323,0.0,4.0,-79.0
1777888974.9683323,0.0,4.0,-81.0
1777888974.9783323,0.0,6.0,-83.0
1777888974.9883325,0.0,4.0,-86.0
1777888974.9983325,5.0,2.0,-78.0
1777888975.0083325,3.0,5.0,-75.0
1777888975.0183325,2.0,6.0,-80.0
1777888975.0283325,-2.0,2.0,-75.0
1777888975.0383325,-3.0,2.0,-75.0
1777888975.0483325,-1.0,0.0,-74.0
1777888975.0583324,0.0,-1.0,-74.0
1777888975.0683324,4.0,-1.0,-77.0
1777888975.0783324,3.0,-2.0,-80.0
1777888975.0883324,-2.0,0.0,-81.0
1777888975.0983324,-3.0,0.0,-90.0
1777888975.1083324,-7.0,-1.0,-88.0
1777888975.1183324,-3.0,-2.0,-89.0
1777888975.1283324,-1.0,-4.0,-83.0
1777888975.1383324,0.0,-3.0,-76.0
1777888975.1483324,-2.0,-4.0,-66.0
1777888975.1583323,-7.0,-2.0,-67.0
1777888975.1683323,-9.0,-1.0,-73.0
1777888975.1783323,-9.0,0.0,-73.0
1777888975.1893325,-6.0,-1.0,-73.0
1777888975.1993325,-5.0,-2.0,-79.0
1777888975.2093325,-7.0,-6.0,-82.0
1777888975.2193325,-6.0,-5.0,-92.0
1777888975.2293324,-5.0,-3.0,-91.0
1777888975.2393324,-7.0,-2.0,-85.0
1777888975.2493324,-7.0,0.0,-87.0
1777888975.2593324,-5.0,4.0,-86.0
1777888975.2693324,0.0,8.0,-82.0
1777888975.2793324,-2.0,5.0,-75.0
1777888975.2893324,-2.0,5.0,-69.0
1777888975.2993324,-2.0,5.0,-72.0
1777888975.3093324,-1.0,6.0,-78.0
1777888975.3193324,1.0,7.0,-74.0
1777888975.3293324,0.0,6.0,-74.0
1777888975.3393323,-5.0,4.0,-82.0
1777888975.3493323,2.0,0.0,-82.0
1777888975.3593323,3.0,-2.0,-91.0
1777888975.3693323,5.0,0.0,-90.0
1777888975.3793323,5.0,-1.0,-88.0
1777888975.3893323,2.0,-5.0,-92.0
1777888975.3993323,1.0,-7.0,-98.0
1777888975.4093325,0.0,-7.0,-94.0
1777888975.4193325,-5.0,-4.0,-87.0
1777888975.4293325,-8.0,-2.0,-83.0
1777888975.4393325,-5.0,-3.0,-84.0
1777888975.4493325,-8.0,0.0,-80.0
1777888975.4593325,-2.0,0.0,-87.0
1777888975.4693325,-1.0,-5.0,-89.0
1777888975.4793324,-4.0,-8.0,-82.0
1777888975.4893324,-5.0,-3.0,-74.0
1777888975.4993324,-6.0,-3.0,-71.0
1777888975.5093324,-2.0,-1.0,-81.0
1777888975.5193324,-1.0,-2.0,-83.0
1777888975.5293324,-1.0,-1.0,-79.0
1777888975.5393324,0.0,1.0,-84.0
1777888975.5493324,3.0,-1.0,-86.0
1777888975.5593324,0.0,-5.0,-89.0
1777888975.5693324,4.0,-10.0,-83.0
1777888975.5793324,1.0,-9.0,-80.0
1777888975.5893323,1.0,-5.0,-81.0
1777888975.5993323,4.0,-5.0,-75.0
1777888975.6093323,0.0,-6.0,-71.0
1777888975.6193323,-2.0,-4.0,-70.0
1777888975.6293323,-4.0,-2.0,-64.0
1777888975.6393323,-3.0,-3.0,-68.0
1777888975.6493323,-4.0,1.0,-71.0
1777888975.6593325,-8.0,-3.0,-74.0
1777888975.6693325,-6.0,-3.0,-74.0
1777888975.6793325,-5.0,-5.0,-80.0
1777888975.6893325,-3.0,-3.0,-82.0
1777888975.6993325,0.0,-1.0,-73.0
1777888975.7093325,0.0,0.0,-76.0
1777888975.7193325,0.0,0.0,-78.0
1777888975.7293324,-1.0,4.0,-76.0
1777888975.7393324,0.0,3.0,-69.0
1777888975.7493324,2.0,4.0,-68.0
1777888975.7593324,1.0,3.0,-72.0
1777888975.7693324,-4.0,2.0,-76.0
1777888975.7793324,-7.0,2.0,-76.0
1777888975.7893324,-8.0,0.0,-76.0
1777888975.7993324,-7.0,1.0,-76.0
1777888975.8093324,-2.0,2.0,-76.0
1777888975.8193324,4.0,1.0,-78.0
1777888975.8293324,5.0,2.0,-73.0
1777888975.8393323,-2.0,-2.0,-78.0
1777888975.8493323,-1.0,-3.0,-81.0
1777888975.8593323,-2.0,-2.0,-85.0
1777888975.8693323,4.0,-1.0,-84.0
1777888975.8793323,2.0,1.0,-76.0
1777888975.8893323,0.0,1.0,-81.0
1777888975.8993323,0.0,-2.0,-83.0
1777888975.9093325,0.0,0.0,-80.0
1777888975.9193325,0.0,0.0,-82.0
1777888975.9293325,1.0,1.0,-83.0
1777888975.9393325,2.0,0.0,-82.0
1777888975.9493325,0.0,1.0,-85.0
1777888975.9593325,-1.0,-1.0,-90.0
1777888975.9693325,0.0,-2.0,-87.0
1777888975.9793324,1.0,-1.0,-78.0
1777888975.9893324,5.0,0.0,-72.0
1777888975.9993324,3.0,0.0,-74.0
1777888976.0093324,1.0,0.0,-76.0
1777888976.0193324,3.0,1.0,-77.0
1777888976.0293324,8.0,0.0,-80.0
1777888976.0393324,5.0,0.0,-81.0
1777888976.0493324,4.0,3.0,-80.0
1777888976.0593324,4.0,0.0,-82.0
1777888976.0693324,-1.0,1.0,-84.0
1777888976.0793324,0.0,0.0,-82.0
1777888976.0893323,2.0,5.0,-83.0
1777888976.0993323,7.0,1.0,-74.0
1777888976.1093323,3.0,0.0,-71.0
1777888976.1193323,0.0,-3.0,-75.0
1777888976.1293323,0.0,0.0,-76.0
1777888976.1393323,-2.0,1.0,-82.0
1777888976.1493323,-2.0,1.0,-84.0
1777888976.1593325,0.0,2.0,-73.0
1777888976.1693325,0.0,2.0,-71.0
1777888976.1793325,1.0,0.0,-72.0
1777888976.1893325,-2.0,-2.0,-76.0
1777888976.1993325,-3.0,-4.0,-77.0
1777888976.2093325,-3.0,-2.0,-70.0
1777888976.2193325,-3.0,-2.0,-71.0
1777888976.2293324,-1.0,-2.0,-77.0
1777888976.2393324,0.0,-4.0,-76.0
1777888976.2493324,3.0,-3.0,-70.0
1777888976.2593324,4.0,-6.0,-65.0
1777888976.2693324,3.0,-3.0,-69.0
1777888976.2793324,3.0,0.0,-78.0
1777888976.2893324,1.0,-2.0,-78.0
1777888976.2993324,-1.0,-2.0,-77.0
1777888976.3093324,-1.0,0.0,-77.0
1777888976.3193324,-3.0,-1.0,-76.0
1777888976.3293324,-3.0,0.0,-77.0
1777888976.3393323,-3.0,-4.0,-77.0
1777888976.3493323,0.0,-7.0,-76.0
1777888976.3593323,4.0,-9.0,-71.0
1777888976.3693323,0.0,-7.0,-73.0
1777888976.3793323,0.0,-8.0,-75.0
1777888976.3893323,1.0,-8.0,-79.0
1777888976.3993323,2.0,-11.0,-74.0
1777888976.4093325,-2.0,-5.0,-64.0
1777888976.4193325,-5.0,-6.0,-66.0
1777888976.4293325,-2.0,-5.0,-69.0
1777888976.4393325,1.0,-2.0,-76.0
1777888976.4493325,2.0,0.0,-77.0
1777888976.4593325,-1.0,1.0,-73.0
1777888976.4693325,-3.0,-1.0,-76.0
1777888976.4793324,0.0,-4.0,-74.0
1777888976.4893324,-1.0,-8.0,-76.0
1777888976.4993324,-6.0,-6.0,-73.0
1777888976.5093324,-5.0,-3.0,-85.0
1777888976.5193324,-5.0,-1.0,-85.0
1777888976.5293324,-2.0,1.0,-83.0
1777888976.5393324,0.0,0.0,-80.0
1777888976.5493324,0.0,0.0,-71.0
1777888976.5593324,-5.0,0.0,-70.0
1777888976.5693324,-5.0,3.0,-73.0
1777888976.5793324,-7.0,6.0,-73.0
1777888976.5893323,-11.0,7.0,-68.0
1777888976.5993323,-10.0,8.0,-68.0
1777888976.6093323,-6.0,9.0,-76.0
1777888976.6193323,-5.0,3.0,-78.0
1777888976.6293323,-6.0,6.0,-77.0
1777888976.6393323,-8.0,8.0,-78.0
1777888976.6493323,-5.0,5.0,-78.0
1777888976.6593325,-7.0,0.0,-75.0
1777888976.6693325,-7.0,-3.0,-72.0
1777888976.6793325,-1.0,-1.0,-72.0
1777888976.6893325,0.0,-5.0,-70.0
1777888976.6993325,-1.0,-8.0,-76.0
1777888976.7093325,-2.0,-9.0,-79.0
1777888976.7193325,-2.0,-6.0,-84.0
1777888976.7293324,-4.0,-5.0,-77.0
1777888976.7393324,-8.0,-8.0,-75.0
1777888976.7493324,-7.0,-6.0,-75.0
1777888976.7593324,-4.0,-5.0,-71.0
1777888976.7693324,-1.0,-5.0,-68.0
1777888976.7793324,5.0,-7.0,-68.0
1777888976.7893324,4.0,-2.0,-63.0
1777888976.7993324,-4.0,0.0,-65.0
1777888976.8093324,-5.0,0.0,-66.0
1777888976.8193324,0.0,0.0,-68.0
1777888976.8293324,1.0,0.0,-71.0
1777888976.8393323,0.0,2.0,-75.0
1777888976.8493323,3.0,1.0,-81.0
1777888976.8593323,3.0,-2.0,-84.0
1777888976.8693323,5.0,-2.0,-81.0
1777888976.8793323,1.0,-3.0,-73.0
1777888976.8893323,3.0,-2.0,-70.0
1777888976.8993323,4.0,0.0,-68.0
1777888976.9093325,3.0,1.0,-62.0
1777888976.9193325,9.0,-1.0,-70.0
1777888976.9293325,12.0,0.0,-68.0
1777888976.9393325,10.0,1.0,-70.0
1777888976.9493325,7.0,2.0,-76.0
1777888976.9593325,4.0,0.0,-74.0
1777888976.9693325,2.0,4.0,-75.0
1777888976.9793324,3.0,0.0,-68.0
1777888976.9893324,3.0,4.0,-66.0
1777888976.9993324,0.0,1.0,-71.0
1777888977.0093324,3.0,0.0,-72.0
1777888977.0193324,0.0,-4.0,-67.0
1777888977.0293324,1.0,-7.0,-72.0
1777888977.0393324,2.0,-8.0,-77.0
1777888977.0493324,5.0,-9.0,-82.0
1777888977.0593324,8.0,-7.0,-80.0
1777888977.0693324,4.0,-2.0,-78.0
1777888977.0793324,8.0,-2.0,-74.0
1777888977.0893323,11.0,-3.0,-73.0
1777888977.0993323,9.0,-6.0,-75.0
1777888977.1093323,5.0,-3.0,-71.0
1777888977.1193323,5.0,-1.0,-71.0
1777888977.1293323,7.0,0.0,-74.0
1777888977.1403325,4.0,3.0,-70.0
1777888977.1493323,2.0,5.0,-76.0
1777888977.1603324,2.0,4.0,-77.0
1777888977.1703324,1.0,5.0,-74.0
1777888977.1793325,0.0,2.0,-73.0
1777888977.1903324,5.0,2.0,-72.0
1777888977.2003324,4.0,2.0,-76.0
1777888977.2103324,2.0,3.0,-80.0
1777888977.2203324,0.0,3.0,-83.0
1777888977.2303324,1.0,0.0,-81.0
1777888977.2403324,1.0,1.0,-74.0
1777888977.2503324,0.0,0.0,-68.0
1777888977.2603323,-2.0,0.0,-66.0
1777888977.2703323,0.0,1.0,-66.0
1777888977.2803323,0.0,5.0,-72.0
1777888977.2903323,-4.0,7.0,-73.0
1777888977.3003323,-5.0,6.0,-78.0
1777888977.3103323,0.0,3.0,-80.0
1777888977.3203323,-1.0,3.0,-80.0
1777888977.3303325,2.0,2.0,-83.0
1777888977.3403325,5.0,4.0,-84.0
1777888977.3503325,0.0,3.0,-83.0
1777888977.3603325,0.0,3.0,-78.0
1777888977.3703325,-2.0,2.0,-70.0
1777888977.3803325,-1.0,6.0,-65.0
1777888977.3903325,0.0,2.0,-68.0
1777888977.4003325,-5.0,-1.0,-76.0
1777888977.4103324,-2.0,-1.0,-81.0
1777888977.4203324,-3.0,-3.0,-81.0
1777888977.4303324,0.0,-1.0,-80.0
1777888977.4403324,0.0,-1.0,-81.0
1777888977.4503324,0.0,-5.0,-79.0
1777888977.4603324,-1.0,-3.0,-84.0
1777888977.4703324,0.0,-4.0,-81.0
1777888977.4803324,-2.0,-4.0,-86.0
1777888977.4903324,-1.0,-3.0,-80.0
1777888977.5003324,0.0,0.0,-78.0
1777888977.5103323,-4.0,-2.0,-81.0
1777888977.5203323,-5.0,0.0,-79.0
1777888977.5303323,-1.0,-1.0,-79.0
1777888977.5403323,0.0,1.0,-78.0
1777888977.5503323,1.0,3.0,-78.0
1777888977.5603323,1.0,0.0,-76.0
1777888977.5703323,2.0,1.0,-74.0
1777888977.5803325,5.0,0.0,-78.0
1777888977.5903325,4.0,0.0,-80.0
1777888977.6003325,3.0,4.0,-83.0
1777888977.6103325,3.0,6.0,-82.0
1777888977.6203325,4.0,5.0,-82.0
1777888977.6303325,4.0,-3.0,-78.0
1777888977.6403325,5.0,-4.0,-74.0
1777888977.6503325,4.0,-5.0,-74.0
1777888977.6603324,1.0,-4.0,-74.0
1777888977.6703324,4.0,-5.0,-74.0
1777888977.6803324,8.0,-2.0,-82.0
1777888977.6903324,4.0,-1.0,-71.0
1777888977.7003324,2.0,0.0,-75.0
1777888977.7103324,2.0,0.0,-75.0
1777888977.7203324,0.0,0.0,-77.0
1777888977.7303324,-1.0,-4.0,-80.0
1777888977.7403324,-3.0,-4.0,-83.0
1777888977.7503324,-3.0,-4.0,-81.0
1777888977.7603323,-4.0,-7.0,-74.0
1777888977.7703323,2.0,-8.0,-67.0
1777888977.7803323,2.0,-5.0,-63.0
1777888977.7903323,4.0,-1.0,-63.0
1777888977.8003323,1.0,-2.0,-67.0
1777888977.8103323,2.0,0.0,-68.0
1777888977.8203323,3.0,0.0,-73.0
1777888977.8303325,4.0,-1.0,-76.0
1777888977.8403325,2.0,0.0,-73.0
1777888977.8503325,-1.0,-1.0,-73.0
1777888977.8603325,-1.0,-2.0,-69.0
1777888977.8703325,-8.0,-3.0,-67.0
1777888977.8803325,-7.0,0.0,-67.0
1777888977.8903325,-1.0,-1.0,-64.0
1777888977.9003325,0.0,-4.0,-63.0
1777888977.9103324,0.0,-2.0,-65.0
1777888977.9203324,0.0,-3.0,-71.0
1777888977.9303324,2.0,-2.0,-76.0
1777888977.9403324,3.0,-1.0,-81.0
1777888977.9503324,-1.0,0.0,-88.0
1777888977.9603324,-2.0,2.0,-89.0
1777888977.9703324,0.0,0.0,-89.0
1777888977.9803324,-2.0,1.0,-87.0
1777888977.9903324,-2.0,3.0,-87.0
1777888978.0003324,0.0,-1.0,-87.0
1777888978.0103323,2.0,2.0,-83.0
1777888978.0203323,1.0,2.0,-90.0
1777888978.0303323,3.0,1.0,-89.0
1777888978.0403323,6.0,0.0,-85.0
1777888978.0503323,9.0,-2.0,-82.0
1777888978.0603323,6.0,-5.0,-80.0
1777888978.0703323,1.0,-4.0,-81.0
1777888978.0803325,3.0,-2.0,-83.0
1777888978.0903325,0.0,-3.0,-85.0
1777888978.1003325,-3.0,-6.0,-87.0
1777888978.1103325,-2.0,-4.0,-81.0
1777888978.1203325,2.0,-4.0,-79.0
1777888978.1303325,3.0,-1.0,-85.0
1777888978.1403325,2.0,0.0,-85.0
1777888978.1503325,0.0,3.0,-86.0
1777888978.1603324,-1.0,3.0,-88.0
1777888978.1703324,1.0,2.0,-91.0
1777888978.1803324,-1.0,2.0,-92.0
1777888978.1903324,-2.0,2.0,-87.0
1777888978.2003324,0.0,5.0,-82.0
1777888978.2103324,-3.0,3.0,-88.0
1777888978.2203324,-6.0,0.0,-81.0
1777888978.2303324,0.0,2.0,-81.0
1777888978.2403324,2.0,6.0,-83.0
1777888978.2503324,-2.0,4.0,-85.0
1777888978.2603323,-3.0,0.0,-84.0
1777888978.2703323,-1.0,3.0,-77.0
1777888978.2803323,0.0,3.0,-70.0
1777888978.2903323,0.0,2.0,-74.0
1777888978.3003323,0.0,1.0,-74.0
1777888978.3103323,0.0,0.0,-79.0
1777888978.3203323,-1.0,1.0,-76.0
1777888978.3303325,1.0,1.0,-69.0
1777888978.3403325,0.0,2.0,-67.0
1777888978.3503325,-3.0,5.0,-64.0
1777888978.3603325,0.0,7.0,-65.0
1777888978.3703325,0.0,7.0,-71.0
1777888978.3803325,-1.0,6.0,-79.0
1777888978.3903325,2.0,1.0,-79.0
1777888978.4003325,-1.0,5.0,-77.0
1777888978.4103324,-2.0,0.0,-75.0
1777888978.4203324,-2.0,2.0,-77.0
1777888978.4303324,-5.0,3.0,-77.0
1777888978.4403324,-5.0,5.0,-82.0
1777888978.4503324,-7.0,6.0,-77.0
1777888978.4603324,-5.0,5.0,-70.0
1777888978.4703324,-5.0,4.0,-68.0
1777888978.4803324,0.0,2.0,-74.0
1777888978.4903324,-3.0,1.0,-72.0
1777888978.5003324,-4.0,-1.0,-68.0
1777888978.5103323,-7.0,0.0,-68.0
1777888978.5203323,-6.0,-2.0,-76.0
1777888978.5303323,-8.0,-3.0,-78.0
1777888978.5403323,-5.0,-3.0,-76.0
1777888978.5503323,-7.0,-3.0,-81.0
1777888978.5603323,-11.0,-1.0,-81.0
1777888978.5703323,-8.0,0.0,-79.0
1777888978.5803325,-8.0,2.0,-72.0
1777888978.5903325,-4.0,-3.0,-67.0
1777888978.6003325,-4.0,-3.0,-77.0
1777888978.6103325,-4.0,0.0,-77.0
1777888978.6203325,-3.0,3.0,-81.0
1777888978.6303325,-4.0,3.0,-84.0
1777888978.6403325,-2.0,0.0,-77.0
1777888978.6503325,-2.0,-1.0,-80.0
1777888978.6603324,0.0,-2.0,-74.0
1777888978.6703324,1.0,2.0,-72.0
1777888978.6803324,0.0,1.0,-74.0
1777888978.6903324,0.0,0.0,-70.0
1777888978.7003324,1.0,-1.0,-66.0
1777888978.7103324,-1.0,0.0,-68.0
1777888978.7203324,-3.0,0.0,-74.0
1777888978.7303324,-1.0,-2.0,-74.0
1777888978.7403324,1.0,-1.0,-71.0
1777888978.7503324,2.0,0.0,-70.0
1777888978.7603323,0.0,-2.0,-75.0
1777888978.7703323,2.0,-3.0,-77.0
1777888978.7803323,8.0,0.0,-78.0
1777888978.7903323,1.0,0.0,-78.0
1777888978.8003323,-3.0,-4.0,-79.0
1777888978.8103323,-2.0,-5.0,-83.0
1777888978.8203323,-5.0,-4.0,-82.0
1777888978.8303325,-7.0,-4.0,-80.0
1777888978.8403325,-6.0,-1.0,-75.0
1777888978.8503325,-2.0,3.0,-75.0
1777888978.8603325,1.0,4.0,-74.0
1777888978.8703325,-2.0,1.0,-76.0
1777888978.8803325,-2.0,3.0,-80.0
1777888978.8903325,-4.0,0.0,-86.0
1777888978.9003325,-3.0,-1.0,-81.0
1777888978.9103324,-1.0,-3.0,-82.0
1777888978.9203324,-4.0,-5.0,-74.0
1777888978.9303324,-7.0,-2.0,-67.0
1777888978.9403324,-4.0,0.0,-67.0
1777888978.9503324,-1.0,-1.0,-70.0
1777888978.9603324,-1.0,-3.0,-73.0
1777888978.9703324,-3.0,-3.0,-76.0
1777888978.9803324,0.0,-6.0,-75.0
1777888978.9903324,7.0,-10.0,-77.0
1777888979.0003324,8.0,-11.0,-81.0
1777888979.0103323,5.0,-9.0,-83.0
1777888979.0203323,6.0,-4.0,-86.0
1777888979.0303323,5.0,-1.0,-76.0
1777888979.0403323,4.0,0.0,-73.0
1777888979.0503323,2.0,3.0,-76.0
1777888979.0603323,3.0,4.0,-82.0
1777888979.0703323,3.0,2.0,-79.0
1777888979.0803325,-5.0,0.0,-73.0
1777888979.0903325,-6.0,-1.0,-68.0
1777888979.1003325,-7.0,0.0,-75.0
1777888979.1103325,-6.0,0.0,-81.0
1777888979.1203325,-1.0,0.0,-85.0
1777888979.1303325,-2.0,0.0,-91.0
1777888979.1403325,-2.0,-2.0,-94.0
1777888979.1513324,0.0,-3.0,-88.0
1777888979.1613324,0.0,-5.0,-81.0
1777888979.1713324,-1.0,-1.0,-79.0
1777888979.1813323,0.0,0.0,-79.0
1777888979.1903324,-3.0,0.0,-82.0
1777888979.2013323,0.0,1.0,-79.0
1777888979.2113323,-2.0,2.0,-74.0
1777888979.2213323,2.0,-2.0,-69.0
1777888979.2313323,2.0,0.0,-69.0
1777888979.2413323,1.0,1.0,-65.0
1777888979.2513323,3.0,1.0,-64.0
1777888979.2613325,7.0,-2.0,-71.0
1777888979.2713325,5.0,-5.0,-75.0
1777888979.2813325,1.0,0.0,-78.0
1777888979.2913325,3.0,-1.0,-68.0
1777888979.3013325,-1.0,0.0,-68.0
1777888979.3113325,4.0,0.0,-69.0
1777888979.3213325,1.0,-5.0,-72.0
1777888979.3313324,0.0,-4.0,-75.0
1777888979.3413324,-6.0,-1.0,-78.0
1777888979.3513324,-4.0,0.0,-79.0
1777888979.3613324,-1.0,-1.0,-83.0
1777888979.3713324,0.0,0.0,-84.0
1777888979.3813324,1.0,0.0,-80.0
1777888979.3913324,4.0,0.0,-76.0
1777888979.4013324,2.0,3.0,-68.0
1777888979.4113324,0.0,3.0,-69.0
1777888979.4213324,-2.0,0.0,-76.0
1777888979.4313323,0.0,2.0,-78.0
1777888979.4413323,6.0,4.0,-77.0
1777888979.4513323,9.0,4.0,-78.0
1777888979.4613323,4.0,8.0,-83.0
1777888979.4713323,1.0,4.0,-79.0
1777888979.4813323,2.0,4.0,-84.0
1777888979.4913323,0.0,3.0,-80.0
1777888979.5013323,2.0,6.0,-82.0
1777888979.5113325,0.0,3.0,-86.0
1777888979.5213325,3.0,1.0,-87.0
1777888979.5313325,-1.0,3.0,-81.0
1777888979.5413325,-1.0,4.0,-81.0
1777888979.5513325,-3.0,3.0,-87.0
1777888979.5613325,-1.0,1.0,-87.0
1777888979.5713325,-1.0,2.0,-90.0
1777888979.5813324,0.0,4.0,-82.0
1777888979.5913324,3.0,1.0,-74.0
1777888979.6013324,5.0,0.0,-70.0
1777888979.6113324,6.0,2.0,-75.0
1777888979.6213324,7.0,2.0,-65.0
1777888979.6313324,6.0,0.0,-61.0
1777888979.6413324,6.0,0.0,-63.0
1777888979.6513324,5.0,3.0,-71.0
1777888979.6613324,4.0,5.0,-72.0
1777888979.6713324,9.0,0.0,-76.0
1777888979.6813323,4.0,-2.0,-76.0
1777888979.6913323,3.0,-2.0,-74.0
1777888979.7013323,-3.0,-3.0,-77.0
1777888979.7113323,3.0,-3.0,-80.0
1777888979.7213323,3.0,3.0,-77.0
1777888979.7313323,1.0,3.0,-75.0
1777888979.7413323,3.0,4.0,-80.0
1777888979.7513323,1.0,4.0,-75.0
1777888979.7613325,0.0,6.0,-69.0
1777888979.7713325,0.0,1.0,-66.0
1777888979.7813325,1.0,0.0,-69.0
1777888979.7913325,1.0,-1.0,-71.0
1777888979.8013325,4.0,-2.0,-72.0
1777888979.8113325,2.0,-4.0,-72.0
1777888979.8213325,1.0,-2.0,-72.0
1777888979.8313324,0.0,-2.0,-77.0
1777888979.8413324,-4.0,0.0,-77.0
1777888979.8513324,-3.0,0.0,-78.0
1777888979.8613324,0.0,0.0,-82.0
1777888979.8713324,-2.0,0.0,-83.0
1777888979.8813324,-1.0,2.0,-88.0
1777888979.8913324,0.0,0.0,-86.0
1777888979.9013324,0.0,3.0,-82.0
1777888979.9113324,0.0,3.0,-77.0
1777888979.9213324,0.0,5.0,-75.0
1777888979.9313323,0.0,1.0,-76.0
1777888979.9413323,-1.0,1.0,-77.0
1777888979.9513323,-1.0,3.0,-71.0
1777888979.9613323,-7.0,2.0,-76.0
1777888979.9713323,-5.0,1.0,-76.0
1777888979.9813323,0.0,0.0,-79.0
1777888979.9913323,0.0,0.0,-84.0
1777888980.0013323,-3.0,-2.0,-80.0
1777888980.0113325,-3.0,-2.0,-79.0
1777888980.0213325,1.0,1.0,-81.0
1777888980.0313325,-2.0,0.0,-73.0
1777888980.0413325,1.0,1.0,-71.0
1777888980.0513325,0.0,-1.0,-71.0
1777888980.0613325,-4.0,-5.0,-77.0
1777888980.0713325,-3.0,-3.0,-80.0
1777888980.0813324,-2.0,-2.0,-81.0
1777888980.0913324,0.0,0.0,-81.0
1777888980.1013324,-5.0,-2.0,-85.0
1777888980.1113324,-8.0,0.0,-85.0
1777888980.1213324,-4.0,3.0,-77.0
1777888980.1313324,-4.0,4.0,-72.0
1777888980.1413324,-3.0,0.0,-70.0
1777888980.1513324,0.0,1.0,-74.0
1777888980.1613324,-1.0,-3.0,-75.0
1777888980.1713324,-1.0,0.0,-73.0
1777888980.1813323,-1.0,-1.0,-84.0
1777888980.1913323,-1.0,-5.0,-79.0
1777888980.2013323,-1.0,-2.0,-74.0
1777888980.2113323,1.0,-5.0,-73.0
1777888980.2213323,0.0,-2.0,-78.0
1777888980.2313323,0.0,1.0,-77.0
1777888980.2413323,1.0,0.0,-78.0
1777888980.2513323,3.0,-1.0,-77.0
1777888980.2613325,1.0,-4.0,-78.0
1777888980.2713325,-5.0,-5.0,-82.0
1777888980.2813325,-2.0,-1.0,-82.0
1777888980.2913325,0.0,-1.0,-85.0
1777888980.3013325,0.0,-2.0,-86.0
1777888980.3113325,1.0,-2.0,-90.0
1777888980.3213325,0.0,-1.0,-94.0
1777888980.3313324,1.0,-2.0,-95.0
1777888980.3413324,2.0,-5.0,-89.0
1777888980.3513324,1.0,-5.0,-92.0
1777888980.3613324,0.0,-3.0,-93.0
1777888980.3713324,0.0,-1.0,-93.0
1777888980.3813324,0.0,-4.0,-90.0
1777888980.3913324,4.0,-6.0,-82.0
1777888980.4013324,2.0,-2.0,-89.0
1777888980.4113324,1.0,0.0,-90.0
1777888980.4213324,2.0,-2.0,-84.0
1777888980.4313323,3.0,-4.0,-80.0
1777888980.4413323,0.0,-7.0,-79.0
1777888980.4513323,-1.0,-6.0,-82.0
1777888980.4613323,0.0,-6.0,-77.0
1777888980.4713323,-1.0,-4.0,-78.0
1777888980.4813323,0.0,-5.0,-80.0
1777888980.4913323,1.0,-3.0,-73.0
1777888980.5013323,1.0,-5.0,-74.0
1777888980.5113325,6.0,-6.0,-77.0
1777888980.5213325,8.0,-6.0,-74.0
1777888980.5313325,7.0,-5.0,-75.0
1777888980.5413325,8.0,-7.0,-83.0
1777888980.5513325,7.0,-11.0,-80.0
1777888980.5613325,5.0,-14.0,-83.0
1777888980.5713325,7.0,-10.0,-89.0
1777888980.5813324,4.0,-4.0,-83.0
1777888980.5913324,6.0,-2.0,-85.0
1777888980.6013324,10.0,-2.0,-84.0
1777888980.6113324,6.0,-1.0,-81.0
1777888980.6213324,3.0,0.0,-79.0
1777888980.6313324,0.0,0.0,-74.0
1777888980.6413324,-3.0,-2.0,-74.0
1777888980.6513324,-3.0,0.0,-74.0
1777888980.6613324,-3.0,-1.0,-76.0
1777888980.6713324,0.0,-1.0,-77.0
1777888980.6813323,2.0,0.0,-74.0
1777888980.6913323,8.0,-3.0,-78.0
1777888980.7013323,15.0,-2.0,-82.0
1777888980.7113323,15.0,-2.0,-82.0
1777888980.7213323,9.0,-6.0,-84.0
1777888980.7313323,8.0,-2.0,-78.0
1777888980.7413323,9.0,-3.0,-73.0
1777888980.7513323,7.0,-1.0,-71.0
1777888980.7613325,6.0,-2.0,-76.0
1777888980.7713325,1.0,-2.0,-69.0
1777888980.7813325,4.0,0.0,-71.0
1777888980.7913325,1.0,-3.0,-69.0
1777888980.8013325,5.0,-3.0,-72.0
1777888980.8113325,9.0,-6.0,-72.0
1777888980.8213325,7.0,-9.0,-74.0
1777888980.8313324,8.0,-7.0,-73.0
1777888980.8413324,4.0,-5.0,-70.0
1777888980.8513324,2.0,-5.0,-72.0
1777888980.8613324,5.0,-3.0,-74.0
1777888980.8713324,7.0,0.0,-78.0
1777888980.8813324,5.0,-2.0,-81.0
1777888980.8913324,5.0,0.0,-84.0
1777888980.9013324,4.0,0.0,-76.0
1777888980.9113324,2.0,1.0,-71.0
1777888980.9213324,2.0,5.0,-73.0
1777888980.9313323,-5.0,0.0,-70.0
1777888980.9413323,-3.0,-1.0,-72.0
1777888980.9513323,-3.0,-1.0,-72.0
1777888980.9613323,-1.0,0.0,-74.0
1777888980.9713323,-1.0,0.0,-71.0
1777888980.9813323,-5.0,0.0,-73.0
1777888980.9913323,-5.0,2.0,-74.0
1777888981.0013323,4.0,5.0,-75.0
1777888981.0113325,9.0,4.0,-76.0
1777888981.0213325,6.0,5.0,-75.0
1777888981.0313325,4.0,4.0,-79.0
1777888981.0413325,5.0,0.0,-80.0
1777888981.0513325,5.0,3.0,-79.0
1777888981.0613325,2.0,5.0,-80.0
1777888981.0713325,0.0,5.0,-77.0
1777888981.0813324,1.0,2.0,-81.0
1777888981.0913324,5.0,2.0,-79.0
1777888981.1013324,0.0,6.0,-75.0
1777888981.1123323,-1.0,7.0,-76.0
1777888981.1223323,2.0,-1.0,-84.0
1777888981.1323323,-3.0,-3.0,-77.0
1777888981.1423323,3.0,-4.0,-80.0
1777888981.1523323,4.0,-6.0,-82.0
1777888981.1623323,5.0,-6.0,-85.0
1777888981.1723323,8.0,-5.0,-83.0
1777888981.1823325,6.0,-4.0,-84.0
1777888981.1923325,7.0,-7.0,-82.0
1777888981.2023325,8.0,-7.0,-83.0
1777888981.2123325,5.0,-9.0,-84.0
1777888981.2223325,6.0,-7.0,-82.0
1777888981.2323325,6.0,-4.0,-74.0
1777888981.2423325,3.0,0.0,-70.0
1777888981.2523324,5.0,-3.0,-73.0
1777888981.2623324,4.0,0.0,-69.0
1777888981.2723324,4.0,-1.0,-72.0
1777888981.2823324,2.0,0.0,-75.0
1777888981.2923324,3.0,-1.0,-79.0
1777888981.3023324,0.0,-3.0,-73.0
1777888981.3123324,1.0,0.0,-74.0
1777888981.3223324,4.0,2.0,-77.0
1777888981.3323324,2.0,0.0,-66.0
1777888981.3423324,1.0,-3.0,-71.0
1777888981.3523324,-1.0,-4.0,-72.0
1777888981.3623323,0.0,-3.0,-74.0
1777888981.3723323,5.0,-1.0,-79.0
1777888981.3823323,3.0,0.0,-89.0
1777888981.3923323,2.0,0.0,-86.0
1777888981.4023323,0.0,-2.0,-85.0
1777888981.4123323,0.0,-2.0,-78.0
1777888981.4223323,0.0,-5.0,-72.0
1777888981.4323325,-3.0,-5.0,-72.0
1777888981.4423325,-1.0,-2.0,-74.0
1777888981.4523325,-1.0,-5.0,-73.0
1777888981.4623325,0.0,-6.0,-74.0
1777888981.4723325,-1.0,-2.0,-74.0
1777888981.4823325,2.0,-1.0,-75.0
1777888981.4923325,0.0,0.0,-79.0
1777888981.5023324,-5.0,0.0,-82.0
1777888981.5123324,-8.0,1.0,-92.0
1777888981.5223324,-9.0,4.0,-90.0
1777888981.5323324,-5.0,4.0,-91.0
1777888981.5423324,-4.0,1.0,-84.0
1777888981.5523324,1.0,3.0,-81.0
1777888981.5623324,7.0,7.0,-79.0
1777888981.5723324,7.0,6.0,-79.0
1777888981.5823324,7.0,7.0,-76.0
1777888981.5923324,9.0,5.0,-78.0
1777888981.6023324,6.0,2.0,-80.0
1777888981.6123323,4.0,-3.0,-76.0
1777888981.6223323,8.0,-6.0,-72.0
1777888981.6323323,7.0,-5.0,-71.0
1777888981.6423323,10.0,-1.0,-81.0
1777888981.6523323,9.0,2.0,-77.0
1777888981.6623323,6.0,3.0,-76.0
1777888981.6723323,3.0,3.0,-71.0
1777888981.6823325,4.0,0.0,-71.0
1777888981.6923325,4.0,0.0,-76.0
1777888981.7023325,6.0,-2.0,-81.0
1777888981.7123325,12.0,-2.0,-81.0
1777888981.7223325,8.0,-5.0,-80.0
1777888981.7323325,7.0,-4.0,-80.0
1777888981.7423325,5.0,-6.0,-83.0
1777888981.7523324,3.0,-4.0,-84.0
1777888981.7623324,0.0,-2.0,-74.0
1777888981.7723324,-3.0,-5.0,-71.0
1777888981.7823324,-5.0,-9.0,-72.0
1777888981.7923324,-6.0,-8.0,-75.0
1777888981.8023324,-2.0,-6.0,-72.0
1777888981.8123324,-2.0,-3.0,-71.0
1777888981.8223324,-1.0,-1.0,-71.0
1777888981.8323324,-4.0,-2.0,-68.0
1777888981.8423324,-3.0,-3.0,-68.0
1777888981.8523324,-2.0,-5.0,-78.0
1777888981.8623323,-2.0,-2.0,-88.0
1777888981.8723323,-3.0,0.0,-94.0
1777888981.8823323,0.0,-2.0,-83.0
1777888981.8923323,-4.0,-5.0,-75.0
1777888981.9023323,-11.0,-3.0,-77.0
1777888981.9123323,-6.0,0.0,-75.0
1777888981.9223323,-2.0,-3.0,-76.0
1777888981.9323325,2.0,-3.0,-85.0
1777888981.9423325,3.0,0.0,-84.0
1777888981.9523325,-1.0,0.0,-73.0
1777888981.9623325,-3.0,0.0,-75.0
1777888981.9723325,-2.0,0.0,-75.0
1777888981.9823325,-3.0,-2.0,-77.0
1777888981.9923325,-1.0,0.0,-85.0
1777888982.0023324,0.0,0.0,-87.0
1777888982.0123324,3.0,-7.0,-82.0
1777888982.0223324,7.0,-7.0,-79.0
1777888982.0323324,8.0,-8.0,-76.0
1777888982.0423324,8.0,-7.0,-75.0
1777888982.0523324,8.0,-5.0,-76.0
1777888982.0623324,5.0,-4.0,-82.0
1777888982.0723324,4.0,-4.0,-84.0
1777888982.0823324,3.0,-1.0,-83.0
1777888982.0923324,1.0,1.0,-82.0
1777888982.1023324,1.0,2.0,-83.0
1777888982.1123323,-1.0,4.0,-89.0
1777888982.1223323,-2.0,7.0,-84.0
1777888982.1323323,0.0,10.0,-85.0
1777888982.1423323,1.0,10.0,-87.0
1777888982.1523323,1.0,10.0,-75.0
1777888982.1623323,3.0,7.0,-75.0
1777888982.1723323,4.0,5.0,-74.0
1777888982.1823325,2.0,6.0,-78.0
1777888982.1923325,0.0,2.0,-75.0
1777888982.2023325,-5.0,2.0,-76.0
1777888982.2123325,-5.0,0.0,-69.0
1777888982.2223325,0.0,3.0,-77.0
1777888982.2323325,2.0,0.0,-75.0
1777888982.2423325,6.0,0.0,-74.0
1777888982.2523324,8.0,0.0,-77.0
1777888982.2623324,7.0,0.0,-79.0
1777888982.2723324,2.0,-4.0,-79.0
1777888982.2823324,0.0,0.0,-75.0
1777888982.2923324,0.0,-1.0,-71.0
1777888982.3023324,3.0,-4.0,-69.0
1777888982.3123324,0.0,-2.0,-68.0
1777888982.3223324,5.0,-1.0,-69.0
1777888982.3323324,4.0,0.0,-69.0
1777888982.3423324,0.0,1.0,-70.0
1777888982.3523324,-5.0,0.0,-68.0
1777888982.3623323,-5.0,-2.0,-69.0
1777888982.3723323,-3.0,-4.0,-69.0
1777888982.3823323,-1.0,0.0,-72.0
1777888982.3923323,-2.0,-6.0,-72.0
1777888982.4023323,0.0,-4.0,-72.0
1777888982.4123323,-2.0,-2.0,-73.0
1777888982.4223323,-4.0,-2.0,-73.0
1777888982.4323325,-4.0,-2.0,-74.0
1777888982.4423325,-1.0,0.0,-73.0
1777888982.4523325,-1.0,0.0,-74.0
1777888982.4623325,-3.0,0.0,-73.0
1777888982.4723325,-2.0,1.0,-76.0
1777888982.4823325,3.0,0.0,-78.0
1777888982.4923325,4.0,0.0,-82.0
1777888982.5023324,1.0,2.0,-85.0
1777888982.5123324,0.0,3.0,-78.0
1777888982.5223324,3.0,5.0,-77.0
1777888982.5323324,2.0,1.0,-77.0
1777888982.5423324,-1.0,2.0,-82.0
1777888982.5523324,-3.0,3.0,-85.0
1777888982.5623324,-3.0,3.0,-80.0
1777888982.5723324,-6.0,2.0,-76.0
1777888982.5823324,-2.0,6.0,-72.0
1777888982.5923324,-1.0,4.0,-74.0
1777888982.6023324,-1.0,2.0,-71.0
1777888982.6123323,2.0,3.0,-70.0
1777888982.6223323,1.0,1.0,-74.0
1777888982.6323323,0.0,0.0,-79.0
1777888982.6423323,0.0,-2.0,-85.0
1777888982.6523323,-1.0,-2.0,-84.0
1777888982.6623323,-2.0,-7.0,-76.0
1777888982.6723323,0.0,-7.0,-69.0
1777888982.6823325,0.0,-5.0,-69.0
1777888982.6923325,-3.0,-4.0,-65.0
1777888982.7023325,0.0,-4.0,-70.0
1777888982.7123325,-3.0,-4.0,-74.0
1777888982.7223325,1.0,-2.0,-76.0
1777888982.7323325,1.0,-1.0,-79.0
1777888982.7423325,2.0,-2.0,-77.0
1777888982.7523324,2.0,-5.0,-76.0
1777888982.7623324,0.0,-6.0,-77.0
1777888982.7723324,4.0,-7.0,-72.0
1777888982.7823324,3.0,-4.0,-81.0
1777888982.7923324,3.0,0.0,-82.0
1777888982.8023324,6.0,1.0,-87.0
1777888982.8123324,1.0,0.0,-85.0
1777888982.8223324,-2.0,-1.0,-82.0
1777888982.8323324,2.0,-1.0,-80.0
1777888982.8423324,7.0,0.0,-82.0
1777888982.8523324,7.0,-2.0,-70.0
1777888982.8623323,4.0,-2.0,-61.0
1777888982.8723323,3.0,-2.0,-61.0
1777888982.8823323,-2.0,-2.0,-58.0
1777888982.8923323,-5.0,-2.0,-64.0
1777888982.9023323,-10.0,0.0,-67.0
1777888982.9123323,-7.0,-1.0,-78.0
1777888982.9223323,-3.0,-1.0,-79.0
1777888982.9323325,-3.0,0.0,-82.0
1777888982.9423325,1.0,0.0,-87.0
1777888982.9523325,0.0,0.0,-88.0
1777888982.9623325,-2.0,2.0,-86.0
1777888982.9723325,-2.0,1.0,-85.0
1777888982.9823325,0.0,-2.0,-80.0
1777888982.9923325,7.0,-2.0,-79.0
1777888983.0023324,6.0,-3.0,-80.0
1777888983.0123324,6.0,1.0,-75.0
1777888983.0223324,8.0,5.0,-80.0
1777888983.0323324,5.0,4.0,-86.0
1777888983.0423324,1.0,2.0,-79.0
1777888983.0523324,3.0,0.0,-78.0
1777888983.0633323,0.0,3.0,-79.0
1777888983.0723324,1.0,2.0,-77.0
1777888983.0823324,3.0,1.0,-72.0
1777888983.0923324,4.0,2.0,-75.0
1777888983.1023324,3.0,1.0,-77.0
1777888983.1133325,3.0,4.0,-84.0
1777888983.1233325,4.0,1.0,-80.0
1777888983.1333325,0.0,-2.0,-81.0
1777888983.1433325,0.0,0.0,-78.0
1777888983.1533325,0.0,0.0,-72.0
1777888983.1633325,-5.0,0.0,-74.0
1777888983.1733325,-3.0,-3.0,-72.0
1777888983.1833324,-1.0,-4.0,-71.0
1777888983.1933324,0.0,-3.0,-71.0
1777888983.2033324,-4.0,-3.0,-78.0
1777888983.2133324,-4.0,-1.0,-74.0
1777888983.2233324,0.0,-1.0,-69.0
1777888983.2323325,-1.0,-3.0,-74.0
1777888983.2433324,0.0,-4.0,-75.0
1777888983.2533324,-1.0,-3.0,-79.0
1777888983.2633324,0.0,-3.0,-70.0
1777888983.2733324,2.0,-1.0,-75.0
1777888983.2833323,8.0,0.0,-73.0
1777888983.2933323,7.0,0.0,-73.0
1777888983.3033323,3.0,0.0,-72.0
1777888983.3133323,5.0,0.0,-70.0
1777888983.3233323,1.0,-1.0,-73.0
1777888983.3333323,-1.0,2.0,-77.0
1777888983.3433323,0.0,1.0,-71.0
1777888983.3533323,5.0,0.0,-71.0
1777888983.3633325,4.0,0.0,-70.0
1777888983.3733325,8.0,1.0,-69.0
1777888983.3833325,6.0,1.0,-72.0
1777888983.3933325,5.0,0.0,-76.0
1777888983.4033325,4.0,3.0,-74.0
1777888983.4133325,6.0,0.0,-75.0
1777888983.4233325,6.0,0.0,-73.0
1777888983.4333324,2.0,0.0,-74.0
1777888983.4433324,1.0,-1.0,-73.0
1777888983.4533324,-3.0,-2.0,-73.0
1777888983.4633324,-2.0,-1.0,-76.0
1777888983.4733324,0.0,0.0,-76.0
1777888983.4833324,-1.0,2.0,-81.0
1777888983.4933324,4.0,2.0,-88.0
1777888983.5033324,4.0,1.0,-87.0
1777888983.5133324,6.0,3.0,-81.0
1777888983.5233324,-1.0,5.0,-83.0
1777888983.5333323,-2.0,5.0,-90.0
1777888983.5433323,3.0,1.0,-88.0
1777888983.5533323,3.0,0.0,-88.0
1777888983.5633323,1.0,2.0,-86.0
1777888983.5733323,2.0,0.0,-81.0
1777888983.5833323,1.0,-1.0,-82.0
1777888983.5933323,1.0,-6.0,-80.0
1777888983.6033323,0.0,-5.0,-75.0
1777888983.6133325,3.0,-8.0,-75.0
1777888983.6233325,6.0,-9.0,-75.0
1777888983.6333325,3.0,-10.0,-74.0
1777888983.6433325,2.0,-9.0,-72.0
1777888983.6533325,0.0,-2.0,-73.0
1777888983.6633325,2.0,-1.0,-77.0
1777888983.6733325,1.0,1.0,-73.0
1777888983.6833324,3.0,0.0,-72.0
1777888983.6933324,1.0,5.0,-75.0
1777888983.7033324,-2.0,3.0,-78.0
1777888983.7133324,-7.0,3.0,-82.0
1777888983.7233324,-10.0,4.0,-84.0
1777888983.7333324,-8.0,0.0,-77.0
1777888983.7433324,-9.0,0.0,-79.0
1777888983.7533324,-5.0,0.0,-81.0
1777888983.7633324,-4.0,0.0,-76.0
1777888983.7733324,-5.0,-2.0,-71.0
1777888983.7833323,-8.0,-4.0,-73.0
1777888983.7933323,-7.0,-4.0,-82.0
1777888983.8033323,-4.0,-4.0,-82.0
1777888983.8133323,-2.0,-9.0,-81.0
1777888983.8233323,-4.0,-5.0,-78.0
1777888983.8333323,-6.0,-4.0,-71.0
1777888983.8433323,-7.0,-5.0,-74.0
1777888983.8533323,-8.0,-1.0,-68.0
1777888983.8633325,-1.0,-3.0,-68.0
1777888983.8733325,0.0,-6.0,-68.0
1777888983.8833325,0.0,-4.0,-62.0
1777888983.8933325,-1.0,-4.0,-62.0
1777888983.9033325,0.0,-7.0,-63.0
1777888983.9133325,-2.0,-3.0,-66.0
1777888983.9233325,0.0,-5.0,-66.0
1777888983.9333324,0.0,-5.0,-73.0
1777888983.9433324,5.0,-7.0,-65.0
1777888983.9533324,7.0,-5.0,-69.0
1777888983.9633324,2.0,-2.0,-68.0
1777888983.9733324,-1.0,0.0,-70.0
1777888983.9833324,-3.0,2.0,-71.0
1777888983.9933324,-1.0,1.0,-77.0
1777888984.0033324,0.0,1.0,-77.0
1777888984.0133324,-1.0,0.0,-74.0
1777888984.0233324,0.0,-3.0,-81.0
1777888984.0333323,1.0,-4.0,-83.0
1777888984.0433323,7.0,-3.0,-81.0
1777888984.0533323,8.0,-5.0,-78.0
1777888984.0633323,4.0,-7.0,-71.0
1777888984.0733323,-2.0,-9.0,-79.0
1777888984.0833323,-3.0,-8.0,-75.0
1777888984.0933323,0.0,-7.0,-75.0
1777888984.1033323,0.0,-5.0,-72.0
1777888984.1133325,3.0,-8.0,-71.0
1777888984.1233325,2.0,-7.0,-72.0
1777888984.1333325,3.0,-3.0,-74.0
1777888984.1433325,7.0,-3.0,-79.0
1777888984.1533325,11.0,-7.0,-77.0
1777888984.1633325,7.0,-6.0,-78.0
1777888984.1733325,6.0,-8.0,-83.0
1777888984.1833324,1.0,-3.0,-80.0
1777888984.1933324,0.0,0.0,-81.0
1777888984.2033324,0.0,-1.0,-83.0
1777888984.2133324,2.0,-2.0,-83.0
1777888984.2233324,6.0,1.0,-75.0
1777888984.2333324,8.0,1.0,-75.0
1777888984.2433324,9.0,3.0,-75.0
1777888984.2533324,9.0,2.0,-72.0
1777888984.2633324,10.0,0.0,-72.0
1777888984.2733324,11.0,4.0,-68.0
1777888984.2833323,4.0,5.0,-74.0
1777888984.2933323,0.0,3.0,-74.0
1777888984.3033323,3.0,8.0,-68.0
1777888984.3133323,3.0,4.0,-68.0
1777888984.3233323,-1.0,2.0,-72.0
1777888984.3333323,-1.0,1.0,-78.0
1777888984.3433323,2.0,4.0,-77.0
1777888984.3533323,1.0,3.0,-70.0
1777888984.3633325,5.0,-1.0,-73.0
1777888984.3733325,7.0,-3.0,-75.0
1777888984.3833325,7.0,-6.0,-71.0
1777888984.3933325,6.0,-5.0,-78.0
1777888984.4033325,11.0,-6.0,-80.0
1777888984.4133325,13.0,-2.0,-86.0
1777888984.4233325,14.0,-1.0,-87.0
1777888984.4333324,14.0,0.0,-79.0
1777888984.4433324,13.0,4.0,-77.0
1777888984.4533324,8.0,0.0,-80.0
1777888984.4633324,6.0,0.0,-84.0
1777888984.4733324,4.0,0.0,-81.0
1777888984.4833324,1.0,-4.0,-77.0
1777888984.4933324,-1.0,-3.0,-79.0
1777888984.5033324,2.0,-2.0,-77.0
1777888984.5133324,7.0,0.0,-70.0
1777888984.5233324,7.0,-3.0,-69.0
1777888984.5333323,6.0,-3.0,-71.0
1777888984.5433323,2.0,-3.0,-76.0
1777888984.5533323,0.0,-5.0,-79.0
1777888984.5633323,0.0,-3.0,-79.0
1777888984.5733323,-1.0,1.0,-76.0
1777888984.5833323,-3.0,4.0,-78.0
1777888984.5933323,3.0,1.0,-76.0
1777888984.6033323,4.0,0.0,-75.0
1777888984.6133325,4.0,0.0,-77.0
1777888984.6233325,6.0,-2.0,-73.0
1777888984.6333325,6.0,0.0,-72.0
1777888984.6433325,0.0,1.0,-74.0
1777888984.6533325,1.0,1.0,-70.0
1777888984.6633325,0.0,2.0,-71.0
1777888984.6733325,5.0,6.0,-66.0
1777888984.6833324,1.0,1.0,-67.0
1777888984.6933324,2.0,2.0,-75.0
1777888984.7033324,-1.0,5.0,-76.0
1777888984.7133324,0.0,6.0,-78.0
1777888984.7233324,-3.0,0.0,-78.0
1777888984.7333324,-2.0,1.0,-73.0
1777888984.7433324,-3.0,6.0,-71.0
1777888984.7533324,-2.0,9.0,-73.0
1777888984.7633324,-4.0,10.0,-77.0
1777888984.7733324,-5.0,5.0,-77.0
1777888984.7833323,-8.0,4.0,-74.0
1777888984.7933323,-6.0,2.0,-74.0
1777888984.8033323,-4.0,1.0,-70.0
1777888984.8133323,-4.0,2.0,-72.0
1777888984.8233323,-6.0,0.0,-71.0
1777888984.8333323,-2.0,0.0,-66.0
1777888984.8433323,4.0,0.0,-63.0
1777888984.8533323,6.0,0.0,-64.0
1777888984.8633325,4.0,1.0,-75.0
1777888984.8733325,1.0,-1.0,-73.0
1777888984.8833325,2.0,-2.0,-67.0
1777888984.8933325,1.0,0.0,-68.0
1777888984.9033325,3.0,3.0,-75.0
1777888984.9133325,-1.0,2.0,-74.0
1777888984.9233325,2.0,2.0,-77.0
1777888984.9333324,-1.0,3.0,-74.0
1777888984.9433324,1.0,0.0,-74.0
1777888984.9533324,-2.0,1.0,-73.0
1777888984.9633324,-4.0,-1.0,-76.0
1777888984.9733324,-5.0,0.0,-76.0
1777888984.9833324,-2.0,-5.0,-76.0
1777888984.9933324,-5.0,-5.0,-83.0
1777888985.0033324,-6.0,-3.0,-84.0
1777888985.0133324,-4.0,-5.0,-80.0
1777888985.0233324,-5.0,-6.0,-70.0
1777888985.0333323,-1.0,-8.0,-73.0
1777888985.0433323,-2.0,-11.0,-74.0
1777888985.0533323,-4.0,-11.0,-73.0
1777888985.0633323,-6.0,-8.0,-76.0
1777888985.0743325,-6.0,-6.0,-76.0
1777888985.0833323,-5.0,-4.0,-79.0
1777888985.0943325,-6.0,-3.0,-75.0
1777888985.1043324,-5.0,-3.0,-73.0
1777888985.1143324,-5.0,-1.0,-76.0
1777888985.1243324,-2.0,0.0,-78.0
1777888985.1343324,-2.0,2.0,-70.0
1777888985.1443324,-2.0,2.0,-64.0
1777888985.1543324,0.0,2.0,-66.0
1777888985.1643324,3.0,7.0,-69.0
1777888985.1743324,3.0,6.0,-73.0
1777888985.1843324,5.0,8.0,-69.0
1777888985.1943324,3.0,5.0,-78.0
1777888985.2043324,6.0,-1.0,-77.0
1777888985.2143323,6.0,-3.0,-82.0
1777888985.2243323,7.0,-1.0,-80.0
1777888985.2343323,4.0,-5.0,-80.0
1777888985.2443323,1.0,-4.0,-83.0
1777888985.2543323,2.0,-5.0,-78.0
1777888985.2643323,4.0,-9.0,-77.0
1777888985.2743323,0.0,-9.0,-81.0
1777888985.2843325,-2.0,-6.0,-84.0
1777888985.2943325,0.0,-2.0,-80.0
1777888985.3043325,0.0,-1.0,-83.0
1777888985.3143325,3.0,-3.0,-82.0
1777888985.3243325,10.0,-1.0,-79.0
1777888985.3343325,13.0,0.0,-73.0
1777888985.3443325,10.0,2.0,-74.0
1777888985.3543324,4.0,-5.0,-70.0
1777888985.3643324,4.0,-4.0,-68.0
1777888985.3743324,2.0,-1.0,-69.0
1777888985.3843324,4.0,-2.0,-70.0
1777888985.3943324,4.0,-3.0,-72.0
1777888985.4043324,1.0,-3.0,-74.0
1777888985.4143324,0.0,0.0,-75.0
1777888985.4243324,1.0,0.0,-75.0
1777888985.4343324,0.0,1.0,-81.0
1777888985.4443324,-7.0,2.0,-77.0
1777888985.4543324,-1.0,-1.0,-75.0
1777888985.4643323,0.0,-4.0,-74.0
1777888985.4743323,-1.0,0.0,-74.0
1777888985.4843323,1.0,0.0,-73.0
1777888985.4943323,4.0,0.0,-75.0
1777888985.5043323,3.0,-1.0,-80.0
1777888985.5143323,4.0,-1.0,-77.0
1777888985.5243323,4.0,-7.0,-85.0
1777888985.5343325,3.0,-8.0,-84.0
1777888985.5443325,2.0,-4.0,-86.0
1777888985.5543325,3.0,-2.0,-89.0
1777888985.5643325,3.0,-1.0,-80.0
1777888985.5743325,5.0,1.0,-76.0
1777888985.5843325,6.0,3.0,-76.0
1777888985.5943325,14.0,1.0,-75.0
1777888985.6043324,13.0,0.0,-73.0
1777888985.6143324,13.0,3.0,-77.0
1777888985.6243324,13.0,0.0,-79.0
1777888985.6343324,6.0,-6.0,-79.0
1777888985.6443324,4.0,-9.0,-79.0
1777888985.6543324,0.0,-7.0,-77.0
1777888985.6643324,3.0,-5.0,-77.0
1777888985.6743324,0.0,-1.0,-74.0
1777888985.6843324,-1.0,0.0,-72.0
1777888985.6943324,-1.0,2.0,-71.0
1777888985.7043324,-3.0,3.0,-73.0
1777888985.7143323,-4.0,2.0,-70.0
1777888985.7243323,-5.0,2.0,-71.0
1777888985.7343323,-6.0,1.0,-72.0
1777888985.7443323,-10.0,0.0,-73.0
1777888985.7543323,-7.0,0.0,-73.0
1777888985.7643323,-3.0,-5.0,-75.0
1777888985.7743323,-2.0,-7.0,-69.0
1777888985.7843325,-4.0,-8.0,-76.0
1777888985.7943325,-4.0,-7.0,-83.0
1777888985.8043325,-2.0,-3.0,-84.0
1777888985.8143325,-1.0,-7.0,-83.0
1777888985.8243325,0.0,-5.0,-77.0
1777888985.8343325,-1.0,-4.0,-74.0
1777888985.8443325,-2.0,-1.0,-65.0
1777888985.8543324,-3.0,0.0,-58.0
1777888985.8643324,-6.0,0.0,-61.0
1777888985.8743324,-6.0,-1.0,-61.0
1777888985.8843324,0.0,-1.0,-64.0
1777888985.8943324,0.0,0.0,-69.0
1777888985.9043324,-3.0,3.0,-68.0
1777888985.9143324,0.0,0.0,-70.0
1777888985.9243324,2.0,4.0,-70.0
1777888985.9343324,3.0,3.0,-74.0
1777888985.9443324,0.0,1.0,-73.0
1777888985.9543324,1.0,-2.0,-72.0
1777888985.9643323,4.0,-2.0,-76.0
1777888985.9743323,4.0,-4.0,-75.0
1777888985.9843323,5.0,-5.0,-71.0
1777888985.9943323,3.0,-3.0,-65.0
1777888986.0043323,4.0,-1.0,-64.0
1777888986.0143323,3.0,-3.0,-66.0
1777888986.0243323,8.0,-5.0,-64.0
1777888986.0343325,13.0,0.0,-69.0
1777888986.0443325,5.0,0.0,-71.0
1777888986.0543325,-1.0,1.0,-71.0
1777888986.0643325,2.0,1.0,-64.0
1777888986.0743325,4.0,0.0,-62.0
1777888986.0843325,1.0,-2.0,-59.0
1777888986.0943325,0.0,-2.0,-59.0
1777888986.1043324,0.0,1.0,-63.0
1777888986.1143324,2.0,1.0,-67.0
1777888986.1243324,6.0,0.0,-74.0
1777888986.1343324,6.0,-3.0,-77.0
1777888986.1443324,5.0,-1.0,-77.0
1777888986.1543324,3.0,-1.0,-74.0
1777888986.1643324,2.0,-3.0,-68.0
1777888986.1743324,2.0,-1.0,-68.0
1777888986.1843324,1.0,0.0,-66.0
1777888986.1943324,0.0,-3.0,-76.0
1777888986.2043324,0.0,0.0,-76.0
1777888986.2143323,2.0,3.0,-73.0
1777888986.2243323,1.0,2.0,-64.0
1777888986.2343323,-3.0,0.0,-65.0
1777888986.2443323,-1.0,-2.0,-70.0
1777888986.2543323,1.0,0.0,-69.0
1777888986.2643323,0.0,0.0,-73.0
1777888986.2743323,0.0,-2.0,-80.0
1777888986.2843325,4.0,-5.0,-80.0
1777888986.2943325,7.0,-5.0,-78.0
1777888986.3043325,6.0,-8.0,-75.0
1777888986.3143325,8.0,-8.0,-73.0
1777888986.3243325,6.0,-6.0,-72.0
1777888986.3343325,0.0,-6.0,-76.0
1777888986.3443325,-1.0,-8.0,-75.0
1777888986.3543324,-3.0,-5.0,-70.0
1777888986.3643324,-1.0,-5.0,-82.0
1777888986.3743324,-1.0,-6.0,-83.0
1777888986.3843324,4.0,0.0,-80.0
1777888986.3943324,6.0,-1.0,-78.0
1777888986.4043324,-2.0,0.0,-74.0
1777888986.4143324,-4.0,1.0,-68.0
1777888986.4243324,-2.0,-1.0,-68.0
1777888986.4343324,0.0,-1.0,-72.0
1777888986.4443324,0.0,-1.0,-79.0
1777888986.4543324,0.0,-1.0,-77.0
1777888986.4643323,0.0,-2.0,-74.0
1777888986.4743323,-1.0,-1.0,-77.0
1777888986.4843323,-5.0,-2.0,-80.0
1777888986.4943323,-6.0,0.0,-76.0
1777888986.5043323,-2.0,-4.0,-78.0
1777888986.5143323,0.0,0.0,-82.0
1777888986.5243323,-1.0,2.0,-80.0
1777888986.5343325,0.0,0.0,-76.0
1777888986.5443325,2.0,2.0,-73.0
1777888986.5543325,0.0,0.0,-68.0
1777888986.5643325,-1.0,-2.0,-75.0
1777888986.5743325,-1.0,-3.0,-80.0
1777888986.5843325,-2.0,-3.0,-84.0
1777888986.5943325,-4.0,0.0,-83.0
1777888986.6043324,-4.0,1.0,-85.0
1777888986.6143324,0.0,1.0,-74.0
1777888986.6243324,0.0,2.0,-65.0
1777888986.6343324,1.0,2.0,-73.0
1777888986.6443324,-2.0,-1.0,-73.0
1777888986.6543324,-4.0,2.0,-75.0
1777888986.6643324,0.0,1.0,-76.0
1777888986.6743324,1.0,-3.0,-75.0
1777888986.6853323,1.0,-2.0,-77.0
1777888986.6943324,1.0,0.0,-72.0
1777888986.7043324,-2.0,3.0,-68.0
1777888986.7143323,-6.0,2.0,-77.0
1777888986.7243323,-6.0,4.0,-77.0
1777888986.7343323,-2.0,1.0,-78.0
1777888986.7443323,-1.0,1.0,-76.0
1777888986.7543323,1.0,0.0,-71.0
1777888986.7643323,2.0,-3.0,-71.0
1777888986.7743323,6.0,2.0,-68.0
1777888986.7843325,5.0,3.0,-63.0
1777888986.7943325,4.0,4.0,-60.0
1777888986.8043325,3.0,4.0,-66.0
1777888986.8143325,7.0,1.0,-66.0
1777888986.8243325,6.0,4.0,-66.0
1777888986.8343325,3.0,2.0,-69.0
1777888986.8443325,0.0,6.0,-69.0
1777888986.8543324,0.0,5.0,-76.0
1777888986.8643324,1.0,5.0,-86.0
1777888986.8743324,1.0,3.0,-84.0
1777888986.8843324,0.0,3.0,-81.0
1777888986.8943324,-1.0,3.0,-77.0
1777888986.9043324,-2.0,2.0,-76.0
1777888986.9143324,-3.0,0.0,-74.0
1777888986.9243324,-4.0,-4.0,-74.0
1777888986.9343324,-6.0,-1.0,-76.0
1777888986.9443324,-1.0,1.0,-81.0
1777888986.9543324,-3.0,0.0,-84.0
1777888986.9643323,-3.0,-3.0,-81.0
1777888986.9743323,-2.0,-6.0,-82.0
1777888986.9843323,0.0,-4.0,-77.0
1777888986.9943323,0.0,-5.0,-76.0
1777888987.0043323,-3.0,-1.0,-72.0
1777888987.0143323,-4.0,0.0,-73.0
1777888987.0243323,-7.0,0.0,-74.0
1777888987.0343325,-5.0,-1.0,-76.0
1777888987.0443325,-6.0,-1.0,-82.0
1777888987.0553324,-7.0,1.0,-76.0
1777888987.0643325,-5.0,0.0,-78.0
1777888987.0743325,-1.0,-1.0,-86.0
1777888987.0853324,0.0,1.0,-83.0
1777888987.0953324,-1.0,0.0,-76.0
1777888987.1053324,0.0,-3.0,-74.0
1777888987.1153324,0.0,-3.0,-71.0
1777888987.1243324,-1.0,-10.0,-69.0
1777888987.1353323,0.0,-9.0,-64.0
1777888987.1453323,5.0,-12.0,-67.0
1777888987.1553323,5.0,-10.0,-76.0
1777888987.1653323,3.0,-2.0,-78.0
1777888987.1753323,7.0,-4.0,-75.0
1777888987.1853323,6.0,-6.0,-71.0
1777888987.1953323,6.0,-6.0,-69.0
1777888987.2053325,4.0,-5.0,-68.0
1777888987.2153325,8.0,-4.0,-67.0
1777888987.2263324,2.0,-5.0,-73.0
1777888987.2353325,-4.0,-6.0,-69.0
1777888987.2453325,-5.0,-3.0,-65.0
1777888987.2553325,-5.0,0.0,-66.0
1777888987.2653325,-2.0,-5.0,-65.0
1777888987.2753325,-4.0,-7.0,-65.0
1777888987.2853324,0.0,-7.0,-71.0
1777888987.2953324,0.0,-3.0,-74.0
1777888987.3053324,0.0,1.0,-78.0
1777888987.3153324,0.0,-2.0,-83.0
1777888987.3253324,0.0,-4.0,-83.0
1777888987.3353324,1.0,-3.0,-81.0
1777888987.3453324,-2.0,-5.0,-82.0
1777888987.3553324,-6.0,-5.0,-81.0
1777888987.3653324,-4.0,-8.0,-78.0
1777888987.3753324,-5.0,-4.0,-84.0
1777888987.3853323,-5.0,-2.0,-87.0
1777888987.3953323,1.0,-3.0,-79.0
1777888987.4053323,2.0,-3.0,-74.0
1777888987.4153323,3.0,0.0,-72.0
1777888987.4253323,-1.0,-3.0,-72.0
1777888987.4353323,-5.0,-5.0,-75.0
1777888987.4453323,-2.0,0.0,-78.0
1777888987.4553325,-1.0,-1.0,-77.0
1777888987.4653325,-3.0,0.0,-76.0
1777888987.4753325,-2.0,-4.0,-69.0
1777888987.4853325,-1.0,0.0,-68.0
1777888987.4953325,-1.0,-2.0,-69.0
1777888987.5053325,-1.0,-1.0,-70.0
1777888987.5153325,3.0,1.0,-73.0
1777888987.5253325,2.0,7.0,-69.0
1777888987.5353324,0.0,5.0,-73.0
1777888987.5453324,2.0,0.0,-80.0
1777888987.5553324,2.0,-1.0,-77.0
1777888987.5653324,2.0,-3.0,-79.0
1777888987.5753324,2.0,-5.0,-80.0
1777888987.5853324,1.0,-5.0,-79.0
1777888987.5953324,-1.0,-3.0,-80.0
1777888987.6053324,1.0,-3.0,-85.0
1777888987.6153324,3.0,0.0,-78.0
1777888987.6253324,7.0,2.0,-79.0
1777888987.6353323,4.0,0.0,-81.0
1777888987.6453323,3.0,2.0,-74.0
1777888987.6553323,2.0,2.0,-73.0
1777888987.6653323,1.0,-1.0,-77.0
1777888987.6753323,2.0,-3.0,-75.0
1777888987.6853323,2.0,0.0,-80.0
1777888987.6953323,1.0,-1.0,-75.0
1777888987.7053325,-2.0,-3.0,-78.0
1777888987.7153325,0.0,-8.0,-85.0
1777888987.7253325,-1.0,-7.0,-82.0
1777888987.7353325,-4.0,-3.0,-81.0
1777888987.7453325,-3.0,-4.0,-84.0
1777888987.7553325,0.0,-8.0,-72.0
1777888987.7653325,4.0,-6.0,-74.0
1777888987.7753325,2.0,-1.0,-77.0
1777888987.7853324,0.0,0.0,-76.0
1777888987.7953324,-2.0,1.0,-72.0
1777888987.8053324,0.0,0.0,-72.0
1777888987.8153324,1.0,2.0,-73.0
1777888987.8253324,-1.0,-2.0,-74.0
1777888987.8353324,1.0,-4.0,-70.0
1777888987.8453324,0.0,-4.0,-72.0
1777888987.8553324,-1.0,-3.0,-80.0
1777888987.8653324,1.0,-2.0,-81.0
1777888987.8753324,-1.0,0.0,-80.0
1777888987.8853323,-1.0,0.0,-83.0
1777888987.8953323,-4.0,4.0,-81.0
1777888987.9053323,-1.0,0.0,-82.0
1777888987.9153323,0.0,-1.0,-83.0
1777888987.9253323,-1.0,0.0,-76.0
1777888987.9353323,-3.0,2.0,-77.0
1777888987.9453323,-3.0,0.0,-79.0
1777888987.9553325,-4.0,2.0,-77.0
1777888987.9653325,-4.0,0.0,-74.0
1777888987.9753325,-1.0,0.0,-74.0
1777888987.9853325,-3.0,-2.0,-67.0
1777888987.9953325,-4.0,-3.0,-66.0
1777888988.0053325,-4.0,-5.0,-65.0
1777888988.0153325,-4.0,-6.0,-62.0
1777888988.0253325,-6.0,-6.0,-53.0
1777888988.0353324,-2.0,-4.0,-57.0
1777888988.0453324,-1.0,4.0,-64.0
1777888988.0553324,-5.0,8.0,-66.0
1777888988.0653324,-5.0,9.0,-72.0
1777888988.0753324,-6.0,7.0,-78.0
1777888988.0853324,-4.0,4.0,-84.0
1777888988.0953324,-5.0,3.0,-88.0
1777888988.1053324,-1.0,1.0,-89.0
1777888988.1153324,1.0,2.0,-90.0
1777888988.1253324,4.0,0.0,-80.0
1777888988.1353323,4.0,2.0,-77.0
1777888988.1453323,0.0,3.0,-76.0
1777888988.1553323,0.0,1.0,-74.0
1777888988.1653323,0.0,0.0,-79.0
1777888988.1753323,-3.0,0.0,-76.0
1777888988.1853323,-1.0,2.0,-78.0
1777888988.1953323,0.0,3.0,-82.0
1777888988.2053325,-1.0,1.0,-79.0
1777888988.2153325,-4.0,0.0,-76.0
1777888988.2253325,-5.0,2.0,-76.0
1777888988.2353325,-4.0,2.0,-83.0
1777888988.2453325,-6.0,1.0,-88.0
1777888988.2553325,-9.0,0.0,-86.0
1777888988.2653325,-7.0,-2.0,-83.0
1777888988.2753325,-5.0,0.0,-82.0
1777888988.2853324,-4.0,0.0,-80.0
1777888988.2953324,-5.0,-1.0,-83.0
1777888988.3053324,-10.0,-2.0,-85.0
1777888988.3153324,-8.0,-5.0,-88.0
1777888988.3253324,-11.0,-3.0,-86.0
1777888988.3353324,-7.0,-2.0,-81.0
1777888988.3453324,-7.0,0.0,-78.0
1777888988.3553324,-11.0,0.0,-76.0
1777888988.3653324,-9.0,0.0,-76.0
1777888988.3753324,-10.0,1.0,-68.0
1777888988.3853323,-5.0,1.0,-70.0
1777888988.3953323,-4.0,0.0,-72.0
1777888988.4053323,-7.0,1.0,-77.0
1777888988.4153323,-2.0,3.0,-82.0
1777888988.4253323,-3.0,4.0,-84.0
1777888988.4363325,-2.0,7.0,-78.0
1777888988.4453323,2.0,6.0,-80.0
1777888988.4553325,0.0,0.0,-72.0
1777888988.4653325,-3.0,-3.0,-77.0
1777888988.4753325,-6.0,-2.0,-74.0
1777888988.4853325,-4.0,-3.0,-75.0
1777888988.4953325,-3.0,-3.0,-79.0
1777888988.5053325,-1.0,0.0,-81.0
1777888988.5153325,-6.0,-1.0,-84.0
1777888988.5253325,-3.0,-3.0,-81.0
1777888988.5353324,-1.0,-4.0,-78.0
1777888988.5453324,-5.0,-5.0,-75.0
1777888988.5553324,-7.0,-3.0,-80.0
1777888988.5653324,-4.0,-2.0,-76.0
1777888988.5753324,-1.0,-5.0,-81.0
1777888988.5853324,0.0,-2.0,-84.0
1777888988.5953324,1.0,0.0,-87.0
1777888988.6053324,-2.0,-2.0,-82.0
1777888988.6153324,-6.0,-3.0,-80.0
1777888988.6253324,-1.0,-2.0,-76.0
1777888988.6353323,0.0,0.0,-74.0
1777888988.6453323,0.0,-2.0,-83.0
1777888988.6553323,2.0,-6.0,-85.0
1777888988.6653323,4.0,-4.0,-76.0
1777888988.6753323,1.0,-6.0,-75.0
1777888988.6853323,1.0,-2.0,-78.0
1777888988.6953323,-1.0,0.0,-71.0
1777888988.7053325,-1.0,-1.0,-61.0
1777888988.7153325,0.0,1.0,-65.0
1777888988.7253325,-2.0,4.0,-71.0
1777888988.7353325,-2.0,0.0,-77.0
1777888988.7453325,-3.0,-2.0,-75.0
1777888988.7553325,-5.0,-5.0,-76.0
1777888988.7653325,0.0,-2.0,-72.0
1777888988.7753325,-1.0,-2.0,-70.0
1777888988.7853324,1.0,-1.0,-71.0
1777888988.7953324,5.0,-4.0,-70.0
1777888988.8053324,11.0,-1.0,-68.0
1777888988.8153324,12.0,-1.0,-68.0
1777888988.8253324,12.0,-3.0,-67.0
1777888988.8353324,11.0,-3.0,-63.0
1777888988.8453324,3.0,1.0,-65.0
1777888988.8553324,0.0,0.0,-71.0
1777888988.8653324,-2.0,-1.0,-75.0
1777888988.8753324,-5.0,-2.0,-72.0
1777888988.8853323,-6.0,-2.0,-77.0
1777888988.8953323,-4.0,0.0,-80.0
1777888988.9053323,1.0,0.0,-76.0
1777888988.9153323,0.0,1.0,-78.0
1777888988.9253323,0.0,0.0,-72.0
1777888988.9353323,0.0,4.0,-71.0
1777888988.9453323,4.0,3.0,-72.0
1777888988.9553325,6.0,0.0,-67.0
1777888988.9653325,6.0,-6.0,-72.0
1777888988.9753325,5.0,-7.0,-76.0
1777888988.9853325,5.0,-4.0,-78.0
1777888988.9953325,4.0,-4.0,-83.0
1777888989.0053325,3.0,0.0,-79.0
1777888989.0153325,3.0,1.0,-74.0
1777888989.0253325,2.0,0.0,-78.0
1777888989.0363324,5.0,3.0,-76.0
1777888989.0453324,4.0,6.0,-76.0
1777888989.0553324,0.0,3.0,-76.0
1777888989.0663323,4.0,2.0,-74.0
1777888989.0763323,8.0,2.0,-72.0
1777888989.0863323,5.0,1.0,-79.0
1777888989.0963323,8.0,0.0,-79.0
1777888989.1063323,4.0,-2.0,-82.0
1777888989.1163323,5.0,0.0,-72.0
1777888989.1263323,6.0,3.0,-65.0
1777888989.1363325,1.0,2.0,-67.0
1777888989.1463325,-2.0,3.0,-69.0
1777888989.1563325,0.0,0.0,-79.0
1777888989.1663325,-2.0,4.0,-79.0
1777888989.1763325,-7.0,2.0,-84.0
1777888989.1863325,-8.0,2.0,-81.0
1777888989.1963325,-7.0,-1.0,-78.0
1777888989.2063324,-10.0,0.0,-75.0
1777888989.2163324,-10.0,5.0,-82.0
1777888989.2263324,-9.0,1.0,-77.0
1777888989.2363324,-7.0,1.0,-72.0
1777888989.2463324,-6.0,3.0,-71.0
1777888989.2563324,-3.0,0.0,-72.0
1777888989.2663324,-8.0,0.0,-80.0
1777888989.2763324,-5.0,2.0,-83.0
1777888989.2863324,-6.0,0.0,-75.0
1777888989.2963324,-9.0,1.0,-78.0
1777888989.3063323,-13.0,0.0,-76.0
1777888989.3163323,-10.0,0.0,-72.0
1777888989.3263323,-9.0,1.0,-69.0
1777888989.3363323,-3.0,2.0,-68.0
1777888989.3463323,0.0,3.0,-70.0
1777888989.3563323,0.0,-3.0,-73.0
1777888989.3663323,-2.0,-4.0,-74.0
1777888989.3763323,0.0,-1.0,-82.0
1777888989.3863325,-2.0,-3.0,-75.0
1777888989.3963325,-6.0,-6.0,-70.0
1777888989.4063325,0.0,-7.0,-69.0
1777888989.4163325,5.0,-7.0,-67.0
1777888989.4263325,5.0,-1.0,-67.0
1777888989.4363325,8.0,-2.0,-69.0
1777888989.4463325,4.0,-3.0,-73.0
1777888989.4563324,6.0,-5.0,-67.0
1777888989.4663324,0.0,-3.0,-77.0
1777888989.4763324,-4.0,-5.0,-78.0
1777888989.4863324,-2.0,-8.0,-76.0
1777888989.4963324,-1.0,-7.0,-74.0
1777888989.5063324,0.0,-4.0,-77.0
1777888989.5163324,-1.0,-1.0,-81.0
1777888989.5263324,-7.0,-6.0,-76.0
1777888989.5363324,-5.0,-5.0,-73.0
1777888989.5463324,-1.0,-5.0,-71.0
1777888989.5563323,-3.0,-6.0,-71.0
1777888989.5663323,-3.0,-5.0,-72.0
1777888989.5763323,0.0,-9.0,-74.0
1777888989.5863323,3.0,-5.0,-81.0
1777888989.5963323,3.0,-5.0,-76.0
1777888989.6063323,6.0,-5.0,-73.0
1777888989.6163323,5.0,0.0,-82.0
1777888989.6263323,3.0,1.0,-84.0
1777888989.6363325,5.0,3.0,-84.0
1777888989.6463325,2.0,3.0,-82.0
1777888989.6563325,4.0,4.0,-83.0
1777888989.6663325,9.0,1.0,-88.0
1777888989.6763325,6.0,2.0,-88.0
1777888989.6863325,5.0,4.0,-86.0
1777888989.6963325,0.0,3.0,-83.0
1777888989.7063324,-3.0,6.0,-79.0
1777888989.7163324,-4.0,9.0,-78.0
1777888989.7263324,-5.0,10.0,-83.0
1777888989.7363324,-5.0,8.0,-89.0
1777888989.7463324,-7.0,4.0,-82.0
1777888989.7563324,-10.0,-1.0,-74.0
1777888989.7663324,-8.0,-3.0,-72.0
1777888989.7763324,-1.0,-2.0,-83.0
1777888989.7863324,0.0,0.0,-76.0
1777888989.7963324,0.0,0.0,-72.0
1777888989.8063323,0.0,4.0,-72.0
1777888989.8163323,2.0,3.0,-75.0
1777888989.8263323,3.0,3.0,-80.0
1777888989.8363323,3.0,1.0,-85.0
1777888989.8463323,2.0,0.0,-77.0
1777888989.8563323,3.0,1.0,-78.0
1777888989.8663323,3.0,1.0,-80.0
1777888989.8763323,6.0,2.0,-87.0
1777888989.8863325,10.0,0.0,-86.0
1777888989.8963325,10.0,-3.0,-81.0
1777888989.9063325,8.0,-5.0,-81.0
1777888989.9163325,3.0,0.0,-83.0
1777888989.9263325,-4.0,0.0,-81.0
1777888989.9363325,-6.0,0.0,-74.0
1777888989.9463325,-4.0,-3.0,-74.0
1777888989.9563324,-8.0,-3.0,-72.0
1777888989.9663324,-9.0,-2.0,-67.0
1777888989.9763324,-4.0,-2.0,-68.0
1777888989.9863324,-1.0,-1.0,-69.0
1777888989.9963324,-3.0,2.0,-70.0
1777888990.0063324,-1.0,-1.0,-74.0
1777888990.0163324,-4.0,-3.0,-78.0
1777888990.0263324,-4.0,-1.0,-77.0
1777888990.0363324,-2.0,0.0,-75.0
1777888990.0463324,1.0,1.0,-66.0
1777888990.0563323,0.0,3.0,-64.0
1777888990.0663323,-3.0,0.0,-69.0
1777888990.0763323,-1.0,-1.0,-72.0
1777888990.0863323,1.0,0.0,-69.0
1777888990.0963323,4.0,-1.0,-66.0
1777888990.1063323,4.0,0.0,-66.0
1777888990.1163323,1.0,0.0,-65.0
1777888990.1263323,-1.0,1.0,-70.0
1777888990.1363325,-1.0,4.0,-67.0
1777888990.1463325,0.0,0.0,-71.0
1777888990.1563325,-1.0,-3.0,-72.0
1777888990.1663325,-6.0,-5.0,-71.0
1777888990.1763325,-1.0,-4.0,-74.0
1777888990.1863325,3.0,-3.0,-78.0
1777888990.1963325,4.0,-3.0,-82.0
1777888990.2063324,3.0,-9.0,-86.0
1777888990.2163324,-1.0,-4.0,-89.0
1777888990.2263324,-6.0,1.0,-89.0
1777888990.2363324,-9.0,2.0,-83.0
1777888990.2463324,-6.0,0.0,-75.0
1777888990.2563324,0.0,1.0,-70.0
1777888990.2663324,0.0,0.0,-65.0
1777888990.2763324,0.0,-3.0,-66.0
1777888990.2863324,4.0,-6.0,-67.0
1777888990.2963324,1.0,-4.0,-71.0
1777888990.3063323,2.0,-2.0,-72.0
1777888990.3163323,2.0,-2.0,-69.0
1777888990.3263323,6.0,-2.0,-74.0
1777888990.3363323,7.0,0.0,-77.0
1777888990.3463323,5.0,-1.0,-73.0
1777888990.3563323,4.0,-3.0,-75.0
1777888990.3663323,3.0,-2.0,-67.0
1777888990.3763323,0.0,-2.0,-68.0
1777888990.3863325,2.0,-2.0,-63.0
1777888990.3963325,0.0,-2.0,-66.0
1777888990.4063325,-3.0,-4.0,-71.0
1777888990.4163325,-3.0,-4.0,-71.0
1777888990.4263325,-1.0,0.0,-72.0
1777888990.4363325,0.0,-4.0,-72.0
1777888990.4463325,3.0,-2.0,-71.0
1777888990.4563324,2.0,2.0,-78.0
1777888990.4663324,2.0,1.0,-80.0
1777888990.4763324,1.0,0.0,-82.0
1777888990.4863324,0.0,-4.0,-71.0
1777888990.4963324,0.0,-6.0,-67.0
1777888990.5063324,-2.0,-3.0,-66.0
1777888990.5163324,-2.0,-2.0,-67.0
1777888990.5263324,0.0,-3.0,-68.0
1777888990.5363324,0.0,-5.0,-72.0
1777888990.5463324,1.0,-8.0,-75.0
1777888990.5563323,1.0,-3.0,-76.0
1777888990.5663323,0.0,-1.0,-82.0
1777888990.5763323,-1.0,-1.0,-81.0
1777888990.5863323,-3.0,0.0,-78.0
1777888990.5963323,3.0,-3.0,-83.0
1777888990.6063323,0.0,-6.0,-82.0
1777888990.6163323,2.0,-2.0,-77.0
1777888990.6263323,2.0,0.0,-77.0
1777888990.6363325,0.0,-2.0,-75.0
1777888990.6463325,4.0,0.0,-80.0
1777888990.6563325,8.0,1.0,-70.0
1777888990.6663325,9.0,0.0,-57.0
1777888990.6763325,6.0,1.0,-63.0
1777888990.6863325,1.0,3.0,-69.0
1777888990.6963325,5.0,2.0,-73.0
1777888990.7063324,3.0,6.0,-75.0
1777888990.7163324,0.0,2.0,-78.0
1777888990.7263324,-3.0,0.0,-80.0
1777888990.7363324,0.0,2.0,-80.0
1777888990.7463324,-1.0,-2.0,-86.0
1777888990.7563324,-4.0,-1.0,-82.0
1777888990.7663324,-8.0,-1.0,-78.0
1777888990.7763324,-7.0,1.0,-74.0
1777888990.7863324,-8.0,3.0,-74.0
1777888990.7963324,-3.0,2.0,-70.0
1777888990.8063323,0.0,0.0,-71.0
1777888990.8163323,-2.0,-1.0,-73.0
1777888990.8263323,0.0,-3.0,-71.0
1777888990.8363323,0.0,-1.0,-78.0
1777888990.8463323,-1.0,-1.0,-80.0
1777888990.8563323,1.0,2.0,-77.0
1777888990.8663323,1.0,4.0,-80.0
1777888990.8763323,-2.0,4.0,-81.0
1777888990.8863325,-2.0,3.0,-79.0
1777888990.8963325,-6.0,-1.0,-80.0
1777888990.9063325,-8.0,-3.0,-77.0
1777888990.9163325,-9.0,-1.0,-79.0
1777888990.9263325,-8.0,0.0,-76.0
1777888990.9363325,-8.0,-2.0,-81.0
1777888990.9463325,-7.0,-2.0,-82.0
1777888990.9563324,-7.0,-5.0,-85.0
1777888990.9663324,0.0,-2.0,-82.0
1777888990.9763324,0.0,-1.0,-74.0
1777888990.9863324,-2.0,0.0,-78.0
1777888990.9963324,-4.0,-4.0,-78.0
1777888991.0063324,-3.0,-6.0,-68.0
1777888991.0163324,-1.0,-7.0,-66.0
1777888991.0273323,-2.0,-6.0,-69.0
1777888991.0363324,-5.0,-5.0,-74.0
1777888991.0473323,-7.0,-1.0,-71.0
1777888991.0573325,-3.0,2.0,-83.0
1777888991.0673325,-1.0,5.0,-81.0
1777888991.0773325,-1.0,6.0,-84.0
1777888991.0873325,-4.0,2.0,-85.0
1777888991.0973325,0.0,4.0,-81.0
1777888991.1073325,0.0,2.0,-84.0
1777888991.1173325,0.0,2.0,-81.0
1777888991.1273324,0.0,1.0,-80.0
1777888991.1373324,0.0,3.0,-80.0
1777888991.1473324,1.0,1.0,-80.0
1777888991.1573324,3.0,0.0,-73.0
1777888991.1673324,6.0,-1.0,-71.0
1777888991.1773324,4.0,0.0,-75.0
1777888991.1873324,3.0,2.0,-81.0
1777888991.1973324,3.0,1.0,-81.0
1777888991.2073324,3.0,2.0,-82.0
1777888991.2173324,0.0,-3.0,-88.0
1777888991.2273324,-3.0,0.0,-87.0
1777888991.2373323,-4.0,0.0,-83.0
1777888991.2473323,-8.0,-5.0,-83.0
1777888991.2573323,-5.0,-4.0,-83.0
1777888991.2673323,-1.0,-3.0,-78.0
1777888991.2773323,-2.0,-5.0,-83.0
1777888991.2873323,0.0,-2.0,-80.0
1777888991.2973323,1.0,-1.0,-78.0
1777888991.3073325,-1.0,-2.0,-83.0
1777888991.3173325,-2.0,-2.0,-86.0
1777888991.3273325,5.0,-6.0,-82.0
1777888991.3373325,1.0,-7.0,-73.0
1777888991.3473325,0.0,-8.0,-76.0
1777888991.3573325,-2.0,-6.0,-75.0
1777888991.3673325,-4.0,-4.0,-79.0
1777888991.3773324,-6.0,-4.0,-83.0
1777888991.3873324,-2.0,-2.0,-83.0
1777888991.3973324,0.0,-1.0,-82.0
1777888991.4073324,-4.0,0.0,-84.0
1777888991.4173324,-3.0,-1.0,-80.0
1777888991.4273324,-3.0,-3.0,-78.0
1777888991.4373324,-3.0,0.0,-78.0
1777888991.4473324,-1.0,-3.0,-78.0
1777888991.4573324,2.0,0.0,-84.0
1777888991.4673324,4.0,-1.0,-80.0
1777888991.4773324,0.0,-5.0,-78.0
1777888991.4873323,-3.0,-4.0,-77.0
1777888991.4973323,-1.0,-3.0,-80.0
1777888991.5073323,0.0,0.0,-84.0
1777888991.5173323,-5.0,1.0,-79.0
1777888991.5273323,-10.0,0.0,-80.0
1777888991.5373323,-10.0,0.0,-75.0
1777888991.5473323,-7.0,-1.0,-68.0
1777888991.5573325,-6.0,0.0,-79.0
1777888991.5673325,-4.0,1.0,-79.0
1777888991.5773325,0.0,3.0,-80.0
1777888991.5873325,0.0,0.0,-75.0
1777888991.5973325,-4.0,-1.0,-81.0
1777888991.6073325,0.0,0.0,-77.0
1777888991.6173325,0.0,1.0,-82.0
1777888991.6273324,0.0,-1.0,-74.0
1777888991.6373324,0.0,-2.0,-79.0
1777888991.6473324,1.0,-4.0,-78.0
1777888991.6573324,1.0,-5.0,-79.0
1777888991.6673324,4.0,-1.0,-79.0
1777888991.6773324,4.0,-1.0,-76.0
1777888991.6873324,4.0,-2.0,-75.0
1777888991.6973324,2.0,0.0,-76.0
1777888991.7073324,0.0,3.0,-79.0
1777888991.7173324,-1.0,2.0,-74.0
1777888991.7273324,-2.0,0.0,-71.0
1777888991.7373323,-2.0,1.0,-71.0
1777888991.7473323,0.0,4.0,-76.0
1777888991.7573323,-1.0,9.0,-73.0
1777888991.7673323,1.0,13.0,-75.0
1777888991.7773323,3.0,14.0,-82.0
1777888991.7873323,0.0,10.0,-81.0
1777888991.7973323,-2.0,8.0,-81.0
1777888991.8073325,-1.0,4.0,-86.0
1777888991.8173325,-2.0,3.0,-87.0
1777888991.8273325,0.0,5.0,-79.0
1777888991.8373325,2.0,5.0,-86.0
1777888991.8473325,5.0,2.0,-91.0
1777888991.8573325,8.0,-2.0,-90.0
1777888991.8673325,9.0,-2.0,-84.0
1777888991.8773324,7.0,1.0,-80.0
1777888991.8873324,4.0,5.0,-78.0
1777888991.8973324,5.0,4.0,-69.0
1777888991.9073324,6.0,7.0,-66.0
1777888991.9173324,2.0,5.0,-71.0
1777888991.9273324,2.0,6.0,-73.0
1777888991.9373324,-2.0,6.0,-72.0
1777888991.9473324,0.0,7.0,-74.0
1777888991.9573324,-1.0,-1.0,-74.0
1777888991.9673324,2.0,0.0,-76.0
1777888991.9773324,0.0,-1.0,-81.0
1777888991.9873323,-4.0,-3.0,-83.0
1777888991.9973323,-4.0,0.0,-86.0
1777888992.0073323,3.0,2.0,-84.0
1777888992.0173323,7.0,8.0,-78.0
1777888992.0273323,3.0,9.0,-75.0
1777888992.0373323,2.0,7.0,-77.0
1777888992.0473323,0.0,3.0,-83.0
1777888992.0573325,-5.0,4.0,-77.0
1777888992.0673325,-7.0,0.0,-76.0
1777888992.0773325,-5.0,-2.0,-83.0
1777888992.0873325,-7.0,3.0,-83.0
1777888992.0973325,-8.0,0.0,-79.0
1777888992.1073325,-6.0,-2.0,-83.0
1777888992.1173325,-6.0,-2.0,-87.0
1777888992.1273324,-6.0,2.0,-83.0
1777888992.1373324,-6.0,5.0,-85.0
1777888992.1473324,-5.0,1.0,-81.0
1777888992.1573324,0.0,-3.0,-82.0
1777888992.1673324,0.0,-2.0,-81.0
1777888992.1773324,0.0,-5.0,-81.0
1777888992.1873324,0.0,-9.0,-80.0
1777888992.1973324,0.0,-13.0,-79.0
1777888992.2073324,1.0,-10.0,-76.0
1777888992.2173324,0.0,-7.0,-74.0
1777888992.2273324,3.0,-7.0,-69.0
1777888992.2373323,3.0,-6.0,-79.0
1777888992.2473323,0.0,-4.0,-85.0
1777888992.2573323,-3.0,-2.0,-89.0
1777888992.2673323,0.0,0.0,-78.0
1777888992.2773323,0.0,-5.0,-72.0
1777888992.2873323,0.0,-7.0,-74.0
1777888992.2973323,2.0,-3.0,-71.0
1777888992.3073325,0.0,0.0,-67.0
1777888992.3173325,2.0,0.0,-69.0
1777888992.3273325,1.0,2.0,-70.0
1777888992.3373325,5.0,-1.0,-73.0
1777888992.3473325,1.0,-1.0,-70.0
1777888992.3573325,1.0,-2.0,-67.0
1777888992.3673325,0.0,0.0,-66.0
1777888992.3773324,-3.0,4.0,-70.0
1777888992.3873324,1.0,2.0,-73.0
1777888992.3973324,4.0,1.0,-76.0
1777888992.4073324,6.0,2.0,-81.0
1777888992.4173324,3.0,4.0,-83.0
1777888992.4273324,1.0,5.0,-78.0
1777888992.4373324,4.0,2.0,-76.0
1777888992.4473324,5.0,1.0,-75.0
1777888992.4573324,1.0,-2.0,-76.0
1777888992.4673324,0.0,-5.0,-72.0
1777888992.4773324,0.0,-4.0,-71.0
1777888992.4873323,5.0,-4.0,-74.0
1777888992.4973323,5.0,-5.0,-74.0
1777888992.5073323,6.0,-1.0,-71.0
1777888992.5173323,4.0,1.0,-70.0
1777888992.5273323,4.0,2.0,-72.0
1777888992.5373323,6.0,0.0,-70.0
1777888992.5473323,8.0,-6.0,-71.0
1777888992.5573325,8.0,-9.0,-68.0
1777888992.5673325,4.0,-7.0,-70.0
1777888992.5773325,2.0,-9.0,-72.0
1777888992.5873325,0.0,-9.0,-76.0
1777888992.5973325,-2.0,-12.0,-70.0
1777888992.6073325,0.0,-5.0,-72.0
1777888992.6173325,0.0,-5.0,-74.0
1777888992.6273324,-1.0,-9.0,-70.0
1777888992.6373324,0.0,-6.0,-72.0
1777888992.6473324,0.0,-10.0,-71.0
1777888992.6573324,-1.0,-9.0,-65.0
1777888992.6673324,0.0,-5.0,-73.0
1777888992.6773324,-5.0,-8.0,-66.0
1777888992.6873324,-4.0,-8.0,-60.0
1777888992.6973324,-2.0,-8.0,-64.0
1777888992.7073324,-1.0,-7.0,-68.0
1777888992.7173324,-2.0,-4.0,-72.0
1777888992.7273324,3.0,-2.0,-66.0
1777888992.7373323,3.0,-1.0,-64.0
1777888992.7473323,5.0,-1.0,-61.0
1777888992.7573323,8.0,1.0,-56.0
1777888992.7673323,3.0,1.0,-69.0
1777888992.7773323,5.0,3.0,-70.0
1777888992.7873323,1.0,1.0,-72.0
1777888992.7973323,-2.0,3.0,-76.0
1777888992.8073325,0.0,4.0,-68.0
1777888992.8173325,0.0,-1.0,-65.0
1777888992.8273325,-2.0,-3.0,-68.0
1777888992.8373325,-3.0,-3.0,-78.0
1777888992.8473325,-1.0,0.0,-88.0
1777888992.8573325,0.0,-5.0,-88.0
1777888992.8673325,2.0,-7.0,-86.0
1777888992.8773324,4.0,-12.0,-79.0
1777888992.8873324,0.0,-13.0,-77.0
1777888992.8973324,0.0,-11.0,-74.0
1777888992.9073324,0.0,-10.0,-72.0
1777888992.9173324,1.0,-8.0,-73.0
1777888992.9273324,-2.0,-7.0,-74.0
1777888992.9373324,-1.0,-4.0,-66.0
1777888992.9473324,5.0,-2.0,-64.0
1777888992.9573324,8.0,-7.0,-66.0
1777888992.9673324,7.0,-5.0,-68.0
1777888992.9773324,6.0,0.0,-70.0
1777888992.9873323,7.0,-6.0,-74.0
1777888992.9973323,2.0,-9.0,-77.0
1777888993.0073323,2.0,-12.0,-77.0
1777888993.0173323,6.0,-8.0,-76.0
1777888993.0283325,7.0,-8.0,-79.0
1777888993.0383325,8.0,-7.0,-77.0
1777888993.0483325,8.0,-3.0,-81.0
1777888993.0583324,7.0,-3.0,-74.0
1777888993.0683324,4.0,-4.0,-78.0
1777888993.0783324,2.0,-5.0,-75.0
1777888993.0883324,2.0,-5.0,-72.0
1777888993.0983324,0.0,-5.0,-80.0
1777888993.1083324,1.0,-3.0,-80.0
1777888993.1183324,5.0,-6.0,-71.0
1777888993.1283324,3.0,-4.0,-73.0
1777888993.1383324,2.0,-3.0,-72.0
1777888993.1483324,-7.0,0.0,-77.0
1777888993.1583323,-5.0,3.0,-83.0
1777888993.1683323,-6.0,4.0,-86.0
1777888993.1783323,-4.0,1.0,-81.0
1777888993.1883323,-5.0,3.0,-76.0
1777888993.1983323,-2.0,1.0,-74.0
1777888993.2083323,1.0,-2.0,-74.0
1777888993.2183323,6.0,3.0,-74.0
1777888993.2283323,6.0,7.0,-74.0
1777888993.2383325,6.0,6.0,-73.0
1777888993.2483325,2.0,4.0,-73.0
1777888993.2583325,1.0,3.0,-77.0
1777888993.2683325,-4.0,1.0,-82.0
1777888993.2783325,-6.0,5.0,-78.0
1777888993.2883325,-3.0,4.0,-75.0
1777888993.2983325,-2.0,3.0,-73.0
1777888993.3083324,-4.0,6.0,-69.0
1777888993.3183324,0.0,5.0,-68.0
1777888993.3283324,-2.0,3.0,-76.0
1777888993.3383324,-5.0,3.0,-81.0
1777888993.3483324,-6.0,3.0,-79.0
1777888993.3583324,-7.0,5.0,-79.0
1777888993.3683324,-6.0,4.0,-81.0
1777888993.3783324,-7.0,3.0,-83.0
1777888993.3883324,-4.0,0.0,-77.0
1777888993.3983324,-3.0,1.0,-80.0
1777888993.4083323,0.0,3.0,-80.0
1777888993.4183323,3.0,2.0,-85.0
1777888993.4283323,0.0,0.0,-81.0
1777888993.4383323,-1.0,-4.0,-79.0
1777888993.4483323,1.0,2.0,-85.0
1777888993.4583323,3.0,6.0,-80.0
1777888993.4683323,0.0,3.0,-82.0
1777888993.4783323,-5.0,3.0,-86.0
1777888993.4883325,-5.0,8.0,-92.0
1777888993.4983325,-8.0,6.0,-83.0
1777888993.5083325,-5.0,1.0,-81.0
1777888993.5183325,-4.0,1.0,-80.0
1777888993.5283325,-1.0,0.0,-75.0
1777888993.5383325,0.0,0.0,-76.0
1777888993.5483325,-1.0,0.0,-71.0
1777888993.5583324,-1.0,2.0,-65.0
1777888993.5683324,-3.0,2.0,-64.0
1777888993.5783324,1.0,3.0,-70.0
1777888993.5883324,3.0,2.0,-62.0
1777888993.5983324,-2.0,0.0,-59.0
1777888993.6083324,-1.0,-3.0,-67.0
1777888993.6183324,-4.0,-5.0,-70.0
1777888993.6283324,-1.0,-3.0,-72.0
1777888993.6383324,-2.0,0.0,-79.0
1777888993.6483324,-2.0,2.0,-78.0
1777888993.6583323,0.0,5.0,-77.0
1777888993.6683323,1.0,4.0,-73.0
1777888993.6783323,1.0,3.0,-77.0
1777888993.6883323,-1.0,-1.0,-76.0
1777888993.6983323,0.0,0.0,-79.0
1777888993.7083323,0.0,1.0,-80.0
1777888993.7183323,-3.0,-3.0,-82.0
1777888993.7283323,-8.0,-8.0,-89.0
1777888993.7383325,-3.0,-7.0,-93.0
1777888993.7483325,2.0,-6.0,-93.0
1777888993.7583325,1.0,-3.0,-90.0
1777888993.7683325,2.0,-1.0,-92.0
1777888993.7783325,3.0,-2.0,-93.0
1777888993.7883325,6.0,-1.0,-90.0
1777888993.7983325,6.0,-5.0,-94.0
1777888993.8083324,4.0,-1.0,-90.0
1777888993.8183324,0.0,0.0,-88.0
1777888993.8283324,2.0,1.0,-84.0
1777888993.8383324,3.0,1.0,-79.0
1777888993.8483324,1.0,-4.0,-81.0
1777888993.8583324,4.0,-5.0,-83.0
1777888993.8683324,5.0,-3.0,-81.0
1777888993.8783324,4.0,-4.0,-78.0
1777888993.8883324,0.0,-4.0,-76.0
1777888993.8983324,0.0,-3.0,-73.0
1777888993.9083323,0.0,-2.0,-78.0
1777888993.9183323,0.0,0.0,-77.0
1777888993.9283323,-4.0,0.0,-81.0
1777888993.9383323,-5.0,3.0,-80.0
1777888993.9483323,-3.0,3.0,-73.0
1777888993.9583323,0.0,0.0,-70.0
1777888993.9683323,-2.0,0.0,-69.0
1777888993.9783323,-1.0,-1.0,-68.0
1777888993.9883325,-3.0,1.0,-74.0
1777888993.9983325,-2.0,0.0,-73.0
1777888994.0083325,2.0,0.0,-70.0
1777888994.0183325,7.0,-2.0,-74.0
1777888994.0283325,6.0,-5.0,-82.0
1777888994.0383325,4.0,-5.0,-81.0
1777888994.0483325,5.0,-4.0,-72.0
1777888994.0583324,6.0,-7.0,-67.0
1777888994.0683324,6.0,-8.0,-64.0
1777888994.0783324,5.0,-4.0,-65.0
1777888994.0883324,6.0,1.0,-68.0
1777888994.0983324,5.0,-3.0,-74.0
1777888994.1083324,2.0,-3.0,-76.0
1777888994.1183324,7.0,-3.0,-72.0
1777888994.1283324,8.0,1.0,-69.0
1777888994.1383324,5.0,4.0,-72.0
1777888994.1483324,9.0,2.0,-77.0
1777888994.1583323,11.0,0.0,-77.0
1777888994.1683323,8.0,-5.0,-78.0
1777888994.1783323,4.0,-7.0,-83.0
1777888994.1883323,6.0,-6.0,-79.0
1777888994.1983323,4.0,-4.0,-74.0
1777888994.2083323,3.0,0.0,-73.0
1777888994.2183323,2.0,-4.0,-74.0
1777888994.2283323,-2.0,-6.0,-76.0
1777888994.2383325,-3.0,-3.0,-73.0
1777888994.2483325,-5.0,-6.0,-71.0
1777888994.2583325,-2.0,0.0,-69.0
1777888994.2683325,0.0,-2.0,-70.0
1777888994.2783325,1.0,-6.0,-76.0
1777888994.2883325,0.0,-5.0,-80.0
1777888994.2983325,-3.0,-6.0,-83.0
1777888994.3083324,-3.0,-7.0,-76.0
1777888994.3183324,-8.0,-10.0,-74.0
1777888994.3283324,-3.0,-8.0,-78.0
1777888994.3383324,-3.0,-6.0,-79.0
1777888994.3483324,1.0,-3.0,-74.0
1777888994.3583324,-1.0,0.0,-71.0
1777888994.3683324,2.0,-3.0,-73.0
1777888994.3783324,2.0,-2.0,-74.0
1777888994.3883324,2.0,-8.0,-76.0
1777888994.3983324,7.0,-10.0,-83.0
1777888994.4083323,6.0,-6.0,-86.0
1777888994.4183323,1.0,-8.0,-75.0
1777888994.4283323,2.0,-8.0,-73.0
1777888994.4383323,6.0,-5.0,-72.0
1777888994.4483323,5.0,-4.0,-72.0
1777888994.4583323,6.0,-5.0,-69.0
1777888994.4683323,8.0,-9.0,-69.0
1777888994.4783323,12.0,-11.0,-73.0
1777888994.4883325,10.0,-10.0,-78.0
1777888994.4983325,10.0,-9.0,-75.0
1777888994.5083325,8.0,-6.0,-75.0
1777888994.5183325,4.0,-4.0,-80.0
1777888994.5283325,2.0,-3.0,-78.0
1777888994.5383325,1.0,1.0,-74.0
1777888994.5483325,3.0,1.0,-81.0
1777888994.5583324,5.0,0.0,-80.0
1777888994.5683324,3.0,-5.0,-77.0
1777888994.5783324,1.0,-8.0,-77.0
1777888994.5883324,3.0,-7.0,-70.0
1777888994.5983324,4.0,-8.0,-64.0
1777888994.6083324,1.0,-6.0,-68.0
1777888994.6183324,3.0,-6.0,-72.0
1777888994.6283324,2.0,0.0,-71.0
1777888994.6383324,4.0,0.0,-72.0
1777888994.6483324,5.0,0.0,-75.0
1777888994.6583323,3.0,1.0,-77.0
1777888994.6683323,1.0,-3.0,-72.0
1777888994.6783323,-5.0,0.0,-69.0
1777888994.6883323,-5.0,-3.0,-75.0
1777888994.6983323,-4.0,0.0,-78.0
1777888994.7083323,-1.0,2.0,-79.0
1777888994.7183323,3.0,0.0,-79.0
1777888994.7283323,4.0,0.0,-73.0
1777888994.7383325,1.0,-2.0,-75.0
1777888994.7483325,4.0,0.0,-79.0
1777888994.7583325,5.0,1.0,-77.0
1777888994.7683325,11.0,1.0,-76.0
1777888994.7783325,10.0,1.0,-69.0
1777888994.7883325,9.0,-2.0,-64.0
1777888994.7983325,11.0,0.0,-62.0
1777888994.8083324,6.0,-2.0,-66.0
1777888994.8183324,6.0,-6.0,-68.0
1777888994.8283324,2.0,-3.0,-71.0
1777888994.8383324,4.0,-6.0,-71.0
1777888994.8483324,2.0,-1.0,-75.0
1777888994.8583324,1.0,-1.0,-74.0
1777888994.8683324,2.0,-2.0,-75.0
1777888994.8783324,-1.0,-6.0,-78.0
1777888994.8883324,0.0,-7.0,-78.0
1777888994.8983324,0.0,-6.0,-79.0
1777888994.9083323,-3.0,-5.0,-77.0
1777888994.9183323,-3.0,-2.0,-75.0
1777888994.9283323,-5.0,2.0,-68.0
1777888994.9383323,-1.0,2.0,-76.0
1777888994.9483323,4.0,0.0,-80.0
1777888994.9583323,6.0,0.0,-80.0
1777888994.9683323,7.0,0.0,-79.0
1777888994.9783323,5.0,-2.0,-77.0
1777888994.9893324,1.0,-2.0,-72.0
1777888994.9993324,-3.0,-7.0,-67.0
1777888995.0093324,-6.0,-4.0,-76.0
1777888995.0193324,-6.0,-2.0,-74.0
1777888995.0293324,-7.0,1.0,-74.0
1777888995.0393324,-9.0,1.0,-79.0
1777888995.0493324,-10.0,1.0,-81.0
1777888995.0593324,-8.0,-3.0,-84.0
1777888995.0693324,-1.0,-6.0,-86.0
1777888995.0793324,0.0,0.0,-83.0
1777888995.0893323,3.0,-3.0,-85.0
1777888995.0993323,0.0,0.0,-80.0
1777888995.1093323,0.0,-3.0,-80.0
1777888995.1193323,0.0,-5.0,-79.0
1777888995.1293323,0.0,-4.0,-76.0
1777888995.1393323,0.0,-2.0,-71.0
1777888995.1493323,2.0,2.0,-71.0
1777888995.1593325,2.0,2.0,-74.0
1777888995.1693325,0.0,2.0,-75.0
1777888995.1793325,2.0,1.0,-75.0
1777888995.1893325,0.0,0.0,-73.0
1777888995.1993325,0.0,1.0,-70.0
1777888995.2093325,-1.0,4.0,-74.0
1777888995.2193325,-1.0,4.0,-78.0
1777888995.2293324,-1.0,4.0,-86.0
1777888995.2393324,0.0,6.0,-82.0
1777888995.2493324,-4.0,3.0,-81.0
1777888995.2593324,-5.0,5.0,-79.0
1777888995.2693324,-6.0,3.0,-73.0
1777888995.2793324,-5.0,6.0,-72.0
1777888995.2893324,1.0,6.0,-76.0
1777888995.2993324,6.0,5.0,-75.0
1777888995.3093324,6.0,4.0,-68.0
1777888995.3193324,4.0,2.0,-72.0
1777888995.3293324,2.0,0.0,-68.0
1777888995.3393323,0.0,0.0,-64.0
1777888995.3493323,0.0,-1.0,-71.0
1777888995.3593323,0.0,-1.0,-62.0
1777888995.3693323,2.0,0.0,-53.0
1777888995.3793323,0.0,-3.0,-56.0
1777888995.3893323,0.0,1.0,-65.0
1777888995.3993323,3.0,0.0,-68.0
1777888995.4093325,5.0,-3.0,-73.0
1777888995.4193325,5.0,0.0,-74.0
1777888995.4293325,7.0,2.0,-80.0
1777888995.4393325,5.0,5.0,-86.0
1777888995.4493325,4.0,5.0,-82.0
1777888995.4593325,4.0,5.0,-81.0
1777888995.4693325,3.0,1.0,-76.0
1777888995.4793324,0.0,3.0,-78.0
1777888995.4893324,0.0,1.0,-77.0
1777888995.4993324,-4.0,-1.0,-73.0
1777888995.5093324,-3.0,0.0,-73.0
1777888995.5193324,-4.0,0.0,-69.0
1777888995.5293324,-4.0,0.0,-67.0
1777888995.5393324,-9.0,4.0,-66.0
1777888995.5493324,-11.0,5.0,-67.0
1777888995.5593324,-5.0,4.0,-74.0
1777888995.5693324,3.0,3.0,-76.0
1777888995.5793324,4.0,2.0,-76.0
1777888995.5893323,1.0,-2.0,-72.0
1777888995.5993323,0.0,-3.0,-75.0
1777888995.6093323,0.0,-1.0,-81.0
1777888995.6193323,1.0,-2.0,-78.0
1777888995.6293323,-1.0,-2.0,-81.0
1777888995.6393323,0.0,-3.0,-84.0
1777888995.6493323,3.0,-3.0,-79.0
1777888995.6593325,3.0,-2.0,-72.0
1777888995.6693325,-2.0,-3.0,-69.0
1777888995.6793325,-8.0,-4.0,-70.0
1777888995.6893325,-9.0,-7.0,-72.0
1777888995.6993325,-8.0,-5.0,-77.0
1777888995.7093325,-7.0,-4.0,-73.0
1777888995.7193325,-5.0,-4.0,-72.0
1777888995.7293324,-6.0,1.0,-70.0
1777888995.7393324,-2.0,3.0,-70.0
1777888995.7493324,-1.0,2.0,-66.0
1777888995.7593324,0.0,0.0,-67.0
1777888995.7693324,2.0,3.0,-70.0
1777888995.7793324,0.0,2.0,-77.0
1777888995.7893324,1.0,1.0,-76.0
1777888995.7993324,5.0,0.0,-71.0
1777888995.8093324,2.0,0.0,-68.0
1777888995.8193324,2.0,6.0,-75.0
1777888995.8293324,3.0,7.0,-78.0
1777888995.8393323,1.0,3.0,-82.0
1777888995.8493323,-2.0,0.0,-81.0
1777888995.8593323,-5.0,-3.0,-74.0
1777888995.8693323,-1.0,-3.0,-75.0
1777888995.8793323,-1.0,-3.0,-76.0
1777888995.8893323,-4.0,0.0,-79.0
1777888995.8993323,-3.0,0.0,-80.0
1777888995.9093325,0.0,2.0,-78.0
1777888995.9193325,3.0,0.0,-69.0
1777888995.9293325,6.0,-2.0,-70.0
1777888995.9393325,0.0,2.0,-79.0
1777888995.9493325,0.0,2.0,-77.0
1777888995.9593325,0.0,4.0,-77.0
1777888995.9693325,2.0,1.0,-82.0
1777888995.9793324,0.0,0.0,-85.0
1777888995.9893324,3.0,2.0,-89.0
1777888995.9993324,3.0,3.0,-88.0
1777888996.0093324,3.0,4.0,-95.0
1777888996.0193324,-3.0,1.0,-95.0
1777888996.0293324,0.0,0.0,-90.0
1777888996.0393324,0.0,-3.0,-83.0
1777888996.0493324,1.0,-3.0,-79.0
1777888996.0593324,3.0,0.0,-81.0
1777888996.0693324,5.0,-1.0,-74.0
1777888996.0793324,7.0,0.0,-71.0
1777888996.0893323,7.0,1.0,-72.0
1777888996.0993323,6.0,-1.0,-71.0
1777888996.1093323,5.0,-1.0,-73.0
1777888996.1193323,1.0,0.0,-76.0
1777888996.1293323,1.0,-1.0,-74.0
1777888996.1393323,-5.0,-1.0,-74.0
1777888996.1493323,-5.0,2.0,-76.0
1777888996.1593325,-2.0,2.0,-79.0
1777888996.1693325,1.0,2.0,-82.0
1777888996.1793325,3.0,-2.0,-75.0
1777888996.1893325,7.0,-1.0,-71.0
1777888996.1993325,4.0,2.0,-74.0
1777888996.2093325,0.0,4.0,-80.0
1777888996.2193325,-2.0,0.0,-91.0
1777888996.2293324,0.0,-5.0,-94.0
1777888996.2393324,1.0,-5.0,-92.0
1777888996.2493324,-3.0,-1.0,-85.0
1777888996.2593324,-1.0,0.0,-86.0
1777888996.2693324,-2.0,0.0,-82.0
1777888996.2793324,-6.0,0.0,-79.0
1777888996.2893324,-6.0,-1.0,-83.0
1777888996.2993324,1.0,-2.0,-85.0
1777888996.3093324,4.0,-3.0,-81.0
1777888996.3193324,3.0,-7.0,-80.0
1777888996.3293324,1.0,-6.0,-78.0
1777888996.3393323,5.0,-4.0,-84.0
1777888996.3493323,7.0,-3.0,-84.0
1777888996.3593323,4.0,-4.0,-85.0
1777888996.3693323,4.0,-3.0,-84.0
1777888996.3793323,5.0,-6.0,-83.0
1777888996.3893323,3.0,-6.0,-92.0
1777888996.3993323,3.0,-9.0,-84.0
1777888996.4093325,4.0,-9.0,-82.0
1777888996.4193325,6.0,-4.0,-83.0
1777888996.4293325,5.0,2.0,-83.0
1777888996.4393325,4.0,3.0,-82.0
1777888996.4493325,6.0,3.0,-92.0
1777888996.4593325,3.0,5.0,-88.0
1777888996.4693325,-5.0,5.0,-89.0
1777888996.4793324,-5.0,1.0,-89.0
1777888996.4893324,-3.0,0.0,-85.0
1777888996.4993324,-5.0,0.0,-90.0
1777888996.5093324,-2.0,0.0,-82.0
1777888996.5193324,-3.0,2.0,-78.0
1777888996.5293324,-1.0,2.0,-78.0
1777888996.5393324,4.0,5.0,-79.0
1777888996.5493324,4.0,4.0,-78.0
1777888996.5593324,5.0,3.0,-83.0
1777888996.5693324,11.0,0.0,-82.0
1777888996.5793324,11.0,0.0,-81.0
1777888996.5893323,11.0,-4.0,-82.0
1777888996.5993323,7.0,-5.0,-74.0
1777888996.6093323,7.0,-4.0,-76.0
1777888996.6193323,6.0,-4.0,-76.0
1777888996.6293323,7.0,-3.0,-74.0
1777888996.6393323,7.0,-1.0,-69.0
1777888996.6493323,5.0,0.0,-68.0
1777888996.6593325,8.0,1.0,-68.0
1777888996.6693325,9.0,5.0,-75.0
1777888996.6793325,11.0,8.0,-76.0
1777888996.6893325,10.0,7.0,-77.0
1777888996.6993325,8.0,3.0,-82.0
1777888996.7093325,10.0,1.0,-83.0
1777888996.7193325,7.0,0.0,-84.0
1777888996.7293324,3.0,-1.0,-83.0
1777888996.7393324,1.0,2.0,-83.0
1777888996.7493324,2.0,0.0,-86.0
1777888996.7593324,0.0,0.0,-82.0
1777888996.7693324,-2.0,0.0,-84.0
1777888996.7793324,-4.0,-3.0,-82.0
1777888996.7893324,-2.0,-3.0,-84.0
1777888996.7993324,-9.0,-2.0,-87.0
1777888996.8093324,-8.0,-4.0,-89.0
1777888996.8193324,-7.0,-4.0,-84.0
1777888996.8293324,-3.0,-3.0,-80.0
1777888996.8393323,0.0,1.0,-76.0
1777888996.8493323,3.0,0.0,-76.0
1777888996.8593323,4.0,0.0,-69.0
1777888996.8693323,0.0,-3.0,-66.0
1777888996.8793323,0.0,0.0,-68.0
1777888996.8893323,0.0,-1.0,-73.0
1777888996.8993323,3.0,1.0,-72.0
1777888996.9093325,5.0,2.0,-69.0
1777888996.9193325,1.0,0.0,-78.0
1777888996.9293325,0.0,-2.0,-78.0
1777888996.9393325,3.0,-3.0,-81.0
1777888996.9493325,-1.0,-7.0,-86.0
1777888996.9593325,0.0,-6.0,-85.0
1777888996.9703324,0.0,-8.0,-84.0
1777888996.9793324,5.0,-7.0,-81.0
1777888996.9893324,4.0,-6.0,-80.0
1777888997.0003324,4.0,-5.0,-74.0
1777888997.0103323,1.0,-6.0,-72.0
1777888997.0203323,4.0,-4.0,-75.0
1777888997.0303323,4.0,-6.0,-77.0
1777888997.0403323,1.0,-3.0,-76.0
1777888997.0503323,1.0,-3.0,-74.0
1777888997.0603323,2.0,-1.0,-79.0
1777888997.0703323,2.0,-2.0,-75.0
1777888997.0803325,1.0,-1.0,-75.0
1777888997.0903325,5.0,-3.0,-74.0
1777888997.1003325,5.0,-6.0,-79.0
1777888997.1103325,2.0,-7.0,-76.0
1777888997.1203325,3.0,-3.0,-72.0
1777888997.1303325,3.0,-3.0,-75.0
1777888997.1403325,5.0,-4.0,-77.0
1777888997.1503325,2.0,-7.0,-79.0
1777888997.1603324,5.0,-6.0,-77.0
1777888997.1703324,6.0,-7.0,-78.0
1777888997.1803324,5.0,-3.0,-74.0
1777888997.1903324,0.0,0.0,-72.0
1777888997.2003324,-1.0,2.0,-77.0
1777888997.2103324,-1.0,2.0,-76.0
1777888997.2203324,0.0,4.0,-79.0
1777888997.2303324,2.0,7.0,-86.0
1777888997.2403324,3.0,10.0,-84.0
1777888997.2503324,6.0,8.0,-86.0
1777888997.2603323,6.0,5.0,-80.0
1777888997.2703323,8.0,6.0,-76.0
1777888997.2803323,9.0,3.0,-82.0
1777888997.2903323,8.0,2.0,-80.0
1777888997.3003323,3.0,5.0,-75.0
1777888997.3103323,0.0,3.0,-77.0
1777888997.3203323,0.0,1.0,-73.0
1777888997.3303325,0.0,1.0,-71.0
1777888997.3403325,2.0,0.0,-73.0
1777888997.3503325,1.0,-1.0,-70.0
1777888997.3603325,0.0,-1.0,-72.0
1777888997.3703325,0.0,-3.0,-74.0
1777888997.3803325,-2.0,-5.0,-71.0
1777888997.3903325,0.0,-7.0,-66.0
1777888997.4003325,3.0,-4.0,-70.0
1777888997.4103324,0.0,-5.0,-65.0
1777888997.4203324,0.0,-5.0,-64.0
1777888997.4303324,0.0,-2.0,-61.0
1777888997.4403324,2.0,-4.0,-65.0
1777888997.4503324,2.0,-1.0,-72.0
1777888997.4603324,1.0,0.0,-71.0
1777888997.4703324,1.0,4.0,-77.0
1777888997.4803324,4.0,3.0,-82.0
1777888997.4903324,5.0,4.0,-89.0
1777888997.5003324,5.0,4.0,-87.0
1777888997.5103323,3.0,1.0,-85.0
1777888997.5203323,1.0,0.0,-85.0
1777888997.5303323,-1.0,0.0,-79.0
1777888997.5403323,-2.0,2.0,-77.0
1777888997.5503323,-1.0,0.0,-75.0
1777888997.5603323,2.0,0.0,-79.0
1777888997.5703323,5.0,-1.0,-76.0
1777888997.5803325,5.0,-1.0,-69.0
1777888997.5903325,10.0,1.0,-64.0
1777888997.6003325,10.0,0.0,-71.0
1777888997.6103325,4.0,1.0,-70.0
1777888997.6203325,4.0,1.0,-70.0
1777888997.6303325,3.0,0.0,-69.0
1777888997.6403325,0.0,1.0,-70.0
1777888997.6503325,0.0,4.0,-65.0
1777888997.6603324,2.0,5.0,-66.0
1777888997.6703324,4.0,4.0,-69.0
1777888997.6803324,5.0,2.0,-71.0
1777888997.6903324,7.0,0.0,-77.0
1777888997.7003324,7.0,0.0,-80.0
1777888997.7103324,6.0,-2.0,-80.0
1777888997.7203324,0.0,0.0,-80.0
1777888997.7303324,-2.0,-2.0,-78.0
1777888997.7403324,0.0,-1.0,-83.0
1777888997.7503324,2.0,0.0,-82.0
1777888997.7603323,4.0,0.0,-82.0
1777888997.7703323,9.0,0.0,-82.0
1777888997.7803323,8.0,2.0,-85.0
1777888997.7903323,6.0,3.0,-87.0
1777888997.8003323,3.0,0.0,-80.0
1777888997.8103323,-1.0,0.0,-77.0
1777888997.8203323,-1.0,-3.0,-71.0
1777888997.8303325,0.0,-8.0,-67.0
1777888997.8403325,0.0,-8.0,-73.0
1777888997.8503325,0.0,-10.0,-75.0
1777888997.8603325,2.0,-11.0,-72.0
1777888997.8703325,0.0,-10.0,-68.0
1777888997.8803325,-2.0,-10.0,-71.0
1777888997.8903325,-1.0,-5.0,-79.0
1777888997.9003325,0.0,-1.0,-81.0
1777888997.9103324,-4.0,-1.0,-82.0
1777888997.9203324,1.0,-4.0,-78.0
1777888997.9303324,0.0,-5.0,-79.0
1777888997.9403324,-1.0,-6.0,-79.0
1777888997.9503324,-2.0,-3.0,-80.0
1777888997.9603324,-2.0,-2.0,-74.0
1777888997.9703324,2.0,-3.0,-80.0
1777888997.9803324,5.0,-3.0,-78.0
1777888997.9903324,2.0,-1.0,-79.0
1777888998.0003324,-3.0,0.0,-81.0
1777888998.0103323,0.0,1.0,-77.0
1777888998.0203323,2.0,0.0,-70.0
1777888998.0303323,4.0,0.0,-71.0
1777888998.0403323,1.0,-2.0,-77.0
1777888998.0503323,0.0,-4.0,-76.0
1777888998.0603323,-2.0,-4.0,-76.0
1777888998.0703323,-5.0,-6.0,-76.0
1777888998.0803325,-5.0,-7.0,-75.0
1777888998.0903325,-12.0,-6.0,-80.0
1777888998.1003325,-9.0,-3.0,-75.0
1777888998.1103325,-7.0,-2.0,-76.0
1777888998.1203325,-4.0,-3.0,-79.0
1777888998.1303325,-1.0,2.0,-80.0
1777888998.1403325,-5.0,5.0,-74.0
1777888998.1503325,-10.0,7.0,-70.0
1777888998.1603324,-8.0,4.0,-71.0
1777888998.1703324,0.0,4.0,-74.0
1777888998.1803324,0.0,3.0,-75.0
1777888998.1903324,3.0,0.0,-68.0
1777888998.2003324,6.0,0.0,-68.0
1777888998.2103324,0.0,-1.0,-69.0
1777888998.2203324,0.0,-8.0,-73.0
1777888998.2303324,2.0,-4.0,-75.0
1777888998.2403324,0.0,-4.0,-79.0
1777888998.2503324,0.0,-1.0,-78.0
1777888998.2603323,0.0,-1.0,-79.0
1777888998.2703323,0.0,-1.0,-75.0
1777888998.2803323,-4.0,-1.0,-71.0
1777888998.2903323,0.0,-2.0,-64.0
1777888998.3003323,1.0,-4.0,-66.0
1777888998.3103323,2.0,-1.0,-70.0
1777888998.3203323,4.0,-2.0,-75.0
1777888998.3303325,8.0,-2.0,-75.0
1777888998.3403325,8.0,0.0,-73.0
1777888998.3503325,7.0,0.0,-70.0
1777888998.3603325,4.0,-1.0,-66.0
1777888998.3703325,2.0,-1.0,-71.0
1777888998.3803325,2.0,0.0,-72.0
1777888998.3903325,0.0,-3.0,-71.0
1777888998.4003325,-3.0,-1.0,-70.0
1777888998.4103324,-5.0,0.0,-78.0
1777888998.4203324,-3.0,1.0,-87.0
1777888998.4303324,0.0,1.0,-88.0
1777888998.4403324,1.0,3.0,-88.0
1777888998.4503324,-2.0,2.0,-89.0
1777888998.4603324,0.0,-2.0,-90.0
1777888998.4703324,1.0,-2.0,-85.0
1777888998.4803324,0.0,-1.0,-89.0
1777888998.4903324,-1.0,2.0,-90.0
1777888998.5003324,-1.0,0.0,-88.0
1777888998.5103323,-2.0,-2.0,-85.0
1777888998.5203323,0.0,-2.0,-83.0
1777888998.5303323,3.0,0.0,-81.0
1777888998.5403323,2.0,0.0,-77.0
1777888998.5503323,1.0,1.0,-76.0
1777888998.5603323,4.0,0.0,-79.0
1777888998.5703323,2.0,-1.0,-77.0
1777888998.5803325,1.0,0.0,-71.0
1777888998.5903325,1.0,1.0,-72.0
1777888998.6003325,1.0,0.0,-76.0
1777888998.6103325,1.0,-1.0,-76.0
1777888998.6203325,1.0,0.0,-76.0
1777888998.6303325,-1.0,1.0,-77.0
1777888998.6403325,-2.0,-1.0,-76.0
1777888998.6503325,-2.0,-1.0,-77.0
1777888998.6603324,-2.0,-7.0,-81.0
1777888998.6703324,-2.0,-7.0,-79.0
1777888998.6803324,-2.0,-3.0,-74.0
1777888998.6903324,-3.0,-4.0,-65.0
1777888998.7003324,-5.0,-7.0,-71.0
1777888998.7103324,-2.0,-10.0,-67.0
1777888998.7203324,-4.0,-8.0,-67.0
1777888998.7303324,0.0,-4.0,-70.0
1777888998.7403324,3.0,-4.0,-71.0
1777888998.7503324,1.0,-3.0,-76.0
1777888998.7603323,1.0,-3.0,-78.0
1777888998.7703323,2.0,-5.0,-82.0
1777888998.7803323,1.0,-4.0,-75.0
1777888998.7903323,1.0,-3.0,-70.0
1777888998.8003323,0.0,0.0,-73.0
1777888998.8103323,0.0,1.0,-73.0
1777888998.8203323,0.0,0.0,-78.0
1777888998.8303325,-2.0,-1.0,-80.0
1777888998.8403325,-5.0,-3.0,-78.0
1777888998.8503325,-7.0,-1.0,-76.0
1777888998.8603325,-7.0,-2.0,-82.0
1777888998.8703325,-4.0,-3.0,-86.0
1777888998.8803325,-5.0,0.0,-81.0
1777888998.8903325,0.0,-1.0,-74.0
1777888998.9003325,2.0,0.0,-77.0
1777888998.9103324,8.0,3.0,-74.0
1777888998.9203324,8.0,2.0,-75.0
1777888998.9303324,6.0,0.0,-77.0
1777888998.9403324,6.0,1.0,-72.0
1777888998.9503324,7.0,-1.0,-69.0
1777888998.9613323,6.0,-1.0,-68.0
1777888998.9703324,9.0,1.0,-78.0
1777888998.9803324,2.0,-2.0,-76.0
1777888998.9903324,4.0,-9.0,-68.0
1777888999.0013323,6.0,-8.0,-69.0
1777888999.0113325,8.0,-5.0,-75.0
1777888999.0203323,6.0,-2.0,-79.0
1777888999.0313325,9.0,-5.0,-81.0
1777888999.0413325,8.0,-9.0,-75.0
1777888999.0513325,7.0,-6.0,-77.0
1777888999.0613325,4.0,-1.0,-77.0
1777888999.0703323,5.0,-3.0,-73.0
1777888999.0813324,7.0,-2.0,-77.0
1777888999.0913324,4.0,-5.0,-73.0
1777888999.1013324,0.0,-3.0,-78.0
1777888999.1113324,0.0,-2.0,-75.0
1777888999.1213324,0.0,-4.0,-79.0
1777888999.1313324,2.0,-2.0,-83.0
1777888999.1413324,2.0,-1.0,-84.0
1777888999.1513324,3.0,1.0,-83.0
1777888999.1613324,0.0,3.0,-76.0
1777888999.1713324,0.0,1.0,-76.0
1777888999.1813323,1.0,3.0,-73.0
1777888999.1913323,-3.0,4.0,-71.0
1777888999.2013323,-5.0,2.0,-69.0
1777888999.2113323,-2.0,1.0,-70.0
1777888999.2213323,0.0,0.0,-68.0
1777888999.2313323,0.0,-2.0,-73.0
1777888999.2413323,-2.0,-7.0,-77.0
1777888999.2513323,-4.0,-3.0,-75.0
1777888999.2613325,0.0,-6.0,-74.0
1777888999.2713325,-4.0,-4.0,-76.0
1777888999.2813325,-2.0,-6.0,-69.0
1777888999.2913325,1.0,-6.0,-70.0
1777888999.3013325,3.0,-3.0,-70.0
1777888999.3113325,4.0,-5.0,-69.0
1777888999.3213325,4.0,0.0,-70.0
1777888999.3313324,7.0,-2.0,-71.0
1777888999.3413324,9.0,-5.0,-74.0
1777888999.3513324,2.0,-3.0,-72.0
1777888999.3613324,2.0,-5.0,-75.0
1777888999.3713324,1.0,-9.0,-71.0
1777888999.3813324,-2.0,-10.0,-75.0
1777888999.3913324,-5.0,-7.0,-80.0
1777888999.4013324,-6.0,-4.0,-78.0
1777888999.4123323,-8.0,0.0,-73.0
1777888999.4213324,-8.0,0.0,-73.0
1777888999.4313323,-5.0,-1.0,-75.0
1777888999.4413323,-5.0,1.0,-75.0
1777888999.4513323,-3.0,6.0,-71.0
1777888999.4613323,3.0,2.0,-71.0
1777888999.4713323,1.0,-2.0,-77.0
1777888999.4813323,0.0,-9.0,-80.0
1777888999.4913323,0.0,-7.0,-82.0
1777888999.5013323,2.0,-5.0,-78.0
1777888999.5113325,1.0,-1.0,-70.0
1777888999.5213325,1.0,-2.0,-64.0
1777888999.5313325,1.0,-1.0,-72.0
1777888999.5413325,0.0,1.0,-80.0
1777888999.5513325,6.0,5.0,-86.0
1777888999.5613325,6.0,3.0,-82.0
1777888999.5713325,3.0,2.0,-75.0
1777888999.5813324,2.0,0.0,-74.0
1777888999.5913324,4.0,4.0,-65.0
1777888999.6013324,0.0,5.0,-73.0
1777888999.6113324,2.0,5.0,-73.0
1777888999.6213324,0.0,1.0,-74.0
1777888999.6313324,1.0,1.0,-73.0
1777888999.6413324,-1.0,0.0,-78.0
1777888999.6513324,0.0,1.0,-79.0
1777888999.6613324,0.0,2.0,-81.0
1777888999.6713324,2.0,0.0,-70.0
1777888999.6813323,5.0,-1.0,-74.0
1777888999.6913323,1.0,0.0,-78.0
1777888999.7013323,1.0,0.0,-81.0
1777888999.7113323,2.0,1.0,-76.0
1777888999.7213323,0.0,1.0,-74.0
1777888999.7313323,4.0,0.0,-72.0
1777888999.7413323,3.0,0.0,-73.0
1777888999.7513323,5.0,2.0,-71.0
1777888999.7613325,5.0,0.0,-75.0
1777888999.7713325,3.0,-2.0,-83.0
1777888999.7813325,2.0,-3.0,-86.0
1777888999.7913325,0.0,-4.0,-83.0
1777888999.8013325,-1.0,-3.0,-82.0
1777888999.8113325,-3.0,-2.0,-76.0
1777888999.8213325,-5.0,-1.0,-75.0
1777888999.8313324,-6.0,-2.0,-78.0
1777888999.8413324,-6.0,0.0,-81.0
1777888999.8513324,-3.0,0.0,-82.0
1777888999.8613324,1.0,-1.0,-83.0
1777888999.8713324,4.0,-3.0,-81.0
1777888999.8813324,4.0,-2.0,-79.0
1777888999.8913324,1.0,1.0,-77.0
1777888999.9013324,0.0,0.0,-67.0
1777888999.9113324,4.0,2.0,-67.0
1777888999.9213324,5.0,4.0,-71.0
1777888999.9313323,7.0,5.0,-65.0
1777888999.9413323,11.0,2.0,-61.0
1777888999.9513323,5.0,1.0,-60.0
1777888999.9613323,1.0,2.0,-63.0
1777888999.9713323,4.0,0.0,-61.0
1777888999.9813323,2.0,0.0,-62.0
1777888999.9913323,2.0,0.0,-65.0
1777889000.0013323,3.0,5.0,-61.0
1777889000.0113325,5.0,4.0,-64.0
1777889000.0213325,1.0,5.0,-65.0
1777889000.0313325,2.0,5.0,-72.0
1777889000.0413325,-1.0,7.0,-72.0
1777889000.0513325,0.0,6.0,-75.0
1777889000.0613325,1.0,9.0,-78.0
1777889000.0713325,2.0,6.0,-86.0
1777889000.0813324,0.0,5.0,-87.0
1777889000.0913324,0.0,5.0,-80.0
1777889000.1013324,1.0,2.0,-86.0
1777889000.1113324,-1.0,0.0,-85.0
1777889000.1213324,-3.0,-1.0,-79.0
1777889000.1313324,-2.0,-3.0,-80.0
1777889000.1413324,1.0,-2.0,-85.0
1777889000.1513324,0.0,1.0,-84.0
1777889000.1613324,0.0,2.0,-79.0
1777889000.1713324,0.0,-1.0,-75.0
1777889000.1813323,-1.0,0.0,-77.0
1777889000.1913323,-3.0,0.0,-78.0
1777889000.2013323,-3.0,0.0,-76.0
1777889000.2113323,-1.0,3.0,-76.0
1777889000.2213323,-3.0,1.0,-75.0
1777889000.2313323,-5.0,0.0,-68.0
1777889000.2413323,-3.0,-4.0,-64.0
1777889000.2513323,-4.0,-5.0,-62.0
1777889000.2613325,0.0,-5.0,-60.0
1777889000.2713325,0.0,0.0,-62.0
1777889000.2813325,3.0,2.0,-62.0
1777889000.2913325,4.0,5.0,-63.0
1777889000.3013325,2.0,2.0,-67.0
1777889000.3113325,-2.0,3.0,-77.0
1777889000.3213325,0.0,3.0,-80.0
1777889000.3313324,-2.0,4.0,-82.0
1777889000.3413324,-1.0,1.0,-84.0
1777889000.3513324,0.0,1.0,-79.0
1777889000.3613324,0.0,-1.0,-77.0
1777889000.3713324,-4.0,0.0,-77.0
1777889000.3813324,-5.0,2.0,-73.0
1777889000.3913324,-1.0,8.0,-69.0
1777889000.4013324,-2.0,9.0,-66.0
1777889000.4113324,-1.0,8.0,-66.0
1777889000.4213324,0.0,4.0,-73.0
1777889000.4313323,1.0,3.0,-77.0
1777889000.4413323,3.0,2.0,-75.0
1777889000.4513323,4.0,1.0,-76.0
1777889000.4613323,2.0,4.0,-76.0
1777889000.4713323,2.0,2.0,-73.0
1777889000.4813323,-1.0,3.0,-71.0
1777889000.4913323,0.0,5.0,-77.0
1777889000.5013323,2.0,5.0,-80.0
1777889000.5113325,2.0,2.0,-78.0
1777889000.5213325,2.0,2.0,-77.0
1777889000.5313325,1.0,1.0,-77.0
1777889000.5413325,1.0,1.0,-80.0
1777889000.5513325,-1.0,0.0,-82.0
1777889000.5613325,0.0,-2.0,-77.0
1777889000.5713325,0.0,-4.0,-71.0
1777889000.5813324,1.0,-8.0,-75.0
1777889000.5913324,0.0,-9.0,-74.0
1777889000.6013324,2.0,-8.0,-74.0
1777889000.6113324,1.0,-7.0,-71.0
1777889000.6213324,-1.0,-6.0,-76.0
1777889000.6313324,2.0,-3.0,-68.0
1777889000.6413324,6.0,-4.0,-69.0
1777889000.6513324,7.0,-3.0,-69.0
1777889000.6613324,4.0,-5.0,-74.0
1777889000.6713324,4.0,-4.0,-75.0
1777889000.6813323,5.0,-2.0,-72.0
1777889000.6913323,0.0,-2.0,-70.0
1777889000.7013323,0.0,-7.0,-73.0
1777889000.7113323,-2.0,-6.0,-71.0
1777889000.7213323,-1.0,-6.0,-72.0
1777889000.7313323,0.0,-2.0,-76.0
1777889000.7413323,1.0,-1.0,-77.0
1777889000.7513323,2.0,-4.0,-80.0
1777889000.7613325,0.0,-6.0,-79.0
1777889000.7713325,2.0,-2.0,-79.0
1777889000.7813325,2.0,-6.0,-73.0
1777889000.7913325,1.0,-7.0,-74.0
1777889000.8013325,-2.0,-8.0,-71.0
1777889000.8113325,-3.0,-4.0,-67.0
1777889000.8213325,0.0,-3.0,-68.0
1777889000.8313324,0.0,-5.0,-71.0
1777889000.8413324,0.0,-6.0,-72.0
1777889000.8513324,2.0,-6.0,-83.0
1777889000.8613324,2.0,-10.0,-83.0
1777889000.8713324,3.0,-7.0,-81.0
1777889000.8813324,0.0,-9.0,-78.0
1777889000.8913324,-3.0,-7.0,-79.0
1777889000.9013324,-1.0,-9.0,-82.0
1777889000.9113324,-2.0,-8.0,-75.0
1777889000.9213324,-2.0,-3.0,-70.0
1777889000.9313323,2.0,-3.0,-74.0
1777889000.9413323,1.0,0.0,-76.0
1777889000.9523325,0.0,0.0,-78.0
1777889000.9623325,3.0,-1.0,-80.0
1777889000.9713323,4.0,-3.0,-75.0
1777889000.9823325,3.0,-2.0,-67.0
1777889000.9923325,5.0,-1.0,-68.0
1777889001.0023324,4.0,0.0,-69.0
1777889001.0123324,2.0,-7.0,-68.0
1777889001.0223324,3.0,-8.0,-68.0
1777889001.0323324,4.0,-2.0,-78.0
1777889001.0423324,5.0,-1.0,-78.0
1777889001.0523324,8.0,-2.0,-77.0
1777889001.0623324,8.0,-1.0,-77.0
1777889001.0723324,9.0,-3.0,-80.0
1777889001.0823324,6.0,-3.0,-78.0
1777889001.0923324,4.0,-5.0,-73.0
1777889001.1023324,0.0,-4.0,-72.0
1777889001.1123323,3.0,-4.0,-76.0
1777889001.1223323,1.0,-4.0,-76.0
1777889001.1323323,0.0,0.0,-81.0
1777889001.1423323,-2.0,1.0,-76.0
1777889001.1523323,-2.0,1.0,-76.0
1777889001.1623323,-4.0,0.0,-75.0
1777889001.1723323,4.0,0.0,-77.0
1777889001.1823325,0.0,0.0,-81.0
1777889001.1923325,2.0,0.0,-79.0
1777889001.2023325,1.0,1.0,-79.0
1777889001.2123325,5.0,0.0,-78.0
1777889001.2223325,7.0,-2.0,-74.0
1777889001.2323325,3.0,2.0,-79.0
1777889001.2423325,0.0,-3.0,-83.0
1777889001.2523324,3.0,-3.0,-88.0
1777889001.2623324,6.0,0.0,-94.0
1777889001.2723324,7.0,3.0,-90.0
1777889001.2823324,8.0,3.0,-91.0
1777889001.2923324,2.0,2.0,-89.0
1777889001.3023324,0.0,6.0,-88.0
1777889001.3123324,0.0,5.0,-81.0
1777889001.3223324,-1.0,4.0,-80.0
1777889001.3323324,-2.0,3.0,-84.0
1777889001.3423324,-1.0,0.0,-80.0
1777889001.3523324,-1.0,1.0,-73.0
1777889001.3623323,-1.0,4.0,-69.0
1777889001.3723323,1.0,2.0,-71.0
1777889001.3823323,1.0,1.0,-68.0
1777889001.3923323,1.0,0.0,-66.0
1777889001.4023323,-3.0,0.0,-70.0
1777889001.4123323,0.0,0.0,-72.0
1777889001.4223323,-1.0,-2.0,-73.0
1777889001.4323325,0.0,-3.0,-72.0
1777889001.4423325,0.0,-2.0,-68.0
1777889001.4523325,-2.0,-2.0,-73.0
1777889001.4623325,-5.0,-2.0,-77.0
1777889001.4723325,-1.0,-2.0,-74.0
1777889001.4823325,3.0,-1.0,-61.0
1777889001.4923325,2.0,-4.0,-64.0
1777889001.5023324,0.0,-4.0,-69.0
1777889001.5123324,-2.0,-4.0,-74.0
1777889001.5223324,-7.0,-3.0,-76.0
1777889001.5323324,-5.0,-4.0,-73.0
1777889001.5423324,-1.0,0.0,-67.0
1777889001.5523324,-4.0,-4.0,-66.0
1777889001.5623324,-9.0,-3.0,-73.0
1777889001.5723324,-8.0,0.0,-70.0
1777889001.5823324,-7.0,-1.0,-68.0
1777889001.5923324,-2.0,0.0,-63.0
1777889001.6023324,-1.0,-2.0,-59.0
1777889001.6123323,1.0,-3.0,-58.0
1777889001.6223323,2.0,0.0,-63.0
1777889001.6323323,0.0,-1.0,-72.0
1777889001.6423323,-1.0,-3.0,-78.0
1777889001.6523323,-3.0,0.0,-77.0
1777889001.6623323,-1.0,2.0,-80.0
1777889001.6723323,0.0,6.0,-87.0
1777889001.6823325,-4.0,4.0,-86.0
1777889001.6923325,0.0,6.0,-80.0
1777889001.7023325,0.0,7.0,-74.0
1777889001.7123325,-1.0,4.0,-77.0
1777889001.7223325,-1.0,2.0,-81.0
1777889001.7323325,-2.0,1.0,-81.0
1777889001.7423325,2.0,1.0,-81.0
1777889001.7523324,3.0,1.0,-84.0
1777889001.7623324,4.0,0.0,-85.0
1777889001.7723324,7.0,4.0,-84.0
1777889001.7823324,6.0,0.0,-81.0
1777889001.7923324,4.0,0.0,-78.0
1777889001.8023324,6.0,-2.0,-78.0
1777889001.8123324,8.0,-1.0,-79.0
1777889001.8223324,3.0,0.0,-73.0
1777889001.8323324,-1.0,0.0,-70.0
1777889001.8423324,-3.0,0.0,-74.0
1777889001.8523324,-4.0,-2.0,-75.0
1777889001.8623323,0.0,-6.0,-77.0
1777889001.8723323,-2.0,-6.0,-75.0
1777889001.8823323,-2.0,0.0,-75.0
1777889001.8923323,0.0,0.0,-73.0
1777889001.9023323,4.0,3.0,-77.0
1777889001.9123323,2.0,0.0,-76.0
1777889001.9223323,0.0,-3.0,-71.0
1777889001.9323325,1.0,-3.0,-68.0
1777889001.9423325,0.0,-4.0,-71.0
1777889001.9523325,2.0,-4.0,-70.0
1777889001.9623325,4.0,-5.0,-71.0
1777889001.9723325,2.0,-4.0,-72.0
1777889001.9823325,6.0,-2.0,-72.0
1777889001.9923325,1.0,0.0,-78.0
1777889002.0023324,-1.0,0.0,-81.0
1777889002.0123324,2.0,-3.0,-83.0
1777889002.0223324,2.0,-1.0,-80.0
1777889002.0323324,2.0,0.0,-80.0
1777889002.0423324,1.0,4.0,-90.0
1777889002.0523324,0.0,4.0,-87.0
1777889002.0623324,0.0,6.0,-93.0
1777889002.0723324,-2.0,1.0,-90.0
1777889002.0823324,-5.0,1.0,-91.0
1777889002.0923324,-7.0,0.0,-85.0
1777889002.1023324,-5.0,0.0,-78.0
1777889002.1123323,-2.0,-1.0,-78.0
1777889002.1223323,0.0,-3.0,-78.0
1777889002.1323323,-1.0,-6.0,-77.0
1777889002.1423323,-1.0,-5.0,-71.0
1777889002.1523323,-7.0,-4.0,-71.0
1777889002.1623323,-5.0,-5.0,-70.0
1777889002.1723323,-3.0,-2.0,-73.0
1777889002.1823325,0.0,-2.0,-73.0
1777889002.1923325,1.0,-1.0,-76.0
1777889002.2023325,2.0,-2.0,-80.0
1777889002.2123325,2.0,-3.0,-80.0
1777889002.2223325,3.0,-3.0,-81.0
1777889002.2323325,1.0,-2.0,-81.0
1777889002.2423325,2.0,-1.0,-81.0
1777889002.2523324,5.0,-2.0,-76.0
1777889002.2623324,5.0,-3.0,-78.0
1777889002.2723324,1.0,-1.0,-72.0
1777889002.2823324,1.0,0.0,-82.0
1777889002.2923324,-2.0,0.0,-86.0
1777889002.3023324,1.0,-1.0,-87.0
1777889002.3123324,3.0,-2.0,-85.0
1777889002.3223324,-2.0,-3.0,-86.0
1777889002.3323324,-3.0,-3.0,-83.0
1777889002.3423324,-3.0,-3.0,-86.0
1777889002.3523324,-4.0,-5.0,-78.0
1777889002.3623323,-2.0,-4.0,-75.0
1777889002.3723323,-1.0,-3.0,-70.0
1777889002.3823323,3.0,-6.0,-70.0
1777889002.3923323,7.0,-6.0,-77.0
1777889002.4023323,2.0,-3.0,-74.0
1777889002.4123323,3.0,-3.0,-71.0
1777889002.4223323,8.0,-1.0,-67.0
1777889002.4323325,10.0,-3.0,-70.0
1777889002.4423325,8.0,0.0,-73.0
1777889002.4523325,11.0,0.0,-73.0
1777889002.4623325,8.0,0.0,-72.0
1777889002.4723325,7.0,1.0,-80.0
1777889002.4823325,10.0,0.0,-81.0
1777889002.4923325,10.0,-1.0,-73.0
1777889002.5023324,6.0,0.0,-78.0
1777889002.5123324,3.0,1.0,-71.0
1777889002.5223324,2.0,-1.0,-78.0
1777889002.5323324,0.0,1.0,-83.0
1777889002.5423324,6.0,1.0,-79.0
1777889002.5523324,0.0,2.0,-82.0
1777889002.5623324,-1.0,0.0,-82.0
1777889002.5723324,-1.0,0.0,-78.0
1777889002.5823324,-2.0,-2.0,-76.0
1777889002.5923324,-7.0,2.0,-72.0
1777889002.6023324,-8.0,1.0,-66.0
1777889002.6123323,-3.0,0.0,-70.0
1777889002.6223323,-2.0,0.0,-70.0
1777889002.6323323,-1.0,0.0,-71.0
1777889002.6423323,-1.0,4.0,-74.0
1777889002.6523323,7.0,4.0,-76.0
1777889002.6623323,2.0,3.0,-76.0
1777889002.6723323,-3.0,3.0,-80.0
1777889002.6823325,-2.0,2.0,-81.0
1777889002.6923325,0.0,3.0,-79.0
1777889002.7023325,5.0,5.0,-73.0
1777889002.7123325,2.0,6.0,-78.0
1777889002.7223325,0.0,0.0,-82.0
1777889002.7323325,1.0,-2.0,-84.0
1777889002.7423325,4.0,-4.0,-83.0
1777889002.7523324,6.0,-4.0,-78.0
1777889002.7623324,7.0,-1.0,-77.0
1777889002.7723324,3.0,-4.0,-80.0
1777889002.7823324,2.0,-3.0,-74.0
1777889002.7923324,1.0,-3.0,-70.0
1777889002.8023324,-3.0,-2.0,-69.0
1777889002.8123324,-1.0,0.0,-68.0
1777889002.8223324,-4.0,2.0,-75.0
1777889002.8323324,0.0,3.0,-79.0
1777889002.8423324,0.0,1.0,-80.0
1777889002.8523324,3.0,-3.0,-79.0
1777889002.8623323,0.0,-1.0,-82.0
1777889002.8723323,0.0,-6.0,-86.0
1777889002.8823323,3.0,-8.0,-81.0
1777889002.8923323,3.0,-8.0,-81.0
1777889002.9023323,2.0,-9.0,-85.0
1777889002.9123323,0.0,-5.0,-86.0
1777889002.9223323,1.0,-6.0,-93.0
1777889002.9323325,-2.0,-9.0,-83.0
1777889002.9423325,-3.0,-10.0,-79.0
1777889002.9533324,0.0,-6.0,-81.0
1777889002.9633324,1.0,-5.0,-85.0
1777889002.9733324,2.0,-8.0,-77.0
1777889002.9833324,2.0,-1.0,-73.0
1777889002.9933324,3.0,0.0,-71.0
1777889003.0033324,0.0,0.0,-71.0
1777889003.0133324,0.0,-6.0,-74.0
1777889003.0233324,1.0,-5.0,-77.0
1777889003.0333323,3.0,-4.0,-80.0
1777889003.0433323,3.0,-3.0,-80.0
1777889003.0533323,2.0,1.0,-77.0
1777889003.0633323,2.0,0.0,-73.0
1777889003.0733323,2.0,3.0,-72.0
1777889003.0833323,0.0,3.0,-67.0
1777889003.0933323,-2.0,2.0,-73.0
1777889003.1033323,-5.0,0.0,-71.0
1777889003.1133325,-6.0,1.0,-76.0
1777889003.1233325,-7.0,-2.0,-85.0
1777889003.1333325,-3.0,1.0,-79.0
1777889003.1433325,0.0,-2.0,-78.0
1777889003.1533325,-3.0,-2.0,-81.0
1777889003.1633325,-5.0,-1.0,-75.0
1777889003.1733325,1.0,-5.0,-75.0
1777889003.1833324,-2.0,-8.0,-72.0
1777889003.1933324,2.0,-7.0,-70.0
1777889003.2033324,6.0,-8.0,-75.0
1777889003.2133324,5.0,-5.0,-78.0
1777889003.2233324,7.0,-5.0,-72.0
1777889003.2333324,6.0,-5.0,-71.0
1777889003.2433324,3.0,-5.0,-75.0
1777889003.2533324,5.0,-4.0,-77.0
1777889003.2633324,5.0,-1.0,-75.0
1777889003.2733324,4.0,-3.0,-71.0
1777889003.2833323,2.0,-7.0,-68.0
1777889003.2933323,-1.0,-11.0,-76.0
1777889003.3033323,-2.0,-8.0,-80.0
1777889003.3133323,0.0,-9.0,-79.0
1777889003.3233323,0.0,-3.0,-79.0
1777889003.3333323,0.0,-4.0,-73.0
1777889003.3433323,4.0,-4.0,-71.0
1777889003.3533323,2.0,-7.0,-75.0
1777889003.3633325,2.0,-8.0,-75.0
1777889003.3733325,4.0,-8.0,-72.0
1777889003.3833325,1.0,-10.0,-72.0
1777889003.3933325,3.0,-11.0,-71.0
1777889003.4033325,3.0,-11.0,-74.0
1777889003.4133325,3.0,-7.0,-74.0
1777889003.4233325,2.0,-7.0,-76.0
1777889003.4333324,-1.0,-8.0,-75.0
1777889003.4433324,-1.0,-5.0,-76.0
1777889003.4533324,-4.0,-6.0,-77.0
1777889003.4633324,-4.0,-2.0,-80.0
1777889003.4733324,-2.0,-4.0,-82.0
1777889003.4833324,1.0,-2.0,-83.0
1777889003.4933324,2.0,-4.0,-83.0
1777889003.5033324,1.0,-3.0,-83.0
1777889003.5133324,2.0,-1.0,-79.0
1777889003.5233324,1.0,0.0,-78.0
1777889003.5333323,0.0,0.0,-78.0
1777889003.5433323,0.0,0.0,-75.0
1777889003.5533323,3.0,2.0,-72.0
1777889003.5633323,4.0,0.0,-76.0
1777889003.5733323,3.0,-2.0,-75.0
1777889003.5833323,2.0,0.0,-76.0
1777889003.5933323,1.0,0.0,-73.0
1777889003.6033323,-1.0,-2.0,-77.0
1777889003.6133325,-3.0,-3.0,-78.0
1777889003.6233325,-1.0,-5.0,-71.0
1777889003.6333325,-4.0,-8.0,-68.0
1777889003.6433325,-5.0,-5.0,-71.0
1777889003.6533325,-3.0,-1.0,-74.0
1777889003.6633325,0.0,0.0,-75.0
1777889003.6733325,-1.0,-5.0,-77.0
1777889003.6833324,0.0,-5.0,-75.0
1777889003.6933324,2.0,-4.0,-72.0
1777889003.7033324,2.0,1.0,-71.0
1777889003.7133324,2.0,0.0,-70.0
1777889003.7233324,6.0,0.0,-71.0
1777889003.7333324,6.0,-2.0,-71.0
1777889003.7433324,6.0,-5.0,-69.0
1777889003.7533324,7.0,-2.0,-69.0
1777889003.7633324,5.0,0.0,-70.0
1777889003.7733324,2.0,2.0,-83.0
1777889003.7833323,4.0,2.0,-86.0
1777889003.7933323,8.0,0.0,-88.0
1777889003.8033323,10.0,1.0,-92.0
1777889003.8133323,7.0,1.0,-85.0
1777889003.8233323,4.0,0.0,-80.0
1777889003.8333323,7.0,-2.0,-78.0
1777889003.8433323,2.0,-5.0,-81.0
1777889003.8533323,1.0,-4.0,-80.0
1777889003.8633325,2.0,-4.0,-73.0
1777889003.8733325,-1.0,-3.0,-71.0
1777889003.8833325,0.0,-4.0,-72.0
1777889003.8933325,-2.0,-1.0,-74.0
1777889003.9033325,-5.0,-3.0,-77.0
1777889003.9133325,-5.0,0.0,-78.0
1777889003.9233325,-4.0,-4.0,-81.0
1777889003.9333324,-4.0,-5.0,-82.0
1777889003.9433324,-4.0,-1.0,-72.0
1777889003.9533324,-1.0,3.0,-68.0
1777889003.9633324,1.0,7.0,-74.0
1777889003.9733324,4.0,7.0,-79.0
1777889003.9833324,3.0,4.0,-83.0
1777889003.9933324,0.0,0.0,-76.0
1777889004.0033324,-1.0,-4.0,-73.0
1777889004.0133324,0.0,-3.0,-76.0
1777889004.0233324,-4.0,-4.0,-75.0
1777889004.0333323,-6.0,-2.0,-79.0
1777889004.0433323,-6.0,-2.0,-82.0
1777889004.0533323,-4.0,-6.0,-79.0
1777889004.0633323,0.0,-7.0,-80.0
1777889004.0733323,3.0,-5.0,-76.0
1777889004.0833323,-1.0,-1.0,-77.0
1777889004.0933323,2.0,-4.0,-86.0
1777889004.1033323,2.0,-7.0,-86.0
1777889004.1133325,4.0,-5.0,-78.0
1777889004.1233325,2.0,-3.0,-73.0
1777889004.1333325,1.0,-1.0,-72.0
1777889004.1433325,7.0,-2.0,-74.0
1777889004.1533325,4.0,2.0,-73.0
1777889004.1633325,0.0,-3.0,-75.0
1777889004.1733325,-3.0,-4.0,-73.0
1777889004.1833324,-7.0,-5.0,-73.0
1777889004.1933324,-1.0,-4.0,-70.0
1777889004.2033324,0.0,-4.0,-71.0
1777889004.2133324,1.0,-6.0,-72.0
1777889004.2233324,0.0,-5.0,-71.0
1777889004.2333324,5.0,-8.0,-74.0
1777889004.2433324,6.0,-8.0,-81.0
1777889004.2533324,0.0,-4.0,-80.0
1777889004.2633324,3.0,-5.0,-82.0
1777889004.2733324,-2.0,-4.0,-79.0
1777889004.2833323,-2.0,-2.0,-75.0
1777889004.2933323,-4.0,0.0,-69.0
1777889004.3033323,-4.0,-1.0,-65.0
1777889004.3133323,-1.0,3.0,-72.0
1777889004.3233323,-4.0,2.0,-73.0
1777889004.3333323,0.0,0.0,-80.0
1777889004.3433323,1.0,-3.0,-80.0
1777889004.3533323,0.0,-3.0,-78.0
1777889004.3633325,1.0,-5.0,-76.0
1777889004.3733325,0.0,-6.0,-73.0
1777889004.3833325,4.0,-3.0,-73.0
1777889004.3933325,4.0,-2.0,-73.0
1777889004.4033325,6.0,-6.0,-75.0
1777889004.4133325,11.0,-4.0,-80.0
1777889004.4233325,9.0,-1.0,-87.0
1777889004.4333324,4.0,-1.0,-86.0
1777889004.4433324,-1.0,0.0,-84.0
1777889004.4533324,-2.0,0.0,-77.0
1777889004.4633324,-2.0,0.0,-82.0
1777889004.4733324,0.0,-3.0,-78.0
1777889004.4833324,-4.0,-5.0,-74.0
1777889004.4933324,-4.0,-6.0,-71.0
1777889004.5033324,0.0,-3.0,-68.0
1777889004.5133324,-2.0,0.0,-65.0
1777889004.5233324,-1.0,0.0,-64.0
1777889004.5333323,-1.0,1.0,-70.0
1777889004.5433323,-2.0,4.0,-70.0
1777889004.5533323,-2.0,3.0,-73.0
1777889004.5633323,0.0,2.0,-75.0
1777889004.5733323,0.0,2.0,-76.0
1777889004.5833323,3.0,5.0,-76.0
1777889004.5933323,4.0,8.0,-77.0
1777889004.6033323,1.0,4.0,-76.0
1777889004.6133325,0.0,2.0,-85.0
1777889004.6233325,0.0,3.0,-84.0
1777889004.6333325,0.0,0.0,-82.0
1777889004.6433325,-3.0,0.0,-80.0
1777889004.6533325,-1.0,-1.0,-72.0
1777889004.6633325,-7.0,0.0,-68.0
1777889004.6733325,-10.0,-2.0,-71.0
1777889004.6833324,-9.0,1.0,-73.0
1777889004.6933324,-6.0,1.0,-71.0
1777889004.7033324,-1.0,1.0,-69.0
1777889004.7133324,0.0,0.0,-68.0
1777889004.7233324,0.0,0.0,-71.0
1777889004.7333324,-1.0,3.0,-71.0
1777889004.7433324,0.0,0.0,-74.0
1777889004.7533324,0.0,0.0,-75.0
1777889004.7633324,-2.0,-1.0,-76.0
1777889004.7733324,-5.0,3.0,-76.0
1777889004.7833323,-7.0,3.0,-79.0
1777889004.7933323,-9.0,7.0,-69.0
1777889004.8033323,-4.0,2.0,-68.0
1777889004.8133323,1.0,0.0,-71.0
1777889004.8233323,0.0,3.0,-73.0
1777889004.8333323,2.0,0.0,-62.0
1777889004.8433323,-1.0,0.0,-67.0
1777889004.8533323,-1.0,1.0,-68.0
1777889004.8633325,-4.0,-1.0,-71.0
1777889004.8733325,-2.0,-3.0,-71.0
1777889004.8833325,1.0,-4.0,-74.0
1777889004.8933325,0.0,-2.0,-72.0
1777889004.9033325,-1.0,3.0,-76.0
1777889004.9143324,0.0,1.0,-83.0
1777889004.9243324,0.0,-3.0,-78.0
1777889004.9343324,-5.0,-5.0,-71.0
1777889004.9443324,-3.0,-2.0,-66.0
1777889004.9543324,-2.0,-4.0,-70.0
1777889004.9643323,-1.0,-6.0,-77.0
1777889004.9743323,-1.0,-5.0,-76.0
1777889004.9843323,-5.0,-3.0,-76.0
1777889004.9943323,-1.0,-6.0,-81.0
1777889005.0043323,1.0,-4.0,-83.0
1777889005.0143323,-3.0,-3.0,-82.0
1777889005.0243323,-7.0,-4.0,-81.0
1777889005.0343325,-6.0,-4.0,-76.0
1777889005.0443325,-5.0,-6.0,-77.0
1777889005.0543325,0.0,-2.0,-76.0
1777889005.0643325,4.0,0.0,-72.0
1777889005.0743325,0.0,0.0,-72.0
1777889005.0843325,-2.0,0.0,-74.0
1777889005.0943325,-2.0,1.0,-70.0
1777889005.1043324,-6.0,2.0,-69.0
1777889005.1143324,-6.0,-2.0,-69.0
1777889005.1243324,-1.0,-2.0,-69.0
1777889005.1343324,-1.0,-1.0,-72.0
1777889005.1443324,-1.0,-3.0,-76.0
1777889005.1543324,-6.0,-3.0,-78.0
1777889005.1643324,-4.0,-3.0,-82.0
1777889005.1743324,0.0,-1.0,-87.0
1777889005.1843324,0.0,0.0,-87.0
1777889005.1943324,4.0,0.0,-82.0
1777889005.2043324,4.0,2.0,-83.0
1777889005.2143323,3.0,4.0,-78.0
1777889005.2243323,1.0,1.0,-72.0
1777889005.2343323,0.0,-3.0,-70.0
1777889005.2443323,4.0,-1.0,-67.0
1777889005.2543323,9.0,0.0,-64.0
1777889005.2643323,10.0,0.0,-67.0
1777889005.2743323,6.0,-5.0,-64.0
1777889005.2843325,4.0,-6.0,-61.0
1777889005.2943325,2.0,-7.0,-62.0
1777889005.3043325,1.0,-5.0,-67.0
1777889005.3143325,2.0,-3.0,-74.0
1777889005.3243325,1.0,-2.0,-66.0
1777889005.3343325,0.0,-3.0,-72.0
1777889005.3443325,0.0,-2.0,-78.0
1777889005.3543324,3.0,-2.0,-81.0
1777889005.3643324,0.0,-5.0,-88.0
1777889005.3743324,-2.0,-6.0,-86.0
1777889005.3843324,0.0,0.0,-80.0
1777889005.3943324,-3.0,-4.0,-81.0
1777889005.4043324,-4.0,-4.0,-79.0
1777889005.4143324,-5.0,-9.0,-74.0
1777889005.4243324,-5.0,-8.0,-71.0
1777889005.4343324,-4.0,-3.0,-68.0
1777889005.4443324,-5.0,-3.0,-71.0
1777889005.4543324,-1.0,-2.0,-68.0
1777889005.4643323,2.0,0.0,-65.0
1777889005.4743323,0.0,0.0,-70.0
1777889005.4843323,2.0,0.0,-68.0
1777889005.4943323,7.0,0.0,-75.0
1777889005.5043323,7.0,-3.0,-79.0
1777889005.5143323,7.0,-7.0,-79.0
1777889005.5243323,5.0,-10.0,-79.0
1777889005.5343325,7.0,-5.0,-84.0
1777889005.5443325,5.0,-6.0,-86.0
1777889005.5543325,7.0,-5.0,-83.0
1777889005.5643325,6.0,-4.0,-88.0
1777889005.5743325,5.0,1.0,-83.0
1777889005.5843325,8.0,3.0,-80.0
1777889005.5943325,3.0,0.0,-72.0
1777889005.6043324,4.0,-1.0,-66.0
1777889005.6143324,2.0,0.0,-78.0
1777889005.6243324,5.0,0.0,-83.0
1777889005.6343324,2.0,-2.0,-83.0
1777889005.6443324,0.0,-4.0,-83.0
1777889005.6543324,-5.0,2.0,-78.0
1777889005.6643324,-1.0,2.0,-76.0
1777889005.6743324,-3.0,0.0,-76.0
1777889005.6843324,-6.0,-2.0,-74.0
1777889005.6943324,0.0,1.0,-71.0
1777889005.7043324,2.0,0.0,-79.0
1777889005.7143323,0.0,1.0,-79.0
1777889005.7243323,-2.0,0.0,-75.0
1777889005.7343323,-4.0,-1.0,-76.0
1777889005.7443323,-4.0,-8.0,-76.0
1777889005.7543323,-1.0,-8.0,-77.0
1777889005.7643323,1.0,-7.0,-74.0
1777889005.7743323,0.0,-1.0,-77.0
1777889005.7843325,0.0,-4.0,-78.0
1777889005.7943325,2.0,-3.0,-83.0
1777889005.8043325,0.0,-7.0,-73.0
1777889005.8143325,-2.0,-5.0,-72.0
1777889005.8243325,0.0,-3.0,-67.0
1777889005.8343325,-2.0,-5.0,-71.0
1777889005.8443325,0.0,0.0,-71.0
1777889005.8543324,6.0,0.0,-69.0
1777889005.8643324,6.0,0.0,-67.0
1777889005.8743324,3.0,2.0,-63.0
1777889005.8843324,5.0,2.0,-64.0
1777889005.8943324,1.0,5.0,-69.0
1777889005.9043324,2.0,10.0,-76.0
1777889005.9143324,3.0,11.0,-77.0
1777889005.9243324,3.0,6.0,-70.0
1777889005.9343324,2.0,6.0,-68.0
1777889005.9443324,3.0,5.0,-74.0
1777889005.9543324,8.0,3.0,-74.0
1777889005.9643323,10.0,0.0,-80.0
1777889005.9743323,7.0,-2.0,-79.0
1777889005.9843323,5.0,-3.0,-76.0
1777889005.9943323,7.0,-5.0,-82.0
1777889006.0043323,7.0,-4.0,-87.0
1777889006.0143323,7.0,-6.0,-88.0
1777889006.0243323,9.0,-6.0,-86.0
1777889006.0343325,8.0,-6.0,-81.0
1777889006.0443325,0.0,0.0,-78.0
1777889006.0543325,-1.0,0.0,-76.0
1777889006.0643325,-7.0,4.0,-78.0
1777889006.0743325,-6.0,5.0,-82.0
1777889006.0843325,-7.0,4.0,-75.0
1777889006.0943325,-6.0,5.0,-70.0
1777889006.1043324,0.0,6.0,-71.0
1777889006.1143324,4.0,2.0,-77.0
1777889006.1243324,1.0,2.0,-82.0
1777889006.1343324,2.0,2.0,-83.0
1777889006.1443324,3.0,4.0,-85.0
1777889006.1543324,4.0,4.0,-79.0
1777889006.1643324,6.0,3.0,-73.0
1777889006.1743324,2.0,0.0,-70.0
1777889006.1843324,0.0,0.0,-69.0
1777889006.1943324,-2.0,-2.0,-74.0
1777889006.2043324,-4.0,-2.0,-78.0
1777889006.2143323,-1.0,-2.0,-73.0
1777889006.2243323,-3.0,-6.0,-74.0
1777889006.2343323,0.0,-6.0,-72.0
1777889006.2443323,-4.0,-5.0,-77.0
1777889006.2543323,-3.0,-1.0,-79.0
1777889006.2643323,-6.0,-3.0,-81.0
1777889006.2743323,-3.0,-3.0,-86.0
1777889006.2843325,-2.0,-4.0,-76.0
1777889006.2943325,1.0,-3.0,-74.0
1777889006.3043325,7.0,-4.0,-78.0
1777889006.3143325,6.0,0.0,-71.0
1777889006.3243325,7.0,-2.0,-72.0
1777889006.3343325,4.0,0.0,-76.0
1777889006.3443325,-1.0,2.0,-79.0
1777889006.3543324,-2.0,-3.0,-74.0
1777889006.3643324,-2.0,-5.0,-73.0
1777889006.3743324,-2.0,-6.0,-77.0
1777889006.3843324,2.0,-5.0,-79.0
1777889006.3943324,2.0,-3.0,-78.0
1777889006.4043324,4.0,-6.0,-75.0
1777889006.4143324,4.0,-5.0,-70.0
1777889006.4243324,2.0,-5.0,-70.0
1777889006.4343324,7.0,-8.0,-71.0
1777889006.4443324,5.0,-7.0,-74.0
1777889006.4543324,2.0,-9.0,-74.0
1777889006.4643323,5.0,-7.0,-71.0
1777889006.4743323,4.0,-4.0,-73.0
1777889006.4843323,1.0,-6.0,-76.0
1777889006.4943323,-1.0,-4.0,-76.0
1777889006.5043323,0.0,-4.0,-81.0
1777889006.5143323,4.0,-1.0,-81.0
1777889006.5243323,3.0,-1.0,-81.0
1777889006.5343325,2.0,-2.0,-77.0
1777889006.5443325,1.0,2.0,-79.0
1777889006.5543325,0.0,3.0,-74.0
1777889006.5643325,0.0,2.0,-68.0
1777889006.5743325,4.0,1.0,-64.0
1777889006.5843325,2.0,0.0,-65.0
1777889006.5943325,2.0,0.0,-69.0
1777889006.6043324,2.0,-3.0,-67.0
1777889006.6143324,4.0,-3.0,-67.0
1777889006.6243324,3.0,-2.0,-72.0
1777889006.6343324,-2.0,0.0,-69.0
1777889006.6443324,-1.0,2.0,-68.0
1777889006.6543324,3.0,3.0,-72.0
1777889006.6643324,4.0,1.0,-75.0
1777889006.6743324,3.0,4.0,-78.0
1777889006.6843324,6.0,3.0,-83.0
1777889006.6943324,7.0,3.0,-81.0
1777889006.7043324,5.0,-3.0,-83.0
1777889006.7143323,4.0,-3.0,-79.0
1777889006.7243323,1.0,5.0,-74.0
1777889006.7343323,3.0,0.0,-75.0
1777889006.7443323,0.0,-1.0,-77.0
1777889006.7543323,2.0,1.0,-83.0
1777889006.7643323,6.0,1.0,-80.0
1777889006.7743323,9.0,0.0,-83.0
1777889006.7843325,4.0,-1.0,-80.0
1777889006.7943325,2.0,0.0,-74.0
1777889006.8043325,-1.0,-3.0,-70.0
1777889006.8143325,-2.0,-2.0,-74.0
1777889006.8243325,0.0,0.0,-79.0
1777889006.8343325,2.0,1.0,-78.0
1777889006.8443325,0.0,1.0,-75.0
1777889006.8543324,-1.0,0.0,-81.0
1777889006.8643324,0.0,0.0,-85.0
1777889006.8743324,0.0,0.0,-81.0
1777889006.8843324,2.0,0.0,-79.0
1777889006.8953323,2.0,1.0,-75.0
1777889006.9053323,0.0,6.0,-76.0
1777889006.9153323,-3.0,3.0,-77.0
1777889006.9253323,-4.0,5.0,-76.0
1777889006.9353323,-3.0,9.0,-75.0
1777889006.9453323,-2.0,6.0,-67.0
1777889006.9553325,-2.0,4.0,-69.0
1777889006.9653325,0.0,9.0,-69.0
1777889006.9753325,3.0,6.0,-70.0
1777889006.9853325,1.0,10.0,-71.0
1777889006.9953325,6.0,6.0,-70.0
1777889007.0053325,7.0,5.0,-62.0
1777889007.0153325,6.0,4.0,-61.0
1777889007.0253325,6.0,2.0,-65.0
1777889007.0353324,8.0,0.0,-71.0
1777889007.0453324,3.0,1.0,-68.0
1777889007.0553324,5.0,-1.0,-71.0
1777889007.0653324,3.0,-2.0,-75.0
1777889007.0753324,0.0,-5.0,-75.0
1777889007.0853324,-1.0,-5.0,-75.0
1777889007.0953324,3.0,-4.0,-78.0
1777889007.1053324,3.0,-5.0,-76.0
1777889007.1153324,1.0,-1.0,-78.0
1777889007.1253324,2.0,0.0,-75.0
1777889007.1353323,-1.0,2.0,-76.0
1777889007.1453323,0.0,0.0,-70.0
1777889007.1553323,1.0,1.0,-69.0
1777889007.1653323,3.0,0.0,-72.0
1777889007.1753323,1.0,4.0,-78.0
1777889007.1853323,0.0,3.0,-75.0
1777889007.1953323,-2.0,4.0,-77.0
1777889007.2053325,0.0,0.0,-78.0
1777889007.2153325,1.0,-1.0,-79.0
1777889007.2253325,1.0,-3.0,-77.0
1777889007.2353325,1.0,-5.0,-81.0
1777889007.2453325,-2.0,-9.0,-79.0
1777889007.2553325,0.0,-4.0,-72.0
1777889007.2653325,-6.0,0.0,-71.0
1777889007.2753325,-3.0,0.0,-74.0
1777889007.2853324,1.0,-5.0,-75.0
1777889007.2953324,-2.0,-2.0,-79.0
1777889007.3053324,-2.0,-2.0,-80.0
1777889007.3153324,0.0,-2.0,-76.0
1777889007.3253324,1.0,-4.0,-74.0
1777889007.3353324,-2.0,-3.0,-73.0
1777889007.3453324,0.0,-2.0,-72.0
1777889007.3553324,8.0,1.0,-73.0
1777889007.3653324,5.0,-2.0,-65.0
1777889007.3753324,6.0,0.0,-66.0
1777889007.3853323,5.0,2.0,-65.0
1777889007.3953323,5.0,5.0,-67.0
1777889007.4053323,10.0,4.0,-67.0
1777889007.4153323,6.0,4.0,-70.0
1777889007.4253323,7.0,2.0,-75.0
1777889007.4353323,7.0,0.0,-78.0
1777889007.4453323,7.0,0.0,-76.0
1777889007.4553325,8.0,0.0,-76.0
1777889007.4653325,6.0,0.0,-81.0
1777889007.4753325,9.0,4.0,-82.0
1777889007.4853325,7.0,4.0,-79.0
1777889007.4953325,6.0,0.0,-73.0
1777889007.5053325,1.0,4.0,-69.0
1777889007.5153325,-1.0,2.0,-75.0
1777889007.5253325,-2.0,3.0,-79.0
1777889007.5353324,0.0,1.0,-81.0
1777889007.5453324,2.0,2.0,-88.0
1777889007.5553324,4.0,2.0,-91.0
1777889007.5653324,5.0,0.0,-84.0
1777889007.5753324,7.0,0.0,-73.0
1777889007.5853324,1.0,0.0,-73.0
1777889007.5953324,2.0,3.0,-70.0
1777889007.6053324,2.0,5.0,-76.0
1777889007.6153324,2.0,4.0,-73.0
1777889007.6253324,2.0,2.0,-71.0
1777889007.6353323,1.0,1.0,-74.0
1777889007.6453323,3.0,4.0,-76.0
1777889007.6553323,1.0,5.0,-74.0
1777889007.6653323,0.0,4.0,-68.0
1777889007.6753323,1.0,0.0,-66.0
1777889007.6853323,2.0,-2.0,-70.0
1777889007.6953323,2.0,-4.0,-68.0
1777889007.7053325,1.0,-1.0,-59.0
1777889007.7153325,3.0,0.0,-55.0
1777889007.7253325,1.0,-1.0,-62.0
1777889007.7353325,3.0,0.0,-64.0
1777889007.7453325,6.0,-2.0,-70.0
1777889007.7553325,7.0,-5.0,-66.0
1777889007.7653325,1.0,-7.0,-64.0
1777889007.7753325,0.0,-6.0,-66.0
1777889007.7853324,1.0,-4.0,-60.0
1777889007.7953324,1.0,-4.0,-60.0
1777889007.8053324,2.0,-2.0,-58.0
1777889007.8153324,1.0,0.0,-59.0
1777889007.8253324,0.0,-3.0,-67.0
1777889007.8353324,-2.0,-3.0,-70.0
1777889007.8453324,-3.0,-2.0,-68.0
1777889007.8553324,1.0,0.0,-65.0
1777889007.8653324,3.0,0.0,-64.0
1777889007.8753324,2.0,-3.0,-66.0
1777889007.8853323,4.0,0.0,-73.0
1777889007.8953323,3.0,0.0,-70.0
1777889007.9053323,6.0,1.0,-70.0
1777889007.9153323,6.0,2.0,-75.0
1777889007.9253323,3.0,-1.0,-75.0
1777889007.9353323,0.0,-4.0,-71.0
1777889007.9453323,-5.0,-1.0,-74.0
1777889007.9553325,-1.0,-1.0,-63.0
1777889007.9653325,-2.0,-6.0,-75.0
1777889007.9753325,0.0,-5.0,-75.0
1777889007.9853325,0.0,-4.0,-85.0
1777889007.9953325,-6.0,-3.0,-88.0
1777889008.0053325,-3.0,-3.0,-87.0
1777889008.0153325,0.0,0.0,-77.0
1777889008.0253325,-1.0,5.0,-81.0
1777889008.0353324,-3.0,4.0,-78.0
1777889008.0453324,-4.0,3.0,-80.0
1777889008.0553324,-4.0,3.0,-77.0
1777889008.0653324,-2.0,1.0,-77.0
1777889008.0753324,-1.0,2.0,-79.0
1777889008.0853324,-1.0,1.0,-75.0
1777889008.0953324,0.0,-2.0,-83.0
1777889008.1053324,-2.0,-3.0,-73.0
1777889008.1153324,-3.0,-2.0,-74.0
1777889008.1253324,0.0,-5.0,-78.0
1777889008.1353323,1.0,-3.0,-75.0
1777889008.1453323,5.0,-2.0,-76.0
1777889008.1553323,3.0,-6.0,-81.0
1777889008.1653323,-2.0,-6.0,-81.0
1777889008.1753323,-4.0,-6.0,-82.0
1777889008.1853323,-6.0,-3.0,-83.0
1777889008.1953323,-4.0,-1.0,-76.0
1777889008.2053325,-4.0,-4.0,-76.0
1777889008.2153325,0.0,-5.0,-71.0
1777889008.2253325,-1.0,3.0,-72.0
1777889008.2353325,0.0,2.0,-76.0
1777889008.2453325,-3.0,0.0,-77.0
1777889008.2553325,-1.0,1.0,-76.0
1777889008.2653325,-5.0,2.0,-80.0
1777889008.2753325,-3.0,2.0,-80.0
1777889008.2853324,0.0,1.0,-79.0
1777889008.2953324,-1.0,1.0,-77.0
1777889008.3053324,-2.0,0.0,-80.0
1777889008.3153324,-2.0,-4.0,-79.0
1777889008.3253324,-4.0,-3.0,-82.0
1777889008.3353324,-4.0,-2.0,-83.0
1777889008.3453324,-1.0,1.0,-78.0
1777889008.3553324,3.0,2.0,-74.0
1777889008.3653324,-3.0,4.0,-74.0
1777889008.3753324,-2.0,2.0,-72.0
1777889008.3853323,-3.0,2.0,-71.0
1777889008.3953323,-4.0,1.0,-78.0
1777889008.4053323,-6.0,0.0,-84.0
1777889008.4153323,-9.0,-5.0,-79.0
1777889008.4253323,-8.0,-1.0,-81.0
1777889008.4353323,-10.0,-4.0,-80.0
1777889008.4453323,-10.0,-4.0,-77.0
1777889008.4553325,-8.0,-2.0,-76.0
1777889008.4653325,-7.0,-2.0,-72.0
1777889008.4753325,1.0,1.0,-74.0
1777889008.4853325,2.0,-2.0,-75.0
1777889008.4953325,-4.0,1.0,-78.0
1777889008.5053325,-6.0,3.0,-74.0
1777889008.5153325,-6.0,2.0,-74.0
1777889008.5263324,-3.0,1.0,-72.0
1777889008.5353324,-8.0,1.0,-72.0
1777889008.5453324,-4.0,1.0,-76.0
1777889008.5553324,-2.0,-2.0,-74.0
1777889008.5653324,1.0,-2.0,-69.0
1777889008.5753324,0.0,-1.0,-68.0
1777889008.5853324,-4.0,-2.0,-73.0
1777889008.5953324,-6.0,1.0,-77.0
1777889008.6053324,-3.0,3.0,-76.0
1777889008.6153324,-5.0,4.0,-80.0
1777889008.6253324,-5.0,9.0,-81.0
1777889008.6353323,-6.0,7.0,-84.0
1777889008.6453323,-1.0,8.0,-84.0
1777889008.6553323,0.0,0.0,-83.0
1777889008.6653323,1.0,-3.0,-82.0
1777889008.6753323,0.0,-2.0,-72.0
1777889008.6853323,5.0,-1.0,-71.0
1777889008.6953323,5.0,0.0,-73.0
1777889008.7053325,3.0,4.0,-75.0
1777889008.7153325,1.0,5.0,-75.0
1777889008.7253325,4.0,5.0,-73.0
1777889008.7353325,5.0,2.0,-71.0
1777889008.7453325,5.0,2.0,-76.0
1777889008.7553325,4.0,0.0,-75.0
1777889008.7653325,3.0,0.0,-74.0
1777889008.7753325,6.0,-3.0,-74.0
1777889008.7853324,4.0,-5.0,-74.0
1777889008.7953324,2.0,-2.0,-73.0
1777889008.8053324,3.0,0.0,-68.0
1777889008.8153324,6.0,-3.0,-67.0
1777889008.8253324,7.0,-4.0,-70.0
1777889008.8353324,5.0,-5.0,-75.0
1777889008.8463323,1.0,0.0,-71.0
1777889008.8563323,-2.0,0.0,-73.0
1777889008.8663323,-4.0,0.0,-76.0
1777889008.8753324,-4.0,-1.0,-75.0
1777889008.8863325,-6.0,0.0,-80.0
1777889008.8963325,-5.0,0.0,-85.0
1777889008.9063325,-8.0,-4.0,-82.0
1777889008.9163325,-3.0,-6.0,-78.0
1777889008.9263325,-1.0,-7.0,-85.0
1777889008.9363325,-5.0,-8.0,-83.0
1777889008.9463325,-2.0,-4.0,-86.0
1777889008.9563324,0.0,-3.0,-83.0
1777889008.9663324,3.0,-4.0,-87.0
1777889008.9763324,0.0,-6.0,-85.0
1777889008.9863324,-2.0,-7.0,-78.0
1777889008.9963324,0.0,-4.0,-74.0
1777889009.0063324,0.0,-3.0,-67.0
1777889009.0163324,1.0,-5.0,-66.0
1777889009.0263324,4.0,-5.0,-69.0
1777889009.0363324,-1.0,-4.0,-72.0
1777889009.0463324,0.0,-7.0,-71.0
1777889009.0563323,-1.0,-6.0,-71.0
1777889009.0663323,-8.0,-5.0,-73.0
1777889009.0763323,-9.0,-6.0,-74.0
1777889009.0863323,-6.0,-6.0,-74.0
1777889009.0963323,-5.0,-5.0,-74.0
1777889009.1063323,-3.0,-4.0,-74.0
1777889009.1163323,-1.0,0.0,-80.0
1777889009.1263323,4.0,-2.0,-80.0
1777889009.1363325,5.0,1.0,-78.0
1777889009.1463325,4.0,1.0,-78.0
1777889009.1563325,4.0,1.0,-79.0
1777889009.1663325,3.0,0.0,-75.0
1777889009.1763325,4.0,0.0,-70.0
1777889009.1863325,0.0,1.0,-78.0
1777889009.1963325,-1.0,5.0,-73.0
1777889009.2063324,2.0,5.0,-76.0
1777889009.2163324,0.0,3.0,-74.0
1777889009.2263324,0.0,4.0,-76.0
1777889009.2363324,-1.0,7.0,-80.0
1777889009.2463324,-1.0,7.0,-81.0
1777889009.2563324,-1.0,7.0,-83.0
1777889009.2663324,-3.0,2.0,-79.0
1777889009.2763324,3.0,0.0,-80.0
1777889009.2863324,5.0,1.0,-78.0
1777889009.2963324,6.0,3.0,-81.0
1777889009.3063323,4.0,1.0,-76.0
1777889009.3163323,3.0,7.0,-76.0
1777889009.3263323,5.0,5.0,-79.0
1777889009.3363323,2.0,4.0,-72.0
1777889009.3463323,0.0,4.0,-72.0
1777889009.3563323,1.0,0.0,-73.0
1777889009.3663323,3.0,-3.0,-71.0
1777889009.3763323,5.0,-5.0,-72.0
1777889009.3863325,7.0,-7.0,-77.0
1777889009.3963325,8.0,-5.0,-79.0
1777889009.4063325,5.0,-4.0,-77.0
1777889009.4163325,4.0,-4.0,-72.0
1777889009.4263325,1.0,-6.0,-74.0
1777889009.4363325,0.0,-10.0,-82.0
1777889009.4463325,0.0,-10.0,-76.0
1777889009.4563324,1.0,-8.0,-85.0
1777889009.4663324,0.0,-2.0,-86.0
1777889009.4763324,0.0,0.0,-80.0
1777889009.4863324,-1.0,5.0,-77.0
1777889009.4963324,0.0,5.0,-77.0
1777889009.5063324,3.0,4.0,-77.0
1777889009.5163324,4.0,2.0,-75.0
1777889009.5263324,4.0,0.0,-74.0
1777889009.5363324,0.0,-2.0,-73.0
1777889009.5463324,5.0,-1.0,-63.0
1777889009.5563323,1.0,2.0,-59.0
1777889009.5663323,0.0,-1.0,-67.0
1777889009.5763323,0.0,0.0,-63.0
1777889009.5863323,2.0,0.0,-62.0
1777889009.5963323,1.0,0.0,-68.0
1777889009.6063323,-1.0,2.0,-74.0
1777889009.6163323,-1.0,-1.0,-75.0
1777889009.6263323,2.0,-4.0,-69.0
1777889009.6363325,4.0,-6.0,-62.0
1777889009.6463325,2.0,-9.0,-70.0
1777889009.6563325,3.0,-6.0,-72.0
1777889009.6663325,3.0,-2.0,-75.0
1777889009.6763325,4.0,-2.0,-72.0
1777889009.6863325,2.0,-1.0,-76.0
1777889009.6963325,2.0,-6.0,-80.0
1777889009.7063324,-2.0,-7.0,-75.0
1777889009.7163324,-1.0,-4.0,-70.0
1777889009.7263324,0.0,0.0,-68.0
1777889009.7363324,3.0,0.0,-69.0
1777889009.7463324,2.0,-2.0,-64.0
1777889009.7563324,3.0,-6.0,-66.0
1777889009.7663324,4.0,-7.0,-72.0
1777889009.7763324,4.0,-4.0,-76.0
1777889009.7863324,5.0,-3.0,-84.0
1777889009.7963324,2.0,-1.0,-84.0
1777889009.8063323,3.0,0.0,-79.0
1777889009.8163323,4.0,0.0,-83.0
1777889009.8263323,0.0,0.0,-85.0
1777889009.8363323,0.0,-2.0,-84.0
1777889009.8463323,0.0,-1.0,-76.0
1777889009.8563323,0.0,-1.0,-75.0
1777889009.8663323,3.0,-1.0,-76.0
1777889009.8763323,1.0,-5.0,-74.0
1777889009.8863325,0.0,-6.0,-80.0
1777889009.8963325,3.0,-2.0,-73.0
1777889009.9063325,0.0,-1.0,-69.0
1777889009.9163325,0.0,-5.0,-69.0
1777889009.9263325,0.0,-1.0,-71.0
1777889009.9363325,-2.0,-2.0,-72.0
1777889009.9463325,-4.0,0.0,-73.0
1777889009.9563324,-2.0,4.0,-66.0
1777889009.9663324,0.0,1.0,-71.0
1777889009.9763324,0.0,0.0,-74.0
1777889009.9863324,1.0,1.0,-73.0
1777889009.9963324,0.0,3.0,-68.0
1777889010.0063324,3.0,1.0,-72.0
1777889010.0163324,2.0,2.0,-77.0
1777889010.0263324,-2.0,2.0,-75.0
1777889010.0363324,3.0,1.0,-75.0
1777889010.0463324,0.0,0.0,-70.0
1777889010.0563323,2.0,0.0,-67.0
1777889010.0663323,1.0,0.0,-69.0
1777889010.0763323,0.0,0.0,-76.0
1777889010.0863323,-4.0,0.0,-78.0
1777889010.0963323,0.0,-2.0,-78.0
1777889010.1063323,-2.0,0.0,-79.0
1777889010.1163323,-3.0,0.0,-77.0
1777889010.1263323,-2.0,3.0,-73.0
1777889010.1363325,-3.0,3.0,-75.0
1777889010.1463325,0.0,3.0,-74.0
1777889010.1563325,0.0,3.0,-77.0
1777889010.1663325,5.0,2.0,-85.0
1777889010.1763325,4.0,-1.0,-79.0
1777889010.1863325,0.0,0.0,-79.0
1777889010.1963325,4.0,1.0,-67.0
1777889010.2063324,2.0,-4.0,-74.0
1777889010.2163324,0.0,-6.0,-73.0
1777889010.2263324,-1.0,-9.0,-72.0
1777889010.2363324,-2.0,-5.0,-74.0
1777889010.2463324,-5.0,-2.0,-78.0
1777889010.2563324,-4.0,-1.0,-72.0
1777889010.2663324,-4.0,0.0,-74.0
1777889010.2763324,-5.0,0.0,-72.0
1777889010.2863324,-8.0,3.0,-73.0
1777889010.2963324,-3.0,2.0,-72.0
1777889010.3063323,-4.0,-2.0,-76.0
1777889010.3163323,1.0,-1.0,-83.0
1777889010.3263323,3.0,-1.0,-85.0
1777889010.3363323,4.0,-2.0,-84.0
1777889010.3463323,4.0,-2.0,-88.0
1777889010.3563323,8.0,-4.0,-91.0
1777889010.3663323,8.0,-4.0,-85.0
1777889010.3763323,7.0,-1.0,-84.0
1777889010.3863325,9.0,3.0,-82.0
1777889010.3963325,5.0,0.0,-83.0
1777889010.4063325,7.0,1.0,-84.0
1777889010.4163325,6.0,0.0,-85.0
1777889010.4263325,5.0,-7.0,-82.0
1777889010.4363325,1.0,-9.0,-75.0
1777889010.4463325,2.0,-8.0,-77.0
1777889010.4563324,1.0,-7.0,-76.0
1777889010.4663324,1.0,-9.0,-79.0
1777889010.4763324,0.0,-11.0,-81.0
1777889010.4863324,0.0,-9.0,-92.0
1777889010.4963324,0.0,-11.0,-79.0
1777889010.5063324,3.0,-8.0,-76.0
1777889010.5163324,2.0,-2.0,-71.0
1777889010.5263324,0.0,-2.0,-67.0
1777889010.5363324,0.0,0.0,-69.0
1777889010.5463324,0.0,-6.0,-71.0
1777889010.5563323,5.0,-7.0,-67.0
1777889010.5663323,8.0,0.0,-65.0
1777889010.5763323,7.0,-1.0,-68.0
1777889010.5863323,11.0,-5.0,-80.0
1777889010.5963323,15.0,-5.0,-76.0
1777889010.6063323,12.0,-6.0,-81.0
1777889010.6163323,8.0,0.0,-70.0
1777889010.6263323,7.0,-3.0,-68.0
1777889010.6363325,5.0,-1.0,-72.0
1777889010.6463325,7.0,-3.0,-68.0
1777889010.6563325,10.0,-3.0,-66.0
1777889010.6663325,5.0,-2.0,-73.0
1777889010.6763325,1.0,-4.0,-69.0
1777889010.6863325,3.0,-6.0,-65.0
1777889010.6963325,0.0,-2.0,-67.0
1777889010.7063324,0.0,2.0,-65.0
1777889010.7163324,-2.0,0.0,-63.0
1777889010.7263324,-3.0,0.0,-58.0
1777889010.7363324,0.0,0.0,-61.0
1777889010.7463324,0.0,0.0,-65.0
1777889010.7563324,4.0,-3.0,-67.0
1777889010.7663324,5.0,-4.0,-61.0
1777889010.7763324,4.0,-4.0,-67.0
1777889010.7863324,0.0,-2.0,-72.0
1777889010.7963324,1.0,-2.0,-78.0
1777889010.8073325,-1.0,-3.0,-77.0
1777889010.8163323,0.0,-2.0,-75.0
1777889010.8263323,0.0,2.0,-74.0
1777889010.8373325,-1.0,5.0,-76.0
1777889010.8463323,-2.0,6.0,-77.0
1777889010.8563323,-1.0,2.0,-77.0
1777889010.8673325,-1.0,0.0,-78.0
1777889010.8773324,1.0,-4.0,-78.0
1777889010.8873324,2.0,0.0,-83.0
1777889010.8973324,3.0,3.0,-80.0
1777889010.9073324,5.0,7.0,-77.0
1777889010.9173324,0.0,6.0,-77.0
1777889010.9273324,0.0,5.0,-72.0
1777889010.9373324,0.0,6.0,-75.0
1777889010.9473324,2.0,4.0,-70.0
1777889010.9573324,-2.0,5.0,-70.0
1777889010.9673324,-3.0,6.0,-77.0
1777889010.9773324,-7.0,4.0,-81.0
1777889010.9873323,-5.0,1.0,-81.0
1777889010.9973323,-4.0,2.0,-81.0
1777889011.0073323,-9.0,3.0,-81.0
1777889011.0173323,-9.0,2.0,-83.0
1777889011.0273323,-4.0,3.0,-79.0
1777889011.0373323,-1.0,0.0,-83.0
1777889011.0473323,0.0,0.0,-85.0
1777889011.0573325,0.0,3.0,-87.0
1777889011.0673325,3.0,2.0,-72.0
1777889011.0773325,2.0,4.0,-75.0
1777889011.0873325,0.0,4.0,-79.0
1777889011.0973325,0.0,0.0,-77.0
1777889011.1073325,2.0,-2.0,-78.0
1777889011.1173325,0.0,0.0,-76.0
1777889011.1273324,2.0,0.0,-85.0
1777889011.1373324,4.0,0.0,-86.0
1777889011.1473324,9.0,0.0,-89.0
1777889011.1573324,0.0,1.0,-88.0
1777889011.1673324,1.0,1.0,-86.0
1777889011.1773324,2.0,-2.0,-85.0
1777889011.1873324,3.0,-4.0,-84.0
1777889011.1973324,5.0,-1.0,-81.0
1777889011.2073324,5.0,-2.0,-78.0
1777889011.2173324,0.0,-4.0,-81.0
1777889011.2273324,-2.0,-5.0,-81.0
1777889011.2373323,-2.0,-2.0,-75.0
1777889011.2473323,0.0,-1.0,-72.0
1777889011.2573323,0.0,-1.0,-73.0
1777889011.2673323,0.0,1.0,-80.0
1777889011.2773323,-3.0,0.0,-77.0
1777889011.2873323,1.0,0.0,-73.0
1777889011.2973323,4.0,1.0,-70.0
1777889011.3073325,8.0,5.0,-76.0
1777889011.3173325,6.0,3.0,-76.0
1777889011.3273325,5.0,6.0,-72.0
1777889011.3373325,5.0,8.0,-74.0
1777889011.3473325,5.0,11.0,-70.0
1777889011.3573325,4.0,10.0,-72.0
1777889011.3673325,8.0,9.0,-79.0
1777889011.3773324,3.0,3.0,-78.0
1777889011.3873324,3.0,-1.0,-81.0
1777889011.3973324,3.0,-1.0,-85.0
1777889011.4073324,3.0,0.0,-87.0
1777889011.4173324,10.0,-2.0,-84.0
1777889011.4273324,8.0,0.0,-85.0
1777889011.4373324,6.0,0.0,-84.0
1777889011.4473324,4.0,0.0,-80.0
1777889011.4573324,10.0,0.0,-78.0
1777889011.4673324,7.0,0.0,-82.0
1777889011.4773324,4.0,0.0,-79.0
1777889011.4873323,4.0,0.0,-75.0
1777889011.4973323,3.0,-1.0,-81.0
1777889011.5073323,3.0,-3.0,-79.0
1777889011.5173323,3.0,-1.0,-75.0
1777889011.5273323,0.0,-5.0,-83.0
1777889011.5373323,-3.0,-4.0,-83.0
1777889011.5473323,-5.0,-4.0,-80.0
1777889011.5573325,-5.0,0.0,-78.0
1777889011.5673325,0.0,-2.0,-78.0
1777889011.5773325,1.0,-2.0,-76.0
1777889011.5873325,0.0,-4.0,-82.0
1777889011.5973325,0.0,-2.0,-75.0
1777889011.6073325,1.0,-7.0,-71.0
1777889011.6173325,2.0,-4.0,-72.0
1777889011.6273324,3.0,-6.0,-79.0
1777889011.6373324,1.0,-5.0,-77.0
1777889011.6473324,0.0,-6.0,-74.0
1777889011.6573324,0.0,-11.0,-80.0
1777889011.6673324,-3.0,-13.0,-79.0
1777889011.6773324,-4.0,-12.0,-77.0
1777889011.6873324,-4.0,-9.0,-78.0
1777889011.6973324,-3.0,-8.0,-75.0
1777889011.7073324,-5.0,-6.0,-71.0
1777889011.7173324,-7.0,-4.0,-71.0
1777889011.7273324,-4.0,0.0,-76.0
1777889011.7373323,-3.0,1.0,-77.0
1777889011.7473323,-7.0,0.0,-75.0
1777889011.7573323,-6.0,0.0,-85.0
1777889011.7673323,-2.0,-1.0,-83.0
1777889011.7773323,0.0,-3.0,-82.0
1777889011.7873323,-3.0,-3.0,-75.0
1777889011.7973323,-6.0,-4.0,-76.0
1777889011.8073325,-8.0,-5.0,-75.0
1777889011.8173325,-5.0,-1.0,-73.0
1777889011.8273325,-6.0,-1.0,-73.0
1777889011.8373325,-3.0,4.0,-76.0
1777889011.8473325,-3.0,5.0,-79.0
1777889011.8573325,-2.0,3.0,-76.0
1777889011.8673325,-6.0,4.0,-68.0
1777889011.8773324,-5.0,1.0,-73.0
1777889011.8873324,-2.0,-6.0,-73.0
1777889011.8973324,-3.0,-7.0,-74.0
1777889011.9073324,-3.0,-6.0,-70.0
1777889011.9173324,0.0,-8.0,-73.0
1777889011.9273324,0.0,-2.0,-75.0
1777889011.9373324,0.0,-1.0,-78.0
1777889011.9473324,1.0,-1.0,-70.0
1777889011.9573324,0.0,2.0,-65.0
1777889011.9673324,-2.0,0.0,-67.0
1777889011.9773324,1.0,-2.0,-76.0
1777889011.9873323,0.0,-6.0,-81.0
1777889011.9973323,2.0,-6.0,-87.0
1777889012.0073323,6.0,-7.0,-81.0
1777889012.0173323,3.0,-6.0,-71.0
1777889012.0273323,1.0,-4.0,-68.0
1777889012.0373323,2.0,-3.0,-67.0
1777889012.0473323,0.0,-3.0,-76.0
1777889012.0573325,0.0,0.0,-78.0
1777889012.0673325,3.0,2.0,-80.0
1777889012.0773325,1.0,1.0,-83.0
1777889012.0873325,0.0,0.0,-86.0
1777889012.0973325,-5.0,0.0,-92.0
1777889012.1073325,-4.0,0.0,-86.0
1777889012.1173325,-2.0,-1.0,-81.0
1777889012.1273324,-3.0,-2.0,-76.0
1777889012.1373324,-3.0,-4.0,-79.0
1777889012.1473324,-4.0,0.0,-74.0
1777889012.1573324,-1.0,3.0,-80.0
1777889012.1673324,5.0,0.0,-83.0
1777889012.1773324,2.0,2.0,-81.0
1777889012.1873324,3.0,4.0,-73.0
1777889012.1973324,1.0,1.0,-74.0
1777889012.2073324,4.0,0.0,-70.0
1777889012.2173324,1.0,1.0,-70.0
1777889012.2273324,4.0,3.0,-69.0
1777889012.2373323,4.0,1.0,-74.0
1777889012.2473323,4.0,0.0,-81.0
1777889012.2573323,0.0,0.0,-80.0
1777889012.2673323,-2.0,-2.0,-79.0
1777889012.2773323,2.0,-4.0,-76.0
1777889012.2873323,0.0,-4.0,-79.0
1777889012.2973323,0.0,-5.0,-73.0
1777889012.3073325,1.0,0.0,-68.0
1777889012.3173325,0.0,0.0,-68.0
1777889012.3273325,0.0,0.0,-73.0
1777889012.3373325,3.0,1.0,-72.0
1777889012.3473325,4.0,0.0,-78.0
1777889012.3573325,4.0,1.0,-77.0
1777889012.3673325,1.0,3.0,-78.0
1777889012.3773324,1.0,3.0,-74.0
1777889012.3873324,-3.0,3.0,-75.0
1777889012.3973324,-3.0,2.0,-73.0
1777889012.4073324,0.0,0.0,-77.0
1777889012.4173324,5.0,0.0,-75.0
1777889012.4273324,3.0,-2.0,-76.0
1777889012.4373324,4.0,-2.0,-77.0
1777889012.4473324,3.0,-2.0,-78.0
1777889012.4573324,3.0,-3.0,-78.0
1777889012.4673324,1.0,-3.0,-74.0
1777889012.4773324,1.0,-1.0,-70.0
1777889012.4873323,2.0,-2.0,-77.0
1777889012.4973323,2.0,-2.0,-81.0
1777889012.5073323,0.0,0.0,-77.0
1777889012.5173323,5.0,2.0,-82.0
1777889012.5273323,9.0,0.0,-82.0
1777889012.5373323,12.0,0.0,-82.0
1777889012.5473323,12.0,1.0,-76.0
1777889012.5573325,5.0,0.0,-72.0
1777889012.5673325,-1.0,0.0,-72.0
1777889012.5773325,-7.0,2.0,-74.0
1777889012.5873325,-6.0,0.0,-77.0
1777889012.5973325,-5.0,2.0,-73.0
1777889012.6073325,-3.0,5.0,-73.0
1777889012.6173325,0.0,2.0,-75.0
1777889012.6273324,-1.0,0.0,-73.0
1777889012.6373324,0.0,-1.0,-75.0
1777889012.6473324,1.0,-2.0,-77.0
1777889012.6573324,-3.0,-2.0,-71.0
1777889012.6673324,-2.0,-1.0,-69.0
1777889012.6773324,0.0,0.0,-64.0
1777889012.6873324,-1.0,-2.0,-69.0
1777889012.6973324,-4.0,-1.0,-74.0
1777889012.7073324,-5.0,-2.0,-73.0
1777889012.7173324,-6.0,-6.0,-71.0
1777889012.7273324,-7.0,-7.0,-71.0
1777889012.7373323,-4.0,-4.0,-66.0
1777889012.7473323,-6.0,0.0,-67.0
1777889012.7573323,-4.0,0.0,-71.0
1777889012.7673323,-2.0,-1.0,-75.0
1777889012.7773323,1.0,-4.0,-69.0
1777889012.7873323,1.0,-7.0,-67.0
1777889012.7973323,1.0,-6.0,-71.0
1777889012.8083324,-3.0,-4.0,-67.0
1777889012.8183324,-3.0,-2.0,-69.0
1777889012.8273325,-3.0,-1.0,-63.0
1777889012.8383324,-4.0,0.0,-60.0
1777889012.8483324,-1.0,0.0,-62.0
1777889012.8583324,-6.0,-1.0,-68.0
1777889012.8683324,-7.0,-6.0,-73.0
1777889012.8783324,-10.0,-6.0,-76.0
1777889012.8883324,-6.0,-6.0,-77.0
1777889012.8983324,-6.0,-5.0,-71.0
1777889012.9083323,0.0,-3.0,-71.0
1777889012.9183323,-1.0,-3.0,-78.0
1777889012.9283323,-4.0,1.0,-78.0
1777889012.9383323,-3.0,2.0,-78.0
1777889012.9483323,3.0,1.0,-76.0
1777889012.9583323,4.0,1.0,-77.0
1777889012.9683323,-1.0,-1.0,-69.0
1777889012.9783323,0.0,0.0,-70.0
1777889012.9883325,3.0,1.0,-67.0
1777889012.9983325,3.0,3.0,-59.0
1777889013.0083325,2.0,1.0,-66.0
1777889013.0183325,2.0,2.0,-71.0
1777889013.0283325,6.0,0.0,-73.0
1777889013.0383325,2.0,-3.0,-73.0
1777889013.0483325,3.0,-5.0,-76.0
1777889013.0583324,7.0,-7.0,-75.0
1777889013.0683324,4.0,-8.0,-85.0
1777889013.0783324,3.0,-5.0,-85.0
1777889013.0883324,0.0,-4.0,-82.0
1777889013.0983324,0.0,-5.0,-84.0
1777889013.1083324,0.0,-3.0,-82.0
1777889013.1183324,4.0,-2.0,-84.0
1777889013.1283324,2.0,0.0,-88.0
1777889013.1383324,-1.0,-5.0,-86.0
1777889013.1483324,-3.0,-9.0,-84.0
1777889013.1583323,-1.0,-6.0,-78.0
1777889013.1683323,3.0,-4.0,-78.0
1777889013.1783323,0.0,1.0,-74.0
1777889013.1883323,3.0,5.0,-72.0
1777889013.1983323,3.0,4.0,-72.0
1777889013.2083323,0.0,4.0,-81.0
1777889013.2183323,2.0,3.0,-78.0
1777889013.2283323,5.0,-3.0,-72.0
1777889013.2383325,7.0,-2.0,-71.0
1777889013.2483325,5.0,0.0,-72.0
1777889013.2583325,9.0,3.0,-70.0
1777889013.2683325,8.0,1.0,-76.0
1777889013.2783325,10.0,1.0,-70.0
1777889013.2883325,6.0,0.0,-63.0
1777889013.2983325,6.0,0.0,-59.0
1777889013.3083324,3.0,0.0,-65.0
1777889013.3183324,2.0,0.0,-73.0
1777889013.3283324,0.0,1.0,-72.0
1777889013.3383324,1.0,0.0,-67.0
1777889013.3483324,0.0,0.0,-66.0
1777889013.3583324,3.0,-1.0,-71.0
1777889013.3683324,4.0,-2.0,-77.0
1777889013.3783324,4.0,-3.0,-82.0
1777889013.3883324,7.0,-7.0,-82.0
1777889013.3983324,4.0,-5.0,-81.0
1777889013.4083323,9.0,-4.0,-79.0
1777889013.4183323,11.0,-4.0,-79.0
1777889013.4283323,11.0,-1.0,-81.0
1777889013.4383323,6.0,0.0,-86.0
1777889013.4483323,5.0,0.0,-84.0
1777889013.4583323,10.0,-1.0,-83.0
1777889013.4683323,15.0,-1.0,-94.0
1777889013.4783323,11.0,0.0,-87.0
1777889013.4883325,11.0,-1.0,-83.0
1777889013.4983325,12.0,-5.0,-82.0
1777889013.5083325,9.0,-8.0,-80.0
1777889013.5183325,10.0,-8.0,-68.0
1777889013.5283325,8.0,-9.0,-70.0
1777889013.5383325,3.0,-4.0,-66.0
1777889013.5483325,3.0,-3.0,-73.0
1777889013.5583324,8.0,0.0,-74.0
1777889013.5683324,7.0,0.0,-67.0
1777889013.5783324,4.0,0.0,-70.0
1777889013.5883324,3.0,-1.0,-68.0
1777889013.5983324,2.0,-3.0,-68.0
1777889013.6083324,0.0,-6.0,-64.0
1777889013.6183324,3.0,-5.0,-65.0
1777889013.6283324,4.0,-6.0,-67.0
1777889013.6383324,7.0,-5.0,-68.0
1777889013.6483324,5.0,-6.0,-71.0
1777889013.6583323,6.0,-1.0,-71.0
1777889013.6683323,7.0,-3.0,-72.0
1777889013.6783323,2.0,-1.0,-81.0
1777889013.6883323,-2.0,0.0,-82.0
1777889013.6983323,-6.0,-1.0,-82.0
1777889013.7083323,-6.0,-3.0,-78.0
1777889013.7183323,-2.0,-5.0,-76.0
1777889013.7283323,-5.0,-3.0,-73.0
1777889013.7383325,-2.0,-5.0,-74.0
1777889013.7483325,2.0,-3.0,-70.0
1777889013.7583325,1.0,0.0,-70.0
1777889013.7683325,3.0,0.0,-70.0
1777889013.7783325,1.0,3.0,-72.0
1777889013.7883325,1.0,0.0,-68.0
1777889013.7983325,-3.0,-2.0,-71.0
1777889013.8083324,2.0,-1.0,-79.0
1777889013.8183324,4.0,-1.0,-81.0
1777889013.8283324,4.0,-1.0,-83.0
1777889013.8383324,2.0,0.0,-85.0
1777889013.8483324,0.0,3.0,-86.0
1777889013.8583324,0.0,4.0,-89.0
1777889013.8683324,0.0,3.0,-79.0
1777889013.8783324,-2.0,4.0,-78.0
1777889013.8883324,0.0,-2.0,-72.0
1777889013.8983324,0.0,-4.0,-71.0
1777889013.9083323,0.0,-4.0,-75.0
1777889013.9183323,-3.0,0.0,-76.0
1777889013.9283323,-7.0,0.0,-73.0
1777889013.9383323,-5.0,0.0,-74.0
1777889013.9483323,-5.0,-4.0,-66.0
1777889013.9583323,-1.0,-1.0,-71.0
1777889013.9683323,0.0,-7.0,-72.0
1777889013.9783323,0.0,-11.0,-73.0
1777889013.9883325,0.0,-10.0,-76.0
1777889013.9983325,-1.0,-6.0,-75.0
1777889014.0083325,-2.0,-3.0,-83.0
1777889014.0183325,-2.0,0.0,-79.0
1777889014.0283325,-1.0,0.0,-81.0
1777889014.0383325,1.0,-1.0,-81.0
1777889014.0483325,1.0,3.0,-84.0
1777889014.0583324,-2.0,4.0,-84.0
1777889014.0683324,-1.0,2.0,-83.0
1777889014.0783324,0.0,1.0,-86.0
1777889014.0883324,0.0,1.0,-96.0
1777889014.0983324,0.0,0.0,-88.0
1777889014.1083324,-3.0,-1.0,-83.0
1777889014.1183324,-7.0,2.0,-77.0
1777889014.1283324,-4.0,0.0,-76.0
1777889014.1383324,-1.0,1.0,-84.0
1777889014.1483324,0.0,2.0,-80.0
1777889014.1583323,-3.0,0.0,-79.0
1777889014.1683323,-3.0,0.0,-75.0
1777889014.1783323,-6.0,3.0,-79.0
1777889014.1883323,-2.0,1.0,-83.0
1777889014.1983323,2.0,-2.0,-84.0
1777889014.2083323,5.0,-7.0,-78.0
1777889014.2183323,7.0,-6.0,-74.0
1777889014.2283323,7.0,-5.0,-84.0
1777889014.2383325,4.0,-1.0,-83.0
1777889014.2483325,3.0,-3.0,-80.0
1777889014.2583325,6.0,0.0,-84.0
1777889014.2683325,2.0,-1.0,-85.0
1777889014.2783325,4.0,4.0,-92.0
1777889014.2883325,5.0,1.0,-89.0
1777889014.2983325,5.0,-2.0,-88.0
1777889014.3083324,4.0,0.0,-87.0
1777889014.3183324,-1.0,1.0,-88.0
1777889014.3283324,0.0,2.0,-85.0
1777889014.3383324,-3.0,0.0,-89.0
1777889014.3483324,-5.0,1.0,-86.0
1777889014.3583324,-4.0,0.0,-84.0
1777889014.3683324,0.0,0.0,-88.0
1777889014.3783324,0.0,3.0,-88.0
1777889014.3883324,0.0,1.0,-79.0
1777889014.3983324,0.0,2.0,-76.0
1777889014.4083323,2.0,1.0,-70.0
1777889014.4183323,2.0,3.0,-67.0
1777889014.4283323,1.0,1.0,-69.0
1777889014.4383323,-1.0,1.0,-68.0
1777889014.4483323,0.0,1.0,-73.0
1777889014.4583323,1.0,-1.0,-73.0
1777889014.4683323,2.0,-1.0,-72.0
1777889014.4783323,-1.0,0.0,-72.0
1777889014.4883325,-4.0,-3.0,-74.0
1777889014.4983325,-3.0,-2.0,-75.0
1777889014.5083325,-2.0,1.0,-73.0
1777889014.5183325,-3.0,2.0,-74.0
1777889014.5283325,-6.0,3.0,-71.0
1777889014.5383325,-3.0,1.0,-75.0
1777889014.5483325,0.0,2.0,-74.0
1777889014.5583324,2.0,0.0,-75.0
1777889014.5683324,4.0,1.0,-75.0
1777889014.5783324,5.0,0.0,-75.0
1777889014.5883324,4.0,5.0,-65.0
1777889014.5983324,3.0,7.0,-69.0
1777889014.6083324,-1.0,3.0,-67.0
1777889014.6183324,0.0,0.0,-65.0
1777889014.6283324,1.0,-4.0,-64.0
1777889014.6383324,0.0,-2.0,-66.0
1777889014.6483324,0.0,-3.0,-74.0
1777889014.6583323,0.0,-3.0,-82.0
1777889014.6683323,-3.0,0.0,-83.0
1777889014.6783323,3.0,-1.0,-79.0
1777889014.6883323,3.0,0.0,-78.0
1777889014.6983323,4.0,3.0,-77.0
1777889014.7083323,3.0,0.0,-80.0
1777889014.7183323,2.0,-1.0,-83.0
1777889014.7283323,4.0,-2.0,-78.0
1777889014.7383325,1.0,-4.0,-81.0
1777889014.7483325,3.0,-5.0,-85.0
1777889014.7583325,0.0,-7.0,-87.0
1777889014.7683325,0.0,-8.0,-89.0
1777889014.7783325,-2.0,-5.0,-85.0
1777889014.7883325,2.0,-7.0,-75.0
1777889014.7983325,1.0,-7.0,-71.0
1777889014.8083324,0.0,-7.0,-70.0
1777889014.8193324,-1.0,-4.0,-76.0
1777889014.8283324,1.0,-3.0,-79.0
1777889014.8393323,2.0,-2.0,-79.0
1777889014.8493323,0.0,-1.0,-77.0
1777889014.8593323,-2.0,-3.0,-75.0
1777889014.8693323,-5.0,0.0,-71.0
1777889014.8793323,-3.0,0.0,-76.0
1777889014.8893323,-2.0,-5.0,-79.0
1777889014.8993323,-2.0,-7.0,-78.0
1777889014.9093325,-1.0,-2.0,-80.0
1777889014.9193325,0.0,0.0,-81.0
1777889014.9293325,5.0,-4.0,-79.0
1777889014.9393325,0.0,-3.0,-77.0
1777889014.9493325,-3.0,-4.0,-74.0
1777889014.9593325,0.0,-1.0,-70.0
1777889014.9693325,-2.0,0.0,-59.0
1777889014.9793324,-1.0,-2.0,-56.0
1777889014.9893324,1.0,1.0,-62.0
1777889014.9993324,1.0,2.0,-64.0
1777889015.0093324,1.0,1.0,-69.0
1777889015.0193324,-2.0,2.0,-67.0
1777889015.0293324,-3.0,1.0,-69.0
1777889015.0393324,-1.0,0.0,-67.0
1777889015.0493324,-4.0,0.0,-74.0
1777889015.0593324,0.0,-2.0,-83.0
1777889015.0693324,-1.0,1.0,-87.0
1777889015.0793324,-6.0,-3.0,-84.0
1777889015.0893323,-6.0,-5.0,-83.0
1777889015.0993323,-7.0,0.0,-79.0
1777889015.1093323,-5.0,2.0,-80.0
1777889015.1193323,-2.0,4.0,-82.0
1777889015.1293323,1.0,0.0,-88.0
1777889015.1393323,-1.0,0.0,-89.0
1777889015.1493323,-2.0,0.0,-88.0
1777889015.1593325,-2.0,0.0,-87.0
1777889015.1693325,-4.0,3.0,-86.0
1777889015.1793325,-1.0,6.0,-83.0
1777889015.1893325,-3.0,5.0,-81.0
1777889015.1993325,-5.0,1.0,-84.0
1777889015.2093325,-5.0,0.0,-88.0
1777889015.2193325,-8.0,0.0,-85.0
1777889015.2293324,-7.0,-1.0,-81.0
1777889015.2393324,-9.0,-3.0,-79.0
1777889015.2493324,-10.0,-2.0,-82.0
1777889015.2593324,-9.0,-1.0,-84.0
1777889015.2693324,-7.0,0.0,-81.0
1777889015.2793324,-8.0,1.0,-82.0
1777889015.2893324,-3.0,2.0,-79.0
1777889015.2993324,-4.0,3.0,-86.0
1777889015.3093324,-4.0,4.0,-88.0
1777889015.3193324,1.0,4.0,-84.0
1777889015.3293324,1.0,0.0,-83.0
1777889015.3393323,0.0,-3.0,-84.0
1777889015.3493323,0.0,-1.0,-79.0
1777889015.3593323,1.0,-2.0,-78.0
1777889015.3693323,4.0,0.0,-83.0
1777889015.3793323,2.0,-2.0,-82.0
1777889015.3893323,-3.0,-5.0,-78.0
1777889015.3993323,-5.0,-7.0,-81.0
1777889015.4093325,-3.0,-5.0,-80.0
1777889015.4193325,-5.0,-1.0,-82.0
1777889015.4293325,-7.0,-1.0,-85.0
1777889015.4393325,-8.0,-1.0,-78.0
1777889015.4493325,-4.0,-3.0,-72.0
1777889015.4593325,-3.0,0.0,-74.0
1777889015.4693325,-1.0,0.0,-68.0
1777889015.4793324,0.0,3.0,-70.0
1777889015.4893324,0.0,0.0,-70.0
1777889015.4993324,3.0,0.0,-76.0
1777889015.5093324,1.0,0.0,-76.0
1777889015.5193324,3.0,-1.0,-75.0
1777889015.5293324,4.0,0.0,-69.0
1777889015.5393324,4.0,0.0,-72.0
1777889015.5493324,5.0,3.0,-77.0
1777889015.5593324,3.0,6.0,-79.0
1777889015.5693324,2.0,4.0,-78.0
1777889015.5793324,-1.0,4.0,-79.0
1777889015.5893323,-1.0,0.0,-81.0
1777889015.5993323,-1.0,3.0,-80.0
1777889015.6093323,-2.0,1.0,-73.0
1777889015.6193323,0.0,-2.0,-70.0
1777889015.6293323,-1.0,-2.0,-69.0
1777889015.6393323,2.0,-2.0,-66.0
1777889015.6493323,2.0,-1.0,-60.0
1777889015.6593325,-2.0,0.0,-72.0
1777889015.6693325,-8.0,-1.0,-74.0
1777889015.6793325,-10.0,0.0,-77.0
1777889015.6893325,-8.0,-1.0,-77.0
1777889015.6993325,-11.0,-4.0,-74.0
1777889015.7093325,-9.0,-5.0,-68.0
1777889015.7193325,-8.0,-4.0,-68.0
1777889015.7293324,-4.0,0.0,-70.0
1777889015.7393324,-3.0,2.0,-73.0
1777889015.7493324,0.0,1.0,-74.0
1777889015.7593324,-1.0,0.0,-68.0
1777889015.7693324,1.0,0.0,-67.0
1777889015.7793324,0.0,0.0,-67.0
1777889015.7893324,1.0,-4.0,-60.0
1777889015.7993324,3.0,-1.0,-64.0
1777889015.8093324,8.0,2.0,-65.0
1777889015.8193324,5.0,2.0,-76.0
1777889015.8293324,4.0,8.0,-75.0
1777889015.8393323,6.0,11.0,-74.0
1777889015.8493323,5.0,8.0,-76.0
1777889015.8593323,3.0,6.0,-77.0
1777889015.8693323,6.0,7.0,-82.0
1777889015.8793323,0.0,4.0,-81.0
1777889015.8893323,0.0,1.0,-77.0
1777889015.8993323,0.0,1.0,-82.0
1777889015.9093325,0.0,0.0,-83.0
1777889015.9193325,0.0,1.0,-85.0
1777889015.9293325,0.0,-2.0,-83.0
1777889015.9393325,2.0,-4.0,-78.0
1777889015.9493325,4.0,-6.0,-76.0
1777889015.9593325,2.0,-8.0,-73.0
1777889015.9693325,4.0,0.0,-75.0
1777889015.9793324,2.0,-1.0,-81.0
1777889015.9893324,1.0,0.0,-79.0
1777889015.9993324,2.0,0.0,-78.0
1777889016.0093324,3.0,2.0,-67.0
1777889016.0193324,6.0,3.0,-71.0
1777889016.0293324,8.0,3.0,-72.0
1777889016.0393324,6.0,0.0,-79.0
1777889016.0493324,3.0,-3.0,-80.0
1777889016.0593324,4.0,-1.0,-77.0
1777889016.0693324,5.0,-3.0,-82.0
1777889016.0793324,2.0,-2.0,-83.0
1777889016.0893323,0.0,-5.0,-85.0
1777889016.0993323,2.0,-3.0,-81.0
1777889016.1093323,2.0,0.0,-77.0
1777889016.1193323,2.0,2.0,-75.0
1777889016.1293323,10.0,0.0,-77.0
1777889016.1393323,9.0,0.0,-78.0
1777889016.1493323,0.0,1.0,-80.0
1777889016.1593325,-1.0,-2.0,-79.0
1777889016.1693325,-4.0,-1.0,-83.0
1777889016.1793325,0.0,-1.0,-78.0
1777889016.1893325,-1.0,0.0,-79.0
1777889016.1993325,3.0,-5.0,-76.0
1777889016.2093325,3.0,-4.0,-68.0
1777889016.2193325,4.0,0.0,-71.0
1777889016.2293324,3.0,-3.0,-73.0
1777889016.2393324,5.0,-3.0,-79.0
1777889016.2493324,6.0,2.0,-78.0
1777889016.2593324,4.0,-1.0,-70.0
1777889016.2693324,3.0,0.0,-71.0
1777889016.2793324,4.0,1.0,-75.0
1777889016.2893324,-1.0,3.0,-75.0
1777889016.2993324,-2.0,3.0,-82.0
1777889016.3093324,0.0,5.0,-84.0
1777889016.3193324,2.0,0.0,-84.0
1777889016.3293324,-1.0,0.0,-93.0
1777889016.3393323,0.0,0.0,-88.0
1777889016.3493323,-5.0,2.0,-92.0
1777889016.3593323,-1.0,3.0,-97.0
1777889016.3693323,-8.0,1.0,-98.0
1777889016.3793323,-2.0,-2.0,-95.0
1777889016.3893323,3.0,0.0,-95.0
1777889016.3993323,3.0,-1.0,-91.0
1777889016.4093325,4.0,2.0,-85.0
1777889016.4193325,8.0,1.0,-83.0
1777889016.4293325,7.0,0.0,-79.0
1777889016.4393325,5.0,0.0,-80.0
1777889016.4493325,2.0,0.0,-71.0
1777889016.4593325,3.0,0.0,-70.0
1777889016.4693325,1.0,-1.0,-76.0
1777889016.4793324,0.0,2.0,-77.0
1777889016.4893324,2.0,0.0,-70.0
1777889016.4993324,3.0,2.0,-60.0
1777889016.5093324,1.0,-1.0,-57.0
1777889016.5193324,0.0,-2.0,-60.0
1777889016.5293324,0.0,1.0,-59.0
1777889016.5393324,0.0,4.0,-69.0
1777889016.5493324,-3.0,1.0,-73.0
1777889016.5593324,1.0,0.0,-72.0
1777889016.5693324,0.0,1.0,-71.0
1777889016.5793324,-3.0,1.0,-70.0
1777889016.5893323,-4.0,7.0,-69.0
1777889016.5993323,-1.0,5.0,-77.0
1777889016.6093323,-1.0,3.0,-81.0
1777889016.6193323,-2.0,0.0,-83.0
1777889016.6293323,-1.0,-1.0,-82.0
1777889016.6393323,5.0,-1.0,-82.0
1777889016.6493323,3.0,1.0,-84.0
1777889016.6593325,3.0,0.0,-85.0
1777889016.6693325,8.0,-1.0,-80.0
1777889016.6793325,5.0,-1.0,-86.0
1777889016.6893325,3.0,-1.0,-86.0
1777889016.6993325,2.0,2.0,-80.0
1777889016.7093325,0.0,-2.0,-83.0
1777889016.7193325,2.0,-6.0,-80.0
1777889016.7293324,4.0,-8.0,-76.0
1777889016.7393324,2.0,-5.0,-73.0
1777889016.7493324,4.0,-4.0,-72.0
1777889016.7593324,2.0,-5.0,-73.0
1777889016.7693324,2.0,-4.0,-72.0
1777889016.7793324,-1.0,-7.0,-75.0
1777889016.7903323,0.0,-7.0,-66.0
1777889016.7993324,-3.0,-8.0,-65.0
1777889016.8103323,-2.0,-5.0,-71.0
1777889016.8203323,-2.0,-8.0,-78.0
1777889016.8303325,-7.0,-7.0,-85.0
1777889016.8403325,-4.0,-2.0,-86.0
1777889016.8503325,-3.0,-1.0,-82.0
1777889016.8603325,-5.0,0.0,-84.0
1777889016.8703325,-4.0,-3.0,-78.0
1777889016.8803325,-1.0,-4.0,-73.0
1777889016.8903325,0.0,-3.0,-72.0
1777889016.9003325,-1.0,-3.0,-73.0
1777889016.9103324,5.0,-5.0,-67.0
1777889016.9203324,7.0,-6.0,-65.0
1777889016.9303324,7.0,-8.0,-66.0
1777889016.9403324,3.0,-6.0,-61.0
1777889016.9503324,3.0,-8.0,-65.0
1777889016.9603324,1.0,-3.0,-68.0
1777889016.9703324,1.0,-3.0,-72.0
1777889016.9803324,-1.0,0.0,-68.0
1777889016.9903324,0.0,2.0,-75.0
1777889017.0003324,-5.0,1.0,-71.0
1777889017.0103323,-2.0,-1.0,-72.0
1777889017.0203323,0.0,-8.0,-71.0
1777889017.0303323,0.0,-10.0,-70.0
1777889017.0403323,0.0,-9.0,-75.0
1777889017.0503323,-1.0,-7.0,-77.0
1777889017.0603323,-1.0,-8.0,-77.0
1777889017.0703323,0.0,-5.0,-84.0
1777889017.0803325,2.0,-3.0,-86.0
1777889017.0903325,4.0,-6.0,-83.0
1777889017.1003325,4.0,-3.0,-81.0
1777889017.1103325,5.0,-1.0,-87.0
1777889017.1203325,5.0,0.0,-76.0
1777889017.1303325,5.0,0.0,-73.0
1777889017.1403325,5.0,-3.0,-73.0
1777889017.1503325,5.0,-1.0,-79.0
1777889017.1603324,4.0,-1.0,-83.0
1777889017.1703324,5.0,-2.0,-79.0
1777889017.1803324,8.0,-2.0,-74.0
1777889017.1903324,7.0,-1.0,-72.0
1777889017.2003324,5.0,3.0,-67.0
1777889017.2103324,2.0,0.0,-63.0
1777889017.2203324,0.0,0.0,-70.0
1777889017.2303324,-4.0,1.0,-74.0
1777889017.2403324,-1.0,1.0,-81.0
1777889017.2503324,-1.0,1.0,-80.0
1777889017.2603323,-5.0,3.0,-78.0
1777889017.2703323,-3.0,2.0,-81.0
1777889017.2803323,0.0,6.0,-78.0
1777889017.2903323,0.0,9.0,-73.0
1777889017.3003323,-1.0,10.0,-75.0
1777889017.3103323,0.0,5.0,-77.0
1777889017.3203323,4.0,5.0,-70.0
1777889017.3303325,5.0,5.0,-71.0
1777889017.3403325,3.0,6.0,-69.0
1777889017.3503325,3.0,1.0,-75.0
1777889017.3603325,3.0,-2.0,-71.0
1777889017.3703325,5.0,-2.0,-76.0
1777889017.3803325,7.0,-5.0,-80.0
1777889017.3903325,10.0,-7.0,-80.0
1777889017.4003325,7.0,-4.0,-79.0
1777889017.4103324,7.0,-3.0,-73.0
1777889017.4203324,10.0,-1.0,-72.0
1777889017.4303324,8.0,-4.0,-75.0
1777889017.4403324,3.0,0.0,-74.0
1777889017.4503324,3.0,0.0,-71.0
1777889017.4603324,3.0,0.0,-70.0
1777889017.4703324,1.0,1.0,-69.0
1777889017.4803324,0.0,-1.0,-68.0
1777889017.4903324,2.0,1.0,-72.0
1777889017.5003324,2.0,0.0,-76.0
1777889017.5103323,-2.0,0.0,-82.0
1777889017.5203323,0.0,-2.0,-85.0
1777889017.5303323,-1.0,-2.0,-85.0
1777889017.5403323,-5.0,-2.0,-80.0
1777889017.5503323,-2.0,-2.0,-75.0
1777889017.5603323,-3.0,-1.0,-73.0
1777889017.5703323,0.0,1.0,-74.0
1777889017.5803325,-4.0,5.0,-68.0
1777889017.5903325,-2.0,2.0,-71.0
1777889017.6003325,-1.0,-1.0,-69.0
1777889017.6103325,-3.0,1.0,-67.0
1777889017.6203325,1.0,-2.0,-72.0
1777889017.6303325,5.0,-3.0,-71.0
1777889017.6403325,5.0,-3.0,-74.0
1777889017.6503325,3.0,-4.0,-77.0
1777889017.6603324,8.0,-6.0,-79.0
1777889017.6703324,10.0,0.0,-77.0
1777889017.6803324,9.0,-3.0,-78.0
1777889017.6903324,6.0,-4.0,-82.0
1777889017.7003324,5.0,-4.0,-81.0
1777889017.7103324,2.0,-4.0,-78.0
1777889017.7203324,3.0,0.0,-81.0
1777889017.7303324,2.0,0.0,-81.0
1777889017.7403324,1.0,1.0,-77.0
1777889017.7503324,-1.0,-3.0,-73.0
1777889017.7603323,0.0,-4.0,-77.0
1777889017.7703323,-1.0,-8.0,-79.0
1777889017.7803323,-1.0,-4.0,-75.0
1777889017.7903323,-3.0,-5.0,-79.0
1777889017.8003323,-2.0,0.0,-75.0
1777889017.8103323,0.0,0.0,-79.0
1777889017.8203323,3.0,-2.0,-79.0
1777889017.8303325,4.0,-2.0,-77.0
1777889017.8403325,5.0,-1.0,-72.0
1777889017.8503325,1.0,-2.0,-71.0
1777889017.8603325,1.0,-2.0,-68.0
1777889017.8703325,1.0,-4.0,-68.0
1777889017.8803325,0.0,-6.0,-65.0
1777889017.8903325,3.0,-5.0,-66.0
1777889017.9003325,0.0,0.0,-69.0
1777889017.9103324,-1.0,1.0,-74.0
1777889017.9203324,3.0,3.0,-75.0
1777889017.9303324,6.0,-1.0,-77.0
1777889017.9403324,5.0,-1.0,-79.0
1777889017.9503324,10.0,-4.0,-78.0
1777889017.9603324,7.0,-4.0,-81.0
1777889017.9703324,8.0,-3.0,-76.0
1777889017.9803324,5.0,-1.0,-76.0
1777889017.9903324,5.0,-3.0,-76.0
1777889018.0003324,2.0,-3.0,-81.0
1777889018.0103323,0.0,-5.0,-85.0
1777889018.0203323,0.0,-2.0,-87.0
1777889018.0303323,-2.0,-1.0,-78.0
1777889018.0403323,-3.0,1.0,-86.0
1777889018.0503323,-3.0,0.0,-89.0
1777889018.0603323,-3.0,3.0,-90.0
1777889018.0703323,0.0,6.0,-84.0
1777889018.0803325,0.0,8.0,-81.0
1777889018.0903325,-2.0,7.0,-80.0
1777889018.1003325,-4.0,6.0,-77.0
1777889018.1103325,-3.0,3.0,-81.0
1777889018.1203325,-5.0,6.0,-77.0
1777889018.1303325,-7.0,4.0,-71.0
1777889018.1403325,-10.0,6.0,-70.0
1777889018.1503325,-11.0,2.0,-75.0
1777889018.1603324,-10.0,0.0,-71.0
1777889018.1703324,-7.0,-1.0,-70.0
1777889018.1803324,-6.0,1.0,-69.0
1777889018.1903324,-6.0,-2.0,-70.0
1777889018.2003324,-5.0,0.0,-71.0
1777889018.2103324,-4.0,-3.0,-76.0
1777889018.2203324,-4.0,-2.0,-76.0
1777889018.2303324,-5.0,-4.0,-72.0
1777889018.2403324,-2.0,-6.0,-73.0
1777889018.2503324,-1.0,-10.0,-78.0
1777889018.2603323,-2.0,-10.0,-79.0
1777889018.2703323,1.0,-7.0,-79.0
1777889018.2803323,4.0,-10.0,-81.0
1777889018.2903323,1.0,-9.0,-90.0
1777889018.3003323,1.0,-11.0,-92.0
1777889018.3103323,0.0,-8.0,-92.0
1777889018.3203323,-1.0,-6.0,-90.0
1777889018.3303325,-4.0,-3.0,-89.0
1777889018.3403325,2.0,0.0,-86.0
1777889018.3503325,0.0,2.0,-84.0
1777889018.3603325,-1.0,0.0,-87.0
1777889018.3703325,-2.0,-2.0,-87.0
1777889018.3803325,-3.0,-3.0,-81.0
1777889018.3903325,0.0,-5.0,-76.0
1777889018.4003325,-3.0,-2.0,-73.0
1777889018.4103324,-5.0,-1.0,-69.0
1777889018.4203324,-1.0,-3.0,-73.0
1777889018.4303324,-1.0,-3.0,-74.0
1777889018.4403324,1.0,-4.0,-78.0
1777889018.4503324,4.0,-3.0,-85.0
1777889018.4603324,6.0,-2.0,-89.0
1777889018.4703324,5.0,0.0,-84.0
1777889018.4803324,2.0,0.0,-82.0
1777889018.4903324,-4.0,-2.0,-80.0
1777889018.5003324,-7.0,-5.0,-75.0
1777889018.5103323,-3.0,-2.0,-69.0
1777889018.5203323,-6.0,1.0,-65.0
1777889018.5303323,-2.0,4.0,-60.0
1777889018.5403323,-1.0,5.0,-65.0
1777889018.5503323,-5.0,5.0,-66.0
1777889018.5603323,-2.0,4.0,-64.0
1777889018.5703323,-3.0,2.0,-69.0
1777889018.5803325,0.0,3.0,-68.0
1777889018.5903325,2.0,0.0,-73.0
1777889018.6003325,3.0,-6.0,-76.0
1777889018.6103325,1.0,-2.0,-79.0
1777889018.6203325,-2.0,-1.0,-68.0
1777889018.6303325,-6.0,-3.0,-68.0
1777889018.6403325,-9.0,-1.0,-69.0
1777889018.6503325,-9.0,0.0,-73.0
1777889018.6603324,-11.0,1.0,-83.0
1777889018.6703324,-9.0,-2.0,-86.0
1777889018.6803324,-5.0,-2.0,-79.0
1777889018.6903324,-5.0,-4.0,-75.0
1777889018.7003324,0.0,-3.0,-77.0
1777889018.7103324,1.0,-7.0,-84.0
1777889018.7203324,4.0,-6.0,-86.0
1777889018.7303324,4.0,0.0,-80.0
1777889018.7403324,4.0,0.0,-84.0
1777889018.7503324,5.0,0.0,-87.0
1777889018.7603323,3.0,1.0,-84.0
1777889018.7703323,4.0,1.0,-80.0
1777889018.7803323,6.0,0.0,-69.0
1777889018.7903323,3.0,-2.0,-71.0
1777889018.8013325,2.0,-3.0,-74.0
1777889018.8113325,5.0,-4.0,-68.0
1777889018.8213325,2.0,-2.0,-63.0
1777889018.8303325,2.0,1.0,-66.0
1777889018.8413324,0.0,0.0,-67.0
1777889018.8513324,2.0,0.0,-62.0
1777889018.8613324,-1.0,0.0,-57.0
1777889018.8713324,-7.0,-1.0,-62.0
1777889018.8813324,-5.0,0.0,-60.0
1777889018.8913324,-7.0,-4.0,-65.0
1777889018.9013324,-7.0,-3.0,-68.0
1777889018.9113324,-4.0,2.0,-66.0
1777889018.9213324,-4.0,-1.0,-73.0
1777889018.9313323,-7.0,-2.0,-71.0
1777889018.9413323,-10.0,-6.0,-66.0
1777889018.9513323,-13.0,-5.0,-62.0
1777889018.9613323,-8.0,-7.0,-63.0
1777889018.9713323,-11.0,-4.0,-66.0
1777889018.9813323,-10.0,-5.0,-72.0
1777889018.9913323,-1.0,-8.0,-73.0
1777889019.0013323,1.0,-4.0,-73.0
1777889019.0113325,-2.0,0.0,-79.0
1777889019.0213325,0.0,2.0,-78.0
1777889019.0313325,2.0,2.0,-84.0
1777889019.0413325,-1.0,2.0,-79.0
1777889019.0513325,3.0,-1.0,-76.0
1777889019.0613325,3.0,1.0,-71.0
1777889019.0713325,-1.0,2.0,-71.0
1777889019.0813324,-2.0,2.0,-69.0
1777889019.0913324,0.0,4.0,-66.0
1777889019.1013324,0.0,1.0,-69.0
1777889019.1113324,-3.0,2.0,-68.0
1777889019.1213324,-2.0,-2.0,-60.0
1777889019.1313324,-2.0,-4.0,-57.0
1777889019.1413324,1.0,-2.0,-60.0
1777889019.1513324,4.0,0.0,-58.0
1777889019.1613324,5.0,0.0,-61.0
1777889019.1713324,-2.0,-2.0,-74.0
1777889019.1813323,-4.0,0.0,-66.0
1777889019.1913323,1.0,0.0,-70.0
1777889019.2013323,0.0,0.0,-65.0
1777889019.2113323,-1.0,-2.0,-63.0
1777889019.2213323,-3.0,-2.0,-63.0
1777889019.2313323,-2.0,-3.0,-68.0
1777889019.2413323,0.0,-7.0,-71.0
1777889019.2513323,-1.0,-5.0,-76.0
1777889019.2613325,3.0,-2.0,-70.0
1777889019.2713325,3.0,2.0,-71.0
1777889019.2813325,9.0,3.0,-72.0
1777889019.2913325,8.0,2.0,-72.0
1777889019.3013325,5.0,-2.0,-69.0
1777889019.3113325,2.0,0.0,-71.0
1777889019.3213325,1.0,-2.0,-80.0
1777889019.3313324,-3.0,-4.0,-79.0
1777889019.3413324,-5.0,-5.0,-74.0
1777889019.3513324,-6.0,-2.0,-72.0
1777889019.3613324,-7.0,1.0,-69.0
1777889019.3713324,-3.0,-1.0,-69.0
1777889019.3813324,0.0,0.0,-67.0
1777889019.3913324,1.0,-2.0,-71.0
1777889019.4013324,4.0,-1.0,-75.0
1777889019.4113324,2.0,-1.0,-80.0
1777889019.4213324,0.0,-2.0,-76.0
1777889019.4313323,0.0,-5.0,-76.0
1777889019.4413323,0.0,-1.0,-72.0
1777889019.4513323,-5.0,0.0,-65.0
1777889019.4613323,-5.0,-3.0,-58.0
1777889019.4713323,-8.0,-1.0,-58.0
1777889019.4813323,-9.0,-1.0,-62.0
1777889019.4913323,-7.0,-1.0,-59.0
1777889019.5013323,-9.0,0.0,-63.0
1777889019.5113325,-3.0,0.0,-67.0
1777889019.5213325,2.0,1.0,-68.0
1777889019.5313325,3.0,1.0,-69.0
1777889019.5413325,3.0,1.0,-64.0
1777889019.5513325,4.0,1.0,-63.0
1777889019.5613325,2.0,0.0,-68.0
1777889019.5713325,0.0,1.0,-75.0
1777889019.5813324,4.0,-1.0,-73.0
1777889019.5913324,3.0,3.0,-74.0
1777889019.6013324,-1.0,1.0,-69.0
1777889019.6113324,-3.0,3.0,-76.0
1777889019.6213324,-2.0,2.0,-71.0
1777889019.6313324,-2.0,2.0,-70.0
1777889019.6413324,0.0,1.0,-68.0
1777889019.6513324,0.0,-3.0,-71.0
1777889019.6613324,8.0,-6.0,-71.0
1777889019.6713324,12.0,-3.0,-74.0
1777889019.6813323,6.0,0.0,-74.0
1777889019.6913323,6.0,-1.0,-76.0
1777889019.7013323,5.0,-1.0,-70.0
1777889019.7113323,4.0,-1.0,-70.0
1777889019.7213323,4.0,2.0,-67.0
1777889019.7313323,4.0,1.0,-77.0
1777889019.7413323,0.0,0.0,-76.0
1777889019.7513323,-5.0,0.0,-80.0
1777889019.7613325,-1.0,-2.0,-77.0
1777889019.7713325,0.0,-4.0,-72.0
1777889019.7813325,1.0,-1.0,-75.0
1777889019.7913325,-2.0,-3.0,-74.0
1777889019.8013325,0.0,-1.0,-75.0
1777889019.8113325,-5.0,-1.0,-81.0
1777889019.8213325,1.0,-2.0,-80.0
1777889019.8313324,5.0,-4.0,-76.0
1777889019.8413324,1.0,-4.0,-74.0
1777889019.8513324,-1.0,-4.0,-67.0
1777889019.8613324,0.0,0.0,-63.0
1777889019.8713324,0.0,0.0,-66.0
1777889019.8813324,-5.0,0.0,-65.0
1777889019.8913324,-3.0,-1.0,-59.0
1777889019.9013324,0.0,0.0,-56.0
1777889019.9113324,0.0,-5.0,-62.0
1777889019.9213324,3.0,-6.0,-75.0
1777889019.9313323,2.0,-3.0,-78.0
1777889019.9413323,0.0,-4.0,-81.0
1777889019.9513323,2.0,-1.0,-80.0
1777889019.9613323,1.0,-1.0,-78.0
1777889019.9713323,0.0,3.0,-84.0
1777889019.9813323,2.0,1.0,-89.0
1777889019.9913323,2.0,1.0,-86.0
1777889020.0013323,1.0,0.0,-87.0
1777889020.0113325,5.0,-4.0,-86.0
1777889020.0213325,9.0,-2.0,-78.0
1777889020.0313325,5.0,-5.0,-70.0
1777889020.0413325,7.0,0.0,-63.0
1777889020.0513325,7.0,1.0,-63.0
1777889020.0613325,6.0,-3.0,-67.0
1777889020.0713325,1.0,-3.0,-70.0
1777889020.0813324,-2.0,-2.0,-67.0
1777889020.0913324,-3.0,-3.0,-74.0
1777889020.1013324,-4.0,-2.0,-76.0
1777889020.1113324,-2.0,-5.0,-74.0
1777889020.1213324,0.0,-8.0,-68.0
1777889020.1313324,0.0,-4.0,-67.0
1777889020.1413324,-4.0,-3.0,-63.0
1777889020.1513324,-4.0,-2.0,-60.0
1777889020.1613324,-5.0,0.0,-63.0
1777889020.1713324,-4.0,2.0,-66.0
1777889020.1813323,-5.0,2.0,-77.0
1777889020.1913323,-9.0,0.0,-72.0
1777889020.2013323,-10.0,1.0,-76.0
1777889020.2113323,-11.0,0.0,-78.0
1777889020.2213323,-7.0,-2.0,-76.0
1777889020.2313323,-1.0,-4.0,-74.0
1777889020.2413323,-4.0,-4.0,-73.0
1777889020.2513323,-4.0,0.0,-70.0
1777889020.2613325,-2.0,0.0,-65.0
1777889020.2713325,1.0,2.0,-65.0
1777889020.2813325,3.0,0.0,-61.0
1777889020.2913325,0.0,0.0,-67.0
1777889020.3013325,-1.0,0.0,-78.0
1777889020.3113325,1.0,-3.0,-73.0
1777889020.3213325,1.0,0.0,-67.0
1777889020.3313324,-1.0,-1.0,-73.0
1777889020.3413324,-3.0,0.0,-76.0
1777889020.3513324,-3.0,1.0,-79.0
1777889020.3613324,0.0,-1.0,-79.0
1777889020.3713324,-3.0,-2.0,-73.0
1777889020.3813324,-7.0,0.0,-73.0
1777889020.3913324,-4.0,-2.0,-71.0
1777889020.4013324,-3.0,-4.0,-75.0
1777889020.4113324,-4.0,-4.0,-70.0
1777889020.4213324,-3.0,-6.0,-69.0
1777889020.4313323,-4.0,-8.0,-78.0
1777889020.4413323,-3.0,-15.0,-90.0
1777889020.4513323,0.0,-10.0,-91.0
1777889020.4613323,-3.0,-5.0,-87.0
1777889020.4713323,-2.0,-8.0,-85.0
1777889020.4813323,-3.0,-9.0,-87.0
1777889020.4913323,0.0,-6.0,-88.0
1777889020.5013323,0.0,-4.0,-84.0
1777889020.5113325,4.0,-2.0,-82.0
1777889020.5213325,2.0,-1.0,-82.0
1777889020.5313325,4.0,0.0,-86.0
1777889020.5413325,6.0,2.0,-83.0
1777889020.5513325,8.0,3.0,-84.0
1777889020.5613325,7.0,4.0,-81.0
1777889020.5713325,6.0,4.0,-77.0
1777889020.5813324,4.0,2.0,-80.0
1777889020.5913324,4.0,-1.0,-79.0
1777889020.6013324,0.0,-3.0,-81.0
1777889020.6113324,0.0,-2.0,-76.0
1777889020.6213324,-2.0,-4.0,-78.0
1777889020.6313324,-2.0,0.0,-81.0
1777889020.6413324,0.0,0.0,-82.0
1777889020.6513324,-1.0,-2.0,-76.0
1777889020.6613324,0.0,-1.0,-78.0
1777889020.6713324,0.0,-2.0,-79.0
1777889020.6813323,2.0,-2.0,-79.0
1777889020.6913323,0.0,-3.0,-79.0
1777889020.7013323,3.0,-7.0,-76.0
1777889020.7123325,2.0,-8.0,-73.0
1777889020.7213323,4.0,-6.0,-75.0
1777889020.7313323,1.0,-6.0,-74.0
1777889020.7413323,-2.0,-3.0,-78.0
1777889020.7523324,-7.0,-1.0,-79.0
1777889020.7613325,-8.0,-3.0,-78.0
1777889020.7713325,-4.0,-2.0,-73.0
1777889020.7823324,0.0,-1.0,-75.0
1777889020.7923324,0.0,1.0,-70.0
1777889020.8023324,-5.0,6.0,-73.0
1777889020.8123324,-2.0,4.0,-73.0
1777889020.8223324,0.0,2.0,-76.0
1777889020.8323324,1.0,1.0,-74.0
1777889020.8423324,9.0,-3.0,-76.0
1777889020.8523324,11.0,-2.0,-80.0
1777889020.8623323,9.0,0.0,-82.0
1777889020.8723323,5.0,1.0,-85.0
1777889020.8823323,0.0,5.0,-88.0
1777889020.8923323,-2.0,1.0,-90.0
1777889020.9023323,2.0,0.0,-84.0
1777889020.9123323,3.0,0.0,-81.0
1777889020.9223323,2.0,2.0,-84.0
1777889020.9323325,0.0,0.0,-76.0
1777889020.9423325,1.0,2.0,-82.0
1777889020.9523325,0.0,3.0,-85.0
1777889020.9623325,-3.0,0.0,-84.0
1777889020.9723325,-1.0,2.0,-82.0
1777889020.9823325,-4.0,1.0,-78.0
1777889020.9923325,-4.0,-3.0,-74.0
1777889021.0023324,-1.0,-2.0,-80.0
1777889021.0123324,3.0,0.0,-88.0
1777889021.0223324,0.0,1.0,-88.0
1777889021.0323324,-3.0,1.0,-83.0
1777889021.0423324,-2.0,2.0,-75.0
1777889021.0523324,-2.0,0.0,-75.0
1777889021.0623324,-3.0,2.0,-72.0
1777889021.0723324,-3.0,1.0,-72.0
1777889021.0823324,0.0,0.0,-64.0
1777889021.0923324,-1.0,1.0,-60.0
1777889021.1023324,-1.0,-1.0,-63.0
1777889021.1123323,4.0,-1.0,-73.0
1777889021.1223323,4.0,0.0,-72.0
1777889021.1323323,5.0,-2.0,-72.0
1777889021.1423323,2.0,-2.0,-70.0
1777889021.1523323,2.0,-2.0,-75.0
1777889021.1623323,0.0,-3.0,-80.0
1777889021.1723323,2.0,-1.0,-75.0
1777889021.1823325,0.0,-3.0,-73.0
1777889021.1923325,-4.0,-1.0,-74.0
1777889021.2023325,-2.0,-1.0,-73.0
1777889021.2123325,0.0,-2.0,-75.0
1777889021.2223325,0.0,-2.0,-77.0
1777889021.2323325,2.0,-4.0,-77.0
1777889021.2423325,3.0,-8.0,-80.0
1777889021.2523324,1.0,-5.0,-76.0
1777889021.2623324,2.0,-2.0,-69.0
1777889021.2723324,2.0,-2.0,-65.0
1777889021.2823324,0.0,3.0,-69.0
1777889021.2923324,0.0,5.0,-70.0
1777889021.3023324,-1.0,9.0,-71.0
1777889021.3123324,1.0,9.0,-78.0
1777889021.3223324,0.0,11.0,-81.0
1777889021.3323324,4.0,6.0,-79.0
1777889021.3423324,3.0,5.0,-78.0
1777889021.3523324,6.0,7.0,-79.0
1777889021.3623323,5.0,6.0,-83.0
1777889021.3723323,3.0,2.0,-84.0
1777889021.3823323,0.0,-1.0,-88.0
1777889021.3923323,2.0,-1.0,-86.0
1777889021.4023323,-2.0,0.0,-87.0
1777889021.4123323,-3.0,0.0,-86.0
1777889021.4223323,0.0,-1.0,-86.0
1777889021.4323325,1.0,-3.0,-77.0
1777889021.4423325,0.0,-6.0,-77.0
1777889021.4523325,1.0,-1.0,-77.0
1777889021.4623325,-1.0,0.0,-83.0
1777889021.4723325,-4.0,-2.0,-81.0
1777889021.4823325,-5.0,-3.0,-74.0
1777889021.4923325,-6.0,2.0,-75.0
1777889021.5023324,-2.0,0.0,-72.0
1777889021.5123324,-1.0,0.0,-71.0
1777889021.5223324,0.0,0.0,-76.0
1777889021.5323324,1.0,-1.0,-75.0
1777889021.5423324,3.0,-5.0,-84.0
1777889021.5523324,5.0,-6.0,-97.0
1777889021.5623324,-1.0,-6.0,-97.0
1777889021.5723324,-4.0,-5.0,-94.0
1777889021.5823324,-2.0,-4.0,-93.0
1777889021.5923324,0.0,-4.0,-93.0
1777889021.6023324,-1.0,-4.0,-94.0
1777889021.6123323,-4.0,-1.0,-86.0
1777889021.6223323,-3.0,0.0,-83.0
1777889021.6323323,-2.0,2.0,-79.0
1777889021.6423323,-2.0,0.0,-79.0
1777889021.6523323,0.0,-4.0,-81.0
1777889021.6623323,-5.0,-6.0,-79.0
1777889021.6723323,-2.0,-1.0,-82.0
1777889021.6823325,-2.0,0.0,-82.0
1777889021.6923325,-3.0,-1.0,-82.0
1777889021.7023325,-3.0,2.0,-81.0
1777889021.7123325,-7.0,0.0,-78.0
1777889021.7223325,2.0,2.0,-79.0
1777889021.7323325,4.0,2.0,-78.0
1777889021.7423325,1.0,4.0,-74.0
1777889021.7523324,-1.0,3.0,-72.0
1777889021.7623324,0.0,2.0,-74.0
1777889021.7723324,1.0,5.0,-81.0
1777889021.7823324,-2.0,3.0,-77.0
1777889021.7923324,-2.0,1.0,-72.0
1777889021.8023324,0.0,3.0,-73.0
1777889021.8123324,-2.0,2.0,-76.0
1777889021.8223324,0.0,1.0,-80.0
1777889021.8323324,1.0,0.0,-72.0
1777889021.8423324,-3.0,1.0,-73.0
1777889021.8523324,-5.0,6.0,-72.0
1777889021.8623323,-2.0,5.0,-73.0
1777889021.8723323,2.0,2.0,-72.0
1777889021.8823323,3.0,3.0,-69.0
1777889021.8923323,0.0,2.0,-72.0
1777889021.9023323,-2.0,3.0,-70.0
1777889021.9123323,-5.0,3.0,-75.0
1777889021.9223323,-5.0,2.0,-77.0
1777889021.9323325,-5.0,3.0,-86.0
1777889021.9423325,0.0,0.0,-86.0
1777889021.9523325,0.0,-1.0,-85.0
1777889021.9623325,0.0,0.0,-86.0
1777889021.9723325,-5.0,0.0,-82.0
1777889021.9823325,-5.0,1.0,-84.0
1777889021.9923325,2.0,1.0,-79.0
1777889022.0023324,3.0,-2.0,-87.0
1777889022.0123324,4.0,0.0,-80.0
1777889022.0223324,4.0,-1.0,-72.0
1777889022.0323324,5.0,3.0,-76.0
1777889022.0423324,1.0,2.0,-72.0
1777889022.0523324,-1.0,-1.0,-76.0
1777889022.0623324,0.0,0.0,-82.0
1777889022.0723324,-1.0,0.0,-87.0
1777889022.0823324,1.0,0.0,-88.0
1777889022.0923324,0.0,0.0,-82.0
1777889022.1023324,3.0,-1.0,-81.0
1777889022.1123323,4.0,0.0,-71.0
1777889022.1223323,-2.0,0.0,-68.0
1777889022.1323323,-1.0,0.0,-69.0
1777889022.1423323,0.0,-1.0,-71.0
1777889022.1523323,0.0,-2.0,-68.0
1777889022.1623323,-2.0,-2.0,-60.0
1777889022.1723323,-11.0,1.0,-68.0
1777889022.1823325,-10.0,0.0,-73.0
1777889022.1923325,-6.0,-2.0,-76.0
1777889022.2023325,-7.0,-1.0,-80.0
1777889022.2123325,-7.0,1.0,-77.0
1777889022.2223325,-5.0,3.0,-78.0
1777889022.2323325,-1.0,1.0,-80.0
1777889022.2423325,0.0,1.0,-81.0
1777889022.2523324,0.0,4.0,-74.0
1777889022.2623324,1.0,2.0,-76.0
1777889022.2723324,0.0,-1.0,-76.0
1777889022.2823324,2.0,0.0,-74.0
1777889022.2923324,-1.0,-3.0,-74.0
1777889022.3023324,0.0,-2.0,-83.0
1777889022.3123324,4.0,-1.0,-87.0
1777889022.3223324,3.0,1.0,-80.0
1777889022.3323324,1.0,3.0,-82.0
1777889022.3423324,0.0,1.0,-82.0
1777889022.3523324,-1.0,-1.0,-90.0
1777889022.3623323,2.0,0.0,-85.0
1777889022.3723323,0.0,3.0,-79.0
1777889022.3823323,2.0,0.0,-77.0
1777889022.3923323,0.0,-2.0,-74.0
1777889022.4023323,0.0,3.0,-73.0
1777889022.4123323,0.0,0.0,-73.0
1777889022.4223323,-4.0,-1.0,-73.0
1777889022.4323325,-4.0,1.0,-69.0
1777889022.4423325,-5.0,5.0,-69.0
1777889022.4523325,-5.0,6.0,-73.0
1777889022.4623325,-4.0,4.0,-80.0
1777889022.4723325,-4.0,0.0,-86.0
1777889022.4823325,0.0,0.0,-87.0
1777889022.4923325,2.0,1.0,-86.0
1777889022.5023324,0.0,1.0,-85.0
1777889022.5123324,-1.0,0.0,-91.0
1777889022.5223324,2.0,1.0,-92.0
1777889022.5323324,0.0,-2.0,-84.0
1777889022.5423324,1.0,-1.0,-81.0
1777889022.5523324,4.0,4.0,-75.0
1777889022.5623324,7.0,2.0,-73.0
1777889022.5723324,7.0,3.0,-75.0
1777889022.5823324,7.0,1.0,-68.0
1777889022.5923324,10.0,0.0,-70.0
1777889022.6023324,7.0,0.0,-73.0
1777889022.6123323,8.0,-1.0,-76.0
1777889022.6223323,2.0,0.0,-77.0
1777889022.6323323,3.0,0.0,-81.0
1777889022.6423323,6.0,2.0,-86.0
1777889022.6523323,5.0,-1.0,-82.0
1777889022.6623323,3.0,-4.0,-85.0
1777889022.6723323,9.0,-2.0,-87.0
1777889022.6823325,7.0,1.0,-89.0
1777889022.6923325,7.0,5.0,-85.0
1777889022.7023325,5.0,6.0,-78.0
1777889022.7123325,2.0,2.0,-80.0
1777889022.7223325,-1.0,-1.0,-78.0
1777889022.7333324,2.0,0.0,-78.0
1777889022.7423325,6.0,0.0,-70.0
1777889022.7533324,7.0,-4.0,-70.0
1777889022.7633324,5.0,-3.0,-74.0
1777889022.7733324,0.0,1.0,-68.0
1777889022.7833323,-2.0,1.0,-69.0
1777889022.7933323,-2.0,-2.0,-72.0
1777889022.8033323,4.0,-1.0,-77.0
1777889022.8133323,2.0,0.0,-75.0
1777889022.8233323,0.0,0.0,-73.0
1777889022.8333323,6.0,-1.0,-74.0
1777889022.8433323,3.0,0.0,-77.0
1777889022.8533323,5.0,-2.0,-73.0
1777889022.8633325,2.0,-3.0,-75.0
1777889022.8733325,4.0,-2.0,-78.0
1777889022.8833325,0.0,-1.0,-75.0
1777889022.8933325,0.0,0.0,-72.0
1777889022.9033325,-2.0,1.0,-72.0
1777889022.9133325,0.0,0.0,-74.0
1777889022.9233325,1.0,-1.0,-75.0
1777889022.9333324,2.0,-1.0,-80.0
1777889022.9433324,2.0,-4.0,-84.0
1777889022.9533324,0.0,-4.0,-82.0
1777889022.9633324,-4.0,-4.0,-82.0
1777889022.9733324,-7.0,-3.0,-77.0
1777889022.9833324,-6.0,-9.0,-77.0
1777889022.9933324,0.0,-10.0,-72.0
1777889023.0033324,2.0,-10.0,-76.0
1777889023.0133324,3.0,-10.0,-74.0
1777889023.0233324,5.0,-6.0,-76.0
1777889023.0333323,7.0,-1.0,-73.0
1777889023.0433323,9.0,1.0,-72.0
1777889023.0533323,8.0,-1.0,-67.0
1777889023.0633323,7.0,-3.0,-72.0
1777889023.0733323,7.0,0.0,-72.0
1777889023.0833323,7.0,2.0,-73.0
1777889023.0933323,3.0,1.0,-71.0
1777889023.1033323,0.0,1.0,-69.0
1777889023.1133325,2.0,3.0,-69.0
1777889023.1233325,-1.0,4.0,-77.0
1777889023.1333325,-1.0,2.0,-73.0
1777889023.1433325,5.0,0.0,-76.0
1777889023.1533325,5.0,1.0,-71.0
1777889023.1633325,11.0,3.0,-67.0
1777889023.1733325,9.0,5.0,-64.0
1777889023.1833324,11.0,2.0,-68.0
1777889023.1933324,11.0,-2.0,-73.0
1777889023.2033324,14.0,-2.0,-58.0
1777889023.2133324,12.0,-1.0,-62.0
1777889023.2233324,13.0,0.0,-78.0
1777889023.2333324,15.0,-4.0,-81.0
1777889023.2433324,10.0,-1.0,-77.0
1777889023.2533324,4.0,-2.0,-78.0
1777889023.2633324,1.0,0.0,-79.0
1777889023.2733324,0.0,-1.0,-78.0
1777889023.2833323,-2.0,-6.0,-81.0
1777889023.2933323,-1.0,-11.0,-81.0
1777889023.3033323,-2.0,-10.0,-82.0
1777889023.3133323,-1.0,-12.0,-81.0
1777889023.3233323,2.0,-13.0,-84.0
1777889023.3333323,4.0,-12.0,-82.0
1777889023.3433323,0.0,-10.0,-81.0
1777889023.3533323,-1.0,-7.0,-77.0
1777889023.3633325,3.0,-1.0,-82.0
1777889023.3733325,3.0,0.0,-80.0
1777889023.3833325,6.0,-3.0,-75.0
1777889023.3933325,3.0,-3.0,-72.0
1777889023.4033325,1.0,0.0,-71.0
1777889023.4133325,0.0,0.0,-72.0
1777889023.4233325,0.0,-1.0,-71.0
1777889023.4333324,-2.0,0.0,-75.0
1777889023.4433324,0.0,-2.0,-70.0
1777889023.4533324,3.0,-4.0,-76.0
1777889023.4633324,2.0,-4.0,-74.0
1777889023.4733324,0.0,-3.0,-69.0
1777889023.4833324,2.0,1.0,-68.0
1777889023.4933324,1.0,2.0,-73.0
1777889023.5033324,1.0,0.0,-70.0
1777889023.5133324,2.0,-1.0,-77.0
1777889023.5233324,3.0,1.0,-76.0
1777889023.5333323,3.0,-2.0,-70.0
1777889023.5433323,5.0,-3.0,-71.0
1777889023.5533323,5.0,-5.0,-65.0
1777889023.5633323,0.0,-4.0,-66.0
1777889023.5733323,0.0,-4.0,-73.0
1777889023.5833323,-1.0,-5.0,-74.0
1777889023.5933323,-2.0,-5.0,-74.0
1777889023.6033323,-2.0,-2.0,-75.0
1777889023.6133325,-6.0,-2.0,-76.0
1777889023.6233325,-5.0,-1.0,-79.0
1777889023.6333325,-6.0,-2.0,-77.0
1777889023.6433325,-2.0,1.0,-78.0
1777889023.6533325,-7.0,4.0,-81.0
1777889023.6633325,-9.0,6.0,-77.0
1777889023.6733325,-4.0,5.0,-83.0
1777889023.6833324,-7.0,2.0,-79.0
1777889023.6933324,-3.0,-2.0,-81.0
1777889023.7033324,-1.0,-3.0,-89.0
1777889023.7133324,2.0,-2.0,-92.0
1777889023.7233324,2.0,0.0,-88.0
1777889023.7333324,0.0,2.0,-89.0
1777889023.7433324,5.0,0.0,-89.0
1777889023.7533324,3.0,-1.0,-83.0
1777889023.7633324,2.0,-5.0,-81.0
1777889023.7733324,1.0,-5.0,-76.0
1777889023.7833323,0.0,-4.0,-71.0
1777889023.7933323,0.0,-5.0,-71.0
1777889023.8033323,0.0,-6.0,-74.0
1777889023.8133323,-3.0,-3.0,-80.0
1777889023.8233323,-4.0,-3.0,-81.0
1777889023.8333323,-2.0,-3.0,-74.0
1777889023.8433323,1.0,-4.0,-75.0
1777889023.8533323,1.0,-1.0,-74.0
1777889023.8633325,-1.0,0.0,-69.0
1777889023.8733325,3.0,1.0,-68.0
1777889023.8833325,0.0,1.0,-72.0
1777889023.8933325,0.0,0.0,-79.0
1777889023.9033325,3.0,0.0,-83.0
1777889023.9133325,5.0,-2.0,-85.0
1777889023.9233325,6.0,0.0,-77.0
1777889023.9333324,7.0,0.0,-77.0
1777889023.9433324,3.0,0.0,-74.0
1777889023.9533324,2.0,0.0,-73.0
1777889023.9633324,3.0,0.0,-75.0
1777889023.9733324,0.0,1.0,-72.0
1777889023.9833324,1.0,1.0,-66.0
1777889023.9933324,0.0,0.0,-66.0
1777889024.0033324,-1.0,3.0,-65.0
1777889024.0133324,0.0,4.0,-72.0
1777889024.0233324,-3.0,0.0,-75.0
1777889024.0333323,-2.0,1.0,-80.0
1777889024.0433323,0.0,4.0,-77.0
1777889024.0533323,0.0,3.0,-79.0
1777889024.0633323,0.0,7.0,-88.0
1777889024.0733323,0.0,7.0,-90.0
1777889024.0833323,1.0,9.0,-95.0
1777889024.0933323,0.0,6.0,-95.0
1777889024.1033323,1.0,5.0,-91.0
1777889024.1133325,0.0,6.0,-87.0
1777889024.1233325,3.0,6.0,-87.0
1777889024.1333325,0.0,5.0,-82.0
1777889024.1433325,0.0,4.0,-84.0
1777889024.1533325,0.0,6.0,-90.0
1777889024.1633325,1.0,4.0,-86.0
1777889024.1733325,2.0,3.0,-80.0
1777889024.1833324,1.0,1.0,-81.0
1777889024.1933324,2.0,0.0,-89.0
1777889024.2033324,3.0,-2.0,-81.0
1777889024.2133324,4.0,-6.0,-75.0
1777889024.2233324,5.0,-6.0,-78.0
1777889024.2333324,5.0,-3.0,-78.0
1777889024.2433324,0.0,-1.0,-79.0
1777889024.2533324,0.0,-2.0,-76.0
1777889024.2633324,-3.0,-4.0,-74.0
1777889024.2733324,-7.0,-3.0,-72.0
1777889024.2833323,-4.0,-4.0,-69.0
1777889024.2933323,-4.0,-3.0,-68.0
1777889024.3033323,-3.0,0.0,-64.0
1777889024.3133323,2.0,0.0,-66.0
1777889024.3233323,1.0,-3.0,-70.0
1777889024.3333323,0.0,-3.0,-73.0
1777889024.3433323,3.0,-3.0,-74.0
1777889024.3533323,1.0,-4.0,-76.0
1777889024.3633325,2.0,-5.0,-81.0
1777889024.3733325,-3.0,-1.0,-75.0
1777889024.3833325,2.0,-2.0,-86.0
1777889024.3933325,3.0,-1.0,-84.0
1777889024.4033325,-1.0,-4.0,-88.0
1777889024.4133325,-7.0,-3.0,-88.0
1777889024.4233325,-2.0,-1.0,-82.0
1777889024.4333324,6.0,-1.0,-82.0
1777889024.4433324,4.0,-5.0,-79.0
1777889024.4533324,0.0,-6.0,-80.0
1777889024.4633324,2.0,-1.0,-84.0
1777889024.4733324,5.0,0.0,-82.0
1777889024.4833324,6.0,0.0,-77.0
1777889024.4933324,3.0,0.0,-69.0
1777889024.5033324,0.0,-4.0,-65.0
1777889024.5133324,0.0,-2.0,-67.0
1777889024.5233324,0.0,1.0,-67.0
1777889024.5333323,4.0,-1.0,-66.0
1777889024.5433323,3.0,-1.0,-64.0
1777889024.5533323,6.0,-2.0,-68.0
1777889024.5633323,5.0,-4.0,-64.0
1777889024.5733323,0.0,-1.0,-71.0
1777889024.5833323,3.0,0.0,-72.0
1777889024.5933323,2.0,2.0,-72.0
1777889024.6033323,7.0,4.0,-74.0
1777889024.6133325,2.0,6.0,-70.0
1777889024.6233325,0.0,2.0,-75.0
1777889024.6333325,-7.0,5.0,-71.0
1777889024.6433325,-8.0,4.0,-68.0
1777889024.6533325,-5.0,2.0,-67.0
1777889024.6633325,-4.0,0.0,-73.0
1777889024.6733325,-3.0,-1.0,-74.0
1777889024.6833324,-2.0,-4.0,-82.0
1777889024.6943324,1.0,-6.0,-84.0
1777889024.7033324,6.0,-2.0,-83.0
1777889024.7133324,2.0,-5.0,-81.0
1777889024.7243323,3.0,-4.0,-78.0
1777889024.7343323,-1.0,-4.0,-76.0
1777889024.7443323,-3.0,-4.0,-76.0
1777889024.7543323,-5.0,-7.0,-75.0
1777889024.7643323,0.0,-9.0,-74.0
1777889024.7743323,0.0,-9.0,-77.0
1777889024.7843325,2.0,-6.0,-74.0
1777889024.7943325,3.0,-4.0,-81.0
1777889024.8043325,-2.0,-2.0,-80.0
1777889024.8143325,-4.0,-4.0,-76.0
1777889024.8243325,-1.0,0.0,-79.0
1777889024.8343325,-5.0,0.0,-73.0
1777889024.8443325,-5.0,0.0,-70.0
1777889024.8543324,-1.0,1.0,-67.0
1777889024.8643324,0.0,0.0,-61.0
1777889024.8743324,-2.0,0.0,-70.0
1777889024.8843324,-2.0,1.0,-76.0
1777889024.8943324,-5.0,1.0,-77.0
1777889024.9043324,-3.0,3.0,-70.0
1777889024.9143324,-1.0,1.0,-73.0
1777889024.9243324,-5.0,0.0,-70.0
1777889024.9343324,-7.0,-1.0,-72.0
1777889024.9443324,-5.0,0.0,-71.0
1777889024.9543324,-2.0,1.0,-77.0
1777889024.9643323,-5.0,0.0,-72.0
1777889024.9743323,-8.0,-2.0,-73.0
1777889024.9843323,-5.0,-2.0,-71.0
1777889024.9943323,-5.0,-5.0,-74.0
1777889025.0043323,-8.0,-3.0,-70.0
1777889025.0143323,-8.0,-2.0,-73.0
1777889025.0243323,-4.0,-2.0,-77.0
1777889025.0343325,-4.0,4.0,-82.0
1777889025.0443325,-2.0,5.0,-74.0
1777889025.0543325,0.0,4.0,-75.0
1777889025.0643325,3.0,1.0,-78.0
1777889025.0743325,4.0,0.0,-78.0
1777889025.0843325,1.0,1.0,-78.0
1777889025.0943325,2.0,1.0,-78.0
1777889025.1043324,3.0,0.0,-79.0
1777889025.1143324,2.0,-2.0,-81.0
1777889025.1243324,3.0,-3.0,-80.0
1777889025.1343324,3.0,-3.0,-74.0
1777889025.1443324,2.0,-4.0,-82.0
1777889025.1543324,2.0,-6.0,-77.0
1777889025.1643324,1.0,-4.0,-75.0
1777889025.1743324,0.0,-1.0,-74.0
1777889025.1843324,-2.0,-3.0,-72.0
1777889025.1943324,-3.0,-4.0,-73.0
1777889025.2043324,-1.0,-1.0,-78.0
1777889025.2143323,1.0,-4.0,-76.0
1777889025.2243323,0.0,-7.0,-72.0
1777889025.2343323,-3.0,-6.0,-74.0
1777889025.2443323,0.0,-5.0,-77.0
1777889025.2543323,4.0,-1.0,-74.0
1777889025.2643323,2.0,-4.0,-75.0
1777889025.2743323,3.0,-6.0,-77.0
1777889025.2843325,5.0,-5.0,-79.0
1777889025.2943325,1.0,-3.0,-77.0
1777889025.3043325,6.0,-1.0,-75.0
1777889025.3143325,6.0,4.0,-75.0
1777889025.3243325,5.0,6.0,-82.0
1777889025.3343325,3.0,4.0,-83.0
1777889025.3443325,1.0,2.0,-79.0
1777889025.3543324,-3.0,2.0,-76.0
1777889025.3643324,-5.0,4.0,-70.0
1777889025.3743324,-2.0,5.0,-75.0
1777889025.3843324,5.0,2.0,-81.0
1777889025.3943324,4.0,3.0,-85.0
1777889025.4043324,-1.0,5.0,-87.0
1777889025.4143324,2.0,3.0,-80.0
1777889025.4243324,6.0,3.0,-79.0
1777889025.4343324,6.0,3.0,-80.0
1777889025.4443324,2.0,0.0,-88.0
1777889025.4543324,1.0,0.0,-89.0
1777889025.4643323,1.0,-1.0,-83.0
1777889025.4743323,1.0,0.0,-83.0
1777889025.4843323,4.0,-1.0,-83.0
1777889025.4943323,7.0,0.0,-85.0
1777889025.5043323,6.0,2.0,-81.0
1777889025.5143323,7.0,3.0,-85.0
1777889025.5253325,6.0,2.0,-80.0
1777889025.5343325,3.0,7.0,-76.0
1777889025.5443325,0.0,3.0,-73.0
1777889025.5543325,2.0,0.0,-74.0
1777889025.5643325,3.0,0.0,-85.0
1777889025.5743325,4.0,0.0,-77.0
1777889025.5843325,7.0,2.0,-82.0
1777889025.5943325,11.0,2.0,-77.0
1777889025.6043324,5.0,3.0,-81.0
1777889025.6143324,5.0,-1.0,-77.0
1777889025.6243324,2.0,-2.0,-69.0
1777889025.6343324,4.0,-4.0,-68.0
1777889025.6443324,0.0,-5.0,-68.0
1777889025.6543324,0.0,-6.0,-74.0
1777889025.6643324,0.0,1.0,-80.0
1777889025.6743324,2.0,3.0,-82.0
1777889025.6843324,4.0,-4.0,-81.0
1777889025.6943324,3.0,-4.0,-86.0
1777889025.7043324,4.0,-6.0,-82.0
1777889025.7143323,6.0,-12.0,-77.0
1777889025.7243323,6.0,-9.0,-75.0
1777889025.7343323,3.0,-6.0,-74.0
1777889025.7443323,7.0,-2.0,-81.0
1777889025.7543323,10.0,-1.0,-80.0
1777889025.7643323,12.0,-1.0,-80.0
1777889025.7743323,15.0,-2.0,-83.0
1777889025.7843325,13.0,-1.0,-82.0
1777889025.7943325,9.0,0.0,-84.0
1777889025.8043325,8.0,-1.0,-87.0
1777889025.8143325,6.0,-2.0,-85.0
1777889025.8243325,7.0,-4.0,-80.0
1777889025.8343325,6.0,-2.0,-78.0
1777889025.8443325,0.0,1.0,-76.0
1777889025.8543324,0.0,0.0,-74.0
1777889025.8643324,-1.0,0.0,-76.0
1777889025.8743324,-3.0,-3.0,-77.0
1777889025.8843324,-4.0,-4.0,-78.0
1777889025.8943324,-7.0,0.0,-82.0
1777889025.9043324,-6.0,0.0,-79.0
1777889025.9143324,-4.0,2.0,-76.0
1777889025.9243324,-5.0,1.0,-72.0
1777889025.9343324,-2.0,1.0,-67.0
1777889025.9443324,-2.0,1.0,-64.0
1777889025.9543324,-1.0,-4.0,-71.0
1777889025.9643323,2.0,-4.0,-75.0
1777889025.9743323,2.0,-8.0,-76.0
1777889025.9843323,1.0,-7.0,-79.0
1777889025.9943323,1.0,-8.0,-85.0
1777889026.0043323,5.0,-9.0,-79.0
1777889026.0143323,0.0,-5.0,-81.0
1777889026.0243323,-3.0,-2.0,-76.0
1777889026.0343325,2.0,1.0,-73.0
1777889026.0443325,0.0,2.0,-79.0
1777889026.0543325,1.0,-2.0,-80.0
1777889026.0643325,1.0,-6.0,-72.0
1777889026.0743325,0.0,-10.0,-74.0
1777889026.0843325,0.0,-8.0,-78.0
1777889026.0943325,2.0,-6.0,-78.0
1777889026.1043324,5.0,-2.0,-76.0
1777889026.1143324,0.0,-4.0,-80.0
1777889026.1243324,-5.0,-7.0,-82.0
1777889026.1343324,-5.0,-1.0,-80.0
1777889026.1443324,-3.0,0.0,-76.0
1777889026.1543324,3.0,-2.0,-69.0
1777889026.1643324,0.0,1.0,-71.0
1777889026.1743324,2.0,2.0,-75.0
1777889026.1843324,1.0,4.0,-78.0
1777889026.1943324,5.0,3.0,-78.0
1777889026.2043324,2.0,4.0,-80.0
1777889026.2143323,0.0,5.0,-80.0
1777889026.2243323,0.0,5.0,-73.0
1777889026.2343323,-2.0,3.0,-76.0
1777889026.2443323,-5.0,2.0,-79.0
1777889026.2543323,-4.0,0.0,-82.0
1777889026.2643323,-3.0,1.0,-81.0
1777889026.2743323,-6.0,1.0,-84.0
1777889026.2843325,-7.0,1.0,-76.0
1777889026.2943325,-1.0,-2.0,-77.0
1777889026.3043325,-2.0,-2.0,-73.0
1777889026.3143325,-6.0,3.0,-84.0
1777889026.3243325,-6.0,4.0,-83.0
1777889026.3343325,-10.0,4.0,-84.0
1777889026.3443325,-7.0,3.0,-82.0
1777889026.3543324,-6.0,8.0,-83.0
1777889026.3643324,-4.0,3.0,-80.0
1777889026.3743324,-2.0,2.0,-80.0
1777889026.3843324,0.0,0.0,-77.0
1777889026.3943324,4.0,0.0,-73.0
1777889026.4043324,4.0,-1.0,-72.0
1777889026.4143324,1.0,-2.0,-75.0
1777889026.4243324,1.0,-5.0,-73.0
1777889026.4343324,1.0,-1.0,-79.0
1777889026.4443324,0.0,-1.0,-82.0
1777889026.4543324,-1.0,1.0,-84.0
1777889026.4643323,-3.0,-1.0,-85.0
1777889026.4743323,-3.0,-5.0,-84.0
1777889026.4843323,2.0,-1.0,-83.0
1777889026.4943323,2.0,0.0,-82.0
1777889026.5043323,1.0,-1.0,-78.0
1777889026.5143323,0.0,-2.0,-74.0
1777889026.5243323,1.0,-1.0,-74.0
1777889026.5343325,-1.0,-2.0,-76.0
1777889026.5443325,0.0,-1.0,-82.0
1777889026.5543325,3.0,0.0,-84.0
1777889026.5643325,7.0,-1.0,-83.0
1777889026.5743325,10.0,-3.0,-80.0
1777889026.5843325,7.0,-2.0,-73.0
1777889026.5943325,7.0,-3.0,-75.0
1777889026.6043324,3.0,0.0,-70.0
1777889026.6143324,6.0,0.0,-65.0
1777889026.6243324,2.0,-1.0,-59.0
1777889026.6343324,2.0,-3.0,-55.0
1777889026.6443324,0.0,-3.0,-61.0
1777889026.6543324,-5.0,-5.0,-63.0
1777889026.6643324,-1.0,-5.0,-57.0
1777889026.6743324,1.0,-3.0,-61.0
1777889026.6843324,-2.0,-1.0,-76.0
1777889026.6943324,-2.0,-4.0,-73.0
1777889026.7053325,-4.0,-4.0,-79.0
1777889026.7153325,-2.0,-2.0,-84.0
1777889026.7243323,-1.0,-1.0,-80.0
1777889026.7353325,-2.0,0.0,-75.0
1777889026.7453325,-2.0,0.0,-80.0
1777889026.7553325,-4.0,1.0,-82.0
1777889026.7653325,-4.0,1.0,-79.0
1777889026.7753325,-3.0,0.0,-72.0
1777889026.7853324,-4.0,0.0,-69.0
1777889026.7953324,0.0,1.0,-75.0
1777889026.8053324,4.0,-1.0,-79.0
1777889026.8153324,0.0,1.0,-86.0
1777889026.8253324,0.0,0.0,-83.0
1777889026.8363323,3.0,0.0,-80.0
1777889026.8453324,5.0,0.0,-81.0
1777889026.8553324,3.0,-2.0,-76.0
1777889026.8653324,2.0,0.0,-74.0
1777889026.8753324,2.0,2.0,-77.0
1777889026.8853323,8.0,2.0,-75.0
1777889026.8953323,1.0,6.0,-76.0
1777889026.9053323,0.0,5.0,-79.0
1777889026.9153323,0.0,3.0,-72.0
1777889026.9253323,-2.0,0.0,-70.0
1777889026.9353323,0.0,1.0,-66.0
1777889026.9453323,0.0,0.0,-73.0
1777889026.9553325,2.0,4.0,-73.0
1777889026.9653325,4.0,0.0,-75.0
1777889026.9753325,0.0,0.0,-73.0
1777889026.9853325,-2.0,1.0,-76.0
1777889026.9953325,-3.0,2.0,-76.0
1777889027.0053325,0.0,2.0,-71.0
1777889027.0153325,0.0,2.0,-75.0
1777889027.0253325,0.0,2.0,-77.0
1777889027.0353324,-1.0,5.0,-78.0
1777889027.0453324,0.0,3.0,-80.0
1777889027.0553324,0.0,2.0,-79.0
1777889027.0653324,0.0,0.0,-76.0
1777889027.0753324,1.0,-2.0,-73.0
1777889027.0853324,1.0,-3.0,-69.0
1777889027.0953324,2.0,-2.0,-72.0
1777889027.1053324,1.0,-2.0,-73.0
1777889027.1153324,-1.0,-2.0,-70.0
1777889027.1253324,-1.0,-2.0,-70.0
1777889027.1353323,4.0,-5.0,-75.0
1777889027.1453323,0.0,-4.0,-81.0
1777889027.1553323,-1.0,-3.0,-84.0
1777889027.1653323,0.0,-1.0,-82.0
1777889027.1753323,2.0,-4.0,-81.0
1777889027.1853323,2.0,-6.0,-75.0
1777889027.1953323,0.0,-3.0,-74.0
1777889027.2053325,4.0,-6.0,-73.0
1777889027.2153325,3.0,-5.0,-78.0
1777889027.2253325,0.0,-4.0,-74.0
1777889027.2353325,5.0,-3.0,-74.0
1777889027.2453325,5.0,-2.0,-75.0
1777889027.2553325,2.0,-5.0,-77.0
1777889027.2653325,6.0,-4.0,-79.0
1777889027.2753325,6.0,-7.0,-79.0
1777889027.2853324,5.0,-5.0,-81.0
1777889027.2953324,3.0,-1.0,-81.0
1777889027.3053324,6.0,-1.0,-80.0
1777889027.3153324,5.0,-3.0,-79.0
1777889027.3253324,0.0,-3.0,-75.0
1777889027.3353324,-4.0,-5.0,-72.0
1777889027.3453324,-3.0,-6.0,-69.0
1777889027.3553324,-5.0,-6.0,-71.0
1777889027.3653324,-5.0,-8.0,-75.0
1777889027.3753324,-5.0,-2.0,-77.0
1777889027.3853323,-4.0,0.0,-72.0
1777889027.3953323,-3.0,-3.0,-76.0
1777889027.4053323,-2.0,-2.0,-75.0
1777889027.4153323,-2.0,0.0,-68.0
1777889027.4253323,-2.0,4.0,-70.0
1777889027.4353323,1.0,1.0,-75.0
1777889027.4453323,-1.0,1.0,-80.0
1777889027.4553325,-5.0,0.0,-74.0
1777889027.4653325,-2.0,1.0,-77.0
1777889027.4753325,0.0,3.0,-74.0
1777889027.4853325,-1.0,7.0,-79.0
1777889027.4953325,0.0,7.0,-76.0
1777889027.5053325,0.0,3.0,-69.0
1777889027.5153325,0.0,6.0,-68.0
1777889027.5253325,0.0,5.0,-66.0
1777889027.5353324,-1.0,2.0,-64.0
1777889027.5453324,-3.0,4.0,-69.0
1777889027.5553324,-5.0,5.0,-70.0
1777889027.5653324,-7.0,-2.0,-74.0
1777889027.5753324,-4.0,-4.0,-72.0
1777889027.5853324,-5.0,-3.0,-73.0
1777889027.5953324,-9.0,0.0,-67.0
1777889027.6053324,-4.0,0.0,-73.0
1777889027.6153324,-3.0,1.0,-71.0
1777889027.6253324,-2.0,0.0,-76.0
1777889027.6353323,-1.0,-1.0,-78.0
1777889027.6453323,-3.0,-3.0,-74.0
1777889027.6553323,-5.0,-1.0,-74.0
1777889027.6653323,-2.0,-1.0,-70.0
1777889027.6753323,-2.0,1.0,-74.0
1777889027.6853323,-3.0,3.0,-78.0
1777889027.6953323,0.0,3.0,-80.0
1777889027.7053325,-1.0,2.0,-83.0
1777889027.7153325,-2.0,1.0,-84.0
1777889027.7253325,-4.0,1.0,-82.0
1777889027.7353325,1.0,2.0,-80.0
1777889027.7453325,0.0,1.0,-81.0
1777889027.7553325,-5.0,-1.0,-78.0
1777889027.7653325,-6.0,0.0,-76.0
1777889027.7753325,-7.0,0.0,-77.0
1777889027.7853324,-4.0,0.0,-77.0
1777889027.7953324,0.0,1.0,-82.0
1777889027.8053324,2.0,0.0,-81.0
1777889027.8153324,7.0,2.0,-82.0
1777889027.8253324,2.0,0.0,-78.0
1777889027.8353324,3.0,0.0,-71.0
1777889027.8453324,0.0,0.0,-71.0
1777889027.8553324,-3.0,-3.0,-74.0
1777889027.8653324,-2.0,-2.0,-73.0
1777889027.8753324,-4.0,0.0,-71.0
1777889027.8853323,-2.0,3.0,-68.0
1777889027.8953323,-3.0,7.0,-73.0
1777889027.9053323,-4.0,7.0,-76.0
1777889027.9153323,-7.0,4.0,-78.0
1777889027.9253323,-7.0,5.0,-73.0
1777889027.9353323,-5.0,5.0,-74.0
1777889027.9453323,-4.0,1.0,-68.0
1777889027.9553325,-5.0,3.0,-73.0
1777889027.9653325,-4.0,0.0,-76.0
1777889027.9753325,-3.0,0.0,-80.0
1777889027.9853325,-3.0,0.0,-78.0
1777889027.9953325,-5.0,-1.0,-76.0
1777889028.0053325,-4.0,-2.0,-69.0
1777889028.0153325,-2.0,-2.0,-72.0
1777889028.0253325,-1.0,1.0,-78.0
1777889028.0353324,-2.0,4.0,-77.0
1777889028.0453324,-2.0,4.0,-72.0
1777889028.0553324,-2.0,5.0,-78.0
1777889028.0653324,-5.0,2.0,-76.0
1777889028.0753324,-1.0,3.0,-81.0
1777889028.0853324,0.0,2.0,-80.0
1777889028.0953324,0.0,0.0,-75.0
1777889028.1053324,1.0,3.0,-68.0
1777889028.1153324,0.0,0.0,-67.0
1777889028.1253324,3.0,-3.0,-68.0
1777889028.1353323,5.0,-8.0,-70.0
1777889028.1453323,5.0,-7.0,-69.0
1777889028.1553323,0.0,-6.0,-71.0
1777889028.1653323,-2.0,-4.0,-73.0
1777889028.1753323,0.0,-3.0,-74.0
1777889028.1853323,0.0,-6.0,-82.0
1777889028.1953323,1.0,-4.0,-86.0
1777889028.2053325,0.0,-4.0,-90.0
1777889028.2153325,3.0,-6.0,-85.0
1777889028.2253325,-1.0,-8.0,-76.0
1777889028.2353325,-2.0,-8.0,-75.0
1777889028.2453325,-1.0,-10.0,-83.0
1777889028.2553325,2.0,-10.0,-83.0
1777889028.2653325,-1.0,-6.0,-87.0
1777889028.2753325,-6.0,-7.0,-80.0
1777889028.2853324,-3.0,-3.0,-75.0
1777889028.2953324,-1.0,-4.0,-70.0
1777889028.3053324,1.0,-4.0,-69.0
1777889028.3153324,9.0,-2.0,-76.0
1777889028.3253324,4.0,0.0,-81.0
1777889028.3353324,3.0,1.0,-82.0
1777889028.3453324,8.0,-2.0,-77.0
1777889028.3553324,4.0,-2.0,-78.0
1777889028.3653324,3.0,-1.0,-73.0
1777889028.3753324,7.0,1.0,-73.0
1777889028.3853323,5.0,0.0,-77.0
1777889028.3953323,2.0,0.0,-82.0
1777889028.4053323,4.0,1.0,-79.0
1777889028.4153323,2.0,1.0,-74.0
1777889028.4253323,0.0,1.0,-73.0
1777889028.4353323,-3.0,1.0,-68.0
1777889028.4453323,-1.0,3.0,-73.0
1777889028.4553325,0.0,2.0,-73.0
1777889028.4653325,3.0,0.0,-76.0
1777889028.4753325,2.0,0.0,-85.0
1777889028.4853325,2.0,-3.0,-81.0
1777889028.4953325,6.0,-8.0,-77.0
1777889028.5053325,4.0,-7.0,-71.0
1777889028.5153325,-2.0,-8.0,-68.0
1777889028.5253325,-4.0,-6.0,-72.0
1777889028.5353324,-6.0,-1.0,-70.0
1777889028.5453324,-6.0,2.0,-76.0
1777889028.5553324,-7.0,0.0,-79.0
1777889028.5653324,-11.0,-1.0,-81.0
1777889028.5753324,-10.0,-3.0,-86.0
1777889028.5853324,-7.0,-5.0,-91.0
1777889028.5953324,-1.0,-6.0,-90.0
1777889028.6053324,2.0,0.0,-85.0
1777889028.6153324,4.0,2.0,-82.0
1777889028.6253324,0.0,-1.0,-85.0
1777889028.6353323,0.0,-1.0,-91.0
1777889028.6453323,0.0,0.0,-95.0
1777889028.6553323,1.0,-2.0,-86.0
1777889028.6653323,3.0,-3.0,-85.0
1777889028.6753323,-1.0,-5.0,-81.0
1777889028.6863325,1.0,-3.0,-74.0
1777889028.6953323,3.0,-5.0,-75.0
1777889028.7063324,3.0,-6.0,-80.0
1777889028.7163324,-4.0,0.0,-84.0
1777889028.7263324,-1.0,3.0,-83.0
1777889028.7363324,0.0,2.0,-77.0
1777889028.7463324,0.0,0.0,-75.0
1777889028.7563324,-3.0,-1.0,-80.0
1777889028.7663324,0.0,0.0,-86.0
1777889028.7763324,-2.0,-1.0,-86.0
1777889028.7863324,-3.0,-1.0,-87.0
1777889028.7963324,0.0,0.0,-85.0
1777889028.8063323,1.0,0.0,-81.0
1777889028.8163323,1.0,-2.0,-80.0
1777889028.8263323,4.0,0.0,-80.0
1777889028.8363323,6.0,0.0,-73.0
1777889028.8463323,11.0,0.0,-71.0
1777889028.8563323,9.0,0.0,-79.0
1777889028.8663323,5.0,0.0,-77.0
1777889028.8763323,6.0,-1.0,-72.0
1777889028.8863325,5.0,-5.0,-69.0
1777889028.8963325,4.0,-7.0,-71.0
1777889028.9063325,4.0,-3.0,-72.0
1777889028.9163325,0.0,-1.0,-71.0
1777889028.9263325,0.0,-1.0,-70.0
1777889028.9363325,0.0,-5.0,-68.0
1777889028.9463325,3.0,-4.0,-66.0
1777889028.9563324,8.0,-1.0,-70.0
1777889028.9663324,6.0,2.0,-64.0
1777889028.9763324,5.0,0.0,-63.0
1777889028.9863324,4.0,3.0,-69.0
1777889028.9963324,2.0,-2.0,-78.0
1777889029.0063324,0.0,-3.0,-87.0
1777889029.0163324,-1.0,0.0,-84.0
1777889029.0263324,-1.0,0.0,-78.0
1777889029.0363324,3.0,1.0,-78.0
1777889029.0463324,1.0,2.0,-79.0
1777889029.0563323,0.0,1.0,-81.0
1777889029.0663323,1.0,0.0,-83.0
1777889029.0763323,0.0,-1.0,-78.0
1777889029.0863323,-4.0,0.0,-81.0
1777889029.0963323,-3.0,1.0,-85.0
1777889029.1063323,-1.0,0.0,-86.0
1777889029.1163323,-1.0,0.0,-82.0
1777889029.1263323,-3.0,2.0,-85.0
1777889029.1363325,-3.0,-1.0,-88.0
1777889029.1463325,-4.0,-4.0,-83.0
1777889029.1563325,0.0,-6.0,-78.0
1777889029.1663325,2.0,-8.0,-75.0
1777889029.1763325,7.0,-1.0,-74.0
1777889029.1863325,4.0,2.0,-81.0
1777889029.1963325,0.0,0.0,-82.0
1777889029.2063324,-1.0,-1.0,-85.0
1777889029.2163324,0.0,-1.0,-92.0
1777889029.2263324,0.0,-2.0,-87.0
1777889029.2363324,-2.0,-2.0,-83.0
1777889029.2463324,-1.0,0.0,-85.0
1777889029.2563324,-1.0,-1.0,-86.0
1777889029.2663324,0.0,0.0,-95.0
1777889029.2763324,1.0,2.0,-90.0
1777889029.2863324,0.0,2.0,-81.0
1777889029.2963324,2.0,-3.0,-80.0
1777889029.3063323,-3.0,-1.0,-81.0
1777889029.3163323,-8.0,-5.0,-84.0
1777889029.3263323,-8.0,-5.0,-80.0
1777889029.3363323,-6.0,-3.0,-77.0
1777889029.3463323,-10.0,-3.0,-83.0
1777889029.3563323,-9.0,-4.0,-84.0
1777889029.3663323,-8.0,-2.0,-82.0
1777889029.3763323,-7.0,-7.0,-78.0
1777889029.3863325,-3.0,-9.0,-74.0
1777889029.3963325,-4.0,-5.0,-73.0
1777889029.4063325,-3.0,-5.0,-70.0
1777889029.4163325,-3.0,-3.0,-73.0
1777889029.4263325,3.0,0.0,-74.0
1777889029.4363325,6.0,-2.0,-75.0
1777889029.4463325,6.0,-1.0,-75.0
1777889029.4563324,4.0,0.0,-73.0
1777889029.4663324,5.0,-1.0,-72.0
1777889029.4763324,3.0,-2.0,-65.0
1777889029.4863324,3.0,-6.0,-69.0
1777889029.4963324,4.0,0.0,-67.0
1777889029.5063324,2.0,0.0,-70.0
1777889029.5163324,-1.0,2.0,-74.0
1777889029.5263324,-6.0,1.0,-76.0
1777889029.5363324,-2.0,0.0,-77.0
1777889029.5463324,-2.0,-3.0,-79.0
1777889029.5563323,1.0,2.0,-75.0
1777889029.5663323,0.0,0.0,-69.0
1777889029.5763323,-3.0,1.0,-73.0
1777889029.5863323,-6.0,5.0,-71.0
1777889029.5963323,-3.0,1.0,-74.0
1777889029.6063323,-6.0,0.0,-75.0
1777889029.6163323,0.0,-2.0,-77.0
1777889029.6263323,3.0,-1.0,-77.0
1777889029.6363325,5.0,1.0,-74.0
1777889029.6463325,10.0,0.0,-67.0
1777889029.6563325,12.0,4.0,-74.0
1777889029.6663325,9.0,0.0,-70.0
1777889029.6763325,7.0,-2.0,-67.0
1777889029.6863325,5.0,0.0,-69.0
1777889029.6963325,3.0,-2.0,-68.0
1777889029.7063324,6.0,-2.0,-69.0
1777889029.7163324,2.0,1.0,-72.0
1777889029.7263324,2.0,0.0,-77.0
1777889029.7363324,-1.0,0.0,-74.0
1777889029.7463324,0.0,-2.0,-76.0
1777889029.7563324,-1.0,-2.0,-80.0
1777889029.7663324,-3.0,-4.0,-84.0
1777889029.7763324,-3.0,-3.0,-86.0
1777889029.7863324,-1.0,-1.0,-85.0
1777889029.7963324,0.0,-1.0,-83.0
1777889029.8063323,0.0,1.0,-86.0
1777889029.8163323,-3.0,0.0,-83.0
1777889029.8263323,-4.0,0.0,-77.0
1777889029.8363323,2.0,0.0,-78.0
1777889029.8463323,-2.0,-1.0,-77.0
1777889029.8563323,-1.0,-2.0,-74.0
1777889029.8663323,0.0,-1.0,-72.0
1777889029.8763323,0.0,-3.0,-74.0
1777889029.8863325,0.0,-6.0,-75.0
1777889029.8963325,1.0,-4.0,-72.0
1777889029.9063325,-5.0,-2.0,-73.0
1777889029.9163325,-6.0,0.0,-73.0
1777889029.9263325,-2.0,-1.0,-69.0
1777889029.9363325,-6.0,5.0,-67.0
1777889029.9463325,-7.0,6.0,-73.0
1777889029.9563324,-5.0,6.0,-70.0
1777889029.9663324,-4.0,5.0,-68.0
1777889029.9763324,-1.0,4.0,-71.0
1777889029.9863324,2.0,0.0,-71.0
1777889029.9963324,4.0,0.0,-69.0
1777889030.0063324,7.0,-2.0,-78.0
1777889030.0163324,9.0,-3.0,-78.0
1777889030.0263324,8.0,-2.0,-78.0
1777889030.0363324,5.0,-4.0,-78.0
1777889030.0463324,5.0,-7.0,-81.0
1777889030.0563323,4.0,-8.0,-84.0
1777889030.0663323,0.0,-4.0,-78.0
1777889030.0763323,2.0,-2.0,-75.0
1777889030.0863323,-2.0,0.0,-72.0
1777889030.0963323,-2.0,0.0,-71.0
1777889030.1063323,-3.0,0.0,-67.0
1777889030.1163323,1.0,0.0,-63.0
1777889030.1263323,3.0,3.0,-61.0
1777889030.1363325,3.0,2.0,-60.0
1777889030.1463325,4.0,4.0,-61.0
1777889030.1563325,5.0,2.0,-58.0
1777889030.1663325,8.0,4.0,-63.0
1777889030.1763325,5.0,0.0,-67.0
1777889030.1863325,6.0,2.0,-74.0
1777889030.1963325,6.0,2.0,-81.0
1777889030.2063324,4.0,2.0,-82.0
1777889030.2163324,5.0,0.0,-77.0
1777889030.2263324,6.0,0.0,-73.0
1777889030.2363324,5.0,0.0,-73.0
1777889030.2463324,0.0,3.0,-71.0
1777889030.2563324,3.0,5.0,-65.0
1777889030.2663324,6.0,11.0,-65.0
1777889030.2763324,7.0,8.0,-74.0
1777889030.2863324,7.0,9.0,-74.0
1777889030.2963324,4.0,10.0,-76.0
1777889030.3063323,5.0,10.0,-81.0
1777889030.3163323,5.0,8.0,-81.0
1777889030.3263323,6.0,9.0,-80.0
1777889030.3363323,2.0,8.0,-79.0
1777889030.3463323,4.0,5.0,-81.0
1777889030.3563323,2.0,0.0,-80.0
1777889030.3663323,0.0,-4.0,-74.0
1777889030.3763323,1.0,-3.0,-71.0
1777889030.3863325,0.0,-4.0,-71.0
1777889030.3963325,0.0,-5.0,-72.0
1777889030.4063325,-4.0,-6.0,-73.0
1777889030.4163325,-5.0,-3.0,-79.0
1777889030.4263325,-4.0,0.0,-84.0
1777889030.4363325,-5.0,0.0,-87.0
1777889030.4463325,-5.0,0.0,-85.0
1777889030.4563324,0.0,-1.0,-81.0
1777889030.4663324,1.0,0.0,-76.0
1777889030.4763324,0.0,-1.0,-73.0
1777889030.4863324,4.0,-2.0,-75.0
1777889030.4963324,7.0,0.0,-81.0
1777889030.5063324,3.0,1.0,-76.0
1777889030.5163324,-1.0,-1.0,-78.0
1777889030.5263324,-1.0,-2.0,-81.0
1777889030.5363324,-1.0,0.0,-78.0
1777889030.5463324,0.0,-1.0,-80.0
1777889030.5563323,3.0,-1.0,-81.0
1777889030.5663323,5.0,0.0,-77.0
1777889030.5763323,7.0,-1.0,-77.0
1777889030.5863323,3.0,1.0,-80.0
1777889030.5963323,4.0,0.0,-78.0
1777889030.6063323,1.0,0.0,-73.0
1777889030.6163323,0.0,0.0,-79.0
1777889030.6263323,1.0,-2.0,-78.0
1777889030.6363325,3.0,-1.0,-78.0
1777889030.6463325,4.0,-1.0,-77.0
1777889030.6563325,0.0,-1.0,-78.0
1777889030.6673324,-1.0,1.0,-72.0
1777889030.6763325,3.0,1.0,-75.0
1777889030.6873324,4.0,0.0,-78.0
1777889030.6973324,2.0,0.0,-75.0
1777889030.7073324,2.0,0.0,-81.0
1777889030.7173324,2.0,0.0,-84.0
1777889030.7273324,1.0,3.0,-86.0
1777889030.7373323,5.0,2.0,-81.0
1777889030.7473323,4.0,0.0,-77.0
1777889030.7573323,0.0,0.0,-76.0
1777889030.7673323,0.0,-1.0,-77.0
1777889030.7773323,0.0,-4.0,-81.0
1777889030.7873323,-5.0,-7.0,-81.0
1777889030.7973323,-5.0,-4.0,-73.0
1777889030.8073325,-5.0,-4.0,-73.0
1777889030.8173325,-6.0,-4.0,-73.0
1777889030.8273325,0.0,2.0,-78.0
1777889030.8373325,2.0,6.0,-74.0
1777889030.8473325,2.0,4.0,-69.0
1777889030.8573325,3.0,5.0,-79.0
1777889030.8673325,0.0,5.0,-86.0
1777889030.8773324,1.0,2.0,-82.0
1777889030.8873324,1.0,1.0,-78.0
1777889030.8973324,2.0,0.0,-77.0
1777889030.9073324,5.0,4.0,-82.0
1777889030.9173324,7.0,2.0,-79.0
1777889030.9273324,6.0,2.0,-78.0
1777889030.9373324,6.0,-1.0,-79.0
1777889030.9473324,0.0,-7.0,-80.0
1777889030.9573324,0.0,-4.0,-78.0
1777889030.9673324,-1.0,-5.0,-84.0
1777889030.9773324,0.0,-5.0,-86.0
1777889030.9873323,-1.0,-4.0,-85.0
1777889030.9973323,0.0,-4.0,-86.0
1777889031.0073323,-4.0,0.0,-83.0
1777889031.0173323,-3.0,-2.0,-85.0
1777889031.0273323,-2.0,-5.0,-83.0
1777889031.0373323,-4.0,-6.0,-81.0
1777889031.0473323,2.0,-1.0,-86.0
1777889031.0573325,4.0,1.0,-88.0
1777889031.0673325,6.0,2.0,-88.0
1777889031.0773325,6.0,0.0,-84.0
1777889031.0873325,6.0,2.0,-81.0
1777889031.0973325,10.0,2.0,-78.0
1777889031.1073325,9.0,0.0,-80.0
1777889031.1173325,3.0,-1.0,-74.0
1777889031.1273324,3.0,-1.0,-67.0
1777889031.1373324,3.0,-2.0,-66.0
1777889031.1473324,5.0,-5.0,-68.0
1777889031.1573324,8.0,-2.0,-69.0
1777889031.1673324,4.0,-3.0,-63.0
1777889031.1773324,2.0,-3.0,-65.0
1777889031.1873324,1.0,-2.0,-69.0
1777889031.1973324,2.0,-6.0,-73.0
1777889031.2073324,3.0,-8.0,-72.0
1777889031.2173324,-2.0,-8.0,-72.0
1777889031.2273324,-7.0,-10.0,-77.0
1777889031.2373323,-11.0,-10.0,-83.0
1777889031.2473323,-7.0,-11.0,-81.0
1777889031.2573323,-10.0,-8.0,-82.0
1777889031.2673323,-5.0,-4.0,-78.0
1777889031.2773323,-4.0,-5.0,-75.0
1777889031.2873323,0.0,-9.0,-77.0
1777889031.2973323,3.0,-11.0,-76.0
1777889031.3073325,3.0,-8.0,-76.0
1777889031.3173325,7.0,-4.0,-75.0
1777889031.3273325,10.0,0.0,-84.0
1777889031.3373325,9.0,0.0,-87.0
1777889031.3473325,4.0,-3.0,-84.0
1777889031.3573325,6.0,-2.0,-75.0
1777889031.3673325,5.0,-1.0,-71.0
1777889031.3773324,7.0,-1.0,-72.0
1777889031.3873324,3.0,-1.0,-70.0
1777889031.3973324,5.0,-2.0,-72.0
1777889031.4073324,10.0,-3.0,-76.0
1777889031.4173324,7.0,-1.0,-76.0
1777889031.4273324,13.0,-2.0,-75.0
1777889031.4373324,14.0,-1.0,-74.0
1777889031.4473324,9.0,0.0,-71.0
1777889031.4573324,3.0,0.0,-68.0
1777889031.4673324,3.0,0.0,-70.0
1777889031.4773324,0.0,2.0,-64.0
1777889031.4873323,0.0,5.0,-65.0
1777889031.4973323,-1.0,0.0,-70.0
1777889031.5073323,0.0,-1.0,-71.0
1777889031.5173323,4.0,0.0,-62.0
1777889031.5273323,1.0,0.0,-58.0
1777889031.5373323,0.0,-1.0,-62.0
1777889031.5473323,-1.0,0.0,-59.0
1777889031.5573325,0.0,1.0,-71.0
1777889031.5673325,0.0,0.0,-76.0
1777889031.5773325,0.0,0.0,-78.0
1777889031.5873325,0.0,-1.0,-77.0
1777889031.5973325,-1.0,-1.0,-75.0
1777889031.6073325,-6.0,1.0,-79.0
1777889031.6173325,-6.0,1.0,-78.0
1777889031.6273324,-7.0,4.0,-83.0
1777889031.6373324,-8.0,1.0,-81.0
1777889031.6473324,-8.0,0.0,-87.0
1777889031.6573324,-4.0,4.0,-87.0
1777889031.6673324,-6.0,2.0,-84.0
1777889031.6773324,-8.0,3.0,-84.0
1777889031.6873324,-7.0,3.0,-80.0
1777889031.6973324,-9.0,1.0,-78.0
1777889031.7073324,-3.0,0.0,-81.0
1777889031.7173324,0.0,0.0,-78.0
1777889031.7273324,-2.0,0.0,-73.0
1777889031.7373323,-7.0,-4.0,-70.0
1777889031.7473323,-9.0,-8.0,-69.0
1777889031.7573323,-3.0,-12.0,-69.0
1777889031.7673323,1.0,-6.0,-73.0
1777889031.7773323,6.0,1.0,-76.0
1777889031.7873323,8.0,5.0,-87.0
1777889031.7973323,8.0,1.0,-87.0
1777889031.8073325,5.0,4.0,-82.0
1777889031.8173325,3.0,3.0,-79.0
1777889031.8273325,2.0,4.0,-79.0
1777889031.8373325,4.0,-2.0,-73.0
1777889031.8473325,3.0,-2.0,-73.0
1777889031.8573325,1.0,-4.0,-70.0
1777889031.8673325,-1.0,-7.0,-75.0
1777889031.8773324,-1.0,-3.0,-76.0
1777889031.8873324,-1.0,0.0,-85.0
1777889031.8973324,3.0,0.0,-84.0
1777889031.9073324,4.0,-1.0,-87.0
1777889031.9173324,2.0,1.0,-89.0
1777889031.9273324,0.0,3.0,-81.0
1777889031.9373324,0.0,3.0,-76.0
1777889031.9473324,2.0,4.0,-77.0
1777889031.9573324,1.0,1.0,-72.0
1777889031.9673324,0.0,0.0,-73.0
1777889031.9773324,1.0,1.0,-68.0
1777889031.9873323,3.0,-1.0,-66.0
1777889031.9973323,0.0,0.0,-69.0
1777889032.0073323,-3.0,2.0,-67.0
1777889032.0173323,-2.0,0.0,-71.0
1777889032.0273323,2.0,0.0,-75.0
1777889032.0373323,11.0,0.0,-76.0
1777889032.0473323,10.0,5.0,-79.0
1777889032.0573325,7.0,-1.0,-77.0
1777889032.0673325,5.0,-3.0,-79.0
1777889032.0773325,4.0,-3.0,-78.0
1777889032.0873325,1.0,-4.0,-82.0
1777889032.0973325,3.0,-4.0,-88.0
1777889032.1073325,1.0,-1.0,-82.0
1777889032.1173325,7.0,0.0,-78.0
1777889032.1273324,6.0,0.0,-71.0
1777889032.1373324,4.0,0.0,-72.0
1777889032.1473324,3.0,0.0,-68.0
1777889032.1573324,0.0,-3.0,-68.0
1777889032.1673324,3.0,1.0,-63.0
1777889032.1773324,1.0,3.0,-66.0
1777889032.1873324,0.0,0.0,-68.0
1777889032.1973324,0.0,2.0,-71.0
1777889032.2073324,-2.0,6.0,-78.0
1777889032.2173324,-4.0,3.0,-76.0
1777889032.2273324,0.0,1.0,-78.0
1777889032.2373323,0.0,-1.0,-74.0
1777889032.2473323,2.0,0.0,-77.0
1777889032.2573323,0.0,-2.0,-76.0
1777889032.2673323,-3.0,-3.0,-76.0
1777889032.2773323,-5.0,0.0,-73.0
1777889032.2873323,0.0,0.0,-70.0
1777889032.2973323,0.0,1.0,-75.0
1777889032.3073325,7.0,-1.0,-79.0
1777889032.3173325,6.0,-3.0,-79.0
1777889032.3273325,3.0,-4.0,-76.0
1777889032.3373325,2.0,-6.0,-79.0
1777889032.3473325,0.0,-4.0,-83.0
1777889032.3573325,0.0,-5.0,-82.0
1777889032.3673325,-2.0,-5.0,-81.0
1777889032.3773324,-5.0,-5.0,-73.0
1777889032.3873324,-5.0,-4.0,-68.0
1777889032.3973324,-4.0,-4.0,-67.0
1777889032.4073324,-5.0,-5.0,-63.0
1777889032.4173324,-1.0,-2.0,-63.0
1777889032.4273324,1.0,-1.0,-68.0
1777889032.4373324,-2.0,0.0,-62.0
1777889032.4473324,-3.0,2.0,-72.0
1777889032.4573324,-5.0,3.0,-80.0
1777889032.4673324,-2.0,6.0,-79.0
1777889032.4773324,0.0,6.0,-81.0
1777889032.4873323,-3.0,7.0,-83.0
1777889032.4973323,0.0,5.0,-85.0
1777889032.5073323,-5.0,0.0,-88.0
1777889032.5173323,-5.0,4.0,-86.0
1777889032.5273323,-3.0,2.0,-82.0
1777889032.5373323,-7.0,-3.0,-85.0
1777889032.5473323,-8.0,-5.0,-79.0
1777889032.5573325,-8.0,-6.0,-79.0
1777889032.5673325,-2.0,-5.0,-73.0
1777889032.5773325,0.0,-3.0,-76.0
1777889032.5873325,2.0,0.0,-76.0
1777889032.5973325,1.0,2.0,-72.0
1777889032.6073325,-3.0,2.0,-75.0
1777889032.6173325,0.0,0.0,-75.0
1777889032.6273324,3.0,-3.0,-79.0
1777889032.6373324,4.0,-1.0,-80.0
1777889032.6473324,1.0,-4.0,-82.0
1777889032.6573324,1.0,-3.0,-74.0
1777889032.6683323,0.0,-5.0,-73.0
1777889032.6783323,1.0,-5.0,-77.0
1777889032.6883323,3.0,-1.0,-78.0
1777889032.6983323,0.0,-3.0,-84.0
1777889032.7083323,1.0,-6.0,-81.0
1777889032.7183323,0.0,-2.0,-82.0
1777889032.7283323,-2.0,-6.0,-79.0
1777889032.7383325,0.0,-5.0,-72.0
1777889032.7483325,0.0,0.0,-72.0
1777889032.7583325,-1.0,-1.0,-71.0
1777889032.7683325,-3.0,-7.0,-75.0
1777889032.7783325,-2.0,-5.0,-72.0
1777889032.7883325,-4.0,-2.0,-74.0
1777889032.7983325,-2.0,-1.0,-78.0
1777889032.8083324,-4.0,-3.0,-80.0
1777889032.8183324,0.0,-5.0,-82.0
1777889032.8283324,1.0,-7.0,-72.0
1777889032.8383324,5.0,-8.0,-67.0
1777889032.8483324,7.0,-5.0,-70.0
1777889032.8583324,7.0,-8.0,-70.0
1777889032.8683324,4.0,-4.0,-70.0
1777889032.8783324,2.0,-5.0,-70.0
1777889032.8883324,1.0,-3.0,-71.0
1777889032.8983324,3.0,-5.0,-72.0
1777889032.9083323,2.0,-3.0,-76.0
1777889032.9183323,0.0,0.0,-72.0
1777889032.9283323,-1.0,-1.0,-68.0
1777889032.9383323,-4.0,5.0,-64.0
1777889032.9483323,-2.0,5.0,-81.0
1777889032.9583323,-2.0,5.0,-81.0
1777889032.9683323,-4.0,6.0,-81.0
1777889032.9783323,-5.0,3.0,-82.0
1777889032.9883325,0.0,-1.0,-80.0
1777889032.9983325,0.0,-3.0,-80.0
1777889033.0083325,2.0,0.0,-76.0
1777889033.0183325,1.0,2.0,-76.0
1777889033.0283325,-1.0,0.0,-76.0
1777889033.0383325,0.0,-1.0,-76.0
1777889033.0483325,1.0,0.0,-78.0
1777889033.0583324,1.0,1.0,-80.0
1777889033.0683324,1.0,2.0,-82.0
1777889033.0783324,3.0,1.0,-83.0
1777889033.0883324,8.0,1.0,-86.0
1777889033.0983324,4.0,1.0,-85.0
1777889033.1083324,4.0,1.0,-79.0
1777889033.1183324,0.0,-1.0,-77.0
1777889033.1283324,-3.0,-6.0,-80.0
1777889033.1383324,-7.0,-5.0,-75.0
1777889033.1483324,-8.0,-2.0,-69.0
1777889033.1583323,0.0,-2.0,-58.0
1777889033.1683323,2.0,-8.0,-68.0
1777889033.1783323,3.0,-5.0,-72.0
1777889033.1883323,2.0,-5.0,-71.0
1777889033.1983323,4.0,-6.0,-73.0
1777889033.2083323,4.0,-10.0,-68.0
1777889033.2183323,3.0,-11.0,-66.0
1777889033.2283323,1.0,-5.0,-73.0
1777889033.2383325,2.0,-5.0,-79.0
1777889033.2483325,4.0,-7.0,-80.0
1777889033.2583325,4.0,-8.0,-80.0
1777889033.2683325,1.0,-9.0,-74.0
1777889033.2783325,-2.0,-6.0,-77.0
1777889033.2883325,-2.0,-4.0,-76.0
1777889033.2983325,-1.0,-3.0,-78.0
1777889033.3083324,0.0,-3.0,-70.0
1777889033.3183324,-2.0,0.0,-73.0
1777889033.3283324,-6.0,0.0,-71.0
1777889033.3383324,-5.0,5.0,-76.0
1777889033.3483324,-1.0,5.0,-82.0
1777889033.3583324,0.0,0.0,-77.0
1777889033.3683324,0.0,-4.0,-74.0
1777889033.3783324,4.0,-4.0,-73.0
1777889033.3883324,7.0,-6.0,-74.0
1777889033.3983324,9.0,-3.0,-80.0
1777889033.4083323,11.0,-1.0,-77.0
1777889033.4183323,10.0,-3.0,-75.0
1777889033.4283323,10.0,-1.0,-86.0
1777889033.4383323,11.0,-2.0,-87.0
1777889033.4483323,5.0,0.0,-82.0
1777889033.4583323,1.0,0.0,-82.0
1777889033.4683323,1.0,-1.0,-76.0
1777889033.4783323,1.0,-1.0,-72.0
1777889033.4883325,1.0,0.0,-69.0
1777889033.4983325,-3.0,-1.0,-67.0
1777889033.5083325,-4.0,0.0,-61.0
1777889033.5183325,-5.0,0.0,-72.0
1777889033.5283325,-11.0,0.0,-82.0
1777889033.5383325,-9.0,-6.0,-84.0
1777889033.5483325,-7.0,-7.0,-76.0
1777889033.5583324,-7.0,-7.0,-74.0
1777889033.5683324,-4.0,-8.0,-80.0
1777889033.5783324,-9.0,-10.0,-76.0
1777889033.5883324,-11.0,-7.0,-75.0
1777889033.5983324,-9.0,-7.0,-71.0
1777889033.6083324,-9.0,-1.0,-70.0
1777889033.6183324,-7.0,0.0,-78.0
1777889033.6283324,-2.0,1.0,-75.0
1777889033.6383324,1.0,0.0,-70.0
1777889033.6483324,-2.0,2.0,-72.0
1777889033.6583323,-3.0,1.0,-75.0
1777889033.6683323,-3.0,-2.0,-77.0
1777889033.6783323,1.0,-1.0,-78.0
1777889033.6883323,0.0,-3.0,-72.0
1777889033.6983323,-2.0,-3.0,-69.0
1777889033.7083323,0.0,-4.0,-73.0
1777889033.7183323,3.0,-3.0,-74.0
1777889033.7283323,7.0,-5.0,-72.0
1777889033.7383325,6.0,-9.0,-71.0
1777889033.7483325,5.0,-7.0,-76.0
1777889033.7583325,5.0,-2.0,-77.0
1777889033.7683325,3.0,-1.0,-75.0
1777889033.7783325,0.0,-1.0,-73.0
1777889033.7883325,0.0,2.0,-75.0
1777889033.7983325,0.0,3.0,-77.0
1777889033.8083324,0.0,1.0,-78.0
1777889033.8183324,0.0,0.0,-77.0
1777889033.8283324,1.0,-3.0,-83.0
1777889033.8383324,0.0,-6.0,-77.0
1777889033.8483324,-2.0,-6.0,-83.0
1777889033.8583324,1.0,-7.0,-74.0
1777889033.8683324,-1.0,-6.0,-74.0
1777889033.8783324,2.0,-7.0,-74.0
1777889033.8883324,0.0,-4.0,-75.0
1777889033.8983324,-4.0,0.0,-78.0
1777889033.9083323,-9.0,-2.0,-74.0
1777889033.9183323,-8.0,-3.0,-76.0
1777889033.9283323,-6.0,-3.0,-80.0
1777889033.9383323,-1.0,0.0,-83.0
1777889033.9483323,2.0,2.0,-80.0
1777889033.9583323,0.0,2.0,-87.0
1777889033.9683323,0.0,0.0,-90.0
1777889033.9783323,3.0,1.0,-89.0
1777889033.9883325,6.0,0.0,-88.0
1777889033.9983325,4.0,1.0,-80.0
1777889034.0083325,-2.0,0.0,-81.0
1777889034.0183325,-1.0,-4.0,-80.0
1777889034.0283325,-5.0,-5.0,-79.0
1777889034.0383325,-2.0,-3.0,-84.0
1777889034.0483325,0.0,-3.0,-77.0
1777889034.0583324,2.0,-5.0,-76.0
1777889034.0683324,-2.0,0.0,-72.0
1777889034.0783324,-5.0,-2.0,-67.0
1777889034.0883324,-8.0,0.0,-66.0
1777889034.0983324,-6.0,-3.0,-72.0
1777889034.1083324,-5.0,-4.0,-75.0
1777889034.1183324,0.0,-5.0,-75.0
1777889034.1283324,4.0,-5.0,-77.0
1777889034.1383324,1.0,-1.0,-75.0
1777889034.1483324,-2.0,0.0,-71.0
1777889034.1583323,-2.0,0.0,-67.0
1777889034.1683323,3.0,2.0,-69.0
1777889034.1783323,0.0,8.0,-70.0
1777889034.1883323,0.0,8.0,-74.0
1777889034.1983323,-1.0,10.0,-71.0
1777889034.2083323,-3.0,8.0,-63.0
1777889034.2183323,-2.0,3.0,-66.0
1777889034.2283323,-1.0,-1.0,-63.0
1777889034.2383325,-2.0,-1.0,-71.0
1777889034.2483325,-3.0,0.0,-71.0
1777889034.2583325,-1.0,-2.0,-80.0
1777889034.2683325,1.0,2.0,-79.0
1777889034.2783325,-1.0,1.0,-77.0
1777889034.2883325,-4.0,-1.0,-82.0
1777889034.2983325,-5.0,0.0,-77.0
1777889034.3083324,-12.0,0.0,-74.0
1777889034.3183324,-7.0,-2.0,-72.0
1777889034.3283324,-5.0,-3.0,-71.0
1777889034.3383324,-4.0,-4.0,-70.0
1777889034.3483324,1.0,-5.0,-70.0
1777889034.3583324,2.0,-5.0,-74.0
1777889034.3683324,0.0,-2.0,-77.0
1777889034.3783324,-7.0,1.0,-81.0
1777889034.3883324,-9.0,-1.0,-81.0
1777889034.3983324,-8.0,0.0,-83.0
1777889034.4083323,-5.0,1.0,-84.0
1777889034.4183323,0.0,1.0,-74.0
1777889034.4283323,0.0,-1.0,-78.0
1777889034.4383323,0.0,-1.0,-73.0
1777889034.4483323,-1.0,0.0,-69.0
1777889034.4583323,0.0,-4.0,-73.0
1777889034.4683323,-1.0,-4.0,-81.0
1777889034.4783323,-1.0,-3.0,-76.0
1777889034.4883325,0.0,0.0,-75.0
1777889034.4983325,3.0,4.0,-75.0
1777889034.5083325,4.0,2.0,-81.0
1777889034.5183325,-1.0,3.0,-81.0
1777889034.5283325,-1.0,2.0,-81.0
1777889034.5383325,-1.0,5.0,-84.0
1777889034.5483325,3.0,8.0,-81.0
1777889034.5583324,4.0,6.0,-78.0
1777889034.5683324,8.0,5.0,-72.0
1777889034.5783324,9.0,1.0,-69.0
1777889034.5883324,10.0,1.0,-64.0
1777889034.5983324,7.0,-1.0,-63.0
1777889034.6083324,5.0,0.0,-63.0
1777889034.6193323,6.0,-2.0,-62.0
1777889034.6283324,2.0,-2.0,-64.0
1777889034.6383324,1.0,-1.0,-64.0
1777889034.6483324,-1.0,2.0,-68.0
1777889034.6583323,0.0,0.0,-73.0
1777889034.6693325,4.0,-4.0,-72.0
1777889034.6793325,2.0,-1.0,-77.0
1777889034.6893325,4.0,1.0,-74.0
1777889034.6993325,0.0,0.0,-74.0
1777889034.7093325,2.0,2.0,-73.0
1777889034.7193325,0.0,6.0,-76.0
1777889034.7293324,-3.0,6.0,-73.0
1777889034.7393324,-6.0,6.0,-71.0
1777889034.7493324,-7.0,2.0,-72.0
1777889034.7593324,-7.0,0.0,-78.0
1777889034.7693324,-4.0,0.0,-80.0
1777889034.7793324,0.0,-4.0,-70.0
1777889034.7893324,5.0,-4.0,-68.0
1777889034.7993324,3.0,-5.0,-75.0
1777889034.8093324,0.0,-9.0,-74.0
1777889034.8193324,-4.0,-7.0,-73.0
1777889034.8293324,-2.0,-4.0,-73.0
1777889034.8393323,0.0,-8.0,-71.0
1777889034.8493323,1.0,-11.0,-73.0
1777889034.8593323,-2.0,-10.0,-68.0
1777889034.8693323,-2.0,-10.0,-73.0
1777889034.8793323,6.0,-9.0,-75.0
1777889034.8893323,6.0,-4.0,-77.0
1777889034.8993323,3.0,-2.0,-72.0
1777889034.9093325,4.0,-4.0,-68.0
1777889034.9193325,5.0,-3.0,-72.0
1777889034.9293325,1.0,-1.0,-77.0
1777889034.9393325,3.0,0.0,-80.0
1777889034.9493325,8.0,0.0,-78.0
1777889034.9593325,11.0,0.0,-78.0
1777889034.9693325,4.0,0.0,-79.0
1777889034.9793324,1.0,0.0,-83.0
1777889034.9893324,5.0,2.0,-83.0
1777889034.9993324,4.0,1.0,-77.0
1777889035.0093324,0.0,3.0,-70.0
1777889035.0193324,-2.0,2.0,-76.0
1777889035.0293324,-4.0,-2.0,-79.0
1777889035.0393324,-2.0,-4.0,-71.0
1777889035.0493324,-1.0,-4.0,-73.0
1777889035.0593324,-5.0,2.0,-74.0
1777889035.0693324,-6.0,0.0,-72.0
1777889035.0793324,-2.0,5.0,-76.0
1777889035.0893323,0.0,3.0,-71.0
1777889035.0993323,-1.0,3.0,-67.0
1777889035.1093323,-2.0,4.0,-72.0
1777889035.1193323,0.0,1.0,-68.0
1777889035.1293323,0.0,0.0,-72.0
1777889035.1393323,4.0,0.0,-78.0
1777889035.1493323,3.0,5.0,-74.0
1777889035.1593325,2.0,3.0,-67.0
1777889035.1693325,1.0,3.0,-67.0
1777889035.1793325,4.0,2.0,-68.0
1777889035.1893325,5.0,0.0,-74.0
1777889035.1993325,1.0,1.0,-75.0
1777889035.2093325,3.0,3.0,-66.0
1777889035.2193325,1.0,3.0,-67.0
1777889035.2293324,2.0,0.0,-67.0
1777889035.2393324,1.0,0.0,-71.0
1777889035.2493324,-3.0,0.0,-66.0
1777889035.2593324,-3.0,2.0,-65.0
1777889035.2693324,1.0,-1.0,-67.0
1777889035.2793324,3.0,-1.0,-70.0
1777889035.2893324,0.0,-1.0,-73.0
1777889035.2993324,-5.0,2.0,-77.0
1777889035.3093324,-3.0,0.0,-80.0
1777889035.3193324,-3.0,0.0,-74.0
1777889035.3293324,-3.0,-1.0,-73.0
1777889035.3393323,-9.0,-4.0,-70.0
1777889035.3493323,-5.0,-5.0,-70.0
1777889035.3593323,-2.0,-3.0,-75.0
1777889035.3693323,0.0,0.0,-80.0
1777889035.3793323,0.0,0.0,-81.0
1777889035.3893323,0.0,-4.0,-83.0
1777889035.3993323,1.0,-7.0,-79.0
1777889035.4093325,0.0,-4.0,-72.0
1777889035.4193325,0.0,-5.0,-76.0
1777889035.4293325,1.0,-7.0,-78.0
1777889035.4393325,-3.0,-7.0,-77.0
1777889035.4493325,-2.0,-3.0,-68.0
1777889035.4593325,0.0,2.0,-71.0
1777889035.4693325,0.0,6.0,-75.0
1777889035.4793324,-1.0,8.0,-76.0
1777889035.4893324,0.0,1.0,-79.0
1777889035.4993324,2.0,0.0,-79.0
1777889035.5093324,2.0,2.0,-76.0
1777889035.5193324,2.0,-2.0,-74.0
1777889035.5293324,-4.0,-5.0,-70.0
1777889035.5393324,-10.0,0.0,-71.0
1777889035.5493324,-11.0,0.0,-68.0
1777889035.5593324,-10.0,6.0,-73.0
1777889035.5693324,-5.0,6.0,-73.0
1777889035.5793324,-3.0,4.0,-80.0
1777889035.5893323,1.0,6.0,-86.0
1777889035.5993323,-1.0,1.0,-80.0
1777889035.6093323,-2.0,3.0,-82.0
1777889035.6193323,-2.0,4.0,-74.0
1777889035.6293323,-6.0,2.0,-77.0
1777889035.6393323,-2.0,0.0,-74.0
1777889035.6493323,0.0,-2.0,-70.0
1777889035.6593325,4.0,0.0,-73.0
1777889035.6693325,7.0,-1.0,-75.0
1777889035.6793325,7.0,-3.0,-75.0
1777889035.6893325,7.0,0.0,-68.0
1777889035.6993325,7.0,1.0,-66.0
1777889035.7093325,4.0,2.0,-73.0
1777889035.7193325,6.0,-1.0,-78.0
1777889035.7293324,6.0,2.0,-75.0
1777889035.7393324,7.0,2.0,-74.0
1777889035.7493324,4.0,3.0,-85.0
1777889035.7593324,6.0,5.0,-87.0
1777889035.7693324,9.0,-2.0,-82.0
1777889035.7793324,14.0,-2.0,-80.0
1777889035.7893324,12.0,-3.0,-79.0
1777889035.7993324,15.0,-3.0,-81.0
1777889035.8093324,13.0,-2.0,-82.0
1777889035.8193324,5.0,-2.0,-77.0
1777889035.8293324,2.0,-1.0,-82.0
1777889035.8393323,0.0,5.0,-75.0
1777889035.8493323,-4.0,4.0,-74.0
1777889035.8593323,-4.0,1.0,-75.0
1777889035.8693323,-4.0,-3.0,-81.0
1777889035.8793323,1.0,0.0,-78.0
1777889035.8893323,0.0,-4.0,-74.0
1777889035.8993323,0.0,-6.0,-73.0
1777889035.9093325,-2.0,0.0,-73.0
1777889035.9193325,-3.0,2.0,-75.0
1777889035.9293325,-5.0,-1.0,-70.0
1777889035.9393325,-6.0,-3.0,-64.0
1777889035.9493325,-10.0,-2.0,-62.0
1777889035.9593325,-4.0,-1.0,-57.0
1777889035.9693325,-4.0,-5.0,-59.0
1777889035.9793324,-1.0,-2.0,-59.0
1777889035.9893324,1.0,-4.0,-68.0
1777889035.9993324,2.0,-3.0,-66.0
1777889036.0093324,2.0,-5.0,-63.0
1777889036.0193324,-1.0,-5.0,-62.0
1777889036.0293324,0.0,-3.0,-72.0
1777889036.0393324,0.0,-3.0,-74.0
1777889036.0493324,0.0,-1.0,-76.0
1777889036.0593324,2.0,1.0,-76.0
1777889036.0693324,4.0,3.0,-75.0
1777889036.0793324,1.0,0.0,-73.0
1777889036.0893323,1.0,0.0,-70.0
1777889036.0993323,-1.0,-1.0,-75.0
1777889036.1093323,-1.0,0.0,-85.0
1777889036.1193323,0.0,-2.0,-91.0
1777889036.1293323,0.0,-6.0,-84.0
1777889036.1393323,-2.0,-9.0,-75.0
1777889036.1493323,-3.0,-5.0,-74.0
1777889036.1593325,0.0,-3.0,-76.0
1777889036.1693325,-2.0,-4.0,-73.0
1777889036.1793325,-3.0,-11.0,-78.0
1777889036.1893325,-4.0,-7.0,-72.0
1777889036.1993325,-6.0,-8.0,-69.0
1777889036.2093325,-5.0,-5.0,-75.0
1777889036.2193325,-4.0,-5.0,-77.0
1777889036.2293324,-4.0,-5.0,-82.0
1777889036.2393324,-6.0,-2.0,-76.0
1777889036.2493324,-5.0,-3.0,-78.0
1777889036.2593324,-4.0,-6.0,-73.0
1777889036.2693324,-4.0,-10.0,-79.0
1777889036.2793324,-6.0,-9.0,-86.0
1777889036.2893324,-6.0,-5.0,-88.0
1777889036.2993324,-5.0,-4.0,-86.0
1777889036.3093324,-5.0,-4.0,-84.0
1777889036.3193324,-6.0,-7.0,-84.0
1777889036.3293324,-3.0,-7.0,-80.0
1777889036.3393323,-1.0,-3.0,-75.0
1777889036.3493323,-2.0,-2.0,-69.0
1777889036.3593323,0.0,-4.0,-72.0
1777889036.3693323,1.0,-1.0,-72.0
1777889036.3793323,2.0,0.0,-69.0
1777889036.3893323,0.0,0.0,-67.0
1777889036.3993323,-1.0,0.0,-70.0
1777889036.4093325,3.0,1.0,-75.0
1777889036.4193325,0.0,1.0,-64.0
1777889036.4293325,0.0,2.0,-68.0
1777889036.4393325,2.0,2.0,-70.0
1777889036.4493325,1.0,0.0,-75.0
1777889036.4593325,-3.0,0.0,-72.0
1777889036.4693325,0.0,0.0,-75.0
1777889036.4793324,4.0,-2.0,-83.0
1777889036.4893324,1.0,-1.0,-87.0
1777889036.4993324,0.0,-2.0,-84.0
1777889036.5093324,2.0,-2.0,-84.0
1777889036.5193324,3.0,0.0,-84.0
1777889036.5293324,2.0,0.0,-75.0
1777889036.5393324,-2.0,-3.0,-75.0
1777889036.5493324,2.0,-3.0,-77.0
1777889036.5593324,3.0,-7.0,-69.0
1777889036.5693324,3.0,-5.0,-70.0
1777889036.5793324,3.0,-6.0,-71.0
1777889036.5893323,2.0,-3.0,-77.0
1777889036.5993323,4.0,-1.0,-78.0
1777889036.6103325,8.0,-4.0,-74.0
1777889036.6193323,5.0,-2.0,-70.0
1777889036.6303325,6.0,0.0,-72.0
1777889036.6403325,4.0,1.0,-82.0
1777889036.6503325,2.0,2.0,-78.0
1777889036.6603324,-2.0,0.0,-71.0
1777889036.6703324,-2.0,-2.0,-77.0
1777889036.6803324,-3.0,-2.0,-83.0
1777889036.6903324,0.0,-2.0,-84.0
1777889036.7003324,-1.0,-3.0,-80.0
1777889036.7103324,-1.0,-7.0,-74.0
1777889036.7203324,-1.0,-7.0,-71.0
1777889036.7303324,3.0,0.0,-74.0
1777889036.7403324,6.0,0.0,-68.0
1777889036.7503324,2.0,0.0,-70.0
1777889036.7603323,0.0,2.0,-68.0
1777889036.7703323,2.0,-1.0,-71.0
1777889036.7803323,1.0,-3.0,-78.0
1777889036.7903323,2.0,-8.0,-75.0
1777889036.8003323,2.0,-5.0,-72.0
1777889036.8103323,0.0,-3.0,-73.0
1777889036.8203323,0.0,-7.0,-71.0
1777889036.8303325,0.0,-5.0,-73.0
1777889036.8403325,2.0,-6.0,-77.0
1777889036.8503325,2.0,-2.0,-79.0
1777889036.8603325,4.0,-1.0,-81.0
1777889036.8703325,5.0,0.0,-78.0
1777889036.8803325,4.0,0.0,-84.0
1777889036.8903325,0.0,0.0,-81.0
1777889036.9003325,-4.0,-1.0,-76.0
1777889036.9103324,-4.0,0.0,-75.0
1777889036.9203324,-8.0,1.0,-78.0
1777889036.9303324,-5.0,0.0,-79.0
1777889036.9403324,-8.0,0.0,-78.0
1777889036.9503324,-4.0,-5.0,-78.0
1777889036.9603324,-3.0,-7.0,-73.0
1777889036.9703324,-3.0,-7.0,-76.0
1777889036.9803324,-3.0,-6.0,-76.0
1777889036.9903324,-3.0,-5.0,-82.0
1777889037.0003324,-1.0,-4.0,-73.0
1777889037.0103323,-1.0,-3.0,-74.0
1777889037.0203323,0.0,-5.0,-75.0
1777889037.0303323,-1.0,-5.0,-74.0
1777889037.0403323,-2.0,-3.0,-69.0
1777889037.0503323,-4.0,-3.0,-64.0
1777889037.0603323,-2.0,-4.0,-70.0
1777889037.0703323,2.0,-5.0,-68.0
1777889037.0803325,1.0,-5.0,-61.0
1777889037.0903325,-2.0,-4.0,-61.0
1777889037.1003325,-1.0,-6.0,-61.0
1777889037.1103325,0.0,-7.0,-73.0
1777889037.1203325,4.0,-4.0,-72.0
1777889037.1303325,1.0,-7.0,-72.0
1777889037.1403325,1.0,-9.0,-71.0
1777889037.1503325,3.0,-9.0,-72.0
1777889037.1603324,0.0,-8.0,-73.0
1777889037.1703324,0.0,-2.0,-73.0
1777889037.1803324,0.0,-3.0,-75.0
1777889037.1903324,5.0,-7.0,-76.0
1777889037.2003324,5.0,-3.0,-74.0
1777889037.2103324,4.0,-1.0,-70.0
1777889037.2203324,-1.0,0.0,-72.0
1777889037.2303324,0.0,-3.0,-76.0
1777889037.2403324,2.0,-3.0,-75.0
1777889037.2503324,1.0,1.0,-73.0
1777889037.2603323,-4.0,4.0,-73.0
1777889037.2703323,-4.0,7.0,-75.0
1777889037.2803323,-3.0,4.0,-78.0
1777889037.2903323,-4.0,2.0,-78.0
1777889037.3003323,0.0,0.0,-79.0
1777889037.3103323,0.0,5.0,-73.0
1777889037.3203323,1.0,3.0,-70.0
1777889037.3303325,-2.0,0.0,-71.0
1777889037.3403325,-1.0,1.0,-68.0
1777889037.3503325,0.0,3.0,-71.0
1777889037.3603325,0.0,-1.0,-75.0
1777889037.3703325,-1.0,0.0,-72.0
1777889037.3803325,-1.0,0.0,-75.0
1777889037.3903325,3.0,0.0,-85.0
1777889037.4003325,5.0,-2.0,-78.0
1777889037.4103324,7.0,-2.0,-72.0
1777889037.4203324,1.0,-3.0,-74.0
1777889037.4303324,2.0,-3.0,-74.0
1777889037.4403324,-1.0,-4.0,-73.0
1777889037.4503324,0.0,-3.0,-73.0
1777889037.4603324,-2.0,-2.0,-76.0
1777889037.4703324,-4.0,2.0,-76.0
1777889037.4803324,-4.0,0.0,-74.0
1777889037.4903324,-7.0,-6.0,-77.0
1777889037.5003324,-5.0,-6.0,-86.0
1777889037.5103323,-6.0,-9.0,-85.0
1777889037.5203323,-1.0,-6.0,-79.0
1777889037.5303323,2.0,-5.0,-77.0
1777889037.5403323,2.0,-6.0,-69.0
1777889037.5503323,-2.0,-3.0,-66.0
1777889037.5603323,-4.0,-2.0,-67.0
1777889037.5703323,0.0,-2.0,-75.0
1777889037.5803325,5.0,-1.0,-77.0
1777889037.5903325,11.0,-3.0,-78.0
1777889037.6003325,7.0,-8.0,-78.0
1777889037.6103325,1.0,-10.0,-78.0
1777889037.6203325,-1.0,-3.0,-77.0
1777889037.6303325,-2.0,-2.0,-77.0
1777889037.6403325,0.0,-2.0,-75.0
1777889037.6503325,1.0,0.0,-76.0
1777889037.6603324,1.0,1.0,-72.0
1777889037.6703324,1.0,4.0,-71.0
1777889037.6803324,3.0,2.0,-76.0
1777889037.6903324,-1.0,3.0,-78.0
1777889037.7003324,-5.0,4.0,-72.0
1777889037.7113323,-1.0,4.0,-68.0
1777889037.7203324,1.0,6.0,-74.0
1777889037.7303324,0.0,7.0,-83.0
1777889037.7403324,0.0,4.0,-83.0
1777889037.7503324,-1.0,3.0,-81.0
1777889037.7603323,-4.0,2.0,-83.0
1777889037.7703323,-2.0,3.0,-86.0
1777889037.7803323,-1.0,0.0,-82.0
1777889037.7903323,-3.0,-2.0,-78.0
1777889037.8003323,0.0,0.0,-80.0
1777889037.8103323,0.0,0.0,-83.0
1777889037.8203323,0.0,3.0,-83.0
1777889037.8303325,4.0,2.0,-80.0
1777889037.8403325,0.0,2.0,-77.0
1777889037.8503325,-1.0,1.0,-79.0
1777889037.8603325,-4.0,3.0,-75.0
1777889037.8703325,-6.0,4.0,-72.0
1777889037.8803325,-9.0,5.0,-67.0
1777889037.8903325,-4.0,1.0,-71.0
1777889037.9003325,-5.0,6.0,-65.0
1777889037.9103324,-4.0,3.0,-69.0
1777889037.9203324,0.0,2.0,-70.0
1777889037.9303324,3.0,1.0,-76.0
1777889037.9403324,0.0,4.0,-74.0
1777889037.9503324,3.0,1.0,-76.0
1777889037.9603324,3.0,0.0,-75.0
1777889037.9703324,0.0,0.0,-78.0
1777889037.9803324,5.0,1.0,-75.0
1777889037.9903324,6.0,-1.0,-77.0
1777889038.0003324,5.0,-1.0,-74.0
1777889038.0103323,4.0,-4.0,-75.0
1777889038.0203323,2.0,-6.0,-74.0
1777889038.0303323,3.0,-4.0,-71.0
1777889038.0403323,3.0,-5.0,-74.0
1777889038.0503323,1.0,-2.0,-77.0
1777889038.0603323,3.0,0.0,-76.0
1777889038.0703323,3.0,-3.0,-78.0
1777889038.0803325,-1.0,-6.0,-70.0
1777889038.0903325,-2.0,-6.0,-77.0
1777889038.1003325,-2.0,-7.0,-79.0
1777889038.1103325,0.0,-8.0,-86.0
1777889038.1203325,0.0,-8.0,-95.0
1777889038.1303325,-4.0,-7.0,-83.0
1777889038.1403325,-4.0,-12.0,-77.0
1777889038.1503325,-3.0,-10.0,-75.0
1777889038.1603324,-8.0,-11.0,-79.0
1777889038.1703324,-11.0,-9.0,-80.0
1777889038.1803324,-13.0,-6.0,-83.0
1777889038.1903324,-7.0,-4.0,-78.0
1777889038.2003324,-4.0,-3.0,-76.0
1777889038.2103324,-1.0,-2.0,-74.0
1777889038.2203324,-2.0,-5.0,-70.0
1777889038.2303324,-5.0,-3.0,-77.0
1777889038.2403324,-1.0,-1.0,-85.0
1777889038.2503324,0.0,-3.0,-77.0
1777889038.2603323,-1.0,-1.0,-78.0
1777889038.2703323,1.0,-1.0,-72.0
1777889038.2803323,-1.0,0.0,-73.0
1777889038.2903323,1.0,1.0,-67.0
1777889038.3003323,1.0,0.0,-65.0
1777889038.3103323,4.0,0.0,-65.0
1777889038.3203323,1.0,-1.0,-71.0
1777889038.3303325,0.0,2.0,-78.0
1777889038.3403325,-3.0,2.0,-81.0
1777889038.3503325,0.0,-2.0,-80.0
1777889038.3603325,0.0,-1.0,-82.0
1777889038.3703325,-1.0,-3.0,-73.0
1777889038.3803325,0.0,-6.0,-69.0
1777889038.3903325,3.0,-7.0,-66.0
1777889038.4003325,5.0,-2.0,-65.0
1777889038.4103324,3.0,1.0,-66.0
1777889038.4203324,1.0,3.0,-69.0
1777889038.4303324,1.0,3.0,-75.0
1777889038.4403324,1.0,7.0,-78.0
1777889038.4503324,0.0,5.0,-74.0
1777889038.4603324,-1.0,1.0,-69.0
1777889038.4703324,1.0,-4.0,-77.0
1777889038.4803324,0.0,-3.0,-71.0
1777889038.4903324,4.0,-1.0,-68.0
1777889038.5003324,3.0,-3.0,-66.0
1777889038.5103323,1.0,-3.0,-69.0
1777889038.5203323,3.0,0.0,-72.0
1777889038.5303323,5.0,-3.0,-70.0
1777889038.5403323,1.0,-8.0,-73.0
1777889038.5503323,0.0,-8.0,-74.0
1777889038.5603323,-1.0,-5.0,-79.0
1777889038.5703323,0.0,-3.0,-76.0
1777889038.5803325,-1.0,-2.0,-72.0
1777889038.5903325,-1.0,-4.0,-75.0
1777889038.6013324,0.0,-3.0,-79.0
1777889038.6113324,-3.0,-5.0,-84.0
1777889038.6213324,-2.0,-3.0,-81.0
1777889038.6313324,-2.0,-1.0,-80.0
1777889038.6413324,0.0,0.0,-77.0
1777889038.6513324,0.0,2.0,-83.0
1777889038.6613324,-2.0,3.0,-82.0
1777889038.6713324,-2.0,2.0,-84.0
1777889038.6813323,-1.0,1.0,-83.0
1777889038.6913323,-5.0,-1.0,-81.0
1777889038.7013323,-6.0,-4.0,-79.0
1777889038.7113323,-1.0,-2.0,-82.0
1777889038.7213323,-1.0,0.0,-80.0
1777889038.7313323,3.0,-2.0,-78.0
1777889038.7413323,2.0,-3.0,-77.0
1777889038.7513323,2.0,-6.0,-82.0
1777889038.7613325,4.0,-3.0,-78.0
1777889038.7713325,3.0,-2.0,-77.0
1777889038.7813325,1.0,-4.0,-73.0
1777889038.7913325,4.0,-3.0,-71.0
1777889038.8013325,6.0,-4.0,-70.0
1777889038.8113325,5.0,0.0,-76.0
1777889038.8213325,0.0,3.0,-81.0
1777889038.8313324,2.0,-1.0,-81.0
1777889038.8413324,-1.0,0.0,-82.0
1777889038.8513324,-1.0,0.0,-84.0
1777889038.8613324,-3.0,-1.0,-78.0
1777889038.8713324,-5.0,-1.0,-77.0
1777889038.8813324,-5.0,-4.0,-80.0
1777889038.8913324,-4.0,-5.0,-79.0
1777889038.9013324,-3.0,-7.0,-72.0
1777889038.9113324,-1.0,-1.0,-66.0
1777889038.9213324,4.0,-2.0,-67.0
1777889038.9313323,1.0,-1.0,-69.0
1777889038.9413323,2.0,6.0,-67.0
1777889038.9513323,0.0,0.0,-68.0
1777889038.9613323,3.0,0.0,-73.0
1777889038.9713323,9.0,0.0,-72.0
1777889038.9813323,6.0,-2.0,-66.0
1777889038.9913323,10.0,-4.0,-66.0
1777889039.0013323,11.0,-5.0,-61.0
1777889039.0113325,12.0,-7.0,-59.0
1777889039.0213325,7.0,-8.0,-62.0
1777889039.0313325,3.0,-4.0,-67.0
1777889039.0413325,3.0,-4.0,-73.0
1777889039.0513325,3.0,-2.0,-67.0
1777889039.0613325,5.0,-4.0,-66.0
1777889039.0713325,6.0,0.0,-75.0
1777889039.0813324,4.0,-1.0,-71.0
1777889039.0913324,4.0,0.0,-80.0
1777889039.1013324,6.0,-1.0,-80.0
1777889039.1113324,7.0,1.0,-77.0
1777889039.1213324,0.0,2.0,-80.0
1777889039.1313324,-3.0,2.0,-77.0
1777889039.1413324,0.0,-3.0,-77.0
1777889039.1513324,5.0,-3.0,-82.0
1777889039.1613324,2.0,-2.0,-82.0
1777889039.1713324,0.0,0.0,-83.0
1777889039.1813323,0.0,-1.0,-81.0
1777889039.1913323,0.0,-4.0,-80.0
1777889039.2013323,0.0,-2.0,-71.0
1777889039.2113323,-3.0,3.0,-73.0
1777889039.2213323,-2.0,0.0,-77.0
1777889039.2313323,-1.0,2.0,-78.0
1777889039.2413323,1.0,0.0,-77.0
1777889039.2513323,1.0,5.0,-75.0
1777889039.2613325,6.0,5.0,-81.0
1777889039.2713325,7.0,3.0,-85.0
1777889039.2813325,5.0,5.0,-77.0
1777889039.2913325,7.0,7.0,-82.0
1777889039.3013325,5.0,7.0,-77.0
1777889039.3113325,6.0,5.0,-80.0
1777889039.3213325,3.0,2.0,-79.0
1777889039.3313324,7.0,4.0,-85.0
1777889039.3413324,6.0,-1.0,-89.0
1777889039.3513324,2.0,0.0,-89.0
1777889039.3613324,-1.0,4.0,-86.0
1777889039.3713324,0.0,4.0,-83.0
1777889039.3813324,-1.0,3.0,-78.0
1777889039.3913324,-5.0,0.0,-82.0
1777889039.4013324,-5.0,0.0,-79.0
1777889039.4113324,-6.0,-3.0,-83.0
1777889039.4213324,-6.0,0.0,-87.0
1777889039.4313323,-2.0,-3.0,-88.0
1777889039.4413323,-1.0,-1.0,-88.0
1777889039.4513323,-1.0,0.0,-81.0
1777889039.4613323,-7.0,0.0,-73.0
1777889039.4713323,-5.0,2.0,-67.0
1777889039.4813323,-7.0,5.0,-71.0
1777889039.4913323,-7.0,7.0,-80.0
1777889039.5013323,-5.0,8.0,-81.0
1777889039.5113325,-3.0,5.0,-82.0
1777889039.5213325,-3.0,3.0,-84.0
1777889039.5313325,-3.0,2.0,-83.0
1777889039.5413325,1.0,5.0,-79.0
1777889039.5513325,-2.0,2.0,-81.0
1777889039.5613325,-3.0,2.0,-82.0
1777889039.5713325,-1.0,1.0,-72.0
1777889039.5813324,0.0,2.0,-70.0
1777889039.5913324,1.0,1.0,-77.0
1777889039.6013324,-4.0,1.0,-80.0
1777889039.6113324,-1.0,0.0,-82.0
1777889039.6213324,0.0,3.0,-80.0
1777889039.6313324,4.0,0.0,-72.0
1777889039.6413324,4.0,-1.0,-71.0
1777889039.6513324,2.0,0.0,-77.0
1777889039.6613324,3.0,3.0,-74.0
1777889039.6713324,0.0,1.0,-74.0
1777889039.6813323,0.0,2.0,-76.0
1777889039.6913323,1.0,-1.0,-74.0
1777889039.7013323,2.0,-1.0,-69.0
1777889039.7113323,7.0,0.0,-68.0
1777889039.7213323,1.0,-1.0,-73.0
1777889039.7313323,4.0,0.0,-78.0
1777889039.7413323,3.0,-4.0,-80.0
1777889039.7513323,3.0,-5.0,-78.0
1777889039.7613325,2.0,-5.0,-78.0
1777889039.7713325,0.0,-3.0,-76.0
1777889039.7813325,-1.0,-3.0,-71.0
1777889039.7913325,0.0,0.0,-72.0
1777889039.8013325,6.0,-4.0,-70.0
1777889039.8113325,6.0,-1.0,-70.0
1777889039.8213325,5.0,2.0,-71.0
1777889039.8313324,4.0,0.0,-71.0
1777889039.8413324,3.0,1.0,-73.0
1777889039.8513324,2.0,4.0,-75.0
1777889039.8613324,1.0,4.0,-74.0
1777889039.8713324,-2.0,3.0,-70.0
1777889039.8813324,-1.0,3.0,-70.0
1777889039.8913324,-6.0,4.0,-71.0
1777889039.9013324,-3.0,2.0,-77.0
1777889039.9113324,-2.0,3.0,-79.0
1777889039.9213324,-3.0,3.0,-82.0
1777889039.9313323,-3.0,0.0,-86.0
1777889039.9413323,-3.0,2.0,-88.0
1777889039.9513323,0.0,0.0,-86.0
1777889039.9613323,-1.0,-1.0,-79.0
1777889039.9713323,2.0,-3.0,-74.0
1777889039.9813323,4.0,-3.0,-76.0
1777889039.9913323,6.0,2.0,-76.0
1777889040.0013323,-1.0,4.0,-76.0
1777889040.0113325,1.0,4.0,-75.0
1777889040.0213325,0.0,3.0,-77.0
1777889040.0313325,0.0,3.0,-77.0
1777889040.0413325,0.0,3.0,-71.0
1777889040.0513325,2.0,7.0,-72.0
1777889040.0613325,0.0,6.0,-72.0
1777889040.0713325,3.0,5.0,-70.0
1777889040.0813324,6.0,3.0,-72.0
1777889040.0913324,4.0,6.0,-74.0
1777889040.1013324,6.0,3.0,-80.0
1777889040.1113324,2.0,2.0,-85.0
1777889040.1213324,-2.0,0.0,-89.0
1777889040.1313324,-2.0,1.0,-86.0
1777889040.1413324,2.0,0.0,-84.0
1777889040.1513324,1.0,-1.0,-84.0
1777889040.1613324,3.0,0.0,-83.0
1777889040.1713324,4.0,-1.0,-86.0
1777889040.1813323,0.0,-2.0,-87.0
1777889040.1913323,-2.0,-1.0,-89.0
1777889040.2013323,-4.0,1.0,-86.0
1777889040.2113323,0.0,1.0,-89.0
1777889040.2213323,0.0,0.0,-86.0
1777889040.2313323,-3.0,3.0,-87.0
1777889040.2413323,1.0,6.0,-89.0
1777889040.2513323,1.0,6.0,-79.0
1777889040.2613325,0.0,6.0,-77.0
1777889040.2713325,0.0,3.0,-82.0
1777889040.2813325,0.0,2.0,-79.0
1777889040.2913325,4.0,1.0,-79.0
1777889040.3013325,1.0,0.0,-80.0
1777889040.3113325,0.0,0.0,-83.0
1777889040.3213325,3.0,-2.0,-78.0
1777889040.3313324,4.0,-2.0,-77.0
1777889040.3413324,1.0,-1.0,-71.0
1777889040.3513324,2.0,-5.0,-69.0
1777889040.3613324,0.0,-2.0,-72.0
1777889040.3713324,0.0,0.0,-70.0
1777889040.3813324,0.0,0.0,-69.0
1777889040.3913324,0.0,1.0,-65.0
1777889040.4013324,-4.0,0.0,-61.0
1777889040.4113324,0.0,0.0,-64.0
1777889040.4213324,0.0,-2.0,-62.0
1777889040.4313323,1.0,-2.0,-59.0
1777889040.4413323,5.0,-1.0,-64.0
1777889040.4513323,1.0,-3.0,-69.0
1777889040.4613323,1.0,-4.0,-70.0
1777889040.4713323,2.0,-2.0,-72.0
1777889040.4813323,3.0,-2.0,-72.0
1777889040.4913323,0.0,-4.0,-81.0
1777889040.5013323,-2.0,-4.0,-80.0
1777889040.5113325,0.0,-1.0,-79.0
1777889040.5213325,4.0,-3.0,-75.0
1777889040.5313325,4.0,0.0,-75.0
1777889040.5413325,1.0,1.0,-69.0
1777889040.5513325,0.0,1.0,-65.0
1777889040.5613325,0.0,0.0,-65.0
1777889040.5713325,-2.0,-1.0,-62.0
1777889040.5823324,0.0,-1.0,-65.0
1777889040.5913324,-1.0,0.0,-67.0
1777889040.6023324,-4.0,-3.0,-66.0
1777889040.6123323,-4.0,-5.0,-73.0
1777889040.6223323,-7.0,-4.0,-81.0
1777889040.6323323,-3.0,-8.0,-85.0
1777889040.6423323,-3.0,-1.0,-80.0
1777889040.6523323,-1.0,-2.0,-78.0
1777889040.6623323,-6.0,-2.0,-78.0
1777889040.6723323,-3.0,-4.0,-76.0
1777889040.6823325,0.0,-1.0,-74.0
1777889040.6923325,-1.0,-1.0,-80.0
1777889040.7023325,0.0,-2.0,-83.0
1777889040.7123325,1.0,1.0,-86.0
1777889040.7223325,0.0,-1.0,-82.0
1777889040.7323325,-4.0,0.0,-81.0
1777889040.7423325,-5.0,-1.0,-80.0
1777889040.7523324,-2.0,0.0,-79.0
1777889040.7623324,1.0,-3.0,-77.0
1777889040.7723324,0.0,-3.0,-77.0
1777889040.7823324,-2.0,0.0,-83.0
1777889040.7923324,-1.0,1.0,-83.0
1777889040.8023324,0.0,1.0,-86.0
1777889040.8123324,-2.0,-1.0,-85.0
1777889040.8223324,-4.0,2.0,-82.0
1777889040.8323324,-2.0,0.0,-79.0
1777889040.8423324,-2.0,0.0,-77.0
1777889040.8523324,0.0,-2.0,-80.0
1777889040.8623323,1.0,-3.0,-79.0
1777889040.8723323,4.0,0.0,-78.0
1777889040.8823323,5.0,2.0,-79.0
1777889040.8923323,9.0,1.0,-83.0
1777889040.9023323,8.0,3.0,-79.0
1777889040.9123323,5.0,2.0,-80.0
1777889040.9223323,4.0,0.0,-75.0
1777889040.9323325,1.0,0.0,-75.0
1777889040.9423325,-3.0,-2.0,-75.0
1777889040.9523325,-6.0,-3.0,-75.0
1777889040.9623325,-4.0,-8.0,-76.0
1777889040.9723325,-4.0,-9.0,-74.0
1777889040.9823325,0.0,-7.0,-72.0
1777889040.9923325,-2.0,-6.0,-76.0
1777889041.0023324,-1.0,-6.0,-69.0
1777889041.0123324,0.0,-8.0,-63.0
1777889041.0223324,-2.0,-8.0,-62.0
1777889041.0323324,-1.0,-6.0,-67.0
1777889041.0423324,-1.0,-6.0,-66.0
1777889041.0523324,-3.0,-8.0,-64.0
1777889041.0623324,0.0,-6.0,-67.0
1777889041.0723324,1.0,-4.0,-63.0
1777889041.0823324,0.0,-4.0,-65.0
1777889041.0923324,3.0,0.0,-66.0
1777889041.1023324,0.0,-2.0,-72.0
1777889041.1123323,-3.0,-2.0,-74.0
1777889041.1223323,-2.0,-2.0,-76.0
1777889041.1323323,0.0,-5.0,-68.0
1777889041.1423323,3.0,-5.0,-61.0
1777889041.1523323,5.0,-6.0,-60.0
1777889041.1623323,4.0,-9.0,-62.0
1777889041.1723323,5.0,-7.0,-67.0
1777889041.1823325,2.0,-9.0,-62.0
1777889041.1923325,3.0,-12.0,-66.0
1777889041.2023325,0.0,-3.0,-59.0
1777889041.2123325,0.0,-3.0,-63.0
1777889041.2223325,1.0,-3.0,-65.0
1777889041.2323325,4.0,-3.0,-63.0
1777889041.2423325,9.0,-2.0,-66.0
1777889041.2523324,10.0,-3.0,-67.0
1777889041.2623324,7.0,-4.0,-69.0
1777889041.2723324,12.0,0.0,-71.0
1777889041.2823324,14.0,0.0,-67.0
1777889041.2923324,7.0,-3.0,-60.0
1777889041.3023324,3.0,-7.0,-65.0
1777889041.3123324,4.0,-4.0,-69.0
1777889041.3223324,1.0,-4.0,-70.0
1777889041.3323324,1.0,-5.0,-76.0
1777889041.3423324,0.0,-2.0,-79.0
1777889041.3523324,1.0,0.0,-84.0
1777889041.3623323,4.0,1.0,-85.0
1777889041.3723323,5.0,-3.0,-84.0
1777889041.3823323,5.0,-1.0,-85.0
1777889041.3923323,0.0,-2.0,-82.0
1777889041.4023323,0.0,-2.0,-81.0
1777889041.4123323,1.0,-1.0,-78.0
1777889041.4223323,2.0,1.0,-82.0
1777889041.4323325,1.0,-2.0,-87.0
1777889041.4423325,6.0,0.0,-84.0
1777889041.4523325,6.0,-5.0,-85.0
1777889041.4623325,6.0,-9.0,-80.0
1777889041.4723325,5.0,-11.0,-82.0
1777889041.4823325,3.0,-7.0,-82.0
1777889041.4923325,1.0,1.0,-81.0
1777889041.5023324,3.0,0.0,-76.0
1777889041.5123324,2.0,0.0,-76.0
1777889041.5223324,5.0,-1.0,-76.0
1777889041.5323324,1.0,-2.0,-79.0
1777889041.5423324,-3.0,0.0,-79.0
1777889041.5523324,-6.0,0.0,-84.0
1777889041.5623324,-7.0,0.0,-81.0
1777889041.5723324,-2.0,3.0,-87.0
1777889041.5823324,0.0,7.0,-83.0
1777889041.5923324,1.0,6.0,-81.0
1777889041.6023324,0.0,3.0,-84.0
1777889041.6123323,0.0,3.0,-82.0
1777889041.6223323,-1.0,4.0,-72.0
1777889041.6323323,-6.0,2.0,-64.0
1777889041.6423323,-3.0,4.0,-69.0
1777889041.6523323,-2.0,4.0,-73.0
1777889041.6623323,-6.0,0.0,-76.0
1777889041.6723323,-2.0,-5.0,-77.0
1777889041.6823325,-5.0,-5.0,-83.0
1777889041.6923325,-3.0,-5.0,-88.0
1777889041.7023325,-1.0,-7.0,-84.0
1777889041.7123325,0.0,-4.0,-80.0
1777889041.7223325,-2.0,-4.0,-69.0
1777889041.7323325,-3.0,-5.0,-75.0
1777889041.7423325,0.0,-5.0,-77.0
1777889041.7523324,3.0,-5.0,-74.0
1777889041.7623324,0.0,-3.0,-74.0
1777889041.7723324,3.0,-4.0,-75.0
1777889041.7823324,5.0,-4.0,-73.0
1777889041.7923324,3.0,-1.0,-72.0
1777889041.8023324,3.0,0.0,-73.0
1777889041.8123324,4.0,-2.0,-77.0
1777889041.8223324,6.0,0.0,-82.0
1777889041.8323324,6.0,-1.0,-77.0
1777889041.8423324,5.0,-3.0,-75.0
1777889041.8523324,0.0,-3.0,-79.0
1777889041.8623323,-1.0,-3.0,-79.0
1777889041.8723323,-3.0,-6.0,-80.0
1777889041.8823323,0.0,-8.0,-82.0
1777889041.8923323,0.0,-5.0,-78.0
1777889041.9023323,0.0,-9.0,-81.0
1777889041.9123323,0.0,-9.0,-79.0
1777889041.9223323,-3.0,-8.0,-82.0
1777889041.9323325,-4.0,-11.0,-78.0
1777889041.9423325,0.0,-12.0,-75.0
1777889041.9523325,0.0,-7.0,-75.0
1777889041.9623325,1.0,-6.0,-73.0
1777889041.9723325,1.0,-5.0,-77.0
1777889041.9823325,7.0,-2.0,-81.0
1777889041.9923325,8.0,-4.0,-70.0
1777889042.0023324,8.0,-10.0,-69.0
1777889042.0123324,4.0,-6.0,-67.0
1777889042.0223324,3.0,-6.0,-75.0
1777889042.0323324,3.0,-1.0,-81.0
1777889042.0423324,-1.0,0.0,-78.0
1777889042.0523324,-1.0,0.0,-73.0
1777889042.0623324,-3.0,3.0,-70.0
1777889042.0723324,-1.0,4.0,-68.0
1777889042.0823324,0.0,3.0,-74.0
1777889042.0923324,0.0,1.0,-75.0
1777889042.1023324,3.0,0.0,-72.0
1777889042.1123323,8.0,0.0,-78.0
1777889042.1223323,7.0,-1.0,-78.0
1777889042.1323323,6.0,0.0,-78.0
1777889042.1423323,2.0,1.0,-77.0
1777889042.1523323,2.0,2.0,-80.0
1777889042.1623323,2.0,-1.0,-81.0
1777889042.1723323,0.0,-1.0,-80.0
1777889042.1823325,0.0,0.0,-69.0
1777889042.1923325,1.0,-2.0,-69.0
1777889042.2023325,0.0,0.0,-69.0
1777889042.2123325,0.0,-2.0,-72.0
1777889042.2223325,3.0,-2.0,-74.0
1777889042.2323325,4.0,0.0,-78.0
1777889042.2423325,1.0,-5.0,-82.0
1777889042.2523324,-3.0,-6.0,-75.0
1777889042.2623324,-3.0,-7.0,-70.0
1777889042.2723324,-1.0,0.0,-74.0
1777889042.2823324,2.0,2.0,-73.0
1777889042.2923324,4.0,-1.0,-77.0
1777889042.3023324,2.0,0.0,-77.0
1777889042.3123324,4.0,1.0,-81.0
1777889042.3223324,5.0,-3.0,-85.0
1777889042.3323324,4.0,-4.0,-83.0
1777889042.3423324,6.0,-1.0,-78.0
1777889042.3523324,8.0,-1.0,-73.0
1777889042.3623323,4.0,0.0,-79.0
1777889042.3723323,7.0,3.0,-78.0
1777889042.3823323,11.0,2.0,-75.0
1777889042.3923323,12.0,0.0,-72.0
1777889042.4023323,9.0,-1.0,-73.0
1777889042.4123323,3.0,-5.0,-66.0
1777889042.4223323,0.0,-5.0,-69.0
1777889042.4323325,-4.0,-6.0,-69.0
1777889042.4423325,-2.0,-7.0,-68.0
1777889042.4523325,-5.0,-6.0,-67.0
1777889042.4623325,-2.0,-3.0,-64.0
1777889042.4723325,1.0,-5.0,-68.0
1777889042.4823325,1.0,-4.0,-71.0
1777889042.4923325,0.0,-2.0,-72.0
1777889042.5023324,3.0,-1.0,-78.0
1777889042.5123324,4.0,-1.0,-76.0
1777889042.5223324,9.0,0.0,-78.0
1777889042.5323324,10.0,0.0,-84.0
1777889042.5423324,9.0,0.0,-86.0
1777889042.5523324,7.0,3.0,-84.0
1777889042.5623324,9.0,3.0,-75.0
1777889042.5733323,8.0,2.0,-71.0
1777889042.5833323,7.0,0.0,-74.0
1777889042.5933323,3.0,-2.0,-77.0
1777889042.6033323,-2.0,0.0,-72.0
1777889042.6133325,-4.0,-1.0,-69.0
1777889042.6233325,-7.0,0.0,-77.0
1777889042.6333325,-9.0,-6.0,-78.0
1777889042.6433325,-6.0,-10.0,-78.0
1777889042.6533325,0.0,-8.0,-74.0
1777889042.6633325,2.0,0.0,-76.0
1777889042.6733325,2.0,0.0,-77.0
1777889042.6833324,4.0,0.0,-79.0
1777889042.6933324,5.0,-1.0,-84.0
1777889042.7033324,2.0,0.0,-84.0
1777889042.7133324,1.0,3.0,-83.0
1777889042.7233324,0.0,4.0,-78.0
1777889042.7333324,2.0,0.0,-77.0
1777889042.7433324,2.0,4.0,-79.0
1777889042.7533324,0.0,6.0,-81.0
1777889042.7633324,0.0,2.0,-81.0
1777889042.7733324,-3.0,-2.0,-85.0
1777889042.7833323,-2.0,-2.0,-82.0
1777889042.7933323,0.0,0.0,-79.0
1777889042.8033323,-4.0,-6.0,-80.0
1777889042.8133323,-4.0,-4.0,-79.0
1777889042.8233323,-3.0,-1.0,-76.0
1777889042.8333323,-3.0,-5.0,-77.0
1777889042.8433323,2.0,-6.0,-75.0
1777889042.8533323,5.0,-6.0,-74.0
1777889042.8633325,9.0,-9.0,-76.0
1777889042.8733325,10.0,-7.0,-72.0
1777889042.8833325,8.0,-6.0,-81.0
1777889042.8933325,9.0,-11.0,-84.0
1777889042.9033325,6.0,-6.0,-85.0
1777889042.9133325,3.0,-5.0,-83.0
1777889042.9233325,-1.0,-6.0,-80.0
1777889042.9333324,-5.0,0.0,-82.0
1777889042.9433324,-2.0,-1.0,-86.0
1777889042.9533324,0.0,-2.0,-86.0
1777889042.9633324,0.0,0.0,-88.0
1777889042.9733324,0.0,0.0,-87.0
1777889042.9833324,0.0,3.0,-79.0
1777889042.9933324,0.0,6.0,-77.0
1777889043.0033324,2.0,6.0,-78.0
1777889043.0133324,0.0,2.0,-79.0
1777889043.0233324,-2.0,-2.0,-72.0
1777889043.0333323,-3.0,-2.0,-67.0
1777889043.0433323,0.0,-5.0,-63.0
1777889043.0533323,0.0,-5.0,-72.0
1777889043.0633323,-1.0,-6.0,-73.0
1777889043.0733323,-1.0,-6.0,-75.0
1777889043.0833323,-1.0,-2.0,-72.0
1777889043.0933323,0.0,-2.0,-78.0
1777889043.1033323,-2.0,0.0,-75.0
1777889043.1133325,-5.0,1.0,-66.0
1777889043.1233325,-8.0,2.0,-65.0
1777889043.1333325,-5.0,-2.0,-72.0
1777889043.1433325,-3.0,1.0,-71.0
1777889043.1533325,-2.0,1.0,-77.0
1777889043.1633325,-4.0,3.0,-74.0
1777889043.1733325,0.0,4.0,-76.0
1777889043.1833324,0.0,3.0,-80.0
1777889043.1933324,-1.0,0.0,-81.0
1777889043.2033324,-1.0,0.0,-77.0
1777889043.2133324,0.0,-2.0,-74.0
1777889043.2233324,0.0,0.0,-78.0
1777889043.2333324,0.0,0.0,-81.0
1777889043.2433324,0.0,-1.0,-79.0
1777889043.2533324,0.0,-4.0,-81.0
1777889043.2633324,-2.0,-5.0,-81.0
1777889043.2733324,-5.0,-1.0,-79.0
1777889043.2833323,-1.0,-1.0,-78.0
1777889043.2933323,-3.0,-4.0,-77.0
1777889043.3033323,-3.0,-2.0,-80.0
1777889043.3133323,6.0,0.0,-84.0
1777889043.3233323,8.0,2.0,-81.0
1777889043.3333323,5.0,2.0,-76.0
1777889043.3433323,2.0,6.0,-78.0
1777889043.3533323,-4.0,9.0,-78.0
1777889043.3633325,-2.0,7.0,-81.0
1777889043.3733325,-2.0,1.0,-85.0
1777889043.3833325,0.0,1.0,-86.0
1777889043.3933325,1.0,4.0,-85.0
1777889043.4033325,-1.0,3.0,-86.0
1777889043.4133325,0.0,2.0,-79.0
1777889043.4233325,-1.0,0.0,-77.0
1777889043.4333324,-5.0,-3.0,-75.0
1777889043.4433324,0.0,1.0,-76.0
1777889043.4533324,-2.0,1.0,-77.0
1777889043.4633324,0.0,0.0,-84.0
1777889043.4733324,2.0,-5.0,-83.0
1777889043.4833324,-2.0,-7.0,-80.0
1777889043.4933324,0.0,-8.0,-79.0
1777889043.5033324,3.0,-5.0,-80.0
1777889043.5133324,-4.0,-4.0,-80.0
1777889043.5233324,-7.0,0.0,-79.0
1777889043.5333323,-5.0,1.0,-71.0
1777889043.5433323,0.0,-1.0,-68.0
1777889043.5533323,4.0,0.0,-74.0
1777889043.5633323,2.0,0.0,-79.0
1777889043.5733323,0.0,3.0,-82.0
1777889043.5833323,-2.0,2.0,-85.0
1777889043.5933323,-1.0,0.0,-84.0
1777889043.6033323,-1.0,0.0,-86.0
1777889043.6133325,2.0,-2.0,-91.0
1777889043.6233325,2.0,-4.0,-88.0
1777889043.6333325,0.0,-5.0,-85.0
1777889043.6433325,-1.0,-5.0,-84.0
1777889043.6533325,-3.0,-3.0,-83.0
1777889043.6633325,-3.0,-6.0,-78.0
1777889043.6733325,-4.0,-7.0,-77.0
1777889043.6833324,-8.0,-4.0,-76.0
1777889043.6933324,-6.0,-3.0,-74.0
1777889043.7033324,-7.0,0.0,-77.0
1777889043.7133324,-11.0,5.0,-76.0
1777889043.7233324,-7.0,7.0,-74.0
1777889043.7333324,-7.0,4.0,-72.0
1777889043.7433324,-5.0,0.0,-72.0
1777889043.7533324,-3.0,-2.0,-74.0
1777889043.7633324,-1.0,-1.0,-81.0
1777889043.7733324,4.0,4.0,-83.0
1777889043.7833323,3.0,0.0,-83.0
1777889043.7933323,5.0,-1.0,-83.0
1777889043.8033323,2.0,0.0,-89.0
1777889043.8133323,0.0,0.0,-88.0
1777889043.8233323,0.0,1.0,-81.0
1777889043.8333323,0.0,4.0,-80.0
1777889043.8433323,-1.0,5.0,-84.0
1777889043.8533323,-1.0,8.0,-81.0
1777889043.8633325,2.0,5.0,-76.0
1777889043.8733325,4.0,0.0,-68.0
1777889043.8833325,0.0,2.0,-73.0
1777889043.8933325,2.0,2.0,-73.0
1777889043.9033325,0.0,1.0,-79.0
1777889043.9133325,4.0,0.0,-77.0
1777889043.9233325,2.0,-1.0,-75.0
1777889043.9333324,-2.0,0.0,-68.0
1777889043.9433324,-6.0,-4.0,-65.0
1777889043.9533324,-1.0,-3.0,-60.0
1777889043.9633324,3.0,1.0,-59.0
1777889043.9733324,3.0,1.0,-63.0
1777889043.9833324,3.0,2.0,-69.0
1777889043.9933324,4.0,3.0,-62.0
1777889044.0033324,7.0,1.0,-68.0
1777889044.0133324,3.0,0.0,-74.0
1777889044.0233324,4.0,-3.0,-73.0
1777889044.0333323,4.0,-1.0,-77.0
1777889044.0433323,4.0,1.0,-78.0
1777889044.0533323,6.0,0.0,-74.0
1777889044.0633323,9.0,-1.0,-80.0
1777889044.0733323,5.0,0.0,-74.0
1777889044.0833323,1.0,-2.0,-73.0
1777889044.0933323,4.0,0.0,-78.0
1777889044.1033323,3.0,1.0,-75.0
1777889044.1133325,-2.0,2.0,-82.0
1777889044.1233325,5.0,-1.0,-72.0
1777889044.1333325,7.0,-1.0,-72.0
1777889044.1433325,4.0,-3.0,-75.0
1777889044.1533325,5.0,-4.0,-80.0
1777889044.1633325,2.0,-9.0,-80.0
1777889044.1733325,6.0,-4.0,-84.0
1777889044.1833324,4.0,-8.0,-84.0
1777889044.1933324,3.0,-6.0,-75.0
1777889044.2033324,0.0,-3.0,-76.0
1777889044.2133324,1.0,-3.0,-75.0
1777889044.2233324,2.0,-6.0,-72.0
1777889044.2333324,5.0,-6.0,-82.0
1777889044.2433324,1.0,-5.0,-75.0
1777889044.2533324,3.0,-9.0,-78.0
1777889044.2633324,0.0,-7.0,-86.0
1777889044.2733324,0.0,-5.0,-84.0
1777889044.2833323,3.0,-1.0,-83.0
1777889044.2933323,1.0,3.0,-78.0
1777889044.3033323,-2.0,4.0,-77.0
1777889044.3133323,-3.0,3.0,-71.0
1777889044.3233323,-7.0,4.0,-68.0
1777889044.3333323,-4.0,-1.0,-72.0
1777889044.3433323,-1.0,3.0,-79.0
1777889044.3533323,0.0,1.0,-84.0
1777889044.3633325,2.0,-3.0,-82.0
1777889044.3733325,2.0,-1.0,-83.0
1777889044.3833325,-2.0,0.0,-75.0
1777889044.3933325,-5.0,0.0,-77.0
1777889044.4033325,-2.0,0.0,-77.0
1777889044.4133325,2.0,0.0,-88.0
1777889044.4233325,2.0,-3.0,-87.0
1777889044.4333324,1.0,-10.0,-86.0
1777889044.4433324,1.0,-9.0,-86.0
1777889044.4533324,1.0,-8.0,-83.0
1777889044.4633324,1.0,-10.0,-87.0
1777889044.4733324,-2.0,-8.0,-87.0
1777889044.4833324,-3.0,-9.0,-83.0
1777889044.4933324,-2.0,-5.0,-83.0
1777889044.5033324,0.0,-5.0,-83.0
1777889044.5133324,1.0,-4.0,-81.0
1777889044.5243323,3.0,-3.0,-83.0
1777889044.5333323,4.0,-3.0,-84.0
1777889044.5433323,2.0,-3.0,-83.0
1777889044.5543325,3.0,-1.0,-85.0
1777889044.5633323,0.0,0.0,-79.0
1777889044.5743325,-5.0,2.0,-78.0
1777889044.5843325,-8.0,0.0,-75.0
1777889044.5943325,-9.0,0.0,-75.0
1777889044.6043324,-7.0,0.0,-84.0
1777889044.6133325,-2.0,1.0,-78.0
1777889044.6243324,-2.0,1.0,-75.0
1777889044.6343324,-4.0,1.0,-76.0
1777889044.6443324,-3.0,1.0,-80.0
1777889044.6543324,-2.0,1.0,-79.0
1777889044.6643324,0.0,1.0,-77.0
1777889044.6743324,5.0,1.0,-74.0
1777889044.6843324,4.0,0.0,-70.0
1777889044.6943324,5.0,-1.0,-67.0
1777889044.7043324,1.0,-4.0,-64.0
1777889044.7143323,-4.0,-4.0,-66.0
1777889044.7243323,-5.0,-6.0,-73.0
1777889044.7343323,0.0,-2.0,-78.0
1777889044.7443323,0.0,-2.0,-74.0
1777889044.7543323,1.0,-1.0,-82.0
1777889044.7643323,0.0,-4.0,-81.0
1777889044.7743323,-4.0,-6.0,-86.0
1777889044.7843325,0.0,-9.0,-83.0
1777889044.7943325,0.0,-7.0,-82.0
1777889044.8043325,-2.0,-7.0,-79.0
1777889044.8143325,0.0,-5.0,-81.0
1777889044.8243325,-3.0,-5.0,-79.0
1777889044.8343325,0.0,-3.0,-83.0
1777889044.8443325,2.0,-5.0,-88.0
1777889044.8543324,0.0,-6.0,-83.0
1777889044.8643324,-1.0,-2.0,-83.0
1777889044.8743324,-3.0,1.0,-81.0
1777889044.8843324,0.0,3.0,-87.0
1777889044.8943324,-1.0,3.0,-87.0
1777889044.9043324,-2.0,5.0,-83.0
1777889044.9143324,-4.0,6.0,-78.0
1777889044.9243324,-6.0,8.0,-76.0
1777889044.9343324,-3.0,10.0,-72.0
1777889044.9443324,-6.0,8.0,-75.0
1777889044.9543324,-2.0,7.0,-74.0
1777889044.9643323,-2.0,3.0,-78.0
1777889044.9743323,-1.0,0.0,-77.0
1777889044.9843323,-5.0,-1.0,-73.0
1777889044.9943323,-2.0,2.0,-72.0
1777889045.0043323,2.0,2.0,-72.0
1777889045.0143323,6.0,3.0,-74.0
1777889045.0243323,3.0,4.0,-76.0
1777889045.0343325,7.0,1.0,-78.0
1777889045.0443325,6.0,0.0,-78.0
1777889045.0543325,5.0,-3.0,-70.0
1777889045.0643325,1.0,0.0,-70.0
1777889045.0743325,-3.0,0.0,-69.0
1777889045.0843325,-6.0,1.0,-64.0
1777889045.0943325,-9.0,0.0,-63.0
1777889045.1043324,-4.0,-4.0,-68.0
1777889045.1143324,-3.0,-3.0,-76.0
1777889045.1243324,-3.0,-3.0,-84.0
1777889045.1343324,-3.0,-2.0,-92.0
1777889045.1443324,-7.0,1.0,-88.0
1777889045.1543324,-4.0,2.0,-78.0
1777889045.1643324,-3.0,0.0,-72.0
1777889045.1743324,0.0,-2.0,-79.0
1777889045.1843324,10.0,0.0,-75.0
1777889045.1943324,6.0,2.0,-79.0
1777889045.2043324,2.0,3.0,-77.0
1777889045.2143323,-4.0,6.0,-78.0
1777889045.2243323,-5.0,2.0,-83.0
1777889045.2343323,-3.0,0.0,-83.0
1777889045.2443323,1.0,2.0,-75.0
1777889045.2543323,0.0,-2.0,-74.0
1777889045.2643323,3.0,-2.0,-74.0
1777889045.2743323,2.0,0.0,-69.0
1777889045.2843325,5.0,3.0,-66.0
1777889045.2943325,7.0,4.0,-69.0
1777889045.3043325,8.0,2.0,-72.0
1777889045.3143325,4.0,-2.0,-75.0
1777889045.3243325,6.0,1.0,-78.0
1777889045.3343325,2.0,1.0,-77.0
1777889045.3443325,3.0,3.0,-75.0
1777889045.3543324,5.0,3.0,-83.0
1777889045.3643324,0.0,3.0,-78.0
1777889045.3743324,0.0,2.0,-75.0
1777889045.3843324,2.0,1.0,-79.0
1777889045.3943324,4.0,1.0,-76.0
1777889045.4043324,0.0,0.0,-78.0
1777889045.4143324,-1.0,-1.0,-78.0
1777889045.4243324,-2.0,0.0,-83.0
1777889045.4343324,-2.0,-2.0,-85.0
1777889045.4443324,-5.0,-5.0,-81.0
1777889045.4543324,-2.0,-5.0,-83.0
1777889045.4643323,-4.0,-5.0,-76.0
1777889045.4743323,-6.0,-7.0,-76.0
1777889045.4843323,-2.0,-5.0,-75.0
1777889045.4943323,-3.0,-2.0,-80.0
1777889045.5043323,0.0,-1.0,-78.0
1777889045.5143323,0.0,-6.0,-84.0
1777889045.5243323,-3.0,-8.0,-79.0
1777889045.5343325,-2.0,-4.0,-79.0
1777889045.5443325,1.0,-7.0,-78.0
1777889045.5543325,-2.0,-8.0,-73.0
1777889045.5643325,0.0,-11.0,-71.0
1777889045.5743325,-4.0,-7.0,-70.0
1777889045.5843325,-8.0,-7.0,-68.0
1777889045.5943325,-5.0,-8.0,-64.0
1777889045.6043324,-2.0,-5.0,-69.0
1777889045.6143324,-3.0,-2.0,-67.0
1777889045.6243324,0.0,-2.0,-63.0
1777889045.6343324,1.0,0.0,-69.0
1777889045.6443324,0.0,1.0,-64.0
1777889045.6543324,1.0,4.0,-72.0
1777889045.6643324,2.0,4.0,-73.0
1777889045.6743324,7.0,0.0,-71.0
1777889045.6843324,7.0,-2.0,-74.0
1777889045.6943324,4.0,-6.0,-69.0
1777889045.7043324,3.0,-5.0,-80.0
1777889045.7143323,4.0,-3.0,-77.0
1777889045.7243323,4.0,-4.0,-77.0
1777889045.7343323,0.0,-2.0,-73.0
1777889045.7443323,-5.0,0.0,-70.0
1777889045.7543323,-1.0,-1.0,-70.0
1777889045.7643323,2.0,0.0,-74.0
1777889045.7743323,8.0,2.0,-81.0
1777889045.7843325,14.0,3.0,-88.0
1777889045.7943325,10.0,2.0,-85.0
1777889045.8043325,10.0,-1.0,-85.0
1777889045.8143325,4.0,0.0,-85.0
1777889045.8243325,2.0,-1.0,-86.0
1777889045.8343325,0.0,0.0,-86.0
1777889045.8443325,1.0,4.0,-80.0
1777889045.8543324,4.0,7.0,-81.0
1777889045.8643324,4.0,5.0,-82.0
1777889045.8743324,6.0,3.0,-76.0
1777889045.8843324,0.0,1.0,-71.0
1777889045.8943324,0.0,-2.0,-75.0
1777889045.9043324,-6.0,-3.0,-80.0
1777889045.9143324,-7.0,-3.0,-81.0
1777889045.9243324,-4.0,0.0,-82.0
1777889045.9343324,0.0,-1.0,-85.0
1777889045.9443324,5.0,2.0,-85.0
1777889045.9543324,8.0,0.0,-79.0
1777889045.9643323,6.0,0.0,-71.0
1777889045.9743323,6.0,0.0,-68.0
1777889045.9843323,2.0,0.0,-77.0
1777889045.9943323,2.0,0.0,-72.0
1777889046.0043323,3.0,-4.0,-74.0
1777889046.0143323,0.0,-4.0,-74.0
1777889046.0243323,-2.0,-1.0,-74.0
1777889046.0343325,-5.0,-1.0,-73.0
1777889046.0443325,-5.0,0.0,-64.0
1777889046.0543325,-1.0,0.0,-66.0
1777889046.0643325,-5.0,1.0,-70.0
1777889046.0743325,-4.0,0.0,-70.0
1777889046.0843325,-5.0,0.0,-81.0
1777889046.0943325,-4.0,1.0,-75.0
1777889046.1043324,-2.0,1.0,-81.0
1777889046.1143324,-1.0,0.0,-83.0
1777889046.1243324,3.0,0.0,-79.0
1777889046.1343324,4.0,-3.0,-73.0
1777889046.1443324,4.0,-2.0,-71.0
1777889046.1543324,2.0,-3.0,-75.0
1777889046.1643324,0.0,0.0,-72.0
1777889046.1743324,0.0,0.0,-77.0
1777889046.1843324,-7.0,3.0,-76.0
1777889046.1943324,-4.0,1.0,-79.0
1777889046.2043324,0.0,-2.0,-78.0
1777889046.2143323,-3.0,-2.0,-76.0
1777889046.2243323,-1.0,-3.0,-75.0
1777889046.2343323,0.0,0.0,-69.0
1777889046.2443323,1.0,0.0,-74.0
1777889046.2543323,3.0,0.0,-73.0
1777889046.2643323,0.0,-1.0,-72.0
1777889046.2743323,0.0,0.0,-71.0
1777889046.2843325,-2.0,0.0,-69.0
1777889046.2943325,0.0,0.0,-65.0
1777889046.3043325,-1.0,0.0,-71.0
1777889046.3143325,1.0,0.0,-75.0
1777889046.3243325,0.0,3.0,-76.0
1777889046.3343325,5.0,4.0,-78.0
1777889046.3443325,9.0,0.0,-73.0
1777889046.3543324,8.0,0.0,-77.0
1777889046.3643324,11.0,-2.0,-74.0
1777889046.3743324,8.0,-1.0,-70.0
1777889046.3843324,4.0,-4.0,-69.0
1777889046.3943324,3.0,-5.0,-66.0
1777889046.4043324,0.0,-4.0,-67.0
1777889046.4143324,-1.0,-4.0,-69.0
1777889046.4243324,-2.0,-2.0,-65.0
1777889046.4343324,0.0,1.0,-66.0
1777889046.4443324,0.0,0.0,-62.0
1777889046.4543324,-3.0,2.0,-63.0
1777889046.4643323,-8.0,1.0,-65.0
1777889046.4743323,-2.0,2.0,-69.0
1777889046.4843323,-1.0,4.0,-76.0
1777889046.4943323,-2.0,1.0,-76.0
1777889046.5053325,-1.0,1.0,-79.0
1777889046.5143323,1.0,1.0,-83.0
1777889046.5243323,2.0,0.0,-85.0
1777889046.5353324,5.0,-2.0,-80.0
1777889046.5453324,7.0,0.0,-73.0
1777889046.5553324,4.0,1.0,-73.0
1777889046.5643325,3.0,0.0,-78.0
1777889046.5753324,7.0,-6.0,-77.0
1777889046.5853324,6.0,-4.0,-81.0
1777889046.5953324,3.0,-6.0,-76.0
1777889046.6053324,2.0,-4.0,-71.0
1777889046.6153324,6.0,-3.0,-75.0
1777889046.6253324,7.0,-6.0,-71.0
1777889046.6353323,6.0,-9.0,-70.0
1777889046.6453323,0.0,-5.0,-63.0
1777889046.6553323,0.0,-3.0,-67.0
1777889046.6653323,0.0,-1.0,-84.0
1777889046.6753323,-1.0,-3.0,-85.0
1777889046.6853323,1.0,-4.0,-83.0
1777889046.6953323,0.0,-7.0,-81.0
1777889046.7053325,0.0,-6.0,-76.0
1777889046.7153325,-4.0,-4.0,-79.0
1777889046.7253325,0.0,-1.0,-73.0
1777889046.7353325,-2.0,0.0,-75.0
1777889046.7453325,-3.0,0.0,-70.0
1777889046.7553325,1.0,0.0,-65.0
1777889046.7653325,3.0,-4.0,-68.0
1777889046.7753325,4.0,-2.0,-66.0
1777889046.7853324,0.0,0.0,-68.0
1777889046.7953324,0.0,0.0,-77.0
1777889046.8053324,3.0,0.0,-75.0
1777889046.8153324,0.0,2.0,-69.0
1777889046.8253324,-2.0,0.0,-70.0
1777889046.8353324,0.0,0.0,-64.0
1777889046.8453324,2.0,-1.0,-66.0
1777889046.8553324,6.0,-4.0,-67.0
1777889046.8653324,7.0,-3.0,-74.0
1777889046.8753324,8.0,1.0,-74.0
1777889046.8853323,5.0,1.0,-71.0
1777889046.8953323,7.0,1.0,-76.0
1777889046.9053323,7.0,2.0,-76.0
1777889046.9153323,3.0,1.0,-78.0
1777889046.9253323,4.0,2.0,-76.0
1777889046.9353323,3.0,5.0,-70.0
1777889046.9453323,3.0,4.0,-73.0
1777889046.9553325,-1.0,5.0,-69.0
1777889046.9653325,0.0,4.0,-74.0
1777889046.9753325,3.0,2.0,-69.0
1777889046.9853325,3.0,2.0,-75.0
1777889046.9953325,5.0,0.0,-71.0
1777889047.0053325,2.0,-4.0,-68.0
1777889047.0153325,4.0,-2.0,-67.0
1777889047.0253325,3.0,-1.0,-65.0
1777889047.0353324,6.0,0.0,-71.0
1777889047.0453324,3.0,2.0,-75.0
1777889047.0553324,1.0,5.0,-73.0
1777889047.0653324,0.0,1.0,-74.0
1777889047.0753324,0.0,-2.0,-66.0
1777889047.0853324,0.0,-5.0,-68.0
1777889047.0953324,1.0,-3.0,-67.0
1777889047.1053324,0.0,-6.0,-76.0
1777889047.1153324,-1.0,-9.0,-77.0
1777889047.1253324,0.0,-6.0,-76.0
1777889047.1353323,-1.0,-5.0,-78.0
1777889047.1453323,1.0,-1.0,-78.0
1777889047.1553323,3.0,0.0,-87.0
1777889047.1653323,7.0,-1.0,-81.0
1777889047.1753323,4.0,-1.0,-85.0
1777889047.1853323,4.0,0.0,-86.0
1777889047.1953323,4.0,0.0,-82.0
1777889047.2053325,11.0,0.0,-82.0
1777889047.2153325,5.0,-1.0,-84.0
1777889047.2253325,0.0,-10.0,-94.0
1777889047.2353325,-2.0,-8.0,-91.0
1777889047.2453325,-3.0,-5.0,-95.0
1777889047.2553325,-2.0,-5.0,-95.0
1777889047.2653325,1.0,-6.0,-90.0
1777889047.2753325,4.0,-4.0,-84.0
1777889047.2853324,0.0,0.0,-89.0
1777889047.2953324,-1.0,0.0,-91.0
1777889047.3053324,0.0,-3.0,-90.0
1777889047.3153324,0.0,-3.0,-93.0
1777889047.3253324,0.0,0.0,-88.0
1777889047.3353324,1.0,-2.0,-90.0
1777889047.3453324,4.0,-3.0,-84.0
1777889047.3553324,4.0,-5.0,-76.0
1777889047.3653324,5.0,-1.0,-74.0
1777889047.3753324,1.0,0.0,-68.0
1777889047.3853323,1.0,0.0,-64.0
1777889047.3953323,-3.0,0.0,-69.0
1777889047.4053323,0.0,2.0,-77.0
1777889047.4153323,-1.0,5.0,-84.0
1777889047.4253323,0.0,6.0,-82.0
1777889047.4353323,3.0,5.0,-75.0
1777889047.4453323,4.0,8.0,-77.0
1777889047.4553325,1.0,6.0,-81.0
1777889047.4653325,-1.0,3.0,-80.0
1777889047.4753325,-4.0,-1.0,-83.0
1777889047.4853325,-5.0,0.0,-84.0
1777889047.4953325,-3.0,1.0,-81.0
1777889047.5053325,-6.0,4.0,-84.0
1777889047.5153325,-7.0,2.0,-84.0
1777889047.5253325,-7.0,0.0,-81.0
1777889047.5353324,-7.0,0.0,-78.0
1777889047.5453324,-4.0,1.0,-76.0
1777889047.5553324,-2.0,3.0,-81.0
1777889047.5653324,1.0,1.0,-76.0
1777889047.5753324,2.0,4.0,-74.0
1777889047.5853324,5.0,0.0,-77.0
1777889047.5953324,6.0,0.0,-73.0
1777889047.6053324,6.0,0.0,-75.0
1777889047.6153324,0.0,2.0,-74.0
1777889047.6253324,0.0,-3.0,-68.0
1777889047.6353323,-2.0,-2.0,-67.0
1777889047.6453323,0.0,-2.0,-77.0
1777889047.6553323,3.0,1.0,-78.0
1777889047.6653323,1.0,-3.0,-76.0
1777889047.6753323,1.0,0.0,-77.0
1777889047.6853323,1.0,0.0,-78.0
1777889047.6953323,7.0,0.0,-76.0
1777889047.7053325,9.0,-1.0,-66.0
1777889047.7153325,8.0,-2.0,-65.0
1777889047.7253325,4.0,2.0,-71.0
1777889047.7353325,4.0,1.0,-71.0
1777889047.7453325,0.0,3.0,-74.0
1777889047.7553325,0.0,0.0,-75.0
1777889047.7653325,4.0,0.0,-70.0
1777889047.7753325,5.0,-1.0,-76.0
1777889047.7853324,6.0,-2.0,-80.0
1777889047.7953324,6.0,-1.0,-80.0
1777889047.8053324,4.0,-3.0,-81.0
1777889047.8153324,7.0,-2.0,-75.0
1777889047.8253324,3.0,0.0,-74.0
1777889047.8353324,1.0,1.0,-77.0
1777889047.8453324,2.0,-1.0,-73.0
1777889047.8553324,2.0,-8.0,-78.0
1777889047.8653324,0.0,-8.0,-76.0
1777889047.8753324,-3.0,-6.0,-74.0
1777889047.8853323,2.0,-5.0,-75.0
1777889047.8953323,7.0,-4.0,-70.0
1777889047.9053323,10.0,-3.0,-69.0
1777889047.9153323,7.0,0.0,-69.0
1777889047.9253323,4.0,3.0,-66.0
1777889047.9353323,7.0,2.0,-75.0
1777889047.9453323,6.0,0.0,-74.0
1777889047.9553325,7.0,-1.0,-75.0
1777889047.9653325,4.0,-5.0,-72.0
1777889047.9753325,0.0,-7.0,-69.0
1777889047.9853325,-1.0,-9.0,-74.0
1777889047.9953325,-1.0,-3.0,-74.0
1777889048.0053325,-4.0,-4.0,-75.0
1777889048.0153325,-6.0,-2.0,-73.0
1777889048.0253325,-6.0,-2.0,-72.0
1777889048.0353324,-8.0,-8.0,-70.0
1777889048.0453324,-3.0,-5.0,-69.0
1777889048.0553324,-4.0,-10.0,-77.0
1777889048.0653324,-1.0,-7.0,-75.0
1777889048.0753324,0.0,-5.0,-76.0
1777889048.0853324,-2.0,-5.0,-74.0
1777889048.0953324,-1.0,-4.0,-74.0
1777889048.1053324,3.0,-4.0,-70.0
1777889048.1153324,2.0,-3.0,-74.0
1777889048.1253324,-1.0,-1.0,-70.0
1777889048.1353323,0.0,0.0,-66.0
1777889048.1453323,0.0,0.0,-73.0
1777889048.1553323,0.0,-2.0,-69.0
1777889048.1653323,-1.0,-4.0,-73.0
1777889048.1753323,-2.0,-5.0,-69.0
1777889048.1853323,-7.0,-9.0,-63.0
1777889048.1953323,-5.0,-9.0,-61.0
1777889048.2053325,-3.0,-10.0,-68.0
1777889048.2153325,-3.0,-10.0,-73.0
1777889048.2253325,-5.0,-4.0,-76.0
1777889048.2353325,-7.0,-5.0,-80.0
1777889048.2453325,-7.0,-4.0,-83.0
1777889048.2553325,-6.0,-2.0,-79.0
1777889048.2653325,-7.0,-3.0,-76.0
1777889048.2753325,-6.0,-4.0,-75.0
1777889048.2853324,-4.0,-3.0,-68.0
1777889048.2953324,-4.0,-3.0,-72.0
1777889048.3053324,-4.0,-5.0,-77.0
1777889048.3153324,-1.0,-5.0,-82.0
1777889048.3253324,1.0,-4.0,-82.0
1777889048.3353324,4.0,-3.0,-86.0
1777889048.3453324,4.0,2.0,-86.0
1777889048.3553324,7.0,-1.0,-83.0
1777889048.3653324,4.0,-2.0,-88.0
1777889048.3753324,3.0,-5.0,-91.0
1777889048.3853323,5.0,-4.0,-86.0
1777889048.3953323,6.0,-5.0,-88.0
1777889048.4053323,6.0,-8.0,-85.0
1777889048.4153323,6.0,-7.0,-87.0
1777889048.4253323,4.0,-6.0,-94.0
1777889048.4353323,4.0,-4.0,-93.0
1777889048.4453323,4.0,-4.0,-92.0
1777889048.4553325,3.0,-2.0,-87.0
1777889048.4653325,1.0,0.0,-86.0
1777889048.4763324,2.0,-1.0,-80.0
1777889048.4853325,1.0,-4.0,-85.0
1777889048.4953325,0.0,-8.0,-83.0
1777889048.5053325,0.0,-4.0,-77.0
1777889048.5153325,8.0,-4.0,-76.0
1777889048.5263324,6.0,-4.0,-79.0
1777889048.5363324,5.0,-3.0,-73.0
1777889048.5463324,8.0,0.0,-73.0
1777889048.5563323,13.0,0.0,-72.0
1777889048.5653324,11.0,-1.0,-79.0
1777889048.5763323,7.0,0.0,-82.0
1777889048.5863323,2.0,-1.0,-77.0
1777889048.5963323,0.0,1.0,-77.0
1777889048.6063323,8.0,2.0,-80.0
1777889048.6153324,3.0,0.0,-79.0
1777889048.6263323,3.0,0.0,-86.0
1777889048.6363325,0.0,0.0,-87.0
1777889048.6463325,0.0,2.0,-87.0
1777889048.6563325,0.0,4.0,-83.0
1777889048.6663325,-2.0,6.0,-85.0
1777889048.6763325,1.0,5.0,-78.0
1777889048.6863325,0.0,2.0,-75.0
1777889048.6963325,-2.0,2.0,-75.0
1777889048.7063324,-7.0,0.0,-71.0
1777889048.7163324,-2.0,0.0,-74.0
1777889048.7263324,0.0,-1.0,-76.0
1777889048.7363324,2.0,0.0,-74.0
1777889048.7463324,0.0,-4.0,-79.0
1777889048.7563324,1.0,-6.0,-75.0
1777889048.7663324,3.0,-5.0,-77.0
1777889048.7763324,2.0,0.0,-70.0
1777889048.7863324,2.0,1.0,-77.0
1777889048.7963324,-1.0,0.0,-76.0
1777889048.8063323,-2.0,1.0,-76.0
1777889048.8163323,-5.0,1.0,-78.0
1777889048.8263323,-4.0,1.0,-76.0
1777889048.8363323,-3.0,1.0,-76.0
1777889048.8463323,-2.0,0.0,-75.0
1777889048.8563323,0.0,-1.0,-72.0
1777889048.8663323,2.0,3.0,-70.0
1777889048.8763323,6.0,-1.0,-70.0
1777889048.8863325,6.0,-3.0,-66.0
1777889048.8963325,3.0,-6.0,-68.0
1777889048.9063325,-3.0,-5.0,-68.0
1777889048.9163325,-7.0,-6.0,-78.0
1777889048.9263325,-4.0,-5.0,-80.0
1777889048.9363325,-6.0,-7.0,-80.0
1777889048.9463325,-4.0,-5.0,-85.0
1777889048.9563324,0.0,-5.0,-85.0
1777889048.9663324,0.0,-7.0,-78.0
1777889048.9763324,3.0,-10.0,-72.0
1777889048.9863324,0.0,-9.0,-68.0
1777889048.9963324,3.0,-8.0,-77.0
1777889049.0063324,0.0,-4.0,-74.0
1777889049.0163324,-3.0,-1.0,-69.0
1777889049.0263324,1.0,-3.0,-72.0
1777889049.0363324,2.0,-6.0,-68.0
1777889049.0463324,-2.0,-4.0,-66.0
1777889049.0563323,0.0,-2.0,-67.0
1777889049.0663323,0.0,0.0,-72.0
1777889049.0763323,-4.0,0.0,-72.0
1777889049.0863323,-1.0,-3.0,-71.0
1777889049.0963323,-5.0,-3.0,-78.0
1777889049.1063323,-5.0,-1.0,-76.0
1777889049.1163323,0.0,-1.0,-73.0
1777889049.1263323,1.0,-1.0,-72.0
1777889049.1363325,0.0,0.0,-74.0
1777889049.1463325,2.0,1.0,-72.0
1777889049.1563325,0.0,-1.0,-67.0
1777889049.1663325,8.0,-2.0,-66.0
1777889049.1763325,8.0,-3.0,-66.0
1777889049.1863325,8.0,-2.0,-70.0
1777889049.1963325,5.0,-4.0,-70.0
1777889049.2063324,3.0,-3.0,-72.0
1777889049.2163324,4.0,0.0,-77.0
1777889049.2263324,4.0,-3.0,-76.0
1777889049.2363324,2.0,-3.0,-73.0
1777889049.2463324,3.0,-4.0,-71.0
1777889049.2563324,1.0,-9.0,-75.0
1777889049.2663324,3.0,-10.0,-72.0
1777889049.2763324,0.0,-5.0,-66.0
1777889049.2863324,0.0,-5.0,-67.0
1777889049.2963324,2.0,-7.0,-75.0
1777889049.3063323,2.0,-2.0,-80.0
1777889049.3163323,2.0,-3.0,-83.0
1777889049.3263323,-1.0,-2.0,-77.0
1777889049.3363323,2.0,-1.0,-78.0
1777889049.3463323,-2.0,-5.0,-78.0
1777889049.3563323,0.0,-8.0,-82.0
1777889049.3663323,4.0,-11.0,-85.0
1777889049.3763323,3.0,-12.0,-84.0
1777889049.3863325,3.0,-10.0,-88.0
1777889049.3963325,3.0,-10.0,-91.0
1777889049.4063325,0.0,-8.0,-93.0
1777889049.4163325,3.0,-8.0,-92.0
1777889049.4263325,-1.0,-3.0,-86.0
1777889049.4363325,-2.0,-3.0,-90.0
1777889049.4463325,-3.0,-3.0,-87.0
1777889049.4563324,-6.0,-4.0,-81.0
1777889049.4663324,0.0,-1.0,-82.0
1777889049.4763324,1.0,-1.0,-77.0
1777889049.4863324,-1.0,-3.0,-79.0
1777889049.4963324,-2.0,-3.0,-78.0
1777889049.5063324,-6.0,-1.0,-71.0
1777889049.5163324,-6.0,2.0,-71.0
1777889049.5263324,-2.0,4.0,-71.0
1777889049.5363324,-1.0,2.0,-73.0
1777889049.5463324,-1.0,-1.0,-70.0
1777889049.5563323,-5.0,-4.0,-74.0
1777889049.5663323,-2.0,-5.0,-69.0
1777889049.5763323,-1.0,-2.0,-72.0
1777889049.5863323,0.0,1.0,-76.0
1777889049.5963323,0.0,1.0,-74.0
1777889049.6063323,-2.0,0.0,-76.0
1777889049.6163323,-3.0,5.0,-77.0
1777889049.6263323,-1.0,5.0,-72.0
1777889049.6363325,1.0,1.0,-70.0
1777889049.6463325,1.0,1.0,-72.0
1777889049.6563325,0.0,0.0,-74.0
1777889049.6663325,-1.0,0.0,-72.0
1777889049.6763325,0.0,-5.0,-70.0
1777889049.6863325,3.0,-4.0,-76.0
1777889049.6963325,4.0,-5.0,-82.0
1777889049.7063324,6.0,-8.0,-81.0
1777889049.7163324,8.0,-6.0,-83.0
1777889049.7263324,8.0,-4.0,-81.0
1777889049.7363324,1.0,-6.0,-78.0
1777889049.7463324,0.0,-5.0,-71.0
1777889049.7563324,0.0,-3.0,-70.0
1777889049.7663324,0.0,-4.0,-71.0
1777889049.7763324,3.0,-4.0,-75.0
1777889049.7863324,6.0,-5.0,-70.0
1777889049.7963324,6.0,-3.0,-67.0
1777889049.8063323,-2.0,-4.0,-73.0
1777889049.8163323,-5.0,-6.0,-72.0
1777889049.8263323,-3.0,-5.0,-70.0
1777889049.8363323,-2.0,-4.0,-70.0
1777889049.8463323,0.0,-7.0,-71.0
1777889049.8563323,-3.0,-5.0,-70.0
1777889049.8663323,2.0,-10.0,-72.0
1777889049.8763323,4.0,-9.0,-67.0
1777889049.8863325,2.0,-5.0,-67.0
1777889049.8973324,1.0,-6.0,-76.0
1777889049.9063325,1.0,-6.0,-76.0
1777889049.9163325,-5.0,-6.0,-74.0
1777889049.9263325,-4.0,-4.0,-74.0
1777889049.9363325,-6.0,-4.0,-74.0
1777889049.9463325,-4.0,-8.0,-74.0
1777889049.9563324,-2.0,-5.0,-69.0
1777889049.9663324,-2.0,0.0,-64.0
1777889049.9763324,0.0,-1.0,-66.0
1777889049.9863324,0.0,0.0,-71.0
1777889049.9963324,-3.0,1.0,-77.0
1777889050.0063324,-3.0,-3.0,-82.0
1777889050.0163324,-3.0,-6.0,-80.0
1777889050.0263324,0.0,-5.0,-80.0
1777889050.0363324,0.0,-8.0,-82.0
1777889050.0463324,-2.0,-5.0,-84.0
1777889050.0563323,0.0,-3.0,-88.0
1777889050.0663323,3.0,0.0,-86.0
1777889050.0763323,2.0,0.0,-85.0
1777889050.0863323,1.0,0.0,-86.0
1777889050.0963323,3.0,-4.0,-89.0
1777889050.1063323,3.0,-8.0,-86.0
1777889050.1163323,3.0,-8.0,-86.0
1777889050.1263323,4.0,-5.0,-80.0
1777889050.1363325,3.0,-5.0,-78.0
1777889050.1463325,3.0,-2.0,-74.0
1777889050.1563325,1.0,-2.0,-78.0
1777889050.1663325,-7.0,-8.0,-76.0
1777889050.1763325,-5.0,-7.0,-71.0
1777889050.1863325,-6.0,-9.0,-69.0
1777889050.1963325,0.0,-5.0,-77.0
1777889050.2063324,2.0,-8.0,-73.0
1777889050.2163324,3.0,-2.0,-82.0
1777889050.2263324,4.0,-1.0,-84.0
1777889050.2363324,0.0,-6.0,-87.0
1777889050.2463324,-2.0,-2.0,-82.0
1777889050.2563324,-4.0,-3.0,-84.0
1777889050.2663324,-1.0,-5.0,-88.0
1777889050.2763324,0.0,-6.0,-84.0
1777889050.2863324,-2.0,-6.0,-86.0
1777889050.2963324,0.0,-7.0,-82.0
1777889050.3063323,1.0,-5.0,-81.0
1777889050.3163323,0.0,-2.0,-84.0
1777889050.3263323,2.0,0.0,-78.0
1777889050.3363323,2.0,2.0,-72.0
1777889050.3463323,0.0,0.0,-75.0
1777889050.3563323,-3.0,2.0,-76.0
1777889050.3663323,-1.0,3.0,-79.0
1777889050.3763323,-1.0,3.0,-74.0
1777889050.3863325,-1.0,2.0,-73.0
1777889050.3963325,2.0,1.0,-73.0
1777889050.4063325,-1.0,-2.0,-71.0
1777889050.4163325,1.0,-4.0,-71.0
1777889050.4263325,0.0,-4.0,-71.0
1777889050.4363325,-1.0,-4.0,-77.0
1777889050.4463325,-1.0,-5.0,-79.0
1777889050.4563324,2.0,-4.0,-81.0
1777889050.4663324,2.0,0.0,-83.0
1777889050.4763324,0.0,0.0,-82.0
1777889050.4863324,0.0,0.0,-82.0
1777889050.4973323,-2.0,0.0,-84.0
1777889050.5073323,0.0,-3.0,-88.0
1777889050.5163324,5.0,-6.0,-89.0
1777889050.5273323,4.0,-3.0,-95.0
1777889050.5373323,3.0,-2.0,-91.0
1777889050.5473323,4.0,-1.0,-93.0
1777889050.5573325,2.0,0.0,-89.0
1777889050.5673325,0.0,-1.0,-88.0
1777889050.5773325,-1.0,-4.0,-77.0
1777889050.5873325,2.0,-4.0,-79.0
1777889050.5973325,5.0,-6.0,-79.0
1777889050.6073325,2.0,-8.0,-77.0
1777889050.6173325,3.0,-5.0,-77.0
1777889050.6273324,6.0,-2.0,-75.0
1777889050.6373324,6.0,0.0,-72.0
1777889050.6473324,5.0,-1.0,-69.0
1777889050.6573324,6.0,0.0,-71.0
1777889050.6673324,7.0,1.0,-77.0
1777889050.6773324,4.0,-2.0,-73.0
1777889050.6873324,0.0,-1.0,-72.0
1777889050.6973324,0.0,-1.0,-76.0
1777889050.7073324,-3.0,-7.0,-83.0
1777889050.7173324,-4.0,-7.0,-86.0
1777889050.7273324,-4.0,-6.0,-87.0
1777889050.7373323,-3.0,-6.0,-85.0
1777889050.7473323,-4.0,-4.0,-80.0
1777889050.7573323,-2.0,-4.0,-76.0
1777889050.7673323,-8.0,-1.0,-77.0
1777889050.7773323,-4.0,0.0,-74.0
1777889050.7873323,-4.0,-3.0,-76.0
1777889050.7973323,-1.0,-4.0,-81.0
1777889050.8073325,0.0,-7.0,-78.0
1777889050.8173325,5.0,-4.0,-71.0
1777889050.8273325,10.0,-1.0,-72.0
1777889050.8373325,7.0,-1.0,-68.0
1777889050.8473325,4.0,-5.0,-76.0
1777889050.8573325,1.0,-1.0,-80.0
1777889050.8673325,-2.0,0.0,-74.0
1777889050.8773324,-1.0,0.0,-69.0
1777889050.8873324,1.0,1.0,-69.0
1777889050.8973324,5.0,0.0,-73.0
1777889050.9073324,2.0,0.0,-79.0
1777889050.9173324,0.0,0.0,-80.0
1777889050.9273324,0.0,0.0,-77.0
1777889050.9373324,1.0,-3.0,-68.0
1777889050.9473324,4.0,-1.0,-75.0
1777889050.9573324,3.0,-3.0,-78.0
1777889050.9673324,0.0,-5.0,-71.0
1777889050.9773324,5.0,-6.0,-83.0
1777889050.9873323,8.0,-5.0,-78.0
1777889050.9973323,8.0,-3.0,-69.0
1777889051.0073323,5.0,-3.0,-73.0
1777889051.0173323,7.0,-3.0,-71.0
1777889051.0273323,2.0,-2.0,-70.0
1777889051.0373323,0.0,-4.0,-68.0
1777889051.0473323,4.0,0.0,-67.0
1777889051.0573325,0.0,0.0,-66.0
1777889051.0673325,-5.0,-3.0,-73.0
1777889051.0773325,-4.0,-1.0,-73.0
1777889051.0873325,-2.0,0.0,-76.0
1777889051.0973325,4.0,-2.0,-76.0
1777889051.1073325,5.0,-4.0,-78.0
1777889051.1173325,10.0,-2.0,-76.0
1777889051.1273324,9.0,-1.0,-68.0
1777889051.1373324,5.0,1.0,-65.0
1777889051.1473324,7.0,0.0,-59.0
1777889051.1573324,7.0,1.0,-59.0
1777889051.1673324,8.0,0.0,-59.0
1777889051.1773324,3.0,-2.0,-63.0
1777889051.1873324,2.0,-2.0,-68.0
1777889051.1973324,4.0,-6.0,-71.0
1777889051.2073324,1.0,-8.0,-71.0
1777889051.2173324,-1.0,-6.0,-70.0
1777889051.2273324,0.0,-5.0,-75.0
1777889051.2373323,0.0,-3.0,-73.0
1777889051.2473323,1.0,-7.0,-76.0
1777889051.2573323,0.0,-2.0,-79.0
1777889051.2673323,-6.0,1.0,-72.0
1777889051.2773323,-4.0,0.0,-66.0
1777889051.2873323,-3.0,-1.0,-67.0
1777889051.2973323,-2.0,0.0,-65.0
1777889051.3073325,-8.0,0.0,-65.0
1777889051.3173325,-6.0,-1.0,-72.0
1777889051.3273325,-5.0,-4.0,-82.0
1777889051.3373325,-2.0,-3.0,-74.0
1777889051.3473325,1.0,-6.0,-71.0
1777889051.3573325,0.0,-2.0,-69.0
1777889051.3673325,0.0,0.0,-67.0
1777889051.3773324,-3.0,-2.0,-71.0
1777889051.3873324,1.0,-2.0,-77.0
1777889051.3973324,1.0,2.0,-75.0
1777889051.4073324,-2.0,-1.0,-79.0
1777889051.4173324,-4.0,-5.0,-79.0
1777889051.4273324,-5.0,-4.0,-81.0
1777889051.4373324,-1.0,-7.0,-78.0
1777889051.4473324,-1.0,-3.0,-79.0
1777889051.4573324,1.0,-5.0,-80.0
1777889051.4673324,0.0,-9.0,-81.0
1777889051.4773324,0.0,-9.0,-82.0
1777889051.4873323,2.0,-11.0,-79.0
1777889051.4973323,1.0,-8.0,-79.0
1777889051.5073323,-3.0,-3.0,-82.0
1777889051.5173323,-4.0,-2.0,-74.0
1777889051.5273323,-4.0,-3.0,-75.0
1777889051.5373323,-6.0,-8.0,-69.0
1777889051.5473323,-7.0,-3.0,-63.0
1777889051.5573325,-6.0,-4.0,-63.0
1777889051.5673325,-1.0,-3.0,-67.0
1777889051.5773325,0.0,-1.0,-78.0
1777889051.5873325,4.0,-1.0,-87.0
1777889051.5973325,0.0,-2.0,-88.0
1777889051.6073325,-1.0,1.0,-85.0
1777889051.6173325,0.0,5.0,-88.0
1777889051.6273324,0.0,4.0,-83.0
1777889051.6373324,0.0,0.0,-83.0
1777889051.6473324,0.0,0.0,-82.0
1777889051.6573324,2.0,-1.0,-74.0
1777889051.6673324,3.0,-6.0,-70.0
1777889051.6773324,4.0,-4.0,-71.0
1777889051.6873324,2.0,-5.0,-77.0
1777889051.6973324,1.0,0.0,-83.0
1777889051.7073324,3.0,3.0,-80.0
1777889051.7173324,3.0,4.0,-76.0
1777889051.7273324,2.0,3.0,-76.0
1777889051.7373323,-3.0,7.0,-73.0
1777889051.7473323,-3.0,5.0,-69.0
1777889051.7573323,0.0,3.0,-62.0
1777889051.7673323,0.0,3.0,-68.0
1777889051.7773323,1.0,4.0,-62.0
1777889051.7873323,3.0,2.0,-61.0
1777889051.7973323,4.0,0.0,-64.0
1777889051.8073325,9.0,-1.0,-65.0
1777889051.8173325,5.0,-5.0,-63.0
1777889051.8273325,3.0,-2.0,-67.0
1777889051.8373325,-1.0,-2.0,-73.0
1777889051.8473325,0.0,0.0,-77.0
1777889051.8573325,1.0,-1.0,-79.0
1777889051.8673325,0.0,0.0,-82.0
1777889051.8773324,-3.0,-1.0,-79.0
1777889051.8873324,-1.0,-2.0,-78.0
1777889051.8973324,3.0,-2.0,-71.0
1777889051.9073324,4.0,0.0,-71.0
1777889051.9173324,1.0,-1.0,-71.0
1777889051.9273324,0.0,-5.0,-71.0
1777889051.9373324,0.0,-8.0,-73.0
1777889051.9473324,1.0,-8.0,-69.0
1777889051.9573324,-1.0,-5.0,-71.0
1777889051.9673324,-2.0,-5.0,-63.0
1777889051.9773324,0.0,-4.0,-65.0
1777889051.9873323,1.0,-4.0,-63.0
1777889051.9973323,1.0,-5.0,-71.0
1777889052.0073323,0.0,-2.0,-70.0
1777889052.0173323,0.0,-4.0,-75.0
1777889052.0273323,-3.0,-7.0,-72.0
1777889052.0373323,-6.0,-5.0,-76.0
1777889052.0473323,-3.0,-4.0,-81.0
1777889052.0573325,-7.0,-4.0,-73.0
1777889052.0673325,-7.0,-9.0,-73.0
1777889052.0773325,-4.0,-7.0,-72.0
1777889052.0873325,-4.0,-5.0,-78.0
1777889052.0973325,-3.0,-3.0,-73.0
1777889052.1073325,-7.0,-9.0,-76.0
1777889052.1173325,-8.0,-7.0,-77.0
1777889052.1273324,-6.0,-3.0,-79.0
1777889052.1373324,-4.0,-1.0,-72.0
1777889052.1473324,-7.0,0.0,-74.0
1777889052.1573324,-9.0,1.0,-72.0
1777889052.1673324,-7.0,0.0,-68.0
1777889052.1773324,0.0,1.0,-73.0
1777889052.1873324,7.0,3.0,-82.0
1777889052.1973324,6.0,4.0,-84.0
1777889052.2073324,5.0,4.0,-82.0
1777889052.2173324,3.0,3.0,-85.0
1777889052.2273324,1.0,5.0,-85.0
1777889052.2373323,0.0,6.0,-82.0
1777889052.2473323,3.0,4.0,-80.0
1777889052.2573323,4.0,2.0,-77.0
1777889052.2673323,3.0,0.0,-82.0
1777889052.2773323,7.0,-2.0,-72.0
1777889052.2873323,3.0,-3.0,-77.0
1777889052.2973323,2.0,0.0,-70.0
1777889052.3073325,0.0,0.0,-72.0
1777889052.3173325,-8.0,-1.0,-68.0
1777889052.3273325,-13.0,-1.0,-65.0
1777889052.3373325,-12.0,0.0,-68.0
1777889052.3473325,-10.0,0.0,-66.0
1777889052.3573325,-1.0,-2.0,-70.0
1777889052.3673325,3.0,-4.0,-72.0
1777889052.3773324,0.0,-2.0,-77.0
1777889052.3873324,3.0,1.0,-70.0
1777889052.3973324,1.0,0.0,-66.0
1777889052.4073324,-4.0,0.0,-64.0
1777889052.4173324,-3.0,0.0,-63.0
1777889052.4273324,0.0,0.0,-67.0
1777889052.4373324,0.0,0.0,-66.0
1777889052.4473324,-5.0,2.0,-64.0
1777889052.4573324,-5.0,5.0,-70.0
1777889052.4673324,-6.0,7.0,-67.0
1777889052.4773324,-5.0,7.0,-75.0
1777889052.4873323,-3.0,4.0,-75.0
1777889052.4983325,-1.0,7.0,-73.0
1777889052.5083325,0.0,9.0,-71.0
1777889052.5173323,0.0,10.0,-74.0
1777889052.5283325,-2.0,9.0,-74.0
1777889052.5383325,-7.0,6.0,-67.0
1777889052.5483325,-8.0,3.0,-65.0
1777889052.5583324,-3.0,0.0,-67.0
1777889052.5673325,-2.0,2.0,-66.0
1777889052.5783324,-4.0,3.0,-70.0
1777889052.5883324,-5.0,1.0,-65.0
1777889052.5983324,-6.0,3.0,-72.0
1777889052.6083324,-3.0,5.0,-73.0
1777889052.6183324,0.0,6.0,-72.0
1777889052.6283324,-2.0,6.0,-78.0
1777889052.6383324,0.0,10.0,-78.0
1777889052.6483324,5.0,7.0,-80.0
1777889052.6583323,5.0,1.0,-76.0
1777889052.6673324,9.0,-3.0,-79.0
1777889052.6783323,7.0,-3.0,-79.0
1777889052.6883323,5.0,0.0,-74.0
1777889052.6983323,5.0,-1.0,-70.0
1777889052.7083323,3.0,-1.0,-76.0
1777889052.7183323,0.0,-5.0,-78.0
1777889052.7283323,1.0,-9.0,-83.0
1777889052.7383325,0.0,-6.0,-84.0
1777889052.7483325,3.0,-6.0,-83.0
1777889052.7583325,9.0,0.0,-80.0
1777889052.7683325,4.0,5.0,-85.0
1777889052.7783325,1.0,4.0,-83.0
1777889052.7883325,1.0,4.0,-78.0
1777889052.7983325,4.0,5.0,-77.0
1777889052.8083324,0.0,1.0,-73.0
1777889052.8183324,0.0,-1.0,-72.0
1777889052.8283324,1.0,-4.0,-73.0
1777889052.8383324,-4.0,-5.0,-75.0
1777889052.8483324,-7.0,-7.0,-71.0
1777889052.8583324,-3.0,-7.0,-69.0
1777889052.8683324,-3.0,-5.0,-71.0
1777889052.8783324,-1.0,-4.0,-69.0
1777889052.8883324,1.0,-2.0,-78.0
1777889052.8983324,5.0,-4.0,-74.0
1777889052.9083323,2.0,-6.0,-66.0
1777889052.9183323,2.0,-3.0,-65.0
1777889052.9283323,2.0,0.0,-70.0
1777889052.9383323,3.0,6.0,-66.0
1777889052.9483323,1.0,6.0,-67.0
1777889052.9583323,0.0,1.0,-74.0
1777889052.9683323,-2.0,1.0,-81.0
1777889052.9783323,-2.0,3.0,-84.0
1777889052.9883325,2.0,0.0,-83.0
1777889052.9983325,3.0,1.0,-85.0
1777889053.0083325,1.0,0.0,-80.0
1777889053.0183325,-1.0,0.0,-78.0
1777889053.0283325,1.0,-3.0,-81.0
1777889053.0383325,4.0,-2.0,-80.0
1777889053.0483325,8.0,2.0,-78.0
1777889053.0583324,3.0,2.0,-82.0
1777889053.0683324,0.0,3.0,-79.0
1777889053.0783324,0.0,-2.0,-72.0
1777889053.0883324,0.0,-2.0,-67.0
1777889053.0983324,-1.0,-1.0,-67.0
1777889053.1083324,-2.0,0.0,-75.0
1777889053.1183324,-2.0,-1.0,-75.0
1777889053.1283324,0.0,-4.0,-69.0
1777889053.1383324,1.0,-4.0,-71.0
1777889053.1483324,0.0,-5.0,-66.0
1777889053.1583323,1.0,-1.0,-67.0
1777889053.1683323,5.0,0.0,-73.0
1777889053.1783323,2.0,0.0,-80.0
1777889053.1883323,-1.0,0.0,-81.0
1777889053.1983323,-2.0,-1.0,-84.0
1777889053.2083323,-4.0,2.0,-83.0
1777889053.2183323,-4.0,0.0,-83.0
1777889053.2283323,-5.0,-1.0,-82.0
1777889053.2383325,-2.0,-2.0,-81.0
1777889053.2483325,-1.0,-2.0,-88.0
1777889053.2583325,0.0,-4.0,-86.0
1777889053.2683325,-1.0,-5.0,-82.0
1777889053.2783325,1.0,-7.0,-72.0
1777889053.2883325,1.0,-7.0,-74.0
1777889053.2983325,0.0,-8.0,-73.0
1777889053.3083324,6.0,-6.0,-67.0
1777889053.3183324,6.0,0.0,-70.0
1777889053.3283324,4.0,-1.0,-72.0
1777889053.3383324,3.0,0.0,-74.0
1777889053.3483324,1.0,-3.0,-75.0
1777889053.3583324,0.0,-3.0,-72.0
1777889053.3683324,0.0,-2.0,-78.0
1777889053.3783324,2.0,-3.0,-77.0
1777889053.3883324,0.0,-4.0,-73.0
1777889053.3983324,-2.0,-4.0,-76.0
1777889053.4083323,1.0,-1.0,-74.0
1777889053.4183323,1.0,0.0,-75.0
1777889053.4283323,-2.0,0.0,-80.0
1777889053.4383323,-1.0,-2.0,-86.0
1777889053.4483323,1.0,-6.0,-79.0
1777889053.4583323,-1.0,-4.0,-79.0
1777889053.4683323,0.0,-4.0,-76.0
1777889053.4783323,0.0,-4.0,-76.0
1777889053.4883325,-3.0,-5.0,-72.0
1777889053.4983325,-3.0,-5.0,-77.0
1777889053.5083325,-5.0,-6.0,-79.0
1777889053.5183325,-8.0,-2.0,-77.0
1777889053.5283325,-9.0,-3.0,-71.0
1777889053.5383325,-8.0,-3.0,-73.0
1777889053.5483325,-3.0,-3.0,-69.0
1777889053.5583324,-2.0,-5.0,-71.0
1777889053.5683324,-4.0,-7.0,-72.0
1777889053.5783324,-6.0,-7.0,-76.0
1777889053.5883324,-3.0,-5.0,-78.0
1777889053.5983324,-1.0,-3.0,-87.0
1777889053.6083324,0.0,-4.0,-89.0
1777889053.6183324,3.0,-5.0,-89.0
1777889053.6283324,1.0,-5.0,-86.0
1777889053.6383324,-1.0,-4.0,-90.0
1777889053.6483324,-6.0,-5.0,-92.0
1777889053.6583323,-5.0,-2.0,-90.0
1777889053.6683323,-4.0,-3.0,-82.0
1777889053.6783323,-4.0,-2.0,-82.0
1777889053.6883323,3.0,-4.0,-79.0
1777889053.6983323,4.0,-3.0,-82.0
1777889053.7083323,0.0,-3.0,-77.0
1777889053.7183323,2.0,0.0,-80.0
1777889053.7283323,3.0,3.0,-78.0
1777889053.7383325,1.0,2.0,-70.0
1777889053.7483325,5.0,2.0,-71.0
1777889053.7583325,6.0,2.0,-70.0
1777889053.7683325,2.0,0.0,-70.0
1777889053.7783325,0.0,0.0,-72.0
1777889053.7883325,1.0,-4.0,-72.0
1777889053.7983325,1.0,-1.0,-77.0
1777889053.8083324,0.0,0.0,-84.0
1777889053.8183324,2.0,-1.0,-89.0
1777889053.8283324,5.0,-2.0,-83.0
1777889053.8383324,1.0,2.0,-80.0
1777889053.8483324,0.0,0.0,-77.0
1777889053.8583324,5.0,2.0,-78.0
1777889053.8683324,6.0,3.0,-73.0
1777889053.8783324,7.0,3.0,-72.0
1777889053.8883324,4.0,0.0,-63.0
1777889053.8983324,5.0,4.0,-66.0
1777889053.9083323,0.0,0.0,-64.0
1777889053.9183323,-1.0,1.0,-66.0
1777889053.9283323,2.0,0.0,-69.0
1777889053.9383323,3.0,-1.0,-71.0
1777889053.9483323,8.0,-3.0,-73.0
1777889053.9583323,5.0,-3.0,-74.0
1777889053.9683323,5.0,-2.0,-77.0
1777889053.9783323,7.0,0.0,-81.0
1777889053.9883325,5.0,3.0,-78.0
1777889053.9983325,4.0,1.0,-80.0
1777889054.0083325,3.0,0.0,-78.0
1777889054.0183325,3.0,0.0,-74.0
1777889054.0283325,0.0,0.0,-77.0
1777889054.0383325,0.0,1.0,-73.0
1777889054.0483325,-1.0,-1.0,-73.0
1777889054.0583324,-1.0,-4.0,-72.0
1777889054.0683324,-1.0,-7.0,-74.0
1777889054.0783324,-3.0,-5.0,-75.0
1777889054.0883324,0.0,-1.0,-80.0
1777889054.0983324,-4.0,-3.0,-82.0
1777889054.1083324,-6.0,2.0,-81.0
1777889054.1183324,-4.0,0.0,-84.0
1777889054.1283324,-1.0,-6.0,-82.0
1777889054.1383324,-2.0,-9.0,-79.0
1777889054.1483324,-3.0,-6.0,-70.0
1777889054.1583323,-1.0,-4.0,-68.0
1777889054.1683323,0.0,-6.0,-67.0
1777889054.1783323,1.0,-2.0,-66.0
1777889054.1883323,8.0,-2.0,-74.0
1777889054.1983323,6.0,-5.0,-70.0
1777889054.2083323,1.0,-2.0,-66.0
1777889054.2183323,1.0,-3.0,-70.0
1777889054.2283323,5.0,-3.0,-70.0
1777889054.2383325,3.0,-4.0,-74.0
1777889054.2483325,2.0,-5.0,-75.0
1777889054.2583325,-1.0,0.0,-78.0
1777889054.2683325,0.0,0.0,-74.0
1777889054.2783325,1.0,-4.0,-75.0
1777889054.2883325,0.0,-5.0,-79.0
1777889054.2983325,3.0,-4.0,-80.0
1777889054.3083324,4.0,-6.0,-73.0
1777889054.3183324,2.0,-1.0,-72.0
1777889054.3283324,-3.0,-6.0,-76.0
1777889054.3383324,0.0,-1.0,-73.0
1777889054.3483324,-1.0,0.0,-77.0
1777889054.3583324,0.0,2.0,-75.0
1777889054.3683324,-1.0,4.0,-78.0
1777889054.3783324,1.0,6.0,-79.0
1777889054.3883324,2.0,3.0,-83.0
1777889054.3983324,4.0,4.0,-85.0
1777889054.4083323,1.0,3.0,-82.0
1777889054.4183323,-1.0,0.0,-86.0
1777889054.4283323,-1.0,2.0,-89.0
1777889054.4383323,2.0,3.0,-86.0
1777889054.4483323,1.0,1.0,-87.0
1777889054.4593325,-2.0,1.0,-88.0
1777889054.4683323,1.0,1.0,-85.0
1777889054.4793324,3.0,1.0,-80.0
1777889054.4893324,8.0,2.0,-79.0
1777889054.4993324,9.0,0.0,-78.0
1777889054.5093324,8.0,-1.0,-76.0
1777889054.5193324,3.0,-1.0,-76.0
1777889054.5293324,4.0,-1.0,-76.0
1777889054.5393324,1.0,-1.0,-81.0
1777889054.5493324,0.0,-3.0,-79.0
1777889054.5593324,1.0,-4.0,-74.0
1777889054.5693324,0.0,-6.0,-71.0
1777889054.5793324,-4.0,-4.0,-71.0
1777889054.5893323,-2.0,0.0,-73.0
1777889054.5993323,0.0,2.0,-76.0
1777889054.6093323,1.0,6.0,-83.0
1777889054.6193323,0.0,3.0,-84.0
1777889054.6293323,0.0,4.0,-83.0
1777889054.6393323,0.0,2.0,-81.0
1777889054.6493323,1.0,2.0,-77.0
1777889054.6593325,3.0,2.0,-77.0
1777889054.6693325,0.0,1.0,-79.0
1777889054.6793325,-2.0,3.0,-81.0
1777889054.6893325,0.0,2.0,-74.0
1777889054.6993325,0.0,5.0,-74.0
1777889054.7103324,-2.0,5.0,-77.0
1777889054.7193325,-5.0,2.0,-84.0
1777889054.7293324,-7.0,1.0,-83.0
1777889054.7393324,-11.0,0.0,-84.0
1777889054.7493324,-5.0,-3.0,-79.0
1777889054.7593324,-1.0,-1.0,-81.0
1777889054.7693324,2.0,0.0,-81.0
1777889054.7793324,2.0,0.0,-84.0
1777889054.7893324,1.0,-1.0,-86.0
1777889054.7993324,2.0,-4.0,-89.0
1777889054.8093324,2.0,-8.0,-93.0
1777889054.8193324,0.0,-2.0,-91.0
1777889054.8293324,-1.0,-5.0,-89.0
1777889054.8393323,0.0,-6.0,-81.0
1777889054.8493323,4.0,-6.0,-79.0
1777889054.8593323,7.0,-8.0,-79.0
1777889054.8693323,1.0,-8.0,-78.0
1777889054.8793323,5.0,-2.0,-76.0
1777889054.8893323,4.0,-5.0,-77.0
1777889054.8993323,2.0,-4.0,-69.0
1777889054.9093325,6.0,-4.0,-62.0
1777889054.9193325,7.0,-1.0,-69.0
1777889054.9293325,6.0,0.0,-68.0
1777889054.9393325,4.0,-3.0,-76.0
1777889054.9493325,2.0,-2.0,-80.0
1777889054.9593325,0.0,-1.0,-77.0
1777889054.9693325,-1.0,1.0,-75.0
1777889054.9793324,-3.0,0.0,-78.0
1777889054.9893324,-1.0,-1.0,-81.0
1777889054.9993324,-1.0,-1.0,-80.0
1777889055.0093324,0.0,0.0,-76.0
1777889055.0193324,-1.0,4.0,-77.0
1777889055.0293324,0.0,0.0,-79.0
1777889055.0393324,0.0,1.0,-71.0
1777889055.0493324,5.0,0.0,-68.0
1777889055.0593324,4.0,3.0,-69.0
1777889055.0693324,4.0,-1.0,-66.0
1777889055.0793324,5.0,0.0,-68.0
1777889055.0893323,6.0,-2.0,-72.0
1777889055.0993323,5.0,-5.0,-75.0
1777889055.1093323,7.0,-4.0,-69.0
1777889055.1193323,6.0,-5.0,-74.0
1777889055.1293323,3.0,-6.0,-78.0
1777889055.1393323,2.0,-4.0,-79.0
1777889055.1493323,0.0,-3.0,-80.0
1777889055.1593325,-3.0,-4.0,-78.0
1777889055.1693325,0.0,-5.0,-82.0
1777889055.1793325,1.0,-2.0,-86.0
1777889055.1893325,-1.0,-4.0,-87.0
1777889055.1993325,-1.0,-5.0,-81.0
1777889055.2093325,-2.0,-3.0,-80.0
1777889055.2193325,-2.0,0.0,-77.0
1777889055.2293324,-4.0,1.0,-78.0
1777889055.2393324,-2.0,2.0,-78.0
1777889055.2493324,0.0,2.0,-81.0
1777889055.2593324,1.0,1.0,-85.0
1777889055.2693324,1.0,0.0,-87.0
1777889055.2793324,0.0,-3.0,-91.0
1777889055.2893324,0.0,-5.0,-87.0
1777889055.2993324,-2.0,-4.0,-85.0
1777889055.3093324,-3.0,0.0,-77.0
1777889055.3193324,-3.0,0.0,-71.0
1777889055.3293324,-2.0,0.0,-68.0
1777889055.3393323,-1.0,4.0,-61.0
1777889055.3493323,-1.0,5.0,-61.0
1777889055.3593323,-5.0,4.0,-60.0
1777889055.3693323,-3.0,4.0,-66.0
1777889055.3793323,-5.0,6.0,-67.0
1777889055.3893323,-4.0,7.0,-65.0
1777889055.3993323,0.0,3.0,-71.0
1777889055.4093325,0.0,5.0,-71.0
1777889055.4193325,-2.0,3.0,-73.0
1777889055.4293325,-1.0,2.0,-74.0
1777889055.4393325,-3.0,2.0,-72.0
1777889055.4493325,0.0,0.0,-78.0
1777889055.4593325,3.0,-2.0,-75.0
1777889055.4693325,3.0,-1.0,-79.0
1777889055.4793324,0.0,-2.0,-78.0
1777889055.4893324,0.0,-2.0,-81.0
1777889055.4993324,2.0,-3.0,-78.0
1777889055.5093324,-2.0,-2.0,-77.0
1777889055.5193324,-2.0,0.0,-72.0
1777889055.5293324,-4.0,4.0,-72.0
1777889055.5393324,-4.0,2.0,-76.0
1777889055.5493324,-7.0,0.0,-71.0
1777889055.5593324,-2.0,0.0,-70.0
1777889055.5693324,-3.0,1.0,-73.0
1777889055.5793324,1.0,0.0,-73.0
1777889055.5893323,3.0,-4.0,-75.0
1777889055.5993323,0.0,-4.0,-79.0
1777889055.6093323,1.0,-1.0,-84.0
1777889055.6193323,0.0,0.0,-80.0
1777889055.6293323,0.0,-1.0,-83.0
1777889055.6393323,-2.0,0.0,-85.0
1777889055.6493323,-4.0,-7.0,-83.0
1777889055.6593325,-1.0,-9.0,-86.0
1777889055.6693325,1.0,-3.0,-80.0
1777889055.6793325,2.0,-2.0,-76.0
1777889055.6893325,0.0,-2.0,-76.0
1777889055.6993325,2.0,-1.0,-76.0
1777889055.7093325,-1.0,-1.0,-72.0
1777889055.7193325,0.0,-4.0,-75.0
1777889055.7293324,1.0,-4.0,-76.0
1777889055.7393324,3.0,-2.0,-80.0
1777889055.7493324,2.0,0.0,-81.0
1777889055.7593324,2.0,2.0,-85.0
1777889055.7693324,3.0,-1.0,-77.0
1777889055.7793324,3.0,-2.0,-80.0
1777889055.7893324,5.0,-4.0,-84.0
1777889055.7993324,6.0,0.0,-82.0
1777889055.8093324,8.0,1.0,-82.0
1777889055.8193324,6.0,0.0,-78.0
1777889055.8293324,10.0,-2.0,-67.0
1777889055.8393323,9.0,-4.0,-64.0
1777889055.8493323,6.0,-6.0,-71.0
1777889055.8593323,5.0,-5.0,-74.0
1777889055.8693323,7.0,-3.0,-71.0
1777889055.8793323,6.0,-1.0,-70.0
1777889055.8893323,3.0,-3.0,-64.0
1777889055.8993323,4.0,-3.0,-64.0
1777889055.9093325,4.0,0.0,-73.0
1777889055.9193325,6.0,2.0,-86.0
1777889055.9293325,1.0,0.0,-88.0
1777889055.9393325,2.0,-1.0,-86.0
1777889055.9493325,7.0,0.0,-87.0
1777889055.9593325,9.0,3.0,-90.0
1777889055.9693325,11.0,4.0,-85.0
1777889055.9793324,4.0,0.0,-85.0
1777889055.9893324,2.0,0.0,-90.0
1777889055.9993324,0.0,0.0,-88.0
1777889056.0093324,4.0,0.0,-94.0
1777889056.0193324,3.0,0.0,-89.0
1777889056.0293324,5.0,5.0,-89.0
1777889056.0393324,1.0,4.0,-85.0
1777889056.0493324,3.0,-1.0,-82.0
1777889056.0593324,0.0,0.0,-84.0
1777889056.0693324,0.0,-2.0,-82.0
1777889056.0793324,2.0,-3.0,-82.0
1777889056.0893323,1.0,-1.0,-80.0
1777889056.0993323,0.0,-2.0,-85.0
1777889056.1093323,1.0,-4.0,-82.0
1777889056.1193323,-1.0,-2.0,-83.0
1777889056.1293323,0.0,-2.0,-80.0
1777889056.1393323,0.0,-5.0,-82.0
1777889056.1493323,-1.0,-4.0,-80.0
1777889056.1593325,-4.0,-2.0,-75.0
1777889056.1693325,-6.0,-4.0,-79.0
1777889056.1793325,-5.0,-5.0,-78.0
1777889056.1893325,-2.0,-6.0,-77.0
1777889056.1993325,-1.0,-5.0,-77.0
1777889056.2093325,0.0,-1.0,-71.0
1777889056.2193325,0.0,-2.0,-70.0
1777889056.2293324,-1.0,-1.0,-71.0
1777889056.2393324,0.0,-1.0,-71.0
1777889056.2493324,1.0,-1.0,-68.0
1777889056.2593324,1.0,0.0,-72.0
1777889056.2693324,-2.0,1.0,-68.0
1777889056.2793324,0.0,5.0,-68.0
1777889056.2893324,-1.0,5.0,-69.0
1777889056.2993324,2.0,7.0,-71.0
1777889056.3093324,2.0,10.0,-71.0
1777889056.3193324,1.0,11.0,-70.0
1777889056.3293324,0.0,10.0,-72.0
1777889056.3393323,4.0,10.0,-71.0
1777889056.3493323,4.0,7.0,-76.0
1777889056.3593323,6.0,6.0,-74.0
1777889056.3693323,9.0,5.0,-65.0
1777889056.3793323,9.0,2.0,-59.0
1777889056.3893323,5.0,2.0,-63.0
1777889056.3993323,4.0,2.0,-67.0
1777889056.4093325,-2.0,0.0,-72.0
1777889056.4193325,-4.0,0.0,-76.0
1777889056.4303324,-1.0,3.0,-78.0
1777889056.4393325,0.0,1.0,-73.0
1777889056.4503324,1.0,3.0,-76.0
1777889056.4603324,5.0,2.0,-73.0
1777889056.4703324,2.0,3.0,-76.0
1777889056.4803324,4.0,5.0,-81.0
1777889056.4903324,5.0,5.0,-88.0
1777889056.5003324,3.0,6.0,-77.0
1777889056.5103323,0.0,6.0,-70.0
1777889056.5203323,-1.0,7.0,-67.0
1777889056.5303323,-5.0,2.0,-72.0
1777889056.5403323,-1.0,1.0,-68.0
1777889056.5503323,-3.0,-1.0,-73.0
1777889056.5603323,0.0,-2.0,-77.0
1777889056.5703323,0.0,0.0,-82.0
1777889056.5803325,0.0,0.0,-80.0
1777889056.5903325,-4.0,-3.0,-76.0
1777889056.6003325,-8.0,-2.0,-73.0
1777889056.6103325,-5.0,0.0,-73.0
1777889056.6203325,-2.0,3.0,-68.0
1777889056.6303325,0.0,0.0,-71.0
1777889056.6403325,2.0,-2.0,-73.0
1777889056.6503325,0.0,-4.0,-69.0
1777889056.6603324,-3.0,-3.0,-66.0
1777889056.6703324,0.0,-1.0,-65.0
1777889056.6803324,3.0,0.0,-70.0
1777889056.6903324,2.0,2.0,-74.0
1777889056.7003324,6.0,4.0,-69.0
1777889056.7103324,7.0,5.0,-69.0
1777889056.7203324,6.0,5.0,-71.0
1777889056.7303324,0.0,1.0,-66.0
1777889056.7403324,0.0,-3.0,-65.0
1777889056.7503324,-1.0,-3.0,-71.0
1777889056.7603323,-1.0,0.0,-71.0
1777889056.7703323,1.0,0.0,-68.0
1777889056.7803323,0.0,-2.0,-73.0
1777889056.7903323,-3.0,0.0,-76.0
1777889056.8003323,0.0,0.0,-84.0
1777889056.8103323,1.0,2.0,-82.0
1777889056.8203323,1.0,4.0,-83.0
1777889056.8303325,3.0,0.0,-77.0
1777889056.8403325,2.0,4.0,-74.0
1777889056.8503325,1.0,5.0,-71.0
1777889056.8603325,1.0,4.0,-71.0
1777889056.8703325,-2.0,2.0,-73.0
1777889056.8803325,1.0,1.0,-74.0
1777889056.8903325,6.0,2.0,-75.0
1777889056.9003325,8.0,6.0,-74.0
1777889056.9103324,5.0,3.0,-76.0
1777889056.9203324,4.0,0.0,-68.0
1777889056.9303324,7.0,-4.0,-70.0
1777889056.9403324,4.0,0.0,-75.0
1777889056.9503324,0.0,0.0,-71.0
1777889056.9603324,0.0,2.0,-74.0
1777889056.9703324,-1.0,0.0,-72.0
1777889056.9803324,-1.0,-4.0,-65.0
1777889056.9903324,-1.0,-5.0,-69.0
1777889057.0003324,1.0,-5.0,-66.0
1777889057.0103323,0.0,-4.0,-67.0
1777889057.0203323,0.0,-5.0,-72.0
1777889057.0303323,0.0,0.0,-70.0
1777889057.0403323,-3.0,-1.0,-73.0
1777889057.0503323,-6.0,-1.0,-77.0
1777889057.0603323,-9.0,0.0,-76.0
1777889057.0703323,-8.0,0.0,-79.0
1777889057.0803325,-5.0,1.0,-79.0
1777889057.0903325,-5.0,0.0,-76.0
1777889057.1003325,-6.0,0.0,-74.0
1777889057.1103325,-3.0,2.0,-69.0
1777889057.1203325,-4.0,-2.0,-61.0
1777889057.1303325,-6.0,-2.0,-59.0
1777889057.1403325,-7.0,-1.0,-62.0
1777889057.1503325,-9.0,-2.0,-61.0
1777889057.1603324,-9.0,-6.0,-63.0
1777889057.1703324,-7.0,-7.0,-66.0
1777889057.1803324,-1.0,-3.0,-65.0
1777889057.1903324,-3.0,0.0,-68.0
1777889057.2003324,-4.0,-1.0,-72.0
1777889057.2103324,0.0,-1.0,-75.0
1777889057.2203324,-2.0,-4.0,-74.0
1777889057.2303324,-1.0,-1.0,-70.0
1777889057.2403324,-2.0,2.0,-65.0
1777889057.2503324,-2.0,3.0,-72.0
1777889057.2603323,1.0,2.0,-73.0
1777889057.2703323,-2.0,0.0,-76.0
1777889057.2803323,-1.0,-4.0,-78.0
1777889057.2903323,-2.0,-3.0,-76.0
1777889057.3003323,-3.0,-1.0,-74.0
1777889057.3103323,-3.0,0.0,-75.0
1777889057.3203323,-2.0,0.0,-72.0
1777889057.3303325,-3.0,-1.0,-74.0
1777889057.3403325,-2.0,-2.0,-73.0
1777889057.3503325,-1.0,-1.0,-66.0
1777889057.3603325,0.0,0.0,-67.0
1777889057.3703325,-6.0,4.0,-68.0
1777889057.3803325,-11.0,3.0,-73.0
1777889057.3903325,-7.0,0.0,-79.0
1777889057.4003325,-8.0,0.0,-81.0
1777889057.4103324,-5.0,1.0,-87.0
1777889057.4203324,-4.0,0.0,-87.0
1777889057.4303324,0.0,1.0,-87.0
1777889057.4403324,0.0,0.0,-89.0
1777889057.4503324,0.0,0.0,-88.0
1777889057.4603324,2.0,1.0,-78.0
1777889057.4703324,1.0,2.0,-73.0
1777889057.4803324,0.0,0.0,-74.0
1777889057.4903324,-2.0,1.0,-73.0
1777889057.5003324,-6.0,0.0,-72.0
1777889057.5103323,-3.0,3.0,-75.0
1777889057.5203323,-1.0,2.0,-77.0
1777889057.5303323,-5.0,4.0,-77.0
1777889057.5403323,-2.0,1.0,-84.0
1777889057.5503323,0.0,-1.0,-91.0
1777889057.5603323,-3.0,-2.0,-94.0
1777889057.5703323,-5.0,-1.0,-83.0
1777889057.5803325,-1.0,-1.0,-79.0
1777889057.5903325,-1.0,-1.0,-81.0
1777889057.6003325,-3.0,1.0,-79.0
1777889057.6103325,-5.0,0.0,-74.0
1777889057.6203325,-3.0,0.0,-73.0
1777889057.6303325,0.0,0.0,-71.0
1777889057.6403325,0.0,0.0,-74.0
1777889057.6503325,0.0,-1.0,-69.0
1777889057.6603324,0.0,-3.0,-73.0
1777889057.6703324,0.0,-3.0,-83.0
1777889057.6803324,0.0,-3.0,-83.0
1777889057.6903324,2.0,-6.0,-79.0
1777889057.7003324,3.0,-6.0,-75.0
1777889057.7103324,1.0,-7.0,-74.0
1777889057.7203324,3.0,-5.0,-81.0
1777889057.7303324,2.0,-4.0,-75.0
1777889057.7403324,3.0,-4.0,-80.0
1777889057.7503324,0.0,-4.0,-84.0
1777889057.7603323,1.0,-2.0,-79.0
1777889057.7703323,2.0,-3.0,-77.0
1777889057.7803323,4.0,-4.0,-77.0
1777889057.7903323,10.0,-6.0,-77.0
1777889057.8003323,10.0,-8.0,-75.0
1777889057.8103323,9.0,-1.0,-70.0
1777889057.8203323,11.0,-6.0,-71.0
1777889057.8303325,8.0,-8.0,-78.0
1777889057.8403325,5.0,-7.0,-80.0
1777889057.8503325,7.0,-5.0,-77.0
1777889057.8603325,12.0,-6.0,-74.0
1777889057.8703325,12.0,-3.0,-75.0
1777889057.8803325,10.0,0.0,-75.0
1777889057.8903325,7.0,-4.0,-75.0
1777889057.9003325,4.0,0.0,-72.0
1777889057.9103324,3.0,5.0,-63.0
1777889057.9203324,-2.0,4.0,-67.0
1777889057.9303324,2.0,5.0,-70.0
1777889057.9403324,2.0,6.0,-78.0
1777889057.9503324,3.0,5.0,-84.0
1777889057.9603324,3.0,4.0,-87.0
1777889057.9703324,1.0,6.0,-77.0
1777889057.9803324,1.0,4.0,-76.0
1777889057.9903324,0.0,2.0,-75.0
1777889058.0003324,5.0,4.0,-71.0
1777889058.0103323,3.0,4.0,-72.0
1777889058.0203323,4.0,8.0,-73.0
1777889058.0303323,3.0,0.0,-80.0
1777889058.0403323,2.0,-1.0,-85.0
1777889058.0503323,0.0,-1.0,-80.0
1777889058.0603323,-2.0,0.0,-84.0
1777889058.0703323,-5.0,-2.0,-77.0
1777889058.0803325,-3.0,-5.0,-70.0
1777889058.0903325,-1.0,-8.0,-69.0
1777889058.1003325,-1.0,-9.0,-75.0
1777889058.1103325,0.0,-10.0,-75.0
1777889058.1203325,3.0,-9.0,-72.0
1777889058.1303325,7.0,-3.0,-68.0
1777889058.1403325,12.0,0.0,-66.0
1777889058.1503325,7.0,-6.0,-72.0
1777889058.1603324,-1.0,0.0,-78.0
1777889058.1703324,0.0,0.0,-84.0
1777889058.1803324,0.0,1.0,-86.0
1777889058.1903324,2.0,0.0,-85.0
1777889058.2003324,4.0,0.0,-80.0
1777889058.2103324,2.0,-1.0,-75.0
1777889058.2203324,0.0,0.0,-68.0
1777889058.2303324,-4.0,0.0,-64.0
1777889058.2403324,-6.0,-3.0,-67.0
1777889058.2503324,-1.0,-6.0,-78.0
1777889058.2603323,-2.0,-3.0,-82.0
1777889058.2703323,-2.0,-7.0,-76.0
1777889058.2803323,1.0,-3.0,-68.0
1777889058.2903323,1.0,-1.0,-66.0
1777889058.3003323,4.0,2.0,-65.0
1777889058.3103323,1.0,3.0,-65.0
1777889058.3203323,0.0,0.0,-66.0
1777889058.3303325,0.0,-4.0,-68.0
1777889058.3403325,-1.0,-4.0,-73.0
1777889058.3503325,-3.0,-2.0,-73.0
1777889058.3603325,-4.0,0.0,-69.0
1777889058.3703325,-3.0,0.0,-74.0
1777889058.3803325,0.0,0.0,-78.0
1777889058.3903325,0.0,-1.0,-78.0
1777889058.4003325,-2.0,-3.0,-79.0
1777889058.4103324,-3.0,-5.0,-81.0
1777889058.4203324,-3.0,-6.0,-81.0
1777889058.4313323,0.0,-3.0,-86.0
1777889058.4413323,-3.0,-1.0,-77.0
1777889058.4513323,-3.0,-3.0,-78.0
1777889058.4613323,0.0,-1.0,-80.0
1777889058.4713323,-3.0,-1.0,-88.0
1777889058.4813323,-3.0,-3.0,-89.0
1777889058.4913323,3.0,-4.0,-88.0
1777889058.5013323,4.0,-6.0,-87.0
1777889058.5113325,1.0,-3.0,-83.0
1777889058.5213325,2.0,-2.0,-83.0
1777889058.5313325,0.0,-3.0,-80.0
1777889058.5413325,-4.0,0.0,-85.0
1777889058.5513325,-4.0,1.0,-86.0
1777889058.5613325,0.0,1.0,-81.0
1777889058.5713325,0.0,3.0,-81.0
1777889058.5813324,0.0,3.0,-78.0
1777889058.5913324,-1.0,4.0,-80.0
1777889058.6013324,-5.0,2.0,-74.0
1777889058.6113324,-6.0,3.0,-73.0
1777889058.6213324,-6.0,3.0,-69.0
1777889058.6313324,-2.0,2.0,-74.0
1777889058.6413324,0.0,0.0,-70.0
1777889058.6513324,-3.0,-1.0,-74.0
1777889058.6613324,-5.0,0.0,-76.0
1777889058.6713324,-7.0,-4.0,-76.0
1777889058.6813323,-6.0,-4.0,-78.0
1777889058.6913323,-4.0,-3.0,-75.0
1777889058.7013323,0.0,-3.0,-72.0
1777889058.7113323,5.0,-2.0,-71.0
1777889058.7213323,7.0,-1.0,-72.0
1777889058.7313323,5.0,-3.0,-72.0
1777889058.7413323,5.0,-2.0,-71.0
1777889058.7513323,5.0,0.0,-73.0
1777889058.7613325,2.0,-1.0,-77.0
1777889058.7713325,1.0,-1.0,-73.0
1777889058.7813325,2.0,-3.0,-77.0
1777889058.7913325,3.0,-8.0,-82.0
1777889058.8013325,4.0,-6.0,-79.0
1777889058.8113325,3.0,-3.0,-83.0
1777889058.8213325,3.0,-1.0,-79.0
1777889058.8313324,6.0,-4.0,-73.0
1777889058.8413324,1.0,-5.0,-75.0
1777889058.8513324,2.0,-3.0,-77.0
1777889058.8613324,0.0,-3.0,-78.0
1777889058.8713324,-4.0,-1.0,-77.0
1777889058.8813324,-4.0,2.0,-76.0
1777889058.8913324,-6.0,2.0,-80.0
1777889058.9013324,-3.0,4.0,-73.0
1777889058.9113324,0.0,2.0,-76.0
1777889058.9213324,0.0,2.0,-75.0
1777889058.9313323,1.0,-1.0,-78.0
1777889058.9413323,4.0,-3.0,-77.0
1777889058.9513323,5.0,-2.0,-77.0
1777889058.9613323,4.0,-2.0,-78.0
1777889058.9713323,4.0,-5.0,-74.0
1777889058.9813323,0.0,-3.0,-67.0
1777889058.9913323,0.0,-6.0,-63.0
1777889059.0013323,-2.0,-3.0,-68.0
1777889059.0113325,0.0,-4.0,-72.0
1777889059.0213325,-1.0,-4.0,-73.0
1777889059.0313325,-1.0,-3.0,-80.0
1777889059.0413325,-1.0,-1.0,-82.0
1777889059.0513325,6.0,2.0,-78.0
1777889059.0613325,6.0,0.0,-78.0
1777889059.0713325,5.0,0.0,-85.0
1777889059.0813324,5.0,1.0,-88.0
1777889059.0913324,4.0,3.0,-83.0
1777889059.1013324,7.0,2.0,-80.0
1777889059.1113324,0.0,2.0,-86.0
1777889059.1213324,0.0,0.0,-82.0
1777889059.1313324,2.0,0.0,-83.0
1777889059.1413324,2.0,1.0,-79.0
1777889059.1513324,1.0,0.0,-74.0
1777889059.1613324,-3.0,0.0,-75.0
1777889059.1713324,-3.0,3.0,-78.0
1777889059.1813323,-3.0,0.0,-74.0
1777889059.1913323,-2.0,0.0,-80.0
1777889059.2013323,0.0,1.0,-87.0
1777889059.2113323,-4.0,3.0,-87.0
1777889059.2213323,-4.0,7.0,-81.0
1777889059.2313323,-2.0,5.0,-78.0
1777889059.2413323,0.0,5.0,-70.0
1777889059.2513323,2.0,4.0,-70.0
1777889059.2613325,6.0,5.0,-71.0
1777889059.2713325,1.0,4.0,-70.0
1777889059.2813325,4.0,2.0,-82.0
1777889059.2913325,2.0,2.0,-77.0
1777889059.3013325,-2.0,0.0,-74.0
1777889059.3113325,-1.0,7.0,-71.0
1777889059.3213325,0.0,10.0,-71.0
1777889059.3313324,0.0,8.0,-72.0
1777889059.3413324,2.0,7.0,-72.0
1777889059.3513324,3.0,1.0,-65.0
1777889059.3613324,0.0,1.0,-66.0
1777889059.3713324,-2.0,5.0,-73.0
1777889059.3813324,-4.0,4.0,-67.0
1777889059.3913324,-4.0,6.0,-65.0
1777889059.4013324,-2.0,9.0,-75.0
1777889059.4113324,-1.0,5.0,-83.0
1777889059.4213324,0.0,1.0,-76.0
1777889059.4313323,1.0,0.0,-78.0
1777889059.4413323,-3.0,2.0,-73.0
1777889059.4513323,-4.0,-1.0,-74.0
1777889059.4613323,-5.0,-5.0,-75.0
1777889059.4713323,2.0,-6.0,-72.0
1777889059.4813323,1.0,-7.0,-72.0
1777889059.4913323,0.0,-7.0,-75.0
1777889059.5013323,-2.0,-4.0,-70.0
1777889059.5113325,0.0,-2.0,-77.0
1777889059.5213325,0.0,0.0,-82.0
1777889059.5313325,-3.0,0.0,-85.0
1777889059.5413325,-2.0,0.0,-85.0
1777889059.5513325,-3.0,0.0,-89.0
1777889059.5613325,-1.0,2.0,-81.0
1777889059.5713325,-2.0,0.0,-72.0
1777889059.5813324,-8.0,2.0,-73.0
1777889059.5913324,-7.0,-3.0,-75.0
1777889059.6013324,-5.0,0.0,-81.0
1777889059.6113324,-2.0,0.0,-81.0
1777889059.6213324,-1.0,-1.0,-85.0
1777889059.6313324,3.0,-1.0,-82.0
1777889059.6413324,-1.0,-4.0,-86.0
1777889059.6513324,-3.0,-3.0,-76.0
1777889059.6613324,-1.0,0.0,-74.0
1777889059.6713324,-4.0,-3.0,-84.0
1777889059.6813323,-5.0,-1.0,-78.0
1777889059.6913323,-3.0,-1.0,-77.0
1777889059.7013323,-7.0,2.0,-69.0
1777889059.7113323,-8.0,0.0,-66.0
1777889059.7213323,-8.0,0.0,-73.0
1777889059.7313323,-2.0,-1.0,-74.0
1777889059.7413323,-1.0,-2.0,-79.0
1777889059.7513323,0.0,-5.0,-79.0
1777889059.7613325,-3.0,-3.0,-72.0
1777889059.7713325,-4.0,-2.0,-76.0
1777889059.7813325,-5.0,2.0,-74.0
1777889059.7913325,-4.0,-3.0,-78.0
1777889059.8013325,-4.0,-4.0,-78.0
1777889059.8113325,-3.0,-4.0,-78.0
1777889059.8213325,-2.0,0.0,-86.0
1777889059.8313324,-1.0,3.0,-88.0
1777889059.8413324,0.0,3.0,-81.0
1777889059.8513324,0.0,4.0,-72.0
1777889059.8613324,-3.0,7.0,-79.0
1777889059.8713324,1.0,10.0,-80.0
1777889059.8813324,3.0,7.0,-79.0
1777889059.8913324,2.0,7.0,-80.0
1777889059.9013324,3.0,5.0,-79.0
1777889059.9113324,4.0,5.0,-77.0
1777889059.9213324,6.0,1.0,-82.0
1777889059.9313323,5.0,0.0,-82.0
1777889059.9413323,4.0,0.0,-72.0
1777889059.9513323,4.0,-3.0,-69.0
1777889059.9613323,6.0,-5.0,-78.0
1777889059.9713323,5.0,-3.0,-70.0
1777889059.9813323,5.0,-3.0,-77.0
1777889059.9913323,3.0,0.0,-82.0
1777889060.0013323,10.0,0.0,-82.0
1777889060.0113325,8.0,-4.0,-79.0
1777889060.0213325,8.0,-3.0,-76.0
1777889060.0313325,8.0,-1.0,-78.0
1777889060.0413325,7.0,-4.0,-72.0
1777889060.0513325,8.0,-6.0,-74.0
1777889060.0613325,7.0,-5.0,-84.0
1777889060.0713325,4.0,-5.0,-84.0
1777889060.0813324,3.0,-1.0,-86.0
1777889060.0913324,0.0,0.0,-84.0
1777889060.1013324,0.0,-2.0,-78.0
1777889060.1113324,-2.0,0.0,-73.0
1777889060.1213324,-3.0,2.0,-76.0
1777889060.1313324,-3.0,0.0,-70.0
1777889060.1413324,-1.0,4.0,-74.0
1777889060.1513324,-2.0,3.0,-72.0
1777889060.1613324,-4.0,2.0,-80.0
1777889060.1713324,-3.0,4.0,-80.0
1777889060.1813323,-3.0,1.0,-78.0
1777889060.1913323,0.0,1.0,-76.0
1777889060.2013323,2.0,3.0,-75.0
1777889060.2113323,-1.0,4.0,-71.0
1777889060.2213323,0.0,5.0,-70.0
1777889060.2313323,-2.0,7.0,-77.0
1777889060.2413323,0.0,10.0,-76.0
1777889060.2513323,0.0,5.0,-72.0
1777889060.2613325,1.0,3.0,-71.0
1777889060.2713325,0.0,-2.0,-66.0
1777889060.2813325,-1.0,-4.0,-66.0
1777889060.2913325,0.0,-4.0,-72.0
1777889060.3013325,2.0,-4.0,-71.0
1777889060.3113325,1.0,0.0,-72.0
1777889060.3213325,6.0,-3.0,-74.0
1777889060.3313324,4.0,-5.0,-70.0
1777889060.3413324,3.0,-5.0,-80.0
1777889060.3513324,-1.0,-4.0,-88.0
1777889060.3613324,4.0,-2.0,-92.0
1777889060.3713324,1.0,-6.0,-85.0
1777889060.3813324,-4.0,-5.0,-85.0
1777889060.3913324,-1.0,-2.0,-90.0
1777889060.4013324,4.0,-1.0,-90.0
1777889060.4113324,-2.0,2.0,-90.0
1777889060.4223323,-5.0,0.0,-87.0
1777889060.4323325,-10.0,0.0,-80.0
1777889060.4423325,-11.0,0.0,-72.0
1777889060.4523325,-8.0,-1.0,-73.0
1777889060.4623325,-1.0,1.0,-71.0
1777889060.4723325,0.0,1.0,-72.0
1777889060.4823325,-1.0,0.0,-80.0
1777889060.4923325,1.0,1.0,-84.0
1777889060.5023324,6.0,0.0,-75.0
1777889060.5123324,3.0,-1.0,-80.0
1777889060.5223324,4.0,-3.0,-78.0
1777889060.5323324,4.0,-5.0,-77.0
1777889060.5423324,2.0,0.0,-75.0
1777889060.5523324,0.0,-2.0,-72.0
1777889060.5623324,5.0,-2.0,-69.0
1777889060.5723324,1.0,-3.0,-69.0
1777889060.5823324,0.0,-4.0,-67.0
1777889060.5923324,-1.0,-6.0,-66.0
1777889060.6023324,1.0,-4.0,-69.0
1777889060.6123323,3.0,-2.0,-65.0
1777889060.6223323,0.0,1.0,-72.0
1777889060.6323323,-4.0,1.0,-74.0
1777889060.6423323,-5.0,0.0,-75.0
1777889060.6523323,-2.0,3.0,-77.0
1777889060.6623323,-3.0,2.0,-80.0
1777889060.6723323,-4.0,0.0,-83.0
1777889060.6823325,-1.0,-1.0,-86.0
1777889060.6923325,0.0,0.0,-80.0
1777889060.7023325,1.0,0.0,-80.0
1777889060.7123325,1.0,0.0,-74.0
1777889060.7223325,-4.0,2.0,-72.0
1777889060.7323325,-2.0,0.0,-76.0
1777889060.7423325,-1.0,3.0,-82.0
1777889060.7523324,0.0,5.0,-84.0
1777889060.7623324,-2.0,3.0,-81.0
1777889060.7723324,0.0,2.0,-75.0
1777889060.7823324,0.0,5.0,-78.0
1777889060.7923324,-1.0,3.0,-75.0
1777889060.8023324,0.0,1.0,-76.0
1777889060.8123324,0.0,0.0,-78.0
1777889060.8223324,0.0,0.0,-82.0
1777889060.8323324,2.0,-4.0,-79.0
1777889060.8423324,1.0,-5.0,-73.0
1777889060.8523324,2.0,-4.0,-71.0
1777889060.8623323,1.0,-4.0,-71.0
1777889060.8723323,6.0,-5.0,-76.0
1777889060.8823323,7.0,-3.0,-84.0
1777889060.8923323,9.0,0.0,-82.0
1777889060.9023323,12.0,1.0,-78.0
1777889060.9123323,8.0,4.0,-77.0
1777889060.9223323,9.0,7.0,-72.0
1777889060.9323325,8.0,8.0,-68.0
1777889060.9423325,12.0,5.0,-70.0
1777889060.9523325,9.0,4.0,-70.0
1777889060.9623325,9.0,2.0,-71.0
1777889060.9723325,9.0,1.0,-77.0
1777889060.9823325,9.0,0.0,-76.0
1777889060.9923325,6.0,1.0,-76.0
1777889061.0023324,7.0,0.0,-73.0
1777889061.0123324,5.0,-4.0,-68.0
1777889061.0223324,4.0,-8.0,-70.0
1777889061.0323324,0.0,-7.0,-67.0
1777889061.0423324,-1.0,-6.0,-71.0
1777889061.0523324,-1.0,-1.0,-77.0
1777889061.0623324,2.0,-1.0,-79.0
1777889061.0723324,2.0,0.0,-77.0
1777889061.0823324,1.0,2.0,-72.0
1777889061.0923324,0.0,-1.0,-76.0
1777889061.1023324,3.0,-4.0,-75.0
1777889061.1123323,3.0,0.0,-68.0
1777889061.1223323,5.0,0.0,-69.0
1777889061.1323323,1.0,-3.0,-70.0
1777889061.1423323,-2.0,1.0,-73.0
1777889061.1523323,-3.0,6.0,-71.0
1777889061.1623323,0.0,5.0,-67.0
1777889061.1723323,-2.0,3.0,-69.0
1777889061.1823325,-4.0,3.0,-74.0
1777889061.1923325,-5.0,2.0,-74.0
1777889061.2023325,-6.0,-1.0,-73.0
1777889061.2123325,-6.0,2.0,-74.0
1777889061.2223325,-4.0,5.0,-72.0
1777889061.2323325,-4.0,5.0,-76.0
1777889061.2423325,2.0,5.0,-75.0
1777889061.2523324,6.0,6.0,-80.0
1777889061.2623324,4.0,8.0,-80.0
1777889061.2723324,2.0,5.0,-77.0
1777889061.2823324,3.0,6.0,-80.0
1777889061.2923324,1.0,7.0,-77.0
1777889061.3023324,2.0,3.0,-74.0
1777889061.3123324,4.0,1.0,-78.0
1777889061.3223324,5.0,-2.0,-85.0
1777889061.3323324,4.0,-1.0,-84.0
1777889061.3423324,7.0,1.0,-81.0
1777889061.3523324,7.0,1.0,-82.0
1777889061.3623323,5.0,-1.0,-73.0
1777889061.3723323,4.0,-1.0,-72.0
1777889061.3823323,5.0,-3.0,-72.0
1777889061.3923323,5.0,-4.0,-72.0
1777889061.4023323,-1.0,0.0,-76.0
1777889061.4123323,3.0,1.0,-75.0
1777889061.4223323,2.0,0.0,-74.0
1777889061.4323325,-1.0,-1.0,-77.0
1777889061.4423325,0.0,1.0,-76.0
1777889061.4523325,-1.0,-2.0,-77.0
1777889061.4623325,2.0,2.0,-73.0
1777889061.4723325,4.0,2.0,-77.0
1777889061.4823325,4.0,0.0,-73.0
1777889061.4923325,4.0,1.0,-76.0
1777889061.5023324,3.0,2.0,-71.0
1777889061.5123324,2.0,0.0,-73.0
1777889061.5223324,5.0,-2.0,-82.0
1777889061.5323324,1.0,-2.0,-80.0
1777889061.5423324,-3.0,0.0,-80.0
1777889061.5523324,0.0,-1.0,-84.0
1777889061.5623324,1.0,-3.0,-83.0
1777889061.5723324,-2.0,-4.0,-83.0
1777889061.5823324,-5.0,-6.0,-81.0
1777889061.5923324,-7.0,-8.0,-77.0
1777889061.6023324,-3.0,-9.0,-79.0
1777889061.6123323,-6.0,-7.0,-75.0
1777889061.6223323,-8.0,-8.0,-80.0
1777889061.6323323,-8.0,-9.0,-79.0
1777889061.6423323,-8.0,-4.0,-78.0
1777889061.6523323,-7.0,-2.0,-83.0
1777889061.6623323,-4.0,3.0,-76.0
1777889061.6723323,-2.0,2.0,-73.0
1777889061.6823325,0.0,-3.0,-78.0
1777889061.6923325,1.0,-3.0,-79.0
1777889061.7023325,8.0,-5.0,-75.0
1777889061.7123325,3.0,-2.0,-76.0
1777889061.7223325,4.0,2.0,-70.0
1777889061.7323325,3.0,1.0,-74.0
1777889061.7423325,2.0,0.0,-73.0
1777889061.7523324,0.0,0.0,-68.0
1777889061.7623324,0.0,-4.0,-61.0
1777889061.7723324,-2.0,-3.0,-71.0
1777889061.7823324,-2.0,-7.0,-77.0
1777889061.7923324,-1.0,-6.0,-76.0
1777889061.8023324,0.0,-8.0,-76.0
1777889061.8123324,2.0,-7.0,-79.0
1777889061.8223324,5.0,-5.0,-79.0
1777889061.8323324,6.0,-4.0,-86.0
1777889061.8423324,4.0,-4.0,-92.0
1777889061.8523324,3.0,-2.0,-87.0
1777889061.8623323,0.0,-2.0,-79.0
1777889061.8723323,1.0,-1.0,-75.0
1777889061.8823323,0.0,1.0,-76.0
1777889061.8923323,-2.0,1.0,-78.0
1777889061.9023323,-2.0,-4.0,-78.0
1777889061.9123323,-5.0,-1.0,-74.0
1777889061.9223323,-5.0,2.0,-74.0
1777889061.9323325,-9.0,-1.0,-74.0
1777889061.9423325,-7.0,-4.0,-85.0
1777889061.9523325,-8.0,-2.0,-81.0
1777889061.9623325,-7.0,1.0,-82.0
1777889061.9723325,-6.0,0.0,-86.0
1777889061.9823325,-4.0,0.0,-90.0
1777889061.9923325,-3.0,1.0,-81.0
1777889062.0023324,-1.0,0.0,-80.0
1777889062.0123324,-1.0,-2.0,-77.0
1777889062.0223324,0.0,2.0,-75.0
1777889062.0323324,3.0,2.0,-81.0
1777889062.0423324,5.0,1.0,-77.0
1777889062.0523324,0.0,-1.0,-76.0
1777889062.0623324,0.0,-3.0,-80.0
1777889062.0723324,3.0,1.0,-75.0
1777889062.0833323,1.0,0.0,-69.0
1777889062.0923324,4.0,0.0,-73.0
1777889062.1023324,0.0,3.0,-73.0
1777889062.1123323,-3.0,4.0,-68.0
1777889062.1223323,-5.0,2.0,-77.0
1777889062.1323323,0.0,-2.0,-77.0
1777889062.1423323,3.0,-2.0,-72.0
1777889062.1523323,6.0,0.0,-74.0
1777889062.1623323,1.0,4.0,-75.0
1777889062.1723323,4.0,4.0,-75.0
1777889062.1823325,2.0,5.0,-79.0
1777889062.1923325,3.0,7.0,-80.0
1777889062.2023325,3.0,7.0,-86.0
1777889062.2123325,1.0,7.0,-83.0
1777889062.2223325,1.0,7.0,-81.0
1777889062.2323325,1.0,6.0,-77.0
1777889062.2423325,3.0,3.0,-72.0
1777889062.2523324,-2.0,0.0,-75.0
1777889062.2623324,0.0,0.0,-74.0
1777889062.2723324,-4.0,2.0,-78.0
1777889062.2823324,0.0,-1.0,-75.0
1777889062.2923324,-1.0,-1.0,-71.0
1777889062.3023324,-3.0,0.0,-76.0
1777889062.3123324,0.0,-1.0,-82.0
1777889062.3223324,4.0,-3.0,-84.0
1777889062.3323324,-2.0,-4.0,-88.0
1777889062.3433323,-5.0,-9.0,-86.0
1777889062.3523324,-6.0,-8.0,-86.0
1777889062.3623323,-4.0,-4.0,-80.0
1777889062.3723323,0.0,-3.0,-80.0
1777889062.3823323,-2.0,2.0,-86.0
1777889062.3923323,-2.0,0.0,-89.0
1777889062.4033325,-3.0,-3.0,-87.0
1777889062.4133325,1.0,-2.0,-89.0
1777889062.4233325,1.0,-4.0,-88.0
1777889062.4333324,2.0,-5.0,-85.0
1777889062.4433324,1.0,-8.0,-86.0
1777889062.4533324,-2.0,-6.0,-80.0
1777889062.4633324,0.0,-2.0,-80.0
1777889062.4733324,-7.0,-6.0,-77.0
1777889062.4833324,-8.0,-5.0,-73.0
1777889062.4933324,-6.0,-4.0,-73.0
1777889062.5033324,-6.0,-2.0,-72.0
1777889062.5133324,-4.0,-2.0,-78.0
1777889062.5233324,-5.0,-2.0,-83.0
1777889062.5333323,-2.0,0.0,-87.0
1777889062.5433323,-6.0,1.0,-83.0
1777889062.5533323,-3.0,3.0,-85.0
1777889062.5633323,-2.0,4.0,-90.0
1777889062.5733323,-2.0,4.0,-92.0
1777889062.5833323,-1.0,-1.0,-88.0
1777889062.5933323,-1.0,-6.0,-79.0
1777889062.6033323,1.0,-4.0,-80.0
1777889062.6133325,0.0,-2.0,-82.0
1777889062.6233325,0.0,-6.0,-84.0
1777889062.6333325,-3.0,-7.0,-89.0
1777889062.6433325,-10.0,-5.0,-85.0
1777889062.6533325,-9.0,-3.0,-77.0
1777889062.6633325,-10.0,-1.0,-79.0
1777889062.6733325,-9.0,-3.0,-80.0
1777889062.6833324,-3.0,-4.0,-76.0
1777889062.6933324,0.0,-1.0,-68.0
1777889062.7033324,0.0,5.0,-74.0
1777889062.7133324,0.0,0.0,-75.0
1777889062.7233324,2.0,0.0,-70.0
1777889062.7333324,4.0,-1.0,-64.0
1777889062.7433324,1.0,0.0,-65.0
1777889062.7533324,0.0,-2.0,-70.0
1777889062.7633324,3.0,-1.0,-72.0
1777889062.7733324,3.0,0.0,-75.0
1777889062.7833323,-2.0,-1.0,-75.0
1777889062.7933323,-1.0,0.0,-71.0
1777889062.8033323,-2.0,0.0,-79.0
1777889062.8133323,-1.0,1.0,-76.0
1777889062.8233323,-5.0,2.0,-69.0
1777889062.8333323,-7.0,-1.0,-75.0
1777889062.8433323,-5.0,-8.0,-74.0
1777889062.8533323,-4.0,-7.0,-73.0
1777889062.8633325,-6.0,-7.0,-76.0
1777889062.8733325,-6.0,-3.0,-81.0
1777889062.8833325,-6.0,-5.0,-82.0
1777889062.8933325,-4.0,-6.0,-79.0
1777889062.9033325,-4.0,-2.0,-82.0
1777889062.9133325,-3.0,-2.0,-84.0
1777889062.9233325,-1.0,1.0,-76.0
1777889062.9333324,4.0,0.0,-76.0
1777889062.9433324,9.0,-5.0,-78.0
1777889062.9533324,7.0,-8.0,-77.0
1777889062.9633324,9.0,-3.0,-77.0
1777889062.9733324,7.0,0.0,-73.0
1777889062.9833324,4.0,-2.0,-80.0
1777889062.9933324,4.0,0.0,-82.0
1777889063.0033324,1.0,-3.0,-77.0
1777889063.0133324,4.0,-1.0,-83.0
1777889063.0233324,5.0,0.0,-87.0
1777889063.0333323,7.0,-3.0,-91.0
1777889063.0433323,5.0,-2.0,-95.0
1777889063.0533323,7.0,1.0,-93.0
1777889063.0633323,4.0,4.0,-87.0
1777889063.0733323,4.0,4.0,-87.0
1777889063.0833323,1.0,1.0,-87.0
1777889063.0933323,-1.0,1.0,-79.0
1777889063.1033323,-4.0,2.0,-84.0
1777889063.1133325,-4.0,2.0,-76.0
1777889063.1233325,0.0,1.0,-84.0
1777889063.1333325,2.0,1.0,-79.0
1777889063.1433325,3.0,0.0,-76.0
1777889063.1533325,-3.0,-1.0,-77.0
1777889063.1633325,-2.0,1.0,-81.0
1777889063.1733325,0.0,2.0,-87.0
1777889063.1833324,0.0,-3.0,-86.0
1777889063.1933324,0.0,-4.0,-85.0
1777889063.2033324,2.0,-3.0,-82.0
1777889063.2133324,1.0,-3.0,-81.0
1777889063.2233324,2.0,-3.0,-88.0
1777889063.2333324,2.0,-1.0,-88.0
1777889063.2433324,-2.0,-3.0,-88.0
1777889063.2533324,-5.0,-2.0,-78.0
1777889063.2633324,-3.0,1.0,-72.0
1777889063.2733324,-3.0,1.0,-76.0
1777889063.2833323,-1.0,0.0,-80.0
1777889063.2933323,1.0,-4.0,-84.0
1777889063.3033323,2.0,-4.0,-83.0
1777889063.3133323,3.0,-5.0,-79.0
1777889063.3233323,1.0,-7.0,-71.0
1777889063.3333323,-1.0,-9.0,-72.0
1777889063.3433323,0.0,-5.0,-70.0
1777889063.3533323,-3.0,-3.0,-67.0
1777889063.3633325,-7.0,-7.0,-77.0
1777889063.3733325,-8.0,-9.0,-73.0
1777889063.3833325,-7.0,-3.0,-75.0
1777889063.3933325,-8.0,0.0,-77.0
1777889063.4033325,-3.0,-5.0,-80.0
1777889063.4133325,-1.0,-6.0,-86.0
1777889063.4233325,1.0,-7.0,-81.0
1777889063.4333324,1.0,-8.0,-78.0
1777889063.4433324,1.0,-9.0,-77.0
1777889063.4533324,1.0,-8.0,-78.0
1777889063.4633324,1.0,-5.0,-75.0
1777889063.4733324,4.0,-7.0,-69.0
1777889063.4833324,5.0,-7.0,-67.0
1777889063.4933324,7.0,-5.0,-68.0
1777889063.5033324,3.0,-1.0,-69.0
1777889063.5133324,3.0,1.0,-75.0
1777889063.5233324,5.0,-5.0,-77.0
1777889063.5333323,1.0,-3.0,-76.0
1777889063.5433323,-3.0,0.0,-75.0
1777889063.5533323,-7.0,2.0,-75.0
1777889063.5633323,-8.0,6.0,-84.0
1777889063.5733323,-5.0,3.0,-81.0
1777889063.5833323,-2.0,0.0,-81.0
1777889063.5933323,-2.0,-3.0,-87.0
1777889063.6033323,-5.0,-1.0,-84.0
1777889063.6133325,-4.0,-4.0,-79.0
1777889063.6233325,-7.0,-5.0,-76.0
1777889063.6333325,-8.0,-1.0,-80.0
1777889063.6433325,-8.0,-2.0,-84.0
1777889063.6533325,-7.0,1.0,-83.0
1777889063.6633325,-4.0,2.0,-81.0
1777889063.6733325,-2.0,-3.0,-81.0
1777889063.6833324,1.0,-4.0,-75.0
1777889063.6933324,4.0,-6.0,-76.0
1777889063.7033324,1.0,-2.0,-72.0
1777889063.7133324,1.0,-2.0,-76.0
1777889063.7233324,4.0,-5.0,-77.0
1777889063.7333324,6.0,-3.0,-82.0
1777889063.7433324,2.0,1.0,-89.0
1777889063.7533324,1.0,0.0,-88.0
1777889063.7633324,4.0,-1.0,-87.0
1777889063.7733324,9.0,-2.0,-82.0
1777889063.7833323,9.0,3.0,-79.0
1777889063.7933323,10.0,2.0,-79.0
1777889063.8033323,8.0,1.0,-82.0
1777889063.8133323,9.0,1.0,-84.0
1777889063.8233323,1.0,0.0,-81.0
1777889063.8333323,5.0,0.0,-81.0
1777889063.8433323,12.0,3.0,-85.0
1777889063.8533323,9.0,0.0,-77.0
1777889063.8633325,7.0,-2.0,-77.0
1777889063.8733325,8.0,0.0,-78.0
1777889063.8833325,5.0,0.0,-77.0
1777889063.8933325,2.0,-3.0,-74.0
1777889063.9033325,-1.0,-1.0,-74.0
1777889063.9133325,0.0,-4.0,-76.0
1777889063.9233325,4.0,-4.0,-75.0
1777889063.9333324,2.0,-7.0,-77.0
1777889063.9433324,2.0,-5.0,-80.0
1777889063.9533324,2.0,-3.0,-82.0
1777889063.9633324,1.0,-5.0,-80.0
1777889063.9733324,3.0,-6.0,-75.0
1777889063.9833324,1.0,-4.0,-66.0
1777889063.9933324,5.0,-1.0,-68.0
1777889064.0033324,3.0,-1.0,-70.0
1777889064.0133324,0.0,0.0,-70.0
1777889064.0233324,3.0,2.0,-78.0
1777889064.0333323,1.0,4.0,-74.0
1777889064.0433323,-1.0,2.0,-77.0
1777889064.0533323,1.0,0.0,-79.0
1777889064.0633323,3.0,0.0,-80.0
1777889064.0733323,5.0,-6.0,-72.0
1777889064.0833323,3.0,-9.0,-74.0
1777889064.0933323,1.0,-10.0,-77.0
1777889064.1033323,0.0,-5.0,-81.0
1777889064.1133325,3.0,-5.0,-80.0
1777889064.1233325,6.0,-5.0,-75.0
1777889064.1333325,4.0,-5.0,-71.0
1777889064.1433325,2.0,-2.0,-68.0
1777889064.1533325,0.0,-2.0,-67.0
1777889064.1633325,5.0,0.0,-71.0
1777889064.1733325,2.0,3.0,-72.0
1777889064.1833324,2.0,5.0,-79.0
1777889064.1933324,0.0,2.0,-79.0
1777889064.2033324,0.0,6.0,-74.0
1777889064.2133324,-1.0,5.0,-78.0
1777889064.2233324,-6.0,1.0,-74.0
1777889064.2333324,-6.0,1.0,-71.0
1777889064.2433324,-5.0,4.0,-72.0
1777889064.2533324,-2.0,4.0,-67.0
1777889064.2633324,0.0,1.0,-74.0
1777889064.2733324,-1.0,2.0,-72.0
1777889064.2833323,4.0,2.0,-78.0
1777889064.2933323,3.0,3.0,-81.0
1777889064.3033323,3.0,5.0,-79.0
1777889064.3133323,0.0,3.0,-74.0
1777889064.3233323,-2.0,0.0,-74.0
1777889064.3333323,-2.0,-2.0,-67.0
1777889064.3433323,-4.0,-3.0,-70.0
1777889064.3533323,-1.0,-3.0,-77.0
1777889064.3633325,0.0,-2.0,-77.0
1777889064.3733325,1.0,-1.0,-77.0
1777889064.3843324,0.0,0.0,-76.0
1777889064.3943324,-3.0,1.0,-76.0
1777889064.4043324,-4.0,1.0,-77.0
1777889064.4143324,-4.0,0.0,-75.0
1777889064.4243324,0.0,0.0,-77.0
1777889064.4343324,4.0,1.0,-81.0
1777889064.4443324,1.0,8.0,-79.0
1777889064.4543324,5.0,7.0,-82.0
1777889064.4643323,3.0,1.0,-80.0
1777889064.4743323,6.0,0.0,-84.0
1777889064.4843323,4.0,-1.0,-86.0
1777889064.4943323,2.0,-5.0,-82.0
1777889064.5043323,2.0,-3.0,-80.0
1777889064.5143323,0.0,-1.0,-79.0
1777889064.5243323,-3.0,3.0,-74.0
1777889064.5343325,-3.0,6.0,-71.0
1777889064.5443325,-4.0,4.0,-63.0
1777889064.5543325,-2.0,4.0,-67.0
1777889064.5643325,-3.0,5.0,-69.0
1777889064.5743325,-3.0,2.0,-71.0
1777889064.5843325,-2.0,-1.0,-68.0
1777889064.5943325,-3.0,-1.0,-71.0
1777889064.6043324,-3.0,-3.0,-73.0
1777889064.6143324,-5.0,-4.0,-72.0
1777889064.6243324,-6.0,-7.0,-74.0
1777889064.6343324,-5.0,-5.0,-80.0
1777889064.6443324,-2.0,-9.0,-81.0
1777889064.6543324,0.0,-8.0,-88.0
1777889064.6643324,0.0,-11.0,-87.0
1777889064.6743324,1.0,-7.0,-86.0
1777889064.6843324,0.0,-6.0,-84.0
1777889064.6943324,3.0,-12.0,-78.0
1777889064.7043324,0.0,-11.0,-76.0
1777889064.7143323,0.0,-2.0,-70.0
1777889064.7243323,-1.0,-3.0,-79.0
1777889064.7343323,-1.0,0.0,-74.0
1777889064.7443323,-7.0,-1.0,-78.0
1777889064.7543323,-8.0,0.0,-78.0
1777889064.7643323,-5.0,0.0,-76.0
1777889064.7743323,0.0,1.0,-79.0
1777889064.7843325,0.0,0.0,-80.0
1777889064.7943325,2.0,1.0,-78.0
1777889064.8043325,0.0,0.0,-82.0
1777889064.8143325,0.0,-2.0,-77.0
1777889064.8243325,0.0,0.0,-80.0
1777889064.8343325,0.0,0.0,-79.0
1777889064.8443325,5.0,0.0,-73.0
1777889064.8543324,6.0,0.0,-71.0
1777889064.8643324,4.0,0.0,-73.0
1777889064.8743324,1.0,0.0,-68.0
1777889064.8843324,5.0,2.0,-79.0
1777889064.8943324,4.0,0.0,-80.0
1777889064.9043324,3.0,0.0,-80.0
1777889064.9143324,5.0,-1.0,-74.0
1777889064.9243324,-1.0,0.0,-79.0
1777889064.9343324,2.0,-3.0,-82.0
1777889064.9443324,0.0,-1.0,-80.0
1777889064.9543324,1.0,-2.0,-77.0
1777889064.9643323,2.0,-1.0,-74.0
1777889064.9743323,4.0,-5.0,-80.0
1777889064.9843323,7.0,-4.0,-81.0
1777889064.9943323,6.0,2.0,-83.0
1777889065.0043323,4.0,0.0,-88.0
1777889065.0143323,2.0,-1.0,-88.0
1777889065.0243323,1.0,-2.0,-83.0
1777889065.0343325,2.0,-3.0,-87.0
1777889065.0443325,0.0,-7.0,-86.0
1777889065.0543325,2.0,-7.0,-87.0
1777889065.0643325,3.0,-6.0,-80.0
1777889065.0743325,2.0,-6.0,-71.0
1777889065.0843325,1.0,-3.0,-67.0
1777889065.0943325,0.0,-1.0,-71.0
1777889065.1043324,0.0,1.0,-67.0
1777889065.1143324,1.0,2.0,-75.0
1777889065.1243324,2.0,2.0,-76.0
1777889065.1343324,-2.0,-3.0,-78.0
1777889065.1443324,0.0,-3.0,-78.0
1777889065.1543324,0.0,0.0,-80.0
1777889065.1643324,-2.0,2.0,-76.0
1777889065.1743324,2.0,3.0,-75.0
1777889065.1843324,0.0,2.0,-74.0
1777889065.1943324,-3.0,2.0,-70.0
1777889065.2043324,-7.0,-2.0,-65.0
1777889065.2143323,-9.0,-4.0,-67.0
1777889065.2243323,-5.0,-6.0,-70.0
1777889065.2343323,-5.0,-7.0,-72.0
1777889065.2443323,-4.0,-4.0,-77.0
1777889065.2543323,-3.0,0.0,-83.0
1777889065.2643323,-3.0,-2.0,-84.0
1777889065.2743323,-1.0,-1.0,-88.0
1777889065.2843325,0.0,-2.0,-85.0
1777889065.2943325,0.0,-2.0,-74.0
1777889065.3043325,1.0,-2.0,-74.0
1777889065.3143325,2.0,-5.0,-76.0
1777889065.3243325,4.0,-5.0,-78.0
1777889065.3343325,-1.0,-9.0,-77.0
1777889065.3443325,-1.0,-7.0,-80.0
1777889065.3543324,0.0,-8.0,-86.0
1777889065.3643324,2.0,-6.0,-87.0
1777889065.3743324,3.0,-1.0,-82.0
1777889065.3843324,5.0,-2.0,-78.0
1777889065.3943324,6.0,-1.0,-83.0
1777889065.4043324,4.0,0.0,-87.0
1777889065.4143324,1.0,-3.0,-87.0
1777889065.4243324,1.0,-6.0,-83.0
1777889065.4343324,0.0,-6.0,-76.0
1777889065.4443324,-2.0,-3.0,-81.0
1777889065.4543324,0.0,0.0,-78.0
1777889065.4643323,2.0,-3.0,-79.0
1777889065.4743323,7.0,-5.0,-83.0
1777889065.4843323,3.0,-4.0,-85.0
1777889065.4943323,1.0,-7.0,-85.0
1777889065.5043323,-2.0,-8.0,-86.0
1777889065.5143323,-5.0,-2.0,-79.0
1777889065.5243323,-7.0,1.0,-80.0
1777889065.5343325,0.0,2.0,-72.0
1777889065.5443325,-2.0,6.0,-72.0
1777889065.5543325,-2.0,2.0,-72.0
1777889065.5643325,0.0,4.0,-77.0
1777889065.5743325,0.0,2.0,-76.0
1777889065.5843325,4.0,0.0,-84.0
1777889065.5943325,4.0,0.0,-88.0
1777889065.6043324,5.0,3.0,-91.0
1777889065.6143324,7.0,6.0,-85.0
1777889065.6243324,6.0,5.0,-86.0
1777889065.6343324,5.0,1.0,-84.0
1777889065.6443324,6.0,1.0,-83.0
1777889065.6543324,7.0,4.0,-81.0
1777889065.6643324,10.0,-1.0,-79.0
1777889065.6743324,13.0,0.0,-80.0
1777889065.6843324,13.0,-1.0,-75.0
1777889065.6943324,5.0,-2.0,-74.0
1777889065.7043324,0.0,-1.0,-72.0
1777889065.7143323,3.0,-5.0,-81.0
1777889065.7243323,0.0,-4.0,-85.0
1777889065.7343323,-1.0,-3.0,-83.0
1777889065.7443323,0.0,0.0,-81.0
1777889065.7543323,0.0,-1.0,-83.0
1777889065.7643323,1.0,2.0,-88.0
1777889065.7743323,4.0,0.0,-88.0
1777889065.7843325,3.0,-2.0,-88.0
1777889065.7943325,4.0,-4.0,-89.0
1777889065.8043325,4.0,-2.0,-88.0
1777889065.8143325,3.0,1.0,-83.0
1777889065.8243325,0.0,3.0,-75.0
1777889065.8343325,1.0,-1.0,-74.0
1777889065.8443325,3.0,-3.0,-75.0
1777889065.8543324,3.0,-5.0,-75.0
1777889065.8643324,1.0,-5.0,-75.0
1777889065.8743324,3.0,-4.0,-77.0
1777889065.8843324,0.0,-2.0,-71.0
1777889065.8943324,1.0,0.0,-65.0
1777889065.9043324,3.0,1.0,-65.0
1777889065.9143324,3.0,0.0,-73.0
1777889065.9243324,3.0,3.0,-68.0
1777889065.9343324,6.0,4.0,-61.0
1777889065.9443324,10.0,1.0,-59.0
1777889065.9543324,10.0,-1.0,-60.0
1777889065.9643323,3.0,-2.0,-64.0
1777889065.9743323,1.0,-4.0,-70.0
1777889065.9843323,6.0,-6.0,-67.0
1777889065.9943323,7.0,-2.0,-71.0
1777889066.0043323,7.0,1.0,-68.0
1777889066.0143323,3.0,3.0,-71.0
1777889066.0243323,7.0,-1.0,-71.0
1777889066.0343325,6.0,0.0,-72.0
1777889066.0443325,8.0,0.0,-71.0
1777889066.0543325,4.0,1.0,-72.0
1777889066.0643325,3.0,3.0,-74.0
1777889066.0743325,3.0,2.0,-72.0
1777889066.0843325,5.0,6.0,-71.0
1777889066.0943325,5.0,4.0,-66.0
1777889066.1043324,2.0,1.0,-72.0
1777889066.1143324,3.0,-1.0,-79.0
1777889066.1243324,9.0,-1.0,-76.0
1777889066.1343324,9.0,-3.0,-69.0
1777889066.1443324,2.0,-3.0,-72.0
1777889066.1543324,2.0,-2.0,-72.0
1777889066.1643324,4.0,-1.0,-77.0
1777889066.1743324,4.0,-2.0,-69.0
1777889066.1843324,6.0,-1.0,-72.0
1777889066.1943324,4.0,-3.0,-78.0
1777889066.2043324,3.0,0.0,-80.0
1777889066.2143323,-2.0,0.0,-76.0
1777889066.2243323,-2.0,0.0,-75.0
1777889066.2343323,-4.0,0.0,-70.0
1777889066.2443323,-5.0,-7.0,-71.0
1777889066.2543323,-2.0,-4.0,-71.0
1777889066.2643323,1.0,-5.0,-68.0
1777889066.2743323,0.0,-4.0,-69.0
1777889066.2843325,-2.0,-6.0,-69.0
1777889066.2943325,-1.0,-6.0,-75.0
1777889066.3043325,-2.0,-2.0,-76.0
1777889066.3143325,-2.0,-2.0,-89.0
1777889066.3243325,-4.0,0.0,-85.0
1777889066.3343325,-2.0,6.0,-77.0
1777889066.3453324,-2.0,5.0,-73.0
1777889066.3543324,0.0,0.0,-79.0
1777889066.3643324,2.0,-4.0,-73.0
1777889066.3753324,3.0,-8.0,-79.0
1777889066.3853323,6.0,-2.0,-79.0
1777889066.3953323,3.0,1.0,-70.0
1777889066.4053323,5.0,2.0,-65.0
1777889066.4153323,4.0,2.0,-65.0
1777889066.4253323,2.0,0.0,-71.0
1777889066.4353323,5.0,-3.0,-76.0
1777889066.4453323,13.0,-1.0,-76.0
1777889066.4553325,6.0,0.0,-77.0
1777889066.4653325,2.0,1.0,-77.0
1777889066.4753325,-5.0,1.0,-76.0
1777889066.4853325,-7.0,0.0,-74.0
1777889066.4953325,-3.0,1.0,-77.0
1777889066.5053325,-3.0,0.0,-71.0
1777889066.5153325,-2.0,0.0,-73.0
1777889066.5253325,3.0,0.0,-75.0
1777889066.5353324,8.0,1.0,-75.0
1777889066.5453324,8.0,1.0,-78.0
1777889066.5553324,7.0,1.0,-73.0
1777889066.5653324,5.0,-1.0,-75.0
1777889066.5753324,3.0,0.0,-79.0
1777889066.5853324,4.0,0.0,-86.0
1777889066.5953324,2.0,-4.0,-74.0
1777889066.6053324,4.0,-2.0,-73.0
1777889066.6153324,4.0,-2.0,-78.0
1777889066.6253324,-2.0,1.0,-76.0
1777889066.6353323,-3.0,0.0,-86.0
1777889066.6453323,-4.0,-2.0,-92.0
1777889066.6553323,-4.0,0.0,-91.0
1777889066.6653323,-3.0,0.0,-91.0
1777889066.6753323,0.0,0.0,-87.0
1777889066.6853323,0.0,-1.0,-86.0
1777889066.6953323,-2.0,0.0,-78.0
1777889066.7053325,-3.0,0.0,-82.0
1777889066.7153325,-1.0,-1.0,-90.0
1777889066.7253325,-1.0,-2.0,-93.0
1777889066.7353325,-1.0,-3.0,-91.0
1777889066.7453325,0.0,0.0,-82.0
1777889066.7553325,1.0,-1.0,-83.0
1777889066.7653325,2.0,-2.0,-76.0
1777889066.7753325,0.0,0.0,-73.0
1777889066.7853324,-2.0,-2.0,-73.0
1777889066.7953324,-2.0,-6.0,-72.0
1777889066.8053324,-5.0,-2.0,-77.0
1777889066.8153324,-1.0,1.0,-80.0
1777889066.8253324,0.0,3.0,-77.0
1777889066.8353324,0.0,6.0,-79.0
1777889066.8453324,2.0,4.0,-80.0
1777889066.8553324,5.0,1.0,-75.0
1777889066.8653324,3.0,-1.0,-76.0
1777889066.8753324,1.0,1.0,-66.0
1777889066.8853323,-1.0,0.0,-69.0
1777889066.8963325,0.0,1.0,-81.0
1777889066.9053323,0.0,-1.0,-81.0
1777889066.9153323,0.0,-5.0,-81.0
1777889066.9253323,-1.0,-6.0,-77.0
1777889066.9353323,0.0,0.0,-71.0
1777889066.9453323,1.0,0.0,-75.0
1777889066.9553325,4.0,-2.0,-73.0
1777889066.9653325,1.0,-6.0,-78.0
1777889066.9753325,3.0,-1.0,-77.0
1777889066.9853325,0.0,0.0,-74.0
1777889066.9953325,2.0,6.0,-67.0
1777889067.0053325,5.0,6.0,-78.0
1777889067.0153325,3.0,4.0,-82.0
1777889067.0253325,-3.0,7.0,-80.0
1777889067.0353324,-3.0,8.0,-82.0
1777889067.0453324,0.0,7.0,-85.0
1777889067.0553324,2.0,5.0,-83.0
1777889067.0653324,2.0,4.0,-81.0
1777889067.0753324,3.0,3.0,-79.0
1777889067.0853324,2.0,1.0,-70.0
1777889067.0953324,-1.0,3.0,-77.0
1777889067.1053324,1.0,0.0,-72.0
1777889067.1153324,-2.0,-1.0,-72.0
1777889067.1253324,0.0,-4.0,-73.0
1777889067.1353323,4.0,-4.0,-66.0
1777889067.1453323,6.0,-7.0,-69.0
1777889067.1553323,7.0,-7.0,-65.0
1777889067.1653323,6.0,-7.0,-72.0
1777889067.1753323,9.0,-4.0,-75.0
1777889067.1853323,4.0,-4.0,-77.0
1777889067.1953323,4.0,-6.0,-75.0
1777889067.2053325,8.0,-9.0,-73.0
1777889067.2153325,7.0,-4.0,-71.0
1777889067.2253325,4.0,-4.0,-78.0
1777889067.2353325,5.0,0.0,-78.0
1777889067.2453325,5.0,0.0,-82.0
1777889067.2553325,5.0,0.0,-87.0
1777889067.2653325,3.0,0.0,-82.0
1777889067.2753325,1.0,-6.0,-75.0
1777889067.2853324,0.0,-8.0,-77.0
1777889067.2953324,-4.0,-8.0,-78.0
1777889067.3053324,-4.0,-9.0,-79.0
1777889067.3153324,-1.0,-5.0,-79.0
1777889067.3253324,-6.0,-2.0,-80.0
1777889067.3353324,0.0,-2.0,-79.0
1777889067.3453324,-1.0,-3.0,-81.0
1777889067.3553324,-3.0,0.0,-83.0
1777889067.3653324,-4.0,2.0,-87.0
1777889067.3753324,-4.0,-1.0,-83.0
1777889067.3853323,-3.0,-2.0,-80.0
1777889067.3953323,-3.0,-3.0,-76.0
1777889067.4053323,4.0,-3.0,-74.0
1777889067.4153323,2.0,-2.0,-77.0
1777889067.4253323,1.0,-2.0,-82.0
1777889067.4353323,0.0,-1.0,-80.0
1777889067.4453323,1.0,0.0,-80.0
1777889067.4553325,6.0,-3.0,-72.0
1777889067.4653325,10.0,-5.0,-69.0
1777889067.4753325,10.0,-5.0,-73.0
1777889067.4853325,12.0,-5.0,-71.0
1777889067.4953325,6.0,0.0,-68.0
1777889067.5053325,6.0,0.0,-75.0
1777889067.5153325,6.0,1.0,-75.0
1777889067.5253325,8.0,3.0,-72.0
1777889067.5353324,1.0,5.0,-70.0
1777889067.5453324,-2.0,1.0,-73.0
1777889067.5553324,0.0,5.0,-69.0
1777889067.5653324,2.0,6.0,-70.0
1777889067.5753324,2.0,4.0,-76.0
1777889067.5853324,2.0,6.0,-83.0
1777889067.5953324,2.0,6.0,-81.0
1777889067.6053324,0.0,5.0,-80.0
1777889067.6153324,3.0,2.0,-79.0
1777889067.6253324,0.0,1.0,-72.0
1777889067.6353323,0.0,2.0,-84.0
1777889067.6453323,-2.0,2.0,-88.0
1777889067.6553323,0.0,3.0,-91.0
1777889067.6653323,0.0,4.0,-87.0
1777889067.6753323,-1.0,5.0,-81.0
1777889067.6853323,-1.0,4.0,-86.0
1777889067.6953323,1.0,0.0,-81.0
1777889067.7053325,-6.0,2.0,-85.0
1777889067.7153325,-6.0,3.0,-85.0
1777889067.7253325,-8.0,1.0,-87.0
1777889067.7353325,-5.0,3.0,-86.0
1777889067.7453325,-5.0,4.0,-78.0
1777889067.7553325,-4.0,5.0,-80.0
1777889067.7653325,-3.0,6.0,-82.0
1777889067.7753325,-2.0,4.0,-81.0
1777889067.7853324,-3.0,1.0,-78.0
1777889067.7953324,-5.0,-2.0,-77.0
1777889067.8053324,-3.0,-3.0,-81.0
1777889067.8153324,-2.0,0.0,-82.0
1777889067.8253324,-1.0,2.0,-83.0
1777889067.8353324,0.0,0.0,-76.0
1777889067.8453324,-3.0,0.0,-77.0
1777889067.8553324,-4.0,-1.0,-78.0
1777889067.8653324,-5.0,-3.0,-84.0
1777889067.8753324,-5.0,0.0,-79.0
1777889067.8853323,-2.0,0.0,-77.0
1777889067.8953323,-4.0,1.0,-72.0
1777889067.9053323,-3.0,0.0,-62.0
1777889067.9153323,-4.0,2.0,-60.0
1777889067.9253323,-1.0,-3.0,-62.0
1777889067.9353323,-2.0,-5.0,-69.0
1777889067.9453323,-5.0,-4.0,-68.0
1777889067.9553325,-5.0,0.0,-69.0
1777889067.9653325,-1.0,-1.0,-63.0
1777889067.9753325,-1.0,-3.0,-63.0
1777889067.9853325,1.0,0.0,-68.0
1777889067.9953325,3.0,-2.0,-69.0
1777889068.0053325,1.0,-4.0,-69.0
1777889068.0153325,0.0,-3.0,-72.0
1777889068.0253325,-2.0,-4.0,-69.0
1777889068.0353324,0.0,-3.0,-70.0
1777889068.0453324,1.0,-6.0,-73.0
1777889068.0553324,2.0,-5.0,-78.0
1777889068.0653324,4.0,-10.0,-77.0
1777889068.0753324,3.0,-5.0,-81.0
1777889068.0853324,3.0,-2.0,-83.0
1777889068.0953324,0.0,-1.0,-81.0
1777889068.1053324,-1.0,3.0,-75.0
1777889068.1153324,0.0,3.0,-79.0
1777889068.1253324,2.0,4.0,-75.0
1777889068.1353323,0.0,1.0,-76.0
1777889068.1453323,-5.0,1.0,-76.0
1777889068.1553323,-5.0,0.0,-73.0
1777889068.1653323,-1.0,0.0,-71.0
1777889068.1753323,3.0,0.0,-79.0
1777889068.1853323,3.0,2.0,-80.0
1777889068.1953323,3.0,2.0,-74.0
1777889068.2053325,4.0,1.0,-72.0
1777889068.2153325,4.0,0.0,-65.0
1777889068.2253325,1.0,3.0,-65.0
1777889068.2353325,1.0,1.0,-69.0
1777889068.2453325,1.0,2.0,-78.0
1777889068.2553325,4.0,2.0,-84.0
1777889068.2653325,4.0,1.0,-87.0
1777889068.2753325,8.0,4.0,-87.0
1777889068.2853324,7.0,4.0,-88.0
1777889068.2953324,4.0,4.0,-82.0
1777889068.3053324,2.0,2.0,-83.0
1777889068.3153324,2.0,4.0,-74.0
1777889068.3253324,1.0,2.0,-64.0
1777889068.3353324,-1.0,0.0,-61.0
1777889068.3463323,-3.0,0.0,-67.0
1777889068.3563323,1.0,-1.0,-71.0
1777889068.3663323,0.0,-1.0,-71.0
1777889068.3763323,2.0,-1.0,-75.0
1777889068.3863325,8.0,-1.0,-74.0
1777889068.3963325,6.0,-1.0,-74.0
1777889068.4063325,3.0,-2.0,-80.0
1777889068.4163325,5.0,-6.0,-79.0
1777889068.4263325,4.0,-6.0,-79.0
1777889068.4363325,3.0,-7.0,-80.0
1777889068.4463325,7.0,-2.0,-77.0
1777889068.4563324,9.0,0.0,-73.0
1777889068.4663324,3.0,-5.0,-70.0
1777889068.4763324,0.0,-5.0,-70.0
1777889068.4863324,4.0,-3.0,-67.0
1777889068.4963324,5.0,-4.0,-66.0
1777889068.5063324,3.0,0.0,-71.0
1777889068.5163324,4.0,0.0,-65.0
1777889068.5263324,5.0,-3.0,-64.0
1777889068.5363324,4.0,-2.0,-70.0
1777889068.5463324,5.0,-2.0,-71.0
1777889068.5563323,6.0,-2.0,-76.0
1777889068.5663323,3.0,0.0,-80.0
1777889068.5763323,2.0,0.0,-84.0
1777889068.5863323,0.0,2.0,-79.0
1777889068.5963323,0.0,1.0,-74.0
1777889068.6063323,0.0,-2.0,-71.0
1777889068.6163323,5.0,-4.0,-72.0
1777889068.6263323,2.0,0.0,-69.0
1777889068.6363325,-1.0,0.0,-73.0
1777889068.6463325,-8.0,0.0,-75.0
1777889068.6563325,-2.0,1.0,-77.0
1777889068.6663325,-1.0,-2.0,-80.0
1777889068.6763325,-1.0,-3.0,-77.0
1777889068.6863325,-3.0,-3.0,-77.0
1777889068.6963325,0.0,-2.0,-82.0
1777889068.7063324,0.0,-1.0,-80.0
1777889068.7163324,-1.0,-3.0,-78.0
1777889068.7263324,-4.0,-4.0,-78.0
1777889068.7363324,-4.0,-7.0,-74.0
1777889068.7463324,-5.0,-3.0,-78.0
1777889068.7563324,-4.0,-3.0,-77.0
1777889068.7663324,0.0,-2.0,-79.0
1777889068.7763324,3.0,-4.0,-84.0
1777889068.7863324,4.0,-6.0,-84.0
1777889068.7963324,2.0,-4.0,-85.0
1777889068.8063323,3.0,-3.0,-88.0
1777889068.8163323,0.0,-3.0,-89.0
1777889068.8263323,-3.0,0.0,-82.0
1777889068.8363323,-1.0,2.0,-82.0
1777889068.8463323,-1.0,2.0,-79.0
1777889068.8563323,-1.0,2.0,-86.0
1777889068.8663323,0.0,1.0,-84.0
1777889068.8763323,0.0,0.0,-79.0
1777889068.8863325,-1.0,0.0,-74.0
1777889068.8963325,-2.0,0.0,-74.0
1777889068.9063325,-4.0,-1.0,-71.0
1777889068.9163325,-3.0,-4.0,-77.0
1777889068.9263325,-5.0,0.0,-75.0
1777889068.9363325,-4.0,-3.0,-77.0
1777889068.9463325,-3.0,-4.0,-82.0
1777889068.9563324,0.0,-2.0,-85.0
1777889068.9663324,0.0,0.0,-84.0
1777889068.9763324,1.0,0.0,-80.0
1777889068.9863324,5.0,-2.0,-76.0
1777889068.9963324,4.0,-7.0,-76.0
1777889069.0063324,3.0,-7.0,-79.0
1777889069.0163324,7.0,-5.0,-80.0
1777889069.0263324,7.0,-4.0,-78.0
1777889069.0363324,7.0,-2.0,-78.0
1777889069.0463324,5.0,0.0,-77.0
1777889069.0563323,4.0,1.0,-80.0
1777889069.0663323,4.0,-4.0,-84.0
1777889069.0763323,6.0,-2.0,-75.0
1777889069.0863323,2.0,-1.0,-77.0
1777889069.0963323,-2.0,-3.0,-80.0
1777889069.1063323,0.0,-2.0,-79.0
1777889069.1163323,-2.0,-4.0,-73.0
1777889069.1263323,-2.0,-6.0,-70.0
1777889069.1363325,-1.0,-5.0,-72.0
1777889069.1463325,0.0,-4.0,-75.0
1777889069.1563325,0.0,-6.0,-67.0
1777889069.1663325,5.0,-7.0,-66.0
1777889069.1763325,6.0,-6.0,-70.0
1777889069.1863325,4.0,-7.0,-69.0
1777889069.1963325,7.0,-6.0,-66.0
1777889069.2063324,4.0,-3.0,-65.0
1777889069.2163324,6.0,-4.0,-66.0
1777889069.2263324,6.0,-6.0,-67.0
1777889069.2363324,4.0,-8.0,-69.0
1777889069.2463324,3.0,-6.0,-69.0
1777889069.2563324,6.0,-8.0,-78.0
1777889069.2663324,2.0,-9.0,-83.0
1777889069.2763324,2.0,-7.0,-76.0
1777889069.2863324,4.0,-3.0,-72.0
1777889069.2963324,6.0,-5.0,-78.0
1777889069.3063323,7.0,0.0,-80.0
1777889069.3163323,6.0,2.0,-87.0
1777889069.3263323,6.0,-1.0,-85.0
1777889069.3363323,6.0,-6.0,-86.0
1777889069.3463323,2.0,-4.0,-78.0
1777889069.3563323,3.0,-6.0,-78.0
1777889069.3663323,2.0,-5.0,-76.0
1777889069.3763323,1.0,-4.0,-69.0
1777889069.3863325,2.0,-3.0,-65.0
1777889069.3963325,2.0,-4.0,-70.0
1777889069.4063325,2.0,-9.0,-75.0
1777889069.4163325,-5.0,-6.0,-78.0
1777889069.4263325,-5.0,-4.0,-73.0
1777889069.4363325,-1.0,1.0,-77.0
1777889069.4463325,-4.0,0.0,-76.0
1777889069.4563324,0.0,0.0,-77.0
1777889069.4663324,0.0,-3.0,-78.0
1777889069.4763324,-1.0,-4.0,-77.0
1777889069.4863324,0.0,-4.0,-76.0
1777889069.4963324,2.0,0.0,-75.0
1777889069.5063324,6.0,-1.0,-74.0
1777889069.5163324,7.0,-1.0,-72.0
1777889069.5263324,3.0,2.0,-79.0
1777889069.5363324,5.0,3.0,-79.0
1777889069.5463324,-2.0,2.0,-76.0
1777889069.5563323,-2.0,-1.0,-74.0
1777889069.5663323,-4.0,1.0,-72.0
1777889069.5763323,-9.0,0.0,-69.0
1777889069.5863323,-11.0,0.0,-68.0
1777889069.5963323,-6.0,-2.0,-66.0
1777889069.6063323,0.0,1.0,-58.0
1777889069.6163323,-1.0,2.0,-61.0
1777889069.6263323,0.0,6.0,-65.0
1777889069.6363325,2.0,0.0,-69.0
1777889069.6463325,4.0,2.0,-70.0
1777889069.6563325,5.0,0.0,-72.0
1777889069.6663325,3.0,3.0,-71.0
1777889069.6763325,8.0,0.0,-73.0
1777889069.6863325,4.0,0.0,-76.0
1777889069.6963325,3.0,-5.0,-75.0
1777889069.7063324,7.0,-4.0,-68.0
1777889069.7163324,8.0,-3.0,-66.0
1777889069.7263324,5.0,-3.0,-60.0
1777889069.7363324,4.0,-3.0,-65.0
1777889069.7463324,0.0,0.0,-65.0
1777889069.7563324,0.0,0.0,-68.0
1777889069.7663324,0.0,-3.0,-75.0
1777889069.7763324,0.0,-4.0,-72.0
1777889069.7863324,-3.0,-5.0,-72.0
1777889069.7963324,-4.0,-1.0,-78.0
1777889069.8063323,0.0,1.0,-78.0
1777889069.8163323,1.0,2.0,-72.0
1777889069.8263323,0.0,0.0,-78.0
1777889069.8363323,0.0,0.0,-77.0
1777889069.8463323,0.0,0.0,-77.0
1777889069.8563323,-3.0,-1.0,-78.0
1777889069.8663323,-1.0,0.0,-72.0
1777889069.8763323,6.0,-2.0,-73.0
1777889069.8863325,3.0,-6.0,-76.0
1777889069.8963325,4.0,-2.0,-82.0
1777889069.9063325,9.0,-1.0,-77.0
1777889069.9163325,5.0,-1.0,-77.0
1777889069.9263325,6.0,2.0,-79.0
1777889069.9363325,8.0,1.0,-79.0
1777889069.9463325,7.0,0.0,-73.0
1777889069.9563324,5.0,3.0,-73.0
1777889069.9663324,6.0,0.0,-70.0
1777889069.9763324,10.0,0.0,-72.0
1777889069.9863324,7.0,2.0,-70.0
1777889069.9963324,3.0,-4.0,-71.0
1777889070.0063324,1.0,-11.0,-72.0
1777889070.0163324,3.0,-5.0,-72.0
1777889070.0263324,-1.0,-5.0,-70.0
1777889070.0363324,0.0,-8.0,-70.0
1777889070.0463324,3.0,-5.0,-67.0
1777889070.0563323,3.0,-1.0,-75.0
1777889070.0663323,4.0,-2.0,-79.0
1777889070.0763323,1.0,-3.0,-84.0
1777889070.0863323,3.0,-1.0,-91.0
1777889070.0963323,2.0,0.0,-86.0
1777889070.1063323,1.0,0.0,-83.0
1777889070.1163323,2.0,0.0,-82.0
1777889070.1263323,-2.0,0.0,-78.0
1777889070.1363325,-3.0,-3.0,-75.0
1777889070.1463325,-1.0,-4.0,-78.0
1777889070.1563325,2.0,-5.0,-81.0
1777889070.1663325,3.0,-9.0,-87.0
1777889070.1763325,0.0,-5.0,-82.0
1777889070.1863325,-4.0,0.0,-73.0
1777889070.1963325,-2.0,-1.0,-75.0
1777889070.2063324,0.0,-2.0,-82.0
1777889070.2163324,5.0,0.0,-83.0
1777889070.2263324,3.0,0.0,-89.0
1777889070.2363324,5.0,0.0,-84.0
1777889070.2463324,1.0,0.0,-89.0
1777889070.2563324,-2.0,0.0,-81.0
1777889070.2663324,-2.0,0.0,-81.0
1777889070.2763324,-3.0,3.0,-86.0
1777889070.2863324,-6.0,3.0,-82.0
1777889070.2963324,-4.0,2.0,-87.0
1777889070.3063323,-1.0,0.0,-82.0
1777889070.3173325,0.0,-1.0,-74.0
1777889070.3263323,1.0,-3.0,-67.0
1777889070.3363323,0.0,0.0,-69.0
1777889070.3473325,-2.0,1.0,-66.0
1777889070.3573325,-2.0,0.0,-65.0
1777889070.3673325,-4.0,0.0,-70.0
1777889070.3773324,-1.0,0.0,-73.0
1777889070.3873324,-1.0,2.0,-75.0
1777889070.3973324,1.0,0.0,-71.0
1777889070.4073324,1.0,-2.0,-66.0
1777889070.4173324,4.0,0.0,-63.0
1777889070.4273324,10.0,-2.0,-66.0
1777889070.4373324,4.0,-3.0,-69.0
1777889070.4473324,-4.0,-3.0,-72.0
1777889070.4573324,-6.0,-1.0,-75.0
1777889070.4673324,-5.0,-1.0,-70.0
1777889070.4773324,-9.0,-3.0,-70.0
1777889070.4873323,0.0,-3.0,-66.0
1777889070.4973323,-1.0,-1.0,-66.0
1777889070.5073323,0.0,2.0,-62.0
1777889070.5173323,3.0,0.0,-64.0
1777889070.5273323,3.0,-1.0,-75.0
1777889070.5373323,1.0,0.0,-73.0
1777889070.5473323,0.0,-1.0,-74.0
1777889070.5573325,3.0,-2.0,-70.0
1777889070.5673325,1.0,-4.0,-70.0
1777889070.5773325,1.0,-4.0,-76.0
1777889070.5873325,0.0,-1.0,-79.0
1777889070.5973325,-2.0,-1.0,-73.0
1777889070.6073325,0.0,-6.0,-72.0
1777889070.6173325,0.0,-6.0,-78.0
1777889070.6273324,-1.0,-3.0,-74.0
1777889070.6373324,0.0,-2.0,-75.0
1777889070.6473324,4.0,0.0,-75.0
1777889070.6573324,2.0,0.0,-70.0
1777889070.6673324,0.0,-2.0,-72.0
1777889070.6773324,1.0,-3.0,-74.0
1777889070.6873324,2.0,-4.0,-78.0
1777889070.6973324,4.0,-3.0,-77.0
1777889070.7073324,6.0,-3.0,-81.0
1777889070.7173324,2.0,-1.0,-85.0
1777889070.7273324,0.0,-3.0,-88.0
1777889070.7373323,2.0,1.0,-91.0
1777889070.7473323,0.0,3.0,-94.0
1777889070.7573323,0.0,4.0,-88.0
1777889070.7673323,-1.0,0.0,-90.0
1777889070.7773323,3.0,-2.0,-85.0
1777889070.7873323,8.0,-3.0,-87.0
1777889070.7973323,9.0,-2.0,-82.0
1777889070.8073325,7.0,-4.0,-78.0
1777889070.8173325,2.0,-3.0,-69.0
1777889070.8273325,-1.0,-4.0,-73.0
1777889070.8373325,-6.0,-9.0,-71.0
1777889070.8473325,-4.0,-7.0,-75.0
1777889070.8573325,-2.0,-6.0,-74.0
1777889070.8673325,-2.0,-7.0,-77.0
1777889070.8773324,-1.0,-8.0,-76.0
1777889070.8873324,-5.0,-2.0,-77.0
1777889070.8973324,0.0,-1.0,-78.0
1777889070.9073324,2.0,-3.0,-79.0
1777889070.9173324,2.0,-5.0,-74.0
1777889070.9273324,0.0,-3.0,-67.0
1777889070.9373324,-2.0,-2.0,-67.0
1777889070.9473324,1.0,-1.0,-72.0
1777889070.9573324,4.0,1.0,-73.0
1777889070.9673324,5.0,0.0,-76.0
1777889070.9773324,0.0,1.0,-72.0
1777889070.9873323,0.0,0.0,-78.0
1777889070.9973323,-1.0,-2.0,-83.0
1777889071.0073323,1.0,-4.0,-84.0
1777889071.0173323,3.0,1.0,-81.0
1777889071.0273323,0.0,2.0,-81.0
1777889071.0373323,0.0,0.0,-81.0
1777889071.0473323,-2.0,0.0,-83.0
1777889071.0573325,0.0,0.0,-86.0
1777889071.0673325,0.0,-1.0,-86.0
1777889071.0773325,0.0,-3.0,-88.0
1777889071.0873325,-1.0,-2.0,-85.0
1777889071.0973325,-2.0,-5.0,-79.0
1777889071.1073325,-2.0,-2.0,-72.0
1777889071.1173325,-1.0,2.0,-77.0
1777889071.1273324,0.0,-3.0,-76.0
1777889071.1373324,0.0,-1.0,-77.0
1777889071.1473324,1.0,-2.0,-74.0
1777889071.1573324,0.0,-3.0,-69.0
1777889071.1673324,0.0,-5.0,-71.0
1777889071.1773324,3.0,-5.0,-79.0
1777889071.1873324,4.0,-3.0,-88.0
1777889071.1973324,3.0,-5.0,-88.0
1777889071.2073324,4.0,-4.0,-84.0
1777889071.2173324,5.0,-1.0,-81.0
1777889071.2273324,4.0,-1.0,-84.0
1777889071.2373323,4.0,-3.0,-82.0
1777889071.2473323,2.0,-9.0,-75.0
1777889071.2573323,0.0,-8.0,-74.0
1777889071.2673323,3.0,-5.0,-77.0
1777889071.2773323,4.0,-2.0,-83.0
1777889071.2873323,1.0,-6.0,-83.0
1777889071.2973323,2.0,-7.0,-83.0
1777889071.3073325,2.0,0.0,-90.0
1777889071.3173325,1.0,0.0,-85.0
1777889071.3273325,2.0,0.0,-85.0
1777889071.3373325,2.0,0.0,-87.0
1777889071.3473325,0.0,2.0,-87.0
1777889071.3573325,3.0,2.0,-83.0
1777889071.3673325,4.0,-1.0,-85.0
1777889071.3773324,3.0,-2.0,-78.0
1777889071.3873324,0.0,-3.0,-68.0
1777889071.3973324,-5.0,0.0,-69.0
1777889071.4073324,-7.0,-1.0,-71.0
1777889071.4173324,-9.0,0.0,-77.0
1777889071.4273324,-10.0,-2.0,-79.0
1777889071.4373324,-10.0,0.0,-75.0
1777889071.4473324,-4.0,-2.0,-68.0
1777889071.4573324,-1.0,-1.0,-71.0
1777889071.4673324,1.0,0.0,-69.0
1777889071.4773324,3.0,0.0,-70.0
1777889071.4873323,6.0,-1.0,-68.0
1777889071.4973323,7.0,0.0,-71.0
1777889071.5073323,11.0,0.0,-68.0
1777889071.5173323,13.0,0.0,-71.0
1777889071.5273323,13.0,-1.0,-73.0
1777889071.5373323,11.0,-4.0,-74.0
1777889071.5473323,10.0,0.0,-79.0
1777889071.5573325,6.0,-2.0,-80.0
1777889071.5673325,1.0,-5.0,-76.0
1777889071.5773325,5.0,-4.0,-75.0
1777889071.5873325,-1.0,-5.0,-73.0
1777889071.5973325,-4.0,-2.0,-70.0
1777889071.6073325,-4.0,-2.0,-68.0
1777889071.6173325,-3.0,-5.0,-69.0
1777889071.6273324,-2.0,-2.0,-71.0
1777889071.6373324,-1.0,-1.0,-64.0
1777889071.6473324,-6.0,0.0,-75.0
1777889071.6573324,-5.0,0.0,-72.0
1777889071.6673324,-8.0,1.0,-75.0
1777889071.6773324,-9.0,0.0,-80.0
1777889071.6873324,-4.0,0.0,-78.0
1777889071.6973324,-3.0,-4.0,-76.0
1777889071.7073324,-6.0,-3.0,-80.0
1777889071.7173324,-5.0,1.0,-77.0
1777889071.7273324,-2.0,2.0,-78.0
1777889071.7373323,-1.0,-1.0,-83.0
1777889071.7473323,-6.0,-1.0,-87.0
1777889071.7573323,-3.0,0.0,-86.0
1777889071.7673323,0.0,0.0,-84.0
1777889071.7773323,1.0,-1.0,-78.0
1777889071.7873323,4.0,1.0,-81.0
1777889071.7973323,2.0,1.0,-80.0
1777889071.8073325,3.0,2.0,-82.0
1777889071.8173325,1.0,2.0,-85.0
1777889071.8273325,3.0,4.0,-79.0
1777889071.8373325,5.0,2.0,-76.0
1777889071.8473325,3.0,-1.0,-77.0
1777889071.8573325,5.0,-2.0,-75.0
1777889071.8673325,6.0,0.0,-70.0
1777889071.8773324,6.0,1.0,-69.0
1777889071.8873324,9.0,-5.0,-69.0
1777889071.8973324,7.0,-3.0,-76.0
1777889071.9073324,8.0,-5.0,-78.0
1777889071.9173324,6.0,-7.0,-75.0
1777889071.9273324,3.0,-6.0,-79.0
1777889071.9373324,-1.0,-6.0,-78.0
1777889071.9473324,-3.0,-4.0,-77.0
1777889071.9573324,0.0,-8.0,-79.0
1777889071.9673324,0.0,-7.0,-80.0
1777889071.9773324,-2.0,-10.0,-81.0
1777889071.9873323,-8.0,-8.0,-80.0
1777889071.9973323,-6.0,-5.0,-81.0
1777889072.0073323,0.0,-3.0,-85.0
1777889072.0173323,4.0,0.0,-88.0
1777889072.0273323,3.0,0.0,-88.0
1777889072.0373323,4.0,0.0,-90.0
1777889072.0473323,7.0,1.0,-88.0
1777889072.0573325,7.0,3.0,-82.0
1777889072.0673325,4.0,0.0,-93.0
1777889072.0773325,3.0,-2.0,-96.0
1777889072.0873325,3.0,1.0,-97.0
1777889072.0973325,0.0,-1.0,-90.0
1777889072.1073325,-2.0,-1.0,-81.0
1777889072.1173325,-2.0,-2.0,-80.0
1777889072.1273324,-9.0,-4.0,-75.0
1777889072.1373324,-5.0,-7.0,-67.0
1777889072.1473324,-2.0,-7.0,-75.0
1777889072.1573324,1.0,-3.0,-76.0
1777889072.1673324,1.0,0.0,-76.0
1777889072.1773324,0.0,0.0,-80.0
1777889072.1873324,2.0,-1.0,-79.0
1777889072.1973324,6.0,-5.0,-83.0
1777889072.2073324,4.0,-7.0,-80.0
1777889072.2173324,2.0,-6.0,-82.0
1777889072.2273324,4.0,-2.0,-76.0
1777889072.2373323,4.0,3.0,-72.0
1777889072.2473323,1.0,4.0,-67.0
1777889072.2573323,3.0,1.0,-64.0
1777889072.2673323,1.0,1.0,-67.0
1777889072.2773323,3.0,0.0,-67.0
1777889072.2873323,7.0,0.0,-74.0
1777889072.2983325,1.0,-1.0,-73.0
1777889072.3073325,4.0,-2.0,-75.0
1777889072.3183324,5.0,-2.0,-74.0
1777889072.3283324,7.0,0.0,-80.0
1777889072.3383324,10.0,0.0,-71.0
1777889072.3483324,7.0,-2.0,-68.0
1777889072.3583324,5.0,-7.0,-67.0
1777889072.3683324,4.0,-8.0,-66.0
1777889072.3783324,5.0,-9.0,-67.0
1777889072.3883324,8.0,-8.0,-67.0
1777889072.3983324,8.0,-5.0,-60.0
1777889072.4083323,7.0,-3.0,-66.0
1777889072.4183323,5.0,3.0,-70.0
1777889072.4283323,6.0,2.0,-66.0
1777889072.4383323,6.0,4.0,-61.0
1777889072.4483323,2.0,1.0,-70.0
1777889072.4583323,3.0,0.0,-73.0
1777889072.4683323,3.0,7.0,-76.0
1777889072.4783323,2.0,6.0,-78.0
1777889072.4883325,4.0,3.0,-69.0
1777889072.4983325,3.0,4.0,-74.0
1777889072.5083325,5.0,3.0,-71.0
1777889072.5183325,4.0,-1.0,-69.0
1777889072.5283325,0.0,-2.0,-65.0
1777889072.5383325,3.0,-3.0,-70.0
1777889072.5483325,6.0,-6.0,-76.0
1777889072.5583324,3.0,-5.0,-74.0
1777889072.5683324,0.0,0.0,-80.0
1777889072.5783324,2.0,0.0,-76.0
1777889072.5883324,0.0,-2.0,-82.0
1777889072.5983324,0.0,-3.0,-81.0
1777889072.6083324,-5.0,-1.0,-74.0
1777889072.6183324,-8.0,-1.0,-71.0
1777889072.6283324,-8.0,-1.0,-68.0
1777889072.6383324,-6.0,1.0,-72.0
1777889072.6483324,-8.0,0.0,-77.0
1777889072.6583323,-6.0,-5.0,-77.0
1777889072.6683323,-5.0,-9.0,-79.0
1777889072.6783323,-5.0,-9.0,-76.0
1777889072.6883323,-2.0,-5.0,-70.0
1777889072.6983323,-5.0,-8.0,-68.0
1777889072.7083323,-1.0,-10.0,-72.0
1777889072.7183323,-2.0,-13.0,-76.0
1777889072.7283323,-2.0,-10.0,-74.0
1777889072.7383325,0.0,-11.0,-71.0
1777889072.7483325,3.0,-7.0,-70.0
1777889072.7583325,5.0,-8.0,-75.0
1777889072.7683325,5.0,-6.0,-74.0
1777889072.7783325,0.0,-9.0,-69.0
1777889072.7883325,-4.0,-5.0,-76.0
1777889072.7983325,-5.0,-3.0,-83.0
1777889072.8083324,-1.0,-3.0,-83.0
1777889072.8183324,-1.0,-2.0,-81.0
1777889072.8283324,1.0,0.0,-81.0
1777889072.8383324,-1.0,-2.0,-83.0
1777889072.8483324,-1.0,0.0,-84.0
1777889072.8583324,0.0,0.0,-89.0
1777889072.8683324,4.0,1.0,-86.0
1777889072.8783324,5.0,-2.0,-88.0
1777889072.8883324,3.0,0.0,-91.0
1777889072.8983324,5.0,-1.0,-87.0
1777889072.9083323,2.0,-3.0,-86.0
1777889072.9183323,6.0,-4.0,-84.0
1777889072.9283323,4.0,-2.0,-81.0
1777889072.9383323,1.0,-1.0,-76.0
1777889072.9483323,0.0,-2.0,-78.0
1777889072.9583323,0.0,-2.0,-81.0
1777889072.9683323,6.0,-3.0,-81.0
1777889072.9783323,8.0,-2.0,-82.0
1777889072.9883325,6.0,-3.0,-76.0
1777889072.9983325,9.0,-3.0,-77.0
1777889073.0083325,3.0,-1.0,-77.0
1777889073.0183325,1.0,-1.0,-76.0
1777889073.0283325,1.0,1.0,-84.0
1777889073.0383325,1.0,0.0,-75.0
1777889073.0483325,1.0,0.0,-80.0
1777889073.0583324,-1.0,-3.0,-85.0
1777889073.0683324,-4.0,0.0,-77.0
1777889073.0783324,-4.0,-1.0,-78.0
1777889073.0883324,0.0,1.0,-77.0
1777889073.0983324,1.0,2.0,-80.0
1777889073.1083324,4.0,3.0,-77.0
1777889073.1183324,8.0,4.0,-67.0
1777889073.1283324,5.0,0.0,-72.0
1777889073.1383324,3.0,1.0,-68.0
1777889073.1483324,11.0,0.0,-60.0
1777889073.1583323,7.0,1.0,-66.0
1777889073.1683323,8.0,-2.0,-63.0
1777889073.1783323,8.0,-6.0,-72.0
1777889073.1883323,5.0,-10.0,-79.0
1777889073.1983323,4.0,-9.0,-78.0
1777889073.2083323,2.0,-8.0,-71.0
1777889073.2183323,-3.0,-5.0,-79.0
1777889073.2283323,-6.0,-6.0,-86.0
1777889073.2383325,-2.0,-10.0,-90.0
1777889073.2483325,0.0,-11.0,-86.0
1777889073.2583325,2.0,-6.0,-84.0
1777889073.2683325,7.0,-2.0,-82.0
1777889073.2783325,5.0,-2.0,-86.0
1777889073.2883325,2.0,-3.0,-85.0
1777889073.2983325,4.0,-3.0,-81.0
1777889073.3083324,5.0,-3.0,-76.0
1777889073.3183324,4.0,-4.0,-72.0
1777889073.3283324,4.0,-1.0,-76.0
1777889073.3383324,5.0,0.0,-72.0
1777889073.3483324,4.0,1.0,-72.0
1777889073.3583324,4.0,-1.0,-70.0
1777889073.3683324,3.0,-2.0,-72.0
1777889073.3783324,1.0,-6.0,-77.0
1777889073.3883324,2.0,-10.0,-72.0
1777889073.3983324,0.0,-12.0,-78.0
1777889073.4083323,-1.0,-11.0,-83.0
1777889073.4183323,0.0,-6.0,-83.0
1777889073.4283323,4.0,-6.0,-86.0
1777889073.4383323,5.0,-6.0,-78.0
1777889073.4483323,7.0,-4.0,-74.0
1777889073.4583323,3.0,-7.0,-72.0
1777889073.4683323,4.0,-8.0,-70.0
1777889073.4783323,1.0,-7.0,-75.0
1777889073.4883325,1.0,-3.0,-76.0
1777889073.4983325,0.0,-2.0,-77.0
1777889073.5083325,2.0,1.0,-79.0
1777889073.5183325,0.0,1.0,-73.0
1777889073.5283325,0.0,7.0,-73.0
1777889073.5383325,-2.0,9.0,-75.0
1777889073.5483325,-1.0,11.0,-71.0
1777889073.5583324,0.0,8.0,-69.0
1777889073.5683324,0.0,2.0,-70.0
1777889073.5783324,0.0,3.0,-63.0
1777889073.5883324,2.0,6.0,-60.0
1777889073.5983324,2.0,5.0,-61.0
1777889073.6083324,4.0,5.0,-64.0
1777889073.6183324,4.0,3.0,-66.0
1777889073.6283324,4.0,4.0,-60.0
1777889073.6383324,3.0,0.0,-62.0
1777889073.6483324,3.0,-3.0,-61.0
1777889073.6583323,8.0,-4.0,-64.0
1777889073.6683323,6.0,-4.0,-72.0
1777889073.6783323,6.0,-5.0,-75.0
1777889073.6883323,5.0,-1.0,-71.0
1777889073.6983323,3.0,0.0,-66.0
1777889073.7083323,8.0,0.0,-66.0
1777889073.7183323,9.0,4.0,-68.0
1777889073.7283323,5.0,3.0,-74.0
1777889073.7383325,5.0,1.0,-78.0
1777889073.7483325,9.0,1.0,-72.0
1777889073.7583325,4.0,2.0,-71.0
1777889073.7683325,3.0,1.0,-67.0
1777889073.7783325,11.0,1.0,-65.0
1777889073.7883325,10.0,0.0,-72.0
1777889073.7983325,8.0,-3.0,-73.0
1777889073.8083324,9.0,-3.0,-71.0
1777889073.8183324,7.0,-3.0,-64.0
1777889073.8283324,6.0,-4.0,-60.0
1777889073.8383324,2.0,-3.0,-62.0
1777889073.8483324,6.0,-5.0,-64.0
1777889073.8583324,8.0,-6.0,-67.0
1777889073.8683324,6.0,-5.0,-75.0
1777889073.8783324,7.0,0.0,-80.0
1777889073.8883324,3.0,0.0,-82.0
1777889073.8983324,4.0,0.0,-81.0
1777889073.9083323,2.0,2.0,-80.0
1777889073.9183323,1.0,0.0,-78.0
1777889073.9283323,1.0,-2.0,-79.0
1777889073.9383323,0.0,0.0,-78.0
1777889073.9483323,0.0,0.0,-82.0
1777889073.9583323,-1.0,0.0,-81.0
1777889073.9683323,-3.0,4.0,-79.0
1777889073.9783323,-3.0,6.0,-79.0
1777889073.9883325,0.0,4.0,-84.0
1777889073.9983325,2.0,1.0,-81.0
1777889074.0083325,1.0,0.0,-75.0
1777889074.0183325,-3.0,-4.0,-70.0
1777889074.0283325,-1.0,-7.0,-71.0
1777889074.0383325,0.0,-6.0,-74.0
1777889074.0483325,3.0,-1.0,-75.0
1777889074.0583324,3.0,0.0,-72.0
1777889074.0683324,2.0,2.0,-74.0
1777889074.0783324,1.0,1.0,-78.0
1777889074.0883324,4.0,1.0,-81.0
1777889074.0983324,0.0,-1.0,-81.0
1777889074.1083324,3.0,-1.0,-81.0
1777889074.1183324,-3.0,-3.0,-83.0
1777889074.1283324,-5.0,-8.0,-89.0
1777889074.1383324,0.0,-5.0,-87.0
1777889074.1483324,3.0,-2.0,-85.0
1777889074.1583323,4.0,-4.0,-85.0
1777889074.1683323,2.0,-2.0,-85.0
1777889074.1783323,0.0,-4.0,-84.0
1777889074.1883323,-2.0,-8.0,-84.0
1777889074.1983323,0.0,-8.0,-83.0
1777889074.2083323,-1.0,-9.0,-76.0
1777889074.2183323,2.0,-8.0,-78.0
1777889074.2283323,1.0,-2.0,-71.0
1777889074.2393324,3.0,0.0,-80.0
1777889074.2483325,0.0,3.0,-82.0
1777889074.2583325,0.0,1.0,-80.0
1777889074.2683325,-2.0,0.0,-76.0
1777889074.2793324,-2.0,4.0,-75.0
1777889074.2893324,-3.0,0.0,-70.0
1777889074.2993324,-1.0,5.0,-73.0
1777889074.3093324,0.0,1.0,-70.0
1777889074.3183324,3.0,2.0,-71.0
1777889074.3293324,3.0,-2.0,-70.0
1777889074.3393323,4.0,-1.0,-75.0
1777889074.3493323,10.0,-4.0,-75.0
1777889074.3593323,14.0,0.0,-72.0
1777889074.3693323,7.0,0.0,-74.0
1777889074.3793323,0.0,-3.0,-74.0
1777889074.3893323,1.0,-4.0,-74.0
1777889074.3993323,1.0,-2.0,-74.0
1777889074.4093325,5.0,-4.0,-72.0
1777889074.4193325,6.0,-6.0,-67.0
1777889074.4293325,2.0,-5.0,-59.0
1777889074.4393325,2.0,-5.0,-58.0
1777889074.4493325,-1.0,-5.0,-67.0
1777889074.4593325,-7.0,-5.0,-71.0
1777889074.4693325,-8.0,-3.0,-72.0
1777889074.4793324,-7.0,-1.0,-77.0
1777889074.4893324,-2.0,-5.0,-80.0
1777889074.4993324,0.0,-2.0,-75.0
1777889074.5093324,0.0,-3.0,-75.0
1777889074.5193324,0.0,-1.0,-72.0
1777889074.5293324,1.0,-3.0,-67.0
1777889074.5393324,4.0,0.0,-64.0
1777889074.5493324,5.0,-3.0,-70.0
1777889074.5593324,8.0,-5.0,-73.0
1777889074.5693324,8.0,-4.0,-68.0
1777889074.5793324,2.0,-2.0,-65.0
1777889074.5893323,0.0,-1.0,-66.0
1777889074.5993323,3.0,0.0,-64.0
1777889074.6093323,4.0,1.0,-65.0
1777889074.6193323,6.0,0.0,-68.0
1777889074.6293323,9.0,-1.0,-64.0
1777889074.6393323,9.0,-5.0,-71.0
1777889074.6493323,3.0,-5.0,-72.0
1777889074.6593325,-1.0,-2.0,-77.0
1777889074.6693325,0.0,0.0,-84.0
1777889074.6793325,0.0,2.0,-79.0
1777889074.6893325,1.0,4.0,-75.0
1777889074.6993325,2.0,7.0,-76.0
1777889074.7093325,4.0,4.0,-78.0
1777889074.7193325,8.0,2.0,-85.0
1777889074.7293324,6.0,0.0,-89.0
1777889074.7393324,2.0,4.0,-80.0
1777889074.7493324,1.0,5.0,-78.0
1777889074.7593324,4.0,4.0,-74.0
1777889074.7693324,7.0,5.0,-80.0
1777889074.7793324,8.0,7.0,-82.0
1777889074.7893324,5.0,4.0,-86.0
1777889074.7993324,4.0,0.0,-74.0
1777889074.8093324,5.0,0.0,-66.0
1777889074.8193324,4.0,0.0,-63.0
1777889074.8293324,3.0,-1.0,-64.0
1777889074.8393323,3.0,-1.0,-66.0
1777889074.8493323,4.0,-1.0,-69.0
1777889074.8593323,8.0,2.0,-71.0
1777889074.8693323,1.0,0.0,-73.0
1777889074.8793323,1.0,0.0,-78.0
1777889074.8893323,2.0,-3.0,-76.0
1777889074.8993323,-2.0,2.0,-76.0
1777889074.9093325,-3.0,5.0,-72.0
1777889074.9193325,-3.0,5.0,-80.0
1777889074.9293325,-2.0,3.0,-77.0
1777889074.9393325,2.0,-1.0,-78.0
1777889074.9493325,2.0,-6.0,-70.0
1777889074.9593325,2.0,-6.0,-64.0
1777889074.9693325,3.0,-6.0,-67.0
1777889074.9793324,7.0,-8.0,-73.0
1777889074.9893324,6.0,-4.0,-73.0
1777889074.9993324,8.0,-3.0,-80.0
1777889075.0093324,6.0,-6.0,-78.0
1777889075.0193324,3.0,-6.0,-79.0
1777889075.0293324,0.0,-7.0,-80.0
1777889075.0393324,-1.0,-7.0,-76.0
1777889075.0493324,-3.0,-8.0,-75.0
1777889075.0593324,-5.0,-3.0,-75.0
1777889075.0693324,-3.0,-3.0,-72.0
1777889075.0793324,-2.0,0.0,-67.0
1777889075.0893323,-1.0,-3.0,-64.0
1777889075.0993323,-3.0,-3.0,-68.0
1777889075.1093323,-6.0,1.0,-60.0
1777889075.1193323,-8.0,0.0,-63.0
1777889075.1293323,-11.0,0.0,-68.0
1777889075.1393323,-9.0,0.0,-64.0
1777889075.1493323,-4.0,1.0,-66.0
1777889075.1593325,-1.0,1.0,-75.0
1777889075.1693325,-1.0,4.0,-72.0
1777889075.1793325,1.0,3.0,-69.0
1777889075.1893325,1.0,1.0,-69.0
1777889075.1993325,0.0,0.0,-66.0
1777889075.2093325,0.0,0.0,-75.0
1777889075.2193325,1.0,1.0,-80.0
1777889075.2293324,1.0,6.0,-80.0
1777889075.2393324,0.0,7.0,-72.0
1777889075.2493324,-2.0,5.0,-73.0
1777889075.2593324,0.0,6.0,-73.0
1777889075.2693324,4.0,5.0,-74.0
1777889075.2793324,8.0,9.0,-70.0
1777889075.2893324,5.0,4.0,-80.0
1777889075.2993324,4.0,2.0,-84.0
1777889075.3093324,1.0,0.0,-83.0
1777889075.3193324,0.0,1.0,-80.0
1777889075.3293324,-2.0,3.0,-73.0
1777889075.3393323,-5.0,4.0,-69.0
1777889075.3493323,-7.0,3.0,-70.0
1777889075.3593323,0.0,1.0,-63.0
1777889075.3693323,0.0,5.0,-65.0
1777889075.3793323,0.0,2.0,-65.0
1777889075.3893323,-4.0,-1.0,-68.0
1777889075.3993323,-6.0,0.0,-75.0
1777889075.4093325,-6.0,0.0,-71.0
1777889075.4193325,-2.0,3.0,-72.0
1777889075.4293325,5.0,3.0,-77.0
1777889075.4393325,7.0,1.0,-79.0
1777889075.4493325,7.0,4.0,-72.0
1777889075.4593325,4.0,3.0,-73.0
1777889075.4693325,6.0,2.0,-68.0
1777889075.4793324,6.0,2.0,-66.0
1777889075.4893324,6.0,4.0,-70.0
1777889075.4993324,5.0,1.0,-80.0
1777889075.5093324,3.0,1.0,-85.0
1777889075.5193324,-4.0,1.0,-81.0
1777889075.5293324,-3.0,3.0,-87.0
1777889075.5393324,-3.0,4.0,-85.0
1777889075.5493324,-4.0,2.0,-75.0
1777889075.5593324,-6.0,2.0,-77.0
1777889075.5693324,-5.0,1.0,-77.0
1777889075.5793324,-3.0,0.0,-73.0
1777889075.5893323,-3.0,0.0,-70.0
1777889075.5993323,-1.0,0.0,-76.0
1777889075.6093323,4.0,-3.0,-71.0
1777889075.6193323,3.0,-6.0,-66.0
1777889075.6293323,1.0,-3.0,-69.0
1777889075.6393323,4.0,0.0,-72.0
1777889075.6493323,6.0,-4.0,-72.0
1777889075.6593325,2.0,-1.0,-72.0
1777889075.6693325,3.0,-6.0,-75.0
1777889075.6793325,0.0,-6.0,-76.0
1777889075.6893325,-1.0,-7.0,-82.0
1777889075.6993325,0.0,-4.0,-87.0
1777889075.7093325,0.0,-2.0,-80.0
1777889075.7193325,0.0,-1.0,-80.0
1777889075.7293324,-2.0,-3.0,-76.0
1777889075.7393324,0.0,1.0,-70.0
1777889075.7493324,-2.0,0.0,-68.0
1777889075.7593324,0.0,0.0,-74.0
1777889075.7693324,-2.0,4.0,-69.0
1777889075.7793324,-2.0,-3.0,-70.0
1777889075.7893324,-3.0,-6.0,-72.0
1777889075.7993324,-4.0,-6.0,-74.0
1777889075.8093324,-5.0,-4.0,-74.0
1777889075.8193324,0.0,-3.0,-72.0
1777889075.8293324,0.0,-3.0,-72.0
1777889075.8393323,6.0,-4.0,-73.0
1777889075.8493323,6.0,0.0,-79.0
1777889075.8593323,0.0,-4.0,-80.0
1777889075.8693323,1.0,-3.0,-79.0
1777889075.8793323,3.0,0.0,-77.0
1777889075.8893323,4.0,1.0,-75.0
1777889075.8993323,2.0,0.0,-80.0
1777889075.9093325,-1.0,0.0,-79.0
1777889075.9193325,1.0,-4.0,-86.0
1777889075.9293325,-1.0,-4.0,-90.0
1777889075.9393325,0.0,-1.0,-88.0
1777889075.9493325,7.0,1.0,-82.0
1777889075.9593325,6.0,3.0,-81.0
1777889075.9693325,2.0,1.0,-84.0
1777889075.9793324,3.0,0.0,-83.0
1777889075.9893324,5.0,4.0,-85.0
1777889075.9993324,3.0,3.0,-87.0
1777889076.0093324,4.0,1.0,-81.0
1777889076.0193324,1.0,1.0,-74.0
1777889076.0293324,0.0,-5.0,-68.0
1777889076.0393324,0.0,-6.0,-70.0
1777889076.0493324,1.0,-9.0,-77.0
1777889076.0593324,5.0,-6.0,-74.0
1777889076.0693324,3.0,-3.0,-81.0
1777889076.0793324,0.0,0.0,-83.0
1777889076.0893323,3.0,-2.0,-79.0
1777889076.0993323,1.0,-4.0,-84.0
1777889076.1093323,0.0,-6.0,-83.0
1777889076.1193323,0.0,-3.0,-85.0
1777889076.1293323,5.0,-1.0,-80.0
1777889076.1393323,7.0,-3.0,-79.0
1777889076.1493323,6.0,-2.0,-81.0
1777889076.1593325,9.0,-2.0,-85.0
1777889076.1693325,6.0,-4.0,-82.0
1777889076.1793325,6.0,0.0,-80.0
1777889076.1893325,4.0,0.0,-78.0
1777889076.1993325,7.0,-2.0,-78.0
1777889076.2093325,3.0,-1.0,-71.0
1777889076.2193325,7.0,-1.0,-66.0
1777889076.2293324,3.0,0.0,-66.0
1777889076.2393324,2.0,0.0,-69.0
1777889076.2493324,5.0,5.0,-65.0
1777889076.2593324,1.0,3.0,-60.0
1777889076.2693324,0.0,5.0,-68.0
1777889076.2793324,0.0,3.0,-75.0
1777889076.2903323,0.0,0.0,-78.0
1777889076.3003323,2.0,2.0,-81.0
1777889076.3093324,-1.0,4.0,-77.0
1777889076.3203323,-2.0,6.0,-80.0
1777889076.3303325,-2.0,5.0,-76.0
1777889076.3403325,-1.0,6.0,-72.0
1777889076.3503325,-1.0,6.0,-71.0
1777889076.3603325,0.0,5.0,-71.0
1777889076.3703325,-3.0,4.0,-77.0
1777889076.3803325,-2.0,1.0,-77.0
1777889076.3903325,1.0,-2.0,-76.0
1777889076.4003325,0.0,-2.0,-86.0
1777889076.4103324,3.0,0.0,-84.0
1777889076.4203324,2.0,2.0,-78.0
1777889076.4303324,5.0,3.0,-75.0
1777889076.4403324,8.0,8.0,-76.0
1777889076.4503324,8.0,6.0,-74.0
1777889076.4603324,7.0,5.0,-78.0
1777889076.4703324,6.0,4.0,-77.0
1777889076.4803324,10.0,8.0,-80.0
1777889076.4903324,7.0,5.0,-75.0
1777889076.5003324,6.0,5.0,-77.0
1777889076.5103323,6.0,5.0,-77.0
1777889076.5203323,1.0,5.0,-77.0
1777889076.5303323,-1.0,1.0,-79.0
1777889076.5403323,-3.0,-1.0,-78.0
1777889076.5503323,-1.0,-3.0,-68.0
1777889076.5603323,0.0,-3.0,-67.0
1777889076.5703323,-2.0,-6.0,-71.0
1777889076.5803325,-7.0,-3.0,-70.0
1777889076.5903325,-8.0,-3.0,-73.0
1777889076.6003325,-6.0,1.0,-69.0
1777889076.6103325,-6.0,0.0,-69.0
1777889076.6203325,0.0,-2.0,-67.0
1777889076.6303325,3.0,-3.0,-72.0
1777889076.6403325,6.0,5.0,-75.0
1777889076.6503325,7.0,5.0,-74.0
1777889076.6603324,2.0,6.0,-77.0
1777889076.6703324,5.0,6.0,-78.0
1777889076.6803324,8.0,2.0,-74.0
1777889076.6903324,9.0,3.0,-73.0
1777889076.7003324,7.0,3.0,-79.0
1777889076.7103324,6.0,5.0,-78.0
1777889076.7203324,11.0,1.0,-74.0
1777889076.7303324,9.0,2.0,-74.0
1777889076.7403324,8.0,2.0,-72.0
1777889076.7503324,6.0,1.0,-76.0
1777889076.7603323,0.0,0.0,-77.0
1777889076.7703323,-1.0,0.0,-76.0
1777889076.7803323,-2.0,-5.0,-77.0
1777889076.7903323,-1.0,-6.0,-76.0
1777889076.8003323,-2.0,-5.0,-80.0
1777889076.8103323,3.0,-3.0,-77.0
1777889076.8203323,8.0,-2.0,-73.0
1777889076.8303325,8.0,-4.0,-75.0
1777889076.8403325,6.0,0.0,-77.0
1777889076.8503325,5.0,3.0,-77.0
1777889076.8603325,6.0,5.0,-76.0
1777889076.8703325,4.0,0.0,-79.0
1777889076.8803325,0.0,1.0,-83.0
1777889076.8903325,3.0,-1.0,-80.0
1777889076.9003325,3.0,0.0,-77.0
1777889076.9103324,4.0,0.0,-85.0
1777889076.9203324,3.0,0.0,-83.0
1777889076.9303324,2.0,0.0,-76.0
1777889076.9403324,4.0,-1.0,-78.0
1777889076.9503324,3.0,-2.0,-80.0
1777889076.9603324,0.0,-3.0,-79.0
1777889076.9703324,6.0,-6.0,-82.0
1777889076.9803324,1.0,-4.0,-84.0
1777889076.9903324,0.0,-5.0,-80.0
1777889077.0003324,-1.0,-1.0,-78.0
1777889077.0103323,0.0,0.0,-79.0
1777889077.0203323,2.0,-4.0,-73.0
1777889077.0303323,2.0,-6.0,-72.0
1777889077.0403323,0.0,-2.0,-68.0
1777889077.0503323,0.0,1.0,-66.0
1777889077.0603323,-2.0,2.0,-74.0
1777889077.0703323,-2.0,0.0,-78.0
1777889077.0803325,-1.0,-3.0,-77.0
1777889077.0903325,1.0,-2.0,-75.0
1777889077.1003325,0.0,0.0,-67.0
1777889077.1103325,0.0,-3.0,-71.0
1777889077.1203325,-2.0,-6.0,-69.0
1777889077.1303325,1.0,-4.0,-68.0
1777889077.1403325,-1.0,-4.0,-71.0
1777889077.1503325,0.0,-4.0,-72.0
1777889077.1603324,0.0,-3.0,-77.0
1777889077.1703324,1.0,-3.0,-85.0
1777889077.1803324,1.0,-1.0,-83.0
1777889077.1903324,0.0,-1.0,-83.0
1777889077.2003324,0.0,0.0,-79.0
1777889077.2103324,4.0,-1.0,-77.0
1777889077.2203324,2.0,0.0,-76.0
1777889077.2303324,4.0,0.0,-74.0
1777889077.2403324,3.0,2.0,-68.0
1777889077.2503324,6.0,0.0,-75.0
1777889077.2603323,4.0,0.0,-78.0
1777889077.2703323,3.0,0.0,-80.0
1777889077.2803323,4.0,3.0,-82.0
1777889077.2903323,2.0,4.0,-87.0
1777889077.3003323,0.0,3.0,-86.0
1777889077.3103323,-3.0,0.0,-88.0
1777889077.3203323,1.0,-2.0,-86.0
1777889077.3303325,3.0,-2.0,-87.0
1777889077.3403325,4.0,-4.0,-85.0
1777889077.3503325,4.0,-4.0,-88.0
1777889077.3603325,9.0,-2.0,-83.0
1777889077.3703325,8.0,-2.0,-79.0
1777889077.3803325,1.0,-5.0,-75.0
1777889077.3903325,1.0,-2.0,-75.0
1777889077.4003325,-1.0,-6.0,-81.0
1777889077.4103324,-1.0,-7.0,-75.0
1777889077.4203324,0.0,0.0,-82.0
1777889077.4303324,-2.0,4.0,-79.0
1777889077.4403324,-8.0,6.0,-73.0
1777889077.4503324,-5.0,5.0,-71.0
1777889077.4603324,-2.0,6.0,-75.0
1777889077.4703324,-2.0,8.0,-70.0
1777889077.4803324,-1.0,5.0,-68.0
1777889077.4903324,0.0,3.0,-77.0
1777889077.5003324,2.0,3.0,-71.0
1777889077.5103323,6.0,4.0,-64.0
1777889077.5203323,4.0,2.0,-61.0
1777889077.5303323,5.0,0.0,-68.0
1777889077.5403323,9.0,-3.0,-78.0
1777889077.5503323,7.0,-5.0,-78.0
1777889077.5603323,1.0,-3.0,-79.0
1777889077.5703323,6.0,-4.0,-79.0
1777889077.5803325,4.0,-7.0,-71.0
1777889077.5903325,3.0,-6.0,-70.0
1777889077.6003325,-4.0,-4.0,-68.0
1777889077.6103325,-5.0,-2.0,-75.0
1777889077.6203325,2.0,-2.0,-70.0
1777889077.6303325,2.0,-3.0,-72.0
1777889077.6403325,2.0,-3.0,-77.0
1777889077.6503325,3.0,-5.0,-81.0
1777889077.6603324,5.0,-4.0,-78.0
1777889077.6703324,10.0,-5.0,-74.0
1777889077.6803324,12.0,-3.0,-75.0
1777889077.6903324,4.0,0.0,-73.0
1777889077.7003324,3.0,-4.0,-72.0
1777889077.7103324,5.0,-2.0,-72.0
1777889077.7203324,2.0,-1.0,-73.0
1777889077.7303324,8.0,-1.0,-76.0
1777889077.7403324,2.0,1.0,-74.0
1777889077.7503324,0.0,0.0,-78.0
1777889077.7603323,4.0,-1.0,-74.0
1777889077.7703323,5.0,-1.0,-70.0
1777889077.7803323,4.0,-2.0,-74.0
1777889077.7903323,5.0,-5.0,-75.0
1777889077.8003323,4.0,0.0,-80.0
1777889077.8103323,0.0,0.0,-76.0
1777889077.8203323,0.0,0.0,-77.0
1777889077.8303325,0.0,0.0,-72.0
1777889077.8403325,-1.0,1.0,-73.0
1777889077.8503325,-3.0,-2.0,-80.0
1777889077.8603325,-2.0,-1.0,-83.0
1777889077.8703325,0.0,-6.0,-84.0
1777889077.8803325,-5.0,-3.0,-85.0
1777889077.8903325,-3.0,-4.0,-81.0
1777889077.9003325,-3.0,1.0,-84.0
1777889077.9103324,-5.0,2.0,-84.0
1777889077.9203324,-3.0,1.0,-81.0
1777889077.9303324,2.0,1.0,-81.0
1777889077.9403324,1.0,5.0,-79.0
1777889077.9503324,2.0,1.0,-79.0
1777889077.9603324,8.0,0.0,-76.0
1777889077.9703324,3.0,1.0,-74.0
1777889077.9803324,-1.0,0.0,-74.0
1777889077.9903324,3.0,0.0,-78.0
1777889078.0003324,4.0,0.0,-69.0
1777889078.0103323,7.0,1.0,-68.0
1777889078.0203323,10.0,0.0,-62.0
1777889078.0303323,6.0,1.0,-61.0
1777889078.0403323,5.0,-1.0,-73.0
1777889078.0503323,-3.0,-1.0,-72.0
1777889078.0603323,-4.0,3.0,-74.0
1777889078.0703323,-5.0,6.0,-69.0
1777889078.0803325,-5.0,4.0,-69.0
1777889078.0903325,-4.0,3.0,-67.0
1777889078.1003325,-4.0,2.0,-75.0
1777889078.1103325,-3.0,-1.0,-80.0
1777889078.1203325,-2.0,0.0,-86.0
1777889078.1303325,1.0,-6.0,-88.0
1777889078.1403325,0.0,-7.0,-86.0
1777889078.1503325,3.0,-3.0,-81.0
1777889078.1603324,1.0,-2.0,-86.0
1777889078.1703324,5.0,1.0,-83.0
1777889078.1803324,5.0,0.0,-82.0
1777889078.1903324,-2.0,-1.0,-82.0
1777889078.2003324,-1.0,2.0,-79.0
1777889078.2103324,0.0,0.0,-74.0
1777889078.2203324,0.0,2.0,-71.0
1777889078.2313323,2.0,2.0,-71.0
1777889078.2413323,7.0,1.0,-69.0
1777889078.2513323,3.0,2.0,-68.0
1777889078.2613325,0.0,1.0,-70.0
1777889078.2713325,0.0,1.0,-71.0
1777889078.2813325,1.0,4.0,-74.0
1777889078.2913325,3.0,5.0,-73.0
1777889078.3003323,4.0,0.0,-75.0
1777889078.3113325,4.0,0.0,-71.0
1777889078.3213325,1.0,0.0,-61.0
1777889078.3313324,2.0,-1.0,-62.0
1777889078.3413324,7.0,-3.0,-60.0
1777889078.3513324,10.0,-6.0,-61.0
1777889078.3613324,3.0,-7.0,-68.0
1777889078.3713324,4.0,-9.0,-64.0
1777889078.3813324,3.0,-6.0,-64.0
1777889078.3913324,6.0,-4.0,-71.0
1777889078.4013324,8.0,0.0,-71.0
1777889078.4113324,13.0,-3.0,-71.0
1777889078.4213324,10.0,-3.0,-76.0
1777889078.4313323,7.0,-8.0,-76.0
1777889078.4413323,4.0,-9.0,-74.0
1777889078.4513323,2.0,-10.0,-65.0
1777889078.4613323,0.0,-10.0,-61.0
1777889078.4713323,4.0,-10.0,-65.0
1777889078.4813323,0.0,-13.0,-64.0
1777889078.4913323,-2.0,-17.0,-61.0
1777889078.5013323,-6.0,-13.0,-62.0
1777889078.5113325,-3.0,-11.0,-67.0
1777889078.5213325,-1.0,-10.0,-68.0
1777889078.5313325,0.0,-5.0,-70.0
1777889078.5413325,0.0,-3.0,-71.0
1777889078.5513325,1.0,0.0,-69.0
1777889078.5613325,1.0,4.0,-73.0
1777889078.5713325,4.0,0.0,-74.0
1777889078.5813324,3.0,0.0,-78.0
1777889078.5913324,5.0,0.0,-74.0
1777889078.6013324,4.0,3.0,-71.0
1777889078.6113324,4.0,2.0,-66.0
1777889078.6213324,7.0,7.0,-63.0
1777889078.6313324,6.0,2.0,-61.0
1777889078.6413324,6.0,2.0,-65.0
1777889078.6513324,9.0,0.0,-62.0
1777889078.6613324,9.0,-3.0,-65.0
1777889078.6713324,4.0,0.0,-70.0
1777889078.6813323,1.0,-1.0,-77.0
1777889078.6913323,-2.0,-2.0,-74.0
1777889078.7013323,-1.0,0.0,-70.0
1777889078.7113323,3.0,0.0,-74.0
1777889078.7213323,3.0,0.0,-81.0
1777889078.7313323,1.0,0.0,-85.0
1777889078.7413323,4.0,2.0,-84.0
1777889078.7513323,3.0,-1.0,-83.0
1777889078.7613325,0.0,-2.0,-81.0
1777889078.7713325,-1.0,-5.0,-78.0
1777889078.7813325,0.0,-6.0,-73.0
1777889078.7913325,-1.0,-5.0,-79.0
1777889078.8013325,1.0,-5.0,-77.0
1777889078.8113325,0.0,-5.0,-78.0
1777889078.8213325,1.0,-4.0,-80.0
1777889078.8313324,0.0,-4.0,-83.0
1777889078.8413324,-1.0,-6.0,-84.0
1777889078.8513324,-4.0,-7.0,-82.0
1777889078.8613324,-6.0,-8.0,-76.0
1777889078.8713324,-2.0,-7.0,-68.0
1777889078.8813324,-3.0,-9.0,-69.0
1777889078.8913324,-7.0,-4.0,-71.0
1777889078.9013324,-9.0,-6.0,-72.0
1777889078.9113324,-9.0,-5.0,-68.0
1777889078.9213324,-7.0,-10.0,-69.0
1777889078.9313323,-3.0,-8.0,-71.0
1777889078.9413323,-4.0,-7.0,-72.0
1777889078.9513323,-4.0,-10.0,-66.0
1777889078.9613323,-6.0,-7.0,-60.0
1777889078.9713323,-7.0,-7.0,-58.0
1777889078.9813323,-6.0,-6.0,-69.0
1777889078.9913323,-4.0,-2.0,-69.0
1777889079.0013323,-1.0,-3.0,-70.0
1777889079.0113325,-1.0,-3.0,-71.0
1777889079.0213325,2.0,-2.0,-69.0
1777889079.0313325,-1.0,-3.0,-71.0
1777889079.0413325,2.0,-5.0,-75.0
1777889079.0513325,5.0,-2.0,-74.0
1777889079.0613325,1.0,-4.0,-80.0
1777889079.0713325,0.0,-5.0,-70.0
1777889079.0823324,-1.0,-6.0,-70.0
1777889079.0913324,-4.0,-1.0,-61.0
1777889079.1013324,-6.0,0.0,-66.0
1777889079.1113324,-8.0,1.0,-72.0
1777889079.1213324,-6.0,3.0,-74.0
1777889079.1313324,-8.0,6.0,-72.0
1777889079.1413324,-6.0,0.0,-75.0
1777889079.1513324,-2.0,0.0,-77.0
1777889079.1613324,0.0,2.0,-73.0
1777889079.1713324,4.0,2.0,-70.0
1777889079.1813323,7.0,0.0,-71.0
1777889079.1913323,7.0,-2.0,-76.0
1777889079.2013323,2.0,-4.0,-74.0
1777889079.2113323,2.0,-9.0,-74.0
1777889079.2213323,0.0,-3.0,-83.0
1777889079.2313323,2.0,-2.0,-80.0
1777889079.2413323,4.0,-3.0,-83.0
1777889079.2513323,3.0,-6.0,-78.0
1777889079.2613325,-1.0,-7.0,-74.0
1777889079.2713325,0.0,-5.0,-75.0
1777889079.2813325,0.0,0.0,-77.0
1777889079.2913325,-2.0,0.0,-82.0
1777889079.3013325,3.0,0.0,-82.0
1777889079.3113325,2.0,0.0,-84.0
1777889079.3213325,3.0,-3.0,-84.0
1777889079.3313324,-3.0,-4.0,-81.0
1777889079.3413324,-3.0,-5.0,-83.0
1777889079.3513324,0.0,-4.0,-84.0
1777889079.3613324,0.0,-3.0,-78.0
1777889079.3713324,2.0,-4.0,-82.0
1777889079.3813324,4.0,-3.0,-80.0
1777889079.3913324,2.0,1.0,-78.0
1777889079.4013324,1.0,0.0,-73.0
1777889079.4113324,3.0,0.0,-79.0
1777889079.4213324,5.0,-2.0,-84.0
1777889079.4313323,6.0,1.0,-84.0
1777889079.4413323,9.0,0.0,-82.0
1777889079.4513323,4.0,0.0,-80.0
1777889079.4613323,7.0,0.0,-79.0
1777889079.4713323,4.0,3.0,-71.0
1777889079.4813323,3.0,1.0,-78.0
1777889079.4913323,1.0,0.0,-76.0
1777889079.5013323,3.0,-2.0,-69.0
1777889079.5113325,3.0,0.0,-69.0
1777889079.5213325,0.0,1.0,-72.0
1777889079.5313325,1.0,2.0,-79.0
1777889079.5413325,-3.0,-1.0,-77.0
1777889079.5513325,-3.0,-3.0,-82.0
1777889079.5613325,-4.0,-5.0,-83.0
1777889079.5713325,-3.0,-6.0,-88.0
1777889079.5813324,-3.0,-3.0,-92.0
1777889079.5913324,-2.0,-1.0,-85.0
1777889079.6013324,-3.0,-1.0,-82.0
1777889079.6113324,-2.0,-3.0,-82.0
1777889079.6213324,-2.0,-7.0,-83.0
1777889079.6313324,-3.0,-9.0,-84.0
1777889079.6413324,-4.0,-7.0,-81.0
1777889079.6513324,-2.0,-2.0,-81.0
1777889079.6613324,0.0,1.0,-78.0
1777889079.6713324,-3.0,1.0,-74.0
1777889079.6813323,3.0,0.0,-75.0
1777889079.6913323,3.0,0.0,-66.0
1777889079.7013323,2.0,1.0,-66.0
1777889079.7113323,1.0,-1.0,-69.0
1777889079.7213323,-2.0,-4.0,-72.0
1777889079.7313323,0.0,-5.0,-74.0
1777889079.7413323,1.0,-2.0,-77.0
1777889079.7513323,1.0,-3.0,-81.0
1777889079.7613325,3.0,0.0,-84.0
1777889079.7713325,6.0,-2.0,-82.0
1777889079.7813325,9.0,-3.0,-84.0
1777889079.7913325,12.0,-4.0,-83.0
1777889079.8013325,10.0,-5.0,-80.0
1777889079.8113325,9.0,-6.0,-81.0
1777889079.8213325,6.0,-5.0,-79.0
1777889079.8313324,5.0,0.0,-74.0
1777889079.8413324,11.0,1.0,-68.0
1777889079.8513324,9.0,0.0,-71.0
1777889079.8613324,5.0,-3.0,-74.0
1777889079.8713324,4.0,-3.0,-79.0
1777889079.8813324,2.0,-4.0,-81.0
1777889079.8913324,2.0,-5.0,-81.0
1777889079.9013324,2.0,-6.0,-79.0
1777889079.9113324,2.0,-6.0,-80.0
1777889079.9213324,0.0,-2.0,-83.0
1777889079.9313323,2.0,-4.0,-76.0
1777889079.9413323,1.0,-4.0,-68.0
1777889079.9513323,2.0,-3.0,-72.0
1777889079.9613323,4.0,0.0,-68.0
1777889079.9713323,0.0,0.0,-70.0
1777889079.9813323,-2.0,-1.0,-74.0
1777889079.9913323,-6.0,0.0,-72.0
1777889080.0013323,-5.0,0.0,-73.0
1777889080.0113325,-3.0,1.0,-84.0
1777889080.0213325,-2.0,3.0,-87.0
1777889080.0313325,-4.0,2.0,-87.0
1777889080.0413325,-5.0,2.0,-80.0
1777889080.0513325,0.0,0.0,-85.0
1777889080.0613325,0.0,0.0,-83.0
1777889080.0713325,0.0,0.0,-85.0
1777889080.0813324,-4.0,0.0,-83.0
1777889080.0913324,2.0,-4.0,-74.0
1777889080.1013324,7.0,-9.0,-72.0
1777889080.1113324,2.0,-5.0,-76.0
1777889080.1213324,1.0,-6.0,-78.0
1777889080.1313324,-1.0,-3.0,-78.0
1777889080.1413324,0.0,-1.0,-73.0
1777889080.1513324,0.0,-3.0,-82.0
1777889080.1613324,-4.0,0.0,-90.0
1777889080.1713324,-3.0,0.0,-88.0
1777889080.1813323,-6.0,-3.0,-89.0
1777889080.1913323,-7.0,-6.0,-89.0
1777889080.2013323,-3.0,-6.0,-88.0
1777889080.2113323,-6.0,-5.0,-81.0
1777889080.2213323,0.0,-7.0,-76.0
1777889080.2323325,1.0,-5.0,-74.0
1777889080.2413323,2.0,-4.0,-80.0
1777889080.2523324,-2.0,-2.0,-79.0
1777889080.2623324,-5.0,-1.0,-76.0
1777889080.2723324,-6.0,-1.0,-75.0
1777889080.2823324,-3.0,-2.0,-76.0
1777889080.2923324,-4.0,-2.0,-75.0
1777889080.3023324,-3.0,0.0,-77.0
1777889080.3123324,0.0,3.0,-79.0
1777889080.3223324,1.0,2.0,-87.0
1777889080.3323324,3.0,-1.0,-86.0
1777889080.3423324,2.0,-4.0,-84.0
1777889080.3523324,0.0,-4.0,-82.0
1777889080.3623323,-2.0,-6.0,-75.0
1777889080.3723323,-2.0,-8.0,-73.0
1777889080.3823323,-3.0,-6.0,-78.0
1777889080.3923323,0.0,-4.0,-79.0
1777889080.4023323,0.0,-6.0,-83.0
1777889080.4123323,5.0,0.0,-80.0
1777889080.4223323,4.0,2.0,-80.0
1777889080.4323325,2.0,0.0,-85.0
1777889080.4423325,0.0,0.0,-81.0
1777889080.4523325,-2.0,0.0,-78.0
1777889080.4623325,-2.0,-1.0,-78.0
1777889080.4723325,0.0,-1.0,-74.0
1777889080.4823325,-6.0,2.0,-72.0
1777889080.4923325,-3.0,3.0,-66.0
1777889080.5023324,1.0,7.0,-74.0
1777889080.5123324,3.0,2.0,-77.0
1777889080.5223324,3.0,1.0,-82.0
1777889080.5323324,6.0,2.0,-80.0
1777889080.5423324,5.0,0.0,-82.0
1777889080.5523324,9.0,0.0,-75.0
1777889080.5623324,9.0,2.0,-75.0
1777889080.5723324,6.0,3.0,-76.0
1777889080.5823324,10.0,3.0,-70.0
1777889080.5923324,9.0,1.0,-71.0
1777889080.6023324,3.0,1.0,-75.0
1777889080.6123323,6.0,0.0,-73.0
1777889080.6223323,6.0,-3.0,-81.0
1777889080.6323323,4.0,-4.0,-72.0
1777889080.6423323,3.0,-6.0,-70.0
1777889080.6523323,3.0,-4.0,-71.0
1777889080.6623323,0.0,-3.0,-66.0
1777889080.6723323,3.0,-3.0,-60.0
1777889080.6823325,7.0,0.0,-62.0
1777889080.6923325,0.0,0.0,-66.0
1777889080.7023325,-4.0,0.0,-65.0
1777889080.7123325,1.0,-1.0,-68.0
1777889080.7223325,0.0,-1.0,-67.0
1777889080.7323325,0.0,-2.0,-67.0
1777889080.7423325,-6.0,-2.0,-70.0
1777889080.7523324,-10.0,-3.0,-72.0
1777889080.7623324,-11.0,-3.0,-73.0
1777889080.7723324,-10.0,-6.0,-72.0
1777889080.7823324,-9.0,-7.0,-79.0
1777889080.7923324,-9.0,-4.0,-81.0
1777889080.8023324,-5.0,-2.0,-84.0
1777889080.8123324,-1.0,-1.0,-81.0
1777889080.8223324,-1.0,0.0,-80.0
1777889080.8323324,-1.0,0.0,-80.0
1777889080.8423324,-1.0,0.0,-77.0
1777889080.8523324,0.0,1.0,-80.0
1777889080.8623323,-1.0,1.0,-73.0
1777889080.8723323,-7.0,4.0,-76.0
1777889080.8823323,-6.0,3.0,-73.0
1777889080.8923323,-5.0,2.0,-74.0
1777889080.9023323,0.0,0.0,-76.0
1777889080.9123323,1.0,3.0,-78.0
1777889080.9223323,-1.0,2.0,-80.0
1777889080.9323325,1.0,2.0,-77.0
1777889080.9423325,0.0,-1.0,-74.0
1777889080.9523325,0.0,-2.0,-74.0
1777889080.9623325,0.0,-7.0,-65.0
1777889080.9723325,1.0,-8.0,-61.0
1777889080.9823325,0.0,-4.0,-58.0
1777889080.9923325,0.0,-3.0,-65.0
1777889081.0023324,0.0,-7.0,-75.0
1777889081.0123324,0.0,-9.0,-77.0
1777889081.0223324,-6.0,-11.0,-71.0
1777889081.0323324,-2.0,-7.0,-70.0
1777889081.0423324,0.0,-7.0,-71.0
1777889081.0523324,0.0,-7.0,-72.0
1777889081.0623324,0.0,-7.0,-80.0
1777889081.0723324,0.0,-5.0,-82.0
1777889081.0823324,0.0,-9.0,-84.0
1777889081.0923324,-1.0,-6.0,-87.0
1777889081.1023324,-1.0,-4.0,-85.0
1777889081.1123323,0.0,-2.0,-83.0
1777889081.1223323,-2.0,-4.0,-77.0
1777889081.1323323,-4.0,-2.0,-79.0
1777889081.1423323,-8.0,0.0,-83.0
1777889081.1523323,-8.0,2.0,-81.0
1777889081.1623323,-5.0,3.0,-79.0
1777889081.1723323,-5.0,0.0,-74.0
1777889081.1823325,-10.0,-1.0,-78.0
1777889081.1923325,-10.0,-3.0,-84.0
1777889081.2023325,-9.0,-3.0,-83.0
1777889081.2123325,-4.0,-2.0,-79.0
1777889081.2223325,-2.0,-5.0,-75.0
1777889081.2323325,-2.0,-3.0,-69.0
1777889081.2423325,0.0,-3.0,-69.0
1777889081.2523324,4.0,-1.0,-66.0
1777889081.2623324,7.0,0.0,-64.0
1777889081.2723324,8.0,-1.0,-57.0
1777889081.2823324,5.0,-2.0,-62.0
1777889081.2923324,0.0,0.0,-69.0
1777889081.3023324,-5.0,0.0,-74.0
1777889081.3123324,-3.0,0.0,-77.0
1777889081.3223324,-2.0,-1.0,-81.0
1777889081.3323324,-1.0,-1.0,-77.0
1777889081.3423324,3.0,-1.0,-81.0
1777889081.3523324,0.0,0.0,-81.0
1777889081.3623323,0.0,-1.0,-79.0
1777889081.3723323,1.0,-1.0,-79.0
1777889081.3823323,1.0,-1.0,-84.0
1777889081.3923323,1.0,1.0,-92.0
1777889081.4023323,1.0,2.0,-80.0
1777889081.4123323,-1.0,3.0,-78.0
1777889081.4223323,1.0,3.0,-79.0
1777889081.4323325,-1.0,6.0,-78.0
1777889081.4423325,-1.0,9.0,-82.0
1777889081.4523325,-6.0,6.0,-74.0
1777889081.4623325,-9.0,7.0,-71.0
1777889081.4723325,-9.0,0.0,-73.0
1777889081.4823325,-7.0,-2.0,-72.0
1777889081.4923325,0.0,2.0,-70.0
1777889081.5023324,0.0,4.0,-72.0
1777889081.5123324,2.0,3.0,-75.0
1777889081.5223324,0.0,3.0,-80.0
1777889081.5323324,1.0,4.0,-77.0
1777889081.5423324,-4.0,7.0,-75.0
1777889081.5523324,0.0,6.0,-78.0
1777889081.5623324,4.0,5.0,-76.0
1777889081.5723324,1.0,4.0,-70.0
1777889081.5823324,0.0,4.0,-67.0
1777889081.5923324,-3.0,2.0,-65.0
1777889081.6023324,-7.0,5.0,-70.0
1777889081.6123323,-2.0,0.0,-74.0
1777889081.6223323,-5.0,0.0,-71.0
1777889081.6323323,-1.0,-6.0,-75.0
1777889081.6423323,-4.0,-7.0,-80.0
1777889081.6523323,-9.0,-6.0,-85.0
1777889081.6623323,-4.0,-7.0,-84.0
1777889081.6723323,-1.0,-6.0,-89.0
1777889081.6823325,1.0,-5.0,-87.0
1777889081.6923325,1.0,0.0,-83.0
1777889081.7023325,1.0,1.0,-79.0
1777889081.7123325,1.0,4.0,-79.0
1777889081.7223325,0.0,2.0,-71.0
1777889081.7323325,2.0,2.0,-72.0
1777889081.7423325,-3.0,2.0,-76.0
1777889081.7523324,-1.0,1.0,-77.0
1777889081.7623324,0.0,-1.0,-79.0
1777889081.7723324,-4.0,0.0,-80.0
1777889081.7823324,1.0,0.0,-83.0
1777889081.7923324,2.0,1.0,-84.0
1777889081.8023324,-2.0,2.0,-82.0
1777889081.8123324,0.0,3.0,-85.0
1777889081.8223324,3.0,4.0,-86.0
1777889081.8323324,3.0,3.0,-83.0
1777889081.8423324,5.0,1.0,-84.0
1777889081.8523324,3.0,-1.0,-81.0
1777889081.8623323,-1.0,-1.0,-82.0
1777889081.8723323,-5.0,-1.0,-83.0
1777889081.8823323,-4.0,-2.0,-76.0
1777889081.8923323,-2.0,-4.0,-71.0
1777889081.9023323,3.0,-2.0,-69.0
1777889081.9123323,3.0,-2.0,-76.0
1777889081.9223323,2.0,0.0,-77.0
1777889081.9323325,-1.0,-1.0,-77.0
1777889081.9423325,0.0,-2.0,-76.0
1777889081.9523325,0.0,-3.0,-78.0
1777889081.9623325,0.0,-5.0,-77.0
1777889081.9723325,3.0,-3.0,-76.0
1777889081.9823325,3.0,-2.0,-80.0
1777889081.9923325,2.0,0.0,-77.0
1777889082.0023324,0.0,-1.0,-83.0
1777889082.0123324,0.0,1.0,-83.0
1777889082.0223324,-4.0,0.0,-79.0
1777889082.0323324,-6.0,0.0,-76.0
1777889082.0423324,-1.0,-5.0,-77.0
1777889082.0523324,0.0,-4.0,-72.0
1777889082.0623324,1.0,-7.0,-74.0
1777889082.0723324,1.0,-6.0,-80.0
1777889082.0823324,1.0,-7.0,-74.0
1777889082.0923324,1.0,-8.0,-68.0
1777889082.1023324,-1.0,-4.0,-66.0
1777889082.1123323,-1.0,-4.0,-73.0
1777889082.1223323,3.0,-2.0,-82.0
1777889082.1323323,8.0,-2.0,-79.0
1777889082.1423323,5.0,-2.0,-85.0
1777889082.1523323,5.0,0.0,-78.0
1777889082.1623323,4.0,2.0,-79.0
1777889082.1723323,1.0,5.0,-81.0
1777889082.1823325,5.0,4.0,-81.0
1777889082.1923325,4.0,6.0,-80.0
1777889082.2023325,5.0,7.0,-81.0
1777889082.2133324,4.0,5.0,-74.0
1777889082.2233324,5.0,2.0,-78.0
1777889082.2333324,2.0,3.0,-70.0
1777889082.2433324,0.0,0.0,-77.0
1777889082.2533324,3.0,3.0,-79.0
1777889082.2633324,0.0,3.0,-80.0
1777889082.2733324,-1.0,4.0,-80.0
1777889082.2833323,-7.0,5.0,-80.0
1777889082.2933323,-3.0,7.0,-76.0
1777889082.3033323,-5.0,7.0,-75.0
1777889082.3133323,-3.0,5.0,-68.0
1777889082.3233323,-2.0,0.0,-70.0
1777889082.3333323,0.0,-4.0,-73.0
1777889082.3433323,0.0,-3.0,-78.0
1777889082.3533323,2.0,-5.0,-71.0
1777889082.3633325,1.0,-7.0,-71.0
1777889082.3733325,0.0,-6.0,-74.0
1777889082.3833325,-2.0,-7.0,-74.0
1777889082.3933325,-4.0,-7.0,-72.0
1777889082.4033325,-4.0,-5.0,-75.0
1777889082.4133325,-6.0,-3.0,-82.0
1777889082.4233325,-9.0,-5.0,-77.0
1777889082.4343324,-7.0,-2.0,-72.0
1777889082.4433324,-7.0,-4.0,-73.0
1777889082.4533324,-4.0,-5.0,-74.0
1777889082.4633324,-1.0,-9.0,-65.0
1777889082.4733324,-2.0,-4.0,-69.0
1777889082.4833324,-2.0,0.0,-66.0
1777889082.4933324,-6.0,1.0,-66.0
1777889082.5033324,-13.0,-1.0,-69.0
1777889082.5133324,-11.0,-5.0,-69.0
1777889082.5233324,-10.0,-5.0,-67.0
1777889082.5333323,-7.0,-4.0,-65.0
1777889082.5433323,-7.0,-1.0,-72.0
1777889082.5533323,-7.0,1.0,-72.0
1777889082.5633323,-3.0,0.0,-70.0
1777889082.5733323,-6.0,0.0,-74.0
1777889082.5833323,-6.0,2.0,-79.0
1777889082.5933323,-7.0,4.0,-79.0
1777889082.6033323,-4.0,2.0,-78.0
1777889082.6133325,-3.0,0.0,-73.0
1777889082.6233325,-1.0,2.0,-69.0
1777889082.6333325,0.0,2.0,-67.0
1777889082.6433325,-1.0,-3.0,-65.0
1777889082.6533325,-2.0,-2.0,-68.0
1777889082.6633325,1.0,-1.0,-68.0
1777889082.6733325,5.0,-4.0,-76.0
1777889082.6833324,1.0,0.0,-83.0
1777889082.6933324,-1.0,-2.0,-85.0
1777889082.7033324,1.0,0.0,-83.0
1777889082.7133324,1.0,1.0,-74.0
1777889082.7233324,0.0,-4.0,-77.0
1777889082.7333324,3.0,-3.0,-80.0
1777889082.7433324,3.0,1.0,-78.0
1777889082.7533324,1.0,0.0,-73.0
1777889082.7633324,0.0,-3.0,-73.0
1777889082.7733324,1.0,-2.0,-73.0
1777889082.7833323,0.0,-1.0,-81.0
1777889082.7933323,-1.0,-5.0,-78.0
1777889082.8033323,1.0,-5.0,-78.0
1777889082.8133323,0.0,-3.0,-72.0
1777889082.8233323,0.0,2.0,-69.0
1777889082.8333323,3.0,1.0,-64.0
1777889082.8433323,5.0,-1.0,-59.0
1777889082.8533323,0.0,0.0,-61.0
1777889082.8633325,1.0,0.0,-58.0
1777889082.8733325,2.0,2.0,-67.0
1777889082.8833325,4.0,-4.0,-65.0
1777889082.8933325,4.0,-7.0,-67.0
1777889082.9033325,8.0,-4.0,-59.0
1777889082.9133325,2.0,-2.0,-63.0
1777889082.9233325,-2.0,-2.0,-63.0
1777889082.9333324,-7.0,-2.0,-67.0
1777889082.9433324,-11.0,-4.0,-68.0
1777889082.9533324,-12.0,-1.0,-70.0
1777889082.9633324,-7.0,0.0,-71.0
1777889082.9733324,-6.0,3.0,-74.0
1777889082.9833324,-10.0,0.0,-74.0
1777889082.9933324,-14.0,-1.0,-69.0
1777889083.0033324,-8.0,1.0,-65.0
1777889083.0133324,-5.0,-1.0,-76.0
1777889083.0233324,-4.0,-3.0,-77.0
1777889083.0333323,-6.0,-6.0,-75.0
1777889083.0433323,-4.0,-2.0,-73.0
1777889083.0533323,-1.0,-2.0,-75.0
1777889083.0633323,3.0,-1.0,-74.0
1777889083.0733323,2.0,1.0,-80.0
1777889083.0833323,0.0,-4.0,-77.0
1777889083.0933323,-2.0,-1.0,-77.0
1777889083.1033323,-2.0,0.0,-78.0
1777889083.1133325,-1.0,-1.0,-78.0
1777889083.1233325,0.0,-1.0,-76.0
1777889083.1333325,1.0,0.0,-76.0
1777889083.1433325,5.0,0.0,-75.0
1777889083.1533325,5.0,-1.0,-74.0
1777889083.1633325,3.0,-1.0,-81.0
1777889083.1733325,4.0,-3.0,-87.0
1777889083.1833324,5.0,-3.0,-80.0
1777889083.1933324,0.0,-8.0,-77.0
1777889083.2033324,3.0,-9.0,-76.0
1777889083.2133324,6.0,-12.0,-71.0
1777889083.2233324,6.0,-11.0,-68.0
1777889083.2333324,0.0,-6.0,-71.0
1777889083.2433324,0.0,0.0,-81.0
1777889083.2533324,0.0,1.0,-84.0
1777889083.2633324,1.0,0.0,-81.0
1777889083.2733324,0.0,3.0,-83.0
1777889083.2833323,0.0,5.0,-81.0
1777889083.2933323,0.0,3.0,-80.0
1777889083.3033323,-2.0,0.0,-81.0
1777889083.3133323,-6.0,1.0,-78.0
1777889083.3233323,-10.0,-1.0,-76.0
1777889083.3333323,-9.0,-2.0,-74.0
1777889083.3433323,-3.0,3.0,-77.0
1777889083.3533323,0.0,4.0,-73.0
1777889083.3633325,-1.0,2.0,-77.0
1777889083.3733325,-4.0,3.0,-73.0
1777889083.3833325,1.0,3.0,-75.0
1777889083.3933325,5.0,5.0,-79.0
1777889083.4033325,2.0,7.0,-83.0
1777889083.4133325,0.0,4.0,-85.0
1777889083.4233325,-1.0,3.0,-86.0
1777889083.4333324,-2.0,0.0,-87.0
1777889083.4433324,-3.0,0.0,-87.0
1777889083.4533324,-2.0,-2.0,-90.0
1777889083.4633324,0.0,-3.0,-90.0
1777889083.4733324,0.0,-1.0,-89.0
1777889083.4833324,1.0,0.0,-89.0
1777889083.4933324,4.0,-7.0,-86.0
1777889083.5033324,5.0,-6.0,-78.0
1777889083.5133324,8.0,-4.0,-78.0
1777889083.5233324,5.0,2.0,-77.0
1777889083.5333323,6.0,1.0,-77.0
1777889083.5433323,3.0,1.0,-80.0
1777889083.5533323,7.0,-1.0,-84.0
1777889083.5633323,4.0,-5.0,-83.0
1777889083.5733323,2.0,-4.0,-71.0
1777889083.5833323,1.0,-2.0,-72.0
1777889083.5933323,4.0,-2.0,-76.0
1777889083.6033323,4.0,0.0,-76.0
1777889083.6133325,1.0,0.0,-82.0
1777889083.6233325,0.0,0.0,-79.0
1777889083.6333325,1.0,0.0,-75.0
1777889083.6433325,4.0,0.0,-76.0
1777889083.6533325,2.0,-2.0,-81.0
1777889083.6633325,0.0,-1.0,-78.0
1777889083.6733325,0.0,0.0,-70.0
1777889083.6833324,0.0,-1.0,-72.0
1777889083.6933324,0.0,0.0,-77.0
1777889083.7033324,0.0,-1.0,-74.0
1777889083.7133324,0.0,-4.0,-69.0
1777889083.7233324,0.0,-5.0,-64.0
1777889083.7333324,0.0,-2.0,-66.0
1777889083.7433324,-2.0,-3.0,-74.0
1777889083.7533324,-2.0,-1.0,-78.0
1777889083.7633324,-3.0,0.0,-82.0
1777889083.7733324,0.0,2.0,-80.0
1777889083.7833323,0.0,0.0,-81.0
1777889083.7933323,-2.0,-1.0,-79.0
1777889083.8033323,-3.0,-7.0,-77.0
1777889083.8133323,-2.0,-6.0,-80.0
1777889083.8233323,-3.0,-8.0,-79.0
1777889083.8333323,1.0,-9.0,-77.0
1777889083.8433323,0.0,-7.0,-78.0
1777889083.8533323,0.0,-8.0,-78.0
1777889083.8633325,-3.0,-7.0,-72.0
1777889083.8733325,-6.0,-5.0,-73.0
1777889083.8833325,-9.0,-4.0,-73.0
1777889083.8933325,-9.0,1.0,-76.0
1777889083.9033325,-10.0,-4.0,-78.0
1777889083.9133325,-13.0,-1.0,-76.0
1777889083.9233325,-13.0,0.0,-65.0
1777889083.9333324,-15.0,0.0,-63.0
1777889083.9433324,-14.0,-2.0,-66.0
1777889083.9533324,-9.0,-1.0,-63.0
1777889083.9633324,-5.0,-1.0,-66.0
1777889083.9733324,-1.0,-4.0,-72.0
1777889083.9833324,1.0,-6.0,-70.0
1777889083.9933324,0.0,-8.0,-76.0
1777889084.0033324,1.0,-9.0,-74.0
1777889084.0133324,0.0,-5.0,-73.0
1777889084.0233324,-1.0,-4.0,-80.0
1777889084.0333323,-1.0,-7.0,-81.0
1777889084.0433323,0.0,-5.0,-85.0
1777889084.0533323,2.0,-4.0,-86.0
1777889084.0633323,-2.0,-5.0,-87.0
1777889084.0733323,3.0,-3.0,-80.0
1777889084.0833323,5.0,0.0,-78.0
1777889084.0933323,3.0,-1.0,-78.0
1777889084.1033323,-1.0,0.0,-81.0
1777889084.1133325,4.0,0.0,-81.0
1777889084.1233325,3.0,-3.0,-71.0
1777889084.1333325,0.0,3.0,-71.0
1777889084.1433325,-2.0,4.0,-74.0
1777889084.1533325,-2.0,2.0,-70.0
1777889084.1633325,2.0,0.0,-75.0
1777889084.1733325,2.0,0.0,-76.0
1777889084.1833324,0.0,0.0,-80.0
1777889084.1943324,1.0,1.0,-79.0
1777889084.2043324,0.0,3.0,-82.0
1777889084.2143323,0.0,0.0,-79.0
1777889084.2243323,0.0,0.0,-74.0
1777889084.2343323,-4.0,1.0,-69.0
1777889084.2443323,-5.0,1.0,-72.0
1777889084.2543323,0.0,1.0,-81.0
1777889084.2643323,1.0,0.0,-80.0
1777889084.2743323,1.0,1.0,-77.0
1777889084.2843325,-1.0,0.0,-76.0
1777889084.2943325,-4.0,-3.0,-78.0
1777889084.3043325,-2.0,-3.0,-74.0
1777889084.3143325,0.0,-2.0,-77.0
1777889084.3243325,0.0,-2.0,-79.0
1777889084.3343325,2.0,-3.0,-83.0
1777889084.3443325,5.0,-3.0,-82.0
1777889084.3543324,1.0,-3.0,-83.0
1777889084.3643324,0.0,-9.0,-82.0
1777889084.3743324,0.0,-4.0,-78.0
1777889084.3843324,0.0,1.0,-81.0
1777889084.3943324,1.0,-1.0,-77.0
1777889084.4043324,2.0,-2.0,-81.0
1777889084.4143324,2.0,-1.0,-80.0
1777889084.4243324,0.0,0.0,-79.0
1777889084.4343324,2.0,-1.0,-85.0
1777889084.4443324,1.0,-1.0,-82.0
1777889084.4543324,2.0,0.0,-78.0
1777889084.4643323,0.0,-1.0,-75.0
1777889084.4743323,1.0,-3.0,-78.0
1777889084.4843323,0.0,-2.0,-83.0
1777889084.4943323,2.0,-3.0,-75.0
1777889084.5043323,-2.0,-3.0,-78.0
1777889084.5143323,-2.0,1.0,-75.0
1777889084.5243323,-4.0,3.0,-76.0
1777889084.5343325,-6.0,0.0,-80.0
1777889084.5443325,-4.0,0.0,-78.0
1777889084.5543325,-3.0,1.0,-78.0
1777889084.5643325,0.0,1.0,-75.0
1777889084.5743325,4.0,0.0,-82.0
1777889084.5843325,7.0,-4.0,-75.0
1777889084.5943325,6.0,-4.0,-82.0
1777889084.6043324,6.0,-6.0,-75.0
1777889084.6143324,2.0,-5.0,-74.0
1777889084.6243324,7.0,-1.0,-80.0
1777889084.6343324,9.0,-6.0,-76.0
1777889084.6443324,9.0,-5.0,-72.0
1777889084.6543324,7.0,0.0,-71.0
1777889084.6643324,3.0,0.0,-78.0
1777889084.6743324,4.0,-1.0,-83.0
1777889084.6843324,5.0,0.0,-78.0
1777889084.6943324,5.0,-1.0,-67.0
1777889084.7043324,1.0,-4.0,-71.0
1777889084.7143323,0.0,-4.0,-75.0
1777889084.7243323,-1.0,-2.0,-75.0
1777889084.7343323,-2.0,-1.0,-78.0
1777889084.7443323,-5.0,-2.0,-81.0
1777889084.7543323,-4.0,3.0,-82.0
1777889084.7643323,-6.0,3.0,-76.0
1777889084.7743323,-3.0,3.0,-74.0
1777889084.7843325,-1.0,2.0,-77.0
1777889084.7943325,-2.0,1.0,-78.0
1777889084.8043325,0.0,0.0,-78.0
1777889084.8143325,3.0,1.0,-83.0
1777889084.8243325,5.0,-1.0,-84.0
1777889084.8343325,1.0,1.0,-87.0
1777889084.8443325,0.0,3.0,-85.0
1777889084.8543324,3.0,0.0,-84.0
1777889084.8643324,2.0,-4.0,-82.0
1777889084.8743324,0.0,-6.0,-85.0
1777889084.8843324,0.0,-8.0,-83.0
1777889084.8943324,0.0,-3.0,-78.0
1777889084.9043324,-6.0,0.0,-72.0
1777889084.9143324,-3.0,-1.0,-74.0
1777889084.9243324,-2.0,-5.0,-66.0
1777889084.9343324,0.0,-3.0,-61.0
1777889084.9443324,-3.0,0.0,-59.0
1777889084.9543324,-3.0,2.0,-65.0
1777889084.9643323,-3.0,3.0,-71.0
1777889084.9743323,-4.0,3.0,-69.0
1777889084.9843323,-4.0,5.0,-62.0
1777889084.9943323,-1.0,4.0,-62.0
1777889085.0043323,2.0,2.0,-68.0
1777889085.0143323,-1.0,0.0,-67.0
1777889085.0243323,-2.0,0.0,-71.0
1777889085.0343325,0.0,-4.0,-72.0
1777889085.0443325,2.0,-1.0,-73.0
1777889085.0543325,4.0,0.0,-75.0
1777889085.0643325,2.0,-1.0,-71.0
1777889085.0743325,0.0,0.0,-77.0
1777889085.0843325,-2.0,1.0,-79.0
1777889085.0943325,-2.0,2.0,-73.0
1777889085.1043324,-1.0,3.0,-76.0
1777889085.1143324,-3.0,2.0,-84.0
1777889085.1243324,-5.0,1.0,-87.0
1777889085.1343324,-7.0,-2.0,-83.0
1777889085.1443324,-9.0,0.0,-77.0
1777889085.1543324,-8.0,0.0,-81.0
1777889085.1643324,-5.0,4.0,-83.0
1777889085.1743324,-4.0,4.0,-82.0
1777889085.1843324,-4.0,5.0,-79.0
1777889085.1943324,1.0,3.0,-76.0
1777889085.2043324,0.0,-2.0,-81.0
1777889085.2143323,-1.0,-3.0,-78.0
1777889085.2243323,-2.0,-5.0,-85.0
1777889085.2343323,-2.0,-5.0,-80.0
1777889085.2443323,-1.0,-8.0,-82.0
1777889085.2543323,-5.0,-9.0,-75.0
1777889085.2643323,-9.0,-5.0,-74.0
1777889085.2743323,-8.0,-6.0,-76.0
1777889085.2843325,-6.0,-6.0,-81.0
1777889085.2943325,-4.0,-3.0,-81.0
1777889085.3043325,-8.0,-4.0,-86.0
1777889085.3143325,-12.0,-4.0,-84.0
1777889085.3243325,-9.0,-5.0,-83.0
1777889085.3343325,-10.0,-5.0,-81.0
1777889085.3443325,-9.0,1.0,-84.0
1777889085.3543324,-5.0,0.0,-85.0
1777889085.3643324,-2.0,-1.0,-86.0
1777889085.3743324,-3.0,-3.0,-81.0
1777889085.3843324,-3.0,0.0,-77.0
1777889085.3943324,-4.0,1.0,-76.0
1777889085.4043324,-4.0,1.0,-71.0
1777889085.4143324,-4.0,1.0,-68.0
1777889085.4243324,-1.0,-1.0,-72.0
1777889085.4343324,-4.0,0.0,-72.0
1777889085.4443324,-5.0,-1.0,-75.0
1777889085.4553325,-3.0,1.0,-81.0
1777889085.4643323,-2.0,1.0,-82.0
1777889085.4743323,-1.0,2.0,-79.0
1777889085.4843323,4.0,-1.0,-78.0
1777889085.4943323,2.0,-1.0,-79.0
1777889085.5043323,0.0,1.0,-77.0
1777889085.5143323,2.0,0.0,-82.0
1777889085.5243323,1.0,0.0,-81.0
1777889085.5343325,-2.0,-2.0,-88.0
1777889085.5443325,3.0,-4.0,-89.0
1777889085.5543325,2.0,-3.0,-81.0
1777889085.5643325,0.0,0.0,-70.0
1777889085.5743325,3.0,0.0,-64.0
1777889085.5843325,6.0,-3.0,-68.0
1777889085.5943325,1.0,-4.0,-73.0
1777889085.6043324,0.0,-4.0,-72.0
1777889085.6143324,0.0,-6.0,-74.0
1777889085.6243324,0.0,-6.0,-75.0
1777889085.6343324,2.0,-3.0,-69.0
1777889085.6443324,3.0,0.0,-62.0
1777889085.6543324,2.0,0.0,-68.0
1777889085.6643324,0.0,1.0,-72.0
1777889085.6743324,2.0,-1.0,-76.0
1777889085.6843324,1.0,-1.0,-73.0
1777889085.6943324,-2.0,-5.0,-79.0
1777889085.7043324,-5.0,-7.0,-77.0
1777889085.7143323,-3.0,-5.0,-77.0
1777889085.7243323,0.0,-5.0,-72.0
1777889085.7343323,-2.0,-2.0,-75.0
1777889085.7443323,-7.0,-5.0,-72.0
1777889085.7543323,-7.0,-4.0,-70.0
1777889085.7643323,-6.0,-4.0,-74.0
1777889085.7743323,-3.0,-6.0,-81.0
1777889085.7843325,0.0,-4.0,-82.0
1777889085.7943325,4.0,-4.0,-79.0
1777889085.8043325,3.0,-4.0,-73.0
1777889085.8143325,6.0,-7.0,-67.0
1777889085.8243325,3.0,-7.0,-72.0
1777889085.8343325,-1.0,-7.0,-75.0
1777889085.8443325,1.0,-5.0,-67.0
1777889085.8543324,1.0,-6.0,-74.0
1777889085.8643324,0.0,-6.0,-74.0
1777889085.8743324,4.0,0.0,-80.0
1777889085.8843324,1.0,0.0,-78.0
1777889085.8943324,0.0,0.0,-76.0
1777889085.9043324,0.0,-1.0,-73.0
1777889085.9143324,3.0,-3.0,-72.0
1777889085.9243324,1.0,-3.0,-70.0
1777889085.9343324,1.0,-1.0,-72.0
1777889085.9443324,3.0,-3.0,-71.0
1777889085.9543324,5.0,-7.0,-81.0
1777889085.9643323,5.0,-10.0,-78.0
1777889085.9743323,3.0,-12.0,-74.0
1777889085.9843323,1.0,-12.0,-70.0
1777889085.9943323,-1.0,-5.0,-74.0
1777889086.0043323,-3.0,-3.0,-74.0
1777889086.0143323,-1.0,0.0,-75.0
1777889086.0243323,-2.0,-1.0,-74.0
1777889086.0343325,2.0,-3.0,-72.0
1777889086.0443325,0.0,-7.0,-68.0
1777889086.0543325,0.0,-9.0,-74.0
1777889086.0643325,-2.0,-5.0,-79.0
1777889086.0743325,-3.0,-4.0,-75.0
1777889086.0843325,-2.0,-4.0,-76.0
1777889086.0943325,0.0,0.0,-71.0
1777889086.1043324,7.0,3.0,-70.0
1777889086.1143324,7.0,1.0,-68.0
1777889086.1243324,10.0,2.0,-78.0
1777889086.1343324,4.0,-3.0,-86.0
1777889086.1443324,2.0,-4.0,-87.0
1777889086.1543324,-4.0,-7.0,-87.0
1777889086.1643324,-6.0,-8.0,-84.0
1777889086.1743324,-4.0,-6.0,-86.0
1777889086.1853323,-4.0,-7.0,-86.0
1777889086.1943324,0.0,-6.0,-87.0
1777889086.2053325,0.0,-7.0,-83.0
1777889086.2143323,5.0,-5.0,-86.0
1777889086.2253325,4.0,-6.0,-80.0
1777889086.2353325,3.0,-5.0,-84.0
1777889086.2453325,6.0,-8.0,-78.0
1777889086.2553325,5.0,-7.0,-76.0
1777889086.2653325,5.0,-3.0,-72.0
1777889086.2753325,1.0,-3.0,-72.0
1777889086.2853324,1.0,-1.0,-76.0
1777889086.2953324,2.0,-2.0,-79.0
1777889086.3053324,-4.0,-1.0,-78.0
1777889086.3153324,-2.0,0.0,-81.0
1777889086.3253324,1.0,0.0,-78.0
1777889086.3353324,3.0,1.0,-79.0
1777889086.3453324,8.0,2.0,-77.0
1777889086.3553324,7.0,-1.0,-76.0
1777889086.3653324,6.0,-3.0,-78.0
1777889086.3753324,4.0,0.0,-78.0
1777889086.3853323,4.0,2.0,-76.0
1777889086.3953323,3.0,1.0,-74.0
1777889086.4053323,2.0,1.0,-67.0
1777889086.4153323,2.0,-2.0,-67.0
1777889086.4253323,2.0,-1.0,-70.0
1777889086.4353323,2.0,-4.0,-73.0
1777889086.4453323,0.0,-6.0,-67.0
1777889086.4553325,0.0,-4.0,-66.0
1777889086.4653325,1.0,-4.0,-68.0
1777889086.4753325,2.0,-7.0,-70.0
1777889086.4853325,-3.0,-7.0,-76.0
1777889086.4953325,-5.0,-7.0,-76.0
1777889086.5053325,-10.0,-6.0,-69.0
1777889086.5153325,-12.0,-9.0,-68.0
1777889086.5253325,-11.0,-8.0,-70.0
1777889086.5353324,-5.0,-4.0,-70.0
1777889086.5453324,-9.0,-3.0,-70.0
1777889086.5553324,-7.0,-6.0,-72.0
1777889086.5653324,-4.0,-10.0,-71.0
1777889086.5753324,-2.0,-8.0,-74.0
1777889086.5853324,-4.0,-4.0,-70.0
1777889086.5953324,-5.0,-5.0,-68.0
1777889086.6053324,-4.0,-9.0,-68.0
1777889086.6153324,-2.0,-7.0,-65.0
1777889086.6253324,2.0,-8.0,-64.0
1777889086.6353323,5.0,-5.0,-66.0
1777889086.6453323,2.0,1.0,-68.0
1777889086.6553323,1.0,2.0,-66.0
1777889086.6653323,0.0,2.0,-66.0
1777889086.6753323,0.0,2.0,-68.0
1777889086.6853323,2.0,3.0,-74.0
1777889086.6953323,6.0,3.0,-68.0
1777889086.7053325,3.0,5.0,-67.0
1777889086.7153325,4.0,3.0,-67.0
1777889086.7253325,5.0,0.0,-71.0
1777889086.7353325,7.0,1.0,-70.0
1777889086.7453325,5.0,-1.0,-71.0
1777889086.7553325,7.0,-3.0,-69.0
1777889086.7653325,8.0,-1.0,-75.0
1777889086.7753325,7.0,2.0,-71.0
1777889086.7853324,7.0,2.0,-76.0
1777889086.7953324,7.0,1.0,-70.0
1777889086.8053324,7.0,4.0,-70.0
1777889086.8153324,2.0,1.0,-74.0
1777889086.8253324,0.0,0.0,-80.0
1777889086.8353324,0.0,4.0,-81.0
1777889086.8453324,4.0,5.0,-82.0
1777889086.8553324,1.0,8.0,-82.0
1777889086.8653324,0.0,4.0,-87.0
1777889086.8753324,-2.0,1.0,-73.0
1777889086.8853323,-2.0,4.0,-76.0
1777889086.8953323,1.0,5.0,-82.0
1777889086.9053323,4.0,2.0,-83.0
1777889086.9153323,5.0,0.0,-83.0
1777889086.9253323,4.0,2.0,-81.0
1777889086.9353323,2.0,0.0,-81.0
1777889086.9453323,2.0,-4.0,-79.0
1777889086.9553325,4.0,0.0,-82.0
1777889086.9653325,1.0,0.0,-83.0
1777889086.9753325,-1.0,0.0,-80.0
1777889086.9853325,-2.0,-6.0,-82.0
1777889086.9953325,2.0,-7.0,-83.0
1777889087.0053325,4.0,-10.0,-79.0
1777889087.0153325,2.0,-3.0,-82.0
1777889087.0253325,-1.0,-2.0,-88.0
1777889087.0353324,-2.0,-5.0,-86.0
1777889087.0453324,1.0,-6.0,-82.0
1777889087.0553324,-3.0,-4.0,-81.0
1777889087.0653324,-3.0,-1.0,-80.0
1777889087.0753324,2.0,1.0,-81.0
1777889087.0853324,0.0,-2.0,-81.0
1777889087.0953324,2.0,-1.0,-76.0
1777889087.1053324,3.0,-2.0,-75.0
1777889087.1153324,0.0,-1.0,-69.0
1777889087.1253324,-5.0,-4.0,-67.0
1777889087.1353323,-2.0,-4.0,-71.0
1777889087.1453323,-1.0,-1.0,-73.0
1777889087.1553323,-2.0,-5.0,-73.0
1777889087.1653323,0.0,-2.0,-72.0
1777889087.1753323,6.0,1.0,-69.0
1777889087.1853323,5.0,1.0,-70.0
1777889087.1953323,7.0,2.0,-71.0
1777889087.2053325,4.0,0.0,-73.0
1777889087.2153325,5.0,2.0,-76.0
1777889087.2253325,6.0,1.0,-76.0
1777889087.2353325,4.0,0.0,-78.0
1777889087.2453325,6.0,-1.0,-74.0
1777889087.2553325,5.0,0.0,-75.0
1777889087.2653325,5.0,0.0,-73.0
1777889087.2753325,8.0,-3.0,-68.0
1777889087.2853324,7.0,-2.0,-69.0
1777889087.2953324,6.0,-2.0,-66.0
1777889087.3053324,6.0,-3.0,-69.0
1777889087.3153324,7.0,0.0,-72.0
1777889087.3253324,8.0,1.0,-71.0
1777889087.3353324,7.0,-2.0,-74.0
1777889087.3453324,5.0,-3.0,-77.0
1777889087.3553324,-3.0,-5.0,-84.0
1777889087.3653324,-7.0,-3.0,-87.0
1777889087.3753324,-3.0,0.0,-88.0
1777889087.3853323,0.0,-1.0,-83.0
1777889087.3953323,3.0,-2.0,-86.0
1777889087.4053323,6.0,-6.0,-82.0
1777889087.4153323,4.0,-6.0,-82.0
1777889087.4253323,3.0,-3.0,-86.0
1777889087.4353323,7.0,-4.0,-86.0
1777889087.4453323,4.0,-7.0,-86.0
1777889087.4553325,0.0,-7.0,-74.0
1777889087.4653325,0.0,-6.0,-65.0
1777889087.4753325,0.0,-4.0,-66.0
1777889087.4853325,2.0,-7.0,-66.0
1777889087.4953325,2.0,-8.0,-69.0
1777889087.5053325,1.0,-4.0,-64.0
1777889087.5153325,4.0,-2.0,-70.0
1777889087.5253325,5.0,-4.0,-68.0
1777889087.5353324,6.0,-2.0,-71.0
1777889087.5453324,1.0,0.0,-73.0
1777889087.5553324,-1.0,0.0,-74.0
1777889087.5653324,5.0,-1.0,-74.0
1777889087.5753324,4.0,-2.0,-70.0
1777889087.5853324,0.0,2.0,-75.0
1777889087.5953324,-2.0,2.0,-74.0
1777889087.6053324,-2.0,4.0,-70.0
1777889087.6153324,0.0,1.0,-68.0
1777889087.6253324,0.0,4.0,-71.0
1777889087.6353323,0.0,2.0,-72.0
1777889087.6453323,-3.0,0.0,-73.0
1777889087.6553323,-4.0,0.0,-70.0
1777889087.6653323,0.0,1.0,-66.0
1777889087.6753323,0.0,0.0,-63.0
1777889087.6853323,-1.0,0.0,-66.0
1777889087.6953323,0.0,0.0,-61.0
1777889087.7053325,-3.0,4.0,-65.0
1777889087.7153325,-6.0,0.0,-69.0
1777889087.7253325,-8.0,-3.0,-77.0
1777889087.7353325,-6.0,0.0,-77.0
1777889087.7453325,-5.0,-2.0,-81.0
1777889087.7553325,-2.0,-1.0,-77.0
1777889087.7653325,0.0,0.0,-83.0
1777889087.7753325,1.0,1.0,-84.0
1777889087.7853324,3.0,1.0,-85.0
1777889087.7953324,8.0,0.0,-80.0
1777889087.8053324,8.0,-1.0,-80.0
1777889087.8153324,4.0,-1.0,-78.0
1777889087.8253324,4.0,1.0,-74.0
1777889087.8353324,3.0,2.0,-77.0
1777889087.8453324,3.0,3.0,-77.0
1777889087.8553324,0.0,3.0,-70.0
1777889087.8653324,-4.0,2.0,-75.0
1777889087.8753324,-6.0,3.0,-80.0
1777889087.8853323,-2.0,1.0,-84.0
1777889087.8953323,1.0,-1.0,-78.0
1777889087.9053323,0.0,0.0,-80.0
1777889087.9153323,1.0,3.0,-76.0
1777889087.9253323,1.0,2.0,-79.0
1777889087.9353323,2.0,1.0,-80.0
1777889087.9453323,1.0,-1.0,-76.0
1777889087.9553325,0.0,0.0,-71.0
1777889087.9653325,0.0,0.0,-72.0
1777889087.9753325,3.0,2.0,-73.0
1777889087.9853325,1.0,-1.0,-68.0
1777889087.9953325,-6.0,0.0,-67.0
1777889088.0053325,-1.0,0.0,-64.0
1777889088.0153325,0.0,0.0,-69.0
1777889088.0253325,1.0,-1.0,-74.0
1777889088.0353324,-1.0,1.0,-69.0
1777889088.0453324,1.0,5.0,-72.0
1777889088.0553324,0.0,6.0,-65.0
1777889088.0653324,0.0,5.0,-68.0
1777889088.0753324,-1.0,3.0,-79.0
1777889088.0853324,0.0,6.0,-81.0
1777889088.0953324,-1.0,12.0,-79.0
1777889088.1053324,-1.0,11.0,-82.0
1777889088.1153324,-7.0,12.0,-83.0
1777889088.1253324,-7.0,11.0,-81.0
1777889088.1353323,-2.0,8.0,-80.0
1777889088.1453323,-3.0,2.0,-73.0
1777889088.1553323,-2.0,-1.0,-69.0
1777889088.1653323,-2.0,0.0,-70.0
1777889088.1763325,2.0,3.0,-74.0
1777889088.1853323,4.0,-1.0,-75.0
1777889088.1953323,6.0,-2.0,-76.0
1777889088.2063324,7.0,-5.0,-79.0
1777889088.2163324,9.0,-6.0,-77.0
1777889088.2263324,11.0,-3.0,-75.0
1777889088.2363324,8.0,-3.0,-73.0
1777889088.2463324,5.0,-10.0,-77.0
1777889088.2563324,3.0,-7.0,-78.0
1777889088.2663324,0.0,-7.0,-78.0
1777889088.2763324,-1.0,-4.0,-79.0
1777889088.2863324,-4.0,-2.0,-77.0
1777889088.2963324,-2.0,0.0,-85.0
1777889088.3063323,-4.0,-1.0,-82.0
1777889088.3163323,0.0,0.0,-81.0
1777889088.3263323,2.0,0.0,-81.0
1777889088.3363323,0.0,1.0,-79.0
1777889088.3463323,0.0,0.0,-75.0
1777889088.3563323,-2.0,-2.0,-74.0
1777889088.3663323,-3.0,-1.0,-73.0
1777889088.3763323,0.0,-1.0,-68.0
1777889088.3863325,1.0,-4.0,-69.0
1777889088.3963325,1.0,-8.0,-66.0
1777889088.4063325,0.0,-9.0,-74.0
1777889088.4163325,3.0,-11.0,-80.0
1777889088.4263325,2.0,-9.0,-87.0
1777889088.4363325,3.0,-6.0,-84.0
1777889088.4463325,6.0,-7.0,-87.0
1777889088.4563324,3.0,-8.0,-80.0
1777889088.4663324,1.0,-6.0,-74.0
1777889088.4763324,2.0,-3.0,-78.0
1777889088.4863324,0.0,-2.0,-78.0
1777889088.4963324,7.0,-2.0,-70.0
1777889088.5063324,7.0,-3.0,-66.0
1777889088.5163324,5.0,-4.0,-66.0
1777889088.5263324,3.0,-5.0,-62.0
1777889088.5363324,1.0,0.0,-69.0
1777889088.5463324,4.0,-1.0,-74.0
1777889088.5563323,2.0,4.0,-72.0
1777889088.5663323,3.0,4.0,-74.0
1777889088.5763323,8.0,3.0,-77.0
1777889088.5863323,9.0,1.0,-73.0
1777889088.5963323,7.0,2.0,-77.0
1777889088.6063323,8.0,4.0,-79.0
1777889088.6163323,4.0,4.0,-77.0
1777889088.6263323,4.0,7.0,-80.0
1777889088.6363325,1.0,4.0,-72.0
1777889088.6463325,-1.0,2.0,-73.0
1777889088.6563325,-9.0,-1.0,-69.0
1777889088.6663325,-2.0,2.0,-66.0
1777889088.6763325,0.0,5.0,-72.0
1777889088.6863325,-1.0,5.0,-73.0
1777889088.6963325,1.0,5.0,-70.0
1777889088.7063324,1.0,3.0,-68.0
1777889088.7163324,3.0,1.0,-71.0
1777889088.7263324,2.0,-2.0,-73.0
1777889088.7363324,5.0,0.0,-75.0
1777889088.7463324,2.0,-6.0,-69.0
1777889088.7563324,4.0,-7.0,-74.0
1777889088.7663324,3.0,-6.0,-77.0
1777889088.7763324,0.0,-2.0,-79.0
1777889088.7863324,3.0,0.0,-74.0
1777889088.7963324,1.0,-1.0,-71.0
1777889088.8063323,5.0,-3.0,-73.0
1777889088.8163323,2.0,-3.0,-75.0
1777889088.8263323,-1.0,-3.0,-78.0
1777889088.8363323,0.0,-2.0,-78.0
1777889088.8463323,1.0,-3.0,-78.0
1777889088.8563323,7.0,-1.0,-74.0
1777889088.8663323,7.0,-5.0,-77.0
1777889088.8763323,6.0,-6.0,-81.0
1777889088.8863325,9.0,-8.0,-79.0
1777889088.8963325,8.0,-6.0,-82.0
1777889088.9063325,10.0,-2.0,-80.0
1777889088.9163325,2.0,-2.0,-88.0
1777889088.9263325,2.0,0.0,-84.0
1777889088.9363325,4.0,-2.0,-82.0
1777889088.9463325,0.0,-2.0,-71.0
1777889088.9563324,-2.0,-1.0,-69.0
1777889088.9663324,-6.0,1.0,-68.0
1777889088.9763324,-3.0,0.0,-67.0
1777889088.9863324,-1.0,-2.0,-70.0
1777889088.9963324,-2.0,-4.0,-71.0
1777889089.0063324,0.0,-6.0,-72.0
1777889089.0163324,-1.0,-7.0,-76.0
1777889089.0263324,2.0,-5.0,-74.0
1777889089.0363324,5.0,-4.0,-73.0
1777889089.0463324,3.0,0.0,-76.0
1777889089.0563323,4.0,0.0,-72.0
1777889089.0663323,0.0,-4.0,-69.0
1777889089.0763323,-3.0,-3.0,-64.0
1777889089.0863323,0.0,-6.0,-61.0
1777889089.0963323,-4.0,-6.0,-65.0
1777889089.1063323,0.0,-5.0,-66.0
1777889089.1163323,0.0,-10.0,-68.0
1777889089.1263323,-1.0,-8.0,-69.0
1777889089.1363325,-1.0,-5.0,-68.0
1777889089.1463325,1.0,-4.0,-68.0
1777889089.1563325,2.0,-4.0,-69.0
1777889089.1663325,4.0,0.0,-72.0
1777889089.1763325,5.0,0.0,-70.0
1777889089.1863325,5.0,-1.0,-68.0
1777889089.1963325,3.0,-2.0,-78.0
1777889089.2063324,0.0,-2.0,-74.0
1777889089.2163324,2.0,-3.0,-77.0
1777889089.2263324,1.0,-3.0,-70.0
1777889089.2363324,3.0,-6.0,-71.0
1777889089.2463324,0.0,-7.0,-72.0
1777889089.2563324,4.0,-3.0,-67.0
1777889089.2663324,7.0,-7.0,-73.0
1777889089.2763324,3.0,-4.0,-79.0
1777889089.2863324,0.0,-2.0,-79.0
1777889089.2963324,0.0,-2.0,-77.0
1777889089.3063323,-4.0,0.0,-82.0
1777889089.3163323,-2.0,-3.0,-82.0
1777889089.3263323,0.0,-8.0,-79.0
1777889089.3363323,4.0,-6.0,-81.0
1777889089.3463323,8.0,-5.0,-81.0
1777889089.3563323,6.0,-5.0,-80.0
1777889089.3663323,5.0,-4.0,-86.0
1777889089.3763323,5.0,-4.0,-83.0
1777889089.3863325,5.0,-3.0,-87.0
1777889089.3963325,6.0,-4.0,-83.0
1777889089.4063325,5.0,-1.0,-93.0
1777889089.4163325,5.0,0.0,-88.0
1777889089.4263325,4.0,0.0,-88.0
1777889089.4363325,5.0,0.0,-89.0
1777889089.4463325,5.0,0.0,-85.0
1777889089.4563324,8.0,-1.0,-84.0
1777889089.4663324,1.0,0.0,-85.0
1777889089.4763324,5.0,-2.0,-82.0
1777889089.4863324,3.0,-1.0,-76.0
1777889089.4963324,2.0,-2.0,-79.0
1777889089.5063324,6.0,-4.0,-76.0
1777889089.5163324,7.0,-4.0,-77.0
1777889089.5263324,6.0,-5.0,-77.0
1777889089.5363324,3.0,-6.0,-79.0
1777889089.5463324,0.0,-6.0,-91.0
1777889089.5563323,2.0,-5.0,-94.0
1777889089.5663323,2.0,-1.0,-87.0
1777889089.5763323,4.0,1.0,-85.0
1777889089.5863323,5.0,6.0,-76.0
1777889089.5963323,2.0,6.0,-77.0
1777889089.6063323,4.0,3.0,-75.0
1777889089.6163323,0.0,3.0,-74.0
1777889089.6263323,-3.0,1.0,-76.0
1777889089.6363325,-1.0,0.0,-75.0
1777889089.6463325,-3.0,0.0,-69.0
1777889089.6563325,-2.0,-6.0,-72.0
1777889089.6663325,-4.0,-7.0,-72.0
1777889089.6763325,-2.0,-6.0,-79.0
1777889089.6863325,-4.0,-7.0,-88.0
1777889089.6963325,-6.0,-7.0,-84.0
1777889089.7063324,-3.0,-7.0,-84.0
1777889089.7163324,-2.0,-8.0,-79.0
1777889089.7263324,0.0,-7.0,-78.0
1777889089.7363324,-4.0,-5.0,-75.0
1777889089.7463324,-6.0,0.0,-68.0
1777889089.7563324,-4.0,-2.0,-70.0
1777889089.7663324,0.0,-3.0,-71.0
1777889089.7763324,0.0,-5.0,-70.0
1777889089.7863324,-2.0,-6.0,-70.0
1777889089.7963324,-2.0,-6.0,-72.0
1777889089.8063323,-3.0,-3.0,-68.0
1777889089.8163323,-3.0,-4.0,-69.0
1777889089.8263323,-2.0,1.0,-68.0
1777889089.8363323,1.0,-3.0,-71.0
1777889089.8463323,1.0,-4.0,-70.0
1777889089.8563323,4.0,-5.0,-71.0
1777889089.8663323,3.0,-1.0,-68.0
1777889089.8763323,0.0,1.0,-67.0
1777889089.8863325,6.0,3.0,-76.0
1777889089.8963325,4.0,3.0,-84.0
1777889089.9063325,0.0,0.0,-79.0
1777889089.9163325,3.0,0.0,-76.0
1777889089.9263325,0.0,-4.0,-75.0
1777889089.9363325,-1.0,-7.0,-72.0
1777889089.9463325,0.0,-6.0,-74.0
1777889089.9563324,0.0,-5.0,-74.0
1777889089.9663324,2.0,-5.0,-69.0
1777889089.9763324,2.0,-6.0,-74.0
1777889089.9863324,1.0,-4.0,-73.0
1777889089.9963324,-1.0,-1.0,-74.0
1777889090.0063324,0.0,1.0,-70.0
1777889090.0163324,0.0,0.0,-78.0
1777889090.0263324,-5.0,4.0,-76.0
1777889090.0363324,-5.0,3.0,-76.0
1777889090.0463324,-4.0,0.0,-72.0
1777889090.0563323,-3.0,-1.0,-71.0
1777889090.0663323,-4.0,-1.0,-65.0
1777889090.0763323,-2.0,1.0,-69.0
1777889090.0863323,-5.0,4.0,-77.0
1777889090.0963323,0.0,-1.0,-76.0
1777889090.1063323,0.0,1.0,-75.0
1777889090.1173325,-1.0,4.0,-81.0
1777889090.1273324,2.0,0.0,-80.0
1777889090.1373324,5.0,-1.0,-82.0
1777889090.1463325,5.0,0.0,-78.0
1777889090.1573324,3.0,3.0,-80.0
1777889090.1673324,1.0,4.0,-81.0
1777889090.1773324,-1.0,6.0,-80.0
1777889090.1873324,0.0,6.0,-84.0
1777889090.1973324,2.0,6.0,-79.0
1777889090.2073324,5.0,5.0,-74.0
1777889090.2173324,0.0,4.0,-72.0
1777889090.2273324,0.0,3.0,-74.0
1777889090.2373323,-2.0,1.0,-76.0
1777889090.2473323,0.0,0.0,-83.0
1777889090.2573323,1.0,-1.0,-84.0
1777889090.2673323,2.0,-8.0,-85.0
1777889090.2773323,5.0,-6.0,-88.0
1777889090.2873323,1.0,-5.0,-82.0
1777889090.2973323,1.0,-7.0,-79.0
1777889090.3073325,-3.0,-6.0,-70.0
1777889090.3173325,0.0,-1.0,-71.0
1777889090.3273325,-1.0,-2.0,-72.0
1777889090.3373325,-4.0,-6.0,-72.0
1777889090.3473325,-3.0,-4.0,-73.0
1777889090.3573325,-5.0,-5.0,-68.0
1777889090.3673325,-4.0,-5.0,-67.0
1777889090.3773324,-5.0,-4.0,-68.0
1777889090.3873324,-4.0,-6.0,-66.0
1777889090.3973324,-5.0,-4.0,-72.0
1777889090.4073324,-4.0,-6.0,-77.0
1777889090.4173324,-2.0,-3.0,-73.0
1777889090.4273324,-2.0,-2.0,-68.0
1777889090.4373324,-3.0,-3.0,-70.0
1777889090.4473324,0.0,-2.0,-69.0
1777889090.4573324,-6.0,-3.0,-68.0
1777889090.4673324,-2.0,-1.0,-72.0
1777889090.4773324,0.0,-1.0,-72.0
1777889090.4873323,2.0,0.0,-68.0
1777889090.4973323,2.0,1.0,-63.0
1777889090.5073323,0.0,-4.0,-62.0
1777889090.5173323,-1.0,-3.0,-63.0
1777889090.5273323,0.0,-3.0,-63.0
1777889090.5373323,-3.0,-4.0,-69.0
1777889090.5473323,-2.0,-5.0,-70.0
1777889090.5573325,0.0,-9.0,-75.0
1777889090.5673325,-2.0,-7.0,-73.0
1777889090.5773325,0.0,-6.0,-76.0
1777889090.5873325,5.0,-10.0,-74.0
1777889090.5973325,8.0,-8.0,-73.0
1777889090.6073325,4.0,-10.0,-81.0
1777889090.6173325,5.0,-9.0,-85.0
1777889090.6273324,10.0,-7.0,-86.0
1777889090.6373324,7.0,-12.0,-86.0
1777889090.6473324,3.0,-10.0,-85.0
1777889090.6573324,-1.0,-8.0,-75.0
1777889090.6673324,-4.0,-8.0,-78.0
1777889090.6773324,-4.0,-4.0,-78.0
1777889090.6873324,-4.0,-6.0,-75.0
1777889090.6973324,-5.0,-12.0,-73.0
1777889090.7073324,-2.0,-10.0,-76.0
1777889090.7173324,0.0,-6.0,-73.0
1777889090.7273324,0.0,-6.0,-69.0
1777889090.7373323,0.0,-8.0,-69.0
1777889090.7473323,1.0,-6.0,-65.0
1777889090.7573323,4.0,-7.0,-71.0
1777889090.7673323,6.0,-7.0,-77.0
1777889090.7773323,5.0,-6.0,-82.0
1777889090.7873323,6.0,-2.0,-79.0
1777889090.7973323,7.0,-7.0,-79.0
1777889090.8073325,9.0,-4.0,-79.0
1777889090.8173325,5.0,0.0,-78.0
1777889090.8273325,2.0,0.0,-77.0
1777889090.8373325,2.0,1.0,-76.0
1777889090.8473325,1.0,4.0,-67.0
1777889090.8573325,4.0,4.0,-67.0
1777889090.8673325,9.0,1.0,-75.0
1777889090.8773324,5.0,0.0,-77.0
1777889090.8873324,2.0,0.0,-74.0
1777889090.8973324,4.0,0.0,-76.0
1777889090.9073324,4.0,-3.0,-74.0
1777889090.9173324,4.0,-4.0,-70.0
1777889090.9273324,4.0,-1.0,-73.0
1777889090.9373324,3.0,0.0,-75.0
1777889090.9473324,1.0,-2.0,-75.0
1777889090.9573324,4.0,-2.0,-72.0
1777889090.9673324,5.0,-2.0,-70.0
1777889090.9773324,7.0,-1.0,-70.0
1777889090.9873323,7.0,-1.0,-68.0
1777889090.9973323,5.0,0.0,-65.0
1777889091.0073323,3.0,1.0,-69.0
1777889091.0173323,1.0,0.0,-65.0
1777889091.0273323,0.0,0.0,-58.0
1777889091.0373323,-1.0,-2.0,-64.0
1777889091.0473323,-2.0,-2.0,-60.0
1777889091.0573325,-2.0,-1.0,-65.0
1777889091.0673325,-2.0,-1.0,-70.0
1777889091.0773325,-2.0,-7.0,-71.0
1777889091.0873325,-3.0,-7.0,-66.0
1777889091.0973325,2.0,-1.0,-66.0
1777889091.1073325,3.0,0.0,-69.0
1777889091.1173325,3.0,0.0,-68.0
1777889091.1273324,3.0,-1.0,-67.0
1777889091.1373324,1.0,-3.0,-65.0
1777889091.1473324,4.0,-2.0,-63.0
1777889091.1573324,2.0,-2.0,-69.0
1777889091.1673324,0.0,-3.0,-72.0
1777889091.1773324,3.0,0.0,-75.0
1777889091.1873324,1.0,-1.0,-78.0
1777889091.1973324,0.0,0.0,-74.0
1777889091.2073324,0.0,0.0,-75.0
1777889091.2173324,-3.0,1.0,-64.0
1777889091.2273324,-1.0,1.0,-67.0
1777889091.2373323,0.0,3.0,-70.0
1777889091.2473323,-2.0,0.0,-67.0
1777889091.2573323,1.0,1.0,-68.0
1777889091.2683325,-1.0,0.0,-68.0
1777889091.2773323,0.0,-2.0,-70.0
1777889091.2873323,0.0,-2.0,-73.0
1777889091.2973323,4.0,0.0,-71.0
1777889091.3073325,3.0,2.0,-69.0
1777889091.3173325,-2.0,2.0,-74.0
1777889091.3273325,-1.0,0.0,-77.0
1777889091.3373325,2.0,0.0,-75.0
1777889091.3473325,3.0,-1.0,-80.0
1777889091.3573325,9.0,-7.0,-79.0
1777889091.3673325,7.0,-4.0,-76.0
1777889091.3773324,7.0,-3.0,-71.0
1777889091.3873324,4.0,-6.0,-71.0
1777889091.3973324,2.0,-4.0,-73.0
1777889091.4073324,1.0,0.0,-78.0
1777889091.4173324,-2.0,0.0,-78.0
1777889091.4273324,-4.0,-2.0,-78.0
1777889091.4373324,-2.0,-6.0,-81.0
1777889091.4473324,-3.0,-7.0,-85.0
1777889091.4573324,-2.0,-10.0,-90.0
1777889091.4673324,-2.0,-6.0,-89.0
1777889091.4773324,0.0,-2.0,-93.0
1777889091.4873323,-2.0,-3.0,-91.0
1777889091.4973323,-3.0,-2.0,-78.0
1777889091.5073323,-2.0,-2.0,-74.0
1777889091.5173323,0.0,1.0,-80.0
1777889091.5273323,0.0,6.0,-81.0
1777889091.5373323,0.0,6.0,-85.0
1777889091.5473323,1.0,8.0,-78.0
1777889091.5573325,3.0,8.0,-65.0
1777889091.5673325,7.0,5.0,-63.0
1777889091.5773325,6.0,1.0,-70.0
1777889091.5873325,6.0,0.0,-70.0
1777889091.5973325,8.0,0.0,-77.0
1777889091.6073325,10.0,-1.0,-83.0
1777889091.6173325,7.0,0.0,-80.0
1777889091.6273324,8.0,-3.0,-82.0
1777889091.6373324,5.0,-3.0,-81.0
1777889091.6473324,6.0,-3.0,-83.0
1777889091.6573324,1.0,-1.0,-74.0
1777889091.6673324,2.0,-1.0,-66.0
1777889091.6773324,0.0,-1.0,-69.0
1777889091.6873324,0.0,-3.0,-73.0
1777889091.6973324,-4.0,-4.0,-72.0
1777889091.7073324,0.0,-4.0,-73.0
1777889091.7173324,6.0,-3.0,-79.0
1777889091.7273324,4.0,0.0,-79.0
1777889091.7373323,3.0,-1.0,-73.0
1777889091.7473323,4.0,-3.0,-78.0
1777889091.7573323,0.0,-5.0,-72.0
1777889091.7673323,0.0,-7.0,-74.0
1777889091.7773323,-1.0,-9.0,-74.0
1777889091.7873323,-2.0,-6.0,-77.0
1777889091.7973323,0.0,-8.0,-80.0
1777889091.8073325,0.0,-3.0,-78.0
1777889091.8173325,-3.0,-3.0,-78.0
1777889091.8273325,-5.0,-6.0,-71.0
1777889091.8373325,-3.0,-1.0,-75.0
1777889091.8473325,-5.0,1.0,-69.0
1777889091.8573325,-1.0,-2.0,-68.0
1777889091.8673325,0.0,-2.0,-69.0
1777889091.8773324,2.0,-6.0,-70.0
1777889091.8873324,5.0,-6.0,-69.0
1777889091.8973324,5.0,-5.0,-70.0
1777889091.9073324,1.0,0.0,-75.0
1777889091.9173324,2.0,1.0,-79.0
1777889091.9273324,0.0,4.0,-80.0
1777889091.9373324,2.0,3.0,-84.0
1777889091.9473324,0.0,3.0,-80.0
1777889091.9573324,1.0,4.0,-76.0
1777889091.9673324,0.0,4.0,-74.0
1777889091.9773324,0.0,5.0,-65.0
1777889091.9873323,-3.0,4.0,-66.0
1777889091.9973323,-1.0,7.0,-66.0
1777889092.0073323,0.0,10.0,-70.0
1777889092.0173323,0.0,8.0,-74.0
1777889092.0273323,-1.0,5.0,-75.0
1777889092.0373323,0.0,3.0,-73.0
1777889092.0473323,-1.0,1.0,-72.0
1777889092.0573325,1.0,1.0,-69.0
1777889092.0673325,3.0,-3.0,-70.0
1777889092.0773325,1.0,-2.0,-73.0
1777889092.0873325,2.0,-2.0,-80.0
1777889092.0973325,0.0,-1.0,-77.0
1777889092.1073325,2.0,0.0,-77.0
1777889092.1173325,4.0,1.0,-80.0
1777889092.1273324,9.0,5.0,-80.0
1777889092.1383324,9.0,6.0,-75.0
1777889092.1483324,12.0,3.0,-69.0
1777889092.1573324,11.0,0.0,-72.0
1777889092.1683323,5.0,-1.0,-71.0
1777889092.1783323,1.0,1.0,-71.0
1777889092.1883323,0.0,0.0,-79.0
1777889092.1983323,2.0,3.0,-81.0
1777889092.2083323,-1.0,1.0,-84.0
1777889092.2183323,-3.0,3.0,-86.0
1777889092.2283323,0.0,0.0,-89.0
1777889092.2383325,0.0,0.0,-88.0
1777889092.2483325,0.0,4.0,-91.0
1777889092.2583325,2.0,0.0,-88.0
1777889092.2683325,6.0,-2.0,-88.0
1777889092.2783325,5.0,-3.0,-85.0
1777889092.2883325,5.0,0.0,-87.0
1777889092.2983325,5.0,-2.0,-92.0
1777889092.3083324,3.0,-7.0,-93.0
1777889092.3183324,-5.0,-7.0,-90.0
1777889092.3283324,-3.0,-9.0,-87.0
1777889092.3383324,0.0,-6.0,-86.0
1777889092.3483324,2.0,-3.0,-80.0
1777889092.3583324,2.0,-5.0,-78.0
1777889092.3683324,4.0,-7.0,-74.0
1777889092.3783324,-1.0,-5.0,-69.0
1777889092.3883324,-6.0,-3.0,-73.0
1777889092.3983324,-8.0,2.0,-75.0
1777889092.4083323,-7.0,4.0,-72.0
1777889092.4183323,-10.0,1.0,-74.0
1777889092.4283323,-7.0,2.0,-75.0
1777889092.4383323,-6.0,4.0,-82.0
1777889092.4483323,-1.0,2.0,-79.0
1777889092.4583323,-4.0,2.0,-76.0
1777889092.4683323,-3.0,5.0,-70.0
1777889092.4783323,-1.0,10.0,-56.0
1777889092.4883325,1.0,8.0,-66.0
1777889092.4983325,-2.0,6.0,-68.0
1777889092.5083325,-3.0,8.0,-70.0
1777889092.5183325,0.0,7.0,-77.0
1777889092.5283325,0.0,4.0,-72.0
1777889092.5383325,0.0,0.0,-74.0
1777889092.5483325,2.0,-3.0,-81.0
1777889092.5583324,4.0,-3.0,-87.0
1777889092.5683324,2.0,-3.0,-87.0
1777889092.5783324,0.0,-1.0,-85.0
1777889092.5883324,-3.0,0.0,-90.0
1777889092.5983324,-3.0,-4.0,-84.0
1777889092.6083324,1.0,-2.0,-85.0
1777889092.6183324,3.0,0.0,-87.0
1777889092.6283324,3.0,-2.0,-83.0
1777889092.6383324,2.0,-2.0,-82.0
1777889092.6483324,3.0,-1.0,-83.0
1777889092.6583323,2.0,-4.0,-91.0
1777889092.6683323,3.0,-4.0,-84.0
1777889092.6783323,3.0,-3.0,-82.0
1777889092.6883323,4.0,-3.0,-83.0
1777889092.6983323,4.0,-7.0,-80.0
1777889092.7083323,1.0,-8.0,-80.0
1777889092.7183323,5.0,-8.0,-77.0
1777889092.7283323,7.0,-8.0,-72.0
1777889092.7383325,4.0,-7.0,-76.0
1777889092.7483325,2.0,-9.0,-76.0
1777889092.7583325,-1.0,-8.0,-78.0
1777889092.7683325,-3.0,-8.0,-81.0
1777889092.7783325,1.0,-9.0,-75.0
1777889092.7883325,1.0,-5.0,-80.0
1777889092.7983325,0.0,-7.0,-82.0
1777889092.8083324,4.0,-3.0,-83.0
1777889092.8183324,4.0,-5.0,-81.0
1777889092.8283324,8.0,-8.0,-72.0
1777889092.8383324,7.0,-8.0,-67.0
1777889092.8483324,2.0,-8.0,-64.0
1777889092.8583324,5.0,-4.0,-54.0
1777889092.8683324,9.0,-1.0,-57.0
1777889092.8783324,11.0,-1.0,-66.0
1777889092.8883324,11.0,-1.0,-73.0
1777889092.8983324,11.0,3.0,-68.0
1777889092.9083323,8.0,2.0,-69.0
1777889092.9183323,7.0,2.0,-69.0
1777889092.9283323,3.0,2.0,-73.0
1777889092.9383323,5.0,1.0,-80.0
1777889092.9483323,9.0,0.0,-81.0
1777889092.9583323,7.0,-1.0,-78.0
1777889092.9683323,4.0,-3.0,-82.0
1777889092.9783323,0.0,-4.0,-76.0
1777889092.9883325,-1.0,-7.0,-77.0
1777889092.9983325,0.0,-3.0,-76.0
1777889093.0083325,-2.0,-1.0,-69.0
1777889093.0183325,0.0,0.0,-64.0
1777889093.0283325,-1.0,-1.0,-67.0
1777889093.0383325,-5.0,-3.0,-73.0
1777889093.0483325,-6.0,-3.0,-78.0
1777889093.0583324,-5.0,-1.0,-72.0
1777889093.0683324,1.0,2.0,-70.0
1777889093.0783324,4.0,4.0,-69.0
1777889093.0883324,4.0,3.0,-67.0
1777889093.0983324,2.0,4.0,-71.0
1777889093.1083324,2.0,5.0,-71.0
1777889093.1183324,5.0,6.0,-67.0
1777889093.1283324,7.0,4.0,-70.0
1777889093.1383324,9.0,4.0,-69.0
1777889093.1483324,10.0,2.0,-68.0
1777889093.1583323,8.0,0.0,-66.0
1777889093.1683323,7.0,-4.0,-68.0
1777889093.1783323,8.0,-2.0,-72.0
1777889093.1883323,3.0,0.0,-76.0
1777889093.1983323,9.0,-1.0,-72.0
1777889093.2083323,7.0,0.0,-71.0
1777889093.2183323,4.0,-2.0,-69.0
1777889093.2283323,0.0,-2.0,-62.0
1777889093.2383325,1.0,-1.0,-62.0
1777889093.2483325,1.0,-3.0,-76.0
1777889093.2583325,-1.0,-1.0,-76.0
1777889093.2683325,0.0,2.0,-73.0
1777889093.2783325,0.0,2.0,-71.0
1777889093.2883325,-2.0,1.0,-74.0
1777889093.2983325,-3.0,0.0,-74.0
1777889093.3083324,-1.0,-3.0,-74.0
1777889093.3183324,0.0,-3.0,-82.0
1777889093.3283324,4.0,-1.0,-85.0
1777889093.3383324,3.0,-1.0,-83.0
1777889093.3483324,1.0,2.0,-72.0
1777889093.3583324,2.0,0.0,-73.0
1777889093.3683324,2.0,1.0,-73.0
1777889093.3783324,1.0,0.0,-66.0
1777889093.3883324,-2.0,0.0,-60.0
1777889093.3983324,-1.0,0.0,-62.0
1777889093.4083323,1.0,-1.0,-59.0
1777889093.4183323,3.0,1.0,-56.0
1777889093.4283323,4.0,2.0,-61.0
1777889093.4383323,4.0,2.0,-66.0
1777889093.4483323,3.0,4.0,-64.0
1777889093.4583323,5.0,0.0,-66.0
1777889093.4683323,5.0,1.0,-68.0
1777889093.4783323,5.0,1.0,-65.0
1777889093.4883325,2.0,6.0,-67.0
1777889093.4983325,0.0,6.0,-67.0
1777889093.5083325,1.0,4.0,-58.0
1777889093.5183325,9.0,3.0,-56.0
1777889093.5283325,8.0,2.0,-57.0
1777889093.5383325,12.0,0.0,-58.0
1777889093.5483325,7.0,0.0,-62.0
1777889093.5583324,6.0,3.0,-67.0
1777889093.5683324,6.0,3.0,-62.0
1777889093.5783324,8.0,4.0,-65.0
1777889093.5883324,9.0,5.0,-69.0
1777889093.5983324,9.0,3.0,-72.0
1777889093.6083324,6.0,3.0,-73.0
1777889093.6183324,6.0,0.0,-70.0
1777889093.6283324,6.0,-3.0,-75.0
1777889093.6383324,5.0,-3.0,-73.0
1777889093.6483324,6.0,-2.0,-71.0
1777889093.6583323,3.0,0.0,-72.0
1777889093.6683323,6.0,-1.0,-75.0
1777889093.6783323,4.0,0.0,-76.0
1777889093.6883323,-2.0,-3.0,-76.0
1777889093.6983323,0.0,1.0,-81.0
1777889093.7083323,4.0,2.0,-67.0
1777889093.7183323,0.0,1.0,-64.0
1777889093.7283323,0.0,-1.0,-67.0
1777889093.7383325,-2.0,0.0,-66.0
1777889093.7483325,0.0,3.0,-67.0
1777889093.7583325,2.0,4.0,-72.0
1777889093.7683325,4.0,4.0,-74.0
1777889093.7783325,4.0,7.0,-77.0
1777889093.7883325,1.0,6.0,-82.0
1777889093.7983325,2.0,8.0,-81.0
1777889093.8083324,1.0,6.0,-75.0
1777889093.8183324,4.0,6.0,-84.0
1777889093.8283324,4.0,4.0,-83.0
1777889093.8383324,0.0,3.0,-76.0
1777889093.8483324,-3.0,0.0,-81.0
1777889093.8583324,0.0,5.0,-77.0
1777889093.8683324,0.0,4.0,-71.0
1777889093.8783324,0.0,6.0,-67.0
1777889093.8883324,0.0,7.0,-67.0
1777889093.8983324,1.0,9.0,-70.0
1777889093.9083323,-1.0,6.0,-70.0
1777889093.9183323,-2.0,5.0,-66.0
1777889093.9283323,-3.0,3.0,-67.0
1777889093.9383323,-1.0,0.0,-72.0
1777889093.9483323,-1.0,-4.0,-77.0
1777889093.9583323,-3.0,-3.0,-77.0
1777889093.9683323,-5.0,0.0,-78.0
1777889093.9783323,-4.0,5.0,-85.0
1777889093.9883325,-2.0,5.0,-79.0
1777889093.9983325,-1.0,6.0,-77.0
1777889094.0083325,-2.0,4.0,-79.0
1777889094.0183325,-1.0,5.0,-77.0
1777889094.0283325,-1.0,-1.0,-76.0
1777889094.0383325,4.0,-2.0,-81.0
1777889094.0483325,3.0,-5.0,-82.0
1777889094.0583324,1.0,-4.0,-94.0
1777889094.0683324,1.0,-3.0,-94.0
1777889094.0783324,0.0,-2.0,-91.0
1777889094.0883324,-3.0,0.0,-90.0
1777889094.0993323,0.0,2.0,-91.0
1777889094.1093323,4.0,1.0,-91.0
1777889094.1183324,3.0,-3.0,-91.0
1777889094.1293323,0.0,-7.0,-85.0
1777889094.1383324,-2.0,-4.0,-82.0
1777889094.1493323,-1.0,-4.0,-82.0
1777889094.1593325,0.0,-4.0,-77.0
1777889094.1693325,-2.0,-2.0,-75.0
1777889094.1793325,0.0,-2.0,-70.0
1777889094.1893325,0.0,0.0,-70.0
1777889094.1993325,1.0,1.0,-68.0
1777889094.2093325,0.0,0.0,-68.0
1777889094.2193325,-3.0,-2.0,-69.0
1777889094.2293324,-4.0,-5.0,-70.0
1777889094.2393324,-5.0,-3.0,-72.0
1777889094.2493324,-5.0,0.0,-70.0
1777889094.2593324,-1.0,-1.0,-73.0
1777889094.2693324,-1.0,0.0,-77.0
1777889094.2793324,1.0,1.0,-78.0
1777889094.2893324,4.0,0.0,-76.0
1777889094.2993324,4.0,0.0,-78.0
1777889094.3093324,0.0,0.0,-73.0
1777889094.3193324,3.0,-5.0,-73.0
1777889094.3293324,3.0,-6.0,-75.0
1777889094.3393323,4.0,-4.0,-80.0
1777889094.3493323,1.0,-2.0,-77.0
1777889094.3593323,0.0,0.0,-78.0
1777889094.3693323,2.0,0.0,-80.0
1777889094.3793323,0.0,0.0,-80.0
1777889094.3893323,0.0,0.0,-73.0
1777889094.3993323,-2.0,-1.0,-68.0
1777889094.4093325,0.0,-2.0,-67.0
1777889094.4193325,2.0,0.0,-65.0
1777889094.4293325,2.0,-1.0,-70.0
1777889094.4393325,2.0,1.0,-70.0
1777889094.4493325,0.0,0.0,-77.0
1777889094.4593325,2.0,-1.0,-76.0
1777889094.4693325,0.0,0.0,-75.0
1777889094.4793324,-1.0,-2.0,-73.0
1777889094.4893324,-5.0,-7.0,-67.0
1777889094.4993324,-4.0,-8.0,-74.0
1777889094.5093324,-4.0,-6.0,-80.0
1777889094.5193324,0.0,-4.0,-75.0
1777889094.5293324,-4.0,-4.0,-74.0
1777889094.5393324,-7.0,-5.0,-74.0
1777889094.5493324,-11.0,-6.0,-73.0
1777889094.5593324,-9.0,-6.0,-72.0
1777889094.5693324,-5.0,-5.0,-71.0
1777889094.5793324,0.0,-4.0,-68.0
1777889094.5893323,0.0,-8.0,-75.0
1777889094.5993323,1.0,-6.0,-75.0
1777889094.6093323,1.0,-6.0,-79.0
1777889094.6193323,4.0,-8.0,-75.0
1777889094.6293323,1.0,-8.0,-70.0
1777889094.6393323,3.0,-7.0,-74.0
1777889094.6493323,-2.0,-2.0,-72.0
1777889094.6593325,-5.0,0.0,-73.0
1777889094.6693325,-1.0,0.0,-80.0
1777889094.6793325,0.0,-2.0,-82.0
1777889094.6893325,2.0,-5.0,-81.0
1777889094.6993325,0.0,-6.0,-77.0
1777889094.7093325,-2.0,-7.0,-78.0
1777889094.7193325,0.0,-4.0,-74.0
1777889094.7293324,4.0,0.0,-74.0
1777889094.7393324,4.0,2.0,-78.0
1777889094.7493324,3.0,-2.0,-80.0
1777889094.7593324,3.0,-6.0,-81.0
1777889094.7693324,4.0,-3.0,-79.0
1777889094.7793324,8.0,-4.0,-79.0
1777889094.7893324,6.0,-4.0,-76.0
1777889094.7993324,8.0,0.0,-78.0
1777889094.8093324,3.0,0.0,-75.0
1777889094.8193324,0.0,2.0,-73.0
1777889094.8293324,1.0,3.0,-68.0
1777889094.8393323,1.0,4.0,-64.0
1777889094.8493323,1.0,-3.0,-69.0
1777889094.8593323,0.0,-2.0,-65.0
1777889094.8693323,0.0,1.0,-69.0
1777889094.8793323,0.0,5.0,-71.0
1777889094.8893323,-2.0,5.0,-68.0
1777889094.8993323,-3.0,0.0,-69.0
1777889094.9093325,-7.0,0.0,-69.0
1777889094.9193325,-7.0,0.0,-72.0
1777889094.9293325,-5.0,2.0,-71.0
1777889094.9393325,-3.0,0.0,-73.0
1777889094.9493325,0.0,3.0,-70.0
1777889094.9593325,-4.0,3.0,-66.0
1777889094.9693325,-4.0,0.0,-71.0
1777889094.9793324,-3.0,-1.0,-82.0
1777889094.9893324,-5.0,0.0,-84.0
1777889094.9993324,0.0,2.0,-80.0
1777889095.0093324,-2.0,0.0,-78.0
1777889095.0193324,-7.0,-1.0,-82.0
1777889095.0293324,-7.0,-5.0,-82.0
1777889095.0393324,-3.0,-6.0,-81.0
1777889095.0493324,-9.0,-3.0,-80.0
1777889095.0593324,-12.0,-4.0,-80.0
1777889095.0693324,-11.0,1.0,-80.0
1777889095.0793324,-8.0,2.0,-81.0
1777889095.0893323,-5.0,0.0,-83.0
1777889095.0993323,-5.0,-2.0,-83.0
1777889095.1093323,-5.0,0.0,-78.0
1777889095.1193323,-7.0,0.0,-70.0
1777889095.1293323,-8.0,0.0,-71.0
1777889095.1393323,-7.0,1.0,-70.0
1777889095.1493323,-5.0,0.0,-72.0
1777889095.1593325,-4.0,-4.0,-69.0
1777889095.1693325,-2.0,0.0,-69.0
1777889095.1793325,-2.0,-2.0,-66.0
1777889095.1893325,1.0,-4.0,-68.0
1777889095.1993325,4.0,-5.0,-67.0
1777889095.2093325,3.0,-4.0,-71.0
1777889095.2193325,0.0,-4.0,-69.0
1777889095.2293324,-3.0,0.0,-69.0
1777889095.2393324,-1.0,-3.0,-74.0
1777889095.2493324,-3.0,-6.0,-75.0
1777889095.2593324,-5.0,-5.0,-72.0
1777889095.2693324,-2.0,-4.0,-69.0
1777889095.2793324,-5.0,-2.0,-65.0
1777889095.2893324,-5.0,0.0,-70.0
1777889095.2993324,0.0,1.0,-63.0
1777889095.3093324,3.0,0.0,-61.0
1777889095.3193324,4.0,-2.0,-62.0
1777889095.3293324,-3.0,-4.0,-66.0
1777889095.3393323,-5.0,-4.0,-68.0
1777889095.3493323,-3.0,0.0,-67.0
1777889095.3593323,-1.0,-3.0,-72.0
1777889095.3693323,0.0,0.0,-78.0
1777889095.3793323,5.0,-2.0,-76.0
1777889095.3893323,8.0,-3.0,-72.0
1777889095.3993323,11.0,-6.0,-73.0
1777889095.4093325,8.0,-3.0,-68.0
1777889095.4193325,7.0,0.0,-73.0
1777889095.4293325,3.0,6.0,-74.0
1777889095.4393325,0.0,3.0,-68.0
1777889095.4493325,0.0,1.0,-66.0
1777889095.4593325,1.0,3.0,-68.0
1777889095.4693325,0.0,6.0,-70.0
1777889095.4793324,-1.0,6.0,-72.0
1777889095.4893324,-3.0,2.0,-74.0
1777889095.4993324,-5.0,1.0,-81.0
1777889095.5093324,-6.0,0.0,-82.0
1777889095.5193324,-6.0,2.0,-81.0
1777889095.5293324,-5.0,-3.0,-80.0
1777889095.5393324,-4.0,-2.0,-81.0
1777889095.5493324,-3.0,-2.0,-78.0
1777889095.5593324,-2.0,-1.0,-77.0
1777889095.5693324,3.0,-2.0,-82.0
1777889095.5793324,6.0,-1.0,-79.0
1777889095.5893323,5.0,1.0,-70.0
1777889095.5993323,4.0,0.0,-68.0
1777889095.6093323,1.0,3.0,-74.0
1777889095.6193323,0.0,7.0,-72.0
1777889095.6293323,2.0,8.0,-68.0
1777889095.6393323,1.0,9.0,-72.0
1777889095.6493323,5.0,12.0,-74.0
1777889095.6593325,4.0,9.0,-78.0
1777889095.6693325,2.0,5.0,-86.0
1777889095.6793325,3.0,5.0,-89.0
1777889095.6893325,1.0,5.0,-85.0
1777889095.6993325,0.0,2.0,-82.0
1777889095.7093325,0.0,2.0,-79.0
1777889095.7193325,3.0,0.0,-78.0
1777889095.7293324,1.0,-2.0,-77.0
1777889095.7393324,-1.0,-6.0,-76.0
1777889095.7493324,0.0,-4.0,-75.0
1777889095.7593324,0.0,-4.0,-77.0
1777889095.7693324,1.0,-6.0,-76.0
1777889095.7793324,5.0,-4.0,-70.0
1777889095.7893324,4.0,-4.0,-72.0
1777889095.7993324,7.0,-6.0,-83.0
1777889095.8093324,4.0,-4.0,-85.0
1777889095.8193324,1.0,-2.0,-85.0
1777889095.8293324,5.0,-3.0,-84.0
1777889095.8393323,6.0,-4.0,-82.0
1777889095.8493323,5.0,0.0,-81.0
1777889095.8593323,5.0,-1.0,-79.0
1777889095.8693323,3.0,1.0,-82.0
1777889095.8793323,0.0,0.0,-81.0
1777889095.8893323,3.0,0.0,-80.0
1777889095.8993323,7.0,0.0,-78.0
1777889095.9093325,5.0,0.0,-81.0
1777889095.9193325,5.0,-1.0,-81.0
1777889095.9293325,7.0,-2.0,-84.0
1777889095.9393325,12.0,-1.0,-86.0
1777889095.9493325,9.0,-4.0,-86.0
1777889095.9593325,7.0,-3.0,-81.0
1777889095.9693325,3.0,0.0,-84.0
1777889095.9793324,2.0,0.0,-83.0
1777889095.9893324,2.0,-1.0,-88.0
1777889095.9993324,2.0,-4.0,-88.0
1777889096.0093324,5.0,-4.0,-86.0
1777889096.0193324,-1.0,-3.0,-75.0
1777889096.0293324,0.0,-3.0,-79.0
1777889096.0393324,0.0,-1.0,-76.0
1777889096.0493324,0.0,0.0,-77.0
1777889096.0593324,-3.0,2.0,-76.0
1777889096.0703323,-1.0,0.0,-74.0
1777889096.0793324,-4.0,-3.0,-69.0
1777889096.0893323,-4.0,-3.0,-67.0
1777889096.0993323,-5.0,-7.0,-64.0
1777889096.1103325,-7.0,-6.0,-74.0
1777889096.1203325,-4.0,-3.0,-73.0
1777889096.1303325,-5.0,1.0,-68.0
1777889096.1403325,-3.0,2.0,-65.0
1777889096.1503325,-7.0,1.0,-65.0
1777889096.1603324,-4.0,1.0,-70.0
1777889096.1703324,-3.0,0.0,-68.0
1777889096.1803324,2.0,-2.0,-66.0
1777889096.1903324,1.0,-2.0,-71.0
1777889096.2003324,1.0,0.0,-73.0
1777889096.2103324,3.0,0.0,-73.0
1777889096.2203324,4.0,-3.0,-78.0
1777889096.2303324,2.0,-5.0,-83.0
1777889096.2403324,4.0,-8.0,-79.0
1777889096.2503324,5.0,-5.0,-78.0
1777889096.2603323,4.0,0.0,-77.0
1777889096.2703323,3.0,0.0,-80.0
1777889096.2803323,8.0,3.0,-74.0
1777889096.2903323,3.0,1.0,-72.0
1777889096.3003323,2.0,0.0,-82.0
1777889096.3103323,6.0,2.0,-79.0
1777889096.3203323,11.0,1.0,-72.0
1777889096.3303325,12.0,3.0,-72.0
1777889096.3403325,10.0,-3.0,-77.0
1777889096.3503325,6.0,0.0,-78.0
1777889096.3603325,7.0,-1.0,-76.0
1777889096.3703325,2.0,-2.0,-84.0
1777889096.3803325,-3.0,-4.0,-83.0
1777889096.3903325,-6.0,-3.0,-86.0
1777889096.4003325,-2.0,-3.0,-84.0
1777889096.4103324,1.0,0.0,-82.0
1777889096.4203324,0.0,0.0,-86.0
1777889096.4303324,-3.0,0.0,-81.0
1777889096.4403324,-2.0,-1.0,-83.0
1777889096.4503324,0.0,-4.0,-84.0
1777889096.4603324,0.0,-4.0,-81.0
1777889096.4703324,0.0,-12.0,-76.0
1777889096.4803324,0.0,-13.0,-84.0
1777889096.4903324,3.0,-10.0,-82.0
1777889096.5003324,1.0,-8.0,-84.0
1777889096.5103323,2.0,-6.0,-78.0
1777889096.5203323,0.0,-6.0,-77.0
1777889096.5303323,1.0,-3.0,-75.0
1777889096.5403323,3.0,-3.0,-79.0
1777889096.5503323,0.0,-6.0,-82.0
1777889096.5603323,-1.0,-6.0,-79.0
1777889096.5703323,0.0,-7.0,-70.0
1777889096.5803325,0.0,-7.0,-66.0
1777889096.5903325,2.0,-4.0,-62.0
1777889096.6003325,4.0,3.0,-69.0
1777889096.6103325,5.0,3.0,-67.0
1777889096.6203325,4.0,0.0,-69.0
1777889096.6303325,5.0,0.0,-77.0
1777889096.6403325,3.0,1.0,-75.0
1777889096.6503325,0.0,1.0,-76.0
1777889096.6603324,0.0,-2.0,-73.0
1777889096.6703324,3.0,-2.0,-72.0
1777889096.6803324,4.0,-3.0,-76.0
1777889096.6903324,3.0,-1.0,-72.0
1777889096.7003324,0.0,-3.0,-68.0
1777889096.7103324,1.0,-7.0,-68.0
1777889096.7203324,0.0,-10.0,-70.0
1777889096.7303324,-2.0,-5.0,-69.0
1777889096.7403324,0.0,-6.0,-70.0
1777889096.7503324,1.0,-2.0,-75.0
1777889096.7603323,-1.0,-1.0,-80.0
1777889096.7703323,0.0,0.0,-81.0
1777889096.7803323,0.0,0.0,-80.0
1777889096.7903323,2.0,1.0,-80.0
1777889096.8003323,-2.0,1.0,-82.0
1777889096.8103323,1.0,2.0,-86.0
1777889096.8203323,2.0,3.0,-89.0
1777889096.8303325,4.0,6.0,-89.0
1777889096.8403325,2.0,5.0,-86.0
1777889096.8503325,-3.0,3.0,-82.0
1777889096.8603325,-1.0,-3.0,-87.0
1777889096.8703325,0.0,2.0,-82.0
1777889096.8803325,2.0,3.0,-83.0
1777889096.8903325,8.0,2.0,-75.0
1777889096.9003325,8.0,2.0,-74.0
1777889096.9103324,6.0,1.0,-76.0
1777889096.9203324,7.0,4.0,-74.0
1777889096.9303324,5.0,5.0,-75.0
1777889096.9403324,3.0,4.0,-69.0
1777889096.9503324,0.0,5.0,-70.0
1777889096.9603324,-3.0,3.0,-76.0
1777889096.9703324,-4.0,6.0,-81.0
1777889096.9803324,-4.0,3.0,-79.0
1777889096.9903324,0.0,5.0,-81.0
1777889097.0003324,3.0,4.0,-80.0
1777889097.0103323,5.0,5.0,-75.0
1777889097.0203323,6.0,1.0,-80.0
1777889097.0303323,8.0,1.0,-79.0
1777889097.0403323,8.0,3.0,-77.0
1777889097.0503323,5.0,3.0,-77.0
1777889097.0603323,0.0,2.0,-75.0
1777889097.0703323,-2.0,0.0,-77.0
1777889097.0803325,0.0,0.0,-78.0
1777889097.0903325,-6.0,-1.0,-77.0
1777889097.1003325,-4.0,0.0,-72.0
1777889097.1103325,-6.0,2.0,-73.0
1777889097.1203325,0.0,-2.0,-70.0
1777889097.1303325,2.0,-5.0,-67.0
1777889097.1403325,0.0,-2.0,-61.0
1777889097.1503325,2.0,-2.0,-66.0
1777889097.1603324,1.0,-5.0,-73.0
1777889097.1703324,2.0,-3.0,-77.0
1777889097.1803324,3.0,-1.0,-79.0
1777889097.1903324,2.0,-1.0,-77.0
1777889097.2003324,1.0,-5.0,-70.0
1777889097.2103324,0.0,-8.0,-67.0
1777889097.2203324,3.0,-7.0,-71.0
1777889097.2303324,2.0,-11.0,-72.0
1777889097.2403324,0.0,-8.0,-72.0
1777889097.2503324,1.0,-5.0,-80.0
1777889097.2603323,1.0,-2.0,-85.0
1777889097.2703323,0.0,1.0,-80.0
1777889097.2803323,0.0,5.0,-76.0
1777889097.2903323,0.0,3.0,-76.0
1777889097.3003323,-3.0,1.0,-78.0
1777889097.3103323,0.0,4.0,-84.0
1777889097.3203323,-1.0,6.0,-84.0
1777889097.3303325,0.0,5.0,-85.0
1777889097.3403325,2.0,3.0,-85.0
1777889097.3503325,-3.0,-2.0,-79.0
1777889097.3603325,-5.0,-4.0,-82.0
1777889097.3703325,-4.0,-6.0,-76.0
1777889097.3803325,-4.0,-7.0,-78.0
1777889097.3903325,-3.0,-7.0,-81.0
1777889097.4003325,2.0,-7.0,-82.0
1777889097.4103324,7.0,-7.0,-85.0
1777889097.4203324,8.0,-3.0,-93.0
1777889097.4303324,7.0,0.0,-84.0
1777889097.4403324,4.0,0.0,-85.0
1777889097.4503324,1.0,0.0,-84.0
1777889097.4603324,2.0,2.0,-78.0
1777889097.4703324,-3.0,2.0,-81.0
1777889097.4803324,-2.0,0.0,-83.0
1777889097.4903324,0.0,0.0,-82.0
1777889097.5003324,0.0,0.0,-72.0
1777889097.5103323,-4.0,2.0,-79.0
1777889097.5203323,-4.0,0.0,-80.0
1777889097.5303323,0.0,0.0,-85.0
1777889097.5403323,-2.0,-1.0,-83.0
1777889097.5503323,-1.0,0.0,-79.0
1777889097.5603323,0.0,0.0,-79.0
1777889097.5703323,-3.0,-1.0,-83.0
1777889097.5803325,0.0,-5.0,-84.0
1777889097.5903325,-3.0,-6.0,-84.0
1777889097.6003325,-1.0,-3.0,-77.0
1777889097.6103325,-1.0,-3.0,-80.0
1777889097.6203325,-1.0,-6.0,-79.0
1777889097.6303325,-4.0,-8.0,-74.0
1777889097.6403325,-2.0,-8.0,-71.0
1777889097.6503325,0.0,-6.0,-75.0
1777889097.6603324,-1.0,-4.0,-76.0
1777889097.6703324,-2.0,-6.0,-72.0
1777889097.6803324,0.0,-6.0,-72.0
1777889097.6903324,-1.0,-7.0,-74.0
1777889097.7003324,1.0,-5.0,-74.0
1777889097.7103324,3.0,-6.0,-73.0
1777889097.7203324,9.0,-5.0,-76.0
1777889097.7303324,6.0,-3.0,-77.0
1777889097.7403324,2.0,0.0,-73.0
1777889097.7503324,0.0,6.0,-71.0
1777889097.7603323,0.0,6.0,-77.0
1777889097.7703323,3.0,6.0,-78.0
1777889097.7803323,-1.0,2.0,-73.0
1777889097.7903323,-2.0,2.0,-71.0
1777889097.8003323,-4.0,3.0,-71.0
1777889097.8103323,-1.0,7.0,-76.0
1777889097.8203323,-2.0,7.0,-82.0
1777889097.8303325,-2.0,2.0,-83.0
1777889097.8403325,-3.0,-1.0,-86.0
1777889097.8503325,-9.0,-5.0,-78.0
1777889097.8603325,-7.0,-5.0,-73.0
1777889097.8703325,-5.0,-3.0,-73.0
1777889097.8803325,0.0,-2.0,-74.0
1777889097.8903325,3.0,-3.0,-76.0
1777889097.9003325,4.0,-8.0,-74.0
1777889097.9103324,6.0,-9.0,-74.0
1777889097.9203324,8.0,-8.0,-70.0
1777889097.9303324,7.0,-6.0,-71.0
1777889097.9403324,8.0,-3.0,-71.0
1777889097.9503324,7.0,-2.0,-68.0
1777889097.9603324,6.0,0.0,-71.0
1777889097.9703324,3.0,-1.0,-73.0
1777889097.9803324,-2.0,0.0,-78.0
1777889097.9903324,0.0,0.0,-79.0
1777889098.0003324,0.0,-5.0,-81.0
1777889098.0103323,2.0,-7.0,-78.0
1777889098.0203323,4.0,0.0,-74.0
1777889098.0303323,0.0,0.0,-75.0
1777889098.0403323,0.0,-2.0,-75.0
1777889098.0503323,5.0,1.0,-76.0
1777889098.0603323,6.0,1.0,-77.0
1777889098.0703323,-1.0,0.0,-84.0
1777889098.0813324,3.0,-1.0,-81.0
1777889098.0913324,1.0,0.0,-81.0
1777889098.1003325,-2.0,-5.0,-84.0
1777889098.1113324,0.0,-8.0,-78.0
1777889098.1213324,0.0,-9.0,-76.0
1777889098.1313324,0.0,-7.0,-74.0
1777889098.1413324,-4.0,-7.0,-76.0
1777889098.1513324,-4.0,-5.0,-77.0
1777889098.1613324,0.0,-5.0,-76.0
1777889098.1713324,-2.0,-10.0,-85.0
1777889098.1813323,0.0,-9.0,-78.0
1777889098.1913323,0.0,-6.0,-76.0
1777889098.2013323,1.0,-10.0,-81.0
1777889098.2113323,2.0,-11.0,-77.0
1777889098.2213323,0.0,-10.0,-75.0
1777889098.2313323,3.0,-7.0,-70.0
1777889098.2413323,3.0,-9.0,-68.0
1777889098.2513323,-1.0,-11.0,-63.0
1777889098.2613325,-3.0,-6.0,-70.0
1777889098.2713325,-3.0,-2.0,-73.0
1777889098.2813325,-6.0,-2.0,-72.0
1777889098.2913325,-2.0,-3.0,-73.0
1777889098.3013325,-2.0,-4.0,-72.0
1777889098.3113325,-4.0,-3.0,-79.0
1777889098.3213325,-7.0,-3.0,-80.0
1777889098.3313324,-9.0,-3.0,-82.0
1777889098.3413324,-5.0,-1.0,-84.0
1777889098.3513324,-5.0,0.0,-84.0
1777889098.3613324,-2.0,3.0,-79.0
1777889098.3713324,-2.0,2.0,-75.0
1777889098.3813324,-6.0,0.0,-73.0
1777889098.3913324,-5.0,1.0,-70.0
1777889098.4013324,-6.0,-3.0,-71.0
1777889098.4113324,-4.0,-1.0,-75.0
1777889098.4213324,-6.0,-2.0,-76.0
1777889098.4313323,-2.0,-1.0,-78.0
1777889098.4413323,-2.0,0.0,-80.0
1777889098.4513323,-3.0,0.0,-78.0
1777889098.4613323,-9.0,0.0,-74.0
1777889098.4713323,-10.0,0.0,-75.0
1777889098.4813323,-7.0,3.0,-72.0
1777889098.4913323,-9.0,3.0,-69.0
1777889098.5013323,-11.0,4.0,-68.0
1777889098.5113325,-7.0,-1.0,-73.0
1777889098.5213325,-1.0,-1.0,-73.0
1777889098.5313325,2.0,0.0,-71.0
1777889098.5413325,4.0,0.0,-70.0
1777889098.5513325,3.0,2.0,-73.0
1777889098.5613325,0.0,5.0,-70.0
1777889098.5713325,2.0,2.0,-66.0
1777889098.5813324,10.0,1.0,-75.0
1777889098.5913324,6.0,0.0,-85.0
1777889098.6013324,3.0,0.0,-85.0
1777889098.6113324,5.0,3.0,-85.0
1777889098.6213324,0.0,-1.0,-83.0
1777889098.6313324,0.0,-5.0,-85.0
1777889098.6413324,-2.0,-5.0,-83.0
1777889098.6513324,-2.0,-4.0,-81.0
1777889098.6613324,-4.0,-1.0,-85.0
1777889098.6713324,-5.0,-3.0,-82.0
1777889098.6813323,-4.0,-1.0,-83.0
1777889098.6913323,-2.0,-3.0,-85.0
1777889098.7013323,-1.0,-5.0,-83.0
1777889098.7113323,-2.0,-4.0,-83.0
1777889098.7213323,-4.0,-1.0,-81.0
1777889098.7313323,-1.0,-1.0,-81.0
1777889098.7413323,-5.0,-3.0,-84.0
1777889098.7513323,-5.0,-3.0,-80.0
1777889098.7613325,-5.0,-3.0,-77.0
1777889098.7713325,-4.0,-5.0,-74.0
1777889098.7813325,-5.0,-6.0,-67.0
1777889098.7913325,-4.0,-6.0,-68.0
1777889098.8013325,-2.0,-10.0,-72.0
1777889098.8113325,-2.0,-13.0,-67.0
1777889098.8213325,0.0,-10.0,-70.0
1777889098.8313324,1.0,-5.0,-71.0
1777889098.8413324,1.0,0.0,-72.0
1777889098.8513324,3.0,2.0,-74.0
1777889098.8613324,2.0,6.0,-68.0
1777889098.8713324,0.0,5.0,-65.0
1777889098.8813324,0.0,5.0,-72.0
1777889098.8913324,0.0,0.0,-73.0
1777889098.9013324,1.0,-1.0,-74.0
1777889098.9113324,3.0,1.0,-77.0
1777889098.9213324,7.0,-1.0,-78.0
1777889098.9313323,6.0,-4.0,-76.0
1777889098.9413323,1.0,-5.0,-78.0
1777889098.9513323,2.0,-4.0,-77.0
1777889098.9613323,5.0,-2.0,-74.0
1777889098.9713323,3.0,-6.0,-70.0
1777889098.9813323,3.0,-2.0,-66.0
1777889098.9913323,1.0,0.0,-69.0
1777889099.0013323,1.0,-3.0,-63.0
1777889099.0113325,4.0,-3.0,-72.0
1777889099.0213325,5.0,0.0,-66.0
1777889099.0313325,5.0,3.0,-63.0
1777889099.0413325,2.0,0.0,-60.0
1777889099.0513325,3.0,-1.0,-65.0
1777889099.0613325,2.0,0.0,-82.0
1777889099.0713325,1.0,0.0,-86.0
1777889099.0813324,0.0,2.0,-87.0
1777889099.0913324,0.0,3.0,-85.0
1777889099.1013324,-1.0,3.0,-80.0
1777889099.1113324,-1.0,5.0,-74.0
1777889099.1213324,0.0,4.0,-79.0
1777889099.1313324,0.0,3.0,-77.0
1777889099.1413324,4.0,2.0,-75.0
1777889099.1513324,6.0,0.0,-82.0
1777889099.1613324,3.0,0.0,-87.0
1777889099.1713324,4.0,-3.0,-88.0
1777889099.1813323,5.0,0.0,-91.0
1777889099.1913323,6.0,1.0,-88.0
1777889099.2013323,8.0,2.0,-81.0
1777889099.2113323,10.0,-1.0,-80.0
1777889099.2213323,9.0,-3.0,-75.0
1777889099.2313323,5.0,-5.0,-74.0
1777889099.2413323,0.0,-5.0,-80.0
1777889099.2513323,4.0,-4.0,-78.0
1777889099.2613325,1.0,-1.0,-72.0
1777889099.2713325,1.0,0.0,-76.0
1777889099.2813325,2.0,-4.0,-80.0
1777889099.2913325,3.0,-8.0,-82.0
1777889099.3013325,2.0,-6.0,-87.0
1777889099.3113325,0.0,-6.0,-85.0
1777889099.3213325,0.0,-2.0,-86.0
1777889099.3313324,-2.0,-1.0,-84.0
1777889099.3413324,-5.0,-2.0,-83.0
1777889099.3513324,-7.0,-2.0,-80.0
1777889099.3613324,-4.0,0.0,-86.0
1777889099.3713324,0.0,2.0,-86.0
1777889099.3813324,0.0,1.0,-85.0
1777889099.3913324,0.0,1.0,-80.0
1777889099.4013324,3.0,1.0,-76.0
1777889099.4113324,0.0,0.0,-75.0
1777889099.4213324,0.0,0.0,-77.0
1777889099.4313323,-3.0,-2.0,-81.0
1777889099.4413323,0.0,0.0,-86.0
1777889099.4513323,0.0,-4.0,-84.0
1777889099.4613323,4.0,-6.0,-85.0
1777889099.4713323,2.0,-3.0,-83.0
1777889099.4813323,1.0,-4.0,-80.0
1777889099.4913323,4.0,-9.0,-84.0
1777889099.5013323,0.0,-10.0,-86.0
1777889099.5113325,0.0,-1.0,-76.0
1777889099.5213325,1.0,1.0,-68.0
1777889099.5313325,0.0,3.0,-69.0
1777889099.5413325,-3.0,2.0,-68.0
1777889099.5513325,-2.0,2.0,-77.0
1777889099.5613325,-3.0,3.0,-78.0
1777889099.5713325,-1.0,0.0,-84.0
1777889099.5813324,4.0,-2.0,-81.0
1777889099.5913324,9.0,-3.0,-81.0
1777889099.6013324,10.0,-5.0,-75.0
1777889099.6113324,3.0,-5.0,-78.0
1777889099.6213324,1.0,-5.0,-80.0
1777889099.6313324,0.0,-3.0,-79.0
1777889099.6413324,0.0,-9.0,-80.0
1777889099.6513324,2.0,-8.0,-80.0
1777889099.6613324,1.0,-11.0,-75.0
1777889099.6713324,1.0,-7.0,-78.0
1777889099.6813323,2.0,-9.0,-79.0
1777889099.6913323,0.0,-8.0,-75.0
1777889099.7013323,4.0,-10.0,-76.0
1777889099.7113323,5.0,-6.0,-79.0
1777889099.7213323,4.0,-6.0,-77.0
1777889099.7313323,1.0,-8.0,-77.0
1777889099.7413323,1.0,-1.0,-73.0
1777889099.7513323,2.0,-2.0,-71.0
1777889099.7613325,2.0,-4.0,-78.0
1777889099.7713325,0.0,-6.0,-79.0
1777889099.7813325,-2.0,-7.0,-82.0
1777889099.7913325,-1.0,-5.0,-85.0
1777889099.8013325,-3.0,-8.0,-86.0
1777889099.8113325,0.0,-7.0,-88.0
1777889099.8213325,2.0,-5.0,-83.0
1777889099.8313324,1.0,-3.0,-75.0
1777889099.8413324,-4.0,-2.0,-73.0
1777889099.8513324,-5.0,-1.0,-76.0
1777889099.8613324,-2.0,-6.0,-81.0
1777889099.8713324,-1.0,-8.0,-87.0
1777889099.8813324,0.0,-6.0,-92.0
1777889099.8913324,-2.0,-4.0,-92.0
1777889099.9013324,-6.0,-4.0,-91.0
1777889099.9113324,-4.0,-5.0,-86.0
1777889099.9213324,-3.0,-2.0,-86.0
1777889099.9313323,-5.0,-5.0,-83.0
1777889099.9413323,-7.0,-6.0,-84.0
1777889099.9513323,-9.0,-11.0,-80.0
1777889099.9613323,-2.0,-13.0,-79.0
1777889099.9713323,-7.0,-10.0,-79.0
1777889099.9813323,-5.0,-6.0,-75.0
1777889099.9913323,-4.0,-3.0,-77.0
1777889100.0013323,0.0,-5.0,-81.0
1777889100.0113325,0.0,-2.0,-81.0
1777889100.0213325,1.0,3.0,-89.0
1777889100.0323324,-1.0,5.0,-92.0
1777889100.0413325,2.0,3.0,-93.0
1777889100.0513325,5.0,2.0,-85.0
1777889100.0623324,4.0,0.0,-86.0
1777889100.0723324,5.0,-3.0,-88.0
1777889100.0823324,-3.0,-2.0,-85.0
1777889100.0923324,-6.0,0.0,-82.0
1777889100.1023324,-5.0,-2.0,-84.0
1777889100.1123323,-4.0,-1.0,-89.0
1777889100.1223323,-8.0,3.0,-86.0
1777889100.1323323,-5.0,1.0,-81.0
1777889100.1423323,-5.0,1.0,-81.0
1777889100.1523323,-9.0,0.0,-82.0
1777889100.1623323,-9.0,0.0,-86.0
1777889100.1723323,-7.0,3.0,-82.0
1777889100.1823325,-5.0,1.0,-78.0
1777889100.1923325,-4.0,0.0,-79.0
1777889100.2023325,-6.0,0.0,-83.0
1777889100.2123325,-7.0,1.0,-75.0
1777889100.2223325,-1.0,2.0,-78.0
1777889100.2323325,2.0,3.0,-81.0
1777889100.2423325,4.0,2.0,-79.0
1777889100.2523324,4.0,3.0,-74.0
1777889100.2623324,2.0,4.0,-76.0
1777889100.2723324,0.0,7.0,-80.0
1777889100.2823324,0.0,4.0,-81.0
1777889100.2923324,2.0,3.0,-81.0
1777889100.3023324,5.0,2.0,-77.0
1777889100.3123324,7.0,0.0,-76.0
1777889100.3223324,5.0,-1.0,-76.0
1777889100.3323324,0.0,0.0,-80.0
1777889100.3423324,-1.0,-2.0,-81.0
1777889100.3523324,-1.0,-1.0,-79.0
1777889100.3623323,-2.0,0.0,-76.0
1777889100.3723323,-3.0,1.0,-78.0
1777889100.3823323,0.0,3.0,-78.0
1777889100.3923323,-1.0,3.0,-74.0
1777889100.4023323,1.0,0.0,-81.0
1777889100.4123323,6.0,0.0,-79.0
1777889100.4223323,4.0,0.0,-79.0
1777889100.4323325,4.0,-4.0,-80.0
1777889100.4423325,0.0,-3.0,-76.0
1777889100.4523325,-3.0,-3.0,-76.0
1777889100.4623325,-2.0,-2.0,-82.0
1777889100.4723325,-4.0,-4.0,-85.0
1777889100.4823325,-2.0,-4.0,-92.0
1777889100.4923325,-7.0,-2.0,-94.0
1777889100.5023324,-3.0,-1.0,-88.0
1777889100.5123324,-4.0,0.0,-81.0
1777889100.5223324,-4.0,5.0,-81.0
1777889100.5323324,-4.0,5.0,-85.0
1777889100.5423324,-4.0,0.0,-88.0
1777889100.5523324,0.0,-4.0,-91.0
1777889100.5623324,2.0,-7.0,-90.0
1777889100.5723324,4.0,-7.0,-90.0
1777889100.5823324,7.0,-4.0,-84.0
1777889100.5923324,8.0,0.0,-84.0
1777889100.6023324,4.0,4.0,-79.0
1777889100.6123323,8.0,4.0,-75.0
1777889100.6223323,3.0,6.0,-82.0
1777889100.6323323,5.0,2.0,-81.0
1777889100.6423323,2.0,1.0,-82.0
1777889100.6523323,-2.0,-2.0,-79.0
1777889100.6623323,-5.0,-2.0,-66.0
1777889100.6723323,-7.0,-8.0,-72.0
1777889100.6823325,-4.0,-12.0,-70.0
1777889100.6923325,-2.0,-6.0,-70.0
1777889100.7023325,0.0,-1.0,-68.0
1777889100.7123325,3.0,1.0,-69.0
1777889100.7223325,6.0,0.0,-72.0
1777889100.7323325,2.0,-3.0,-73.0
1777889100.7423325,1.0,-6.0,-70.0
1777889100.7523324,3.0,-4.0,-67.0
1777889100.7623324,8.0,-3.0,-64.0
1777889100.7723324,8.0,-2.0,-64.0
1777889100.7823324,7.0,0.0,-66.0
1777889100.7923324,7.0,-1.0,-70.0
1777889100.8023324,4.0,0.0,-70.0
1777889100.8123324,8.0,0.0,-69.0
1777889100.8223324,8.0,1.0,-70.0
1777889100.8323324,7.0,-1.0,-74.0
1777889100.8423324,7.0,-1.0,-74.0
1777889100.8523324,0.0,0.0,-82.0
1777889100.8623323,0.0,4.0,-81.0
1777889100.8723323,2.0,3.0,-82.0
1777889100.8823323,3.0,0.0,-80.0
1777889100.8923323,6.0,0.0,-78.0
1777889100.9023323,6.0,0.0,-78.0
1777889100.9123323,5.0,-2.0,-83.0
1777889100.9223323,5.0,-1.0,-75.0
1777889100.9323325,2.0,-1.0,-76.0
1777889100.9423325,-3.0,-1.0,-79.0
1777889100.9523325,-2.0,0.0,-78.0
1777889100.9623325,-2.0,0.0,-75.0
1777889100.9723325,6.0,4.0,-73.0
1777889100.9823325,9.0,5.0,-72.0
1777889100.9923325,6.0,3.0,-76.0
1777889101.0023324,1.0,1.0,-71.0
1777889101.0123324,2.0,0.0,-72.0
1777889101.0223324,3.0,-2.0,-71.0
1777889101.0323324,3.0,-6.0,-73.0
1777889101.0423324,7.0,-6.0,-73.0
1777889101.0523324,1.0,0.0,-79.0
1777889101.0623324,0.0,0.0,-77.0
1777889101.0723324,1.0,0.0,-74.0
1777889101.0823324,-1.0,3.0,-75.0
1777889101.0923324,-3.0,4.0,-80.0
1777889101.1023324,-6.0,5.0,-78.0
1777889101.1123323,-5.0,3.0,-80.0
1777889101.1223323,-4.0,0.0,-75.0
1777889101.1323323,-3.0,0.0,-69.0
1777889101.1423323,-5.0,2.0,-72.0
1777889101.1523323,-3.0,-1.0,-73.0
1777889101.1623323,-4.0,-4.0,-77.0
1777889101.1723323,-6.0,-2.0,-78.0
1777889101.1823325,-3.0,-5.0,-77.0
1777889101.1923325,-9.0,-5.0,-77.0
1777889101.2023325,-10.0,-2.0,-79.0
1777889101.2123325,-5.0,-3.0,-76.0
1777889101.2223325,0.0,-3.0,-74.0
1777889101.2323325,0.0,-4.0,-77.0
1777889101.2423325,-1.0,-3.0,-74.0
1777889101.2523324,-1.0,0.0,-70.0
1777889101.2623324,1.0,4.0,-64.0
1777889101.2723324,4.0,-1.0,-63.0
1777889101.2823324,9.0,-1.0,-64.0
1777889101.2923324,11.0,0.0,-68.0
1777889101.3023324,7.0,2.0,-74.0
1777889101.3123324,3.0,0.0,-74.0
1777889101.3223324,0.0,2.0,-76.0
1777889101.3323324,0.0,0.0,-80.0
1777889101.3423324,0.0,2.0,-79.0
1777889101.3523324,1.0,0.0,-71.0
1777889101.3623323,1.0,0.0,-75.0
1777889101.3723323,-1.0,2.0,-78.0
1777889101.3823323,-2.0,0.0,-75.0
1777889101.3923323,4.0,-3.0,-75.0
1777889101.4023323,2.0,-4.0,-70.0
1777889101.4123323,0.0,-4.0,-72.0
1777889101.4223323,-7.0,-4.0,-72.0
1777889101.4323325,-3.0,-2.0,-73.0
1777889101.4423325,0.0,0.0,-73.0
1777889101.4523325,1.0,-1.0,-68.0
1777889101.4623325,3.0,-1.0,-68.0
1777889101.4723325,5.0,0.0,-71.0
1777889101.4823325,5.0,-2.0,-67.0
1777889101.4923325,5.0,0.0,-71.0
1777889101.5023324,9.0,0.0,-72.0
1777889101.5123324,8.0,-3.0,-71.0
1777889101.5223324,0.0,0.0,-75.0
1777889101.5323324,-1.0,-1.0,-75.0
1777889101.5423324,1.0,0.0,-75.0
1777889101.5523324,5.0,-3.0,-73.0
1777889101.5623324,10.0,-1.0,-71.0
1777889101.5723324,5.0,-1.0,-75.0
1777889101.5823324,3.0,3.0,-75.0
1777889101.5923324,2.0,0.0,-85.0
1777889101.6023324,0.0,-2.0,-80.0
1777889101.6123323,0.0,0.0,-79.0
1777889101.6223323,-4.0,-5.0,-75.0
1777889101.6323323,1.0,-5.0,-73.0
1777889101.6423323,0.0,-2.0,-77.0
1777889101.6523323,-2.0,-2.0,-79.0
1777889101.6623323,0.0,-4.0,-83.0
1777889101.6723323,-1.0,-7.0,-84.0
1777889101.6823325,-1.0,-4.0,-83.0
1777889101.6923325,0.0,0.0,-83.0
1777889101.7023325,2.0,-2.0,-86.0
1777889101.7123325,4.0,0.0,-79.0
1777889101.7223325,11.0,-3.0,-75.0
1777889101.7323325,13.0,-3.0,-71.0
1777889101.7423325,8.0,-2.0,-75.0
1777889101.7523324,4.0,-5.0,-76.0
1777889101.7623324,2.0,-3.0,-76.0
1777889101.7723324,0.0,-2.0,-71.0
1777889101.7823324,4.0,-3.0,-73.0
1777889101.7923324,0.0,-3.0,-76.0
1777889101.8023324,1.0,-4.0,-75.0
1777889101.8123324,-1.0,-5.0,-81.0
1777889101.8223324,-2.0,-7.0,-82.0
1777889101.8323324,-2.0,-4.0,-85.0
1777889101.8423324,-2.0,-3.0,-81.0
1777889101.8523324,-1.0,-1.0,-77.0
1777889101.8623323,-4.0,0.0,-70.0
1777889101.8723323,-3.0,-1.0,-68.0
1777889101.8823323,-4.0,-5.0,-69.0
1777889101.8923323,-3.0,-4.0,-75.0
1777889101.9023323,0.0,0.0,-73.0
1777889101.9123323,-1.0,2.0,-77.0
1777889101.9223323,0.0,4.0,-77.0
1777889101.9323325,-3.0,0.0,-78.0
1777889101.9423325,-4.0,0.0,-79.0
1777889101.9523325,-5.0,0.0,-77.0
1777889101.9623325,-5.0,-3.0,-75.0
1777889101.9723325,-6.0,-2.0,-82.0
1777889101.9823325,-5.0,-4.0,-77.0
1777889101.9923325,-2.0,-7.0,-81.0
1777889102.0023324,-3.0,-5.0,-83.0
1777889102.0123324,0.0,-6.0,-78.0
1777889102.0223324,0.0,-6.0,-81.0
1777889102.0323324,7.0,-4.0,-81.0
1777889102.0423324,1.0,-2.0,-81.0
1777889102.0533323,-1.0,0.0,-84.0
1777889102.0633323,0.0,0.0,-84.0
1777889102.0733323,-2.0,-1.0,-85.0
1777889102.0823324,-1.0,0.0,-83.0
1777889102.0933323,-4.0,0.0,-78.0
1777889102.1033323,-3.0,-2.0,-85.0
1777889102.1133325,0.0,-4.0,-80.0
1777889102.1233325,0.0,-5.0,-80.0
1777889102.1333325,-2.0,0.0,-83.0
1777889102.1433325,-3.0,-3.0,-84.0
1777889102.1533325,1.0,-5.0,-80.0
1777889102.1633325,0.0,-5.0,-80.0
1777889102.1733325,-2.0,-5.0,-71.0
1777889102.1833324,-4.0,-6.0,-72.0
1777889102.1933324,-7.0,-6.0,-77.0
1777889102.2033324,-3.0,-4.0,-76.0
1777889102.2133324,-7.0,-2.0,-79.0
1777889102.2233324,-9.0,2.0,-83.0
1777889102.2333324,-10.0,2.0,-83.0
1777889102.2433324,-6.0,0.0,-76.0
1777889102.2533324,-3.0,-3.0,-78.0
1777889102.2633324,0.0,-3.0,-82.0
1777889102.2733324,-1.0,-5.0,-83.0
1777889102.2833323,-1.0,-3.0,-84.0
1777889102.2933323,0.0,-4.0,-87.0
1777889102.3033323,3.0,-4.0,-82.0
1777889102.3133323,6.0,-3.0,-73.0
1777889102.3233323,6.0,-6.0,-72.0
1777889102.3333323,6.0,-6.0,-70.0
1777889102.3433323,4.0,-8.0,-67.0
1777889102.3533323,2.0,-7.0,-69.0
1777889102.3633325,0.0,-6.0,-68.0
1777889102.3733325,0.0,-8.0,-74.0
1777889102.3833325,0.0,-6.0,-76.0
1777889102.3933325,0.0,0.0,-77.0
1777889102.4033325,-2.0,0.0,-81.0
1777889102.4133325,0.0,0.0,-78.0
1777889102.4233325,2.0,2.0,-79.0
1777889102.4333324,0.0,0.0,-80.0
1777889102.4433324,1.0,1.0,-76.0
1777889102.4533324,5.0,2.0,-74.0
1777889102.4633324,8.0,-2.0,-70.0
1777889102.4733324,9.0,-7.0,-71.0
1777889102.4833324,11.0,-9.0,-75.0
1777889102.4933324,9.0,-7.0,-74.0
1777889102.5033324,12.0,-6.0,-76.0
1777889102.5133324,10.0,-6.0,-71.0
1777889102.5233324,6.0,-9.0,-71.0
1777889102.5333323,3.0,-8.0,-66.0
1777889102.5433323,4.0,-5.0,-63.0
1777889102.5533323,2.0,-10.0,-60.0
1777889102.5633323,3.0,-8.0,-58.0
1777889102.5733323,4.0,-11.0,-61.0
1777889102.5833323,6.0,-8.0,-64.0
1777889102.5933323,6.0,-4.0,-74.0
1777889102.6033323,8.0,-6.0,-71.0
1777889102.6133325,5.0,-3.0,-77.0
1777889102.6233325,3.0,-5.0,-78.0
1777889102.6333325,0.0,0.0,-75.0
1777889102.6433325,2.0,-2.0,-78.0
1777889102.6533325,3.0,0.0,-78.0
1777889102.6633325,3.0,2.0,-72.0
1777889102.6733325,0.0,1.0,-67.0
1777889102.6833324,3.0,-1.0,-73.0
1777889102.6933324,4.0,-2.0,-73.0
1777889102.7033324,6.0,-3.0,-77.0
1777889102.7133324,2.0,0.0,-74.0
1777889102.7233324,0.0,3.0,-72.0
1777889102.7333324,5.0,1.0,-69.0
1777889102.7433324,7.0,2.0,-71.0
1777889102.7533324,7.0,2.0,-75.0
1777889102.7633324,4.0,4.0,-72.0
1777889102.7733324,0.0,6.0,-65.0
1777889102.7833323,0.0,2.0,-77.0
1777889102.7933323,0.0,-5.0,-82.0
1777889102.8033323,-5.0,-4.0,-82.0
1777889102.8133323,-9.0,-2.0,-84.0
1777889102.8233323,-11.0,-2.0,-83.0
1777889102.8333323,-7.0,0.0,-87.0
1777889102.8433323,-7.0,2.0,-88.0
1777889102.8533323,-4.0,1.0,-79.0
1777889102.8633325,-7.0,2.0,-77.0
1777889102.8733325,-6.0,4.0,-77.0
1777889102.8833325,-2.0,0.0,-78.0
1777889102.8933325,-3.0,0.0,-76.0
1777889102.9033325,0.0,1.0,-83.0
1777889102.9133325,0.0,0.0,-73.0
1777889102.9233325,1.0,0.0,-76.0
1777889102.9333324,0.0,0.0,-79.0
1777889102.9433324,-3.0,-1.0,-71.0
1777889102.9533324,-2.0,0.0,-77.0
1777889102.9633324,0.0,1.0,-74.0
1777889102.9733324,-2.0,5.0,-73.0
1777889102.9833324,-5.0,6.0,-73.0
1777889102.9933324,-8.0,7.0,-77.0
1777889103.0033324,-8.0,13.0,-86.0
1777889103.0133324,-5.0,11.0,-88.0
1777889103.0233324,-1.0,4.0,-88.0
1777889103.0333323,-4.0,0.0,-84.0
1777889103.0433323,-3.0,0.0,-81.0
1777889103.0533323,-5.0,0.0,-82.0
1777889103.0633323,-3.0,-1.0,-83.0
1777889103.0733323,-2.0,-3.0,-87.0
1777889103.0833323,1.0,-1.0,-80.0
1777889103.0933323,0.0,-2.0,-79.0
1777889103.1033323,0.0,-5.0,-79.0
1777889103.1133325,0.0,-2.0,-75.0
1777889103.1233325,-2.0,-1.0,-75.0
1777889103.1333325,-1.0,-2.0,-73.0
1777889103.1433325,0.0,-2.0,-74.0
1777889103.1533325,-1.0,-3.0,-75.0
1777889103.1633325,-2.0,0.0,-80.0
1777889103.1733325,-1.0,0.0,-77.0
1777889103.1833324,0.0,-2.0,-74.0
1777889103.1933324,-1.0,-1.0,-76.0
1777889103.2033324,-1.0,0.0,-72.0
1777889103.2133324,-3.0,4.0,-71.0
1777889103.2233324,-6.0,0.0,-74.0
1777889103.2333324,0.0,0.0,-74.0
1777889103.2433324,0.0,0.0,-74.0
1777889103.2533324,0.0,1.0,-79.0
1777889103.2633324,-1.0,1.0,-73.0
1777889103.2733324,-2.0,0.0,-74.0
1777889103.2833323,-2.0,0.0,-80.0
1777889103.2933323,-6.0,-3.0,-83.0
1777889103.3033323,-6.0,-2.0,-79.0
1777889103.3133323,-3.0,-3.0,-79.0
1777889103.3233323,-2.0,-1.0,-79.0
1777889103.3333323,-2.0,0.0,-80.0
1777889103.3433323,-2.0,1.0,-81.0
1777889103.3533323,-9.0,4.0,-85.0
1777889103.3633325,-2.0,0.0,-84.0
1777889103.3733325,-1.0,-2.0,-84.0
1777889103.3833325,5.0,-1.0,-84.0
1777889103.3933325,4.0,0.0,-80.0
1777889103.4033325,3.0,-1.0,-81.0
1777889103.4133325,1.0,-5.0,-80.0
1777889103.4233325,2.0,-3.0,-77.0
1777889103.4333324,0.0,-7.0,-75.0
1777889103.4433324,1.0,-8.0,-73.0
1777889103.4533324,0.0,0.0,-69.0
1777889103.4633324,2.0,2.0,-70.0
1777889103.4733324,0.0,0.0,-70.0
1777889103.4833324,3.0,1.0,-69.0
1777889103.4933324,7.0,-1.0,-71.0
1777889103.5033324,8.0,-6.0,-77.0
1777889103.5133324,3.0,-1.0,-79.0
1777889103.5233324,4.0,1.0,-84.0
1777889103.5333323,4.0,0.0,-82.0
1777889103.5433323,8.0,1.0,-81.0
1777889103.5533323,5.0,-2.0,-75.0
1777889103.5633323,4.0,-1.0,-71.0
1777889103.5733323,4.0,2.0,-70.0
1777889103.5833323,5.0,-3.0,-71.0
1777889103.5933323,3.0,-1.0,-72.0
1777889103.6033323,-2.0,-1.0,-69.0
1777889103.6133325,-7.0,2.0,-80.0
1777889103.6233325,-6.0,6.0,-76.0
1777889103.6333325,-4.0,4.0,-70.0
1777889103.6433325,-5.0,0.0,-64.0
1777889103.6533325,-2.0,0.0,-69.0
1777889103.6633325,0.0,5.0,-72.0
1777889103.6733325,-2.0,3.0,-65.0
1777889103.6833324,-2.0,1.0,-62.0
1777889103.6933324,-1.0,2.0,-62.0
1777889103.7033324,-1.0,2.0,-71.0
1777889103.7133324,0.0,-1.0,-73.0
1777889103.7233324,0.0,-1.0,-73.0
1777889103.7333324,0.0,0.0,-71.0
1777889103.7433324,0.0,-2.0,-70.0
1777889103.7533324,2.0,0.0,-77.0
1777889103.7633324,-1.0,0.0,-76.0
1777889103.7733324,1.0,0.0,-75.0
1777889103.7833323,2.0,0.0,-68.0
1777889103.7933323,6.0,4.0,-69.0
1777889103.8033323,5.0,6.0,-66.0
1777889103.8133323,6.0,6.0,-63.0
1777889103.8233323,3.0,3.0,-67.0
1777889103.8333323,1.0,2.0,-69.0
1777889103.8433323,4.0,4.0,-76.0
1777889103.8533323,2.0,7.0,-78.0
1777889103.8633325,1.0,6.0,-81.0
1777889103.8733325,3.0,0.0,-76.0
1777889103.8833325,3.0,-3.0,-77.0
1777889103.8933325,6.0,-6.0,-75.0
1777889103.9033325,6.0,-5.0,-77.0
1777889103.9133325,5.0,0.0,-77.0
1777889103.9233325,3.0,2.0,-82.0
1777889103.9333324,5.0,0.0,-83.0
1777889103.9433324,2.0,-1.0,-80.0
1777889103.9533324,5.0,-3.0,-75.0
1777889103.9633324,6.0,-6.0,-75.0
1777889103.9733324,5.0,-7.0,-73.0
1777889103.9833324,3.0,-5.0,-75.0
1777889103.9933324,6.0,-4.0,-72.0
1777889104.0033324,7.0,-7.0,-78.0
1777889104.0133324,2.0,-7.0,-70.0
1777889104.0233324,1.0,-5.0,-68.0
1777889104.0343325,0.0,0.0,-68.0
1777889104.0443325,-1.0,6.0,-66.0
1777889104.0543325,-3.0,5.0,-66.0
1777889104.0643325,-1.0,3.0,-66.0
1777889104.0743325,0.0,0.0,-68.0
1777889104.0843325,-3.0,-2.0,-69.0
1777889104.0943325,-1.0,0.0,-73.0
1777889104.1043324,0.0,3.0,-71.0
1777889104.1143324,-3.0,9.0,-64.0
1777889104.1243324,0.0,4.0,-66.0
1777889104.1343324,-1.0,2.0,-64.0
1777889104.1443324,0.0,2.0,-60.0
1777889104.1543324,2.0,2.0,-62.0
1777889104.1643324,0.0,1.0,-67.0
1777889104.1743324,3.0,2.0,-69.0
1777889104.1843324,6.0,5.0,-72.0
1777889104.1943324,6.0,5.0,-77.0
1777889104.2043324,5.0,7.0,-76.0
1777889104.2143323,8.0,3.0,-76.0
1777889104.2243323,4.0,0.0,-82.0
1777889104.2343323,5.0,1.0,-80.0
1777889104.2443323,5.0,1.0,-74.0
1777889104.2543323,1.0,3.0,-77.0
1777889104.2643323,-2.0,1.0,-76.0
1777889104.2743323,1.0,1.0,-71.0
1777889104.2843325,0.0,2.0,-72.0
1777889104.2943325,3.0,2.0,-74.0
1777889104.3043325,4.0,2.0,-73.0
1777889104.3143325,1.0,2.0,-76.0
1777889104.3243325,5.0,2.0,-78.0
1777889104.3343325,1.0,1.0,-79.0
1777889104.3443325,4.0,0.0,-73.0
1777889104.3543324,6.0,-4.0,-74.0
1777889104.3643324,7.0,-5.0,-75.0
1777889104.3743324,5.0,-4.0,-77.0
1777889104.3843324,-1.0,-3.0,-77.0
1777889104.3943324,-2.0,-3.0,-82.0
1777889104.4043324,1.0,-5.0,-84.0
1777889104.4143324,2.0,-3.0,-80.0
1777889104.4243324,5.0,-4.0,-81.0
1777889104.4343324,2.0,1.0,-87.0
1777889104.4443324,0.0,0.0,-82.0
1777889104.4543324,0.0,0.0,-79.0
1777889104.4643323,0.0,-1.0,-83.0
1777889104.4743323,5.0,0.0,-80.0
1777889104.4843323,2.0,-3.0,-76.0
1777889104.4943323,0.0,0.0,-71.0
1777889104.5043323,-2.0,1.0,-69.0
1777889104.5143323,-5.0,-2.0,-72.0
1777889104.5243323,-7.0,-4.0,-73.0
1777889104.5343325,-2.0,-3.0,-74.0
1777889104.5443325,1.0,-1.0,-74.0
1777889104.5543325,3.0,0.0,-81.0
1777889104.5643325,2.0,0.0,-80.0
1777889104.5743325,1.0,-1.0,-81.0
1777889104.5843325,3.0,2.0,-85.0
1777889104.5943325,2.0,3.0,-87.0
1777889104.6043324,5.0,3.0,-82.0
1777889104.6143324,6.0,4.0,-76.0
1777889104.6243324,1.0,0.0,-79.0
1777889104.6343324,1.0,0.0,-85.0
1777889104.6443324,-1.0,0.0,-85.0
1777889104.6543324,-4.0,1.0,-79.0
1777889104.6643324,1.0,0.0,-78.0
1777889104.6743324,5.0,-2.0,-72.0
1777889104.6843324,7.0,0.0,-71.0
1777889104.6943324,15.0,-3.0,-72.0
1777889104.7043324,11.0,-3.0,-75.0
1777889104.7143323,13.0,0.0,-72.0
1777889104.7243323,10.0,0.0,-75.0
1777889104.7343323,7.0,0.0,-83.0
1777889104.7443323,3.0,-1.0,-80.0
1777889104.7543323,4.0,-2.0,-67.0
1777889104.7643323,4.0,-2.0,-68.0
1777889104.7743323,1.0,1.0,-81.0
1777889104.7843325,1.0,2.0,-83.0
1777889104.7943325,-1.0,0.0,-75.0
1777889104.8043325,-5.0,-1.0,-76.0
1777889104.8143325,-2.0,0.0,-76.0
1777889104.8243325,-2.0,3.0,-79.0
1777889104.8343325,-1.0,2.0,-80.0
1777889104.8443325,-1.0,-1.0,-81.0
1777889104.8543324,-2.0,-2.0,-86.0
1777889104.8643324,-3.0,-2.0,-87.0
1777889104.8743324,-1.0,0.0,-75.0
1777889104.8843324,0.0,4.0,-72.0
1777889104.8943324,-2.0,2.0,-70.0
1777889104.9043324,4.0,3.0,-77.0
1777889104.9143324,4.0,5.0,-75.0
1777889104.9243324,5.0,4.0,-78.0
1777889104.9343324,9.0,-2.0,-84.0
1777889104.9443324,5.0,-3.0,-82.0
1777889104.9543324,6.0,-3.0,-81.0
1777889104.9643323,2.0,0.0,-80.0
1777889104.9743323,1.0,-1.0,-82.0
1777889104.9843323,3.0,-4.0,-77.0
1777889104.9943323,0.0,-1.0,-74.0
1777889105.0043323,0.0,-3.0,-77.0
1777889105.0143323,-2.0,-2.0,-74.0
1777889105.0243323,1.0,-4.0,-72.0
1777889105.0343325,-1.0,0.0,-70.0
1777889105.0443325,2.0,-2.0,-77.0
1777889105.0543325,2.0,-3.0,-81.0
1777889105.0643325,-2.0,-2.0,-77.0
1777889105.0743325,0.0,-3.0,-78.0
1777889105.0843325,2.0,-5.0,-73.0
1777889105.0943325,2.0,-3.0,-76.0
1777889105.1043324,1.0,-3.0,-73.0
1777889105.1143324,0.0,-5.0,-74.0
1777889105.1243324,5.0,-2.0,-79.0
1777889105.1343324,4.0,-1.0,-72.0
1777889105.1443324,2.0,-2.0,-74.0
1777889105.1543324,2.0,-6.0,-77.0
1777889105.1643324,-1.0,-6.0,-82.0
1777889105.1743324,-5.0,-10.0,-84.0
1777889105.1843324,-2.0,-11.0,-80.0
1777889105.1943324,0.0,-11.0,-77.0
1777889105.2043324,2.0,-11.0,-74.0
1777889105.2143323,4.0,-11.0,-80.0
1777889105.2243323,8.0,-9.0,-82.0
1777889105.2343323,6.0,-8.0,-79.0
1777889105.2443323,1.0,-4.0,-78.0
1777889105.2543323,4.0,-5.0,-77.0
1777889105.2643323,4.0,0.0,-83.0
1777889105.2743323,2.0,-1.0,-84.0
1777889105.2843325,2.0,-1.0,-82.0
1777889105.2943325,-1.0,-1.0,-75.0
1777889105.3043325,1.0,-5.0,-68.0
1777889105.3143325,3.0,-4.0,-72.0
1777889105.3243325,5.0,0.0,-73.0
1777889105.3343325,6.0,0.0,-75.0
1777889105.3443325,6.0,0.0,-76.0
1777889105.3543324,5.0,2.0,-76.0
1777889105.3643324,7.0,5.0,-80.0
1777889105.3743324,2.0,6.0,-72.0
1777889105.3843324,-3.0,7.0,-74.0
1777889105.3943324,-5.0,0.0,-73.0
1777889105.4043324,-7.0,3.0,-77.0
1777889105.4143324,-5.0,1.0,-77.0
1777889105.4243324,-4.0,1.0,-76.0
1777889105.4343324,-3.0,3.0,-79.0
1777889105.4443324,-2.0,6.0,-73.0
1777889105.4543324,-5.0,1.0,-76.0
1777889105.4643323,1.0,0.0,-76.0
1777889105.4743323,-2.0,0.0,-73.0
1777889105.4843323,-1.0,0.0,-70.0
1777889105.4943323,-3.0,1.0,-72.0
1777889105.5043323,1.0,-3.0,-77.0
1777889105.5143323,-1.0,-2.0,-78.0
1777889105.5243323,-2.0,-2.0,-76.0
1777889105.5343325,-1.0,0.0,-80.0
1777889105.5443325,-3.0,2.0,-74.0
1777889105.5543325,-5.0,0.0,-79.0
1777889105.5643325,-6.0,1.0,-75.0
1777889105.5743325,-7.0,4.0,-78.0
1777889105.5843325,-7.0,5.0,-74.0
1777889105.5943325,-5.0,2.0,-75.0
1777889105.6043324,2.0,1.0,-71.0
1777889105.6143324,6.0,1.0,-77.0
1777889105.6243324,6.0,4.0,-76.0
1777889105.6343324,8.0,2.0,-80.0
1777889105.6443324,8.0,0.0,-75.0
1777889105.6543324,9.0,1.0,-73.0
1777889105.6643324,7.0,0.0,-70.0
1777889105.6743324,4.0,-4.0,-69.0
1777889105.6843324,2.0,-9.0,-72.0
1777889105.6943324,4.0,-5.0,-68.0
1777889105.7043324,4.0,-5.0,-67.0
1777889105.7143323,4.0,-3.0,-70.0
1777889105.7243323,1.0,-5.0,-70.0
1777889105.7343323,0.0,-7.0,-76.0
1777889105.7443323,0.0,-4.0,-81.0
1777889105.7543323,5.0,-3.0,-83.0
1777889105.7643323,7.0,-3.0,-91.0
1777889105.7743323,3.0,-3.0,-85.0
1777889105.7843325,0.0,1.0,-80.0
1777889105.7943325,1.0,4.0,-73.0
1777889105.8043325,2.0,1.0,-77.0
1777889105.8143325,2.0,1.0,-72.0
1777889105.8243325,1.0,2.0,-73.0
1777889105.8343325,-4.0,1.0,-70.0
1777889105.8443325,-2.0,0.0,-70.0
1777889105.8543324,1.0,0.0,-76.0
1777889105.8643324,2.0,-1.0,-75.0
1777889105.8743324,1.0,0.0,-75.0
1777889105.8843324,1.0,-1.0,-76.0
1777889105.8943324,0.0,-1.0,-74.0
1777889105.9043324,-1.0,0.0,-72.0
1777889105.9143324,-3.0,0.0,-72.0
1777889105.9243324,-4.0,-2.0,-79.0
1777889105.9343324,-7.0,0.0,-83.0
1777889105.9443324,-4.0,0.0,-88.0
1777889105.9543324,-5.0,-1.0,-87.0
1777889105.9643323,0.0,-4.0,-85.0
1777889105.9743323,3.0,-4.0,-88.0
1777889105.9843323,4.0,-7.0,-87.0
1777889105.9943323,6.0,-7.0,-89.0
1777889106.0043323,6.0,-5.0,-93.0
1777889106.0153325,6.0,-5.0,-92.0
1777889106.0243323,8.0,-4.0,-86.0
1777889106.0353324,3.0,-3.0,-91.0
1777889106.0453324,6.0,-4.0,-91.0
1777889106.0553324,4.0,-2.0,-85.0
1777889106.0653324,7.0,1.0,-85.0
1777889106.0743325,3.0,0.0,-86.0
1777889106.0853324,3.0,0.0,-88.0
1777889106.0953324,1.0,0.0,-90.0
1777889106.1053324,7.0,-2.0,-88.0
1777889106.1153324,7.0,0.0,-92.0
1777889106.1253324,6.0,1.0,-86.0
1777889106.1353323,2.0,2.0,-87.0
1777889106.1453323,1.0,-1.0,-79.0
1777889106.1553323,5.0,-3.0,-79.0
1777889106.1653323,6.0,-4.0,-71.0
1777889106.1753323,10.0,-1.0,-70.0
1777889106.1853323,12.0,-2.0,-69.0
1777889106.1953323,9.0,-2.0,-63.0
1777889106.2053325,8.0,-2.0,-63.0
1777889106.2153325,6.0,2.0,-64.0
1777889106.2253325,6.0,0.0,-68.0
1777889106.2353325,5.0,0.0,-69.0
1777889106.2453325,0.0,1.0,-69.0
1777889106.2553325,-2.0,2.0,-75.0
1777889106.2653325,-1.0,0.0,-75.0
1777889106.2753325,0.0,-2.0,-81.0
1777889106.2853324,0.0,1.0,-84.0
1777889106.2953324,0.0,2.0,-89.0
1777889106.3053324,-2.0,1.0,-89.0
1777889106.3153324,-1.0,-1.0,-86.0
1777889106.3253324,0.0,-2.0,-91.0
1777889106.3353324,3.0,-2.0,-88.0
1777889106.3453324,4.0,0.0,-88.0
1777889106.3553324,3.0,0.0,-85.0
1777889106.3653324,4.0,1.0,-79.0
1777889106.3753324,2.0,0.0,-83.0
1777889106.3853323,0.0,-3.0,-76.0
1777889106.3953323,0.0,-3.0,-79.0
1777889106.4053323,1.0,-6.0,-71.0
1777889106.4153323,0.0,-3.0,-74.0
1777889106.4253323,3.0,-6.0,-74.0
1777889106.4353323,2.0,-5.0,-72.0
1777889106.4453323,-2.0,-8.0,-70.0
1777889106.4553325,-2.0,-4.0,-67.0
1777889106.4653325,0.0,-3.0,-65.0
1777889106.4753325,-1.0,0.0,-63.0
1777889106.4853325,-2.0,5.0,-65.0
1777889106.4953325,0.0,2.0,-62.0
1777889106.5053325,-5.0,1.0,-61.0
1777889106.5153325,-9.0,1.0,-63.0
1777889106.5253325,-6.0,-2.0,-67.0
1777889106.5353324,-10.0,-2.0,-68.0
1777889106.5453324,-9.0,-3.0,-62.0
1777889106.5553324,-8.0,-1.0,-72.0
1777889106.5653324,-4.0,0.0,-70.0
1777889106.5753324,-1.0,1.0,-76.0
1777889106.5853324,1.0,0.0,-70.0
1777889106.5953324,3.0,0.0,-63.0
1777889106.6053324,1.0,0.0,-66.0
1777889106.6153324,-3.0,4.0,-58.0
1777889106.6253324,-4.0,2.0,-63.0
1777889106.6353323,-1.0,2.0,-65.0
1777889106.6453323,0.0,2.0,-71.0
1777889106.6553323,-3.0,0.0,-70.0
1777889106.6653323,-2.0,0.0,-74.0
1777889106.6753323,-7.0,3.0,-77.0
1777889106.6853323,-6.0,7.0,-79.0
1777889106.6953323,-1.0,5.0,-80.0
1777889106.7053325,-1.0,5.0,-82.0
1777889106.7153325,1.0,0.0,-79.0
1777889106.7253325,2.0,-4.0,-84.0
1777889106.7353325,5.0,-5.0,-86.0
1777889106.7453325,5.0,-7.0,-80.0
1777889106.7553325,0.0,-5.0,-86.0
1777889106.7653325,-2.0,-4.0,-78.0
1777889106.7753325,-1.0,-4.0,-74.0
1777889106.7853324,-1.0,-3.0,-73.0
1777889106.7953324,-4.0,-6.0,-75.0
1777889106.8053324,-3.0,-3.0,-77.0
1777889106.8153324,-7.0,-3.0,-80.0
1777889106.8253324,-8.0,0.0,-80.0
1777889106.8353324,-6.0,-1.0,-79.0
1777889106.8453324,-8.0,-4.0,-70.0
1777889106.8553324,-8.0,-2.0,-69.0
1777889106.8653324,-10.0,-2.0,-68.0
1777889106.8753324,-8.0,0.0,-67.0
1777889106.8853323,-7.0,-1.0,-66.0
1777889106.8953323,0.0,-1.0,-72.0
1777889106.9053323,0.0,0.0,-80.0
1777889106.9153323,4.0,0.0,-77.0
1777889106.9253323,3.0,1.0,-75.0
1777889106.9353323,1.0,-2.0,-75.0
1777889106.9453323,2.0,-2.0,-78.0
1777889106.9553325,0.0,-5.0,-77.0
1777889106.9653325,-1.0,-1.0,-68.0
1777889106.9753325,0.0,-4.0,-70.0
1777889106.9853325,3.0,-4.0,-75.0
1777889106.9953325,4.0,-5.0,-78.0
1777889107.0053325,1.0,-4.0,-82.0
1777889107.0153325,0.0,-5.0,-79.0
1777889107.0253325,-3.0,-7.0,-80.0
1777889107.0353324,-1.0,-7.0,-79.0
1777889107.0453324,0.0,-7.0,-79.0
1777889107.0553324,7.0,-4.0,-75.0
1777889107.0653324,9.0,-4.0,-81.0
1777889107.0753324,4.0,-3.0,-82.0
1777889107.0853324,0.0,0.0,-83.0
1777889107.0953324,4.0,-2.0,-74.0
1777889107.1053324,3.0,-1.0,-69.0
1777889107.1153324,3.0,-1.0,-68.0
1777889107.1253324,0.0,-4.0,-65.0
1777889107.1353323,0.0,-5.0,-72.0
1777889107.1453323,-1.0,-5.0,-72.0
1777889107.1553323,-2.0,-8.0,-71.0
1777889107.1653323,-1.0,-11.0,-72.0
1777889107.1753323,0.0,-9.0,-74.0
1777889107.1853323,0.0,-10.0,-70.0
1777889107.1953323,0.0,-10.0,-71.0
1777889107.2053325,1.0,-6.0,-73.0
1777889107.2153325,0.0,-4.0,-79.0
1777889107.2253325,0.0,-4.0,-77.0
1777889107.2353325,-1.0,-1.0,-77.0
1777889107.2453325,1.0,-1.0,-80.0
1777889107.2553325,0.0,1.0,-76.0
1777889107.2653325,-1.0,1.0,-71.0
1777889107.2753325,-2.0,-1.0,-73.0
1777889107.2853324,2.0,-7.0,-83.0
1777889107.2953324,3.0,-8.0,-90.0
1777889107.3053324,-1.0,-2.0,-86.0
1777889107.3153324,0.0,0.0,-84.0
1777889107.3253324,4.0,-2.0,-86.0
1777889107.3353324,4.0,0.0,-81.0
1777889107.3453324,4.0,0.0,-82.0
1777889107.3553324,5.0,-1.0,-75.0
1777889107.3653324,0.0,-5.0,-82.0
1777889107.3753324,1.0,-2.0,-78.0
1777889107.3853323,0.0,-1.0,-79.0
1777889107.3953323,-2.0,-2.0,-77.0
1777889107.4053323,1.0,-1.0,-69.0
1777889107.4153323,1.0,1.0,-74.0
1777889107.4253323,3.0,-2.0,-77.0
1777889107.4353323,4.0,0.0,-83.0
1777889107.4453323,3.0,-1.0,-83.0
1777889107.4553325,3.0,-5.0,-80.0
1777889107.4653325,1.0,-5.0,-77.0
1777889107.4753325,-1.0,-6.0,-75.0
1777889107.4853325,-2.0,-2.0,-74.0
1777889107.4953325,0.0,2.0,-69.0
1777889107.5053325,0.0,2.0,-66.0
1777889107.5153325,3.0,1.0,-68.0
1777889107.5253325,5.0,-1.0,-79.0
1777889107.5353324,2.0,-1.0,-80.0
1777889107.5453324,1.0,-4.0,-75.0
1777889107.5553324,1.0,-2.0,-77.0
1777889107.5653324,1.0,-1.0,-82.0
1777889107.5753324,0.0,-2.0,-77.0
1777889107.5853324,-1.0,-2.0,-70.0
1777889107.5953324,2.0,-2.0,-71.0
1777889107.6053324,-3.0,0.0,-70.0
1777889107.6153324,5.0,-1.0,-74.0
1777889107.6253324,4.0,0.0,-69.0
1777889107.6353323,2.0,0.0,-70.0
1777889107.6453323,0.0,-1.0,-74.0
1777889107.6553323,0.0,1.0,-80.0
1777889107.6653323,0.0,4.0,-79.0
1777889107.6753323,0.0,5.0,-79.0
1777889107.6853323,3.0,3.0,-72.0
1777889107.6953323,3.0,4.0,-68.0
1777889107.7053325,3.0,1.0,-69.0
1777889107.7153325,4.0,-1.0,-66.0
1777889107.7253325,0.0,0.0,-68.0
1777889107.7353325,0.0,-1.0,-69.0
1777889107.7453325,-4.0,-8.0,-69.0
1777889107.7553325,-4.0,-8.0,-65.0
1777889107.7653325,0.0,-5.0,-64.0
1777889107.7753325,0.0,-3.0,-67.0
1777889107.7853324,-2.0,-4.0,-72.0
1777889107.7953324,0.0,0.0,-75.0
1777889107.8053324,0.0,1.0,-75.0
1777889107.8153324,3.0,1.0,-81.0
1777889107.8253324,0.0,5.0,-83.0
1777889107.8353324,-2.0,3.0,-67.0
1777889107.8453324,-1.0,1.0,-61.0
1777889107.8553324,-4.0,0.0,-65.0
1777889107.8653324,-2.0,1.0,-63.0
1777889107.8753324,-2.0,1.0,-62.0
1777889107.8853323,-3.0,-2.0,-61.0
1777889107.8953323,-2.0,-5.0,-59.0
1777889107.9053323,-2.0,-2.0,-56.0
1777889107.9153323,-1.0,0.0,-63.0
1777889107.9253323,0.0,0.0,-64.0
1777889107.9353323,-4.0,-1.0,-69.0
1777889107.9453323,-1.0,1.0,-75.0
1777889107.9563324,0.0,4.0,-81.0
1777889107.9653325,-1.0,3.0,-79.0
1777889107.9763324,1.0,0.0,-77.0
1777889107.9853325,2.0,0.0,-83.0
1777889107.9953325,1.0,0.0,-95.0
1777889108.0063324,0.0,1.0,-87.0
1777889108.0163324,2.0,-4.0,-81.0
1777889108.0263324,2.0,-6.0,-82.0
1777889108.0363324,6.0,-9.0,-80.0
1777889108.0463324,5.0,-8.0,-78.0
1777889108.0563323,2.0,-9.0,-77.0
1777889108.0663323,4.0,-5.0,-77.0
1777889108.0763323,7.0,0.0,-79.0
1777889108.0863323,8.0,2.0,-85.0
1777889108.0963323,10.0,3.0,-83.0
1777889108.1063323,6.0,4.0,-80.0
1777889108.1163323,5.0,0.0,-83.0
1777889108.1263323,-1.0,0.0,-84.0
1777889108.1363325,0.0,2.0,-77.0
1777889108.1463325,-1.0,1.0,-75.0
1777889108.1563325,-5.0,6.0,-68.0
1777889108.1663325,-6.0,5.0,-72.0
1777889108.1763325,-2.0,4.0,-65.0
1777889108.1863325,3.0,6.0,-68.0
1777889108.1963325,-1.0,5.0,-73.0
1777889108.2063324,-2.0,0.0,-73.0
1777889108.2163324,-6.0,-2.0,-70.0
1777889108.2263324,-5.0,-4.0,-69.0
1777889108.2363324,0.0,-8.0,-67.0
1777889108.2463324,5.0,-11.0,-70.0
1777889108.2563324,3.0,-10.0,-74.0
1777889108.2673323,2.0,-10.0,-76.0
1777889108.2763324,4.0,-10.0,-72.0
1777889108.2863324,8.0,-7.0,-81.0
1777889108.2963324,8.0,-7.0,-84.0
1777889108.3063323,6.0,-9.0,-88.0
1777889108.3163323,3.0,-5.0,-77.0
1777889108.3263323,7.0,-5.0,-72.0
1777889108.3363323,7.0,-4.0,-71.0
1777889108.3463323,7.0,-5.0,-66.0
1777889108.3563323,4.0,-3.0,-68.0
1777889108.3663323,3.0,-1.0,-70.0
1777889108.3763323,0.0,-1.0,-74.0
1777889108.3863325,0.0,2.0,-71.0
1777889108.3963325,0.0,1.0,-73.0
1777889108.4063325,0.0,2.0,-72.0
1777889108.4163325,4.0,2.0,-72.0
1777889108.4263325,3.0,1.0,-69.0
1777889108.4363325,2.0,0.0,-67.0
1777889108.4463325,2.0,3.0,-63.0
1777889108.4563324,3.0,3.0,-64.0
1777889108.4663324,2.0,0.0,-68.0
1777889108.4763324,0.0,3.0,-68.0
1777889108.4863324,2.0,3.0,-72.0
1777889108.4963324,0.0,7.0,-80.0
1777889108.5063324,0.0,5.0,-83.0
1777889108.5163324,1.0,0.0,-84.0
1777889108.5263324,1.0,0.0,-81.0
1777889108.5363324,3.0,-3.0,-76.0
1777889108.5463324,4.0,-3.0,-74.0
1777889108.5563323,3.0,-3.0,-65.0
1777889108.5663323,0.0,-3.0,-65.0
1777889108.5763323,-3.0,-4.0,-64.0
1777889108.5863323,-1.0,0.0,-61.0
1777889108.5963323,0.0,-1.0,-61.0
1777889108.6063323,3.0,-3.0,-60.0
1777889108.6163323,1.0,-4.0,-65.0
1777889108.6263323,-1.0,-4.0,-71.0
1777889108.6363325,0.0,-5.0,-71.0
1777889108.6463325,1.0,-1.0,-73.0
1777889108.6563325,1.0,-3.0,-75.0
1777889108.6663325,4.0,-2.0,-72.0
1777889108.6763325,1.0,-2.0,-78.0
1777889108.6863325,-2.0,0.0,-76.0
1777889108.6963325,0.0,5.0,-77.0
1777889108.7063324,1.0,2.0,-79.0
1777889108.7163324,0.0,-2.0,-83.0
1777889108.7263324,-1.0,-1.0,-81.0
1777889108.7363324,-2.0,-4.0,-78.0
1777889108.7463324,-1.0,-3.0,-73.0
1777889108.7563324,-3.0,-3.0,-75.0
1777889108.7663324,-4.0,-4.0,-71.0
1777889108.7763324,-1.0,-4.0,-71.0
1777889108.7863324,1.0,-7.0,-70.0
1777889108.7963324,3.0,-6.0,-67.0
1777889108.8063323,1.0,-6.0,-68.0
1777889108.8163323,2.0,-5.0,-74.0
1777889108.8263323,-2.0,-2.0,-82.0
1777889108.8363323,-1.0,0.0,-83.0
1777889108.8463323,-1.0,-5.0,-83.0
1777889108.8563323,-2.0,-4.0,-83.0
1777889108.8663323,-5.0,-3.0,-86.0
1777889108.8763323,-5.0,1.0,-81.0
1777889108.8863325,1.0,3.0,-80.0
1777889108.8963325,3.0,5.0,-78.0
1777889108.9063325,0.0,3.0,-75.0
1777889108.9163325,1.0,1.0,-68.0
1777889108.9263325,4.0,0.0,-68.0
1777889108.9363325,1.0,1.0,-69.0
1777889108.9463325,-2.0,4.0,-73.0
1777889108.9563324,-4.0,5.0,-73.0
1777889108.9663324,-1.0,4.0,-76.0
1777889108.9763324,-1.0,1.0,-79.0
1777889108.9863324,-1.0,0.0,-76.0
1777889108.9963324,3.0,-2.0,-76.0
1777889109.0063324,1.0,-1.0,-77.0
1777889109.0163324,2.0,-2.0,-77.0
1777889109.0263324,4.0,-1.0,-83.0
1777889109.0363324,6.0,-5.0,-76.0
1777889109.0463324,6.0,-3.0,-79.0
1777889109.0563323,7.0,-4.0,-79.0
1777889109.0663323,3.0,-3.0,-76.0
1777889109.0763323,1.0,0.0,-72.0
1777889109.0863323,6.0,0.0,-76.0
1777889109.0963323,3.0,0.0,-74.0
1777889109.1063323,4.0,1.0,-78.0
1777889109.1163323,5.0,1.0,-77.0
1777889109.1263323,9.0,-2.0,-79.0
1777889109.1363325,4.0,0.0,-84.0
1777889109.1463325,2.0,-2.0,-80.0
1777889109.1563325,1.0,-5.0,-80.0
1777889109.1663325,0.0,-4.0,-81.0
1777889109.1763325,-2.0,-7.0,-75.0
1777889109.1863325,0.0,-6.0,-77.0
1777889109.1963325,0.0,-2.0,-78.0
1777889109.2063324,-3.0,-3.0,-78.0
1777889109.2163324,3.0,-2.0,-83.0
1777889109.2263324,3.0,-3.0,-82.0
1777889109.2363324,5.0,-3.0,-75.0
1777889109.2463324,6.0,0.0,-78.0
1777889109.2563324,8.0,0.0,-74.0
1777889109.2663324,9.0,-1.0,-73.0
1777889109.2763324,9.0,-3.0,-79.0
1777889109.2863324,5.0,-2.0,-85.0
1777889109.2963324,0.0,-6.0,-88.0
1777889109.3063323,-1.0,-7.0,-83.0
1777889109.3163323,-6.0,-5.0,-77.0
1777889109.3263323,-8.0,-2.0,-77.0
1777889109.3363323,-6.0,0.0,-81.0
1777889109.3463323,-3.0,4.0,-77.0
1777889109.3563323,-7.0,3.0,-76.0
1777889109.3663323,-6.0,2.0,-70.0
1777889109.3763323,-7.0,-2.0,-71.0
1777889109.3863325,-2.0,1.0,-73.0
1777889109.3963325,-4.0,-1.0,-72.0
1777889109.4063325,-1.0,-1.0,-79.0
1777889109.4163325,0.0,0.0,-81.0
1777889109.4263325,3.0,0.0,-81.0
1777889109.4363325,0.0,0.0,-78.0
1777889109.4463325,0.0,1.0,-79.0
1777889109.4563324,-1.0,2.0,-74.0
1777889109.4663324,0.0,2.0,-75.0
1777889109.4763324,-1.0,3.0,-77.0
1777889109.4863324,0.0,0.0,-74.0
1777889109.4963324,2.0,-4.0,-67.0
1777889109.5063324,10.0,-1.0,-63.0
1777889109.5163324,10.0,-5.0,-73.0
1777889109.5263324,7.0,-5.0,-81.0
1777889109.5363324,7.0,-7.0,-80.0
1777889109.5463324,8.0,-10.0,-78.0
1777889109.5563323,4.0,-11.0,-78.0
1777889109.5663323,6.0,-4.0,-71.0
1777889109.5763323,8.0,0.0,-68.0
1777889109.5863323,5.0,3.0,-66.0
1777889109.5963323,5.0,1.0,-74.0
1777889109.6063323,9.0,-2.0,-73.0
1777889109.6163323,8.0,-2.0,-75.0
1777889109.6263323,4.0,-1.0,-77.0
1777889109.6363325,5.0,-4.0,-83.0
1777889109.6463325,6.0,-3.0,-83.0
1777889109.6563325,2.0,-1.0,-83.0
1777889109.6663325,-1.0,2.0,-77.0
1777889109.6763325,0.0,0.0,-76.0
1777889109.6863325,-5.0,-5.0,-77.0
1777889109.6963325,-7.0,-7.0,-79.0
1777889109.7063324,-7.0,-7.0,-83.0
1777889109.7163324,-6.0,-3.0,-87.0
1777889109.7263324,-8.0,0.0,-90.0
1777889109.7363324,-12.0,4.0,-85.0
1777889109.7463324,-10.0,0.0,-76.0
1777889109.7563324,-14.0,0.0,-75.0
1777889109.7663324,-13.0,0.0,-82.0
1777889109.7763324,-11.0,-4.0,-76.0
1777889109.7863324,-2.0,1.0,-71.0
1777889109.7963324,1.0,3.0,-70.0
1777889109.8063323,2.0,5.0,-72.0
1777889109.8163323,5.0,6.0,-77.0
1777889109.8263323,6.0,6.0,-87.0
1777889109.8363323,5.0,5.0,-82.0
1777889109.8463323,2.0,3.0,-85.0
1777889109.8563323,-1.0,4.0,-82.0
1777889109.8663323,-5.0,4.0,-84.0
1777889109.8763323,-5.0,4.0,-80.0
1777889109.8863325,0.0,5.0,-74.0
1777889109.8963325,-2.0,3.0,-67.0
1777889109.9063325,-5.0,1.0,-65.0
1777889109.9163325,-11.0,-1.0,-66.0
1777889109.9263325,-9.0,1.0,-70.0
1777889109.9363325,-4.0,0.0,-72.0
1777889109.9463325,-3.0,-1.0,-74.0
1777889109.9563324,-2.0,-1.0,-75.0
1777889109.9663324,0.0,0.0,-80.0
1777889109.9773324,4.0,1.0,-80.0
1777889109.9873323,4.0,-2.0,-79.0
1777889109.9973323,4.0,0.0,-78.0
1777889110.0083325,1.0,-1.0,-74.0
1777889110.0173323,0.0,3.0,-75.0
1777889110.0273323,-1.0,4.0,-76.0
1777889110.0373323,0.0,3.0,-81.0
1777889110.0473323,-2.0,0.0,-83.0
1777889110.0573325,-5.0,-1.0,-82.0
1777889110.0673325,0.0,-3.0,-80.0
1777889110.0773325,0.0,-6.0,-73.0
1777889110.0873325,-1.0,-6.0,-77.0
1777889110.0973325,3.0,-2.0,-76.0
1777889110.1073325,2.0,0.0,-77.0
1777889110.1173325,7.0,2.0,-75.0
1777889110.1273324,8.0,0.0,-79.0
1777889110.1373324,5.0,1.0,-79.0
1777889110.1473324,5.0,3.0,-80.0
1777889110.1573324,8.0,3.0,-82.0
1777889110.1673324,11.0,7.0,-83.0
1777889110.1773324,11.0,7.0,-80.0
1777889110.1873324,7.0,7.0,-82.0
1777889110.1973324,6.0,4.0,-77.0
1777889110.2073324,6.0,2.0,-77.0
1777889110.2173324,7.0,0.0,-86.0
1777889110.2273324,7.0,0.0,-90.0
1777889110.2373323,4.0,1.0,-89.0
1777889110.2473323,0.0,0.0,-87.0
1777889110.2573323,2.0,0.0,-85.0
1777889110.2673323,3.0,-2.0,-80.0
1777889110.2773323,6.0,-2.0,-84.0
1777889110.2873323,1.0,-3.0,-84.0
1777889110.2973323,0.0,1.0,-79.0
1777889110.3073325,-1.0,-2.0,-77.0
1777889110.3173325,-2.0,-4.0,-78.0
1777889110.3273325,-5.0,0.0,-81.0
1777889110.3373325,-6.0,3.0,-83.0
1777889110.3473325,-2.0,4.0,-77.0
1777889110.3573325,-2.0,3.0,-75.0
1777889110.3673325,-7.0,1.0,-74.0
1777889110.3773324,-10.0,0.0,-71.0
1777889110.3873324,-7.0,0.0,-77.0
1777889110.3973324,-5.0,0.0,-76.0
1777889110.4073324,0.0,0.0,-77.0
1777889110.4173324,-1.0,1.0,-80.0
1777889110.4273324,-4.0,-1.0,-83.0
1777889110.4373324,-7.0,-3.0,-82.0
1777889110.4473324,-6.0,-2.0,-76.0
1777889110.4573324,-5.0,-3.0,-75.0
1777889110.4673324,-4.0,-2.0,-76.0
1777889110.4773324,1.0,0.0,-72.0
1777889110.4873323,0.0,3.0,-79.0
1777889110.4973323,-2.0,3.0,-82.0
1777889110.5073323,0.0,3.0,-86.0
1777889110.5173323,0.0,3.0,-85.0
1777889110.5273323,-2.0,3.0,-80.0
1777889110.5373323,-1.0,6.0,-75.0
1777889110.5473323,-1.0,1.0,-76.0
1777889110.5573325,0.0,-1.0,-78.0
1777889110.5673325,4.0,-2.0,-77.0
1777889110.5773325,8.0,-5.0,-74.0
1777889110.5873325,4.0,-6.0,-71.0
1777889110.5973325,0.0,-4.0,-73.0
1777889110.6073325,0.0,-2.0,-75.0
1777889110.6173325,1.0,-1.0,-78.0
1777889110.6273324,5.0,-3.0,-77.0
1777889110.6373324,1.0,-4.0,-84.0
1777889110.6473324,3.0,-4.0,-92.0
1777889110.6573324,0.0,0.0,-86.0
1777889110.6673324,2.0,0.0,-78.0
1777889110.6773324,0.0,-1.0,-79.0
1777889110.6873324,2.0,-2.0,-86.0
1777889110.6973324,1.0,0.0,-85.0
1777889110.7073324,3.0,6.0,-83.0
1777889110.7173324,6.0,5.0,-87.0
1777889110.7273324,6.0,3.0,-83.0
1777889110.7373323,3.0,4.0,-79.0
1777889110.7473323,-1.0,7.0,-80.0
1777889110.7573323,0.0,7.0,-80.0
1777889110.7673323,5.0,7.0,-83.0
1777889110.7773323,9.0,3.0,-83.0
1777889110.7873323,12.0,4.0,-77.0
1777889110.7973323,10.0,-1.0,-74.0
1777889110.8073325,10.0,-4.0,-71.0
1777889110.8173325,6.0,-3.0,-73.0
1777889110.8273325,4.0,0.0,-77.0
1777889110.8373325,1.0,1.0,-75.0
1777889110.8473325,4.0,1.0,-73.0
1777889110.8573325,8.0,-2.0,-78.0
1777889110.8673325,5.0,-4.0,-73.0
1777889110.8773324,4.0,-5.0,-74.0
1777889110.8873324,-2.0,-5.0,-74.0
1777889110.8973324,-1.0,-6.0,-78.0
1777889110.9073324,-3.0,-4.0,-74.0
1777889110.9173324,0.0,0.0,-74.0
1777889110.9273324,2.0,1.0,-72.0
1777889110.9373324,2.0,-3.0,-74.0
1777889110.9473324,2.0,-7.0,-74.0
1777889110.9573324,1.0,-7.0,-77.0
1777889110.9673324,-1.0,-6.0,-77.0
1777889110.9773324,1.0,-5.0,-79.0
1777889110.9873323,-3.0,-5.0,-77.0
1777889110.9973323,0.0,-6.0,-75.0
1777889111.0073323,-2.0,0.0,-71.0
1777889111.0173323,-3.0,-1.0,-72.0
1777889111.0273323,-3.0,0.0,-72.0
1777889111.0373323,-5.0,1.0,-78.0
1777889111.0473323,-6.0,3.0,-83.0
1777889111.0573325,-2.0,-1.0,-77.0
1777889111.0673325,3.0,-1.0,-73.0
1777889111.0773325,5.0,0.0,-68.0
1777889111.0873325,11.0,-1.0,-69.0
1777889111.0973325,10.0,0.0,-78.0
1777889111.1073325,6.0,-1.0,-76.0
1777889111.1173325,2.0,-2.0,-81.0
1777889111.1273324,0.0,-1.0,-84.0
1777889111.1373324,1.0,0.0,-80.0
1777889111.1473324,0.0,5.0,-81.0
1777889111.1573324,4.0,6.0,-84.0
1777889111.1673324,2.0,7.0,-90.0
1777889111.1773324,1.0,5.0,-95.0
1777889111.1873324,0.0,7.0,-96.0
1777889111.1973324,0.0,10.0,-92.0
1777889111.2073324,0.0,7.0,-93.0
1777889111.2173324,0.0,6.0,-91.0
1777889111.2273324,1.0,6.0,-91.0
1777889111.2373323,0.0,3.0,-87.0
1777889111.2473323,0.0,2.0,-86.0
1777889111.2573323,1.0,-1.0,-86.0
1777889111.2673323,3.0,-5.0,-87.0
1777889111.2773323,4.0,1.0,-87.0
1777889111.2873323,0.0,1.0,-86.0
1777889111.2973323,2.0,2.0,-86.0
1777889111.3073325,1.0,2.0,-86.0
1777889111.3173325,2.0,2.0,-78.0
1777889111.3273325,0.0,1.0,-74.0
1777889111.3373325,-3.0,-2.0,-68.0
1777889111.3473325,1.0,-1.0,-69.0
1777889111.3573325,0.0,-1.0,-74.0
1777889111.3673325,-5.0,-1.0,-77.0
1777889111.3773324,-2.0,1.0,-76.0
1777889111.3873324,-5.0,-1.0,-70.0
1777889111.3973324,-6.0,-2.0,-72.0
1777889111.4073324,-2.0,-5.0,-77.0
1777889111.4173324,-1.0,-5.0,-79.0
1777889111.4273324,1.0,-6.0,-74.0
1777889111.4373324,-2.0,-7.0,-69.0
1777889111.4473324,0.0,-7.0,-71.0
1777889111.4573324,-1.0,-3.0,-71.0
1777889111.4673324,2.0,0.0,-74.0
1777889111.4773324,1.0,0.0,-78.0
1777889111.4873323,3.0,-1.0,-76.0
1777889111.4973323,-5.0,-1.0,-74.0
1777889111.5073323,1.0,2.0,-76.0
1777889111.5173323,4.0,2.0,-71.0
1777889111.5273323,0.0,6.0,-72.0
1777889111.5373323,-2.0,4.0,-66.0
1777889111.5473323,1.0,8.0,-68.0
1777889111.5573325,0.0,9.0,-74.0
1777889111.5673325,-2.0,6.0,-79.0
1777889111.5773325,-3.0,6.0,-76.0
1777889111.5873325,0.0,2.0,-77.0
1777889111.5973325,0.0,0.0,-72.0
1777889111.6073325,4.0,-6.0,-73.0
1777889111.6173325,6.0,-4.0,-77.0
1777889111.6273324,5.0,-2.0,-77.0
1777889111.6373324,6.0,-2.0,-74.0
1777889111.6473324,6.0,-3.0,-73.0
1777889111.6573324,2.0,-4.0,-75.0
1777889111.6673324,2.0,-5.0,-81.0
1777889111.6773324,0.0,-5.0,-85.0
1777889111.6873324,4.0,0.0,-88.0
1777889111.6973324,7.0,1.0,-84.0
1777889111.7073324,5.0,-7.0,-79.0
1777889111.7173324,0.0,-2.0,-74.0
1777889111.7273324,3.0,-3.0,-73.0
1777889111.7373323,5.0,0.0,-71.0
1777889111.7473323,7.0,-1.0,-75.0
1777889111.7573323,7.0,-3.0,-78.0
1777889111.7673323,11.0,-2.0,-78.0
1777889111.7773323,7.0,-6.0,-79.0
1777889111.7873323,6.0,-6.0,-80.0
1777889111.7973323,6.0,-3.0,-73.0
1777889111.8073325,7.0,-2.0,-67.0
1777889111.8173325,9.0,-4.0,-68.0
1777889111.8273325,5.0,-2.0,-69.0
1777889111.8373325,3.0,-3.0,-77.0
1777889111.8473325,4.0,-1.0,-79.0
1777889111.8573325,0.0,-6.0,-81.0
1777889111.8673325,2.0,-8.0,-79.0
1777889111.8773324,1.0,-3.0,-79.0
1777889111.8873324,2.0,-3.0,-73.0
1777889111.8973324,0.0,-1.0,-78.0
1777889111.9073324,6.0,0.0,-80.0
1777889111.9173324,8.0,0.0,-76.0
1777889111.9273324,10.0,-3.0,-79.0
1777889111.9373324,5.0,-1.0,-80.0
1777889111.9473324,0.0,0.0,-81.0
1777889111.9583323,1.0,-3.0,-78.0
1777889111.9673324,-1.0,0.0,-77.0
1777889111.9783323,0.0,0.0,-76.0
1777889111.9883325,1.0,0.0,-73.0
1777889111.9983325,1.0,0.0,-77.0
1777889112.0083325,-2.0,2.0,-72.0
1777889112.0183325,1.0,4.0,-71.0
1777889112.0283325,1.0,6.0,-69.0
1777889112.0383325,0.0,5.0,-73.0
1777889112.0483325,-3.0,4.0,-78.0
1777889112.0583324,-4.0,-1.0,-76.0
1777889112.0683324,0.0,-2.0,-81.0
1777889112.0783324,6.0,-4.0,-72.0
1777889112.0883324,1.0,-2.0,-78.0
1777889112.0983324,1.0,0.0,-74.0
1777889112.1083324,2.0,-1.0,-73.0
1777889112.1183324,1.0,-3.0,-75.0
1777889112.1283324,0.0,-3.0,-82.0
1777889112.1383324,2.0,-2.0,-88.0
1777889112.1483324,0.0,0.0,-79.0
1777889112.1583323,-1.0,7.0,-85.0
1777889112.1683323,0.0,9.0,-87.0
1777889112.1783323,0.0,0.0,-84.0
1777889112.1883323,-1.0,0.0,-83.0
1777889112.1983323,3.0,4.0,-82.0
1777889112.2083323,1.0,4.0,-80.0
1777889112.2183323,4.0,1.0,-82.0
1777889112.2283323,3.0,0.0,-75.0
1777889112.2383325,4.0,-2.0,-69.0
1777889112.2483325,7.0,0.0,-64.0
1777889112.2583325,5.0,3.0,-67.0
1777889112.2683325,5.0,2.0,-71.0
1777889112.2783325,7.0,0.0,-67.0
1777889112.2883325,9.0,2.0,-67.0
1777889112.2983325,6.0,2.0,-66.0
1777889112.3083324,4.0,1.0,-70.0
1777889112.3183324,4.0,1.0,-71.0
1777889112.3283324,4.0,4.0,-77.0
1777889112.3383324,4.0,6.0,-82.0
1777889112.3483324,2.0,4.0,-77.0
1777889112.3583324,5.0,8.0,-73.0
1777889112.3683324,3.0,6.0,-79.0
1777889112.3783324,7.0,1.0,-81.0
1777889112.3883324,8.0,2.0,-82.0
1777889112.3983324,6.0,4.0,-86.0
1777889112.4083323,7.0,4.0,-92.0
1777889112.4183323,5.0,1.0,-92.0
1777889112.4283323,7.0,3.0,-92.0
1777889112.4383323,11.0,5.0,-80.0
1777889112.4483323,10.0,6.0,-80.0
1777889112.4583323,8.0,3.0,-74.0
1777889112.4683323,8.0,2.0,-81.0
1777889112.4783323,7.0,0.0,-87.0
1777889112.4883325,4.0,0.0,-86.0
1777889112.4983325,-3.0,0.0,-79.0
1777889112.5083325,0.0,1.0,-76.0
1777889112.5183325,0.0,1.0,-72.0
1777889112.5283325,-6.0,1.0,-75.0
1777889112.5383325,-7.0,3.0,-79.0
1777889112.5483325,-8.0,3.0,-82.0
1777889112.5583324,-10.0,5.0,-83.0
1777889112.5683324,-6.0,7.0,-78.0
1777889112.5783324,-1.0,4.0,-78.0
1777889112.5883324,6.0,-1.0,-75.0
1777889112.5983324,6.0,-4.0,-76.0
1777889112.6083324,4.0,-9.0,-78.0
1777889112.6183324,6.0,-3.0,-84.0
1777889112.6283324,4.0,-4.0,-80.0
1777889112.6383324,4.0,-5.0,-84.0
1777889112.6483324,0.0,-1.0,-75.0
1777889112.6583323,-4.0,0.0,-71.0
1777889112.6683323,0.0,-3.0,-74.0
1777889112.6783323,0.0,-4.0,-70.0
1777889112.6883323,5.0,0.0,-74.0
1777889112.6983323,3.0,1.0,-74.0
1777889112.7083323,2.0,0.0,-76.0
1777889112.7183323,3.0,0.0,-71.0
1777889112.7283323,1.0,-3.0,-73.0
1777889112.7383325,0.0,-4.0,-75.0
1777889112.7483325,-1.0,-6.0,-81.0
1777889112.7583325,-1.0,-7.0,-85.0
1777889112.7683325,-1.0,-8.0,-85.0
1777889112.7783325,-2.0,-5.0,-84.0
1777889112.7883325,-1.0,-7.0,-71.0
1777889112.7983325,-3.0,-9.0,-76.0
1777889112.8083324,-2.0,-5.0,-77.0
1777889112.8183324,-4.0,-3.0,-77.0
1777889112.8283324,-3.0,0.0,-89.0
1777889112.8383324,-3.0,2.0,-92.0
1777889112.8483324,1.0,-2.0,-92.0
1777889112.8583324,0.0,-2.0,-88.0
1777889112.8683324,-2.0,-5.0,-86.0
1777889112.8783324,1.0,-7.0,-85.0
1777889112.8883324,2.0,-3.0,-82.0
1777889112.8983324,4.0,-4.0,-78.0
1777889112.9083323,4.0,0.0,-72.0
1777889112.9183323,2.0,0.0,-69.0
1777889112.9283323,3.0,1.0,-68.0
1777889112.9383323,0.0,0.0,-69.0
1777889112.9483323,2.0,-3.0,-74.0
1777889112.9583323,0.0,-5.0,-69.0
1777889112.9683323,0.0,-4.0,-61.0
1777889112.9783323,4.0,-5.0,-58.0
1777889112.9883325,4.0,-5.0,-63.0
1777889112.9983325,3.0,-2.0,-71.0
1777889113.0083325,1.0,-1.0,-76.0
1777889113.0183325,0.0,-3.0,-79.0
1777889113.0283325,2.0,-4.0,-83.0
1777889113.0383325,5.0,-2.0,-86.0
1777889113.0483325,5.0,-2.0,-78.0
1777889113.0583324,7.0,-2.0,-74.0
1777889113.0683324,6.0,-5.0,-77.0
1777889113.0783324,4.0,-7.0,-71.0
1777889113.0883324,7.0,-8.0,-71.0
1777889113.0983324,3.0,-4.0,-80.0
1777889113.1083324,0.0,-4.0,-82.0
1777889113.1183324,-4.0,-7.0,-82.0
1777889113.1283324,0.0,-1.0,-81.0
1777889113.1383324,0.0,0.0,-83.0
1777889113.1483324,6.0,0.0,-77.0
1777889113.1583323,5.0,0.0,-74.0
1777889113.1683323,7.0,0.0,-74.0
1777889113.1783323,9.0,-2.0,-77.0
1777889113.1883323,7.0,-6.0,-81.0
1777889113.1983323,2.0,-5.0,-81.0
1777889113.2083323,4.0,-4.0,-80.0
1777889113.2183323,3.0,-2.0,-82.0
1777889113.2283323,8.0,0.0,-86.0
1777889113.2383325,6.0,4.0,-86.0
1777889113.2483325,7.0,5.0,-77.0
1777889113.2583325,7.0,6.0,-74.0
1777889113.2683325,3.0,2.0,-68.0
1777889113.2783325,0.0,-1.0,-67.0
1777889113.2883325,-1.0,1.0,-79.0
1777889113.2983325,-1.0,4.0,-84.0
1777889113.3083324,0.0,7.0,-85.0
1777889113.3183324,-3.0,7.0,-79.0
1777889113.3283324,-2.0,6.0,-77.0
1777889113.3383324,2.0,0.0,-74.0
1777889113.3483324,0.0,-1.0,-72.0
1777889113.3583324,3.0,0.0,-76.0
1777889113.3683324,3.0,0.0,-70.0
1777889113.3783324,1.0,0.0,-69.0
1777889113.3883324,0.0,2.0,-76.0
1777889113.3983324,-3.0,2.0,-80.0
1777889113.4083323,-3.0,0.0,-89.0
1777889113.4183323,-2.0,-1.0,-88.0
1777889113.4283323,-3.0,-4.0,-76.0
1777889113.4383323,0.0,-3.0,-74.0
1777889113.4483323,0.0,-5.0,-74.0
1777889113.4583323,0.0,-6.0,-74.0
1777889113.4683323,0.0,-7.0,-78.0
1777889113.4783323,0.0,-5.0,-78.0
1777889113.4883325,3.0,-4.0,-75.0
1777889113.4983325,2.0,-3.0,-79.0
1777889113.5083325,5.0,-6.0,-79.0
1777889113.5183325,-2.0,-4.0,-76.0
1777889113.5283325,0.0,0.0,-78.0
1777889113.5383325,-2.0,-2.0,-76.0
1777889113.5483325,0.0,2.0,-78.0
1777889113.5583324,4.0,3.0,-81.0
1777889113.5683324,6.0,6.0,-83.0
1777889113.5783324,3.0,6.0,-82.0
1777889113.5883324,0.0,5.0,-82.0
1777889113.5983324,-2.0,1.0,-90.0
1777889113.6083324,0.0,0.0,-91.0
1777889113.6183324,0.0,3.0,-87.0
1777889113.6283324,0.0,0.0,-81.0
1777889113.6383324,0.0,0.0,-81.0
1777889113.6483324,-1.0,0.0,-81.0
1777889113.6583323,0.0,-4.0,-82.0
1777889113.6683323,-1.0,-3.0,-79.0
1777889113.6783323,-4.0,2.0,-78.0
1777889113.6883323,0.0,0.0,-74.0
1777889113.6983323,2.0,-1.0,-75.0
1777889113.7083323,3.0,-3.0,-80.0
1777889113.7183323,3.0,-2.0,-80.0
1777889113.7283323,0.0,-4.0,-84.0
1777889113.7383325,0.0,-5.0,-86.0
1777889113.7483325,3.0,-3.0,-85.0
1777889113.7583325,2.0,-5.0,-83.0
1777889113.7683325,0.0,-6.0,-82.0
1777889113.7783325,0.0,-4.0,-80.0
1777889113.7883325,5.0,1.0,-81.0
1777889113.7983325,0.0,-2.0,-86.0
1777889113.8083324,0.0,-6.0,-83.0
1777889113.8183324,-5.0,-10.0,-87.0
1777889113.8283324,0.0,-10.0,-82.0
1777889113.8383324,0.0,-8.0,-87.0
1777889113.8483324,2.0,-6.0,-83.0
1777889113.8583324,1.0,-6.0,-72.0
1777889113.8683324,1.0,-4.0,-74.0
1777889113.8783324,1.0,0.0,-80.0
1777889113.8883324,6.0,2.0,-77.0
1777889113.8983324,7.0,-2.0,-75.0
1777889113.9083323,4.0,1.0,-72.0
1777889113.9183323,6.0,2.0,-73.0
1777889113.9283323,7.0,0.0,-72.0
1777889113.9383323,5.0,-2.0,-72.0
1777889113.9483323,2.0,-4.0,-74.0
1777889113.9593325,3.0,-1.0,-80.0
1777889113.9693325,4.0,-1.0,-85.0
1777889113.9793324,1.0,0.0,-81.0
1777889113.9893324,0.0,3.0,-70.0
1777889113.9993324,2.0,0.0,-64.0
1777889114.0093324,5.0,-1.0,-66.0
1777889114.0193324,3.0,-5.0,-69.0
1777889114.0293324,2.0,-3.0,-72.0
1777889114.0393324,3.0,0.0,-75.0
1777889114.0493324,2.0,0.0,-79.0
1777889114.0593324,2.0,-3.0,-79.0
1777889114.0693324,5.0,-3.0,-78.0
1777889114.0793324,3.0,-1.0,-75.0
1777889114.0893323,-1.0,-1.0,-70.0
1777889114.0993323,0.0,0.0,-75.0
1777889114.1093323,-1.0,-1.0,-78.0
1777889114.1193323,-2.0,-1.0,-79.0
1777889114.1293323,-1.0,0.0,-78.0
1777889114.1393323,0.0,-3.0,-76.0
1777889114.1493323,-2.0,-3.0,-76.0
1777889114.1593325,-3.0,0.0,-74.0
1777889114.1693325,-3.0,3.0,-75.0
1777889114.1793325,5.0,6.0,-79.0
1777889114.1893325,-1.0,2.0,-74.0
1777889114.1993325,-3.0,4.0,-70.0
1777889114.2093325,-4.0,5.0,-69.0
1777889114.2193325,-6.0,8.0,-71.0
1777889114.2293324,-2.0,11.0,-76.0
1777889114.2393324,2.0,9.0,-78.0
1777889114.2493324,4.0,9.0,-73.0
1777889114.2593324,5.0,11.0,-78.0
1777889114.2693324,11.0,4.0,-79.0
1777889114.2793324,13.0,7.0,-81.0
1777889114.2893324,10.0,4.0,-76.0
1777889114.2993324,6.0,0.0,-74.0
1777889114.3093324,5.0,-2.0,-76.0
1777889114.3193324,4.0,-3.0,-81.0
1777889114.3293324,4.0,-6.0,-86.0
1777889114.3393323,1.0,-2.0,-81.0
1777889114.3493323,0.0,-2.0,-82.0
1777889114.3593323,0.0,-2.0,-79.0
1777889114.3693323,3.0,-1.0,-73.0
1777889114.3793323,2.0,-4.0,-66.0
1777889114.3893323,3.0,-5.0,-68.0
1777889114.3993323,6.0,-7.0,-71.0
1777889114.4093325,6.0,-1.0,-78.0
1777889114.4193325,2.0,0.0,-78.0
1777889114.4293325,-1.0,0.0,-83.0
1777889114.4393325,0.0,0.0,-84.0
1777889114.4493325,-1.0,2.0,-87.0
1777889114.4593325,-1.0,1.0,-85.0
1777889114.4693325,0.0,1.0,-78.0
1777889114.4793324,-1.0,3.0,-76.0
1777889114.4893324,-1.0,3.0,-79.0
1777889114.4993324,-3.0,5.0,-79.0
1777889114.5093324,0.0,6.0,-82.0
1777889114.5193324,0.0,6.0,-84.0
1777889114.5293324,2.0,5.0,-85.0
1777889114.5393324,2.0,2.0,-87.0
1777889114.5493324,3.0,-4.0,-79.0
1777889114.5593324,4.0,-6.0,-77.0
1777889114.5693324,5.0,-4.0,-79.0
1777889114.5793324,3.0,-1.0,-77.0
1777889114.5893323,0.0,0.0,-76.0
1777889114.5993323,-1.0,-1.0,-72.0
1777889114.6093323,-3.0,-2.0,-79.0
1777889114.6193323,-2.0,-6.0,-80.0
1777889114.6293323,-7.0,-6.0,-79.0
1777889114.6393323,-7.0,-4.0,-85.0
1777889114.6493323,-7.0,-8.0,-90.0
1777889114.6593325,-4.0,-14.0,-87.0
1777889114.6693325,-6.0,-11.0,-84.0
1777889114.6793325,0.0,-9.0,-87.0
1777889114.6893325,-1.0,-12.0,-79.0
1777889114.6993325,-2.0,-6.0,-79.0
1777889114.7093325,-3.0,-4.0,-78.0
1777889114.7193325,-4.0,-7.0,-74.0
1777889114.7293324,0.0,-1.0,-73.0
1777889114.7393324,0.0,0.0,-70.0
1777889114.7493324,-3.0,-1.0,-77.0
1777889114.7593324,-3.0,-2.0,-76.0
1777889114.7693324,-2.0,0.0,-73.0
1777889114.7793324,0.0,2.0,-74.0
1777889114.7893324,0.0,-2.0,-85.0
1777889114.7993324,0.0,-8.0,-88.0
1777889114.8093324,0.0,-4.0,-84.0
1777889114.8193324,0.0,-1.0,-79.0
1777889114.8293324,-4.0,-1.0,-81.0
1777889114.8393323,-1.0,0.0,-80.0
1777889114.8493323,0.0,-1.0,-82.0
1777889114.8593323,4.0,4.0,-82.0
1777889114.8693323,5.0,7.0,-78.0
1777889114.8793323,4.0,3.0,-79.0
1777889114.8893323,7.0,3.0,-75.0
1777889114.8993323,7.0,4.0,-78.0
1777889114.9093325,5.0,1.0,-79.0
1777889114.9193325,8.0,4.0,-71.0
1777889114.9293325,8.0,-1.0,-68.0
1777889114.9393325,6.0,3.0,-68.0
1777889114.9493325,2.0,7.0,-69.0
1777889114.9593325,1.0,4.0,-74.0
1777889114.9693325,1.0,0.0,-87.0
1777889114.9793324,2.0,2.0,-84.0
1777889114.9893324,1.0,4.0,-88.0
1777889114.9993324,5.0,0.0,-88.0
1777889115.0093324,6.0,0.0,-84.0
1777889115.0193324,4.0,2.0,-84.0
1777889115.0293324,7.0,4.0,-86.0
1777889115.0393324,5.0,1.0,-89.0
1777889115.0493324,3.0,0.0,-89.0
1777889115.0593324,3.0,0.0,-89.0
1777889115.0693324,2.0,0.0,-79.0
1777889115.0793324,5.0,2.0,-80.0
1777889115.0893323,1.0,1.0,-82.0
1777889115.0993323,2.0,1.0,-79.0
1777889115.1093323,5.0,0.0,-80.0
1777889115.1193323,4.0,2.0,-82.0
1777889115.1293323,0.0,2.0,-83.0
1777889115.1393323,-2.0,1.0,-73.0
1777889115.1493323,-3.0,-1.0,-75.0
1777889115.1593325,-6.0,-3.0,-75.0
1777889115.1693325,-7.0,-4.0,-74.0
1777889115.1793325,-3.0,-3.0,-69.0
1777889115.1893325,-1.0,-1.0,-69.0
1777889115.1993325,0.0,-5.0,-72.0
1777889115.2093325,3.0,-3.0,-72.0
1777889115.2193325,1.0,-9.0,-71.0
1777889115.2293324,0.0,-8.0,-71.0
1777889115.2393324,-2.0,-11.0,-69.0
1777889115.2493324,-6.0,-9.0,-69.0
1777889115.2593324,-5.0,-4.0,-73.0
1777889115.2693324,-3.0,-1.0,-74.0
1777889115.2793324,0.0,-1.0,-73.0
1777889115.2893324,0.0,1.0,-76.0
1777889115.2993324,0.0,1.0,-78.0
1777889115.3093324,0.0,2.0,-76.0
1777889115.3193324,3.0,4.0,-77.0
1777889115.3293324,5.0,6.0,-80.0
1777889115.3393323,1.0,1.0,-82.0
1777889115.3493323,1.0,4.0,-79.0
1777889115.3593323,1.0,6.0,-76.0
1777889115.3693323,-3.0,7.0,-77.0
1777889115.3793323,-2.0,5.0,-79.0
1777889115.3893323,-3.0,4.0,-80.0
1777889115.3993323,-3.0,2.0,-81.0
1777889115.4093325,-3.0,-6.0,-79.0
1777889115.4193325,-2.0,-3.0,-80.0
1777889115.4293325,0.0,0.0,-79.0
1777889115.4393325,0.0,0.0,-78.0
1777889115.4493325,-3.0,1.0,-75.0
1777889115.4593325,-3.0,1.0,-75.0
1777889115.4693325,-3.0,-2.0,-83.0
1777889115.4793324,-4.0,0.0,-76.0
1777889115.4893324,-3.0,-2.0,-74.0
1777889115.4993324,-6.0,2.0,-77.0
1777889115.5093324,-4.0,1.0,-81.0
1777889115.5193324,-4.0,3.0,-77.0
1777889115.5293324,1.0,2.0,-73.0
1777889115.5393324,3.0,0.0,-77.0
1777889115.5493324,5.0,2.0,-79.0
1777889115.5593324,3.0,0.0,-76.0
1777889115.5693324,6.0,0.0,-79.0
1777889115.5793324,2.0,-1.0,-82.0
1777889115.5893323,5.0,-5.0,-83.0
1777889115.5993323,7.0,-3.0,-81.0
1777889115.6093323,4.0,-1.0,-72.0
1777889115.6193323,1.0,2.0,-70.0
1777889115.6293323,0.0,1.0,-61.0
1777889115.6393323,0.0,1.0,-63.0
1777889115.6493323,-1.0,1.0,-70.0
1777889115.6593325,-3.0,-1.0,-67.0
1777889115.6693325,-5.0,-3.0,-68.0
1777889115.6793325,-5.0,-5.0,-70.0
1777889115.6893325,-4.0,-5.0,-75.0
1777889115.6993325,-6.0,-3.0,-73.0
1777889115.7093325,-8.0,1.0,-73.0
1777889115.7193325,-4.0,0.0,-70.0
1777889115.7293324,-3.0,2.0,-69.0
1777889115.7393324,0.0,2.0,-67.0
1777889115.7493324,0.0,5.0,-70.0
1777889115.7593324,6.0,5.0,-69.0
1777889115.7693324,5.0,6.0,-74.0
1777889115.7793324,2.0,6.0,-72.0
1777889115.7893324,5.0,0.0,-65.0
1777889115.7993324,6.0,1.0,-64.0
1777889115.8093324,3.0,2.0,-70.0
1777889115.8193324,7.0,-1.0,-77.0
1777889115.8293324,4.0,-1.0,-81.0
1777889115.8393323,3.0,3.0,-79.0
1777889115.8493323,-3.0,4.0,-76.0
1777889115.8593323,-5.0,5.0,-70.0
1777889115.8693323,-4.0,2.0,-69.0
1777889115.8793323,-3.0,3.0,-71.0
1777889115.8893323,-2.0,0.0,-73.0
1777889115.8993323,-5.0,0.0,-72.0
1777889115.9093325,-1.0,-2.0,-73.0
1777889115.9193325,2.0,3.0,-73.0
1777889115.9303324,2.0,3.0,-74.0
1777889115.9403324,0.0,5.0,-72.0
1777889115.9503324,0.0,0.0,-71.0
1777889115.9603324,0.0,0.0,-74.0
1777889115.9703324,-3.0,0.0,-73.0
1777889115.9803324,-3.0,1.0,-72.0
1777889115.9903324,1.0,3.0,-74.0
1777889116.0003324,7.0,4.0,-76.0
1777889116.0103323,6.0,4.0,-74.0
1777889116.0203323,5.0,4.0,-79.0
1777889116.0303323,4.0,2.0,-74.0
1777889116.0403323,2.0,-3.0,-76.0
1777889116.0503323,3.0,-7.0,-66.0
1777889116.0603323,5.0,-8.0,-61.0
1777889116.0703323,0.0,-1.0,-62.0
1777889116.0803325,-1.0,-4.0,-63.0
1777889116.0903325,0.0,-5.0,-64.0
1777889116.1003325,0.0,-4.0,-59.0
1777889116.1103325,3.0,-4.0,-69.0
1777889116.1203325,0.0,-3.0,-75.0
1777889116.1303325,4.0,-3.0,-84.0
1777889116.1403325,4.0,0.0,-81.0
1777889116.1503325,6.0,0.0,-71.0
1777889116.1603324,7.0,1.0,-69.0
1777889116.1703324,4.0,4.0,-79.0
1777889116.1803324,8.0,9.0,-83.0
1777889116.1903324,6.0,4.0,-79.0
1777889116.2003324,10.0,3.0,-76.0
1777889116.2103324,9.0,6.0,-82.0
1777889116.2203324,6.0,3.0,-79.0
1777889116.2303324,1.0,6.0,-82.0
1777889116.2403324,2.0,5.0,-86.0
1777889116.2503324,1.0,4.0,-81.0
1777889116.2603323,2.0,-1.0,-86.0
1777889116.2703323,0.0,0.0,-90.0
1777889116.2803323,0.0,-1.0,-86.0
1777889116.2903323,0.0,1.0,-78.0
1777889116.3003323,-3.0,2.0,-74.0
1777889116.3103323,-2.0,0.0,-67.0
1777889116.3203323,1.0,-1.0,-67.0
1777889116.3303325,2.0,0.0,-74.0
1777889116.3403325,3.0,1.0,-78.0
1777889116.3503325,0.0,2.0,-77.0
1777889116.3603325,3.0,2.0,-79.0
1777889116.3703325,5.0,3.0,-80.0
1777889116.3803325,5.0,4.0,-83.0
1777889116.3903325,0.0,3.0,-81.0
1777889116.4003325,3.0,3.0,-76.0
1777889116.4103324,3.0,2.0,-72.0
1777889116.4203324,1.0,-1.0,-72.0
1777889116.4303324,5.0,3.0,-78.0
1777889116.4403324,3.0,3.0,-80.0
1777889116.4503324,2.0,3.0,-73.0
1777889116.4603324,1.0,1.0,-68.0
1777889116.4703324,0.0,2.0,-70.0
1777889116.4803324,-2.0,-2.0,-72.0
1777889116.4903324,-2.0,0.0,-72.0
1777889116.5003324,3.0,4.0,-71.0
1777889116.5103323,-1.0,2.0,-69.0
1777889116.5203323,0.0,-2.0,-70.0
1777889116.5303323,-1.0,-6.0,-81.0
1777889116.5403323,-4.0,-6.0,-78.0
1777889116.5503323,-7.0,-2.0,-81.0
1777889116.5603323,-6.0,0.0,-84.0
1777889116.5703323,-5.0,0.0,-81.0
1777889116.5803325,0.0,0.0,-81.0
1777889116.5903325,-2.0,0.0,-75.0
1777889116.6003325,-4.0,-1.0,-80.0
1777889116.6103325,-3.0,1.0,-87.0
1777889116.6203325,-4.0,0.0,-86.0
1777889116.6303325,-1.0,2.0,-82.0
1777889116.6403325,-4.0,3.0,-83.0
1777889116.6503325,0.0,3.0,-84.0
1777889116.6603324,4.0,0.0,-78.0
1777889116.6703324,1.0,2.0,-76.0
1777889116.6803324,0.0,4.0,-79.0
1777889116.6903324,-1.0,1.0,-78.0
1777889116.7003324,-1.0,2.0,-79.0
1777889116.7103324,-1.0,2.0,-77.0
1777889116.7203324,-1.0,3.0,-71.0
1777889116.7303324,-3.0,2.0,-65.0
1777889116.7403324,2.0,2.0,-64.0
1777889116.7503324,9.0,-1.0,-67.0
1777889116.7603323,1.0,2.0,-69.0
1777889116.7703323,0.0,0.0,-75.0
1777889116.7803323,1.0,1.0,-78.0
1777889116.7903323,2.0,4.0,-83.0
1777889116.8003323,1.0,5.0,-75.0
1777889116.8103323,4.0,6.0,-80.0
1777889116.8203323,3.0,6.0,-86.0
1777889116.8303325,3.0,3.0,-89.0
1777889116.8403325,4.0,3.0,-82.0
1777889116.8503325,3.0,2.0,-79.0
1777889116.8603325,5.0,0.0,-78.0
1777889116.8703325,11.0,0.0,-79.0
1777889116.8803325,11.0,-2.0,-88.0
1777889116.8903325,10.0,-2.0,-89.0
1777889116.9003325,7.0,2.0,-97.0
1777889116.9103324,4.0,0.0,-88.0
1777889116.9203324,10.0,0.0,-86.0
1777889116.9303324,9.0,2.0,-84.0
1777889116.9403324,10.0,0.0,-77.0
1777889116.9503324,9.0,-1.0,-71.0
1777889116.9603324,9.0,-6.0,-69.0
1777889116.9703324,8.0,-7.0,-72.0
1777889116.9803324,10.0,-7.0,-80.0
1777889116.9903324,8.0,-7.0,-77.0
1777889117.0003324,8.0,-9.0,-80.0
1777889117.0103323,3.0,-9.0,-86.0
1777889117.0203323,2.0,-7.0,-82.0
1777889117.0303323,0.0,-6.0,-79.0
1777889117.0403323,-2.0,-3.0,-76.0
1777889117.0503323,-4.0,-6.0,-76.0
1777889117.0603323,-3.0,-2.0,-80.0
1777889117.0703323,0.0,0.0,-82.0
1777889117.0803325,-3.0,0.0,-79.0
1777889117.0903325,-3.0,-1.0,-81.0
1777889117.1003325,-1.0,0.0,-79.0
1777889117.1103325,0.0,1.0,-79.0
1777889117.1203325,-2.0,1.0,-78.0
1777889117.1303325,-4.0,3.0,-67.0
1777889117.1403325,1.0,0.0,-69.0
1777889117.1503325,0.0,-2.0,-71.0
1777889117.1603324,0.0,-2.0,-73.0
1777889117.1703324,0.0,-4.0,-76.0
1777889117.1803324,0.0,-5.0,-78.0
1777889117.1903324,1.0,-1.0,-75.0
1777889117.2003324,0.0,0.0,-76.0
1777889117.2103324,2.0,0.0,-79.0
1777889117.2203324,-4.0,2.0,-79.0
1777889117.2303324,-4.0,-1.0,-73.0
1777889117.2403324,-5.0,-1.0,-80.0
1777889117.2503324,-6.0,2.0,-78.0
1777889117.2603323,0.0,6.0,-80.0
1777889117.2703323,-1.0,3.0,-78.0
1777889117.2803323,-3.0,2.0,-84.0
1777889117.2903323,1.0,2.0,-88.0
1777889117.3003323,-5.0,3.0,-80.0
1777889117.3103323,-7.0,-1.0,-88.0
1777889117.3203323,-4.0,-1.0,-91.0
1777889117.3303325,-4.0,-3.0,-85.0
1777889117.3403325,-2.0,-6.0,-89.0
1777889117.3503325,0.0,-2.0,-86.0
1777889117.3603325,-5.0,0.0,-81.0
1777889117.3703325,-2.0,-1.0,-80.0
1777889117.3813324,-2.0,-4.0,-77.0
1777889117.3903325,2.0,-7.0,-78.0
1777889117.4003325,-4.0,-5.0,-73.0
1777889117.4103324,-5.0,-2.0,-76.0
1777889117.4203324,2.0,-1.0,-75.0
1777889117.4303324,2.0,-2.0,-74.0
1777889117.4403324,3.0,-3.0,-71.0
1777889117.4503324,0.0,-3.0,-76.0
1777889117.4603324,1.0,-4.0,-78.0
1777889117.4703324,4.0,-1.0,-79.0
1777889117.4803324,0.0,-3.0,-78.0
1777889117.4903324,0.0,-2.0,-75.0
1777889117.5003324,-1.0,0.0,-73.0
1777889117.5103323,3.0,0.0,-74.0
1777889117.5203323,0.0,0.0,-73.0
1777889117.5303323,-4.0,-1.0,-69.0
1777889117.5403323,-7.0,2.0,-65.0
1777889117.5503323,-6.0,2.0,-62.0
1777889117.5603323,0.0,-3.0,-67.0
1777889117.5703323,0.0,-6.0,-66.0
1777889117.5803325,-3.0,-8.0,-72.0
1777889117.5903325,-6.0,-8.0,-76.0
1777889117.6003325,-6.0,-3.0,-77.0
1777889117.6103325,-7.0,3.0,-82.0
1777889117.6203325,-8.0,6.0,-81.0
1777889117.6303325,-1.0,8.0,-80.0
1777889117.6403325,0.0,7.0,-83.0
1777889117.6503325,6.0,7.0,-91.0
1777889117.6603324,6.0,4.0,-99.0
1777889117.6703324,5.0,3.0,-93.0
1777889117.6803324,4.0,1.0,-86.0
1777889117.6903324,5.0,-2.0,-87.0
1777889117.7003324,7.0,1.0,-80.0
1777889117.7103324,5.0,0.0,-73.0
1777889117.7203324,5.0,0.0,-70.0
1777889117.7303324,-2.0,-2.0,-72.0
1777889117.7403324,-1.0,0.0,-74.0
1777889117.7503324,0.0,0.0,-83.0
1777889117.7603323,1.0,-3.0,-78.0
1777889117.7703323,3.0,-4.0,-82.0
1777889117.7803323,1.0,-7.0,-89.0
1777889117.7903323,-1.0,-5.0,-92.0
1777889117.8003323,-1.0,-2.0,-90.0
1777889117.8103323,0.0,-4.0,-89.0
1777889117.8203323,2.0,-5.0,-81.0
1777889117.8303325,-3.0,-5.0,-71.0
1777889117.8403325,-2.0,-2.0,-70.0
1777889117.8503325,-7.0,-3.0,-69.0
1777889117.8603325,-12.0,-3.0,-75.0
1777889117.8703325,-13.0,-2.0,-79.0
1777889117.8803325,-8.0,0.0,-78.0
1777889117.8913324,-9.0,3.0,-77.0
1777889117.9013324,-6.0,5.0,-79.0
1777889117.9113324,-3.0,1.0,-81.0
1777889117.9213324,-1.0,0.0,-78.0
1777889117.9313323,-5.0,-1.0,-77.0
1777889117.9413323,-7.0,-1.0,-74.0
1777889117.9513323,-7.0,-1.0,-74.0
1777889117.9613323,-4.0,-1.0,-78.0
1777889117.9713323,-2.0,0.0,-75.0
1777889117.9813323,-2.0,0.0,-78.0
1777889117.9913323,1.0,0.0,-76.0
1777889118.0013323,1.0,0.0,-80.0
1777889118.0113325,0.0,0.0,-80.0
1777889118.0213325,0.0,-3.0,-77.0
1777889118.0313325,5.0,-4.0,-76.0
1777889118.0413325,3.0,-5.0,-74.0
1777889118.0513325,3.0,-5.0,-75.0
1777889118.0613325,3.0,-1.0,-79.0
1777889118.0713325,2.0,-3.0,-75.0
1777889118.0813324,0.0,-5.0,-70.0
1777889118.0913324,0.0,-6.0,-71.0
1777889118.1013324,-4.0,-1.0,-77.0
1777889118.1113324,1.0,0.0,-79.0
1777889118.1213324,1.0,0.0,-75.0
1777889118.1313324,0.0,-4.0,-73.0
1777889118.1413324,0.0,-4.0,-69.0
1777889118.1513324,-1.0,-4.0,-63.0
1777889118.1613324,5.0,-9.0,-69.0
1777889118.1713324,3.0,-3.0,-70.0
1777889118.1813323,4.0,-2.0,-73.0
1777889118.1913323,4.0,-3.0,-82.0
1777889118.2013323,5.0,0.0,-85.0
1777889118.2113323,5.0,0.0,-80.0
1777889118.2213323,3.0,0.0,-73.0
1777889118.2313323,4.0,-2.0,-73.0
1777889118.2413323,7.0,-2.0,-66.0
1777889118.2513323,7.0,-1.0,-62.0
1777889118.2613325,4.0,0.0,-66.0
1777889118.2713325,3.0,0.0,-63.0
1777889118.2813325,2.0,-4.0,-63.0
1777889118.2913325,0.0,-3.0,-67.0
1777889118.3013325,2.0,-5.0,-71.0
1777889118.3113325,6.0,-3.0,-75.0
1777889118.3213325,3.0,-3.0,-80.0
1777889118.3313324,6.0,1.0,-85.0
1777889118.3413324,6.0,-3.0,-85.0
1777889118.3513324,6.0,-2.0,-91.0
1777889118.3613324,6.0,1.0,-93.0
1777889118.3713324,4.0,0.0,-92.0
1777889118.3813324,0.0,-2.0,-83.0
1777889118.3913324,2.0,-9.0,-75.0
1777889118.4013324,4.0,-7.0,-74.0
1777889118.4113324,5.0,-4.0,-77.0
1777889118.4213324,2.0,-2.0,-81.0
1777889118.4313323,3.0,-3.0,-76.0
1777889118.4413323,0.0,0.0,-82.0
1777889118.4513323,0.0,-1.0,-83.0
1777889118.4613323,3.0,-2.0,-82.0
1777889118.4713323,3.0,-2.0,-84.0
1777889118.4813323,3.0,-2.0,-78.0
1777889118.4913323,-1.0,0.0,-81.0
1777889118.5013323,-4.0,3.0,-72.0
1777889118.5113325,0.0,7.0,-78.0
1777889118.5213325,-2.0,4.0,-82.0
1777889118.5313325,-2.0,5.0,-83.0
1777889118.5413325,-1.0,5.0,-78.0
1777889118.5513325,-3.0,7.0,-80.0
1777889118.5613325,-4.0,5.0,-81.0
1777889118.5713325,-5.0,3.0,-78.0
1777889118.5813324,-5.0,3.0,-76.0
1777889118.5913324,-7.0,0.0,-82.0
1777889118.6013324,-9.0,0.0,-85.0
1777889118.6113324,-6.0,0.0,-76.0
1777889118.6213324,-3.0,1.0,-76.0
1777889118.6313324,0.0,0.0,-80.0
1777889118.6413324,-2.0,0.0,-80.0
1777889118.6513324,-3.0,-5.0,-81.0
1777889118.6613324,0.0,-8.0,-72.0
1777889118.6713324,3.0,-1.0,-74.0
1777889118.6813323,4.0,-2.0,-76.0
1777889118.6913323,7.0,-3.0,-76.0
1777889118.7013323,1.0,-5.0,-73.0
1777889118.7113323,0.0,-6.0,-72.0
1777889118.7213323,0.0,-4.0,-71.0
1777889118.7313323,1.0,-1.0,-66.0
1777889118.7413323,3.0,0.0,-73.0
1777889118.7513323,6.0,0.0,-72.0
1777889118.7613325,5.0,0.0,-72.0
1777889118.7713325,-3.0,-1.0,-72.0
1777889118.7813325,-3.0,-5.0,-77.0
1777889118.7913325,-2.0,-3.0,-81.0
1777889118.8013325,1.0,-5.0,-84.0
1777889118.8113325,3.0,-4.0,-80.0
1777889118.8213325,2.0,-4.0,-85.0
1777889118.8313324,5.0,0.0,-90.0
1777889118.8413324,4.0,1.0,-89.0
1777889118.8513324,2.0,2.0,-81.0
1777889118.8613324,3.0,2.0,-80.0
1777889118.8713324,3.0,3.0,-83.0
1777889118.8813324,3.0,2.0,-85.0
1777889118.8913324,2.0,0.0,-82.0
1777889118.9013324,1.0,0.0,-85.0
1777889118.9113324,2.0,0.0,-83.0
1777889118.9213324,1.0,-2.0,-80.0
1777889118.9313323,1.0,-5.0,-85.0
1777889118.9413323,-3.0,-1.0,-92.0
1777889118.9513323,-4.0,-1.0,-88.0
1777889118.9613323,-5.0,-1.0,-85.0
1777889118.9713323,-6.0,-3.0,-76.0
1777889118.9813323,0.0,0.0,-67.0
1777889118.9913323,3.0,2.0,-67.0
1777889119.0013323,4.0,2.0,-64.0
1777889119.0113325,1.0,2.0,-66.0
1777889119.0213325,0.0,-1.0,-65.0
1777889119.0313325,0.0,-1.0,-68.0
1777889119.0413325,0.0,-3.0,-66.0
1777889119.0513325,1.0,-7.0,-74.0
1777889119.0613325,2.0,-9.0,-73.0
1777889119.0713325,5.0,-9.0,-78.0
1777889119.0813324,4.0,-9.0,-78.0
1777889119.0913324,2.0,-6.0,-81.0
1777889119.1013324,1.0,-8.0,-82.0
1777889119.1113324,2.0,-3.0,-73.0
1777889119.1213324,5.0,0.0,-73.0
1777889119.1313324,3.0,0.0,-75.0
1777889119.1413324,3.0,-1.0,-70.0
1777889119.1513324,6.0,0.0,-73.0
1777889119.1613324,4.0,1.0,-79.0
1777889119.1713324,2.0,2.0,-84.0
1777889119.1813323,4.0,4.0,-75.0
1777889119.1913323,2.0,7.0,-80.0
1777889119.2013323,-1.0,6.0,-76.0
1777889119.2113323,4.0,4.0,-73.0
1777889119.2213323,2.0,2.0,-69.0
1777889119.2313323,-2.0,3.0,-71.0
1777889119.2413323,2.0,4.0,-73.0
1777889119.2513323,3.0,1.0,-77.0
1777889119.2613325,9.0,0.0,-79.0
1777889119.2713325,10.0,3.0,-82.0
1777889119.2813325,12.0,0.0,-86.0
1777889119.2913325,10.0,-5.0,-84.0
1777889119.3013325,9.0,-3.0,-79.0
1777889119.3113325,3.0,-1.0,-76.0
1777889119.3213325,3.0,-4.0,-74.0
1777889119.3313324,0.0,-5.0,-77.0
1777889119.3413324,0.0,-2.0,-77.0
1777889119.3513324,0.0,0.0,-79.0
1777889119.3613324,0.0,-2.0,-74.0
1777889119.3713324,3.0,-2.0,-73.0
1777889119.3813324,2.0,-5.0,-78.0
1777889119.3913324,4.0,-5.0,-81.0
1777889119.4013324,3.0,-3.0,-87.0
1777889119.4113324,3.0,-1.0,-86.0
1777889119.4213324,3.0,0.0,-85.0
1777889119.4313323,3.0,6.0,-84.0
1777889119.4413323,1.0,5.0,-75.0
1777889119.4513323,0.0,2.0,-77.0
1777889119.4613323,0.0,3.0,-86.0
1777889119.4713323,-1.0,4.0,-81.0
1777889119.4813323,-5.0,4.0,-78.0
1777889119.4913323,-2.0,2.0,-82.0
1777889119.5013323,-2.0,5.0,-82.0
1777889119.5113325,-3.0,5.0,-81.0
1777889119.5213325,-3.0,5.0,-78.0
1777889119.5313325,-1.0,5.0,-74.0
1777889119.5413325,-1.0,8.0,-76.0
1777889119.5513325,2.0,3.0,-77.0
1777889119.5613325,0.0,5.0,-82.0
1777889119.5713325,-1.0,0.0,-77.0
1777889119.5813324,-2.0,0.0,-72.0
1777889119.5913324,0.0,2.0,-73.0
1777889119.6013324,0.0,6.0,-68.0
1777889119.6113324,-2.0,11.0,-72.0
1777889119.6213324,-4.0,11.0,-74.0
1777889119.6313324,-2.0,12.0,-74.0
1777889119.6413324,2.0,7.0,-72.0
1777889119.6513324,7.0,7.0,-73.0
1777889119.6613324,6.0,7.0,-78.0
1777889119.6713324,6.0,9.0,-71.0
1777889119.6813323,3.0,11.0,-77.0
1777889119.6913323,0.0,12.0,-72.0
1777889119.7013323,4.0,12.0,-73.0
1777889119.7113323,8.0,6.0,-71.0
1777889119.7213323,2.0,3.0,-74.0
1777889119.7313323,1.0,3.0,-73.0
1777889119.7413323,0.0,2.0,-75.0
1777889119.7513323,1.0,-2.0,-70.0
1777889119.7613325,-1.0,0.0,-67.0
1777889119.7713325,2.0,-2.0,-68.0
1777889119.7813325,0.0,-8.0,-63.0
1777889119.7913325,0.0,-7.0,-59.0
1777889119.8013325,2.0,-8.0,-58.0
1777889119.8113325,-1.0,-6.0,-62.0
1777889119.8213325,-4.0,-7.0,-62.0
1777889119.8313324,-1.0,-7.0,-63.0
1777889119.8413324,-1.0,-4.0,-66.0
1777889119.8513324,1.0,-3.0,-68.0
1777889119.8613324,4.0,0.0,-70.0
1777889119.8713324,6.0,0.0,-65.0
1777889119.8823323,10.0,2.0,-69.0
1777889119.8913324,8.0,-3.0,-75.0
1777889119.9023323,7.0,-1.0,-76.0
1777889119.9123323,6.0,0.0,-73.0
1777889119.9223323,9.0,-1.0,-76.0
1777889119.9323325,11.0,0.0,-76.0
1777889119.9423325,4.0,4.0,-74.0
1777889119.9523325,3.0,6.0,-70.0
1777889119.9623325,2.0,9.0,-66.0
1777889119.9723325,2.0,5.0,-64.0
1777889119.9823325,0.0,2.0,-66.0
1777889119.9923325,2.0,-1.0,-71.0
1777889120.0023324,0.0,-1.0,-74.0
1777889120.0123324,-5.0,-3.0,-76.0
1777889120.0223324,-6.0,-3.0,-73.0
1777889120.0323324,-6.0,-1.0,-68.0
1777889120.0423324,-3.0,0.0,-66.0
1777889120.0523324,-6.0,0.0,-64.0
1777889120.0623324,-5.0,1.0,-66.0
1777889120.0723324,-6.0,-3.0,-76.0
1777889120.0823324,-8.0,-4.0,-78.0
1777889120.0923324,-3.0,-4.0,-80.0
1777889120.1023324,-2.0,-6.0,-77.0
1777889120.1123323,-3.0,-3.0,-83.0
1777889120.1223323,-7.0,-5.0,-82.0
1777889120.1323323,-11.0,0.0,-81.0
1777889120.1423323,-6.0,2.0,-80.0
1777889120.1523323,-2.0,4.0,-77.0
1777889120.1623323,-7.0,4.0,-75.0
1777889120.1723323,-8.0,4.0,-80.0
1777889120.1823325,-9.0,5.0,-90.0
1777889120.1923325,-7.0,1.0,-94.0
1777889120.2023325,-6.0,-1.0,-92.0
1777889120.2123325,-4.0,-3.0,-83.0
1777889120.2223325,-5.0,-4.0,-80.0
1777889120.2323325,-5.0,-4.0,-76.0
1777889120.2423325,-6.0,-6.0,-76.0
1777889120.2523324,1.0,-7.0,-73.0
1777889120.2623324,5.0,-5.0,-75.0
1777889120.2723324,2.0,-2.0,-78.0
1777889120.2823324,0.0,-4.0,-81.0
1777889120.2923324,-2.0,-3.0,-86.0
1777889120.3023324,-1.0,0.0,-87.0
1777889120.3123324,-2.0,0.0,-83.0
1777889120.3223324,0.0,-3.0,-82.0
1777889120.3323324,2.0,-6.0,-81.0
1777889120.3423324,0.0,0.0,-78.0
1777889120.3523324,1.0,2.0,-74.0
1777889120.3623323,2.0,3.0,-73.0
1777889120.3723323,2.0,3.0,-71.0
1777889120.3823323,-1.0,1.0,-72.0
1777889120.3923323,0.0,-2.0,-73.0
1777889120.4023323,0.0,-4.0,-74.0
1777889120.4123323,0.0,0.0,-70.0
1777889120.4223323,-6.0,0.0,-67.0
1777889120.4323325,0.0,0.0,-60.0
1777889120.4423325,-1.0,1.0,-60.0
1777889120.4523325,-1.0,0.0,-69.0
1777889120.4623325,0.0,2.0,-74.0
1777889120.4723325,-2.0,3.0,-77.0
1777889120.4823325,0.0,1.0,-72.0
1777889120.4923325,2.0,-1.0,-72.0
1777889120.5023324,6.0,0.0,-75.0
1777889120.5123324,4.0,3.0,-77.0
1777889120.5223324,0.0,6.0,-79.0
1777889120.5323324,0.0,1.0,-75.0
1777889120.5423324,-1.0,4.0,-71.0
1777889120.5523324,0.0,4.0,-70.0
1777889120.5623324,-1.0,0.0,-72.0
1777889120.5723324,-4.0,2.0,-67.0
1777889120.5823324,-3.0,3.0,-73.0
1777889120.5923324,-6.0,1.0,-79.0
1777889120.6023324,-4.0,3.0,-78.0
1777889120.6123323,-5.0,5.0,-80.0
1777889120.6223323,-2.0,2.0,-82.0
1777889120.6323323,0.0,2.0,-83.0
1777889120.6423323,-1.0,-3.0,-83.0
1777889120.6523323,-1.0,-4.0,-85.0
1777889120.6623323,-1.0,-1.0,-77.0
1777889120.6723323,-1.0,-6.0,-80.0
1777889120.6823325,-3.0,-4.0,-74.0
1777889120.6923325,-4.0,-4.0,-79.0
1777889120.7023325,-2.0,-1.0,-81.0
1777889120.7123325,1.0,0.0,-83.0
1777889120.7223325,0.0,2.0,-81.0
1777889120.7323325,2.0,3.0,-90.0
1777889120.7423325,4.0,2.0,-88.0
1777889120.7523324,5.0,1.0,-84.0
1777889120.7623324,5.0,1.0,-87.0
1777889120.7723324,3.0,1.0,-80.0
1777889120.7823324,2.0,3.0,-75.0
1777889120.7923324,2.0,2.0,-68.0
1777889120.8023324,0.0,1.0,-68.0
1777889120.8123324,4.0,0.0,-70.0
1777889120.8223324,6.0,1.0,-71.0
1777889120.8323324,2.0,2.0,-67.0
1777889120.8423324,4.0,1.0,-67.0
1777889120.8523324,5.0,4.0,-65.0
1777889120.8623323,9.0,0.0,-68.0
1777889120.8723323,7.0,-2.0,-64.0
1777889120.8823323,8.0,-3.0,-71.0
1777889120.8923323,5.0,0.0,-75.0
1777889120.9023323,10.0,1.0,-68.0
1777889120.9123323,7.0,2.0,-64.0
1777889120.9223323,7.0,0.0,-61.0
1777889120.9323325,2.0,-3.0,-60.0
1777889120.9423325,0.0,-2.0,-67.0
1777889120.9523325,-5.0,-5.0,-72.0
1777889120.9623325,-7.0,-2.0,-67.0
1777889120.9723325,-3.0,4.0,-72.0
1777889120.9823325,-9.0,1.0,-74.0
1777889120.9923325,-11.0,2.0,-77.0
1777889121.0023324,-9.0,-2.0,-79.0
1777889121.0123324,-8.0,-4.0,-78.0
1777889121.0223324,-10.0,-7.0,-75.0
1777889121.0323324,-12.0,-6.0,-73.0
1777889121.0423324,-11.0,-4.0,-79.0
1777889121.0523324,-10.0,-5.0,-78.0
1777889121.0623324,-7.0,-2.0,-82.0
1777889121.0723324,-2.0,0.0,-81.0
1777889121.0823324,-1.0,0.0,-85.0
1777889121.0923324,-5.0,4.0,-80.0
1777889121.1023324,-3.0,3.0,-81.0
1777889121.1123323,0.0,4.0,-79.0
1777889121.1223323,4.0,4.0,-74.0
1777889121.1323323,-1.0,0.0,-76.0
1777889121.1423323,-1.0,1.0,-75.0
1777889121.1523323,-5.0,1.0,-81.0
1777889121.1623323,-4.0,0.0,-75.0
1777889121.1723323,-4.0,2.0,-77.0
1777889121.1823325,-4.0,0.0,-74.0
1777889121.1923325,-5.0,-4.0,-74.0
1777889121.2023325,-3.0,-9.0,-83.0
1777889121.2123325,-1.0,-7.0,-81.0
1777889121.2223325,2.0,-5.0,-75.0
1777889121.2323325,3.0,-5.0,-70.0
1777889121.2423325,1.0,-7.0,-76.0
1777889121.2523324,2.0,-4.0,-81.0
1777889121.2623324,5.0,-2.0,-91.0
1777889121.2723324,3.0,-1.0,-84.0
1777889121.2823324,-2.0,-2.0,-83.0
1777889121.2923324,-5.0,-3.0,-79.0
1777889121.3023324,-4.0,-3.0,-79.0
1777889121.3123324,0.0,-2.0,-74.0
1777889121.3223324,1.0,0.0,-77.0
1777889121.3323324,1.0,0.0,-77.0
1777889121.3423324,0.0,-3.0,-75.0
1777889121.3523324,2.0,-5.0,-69.0
1777889121.3623323,1.0,-6.0,-72.0
1777889121.3723323,-1.0,-9.0,-73.0
1777889121.3823323,0.0,-4.0,-74.0
1777889121.3923323,-2.0,-8.0,-79.0
1777889121.4023323,0.0,-9.0,-82.0
1777889121.4123323,1.0,-6.0,-85.0
1777889121.4223323,-1.0,0.0,-86.0
1777889121.4323325,-1.0,-4.0,-83.0
1777889121.4423325,-6.0,-3.0,-77.0
1777889121.4523325,-3.0,-1.0,-78.0
1777889121.4623325,-3.0,-1.0,-85.0
1777889121.4723325,-2.0,1.0,-91.0
1777889121.4823325,-4.0,0.0,-90.0
1777889121.4923325,2.0,0.0,-96.0
1777889121.5023324,5.0,3.0,-95.0
1777889121.5123324,0.0,2.0,-87.0
1777889121.5223324,0.0,1.0,-90.0
1777889121.5323324,-1.0,0.0,-91.0
1777889121.5423324,0.0,2.0,-92.0
1777889121.5523324,4.0,0.0,-84.0
1777889121.5623324,7.0,-2.0,-83.0
1777889121.5723324,9.0,-1.0,-87.0
1777889121.5823324,10.0,1.0,-86.0
1777889121.5923324,11.0,4.0,-81.0
1777889121.6023324,6.0,0.0,-83.0
1777889121.6123323,-1.0,-4.0,-77.0
1777889121.6223323,0.0,-2.0,-75.0
1777889121.6323323,2.0,-2.0,-82.0
1777889121.6423323,0.0,-6.0,-88.0
1777889121.6523323,-1.0,-6.0,-84.0
1777889121.6623323,-1.0,0.0,-80.0
1777889121.6723323,1.0,4.0,-78.0
1777889121.6823325,7.0,6.0,-75.0
1777889121.6923325,10.0,3.0,-72.0
1777889121.7023325,7.0,0.0,-62.0
1777889121.7123325,4.0,-2.0,-69.0
1777889121.7223325,3.0,-4.0,-71.0
1777889121.7323325,6.0,-3.0,-68.0
1777889121.7423325,9.0,0.0,-72.0
1777889121.7523324,4.0,1.0,-72.0
1777889121.7623324,-3.0,-3.0,-74.0
1777889121.7723324,-9.0,-7.0,-73.0
1777889121.7823324,-8.0,-10.0,-70.0
1777889121.7923324,-6.0,-10.0,-79.0
1777889121.8023324,-5.0,-11.0,-81.0
1777889121.8123324,-1.0,-10.0,-78.0
1777889121.8223324,0.0,-7.0,-74.0
1777889121.8323324,0.0,-6.0,-79.0
1777889121.8423324,-1.0,-7.0,-77.0
1777889121.8533323,-3.0,-3.0,-77.0
1777889121.8633325,3.0,-5.0,-81.0
1777889121.8733325,5.0,-7.0,-80.0
1777889121.8833325,6.0,-5.0,-83.0
1777889121.8933325,3.0,-4.0,-80.0
1777889121.9033325,0.0,-1.0,-76.0
1777889121.9133325,-1.0,-1.0,-76.0
1777889121.9233325,0.0,1.0,-78.0
1777889121.9333324,3.0,2.0,-85.0
1777889121.9433324,3.0,-2.0,-83.0
1777889121.9533324,3.0,-6.0,-86.0
1777889121.9633324,3.0,-8.0,-85.0
1777889121.9733324,2.0,-4.0,-84.0
1777889121.9833324,1.0,-3.0,-86.0
1777889121.9933324,3.0,0.0,-89.0
1777889122.0033324,3.0,0.0,-86.0
1777889122.0133324,4.0,1.0,-92.0
1777889122.0233324,4.0,0.0,-89.0
1777889122.0333323,0.0,0.0,-84.0
1777889122.0433323,1.0,-3.0,-82.0
1777889122.0533323,5.0,-3.0,-86.0
1777889122.0633323,0.0,-3.0,-87.0
1777889122.0733323,-1.0,0.0,-86.0
1777889122.0833323,0.0,1.0,-84.0
1777889122.0933323,0.0,6.0,-79.0
1777889122.1033323,1.0,0.0,-77.0
1777889122.1133325,2.0,2.0,-74.0
1777889122.1233325,0.0,2.0,-80.0
1777889122.1333325,0.0,3.0,-81.0
1777889122.1433325,0.0,5.0,-78.0
1777889122.1533325,3.0,4.0,-78.0
1777889122.1633325,6.0,0.0,-78.0
1777889122.1733325,2.0,-1.0,-76.0
1777889122.1833324,-3.0,-2.0,-75.0
1777889122.1933324,-4.0,-2.0,-79.0
1777889122.2033324,-4.0,-1.0,-86.0
1777889122.2133324,0.0,1.0,-85.0
1777889122.2233324,2.0,2.0,-80.0
1777889122.2333324,2.0,-1.0,-82.0
1777889122.2433324,0.0,-4.0,-81.0
1777889122.2533324,-4.0,-3.0,-77.0
1777889122.2633324,-6.0,-4.0,-76.0
1777889122.2733324,-7.0,-7.0,-71.0
1777889122.2833323,-8.0,-7.0,-73.0
1777889122.2933323,-4.0,-7.0,-75.0
1777889122.3033323,-2.0,-7.0,-74.0
1777889122.3133323,0.0,-5.0,-75.0
1777889122.3233323,3.0,-4.0,-76.0
1777889122.3333323,5.0,0.0,-74.0
1777889122.3433323,6.0,-1.0,-75.0
1777889122.3533323,3.0,-6.0,-76.0
1777889122.3633325,5.0,-5.0,-76.0
1777889122.3733325,1.0,-1.0,-75.0
1777889122.3833325,2.0,-4.0,-69.0
1777889122.3933325,0.0,-3.0,-68.0
1777889122.4033325,0.0,-3.0,-69.0
1777889122.4133325,-1.0,-3.0,-76.0
1777889122.4233325,-2.0,-1.0,-81.0
1777889122.4333324,-3.0,-5.0,-77.0
1777889122.4433324,-7.0,-4.0,-75.0
1777889122.4533324,-8.0,0.0,-78.0
1777889122.4633324,-8.0,0.0,-83.0
1777889122.4733324,-8.0,0.0,-85.0
1777889122.4833324,-5.0,2.0,-85.0
1777889122.4933324,-5.0,0.0,-84.0
1777889122.5033324,0.0,0.0,-84.0
1777889122.5133324,3.0,-2.0,-89.0
1777889122.5233324,4.0,-5.0,-95.0
1777889122.5333323,4.0,-6.0,-88.0
1777889122.5433323,1.0,-4.0,-91.0
1777889122.5533323,-1.0,-6.0,-94.0
1777889122.5633323,-1.0,-7.0,-92.0
1777889122.5733323,-2.0,-10.0,-91.0
1777889122.5833323,-3.0,-5.0,-93.0
1777889122.5933323,-3.0,-7.0,-91.0
1777889122.6033323,-1.0,-10.0,-88.0
1777889122.6133325,4.0,-12.0,-86.0
1777889122.6233325,3.0,-10.0,-77.0
1777889122.6333325,8.0,-1.0,-84.0
1777889122.6433325,9.0,-2.0,-82.0
1777889122.6533325,7.0,0.0,-81.0
1777889122.6633325,7.0,-1.0,-78.0
1777889122.6733325,3.0,-2.0,-76.0
1777889122.6833324,0.0,-3.0,-75.0
1777889122.6933324,-4.0,-2.0,-72.0
1777889122.7033324,1.0,-3.0,-70.0
1777889122.7133324,3.0,-2.0,-70.0
1777889122.7233324,0.0,0.0,-71.0
1777889122.7333324,-3.0,-1.0,-75.0
1777889122.7433324,-2.0,-5.0,-81.0
1777889122.7533324,-2.0,-6.0,-75.0
1777889122.7633324,1.0,-4.0,-76.0
1777889122.7733324,3.0,-3.0,-70.0
1777889122.7833323,5.0,-2.0,-66.0
1777889122.7933323,5.0,-1.0,-70.0
1777889122.8033323,8.0,-2.0,-65.0
1777889122.8133323,11.0,-1.0,-68.0
1777889122.8233323,10.0,1.0,-77.0
1777889122.8333323,4.0,-4.0,-82.0
1777889122.8433323,1.0,-3.0,-88.0
1777889122.8533323,1.0,-4.0,-84.0
1777889122.8633325,5.0,-7.0,-81.0
1777889122.8733325,5.0,-3.0,-86.0
1777889122.8833325,1.0,0.0,-83.0
1777889122.8933325,-1.0,2.0,-78.0
1777889122.9033325,0.0,3.0,-79.0
1777889122.9133325,2.0,1.0,-87.0
1777889122.9233325,8.0,0.0,-88.0
1777889122.9333324,8.0,4.0,-84.0
1777889122.9433324,2.0,2.0,-80.0
1777889122.9533324,3.0,3.0,-82.0
1777889122.9633324,1.0,3.0,-81.0
1777889122.9733324,1.0,1.0,-77.0
1777889122.9833324,2.0,-5.0,-72.0
1777889122.9933324,0.0,-5.0,-74.0
1777889123.0033324,-1.0,-6.0,-86.0
1777889123.0133324,2.0,-5.0,-78.0
1777889123.0233324,3.0,-7.0,-77.0
1777889123.0333323,10.0,-7.0,-80.0
1777889123.0433323,12.0,-5.0,-87.0
1777889123.0533323,9.0,-8.0,-89.0
1777889123.0633323,6.0,-6.0,-88.0
1777889123.0733323,0.0,-5.0,-82.0
1777889123.0833323,0.0,-3.0,-77.0
1777889123.0933323,0.0,-5.0,-77.0
1777889123.1033323,0.0,-4.0,-84.0
1777889123.1133325,-2.0,-2.0,-84.0
1777889123.1233325,-3.0,-2.0,-85.0
1777889123.1333325,-6.0,-3.0,-81.0
1777889123.1433325,-1.0,0.0,-74.0
1777889123.1533325,-3.0,-1.0,-67.0
1777889123.1633325,-3.0,1.0,-69.0
1777889123.1733325,-5.0,3.0,-69.0
1777889123.1833324,-8.0,4.0,-69.0
1777889123.1933324,-4.0,3.0,-74.0
1777889123.2033324,-7.0,0.0,-70.0
1777889123.2133324,-4.0,0.0,-70.0
1777889123.2233324,-2.0,-1.0,-71.0
1777889123.2333324,0.0,-3.0,-73.0
1777889123.2433324,-3.0,-1.0,-78.0
1777889123.2533324,0.0,-2.0,-77.0
1777889123.2633324,5.0,-2.0,-76.0
1777889123.2733324,1.0,-7.0,-78.0
1777889123.2833323,2.0,-4.0,-85.0
1777889123.2933323,3.0,-2.0,-88.0
1777889123.3033323,0.0,-3.0,-85.0
1777889123.3133323,1.0,-4.0,-81.0
1777889123.3233323,0.0,-2.0,-80.0
1777889123.3333323,0.0,-3.0,-76.0
1777889123.3433323,0.0,-4.0,-78.0
1777889123.3533323,0.0,-5.0,-79.0
1777889123.3633325,0.0,-1.0,-76.0
1777889123.3733325,-1.0,3.0,-78.0
1777889123.3833325,3.0,1.0,-78.0
1777889123.3933325,3.0,0.0,-70.0
1777889123.4033325,0.0,0.0,-77.0
1777889123.4133325,-3.0,-4.0,-80.0
1777889123.4233325,-2.0,-5.0,-78.0
1777889123.4333324,-1.0,-4.0,-81.0
1777889123.4433324,-1.0,-3.0,-85.0
1777889123.4533324,-2.0,-4.0,-84.0
1777889123.4633324,1.0,-4.0,-87.0
1777889123.4733324,-1.0,-1.0,-78.0
1777889123.4833324,-4.0,-2.0,-75.0
1777889123.4933324,-6.0,-1.0,-75.0
1777889123.5033324,-9.0,-2.0,-79.0
1777889123.5133324,-11.0,0.0,-71.0
1777889123.5233324,-4.0,0.0,-71.0
1777889123.5333323,-1.0,-2.0,-73.0
1777889123.5433323,-1.0,-3.0,-79.0
1777889123.5533323,0.0,-6.0,-74.0
1777889123.5633323,-4.0,-2.0,-72.0
1777889123.5733323,-4.0,-6.0,-81.0
1777889123.5833323,-2.0,-6.0,-73.0
1777889123.5933323,-6.0,-3.0,-66.0
1777889123.6033323,-2.0,-5.0,-65.0
1777889123.6133325,-3.0,-5.0,-65.0
1777889123.6233325,-4.0,-3.0,-62.0
1777889123.6333325,-6.0,-3.0,-66.0
1777889123.6433325,-3.0,-6.0,-65.0
1777889123.6533325,0.0,-4.0,-68.0
1777889123.6633325,0.0,-7.0,-73.0
1777889123.6733325,1.0,-5.0,-71.0
1777889123.6833324,2.0,-7.0,-66.0
1777889123.6933324,1.0,-2.0,-73.0
1777889123.7033324,-1.0,-3.0,-74.0
1777889123.7133324,-4.0,-1.0,-76.0
1777889123.7233324,-11.0,1.0,-76.0
1777889123.7333324,-9.0,0.0,-77.0
1777889123.7433324,-14.0,-5.0,-82.0
1777889123.7533324,-7.0,-6.0,-81.0
1777889123.7633324,-5.0,-3.0,-71.0
1777889123.7733324,-5.0,-2.0,-70.0
1777889123.7833323,-3.0,-2.0,-70.0
1777889123.7933323,-2.0,-1.0,-71.0
1777889123.8033323,0.0,0.0,-73.0
1777889123.8143325,0.0,-3.0,-70.0
1777889123.8233323,-2.0,-2.0,-72.0
1777889123.8333323,0.0,-1.0,-74.0
1777889123.8433323,-1.0,0.0,-81.0
1777889123.8543324,1.0,-4.0,-82.0
1777889123.8633325,-1.0,-3.0,-87.0
1777889123.8743324,-4.0,-2.0,-86.0
1777889123.8843324,0.0,3.0,-85.0
1777889123.8943324,0.0,2.0,-81.0
1777889123.9043324,-1.0,4.0,-77.0
1777889123.9143324,-2.0,2.0,-78.0
1777889123.9243324,0.0,4.0,-74.0
1777889123.9343324,0.0,9.0,-70.0
1777889123.9443324,4.0,4.0,-72.0
1777889123.9543324,1.0,1.0,-69.0
1777889123.9643323,3.0,0.0,-67.0
1777889123.9743323,1.0,4.0,-70.0
1777889123.9843323,0.0,1.0,-74.0
1777889123.9943323,-1.0,0.0,-76.0
1777889124.0043323,0.0,0.0,-78.0
1777889124.0143323,0.0,-3.0,-77.0
1777889124.0243323,-4.0,-3.0,-77.0
1777889124.0343325,-2.0,-1.0,-74.0
1777889124.0443325,-2.0,1.0,-70.0
1777889124.0543325,0.0,-1.0,-79.0
1777889124.0643325,1.0,-7.0,-84.0
1777889124.0743325,0.0,-3.0,-80.0
1777889124.0843325,5.0,-3.0,-73.0
1777889124.0943325,11.0,0.0,-74.0
1777889124.1043324,11.0,0.0,-72.0
1777889124.1143324,10.0,-2.0,-81.0
1777889124.1243324,0.0,-1.0,-82.0
1777889124.1343324,-1.0,-3.0,-84.0
1777889124.1443324,-3.0,-2.0,-82.0
1777889124.1543324,-1.0,-3.0,-82.0
1777889124.1643324,-2.0,-1.0,-82.0
1777889124.1743324,-6.0,-1.0,-83.0
1777889124.1843324,0.0,0.0,-82.0
1777889124.1943324,0.0,-2.0,-87.0
1777889124.2043324,-2.0,0.0,-86.0
1777889124.2143323,1.0,-1.0,-82.0
1777889124.2243323,5.0,-2.0,-79.0
1777889124.2343323,5.0,0.0,-75.0
1777889124.2443323,0.0,-3.0,-77.0
1777889124.2543323,-4.0,-5.0,-73.0
1777889124.2643323,0.0,-6.0,-77.0
1777889124.2743323,-2.0,-7.0,-78.0
1777889124.2843325,-3.0,-7.0,-71.0
1777889124.2943325,-5.0,-4.0,-72.0
1777889124.3043325,-5.0,-1.0,-75.0
1777889124.3143325,-5.0,2.0,-77.0
1777889124.3243325,-3.0,4.0,-76.0
1777889124.3343325,0.0,3.0,-80.0
1777889124.3443325,2.0,0.0,-77.0
1777889124.3543324,3.0,0.0,-82.0
1777889124.3643324,6.0,0.0,-82.0
1777889124.3743324,3.0,0.0,-83.0
1777889124.3843324,1.0,-1.0,-80.0
1777889124.3943324,2.0,2.0,-83.0
1777889124.4043324,3.0,2.0,-83.0
1777889124.4143324,1.0,0.0,-76.0
1777889124.4243324,2.0,0.0,-77.0
1777889124.4343324,0.0,0.0,-77.0
1777889124.4443324,-3.0,5.0,-78.0
1777889124.4543324,-3.0,3.0,-84.0
1777889124.4643323,-7.0,1.0,-81.0
1777889124.4743323,-5.0,0.0,-82.0
1777889124.4843323,-5.0,-1.0,-85.0
1777889124.4943323,-3.0,0.0,-93.0
1777889124.5043323,-2.0,1.0,-85.0
1777889124.5143323,2.0,1.0,-78.0
1777889124.5243323,4.0,2.0,-72.0
1777889124.5343325,5.0,2.0,-76.0
1777889124.5443325,2.0,1.0,-80.0
1777889124.5543325,4.0,2.0,-76.0
1777889124.5643325,5.0,4.0,-77.0
1777889124.5743325,4.0,5.0,-78.0
1777889124.5843325,2.0,4.0,-73.0
1777889124.5943325,3.0,1.0,-71.0
1777889124.6043324,1.0,0.0,-77.0
1777889124.6143324,3.0,0.0,-76.0
1777889124.6243324,2.0,0.0,-73.0
1777889124.6343324,1.0,-3.0,-77.0
1777889124.6443324,0.0,-1.0,-73.0
1777889124.6543324,0.0,1.0,-77.0
1777889124.6643324,0.0,0.0,-80.0
1777889124.6743324,1.0,1.0,-78.0
1777889124.6843324,0.0,4.0,-76.0
1777889124.6943324,0.0,2.0,-73.0
1777889124.7043324,-1.0,1.0,-72.0
1777889124.7143323,-4.0,3.0,-74.0
1777889124.7243323,2.0,0.0,-73.0
1777889124.7343323,5.0,3.0,-76.0
1777889124.7443323,5.0,6.0,-74.0
1777889124.7543323,2.0,6.0,-73.0
1777889124.7643323,5.0,2.0,-73.0
1777889124.7743323,7.0,2.0,-69.0
1777889124.7843325,8.0,0.0,-67.0
1777889124.7943325,10.0,-1.0,-68.0
1777889124.8043325,8.0,-1.0,-71.0
1777889124.8143325,7.0,0.0,-72.0
1777889124.8243325,2.0,-1.0,-73.0
1777889124.8343325,2.0,0.0,-80.0
1777889124.8443325,2.0,-4.0,-81.0
1777889124.8543324,0.0,-3.0,-83.0
1777889124.8643324,2.0,0.0,-83.0
1777889124.8743324,0.0,0.0,-84.0
1777889124.8843324,-3.0,-2.0,-77.0
1777889124.8943324,-5.0,-7.0,-75.0
1777889124.9043324,-4.0,-6.0,-73.0
1777889124.9143324,-3.0,-6.0,-76.0
1777889124.9243324,-3.0,-1.0,-77.0
1777889124.9343324,0.0,2.0,-77.0
1777889124.9443324,4.0,3.0,-78.0
1777889124.9543324,5.0,0.0,-78.0
1777889124.9643323,3.0,-2.0,-80.0
1777889124.9743323,3.0,-4.0,-83.0
1777889124.9843323,4.0,-2.0,-84.0
1777889124.9943323,2.0,-3.0,-80.0
1777889125.0043323,0.0,-2.0,-80.0
1777889125.0143323,0.0,-2.0,-80.0
1777889125.0243323,1.0,-5.0,-87.0
1777889125.0343325,1.0,-3.0,-81.0
1777889125.0443325,0.0,-5.0,-81.0
1777889125.0543325,0.0,-5.0,-79.0
1777889125.0643325,4.0,-4.0,-81.0
1777889125.0743325,3.0,-4.0,-87.0
1777889125.0843325,1.0,0.0,-83.0
1777889125.0943325,2.0,2.0,-83.0
1777889125.1043324,1.0,3.0,-78.0
1777889125.1143324,3.0,4.0,-73.0
1777889125.1243324,3.0,3.0,-72.0
1777889125.1343324,5.0,1.0,-67.0
1777889125.1443324,2.0,0.0,-69.0
1777889125.1543324,4.0,-2.0,-74.0
1777889125.1643324,2.0,-1.0,-73.0
1777889125.1743324,5.0,0.0,-72.0
1777889125.1843324,1.0,0.0,-75.0
1777889125.1943324,2.0,0.0,-81.0
1777889125.2043324,1.0,1.0,-77.0
1777889125.2143323,-1.0,-2.0,-71.0
1777889125.2243323,0.0,0.0,-75.0
1777889125.2343323,4.0,1.0,-74.0
1777889125.2443323,0.0,1.0,-79.0
1777889125.2543323,0.0,0.0,-76.0
1777889125.2643323,-1.0,2.0,-75.0
1777889125.2743323,-1.0,3.0,-75.0
1777889125.2843325,3.0,1.0,-70.0
1777889125.2943325,0.0,0.0,-68.0
1777889125.3043325,-2.0,0.0,-63.0
1777889125.3143325,-3.0,4.0,-68.0
1777889125.3243325,-1.0,2.0,-79.0
1777889125.3343325,-2.0,1.0,-78.0
1777889125.3443325,-2.0,0.0,-77.0
1777889125.3543324,-5.0,-1.0,-80.0
1777889125.3643324,-2.0,-1.0,-78.0
1777889125.3743324,-2.0,0.0,-83.0
1777889125.3843324,-4.0,0.0,-85.0
1777889125.3943324,0.0,-1.0,-80.0
1777889125.4043324,-1.0,0.0,-82.0
1777889125.4143324,-1.0,0.0,-74.0
1777889125.4243324,0.0,1.0,-75.0
1777889125.4343324,0.0,1.0,-73.0
1777889125.4443324,0.0,-1.0,-77.0
1777889125.4543324,-3.0,-1.0,-80.0
1777889125.4643323,-1.0,2.0,-81.0
1777889125.4743323,-1.0,0.0,-84.0
1777889125.4843323,-5.0,1.0,-85.0
1777889125.4943323,-5.0,3.0,-84.0
1777889125.5043323,-1.0,3.0,-84.0
1777889125.5143323,2.0,0.0,-77.0
1777889125.5243323,6.0,-2.0,-76.0
1777889125.5343325,6.0,-3.0,-66.0
1777889125.5443325,4.0,-6.0,-64.0
1777889125.5543325,1.0,-8.0,-63.0
1777889125.5643325,2.0,-9.0,-67.0
1777889125.5743325,0.0,-6.0,-65.0
1777889125.5843325,3.0,-4.0,-62.0
1777889125.5943325,5.0,-1.0,-64.0
1777889125.6043324,6.0,-1.0,-65.0
1777889125.6143324,6.0,0.0,-68.0
1777889125.6243324,9.0,2.0,-67.0
1777889125.6343324,11.0,-3.0,-64.0
1777889125.6443324,6.0,-3.0,-61.0
1777889125.6543324,5.0,-4.0,-61.0
1777889125.6643324,3.0,-6.0,-63.0
1777889125.6743324,4.0,-2.0,-64.0
1777889125.6843324,6.0,-1.0,-64.0
1777889125.6943324,6.0,2.0,-70.0
1777889125.7043324,3.0,-1.0,-79.0
1777889125.7143323,1.0,0.0,-78.0
1777889125.7243323,1.0,-4.0,-76.0
1777889125.7343323,1.0,-6.0,-80.0
1777889125.7443323,0.0,-4.0,-85.0
1777889125.7543323,0.0,-3.0,-78.0
1777889125.7643323,0.0,-3.0,-77.0
1777889125.7743323,5.0,-9.0,-77.0
1777889125.7843325,0.0,-9.0,-85.0
1777889125.7943325,0.0,-10.0,-81.0
1777889125.8043325,1.0,-10.0,-75.0
1777889125.8143325,2.0,-8.0,-71.0
1777889125.8253324,-1.0,-10.0,-72.0
1777889125.8343325,-4.0,-9.0,-75.0
1777889125.8453324,-2.0,-11.0,-84.0
1777889125.8553324,-1.0,-7.0,-89.0
1777889125.8653324,-4.0,-5.0,-87.0
1777889125.8753324,-5.0,-3.0,-92.0
1777889125.8853323,-11.0,-3.0,-84.0
1777889125.8953323,-7.0,-3.0,-77.0
1777889125.9053323,-1.0,0.0,-77.0
1777889125.9153323,-3.0,-2.0,-78.0
1777889125.9253323,-4.0,-2.0,-79.0
1777889125.9353323,-4.0,-4.0,-79.0
1777889125.9453323,-2.0,-3.0,-81.0
1777889125.9553325,-3.0,-1.0,-77.0
1777889125.9653325,0.0,0.0,-73.0
1777889125.9753325,1.0,4.0,-80.0
1777889125.9853325,1.0,3.0,-85.0
1777889125.9953325,1.0,0.0,-81.0
1777889126.0053325,0.0,-2.0,-84.0
1777889126.0153325,3.0,-2.0,-87.0
1777889126.0253325,2.0,-3.0,-83.0
1777889126.0353324,6.0,-2.0,-81.0
1777889126.0453324,7.0,-2.0,-78.0
1777889126.0553324,3.0,-5.0,-77.0
1777889126.0653324,0.0,-6.0,-80.0
1777889126.0753324,3.0,-6.0,-80.0
1777889126.0853324,3.0,-6.0,-77.0
1777889126.0953324,1.0,-8.0,-75.0
1777889126.1053324,0.0,-2.0,-68.0
1777889126.1153324,-1.0,-5.0,-69.0
1777889126.1253324,0.0,-5.0,-69.0
1777889126.1353323,-2.0,-8.0,-66.0
1777889126.1453323,-4.0,-8.0,-66.0
1777889126.1553323,-4.0,-10.0,-72.0
1777889126.1653323,-2.0,-8.0,-75.0
1777889126.1753323,-2.0,-6.0,-78.0
1777889126.1853323,1.0,-8.0,-73.0
1777889126.1953323,10.0,-6.0,-75.0
1777889126.2053325,10.0,-10.0,-83.0
1777889126.2153325,8.0,-9.0,-76.0
1777889126.2253325,7.0,-6.0,-69.0
1777889126.2353325,7.0,-6.0,-70.0
1777889126.2453325,3.0,-2.0,-75.0
1777889126.2553325,-1.0,1.0,-75.0
1777889126.2653325,-3.0,1.0,-74.0
1777889126.2753325,2.0,0.0,-73.0
1777889126.2853324,0.0,0.0,-75.0
1777889126.2953324,0.0,1.0,-81.0
1777889126.3053324,3.0,3.0,-79.0
1777889126.3153324,0.0,-1.0,-84.0
1777889126.3253324,-1.0,1.0,-84.0
1777889126.3353324,-2.0,1.0,-79.0
1777889126.3453324,0.0,1.0,-79.0
1777889126.3553324,-1.0,-3.0,-77.0
1777889126.3653324,-7.0,-1.0,-84.0
1777889126.3753324,-7.0,0.0,-82.0
1777889126.3853323,-8.0,-4.0,-72.0
1777889126.3953323,-4.0,1.0,-72.0
1777889126.4053323,-1.0,6.0,-72.0
1777889126.4153323,2.0,2.0,-72.0
1777889126.4253323,2.0,4.0,-86.0
1777889126.4353323,3.0,4.0,-90.0
1777889126.4453323,2.0,1.0,-92.0
1777889126.4553325,1.0,-3.0,-89.0
1777889126.4653325,-3.0,0.0,-87.0
1777889126.4753325,-6.0,4.0,-79.0
1777889126.4853325,-3.0,5.0,-78.0
1777889126.4953325,-4.0,6.0,-71.0
1777889126.5053325,-2.0,4.0,-74.0
1777889126.5153325,-3.0,1.0,-74.0
1777889126.5253325,3.0,-1.0,-74.0
1777889126.5353324,1.0,0.0,-75.0
1777889126.5453324,4.0,6.0,-73.0
1777889126.5553324,5.0,6.0,-70.0
1777889126.5653324,6.0,5.0,-77.0
1777889126.5753324,0.0,4.0,-78.0
1777889126.5853324,3.0,4.0,-81.0
1777889126.5953324,1.0,1.0,-81.0
1777889126.6053324,0.0,3.0,-77.0
1777889126.6153324,1.0,4.0,-69.0
1777889126.6253324,0.0,6.0,-71.0
1777889126.6353323,0.0,0.0,-69.0
1777889126.6453323,0.0,-2.0,-72.0
1777889126.6553323,0.0,-4.0,-75.0
1777889126.6653323,0.0,-7.0,-78.0
1777889126.6753323,3.0,-5.0,-72.0
1777889126.6853323,2.0,-3.0,-74.0
1777889126.6953323,-2.0,-1.0,-73.0
1777889126.7053325,-3.0,-2.0,-72.0
1777889126.7153325,-3.0,-4.0,-76.0
1777889126.7253325,0.0,-6.0,-73.0
1777889126.7353325,2.0,-5.0,-76.0
1777889126.7453325,0.0,-7.0,-79.0
1777889126.7553325,0.0,-7.0,-77.0
1777889126.7653325,0.0,-2.0,-74.0
1777889126.7753325,3.0,-2.0,-70.0
1777889126.7853324,8.0,-1.0,-72.0
1777889126.7953324,4.0,-2.0,-76.0
1777889126.8053324,0.0,0.0,-71.0
1777889126.8153324,-4.0,-2.0,-72.0
1777889126.8253324,-1.0,-5.0,-68.0
1777889126.8353324,-2.0,-4.0,-74.0
1777889126.8453324,0.0,-3.0,-77.0
1777889126.8553324,0.0,-1.0,-83.0
1777889126.8653324,0.0,-3.0,-81.0
1777889126.8753324,0.0,0.0,-81.0
1777889126.8853323,0.0,-4.0,-80.0
1777889126.8953323,-1.0,-5.0,-74.0
1777889126.9053323,-1.0,-6.0,-73.0
1777889126.9153323,-2.0,-5.0,-67.0
1777889126.9253323,-2.0,-5.0,-63.0
1777889126.9353323,-5.0,-2.0,-62.0
1777889126.9453323,-3.0,-4.0,-69.0
1777889126.9553325,-1.0,-2.0,-69.0
1777889126.9653325,0.0,-4.0,-67.0
1777889126.9753325,0.0,1.0,-72.0
1777889126.9853325,0.0,1.0,-73.0
1777889126.9953325,1.0,-1.0,-72.0
1777889127.0053325,-1.0,-5.0,-74.0
1777889127.0153325,-2.0,-6.0,-75.0
1777889127.0253325,-1.0,-6.0,-74.0
1777889127.0353324,0.0,-5.0,-67.0
1777889127.0453324,-1.0,-2.0,-63.0
1777889127.0553324,1.0,-2.0,-65.0
1777889127.0653324,2.0,-1.0,-74.0
1777889127.0753324,3.0,-2.0,-78.0
1777889127.0853324,4.0,-6.0,-83.0
1777889127.0953324,6.0,-7.0,-81.0
1777889127.1053324,5.0,-10.0,-75.0
1777889127.1153324,8.0,-11.0,-71.0
1777889127.1253324,6.0,-8.0,-74.0
1777889127.1353323,3.0,-6.0,-77.0
1777889127.1453323,4.0,-6.0,-76.0
1777889127.1553323,8.0,-8.0,-77.0
1777889127.1653323,7.0,-10.0,-73.0
1777889127.1753323,6.0,-8.0,-75.0
1777889127.1853323,5.0,-4.0,-71.0
1777889127.1953323,6.0,-3.0,-72.0
1777889127.2053325,3.0,-4.0,-76.0
1777889127.2153325,-1.0,-4.0,-78.0
1777889127.2253325,0.0,0.0,-86.0
1777889127.2353325,0.0,-3.0,-88.0
1777889127.2453325,0.0,-6.0,-87.0
1777889127.2553325,0.0,-4.0,-88.0
1777889127.2653325,0.0,-3.0,-76.0
1777889127.2753325,1.0,0.0,-72.0
1777889127.2853324,8.0,1.0,-70.0
1777889127.2953324,0.0,-3.0,-70.0
1777889127.3053324,-2.0,-5.0,-74.0
1777889127.3153324,0.0,-3.0,-79.0
1777889127.3253324,0.0,-2.0,-76.0
1777889127.3353324,0.0,1.0,-68.0
1777889127.3453324,-1.0,1.0,-66.0
1777889127.3553324,0.0,-2.0,-68.0
1777889127.3653324,-3.0,-1.0,-73.0
1777889127.3753324,-2.0,2.0,-74.0
1777889127.3853323,1.0,2.0,-75.0
1777889127.3953323,6.0,-1.0,-74.0
1777889127.4053323,4.0,-1.0,-80.0
1777889127.4153323,2.0,-3.0,-77.0
1777889127.4253323,4.0,-4.0,-72.0
1777889127.4353323,1.0,-2.0,-74.0
1777889127.4453323,-2.0,-2.0,-71.0
1777889127.4553325,0.0,-6.0,-68.0
1777889127.4653325,-2.0,-5.0,-67.0
1777889127.4753325,-1.0,2.0,-69.0
1777889127.4853325,-4.0,4.0,-69.0
1777889127.4953325,-3.0,7.0,-69.0
1777889127.5053325,-3.0,6.0,-71.0
1777889127.5153325,-3.0,6.0,-71.0
1777889127.5253325,-3.0,2.0,-72.0
1777889127.5353324,-5.0,-1.0,-74.0
1777889127.5453324,0.0,1.0,-82.0
1777889127.5553324,7.0,1.0,-84.0
1777889127.5653324,7.0,0.0,-88.0
1777889127.5753324,6.0,-2.0,-85.0
1777889127.5853324,6.0,-2.0,-89.0
1777889127.5953324,3.0,-3.0,-88.0
1777889127.6053324,-3.0,4.0,-81.0
1777889127.6153324,-2.0,6.0,-84.0
1777889127.6253324,-2.0,6.0,-86.0
1777889127.6353323,-1.0,5.0,-83.0
1777889127.6453323,-2.0,5.0,-81.0
1777889127.6553323,-7.0,5.0,-84.0
1777889127.6653323,-8.0,2.0,-88.0
1777889127.6753323,-7.0,0.0,-95.0
1777889127.6853323,-6.0,-1.0,-92.0
1777889127.6953323,-6.0,-2.0,-89.0
1777889127.7053325,-5.0,-2.0,-87.0
1777889127.7153325,-7.0,-2.0,-79.0
1777889127.7253325,0.0,0.0,-76.0
1777889127.7353325,1.0,0.0,-81.0
1777889127.7453325,0.0,3.0,-80.0
1777889127.7553325,0.0,0.0,-76.0
1777889127.7653325,-2.0,2.0,-70.0
1777889127.7753325,-4.0,1.0,-78.0
1777889127.7853324,-1.0,0.0,-84.0
1777889127.7953324,0.0,0.0,-87.0
1777889127.8053324,3.0,-3.0,-87.0
1777889127.8153324,4.0,-4.0,-82.0
1777889127.8253324,0.0,-2.0,-73.0
1777889127.8363323,0.0,-2.0,-77.0
1777889127.8453324,2.0,-5.0,-74.0
1777889127.8563323,1.0,-5.0,-74.0
1777889127.8663323,7.0,-6.0,-72.0
1777889127.8763323,10.0,-3.0,-76.0
1777889127.8863325,6.0,-3.0,-76.0
1777889127.8953323,6.0,-4.0,-72.0
1777889127.9063325,6.0,-3.0,-67.0
1777889127.9163325,2.0,-2.0,-68.0
1777889127.9263325,0.0,-4.0,-67.0
1777889127.9363325,1.0,-6.0,-71.0
1777889127.9463325,0.0,-8.0,-77.0
1777889127.9563324,-1.0,-9.0,-78.0
1777889127.9663324,-3.0,-12.0,-81.0
1777889127.9763324,-2.0,-8.0,-86.0
1777889127.9863324,-5.0,-5.0,-78.0
1777889127.9963324,-4.0,0.0,-81.0
1777889128.0063324,-2.0,1.0,-77.0
1777889128.0163324,-1.0,3.0,-76.0
1777889128.0263324,0.0,0.0,-70.0
1777889128.0363324,-4.0,0.0,-66.0
1777889128.0463324,-3.0,0.0,-71.0
1777889128.0563323,-3.0,4.0,-71.0
1777889128.0663323,-4.0,1.0,-71.0
1777889128.0763323,-5.0,0.0,-63.0
1777889128.0863323,-4.0,-1.0,-59.0
1777889128.0963323,-1.0,-4.0,-66.0
1777889128.1063323,-3.0,-8.0,-71.0
1777889128.1163323,-2.0,-11.0,-71.0
1777889128.1263323,-2.0,-9.0,-74.0
1777889128.1363325,0.0,-6.0,-76.0
1777889128.1463325,-1.0,-9.0,-75.0
1777889128.1563325,-7.0,-7.0,-69.0
1777889128.1663325,0.0,-7.0,-61.0
1777889128.1763325,-3.0,-8.0,-66.0
1777889128.1863325,-3.0,-2.0,-66.0
1777889128.1963325,-5.0,-3.0,-65.0
1777889128.2063324,-3.0,-2.0,-71.0
1777889128.2163324,-5.0,-3.0,-70.0
1777889128.2263324,-6.0,-4.0,-69.0
1777889128.2363324,0.0,1.0,-74.0
1777889128.2463324,5.0,-2.0,-72.0
1777889128.2563324,7.0,0.0,-75.0
1777889128.2663324,8.0,0.0,-76.0
1777889128.2763324,6.0,-2.0,-76.0
1777889128.2863324,3.0,-4.0,-78.0
1777889128.2963324,6.0,-6.0,-76.0
1777889128.3063323,6.0,-7.0,-73.0
1777889128.3163323,6.0,-2.0,-77.0
1777889128.3263323,6.0,-3.0,-79.0
1777889128.3363323,3.0,-4.0,-80.0
1777889128.3463323,6.0,-5.0,-77.0
1777889128.3563323,9.0,-4.0,-74.0
1777889128.3663323,10.0,-1.0,-79.0
1777889128.3763323,7.0,-1.0,-77.0
1777889128.3863325,4.0,0.0,-74.0
1777889128.3963325,5.0,0.0,-76.0
1777889128.4063325,1.0,0.0,-79.0
1777889128.4163325,4.0,0.0,-74.0
1777889128.4263325,4.0,-3.0,-73.0
1777889128.4363325,0.0,0.0,-78.0
1777889128.4463325,0.0,0.0,-77.0
1777889128.4563324,-1.0,-1.0,-80.0
1777889128.4663324,-2.0,-2.0,-77.0
1777889128.4763324,4.0,-4.0,-74.0
1777889128.4863324,5.0,-4.0,-79.0
1777889128.4963324,5.0,-7.0,-78.0
1777889128.5063324,5.0,-4.0,-80.0
1777889128.5163324,2.0,-5.0,-78.0
1777889128.5263324,0.0,-8.0,-79.0
1777889128.5363324,-5.0,-4.0,-82.0
1777889128.5463324,-5.0,0.0,-76.0
1777889128.5563323,-8.0,-2.0,-72.0
1777889128.5663323,-7.0,-1.0,-71.0
1777889128.5763323,-8.0,-4.0,-81.0
1777889128.5863323,-7.0,-4.0,-80.0
1777889128.5963323,-3.0,-2.0,-76.0
1777889128.6063323,-3.0,-6.0,-74.0
1777889128.6163323,-3.0,-4.0,-73.0
1777889128.6263323,-2.0,-2.0,-82.0
1777889128.6363325,2.0,3.0,-84.0
1777889128.6463325,3.0,1.0,-80.0
1777889128.6563325,3.0,1.0,-78.0
1777889128.6663325,3.0,-5.0,-81.0
1777889128.6763325,3.0,-3.0,-79.0
1777889128.6863325,6.0,-5.0,-77.0
1777889128.6963325,1.0,-4.0,-81.0
1777889128.7063324,0.0,-3.0,-80.0
1777889128.7163324,0.0,-5.0,-78.0
1777889128.7263324,3.0,-1.0,-83.0
1777889128.7363324,1.0,-6.0,-85.0
1777889128.7463324,-1.0,-9.0,-75.0
1777889128.7563324,-2.0,-9.0,-73.0
1777889128.7663324,-2.0,-5.0,-77.0
1777889128.7763324,-4.0,-2.0,-77.0
1777889128.7863324,-6.0,-3.0,-77.0
1777889128.7963324,-11.0,-2.0,-73.0
1777889128.8063323,-7.0,-2.0,-70.0
1777889128.8163323,-5.0,0.0,-73.0
1777889128.8263323,-2.0,-2.0,-69.0
1777889128.8363323,3.0,0.0,-72.0
1777889128.8463323,2.0,0.0,-74.0
1777889128.8563323,-1.0,-4.0,-73.0
1777889128.8663323,2.0,-5.0,-69.0
1777889128.8763323,1.0,-1.0,-67.0
1777889128.8863325,1.0,1.0,-63.0
1777889128.8963325,3.0,1.0,-67.0
1777889128.9063325,7.0,1.0,-65.0
1777889128.9163325,8.0,0.0,-64.0
1777889128.9263325,8.0,-3.0,-70.0
1777889128.9363325,3.0,-6.0,-69.0
1777889128.9463325,2.0,-6.0,-71.0
1777889128.9563324,0.0,-3.0,-69.0
1777889128.9663324,-1.0,3.0,-73.0
1777889128.9763324,-1.0,5.0,-79.0
1777889128.9863324,1.0,5.0,-78.0
1777889128.9963324,1.0,-2.0,-83.0
1777889129.0063324,6.0,-5.0,-81.0
1777889129.0163324,7.0,-2.0,-81.0
1777889129.0263324,3.0,-4.0,-77.0
1777889129.0363324,2.0,-2.0,-82.0
1777889129.0463324,2.0,0.0,-83.0
1777889129.0563323,2.0,2.0,-80.0
1777889129.0663323,2.0,2.0,-77.0
1777889129.0763323,1.0,0.0,-76.0
1777889129.0863323,-3.0,-2.0,-75.0
1777889129.0963323,-4.0,-1.0,-76.0
1777889129.1063323,0.0,-6.0,-77.0
1777889129.1163323,0.0,-8.0,-76.0
1777889129.1263323,-3.0,-5.0,-76.0
1777889129.1363325,-5.0,-7.0,-73.0
1777889129.1463325,0.0,-2.0,-74.0
1777889129.1563325,0.0,-1.0,-75.0
1777889129.1663325,1.0,-3.0,-71.0
1777889129.1763325,0.0,-6.0,-69.0
1777889129.1863325,2.0,-9.0,-76.0
1777889129.1963325,2.0,-3.0,-76.0
1777889129.2063324,2.0,-2.0,-71.0
1777889129.2163324,4.0,-2.0,-72.0
1777889129.2263324,10.0,-6.0,-71.0
1777889129.2363324,6.0,-7.0,-70.0
1777889129.2463324,1.0,-6.0,-69.0
1777889129.2563324,0.0,-4.0,-66.0
1777889129.2663324,0.0,-2.0,-65.0
1777889129.2763324,-4.0,-4.0,-61.0
1777889129.2863324,-2.0,-1.0,-64.0
1777889129.2963324,-2.0,0.0,-61.0
1777889129.3063323,-1.0,5.0,-61.0
1777889129.3163323,3.0,6.0,-71.0
1777889129.3263323,5.0,4.0,-71.0
1777889129.3363323,6.0,3.0,-71.0
1777889129.3463323,2.0,3.0,-75.0
1777889129.3563323,-1.0,2.0,-83.0
1777889129.3663323,-4.0,5.0,-84.0
1777889129.3763323,-7.0,7.0,-84.0
1777889129.3863325,-4.0,8.0,-80.0
1777889129.3963325,-2.0,7.0,-73.0
1777889129.4063325,0.0,5.0,-77.0
1777889129.4163325,-4.0,4.0,-77.0
1777889129.4263325,-4.0,0.0,-81.0
1777889129.4363325,1.0,1.0,-79.0
1777889129.4463325,0.0,-3.0,-76.0
1777889129.4563324,-3.0,-2.0,-75.0
1777889129.4663324,2.0,-3.0,-73.0
1777889129.4763324,8.0,-3.0,-77.0
1777889129.4863324,6.0,1.0,-85.0
1777889129.4963324,5.0,0.0,-88.0
1777889129.5063324,4.0,1.0,-85.0
1777889129.5163324,8.0,2.0,-86.0
1777889129.5263324,9.0,0.0,-88.0
1777889129.5363324,3.0,-2.0,-81.0
1777889129.5463324,0.0,-4.0,-76.0
1777889129.5563323,2.0,-7.0,-77.0
1777889129.5673325,2.0,-7.0,-75.0
1777889129.5763323,3.0,-10.0,-69.0
1777889129.5863323,6.0,-8.0,-68.0
1777889129.5963323,6.0,-6.0,-68.0
1777889129.6063323,6.0,-8.0,-68.0
1777889129.6163323,6.0,-8.0,-72.0
1777889129.6263323,-1.0,-7.0,-68.0
1777889129.6363325,0.0,-6.0,-73.0
1777889129.6463325,-2.0,-8.0,-76.0
1777889129.6563325,-4.0,-6.0,-73.0
1777889129.6663325,-2.0,-5.0,-77.0
1777889129.6763325,-3.0,-5.0,-81.0
1777889129.6863325,-5.0,-1.0,-70.0
1777889129.6963325,-3.0,0.0,-73.0
1777889129.7063324,0.0,2.0,-75.0
1777889129.7163324,0.0,-1.0,-79.0
1777889129.7263324,-6.0,0.0,-82.0
1777889129.7363324,-6.0,0.0,-79.0
1777889129.7463324,-3.0,0.0,-80.0
1777889129.7563324,2.0,-3.0,-82.0
1777889129.7663324,3.0,-7.0,-87.0
1777889129.7773323,3.0,-10.0,-83.0
1777889129.7863324,2.0,-5.0,-82.0
1777889129.7963324,2.0,-4.0,-80.0
1777889129.8063323,1.0,0.0,-79.0
1777889129.8163323,1.0,0.0,-73.0
1777889129.8273325,0.0,0.0,-74.0
1777889129.8373325,0.0,-5.0,-71.0
1777889129.8473325,0.0,-2.0,-65.0
1777889129.8573325,2.0,1.0,-63.0
1777889129.8673325,1.0,5.0,-69.0
1777889129.8773324,2.0,4.0,-70.0
1777889129.8873324,3.0,5.0,-75.0
1777889129.8973324,6.0,6.0,-75.0
1777889129.9073324,1.0,6.0,-67.0
1777889129.9173324,1.0,6.0,-66.0
1777889129.9273324,3.0,5.0,-65.0
1777889129.9373324,7.0,1.0,-67.0
1777889129.9473324,6.0,2.0,-71.0
1777889129.9573324,0.0,3.0,-76.0
1777889129.9673324,-3.0,1.0,-79.0
1777889129.9773324,-2.0,1.0,-80.0
1777889129.9873323,1.0,1.0,-77.0
1777889129.9973323,0.0,0.0,-80.0
1777889130.0073323,6.0,0.0,-74.0
1777889130.0173323,10.0,0.0,-77.0
1777889130.0273323,6.0,0.0,-80.0
1777889130.0373323,1.0,-3.0,-80.0
1777889130.0473323,0.0,-3.0,-77.0
1777889130.0573325,3.0,-7.0,-80.0
1777889130.0673325,4.0,-4.0,-77.0
1777889130.0773325,0.0,-4.0,-74.0
1777889130.0873325,0.0,-3.0,-72.0
1777889130.0973325,0.0,-2.0,-74.0
1777889130.1073325,1.0,-2.0,-73.0
1777889130.1173325,-3.0,-4.0,-71.0
1777889130.1273324,-10.0,-1.0,-68.0
1777889130.1373324,-10.0,-3.0,-73.0
1777889130.1473324,-3.0,-1.0,-76.0
1777889130.1573324,-3.0,1.0,-75.0
1777889130.1673324,2.0,1.0,-72.0
1777889130.1773324,0.0,6.0,-72.0
1777889130.1873324,0.0,6.0,-68.0
1777889130.1973324,-1.0,-1.0,-63.0
1777889130.2073324,-5.0,-2.0,-68.0
1777889130.2173324,-2.0,-4.0,-73.0
1777889130.2273324,-2.0,-3.0,-70.0
1777889130.2373323,-1.0,-1.0,-77.0
1777889130.2473323,2.0,0.0,-81.0
1777889130.2573323,5.0,-2.0,-79.0
1777889130.2673323,8.0,0.0,-75.0
1777889130.2773323,5.0,1.0,-81.0
1777889130.2873323,4.0,0.0,-75.0
1777889130.2973323,3.0,-1.0,-74.0
1777889130.3073325,3.0,-6.0,-73.0
1777889130.3173325,2.0,-3.0,-77.0
1777889130.3273325,7.0,-3.0,-77.0
1777889130.3373325,7.0,-3.0,-78.0
1777889130.3473325,5.0,0.0,-78.0
1777889130.3573325,5.0,-4.0,-80.0
1777889130.3673325,7.0,-5.0,-88.0
1777889130.3773324,3.0,-1.0,-96.0
1777889130.3873324,4.0,-6.0,-89.0
1777889130.3973324,2.0,-2.0,-83.0
1777889130.4073324,2.0,0.0,-82.0
1777889130.4173324,3.0,-3.0,-74.0
1777889130.4273324,0.0,-8.0,-72.0
1777889130.4373324,0.0,-6.0,-68.0
1777889130.4473324,1.0,-2.0,-73.0
1777889130.4573324,0.0,-1.0,-77.0
1777889130.4673324,2.0,-3.0,-71.0
1777889130.4773324,-1.0,-5.0,-70.0
1777889130.4873323,-1.0,-4.0,-75.0
1777889130.4973323,3.0,-2.0,-81.0
1777889130.5073323,5.0,0.0,-80.0
1777889130.5173323,3.0,0.0,-79.0
1777889130.5273323,6.0,-1.0,-82.0
1777889130.5373323,4.0,0.0,-82.0
1777889130.5473323,4.0,2.0,-86.0
1777889130.5573325,3.0,0.0,-87.0
1777889130.5673325,-2.0,1.0,-83.0
1777889130.5773325,-4.0,-1.0,-81.0
1777889130.5873325,-3.0,-2.0,-82.0
1777889130.5973325,-5.0,-6.0,-79.0
1777889130.6073325,-6.0,-5.0,-83.0
1777889130.6173325,-6.0,-4.0,-73.0
1777889130.6273324,-6.0,-1.0,-73.0
1777889130.6373324,-2.0,-1.0,-74.0
1777889130.6473324,-3.0,-3.0,-67.0
1777889130.6573324,-5.0,-4.0,-58.0
1777889130.6673324,-3.0,-3.0,-61.0
1777889130.6773324,0.0,0.0,-65.0
1777889130.6873324,0.0,-4.0,-65.0
1777889130.6973324,-2.0,-4.0,-66.0
1777889130.7073324,-1.0,-5.0,-68.0
1777889130.7173324,2.0,-6.0,-73.0
1777889130.7273324,2.0,-4.0,-65.0
1777889130.7373323,3.0,-6.0,-61.0
1777889130.7473323,7.0,-4.0,-64.0
1777889130.7573323,3.0,-5.0,-64.0
1777889130.7673323,0.0,-6.0,-67.0
1777889130.7773323,5.0,-3.0,-75.0
1777889130.7873323,2.0,0.0,-72.0
1777889130.7973323,1.0,0.0,-72.0
1777889130.8073325,0.0,1.0,-78.0
1777889130.8173325,1.0,0.0,-81.0
1777889130.8273325,1.0,-2.0,-79.0
1777889130.8373325,0.0,-6.0,-68.0
1777889130.8473325,1.0,-5.0,-69.0
1777889130.8573325,2.0,-2.0,-64.0
1777889130.8673325,-2.0,-1.0,-72.0
1777889130.8773324,-3.0,-3.0,-72.0
1777889130.8873324,-3.0,-4.0,-72.0
1777889130.8973324,0.0,0.0,-75.0
1777889130.9073324,4.0,-1.0,-71.0
1777889130.9173324,2.0,0.0,-70.0
1777889130.9273324,4.0,0.0,-76.0
1777889130.9373324,2.0,1.0,-69.0
1777889130.9473324,2.0,-1.0,-64.0
1777889130.9573324,2.0,-5.0,-65.0
1777889130.9673324,2.0,-3.0,-65.0
1777889130.9773324,4.0,-2.0,-69.0
1777889130.9873323,5.0,-2.0,-70.0
1777889130.9973323,3.0,-2.0,-77.0
1777889131.0073323,2.0,-3.0,-80.0
1777889131.0173323,2.0,-1.0,-79.0
1777889131.0273323,0.0,2.0,-72.0
1777889131.0373323,-3.0,5.0,-69.0
1777889131.0473323,-4.0,5.0,-68.0
1777889131.0573325,-7.0,4.0,-68.0
1777889131.0673325,-11.0,0.0,-67.0
1777889131.0773325,-8.0,5.0,-64.0
1777889131.0873325,-4.0,4.0,-60.0
1777889131.0973325,-4.0,1.0,-60.0
1777889131.1073325,-1.0,2.0,-66.0
1777889131.1173325,1.0,2.0,-69.0
1777889131.1273324,2.0,2.0,-79.0
1777889131.1373324,2.0,0.0,-77.0
1777889131.1473324,6.0,-2.0,-78.0
1777889131.1573324,6.0,0.0,-78.0
1777889131.1673324,5.0,2.0,-79.0
1777889131.1773324,5.0,0.0,-76.0
1777889131.1873324,6.0,0.0,-75.0
1777889131.1973324,7.0,-7.0,-77.0
1777889131.2073324,5.0,-5.0,-74.0
1777889131.2173324,-3.0,-3.0,-71.0
1777889131.2273324,-2.0,-2.0,-76.0
1777889131.2373323,-1.0,-2.0,-84.0
1777889131.2473323,2.0,3.0,-87.0
1777889131.2573323,4.0,7.0,-85.0
1777889131.2673323,4.0,5.0,-81.0
1777889131.2773323,2.0,2.0,-80.0
1777889131.2873323,2.0,0.0,-76.0
1777889131.2973323,0.0,-1.0,-77.0
1777889131.3073325,0.0,-1.0,-74.0
1777889131.3173325,3.0,-3.0,-75.0
1777889131.3273325,3.0,-3.0,-71.0
1777889131.3373325,0.0,-1.0,-71.0
1777889131.3473325,-3.0,2.0,-74.0
1777889131.3573325,-3.0,0.0,-78.0
1777889131.3673325,-2.0,6.0,-69.0
1777889131.3773324,1.0,9.0,-72.0
1777889131.3873324,-2.0,7.0,-73.0
1777889131.3973324,1.0,3.0,-70.0
1777889131.4073324,2.0,0.0,-72.0
1777889131.4173324,0.0,2.0,-72.0
1777889131.4273324,2.0,1.0,-72.0
1777889131.4373324,0.0,0.0,-76.0
1777889131.4473324,0.0,0.0,-80.0
1777889131.4573324,0.0,-1.0,-78.0
1777889131.4673324,-1.0,0.0,-70.0
1777889131.4773324,-1.0,2.0,-65.0
1777889131.4873323,0.0,1.0,-64.0
1777889131.4973323,-1.0,-3.0,-70.0
1777889131.5073323,-4.0,-1.0,-75.0
1777889131.5173323,-2.0,-2.0,-79.0
1777889131.5273323,2.0,1.0,-76.0
1777889131.5373323,5.0,3.0,-72.0
1777889131.5473323,2.0,1.0,-73.0
1777889131.5573325,1.0,-1.0,-73.0
1777889131.5673325,0.0,-2.0,-73.0
1777889131.5773325,-3.0,0.0,-75.0
1777889131.5873325,-3.0,2.0,-78.0
1777889131.5973325,-7.0,4.0,-75.0
1777889131.6073325,-6.0,6.0,-78.0
1777889131.6173325,-5.0,0.0,-74.0
1777889131.6273324,-6.0,-2.0,-80.0
1777889131.6373324,-1.0,-3.0,-79.0
1777889131.6473324,4.0,-2.0,-79.0
1777889131.6573324,2.0,2.0,-73.0
1777889131.6673324,0.0,3.0,-75.0
1777889131.6773324,-1.0,8.0,-73.0
1777889131.6873324,-4.0,9.0,-71.0
1777889131.6973324,-2.0,6.0,-72.0
1777889131.7073324,0.0,6.0,-66.0
1777889131.7173324,1.0,2.0,-69.0
1777889131.7273324,-1.0,3.0,-69.0
1777889131.7373323,-2.0,2.0,-73.0
1777889131.7473323,-4.0,2.0,-73.0
1777889131.7573323,-5.0,1.0,-75.0
1777889131.7683325,-3.0,0.0,-78.0
1777889131.7783325,0.0,0.0,-81.0
1777889131.7873323,-1.0,0.0,-91.0
1777889131.7983325,-4.0,2.0,-89.0
1777889131.8083324,-2.0,8.0,-89.0
1777889131.8183324,-2.0,7.0,-87.0
1777889131.8283324,-7.0,3.0,-87.0
1777889131.8383324,-5.0,1.0,-79.0
1777889131.8483324,-6.0,2.0,-71.0
1777889131.8583324,-4.0,4.0,-71.0
1777889131.8683324,0.0,0.0,-70.0
1777889131.8783324,-2.0,1.0,-67.0
1777889131.8883324,-2.0,-1.0,-72.0
1777889131.8983324,2.0,-3.0,-73.0
1777889131.9083323,0.0,-2.0,-70.0
1777889131.9183323,-4.0,3.0,-71.0
1777889131.9283323,-5.0,3.0,-80.0
1777889131.9383323,-4.0,3.0,-80.0
1777889131.9483323,-3.0,-2.0,-81.0
1777889131.9583323,0.0,0.0,-84.0
1777889131.9683323,0.0,-1.0,-80.0
1777889131.9783323,-4.0,0.0,-81.0
1777889131.9883325,-2.0,-1.0,-82.0
1777889131.9983325,0.0,-4.0,-83.0
1777889132.0083325,1.0,-4.0,-85.0
1777889132.0183325,0.0,-1.0,-83.0
1777889132.0283325,2.0,5.0,-80.0
1777889132.0383325,3.0,4.0,-78.0
1777889132.0483325,2.0,3.0,-70.0
1777889132.0583324,3.0,1.0,-74.0
1777889132.0683324,2.0,-1.0,-76.0
1777889132.0783324,-2.0,0.0,-80.0
1777889132.0883324,-3.0,-1.0,-81.0
1777889132.0983324,-4.0,0.0,-77.0
1777889132.1083324,-2.0,-3.0,-76.0
1777889132.1183324,1.0,-5.0,-79.0
1777889132.1283324,2.0,-8.0,-81.0
1777889132.1383324,5.0,-5.0,-80.0
1777889132.1483324,5.0,-4.0,-74.0
1777889132.1583323,0.0,-5.0,-72.0
1777889132.1683323,-1.0,-2.0,-80.0
1777889132.1783323,-2.0,-6.0,-82.0
1777889132.1883323,-3.0,-4.0,-78.0
1777889132.1983323,-3.0,-2.0,-82.0
1777889132.2083323,-5.0,-5.0,-78.0
1777889132.2183323,-5.0,-8.0,-75.0
1777889132.2283323,-1.0,-8.0,-75.0
1777889132.2383325,2.0,-11.0,-73.0
1777889132.2483325,2.0,-13.0,-73.0
1777889132.2583325,0.0,-10.0,-73.0
1777889132.2683325,2.0,-7.0,-78.0
1777889132.2783325,0.0,-6.0,-82.0
1777889132.2883325,0.0,-6.0,-81.0
1777889132.2983325,-2.0,-3.0,-79.0
1777889132.3083324,-4.0,-4.0,-77.0
1777889132.3183324,-7.0,-6.0,-76.0
1777889132.3283324,-1.0,-5.0,-78.0
1777889132.3383324,3.0,-1.0,-80.0
1777889132.3483324,6.0,-3.0,-91.0
1777889132.3583324,2.0,-2.0,-96.0
1777889132.3683324,-3.0,1.0,-89.0
1777889132.3783324,-9.0,1.0,-92.0
1777889132.3883324,-9.0,4.0,-85.0
1777889132.3983324,-1.0,8.0,-85.0
1777889132.4083323,0.0,7.0,-77.0
1777889132.4183323,5.0,6.0,-68.0
1777889132.4283323,9.0,7.0,-63.0
1777889132.4383323,13.0,11.0,-62.0
1777889132.4483323,11.0,9.0,-66.0
1777889132.4583323,7.0,5.0,-62.0
1777889132.4683323,7.0,2.0,-61.0
1777889132.4783323,4.0,0.0,-64.0
1777889132.4883325,-2.0,0.0,-70.0
1777889132.4983325,-2.0,0.0,-77.0
1777889132.5083325,1.0,0.0,-82.0
1777889132.5183325,1.0,-3.0,-83.0
1777889132.5283325,-1.0,-2.0,-83.0
1777889132.5383325,3.0,-1.0,-78.0
1777889132.5483325,1.0,-2.0,-74.0
1777889132.5583324,2.0,-1.0,-75.0
1777889132.5683324,3.0,-1.0,-74.0
1777889132.5783324,2.0,-1.0,-77.0
1777889132.5883324,-1.0,-1.0,-75.0
1777889132.5983324,-1.0,-1.0,-75.0
1777889132.6083324,0.0,-3.0,-72.0
1777889132.6183324,-3.0,-4.0,-79.0
1777889132.6283324,-2.0,-4.0,-80.0
1777889132.6383324,1.0,-6.0,-81.0
1777889132.6483324,0.0,-6.0,-82.0
1777889132.6583323,1.0,-2.0,-86.0
1777889132.6683323,4.0,-4.0,-90.0
1777889132.6783323,6.0,-4.0,-91.0
1777889132.6883323,2.0,-4.0,-88.0
1777889132.6983323,1.0,-3.0,-90.0
1777889132.7083323,0.0,-6.0,-88.0
1777889132.7183323,2.0,-7.0,-87.0
1777889132.7283323,0.0,-5.0,-82.0
1777889132.7383325,-3.0,-7.0,-76.0
1777889132.7483325,-5.0,-7.0,-76.0
1777889132.7583325,-4.0,-3.0,-72.0
1777889132.7683325,-4.0,-1.0,-74.0
1777889132.7783325,-3.0,2.0,-77.0
1777889132.7883325,-3.0,4.0,-73.0
1777889132.7983325,1.0,5.0,-73.0
1777889132.8083324,0.0,3.0,-77.0
1777889132.8183324,1.0,0.0,-77.0
1777889132.8283324,-4.0,0.0,-71.0
1777889132.8383324,-3.0,-1.0,-67.0
1777889132.8483324,0.0,-6.0,-72.0
1777889132.8583324,1.0,-5.0,-73.0
1777889132.8683324,2.0,-3.0,-68.0
1777889132.8783324,0.0,-2.0,-72.0
1777889132.8883324,3.0,-6.0,-73.0
1777889132.8983324,6.0,-6.0,-77.0
1777889132.9083323,6.0,-1.0,-78.0
1777889132.9183323,7.0,-2.0,-76.0
1777889132.9283323,8.0,-5.0,-76.0
1777889132.9383323,9.0,-5.0,-73.0
1777889132.9483323,7.0,-4.0,-73.0
1777889132.9583323,0.0,-8.0,-75.0
1777889132.9683323,-3.0,-3.0,-77.0
1777889132.9783323,-8.0,-3.0,-83.0
1777889132.9883325,-8.0,3.0,-86.0
1777889132.9983325,-8.0,6.0,-85.0
1777889133.0083325,0.0,3.0,-82.0
1777889133.0183325,0.0,3.0,-77.0
1777889133.0283325,0.0,2.0,-78.0
1777889133.0383325,0.0,3.0,-72.0
1777889133.0483325,-1.0,2.0,-71.0
1777889133.0583324,-1.0,-1.0,-71.0
1777889133.0683324,1.0,1.0,-69.0
1777889133.0783324,3.0,2.0,-65.0
1777889133.0883324,5.0,0.0,-69.0
1777889133.0983324,7.0,-2.0,-68.0
1777889133.1083324,5.0,0.0,-65.0
1777889133.1183324,9.0,0.0,-61.0
1777889133.1283324,10.0,1.0,-67.0
1777889133.1383324,6.0,4.0,-65.0
1777889133.1483324,7.0,1.0,-68.0
1777889133.1583323,3.0,2.0,-70.0
1777889133.1683323,2.0,1.0,-66.0
1777889133.1783323,-3.0,1.0,-71.0
1777889133.1883323,-2.0,2.0,-77.0
1777889133.1983323,-5.0,1.0,-77.0
1777889133.2083323,-3.0,1.0,-74.0
1777889133.2183323,-2.0,2.0,-70.0
1777889133.2283323,-1.0,3.0,-69.0
1777889133.2383325,-1.0,2.0,-75.0
1777889133.2483325,0.0,1.0,-81.0
1777889133.2583325,-3.0,0.0,-79.0
1777889133.2683325,0.0,1.0,-76.0
1777889133.2783325,5.0,0.0,-77.0
1777889133.2883325,1.0,0.0,-82.0
1777889133.2983325,4.0,-1.0,-92.0
1777889133.3083324,2.0,-2.0,-92.0
1777889133.3183324,0.0,-2.0,-93.0
1777889133.3283324,-1.0,0.0,-88.0
1777889133.3383324,3.0,-1.0,-85.0
1777889133.3483324,6.0,1.0,-87.0
1777889133.3583324,0.0,3.0,-82.0
1777889133.3683324,0.0,5.0,-82.0
1777889133.3783324,-2.0,6.0,-79.0
1777889133.3883324,-3.0,3.0,-82.0
1777889133.3983324,-7.0,0.0,-85.0
1777889133.4083323,-3.0,-2.0,-89.0
1777889133.4183323,-5.0,-6.0,-87.0
1777889133.4283323,-6.0,0.0,-84.0
1777889133.4383323,0.0,-1.0,-79.0
1777889133.4483323,1.0,0.0,-80.0
1777889133.4583323,-1.0,-1.0,-79.0
1777889133.4683323,-4.0,0.0,-83.0
1777889133.4783323,-2.0,1.0,-87.0
1777889133.4883325,-5.0,-2.0,-82.0
1777889133.4983325,-4.0,-7.0,-75.0
1777889133.5083325,-2.0,-10.0,-75.0
1777889133.5183325,2.0,-11.0,-75.0
1777889133.5283325,4.0,-7.0,-76.0
1777889133.5383325,0.0,-2.0,-75.0
1777889133.5483325,2.0,-1.0,-85.0
1777889133.5583324,3.0,0.0,-81.0
1777889133.5683324,3.0,0.0,-74.0
1777889133.5783324,1.0,-1.0,-68.0
1777889133.5883324,-1.0,-2.0,-69.0
1777889133.5983324,0.0,0.0,-75.0
1777889133.6083324,-1.0,0.0,-76.0
1777889133.6183324,0.0,0.0,-75.0
1777889133.6283324,10.0,0.0,-80.0
1777889133.6383324,7.0,-2.0,-81.0
1777889133.6483324,-2.0,0.0,-79.0
1777889133.6583323,-2.0,1.0,-79.0
1777889133.6683323,-3.0,1.0,-81.0
1777889133.6783323,-3.0,-2.0,-80.0
1777889133.6883323,-1.0,-4.0,-81.0
1777889133.6983323,-1.0,-3.0,-79.0
1777889133.7083323,-3.0,-1.0,-81.0
1777889133.7183323,-5.0,0.0,-79.0
1777889133.7283323,-6.0,-4.0,-80.0
1777889133.7383325,-2.0,-3.0,-78.0
1777889133.7483325,0.0,-2.0,-75.0
1777889133.7583325,2.0,-6.0,-79.0
1777889133.7693324,3.0,-4.0,-79.0
1777889133.7793324,6.0,-5.0,-77.0
1777889133.7893324,3.0,-5.0,-74.0
1777889133.7993324,3.0,-9.0,-71.0
1777889133.8093324,-1.0,-5.0,-77.0
1777889133.8193324,-4.0,-2.0,-78.0
1777889133.8293324,-3.0,0.0,-82.0
1777889133.8393323,0.0,2.0,-81.0
1777889133.8493323,3.0,5.0,-80.0
1777889133.8593323,6.0,3.0,-81.0
1777889133.8693323,0.0,2.0,-78.0
1777889133.8793323,-1.0,2.0,-80.0
1777889133.8893323,-1.0,3.0,-75.0
1777889133.8993323,0.0,3.0,-79.0
1777889133.9093325,0.0,1.0,-79.0
1777889133.9193325,5.0,2.0,-76.0
1777889133.9293325,0.0,-1.0,-76.0
1777889133.9393325,-1.0,0.0,-74.0
1777889133.9493325,0.0,-2.0,-80.0
1777889133.9593325,0.0,-5.0,-79.0
1777889133.9693325,-2.0,-6.0,-78.0
1777889133.9793324,-7.0,-7.0,-74.0
1777889133.9893324,-3.0,-5.0,-76.0
1777889133.9993324,-8.0,-1.0,-76.0
1777889134.0093324,-12.0,-1.0,-71.0
1777889134.0193324,-8.0,-5.0,-71.0
1777889134.0293324,-3.0,-3.0,-72.0
1777889134.0393324,-2.0,0.0,-69.0
1777889134.0493324,3.0,2.0,-67.0
1777889134.0593324,3.0,0.0,-68.0
1777889134.0693324,0.0,-1.0,-62.0
1777889134.0793324,2.0,-1.0,-64.0
1777889134.0893323,1.0,0.0,-61.0
1777889134.0993323,0.0,-2.0,-65.0
1777889134.1093323,2.0,0.0,-72.0
1777889134.1193323,-2.0,0.0,-73.0
1777889134.1293323,-2.0,2.0,-73.0
1777889134.1393323,-1.0,3.0,-75.0
1777889134.1493323,3.0,4.0,-70.0
1777889134.1593325,5.0,3.0,-76.0
1777889134.1693325,7.0,2.0,-71.0
1777889134.1793325,5.0,2.0,-73.0
1777889134.1893325,1.0,1.0,-76.0
1777889134.1993325,-5.0,1.0,-72.0
1777889134.2093325,-6.0,-1.0,-70.0
1777889134.2193325,-4.0,-2.0,-75.0
1777889134.2293324,-3.0,0.0,-74.0
1777889134.2393324,-5.0,-1.0,-82.0
1777889134.2493324,-4.0,-3.0,-82.0
1777889134.2593324,-2.0,-3.0,-85.0
1777889134.2693324,0.0,-3.0,-82.0
1777889134.2793324,-3.0,-6.0,-74.0
1777889134.2893324,-2.0,-4.0,-73.0
1777889134.2993324,-1.0,-5.0,-72.0
1777889134.3093324,-1.0,-4.0,-66.0
1777889134.3193324,-1.0,-4.0,-73.0
1777889134.3293324,0.0,-8.0,-72.0
1777889134.3393323,-2.0,-6.0,-76.0
1777889134.3493323,-3.0,-3.0,-80.0
1777889134.3593323,-3.0,0.0,-77.0
1777889134.3693323,-1.0,-1.0,-76.0
1777889134.3803325,-2.0,1.0,-76.0
1777889134.3893323,-4.0,-2.0,-74.0
1777889134.3993323,2.0,-3.0,-75.0
1777889134.4093325,-3.0,3.0,-77.0
1777889134.4193325,-4.0,2.0,-76.0
1777889134.4293325,1.0,1.0,-75.0
1777889134.4393325,1.0,1.0,-75.0
1777889134.4493325,5.0,0.0,-73.0
1777889134.4593325,7.0,-4.0,-75.0
1777889134.4693325,5.0,-1.0,-75.0
1777889134.4793324,3.0,-3.0,-77.0
1777889134.4893324,0.0,-3.0,-76.0
1777889134.4993324,0.0,-2.0,-82.0
1777889134.5093324,3.0,-2.0,-83.0
1777889134.5193324,-3.0,-4.0,-87.0
1777889134.5293324,-4.0,-3.0,-88.0
1777889134.5393324,-3.0,0.0,-81.0
1777889134.5493324,0.0,3.0,-78.0
1777889134.5593324,1.0,3.0,-77.0
1777889134.5693324,5.0,2.0,-74.0
1777889134.5793324,3.0,-1.0,-75.0
1777889134.5893323,0.0,0.0,-76.0
1777889134.5993323,1.0,0.0,-72.0
1777889134.6093323,2.0,0.0,-68.0
1777889134.6193323,2.0,-3.0,-66.0
1777889134.6293323,4.0,-2.0,-75.0
1777889134.6393323,6.0,0.0,-83.0
1777889134.6493323,6.0,0.0,-85.0
1777889134.6593325,6.0,2.0,-81.0
1777889134.6693325,3.0,3.0,-85.0
1777889134.6793325,1.0,5.0,-84.0
1777889134.6893325,0.0,5.0,-76.0
1777889134.6993325,-1.0,5.0,-78.0
1777889134.7093325,-1.0,2.0,-80.0
1777889134.7193325,-1.0,-1.0,-80.0
1777889134.7293324,-3.0,-1.0,-75.0
1777889134.7393324,-2.0,-1.0,-78.0
1777889134.7493324,-3.0,-4.0,-84.0
1777889134.7593324,1.0,-3.0,-79.0
1777889134.7693324,0.0,-1.0,-72.0
1777889134.7793324,0.0,2.0,-66.0
1777889134.7893324,0.0,1.0,-63.0
1777889134.7993324,2.0,0.0,-63.0
1777889134.8093324,0.0,-3.0,-65.0
1777889134.8193324,-3.0,0.0,-67.0
1777889134.8293324,0.0,-7.0,-70.0
1777889134.8393323,1.0,-8.0,-67.0
1777889134.8493323,-2.0,-2.0,-74.0
1777889134.8593323,-4.0,-3.0,-72.0
1777889134.8693323,-1.0,1.0,-76.0
1777889134.8793323,0.0,-1.0,-77.0
1777889134.8893323,1.0,-3.0,-73.0
1777889134.8993323,3.0,0.0,-67.0
1777889134.9093325,0.0,-2.0,-69.0
1777889134.9193325,2.0,-6.0,-66.0
1777889134.9293325,1.0,-4.0,-64.0
1777889134.9393325,1.0,-6.0,-60.0
1777889134.9493325,2.0,-5.0,-62.0
1777889134.9593325,7.0,-3.0,-63.0
1777889134.9693325,7.0,-4.0,-67.0
1777889134.9793324,6.0,-3.0,-69.0
1777889134.9893324,3.0,-2.0,-69.0
1777889134.9993324,2.0,-3.0,-78.0
1777889135.0093324,2.0,-4.0,-77.0
1777889135.0193324,6.0,-2.0,-78.0
1777889135.0293324,5.0,-4.0,-72.0
1777889135.0393324,4.0,-4.0,-80.0
1777889135.0493324,6.0,-1.0,-74.0
1777889135.0593324,9.0,0.0,-72.0
1777889135.0693324,9.0,0.0,-73.0
1777889135.0793324,5.0,-1.0,-70.0
1777889135.0893323,6.0,2.0,-62.0
1777889135.0993323,4.0,0.0,-61.0
1777889135.1093323,7.0,-3.0,-73.0
1777889135.1193323,5.0,0.0,-74.0
1777889135.1293323,4.0,-2.0,-73.0
1777889135.1393323,8.0,0.0,-76.0
1777889135.1493323,9.0,3.0,-77.0
1777889135.1593325,6.0,6.0,-77.0
1777889135.1693325,1.0,6.0,-76.0
1777889135.1793325,0.0,5.0,-75.0
1777889135.1893325,1.0,7.0,-73.0
1777889135.1993325,1.0,5.0,-71.0
1777889135.2093325,0.0,8.0,-67.0
1777889135.2193325,-2.0,7.0,-71.0
1777889135.2293324,0.0,8.0,-72.0
1777889135.2393324,0.0,3.0,-69.0
1777889135.2493324,-2.0,6.0,-62.0
1777889135.2593324,0.0,4.0,-61.0
1777889135.2693324,1.0,1.0,-61.0
1777889135.2793324,3.0,1.0,-70.0
1777889135.2893324,0.0,2.0,-76.0
1777889135.2993324,1.0,5.0,-75.0
1777889135.3093324,1.0,1.0,-79.0
1777889135.3193324,2.0,-1.0,-80.0
1777889135.3293324,5.0,-1.0,-79.0
1777889135.3393323,10.0,-5.0,-76.0
1777889135.3493323,10.0,-8.0,-76.0
1777889135.3593323,5.0,-5.0,-75.0
1777889135.3693323,10.0,-7.0,-76.0
1777889135.3793323,3.0,-3.0,-81.0
1777889135.3893323,-1.0,-2.0,-79.0
1777889135.3993323,-2.0,-1.0,-81.0
1777889135.4093325,-4.0,-1.0,-76.0
1777889135.4193325,-2.0,-4.0,-81.0
1777889135.4293325,-1.0,0.0,-82.0
1777889135.4393325,-1.0,5.0,-81.0
1777889135.4493325,2.0,1.0,-80.0
1777889135.4593325,4.0,-1.0,-78.0
1777889135.4693325,2.0,-6.0,-76.0
1777889135.4793324,1.0,-6.0,-79.0
1777889135.4893324,0.0,-8.0,-78.0
1777889135.4993324,-2.0,-5.0,-83.0
1777889135.5093324,0.0,-5.0,-80.0
1777889135.5193324,1.0,-3.0,-86.0
1777889135.5293324,0.0,0.0,-83.0
1777889135.5393324,1.0,0.0,-79.0
1777889135.5493324,-2.0,-1.0,-75.0
1777889135.5593324,-1.0,-1.0,-75.0
1777889135.5693324,-1.0,-2.0,-76.0
1777889135.5793324,1.0,1.0,-81.0
1777889135.5893323,0.0,0.0,-73.0
1777889135.5993323,1.0,4.0,-67.0
1777889135.6093323,3.0,1.0,-61.0
1777889135.6193323,0.0,-1.0,-64.0
1777889135.6293323,2.0,-1.0,-64.0
1777889135.6393323,2.0,-2.0,-72.0
1777889135.6493323,0.0,-3.0,-69.0
1777889135.6593325,1.0,-2.0,-72.0
1777889135.6693325,-2.0,-3.0,-78.0
1777889135.6793325,-2.0,-3.0,-75.0
1777889135.6893325,1.0,-5.0,-74.0
1777889135.6993325,1.0,-7.0,-72.0
1777889135.7093325,-1.0,-11.0,-73.0
1777889135.7193325,-4.0,-8.0,-80.0
1777889135.7293324,-5.0,-10.0,-82.0
1777889135.7403324,-4.0,-3.0,-78.0
1777889135.7503324,-1.0,-2.0,-79.0
1777889135.7603323,-3.0,-1.0,-75.0
1777889135.7703323,0.0,-1.0,-75.0
1777889135.7803323,-2.0,2.0,-76.0
1777889135.7903323,-3.0,-1.0,-79.0
1777889135.8003323,-2.0,-1.0,-83.0
1777889135.8103323,-4.0,0.0,-76.0
1777889135.8203323,-4.0,-3.0,-77.0
1777889135.8303325,1.0,-3.0,-71.0
1777889135.8403325,-3.0,-3.0,-70.0
1777889135.8503325,-3.0,-1.0,-70.0
1777889135.8603325,-1.0,0.0,-76.0
1777889135.8703325,0.0,-1.0,-81.0
1777889135.8803325,0.0,-4.0,-82.0
1777889135.8903325,-5.0,-1.0,-80.0
1777889135.9003325,-3.0,-2.0,-80.0
1777889135.9103324,-7.0,-2.0,-77.0
1777889135.9203324,-8.0,0.0,-79.0
1777889135.9303324,-7.0,-1.0,-79.0
1777889135.9403324,-6.0,-1.0,-87.0
1777889135.9503324,-5.0,3.0,-87.0
1777889135.9603324,-1.0,2.0,-78.0
1777889135.9703324,2.0,-1.0,-77.0
1777889135.9803324,2.0,0.0,-78.0
1777889135.9903324,4.0,-3.0,-79.0
1777889136.0003324,3.0,-7.0,-78.0
1777889136.0103323,2.0,-6.0,-76.0
1777889136.0203323,3.0,-5.0,-81.0
1777889136.0303323,5.0,-2.0,-84.0
1777889136.0403323,1.0,1.0,-80.0
1777889136.0503323,0.0,1.0,-86.0
1777889136.0603323,2.0,-3.0,-90.0
1777889136.0703323,5.0,-6.0,-86.0
1777889136.0803325,2.0,-5.0,-84.0
1777889136.0903325,0.0,-4.0,-81.0
1777889136.1003325,0.0,-2.0,-82.0
1777889136.1103325,0.0,3.0,-75.0
1777889136.1203325,3.0,3.0,-75.0
1777889136.1303325,3.0,0.0,-73.0
1777889136.1403325,7.0,-3.0,-72.0
1777889136.1503325,5.0,-2.0,-71.0
1777889136.1603324,2.0,0.0,-70.0
1777889136.1703324,2.0,6.0,-71.0
1777889136.1803324,3.0,3.0,-68.0
1777889136.1903324,0.0,3.0,-71.0
1777889136.2003324,1.0,1.0,-72.0
1777889136.2103324,1.0,2.0,-77.0
1777889136.2203324,2.0,2.0,-82.0
1777889136.2303324,10.0,0.0,-82.0
1777889136.2403324,10.0,2.0,-82.0
1777889136.2503324,6.0,-1.0,-80.0
1777889136.2603323,5.0,-4.0,-80.0
1777889136.2703323,3.0,-2.0,-74.0
1777889136.2803323,-2.0,-5.0,-78.0
1777889136.2903323,-2.0,-2.0,-78.0
1777889136.3003323,0.0,2.0,-77.0
1777889136.3103323,0.0,-4.0,-76.0
1777889136.3203323,-1.0,-8.0,-77.0
1777889136.3303325,0.0,-6.0,-78.0
1777889136.3403325,2.0,-4.0,-82.0
1777889136.3503325,1.0,-1.0,-80.0
1777889136.3603325,2.0,0.0,-78.0
1777889136.3703325,5.0,0.0,-78.0
1777889136.3803325,-1.0,0.0,-74.0
1777889136.3903325,0.0,-1.0,-69.0
1777889136.4003325,-5.0,-2.0,-69.0
1777889136.4103324,0.0,-2.0,-68.0
1777889136.4203324,-2.0,2.0,-69.0
1777889136.4303324,0.0,0.0,-72.0
1777889136.4403324,1.0,0.0,-77.0
1777889136.4503324,0.0,-6.0,-79.0
1777889136.4603324,0.0,-6.0,-74.0
1777889136.4703324,1.0,-5.0,-67.0
1777889136.4803324,-1.0,-5.0,-69.0
1777889136.4903324,-2.0,-4.0,-71.0
1777889136.5003324,-2.0,-8.0,-68.0
1777889136.5103323,-4.0,-6.0,-70.0
1777889136.5203323,-3.0,-2.0,-67.0
1777889136.5303323,-8.0,-1.0,-72.0
1777889136.5403323,-6.0,0.0,-76.0
1777889136.5503323,0.0,-2.0,-80.0
1777889136.5603323,2.0,0.0,-80.0
1777889136.5703323,3.0,0.0,-81.0
1777889136.5803325,0.0,1.0,-83.0
1777889136.5903325,-2.0,1.0,-83.0
1777889136.6003325,-3.0,-1.0,-77.0
1777889136.6103325,-4.0,-4.0,-75.0
1777889136.6203325,0.0,-5.0,-77.0
1777889136.6303325,2.0,-1.0,-79.0
1777889136.6403325,5.0,1.0,-78.0
1777889136.6503325,3.0,0.0,-70.0
1777889136.6603324,0.0,-2.0,-66.0
1777889136.6703324,0.0,-5.0,-69.0
1777889136.6803324,3.0,-3.0,-71.0
1777889136.6903324,1.0,-7.0,-65.0
1777889136.7003324,3.0,-8.0,-63.0
1777889136.7103324,5.0,-9.0,-70.0
1777889136.7203324,2.0,-10.0,-81.0
1777889136.7303324,2.0,-11.0,-78.0
1777889136.7403324,-1.0,-13.0,-78.0
1777889136.7503324,-1.0,-10.0,-74.0
1777889136.7603323,0.0,-11.0,-72.0
1777889136.7703323,2.0,-11.0,-75.0
1777889136.7803323,4.0,-11.0,-76.0
1777889136.7903323,3.0,-6.0,-75.0
1777889136.8003323,7.0,-2.0,-78.0
1777889136.8103323,4.0,-1.0,-77.0
1777889136.8203323,3.0,0.0,-79.0
1777889136.8303325,7.0,0.0,-72.0
1777889136.8403325,4.0,1.0,-65.0
1777889136.8503325,2.0,-1.0,-65.0
1777889136.8603325,3.0,-2.0,-58.0
1777889136.8703325,1.0,-3.0,-69.0
1777889136.8803325,4.0,-5.0,-77.0
1777889136.8903325,3.0,-6.0,-72.0
1777889136.9003325,1.0,-4.0,-73.0
1777889136.9103324,0.0,-4.0,-77.0
1777889136.9203324,2.0,-4.0,-84.0
1777889136.9303324,3.0,-6.0,-77.0
1777889136.9403324,4.0,-5.0,-70.0
1777889136.9503324,4.0,-2.0,-73.0
1777889136.9603324,2.0,-3.0,-74.0
1777889136.9703324,5.0,-2.0,-74.0
1777889136.9803324,3.0,-3.0,-72.0
1777889136.9903324,2.0,-3.0,-76.0
1777889137.0003324,3.0,-6.0,-80.0
1777889137.0103323,6.0,-2.0,-83.0
1777889137.0203323,5.0,1.0,-78.0
1777889137.0303323,3.0,3.0,-74.0
1777889137.0403323,-1.0,0.0,-73.0
1777889137.0503323,-5.0,0.0,-76.0
1777889137.0603323,-4.0,-1.0,-77.0
1777889137.0703323,-3.0,-1.0,-79.0
1777889137.0803325,-1.0,1.0,-83.0
1777889137.0903325,2.0,4.0,-84.0
1777889137.1003325,1.0,2.0,-87.0
1777889137.1103325,1.0,0.0,-85.0
1777889137.1203325,1.0,0.0,-85.0
1777889137.1303325,2.0,-3.0,-80.0
1777889137.1403325,5.0,0.0,-72.0
1777889137.1503325,0.0,-2.0,-71.0
1777889137.1603324,-2.0,-1.0,-71.0
1777889137.1703324,-5.0,1.0,-66.0
1777889137.1803324,-5.0,2.0,-60.0
1777889137.1903324,-8.0,2.0,-60.0
1777889137.2003324,-1.0,2.0,-64.0
1777889137.2103324,1.0,0.0,-66.0
1777889137.2203324,2.0,-4.0,-72.0
1777889137.2303324,2.0,-7.0,-70.0
1777889137.2403324,1.0,-9.0,-72.0
1777889137.2503324,4.0,-7.0,-73.0
1777889137.2603323,3.0,-6.0,-71.0
1777889137.2703323,4.0,-7.0,-72.0
1777889137.2803323,3.0,-9.0,-70.0
1777889137.2903323,2.0,-7.0,-74.0
1777889137.3003323,-1.0,-5.0,-80.0
1777889137.3103323,-2.0,0.0,-76.0
1777889137.3203323,-5.0,0.0,-71.0
1777889137.3303325,-5.0,0.0,-75.0
1777889137.3403325,-1.0,4.0,-73.0
1777889137.3503325,-3.0,5.0,-74.0
1777889137.3603325,-5.0,4.0,-80.0
1777889137.3703325,-7.0,0.0,-73.0
1777889137.3803325,-1.0,-1.0,-70.0
1777889137.3903325,-1.0,0.0,-68.0
1777889137.4003325,3.0,-2.0,-73.0
1777889137.4103324,6.0,-6.0,-77.0
1777889137.4203324,5.0,-6.0,-80.0
1777889137.4303324,3.0,-6.0,-78.0
1777889137.4403324,0.0,-7.0,-85.0
1777889137.4503324,-3.0,-1.0,-83.0
1777889137.4603324,-4.0,1.0,-76.0
1777889137.4703324,-4.0,3.0,-76.0
1777889137.4803324,-3.0,1.0,-82.0
1777889137.4903324,-7.0,0.0,-82.0
1777889137.5003324,-9.0,2.0,-79.0
1777889137.5103323,-6.0,0.0,-82.0
1777889137.5203323,-4.0,-4.0,-82.0
1777889137.5303323,-1.0,-6.0,-87.0
1777889137.5403323,-3.0,-6.0,-85.0
1777889137.5503323,-6.0,-9.0,-78.0
1777889137.5603323,-2.0,-9.0,-73.0
1777889137.5703323,0.0,-7.0,-73.0
1777889137.5803325,0.0,-7.0,-75.0
1777889137.5903325,0.0,-5.0,-72.0
1777889137.6003325,-1.0,-7.0,-75.0
1777889137.6103325,-2.0,-4.0,-76.0
1777889137.6203325,2.0,-3.0,-71.0
1777889137.6303325,6.0,-3.0,-65.0
1777889137.6403325,3.0,-3.0,-65.0
1777889137.6503325,2.0,-3.0,-61.0
1777889137.6603324,1.0,-4.0,-64.0
1777889137.6703324,-2.0,-6.0,-64.0
1777889137.6803324,0.0,-4.0,-69.0
1777889137.6903324,2.0,-6.0,-69.0
1777889137.7003324,1.0,-4.0,-75.0
1777889137.7103324,-1.0,-2.0,-75.0
1777889137.7203324,0.0,-1.0,-66.0
1777889137.7303324,2.0,-1.0,-64.0
1777889137.7413323,0.0,0.0,-65.0
1777889137.7513323,-3.0,2.0,-70.0
1777889137.7613325,-4.0,-1.0,-71.0
1777889137.7713325,0.0,-2.0,-72.0
1777889137.7813325,1.0,0.0,-72.0
1777889137.7913325,1.0,-4.0,-75.0
1777889137.8013325,-1.0,-5.0,-67.0
1777889137.8113325,0.0,-6.0,-64.0
1777889137.8213325,0.0,-7.0,-62.0
1777889137.8313324,-1.0,-4.0,-63.0
1777889137.8413324,-3.0,0.0,-69.0
1777889137.8513324,-7.0,-1.0,-81.0
1777889137.8613324,-6.0,0.0,-85.0
1777889137.8713324,-4.0,1.0,-75.0
1777889137.8813324,-5.0,1.0,-74.0
1777889137.8913324,-7.0,0.0,-72.0
1777889137.9013324,-1.0,0.0,-72.0
1777889137.9113324,-5.0,0.0,-81.0
1777889137.9213324,0.0,3.0,-82.0
1777889137.9313323,0.0,3.0,-79.0
1777889137.9413323,0.0,2.0,-85.0
1777889137.9513323,-1.0,-1.0,-76.0
1777889137.9613323,-4.0,1.0,-75.0
1777889137.9713323,-1.0,3.0,-75.0
1777889137.9813323,0.0,5.0,-72.0
1777889137.9913323,3.0,4.0,-74.0
1777889138.0013323,0.0,2.0,-73.0
1777889138.0113325,-3.0,0.0,-73.0
1777889138.0213325,-2.0,-4.0,-68.0
1777889138.0313325,-3.0,-4.0,-71.0
1777889138.0413325,-1.0,-4.0,-72.0
1777889138.0513325,-4.0,-1.0,-75.0
1777889138.0613325,-8.0,2.0,-75.0
1777889138.0713325,-3.0,3.0,-73.0
1777889138.0813324,-2.0,2.0,-74.0
1777889138.0913324,-1.0,2.0,-72.0
1777889138.1013324,-1.0,0.0,-77.0
1777889138.1113324,2.0,1.0,-80.0
1777889138.1213324,4.0,1.0,-82.0
1777889138.1313324,1.0,1.0,-85.0
1777889138.1413324,0.0,-1.0,-83.0
1777889138.1513324,0.0,-2.0,-82.0
1777889138.1613324,0.0,-4.0,-80.0
1777889138.1713324,-2.0,-1.0,-79.0
1777889138.1813323,-3.0,3.0,-72.0
1777889138.1913323,0.0,1.0,-73.0
1777889138.2013323,0.0,0.0,-74.0
1777889138.2113323,-1.0,-3.0,-77.0
1777889138.2213323,3.0,-4.0,-79.0
1777889138.2313323,4.0,-7.0,-76.0
1777889138.2413323,1.0,-8.0,-81.0
1777889138.2513323,3.0,-8.0,-87.0
1777889138.2613325,0.0,-7.0,-88.0
1777889138.2713325,0.0,-5.0,-88.0
1777889138.2813325,-1.0,-2.0,-80.0
1777889138.2913325,-3.0,0.0,-73.0
1777889138.3013325,-6.0,-3.0,-77.0
1777889138.3113325,-6.0,0.0,-81.0
1777889138.3213325,0.0,-2.0,-78.0
1777889138.3313324,4.0,0.0,-80.0
1777889138.3413324,12.0,-2.0,-84.0
1777889138.3513324,9.0,0.0,-84.0
1777889138.3613324,1.0,-1.0,-81.0
1777889138.3713324,-2.0,-3.0,-78.0
1777889138.3813324,-5.0,-6.0,-74.0
1777889138.3913324,-4.0,-2.0,-73.0
1777889138.4013324,-3.0,0.0,-67.0
1777889138.4113324,-5.0,0.0,-67.0
1777889138.4213324,-3.0,-1.0,-73.0
1777889138.4313323,2.0,0.0,-69.0
1777889138.4413323,1.0,1.0,-68.0
1777889138.4513323,3.0,0.0,-66.0
1777889138.4613323,5.0,0.0,-73.0
1777889138.4713323,6.0,2.0,-72.0
1777889138.4813323,9.0,1.0,-73.0
1777889138.4913323,8.0,-3.0,-73.0
1777889138.5013323,7.0,0.0,-77.0
1777889138.5113325,9.0,1.0,-83.0
1777889138.5213325,6.0,-1.0,-78.0
1777889138.5313325,5.0,-3.0,-73.0
1777889138.5413325,-1.0,-3.0,-70.0
1777889138.5513325,-1.0,-2.0,-66.0
1777889138.5613325,3.0,-2.0,-65.0
1777889138.5713325,3.0,-8.0,-68.0
1777889138.5813324,1.0,-6.0,-68.0
1777889138.5913324,-1.0,-7.0,-73.0
1777889138.6013324,7.0,-5.0,-71.0
1777889138.6113324,11.0,-3.0,-74.0
1777889138.6213324,6.0,1.0,-76.0
1777889138.6313324,7.0,-3.0,-76.0
1777889138.6413324,7.0,-1.0,-74.0
1777889138.6513324,3.0,2.0,-77.0
1777889138.6613324,5.0,1.0,-75.0
1777889138.6713324,8.0,-1.0,-75.0
1777889138.6813323,11.0,0.0,-71.0
1777889138.6913323,11.0,0.0,-67.0
1777889138.7013323,12.0,2.0,-65.0
1777889138.7113323,12.0,0.0,-62.0
1777889138.7213323,11.0,-1.0,-64.0
1777889138.7313323,10.0,-1.0,-67.0
1777889138.7413323,8.0,-1.0,-68.0
1777889138.7513323,7.0,-4.0,-68.0
1777889138.7613325,5.0,-3.0,-66.0
1777889138.7713325,2.0,-3.0,-64.0
1777889138.7813325,6.0,-2.0,-68.0
1777889138.7913325,6.0,1.0,-69.0
1777889138.8013325,9.0,3.0,-73.0
1777889138.8113325,8.0,0.0,-80.0
1777889138.8213325,5.0,0.0,-81.0
1777889138.8313324,3.0,0.0,-82.0
1777889138.8413324,2.0,-1.0,-79.0
1777889138.8513324,1.0,-6.0,-78.0
1777889138.8613324,-1.0,-7.0,-78.0
1777889138.8713324,-2.0,-4.0,-81.0
1777889138.8813324,-7.0,0.0,-87.0
1777889138.8913324,-7.0,0.0,-90.0
1777889138.9013324,-5.0,-6.0,-88.0
1777889138.9113324,-3.0,-9.0,-88.0
1777889138.9213324,-4.0,-12.0,-83.0
1777889138.9313323,-5.0,-12.0,-78.0
1777889138.9413323,-4.0,-12.0,-73.0
1777889138.9513323,-2.0,-11.0,-72.0
1777889138.9613323,-1.0,-8.0,-73.0
1777889138.9713323,-4.0,-4.0,-74.0
1777889138.9813323,-4.0,-3.0,-74.0
1777889138.9913323,-4.0,-1.0,-75.0
1777889139.0013323,-3.0,0.0,-72.0
1777889139.0113325,-1.0,-3.0,-73.0
1777889139.0213325,-4.0,-3.0,-71.0
1777889139.0313325,-3.0,-2.0,-78.0
1777889139.0413325,-3.0,0.0,-79.0
1777889139.0513325,-6.0,-1.0,-72.0
1777889139.0613325,-9.0,-3.0,-73.0
1777889139.0713325,-8.0,-4.0,-83.0
1777889139.0813324,-5.0,-2.0,-90.0
1777889139.0913324,-4.0,-6.0,-84.0
1777889139.1013324,0.0,-6.0,-83.0
1777889139.1113324,6.0,-4.0,-80.0
1777889139.1213324,7.0,-6.0,-82.0
1777889139.1313324,5.0,-8.0,-75.0
1777889139.1413324,0.0,-10.0,-76.0
1777889139.1513324,-3.0,-7.0,-72.0
1777889139.1613324,-5.0,-4.0,-75.0
1777889139.1713324,-6.0,-2.0,-78.0
1777889139.1813323,-5.0,0.0,-81.0
1777889139.1913323,0.0,1.0,-74.0
1777889139.2013323,5.0,-2.0,-70.0
1777889139.2113323,2.0,0.0,-74.0
1777889139.2213323,3.0,2.0,-81.0
1777889139.2313323,3.0,5.0,-82.0
1777889139.2413323,0.0,5.0,-78.0
1777889139.2513323,0.0,1.0,-82.0
1777889139.2613325,4.0,0.0,-74.0
1777889139.2713325,5.0,0.0,-75.0
1777889139.2813325,5.0,0.0,-77.0
1777889139.2913325,3.0,-2.0,-81.0
1777889139.3013325,2.0,-4.0,-79.0
1777889139.3113325,-1.0,-4.0,-81.0
1777889139.3213325,0.0,-2.0,-77.0
1777889139.3313324,0.0,-1.0,-76.0
1777889139.3413324,-1.0,-2.0,-72.0
1777889139.3513324,2.0,1.0,-80.0
1777889139.3613324,0.0,3.0,-82.0
1777889139.3713324,3.0,0.0,-82.0
1777889139.3813324,1.0,2.0,-84.0
1777889139.3913324,3.0,3.0,-88.0
1777889139.4013324,6.0,4.0,-93.0
1777889139.4113324,1.0,6.0,-92.0
1777889139.4213324,2.0,2.0,-85.0
1777889139.4313323,1.0,1.0,-76.0
1777889139.4413323,5.0,-2.0,-69.0
1777889139.4513323,3.0,-5.0,-75.0
1777889139.4613323,0.0,-7.0,-74.0
1777889139.4713323,4.0,-6.0,-74.0
1777889139.4813323,-1.0,-4.0,-80.0
1777889139.4913323,-1.0,-3.0,-82.0
1777889139.5013323,1.0,-3.0,-76.0
1777889139.5113325,2.0,-4.0,-79.0
1777889139.5213325,-1.0,-2.0,-68.0
1777889139.5313325,-3.0,-1.0,-72.0
1777889139.5413325,0.0,2.0,-76.0
1777889139.5513325,1.0,0.0,-79.0
1777889139.5613325,-4.0,1.0,-80.0
1777889139.5713325,-5.0,0.0,-79.0
1777889139.5813324,-5.0,-3.0,-85.0
1777889139.5913324,-4.0,0.0,-82.0
1777889139.6013324,-5.0,0.0,-79.0
1777889139.6113324,-3.0,0.0,-81.0
1777889139.6213324,-4.0,-1.0,-78.0
1777889139.6313324,-4.0,-1.0,-84.0
1777889139.6413324,-6.0,0.0,-79.0
1777889139.6513324,-1.0,0.0,-75.0
1777889139.6613324,-2.0,-1.0,-71.0
1777889139.6713324,-1.0,1.0,-76.0
1777889139.6813323,0.0,2.0,-78.0
1777889139.6913323,2.0,3.0,-78.0
1777889139.7013323,4.0,0.0,-71.0
1777889139.7123325,0.0,-1.0,-75.0
1777889139.7223325,0.0,0.0,-75.0
1777889139.7323325,4.0,-2.0,-75.0
1777889139.7423325,2.0,-4.0,-80.0
1777889139.7523324,-1.0,0.0,-82.0
1777889139.7623324,-1.0,-1.0,-85.0
1777889139.7723324,-3.0,-2.0,-85.0
1777889139.7823324,0.0,-6.0,-83.0
1777889139.7923324,3.0,-8.0,-76.0
1777889139.8023324,4.0,-7.0,-72.0
1777889139.8123324,6.0,-7.0,-71.0
1777889139.8223324,1.0,-9.0,-72.0
1777889139.8323324,0.0,-10.0,-69.0
1777889139.8423324,3.0,-11.0,-68.0
1777889139.8523324,4.0,-10.0,-72.0
1777889139.8623323,0.0,-8.0,-70.0
1777889139.8723323,0.0,-6.0,-72.0
1777889139.8823323,0.0,-4.0,-78.0
1777889139.8923323,1.0,-5.0,-75.0
1777889139.9023323,0.0,-1.0,-72.0
1777889139.9123323,1.0,-1.0,-71.0
1777889139.9223323,-1.0,-5.0,-70.0
1777889139.9323325,0.0,-2.0,-70.0
1777889139.9423325,-1.0,1.0,-67.0
1777889139.9523325,0.0,-3.0,-69.0
1777889139.9623325,-1.0,-5.0,-71.0
1777889139.9723325,-2.0,-7.0,-72.0
1777889139.9823325,-4.0,-5.0,-70.0
1777889139.9923325,-4.0,-6.0,-73.0
1777889140.0023324,-3.0,-6.0,-71.0
1777889140.0123324,-3.0,-7.0,-71.0
1777889140.0223324,2.0,-5.0,-76.0
1777889140.0323324,3.0,-1.0,-75.0
1777889140.0423324,6.0,3.0,-74.0
1777889140.0523324,3.0,4.0,-70.0
1777889140.0623324,4.0,3.0,-66.0
1777889140.0723324,9.0,2.0,-62.0
1777889140.0823324,11.0,2.0,-63.0
1777889140.0923324,8.0,3.0,-64.0
1777889140.1023324,10.0,3.0,-69.0
1777889140.1123323,12.0,2.0,-74.0
1777889140.1223323,11.0,0.0,-73.0
1777889140.1323323,5.0,0.0,-72.0
1777889140.1423323,5.0,-3.0,-75.0
1777889140.1523323,1.0,-4.0,-75.0
1777889140.1623323,0.0,-3.0,-74.0
1777889140.1723323,-1.0,0.0,-77.0
1777889140.1823325,0.0,3.0,-77.0
1777889140.1923325,3.0,2.0,-81.0
1777889140.2023325,7.0,-4.0,-83.0
1777889140.2123325,5.0,-6.0,-76.0
1777889140.2223325,5.0,-2.0,-74.0
1777889140.2323325,3.0,-1.0,-75.0
1777889140.2423325,0.0,3.0,-76.0
1777889140.2523324,-1.0,4.0,-82.0
1777889140.2623324,0.0,4.0,-81.0
1777889140.2723324,3.0,3.0,-78.0
1777889140.2823324,2.0,3.0,-79.0
1777889140.2923324,-5.0,0.0,-74.0
1777889140.3023324,0.0,0.0,-74.0
1777889140.3123324,-1.0,0.0,-74.0
1777889140.3223324,0.0,-1.0,-74.0
1777889140.3323324,-5.0,0.0,-73.0
1777889140.3423324,-4.0,-2.0,-78.0
1777889140.3523324,-1.0,-4.0,-74.0
1777889140.3623323,-1.0,-7.0,-68.0
1777889140.3723323,0.0,-7.0,-73.0
1777889140.3823323,-1.0,-10.0,-77.0
1777889140.3923323,1.0,-10.0,-81.0
1777889140.4023323,2.0,-9.0,-86.0
1777889140.4123323,4.0,-4.0,-94.0
1777889140.4223323,2.0,-2.0,-96.0
1777889140.4323325,5.0,-3.0,-90.0
1777889140.4423325,3.0,-4.0,-84.0
1777889140.4523325,0.0,-1.0,-84.0
1777889140.4623325,-1.0,-5.0,-88.0
1777889140.4723325,1.0,-5.0,-83.0
1777889140.4823325,0.0,-4.0,-78.0
1777889140.4923325,0.0,0.0,-75.0
1777889140.5023324,0.0,2.0,-72.0
1777889140.5123324,2.0,0.0,-70.0
1777889140.5223324,0.0,-1.0,-72.0
1777889140.5323324,-2.0,-2.0,-74.0
1777889140.5423324,-2.0,0.0,-69.0
1777889140.5523324,0.0,4.0,-67.0
1777889140.5623324,4.0,3.0,-67.0
1777889140.5723324,5.0,3.0,-69.0
1777889140.5823324,1.0,5.0,-72.0
1777889140.5923324,2.0,2.0,-66.0
1777889140.6023324,1.0,2.0,-67.0
1777889140.6123323,-1.0,0.0,-67.0
1777889140.6223323,0.0,-3.0,-65.0
1777889140.6323323,2.0,-4.0,-59.0
1777889140.6423323,4.0,-1.0,-60.0
1777889140.6523323,6.0,-2.0,-65.0
1777889140.6623323,9.0,-4.0,-63.0
1777889140.6723323,6.0,-6.0,-68.0
1777889140.6823325,2.0,-5.0,-79.0
1777889140.6923325,4.0,0.0,-82.0
1777889140.7023325,3.0,0.0,-83.0
1777889140.7123325,0.0,-5.0,-88.0
1777889140.7223325,-2.0,-7.0,-84.0
1777889140.7323325,0.0,-8.0,-87.0
1777889140.7423325,-7.0,-10.0,-86.0
1777889140.7523324,-5.0,-9.0,-85.0
1777889140.7623324,-7.0,-6.0,-77.0
1777889140.7723324,-3.0,-9.0,-73.0
1777889140.7823324,5.0,-6.0,-70.0
1777889140.7923324,8.0,-3.0,-68.0
1777889140.8023324,7.0,0.0,-72.0
1777889140.8123324,7.0,1.0,-78.0
1777889140.8223324,6.0,0.0,-70.0
1777889140.8323324,8.0,0.0,-74.0
1777889140.8423324,10.0,0.0,-75.0
1777889140.8523324,6.0,6.0,-79.0
1777889140.8623323,8.0,3.0,-79.0
1777889140.8723323,5.0,-1.0,-73.0
1777889140.8823323,6.0,0.0,-71.0
1777889140.8923323,9.0,0.0,-80.0
1777889140.9023323,12.0,-1.0,-89.0
1777889140.9123323,8.0,-1.0,-88.0
1777889140.9223323,5.0,0.0,-88.0
1777889140.9323325,-2.0,3.0,-89.0
1777889140.9423325,-1.0,4.0,-88.0
1777889140.9523325,2.0,4.0,-86.0
1777889140.9623325,0.0,2.0,-81.0
1777889140.9723325,10.0,2.0,-80.0
1777889140.9823325,14.0,0.0,-77.0
1777889140.9923325,7.0,4.0,-73.0
1777889141.0023324,7.0,8.0,-67.0
1777889141.0123324,7.0,4.0,-59.0
1777889141.0223324,6.0,1.0,-58.0
1777889141.0323324,8.0,0.0,-63.0
1777889141.0423324,9.0,0.0,-66.0
1777889141.0523324,7.0,-1.0,-70.0
1777889141.0623324,3.0,0.0,-68.0
1777889141.0723324,8.0,-4.0,-70.0
1777889141.0823324,9.0,0.0,-77.0
1777889141.0923324,8.0,-3.0,-76.0
1777889141.1023324,2.0,0.0,-84.0
1777889141.1123323,2.0,3.0,-86.0
1777889141.1223323,3.0,0.0,-82.0
1777889141.1323323,2.0,5.0,-86.0
1777889141.1423323,1.0,5.0,-88.0
1777889141.1523323,1.0,6.0,-88.0
1777889141.1623323,0.0,4.0,-89.0
1777889141.1723323,-1.0,5.0,-91.0
1777889141.1823325,-5.0,4.0,-92.0
1777889141.1923325,-2.0,2.0,-93.0
1777889141.2023325,4.0,-2.0,-89.0
1777889141.2123325,4.0,-1.0,-89.0
1777889141.2223325,3.0,2.0,-82.0
1777889141.2323325,6.0,3.0,-86.0
1777889141.2423325,11.0,1.0,-88.0
1777889141.2523324,8.0,4.0,-82.0
1777889141.2623324,6.0,6.0,-74.0
1777889141.2723324,8.0,3.0,-66.0
1777889141.2823324,10.0,7.0,-62.0
1777889141.2923324,7.0,6.0,-70.0
1777889141.3023324,6.0,7.0,-73.0
1777889141.3123324,3.0,9.0,-72.0
1777889141.3223324,2.0,6.0,-69.0
1777889141.3323324,1.0,5.0,-77.0
1777889141.3423324,2.0,9.0,-82.0
1777889141.3523324,0.0,8.0,-78.0
1777889141.3623323,8.0,3.0,-79.0
1777889141.3723323,1.0,4.0,-79.0
1777889141.3823323,3.0,3.0,-79.0
1777889141.3923323,1.0,3.0,-80.0
1777889141.4023323,2.0,1.0,-82.0
1777889141.4123323,0.0,-1.0,-79.0
1777889141.4223323,3.0,0.0,-79.0
1777889141.4323325,0.0,-2.0,-81.0
1777889141.4423325,-4.0,-3.0,-81.0
1777889141.4523325,-4.0,0.0,-83.0
1777889141.4623325,-2.0,-2.0,-87.0
1777889141.4723325,0.0,0.0,-81.0
1777889141.4823325,0.0,0.0,-81.0
1777889141.4923325,4.0,0.0,-76.0
1777889141.5023324,8.0,0.0,-76.0
1777889141.5123324,7.0,0.0,-84.0
1777889141.5223324,4.0,2.0,-83.0
1777889141.5323324,2.0,2.0,-81.0
1777889141.5423324,8.0,3.0,-81.0
1777889141.5523324,11.0,0.0,-79.0
1777889141.5623324,9.0,-5.0,-77.0
1777889141.5723324,8.0,-3.0,-81.0
1777889141.5823324,5.0,0.0,-84.0
1777889141.5923324,1.0,0.0,-80.0
1777889141.6023324,6.0,-4.0,-77.0
1777889141.6123323,5.0,-5.0,-79.0
1777889141.6223323,2.0,-4.0,-76.0
1777889141.6323323,3.0,-1.0,-76.0
1777889141.6423323,1.0,-1.0,-68.0
1777889141.6523323,4.0,-3.0,-68.0
1777889141.6623323,4.0,-2.0,-71.0
1777889141.6733325,7.0,1.0,-74.0
1777889141.6823325,4.0,1.0,-75.0
1777889141.6923325,1.0,1.0,-76.0
1777889141.7023325,2.0,-2.0,-79.0
1777889141.7123325,5.0,-5.0,-79.0
1777889141.7233324,4.0,-8.0,-79.0
1777889141.7333324,2.0,-3.0,-81.0
1777889141.7433324,0.0,-3.0,-82.0
1777889141.7533324,0.0,-6.0,-78.0
1777889141.7633324,-1.0,-6.0,-75.0
1777889141.7733324,-2.0,-9.0,-75.0
1777889141.7833323,-2.0,-7.0,-75.0
1777889141.7933323,-4.0,-7.0,-73.0
1777889141.8033323,-4.0,-8.0,-77.0
1777889141.8133323,-1.0,-6.0,-73.0
1777889141.8233323,0.0,0.0,-70.0
1777889141.8333323,0.0,2.0,-80.0
1777889141.8433323,6.0,1.0,-75.0
1777889141.8533323,6.0,1.0,-71.0
1777889141.8633325,8.0,0.0,-68.0
1777889141.8733325,12.0,0.0,-77.0
1777889141.8833325,11.0,1.0,-75.0
1777889141.8933325,7.0,1.0,-79.0
1777889141.9033325,4.0,0.0,-80.0
1777889141.9133325,2.0,0.0,-81.0
1777889141.9233325,0.0,-1.0,-81.0
1777889141.9333324,0.0,-4.0,-81.0
1777889141.9433324,0.0,-2.0,-85.0
1777889141.9533324,-3.0,0.0,-78.0
1777889141.9633324,1.0,5.0,-79.0
1777889141.9733324,-2.0,5.0,-81.0
1777889141.9833324,-10.0,6.0,-76.0
1777889141.9933324,-5.0,10.0,-78.0
1777889142.0033324,-2.0,7.0,-82.0
1777889142.0133324,-1.0,0.0,-78.0
1777889142.0233324,2.0,0.0,-74.0
1777889142.0333323,-1.0,2.0,-78.0
1777889142.0433323,-1.0,2.0,-73.0
1777889142.0533323,-2.0,1.0,-68.0
1777889142.0633323,0.0,1.0,-67.0
1777889142.0733323,0.0,3.0,-68.0
1777889142.0833323,2.0,5.0,-71.0
1777889142.0933323,-1.0,7.0,-74.0
1777889142.1033323,-3.0,6.0,-70.0
1777889142.1133325,-2.0,1.0,-69.0
1777889142.1233325,-6.0,0.0,-68.0
1777889142.1333325,-4.0,-2.0,-67.0
1777889142.1433325,-1.0,-1.0,-73.0
1777889142.1533325,2.0,-1.0,-74.0
1777889142.1633325,4.0,-2.0,-76.0
1777889142.1733325,1.0,-1.0,-82.0
1777889142.1833324,1.0,-1.0,-77.0
1777889142.1933324,3.0,0.0,-79.0
1777889142.2033324,1.0,2.0,-79.0
1777889142.2133324,-1.0,-2.0,-86.0
1777889142.2233324,0.0,2.0,-90.0
1777889142.2333324,2.0,2.0,-85.0
1777889142.2433324,0.0,2.0,-89.0
1777889142.2533324,-6.0,4.0,-86.0
1777889142.2633324,0.0,0.0,-76.0
1777889142.2733324,4.0,0.0,-70.0
1777889142.2833323,9.0,0.0,-66.0
1777889142.2933323,6.0,-2.0,-70.0
1777889142.3033323,4.0,-1.0,-74.0
1777889142.3133323,3.0,-3.0,-62.0
1777889142.3233323,0.0,0.0,-67.0
1777889142.3333323,0.0,0.0,-70.0
1777889142.3433323,1.0,5.0,-76.0
1777889142.3533323,-3.0,3.0,-73.0
1777889142.3633325,-6.0,2.0,-71.0
1777889142.3733325,-4.0,3.0,-75.0
1777889142.3833325,0.0,0.0,-74.0
1777889142.3933325,0.0,1.0,-74.0
1777889142.4033325,-2.0,0.0,-78.0
1777889142.4133325,1.0,-2.0,-76.0
1777889142.4233325,3.0,0.0,-77.0
1777889142.4333324,1.0,2.0,-78.0
1777889142.4433324,0.0,0.0,-76.0
1777889142.4533324,-1.0,0.0,-73.0
1777889142.4633324,1.0,-3.0,-73.0
1777889142.4733324,2.0,-3.0,-74.0
1777889142.4833324,0.0,-2.0,-76.0
1777889142.4933324,-5.0,1.0,-81.0
1777889142.5033324,-7.0,0.0,-82.0
1777889142.5133324,-6.0,0.0,-83.0
1777889142.5233324,-4.0,-2.0,-80.0
1777889142.5333323,-3.0,0.0,-75.0
1777889142.5433323,-1.0,0.0,-75.0
1777889142.5533323,2.0,0.0,-76.0
1777889142.5633323,3.0,4.0,-77.0
1777889142.5733323,1.0,5.0,-66.0
1777889142.5833323,2.0,1.0,-65.0
1777889142.5933323,1.0,0.0,-63.0
1777889142.6033323,0.0,0.0,-66.0
1777889142.6133325,2.0,0.0,-68.0
1777889142.6233325,-4.0,0.0,-62.0
1777889142.6333325,-6.0,1.0,-61.0
1777889142.6433325,-5.0,1.0,-62.0
1777889142.6533325,-4.0,2.0,-69.0
1777889142.6633325,-2.0,5.0,-73.0
1777889142.6733325,-3.0,6.0,-74.0
1777889142.6833324,-1.0,0.0,-67.0
1777889142.6933324,0.0,-4.0,-73.0
1777889142.7033324,1.0,-3.0,-74.0
1777889142.7133324,3.0,-4.0,-76.0
1777889142.7233324,5.0,1.0,-77.0
1777889142.7333324,9.0,1.0,-81.0
1777889142.7433324,8.0,-4.0,-84.0
1777889142.7533324,5.0,-2.0,-83.0
1777889142.7633324,1.0,1.0,-87.0
1777889142.7733324,2.0,3.0,-85.0
1777889142.7833323,4.0,2.0,-82.0
1777889142.7933323,0.0,1.0,-73.0
1777889142.8033323,-1.0,-1.0,-67.0
1777889142.8133323,2.0,0.0,-73.0
1777889142.8233323,3.0,0.0,-74.0
1777889142.8333323,4.0,-1.0,-73.0
1777889142.8433323,2.0,-2.0,-74.0
1777889142.8533323,3.0,-2.0,-75.0
1777889142.8633325,6.0,1.0,-73.0
1777889142.8733325,3.0,0.0,-75.0
1777889142.8833325,-2.0,3.0,-76.0
1777889142.8933325,1.0,1.0,-82.0
1777889142.9033325,0.0,1.0,-88.0
1777889142.9133325,-5.0,4.0,-85.0
1777889142.9233325,-3.0,0.0,-83.0
1777889142.9333324,-1.0,3.0,-84.0
1777889142.9433324,0.0,3.0,-85.0
1777889142.9533324,-3.0,1.0,-80.0
1777889142.9633324,-4.0,4.0,-77.0
1777889142.9733324,-2.0,3.0,-71.0
1777889142.9833324,2.0,4.0,-74.0
1777889142.9933324,2.0,0.0,-69.0
1777889143.0033324,-3.0,1.0,-72.0
1777889143.0133324,-2.0,0.0,-69.0
1777889143.0233324,-1.0,1.0,-69.0
1777889143.0333323,-4.0,1.0,-71.0
1777889143.0433323,-4.0,0.0,-76.0
1777889143.0533323,-8.0,2.0,-78.0
1777889143.0633323,-7.0,3.0,-73.0
1777889143.0733323,-3.0,6.0,-69.0
1777889143.0833323,0.0,3.0,-64.0
1777889143.0933323,2.0,5.0,-70.0
1777889143.1033323,1.0,4.0,-67.0
1777889143.1133325,2.0,6.0,-65.0
1777889143.1233325,0.0,5.0,-67.0
1777889143.1333325,-2.0,2.0,-72.0
1777889143.1433325,0.0,0.0,-73.0
1777889143.1533325,3.0,-1.0,-71.0
1777889143.1633325,1.0,-5.0,-71.0
1777889143.1733325,2.0,-5.0,-70.0
1777889143.1833324,-4.0,-6.0,-69.0
1777889143.1933324,0.0,-4.0,-66.0
1777889143.2033324,1.0,-2.0,-71.0
1777889143.2133324,0.0,-1.0,-72.0
1777889143.2233324,-7.0,0.0,-76.0
1777889143.2333324,-6.0,-1.0,-80.0
1777889143.2433324,0.0,2.0,-79.0
1777889143.2533324,5.0,4.0,-78.0
1777889143.2633324,7.0,5.0,-85.0
1777889143.2733324,11.0,-2.0,-91.0
1777889143.2833323,8.0,-9.0,-90.0
1777889143.2933323,7.0,-9.0,-83.0
1777889143.3033323,3.0,-7.0,-79.0
1777889143.3133323,0.0,-6.0,-81.0
1777889143.3233323,-5.0,-8.0,-82.0
1777889143.3333323,-4.0,-4.0,-83.0
1777889143.3433323,-5.0,-3.0,-80.0
1777889143.3533323,-7.0,-4.0,-77.0
1777889143.3633325,-4.0,-2.0,-81.0
1777889143.3733325,-5.0,0.0,-85.0
1777889143.3833325,0.0,2.0,-83.0
1777889143.3933325,0.0,3.0,-88.0
1777889143.4033325,5.0,3.0,-93.0
1777889143.4133325,3.0,2.0,-89.0
1777889143.4233325,5.0,1.0,-94.0
1777889143.4333324,3.0,2.0,-92.0
1777889143.4433324,6.0,0.0,-94.0
1777889143.4533324,0.0,-3.0,-87.0
1777889143.4633324,-1.0,-4.0,-83.0
1777889143.4733324,-7.0,-3.0,-85.0
1777889143.4833324,-9.0,0.0,-83.0
1777889143.4933324,-6.0,-2.0,-81.0
1777889143.5033324,-3.0,-4.0,-74.0
1777889143.5133324,0.0,-3.0,-77.0
1777889143.5233324,1.0,-3.0,-79.0
1777889143.5333323,1.0,-3.0,-78.0
1777889143.5433323,4.0,-2.0,-78.0
1777889143.5533323,5.0,-4.0,-81.0
1777889143.5633323,4.0,-8.0,-83.0
1777889143.5733323,5.0,-4.0,-79.0
1777889143.5833323,13.0,0.0,-74.0
1777889143.5933323,10.0,-2.0,-77.0
1777889143.6033323,7.0,-4.0,-82.0
1777889143.6133325,5.0,-2.0,-86.0
1777889143.6233325,4.0,0.0,-82.0
1777889143.6333325,1.0,2.0,-85.0
1777889143.6433325,-1.0,1.0,-84.0
1777889143.6533325,-4.0,2.0,-84.0
1777889143.6633325,-4.0,5.0,-80.0
1777889143.6733325,0.0,3.0,-84.0
1777889143.6843324,0.0,4.0,-86.0
1777889143.6943324,0.0,2.0,-84.0
1777889143.7043324,4.0,0.0,-77.0
1777889143.7143323,9.0,-3.0,-74.0
1777889143.7243323,10.0,-3.0,-79.0
1777889143.7343323,5.0,-3.0,-83.0
1777889143.7443323,4.0,-1.0,-85.0
1777889143.7543323,3.0,-1.0,-92.0
1777889143.7643323,2.0,-4.0,-92.0
1777889143.7743323,0.0,-3.0,-86.0
1777889143.7843325,-4.0,4.0,-86.0
1777889143.7943325,-1.0,8.0,-83.0
1777889143.8043325,-3.0,9.0,-86.0
1777889143.8143325,-2.0,5.0,-83.0
1777889143.8243325,-3.0,1.0,-78.0
1777889143.8343325,1.0,-1.0,-77.0
1777889143.8443325,4.0,-1.0,-71.0
1777889143.8543324,2.0,-2.0,-73.0
1777889143.8643324,1.0,-2.0,-80.0
1777889143.8743324,3.0,0.0,-77.0
1777889143.8843324,9.0,0.0,-82.0
1777889143.8943324,6.0,-1.0,-81.0
1777889143.9043324,5.0,-5.0,-78.0
1777889143.9143324,4.0,-3.0,-80.0
1777889143.9243324,5.0,-3.0,-72.0
1777889143.9343324,3.0,-6.0,-72.0
1777889143.9443324,2.0,-6.0,-70.0
1777889143.9543324,-1.0,-6.0,-72.0
1777889143.9643323,-3.0,0.0,-73.0
1777889143.9743323,-3.0,1.0,-67.0
1777889143.9843323,-1.0,4.0,-68.0
1777889143.9943323,1.0,2.0,-68.0
1777889144.0043323,3.0,0.0,-69.0
1777889144.0143323,2.0,1.0,-67.0
1777889144.0243323,0.0,1.0,-67.0
1777889144.0343325,-1.0,1.0,-68.0
1777889144.0443325,0.0,1.0,-75.0
1777889144.0543325,2.0,0.0,-75.0
1777889144.0643325,1.0,2.0,-78.0
1777889144.0743325,-3.0,-3.0,-78.0
1777889144.0843325,-4.0,-3.0,-81.0
1777889144.0943325,0.0,0.0,-73.0
1777889144.1043324,6.0,0.0,-73.0
1777889144.1143324,10.0,1.0,-69.0
1777889144.1243324,11.0,1.0,-72.0
1777889144.1343324,8.0,2.0,-81.0
1777889144.1443324,10.0,0.0,-80.0
1777889144.1543324,8.0,0.0,-79.0
1777889144.1643324,8.0,2.0,-82.0
1777889144.1743324,8.0,6.0,-74.0
1777889144.1843324,0.0,5.0,-74.0
1777889144.1943324,1.0,0.0,-70.0
1777889144.2043324,2.0,0.0,-71.0
1777889144.2143323,0.0,2.0,-73.0
1777889144.2243323,2.0,0.0,-70.0
1777889144.2343323,0.0,-3.0,-74.0
1777889144.2443323,-2.0,-1.0,-80.0
1777889144.2543323,-2.0,-2.0,-74.0
1777889144.2643323,-5.0,-4.0,-70.0
1777889144.2743323,-7.0,-4.0,-74.0
1777889144.2843325,-7.0,-1.0,-77.0
1777889144.2943325,-11.0,-3.0,-79.0
1777889144.3043325,-3.0,-4.0,-86.0
1777889144.3143325,-3.0,-5.0,-92.0
1777889144.3243325,-4.0,0.0,-90.0
1777889144.3343325,0.0,0.0,-82.0
1777889144.3443325,0.0,0.0,-80.0
1777889144.3543324,-1.0,2.0,-76.0
1777889144.3643324,0.0,3.0,-81.0
1777889144.3743324,2.0,3.0,-86.0
1777889144.3843324,2.0,4.0,-86.0
1777889144.3943324,5.0,4.0,-85.0
1777889144.4043324,7.0,-2.0,-84.0
1777889144.4143324,4.0,-3.0,-83.0
1777889144.4243324,-1.0,1.0,-80.0
1777889144.4343324,-3.0,3.0,-71.0
1777889144.4443324,-5.0,3.0,-74.0
1777889144.4543324,-11.0,4.0,-78.0
1777889144.4643323,-9.0,4.0,-75.0
1777889144.4743323,-3.0,5.0,-78.0
1777889144.4843323,-2.0,4.0,-76.0
1777889144.4943323,-3.0,4.0,-76.0
1777889144.5043323,0.0,4.0,-77.0
1777889144.5143323,0.0,6.0,-78.0
1777889144.5243323,-1.0,8.0,-79.0
1777889144.5343325,-1.0,3.0,-78.0
1777889144.5443325,-2.0,0.0,-75.0
1777889144.5543325,0.0,-5.0,-71.0
1777889144.5643325,-5.0,-5.0,-65.0
1777889144.5743325,-6.0,-5.0,-64.0
1777889144.5843325,-3.0,-3.0,-69.0
1777889144.5943325,-2.0,-2.0,-69.0
1777889144.6043324,-2.0,2.0,-72.0
1777889144.6143324,-4.0,2.0,-73.0
1777889144.6243324,-5.0,0.0,-70.0
1777889144.6343324,-3.0,0.0,-71.0
1777889144.6443324,1.0,2.0,-73.0
1777889144.6543324,2.0,-1.0,-73.0
1777889144.6643324,1.0,0.0,-67.0
1777889144.6743324,1.0,-1.0,-65.0
1777889144.6843324,-2.0,-1.0,-65.0
1777889144.6943324,-1.0,-2.0,-68.0
1777889144.7043324,0.0,0.0,-75.0
1777889144.7143323,0.0,4.0,-75.0
1777889144.7243323,3.0,1.0,-65.0
1777889144.7343323,0.0,3.0,-67.0
1777889144.7443323,-5.0,0.0,-74.0
1777889144.7543323,-9.0,-2.0,-75.0
1777889144.7643323,-10.0,-5.0,-73.0
1777889144.7743323,-8.0,-6.0,-71.0
1777889144.7843325,-5.0,-5.0,-76.0
1777889144.7943325,-2.0,-7.0,-83.0
1777889144.8043325,-2.0,-7.0,-83.0
1777889144.8143325,-2.0,-5.0,-77.0
1777889144.8243325,-5.0,-2.0,-81.0
1777889144.8343325,-2.0,0.0,-82.0
1777889144.8443325,-1.0,0.0,-84.0
1777889144.8543324,-2.0,-4.0,-78.0
1777889144.8643324,0.0,-3.0,-77.0
1777889144.8743324,-2.0,-2.0,-80.0
1777889144.8843324,4.0,0.0,-80.0
1777889144.8943324,8.0,0.0,-75.0
1777889144.9043324,5.0,-2.0,-67.0
1777889144.9143324,10.0,1.0,-67.0
1777889144.9243324,12.0,0.0,-81.0
1777889144.9343324,6.0,0.0,-84.0
1777889144.9443324,5.0,3.0,-88.0
1777889144.9543324,7.0,4.0,-94.0
1777889144.9643323,9.0,4.0,-88.0
1777889144.9743323,6.0,0.0,-88.0
1777889144.9843323,1.0,2.0,-87.0
1777889144.9943323,3.0,-1.0,-83.0
1777889145.0043323,-2.0,-4.0,-77.0
1777889145.0143323,0.0,-2.0,-77.0
1777889145.0243323,-6.0,-5.0,-78.0
1777889145.0343325,-9.0,0.0,-76.0
1777889145.0443325,-7.0,-1.0,-79.0
1777889145.0543325,-6.0,-3.0,-75.0
1777889145.0643325,-2.0,-1.0,-71.0
1777889145.0743325,0.0,2.0,-68.0
1777889145.0843325,4.0,2.0,-64.0
1777889145.0943325,6.0,2.0,-69.0
1777889145.1043324,8.0,1.0,-67.0
1777889145.1143324,8.0,2.0,-69.0
1777889145.1243324,1.0,1.0,-75.0
1777889145.1343324,0.0,1.0,-73.0
1777889145.1443324,0.0,0.0,-79.0
1777889145.1543324,0.0,-1.0,-78.0
1777889145.1643324,-5.0,-2.0,-76.0
1777889145.1743324,-3.0,-2.0,-81.0
1777889145.1843324,-1.0,-5.0,-73.0
1777889145.1943324,-5.0,-6.0,-73.0
1777889145.2043324,-6.0,-4.0,-65.0
1777889145.2143323,-5.0,-4.0,-63.0
1777889145.2243323,-1.0,-2.0,-71.0
1777889145.2343323,1.0,1.0,-75.0
1777889145.2443323,3.0,2.0,-83.0
1777889145.2543323,1.0,5.0,-78.0
1777889145.2643323,-1.0,3.0,-73.0
1777889145.2743323,-1.0,0.0,-73.0
1777889145.2843325,-2.0,1.0,-73.0
1777889145.2943325,-5.0,3.0,-67.0
1777889145.3043325,0.0,1.0,-65.0
1777889145.3143325,1.0,3.0,-64.0
1777889145.3243325,6.0,2.0,-69.0
1777889145.3343325,4.0,2.0,-68.0
1777889145.3443325,-1.0,1.0,-72.0
1777889145.3543324,-1.0,-1.0,-78.0
1777889145.3643324,-1.0,-4.0,-82.0
1777889145.3743324,1.0,-6.0,-77.0
1777889145.3843324,0.0,-5.0,-78.0
1777889145.3943324,-1.0,-9.0,-84.0
1777889145.4043324,-7.0,-13.0,-82.0
1777889145.4143324,-12.0,-11.0,-79.0
1777889145.4243324,-11.0,-8.0,-82.0
1777889145.4343324,-4.0,-8.0,-84.0
1777889145.4443324,-2.0,-5.0,-86.0
1777889145.4543324,1.0,-7.0,-85.0
1777889145.4643323,1.0,-5.0,-82.0
1777889145.4743323,-1.0,-4.0,-74.0
1777889145.4843323,-1.0,0.0,-76.0
1777889145.4943323,-1.0,0.0,-79.0
1777889145.5043323,2.0,0.0,-85.0
1777889145.5143323,3.0,4.0,-80.0
1777889145.5243323,4.0,3.0,-77.0
1777889145.5343325,5.0,1.0,-81.0
1777889145.5443325,6.0,1.0,-83.0
1777889145.5543325,5.0,1.0,-80.0
1777889145.5643325,4.0,-1.0,-72.0
1777889145.5743325,2.0,0.0,-72.0
1777889145.5843325,2.0,0.0,-81.0
1777889145.5943325,7.0,-1.0,-74.0
1777889145.6043324,8.0,-1.0,-74.0
1777889145.6143324,1.0,-3.0,-77.0
1777889145.6243324,0.0,-4.0,-72.0
1777889145.6343324,-2.0,-4.0,-74.0
1777889145.6443324,-4.0,-5.0,-69.0
1777889145.6543324,0.0,-2.0,-70.0
1777889145.6653323,-3.0,-7.0,-72.0
1777889145.6753323,-7.0,-3.0,-75.0
1777889145.6853323,-7.0,-3.0,-75.0
1777889145.6953323,-7.0,-3.0,-85.0
1777889145.7053325,-9.0,-2.0,-83.0
1777889145.7153325,-5.0,-2.0,-79.0
1777889145.7253325,0.0,-3.0,-86.0
1777889145.7353325,-3.0,-3.0,-82.0
1777889145.7453325,-2.0,-3.0,-70.0
1777889145.7553325,-1.0,-2.0,-75.0
1777889145.7653325,1.0,-3.0,-81.0
1777889145.7753325,6.0,-2.0,-81.0
1777889145.7853324,1.0,-4.0,-79.0
1777889145.7953324,2.0,-3.0,-79.0
1777889145.8053324,0.0,0.0,-78.0
1777889145.8153324,-4.0,0.0,-80.0
1777889145.8253324,-7.0,-2.0,-76.0
1777889145.8353324,-3.0,-2.0,-70.0
1777889145.8453324,-4.0,0.0,-70.0
1777889145.8553324,-5.0,3.0,-74.0
1777889145.8653324,-6.0,-1.0,-71.0
1777889145.8753324,-4.0,-3.0,-72.0
1777889145.8853323,1.0,-5.0,-73.0
1777889145.8953323,1.0,-4.0,-68.0
1777889145.9053323,0.0,-7.0,-68.0
1777889145.9153323,3.0,-6.0,-69.0
1777889145.9253323,0.0,-2.0,-72.0
1777889145.9353323,2.0,-2.0,-73.0
1777889145.9453323,2.0,-4.0,-75.0
1777889145.9553325,-3.0,-1.0,-75.0
1777889145.9653325,-3.0,0.0,-75.0
1777889145.9753325,-4.0,3.0,-78.0
1777889145.9853325,-4.0,4.0,-79.0
1777889145.9953325,-5.0,7.0,-83.0
1777889146.0053325,-2.0,3.0,-82.0
1777889146.0153325,-1.0,1.0,-78.0
1777889146.0253325,-1.0,0.0,-81.0
1777889146.0353324,-6.0,-4.0,-72.0
1777889146.0453324,-4.0,-6.0,-79.0
1777889146.0553324,-3.0,-4.0,-75.0
1777889146.0653324,-2.0,-1.0,-67.0
1777889146.0753324,-6.0,-5.0,-64.0
1777889146.0853324,-5.0,-7.0,-68.0
1777889146.0953324,-5.0,-4.0,-70.0
1777889146.1053324,-3.0,-7.0,-66.0
1777889146.1153324,-6.0,-4.0,-63.0
1777889146.1253324,-8.0,-3.0,-63.0
1777889146.1353323,-7.0,0.0,-73.0
1777889146.1453323,-1.0,-2.0,-69.0
1777889146.1553323,-1.0,-3.0,-60.0
1777889146.1653323,-2.0,-3.0,-67.0
1777889146.1753323,1.0,-7.0,-69.0
1777889146.1853323,3.0,-2.0,-78.0
1777889146.1953323,2.0,2.0,-83.0
1777889146.2053325,0.0,5.0,-80.0
1777889146.2153325,0.0,5.0,-74.0
1777889146.2253325,0.0,5.0,-73.0
1777889146.2353325,1.0,4.0,-77.0
1777889146.2453325,2.0,3.0,-81.0
1777889146.2553325,3.0,5.0,-73.0
1777889146.2653325,5.0,5.0,-76.0
1777889146.2753325,7.0,4.0,-76.0
1777889146.2853324,8.0,2.0,-70.0
1777889146.2953324,8.0,2.0,-74.0
1777889146.3053324,10.0,1.0,-73.0
1777889146.3153324,9.0,2.0,-80.0
1777889146.3253324,7.0,1.0,-88.0
1777889146.3353324,2.0,4.0,-83.0
1777889146.3453324,-1.0,4.0,-77.0
1777889146.3553324,-2.0,1.0,-82.0
1777889146.3653324,0.0,0.0,-78.0
1777889146.3753324,0.0,0.0,-74.0
1777889146.3853323,-2.0,3.0,-77.0
1777889146.3953323,-4.0,3.0,-71.0
1777889146.4053323,-6.0,3.0,-71.0
1777889146.4153323,-8.0,6.0,-67.0
1777889146.4253323,-5.0,2.0,-64.0
1777889146.4353323,-3.0,3.0,-71.0
1777889146.4453323,-1.0,0.0,-72.0
1777889146.4553325,-3.0,-4.0,-67.0
1777889146.4653325,-5.0,-3.0,-61.0
1777889146.4753325,-4.0,1.0,-64.0
1777889146.4853325,-3.0,-1.0,-66.0
1777889146.4953325,-4.0,0.0,-68.0
1777889146.5053325,-3.0,0.0,-66.0
1777889146.5153325,0.0,-1.0,-65.0
1777889146.5253325,-3.0,-1.0,-62.0
1777889146.5353324,-4.0,1.0,-56.0
1777889146.5453324,1.0,1.0,-59.0
1777889146.5553324,2.0,0.0,-69.0
1777889146.5663323,4.0,0.0,-70.0
1777889146.5753324,-2.0,3.0,-74.0
1777889146.5853324,-5.0,2.0,-78.0
1777889146.5953324,0.0,2.0,-74.0
1777889146.6053324,0.0,-1.0,-75.0
1777889146.6153324,1.0,-3.0,-77.0
1777889146.6253324,1.0,-8.0,-79.0
1777889146.6353323,-2.0,-1.0,-74.0
1777889146.6453323,-1.0,-4.0,-72.0
1777889146.6553323,0.0,-2.0,-68.0
1777889146.6653323,1.0,-4.0,-66.0
1777889146.6753323,2.0,-6.0,-70.0
1777889146.6853323,5.0,-7.0,-69.0
1777889146.6953323,3.0,-2.0,-64.0
1777889146.7053325,6.0,2.0,-75.0
1777889146.7153325,7.0,4.0,-81.0
1777889146.7253325,0.0,0.0,-85.0
1777889146.7353325,-2.0,-1.0,-82.0
1777889146.7453325,0.0,-1.0,-79.0
1777889146.7553325,-4.0,-1.0,-75.0
1777889146.7653325,0.0,0.0,-70.0
1777889146.7753325,2.0,0.0,-69.0
1777889146.7853324,-1.0,-1.0,-69.0
1777889146.7953324,2.0,0.0,-66.0
1777889146.8053324,0.0,0.0,-76.0
1777889146.8153324,-1.0,1.0,-77.0
1777889146.8253324,-1.0,-2.0,-76.0
1777889146.8353324,1.0,1.0,-81.0
1777889146.8453324,-1.0,0.0,-79.0
1777889146.8553324,-4.0,1.0,-72.0
1777889146.8653324,-6.0,1.0,-74.0
1777889146.8753324,-3.0,0.0,-81.0
1777889146.8853323,-2.0,-5.0,-82.0
1777889146.8953323,-5.0,-7.0,-79.0
1777889146.9053323,-7.0,-9.0,-75.0
1777889146.9153323,-1.0,-7.0,-73.0
1777889146.9253323,2.0,-9.0,-69.0
1777889146.9353323,13.0,-9.0,-69.0
1777889146.9453323,13.0,-8.0,-70.0
1777889146.9553325,13.0,-4.0,-77.0
1777889146.9653325,9.0,-4.0,-82.0
1777889146.9753325,7.0,1.0,-81.0
1777889146.9853325,7.0,0.0,-80.0
1777889146.9953325,5.0,0.0,-79.0
1777889147.0053325,5.0,0.0,-80.0
1777889147.0153325,4.0,1.0,-76.0
1777889147.0253325,6.0,0.0,-74.0
1777889147.0353324,3.0,0.0,-77.0
1777889147.0453324,2.0,1.0,-81.0
1777889147.0553324,1.0,1.0,-76.0
1777889147.0653324,0.0,4.0,-79.0
1777889147.0753324,0.0,5.0,-79.0
1777889147.0853324,3.0,2.0,-74.0
1777889147.0953324,-2.0,3.0,-74.0
1777889147.1053324,-4.0,2.0,-68.0
1777889147.1153324,-2.0,2.0,-70.0
1777889147.1253324,-2.0,0.0,-78.0
1777889147.1353323,-6.0,1.0,-78.0
1777889147.1453323,-6.0,0.0,-75.0
1777889147.1553323,0.0,-2.0,-78.0
1777889147.1653323,0.0,-2.0,-78.0
1777889147.1753323,8.0,-1.0,-79.0
1777889147.1853323,6.0,-4.0,-82.0
1777889147.1953323,8.0,-1.0,-79.0
1777889147.2053325,6.0,0.0,-77.0
1777889147.2153325,4.0,1.0,-74.0
1777889147.2253325,4.0,0.0,-81.0
1777889147.2353325,4.0,0.0,-81.0
1777889147.2453325,1.0,1.0,-87.0
1777889147.2553325,-2.0,-1.0,-87.0
1777889147.2653325,-3.0,1.0,-87.0
1777889147.2753325,-7.0,3.0,-84.0
1777889147.2853324,-8.0,-2.0,-84.0
1777889147.2953324,-11.0,-5.0,-84.0
1777889147.3053324,-11.0,-5.0,-71.0
1777889147.3153324,-10.0,-6.0,-68.0
1777889147.3253324,-9.0,-4.0,-75.0
1777889147.3353324,-10.0,-1.0,-73.0
1777889147.3453324,-8.0,0.0,-70.0
1777889147.3553324,-4.0,-1.0,-68.0
1777889147.3653324,-3.0,0.0,-72.0
1777889147.3753324,-5.0,-1.0,-76.0
1777889147.3853323,-4.0,-6.0,-72.0
1777889147.3953323,-6.0,-7.0,-73.0
1777889147.4053323,-4.0,-2.0,-74.0
1777889147.4153323,-1.0,-3.0,-77.0
1777889147.4253323,-2.0,-4.0,-71.0
1777889147.4353323,-4.0,-6.0,-79.0
1777889147.4453323,0.0,-8.0,-72.0
1777889147.4553325,-4.0,-3.0,-73.0
1777889147.4653325,-6.0,-4.0,-67.0
1777889147.4753325,-5.0,-2.0,-71.0
1777889147.4853325,-5.0,-1.0,-73.0
1777889147.4953325,-5.0,-4.0,-83.0
1777889147.5053325,-4.0,-4.0,-80.0
1777889147.5153325,1.0,-3.0,-85.0
1777889147.5253325,-1.0,-7.0,-85.0
1777889147.5353324,-4.0,-3.0,-83.0
1777889147.5453324,-2.0,-1.0,-82.0
1777889147.5553324,-1.0,0.0,-82.0
1777889147.5653324,-3.0,-2.0,-76.0
1777889147.5753324,-5.0,-4.0,-76.0
1777889147.5853324,-4.0,-4.0,-76.0
1777889147.5953324,0.0,-7.0,-79.0
1777889147.6053324,-1.0,-5.0,-80.0
1777889147.6153324,-2.0,-2.0,-88.0
1777889147.6253324,-3.0,-1.0,-92.0
1777889147.6363325,-4.0,0.0,-89.0
1777889147.6453323,-5.0,0.0,-86.0
1777889147.6553323,-6.0,0.0,-87.0
1777889147.6663325,-2.0,-1.0,-83.0
1777889147.6763325,0.0,-4.0,-83.0
1777889147.6863325,0.0,0.0,-81.0
1777889147.6963325,2.0,2.0,-76.0
1777889147.7063324,1.0,1.0,-64.0
1777889147.7163324,0.0,2.0,-66.0
1777889147.7263324,3.0,1.0,-72.0
1777889147.7363324,0.0,3.0,-71.0
1777889147.7463324,0.0,4.0,-70.0
1777889147.7563324,-1.0,5.0,-70.0
1777889147.7663324,0.0,3.0,-67.0
1777889147.7763324,4.0,2.0,-71.0
1777889147.7863324,6.0,0.0,-72.0
1777889147.7963324,6.0,0.0,-75.0
1777889147.8063323,5.0,4.0,-77.0
1777889147.8163323,3.0,7.0,-73.0
1777889147.8263323,4.0,5.0,-77.0
1777889147.8363323,3.0,3.0,-76.0
1777889147.8463323,2.0,2.0,-82.0
1777889147.8563323,-1.0,3.0,-75.0
1777889147.8663323,-2.0,3.0,-73.0
1777889147.8763323,-3.0,0.0,-71.0
1777889147.8863325,-4.0,1.0,-74.0
1777889147.8963325,2.0,0.0,-75.0
1777889147.9063325,0.0,2.0,-77.0
1777889147.9163325,0.0,1.0,-80.0
1777889147.9263325,0.0,0.0,-77.0
1777889147.9363325,-1.0,0.0,-73.0
1777889147.9463325,-4.0,-1.0,-75.0
1777889147.9563324,-1.0,0.0,-74.0
1777889147.9663324,-2.0,-1.0,-78.0
1777889147.9763324,0.0,0.0,-80.0
1777889147.9863324,-3.0,0.0,-77.0
1777889147.9963324,-4.0,1.0,-81.0
1777889148.0063324,-2.0,0.0,-74.0
1777889148.0163324,-3.0,2.0,-72.0
1777889148.0263324,-7.0,7.0,-75.0
1777889148.0363324,-13.0,5.0,-73.0
1777889148.0463324,-10.0,4.0,-76.0
1777889148.0563323,0.0,4.0,-76.0
1777889148.0663323,-2.0,6.0,-78.0
1777889148.0763323,-2.0,4.0,-81.0
1777889148.0863323,-2.0,2.0,-78.0
1777889148.0963323,-1.0,0.0,-74.0
1777889148.1063323,-4.0,0.0,-71.0
1777889148.1163323,-2.0,0.0,-72.0
1777889148.1263323,2.0,0.0,-80.0
1777889148.1363325,3.0,-3.0,-86.0
1777889148.1463325,3.0,-2.0,-79.0
1777889148.1563325,2.0,-2.0,-78.0
1777889148.1663325,3.0,0.0,-78.0
1777889148.1763325,5.0,1.0,-74.0
1777889148.1863325,5.0,0.0,-70.0
1777889148.1963325,7.0,-2.0,-68.0
1777889148.2063324,4.0,-2.0,-67.0
1777889148.2163324,3.0,-1.0,-69.0
1777889148.2263324,3.0,-3.0,-70.0
1777889148.2363324,3.0,-7.0,-76.0
1777889148.2463324,4.0,-4.0,-79.0
1777889148.2563324,5.0,-1.0,-81.0
1777889148.2663324,2.0,0.0,-83.0
1777889148.2763324,3.0,-3.0,-71.0
1777889148.2863324,0.0,-2.0,-70.0
1777889148.2963324,0.0,-4.0,-64.0
1777889148.3063323,0.0,-4.0,-64.0
1777889148.3163323,-2.0,-3.0,-65.0
1777889148.3263323,-5.0,0.0,-67.0
1777889148.3363323,-4.0,0.0,-67.0
1777889148.3463323,-4.0,0.0,-68.0
1777889148.3563323,-4.0,-2.0,-72.0
1777889148.3663323,-2.0,0.0,-73.0
1777889148.3763323,0.0,1.0,-68.0
1777889148.3863325,1.0,0.0,-66.0
1777889148.3963325,3.0,-4.0,-70.0
1777889148.4063325,2.0,-2.0,-70.0
1777889148.4163325,8.0,-2.0,-76.0
1777889148.4263325,4.0,-3.0,-80.0
1777889148.4363325,0.0,-7.0,-78.0
1777889148.4463325,0.0,-6.0,-74.0
1777889148.4563324,0.0,-4.0,-78.0
1777889148.4663324,0.0,-8.0,-76.0
1777889148.4763324,4.0,-7.0,-80.0
1777889148.4863324,2.0,-10.0,-84.0
1777889148.4963324,6.0,-12.0,-78.0
1777889148.5063324,5.0,-12.0,-82.0
1777889148.5163324,4.0,-7.0,-85.0
1777889148.5263324,4.0,-6.0,-87.0
1777889148.5363324,5.0,-1.0,-90.0
1777889148.5463324,2.0,1.0,-84.0
1777889148.5563323,1.0,2.0,-74.0
1777889148.5663323,-3.0,0.0,-82.0
1777889148.5763323,0.0,-2.0,-87.0
1777889148.5863323,1.0,-5.0,-81.0
1777889148.5963323,5.0,-8.0,-78.0
1777889148.6063323,0.0,-7.0,-74.0
1777889148.6163323,-7.0,-5.0,-72.0
1777889148.6263323,-8.0,0.0,-75.0
1777889148.6363325,-5.0,2.0,-73.0
1777889148.6463325,-1.0,0.0,-68.0
1777889148.6563325,-1.0,-1.0,-69.0
1777889148.6663325,0.0,-4.0,-74.0
1777889148.6763325,2.0,-2.0,-77.0
1777889148.6863325,2.0,0.0,-79.0
1777889148.6963325,1.0,1.0,-75.0
1777889148.7063324,2.0,4.0,-78.0
1777889148.7163324,1.0,1.0,-83.0
1777889148.7263324,0.0,0.0,-87.0
1777889148.7363324,0.0,-2.0,-84.0
1777889148.7463324,0.0,-2.0,-87.0
1777889148.7563324,-3.0,-4.0,-83.0
1777889148.7663324,-1.0,-4.0,-79.0
1777889148.7763324,0.0,-1.0,-75.0
1777889148.7863324,-1.0,0.0,-75.0
1777889148.7963324,0.0,3.0,-77.0
1777889148.8063323,3.0,0.0,-84.0
1777889148.8163323,6.0,-1.0,-83.0
1777889148.8263323,2.0,-5.0,-80.0
1777889148.8363323,1.0,-8.0,-85.0
1777889148.8463323,-4.0,-4.0,-77.0
1777889148.8563323,-2.0,-3.0,-79.0
1777889148.8663323,1.0,-5.0,-81.0
1777889148.8763323,2.0,-3.0,-82.0
1777889148.8863325,1.0,0.0,-76.0
1777889148.8963325,1.0,-3.0,-66.0
1777889148.9063325,4.0,-4.0,-65.0
1777889148.9163325,10.0,-4.0,-65.0
1777889148.9263325,9.0,-5.0,-64.0
1777889148.9363325,2.0,-1.0,-64.0
1777889148.9463325,0.0,0.0,-64.0
1777889148.9563324,0.0,3.0,-68.0
1777889148.9663324,0.0,2.0,-74.0
1777889148.9763324,0.0,-5.0,-71.0
1777889148.9863324,0.0,-13.0,-77.0
1777889148.9963324,-1.0,-13.0,-71.0
1777889149.0063324,-1.0,-13.0,-78.0
1777889149.0163324,-1.0,-9.0,-80.0
1777889149.0263324,-4.0,-6.0,-85.0
1777889149.0363324,-3.0,-4.0,-85.0
1777889149.0463324,-2.0,-3.0,-81.0
1777889149.0563323,-1.0,0.0,-86.0
1777889149.0663323,-1.0,0.0,-78.0
1777889149.0763323,0.0,-2.0,-78.0
1777889149.0863323,0.0,-2.0,-72.0
1777889149.0963323,-1.0,-5.0,-74.0
1777889149.1063323,5.0,-3.0,-70.0
1777889149.1163323,3.0,-4.0,-72.0
1777889149.1263323,5.0,-1.0,-77.0
1777889149.1363325,6.0,-3.0,-79.0
1777889149.1463325,3.0,-5.0,-74.0
1777889149.1563325,0.0,-4.0,-66.0
1777889149.1663325,0.0,-4.0,-67.0
1777889149.1763325,3.0,-9.0,-73.0
1777889149.1863325,5.0,-6.0,-68.0
1777889149.1963325,3.0,-4.0,-66.0
1777889149.2063324,2.0,-5.0,-65.0
1777889149.2163324,-2.0,-4.0,-71.0
1777889149.2263324,-3.0,-7.0,-68.0
1777889149.2363324,-3.0,-5.0,-71.0
1777889149.2463324,-2.0,-3.0,-71.0
1777889149.2563324,-1.0,2.0,-74.0
1777889149.2663324,0.0,-1.0,-74.0
1777889149.2763324,1.0,-4.0,-76.0
1777889149.2863324,0.0,-7.0,-80.0
1777889149.2963324,-3.0,-7.0,-81.0
1777889149.3063323,-4.0,-9.0,-79.0
1777889149.3163323,-1.0,-14.0,-74.0
1777889149.3263323,2.0,-12.0,-77.0
1777889149.3363323,2.0,-11.0,-80.0
1777889149.3463323,0.0,-5.0,-79.0
1777889149.3563323,0.0,-8.0,-79.0
1777889149.3663323,1.0,-8.0,-83.0
1777889149.3763323,1.0,-6.0,-83.0
1777889149.3863325,1.0,-1.0,-80.0
1777889149.3963325,-2.0,-2.0,-80.0
1777889149.4063325,-5.0,-2.0,-80.0
1777889149.4163325,-4.0,-1.0,-82.0
1777889149.4263325,-1.0,1.0,-81.0
1777889149.4363325,-3.0,-2.0,-81.0
1777889149.4463325,0.0,0.0,-81.0
1777889149.4563324,1.0,-3.0,-75.0
1777889149.4663324,-1.0,-1.0,-70.0
1777889149.4763324,-1.0,-3.0,-77.0
1777889149.4863324,1.0,-5.0,-76.0
1777889149.4963324,3.0,-3.0,-73.0
1777889149.5063324,0.0,-5.0,-77.0
1777889149.5163324,-3.0,-4.0,-69.0
1777889149.5263324,0.0,0.0,-71.0
1777889149.5363324,0.0,0.0,-72.0
1777889149.5463324,-1.0,-5.0,-75.0
1777889149.5563323,-3.0,-6.0,-70.0
1777889149.5663323,-4.0,-2.0,-72.0
1777889149.5763323,-7.0,-5.0,-78.0
1777889149.5863323,-5.0,-3.0,-75.0
1777889149.5963323,-4.0,-1.0,-72.0
1777889149.6063323,-1.0,-3.0,-78.0
1777889149.6173325,0.0,-7.0,-81.0
1777889149.6263323,-1.0,-10.0,-79.0
1777889149.6373324,-5.0,-9.0,-81.0
1777889149.6473324,-4.0,-11.0,-79.0
1777889149.6563325,0.0,-10.0,-82.0
1777889149.6673324,-2.0,-8.0,-75.0
1777889149.6773324,-3.0,-8.0,-69.0
1777889149.6873324,0.0,-6.0,-66.0
1777889149.6973324,0.0,-8.0,-69.0
1777889149.7073324,-4.0,-5.0,-72.0
1777889149.7173324,1.0,-1.0,-74.0
1777889149.7273324,5.0,-6.0,-79.0
1777889149.7373323,7.0,-8.0,-79.0
1777889149.7473323,9.0,-7.0,-77.0
1777889149.7573323,6.0,-5.0,-73.0
1777889149.7673323,3.0,-5.0,-69.0
1777889149.7773323,0.0,-4.0,-76.0
1777889149.7873323,0.0,-5.0,-72.0
1777889149.7973323,-1.0,-4.0,-71.0
1777889149.8073325,-1.0,-4.0,-66.0
1777889149.8173325,1.0,-6.0,-64.0
1777889149.8273325,1.0,-6.0,-67.0
1777889149.8373325,-1.0,-9.0,-65.0
1777889149.8473325,-1.0,-7.0,-65.0
1777889149.8573325,-2.0,-1.0,-69.0
1777889149.8673325,-3.0,1.0,-72.0
1777889149.8773324,2.0,1.0,-74.0
1777889149.8873324,2.0,-3.0,-82.0
1777889149.8973324,1.0,0.0,-83.0
1777889149.9073324,4.0,0.0,-80.0
1777889149.9173324,6.0,0.0,-82.0
1777889149.9273324,2.0,-3.0,-77.0
1777889149.9373324,0.0,0.0,-76.0
1777889149.9473324,2.0,0.0,-74.0
1777889149.9573324,0.0,0.0,-82.0
1777889149.9673324,-1.0,0.0,-82.0
1777889149.9773324,1.0,0.0,-85.0
1777889149.9873323,-2.0,0.0,-82.0
1777889149.9973323,-7.0,3.0,-83.0
1777889150.0073323,-3.0,4.0,-78.0
1777889150.0173323,-1.0,6.0,-69.0
1777889150.0273323,-3.0,4.0,-69.0
1777889150.0373323,-4.0,4.0,-74.0
1777889150.0473323,-4.0,2.0,-78.0
1777889150.0573325,-2.0,0.0,-79.0
1777889150.0673325,1.0,4.0,-71.0
1777889150.0773325,3.0,0.0,-66.0
1777889150.0873325,2.0,-2.0,-62.0
1777889150.0973325,3.0,-2.0,-68.0
1777889150.1073325,0.0,0.0,-73.0
1777889150.1173325,-1.0,0.0,-73.0
1777889150.1273324,-2.0,0.0,-68.0
1777889150.1373324,0.0,2.0,-74.0
1777889150.1473324,0.0,-3.0,-74.0
1777889150.1573324,10.0,-2.0,-73.0
1777889150.1673324,12.0,-3.0,-76.0
1777889150.1773324,3.0,-3.0,-76.0
1777889150.1873324,-1.0,3.0,-72.0
1777889150.1973324,5.0,6.0,-72.0
1777889150.2073324,10.0,5.0,-72.0
1777889150.2173324,7.0,5.0,-72.0
1777889150.2273324,2.0,5.0,-74.0
1777889150.2373323,0.0,4.0,-76.0
1777889150.2473323,2.0,-1.0,-68.0
1777889150.2573323,2.0,-1.0,-60.0
1777889150.2673323,3.0,1.0,-63.0
1777889150.2773323,2.0,0.0,-70.0
1777889150.2873323,1.0,0.0,-72.0
1777889150.2973323,3.0,-1.0,-76.0
1777889150.3073325,5.0,-5.0,-79.0
1777889150.3173325,4.0,-4.0,-77.0
1777889150.3273325,5.0,-5.0,-76.0
1777889150.3373325,6.0,-6.0,-81.0
1777889150.3473325,4.0,-3.0,-81.0
1777889150.3573325,-3.0,-5.0,-81.0
1777889150.3673325,-3.0,-3.0,-76.0
1777889150.3773324,-2.0,-1.0,-73.0
1777889150.3873324,0.0,0.0,-76.0
1777889150.3973324,0.0,5.0,-74.0
1777889150.4073324,0.0,8.0,-78.0
1777889150.4173324,-1.0,11.0,-84.0
1777889150.4273324,-1.0,10.0,-87.0
1777889150.4373324,2.0,9.0,-87.0
1777889150.4473324,1.0,5.0,-79.0
1777889150.4573324,1.0,0.0,-82.0
1777889150.4673324,6.0,0.0,-78.0
1777889150.4773324,6.0,-2.0,-76.0
1777889150.4873323,8.0,-1.0,-81.0
1777889150.4973323,6.0,0.0,-81.0
1777889150.5073323,3.0,-1.0,-85.0
1777889150.5173323,-1.0,1.0,-86.0
1777889150.5273323,4.0,-2.0,-79.0
1777889150.5373323,3.0,0.0,-73.0
1777889150.5473323,4.0,2.0,-71.0
1777889150.5573325,4.0,1.0,-72.0
1777889150.5673325,5.0,-1.0,-70.0
1777889150.5773325,5.0,-3.0,-73.0
1777889150.5873325,6.0,-4.0,-72.0
1777889150.5973325,7.0,-11.0,-75.0
1777889150.6073325,6.0,-9.0,-73.0
1777889150.6173325,7.0,-5.0,-73.0
1777889150.6273324,3.0,0.0,-71.0
1777889150.6373324,6.0,1.0,-71.0
1777889150.6473324,2.0,1.0,-72.0
1777889150.6573324,-2.0,3.0,-75.0
1777889150.6673324,0.0,1.0,-76.0
1777889150.6773324,1.0,2.0,-75.0
1777889150.6873324,5.0,4.0,-83.0
1777889150.6973324,7.0,4.0,-90.0
1777889150.7073324,6.0,6.0,-91.0
1777889150.7173324,6.0,5.0,-84.0
1777889150.7273324,9.0,6.0,-81.0
1777889150.7373323,7.0,5.0,-83.0
1777889150.7473323,6.0,2.0,-79.0
1777889150.7573323,9.0,5.0,-80.0
1777889150.7673323,7.0,4.0,-82.0
1777889150.7773323,6.0,0.0,-75.0
1777889150.7873323,5.0,2.0,-77.0
1777889150.7973323,5.0,1.0,-79.0
1777889150.8073325,3.0,1.0,-79.0
1777889150.8173325,3.0,0.0,-80.0
1777889150.8273325,5.0,-1.0,-83.0
1777889150.8373325,8.0,1.0,-77.0
1777889150.8473325,5.0,3.0,-78.0
1777889150.8573325,7.0,4.0,-78.0
1777889150.8673325,3.0,3.0,-75.0
1777889150.8773324,2.0,0.0,-75.0
1777889150.8873324,4.0,-2.0,-79.0
1777889150.8973324,3.0,-6.0,-74.0
1777889150.9073324,0.0,-10.0,-70.0
1777889150.9173324,0.0,-9.0,-71.0
1777889150.9273324,-3.0,-8.0,-77.0
1777889150.9373324,-3.0,-5.0,-77.0
1777889150.9473324,-1.0,-5.0,-81.0
1777889150.9573324,-2.0,-1.0,-78.0
1777889150.9673324,-3.0,-2.0,-84.0
1777889150.9773324,-1.0,-2.0,-82.0
1777889150.9873323,-1.0,-7.0,-83.0
1777889150.9973323,2.0,-3.0,-78.0
1777889151.0073323,3.0,-3.0,-89.0
1777889151.0173323,1.0,-5.0,-82.0
1777889151.0273323,1.0,-8.0,-80.0
1777889151.0373323,0.0,-9.0,-77.0
1777889151.0473323,2.0,-9.0,-85.0
1777889151.0573325,6.0,-9.0,-81.0
1777889151.0673325,5.0,-4.0,-85.0
1777889151.0773325,0.0,0.0,-78.0
1777889151.0873325,-3.0,1.0,-74.0
1777889151.0983324,-2.0,2.0,-73.0
1777889151.1073325,-3.0,4.0,-80.0
1777889151.1173325,0.0,4.0,-78.0
1777889151.1273324,-3.0,0.0,-85.0
1777889151.1373324,-1.0,-2.0,-77.0
1777889151.1473324,-5.0,0.0,-73.0
1777889151.1573324,-4.0,1.0,-75.0
1777889151.1673324,-3.0,-3.0,-77.0
1777889151.1773324,0.0,-2.0,-81.0
1777889151.1873324,-5.0,-2.0,-82.0
1777889151.1973324,-2.0,-3.0,-85.0
1777889151.2073324,4.0,-4.0,-84.0
1777889151.2173324,5.0,-4.0,-81.0
1777889151.2273324,11.0,-4.0,-83.0
1777889151.2373323,10.0,-4.0,-81.0
1777889151.2473323,11.0,0.0,-83.0
1777889151.2573323,7.0,0.0,-80.0
1777889151.2673323,3.0,-3.0,-85.0
1777889151.2773323,2.0,-4.0,-82.0
1777889151.2873323,1.0,-2.0,-73.0
1777889151.2973323,-2.0,-6.0,-73.0
1777889151.3073325,-5.0,0.0,-75.0
1777889151.3173325,-2.0,-6.0,-71.0
1777889151.3273325,-3.0,-3.0,-71.0
1777889151.3373325,-4.0,-1.0,-72.0
1777889151.3473325,-4.0,-3.0,-77.0
1777889151.3573325,-3.0,-4.0,-84.0
1777889151.3673325,0.0,-1.0,-82.0
1777889151.3773324,1.0,-1.0,-80.0
1777889151.3873324,2.0,0.0,-79.0
1777889151.3973324,1.0,0.0,-67.0
1777889151.4073324,8.0,1.0,-64.0
1777889151.4173324,9.0,0.0,-64.0
1777889151.4273324,8.0,-1.0,-68.0
1777889151.4373324,7.0,-3.0,-66.0
1777889151.4473324,6.0,-2.0,-66.0
1777889151.4573324,8.0,-6.0,-59.0
1777889151.4673324,7.0,-6.0,-51.0
1777889151.4773324,7.0,-3.0,-58.0
1777889151.4873323,8.0,0.0,-56.0
1777889151.4973323,9.0,-2.0,-59.0
1777889151.5073323,8.0,-2.0,-62.0
1777889151.5173323,8.0,-5.0,-58.0
1777889151.5273323,7.0,-4.0,-62.0
1777889151.5373323,6.0,-3.0,-68.0
1777889151.5473323,1.0,-5.0,-70.0
1777889151.5573325,2.0,-7.0,-65.0
1777889151.5673325,0.0,-5.0,-70.0
1777889151.5773325,-1.0,-5.0,-68.0
1777889151.5873325,0.0,-4.0,-69.0
1777889151.5973325,-3.0,-2.0,-72.0
1777889151.6083324,0.0,0.0,-68.0
1777889151.6183324,0.0,-4.0,-74.0
1777889151.6283324,7.0,0.0,-75.0
1777889151.6383324,1.0,-3.0,-80.0
1777889151.6483324,0.0,0.0,-79.0
1777889151.6583323,1.0,-3.0,-71.0
1777889151.6683323,3.0,-1.0,-70.0
1777889151.6783323,5.0,-1.0,-75.0
1777889151.6883323,1.0,-3.0,-79.0
1777889151.6983323,2.0,-1.0,-78.0
1777889151.7083323,1.0,1.0,-76.0
1777889151.7183323,0.0,0.0,-77.0
1777889151.7283323,0.0,1.0,-72.0
1777889151.7383325,5.0,2.0,-72.0
1777889151.7483325,5.0,0.0,-77.0
1777889151.7583325,9.0,0.0,-77.0
1777889151.7683325,7.0,0.0,-77.0
1777889151.7783325,7.0,1.0,-75.0
1777889151.7883325,3.0,-1.0,-74.0
1777889151.7983325,1.0,-2.0,-72.0
1777889151.8083324,4.0,-2.0,-74.0
1777889151.8183324,1.0,1.0,-81.0
1777889151.8283324,-1.0,4.0,-85.0
1777889151.8383324,-1.0,3.0,-87.0
1777889151.8483324,0.0,0.0,-88.0
1777889151.8583324,3.0,-4.0,-86.0
1777889151.8683324,2.0,-9.0,-85.0
1777889151.8783324,1.0,-5.0,-90.0
1777889151.8883324,-2.0,-5.0,-87.0
1777889151.8983324,0.0,-4.0,-82.0
1777889151.9083323,1.0,-5.0,-77.0
1777889151.9183323,0.0,-3.0,-77.0
1777889151.9283323,1.0,0.0,-80.0
1777889151.9383323,-1.0,-5.0,-82.0
1777889151.9483323,-1.0,-3.0,-80.0
1777889151.9583323,-6.0,-4.0,-76.0
1777889151.9683323,-4.0,-2.0,-77.0
1777889151.9783323,-5.0,-2.0,-77.0
1777889151.9883325,-1.0,-3.0,-78.0
1777889151.9983325,0.0,-1.0,-74.0
1777889152.0083325,3.0,1.0,-72.0
1777889152.0183325,4.0,0.0,-78.0
1777889152.0283325,2.0,2.0,-85.0
1777889152.0383325,1.0,1.0,-75.0
1777889152.0483325,1.0,3.0,-72.0
1777889152.0583324,5.0,0.0,-73.0
1777889152.0683324,8.0,0.0,-65.0
1777889152.0783324,1.0,-7.0,-71.0
1777889152.0883324,1.0,-7.0,-71.0
1777889152.0983324,2.0,-7.0,-73.0
1777889152.1083324,3.0,0.0,-80.0
1777889152.1183324,-2.0,0.0,-87.0
1777889152.1283324,-5.0,2.0,-83.0
1777889152.1383324,-3.0,0.0,-85.0
1777889152.1483324,-1.0,0.0,-79.0
1777889152.1583323,4.0,0.0,-75.0
1777889152.1683323,3.0,-7.0,-84.0
1777889152.1783323,3.0,-9.0,-90.0
1777889152.1883323,3.0,-4.0,-82.0
1777889152.1983323,1.0,-7.0,-74.0
1777889152.2083323,1.0,-4.0,-65.0
1777889152.2183323,2.0,-2.0,-63.0
1777889152.2283323,-1.0,2.0,-62.0
1777889152.2383325,-2.0,2.0,-63.0
1777889152.2483325,-3.0,-1.0,-67.0
1777889152.2583325,-3.0,-3.0,-66.0
1777889152.2683325,-2.0,-4.0,-65.0
1777889152.2783325,1.0,-3.0,-67.0
1777889152.2883325,5.0,-2.0,-73.0
1777889152.2983325,9.0,-5.0,-79.0
1777889152.3083324,7.0,-2.0,-77.0
1777889152.3183324,5.0,-6.0,-73.0
1777889152.3283324,10.0,-9.0,-74.0
1777889152.3383324,5.0,-7.0,-73.0
1777889152.3483324,5.0,-3.0,-76.0
1777889152.3583324,7.0,-3.0,-77.0
1777889152.3683324,3.0,0.0,-77.0
1777889152.3783324,0.0,0.0,-80.0
1777889152.3883324,-1.0,-1.0,-76.0
1777889152.3983324,-2.0,-3.0,-76.0
1777889152.4083323,1.0,-2.0,-74.0
1777889152.4183323,0.0,-3.0,-81.0
1777889152.4283323,-3.0,-3.0,-74.0
1777889152.4383323,-5.0,0.0,-75.0
1777889152.4483323,1.0,0.0,-80.0
1777889152.4583323,1.0,6.0,-79.0
1777889152.4683323,0.0,5.0,-83.0
1777889152.4783323,-10.0,4.0,-88.0
1777889152.4883325,-4.0,5.0,-85.0
1777889152.4983325,2.0,6.0,-77.0
1777889152.5083325,2.0,3.0,-78.0
1777889152.5183325,2.0,4.0,-75.0
1777889152.5283325,3.0,1.0,-77.0
1777889152.5383325,1.0,-2.0,-79.0
1777889152.5483325,2.0,-4.0,-78.0
1777889152.5583324,1.0,-3.0,-76.0
1777889152.5683324,-2.0,-1.0,-71.0
1777889152.5783324,0.0,2.0,-73.0
1777889152.5883324,-2.0,1.0,-74.0
1777889152.5983324,-1.0,0.0,-79.0
1777889152.6083324,0.0,2.0,-68.0
1777889152.6183324,0.0,7.0,-68.0
1777889152.6283324,0.0,2.0,-63.0
1777889152.6383324,6.0,0.0,-70.0
1777889152.6483324,3.0,4.0,-70.0
1777889152.6583323,4.0,0.0,-77.0
1777889152.6683323,2.0,-3.0,-75.0
1777889152.6783323,3.0,-3.0,-76.0
1777889152.6883323,6.0,-1.0,-77.0
1777889152.6983323,8.0,0.0,-73.0
1777889152.7083323,10.0,-1.0,-74.0
1777889152.7183323,8.0,0.0,-75.0
1777889152.7283323,3.0,-1.0,-76.0
1777889152.7383325,4.0,-3.0,-80.0
1777889152.7483325,6.0,-6.0,-79.0
1777889152.7583325,9.0,-7.0,-79.0
1777889152.7683325,3.0,-6.0,-76.0
1777889152.7783325,-3.0,-3.0,-77.0
1777889152.7883325,-4.0,-7.0,-74.0
1777889152.7983325,-2.0,-8.0,-70.0
1777889152.8083324,-5.0,-2.0,-76.0
1777889152.8183324,-5.0,0.0,-75.0
1777889152.8283324,-5.0,0.0,-78.0
1777889152.8383324,-2.0,-2.0,-81.0
1777889152.8483324,-4.0,-3.0,-86.0
1777889152.8583324,-4.0,-3.0,-82.0
1777889152.8683324,0.0,-6.0,-77.0
1777889152.8783324,0.0,-5.0,-81.0
1777889152.8883324,4.0,-7.0,-82.0
1777889152.8983324,1.0,-5.0,-82.0
1777889152.9083323,-1.0,0.0,-79.0
1777889152.9183323,-2.0,0.0,-84.0
1777889152.9283323,2.0,-1.0,-77.0
1777889152.9383323,0.0,-3.0,-77.0
1777889152.9483323,4.0,-4.0,-76.0
1777889152.9583323,4.0,-8.0,-72.0
1777889152.9683323,1.0,-7.0,-79.0
1777889152.9783323,3.0,-6.0,-81.0
1777889152.9883325,3.0,-7.0,-75.0
1777889152.9983325,0.0,-5.0,-80.0
1777889153.0083325,6.0,-9.0,-75.0
1777889153.0183325,5.0,-7.0,-70.0
1777889153.0283325,5.0,-3.0,-68.0
1777889153.0383325,4.0,-4.0,-71.0
1777889153.0483325,4.0,-5.0,-73.0
1777889153.0583324,3.0,-2.0,-71.0
1777889153.0683324,1.0,1.0,-73.0
1777889153.0783324,0.0,0.0,-75.0
1777889153.0883324,-1.0,-2.0,-77.0
1777889153.0983324,3.0,0.0,-72.0
1777889153.1083324,2.0,2.0,-71.0
1777889153.1183324,1.0,1.0,-71.0
1777889153.1283324,2.0,-4.0,-76.0
1777889153.1383324,-4.0,-1.0,-77.0
1777889153.1483324,-7.0,-3.0,-77.0
1777889153.1583323,-2.0,-5.0,-86.0
1777889153.1683323,-5.0,-3.0,-93.0
1777889153.1783323,-3.0,0.0,-90.0
1777889153.1883323,0.0,-2.0,-93.0
1777889153.1983323,2.0,-4.0,-92.0
1777889153.2083323,2.0,-7.0,-86.0
1777889153.2183323,6.0,-7.0,-86.0
1777889153.2283323,5.0,-4.0,-89.0
1777889153.2383325,4.0,-3.0,-88.0
1777889153.2483325,6.0,-6.0,-84.0
1777889153.2583325,8.0,-5.0,-84.0
1777889153.2683325,1.0,-7.0,-83.0
1777889153.2783325,3.0,-5.0,-78.0
1777889153.2883325,5.0,-5.0,-78.0
1777889153.2983325,2.0,-4.0,-74.0
1777889153.3083324,0.0,-5.0,-73.0
1777889153.3183324,1.0,-4.0,-76.0
1777889153.3283324,2.0,-3.0,-73.0
1777889153.3383324,0.0,-3.0,-76.0
1777889153.3483324,1.0,-1.0,-78.0
1777889153.3583324,5.0,-2.0,-79.0
1777889153.3683324,0.0,-1.0,-81.0
1777889153.3783324,0.0,-1.0,-82.0
1777889153.3883324,-1.0,-1.0,-87.0
1777889153.3983324,0.0,-3.0,-87.0
1777889153.4083323,1.0,-3.0,-88.0
1777889153.4183323,-2.0,-6.0,-83.0
1777889153.4283323,0.0,-8.0,-78.0
1777889153.4383323,-4.0,-8.0,-76.0
1777889153.4483323,0.0,-4.0,-74.0
1777889153.4583323,0.0,-2.0,-76.0
1777889153.4683323,1.0,-6.0,-77.0
1777889153.4783323,-4.0,-9.0,-76.0
1777889153.4883325,-4.0,-9.0,-83.0
1777889153.4983325,-3.0,-10.0,-88.0
1777889153.5083325,-3.0,-11.0,-77.0
1777889153.5183325,-1.0,-4.0,-77.0
1777889153.5283325,0.0,0.0,-80.0
1777889153.5383325,-4.0,1.0,-80.0
1777889153.5493324,-1.0,0.0,-79.0
1777889153.5583324,-3.0,-4.0,-75.0
1777889153.5693324,-1.0,-4.0,-73.0
1777889153.5783324,3.0,-5.0,-74.0
1777889153.5893323,6.0,-6.0,-74.0
1777889153.5993323,6.0,-7.0,-75.0
1777889153.6093323,9.0,-4.0,-77.0
1777889153.6193323,10.0,-6.0,-78.0
1777889153.6293323,15.0,-3.0,-82.0
1777889153.6393323,15.0,-3.0,-87.0
1777889153.6493323,16.0,-2.0,-87.0
1777889153.6583323,16.0,-4.0,-87.0
1777889153.6693325,14.0,-2.0,-81.0
1777889153.6793325,10.0,-2.0,-85.0
1777889153.6893325,8.0,0.0,-78.0
1777889153.6993325,7.0,-1.0,-78.0
1777889153.7093325,6.0,-1.0,-78.0
1777889153.7193325,7.0,0.0,-80.0
1777889153.7293324,3.0,0.0,-85.0
1777889153.7393324,1.0,-3.0,-85.0
1777889153.7493324,0.0,-4.0,-83.0
1777889153.7593324,4.0,-4.0,-86.0
1777889153.7693324,2.0,-5.0,-82.0
1777889153.7793324,1.0,-7.0,-81.0
1777889153.7893324,6.0,-2.0,-77.0
1777889153.7993324,7.0,-2.0,-79.0
1777889153.8093324,5.0,0.0,-80.0
1777889153.8193324,1.0,2.0,-76.0
1777889153.8293324,3.0,2.0,-76.0
1777889153.8393323,4.0,0.0,-80.0
1777889153.8493323,4.0,-1.0,-74.0
1777889153.8593323,1.0,-5.0,-67.0
1777889153.8693323,6.0,-3.0,-78.0
1777889153.8793323,4.0,-7.0,-83.0
1777889153.8893323,7.0,-4.0,-89.0
1777889153.8993323,5.0,-7.0,-89.0
1777889153.9093325,3.0,-6.0,-84.0
1777889153.9193325,5.0,-4.0,-81.0
1777889153.9293325,5.0,-6.0,-76.0
1777889153.9393325,1.0,-7.0,-71.0
1777889153.9493325,0.0,-5.0,-75.0
1777889153.9593325,0.0,-3.0,-72.0
1777889153.9693325,-1.0,-9.0,-71.0
1777889153.9793324,-2.0,-10.0,-74.0
1777889153.9893324,-2.0,-8.0,-80.0
1777889153.9993324,-3.0,-1.0,-84.0
1777889154.0093324,-2.0,5.0,-82.0
1777889154.0193324,0.0,0.0,-75.0
1777889154.0293324,0.0,-2.0,-74.0
1777889154.0393324,2.0,-7.0,-64.0
1777889154.0493324,7.0,-7.0,-63.0
1777889154.0593324,2.0,-7.0,-67.0
1777889154.0693324,1.0,-2.0,-67.0
1777889154.0793324,-2.0,-1.0,-72.0
1777889154.0893323,1.0,0.0,-74.0
1777889154.0993323,5.0,-3.0,-70.0
1777889154.1093323,4.0,0.0,-70.0
1777889154.1193323,4.0,0.0,-69.0
1777889154.1293323,8.0,0.0,-70.0
1777889154.1393323,5.0,-3.0,-78.0
1777889154.1493323,2.0,-5.0,-72.0
1777889154.1593325,4.0,-6.0,-71.0
1777889154.1693325,8.0,-2.0,-71.0
1777889154.1793325,5.0,0.0,-72.0
1777889154.1893325,9.0,2.0,-71.0
1777889154.1993325,8.0,3.0,-73.0
1777889154.2093325,5.0,1.0,-79.0
1777889154.2193325,8.0,-2.0,-74.0
1777889154.2293324,10.0,1.0,-68.0
1777889154.2393324,6.0,-5.0,-63.0
1777889154.2493324,5.0,-4.0,-61.0
1777889154.2593324,1.0,-6.0,-68.0
1777889154.2693324,-2.0,-6.0,-75.0
1777889154.2793324,1.0,-1.0,-75.0
1777889154.2893324,7.0,3.0,-81.0
1777889154.2993324,5.0,4.0,-83.0
1777889154.3093324,2.0,2.0,-86.0
1777889154.3193324,4.0,4.0,-78.0
1777889154.3293324,8.0,3.0,-73.0
1777889154.3393323,6.0,4.0,-71.0
1777889154.3493323,2.0,0.0,-74.0
1777889154.3593323,5.0,-4.0,-76.0
1777889154.3693323,1.0,-6.0,-81.0
1777889154.3793323,1.0,-5.0,-90.0
1777889154.3893323,0.0,-5.0,-87.0
1777889154.3993323,3.0,-5.0,-88.0
1777889154.4093325,2.0,-1.0,-90.0
1777889154.4193325,2.0,-1.0,-90.0
1777889154.4293325,4.0,-1.0,-89.0
1777889154.4393325,5.0,0.0,-85.0
1777889154.4493325,2.0,0.0,-79.0
1777889154.4593325,6.0,1.0,-78.0
1777889154.4693325,6.0,0.0,-77.0
1777889154.4793324,4.0,-2.0,-78.0
1777889154.4893324,2.0,-4.0,-77.0
1777889154.4993324,3.0,-4.0,-74.0
1777889154.5093324,3.0,0.0,-77.0
1777889154.5193324,1.0,0.0,-77.0
1777889154.5293324,2.0,1.0,-78.0
1777889154.5393324,1.0,2.0,-76.0
1777889154.5493324,-2.0,0.0,-78.0
1777889154.5593324,-6.0,2.0,-78.0
1777889154.5693324,-7.0,4.0,-77.0
1777889154.5793324,-10.0,1.0,-85.0
1777889154.5893323,-10.0,0.0,-87.0
1777889154.5993323,-7.0,-1.0,-83.0
1777889154.6093323,0.0,2.0,-82.0
1777889154.6193323,3.0,2.0,-81.0
1777889154.6293323,8.0,0.0,-82.0
1777889154.6393323,8.0,0.0,-85.0
1777889154.6493323,9.0,-2.0,-82.0
1777889154.6593325,14.0,-2.0,-83.0
1777889154.6693325,13.0,-2.0,-80.0
1777889154.6793325,9.0,0.0,-77.0
1777889154.6893325,9.0,-5.0,-82.0
1777889154.6993325,3.0,-3.0,-80.0
1777889154.7093325,3.0,1.0,-82.0
1777889154.7193325,0.0,-3.0,-88.0
1777889154.7293324,-3.0,-6.0,-81.0
1777889154.7393324,-3.0,-3.0,-77.0
1777889154.7493324,0.0,-2.0,-81.0
1777889154.7593324,3.0,-4.0,-81.0
1777889154.7693324,-1.0,-4.0,-82.0
1777889154.7793324,0.0,-5.0,-84.0
1777889154.7893324,0.0,-4.0,-74.0
1777889154.7993324,3.0,-1.0,-74.0
1777889154.8093324,2.0,-1.0,-70.0
1777889154.8193324,5.0,0.0,-76.0
1777889154.8293324,8.0,-1.0,-70.0
1777889154.8393323,7.0,-4.0,-73.0
1777889154.8493323,5.0,-6.0,-71.0
1777889154.8593323,6.0,-2.0,-73.0
1777889154.8693323,7.0,0.0,-77.0
1777889154.8793323,7.0,-3.0,-74.0
1777889154.8893323,6.0,-8.0,-79.0
1777889154.8993323,6.0,-10.0,-74.0
1777889154.9093325,1.0,-6.0,-70.0
1777889154.9193325,3.0,-3.0,-70.0
1777889154.9293325,0.0,-1.0,-77.0
1777889154.9393325,0.0,0.0,-78.0
1777889154.9493325,-1.0,0.0,-78.0
1777889154.9593325,0.0,-4.0,-83.0
1777889154.9693325,0.0,-4.0,-79.0
1777889154.9793324,0.0,-7.0,-81.0
1777889154.9893324,-1.0,-5.0,-85.0
1777889154.9993324,-9.0,-3.0,-79.0
1777889155.0093324,-10.0,1.0,-79.0
1777889155.0193324,-10.0,3.0,-77.0
1777889155.0293324,-2.0,4.0,-79.0
1777889155.0393324,1.0,1.0,-79.0
1777889155.0493324,4.0,2.0,-79.0
1777889155.0593324,3.0,2.0,-80.0
1777889155.0693324,3.0,3.0,-79.0
1777889155.0793324,7.0,5.0,-82.0
1777889155.0893323,6.0,4.0,-83.0
1777889155.0993323,4.0,5.0,-78.0
1777889155.1093323,6.0,7.0,-78.0
1777889155.1193323,6.0,8.0,-81.0
1777889155.1293323,1.0,9.0,-79.0
1777889155.1393323,0.0,5.0,-76.0
1777889155.1493323,4.0,8.0,-71.0
1777889155.1593325,7.0,7.0,-72.0
1777889155.1693325,1.0,4.0,-70.0
1777889155.1793325,1.0,-1.0,-68.0
1777889155.1893325,4.0,0.0,-72.0
1777889155.1993325,5.0,0.0,-76.0
1777889155.2093325,4.0,-3.0,-78.0
1777889155.2193325,9.0,-1.0,-79.0
1777889155.2293324,8.0,2.0,-79.0
1777889155.2393324,11.0,3.0,-75.0
1777889155.2493324,14.0,1.0,-75.0
1777889155.2593324,9.0,1.0,-74.0
1777889155.2693324,9.0,2.0,-78.0
1777889155.2793324,5.0,5.0,-68.0
1777889155.2893324,3.0,6.0,-67.0
1777889155.2993324,3.0,1.0,-69.0
1777889155.3093324,-2.0,5.0,-70.0
1777889155.3193324,-3.0,1.0,-74.0
1777889155.3293324,-3.0,0.0,-80.0
1777889155.3393323,-4.0,0.0,-84.0
1777889155.3493323,-5.0,-1.0,-91.0
1777889155.3593323,-8.0,-2.0,-88.0
1777889155.3693323,-7.0,-5.0,-85.0
1777889155.3793323,-10.0,-4.0,-81.0
1777889155.3893323,-12.0,-5.0,-84.0
1777889155.3993323,-10.0,-4.0,-89.0
1777889155.4093325,-4.0,-7.0,-85.0
1777889155.4193325,1.0,-5.0,-76.0
1777889155.4293325,1.0,-2.0,-74.0
1777889155.4393325,4.0,1.0,-78.0
1777889155.4493325,7.0,3.0,-75.0
1777889155.4593325,8.0,4.0,-73.0
1777889155.4693325,10.0,6.0,-77.0
1777889155.4793324,11.0,7.0,-70.0
1777889155.4893324,12.0,6.0,-68.0
1777889155.4993324,8.0,2.0,-67.0
1777889155.5093324,4.0,4.0,-66.0
1777889155.5193324,10.0,5.0,-66.0
1777889155.5293324,10.0,1.0,-71.0
1777889155.5393324,5.0,-1.0,-71.0
1777889155.5493324,7.0,-3.0,-64.0
1777889155.5593324,6.0,-1.0,-69.0
1777889155.5703323,5.0,-3.0,-71.0
1777889155.5803325,0.0,-7.0,-74.0
1777889155.5893323,2.0,-8.0,-79.0
1777889155.5993323,-1.0,-6.0,-81.0
1777889155.6103325,2.0,-3.0,-80.0
1777889155.6203325,0.0,-4.0,-83.0
1777889155.6303325,6.0,-3.0,-82.0
1777889155.6403325,2.0,0.0,-87.0
1777889155.6503325,4.0,0.0,-90.0
1777889155.6603324,5.0,1.0,-88.0
1777889155.6703324,1.0,-1.0,-83.0
1777889155.6803324,-1.0,-1.0,-80.0
1777889155.6903324,-1.0,-1.0,-84.0
1777889155.7003324,-4.0,0.0,-86.0
1777889155.7103324,0.0,-1.0,-85.0
1777889155.7203324,1.0,-2.0,-78.0
1777889155.7303324,0.0,0.0,-77.0
1777889155.7403324,1.0,2.0,-83.0
1777889155.7503324,0.0,3.0,-79.0
1777889155.7603323,0.0,2.0,-71.0
1777889155.7703323,2.0,2.0,-74.0
1777889155.7803323,6.0,-4.0,-78.0
1777889155.7903323,3.0,0.0,-79.0
1777889155.8003323,7.0,-2.0,-76.0
1777889155.8103323,8.0,-1.0,-76.0
1777889155.8203323,2.0,-4.0,-76.0
1777889155.8303325,2.0,0.0,-71.0
1777889155.8403325,3.0,0.0,-69.0
1777889155.8503325,0.0,-4.0,-72.0
1777889155.8603325,1.0,-5.0,-74.0
1777889155.8703325,3.0,-3.0,-80.0
1777889155.8803325,4.0,1.0,-72.0
1777889155.8903325,1.0,1.0,-75.0
1777889155.9003325,3.0,4.0,-76.0
1777889155.9103324,4.0,3.0,-73.0
1777889155.9203324,3.0,3.0,-76.0
1777889155.9303324,9.0,0.0,-73.0
1777889155.9403324,13.0,3.0,-74.0
1777889155.9503324,12.0,0.0,-77.0
1777889155.9603324,9.0,-1.0,-78.0
1777889155.9703324,5.0,-2.0,-85.0
1777889155.9803324,5.0,-5.0,-85.0
1777889155.9903324,3.0,-3.0,-82.0
1777889156.0003324,2.0,-1.0,-75.0
1777889156.0103323,3.0,-6.0,-64.0
1777889156.0203323,1.0,-4.0,-60.0
1777889156.0303323,0.0,-4.0,-66.0
1777889156.0403323,0.0,-4.0,-67.0
1777889156.0503323,1.0,0.0,-65.0
1777889156.0603323,2.0,1.0,-70.0
1777889156.0703323,3.0,0.0,-66.0
1777889156.0803325,3.0,-1.0,-74.0
1777889156.0903325,3.0,-6.0,-76.0
1777889156.1003325,2.0,-6.0,-75.0
1777889156.1103325,0.0,-7.0,-75.0
1777889156.1203325,2.0,-5.0,-75.0
1777889156.1303325,5.0,-5.0,-74.0
1777889156.1403325,5.0,-6.0,-76.0
1777889156.1503325,3.0,-6.0,-74.0
1777889156.1603324,0.0,-5.0,-76.0
1777889156.1703324,-2.0,-7.0,-66.0
1777889156.1803324,-2.0,-8.0,-61.0
1777889156.1903324,0.0,-7.0,-63.0
1777889156.2003324,-1.0,-6.0,-74.0
1777889156.2103324,0.0,-8.0,-75.0
1777889156.2203324,-1.0,-9.0,-84.0
1777889156.2303324,4.0,-7.0,-82.0
1777889156.2403324,4.0,-2.0,-79.0
1777889156.2503324,2.0,-2.0,-70.0
1777889156.2603323,0.0,-3.0,-66.0
1777889156.2703323,-1.0,1.0,-71.0
1777889156.2803323,3.0,2.0,-78.0
1777889156.2903323,10.0,1.0,-81.0
1777889156.3003323,2.0,2.0,-84.0
1777889156.3103323,1.0,0.0,-84.0
1777889156.3203323,-2.0,-2.0,-85.0
1777889156.3303325,1.0,-1.0,-82.0
1777889156.3403325,2.0,-1.0,-81.0
1777889156.3503325,-2.0,-6.0,-79.0
1777889156.3603325,-6.0,-1.0,-86.0
1777889156.3703325,-6.0,-2.0,-84.0
1777889156.3803325,-3.0,1.0,-87.0
1777889156.3903325,1.0,1.0,-88.0
1777889156.4003325,0.0,1.0,-88.0
1777889156.4103324,-1.0,1.0,-85.0
1777889156.4203324,-3.0,4.0,-80.0
1777889156.4303324,0.0,3.0,-75.0
1777889156.4403324,-2.0,-1.0,-73.0
1777889156.4503324,0.0,0.0,-74.0
1777889156.4603324,0.0,0.0,-71.0
1777889156.4703324,0.0,-2.0,-71.0
1777889156.4803324,0.0,-3.0,-74.0
1777889156.4903324,0.0,0.0,-80.0
1777889156.5003324,-1.0,3.0,-86.0
1777889156.5103323,-3.0,4.0,-86.0
1777889156.5203323,-6.0,4.0,-89.0
1777889156.5303323,-3.0,1.0,-84.0
1777889156.5403323,-3.0,0.0,-82.0
1777889156.5503323,-4.0,-3.0,-78.0
1777889156.5603323,-4.0,-6.0,-75.0
1777889156.5703323,-4.0,-5.0,-78.0
1777889156.5803325,-1.0,-2.0,-74.0
1777889156.5903325,0.0,1.0,-74.0
1777889156.6003325,1.0,0.0,-76.0
1777889156.6103325,0.0,-4.0,-75.0
1777889156.6203325,-4.0,-7.0,-70.0
1777889156.6303325,-8.0,-8.0,-69.0
1777889156.6403325,-1.0,-6.0,-70.0
1777889156.6503325,-7.0,-2.0,-71.0
1777889156.6603324,-7.0,-2.0,-74.0
1777889156.6703324,-3.0,-2.0,-75.0
1777889156.6803324,-3.0,-3.0,-73.0
1777889156.6903324,-5.0,0.0,-71.0
1777889156.7003324,-2.0,-1.0,-67.0
1777889156.7103324,1.0,-1.0,-58.0
1777889156.7203324,0.0,-1.0,-67.0
1777889156.7303324,-6.0,-4.0,-60.0
1777889156.7403324,-8.0,-3.0,-59.0
1777889156.7503324,-8.0,-3.0,-54.0
1777889156.7603323,-5.0,-2.0,-65.0
1777889156.7703323,-2.0,-5.0,-68.0
1777889156.7803323,-5.0,-3.0,-69.0
1777889156.7903323,-6.0,-1.0,-78.0
1777889156.8003323,-9.0,-2.0,-80.0
1777889156.8103323,-10.0,-1.0,-79.0
1777889156.8203323,-9.0,-5.0,-77.0
1777889156.8303325,-4.0,0.0,-71.0
1777889156.8403325,-3.0,-3.0,-72.0
1777889156.8503325,-3.0,-3.0,-73.0
1777889156.8603325,-4.0,-4.0,-76.0
1777889156.8703325,-4.0,-4.0,-77.0
1777889156.8803325,-5.0,-2.0,-75.0
1777889156.8903325,-8.0,-8.0,-74.0
1777889156.9003325,-6.0,-7.0,-76.0
1777889156.9103324,-8.0,-7.0,-80.0
1777889156.9203324,-5.0,-6.0,-80.0
1777889156.9303324,-1.0,-4.0,-81.0
1777889156.9403324,4.0,-3.0,-84.0
1777889156.9503324,3.0,-2.0,-79.0
1777889156.9603324,0.0,-3.0,-83.0
1777889156.9703324,0.0,-3.0,-81.0
1777889156.9803324,-3.0,-4.0,-85.0
1777889156.9903324,0.0,-3.0,-86.0
1777889157.0003324,1.0,-2.0,-82.0
1777889157.0103323,-2.0,-3.0,-83.0
1777889157.0203323,-5.0,-7.0,-79.0
1777889157.0303323,-3.0,-3.0,-77.0
1777889157.0403323,1.0,0.0,-81.0
1777889157.0503323,0.0,0.0,-80.0
1777889157.0603323,2.0,0.0,-84.0
1777889157.0703323,0.0,2.0,-87.0
1777889157.0803325,-1.0,7.0,-93.0
1777889157.0903325,1.0,2.0,-94.0
1777889157.1003325,3.0,6.0,-85.0
1777889157.1103325,5.0,4.0,-78.0
1777889157.1203325,4.0,2.0,-76.0
1777889157.1303325,1.0,5.0,-77.0
1777889157.1403325,0.0,2.0,-80.0
1777889157.1503325,0.0,-1.0,-80.0
1777889157.1603324,4.0,1.0,-77.0
1777889157.1703324,2.0,3.0,-78.0
1777889157.1803324,0.0,4.0,-77.0
1777889157.1903324,0.0,2.0,-88.0
1777889157.2013323,-4.0,1.0,-85.0
1777889157.2103324,0.0,2.0,-84.0
1777889157.2203324,5.0,3.0,-80.0
1777889157.2303324,5.0,0.0,-73.0
1777889157.2403324,1.0,1.0,-72.0
1777889157.2503324,-2.0,0.0,-69.0
1777889157.2603323,-5.0,-1.0,-67.0
1777889157.2703323,-6.0,-2.0,-64.0
1777889157.2803323,-3.0,-1.0,-58.0
1777889157.2903323,-1.0,2.0,-65.0
1777889157.3003323,0.0,3.0,-74.0
1777889157.3103323,-1.0,-2.0,-80.0
1777889157.3203323,0.0,-4.0,-83.0
1777889157.3303325,0.0,-2.0,-79.0
1777889157.3403325,0.0,0.0,-73.0
1777889157.3503325,-1.0,-1.0,-77.0
1777889157.3603325,-3.0,-3.0,-77.0
1777889157.3703325,-2.0,-2.0,-75.0
1777889157.3803325,-4.0,-6.0,-70.0
1777889157.3903325,-3.0,-7.0,-67.0
1777889157.4003325,-2.0,-5.0,-68.0
1777889157.4103324,0.0,-2.0,-68.0
1777889157.4203324,0.0,-6.0,-66.0
1777889157.4303324,0.0,-7.0,-63.0
1777889157.4403324,1.0,-2.0,-77.0
1777889157.4503324,0.0,1.0,-72.0
1777889157.4603324,0.0,5.0,-70.0
1777889157.4703324,0.0,7.0,-78.0
1777889157.4803324,-4.0,8.0,-86.0
1777889157.4903324,-1.0,3.0,-83.0
1777889157.5003324,3.0,2.0,-87.0
1777889157.5103323,0.0,0.0,-85.0
1777889157.5203323,2.0,2.0,-83.0
1777889157.5303323,5.0,0.0,-80.0
1777889157.5403323,8.0,-1.0,-80.0
1777889157.5513325,7.0,-1.0,-75.0
1777889157.5603323,7.0,-3.0,-73.0
1777889157.5713325,3.0,-3.0,-71.0
1777889157.5813324,3.0,-2.0,-70.0
1777889157.5913324,1.0,-5.0,-68.0
1777889157.6013324,-1.0,-2.0,-69.0
1777889157.6113324,1.0,-2.0,-66.0
1777889157.6213324,5.0,-2.0,-64.0
1777889157.6313324,8.0,-2.0,-66.0
1777889157.6413324,8.0,0.0,-68.0
1777889157.6513324,6.0,-1.0,-67.0
1777889157.6613324,2.0,0.0,-72.0
1777889157.6713324,3.0,0.0,-72.0
1777889157.6813323,3.0,3.0,-78.0
1777889157.6913323,2.0,1.0,-80.0
1777889157.7013323,6.0,2.0,-79.0
1777889157.7113323,4.0,3.0,-80.0
1777889157.7213323,3.0,4.0,-80.0
1777889157.7313323,-1.0,1.0,-80.0
1777889157.7413323,-2.0,4.0,-80.0
1777889157.7513323,-4.0,4.0,-74.0
1777889157.7613325,1.0,6.0,-73.0
1777889157.7713325,0.0,2.0,-71.0
1777889157.7813325,1.0,3.0,-63.0
1777889157.7913325,3.0,3.0,-64.0
1777889157.8013325,5.0,0.0,-63.0
1777889157.8113325,10.0,1.0,-62.0
1777889157.8213325,9.0,3.0,-60.0
1777889157.8313324,3.0,4.0,-68.0
1777889157.8413324,1.0,3.0,-73.0
1777889157.8513324,-2.0,0.0,-80.0
1777889157.8613324,0.0,0.0,-77.0
1777889157.8713324,5.0,2.0,-75.0
1777889157.8813324,5.0,2.0,-63.0
1777889157.8913324,7.0,0.0,-66.0
1777889157.9013324,12.0,-2.0,-68.0
1777889157.9113324,10.0,0.0,-66.0
1777889157.9213324,7.0,0.0,-66.0
1777889157.9313323,4.0,-1.0,-58.0
1777889157.9413323,6.0,-2.0,-61.0
1777889157.9513323,2.0,-6.0,-74.0
1777889157.9613323,0.0,-6.0,-82.0
1777889157.9713323,0.0,-5.0,-82.0
1777889157.9813323,-1.0,-5.0,-81.0
1777889157.9913323,0.0,-3.0,-77.0
1777889158.0013323,0.0,0.0,-77.0
1777889158.0113325,2.0,4.0,-77.0
1777889158.0213325,0.0,8.0,-77.0
1777889158.0313325,0.0,4.0,-77.0
1777889158.0413325,2.0,6.0,-74.0
1777889158.0513325,-1.0,2.0,-73.0
1777889158.0613325,-2.0,4.0,-74.0
1777889158.0713325,-4.0,2.0,-75.0
1777889158.0813324,-3.0,2.0,-71.0
1777889158.0913324,0.0,3.0,-70.0
1777889158.1013324,-4.0,1.0,-72.0
1777889158.1113324,-5.0,-2.0,-77.0
1777889158.1213324,-4.0,-4.0,-76.0
1777889158.1313324,-5.0,-1.0,-67.0
1777889158.1413324,-6.0,5.0,-65.0
1777889158.1513324,-2.0,8.0,-75.0
1777889158.1613324,-2.0,2.0,-76.0
1777889158.1713324,3.0,0.0,-75.0
1777889158.1813323,3.0,-1.0,-74.0
1777889158.1913323,4.0,-3.0,-78.0
1777889158.2013323,-2.0,0.0,-77.0
1777889158.2113323,-1.0,-2.0,-71.0
1777889158.2213323,-5.0,-3.0,-76.0
1777889158.2313323,-2.0,-4.0,-80.0
1777889158.2413323,0.0,0.0,-82.0
1777889158.2513323,1.0,2.0,-79.0
1777889158.2613325,-3.0,0.0,-77.0
1777889158.2713325,3.0,-1.0,-77.0
1777889158.2813325,2.0,-1.0,-84.0
1777889158.2913325,4.0,0.0,-79.0
1777889158.3013325,1.0,0.0,-78.0
1777889158.3113325,-1.0,0.0,-71.0
1777889158.3213325,0.0,0.0,-77.0
1777889158.3313324,1.0,-1.0,-81.0
1777889158.3413324,4.0,-1.0,-81.0
1777889158.3513324,6.0,-5.0,-80.0
1777889158.3613324,3.0,-4.0,-78.0
1777889158.3713324,2.0,-2.0,-70.0
1777889158.3813324,0.0,1.0,-64.0
1777889158.3913324,-2.0,-1.0,-64.0
1777889158.4013324,0.0,-2.0,-65.0
1777889158.4113324,2.0,-6.0,-71.0
1777889158.4213324,5.0,-5.0,-76.0
1777889158.4313323,0.0,-2.0,-77.0
1777889158.4413323,0.0,0.0,-80.0
1777889158.4513323,-3.0,-3.0,-74.0
1777889158.4613323,-4.0,-7.0,-78.0
1777889158.4713323,-3.0,-9.0,-79.0
1777889158.4813323,-7.0,-7.0,-79.0
1777889158.4913323,-7.0,-8.0,-77.0
1777889158.5013323,-4.0,-6.0,-82.0
1777889158.5113325,-5.0,-7.0,-82.0
1777889158.5213325,-1.0,-5.0,-86.0
1777889158.5313325,-3.0,0.0,-87.0
1777889158.5413325,-2.0,0.0,-80.0
1777889158.5513325,0.0,0.0,-74.0
1777889158.5613325,0.0,-2.0,-78.0
1777889158.5713325,1.0,2.0,-79.0
1777889158.5813324,1.0,1.0,-78.0
1777889158.5913324,-5.0,0.0,-81.0
1777889158.6013324,-5.0,0.0,-79.0
1777889158.6113324,-3.0,-1.0,-71.0
1777889158.6213324,0.0,-1.0,-71.0
1777889158.6313324,-1.0,-1.0,-74.0
1777889158.6413324,-3.0,1.0,-77.0
1777889158.6513324,-3.0,2.0,-72.0
1777889158.6613324,-2.0,0.0,-72.0
1777889158.6713324,1.0,0.0,-75.0
1777889158.6813323,0.0,4.0,-68.0
1777889158.6913323,1.0,4.0,-80.0
1777889158.7013323,0.0,3.0,-78.0
1777889158.7113323,0.0,0.0,-75.0
1777889158.7213323,2.0,1.0,-64.0
1777889158.7313323,-2.0,1.0,-62.0
1777889158.7413323,-3.0,1.0,-62.0
1777889158.7523324,0.0,0.0,-63.0
1777889158.7613325,-3.0,0.0,-69.0
1777889158.7713325,-6.0,0.0,-73.0
1777889158.7813325,-5.0,0.0,-68.0
1777889158.7913325,-6.0,1.0,-67.0
1777889158.8013325,-5.0,4.0,-69.0
1777889158.8113325,-2.0,7.0,-71.0
1777889158.8213325,-5.0,11.0,-67.0
1777889158.8313324,-6.0,10.0,-67.0
1777889158.8413324,-2.0,11.0,-69.0
1777889158.8513324,-2.0,10.0,-73.0
1777889158.8613324,0.0,4.0,-73.0
1777889158.8713324,0.0,2.0,-73.0
1777889158.8813324,0.0,1.0,-68.0
1777889158.8913324,1.0,4.0,-67.0
1777889158.9013324,0.0,3.0,-67.0
1777889158.9113324,-3.0,1.0,-69.0
1777889158.9213324,-3.0,2.0,-69.0
1777889158.9313323,-6.0,1.0,-72.0
1777889158.9413323,-1.0,0.0,-73.0
1777889158.9513323,-1.0,-1.0,-68.0
1777889158.9613323,0.0,0.0,-67.0
1777889158.9713323,2.0,0.0,-69.0
1777889158.9813323,3.0,1.0,-71.0
1777889158.9913323,0.0,0.0,-77.0
1777889159.0013323,-3.0,2.0,-81.0
1777889159.0113325,0.0,-2.0,-72.0
1777889159.0213325,2.0,-4.0,-82.0
1777889159.0313325,1.0,-1.0,-88.0
1777889159.0413325,2.0,-4.0,-84.0
1777889159.0513325,4.0,-5.0,-82.0
1777889159.0613325,3.0,0.0,-76.0
1777889159.0713325,4.0,-1.0,-69.0
1777889159.0813324,1.0,-1.0,-74.0
1777889159.0913324,4.0,-1.0,-78.0
1777889159.1013324,2.0,-2.0,-83.0
1777889159.1113324,1.0,-1.0,-81.0
1777889159.1213324,4.0,-3.0,-82.0
1777889159.1313324,4.0,-6.0,-83.0
1777889159.1413324,4.0,-2.0,-84.0
1777889159.1513324,0.0,-2.0,-82.0
1777889159.1613324,2.0,-2.0,-76.0
1777889159.1713324,-1.0,-2.0,-73.0
1777889159.1813323,0.0,0.0,-75.0
1777889159.1913323,-1.0,4.0,-78.0
1777889159.2013323,0.0,4.0,-77.0
1777889159.2113323,0.0,5.0,-80.0
1777889159.2213323,0.0,5.0,-81.0
1777889159.2313323,-1.0,4.0,-74.0
1777889159.2413323,1.0,8.0,-72.0
1777889159.2513323,0.0,9.0,-72.0
1777889159.2613325,3.0,5.0,-72.0
1777889159.2713325,7.0,4.0,-70.0
1777889159.2813325,6.0,6.0,-68.0
1777889159.2913325,4.0,3.0,-64.0
1777889159.3013325,1.0,1.0,-65.0
1777889159.3113325,0.0,3.0,-68.0
1777889159.3213325,1.0,6.0,-63.0
1777889159.3313324,5.0,3.0,-63.0
1777889159.3413324,5.0,4.0,-65.0
1777889159.3513324,4.0,2.0,-71.0
1777889159.3613324,3.0,0.0,-79.0
1777889159.3713324,2.0,0.0,-79.0
1777889159.3813324,6.0,-3.0,-78.0
1777889159.3913324,4.0,-1.0,-80.0
1777889159.4013324,1.0,-2.0,-80.0
1777889159.4113324,1.0,-2.0,-73.0
1777889159.4213324,3.0,0.0,-71.0
1777889159.4313323,1.0,-2.0,-78.0
1777889159.4413323,-4.0,0.0,-80.0
1777889159.4513323,-8.0,-1.0,-80.0
1777889159.4613323,-2.0,-4.0,-81.0
1777889159.4713323,-1.0,0.0,-81.0
1777889159.4813323,-5.0,-3.0,-90.0
1777889159.4913323,0.0,-4.0,-87.0
1777889159.5013323,1.0,-3.0,-88.0
1777889159.5113325,0.0,-6.0,-93.0
1777889159.5213325,-1.0,-3.0,-90.0
1777889159.5323324,-2.0,-3.0,-81.0
1777889159.5423324,-1.0,-1.0,-85.0
1777889159.5513325,0.0,4.0,-85.0
1777889159.5613325,1.0,6.0,-82.0
1777889159.5723324,0.0,6.0,-83.0
1777889159.5823324,-2.0,7.0,-86.0
1777889159.5923324,-4.0,6.0,-93.0
1777889159.6023324,0.0,5.0,-88.0
1777889159.6123323,4.0,1.0,-96.0
1777889159.6223323,1.0,0.0,-92.0
1777889159.6323323,5.0,2.0,-87.0
1777889159.6423323,5.0,2.0,-82.0
1777889159.6523323,10.0,3.0,-83.0
1777889159.6623323,9.0,5.0,-81.0
1777889159.6723323,6.0,6.0,-74.0
1777889159.6823325,5.0,4.0,-78.0
1777889159.6923325,5.0,0.0,-78.0
1777889159.7023325,5.0,1.0,-75.0
1777889159.7123325,5.0,0.0,-72.0
1777889159.7223325,0.0,0.0,-76.0
1777889159.7323325,-3.0,0.0,-73.0
1777889159.7423325,-6.0,0.0,-74.0
1777889159.7523324,0.0,2.0,-74.0
1777889159.7623324,1.0,1.0,-72.0
1777889159.7723324,-1.0,0.0,-71.0
1777889159.7823324,-1.0,1.0,-73.0
1777889159.7923324,-2.0,-1.0,-78.0
1777889159.8023324,-6.0,-1.0,-73.0
1777889159.8123324,-8.0,-2.0,-74.0
1777889159.8223324,-2.0,0.0,-75.0
1777889159.8323324,-2.0,2.0,-75.0
1777889159.8423324,-2.0,-2.0,-74.0
1777889159.8523324,1.0,-2.0,-74.0
1777889159.8623323,4.0,-1.0,-72.0
1777889159.8723323,0.0,1.0,-71.0
1777889159.8823323,-1.0,-1.0,-68.0
1777889159.8923323,3.0,-6.0,-63.0
1777889159.9023323,0.0,-6.0,-60.0
1777889159.9123323,0.0,-5.0,-61.0
1777889159.9223323,1.0,-7.0,-66.0
1777889159.9323325,-1.0,-6.0,-73.0
1777889159.9423325,-2.0,-5.0,-76.0
1777889159.9523325,-2.0,-2.0,-83.0
1777889159.9623325,0.0,-1.0,-78.0
1777889159.9723325,-1.0,-2.0,-72.0
1777889159.9823325,-4.0,-1.0,-75.0
1777889159.9923325,-2.0,-4.0,-76.0
1777889160.0023324,0.0,-5.0,-76.0
1777889160.0123324,1.0,-7.0,-71.0
1777889160.0223324,0.0,-7.0,-74.0
1777889160.0323324,-3.0,-7.0,-77.0
1777889160.0423324,-4.0,-2.0,-80.0
1777889160.0523324,-5.0,-2.0,-85.0
1777889160.0623324,-6.0,0.0,-82.0
1777889160.0723324,-4.0,-2.0,-84.0
1777889160.0823324,-1.0,-3.0,-82.0
1777889160.0923324,-1.0,2.0,-80.0
1777889160.1023324,-4.0,5.0,-89.0
1777889160.1123323,-2.0,8.0,-78.0
1777889160.1223323,1.0,4.0,-77.0
1777889160.1323323,1.0,7.0,-79.0
1777889160.1423323,2.0,5.0,-82.0
1777889160.1523323,1.0,4.0,-82.0
1777889160.1623323,-4.0,2.0,-83.0
1777889160.1723323,-1.0,1.0,-83.0
1777889160.1823325,-3.0,2.0,-78.0
1777889160.1923325,0.0,3.0,-78.0
1777889160.2023325,0.0,-4.0,-78.0
1777889160.2123325,-1.0,-8.0,-81.0
1777889160.2223325,-2.0,-3.0,-81.0
1777889160.2323325,0.0,-1.0,-82.0
1777889160.2423325,0.0,-1.0,-80.0
1777889160.2523324,-1.0,-4.0,-74.0
1777889160.2623324,2.0,-4.0,-73.0
1777889160.2723324,-1.0,-2.0,-71.0
1777889160.2823324,-3.0,0.0,-73.0
1777889160.2923324,0.0,1.0,-73.0
1777889160.3023324,-3.0,1.0,-76.0
1777889160.3123324,-2.0,-1.0,-84.0
1777889160.3223324,1.0,1.0,-84.0
1777889160.3323324,0.0,0.0,-81.0
1777889160.3423324,0.0,1.0,-79.0
1777889160.3523324,0.0,3.0,-82.0
1777889160.3623323,4.0,2.0,-77.0
1777889160.3723323,4.0,0.0,-82.0
1777889160.3823323,1.0,0.0,-76.0
1777889160.3923323,3.0,-4.0,-74.0
1777889160.4023323,2.0,-4.0,-70.0
1777889160.4123323,3.0,-4.0,-68.0
1777889160.4223323,-1.0,0.0,-75.0
1777889160.4323325,-6.0,0.0,-80.0
1777889160.4423325,-9.0,0.0,-77.0
1777889160.4523325,-7.0,3.0,-75.0
1777889160.4623325,-8.0,3.0,-74.0
1777889160.4723325,-7.0,3.0,-71.0
1777889160.4823325,-3.0,0.0,-70.0
1777889160.4923325,-1.0,-1.0,-71.0
1777889160.5023324,-1.0,0.0,-75.0
1777889160.5123324,0.0,0.0,-81.0
1777889160.5223324,0.0,2.0,-81.0
1777889160.5323324,3.0,1.0,-79.0
1777889160.5423324,7.0,3.0,-80.0
1777889160.5523324,6.0,3.0,-84.0
1777889160.5623324,5.0,4.0,-79.0
1777889160.5723324,2.0,9.0,-80.0
1777889160.5823324,4.0,8.0,-79.0
1777889160.5923324,2.0,7.0,-80.0
1777889160.6023324,3.0,5.0,-74.0
1777889160.6123323,4.0,2.0,-73.0
1777889160.6223323,4.0,0.0,-71.0
1777889160.6323323,2.0,-2.0,-74.0
1777889160.6423323,0.0,-2.0,-72.0
1777889160.6523323,0.0,-2.0,-81.0
1777889160.6623323,3.0,-2.0,-88.0
1777889160.6723323,5.0,-4.0,-84.0
1777889160.6823325,10.0,-1.0,-80.0
1777889160.6923325,7.0,-2.0,-85.0
1777889160.7023325,10.0,0.0,-79.0
1777889160.7123325,6.0,0.0,-76.0
1777889160.7223325,2.0,-2.0,-71.0
1777889160.7323325,0.0,-1.0,-74.0
1777889160.7423325,0.0,0.0,-74.0
1777889160.7523324,-3.0,3.0,-78.0
1777889160.7623324,-5.0,1.0,-77.0
1777889160.7723324,-7.0,0.0,-85.0
1777889160.7823324,-6.0,1.0,-77.0
1777889160.7923324,-2.0,0.0,-78.0
1777889160.8023324,0.0,-3.0,-75.0
1777889160.8123324,-1.0,-8.0,-77.0
1777889160.8223324,0.0,-4.0,-76.0
1777889160.8323324,-3.0,-1.0,-78.0
1777889160.8423324,-1.0,-3.0,-76.0
1777889160.8523324,3.0,-6.0,-84.0
1777889160.8623323,1.0,-8.0,-83.0
1777889160.8723323,3.0,-3.0,-83.0
1777889160.8823323,1.0,0.0,-81.0
1777889160.8923323,4.0,-1.0,-74.0
1777889160.9023323,1.0,0.0,-75.0
1777889160.9123323,0.0,0.0,-77.0
1777889160.9223323,3.0,-5.0,-84.0
1777889160.9323325,5.0,-8.0,-85.0
1777889160.9423325,4.0,-6.0,-85.0
1777889160.9523325,0.0,-6.0,-84.0
1777889160.9623325,2.0,-1.0,-83.0
1777889160.9723325,4.0,-2.0,-80.0
1777889160.9823325,4.0,-2.0,-74.0
1777889160.9923325,4.0,0.0,-71.0
1777889161.0023324,8.0,3.0,-71.0
1777889161.0123324,2.0,1.0,-74.0
1777889161.0223324,-3.0,-1.0,-75.0
1777889161.0323324,-6.0,0.0,-68.0
1777889161.0423324,-6.0,2.0,-70.0
1777889161.0523324,-4.0,1.0,-69.0
1777889161.0623324,-5.0,0.0,-71.0
1777889161.0723324,-2.0,-1.0,-73.0
1777889161.0823324,1.0,-1.0,-84.0
1777889161.0923324,2.0,-3.0,-87.0
1777889161.1023324,0.0,-1.0,-83.0
1777889161.1123323,1.0,-5.0,-84.0
1777889161.1223323,0.0,-3.0,-83.0
1777889161.1323323,-3.0,1.0,-82.0
1777889161.1423323,1.0,4.0,-84.0
1777889161.1523323,3.0,6.0,-86.0
1777889161.1623323,0.0,3.0,-82.0
1777889161.1723323,1.0,0.0,-80.0
1777889161.1823325,0.0,-3.0,-79.0
1777889161.1923325,0.0,-4.0,-81.0
1777889161.2023325,1.0,-4.0,-73.0
1777889161.2123325,0.0,-5.0,-75.0
1777889161.2223325,1.0,-3.0,-77.0
1777889161.2323325,1.0,-4.0,-77.0
1777889161.2423325,0.0,-4.0,-79.0
1777889161.2523324,-5.0,-1.0,-80.0
1777889161.2623324,-5.0,0.0,-79.0
1777889161.2723324,-3.0,-1.0,-79.0
1777889161.2823324,-8.0,-2.0,-75.0
1777889161.2923324,-3.0,-1.0,-70.0
1777889161.3023324,-2.0,1.0,-69.0
1777889161.3123324,4.0,0.0,-69.0
1777889161.3223324,0.0,-2.0,-73.0
1777889161.3323324,1.0,0.0,-80.0
1777889161.3423324,0.0,0.0,-78.0
1777889161.3523324,2.0,-2.0,-76.0
1777889161.3623323,1.0,-6.0,-77.0
1777889161.3723323,2.0,-7.0,-80.0
1777889161.3823323,0.0,-1.0,-78.0
1777889161.3923323,2.0,-2.0,-75.0
1777889161.4023323,1.0,-2.0,-73.0
1777889161.4123323,3.0,-4.0,-75.0
1777889161.4223323,4.0,-5.0,-80.0
1777889161.4323325,5.0,-4.0,-84.0
1777889161.4423325,6.0,-1.0,-83.0
1777889161.4523325,6.0,-2.0,-86.0
1777889161.4623325,4.0,-1.0,-80.0
1777889161.4723325,0.0,-2.0,-81.0
1777889161.4823325,0.0,-2.0,-77.0
1777889161.4923325,-3.0,-1.0,-74.0
1777889161.5023324,-3.0,3.0,-72.0
1777889161.5133324,0.0,4.0,-73.0
1777889161.5223324,-2.0,-1.0,-84.0
1777889161.5323324,4.0,0.0,-83.0
1777889161.5433323,2.0,0.0,-79.0
1777889161.5533323,4.0,-3.0,-80.0
1777889161.5633323,4.0,-3.0,-76.0
1777889161.5733323,1.0,-6.0,-77.0
1777889161.5833323,0.0,-9.0,-76.0
1777889161.5933323,0.0,-4.0,-79.0
1777889161.6033323,2.0,-1.0,-75.0
1777889161.6133325,0.0,1.0,-74.0
1777889161.6233325,-1.0,1.0,-76.0
1777889161.6333325,1.0,0.0,-74.0
1777889161.6433325,4.0,0.0,-72.0
1777889161.6533325,9.0,1.0,-82.0
1777889161.6633325,7.0,1.0,-84.0
1777889161.6733325,5.0,2.0,-80.0
1777889161.6833324,0.0,5.0,-75.0
1777889161.6933324,2.0,7.0,-73.0
1777889161.7033324,2.0,8.0,-72.0
1777889161.7133324,3.0,6.0,-73.0
1777889161.7233324,3.0,3.0,-75.0
1777889161.7333324,0.0,4.0,-74.0
1777889161.7433324,-4.0,1.0,-75.0
1777889161.7533324,-6.0,0.0,-70.0
1777889161.7633324,1.0,-1.0,-69.0
1777889161.7733324,4.0,-4.0,-68.0
1777889161.7833323,9.0,-5.0,-71.0
1777889161.7933323,8.0,-3.0,-68.0
1777889161.8033323,9.0,-1.0,-71.0
1777889161.8133323,7.0,1.0,-65.0
1777889161.8233323,4.0,2.0,-67.0
1777889161.8333323,1.0,-1.0,-72.0
1777889161.8433323,-3.0,5.0,-80.0
1777889161.8533323,-3.0,2.0,-81.0
1777889161.8633325,0.0,2.0,-76.0
1777889161.8733325,2.0,-1.0,-77.0
1777889161.8833325,1.0,1.0,-79.0
1777889161.8933325,1.0,0.0,-81.0
1777889161.9033325,3.0,0.0,-82.0
1777889161.9133325,4.0,2.0,-83.0
1777889161.9233325,5.0,0.0,-81.0
1777889161.9333324,4.0,1.0,-82.0
1777889161.9433324,5.0,0.0,-84.0
1777889161.9533324,2.0,0.0,-82.0
1777889161.9633324,2.0,1.0,-89.0
1777889161.9733324,3.0,-1.0,-83.0
1777889161.9833324,-1.0,-2.0,-74.0
1777889161.9933324,-3.0,0.0,-71.0
1777889162.0033324,-2.0,1.0,-73.0
1777889162.0133324,-2.0,4.0,-76.0
1777889162.0233324,-6.0,2.0,-80.0
1777889162.0333323,0.0,3.0,-76.0
1777889162.0433323,2.0,3.0,-77.0
1777889162.0533323,2.0,2.0,-74.0
1777889162.0633323,4.0,0.0,-74.0
1777889162.0733323,2.0,-2.0,-74.0
1777889162.0833323,2.0,4.0,-74.0
1777889162.0933323,4.0,2.0,-74.0
1777889162.1033323,6.0,0.0,-76.0
1777889162.1133325,2.0,3.0,-77.0
1777889162.1233325,4.0,-1.0,-75.0
1777889162.1333325,5.0,3.0,-74.0
1777889162.1433325,8.0,6.0,-76.0
1777889162.1533325,9.0,3.0,-81.0
1777889162.1633325,11.0,0.0,-85.0
1777889162.1733325,12.0,2.0,-82.0
1777889162.1833324,12.0,3.0,-76.0
1777889162.1933324,11.0,1.0,-77.0
1777889162.2033324,9.0,2.0,-72.0
1777889162.2133324,7.0,0.0,-73.0
1777889162.2233324,7.0,3.0,-70.0
1777889162.2333324,8.0,1.0,-71.0
1777889162.2433324,6.0,4.0,-65.0
1777889162.2533324,2.0,6.0,-66.0
1777889162.2633324,-1.0,4.0,-63.0
1777889162.2733324,1.0,3.0,-62.0
1777889162.2833323,1.0,2.0,-65.0
1777889162.2933323,-1.0,2.0,-68.0
1777889162.3033323,-5.0,8.0,-64.0
1777889162.3133323,-4.0,2.0,-72.0
1777889162.3233323,-8.0,3.0,-74.0
1777889162.3333323,-10.0,0.0,-74.0
1777889162.3433323,-8.0,-4.0,-76.0
1777889162.3533323,-4.0,-2.0,-62.0
1777889162.3633325,-3.0,-2.0,-65.0
1777889162.3733325,0.0,-3.0,-67.0
1777889162.3833325,4.0,-5.0,-65.0
1777889162.3933325,4.0,-5.0,-74.0
1777889162.4033325,3.0,-9.0,-75.0
1777889162.4133325,0.0,-9.0,-77.0
1777889162.4233325,2.0,-7.0,-76.0
1777889162.4333324,3.0,-3.0,-81.0
1777889162.4433324,6.0,1.0,-79.0
1777889162.4533324,4.0,4.0,-78.0
1777889162.4633324,7.0,3.0,-75.0
1777889162.4733324,7.0,1.0,-70.0
1777889162.4833324,2.0,1.0,-73.0
1777889162.4933324,1.0,-2.0,-77.0
1777889162.5033324,0.0,-3.0,-78.0
1777889162.5133324,0.0,-2.0,-74.0
1777889162.5233324,0.0,-1.0,-78.0
1777889162.5333323,-1.0,0.0,-83.0
1777889162.5433323,-2.0,1.0,-83.0
1777889162.5533323,-1.0,-2.0,-78.0
1777889162.5633323,-1.0,-6.0,-79.0
1777889162.5733323,-7.0,-8.0,-77.0
1777889162.5833323,-4.0,-6.0,-74.0
1777889162.5933323,-3.0,-2.0,-74.0
1777889162.6033323,-3.0,0.0,-79.0
1777889162.6133325,-7.0,-2.0,-81.0
1777889162.6233325,-4.0,0.0,-71.0
1777889162.6333325,-3.0,-1.0,-68.0
1777889162.6433325,-9.0,1.0,-67.0
1777889162.6533325,-8.0,6.0,-70.0
1777889162.6633325,-6.0,2.0,-79.0
1777889162.6733325,-5.0,-2.0,-78.0
1777889162.6833324,-7.0,-3.0,-75.0
1777889162.6933324,-6.0,-6.0,-74.0
1777889162.7033324,-4.0,-4.0,-76.0
1777889162.7133324,0.0,-2.0,-71.0
1777889162.7233324,0.0,-3.0,-68.0
1777889162.7333324,0.0,-3.0,-75.0
1777889162.7433324,0.0,-1.0,-75.0
1777889162.7533324,-4.0,0.0,-75.0
1777889162.7633324,0.0,2.0,-76.0
1777889162.7733324,3.0,1.0,-78.0
1777889162.7833323,2.0,-4.0,-78.0
1777889162.7933323,5.0,-1.0,-73.0
1777889162.8033323,4.0,-3.0,-70.0
1777889162.8133323,5.0,-2.0,-77.0
1777889162.8233323,6.0,-4.0,-70.0
1777889162.8333323,6.0,-2.0,-73.0
1777889162.8433323,4.0,1.0,-73.0
1777889162.8533323,4.0,3.0,-67.0
1777889162.8633325,0.0,0.0,-72.0
1777889162.8733325,2.0,-5.0,-77.0
1777889162.8833325,0.0,-5.0,-80.0
1777889162.8933325,1.0,-2.0,-78.0
1777889162.9033325,3.0,-1.0,-75.0
1777889162.9133325,5.0,0.0,-77.0
1777889162.9233325,4.0,1.0,-75.0
1777889162.9333324,1.0,0.0,-74.0
1777889162.9433324,2.0,-2.0,-70.0
1777889162.9533324,1.0,-9.0,-77.0
1777889162.9633324,0.0,-9.0,-73.0
1777889162.9733324,-2.0,-8.0,-74.0
1777889162.9833324,-2.0,-7.0,-74.0
1777889162.9933324,0.0,-6.0,-77.0
1777889163.0033324,-2.0,-7.0,-74.0
1777889163.0133324,3.0,-4.0,-75.0
1777889163.0233324,4.0,0.0,-79.0
1777889163.0333323,3.0,-3.0,-79.0
1777889163.0433323,1.0,-4.0,-83.0
1777889163.0533323,1.0,-3.0,-82.0
1777889163.0633323,1.0,-4.0,-85.0
1777889163.0733323,-2.0,-3.0,-90.0
1777889163.0833323,0.0,-4.0,-89.0
1777889163.0933323,3.0,-2.0,-86.0
1777889163.1033323,7.0,0.0,-84.0
1777889163.1133325,3.0,3.0,-83.0
1777889163.1233325,1.0,5.0,-82.0
1777889163.1333325,1.0,1.0,-77.0
1777889163.1433325,1.0,-1.0,-76.0
1777889163.1533325,-3.0,0.0,-76.0
1777889163.1633325,-2.0,0.0,-81.0
1777889163.1733325,-3.0,0.0,-80.0
1777889163.1833324,-4.0,-2.0,-79.0
1777889163.1933324,1.0,-5.0,-76.0
1777889163.2033324,7.0,-5.0,-77.0
1777889163.2133324,8.0,-6.0,-76.0
1777889163.2233324,9.0,-6.0,-75.0
1777889163.2333324,10.0,-5.0,-71.0
1777889163.2433324,8.0,-4.0,-79.0
1777889163.2533324,7.0,-5.0,-82.0
1777889163.2633324,7.0,-3.0,-83.0
1777889163.2733324,5.0,-3.0,-81.0
1777889163.2833323,5.0,-2.0,-79.0
1777889163.2933323,6.0,-2.0,-78.0
1777889163.3033323,4.0,-2.0,-76.0
1777889163.3133323,2.0,-4.0,-81.0
1777889163.3233323,1.0,-4.0,-75.0
1777889163.3333323,3.0,-3.0,-73.0
1777889163.3433323,4.0,-5.0,-77.0
1777889163.3533323,4.0,-2.0,-73.0
1777889163.3633325,4.0,-3.0,-71.0
1777889163.3733325,0.0,-4.0,-70.0
1777889163.3833325,5.0,-2.0,-78.0
1777889163.3933325,8.0,-3.0,-79.0
1777889163.4033325,8.0,-8.0,-81.0
1777889163.4133325,6.0,-2.0,-84.0
1777889163.4233325,8.0,0.0,-82.0
1777889163.4333324,4.0,1.0,-82.0
1777889163.4433324,6.0,-1.0,-80.0
1777889163.4533324,6.0,-5.0,-79.0
1777889163.4633324,8.0,-5.0,-67.0
1777889163.4733324,9.0,-4.0,-71.0
1777889163.4833324,5.0,-2.0,-65.0
1777889163.4933324,3.0,4.0,-67.0
1777889163.5033324,1.0,1.0,-64.0
1777889163.5133324,2.0,1.0,-63.0
1777889163.5243323,4.0,3.0,-59.0
1777889163.5343325,0.0,2.0,-59.0
1777889163.5443325,-2.0,1.0,-61.0
1777889163.5543325,-1.0,0.0,-62.0
1777889163.5653324,-3.0,1.0,-66.0
1777889163.5743325,-1.0,3.0,-64.0
1777889163.5843325,-2.0,6.0,-65.0
1777889163.5943325,-2.0,4.0,-68.0
1777889163.6043324,-2.0,5.0,-73.0
1777889163.6143324,-3.0,4.0,-77.0
1777889163.6243324,-1.0,-2.0,-75.0
1777889163.6343324,0.0,-3.0,-78.0
1777889163.6443324,0.0,-8.0,-75.0
1777889163.6543324,-2.0,-5.0,-77.0
1777889163.6643324,-8.0,-4.0,-76.0
1777889163.6743324,-2.0,-4.0,-72.0
1777889163.6843324,-2.0,-7.0,-71.0
1777889163.6943324,-5.0,-8.0,-77.0
1777889163.7043324,-6.0,-6.0,-76.0
1777889163.7143323,-7.0,-4.0,-86.0
1777889163.7243323,-3.0,-1.0,-86.0
1777889163.7343323,-3.0,2.0,-86.0
1777889163.7443323,-5.0,0.0,-84.0
1777889163.7543323,1.0,-3.0,-78.0
1777889163.7643323,5.0,0.0,-79.0
1777889163.7743323,7.0,-2.0,-72.0
1777889163.7843325,7.0,0.0,-70.0
1777889163.7943325,8.0,0.0,-73.0
1777889163.8043325,6.0,-3.0,-73.0
1777889163.8143325,3.0,-1.0,-75.0
1777889163.8243325,6.0,0.0,-74.0
1777889163.8343325,6.0,-1.0,-67.0
1777889163.8443325,0.0,0.0,-62.0
1777889163.8543324,2.0,0.0,-63.0
1777889163.8643324,6.0,1.0,-63.0
1777889163.8743324,8.0,1.0,-70.0
1777889163.8843324,3.0,0.0,-76.0
1777889163.8943324,-2.0,-1.0,-76.0
1777889163.9043324,-1.0,-2.0,-76.0
1777889163.9143324,0.0,0.0,-75.0
1777889163.9243324,-1.0,5.0,-74.0
1777889163.9343324,-5.0,5.0,-77.0
1777889163.9443324,-4.0,0.0,-78.0
1777889163.9543324,-6.0,0.0,-76.0
1777889163.9643323,-7.0,0.0,-76.0
1777889163.9743323,-6.0,0.0,-73.0
1777889163.9843323,0.0,0.0,-71.0
1777889163.9943323,1.0,-4.0,-76.0
1777889164.0043323,1.0,-6.0,-82.0
1777889164.0143323,2.0,-7.0,-88.0
1777889164.0243323,1.0,-1.0,-87.0
1777889164.0343325,4.0,5.0,-86.0
1777889164.0443325,2.0,7.0,-82.0
1777889164.0543325,1.0,4.0,-78.0
1777889164.0643325,2.0,2.0,-83.0
1777889164.0743325,4.0,2.0,-87.0
1777889164.0843325,1.0,0.0,-81.0
1777889164.0943325,0.0,0.0,-75.0
1777889164.1043324,-1.0,-2.0,-68.0
1777889164.1143324,-2.0,0.0,-67.0
1777889164.1243324,2.0,2.0,-70.0
1777889164.1343324,4.0,1.0,-78.0
1777889164.1443324,4.0,0.0,-70.0
1777889164.1543324,5.0,0.0,-70.0
1777889164.1643324,6.0,2.0,-71.0
1777889164.1743324,0.0,3.0,-75.0
1777889164.1843324,-2.0,1.0,-74.0
1777889164.1943324,2.0,1.0,-67.0
1777889164.2043324,4.0,1.0,-64.0
1777889164.2143323,2.0,0.0,-72.0
1777889164.2243323,0.0,0.0,-77.0
1777889164.2343323,0.0,4.0,-75.0
1777889164.2443323,1.0,3.0,-78.0
1777889164.2543323,6.0,3.0,-77.0
1777889164.2643323,4.0,4.0,-74.0
1777889164.2743323,4.0,0.0,-72.0
1777889164.2843325,0.0,1.0,-66.0
1777889164.2943325,7.0,-2.0,-73.0
1777889164.3043325,13.0,0.0,-71.0
1777889164.3143325,8.0,1.0,-72.0
1777889164.3243325,3.0,1.0,-74.0
1777889164.3343325,5.0,2.0,-77.0
1777889164.3443325,1.0,5.0,-76.0
1777889164.3543324,1.0,3.0,-73.0
1777889164.3643324,-1.0,2.0,-70.0
1777889164.3743324,-3.0,0.0,-67.0
1777889164.3843324,2.0,0.0,-70.0
1777889164.3943324,4.0,2.0,-75.0
1777889164.4043324,5.0,0.0,-75.0
1777889164.4143324,4.0,-1.0,-74.0
1777889164.4243324,3.0,0.0,-78.0
1777889164.4343324,1.0,2.0,-84.0
1777889164.4443324,0.0,0.0,-76.0
1777889164.4543324,-8.0,-5.0,-76.0
1777889164.4643323,-12.0,-2.0,-71.0
1777889164.4743323,-10.0,-1.0,-75.0
1777889164.4843323,-9.0,-1.0,-74.0
1777889164.4943323,-5.0,0.0,-67.0
1777889164.5043323,-3.0,-2.0,-65.0
1777889164.5143323,-4.0,-4.0,-64.0
1777889164.5243323,-2.0,-1.0,-64.0
1777889164.5343325,-2.0,-1.0,-62.0
1777889164.5443325,0.0,0.0,-60.0
1777889164.5543325,0.0,0.0,-64.0
1777889164.5643325,1.0,1.0,-64.0
1777889164.5743325,3.0,0.0,-64.0
1777889164.5843325,3.0,0.0,-66.0
1777889164.5943325,0.0,0.0,-60.0
1777889164.6043324,0.0,1.0,-62.0
1777889164.6143324,2.0,3.0,-64.0
1777889164.6243324,2.0,5.0,-63.0
1777889164.6343324,0.0,1.0,-68.0
1777889164.6443324,3.0,4.0,-73.0
1777889164.6543324,4.0,2.0,-73.0
1777889164.6643324,5.0,5.0,-76.0
1777889164.6743324,5.0,4.0,-75.0
1777889164.6843324,7.0,1.0,-80.0
1777889164.6943324,8.0,2.0,-79.0
1777889164.7043324,4.0,2.0,-76.0
1777889164.7143323,1.0,2.0,-73.0
1777889164.7243323,-1.0,5.0,-72.0
1777889164.7343323,-1.0,2.0,-71.0
1777889164.7443323,-2.0,-5.0,-66.0
1777889164.7543323,-2.0,-8.0,-64.0
1777889164.7643323,-3.0,-9.0,-68.0
1777889164.7743323,0.0,-8.0,-73.0
1777889164.7843325,0.0,-4.0,-76.0
1777889164.7943325,0.0,-2.0,-72.0
1777889164.8043325,2.0,2.0,-73.0
1777889164.8143325,6.0,2.0,-72.0
1777889164.8243325,3.0,2.0,-79.0
1777889164.8343325,6.0,-1.0,-84.0
1777889164.8443325,4.0,-4.0,-82.0
1777889164.8543324,4.0,-5.0,-78.0
1777889164.8643324,6.0,-4.0,-80.0
1777889164.8743324,7.0,-7.0,-79.0
1777889164.8843324,5.0,-10.0,-75.0
1777889164.8943324,0.0,-11.0,-73.0
1777889164.9043324,0.0,-10.0,-67.0
1777889164.9143324,1.0,-8.0,-62.0
1777889164.9243324,0.0,-5.0,-62.0
1777889164.9343324,3.0,-5.0,-66.0
1777889164.9443324,-4.0,-2.0,-72.0
1777889164.9543324,-10.0,-1.0,-71.0
1777889164.9643323,-9.0,-1.0,-75.0
1777889164.9743323,0.0,0.0,-77.0
1777889164.9843323,0.0,-4.0,-80.0
1777889164.9943323,-1.0,-4.0,-74.0
1777889165.0043323,0.0,0.0,-70.0
1777889165.0143323,-1.0,3.0,-70.0
1777889165.0243323,1.0,3.0,-71.0
1777889165.0343325,0.0,4.0,-74.0
1777889165.0443325,3.0,3.0,-74.0
1777889165.0543325,3.0,3.0,-77.0
1777889165.0643325,0.0,2.0,-74.0
1777889165.0743325,-3.0,2.0,-75.0
1777889165.0843325,-2.0,2.0,-75.0
1777889165.0943325,-1.0,2.0,-73.0
1777889165.1043324,0.0,4.0,-75.0
1777889165.1143324,2.0,2.0,-84.0
1777889165.1243324,1.0,6.0,-88.0
1777889165.1343324,0.0,8.0,-79.0
1777889165.1443324,4.0,11.0,-72.0
1777889165.1543324,7.0,7.0,-71.0
1777889165.1643324,4.0,7.0,-72.0
1777889165.1743324,0.0,0.0,-78.0
1777889165.1843324,0.0,0.0,-79.0
1777889165.1943324,-3.0,0.0,-76.0
1777889165.2043324,0.0,0.0,-77.0
1777889165.2143323,1.0,0.0,-69.0
1777889165.2243323,2.0,-1.0,-59.0
1777889165.2343323,0.0,-4.0,-61.0
1777889165.2443323,4.0,-5.0,-56.0
1777889165.2543323,0.0,1.0,-66.0
1777889165.2643323,-4.0,3.0,-73.0
1777889165.2743323,-9.0,2.0,-73.0
1777889165.2843325,-5.0,1.0,-72.0
1777889165.2943325,-4.0,2.0,-76.0
1777889165.3043325,-2.0,0.0,-77.0
1777889165.3143325,-2.0,-4.0,-75.0
1777889165.3243325,-5.0,-3.0,-74.0
1777889165.3343325,-4.0,-2.0,-79.0
1777889165.3443325,-4.0,-2.0,-82.0
1777889165.3543324,-8.0,-2.0,-82.0
1777889165.3643324,-9.0,-4.0,-78.0
1777889165.3743324,-10.0,-1.0,-75.0
1777889165.3843324,-11.0,-4.0,-77.0
1777889165.3943324,-8.0,-3.0,-81.0
1777889165.4043324,-4.0,-6.0,-82.0
1777889165.4143324,0.0,-6.0,-79.0
1777889165.4243324,3.0,-5.0,-76.0
1777889165.4343324,2.0,-6.0,-70.0
1777889165.4443324,1.0,-2.0,-65.0
1777889165.4543324,3.0,-1.0,-65.0
1777889165.4643323,3.0,0.0,-66.0
1777889165.4743323,0.0,0.0,-69.0
1777889165.4843323,0.0,3.0,-69.0
1777889165.4943323,0.0,3.0,-64.0
1777889165.5053325,-1.0,3.0,-70.0
1777889165.5153325,1.0,2.0,-68.0
1777889165.5253325,1.0,2.0,-68.0
1777889165.5353324,2.0,3.0,-68.0
1777889165.5453324,1.0,6.0,-72.0
1777889165.5553324,0.0,9.0,-68.0
1777889165.5653324,2.0,7.0,-70.0
1777889165.5753324,2.0,6.0,-74.0
1777889165.5853324,2.0,3.0,-74.0
1777889165.5953324,0.0,7.0,-72.0
1777889165.6053324,0.0,7.0,-73.0
1777889165.6153324,-1.0,9.0,-68.0
1777889165.6253324,0.0,4.0,-71.0
1777889165.6353323,3.0,6.0,-68.0
1777889165.6453323,5.0,5.0,-65.0
1777889165.6553323,7.0,3.0,-66.0
1777889165.6653323,7.0,-1.0,-67.0
1777889165.6753323,7.0,-2.0,-69.0
1777889165.6853323,7.0,-5.0,-76.0
1777889165.6953323,6.0,-4.0,-76.0
1777889165.7053325,10.0,-7.0,-68.0
1777889165.7153325,8.0,-6.0,-68.0
1777889165.7253325,5.0,-7.0,-64.0
1777889165.7353325,1.0,-2.0,-69.0
1777889165.7453325,0.0,-1.0,-74.0
1777889165.7553325,-6.0,-1.0,-70.0
1777889165.7653325,-5.0,-1.0,-70.0
1777889165.7753325,-4.0,-2.0,-68.0
1777889165.7853324,-2.0,2.0,-56.0
1777889165.7953324,-1.0,4.0,-49.0
1777889165.8053324,-2.0,6.0,-56.0
1777889165.8153324,-2.0,5.0,-65.0
1777889165.8253324,0.0,6.0,-74.0
1777889165.8353324,4.0,4.0,-77.0
1777889165.8453324,6.0,-2.0,-78.0
1777889165.8553324,4.0,-4.0,-83.0
1777889165.8653324,5.0,-7.0,-77.0
1777889165.8753324,2.0,-4.0,-73.0
1777889165.8853323,-1.0,-6.0,-78.0
1777889165.8953323,-1.0,-5.0,-79.0
1777889165.9053323,2.0,-3.0,-78.0
1777889165.9153323,1.0,-4.0,-78.0
1777889165.9253323,-5.0,-7.0,-79.0
1777889165.9353323,-5.0,-7.0,-79.0
1777889165.9453323,0.0,-8.0,-78.0
1777889165.9553325,-3.0,-7.0,-80.0
1777889165.9653325,-4.0,-9.0,-83.0
1777889165.9753325,-1.0,-5.0,-84.0
1777889165.9853325,1.0,-5.0,-76.0
1777889165.9953325,0.0,-3.0,-81.0
1777889166.0053325,6.0,-2.0,-76.0
1777889166.0153325,6.0,0.0,-65.0
1777889166.0253325,7.0,-2.0,-63.0
1777889166.0353324,9.0,-4.0,-63.0
1777889166.0453324,6.0,-6.0,-67.0
1777889166.0553324,-1.0,-4.0,-67.0
1777889166.0653324,0.0,-5.0,-69.0
1777889166.0753324,0.0,-7.0,-71.0
1777889166.0853324,-5.0,-3.0,-75.0
1777889166.0953324,-8.0,-3.0,-72.0
1777889166.1053324,-8.0,-3.0,-77.0
1777889166.1153324,-4.0,-4.0,-77.0
1777889166.1253324,-4.0,-2.0,-75.0
1777889166.1353323,-8.0,0.0,-74.0
1777889166.1453323,-4.0,-1.0,-78.0
1777889166.1553323,-2.0,0.0,-81.0
1777889166.1653323,-5.0,-2.0,-84.0
1777889166.1753323,-4.0,0.0,-85.0
1777889166.1853323,-3.0,0.0,-93.0
1777889166.1953323,-3.0,2.0,-90.0
1777889166.2053325,0.0,-2.0,-88.0
1777889166.2153325,1.0,3.0,-87.0
1777889166.2253325,3.0,3.0,-83.0
1777889166.2353325,0.0,1.0,-79.0
1777889166.2453325,0.0,0.0,-69.0
1777889166.2553325,0.0,3.0,-72.0
1777889166.2653325,0.0,4.0,-68.0
1777889166.2753325,0.0,2.0,-69.0
1777889166.2853324,-1.0,5.0,-70.0
1777889166.2953324,-4.0,4.0,-69.0
1777889166.3053324,-3.0,1.0,-62.0
1777889166.3153324,2.0,0.0,-61.0
1777889166.3253324,7.0,1.0,-68.0
1777889166.3353324,5.0,1.0,-74.0
1777889166.3453324,1.0,1.0,-77.0
1777889166.3553324,-1.0,2.0,-77.0
1777889166.3653324,1.0,4.0,-80.0
1777889166.3753324,2.0,0.0,-81.0
1777889166.3853323,4.0,6.0,-90.0
1777889166.3953323,0.0,6.0,-89.0
1777889166.4053323,3.0,7.0,-86.0
1777889166.4153323,0.0,7.0,-85.0
1777889166.4253323,-4.0,3.0,-89.0
1777889166.4353323,-3.0,1.0,-89.0
1777889166.4453323,4.0,1.0,-87.0
1777889166.4553325,3.0,0.0,-90.0
1777889166.4653325,5.0,3.0,-86.0
1777889166.4753325,4.0,3.0,-83.0
1777889166.4853325,3.0,4.0,-82.0
1777889166.4953325,0.0,0.0,-78.0
1777889166.5053325,2.0,3.0,-73.0
1777889166.5153325,2.0,6.0,-76.0
1777889166.5253325,1.0,3.0,-75.0
1777889166.5353324,2.0,3.0,-72.0
1777889166.5453324,2.0,-2.0,-71.0
1777889166.5553324,6.0,-2.0,-73.0
1777889166.5653324,3.0,-4.0,-80.0
1777889166.5753324,2.0,-4.0,-81.0
1777889166.5853324,2.0,-5.0,-79.0
1777889166.5953324,5.0,-4.0,-74.0
1777889166.6053324,3.0,-4.0,-76.0
1777889166.6153324,4.0,-1.0,-75.0
1777889166.6253324,1.0,0.0,-71.0
1777889166.6353323,1.0,2.0,-70.0
1777889166.6453323,0.0,4.0,-70.0
1777889166.6553323,-1.0,4.0,-74.0
1777889166.6653323,-3.0,5.0,-77.0
1777889166.6753323,-1.0,1.0,-72.0
1777889166.6853323,-3.0,1.0,-75.0
1777889166.6953323,-6.0,3.0,-74.0
1777889166.7053325,-2.0,5.0,-82.0
1777889166.7153325,-3.0,5.0,-81.0
1777889166.7253325,-2.0,5.0,-83.0
1777889166.7353325,-2.0,7.0,-80.0
1777889166.7453325,0.0,6.0,-84.0
1777889166.7553325,0.0,3.0,-76.0
1777889166.7653325,2.0,3.0,-74.0
1777889166.7753325,0.0,2.0,-85.0
1777889166.7853324,-1.0,-5.0,-84.0
1777889166.7953324,-2.0,-6.0,-85.0
1777889166.8053324,-3.0,-3.0,-88.0
1777889166.8153324,0.0,0.0,-83.0
1777889166.8253324,2.0,2.0,-82.0
1777889166.8353324,4.0,2.0,-86.0
1777889166.8453324,6.0,4.0,-84.0
1777889166.8553324,5.0,5.0,-80.0
1777889166.8653324,0.0,2.0,-79.0
1777889166.8753324,-5.0,0.0,-80.0
1777889166.8853323,-7.0,1.0,-78.0
1777889166.8953323,-2.0,0.0,-76.0
1777889166.9053323,0.0,-3.0,-73.0
1777889166.9153323,-2.0,-6.0,-73.0
1777889166.9253323,-3.0,-8.0,-72.0
1777889166.9353323,-2.0,-2.0,-70.0
1777889166.9453323,3.0,1.0,-71.0
1777889166.9553325,4.0,0.0,-69.0
1777889166.9653325,5.0,-9.0,-67.0
1777889166.9753325,3.0,-10.0,-71.0
1777889166.9853325,1.0,-8.0,-84.0
1777889166.9953325,3.0,-5.0,-85.0
1777889167.0053325,3.0,-1.0,-79.0
1777889167.0153325,5.0,1.0,-71.0
1777889167.0253325,2.0,2.0,-72.0
1777889167.0353324,0.0,3.0,-68.0
1777889167.0453324,-1.0,-3.0,-68.0
1777889167.0553324,-3.0,-3.0,-72.0
1777889167.0653324,-2.0,-6.0,-72.0
1777889167.0753324,-1.0,-5.0,-70.0
1777889167.0853324,-3.0,-6.0,-72.0
1777889167.0953324,-6.0,-2.0,-74.0
1777889167.1053324,-6.0,-1.0,-73.0
1777889167.1153324,-5.0,-5.0,-66.0
1777889167.1253324,-1.0,-11.0,-69.0
1777889167.1353323,-2.0,-10.0,-70.0
1777889167.1453323,-1.0,-7.0,-67.0
1777889167.1553323,0.0,-7.0,-68.0
1777889167.1653323,4.0,-7.0,-73.0
1777889167.1753323,0.0,-9.0,-74.0
1777889167.1853323,1.0,-7.0,-76.0
1777889167.1953323,0.0,-5.0,-80.0
1777889167.2053325,-1.0,-6.0,-83.0
1777889167.2153325,-3.0,-7.0,-80.0
1777889167.2253325,-1.0,-7.0,-81.0
1777889167.2353325,0.0,-8.0,-79.0
1777889167.2453325,5.0,-7.0,-74.0
1777889167.2553325,5.0,-7.0,-72.0
1777889167.2653325,0.0,-8.0,-77.0
1777889167.2753325,0.0,-1.0,-76.0
1777889167.2853324,-4.0,0.0,-74.0
1777889167.2953324,-2.0,1.0,-74.0
1777889167.3053324,-2.0,-2.0,-75.0
1777889167.3153324,-4.0,0.0,-81.0
1777889167.3253324,-2.0,-4.0,-82.0
1777889167.3353324,-3.0,-6.0,-81.0
1777889167.3453324,-2.0,-2.0,-72.0
1777889167.3553324,3.0,0.0,-67.0
1777889167.3653324,4.0,0.0,-74.0
1777889167.3753324,1.0,0.0,-72.0
1777889167.3853323,-3.0,2.0,-73.0
1777889167.3953323,-4.0,-3.0,-72.0
1777889167.4053323,-5.0,-6.0,-76.0
1777889167.4153323,-9.0,-3.0,-75.0
1777889167.4253323,-11.0,-4.0,-73.0
1777889167.4353323,-10.0,-4.0,-73.0
1777889167.4453323,-5.0,-2.0,-75.0
1777889167.4553325,-3.0,-5.0,-75.0
1777889167.4663324,-5.0,1.0,-77.0
1777889167.4763324,-1.0,0.0,-79.0
1777889167.4863324,-3.0,1.0,-75.0
1777889167.4963324,-3.0,2.0,-74.0
1777889167.5063324,0.0,5.0,-67.0
1777889167.5163324,1.0,4.0,-65.0
1777889167.5263324,-3.0,0.0,-67.0
1777889167.5363324,-4.0,-1.0,-71.0
1777889167.5463324,-2.0,-2.0,-72.0
1777889167.5563323,-3.0,-1.0,-75.0
1777889167.5663323,-5.0,-4.0,-78.0
1777889167.5763323,-3.0,0.0,-84.0
1777889167.5863323,2.0,-5.0,-81.0
1777889167.5963323,0.0,0.0,-83.0
1777889167.6063323,1.0,1.0,-87.0
1777889167.6163323,0.0,0.0,-82.0
1777889167.6263323,0.0,0.0,-79.0
1777889167.6363325,2.0,0.0,-79.0
1777889167.6463325,3.0,2.0,-85.0
1777889167.6563325,1.0,5.0,-86.0
1777889167.6663325,2.0,3.0,-78.0
1777889167.6763325,2.0,7.0,-73.0
1777889167.6863325,-1.0,6.0,-76.0
1777889167.6963325,-2.0,8.0,-75.0
1777889167.7063324,0.0,6.0,-77.0
1777889167.7163324,0.0,6.0,-78.0
1777889167.7263324,1.0,2.0,-75.0
1777889167.7363324,-2.0,2.0,-71.0
1777889167.7463324,-5.0,-2.0,-71.0
1777889167.7563324,-4.0,-4.0,-75.0
1777889167.7663324,-4.0,-5.0,-74.0
1777889167.7763324,0.0,-5.0,-76.0
1777889167.7863324,-4.0,-7.0,-80.0
1777889167.7963324,-4.0,-2.0,-74.0
1777889167.8063323,-3.0,-1.0,-73.0
1777889167.8163323,2.0,2.0,-73.0
1777889167.8263323,3.0,0.0,-74.0
1777889167.8363323,2.0,1.0,-71.0
1777889167.8463323,1.0,4.0,-76.0
1777889167.8563323,0.0,4.0,-73.0
1777889167.8663323,2.0,0.0,-77.0
1777889167.8763323,4.0,0.0,-68.0
1777889167.8863325,7.0,2.0,-68.0
1777889167.8963325,5.0,0.0,-75.0
1777889167.9063325,1.0,-1.0,-72.0
1777889167.9163325,-1.0,-1.0,-76.0
1777889167.9263325,1.0,-2.0,-72.0
1777889167.9363325,-4.0,-3.0,-71.0
1777889167.9463325,-3.0,-3.0,-71.0
1777889167.9563324,-4.0,-4.0,-71.0
1777889167.9663324,-2.0,-4.0,-79.0
1777889167.9763324,-3.0,0.0,-75.0
1777889167.9863324,-2.0,-2.0,-74.0
1777889167.9963324,-1.0,-5.0,-72.0
1777889168.0063324,-5.0,-1.0,-67.0
1777889168.0163324,-4.0,-3.0,-65.0
1777889168.0263324,-1.0,0.0,-67.0
1777889168.0363324,0.0,0.0,-70.0
1777889168.0463324,-1.0,-2.0,-70.0
1777889168.0563323,1.0,-2.0,-71.0
1777889168.0663323,0.0,-3.0,-75.0
1777889168.0763323,1.0,-5.0,-73.0
1777889168.0863323,-2.0,-2.0,-74.0
1777889168.0963323,-2.0,0.0,-73.0
1777889168.1063323,-1.0,0.0,-68.0
1777889168.1163323,-1.0,-4.0,-74.0
1777889168.1263323,0.0,-4.0,-78.0
1777889168.1363325,0.0,-4.0,-71.0
1777889168.1463325,2.0,-7.0,-65.0
1777889168.1563325,0.0,-3.0,-74.0
1777889168.1663325,-4.0,-9.0,-72.0
1777889168.1763325,0.0,-9.0,-67.0
1777889168.1863325,0.0,-7.0,-63.0
1777889168.1963325,0.0,-2.0,-69.0
1777889168.2063324,1.0,-3.0,-71.0
1777889168.2163324,-1.0,-3.0,-77.0
1777889168.2263324,-1.0,-4.0,-75.0
1777889168.2363324,-1.0,-1.0,-79.0
1777889168.2463324,2.0,0.0,-81.0
1777889168.2563324,-1.0,1.0,-82.0
1777889168.2663324,2.0,0.0,-74.0
1777889168.2763324,4.0,0.0,-75.0
1777889168.2863324,2.0,5.0,-76.0
1777889168.2963324,1.0,6.0,-82.0
1777889168.3063323,1.0,6.0,-78.0
1777889168.3163323,2.0,6.0,-76.0
1777889168.3263323,3.0,2.0,-74.0
1777889168.3363323,4.0,0.0,-70.0
1777889168.3463323,6.0,0.0,-68.0
1777889168.3563323,3.0,1.0,-70.0
1777889168.3663323,4.0,1.0,-81.0
1777889168.3763323,5.0,0.0,-77.0
1777889168.3863325,5.0,-1.0,-82.0
1777889168.3963325,4.0,-2.0,-78.0
1777889168.4063325,5.0,0.0,-78.0
1777889168.4163325,6.0,1.0,-77.0
1777889168.4263325,5.0,3.0,-71.0
1777889168.4363325,0.0,2.0,-74.0
1777889168.4463325,-1.0,5.0,-69.0
1777889168.4563324,-1.0,4.0,-72.0
1777889168.4663324,1.0,-2.0,-72.0
1777889168.4763324,3.0,1.0,-66.0
1777889168.4863324,5.0,3.0,-65.0
1777889168.4963324,3.0,2.0,-67.0
1777889168.5063324,2.0,2.0,-70.0
1777889168.5163324,2.0,3.0,-71.0
1777889168.5263324,3.0,0.0,-75.0
1777889168.5363324,0.0,0.0,-76.0
1777889168.5463324,2.0,0.0,-73.0
1777889168.5563323,1.0,-1.0,-74.0
1777889168.5663323,3.0,-1.0,-77.0
1777889168.5763323,7.0,0.0,-86.0
1777889168.5863323,8.0,0.0,-91.0
1777889168.5963323,3.0,-1.0,-81.0
1777889168.6063323,2.0,0.0,-75.0
1777889168.6163323,2.0,0.0,-75.0
1777889168.6263323,1.0,1.0,-78.0
1777889168.6363325,-2.0,0.0,-85.0
1777889168.6463325,1.0,-1.0,-91.0
1777889168.6563325,0.0,0.0,-81.0
1777889168.6663325,0.0,-7.0,-83.0
1777889168.6763325,1.0,-7.0,-79.0
1777889168.6863325,2.0,-2.0,-82.0
1777889168.6963325,3.0,-1.0,-73.0
1777889168.7063324,7.0,0.0,-73.0
1777889168.7163324,8.0,-3.0,-77.0
1777889168.7263324,2.0,0.0,-78.0
1777889168.7363324,2.0,2.0,-89.0
1777889168.7463324,4.0,4.0,-94.0
1777889168.7563324,4.0,0.0,-98.0
1777889168.7663324,1.0,-3.0,-100.0
1777889168.7763324,0.0,0.0,-103.0
1777889168.7863324,-2.0,1.0,-97.0
1777889168.7963324,0.0,1.0,-93.0
1777889168.8063323,0.0,3.0,-93.0
1777889168.8163323,2.0,0.0,-91.0
1777889168.8263323,1.0,0.0,-83.0
1777889168.8363323,5.0,1.0,-77.0
1777889168.8463323,4.0,1.0,-73.0
1777889168.8563323,0.0,-1.0,-72.0
1777889168.8663323,-4.0,0.0,-72.0
1777889168.8763323,-4.0,2.0,-77.0
1777889168.8863325,-9.0,-3.0,-76.0
1777889168.8963325,-9.0,-3.0,-72.0
1777889168.9063325,-10.0,-4.0,-78.0
1777889168.9163325,-5.0,-2.0,-75.0
1777889168.9263325,-2.0,0.0,-78.0
1777889168.9363325,0.0,0.0,-81.0
1777889168.9463325,-2.0,-1.0,-84.0
1777889168.9563324,-1.0,0.0,-83.0
1777889168.9663324,-1.0,0.0,-85.0
1777889168.9763324,-1.0,-4.0,-78.0
1777889168.9863324,3.0,-6.0,-73.0
1777889168.9963324,3.0,-3.0,-75.0
1777889169.0063324,4.0,-1.0,-78.0
1777889169.0163324,2.0,0.0,-72.0
1777889169.0263324,1.0,1.0,-75.0
1777889169.0363324,-2.0,2.0,-79.0
1777889169.0463324,-2.0,0.0,-75.0
1777889169.0563323,-5.0,2.0,-66.0
1777889169.0663323,-3.0,1.0,-70.0
1777889169.0763323,0.0,0.0,-68.0
1777889169.0863323,2.0,4.0,-66.0
1777889169.0963323,1.0,4.0,-61.0
1777889169.1063323,0.0,4.0,-61.0
1777889169.1163323,1.0,6.0,-65.0
1777889169.1263323,-1.0,5.0,-65.0
1777889169.1363325,-1.0,6.0,-65.0
1777889169.1463325,-6.0,5.0,-70.0
1777889169.1563325,-8.0,3.0,-78.0
1777889169.1663325,-5.0,1.0,-76.0
1777889169.1763325,-5.0,1.0,-76.0
1777889169.1863325,0.0,1.0,-70.0
1777889169.1963325,0.0,1.0,-73.0
1777889169.2063324,1.0,4.0,-71.0
1777889169.2163324,-2.0,-2.0,-78.0
1777889169.2263324,-3.0,-3.0,-79.0
1777889169.2363324,4.0,-5.0,-76.0
1777889169.2463324,1.0,-6.0,-78.0
1777889169.2563324,3.0,-6.0,-79.0
1777889169.2663324,7.0,-1.0,-82.0
1777889169.2763324,5.0,-3.0,-86.0
1777889169.2863324,3.0,-3.0,-88.0
1777889169.2963324,0.0,-5.0,-84.0
1777889169.3063323,-1.0,-6.0,-84.0
1777889169.3163323,-3.0,-5.0,-88.0
1777889169.3263323,0.0,-9.0,-86.0
1777889169.3363323,3.0,-6.0,-87.0
1777889169.3463323,0.0,-5.0,-82.0
1777889169.3563323,-2.0,-3.0,-76.0
1777889169.3663323,-2.0,-3.0,-72.0
1777889169.3763323,-1.0,0.0,-76.0
1777889169.3863325,0.0,2.0,-80.0
1777889169.3963325,0.0,1.0,-71.0
1777889169.4063325,-1.0,0.0,-67.0
1777889169.4163325,0.0,1.0,-72.0
1777889169.4263325,-2.0,3.0,-79.0
1777889169.4363325,0.0,1.0,-76.0
1777889169.4473324,0.0,0.0,-71.0
1777889169.4573324,1.0,-1.0,-72.0
1777889169.4673324,3.0,-2.0,-70.0
1777889169.4773324,3.0,-2.0,-73.0
1777889169.4873323,0.0,-3.0,-72.0
1777889169.4973323,-3.0,-1.0,-76.0
1777889169.5073323,-1.0,-2.0,-69.0
1777889169.5173323,1.0,-4.0,-75.0
1777889169.5273323,0.0,-5.0,-69.0
1777889169.5373323,4.0,-6.0,-70.0
1777889169.5473323,2.0,-2.0,-67.0
1777889169.5573325,1.0,-4.0,-76.0
1777889169.5673325,0.0,-5.0,-73.0
1777889169.5773325,5.0,-5.0,-74.0
1777889169.5873325,2.0,-4.0,-76.0
1777889169.5973325,2.0,-3.0,-82.0
1777889169.6073325,3.0,-3.0,-78.0
1777889169.6173325,0.0,0.0,-69.0
1777889169.6273324,0.0,0.0,-68.0
1777889169.6373324,1.0,-2.0,-70.0
1777889169.6473324,2.0,-5.0,-72.0
1777889169.6573324,4.0,-5.0,-71.0
1777889169.6673324,6.0,-1.0,-71.0
1777889169.6773324,8.0,-1.0,-72.0
1777889169.6873324,7.0,-3.0,-69.0
1777889169.6973324,5.0,1.0,-74.0
1777889169.7073324,8.0,-2.0,-72.0
1777889169.7173324,12.0,-3.0,-63.0
1777889169.7273324,12.0,-3.0,-67.0
1777889169.7373323,10.0,-1.0,-67.0
1777889169.7473323,10.0,5.0,-65.0
1777889169.7573323,5.0,3.0,-63.0
1777889169.7673323,4.0,1.0,-58.0
1777889169.7773323,4.0,4.0,-60.0
1777889169.7873323,5.0,4.0,-72.0
1777889169.7973323,6.0,3.0,-65.0
1777889169.8073325,6.0,1.0,-66.0
1777889169.8173325,7.0,0.0,-66.0
1777889169.8273325,0.0,0.0,-66.0
1777889169.8373325,1.0,0.0,-71.0
1777889169.8473325,6.0,0.0,-74.0
1777889169.8573325,3.0,-5.0,-72.0
1777889169.8673325,4.0,-6.0,-72.0
1777889169.8773324,4.0,-4.0,-71.0
1777889169.8873324,-2.0,-2.0,-72.0
1777889169.8973324,-4.0,-3.0,-73.0
1777889169.9073324,-3.0,0.0,-73.0
1777889169.9173324,-1.0,-2.0,-66.0
1777889169.9273324,0.0,-2.0,-66.0
1777889169.9373324,-1.0,-2.0,-67.0
1777889169.9473324,0.0,0.0,-71.0
1777889169.9573324,4.0,1.0,-75.0
1777889169.9673324,6.0,-1.0,-75.0
1777889169.9773324,5.0,0.0,-79.0
1777889169.9873323,2.0,2.0,-76.0
1777889169.9973323,1.0,1.0,-80.0
1777889170.0073323,0.0,-2.0,-80.0
1777889170.0173323,1.0,0.0,-85.0
1777889170.0273323,0.0,0.0,-84.0
1777889170.0373323,4.0,0.0,-82.0
1777889170.0473323,5.0,0.0,-78.0
1777889170.0573325,3.0,0.0,-79.0
1777889170.0673325,2.0,-1.0,-80.0
1777889170.0773325,1.0,0.0,-84.0
1777889170.0873325,5.0,-2.0,-86.0
1777889170.0973325,3.0,-3.0,-83.0
1777889170.1073325,7.0,-3.0,-81.0
1777889170.1173325,4.0,0.0,-84.0
1777889170.1273324,4.0,-2.0,-87.0
1777889170.1373324,4.0,-2.0,-88.0
1777889170.1473324,8.0,-2.0,-85.0
1777889170.1573324,7.0,-2.0,-82.0
1777889170.1673324,4.0,-10.0,-86.0
1777889170.1773324,2.0,-9.0,-83.0
1777889170.1873324,1.0,-4.0,-79.0
1777889170.1973324,3.0,0.0,-85.0
1777889170.2073324,3.0,0.0,-77.0
1777889170.2173324,1.0,1.0,-72.0
1777889170.2273324,3.0,0.0,-72.0
1777889170.2373323,1.0,-1.0,-69.0
1777889170.2473323,1.0,-2.0,-60.0
1777889170.2573323,3.0,-1.0,-60.0
1777889170.2673323,1.0,1.0,-64.0
1777889170.2773323,3.0,-1.0,-68.0
1777889170.2873323,4.0,-2.0,-67.0
1777889170.2973323,1.0,-2.0,-63.0
1777889170.3073325,4.0,-1.0,-64.0
1777889170.3173325,0.0,-4.0,-62.0
1777889170.3273325,1.0,-5.0,-71.0
1777889170.3373325,0.0,-1.0,-75.0
1777889170.3473325,-2.0,0.0,-77.0
1777889170.3573325,0.0,-4.0,-77.0
1777889170.3673325,1.0,-3.0,-71.0
1777889170.3773324,0.0,-2.0,-72.0
1777889170.3873324,-2.0,0.0,-76.0
1777889170.3973324,-4.0,0.0,-73.0
1777889170.4073324,0.0,1.0,-70.0
1777889170.4173324,1.0,1.0,-75.0
1777889170.4273324,-2.0,4.0,-80.0
1777889170.4373324,-6.0,5.0,-80.0
1777889170.4473324,-11.0,6.0,-82.0
1777889170.4573324,-8.0,2.0,-80.0
1777889170.4673324,-1.0,0.0,-76.0
1777889170.4773324,0.0,-1.0,-81.0
1777889170.4873323,-4.0,1.0,-82.0
1777889170.4973323,0.0,-1.0,-84.0
1777889170.5073323,6.0,-3.0,-81.0
1777889170.5173323,7.0,-5.0,-75.0
1777889170.5273323,1.0,-4.0,-68.0
1777889170.5373323,1.0,-3.0,-75.0
1777889170.5473323,3.0,0.0,-79.0
1777889170.5573325,0.0,3.0,-76.0
1777889170.5673325,1.0,4.0,-75.0
1777889170.5773325,5.0,5.0,-76.0
1777889170.5873325,7.0,4.0,-73.0
1777889170.5973325,8.0,0.0,-74.0
1777889170.6073325,9.0,0.0,-78.0
1777889170.6173325,3.0,-1.0,-81.0
1777889170.6273324,0.0,-4.0,-87.0
1777889170.6373324,0.0,-4.0,-86.0
1777889170.6473324,0.0,-2.0,-89.0
1777889170.6573324,0.0,0.0,-91.0
1777889170.6673324,-3.0,-2.0,-95.0
1777889170.6773324,-5.0,-4.0,-92.0
1777889170.6873324,-3.0,-4.0,-93.0
1777889170.6973324,-5.0,-3.0,-89.0
1777889170.7073324,-3.0,-4.0,-90.0
1777889170.7173324,-1.0,-2.0,-78.0
1777889170.7273324,2.0,-1.0,-74.0
1777889170.7373323,5.0,0.0,-73.0
1777889170.7473323,9.0,-1.0,-81.0
1777889170.7573323,9.0,-2.0,-82.0
1777889170.7673323,4.0,-1.0,-78.0
1777889170.7773323,0.0,-3.0,-72.0
1777889170.7873323,1.0,2.0,-72.0
1777889170.7973323,1.0,1.0,-77.0
1777889170.8073325,1.0,-1.0,-69.0
1777889170.8173325,2.0,-3.0,-68.0
1777889170.8273325,-1.0,-1.0,-66.0
1777889170.8373325,-3.0,-1.0,-69.0
1777889170.8473325,-1.0,4.0,-72.0
1777889170.8573325,-3.0,3.0,-72.0
1777889170.8673325,-2.0,7.0,-77.0
1777889170.8773324,2.0,4.0,-76.0
1777889170.8873324,2.0,1.0,-72.0
1777889170.8973324,0.0,1.0,-74.0
1777889170.9073324,0.0,0.0,-76.0
1777889170.9173324,-2.0,2.0,-86.0
1777889170.9273324,-2.0,0.0,-88.0
1777889170.9383323,-2.0,0.0,-89.0
1777889170.9473324,-2.0,-1.0,-97.0
1777889170.9573324,-8.0,2.0,-90.0
1777889170.9673324,-4.0,0.0,-84.0
1777889170.9773324,-6.0,-1.0,-78.0
1777889170.9873323,-1.0,-4.0,-75.0
1777889170.9973323,-3.0,-2.0,-76.0
1777889171.0073323,-3.0,-5.0,-78.0
1777889171.0173323,-2.0,-8.0,-80.0
1777889171.0273323,-3.0,-6.0,-80.0
1777889171.0373323,-2.0,-4.0,-81.0
1777889171.0473323,-2.0,-8.0,-80.0
1777889171.0573325,-2.0,-4.0,-83.0
1777889171.0673325,0.0,-1.0,-85.0
1777889171.0773325,-4.0,-2.0,-78.0
1777889171.0873325,-3.0,0.0,-79.0
1777889171.0973325,-6.0,1.0,-81.0
1777889171.1073325,-4.0,0.0,-79.0
1777889171.1173325,-2.0,0.0,-85.0
1777889171.1273324,1.0,0.0,-80.0
1777889171.1373324,-1.0,0.0,-77.0
1777889171.1473324,-2.0,0.0,-72.0
1777889171.1573324,0.0,1.0,-71.0
1777889171.1673324,3.0,-1.0,-76.0
1777889171.1773324,-1.0,0.0,-77.0
1777889171.1873324,1.0,-1.0,-75.0
1777889171.1973324,0.0,0.0,-75.0
1777889171.2073324,-1.0,0.0,-70.0
1777889171.2173324,3.0,-1.0,-71.0
1777889171.2273324,0.0,5.0,-76.0
1777889171.2373323,-2.0,1.0,-81.0
1777889171.2473323,-3.0,1.0,-81.0
1777889171.2573323,0.0,0.0,-84.0
1777889171.2673323,-1.0,1.0,-86.0
1777889171.2773323,3.0,2.0,-88.0
1777889171.2873323,3.0,4.0,-85.0
1777889171.2973323,3.0,4.0,-88.0
1777889171.3073325,3.0,3.0,-88.0
1777889171.3173325,3.0,4.0,-84.0
1777889171.3273325,3.0,3.0,-81.0
1777889171.3373325,2.0,1.0,-81.0
1777889171.3473325,-1.0,2.0,-87.0
1777889171.3573325,-2.0,0.0,-88.0
1777889171.3673325,0.0,-1.0,-85.0
1777889171.3773324,-5.0,0.0,-86.0
1777889171.3873324,-2.0,-2.0,-87.0
1777889171.3973324,0.0,0.0,-86.0
1777889171.4073324,1.0,0.0,-84.0
1777889171.4183323,2.0,0.0,-88.0
1777889171.4273324,-1.0,-4.0,-87.0
1777889171.4383323,-2.0,-9.0,-90.0
1777889171.4473324,0.0,-6.0,-89.0
1777889171.4583323,-4.0,-7.0,-82.0
1777889171.4683323,-3.0,-9.0,-79.0
1777889171.4783323,-6.0,-8.0,-78.0
1777889171.4883325,-5.0,-5.0,-85.0
1777889171.4983325,-1.0,-7.0,-86.0
1777889171.5083325,-2.0,-6.0,-80.0
1777889171.5183325,4.0,0.0,-82.0
1777889171.5283325,5.0,3.0,-81.0
1777889171.5383325,3.0,3.0,-86.0
1777889171.5483325,0.0,0.0,-91.0
1777889171.5583324,-1.0,3.0,-98.0
1777889171.5683324,-5.0,0.0,-95.0
1777889171.5783324,-2.0,1.0,-88.0
1777889171.5883324,-1.0,-4.0,-85.0
1777889171.5983324,-3.0,-3.0,-86.0
1777889171.6083324,-3.0,4.0,-86.0
1777889171.6183324,-2.0,6.0,-86.0
1777889171.6283324,-5.0,3.0,-77.0
1777889171.6383324,-2.0,-1.0,-82.0
1777889171.6483324,0.0,0.0,-76.0
1777889171.6583323,-1.0,1.0,-72.0
1777889171.6683323,2.0,0.0,-70.0
1777889171.6783323,1.0,-4.0,-72.0
1777889171.6883323,0.0,-5.0,-75.0
1777889171.6983323,-1.0,-5.0,-66.0
1777889171.7083323,-1.0,-8.0,-71.0
1777889171.7183323,-2.0,-7.0,-71.0
1777889171.7283323,-2.0,-3.0,-73.0
1777889171.7383325,0.0,0.0,-69.0
1777889171.7483325,5.0,-8.0,-69.0
1777889171.7583325,9.0,-6.0,-74.0
1777889171.7683325,9.0,-8.0,-79.0
1777889171.7783325,12.0,-7.0,-76.0
1777889171.7883325,12.0,-3.0,-82.0
1777889171.7983325,11.0,-5.0,-84.0
1777889171.8083324,7.0,-5.0,-82.0
1777889171.8183324,2.0,-6.0,-78.0
1777889171.8283324,1.0,-7.0,-82.0
1777889171.8383324,1.0,-4.0,-86.0
1777889171.8483324,0.0,-7.0,-86.0
1777889171.8583324,0.0,-8.0,-79.0
1777889171.8683324,1.0,-10.0,-76.0
1777889171.8783324,0.0,-10.0,-74.0
1777889171.8883324,2.0,-8.0,-79.0
1777889171.8983324,1.0,-3.0,-79.0
1777889171.9083323,3.0,-7.0,-76.0
1777889171.9183323,7.0,-6.0,-74.0
1777889171.9283323,10.0,-5.0,-76.0
1777889171.9383323,9.0,-1.0,-80.0
1777889171.9483323,3.0,-1.0,-82.0
1777889171.9583323,3.0,1.0,-84.0
1777889171.9683323,6.0,0.0,-78.0
1777889171.9783323,9.0,-2.0,-74.0
1777889171.9883325,8.0,-2.0,-73.0
1777889171.9983325,6.0,-2.0,-73.0
1777889172.0083325,0.0,-4.0,-73.0
1777889172.0183325,2.0,-5.0,-70.0
1777889172.0283325,2.0,-3.0,-76.0
1777889172.0383325,0.0,-5.0,-76.0
1777889172.0483325,0.0,-3.0,-75.0
1777889172.0583324,-2.0,-2.0,-81.0
1777889172.0683324,3.0,-5.0,-91.0
1777889172.0783324,0.0,-3.0,-96.0
1777889172.0883324,3.0,-2.0,-87.0
1777889172.0983324,4.0,1.0,-83.0
1777889172.1083324,4.0,1.0,-79.0
1777889172.1183324,0.0,2.0,-82.0
1777889172.1283324,2.0,3.0,-83.0
1777889172.1383324,4.0,2.0,-78.0
1777889172.1483324,-1.0,2.0,-76.0
1777889172.1583323,-6.0,4.0,-79.0
1777889172.1683323,-6.0,1.0,-85.0
1777889172.1783323,-5.0,2.0,-85.0
1777889172.1883323,-1.0,0.0,-76.0
1777889172.1983323,-3.0,0.0,-77.0
1777889172.2083323,-1.0,0.0,-79.0
1777889172.2183323,0.0,0.0,-77.0
1777889172.2283323,1.0,3.0,-77.0
1777889172.2383325,0.0,2.0,-78.0
1777889172.2483325,1.0,2.0,-76.0
1777889172.2583325,1.0,5.0,-70.0
1777889172.2683325,1.0,2.0,-75.0
1777889172.2783325,0.0,0.0,-78.0
1777889172.2883325,0.0,-1.0,-77.0
1777889172.2983325,0.0,2.0,-81.0
1777889172.3083324,0.0,3.0,-81.0
1777889172.3183324,2.0,0.0,-75.0
1777889172.3283324,1.0,2.0,-71.0
1777889172.3383324,0.0,-1.0,-69.0
1777889172.3483324,0.0,-1.0,-71.0
1777889172.3583324,-1.0,-2.0,-76.0
1777889172.3683324,-1.0,-7.0,-79.0
1777889172.3783324,0.0,-7.0,-76.0
1777889172.3883324,4.0,-4.0,-75.0
1777889172.3983324,6.0,-3.0,-81.0
1777889172.4083323,3.0,-2.0,-80.0
1777889172.4183323,4.0,-2.0,-81.0
1777889172.4283323,5.0,-2.0,-79.0
1777889172.4383323,2.0,-6.0,-78.0
1777889172.4483323,2.0,-7.0,-78.0
1777889172.4583323,1.0,-6.0,-73.0
1777889172.4683323,0.0,-4.0,-72.0
1777889172.4783323,2.0,-1.0,-68.0
1777889172.4883325,0.0,-4.0,-75.0
1777889172.4983325,4.0,-7.0,-78.0
1777889172.5083325,4.0,-9.0,-73.0
1777889172.5183325,4.0,-8.0,-71.0
1777889172.5283325,3.0,-9.0,-74.0
1777889172.5383325,1.0,-4.0,-73.0
1777889172.5483325,1.0,-4.0,-75.0
1777889172.5583324,1.0,-2.0,-73.0
1777889172.5683324,-1.0,-3.0,-66.0
1777889172.5783324,-2.0,-3.0,-75.0
1777889172.5883324,-2.0,-4.0,-79.0
1777889172.5983324,-2.0,-2.0,-76.0
1777889172.6083324,0.0,-4.0,-72.0
1777889172.6183324,0.0,1.0,-65.0
1777889172.6283324,-2.0,1.0,-70.0
1777889172.6383324,0.0,-2.0,-68.0
1777889172.6483324,0.0,-3.0,-65.0
1777889172.6583323,-2.0,-2.0,-67.0
1777889172.6683323,-1.0,-4.0,-71.0
1777889172.6783323,-2.0,-1.0,-82.0
1777889172.6883323,-6.0,0.0,-81.0
1777889172.6983323,-3.0,-1.0,-85.0
1777889172.7083323,0.0,0.0,-80.0
1777889172.7183323,0.0,0.0,-79.0
1777889172.7283323,1.0,-3.0,-82.0
1777889172.7383325,2.0,-3.0,-92.0
1777889172.7483325,0.0,-2.0,-88.0
1777889172.7583325,-3.0,-2.0,-83.0
1777889172.7683325,-2.0,-2.0,-81.0
1777889172.7783325,2.0,5.0,-81.0
1777889172.7883325,5.0,6.0,-84.0
1777889172.7983325,6.0,3.0,-84.0
1777889172.8083324,2.0,1.0,-79.0
1777889172.8183324,3.0,3.0,-77.0
1777889172.8283324,2.0,3.0,-78.0
1777889172.8383324,6.0,5.0,-74.0
1777889172.8483324,6.0,4.0,-69.0
1777889172.8583324,5.0,0.0,-71.0
1777889172.8683324,4.0,-2.0,-72.0
1777889172.8783324,5.0,-5.0,-80.0
1777889172.8883324,4.0,-3.0,-80.0
1777889172.8983324,-5.0,0.0,-79.0
1777889172.9083323,-4.0,-3.0,-70.0
1777889172.9183323,-2.0,-4.0,-80.0
1777889172.9283323,0.0,-4.0,-80.0
1777889172.9383323,-2.0,-4.0,-86.0
1777889172.9483323,-3.0,-2.0,-91.0
1777889172.9583323,0.0,-2.0,-91.0
1777889172.9683323,1.0,-1.0,-84.0
1777889172.9783323,-2.0,0.0,-80.0
1777889172.9883325,0.0,2.0,-77.0
1777889172.9983325,5.0,4.0,-77.0
1777889173.0083325,3.0,0.0,-80.0
1777889173.0183325,0.0,2.0,-82.0
1777889173.0283325,0.0,1.0,-81.0
1777889173.0383325,1.0,0.0,-85.0
1777889173.0483325,0.0,-1.0,-82.0
1777889173.0583324,2.0,0.0,-80.0
1777889173.0683324,3.0,1.0,-80.0
1777889173.0783324,0.0,-1.0,-78.0
1777889173.0883324,2.0,-4.0,-75.0
1777889173.0983324,3.0,-2.0,-81.0
1777889173.1083324,5.0,-3.0,-84.0
1777889173.1183324,6.0,-3.0,-86.0
1777889173.1283324,6.0,-5.0,-86.0
1777889173.1383324,5.0,-13.0,-81.0
1777889173.1483324,0.0,-7.0,-75.0
1777889173.1583323,3.0,-6.0,-78.0
1777889173.1683323,3.0,-3.0,-81.0
1777889173.1783323,0.0,-3.0,-81.0
1777889173.1883323,3.0,-1.0,-83.0
1777889173.1983323,3.0,-5.0,-84.0
1777889173.2083323,0.0,-4.0,-78.0
1777889173.2183323,4.0,-1.0,-77.0
1777889173.2283323,2.0,1.0,-79.0
1777889173.2383325,1.0,4.0,-82.0
1777889173.2483325,1.0,4.0,-88.0
1777889173.2583325,1.0,5.0,-92.0
1777889173.2683325,0.0,7.0,-88.0
1777889173.2783325,3.0,3.0,-91.0
1777889173.2883325,7.0,1.0,-91.0
1777889173.2983325,8.0,0.0,-78.0
1777889173.3083324,10.0,2.0,-69.0
1777889173.3183324,11.0,1.0,-68.0
1777889173.3283324,9.0,-2.0,-63.0
1777889173.3383324,4.0,-4.0,-63.0
1777889173.3483324,0.0,-2.0,-68.0
1777889173.3583324,-2.0,-5.0,-75.0
1777889173.3683324,-3.0,-5.0,-71.0
1777889173.3783324,-1.0,-7.0,-70.0
1777889173.3883324,-2.0,-9.0,-73.0
1777889173.3983324,0.0,-6.0,-73.0
1777889173.4093325,4.0,-3.0,-69.0
1777889173.4183323,0.0,-6.0,-71.0
1777889173.4293325,0.0,-4.0,-73.0
1777889173.4393325,0.0,-1.0,-73.0
1777889173.4493325,0.0,-1.0,-76.0
1777889173.4593325,1.0,-6.0,-88.0
1777889173.4693325,-3.0,-4.0,-88.0
1777889173.4793324,0.0,-2.0,-86.0
1777889173.4893324,0.0,-7.0,-79.0
1777889173.4993324,-1.0,-6.0,-75.0
1777889173.5093324,-4.0,-8.0,-72.0
1777889173.5193324,-6.0,-5.0,-68.0
1777889173.5293324,-10.0,-2.0,-68.0
1777889173.5393324,-3.0,-1.0,-68.0
1777889173.5493324,0.0,-4.0,-78.0
1777889173.5593324,0.0,-1.0,-82.0
1777889173.5693324,0.0,0.0,-78.0
1777889173.5793324,-1.0,0.0,-75.0
1777889173.5893323,-4.0,1.0,-69.0
1777889173.5993323,0.0,4.0,-75.0
1777889173.6093323,1.0,3.0,-78.0
1777889173.6193323,-1.0,4.0,-82.0
1777889173.6293323,2.0,6.0,-85.0
1777889173.6393323,0.0,6.0,-83.0
1777889173.6493323,0.0,4.0,-79.0
1777889173.6593325,2.0,0.0,-74.0
1777889173.6693325,2.0,0.0,-75.0
1777889173.6793325,3.0,-4.0,-75.0
1777889173.6893325,5.0,-8.0,-83.0
1777889173.6993325,3.0,-4.0,-83.0
1777889173.7093325,2.0,-2.0,-83.0
1777889173.7193325,3.0,-3.0,-83.0
1777889173.7293324,2.0,-5.0,-83.0
1777889173.7393324,3.0,-3.0,-77.0
1777889173.7493324,4.0,-1.0,-76.0
1777889173.7593324,-2.0,-1.0,-85.0
1777889173.7693324,-5.0,-3.0,-94.0
1777889173.7793324,-7.0,-2.0,-94.0
1777889173.7893324,-4.0,-4.0,-86.0
1777889173.7993324,0.0,-3.0,-81.0
1777889173.8093324,-4.0,-4.0,-80.0
1777889173.8193324,-4.0,0.0,-77.0
1777889173.8293324,-3.0,0.0,-73.0
1777889173.8393323,-2.0,-5.0,-78.0
1777889173.8493323,0.0,-4.0,-79.0
1777889173.8593323,1.0,-4.0,-84.0
1777889173.8693323,0.0,0.0,-83.0
1777889173.8793323,0.0,0.0,-81.0
1777889173.8893323,-4.0,1.0,-81.0
1777889173.8993323,-2.0,0.0,-80.0
1777889173.9093325,1.0,-2.0,-75.0
1777889173.9193325,0.0,-1.0,-75.0
1777889173.9293325,3.0,0.0,-78.0
1777889173.9393325,0.0,-1.0,-77.0
1777889173.9493325,-2.0,-3.0,-80.0
1777889173.9593325,-5.0,-1.0,-73.0
1777889173.9693325,-2.0,-3.0,-66.0
1777889173.9793324,-2.0,0.0,-64.0
1777889173.9893324,0.0,-1.0,-63.0
1777889173.9993324,0.0,-5.0,-65.0
1777889174.0093324,-2.0,-8.0,-73.0
1777889174.0193324,-6.0,-2.0,-80.0
1777889174.0293324,-6.0,-2.0,-80.0
1777889174.0393324,-4.0,-1.0,-79.0
1777889174.0493324,0.0,0.0,-75.0
1777889174.0593324,1.0,-1.0,-75.0
1777889174.0693324,6.0,-4.0,-73.0
1777889174.0793324,5.0,-6.0,-69.0
1777889174.0893323,4.0,-4.0,-65.0
1777889174.0993323,-1.0,3.0,-71.0
1777889174.1093323,-3.0,2.0,-76.0
1777889174.1193323,1.0,0.0,-75.0
1777889174.1293323,6.0,2.0,-74.0
1777889174.1393323,5.0,1.0,-75.0
1777889174.1493323,6.0,0.0,-82.0
1777889174.1593325,5.0,0.0,-82.0
1777889174.1693325,6.0,-5.0,-83.0
1777889174.1793325,6.0,-5.0,-83.0
1777889174.1893325,6.0,0.0,-81.0
1777889174.1993325,4.0,0.0,-80.0
1777889174.2093325,4.0,-4.0,-84.0
1777889174.2193325,3.0,-1.0,-86.0
1777889174.2293324,1.0,0.0,-81.0
1777889174.2393324,0.0,-2.0,-79.0
1777889174.2493324,1.0,0.0,-84.0
1777889174.2593324,-2.0,1.0,-80.0
1777889174.2693324,3.0,2.0,-77.0
1777889174.2793324,4.0,2.0,-76.0
1777889174.2893324,1.0,3.0,-76.0
1777889174.2993324,0.0,5.0,-79.0
1777889174.3093324,-1.0,4.0,-74.0
1777889174.3193324,0.0,1.0,-73.0
1777889174.3293324,0.0,-1.0,-78.0
1777889174.3393323,-1.0,-1.0,-76.0
1777889174.3493323,5.0,-3.0,-75.0
1777889174.3593323,3.0,0.0,-68.0
1777889174.3693323,3.0,-2.0,-69.0
1777889174.3793323,6.0,-6.0,-73.0
1777889174.3893323,0.0,-3.0,-76.0
1777889174.3993323,0.0,-1.0,-80.0
1777889174.4093325,0.0,-7.0,-82.0
1777889174.4193325,0.0,-1.0,-80.0
1777889174.4293325,-1.0,0.0,-78.0
1777889174.4393325,-4.0,4.0,-72.0
1777889174.4493325,-2.0,3.0,-74.0
1777889174.4593325,-4.0,5.0,-77.0
1777889174.4693325,-5.0,4.0,-72.0
1777889174.4793324,-4.0,3.0,-73.0
1777889174.4893324,4.0,-1.0,-72.0
1777889174.4993324,2.0,0.0,-76.0
1777889174.5093324,0.0,2.0,-79.0
1777889174.5193324,-2.0,5.0,-81.0
1777889174.5293324,0.0,5.0,-92.0
1777889174.5393324,1.0,0.0,-94.0
1777889174.5493324,3.0,-1.0,-85.0
1777889174.5593324,7.0,-3.0,-80.0
1777889174.5693324,6.0,-4.0,-82.0
1777889174.5793324,3.0,-4.0,-81.0
1777889174.5893323,0.0,-2.0,-79.0
1777889174.5993323,-5.0,-3.0,-78.0
1777889174.6093323,-2.0,-3.0,-78.0
1777889174.6193323,3.0,-3.0,-72.0
1777889174.6293323,5.0,-6.0,-77.0
1777889174.6393323,6.0,-5.0,-77.0
1777889174.6493323,4.0,-2.0,-76.0
1777889174.6593325,4.0,0.0,-76.0
1777889174.6693325,0.0,-1.0,-78.0
1777889174.6793325,1.0,-2.0,-73.0
1777889174.6893325,0.0,0.0,-76.0
1777889174.6993325,7.0,0.0,-72.0
1777889174.7093325,5.0,-1.0,-71.0
1777889174.7193325,5.0,0.0,-73.0
1777889174.7293324,0.0,1.0,-73.0
1777889174.7393324,-2.0,0.0,-70.0
1777889174.7493324,-3.0,0.0,-74.0
1777889174.7593324,-1.0,4.0,-72.0
1777889174.7693324,-2.0,0.0,-69.0
1777889174.7793324,-5.0,0.0,-69.0
1777889174.7893324,-3.0,2.0,-68.0
1777889174.7993324,0.0,1.0,-78.0
1777889174.8093324,0.0,4.0,-80.0
1777889174.8193324,2.0,0.0,-79.0
1777889174.8293324,0.0,0.0,-80.0
1777889174.8393323,0.0,-1.0,-79.0
1777889174.8493323,-1.0,-3.0,-74.0
1777889174.8593323,0.0,-4.0,-75.0
1777889174.8693323,-3.0,-8.0,-75.0
1777889174.8793323,-2.0,-7.0,-76.0
1777889174.8893323,-4.0,-5.0,-67.0
1777889174.8993323,-2.0,-4.0,-70.0
1777889174.9093325,-3.0,-7.0,-72.0
1777889174.9193325,-2.0,-9.0,-75.0
1777889174.9293325,-3.0,-10.0,-78.0
1777889174.9393325,-7.0,-8.0,-75.0
1777889174.9493325,-7.0,-7.0,-73.0
1777889174.9593325,-10.0,-4.0,-73.0
1777889174.9693325,-10.0,-5.0,-76.0
1777889174.9793324,-11.0,-7.0,-73.0
1777889174.9893324,-14.0,-7.0,-72.0
1777889174.9993324,-13.0,-7.0,-76.0
1777889175.0093324,-13.0,-5.0,-73.0
1777889175.0193324,-10.0,-1.0,-74.0
1777889175.0293324,-7.0,-3.0,-80.0
1777889175.0393324,-5.0,-1.0,-81.0
1777889175.0493324,-2.0,1.0,-83.0
1777889175.0593324,-3.0,0.0,-76.0
1777889175.0693324,0.0,-1.0,-80.0
1777889175.0793324,0.0,2.0,-75.0
1777889175.0893323,-1.0,2.0,-80.0
1777889175.0993323,-3.0,3.0,-73.0
1777889175.1093323,-5.0,0.0,-79.0
1777889175.1193323,-4.0,0.0,-74.0
1777889175.1293323,-1.0,0.0,-81.0
1777889175.1393323,-3.0,-5.0,-82.0
1777889175.1493323,-5.0,-8.0,-85.0
1777889175.1593325,-2.0,-4.0,-81.0
1777889175.1693325,0.0,-1.0,-80.0
1777889175.1793325,2.0,-2.0,-74.0
1777889175.1893325,0.0,-5.0,-74.0
1777889175.1993325,1.0,-6.0,-67.0
1777889175.2093325,6.0,-4.0,-65.0
1777889175.2193325,7.0,-4.0,-67.0
1777889175.2293324,7.0,-5.0,-66.0
1777889175.2393324,-1.0,-7.0,-68.0
1777889175.2493324,4.0,-6.0,-75.0
1777889175.2593324,2.0,-7.0,-75.0
1777889175.2693324,0.0,-6.0,-80.0
1777889175.2793324,4.0,-8.0,-89.0
1777889175.2893324,2.0,-6.0,-88.0
1777889175.2993324,1.0,-6.0,-89.0
1777889175.3093324,0.0,-5.0,-91.0
1777889175.3193324,0.0,-6.0,-87.0
1777889175.3293324,2.0,-7.0,-88.0
1777889175.3393323,1.0,-4.0,-92.0
1777889175.3493323,4.0,-3.0,-91.0
1777889175.3593323,8.0,-4.0,-92.0
1777889175.3693323,2.0,-2.0,-94.0
1777889175.3793323,1.0,-1.0,-91.0
1777889175.3893323,-1.0,-3.0,-85.0
1777889175.3993323,-1.0,-2.0,-80.0
1777889175.4093325,-2.0,-1.0,-76.0
1777889175.4193325,-5.0,0.0,-72.0
1777889175.4303324,-8.0,-4.0,-76.0
1777889175.4403324,-5.0,-1.0,-75.0
1777889175.4503324,-2.0,1.0,-73.0
1777889175.4603324,-1.0,-1.0,-73.0
1777889175.4703324,-1.0,-1.0,-72.0
1777889175.4803324,-2.0,-2.0,-78.0
1777889175.4903324,-1.0,-4.0,-82.0
1777889175.5003324,1.0,-7.0,-85.0
1777889175.5103323,3.0,-5.0,-78.0
1777889175.5203323,2.0,-8.0,-82.0
1777889175.5303323,11.0,-3.0,-82.0
1777889175.5403323,6.0,-4.0,-87.0
1777889175.5503323,5.0,-2.0,-88.0
1777889175.5603323,6.0,0.0,-87.0
1777889175.5703323,8.0,0.0,-84.0
1777889175.5803325,7.0,1.0,-89.0
1777889175.5903325,0.0,0.0,-89.0
1777889175.6003325,0.0,-1.0,-83.0
1777889175.6103325,0.0,1.0,-86.0
1777889175.6203325,3.0,2.0,-85.0
1777889175.6303325,3.0,4.0,-84.0
1777889175.6403325,1.0,3.0,-85.0
1777889175.6503325,4.0,5.0,-81.0
1777889175.6603324,2.0,3.0,-79.0
1777889175.6703324,1.0,-1.0,-80.0
1777889175.6803324,0.0,-5.0,-81.0
1777889175.6903324,-2.0,-6.0,-76.0
1777889175.7003324,0.0,-8.0,-80.0
1777889175.7103324,0.0,-3.0,-80.0
1777889175.7203324,2.0,-4.0,-75.0
1777889175.7303324,3.0,-6.0,-74.0
1777889175.7403324,2.0,-3.0,-77.0
1777889175.7513323,0.0,-3.0,-76.0
1777889175.7603323,4.0,-2.0,-65.0
1777889175.7703323,0.0,-2.0,-64.0
1777889175.7803323,0.0,-1.0,-71.0
1777889175.7903323,-5.0,1.0,-73.0
1777889175.8003323,-1.0,3.0,-75.0
1777889175.8103323,0.0,7.0,-76.0
1777889175.8203323,1.0,7.0,-81.0
1777889175.8303325,0.0,8.0,-80.0
1777889175.8403325,-4.0,3.0,-80.0
1777889175.8503325,-7.0,-1.0,-81.0
1777889175.8603325,-7.0,-6.0,-83.0
1777889175.8703325,-8.0,-8.0,-82.0
1777889175.8803325,-7.0,-7.0,-73.0
1777889175.8903325,0.0,-4.0,-79.0
1777889175.9003325,0.0,-8.0,-77.0
1777889175.9103324,-3.0,-7.0,-78.0
1777889175.9203324,1.0,-9.0,-81.0
1777889175.9303324,4.0,-7.0,-74.0
1777889175.9403324,8.0,-5.0,-73.0
1777889175.9503324,8.0,-5.0,-78.0
1777889175.9603324,10.0,-2.0,-85.0
1777889175.9703324,5.0,-2.0,-84.0
1777889175.9803324,5.0,0.0,-81.0
1777889175.9903324,2.0,0.0,-79.0
1777889176.0003324,0.0,1.0,-69.0
1777889176.0103323,2.0,-2.0,-74.0
1777889176.0203323,2.0,1.0,-83.0
1777889176.0303323,1.0,2.0,-83.0
1777889176.0403323,-2.0,1.0,-83.0
1777889176.0503323,-2.0,2.0,-84.0
1777889176.0603323,-3.0,-2.0,-84.0
1777889176.0703323,-2.0,-2.0,-79.0
1777889176.0803325,2.0,0.0,-80.0
1777889176.0903325,3.0,-1.0,-80.0
1777889176.1003325,-1.0,-1.0,-80.0
1777889176.1103325,0.0,-3.0,-80.0
1777889176.1203325,0.0,-3.0,-84.0
1777889176.1303325,4.0,0.0,-80.0
1777889176.1403325,3.0,-1.0,-85.0
1777889176.1503325,-1.0,-1.0,-87.0
1777889176.1603324,0.0,2.0,-83.0
1777889176.1703324,0.0,3.0,-82.0
1777889176.1803324,3.0,1.0,-79.0
1777889176.1903324,9.0,3.0,-82.0
1777889176.2003324,8.0,5.0,-81.0
1777889176.2103324,8.0,5.0,-80.0
1777889176.2203324,4.0,4.0,-79.0
1777889176.2303324,3.0,2.0,-77.0
1777889176.2403324,4.0,2.0,-84.0
1777889176.2503324,3.0,5.0,-75.0
1777889176.2603323,10.0,3.0,-75.0
1777889176.2703323,5.0,0.0,-80.0
1777889176.2803323,0.0,1.0,-76.0
1777889176.2903323,0.0,6.0,-73.0
1777889176.3003323,0.0,4.0,-75.0
1777889176.3103323,-5.0,2.0,-82.0
1777889176.3203323,-5.0,1.0,-75.0
1777889176.3303325,-3.0,0.0,-70.0
1777889176.3403325,3.0,-2.0,-73.0
1777889176.3503325,0.0,-1.0,-77.0
1777889176.3603325,-4.0,1.0,-74.0
1777889176.3703325,-6.0,1.0,-82.0
1777889176.3803325,-6.0,0.0,-92.0
1777889176.3913324,0.0,0.0,-94.0
1777889176.4003325,2.0,-4.0,-84.0
1777889176.4103324,5.0,-4.0,-78.0
1777889176.4203324,3.0,-1.0,-77.0
1777889176.4303324,0.0,0.0,-79.0
1777889176.4403324,-3.0,-3.0,-80.0
1777889176.4503324,-3.0,-4.0,-77.0
1777889176.4603324,-3.0,-6.0,-77.0
1777889176.4703324,-7.0,-4.0,-78.0
1777889176.4803324,-4.0,-2.0,-76.0
1777889176.4903324,-1.0,-2.0,-79.0
1777889176.5003324,0.0,-4.0,-77.0
1777889176.5103323,1.0,-2.0,-72.0
1777889176.5203323,4.0,-2.0,-70.0
1777889176.5303323,5.0,0.0,-72.0
1777889176.5403323,3.0,1.0,-76.0
1777889176.5503323,0.0,0.0,-79.0
1777889176.5603323,-2.0,6.0,-73.0
1777889176.5703323,0.0,6.0,-70.0
1777889176.5803325,0.0,1.0,-70.0
1777889176.5903325,2.0,2.0,-70.0
1777889176.6003325,0.0,2.0,-63.0
1777889176.6103325,-1.0,3.0,-61.0
1777889176.6203325,0.0,-2.0,-68.0
1777889176.6303325,1.0,-2.0,-68.0
1777889176.6403325,1.0,0.0,-66.0
1777889176.6503325,3.0,0.0,-70.0
1777889176.6603324,0.0,5.0,-71.0
1777889176.6703324,0.0,7.0,-76.0
1777889176.6803324,-2.0,6.0,-80.0
1777889176.6903324,0.0,7.0,-82.0
1777889176.7003324,0.0,10.0,-84.0
1777889176.7103324,3.0,8.0,-78.0
1777889176.7203324,6.0,8.0,-75.0
1777889176.7303324,8.0,8.0,-81.0
1777889176.7403324,4.0,3.0,-81.0
1777889176.7503324,2.0,8.0,-81.0
1777889176.7603323,1.0,6.0,-81.0
1777889176.7703323,0.0,4.0,-86.0
1777889176.7803323,0.0,-1.0,-82.0
1777889176.7903323,-3.0,0.0,-80.0
1777889176.8003323,0.0,-1.0,-81.0
1777889176.8103323,1.0,-2.0,-80.0
1777889176.8203323,1.0,-10.0,-79.0
1777889176.8303325,4.0,-8.0,-81.0
1777889176.8403325,3.0,-9.0,-83.0
1777889176.8503325,0.0,-4.0,-85.0
1777889176.8603325,0.0,-3.0,-85.0
1777889176.8703325,-4.0,-3.0,-84.0
1777889176.8803325,-4.0,-2.0,-88.0
1777889176.8903325,0.0,0.0,-85.0
1777889176.9003325,0.0,0.0,-76.0
1777889176.9103324,2.0,2.0,-74.0
1777889176.9203324,-2.0,1.0,-70.0
1777889176.9303324,2.0,0.0,-72.0
1777889176.9403324,5.0,-1.0,-76.0
1777889176.9503324,10.0,2.0,-75.0
1777889176.9603324,6.0,5.0,-73.0
1777889176.9703324,7.0,1.0,-69.0
1777889176.9803324,2.0,0.0,-77.0
1777889176.9903324,5.0,-3.0,-76.0
1777889177.0003324,4.0,0.0,-81.0
1777889177.0103323,3.0,0.0,-83.0
1777889177.0203323,1.0,1.0,-85.0
1777889177.0303323,2.0,-1.0,-86.0
1777889177.0403323,0.0,1.0,-83.0
1777889177.0503323,0.0,1.0,-83.0
1777889177.0603323,0.0,0.0,-72.0
1777889177.0703323,0.0,-4.0,-69.0
1777889177.0803325,0.0,-4.0,-76.0
1777889177.0903325,1.0,-2.0,-79.0
1777889177.1003325,1.0,-3.0,-72.0
1777889177.1103325,0.0,-2.0,-76.0
1777889177.1203325,0.0,-3.0,-79.0
1777889177.1303325,4.0,-4.0,-75.0
1777889177.1403325,6.0,-8.0,-79.0
1777889177.1503325,3.0,-4.0,-71.0
1777889177.1603324,7.0,-2.0,-64.0
1777889177.1703324,9.0,-1.0,-66.0
1777889177.1803324,5.0,-6.0,-71.0
1777889177.1903324,0.0,-6.0,-69.0
1777889177.2003324,-1.0,-6.0,-67.0
1777889177.2103324,-1.0,-6.0,-67.0
1777889177.2203324,0.0,-9.0,-71.0
1777889177.2303324,2.0,-8.0,-70.0
1777889177.2403324,0.0,-10.0,-71.0
1777889177.2503324,0.0,-3.0,-69.0
1777889177.2603323,0.0,-3.0,-76.0
1777889177.2703323,1.0,-3.0,-76.0
1777889177.2803323,3.0,-1.0,-77.0
1777889177.2903323,5.0,-3.0,-81.0
1777889177.3003323,1.0,-2.0,-80.0
1777889177.3103323,-1.0,-1.0,-85.0
1777889177.3203323,0.0,0.0,-79.0
1777889177.3303325,0.0,-2.0,-67.0
1777889177.3403325,2.0,0.0,-70.0
1777889177.3503325,5.0,2.0,-63.0
1777889177.3613324,4.0,0.0,-66.0
1777889177.3703325,7.0,-2.0,-73.0
1777889177.3803325,5.0,-2.0,-77.0
1777889177.3903325,8.0,0.0,-78.0
1777889177.4003325,3.0,2.0,-75.0
1777889177.4113324,-1.0,3.0,-69.0
1777889177.4213324,-1.0,4.0,-78.0
1777889177.4313323,1.0,6.0,-80.0
1777889177.4413323,4.0,7.0,-82.0
1777889177.4513323,0.0,4.0,-78.0
1777889177.4613323,0.0,3.0,-75.0
1777889177.4713323,-1.0,1.0,-78.0
1777889177.4813323,-2.0,0.0,-80.0
1777889177.4913323,-2.0,4.0,-75.0
1777889177.5013323,0.0,1.0,-64.0
1777889177.5113325,-2.0,0.0,-58.0
1777889177.5213325,1.0,0.0,-63.0
1777889177.5313325,-1.0,0.0,-73.0
1777889177.5413325,0.0,1.0,-80.0
1777889177.5513325,1.0,0.0,-78.0
1777889177.5613325,5.0,-1.0,-68.0
1777889177.5713325,6.0,0.0,-72.0
1777889177.5813324,7.0,-3.0,-72.0
1777889177.5913324,12.0,0.0,-68.0
1777889177.6013324,11.0,-2.0,-66.0
1777889177.6113324,10.0,0.0,-68.0
1777889177.6213324,3.0,0.0,-75.0
1777889177.6313324,1.0,3.0,-72.0
1777889177.6413324,1.0,2.0,-77.0
1777889177.6513324,-1.0,1.0,-77.0
1777889177.6613324,-3.0,1.0,-75.0
1777889177.6713324,0.0,1.0,-73.0
1777889177.6813323,-1.0,0.0,-73.0
1777889177.6913323,-5.0,0.0,-78.0
1777889177.7013323,-2.0,-2.0,-69.0
1777889177.7113323,-1.0,-2.0,-66.0
1777889177.7213323,-5.0,-4.0,-61.0
1777889177.7313323,0.0,1.0,-62.0
1777889177.7413323,0.0,-1.0,-67.0
1777889177.7513323,-3.0,-1.0,-72.0
1777889177.7613325,-7.0,0.0,-79.0
1777889177.7713325,0.0,0.0,-79.0
1777889177.7813325,1.0,2.0,-72.0
1777889177.7913325,3.0,0.0,-67.0
1777889177.8013325,4.0,0.0,-67.0
1777889177.8113325,1.0,-3.0,-70.0
1777889177.8213325,-1.0,-4.0,-77.0
1777889177.8313324,0.0,-6.0,-73.0
1777889177.8413324,0.0,-1.0,-72.0
1777889177.8513324,-1.0,-3.0,-74.0
1777889177.8613324,0.0,-2.0,-76.0
1777889177.8713324,6.0,0.0,-71.0
1777889177.8813324,5.0,0.0,-70.0
1777889177.8913324,9.0,0.0,-77.0
1777889177.9013324,8.0,1.0,-76.0
1777889177.9113324,6.0,-1.0,-85.0
1777889177.9213324,8.0,-3.0,-83.0
1777889177.9313323,5.0,-1.0,-76.0
1777889177.9413323,1.0,-4.0,-82.0
1777889177.9513323,0.0,-5.0,-78.0
1777889177.9613323,0.0,-4.0,-77.0
1777889177.9713323,-1.0,-3.0,-73.0
1777889177.9813323,2.0,0.0,-75.0
1777889177.9913323,2.0,-3.0,-79.0
1777889178.0013323,0.0,-5.0,-76.0
1777889178.0113325,0.0,-6.0,-80.0
1777889178.0213325,0.0,0.0,-81.0
1777889178.0313325,3.0,0.0,-82.0
1777889178.0413325,2.0,-1.0,-77.0
1777889178.0513325,1.0,-6.0,-71.0
1777889178.0613325,1.0,-4.0,-70.0
1777889178.0713325,3.0,0.0,-73.0
1777889178.0813324,4.0,0.0,-65.0
1777889178.0913324,0.0,3.0,-68.0
1777889178.1013324,0.0,1.0,-76.0
1777889178.1113324,3.0,-1.0,-81.0
1777889178.1213324,0.0,-2.0,-79.0
1777889178.1313324,0.0,-1.0,-76.0
1777889178.1413324,0.0,0.0,-82.0
1777889178.1513324,7.0,-1.0,-80.0
1777889178.1613324,3.0,0.0,-78.0
1777889178.1713324,3.0,4.0,-80.0
1777889178.1813323,4.0,5.0,-81.0
1777889178.1913323,5.0,0.0,-81.0
1777889178.2013323,9.0,-3.0,-76.0
1777889178.2113323,6.0,-3.0,-75.0
1777889178.2213323,1.0,-5.0,-74.0
1777889178.2313323,4.0,-6.0,-81.0
1777889178.2413323,9.0,-6.0,-92.0
1777889178.2513323,5.0,-4.0,-89.0
1777889178.2613325,2.0,0.0,-83.0
1777889178.2713325,-1.0,4.0,-79.0
1777889178.2813325,-3.0,4.0,-82.0
1777889178.2913325,-4.0,0.0,-86.0
1777889178.3013325,-4.0,0.0,-80.0
1777889178.3113325,0.0,0.0,-85.0
1777889178.3213325,1.0,3.0,-92.0
1777889178.3313324,0.0,1.0,-92.0
1777889178.3413324,-3.0,7.0,-93.0
1777889178.3513324,-1.0,6.0,-94.0
1777889178.3613324,-2.0,8.0,-87.0
1777889178.3713324,-2.0,6.0,-83.0
1777889178.3813324,0.0,1.0,-83.0
1777889178.3913324,1.0,0.0,-83.0
1777889178.4013324,1.0,-4.0,-87.0
1777889178.4113324,2.0,-6.0,-90.0
1777889178.4213324,0.0,-5.0,-89.0
1777889178.4313323,1.0,-1.0,-83.0
1777889178.4413323,2.0,-6.0,-79.0
1777889178.4513323,0.0,-8.0,-79.0
1777889178.4613323,-4.0,-7.0,-77.0
1777889178.4713323,-2.0,-8.0,-75.0
1777889178.4813323,-1.0,-8.0,-73.0
1777889178.4913323,-2.0,-8.0,-73.0
1777889178.5013323,-8.0,-3.0,-73.0
1777889178.5113325,-4.0,-2.0,-76.0
1777889178.5213325,-4.0,-4.0,-77.0
1777889178.5313325,-3.0,-3.0,-77.0
1777889178.5413325,-4.0,-5.0,-79.0
1777889178.5513325,-4.0,-4.0,-74.0
1777889178.5613325,-5.0,-4.0,-71.0
1777889178.5713325,-9.0,-3.0,-74.0
1777889178.5813324,-5.0,-4.0,-71.0
1777889178.5913324,-5.0,-8.0,-74.0
1777889178.6013324,-9.0,-1.0,-68.0
1777889178.6113324,-9.0,0.0,-70.0
1777889178.6213324,-9.0,-1.0,-68.0
1777889178.6313324,-8.0,2.0,-72.0
1777889178.6413324,-6.0,5.0,-77.0
1777889178.6513324,-1.0,4.0,-76.0
1777889178.6613324,-2.0,0.0,-75.0
1777889178.6713324,-1.0,-1.0,-80.0
1777889178.6813323,-3.0,0.0,-72.0
1777889178.6913323,-1.0,1.0,-70.0
1777889178.7013323,0.0,0.0,-71.0
1777889178.7113323,2.0,0.0,-66.0
1777889178.7213323,1.0,-1.0,-75.0
1777889178.7313323,4.0,-4.0,-75.0
1777889178.7413323,6.0,0.0,-74.0
1777889178.7513323,1.0,1.0,-76.0
1777889178.7613325,-1.0,5.0,-77.0
1777889178.7713325,1.0,5.0,-82.0
1777889178.7813325,4.0,3.0,-74.0
1777889178.7913325,6.0,3.0,-70.0
1777889178.8013325,7.0,2.0,-71.0
1777889178.8113325,6.0,0.0,-72.0
1777889178.8213325,2.0,-2.0,-80.0
1777889178.8313324,6.0,-2.0,-76.0
1777889178.8413324,3.0,-4.0,-76.0
1777889178.8513324,1.0,-2.0,-74.0
1777889178.8613324,4.0,-6.0,-69.0
1777889178.8713324,5.0,-5.0,-70.0
1777889178.8813324,1.0,-2.0,-72.0
1777889178.8913324,0.0,-1.0,-70.0
1777889178.9013324,0.0,0.0,-70.0
1777889178.9113324,2.0,0.0,-74.0
1777889178.9213324,4.0,0.0,-77.0
1777889178.9313323,6.0,3.0,-80.0
1777889178.9413323,5.0,3.0,-81.0
1777889178.9513323,7.0,0.0,-77.0
1777889178.9613323,7.0,-3.0,-77.0
1777889178.9713323,8.0,-3.0,-65.0
1777889178.9813323,5.0,-1.0,-61.0
1777889178.9913323,2.0,4.0,-63.0
1777889179.0013323,1.0,3.0,-62.0
1777889179.0113325,3.0,2.0,-59.0
1777889179.0213325,2.0,2.0,-65.0
1777889179.0313325,0.0,1.0,-69.0
1777889179.0413325,0.0,3.0,-66.0
1777889179.0513325,1.0,5.0,-71.0
1777889179.0613325,-2.0,5.0,-75.0
1777889179.0713325,0.0,0.0,-72.0
1777889179.0813324,4.0,-2.0,-77.0
1777889179.0913324,3.0,-2.0,-74.0
1777889179.1013324,1.0,0.0,-76.0
1777889179.1113324,2.0,-2.0,-78.0
1777889179.1213324,6.0,1.0,-80.0
1777889179.1313324,7.0,2.0,-77.0
1777889179.1413324,3.0,7.0,-79.0
1777889179.1513324,2.0,1.0,-74.0
1777889179.1613324,4.0,-2.0,-71.0
1777889179.1713324,3.0,-6.0,-66.0
1777889179.1813323,0.0,-2.0,-65.0
1777889179.1913323,0.0,-4.0,-63.0
1777889179.2013323,0.0,-4.0,-58.0
1777889179.2113323,-2.0,-4.0,-60.0
1777889179.2213323,0.0,-5.0,-63.0
1777889179.2313323,2.0,-6.0,-62.0
1777889179.2413323,3.0,-3.0,-66.0
1777889179.2513323,5.0,-2.0,-74.0
1777889179.2613325,4.0,0.0,-72.0
1777889179.2713325,6.0,2.0,-72.0
1777889179.2813325,8.0,3.0,-75.0
1777889179.2913325,10.0,4.0,-78.0
1777889179.3013325,8.0,3.0,-81.0
1777889179.3113325,5.0,-3.0,-76.0
1777889179.3213325,0.0,-5.0,-82.0
1777889179.3313324,-1.0,-4.0,-83.0
1777889179.3413324,2.0,-2.0,-81.0
1777889179.3513324,0.0,-1.0,-69.0
1777889179.3613324,-1.0,0.0,-65.0
1777889179.3723323,1.0,-1.0,-71.0
1777889179.3823323,3.0,-2.0,-69.0
1777889179.3923323,1.0,-3.0,-69.0
1777889179.4023323,1.0,-2.0,-70.0
1777889179.4123323,-1.0,0.0,-73.0
1777889179.4223323,-1.0,-3.0,-72.0
1777889179.4323325,1.0,-3.0,-68.0
1777889179.4423325,1.0,2.0,-62.0
1777889179.4523325,0.0,3.0,-62.0
1777889179.4623325,0.0,4.0,-65.0
1777889179.4723325,3.0,4.0,-68.0
1777889179.4823325,8.0,3.0,-69.0
1777889179.4923325,13.0,-6.0,-82.0
1777889179.5023324,10.0,-6.0,-84.0
1777889179.5123324,6.0,-3.0,-84.0
1777889179.5223324,9.0,0.0,-78.0
1777889179.5323324,4.0,-1.0,-71.0
1777889179.5423324,0.0,-1.0,-67.0
1777889179.5523324,-2.0,-1.0,-66.0
1777889179.5623324,3.0,-2.0,-73.0
1777889179.5723324,-3.0,-4.0,-77.0
1777889179.5823324,-1.0,-5.0,-81.0
1777889179.5923324,-2.0,-3.0,-77.0
1777889179.6023324,-4.0,0.0,-74.0
1777889179.6123323,0.0,3.0,-76.0
1777889179.6223323,1.0,5.0,-82.0
1777889179.6323323,3.0,5.0,-81.0
1777889179.6423323,-1.0,6.0,-79.0
1777889179.6523323,-2.0,7.0,-82.0
1777889179.6623323,1.0,5.0,-78.0
1777889179.6723323,0.0,2.0,-72.0
1777889179.6823325,-1.0,3.0,-79.0
1777889179.6923325,-4.0,2.0,-77.0
1777889179.7023325,-6.0,3.0,-72.0
1777889179.7123325,-7.0,2.0,-73.0
1777889179.7223325,-2.0,0.0,-79.0
1777889179.7323325,-1.0,-3.0,-78.0
1777889179.7423325,3.0,-6.0,-81.0
1777889179.7523324,-1.0,-8.0,-79.0
1777889179.7623324,-4.0,-6.0,-76.0
1777889179.7723324,-2.0,-3.0,-77.0
1777889179.7823324,-1.0,0.0,-74.0
1777889179.7923324,-4.0,-2.0,-72.0
1777889179.8023324,-6.0,-1.0,-71.0
1777889179.8123324,-2.0,0.0,-73.0
1777889179.8223324,-2.0,1.0,-76.0
1777889179.8323324,0.0,0.0,-76.0
1777889179.8423324,1.0,3.0,-75.0
1777889179.8523324,2.0,0.0,-71.0
1777889179.8623323,0.0,0.0,-62.0
1777889179.8723323,-3.0,0.0,-67.0
1777889179.8823323,-3.0,0.0,-73.0
1777889179.8923323,-1.0,1.0,-78.0
1777889179.9023323,-4.0,-6.0,-79.0
1777889179.9123323,-5.0,-9.0,-80.0
1777889179.9223323,-8.0,-5.0,-87.0
1777889179.9323325,-10.0,-5.0,-92.0
1777889179.9423325,-4.0,-6.0,-92.0
1777889179.9523325,0.0,-7.0,-84.0
1777889179.9623325,2.0,-5.0,-87.0
1777889179.9723325,3.0,-4.0,-87.0
1777889179.9823325,5.0,-6.0,-83.0
1777889179.9923325,4.0,-4.0,-76.0
1777889180.0023324,1.0,0.0,-80.0
1777889180.0123324,1.0,-3.0,-83.0
1777889180.0223324,-2.0,1.0,-82.0
1777889180.0323324,0.0,2.0,-82.0
1777889180.0423324,3.0,2.0,-76.0
1777889180.0523324,1.0,3.0,-72.0
1777889180.0623324,2.0,4.0,-75.0
1777889180.0723324,1.0,3.0,-73.0
1777889180.0823324,2.0,1.0,-71.0
1777889180.0923324,2.0,0.0,-71.0
1777889180.1023324,4.0,0.0,-61.0
1777889180.1123323,-4.0,3.0,-58.0
1777889180.1223323,-2.0,0.0,-63.0
1777889180.1323323,2.0,1.0,-57.0
1777889180.1423323,4.0,0.0,-63.0
1777889180.1523323,1.0,-2.0,-71.0
1777889180.1623323,-3.0,-3.0,-75.0
1777889180.1723323,-4.0,-1.0,-75.0
1777889180.1823325,-2.0,-2.0,-78.0
1777889180.1923325,2.0,-7.0,-72.0
1777889180.2023325,3.0,-3.0,-71.0
1777889180.2123325,3.0,0.0,-69.0
1777889180.2223325,4.0,-1.0,-71.0
1777889180.2323325,2.0,-3.0,-71.0
1777889180.2423325,0.0,-3.0,-73.0
1777889180.2523324,0.0,-2.0,-69.0
1777889180.2623324,4.0,-1.0,-83.0
1777889180.2723324,5.0,0.0,-76.0
1777889180.2823324,0.0,-2.0,-70.0
1777889180.2923324,-3.0,-3.0,-72.0
1777889180.3023324,-3.0,0.0,-78.0
1777889180.3123324,0.0,-2.0,-80.0
1777889180.3223324,-1.0,3.0,-82.0
1777889180.3323324,-2.0,-1.0,-81.0
1777889180.3423324,3.0,-1.0,-76.0
1777889180.3523324,7.0,1.0,-81.0
1777889180.3623323,4.0,0.0,-77.0
1777889180.3723323,1.0,-4.0,-75.0
1777889180.3823323,3.0,-3.0,-69.0
1777889180.3923323,0.0,-4.0,-65.0
1777889180.4023323,0.0,-3.0,-69.0
1777889180.4123323,0.0,0.0,-68.0
1777889180.4233325,0.0,3.0,-73.0
1777889180.4323325,-1.0,0.0,-73.0
1777889180.4423325,-4.0,2.0,-71.0
1777889180.4523325,-5.0,0.0,-70.0
1777889180.4623325,-1.0,1.0,-70.0
1777889180.4723325,0.0,6.0,-67.0
1777889180.4823325,-2.0,6.0,-70.0
1777889180.4923325,-3.0,2.0,-62.0
1777889180.5023324,-2.0,1.0,-63.0
1777889180.5123324,0.0,6.0,-61.0
1777889180.5223324,0.0,5.0,-60.0
1777889180.5323324,7.0,5.0,-67.0
1777889180.5423324,6.0,5.0,-67.0
1777889180.5523324,4.0,1.0,-72.0
1777889180.5623324,3.0,2.0,-84.0
1777889180.5723324,4.0,0.0,-84.0
1777889180.5823324,9.0,0.0,-83.0
1777889180.5923324,4.0,0.0,-84.0
1777889180.6023324,0.0,0.0,-88.0
1777889180.6123323,0.0,2.0,-85.0
1777889180.6223323,0.0,2.0,-82.0
1777889180.6323323,1.0,2.0,-85.0
1777889180.6423323,-1.0,-1.0,-78.0
1777889180.6523323,-2.0,-5.0,-80.0
1777889180.6623323,1.0,-8.0,-80.0
1777889180.6723323,7.0,-3.0,-78.0
1777889180.6823325,7.0,-6.0,-74.0
1777889180.6923325,1.0,5.0,-76.0
1777889180.7023325,5.0,2.0,-77.0
1777889180.7123325,6.0,0.0,-77.0
1777889180.7223325,1.0,3.0,-75.0
1777889180.7323325,0.0,4.0,-78.0
1777889180.7423325,0.0,3.0,-75.0
1777889180.7523324,0.0,0.0,-77.0
1777889180.7623324,-3.0,-1.0,-79.0
1777889180.7723324,0.0,-3.0,-84.0
1777889180.7823324,-4.0,-4.0,-83.0
1777889180.7923324,0.0,-8.0,-82.0
1777889180.8023324,0.0,-6.0,-87.0
1777889180.8123324,0.0,-3.0,-84.0
1777889180.8223324,-1.0,-1.0,-89.0
1777889180.8323324,2.0,1.0,-82.0
1777889180.8423324,0.0,1.0,-82.0
1777889180.8523324,-2.0,0.0,-78.0
1777889180.8623323,-3.0,-1.0,-75.0
1777889180.8723323,-2.0,0.0,-71.0
1777889180.8823323,3.0,-3.0,-69.0
1777889180.8923323,2.0,-4.0,-69.0
1777889180.9023323,1.0,0.0,-69.0
1777889180.9123323,1.0,-1.0,-60.0
1777889180.9223323,2.0,-2.0,-62.0
1777889180.9323325,0.0,-6.0,-58.0
1777889180.9423325,-3.0,-6.0,-62.0
1777889180.9523325,-9.0,-4.0,-55.0
1777889180.9623325,-4.0,-2.0,-61.0
1777889180.9723325,-1.0,-4.0,-63.0
1777889180.9823325,-1.0,-6.0,-62.0
1777889180.9923325,4.0,-8.0,-70.0
1777889181.0023324,2.0,-5.0,-70.0
1777889181.0123324,3.0,-5.0,-72.0
1777889181.0223324,0.0,-5.0,-71.0
1777889181.0323324,-3.0,-5.0,-74.0
1777889181.0423324,0.0,-5.0,-79.0
1777889181.0523324,1.0,-4.0,-84.0
1777889181.0623324,0.0,-1.0,-89.0
1777889181.0723324,2.0,-6.0,-89.0
1777889181.0823324,0.0,-10.0,-85.0
1777889181.0923324,3.0,-10.0,-80.0
1777889181.1023324,1.0,-9.0,-82.0
1777889181.1123323,3.0,-8.0,-82.0
1777889181.1223323,-2.0,-7.0,-83.0
1777889181.1323323,-1.0,-5.0,-84.0
1777889181.1423323,-1.0,-1.0,-79.0
1777889181.1523323,0.0,0.0,-80.0
1777889181.1623323,-1.0,-2.0,-83.0
1777889181.1723323,0.0,-1.0,-87.0
1777889181.1823325,1.0,-1.0,-87.0
1777889181.1923325,0.0,-3.0,-84.0
1777889181.2023325,-3.0,0.0,-78.0
1777889181.2123325,0.0,-1.0,-75.0
1777889181.2223325,-4.0,-5.0,-73.0
1777889181.2323325,-6.0,-5.0,-80.0
1777889181.2423325,-5.0,-7.0,-77.0
1777889181.2523324,-1.0,-2.0,-77.0
1777889181.2623324,0.0,-2.0,-81.0
1777889181.2723324,0.0,-2.0,-82.0
1777889181.2823324,0.0,0.0,-84.0
1777889181.2923324,-1.0,0.0,-88.0
1777889181.3023324,-1.0,-2.0,-81.0
1777889181.3123324,-1.0,-1.0,-84.0
1777889181.3223324,-2.0,-1.0,-79.0
1777889181.3323324,2.0,-3.0,-78.0
1777889181.3423324,-1.0,0.0,-70.0
1777889181.3533323,4.0,3.0,-69.0
1777889181.3623323,3.0,2.0,-67.0
1777889181.3723323,1.0,0.0,-69.0
1777889181.3833325,4.0,4.0,-72.0
1777889181.3933325,3.0,0.0,-73.0
1777889181.4033325,1.0,-5.0,-77.0
1777889181.4133325,3.0,-2.0,-77.0
1777889181.4233325,1.0,0.0,-75.0
1777889181.4333324,6.0,4.0,-80.0
1777889181.4433324,6.0,5.0,-84.0
1777889181.4533324,7.0,8.0,-81.0
1777889181.4633324,6.0,11.0,-76.0
1777889181.4733324,0.0,5.0,-74.0
1777889181.4833324,1.0,4.0,-74.0
1777889181.4933324,-1.0,4.0,-71.0
1777889181.5033324,0.0,4.0,-76.0
1777889181.5133324,-1.0,3.0,-73.0
1777889181.5233324,4.0,-1.0,-72.0
1777889181.5333323,1.0,0.0,-64.0
1777889181.5433323,3.0,0.0,-67.0
1777889181.5533323,1.0,0.0,-67.0
1777889181.5633323,6.0,-3.0,-75.0
1777889181.5733323,7.0,0.0,-75.0
1777889181.5833323,11.0,1.0,-75.0
1777889181.5933323,13.0,-1.0,-75.0
1777889181.6033323,12.0,-1.0,-78.0
1777889181.6133325,10.0,-1.0,-80.0
1777889181.6233325,3.0,-4.0,-83.0
1777889181.6333325,-1.0,-4.0,-83.0
1777889181.6433325,-4.0,-2.0,-86.0
1777889181.6533325,-6.0,0.0,-87.0
1777889181.6633325,-2.0,-2.0,-88.0
1777889181.6733325,4.0,-1.0,-90.0
1777889181.6833324,2.0,-1.0,-89.0
1777889181.6933324,2.0,-1.0,-86.0
1777889181.7033324,3.0,1.0,-82.0
1777889181.7133324,2.0,1.0,-73.0
1777889181.7233324,1.0,-2.0,-65.0
1777889181.7333324,2.0,-3.0,-69.0
1777889181.7433324,2.0,2.0,-69.0
1777889181.7533324,1.0,2.0,-71.0
1777889181.7633324,1.0,1.0,-71.0
1777889181.7733324,1.0,0.0,-75.0
1777889181.7833323,-1.0,-2.0,-77.0
1777889181.7933323,0.0,0.0,-77.0
1777889181.8033323,-2.0,-1.0,-76.0
1777889181.8133323,-4.0,0.0,-83.0
1777889181.8233323,-1.0,-1.0,-85.0
1777889181.8333323,0.0,1.0,-82.0
1777889181.8433323,2.0,2.0,-73.0
1777889181.8533323,2.0,2.0,-72.0
1777889181.8633325,6.0,3.0,-70.0
1777889181.8733325,4.0,-2.0,-78.0
1777889181.8833325,0.0,-3.0,-79.0
1777889181.8933325,-3.0,1.0,-75.0
1777889181.9033325,-1.0,1.0,-69.0
1777889181.9133325,0.0,1.0,-71.0
1777889181.9233325,3.0,2.0,-66.0
1777889181.9333324,1.0,2.0,-66.0
1777889181.9433324,-1.0,1.0,-73.0
1777889181.9533324,2.0,-2.0,-65.0
1777889181.9633324,0.0,0.0,-67.0
1777889181.9733324,-2.0,-2.0,-69.0
1777889181.9833324,-1.0,2.0,-73.0
1777889181.9933324,0.0,2.0,-77.0
1777889182.0033324,-1.0,2.0,-78.0
1777889182.0133324,4.0,-2.0,-77.0
1777889182.0233324,3.0,-2.0,-80.0
1777889182.0333323,3.0,-4.0,-83.0
1777889182.0433323,3.0,-3.0,-80.0
1777889182.0533323,5.0,-6.0,-83.0
1777889182.0633323,8.0,-7.0,-81.0
1777889182.0733323,12.0,-1.0,-81.0
1777889182.0833323,14.0,0.0,-83.0
1777889182.0933323,11.0,3.0,-80.0
1777889182.1033323,6.0,3.0,-83.0
1777889182.1133325,12.0,0.0,-83.0
1777889182.1233325,8.0,-1.0,-80.0
1777889182.1333325,5.0,-4.0,-79.0
1777889182.1433325,7.0,-3.0,-79.0
1777889182.1533325,3.0,-3.0,-76.0
1777889182.1633325,-1.0,0.0,-80.0
1777889182.1733325,1.0,-1.0,-83.0
1777889182.1833324,2.0,-2.0,-83.0
1777889182.1933324,0.0,-2.0,-89.0
1777889182.2033324,-1.0,-4.0,-91.0
1777889182.2133324,0.0,-4.0,-93.0
1777889182.2233324,0.0,-5.0,-82.0
1777889182.2333324,1.0,-2.0,-76.0
1777889182.2433324,0.0,-6.0,-69.0
1777889182.2533324,-1.0,-2.0,-72.0
1777889182.2633324,-3.0,2.0,-71.0
1777889182.2733324,0.0,0.0,-72.0
1777889182.2833323,0.0,4.0,-73.0
1777889182.2933323,-1.0,4.0,-73.0
1777889182.3033323,0.0,3.0,-70.0
1777889182.3133323,-2.0,0.0,-76.0
1777889182.3233323,-3.0,0.0,-81.0
1777889182.3333323,1.0,0.0,-83.0
1777889182.3433323,0.0,0.0,-80.0
1777889182.3533323,0.0,1.0,-76.0
1777889182.3633325,1.0,0.0,-75.0
1777889182.3733325,0.0,3.0,-81.0
1777889182.3833325,-3.0,1.0,-77.0
1777889182.3933325,-4.0,5.0,-84.0
1777889182.4033325,-3.0,5.0,-84.0
1777889182.4133325,-3.0,4.0,-85.0
1777889182.4233325,0.0,3.0,-84.0
1777889182.4333324,0.0,6.0,-86.0
1777889182.4433324,0.0,8.0,-86.0
1777889182.4533324,-3.0,3.0,-86.0
1777889182.4633324,-3.0,4.0,-85.0
1777889182.4733324,-4.0,5.0,-79.0
1777889182.4833324,-1.0,7.0,-74.0
1777889182.4933324,1.0,6.0,-69.0
1777889182.5033324,2.0,-4.0,-60.0
1777889182.5133324,2.0,-3.0,-59.0
1777889182.5233324,3.0,0.0,-57.0
1777889182.5333323,7.0,-1.0,-66.0
1777889182.5433323,7.0,-5.0,-73.0
1777889182.5533323,5.0,-9.0,-72.0
1777889182.5633323,5.0,-10.0,-79.0
1777889182.5733323,9.0,-6.0,-77.0
1777889182.5833323,7.0,-2.0,-74.0
1777889182.5933323,3.0,-4.0,-73.0
1777889182.6033323,5.0,-5.0,-71.0
1777889182.6133325,2.0,-3.0,-74.0
1777889182.6233325,2.0,-2.0,-70.0
1777889182.6333325,2.0,1.0,-74.0
1777889182.6433325,3.0,0.0,-71.0
1777889182.6533325,4.0,3.0,-77.0
1777889182.6633325,4.0,3.0,-76.0
1777889182.6733325,0.0,1.0,-74.0
1777889182.6833324,-3.0,2.0,-77.0
1777889182.6933324,-1.0,5.0,-74.0
1777889182.7033324,-2.0,4.0,-80.0
1777889182.7133324,-9.0,2.0,-85.0
1777889182.7233324,-10.0,3.0,-86.0
1777889182.7333324,-6.0,6.0,-90.0
1777889182.7433324,0.0,5.0,-83.0
1777889182.7533324,2.0,0.0,-79.0
1777889182.7633324,3.0,-2.0,-85.0
1777889182.7733324,2.0,0.0,-82.0
1777889182.7833323,2.0,0.0,-78.0
1777889182.7933323,6.0,0.0,-74.0
1777889182.8033323,3.0,0.0,-76.0
1777889182.8133323,1.0,2.0,-76.0
1777889182.8233323,2.0,1.0,-78.0
1777889182.8333323,0.0,0.0,-82.0
1777889182.8433323,-1.0,-4.0,-84.0
1777889182.8533323,0.0,-4.0,-77.0
1777889182.8633325,2.0,-3.0,-78.0
1777889182.8733325,0.0,0.0,-74.0
1777889182.8833325,0.0,1.0,-73.0
1777889182.8933325,-2.0,0.0,-70.0
1777889182.9033325,-4.0,1.0,-72.0
1777889182.9133325,-4.0,0.0,-74.0
1777889182.9233325,-3.0,1.0,-78.0
1777889182.9333324,-6.0,0.0,-78.0
1777889182.9433324,1.0,1.0,-79.0
1777889182.9533324,0.0,0.0,-76.0
1777889182.9633324,1.0,0.0,-75.0
1777889182.9733324,-2.0,2.0,-73.0
1777889182.9833324,-4.0,1.0,-70.0
1777889182.9933324,-7.0,3.0,-69.0
1777889183.0033324,-10.0,3.0,-64.0
1777889183.0133324,-11.0,0.0,-66.0
1777889183.0233324,-7.0,1.0,-69.0
1777889183.0333323,-3.0,1.0,-74.0
1777889183.0433323,-4.0,0.0,-76.0
1777889183.0533323,-1.0,-4.0,-81.0
1777889183.0633323,1.0,-6.0,-89.0
1777889183.0733323,1.0,-7.0,-89.0
1777889183.0833323,-1.0,-8.0,-80.0
1777889183.0933323,-3.0,-9.0,-77.0
1777889183.1033323,-7.0,-7.0,-72.0
1777889183.1133325,-7.0,-3.0,-73.0
1777889183.1243324,-5.0,-6.0,-80.0
1777889183.1333325,-2.0,-6.0,-84.0
1777889183.1433325,-4.0,-4.0,-75.0
1777889183.1533325,-4.0,-3.0,-65.0
1777889183.1633325,0.0,0.0,-65.0
1777889183.1733325,1.0,-5.0,-73.0
1777889183.1833324,11.0,-5.0,-74.0
1777889183.1933324,9.0,0.0,-75.0
1777889183.2033324,4.0,0.0,-77.0
1777889183.2133324,6.0,-3.0,-68.0
1777889183.2233324,3.0,-1.0,-70.0
1777889183.2333324,0.0,0.0,-70.0
1777889183.2433324,-2.0,0.0,-72.0
1777889183.2533324,-3.0,2.0,-71.0
1777889183.2633324,-6.0,4.0,-69.0
1777889183.2733324,-6.0,1.0,-68.0
1777889183.2833323,-6.0,-2.0,-64.0
1777889183.2933323,-8.0,-1.0,-63.0
1777889183.3033323,-6.0,-1.0,-63.0
1777889183.3133323,-4.0,0.0,-62.0
1777889183.3243325,-8.0,2.0,-62.0
1777889183.3333323,-6.0,4.0,-67.0
1777889183.3443325,-6.0,0.0,-65.0
1777889183.3543324,-6.0,0.0,-64.0
1777889183.3643324,-6.0,2.0,-76.0
1777889183.3743324,-4.0,5.0,-74.0
1777889183.3843324,-6.0,4.0,-76.0
1777889183.3943324,-3.0,3.0,-75.0
1777889183.4043324,-1.0,5.0,-78.0
1777889183.4143324,0.0,3.0,-70.0
1777889183.4243324,0.0,5.0,-74.0
1777889183.4343324,1.0,3.0,-79.0
1777889183.4443324,0.0,2.0,-78.0
1777889183.4543324,3.0,4.0,-82.0
1777889183.4643323,4.0,2.0,-73.0
1777889183.4743323,0.0,-3.0,-72.0
1777889183.4843323,0.0,-5.0,-76.0
1777889183.4943323,-1.0,-3.0,-77.0
1777889183.5043323,3.0,-3.0,-75.0
1777889183.5143323,6.0,-2.0,-77.0
1777889183.5243323,6.0,3.0,-77.0
1777889183.5343325,5.0,4.0,-78.0
1777889183.5443325,7.0,2.0,-79.0
1777889183.5543325,6.0,3.0,-77.0
1777889183.5643325,-1.0,6.0,-77.0
1777889183.5743325,-3.0,7.0,-77.0
1777889183.5843325,-1.0,8.0,-78.0
1777889183.5943325,0.0,3.0,-78.0
1777889183.6043324,0.0,1.0,-75.0
1777889183.6143324,0.0,0.0,-73.0
1777889183.6243324,-1.0,0.0,-70.0
1777889183.6343324,2.0,4.0,-72.0
1777889183.6443324,4.0,0.0,-74.0
1777889183.6543324,6.0,-2.0,-72.0
1777889183.6643324,9.0,0.0,-73.0
1777889183.6743324,7.0,-2.0,-69.0
1777889183.6843324,5.0,-3.0,-73.0
1777889183.6943324,0.0,-1.0,-78.0
1777889183.7043324,-1.0,0.0,-71.0
1777889183.7143323,3.0,-1.0,-64.0
1777889183.7243323,0.0,1.0,-64.0
1777889183.7343323,1.0,-1.0,-69.0
1777889183.7443323,2.0,-2.0,-71.0
1777889183.7543323,2.0,-4.0,-72.0
1777889183.7643323,1.0,-2.0,-68.0
1777889183.7743323,1.0,0.0,-67.0
1777889183.7843325,1.0,0.0,-72.0
1777889183.7943325,0.0,-3.0,-72.0
1777889183.8043325,-1.0,-1.0,-74.0
1777889183.8143325,0.0,2.0,-75.0
1777889183.8243325,0.0,3.0,-85.0
1777889183.8343325,0.0,0.0,-83.0
1777889183.8443325,1.0,-3.0,-77.0
1777889183.8543324,0.0,-6.0,-75.0
1777889183.8643324,2.0,-7.0,-75.0
1777889183.8743324,5.0,-9.0,-82.0
1777889183.8843324,5.0,-5.0,-82.0
1777889183.8943324,3.0,-4.0,-83.0
1777889183.9043324,4.0,-7.0,-83.0
1777889183.9143324,3.0,-8.0,-89.0
1777889183.9243324,1.0,-6.0,-92.0
1777889183.9343324,-1.0,-6.0,-88.0
1777889183.9443324,-1.0,-5.0,-85.0
1777889183.9543324,-2.0,-5.0,-81.0
1777889183.9643323,-3.0,-4.0,-81.0
1777889183.9743323,0.0,-3.0,-78.0
1777889183.9843323,5.0,2.0,-79.0
1777889183.9943323,2.0,6.0,-82.0
1777889184.0043323,3.0,3.0,-76.0
1777889184.0143323,4.0,1.0,-74.0
1777889184.0243323,4.0,1.0,-71.0
1777889184.0343325,1.0,0.0,-67.0
1777889184.0443325,0.0,1.0,-76.0
1777889184.0543325,1.0,0.0,-77.0
1777889184.0643325,7.0,0.0,-75.0
1777889184.0743325,7.0,-3.0,-74.0
1777889184.0843325,3.0,-1.0,-76.0
1777889184.0943325,0.0,-1.0,-83.0
1777889184.1043324,4.0,-3.0,-78.0
1777889184.1143324,2.0,-1.0,-77.0
1777889184.1243324,0.0,0.0,-84.0
1777889184.1343324,0.0,0.0,-86.0
1777889184.1443324,2.0,-1.0,-85.0
1777889184.1543324,4.0,-1.0,-80.0
1777889184.1643324,4.0,1.0,-77.0
1777889184.1743324,7.0,0.0,-78.0
1777889184.1843324,9.0,-2.0,-75.0
1777889184.1943324,9.0,-1.0,-78.0
1777889184.2043324,10.0,-6.0,-82.0
1777889184.2143323,5.0,-10.0,-75.0
1777889184.2243323,4.0,-4.0,-79.0
1777889184.2343323,5.0,-6.0,-81.0
1777889184.2443323,8.0,-6.0,-79.0
1777889184.2543323,7.0,-8.0,-76.0
1777889184.2643323,5.0,-2.0,-70.0
1777889184.2743323,1.0,-2.0,-69.0
1777889184.2843325,2.0,-5.0,-73.0
1777889184.2943325,-2.0,-4.0,-80.0
1777889184.3043325,-2.0,0.0,-75.0
1777889184.3143325,0.0,-2.0,-79.0
1777889184.3243325,1.0,1.0,-78.0
1777889184.3343325,0.0,2.0,-75.0
1777889184.3443325,0.0,1.0,-79.0
1777889184.3543324,-1.0,5.0,-80.0
1777889184.3643324,0.0,5.0,-80.0
1777889184.3743324,3.0,6.0,-82.0
1777889184.3843324,5.0,0.0,-76.0
1777889184.3943324,2.0,-4.0,-76.0
1777889184.4043324,0.0,-5.0,-75.0
1777889184.4143324,2.0,-7.0,-81.0
1777889184.4243324,0.0,-11.0,-80.0
1777889184.4343324,2.0,-11.0,-78.0
1777889184.4443324,0.0,-8.0,-86.0
1777889184.4543324,-1.0,-6.0,-81.0
1777889184.4643323,-1.0,-6.0,-78.0
1777889184.4743323,-1.0,-6.0,-86.0
1777889184.4843323,-1.0,-6.0,-83.0
1777889184.4943323,0.0,-3.0,-79.0
1777889184.5043323,1.0,-3.0,-78.0
1777889184.5143323,4.0,2.0,-83.0
1777889184.5243323,6.0,1.0,-80.0
1777889184.5343325,8.0,0.0,-75.0
1777889184.5443325,2.0,0.0,-73.0
1777889184.5543325,2.0,-2.0,-70.0
1777889184.5643325,-1.0,-4.0,-69.0
1777889184.5743325,-1.0,-1.0,-70.0
1777889184.5843325,-1.0,0.0,-68.0
1777889184.5943325,0.0,0.0,-69.0
1777889184.6043324,-1.0,6.0,-78.0
1777889184.6143324,0.0,4.0,-78.0
1777889184.6243324,1.0,1.0,-77.0
1777889184.6343324,-2.0,4.0,-80.0
1777889184.6443324,1.0,1.0,-75.0
1777889184.6543324,2.0,4.0,-74.0
1777889184.6643324,2.0,2.0,-74.0
1777889184.6743324,2.0,4.0,-74.0
1777889184.6843324,1.0,0.0,-73.0
1777889184.6943324,0.0,-1.0,-76.0
1777889184.7043324,1.0,-4.0,-76.0
1777889184.7143323,0.0,-3.0,-73.0
1777889184.7243323,-2.0,-2.0,-70.0
1777889184.7343323,1.0,-2.0,-69.0
1777889184.7443323,4.0,0.0,-74.0
1777889184.7543323,5.0,0.0,-79.0
1777889184.7643323,5.0,-1.0,-81.0
1777889184.7743323,2.0,0.0,-84.0
1777889184.7843325,0.0,0.0,-84.0
1777889184.7943325,-3.0,0.0,-81.0
1777889184.8043325,-1.0,-1.0,-78.0
1777889184.8143325,-7.0,-2.0,-72.0
1777889184.8243325,-3.0,-2.0,-73.0
1777889184.8343325,0.0,-3.0,-70.0
1777889184.8443325,3.0,0.0,-71.0
1777889184.8543324,4.0,-1.0,-67.0
1777889184.8653324,7.0,-3.0,-71.0
1777889184.8743324,10.0,-2.0,-73.0
1777889184.8843324,12.0,-3.0,-73.0
1777889184.8943324,8.0,-7.0,-73.0
1777889184.9043324,4.0,-13.0,-67.0
1777889184.9143324,1.0,-8.0,-70.0
1777889184.9243324,0.0,-4.0,-73.0
1777889184.9343324,2.0,-3.0,-74.0
1777889184.9443324,1.0,-4.0,-79.0
1777889184.9543324,0.0,-4.0,-81.0
1777889184.9643323,1.0,-3.0,-79.0
1777889184.9743323,5.0,-6.0,-76.0
1777889184.9843323,2.0,-3.0,-76.0
1777889184.9943323,3.0,-2.0,-79.0
1777889185.0043323,1.0,0.0,-84.0
1777889185.0143323,0.0,-2.0,-88.0
1777889185.0243323,0.0,-1.0,-83.0
1777889185.0343325,-1.0,-1.0,-81.0
1777889185.0443325,0.0,-2.0,-79.0
1777889185.0543325,0.0,-3.0,-78.0
1777889185.0643325,-4.0,-1.0,-78.0
1777889185.0743325,-6.0,-4.0,-83.0
1777889185.0843325,-1.0,-4.0,-83.0
1777889185.0943325,1.0,-7.0,-74.0
1777889185.1043324,7.0,-7.0,-69.0
1777889185.1143324,14.0,-9.0,-71.0
1777889185.1243324,9.0,-6.0,-69.0
1777889185.1343324,8.0,-9.0,-75.0
1777889185.1443324,5.0,-6.0,-78.0
1777889185.1543324,3.0,-3.0,-78.0
1777889185.1643324,1.0,-1.0,-77.0
1777889185.1743324,-1.0,2.0,-76.0
1777889185.1843324,1.0,4.0,-72.0
1777889185.1943324,1.0,1.0,-77.0
1777889185.2043324,3.0,0.0,-78.0
1777889185.2143323,6.0,0.0,-76.0
1777889185.2243323,4.0,2.0,-77.0
1777889185.2343323,3.0,0.0,-74.0
1777889185.2443323,4.0,-2.0,-76.0
1777889185.2543323,0.0,0.0,-77.0
1777889185.2643323,0.0,1.0,-77.0
1777889185.2743323,2.0,0.0,-76.0
1777889185.2843325,3.0,-3.0,-73.0
1777889185.2943325,4.0,-1.0,-74.0
1777889185.3043325,5.0,2.0,-71.0
1777889185.3143325,7.0,0.0,-78.0
1777889185.3253324,10.0,0.0,-76.0
1777889185.3353324,7.0,-2.0,-75.0
1777889185.3453324,4.0,-5.0,-74.0
1777889185.3553324,3.0,-3.0,-79.0
1777889185.3653324,2.0,-5.0,-84.0
1777889185.3753324,1.0,-4.0,-86.0
1777889185.3853323,1.0,-6.0,-85.0
1777889185.3953323,1.0,-4.0,-84.0
1777889185.4053323,4.0,-6.0,-79.0
1777889185.4153323,2.0,-6.0,-83.0
1777889185.4253323,0.0,-4.0,-81.0
1777889185.4353323,-2.0,-2.0,-80.0
1777889185.4453323,-5.0,0.0,-74.0
1777889185.4553325,-6.0,0.0,-75.0
1777889185.4643323,-1.0,-3.0,-71.0
1777889185.4753325,0.0,-6.0,-73.0
1777889185.4853325,0.0,-6.0,-72.0
1777889185.4953325,-1.0,-5.0,-70.0
1777889185.5053325,-4.0,-5.0,-73.0
1777889185.5153325,0.0,-7.0,-78.0
1777889185.5253325,0.0,-7.0,-76.0
1777889185.5353324,1.0,-9.0,-77.0
1777889185.5453324,5.0,-5.0,-76.0
1777889185.5553324,3.0,-7.0,-81.0
1777889185.5653324,-1.0,-11.0,-84.0
1777889185.5753324,0.0,-12.0,-79.0
1777889185.5853324,0.0,-9.0,-80.0
1777889185.5953324,2.0,-9.0,-83.0
1777889185.6053324,1.0,-9.0,-79.0
1777889185.6153324,0.0,-10.0,-81.0
1777889185.6253324,3.0,-10.0,-79.0
1777889185.6353323,2.0,-8.0,-87.0
1777889185.6453323,-1.0,-5.0,-90.0
1777889185.6553323,0.0,-2.0,-84.0
1777889185.6653323,4.0,-1.0,-85.0
1777889185.6753323,-1.0,0.0,-82.0
1777889185.6853323,0.0,0.0,-79.0
1777889185.6953323,5.0,-1.0,-76.0
1777889185.7053325,7.0,0.0,-68.0
1777889185.7153325,4.0,-1.0,-73.0
1777889185.7253325,7.0,0.0,-73.0
1777889185.7353325,1.0,1.0,-78.0
1777889185.7453325,3.0,0.0,-77.0
1777889185.7553325,4.0,0.0,-83.0
1777889185.7653325,0.0,-4.0,-78.0
1777889185.7753325,0.0,-3.0,-74.0
1777889185.7853324,0.0,-2.0,-73.0
1777889185.7953324,5.0,-2.0,-72.0
1777889185.8053324,3.0,-3.0,-72.0
1777889185.8153324,2.0,-2.0,-73.0
1777889185.8253324,-2.0,0.0,-79.0
1777889185.8353324,1.0,0.0,-81.0
1777889185.8453324,4.0,0.0,-79.0
1777889185.8553324,0.0,3.0,-74.0
1777889185.8653324,0.0,3.0,-70.0
1777889185.8753324,-2.0,3.0,-71.0
1777889185.8853323,-3.0,4.0,-66.0
1777889185.8953323,-2.0,2.0,-60.0
1777889185.9053323,0.0,-1.0,-70.0
1777889185.9153323,1.0,-3.0,-76.0
1777889185.9253323,0.0,-4.0,-77.0
1777889185.9353323,0.0,0.0,-86.0
1777889185.9453323,1.0,1.0,-87.0
1777889185.9553325,2.0,0.0,-90.0
1777889185.9653325,5.0,0.0,-90.0
1777889185.9753325,-1.0,2.0,-88.0
1777889185.9853325,1.0,0.0,-78.0
1777889185.9953325,0.0,0.0,-68.0
1777889186.0053325,0.0,-4.0,-64.0
1777889186.0153325,0.0,-9.0,-70.0
1777889186.0253325,6.0,-4.0,-77.0
1777889186.0353324,11.0,-2.0,-69.0
1777889186.0453324,9.0,-2.0,-61.0
1777889186.0553324,6.0,-1.0,-67.0
1777889186.0653324,4.0,-4.0,-61.0
1777889186.0753324,3.0,-3.0,-62.0
1777889186.0853324,2.0,-2.0,-63.0
1777889186.0953324,3.0,0.0,-68.0
1777889186.1053324,2.0,0.0,-65.0
1777889186.1153324,0.0,-2.0,-63.0
1777889186.1253324,0.0,0.0,-63.0
1777889186.1353323,1.0,0.0,-69.0
1777889186.1453323,2.0,-1.0,-73.0
1777889186.1553323,1.0,-2.0,-75.0
1777889186.1653323,3.0,0.0,-75.0
1777889186.1753323,4.0,2.0,-74.0
1777889186.1853323,4.0,0.0,-70.0
1777889186.1953323,4.0,1.0,-76.0
1777889186.2053325,10.0,2.0,-80.0
1777889186.2153325,9.0,4.0,-72.0
1777889186.2253325,6.0,4.0,-73.0
1777889186.2353325,0.0,0.0,-78.0
1777889186.2453325,1.0,-4.0,-76.0
1777889186.2553325,-4.0,-6.0,-75.0
1777889186.2653325,-3.0,-9.0,-79.0
1777889186.2753325,-1.0,-6.0,-79.0
1777889186.2853324,-4.0,0.0,-80.0
1777889186.2953324,2.0,0.0,-79.0
1777889186.3053324,3.0,5.0,-76.0
1777889186.3153324,7.0,9.0,-64.0
1777889186.3253324,3.0,9.0,-65.0
1777889186.3353324,0.0,5.0,-72.0
1777889186.3453324,-6.0,2.0,-72.0
1777889186.3553324,-5.0,2.0,-78.0
1777889186.3653324,-5.0,-1.0,-80.0
1777889186.3753324,-3.0,0.0,-80.0
1777889186.3853323,-1.0,-3.0,-73.0
1777889186.3953323,0.0,-4.0,-75.0
1777889186.4053323,2.0,-4.0,-77.0
1777889186.4153323,-2.0,1.0,-80.0
1777889186.4253323,0.0,0.0,-86.0
1777889186.4353323,0.0,0.0,-80.0
1777889186.4453323,-1.0,-3.0,-75.0
1777889186.4553325,-3.0,-3.0,-73.0
1777889186.4653325,0.0,-2.0,-72.0
1777889186.4753325,-1.0,-4.0,-73.0
1777889186.4853325,0.0,-5.0,-74.0
1777889186.4953325,0.0,-8.0,-70.0
1777889186.5053325,0.0,-8.0,-72.0
1777889186.5153325,2.0,-6.0,-71.0
1777889186.5253325,2.0,-4.0,-69.0
1777889186.5353324,2.0,0.0,-69.0
1777889186.5453324,0.0,-1.0,-74.0
1777889186.5553324,0.0,1.0,-75.0
1777889186.5653324,4.0,1.0,-76.0
1777889186.5753324,3.0,0.0,-73.0
1777889186.5853324,3.0,1.0,-71.0
1777889186.5953324,4.0,0.0,-69.0
1777889186.6053324,5.0,0.0,-69.0
1777889186.6153324,6.0,0.0,-72.0
1777889186.6253324,4.0,-4.0,-74.0
1777889186.6353323,4.0,-5.0,-70.0
1777889186.6453323,4.0,-3.0,-66.0
1777889186.6553323,3.0,-5.0,-70.0
1777889186.6653323,5.0,-6.0,-76.0
1777889186.6753323,0.0,-4.0,-72.0
1777889186.6853323,-1.0,-2.0,-75.0
1777889186.6953323,2.0,-3.0,-81.0
1777889186.7053325,1.0,-3.0,-79.0
1777889186.7153325,0.0,-2.0,-71.0
1777889186.7253325,-2.0,1.0,-74.0
1777889186.7353325,0.0,-1.0,-77.0
1777889186.7453325,0.0,0.0,-77.0
1777889186.7553325,2.0,4.0,-73.0
1777889186.7653325,1.0,6.0,-73.0
1777889186.7753325,0.0,4.0,-75.0
1777889186.7853324,3.0,3.0,-76.0
1777889186.7953324,4.0,1.0,-72.0
1777889186.8053324,0.0,0.0,-75.0
1777889186.8153324,-1.0,-3.0,-77.0
1777889186.8253324,2.0,1.0,-84.0
1777889186.8353324,1.0,-1.0,-83.0
1777889186.8453324,0.0,0.0,-85.0
1777889186.8553324,5.0,3.0,-82.0
1777889186.8653324,5.0,4.0,-78.0
1777889186.8753324,4.0,2.0,-74.0
1777889186.8853323,1.0,-4.0,-64.0
1777889186.8953323,1.0,-1.0,-63.0
1777889186.9053323,2.0,-1.0,-61.0
1777889186.9153323,1.0,0.0,-62.0
1777889186.9253323,4.0,-4.0,-67.0
1777889186.9353323,4.0,-9.0,-68.0
1777889186.9453323,4.0,-8.0,-69.0
1777889186.9553325,2.0,-9.0,-78.0
1777889186.9653325,3.0,-4.0,-80.0
1777889186.9753325,2.0,-1.0,-78.0
1777889186.9853325,0.0,1.0,-79.0
1777889186.9953325,0.0,3.0,-85.0
1777889187.0053325,-2.0,2.0,-82.0
1777889187.0153325,-5.0,0.0,-78.0
1777889187.0253325,0.0,0.0,-78.0
1777889187.0353324,0.0,1.0,-79.0
1777889187.0453324,2.0,0.0,-80.0
1777889187.0553324,0.0,0.0,-73.0
1777889187.0653324,0.0,1.0,-70.0
1777889187.0753324,-1.0,2.0,-71.0
1777889187.0853324,0.0,0.0,-77.0
1777889187.0953324,1.0,1.0,-79.0
1777889187.1053324,3.0,3.0,-79.0
1777889187.1153324,1.0,1.0,-77.0
1777889187.1253324,2.0,-3.0,-76.0
1777889187.1353323,3.0,0.0,-69.0
1777889187.1453323,5.0,-4.0,-74.0
1777889187.1553323,5.0,-4.0,-81.0
1777889187.1653323,8.0,-5.0,-80.0
1777889187.1753323,12.0,-6.0,-81.0
1777889187.1853323,10.0,-2.0,-79.0
1777889187.1953323,7.0,0.0,-83.0
1777889187.2053325,10.0,-1.0,-88.0
1777889187.2153325,6.0,-1.0,-87.0
1777889187.2253325,5.0,2.0,-87.0
1777889187.2353325,2.0,0.0,-86.0
1777889187.2453325,-1.0,-2.0,-80.0
1777889187.2553325,1.0,-4.0,-80.0
1777889187.2653325,-3.0,-3.0,-81.0
1777889187.2753325,-1.0,-5.0,-81.0
1777889187.2853324,0.0,-5.0,-81.0
1777889187.2953324,0.0,-4.0,-72.0
1777889187.3063323,1.0,-8.0,-71.0
1777889187.3163323,0.0,-8.0,-76.0
1777889187.3263323,-2.0,-9.0,-78.0
1777889187.3363323,-2.0,-10.0,-80.0
1777889187.3463323,-3.0,-9.0,-78.0
1777889187.3563323,-2.0,-7.0,-76.0
1777889187.3653324,2.0,-5.0,-73.0
1777889187.3763323,0.0,-7.0,-74.0
1777889187.3863325,0.0,-6.0,-80.0
1777889187.3963325,5.0,-4.0,-75.0
1777889187.4063325,0.0,-2.0,-74.0
1777889187.4163325,-1.0,0.0,-76.0
1777889187.4263325,-1.0,0.0,-78.0
1777889187.4363325,0.0,0.0,-75.0
1777889187.4463325,0.0,0.0,-75.0
1777889187.4563324,-3.0,2.0,-71.0
1777889187.4663324,0.0,3.0,-67.0
1777889187.4763324,0.0,5.0,-66.0
1777889187.4863324,-2.0,7.0,-67.0
1777889187.4963324,-4.0,5.0,-72.0
1777889187.5063324,-7.0,5.0,-71.0
1777889187.5163324,-5.0,0.0,-76.0
1777889187.5263324,-6.0,0.0,-76.0
1777889187.5363324,-10.0,0.0,-80.0
1777889187.5463324,-9.0,4.0,-78.0
1777889187.5563323,-11.0,5.0,-70.0
1777889187.5663323,-10.0,2.0,-73.0
1777889187.5763323,-8.0,1.0,-70.0
1777889187.5863323,-5.0,-1.0,-69.0
1777889187.5963323,-1.0,-2.0,-72.0
1777889187.6063323,1.0,-2.0,-72.0
1777889187.6163323,0.0,0.0,-68.0
1777889187.6263323,-2.0,0.0,-69.0
1777889187.6363325,-1.0,-1.0,-69.0
1777889187.6463325,-2.0,-1.0,-72.0
1777889187.6563325,-1.0,0.0,-76.0
1777889187.6663325,-7.0,2.0,-75.0
1777889187.6763325,-3.0,0.0,-67.0
1777889187.6863325,1.0,6.0,-61.0
1777889187.6963325,1.0,4.0,-68.0
1777889187.7063324,2.0,1.0,-65.0
1777889187.7163324,1.0,0.0,-71.0
1777889187.7263324,4.0,5.0,-77.0
1777889187.7363324,3.0,4.0,-74.0
1777889187.7463324,4.0,0.0,-76.0
1777889187.7563324,4.0,-1.0,-72.0
1777889187.7663324,1.0,-4.0,-70.0
1777889187.7763324,2.0,-3.0,-65.0
1777889187.7863324,3.0,-1.0,-67.0
1777889187.7963324,8.0,-1.0,-64.0
1777889187.8063323,4.0,-2.0,-62.0
1777889187.8163323,5.0,-6.0,-63.0
1777889187.8263323,6.0,-6.0,-65.0
1777889187.8363323,3.0,-10.0,-60.0
1777889187.8463323,-1.0,-9.0,-57.0
1777889187.8563323,-5.0,-7.0,-62.0
1777889187.8663323,-5.0,-8.0,-58.0
1777889187.8763323,-1.0,-7.0,-67.0
1777889187.8863325,1.0,-4.0,-72.0
1777889187.8963325,0.0,0.0,-77.0
1777889187.9063325,0.0,0.0,-84.0
1777889187.9163325,0.0,1.0,-81.0
1777889187.9263325,3.0,-3.0,-78.0
1777889187.9373324,3.0,0.0,-81.0
1777889187.9463325,-1.0,1.0,-79.0
1777889187.9563324,0.0,0.0,-79.0
1777889187.9663324,-3.0,-2.0,-79.0
1777889187.9763324,0.0,-4.0,-81.0
1777889187.9863324,0.0,-5.0,-78.0
1777889187.9963324,-1.0,-5.0,-86.0
1777889188.0063324,-2.0,-6.0,-88.0
1777889188.0163324,-1.0,-5.0,-82.0
1777889188.0263324,5.0,-3.0,-78.0
1777889188.0363324,5.0,-8.0,-78.0
1777889188.0463324,3.0,-7.0,-78.0
1777889188.0563323,2.0,-8.0,-80.0
1777889188.0663323,6.0,-7.0,-83.0
1777889188.0763323,3.0,-9.0,-78.0
1777889188.0863323,1.0,-10.0,-76.0
1777889188.0963323,3.0,-10.0,-74.0
1777889188.1063323,4.0,-7.0,-73.0
1777889188.1163323,5.0,-5.0,-75.0
1777889188.1263323,-1.0,-4.0,-77.0
1777889188.1363325,1.0,-7.0,-81.0
1777889188.1463325,5.0,-10.0,-79.0
1777889188.1563325,10.0,-9.0,-78.0
1777889188.1663325,11.0,-8.0,-72.0
1777889188.1763325,9.0,-8.0,-70.0
1777889188.1863325,9.0,-10.0,-75.0
1777889188.1963325,11.0,-9.0,-77.0
1777889188.2063324,10.0,-11.0,-84.0
1777889188.2163324,6.0,-8.0,-87.0
1777889188.2263324,6.0,-7.0,-89.0
1777889188.2363324,6.0,-8.0,-83.0
1777889188.2463324,7.0,-11.0,-81.0
1777889188.2563324,4.0,-10.0,-83.0
1777889188.2663324,4.0,-5.0,-83.0
1777889188.2763324,1.0,-1.0,-80.0
1777889188.2863324,1.0,2.0,-75.0
1777889188.2963324,2.0,4.0,-72.0
1777889188.3063323,4.0,3.0,-70.0
1777889188.3163323,6.0,1.0,-77.0
1777889188.3263323,4.0,-1.0,-75.0
1777889188.3363323,3.0,-1.0,-78.0
1777889188.3463323,3.0,1.0,-77.0
1777889188.3563323,2.0,0.0,-77.0
1777889188.3663323,5.0,-4.0,-76.0
1777889188.3763323,0.0,-1.0,-74.0
1777889188.3863325,0.0,0.0,-80.0
1777889188.3963325,4.0,-4.0,-77.0
1777889188.4063325,2.0,-3.0,-74.0
1777889188.4163325,9.0,-3.0,-69.0
1777889188.4263325,9.0,-4.0,-65.0
1777889188.4363325,6.0,-9.0,-69.0
1777889188.4463325,3.0,-14.0,-75.0
1777889188.4563324,3.0,-13.0,-77.0
1777889188.4663324,3.0,-10.0,-79.0
1777889188.4763324,5.0,-7.0,-82.0
1777889188.4863324,7.0,-6.0,-82.0
1777889188.4963324,2.0,-2.0,-80.0
1777889188.5063324,0.0,-2.0,-80.0
1777889188.5163324,-5.0,0.0,-76.0
1777889188.5263324,-4.0,-1.0,-74.0
1777889188.5363324,-3.0,-2.0,-80.0
1777889188.5463324,-2.0,-6.0,-71.0
1777889188.5563323,0.0,-6.0,-68.0
1777889188.5663323,0.0,0.0,-73.0
1777889188.5763323,-4.0,0.0,-78.0
1777889188.5863323,0.0,0.0,-75.0
1777889188.5963323,-2.0,0.0,-76.0
1777889188.6063323,0.0,1.0,-75.0
1777889188.6163323,-1.0,-2.0,-69.0
1777889188.6263323,-2.0,0.0,-63.0
1777889188.6363325,0.0,2.0,-68.0
1777889188.6463325,-2.0,7.0,-71.0
1777889188.6563325,-2.0,5.0,-80.0
1777889188.6663325,-6.0,5.0,-80.0
1777889188.6763325,-6.0,5.0,-76.0
1777889188.6863325,-1.0,6.0,-73.0
1777889188.6963325,-3.0,5.0,-72.0
1777889188.7063324,0.0,8.0,-71.0
1777889188.7163324,-7.0,5.0,-75.0
1777889188.7263324,-4.0,3.0,-79.0
1777889188.7363324,-2.0,1.0,-76.0
1777889188.7463324,0.0,0.0,-77.0
1777889188.7563324,-1.0,2.0,-78.0
1777889188.7663324,-4.0,5.0,-81.0
1777889188.7763324,-3.0,7.0,-83.0
1777889188.7863324,-3.0,5.0,-81.0
1777889188.7963324,-4.0,1.0,-71.0
1777889188.8063323,-5.0,0.0,-72.0
1777889188.8163323,-5.0,0.0,-76.0
1777889188.8263323,-6.0,0.0,-74.0
1777889188.8363323,-3.0,2.0,-80.0
1777889188.8463323,0.0,4.0,-76.0
1777889188.8563323,5.0,8.0,-69.0
1777889188.8663323,2.0,10.0,-63.0
1777889188.8763323,2.0,5.0,-59.0
1777889188.8863325,1.0,3.0,-65.0
1777889188.8963325,-1.0,2.0,-73.0
1777889188.9063325,0.0,1.0,-74.0
1777889188.9163325,1.0,-2.0,-79.0
1777889188.9263325,3.0,-3.0,-82.0
1777889188.9363325,0.0,-1.0,-87.0
1777889188.9463325,-2.0,0.0,-84.0
1777889188.9563324,0.0,0.0,-80.0
1777889188.9663324,0.0,1.0,-79.0
1777889188.9763324,-1.0,-1.0,-75.0
1777889188.9863324,-1.0,0.0,-74.0
1777889188.9963324,-3.0,2.0,-77.0
1777889189.0063324,-1.0,-1.0,-76.0
1777889189.0163324,-4.0,0.0,-71.0
1777889189.0263324,-4.0,2.0,-74.0
1777889189.0363324,-9.0,0.0,-76.0
1777889189.0463324,-5.0,2.0,-76.0
1777889189.0563323,-1.0,4.0,-81.0
1777889189.0663323,0.0,7.0,-75.0
1777889189.0763323,-1.0,5.0,-71.0
1777889189.0863323,-2.0,6.0,-66.0
1777889189.0963323,1.0,7.0,-64.0
1777889189.1063323,0.0,4.0,-71.0
1777889189.1163323,-1.0,3.0,-72.0
1777889189.1263323,1.0,2.0,-72.0
1777889189.1363325,0.0,5.0,-76.0
1777889189.1463325,1.0,3.0,-78.0
1777889189.1563325,2.0,0.0,-76.0
1777889189.1663325,2.0,0.0,-77.0
1777889189.1763325,0.0,0.0,-76.0
1777889189.1863325,0.0,0.0,-75.0
1777889189.1963325,5.0,0.0,-77.0
1777889189.2063324,6.0,3.0,-77.0
1777889189.2163324,6.0,3.0,-79.0
1777889189.2263324,7.0,1.0,-77.0
1777889189.2363324,5.0,-1.0,-78.0
1777889189.2463324,3.0,-1.0,-83.0
1777889189.2563324,6.0,0.0,-78.0
1777889189.2673323,1.0,0.0,-76.0
1777889189.2773323,2.0,0.0,-69.0
1777889189.2873323,2.0,2.0,-73.0
1777889189.2973323,2.0,4.0,-77.0
1777889189.3073325,4.0,3.0,-80.0
1777889189.3173325,7.0,0.0,-85.0
1777889189.3273325,5.0,3.0,-79.0
1777889189.3373325,2.0,1.0,-81.0
1777889189.3473325,3.0,4.0,-75.0
1777889189.3573325,-3.0,2.0,-80.0
1777889189.3673325,-1.0,-1.0,-75.0
1777889189.3773324,1.0,0.0,-75.0
1777889189.3873324,3.0,0.0,-75.0
1777889189.3973324,-1.0,2.0,-72.0
1777889189.4073324,-4.0,1.0,-79.0
1777889189.4173324,-1.0,-2.0,-74.0
1777889189.4273324,0.0,-3.0,-77.0
1777889189.4373324,-1.0,-5.0,-73.0
1777889189.4473324,-2.0,-2.0,-78.0
1777889189.4573324,-6.0,-3.0,-73.0
1777889189.4673324,-9.0,-5.0,-72.0
1777889189.4773324,-3.0,-5.0,-71.0
1777889189.4873323,-1.0,-4.0,-71.0
1777889189.4973323,0.0,-3.0,-72.0
1777889189.5073323,4.0,-6.0,-68.0
1777889189.5173323,0.0,-5.0,-75.0
1777889189.5273323,2.0,-5.0,-77.0
1777889189.5373323,1.0,-5.0,-77.0
1777889189.5483325,0.0,-7.0,-72.0
1777889189.5573325,0.0,-4.0,-70.0
1777889189.5673325,0.0,-6.0,-65.0
1777889189.5773325,1.0,-4.0,-64.0
1777889189.5873325,-1.0,-3.0,-70.0
1777889189.5973325,0.0,-8.0,-70.0
1777889189.6073325,0.0,-7.0,-72.0
1777889189.6173325,0.0,-6.0,-71.0
1777889189.6273324,-1.0,-10.0,-76.0
1777889189.6373324,-1.0,-7.0,-77.0
1777889189.6473324,-6.0,-6.0,-68.0
1777889189.6573324,-6.0,-6.0,-71.0
1777889189.6673324,-2.0,-5.0,-66.0
1777889189.6783323,-1.0,-5.0,-73.0
1777889189.6873324,1.0,-5.0,-77.0
1777889189.6973324,-1.0,-9.0,-76.0
1777889189.7073324,-1.0,-6.0,-74.0
1777889189.7173324,0.0,0.0,-79.0
1777889189.7273324,-2.0,0.0,-81.0
1777889189.7373323,-5.0,0.0,-79.0
1777889189.7473323,-1.0,0.0,-86.0
1777889189.7573323,-2.0,0.0,-82.0
1777889189.7673323,0.0,-2.0,-80.0
1777889189.7773323,0.0,-2.0,-72.0
1777889189.7873323,3.0,-2.0,-73.0
1777889189.7973323,2.0,-5.0,-75.0
1777889189.8073325,6.0,-7.0,-75.0
1777889189.8173325,5.0,-10.0,-74.0
1777889189.8273325,3.0,-8.0,-72.0
1777889189.8373325,2.0,-3.0,-66.0
1777889189.8473325,8.0,-1.0,-67.0
1777889189.8573325,4.0,-5.0,-73.0
1777889189.8673325,0.0,-3.0,-74.0
1777889189.8773324,-2.0,-3.0,-74.0
1777889189.8873324,2.0,-6.0,-79.0
1777889189.8973324,5.0,-9.0,-79.0
1777889189.9073324,-1.0,-6.0,-76.0
1777889189.9173324,-4.0,-3.0,-71.0
1777889189.9273324,0.0,-1.0,-71.0
1777889189.9373324,-1.0,-1.0,-70.0
1777889189.9473324,-1.0,-3.0,-62.0
1777889189.9573324,-2.0,-4.0,-63.0
1777889189.9673324,0.0,-5.0,-68.0
1777889189.9773324,1.0,-4.0,-77.0
1777889189.9873323,-1.0,-4.0,-80.0
1777889189.9973323,-4.0,-6.0,-88.0
1777889190.0073323,-8.0,-6.0,-81.0
1777889190.0173323,-4.0,-4.0,-83.0
1777889190.0273323,-2.0,-6.0,-88.0
1777889190.0373323,0.0,-7.0,-80.0
1777889190.0473323,0.0,-7.0,-74.0
1777889190.0573325,-6.0,-5.0,-64.0
1777889190.0673325,-4.0,-5.0,-74.0
1777889190.0773325,-4.0,-2.0,-81.0
1777889190.0873325,-2.0,-5.0,-80.0
1777889190.0973325,-2.0,-5.0,-76.0
1777889190.1073325,-3.0,-5.0,-73.0
1777889190.1173325,-4.0,-5.0,-74.0
1777889190.1273324,0.0,-11.0,-79.0
1777889190.1373324,0.0,-9.0,-68.0
1777889190.1473324,1.0,-6.0,-72.0
1777889190.1573324,6.0,-4.0,-78.0
1777889190.1673324,3.0,-3.0,-77.0
1777889190.1773324,2.0,-2.0,-83.0
1777889190.1873324,5.0,0.0,-83.0
1777889190.1973324,4.0,-2.0,-80.0
1777889190.2073324,0.0,-2.0,-79.0
1777889190.2173324,0.0,-3.0,-79.0
1777889190.2273324,0.0,3.0,-79.0
1777889190.2373323,-3.0,0.0,-84.0
1777889190.2473323,-3.0,-1.0,-85.0
1777889190.2573323,0.0,3.0,-91.0
1777889190.2673323,6.0,6.0,-89.0
1777889190.2773323,3.0,2.0,-87.0
1777889190.2873323,2.0,3.0,-82.0
1777889190.2973323,3.0,1.0,-78.0
1777889190.3073325,9.0,-2.0,-75.0
1777889190.3173325,5.0,-2.0,-70.0
1777889190.3273325,3.0,-3.0,-72.0
1777889190.3373325,8.0,-10.0,-77.0
1777889190.3473325,10.0,-6.0,-70.0
1777889190.3573325,7.0,-5.0,-77.0
1777889190.3673325,3.0,-4.0,-84.0
1777889190.3773324,5.0,0.0,-78.0
1777889190.3873324,5.0,4.0,-82.0
1777889190.3973324,7.0,2.0,-81.0
1777889190.4073324,11.0,-1.0,-80.0
1777889190.4173324,15.0,-1.0,-82.0
1777889190.4273324,12.0,0.0,-81.0
1777889190.4373324,10.0,1.0,-86.0
1777889190.4473324,4.0,2.0,-88.0
1777889190.4573324,2.0,1.0,-86.0
1777889190.4673324,-1.0,1.0,-87.0
1777889190.4773324,-3.0,2.0,-88.0
1777889190.4873323,-2.0,0.0,-86.0
1777889190.4973323,-5.0,0.0,-83.0
1777889190.5073323,-5.0,1.0,-86.0
1777889190.5173323,-6.0,-2.0,-82.0
1777889190.5273323,-7.0,0.0,-78.0
1777889190.5373323,-4.0,2.0,-74.0
1777889190.5473323,-2.0,3.0,-71.0
1777889190.5573325,-2.0,0.0,-70.0
1777889190.5673325,2.0,2.0,-74.0
1777889190.5773325,1.0,0.0,-73.0
1777889190.5873325,3.0,-2.0,-74.0
1777889190.5973325,5.0,-7.0,-69.0
1777889190.6073325,4.0,-7.0,-75.0
1777889190.6173325,4.0,-4.0,-71.0
1777889190.6273324,0.0,-4.0,-68.0
1777889190.6373324,0.0,-1.0,-63.0
1777889190.6473324,-3.0,3.0,-62.0
1777889190.6573324,-4.0,0.0,-67.0
1777889190.6673324,-2.0,0.0,-70.0
1777889190.6773324,-2.0,-1.0,-68.0
1777889190.6873324,-1.0,0.0,-67.0
1777889190.6973324,3.0,2.0,-76.0
1777889190.7073324,3.0,6.0,-77.0
1777889190.7173324,4.0,6.0,-76.0
1777889190.7273324,4.0,6.0,-77.0
1777889190.7373323,3.0,0.0,-80.0
1777889190.7473323,0.0,-2.0,-85.0
1777889190.7573323,6.0,-1.0,-80.0
1777889190.7673323,6.0,1.0,-83.0
1777889190.7773323,3.0,2.0,-83.0
1777889190.7873323,5.0,0.0,-76.0
1777889190.7973323,6.0,-3.0,-66.0
1777889190.8073325,5.0,-10.0,-65.0
1777889190.8173325,0.0,-6.0,-63.0
1777889190.8273325,0.0,-7.0,-67.0
1777889190.8373325,-1.0,-5.0,-74.0
1777889190.8473325,-2.0,-7.0,-76.0
1777889190.8573325,1.0,-6.0,-63.0
1777889190.8673325,4.0,-4.0,-61.0
1777889190.8773324,7.0,-2.0,-67.0
1777889190.8873324,6.0,-2.0,-68.0
1777889190.8973324,4.0,-2.0,-68.0
1777889190.9073324,6.0,-6.0,-71.0
1777889190.9173324,11.0,-6.0,-70.0
1777889190.9273324,6.0,-5.0,-65.0
1777889190.9373324,4.0,-5.0,-61.0
1777889190.9473324,4.0,-3.0,-60.0
1777889190.9573324,5.0,-1.0,-65.0
1777889190.9673324,10.0,0.0,-67.0
1777889190.9773324,7.0,-5.0,-72.0
1777889190.9873323,11.0,-10.0,-79.0
1777889190.9973323,14.0,-10.0,-77.0
1777889191.0073323,14.0,-11.0,-81.0
1777889191.0173323,11.0,-10.0,-80.0
1777889191.0273323,10.0,-9.0,-76.0
1777889191.0373323,10.0,-1.0,-80.0
1777889191.0473323,13.0,0.0,-73.0
1777889191.0573325,11.0,0.0,-78.0
1777889191.0673325,11.0,2.0,-82.0
1777889191.0773325,12.0,0.0,-86.0
1777889191.0873325,10.0,-1.0,-87.0
1777889191.0973325,12.0,-2.0,-79.0
1777889191.1073325,9.0,-3.0,-82.0
1777889191.1173325,5.0,-4.0,-85.0
1777889191.1273324,5.0,-3.0,-80.0
1777889191.1373324,2.0,0.0,-74.0
1777889191.1473324,1.0,1.0,-76.0
1777889191.1573324,-2.0,2.0,-72.0
1777889191.1673324,-4.0,-1.0,-74.0
1777889191.1773324,-5.0,0.0,-74.0
1777889191.1873324,-4.0,2.0,-75.0
1777889191.1973324,-4.0,0.0,-76.0
1777889191.2073324,-1.0,1.0,-76.0
1777889191.2173324,0.0,1.0,-84.0
1777889191.2273324,0.0,0.0,-85.0
1777889191.2373323,4.0,2.0,-80.0
1777889191.2473323,3.0,1.0,-81.0
1777889191.2573323,0.0,-2.0,-78.0
1777889191.2683325,-1.0,0.0,-72.0
1777889191.2783325,1.0,-1.0,-65.0
1777889191.2883325,1.0,3.0,-64.0
1777889191.2983325,0.0,1.0,-68.0
1777889191.3083324,2.0,3.0,-75.0
1777889191.3183324,4.0,2.0,-80.0
1777889191.3283324,6.0,4.0,-81.0
1777889191.3383324,2.0,2.0,-81.0
1777889191.3483324,6.0,-1.0,-76.0
1777889191.3583324,5.0,-3.0,-71.0
1777889191.3683324,4.0,-4.0,-65.0
1777889191.3783324,4.0,-5.0,-66.0
1777889191.3883324,0.0,-3.0,-67.0
1777889191.3983324,2.0,-5.0,-75.0
1777889191.4083323,0.0,-5.0,-79.0
1777889191.4183323,-2.0,-3.0,-82.0
1777889191.4283323,-4.0,-1.0,-77.0
1777889191.4383323,-6.0,2.0,-76.0
1777889191.4483323,-2.0,3.0,-72.0
1777889191.4583323,5.0,2.0,-75.0
1777889191.4683323,9.0,1.0,-74.0
1777889191.4783323,8.0,-1.0,-74.0
1777889191.4883325,7.0,-3.0,-79.0
1777889191.4983325,4.0,-4.0,-85.0
1777889191.5083325,5.0,-8.0,-79.0
1777889191.5183325,5.0,-7.0,-84.0
1777889191.5283325,1.0,-5.0,-82.0
1777889191.5383325,-3.0,-7.0,-75.0
1777889191.5483325,-3.0,-7.0,-79.0
1777889191.5583324,-1.0,-6.0,-74.0
1777889191.5683324,0.0,-7.0,-70.0
1777889191.5783324,0.0,-3.0,-71.0
1777889191.5883324,0.0,-3.0,-71.0
1777889191.5983324,0.0,-2.0,-74.0
1777889191.6083324,0.0,-2.0,-79.0
1777889191.6183324,1.0,-1.0,-76.0
1777889191.6283324,1.0,-2.0,-77.0
1777889191.6383324,4.0,-3.0,-77.0
1777889191.6483324,6.0,-6.0,-76.0
1777889191.6583323,1.0,-5.0,-75.0
1777889191.6683323,0.0,-3.0,-78.0
1777889191.6783323,1.0,-2.0,-75.0
1777889191.6883323,3.0,0.0,-72.0
1777889191.6983323,5.0,-2.0,-72.0
1777889191.7083323,3.0,0.0,-77.0
1777889191.7183323,5.0,-2.0,-85.0
1777889191.7283323,-6.0,-1.0,-82.0
1777889191.7383325,-5.0,0.0,-77.0
1777889191.7483325,0.0,1.0,-73.0
1777889191.7583325,-3.0,0.0,-82.0
1777889191.7683325,-5.0,-1.0,-90.0
1777889191.7783325,-4.0,-4.0,-85.0
1777889191.7883325,0.0,-3.0,-80.0
1777889191.7983325,0.0,-4.0,-83.0
1777889191.8083324,4.0,-5.0,-85.0
1777889191.8183324,6.0,0.0,-85.0
1777889191.8283324,6.0,1.0,-78.0
1777889191.8383324,1.0,4.0,-75.0
1777889191.8483324,5.0,4.0,-75.0
1777889191.8583324,8.0,3.0,-69.0
1777889191.8683324,9.0,5.0,-63.0
1777889191.8783324,11.0,3.0,-65.0
1777889191.8883324,10.0,0.0,-67.0
1777889191.8983324,8.0,-1.0,-75.0
1777889191.9083323,5.0,4.0,-72.0
1777889191.9183323,1.0,1.0,-74.0
1777889191.9283323,5.0,2.0,-75.0
1777889191.9383323,5.0,1.0,-74.0
1777889191.9483323,2.0,3.0,-69.0
1777889191.9583323,5.0,6.0,-75.0
1777889191.9683323,8.0,5.0,-79.0
1777889191.9783323,6.0,4.0,-87.0
1777889191.9883325,4.0,2.0,-90.0
1777889191.9983325,1.0,0.0,-85.0
1777889192.0083325,1.0,-1.0,-77.0
1777889192.0183325,0.0,-1.0,-79.0
1777889192.0283325,0.0,3.0,-82.0
1777889192.0383325,-2.0,2.0,-80.0
1777889192.0483325,-3.0,2.0,-84.0
1777889192.0583324,-3.0,1.0,-79.0
1777889192.0683324,0.0,-1.0,-74.0
1777889192.0783324,4.0,1.0,-72.0
1777889192.0883324,6.0,-1.0,-82.0
1777889192.0983324,0.0,-2.0,-74.0
1777889192.1083324,-3.0,0.0,-73.0
1777889192.1183324,-1.0,-2.0,-71.0
1777889192.1283324,0.0,-5.0,-73.0
1777889192.1383324,-3.0,-3.0,-74.0
1777889192.1483324,-3.0,0.0,-75.0
1777889192.1583323,-2.0,0.0,-67.0
1777889192.1683323,-5.0,0.0,-70.0
1777889192.1783323,0.0,2.0,-73.0
1777889192.1883323,3.0,5.0,-80.0
1777889192.1983323,0.0,9.0,-75.0
1777889192.2083323,1.0,11.0,-70.0
1777889192.2183323,0.0,8.0,-67.0
1777889192.2283323,-3.0,4.0,-73.0
1777889192.2383325,-1.0,2.0,-70.0
1777889192.2483325,-4.0,3.0,-80.0
1777889192.2583325,-6.0,1.0,-84.0
1777889192.2683325,-7.0,-2.0,-81.0
1777889192.2783325,-8.0,-4.0,-81.0
1777889192.2883325,-4.0,-5.0,-80.0
1777889192.2983325,-4.0,-5.0,-75.0
1777889192.3083324,-4.0,-8.0,-76.0
1777889192.3183324,-1.0,-7.0,-79.0
1777889192.3283324,0.0,-3.0,-76.0
1777889192.3383324,0.0,-5.0,-76.0
1777889192.3483324,0.0,-4.0,-77.0
1777889192.3583324,1.0,-9.0,-81.0
1777889192.3683324,5.0,-3.0,-78.0
1777889192.3783324,6.0,-3.0,-71.0
1777889192.3883324,1.0,1.0,-72.0
1777889192.3983324,-1.0,-3.0,-73.0
1777889192.4083323,-1.0,-4.0,-71.0
1777889192.4183323,-1.0,-4.0,-71.0
1777889192.4283323,-2.0,0.0,-71.0
1777889192.4383323,-4.0,-1.0,-71.0
1777889192.4483323,-2.0,-1.0,-74.0
1777889192.4583323,-2.0,1.0,-72.0
1777889192.4683323,0.0,-1.0,-61.0
1777889192.4783323,-3.0,-3.0,-66.0
1777889192.4883325,-2.0,-7.0,-64.0
1777889192.4983325,-3.0,-4.0,-65.0
1777889192.5083325,-1.0,-6.0,-68.0
1777889192.5183325,-2.0,-3.0,-70.0
1777889192.5283325,-1.0,-4.0,-63.0
1777889192.5383325,-5.0,-3.0,-63.0
1777889192.5483325,-3.0,1.0,-67.0
1777889192.5593324,-1.0,0.0,-68.0
1777889192.5683324,-2.0,2.0,-71.0
1777889192.5783324,-6.0,-1.0,-64.0
1777889192.5883324,-5.0,-5.0,-71.0
1777889192.5983324,-1.0,-7.0,-69.0
1777889192.6083324,0.0,-8.0,-70.0
1777889192.6183324,2.0,-4.0,-66.0
1777889192.6283324,3.0,-2.0,-68.0
1777889192.6383324,0.0,-2.0,-72.0
1777889192.6483324,0.0,0.0,-78.0
1777889192.6583323,5.0,2.0,-81.0
1777889192.6683323,0.0,3.0,-82.0
1777889192.6783323,-3.0,3.0,-80.0
1777889192.6883323,-1.0,4.0,-75.0
1777889192.6983323,-1.0,3.0,-75.0
1777889192.7083323,0.0,2.0,-73.0
1777889192.7183323,-2.0,1.0,-79.0
1777889192.7283323,0.0,-1.0,-79.0
1777889192.7383325,0.0,-1.0,-83.0
1777889192.7483325,5.0,-2.0,-77.0
1777889192.7583325,3.0,-6.0,-77.0
1777889192.7683325,1.0,-7.0,-81.0
1777889192.7783325,5.0,-8.0,-73.0
1777889192.7883325,9.0,-3.0,-74.0
1777889192.7983325,4.0,-2.0,-79.0
1777889192.8083324,0.0,-2.0,-79.0
1777889192.8183324,3.0,0.0,-75.0
1777889192.8283324,7.0,0.0,-65.0
1777889192.8383324,7.0,1.0,-72.0
1777889192.8483324,8.0,0.0,-74.0
1777889192.8583324,8.0,3.0,-78.0
1777889192.8683324,8.0,0.0,-76.0
1777889192.8783324,5.0,2.0,-71.0
1777889192.8883324,3.0,-2.0,-74.0
1777889192.8983324,5.0,-2.0,-72.0
1777889192.9083323,3.0,-3.0,-69.0
1777889192.9183323,0.0,-1.0,-67.0
1777889192.9283323,-1.0,0.0,-69.0
1777889192.9383323,-3.0,-2.0,-72.0
1777889192.9483323,0.0,-3.0,-71.0
1777889192.9583323,4.0,-6.0,-71.0
1777889192.9683323,5.0,-6.0,-73.0
1777889192.9783323,8.0,-2.0,-75.0
1777889192.9883325,8.0,1.0,-76.0
1777889192.9983325,10.0,-1.0,-71.0
1777889193.0083325,8.0,-3.0,-74.0
1777889193.0183325,6.0,-2.0,-81.0
1777889193.0283325,4.0,-2.0,-73.0
1777889193.0383325,3.0,-1.0,-73.0
1777889193.0483325,2.0,-2.0,-80.0
1777889193.0583324,0.0,-3.0,-78.0
1777889193.0683324,2.0,-3.0,-77.0
1777889193.0783324,-2.0,-6.0,-82.0
1777889193.0883324,-3.0,-6.0,-82.0
1777889193.0983324,-5.0,-2.0,-71.0
1777889193.1083324,-4.0,-2.0,-67.0
1777889193.1183324,-5.0,-1.0,-65.0
1777889193.1283324,-3.0,-1.0,-72.0
1777889193.1383324,-1.0,-1.0,-79.0
1777889193.1483324,-5.0,1.0,-75.0
1777889193.1583323,-6.0,4.0,-77.0
1777889193.1683323,-9.0,5.0,-75.0
1777889193.1783323,-10.0,4.0,-76.0
1777889193.1883323,-5.0,5.0,-74.0
1777889193.1983323,-8.0,4.0,-77.0
1777889193.2083323,-10.0,6.0,-76.0
1777889193.2183323,-9.0,5.0,-71.0
1777889193.2283323,-5.0,6.0,-75.0
1777889193.2393324,-6.0,5.0,-80.0
1777889193.2493324,-4.0,-1.0,-78.0
1777889193.2593324,-2.0,-7.0,-75.0
1777889193.2693324,-2.0,-6.0,-82.0
1777889193.2793324,0.0,-6.0,-85.0
1777889193.2893324,0.0,-6.0,-84.0
1777889193.2993324,0.0,-3.0,-78.0
1777889193.3093324,2.0,-9.0,-75.0
1777889193.3193324,1.0,-6.0,-75.0
1777889193.3293324,3.0,-1.0,-75.0
1777889193.3393323,0.0,0.0,-77.0
1777889193.3493323,0.0,3.0,-80.0
1777889193.3593323,1.0,0.0,-84.0
1777889193.3693323,5.0,-3.0,-79.0
1777889193.3793323,7.0,0.0,-74.0
1777889193.3893323,6.0,-5.0,-72.0
1777889193.3993323,8.0,-4.0,-72.0
1777889193.4093325,5.0,-3.0,-64.0
1777889193.4193325,3.0,-3.0,-68.0
1777889193.4293325,2.0,0.0,-76.0
1777889193.4393325,-2.0,-1.0,-79.0
1777889193.4493325,-4.0,-1.0,-77.0
1777889193.4593325,-3.0,-1.0,-77.0
1777889193.4693325,-4.0,-3.0,-76.0
1777889193.4793324,-4.0,-3.0,-76.0
1777889193.4893324,-2.0,-4.0,-82.0
1777889193.4993324,0.0,-2.0,-84.0
1777889193.5093324,1.0,-4.0,-81.0
1777889193.5193324,1.0,-1.0,-82.0
1777889193.5293324,2.0,-4.0,-87.0
1777889193.5393324,0.0,-5.0,-91.0
1777889193.5493324,0.0,-4.0,-85.0
1777889193.5593324,2.0,-4.0,-85.0
1777889193.5693324,-1.0,1.0,-86.0
1777889193.5793324,-1.0,0.0,-83.0
1777889193.5893323,0.0,2.0,-89.0
1777889193.5993323,1.0,1.0,-87.0
1777889193.6093323,-2.0,-3.0,-81.0
1777889193.6193323,-2.0,-4.0,-73.0
1777889193.6293323,-3.0,-5.0,-68.0
1777889193.6393323,-1.0,-4.0,-67.0
1777889193.6493323,3.0,-3.0,-70.0
1777889193.6593325,3.0,-3.0,-67.0
1777889193.6693325,0.0,-5.0,-69.0
1777889193.6793325,-1.0,-8.0,-68.0
1777889193.6893325,-1.0,-5.0,-70.0
1777889193.6993325,-2.0,-3.0,-73.0
1777889193.7093325,-5.0,-1.0,-76.0
1777889193.7193325,-2.0,-1.0,-77.0
1777889193.7293324,-1.0,0.0,-68.0
1777889193.7393324,0.0,0.0,-68.0
1777889193.7493324,1.0,0.0,-76.0
1777889193.7593324,2.0,0.0,-81.0
1777889193.7693324,5.0,-1.0,-78.0
1777889193.7793324,2.0,-1.0,-74.0
1777889193.7893324,-2.0,0.0,-81.0
1777889193.7993324,0.0,-2.0,-80.0
1777889193.8093324,3.0,-4.0,-79.0
1777889193.8193324,-4.0,-4.0,-75.0
1777889193.8293324,-3.0,-2.0,-78.0
1777889193.8393323,-3.0,1.0,-80.0
1777889193.8493323,0.0,-1.0,-80.0
1777889193.8593323,2.0,-3.0,-73.0
1777889193.8693323,3.0,-3.0,-70.0
1777889193.8793323,2.0,-3.0,-75.0
1777889193.8893323,0.0,-1.0,-77.0
1777889193.8993323,0.0,-4.0,-71.0
1777889193.9093325,-3.0,-7.0,-74.0
1777889193.9193325,-4.0,-1.0,-76.0
1777889193.9293325,-1.0,-3.0,-75.0
1777889193.9393325,0.0,0.0,-82.0
1777889193.9493325,0.0,3.0,-80.0
1777889193.9593325,3.0,4.0,-83.0
1777889193.9693325,-1.0,-1.0,-86.0
1777889193.9793324,0.0,-1.0,-79.0
1777889193.9893324,2.0,-1.0,-79.0
1777889193.9993324,2.0,0.0,-83.0
1777889194.0093324,1.0,-2.0,-82.0
1777889194.0193324,0.0,-5.0,-69.0
1777889194.0293324,0.0,-5.0,-73.0
1777889194.0393324,0.0,-3.0,-79.0
1777889194.0493324,-2.0,-1.0,-75.0
1777889194.0593324,-1.0,2.0,-69.0
1777889194.0693324,-2.0,3.0,-71.0
1777889194.0793324,-2.0,0.0,-72.0
1777889194.0893323,0.0,7.0,-65.0
1777889194.0993323,2.0,5.0,-66.0
1777889194.1093323,1.0,5.0,-68.0
1777889194.1193323,2.0,6.0,-70.0
1777889194.1293323,0.0,3.0,-72.0
1777889194.1393323,0.0,3.0,-77.0
1777889194.1493323,-1.0,4.0,-81.0
1777889194.1593325,-3.0,1.0,-83.0
1777889194.1693325,-5.0,3.0,-77.0
1777889194.1793325,-7.0,5.0,-74.0
1777889194.1893325,-4.0,11.0,-77.0
1777889194.1993325,-2.0,10.0,-68.0
1777889194.2093325,-1.0,7.0,-66.0
1777889194.2193325,-2.0,6.0,-69.0
1777889194.2293324,0.0,-1.0,-72.0
1777889194.2393324,0.0,-4.0,-72.0
1777889194.2493324,0.0,-3.0,-73.0
1777889194.2593324,-2.0,-2.0,-76.0
1777889194.2693324,-2.0,-4.0,-76.0
1777889194.2793324,-4.0,-2.0,-72.0
1777889194.2893324,-2.0,-4.0,-68.0
1777889194.2993324,0.0,-2.0,-72.0
1777889194.3093324,0.0,-3.0,-75.0
1777889194.3193324,-5.0,-4.0,-73.0
1777889194.3293324,-8.0,-3.0,-76.0
1777889194.3393323,-7.0,0.0,-75.0
1777889194.3493323,-1.0,4.0,-72.0
1777889194.3593323,3.0,2.0,-65.0
1777889194.3693323,6.0,1.0,-71.0
1777889194.3793323,3.0,1.0,-70.0
1777889194.3893323,-4.0,-1.0,-67.0
1777889194.3993323,-6.0,-1.0,-67.0
1777889194.4093325,-6.0,-2.0,-69.0
1777889194.4193325,-3.0,-5.0,-69.0
1777889194.4293325,0.0,0.0,-66.0
1777889194.4393325,0.0,0.0,-66.0
1777889194.4493325,4.0,-1.0,-70.0
1777889194.4593325,5.0,-1.0,-68.0
1777889194.4693325,4.0,1.0,-72.0
1777889194.4793324,0.0,2.0,-76.0
1777889194.4893324,0.0,0.0,-78.0
1777889194.4993324,5.0,3.0,-81.0
1777889194.5093324,-1.0,2.0,-73.0
1777889194.5193324,-2.0,3.0,-75.0
1777889194.5293324,1.0,4.0,-76.0
1777889194.5393324,4.0,4.0,-81.0
1777889194.5493324,3.0,6.0,-74.0
1777889194.5593324,1.0,4.0,-74.0
1777889194.5693324,0.0,1.0,-64.0
1777889194.5793324,-4.0,2.0,-63.0
1777889194.5893323,-7.0,0.0,-64.0
1777889194.5993323,-1.0,0.0,-62.0
1777889194.6093323,0.0,0.0,-64.0
1777889194.6193323,3.0,-4.0,-62.0
1777889194.6293323,1.0,-2.0,-61.0
1777889194.6393323,-2.0,-2.0,-64.0
1777889194.6493323,-4.0,-3.0,-65.0
1777889194.6593325,-4.0,-3.0,-65.0
1777889194.6693325,-1.0,-1.0,-66.0
1777889194.6793325,0.0,0.0,-64.0
1777889194.6893325,0.0,0.0,-66.0
1777889194.6993325,1.0,-3.0,-72.0
1777889194.7093325,0.0,-2.0,-67.0
1777889194.7193325,-1.0,-3.0,-69.0
1777889194.7293324,1.0,0.0,-77.0
1777889194.7393324,2.0,-2.0,-75.0
1777889194.7493324,-2.0,0.0,-80.0
1777889194.7593324,0.0,-1.0,-77.0
1777889194.7693324,0.0,0.0,-78.0
1777889194.7793324,-1.0,-2.0,-87.0
1777889194.7893324,-1.0,-6.0,-83.0
1777889194.7993324,0.0,-1.0,-78.0
1777889194.8093324,2.0,0.0,-88.0
1777889194.8193324,6.0,0.0,-86.0
1777889194.8293324,10.0,-2.0,-88.0
1777889194.8393323,3.0,-3.0,-87.0
1777889194.8493323,2.0,-6.0,-85.0
1777889194.8593323,-1.0,-1.0,-85.0
1777889194.8693323,0.0,-1.0,-76.0
1777889194.8793323,4.0,-4.0,-79.0
1777889194.8893323,4.0,-4.0,-80.0
1777889194.8993323,6.0,-4.0,-78.0
1777889194.9093325,4.0,-4.0,-75.0
1777889194.9193325,0.0,0.0,-81.0
1777889194.9293325,1.0,4.0,-89.0
1777889194.9393325,6.0,5.0,-93.0
1777889194.9493325,6.0,7.0,-92.0
1777889194.9593325,5.0,2.0,-89.0
1777889194.9693325,3.0,2.0,-86.0
1777889194.9793324,0.0,2.0,-85.0
1777889194.9893324,4.0,4.0,-86.0
1777889194.9993324,5.0,0.0,-85.0
1777889195.0093324,0.0,-3.0,-85.0
1777889195.0193324,1.0,-4.0,-82.0
1777889195.0293324,0.0,-6.0,-83.0
1777889195.0393324,0.0,-7.0,-79.0
1777889195.0493324,0.0,-8.0,-77.0
1777889195.0593324,3.0,-8.0,-73.0
1777889195.0693324,6.0,-4.0,-76.0
1777889195.0793324,3.0,-5.0,-77.0
1777889195.0893323,1.0,-4.0,-75.0
1777889195.0993323,2.0,-2.0,-73.0
1777889195.1093323,3.0,-1.0,-67.0
1777889195.1193323,0.0,-2.0,-69.0
1777889195.1293323,0.0,-5.0,-75.0
1777889195.1393323,-4.0,-4.0,-77.0
1777889195.1493323,-5.0,-3.0,-78.0
1777889195.1593325,-5.0,-3.0,-80.0
1777889195.1693325,-2.0,0.0,-85.0
1777889195.1793325,-5.0,0.0,-84.0
1777889195.1893325,-1.0,0.0,-82.0
1777889195.1993325,0.0,-3.0,-76.0
1777889195.2093325,-3.0,0.0,-77.0
1777889195.2203324,0.0,1.0,-76.0
1777889195.2293324,3.0,-1.0,-82.0
1777889195.2393324,4.0,-5.0,-80.0
1777889195.2493324,7.0,-5.0,-76.0
1777889195.2603323,6.0,-7.0,-80.0
1777889195.2703323,8.0,-7.0,-79.0
1777889195.2803323,4.0,-6.0,-74.0
1777889195.2903323,3.0,-4.0,-77.0
1777889195.3003323,3.0,-9.0,-79.0
1777889195.3103323,1.0,-6.0,-81.0
1777889195.3203323,1.0,-5.0,-72.0
1777889195.3303325,7.0,-4.0,-67.0
1777889195.3403325,3.0,-5.0,-73.0
1777889195.3503325,3.0,-7.0,-74.0
1777889195.3603325,4.0,-6.0,-82.0
1777889195.3703325,8.0,-2.0,-87.0
1777889195.3803325,6.0,-2.0,-89.0
1777889195.3903325,6.0,1.0,-93.0
1777889195.4003325,8.0,5.0,-91.0
1777889195.4103324,11.0,4.0,-83.0
1777889195.4203324,12.0,2.0,-83.0
1777889195.4303324,7.0,-1.0,-79.0
1777889195.4403324,11.0,-3.0,-75.0
1777889195.4503324,10.0,-2.0,-78.0
1777889195.4603324,6.0,0.0,-81.0
1777889195.4703324,4.0,3.0,-83.0
1777889195.4803324,4.0,0.0,-81.0
1777889195.4903324,5.0,6.0,-79.0
1777889195.5003324,3.0,1.0,-77.0
1777889195.5103323,3.0,3.0,-76.0
1777889195.5203323,4.0,4.0,-76.0
1777889195.5303323,5.0,1.0,-80.0
1777889195.5403323,5.0,2.0,-72.0
1777889195.5503323,6.0,0.0,-73.0
1777889195.5603323,9.0,-3.0,-80.0
1777889195.5703323,7.0,-1.0,-79.0
1777889195.5803325,4.0,-2.0,-77.0
1777889195.5903325,3.0,0.0,-78.0
1777889195.6003325,1.0,1.0,-76.0
1777889195.6103325,-1.0,0.0,-73.0
1777889195.6203325,-4.0,-1.0,-73.0
1777889195.6303325,-2.0,-1.0,-74.0
1777889195.6403325,-2.0,0.0,-76.0
1777889195.6503325,0.0,-1.0,-74.0
1777889195.6603324,-1.0,-1.0,-76.0
1777889195.6703324,-1.0,-1.0,-75.0
1777889195.6803324,-1.0,0.0,-72.0
1777889195.6903324,0.0,0.0,-73.0
1777889195.7003324,-5.0,1.0,-77.0
1777889195.7103324,-2.0,1.0,-83.0
1777889195.7203324,-4.0,0.0,-79.0
1777889195.7303324,-6.0,-3.0,-82.0
1777889195.7403324,-8.0,-1.0,-84.0
1777889195.7503324,-5.0,-3.0,-82.0
1777889195.7603323,-2.0,-6.0,-85.0
1777889195.7703323,0.0,-7.0,-85.0
1777889195.7803323,-1.0,-3.0,-86.0
1777889195.7903323,-1.0,-2.0,-90.0
1777889195.8003323,0.0,-1.0,-85.0
1777889195.8103323,4.0,-1.0,-80.0
1777889195.8203323,3.0,1.0,-76.0
1777889195.8303325,0.0,0.0,-73.0
1777889195.8403325,0.0,-1.0,-80.0
1777889195.8503325,2.0,-1.0,-74.0
1777889195.8603325,0.0,0.0,-80.0
1777889195.8703325,3.0,-2.0,-84.0
1777889195.8803325,7.0,-6.0,-88.0
1777889195.8903325,7.0,-5.0,-90.0
1777889195.9003325,7.0,1.0,-87.0
1777889195.9103324,5.0,0.0,-83.0
1777889195.9203324,6.0,1.0,-79.0
1777889195.9303324,6.0,0.0,-78.0
1777889195.9403324,4.0,0.0,-74.0
1777889195.9503324,2.0,1.0,-78.0
1777889195.9603324,3.0,-1.0,-78.0
1777889195.9703324,1.0,-6.0,-65.0
1777889195.9803324,4.0,-7.0,-61.0
1777889195.9903324,1.0,-4.0,-65.0
1777889196.0003324,0.0,-2.0,-68.0
1777889196.0103323,3.0,-2.0,-65.0
1777889196.0203323,3.0,-2.0,-68.0
1777889196.0303323,3.0,-1.0,-77.0
1777889196.0403323,1.0,-1.0,-74.0
1777889196.0503323,-1.0,0.0,-75.0
1777889196.0603323,-3.0,-1.0,-72.0
1777889196.0703323,-5.0,-1.0,-78.0
1777889196.0803325,-4.0,-1.0,-77.0
1777889196.0903325,-3.0,0.0,-76.0
1777889196.1003325,-3.0,0.0,-79.0
1777889196.1103325,0.0,-1.0,-76.0
1777889196.1203325,-1.0,-5.0,-68.0
1777889196.1303325,0.0,-5.0,-64.0
1777889196.1403325,1.0,-3.0,-63.0
1777889196.1503325,1.0,0.0,-62.0
1777889196.1603324,-1.0,5.0,-56.0
1777889196.1703324,-1.0,2.0,-60.0
1777889196.1803324,1.0,2.0,-65.0
1777889196.1903324,0.0,1.0,-67.0
1777889196.2003324,0.0,1.0,-70.0
1777889196.2103324,-5.0,6.0,-70.0
1777889196.2203324,0.0,6.0,-75.0
1777889196.2303324,1.0,0.0,-73.0
1777889196.2403324,2.0,0.0,-77.0
1777889196.2503324,4.0,0.0,-76.0
1777889196.2603323,6.0,-1.0,-83.0
1777889196.2703323,5.0,-1.0,-83.0
1777889196.2803323,4.0,-6.0,-80.0
1777889196.2903323,4.0,-3.0,-81.0
1777889196.3003323,4.0,0.0,-76.0
1777889196.3103323,0.0,0.0,-74.0
1777889196.3203323,-1.0,-1.0,-78.0
1777889196.3303325,-2.0,-4.0,-73.0
1777889196.3403325,-4.0,-4.0,-78.0
1777889196.3503325,-1.0,-2.0,-81.0
1777889196.3603325,0.0,-4.0,-76.0
1777889196.3703325,0.0,-4.0,-76.0
1777889196.3803325,-4.0,-2.0,-75.0
1777889196.3903325,0.0,-5.0,-73.0
1777889196.4003325,0.0,-8.0,-68.0
1777889196.4103324,-3.0,-3.0,-65.0
1777889196.4203324,-4.0,-1.0,-68.0
1777889196.4303324,0.0,1.0,-70.0
1777889196.4403324,1.0,0.0,-73.0
1777889196.4503324,7.0,-2.0,-76.0
1777889196.4603324,3.0,-3.0,-76.0
1777889196.4703324,4.0,0.0,-78.0
1777889196.4803324,2.0,-4.0,-81.0
1777889196.4903324,-1.0,-2.0,-79.0
1777889196.5003324,-1.0,-2.0,-77.0
1777889196.5103323,-1.0,1.0,-74.0
1777889196.5203323,-4.0,3.0,-74.0
1777889196.5303323,-2.0,0.0,-77.0
1777889196.5403323,-1.0,-2.0,-79.0
1777889196.5503323,1.0,-3.0,-79.0
1777889196.5603323,0.0,1.0,-76.0
1777889196.5703323,0.0,2.0,-78.0
1777889196.5803325,-2.0,-1.0,-84.0
1777889196.5903325,3.0,-1.0,-84.0
1777889196.6003325,3.0,1.0,-85.0
1777889196.6103325,0.0,5.0,-89.0
1777889196.6203325,-4.0,8.0,-89.0
1777889196.6303325,-1.0,9.0,-82.0
1777889196.6403325,0.0,5.0,-81.0
1777889196.6503325,3.0,7.0,-86.0
1777889196.6603324,3.0,3.0,-84.0
1777889196.6703324,5.0,6.0,-84.0
1777889196.6803324,5.0,1.0,-84.0
1777889196.6903324,2.0,0.0,-84.0
1777889196.7003324,-1.0,-3.0,-88.0
1777889196.7103324,-4.0,0.0,-83.0
1777889196.7203324,-5.0,0.0,-80.0
1777889196.7303324,-3.0,-3.0,-73.0
1777889196.7403324,-2.0,0.0,-72.0
1777889196.7503324,0.0,-2.0,-76.0
1777889196.7603323,0.0,2.0,-81.0
1777889196.7703323,5.0,1.0,-82.0
1777889196.7803323,1.0,2.0,-84.0
1777889196.7903323,-1.0,0.0,-83.0
1777889196.8003323,-2.0,-5.0,-87.0
1777889196.8103323,-5.0,-4.0,-89.0
1777889196.8203323,-3.0,1.0,-90.0
1777889196.8303325,-2.0,6.0,-85.0
1777889196.8403325,-4.0,4.0,-75.0
1777889196.8503325,-3.0,2.0,-71.0
1777889196.8603325,-3.0,2.0,-71.0
1777889196.8703325,-2.0,0.0,-79.0
1777889196.8803325,-1.0,0.0,-71.0
1777889196.8903325,2.0,2.0,-71.0
1777889196.9003325,-2.0,3.0,-68.0
1777889196.9103324,-3.0,4.0,-68.0
1777889196.9203324,-6.0,5.0,-69.0
1777889196.9303324,-5.0,0.0,-74.0
1777889196.9403324,-4.0,-4.0,-73.0
1777889196.9503324,0.0,-2.0,-77.0
1777889196.9603324,-3.0,-1.0,-84.0
1777889196.9703324,-1.0,0.0,-79.0
1777889196.9803324,1.0,0.0,-80.0
1777889196.9903324,0.0,-1.0,-82.0
1777889197.0003324,0.0,-5.0,-81.0
1777889197.0103323,0.0,-5.0,-79.0
1777889197.0203323,0.0,-3.0,-73.0
1777889197.0303323,-2.0,1.0,-72.0
1777889197.0403323,-3.0,3.0,-70.0
1777889197.0503323,-3.0,2.0,-74.0
1777889197.0603323,-3.0,-1.0,-75.0
1777889197.0703323,0.0,2.0,-77.0
1777889197.0803325,-1.0,0.0,-77.0
1777889197.0903325,-2.0,-2.0,-79.0
1777889197.1003325,-2.0,0.0,-78.0
1777889197.1103325,0.0,-3.0,-79.0
1777889197.1203325,-1.0,-4.0,-79.0
1777889197.1303325,-2.0,-4.0,-75.0
1777889197.1403325,0.0,-6.0,-75.0
1777889197.1503325,0.0,-7.0,-68.0
1777889197.1603324,0.0,0.0,-75.0
1777889197.1703324,2.0,4.0,-76.0
1777889197.1803324,3.0,8.0,-80.0
1777889197.1903324,0.0,10.0,-79.0
1777889197.2003324,1.0,10.0,-72.0
1777889197.2103324,1.0,6.0,-70.0
1777889197.2213323,5.0,5.0,-76.0
1777889197.2313323,0.0,2.0,-74.0
1777889197.2413323,4.0,5.0,-69.0
1777889197.2513323,7.0,4.0,-75.0
1777889197.2613325,6.0,0.0,-86.0
1777889197.2713325,3.0,0.0,-82.0
1777889197.2813325,-1.0,-1.0,-77.0
1777889197.2913325,-3.0,0.0,-78.0
1777889197.3013325,-7.0,-5.0,-78.0
1777889197.3113325,-8.0,-2.0,-79.0
1777889197.3213325,-4.0,-4.0,-81.0
1777889197.3313324,1.0,0.0,-83.0
1777889197.3413324,-1.0,0.0,-83.0
1777889197.3513324,0.0,1.0,-86.0
1777889197.3613324,5.0,-1.0,-89.0
1777889197.3713324,5.0,-1.0,-82.0
1777889197.3813324,7.0,0.0,-76.0
1777889197.3913324,3.0,-1.0,-76.0
1777889197.4013324,0.0,-4.0,-78.0
1777889197.4113324,-3.0,-4.0,-80.0
1777889197.4213324,-2.0,-5.0,-80.0
1777889197.4313323,-1.0,-5.0,-77.0
1777889197.4413323,2.0,0.0,-80.0
1777889197.4513323,3.0,2.0,-72.0
1777889197.4613323,0.0,2.0,-75.0
1777889197.4713323,0.0,1.0,-74.0
1777889197.4813323,2.0,0.0,-78.0
1777889197.4913323,4.0,-2.0,-84.0
1777889197.5013323,4.0,-2.0,-84.0
1777889197.5113325,0.0,-2.0,-83.0
1777889197.5213325,-1.0,-1.0,-85.0
1777889197.5313325,-3.0,-1.0,-82.0
1777889197.5413325,-7.0,3.0,-78.0
1777889197.5513325,-3.0,1.0,-69.0
1777889197.5613325,-1.0,-1.0,-68.0
1777889197.5713325,0.0,1.0,-64.0
1777889197.5813324,0.0,0.0,-66.0
1777889197.5913324,4.0,2.0,-74.0
1777889197.6013324,6.0,3.0,-76.0
1777889197.6113324,3.0,1.0,-76.0
1777889197.6213324,2.0,0.0,-77.0
1777889197.6313324,0.0,-1.0,-74.0
1777889197.6413324,3.0,0.0,-71.0
1777889197.6513324,4.0,-3.0,-64.0
1777889197.6613324,6.0,-1.0,-71.0
1777889197.6713324,6.0,0.0,-76.0
1777889197.6813323,6.0,4.0,-78.0
1777889197.6913323,4.0,5.0,-79.0
1777889197.7013323,5.0,4.0,-78.0
1777889197.7113323,1.0,2.0,-77.0
1777889197.7213323,0.0,2.0,-78.0
1777889197.7313323,0.0,2.0,-79.0
1777889197.7413323,0.0,3.0,-72.0
1777889197.7513323,1.0,1.0,-76.0
1777889197.7613325,0.0,1.0,-71.0
1777889197.7713325,2.0,3.0,-72.0
1777889197.7813325,3.0,5.0,-80.0
1777889197.7913325,2.0,-1.0,-84.0
1777889197.8013325,4.0,-2.0,-89.0
1777889197.8113325,9.0,0.0,-82.0
1777889197.8213325,4.0,4.0,-90.0
1777889197.8313324,6.0,4.0,-92.0
1777889197.8413324,5.0,6.0,-92.0
1777889197.8513324,3.0,4.0,-90.0
1777889197.8613324,0.0,6.0,-89.0
1777889197.8713324,-2.0,4.0,-80.0
1777889197.8813324,0.0,0.0,-77.0
1777889197.8913324,-5.0,-2.0,-78.0
1777889197.9013324,-3.0,-6.0,-73.0
1777889197.9113324,-4.0,-6.0,-74.0
1777889197.9213324,-1.0,-5.0,-74.0
1777889197.9313323,1.0,-1.0,-73.0
1777889197.9413323,-1.0,-1.0,-79.0
1777889197.9513323,-4.0,-4.0,-85.0
1777889197.9613323,-8.0,-3.0,-87.0
1777889197.9713323,-5.0,-3.0,-80.0
1777889197.9813323,-7.0,0.0,-78.0
1777889197.9913323,-2.0,4.0,-83.0
1777889198.0013323,-3.0,3.0,-81.0
1777889198.0113325,-6.0,4.0,-77.0
1777889198.0213325,0.0,4.0,-74.0
1777889198.0313325,0.0,2.0,-76.0
1777889198.0413325,0.0,0.0,-72.0
1777889198.0513325,3.0,1.0,-75.0
1777889198.0613325,4.0,-3.0,-74.0
1777889198.0713325,4.0,-3.0,-73.0
1777889198.0813324,2.0,-7.0,-74.0
1777889198.0913324,-1.0,-7.0,-74.0
1777889198.1013324,5.0,-2.0,-78.0
1777889198.1113324,5.0,-1.0,-74.0
1777889198.1213324,5.0,4.0,-75.0
1777889198.1313324,3.0,0.0,-75.0
1777889198.1413324,4.0,1.0,-80.0
1777889198.1513324,4.0,0.0,-78.0
1777889198.1613324,4.0,2.0,-82.0
1777889198.1713324,9.0,0.0,-78.0
1777889198.1813323,4.0,0.0,-79.0
1777889198.1913323,1.0,-1.0,-81.0
1777889198.2013323,2.0,-2.0,-75.0
1777889198.2113323,3.0,-5.0,-70.0
1777889198.2213323,1.0,-2.0,-65.0
1777889198.2313323,3.0,0.0,-68.0
1777889198.2413323,7.0,1.0,-69.0
1777889198.2513323,6.0,0.0,-75.0
1777889198.2613325,4.0,-1.0,-78.0
1777889198.2713325,7.0,0.0,-81.0
1777889198.2813325,7.0,0.0,-80.0
1777889198.2913325,11.0,0.0,-78.0
1777889198.3013325,9.0,1.0,-70.0
1777889198.3113325,5.0,2.0,-71.0
1777889198.3213325,6.0,2.0,-68.0
1777889198.3313324,3.0,6.0,-72.0
1777889198.3413324,8.0,-2.0,-75.0
1777889198.3513324,4.0,-3.0,-70.0
1777889198.3613324,0.0,0.0,-69.0
1777889198.3713324,-2.0,0.0,-69.0
1777889198.3813324,-3.0,-3.0,-71.0
1777889198.3913324,0.0,-5.0,-69.0
1777889198.4013324,-3.0,-2.0,-69.0
1777889198.4113324,-5.0,-1.0,-69.0
1777889198.4213324,-6.0,0.0,-68.0
1777889198.4313323,-1.0,2.0,-71.0
1777889198.4413323,2.0,5.0,-77.0
1777889198.4513323,0.0,4.0,-75.0
1777889198.4613323,3.0,2.0,-74.0
1777889198.4713323,1.0,1.0,-75.0
1777889198.4813323,-1.0,0.0,-72.0
1777889198.4913323,-2.0,-2.0,-70.0
1777889198.5013323,-2.0,2.0,-64.0
1777889198.5113325,-3.0,4.0,-62.0
1777889198.5213325,-3.0,1.0,-67.0
1777889198.5313325,-4.0,0.0,-72.0
1777889198.5413325,0.0,1.0,-77.0
1777889198.5513325,-1.0,2.0,-79.0
1777889198.5613325,5.0,3.0,-80.0
1777889198.5713325,3.0,4.0,-80.0
1777889198.5813324,5.0,7.0,-81.0
1777889198.5913324,0.0,3.0,-82.0
1777889198.6013324,-2.0,1.0,-78.0
1777889198.6113324,0.0,0.0,-77.0
1777889198.6213324,0.0,-3.0,-68.0
1777889198.6313324,0.0,-5.0,-68.0
1777889198.6413324,-4.0,-2.0,-71.0
1777889198.6513324,-2.0,0.0,-68.0
1777889198.6613324,-2.0,0.0,-69.0
1777889198.6713324,-5.0,-1.0,-67.0
1777889198.6813323,0.0,-2.0,-77.0
1777889198.6913323,5.0,-2.0,-81.0
1777889198.7013323,2.0,0.0,-84.0
1777889198.7113323,4.0,-3.0,-82.0
1777889198.7213323,1.0,-2.0,-77.0
1777889198.7313323,-2.0,0.0,-76.0
1777889198.7413323,-4.0,-2.0,-79.0
1777889198.7513323,-5.0,-5.0,-85.0
1777889198.7613325,-3.0,-2.0,-79.0
1777889198.7713325,-1.0,-2.0,-75.0
1777889198.7813325,0.0,-4.0,-78.0
1777889198.7913325,1.0,-3.0,-82.0
1777889198.8013325,7.0,-3.0,-77.0
1777889198.8113325,5.0,0.0,-77.0
1777889198.8213325,2.0,-3.0,-79.0
1777889198.8313324,2.0,-5.0,-79.0
1777889198.8413324,2.0,-6.0,-81.0
1777889198.8513324,1.0,-4.0,-86.0
1777889198.8613324,0.0,-4.0,-82.0
1777889198.8713324,3.0,-4.0,-78.0
1777889198.8813324,4.0,-6.0,-74.0
1777889198.8913324,5.0,-7.0,-74.0
1777889198.9013324,4.0,-7.0,-72.0
1777889198.9113324,7.0,-3.0,-74.0
1777889198.9213324,2.0,-2.0,-81.0
1777889198.9313323,4.0,-3.0,-80.0
1777889198.9413323,3.0,-3.0,-76.0
1777889198.9513323,0.0,-3.0,-68.0
1777889198.9613323,-5.0,-6.0,-67.0
1777889198.9713323,-1.0,-4.0,-64.0
1777889198.9813323,0.0,0.0,-68.0
1777889198.9913323,1.0,-1.0,-73.0
1777889199.0013323,4.0,3.0,-77.0
1777889199.0113325,0.0,5.0,-80.0
1777889199.0213325,2.0,6.0,-79.0
1777889199.0313325,6.0,7.0,-87.0
1777889199.0413325,10.0,3.0,-84.0
1777889199.0513325,6.0,2.0,-85.0
1777889199.0613325,6.0,-1.0,-84.0
1777889199.0713325,2.0,-2.0,-81.0
1777889199.0813324,-2.0,0.0,-76.0
1777889199.0913324,0.0,0.0,-81.0
1777889199.1013324,-2.0,-5.0,-84.0
1777889199.1113324,-3.0,-6.0,-84.0
1777889199.1213324,0.0,-1.0,-77.0
1777889199.1313324,1.0,0.0,-79.0
1777889199.1413324,3.0,0.0,-79.0
1777889199.1513324,5.0,0.0,-80.0
1777889199.1613324,4.0,3.0,-77.0
1777889199.1713324,3.0,-1.0,-71.0
1777889199.1823325,5.0,-3.0,-67.0
1777889199.1913323,6.0,0.0,-61.0
1777889199.2023325,1.0,0.0,-60.0
1777889199.2123325,3.0,1.0,-59.0
1777889199.2213323,2.0,2.0,-59.0
1777889199.2323325,-1.0,1.0,-66.0
1777889199.2413323,-3.0,0.0,-74.0
1777889199.2523324,-4.0,0.0,-74.0
1777889199.2623324,-1.0,0.0,-81.0
1777889199.2723324,-1.0,-4.0,-80.0
1777889199.2823324,2.0,-5.0,-84.0
1777889199.2923324,2.0,-8.0,-85.0
1777889199.3023324,-1.0,-8.0,-81.0
1777889199.3123324,-3.0,-5.0,-86.0
1777889199.3223324,-2.0,-2.0,-86.0
1777889199.3323324,1.0,3.0,-90.0
1777889199.3423324,6.0,3.0,-91.0
1777889199.3523324,7.0,6.0,-83.0
1777889199.3623323,8.0,0.0,-78.0
1777889199.3723323,5.0,1.0,-81.0
1777889199.3823323,2.0,-1.0,-82.0
1777889199.3923323,8.0,-6.0,-78.0
1777889199.4023323,10.0,-3.0,-81.0
1777889199.4123323,9.0,-2.0,-85.0
1777889199.4223323,8.0,-2.0,-87.0
1777889199.4323325,2.0,-3.0,-83.0
1777889199.4423325,2.0,0.0,-83.0
1777889199.4523325,2.0,-1.0,-82.0
1777889199.4623325,0.0,-2.0,-79.0
1777889199.4723325,1.0,-2.0,-81.0
1777889199.4823325,2.0,-1.0,-83.0
1777889199.4923325,4.0,-2.0,-85.0
1777889199.5023324,1.0,0.0,-86.0
1777889199.5123324,-1.0,3.0,-82.0
1777889199.5223324,1.0,0.0,-84.0
1777889199.5323324,0.0,0.0,-79.0
1777889199.5423324,0.0,0.0,-79.0
1777889199.5523324,-3.0,3.0,-81.0
1777889199.5623324,-3.0,5.0,-84.0
1777889199.5723324,1.0,1.0,-90.0
1777889199.5823324,0.0,1.0,-92.0
1777889199.5923324,0.0,0.0,-88.0
1777889199.6023324,-3.0,0.0,-83.0
1777889199.6123323,-4.0,0.0,-81.0
1777889199.6223323,-1.0,1.0,-78.0
1777889199.6323323,-4.0,2.0,-79.0
1777889199.6423323,-3.0,3.0,-74.0
1777889199.6523323,3.0,0.0,-77.0
1777889199.6623323,2.0,0.0,-76.0
1777889199.6723323,3.0,0.0,-75.0
1777889199.6823325,5.0,3.0,-70.0
1777889199.6923325,4.0,1.0,-68.0
1777889199.7023325,3.0,1.0,-72.0
1777889199.7123325,3.0,1.0,-72.0
1777889199.7223325,2.0,-1.0,-75.0
1777889199.7323325,0.0,-3.0,-79.0
1777889199.7423325,-5.0,-1.0,-78.0
1777889199.7523324,-3.0,-3.0,-78.0
1777889199.7623324,-1.0,-7.0,-83.0
1777889199.7723324,-1.0,-6.0,-82.0
1777889199.7823324,-2.0,-3.0,-74.0
1777889199.7923324,1.0,-3.0,-78.0
1777889199.8023324,-1.0,-1.0,-74.0
1777889199.8123324,2.0,-1.0,-75.0
1777889199.8223324,-2.0,-3.0,-69.0
1777889199.8323324,0.0,-4.0,-63.0
1777889199.8423324,1.0,-3.0,-65.0
1777889199.8523324,1.0,-2.0,-66.0
1777889199.8623323,3.0,-1.0,-71.0
1777889199.8723323,4.0,0.0,-72.0
1777889199.8823323,2.0,2.0,-74.0
1777889199.8923323,-1.0,3.0,-71.0
1777889199.9023323,0.0,2.0,-75.0
1777889199.9123323,-4.0,2.0,-72.0
1777889199.9223323,-3.0,2.0,-72.0
1777889199.9323325,-7.0,0.0,-70.0
1777889199.9423325,-1.0,4.0,-74.0
1777889199.9523325,-3.0,4.0,-73.0
1777889199.9623325,-4.0,0.0,-71.0
1777889199.9723325,-4.0,0.0,-76.0
1777889199.9823325,-8.0,0.0,-73.0
1777889199.9923325,-4.0,0.0,-75.0
1777889200.0023324,-1.0,-1.0,-72.0
1777889200.0123324,0.0,-1.0,-74.0
1777889200.0223324,-3.0,-5.0,-69.0
1777889200.0323324,-8.0,-2.0,-66.0
1777889200.0423324,-11.0,-6.0,-61.0
1777889200.0523324,-6.0,-13.0,-64.0
1777889200.0623324,-5.0,-15.0,-73.0
1777889200.0723324,-6.0,-12.0,-69.0
1777889200.0823324,-5.0,-10.0,-71.0
1777889200.0923324,-4.0,-11.0,-72.0
1777889200.1023324,-5.0,-10.0,-75.0
1777889200.1123323,0.0,-8.0,-77.0
1777889200.1233325,-5.0,-8.0,-77.0
1777889200.1323323,-5.0,-10.0,-72.0
1777889200.1423323,-1.0,-3.0,-75.0
1777889200.1523323,4.0,-4.0,-69.0
1777889200.1623323,2.0,-8.0,-60.0
1777889200.1723323,2.0,-8.0,-65.0
1777889200.1823325,2.0,-4.0,-65.0
1777889200.1923325,1.0,-4.0,-69.0
1777889200.2023325,0.0,-6.0,-75.0
1777889200.2123325,-3.0,-5.0,-73.0
1777889200.2223325,-1.0,-2.0,-77.0
1777889200.2323325,-1.0,-3.0,-77.0
1777889200.2423325,-2.0,-4.0,-70.0
1777889200.2523324,-2.0,-2.0,-78.0
1777889200.2623324,-3.0,-4.0,-80.0
1777889200.2723324,3.0,-5.0,-87.0
1777889200.2823324,1.0,-5.0,-85.0
1777889200.2923324,2.0,-4.0,-85.0
1777889200.3023324,2.0,0.0,-83.0
1777889200.3123324,2.0,-1.0,-82.0
1777889200.3223324,-3.0,-3.0,-79.0
1777889200.3323324,-5.0,-7.0,-78.0
1777889200.3423324,0.0,-5.0,-81.0
1777889200.3523324,0.0,-2.0,-78.0
1777889200.3623323,0.0,0.0,-76.0
1777889200.3723323,2.0,2.0,-76.0
1777889200.3823323,0.0,1.0,-81.0
1777889200.3923323,2.0,0.0,-81.0
1777889200.4023323,0.0,1.0,-83.0
1777889200.4123323,-2.0,0.0,-76.0
1777889200.4223323,-1.0,0.0,-80.0
1777889200.4323325,1.0,-2.0,-82.0
1777889200.4423325,2.0,-2.0,-78.0
1777889200.4523325,5.0,-3.0,-77.0
1777889200.4623325,5.0,-6.0,-83.0
1777889200.4723325,5.0,-8.0,-81.0
1777889200.4823325,6.0,-1.0,-77.0
1777889200.4923325,4.0,-2.0,-78.0
1777889200.5023324,5.0,-6.0,-76.0
1777889200.5123324,3.0,-3.0,-79.0
1777889200.5223324,1.0,-4.0,-80.0
1777889200.5323324,7.0,-5.0,-81.0
1777889200.5423324,7.0,0.0,-89.0
1777889200.5523324,-1.0,-2.0,-86.0
1777889200.5623324,-1.0,-3.0,-79.0
1777889200.5723324,4.0,-4.0,-74.0
1777889200.5823324,2.0,-8.0,-75.0
1777889200.5923324,0.0,-6.0,-75.0
1777889200.6023324,0.0,-4.0,-69.0
1777889200.6123323,0.0,-6.0,-67.0
1777889200.6223323,-8.0,-7.0,-65.0
1777889200.6323323,-4.0,-5.0,-63.0
1777889200.6423323,0.0,-7.0,-66.0
1777889200.6523323,2.0,-6.0,-63.0
1777889200.6623323,2.0,-4.0,-61.0
1777889200.6723323,0.0,-8.0,-64.0
1777889200.6823325,-3.0,-4.0,-58.0
1777889200.6923325,-1.0,-3.0,-66.0
1777889200.7023325,-4.0,-1.0,-71.0
1777889200.7123325,-4.0,1.0,-72.0
1777889200.7223325,0.0,5.0,-78.0
1777889200.7323325,-2.0,7.0,-77.0
1777889200.7423325,-3.0,3.0,-72.0
1777889200.7523324,-4.0,0.0,-69.0
1777889200.7623324,-2.0,-1.0,-71.0
1777889200.7723324,-2.0,-1.0,-74.0
1777889200.7823324,-2.0,-3.0,-78.0
1777889200.7923324,1.0,-5.0,-82.0
1777889200.8023324,0.0,-6.0,-78.0
1777889200.8123324,0.0,-3.0,-74.0
1777889200.8223324,0.0,0.0,-71.0
1777889200.8323324,-3.0,-1.0,-68.0
1777889200.8423324,0.0,-2.0,-68.0
1777889200.8523324,0.0,-3.0,-65.0
1777889200.8623323,2.0,-2.0,-69.0
1777889200.8723323,2.0,-3.0,-71.0
1777889200.8823323,-3.0,-2.0,-73.0
1777889200.8923323,-7.0,-2.0,-76.0
1777889200.9023323,-10.0,-2.0,-80.0
1777889200.9123323,-7.0,0.0,-78.0
1777889200.9223323,0.0,0.0,-77.0
1777889200.9323325,2.0,1.0,-79.0
1777889200.9423325,1.0,-1.0,-80.0
1777889200.9523325,0.0,0.0,-73.0
1777889200.9623325,0.0,1.0,-75.0
1777889200.9723325,-2.0,4.0,-73.0
1777889200.9823325,0.0,0.0,-80.0
1777889200.9923325,1.0,0.0,-82.0
1777889201.0023324,3.0,3.0,-82.0
1777889201.0123324,7.0,3.0,-76.0
1777889201.0223324,2.0,4.0,-77.0
1777889201.0323324,1.0,6.0,-88.0
1777889201.0423324,5.0,2.0,-93.0
1777889201.0523324,2.0,0.0,-92.0
1777889201.0623324,3.0,-6.0,-91.0
1777889201.0723324,-1.0,-4.0,-96.0
1777889201.0823324,0.0,-3.0,-86.0
1777889201.0923324,-3.0,0.0,-79.0
1777889201.1023324,0.0,1.0,-76.0
1777889201.1123323,0.0,5.0,-83.0
1777889201.1223323,1.0,0.0,-81.0
1777889201.1323323,0.0,0.0,-77.0
1777889201.1423323,0.0,0.0,-77.0
1777889201.1523323,-1.0,0.0,-77.0
1777889201.1623323,-2.0,0.0,-82.0
1777889201.1723323,-6.0,3.0,-83.0
1777889201.1823325,-8.0,0.0,-84.0
1777889201.1933324,-4.0,-1.0,-74.0
1777889201.2033324,-9.0,0.0,-68.0
1777889201.2133324,-9.0,-2.0,-68.0
1777889201.2233324,-7.0,-4.0,-64.0
1777889201.2333324,-6.0,-3.0,-64.0
1777889201.2433324,-2.0,-7.0,-66.0
1777889201.2533324,-4.0,-4.0,-69.0
1777889201.2633324,-3.0,-5.0,-71.0
1777889201.2733324,1.0,-5.0,-73.0
1777889201.2833323,0.0,-2.0,-76.0
1777889201.2933323,8.0,0.0,-67.0
1777889201.3033323,7.0,0.0,-78.0
1777889201.3133323,3.0,1.0,-76.0
1777889201.3233323,6.0,3.0,-72.0
1777889201.3333323,8.0,1.0,-68.0
1777889201.3433323,9.0,1.0,-72.0
1777889201.3533323,11.0,0.0,-76.0
1777889201.3633325,10.0,-1.0,-77.0
1777889201.3733325,11.0,-2.0,-71.0
1777889201.3833325,7.0,0.0,-72.0
1777889201.3933325,6.0,-3.0,-76.0
1777889201.4033325,6.0,-4.0,-74.0
1777889201.4133325,11.0,0.0,-76.0
1777889201.4233325,11.0,-1.0,-74.0
1777889201.4333324,9.0,-2.0,-72.0
1777889201.4433324,7.0,0.0,-73.0
1777889201.4533324,9.0,-2.0,-69.0
1777889201.4633324,9.0,-2.0,-74.0
1777889201.4733324,5.0,-5.0,-73.0
1777889201.4833324,5.0,-7.0,-74.0
1777889201.4933324,2.0,-9.0,-76.0
1777889201.5033324,0.0,-8.0,-72.0
1777889201.5133324,-2.0,-9.0,-69.0
1777889201.5233324,-1.0,-5.0,-75.0
1777889201.5333323,-1.0,-1.0,-84.0
1777889201.5433323,1.0,-1.0,-82.0
1777889201.5533323,3.0,0.0,-80.0
1777889201.5633323,1.0,0.0,-78.0
1777889201.5733323,1.0,1.0,-72.0
1777889201.5833323,2.0,0.0,-74.0
1777889201.5933323,1.0,-1.0,-75.0
1777889201.6033323,4.0,1.0,-78.0
1777889201.6133325,4.0,1.0,-75.0
1777889201.6233325,4.0,-1.0,-70.0
1777889201.6333325,-1.0,-3.0,-66.0
1777889201.6433325,-2.0,-2.0,-68.0
1777889201.6533325,-4.0,-2.0,-72.0
1777889201.6633325,1.0,-3.0,-70.0
1777889201.6733325,2.0,1.0,-73.0
1777889201.6833324,7.0,3.0,-73.0
1777889201.6933324,7.0,4.0,-71.0
1777889201.7033324,6.0,2.0,-73.0
1777889201.7133324,0.0,2.0,-74.0
1777889201.7233324,1.0,0.0,-72.0
1777889201.7333324,5.0,4.0,-73.0
1777889201.7433324,0.0,6.0,-76.0
1777889201.7533324,-6.0,0.0,-76.0
1777889201.7633324,-3.0,-1.0,-77.0
1777889201.7733324,-3.0,-1.0,-83.0
1777889201.7833323,-1.0,-2.0,-85.0
1777889201.7933323,-3.0,-8.0,-85.0
1777889201.8033323,0.0,-8.0,-85.0
1777889201.8133323,0.0,-5.0,-87.0
1777889201.8233323,0.0,-2.0,-84.0
1777889201.8333323,-1.0,-3.0,-79.0
1777889201.8433323,-2.0,-5.0,-75.0
1777889201.8533323,-5.0,-6.0,-78.0
1777889201.8643324,-7.0,-4.0,-79.0
1777889201.8733325,-5.0,-3.0,-75.0
1777889201.8833325,0.0,-2.0,-71.0
1777889201.8933325,0.0,-4.0,-79.0
1777889201.9033325,4.0,-6.0,-78.0
1777889201.9133325,8.0,-6.0,-70.0
1777889201.9233325,7.0,-2.0,-69.0
1777889201.9333324,5.0,0.0,-69.0
1777889201.9433324,7.0,1.0,-70.0
1777889201.9533324,8.0,0.0,-77.0
1777889201.9633324,4.0,-2.0,-84.0
1777889201.9733324,2.0,-5.0,-85.0
1777889201.9833324,1.0,-1.0,-82.0
1777889201.9933324,1.0,1.0,-83.0
1777889202.0033324,1.0,0.0,-83.0
1777889202.0133324,0.0,0.0,-85.0
1777889202.0233324,2.0,2.0,-84.0
1777889202.0333323,0.0,3.0,-78.0
1777889202.0433323,-4.0,3.0,-81.0
1777889202.0533323,-6.0,2.0,-81.0
1777889202.0633323,-8.0,1.0,-72.0
1777889202.0733323,-7.0,0.0,-69.0
1777889202.0833323,-5.0,-5.0,-70.0
1777889202.0933323,-2.0,-4.0,-73.0
1777889202.1033323,-7.0,-3.0,-74.0
1777889202.1133325,-2.0,-1.0,-79.0
1777889202.1233325,-4.0,-6.0,-71.0
1777889202.1333325,-10.0,-5.0,-71.0
1777889202.1433325,-10.0,-7.0,-81.0
1777889202.1533325,-6.0,-5.0,-87.0
1777889202.1633325,-2.0,-5.0,-86.0
1777889202.1733325,0.0,-7.0,-83.0
1777889202.1833324,-2.0,-7.0,-75.0
1777889202.1933324,-3.0,-7.0,-72.0
1777889202.2033324,0.0,-8.0,-70.0
1777889202.2133324,0.0,-10.0,-75.0
1777889202.2233324,-1.0,-8.0,-77.0
1777889202.2333324,-2.0,-4.0,-67.0
1777889202.2433324,0.0,-3.0,-68.0
1777889202.2533324,-1.0,-4.0,-70.0
1777889202.2633324,0.0,-7.0,-72.0
1777889202.2733324,-2.0,-6.0,-73.0
1777889202.2833323,-3.0,-7.0,-79.0
1777889202.2933323,-4.0,-7.0,-75.0
1777889202.3033323,-2.0,-8.0,-70.0
1777889202.3133323,0.0,-6.0,-70.0
1777889202.3233323,-3.0,-5.0,-71.0
1777889202.3333323,-3.0,-6.0,-68.0
1777889202.3433323,1.0,-7.0,-65.0
1777889202.3533323,3.0,-4.0,-66.0
1777889202.3633325,1.0,0.0,-69.0
1777889202.3733325,5.0,-5.0,-67.0
1777889202.3833325,6.0,-4.0,-60.0
1777889202.3933325,2.0,-6.0,-54.0
1777889202.4033325,-2.0,-4.0,-53.0
1777889202.4133325,-4.0,-5.0,-59.0
1777889202.4233325,1.0,-6.0,-62.0
1777889202.4333324,2.0,-6.0,-60.0
1777889202.4433324,0.0,-3.0,-55.0
1777889202.4533324,-3.0,-3.0,-57.0
1777889202.4633324,-2.0,-5.0,-66.0
1777889202.4733324,-6.0,-6.0,-67.0
1777889202.4833324,-2.0,-5.0,-73.0
1777889202.4933324,-2.0,-8.0,-75.0
1777889202.5033324,-3.0,-7.0,-73.0
1777889202.5133324,-2.0,-8.0,-72.0
1777889202.5233324,-5.0,-10.0,-65.0
1777889202.5333323,-6.0,-7.0,-75.0
1777889202.5433323,2.0,-6.0,-78.0
1777889202.5533323,1.0,-5.0,-86.0
1777889202.5633323,2.0,-5.0,-91.0
1777889202.5733323,0.0,-4.0,-85.0
1777889202.5833323,1.0,-1.0,-89.0
1777889202.5933323,-1.0,-1.0,-87.0
1777889202.6033323,-3.0,-3.0,-82.0
1777889202.6133325,-6.0,0.0,-83.0
1777889202.6233325,-6.0,-1.0,-86.0
1777889202.6333325,-4.0,-1.0,-82.0
1777889202.6433325,-4.0,-4.0,-83.0
1777889202.6533325,-1.0,2.0,-78.0
1777889202.6633325,0.0,3.0,-79.0
1777889202.6733325,0.0,2.0,-74.0
1777889202.6833324,3.0,5.0,-71.0
1777889202.6933324,4.0,5.0,-76.0
1777889202.7033324,4.0,5.0,-77.0
1777889202.7133324,2.0,5.0,-83.0
1777889202.7233324,6.0,6.0,-87.0
1777889202.7333324,1.0,7.0,-90.0
1777889202.7433324,-1.0,3.0,-83.0
1777889202.7533324,-5.0,2.0,-81.0
1777889202.7633324,0.0,1.0,-78.0
1777889202.7733324,2.0,1.0,-81.0
1777889202.7833323,-5.0,-2.0,-78.0
1777889202.7933323,-6.0,-3.0,-80.0
1777889202.8033323,-7.0,2.0,-73.0
1777889202.8133323,-5.0,1.0,-65.0
1777889202.8233323,-4.0,0.0,-69.0
1777889202.8333323,-6.0,-4.0,-70.0
1777889202.8433323,-4.0,-1.0,-72.0
1777889202.8533323,-5.0,0.0,-71.0
1777889202.8633325,-1.0,-4.0,-69.0
1777889202.8733325,-2.0,-4.0,-72.0
1777889202.8833325,-2.0,1.0,-68.0
1777889202.8933325,-1.0,0.0,-68.0
1777889202.9033325,-4.0,4.0,-73.0
1777889202.9133325,-4.0,7.0,-73.0
1777889202.9233325,-4.0,3.0,-70.0
1777889202.9333324,-3.0,0.0,-79.0
1777889202.9433324,-4.0,0.0,-75.0
1777889202.9533324,-3.0,0.0,-80.0
1777889202.9633324,-1.0,2.0,-77.0
1777889202.9733324,-1.0,0.0,-87.0
1777889202.9833324,-3.0,-2.0,-85.0
1777889202.9933324,0.0,-4.0,-86.0
1777889203.0033324,1.0,-2.0,-83.0
1777889203.0133324,1.0,2.0,-79.0
1777889203.0233324,4.0,0.0,-80.0
1777889203.0333323,4.0,-2.0,-77.0
1777889203.0433323,0.0,-4.0,-82.0
1777889203.0533323,2.0,-3.0,-79.0
1777889203.0633323,0.0,-4.0,-82.0
1777889203.0733323,-2.0,-6.0,-87.0
1777889203.0833323,0.0,-5.0,-83.0
1777889203.0933323,0.0,-3.0,-81.0
1777889203.1033323,0.0,-2.0,-81.0
1777889203.1133325,5.0,-4.0,-76.0
1777889203.1233325,5.0,-2.0,-73.0
1777889203.1333325,3.0,0.0,-62.0
1777889203.1433325,3.0,3.0,-60.0
1777889203.1533325,13.0,3.0,-63.0
1777889203.1633325,12.0,1.0,-66.0
1777889203.1743324,11.0,1.0,-71.0
1777889203.1843324,4.0,1.0,-65.0
1777889203.1943324,0.0,-2.0,-65.0
1777889203.2043324,0.0,-2.0,-70.0
1777889203.2143323,0.0,-3.0,-74.0
1777889203.2243323,-5.0,-4.0,-73.0
1777889203.2343323,0.0,1.0,-76.0
1777889203.2443323,0.0,3.0,-76.0
1777889203.2543323,4.0,0.0,-79.0
1777889203.2643323,6.0,2.0,-79.0
1777889203.2743323,3.0,4.0,-76.0
1777889203.2843325,5.0,5.0,-71.0
1777889203.2943325,10.0,6.0,-77.0
1777889203.3043325,8.0,7.0,-82.0
1777889203.3143325,8.0,7.0,-85.0
1777889203.3243325,0.0,2.0,-87.0
1777889203.3343325,-4.0,4.0,-86.0
1777889203.3443325,-2.0,5.0,-85.0
1777889203.3543324,-2.0,5.0,-83.0
1777889203.3643324,-3.0,6.0,-78.0
1777889203.3743324,0.0,3.0,-84.0
1777889203.3843324,2.0,0.0,-95.0
1777889203.3943324,-1.0,0.0,-96.0
1777889203.4043324,-2.0,1.0,-93.0
1777889203.4143324,-4.0,1.0,-88.0
1777889203.4243324,-6.0,0.0,-79.0
1777889203.4343324,-5.0,0.0,-71.0
1777889203.4443324,-6.0,-1.0,-72.0
1777889203.4543324,-3.0,-5.0,-71.0
1777889203.4643323,0.0,-3.0,-69.0
1777889203.4743323,-3.0,-1.0,-72.0
1777889203.4843323,-5.0,0.0,-77.0
1777889203.4943323,-3.0,0.0,-77.0
1777889203.5043323,-6.0,2.0,-80.0
1777889203.5143323,-3.0,4.0,-76.0
1777889203.5243323,-1.0,0.0,-74.0
1777889203.5343325,-4.0,2.0,-74.0
1777889203.5443325,-1.0,0.0,-76.0
1777889203.5543325,-3.0,2.0,-77.0
1777889203.5643325,1.0,2.0,-76.0
1777889203.5743325,1.0,0.0,-77.0
1777889203.5843325,8.0,0.0,-80.0
1777889203.5943325,8.0,1.0,-80.0
1777889203.6043324,9.0,-2.0,-76.0
1777889203.6143324,6.0,0.0,-76.0
1777889203.6243324,4.0,-2.0,-73.0
1777889203.6343324,9.0,-3.0,-65.0
1777889203.6443324,12.0,-2.0,-72.0
1777889203.6553323,6.0,3.0,-74.0
1777889203.6643324,6.0,3.0,-80.0
1777889203.6743324,2.0,3.0,-78.0
1777889203.6843324,2.0,5.0,-74.0
1777889203.6943324,4.0,0.0,-69.0
1777889203.7043324,1.0,-1.0,-65.0
1777889203.7143323,5.0,-7.0,-69.0
1777889203.7243323,4.0,-5.0,-70.0
1777889203.7343323,2.0,-5.0,-72.0
1777889203.7443323,2.0,-5.0,-73.0
1777889203.7543323,2.0,-4.0,-77.0
1777889203.7643323,1.0,-8.0,-79.0
1777889203.7743323,0.0,-4.0,-71.0
1777889203.7843325,1.0,0.0,-80.0
1777889203.7943325,1.0,3.0,-80.0
1777889203.8043325,5.0,5.0,-84.0
1777889203.8143325,1.0,6.0,-85.0
1777889203.8243325,0.0,3.0,-85.0
1777889203.8343325,1.0,3.0,-79.0
1777889203.8443325,3.0,0.0,-76.0
1777889203.8543324,3.0,-3.0,-81.0
1777889203.8643324,3.0,-3.0,-82.0
1777889203.8743324,0.0,-1.0,-84.0
1777889203.8843324,-5.0,-1.0,-83.0
1777889203.8943324,-6.0,-2.0,-85.0
1777889203.9043324,-4.0,-4.0,-75.0
1777889203.9143324,-1.0,3.0,-72.0
1777889203.9243324,-1.0,3.0,-74.0
1777889203.9343324,0.0,3.0,-81.0
1777889203.9443324,2.0,0.0,-81.0
1777889203.9543324,2.0,-2.0,-80.0
1777889203.9643323,-1.0,1.0,-81.0
1777889203.9743323,-1.0,0.0,-82.0
1777889203.9843323,-6.0,-2.0,-89.0
1777889203.9943323,-2.0,-3.0,-86.0
1777889204.0043323,3.0,-4.0,-78.0
1777889204.0143323,4.0,2.0,-77.0
1777889204.0243323,5.0,3.0,-76.0
1777889204.0343325,9.0,5.0,-77.0
1777889204.0443325,5.0,8.0,-74.0
1777889204.0543325,6.0,11.0,-77.0
1777889204.0643325,4.0,9.0,-76.0
1777889204.0743325,1.0,5.0,-80.0
1777889204.0843325,1.0,3.0,-77.0
1777889204.0943325,0.0,1.0,-74.0
1777889204.1043324,4.0,-1.0,-77.0
1777889204.1143324,6.0,-1.0,-81.0
1777889204.1243324,0.0,-1.0,-83.0
1777889204.1343324,0.0,-2.0,-81.0
1777889204.1443324,3.0,-1.0,-81.0
1777889204.1543324,0.0,0.0,-79.0
1777889204.1643324,-2.0,0.0,-75.0
1777889204.1743324,4.0,0.0,-75.0
1777889204.1843324,5.0,1.0,-72.0
1777889204.1943324,3.0,0.0,-72.0
1777889204.2043324,3.0,-1.0,-71.0
1777889204.2143323,1.0,-4.0,-75.0
1777889204.2243323,1.0,-4.0,-76.0
1777889204.2343323,4.0,-2.0,-78.0
1777889204.2443323,3.0,-3.0,-83.0
1777889204.2543323,-1.0,-5.0,-80.0
1777889204.2643323,0.0,0.0,-79.0
1777889204.2743323,-1.0,-2.0,-71.0
1777889204.2843325,-3.0,-1.0,-64.0
1777889204.2943325,2.0,1.0,-66.0
1777889204.3043325,1.0,2.0,-66.0
1777889204.3143325,1.0,2.0,-62.0
1777889204.3243325,-2.0,0.0,-71.0
1777889204.3343325,1.0,-1.0,-71.0
1777889204.3443325,3.0,-3.0,-69.0
1777889204.3543324,4.0,-4.0,-70.0
1777889204.3643324,5.0,0.0,-70.0
1777889204.3743324,8.0,-3.0,-72.0
1777889204.3843324,8.0,0.0,-73.0
1777889204.3943324,9.0,0.0,-73.0
1777889204.4043324,6.0,0.0,-72.0
1777889204.4143324,5.0,4.0,-71.0
1777889204.4243324,2.0,0.0,-70.0
1777889204.4343324,-2.0,0.0,-74.0
1777889204.4443324,-1.0,0.0,-77.0
1777889204.4543324,0.0,1.0,-76.0
1777889204.4643323,5.0,2.0,-76.0
1777889204.4743323,4.0,0.0,-75.0
1777889204.4843323,6.0,-3.0,-79.0
1777889204.4943323,3.0,-2.0,-79.0
1777889204.5043323,3.0,0.0,-82.0
1777889204.5143323,6.0,7.0,-83.0
1777889204.5243323,6.0,5.0,-84.0
1777889204.5343325,7.0,1.0,-84.0
1777889204.5443325,7.0,-1.0,-82.0
1777889204.5543325,5.0,-1.0,-84.0
1777889204.5643325,0.0,-1.0,-80.0
1777889204.5743325,-5.0,-3.0,-77.0
1777889204.5843325,-5.0,-1.0,-82.0
1777889204.5943325,0.0,-2.0,-81.0
1777889204.6043324,0.0,-3.0,-79.0
1777889204.6143324,0.0,-2.0,-70.0
1777889204.6243324,-1.0,0.0,-67.0
1777889204.6343324,1.0,1.0,-68.0
1777889204.6443324,0.0,2.0,-72.0
1777889204.6543324,-6.0,3.0,-74.0
1777889204.6643324,-3.0,2.0,-76.0
1777889204.6753323,-5.0,1.0,-74.0
1777889204.6843324,-3.0,1.0,-79.0
1777889204.6943324,-2.0,4.0,-83.0
1777889204.7043324,0.0,1.0,-83.0
1777889204.7143323,3.0,2.0,-88.0
1777889204.7243323,3.0,0.0,-85.0
1777889204.7343323,2.0,0.0,-82.0
1777889204.7443323,6.0,0.0,-75.0
1777889204.7543323,6.0,-2.0,-74.0
1777889204.7643323,1.0,-2.0,-74.0
1777889204.7743323,-1.0,-4.0,-76.0
1777889204.7843325,-5.0,-5.0,-85.0
1777889204.7943325,-6.0,-7.0,-87.0
1777889204.8043325,-1.0,-2.0,-82.0
1777889204.8143325,0.0,-2.0,-81.0
1777889204.8243325,-3.0,0.0,-82.0
1777889204.8343325,1.0,0.0,-79.0
1777889204.8443325,1.0,7.0,-75.0
1777889204.8543324,0.0,8.0,-73.0
1777889204.8643324,-1.0,5.0,-71.0
1777889204.8743324,1.0,5.0,-68.0
1777889204.8843324,2.0,0.0,-67.0
1777889204.8943324,3.0,4.0,-73.0
1777889204.9043324,4.0,7.0,-76.0
1777889204.9143324,5.0,2.0,-78.0
1777889204.9243324,5.0,2.0,-85.0
1777889204.9343324,4.0,1.0,-84.0
1777889204.9443324,6.0,0.0,-84.0
1777889204.9543324,6.0,-2.0,-89.0
1777889204.9643323,1.0,0.0,-83.0
1777889204.9743323,4.0,0.0,-84.0
1777889204.9843323,1.0,-3.0,-88.0
1777889204.9943323,2.0,0.0,-89.0
1777889205.0043323,2.0,0.0,-82.0
1777889205.0143323,4.0,0.0,-83.0
1777889205.0243323,7.0,0.0,-87.0
1777889205.0343325,3.0,1.0,-85.0
1777889205.0443325,0.0,0.0,-77.0
1777889205.0543325,3.0,-6.0,-70.0
1777889205.0643325,6.0,-9.0,-73.0
1777889205.0743325,4.0,-10.0,-70.0
1777889205.0843325,-1.0,-6.0,-77.0
1777889205.0943325,-3.0,-4.0,-72.0
1777889205.1043324,0.0,-4.0,-69.0
1777889205.1143324,1.0,-5.0,-68.0
1777889205.1243324,0.0,-6.0,-65.0
1777889205.1343324,3.0,-5.0,-70.0
1777889205.1443324,-2.0,-1.0,-74.0
1777889205.1553323,-1.0,4.0,-79.0
1777889205.1653323,2.0,3.0,-79.0
1777889205.1753323,0.0,1.0,-77.0
1777889205.1853323,-2.0,3.0,-76.0
1777889205.1953323,0.0,5.0,-73.0
1777889205.2053325,1.0,4.0,-72.0
1777889205.2153325,2.0,5.0,-75.0
1777889205.2253325,0.0,4.0,-75.0
1777889205.2353325,-3.0,3.0,-76.0
1777889205.2453325,-6.0,3.0,-75.0
1777889205.2553325,-3.0,-2.0,-83.0
1777889205.2653325,0.0,0.0,-86.0
1777889205.2753325,0.0,-2.0,-84.0
1777889205.2853324,-3.0,0.0,-86.0
1777889205.2953324,-4.0,-1.0,-81.0
1777889205.3053324,-4.0,0.0,-83.0
1777889205.3153324,0.0,0.0,-78.0
1777889205.3253324,1.0,0.0,-73.0
1777889205.3353324,3.0,2.0,-67.0
1777889205.3453324,1.0,0.0,-62.0
1777889205.3553324,5.0,0.0,-70.0
1777889205.3653324,3.0,-1.0,-70.0
1777889205.3753324,3.0,1.0,-67.0
1777889205.3853323,3.0,6.0,-71.0
1777889205.3953323,2.0,8.0,-64.0
1777889205.4053323,2.0,6.0,-69.0
1777889205.4153323,-4.0,6.0,-79.0
1777889205.4253323,0.0,2.0,-86.0
1777889205.4353323,0.0,3.0,-79.0
1777889205.4453323,5.0,2.0,-86.0
1777889205.4553325,7.0,1.0,-87.0
1777889205.4653325,7.0,-6.0,-88.0
1777889205.4753325,5.0,-7.0,-84.0
1777889205.4853325,10.0,-7.0,-82.0
1777889205.4953325,9.0,-6.0,-82.0
1777889205.5053325,0.0,-5.0,-82.0
1777889205.5153325,-1.0,-6.0,-75.0
1777889205.5253325,-2.0,-6.0,-81.0
1777889205.5353324,-3.0,-3.0,-83.0
1777889205.5453324,-3.0,-3.0,-88.0
1777889205.5553324,-4.0,-3.0,-85.0
1777889205.5653324,-6.0,-1.0,-89.0
1777889205.5753324,-1.0,-1.0,-86.0
1777889205.5853324,2.0,-1.0,-90.0
1777889205.5953324,4.0,0.0,-88.0
1777889205.6053324,5.0,0.0,-85.0
1777889205.6153324,4.0,0.0,-83.0
1777889205.6253324,2.0,1.0,-82.0
1777889205.6353323,0.0,0.0,-86.0
1777889205.6453323,0.0,0.0,-82.0
1777889205.6553323,0.0,-1.0,-79.0
1777889205.6653323,2.0,-1.0,-75.0
1777889205.6753323,4.0,0.0,-74.0
1777889205.6853323,8.0,0.0,-68.0
1777889205.6963325,3.0,-1.0,-71.0
1777889205.7053325,2.0,0.0,-65.0
1777889205.7153325,0.0,-4.0,-69.0
1777889205.7253325,-1.0,-2.0,-73.0
1777889205.7353325,-3.0,-3.0,-73.0
1777889205.7453325,-3.0,-2.0,-74.0
1777889205.7553325,0.0,0.0,-76.0
1777889205.7653325,0.0,3.0,-76.0
1777889205.7753325,-2.0,3.0,-77.0
1777889205.7853324,-3.0,5.0,-76.0
1777889205.7953324,0.0,5.0,-69.0
1777889205.8053324,0.0,1.0,-70.0
1777889205.8153324,0.0,1.0,-70.0
1777889205.8253324,-1.0,0.0,-80.0
1777889205.8353324,-3.0,-1.0,-79.0
1777889205.8453324,-2.0,-3.0,-77.0
1777889205.8553324,-6.0,-1.0,-82.0
1777889205.8653324,-4.0,-5.0,-81.0
1777889205.8753324,1.0,-3.0,-82.0
1777889205.8853323,3.0,-2.0,-82.0
1777889205.8953323,4.0,0.0,-85.0
1777889205.9053323,3.0,1.0,-80.0
1777889205.9153323,3.0,1.0,-77.0
1777889205.9253323,2.0,1.0,-75.0
1777889205.9353323,3.0,0.0,-67.0
1777889205.9453323,5.0,0.0,-67.0
1777889205.9553325,1.0,-1.0,-66.0
1777889205.9653325,0.0,1.0,-65.0
1777889205.9753325,6.0,0.0,-64.0
1777889205.9853325,4.0,-2.0,-75.0
1777889205.9953325,0.0,0.0,-74.0
1777889206.0053325,1.0,-6.0,-74.0
1777889206.0153325,-4.0,-8.0,-71.0
1777889206.0253325,-1.0,-3.0,-69.0
1777889206.0353324,0.0,-2.0,-70.0
1777889206.0453324,1.0,1.0,-71.0
1777889206.0553324,2.0,0.0,-73.0
1777889206.0653324,2.0,0.0,-66.0
1777889206.0753324,-1.0,2.0,-65.0
1777889206.0853324,0.0,1.0,-69.0
1777889206.0953324,1.0,0.0,-76.0
1777889206.1053324,7.0,2.0,-79.0
1777889206.1153324,4.0,2.0,-76.0
1777889206.1253324,2.0,3.0,-76.0
1777889206.1353323,-1.0,6.0,-72.0
1777889206.1453323,-5.0,5.0,-75.0
1777889206.1553323,-3.0,0.0,-73.0
1777889206.1653323,-3.0,0.0,-72.0
1777889206.1753323,-2.0,0.0,-75.0
1777889206.1853323,4.0,2.0,-71.0
1777889206.1953323,0.0,2.0,-70.0
1777889206.2053325,0.0,0.0,-70.0
1777889206.2153325,-4.0,-2.0,-68.0
1777889206.2253325,2.0,-6.0,-67.0
1777889206.2353325,1.0,-3.0,-72.0
1777889206.2453325,6.0,-1.0,-68.0
1777889206.2553325,7.0,-1.0,-70.0
1777889206.2653325,3.0,1.0,-79.0
1777889206.2753325,2.0,5.0,-81.0
1777889206.2853324,-1.0,7.0,-79.0
1777889206.2953324,-2.0,8.0,-71.0
1777889206.3053324,1.0,5.0,-70.0
1777889206.3153324,4.0,-4.0,-69.0
1777889206.3253324,3.0,-9.0,-69.0
1777889206.3353324,4.0,-11.0,-69.0
1777889206.3453324,2.0,-5.0,-71.0
1777889206.3553324,2.0,-1.0,-72.0
1777889206.3653324,0.0,-3.0,-73.0
1777889206.3753324,-1.0,-2.0,-76.0
1777889206.3853323,-3.0,-7.0,-80.0
1777889206.3953323,-2.0,-4.0,-75.0
1777889206.4053323,-4.0,-6.0,-81.0
1777889206.4153323,-7.0,-7.0,-79.0
1777889206.4253323,-7.0,-6.0,-78.0
1777889206.4353323,-4.0,-2.0,-77.0
1777889206.4453323,-2.0,-2.0,-73.0
1777889206.4553325,0.0,0.0,-66.0
1777889206.4653325,1.0,0.0,-69.0
1777889206.4753325,2.0,-2.0,-72.0
1777889206.4853325,2.0,-3.0,-71.0
1777889206.4953325,2.0,-8.0,-78.0
1777889206.5053325,3.0,-11.0,-81.0
1777889206.5153325,2.0,-6.0,-82.0
1777889206.5253325,6.0,-6.0,-82.0
1777889206.5353324,4.0,-7.0,-83.0
1777889206.5453324,3.0,-1.0,-83.0
1777889206.5553324,4.0,-2.0,-86.0
1777889206.5653324,2.0,-4.0,-84.0
1777889206.5753324,2.0,-4.0,-87.0
1777889206.5853324,2.0,-5.0,-82.0
1777889206.5953324,5.0,-3.0,-83.0
1777889206.6053324,5.0,-4.0,-78.0
1777889206.6153324,5.0,2.0,-69.0
1777889206.6253324,0.0,2.0,-60.0
1777889206.6353323,-1.0,-3.0,-60.0
1777889206.6453323,0.0,-2.0,-59.0
1777889206.6553323,-1.0,-4.0,-55.0
1777889206.6653323,0.0,-7.0,-59.0
1777889206.6753323,0.0,-5.0,-65.0
1777889206.6853323,0.0,-3.0,-65.0
1777889206.6953323,2.0,-3.0,-56.0
1777889206.7053325,-1.0,-3.0,-60.0
1777889206.7153325,0.0,-8.0,-64.0
1777889206.7253325,1.0,-8.0,-68.0
1777889206.7353325,0.0,-6.0,-70.0
1777889206.7453325,1.0,-3.0,-71.0
1777889206.7553325,3.0,0.0,-75.0
1777889206.7653325,4.0,2.0,-74.0
1777889206.7753325,0.0,-1.0,-80.0
1777889206.7853324,-1.0,0.0,-79.0
1777889206.7953324,-6.0,-5.0,-77.0
1777889206.8053324,-3.0,-6.0,-73.0
1777889206.8153324,0.0,-1.0,-76.0
1777889206.8253324,3.0,0.0,-81.0
1777889206.8353324,1.0,-1.0,-85.0
1777889206.8453324,3.0,-5.0,-84.0
1777889206.8553324,-2.0,-2.0,-86.0
1777889206.8653324,-4.0,-7.0,-95.0
1777889206.8753324,-3.0,-6.0,-91.0
1777889206.8853323,2.0,-6.0,-83.0
1777889206.8953323,3.0,-5.0,-75.0
1777889206.9053323,1.0,-6.0,-78.0
1777889206.9153323,-3.0,-9.0,-75.0
1777889206.9253323,-6.0,-4.0,-70.0
1777889206.9353323,-4.0,-1.0,-73.0
1777889206.9453323,-3.0,-1.0,-81.0
1777889206.9553325,-5.0,-1.0,-86.0
1777889206.9653325,-4.0,0.0,-81.0
1777889206.9753325,-1.0,-4.0,-74.0
1777889206.9853325,-2.0,-2.0,-74.0
1777889206.9953325,-1.0,-3.0,-74.0
1777889207.0053325,-4.0,-1.0,-68.0
1777889207.0153325,-4.0,-4.0,-77.0
1777889207.0253325,-3.0,-7.0,-83.0
1777889207.0353324,0.0,-5.0,-85.0
1777889207.0453324,2.0,-3.0,-78.0
1777889207.0553324,0.0,0.0,-79.0
1777889207.0653324,-3.0,-1.0,-80.0
1777889207.0753324,-1.0,0.0,-71.0
1777889207.0853324,0.0,0.0,-69.0
1777889207.0953324,1.0,1.0,-73.0
1777889207.1053324,-1.0,0.0,-73.0
1777889207.1153324,0.0,-3.0,-78.0
1777889207.1253324,-2.0,-2.0,-81.0
1777889207.1353323,-5.0,2.0,-84.0
1777889207.1453323,0.0,0.0,-87.0
1777889207.1553323,1.0,-2.0,-84.0
1777889207.1663325,2.0,0.0,-86.0
1777889207.1763325,4.0,4.0,-83.0
1777889207.1863325,4.0,3.0,-85.0
1777889207.1963325,2.0,4.0,-86.0
1777889207.2063324,1.0,5.0,-85.0
1777889207.2163324,4.0,0.0,-89.0
1777889207.2263324,5.0,0.0,-89.0
1777889207.2363324,3.0,-1.0,-93.0
1777889207.2463324,0.0,-4.0,-92.0
1777889207.2563324,3.0,-3.0,-88.0
1777889207.2663324,4.0,-5.0,-83.0
1777889207.2763324,3.0,-3.0,-78.0
1777889207.2863324,5.0,-7.0,-69.0
1777889207.2963324,9.0,-8.0,-78.0
1777889207.3063323,4.0,-6.0,-87.0
1777889207.3163323,2.0,-5.0,-87.0
1777889207.3263323,2.0,-4.0,-82.0
1777889207.3363323,-1.0,2.0,-76.0
1777889207.3463323,-1.0,5.0,-79.0
1777889207.3563323,-3.0,7.0,-75.0
1777889207.3663323,-4.0,5.0,-81.0
1777889207.3763323,-1.0,3.0,-82.0
1777889207.3863325,0.0,1.0,-85.0
1777889207.3963325,-1.0,0.0,-87.0
1777889207.4063325,-1.0,2.0,-87.0
1777889207.4163325,-2.0,2.0,-84.0
1777889207.4263325,-1.0,2.0,-79.0
1777889207.4363325,0.0,1.0,-76.0
1777889207.4463325,2.0,0.0,-79.0
1777889207.4563324,-2.0,2.0,-80.0
1777889207.4663324,0.0,1.0,-72.0
1777889207.4763324,-1.0,4.0,-75.0
1777889207.4863324,-1.0,2.0,-75.0
1777889207.4963324,3.0,1.0,-71.0
1777889207.5063324,4.0,-1.0,-74.0
1777889207.5163324,6.0,-3.0,-71.0
1777889207.5263324,1.0,-1.0,-71.0
1777889207.5363324,0.0,0.0,-64.0
1777889207.5463324,-2.0,5.0,-67.0
1777889207.5563323,-2.0,3.0,-72.0
1777889207.5663323,0.0,2.0,-77.0
1777889207.5763323,-2.0,0.0,-73.0
1777889207.5863323,-3.0,0.0,-67.0
1777889207.5963323,-7.0,1.0,-70.0
1777889207.6063323,-6.0,-3.0,-75.0
1777889207.6163323,-7.0,-1.0,-76.0
1777889207.6263323,-4.0,-2.0,-71.0
1777889207.6363325,0.0,0.0,-72.0
1777889207.6463325,5.0,0.0,-77.0
1777889207.6563325,7.0,-2.0,-79.0
1777889207.6663325,5.0,-2.0,-82.0
1777889207.6763325,6.0,-2.0,-79.0
1777889207.6863325,5.0,-7.0,-74.0
1777889207.6963325,8.0,-4.0,-76.0
1777889207.7063324,6.0,-1.0,-72.0
1777889207.7163324,7.0,-2.0,-75.0
1777889207.7263324,2.0,-3.0,-75.0
1777889207.7363324,0.0,-2.0,-76.0
1777889207.7463324,-1.0,2.0,-73.0
1777889207.7563324,0.0,-2.0,-83.0
1777889207.7663324,-6.0,-1.0,-79.0
1777889207.7763324,-4.0,-2.0,-81.0
1777889207.7863324,-4.0,0.0,-79.0
1777889207.7963324,0.0,0.0,-75.0
1777889207.8063323,-1.0,-1.0,-70.0
1777889207.8163323,0.0,-3.0,-73.0
1777889207.8263323,5.0,-2.0,-78.0
1777889207.8363323,8.0,-5.0,-80.0
1777889207.8463323,6.0,-3.0,-83.0
1777889207.8563323,4.0,-2.0,-87.0
1777889207.8663323,4.0,-2.0,-81.0
1777889207.8763323,5.0,3.0,-77.0
1777889207.8863325,2.0,3.0,-83.0
1777889207.8963325,4.0,2.0,-80.0
1777889207.9063325,9.0,1.0,-82.0
1777889207.9163325,8.0,4.0,-78.0
1777889207.9263325,6.0,3.0,-82.0
1777889207.9363325,0.0,2.0,-87.0
1777889207.9463325,1.0,7.0,-87.0
1777889207.9563324,3.0,3.0,-92.0
1777889207.9663324,5.0,1.0,-86.0
1777889207.9763324,1.0,0.0,-79.0
1777889207.9863324,4.0,0.0,-71.0
1777889207.9963324,2.0,0.0,-66.0
1777889208.0063324,-1.0,-1.0,-66.0
1777889208.0163324,2.0,-1.0,-69.0
1777889208.0263324,4.0,0.0,-73.0
1777889208.0363324,3.0,-2.0,-75.0
1777889208.0463324,8.0,-2.0,-70.0
1777889208.0563323,2.0,-2.0,-71.0
1777889208.0663323,-1.0,0.0,-67.0
1777889208.0763323,-3.0,-1.0,-67.0
1777889208.0863323,0.0,-4.0,-60.0
1777889208.0963323,3.0,-5.0,-61.0
1777889208.1063323,2.0,-5.0,-65.0
1777889208.1163323,6.0,-3.0,-69.0
1777889208.1263323,7.0,-3.0,-70.0
1777889208.1363325,3.0,-3.0,-67.0
1777889208.1463325,0.0,-3.0,-65.0
1777889208.1563325,-4.0,-3.0,-64.0
1777889208.1663325,0.0,-2.0,-65.0
1777889208.1763325,0.0,-3.0,-67.0
1777889208.1863325,-1.0,-1.0,-67.0
1777889208.1963325,1.0,-2.0,-67.0
1777889208.2063324,-2.0,-3.0,-72.0
1777889208.2163324,-2.0,-2.0,-74.0
1777889208.2263324,-2.0,-4.0,-75.0
1777889208.2363324,-1.0,-6.0,-75.0
1777889208.2463324,2.0,-7.0,-77.0
1777889208.2563324,0.0,-6.0,-76.0
1777889208.2663324,-2.0,-3.0,-83.0
1777889208.2763324,2.0,-2.0,-85.0
1777889208.2863324,2.0,0.0,-89.0
1777889208.2963324,1.0,-4.0,-88.0
1777889208.3063323,2.0,-3.0,-84.0
1777889208.3163323,7.0,-3.0,-79.0
1777889208.3263323,4.0,-5.0,-82.0
1777889208.3363323,6.0,-7.0,-79.0
1777889208.3463323,6.0,-4.0,-87.0
1777889208.3563323,2.0,0.0,-90.0
1777889208.3663323,1.0,-2.0,-86.0
1777889208.3763323,0.0,-4.0,-87.0
1777889208.3863325,0.0,-6.0,-91.0
1777889208.3963325,1.0,-2.0,-86.0
1777889208.4063325,0.0,-3.0,-83.0
1777889208.4163325,2.0,0.0,-87.0
1777889208.4263325,0.0,0.0,-82.0
1777889208.4363325,2.0,-1.0,-79.0
1777889208.4463325,4.0,0.0,-79.0
1777889208.4563324,3.0,0.0,-81.0
1777889208.4663324,7.0,0.0,-79.0
1777889208.4763324,6.0,2.0,-75.0
1777889208.4863324,7.0,0.0,-77.0
1777889208.4963324,4.0,-5.0,-77.0
1777889208.5063324,3.0,-7.0,-79.0
1777889208.5163324,4.0,-4.0,-77.0
1777889208.5263324,4.0,-1.0,-74.0
1777889208.5363324,4.0,-1.0,-75.0
1777889208.5463324,0.0,-4.0,-78.0
1777889208.5563323,1.0,-6.0,-83.0
1777889208.5663323,0.0,-4.0,-89.0
1777889208.5763323,2.0,-5.0,-87.0
1777889208.5863323,2.0,-4.0,-83.0
1777889208.5963323,-2.0,-5.0,-83.0
1777889208.6063323,1.0,-4.0,-83.0
1777889208.6163323,7.0,-2.0,-84.0
1777889208.6263323,9.0,-1.0,-79.0
1777889208.6363325,11.0,-2.0,-75.0
1777889208.6463325,12.0,-2.0,-79.0
1777889208.6563325,10.0,-3.0,-74.0
1777889208.6663325,6.0,-3.0,-73.0
1777889208.6763325,3.0,-1.0,-71.0
1777889208.6863325,3.0,0.0,-76.0
1777889208.6963325,0.0,-2.0,-73.0
1777889208.7063324,1.0,-2.0,-76.0
1777889208.7163324,0.0,-2.0,-85.0
1777889208.7263324,0.0,-2.0,-85.0
1777889208.7363324,-3.0,-1.0,-84.0
1777889208.7473323,-2.0,0.0,-77.0
1777889208.7563324,0.0,0.0,-73.0
1777889208.7663324,2.0,-2.0,-76.0
1777889208.7763324,2.0,-3.0,-70.0
1777889208.7863324,2.0,-2.0,-69.0
1777889208.7963324,10.0,0.0,-74.0
1777889208.8063323,8.0,4.0,-75.0
1777889208.8163323,5.0,1.0,-74.0
1777889208.8263323,0.0,5.0,-70.0
1777889208.8363323,3.0,2.0,-67.0
1777889208.8463323,-2.0,3.0,-70.0
1777889208.8563323,-1.0,0.0,-71.0
1777889208.8663323,-1.0,2.0,-73.0
1777889208.8763323,1.0,1.0,-78.0
1777889208.8863325,0.0,2.0,-78.0
1777889208.8963325,5.0,3.0,-78.0
1777889208.9063325,1.0,1.0,-82.0
1777889208.9163325,-3.0,0.0,-75.0
1777889208.9263325,-8.0,0.0,-75.0
1777889208.9363325,-8.0,5.0,-74.0
1777889208.9463325,-6.0,8.0,-77.0
1777889208.9563324,-9.0,10.0,-83.0
1777889208.9663324,-6.0,6.0,-86.0
1777889208.9763324,-4.0,-2.0,-83.0
1777889208.9863324,0.0,-3.0,-76.0
1777889208.9963324,-1.0,-3.0,-81.0
1777889209.0063324,-3.0,1.0,-75.0
1777889209.0163324,-5.0,0.0,-69.0
1777889209.0263324,-7.0,-1.0,-74.0
1777889209.0363324,-2.0,0.0,-82.0
1777889209.0463324,-2.0,1.0,-83.0
1777889209.0563323,-1.0,1.0,-87.0
1777889209.0663323,0.0,2.0,-85.0
1777889209.0763323,8.0,-1.0,-94.0
1777889209.0863323,6.0,1.0,-98.0
1777889209.0963323,5.0,5.0,-98.0
1777889209.1073325,1.0,6.0,-95.0
1777889209.1163323,5.0,2.0,-92.0
1777889209.1263323,8.0,1.0,-86.0
1777889209.1363325,7.0,0.0,-85.0
1777889209.1473324,4.0,-2.0,-91.0
1777889209.1573324,6.0,-3.0,-91.0
1777889209.1673324,3.0,-9.0,-88.0
1777889209.1773324,0.0,-7.0,-84.0
1777889209.1873324,1.0,-10.0,-86.0
1777889209.1973324,0.0,-10.0,-77.0
1777889209.2073324,0.0,-8.0,-72.0
1777889209.2173324,0.0,-7.0,-73.0
1777889209.2273324,2.0,-1.0,-73.0
1777889209.2373323,10.0,-1.0,-81.0
1777889209.2473323,10.0,-2.0,-87.0
1777889209.2573323,8.0,-3.0,-79.0
1777889209.2673323,12.0,-2.0,-79.0
1777889209.2773323,7.0,-1.0,-83.0
1777889209.2873323,4.0,0.0,-82.0
1777889209.2973323,5.0,0.0,-79.0
1777889209.3073325,0.0,-1.0,-76.0
1777889209.3173325,0.0,-1.0,-78.0
1777889209.3273325,2.0,0.0,-76.0
1777889209.3373325,1.0,0.0,-80.0
1777889209.3473325,0.0,1.0,-78.0
1777889209.3573325,0.0,0.0,-76.0
1777889209.3673325,-3.0,0.0,-79.0
1777889209.3773324,-1.0,-2.0,-76.0
1777889209.3873324,-2.0,-1.0,-78.0
1777889209.3973324,-2.0,-2.0,-82.0
1777889209.4073324,-3.0,-1.0,-92.0
1777889209.4173324,-2.0,-1.0,-90.0
1777889209.4273324,0.0,-2.0,-79.0
1777889209.4373324,2.0,0.0,-78.0
1777889209.4473324,1.0,3.0,-75.0
1777889209.4573324,4.0,5.0,-77.0
1777889209.4673324,1.0,9.0,-78.0
1777889209.4773324,0.0,8.0,-82.0
1777889209.4873323,-3.0,3.0,-79.0
1777889209.4973323,-2.0,2.0,-77.0
1777889209.5073323,-1.0,-2.0,-80.0
1777889209.5173323,5.0,0.0,-89.0
1777889209.5273323,4.0,1.0,-86.0
1777889209.5373323,6.0,2.0,-86.0
1777889209.5473323,3.0,0.0,-82.0
1777889209.5573325,-1.0,-2.0,-80.0
1777889209.5673325,-3.0,-2.0,-81.0
1777889209.5773325,-4.0,-2.0,-86.0
1777889209.5873325,-6.0,-1.0,-88.0
1777889209.5973325,0.0,-1.0,-91.0
1777889209.6073325,0.0,-3.0,-95.0
1777889209.6173325,0.0,-5.0,-90.0
1777889209.6273324,0.0,-6.0,-83.0
1777889209.6373324,-1.0,-7.0,-85.0
1777889209.6473324,-1.0,-6.0,-83.0
1777889209.6573324,0.0,-5.0,-85.0
1777889209.6673324,-1.0,-1.0,-80.0
1777889209.6773324,-2.0,1.0,-83.0
1777889209.6873324,0.0,5.0,-72.0
1777889209.6973324,3.0,4.0,-68.0
1777889209.7073324,1.0,4.0,-72.0
1777889209.7173324,-2.0,2.0,-72.0
1777889209.7273324,-5.0,3.0,-81.0
1777889209.7373323,-7.0,0.0,-76.0
1777889209.7473323,-6.0,-1.0,-73.0
1777889209.7573323,-2.0,-3.0,-68.0
1777889209.7673323,-2.0,-5.0,-68.0
1777889209.7773323,-1.0,-7.0,-67.0
1777889209.7873323,-2.0,-9.0,-67.0
1777889209.7973323,-5.0,-8.0,-69.0
1777889209.8073325,-4.0,-6.0,-74.0
1777889209.8173325,-5.0,-1.0,-80.0
1777889209.8273325,-3.0,0.0,-83.0
1777889209.8373325,-2.0,0.0,-83.0
1777889209.8473325,3.0,0.0,-86.0
1777889209.8573325,4.0,2.0,-81.0
1777889209.8673325,4.0,3.0,-79.0
1777889209.8773324,2.0,6.0,-76.0
1777889209.8873324,-2.0,8.0,-75.0
1777889209.8973324,-4.0,10.0,-73.0
1777889209.9073324,-5.0,10.0,-76.0
1777889209.9173324,-3.0,13.0,-76.0
1777889209.9273324,0.0,12.0,-78.0
1777889209.9373324,5.0,10.0,-82.0
1777889209.9473324,7.0,6.0,-72.0
1777889209.9573324,7.0,5.0,-69.0
1777889209.9673324,8.0,3.0,-70.0
1777889209.9773324,5.0,0.0,-72.0
1777889209.9873323,6.0,-2.0,-75.0
1777889209.9973323,7.0,0.0,-76.0
1777889210.0073323,8.0,-3.0,-69.0
1777889210.0173323,7.0,-1.0,-70.0
1777889210.0273323,6.0,-2.0,-75.0
1777889210.0373323,0.0,-3.0,-74.0
1777889210.0473323,1.0,1.0,-74.0
1777889210.0573325,2.0,0.0,-79.0
1777889210.0673325,0.0,4.0,-77.0
1777889210.0773325,0.0,4.0,-86.0
1777889210.0873325,2.0,5.0,-89.0
1777889210.0973325,1.0,6.0,-89.0
1777889210.1073325,4.0,4.0,-87.0
1777889210.1173325,5.0,1.0,-85.0
1777889210.1273324,1.0,2.0,-82.0
1777889210.1373324,-2.0,1.0,-82.0
1777889210.1473324,-3.0,1.0,-84.0
1777889210.1573324,-3.0,2.0,-77.0
1777889210.1673324,-2.0,2.0,-79.0
1777889210.1773324,3.0,1.0,-76.0
1777889210.1873324,5.0,-5.0,-78.0
1777889210.1973324,5.0,-7.0,-82.0
1777889210.2073324,1.0,-1.0,-78.0
1777889210.2173324,1.0,1.0,-80.0
1777889210.2273324,2.0,1.0,-78.0
1777889210.2373323,0.0,3.0,-73.0
1777889210.2473323,-1.0,1.0,-69.0
1777889210.2573323,-1.0,-1.0,-71.0
1777889210.2673323,4.0,-5.0,-77.0
1777889210.2773323,3.0,-4.0,-79.0
1777889210.2873323,4.0,-6.0,-83.0
1777889210.2973323,1.0,-2.0,-79.0
1777889210.3073325,0.0,-1.0,-82.0
1777889210.3173325,2.0,-5.0,-74.0
1777889210.3273325,5.0,-6.0,-77.0
1777889210.3373325,2.0,-6.0,-76.0
1777889210.3473325,-1.0,-6.0,-80.0
1777889210.3573325,2.0,-8.0,-83.0
1777889210.3673325,-3.0,-6.0,-81.0
1777889210.3773324,-6.0,-3.0,-79.0
1777889210.3873324,-8.0,-3.0,-78.0
1777889210.3973324,-3.0,0.0,-81.0
1777889210.4073324,-2.0,0.0,-75.0
1777889210.4173324,2.0,-1.0,-71.0
1777889210.4273324,4.0,-2.0,-74.0
1777889210.4373324,2.0,-1.0,-72.0
1777889210.4473324,-3.0,4.0,-71.0
1777889210.4573324,-2.0,6.0,-79.0
1777889210.4673324,-8.0,4.0,-78.0
1777889210.4773324,0.0,2.0,-78.0
1777889210.4873323,3.0,2.0,-79.0
1777889210.4973323,-3.0,4.0,-86.0
1777889210.5073323,-2.0,6.0,-81.0
1777889210.5173323,0.0,8.0,-77.0
1777889210.5273323,0.0,6.0,-77.0
1777889210.5373323,0.0,3.0,-81.0
1777889210.5473323,0.0,0.0,-83.0
1777889210.5573325,3.0,3.0,-80.0
1777889210.5673325,1.0,3.0,-83.0
1777889210.5773325,3.0,3.0,-81.0
1777889210.5873325,5.0,5.0,-85.0
1777889210.5973325,7.0,5.0,-77.0
1777889210.6073325,9.0,2.0,-76.0
1777889210.6173325,5.0,-1.0,-78.0
1777889210.6273324,-1.0,-3.0,-78.0
1777889210.6373324,-1.0,-5.0,-78.0
1777889210.6473324,-1.0,-2.0,-75.0
1777889210.6573324,-2.0,-3.0,-69.0
1777889210.6673324,-2.0,-2.0,-68.0
1777889210.6773324,-2.0,5.0,-70.0
1777889210.6873324,0.0,5.0,-64.0
1777889210.6973324,0.0,3.0,-64.0
1777889210.7073324,2.0,4.0,-66.0
1777889210.7173324,3.0,3.0,-69.0
1777889210.7273324,1.0,2.0,-66.0
1777889210.7373323,5.0,1.0,-72.0
1777889210.7473323,3.0,1.0,-76.0
1777889210.7573323,1.0,3.0,-82.0
1777889210.7673323,1.0,0.0,-90.0
1777889210.7773323,-1.0,-1.0,-90.0
1777889210.7873323,-4.0,-3.0,-85.0
1777889210.7973323,-7.0,-4.0,-78.0
1777889210.8073325,-5.0,-1.0,-79.0
1777889210.8173325,-10.0,-2.0,-81.0
1777889210.8273325,-12.0,-2.0,-81.0
1777889210.8373325,-10.0,-5.0,-73.0
1777889210.8473325,-5.0,-5.0,-71.0
1777889210.8573325,-2.0,-6.0,-70.0
1777889210.8673325,4.0,-2.0,-71.0
1777889210.8773324,5.0,-5.0,-73.0
1777889210.8873324,2.0,-3.0,-73.0
1777889210.8973324,2.0,-6.0,-71.0
1777889210.9073324,0.0,-5.0,-68.0
1777889210.9173324,0.0,-2.0,-74.0
1777889210.9273324,-1.0,0.0,-73.0
1777889210.9373324,-4.0,-2.0,-73.0
1777889210.9473324,-1.0,2.0,-72.0
1777889210.9573324,-4.0,3.0,-75.0
1777889210.9673324,-4.0,4.0,-76.0
1777889210.9773324,0.0,4.0,-70.0
1777889210.9873323,3.0,3.0,-69.0
1777889210.9973323,-1.0,-2.0,-74.0
1777889211.0073323,-3.0,-2.0,-73.0
1777889211.0173323,1.0,1.0,-71.0
1777889211.0273323,0.0,-4.0,-66.0
1777889211.0373323,-2.0,-5.0,-68.0
1777889211.0473323,0.0,-8.0,-65.0
1777889211.0573325,-1.0,-9.0,-68.0
1777889211.0673325,0.0,-9.0,-72.0
1777889211.0783324,0.0,-8.0,-71.0
1777889211.0873325,0.0,-7.0,-75.0
1777889211.0983324,2.0,-4.0,-77.0
1777889211.1073325,1.0,-6.0,-79.0
1777889211.1183324,-1.0,-8.0,-80.0
1777889211.1283324,0.0,-2.0,-76.0
1777889211.1383324,0.0,0.0,-75.0
1777889211.1483324,-3.0,-2.0,-69.0
1777889211.1583323,-3.0,-2.0,-69.0
1777889211.1683323,-1.0,0.0,-67.0
1777889211.1783323,-2.0,-1.0,-73.0
1777889211.1883323,-3.0,1.0,-76.0
1777889211.1983323,-1.0,0.0,-81.0
1777889211.2083323,-1.0,0.0,-75.0
1777889211.2183323,-3.0,-2.0,-76.0
1777889211.2283323,-1.0,0.0,-75.0
1777889211.2383325,-4.0,-3.0,-77.0
1777889211.2483325,-4.0,-6.0,-75.0
1777889211.2583325,-7.0,-8.0,-82.0
1777889211.2683325,-5.0,-8.0,-82.0
1777889211.2783325,-2.0,-5.0,-79.0
1777889211.2883325,-1.0,-2.0,-78.0
1777889211.2983325,-4.0,-1.0,-79.0
1777889211.3083324,-6.0,-1.0,-79.0
1777889211.3183324,-4.0,2.0,-71.0
1777889211.3283324,-3.0,4.0,-76.0
1777889211.3383324,-1.0,10.0,-78.0
1777889211.3483324,1.0,11.0,-80.0
1777889211.3583324,0.0,12.0,-80.0
1777889211.3683324,-3.0,12.0,-77.0
1777889211.3783324,-5.0,7.0,-79.0
1777889211.3883324,-7.0,6.0,-83.0
1777889211.3983324,-6.0,1.0,-81.0
1777889211.4083323,0.0,-2.0,-78.0
1777889211.4183323,-3.0,-1.0,-79.0
1777889211.4283323,-3.0,-4.0,-72.0
1777889211.4383323,2.0,-3.0,-72.0
1777889211.4483323,1.0,-2.0,-79.0
1777889211.4583323,0.0,-5.0,-80.0
1777889211.4683323,-1.0,-6.0,-86.0
1777889211.4783323,-3.0,-2.0,-90.0
1777889211.4883325,0.0,0.0,-88.0
1777889211.4983325,-2.0,-1.0,-80.0
1777889211.5083325,-3.0,0.0,-75.0
1777889211.5183325,-3.0,1.0,-73.0
1777889211.5283325,-5.0,2.0,-73.0
1777889211.5383325,-5.0,3.0,-77.0
1777889211.5483325,-8.0,7.0,-74.0
1777889211.5583324,-11.0,5.0,-75.0
1777889211.5683324,-6.0,5.0,-79.0
1777889211.5783324,-6.0,1.0,-83.0
1777889211.5883324,-7.0,3.0,-87.0
1777889211.5983324,-6.0,2.0,-90.0
1777889211.6083324,-6.0,1.0,-84.0
1777889211.6183324,0.0,2.0,-84.0
1777889211.6283324,-2.0,0.0,-80.0
1777889211.6383324,-2.0,-3.0,-80.0
1777889211.6483324,0.0,-4.0,-79.0
1777889211.6583323,0.0,-9.0,-78.0
1777889211.6683323,-1.0,-8.0,-79.0
1777889211.6783323,-5.0,-6.0,-80.0
1777889211.6883323,-8.0,-12.0,-82.0
1777889211.6983323,-3.0,-5.0,-79.0
1777889211.7083323,-5.0,-3.0,-68.0
1777889211.7183323,-5.0,-7.0,-66.0
1777889211.7283323,-4.0,-6.0,-69.0
1777889211.7383325,-3.0,-8.0,-76.0
1777889211.7483325,-5.0,-7.0,-75.0
1777889211.7583325,0.0,-6.0,-72.0
1777889211.7683325,1.0,-8.0,-76.0
1777889211.7783325,4.0,-11.0,-77.0
1777889211.7883325,3.0,-9.0,-77.0
1777889211.7983325,5.0,-7.0,-77.0
1777889211.8083324,4.0,-4.0,-77.0
1777889211.8183324,3.0,-2.0,-79.0
1777889211.8283324,5.0,-4.0,-80.0
1777889211.8383324,4.0,-3.0,-81.0
1777889211.8483324,1.0,0.0,-84.0
1777889211.8583324,3.0,0.0,-88.0
1777889211.8683324,7.0,-1.0,-87.0
1777889211.8783324,6.0,-4.0,-85.0
1777889211.8883324,3.0,-3.0,-83.0
1777889211.8983324,-1.0,-5.0,-78.0
1777889211.9083323,-5.0,-3.0,-78.0
1777889211.9183323,-4.0,0.0,-84.0
1777889211.9283323,-4.0,-3.0,-87.0
1777889211.9383323,0.0,-5.0,-78.0
1777889211.9483323,1.0,-2.0,-82.0
1777889211.9583323,2.0,-3.0,-82.0
1777889211.9683323,3.0,-5.0,-73.0
1777889211.9783323,2.0,-3.0,-76.0
1777889211.9883325,3.0,-5.0,-73.0
1777889211.9983325,2.0,-2.0,-69.0
1777889212.0083325,1.0,1.0,-70.0
1777889212.0183325,0.0,4.0,-70.0
1777889212.0283325,4.0,2.0,-69.0
1777889212.0383325,0.0,-1.0,-71.0
1777889212.0483325,-3.0,-4.0,-71.0
1777889212.0583324,-3.0,-5.0,-75.0
1777889212.0683324,-4.0,-2.0,-76.0
1777889212.0783324,-2.0,-3.0,-72.0
1777889212.0883324,-1.0,-1.0,-74.0
1777889212.0983324,-1.0,0.0,-86.0
1777889212.1083324,-1.0,1.0,-92.0
1777889212.1183324,2.0,0.0,-86.0
1777889212.1283324,2.0,-2.0,-80.0
1777889212.1383324,3.0,-6.0,-77.0
1777889212.1483324,5.0,-4.0,-73.0
1777889212.1583323,5.0,0.0,-75.0
1777889212.1683323,2.0,1.0,-76.0
1777889212.1783323,5.0,0.0,-69.0
1777889212.1883323,5.0,-1.0,-69.0
1777889212.1983323,8.0,1.0,-70.0
1777889212.2083323,10.0,2.0,-72.0
1777889212.2183323,9.0,3.0,-71.0
1777889212.2283323,5.0,-2.0,-67.0
1777889212.2383325,0.0,0.0,-68.0
1777889212.2483325,0.0,1.0,-69.0
1777889212.2583325,0.0,4.0,-64.0
1777889212.2683325,0.0,4.0,-64.0
1777889212.2783325,3.0,4.0,-66.0
1777889212.2883325,2.0,2.0,-71.0
1777889212.2983325,-3.0,7.0,-70.0
1777889212.3083324,-7.0,4.0,-85.0
1777889212.3183324,-8.0,2.0,-85.0
1777889212.3283324,-6.0,1.0,-76.0
1777889212.3383324,-5.0,2.0,-76.0
1777889212.3483324,-2.0,3.0,-74.0
1777889212.3583324,0.0,2.0,-74.0
1777889212.3683324,1.0,-1.0,-69.0
1777889212.3783324,4.0,0.0,-72.0
1777889212.3883324,9.0,0.0,-70.0
1777889212.3983324,13.0,0.0,-70.0
1777889212.4083323,12.0,0.0,-69.0
1777889212.4183323,8.0,-2.0,-70.0
1777889212.4283323,10.0,-4.0,-70.0
1777889212.4383323,6.0,-3.0,-79.0
1777889212.4483323,5.0,-3.0,-73.0
1777889212.4583323,2.0,-4.0,-74.0
1777889212.4683323,4.0,-6.0,-75.0
1777889212.4783323,8.0,-4.0,-70.0
1777889212.4883325,8.0,-4.0,-64.0
1777889212.4983325,10.0,-3.0,-65.0
1777889212.5083325,9.0,-8.0,-73.0
1777889212.5183325,7.0,-10.0,-77.0
1777889212.5283325,5.0,-7.0,-79.0
1777889212.5383325,-2.0,-10.0,-76.0
1777889212.5483325,-4.0,-7.0,-74.0
1777889212.5583324,-5.0,-3.0,-71.0
1777889212.5683324,0.0,-10.0,-70.0
1777889212.5783324,0.0,-11.0,-76.0
1777889212.5883324,-3.0,-4.0,-77.0
1777889212.5983324,-1.0,-4.0,-74.0
1777889212.6083324,-5.0,-5.0,-78.0
1777889212.6183324,-1.0,-7.0,-72.0
1777889212.6283324,-4.0,-3.0,-66.0
1777889212.6383324,-2.0,-5.0,-75.0
1777889212.6483324,-1.0,-5.0,-76.0
1777889212.6583323,-2.0,-6.0,-81.0
1777889212.6683323,2.0,-3.0,-83.0
1777889212.6783323,2.0,-2.0,-87.0
1777889212.6883323,0.0,4.0,-84.0
1777889212.6983323,-1.0,0.0,-78.0
1777889212.7083323,2.0,0.0,-69.0
1777889212.7183323,4.0,0.0,-65.0
1777889212.7283323,6.0,1.0,-66.0
1777889212.7383325,2.0,2.0,-63.0
1777889212.7483325,0.0,0.0,-67.0
1777889212.7583325,3.0,0.0,-68.0
1777889212.7683325,0.0,-4.0,-62.0
1777889212.7783325,-1.0,-6.0,-66.0
1777889212.7883325,2.0,-1.0,-69.0
1777889212.7983325,6.0,-1.0,-72.0
1777889212.8083324,2.0,5.0,-75.0
1777889212.8183324,3.0,4.0,-77.0
1777889212.8283324,6.0,5.0,-76.0
1777889212.8383324,5.0,0.0,-73.0
1777889212.8483324,5.0,2.0,-68.0
1777889212.8583324,3.0,5.0,-63.0
1777889212.8683324,0.0,5.0,-65.0
1777889212.8783324,0.0,1.0,-67.0
1777889212.8883324,2.0,4.0,-64.0
1777889212.8983324,2.0,4.0,-66.0
1777889212.9083323,-4.0,-2.0,-65.0
1777889212.9183323,-2.0,-1.0,-71.0
1777889212.9283323,0.0,-1.0,-65.0
1777889212.9383323,0.0,0.0,-58.0
1777889212.9483323,3.0,-1.0,-57.0
1777889212.9583323,-3.0,-5.0,-56.0
1777889212.9683323,-4.0,-1.0,-69.0
1777889212.9783323,-2.0,-4.0,-76.0
1777889212.9883325,-4.0,-2.0,-76.0
1777889212.9983325,-5.0,2.0,-75.0
1777889213.0083325,-1.0,2.0,-75.0
1777889213.0183325,-4.0,2.0,-78.0
1777889213.0283325,-3.0,4.0,-81.0
1777889213.0383325,-5.0,6.0,-81.0
1777889213.0483325,-7.0,3.0,-81.0
1777889213.0583324,-10.0,3.0,-77.0
1777889213.0683324,-10.0,4.0,-86.0
1777889213.0783324,-7.0,3.0,-80.0
1777889213.0883324,-3.0,3.0,-73.0
1777889213.0993323,1.0,3.0,-68.0
1777889213.1093323,-1.0,6.0,-71.0
1777889213.1193323,0.0,5.0,-69.0
1777889213.1293323,0.0,6.0,-70.0
1777889213.1393323,5.0,3.0,-65.0
1777889213.1493323,2.0,3.0,-64.0
1777889213.1593325,1.0,1.0,-73.0
1777889213.1693325,6.0,0.0,-77.0
1777889213.1793325,6.0,-2.0,-77.0
1777889213.1893325,3.0,-3.0,-78.0
1777889213.1993325,0.0,-1.0,-78.0
1777889213.2093325,-3.0,-5.0,-78.0
1777889213.2193325,-7.0,0.0,-78.0
1777889213.2293324,-7.0,-2.0,-80.0
1777889213.2393324,-4.0,-6.0,-78.0
1777889213.2493324,-4.0,-6.0,-81.0
1777889213.2593324,2.0,-2.0,-78.0
1777889213.2693324,2.0,-1.0,-85.0
1777889213.2793324,2.0,0.0,-85.0
1777889213.2893324,0.0,2.0,-82.0
1777889213.2993324,0.0,5.0,-77.0
1777889213.3093324,1.0,4.0,-72.0
1777889213.3193324,0.0,5.0,-71.0
1777889213.3293324,-6.0,4.0,-72.0
1777889213.3393323,-4.0,4.0,-77.0
1777889213.3493323,-5.0,6.0,-77.0
1777889213.3593323,-5.0,10.0,-80.0
1777889213.3693323,-7.0,6.0,-81.0
1777889213.3793323,-2.0,5.0,-83.0
1777889213.3893323,-2.0,3.0,-81.0
1777889213.3993323,0.0,2.0,-76.0
1777889213.4093325,0.0,-2.0,-83.0
1777889213.4193325,1.0,-3.0,-82.0
1777889213.4293325,1.0,1.0,-78.0
1777889213.4393325,4.0,1.0,-76.0
1777889213.4493325,6.0,1.0,-77.0
1777889213.4593325,3.0,2.0,-78.0
1777889213.4693325,5.0,2.0,-74.0
1777889213.4793324,6.0,1.0,-79.0
1777889213.4893324,5.0,1.0,-86.0
1777889213.4993324,2.0,1.0,-86.0
1777889213.5093324,0.0,1.0,-86.0
1777889213.5193324,-2.0,2.0,-82.0
1777889213.5293324,0.0,3.0,-83.0
1777889213.5393324,-3.0,2.0,-76.0
1777889213.5493324,-3.0,2.0,-74.0
1777889213.5593324,0.0,4.0,-72.0
1777889213.5693324,-1.0,1.0,-71.0
1777889213.5793324,3.0,0.0,-68.0
1777889213.5893323,4.0,0.0,-66.0
1777889213.5993323,4.0,0.0,-70.0
1777889213.6093323,7.0,4.0,-71.0
1777889213.6193323,5.0,5.0,-72.0
1777889213.6293323,3.0,4.0,-68.0
1777889213.6393323,0.0,2.0,-68.0
1777889213.6493323,0.0,2.0,-77.0
1777889213.6593325,0.0,2.0,-74.0
1777889213.6693325,0.0,1.0,-76.0
1777889213.6793325,2.0,4.0,-77.0
1777889213.6893325,4.0,5.0,-75.0
1777889213.6993325,0.0,3.0,-77.0
1777889213.7093325,0.0,5.0,-67.0
1777889213.7193325,0.0,8.0,-70.0
1777889213.7293324,0.0,5.0,-71.0
1777889213.7393324,0.0,1.0,-77.0
1777889213.7493324,0.0,0.0,-73.0
1777889213.7593324,3.0,0.0,-69.0
1777889213.7693324,4.0,-1.0,-74.0
1777889213.7793324,6.0,0.0,-80.0
1777889213.7893324,0.0,3.0,-79.0
1777889213.7993324,4.0,3.0,-76.0
1777889213.8093324,3.0,3.0,-78.0
1777889213.8193324,4.0,4.0,-76.0
1777889213.8293324,0.0,0.0,-82.0
1777889213.8393323,-2.0,-2.0,-77.0
1777889213.8493323,-1.0,-3.0,-72.0
1777889213.8593323,0.0,-1.0,-75.0
1777889213.8693323,1.0,1.0,-72.0
1777889213.8793323,4.0,1.0,-78.0
1777889213.8893323,3.0,0.0,-78.0
1777889213.8993323,5.0,-2.0,-85.0
1777889213.9093325,6.0,2.0,-81.0
1777889213.9193325,10.0,1.0,-83.0
1777889213.9293325,9.0,-1.0,-76.0
1777889213.9393325,0.0,0.0,-71.0
1777889213.9493325,1.0,1.0,-75.0
1777889213.9593325,5.0,3.0,-73.0
1777889213.9693325,2.0,2.0,-72.0
1777889213.9793324,5.0,6.0,-75.0
1777889213.9893324,2.0,8.0,-80.0
1777889213.9993324,5.0,5.0,-81.0
1777889214.0093324,1.0,6.0,-78.0
1777889214.0193324,4.0,4.0,-75.0
1777889214.0293324,3.0,0.0,-74.0
1777889214.0393324,-1.0,3.0,-73.0
1777889214.0493324,-2.0,3.0,-74.0
1777889214.0593324,3.0,4.0,-75.0
1777889214.0693324,0.0,2.0,-74.0
1777889214.0793324,-7.0,1.0,-74.0
1777889214.0893323,-6.0,0.0,-78.0
1777889214.0993323,-3.0,-3.0,-72.0
1777889214.1093323,0.0,-2.0,-75.0
1777889214.1193323,0.0,0.0,-75.0
1777889214.1293323,2.0,-1.0,-78.0
1777889214.1393323,4.0,0.0,-83.0
1777889214.1493323,2.0,1.0,-85.0
1777889214.1593325,2.0,1.0,-85.0
1777889214.1693325,0.0,3.0,-88.0
1777889214.1793325,-1.0,-4.0,-83.0
1777889214.1893325,0.0,-2.0,-82.0
1777889214.1993325,0.0,0.0,-81.0
1777889214.2093325,2.0,0.0,-81.0
1777889214.2193325,3.0,-2.0,-80.0
1777889214.2293324,8.0,-6.0,-79.0
1777889214.2393324,14.0,-7.0,-77.0
1777889214.2493324,10.0,-7.0,-81.0
1777889214.2593324,9.0,-7.0,-83.0
1777889214.2693324,7.0,-5.0,-83.0
1777889214.2793324,9.0,-2.0,-75.0
1777889214.2893324,7.0,-2.0,-75.0
1777889214.2993324,8.0,-4.0,-68.0
1777889214.3093324,10.0,-2.0,-79.0
1777889214.3193324,6.0,0.0,-81.0
1777889214.3293324,3.0,0.0,-77.0
1777889214.3393323,-1.0,0.0,-75.0
1777889214.3493323,-4.0,-1.0,-72.0
1777889214.3593323,-1.0,-2.0,-73.0
1777889214.3693323,-1.0,-1.0,-70.0
1777889214.3793323,-4.0,0.0,-80.0
1777889214.3893323,0.0,0.0,-80.0
1777889214.3993323,1.0,-1.0,-77.0
1777889214.4093325,0.0,-3.0,-75.0
1777889214.4193325,0.0,-2.0,-71.0
1777889214.4293325,-3.0,1.0,-71.0
1777889214.4393325,-6.0,3.0,-76.0
1777889214.4493325,-5.0,-1.0,-78.0
1777889214.4593325,-8.0,-6.0,-79.0
1777889214.4693325,-6.0,-2.0,-77.0
1777889214.4793324,0.0,-2.0,-84.0
1777889214.4893324,-1.0,-3.0,-79.0
1777889214.4993324,0.0,-4.0,-79.0
1777889214.5093324,3.0,-5.0,-81.0
1777889214.5193324,8.0,-5.0,-78.0
1777889214.5293324,11.0,-4.0,-78.0
1777889214.5393324,4.0,-5.0,-74.0
1777889214.5493324,5.0,-2.0,-77.0
1777889214.5593324,1.0,-2.0,-72.0
1777889214.5693324,0.0,-3.0,-71.0
1777889214.5793324,-4.0,-3.0,-73.0
1777889214.5893323,1.0,-3.0,-72.0
1777889214.5993323,1.0,0.0,-74.0
1777889214.6093323,1.0,0.0,-69.0
1777889214.6193323,2.0,1.0,-66.0
1777889214.6293323,4.0,1.0,-69.0
1777889214.6393323,4.0,0.0,-76.0
1777889214.6493323,5.0,1.0,-75.0
1777889214.6593325,6.0,1.0,-75.0
1777889214.6693325,-1.0,4.0,-78.0
1777889214.6793325,1.0,2.0,-76.0
1777889214.6893325,1.0,0.0,-69.0
1777889214.6993325,3.0,0.0,-71.0
1777889214.7093325,3.0,-1.0,-77.0
1777889214.7193325,7.0,-5.0,-77.0
1777889214.7293324,7.0,-3.0,-68.0
1777889214.7393324,4.0,-2.0,-68.0
1777889214.7493324,3.0,0.0,-69.0
1777889214.7593324,0.0,3.0,-69.0
1777889214.7693324,-2.0,7.0,-74.0
1777889214.7793324,-3.0,7.0,-71.0
1777889214.7893324,-4.0,3.0,-68.0
1777889214.7993324,-5.0,2.0,-72.0
1777889214.8093324,-6.0,2.0,-76.0
1777889214.8193324,-4.0,1.0,-76.0
1777889214.8293324,2.0,-1.0,-71.0
1777889214.8393323,1.0,1.0,-62.0
1777889214.8493323,-2.0,2.0,-64.0
1777889214.8593323,0.0,5.0,-72.0
1777889214.8693323,-2.0,6.0,-65.0
1777889214.8793323,-6.0,6.0,-65.0
1777889214.8893323,-10.0,2.0,-68.0
1777889214.8993323,-9.0,-1.0,-69.0
1777889214.9093325,-6.0,1.0,-69.0
1777889214.9193325,-11.0,0.0,-73.0
1777889214.9293325,-11.0,0.0,-72.0
1777889214.9393325,-9.0,3.0,-76.0
1777889214.9493325,-12.0,4.0,-73.0
1777889214.9593325,-11.0,5.0,-70.0
1777889214.9693325,-13.0,5.0,-73.0
1777889214.9793324,-4.0,0.0,-69.0
1777889214.9893324,-3.0,0.0,-80.0
1777889214.9993324,-3.0,-1.0,-81.0
1777889215.0093324,-2.0,-1.0,-82.0
1777889215.0193324,-1.0,1.0,-75.0
1777889215.0293324,-1.0,0.0,-78.0
1777889215.0393324,0.0,-1.0,-69.0
1777889215.0493324,2.0,-2.0,-71.0
1777889215.0593324,2.0,2.0,-72.0
1777889215.0703323,2.0,0.0,-73.0
1777889215.0793324,3.0,-2.0,-72.0
1777889215.0903325,0.0,-5.0,-69.0
1777889215.1003325,2.0,-7.0,-73.0
1777889215.1103325,5.0,-4.0,-71.0
1777889215.1203325,4.0,-3.0,-68.0
1777889215.1303325,4.0,-1.0,-72.0
1777889215.1403325,1.0,-1.0,-81.0
1777889215.1503325,3.0,0.0,-82.0
1777889215.1603324,0.0,-4.0,-84.0
1777889215.1703324,0.0,-4.0,-79.0
1777889215.1803324,3.0,-3.0,-81.0
1777889215.1903324,0.0,-3.0,-82.0
1777889215.2003324,0.0,-3.0,-86.0
1777889215.2103324,1.0,-1.0,-82.0
1777889215.2203324,0.0,-4.0,-81.0
1777889215.2303324,1.0,-1.0,-76.0
1777889215.2403324,0.0,0.0,-75.0
1777889215.2503324,4.0,3.0,-79.0
1777889215.2603323,3.0,0.0,-85.0
1777889215.2703323,2.0,-1.0,-85.0
1777889215.2803323,1.0,-5.0,-80.0
1777889215.2903323,-2.0,-2.0,-82.0
1777889215.3003323,0.0,-3.0,-81.0
1777889215.3103323,2.0,0.0,-77.0
1777889215.3203323,1.0,-2.0,-76.0
1777889215.3303325,0.0,-2.0,-71.0
1777889215.3403325,3.0,-2.0,-69.0
1777889215.3503325,8.0,-4.0,-72.0
1777889215.3603325,7.0,-6.0,-70.0
1777889215.3703325,6.0,-6.0,-75.0
1777889215.3803325,2.0,-1.0,-74.0
1777889215.3903325,2.0,-5.0,-74.0
1777889215.4003325,1.0,-8.0,-79.0
1777889215.4103324,3.0,-10.0,-79.0
1777889215.4203324,3.0,-5.0,-83.0
1777889215.4303324,0.0,-2.0,-82.0
1777889215.4403324,0.0,0.0,-86.0
1777889215.4503324,1.0,-1.0,-76.0
1777889215.4603324,3.0,-3.0,-77.0
1777889215.4703324,1.0,0.0,-81.0
1777889215.4803324,-2.0,2.0,-76.0
1777889215.4903324,-4.0,0.0,-75.0
1777889215.5003324,-4.0,0.0,-78.0
1777889215.5103323,0.0,2.0,-80.0
1777889215.5203323,-1.0,2.0,-82.0
1777889215.5303323,-5.0,0.0,-73.0
1777889215.5403323,-4.0,0.0,-73.0
1777889215.5503323,0.0,-1.0,-72.0
1777889215.5603323,0.0,-4.0,-71.0
1777889215.5703323,0.0,0.0,-74.0
1777889215.5803325,1.0,-1.0,-76.0
1777889215.5903325,5.0,-1.0,-83.0
1777889215.6003325,5.0,-1.0,-78.0
1777889215.6103325,10.0,-3.0,-82.0
1777889215.6203325,6.0,-5.0,-79.0
1777889215.6303325,3.0,-3.0,-72.0
1777889215.6403325,5.0,-6.0,-72.0
1777889215.6503325,2.0,-8.0,-73.0
1777889215.6603324,7.0,-8.0,-79.0
1777889215.6703324,9.0,-6.0,-88.0
1777889215.6803324,5.0,-2.0,-89.0
1777889215.6903324,9.0,-1.0,-91.0
1777889215.7003324,6.0,-1.0,-89.0
1777889215.7103324,5.0,-1.0,-84.0
1777889215.7203324,7.0,1.0,-82.0
1777889215.7303324,7.0,1.0,-83.0
1777889215.7403324,2.0,0.0,-85.0
1777889215.7503324,-1.0,1.0,-80.0
1777889215.7603323,-6.0,4.0,-85.0
1777889215.7703323,-5.0,1.0,-80.0
1777889215.7803323,-3.0,0.0,-86.0
1777889215.7903323,-3.0,1.0,-92.0
1777889215.8003323,-6.0,0.0,-92.0
1777889215.8103323,-6.0,-3.0,-86.0
1777889215.8203323,-6.0,-1.0,-85.0
1777889215.8303325,-2.0,-1.0,-83.0
1777889215.8403325,-1.0,-3.0,-78.0
1777889215.8503325,0.0,-2.0,-78.0
1777889215.8603325,-3.0,0.0,-75.0
1777889215.8703325,-3.0,-1.0,-79.0
1777889215.8803325,-2.0,-2.0,-85.0
1777889215.8903325,-4.0,-2.0,-79.0
1777889215.9003325,-6.0,-1.0,-80.0
1777889215.9103324,-7.0,-3.0,-83.0
1777889215.9203324,-4.0,-7.0,-86.0
1777889215.9303324,-3.0,-9.0,-82.0
1777889215.9403324,0.0,-11.0,-88.0
1777889215.9503324,1.0,-6.0,-83.0
1777889215.9603324,5.0,-6.0,-78.0
1777889215.9703324,0.0,-2.0,-82.0
1777889215.9803324,0.0,0.0,-81.0
1777889215.9903324,-1.0,5.0,-77.0
1777889216.0003324,-1.0,0.0,-76.0
1777889216.0103323,-4.0,0.0,-72.0
1777889216.0203323,-2.0,1.0,-77.0
1777889216.0303323,-2.0,-2.0,-82.0
1777889216.0403323,0.0,-1.0,-90.0
1777889216.0503323,0.0,0.0,-91.0
1777889216.0603323,2.0,4.0,-84.0
1777889216.0703323,3.0,7.0,-79.0
1777889216.0803325,-2.0,6.0,-78.0
1777889216.0903325,-2.0,6.0,-78.0
1777889216.1003325,-2.0,2.0,-75.0
1777889216.1103325,0.0,0.0,-76.0
1777889216.1203325,5.0,-1.0,-75.0
1777889216.1303325,5.0,-1.0,-73.0
1777889216.1403325,5.0,1.0,-71.0
1777889216.1503325,-1.0,4.0,-72.0
1777889216.1603324,-1.0,3.0,-74.0
1777889216.1703324,-1.0,0.0,-68.0
1777889216.1803324,0.0,-2.0,-61.0
1777889216.1903324,6.0,-3.0,-64.0
1777889216.2003324,3.0,0.0,-62.0
1777889216.2103324,1.0,-2.0,-62.0
1777889216.2203324,4.0,-3.0,-74.0
1777889216.2303324,5.0,-4.0,-76.0
1777889216.2403324,1.0,-2.0,-74.0
1777889216.2503324,0.0,-4.0,-73.0
1777889216.2603323,0.0,0.0,-76.0
1777889216.2703323,0.0,6.0,-70.0
1777889216.2803323,-2.0,7.0,-74.0
1777889216.2903323,2.0,5.0,-76.0
1777889216.3003323,5.0,4.0,-79.0
1777889216.3103323,4.0,2.0,-80.0
1777889216.3203323,0.0,1.0,-84.0
1777889216.3303325,1.0,0.0,-82.0
1777889216.3403325,0.0,-4.0,-80.0
1777889216.3503325,0.0,-5.0,-83.0
1777889216.3603325,-1.0,-9.0,-83.0
1777889216.3703325,-1.0,-5.0,-75.0
1777889216.3803325,0.0,-3.0,-75.0
1777889216.3903325,2.0,-1.0,-77.0
1777889216.4003325,6.0,-3.0,-73.0
1777889216.4103324,6.0,-3.0,-73.0
1777889216.4203324,7.0,0.0,-72.0
1777889216.4303324,0.0,0.0,-71.0
1777889216.4403324,0.0,0.0,-74.0
1777889216.4503324,0.0,1.0,-79.0
1777889216.4603324,-1.0,3.0,-81.0
1777889216.4703324,-2.0,0.0,-83.0
1777889216.4803324,-1.0,-2.0,-74.0
1777889216.4903324,-1.0,-3.0,-71.0
1777889216.5003324,3.0,-2.0,-70.0
1777889216.5103323,-1.0,-2.0,-71.0
1777889216.5203323,-1.0,-3.0,-74.0
1777889216.5303323,-1.0,-1.0,-72.0
1777889216.5403323,0.0,-5.0,-71.0
1777889216.5503323,2.0,-4.0,-69.0
1777889216.5603323,3.0,-4.0,-70.0
1777889216.5703323,3.0,-1.0,-77.0
1777889216.5803325,1.0,0.0,-81.0
1777889216.5903325,2.0,-3.0,-79.0
1777889216.6003325,4.0,-2.0,-78.0
1777889216.6103325,2.0,0.0,-75.0
1777889216.6203325,0.0,2.0,-73.0
1777889216.6303325,-3.0,3.0,-70.0
1777889216.6403325,-4.0,1.0,-66.0
1777889216.6503325,-7.0,2.0,-71.0
1777889216.6603324,-5.0,2.0,-74.0
1777889216.6703324,-2.0,3.0,-71.0
1777889216.6803324,0.0,1.0,-68.0
1777889216.6903324,0.0,5.0,-69.0
1777889216.7003324,4.0,2.0,-70.0
1777889216.7103324,5.0,2.0,-76.0
1777889216.7203324,0.0,0.0,-72.0
1777889216.7303324,0.0,0.0,-74.0
1777889216.7403324,0.0,6.0,-68.0
1777889216.7503324,6.0,5.0,-72.0
1777889216.7603323,2.0,1.0,-77.0
1777889216.7703323,0.0,4.0,-86.0
1777889216.7803323,0.0,5.0,-88.0
1777889216.7903323,0.0,0.0,-83.0
1777889216.8003323,6.0,0.0,-75.0
1777889216.8103323,3.0,2.0,-78.0
1777889216.8203323,1.0,1.0,-76.0
1777889216.8303325,-3.0,1.0,-73.0
1777889216.8403325,-6.0,4.0,-75.0
1777889216.8503325,-6.0,5.0,-78.0
1777889216.8603325,-3.0,3.0,-74.0
1777889216.8703325,1.0,2.0,-66.0
1777889216.8803325,0.0,4.0,-68.0
1777889216.8903325,-4.0,4.0,-68.0
1777889216.9003325,-5.0,2.0,-64.0
1777889216.9103324,-5.0,1.0,-67.0
1777889216.9203324,-2.0,2.0,-70.0
1777889216.9303324,-4.0,1.0,-71.0
1777889216.9403324,-2.0,0.0,-72.0
1777889216.9503324,0.0,-1.0,-76.0
1777889216.9603324,0.0,-1.0,-77.0
1777889216.9703324,-3.0,1.0,-79.0
1777889216.9803324,2.0,-3.0,-78.0
1777889216.9903324,2.0,-3.0,-70.0
1777889217.0003324,0.0,-2.0,-66.0
1777889217.0103323,-1.0,-2.0,-68.0
1777889217.0213325,-1.0,-3.0,-70.0
1777889217.0313325,-3.0,-7.0,-71.0
1777889217.0413325,-1.0,-8.0,-70.0
1777889217.0513325,-1.0,-10.0,-66.0
1777889217.0613325,1.0,-14.0,-72.0
1777889217.0713325,2.0,-9.0,-78.0
1777889217.0813324,-1.0,-8.0,-83.0
1777889217.0913324,0.0,-4.0,-85.0
1777889217.1013324,0.0,-2.0,-80.0
1777889217.1113324,0.0,-2.0,-78.0
1777889217.1223323,4.0,-7.0,-79.0
1777889217.1313324,9.0,-5.0,-81.0
1777889217.1413324,10.0,-1.0,-74.0
1777889217.1513324,2.0,0.0,-75.0
1777889217.1613324,3.0,0.0,-80.0
1777889217.1713324,2.0,-4.0,-81.0
1777889217.1813323,5.0,-3.0,-80.0
1777889217.1913323,7.0,-2.0,-83.0
1777889217.2013323,6.0,0.0,-80.0
1777889217.2113323,6.0,0.0,-78.0
1777889217.2213323,4.0,0.0,-73.0
1777889217.2313323,4.0,0.0,-74.0
1777889217.2413323,3.0,0.0,-76.0
1777889217.2513323,-3.0,1.0,-78.0
1777889217.2613325,-2.0,3.0,-85.0
1777889217.2713325,-1.0,3.0,-84.0
1777889217.2813325,-1.0,3.0,-79.0
1777889217.2913325,0.0,3.0,-79.0
1777889217.3013325,0.0,4.0,-78.0
1777889217.3113325,0.0,4.0,-74.0
1777889217.3213325,4.0,0.0,-72.0
1777889217.3313324,1.0,-1.0,-69.0
1777889217.3413324,-1.0,-1.0,-66.0
1777889217.3513324,0.0,-3.0,-69.0
1777889217.3613324,3.0,-3.0,-77.0
1777889217.3713324,0.0,-5.0,-81.0
1777889217.3813324,-4.0,-3.0,-83.0
1777889217.3913324,-2.0,-1.0,-85.0
1777889217.4013324,-4.0,-3.0,-88.0
1777889217.4113324,-8.0,0.0,-85.0
1777889217.4213324,-10.0,-2.0,-87.0
1777889217.4313323,-8.0,-6.0,-82.0
1777889217.4413323,-5.0,-5.0,-83.0
1777889217.4513323,0.0,-5.0,-76.0
1777889217.4613323,0.0,-7.0,-81.0
1777889217.4713323,2.0,-11.0,-77.0
1777889217.4813323,3.0,-12.0,-77.0
1777889217.4913323,3.0,-10.0,-74.0
1777889217.5013323,5.0,-7.0,-66.0
1777889217.5113325,3.0,-6.0,-65.0
1777889217.5213325,0.0,-8.0,-61.0
1777889217.5313325,-3.0,-9.0,-63.0
1777889217.5413325,-4.0,-7.0,-74.0
1777889217.5513325,-3.0,-6.0,-75.0
1777889217.5613325,0.0,-4.0,-81.0
1777889217.5713325,-2.0,-4.0,-78.0
1777889217.5813324,-2.0,-2.0,-80.0
1777889217.5913324,2.0,0.0,-80.0
1777889217.6013324,6.0,0.0,-80.0
1777889217.6113324,3.0,2.0,-83.0
1777889217.6213324,0.0,6.0,-84.0
1777889217.6313324,4.0,4.0,-78.0
1777889217.6413324,7.0,3.0,-78.0
1777889217.6513324,9.0,4.0,-78.0
1777889217.6613324,9.0,3.0,-69.0
1777889217.6713324,7.0,0.0,-68.0
1777889217.6813323,10.0,0.0,-69.0
1777889217.6913323,10.0,2.0,-70.0
1777889217.7013323,7.0,2.0,-69.0
1777889217.7113323,4.0,0.0,-72.0
1777889217.7213323,2.0,-1.0,-73.0
1777889217.7313323,4.0,-2.0,-74.0
1777889217.7413323,2.0,1.0,-78.0
1777889217.7513323,0.0,-4.0,-78.0
1777889217.7613325,3.0,-3.0,-77.0
1777889217.7713325,3.0,-3.0,-81.0
1777889217.7813325,3.0,-2.0,-86.0
1777889217.7913325,3.0,-5.0,-87.0
1777889217.8013325,2.0,-6.0,-84.0
1777889217.8113325,3.0,-7.0,-90.0
1777889217.8213325,1.0,-4.0,-90.0
1777889217.8313324,-2.0,-1.0,-87.0
1777889217.8413324,0.0,-2.0,-87.0
1777889217.8513324,-1.0,-4.0,-81.0
1777889217.8613324,2.0,-2.0,-83.0
1777889217.8713324,0.0,-4.0,-80.0
1777889217.8813324,0.0,-3.0,-79.0
1777889217.8913324,-1.0,-2.0,-76.0
1777889217.9013324,0.0,0.0,-76.0
1777889217.9113324,1.0,-1.0,-79.0
1777889217.9213324,0.0,0.0,-74.0
1777889217.9313323,-1.0,-5.0,-77.0
1777889217.9413323,0.0,-5.0,-74.0
1777889217.9513323,0.0,-11.0,-66.0
1777889217.9613323,4.0,-10.0,-67.0
1777889217.9713323,5.0,-8.0,-66.0
1777889217.9813323,2.0,-4.0,-69.0
1777889217.9913323,0.0,-3.0,-74.0
1777889218.0013323,1.0,-3.0,-76.0
1777889218.0113325,-3.0,-3.0,-78.0
1777889218.0213325,-7.0,0.0,-82.0
1777889218.0313325,-10.0,0.0,-75.0
1777889218.0413325,-12.0,1.0,-71.0
1777889218.0513325,-11.0,-3.0,-71.0
1777889218.0613325,-8.0,-7.0,-76.0
1777889218.0713325,-5.0,-6.0,-81.0
1777889218.0813324,-2.0,-4.0,-72.0
1777889218.0913324,0.0,-1.0,-74.0
1777889218.1013324,0.0,-1.0,-71.0
1777889218.1113324,-1.0,-5.0,-79.0
1777889218.1213324,-5.0,-2.0,-80.0
1777889218.1313324,-4.0,3.0,-80.0
1777889218.1413324,0.0,0.0,-81.0
1777889218.1513324,4.0,0.0,-78.0
1777889218.1613324,4.0,0.0,-75.0
1777889218.1713324,-3.0,4.0,-83.0
1777889218.1813323,2.0,4.0,-82.0
1777889218.1913323,0.0,4.0,-94.0
1777889218.2013323,0.0,5.0,-91.0
1777889218.2113323,-1.0,4.0,-93.0
1777889218.2213323,-2.0,2.0,-89.0
1777889218.2313323,2.0,3.0,-85.0
1777889218.2413323,3.0,1.0,-84.0
1777889218.2513323,4.0,4.0,-83.0
1777889218.2613325,2.0,3.0,-86.0
1777889218.2713325,7.0,4.0,-87.0
1777889218.2813325,9.0,4.0,-88.0
1777889218.2913325,6.0,1.0,-88.0
1777889218.3013325,2.0,-4.0,-82.0
1777889218.3113325,-1.0,-4.0,-77.0
1777889218.3213325,-1.0,0.0,-84.0
1777889218.3313324,-5.0,0.0,-80.0
1777889218.3413324,-6.0,-2.0,-78.0
1777889218.3513324,-1.0,-4.0,-75.0
1777889218.3613324,-1.0,-3.0,-76.0
1777889218.3713324,-4.0,-1.0,-72.0
1777889218.3813324,-2.0,0.0,-71.0
1777889218.3913324,0.0,-1.0,-78.0
1777889218.4013324,2.0,4.0,-77.0
1777889218.4113324,5.0,6.0,-78.0
1777889218.4213324,7.0,5.0,-79.0
1777889218.4313323,5.0,8.0,-77.0
1777889218.4413323,8.0,4.0,-72.0
1777889218.4513323,9.0,3.0,-70.0
1777889218.4613323,3.0,3.0,-69.0
1777889218.4713323,5.0,0.0,-67.0
1777889218.4813323,6.0,1.0,-67.0
1777889218.4913323,0.0,1.0,-76.0
1777889218.5013323,-1.0,5.0,-82.0
1777889218.5113325,2.0,1.0,-84.0
1777889218.5213325,3.0,5.0,-81.0
1777889218.5313325,2.0,4.0,-80.0
1777889218.5413325,-3.0,4.0,-81.0
1777889218.5513325,-2.0,5.0,-78.0
1777889218.5613325,-4.0,4.0,-82.0
1777889218.5713325,-3.0,0.0,-75.0
1777889218.5813324,-4.0,1.0,-71.0
1777889218.5913324,-3.0,0.0,-64.0
1777889218.6013324,-2.0,0.0,-77.0
1777889218.6113324,-3.0,0.0,-78.0
1777889218.6213324,-4.0,1.0,-71.0
1777889218.6313324,-3.0,3.0,-74.0
1777889218.6413324,-4.0,2.0,-75.0
1777889218.6513324,-2.0,4.0,-74.0
1777889218.6613324,-7.0,1.0,-80.0
1777889218.6713324,-4.0,2.0,-87.0
1777889218.6813323,-1.0,4.0,-94.0
1777889218.6913323,4.0,2.0,-89.0
1777889218.7013323,4.0,-2.0,-83.0
1777889218.7113323,7.0,-3.0,-79.0
1777889218.7213323,3.0,-2.0,-80.0
1777889218.7313323,3.0,-3.0,-80.0
1777889218.7413323,1.0,-1.0,-75.0
1777889218.7513323,1.0,0.0,-74.0
1777889218.7613325,-2.0,-1.0,-75.0
1777889218.7713325,-2.0,0.0,-78.0
1777889218.7813325,-3.0,1.0,-78.0
1777889218.7913325,-4.0,0.0,-78.0
1777889218.8013325,-5.0,2.0,-84.0
1777889218.8113325,-5.0,0.0,-86.0
1777889218.8213325,-4.0,1.0,-85.0
1777889218.8313324,0.0,0.0,-88.0
1777889218.8413324,0.0,-3.0,-84.0
1777889218.8513324,-1.0,-5.0,-78.0
1777889218.8613324,-1.0,-7.0,-82.0
1777889218.8713324,0.0,-8.0,-81.0
1777889218.8813324,2.0,-7.0,-77.0
1777889218.8913324,2.0,-1.0,-86.0
1777889218.9013324,2.0,-3.0,-82.0
1777889218.9113324,-2.0,-3.0,-76.0
1777889218.9213324,0.0,-5.0,-74.0
1777889218.9313323,-1.0,-7.0,-72.0
1777889218.9413323,-1.0,-3.0,-82.0
1777889218.9513323,-1.0,-2.0,-83.0
1777889218.9613323,-4.0,-4.0,-81.0
1777889218.9713323,0.0,-2.0,-78.0
1777889218.9813323,2.0,1.0,-80.0
1777889218.9913323,4.0,4.0,-82.0
1777889219.0013323,2.0,3.0,-79.0
1777889219.0123324,0.0,1.0,-77.0
1777889219.0213325,1.0,1.0,-83.0
1777889219.0323324,2.0,-2.0,-84.0
1777889219.0423324,7.0,-3.0,-84.0
1777889219.0523324,3.0,-2.0,-80.0
1777889219.0623324,5.0,-5.0,-75.0
1777889219.0723324,7.0,-8.0,-80.0
1777889219.0823324,7.0,-4.0,-76.0
1777889219.0923324,12.0,-1.0,-83.0
1777889219.1023324,12.0,-3.0,-81.0
1777889219.1123323,8.0,-3.0,-74.0
1777889219.1223323,5.0,-3.0,-79.0
1777889219.1323323,3.0,-8.0,-79.0
1777889219.1423323,8.0,-6.0,-82.0
1777889219.1523323,3.0,-7.0,-88.0
1777889219.1623323,1.0,-5.0,-79.0
1777889219.1723323,0.0,-4.0,-77.0
1777889219.1823325,2.0,-7.0,-78.0
1777889219.1923325,2.0,-2.0,-77.0
1777889219.2023325,0.0,2.0,-79.0
1777889219.2123325,3.0,0.0,-84.0
1777889219.2223325,3.0,0.0,-83.0
1777889219.2323325,0.0,-1.0,-85.0
1777889219.2423325,2.0,-1.0,-86.0
1777889219.2523324,2.0,-1.0,-87.0
1777889219.2623324,3.0,-4.0,-87.0
1777889219.2723324,0.0,-3.0,-81.0
1777889219.2823324,0.0,-3.0,-78.0
1777889219.2923324,-4.0,-5.0,-73.0
1777889219.3023324,-7.0,-4.0,-78.0
1777889219.3123324,-6.0,-1.0,-83.0
1777889219.3223324,-7.0,-1.0,-83.0
1777889219.3323324,-1.0,-2.0,-80.0
1777889219.3423324,2.0,0.0,-82.0
1777889219.3523324,0.0,2.0,-85.0
1777889219.3623323,0.0,1.0,-81.0
1777889219.3723323,-1.0,-1.0,-79.0
1777889219.3823323,1.0,-2.0,-86.0
1777889219.3923323,7.0,-2.0,-90.0
1777889219.4023323,6.0,-4.0,-87.0
1777889219.4123323,1.0,-5.0,-82.0
1777889219.4223323,0.0,-4.0,-76.0
1777889219.4323325,0.0,-2.0,-75.0
1777889219.4423325,0.0,-1.0,-82.0
1777889219.4523325,-1.0,-2.0,-84.0
1777889219.4623325,0.0,-3.0,-84.0
1777889219.4723325,5.0,-4.0,-77.0
1777889219.4823325,4.0,-8.0,-71.0
1777889219.4923325,0.0,-5.0,-73.0
1777889219.5023324,-1.0,1.0,-71.0
1777889219.5123324,-3.0,1.0,-69.0
1777889219.5223324,-2.0,0.0,-68.0
1777889219.5323324,-1.0,0.0,-64.0
1777889219.5423324,2.0,-4.0,-63.0
1777889219.5523324,-2.0,-2.0,-62.0
1777889219.5623324,0.0,-4.0,-62.0
1777889219.5723324,1.0,-4.0,-67.0
1777889219.5823324,-2.0,-3.0,-74.0
1777889219.5923324,0.0,0.0,-78.0
1777889219.6023324,-2.0,-3.0,-80.0
1777889219.6123323,-5.0,-3.0,-78.0
1777889219.6223323,-3.0,-3.0,-72.0
1777889219.6323323,-2.0,-3.0,-68.0
1777889219.6423323,-1.0,0.0,-70.0
1777889219.6523323,0.0,0.0,-75.0
1777889219.6623323,2.0,0.0,-76.0
1777889219.6723323,4.0,-2.0,-74.0
1777889219.6823325,3.0,-1.0,-70.0
1777889219.6923325,4.0,-2.0,-69.0
1777889219.7023325,1.0,-6.0,-77.0
1777889219.7123325,0.0,-11.0,-76.0
1777889219.7223325,-2.0,-7.0,-74.0
1777889219.7323325,-2.0,-3.0,-74.0
1777889219.7423325,-4.0,-3.0,-78.0
1777889219.7523324,-4.0,-3.0,-80.0
1777889219.7623324,-5.0,-3.0,-78.0
1777889219.7723324,-5.0,-2.0,-71.0
1777889219.7823324,-5.0,0.0,-71.0
1777889219.7923324,0.0,3.0,-77.0
1777889219.8023324,0.0,3.0,-78.0
1777889219.8123324,-2.0,2.0,-76.0
1777889219.8223324,0.0,0.0,-67.0
1777889219.8323324,-5.0,3.0,-67.0
1777889219.8423324,-7.0,5.0,-66.0
1777889219.8523324,-4.0,0.0,-71.0
1777889219.8623323,-3.0,4.0,-74.0
1777889219.8723323,-1.0,4.0,-80.0
1777889219.8823323,2.0,3.0,-78.0
1777889219.8923323,0.0,7.0,-76.0
1777889219.9023323,0.0,5.0,-72.0
1777889219.9123323,2.0,3.0,-73.0
1777889219.9223323,1.0,1.0,-73.0
1777889219.9323325,2.0,0.0,-74.0
1777889219.9423325,1.0,2.0,-76.0
1777889219.9523325,0.0,-1.0,-71.0
1777889219.9623325,0.0,0.0,-71.0
1777889219.9723325,-5.0,-1.0,-73.0
1777889219.9823325,-5.0,0.0,-75.0
1777889219.9923325,-7.0,0.0,-71.0
1777889220.0023324,-6.0,-5.0,-74.0
1777889220.0123324,-3.0,-6.0,-74.0
1777889220.0223324,0.0,-2.0,-79.0
1777889220.0323324,3.0,-1.0,-84.0
1777889220.0423324,3.0,0.0,-82.0
1777889220.0523324,2.0,-2.0,-85.0
1777889220.0623324,1.0,-3.0,-88.0
1777889220.0723324,1.0,1.0,-85.0
1777889220.0823324,2.0,0.0,-83.0
1777889220.0923324,5.0,-3.0,-86.0
1777889220.1023324,4.0,0.0,-88.0
1777889220.1123323,1.0,0.0,-84.0
1777889220.1223323,-1.0,0.0,-83.0
1777889220.1323323,-6.0,0.0,-83.0
1777889220.1423323,-2.0,1.0,-82.0
1777889220.1523323,-1.0,0.0,-84.0
1777889220.1623323,0.0,-1.0,-83.0
1777889220.1723323,4.0,0.0,-77.0
1777889220.1823325,5.0,4.0,-76.0
1777889220.1923325,5.0,4.0,-76.0
1777889220.2023325,5.0,0.0,-73.0
1777889220.2123325,1.0,0.0,-63.0
1777889220.2223325,0.0,1.0,-62.0
1777889220.2323325,0.0,1.0,-69.0
1777889220.2423325,0.0,0.0,-69.0
1777889220.2523324,0.0,-1.0,-70.0
1777889220.2623324,-3.0,-1.0,-70.0
1777889220.2723324,1.0,0.0,-73.0
1777889220.2823324,1.0,0.0,-70.0
1777889220.2923324,6.0,0.0,-75.0
1777889220.3023324,0.0,-1.0,-71.0
1777889220.3123324,0.0,0.0,-71.0
1777889220.3223324,-1.0,3.0,-72.0
1777889220.3323324,-3.0,2.0,-75.0
1777889220.3423324,-3.0,-4.0,-78.0
1777889220.3523324,-3.0,-3.0,-79.0
1777889220.3623323,-2.0,-6.0,-77.0
1777889220.3723323,-1.0,-7.0,-74.0
1777889220.3823323,-1.0,-4.0,-80.0
1777889220.3923323,3.0,-1.0,-79.0
1777889220.4023323,5.0,0.0,-80.0
1777889220.4123323,3.0,-2.0,-68.0
1777889220.4223323,4.0,-3.0,-61.0
1777889220.4323325,3.0,-4.0,-60.0
1777889220.4423325,4.0,-6.0,-63.0
1777889220.4523325,2.0,-5.0,-63.0
1777889220.4623325,5.0,-5.0,-62.0
1777889220.4723325,7.0,-6.0,-66.0
1777889220.4823325,5.0,-3.0,-74.0
1777889220.4923325,3.0,-3.0,-73.0
1777889220.5023324,0.0,-2.0,-75.0
1777889220.5123324,-1.0,-2.0,-72.0
1777889220.5223324,-1.0,3.0,-72.0
1777889220.5323324,-2.0,0.0,-73.0
1777889220.5423324,-3.0,1.0,-68.0
1777889220.5523324,-2.0,0.0,-63.0
1777889220.5623324,-1.0,0.0,-62.0
1777889220.5723324,-2.0,0.0,-64.0
1777889220.5823324,0.0,-3.0,-71.0
1777889220.5923324,0.0,-6.0,-75.0
1777889220.6023324,0.0,-4.0,-76.0
1777889220.6123323,7.0,1.0,-80.0
1777889220.6223323,5.0,2.0,-81.0
1777889220.6323323,9.0,6.0,-81.0
1777889220.6423323,4.0,0.0,-79.0
1777889220.6523323,6.0,0.0,-76.0
1777889220.6623323,5.0,-1.0,-71.0
1777889220.6723323,5.0,1.0,-74.0
1777889220.6823325,5.0,0.0,-70.0
1777889220.6923325,7.0,-2.0,-73.0
1777889220.7023325,7.0,-1.0,-74.0
1777889220.7123325,4.0,-3.0,-75.0
1777889220.7223325,-1.0,-2.0,-72.0
1777889220.7323325,1.0,1.0,-70.0
1777889220.7423325,0.0,-3.0,-68.0
1777889220.7523324,-2.0,-5.0,-70.0
1777889220.7623324,1.0,-5.0,-71.0
1777889220.7723324,4.0,-1.0,-70.0
1777889220.7823324,6.0,1.0,-71.0
1777889220.7923324,6.0,0.0,-69.0
1777889220.8023324,5.0,-4.0,-68.0
1777889220.8123324,6.0,-6.0,-72.0
1777889220.8223324,7.0,-6.0,-62.0
1777889220.8323324,7.0,-4.0,-63.0
1777889220.8423324,7.0,-5.0,-67.0
1777889220.8523324,10.0,-4.0,-64.0
1777889220.8623323,8.0,0.0,-70.0
1777889220.8723323,6.0,4.0,-71.0
1777889220.8823323,5.0,8.0,-69.0
1777889220.8923323,1.0,3.0,-74.0
1777889220.9023323,7.0,1.0,-71.0
1777889220.9123323,11.0,3.0,-73.0
1777889220.9223323,9.0,0.0,-77.0
1777889220.9323325,7.0,0.0,-77.0
1777889220.9423325,5.0,1.0,-79.0
1777889220.9523325,6.0,1.0,-83.0
1777889220.9633324,4.0,3.0,-79.0
1777889220.9723325,8.0,2.0,-69.0
1777889220.9823325,0.0,-1.0,-68.0
1777889220.9923325,0.0,-3.0,-69.0
1777889221.0033324,-5.0,-6.0,-70.0
1777889221.0123324,-8.0,-7.0,-75.0
1777889221.0223324,-3.0,-5.0,-77.0
1777889221.0323324,-3.0,-2.0,-72.0
1777889221.0433323,-3.0,-1.0,-72.0
1777889221.0533323,-2.0,-2.0,-70.0
1777889221.0633323,-4.0,-1.0,-71.0
1777889221.0733323,-1.0,-1.0,-69.0
1777889221.0833323,-1.0,-2.0,-67.0
1777889221.0933323,-4.0,1.0,-68.0
1777889221.1033323,-1.0,-2.0,-71.0
1777889221.1133325,0.0,-6.0,-68.0
1777889221.1233325,0.0,-3.0,-73.0
1777889221.1333325,2.0,3.0,-73.0
1777889221.1433325,5.0,8.0,-69.0
1777889221.1533325,2.0,6.0,-70.0
1777889221.1633325,7.0,4.0,-72.0
1777889221.1733325,2.0,7.0,-74.0
1777889221.1833324,1.0,4.0,-77.0
1777889221.1933324,2.0,4.0,-83.0
1777889221.2033324,2.0,4.0,-87.0
1777889221.2133324,-1.0,7.0,-82.0
1777889221.2233324,-2.0,5.0,-73.0
1777889221.2333324,-1.0,7.0,-81.0
1777889221.2433324,3.0,6.0,-84.0
1777889221.2533324,0.0,5.0,-85.0
1777889221.2633324,0.0,5.0,-82.0
1777889221.2733324,0.0,4.0,-81.0
1777889221.2833323,0.0,4.0,-81.0
1777889221.2933323,2.0,9.0,-78.0
1777889221.3033323,5.0,9.0,-83.0
1777889221.3133323,0.0,8.0,-77.0
1777889221.3233323,-3.0,5.0,-82.0
1777889221.3333323,-2.0,8.0,-82.0
1777889221.3433323,-3.0,4.0,-81.0
1777889221.3533323,-3.0,0.0,-79.0
1777889221.3633325,-1.0,2.0,-78.0
1777889221.3733325,-2.0,1.0,-79.0
1777889221.3833325,-3.0,1.0,-76.0
1777889221.3933325,-4.0,4.0,-75.0
1777889221.4033325,-1.0,0.0,-74.0
1777889221.4133325,0.0,-4.0,-72.0
1777889221.4233325,1.0,-5.0,-77.0
1777889221.4333324,0.0,-7.0,-79.0
1777889221.4433324,0.0,-10.0,-78.0
1777889221.4533324,0.0,-10.0,-84.0
1777889221.4633324,3.0,-11.0,-80.0
1777889221.4733324,0.0,-7.0,-78.0
1777889221.4833324,-4.0,-3.0,-78.0
1777889221.4933324,-4.0,-4.0,-74.0
1777889221.5033324,-1.0,-2.0,-65.0
1777889221.5133324,-2.0,-4.0,-68.0
1777889221.5233324,-3.0,0.0,-73.0
1777889221.5333323,-6.0,2.0,-77.0
1777889221.5433323,-2.0,0.0,-73.0
1777889221.5533323,-3.0,-2.0,-76.0
1777889221.5633323,-4.0,0.0,-81.0
1777889221.5733323,-4.0,0.0,-94.0
1777889221.5833323,-3.0,1.0,-92.0
1777889221.5933323,-5.0,-3.0,-89.0
1777889221.6033323,-1.0,-3.0,-83.0
1777889221.6133325,0.0,-4.0,-80.0
1777889221.6233325,0.0,-5.0,-77.0
1777889221.6333325,-2.0,-6.0,-82.0
1777889221.6433325,-1.0,-3.0,-87.0
1777889221.6533325,1.0,-5.0,-83.0
1777889221.6633325,5.0,-3.0,-95.0
1777889221.6733325,2.0,-4.0,-90.0
1777889221.6833324,10.0,-5.0,-93.0
1777889221.6933324,15.0,-2.0,-90.0
1777889221.7033324,14.0,-1.0,-87.0
1777889221.7133324,7.0,1.0,-85.0
1777889221.7233324,3.0,3.0,-80.0
1777889221.7333324,-1.0,2.0,-81.0
1777889221.7433324,-6.0,0.0,-74.0
1777889221.7533324,-4.0,2.0,-72.0
1777889221.7633324,2.0,0.0,-72.0
1777889221.7733324,5.0,1.0,-79.0
1777889221.7833323,3.0,-2.0,-86.0
1777889221.7933323,1.0,-5.0,-83.0
1777889221.8033323,1.0,-1.0,-81.0
1777889221.8133323,1.0,1.0,-82.0
1777889221.8233323,-2.0,5.0,-82.0
1777889221.8333323,-3.0,5.0,-79.0
1777889221.8433323,1.0,3.0,-76.0
1777889221.8533323,2.0,1.0,-84.0
1777889221.8633325,0.0,4.0,-83.0
1777889221.8733325,-2.0,8.0,-82.0
1777889221.8833325,-2.0,3.0,-78.0
1777889221.8933325,-3.0,0.0,-74.0
1777889221.9033325,-2.0,0.0,-74.0
1777889221.9133325,7.0,-2.0,-71.0
1777889221.9233325,8.0,-5.0,-65.0
1777889221.9333324,8.0,-8.0,-73.0
1777889221.9433324,5.0,-8.0,-66.0
1777889221.9533324,7.0,-11.0,-61.0
1777889221.9633324,8.0,-10.0,-65.0
1777889221.9733324,6.0,-4.0,-65.0
1777889221.9833324,1.0,-3.0,-71.0
1777889221.9933324,9.0,-2.0,-72.0
1777889222.0033324,10.0,-1.0,-76.0
1777889222.0133324,4.0,-2.0,-73.0
1777889222.0233324,0.0,-3.0,-74.0
1777889222.0333323,-2.0,-2.0,-73.0
1777889222.0433323,1.0,0.0,-75.0
1777889222.0533323,6.0,0.0,-80.0
1777889222.0633323,2.0,0.0,-77.0
1777889222.0733323,-6.0,-2.0,-75.0
1777889222.0833323,-1.0,0.0,-74.0
1777889222.0933323,-2.0,2.0,-73.0
1777889222.1033323,4.0,2.0,-78.0
1777889222.1133325,0.0,0.0,-75.0
1777889222.1233325,0.0,0.0,-78.0
1777889222.1333325,0.0,0.0,-76.0
1777889222.1433325,-5.0,0.0,-71.0
1777889222.1533325,0.0,-2.0,-67.0
1777889222.1633325,1.0,-1.0,-73.0
1777889222.1733325,-4.0,0.0,-76.0
1777889222.1833324,-4.0,-1.0,-74.0
1777889222.1933324,-7.0,-2.0,-78.0
1777889222.2033324,-2.0,-1.0,-76.0
1777889222.2133324,2.0,3.0,-79.0
1777889222.2233324,-1.0,0.0,-83.0
1777889222.2333324,-3.0,0.0,-81.0
1777889222.2433324,-4.0,2.0,-85.0
1777889222.2533324,-1.0,0.0,-84.0
1777889222.2633324,2.0,-1.0,-75.0
1777889222.2733324,2.0,-1.0,-70.0
1777889222.2833323,4.0,-1.0,-70.0
1777889222.2933323,5.0,0.0,-69.0
1777889222.3033323,0.0,-2.0,-68.0
1777889222.3133323,0.0,-2.0,-64.0
1777889222.3233323,-7.0,0.0,-63.0
1777889222.3333323,-8.0,-2.0,-62.0
1777889222.3433323,-8.0,-7.0,-63.0
1777889222.3533323,-7.0,-7.0,-66.0
1777889222.3633325,-9.0,-5.0,-74.0
1777889222.3733325,-7.0,-7.0,-74.0
1777889222.3833325,-3.0,-7.0,-78.0
1777889222.3933325,-5.0,-4.0,-78.0
1777889222.4033325,-5.0,-2.0,-77.0
1777889222.4133325,-7.0,-7.0,-78.0
1777889222.4233325,-10.0,-5.0,-74.0
1777889222.4333324,-9.0,-7.0,-71.0
1777889222.4433324,-7.0,-8.0,-74.0
1777889222.4533324,-6.0,-8.0,-72.0
1777889222.4633324,-7.0,-4.0,-75.0
1777889222.4733324,-8.0,-2.0,-74.0
1777889222.4833324,-3.0,-4.0,-80.0
1777889222.4933324,-6.0,-7.0,-73.0
1777889222.5033324,-4.0,-8.0,-75.0
1777889222.5133324,-8.0,-10.0,-78.0
1777889222.5233324,-6.0,-9.0,-74.0
1777889222.5333323,-6.0,-4.0,-70.0
1777889222.5433323,-3.0,0.0,-74.0
1777889222.5533323,-1.0,1.0,-76.0
1777889222.5633323,-7.0,3.0,-76.0
1777889222.5733323,-3.0,0.0,-77.0
1777889222.5833323,2.0,-2.0,-79.0
1777889222.5933323,1.0,3.0,-77.0
1777889222.6033323,-1.0,-2.0,-78.0
1777889222.6133325,0.0,-2.0,-80.0
1777889222.6233325,2.0,2.0,-79.0
1777889222.6333325,1.0,3.0,-84.0
1777889222.6433325,2.0,3.0,-85.0
1777889222.6533325,3.0,0.0,-85.0
1777889222.6633325,4.0,0.0,-88.0
1777889222.6733325,6.0,1.0,-86.0
1777889222.6833324,4.0,-2.0,-81.0
1777889222.6933324,2.0,-2.0,-83.0
1777889222.7033324,9.0,-3.0,-84.0
1777889222.7133324,7.0,-5.0,-81.0
1777889222.7233324,2.0,-2.0,-82.0
1777889222.7333324,-1.0,-8.0,-85.0
1777889222.7433324,-1.0,-7.0,-85.0
1777889222.7533324,0.0,-1.0,-83.0
1777889222.7633324,2.0,-5.0,-77.0
1777889222.7733324,3.0,-4.0,-73.0
1777889222.7833323,0.0,-3.0,-77.0
1777889222.7933323,-4.0,-5.0,-78.0
1777889222.8033323,-2.0,-1.0,-78.0
1777889222.8133323,2.0,-1.0,-82.0
1777889222.8233323,1.0,-2.0,-81.0
1777889222.8333323,-2.0,-4.0,-84.0
1777889222.8433323,-2.0,-3.0,-86.0
1777889222.8533323,1.0,-3.0,-93.0
1777889222.8633325,8.0,-2.0,-87.0
1777889222.8733325,12.0,-3.0,-85.0
1777889222.8833325,13.0,-1.0,-79.0
1777889222.8933325,6.0,-1.0,-81.0
1777889222.9033325,1.0,-2.0,-73.0
1777889222.9133325,0.0,-6.0,-67.0
1777889222.9233325,2.0,-3.0,-65.0
1777889222.9333324,2.0,-5.0,-72.0
1777889222.9433324,1.0,-1.0,-71.0
1777889222.9533324,0.0,-6.0,-80.0
1777889222.9633324,-3.0,-6.0,-78.0
1777889222.9733324,-2.0,-2.0,-74.0
1777889222.9833324,-1.0,-3.0,-69.0
1777889222.9943323,2.0,-8.0,-68.0
1777889223.0043323,1.0,-6.0,-69.0
1777889223.0143323,0.0,-2.0,-65.0
1777889223.0243323,2.0,-1.0,-66.0
1777889223.0343325,0.0,-5.0,-70.0
1777889223.0443325,0.0,-3.0,-70.0
1777889223.0543325,0.0,-2.0,-69.0
1777889223.0643325,-3.0,-2.0,-70.0
1777889223.0743325,-6.0,-3.0,-80.0
1777889223.0843325,-6.0,-3.0,-82.0
1777889223.0943325,-5.0,-6.0,-81.0
1777889223.1043324,-3.0,-8.0,-77.0
1777889223.1143324,-2.0,-5.0,-79.0
1777889223.1243324,-6.0,-5.0,-83.0
1777889223.1343324,-5.0,-4.0,-85.0
1777889223.1443324,-2.0,-7.0,-88.0
1777889223.1543324,-4.0,-6.0,-85.0
1777889223.1643324,-5.0,-3.0,-82.0
1777889223.1743324,-10.0,-7.0,-81.0
1777889223.1843324,-7.0,-10.0,-84.0
1777889223.1943324,-2.0,-8.0,-84.0
1777889223.2043324,-3.0,-7.0,-91.0
1777889223.2143323,-2.0,-7.0,-82.0
1777889223.2243323,-1.0,-6.0,-81.0
1777889223.2343323,-3.0,-8.0,-82.0
1777889223.2443323,-2.0,-10.0,-79.0
1777889223.2543323,-2.0,-8.0,-70.0
1777889223.2643323,0.0,-2.0,-61.0
1777889223.2743323,2.0,-3.0,-62.0
1777889223.2843325,4.0,-4.0,-62.0
1777889223.2943325,2.0,-5.0,-63.0
1777889223.3043325,0.0,-3.0,-67.0
1777889223.3143325,0.0,0.0,-69.0
1777889223.3243325,-1.0,0.0,-68.0
1777889223.3343325,-2.0,0.0,-74.0
1777889223.3443325,-6.0,-2.0,-81.0
1777889223.3543324,-3.0,1.0,-88.0
1777889223.3643324,0.0,4.0,-88.0
1777889223.3743324,3.0,6.0,-84.0
1777889223.3843324,2.0,5.0,-79.0
1777889223.3943324,2.0,3.0,-77.0
1777889223.4043324,0.0,0.0,-76.0
1777889223.4143324,0.0,-3.0,-80.0
1777889223.4243324,2.0,-2.0,-81.0
1777889223.4343324,1.0,0.0,-81.0
1777889223.4443324,2.0,0.0,-80.0
1777889223.4543324,0.0,0.0,-80.0
1777889223.4643323,-3.0,-2.0,-78.0
1777889223.4743323,-5.0,-6.0,-79.0
1777889223.4843323,-1.0,-6.0,-78.0
1777889223.4943323,-1.0,-4.0,-81.0
1777889223.5043323,0.0,-2.0,-82.0
1777889223.5143323,2.0,-2.0,-86.0
1777889223.5243323,1.0,0.0,-79.0
1777889223.5343325,4.0,2.0,-77.0
1777889223.5443325,5.0,0.0,-78.0
1777889223.5543325,4.0,0.0,-81.0
1777889223.5643325,4.0,1.0,-84.0
1777889223.5743325,2.0,1.0,-84.0
1777889223.5843325,1.0,1.0,-79.0
1777889223.5943325,1.0,5.0,-71.0
1777889223.6043324,5.0,4.0,-64.0
1777889223.6143324,4.0,2.0,-62.0
1777889223.6243324,5.0,2.0,-67.0
1777889223.6343324,8.0,2.0,-73.0
1777889223.6443324,6.0,5.0,-73.0
1777889223.6543324,5.0,6.0,-80.0
1777889223.6643324,6.0,4.0,-79.0
1777889223.6743324,7.0,3.0,-80.0
1777889223.6843324,2.0,0.0,-80.0
1777889223.6943324,6.0,-2.0,-85.0
1777889223.7043324,3.0,0.0,-84.0
1777889223.7143323,0.0,1.0,-74.0
1777889223.7243323,3.0,-1.0,-73.0
1777889223.7343323,0.0,-5.0,-75.0
1777889223.7443323,-3.0,-9.0,-72.0
1777889223.7543323,0.0,-8.0,-70.0
1777889223.7643323,-2.0,-5.0,-72.0
1777889223.7743323,-2.0,-2.0,-77.0
1777889223.7843325,-1.0,-3.0,-81.0
1777889223.7943325,2.0,0.0,-76.0
1777889223.8043325,2.0,1.0,-73.0
1777889223.8143325,5.0,0.0,-69.0
1777889223.8243325,-2.0,0.0,-70.0
1777889223.8343325,-1.0,0.0,-70.0
1777889223.8443325,0.0,0.0,-70.0
1777889223.8543324,-3.0,2.0,-66.0
1777889223.8643324,-5.0,2.0,-67.0
1777889223.8743324,-7.0,6.0,-65.0
1777889223.8843324,-4.0,-1.0,-68.0
1777889223.8943324,-4.0,0.0,-73.0
1777889223.9043324,0.0,2.0,-76.0
1777889223.9143324,0.0,3.0,-75.0
1777889223.9243324,3.0,0.0,-70.0
1777889223.9343324,3.0,-2.0,-71.0
1777889223.9443324,7.0,-2.0,-77.0
1777889223.9543324,3.0,-7.0,-75.0
1777889223.9643323,-2.0,-4.0,-74.0
1777889223.9743323,-2.0,-2.0,-76.0
1777889223.9843323,0.0,0.0,-71.0
1777889223.9943323,-1.0,0.0,-69.0
1777889224.0043323,0.0,-4.0,-70.0
1777889224.0143323,4.0,0.0,-71.0
1777889224.0243323,2.0,-5.0,-78.0
1777889224.0343325,1.0,-1.0,-77.0
1777889224.0443325,7.0,2.0,-82.0
1777889224.0543325,6.0,0.0,-83.0
1777889224.0643325,2.0,-1.0,-82.0
1777889224.0743325,1.0,-5.0,-81.0
1777889224.0843325,3.0,-8.0,-71.0
1777889224.0943325,2.0,-3.0,-73.0
1777889224.1043324,-4.0,-6.0,-71.0
1777889224.1143324,-10.0,-6.0,-76.0
1777889224.1243324,-11.0,-9.0,-74.0
1777889224.1343324,-2.0,-9.0,-66.0
1777889224.1443324,2.0,-11.0,-73.0
1777889224.1543324,2.0,-11.0,-70.0
1777889224.1643324,1.0,-9.0,-73.0
1777889224.1743324,-1.0,-8.0,-70.0
1777889224.1843324,0.0,-3.0,-71.0
1777889224.1943324,2.0,-6.0,-74.0
1777889224.2043324,5.0,-6.0,-77.0
1777889224.2143323,2.0,-8.0,-72.0
1777889224.2243323,1.0,-9.0,-76.0
1777889224.2343323,3.0,-5.0,-81.0
1777889224.2443323,1.0,-3.0,-83.0
1777889224.2543323,2.0,-2.0,-80.0
1777889224.2643323,0.0,-1.0,-81.0
1777889224.2743323,-1.0,-4.0,-80.0
1777889224.2843325,-1.0,-5.0,-79.0
1777889224.2943325,0.0,-7.0,-81.0
1777889224.3043325,2.0,-8.0,-78.0
1777889224.3143325,0.0,-7.0,-73.0
1777889224.3243325,-1.0,-6.0,-77.0
1777889224.3343325,-5.0,-7.0,-78.0
1777889224.3443325,1.0,-7.0,-86.0
1777889224.3543324,3.0,-3.0,-85.0
1777889224.3643324,5.0,-2.0,-82.0
1777889224.3743324,6.0,0.0,-80.0
1777889224.3843324,3.0,1.0,-90.0
1777889224.3943324,3.0,-1.0,-92.0
1777889224.4043324,2.0,-1.0,-80.0
1777889224.4143324,-1.0,0.0,-73.0
1777889224.4243324,-2.0,-3.0,-71.0
1777889224.4343324,-4.0,-3.0,-75.0
1777889224.4443324,-2.0,0.0,-77.0
1777889224.4543324,-7.0,0.0,-82.0
1777889224.4643323,-4.0,-3.0,-77.0
1777889224.4743323,1.0,-2.0,-68.0
1777889224.4843323,-2.0,-1.0,-75.0
1777889224.4943323,-2.0,0.0,-76.0
1777889224.5043323,0.0,-1.0,-67.0
1777889224.5143323,3.0,0.0,-67.0
1777889224.5243323,3.0,5.0,-66.0
1777889224.5343325,1.0,5.0,-70.0
1777889224.5443325,5.0,6.0,-73.0
1777889224.5543325,3.0,4.0,-76.0
1777889224.5643325,-1.0,0.0,-79.0
1777889224.5743325,4.0,0.0,-85.0
1777889224.5843325,4.0,0.0,-92.0
1777889224.5943325,2.0,0.0,-93.0
1777889224.6043324,5.0,-1.0,-89.0
1777889224.6143324,1.0,-2.0,-87.0
1777889224.6243324,1.0,-5.0,-86.0
1777889224.6343324,0.0,-2.0,-89.0
1777889224.6443324,-1.0,-6.0,-81.0
1777889224.6543324,-4.0,-5.0,-77.0
1777889224.6643324,-11.0,-2.0,-71.0
1777889224.6743324,-6.0,-4.0,-71.0
1777889224.6843324,-5.0,-4.0,-70.0
1777889224.6943324,-1.0,-2.0,-69.0
1777889224.7043324,-2.0,-1.0,-72.0
1777889224.7143323,-3.0,-1.0,-72.0
1777889224.7243323,-5.0,1.0,-84.0
1777889224.7343323,-1.0,2.0,-86.0
1777889224.7443323,1.0,1.0,-82.0
1777889224.7543323,-1.0,0.0,-79.0
1777889224.7643323,3.0,0.0,-75.0
1777889224.7743323,2.0,4.0,-79.0
1777889224.7843325,2.0,2.0,-75.0
1777889224.7943325,0.0,0.0,-76.0
1777889224.8043325,-2.0,2.0,-77.0
1777889224.8143325,-3.0,3.0,-74.0
1777889224.8243325,-3.0,0.0,-77.0
1777889224.8343325,-4.0,-1.0,-74.0
1777889224.8443325,0.0,0.0,-67.0
1777889224.8543324,-1.0,-2.0,-66.0
1777889224.8643324,-4.0,4.0,-67.0
1777889224.8743324,-3.0,5.0,-70.0
1777889224.8843324,-5.0,0.0,-74.0
1777889224.8943324,-3.0,-3.0,-76.0
1777889224.9043324,0.0,-1.0,-77.0
1777889224.9143324,2.0,-3.0,-78.0
1777889224.9243324,8.0,1.0,-81.0
1777889224.9343324,8.0,3.0,-86.0
1777889224.9443324,11.0,5.0,-83.0
1777889224.9553325,8.0,3.0,-80.0
1777889224.9643323,4.0,4.0,-73.0
1777889224.9743323,0.0,5.0,-68.0
1777889224.9853325,0.0,7.0,-62.0
1777889224.9953325,0.0,5.0,-62.0
1777889225.0043323,1.0,7.0,-63.0
1777889225.0153325,-2.0,6.0,-63.0
1777889225.0253325,0.0,2.0,-58.0
1777889225.0353324,5.0,0.0,-61.0
1777889225.0453324,6.0,-2.0,-65.0
1777889225.0553324,3.0,0.0,-68.0
1777889225.0653324,5.0,1.0,-74.0
1777889225.0753324,6.0,2.0,-70.0
1777889225.0853324,8.0,3.0,-65.0
1777889225.0953324,7.0,4.0,-66.0
1777889225.1053324,5.0,0.0,-73.0
1777889225.1153324,0.0,2.0,-74.0
1777889225.1253324,1.0,0.0,-76.0
1777889225.1353323,0.0,1.0,-70.0
1777889225.1453323,0.0,2.0,-67.0
1777889225.1553323,2.0,2.0,-68.0
1777889225.1653323,3.0,3.0,-65.0
1777889225.1753323,3.0,3.0,-68.0
1777889225.1853323,0.0,3.0,-67.0
1777889225.1953323,2.0,4.0,-66.0
1777889225.2053325,1.0,7.0,-63.0
1777889225.2153325,2.0,8.0,-61.0
1777889225.2253325,-2.0,5.0,-69.0
1777889225.2353325,-3.0,3.0,-65.0
1777889225.2453325,2.0,3.0,-66.0
1777889225.2553325,3.0,4.0,-70.0
1777889225.2653325,7.0,5.0,-70.0
1777889225.2753325,7.0,1.0,-67.0
1777889225.2853324,7.0,0.0,-67.0
1777889225.2953324,7.0,-2.0,-63.0
1777889225.3053324,6.0,-2.0,-63.0
1777889225.3153324,5.0,-2.0,-67.0
1777889225.3253324,4.0,-1.0,-68.0
1777889225.3353324,5.0,-6.0,-75.0
1777889225.3453324,7.0,-6.0,-76.0
1777889225.3553324,9.0,-5.0,-76.0
1777889225.3653324,6.0,-9.0,-77.0
1777889225.3753324,6.0,-7.0,-75.0
1777889225.3853323,7.0,-8.0,-69.0
1777889225.3953323,7.0,-12.0,-72.0
1777889225.4053323,7.0,-9.0,-69.0
1777889225.4153323,8.0,-6.0,-71.0
1777889225.4253323,8.0,-5.0,-69.0
1777889225.4353323,3.0,-6.0,-68.0
1777889225.4453323,0.0,-10.0,-68.0
1777889225.4553325,-4.0,-10.0,-69.0
1777889225.4653325,-3.0,-4.0,-68.0
1777889225.4753325,-1.0,-4.0,-75.0
1777889225.4853325,-4.0,-2.0,-76.0
1777889225.4953325,-2.0,-3.0,-70.0
1777889225.5053325,-1.0,-6.0,-68.0
1777889225.5153325,-3.0,-6.0,-67.0
1777889225.5253325,0.0,-6.0,-66.0
1777889225.5353324,1.0,-3.0,-67.0
1777889225.5453324,2.0,0.0,-73.0
1777889225.5553324,6.0,3.0,-70.0
1777889225.5653324,7.0,1.0,-69.0
1777889225.5753324,4.0,1.0,-70.0
1777889225.5853324,2.0,5.0,-72.0
1777889225.5953324,1.0,2.0,-71.0
1777889225.6053324,2.0,-3.0,-69.0
1777889225.6153324,2.0,-1.0,-69.0
1777889225.6253324,4.0,-3.0,-68.0
1777889225.6353323,1.0,-5.0,-70.0
1777889225.6453323,0.0,-4.0,-71.0
1777889225.6553323,3.0,-1.0,-75.0
1777889225.6653323,1.0,-7.0,-82.0
1777889225.6753323,3.0,-4.0,-75.0
1777889225.6853323,1.0,-7.0,-75.0
1777889225.6953323,1.0,-6.0,-71.0
1777889225.7053325,0.0,-9.0,-65.0
1777889225.7153325,2.0,-9.0,-65.0
1777889225.7253325,0.0,-4.0,-68.0
1777889225.7353325,-2.0,-4.0,-68.0
1777889225.7453325,-3.0,-4.0,-66.0
1777889225.7553325,-5.0,-5.0,-68.0
1777889225.7653325,-5.0,-3.0,-67.0
1777889225.7753325,-1.0,-2.0,-70.0
1777889225.7853324,-3.0,1.0,-66.0
1777889225.7953324,-2.0,0.0,-72.0
1777889225.8053324,3.0,0.0,-70.0
1777889225.8153324,0.0,-2.0,-73.0
1777889225.8253324,0.0,-6.0,-74.0
1777889225.8353324,-2.0,-5.0,-78.0
1777889225.8453324,-2.0,-5.0,-79.0
1777889225.8553324,0.0,-10.0,-72.0
1777889225.8653324,1.0,-9.0,-76.0
1777889225.8753324,2.0,-7.0,-74.0
1777889225.8853323,1.0,-7.0,-75.0
1777889225.8953323,0.0,-8.0,-73.0
1777889225.9053323,-2.0,-5.0,-75.0
1777889225.9153323,-1.0,-1.0,-72.0
1777889225.9253323,-1.0,1.0,-67.0
1777889225.9353323,-3.0,3.0,-61.0
1777889225.9453323,0.0,2.0,-58.0
1777889225.9553325,3.0,0.0,-58.0
1777889225.9653325,7.0,0.0,-71.0
1777889225.9753325,7.0,-3.0,-70.0
1777889225.9853325,4.0,-4.0,-70.0
1777889225.9953325,1.0,-1.0,-71.0
1777889226.0053325,4.0,-1.0,-73.0
1777889226.0153325,4.0,2.0,-71.0
1777889226.0253325,5.0,1.0,-69.0
1777889226.0353324,5.0,2.0,-68.0
1777889226.0453324,8.0,-1.0,-71.0
1777889226.0553324,10.0,-1.0,-68.0
1777889226.0653324,11.0,0.0,-70.0
1777889226.0753324,3.0,0.0,-70.0
1777889226.0853324,1.0,1.0,-63.0
1777889226.0953324,1.0,4.0,-57.0
1777889226.1053324,3.0,4.0,-65.0
1777889226.1153324,-2.0,1.0,-73.0
1777889226.1253324,-3.0,3.0,-75.0
1777889226.1353323,-2.0,2.0,-75.0
1777889226.1453323,-1.0,1.0,-77.0
1777889226.1553323,-1.0,1.0,-79.0
1777889226.1653323,-3.0,8.0,-72.0
1777889226.1753323,-4.0,9.0,-68.0
1777889226.1853323,-1.0,10.0,-74.0
1777889226.1953323,1.0,10.0,-76.0
1777889226.2053325,-1.0,7.0,-75.0
1777889226.2153325,0.0,5.0,-73.0
1777889226.2253325,1.0,1.0,-68.0
1777889226.2363324,-3.0,-3.0,-71.0
1777889226.2453325,-1.0,-3.0,-66.0
1777889226.2553325,0.0,-3.0,-71.0
1777889226.2653325,-2.0,-5.0,-79.0
1777889226.2753325,-2.0,-6.0,-81.0
1777889226.2853324,-3.0,-6.0,-75.0
1777889226.2953324,-4.0,-7.0,-71.0
1777889226.3053324,-2.0,-7.0,-70.0
1777889226.3153324,-3.0,-4.0,-60.0
1777889226.3253324,-4.0,0.0,-70.0
1777889226.3353324,-5.0,-2.0,-75.0
1777889226.3453324,-1.0,-1.0,-77.0
1777889226.3553324,0.0,-1.0,-74.0
1777889226.3653324,0.0,0.0,-75.0
1777889226.3753324,1.0,2.0,-84.0
1777889226.3853323,4.0,1.0,-82.0
1777889226.3953323,4.0,0.0,-78.0
1777889226.4053323,0.0,-1.0,-77.0
1777889226.4153323,0.0,-3.0,-78.0
1777889226.4253323,0.0,-3.0,-80.0
1777889226.4353323,3.0,-2.0,-76.0
1777889226.4453323,1.0,0.0,-75.0
1777889226.4553325,0.0,-3.0,-73.0
1777889226.4653325,5.0,-5.0,-78.0
1777889226.4753325,8.0,2.0,-78.0
1777889226.4853325,6.0,0.0,-80.0
1777889226.4953325,6.0,0.0,-76.0
1777889226.5053325,2.0,0.0,-68.0
1777889226.5153325,3.0,-3.0,-73.0
1777889226.5253325,-1.0,0.0,-77.0
1777889226.5353324,-2.0,0.0,-75.0
1777889226.5453324,2.0,0.0,-79.0
1777889226.5553324,2.0,0.0,-80.0
1777889226.5653324,5.0,0.0,-79.0
1777889226.5753324,10.0,2.0,-81.0
1777889226.5853324,7.0,2.0,-86.0
1777889226.5953324,4.0,5.0,-86.0
1777889226.6053324,0.0,4.0,-85.0
1777889226.6153324,-5.0,-1.0,-76.0
1777889226.6253324,-6.0,-2.0,-75.0
1777889226.6353323,-5.0,-4.0,-72.0
1777889226.6453323,-4.0,0.0,-71.0
1777889226.6553323,-2.0,1.0,-70.0
1777889226.6653323,0.0,0.0,-64.0
1777889226.6753323,4.0,-6.0,-66.0
1777889226.6853323,0.0,-6.0,-71.0
1777889226.6953323,-1.0,-3.0,-75.0
1777889226.7053325,0.0,-2.0,-72.0
1777889226.7153325,-2.0,-1.0,-69.0
1777889226.7253325,-6.0,-2.0,-75.0
1777889226.7353325,-3.0,-5.0,-75.0
1777889226.7453325,-2.0,-5.0,-73.0
1777889226.7553325,0.0,-6.0,-66.0
1777889226.7653325,0.0,-6.0,-75.0
1777889226.7753325,-6.0,0.0,-79.0
1777889226.7853324,-8.0,2.0,-90.0
1777889226.7953324,-7.0,1.0,-87.0
1777889226.8053324,-4.0,0.0,-82.0
1777889226.8153324,-5.0,-2.0,-77.0
1777889226.8253324,-5.0,-6.0,-72.0
1777889226.8353324,-8.0,-5.0,-69.0
1777889226.8453324,-7.0,-4.0,-65.0
1777889226.8553324,-3.0,-2.0,-66.0
1777889226.8653324,2.0,0.0,-70.0
1777889226.8753324,3.0,-2.0,-70.0
1777889226.8853323,-1.0,-4.0,-74.0
1777889226.8953323,-4.0,-2.0,-74.0
1777889226.9053323,-3.0,-2.0,-71.0
1777889226.9153323,-1.0,0.0,-69.0
1777889226.9253323,0.0,-2.0,-68.0
1777889226.9353323,-1.0,-2.0,-70.0
1777889226.9453323,1.0,-3.0,-67.0
1777889226.9563324,2.0,-3.0,-66.0
1777889226.9663324,4.0,-5.0,-71.0
1777889226.9763324,4.0,-7.0,-76.0
1777889226.9863324,4.0,-2.0,-71.0
1777889226.9963324,0.0,-5.0,-74.0
1777889227.0063324,2.0,-5.0,-77.0
1777889227.0163324,3.0,-7.0,-78.0
1777889227.0263324,9.0,-12.0,-79.0
1777889227.0363324,8.0,-6.0,-82.0
1777889227.0463324,6.0,-2.0,-79.0
1777889227.0563323,2.0,2.0,-84.0
1777889227.0663323,2.0,2.0,-87.0
1777889227.0763323,5.0,6.0,-82.0
1777889227.0863323,3.0,3.0,-86.0
1777889227.0963323,-2.0,0.0,-83.0
1777889227.1063323,-4.0,-3.0,-82.0
1777889227.1163323,-3.0,-2.0,-79.0
1777889227.1263323,-4.0,-2.0,-78.0
1777889227.1363325,-10.0,3.0,-77.0
1777889227.1463325,-10.0,5.0,-76.0
1777889227.1563325,-4.0,3.0,-73.0
1777889227.1663325,-9.0,3.0,-70.0
1777889227.1763325,-8.0,-1.0,-69.0
1777889227.1863325,-5.0,-3.0,-69.0
1777889227.1963325,-4.0,-2.0,-68.0
1777889227.2063324,0.0,-4.0,-72.0
1777889227.2163324,0.0,-4.0,-78.0
1777889227.2263324,4.0,-1.0,-84.0
1777889227.2363324,6.0,0.0,-85.0
1777889227.2463324,3.0,-3.0,-81.0
1777889227.2563324,1.0,2.0,-89.0
1777889227.2663324,0.0,4.0,-86.0
1777889227.2763324,-1.0,2.0,-80.0
1777889227.2863324,-2.0,-1.0,-76.0
1777889227.2963324,-3.0,-3.0,-76.0
1777889227.3063323,-1.0,0.0,-81.0
1777889227.3163323,0.0,7.0,-73.0
1777889227.3263323,6.0,7.0,-65.0
1777889227.3363323,6.0,5.0,-68.0
1777889227.3463323,4.0,2.0,-69.0
1777889227.3563323,6.0,0.0,-65.0
1777889227.3663323,6.0,-3.0,-65.0
1777889227.3763323,4.0,-1.0,-77.0
1777889227.3863325,1.0,7.0,-75.0
1777889227.3963325,0.0,5.0,-87.0
1777889227.4063325,0.0,3.0,-81.0
1777889227.4163325,0.0,1.0,-84.0
1777889227.4263325,6.0,4.0,-78.0
1777889227.4363325,6.0,3.0,-75.0
1777889227.4463325,2.0,1.0,-73.0
1777889227.4563324,3.0,5.0,-73.0
1777889227.4663324,3.0,4.0,-66.0
1777889227.4763324,5.0,3.0,-60.0
1777889227.4863324,9.0,1.0,-65.0
1777889227.4963324,6.0,0.0,-70.0
1777889227.5063324,4.0,-5.0,-66.0
1777889227.5163324,5.0,-4.0,-73.0
1777889227.5263324,1.0,-5.0,-68.0
1777889227.5363324,4.0,-2.0,-71.0
1777889227.5463324,2.0,0.0,-70.0
1777889227.5563323,1.0,-2.0,-67.0
1777889227.5663323,2.0,0.0,-72.0
1777889227.5763323,1.0,-1.0,-78.0
1777889227.5863323,2.0,0.0,-82.0
1777889227.5963323,0.0,0.0,-85.0
1777889227.6063323,-2.0,0.0,-87.0
1777889227.6163323,0.0,3.0,-88.0
1777889227.6263323,-5.0,4.0,-84.0
1777889227.6363325,-6.0,3.0,-81.0
1777889227.6463325,-5.0,2.0,-84.0
1777889227.6563325,-5.0,1.0,-85.0
1777889227.6663325,-6.0,2.0,-82.0
1777889227.6763325,-6.0,1.0,-85.0
1777889227.6863325,-4.0,0.0,-81.0
1777889227.6963325,-3.0,-4.0,-73.0
1777889227.7063324,-1.0,-7.0,-75.0
1777889227.7163324,2.0,-4.0,-71.0
1777889227.7263324,2.0,2.0,-72.0
1777889227.7363324,1.0,0.0,-74.0
1777889227.7463324,5.0,0.0,-71.0
1777889227.7563324,5.0,3.0,-75.0
1777889227.7663324,7.0,1.0,-75.0
1777889227.7763324,10.0,-7.0,-72.0
1777889227.7863324,11.0,-11.0,-75.0
1777889227.7963324,3.0,-11.0,-74.0
1777889227.8063323,-2.0,-8.0,-68.0
1777889227.8163323,2.0,-8.0,-72.0
1777889227.8263323,4.0,-8.0,-77.0
1777889227.8363323,1.0,-4.0,-79.0
1777889227.8463323,0.0,-3.0,-75.0
1777889227.8563323,-3.0,-9.0,-75.0
1777889227.8663323,-2.0,-6.0,-80.0
1777889227.8763323,1.0,-2.0,-76.0
1777889227.8863325,0.0,-3.0,-69.0
1777889227.8963325,0.0,0.0,-66.0
1777889227.9063325,-1.0,-1.0,-70.0
1777889227.9163325,-3.0,0.0,-75.0
1777889227.9263325,-1.0,0.0,-72.0
1777889227.9363325,5.0,1.0,-66.0
1777889227.9463325,3.0,4.0,-69.0
1777889227.9563324,0.0,4.0,-68.0
1777889227.9663324,1.0,2.0,-70.0
1777889227.9763324,0.0,2.0,-72.0
1777889227.9863324,3.0,2.0,-74.0
1777889227.9963324,4.0,2.0,-74.0
1777889228.0063324,0.0,1.0,-77.0
1777889228.0163324,-3.0,0.0,-76.0
1777889228.0263324,-5.0,1.0,-74.0
1777889228.0363324,-1.0,2.0,-70.0
1777889228.0463324,2.0,0.0,-63.0
1777889228.0563323,4.0,-2.0,-65.0
1777889228.0663323,9.0,0.0,-71.0
1777889228.0763323,11.0,-1.0,-74.0
1777889228.0863323,12.0,-2.0,-70.0
1777889228.0963323,10.0,-1.0,-72.0
1777889228.1063323,3.0,-3.0,-72.0
1777889228.1163323,-3.0,-2.0,-79.0
1777889228.1263323,-7.0,-3.0,-76.0
1777889228.1363325,-5.0,-1.0,-73.0
1777889228.1463325,-4.0,-4.0,-72.0
1777889228.1563325,-4.0,-5.0,-68.0
1777889228.1663325,-7.0,-6.0,-64.0
1777889228.1763325,-7.0,-6.0,-67.0
1777889228.1863325,-9.0,-7.0,-69.0
1777889228.1963325,-5.0,-7.0,-67.0
1777889228.2063324,-4.0,-5.0,-62.0
1777889228.2163324,-4.0,-4.0,-70.0
1777889228.2263324,-1.0,0.0,-75.0
1777889228.2363324,0.0,1.0,-81.0
1777889228.2463324,-4.0,2.0,-82.0
1777889228.2563324,-5.0,2.0,-87.0
1777889228.2663324,-3.0,4.0,-90.0
1777889228.2763324,-1.0,5.0,-87.0
1777889228.2863324,3.0,4.0,-81.0
1777889228.2963324,4.0,-1.0,-80.0
1777889228.3063323,0.0,-5.0,-75.0
1777889228.3163323,-2.0,-5.0,-84.0
1777889228.3263323,-2.0,-3.0,-84.0
1777889228.3363323,0.0,-1.0,-83.0
1777889228.3463323,-2.0,-4.0,-77.0
1777889228.3563323,-1.0,-3.0,-75.0
1777889228.3663323,1.0,0.0,-74.0
1777889228.3763323,0.0,-2.0,-74.0
1777889228.3863325,0.0,-5.0,-77.0
1777889228.3963325,1.0,-6.0,-72.0
1777889228.4063325,0.0,-2.0,-78.0
1777889228.4163325,2.0,2.0,-73.0
1777889228.4263325,1.0,0.0,-71.0
1777889228.4363325,-7.0,0.0,-71.0
1777889228.4463325,-6.0,-1.0,-78.0
1777889228.4563324,-4.0,1.0,-75.0
1777889228.4663324,-6.0,0.0,-76.0
1777889228.4763324,-4.0,-2.0,-79.0
1777889228.4863324,-10.0,-4.0,-72.0
1777889228.4963324,-11.0,-4.0,-71.0
1777889228.5063324,-7.0,-7.0,-77.0
1777889228.5163324,0.0,-7.0,-86.0
1777889228.5263324,7.0,-9.0,-77.0
1777889228.5363324,6.0,-5.0,-75.0
1777889228.5463324,4.0,-6.0,-85.0
1777889228.5563323,4.0,-9.0,-87.0
1777889228.5663323,9.0,-8.0,-85.0
1777889228.5763323,10.0,-5.0,-85.0
1777889228.5863323,8.0,-1.0,-79.0
1777889228.5963323,3.0,-5.0,-82.0
1777889228.6063323,2.0,-4.0,-75.0
1777889228.6163323,0.0,-4.0,-76.0
1777889228.6263323,-2.0,-2.0,-73.0
1777889228.6363325,-4.0,0.0,-78.0
1777889228.6463325,-2.0,1.0,-78.0
1777889228.6563325,-1.0,0.0,-74.0
1777889228.6663325,-1.0,2.0,-76.0
1777889228.6763325,4.0,-4.0,-74.0
1777889228.6863325,3.0,-6.0,-75.0
1777889228.6963325,4.0,-5.0,-82.0
1777889228.7063324,5.0,-7.0,-91.0
1777889228.7163324,0.0,-4.0,-86.0
1777889228.7263324,-4.0,-4.0,-77.0
1777889228.7363324,-3.0,-6.0,-77.0
1777889228.7463324,-1.0,-6.0,-72.0
1777889228.7563324,1.0,-8.0,-66.0
1777889228.7663324,1.0,-10.0,-70.0
1777889228.7763324,4.0,-3.0,-68.0
1777889228.7863324,7.0,-1.0,-71.0
1777889228.7963324,-2.0,-4.0,-71.0
1777889228.8063323,-6.0,-3.0,-77.0
1777889228.8163323,-11.0,-1.0,-77.0
1777889228.8263323,-10.0,-2.0,-77.0
1777889228.8363323,-7.0,-5.0,-80.0
1777889228.8463323,-3.0,-6.0,-79.0
1777889228.8563323,1.0,-1.0,-74.0
1777889228.8663323,-1.0,4.0,-74.0
1777889228.8763323,0.0,2.0,-78.0
1777889228.8863325,-3.0,1.0,-76.0
1777889228.8963325,-1.0,-2.0,-73.0
1777889228.9063325,3.0,-1.0,-74.0
1777889228.9163325,7.0,-2.0,-71.0
1777889228.9263325,4.0,1.0,-75.0
1777889228.9373324,3.0,-4.0,-75.0
1777889228.9473324,2.0,-3.0,-79.0
1777889228.9573324,6.0,0.0,-86.0
1777889228.9673324,8.0,-3.0,-85.0
1777889228.9773324,5.0,-2.0,-79.0
1777889228.9873323,5.0,-2.0,-78.0
1777889228.9973323,7.0,-5.0,-75.0
1777889229.0073323,4.0,-4.0,-73.0
1777889229.0173323,4.0,-3.0,-74.0
1777889229.0273323,7.0,-1.0,-75.0
1777889229.0373323,8.0,-3.0,-69.0
1777889229.0473323,6.0,-4.0,-66.0
1777889229.0573325,0.0,-7.0,-69.0
1777889229.0673325,2.0,-6.0,-74.0
1777889229.0773325,2.0,-8.0,-79.0
1777889229.0873325,1.0,-8.0,-78.0
1777889229.0973325,2.0,-1.0,-79.0
1777889229.1073325,4.0,0.0,-74.0
1777889229.1173325,6.0,0.0,-69.0
1777889229.1273324,7.0,4.0,-75.0
1777889229.1373324,2.0,5.0,-78.0
1777889229.1473324,3.0,3.0,-84.0
1777889229.1573324,4.0,0.0,-78.0
1777889229.1673324,7.0,2.0,-73.0
1777889229.1773324,6.0,0.0,-66.0
1777889229.1873324,6.0,0.0,-64.0
1777889229.1973324,1.0,-2.0,-66.0
1777889229.2073324,0.0,-7.0,-68.0
1777889229.2173324,0.0,-5.0,-79.0
1777889229.2273324,1.0,-8.0,-78.0
1777889229.2373323,2.0,-9.0,-84.0
1777889229.2473323,0.0,-6.0,-76.0
1777889229.2573323,-2.0,-5.0,-76.0
1777889229.2673323,-4.0,-1.0,-76.0
1777889229.2773323,-1.0,-7.0,-71.0
1777889229.2873323,2.0,-5.0,-74.0
1777889229.2973323,6.0,-4.0,-71.0
1777889229.3073325,3.0,-3.0,-74.0
1777889229.3173325,2.0,-7.0,-72.0
1777889229.3273325,4.0,-7.0,-73.0
1777889229.3373325,1.0,-2.0,-73.0
1777889229.3473325,0.0,4.0,-77.0
1777889229.3573325,5.0,5.0,-80.0
1777889229.3673325,7.0,5.0,-75.0
1777889229.3773324,2.0,7.0,-78.0
1777889229.3873324,7.0,4.0,-88.0
1777889229.3973324,7.0,3.0,-95.0
1777889229.4073324,3.0,6.0,-93.0
1777889229.4173324,2.0,7.0,-90.0
1777889229.4273324,2.0,8.0,-89.0
1777889229.4373324,3.0,9.0,-85.0
1777889229.4473324,6.0,8.0,-77.0
1777889229.4573324,0.0,4.0,-75.0
1777889229.4673324,-3.0,3.0,-72.0
1777889229.4773324,-1.0,-1.0,-63.0
1777889229.4873323,2.0,0.0,-62.0
1777889229.4973323,1.0,5.0,-67.0
1777889229.5073323,1.0,8.0,-63.0
1777889229.5173323,2.0,5.0,-63.0
1777889229.5273323,0.0,1.0,-61.0
1777889229.5373323,0.0,0.0,-68.0
1777889229.5473323,0.0,0.0,-63.0
1777889229.5573325,-2.0,0.0,-68.0
1777889229.5673325,-1.0,2.0,-65.0
1777889229.5773325,0.0,-3.0,-65.0
1777889229.5873325,1.0,-4.0,-70.0
1777889229.5973325,6.0,-1.0,-79.0
1777889229.6073325,8.0,-1.0,-87.0
1777889229.6173325,7.0,1.0,-80.0
1777889229.6273324,4.0,1.0,-80.0
1777889229.6373324,6.0,2.0,-82.0
1777889229.6473324,5.0,1.0,-81.0
1777889229.6573324,6.0,2.0,-84.0
1777889229.6673324,8.0,1.0,-91.0
1777889229.6773324,5.0,1.0,-91.0
1777889229.6873324,1.0,0.0,-90.0
1777889229.6973324,0.0,0.0,-88.0
1777889229.7073324,-2.0,-1.0,-88.0
1777889229.7173324,0.0,-1.0,-83.0
1777889229.7273324,-4.0,-4.0,-77.0
1777889229.7373323,1.0,0.0,-74.0
1777889229.7473323,5.0,3.0,-75.0
1777889229.7573323,7.0,4.0,-67.0
1777889229.7673323,8.0,2.0,-70.0
1777889229.7773323,8.0,0.0,-75.0
1777889229.7873323,8.0,-3.0,-78.0
1777889229.7973323,6.0,-3.0,-74.0
1777889229.8073325,5.0,-2.0,-75.0
1777889229.8173325,4.0,0.0,-73.0
1777889229.8273325,2.0,0.0,-80.0
1777889229.8373325,0.0,3.0,-81.0
1777889229.8473325,3.0,3.0,-78.0
1777889229.8573325,-4.0,2.0,-76.0
1777889229.8673325,-5.0,0.0,-77.0
1777889229.8773324,-6.0,-1.0,-77.0
1777889229.8873324,-3.0,-3.0,-83.0
1777889229.8973324,0.0,1.0,-79.0
1777889229.9073324,0.0,-5.0,-83.0
1777889229.9173324,1.0,-9.0,-79.0
1777889229.9273324,4.0,-9.0,-75.0
1777889229.9373324,3.0,-7.0,-79.0
1777889229.9473324,0.0,-5.0,-85.0
1777889229.9573324,0.0,-1.0,-80.0
1777889229.9673324,-1.0,0.0,-78.0
1777889229.9773324,3.0,0.0,-79.0
1777889229.9873323,1.0,-2.0,-72.0
1777889229.9973323,-4.0,-5.0,-75.0
1777889230.0073323,-4.0,-2.0,-75.0
1777889230.0173323,-2.0,-2.0,-71.0
1777889230.0273323,-5.0,-2.0,-71.0
1777889230.0373323,-8.0,-1.0,-67.0
1777889230.0473323,-8.0,-2.0,-67.0
1777889230.0573325,-10.0,1.0,-69.0
1777889230.0673325,-9.0,3.0,-73.0
1777889230.0773325,-6.0,3.0,-69.0
1777889230.0873325,-4.0,7.0,-70.0
1777889230.0973325,0.0,5.0,-75.0
1777889230.1073325,-3.0,-1.0,-69.0
1777889230.1173325,-2.0,-2.0,-71.0
1777889230.1273324,-2.0,-5.0,-65.0
1777889230.1373324,0.0,-5.0,-69.0
1777889230.1473324,1.0,-4.0,-67.0
1777889230.1573324,1.0,-4.0,-68.0
1777889230.1673324,-3.0,0.0,-73.0
1777889230.1773324,-4.0,-1.0,-74.0
1777889230.1873324,-3.0,-3.0,-80.0
1777889230.1973324,-2.0,-1.0,-78.0
1777889230.2073324,-1.0,-3.0,-76.0
1777889230.2173324,0.0,0.0,-67.0
1777889230.2273324,2.0,1.0,-74.0
1777889230.2373323,7.0,0.0,-80.0
1777889230.2473323,9.0,-1.0,-79.0
1777889230.2573323,3.0,0.0,-74.0
1777889230.2673323,2.0,-2.0,-78.0
1777889230.2773323,4.0,2.0,-84.0
1777889230.2873323,6.0,-1.0,-77.0
1777889230.2973323,5.0,1.0,-69.0
1777889230.3073325,3.0,4.0,-71.0
1777889230.3173325,1.0,4.0,-77.0
1777889230.3273325,-2.0,5.0,-76.0
1777889230.3373325,1.0,3.0,-74.0
1777889230.3473325,6.0,1.0,-68.0
1777889230.3573325,4.0,-3.0,-65.0
1777889230.3673325,0.0,-3.0,-70.0
1777889230.3773324,3.0,-5.0,-74.0
1777889230.3873324,2.0,-6.0,-85.0
1777889230.3973324,4.0,-5.0,-88.0
1777889230.4073324,2.0,-6.0,-91.0
1777889230.4173324,6.0,-5.0,-88.0
1777889230.4273324,4.0,-2.0,-81.0
1777889230.4373324,0.0,0.0,-88.0
1777889230.4473324,0.0,-3.0,-89.0
1777889230.4573324,-2.0,-5.0,-88.0
1777889230.4673324,-1.0,-3.0,-88.0
1777889230.4773324,-1.0,-5.0,-88.0
1777889230.4873323,-3.0,-5.0,-86.0
1777889230.4973323,-10.0,-7.0,-90.0
1777889230.5073323,-5.0,-3.0,-91.0
1777889230.5173323,-3.0,0.0,-96.0
1777889230.5273323,-5.0,0.0,-92.0
1777889230.5373323,0.0,2.0,-86.0
1777889230.5473323,-1.0,-1.0,-85.0
1777889230.5573325,1.0,0.0,-80.0
1777889230.5673325,0.0,1.0,-84.0
1777889230.5773325,1.0,2.0,-83.0
1777889230.5873325,2.0,4.0,-84.0
1777889230.5973325,-1.0,0.0,-87.0
1777889230.6073325,0.0,1.0,-83.0
1777889230.6173325,-3.0,-2.0,-82.0
1777889230.6273324,-3.0,-6.0,-80.0
1777889230.6373324,0.0,-4.0,-78.0
1777889230.6473324,-2.0,-5.0,-81.0
1777889230.6573324,0.0,-5.0,-73.0
1777889230.6673324,4.0,-3.0,-65.0
1777889230.6773324,0.0,-5.0,-68.0
1777889230.6873324,1.0,-6.0,-68.0
1777889230.6973324,4.0,-8.0,-67.0
1777889230.7073324,9.0,-3.0,-73.0
1777889230.7173324,13.0,-1.0,-76.0
1777889230.7273324,10.0,0.0,-80.0
1777889230.7373323,6.0,4.0,-82.0
1777889230.7473323,6.0,1.0,-80.0
1777889230.7573323,3.0,3.0,-75.0
1777889230.7673323,7.0,4.0,-82.0
1777889230.7773323,5.0,4.0,-82.0
1777889230.7873323,4.0,2.0,-75.0
1777889230.7973323,3.0,1.0,-72.0
1777889230.8073325,8.0,0.0,-73.0
1777889230.8173325,11.0,0.0,-71.0
1777889230.8273325,10.0,-3.0,-71.0
1777889230.8373325,9.0,-1.0,-72.0
1777889230.8473325,5.0,0.0,-70.0
1777889230.8573325,0.0,-2.0,-70.0
1777889230.8673325,4.0,-1.0,-70.0
1777889230.8773324,5.0,0.0,-75.0
1777889230.8873324,3.0,0.0,-79.0
1777889230.8973324,0.0,0.0,-79.0
1777889230.9073324,1.0,-1.0,-72.0
1777889230.9173324,0.0,1.0,-78.0
1777889230.9273324,-5.0,3.0,-76.0
1777889230.9373324,0.0,3.0,-81.0
1777889230.9473324,0.0,0.0,-79.0
1777889230.9583323,0.0,0.0,-73.0
1777889230.9683323,4.0,3.0,-68.0
1777889230.9783323,0.0,6.0,-74.0
1777889230.9883325,-2.0,2.0,-78.0
1777889230.9983325,0.0,4.0,-71.0
1777889231.0083325,0.0,6.0,-71.0
1777889231.0183325,4.0,1.0,-74.0
1777889231.0283325,0.0,4.0,-79.0
1777889231.0383325,-2.0,9.0,-79.0
1777889231.0483325,-1.0,7.0,-77.0
1777889231.0583324,0.0,5.0,-77.0
1777889231.0683324,3.0,2.0,-77.0
1777889231.0783324,8.0,3.0,-70.0
1777889231.0883324,3.0,3.0,-69.0
1777889231.0983324,2.0,0.0,-70.0
1777889231.1083324,0.0,-1.0,-65.0
1777889231.1183324,3.0,1.0,-64.0
1777889231.1283324,4.0,0.0,-69.0
1777889231.1383324,2.0,-2.0,-70.0
1777889231.1483324,5.0,-5.0,-72.0
1777889231.1583323,1.0,0.0,-66.0
1777889231.1683323,0.0,3.0,-61.0
1777889231.1783323,0.0,5.0,-65.0
1777889231.1883323,2.0,0.0,-64.0
1777889231.1983323,4.0,-2.0,-64.0
1777889231.2083323,4.0,-4.0,-70.0
1777889231.2183323,3.0,0.0,-71.0
1777889231.2283323,1.0,1.0,-66.0
1777889231.2383325,-1.0,0.0,-66.0
1777889231.2483325,-1.0,1.0,-70.0
1777889231.2583325,-1.0,3.0,-65.0
1777889231.2683325,-1.0,0.0,-66.0
1777889231.2783325,-8.0,-1.0,-64.0
1777889231.2883325,-8.0,0.0,-65.0
1777889231.2983325,-7.0,-5.0,-71.0
1777889231.3083324,-7.0,-6.0,-75.0
1777889231.3183324,-6.0,-5.0,-77.0
1777889231.3283324,-6.0,-3.0,-70.0
1777889231.3383324,-4.0,0.0,-64.0
1777889231.3483324,0.0,-3.0,-69.0
1777889231.3583324,0.0,-4.0,-71.0
1777889231.3683324,2.0,-2.0,-72.0
1777889231.3783324,0.0,-1.0,-73.0
1777889231.3883324,-3.0,1.0,-66.0
1777889231.3983324,0.0,1.0,-71.0
1777889231.4083323,-4.0,3.0,-76.0
1777889231.4183323,-6.0,2.0,-74.0
1777889231.4283323,-3.0,2.0,-75.0
1777889231.4383323,-3.0,4.0,-71.0
1777889231.4483323,-3.0,5.0,-75.0
1777889231.4583323,-3.0,5.0,-72.0
1777889231.4683323,-1.0,1.0,-71.0
1777889231.4783323,0.0,1.0,-66.0
1777889231.4883325,2.0,0.0,-71.0
1777889231.4983325,3.0,-1.0,-67.0
1777889231.5083325,0.0,-1.0,-69.0
1777889231.5183325,0.0,0.0,-76.0
1777889231.5283325,0.0,1.0,-79.0
1777889231.5383325,-1.0,-1.0,-74.0
1777889231.5483325,-1.0,2.0,-75.0
1777889231.5583324,3.0,1.0,-78.0
1777889231.5683324,6.0,-1.0,-79.0
1777889231.5783324,6.0,-1.0,-80.0
1777889231.5883324,8.0,0.0,-79.0
1777889231.5983324,4.0,0.0,-74.0
1777889231.6083324,3.0,0.0,-72.0
1777889231.6183324,0.0,-1.0,-74.0
1777889231.6283324,0.0,2.0,-74.0
1777889231.6383324,0.0,1.0,-72.0
1777889231.6483324,1.0,2.0,-72.0
1777889231.6583323,4.0,2.0,-69.0
1777889231.6683323,1.0,-2.0,-67.0
1777889231.6783323,-1.0,-4.0,-64.0
1777889231.6883323,1.0,-5.0,-70.0
1777889231.6983323,1.0,-3.0,-76.0
1777889231.7083323,0.0,-1.0,-71.0
1777889231.7183323,-1.0,0.0,-72.0
1777889231.7283323,0.0,-3.0,-75.0
1777889231.7383325,-3.0,1.0,-85.0
1777889231.7483325,-6.0,2.0,-83.0
1777889231.7583325,-3.0,5.0,-83.0
1777889231.7683325,0.0,4.0,-82.0
1777889231.7783325,-2.0,3.0,-77.0
1777889231.7883325,-3.0,1.0,-77.0
1777889231.7983325,-5.0,1.0,-85.0
1777889231.8083324,-5.0,0.0,-84.0
1777889231.8183324,-4.0,0.0,-81.0
1777889231.8283324,-6.0,-4.0,-80.0
1777889231.8383324,-3.0,-6.0,-81.0
1777889231.8483324,0.0,-2.0,-82.0
1777889231.8583324,1.0,-2.0,-78.0
1777889231.8683324,0.0,-3.0,-72.0
1777889231.8783324,0.0,-3.0,-72.0
1777889231.8883324,-1.0,-3.0,-73.0
1777889231.8983324,0.0,-1.0,-74.0
1777889231.9083323,0.0,0.0,-69.0
1777889231.9183323,0.0,4.0,-67.0
1777889231.9283323,0.0,5.0,-68.0
1777889231.9383323,-4.0,5.0,-79.0
1777889231.9483323,2.0,0.0,-85.0
1777889231.9583323,1.0,0.0,-81.0
1777889231.9683323,6.0,4.0,-80.0
1777889231.9783323,4.0,1.0,-84.0
1777889231.9883325,1.0,2.0,-88.0
1777889231.9983325,-2.0,0.0,-84.0
1777889232.0083325,-2.0,-4.0,-75.0
1777889232.0183325,-8.0,-1.0,-72.0
1777889232.0283325,-10.0,0.0,-78.0
1777889232.0383325,-9.0,0.0,-77.0
1777889232.0483325,-7.0,-1.0,-77.0
1777889232.0583324,-5.0,-1.0,-81.0
1777889232.0683324,-2.0,-1.0,-78.0
1777889232.0783324,-4.0,0.0,-83.0
1777889232.0883324,-6.0,0.0,-85.0
1777889232.0983324,-3.0,1.0,-80.0
1777889232.1083324,-2.0,-1.0,-82.0
1777889232.1183324,0.0,-3.0,-77.0
1777889232.1283324,-2.0,-6.0,-84.0
1777889232.1383324,-3.0,-3.0,-83.0
1777889232.1483324,-5.0,-4.0,-85.0
1777889232.1583323,-7.0,-6.0,-85.0
1777889232.1683323,-3.0,-5.0,-78.0
1777889232.1783323,-1.0,-3.0,-76.0
1777889232.1883323,-2.0,-5.0,-79.0
1777889232.1983323,-3.0,-2.0,-76.0
1777889232.2083323,-4.0,2.0,-68.0
1777889232.2183323,-2.0,0.0,-68.0
1777889232.2283323,-3.0,0.0,-64.0
1777889232.2383325,-3.0,-2.0,-63.0
1777889232.2483325,-1.0,0.0,-55.0
1777889232.2583325,0.0,0.0,-53.0
1777889232.2683325,0.0,0.0,-51.0
1777889232.2783325,0.0,1.0,-58.0
1777889232.2883325,1.0,1.0,-67.0
1777889232.2983325,2.0,1.0,-73.0
1777889232.3083324,3.0,1.0,-75.0
1777889232.3183324,5.0,4.0,-80.0
1777889232.3283324,5.0,7.0,-75.0
1777889232.3383324,4.0,4.0,-80.0
1777889232.3483324,4.0,3.0,-75.0
1777889232.3583324,3.0,-3.0,-73.0
1777889232.3683324,0.0,-2.0,-71.0
1777889232.3783324,3.0,-1.0,-68.0
1777889232.3883324,2.0,0.0,-80.0
1777889232.3983324,2.0,1.0,-82.0
1777889232.4083323,0.0,3.0,-83.0
1777889232.4183323,-2.0,0.0,-82.0
1777889232.4283323,4.0,-1.0,-83.0
1777889232.4383323,4.0,0.0,-88.0
1777889232.4483323,0.0,1.0,-84.0
1777889232.4583323,-2.0,0.0,-82.0
1777889232.4683323,-1.0,1.0,-82.0
1777889232.4783323,0.0,2.0,-81.0
1777889232.4883325,1.0,2.0,-85.0
1777889232.4983325,1.0,-1.0,-86.0
1777889232.5083325,0.0,-2.0,-82.0
1777889232.5183325,-1.0,-6.0,-77.0
1777889232.5283325,2.0,-2.0,-74.0
1777889232.5383325,5.0,-1.0,-73.0
1777889232.5483325,5.0,-2.0,-82.0
1777889232.5583324,6.0,-3.0,-82.0
1777889232.5683324,8.0,-5.0,-85.0
1777889232.5783324,8.0,-8.0,-80.0
1777889232.5883324,6.0,-7.0,-78.0
1777889232.5983324,0.0,-8.0,-73.0
1777889232.6083324,2.0,-7.0,-80.0
1777889232.6183324,3.0,-2.0,-82.0
1777889232.6283324,6.0,2.0,-81.0
1777889232.6383324,7.0,0.0,-83.0
1777889232.6483324,7.0,0.0,-82.0
1777889232.6583323,3.0,0.0,-80.0
1777889232.6683323,-1.0,2.0,-77.0
1777889232.6783323,-4.0,2.0,-75.0
1777889232.6883323,-2.0,4.0,-74.0
1777889232.6983323,0.0,3.0,-81.0
1777889232.7083323,5.0,3.0,-89.0
1777889232.7183323,7.0,0.0,-86.0
1777889232.7283323,9.0,0.0,-82.0
1777889232.7383325,9.0,0.0,-82.0
1777889232.7483325,7.0,7.0,-79.0
1777889232.7583325,8.0,3.0,-78.0
1777889232.7683325,6.0,2.0,-70.0
1777889232.7783325,5.0,6.0,-68.0
1777889232.7883325,0.0,11.0,-70.0
1777889232.7983325,3.0,12.0,-69.0
1777889232.8083324,2.0,12.0,-78.0
1777889232.8183324,3.0,7.0,-83.0
1777889232.8283324,2.0,6.0,-79.0
1777889232.8383324,5.0,4.0,-85.0
1777889232.8483324,5.0,2.0,-84.0
1777889232.8583324,1.0,5.0,-77.0
1777889232.8683324,1.0,4.0,-76.0
1777889232.8783324,0.0,2.0,-79.0
1777889232.8893323,0.0,3.0,-78.0
1777889232.8983324,-2.0,5.0,-79.0
1777889232.9083323,-2.0,2.0,-82.0
1777889232.9193325,-1.0,-1.0,-81.0
1777889232.9293325,-1.0,-3.0,-82.0
1777889232.9393325,-6.0,-4.0,-78.0
1777889232.9493325,-7.0,-1.0,-85.0
1777889232.9593325,-4.0,-1.0,-83.0
1777889232.9693325,-9.0,-1.0,-76.0
1777889232.9793324,-6.0,-2.0,-77.0
1777889232.9893324,0.0,0.0,-81.0
1777889232.9993324,0.0,0.0,-76.0
1777889233.0093324,5.0,0.0,-74.0
1777889233.0193324,11.0,-2.0,-75.0
1777889233.0293324,7.0,0.0,-71.0
1777889233.0393324,0.0,-1.0,-74.0
1777889233.0493324,0.0,-5.0,-74.0
1777889233.0593324,-3.0,-1.0,-69.0
1777889233.0693324,-3.0,0.0,-67.0
1777889233.0793324,-3.0,0.0,-69.0
1777889233.0893323,-4.0,-1.0,-77.0
1777889233.0993323,-3.0,-1.0,-73.0
1777889233.1093323,0.0,-3.0,-72.0
1777889233.1193323,1.0,0.0,-71.0
1777889233.1293323,0.0,4.0,-73.0
1777889233.1393323,2.0,0.0,-67.0
1777889233.1493323,0.0,-1.0,-67.0
1777889233.1593325,0.0,1.0,-72.0
1777889233.1693325,0.0,2.0,-68.0
1777889233.1793325,-5.0,4.0,-67.0
1777889233.1893325,-5.0,6.0,-63.0
1777889233.1993325,-6.0,1.0,-65.0
1777889233.2093325,-4.0,3.0,-69.0
1777889233.2193325,-2.0,0.0,-76.0
1777889233.2293324,0.0,3.0,-77.0
1777889233.2393324,1.0,1.0,-74.0
1777889233.2493324,5.0,2.0,-74.0
1777889233.2593324,4.0,0.0,-70.0
1777889233.2693324,4.0,-3.0,-72.0
1777889233.2793324,1.0,0.0,-71.0
1777889233.2893324,4.0,-4.0,-72.0
1777889233.2993324,1.0,-5.0,-66.0
1777889233.3093324,0.0,-4.0,-69.0
1777889233.3193324,0.0,-6.0,-72.0
1777889233.3293324,0.0,-5.0,-67.0
1777889233.3393323,3.0,-3.0,-71.0
1777889233.3493323,2.0,-3.0,-69.0
1777889233.3593323,4.0,-1.0,-64.0
1777889233.3693323,3.0,1.0,-72.0
1777889233.3793323,5.0,-5.0,-69.0
1777889233.3893323,6.0,-3.0,-72.0
1777889233.3993323,1.0,-1.0,-71.0
1777889233.4093325,0.0,-3.0,-71.0
1777889233.4193325,3.0,-5.0,-75.0
1777889233.4293325,3.0,-4.0,-72.0
1777889233.4393325,0.0,-4.0,-75.0
1777889233.4493325,3.0,0.0,-80.0
1777889233.4593325,0.0,6.0,-82.0
1777889233.4693325,1.0,2.0,-82.0
1777889233.4793324,-3.0,0.0,-84.0
1777889233.4893324,-1.0,0.0,-81.0
1777889233.4993324,-3.0,0.0,-80.0
1777889233.5093324,-6.0,1.0,-76.0
1777889233.5193324,-9.0,2.0,-77.0
1777889233.5293324,-4.0,1.0,-75.0
1777889233.5393324,0.0,3.0,-74.0
1777889233.5493324,5.0,3.0,-75.0
1777889233.5593324,4.0,1.0,-76.0
1777889233.5693324,2.0,2.0,-77.0
1777889233.5793324,2.0,0.0,-80.0
1777889233.5893323,3.0,-4.0,-78.0
1777889233.5993323,8.0,-7.0,-78.0
1777889233.6093323,7.0,-4.0,-77.0
1777889233.6193323,4.0,-3.0,-77.0
1777889233.6293323,5.0,-4.0,-79.0
1777889233.6393323,8.0,-7.0,-78.0
1777889233.6493323,8.0,-5.0,-77.0
1777889233.6593325,7.0,-8.0,-75.0
1777889233.6693325,3.0,-6.0,-72.0
1777889233.6793325,0.0,-4.0,-69.0
1777889233.6893325,3.0,0.0,-76.0
1777889233.6993325,2.0,4.0,-76.0
1777889233.7093325,-1.0,2.0,-78.0
1777889233.7193325,-3.0,3.0,-81.0
1777889233.7293324,-3.0,2.0,-78.0
1777889233.7393324,-2.0,5.0,-78.0
1777889233.7493324,-2.0,5.0,-75.0
1777889233.7593324,-2.0,1.0,-71.0
1777889233.7693324,2.0,1.0,-66.0
1777889233.7793324,7.0,2.0,-66.0
1777889233.7893324,7.0,4.0,-70.0
1777889233.7993324,9.0,5.0,-75.0
1777889233.8093324,6.0,3.0,-77.0
1777889233.8193324,2.0,0.0,-75.0
1777889233.8293324,4.0,-4.0,-79.0
1777889233.8393323,-2.0,-2.0,-79.0
1777889233.8493323,-3.0,3.0,-84.0
1777889233.8593323,-4.0,4.0,-82.0
1777889233.8693323,0.0,8.0,-82.0
1777889233.8793323,7.0,8.0,-87.0
1777889233.8893323,3.0,5.0,-85.0
1777889233.8993323,6.0,6.0,-80.0
1777889233.9093325,0.0,2.0,-73.0
1777889233.9193325,-1.0,3.0,-68.0
1777889233.9293325,2.0,5.0,-70.0
1777889233.9393325,4.0,3.0,-70.0
1777889233.9493325,4.0,0.0,-68.0
1777889233.9593325,2.0,2.0,-74.0
1777889233.9693325,-1.0,6.0,-74.0
1777889233.9793324,1.0,2.0,-80.0
1777889233.9893324,1.0,2.0,-72.0
1777889233.9993324,-3.0,6.0,-71.0
1777889234.0093324,-5.0,8.0,-71.0
1777889234.0193324,-9.0,2.0,-76.0
1777889234.0293324,-5.0,5.0,-84.0
1777889234.0393324,-6.0,0.0,-82.0
1777889234.0493324,-9.0,-5.0,-78.0
1777889234.0593324,-7.0,-9.0,-76.0
1777889234.0693324,-9.0,-11.0,-78.0
1777889234.0793324,-6.0,-9.0,-75.0
1777889234.0893323,-3.0,-6.0,-79.0
1777889234.0993323,-3.0,-5.0,-77.0
1777889234.1093323,-6.0,-9.0,-77.0
1777889234.1193323,-7.0,-9.0,-80.0
1777889234.1293323,-6.0,-6.0,-83.0
1777889234.1393323,-5.0,-3.0,-79.0
1777889234.1493323,-8.0,-3.0,-79.0
1777889234.1593325,-4.0,-2.0,-81.0
1777889234.1693325,-4.0,-2.0,-89.0
1777889234.1793325,-1.0,0.0,-85.0
1777889234.1893325,0.0,1.0,-85.0
1777889234.1993325,0.0,0.0,-84.0
1777889234.2093325,0.0,0.0,-85.0
1777889234.2193325,-2.0,1.0,-81.0
1777889234.2293324,-6.0,2.0,-83.0
1777889234.2393324,-6.0,1.0,-83.0
1777889234.2493324,-6.0,0.0,-81.0
1777889234.2593324,-2.0,0.0,-79.0
1777889234.2693324,3.0,0.0,-73.0
1777889234.2793324,1.0,2.0,-71.0
1777889234.2893324,0.0,2.0,-66.0
1777889234.2993324,1.0,0.0,-70.0
1777889234.3093324,3.0,1.0,-75.0
1777889234.3193324,0.0,4.0,-73.0
1777889234.3293324,0.0,9.0,-69.0
1777889234.3393323,2.0,11.0,-74.0
1777889234.3493323,4.0,11.0,-79.0
1777889234.3593323,4.0,7.0,-75.0
1777889234.3693323,1.0,5.0,-76.0
1777889234.3793323,2.0,3.0,-79.0
1777889234.3893323,0.0,2.0,-80.0
1777889234.3993323,0.0,0.0,-76.0
1777889234.4093325,1.0,0.0,-77.0
1777889234.4193325,0.0,0.0,-79.0
1777889234.4293325,0.0,1.0,-80.0
1777889234.4393325,-1.0,-2.0,-74.0
1777889234.4493325,-1.0,2.0,-72.0
1777889234.4593325,3.0,2.0,-72.0
1777889234.4693325,4.0,0.0,-72.0
1777889234.4793324,4.0,-2.0,-77.0
1777889234.4893324,1.0,0.0,-81.0
1777889234.4993324,0.0,0.0,-86.0
1777889234.5093324,0.0,1.0,-84.0
1777889234.5193324,-3.0,3.0,-78.0
1777889234.5293324,-7.0,4.0,-79.0
1777889234.5393324,-5.0,5.0,-78.0
1777889234.5493324,-2.0,4.0,-77.0
1777889234.5593324,0.0,5.0,-77.0
1777889234.5693324,0.0,0.0,-72.0
1777889234.5793324,1.0,-1.0,-68.0
1777889234.5893323,0.0,1.0,-70.0
1777889234.5993323,3.0,3.0,-73.0
1777889234.6093323,4.0,4.0,-78.0
1777889234.6193323,0.0,-1.0,-77.0
1777889234.6293323,4.0,0.0,-74.0
1777889234.6393323,6.0,2.0,-69.0
1777889234.6493323,2.0,0.0,-60.0
1777889234.6593325,3.0,-2.0,-55.0
1777889234.6693325,1.0,-4.0,-61.0
1777889234.6793325,5.0,-5.0,-62.0
1777889234.6893325,8.0,-4.0,-63.0
1777889234.6993325,6.0,-4.0,-56.0
1777889234.7093325,6.0,-4.0,-58.0
1777889234.7193325,4.0,0.0,-53.0
1777889234.7293324,1.0,0.0,-56.0
1777889234.7393324,1.0,0.0,-60.0
1777889234.7493324,-2.0,-1.0,-62.0
1777889234.7593324,-5.0,1.0,-65.0
1777889234.7693324,-2.0,3.0,-68.0
1777889234.7793324,0.0,0.0,-71.0
1777889234.7893324,1.0,0.0,-71.0
1777889234.7993324,5.0,4.0,-66.0
1777889234.8093324,1.0,4.0,-67.0
1777889234.8193324,6.0,1.0,-69.0
1777889234.8293324,7.0,2.0,-73.0
1777889234.8393323,3.0,3.0,-75.0
1777889234.8493323,1.0,1.0,-79.0
1777889234.8593323,0.0,1.0,-83.0
1777889234.8693323,4.0,-2.0,-84.0
1777889234.8793323,10.0,0.0,-81.0
1777889234.8893323,10.0,0.0,-82.0
1777889234.8993323,8.0,-4.0,-82.0
1777889234.9103324,2.0,-6.0,-83.0
1777889234.9193325,2.0,-6.0,-82.0
1777889234.9303324,1.0,-3.0,-82.0
1777889234.9403324,0.0,-3.0,-82.0
1777889234.9503324,1.0,-4.0,-80.0
1777889234.9603324,1.0,1.0,-80.0
1777889234.9703324,0.0,3.0,-79.0
1777889234.9803324,-2.0,4.0,-87.0
1777889234.9903324,1.0,4.0,-87.0
1777889235.0003324,4.0,5.0,-81.0
1777889235.0093324,0.0,4.0,-78.0
1777889235.0203323,-5.0,0.0,-79.0
1777889235.0303323,-1.0,-2.0,-77.0
1777889235.0403323,2.0,-6.0,-81.0
1777889235.0503323,0.0,-4.0,-85.0
1777889235.0603323,-4.0,0.0,-83.0
1777889235.0703323,-5.0,2.0,-82.0
1777889235.0803325,-4.0,0.0,-81.0
1777889235.0903325,-4.0,-1.0,-79.0
1777889235.1003325,-6.0,-2.0,-71.0
1777889235.1103325,-5.0,0.0,-73.0
1777889235.1203325,-4.0,0.0,-72.0
1777889235.1303325,-8.0,0.0,-76.0
1777889235.1403325,-8.0,0.0,-77.0
1777889235.1503325,-8.0,3.0,-78.0
1777889235.1603324,-6.0,-4.0,-77.0
1777889235.1703324,-5.0,-2.0,-79.0
1777889235.1803324,-7.0,0.0,-76.0
1777889235.1903324,-6.0,1.0,-73.0
1777889235.2003324,-1.0,2.0,-76.0
1777889235.2103324,0.0,1.0,-84.0
1777889235.2203324,1.0,0.0,-82.0
1777889235.2303324,2.0,4.0,-76.0
1777889235.2403324,5.0,2.0,-70.0
1777889235.2503324,0.0,2.0,-68.0
1777889235.2603323,0.0,0.0,-62.0
1777889235.2703323,6.0,5.0,-67.0
1777889235.2803323,6.0,4.0,-67.0
1777889235.2903323,4.0,2.0,-68.0
1777889235.3003323,1.0,0.0,-66.0
1777889235.3103323,1.0,-2.0,-69.0
1777889235.3203323,1.0,0.0,-71.0
1777889235.3303325,-4.0,0.0,-75.0
1777889235.3403325,-1.0,-4.0,-74.0
1777889235.3503325,4.0,-4.0,-79.0
1777889235.3603325,4.0,-6.0,-72.0
1777889235.3703325,1.0,-4.0,-76.0
1777889235.3803325,1.0,2.0,-80.0
1777889235.3903325,0.0,1.0,-83.0
1777889235.4003325,1.0,-3.0,-81.0
1777889235.4103324,4.0,-3.0,-87.0
1777889235.4203324,0.0,-1.0,-86.0
1777889235.4303324,0.0,0.0,-79.0
1777889235.4403324,0.0,-2.0,-70.0
1777889235.4503324,3.0,0.0,-72.0
1777889235.4603324,4.0,4.0,-75.0
1777889235.4703324,1.0,1.0,-76.0
1777889235.4803324,2.0,0.0,-84.0
1777889235.4903324,0.0,-2.0,-82.0
1777889235.5003324,-2.0,-1.0,-80.0
1777889235.5103323,0.0,-1.0,-81.0
1777889235.5203323,1.0,-2.0,-76.0
1777889235.5303323,-3.0,1.0,-77.0
1777889235.5403323,-6.0,0.0,-83.0
1777889235.5503323,-3.0,-3.0,-80.0
1777889235.5603323,0.0,-1.0,-71.0
1777889235.5703323,0.0,-2.0,-64.0
1777889235.5803325,1.0,-3.0,-65.0
1777889235.5903325,-3.0,-2.0,-64.0
1777889235.6003325,-1.0,0.0,-71.0
1777889235.6103325,-4.0,4.0,-75.0
1777889235.6203325,-3.0,4.0,-77.0
1777889235.6303325,-3.0,3.0,-80.0
1777889235.6403325,-3.0,2.0,-81.0
1777889235.6503325,0.0,2.0,-79.0
1777889235.6603324,0.0,3.0,-77.0
1777889235.6703324,4.0,1.0,-79.0
1777889235.6803324,0.0,-1.0,-75.0
1777889235.6903324,-5.0,-1.0,-72.0
1777889235.7003324,2.0,0.0,-67.0
1777889235.7103324,6.0,0.0,-72.0
1777889235.7203324,1.0,-3.0,-76.0
1777889235.7303324,2.0,-6.0,-76.0
1777889235.7403324,6.0,-5.0,-81.0
1777889235.7503324,5.0,-6.0,-77.0
1777889235.7603323,0.0,-8.0,-77.0
1777889235.7703323,-2.0,-7.0,-72.0
1777889235.7803323,-2.0,-8.0,-69.0
1777889235.7903323,-3.0,-11.0,-71.0
1777889235.8003323,-1.0,-10.0,-75.0
1777889235.8103323,-6.0,-6.0,-74.0
1777889235.8203323,-6.0,-5.0,-73.0
1777889235.8303325,-1.0,0.0,-74.0
1777889235.8403325,-4.0,-2.0,-79.0
1777889235.8503325,-1.0,0.0,-72.0
1777889235.8603325,3.0,-1.0,-68.0
1777889235.8703325,4.0,0.0,-68.0
1777889235.8803325,5.0,3.0,-65.0
1777889235.8903325,5.0,4.0,-72.0
1777889235.9003325,3.0,6.0,-69.0
1777889235.9103324,0.0,3.0,-69.0
1777889235.9203324,-3.0,1.0,-67.0
1777889235.9303324,1.0,3.0,-66.0
1777889235.9403324,1.0,2.0,-66.0
1777889235.9503324,2.0,0.0,-64.0
1777889235.9603324,0.0,-1.0,-68.0
1777889235.9703324,0.0,-1.0,-70.0
1777889235.9803324,0.0,-6.0,-70.0
1777889235.9903324,-3.0,-4.0,-68.0
1777889236.0003324,-5.0,-2.0,-70.0
1777889236.0103323,-6.0,0.0,-66.0
1777889236.0203323,-4.0,0.0,-73.0
1777889236.0303323,-6.0,1.0,-75.0
1777889236.0403323,-4.0,7.0,-77.0
1777889236.0503323,-2.0,4.0,-78.0
1777889236.0603323,0.0,0.0,-80.0
1777889236.0703323,-1.0,1.0,-79.0
1777889236.0803325,3.0,-1.0,-71.0
1777889236.0903325,6.0,-2.0,-77.0
1777889236.1003325,3.0,-1.0,-77.0
1777889236.1103325,4.0,-1.0,-74.0
1777889236.1203325,3.0,-2.0,-73.0
1777889236.1303325,-3.0,-7.0,-74.0
1777889236.1403325,-2.0,-1.0,-71.0
1777889236.1503325,1.0,-2.0,-69.0
1777889236.1603324,1.0,0.0,-63.0
1777889236.1703324,3.0,0.0,-62.0
1777889236.1803324,0.0,2.0,-63.0
1777889236.1903324,1.0,4.0,-63.0
1777889236.2003324,2.0,1.0,-63.0
1777889236.2103324,-4.0,0.0,-66.0
1777889236.2203324,-5.0,0.0,-71.0
1777889236.2303324,-9.0,0.0,-77.0
1777889236.2403324,-6.0,2.0,-78.0
1777889236.2503324,-2.0,7.0,-79.0
1777889236.2603323,0.0,4.0,-81.0
1777889236.2703323,0.0,3.0,-74.0
1777889236.2803323,0.0,0.0,-79.0
1777889236.2903323,2.0,-1.0,-80.0
1777889236.3003323,-2.0,-2.0,-80.0
1777889236.3103323,1.0,-1.0,-72.0
1777889236.3203323,1.0,-1.0,-74.0
1777889236.3303325,1.0,1.0,-73.0
1777889236.3403325,3.0,0.0,-71.0
1777889236.3503325,9.0,0.0,-72.0
1777889236.3603325,9.0,-3.0,-73.0
1777889236.3703325,9.0,-7.0,-75.0
1777889236.3803325,3.0,-7.0,-78.0
1777889236.3903325,1.0,-6.0,-80.0
1777889236.4003325,2.0,-3.0,-79.0
1777889236.4103324,2.0,-4.0,-80.0
1777889236.4203324,4.0,-1.0,-79.0
1777889236.4303324,5.0,-5.0,-76.0
1777889236.4403324,3.0,-4.0,-73.0
1777889236.4503324,2.0,-1.0,-73.0
1777889236.4603324,-3.0,-1.0,-74.0
1777889236.4703324,-1.0,-5.0,-82.0
1777889236.4803324,0.0,-3.0,-78.0
1777889236.4903324,1.0,-3.0,-85.0
1777889236.5003324,4.0,-4.0,-79.0
1777889236.5103323,4.0,1.0,-78.0
1777889236.5203323,3.0,1.0,-74.0
1777889236.5303323,2.0,-2.0,-73.0
1777889236.5403323,3.0,-5.0,-71.0
1777889236.5503323,4.0,-4.0,-69.0
1777889236.5603323,7.0,-1.0,-67.0
1777889236.5703323,10.0,-3.0,-71.0
1777889236.5803325,11.0,-2.0,-76.0
1777889236.5903325,2.0,-2.0,-75.0
1777889236.6003325,4.0,2.0,-73.0
1777889236.6103325,8.0,4.0,-72.0
1777889236.6203325,4.0,2.0,-73.0
1777889236.6303325,1.0,1.0,-78.0
1777889236.6403325,0.0,0.0,-75.0
1777889236.6503325,0.0,2.0,-77.0
1777889236.6603324,2.0,1.0,-75.0
1777889236.6703324,2.0,0.0,-76.0
1777889236.6803324,3.0,-4.0,-74.0
1777889236.6903324,6.0,-5.0,-80.0
1777889236.7003324,9.0,0.0,-81.0
1777889236.7103324,12.0,2.0,-82.0
1777889236.7203324,7.0,-2.0,-78.0
1777889236.7303324,4.0,-3.0,-66.0
1777889236.7403324,5.0,-1.0,-61.0
1777889236.7503324,3.0,-4.0,-62.0
1777889236.7603323,0.0,0.0,-64.0
1777889236.7703323,2.0,2.0,-63.0
1777889236.7803323,1.0,0.0,-66.0
1777889236.7903323,-2.0,0.0,-69.0
1777889236.8003323,0.0,0.0,-64.0
1777889236.8103323,0.0,0.0,-65.0
1777889236.8203323,-1.0,-1.0,-71.0
1777889236.8303325,-1.0,-1.0,-77.0
1777889236.8403325,0.0,0.0,-83.0
1777889236.8503325,0.0,-1.0,-86.0
1777889236.8613324,-1.0,2.0,-85.0
1777889236.8703325,-4.0,2.0,-89.0
1777889236.8813324,-1.0,1.0,-82.0
1777889236.8913324,0.0,0.0,-74.0
1777889236.9013324,1.0,3.0,-80.0
1777889236.9113324,5.0,0.0,-81.0
1777889236.9213324,2.0,0.0,-76.0
1777889236.9313323,5.0,0.0,-78.0
1777889236.9413323,9.0,2.0,-76.0
1777889236.9513323,8.0,1.0,-77.0
1777889236.9613323,5.0,0.0,-79.0
1777889236.9713323,4.0,-1.0,-79.0
1777889236.9813323,7.0,0.0,-80.0
1777889236.9913323,1.0,3.0,-84.0
1777889237.0013323,-3.0,4.0,-82.0
1777889237.0113325,-3.0,2.0,-81.0
1777889237.0213325,-4.0,2.0,-79.0
1777889237.0313325,4.0,4.0,-76.0
1777889237.0413325,0.0,0.0,-76.0
1777889237.0513325,3.0,-3.0,-78.0
1777889237.0613325,-1.0,-6.0,-75.0
1777889237.0713325,0.0,-3.0,-68.0
1777889237.0813324,1.0,-7.0,-67.0
1777889237.0913324,1.0,-7.0,-68.0
1777889237.1013324,4.0,-4.0,-68.0
1777889237.1113324,6.0,-6.0,-66.0
1777889237.1213324,2.0,-5.0,-65.0
1777889237.1313324,-2.0,-6.0,-72.0
1777889237.1413324,-2.0,-5.0,-76.0
1777889237.1513324,-6.0,-6.0,-76.0
1777889237.1613324,-11.0,-4.0,-76.0
1777889237.1713324,-9.0,-2.0,-80.0
1777889237.1813323,-8.0,-3.0,-85.0
1777889237.1913323,-4.0,-5.0,-81.0
1777889237.2013323,0.0,-7.0,-79.0
1777889237.2113323,-2.0,-7.0,-81.0
1777889237.2213323,-3.0,-3.0,-84.0
1777889237.2313323,-3.0,-1.0,-85.0
1777889237.2413323,-6.0,3.0,-85.0
1777889237.2513323,-5.0,-1.0,-82.0
1777889237.2613325,-5.0,-4.0,-81.0
1777889237.2713325,0.0,-1.0,-80.0
1777889237.2813325,0.0,-3.0,-78.0
1777889237.2913325,1.0,-2.0,-73.0
1777889237.3013325,0.0,-1.0,-78.0
1777889237.3113325,2.0,-3.0,-81.0
1777889237.3213325,5.0,-1.0,-80.0
1777889237.3313324,5.0,-1.0,-80.0
1777889237.3413324,7.0,-4.0,-67.0
1777889237.3513324,4.0,-7.0,-65.0
1777889237.3613324,3.0,-3.0,-70.0
1777889237.3713324,1.0,-3.0,-63.0
1777889237.3813324,-1.0,-2.0,-58.0
1777889237.3913324,-3.0,-1.0,-56.0
1777889237.4013324,-2.0,-1.0,-59.0
1777889237.4113324,-2.0,0.0,-64.0
1777889237.4213324,-1.0,1.0,-64.0
1777889237.4313323,0.0,-1.0,-65.0
1777889237.4413323,-1.0,0.0,-65.0
1777889237.4513323,0.0,0.0,-69.0
1777889237.4613323,-1.0,4.0,-70.0
1777889237.4713323,-4.0,2.0,-72.0
1777889237.4813323,0.0,7.0,-77.0
1777889237.4913323,1.0,9.0,-80.0
1777889237.5013323,2.0,8.0,-87.0
1777889237.5113325,0.0,9.0,-82.0
1777889237.5213325,0.0,7.0,-83.0
1777889237.5313325,-6.0,3.0,-86.0
1777889237.5413325,-11.0,-1.0,-85.0
1777889237.5513325,-10.0,-2.0,-76.0
1777889237.5613325,-11.0,-5.0,-79.0
1777889237.5713325,-8.0,-4.0,-77.0
1777889237.5813324,-5.0,2.0,-76.0
1777889237.5913324,-2.0,3.0,-81.0
1777889237.6013324,-4.0,5.0,-76.0
1777889237.6113324,-3.0,3.0,-75.0
1777889237.6213324,0.0,4.0,-77.0
1777889237.6313324,0.0,5.0,-76.0
1777889237.6413324,0.0,6.0,-78.0
1777889237.6513324,0.0,7.0,-83.0
1777889237.6613324,0.0,9.0,-86.0
1777889237.6713324,-3.0,10.0,-81.0
1777889237.6813323,-1.0,9.0,-74.0
1777889237.6913323,0.0,8.0,-81.0
1777889237.7013323,3.0,1.0,-74.0
1777889237.7113323,2.0,0.0,-66.0
1777889237.7213323,0.0,2.0,-71.0
1777889237.7313323,2.0,1.0,-70.0
1777889237.7413323,3.0,1.0,-74.0
1777889237.7513323,1.0,-1.0,-74.0
1777889237.7613325,2.0,0.0,-75.0
1777889237.7713325,3.0,-1.0,-79.0
1777889237.7813325,1.0,-2.0,-76.0
1777889237.7913325,0.0,0.0,-74.0
1777889237.8013325,-2.0,2.0,-76.0
1777889237.8113325,-3.0,0.0,-72.0
1777889237.8213325,0.0,-3.0,-71.0
1777889237.8313324,2.0,-1.0,-72.0
1777889237.8413324,5.0,-3.0,-73.0
1777889237.8513324,5.0,0.0,-69.0
1777889237.8613324,3.0,-3.0,-71.0
1777889237.8713324,1.0,-4.0,-77.0
1777889237.8813324,-2.0,-5.0,-83.0
1777889237.8913324,-3.0,1.0,-78.0
1777889237.9013324,-1.0,1.0,-78.0
1777889237.9113324,0.0,0.0,-79.0
1777889237.9213324,0.0,0.0,-82.0
1777889237.9313323,-1.0,0.0,-82.0
1777889237.9413323,5.0,-1.0,-82.0
1777889237.9513323,2.0,3.0,-79.0
1777889237.9613323,-4.0,5.0,-85.0
1777889237.9713323,-6.0,4.0,-83.0
1777889237.9813323,-7.0,2.0,-84.0
1777889237.9913323,-4.0,0.0,-83.0
1777889238.0013323,-7.0,1.0,-84.0
1777889238.0113325,-6.0,0.0,-79.0
1777889238.0213325,-7.0,-1.0,-85.0
1777889238.0313325,-6.0,-4.0,-86.0
1777889238.0413325,-5.0,-1.0,-84.0
1777889238.0513325,-4.0,-1.0,-86.0
1777889238.0613325,0.0,-2.0,-78.0
1777889238.0713325,-1.0,-2.0,-67.0
1777889238.0813324,-1.0,-2.0,-65.0
1777889238.0913324,1.0,-2.0,-63.0
1777889238.1013324,0.0,-1.0,-64.0
1777889238.1113324,-5.0,-1.0,-67.0
1777889238.1213324,-3.0,-3.0,-67.0
1777889238.1313324,-3.0,-4.0,-60.0
1777889238.1413324,-8.0,-5.0,-69.0
1777889238.1513324,-10.0,-7.0,-67.0
1777889238.1613324,-7.0,-9.0,-67.0
1777889238.1713324,-10.0,-5.0,-73.0
1777889238.1813323,-8.0,1.0,-72.0
1777889238.1913323,-6.0,2.0,-68.0
1777889238.2013323,-3.0,3.0,-61.0
1777889238.2113323,-3.0,3.0,-65.0
1777889238.2213323,-2.0,-1.0,-67.0
1777889238.2313323,-4.0,-2.0,-69.0
1777889238.2413323,-2.0,-5.0,-68.0
1777889238.2513323,0.0,-4.0,-71.0
1777889238.2613325,2.0,-5.0,-75.0
1777889238.2713325,3.0,-6.0,-74.0
1777889238.2813325,5.0,-5.0,-74.0
1777889238.2913325,3.0,-4.0,-70.0
1777889238.3013325,1.0,-3.0,-72.0
1777889238.3113325,-1.0,-4.0,-75.0
1777889238.3213325,-1.0,-3.0,-72.0
1777889238.3313324,-4.0,-3.0,-71.0
1777889238.3413324,-4.0,-2.0,-65.0
1777889238.3513324,-4.0,-4.0,-62.0
1777889238.3613324,0.0,-2.0,-60.0
1777889238.3713324,-1.0,0.0,-73.0
1777889238.3813324,0.0,-2.0,-78.0
1777889238.3913324,4.0,-3.0,-80.0
1777889238.4013324,1.0,0.0,-76.0
1777889238.4113324,1.0,0.0,-74.0
1777889238.4223323,1.0,0.0,-78.0
1777889238.4313323,1.0,-1.0,-82.0
1777889238.4413323,0.0,-1.0,-78.0
1777889238.4513323,-1.0,0.0,-79.0
1777889238.4613323,1.0,-1.0,-73.0
1777889238.4713323,-2.0,0.0,-76.0
1777889238.4813323,-1.0,0.0,-72.0
1777889238.4913323,0.0,2.0,-73.0
1777889238.5013323,4.0,6.0,-80.0
1777889238.5113325,6.0,0.0,-81.0
1777889238.5213325,5.0,0.0,-83.0
1777889238.5313325,6.0,-4.0,-91.0
1777889238.5413325,8.0,-7.0,-82.0
1777889238.5513325,8.0,-6.0,-77.0
1777889238.5613325,10.0,-2.0,-79.0
1777889238.5713325,3.0,0.0,-79.0
1777889238.5813324,2.0,1.0,-84.0
1777889238.5913324,3.0,1.0,-90.0
1777889238.6013324,2.0,0.0,-81.0
1777889238.6113324,1.0,0.0,-88.0
1777889238.6213324,0.0,-1.0,-86.0
1777889238.6313324,-2.0,-5.0,-83.0
1777889238.6413324,-5.0,-4.0,-89.0
1777889238.6513324,-5.0,-2.0,-93.0
1777889238.6613324,-5.0,-4.0,-86.0
1777889238.6713324,-3.0,-4.0,-81.0
1777889238.6813323,-1.0,-4.0,-75.0
1777889238.6913323,1.0,-3.0,-77.0
1777889238.7013323,3.0,-3.0,-77.0
1777889238.7113323,3.0,-5.0,-74.0
1777889238.7213323,3.0,-3.0,-73.0
1777889238.7313323,0.0,-3.0,-77.0
1777889238.7413323,-4.0,-3.0,-83.0
1777889238.7513323,-7.0,0.0,-91.0
1777889238.7613325,-4.0,-2.0,-92.0
1777889238.7713325,-1.0,2.0,-88.0
1777889238.7813325,-2.0,1.0,-87.0
1777889238.7913325,-3.0,2.0,-91.0
1777889238.8013325,-4.0,1.0,-80.0
1777889238.8113325,-2.0,4.0,-75.0
1777889238.8213325,0.0,2.0,-70.0
1777889238.8313324,5.0,0.0,-66.0
1777889238.8413324,5.0,0.0,-65.0
1777889238.8513324,-1.0,5.0,-69.0
1777889238.8613324,-5.0,6.0,-75.0
1777889238.8723323,0.0,1.0,-79.0
1777889238.8823323,3.0,2.0,-80.0
1777889238.8923323,2.0,3.0,-81.0
1777889238.9023323,-1.0,0.0,-81.0
1777889238.9123323,-1.0,2.0,-73.0
1777889238.9223323,0.0,4.0,-67.0
1777889238.9323325,0.0,2.0,-67.0
1777889238.9423325,1.0,2.0,-62.0
1777889238.9523325,0.0,4.0,-72.0
1777889238.9623325,-3.0,4.0,-70.0
1777889238.9723325,-4.0,3.0,-67.0
1777889238.9823325,-3.0,0.0,-65.0
1777889238.9923325,1.0,-6.0,-66.0
1777889239.0023324,-1.0,-2.0,-71.0
1777889239.0123324,0.0,-2.0,-73.0
1777889239.0223324,0.0,-3.0,-68.0
1777889239.0323324,-2.0,-3.0,-66.0
1777889239.0423324,-1.0,0.0,-68.0
1777889239.0523324,-2.0,2.0,-76.0
1777889239.0623324,0.0,-3.0,-81.0
1777889239.0723324,-3.0,-4.0,-80.0
1777889239.0823324,-1.0,-2.0,-83.0
1777889239.0923324,-3.0,-6.0,-87.0
1777889239.1023324,0.0,-5.0,-86.0
1777889239.1123323,0.0,-5.0,-78.0
1777889239.1223323,-1.0,-6.0,-77.0
1777889239.1323323,-1.0,-6.0,-81.0
1777889239.1423323,-1.0,-2.0,-79.0
1777889239.1523323,0.0,-3.0,-75.0
1777889239.1623323,-6.0,-2.0,-78.0
1777889239.1723323,-9.0,0.0,-80.0
1777889239.1823325,-10.0,3.0,-75.0
1777889239.1923325,-8.0,4.0,-69.0
1777889239.2023325,-5.0,2.0,-70.0
1777889239.2123325,-3.0,1.0,-73.0
1777889239.2223325,-1.0,1.0,-65.0
1777889239.2323325,6.0,5.0,-64.0
1777889239.2423325,8.0,2.0,-69.0
1777889239.2523324,6.0,-2.0,-69.0
1777889239.2623324,5.0,-1.0,-70.0
1777889239.2723324,8.0,4.0,-73.0
1777889239.2823324,6.0,4.0,-79.0
1777889239.2923324,4.0,4.0,-83.0
1777889239.3023324,6.0,8.0,-79.0
1777889239.3123324,10.0,4.0,-82.0
1777889239.3223324,5.0,8.0,-82.0
1777889239.3323324,10.0,6.0,-79.0
1777889239.3423324,7.0,3.0,-79.0
1777889239.3523324,7.0,2.0,-77.0
1777889239.3623323,4.0,1.0,-80.0
1777889239.3723323,6.0,2.0,-80.0
1777889239.3823323,5.0,2.0,-83.0
1777889239.3923323,4.0,-3.0,-84.0
1777889239.4023323,1.0,-2.0,-87.0
1777889239.4123323,0.0,0.0,-80.0
1777889239.4223323,0.0,2.0,-72.0
1777889239.4323325,0.0,0.0,-77.0
1777889239.4423325,0.0,0.0,-75.0
1777889239.4523325,0.0,1.0,-75.0
1777889239.4623325,1.0,2.0,-70.0
1777889239.4723325,-1.0,6.0,-72.0
1777889239.4823325,0.0,4.0,-66.0
1777889239.4923325,-3.0,1.0,-73.0
1777889239.5023324,-8.0,1.0,-79.0
1777889239.5123324,-5.0,5.0,-80.0
1777889239.5223324,-7.0,6.0,-82.0
1777889239.5323324,-10.0,6.0,-82.0
1777889239.5423324,-1.0,2.0,-81.0
1777889239.5523324,-2.0,3.0,-78.0
1777889239.5623324,0.0,1.0,-83.0
1777889239.5723324,-3.0,0.0,-82.0
1777889239.5823324,-1.0,1.0,-79.0
1777889239.5923324,0.0,1.0,-81.0
1777889239.6023324,0.0,0.0,-77.0
1777889239.6123323,1.0,-1.0,-77.0
1777889239.6223323,2.0,2.0,-81.0
1777889239.6323323,1.0,0.0,-77.0
1777889239.6423323,0.0,-2.0,-77.0
1777889239.6523323,0.0,-3.0,-76.0
1777889239.6623323,3.0,-4.0,-76.0
1777889239.6723323,-2.0,-5.0,-82.0
1777889239.6823325,-1.0,-5.0,-82.0
1777889239.6923325,-5.0,-4.0,-81.0
1777889239.7023325,0.0,-3.0,-84.0
1777889239.7123325,0.0,0.0,-81.0
1777889239.7223325,-2.0,0.0,-82.0
1777889239.7323325,-1.0,0.0,-86.0
1777889239.7423325,0.0,1.0,-84.0
1777889239.7523324,5.0,1.0,-81.0
1777889239.7623324,3.0,-1.0,-82.0
1777889239.7723324,4.0,-3.0,-84.0
1777889239.7823324,0.0,-4.0,-80.0
1777889239.7923324,-2.0,-6.0,-79.0
1777889239.8023324,0.0,-5.0,-74.0
1777889239.8123324,1.0,-4.0,-75.0
1777889239.8223324,0.0,0.0,-75.0
1777889239.8323324,-2.0,2.0,-79.0
1777889239.8423324,3.0,-2.0,-77.0
1777889239.8523324,1.0,-1.0,-86.0
1777889239.8623323,2.0,-1.0,-82.0
1777889239.8723323,-1.0,2.0,-88.0
1777889239.8823323,-3.0,3.0,-86.0
1777889239.8923323,-2.0,2.0,-78.0
1777889239.9023323,-5.0,0.0,-77.0
1777889239.9123323,-4.0,4.0,-73.0
1777889239.9223323,-2.0,6.0,-76.0
1777889239.9323325,-2.0,2.0,-71.0
1777889239.9423325,-3.0,2.0,-72.0
1777889239.9523325,-1.0,-4.0,-76.0
1777889239.9623325,0.0,-4.0,-81.0
1777889239.9723325,0.0,-5.0,-83.0
1777889239.9823325,0.0,-6.0,-72.0
1777889239.9923325,-1.0,-10.0,-66.0
1777889240.0023324,1.0,-10.0,-64.0
1777889240.0123324,-2.0,-10.0,-70.0
1777889240.0223324,-6.0,-4.0,-73.0
1777889240.0323324,-10.0,-3.0,-72.0
1777889240.0423324,-6.0,-4.0,-70.0
1777889240.0523324,-5.0,-2.0,-76.0
1777889240.0623324,-4.0,2.0,-72.0
1777889240.0723324,-3.0,3.0,-71.0
1777889240.0823324,0.0,5.0,-69.0
1777889240.0923324,2.0,6.0,-67.0
1777889240.1023324,8.0,4.0,-73.0
1777889240.1123323,8.0,2.0,-80.0
1777889240.1223323,9.0,-1.0,-79.0
1777889240.1323323,6.0,2.0,-81.0
1777889240.1423323,1.0,5.0,-76.0
1777889240.1523323,1.0,4.0,-81.0
1777889240.1623323,3.0,0.0,-92.0
1777889240.1723323,3.0,2.0,-86.0
1777889240.1823325,5.0,8.0,-85.0
1777889240.1923325,4.0,6.0,-79.0
1777889240.2023325,4.0,5.0,-74.0
1777889240.2123325,4.0,2.0,-74.0
1777889240.2223325,1.0,2.0,-74.0
1777889240.2323325,1.0,5.0,-76.0
1777889240.2423325,1.0,1.0,-79.0
1777889240.2523324,1.0,1.0,-82.0
1777889240.2623324,-2.0,-3.0,-87.0
1777889240.2723324,-6.0,-2.0,-84.0
1777889240.2823324,-3.0,-4.0,-79.0
1777889240.2923324,0.0,-4.0,-79.0
1777889240.3023324,1.0,-3.0,-81.0
1777889240.3123324,4.0,-3.0,-77.0
1777889240.3223324,6.0,-1.0,-77.0
1777889240.3323324,8.0,0.0,-79.0
1777889240.3423324,8.0,-3.0,-79.0
1777889240.3523324,9.0,-2.0,-79.0
1777889240.3623323,12.0,0.0,-85.0
1777889240.3723323,13.0,0.0,-89.0
1777889240.3823323,14.0,-7.0,-77.0
1777889240.3923323,12.0,-9.0,-75.0
1777889240.4023323,6.0,-9.0,-70.0
1777889240.4123323,7.0,-6.0,-69.0
1777889240.4223323,6.0,-11.0,-70.0
1777889240.4323325,6.0,-8.0,-64.0
1777889240.4423325,6.0,-5.0,-71.0
1777889240.4523325,7.0,-2.0,-78.0
1777889240.4623325,7.0,0.0,-80.0
1777889240.4723325,6.0,1.0,-84.0
1777889240.4823325,2.0,-1.0,-82.0
1777889240.4923325,0.0,4.0,-81.0
1777889240.5023324,1.0,2.0,-78.0
1777889240.5123324,0.0,2.0,-80.0
1777889240.5223324,0.0,4.0,-81.0
1777889240.5323324,1.0,4.0,-78.0
1777889240.5423324,3.0,3.0,-80.0
1777889240.5523324,1.0,1.0,-80.0
1777889240.5623324,3.0,6.0,-85.0
1777889240.5723324,2.0,2.0,-80.0
1777889240.5823324,6.0,-2.0,-75.0
1777889240.5923324,0.0,-4.0,-73.0
1777889240.6023324,0.0,-2.0,-76.0
1777889240.6123323,0.0,-3.0,-82.0
1777889240.6223323,5.0,0.0,-83.0
1777889240.6323323,4.0,-1.0,-82.0
1777889240.6423323,2.0,-5.0,-80.0
1777889240.6523323,-2.0,-7.0,-81.0
1777889240.6623323,1.0,-6.0,-88.0
1777889240.6723323,1.0,0.0,-82.0
1777889240.6823325,2.0,3.0,-81.0
1777889240.6923325,0.0,3.0,-85.0
1777889240.7023325,2.0,2.0,-80.0
1777889240.7123325,0.0,3.0,-82.0
1777889240.7223325,-1.0,2.0,-86.0
1777889240.7323325,-1.0,3.0,-86.0
1777889240.7423325,-2.0,6.0,-82.0
1777889240.7523324,-1.0,4.0,-81.0
1777889240.7623324,-1.0,0.0,-78.0
1777889240.7723324,-5.0,-1.0,-81.0
1777889240.7823324,-5.0,-4.0,-83.0
1777889240.7923324,-2.0,-6.0,-81.0
1777889240.8023324,-5.0,-3.0,-80.0
1777889240.8123324,0.0,-2.0,-75.0
1777889240.8223324,1.0,-1.0,-81.0
1777889240.8333323,0.0,-3.0,-85.0
1777889240.8433323,-3.0,-2.0,-79.0
1777889240.8533323,-2.0,-2.0,-78.0
1777889240.8633325,0.0,0.0,-74.0
1777889240.8733325,3.0,1.0,-72.0
1777889240.8833325,2.0,3.0,-74.0
1777889240.8933325,5.0,4.0,-75.0
1777889240.9033325,7.0,5.0,-80.0
1777889240.9133325,5.0,1.0,-81.0
1777889240.9233325,2.0,-1.0,-77.0
1777889240.9333324,6.0,-2.0,-76.0
1777889240.9433324,2.0,-3.0,-72.0
1777889240.9533324,0.0,-4.0,-71.0
1777889240.9633324,6.0,0.0,-71.0
1777889240.9733324,7.0,-3.0,-73.0
1777889240.9833324,6.0,-1.0,-79.0
1777889240.9933324,10.0,6.0,-80.0
1777889241.0033324,7.0,8.0,-80.0
1777889241.0133324,5.0,6.0,-81.0
1777889241.0233324,0.0,5.0,-79.0
1777889241.0333323,2.0,5.0,-85.0
1777889241.0433323,0.0,2.0,-87.0
1777889241.0533323,2.0,8.0,-86.0
1777889241.0633323,4.0,5.0,-82.0
1777889241.0733323,6.0,3.0,-83.0
1777889241.0833323,4.0,4.0,-85.0
1777889241.0933323,3.0,4.0,-77.0
1777889241.1033323,-1.0,1.0,-80.0
1777889241.1133325,0.0,0.0,-82.0
1777889241.1233325,-1.0,-4.0,-76.0
1777889241.1333325,1.0,-4.0,-71.0
1777889241.1433325,3.0,-6.0,-74.0
1777889241.1533325,5.0,-7.0,-81.0
1777889241.1633325,5.0,-4.0,-80.0
1777889241.1733325,6.0,-4.0,-79.0
1777889241.1833324,8.0,-2.0,-81.0
1777889241.1933324,5.0,-3.0,-76.0
1777889241.2033324,0.0,-5.0,-71.0
1777889241.2133324,-1.0,-5.0,-65.0
1777889241.2233324,-2.0,-7.0,-63.0
1777889241.2333324,-4.0,-2.0,-67.0
1777889241.2433324,-1.0,2.0,-73.0
1777889241.2533324,1.0,1.0,-78.0
1777889241.2633324,2.0,5.0,-73.0
1777889241.2733324,3.0,0.0,-68.0
1777889241.2833323,6.0,1.0,-71.0
1777889241.2933323,9.0,-2.0,-69.0
1777889241.3033323,9.0,-2.0,-72.0
1777889241.3133323,10.0,-2.0,-67.0
1777889241.3233323,1.0,-2.0,-66.0
1777889241.3333323,-2.0,-3.0,-75.0
1777889241.3433323,-4.0,-4.0,-74.0
1777889241.3533323,-5.0,-7.0,-79.0
1777889241.3633325,-5.0,-8.0,-76.0
1777889241.3733325,0.0,-10.0,-82.0
1777889241.3833325,2.0,-6.0,-85.0
1777889241.3933325,2.0,-1.0,-82.0
1777889241.4033325,0.0,-2.0,-85.0
1777889241.4133325,0.0,-2.0,-84.0
1777889241.4233325,2.0,-1.0,-74.0
1777889241.4333324,0.0,-3.0,-63.0
1777889241.4433324,1.0,-5.0,-66.0
1777889241.4533324,0.0,-6.0,-63.0
1777889241.4633324,0.0,-9.0,-64.0
1777889241.4733324,-1.0,-6.0,-63.0
1777889241.4833324,-1.0,-6.0,-60.0
1777889241.4933324,0.0,-2.0,-70.0
1777889241.5033324,0.0,-1.0,-73.0
1777889241.5133324,-2.0,-2.0,-69.0
1777889241.5233324,-2.0,2.0,-71.0
1777889241.5333323,0.0,5.0,-70.0
1777889241.5433323,-4.0,2.0,-78.0
1777889241.5533323,0.0,6.0,-77.0
1777889241.5633323,2.0,3.0,-77.0
1777889241.5733323,5.0,-3.0,-76.0
1777889241.5833323,2.0,-3.0,-77.0
1777889241.5933323,5.0,0.0,-74.0
1777889241.6033323,7.0,2.0,-77.0
1777889241.6133325,5.0,-1.0,-79.0
1777889241.6233325,3.0,-4.0,-81.0
1777889241.6333325,4.0,-6.0,-79.0
1777889241.6433325,3.0,-2.0,-81.0
1777889241.6533325,4.0,0.0,-80.0
1777889241.6633325,2.0,4.0,-78.0
1777889241.6733325,3.0,0.0,-84.0
1777889241.6833324,5.0,-1.0,-81.0
1777889241.6933324,3.0,0.0,-76.0
1777889241.7033324,4.0,0.0,-72.0
1777889241.7133324,0.0,-1.0,-75.0
1777889241.7233324,-2.0,-8.0,-75.0
1777889241.7333324,-1.0,-6.0,-76.0
1777889241.7433324,-1.0,0.0,-75.0
1777889241.7533324,-1.0,-6.0,-78.0
1777889241.7633324,-1.0,-7.0,-79.0
1777889241.7733324,5.0,-4.0,-81.0
1777889241.7833323,4.0,-3.0,-77.0
1777889241.7933323,5.0,-3.0,-70.0
1777889241.8033323,5.0,-3.0,-73.0
1777889241.8133323,5.0,-3.0,-71.0
1777889241.8233323,4.0,-3.0,-71.0
1777889241.8333323,3.0,-3.0,-73.0
1777889241.8433323,3.0,-6.0,-73.0
1777889241.8533323,1.0,-6.0,-70.0
1777889241.8633325,0.0,-2.0,-73.0
1777889241.8733325,0.0,0.0,-76.0
1777889241.8833325,-5.0,3.0,-77.0
1777889241.8933325,0.0,3.0,-81.0
1777889241.9033325,0.0,4.0,-75.0
1777889241.9133325,0.0,6.0,-75.0
1777889241.9233325,0.0,7.0,-81.0
1777889241.9333324,2.0,6.0,-83.0
1777889241.9433324,0.0,5.0,-78.0
1777889241.9533324,-1.0,0.0,-80.0
1777889241.9633324,-6.0,0.0,-87.0
1777889241.9733324,-10.0,-3.0,-80.0
1777889241.9833324,-8.0,-6.0,-85.0
1777889241.9933324,-9.0,-4.0,-84.0
1777889242.0033324,-9.0,-4.0,-79.0
1777889242.0133324,-9.0,-4.0,-82.0
1777889242.0233324,-7.0,0.0,-76.0
1777889242.0333323,-2.0,0.0,-73.0
1777889242.0433323,-4.0,2.0,-61.0
1777889242.0533323,-2.0,-1.0,-55.0
1777889242.0633323,-2.0,0.0,-59.0
1777889242.0733323,0.0,1.0,-69.0
1777889242.0833323,-3.0,0.0,-74.0
1777889242.0933323,-5.0,1.0,-75.0
1777889242.1033323,-5.0,2.0,-81.0
1777889242.1133325,-5.0,-1.0,-85.0
1777889242.1233325,-5.0,0.0,-87.0
1777889242.1333325,-6.0,-3.0,-85.0
1777889242.1433325,-6.0,-4.0,-79.0
1777889242.1533325,-6.0,-2.0,-70.0
1777889242.1633325,-5.0,-1.0,-64.0
1777889242.1733325,-4.0,0.0,-72.0
1777889242.1833324,-4.0,-7.0,-69.0
1777889242.1933324,0.0,-6.0,-63.0
1777889242.2033324,0.0,-7.0,-67.0
1777889242.2133324,2.0,-8.0,-68.0
1777889242.2233324,-1.0,-11.0,-69.0
1777889242.2333324,0.0,-8.0,-62.0
1777889242.2433324,0.0,-7.0,-66.0
1777889242.2533324,-5.0,-6.0,-70.0
1777889242.2633324,-6.0,-1.0,-76.0
1777889242.2733324,-3.0,-2.0,-75.0
1777889242.2833323,-4.0,-2.0,-74.0
1777889242.2933323,-2.0,0.0,-67.0
1777889242.3033323,-1.0,-5.0,-70.0
1777889242.3133323,0.0,-7.0,-75.0
1777889242.3233323,0.0,-4.0,-78.0
1777889242.3333323,1.0,-4.0,-70.0
1777889242.3433323,11.0,-3.0,-63.0
1777889242.3533323,10.0,-2.0,-64.0
1777889242.3633325,2.0,-2.0,-69.0
1777889242.3733325,-5.0,-2.0,-81.0
1777889242.3833325,-7.0,-7.0,-82.0
1777889242.3933325,-5.0,-2.0,-83.0
1777889242.4033325,-1.0,4.0,-79.0
1777889242.4133325,-1.0,3.0,-73.0
1777889242.4233325,1.0,1.0,-75.0
1777889242.4333324,-1.0,0.0,-71.0
1777889242.4433324,-1.0,-2.0,-78.0
1777889242.4533324,0.0,0.0,-86.0
1777889242.4633324,2.0,0.0,-85.0
1777889242.4733324,3.0,-4.0,-82.0
1777889242.4833324,3.0,-5.0,-79.0
1777889242.4933324,2.0,-4.0,-80.0
1777889242.5033324,3.0,-1.0,-82.0
1777889242.5133324,0.0,2.0,-81.0
1777889242.5233324,1.0,0.0,-80.0
1777889242.5333323,4.0,-2.0,-79.0
1777889242.5433323,9.0,-1.0,-74.0
1777889242.5533323,10.0,1.0,-71.0
1777889242.5633323,11.0,4.0,-78.0
1777889242.5733323,7.0,3.0,-83.0
1777889242.5833323,5.0,0.0,-86.0
1777889242.5933323,8.0,2.0,-83.0
1777889242.6033323,8.0,1.0,-85.0
1777889242.6133325,7.0,0.0,-87.0
1777889242.6233325,3.0,-2.0,-83.0
1777889242.6333325,2.0,-1.0,-87.0
1777889242.6433325,7.0,-2.0,-91.0
1777889242.6533325,7.0,-1.0,-79.0
1777889242.6633325,6.0,1.0,-75.0
1777889242.6733325,6.0,-3.0,-75.0
1777889242.6833324,9.0,0.0,-80.0
1777889242.6933324,2.0,-2.0,-78.0
1777889242.7033324,2.0,-2.0,-69.0
1777889242.7133324,3.0,-1.0,-66.0
1777889242.7233324,5.0,-1.0,-75.0
1777889242.7333324,5.0,-1.0,-73.0
1777889242.7433324,4.0,1.0,-73.0
1777889242.7533324,3.0,2.0,-66.0
1777889242.7633324,7.0,2.0,-66.0
1777889242.7733324,5.0,1.0,-66.0
1777889242.7833323,4.0,1.0,-65.0
1777889242.7933323,3.0,2.0,-63.0
1777889242.8033323,7.0,3.0,-59.0
1777889242.8143325,6.0,2.0,-56.0
1777889242.8243325,4.0,0.0,-57.0
1777889242.8343325,0.0,-1.0,-61.0
1777889242.8443325,0.0,-2.0,-68.0
1777889242.8543324,0.0,-3.0,-72.0
1777889242.8643324,-4.0,-7.0,-75.0
1777889242.8743324,-7.0,-4.0,-72.0
1777889242.8843324,-6.0,-3.0,-77.0
1777889242.8943324,0.0,-8.0,-74.0
1777889242.9043324,0.0,-3.0,-80.0
1777889242.9143324,0.0,1.0,-85.0
1777889242.9243324,0.0,2.0,-81.0
1777889242.9343324,0.0,-2.0,-82.0
1777889242.9443324,-4.0,-2.0,-88.0
1777889242.9543324,-2.0,-3.0,-85.0
1777889242.9643323,0.0,-4.0,-82.0
1777889242.9743323,-3.0,-5.0,-83.0
1777889242.9843323,-3.0,-2.0,-87.0
1777889242.9943323,-3.0,-1.0,-85.0
1777889243.0043323,-5.0,0.0,-91.0
1777889243.0143323,-4.0,0.0,-92.0
1777889243.0243323,-3.0,0.0,-91.0
1777889243.0343325,-1.0,0.0,-94.0
1777889243.0443325,-3.0,0.0,-90.0
1777889243.0543325,-2.0,0.0,-90.0
1777889243.0643325,-4.0,1.0,-86.0
1777889243.0743325,-9.0,-1.0,-87.0
1777889243.0843325,-7.0,-4.0,-80.0
1777889243.0943325,-4.0,-2.0,-79.0
1777889243.1043324,-5.0,0.0,-67.0
1777889243.1143324,-5.0,1.0,-69.0
1777889243.1243324,-8.0,1.0,-69.0
1777889243.1343324,-9.0,-3.0,-72.0
1777889243.1443324,-13.0,-9.0,-74.0
1777889243.1543324,-9.0,-12.0,-79.0
1777889243.1643324,-5.0,-9.0,-73.0
1777889243.1743324,-3.0,-8.0,-69.0
1777889243.1843324,-4.0,-6.0,-67.0
1777889243.1943324,-3.0,-7.0,-75.0
1777889243.2043324,-2.0,-5.0,-78.0
1777889243.2143323,-2.0,-1.0,-81.0
1777889243.2243323,-2.0,0.0,-78.0
1777889243.2353325,0.0,0.0,-74.0
1777889243.2443323,0.0,-4.0,-81.0
1777889243.2543323,2.0,-4.0,-77.0
1777889243.2643323,3.0,-1.0,-78.0
1777889243.2743323,-5.0,-1.0,-77.0
1777889243.2843325,-6.0,-2.0,-79.0
1777889243.2943325,-3.0,-5.0,-85.0
1777889243.3043325,0.0,-2.0,-81.0
1777889243.3143325,3.0,-6.0,-87.0
1777889243.3243325,11.0,-3.0,-82.0
1777889243.3343325,11.0,-2.0,-83.0
1777889243.3443325,8.0,0.0,-88.0
1777889243.3543324,6.0,3.0,-89.0
1777889243.3643324,0.0,3.0,-80.0
1777889243.3743324,0.0,4.0,-80.0
1777889243.3843324,-2.0,2.0,-76.0
1777889243.3943324,2.0,0.0,-78.0
1777889243.4043324,3.0,-4.0,-80.0
1777889243.4143324,4.0,-2.0,-76.0
1777889243.4243324,7.0,-4.0,-69.0
1777889243.4343324,8.0,-2.0,-76.0
1777889243.4443324,7.0,0.0,-69.0
1777889243.4543324,9.0,0.0,-66.0
1777889243.4643323,-1.0,-1.0,-74.0
1777889243.4743323,-3.0,-3.0,-82.0
1777889243.4843323,1.0,-3.0,-79.0
1777889243.4943323,2.0,-1.0,-84.0
1777889243.5043323,3.0,0.0,-79.0
1777889243.5143323,0.0,0.0,-82.0
1777889243.5243323,-1.0,-4.0,-80.0
1777889243.5343325,2.0,-6.0,-81.0
1777889243.5443325,5.0,-5.0,-89.0
1777889243.5543325,5.0,-3.0,-84.0
1777889243.5643325,0.0,-1.0,-83.0
1777889243.5743325,-2.0,-5.0,-77.0
1777889243.5843325,-1.0,-5.0,-73.0
1777889243.5943325,-3.0,-2.0,-69.0
1777889243.6043324,-1.0,-3.0,-68.0
1777889243.6143324,-3.0,-4.0,-71.0
1777889243.6243324,-1.0,-5.0,-73.0
1777889243.6343324,2.0,-7.0,-70.0
1777889243.6443324,5.0,-11.0,-73.0
1777889243.6543324,0.0,-12.0,-75.0
1777889243.6643324,-3.0,-9.0,-75.0
1777889243.6743324,-7.0,-11.0,-76.0
1777889243.6843324,-3.0,-9.0,-72.0
1777889243.6943324,-6.0,-4.0,-71.0
1777889243.7043324,-3.0,0.0,-66.0
1777889243.7143323,0.0,1.0,-67.0
1777889243.7243323,3.0,2.0,-69.0
1777889243.7343323,4.0,8.0,-75.0
1777889243.7443323,0.0,6.0,-76.0
1777889243.7543323,-4.0,5.0,-73.0
1777889243.7643323,-3.0,3.0,-73.0
1777889243.7743323,-3.0,-1.0,-68.0
1777889243.7843325,-4.0,-1.0,-70.0
1777889243.7943325,-3.0,3.0,-71.0
1777889243.8043325,-4.0,4.0,-71.0
1777889243.8143325,-7.0,3.0,-72.0
1777889243.8243325,-7.0,0.0,-72.0
1777889243.8343325,-11.0,0.0,-70.0
1777889243.8443325,-11.0,3.0,-74.0
1777889243.8543324,-7.0,2.0,-71.0
1777889243.8643324,0.0,0.0,-73.0
1777889243.8743324,1.0,-1.0,-74.0
1777889243.8843324,-2.0,1.0,-73.0
1777889243.8943324,-4.0,3.0,-79.0
1777889243.9043324,-3.0,2.0,-81.0
1777889243.9143324,-1.0,-1.0,-77.0
1777889243.9243324,-5.0,0.0,-77.0
1777889243.9343324,-6.0,1.0,-81.0
1777889243.9443324,-6.0,-1.0,-80.0
1777889243.9543324,-3.0,-2.0,-81.0
1777889243.9643323,-3.0,0.0,-85.0
1777889243.9743323,-3.0,0.0,-78.0
1777889243.9843323,2.0,5.0,-80.0
1777889243.9943323,1.0,4.0,-76.0
1777889244.0043323,1.0,5.0,-78.0
1777889244.0143323,0.0,8.0,-72.0
1777889244.0243323,-2.0,5.0,-70.0
1777889244.0343325,-4.0,5.0,-72.0
1777889244.0443325,-5.0,2.0,-74.0
1777889244.0543325,-10.0,0.0,-76.0
1777889244.0643325,-11.0,2.0,-72.0
1777889244.0743325,-10.0,-2.0,-69.0
1777889244.0843325,-10.0,0.0,-71.0
1777889244.0943325,-6.0,0.0,-77.0
1777889244.1043324,-8.0,3.0,-78.0
1777889244.1143324,-3.0,4.0,-75.0
1777889244.1243324,0.0,2.0,-74.0
1777889244.1343324,-4.0,4.0,-76.0
1777889244.1443324,-6.0,4.0,-79.0
1777889244.1543324,-5.0,0.0,-77.0
1777889244.1643324,-1.0,-2.0,-75.0
1777889244.1743324,0.0,0.0,-72.0
1777889244.1843324,-2.0,-1.0,-71.0
1777889244.1943324,0.0,-2.0,-67.0
1777889244.2043324,0.0,-1.0,-66.0
1777889244.2143323,0.0,0.0,-63.0
1777889244.2243323,0.0,0.0,-66.0
1777889244.2343323,0.0,-4.0,-66.0
1777889244.2443323,1.0,0.0,-65.0
1777889244.2543323,1.0,-2.0,-68.0
1777889244.2643323,5.0,1.0,-73.0
1777889244.2743323,7.0,-2.0,-74.0
1777889244.2843325,9.0,-2.0,-66.0
1777889244.2943325,8.0,1.0,-74.0
1777889244.3043325,1.0,0.0,-74.0
1777889244.3143325,-1.0,2.0,-71.0
1777889244.3243325,0.0,0.0,-71.0
1777889244.3343325,0.0,2.0,-70.0
1777889244.3443325,2.0,4.0,-69.0
1777889244.3543324,2.0,2.0,-66.0
1777889244.3643324,2.0,-2.0,-63.0
1777889244.3743324,4.0,1.0,-71.0
1777889244.3843324,4.0,1.0,-72.0
1777889244.3943324,3.0,0.0,-66.0
1777889244.4043324,0.0,0.0,-74.0
1777889244.4143324,-1.0,0.0,-79.0
1777889244.4243324,1.0,3.0,-74.0
1777889244.4343324,6.0,0.0,-73.0
1777889244.4443324,6.0,0.0,-69.0
1777889244.4543324,4.0,-3.0,-68.0
1777889244.4643323,3.0,-1.0,-66.0
1777889244.4743323,1.0,0.0,-66.0
1777889244.4843323,-2.0,0.0,-65.0
1777889244.4943323,-3.0,-1.0,-66.0
1777889244.5043323,0.0,1.0,-62.0
1777889244.5143323,0.0,4.0,-60.0
1777889244.5243323,-2.0,5.0,-66.0
1777889244.5343325,0.0,2.0,-63.0
1777889244.5443325,7.0,4.0,-71.0
1777889244.5543325,13.0,2.0,-71.0
1777889244.5643325,14.0,-2.0,-75.0
1777889244.5743325,7.0,-6.0,-78.0
1777889244.5843325,2.0,-7.0,-78.0
1777889244.5943325,2.0,-7.0,-84.0
1777889244.6043324,4.0,-2.0,-85.0
1777889244.6143324,8.0,-2.0,-85.0
1777889244.6243324,4.0,-2.0,-84.0
1777889244.6343324,4.0,0.0,-78.0
1777889244.6443324,2.0,0.0,-74.0
1777889244.6543324,0.0,1.0,-76.0
1777889244.6643324,1.0,5.0,-81.0
1777889244.6743324,4.0,5.0,-85.0
1777889244.6843324,4.0,1.0,-82.0
1777889244.6943324,1.0,0.0,-82.0
1777889244.7043324,-3.0,1.0,-79.0
1777889244.7143323,-1.0,2.0,-79.0
1777889244.7243323,-1.0,0.0,-81.0
1777889244.7343323,-3.0,-2.0,-86.0
1777889244.7443323,-5.0,-3.0,-88.0
1777889244.7543323,-2.0,0.0,-85.0
1777889244.7643323,0.0,3.0,-81.0
1777889244.7743323,5.0,8.0,-78.0
1777889244.7843325,7.0,3.0,-82.0
1777889244.7943325,9.0,3.0,-82.0
1777889244.8043325,9.0,4.0,-82.0
1777889244.8153324,9.0,-1.0,-78.0
1777889244.8253324,5.0,0.0,-70.0
1777889244.8353324,0.0,-2.0,-73.0
1777889244.8453324,0.0,-1.0,-83.0
1777889244.8553324,0.0,-1.0,-83.0
1777889244.8653324,0.0,3.0,-85.0
1777889244.8753324,3.0,4.0,-84.0
1777889244.8853323,6.0,3.0,-82.0
1777889244.8953323,5.0,3.0,-83.0
1777889244.9053323,10.0,0.0,-84.0
1777889244.9153323,7.0,1.0,-84.0
1777889244.9253323,0.0,-1.0,-80.0
1777889244.9353323,1.0,-2.0,-83.0
1777889244.9453323,0.0,-1.0,-82.0
1777889244.9553325,-2.0,-2.0,-87.0
1777889244.9653325,-2.0,-6.0,-90.0
1777889244.9753325,0.0,-6.0,-81.0
1777889244.9853325,2.0,-4.0,-72.0
1777889244.9953325,2.0,-3.0,-72.0
1777889245.0053325,2.0,-5.0,-73.0
1777889245.0153325,-1.0,-6.0,-82.0
1777889245.0253325,-4.0,-2.0,-86.0
1777889245.0353324,-2.0,-4.0,-86.0
1777889245.0453324,0.0,-4.0,-79.0
1777889245.0553324,0.0,-2.0,-73.0
1777889245.0653324,-1.0,-4.0,-66.0
1777889245.0753324,0.0,-4.0,-62.0
1777889245.0853324,-1.0,-4.0,-61.0
1777889245.0953324,-3.0,-7.0,-56.0
1777889245.1053324,-2.0,-6.0,-53.0
1777889245.1153324,2.0,-4.0,-62.0
1777889245.1253324,5.0,-6.0,-71.0
1777889245.1353323,7.0,-1.0,-66.0
1777889245.1453323,6.0,2.0,-68.0
1777889245.1553323,6.0,2.0,-74.0
1777889245.1653323,5.0,5.0,-74.0
1777889245.1753323,1.0,6.0,-73.0
1777889245.1853323,-1.0,6.0,-81.0
1777889245.1953323,-1.0,7.0,-82.0
1777889245.2053325,2.0,4.0,-85.0
1777889245.2153325,4.0,1.0,-76.0
1777889245.2253325,5.0,0.0,-76.0
1777889245.2353325,6.0,0.0,-77.0
1777889245.2453325,4.0,3.0,-77.0
1777889245.2553325,5.0,9.0,-80.0
1777889245.2653325,2.0,2.0,-76.0
1777889245.2753325,1.0,0.0,-78.0
1777889245.2853324,-2.0,0.0,-74.0
1777889245.2953324,-5.0,2.0,-80.0
1777889245.3053324,-2.0,-1.0,-84.0
1777889245.3153324,0.0,-3.0,-71.0
1777889245.3253324,-2.0,-2.0,-76.0
1777889245.3353324,-3.0,-3.0,-78.0
1777889245.3453324,-1.0,-3.0,-78.0
1777889245.3553324,4.0,-6.0,-79.0
1777889245.3653324,5.0,-9.0,-81.0
1777889245.3753324,4.0,-6.0,-82.0
1777889245.3853323,3.0,-7.0,-83.0
1777889245.3953323,6.0,-8.0,-86.0
1777889245.4053323,5.0,-10.0,-80.0
1777889245.4153323,1.0,-9.0,-80.0
1777889245.4253323,2.0,-11.0,-78.0
1777889245.4353323,2.0,-6.0,-81.0
1777889245.4453323,4.0,-4.0,-85.0
1777889245.4553325,2.0,-5.0,-81.0
1777889245.4653325,1.0,-3.0,-85.0
1777889245.4753325,-2.0,-3.0,-85.0
1777889245.4853325,-2.0,-1.0,-81.0
1777889245.4953325,-1.0,-4.0,-80.0
1777889245.5053325,-5.0,-3.0,-79.0
1777889245.5153325,-6.0,-5.0,-75.0
1777889245.5253325,-4.0,-4.0,-72.0
1777889245.5353324,-2.0,-4.0,-74.0
1777889245.5453324,1.0,-8.0,-76.0
1777889245.5553324,2.0,-7.0,-78.0
1777889245.5653324,1.0,-8.0,-81.0
1777889245.5753324,3.0,-5.0,-85.0
1777889245.5853324,8.0,-1.0,-83.0
1777889245.5953324,4.0,-4.0,-74.0
1777889245.6053324,3.0,-7.0,-72.0
1777889245.6153324,6.0,-4.0,-80.0
1777889245.6253324,6.0,0.0,-80.0
1777889245.6353323,4.0,0.0,-84.0
1777889245.6453323,5.0,4.0,-86.0
1777889245.6553323,5.0,7.0,-81.0
1777889245.6653323,5.0,5.0,-77.0
1777889245.6753323,4.0,4.0,-70.0
1777889245.6853323,10.0,0.0,-64.0
1777889245.6953323,10.0,-1.0,-67.0
1777889245.7053325,6.0,3.0,-75.0
1777889245.7153325,6.0,5.0,-84.0
1777889245.7253325,5.0,2.0,-78.0
1777889245.7353325,9.0,3.0,-84.0
1777889245.7453325,12.0,0.0,-92.0
1777889245.7553325,6.0,0.0,-85.0
1777889245.7653325,2.0,2.0,-73.0
1777889245.7753325,0.0,3.0,-76.0
1777889245.7853324,1.0,-1.0,-79.0
1777889245.7953324,0.0,-1.0,-76.0
1777889245.8053324,0.0,-1.0,-73.0
1777889245.8153324,0.0,-3.0,-70.0
1777889245.8253324,-1.0,-5.0,-71.0
1777889245.8353324,0.0,0.0,-79.0
1777889245.8453324,0.0,1.0,-76.0
1777889245.8553324,0.0,2.0,-74.0
1777889245.8653324,1.0,0.0,-73.0
1777889245.8753324,2.0,0.0,-83.0
1777889245.8853323,2.0,-1.0,-83.0
1777889245.8953323,2.0,1.0,-75.0
1777889245.9053323,4.0,0.0,-71.0
1777889245.9153323,2.0,-3.0,-78.0
1777889245.9253323,1.0,-7.0,-78.0
1777889245.9353323,4.0,-6.0,-73.0
1777889245.9453323,3.0,-2.0,-68.0
1777889245.9553325,1.0,0.0,-65.0
1777889245.9653325,-3.0,-2.0,-63.0
1777889245.9753325,-2.0,-1.0,-63.0
1777889245.9853325,0.0,-2.0,-62.0
1777889245.9953325,3.0,-3.0,-64.0
1777889246.0053325,5.0,-2.0,-71.0
1777889246.0153325,8.0,-5.0,-74.0
1777889246.0253325,5.0,-8.0,-77.0
1777889246.0353324,-1.0,-6.0,-77.0
1777889246.0453324,0.0,-2.0,-79.0
1777889246.0553324,-3.0,-5.0,-79.0
1777889246.0653324,-4.0,-2.0,-75.0
1777889246.0753324,2.0,0.0,-72.0
1777889246.0853324,1.0,0.0,-72.0
1777889246.0953324,-7.0,-3.0,-79.0
1777889246.1053324,-1.0,-1.0,-77.0
1777889246.1153324,1.0,0.0,-80.0
1777889246.1253324,3.0,-1.0,-78.0
1777889246.1353323,2.0,-2.0,-78.0
1777889246.1453323,5.0,-6.0,-81.0
1777889246.1553323,5.0,-4.0,-84.0
1777889246.1653323,7.0,-1.0,-72.0
1777889246.1753323,5.0,-1.0,-72.0
1777889246.1853323,3.0,-2.0,-70.0
1777889246.1953323,-6.0,-2.0,-70.0
1777889246.2053325,-12.0,-2.0,-64.0
1777889246.2153325,-9.0,-5.0,-62.0
1777889246.2253325,-5.0,-3.0,-62.0
1777889246.2353325,-4.0,-3.0,-59.0
1777889246.2453325,-5.0,0.0,-61.0
1777889246.2553325,-7.0,-1.0,-71.0
1777889246.2653325,-8.0,-3.0,-68.0
1777889246.2753325,-6.0,0.0,-68.0
1777889246.2853324,-7.0,0.0,-67.0
1777889246.2953324,-6.0,0.0,-63.0
1777889246.3053324,-5.0,2.0,-66.0
1777889246.3153324,-4.0,1.0,-65.0
1777889246.3253324,-7.0,-2.0,-70.0
1777889246.3353324,-2.0,0.0,-69.0
1777889246.3453324,-2.0,-1.0,-69.0
1777889246.3553324,0.0,-1.0,-68.0
1777889246.3653324,0.0,-4.0,-71.0
1777889246.3753324,-1.0,-3.0,-77.0
1777889246.3853323,0.0,0.0,-75.0
1777889246.3953323,2.0,3.0,-73.0
1777889246.4053323,0.0,0.0,-68.0
1777889246.4153323,0.0,-3.0,-69.0
1777889246.4253323,-4.0,-9.0,-65.0
1777889246.4353323,-5.0,-8.0,-75.0
1777889246.4453323,-7.0,-9.0,-78.0
1777889246.4553325,-7.0,-8.0,-76.0
1777889246.4653325,-5.0,-9.0,-72.0
1777889246.4753325,-6.0,-4.0,-73.0
1777889246.4853325,-6.0,-3.0,-67.0
1777889246.4953325,-3.0,-4.0,-71.0
1777889246.5053325,1.0,-4.0,-71.0
1777889246.5153325,2.0,-5.0,-75.0
1777889246.5253325,2.0,-10.0,-82.0
1777889246.5353324,5.0,-8.0,-80.0
1777889246.5453324,11.0,-8.0,-79.0
1777889246.5553324,11.0,-3.0,-77.0
1777889246.5653324,12.0,-2.0,-81.0
1777889246.5753324,9.0,-3.0,-82.0
1777889246.5853324,3.0,-4.0,-88.0
1777889246.5953324,5.0,-7.0,-87.0
1777889246.6053324,0.0,-6.0,-86.0
1777889246.6153324,0.0,-7.0,-87.0
1777889246.6253324,1.0,-5.0,-83.0
1777889246.6353323,0.0,-9.0,-77.0
1777889246.6453323,1.0,-9.0,-73.0
1777889246.6553323,0.0,-5.0,-73.0
1777889246.6653323,-2.0,-4.0,-69.0
1777889246.6753323,-7.0,-5.0,-67.0
1777889246.6853323,-6.0,-4.0,-78.0
1777889246.6953323,-5.0,-4.0,-79.0
1777889246.7053325,-6.0,-1.0,-79.0
1777889246.7153325,-3.0,-1.0,-68.0
1777889246.7253325,-8.0,0.0,-67.0
1777889246.7353325,-9.0,-5.0,-72.0
1777889246.7453325,-6.0,-2.0,-72.0
1777889246.7553325,-3.0,-2.0,-69.0
1777889246.7653325,-2.0,-6.0,-71.0
1777889246.7763324,-2.0,-3.0,-75.0
1777889246.7853324,-5.0,-1.0,-78.0
1777889246.7953324,-1.0,0.0,-80.0
1777889246.8063323,-4.0,1.0,-83.0
1777889246.8163323,-5.0,0.0,-82.0
1777889246.8263323,-7.0,-2.0,-76.0
1777889246.8363323,-7.0,-2.0,-72.0
1777889246.8463323,-4.0,-3.0,-72.0
1777889246.8563323,-2.0,-3.0,-64.0
1777889246.8663323,-5.0,-2.0,-67.0
1777889246.8763323,-3.0,-5.0,-70.0
1777889246.8863325,-1.0,-7.0,-81.0
1777889246.8963325,0.0,0.0,-77.0
1777889246.9063325,1.0,0.0,-76.0
1777889246.9163325,4.0,0.0,-68.0
1777889246.9263325,3.0,2.0,-66.0
1777889246.9363325,3.0,0.0,-70.0
1777889246.9463325,-1.0,-1.0,-76.0
1777889246.9563324,0.0,-3.0,-78.0
1777889246.9663324,2.0,-4.0,-81.0
1777889246.9763324,-1.0,0.0,-79.0
1777889246.9863324,-3.0,-3.0,-75.0
1777889246.9963324,-3.0,-1.0,-73.0
1777889247.0063324,-3.0,-4.0,-74.0
1777889247.0163324,1.0,-2.0,-75.0
1777889247.0263324,1.0,-1.0,-71.0
1777889247.0363324,3.0,0.0,-72.0
1777889247.0463324,4.0,0.0,-75.0
1777889247.0563323,8.0,0.0,-78.0
1777889247.0663323,7.0,2.0,-84.0
1777889247.0763323,5.0,4.0,-86.0
1777889247.0863323,3.0,6.0,-85.0
1777889247.0963323,0.0,5.0,-80.0
1777889247.1063323,3.0,7.0,-81.0
1777889247.1163323,5.0,6.0,-76.0
1777889247.1263323,2.0,6.0,-70.0
1777889247.1363325,6.0,1.0,-68.0
1777889247.1463325,3.0,-1.0,-71.0
1777889247.1563325,-1.0,0.0,-73.0
1777889247.1663325,0.0,5.0,-74.0
1777889247.1763325,0.0,3.0,-73.0
1777889247.1863325,3.0,0.0,-80.0
1777889247.1963325,4.0,2.0,-77.0
1777889247.2063324,1.0,4.0,-65.0
1777889247.2163324,2.0,4.0,-66.0
1777889247.2263324,2.0,5.0,-68.0
1777889247.2363324,1.0,2.0,-70.0
1777889247.2463324,2.0,2.0,-74.0
1777889247.2563324,3.0,2.0,-71.0
1777889247.2663324,0.0,1.0,-73.0
1777889247.2763324,0.0,0.0,-76.0
1777889247.2863324,6.0,-1.0,-78.0
1777889247.2963324,12.0,-2.0,-72.0
1777889247.3063323,11.0,-2.0,-75.0
1777889247.3163323,8.0,0.0,-78.0
1777889247.3263323,9.0,0.0,-78.0
1777889247.3363323,10.0,1.0,-83.0
1777889247.3463323,6.0,5.0,-80.0
1777889247.3563323,5.0,1.0,-81.0
1777889247.3663323,6.0,3.0,-77.0
1777889247.3763323,4.0,-1.0,-87.0
1777889247.3863325,5.0,-5.0,-87.0
1777889247.3963325,3.0,-2.0,-78.0
1777889247.4063325,3.0,-6.0,-77.0
1777889247.4163325,3.0,-8.0,-71.0
1777889247.4263325,1.0,-7.0,-70.0
1777889247.4363325,-1.0,-5.0,-66.0
1777889247.4463325,0.0,-4.0,-67.0
1777889247.4563324,0.0,-3.0,-70.0
1777889247.4663324,2.0,-7.0,-75.0
1777889247.4763324,0.0,-5.0,-76.0
1777889247.4863324,1.0,-6.0,-71.0
1777889247.4963324,3.0,-8.0,-71.0
1777889247.5063324,3.0,-4.0,-70.0
1777889247.5163324,2.0,-5.0,-72.0
1777889247.5263324,3.0,-2.0,-64.0
1777889247.5363324,1.0,-3.0,-64.0
1777889247.5463324,0.0,-3.0,-62.0
1777889247.5563323,0.0,-1.0,-63.0
1777889247.5663323,0.0,1.0,-64.0
1777889247.5763323,0.0,3.0,-64.0
1777889247.5863323,-4.0,2.0,-68.0
1777889247.5963323,-3.0,0.0,-70.0
1777889247.6063323,0.0,1.0,-70.0
1777889247.6163323,-1.0,-1.0,-69.0
1777889247.6263323,0.0,0.0,-74.0
1777889247.6363325,1.0,-5.0,-83.0
1777889247.6463325,-2.0,-9.0,-78.0
1777889247.6563325,0.0,-11.0,-76.0
1777889247.6663325,0.0,-5.0,-78.0
1777889247.6763325,4.0,-7.0,-78.0
1777889247.6863325,0.0,-4.0,-81.0
1777889247.6963325,0.0,-7.0,-76.0
1777889247.7063324,2.0,-6.0,-76.0
1777889247.7163324,3.0,-5.0,-70.0
1777889247.7263324,6.0,-8.0,-71.0
1777889247.7363324,5.0,-9.0,-75.0
1777889247.7463324,5.0,-8.0,-71.0
1777889247.7563324,0.0,-2.0,-68.0
1777889247.7663324,0.0,-3.0,-66.0
1777889247.7763324,3.0,-5.0,-67.0
1777889247.7863324,0.0,-5.0,-71.0
1777889247.7963324,-2.0,-2.0,-74.0
1777889247.8063323,-1.0,-2.0,-71.0
1777889247.8163323,0.0,-4.0,-66.0
1777889247.8263323,-3.0,-8.0,-60.0
1777889247.8363323,-1.0,-5.0,-68.0
1777889247.8463323,1.0,0.0,-63.0
1777889247.8563323,-3.0,1.0,-58.0
1777889247.8663323,-5.0,2.0,-55.0
1777889247.8763323,0.0,2.0,-54.0
1777889247.8863325,3.0,2.0,-64.0
1777889247.8963325,3.0,1.0,-64.0
1777889247.9063325,0.0,1.0,-76.0
1777889247.9163325,1.0,4.0,-67.0
1777889247.9263325,1.0,5.0,-66.0
1777889247.9363325,1.0,1.0,-68.0
1777889247.9463325,2.0,1.0,-73.0
1777889247.9563324,0.0,1.0,-82.0
1777889247.9663324,2.0,0.0,-82.0
1777889247.9763324,0.0,-3.0,-79.0
1777889247.9863324,-4.0,-5.0,-78.0
1777889247.9963324,-4.0,-7.0,-74.0
1777889248.0063324,0.0,-8.0,-72.0
1777889248.0163324,-3.0,-8.0,-72.0
1777889248.0263324,1.0,-10.0,-71.0
1777889248.0363324,2.0,-6.0,-72.0
1777889248.0463324,5.0,-3.0,-68.0
1777889248.0563323,5.0,0.0,-71.0
1777889248.0663323,5.0,0.0,-74.0
1777889248.0763323,11.0,-1.0,-75.0
1777889248.0863323,8.0,3.0,-68.0
1777889248.0963323,5.0,9.0,-74.0
1777889248.1063323,8.0,9.0,-70.0
1777889248.1163323,7.0,9.0,-69.0
1777889248.1263323,7.0,11.0,-65.0
1777889248.1363325,7.0,12.0,-69.0
1777889248.1463325,6.0,9.0,-76.0
1777889248.1563325,2.0,13.0,-70.0
1777889248.1663325,4.0,8.0,-73.0
1777889248.1763325,0.0,3.0,-75.0
1777889248.1863325,-3.0,4.0,-74.0
1777889248.1963325,-5.0,3.0,-71.0
1777889248.2063324,-3.0,1.0,-73.0
1777889248.2163324,-5.0,0.0,-74.0
1777889248.2263324,-9.0,-3.0,-74.0
1777889248.2363324,-7.0,-4.0,-76.0
1777889248.2463324,-7.0,-4.0,-78.0
1777889248.2563324,-9.0,-7.0,-72.0
1777889248.2663324,-10.0,-11.0,-66.0
1777889248.2763324,-9.0,-10.0,-67.0
1777889248.2863324,-9.0,-9.0,-72.0
1777889248.2963324,-7.0,-8.0,-74.0
1777889248.3063323,-9.0,-6.0,-75.0
1777889248.3163323,-9.0,-9.0,-73.0
1777889248.3263323,-4.0,-7.0,-74.0
1777889248.3363323,0.0,-7.0,-75.0
1777889248.3463323,3.0,-6.0,-74.0
1777889248.3563323,6.0,-5.0,-75.0
1777889248.3663323,8.0,-2.0,-75.0
1777889248.3763323,5.0,-3.0,-79.0
1777889248.3863325,6.0,-3.0,-79.0
1777889248.3963325,3.0,-1.0,-77.0
1777889248.4063325,0.0,-2.0,-75.0
1777889248.4163325,1.0,-5.0,-67.0
1777889248.4263325,1.0,-1.0,-68.0
1777889248.4363325,-1.0,-4.0,-68.0
1777889248.4463325,3.0,0.0,-72.0
1777889248.4563324,5.0,0.0,-70.0
1777889248.4663324,6.0,-1.0,-74.0
1777889248.4763324,3.0,0.0,-77.0
1777889248.4863324,1.0,1.0,-70.0
1777889248.4963324,-1.0,-1.0,-65.0
1777889248.5063324,0.0,-1.0,-70.0
1777889248.5163324,0.0,-3.0,-73.0
1777889248.5263324,4.0,-1.0,-73.0
1777889248.5363324,5.0,0.0,-74.0
1777889248.5463324,6.0,-1.0,-72.0
1777889248.5563323,3.0,-4.0,-73.0
1777889248.5663323,1.0,-6.0,-78.0
1777889248.5763323,0.0,-3.0,-80.0
1777889248.5863323,0.0,1.0,-79.0
1777889248.5963323,2.0,-2.0,-79.0
1777889248.6063323,-1.0,0.0,-78.0
1777889248.6163323,0.0,0.0,-72.0
1777889248.6263323,3.0,0.0,-66.0
1777889248.6363325,2.0,2.0,-73.0
1777889248.6463325,0.0,2.0,-69.0
1777889248.6563325,0.0,3.0,-73.0
1777889248.6663325,0.0,1.0,-70.0
1777889248.6763325,5.0,1.0,-72.0
1777889248.6863325,0.0,0.0,-74.0
1777889248.6963325,-3.0,-2.0,-74.0
1777889248.7063324,-3.0,-2.0,-69.0
1777889248.7163324,-3.0,-1.0,-68.0
1777889248.7263324,-2.0,0.0,-70.0
1777889248.7363324,0.0,2.0,-74.0
1777889248.7463324,-1.0,3.0,-77.0
1777889248.7563324,-5.0,3.0,-80.0
1777889248.7663324,-3.0,3.0,-75.0
1777889248.7763324,-5.0,0.0,-73.0
1777889248.7863324,-6.0,-1.0,-69.0
1777889248.7973323,-9.0,-3.0,-68.0
1777889248.8073325,-13.0,1.0,-65.0
1777889248.8173325,-14.0,-3.0,-65.0
1777889248.8273325,-9.0,-5.0,-65.0
1777889248.8373325,-4.0,-3.0,-75.0
1777889248.8473325,-1.0,-4.0,-81.0
1777889248.8573325,-2.0,-2.0,-77.0
1777889248.8673325,-3.0,-2.0,-79.0
1777889248.8773324,-3.0,-4.0,-86.0
1777889248.8873324,1.0,-4.0,-81.0
1777889248.8973324,-1.0,-6.0,-79.0
1777889248.9073324,-1.0,-7.0,-81.0
1777889248.9173324,-1.0,-7.0,-77.0
1777889248.9273324,-1.0,-9.0,-80.0
1777889248.9373324,-3.0,-4.0,-83.0
1777889248.9473324,1.0,-7.0,-68.0
1777889248.9573324,-2.0,-3.0,-64.0
1777889248.9673324,-5.0,-4.0,-67.0
1777889248.9773324,-4.0,-5.0,-64.0
1777889248.9873323,-2.0,-7.0,-62.0
1777889248.9973323,1.0,-5.0,-64.0
1777889249.0073323,0.0,-1.0,-65.0
1777889249.0173323,0.0,0.0,-65.0
1777889249.0273323,0.0,-2.0,-76.0
1777889249.0373323,2.0,1.0,-88.0
1777889249.0473323,0.0,-3.0,-85.0
1777889249.0573325,1.0,-6.0,-80.0
1777889249.0673325,3.0,-5.0,-75.0
1777889249.0773325,2.0,-4.0,-76.0
1777889249.0873325,3.0,-8.0,-71.0
1777889249.0973325,4.0,-7.0,-69.0
1777889249.1073325,2.0,-4.0,-71.0
1777889249.1173325,3.0,-1.0,-76.0
1777889249.1273324,3.0,0.0,-74.0
1777889249.1373324,2.0,0.0,-75.0
1777889249.1473324,4.0,0.0,-74.0
1777889249.1573324,8.0,-2.0,-69.0
1777889249.1673324,6.0,-2.0,-63.0
1777889249.1773324,4.0,-3.0,-64.0
1777889249.1873324,2.0,1.0,-71.0
1777889249.1973324,2.0,2.0,-76.0
1777889249.2073324,3.0,0.0,-79.0
1777889249.2173324,4.0,-4.0,-76.0
1777889249.2273324,3.0,0.0,-76.0
1777889249.2373323,0.0,1.0,-70.0
1777889249.2473323,0.0,2.0,-73.0
1777889249.2573323,7.0,0.0,-85.0
1777889249.2673323,8.0,0.0,-82.0
1777889249.2773323,5.0,-4.0,-81.0
1777889249.2873323,0.0,-5.0,-80.0
1777889249.2973323,-2.0,-7.0,-80.0
1777889249.3073325,-4.0,-5.0,-78.0
1777889249.3173325,-1.0,-5.0,-74.0
1777889249.3273325,-1.0,-8.0,-69.0
1777889249.3373325,-2.0,-9.0,-72.0
1777889249.3473325,-7.0,-11.0,-74.0
1777889249.3573325,-3.0,-6.0,-83.0
1777889249.3673325,-5.0,-9.0,-83.0
1777889249.3773324,0.0,-3.0,-77.0
1777889249.3873324,-2.0,-4.0,-75.0
1777889249.3973324,-1.0,-6.0,-72.0
1777889249.4073324,-4.0,-4.0,-79.0
1777889249.4173324,0.0,0.0,-86.0
1777889249.4273324,-3.0,-4.0,-91.0
1777889249.4373324,0.0,-8.0,-90.0
1777889249.4473324,2.0,-6.0,-88.0
1777889249.4573324,-2.0,-4.0,-87.0
1777889249.4673324,-5.0,-6.0,-87.0
1777889249.4773324,-5.0,-6.0,-90.0
1777889249.4873323,-6.0,-7.0,-86.0
1777889249.4973323,-9.0,-5.0,-84.0
1777889249.5073323,-4.0,-3.0,-78.0
1777889249.5173323,3.0,0.0,-77.0
1777889249.5273323,-1.0,-1.0,-82.0
1777889249.5373323,-2.0,-3.0,-79.0
1777889249.5473323,-2.0,-3.0,-81.0
1777889249.5573325,0.0,-4.0,-78.0
1777889249.5673325,2.0,0.0,-77.0
1777889249.5773325,-3.0,5.0,-79.0
1777889249.5873325,-3.0,3.0,-83.0
1777889249.5973325,-1.0,4.0,-87.0
1777889249.6073325,0.0,3.0,-89.0
1777889249.6173325,-3.0,1.0,-87.0
1777889249.6273324,-2.0,2.0,-80.0
1777889249.6373324,-4.0,7.0,-71.0
1777889249.6473324,-3.0,5.0,-72.0
1777889249.6573324,0.0,2.0,-71.0
1777889249.6673324,0.0,0.0,-69.0
1777889249.6773324,-2.0,-2.0,-73.0
1777889249.6873324,0.0,-1.0,-79.0
1777889249.6973324,3.0,-2.0,-73.0
1777889249.7073324,5.0,-7.0,-74.0
1777889249.7173324,8.0,-5.0,-71.0
1777889249.7273324,8.0,-2.0,-74.0
1777889249.7373323,7.0,3.0,-76.0
1777889249.7473323,3.0,3.0,-78.0
1777889249.7573323,4.0,2.0,-76.0
1777889249.7673323,4.0,-1.0,-72.0
1777889249.7773323,3.0,-2.0,-78.0
1777889249.7873323,-1.0,-6.0,-84.0
1777889249.7973323,-2.0,-2.0,-86.0
1777889249.8073325,-2.0,-2.0,-89.0
1777889249.8173325,-3.0,-1.0,-87.0
1777889249.8273325,1.0,-2.0,-87.0
1777889249.8373325,3.0,0.0,-89.0
1777889249.8473325,4.0,-2.0,-81.0
1777889249.8573325,1.0,-4.0,-79.0
1777889249.8673325,0.0,-3.0,-79.0
1777889249.8773324,1.0,-3.0,-79.0
1777889249.8873324,-7.0,-2.0,-84.0
1777889249.8973324,-6.0,-2.0,-82.0
1777889249.9073324,-6.0,-3.0,-85.0
1777889249.9173324,-3.0,-2.0,-84.0
1777889249.9273324,-9.0,-1.0,-75.0
1777889249.9373324,-9.0,-2.0,-76.0
1777889249.9473324,-11.0,-2.0,-71.0
1777889249.9573324,-13.0,-3.0,-66.0
1777889249.9673324,-12.0,-6.0,-71.0
1777889249.9773324,-10.0,-2.0,-74.0
1777889249.9873323,-8.0,-1.0,-73.0
1777889249.9973323,-4.0,1.0,-71.0
1777889250.0073323,-4.0,2.0,-74.0
1777889250.0173323,-4.0,2.0,-72.0
1777889250.0273323,-6.0,-1.0,-66.0
1777889250.0373323,-1.0,-4.0,-66.0
1777889250.0473323,3.0,-3.0,-70.0
1777889250.0573325,4.0,0.0,-69.0
1777889250.0673325,0.0,-1.0,-72.0
1777889250.0773325,-2.0,-1.0,-75.0
1777889250.0873325,0.0,0.0,-73.0
1777889250.0973325,4.0,0.0,-73.0
1777889250.1073325,5.0,-6.0,-71.0
1777889250.1173325,2.0,-6.0,-67.0
1777889250.1273324,6.0,-8.0,-69.0
1777889250.1373324,3.0,-8.0,-71.0
1777889250.1473324,3.0,-3.0,-72.0
1777889250.1573324,5.0,-2.0,-70.0
1777889250.1673324,4.0,-2.0,-74.0
1777889250.1773324,10.0,-1.0,-79.0
1777889250.1873324,10.0,0.0,-72.0
1777889250.1973324,8.0,0.0,-66.0
1777889250.2073324,6.0,0.0,-69.0
1777889250.2173324,4.0,-1.0,-75.0
1777889250.2273324,3.0,1.0,-78.0
1777889250.2373323,0.0,1.0,-77.0
1777889250.2473323,0.0,-3.0,-77.0
1777889250.2573323,4.0,0.0,-76.0
1777889250.2673323,4.0,0.0,-77.0
1777889250.2773323,3.0,-1.0,-79.0
1777889250.2873323,0.0,-3.0,-84.0
1777889250.2973323,0.0,-3.0,-80.0
1777889250.3073325,0.0,-2.0,-75.0
1777889250.3173325,-8.0,-2.0,-69.0
1777889250.3273325,-5.0,-1.0,-70.0
1777889250.3373325,-6.0,1.0,-76.0
1777889250.3473325,-7.0,0.0,-75.0
1777889250.3573325,-7.0,-1.0,-75.0
1777889250.3673325,-3.0,0.0,-76.0
1777889250.3773324,0.0,0.0,-78.0
1777889250.3873324,3.0,1.0,-72.0
1777889250.3973324,4.0,1.0,-69.0
1777889250.4073324,0.0,0.0,-73.0
1777889250.4173324,3.0,-3.0,-74.0
1777889250.4273324,6.0,-4.0,-69.0
1777889250.4373324,8.0,-6.0,-65.0
1777889250.4473324,8.0,-2.0,-67.0
1777889250.4573324,6.0,0.0,-71.0
1777889250.4673324,4.0,1.0,-77.0
1777889250.4773324,7.0,0.0,-81.0
1777889250.4873323,6.0,1.0,-83.0
1777889250.4973323,3.0,1.0,-83.0
1777889250.5073323,6.0,0.0,-82.0
1777889250.5173323,8.0,-2.0,-89.0
1777889250.5273323,5.0,-3.0,-92.0
1777889250.5373323,5.0,-2.0,-94.0
1777889250.5473323,8.0,-3.0,-90.0
1777889250.5573325,9.0,-1.0,-89.0
1777889250.5673325,12.0,-1.0,-82.0
1777889250.5773325,12.0,-1.0,-79.0
1777889250.5873325,5.0,-1.0,-80.0
1777889250.5973325,5.0,-2.0,-81.0
1777889250.6083324,4.0,-4.0,-86.0
1777889250.6173325,4.0,-2.0,-78.0
1777889250.6273324,5.0,1.0,-75.0
1777889250.6373324,7.0,0.0,-73.0
1777889250.6473324,5.0,0.0,-75.0
1777889250.6573324,2.0,1.0,-74.0
1777889250.6673324,6.0,0.0,-69.0
1777889250.6773324,3.0,4.0,-72.0
1777889250.6873324,0.0,5.0,-76.0
1777889250.6973324,0.0,6.0,-78.0
1777889250.7073324,1.0,7.0,-67.0
1777889250.7173324,3.0,6.0,-66.0
1777889250.7273324,2.0,6.0,-67.0
1777889250.7373323,0.0,5.0,-69.0
1777889250.7473323,0.0,1.0,-68.0
1777889250.7583325,0.0,-2.0,-71.0
1777889250.7683325,-7.0,-3.0,-74.0
1777889250.7783325,-7.0,0.0,-73.0
1777889250.7883325,-8.0,0.0,-74.0
1777889250.7983325,-4.0,0.0,-75.0
1777889250.8083324,-1.0,1.0,-83.0
1777889250.8183324,2.0,2.0,-80.0
1777889250.8283324,2.0,0.0,-79.0
1777889250.8383324,3.0,0.0,-76.0
1777889250.8483324,0.0,4.0,-79.0
1777889250.8583324,2.0,1.0,-78.0
1777889250.8683324,3.0,2.0,-78.0
1777889250.8783324,0.0,3.0,-75.0
1777889250.8883324,1.0,2.0,-78.0
1777889250.8983324,2.0,-1.0,-80.0
1777889250.9083323,0.0,4.0,-83.0
1777889250.9183323,-1.0,4.0,-85.0
1777889250.9283323,2.0,1.0,-89.0
1777889250.9383323,2.0,4.0,-90.0
1777889250.9483323,0.0,7.0,-90.0
1777889250.9583323,1.0,4.0,-92.0
1777889250.9683323,1.0,9.0,-91.0
1777889250.9783323,1.0,8.0,-87.0
1777889250.9883325,-1.0,7.0,-82.0
1777889250.9983325,1.0,1.0,-85.0
1777889251.0083325,6.0,0.0,-85.0
1777889251.0183325,3.0,-2.0,-86.0
1777889251.0283325,4.0,0.0,-88.0
1777889251.0383325,6.0,2.0,-89.0
1777889251.0483325,6.0,2.0,-91.0
1777889251.0583324,2.0,-1.0,-90.0
1777889251.0683324,-1.0,-1.0,-86.0
1777889251.0783324,0.0,0.0,-85.0
1777889251.0883324,2.0,0.0,-83.0
1777889251.0983324,2.0,2.0,-78.0
1777889251.1083324,0.0,6.0,-73.0
1777889251.1183324,1.0,7.0,-71.0
1777889251.1283324,-1.0,6.0,-69.0
1777889251.1383324,-1.0,5.0,-73.0
1777889251.1483324,-1.0,4.0,-70.0
1777889251.1583323,0.0,2.0,-68.0
1777889251.1683323,-2.0,1.0,-66.0
1777889251.1783323,-1.0,5.0,-70.0
1777889251.1883323,-1.0,4.0,-67.0
1777889251.1983323,-3.0,1.0,-71.0
1777889251.2083323,-3.0,2.0,-72.0
1777889251.2183323,-4.0,4.0,-70.0
1777889251.2283323,-5.0,3.0,-77.0
1777889251.2383325,-5.0,1.0,-76.0
1777889251.2483325,-5.0,-1.0,-72.0
1777889251.2583325,-2.0,-6.0,-66.0
1777889251.2683325,-1.0,-4.0,-65.0
1777889251.2783325,-1.0,1.0,-65.0
1777889251.2883325,0.0,-2.0,-62.0
1777889251.2983325,1.0,-6.0,-66.0
1777889251.3083324,3.0,-2.0,-71.0
1777889251.3183324,1.0,-1.0,-71.0
1777889251.3283324,-2.0,-5.0,-68.0
1777889251.3383324,-6.0,-1.0,-70.0
1777889251.3483324,-1.0,1.0,-68.0
1777889251.3583324,-2.0,4.0,-78.0
1777889251.3683324,1.0,1.0,-74.0
1777889251.3783324,6.0,0.0,-68.0
1777889251.3883324,5.0,0.0,-68.0
1777889251.3983324,3.0,0.0,-65.0
1777889251.4083323,3.0,-4.0,-65.0
1777889251.4183323,4.0,-4.0,-64.0
1777889251.4283323,5.0,-8.0,-67.0
1777889251.4383323,0.0,-7.0,-70.0
1777889251.4483323,-1.0,-5.0,-76.0
1777889251.4583323,5.0,-1.0,-78.0
1777889251.4683323,2.0,0.0,-74.0
1777889251.4783323,3.0,-2.0,-79.0
1777889251.4883325,0.0,-4.0,-77.0
1777889251.4983325,1.0,-1.0,-69.0
1777889251.5083325,1.0,-1.0,-66.0
1777889251.5183325,-6.0,-2.0,-66.0
1777889251.5283325,-9.0,-3.0,-70.0
1777889251.5383325,-3.0,-3.0,-69.0
1777889251.5483325,-4.0,-2.0,-65.0
1777889251.5583324,-2.0,-2.0,-66.0
1777889251.5683324,5.0,2.0,-64.0
1777889251.5783324,9.0,2.0,-70.0
1777889251.5883324,6.0,0.0,-74.0
1777889251.5983324,5.0,-1.0,-74.0
1777889251.6083324,9.0,2.0,-76.0
1777889251.6183324,9.0,7.0,-68.0
1777889251.6283324,11.0,5.0,-70.0
1777889251.6383324,9.0,6.0,-72.0
1777889251.6483324,7.0,9.0,-71.0
1777889251.6583323,6.0,5.0,-67.0
1777889251.6683323,6.0,5.0,-70.0
1777889251.6783323,3.0,3.0,-72.0
1777889251.6883323,3.0,1.0,-77.0
1777889251.6983323,5.0,1.0,-80.0
1777889251.7083323,4.0,0.0,-81.0
1777889251.7183323,5.0,-1.0,-79.0
1777889251.7283323,6.0,-1.0,-82.0
1777889251.7383325,2.0,0.0,-78.0
1777889251.7483325,1.0,-3.0,-75.0
1777889251.7583325,3.0,-2.0,-71.0
1777889251.7683325,0.0,0.0,-76.0
1777889251.7783325,-1.0,0.0,-81.0
1777889251.7883325,2.0,0.0,-70.0
1777889251.7983325,3.0,2.0,-77.0
1777889251.8083324,4.0,1.0,-72.0
1777889251.8183324,8.0,1.0,-71.0
1777889251.8283324,7.0,2.0,-73.0
1777889251.8383324,5.0,0.0,-77.0
1777889251.8483324,2.0,0.0,-81.0
1777889251.8583324,0.0,0.0,-83.0
1777889251.8683324,-2.0,0.0,-83.0
1777889251.8783324,-4.0,1.0,-78.0
1777889251.8883324,-2.0,5.0,-79.0
1777889251.8983324,4.0,3.0,-78.0
1777889251.9083323,5.0,0.0,-86.0
1777889251.9183323,4.0,0.0,-84.0
1777889251.9283323,0.0,0.0,-87.0
1777889251.9383323,1.0,1.0,-84.0
1777889251.9483323,-1.0,-2.0,-80.0
1777889251.9583323,0.0,0.0,-85.0
1777889251.9683323,-3.0,-1.0,-83.0
1777889251.9783323,-2.0,-2.0,-80.0
1777889251.9883325,2.0,-6.0,-74.0
1777889251.9983325,4.0,-7.0,-68.0
1777889252.0083325,0.0,-6.0,-76.0
1777889252.0183325,0.0,-5.0,-81.0
1777889252.0283325,1.0,0.0,-77.0
1777889252.0383325,2.0,0.0,-83.0
1777889252.0483325,5.0,-4.0,-84.0
1777889252.0583324,3.0,-6.0,-78.0
1777889252.0683324,5.0,-6.0,-78.0
1777889252.0783324,6.0,-9.0,-72.0
1777889252.0883324,3.0,-8.0,-76.0
1777889252.0983324,1.0,-8.0,-75.0
1777889252.1083324,3.0,-5.0,-82.0
1777889252.1183324,7.0,-3.0,-86.0
1777889252.1283324,6.0,-4.0,-82.0
1777889252.1383324,6.0,-6.0,-77.0
1777889252.1483324,5.0,-4.0,-80.0
1777889252.1583323,0.0,-1.0,-82.0
1777889252.1683323,3.0,-1.0,-84.0
1777889252.1783323,1.0,-5.0,-80.0
1777889252.1883323,1.0,-5.0,-75.0
1777889252.1983323,-2.0,-3.0,-76.0
1777889252.2083323,-4.0,-4.0,-76.0
1777889252.2183323,-3.0,-3.0,-74.0
1777889252.2283323,0.0,-6.0,-71.0
1777889252.2383325,0.0,-6.0,-72.0
1777889252.2483325,4.0,-3.0,-78.0
1777889252.2583325,6.0,1.0,-80.0
1777889252.2683325,6.0,1.0,-80.0
1777889252.2783325,2.0,-2.0,-82.0
1777889252.2883325,3.0,-1.0,-81.0
1777889252.2983325,4.0,-2.0,-78.0
1777889252.3083324,5.0,-7.0,-72.0
1777889252.3183324,4.0,-8.0,-70.0
1777889252.3283324,0.0,-4.0,-70.0
1777889252.3383324,-4.0,-2.0,-70.0
1777889252.3483324,-1.0,2.0,-75.0
1777889252.3583324,1.0,1.0,-77.0
1777889252.3683324,1.0,1.0,-75.0
1777889252.3783324,2.0,0.0,-77.0
1777889252.3883324,6.0,-3.0,-69.0
1777889252.3983324,3.0,-4.0,-68.0
1777889252.4083323,1.0,-4.0,-73.0
1777889252.4183323,3.0,-5.0,-74.0
1777889252.4283323,4.0,-9.0,-74.0
1777889252.4383323,7.0,-11.0,-80.0
1777889252.4483323,7.0,-9.0,-76.0
1777889252.4583323,5.0,-8.0,-83.0
1777889252.4683323,5.0,-5.0,-84.0
1777889252.4783323,2.0,0.0,-82.0
1777889252.4883325,4.0,1.0,-82.0
1777889252.4983325,2.0,0.0,-76.0
1777889252.5083325,2.0,1.0,-76.0
1777889252.5183325,4.0,0.0,-76.0
1777889252.5283325,4.0,-3.0,-78.0
1777889252.5383325,4.0,-8.0,-70.0
1777889252.5483325,4.0,-10.0,-73.0
1777889252.5583324,0.0,-9.0,-74.0
1777889252.5683324,-3.0,-7.0,-79.0
1777889252.5783324,0.0,-5.0,-78.0
1777889252.5883324,-1.0,-7.0,-74.0
1777889252.5983324,0.0,-8.0,-81.0
1777889252.6083324,-1.0,-8.0,-75.0
1777889252.6183324,-2.0,-7.0,-70.0
1777889252.6283324,-1.0,-5.0,-69.0
1777889252.6383324,-1.0,-5.0,-75.0
1777889252.6483324,-1.0,-3.0,-79.0
1777889252.6583323,-2.0,0.0,-76.0
1777889252.6683323,-3.0,-1.0,-71.0
1777889252.6783323,-5.0,-1.0,-72.0
1777889252.6883323,-6.0,-7.0,-69.0
1777889252.6983323,-5.0,-6.0,-74.0
1777889252.7083323,-4.0,-4.0,-78.0
1777889252.7193325,-6.0,-3.0,-84.0
1777889252.7283323,-6.0,-2.0,-87.0
1777889252.7383325,-7.0,1.0,-81.0
1777889252.7483325,-7.0,1.0,-75.0
1777889252.7593324,-10.0,-1.0,-71.0
1777889252.7693324,-8.0,-1.0,-70.0
1777889252.7793324,-6.0,5.0,-73.0
1777889252.7893324,-4.0,3.0,-73.0
1777889252.7993324,-6.0,1.0,-78.0
1777889252.8093324,-3.0,0.0,-80.0
1777889252.8193324,0.0,-1.0,-84.0
1777889252.8293324,0.0,-1.0,-83.0
1777889252.8393323,-2.0,-3.0,-84.0
1777889252.8493323,-4.0,-2.0,-86.0
1777889252.8593323,-1.0,0.0,-87.0
1777889252.8693323,0.0,0.0,-83.0
1777889252.8793323,3.0,-1.0,-80.0
1777889252.8893323,5.0,-3.0,-78.0
1777889252.8993323,2.0,-5.0,-79.0
1777889252.9093325,7.0,-10.0,-70.0
1777889252.9193325,2.0,-9.0,-70.0
1777889252.9293325,4.0,-4.0,-77.0
1777889252.9393325,4.0,-3.0,-77.0
1777889252.9493325,0.0,-2.0,-86.0
1777889252.9593325,3.0,-2.0,-83.0
1777889252.9693325,5.0,-1.0,-80.0
1777889252.9793324,5.0,0.0,-79.0
1777889252.9893324,8.0,0.0,-78.0
1777889252.9993324,3.0,2.0,-75.0
1777889253.0093324,2.0,2.0,-76.0
1777889253.0193324,0.0,0.0,-77.0
1777889253.0293324,1.0,0.0,-71.0
1777889253.0393324,0.0,1.0,-69.0
1777889253.0493324,0.0,-1.0,-72.0
1777889253.0593324,-2.0,-2.0,-75.0
1777889253.0693324,0.0,-3.0,-77.0
1777889253.0793324,3.0,-5.0,-69.0
1777889253.0893323,1.0,-5.0,-68.0
1777889253.0993323,0.0,-2.0,-69.0
1777889253.1093323,-1.0,-4.0,-67.0
1777889253.1193323,-4.0,-4.0,-71.0
1777889253.1293323,-3.0,-1.0,-72.0
1777889253.1393323,-2.0,0.0,-76.0
1777889253.1493323,0.0,0.0,-76.0
1777889253.1593325,1.0,4.0,-79.0
1777889253.1693325,1.0,5.0,-86.0
1777889253.1793325,3.0,4.0,-84.0
1777889253.1893325,4.0,3.0,-80.0
1777889253.1993325,0.0,4.0,-80.0
1777889253.2093325,1.0,4.0,-76.0
1777889253.2193325,1.0,-3.0,-72.0
1777889253.2293324,0.0,-1.0,-74.0
1777889253.2393324,0.0,-1.0,-79.0
1777889253.2493324,0.0,0.0,-81.0
1777889253.2593324,-3.0,1.0,-82.0
1777889253.2693324,-7.0,0.0,-79.0
1777889253.2793324,-6.0,-1.0,-76.0
1777889253.2893324,-6.0,0.0,-74.0
1777889253.2993324,-4.0,2.0,-75.0
1777889253.3093324,-1.0,1.0,-72.0
1777889253.3193324,-1.0,-3.0,-72.0
1777889253.3293324,1.0,-1.0,-76.0
1777889253.3393323,6.0,-1.0,-83.0
1777889253.3493323,5.0,-5.0,-83.0
1777889253.3593323,8.0,-5.0,-78.0
1777889253.3693323,12.0,-6.0,-71.0
1777889253.3793323,9.0,-4.0,-69.0
1777889253.3893323,1.0,-3.0,-77.0
1777889253.3993323,4.0,0.0,-78.0
1777889253.4093325,1.0,-1.0,-79.0
1777889253.4193325,0.0,0.0,-81.0
1777889253.4293325,4.0,2.0,-72.0
1777889253.4393325,3.0,0.0,-73.0
1777889253.4493325,1.0,0.0,-74.0
1777889253.4593325,1.0,1.0,-75.0
1777889253.4693325,3.0,0.0,-70.0
1777889253.4793324,3.0,-5.0,-66.0
1777889253.4893324,2.0,-4.0,-60.0
1777889253.4993324,4.0,-2.0,-63.0
1777889253.5093324,4.0,-5.0,-74.0
1777889253.5193324,1.0,0.0,-73.0
1777889253.5293324,0.0,2.0,-63.0
1777889253.5393324,0.0,2.0,-65.0
1777889253.5493324,0.0,1.0,-73.0
1777889253.5593324,0.0,0.0,-76.0
1777889253.5693324,1.0,-1.0,-80.0
1777889253.5793324,2.0,-1.0,-81.0
1777889253.5893323,5.0,-4.0,-76.0
1777889253.5993323,1.0,0.0,-75.0
1777889253.6093323,1.0,0.0,-75.0
1777889253.6193323,2.0,2.0,-75.0
1777889253.6293323,2.0,3.0,-72.0
1777889253.6393323,0.0,0.0,-74.0
1777889253.6493323,1.0,2.0,-70.0
1777889253.6593325,0.0,2.0,-74.0
1777889253.6693325,-2.0,1.0,-80.0
1777889253.6793325,-5.0,2.0,-76.0
1777889253.6893325,-3.0,-1.0,-73.0
1777889253.6993325,-5.0,-3.0,-73.0
1777889253.7093325,0.0,-1.0,-74.0
1777889253.7193325,0.0,1.0,-76.0
1777889253.7293324,-2.0,3.0,-77.0
1777889253.7393324,-6.0,2.0,-70.0
1777889253.7493324,-6.0,1.0,-70.0
1777889253.7593324,-3.0,0.0,-71.0
1777889253.7693324,-1.0,-1.0,-70.0
1777889253.7793324,-1.0,-1.0,-75.0
1777889253.7893324,1.0,-2.0,-71.0
1777889253.7993324,5.0,-4.0,-69.0
1777889253.8093324,6.0,-3.0,-69.0
1777889253.8193324,3.0,-5.0,-71.0
1777889253.8293324,0.0,-3.0,-77.0
1777889253.8393323,0.0,-5.0,-82.0
1777889253.8493323,-5.0,-1.0,-79.0
1777889253.8593323,-8.0,1.0,-79.0
1777889253.8693323,-9.0,0.0,-75.0
1777889253.8793323,-7.0,3.0,-78.0
1777889253.8893323,-7.0,0.0,-67.0
1777889253.8993323,-5.0,-1.0,-62.0
1777889253.9093325,-4.0,-3.0,-71.0
1777889253.9193325,-3.0,-4.0,-83.0
1777889253.9293325,-4.0,-5.0,-83.0
1777889253.9393325,-4.0,0.0,-80.0
1777889253.9493325,-3.0,3.0,-84.0
1777889253.9593325,-1.0,3.0,-82.0
1777889253.9693325,1.0,2.0,-80.0
1777889253.9793324,4.0,1.0,-82.0
1777889253.9893324,6.0,5.0,-78.0
1777889253.9993324,3.0,4.0,-80.0
1777889254.0093324,3.0,4.0,-83.0
1777889254.0193324,4.0,6.0,-85.0
1777889254.0293324,0.0,4.0,-81.0
1777889254.0393324,-3.0,2.0,-73.0
1777889254.0493324,-4.0,-4.0,-71.0
1777889254.0593324,-3.0,-6.0,-75.0
1777889254.0693324,0.0,-6.0,-79.0
1777889254.0793324,-4.0,-2.0,-87.0
1777889254.0893323,-1.0,0.0,-85.0
1777889254.0993323,-1.0,1.0,-79.0
1777889254.1093323,0.0,2.0,-75.0
1777889254.1193323,3.0,0.0,-72.0
1777889254.1293323,6.0,0.0,-68.0
1777889254.1393323,2.0,-3.0,-71.0
1777889254.1493323,1.0,-4.0,-69.0
1777889254.1593325,1.0,-9.0,-71.0
1777889254.1693325,2.0,-7.0,-76.0
1777889254.1793325,4.0,-2.0,-75.0
1777889254.1893325,2.0,0.0,-82.0
1777889254.1993325,2.0,2.0,-77.0
1777889254.2093325,-3.0,-3.0,-75.0
1777889254.2193325,0.0,-2.0,-71.0
1777889254.2293324,1.0,-4.0,-69.0
1777889254.2393324,1.0,-5.0,-67.0
1777889254.2493324,2.0,-6.0,-73.0
1777889254.2593324,1.0,-8.0,-81.0
1777889254.2693324,0.0,-9.0,-83.0
1777889254.2793324,3.0,-6.0,-82.0
1777889254.2893324,6.0,-7.0,-81.0
1777889254.2993324,9.0,-4.0,-75.0
1777889254.3093324,9.0,-4.0,-72.0
1777889254.3193324,10.0,-5.0,-69.0
1777889254.3293324,10.0,-3.0,-71.0
1777889254.3393323,12.0,-1.0,-72.0
1777889254.3493323,13.0,5.0,-72.0
1777889254.3593323,9.0,4.0,-70.0
1777889254.3693323,8.0,2.0,-74.0
1777889254.3793323,5.0,0.0,-75.0
1777889254.3893323,3.0,-1.0,-78.0
1777889254.3993323,6.0,-3.0,-80.0
1777889254.4093325,3.0,-4.0,-77.0
1777889254.4193325,2.0,-2.0,-71.0
1777889254.4293325,3.0,-1.0,-72.0
1777889254.4393325,6.0,3.0,-72.0
1777889254.4493325,3.0,1.0,-72.0
1777889254.4593325,5.0,4.0,-74.0
1777889254.4693325,3.0,4.0,-79.0
1777889254.4793324,1.0,2.0,-83.0
1777889254.4893324,4.0,0.0,-80.0
1777889254.4993324,0.0,0.0,-80.0
1777889254.5093324,0.0,1.0,-80.0
1777889254.5193324,0.0,0.0,-78.0
1777889254.5293324,2.0,-2.0,-80.0
1777889254.5393324,4.0,-4.0,-76.0
1777889254.5493324,4.0,-5.0,-77.0
1777889254.5593324,0.0,-5.0,-76.0
1777889254.5693324,1.0,-3.0,-72.0
1777889254.5793324,-1.0,-3.0,-68.0
1777889254.5893323,-4.0,-1.0,-69.0
1777889254.5993323,-8.0,0.0,-78.0
1777889254.6093323,-11.0,1.0,-75.0
1777889254.6193323,-12.0,-5.0,-74.0
1777889254.6293323,-12.0,-6.0,-81.0
1777889254.6393323,-9.0,-3.0,-87.0
1777889254.6493323,-4.0,-2.0,-88.0
1777889254.6593325,2.0,-1.0,-80.0
1777889254.6693325,6.0,-1.0,-78.0
1777889254.6793325,3.0,-1.0,-76.0
1777889254.6893325,7.0,-3.0,-70.0
1777889254.6993325,4.0,-5.0,-69.0
1777889254.7093325,0.0,-4.0,-70.0
1777889254.7193325,4.0,-7.0,-73.0
1777889254.7293324,6.0,-3.0,-78.0
1777889254.7393324,2.0,0.0,-78.0
1777889254.7493324,-1.0,-3.0,-74.0
1777889254.7603323,-1.0,-1.0,-75.0
1777889254.7703323,1.0,-2.0,-74.0
1777889254.7803323,2.0,-4.0,-76.0
1777889254.7903323,9.0,-2.0,-72.0
1777889254.8003323,9.0,0.0,-68.0
1777889254.8103323,8.0,2.0,-68.0
1777889254.8203323,5.0,1.0,-76.0
1777889254.8303325,1.0,2.0,-76.0
1777889254.8403325,0.0,0.0,-77.0
1777889254.8493323,4.0,0.0,-85.0
1777889254.8603325,1.0,-4.0,-81.0
1777889254.8703325,0.0,-1.0,-79.0
1777889254.8803325,-1.0,0.0,-78.0
1777889254.8903325,-2.0,-2.0,-77.0
1777889254.9003325,-3.0,-8.0,-76.0
1777889254.9103324,-4.0,-8.0,-77.0
1777889254.9203324,2.0,-7.0,-80.0
1777889254.9303324,4.0,-7.0,-80.0
1777889254.9403324,7.0,-1.0,-79.0
1777889254.9503324,7.0,-2.0,-77.0
1777889254.9603324,4.0,0.0,-77.0
1777889254.9703324,3.0,0.0,-78.0
1777889254.9803324,4.0,2.0,-81.0
1777889254.9903324,3.0,0.0,-72.0
1777889255.0003324,7.0,0.0,-70.0
1777889255.0103323,2.0,4.0,-72.0
1777889255.0203323,2.0,3.0,-74.0
1777889255.0303323,6.0,5.0,-70.0
1777889255.0403323,6.0,1.0,-71.0
1777889255.0503323,8.0,4.0,-67.0
1777889255.0603323,10.0,6.0,-73.0
1777889255.0703323,12.0,4.0,-73.0
1777889255.0803325,10.0,6.0,-78.0
1777889255.0903325,8.0,1.0,-82.0
1777889255.1003325,9.0,0.0,-73.0
1777889255.1103325,5.0,0.0,-75.0
1777889255.1203325,5.0,-1.0,-72.0
1777889255.1303325,1.0,-3.0,-68.0
1777889255.1403325,0.0,0.0,-73.0
1777889255.1503325,-1.0,-2.0,-79.0
1777889255.1603324,0.0,-3.0,-79.0
1777889255.1703324,6.0,-1.0,-81.0
1777889255.1803324,6.0,-1.0,-90.0
1777889255.1903324,8.0,-2.0,-91.0
1777889255.2003324,6.0,-4.0,-82.0
1777889255.2103324,5.0,-3.0,-76.0
1777889255.2203324,1.0,0.0,-82.0
1777889255.2303324,1.0,-7.0,-72.0
1777889255.2403324,-1.0,-7.0,-77.0
1777889255.2503324,0.0,-5.0,-68.0
1777889255.2603323,0.0,-6.0,-69.0
1777889255.2703323,3.0,-6.0,-65.0
1777889255.2803323,3.0,-4.0,-65.0
1777889255.2903323,1.0,-7.0,-71.0
1777889255.3003323,2.0,-5.0,-79.0
1777889255.3103323,3.0,-5.0,-77.0
1777889255.3203323,1.0,1.0,-73.0
1777889255.3303325,-1.0,0.0,-77.0
1777889255.3403325,-3.0,0.0,-74.0
1777889255.3503325,-2.0,3.0,-73.0
1777889255.3603325,-4.0,3.0,-78.0
1777889255.3703325,-2.0,0.0,-75.0
1777889255.3803325,-2.0,2.0,-81.0
1777889255.3903325,-1.0,1.0,-83.0
1777889255.4003325,-2.0,0.0,-76.0
1777889255.4103324,-3.0,0.0,-78.0
1777889255.4203324,-3.0,-2.0,-71.0
1777889255.4303324,-1.0,0.0,-70.0
1777889255.4403324,2.0,-1.0,-68.0
1777889255.4503324,5.0,0.0,-70.0
1777889255.4603324,4.0,-2.0,-76.0
1777889255.4703324,4.0,-1.0,-77.0
1777889255.4803324,1.0,-2.0,-74.0
1777889255.4903324,-2.0,1.0,-72.0
1777889255.5003324,-1.0,1.0,-73.0
1777889255.5103323,0.0,0.0,-86.0
1777889255.5203323,-2.0,2.0,-87.0
1777889255.5303323,-3.0,-1.0,-86.0
1777889255.5403323,2.0,-3.0,-89.0
1777889255.5503323,4.0,-1.0,-86.0
1777889255.5603323,-1.0,3.0,-76.0
1777889255.5703323,2.0,2.0,-75.0
1777889255.5803325,4.0,0.0,-76.0
1777889255.5903325,1.0,0.0,-72.0
1777889255.6003325,2.0,0.0,-74.0
1777889255.6103325,5.0,-1.0,-71.0
1777889255.6203325,7.0,-1.0,-72.0
1777889255.6303325,3.0,-5.0,-71.0
1777889255.6403325,3.0,-1.0,-73.0
1777889255.6503325,8.0,0.0,-74.0
1777889255.6603324,10.0,2.0,-76.0
1777889255.6703324,9.0,0.0,-78.0
1777889255.6803324,2.0,0.0,-77.0
1777889255.6903324,2.0,3.0,-75.0
1777889255.7003324,1.0,4.0,-78.0
1777889255.7103324,1.0,3.0,-85.0
1777889255.7203324,6.0,4.0,-81.0
1777889255.7303324,3.0,4.0,-80.0
1777889255.7403324,0.0,0.0,-72.0
1777889255.7503324,0.0,0.0,-70.0
1777889255.7603323,-1.0,-1.0,-72.0
1777889255.7703323,0.0,-3.0,-76.0
1777889255.7803323,1.0,-4.0,-82.0
1777889255.7903323,-1.0,-3.0,-82.0
1777889255.8003323,-2.0,-2.0,-79.0
1777889255.8103323,-3.0,-5.0,-80.0
1777889255.8203323,0.0,0.0,-69.0
1777889255.8303325,-1.0,-1.0,-73.0
1777889255.8403325,2.0,-1.0,-72.0
1777889255.8503325,1.0,0.0,-68.0
1777889255.8603325,0.0,0.0,-63.0
1777889255.8703325,1.0,0.0,-66.0
1777889255.8803325,2.0,0.0,-59.0
1777889255.8903325,0.0,0.0,-61.0
1777889255.9003325,5.0,-1.0,-66.0
1777889255.9103324,-2.0,-1.0,-66.0
1777889255.9203324,-6.0,-1.0,-70.0
1777889255.9303324,-5.0,-2.0,-71.0
1777889255.9403324,-4.0,0.0,-70.0
1777889255.9503324,-5.0,2.0,-71.0
1777889255.9603324,-5.0,-2.0,-74.0
1777889255.9703324,-5.0,-2.0,-77.0
1777889255.9803324,-2.0,0.0,-77.0
1777889255.9903324,2.0,0.0,-80.0
1777889256.0003324,3.0,-3.0,-76.0
1777889256.0103323,4.0,-4.0,-80.0
1777889256.0203323,4.0,-4.0,-85.0
1777889256.0303323,6.0,-2.0,-79.0
1777889256.0403323,5.0,-5.0,-80.0
1777889256.0503323,6.0,-6.0,-76.0
1777889256.0603323,3.0,-6.0,-71.0
1777889256.0703323,0.0,-6.0,-76.0
1777889256.0803325,3.0,-3.0,-82.0
1777889256.0903325,1.0,0.0,-79.0
1777889256.1003325,-2.0,0.0,-82.0
1777889256.1103325,-4.0,2.0,-82.0
1777889256.1203325,-2.0,-1.0,-78.0
1777889256.1303325,-1.0,-3.0,-79.0
1777889256.1403325,0.0,-5.0,-77.0
1777889256.1503325,-1.0,-6.0,-70.0
1777889256.1603324,-1.0,-9.0,-71.0
1777889256.1703324,4.0,-11.0,-71.0
1777889256.1803324,2.0,-7.0,-66.0
1777889256.1903324,6.0,-5.0,-65.0
1777889256.2003324,7.0,-4.0,-71.0
1777889256.2103324,2.0,-5.0,-74.0
1777889256.2203324,-1.0,-1.0,-73.0
1777889256.2303324,-3.0,4.0,-71.0
1777889256.2403324,-7.0,2.0,-69.0
1777889256.2503324,-7.0,0.0,-71.0
1777889256.2603323,-3.0,-2.0,-76.0
1777889256.2703323,-2.0,3.0,-73.0
1777889256.2803323,-1.0,0.0,-71.0
1777889256.2903323,-2.0,-4.0,-68.0
1777889256.3003323,0.0,-3.0,-73.0
1777889256.3103323,4.0,-2.0,-70.0
1777889256.3203323,2.0,-1.0,-69.0
1777889256.3303325,3.0,1.0,-73.0
1777889256.3403325,6.0,2.0,-75.0
1777889256.3503325,5.0,1.0,-81.0
1777889256.3603325,5.0,2.0,-81.0
1777889256.3703325,6.0,1.0,-76.0
1777889256.3803325,3.0,5.0,-67.0
1777889256.3903325,3.0,6.0,-70.0
1777889256.4003325,0.0,3.0,-68.0
1777889256.4103324,4.0,0.0,-73.0
1777889256.4203324,5.0,3.0,-86.0
1777889256.4303324,2.0,2.0,-93.0
1777889256.4403324,0.0,2.0,-91.0
1777889256.4503324,-2.0,1.0,-88.0
1777889256.4603324,0.0,0.0,-86.0
1777889256.4703324,0.0,-3.0,-78.0
1777889256.4803324,3.0,-4.0,-72.0
1777889256.4903324,4.0,-5.0,-78.0
1777889256.5003324,4.0,-4.0,-79.0
1777889256.5103323,5.0,-2.0,-81.0
1777889256.5203323,6.0,0.0,-89.0
1777889256.5303323,2.0,0.0,-83.0
1777889256.5403323,-3.0,0.0,-84.0
1777889256.5503323,-4.0,0.0,-80.0
1777889256.5603323,-2.0,5.0,-76.0
1777889256.5703323,-7.0,3.0,-75.0
1777889256.5803325,-3.0,7.0,-74.0
1777889256.5903325,-1.0,3.0,-76.0
1777889256.6003325,-3.0,-1.0,-78.0
1777889256.6103325,1.0,-1.0,-79.0
1777889256.6203325,1.0,-1.0,-78.0
1777889256.6303325,0.0,-1.0,-81.0
1777889256.6403325,1.0,0.0,-79.0
1777889256.6503325,3.0,0.0,-75.0
1777889256.6603324,4.0,-7.0,-75.0
1777889256.6703324,2.0,-9.0,-82.0
1777889256.6803324,3.0,-6.0,-81.0
1777889256.6903324,1.0,-1.0,-82.0
1777889256.7003324,-1.0,0.0,-83.0
1777889256.7113323,-1.0,2.0,-75.0
1777889256.7213323,0.0,1.0,-81.0
1777889256.7313323,-2.0,5.0,-77.0
1777889256.7413323,-4.0,7.0,-76.0
1777889256.7513323,-5.0,5.0,-73.0
1777889256.7613325,-2.0,4.0,-74.0
1777889256.7713325,0.0,2.0,-79.0
1777889256.7813325,0.0,4.0,-80.0
1777889256.7913325,4.0,-1.0,-83.0
1777889256.8013325,5.0,-1.0,-90.0
1777889256.8113325,3.0,2.0,-85.0
1777889256.8213325,0.0,2.0,-82.0
1777889256.8313324,0.0,4.0,-78.0
1777889256.8413324,3.0,5.0,-77.0
1777889256.8513324,3.0,0.0,-78.0
1777889256.8613324,0.0,0.0,-75.0
1777889256.8713324,0.0,0.0,-75.0
1777889256.8813324,0.0,2.0,-77.0
1777889256.8913324,3.0,0.0,-79.0
1777889256.9013324,6.0,2.0,-80.0
1777889256.9113324,1.0,-1.0,-80.0
1777889256.9213324,-2.0,-2.0,-74.0
1777889256.9313323,-2.0,3.0,-71.0
1777889256.9413323,-6.0,6.0,-72.0
1777889256.9513323,-6.0,5.0,-77.0
1777889256.9613323,-3.0,6.0,-74.0
1777889256.9713323,-2.0,5.0,-81.0
1777889256.9813323,-4.0,4.0,-82.0
1777889256.9913323,0.0,6.0,-79.0
1777889257.0013323,6.0,4.0,-79.0
1777889257.0113325,4.0,4.0,-78.0
1777889257.0213325,4.0,2.0,-78.0
1777889257.0313325,3.0,2.0,-86.0
1777889257.0413325,3.0,-2.0,-85.0
1777889257.0513325,2.0,0.0,-81.0
1777889257.0613325,3.0,0.0,-82.0
1777889257.0713325,0.0,0.0,-75.0
1777889257.0813324,-2.0,0.0,-72.0
1777889257.0913324,-4.0,-2.0,-77.0
1777889257.1013324,0.0,-1.0,-75.0
1777889257.1113324,0.0,-2.0,-71.0
1777889257.1213324,-1.0,0.0,-79.0
1777889257.1313324,2.0,0.0,-82.0
1777889257.1413324,1.0,-1.0,-79.0
1777889257.1513324,3.0,-2.0,-76.0
1777889257.1613324,0.0,-2.0,-77.0
1777889257.1713324,0.0,-1.0,-75.0
1777889257.1813323,0.0,5.0,-74.0
1777889257.1913323,3.0,1.0,-76.0
1777889257.2013323,3.0,-2.0,-81.0
1777889257.2113323,2.0,-4.0,-85.0
1777889257.2213323,-5.0,-2.0,-83.0
1777889257.2313323,-7.0,0.0,-81.0
1777889257.2413323,-4.0,0.0,-82.0
1777889257.2513323,-1.0,0.0,-79.0
1777889257.2613325,-5.0,0.0,-75.0
1777889257.2713325,-3.0,0.0,-78.0
1777889257.2813325,1.0,-1.0,-80.0
1777889257.2913325,0.0,-7.0,-73.0
1777889257.3013325,-3.0,-6.0,-75.0
1777889257.3113325,-3.0,-6.0,-75.0
1777889257.3213325,-4.0,-4.0,-76.0
1777889257.3313324,-9.0,-3.0,-72.0
1777889257.3413324,-3.0,-5.0,-65.0
1777889257.3513324,-1.0,-8.0,-68.0
1777889257.3613324,-6.0,-10.0,-72.0
1777889257.3713324,-4.0,-10.0,-72.0
1777889257.3813324,-3.0,-8.0,-72.0
1777889257.3913324,-2.0,-8.0,-70.0
1777889257.4013324,-3.0,-8.0,-72.0
1777889257.4113324,-1.0,-7.0,-77.0
1777889257.4213324,3.0,-5.0,-79.0
1777889257.4313323,4.0,-2.0,-73.0
1777889257.4413323,5.0,0.0,-72.0
1777889257.4513323,5.0,0.0,-70.0
1777889257.4613323,8.0,0.0,-74.0
1777889257.4713323,8.0,1.0,-67.0
1777889257.4813323,8.0,0.0,-70.0
1777889257.4913323,5.0,0.0,-80.0
1777889257.5013323,4.0,2.0,-80.0
1777889257.5113325,1.0,1.0,-77.0
1777889257.5213325,4.0,3.0,-72.0
1777889257.5313325,3.0,3.0,-82.0
1777889257.5413325,2.0,0.0,-86.0
1777889257.5513325,4.0,0.0,-77.0
1777889257.5613325,1.0,-2.0,-76.0
1777889257.5713325,5.0,0.0,-80.0
1777889257.5813324,7.0,0.0,-82.0
1777889257.5913324,2.0,0.0,-77.0
1777889257.6013324,0.0,0.0,-73.0
1777889257.6113324,0.0,2.0,-73.0
1777889257.6213324,2.0,3.0,-71.0
1777889257.6313324,0.0,3.0,-71.0
1777889257.6413324,-6.0,0.0,-76.0
1777889257.6513324,-8.0,-1.0,-70.0
1777889257.6613324,-4.0,-3.0,-73.0
1777889257.6713324,-1.0,-1.0,-77.0
1777889257.6813323,-2.0,2.0,-72.0
1777889257.6913323,0.0,4.0,-76.0
1777889257.7013323,-2.0,4.0,-75.0
1777889257.7113323,0.0,7.0,-78.0
1777889257.7213323,0.0,3.0,-82.0
1777889257.7313323,1.0,0.0,-82.0
1777889257.7413323,-1.0,-3.0,-76.0
1777889257.7513323,-4.0,-2.0,-79.0
1777889257.7613325,-3.0,0.0,-81.0
1777889257.7713325,-1.0,0.0,-91.0
1777889257.7813325,-4.0,0.0,-87.0
1777889257.7913325,-4.0,-2.0,-80.0
1777889257.8013325,0.0,-1.0,-74.0
1777889257.8113325,3.0,0.0,-73.0
1777889257.8213325,5.0,0.0,-66.0
1777889257.8313324,3.0,0.0,-68.0
1777889257.8413324,0.0,-2.0,-65.0
1777889257.8513324,-2.0,-1.0,-72.0
1777889257.8613324,-3.0,-4.0,-77.0
1777889257.8713324,-2.0,-8.0,-66.0
1777889257.8813324,0.0,-6.0,-63.0
1777889257.8913324,0.0,-7.0,-62.0
1777889257.9013324,-2.0,-4.0,-67.0
1777889257.9113324,-5.0,0.0,-66.0
1777889257.9213324,-3.0,-3.0,-78.0
1777889257.9313323,-5.0,-5.0,-79.0
1777889257.9413323,-6.0,-1.0,-85.0
1777889257.9513323,0.0,-4.0,-84.0
1777889257.9613323,1.0,-5.0,-80.0
1777889257.9713323,0.0,-4.0,-89.0
1777889257.9813323,3.0,-3.0,-78.0
1777889257.9913323,5.0,-2.0,-73.0
1777889258.0013323,4.0,-2.0,-70.0
1777889258.0113325,7.0,-4.0,-68.0
1777889258.0213325,5.0,0.0,-72.0
1777889258.0313325,3.0,2.0,-80.0
1777889258.0413325,6.0,-1.0,-84.0
1777889258.0513325,6.0,-1.0,-81.0
1777889258.0613325,12.0,3.0,-83.0
1777889258.0713325,11.0,4.0,-83.0
1777889258.0813324,6.0,6.0,-80.0
1777889258.0913324,1.0,1.0,-75.0
1777889258.1013324,2.0,3.0,-72.0
1777889258.1113324,4.0,6.0,-76.0
1777889258.1213324,5.0,4.0,-72.0
1777889258.1313324,2.0,4.0,-75.0
1777889258.1413324,1.0,1.0,-75.0
1777889258.1513324,1.0,-3.0,-76.0
1777889258.1613324,3.0,-4.0,-75.0
1777889258.1713324,4.0,0.0,-80.0
1777889258.1813323,2.0,-3.0,-78.0
1777889258.1913323,0.0,0.0,-85.0
1777889258.2013323,-2.0,-4.0,-87.0
1777889258.2113323,0.0,-5.0,-83.0
1777889258.2213323,3.0,-2.0,-78.0
1777889258.2313323,2.0,-6.0,-78.0
1777889258.2413323,0.0,-3.0,-72.0
1777889258.2513323,0.0,-4.0,-73.0
1777889258.2613325,0.0,0.0,-87.0
1777889258.2713325,1.0,2.0,-86.0
1777889258.2813325,2.0,0.0,-83.0
1777889258.2913325,2.0,-3.0,-82.0
1777889258.3013325,7.0,-2.0,-84.0
1777889258.3113325,4.0,-1.0,-88.0
1777889258.3213325,6.0,-2.0,-88.0
1777889258.3313324,2.0,-5.0,-92.0
1777889258.3413324,1.0,-9.0,-85.0
1777889258.3513324,-5.0,-5.0,-80.0
1777889258.3613324,2.0,-4.0,-77.0
1777889258.3713324,3.0,0.0,-75.0
1777889258.3813324,5.0,3.0,-74.0
1777889258.3913324,8.0,3.0,-72.0
1777889258.4013324,9.0,1.0,-71.0
1777889258.4113324,10.0,1.0,-80.0
1777889258.4213324,6.0,6.0,-80.0
1777889258.4313323,0.0,0.0,-77.0
1777889258.4413323,6.0,0.0,-79.0
1777889258.4513323,7.0,-4.0,-81.0
1777889258.4613323,0.0,-4.0,-79.0
1777889258.4713323,0.0,-6.0,-77.0
1777889258.4813323,-2.0,-3.0,-78.0
1777889258.4913323,1.0,1.0,-80.0
1777889258.5013323,1.0,0.0,-81.0
1777889258.5113325,0.0,2.0,-83.0
1777889258.5213325,-4.0,0.0,-81.0
1777889258.5313325,-2.0,1.0,-78.0
1777889258.5413325,0.0,0.0,-80.0
1777889258.5513325,-1.0,2.0,-83.0
1777889258.5613325,0.0,1.0,-81.0
1777889258.5713325,0.0,-4.0,-82.0
1777889258.5813324,2.0,-4.0,-80.0
1777889258.5913324,1.0,-4.0,-71.0
1777889258.6013324,0.0,-4.0,-72.0
1777889258.6113324,3.0,-2.0,-75.0
1777889258.6213324,0.0,2.0,-72.0
1777889258.6313324,0.0,0.0,-78.0
1777889258.6413324,4.0,0.0,-77.0
1777889258.6513324,5.0,0.0,-78.0
1777889258.6613324,7.0,-3.0,-73.0
1777889258.6713324,5.0,-1.0,-68.0
1777889258.6813323,2.0,0.0,-63.0
1777889258.6913323,-3.0,2.0,-65.0
1777889258.7013323,-3.0,7.0,-67.0
1777889258.7113323,-3.0,7.0,-68.0
1777889258.7213323,1.0,3.0,-73.0
1777889258.7323325,1.0,4.0,-72.0
1777889258.7423325,-2.0,3.0,-71.0
1777889258.7523324,-3.0,5.0,-74.0
1777889258.7623324,-4.0,1.0,-70.0
1777889258.7723324,-3.0,5.0,-75.0
1777889258.7823324,0.0,4.0,-80.0
1777889258.7923324,0.0,3.0,-84.0
1777889258.8023324,3.0,4.0,-87.0
1777889258.8123324,-4.0,2.0,-81.0
1777889258.8223324,-3.0,-1.0,-72.0
1777889258.8323324,0.0,-1.0,-68.0
1777889258.8423324,-1.0,0.0,-71.0
1777889258.8523324,-2.0,-5.0,-72.0
1777889258.8623323,-3.0,-4.0,-73.0
1777889258.8723323,-4.0,-2.0,-66.0
1777889258.8823323,-2.0,0.0,-73.0
1777889258.8923323,-2.0,-5.0,-80.0
1777889258.9023323,-5.0,-9.0,-74.0
1777889258.9123323,-8.0,-5.0,-70.0
1777889258.9223323,-10.0,-2.0,-71.0
1777889258.9323325,-12.0,0.0,-75.0
1777889258.9423325,-8.0,-1.0,-77.0
1777889258.9523325,-4.0,0.0,-81.0
1777889258.9623325,-3.0,0.0,-83.0
1777889258.9723325,-6.0,-2.0,-84.0
1777889258.9823325,-1.0,0.0,-80.0
1777889258.9923325,-2.0,-4.0,-74.0
1777889259.0023324,2.0,-5.0,-72.0
1777889259.0123324,0.0,-3.0,-77.0
1777889259.0223324,0.0,-1.0,-73.0
1777889259.0323324,5.0,-4.0,-79.0
1777889259.0423324,9.0,-2.0,-86.0
1777889259.0523324,10.0,-4.0,-86.0
1777889259.0623324,7.0,-2.0,-85.0
1777889259.0723324,6.0,-1.0,-78.0
1777889259.0823324,6.0,-3.0,-81.0
1777889259.0923324,8.0,-1.0,-82.0
1777889259.1023324,6.0,1.0,-82.0
1777889259.1123323,3.0,3.0,-81.0
1777889259.1223323,1.0,5.0,-84.0
1777889259.1323323,0.0,5.0,-78.0
1777889259.1423323,-4.0,4.0,-76.0
1777889259.1523323,-3.0,5.0,-78.0
1777889259.1623323,-2.0,3.0,-75.0
1777889259.1723323,-2.0,0.0,-75.0
1777889259.1823325,-2.0,3.0,-76.0
1777889259.1923325,0.0,2.0,-80.0
1777889259.2023325,-4.0,0.0,-82.0
1777889259.2123325,-5.0,5.0,-77.0
1777889259.2223325,-8.0,2.0,-80.0
1777889259.2323325,-7.0,1.0,-80.0
1777889259.2423325,-3.0,0.0,-78.0
1777889259.2523324,1.0,0.0,-78.0
1777889259.2623324,1.0,-2.0,-78.0
1777889259.2723324,-1.0,-3.0,-75.0
1777889259.2823324,-1.0,-1.0,-70.0
1777889259.2923324,2.0,0.0,-74.0
1777889259.3023324,6.0,-2.0,-80.0
1777889259.3123324,5.0,-3.0,-78.0
1777889259.3223324,4.0,0.0,-79.0
1777889259.3323324,2.0,3.0,-87.0
1777889259.3423324,1.0,3.0,-80.0
1777889259.3523324,4.0,2.0,-82.0
1777889259.3623323,5.0,-1.0,-85.0
1777889259.3723323,3.0,0.0,-83.0
1777889259.3823323,4.0,0.0,-84.0
1777889259.3923323,4.0,0.0,-82.0
1777889259.4023323,3.0,-2.0,-82.0
1777889259.4123323,1.0,-2.0,-72.0
1777889259.4223323,1.0,-5.0,-71.0
1777889259.4323325,6.0,-4.0,-74.0
1777889259.4423325,6.0,0.0,-73.0
1777889259.4523325,5.0,3.0,-76.0
1777889259.4623325,3.0,6.0,-74.0
1777889259.4723325,1.0,9.0,-68.0
1777889259.4823325,0.0,4.0,-71.0
1777889259.4923325,-1.0,2.0,-75.0
1777889259.5023324,-5.0,3.0,-76.0
1777889259.5123324,-6.0,3.0,-75.0
1777889259.5223324,-5.0,8.0,-70.0
1777889259.5323324,-3.0,4.0,-70.0
1777889259.5423324,-4.0,1.0,-75.0
1777889259.5523324,0.0,1.0,-82.0
1777889259.5623324,-2.0,0.0,-88.0
1777889259.5723324,-2.0,0.0,-87.0
1777889259.5823324,-6.0,-1.0,-82.0
1777889259.5923324,-10.0,-3.0,-87.0
1777889259.6023324,-6.0,-3.0,-79.0
1777889259.6123323,-5.0,-4.0,-78.0
1777889259.6223323,-3.0,-5.0,-77.0
1777889259.6323323,-2.0,-1.0,-74.0
1777889259.6423323,-3.0,0.0,-72.0
1777889259.6523323,2.0,5.0,-72.0
1777889259.6623323,0.0,0.0,-74.0
1777889259.6723323,-2.0,-1.0,-78.0
1777889259.6823325,0.0,-5.0,-79.0
1777889259.6923325,-1.0,-4.0,-82.0
1777889259.7023325,0.0,-4.0,-77.0
1777889259.7123325,0.0,0.0,-80.0
1777889259.7223325,-1.0,1.0,-82.0
1777889259.7323325,-1.0,7.0,-75.0
1777889259.7423325,2.0,9.0,-73.0
1777889259.7523324,4.0,7.0,-75.0
1777889259.7623324,2.0,7.0,-78.0
1777889259.7723324,0.0,0.0,-81.0
1777889259.7823324,2.0,-4.0,-80.0
1777889259.7923324,8.0,-5.0,-84.0
1777889259.8023324,5.0,-5.0,-85.0
1777889259.8123324,6.0,-5.0,-78.0
1777889259.8223324,3.0,-8.0,-71.0
1777889259.8323324,6.0,-10.0,-69.0
1777889259.8423324,11.0,-5.0,-67.0
1777889259.8523324,8.0,-4.0,-75.0
1777889259.8623323,7.0,0.0,-70.0
1777889259.8723323,6.0,1.0,-76.0
1777889259.8823323,1.0,1.0,-69.0
1777889259.8923323,2.0,-3.0,-70.0
1777889259.9023323,4.0,-2.0,-68.0
1777889259.9123323,4.0,3.0,-65.0
1777889259.9223323,4.0,4.0,-69.0
1777889259.9323325,1.0,3.0,-72.0
1777889259.9423325,0.0,3.0,-75.0
1777889259.9523325,6.0,3.0,-71.0
1777889259.9623325,4.0,5.0,-75.0
1777889259.9723325,2.0,6.0,-75.0
1777889259.9823325,4.0,8.0,-72.0
1777889259.9923325,3.0,5.0,-65.0
1777889260.0023324,2.0,6.0,-71.0
1777889260.0123324,4.0,3.0,-71.0
1777889260.0223324,1.0,0.0,-74.0
1777889260.0323324,3.0,0.0,-75.0
1777889260.0423324,4.0,-2.0,-71.0
1777889260.0523324,4.0,-4.0,-67.0
1777889260.0623324,2.0,0.0,-73.0
1777889260.0723324,4.0,0.0,-72.0
1777889260.0823324,0.0,0.0,-76.0
1777889260.0923324,0.0,4.0,-74.0
1777889260.1023324,4.0,5.0,-72.0
1777889260.1123323,5.0,4.0,-75.0
1777889260.1223323,9.0,5.0,-72.0
1777889260.1323323,7.0,3.0,-72.0
1777889260.1423323,2.0,1.0,-66.0
1777889260.1523323,1.0,2.0,-68.0
1777889260.1623323,1.0,1.0,-71.0
1777889260.1723323,0.0,1.0,-77.0
1777889260.1823325,-1.0,0.0,-81.0
1777889260.1923325,0.0,-4.0,-69.0
1777889260.2023325,-1.0,-4.0,-65.0
1777889260.2123325,-3.0,-2.0,-69.0
1777889260.2223325,0.0,0.0,-69.0
1777889260.2323325,-4.0,1.0,-70.0
1777889260.2423325,0.0,-1.0,-69.0
1777889260.2523324,4.0,0.0,-69.0
1777889260.2623324,2.0,1.0,-68.0
1777889260.2723324,0.0,1.0,-64.0
1777889260.2823324,1.0,0.0,-71.0
1777889260.2923324,-2.0,0.0,-70.0
1777889260.3023324,0.0,2.0,-72.0
1777889260.3123324,0.0,0.0,-77.0
1777889260.3223324,2.0,-1.0,-85.0
1777889260.3323324,1.0,-3.0,-83.0
1777889260.3423324,-1.0,-2.0,-82.0
1777889260.3523324,-2.0,-5.0,-85.0
1777889260.3623323,0.0,-6.0,-89.0
1777889260.3723323,0.0,-5.0,-91.0
1777889260.3823323,-4.0,-5.0,-89.0
1777889260.3923323,0.0,-7.0,-91.0
1777889260.4023323,0.0,-8.0,-91.0
1777889260.4123323,0.0,-6.0,-83.0
1777889260.4223323,0.0,-3.0,-77.0
1777889260.4323325,4.0,-7.0,-76.0
1777889260.4423325,0.0,-9.0,-78.0
1777889260.4523325,0.0,-5.0,-81.0
1777889260.4623325,5.0,-6.0,-77.0
1777889260.4723325,2.0,-4.0,-78.0
1777889260.4823325,-2.0,0.0,-77.0
1777889260.4923325,-1.0,1.0,-82.0
1777889260.5023324,3.0,2.0,-85.0
1777889260.5123324,5.0,1.0,-89.0
1777889260.5223324,6.0,2.0,-82.0
1777889260.5323324,4.0,2.0,-83.0
1777889260.5423324,0.0,1.0,-85.0
1777889260.5523324,-6.0,1.0,-86.0
1777889260.5623324,-6.0,1.0,-82.0
1777889260.5723324,-6.0,0.0,-78.0
1777889260.5823324,-5.0,1.0,-77.0
1777889260.5923324,-2.0,1.0,-69.0
1777889260.6023324,-1.0,-4.0,-70.0
1777889260.6123323,1.0,-1.0,-69.0
1777889260.6223323,4.0,0.0,-77.0
1777889260.6323323,6.0,-3.0,-82.0
1777889260.6423323,4.0,-7.0,-78.0
1777889260.6533325,1.0,-9.0,-77.0
1777889260.6623323,-2.0,-3.0,-81.0
1777889260.6733325,1.0,-3.0,-83.0
1777889260.6823325,3.0,-4.0,-76.0
1777889260.6923325,1.0,0.0,-79.0
1777889260.7033324,0.0,2.0,-80.0
1777889260.7133324,-1.0,3.0,-82.0
1777889260.7233324,2.0,1.0,-75.0
1777889260.7333324,5.0,-1.0,-73.0
1777889260.7433324,5.0,1.0,-73.0
1777889260.7533324,6.0,2.0,-74.0
1777889260.7633324,6.0,4.0,-77.0
1777889260.7733324,4.0,2.0,-82.0
1777889260.7833323,2.0,4.0,-82.0
1777889260.7933323,2.0,5.0,-81.0
1777889260.8033323,4.0,6.0,-80.0
1777889260.8133323,1.0,6.0,-77.0
1777889260.8233323,-5.0,7.0,-70.0
1777889260.8333323,-6.0,5.0,-75.0
1777889260.8433323,-6.0,2.0,-74.0
1777889260.8533323,-8.0,-1.0,-76.0
1777889260.8633325,-9.0,0.0,-77.0
1777889260.8733325,-4.0,-2.0,-74.0
1777889260.8833325,-2.0,1.0,-74.0
1777889260.8933325,-1.0,2.0,-74.0
1777889260.9033325,-7.0,0.0,-88.0
1777889260.9133325,-5.0,0.0,-88.0
1777889260.9233325,-4.0,-1.0,-87.0
1777889260.9333324,-4.0,-1.0,-82.0
1777889260.9433324,-3.0,-1.0,-81.0
1777889260.9533324,2.0,1.0,-79.0
1777889260.9633324,3.0,-2.0,-75.0
1777889260.9733324,2.0,-3.0,-71.0
1777889260.9833324,8.0,-4.0,-72.0
1777889260.9933324,7.0,-2.0,-72.0
1777889261.0033324,8.0,-1.0,-77.0
1777889261.0133324,6.0,-1.0,-78.0
1777889261.0233324,0.0,0.0,-76.0
1777889261.0333323,-3.0,0.0,-73.0
1777889261.0433323,-3.0,3.0,-69.0
1777889261.0533323,-6.0,2.0,-66.0
1777889261.0633323,-5.0,2.0,-57.0
1777889261.0733323,-3.0,-3.0,-63.0
1777889261.0833323,-4.0,-1.0,-66.0
1777889261.0933323,-5.0,2.0,-66.0
1777889261.1033323,-5.0,0.0,-76.0
1777889261.1133325,-5.0,-5.0,-83.0
1777889261.1233325,-3.0,0.0,-92.0
1777889261.1333325,-6.0,2.0,-94.0
1777889261.1433325,-3.0,0.0,-92.0
1777889261.1533325,-1.0,4.0,-92.0
1777889261.1633325,-2.0,4.0,-88.0
1777889261.1733325,0.0,6.0,-80.0
1777889261.1833324,-1.0,2.0,-77.0
1777889261.1933324,4.0,0.0,-80.0
1777889261.2033324,0.0,1.0,-73.0
1777889261.2133324,1.0,1.0,-81.0
1777889261.2233324,4.0,0.0,-84.0
1777889261.2333324,1.0,-1.0,-82.0
1777889261.2443323,1.0,0.0,-88.0
1777889261.2533324,0.0,6.0,-83.0
1777889261.2633324,3.0,3.0,-76.0
1777889261.2733324,0.0,1.0,-69.0
1777889261.2833323,0.0,-2.0,-69.0
1777889261.2933323,0.0,0.0,-70.0
1777889261.3033323,-5.0,0.0,-75.0
1777889261.3133323,-4.0,-4.0,-83.0
1777889261.3233323,-3.0,-3.0,-82.0
1777889261.3333323,-3.0,0.0,-77.0
1777889261.3433323,-6.0,0.0,-75.0
1777889261.3533323,-2.0,-3.0,-74.0
1777889261.3633325,5.0,-2.0,-76.0
1777889261.3733325,5.0,-2.0,-73.0
1777889261.3833325,3.0,-6.0,-77.0
1777889261.3933325,3.0,-7.0,-78.0
1777889261.4033325,6.0,-4.0,-75.0
1777889261.4133325,3.0,-2.0,-79.0
1777889261.4233325,4.0,0.0,-85.0
1777889261.4333324,4.0,0.0,-87.0
1777889261.4433324,3.0,4.0,-84.0
1777889261.4533324,2.0,5.0,-79.0
1777889261.4633324,2.0,4.0,-76.0
1777889261.4733324,0.0,2.0,-77.0
1777889261.4833324,1.0,0.0,-80.0
1777889261.4933324,6.0,2.0,-74.0
1777889261.5033324,7.0,0.0,-75.0
1777889261.5133324,8.0,4.0,-74.0
1777889261.5233324,4.0,4.0,-70.0
1777889261.5333323,3.0,1.0,-67.0
1777889261.5433323,3.0,-2.0,-71.0
1777889261.5533323,3.0,-4.0,-78.0
1777889261.5633323,0.0,-3.0,-73.0
1777889261.5733323,1.0,2.0,-76.0
1777889261.5833323,-1.0,3.0,-76.0
1777889261.5933323,1.0,1.0,-77.0
1777889261.6033323,3.0,2.0,-79.0
1777889261.6133325,1.0,-2.0,-79.0
1777889261.6233325,0.0,0.0,-81.0
1777889261.6333325,-4.0,3.0,-84.0
1777889261.6433325,-7.0,3.0,-82.0
1777889261.6533325,-7.0,1.0,-86.0
1777889261.6633325,-4.0,0.0,-81.0
1777889261.6733325,-7.0,-3.0,-72.0
1777889261.6833324,-5.0,-1.0,-70.0
1777889261.6933324,-1.0,0.0,-65.0
1777889261.7033324,-1.0,2.0,-66.0
1777889261.7133324,-1.0,2.0,-73.0
1777889261.7233324,0.0,0.0,-82.0
1777889261.7333324,-1.0,-1.0,-81.0
1777889261.7433324,1.0,0.0,-83.0
1777889261.7533324,6.0,-6.0,-84.0
1777889261.7633324,7.0,-6.0,-82.0
1777889261.7733324,3.0,-2.0,-82.0
1777889261.7833323,0.0,1.0,-75.0
1777889261.7933323,0.0,0.0,-75.0
1777889261.8033323,5.0,0.0,-76.0
1777889261.8133323,5.0,0.0,-82.0
1777889261.8233323,6.0,4.0,-80.0
1777889261.8333323,-2.0,0.0,-75.0
1777889261.8433323,-3.0,-5.0,-74.0
1777889261.8533323,-1.0,-3.0,-72.0
1777889261.8633325,0.0,-3.0,-71.0
1777889261.8733325,-2.0,-1.0,-72.0
1777889261.8833325,-4.0,0.0,-75.0
1777889261.8933325,-1.0,-4.0,-78.0
1777889261.9033325,-3.0,-4.0,-77.0
1777889261.9133325,-5.0,-4.0,-82.0
1777889261.9233325,-3.0,-2.0,-80.0
1777889261.9333324,-2.0,-2.0,-83.0
1777889261.9433324,-3.0,-5.0,-80.0
1777889261.9533324,-2.0,-1.0,-80.0
1777889261.9633324,-1.0,-4.0,-71.0
1777889261.9733324,0.0,-1.0,-74.0
1777889261.9833324,-3.0,0.0,-80.0
1777889261.9933324,-5.0,2.0,-74.0
1777889262.0033324,-2.0,2.0,-69.0
1777889262.0133324,-2.0,-5.0,-70.0
1777889262.0233324,-1.0,-6.0,-69.0
1777889262.0333323,0.0,-4.0,-69.0
1777889262.0433323,2.0,-3.0,-74.0
1777889262.0533323,4.0,0.0,-72.0
1777889262.0633323,1.0,5.0,-73.0
1777889262.0733323,2.0,0.0,-79.0
1777889262.0833323,-5.0,3.0,-84.0
1777889262.0933323,-9.0,6.0,-85.0
1777889262.1033323,-4.0,9.0,-87.0
1777889262.1133325,-1.0,9.0,-93.0
1777889262.1233325,2.0,5.0,-96.0
1777889262.1333325,0.0,3.0,-88.0
1777889262.1433325,1.0,1.0,-86.0
1777889262.1533325,4.0,0.0,-80.0
1777889262.1633325,5.0,1.0,-81.0
1777889262.1733325,2.0,1.0,-82.0
1777889262.1833324,1.0,1.0,-79.0
1777889262.1933324,3.0,0.0,-77.0
1777889262.2033324,1.0,2.0,-78.0
1777889262.2133324,2.0,-1.0,-78.0
1777889262.2233324,0.0,0.0,-81.0
1777889262.2333324,0.0,-5.0,-84.0
1777889262.2433324,-2.0,-7.0,-83.0
1777889262.2533324,-2.0,-7.0,-90.0
1777889262.2633324,-9.0,-4.0,-82.0
1777889262.2733324,-4.0,-4.0,-74.0
1777889262.2833323,-5.0,-3.0,-74.0
1777889262.2933323,-3.0,-1.0,-74.0
1777889262.3033323,0.0,1.0,-74.0
1777889262.3133323,5.0,2.0,-75.0
1777889262.3233323,7.0,0.0,-72.0
1777889262.3333323,3.0,-3.0,-72.0
1777889262.3433323,-2.0,-3.0,-70.0
1777889262.3533323,0.0,-3.0,-73.0
1777889262.3633325,-2.0,-6.0,-79.0
1777889262.3733325,-3.0,-4.0,-77.0
1777889262.3833325,-2.0,-4.0,-72.0
1777889262.3933325,1.0,-6.0,-72.0
1777889262.4033325,2.0,-1.0,-73.0
1777889262.4133325,-2.0,3.0,-75.0
1777889262.4233325,0.0,-2.0,-71.0
1777889262.4333324,1.0,-5.0,-67.0
1777889262.4433324,2.0,-3.0,-72.0
1777889262.4533324,0.0,-3.0,-75.0
1777889262.4633324,1.0,1.0,-72.0
1777889262.4733324,-2.0,-3.0,-74.0
1777889262.4833324,-1.0,-2.0,-77.0
1777889262.4933324,0.0,-5.0,-81.0
1777889262.5033324,-1.0,-3.0,-88.0
1777889262.5133324,-2.0,-2.0,-84.0
1777889262.5233324,2.0,0.0,-87.0
1777889262.5333323,3.0,0.0,-86.0
1777889262.5433323,9.0,-2.0,-80.0
1777889262.5533323,7.0,-2.0,-82.0
1777889262.5633323,2.0,-1.0,-76.0
1777889262.5733323,0.0,-3.0,-75.0
1777889262.5833323,-3.0,-5.0,-74.0
1777889262.5933323,-5.0,0.0,-76.0
1777889262.6033323,-7.0,0.0,-77.0
1777889262.6133325,-8.0,1.0,-73.0
1777889262.6233325,-1.0,4.0,-72.0
1777889262.6333325,2.0,0.0,-73.0
1777889262.6443324,3.0,2.0,-72.0
1777889262.6533325,4.0,2.0,-69.0
1777889262.6633325,6.0,0.0,-76.0
1777889262.6743324,3.0,-2.0,-74.0
1777889262.6843324,1.0,-2.0,-76.0
1777889262.6943324,0.0,-3.0,-73.0
1777889262.7043324,0.0,0.0,-72.0
1777889262.7143323,4.0,1.0,-79.0
1777889262.7243323,2.0,0.0,-77.0
1777889262.7343323,3.0,-1.0,-75.0
1777889262.7443323,8.0,0.0,-72.0
1777889262.7543323,9.0,0.0,-77.0
1777889262.7643323,3.0,2.0,-82.0
1777889262.7743323,5.0,3.0,-81.0
1777889262.7843325,4.0,3.0,-81.0
1777889262.7943325,3.0,1.0,-82.0
1777889262.8043325,0.0,0.0,-88.0
1777889262.8143325,-2.0,0.0,-88.0
1777889262.8243325,-1.0,-2.0,-83.0
1777889262.8343325,0.0,-2.0,-79.0
1777889262.8443325,3.0,-4.0,-73.0
1777889262.8543324,4.0,0.0,-78.0
1777889262.8643324,2.0,-4.0,-78.0
1777889262.8743324,0.0,0.0,-73.0
1777889262.8843324,-4.0,-1.0,-64.0
1777889262.8943324,0.0,0.0,-65.0
1777889262.9043324,-1.0,0.0,-66.0
1777889262.9143324,-1.0,-2.0,-72.0
1777889262.9243324,1.0,1.0,-78.0
1777889262.9343324,-1.0,1.0,-78.0
1777889262.9443324,-7.0,2.0,-76.0
1777889262.9543324,-6.0,0.0,-77.0
1777889262.9643323,-5.0,-1.0,-88.0
1777889262.9743323,-1.0,0.0,-91.0
1777889262.9843323,0.0,0.0,-86.0
1777889262.9943323,4.0,0.0,-88.0
1777889263.0043323,3.0,0.0,-85.0
1777889263.0143323,0.0,5.0,-85.0
1777889263.0243323,0.0,3.0,-82.0
1777889263.0343325,4.0,3.0,-84.0
1777889263.0443325,3.0,1.0,-83.0
1777889263.0543325,4.0,0.0,-85.0
1777889263.0643325,1.0,0.0,-83.0
1777889263.0743325,4.0,2.0,-81.0
1777889263.0843325,0.0,3.0,-77.0
1777889263.0943325,0.0,6.0,-71.0
1777889263.1043324,-2.0,4.0,-71.0
1777889263.1143324,-4.0,1.0,-66.0
1777889263.1243324,0.0,0.0,-67.0
1777889263.1343324,1.0,0.0,-68.0
1777889263.1443324,2.0,-1.0,-74.0
1777889263.1543324,3.0,0.0,-78.0
1777889263.1643324,0.0,0.0,-78.0
1777889263.1743324,-1.0,-2.0,-77.0
1777889263.1843324,-2.0,-1.0,-74.0
1777889263.1943324,-1.0,-5.0,-79.0
1777889263.2043324,-1.0,-4.0,-76.0
1777889263.2143323,-1.0,-2.0,-79.0
1777889263.2243323,-1.0,0.0,-81.0
1777889263.2343323,0.0,3.0,-78.0
1777889263.2443323,1.0,5.0,-84.0
1777889263.2543323,5.0,8.0,-84.0
1777889263.2643323,5.0,4.0,-88.0
1777889263.2743323,4.0,3.0,-84.0
1777889263.2843325,11.0,0.0,-78.0
1777889263.2943325,9.0,-4.0,-78.0
1777889263.3043325,8.0,-8.0,-77.0
1777889263.3143325,3.0,-5.0,-75.0
1777889263.3243325,5.0,-6.0,-72.0
1777889263.3343325,2.0,-9.0,-75.0
1777889263.3443325,0.0,-6.0,-82.0
1777889263.3543324,2.0,-2.0,-83.0
1777889263.3643324,1.0,-1.0,-76.0
1777889263.3743324,5.0,-1.0,-71.0
1777889263.3843324,8.0,0.0,-71.0
1777889263.3943324,13.0,0.0,-72.0
1777889263.4043324,12.0,3.0,-66.0
1777889263.4143324,10.0,5.0,-72.0
1777889263.4243324,8.0,4.0,-75.0
1777889263.4343324,9.0,-1.0,-76.0
1777889263.4443324,8.0,-3.0,-76.0
1777889263.4543324,9.0,0.0,-78.0
1777889263.4643323,7.0,1.0,-79.0
1777889263.4743323,8.0,0.0,-75.0
1777889263.4843323,7.0,0.0,-77.0
1777889263.4943323,2.0,0.0,-78.0
1777889263.5043323,1.0,3.0,-83.0
1777889263.5143323,3.0,3.0,-80.0
1777889263.5243323,-1.0,3.0,-72.0
1777889263.5343325,-6.0,1.0,-82.0
1777889263.5443325,-5.0,0.0,-82.0
1777889263.5543325,-5.0,0.0,-80.0
1777889263.5643325,-1.0,1.0,-75.0
1777889263.5743325,2.0,3.0,-73.0
1777889263.5843325,0.0,9.0,-70.0
1777889263.5943325,-3.0,9.0,-76.0
1777889263.6043324,-4.0,7.0,-76.0
1777889263.6143324,-6.0,6.0,-75.0
1777889263.6243324,-5.0,7.0,-76.0
1777889263.6343324,-5.0,3.0,-81.0
1777889263.6443324,-5.0,2.0,-81.0
1777889263.6543324,-1.0,3.0,-80.0
1777889263.6643324,-2.0,5.0,-79.0
1777889263.6743324,0.0,2.0,-71.0
1777889263.6843324,4.0,0.0,-73.0
1777889263.6943324,5.0,2.0,-79.0
1777889263.7043324,1.0,0.0,-75.0
1777889263.7143323,-2.0,-3.0,-78.0
1777889263.7243323,-5.0,-6.0,-72.0
1777889263.7343323,-3.0,-6.0,-70.0
1777889263.7443323,2.0,-6.0,-67.0
1777889263.7543323,2.0,-5.0,-63.0
1777889263.7643323,3.0,-5.0,-64.0
1777889263.7743323,1.0,-2.0,-64.0
1777889263.7843325,6.0,0.0,-65.0
1777889263.7943325,4.0,3.0,-62.0
1777889263.8043325,0.0,3.0,-67.0
1777889263.8143325,1.0,7.0,-63.0
1777889263.8243325,-2.0,12.0,-62.0
1777889263.8343325,0.0,16.0,-72.0
1777889263.8443325,5.0,14.0,-71.0
1777889263.8543324,5.0,10.0,-77.0
1777889263.8643324,9.0,9.0,-71.0
1777889263.8743324,9.0,5.0,-79.0
1777889263.8843324,7.0,8.0,-77.0
1777889263.8943324,6.0,3.0,-74.0
1777889263.9043324,8.0,2.0,-72.0
1777889263.9143324,3.0,6.0,-72.0
1777889263.9243324,1.0,4.0,-66.0
1777889263.9343324,0.0,4.0,-65.0
1777889263.9443324,0.0,4.0,-62.0
1777889263.9543324,0.0,5.0,-64.0
1777889263.9643323,2.0,8.0,-70.0
1777889263.9743323,3.0,6.0,-70.0
1777889263.9843323,5.0,4.0,-69.0
1777889263.9943323,10.0,2.0,-74.0
1777889264.0043323,12.0,6.0,-75.0
1777889264.0143323,10.0,4.0,-78.0
1777889264.0243323,7.0,3.0,-74.0
1777889264.0343325,5.0,2.0,-77.0
1777889264.0443325,0.0,3.0,-79.0
1777889264.0543325,0.0,2.0,-76.0
1777889264.0643325,1.0,0.0,-75.0
1777889264.0743325,2.0,-1.0,-76.0
1777889264.0843325,4.0,-1.0,-78.0
1777889264.0943325,1.0,-2.0,-73.0
1777889264.1043324,2.0,-3.0,-69.0
1777889264.1143324,-1.0,-3.0,-71.0
1777889264.1243324,0.0,-8.0,-66.0
1777889264.1343324,2.0,-11.0,-71.0
1777889264.1443324,4.0,-5.0,-75.0
1777889264.1543324,2.0,-2.0,-64.0
1777889264.1643324,5.0,5.0,-63.0
1777889264.1743324,3.0,2.0,-70.0
1777889264.1843324,0.0,0.0,-73.0
1777889264.1943324,-1.0,0.0,-73.0
1777889264.2043324,-1.0,1.0,-68.0
1777889264.2143323,-1.0,0.0,-71.0
1777889264.2243323,0.0,1.0,-74.0
1777889264.2343323,0.0,-1.0,-77.0
1777889264.2443323,0.0,-2.0,-76.0
1777889264.2543323,-4.0,0.0,-71.0
1777889264.2643323,-3.0,1.0,-71.0
1777889264.2743323,-3.0,1.0,-75.0
1777889264.2843325,-3.0,0.0,-80.0
1777889264.2943325,-2.0,-1.0,-81.0
1777889264.3043325,0.0,-1.0,-81.0
1777889264.3143325,5.0,0.0,-81.0
1777889264.3243325,8.0,-4.0,-80.0
1777889264.3343325,1.0,-2.0,-78.0
1777889264.3443325,3.0,-5.0,-84.0
1777889264.3543324,3.0,-3.0,-83.0
1777889264.3643324,1.0,-2.0,-86.0
1777889264.3743324,1.0,-2.0,-84.0
1777889264.3843324,1.0,2.0,-85.0
1777889264.3943324,3.0,5.0,-79.0
1777889264.4043324,3.0,5.0,-76.0
1777889264.4143324,2.0,6.0,-79.0
1777889264.4243324,0.0,5.0,-79.0
1777889264.4343324,1.0,3.0,-79.0
1777889264.4443324,3.0,1.0,-75.0
1777889264.4543324,3.0,-1.0,-70.0
1777889264.4643323,0.0,0.0,-70.0
1777889264.4743323,0.0,0.0,-71.0
1777889264.4843323,2.0,0.0,-73.0
1777889264.4943323,1.0,0.0,-65.0
1777889264.5043323,2.0,-3.0,-64.0
1777889264.5143323,5.0,-4.0,-70.0
1777889264.5243323,10.0,0.0,-76.0
1777889264.5343325,11.0,-1.0,-78.0
1777889264.5443325,6.0,-1.0,-79.0
1777889264.5543325,4.0,0.0,-78.0
1777889264.5643325,0.0,-2.0,-75.0
1777889264.5743325,-2.0,-2.0,-75.0
1777889264.5843325,4.0,-3.0,-77.0
1777889264.5943325,4.0,0.0,-81.0
1777889264.6043324,-1.0,0.0,-79.0
1777889264.6143324,0.0,1.0,-77.0
1777889264.6243324,1.0,0.0,-74.0
1777889264.6343324,0.0,-1.0,-78.0
1777889264.6453323,0.0,-2.0,-81.0
1777889264.6543324,-2.0,-2.0,-75.0
1777889264.6653323,-7.0,0.0,-73.0
1777889264.6753323,-8.0,0.0,-68.0
1777889264.6853323,-11.0,0.0,-68.0
1777889264.6953323,-9.0,-1.0,-73.0
1777889264.7053325,-3.0,0.0,-69.0
1777889264.7153325,0.0,0.0,-70.0
1777889264.7253325,-1.0,-1.0,-63.0
1777889264.7353325,-3.0,1.0,-64.0
1777889264.7453325,0.0,-1.0,-63.0
1777889264.7553325,-2.0,-1.0,-67.0
1777889264.7653325,-5.0,-3.0,-74.0
1777889264.7753325,-8.0,-2.0,-73.0
1777889264.7853324,-4.0,1.0,-67.0
1777889264.7953324,-5.0,3.0,-68.0
1777889264.8053324,-5.0,5.0,-72.0
1777889264.8153324,-6.0,3.0,-82.0
1777889264.8253324,-2.0,0.0,-84.0
1777889264.8353324,1.0,-3.0,-77.0
1777889264.8453324,0.0,-2.0,-71.0
1777889264.8553324,0.0,1.0,-75.0
1777889264.8653324,-2.0,-1.0,-85.0
1777889264.8753324,-4.0,0.0,-85.0
1777889264.8853323,-5.0,-1.0,-81.0
1777889264.8953323,-5.0,-2.0,-75.0
1777889264.9053323,0.0,-1.0,-76.0
1777889264.9153323,0.0,-5.0,-78.0
1777889264.9253323,3.0,-4.0,-75.0
1777889264.9353323,2.0,-7.0,-76.0
1777889264.9453323,2.0,-3.0,-77.0
1777889264.9553325,0.0,-2.0,-76.0
1777889264.9653325,-1.0,-5.0,-75.0
1777889264.9753325,-3.0,-4.0,-73.0
1777889264.9853325,-2.0,-2.0,-78.0
1777889264.9953325,-1.0,0.0,-83.0
1777889265.0053325,1.0,-1.0,-75.0
1777889265.0153325,2.0,1.0,-68.0
1777889265.0253325,3.0,0.0,-69.0
1777889265.0353324,9.0,0.0,-72.0
1777889265.0453324,8.0,2.0,-77.0
1777889265.0553324,3.0,3.0,-78.0
1777889265.0653324,3.0,2.0,-80.0
1777889265.0753324,-5.0,1.0,-78.0
1777889265.0853324,0.0,7.0,-77.0
1777889265.0953324,4.0,7.0,-74.0
1777889265.1053324,2.0,6.0,-79.0
1777889265.1153324,2.0,5.0,-77.0
1777889265.1253324,2.0,4.0,-70.0
1777889265.1353323,2.0,3.0,-76.0
1777889265.1453323,3.0,-1.0,-81.0
1777889265.1553323,0.0,-2.0,-80.0
1777889265.1653323,0.0,-3.0,-77.0
1777889265.1753323,-1.0,-5.0,-81.0
1777889265.1853323,2.0,-5.0,-74.0
1777889265.1953323,1.0,-4.0,-78.0
1777889265.2053325,-3.0,-5.0,-73.0
1777889265.2153325,-3.0,-7.0,-75.0
1777889265.2253325,-3.0,-4.0,-81.0
1777889265.2353325,-1.0,-2.0,-75.0
1777889265.2453325,-1.0,-2.0,-73.0
1777889265.2553325,0.0,-5.0,-75.0
1777889265.2653325,1.0,-5.0,-81.0
1777889265.2753325,1.0,-4.0,-77.0
1777889265.2853324,1.0,-5.0,-71.0
1777889265.2953324,3.0,-5.0,-73.0
1777889265.3053324,3.0,-7.0,-80.0
1777889265.3153324,1.0,-5.0,-81.0
1777889265.3253324,4.0,-3.0,-75.0
1777889265.3353324,4.0,-1.0,-79.0
1777889265.3453324,2.0,-1.0,-82.0
1777889265.3553324,2.0,0.0,-77.0
1777889265.3653324,1.0,1.0,-79.0
1777889265.3753324,1.0,3.0,-72.0
1777889265.3853323,-2.0,2.0,-82.0
1777889265.3953323,-2.0,-2.0,-85.0
1777889265.4053323,1.0,0.0,-83.0
1777889265.4153323,2.0,0.0,-81.0
1777889265.4253323,2.0,1.0,-74.0
1777889265.4353323,0.0,0.0,-76.0
1777889265.4453323,0.0,2.0,-72.0
1777889265.4553325,0.0,-2.0,-74.0
1777889265.4653325,2.0,-8.0,-75.0
1777889265.4753325,4.0,-7.0,-84.0
1777889265.4853325,2.0,-8.0,-88.0
1777889265.4953325,0.0,-4.0,-88.0
1777889265.5053325,5.0,-6.0,-85.0
1777889265.5153325,3.0,-8.0,-79.0
1777889265.5253325,7.0,-10.0,-75.0
1777889265.5353324,5.0,-5.0,-77.0
1777889265.5453324,5.0,-3.0,-84.0
1777889265.5553324,-4.0,-3.0,-86.0
1777889265.5653324,-2.0,-3.0,-83.0
1777889265.5753324,1.0,-3.0,-85.0
1777889265.5853324,3.0,-5.0,-90.0
1777889265.5953324,5.0,-5.0,-80.0
1777889265.6053324,1.0,-2.0,-79.0
1777889265.6153324,3.0,-1.0,-76.0
1777889265.6253324,4.0,0.0,-76.0
1777889265.6353323,4.0,0.0,-77.0
1777889265.6453323,0.0,0.0,-76.0
1777889265.6553323,-3.0,3.0,-78.0
1777889265.6653323,-1.0,3.0,-83.0
1777889265.6753323,0.0,-1.0,-79.0
1777889265.6853323,-5.0,-4.0,-82.0
1777889265.6953323,-4.0,0.0,-81.0
1777889265.7053325,3.0,3.0,-82.0
1777889265.7153325,3.0,4.0,-83.0
1777889265.7253325,6.0,5.0,-83.0
1777889265.7353325,8.0,2.0,-82.0
1777889265.7453325,4.0,3.0,-73.0
1777889265.7553325,4.0,3.0,-73.0
1777889265.7653325,4.0,5.0,-72.0
1777889265.7753325,2.0,1.0,-69.0
1777889265.7853324,5.0,-1.0,-68.0
1777889265.7953324,2.0,-3.0,-73.0
1777889265.8053324,5.0,-3.0,-81.0
1777889265.8153324,6.0,-5.0,-78.0
1777889265.8253324,7.0,-4.0,-82.0
1777889265.8353324,6.0,-2.0,-81.0
1777889265.8453324,9.0,-5.0,-74.0
1777889265.8553324,5.0,-1.0,-75.0
1777889265.8653324,6.0,-4.0,-71.0
1777889265.8753324,5.0,-3.0,-67.0
1777889265.8853323,8.0,-2.0,-60.0
1777889265.8953323,7.0,0.0,-61.0
1777889265.9053323,10.0,2.0,-67.0
1777889265.9153323,12.0,1.0,-69.0
1777889265.9253323,11.0,0.0,-74.0
1777889265.9353323,7.0,-1.0,-68.0
1777889265.9453323,7.0,-1.0,-81.0
1777889265.9553325,0.0,-4.0,-75.0
1777889265.9653325,-4.0,-5.0,-68.0
1777889265.9753325,0.0,-2.0,-69.0
1777889265.9853325,1.0,-3.0,-68.0
1777889265.9953325,-1.0,-6.0,-69.0
1777889266.0053325,-2.0,-4.0,-76.0
1777889266.0153325,0.0,0.0,-78.0
1777889266.0253325,1.0,-5.0,-80.0
1777889266.0353324,3.0,-7.0,-78.0
1777889266.0453324,2.0,-6.0,-79.0
1777889266.0553324,1.0,-4.0,-81.0
1777889266.0653324,4.0,-9.0,-77.0
1777889266.0753324,3.0,-3.0,-76.0
1777889266.0853324,0.0,-2.0,-69.0
1777889266.0953324,-2.0,0.0,-64.0
1777889266.1053324,5.0,2.0,-66.0
1777889266.1153324,3.0,4.0,-64.0
1777889266.1253324,1.0,0.0,-62.0
1777889266.1353323,2.0,-2.0,-62.0
1777889266.1453323,1.0,-6.0,-63.0
1777889266.1553323,0.0,-8.0,-66.0
1777889266.1653323,0.0,-8.0,-70.0
1777889266.1753323,1.0,-9.0,-69.0
1777889266.1853323,1.0,-5.0,-68.0
1777889266.1953323,4.0,-4.0,-67.0
1777889266.2053325,2.0,-3.0,-74.0
1777889266.2153325,-2.0,-3.0,-74.0
1777889266.2253325,-4.0,-9.0,-72.0
1777889266.2353325,-3.0,-10.0,-78.0
1777889266.2453325,-2.0,-5.0,-78.0
1777889266.2553325,-7.0,-4.0,-79.0
1777889266.2653325,-9.0,-1.0,-84.0
1777889266.2753325,-7.0,4.0,-81.0
1777889266.2853324,-4.0,8.0,-74.0
1777889266.2953324,-2.0,9.0,-69.0
1777889266.3053324,-3.0,8.0,-75.0
1777889266.3153324,-4.0,5.0,-77.0
1777889266.3253324,-5.0,3.0,-75.0
1777889266.3353324,-3.0,1.0,-73.0
1777889266.3453324,0.0,-1.0,-71.0
1777889266.3553324,0.0,-2.0,-74.0
1777889266.3653324,4.0,0.0,-75.0
1777889266.3753324,4.0,-1.0,-74.0
1777889266.3853323,3.0,0.0,-78.0
1777889266.3953323,1.0,-1.0,-84.0
1777889266.4053323,-1.0,0.0,-85.0
1777889266.4153323,2.0,0.0,-85.0
1777889266.4253323,2.0,-1.0,-87.0
1777889266.4353323,0.0,0.0,-85.0
1777889266.4453323,-3.0,0.0,-87.0
1777889266.4553325,-3.0,1.0,-85.0
1777889266.4653325,0.0,-1.0,-79.0
1777889266.4753325,3.0,-2.0,-85.0
1777889266.4853325,2.0,-1.0,-82.0
1777889266.4953325,1.0,1.0,-80.0
1777889266.5053325,1.0,0.0,-78.0
1777889266.5153325,-2.0,0.0,-80.0
1777889266.5253325,1.0,2.0,-84.0
1777889266.5353324,0.0,0.0,-88.0
1777889266.5453324,-2.0,0.0,-97.0
1777889266.5553324,-5.0,1.0,-97.0
1777889266.5653324,-1.0,3.0,-94.0
1777889266.5753324,0.0,0.0,-86.0
1777889266.5863323,1.0,-1.0,-87.0
1777889266.5963323,0.0,-2.0,-87.0
1777889266.6063323,1.0,0.0,-80.0
1777889266.6163323,3.0,0.0,-75.0
1777889266.6253324,4.0,0.0,-71.0
1777889266.6363325,1.0,0.0,-75.0
1777889266.6463325,-2.0,0.0,-80.0
1777889266.6563325,-3.0,-4.0,-76.0
1777889266.6663325,0.0,0.0,-76.0
1777889266.6763325,5.0,1.0,-75.0
1777889266.6863325,4.0,0.0,-70.0
1777889266.6963325,5.0,0.0,-66.0
1777889266.7063324,7.0,0.0,-68.0
1777889266.7163324,-2.0,2.0,-65.0
1777889266.7263324,-3.0,1.0,-74.0
1777889266.7363324,-7.0,-1.0,-76.0
1777889266.7463324,-7.0,-3.0,-79.0
1777889266.7563324,-5.0,-5.0,-81.0
1777889266.7663324,-2.0,-4.0,-85.0
1777889266.7763324,0.0,-1.0,-81.0
1777889266.7863324,4.0,0.0,-72.0
1777889266.7963324,6.0,-2.0,-75.0
1777889266.8063323,2.0,-5.0,-70.0
1777889266.8163323,-3.0,-3.0,-64.0
1777889266.8263323,0.0,-3.0,-66.0
1777889266.8363323,1.0,-1.0,-65.0
1777889266.8463323,-2.0,2.0,-75.0
1777889266.8563323,-3.0,0.0,-77.0
1777889266.8663323,4.0,0.0,-78.0
1777889266.8763323,4.0,3.0,-77.0
1777889266.8863325,2.0,2.0,-80.0
1777889266.8963325,0.0,4.0,-81.0
1777889266.9063325,-1.0,1.0,-77.0
1777889266.9163325,0.0,3.0,-80.0
1777889266.9263325,4.0,4.0,-80.0
1777889266.9363325,3.0,2.0,-81.0
1777889266.9463325,4.0,-1.0,-79.0
1777889266.9563324,1.0,1.0,-75.0
1777889266.9663324,3.0,-2.0,-72.0
1777889266.9763324,0.0,0.0,-72.0
1777889266.9863324,1.0,-2.0,-70.0
1777889266.9963324,-1.0,-2.0,-67.0
1777889267.0063324,-1.0,-2.0,-79.0
1777889267.0163324,2.0,0.0,-81.0
1777889267.0263324,0.0,-1.0,-80.0
1777889267.0363324,-3.0,-1.0,-78.0
1777889267.0463324,-3.0,-2.0,-79.0
1777889267.0563323,-5.0,2.0,-75.0
1777889267.0663323,-4.0,0.0,-68.0
1777889267.0763323,-4.0,-5.0,-61.0
1777889267.0863323,-3.0,-6.0,-62.0
1777889267.0963323,-1.0,-8.0,-56.0
1777889267.1063323,-7.0,-1.0,-63.0
1777889267.1163323,-6.0,-7.0,-70.0
1777889267.1263323,-5.0,-6.0,-76.0
1777889267.1363325,-5.0,-6.0,-81.0
1777889267.1463325,-5.0,-2.0,-87.0
1777889267.1563325,-1.0,0.0,-85.0
1777889267.1663325,0.0,-1.0,-81.0
1777889267.1763325,0.0,0.0,-77.0
1777889267.1863325,7.0,2.0,-75.0
1777889267.1963325,6.0,-2.0,-73.0
1777889267.2063324,5.0,1.0,-70.0
1777889267.2163324,0.0,1.0,-70.0
1777889267.2263324,-2.0,2.0,-72.0
1777889267.2363324,0.0,4.0,-69.0
1777889267.2463324,-2.0,3.0,-77.0
1777889267.2563324,-3.0,4.0,-73.0
1777889267.2663324,-4.0,4.0,-75.0
1777889267.2763324,-5.0,6.0,-76.0
1777889267.2863324,-1.0,1.0,-78.0
1777889267.2963324,3.0,0.0,-80.0
1777889267.3063323,1.0,0.0,-85.0
1777889267.3163323,2.0,0.0,-85.0
1777889267.3263323,-1.0,-3.0,-82.0
1777889267.3363323,-1.0,-1.0,-78.0
1777889267.3463323,-3.0,-4.0,-82.0
1777889267.3563323,-2.0,-6.0,-87.0
1777889267.3663323,-1.0,-3.0,-85.0
1777889267.3763323,-4.0,-4.0,-77.0
1777889267.3863325,-2.0,-2.0,-67.0
1777889267.3963325,0.0,-1.0,-71.0
1777889267.4063325,1.0,-1.0,-81.0
1777889267.4163325,-2.0,-3.0,-86.0
1777889267.4263325,-2.0,0.0,-82.0
1777889267.4363325,-3.0,0.0,-79.0
1777889267.4463325,-4.0,0.0,-72.0
1777889267.4563324,-2.0,0.0,-64.0
1777889267.4663324,-3.0,1.0,-66.0
1777889267.4763324,-2.0,0.0,-63.0
1777889267.4863324,-2.0,0.0,-64.0
1777889267.4963324,-3.0,1.0,-66.0
1777889267.5063324,-1.0,4.0,-66.0
1777889267.5163324,2.0,8.0,-64.0
1777889267.5263324,2.0,3.0,-64.0
1777889267.5363324,2.0,2.0,-65.0
1777889267.5463324,0.0,1.0,-74.0
1777889267.5563323,0.0,-1.0,-80.0
1777889267.5663323,1.0,0.0,-80.0
1777889267.5763323,9.0,0.0,-77.0
1777889267.5863323,3.0,0.0,-82.0
1777889267.5963323,0.0,2.0,-80.0
1777889267.6063323,-1.0,1.0,-86.0
1777889267.6163323,1.0,-4.0,-86.0
1777889267.6263323,3.0,-3.0,-84.0
1777889267.6363325,3.0,-5.0,-79.0
1777889267.6463325,-1.0,0.0,-76.0
1777889267.6563325,5.0,0.0,-73.0
1777889267.6663325,9.0,3.0,-82.0
1777889267.6763325,6.0,3.0,-81.0
1777889267.6863325,3.0,0.0,-84.0
1777889267.6963325,3.0,0.0,-79.0
1777889267.7063324,0.0,2.0,-73.0
1777889267.7163324,-4.0,4.0,-71.0
1777889267.7263324,-5.0,3.0,-70.0
1777889267.7363324,-3.0,6.0,-72.0
1777889267.7463324,0.0,4.0,-79.0
1777889267.7563324,2.0,3.0,-77.0
1777889267.7663324,4.0,1.0,-74.0
1777889267.7763324,4.0,3.0,-81.0
1777889267.7863324,5.0,5.0,-86.0
1777889267.7963324,2.0,2.0,-82.0
1777889267.8063323,0.0,1.0,-80.0
1777889267.8163323,-5.0,0.0,-80.0
1777889267.8263323,-6.0,1.0,-82.0
1777889267.8363323,0.0,-1.0,-84.0
1777889267.8463323,-1.0,1.0,-87.0
1777889267.8563323,-4.0,5.0,-92.0
1777889267.8663323,-4.0,4.0,-88.0
1777889267.8763323,-2.0,-1.0,-77.0
1777889267.8863325,0.0,0.0,-83.0
1777889267.8963325,-4.0,0.0,-85.0
1777889267.9063325,-1.0,-4.0,-79.0
1777889267.9163325,-1.0,-5.0,-72.0
1777889267.9263325,1.0,-3.0,-73.0
1777889267.9363325,2.0,-8.0,-72.0
1777889267.9463325,3.0,-6.0,-79.0
1777889267.9563324,6.0,-6.0,-81.0
1777889267.9663324,4.0,-6.0,-77.0
1777889267.9763324,2.0,-3.0,-82.0
1777889267.9863324,4.0,0.0,-80.0
1777889267.9963324,2.0,1.0,-77.0
1777889268.0063324,3.0,-2.0,-73.0
1777889268.0163324,3.0,-3.0,-75.0
1777889268.0263324,0.0,-5.0,-71.0
1777889268.0363324,-1.0,-2.0,-74.0
1777889268.0463324,1.0,-3.0,-75.0
1777889268.0563323,4.0,0.0,-79.0
1777889268.0663323,1.0,-1.0,-74.0
1777889268.0763323,-5.0,-3.0,-72.0
1777889268.0863323,-3.0,-3.0,-73.0
1777889268.0963323,-3.0,-5.0,-77.0
1777889268.1063323,0.0,-5.0,-81.0
1777889268.1163323,2.0,-5.0,-75.0
1777889268.1263323,7.0,-7.0,-81.0
1777889268.1363325,4.0,-7.0,-83.0
1777889268.1463325,1.0,-6.0,-80.0
1777889268.1563325,2.0,-3.0,-72.0
1777889268.1663325,-2.0,-5.0,-66.0
1777889268.1763325,-3.0,-1.0,-72.0
1777889268.1863325,-2.0,0.0,-69.0
1777889268.1963325,0.0,0.0,-77.0
1777889268.2063324,3.0,0.0,-76.0
1777889268.2163324,6.0,0.0,-76.0
1777889268.2263324,7.0,-3.0,-75.0
1777889268.2363324,6.0,-4.0,-80.0
1777889268.2463324,5.0,-3.0,-77.0
1777889268.2563324,3.0,-3.0,-74.0
1777889268.2663324,2.0,-2.0,-66.0
1777889268.2763324,-1.0,-4.0,-64.0
1777889268.2863324,0.0,-5.0,-68.0
1777889268.2963324,2.0,-8.0,-70.0
1777889268.3063323,5.0,-7.0,-68.0
1777889268.3163323,3.0,-6.0,-68.0
1777889268.3263323,1.0,-7.0,-68.0
1777889268.3363323,-1.0,-2.0,-73.0
1777889268.3463323,0.0,0.0,-74.0
1777889268.3563323,0.0,-2.0,-79.0
1777889268.3663323,2.0,-3.0,-79.0
1777889268.3763323,4.0,-1.0,-81.0
1777889268.3863325,3.0,0.0,-81.0
1777889268.3963325,3.0,0.0,-81.0
1777889268.4063325,3.0,-3.0,-80.0
1777889268.4163325,0.0,-9.0,-78.0
1777889268.4263325,1.0,-6.0,-81.0
1777889268.4363325,4.0,-5.0,-79.0
1777889268.4463325,3.0,-4.0,-80.0
1777889268.4563324,3.0,-3.0,-74.0
1777889268.4663324,0.0,-5.0,-74.0
1777889268.4763324,-1.0,-7.0,-77.0
1777889268.4863324,1.0,-4.0,-64.0
1777889268.4963324,-1.0,-5.0,-61.0
1777889268.5063324,-1.0,-6.0,-65.0
1777889268.5163324,0.0,-4.0,-69.0
1777889268.5263324,0.0,-3.0,-75.0
1777889268.5363324,-1.0,-3.0,-80.0
1777889268.5463324,-3.0,-6.0,-81.0
1777889268.5563323,-3.0,-9.0,-72.0
1777889268.5663323,-3.0,-10.0,-70.0
1777889268.5763323,-2.0,-8.0,-68.0
1777889268.5863323,-2.0,-10.0,-72.0
1777889268.5973325,-1.0,-8.0,-69.0
1777889268.6063323,1.0,-3.0,-71.0
1777889268.6163323,3.0,-7.0,-73.0
1777889268.6273324,7.0,-6.0,-77.0
1777889268.6373324,9.0,-7.0,-80.0
1777889268.6473324,6.0,-4.0,-78.0
1777889268.6573324,3.0,-3.0,-76.0
1777889268.6673324,0.0,-5.0,-70.0
1777889268.6773324,5.0,-2.0,-71.0
1777889268.6873324,6.0,0.0,-75.0
1777889268.6973324,12.0,0.0,-80.0
1777889268.7073324,9.0,0.0,-79.0
1777889268.7173324,7.0,1.0,-80.0
1777889268.7273324,3.0,-1.0,-76.0
1777889268.7373323,2.0,-2.0,-73.0
1777889268.7473323,4.0,-2.0,-72.0
1777889268.7573323,1.0,-4.0,-73.0
1777889268.7673323,1.0,-7.0,-77.0
1777889268.7773323,4.0,-9.0,-73.0
1777889268.7873323,4.0,-10.0,-77.0
1777889268.7973323,2.0,-10.0,-77.0
1777889268.8073325,2.0,-7.0,-76.0
1777889268.8173325,6.0,-2.0,-70.0
1777889268.8273325,9.0,0.0,-64.0
1777889268.8373325,10.0,0.0,-69.0
1777889268.8473325,7.0,-5.0,-74.0
1777889268.8573325,6.0,-6.0,-73.0
1777889268.8673325,5.0,-6.0,-74.0
1777889268.8773324,3.0,-4.0,-69.0
1777889268.8873324,2.0,-7.0,-71.0
1777889268.8973324,0.0,-9.0,-76.0
1777889268.9073324,0.0,-8.0,-84.0
1777889268.9173324,0.0,-3.0,-86.0
1777889268.9273324,0.0,-2.0,-80.0
1777889268.9373324,3.0,0.0,-81.0
1777889268.9473324,1.0,4.0,-76.0
1777889268.9573324,0.0,-1.0,-73.0
1777889268.9673324,3.0,-1.0,-69.0
1777889268.9773324,3.0,-1.0,-69.0
1777889268.9873323,1.0,1.0,-72.0
1777889268.9973323,0.0,3.0,-70.0
1777889269.0073323,0.0,4.0,-71.0
1777889269.0173323,-5.0,4.0,-81.0
1777889269.0273323,-1.0,6.0,-84.0
1777889269.0373323,0.0,1.0,-82.0
1777889269.0473323,0.0,1.0,-79.0
1777889269.0573325,-3.0,2.0,-73.0
1777889269.0673325,-8.0,4.0,-70.0
1777889269.0773325,-6.0,2.0,-70.0
1777889269.0873325,-3.0,1.0,-70.0
1777889269.0973325,-2.0,2.0,-70.0
1777889269.1073325,0.0,3.0,-68.0
1777889269.1173325,4.0,1.0,-65.0
1777889269.1273324,3.0,1.0,-65.0
1777889269.1373324,4.0,-1.0,-75.0
1777889269.1473324,8.0,0.0,-87.0
1777889269.1573324,7.0,1.0,-90.0
1777889269.1673324,3.0,1.0,-82.0
1777889269.1773324,4.0,0.0,-80.0
1777889269.1873324,0.0,-3.0,-62.0
1777889269.1973324,-4.0,-5.0,-59.0
1777889269.2073324,-4.0,-5.0,-62.0
1777889269.2173324,-4.0,0.0,-64.0
1777889269.2273324,-3.0,0.0,-69.0
1777889269.2373323,0.0,-1.0,-78.0
1777889269.2473323,5.0,-1.0,-83.0
1777889269.2573323,4.0,0.0,-76.0
1777889269.2673323,11.0,2.0,-82.0
1777889269.2773323,11.0,3.0,-81.0
1777889269.2873323,3.0,0.0,-85.0
1777889269.2973323,2.0,1.0,-88.0
1777889269.3073325,0.0,5.0,-78.0
1777889269.3173325,1.0,4.0,-78.0
1777889269.3273325,0.0,6.0,-73.0
1777889269.3373325,-3.0,0.0,-73.0
1777889269.3483324,1.0,-2.0,-71.0
1777889269.3573325,4.0,-1.0,-73.0
1777889269.3673325,4.0,-2.0,-76.0
1777889269.3773324,6.0,-3.0,-81.0
1777889269.3873324,8.0,-5.0,-85.0
1777889269.3973324,5.0,-3.0,-90.0
1777889269.4073324,2.0,0.0,-88.0
1777889269.4173324,1.0,0.0,-87.0
1777889269.4273324,2.0,1.0,-80.0
1777889269.4373324,0.0,-1.0,-79.0
1777889269.4473324,-2.0,1.0,-78.0
1777889269.4573324,-2.0,0.0,-79.0
1777889269.4673324,1.0,0.0,-78.0
1777889269.4773324,2.0,0.0,-80.0
1777889269.4873323,6.0,4.0,-77.0
1777889269.4973323,4.0,5.0,-78.0
1777889269.5073323,1.0,1.0,-82.0
1777889269.5173323,-1.0,3.0,-85.0
1777889269.5273323,-4.0,3.0,-89.0
1777889269.5373323,-3.0,0.0,-91.0
1777889269.5473323,-1.0,0.0,-82.0
1777889269.5573325,2.0,-2.0,-85.0
1777889269.5673325,2.0,-2.0,-87.0
1777889269.5773325,1.0,3.0,-83.0
1777889269.5873325,1.0,3.0,-84.0
1777889269.5973325,3.0,0.0,-83.0
1777889269.6073325,3.0,0.0,-79.0
1777889269.6173325,1.0,0.0,-75.0
1777889269.6273324,3.0,-2.0,-70.0
1777889269.6373324,2.0,-3.0,-69.0
1777889269.6473324,4.0,1.0,-66.0
1777889269.6573324,6.0,-2.0,-72.0
1777889269.6673324,1.0,3.0,-76.0
1777889269.6773324,3.0,4.0,-67.0
1777889269.6873324,2.0,6.0,-69.0
1777889269.6973324,2.0,5.0,-71.0
1777889269.7073324,-5.0,4.0,-79.0
1777889269.7173324,-4.0,3.0,-76.0
1777889269.7273324,-1.0,0.0,-71.0
1777889269.7373323,1.0,-2.0,-67.0
1777889269.7473323,0.0,0.0,-70.0
1777889269.7573323,1.0,-2.0,-73.0
1777889269.7673323,0.0,-4.0,-79.0
1777889269.7773323,0.0,-4.0,-79.0
1777889269.7873323,3.0,-1.0,-78.0
1777889269.7973323,6.0,-1.0,-78.0
1777889269.8073325,2.0,-3.0,-76.0
1777889269.8173325,4.0,-1.0,-74.0
1777889269.8273325,5.0,-1.0,-72.0
1777889269.8373325,3.0,-2.0,-67.0
1777889269.8473325,3.0,1.0,-69.0
1777889269.8573325,3.0,0.0,-69.0
1777889269.8673325,7.0,-1.0,-69.0
1777889269.8773324,6.0,1.0,-73.0
1777889269.8873324,6.0,-1.0,-76.0
1777889269.8973324,4.0,-7.0,-70.0
1777889269.9073324,7.0,-6.0,-69.0
1777889269.9173324,7.0,-5.0,-76.0
1777889269.9273324,5.0,-2.0,-74.0
1777889269.9373324,6.0,-8.0,-66.0
1777889269.9473324,6.0,-4.0,-71.0
1777889269.9573324,4.0,-2.0,-74.0
1777889269.9673324,1.0,-7.0,-69.0
1777889269.9773324,2.0,-8.0,-74.0
1777889269.9873323,2.0,-6.0,-77.0
1777889269.9973323,0.0,-7.0,-76.0
1777889270.0073323,-1.0,0.0,-78.0
1777889270.0173323,-5.0,2.0,-80.0
1777889270.0273323,-12.0,0.0,-80.0
1777889270.0373323,-8.0,0.0,-81.0
1777889270.0473323,-4.0,-4.0,-82.0
1777889270.0573325,-2.0,-2.0,-88.0
1777889270.0673325,1.0,0.0,-79.0
1777889270.0773325,0.0,1.0,-78.0
1777889270.0873325,3.0,3.0,-82.0
1777889270.0973325,6.0,0.0,-74.0
1777889270.1073325,5.0,-2.0,-77.0
1777889270.1173325,1.0,-1.0,-81.0
1777889270.1273324,2.0,0.0,-82.0
1777889270.1373324,1.0,0.0,-82.0
1777889270.1473324,2.0,2.0,-82.0
1777889270.1573324,5.0,3.0,-77.0
1777889270.1673324,7.0,8.0,-73.0
1777889270.1773324,9.0,4.0,-73.0
1777889270.1873324,6.0,4.0,-77.0
1777889270.1973324,2.0,3.0,-82.0
1777889270.2073324,1.0,4.0,-86.0
1777889270.2173324,7.0,4.0,-82.0
1777889270.2273324,6.0,6.0,-82.0
1777889270.2373323,4.0,7.0,-77.0
1777889270.2473323,0.0,6.0,-75.0
1777889270.2573323,0.0,3.0,-81.0
1777889270.2673323,0.0,5.0,-82.0
1777889270.2773323,-1.0,6.0,-87.0
1777889270.2873323,0.0,9.0,-83.0
1777889270.2973323,-1.0,8.0,-82.0
1777889270.3073325,-1.0,5.0,-79.0
1777889270.3173325,0.0,3.0,-79.0
1777889270.3273325,-1.0,-2.0,-82.0
1777889270.3373325,1.0,-2.0,-87.0
1777889270.3473325,5.0,-2.0,-83.0
1777889270.3573325,2.0,-2.0,-80.0
1777889270.3673325,3.0,0.0,-77.0
1777889270.3773324,4.0,0.0,-75.0
1777889270.3873324,1.0,0.0,-74.0
1777889270.3973324,1.0,0.0,-77.0
1777889270.4073324,2.0,-1.0,-71.0
1777889270.4173324,1.0,-4.0,-75.0
1777889270.4273324,2.0,-4.0,-79.0
1777889270.4373324,-2.0,0.0,-77.0
1777889270.4473324,-3.0,-1.0,-76.0
1777889270.4573324,0.0,-6.0,-78.0
1777889270.4673324,-3.0,-1.0,-80.0
1777889270.4773324,-5.0,0.0,-77.0
1777889270.4873323,-5.0,-1.0,-73.0
1777889270.4973323,-5.0,-2.0,-70.0
1777889270.5073323,-7.0,-2.0,-72.0
1777889270.5173323,-8.0,-3.0,-73.0
1777889270.5273323,-9.0,-5.0,-68.0
1777889270.5373323,-5.0,-6.0,-71.0
1777889270.5473323,0.0,-4.0,-78.0
1777889270.5573325,-3.0,-2.0,-73.0
1777889270.5673325,0.0,0.0,-81.0
1777889270.5783324,0.0,0.0,-82.0
1777889270.5883324,1.0,-7.0,-80.0
1777889270.5983324,3.0,-1.0,-75.0
1777889270.6083324,2.0,-4.0,-81.0
1777889270.6183324,2.0,-6.0,-76.0
1777889270.6283324,2.0,-4.0,-75.0
1777889270.6383324,1.0,-5.0,-73.0
1777889270.6483324,0.0,0.0,-71.0
1777889270.6583323,1.0,-1.0,-79.0
1777889270.6683323,0.0,0.0,-76.0
1777889270.6783323,0.0,-1.0,-77.0
1777889270.6883323,0.0,0.0,-78.0
1777889270.6983323,1.0,0.0,-72.0
1777889270.7083323,0.0,3.0,-67.0
1777889270.7183323,0.0,3.0,-62.0
1777889270.7283323,0.0,7.0,-64.0
1777889270.7383325,0.0,7.0,-65.0
1777889270.7483325,-2.0,10.0,-70.0
1777889270.7583325,-1.0,8.0,-74.0
1777889270.7683325,-1.0,8.0,-73.0
1777889270.7783325,0.0,5.0,-79.0
1777889270.7883325,-2.0,2.0,-78.0
1777889270.7983325,-7.0,3.0,-76.0
1777889270.8083324,-2.0,4.0,-79.0
1777889270.8183324,0.0,5.0,-86.0
1777889270.8283324,4.0,6.0,-84.0
1777889270.8383324,1.0,3.0,-78.0
1777889270.8483324,3.0,1.0,-82.0
1777889270.8583324,0.0,1.0,-79.0
1777889270.8683324,0.0,-1.0,-78.0
1777889270.8783324,-2.0,-1.0,-77.0
1777889270.8883324,-1.0,-2.0,-75.0
1777889270.8983324,-1.0,1.0,-70.0
1777889270.9083323,-1.0,-1.0,-71.0
1777889270.9183323,-2.0,0.0,-78.0
1777889270.9283323,0.0,0.0,-79.0
1777889270.9383323,1.0,-1.0,-73.0
1777889270.9483323,-1.0,-4.0,-78.0
1777889270.9583323,0.0,-2.0,-76.0
1777889270.9683323,-2.0,-1.0,-67.0
1777889270.9783323,-2.0,-3.0,-71.0
1777889270.9883325,-2.0,-5.0,-77.0
1777889270.9983325,-5.0,-6.0,-76.0
1777889271.0083325,-8.0,-6.0,-78.0
1777889271.0183325,-7.0,-7.0,-80.0
1777889271.0283325,-6.0,-8.0,-88.0
1777889271.0383325,-9.0,-4.0,-93.0
1777889271.0483325,-1.0,-7.0,-89.0
1777889271.0583324,-2.0,-3.0,-89.0
1777889271.0683324,-1.0,-3.0,-82.0
1777889271.0783324,-4.0,-9.0,-73.0
1777889271.0883324,-5.0,-10.0,-68.0
1777889271.0983324,-4.0,-8.0,-66.0
1777889271.1083324,-4.0,-7.0,-69.0
1777889271.1183324,-6.0,-4.0,-76.0
1777889271.1283324,-7.0,0.0,-76.0
1777889271.1383324,-3.0,0.0,-80.0
1777889271.1483324,-1.0,0.0,-80.0
1777889271.1583323,-1.0,-2.0,-83.0
1777889271.1683323,0.0,0.0,-81.0
1777889271.1783323,2.0,2.0,-81.0
1777889271.1883323,1.0,1.0,-81.0
1777889271.1983323,2.0,1.0,-76.0
1777889271.2083323,-1.0,3.0,-77.0
1777889271.2183323,1.0,1.0,-85.0
1777889271.2283323,-1.0,-1.0,-86.0
1777889271.2383325,-3.0,-1.0,-87.0
1777889271.2483325,-1.0,2.0,-95.0
1777889271.2583325,-3.0,0.0,-89.0
1777889271.2683325,-3.0,2.0,-84.0
1777889271.2783325,2.0,2.0,-80.0
1777889271.2883325,6.0,1.0,-79.0
1777889271.2983325,9.0,4.0,-76.0
1777889271.3083324,9.0,1.0,-80.0
1777889271.3183324,6.0,0.0,-76.0
1777889271.3283324,7.0,-3.0,-73.0
1777889271.3383324,2.0,-2.0,-86.0
1777889271.3483324,2.0,0.0,-88.0
1777889271.3583324,3.0,-1.0,-88.0
1777889271.3683324,-1.0,-2.0,-91.0
1777889271.3783324,-3.0,-6.0,-90.0
1777889271.3883324,-1.0,-10.0,-93.0
1777889271.3983324,1.0,-8.0,-85.0
1777889271.4083323,0.0,-1.0,-81.0
1777889271.4183323,3.0,-1.0,-80.0
1777889271.4283323,-1.0,4.0,-83.0
1777889271.4383323,-1.0,1.0,-92.0
1777889271.4483323,1.0,-6.0,-92.0
1777889271.4583323,4.0,-5.0,-92.0
1777889271.4683323,4.0,-4.0,-86.0
1777889271.4783323,4.0,-2.0,-83.0
1777889271.4883325,5.0,0.0,-86.0
1777889271.4983325,4.0,3.0,-88.0
1777889271.5083325,2.0,2.0,-88.0
1777889271.5183325,0.0,3.0,-87.0
1777889271.5283325,0.0,3.0,-83.0
1777889271.5383325,-3.0,6.0,-80.0
1777889271.5483325,-5.0,5.0,-81.0
1777889271.5583324,-4.0,5.0,-85.0
1777889271.5683324,1.0,3.0,-79.0
1777889271.5783324,2.0,0.0,-74.0
1777889271.5883324,3.0,-1.0,-76.0
1777889271.5983324,0.0,-1.0,-73.0
1777889271.6083324,0.0,-2.0,-80.0
1777889271.6183324,0.0,-3.0,-79.0
1777889271.6283324,3.0,-1.0,-81.0
1777889271.6383324,3.0,-1.0,-76.0
1777889271.6483324,5.0,0.0,-81.0
1777889271.6583323,8.0,4.0,-84.0
1777889271.6683323,5.0,5.0,-79.0
1777889271.6783323,2.0,5.0,-82.0
1777889271.6883323,7.0,5.0,-84.0
1777889271.6983323,6.0,0.0,-82.0
1777889271.7083323,4.0,2.0,-78.0
1777889271.7183323,3.0,4.0,-87.0
1777889271.7283323,6.0,5.0,-79.0
1777889271.7383325,5.0,7.0,-81.0
1777889271.7483325,8.0,6.0,-88.0
1777889271.7583325,9.0,4.0,-91.0
1777889271.7683325,9.0,2.0,-87.0
1777889271.7783325,6.0,0.0,-86.0
1777889271.7883325,4.0,-1.0,-87.0
1777889271.7983325,8.0,-1.0,-84.0
1777889271.8083324,6.0,-1.0,-86.0
1777889271.8183324,5.0,-1.0,-87.0
1777889271.8283324,3.0,-4.0,-84.0
1777889271.8383324,4.0,-10.0,-80.0
1777889271.8483324,8.0,-8.0,-84.0
1777889271.8583324,3.0,-4.0,-79.0
1777889271.8683324,3.0,1.0,-79.0
1777889271.8783324,3.0,-2.0,-82.0
1777889271.8883324,6.0,-2.0,-80.0
1777889271.8983324,3.0,2.0,-74.0
1777889271.9083323,4.0,5.0,-71.0
1777889271.9183323,3.0,3.0,-76.0
1777889271.9283323,4.0,3.0,-76.0
1777889271.9383323,6.0,-2.0,-76.0
1777889271.9483323,-1.0,-4.0,-79.0
1777889271.9583323,-8.0,-9.0,-83.0
1777889271.9683323,-10.0,-7.0,-85.0
1777889271.9783323,-3.0,-4.0,-88.0
1777889271.9883325,-4.0,-8.0,-77.0
1777889271.9983325,0.0,-1.0,-80.0
1777889272.0083325,0.0,-1.0,-83.0
1777889272.0183325,3.0,0.0,-76.0
1777889272.0283325,-1.0,0.0,-77.0
1777889272.0383325,-2.0,1.0,-77.0
1777889272.0483325,-6.0,5.0,-77.0
1777889272.0583324,-8.0,0.0,-79.0
1777889272.0683324,-10.0,-4.0,-79.0
1777889272.0783324,-9.0,0.0,-77.0
1777889272.0883324,-7.0,1.0,-77.0
1777889272.0983324,-6.0,4.0,-79.0
1777889272.1083324,-5.0,4.0,-79.0
1777889272.1183324,-4.0,4.0,-80.0
1777889272.1283324,-2.0,2.0,-81.0
1777889272.1383324,-4.0,3.0,-74.0
1777889272.1483324,-1.0,0.0,-81.0
1777889272.1583323,-5.0,-3.0,-77.0
1777889272.1683323,-4.0,-1.0,-72.0
1777889272.1783323,-5.0,1.0,-71.0
1777889272.1883323,0.0,1.0,-76.0
1777889272.1983323,4.0,2.0,-75.0
1777889272.2083323,2.0,-2.0,-76.0
1777889272.2183323,0.0,-2.0,-73.0
1777889272.2283323,0.0,1.0,-70.0
1777889272.2383325,-1.0,3.0,-68.0
1777889272.2483325,-4.0,5.0,-68.0
1777889272.2583325,-2.0,6.0,-67.0
1777889272.2683325,-3.0,5.0,-67.0
1777889272.2783325,-6.0,6.0,-68.0
1777889272.2883325,-7.0,6.0,-66.0
1777889272.2983325,-7.0,1.0,-70.0
1777889272.3083324,-2.0,0.0,-76.0
1777889272.3183324,3.0,0.0,-76.0
1777889272.3283324,7.0,-4.0,-77.0
1777889272.3383324,5.0,-4.0,-83.0
1777889272.3483324,5.0,-1.0,-77.0
1777889272.3583324,2.0,-1.0,-76.0
1777889272.3683324,-1.0,-2.0,-76.0
1777889272.3783324,0.0,-5.0,-73.0
1777889272.3883324,2.0,-6.0,-79.0
1777889272.3983324,0.0,-3.0,-80.0
1777889272.4083323,3.0,-3.0,-81.0
1777889272.4183323,1.0,0.0,-77.0
1777889272.4283323,-3.0,0.0,-75.0
1777889272.4383323,-1.0,-4.0,-71.0
1777889272.4483323,0.0,-3.0,-72.0
1777889272.4583323,0.0,-6.0,-72.0
1777889272.4683323,1.0,-9.0,-77.0
1777889272.4783323,0.0,-8.0,-82.0
1777889272.4883325,-4.0,-3.0,-80.0
1777889272.4983325,-5.0,0.0,-85.0
1777889272.5083325,-7.0,-1.0,-78.0
1777889272.5183325,-9.0,-5.0,-77.0
1777889272.5283325,-10.0,-2.0,-76.0
1777889272.5393324,-14.0,-6.0,-74.0
1777889272.5483325,-10.0,-8.0,-72.0
1777889272.5583324,-8.0,-8.0,-74.0
1777889272.5693324,-6.0,-7.0,-72.0
1777889272.5793324,-5.0,-5.0,-71.0
1777889272.5893323,0.0,-1.0,-69.0
1777889272.5993323,0.0,2.0,-71.0
1777889272.6093323,1.0,3.0,-76.0
1777889272.6193323,0.0,4.0,-75.0
1777889272.6293323,2.0,5.0,-66.0
1777889272.6393323,0.0,2.0,-65.0
1777889272.6493323,2.0,3.0,-70.0
1777889272.6593325,2.0,3.0,-69.0
1777889272.6693325,4.0,0.0,-70.0
1777889272.6793325,7.0,2.0,-67.0
1777889272.6893325,3.0,5.0,-73.0
1777889272.6993325,2.0,4.0,-73.0
1777889272.7093325,-1.0,0.0,-73.0
1777889272.7193325,0.0,2.0,-68.0
1777889272.7293324,5.0,4.0,-65.0
1777889272.7393324,6.0,3.0,-69.0
1777889272.7493324,5.0,0.0,-67.0
1777889272.7593324,5.0,1.0,-68.0
1777889272.7693324,2.0,-5.0,-71.0
1777889272.7793324,-1.0,-8.0,-73.0
1777889272.7893324,1.0,-6.0,-74.0
1777889272.7993324,0.0,-2.0,-78.0
1777889272.8093324,-8.0,-4.0,-72.0
1777889272.8193324,-11.0,-4.0,-71.0
1777889272.8293324,-10.0,-1.0,-74.0
1777889272.8393323,-10.0,-6.0,-74.0
1777889272.8493323,-10.0,-7.0,-72.0
1777889272.8593323,-2.0,-3.0,-70.0
1777889272.8693323,-3.0,0.0,-76.0
1777889272.8793323,3.0,0.0,-79.0
1777889272.8893323,6.0,-3.0,-75.0
1777889272.8993323,6.0,-4.0,-76.0
1777889272.9093325,2.0,-5.0,-79.0
1777889272.9193325,6.0,-3.0,-74.0
1777889272.9293325,9.0,-5.0,-75.0
1777889272.9393325,6.0,-4.0,-70.0
1777889272.9493325,0.0,-1.0,-66.0
1777889272.9593325,0.0,1.0,-68.0
1777889272.9693325,0.0,1.0,-69.0
1777889272.9793324,-2.0,1.0,-68.0
1777889272.9893324,0.0,0.0,-68.0
1777889272.9993324,3.0,1.0,-68.0
1777889273.0093324,4.0,0.0,-75.0
1777889273.0193324,2.0,-1.0,-68.0
1777889273.0293324,1.0,0.0,-65.0
1777889273.0393324,0.0,0.0,-70.0
1777889273.0493324,0.0,1.0,-76.0
1777889273.0593324,0.0,0.0,-79.0
1777889273.0693324,8.0,-1.0,-70.0
1777889273.0793324,7.0,-1.0,-70.0
1777889273.0893323,5.0,-4.0,-75.0
1777889273.0993323,6.0,-5.0,-76.0
1777889273.1093323,8.0,0.0,-71.0
1777889273.1193323,2.0,3.0,-67.0
1777889273.1293323,0.0,2.0,-75.0
1777889273.1393323,0.0,0.0,-75.0
1777889273.1493323,0.0,0.0,-73.0
1777889273.1593325,0.0,3.0,-74.0
1777889273.1693325,0.0,0.0,-76.0
1777889273.1793325,1.0,-3.0,-77.0
1777889273.1893325,0.0,1.0,-69.0
1777889273.1993325,3.0,0.0,-72.0
1777889273.2093325,0.0,0.0,-69.0
1777889273.2193325,3.0,2.0,-72.0
1777889273.2293324,1.0,0.0,-72.0
1777889273.2393324,2.0,0.0,-73.0
1777889273.2493324,2.0,4.0,-73.0
1777889273.2593324,0.0,9.0,-76.0
1777889273.2693324,-1.0,5.0,-79.0
1777889273.2793324,0.0,4.0,-73.0
1777889273.2893324,-2.0,2.0,-72.0
1777889273.2993324,-3.0,5.0,-79.0
1777889273.3093324,2.0,1.0,-83.0
1777889273.3193324,2.0,0.0,-84.0
1777889273.3293324,0.0,-1.0,-84.0
1777889273.3393323,-2.0,1.0,-84.0
1777889273.3493323,-3.0,2.0,-80.0
1777889273.3593323,0.0,6.0,-78.0
1777889273.3693323,-1.0,7.0,-78.0
1777889273.3793323,-2.0,2.0,-70.0
1777889273.3893323,3.0,0.0,-79.0
1777889273.3993323,3.0,0.0,-83.0
1777889273.4093325,1.0,-2.0,-90.0
1777889273.4193325,-1.0,-5.0,-86.0
1777889273.4293325,0.0,-8.0,-85.0
1777889273.4393325,7.0,-6.0,-83.0
1777889273.4493325,6.0,-6.0,-76.0
1777889273.4593325,2.0,-5.0,-72.0
1777889273.4693325,0.0,-7.0,-77.0
1777889273.4793324,0.0,-6.0,-79.0
1777889273.4893324,-1.0,0.0,-82.0
1777889273.4993324,0.0,0.0,-83.0
1777889273.5093324,2.0,1.0,-80.0
1777889273.5193324,2.0,-2.0,-90.0
1777889273.5293324,1.0,-3.0,-93.0
1777889273.5393324,-1.0,0.0,-94.0
1777889273.5493324,0.0,0.0,-94.0
1777889273.5593324,-1.0,2.0,-89.0
1777889273.5693324,0.0,7.0,-86.0
1777889273.5793324,1.0,7.0,-86.0
1777889273.5893323,1.0,5.0,-85.0
1777889273.5993323,3.0,3.0,-80.0
1777889273.6093323,1.0,5.0,-82.0
1777889273.6193323,-4.0,5.0,-86.0
1777889273.6293323,-7.0,3.0,-86.0
1777889273.6393323,-7.0,1.0,-84.0
1777889273.6493323,-11.0,0.0,-80.0
1777889273.6593325,-7.0,-3.0,-75.0
1777889273.6693325,-1.0,-3.0,-75.0
1777889273.6793325,-5.0,-1.0,-77.0
1777889273.6893325,-5.0,-2.0,-75.0
1777889273.6993325,-4.0,-1.0,-72.0
1777889273.7093325,-1.0,-2.0,-72.0
1777889273.7193325,-1.0,0.0,-73.0
1777889273.7293324,-1.0,-4.0,-77.0
1777889273.7393324,-1.0,-2.0,-80.0
1777889273.7493324,-7.0,-7.0,-80.0
1777889273.7593324,-4.0,-4.0,-82.0
1777889273.7693324,-5.0,-3.0,-75.0
1777889273.7793324,-5.0,-3.0,-76.0
1777889273.7893324,-5.0,-2.0,-71.0
1777889273.7993324,-4.0,1.0,-80.0
1777889273.8093324,-3.0,5.0,-85.0
1777889273.8193324,0.0,4.0,-88.0
1777889273.8293324,-4.0,3.0,-87.0
1777889273.8393323,-5.0,0.0,-92.0
1777889273.8493323,-7.0,3.0,-87.0
1777889273.8593323,-2.0,3.0,-84.0
1777889273.8693323,0.0,0.0,-84.0
1777889273.8793323,-4.0,0.0,-76.0
1777889273.8893323,-3.0,0.0,-71.0
1777889273.8993323,-2.0,-1.0,-72.0
1777889273.9093325,-3.0,-1.0,-68.0
1777889273.9193325,-5.0,1.0,-71.0
1777889273.9293325,-8.0,0.0,-76.0
1777889273.9393325,-4.0,-3.0,-79.0
1777889273.9493325,1.0,-3.0,-79.0
1777889273.9593325,1.0,1.0,-70.0
1777889273.9693325,1.0,0.0,-72.0
1777889273.9793324,4.0,-7.0,-69.0
1777889273.9893324,2.0,-6.0,-77.0
1777889273.9993324,0.0,-7.0,-74.0
1777889274.0093324,-4.0,-6.0,-73.0
1777889274.0193324,0.0,-6.0,-78.0
1777889274.0293324,4.0,-4.0,-78.0
1777889274.0393324,3.0,-3.0,-76.0
1777889274.0493324,2.0,0.0,-77.0
1777889274.0593324,6.0,0.0,-74.0
1777889274.0693324,8.0,-1.0,-72.0
1777889274.0793324,6.0,-2.0,-74.0
1777889274.0893323,0.0,-4.0,-72.0
1777889274.0993323,0.0,-5.0,-71.0
1777889274.1093323,0.0,-2.0,-73.0
1777889274.1193323,3.0,-7.0,-70.0
1777889274.1293323,7.0,-6.0,-66.0
1777889274.1393323,6.0,-3.0,-72.0
1777889274.1493323,7.0,-4.0,-76.0
1777889274.1593325,6.0,-4.0,-74.0
1777889274.1693325,2.0,0.0,-74.0
1777889274.1793325,5.0,-3.0,-75.0
1777889274.1893325,8.0,-6.0,-72.0
1777889274.1993325,8.0,-6.0,-70.0
1777889274.2093325,9.0,-4.0,-72.0
1777889274.2193325,10.0,-5.0,-80.0
1777889274.2293324,7.0,-4.0,-81.0
1777889274.2393324,4.0,-2.0,-80.0
1777889274.2493324,5.0,-4.0,-78.0
1777889274.2593324,3.0,-5.0,-80.0
1777889274.2693324,1.0,-4.0,-81.0
1777889274.2793324,4.0,-4.0,-82.0
1777889274.2893324,3.0,-5.0,-80.0
1777889274.2993324,4.0,-6.0,-84.0
1777889274.3093324,9.0,-3.0,-84.0
1777889274.3193324,8.0,0.0,-79.0
1777889274.3293324,8.0,0.0,-74.0
1777889274.3393323,6.0,0.0,-75.0
1777889274.3493323,3.0,-2.0,-69.0
1777889274.3593323,0.0,-4.0,-73.0
1777889274.3693323,-5.0,-4.0,-73.0
1777889274.3793323,-1.0,0.0,-73.0
1777889274.3893323,4.0,2.0,-71.0
1777889274.3993323,4.0,6.0,-74.0
1777889274.4093325,2.0,6.0,-75.0
1777889274.4193325,1.0,2.0,-82.0
1777889274.4293325,-3.0,0.0,-84.0
1777889274.4393325,-5.0,2.0,-82.0
1777889274.4493325,-6.0,-3.0,-78.0
1777889274.4593325,-6.0,-5.0,-76.0
1777889274.4693325,-3.0,0.0,-70.0
1777889274.4793324,-3.0,1.0,-69.0
1777889274.4893324,0.0,2.0,-74.0
1777889274.4993324,0.0,3.0,-84.0
1777889274.5093324,-1.0,-4.0,-84.0
1777889274.5203323,0.0,-7.0,-80.0
1777889274.5293324,-3.0,-7.0,-81.0
1777889274.5393324,-6.0,-6.0,-84.0
1777889274.5493324,-5.0,-3.0,-86.0
1777889274.5603323,-7.0,-3.0,-84.0
1777889274.5693324,-6.0,0.0,-85.0
1777889274.5803325,-5.0,2.0,-85.0
1777889274.5903325,-1.0,2.0,-79.0
1777889274.6003325,-1.0,4.0,-73.0
1777889274.6103325,0.0,3.0,-79.0
1777889274.6193323,-4.0,6.0,-80.0
1777889274.6303325,-4.0,2.0,-76.0
1777889274.6403325,0.0,-1.0,-71.0
1777889274.6503325,-1.0,-1.0,-78.0
1777889274.6603324,0.0,0.0,-73.0
1777889274.6703324,-2.0,0.0,-78.0
1777889274.6803324,-2.0,0.0,-73.0
1777889274.6903324,0.0,-2.0,-77.0
1777889274.7003324,3.0,-3.0,-74.0
1777889274.7103324,2.0,-2.0,-72.0
1777889274.7203324,1.0,-5.0,-69.0
1777889274.7303324,0.0,-7.0,-73.0
1777889274.7403324,4.0,-9.0,-78.0
1777889274.7503324,3.0,-6.0,-75.0
1777889274.7603323,2.0,-8.0,-84.0
1777889274.7703323,2.0,-3.0,-81.0
1777889274.7803323,2.0,-3.0,-76.0
1777889274.7903323,1.0,-2.0,-75.0
1777889274.8003323,5.0,-8.0,-76.0
1777889274.8103323,8.0,-11.0,-73.0
1777889274.8203323,9.0,-9.0,-77.0
1777889274.8303325,4.0,-7.0,-74.0
1777889274.8403325,1.0,-4.0,-74.0
1777889274.8503325,-4.0,-5.0,-74.0
1777889274.8603325,-6.0,-6.0,-76.0
1777889274.8703325,-6.0,-3.0,-81.0
1777889274.8803325,-6.0,-1.0,-78.0
1777889274.8903325,-1.0,-2.0,-75.0
1777889274.9003325,1.0,-2.0,-70.0
1777889274.9103324,3.0,-4.0,-76.0
1777889274.9203324,-1.0,-3.0,-81.0
1777889274.9303324,-5.0,-5.0,-82.0
1777889274.9403324,-8.0,-3.0,-82.0
1777889274.9503324,-4.0,-1.0,-81.0
1777889274.9603324,0.0,0.0,-78.0
1777889274.9703324,0.0,1.0,-77.0
1777889274.9803324,3.0,3.0,-75.0
1777889274.9903324,5.0,0.0,-65.0
1777889275.0003324,8.0,2.0,-62.0
1777889275.0103323,6.0,0.0,-66.0
1777889275.0203323,0.0,-1.0,-73.0
1777889275.0303323,-1.0,0.0,-73.0
1777889275.0403323,-1.0,-1.0,-73.0
1777889275.0503323,0.0,0.0,-67.0
1777889275.0603323,-1.0,1.0,-70.0
1777889275.0703323,0.0,1.0,-72.0
1777889275.0803325,2.0,1.0,-69.0
1777889275.0903325,-1.0,0.0,-67.0
1777889275.1003325,-4.0,3.0,-77.0
1777889275.1103325,0.0,6.0,-83.0
1777889275.1203325,2.0,5.0,-78.0
1777889275.1303325,6.0,1.0,-79.0
1777889275.1403325,9.0,1.0,-80.0
1777889275.1503325,9.0,1.0,-83.0
1777889275.1603324,6.0,0.0,-77.0
1777889275.1703324,3.0,3.0,-72.0
1777889275.1803324,0.0,-2.0,-68.0
1777889275.1903324,-3.0,-6.0,-72.0
1777889275.2003324,-5.0,-6.0,-70.0
1777889275.2103324,-11.0,-6.0,-77.0
1777889275.2203324,-9.0,-4.0,-79.0
1777889275.2303324,-7.0,-5.0,-77.0
1777889275.2403324,-5.0,-2.0,-84.0
1777889275.2503324,-2.0,-1.0,-90.0
1777889275.2603323,-2.0,-3.0,-92.0
1777889275.2703323,-1.0,0.0,-85.0
1777889275.2803323,6.0,-3.0,-86.0
1777889275.2903323,4.0,-1.0,-86.0
1777889275.3003323,-1.0,-4.0,-76.0
1777889275.3103323,-1.0,-6.0,-79.0
1777889275.3203323,-2.0,-2.0,-77.0
1777889275.3303325,0.0,1.0,-82.0
1777889275.3403325,-1.0,1.0,-75.0
1777889275.3503325,1.0,0.0,-78.0
1777889275.3603325,2.0,-2.0,-87.0
1777889275.3703325,4.0,-2.0,-92.0
1777889275.3803325,3.0,-3.0,-80.0
1777889275.3903325,8.0,-4.0,-75.0
1777889275.4003325,9.0,-2.0,-73.0
1777889275.4103324,4.0,-4.0,-71.0
1777889275.4203324,7.0,-6.0,-76.0
1777889275.4303324,0.0,-5.0,-79.0
1777889275.4403324,4.0,-5.0,-74.0
1777889275.4503324,0.0,-8.0,-71.0
1777889275.4603324,1.0,-9.0,-66.0
1777889275.4703324,0.0,-10.0,-71.0
1777889275.4803324,3.0,-7.0,-73.0
1777889275.4903324,3.0,-5.0,-72.0
1777889275.5003324,7.0,-5.0,-71.0
1777889275.5103323,1.0,-6.0,-74.0
1777889275.5203323,1.0,-6.0,-78.0
1777889275.5303323,0.0,-4.0,-82.0
1777889275.5403323,3.0,-3.0,-78.0
1777889275.5503323,3.0,-1.0,-64.0
1777889275.5603323,3.0,-1.0,-65.0
1777889275.5703323,9.0,0.0,-65.0
1777889275.5803325,4.0,-3.0,-70.0
1777889275.5903325,1.0,-8.0,-70.0
1777889275.6003325,-1.0,-9.0,-76.0
1777889275.6103325,0.0,-8.0,-84.0
1777889275.6203325,-2.0,-9.0,-80.0
1777889275.6303325,0.0,-10.0,-74.0
1777889275.6403325,-1.0,-11.0,-72.0
1777889275.6503325,-1.0,-8.0,-78.0
1777889275.6603324,-3.0,-6.0,-77.0
1777889275.6703324,-5.0,-5.0,-74.0
1777889275.6803324,-7.0,-7.0,-77.0
1777889275.6903324,-9.0,-7.0,-76.0
1777889275.7003324,-6.0,-12.0,-71.0
1777889275.7103324,-8.0,-12.0,-72.0
1777889275.7203324,-5.0,-9.0,-70.0
1777889275.7303324,-1.0,-10.0,-70.0
1777889275.7403324,1.0,-7.0,-78.0
1777889275.7503324,0.0,-6.0,-79.0
1777889275.7603323,3.0,-5.0,-78.0
1777889275.7703323,6.0,-8.0,-75.0
1777889275.7803323,0.0,-9.0,-71.0
1777889275.7903323,1.0,-7.0,-70.0
1777889275.8003323,2.0,-6.0,-68.0
1777889275.8103323,5.0,-1.0,-73.0
1777889275.8203323,6.0,0.0,-82.0
1777889275.8303325,0.0,0.0,-83.0
1777889275.8403325,-1.0,-1.0,-76.0
1777889275.8503325,1.0,-1.0,-78.0
1777889275.8603325,-1.0,-4.0,-75.0
1777889275.8703325,0.0,0.0,-78.0
1777889275.8803325,0.0,-2.0,-78.0
1777889275.8903325,0.0,-1.0,-77.0
1777889275.9003325,-1.0,0.0,-79.0
1777889275.9103324,0.0,2.0,-78.0
1777889275.9203324,0.0,2.0,-78.0
1777889275.9303324,0.0,0.0,-73.0
1777889275.9403324,-2.0,0.0,-69.0
1777889275.9503324,-2.0,0.0,-78.0
1777889275.9603324,-2.0,2.0,-71.0
1777889275.9703324,0.0,4.0,-71.0
1777889275.9803324,1.0,4.0,-70.0
1777889275.9903324,7.0,2.0,-64.0
1777889276.0003324,3.0,2.0,-65.0
1777889276.0103323,0.0,1.0,-70.0
1777889276.0203323,-3.0,0.0,-67.0
1777889276.0303323,-2.0,1.0,-65.0
1777889276.0403323,0.0,0.0,-71.0
1777889276.0503323,-2.0,-1.0,-75.0
1777889276.0603323,-2.0,0.0,-80.0
1777889276.0703323,-2.0,1.0,-74.0
1777889276.0803325,0.0,-1.0,-76.0
1777889276.0903325,0.0,-4.0,-71.0
1777889276.1003325,-2.0,-4.0,-77.0
1777889276.1103325,-4.0,-2.0,-70.0
1777889276.1203325,1.0,-4.0,-68.0
1777889276.1303325,4.0,0.0,-70.0
1777889276.1403325,3.0,0.0,-76.0
1777889276.1503325,4.0,0.0,-73.0
1777889276.1603324,7.0,2.0,-72.0
1777889276.1703324,5.0,2.0,-70.0
1777889276.1803324,2.0,3.0,-62.0
1777889276.1903324,0.0,2.0,-67.0
1777889276.2003324,-1.0,-1.0,-71.0
1777889276.2103324,1.0,-1.0,-65.0
1777889276.2203324,0.0,-1.0,-67.0
1777889276.2303324,2.0,-2.0,-72.0
1777889276.2403324,5.0,3.0,-67.0
1777889276.2503324,4.0,6.0,-71.0
1777889276.2603323,0.0,5.0,-77.0
1777889276.2703323,-2.0,0.0,-78.0
1777889276.2803323,-2.0,0.0,-80.0
1777889276.2903323,1.0,0.0,-81.0
1777889276.3003323,-1.0,0.0,-81.0
1777889276.3103323,-2.0,1.0,-79.0
1777889276.3203323,1.0,-1.0,-80.0
1777889276.3303325,0.0,-1.0,-74.0
1777889276.3403325,-2.0,-1.0,-78.0
1777889276.3503325,0.0,0.0,-74.0
1777889276.3603325,3.0,-1.0,-65.0
1777889276.3703325,3.0,0.0,-62.0
1777889276.3803325,1.0,-1.0,-70.0
1777889276.3903325,-1.0,-2.0,-65.0
1777889276.4003325,2.0,-2.0,-65.0
1777889276.4103324,4.0,-2.0,-74.0
1777889276.4203324,2.0,-2.0,-78.0
1777889276.4303324,8.0,-3.0,-85.0
1777889276.4403324,6.0,-9.0,-82.0
1777889276.4503324,3.0,-7.0,-81.0
1777889276.4603324,0.0,-7.0,-81.0
1777889276.4703324,4.0,-6.0,-78.0
1777889276.4803324,8.0,-9.0,-71.0
1777889276.4903324,6.0,-10.0,-71.0
1777889276.5003324,2.0,-7.0,-72.0
1777889276.5103323,0.0,-7.0,-76.0
1777889276.5213325,2.0,-5.0,-73.0
1777889276.5303323,1.0,-3.0,-77.0
1777889276.5403323,0.0,-1.0,-74.0
1777889276.5513325,0.0,-1.0,-73.0
1777889276.5613325,0.0,2.0,-64.0
1777889276.5703323,0.0,0.0,-68.0
1777889276.5813324,1.0,-3.0,-68.0
1777889276.5913324,3.0,-1.0,-69.0
1777889276.6013324,0.0,0.0,-68.0
1777889276.6113324,-5.0,1.0,-76.0
1777889276.6213324,-4.0,-1.0,-80.0
1777889276.6313324,-1.0,-6.0,-77.0
1777889276.6413324,0.0,-6.0,-73.0
1777889276.6513324,0.0,-4.0,-82.0
1777889276.6613324,-1.0,-7.0,-83.0
1777889276.6713324,3.0,-4.0,-79.0
1777889276.6813323,2.0,-6.0,-77.0
1777889276.6913323,0.0,-4.0,-80.0
1777889276.7013323,1.0,-1.0,-71.0
1777889276.7113323,0.0,-1.0,-72.0
1777889276.7213323,4.0,1.0,-74.0
1777889276.7313323,5.0,0.0,-72.0
1777889276.7413323,3.0,0.0,-72.0
1777889276.7513323,3.0,8.0,-73.0
1777889276.7613325,2.0,7.0,-73.0
1777889276.7713325,0.0,4.0,-72.0
1777889276.7813325,4.0,1.0,-72.0
1777889276.7913325,6.0,2.0,-73.0
1777889276.8013325,6.0,6.0,-76.0
1777889276.8113325,6.0,2.0,-76.0
1777889276.8213325,4.0,1.0,-70.0
1777889276.8313324,0.0,0.0,-68.0
1777889276.8413324,0.0,-3.0,-71.0
1777889276.8513324,0.0,-3.0,-69.0
1777889276.8613324,2.0,-6.0,-70.0
1777889276.8713324,5.0,-8.0,-76.0
1777889276.8813324,6.0,-6.0,-75.0
1777889276.8913324,8.0,-5.0,-74.0
1777889276.9013324,4.0,-5.0,-79.0
1777889276.9113324,1.0,-2.0,-80.0
1777889276.9213324,-1.0,0.0,-82.0
1777889276.9313323,0.0,1.0,-80.0
1777889276.9413323,-1.0,3.0,-76.0
1777889276.9513323,-2.0,7.0,-76.0
1777889276.9613323,0.0,8.0,-66.0
1777889276.9713323,0.0,5.0,-67.0
1777889276.9813323,0.0,3.0,-71.0
1777889276.9913323,0.0,0.0,-61.0
1777889277.0013323,0.0,0.0,-59.0
1777889277.0113325,4.0,0.0,-60.0
1777889277.0213325,2.0,2.0,-64.0
1777889277.0313325,-2.0,0.0,-69.0
1777889277.0413325,0.0,1.0,-75.0
1777889277.0513325,-2.0,1.0,-73.0
1777889277.0613325,0.0,1.0,-75.0
1777889277.0713325,1.0,2.0,-81.0
1777889277.0813324,3.0,2.0,-79.0
1777889277.0913324,0.0,1.0,-84.0
1777889277.1013324,0.0,0.0,-80.0
1777889277.1113324,-1.0,3.0,-76.0
1777889277.1213324,-3.0,0.0,-77.0
1777889277.1313324,-6.0,-3.0,-75.0
1777889277.1413324,-8.0,-5.0,-79.0
1777889277.1513324,-1.0,-2.0,-78.0
1777889277.1613324,0.0,-3.0,-80.0
1777889277.1713324,-1.0,-1.0,-85.0
1777889277.1813323,-1.0,1.0,-80.0
1777889277.1913323,-1.0,4.0,-72.0
1777889277.2013323,-2.0,1.0,-69.0
1777889277.2113323,2.0,0.0,-74.0
1777889277.2213323,2.0,0.0,-83.0
1777889277.2313323,-6.0,0.0,-83.0
1777889277.2413323,-9.0,1.0,-79.0
1777889277.2513323,-9.0,7.0,-77.0
1777889277.2613325,-4.0,8.0,-76.0
1777889277.2713325,-7.0,5.0,-80.0
1777889277.2813325,-5.0,1.0,-75.0
1777889277.2913325,-3.0,2.0,-73.0
1777889277.3013325,-1.0,2.0,-81.0
1777889277.3113325,-1.0,3.0,-83.0
1777889277.3213325,1.0,4.0,-79.0
1777889277.3313324,2.0,1.0,-78.0
1777889277.3413324,0.0,0.0,-74.0
1777889277.3513324,2.0,-3.0,-70.0
1777889277.3613324,5.0,-1.0,-69.0
1777889277.3713324,6.0,-1.0,-75.0
1777889277.3813324,3.0,-1.0,-72.0
1777889277.3913324,1.0,0.0,-77.0
1777889277.4013324,3.0,0.0,-82.0
1777889277.4113324,4.0,-1.0,-84.0
1777889277.4213324,4.0,-1.0,-78.0
1777889277.4313323,4.0,-5.0,-80.0
1777889277.4413323,2.0,-4.0,-86.0
1777889277.4523325,0.0,-1.0,-83.0
1777889277.4613323,0.0,-5.0,-78.0
1777889277.4713323,-1.0,-5.0,-76.0
1777889277.4813323,-4.0,-2.0,-81.0
1777889277.4913323,0.0,-1.0,-78.0
1777889277.5013323,3.0,0.0,-77.0
1777889277.5113325,4.0,0.0,-77.0
1777889277.5213325,4.0,-1.0,-81.0
1777889277.5313325,5.0,0.0,-81.0
1777889277.5413325,2.0,-1.0,-83.0
1777889277.5513325,4.0,-7.0,-80.0
1777889277.5613325,3.0,-6.0,-83.0
1777889277.5713325,3.0,-2.0,-79.0
1777889277.5813324,3.0,-6.0,-85.0
1777889277.5913324,2.0,-5.0,-88.0
1777889277.6013324,2.0,-2.0,-86.0
1777889277.6113324,3.0,0.0,-84.0
1777889277.6213324,6.0,2.0,-80.0
1777889277.6313324,6.0,2.0,-72.0
1777889277.6413324,8.0,4.0,-75.0
1777889277.6513324,7.0,1.0,-68.0
1777889277.6613324,4.0,-4.0,-71.0
1777889277.6713324,4.0,-1.0,-73.0
1777889277.6813323,2.0,0.0,-69.0
1777889277.6913323,0.0,-2.0,-66.0
1777889277.7013323,-1.0,-2.0,-66.0
1777889277.7113323,-6.0,0.0,-66.0
1777889277.7213323,-3.0,-1.0,-71.0
1777889277.7313323,0.0,0.0,-70.0
1777889277.7413323,3.0,0.0,-73.0
1777889277.7513323,6.0,0.0,-71.0
1777889277.7613325,0.0,0.0,-74.0
1777889277.7713325,-1.0,0.0,-77.0
1777889277.7813325,-1.0,0.0,-76.0
1777889277.7913325,1.0,0.0,-80.0
1777889277.8013325,3.0,1.0,-79.0
1777889277.8113325,3.0,3.0,-81.0
1777889277.8213325,3.0,4.0,-83.0
1777889277.8313324,2.0,0.0,-75.0
1777889277.8413324,10.0,-4.0,-77.0
1777889277.8513324,10.0,-2.0,-76.0
1777889277.8613324,4.0,0.0,-83.0
1777889277.8713324,4.0,1.0,-78.0
1777889277.8813324,6.0,0.0,-73.0
1777889277.8913324,1.0,-1.0,-69.0
1777889277.9013324,1.0,0.0,-74.0
1777889277.9113324,0.0,4.0,-72.0
1777889277.9213324,3.0,0.0,-71.0
1777889277.9313323,4.0,0.0,-68.0
1777889277.9413323,6.0,0.0,-63.0
1777889277.9513323,5.0,0.0,-63.0
1777889277.9613323,4.0,-2.0,-66.0
1777889277.9713323,1.0,-7.0,-71.0
1777889277.9813323,0.0,-6.0,-70.0
1777889277.9913323,0.0,-5.0,-69.0
1777889278.0013323,-5.0,-5.0,-70.0
1777889278.0113325,-2.0,-1.0,-69.0
1777889278.0213325,0.0,0.0,-72.0
1777889278.0313325,-1.0,-1.0,-76.0
1777889278.0413325,0.0,-1.0,-79.0
1777889278.0513325,1.0,-1.0,-77.0
1777889278.0613325,0.0,-6.0,-76.0
1777889278.0713325,2.0,-6.0,-82.0
1777889278.0813324,3.0,-5.0,-82.0
1777889278.0913324,1.0,-3.0,-84.0
1777889278.1013324,2.0,-3.0,-83.0
1777889278.1113324,0.0,1.0,-92.0
1777889278.1213324,-4.0,2.0,-92.0
1777889278.1313324,-3.0,3.0,-85.0
1777889278.1413324,0.0,0.0,-88.0
1777889278.1513324,5.0,0.0,-85.0
1777889278.1613324,7.0,3.0,-79.0
1777889278.1713324,6.0,-1.0,-76.0
1777889278.1813323,6.0,0.0,-78.0
1777889278.1913323,3.0,-4.0,-76.0
1777889278.2013323,4.0,0.0,-78.0
1777889278.2113323,2.0,2.0,-77.0
1777889278.2213323,2.0,2.0,-71.0
1777889278.2313323,3.0,1.0,-63.0
1777889278.2413323,0.0,-1.0,-64.0
1777889278.2513323,-6.0,-4.0,-60.0
1777889278.2613325,-3.0,0.0,-64.0
1777889278.2713325,-3.0,2.0,-71.0
1777889278.2813325,-7.0,2.0,-67.0
1777889278.2913325,-3.0,-4.0,-65.0
1777889278.3013325,-1.0,-4.0,-67.0
1777889278.3113325,3.0,-2.0,-73.0
1777889278.3213325,3.0,-1.0,-73.0
1777889278.3313324,6.0,-1.0,-79.0
1777889278.3413324,8.0,-3.0,-81.0
1777889278.3513324,3.0,-1.0,-80.0
1777889278.3613324,2.0,0.0,-79.0
1777889278.3713324,0.0,0.0,-76.0
1777889278.3813324,0.0,-2.0,-76.0
1777889278.3913324,-2.0,-6.0,-77.0
1777889278.4013324,0.0,-7.0,-75.0
1777889278.4113324,0.0,-6.0,-80.0
1777889278.4213324,-1.0,1.0,-74.0
1777889278.4313323,-1.0,4.0,-76.0
1777889278.4413323,3.0,4.0,-68.0
1777889278.4513323,4.0,5.0,-69.0
1777889278.4613323,1.0,0.0,-75.0
1777889278.4713323,-2.0,0.0,-75.0
1777889278.4813323,-2.0,-6.0,-74.0
1777889278.4923325,1.0,-6.0,-66.0
1777889278.5013323,5.0,-4.0,-73.0
1777889278.5123324,7.0,-6.0,-82.0
1777889278.5223324,6.0,-4.0,-82.0
1777889278.5323324,10.0,-6.0,-77.0
1777889278.5423324,12.0,-5.0,-74.0
1777889278.5523324,6.0,-5.0,-72.0
1777889278.5623324,5.0,-6.0,-71.0
1777889278.5723324,5.0,-1.0,-80.0
1777889278.5823324,1.0,5.0,-78.0
1777889278.5923324,0.0,5.0,-80.0
1777889278.6023324,5.0,5.0,-75.0
1777889278.6123323,4.0,5.0,-75.0
1777889278.6223323,4.0,2.0,-74.0
1777889278.6323323,5.0,-2.0,-74.0
1777889278.6423323,8.0,0.0,-71.0
1777889278.6523323,12.0,-1.0,-67.0
1777889278.6623323,8.0,0.0,-68.0
1777889278.6723323,11.0,-1.0,-71.0
1777889278.6823325,10.0,1.0,-74.0
1777889278.6923325,8.0,0.0,-76.0
1777889278.7023325,6.0,1.0,-73.0
1777889278.7123325,3.0,0.0,-77.0
1777889278.7223325,6.0,-3.0,-78.0
1777889278.7323325,2.0,-2.0,-75.0
1777889278.7423325,-3.0,-3.0,-75.0
1777889278.7523324,-3.0,-1.0,-76.0
1777889278.7623324,-2.0,2.0,-76.0
1777889278.7723324,-6.0,0.0,-71.0
1777889278.7823324,-6.0,0.0,-69.0
1777889278.7923324,-3.0,0.0,-67.0
1777889278.8023324,-2.0,0.0,-64.0
1777889278.8123324,-1.0,4.0,-59.0
1777889278.8223324,0.0,5.0,-66.0
1777889278.8323324,2.0,0.0,-70.0
1777889278.8423324,0.0,0.0,-69.0
1777889278.8523324,3.0,-3.0,-70.0
1777889278.8623323,5.0,-1.0,-79.0
1777889278.8723323,5.0,0.0,-80.0
1777889278.8823323,1.0,-2.0,-80.0
1777889278.8923323,1.0,-2.0,-89.0
1777889278.9023323,-1.0,-6.0,-86.0
1777889278.9123323,0.0,-10.0,-84.0
1777889278.9223323,0.0,-10.0,-88.0
1777889278.9323325,2.0,-8.0,-83.0
1777889278.9423325,0.0,-4.0,-76.0
1777889278.9523325,3.0,-2.0,-72.0
1777889278.9623325,1.0,-2.0,-71.0
1777889278.9723325,-4.0,-5.0,-70.0
1777889278.9823325,-1.0,-2.0,-68.0
1777889278.9923325,4.0,-2.0,-72.0
1777889279.0023324,7.0,-4.0,-76.0
1777889279.0123324,2.0,-7.0,-79.0
1777889279.0223324,0.0,-8.0,-74.0
1777889279.0323324,1.0,-3.0,-75.0
1777889279.0423324,0.0,1.0,-79.0
1777889279.0523324,3.0,-3.0,-78.0
1777889279.0623324,0.0,0.0,-74.0
1777889279.0723324,2.0,2.0,-71.0
1777889279.0823324,3.0,0.0,-63.0
1777889279.0923324,7.0,-5.0,-64.0
1777889279.1023324,5.0,-5.0,-67.0
1777889279.1123323,4.0,-8.0,-70.0
1777889279.1223323,8.0,-7.0,-77.0
1777889279.1323323,8.0,-5.0,-82.0
1777889279.1423323,5.0,-6.0,-79.0
1777889279.1523323,1.0,-6.0,-77.0
1777889279.1623323,-2.0,-2.0,-81.0
1777889279.1723323,0.0,-3.0,-74.0
1777889279.1823325,-1.0,-1.0,-81.0
1777889279.1923325,0.0,5.0,-85.0
1777889279.2023325,4.0,2.0,-80.0
1777889279.2123325,2.0,0.0,-81.0
1777889279.2223325,-2.0,-5.0,-83.0
1777889279.2323325,-2.0,-8.0,-76.0
1777889279.2423325,-5.0,-7.0,-76.0
1777889279.2523324,-5.0,-3.0,-80.0
1777889279.2623324,0.0,-5.0,-84.0
1777889279.2723324,0.0,-5.0,-85.0
1777889279.2823324,1.0,-6.0,-82.0
1777889279.2923324,-2.0,-6.0,-82.0
1777889279.3023324,-6.0,-6.0,-82.0
1777889279.3123324,-9.0,-4.0,-78.0
1777889279.3223324,-2.0,-3.0,-82.0
1777889279.3323324,0.0,-3.0,-83.0
1777889279.3423324,0.0,-1.0,-83.0
1777889279.3523324,-2.0,3.0,-81.0
1777889279.3623323,-5.0,3.0,-83.0
1777889279.3723323,-3.0,1.0,-80.0
1777889279.3823323,-6.0,1.0,-79.0
1777889279.3923323,-5.0,1.0,-75.0
1777889279.4023323,-7.0,2.0,-73.0
1777889279.4123323,-9.0,3.0,-72.0
1777889279.4223323,-5.0,0.0,-79.0
1777889279.4323325,-5.0,-3.0,-84.0
1777889279.4423325,-5.0,-3.0,-88.0
1777889279.4523325,-2.0,-5.0,-84.0
1777889279.4623325,-3.0,-5.0,-75.0
1777889279.4723325,-4.0,-2.0,-75.0
1777889279.4823325,-1.0,1.0,-75.0
1777889279.4923325,-2.0,0.0,-74.0
1777889279.5023324,1.0,0.0,-74.0
1777889279.5123324,3.0,-2.0,-76.0
1777889279.5223324,7.0,-6.0,-75.0
1777889279.5323324,5.0,-4.0,-70.0
1777889279.5423324,3.0,-1.0,-67.0
1777889279.5523324,0.0,-3.0,-69.0
1777889279.5623324,-2.0,-5.0,-67.0
1777889279.5723324,-6.0,-6.0,-72.0
1777889279.5823324,0.0,-5.0,-79.0
1777889279.5923324,0.0,-4.0,-76.0
1777889279.6023324,0.0,-3.0,-75.0
1777889279.6123323,0.0,1.0,-76.0
1777889279.6223323,2.0,0.0,-80.0
1777889279.6323323,0.0,-4.0,-78.0
1777889279.6423323,-1.0,-5.0,-78.0
1777889279.6523323,0.0,-7.0,-81.0
1777889279.6623323,0.0,-4.0,-80.0
1777889279.6723323,6.0,-1.0,-81.0
1777889279.6823325,7.0,0.0,-81.0
1777889279.6923325,11.0,-2.0,-78.0
1777889279.7023325,11.0,-5.0,-81.0
1777889279.7123325,9.0,-6.0,-81.0
1777889279.7223325,8.0,-6.0,-74.0
1777889279.7323325,7.0,-4.0,-79.0
1777889279.7423325,5.0,-3.0,-77.0
1777889279.7523324,5.0,-7.0,-72.0
1777889279.7623324,4.0,-2.0,-73.0
1777889279.7723324,0.0,1.0,-69.0
1777889279.7823324,0.0,6.0,-68.0
1777889279.7933323,3.0,4.0,-72.0
1777889279.8023324,6.0,0.0,-68.0
1777889279.8123324,10.0,-6.0,-69.0
1777889279.8223324,11.0,-9.0,-66.0
1777889279.8323324,10.0,-10.0,-64.0
1777889279.8423324,6.0,-4.0,-71.0
1777889279.8523324,3.0,-6.0,-76.0
1777889279.8623323,0.0,-1.0,-73.0
1777889279.8723323,-1.0,-1.0,-69.0
1777889279.8823323,-2.0,2.0,-67.0
1777889279.8923323,-3.0,0.0,-65.0
1777889279.9023323,0.0,-2.0,-69.0
1777889279.9123323,1.0,-4.0,-72.0
1777889279.9223323,-3.0,-4.0,-73.0
1777889279.9323325,-3.0,-3.0,-74.0
1777889279.9423325,-1.0,0.0,-75.0
1777889279.9523325,1.0,2.0,-74.0
1777889279.9623325,2.0,0.0,-77.0
1777889279.9723325,1.0,0.0,-79.0
1777889279.9823325,1.0,-5.0,-86.0
1777889279.9923325,0.0,-4.0,-84.0
1777889280.0023324,0.0,-1.0,-74.0
1777889280.0123324,0.0,-5.0,-72.0
1777889280.0223324,3.0,-4.0,-74.0
1777889280.0323324,2.0,-4.0,-77.0
1777889280.0423324,-1.0,-6.0,-74.0
1777889280.0523324,-1.0,-6.0,-70.0
1777889280.0623324,0.0,-2.0,-68.0
1777889280.0723324,-2.0,0.0,-72.0
1777889280.0823324,2.0,-2.0,-79.0
1777889280.0923324,1.0,-1.0,-75.0
1777889280.1023324,0.0,0.0,-73.0
1777889280.1123323,-2.0,-1.0,-76.0
1777889280.1223323,-5.0,-1.0,-82.0
1777889280.1323323,-3.0,-1.0,-91.0
1777889280.1423323,-1.0,0.0,-90.0
1777889280.1523323,2.0,2.0,-91.0
1777889280.1623323,-4.0,0.0,-84.0
1777889280.1723323,-8.0,-2.0,-73.0
1777889280.1823325,-3.0,-1.0,-78.0
1777889280.1923325,-1.0,-2.0,-81.0
1777889280.2023325,-5.0,-2.0,-89.0
1777889280.2123325,-5.0,-1.0,-90.0
1777889280.2223325,-7.0,-1.0,-89.0
1777889280.2323325,0.0,-2.0,-90.0
1777889280.2423325,-6.0,-5.0,-85.0
1777889280.2523324,-4.0,-1.0,-90.0
1777889280.2623324,-1.0,0.0,-86.0
1777889280.2723324,2.0,-5.0,-85.0
1777889280.2823324,0.0,-6.0,-80.0
1777889280.2923324,4.0,-7.0,-82.0
1777889280.3023324,4.0,-7.0,-77.0
1777889280.3123324,4.0,-6.0,-75.0
1777889280.3223324,3.0,-2.0,-71.0
1777889280.3323324,1.0,0.0,-76.0
1777889280.3423324,0.0,-1.0,-74.0
1777889280.3523324,0.0,0.0,-74.0
1777889280.3623323,6.0,0.0,-74.0
1777889280.3723323,3.0,0.0,-70.0
1777889280.3823323,1.0,-2.0,-77.0
1777889280.3923323,-1.0,-2.0,-75.0
1777889280.4023323,-2.0,1.0,-82.0
1777889280.4123323,-5.0,0.0,-80.0
1777889280.4223323,-9.0,1.0,-80.0
1777889280.4323325,-8.0,2.0,-82.0
1777889280.4423325,-8.0,-3.0,-82.0
1777889280.4523325,-7.0,-3.0,-81.0
1777889280.4623325,-6.0,-3.0,-75.0
1777889280.4723325,-5.0,-6.0,-75.0
1777889280.4823325,-1.0,0.0,-74.0
1777889280.4923325,4.0,0.0,-74.0
1777889280.5023324,5.0,3.0,-77.0
1777889280.5123324,6.0,0.0,-82.0
1777889280.5223324,2.0,-1.0,-81.0
1777889280.5323324,2.0,-4.0,-76.0
1777889280.5433323,1.0,-4.0,-76.0
1777889280.5533323,-3.0,-2.0,-75.0
1777889280.5633323,-1.0,1.0,-72.0
1777889280.5733323,0.0,2.0,-74.0
1777889280.5833323,0.0,9.0,-75.0
1777889280.5933323,-2.0,6.0,-76.0
1777889280.6033323,2.0,2.0,-77.0
1777889280.6133325,7.0,-1.0,-77.0
1777889280.6233325,4.0,0.0,-81.0
1777889280.6333325,1.0,0.0,-81.0
1777889280.6433325,0.0,0.0,-76.0
1777889280.6533325,0.0,4.0,-67.0
1777889280.6633325,0.0,4.0,-74.0
1777889280.6733325,-1.0,7.0,-78.0
1777889280.6833324,-3.0,4.0,-80.0
1777889280.6933324,-3.0,1.0,-83.0
1777889280.7033324,-3.0,-1.0,-93.0
1777889280.7133324,-1.0,-4.0,-89.0
1777889280.7233324,0.0,-6.0,-89.0
1777889280.7333324,-3.0,-5.0,-84.0
1777889280.7433324,-3.0,-7.0,-84.0
1777889280.7533324,-4.0,-3.0,-83.0
1777889280.7633324,-7.0,-2.0,-81.0
1777889280.7733324,-7.0,0.0,-80.0
1777889280.7833323,-2.0,0.0,-83.0
1777889280.7933323,0.0,4.0,-84.0
1777889280.8033323,0.0,9.0,-85.0
1777889280.8133323,1.0,8.0,-87.0
1777889280.8233323,0.0,8.0,-83.0
1777889280.8333323,-3.0,7.0,-83.0
1777889280.8433323,-2.0,4.0,-81.0
1777889280.8533323,-2.0,3.0,-76.0
1777889280.8633325,-4.0,-1.0,-72.0
1777889280.8733325,1.0,0.0,-66.0
1777889280.8833325,0.0,1.0,-70.0
1777889280.8933325,3.0,1.0,-72.0
1777889280.9033325,3.0,0.0,-71.0
1777889280.9133325,-2.0,-1.0,-69.0
1777889280.9233325,1.0,0.0,-72.0
1777889280.9333324,0.0,0.0,-75.0
1777889280.9433324,1.0,0.0,-75.0
1777889280.9533324,5.0,0.0,-68.0
1777889280.9633324,4.0,1.0,-68.0
1777889280.9733324,-2.0,5.0,-73.0
1777889280.9833324,-5.0,6.0,-76.0
1777889280.9933324,-3.0,4.0,-80.0
1777889281.0033324,2.0,3.0,-79.0
1777889281.0133324,1.0,5.0,-74.0
1777889281.0233324,3.0,0.0,-75.0
1777889281.0333323,1.0,0.0,-70.0
1777889281.0433323,2.0,0.0,-76.0
1777889281.0533323,5.0,-1.0,-85.0
1777889281.0633323,6.0,0.0,-79.0
1777889281.0733323,1.0,-2.0,-75.0
1777889281.0833323,0.0,-5.0,-74.0
1777889281.0933323,1.0,-5.0,-77.0
1777889281.1033323,0.0,-2.0,-80.0
1777889281.1133325,-1.0,-1.0,-82.0
1777889281.1233325,3.0,0.0,-82.0
1777889281.1333325,5.0,-1.0,-79.0
1777889281.1433325,0.0,-2.0,-77.0
1777889281.1533325,0.0,-1.0,-76.0
1777889281.1633325,1.0,-1.0,-77.0
1777889281.1733325,6.0,1.0,-74.0
1777889281.1833324,7.0,0.0,-75.0
1777889281.1933324,7.0,-2.0,-76.0
1777889281.2033324,5.0,-1.0,-76.0
1777889281.2133324,5.0,3.0,-73.0
1777889281.2233324,4.0,0.0,-75.0
1777889281.2333324,2.0,2.0,-74.0
1777889281.2433324,0.0,5.0,-77.0
1777889281.2533324,2.0,8.0,-75.0
1777889281.2633324,0.0,9.0,-70.0
1777889281.2733324,7.0,4.0,-71.0
1777889281.2833323,10.0,3.0,-69.0
1777889281.2933323,4.0,2.0,-72.0
1777889281.3033323,2.0,-1.0,-68.0
1777889281.3133323,4.0,0.0,-75.0
1777889281.3233323,4.0,-1.0,-70.0
1777889281.3333323,8.0,-5.0,-76.0
1777889281.3433323,4.0,-2.0,-81.0
1777889281.3533323,0.0,2.0,-74.0
1777889281.3633325,0.0,-1.0,-83.0
1777889281.3733325,1.0,-3.0,-84.0
1777889281.3833325,1.0,-5.0,-78.0
1777889281.3933325,1.0,-3.0,-73.0
1777889281.4033325,1.0,1.0,-75.0
1777889281.4133325,-4.0,2.0,-80.0
1777889281.4233325,-2.0,0.0,-80.0
1777889281.4333324,-4.0,0.0,-78.0
1777889281.4433324,-6.0,0.0,-79.0
1777889281.4533324,-3.0,-2.0,-83.0
1777889281.4633324,0.0,0.0,-73.0
1777889281.4733324,0.0,-2.0,-75.0
1777889281.4833324,-3.0,-4.0,-72.0
1777889281.4933324,-5.0,-3.0,-76.0
1777889281.5033324,-2.0,-2.0,-73.0
1777889281.5133324,-2.0,-4.0,-71.0
1777889281.5233324,-2.0,-8.0,-66.0
1777889281.5333323,-1.0,-16.0,-66.0
1777889281.5433323,1.0,-15.0,-72.0
1777889281.5533323,1.0,-9.0,-80.0
1777889281.5633323,7.0,-9.0,-76.0
1777889281.5733323,6.0,-7.0,-80.0
1777889281.5833323,8.0,-5.0,-73.0
1777889281.5933323,7.0,-8.0,-77.0
1777889281.6033323,8.0,-7.0,-87.0
1777889281.6133325,8.0,-3.0,-90.0
1777889281.6233325,6.0,-3.0,-91.0
1777889281.6333325,9.0,-5.0,-84.0
1777889281.6433325,8.0,-2.0,-85.0
1777889281.6533325,8.0,0.0,-84.0
1777889281.6633325,9.0,3.0,-77.0
1777889281.6733325,8.0,2.0,-75.0
1777889281.6833324,5.0,3.0,-71.0
1777889281.6933324,7.0,0.0,-71.0
1777889281.7033324,8.0,0.0,-76.0
1777889281.7133324,5.0,0.0,-76.0
1777889281.7233324,3.0,2.0,-76.0
1777889281.7333324,0.0,3.0,-77.0
1777889281.7433324,-2.0,3.0,-77.0
1777889281.7533324,-3.0,1.0,-73.0
1777889281.7633324,-4.0,3.0,-75.0
1777889281.7733324,-8.0,2.0,-80.0
1777889281.7833323,-3.0,0.0,-80.0
1777889281.7933323,0.0,-1.0,-77.0
1777889281.8033323,0.0,0.0,-77.0
1777889281.8133323,0.0,0.0,-80.0
1777889281.8233323,0.0,-1.0,-82.0
1777889281.8333323,2.0,4.0,-87.0
1777889281.8433323,6.0,8.0,-84.0
1777889281.8533323,8.0,5.0,-81.0
1777889281.8633325,7.0,4.0,-80.0
1777889281.8733325,10.0,-2.0,-83.0
1777889281.8833325,5.0,-2.0,-87.0
1777889281.8933325,4.0,-2.0,-89.0
1777889281.9033325,4.0,1.0,-86.0
1777889281.9133325,7.0,0.0,-84.0
1777889281.9233325,8.0,1.0,-80.0
1777889281.9333324,9.0,2.0,-75.0
1777889281.9433324,7.0,2.0,-73.0
1777889281.9533324,2.0,4.0,-73.0
1777889281.9633324,-3.0,2.0,-78.0
1777889281.9733324,-2.0,0.0,-70.0
1777889281.9833324,-5.0,-5.0,-75.0
1777889281.9933324,-2.0,-6.0,-70.0
1777889282.0033324,-3.0,-6.0,-73.0
1777889282.0133324,-5.0,-2.0,-79.0
1777889282.0233324,-8.0,1.0,-77.0
1777889282.0333323,-6.0,0.0,-77.0
1777889282.0433323,-4.0,0.0,-75.0
1777889282.0533323,-2.0,1.0,-71.0
1777889282.0633323,0.0,0.0,-71.0
1777889282.0733323,1.0,0.0,-74.0
1777889282.0833323,1.0,0.0,-76.0
1777889282.0933323,3.0,4.0,-76.0
1777889282.1033323,4.0,4.0,-80.0
1777889282.1133325,1.0,0.0,-77.0
1777889282.1233325,6.0,4.0,-72.0
1777889282.1333325,5.0,1.0,-74.0
1777889282.1433325,5.0,0.0,-72.0
1777889282.1533325,4.0,-2.0,-69.0
1777889282.1633325,3.0,-4.0,-69.0
1777889282.1733325,-1.0,-2.0,-72.0
1777889282.1833324,-4.0,-1.0,-79.0
1777889282.1933324,-5.0,1.0,-81.0
1777889282.2033324,-1.0,-2.0,-79.0
1777889282.2133324,-5.0,0.0,-83.0
1777889282.2233324,-2.0,0.0,-78.0
1777889282.2333324,-4.0,-1.0,-69.0
1777889282.2433324,-7.0,-1.0,-69.0
1777889282.2533324,-5.0,-1.0,-72.0
1777889282.2633324,-6.0,-6.0,-68.0
1777889282.2733324,0.0,-5.0,-68.0
1777889282.2833323,-2.0,0.0,-65.0
1777889282.2933323,-5.0,-1.0,-71.0
1777889282.3033323,-9.0,4.0,-72.0
1777889282.3133323,-7.0,4.0,-74.0
1777889282.3233323,-4.0,5.0,-77.0
1777889282.3333323,-4.0,2.0,-75.0
1777889282.3433323,-6.0,0.0,-78.0
1777889282.3533323,-5.0,-2.0,-82.0
1777889282.3633325,-7.0,-1.0,-82.0
1777889282.3733325,-4.0,0.0,-76.0
1777889282.3833325,0.0,-2.0,-74.0
1777889282.3933325,0.0,-1.0,-77.0
1777889282.4033325,-3.0,3.0,-76.0
1777889282.4133325,-7.0,-1.0,-75.0
1777889282.4233325,-3.0,-3.0,-72.0
1777889282.4333324,0.0,0.0,-79.0
1777889282.4433324,3.0,-2.0,-82.0
1777889282.4533324,3.0,-3.0,-83.0
1777889282.4643323,-3.0,0.0,-82.0
1777889282.4733324,3.0,0.0,-81.0
1777889282.4833324,1.0,1.0,-79.0
1777889282.4943323,-5.0,0.0,-73.0
1777889282.5043323,-3.0,6.0,-70.0
1777889282.5133324,0.0,9.0,-77.0
1777889282.5243323,-1.0,5.0,-76.0
1777889282.5343325,-7.0,-1.0,-74.0
1777889282.5443325,0.0,0.0,-78.0
1777889282.5543325,-2.0,-1.0,-83.0
1777889282.5643325,-1.0,-1.0,-82.0
1777889282.5743325,-2.0,0.0,-76.0
1777889282.5843325,-3.0,1.0,-82.0
1777889282.5943325,-2.0,0.0,-78.0
1777889282.6043324,-3.0,-1.0,-76.0
1777889282.6143324,0.0,-3.0,-67.0
1777889282.6243324,-1.0,-3.0,-65.0
1777889282.6343324,-4.0,0.0,-68.0
1777889282.6443324,-3.0,4.0,-72.0
1777889282.6543324,4.0,7.0,-73.0
1777889282.6643324,3.0,3.0,-74.0
1777889282.6743324,1.0,1.0,-75.0
1777889282.6843324,3.0,2.0,-79.0
1777889282.6943324,2.0,2.0,-75.0
1777889282.7043324,5.0,4.0,-75.0
1777889282.7143323,3.0,8.0,-69.0
1777889282.7243323,4.0,4.0,-73.0
1777889282.7343323,0.0,3.0,-70.0
1777889282.7443323,2.0,1.0,-76.0
1777889282.7543323,-2.0,0.0,-77.0
1777889282.7643323,1.0,4.0,-86.0
1777889282.7743323,-3.0,2.0,-84.0
1777889282.7843325,-8.0,-1.0,-81.0
1777889282.7943325,-7.0,-4.0,-86.0
1777889282.8043325,-6.0,-4.0,-85.0
1777889282.8143325,-1.0,2.0,-73.0
1777889282.8243325,2.0,4.0,-68.0
1777889282.8343325,2.0,0.0,-74.0
1777889282.8443325,-2.0,-3.0,-81.0
1777889282.8543324,-2.0,-2.0,-79.0
1777889282.8643324,-1.0,-3.0,-74.0
1777889282.8743324,-2.0,0.0,-78.0
1777889282.8843324,0.0,5.0,-81.0
1777889282.8943324,5.0,3.0,-74.0
1777889282.9043324,9.0,3.0,-75.0
1777889282.9143324,7.0,2.0,-75.0
1777889282.9243324,8.0,1.0,-75.0
1777889282.9343324,3.0,2.0,-68.0
1777889282.9443324,1.0,1.0,-70.0
1777889282.9543324,0.0,0.0,-82.0
1777889282.9643323,0.0,0.0,-79.0
1777889282.9743323,0.0,0.0,-77.0
1777889282.9843323,-1.0,1.0,-77.0
1777889282.9943323,-2.0,2.0,-74.0
1777889283.0043323,-2.0,2.0,-76.0
1777889283.0143323,-1.0,-3.0,-76.0
1777889283.0243323,4.0,-4.0,-80.0
1777889283.0343325,6.0,0.0,-76.0
1777889283.0443325,2.0,0.0,-77.0
1777889283.0543325,-3.0,0.0,-83.0
1777889283.0643325,1.0,0.0,-80.0
1777889283.0743325,4.0,0.0,-71.0
1777889283.0843325,3.0,1.0,-71.0
1777889283.0943325,0.0,1.0,-74.0
1777889283.1043324,3.0,0.0,-83.0
1777889283.1143324,0.0,-1.0,-82.0
1777889283.1243324,-2.0,-5.0,-81.0
1777889283.1343324,1.0,-6.0,-80.0
1777889283.1443324,0.0,-8.0,-77.0
1777889283.1543324,-4.0,-7.0,-73.0
1777889283.1643324,-6.0,-7.0,-78.0
1777889283.1743324,-3.0,-5.0,-73.0
1777889283.1843324,0.0,-4.0,-75.0
1777889283.1943324,-6.0,-5.0,-75.0
1777889283.2043324,-6.0,-6.0,-80.0
1777889283.2143323,-5.0,-8.0,-85.0
1777889283.2243323,0.0,-4.0,-82.0
1777889283.2343323,2.0,0.0,-79.0
1777889283.2443323,1.0,2.0,-81.0
1777889283.2543323,0.0,2.0,-77.0
1777889283.2643323,1.0,5.0,-72.0
1777889283.2743323,4.0,2.0,-70.0
1777889283.2843325,3.0,4.0,-72.0
1777889283.2943325,5.0,5.0,-73.0
1777889283.3043325,5.0,5.0,-80.0
1777889283.3143325,6.0,1.0,-83.0
1777889283.3243325,3.0,2.0,-77.0
1777889283.3343325,6.0,4.0,-78.0
1777889283.3443325,3.0,4.0,-76.0
1777889283.3543324,1.0,7.0,-74.0
1777889283.3643324,1.0,4.0,-76.0
1777889283.3743324,2.0,4.0,-70.0
1777889283.3843324,2.0,3.0,-70.0
1777889283.3943324,8.0,0.0,-72.0
1777889283.4043324,9.0,-1.0,-71.0
1777889283.4143324,7.0,-3.0,-68.0
1777889283.4243324,6.0,-2.0,-62.0
1777889283.4343324,6.0,-2.0,-62.0
1777889283.4443324,3.0,-1.0,-65.0
1777889283.4543324,3.0,-1.0,-67.0
1777889283.4643323,0.0,-3.0,-68.0
1777889283.4743323,1.0,-1.0,-75.0
1777889283.4843323,4.0,-6.0,-78.0
1777889283.4943323,6.0,-6.0,-79.0
1777889283.5043323,4.0,-3.0,-79.0
1777889283.5143323,1.0,-4.0,-75.0
1777889283.5243323,2.0,-6.0,-73.0
1777889283.5343325,-1.0,-10.0,-71.0
1777889283.5443325,3.0,-5.0,-69.0
1777889283.5543325,0.0,-4.0,-74.0
1777889283.5643325,-2.0,-4.0,-72.0
1777889283.5743325,-1.0,0.0,-82.0
1777889283.5843325,-1.0,-4.0,-83.0
1777889283.5943325,0.0,-7.0,-79.0
1777889283.6043324,-3.0,-4.0,-78.0
1777889283.6143324,-6.0,-4.0,-80.0
1777889283.6243324,-9.0,-8.0,-80.0
1777889283.6343324,-5.0,-10.0,-77.0
1777889283.6443324,-5.0,-7.0,-80.0
1777889283.6543324,-1.0,-4.0,-78.0
1777889283.6643324,-2.0,-3.0,-78.0
1777889283.6743324,0.0,-7.0,-71.0
1777889283.6843324,5.0,-4.0,-72.0
1777889283.6943324,2.0,-3.0,-71.0
1777889283.7043324,-1.0,-2.0,-80.0
1777889283.7143323,3.0,1.0,-82.0
1777889283.7243323,4.0,1.0,-77.0
1777889283.7343323,3.0,2.0,-78.0
1777889283.7443323,3.0,2.0,-79.0
1777889283.7543323,5.0,4.0,-83.0
1777889283.7643323,6.0,5.0,-81.0
1777889283.7743323,8.0,0.0,-81.0
1777889283.7843325,8.0,0.0,-80.0
1777889283.7943325,5.0,1.0,-79.0
1777889283.8043325,9.0,2.0,-76.0
1777889283.8143325,6.0,0.0,-70.0
1777889283.8243325,4.0,-1.0,-76.0
1777889283.8343325,4.0,0.0,-77.0
1777889283.8443325,-1.0,0.0,-76.0
1777889283.8543324,1.0,-5.0,-78.0
1777889283.8643324,0.0,-4.0,-76.0
1777889283.8743324,2.0,0.0,-69.0
1777889283.8843324,6.0,-1.0,-65.0
1777889283.8943324,8.0,0.0,-69.0
1777889283.9043324,8.0,-3.0,-75.0
1777889283.9143324,9.0,-1.0,-78.0
1777889283.9243324,9.0,0.0,-72.0
1777889283.9343324,15.0,0.0,-70.0
1777889283.9443324,7.0,0.0,-77.0
1777889283.9543324,5.0,1.0,-78.0
1777889283.9643323,4.0,-3.0,-77.0
1777889283.9743323,1.0,-3.0,-80.0
1777889283.9843323,-3.0,-2.0,-81.0
1777889283.9943323,-2.0,-5.0,-79.0
1777889284.0043323,0.0,-7.0,-79.0
1777889284.0143323,0.0,-5.0,-85.0
1777889284.0243323,4.0,-1.0,-87.0
1777889284.0343325,5.0,-2.0,-88.0
1777889284.0443325,2.0,-3.0,-93.0
1777889284.0543325,1.0,-3.0,-94.0
1777889284.0643325,-2.0,2.0,-92.0
1777889284.0743325,-3.0,1.0,-92.0
1777889284.0843325,-1.0,2.0,-77.0
1777889284.0943325,0.0,0.0,-71.0
1777889284.1043324,-1.0,0.0,-78.0
1777889284.1143324,3.0,-2.0,-74.0
1777889284.1243324,4.0,0.0,-68.0
1777889284.1343324,6.0,0.0,-71.0
1777889284.1443324,6.0,1.0,-72.0
1777889284.1543324,6.0,-5.0,-77.0
1777889284.1643324,3.0,-6.0,-76.0
1777889284.1743324,2.0,-3.0,-76.0
1777889284.1843324,3.0,-6.0,-78.0
1777889284.1943324,0.0,-5.0,-82.0
1777889284.2043324,0.0,-7.0,-82.0
1777889284.2143323,4.0,-1.0,-84.0
1777889284.2243323,5.0,1.0,-83.0
1777889284.2343323,7.0,1.0,-83.0
1777889284.2443323,1.0,4.0,-80.0
1777889284.2543323,0.0,3.0,-85.0
1777889284.2643323,-2.0,1.0,-82.0
1777889284.2743323,0.0,-2.0,-82.0
1777889284.2843325,0.0,-6.0,-85.0
1777889284.2943325,6.0,-6.0,-83.0
1777889284.3043325,5.0,-7.0,-80.0
1777889284.3143325,5.0,-7.0,-80.0
1777889284.3243325,2.0,-2.0,-76.0
1777889284.3343325,1.0,0.0,-79.0
1777889284.3443325,0.0,1.0,-82.0
1777889284.3543324,0.0,-1.0,-81.0
1777889284.3643324,3.0,-2.0,-78.0
1777889284.3743324,5.0,0.0,-72.0
1777889284.3843324,5.0,0.0,-73.0
1777889284.3943324,5.0,-1.0,-72.0
1777889284.4043324,2.0,-7.0,-71.0
1777889284.4143324,-2.0,-6.0,-77.0
1777889284.4243324,-2.0,-1.0,-78.0
1777889284.4343324,-2.0,-3.0,-75.0
1777889284.4453323,0.0,-5.0,-73.0
1777889284.4543324,-2.0,0.0,-65.0
1777889284.4643323,-2.0,0.0,-75.0
1777889284.4743323,1.0,4.0,-86.0
1777889284.4853325,3.0,3.0,-81.0
1777889284.4953325,4.0,1.0,-79.0
1777889284.5053325,7.0,0.0,-84.0
1777889284.5153325,5.0,-5.0,-87.0
1777889284.5253325,7.0,-5.0,-88.0
1777889284.5353324,8.0,-1.0,-88.0
1777889284.5453324,9.0,-3.0,-83.0
1777889284.5553324,8.0,-2.0,-84.0
1777889284.5653324,2.0,-1.0,-78.0
1777889284.5753324,1.0,-2.0,-76.0
1777889284.5853324,1.0,-7.0,-78.0
1777889284.5953324,-2.0,-6.0,-71.0
1777889284.6053324,0.0,-3.0,-73.0
1777889284.6153324,-2.0,-1.0,-75.0
1777889284.6253324,0.0,-3.0,-69.0
1777889284.6353323,0.0,-6.0,-74.0
1777889284.6453323,-6.0,-7.0,-68.0
1777889284.6553323,-6.0,-7.0,-66.0
1777889284.6653323,-8.0,-9.0,-66.0
1777889284.6753323,-5.0,-8.0,-63.0
1777889284.6853323,0.0,-5.0,-60.0
1777889284.6953323,0.0,-1.0,-66.0
1777889284.7053325,0.0,1.0,-71.0
1777889284.7153325,0.0,3.0,-72.0
1777889284.7253325,6.0,1.0,-78.0
1777889284.7353325,7.0,3.0,-79.0
1777889284.7453325,2.0,4.0,-75.0
1777889284.7553325,-2.0,4.0,-81.0
1777889284.7653325,-3.0,3.0,-82.0
1777889284.7753325,-4.0,0.0,-82.0
1777889284.7853324,-1.0,-5.0,-82.0
1777889284.7953324,0.0,-7.0,-81.0
1777889284.8053324,2.0,-6.0,-77.0
1777889284.8153324,0.0,-10.0,-74.0
1777889284.8253324,-1.0,-8.0,-66.0
1777889284.8353324,-1.0,-5.0,-69.0
1777889284.8453324,0.0,-4.0,-71.0
1777889284.8553324,-4.0,-5.0,-78.0
1777889284.8653324,-2.0,0.0,-74.0
1777889284.8753324,-1.0,0.0,-74.0
1777889284.8853323,-2.0,1.0,-82.0
1777889284.8953323,-3.0,1.0,-82.0
1777889284.9053323,-2.0,5.0,-84.0
1777889284.9153323,-3.0,1.0,-83.0
1777889284.9253323,-1.0,-2.0,-81.0
1777889284.9353323,0.0,0.0,-77.0
1777889284.9453323,0.0,0.0,-79.0
1777889284.9553325,1.0,0.0,-83.0
1777889284.9653325,2.0,-3.0,-77.0
1777889284.9753325,1.0,-2.0,-78.0
1777889284.9853325,0.0,-4.0,-80.0
1777889284.9953325,-2.0,-2.0,-69.0
1777889285.0053325,1.0,-1.0,-64.0
1777889285.0153325,6.0,-1.0,-69.0
1777889285.0253325,4.0,2.0,-69.0
1777889285.0353324,0.0,-2.0,-73.0
1777889285.0453324,1.0,0.0,-79.0
1777889285.0553324,3.0,0.0,-79.0
1777889285.0653324,3.0,0.0,-77.0
1777889285.0753324,4.0,-2.0,-71.0
1777889285.0853324,4.0,0.0,-65.0
1777889285.0953324,5.0,0.0,-69.0
1777889285.1053324,5.0,0.0,-67.0
1777889285.1153324,5.0,1.0,-70.0
1777889285.1253324,2.0,-3.0,-75.0
1777889285.1353323,0.0,-2.0,-78.0
1777889285.1453323,2.0,1.0,-74.0
1777889285.1553323,8.0,0.0,-72.0
1777889285.1653323,6.0,1.0,-71.0
1777889285.1753323,5.0,0.0,-68.0
1777889285.1853323,0.0,-2.0,-70.0
1777889285.1953323,2.0,-1.0,-76.0
1777889285.2053325,0.0,-4.0,-76.0
1777889285.2153325,-1.0,-3.0,-72.0
1777889285.2253325,0.0,-3.0,-66.0
1777889285.2353325,-3.0,-3.0,-63.0
1777889285.2453325,-8.0,-2.0,-60.0
1777889285.2553325,-6.0,-4.0,-69.0
1777889285.2653325,-7.0,-1.0,-76.0
1777889285.2753325,-3.0,-2.0,-80.0
1777889285.2853324,-3.0,4.0,-85.0
1777889285.2953324,-3.0,0.0,-83.0
1777889285.3053324,-7.0,1.0,-79.0
1777889285.3153324,-10.0,0.0,-76.0
1777889285.3253324,-7.0,2.0,-81.0
1777889285.3353324,-5.0,3.0,-76.0
1777889285.3453324,-3.0,0.0,-70.0
1777889285.3553324,-4.0,-2.0,-72.0
1777889285.3653324,0.0,-2.0,-79.0
1777889285.3753324,-1.0,0.0,-84.0
1777889285.3853323,-1.0,0.0,-76.0
1777889285.3953323,-6.0,0.0,-73.0
1777889285.4053323,-4.0,0.0,-79.0
1777889285.4153323,0.0,-2.0,-73.0
1777889285.4253323,1.0,-4.0,-74.0
1777889285.4353323,1.0,-3.0,-74.0
1777889285.4453323,2.0,-5.0,-72.0
1777889285.4553325,0.0,-6.0,-74.0
1777889285.4653325,0.0,-1.0,-72.0
1777889285.4753325,3.0,0.0,-75.0
1777889285.4853325,5.0,1.0,-76.0
1777889285.4953325,2.0,0.0,-78.0
1777889285.5053325,0.0,1.0,-82.0
1777889285.5153325,-5.0,0.0,-76.0
1777889285.5253325,-2.0,1.0,-70.0
1777889285.5353324,2.0,1.0,-76.0
1777889285.5453324,2.0,4.0,-81.0
1777889285.5553324,0.0,0.0,-84.0
1777889285.5653324,0.0,1.0,-82.0
1777889285.5753324,2.0,0.0,-75.0
1777889285.5853324,3.0,0.0,-78.0
1777889285.5953324,0.0,0.0,-73.0
1777889285.6053324,2.0,-2.0,-78.0
1777889285.6153324,4.0,-1.0,-74.0
1777889285.6253324,0.0,1.0,-78.0
1777889285.6353323,0.0,-3.0,-84.0
1777889285.6453323,0.0,-2.0,-78.0
1777889285.6553323,1.0,1.0,-74.0
1777889285.6653323,-5.0,2.0,-69.0
1777889285.6753323,-9.0,0.0,-74.0
1777889285.6853323,-9.0,1.0,-73.0
1777889285.6953323,-9.0,-4.0,-75.0
1777889285.7053325,-8.0,-3.0,-75.0
1777889285.7153325,-3.0,-2.0,-82.0
1777889285.7253325,-6.0,-1.0,-78.0
1777889285.7353325,-7.0,0.0,-77.0
1777889285.7453325,-5.0,0.0,-75.0
1777889285.7553325,-5.0,3.0,-74.0
1777889285.7653325,-1.0,2.0,-71.0
1777889285.7753325,1.0,-1.0,-71.0
1777889285.7853324,-2.0,0.0,-71.0
1777889285.7953324,-5.0,4.0,-77.0
1777889285.8053324,-8.0,4.0,-80.0
1777889285.8153324,-8.0,0.0,-79.0
1777889285.8253324,-5.0,-2.0,-77.0
1777889285.8353324,-4.0,-2.0,-76.0
1777889285.8453324,-10.0,-3.0,-75.0
1777889285.8553324,-10.0,0.0,-76.0
1777889285.8653324,-11.0,0.0,-80.0
1777889285.8753324,-10.0,3.0,-78.0
1777889285.8853323,-10.0,2.0,-77.0
1777889285.8953323,-8.0,5.0,-82.0
1777889285.9053323,-2.0,2.0,-90.0
1777889285.9153323,-1.0,1.0,-91.0
1777889285.9253323,0.0,3.0,-89.0
1777889285.9353323,0.0,7.0,-83.0
1777889285.9453323,0.0,8.0,-79.0
1777889285.9553325,2.0,5.0,-76.0
1777889285.9653325,2.0,4.0,-73.0
1777889285.9753325,-1.0,0.0,-75.0
1777889285.9853325,-1.0,0.0,-85.0
1777889285.9953325,0.0,-1.0,-86.0
1777889286.0053325,1.0,0.0,-85.0
1777889286.0153325,-1.0,-1.0,-82.0
1777889286.0253325,0.0,-2.0,-79.0
1777889286.0353324,-1.0,1.0,-81.0
1777889286.0453324,0.0,-1.0,-86.0
1777889286.0553324,-3.0,-7.0,-96.0
1777889286.0653324,0.0,-6.0,-91.0
1777889286.0753324,-2.0,-4.0,-89.0
1777889286.0853324,-4.0,-2.0,-88.0
1777889286.0953324,-6.0,-3.0,-82.0
1777889286.1053324,-3.0,-3.0,-82.0
1777889286.1153324,1.0,0.0,-80.0
1777889286.1253324,0.0,0.0,-83.0
1777889286.1353323,0.0,4.0,-86.0
1777889286.1453323,0.0,1.0,-85.0
1777889286.1553323,-2.0,0.0,-76.0
1777889286.1653323,0.0,-3.0,-71.0
1777889286.1753323,5.0,0.0,-74.0
1777889286.1853323,2.0,0.0,-69.0
1777889286.1953323,-1.0,-2.0,-74.0
1777889286.2053325,-5.0,-3.0,-73.0
1777889286.2153325,-6.0,-3.0,-74.0
1777889286.2253325,-4.0,-5.0,-77.0
1777889286.2353325,-3.0,-3.0,-77.0
1777889286.2453325,-3.0,-2.0,-77.0
1777889286.2553325,0.0,-4.0,-81.0
1777889286.2653325,1.0,-1.0,-79.0
1777889286.2753325,0.0,0.0,-75.0
1777889286.2853324,0.0,2.0,-72.0
1777889286.2953324,3.0,-1.0,-74.0
1777889286.3053324,3.0,-4.0,-78.0
1777889286.3153324,-3.0,-6.0,-75.0
1777889286.3253324,-4.0,-3.0,-80.0
1777889286.3353324,-9.0,-5.0,-81.0
1777889286.3453324,-6.0,-7.0,-76.0
1777889286.3553324,-6.0,-7.0,-76.0
1777889286.3653324,-3.0,-1.0,-80.0
1777889286.3753324,-1.0,-3.0,-81.0
1777889286.3853323,-2.0,-2.0,-78.0
1777889286.3953323,1.0,-3.0,-74.0
1777889286.4053323,2.0,-3.0,-72.0
1777889286.4153323,0.0,-1.0,-72.0
1777889286.4263325,0.0,0.0,-73.0
1777889286.4353323,1.0,0.0,-72.0
1777889286.4463325,1.0,-3.0,-64.0
1777889286.4563324,1.0,-5.0,-62.0
1777889286.4663324,1.0,-11.0,-64.0
1777889286.4763324,-1.0,-9.0,-70.0
1777889286.4853325,-4.0,-7.0,-72.0
1777889286.4963324,1.0,-2.0,-63.0
1777889286.5063324,1.0,2.0,-66.0
1777889286.5163324,0.0,3.0,-71.0
1777889286.5263324,0.0,2.0,-78.0
1777889286.5363324,5.0,1.0,-88.0
1777889286.5463324,4.0,-1.0,-88.0
1777889286.5563323,0.0,-2.0,-90.0
1777889286.5663323,0.0,-1.0,-92.0
1777889286.5763323,-1.0,0.0,-86.0
1777889286.5863323,0.0,-2.0,-81.0
1777889286.5963323,-2.0,-5.0,-80.0
1777889286.6063323,-2.0,-8.0,-72.0
1777889286.6163323,0.0,-9.0,-70.0
1777889286.6263323,-2.0,-6.0,-72.0
1777889286.6363325,0.0,-6.0,-74.0
1777889286.6463325,1.0,-3.0,-73.0
1777889286.6563325,3.0,-5.0,-82.0
1777889286.6663325,3.0,-1.0,-86.0
1777889286.6763325,4.0,1.0,-92.0
1777889286.6863325,7.0,2.0,-90.0
1777889286.6963325,6.0,0.0,-84.0
1777889286.7063324,6.0,0.0,-85.0
1777889286.7163324,4.0,-2.0,-87.0
1777889286.7263324,0.0,-1.0,-86.0
1777889286.7363324,1.0,-5.0,-79.0
1777889286.7463324,0.0,-7.0,-77.0
1777889286.7563324,3.0,-8.0,-78.0
1777889286.7663324,8.0,-6.0,-73.0
1777889286.7763324,2.0,-1.0,-73.0
1777889286.7863324,1.0,2.0,-79.0
1777889286.7963324,-1.0,4.0,-76.0
1777889286.8063323,-1.0,3.0,-72.0
1777889286.8163323,-1.0,1.0,-78.0
1777889286.8263323,-5.0,-5.0,-71.0
1777889286.8363323,-1.0,-5.0,-77.0
1777889286.8463323,3.0,-1.0,-70.0
1777889286.8563323,4.0,2.0,-72.0
1777889286.8663323,2.0,1.0,-76.0
1777889286.8763323,0.0,0.0,-69.0
1777889286.8863325,0.0,0.0,-71.0
1777889286.8963325,-1.0,3.0,-79.0
1777889286.9063325,-5.0,3.0,-77.0
1777889286.9163325,-4.0,4.0,-76.0
1777889286.9263325,-6.0,5.0,-71.0
1777889286.9363325,-2.0,3.0,-74.0
1777889286.9463325,2.0,2.0,-75.0
1777889286.9563324,2.0,1.0,-73.0
1777889286.9663324,5.0,0.0,-72.0
1777889286.9763324,0.0,3.0,-68.0
1777889286.9863324,1.0,2.0,-66.0
1777889286.9963324,5.0,1.0,-61.0
1777889287.0063324,7.0,0.0,-61.0
1777889287.0163324,2.0,-4.0,-61.0
1777889287.0263324,0.0,-4.0,-62.0
1777889287.0363324,-1.0,-8.0,-66.0
1777889287.0463324,5.0,-11.0,-67.0
1777889287.0563323,3.0,-10.0,-74.0
1777889287.0663323,0.0,-6.0,-78.0
1777889287.0763323,4.0,-3.0,-75.0
1777889287.0863323,6.0,-3.0,-78.0
1777889287.0963323,3.0,-2.0,-83.0
1777889287.1063323,2.0,1.0,-80.0
1777889287.1163323,1.0,2.0,-76.0
1777889287.1263323,-3.0,0.0,-77.0
1777889287.1363325,0.0,2.0,-76.0
1777889287.1463325,1.0,2.0,-75.0
1777889287.1563325,3.0,3.0,-73.0
1777889287.1663325,-3.0,1.0,-72.0
1777889287.1763325,-8.0,0.0,-76.0
1777889287.1863325,-6.0,1.0,-73.0
1777889287.1963325,0.0,4.0,-65.0
1777889287.2063324,0.0,3.0,-65.0
1777889287.2163324,-1.0,1.0,-64.0
1777889287.2263324,-3.0,0.0,-64.0
1777889287.2363324,-2.0,0.0,-69.0
1777889287.2463324,5.0,2.0,-60.0
1777889287.2563324,5.0,4.0,-60.0
1777889287.2663324,4.0,5.0,-56.0
1777889287.2763324,6.0,5.0,-61.0
1777889287.2863324,2.0,0.0,-75.0
1777889287.2963324,2.0,-3.0,-78.0
1777889287.3063323,0.0,-3.0,-80.0
1777889287.3163323,-1.0,-4.0,-81.0
1777889287.3263323,0.0,0.0,-75.0
1777889287.3363323,-1.0,0.0,-69.0
1777889287.3463323,-4.0,-1.0,-69.0
1777889287.3563323,-7.0,-3.0,-63.0
1777889287.3663323,-5.0,-4.0,-64.0
1777889287.3763323,-4.0,-3.0,-67.0
1777889287.3863325,-1.0,-1.0,-72.0
1777889287.3963325,-2.0,-3.0,-75.0
1777889287.4063325,2.0,-3.0,-78.0
1777889287.4163325,-3.0,-3.0,-83.0
1777889287.4263325,-5.0,-2.0,-77.0
1777889287.4363325,-5.0,-4.0,-74.0
1777889287.4463325,0.0,-1.0,-73.0
1777889287.4563324,-2.0,-1.0,-73.0
1777889287.4663324,0.0,-1.0,-75.0
1777889287.4763324,2.0,-1.0,-78.0
1777889287.4863324,2.0,-2.0,-74.0
1777889287.4963324,4.0,-2.0,-70.0
1777889287.5063324,1.0,-2.0,-73.0
1777889287.5163324,2.0,5.0,-80.0
1777889287.5263324,4.0,1.0,-79.0
1777889287.5363324,6.0,-1.0,-84.0
1777889287.5463324,4.0,-1.0,-85.0
1777889287.5563323,1.0,-3.0,-82.0
1777889287.5663323,3.0,0.0,-86.0
1777889287.5763323,3.0,0.0,-79.0
1777889287.5863323,1.0,2.0,-72.0
1777889287.5963323,4.0,0.0,-69.0
1777889287.6063323,5.0,-2.0,-71.0
1777889287.6163323,4.0,-3.0,-75.0
1777889287.6263323,4.0,-3.0,-68.0
1777889287.6363325,2.0,-4.0,-67.0
1777889287.6463325,2.0,-3.0,-72.0
1777889287.6563325,1.0,-2.0,-72.0
1777889287.6663325,0.0,-5.0,-76.0
1777889287.6763325,0.0,0.0,-80.0
1777889287.6863325,-3.0,-2.0,-76.0
1777889287.6963325,0.0,-2.0,-81.0
1777889287.7063324,-4.0,-2.0,-81.0
1777889287.7163324,0.0,-4.0,-72.0
1777889287.7263324,-1.0,-3.0,-74.0
1777889287.7363324,0.0,-2.0,-78.0
1777889287.7463324,0.0,-1.0,-74.0
1777889287.7563324,0.0,-2.0,-75.0
1777889287.7663324,-5.0,1.0,-74.0
1777889287.7763324,0.0,1.0,-67.0
1777889287.7863324,-1.0,0.0,-67.0
1777889287.7963324,0.0,-1.0,-66.0
1777889287.8063323,-2.0,-2.0,-71.0
1777889287.8163323,-2.0,-3.0,-74.0
1777889287.8263323,-2.0,-1.0,-67.0
1777889287.8363323,1.0,-4.0,-65.0
1777889287.8463323,0.0,-5.0,-73.0
1777889287.8563323,-2.0,-7.0,-75.0
1777889287.8663323,2.0,-9.0,-74.0
1777889287.8763323,0.0,-11.0,-82.0
1777889287.8863325,-1.0,-7.0,-82.0
1777889287.8963325,-1.0,-5.0,-80.0
1777889287.9063325,0.0,-5.0,-83.0
1777889287.9163325,-2.0,-3.0,-83.0
1777889287.9263325,-3.0,-4.0,-81.0
1777889287.9363325,0.0,-8.0,-77.0
1777889287.9463325,-3.0,-7.0,-77.0
1777889287.9563324,2.0,-9.0,-77.0
1777889287.9663324,9.0,-9.0,-78.0
1777889287.9763324,7.0,-7.0,-75.0
1777889287.9863324,3.0,-4.0,-77.0
1777889287.9963324,2.0,-1.0,-85.0
1777889288.0063324,1.0,-3.0,-87.0
1777889288.0163324,3.0,-1.0,-86.0
1777889288.0263324,3.0,1.0,-86.0
1777889288.0363324,5.0,5.0,-81.0
1777889288.0463324,3.0,5.0,-79.0
1777889288.0563323,5.0,7.0,-76.0
1777889288.0663323,2.0,0.0,-78.0
1777889288.0763323,0.0,-6.0,-78.0
1777889288.0863323,1.0,-4.0,-74.0
1777889288.0963323,2.0,0.0,-75.0
1777889288.1063323,4.0,-1.0,-70.0
1777889288.1163323,6.0,0.0,-69.0
1777889288.1263323,8.0,2.0,-61.0
1777889288.1363325,5.0,0.0,-64.0
1777889288.1463325,1.0,0.0,-63.0
1777889288.1563325,0.0,-6.0,-73.0
1777889288.1663325,-4.0,-4.0,-75.0
1777889288.1763325,-6.0,-4.0,-70.0
1777889288.1863325,-1.0,-3.0,-73.0
1777889288.1963325,-1.0,0.0,-76.0
1777889288.2063324,0.0,0.0,-75.0
1777889288.2163324,0.0,2.0,-67.0
1777889288.2263324,-4.0,-2.0,-67.0
1777889288.2363324,0.0,-1.0,-69.0
1777889288.2463324,1.0,-5.0,-69.0
1777889288.2563324,1.0,-5.0,-65.0
1777889288.2663324,-1.0,-4.0,-71.0
1777889288.2763324,-5.0,-4.0,-72.0
1777889288.2863324,-4.0,-7.0,-72.0
1777889288.2963324,-1.0,-8.0,-75.0
1777889288.3063323,1.0,-6.0,-81.0
1777889288.3163323,2.0,-3.0,-80.0
1777889288.3263323,5.0,1.0,-81.0
1777889288.3363323,6.0,-1.0,-77.0
1777889288.3463323,4.0,-6.0,-80.0
1777889288.3563323,5.0,0.0,-82.0
1777889288.3663323,5.0,3.0,-79.0
1777889288.3763323,3.0,1.0,-81.0
1777889288.3863325,5.0,3.0,-75.0
1777889288.3963325,1.0,2.0,-75.0
1777889288.4063325,-2.0,0.0,-74.0
1777889288.4163325,-7.0,0.0,-74.0
1777889288.4263325,-7.0,0.0,-72.0
1777889288.4363325,-7.0,1.0,-73.0
1777889288.4473324,-3.0,0.0,-70.0
1777889288.4573324,0.0,2.0,-74.0
1777889288.4673324,2.0,0.0,-78.0
1777889288.4773324,1.0,0.0,-72.0
1777889288.4873323,0.0,-5.0,-69.0
1777889288.4973323,-2.0,-2.0,-67.0
1777889288.5073323,-3.0,-1.0,-68.0
1777889288.5173323,-6.0,0.0,-67.0
1777889288.5273323,-5.0,0.0,-71.0
1777889288.5373323,0.0,2.0,-71.0
1777889288.5473323,1.0,2.0,-77.0
1777889288.5573325,0.0,2.0,-77.0
1777889288.5673325,0.0,0.0,-79.0
1777889288.5773325,1.0,-4.0,-79.0
1777889288.5873325,1.0,-6.0,-75.0
1777889288.5973325,1.0,-6.0,-71.0
1777889288.6073325,4.0,-5.0,-69.0
1777889288.6173325,1.0,-9.0,-69.0
1777889288.6273324,2.0,-7.0,-70.0
1777889288.6373324,2.0,-6.0,-78.0
1777889288.6473324,3.0,-5.0,-78.0
1777889288.6573324,2.0,-5.0,-78.0
1777889288.6673324,-1.0,-4.0,-77.0
1777889288.6773324,2.0,0.0,-79.0
1777889288.6873324,3.0,0.0,-83.0
1777889288.6973324,2.0,2.0,-78.0
1777889288.7073324,3.0,-1.0,-80.0
1777889288.7173324,2.0,-3.0,-76.0
1777889288.7273324,1.0,-1.0,-77.0
1777889288.7373323,-3.0,-2.0,-74.0
1777889288.7473323,3.0,0.0,-76.0
1777889288.7573323,8.0,2.0,-70.0
1777889288.7673323,3.0,-1.0,-65.0
1777889288.7773323,0.0,-6.0,-66.0
1777889288.7873323,0.0,-7.0,-72.0
1777889288.7973323,4.0,-7.0,-65.0
1777889288.8073325,4.0,-6.0,-69.0
1777889288.8173325,0.0,-6.0,-73.0
1777889288.8273325,2.0,-4.0,-72.0
1777889288.8373325,0.0,-3.0,-77.0
1777889288.8473325,-2.0,-6.0,-75.0
1777889288.8573325,0.0,0.0,-73.0
1777889288.8673325,4.0,0.0,-75.0
1777889288.8773324,3.0,0.0,-68.0
1777889288.8873324,1.0,0.0,-73.0
1777889288.8973324,0.0,0.0,-66.0
1777889288.9073324,4.0,-1.0,-62.0
1777889288.9173324,5.0,0.0,-58.0
1777889288.9273324,3.0,3.0,-69.0
1777889288.9373324,8.0,1.0,-72.0
1777889288.9473324,6.0,-1.0,-71.0
1777889288.9573324,3.0,-4.0,-80.0
1777889288.9673324,1.0,-6.0,-83.0
1777889288.9773324,0.0,-3.0,-79.0
1777889288.9873323,2.0,-4.0,-78.0
1777889288.9973323,2.0,-6.0,-78.0
1777889289.0073323,5.0,-4.0,-79.0
1777889289.0173323,3.0,-4.0,-74.0
1777889289.0273323,1.0,-7.0,-72.0
1777889289.0373323,1.0,-2.0,-73.0
1777889289.0473323,2.0,-3.0,-74.0
1777889289.0573325,0.0,-5.0,-79.0
1777889289.0673325,0.0,-8.0,-78.0
1777889289.0773325,-3.0,-5.0,-78.0
1777889289.0873325,-2.0,-5.0,-79.0
1777889289.0973325,-2.0,0.0,-75.0
1777889289.1073325,-5.0,-3.0,-81.0
1777889289.1173325,-8.0,-4.0,-78.0
1777889289.1273324,-8.0,0.0,-82.0
1777889289.1373324,-7.0,0.0,-78.0
1777889289.1473324,-6.0,4.0,-80.0
1777889289.1573324,-2.0,1.0,-82.0
1777889289.1673324,-2.0,-2.0,-83.0
1777889289.1773324,-1.0,-4.0,-79.0
1777889289.1873324,-3.0,-5.0,-83.0
1777889289.1973324,0.0,-6.0,-81.0
1777889289.2073324,0.0,-6.0,-81.0
1777889289.2173324,-3.0,-5.0,-83.0
1777889289.2273324,0.0,-4.0,-85.0
1777889289.2373323,0.0,-1.0,-78.0
1777889289.2473323,3.0,2.0,-78.0
1777889289.2573323,2.0,3.0,-71.0
1777889289.2673323,0.0,6.0,-71.0
1777889289.2773323,1.0,1.0,-70.0
1777889289.2873323,6.0,-3.0,-67.0
1777889289.2973323,7.0,-1.0,-68.0
1777889289.3073325,11.0,-2.0,-70.0
1777889289.3173325,10.0,-2.0,-71.0
1777889289.3273325,8.0,1.0,-71.0
1777889289.3373325,6.0,-1.0,-74.0
1777889289.3473325,5.0,-2.0,-83.0
1777889289.3573325,3.0,-2.0,-84.0
1777889289.3673325,8.0,-3.0,-79.0
1777889289.3773324,5.0,-1.0,-78.0
1777889289.3873324,4.0,-2.0,-76.0
1777889289.3973324,4.0,-2.0,-69.0
1777889289.4073324,3.0,-2.0,-66.0
1777889289.4173324,6.0,-3.0,-68.0
1777889289.4273324,1.0,-1.0,-64.0
1777889289.4373324,-3.0,0.0,-67.0
1777889289.4473324,-7.0,0.0,-61.0
1777889289.4573324,-5.0,-3.0,-62.0
1777889289.4673324,-5.0,-5.0,-63.0
1777889289.4773324,-2.0,0.0,-67.0
1777889289.4873323,-2.0,0.0,-63.0
1777889289.4973323,0.0,-1.0,-66.0
1777889289.5073323,-1.0,-1.0,-68.0
1777889289.5173323,0.0,0.0,-68.0
1777889289.5273323,2.0,0.0,-69.0
1777889289.5373323,0.0,0.0,-77.0
1777889289.5473323,1.0,-7.0,-69.0
1777889289.5573325,4.0,-7.0,-69.0
1777889289.5673325,0.0,-8.0,-71.0
1777889289.5773325,-4.0,-2.0,-74.0
1777889289.5883324,-5.0,-3.0,-75.0
1777889289.5973325,-2.0,-4.0,-73.0
1777889289.6073325,4.0,-5.0,-75.0
1777889289.6173325,6.0,-6.0,-75.0
1777889289.6273324,4.0,-10.0,-76.0
1777889289.6373324,3.0,-9.0,-71.0
1777889289.6473324,3.0,-9.0,-75.0
1777889289.6573324,6.0,-7.0,-77.0
1777889289.6673324,1.0,-7.0,-80.0
1777889289.6773324,0.0,-9.0,-80.0
1777889289.6873324,3.0,-8.0,-85.0
1777889289.6973324,0.0,-4.0,-84.0
1777889289.7073324,-6.0,0.0,-84.0
1777889289.7173324,-6.0,-4.0,-83.0
1777889289.7273324,-5.0,-2.0,-74.0
1777889289.7373323,-1.0,-1.0,-78.0
1777889289.7473323,0.0,0.0,-81.0
1777889289.7573323,-2.0,0.0,-81.0
1777889289.7673323,0.0,-3.0,-85.0
1777889289.7773323,0.0,-4.0,-80.0
1777889289.7873323,-2.0,-6.0,-79.0
1777889289.7973323,-5.0,-2.0,-71.0
1777889289.8073325,-6.0,-2.0,-63.0
1777889289.8173325,-6.0,-2.0,-65.0
1777889289.8273325,-8.0,-4.0,-66.0
1777889289.8373325,-9.0,0.0,-72.0
1777889289.8473325,-9.0,1.0,-71.0
1777889289.8573325,-6.0,0.0,-68.0
1777889289.8673325,-9.0,0.0,-69.0
1777889289.8773324,-5.0,-1.0,-76.0
1777889289.8873324,-8.0,0.0,-70.0
1777889289.8973324,-7.0,1.0,-66.0
1777889289.9073324,-9.0,0.0,-71.0
1777889289.9173324,-8.0,-1.0,-78.0
1777889289.9273324,-5.0,-2.0,-73.0
1777889289.9373324,-4.0,-2.0,-79.0
1777889289.9473324,-7.0,-1.0,-72.0
1777889289.9573324,-9.0,-1.0,-71.0
1777889289.9673324,-4.0,-2.0,-72.0
1777889289.9773324,-2.0,-5.0,-74.0
1777889289.9873323,-1.0,-3.0,-76.0
1777889289.9973323,2.0,0.0,-81.0
1777889290.0073323,3.0,1.0,-77.0
1777889290.0173323,4.0,3.0,-81.0
1777889290.0273323,6.0,7.0,-90.0
1777889290.0373323,4.0,7.0,-86.0
1777889290.0473323,2.0,9.0,-84.0
1777889290.0573325,7.0,1.0,-86.0
1777889290.0673325,10.0,1.0,-85.0
1777889290.0773325,4.0,0.0,-79.0
1777889290.0873325,7.0,0.0,-77.0
1777889290.0973325,9.0,2.0,-75.0
1777889290.1073325,9.0,-1.0,-74.0
1777889290.1173325,7.0,0.0,-76.0
1777889290.1273324,2.0,-2.0,-81.0
1777889290.1373324,2.0,-3.0,-80.0
1777889290.1473324,2.0,-3.0,-80.0
1777889290.1573324,4.0,-4.0,-74.0
1777889290.1673324,1.0,0.0,-76.0
1777889290.1773324,2.0,2.0,-76.0
1777889290.1873324,3.0,5.0,-74.0
1777889290.1973324,0.0,3.0,-77.0
1777889290.2073324,0.0,0.0,-74.0
1777889290.2173324,3.0,0.0,-74.0
1777889290.2273324,1.0,0.0,-74.0
1777889290.2373323,0.0,1.0,-66.0
1777889290.2473323,-2.0,0.0,-73.0
1777889290.2573323,-3.0,0.0,-70.0
1777889290.2673323,4.0,-2.0,-69.0
1777889290.2773323,3.0,-7.0,-71.0
1777889290.2873323,5.0,-4.0,-69.0
1777889290.2973323,3.0,-1.0,-69.0
1777889290.3073325,5.0,-4.0,-66.0
1777889290.3173325,1.0,-3.0,-68.0
1777889290.3273325,-4.0,-5.0,-63.0
1777889290.3373325,0.0,-6.0,-70.0
1777889290.3473325,-2.0,-4.0,-78.0
1777889290.3573325,0.0,-5.0,-77.0
1777889290.3673325,-1.0,-1.0,-79.0
1777889290.3773324,-8.0,-4.0,-84.0
1777889290.3873324,-8.0,-6.0,-83.0
1777889290.3973324,-7.0,-3.0,-82.0
1777889290.4083323,-4.0,0.0,-82.0
1777889290.4183323,-4.0,0.0,-80.0
1777889290.4283323,-2.0,-3.0,-81.0
1777889290.4383323,-6.0,-3.0,-77.0
1777889290.4483323,-9.0,-1.0,-79.0
1777889290.4583323,-5.0,-3.0,-76.0
1777889290.4683323,-1.0,-4.0,-79.0
1777889290.4783323,-1.0,-2.0,-78.0
1777889290.4883325,1.0,-1.0,-81.0
1777889290.4983325,0.0,-3.0,-73.0
1777889290.5083325,0.0,-2.0,-67.0
1777889290.5183325,1.0,-4.0,-67.0
1777889290.5283325,3.0,-2.0,-64.0
1777889290.5383325,2.0,-1.0,-65.0
1777889290.5483325,10.0,-1.0,-74.0
1777889290.5583324,8.0,2.0,-76.0
1777889290.5683324,6.0,0.0,-74.0
1777889290.5783324,9.0,0.0,-74.0
1777889290.5883324,8.0,0.0,-72.0
1777889290.5983324,3.0,2.0,-73.0
1777889290.6083324,2.0,3.0,-74.0
1777889290.6183324,3.0,-1.0,-77.0
1777889290.6283324,-2.0,0.0,-79.0
1777889290.6383324,-4.0,-4.0,-73.0
1777889290.6483324,1.0,-5.0,-73.0
1777889290.6583323,1.0,-2.0,-67.0
1777889290.6683323,0.0,-1.0,-72.0
1777889290.6783323,-3.0,-2.0,-72.0
1777889290.6883323,-1.0,-5.0,-71.0
1777889290.6983323,1.0,-7.0,-74.0
1777889290.7083323,2.0,-7.0,-75.0
1777889290.7183323,1.0,-3.0,-74.0
1777889290.7283323,4.0,0.0,-74.0
1777889290.7383325,3.0,-2.0,-78.0
1777889290.7483325,2.0,-2.0,-82.0
1777889290.7583325,10.0,0.0,-84.0
1777889290.7683325,11.0,0.0,-89.0
1777889290.7783325,6.0,-3.0,-89.0
1777889290.7883325,7.0,0.0,-88.0
1777889290.7983325,2.0,-1.0,-82.0
1777889290.8083324,-1.0,-5.0,-81.0
1777889290.8183324,-2.0,-10.0,-77.0
1777889290.8283324,-4.0,-7.0,-73.0
1777889290.8383324,-2.0,-6.0,-80.0
1777889290.8483324,-4.0,-2.0,-77.0
1777889290.8583324,-4.0,-3.0,-77.0
1777889290.8683324,-3.0,-2.0,-75.0
1777889290.8783324,-1.0,-2.0,-78.0
1777889290.8883324,-1.0,-1.0,-76.0
1777889290.8983324,-1.0,-2.0,-71.0
1777889290.9083323,3.0,-4.0,-78.0
1777889290.9183323,2.0,-5.0,-73.0
1777889290.9283323,3.0,-3.0,-74.0
1777889290.9383323,4.0,-2.0,-70.0
1777889290.9483323,5.0,2.0,-65.0
1777889290.9583323,5.0,3.0,-65.0
1777889290.9683323,0.0,0.0,-71.0
1777889290.9783323,0.0,-2.0,-73.0
1777889290.9883325,1.0,-1.0,-76.0
1777889290.9983325,0.0,0.0,-78.0
1777889291.0083325,2.0,1.0,-71.0
1777889291.0183325,5.0,1.0,-72.0
1777889291.0283325,2.0,0.0,-77.0
1777889291.0383325,1.0,-2.0,-79.0
1777889291.0483325,-1.0,0.0,-76.0
1777889291.0583324,0.0,3.0,-73.0
1777889291.0683324,-1.0,1.0,-70.0
1777889291.0783324,-2.0,2.0,-75.0
1777889291.0883324,0.0,3.0,-76.0
1777889291.0983324,1.0,-1.0,-75.0
1777889291.1083324,3.0,-3.0,-71.0
1777889291.1183324,6.0,-5.0,-71.0
1777889291.1283324,5.0,-5.0,-70.0
1777889291.1383324,5.0,-3.0,-75.0
1777889291.1483324,3.0,-2.0,-75.0
1777889291.1583323,-1.0,-9.0,-77.0
1777889291.1683323,-2.0,-10.0,-81.0
1777889291.1783323,0.0,-12.0,-77.0
1777889291.1883323,2.0,-9.0,-72.0
1777889291.1983323,4.0,-7.0,-65.0
1777889291.2083323,8.0,-6.0,-62.0
1777889291.2183323,7.0,-3.0,-63.0
1777889291.2283323,3.0,-4.0,-68.0
1777889291.2383325,4.0,-4.0,-69.0
1777889291.2483325,4.0,-2.0,-70.0
1777889291.2583325,4.0,1.0,-68.0
1777889291.2683325,9.0,1.0,-69.0
1777889291.2783325,8.0,2.0,-74.0
1777889291.2883325,4.0,0.0,-81.0
1777889291.2983325,4.0,-2.0,-75.0
1777889291.3083324,2.0,4.0,-77.0
1777889291.3183324,0.0,2.0,-80.0
1777889291.3283324,-1.0,0.0,-83.0
1777889291.3383324,-1.0,-2.0,-86.0
1777889291.3483324,-2.0,-2.0,-92.0
1777889291.3583324,-2.0,-1.0,-92.0
1777889291.3683324,-1.0,1.0,-86.0
1777889291.3783324,-6.0,-1.0,-84.0
1777889291.3883324,-3.0,-2.0,-79.0
1777889291.3983324,-5.0,-3.0,-76.0
1777889291.4083323,-4.0,-3.0,-69.0
1777889291.4183323,-3.0,-2.0,-62.0
1777889291.4283323,-6.0,0.0,-64.0
1777889291.4383323,-8.0,-2.0,-68.0
1777889291.4483323,-8.0,-5.0,-75.0
1777889291.4583323,-5.0,-1.0,-80.0
1777889291.4683323,-9.0,0.0,-73.0
1777889291.4783323,-3.0,2.0,-79.0
1777889291.4883325,0.0,1.0,-83.0
1777889291.4983325,2.0,4.0,-75.0
1777889291.5083325,5.0,1.0,-72.0
1777889291.5183325,11.0,0.0,-81.0
1777889291.5283325,12.0,-1.0,-84.0
1777889291.5383325,11.0,0.0,-77.0
1777889291.5483325,5.0,0.0,-74.0
1777889291.5583324,5.0,1.0,-76.0
1777889291.5683324,4.0,-1.0,-76.0
1777889291.5783324,4.0,-2.0,-76.0
1777889291.5883324,1.0,-2.0,-80.0
1777889291.5983324,6.0,-5.0,-77.0
1777889291.6083324,8.0,-6.0,-77.0
1777889291.6183324,5.0,-9.0,-71.0
1777889291.6283324,6.0,-10.0,-73.0
1777889291.6383324,4.0,-8.0,-72.0
1777889291.6483324,1.0,-4.0,-73.0
1777889291.6583323,-1.0,-3.0,-74.0
1777889291.6683323,-2.0,-8.0,-74.0
1777889291.6783323,-3.0,-8.0,-79.0
1777889291.6883323,-2.0,-7.0,-81.0
1777889291.6983323,-5.0,-6.0,-85.0
1777889291.7083323,-4.0,-7.0,-83.0
1777889291.7183323,2.0,-7.0,-84.0
1777889291.7283323,1.0,-6.0,-78.0
1777889291.7383325,0.0,-7.0,-75.0
1777889291.7483325,-4.0,-12.0,-74.0
1777889291.7583325,-4.0,-14.0,-73.0
1777889291.7683325,0.0,-15.0,-75.0
1777889291.7783325,4.0,-13.0,-80.0
1777889291.7883325,10.0,-10.0,-81.0
1777889291.7983325,9.0,-13.0,-80.0
1777889291.8083324,11.0,-12.0,-85.0
1777889291.8183324,4.0,-14.0,-83.0
1777889291.8283324,2.0,-13.0,-82.0
1777889291.8383324,-1.0,-12.0,-84.0
1777889291.8483324,-3.0,-10.0,-82.0
1777889291.8583324,-2.0,-11.0,-81.0
1777889291.8683324,0.0,-9.0,-78.0
1777889291.8783324,0.0,-10.0,-76.0
1777889291.8883324,-2.0,-9.0,-73.0
1777889291.8983324,1.0,-5.0,-75.0
1777889291.9083323,2.0,-3.0,-72.0
1777889291.9183323,-1.0,-4.0,-71.0
1777889291.9283323,-5.0,-3.0,-70.0
1777889291.9383323,-1.0,-1.0,-71.0
1777889291.9483323,-1.0,0.0,-69.0
1777889291.9583323,-1.0,0.0,-73.0
1777889291.9683323,2.0,0.0,-73.0
1777889291.9793324,1.0,-3.0,-76.0
1777889291.9883325,4.0,0.0,-84.0
1777889291.9983325,0.0,2.0,-86.0
1777889292.0083325,0.0,0.0,-88.0
1777889292.0183325,-2.0,-2.0,-84.0
1777889292.0283325,-3.0,-6.0,-81.0
1777889292.0383325,-1.0,-5.0,-82.0
1777889292.0483325,-1.0,-2.0,-82.0
1777889292.0583324,0.0,-3.0,-80.0
1777889292.0683324,-2.0,-3.0,-83.0
1777889292.0783324,-3.0,-1.0,-81.0
1777889292.0883324,0.0,-1.0,-69.0
1777889292.0983324,-3.0,0.0,-65.0
1777889292.1083324,-3.0,0.0,-73.0
1777889292.1183324,-1.0,2.0,-74.0
1777889292.1283324,-1.0,-3.0,-74.0
1777889292.1383324,-1.0,-5.0,-74.0
1777889292.1483324,4.0,-7.0,-73.0
1777889292.1583323,2.0,-5.0,-77.0
1777889292.1683323,6.0,-3.0,-77.0
1777889292.1783323,6.0,-3.0,-78.0
1777889292.1883323,2.0,-6.0,-78.0
1777889292.1983323,5.0,-6.0,-80.0
1777889292.2083323,5.0,-2.0,-68.0
1777889292.2183323,6.0,-2.0,-72.0
1777889292.2283323,3.0,0.0,-80.0
1777889292.2383325,4.0,-4.0,-85.0
1777889292.2483325,6.0,-4.0,-83.0
1777889292.2583325,6.0,-3.0,-81.0
1777889292.2683325,4.0,-1.0,-85.0
1777889292.2783325,0.0,1.0,-82.0
1777889292.2883325,2.0,0.0,-76.0
1777889292.2983325,4.0,1.0,-73.0
1777889292.3083324,4.0,-1.0,-71.0
1777889292.3183324,-2.0,0.0,-74.0
1777889292.3283324,-7.0,0.0,-78.0
1777889292.3383324,-10.0,1.0,-70.0
1777889292.3483324,-10.0,5.0,-71.0
1777889292.3583324,-6.0,8.0,-72.0
1777889292.3693323,-1.0,2.0,-75.0
1777889292.3793323,-1.0,-5.0,-77.0
1777889292.3883324,0.0,-4.0,-75.0
1777889292.3993323,2.0,-1.0,-79.0
1777889292.4083323,4.0,-1.0,-80.0
1777889292.4183323,-4.0,-2.0,-81.0
1777889292.4293325,-1.0,0.0,-81.0
1777889292.4393325,2.0,-2.0,-81.0
1777889292.4493325,4.0,-2.0,-76.0
1777889292.4593325,4.0,-3.0,-75.0
1777889292.4693325,3.0,-8.0,-80.0
1777889292.4793324,6.0,-5.0,-87.0
1777889292.4893324,6.0,-6.0,-84.0
1777889292.4993324,7.0,-4.0,-80.0
1777889292.5093324,3.0,-4.0,-84.0
1777889292.5193324,5.0,-7.0,-82.0
1777889292.5293324,10.0,-1.0,-80.0
1777889292.5393324,8.0,3.0,-79.0
1777889292.5493324,8.0,-1.0,-78.0
1777889292.5593324,7.0,-4.0,-84.0
1777889292.5693324,10.0,-4.0,-82.0
1777889292.5793324,6.0,-5.0,-78.0
1777889292.5893323,10.0,-3.0,-73.0
1777889292.5993323,8.0,-4.0,-72.0
1777889292.6093323,13.0,-4.0,-73.0
1777889292.6193323,8.0,0.0,-80.0
1777889292.6293323,7.0,0.0,-80.0
1777889292.6393323,1.0,-2.0,-82.0
1777889292.6493323,1.0,-5.0,-85.0
1777889292.6593325,8.0,-4.0,-77.0
1777889292.6693325,10.0,-4.0,-80.0
1777889292.6793325,8.0,0.0,-81.0
1777889292.6893325,5.0,-1.0,-84.0
1777889292.6993325,0.0,-4.0,-86.0
1777889292.7093325,-2.0,-2.0,-83.0
1777889292.7193325,1.0,-1.0,-79.0
1777889292.7293324,2.0,-3.0,-73.0
1777889292.7393324,5.0,-4.0,-66.0
1777889292.7493324,9.0,-5.0,-68.0
1777889292.7593324,8.0,-4.0,-70.0
1777889292.7693324,7.0,-3.0,-76.0
1777889292.7793324,9.0,-3.0,-79.0
1777889292.7893324,3.0,0.0,-74.0
1777889292.7993324,0.0,0.0,-73.0
1777889292.8093324,-2.0,-2.0,-77.0
1777889292.8193324,0.0,-4.0,-78.0
1777889292.8293324,-3.0,-1.0,-84.0
1777889292.8393323,0.0,1.0,-79.0
1777889292.8493323,4.0,1.0,-78.0
1777889292.8593323,3.0,0.0,-68.0
1777889292.8693323,1.0,0.0,-65.0
1777889292.8793323,0.0,1.0,-65.0
1777889292.8893323,2.0,2.0,-71.0
1777889292.8993323,1.0,1.0,-75.0
1777889292.9093325,0.0,0.0,-73.0
1777889292.9193325,0.0,-5.0,-75.0
1777889292.9293325,1.0,-2.0,-76.0
1777889292.9393325,-3.0,-2.0,-72.0
1777889292.9493325,-6.0,1.0,-74.0
1777889292.9593325,-3.0,2.0,-71.0
1777889292.9693325,0.0,0.0,-72.0
1777889292.9793324,-2.0,0.0,-69.0
1777889292.9893324,-6.0,0.0,-70.0
1777889292.9993324,-6.0,-2.0,-71.0
1777889293.0093324,-8.0,-3.0,-71.0
1777889293.0193324,-3.0,-3.0,-74.0
1777889293.0293324,-3.0,-5.0,-64.0
1777889293.0393324,-1.0,-5.0,-67.0
1777889293.0493324,0.0,-5.0,-69.0
1777889293.0593324,3.0,-4.0,-72.0
1777889293.0693324,1.0,-2.0,-70.0
1777889293.0793324,0.0,1.0,-74.0
1777889293.0893323,6.0,0.0,-73.0
1777889293.0993323,3.0,-2.0,-76.0
1777889293.1093323,3.0,-4.0,-72.0
1777889293.1193323,2.0,-3.0,-70.0
1777889293.1293323,2.0,-6.0,-67.0
1777889293.1393323,0.0,-4.0,-71.0
1777889293.1493323,0.0,-7.0,-72.0
1777889293.1593325,2.0,-6.0,-71.0
1777889293.1693325,1.0,-2.0,-74.0
1777889293.1793325,1.0,1.0,-73.0
1777889293.1893325,5.0,2.0,-80.0
1777889293.1993325,6.0,-1.0,-74.0
1777889293.2093325,4.0,3.0,-84.0
1777889293.2193325,1.0,3.0,-82.0
1777889293.2293324,0.0,3.0,-83.0
1777889293.2393324,0.0,1.0,-82.0
1777889293.2493324,-1.0,-2.0,-80.0
1777889293.2593324,-4.0,1.0,-83.0
1777889293.2693324,-7.0,-2.0,-80.0
1777889293.2793324,-6.0,-1.0,-73.0
1777889293.2893324,-2.0,0.0,-68.0
1777889293.2993324,2.0,-3.0,-64.0
1777889293.3093324,0.0,-1.0,-66.0
1777889293.3193324,0.0,-1.0,-66.0
1777889293.3293324,0.0,-1.0,-67.0
1777889293.3393323,0.0,-1.0,-64.0
1777889293.3493323,1.0,-1.0,-64.0
1777889293.3593323,3.0,-3.0,-66.0
1777889293.3693323,5.0,-2.0,-69.0
1777889293.3793323,4.0,-1.0,-65.0
1777889293.3893323,11.0,0.0,-65.0
1777889293.3993323,9.0,-1.0,-70.0
1777889293.4093325,3.0,0.0,-73.0
1777889293.4193325,-5.0,3.0,-66.0
1777889293.4293325,-3.0,3.0,-63.0
1777889293.4393325,-1.0,2.0,-62.0
1777889293.4493325,0.0,1.0,-63.0
1777889293.4593325,0.0,1.0,-62.0
1777889293.4693325,9.0,0.0,-63.0
1777889293.4793324,9.0,-3.0,-63.0
1777889293.4893324,13.0,-5.0,-61.0
1777889293.4993324,7.0,-6.0,-66.0
1777889293.5093324,4.0,-10.0,-66.0
1777889293.5193324,7.0,-8.0,-69.0
1777889293.5293324,5.0,-7.0,-75.0
1777889293.5393324,-1.0,-5.0,-80.0
1777889293.5493324,0.0,-2.0,-79.0
1777889293.5593324,6.0,0.0,-83.0
1777889293.5693324,6.0,0.0,-80.0
1777889293.5793324,1.0,0.0,-77.0
1777889293.5893323,3.0,-2.0,-80.0
1777889293.5993323,5.0,-7.0,-84.0
1777889293.6093323,1.0,-9.0,-78.0
1777889293.6193323,1.0,-9.0,-77.0
1777889293.6293323,0.0,-5.0,-77.0
1777889293.6393323,-1.0,-3.0,-82.0
1777889293.6493323,0.0,-4.0,-79.0
1777889293.6593325,2.0,0.0,-77.0
1777889293.6693325,3.0,-1.0,-75.0
1777889293.6793325,1.0,-3.0,-75.0
1777889293.6893325,-1.0,-9.0,-78.0
1777889293.6993325,0.0,-7.0,-78.0
1777889293.7093325,0.0,-7.0,-74.0
1777889293.7203324,0.0,-5.0,-73.0
1777889293.7293324,0.0,-1.0,-79.0
1777889293.7393324,-4.0,0.0,-75.0
1777889293.7493324,-1.0,2.0,-75.0
1777889293.7593324,0.0,8.0,-81.0
1777889293.7693324,0.0,6.0,-76.0
1777889293.7793324,-2.0,6.0,-73.0
1777889293.7893324,-1.0,3.0,-71.0
1777889293.7993324,0.0,3.0,-65.0
1777889293.8093324,-3.0,-3.0,-65.0
1777889293.8193324,1.0,-3.0,-69.0
1777889293.8293324,8.0,-4.0,-67.0
1777889293.8393323,6.0,-4.0,-69.0
1777889293.8493323,7.0,-5.0,-74.0
1777889293.8593323,3.0,-7.0,-71.0
1777889293.8693323,0.0,-6.0,-73.0
1777889293.8793323,2.0,-3.0,-75.0
1777889293.8893323,0.0,-1.0,-82.0
1777889293.8993323,0.0,-1.0,-76.0
1777889293.9093325,2.0,-4.0,-75.0
1777889293.9193325,8.0,-5.0,-77.0
1777889293.9293325,7.0,-7.0,-76.0
1777889293.9393325,5.0,-4.0,-80.0
1777889293.9493325,4.0,-2.0,-69.0
1777889293.9593325,4.0,-5.0,-71.0
1777889293.9693325,1.0,-1.0,-73.0
1777889293.9793324,0.0,-4.0,-72.0
1777889293.9893324,-2.0,-6.0,-80.0
1777889293.9993324,-3.0,-6.0,-84.0
1777889294.0093324,0.0,-4.0,-79.0
1777889294.0193324,3.0,-1.0,-74.0
1777889294.0293324,6.0,-3.0,-74.0
1777889294.0393324,6.0,-9.0,-80.0
1777889294.0493324,9.0,-7.0,-78.0
1777889294.0593324,11.0,-4.0,-80.0
1777889294.0693324,9.0,-4.0,-81.0
1777889294.0793324,5.0,-4.0,-84.0
1777889294.0893323,0.0,-4.0,-85.0
1777889294.0993323,-2.0,0.0,-85.0
1777889294.1093323,-1.0,-1.0,-79.0
1777889294.1193323,0.0,-4.0,-73.0
1777889294.1293323,0.0,-5.0,-72.0
1777889294.1393323,1.0,-6.0,-75.0
1777889294.1493323,1.0,-2.0,-78.0
1777889294.1593325,-1.0,0.0,-81.0
1777889294.1693325,0.0,0.0,-81.0
1777889294.1793325,3.0,2.0,-77.0
1777889294.1893325,2.0,-1.0,-70.0
1777889294.1993325,4.0,-4.0,-71.0
1777889294.2093325,8.0,-6.0,-68.0
1777889294.2193325,0.0,-5.0,-70.0
1777889294.2293324,-1.0,-6.0,-74.0
1777889294.2393324,-1.0,-3.0,-74.0
1777889294.2493324,1.0,-4.0,-73.0
1777889294.2593324,3.0,-5.0,-79.0
1777889294.2693324,3.0,-7.0,-74.0
1777889294.2793324,8.0,-3.0,-66.0
1777889294.2893324,10.0,-3.0,-65.0
1777889294.2993324,7.0,-4.0,-63.0
1777889294.3093324,10.0,-3.0,-65.0
1777889294.3193324,6.0,-2.0,-63.0
1777889294.3293324,7.0,-6.0,-77.0
1777889294.3393323,2.0,-5.0,-80.0
1777889294.3493323,-1.0,-2.0,-76.0
1777889294.3603325,-1.0,-1.0,-68.0
1777889294.3693323,0.0,-2.0,-67.0
1777889294.3793323,-5.0,-3.0,-71.0
1777889294.3893323,-6.0,0.0,-76.0
1777889294.4003325,-5.0,-1.0,-80.0
1777889294.4103324,-4.0,0.0,-76.0
1777889294.4203324,-1.0,3.0,-83.0
1777889294.4303324,-1.0,4.0,-83.0
1777889294.4403324,1.0,3.0,-73.0
1777889294.4503324,-2.0,1.0,-78.0
1777889294.4603324,0.0,3.0,-75.0
1777889294.4703324,0.0,2.0,-69.0
1777889294.4803324,-2.0,-2.0,-71.0
1777889294.4903324,-3.0,-3.0,-74.0
1777889294.5003324,0.0,-5.0,-75.0
1777889294.5103323,0.0,-7.0,-82.0
1777889294.5203323,1.0,-2.0,-84.0
1777889294.5303323,-2.0,-5.0,-87.0
1777889294.5403323,0.0,-7.0,-86.0
1777889294.5503323,0.0,-2.0,-86.0
1777889294.5603323,2.0,-4.0,-86.0
1777889294.5703323,3.0,-4.0,-83.0
1777889294.5803325,2.0,-2.0,-79.0
1777889294.5903325,5.0,-2.0,-82.0
1777889294.6003325,3.0,-3.0,-79.0
1777889294.6103325,0.0,-2.0,-81.0
1777889294.6213324,2.0,-7.0,-77.0
1777889294.6303325,-1.0,-4.0,-76.0
1777889294.6403325,-5.0,-4.0,-74.0
1777889294.6503325,0.0,-1.0,-78.0
1777889294.6603324,1.0,-1.0,-74.0
1777889294.6703324,0.0,-3.0,-76.0
1777889294.6803324,-3.0,0.0,-75.0
1777889294.6903324,-1.0,-1.0,-75.0
1777889294.7003324,0.0,2.0,-78.0
1777889294.7103324,-1.0,4.0,-76.0
1777889294.7203324,-3.0,3.0,-74.0
1777889294.7303324,-2.0,0.0,-76.0
1777889294.7403324,-1.0,-1.0,-78.0
1777889294.7503324,-2.0,-7.0,-76.0
1777889294.7603323,1.0,-5.0,-73.0
1777889294.7703323,0.0,-3.0,-71.0
1777889294.7803323,-1.0,-2.0,-71.0
1777889294.7903323,-1.0,0.0,-73.0
1777889294.8003323,0.0,-5.0,-74.0
1777889294.8103323,0.0,-6.0,-72.0
1777889294.8203323,-3.0,-5.0,-72.0
1777889294.8303325,-7.0,-3.0,-75.0
1777889294.8403325,-3.0,-3.0,-72.0
1777889294.8503325,-4.0,-1.0,-72.0
1777889294.8603325,-3.0,-3.0,-75.0
1777889294.8703325,-1.0,-7.0,-75.0
1777889294.8803325,0.0,-7.0,-70.0
1777889294.8903325,-6.0,-1.0,-64.0
1777889294.9003325,-7.0,-6.0,-66.0
1777889294.9103324,-5.0,-7.0,-71.0
1777889294.9203324,-7.0,-4.0,-74.0
1777889294.9303324,-6.0,-2.0,-76.0
1777889294.9403324,-4.0,-3.0,-78.0
1777889294.9503324,-2.0,0.0,-81.0
1777889294.9603324,-2.0,2.0,-70.0
1777889294.9703324,0.0,0.0,-73.0
1777889294.9803324,1.0,-4.0,-75.0
1777889294.9903324,6.0,-6.0,-69.0
1777889295.0003324,9.0,-9.0,-70.0
1777889295.0103323,10.0,-8.0,-70.0
1777889295.0203323,7.0,-7.0,-77.0
1777889295.0303323,7.0,-8.0,-76.0
1777889295.0403323,3.0,-9.0,-74.0
1777889295.0503323,5.0,-9.0,-66.0
1777889295.0603323,3.0,-6.0,-72.0
1777889295.0703323,4.0,-6.0,-75.0
1777889295.0803325,3.0,-1.0,-71.0
1777889295.0903325,3.0,1.0,-73.0
1777889295.1003325,2.0,0.0,-71.0
1777889295.1103325,1.0,-3.0,-67.0
1777889295.1203325,3.0,1.0,-75.0
1777889295.1303325,4.0,3.0,-77.0
1777889295.1403325,3.0,2.0,-73.0
1777889295.1503325,1.0,3.0,-76.0
1777889295.1603324,2.0,4.0,-80.0
1777889295.1703324,-3.0,3.0,-82.0
1777889295.1803324,-1.0,1.0,-82.0
1777889295.1903324,0.0,-3.0,-85.0
1777889295.2003324,1.0,3.0,-84.0
1777889295.2103324,3.0,3.0,-89.0
1777889295.2203324,0.0,2.0,-88.0
1777889295.2303324,-1.0,3.0,-88.0
1777889295.2403324,2.0,1.0,-93.0
1777889295.2503324,2.0,2.0,-88.0
1777889295.2603323,3.0,5.0,-83.0
1777889295.2703323,2.0,4.0,-78.0
1777889295.2803323,0.0,1.0,-74.0
1777889295.2903323,2.0,-2.0,-71.0
1777889295.3003323,2.0,-2.0,-69.0
1777889295.3103323,0.0,-3.0,-69.0
1777889295.3203323,2.0,5.0,-76.0
1777889295.3303325,2.0,3.0,-83.0
1777889295.3403325,2.0,0.0,-86.0
1777889295.3503325,6.0,-1.0,-82.0
1777889295.3603325,6.0,2.0,-79.0
1777889295.3703325,9.0,1.0,-80.0
1777889295.3803325,8.0,4.0,-82.0
1777889295.3903325,13.0,4.0,-83.0
1777889295.4003325,11.0,4.0,-83.0
1777889295.4103324,8.0,8.0,-83.0
1777889295.4203324,4.0,10.0,-83.0
1777889295.4303324,6.0,11.0,-74.0
1777889295.4403324,4.0,7.0,-72.0
1777889295.4503324,4.0,6.0,-70.0
1777889295.4603324,2.0,2.0,-75.0
1777889295.4703324,2.0,2.0,-80.0
1777889295.4803324,1.0,6.0,-88.0
1777889295.4903324,1.0,4.0,-88.0
1777889295.5003324,2.0,8.0,-81.0
1777889295.5103323,-2.0,3.0,-85.0
1777889295.5203323,-1.0,0.0,-86.0
1777889295.5303323,-1.0,0.0,-81.0
1777889295.5403323,2.0,3.0,-80.0
1777889295.5503323,3.0,2.0,-73.0
1777889295.5603323,2.0,3.0,-70.0
1777889295.5703323,2.0,4.0,-69.0
1777889295.5803325,9.0,4.0,-71.0
1777889295.5903325,9.0,1.0,-69.0
1777889295.6003325,2.0,4.0,-75.0
1777889295.6103325,0.0,7.0,-78.0
1777889295.6203325,3.0,6.0,-82.0
1777889295.6303325,0.0,0.0,-80.0
1777889295.6403325,0.0,-2.0,-72.0
1777889295.6503325,-1.0,0.0,-76.0
1777889295.6603324,2.0,1.0,-81.0
1777889295.6703324,0.0,0.0,-75.0
1777889295.6803324,0.0,2.0,-80.0
1777889295.6903324,-2.0,-1.0,-79.0
1777889295.7003324,-4.0,0.0,-83.0
1777889295.7103324,-5.0,-1.0,-85.0
1777889295.7203324,-1.0,-1.0,-78.0
1777889295.7303324,4.0,-2.0,-83.0
1777889295.7403324,3.0,-3.0,-79.0
1777889295.7503324,2.0,-4.0,-80.0
1777889295.7603323,-1.0,-4.0,-78.0
1777889295.7703323,-7.0,0.0,-82.0
1777889295.7803323,-6.0,4.0,-75.0
1777889295.7903323,-7.0,4.0,-69.0
1777889295.8003323,-4.0,-2.0,-69.0
1777889295.8103323,-4.0,-2.0,-81.0
1777889295.8203323,-3.0,-3.0,-86.0
1777889295.8303325,-6.0,-1.0,-81.0
1777889295.8403325,-6.0,-2.0,-80.0
1777889295.8503325,-5.0,0.0,-73.0
1777889295.8603325,-3.0,0.0,-71.0
1777889295.8703325,-1.0,0.0,-70.0
1777889295.8803325,-5.0,-1.0,-75.0
1777889295.8903325,-4.0,0.0,-80.0
1777889295.9003325,-3.0,0.0,-79.0
1777889295.9103324,-4.0,-1.0,-82.0
1777889295.9203324,3.0,0.0,-82.0
1777889295.9303324,1.0,1.0,-81.0
1777889295.9403324,1.0,-1.0,-78.0
1777889295.9503324,-3.0,1.0,-83.0
1777889295.9603324,-4.0,2.0,-91.0
1777889295.9703324,-7.0,1.0,-85.0
1777889295.9803324,-5.0,5.0,-81.0
1777889295.9903324,-2.0,5.0,-84.0
1777889296.0003324,-2.0,3.0,-81.0
1777889296.0103323,0.0,7.0,-78.0
1777889296.0203323,0.0,7.0,-76.0
1777889296.0303323,-1.0,7.0,-75.0
1777889296.0403323,0.0,1.0,-68.0
1777889296.0503323,-3.0,-1.0,-70.0
1777889296.0603323,-1.0,0.0,-73.0
1777889296.0703323,0.0,-2.0,-75.0
1777889296.0803325,0.0,-1.0,-84.0
1777889296.0903325,-2.0,0.0,-82.0
1777889296.1003325,-2.0,0.0,-76.0
1777889296.1103325,-2.0,-2.0,-73.0
1777889296.1203325,-4.0,-2.0,-65.0
1777889296.1303325,-5.0,0.0,-63.0
1777889296.1403325,0.0,0.0,-69.0
1777889296.1503325,4.0,-2.0,-65.0
1777889296.1603324,3.0,-7.0,-65.0
1777889296.1703324,1.0,-11.0,-67.0
1777889296.1803324,2.0,-9.0,-79.0
1777889296.1903324,5.0,-11.0,-75.0
1777889296.2003324,6.0,-8.0,-72.0
1777889296.2103324,0.0,-9.0,-75.0
1777889296.2203324,-1.0,-5.0,-73.0
1777889296.2303324,0.0,-4.0,-69.0
1777889296.2403324,4.0,-6.0,-72.0
1777889296.2503324,4.0,-6.0,-75.0
1777889296.2603323,2.0,-7.0,-80.0
1777889296.2703323,2.0,-3.0,-79.0
1777889296.2803323,1.0,0.0,-77.0
1777889296.2903323,-2.0,1.0,-77.0
1777889296.3003323,-2.0,2.0,-79.0
1777889296.3103323,-3.0,-2.0,-77.0
1777889296.3203323,-3.0,-3.0,-77.0
1777889296.3303325,0.0,-3.0,-73.0
1777889296.3403325,4.0,0.0,-68.0
1777889296.3503325,4.0,4.0,-74.0
1777889296.3603325,3.0,3.0,-72.0
1777889296.3703325,0.0,2.0,-64.0
1777889296.3813324,0.0,3.0,-68.0
1777889296.3903325,2.0,-1.0,-70.0
1777889296.4013324,5.0,-1.0,-71.0
1777889296.4113324,6.0,0.0,-74.0
1777889296.4213324,6.0,0.0,-78.0
1777889296.4313323,2.0,0.0,-80.0
1777889296.4413323,0.0,3.0,-87.0
1777889296.4513323,2.0,3.0,-87.0
1777889296.4613323,2.0,2.0,-84.0
1777889296.4713323,2.0,-4.0,-79.0
1777889296.4813323,2.0,-8.0,-80.0
1777889296.4913323,0.0,-4.0,-81.0
1777889296.5013323,-2.0,0.0,-81.0
1777889296.5113325,0.0,0.0,-83.0
1777889296.5213325,1.0,-2.0,-86.0
1777889296.5313325,1.0,0.0,-89.0
1777889296.5413325,-3.0,3.0,-82.0
1777889296.5513325,-6.0,0.0,-80.0
1777889296.5613325,-1.0,-2.0,-88.0
1777889296.5713325,-1.0,-6.0,-83.0
1777889296.5813324,-4.0,-5.0,-77.0
1777889296.5913324,-9.0,-1.0,-71.0
1777889296.6013324,-10.0,-2.0,-70.0
1777889296.6113324,-9.0,0.0,-69.0
1777889296.6213324,-8.0,-3.0,-68.0
1777889296.6313324,-4.0,-4.0,-66.0
1777889296.6413324,0.0,0.0,-63.0
1777889296.6513324,-2.0,0.0,-63.0
1777889296.6613324,0.0,1.0,-67.0
1777889296.6713324,1.0,1.0,-74.0
1777889296.6813323,3.0,0.0,-81.0
1777889296.6913323,4.0,0.0,-84.0
1777889296.7013323,4.0,-1.0,-86.0
1777889296.7113323,8.0,-4.0,-78.0
1777889296.7213323,11.0,-2.0,-79.0
1777889296.7313323,7.0,3.0,-77.0
1777889296.7413323,10.0,1.0,-70.0
1777889296.7513323,1.0,5.0,-71.0
1777889296.7613325,2.0,2.0,-74.0
1777889296.7713325,2.0,-1.0,-75.0
1777889296.7813325,0.0,0.0,-75.0
1777889296.7923324,-2.0,0.0,-73.0
1777889296.8013325,0.0,2.0,-72.0
1777889296.8113325,-3.0,1.0,-71.0
1777889296.8213325,-1.0,-4.0,-72.0
1777889296.8313324,1.0,-4.0,-81.0
1777889296.8413324,2.0,-7.0,-85.0
1777889296.8513324,3.0,-1.0,-83.0
1777889296.8613324,3.0,-5.0,-80.0
1777889296.8713324,8.0,-9.0,-78.0
1777889296.8813324,9.0,-3.0,-75.0
1777889296.8913324,11.0,0.0,-74.0
1777889296.9013324,14.0,0.0,-77.0
1777889296.9113324,9.0,-3.0,-79.0
1777889296.9213324,3.0,-5.0,-77.0
1777889296.9313323,0.0,-5.0,-71.0
1777889296.9413323,-4.0,-1.0,-66.0
1777889296.9513323,-2.0,0.0,-67.0
1777889296.9613323,-5.0,2.0,-76.0
1777889296.9713323,0.0,6.0,-82.0
1777889296.9813323,0.0,6.0,-78.0
1777889296.9913323,-3.0,6.0,-76.0
1777889297.0013323,-4.0,6.0,-75.0
1777889297.0113325,-9.0,6.0,-82.0
1777889297.0213325,-14.0,0.0,-86.0
1777889297.0313325,-12.0,1.0,-78.0
1777889297.0413325,-12.0,0.0,-79.0
1777889297.0513325,-7.0,-4.0,-85.0
1777889297.0613325,-3.0,-6.0,-85.0
1777889297.0713325,0.0,-4.0,-85.0
1777889297.0813324,0.0,-1.0,-85.0
1777889297.0913324,0.0,-5.0,-81.0
1777889297.1013324,3.0,1.0,-73.0
1777889297.1113324,5.0,-1.0,-75.0
1777889297.1213324,3.0,-2.0,-81.0
1777889297.1313324,2.0,1.0,-77.0
1777889297.1413324,2.0,0.0,-80.0
1777889297.1513324,5.0,-2.0,-72.0
1777889297.1613324,1.0,-1.0,-70.0
1777889297.1713324,0.0,-1.0,-70.0
1777889297.1813323,1.0,-3.0,-67.0
1777889297.1913323,0.0,-9.0,-72.0
1777889297.2013323,4.0,-5.0,-80.0
1777889297.2113323,2.0,-6.0,-81.0
1777889297.2213323,-1.0,0.0,-78.0
1777889297.2313323,-1.0,3.0,-78.0
1777889297.2413323,3.0,1.0,-71.0
1777889297.2513323,1.0,0.0,-69.0
1777889297.2613325,1.0,-1.0,-75.0
1777889297.2713325,4.0,1.0,-76.0
1777889297.2813325,4.0,-1.0,-75.0
1777889297.2913325,4.0,-4.0,-85.0
1777889297.3013325,3.0,-4.0,-84.0
1777889297.3113325,5.0,-5.0,-86.0
1777889297.3213325,0.0,-4.0,-87.0
1777889297.3313324,-2.0,-4.0,-83.0
1777889297.3413324,-3.0,0.0,-84.0
1777889297.3513324,0.0,3.0,-79.0
1777889297.3613324,0.0,2.0,-73.0
1777889297.3713324,1.0,5.0,-71.0
1777889297.3813324,3.0,3.0,-71.0
1777889297.3913324,6.0,0.0,-71.0
1777889297.4013324,5.0,0.0,-69.0
1777889297.4113324,5.0,-1.0,-65.0
1777889297.4213324,4.0,-2.0,-65.0
1777889297.4313323,1.0,2.0,-65.0
1777889297.4413323,-1.0,3.0,-63.0
1777889297.4513323,3.0,2.0,-71.0
1777889297.4613323,0.0,3.0,-78.0
1777889297.4713323,0.0,0.0,-85.0
1777889297.4813323,-2.0,-6.0,-82.0
1777889297.4913323,-2.0,-5.0,-75.0
1777889297.5013323,-5.0,-3.0,-74.0
1777889297.5113325,-6.0,-3.0,-77.0
1777889297.5213325,2.0,-3.0,-80.0
1777889297.5313325,3.0,-2.0,-77.0
1777889297.5413325,0.0,-2.0,-73.0
1777889297.5513325,0.0,-5.0,-75.0
1777889297.5613325,4.0,-7.0,-68.0
1777889297.5713325,1.0,-6.0,-67.0
1777889297.5813324,7.0,-4.0,-66.0
1777889297.5913324,10.0,-3.0,-67.0
1777889297.6013324,9.0,-2.0,-65.0
1777889297.6113324,13.0,-4.0,-75.0
1777889297.6213324,11.0,-5.0,-71.0
1777889297.6313324,6.0,0.0,-69.0
1777889297.6413324,5.0,3.0,-66.0
1777889297.6513324,0.0,0.0,-68.0
1777889297.6613324,0.0,2.0,-71.0
1777889297.6713324,0.0,5.0,-72.0
1777889297.6813323,0.0,5.0,-77.0
1777889297.6913323,-1.0,5.0,-79.0
1777889297.7013323,0.0,9.0,-86.0
1777889297.7113323,0.0,6.0,-77.0
1777889297.7213323,1.0,3.0,-77.0
1777889297.7313323,1.0,4.0,-71.0
1777889297.7413323,0.0,0.0,-69.0
1777889297.7513323,4.0,-2.0,-74.0
1777889297.7613325,4.0,-3.0,-71.0
1777889297.7713325,-1.0,-4.0,-82.0
1777889297.7813325,0.0,-2.0,-86.0
1777889297.7913325,1.0,0.0,-81.0
1777889297.8013325,-2.0,0.0,-79.0
1777889297.8113325,-3.0,0.0,-79.0
1777889297.8213325,-1.0,0.0,-70.0
1777889297.8313324,-1.0,-4.0,-77.0
1777889297.8413324,-2.0,-3.0,-79.0
1777889297.8513324,-3.0,-2.0,-83.0
1777889297.8613324,-2.0,-2.0,-83.0
1777889297.8713324,0.0,-4.0,-82.0
1777889297.8813324,3.0,-1.0,-84.0
1777889297.8913324,7.0,0.0,-84.0
1777889297.9013324,10.0,-1.0,-78.0
1777889297.9113324,6.0,0.0,-73.0
1777889297.9213324,6.0,-4.0,-72.0
1777889297.9313323,2.0,-4.0,-73.0
1777889297.9413323,5.0,0.0,-77.0
1777889297.9513323,2.0,4.0,-72.0
1777889297.9613323,5.0,1.0,-73.0
1777889297.9713323,5.0,5.0,-72.0
1777889297.9813323,0.0,3.0,-75.0
1777889297.9913323,-2.0,-2.0,-72.0
1777889298.0013323,-2.0,0.0,-75.0
1777889298.0113325,-3.0,0.0,-74.0
1777889298.0213325,-3.0,0.0,-75.0
1777889298.0313325,-3.0,0.0,-76.0
1777889298.0413325,-2.0,-2.0,-77.0
1777889298.0513325,0.0,0.0,-83.0
1777889298.0613325,1.0,-1.0,-85.0
1777889298.0713325,4.0,1.0,-79.0
1777889298.0813324,8.0,-1.0,-78.0
1777889298.0913324,7.0,0.0,-76.0
1777889298.1013324,6.0,-4.0,-84.0
1777889298.1113324,4.0,-4.0,-88.0
1777889298.1213324,4.0,0.0,-80.0
1777889298.1313324,0.0,0.0,-76.0
1777889298.1413324,-6.0,5.0,-79.0
1777889298.1513324,-6.0,5.0,-74.0
1777889298.1613324,-4.0,3.0,-74.0
1777889298.1713324,0.0,4.0,-67.0
1777889298.1813323,2.0,4.0,-72.0
1777889298.1913323,0.0,3.0,-76.0
1777889298.2013323,-3.0,0.0,-74.0
1777889298.2113323,-2.0,0.0,-77.0
1777889298.2213323,-4.0,-3.0,-78.0
1777889298.2313323,-3.0,-1.0,-70.0
1777889298.2413323,-1.0,0.0,-68.0
1777889298.2513323,0.0,1.0,-72.0
1777889298.2613325,3.0,-1.0,-73.0
1777889298.2713325,5.0,-4.0,-73.0
1777889298.2813325,2.0,-8.0,-76.0
1777889298.2913325,-2.0,-9.0,-85.0
1777889298.3013325,-4.0,-6.0,-83.0
1777889298.3113325,-1.0,-3.0,-83.0
1777889298.3213325,2.0,0.0,-77.0
1777889298.3313324,2.0,2.0,-73.0
1777889298.3413324,2.0,2.0,-73.0
1777889298.3513324,3.0,3.0,-74.0
1777889298.3613324,2.0,5.0,-71.0
1777889298.3713324,5.0,5.0,-65.0
1777889298.3823323,7.0,4.0,-67.0
1777889298.3923323,6.0,0.0,-65.0
1777889298.4023323,7.0,-3.0,-68.0
1777889298.4123323,7.0,0.0,-71.0
1777889298.4223323,10.0,-2.0,-74.0
1777889298.4323325,7.0,-2.0,-71.0
1777889298.4423325,7.0,2.0,-65.0
1777889298.4523325,6.0,7.0,-68.0
1777889298.4623325,3.0,3.0,-76.0
1777889298.4723325,4.0,5.0,-71.0
1777889298.4823325,2.0,7.0,-70.0
1777889298.4923325,3.0,8.0,-74.0
1777889298.5023324,4.0,6.0,-77.0
1777889298.5123324,4.0,7.0,-75.0
1777889298.5223324,4.0,7.0,-76.0
1777889298.5323324,3.0,4.0,-70.0
1777889298.5423324,0.0,2.0,-71.0
1777889298.5523324,2.0,0.0,-68.0
1777889298.5623324,0.0,0.0,-67.0
1777889298.5723324,2.0,1.0,-72.0
1777889298.5823324,8.0,-1.0,-72.0
1777889298.5923324,8.0,-2.0,-79.0
1777889298.6023324,4.0,-3.0,-79.0
1777889298.6123323,2.0,-1.0,-77.0
1777889298.6223323,2.0,0.0,-69.0
1777889298.6323323,1.0,0.0,-66.0
1777889298.6423323,0.0,0.0,-65.0
1777889298.6523323,5.0,0.0,-64.0
1777889298.6623323,8.0,0.0,-71.0
1777889298.6723323,3.0,-2.0,-73.0
1777889298.6823325,2.0,0.0,-75.0
1777889298.6923325,5.0,1.0,-79.0
1777889298.7023325,5.0,-2.0,-81.0
1777889298.7123325,7.0,-3.0,-81.0
1777889298.7223325,6.0,-3.0,-74.0
1777889298.7323325,6.0,-3.0,-70.0
1777889298.7423325,8.0,-5.0,-70.0
1777889298.7523324,4.0,-5.0,-78.0
1777889298.7623324,3.0,-1.0,-78.0
1777889298.7723324,3.0,-2.0,-83.0
1777889298.7823324,0.0,-3.0,-89.0
1777889298.7923324,4.0,-5.0,-89.0
1777889298.8023324,5.0,-8.0,-88.0
1777889298.8123324,4.0,-9.0,-84.0
1777889298.8223324,6.0,-9.0,-87.0
1777889298.8323324,5.0,-10.0,-88.0
1777889298.8423324,7.0,-8.0,-81.0
1777889298.8523324,8.0,-5.0,-83.0
1777889298.8623323,7.0,-5.0,-81.0
1777889298.8723323,5.0,-2.0,-74.0
1777889298.8823323,6.0,0.0,-77.0
1777889298.8923323,7.0,-4.0,-83.0
1777889298.9023323,6.0,-1.0,-77.0
1777889298.9123323,2.0,0.0,-73.0
1777889298.9223323,-1.0,-2.0,-75.0
1777889298.9323325,3.0,-2.0,-74.0
1777889298.9423325,1.0,-6.0,-70.0
1777889298.9523325,0.0,-4.0,-70.0
1777889298.9623325,4.0,1.0,-71.0
1777889298.9723325,2.0,0.0,-71.0
1777889298.9823325,-2.0,0.0,-71.0
1777889298.9923325,0.0,0.0,-73.0
1777889299.0023324,4.0,0.0,-72.0
1777889299.0123324,3.0,0.0,-75.0
1777889299.0223324,8.0,-3.0,-79.0
1777889299.0323324,8.0,-6.0,-75.0
1777889299.0423324,8.0,-3.0,-77.0
1777889299.0523324,0.0,0.0,-79.0
1777889299.0623324,0.0,-1.0,-81.0
1777889299.0723324,0.0,-1.0,-81.0
1777889299.0823324,0.0,-1.0,-83.0
1777889299.0923324,2.0,-7.0,-86.0
1777889299.1023324,5.0,-4.0,-86.0
1777889299.1123323,2.0,-1.0,-82.0
1777889299.1223323,0.0,-3.0,-79.0
1777889299.1323323,0.0,-2.0,-76.0
1777889299.1423323,-1.0,1.0,-75.0
1777889299.1523323,2.0,0.0,-74.0
1777889299.1623323,-2.0,0.0,-81.0
1777889299.1723323,-3.0,0.0,-75.0
1777889299.1823325,-2.0,-2.0,-82.0
1777889299.1923325,-4.0,-3.0,-74.0
1777889299.2023325,-3.0,-4.0,-72.0
1777889299.2123325,-2.0,-5.0,-71.0
1777889299.2223325,0.0,-3.0,-74.0
1777889299.2323325,2.0,-1.0,-71.0
1777889299.2423325,-2.0,0.0,-71.0
1777889299.2523324,-6.0,-2.0,-66.0
1777889299.2623324,-7.0,-2.0,-67.0
1777889299.2723324,-5.0,0.0,-71.0
1777889299.2823324,-4.0,0.0,-66.0
1777889299.2923324,-4.0,-3.0,-72.0
1777889299.3023324,-5.0,-3.0,-78.0
1777889299.3123324,-6.0,-6.0,-82.0
1777889299.3223324,-8.0,-4.0,-82.0
1777889299.3323324,-8.0,-5.0,-82.0
1777889299.3423324,-8.0,-5.0,-78.0
1777889299.3523324,-7.0,-2.0,-73.0
1777889299.3623323,-5.0,-3.0,-69.0
1777889299.3723323,0.0,-2.0,-68.0
1777889299.3823323,0.0,-2.0,-67.0
1777889299.3923323,3.0,0.0,-71.0
1777889299.4023323,2.0,0.0,-72.0
1777889299.4123323,4.0,-2.0,-78.0
1777889299.4223323,0.0,1.0,-76.0
1777889299.4323325,1.0,0.0,-86.0
1777889299.4423325,4.0,-1.0,-82.0
1777889299.4523325,0.0,1.0,-83.0
1777889299.4623325,0.0,0.0,-77.0
1777889299.4723325,-3.0,-4.0,-73.0
1777889299.4823325,-7.0,-4.0,-73.0
1777889299.4923325,-8.0,-4.0,-77.0
1777889299.5023324,-3.0,-1.0,-76.0
1777889299.5123324,1.0,0.0,-75.0
1777889299.5223324,0.0,-2.0,-82.0
1777889299.5323324,-1.0,-2.0,-77.0
1777889299.5423324,-6.0,-2.0,-82.0
1777889299.5523324,-6.0,-1.0,-82.0
1777889299.5623324,-1.0,0.0,-80.0
1777889299.5723324,-5.0,-3.0,-78.0
1777889299.5823324,-2.0,-4.0,-79.0
1777889299.5923324,0.0,-3.0,-77.0
1777889299.6023324,-6.0,-5.0,-74.0
1777889299.6123323,-9.0,-2.0,-80.0
1777889299.6223323,-6.0,0.0,-81.0
1777889299.6323323,-7.0,0.0,-81.0
1777889299.6423323,-2.0,-3.0,-81.0
1777889299.6523323,-1.0,-1.0,-78.0
1777889299.6623323,-4.0,-2.0,-75.0
1777889299.6723323,-8.0,1.0,-72.0
1777889299.6823325,-6.0,2.0,-71.0
1777889299.6923325,-5.0,3.0,-74.0
1777889299.7023325,-5.0,0.0,-76.0
1777889299.7123325,-3.0,-5.0,-73.0
1777889299.7223325,-1.0,-3.0,-74.0
1777889299.7323325,-3.0,0.0,-73.0
1777889299.7423325,-2.0,0.0,-70.0
1777889299.7523324,0.0,0.0,-67.0
1777889299.7623324,-2.0,3.0,-67.0
1777889299.7723324,-7.0,3.0,-71.0
1777889299.7823324,-5.0,1.0,-72.0
1777889299.7923324,-5.0,3.0,-71.0
1777889299.8023324,-3.0,4.0,-76.0
1777889299.8123324,-5.0,6.0,-72.0
1777889299.8223324,-4.0,2.0,-72.0
1777889299.8323324,-1.0,4.0,-77.0
1777889299.8423324,3.0,2.0,-79.0
1777889299.8523324,5.0,2.0,-77.0
1777889299.8623323,4.0,-1.0,-75.0
1777889299.8723323,2.0,-3.0,-76.0
1777889299.8823323,3.0,-4.0,-73.0
1777889299.8923323,0.0,-3.0,-73.0
1777889299.9023323,-3.0,-3.0,-82.0
1777889299.9123323,1.0,-4.0,-77.0
1777889299.9223323,1.0,-5.0,-76.0
1777889299.9323325,2.0,-4.0,-78.0
1777889299.9423325,2.0,-3.0,-72.0
1777889299.9523325,0.0,0.0,-66.0
1777889299.9623325,-1.0,3.0,-73.0
1777889299.9723325,-2.0,5.0,-68.0
1777889299.9823325,1.0,3.0,-74.0
1777889299.9923325,2.0,0.0,-74.0
1777889300.0023324,8.0,-4.0,-66.0
1777889300.0123324,7.0,-3.0,-63.0
1777889300.0223324,1.0,-4.0,-65.0
1777889300.0323324,2.0,0.0,-63.0
1777889300.0423324,5.0,-2.0,-60.0
1777889300.0523324,9.0,2.0,-63.0
1777889300.0623324,11.0,1.0,-65.0
1777889300.0723324,13.0,0.0,-70.0
1777889300.0823324,11.0,1.0,-70.0
1777889300.0923324,10.0,0.0,-75.0
1777889300.1023324,6.0,-2.0,-89.0
1777889300.1123323,0.0,-6.0,-87.0
1777889300.1223323,1.0,-8.0,-87.0
1777889300.1323323,3.0,-6.0,-82.0
1777889300.1423323,4.0,-4.0,-78.0
1777889300.1523323,6.0,-3.0,-75.0
1777889300.1623323,5.0,-3.0,-75.0
1777889300.1723323,6.0,-8.0,-81.0
1777889300.1823325,4.0,-4.0,-86.0
1777889300.1923325,0.0,0.0,-84.0
1777889300.2023325,-4.0,2.0,-79.0
1777889300.2123325,-7.0,4.0,-75.0
1777889300.2223325,-1.0,4.0,-75.0
1777889300.2323325,-5.0,5.0,-77.0
1777889300.2423325,-10.0,7.0,-81.0
1777889300.2523324,-13.0,5.0,-81.0
1777889300.2623324,-13.0,5.0,-81.0
1777889300.2723324,-3.0,5.0,-79.0
1777889300.2823324,-6.0,6.0,-76.0
1777889300.2923324,1.0,5.0,-77.0
1777889300.3023324,2.0,5.0,-88.0
1777889300.3123324,6.0,-1.0,-83.0
1777889300.3233323,9.0,-5.0,-78.0
1777889300.3323324,7.0,-3.0,-78.0
1777889300.3433323,3.0,-3.0,-75.0
1777889300.3533323,5.0,-3.0,-69.0
1777889300.3633325,10.0,-4.0,-74.0
1777889300.3733325,7.0,-3.0,-75.0
1777889300.3833325,6.0,-1.0,-84.0
1777889300.3933325,1.0,0.0,-81.0
1777889300.4033325,3.0,-2.0,-85.0
1777889300.4133325,3.0,0.0,-89.0
1777889300.4233325,5.0,1.0,-86.0
1777889300.4333324,0.0,0.0,-85.0
1777889300.4433324,-1.0,-2.0,-87.0
1777889300.4533324,-3.0,0.0,-79.0
1777889300.4633324,-1.0,1.0,-72.0
1777889300.4733324,0.0,1.0,-76.0
1777889300.4833324,-1.0,4.0,-73.0
1777889300.4933324,-2.0,3.0,-77.0
1777889300.5033324,-1.0,3.0,-67.0
1777889300.5133324,3.0,2.0,-73.0
1777889300.5233324,0.0,1.0,-73.0
1777889300.5333323,3.0,0.0,-84.0
1777889300.5433323,3.0,-2.0,-88.0
1777889300.5533323,5.0,-5.0,-91.0
1777889300.5633323,4.0,-5.0,-90.0
1777889300.5733323,7.0,-1.0,-85.0
1777889300.5833323,8.0,1.0,-89.0
1777889300.5933323,6.0,5.0,-89.0
1777889300.6033323,-1.0,5.0,-89.0
1777889300.6133325,-3.0,3.0,-93.0
1777889300.6233325,-5.0,0.0,-84.0
1777889300.6333325,-9.0,0.0,-76.0
1777889300.6433325,-9.0,-1.0,-71.0
1777889300.6533325,-5.0,-3.0,-71.0
1777889300.6633325,0.0,-6.0,-74.0
1777889300.6733325,3.0,-6.0,-78.0
1777889300.6833324,2.0,-4.0,-74.0
1777889300.6933324,0.0,-3.0,-68.0
1777889300.7033324,5.0,-2.0,-69.0
1777889300.7133324,2.0,-1.0,-76.0
1777889300.7233324,4.0,-2.0,-75.0
1777889300.7333324,1.0,-4.0,-75.0
1777889300.7433324,0.0,-2.0,-70.0
1777889300.7533324,-2.0,-2.0,-66.0
1777889300.7633324,-2.0,0.0,-71.0
1777889300.7733324,0.0,1.0,-79.0
1777889300.7833323,0.0,-2.0,-76.0
1777889300.7933323,0.0,-1.0,-80.0
1777889300.8033323,3.0,-1.0,-79.0
1777889300.8133323,2.0,-1.0,-81.0
1777889300.8233323,2.0,0.0,-78.0
1777889300.8333323,1.0,0.0,-78.0
1777889300.8433323,0.0,0.0,-83.0
1777889300.8533323,-1.0,0.0,-91.0
1777889300.8633325,-2.0,4.0,-83.0
1777889300.8733325,-3.0,9.0,-74.0
1777889300.8833325,-3.0,6.0,-76.0
1777889300.8933325,-4.0,4.0,-80.0
1777889300.9033325,-1.0,4.0,-83.0
1777889300.9133325,-2.0,1.0,-89.0
1777889300.9233325,-3.0,3.0,-90.0
1777889300.9333324,-1.0,2.0,-84.0
1777889300.9433324,2.0,2.0,-80.0
1777889300.9533324,4.0,3.0,-76.0
1777889300.9633324,4.0,0.0,-71.0
1777889300.9733324,8.0,1.0,-70.0
1777889300.9833324,3.0,-1.0,-68.0
1777889300.9933324,3.0,-2.0,-71.0
1777889301.0033324,3.0,-1.0,-72.0
1777889301.0133324,-4.0,0.0,-75.0
1777889301.0233324,-8.0,-6.0,-76.0
1777889301.0333323,-10.0,-5.0,-77.0
1777889301.0433323,-9.0,-5.0,-70.0
1777889301.0533323,-6.0,-4.0,-78.0
1777889301.0633323,-2.0,-2.0,-82.0
1777889301.0733323,-1.0,2.0,-81.0
1777889301.0833323,1.0,2.0,-79.0
1777889301.0933323,0.0,3.0,-79.0
1777889301.1033323,1.0,5.0,-78.0
1777889301.1133325,0.0,5.0,-76.0
1777889301.1233325,3.0,3.0,-78.0
1777889301.1333325,3.0,3.0,-74.0
1777889301.1433325,0.0,5.0,-74.0
1777889301.1533325,-2.0,3.0,-80.0
1777889301.1633325,-1.0,3.0,-79.0
1777889301.1733325,0.0,5.0,-75.0
1777889301.1833324,1.0,5.0,-69.0
1777889301.1933324,0.0,5.0,-70.0
1777889301.2033324,0.0,6.0,-70.0
1777889301.2133324,1.0,10.0,-75.0
1777889301.2233324,0.0,11.0,-79.0
1777889301.2333324,-4.0,8.0,-77.0
1777889301.2433324,-6.0,5.0,-79.0
1777889301.2533324,-4.0,0.0,-82.0
1777889301.2633324,-6.0,-1.0,-80.0
1777889301.2733324,-5.0,1.0,-80.0
1777889301.2833323,-2.0,4.0,-76.0
1777889301.2933323,2.0,6.0,-82.0
1777889301.3033323,6.0,7.0,-86.0
1777889301.3133323,1.0,4.0,-86.0
1777889301.3233323,0.0,0.0,-88.0
1777889301.3333323,3.0,0.0,-84.0
1777889301.3433323,7.0,-1.0,-88.0
1777889301.3533323,7.0,-1.0,-86.0
1777889301.3633325,3.0,0.0,-75.0
1777889301.3733325,-2.0,2.0,-75.0
1777889301.3833325,-1.0,4.0,-73.0
1777889301.3933325,-6.0,2.0,-75.0
1777889301.4033325,-6.0,1.0,-77.0
1777889301.4133325,-5.0,0.0,-74.0
1777889301.4233325,0.0,-1.0,-73.0
1777889301.4333324,-4.0,-1.0,-71.0
1777889301.4433324,0.0,-3.0,-76.0
1777889301.4533324,0.0,0.0,-73.0
1777889301.4633324,-1.0,0.0,-69.0
1777889301.4733324,0.0,-3.0,-70.0
1777889301.4833324,0.0,-9.0,-70.0
1777889301.4933324,-1.0,-8.0,-73.0
1777889301.5033324,-3.0,-7.0,-77.0
1777889301.5133324,-4.0,-10.0,-78.0
1777889301.5233324,-6.0,-11.0,-79.0
1777889301.5333323,-5.0,-12.0,-78.0
1777889301.5433323,-4.0,-7.0,-74.0
1777889301.5533323,-2.0,-5.0,-68.0
1777889301.5633323,-1.0,-1.0,-69.0
1777889301.5733323,0.0,0.0,-72.0
1777889301.5833323,-1.0,-1.0,-76.0
1777889301.5933323,-3.0,-2.0,-79.0
1777889301.6033323,-7.0,0.0,-81.0
1777889301.6133325,-4.0,0.0,-78.0
1777889301.6233325,-2.0,0.0,-78.0
1777889301.6333325,-1.0,1.0,-77.0
1777889301.6433325,-2.0,0.0,-75.0
1777889301.6533325,-5.0,-3.0,-74.0
1777889301.6633325,-7.0,-2.0,-79.0
1777889301.6733325,-4.0,1.0,-78.0
1777889301.6833324,-6.0,4.0,-80.0
1777889301.6933324,-1.0,-1.0,-75.0
1777889301.7033324,5.0,-1.0,-77.0
1777889301.7133324,3.0,0.0,-68.0
1777889301.7233324,-1.0,0.0,-73.0
1777889301.7333324,-2.0,0.0,-76.0
1777889301.7433324,-3.0,-1.0,-75.0
1777889301.7533324,-5.0,-1.0,-75.0
1777889301.7633324,-6.0,1.0,-76.0
1777889301.7733324,-5.0,0.0,-70.0
1777889301.7833323,-6.0,3.0,-72.0
1777889301.7933323,-6.0,6.0,-76.0
1777889301.8033323,-3.0,6.0,-72.0
1777889301.8133323,0.0,4.0,-70.0
1777889301.8233323,-2.0,1.0,-64.0
1777889301.8333323,2.0,-4.0,-66.0
1777889301.8433323,2.0,-1.0,-65.0
1777889301.8533323,0.0,1.0,-70.0
1777889301.8633325,2.0,1.0,-74.0
1777889301.8733325,4.0,1.0,-81.0
1777889301.8833325,4.0,2.0,-81.0
1777889301.8933325,9.0,3.0,-82.0
1777889301.9033325,7.0,0.0,-81.0
1777889301.9133325,4.0,2.0,-87.0
1777889301.9233325,1.0,-2.0,-86.0
1777889301.9333324,0.0,1.0,-88.0
1777889301.9433324,-2.0,4.0,-84.0
1777889301.9533324,0.0,2.0,-83.0
1777889301.9633324,-1.0,4.0,-82.0
1777889301.9733324,0.0,9.0,-80.0
1777889301.9833324,0.0,8.0,-78.0
1777889301.9933324,1.0,6.0,-75.0
1777889302.0033324,3.0,6.0,-79.0
1777889302.0133324,4.0,7.0,-81.0
1777889302.0233324,2.0,4.0,-80.0
1777889302.0333323,0.0,0.0,-82.0
1777889302.0433323,2.0,-2.0,-85.0
1777889302.0533323,5.0,-6.0,-84.0
1777889302.0633323,6.0,-4.0,-83.0
1777889302.0733323,10.0,-2.0,-85.0
1777889302.0833323,6.0,-2.0,-80.0
1777889302.0933323,5.0,4.0,-80.0
1777889302.1033323,5.0,6.0,-80.0
1777889302.1133325,4.0,6.0,-81.0
1777889302.1233325,-2.0,3.0,-78.0
1777889302.1333325,-2.0,2.0,-78.0
1777889302.1433325,-5.0,2.0,-77.0
1777889302.1533325,-5.0,0.0,-77.0
1777889302.1633325,0.0,0.0,-77.0
1777889302.1733325,5.0,1.0,-71.0
1777889302.1833324,1.0,-2.0,-62.0
1777889302.1933324,4.0,-2.0,-66.0
1777889302.2033324,11.0,-1.0,-71.0
1777889302.2133324,8.0,0.0,-73.0
1777889302.2233324,6.0,-2.0,-70.0
1777889302.2333324,8.0,0.0,-71.0
1777889302.2433324,6.0,-2.0,-71.0
1777889302.2533324,6.0,0.0,-74.0
1777889302.2633324,3.0,-1.0,-70.0
1777889302.2733324,-2.0,-1.0,-68.0
1777889302.2833323,-1.0,-2.0,-71.0
1777889302.2933323,-6.0,-5.0,-69.0
1777889302.3043325,-3.0,-8.0,-78.0
1777889302.3133323,-1.0,-4.0,-77.0
1777889302.3243325,0.0,-10.0,-75.0
1777889302.3343325,3.0,-8.0,-77.0
1777889302.3443325,-1.0,-9.0,-79.0
1777889302.3543324,0.0,-11.0,-78.0
1777889302.3643324,-2.0,-9.0,-77.0
1777889302.3743324,-4.0,-7.0,-71.0
1777889302.3843324,-3.0,-5.0,-72.0
1777889302.3943324,0.0,-3.0,-74.0
1777889302.4043324,0.0,-4.0,-76.0
1777889302.4143324,0.0,-7.0,-75.0
1777889302.4243324,-1.0,-5.0,-78.0
1777889302.4343324,-2.0,-6.0,-78.0
1777889302.4443324,0.0,-5.0,-76.0
1777889302.4543324,0.0,-8.0,-70.0
1777889302.4643323,0.0,-6.0,-73.0
1777889302.4743323,1.0,0.0,-77.0
1777889302.4843323,2.0,0.0,-77.0
1777889302.4943323,3.0,-3.0,-73.0
1777889302.5043323,6.0,4.0,-80.0
1777889302.5143323,4.0,0.0,-77.0
1777889302.5243323,7.0,2.0,-68.0
1777889302.5343325,4.0,5.0,-70.0
1777889302.5443325,6.0,3.0,-77.0
1777889302.5543325,2.0,2.0,-76.0
1777889302.5643325,3.0,5.0,-77.0
1777889302.5743325,0.0,3.0,-75.0
1777889302.5843325,2.0,2.0,-78.0
1777889302.5943325,-1.0,2.0,-77.0
1777889302.6043324,-1.0,0.0,-75.0
1777889302.6143324,1.0,1.0,-68.0
1777889302.6243324,1.0,0.0,-69.0
1777889302.6343324,-1.0,2.0,-72.0
1777889302.6443324,-3.0,2.0,-70.0
1777889302.6543324,-5.0,4.0,-74.0
1777889302.6643324,-4.0,5.0,-77.0
1777889302.6743324,1.0,3.0,-82.0
1777889302.6843324,0.0,1.0,-78.0
1777889302.6943324,2.0,0.0,-73.0
1777889302.7043324,0.0,-1.0,-73.0
1777889302.7143323,3.0,3.0,-77.0
1777889302.7243323,3.0,4.0,-82.0
1777889302.7343323,-2.0,6.0,-81.0
1777889302.7443323,0.0,5.0,-79.0
1777889302.7543323,5.0,4.0,-71.0
1777889302.7643323,6.0,4.0,-64.0
1777889302.7743323,4.0,7.0,-72.0
1777889302.7843325,2.0,8.0,-78.0
1777889302.7943325,0.0,7.0,-76.0
1777889302.8043325,-1.0,5.0,-77.0
1777889302.8143325,-2.0,2.0,-78.0
1777889302.8243325,-1.0,4.0,-80.0
1777889302.8343325,-1.0,7.0,-79.0
1777889302.8443325,0.0,6.0,-75.0
1777889302.8543324,0.0,7.0,-76.0
1777889302.8643324,-1.0,3.0,-74.0
1777889302.8743324,-1.0,-2.0,-71.0
1777889302.8843324,-4.0,-4.0,-79.0
1777889302.8943324,2.0,-1.0,-79.0
1777889302.9043324,0.0,-3.0,-75.0
1777889302.9143324,4.0,-3.0,-71.0
1777889302.9243324,2.0,2.0,-69.0
1777889302.9343324,0.0,0.0,-65.0
1777889302.9443324,3.0,0.0,-68.0
1777889302.9543324,3.0,2.0,-70.0
1777889302.9643323,1.0,6.0,-68.0
1777889302.9743323,3.0,4.0,-71.0
1777889302.9843323,0.0,6.0,-66.0
1777889302.9943323,-2.0,6.0,-65.0
1777889303.0043323,-4.0,2.0,-60.0
1777889303.0143323,-1.0,-2.0,-62.0
1777889303.0243323,-5.0,-1.0,-64.0
1777889303.0343325,-5.0,-3.0,-64.0
1777889303.0443325,-5.0,-4.0,-68.0
1777889303.0543325,1.0,-2.0,-75.0
1777889303.0643325,0.0,-1.0,-76.0
1777889303.0743325,-2.0,0.0,-79.0
1777889303.0843325,-1.0,0.0,-78.0
1777889303.0943325,1.0,0.0,-79.0
1777889303.1043324,0.0,-2.0,-75.0
1777889303.1143324,0.0,-2.0,-69.0
1777889303.1243324,0.0,2.0,-70.0
1777889303.1343324,0.0,2.0,-69.0
1777889303.1443324,0.0,-2.0,-72.0
1777889303.1543324,-1.0,-1.0,-72.0
1777889303.1643324,-4.0,-1.0,-72.0
1777889303.1743324,-5.0,2.0,-73.0
1777889303.1843324,-3.0,0.0,-74.0
1777889303.1943324,-2.0,0.0,-78.0
1777889303.2043324,0.0,1.0,-81.0
1777889303.2143323,4.0,0.0,-83.0
1777889303.2243323,3.0,-2.0,-80.0
1777889303.2343323,3.0,-4.0,-74.0
1777889303.2443323,0.0,-5.0,-74.0
1777889303.2543323,-2.0,-7.0,-70.0
1777889303.2643323,-3.0,-1.0,-70.0
1777889303.2743323,-7.0,-1.0,-68.0
1777889303.2843325,-6.0,0.0,-69.0
1777889303.2943325,-1.0,0.0,-72.0
1777889303.3043325,-1.0,0.0,-71.0
1777889303.3143325,-3.0,-2.0,-79.0
1777889303.3243325,0.0,0.0,-79.0
1777889303.3343325,-5.0,0.0,-81.0
1777889303.3443325,-4.0,0.0,-81.0
1777889303.3543324,-1.0,0.0,-81.0
1777889303.3643324,3.0,2.0,-79.0
1777889303.3743324,0.0,1.0,-82.0
1777889303.3843324,-1.0,0.0,-75.0
1777889303.3943324,-3.0,1.0,-78.0
1777889303.4043324,0.0,-2.0,-79.0
1777889303.4143324,1.0,1.0,-78.0
1777889303.4243324,4.0,5.0,-74.0
1777889303.4343324,4.0,3.0,-70.0
1777889303.4443324,2.0,3.0,-68.0
1777889303.4543324,-2.0,4.0,-71.0
1777889303.4643323,-4.0,6.0,-77.0
1777889303.4743323,-2.0,2.0,-76.0
1777889303.4843323,0.0,-4.0,-87.0
1777889303.4943323,0.0,-2.0,-85.0
1777889303.5043323,2.0,-1.0,-81.0
1777889303.5143323,2.0,-2.0,-78.0
1777889303.5243323,-2.0,-3.0,-80.0
1777889303.5343325,-1.0,-3.0,-75.0
1777889303.5443325,-2.0,0.0,-72.0
1777889303.5543325,1.0,4.0,-69.0
1777889303.5643325,0.0,3.0,-72.0
1777889303.5743325,0.0,0.0,-70.0
1777889303.5843325,0.0,-1.0,-72.0
1777889303.5943325,-4.0,1.0,-80.0
1777889303.6043324,-4.0,2.0,-84.0
1777889303.6143324,0.0,7.0,-85.0
1777889303.6243324,0.0,6.0,-81.0
1777889303.6343324,3.0,0.0,-80.0
1777889303.6443324,2.0,-1.0,-86.0
1777889303.6543324,2.0,2.0,-79.0
1777889303.6643324,0.0,1.0,-81.0
1777889303.6743324,-2.0,0.0,-80.0
1777889303.6843324,-2.0,1.0,-75.0
1777889303.6943324,0.0,0.0,-75.0
1777889303.7043324,-1.0,-3.0,-75.0
1777889303.7143323,2.0,-4.0,-72.0
1777889303.7243323,6.0,-3.0,-74.0
1777889303.7343323,6.0,-6.0,-68.0
1777889303.7443323,0.0,-3.0,-70.0
1777889303.7543323,1.0,-3.0,-73.0
1777889303.7643323,6.0,-4.0,-71.0
1777889303.7743323,7.0,-4.0,-71.0
1777889303.7843325,6.0,-4.0,-76.0
1777889303.7943325,2.0,-4.0,-83.0
1777889303.8043325,2.0,-8.0,-88.0
1777889303.8143325,-3.0,-10.0,-79.0
1777889303.8243325,0.0,-9.0,-77.0
1777889303.8343325,3.0,-9.0,-76.0
1777889303.8443325,6.0,-7.0,-74.0
1777889303.8543324,7.0,-6.0,-72.0
1777889303.8643324,10.0,-5.0,-76.0
1777889303.8743324,6.0,-4.0,-80.0
1777889303.8843324,4.0,-3.0,-76.0
1777889303.8943324,0.0,-3.0,-77.0
1777889303.9043324,-2.0,-3.0,-75.0
1777889303.9143324,-3.0,-2.0,-74.0
1777889303.9243324,-3.0,-1.0,-72.0
1777889303.9343324,-2.0,-2.0,-73.0
1777889303.9443324,-1.0,-5.0,-70.0
1777889303.9543324,-4.0,-2.0,-69.0
1777889303.9643323,3.0,-4.0,-68.0
1777889303.9743323,5.0,-3.0,-65.0
1777889303.9843323,7.0,-6.0,-73.0
1777889303.9943323,5.0,-6.0,-74.0
1777889304.0043323,5.0,-5.0,-71.0
1777889304.0143323,5.0,0.0,-70.0
1777889304.0243323,4.0,-1.0,-75.0
1777889304.0343325,2.0,-3.0,-72.0
1777889304.0443325,6.0,0.0,-69.0
1777889304.0543325,7.0,0.0,-62.0
1777889304.0643325,1.0,1.0,-62.0
1777889304.0743325,5.0,3.0,-67.0
1777889304.0843325,4.0,3.0,-64.0
1777889304.0943325,0.0,3.0,-68.0
1777889304.1043324,4.0,1.0,-74.0
1777889304.1143324,0.0,0.0,-72.0
1777889304.1243324,0.0,1.0,-70.0
1777889304.1343324,1.0,1.0,-71.0
1777889304.1443324,2.0,-2.0,-72.0
1777889304.1543324,2.0,0.0,-80.0
1777889304.1643324,2.0,4.0,-82.0
1777889304.1743324,2.0,3.0,-81.0
1777889304.1843324,-2.0,0.0,-80.0
1777889304.1943324,1.0,1.0,-79.0
1777889304.2043324,-2.0,-2.0,-81.0
1777889304.2143323,-2.0,-6.0,-71.0
1777889304.2243323,-5.0,-5.0,-65.0
1777889304.2343323,-5.0,-3.0,-70.0
1777889304.2443323,-3.0,-1.0,-74.0
1777889304.2543323,-2.0,2.0,-86.0
1777889304.2643323,-6.0,1.0,-85.0
1777889304.2743323,-7.0,0.0,-78.0
1777889304.2843325,-2.0,-2.0,-80.0
1777889304.2943325,0.0,-1.0,-73.0
1777889304.3053324,0.0,1.0,-73.0
1777889304.3143325,3.0,3.0,-77.0
1777889304.3253324,0.0,5.0,-74.0
1777889304.3353324,1.0,5.0,-81.0
1777889304.3453324,1.0,5.0,-80.0
1777889304.3553324,6.0,0.0,-79.0
1777889304.3653324,1.0,0.0,-75.0
1777889304.3753324,0.0,0.0,-77.0
1777889304.3853323,-4.0,-2.0,-76.0
1777889304.3953323,-4.0,0.0,-84.0
1777889304.4053323,-3.0,-3.0,-79.0
1777889304.4153323,0.0,-6.0,-83.0
1777889304.4253323,1.0,-7.0,-89.0
1777889304.4353323,0.0,-7.0,-87.0
1777889304.4453323,0.0,-5.0,-72.0
1777889304.4553325,3.0,-1.0,-66.0
1777889304.4653325,1.0,1.0,-69.0
1777889304.4753325,1.0,4.0,-74.0
1777889304.4853325,2.0,0.0,-81.0
1777889304.4953325,2.0,1.0,-85.0
1777889304.5053325,-2.0,-2.0,-83.0
1777889304.5153325,-2.0,-4.0,-76.0
1777889304.5253325,-2.0,-3.0,-75.0
1777889304.5353324,-4.0,-7.0,-78.0
1777889304.5453324,-1.0,-5.0,-86.0
1777889304.5553324,0.0,-8.0,-84.0
1777889304.5653324,3.0,-2.0,-90.0
1777889304.5753324,7.0,1.0,-87.0
1777889304.5853324,7.0,1.0,-80.0
1777889304.5953324,12.0,0.0,-74.0
1777889304.6053324,12.0,0.0,-75.0
1777889304.6153324,13.0,2.0,-75.0
1777889304.6253324,11.0,7.0,-82.0
1777889304.6353323,7.0,3.0,-83.0
1777889304.6453323,6.0,2.0,-79.0
1777889304.6553323,6.0,4.0,-72.0
1777889304.6653323,6.0,7.0,-71.0
1777889304.6753323,4.0,10.0,-78.0
1777889304.6853323,3.0,9.0,-79.0
1777889304.6953323,3.0,9.0,-86.0
1777889304.7053325,1.0,9.0,-86.0
1777889304.7153325,-2.0,6.0,-79.0
1777889304.7253325,1.0,2.0,-79.0
1777889304.7353325,3.0,3.0,-79.0
1777889304.7453325,1.0,5.0,-79.0
1777889304.7553325,4.0,5.0,-81.0
1777889304.7653325,4.0,3.0,-79.0
1777889304.7753325,8.0,1.0,-70.0
1777889304.7853324,4.0,0.0,-73.0
1777889304.7953324,1.0,0.0,-71.0
1777889304.8053324,3.0,0.0,-77.0
1777889304.8153324,6.0,-3.0,-76.0
1777889304.8253324,3.0,-2.0,-78.0
1777889304.8353324,5.0,-7.0,-72.0
1777889304.8453324,0.0,-8.0,-69.0
1777889304.8553324,-4.0,-8.0,-75.0
1777889304.8653324,-3.0,-6.0,-80.0
1777889304.8753324,0.0,-2.0,-86.0
1777889304.8853323,1.0,-2.0,-84.0
1777889304.8953323,0.0,-1.0,-84.0
1777889304.9053323,2.0,0.0,-88.0
1777889304.9153323,3.0,-3.0,-82.0
1777889304.9253323,1.0,-2.0,-80.0
1777889304.9353323,0.0,-2.0,-77.0
1777889304.9453323,-4.0,-2.0,-73.0
1777889304.9553325,-2.0,-4.0,-75.0
1777889304.9653325,-1.0,-2.0,-73.0
1777889304.9753325,-2.0,-5.0,-73.0
1777889304.9853325,-5.0,0.0,-74.0
1777889304.9953325,-6.0,1.0,-72.0
1777889305.0053325,-7.0,-2.0,-73.0
1777889305.0153325,-7.0,3.0,-75.0
1777889305.0253325,-10.0,3.0,-77.0
1777889305.0353324,-9.0,2.0,-85.0
1777889305.0453324,-5.0,-1.0,-90.0
1777889305.0553324,-4.0,0.0,-85.0
1777889305.0653324,-6.0,0.0,-79.0
1777889305.0753324,-6.0,-1.0,-78.0
1777889305.0853324,-3.0,-2.0,-72.0
1777889305.0953324,-2.0,-1.0,-72.0
1777889305.1053324,-2.0,-3.0,-75.0
1777889305.1153324,-1.0,-4.0,-76.0
1777889305.1253324,-1.0,-2.0,-79.0
1777889305.1353323,1.0,2.0,-76.0
1777889305.1453323,1.0,2.0,-74.0
1777889305.1553323,3.0,4.0,-76.0
1777889305.1653323,6.0,1.0,-69.0
1777889305.1753323,8.0,0.0,-69.0
1777889305.1853323,6.0,3.0,-66.0
1777889305.1953323,2.0,0.0,-66.0
1777889305.2053325,3.0,0.0,-66.0
1777889305.2153325,3.0,0.0,-67.0
1777889305.2253325,4.0,0.0,-62.0
1777889305.2353325,1.0,4.0,-66.0
1777889305.2453325,-3.0,5.0,-66.0
1777889305.2553325,-5.0,0.0,-69.0
1777889305.2653325,-1.0,0.0,-68.0
1777889305.2753325,2.0,0.0,-71.0
1777889305.2853324,0.0,0.0,-73.0
1777889305.2953324,-1.0,-3.0,-75.0
1777889305.3053324,-8.0,0.0,-72.0
1777889305.3153324,-5.0,4.0,-71.0
1777889305.3253324,-1.0,4.0,-73.0
1777889305.3353324,0.0,2.0,-72.0
1777889305.3453324,0.0,1.0,-67.0
1777889305.3553324,0.0,0.0,-74.0
1777889305.3653324,1.0,3.0,-74.0
1777889305.3753324,3.0,4.0,-76.0
1777889305.3853323,3.0,1.0,-77.0
1777889305.3953323,5.0,4.0,-78.0
1777889305.4053323,5.0,4.0,-76.0
1777889305.4153323,6.0,2.0,-77.0
1777889305.4253323,6.0,2.0,-73.0
1777889305.4353323,1.0,2.0,-75.0
1777889305.4453323,0.0,2.0,-75.0
1777889305.4553325,2.0,6.0,-81.0
1777889305.4653325,6.0,2.0,-80.0
1777889305.4753325,5.0,1.0,-78.0
1777889305.4853325,6.0,0.0,-76.0
1777889305.4953325,6.0,-2.0,-74.0
1777889305.5053325,-2.0,-2.0,-76.0
1777889305.5153325,-7.0,-2.0,-74.0
1777889305.5253325,-11.0,-4.0,-77.0
1777889305.5353324,-9.0,-3.0,-80.0
1777889305.5453324,-8.0,-3.0,-86.0
1777889305.5553324,0.0,-1.0,-82.0
1777889305.5653324,1.0,-2.0,-82.0
1777889305.5753324,0.0,-6.0,-82.0
1777889305.5853324,1.0,-3.0,-89.0
1777889305.5953324,1.0,-3.0,-91.0
1777889305.6053324,1.0,-4.0,-89.0
1777889305.6153324,4.0,0.0,-84.0
1777889305.6253324,7.0,0.0,-82.0
1777889305.6353323,6.0,-1.0,-84.0
1777889305.6453323,5.0,-2.0,-87.0
1777889305.6553323,5.0,-4.0,-86.0
1777889305.6653323,8.0,-2.0,-87.0
1777889305.6753323,10.0,-5.0,-84.0
1777889305.6853323,10.0,-2.0,-76.0
1777889305.6953323,8.0,-2.0,-76.0
1777889305.7053325,5.0,-5.0,-76.0
1777889305.7153325,7.0,0.0,-72.0
1777889305.7253325,6.0,1.0,-74.0
1777889305.7353325,4.0,0.0,-65.0
1777889305.7453325,2.0,0.0,-70.0
1777889305.7553325,0.0,2.0,-70.0
1777889305.7653325,0.0,3.0,-68.0
1777889305.7753325,1.0,0.0,-72.0
1777889305.7853324,2.0,0.0,-74.0
1777889305.7953324,3.0,3.0,-76.0
1777889305.8053324,4.0,4.0,-82.0
1777889305.8153324,3.0,-2.0,-86.0
1777889305.8253324,-1.0,-3.0,-91.0
1777889305.8353324,3.0,-3.0,-93.0
1777889305.8453324,8.0,-2.0,-89.0
1777889305.8553324,7.0,0.0,-89.0
1777889305.8653324,5.0,2.0,-86.0
1777889305.8753324,2.0,0.0,-76.0
1777889305.8853323,2.0,-3.0,-73.0
1777889305.8953323,-1.0,-5.0,-78.0
1777889305.9063325,0.0,-6.0,-81.0
1777889305.9153323,2.0,-4.0,-74.0
1777889305.9253323,2.0,-3.0,-74.0
1777889305.9353323,2.0,-2.0,-79.0
1777889305.9453323,-4.0,-2.0,-80.0
1777889305.9553325,1.0,-5.0,-74.0
1777889305.9653325,2.0,-3.0,-76.0
1777889305.9753325,4.0,-4.0,-78.0
1777889305.9853325,5.0,-2.0,-83.0
1777889305.9953325,0.0,-2.0,-82.0
1777889306.0053325,2.0,-2.0,-79.0
1777889306.0153325,5.0,-1.0,-71.0
1777889306.0253325,3.0,2.0,-68.0
1777889306.0353324,4.0,0.0,-67.0
1777889306.0453324,3.0,0.0,-76.0
1777889306.0553324,0.0,2.0,-76.0
1777889306.0653324,0.0,4.0,-81.0
1777889306.0753324,0.0,0.0,-79.0
1777889306.0853324,3.0,0.0,-76.0
1777889306.0953324,4.0,2.0,-76.0
1777889306.1053324,4.0,2.0,-77.0
1777889306.1153324,5.0,0.0,-75.0
1777889306.1253324,2.0,0.0,-78.0
1777889306.1353323,2.0,-1.0,-83.0
1777889306.1453323,0.0,-2.0,-85.0
1777889306.1553323,0.0,0.0,-84.0
1777889306.1653323,-2.0,3.0,-81.0
1777889306.1753323,-3.0,0.0,-76.0
1777889306.1853323,-3.0,1.0,-78.0
1777889306.1953323,-3.0,0.0,-85.0
1777889306.2053325,0.0,-3.0,-83.0
1777889306.2153325,0.0,-3.0,-76.0
1777889306.2253325,-1.0,1.0,-71.0
1777889306.2353325,1.0,4.0,-68.0
1777889306.2453325,1.0,1.0,-69.0
1777889306.2553325,1.0,4.0,-71.0
1777889306.2653325,0.0,0.0,-69.0
1777889306.2753325,-2.0,0.0,-72.0
1777889306.2863324,-1.0,1.0,-74.0
1777889306.2963324,2.0,-1.0,-80.0
1777889306.3063323,5.0,-2.0,-86.0
1777889306.3163323,6.0,-5.0,-88.0
1777889306.3263323,10.0,-5.0,-82.0
1777889306.3363323,6.0,-5.0,-78.0
1777889306.3463323,4.0,0.0,-85.0
1777889306.3563323,6.0,0.0,-84.0
1777889306.3663323,6.0,1.0,-87.0
1777889306.3763323,6.0,1.0,-82.0
1777889306.3863325,4.0,1.0,-84.0
1777889306.3963325,3.0,3.0,-87.0
1777889306.4063325,0.0,5.0,-90.0
1777889306.4163325,0.0,1.0,-85.0
1777889306.4263325,1.0,2.0,-82.0
1777889306.4363325,5.0,1.0,-82.0
1777889306.4463325,3.0,5.0,-81.0
1777889306.4563324,0.0,4.0,-81.0
1777889306.4663324,-5.0,6.0,-88.0
1777889306.4763324,-6.0,4.0,-91.0
1777889306.4863324,-7.0,2.0,-89.0
1777889306.4963324,-3.0,6.0,-86.0
1777889306.5063324,0.0,5.0,-78.0
1777889306.5163324,1.0,3.0,-76.0
1777889306.5263324,5.0,1.0,-72.0
1777889306.5363324,5.0,1.0,-73.0
1777889306.5463324,0.0,-1.0,-74.0
1777889306.5563323,-1.0,-3.0,-75.0
1777889306.5663323,0.0,-4.0,-73.0
1777889306.5763323,0.0,-2.0,-70.0
1777889306.5863323,-3.0,-2.0,-73.0
1777889306.5963323,-7.0,-1.0,-76.0
1777889306.6063323,-5.0,1.0,-76.0
1777889306.6163323,0.0,2.0,-68.0
1777889306.6263323,-7.0,0.0,-59.0
1777889306.6363325,-6.0,1.0,-63.0
1777889306.6463325,-10.0,2.0,-74.0
1777889306.6563325,-9.0,2.0,-73.0
1777889306.6663325,-8.0,1.0,-69.0
1777889306.6763325,-7.0,2.0,-65.0
1777889306.6863325,-7.0,-1.0,-65.0
1777889306.6963325,-8.0,-1.0,-70.0
1777889306.7063324,-6.0,-5.0,-69.0
1777889306.7163324,-5.0,-3.0,-70.0
1777889306.7263324,-5.0,-1.0,-72.0
1777889306.7363324,-4.0,-2.0,-79.0
1777889306.7463324,-4.0,0.0,-81.0
1777889306.7563324,-4.0,-2.0,-75.0
1777889306.7663324,-5.0,0.0,-78.0
1777889306.7763324,-3.0,-6.0,-77.0
1777889306.7863324,-2.0,-9.0,-74.0
1777889306.7963324,-2.0,-6.0,-76.0
1777889306.8063323,0.0,-3.0,-78.0
1777889306.8163323,0.0,-3.0,-79.0
1777889306.8263323,-2.0,-6.0,-80.0
1777889306.8363323,-3.0,-2.0,-82.0
1777889306.8463323,-5.0,-5.0,-77.0
1777889306.8563323,-11.0,-6.0,-83.0
1777889306.8663323,-9.0,-7.0,-80.0
1777889306.8763323,-4.0,-5.0,-77.0
1777889306.8863325,1.0,0.0,-76.0
1777889306.8963325,-3.0,0.0,-75.0
1777889306.9063325,-1.0,-5.0,-75.0
1777889306.9163325,0.0,-5.0,-70.0
1777889306.9263325,0.0,-5.0,-64.0
1777889306.9363325,0.0,-11.0,-72.0
1777889306.9463325,-3.0,-10.0,-76.0
1777889306.9563324,-4.0,-12.0,-74.0
1777889306.9663324,-5.0,-7.0,-80.0
1777889306.9763324,-5.0,-5.0,-79.0
1777889306.9863324,-7.0,-4.0,-75.0
1777889306.9963324,-1.0,-3.0,-72.0
1777889307.0063324,-3.0,-2.0,-66.0
1777889307.0163324,-6.0,0.0,-67.0
1777889307.0263324,-4.0,-3.0,-64.0
1777889307.0363324,-4.0,-3.0,-68.0
1777889307.0463324,-5.0,-5.0,-65.0
1777889307.0563323,0.0,-5.0,-64.0
1777889307.0663323,-2.0,-5.0,-64.0
1777889307.0763323,-2.0,-7.0,-63.0
1777889307.0863323,-1.0,-8.0,-65.0
1777889307.0963323,-6.0,-5.0,-70.0
1777889307.1063323,-1.0,-6.0,-79.0
1777889307.1163323,0.0,-11.0,-80.0
1777889307.1263323,-1.0,-13.0,-80.0
1777889307.1363325,-3.0,-7.0,-80.0
1777889307.1463325,-2.0,-3.0,-81.0
1777889307.1563325,-1.0,0.0,-83.0
1777889307.1663325,-3.0,3.0,-81.0
1777889307.1763325,-1.0,2.0,-89.0
1777889307.1863325,6.0,-1.0,-89.0
1777889307.1963325,10.0,-3.0,-85.0
1777889307.2063324,9.0,-3.0,-82.0
1777889307.2163324,9.0,-2.0,-79.0
1777889307.2263324,10.0,1.0,-78.0
1777889307.2363324,10.0,0.0,-75.0
1777889307.2463324,14.0,-2.0,-71.0
1777889307.2563324,14.0,0.0,-69.0
1777889307.2663324,18.0,0.0,-69.0
1777889307.2763324,13.0,0.0,-68.0
1777889307.2863324,13.0,0.0,-74.0
1777889307.2963324,9.0,1.0,-69.0
1777889307.3063323,10.0,2.0,-71.0
1777889307.3163323,9.0,0.0,-73.0
1777889307.3263323,9.0,-2.0,-73.0
1777889307.3363323,6.0,-2.0,-77.0
1777889307.3463323,4.0,-2.0,-77.0
1777889307.3563323,5.0,0.0,-72.0
1777889307.3663323,7.0,1.0,-75.0
1777889307.3763323,3.0,-2.0,-75.0
1777889307.3863325,2.0,-4.0,-77.0
1777889307.3963325,10.0,-1.0,-82.0
1777889307.4063325,13.0,-2.0,-76.0
1777889307.4163325,14.0,-3.0,-75.0
1777889307.4263325,14.0,-2.0,-67.0
1777889307.4363325,14.0,0.0,-68.0
1777889307.4463325,7.0,2.0,-70.0
1777889307.4563324,6.0,2.0,-67.0
1777889307.4663324,3.0,3.0,-71.0
1777889307.4763324,5.0,3.0,-76.0
1777889307.4863324,2.0,0.0,-76.0
1777889307.4963324,3.0,-1.0,-73.0
1777889307.5063324,1.0,-5.0,-79.0
1777889307.5163324,0.0,-2.0,-79.0
1777889307.5263324,-4.0,0.0,-81.0
1777889307.5363324,-7.0,-2.0,-79.0
1777889307.5463324,-6.0,2.0,-78.0
1777889307.5563323,-2.0,2.0,-74.0
1777889307.5663323,5.0,4.0,-75.0
1777889307.5763323,6.0,5.0,-70.0
1777889307.5863323,4.0,4.0,-65.0
1777889307.5963323,-1.0,6.0,-63.0
1777889307.6063323,-1.0,6.0,-67.0
1777889307.6163323,0.0,4.0,-73.0
1777889307.6263323,-3.0,1.0,-75.0
1777889307.6363325,-7.0,0.0,-73.0
1777889307.6463325,-4.0,-2.0,-73.0
1777889307.6563325,-6.0,0.0,-74.0
1777889307.6663325,-4.0,1.0,-77.0
1777889307.6763325,-4.0,2.0,-81.0
1777889307.6863325,0.0,2.0,-76.0
1777889307.6963325,0.0,2.0,-77.0
1777889307.7063324,4.0,0.0,-74.0
1777889307.7163324,5.0,0.0,-72.0
1777889307.7263324,5.0,-2.0,-68.0
1777889307.7363324,2.0,-3.0,-71.0
1777889307.7473323,2.0,-1.0,-72.0
1777889307.7563324,0.0,-1.0,-73.0
1777889307.7663324,0.0,1.0,-71.0
1777889307.7763324,-9.0,2.0,-67.0
1777889307.7863324,-11.0,-1.0,-67.0
1777889307.7963324,-6.0,-2.0,-75.0
1777889307.8063323,-5.0,0.0,-75.0
1777889307.8163323,-4.0,4.0,-76.0
1777889307.8263323,-3.0,5.0,-75.0
1777889307.8363323,-2.0,1.0,-77.0
1777889307.8463323,-3.0,1.0,-70.0
1777889307.8563323,0.0,0.0,-64.0
1777889307.8663323,-1.0,0.0,-74.0
1777889307.8763323,-4.0,0.0,-80.0
1777889307.8863325,-5.0,-2.0,-74.0
1777889307.8963325,-5.0,-4.0,-70.0
1777889307.9063325,2.0,-1.0,-68.0
1777889307.9163325,6.0,-2.0,-70.0
1777889307.9263325,4.0,-6.0,-69.0
1777889307.9363325,2.0,-2.0,-67.0
1777889307.9463325,4.0,-2.0,-74.0
1777889307.9563324,4.0,2.0,-70.0
1777889307.9663324,7.0,0.0,-73.0
1777889307.9763324,7.0,1.0,-72.0
1777889307.9863324,6.0,-2.0,-69.0
1777889307.9963324,2.0,0.0,-71.0
1777889308.0063324,0.0,-1.0,-71.0
1777889308.0163324,0.0,-4.0,-75.0
1777889308.0263324,-1.0,-4.0,-73.0
1777889308.0363324,-4.0,-6.0,-66.0
1777889308.0463324,-4.0,-8.0,-71.0
1777889308.0563323,-3.0,-9.0,-67.0
1777889308.0663323,-3.0,-3.0,-74.0
1777889308.0763323,0.0,-1.0,-73.0
1777889308.0863323,0.0,-4.0,-75.0
1777889308.0963323,-3.0,-6.0,-74.0
1777889308.1063323,-1.0,-6.0,-79.0
1777889308.1163323,-4.0,-5.0,-83.0
1777889308.1263323,-3.0,-3.0,-77.0
1777889308.1363325,-5.0,-3.0,-74.0
1777889308.1463325,-7.0,-5.0,-73.0
1777889308.1563325,-9.0,0.0,-73.0
1777889308.1663325,-7.0,2.0,-71.0
1777889308.1763325,-7.0,1.0,-73.0
1777889308.1863325,-3.0,0.0,-66.0
1777889308.1963325,-1.0,-1.0,-68.0
1777889308.2063324,-1.0,-2.0,-66.0
1777889308.2163324,1.0,-4.0,-75.0
1777889308.2263324,-1.0,-1.0,-80.0
1777889308.2363324,0.0,2.0,-79.0
1777889308.2463324,-1.0,4.0,-85.0
1777889308.2563324,-4.0,1.0,-79.0
1777889308.2673323,-7.0,0.0,-75.0
1777889308.2763324,-3.0,0.0,-71.0
1777889308.2863324,-4.0,-5.0,-67.0
1777889308.2973323,-6.0,-5.0,-67.0
1777889308.3073325,-4.0,-1.0,-68.0
1777889308.3173325,-3.0,0.0,-67.0
1777889308.3273325,1.0,0.0,-78.0
1777889308.3373325,2.0,-4.0,-82.0
1777889308.3473325,0.0,0.0,-82.0
1777889308.3573325,0.0,2.0,-82.0
1777889308.3673325,0.0,2.0,-83.0
1777889308.3773324,-3.0,0.0,-85.0
1777889308.3873324,-1.0,2.0,-87.0
1777889308.3973324,0.0,4.0,-85.0
1777889308.4073324,-3.0,0.0,-76.0
1777889308.4173324,-4.0,0.0,-74.0
1777889308.4273324,0.0,3.0,-80.0
1777889308.4373324,3.0,4.0,-73.0
1777889308.4473324,0.0,3.0,-74.0
1777889308.4573324,2.0,2.0,-71.0
1777889308.4673324,1.0,3.0,-76.0
1777889308.4773324,1.0,2.0,-80.0
1777889308.4873323,-1.0,0.0,-74.0
1777889308.4973323,-1.0,0.0,-81.0
1777889308.5073323,0.0,-2.0,-80.0
1777889308.5173323,-4.0,-1.0,-71.0
1777889308.5273323,0.0,1.0,-69.0
1777889308.5373323,0.0,3.0,-70.0
1777889308.5473323,2.0,4.0,-72.0
1777889308.5573325,4.0,5.0,-73.0
1777889308.5673325,5.0,3.0,-79.0
1777889308.5773325,8.0,4.0,-88.0
1777889308.5873325,5.0,4.0,-85.0
1777889308.5973325,2.0,3.0,-84.0
1777889308.6073325,3.0,3.0,-84.0
1777889308.6173325,2.0,8.0,-84.0
1777889308.6273324,2.0,7.0,-86.0
1777889308.6373324,-3.0,7.0,-82.0
1777889308.6473324,-6.0,4.0,-80.0
1777889308.6573324,-2.0,4.0,-81.0
1777889308.6673324,-3.0,3.0,-87.0
1777889308.6773324,-5.0,2.0,-80.0
1777889308.6873324,-3.0,1.0,-75.0
1777889308.6973324,2.0,4.0,-74.0
1777889308.7073324,4.0,3.0,-72.0
1777889308.7173324,7.0,2.0,-73.0
1777889308.7273324,3.0,2.0,-63.0
1777889308.7373323,0.0,2.0,-66.0
1777889308.7473323,-2.0,0.0,-63.0
1777889308.7573323,0.0,-5.0,-66.0
1777889308.7673323,-1.0,-5.0,-74.0
1777889308.7773323,0.0,-5.0,-64.0
1777889308.7873323,5.0,-7.0,-70.0
1777889308.7973323,6.0,-5.0,-71.0
1777889308.8073325,8.0,-4.0,-76.0
1777889308.8173325,11.0,3.0,-80.0
1777889308.8273325,8.0,3.0,-84.0
1777889308.8373325,8.0,-2.0,-81.0
1777889308.8473325,3.0,-3.0,-78.0
1777889308.8573325,0.0,2.0,-77.0
1777889308.8673325,-1.0,0.0,-69.0
1777889308.8773324,-2.0,-1.0,-74.0
1777889308.8873324,-3.0,-3.0,-73.0
1777889308.8973324,0.0,-3.0,-76.0
1777889308.9073324,0.0,-4.0,-76.0
1777889308.9173324,-3.0,-4.0,-81.0
1777889308.9273324,0.0,-5.0,-75.0
1777889308.9373324,1.0,-6.0,-76.0
1777889308.9473324,1.0,-5.0,-76.0
1777889308.9573324,0.0,-6.0,-76.0
1777889308.9673324,0.0,-6.0,-72.0
1777889308.9783323,-1.0,-8.0,-77.0
1777889308.9873323,4.0,-5.0,-74.0
1777889308.9973323,4.0,-4.0,-69.0
1777889309.0073323,0.0,-5.0,-68.0
1777889309.0173323,-2.0,-5.0,-63.0
1777889309.0273323,-1.0,-4.0,-61.0
1777889309.0373323,0.0,-4.0,-67.0
1777889309.0473323,-1.0,0.0,-77.0
1777889309.0573325,-1.0,-2.0,-76.0
1777889309.0673325,-3.0,-2.0,-81.0
1777889309.0773325,-1.0,0.0,-77.0
1777889309.0873325,0.0,0.0,-71.0
1777889309.0973325,4.0,0.0,-77.0
1777889309.1073325,6.0,2.0,-75.0
1777889309.1173325,2.0,4.0,-75.0
1777889309.1273324,3.0,3.0,-81.0
1777889309.1373324,6.0,2.0,-78.0
1777889309.1473324,9.0,0.0,-78.0
1777889309.1573324,6.0,3.0,-72.0
1777889309.1673324,0.0,2.0,-71.0
1777889309.1773324,-1.0,1.0,-71.0
1777889309.1873324,-1.0,0.0,-76.0
1777889309.1973324,0.0,-1.0,-85.0
1777889309.2073324,2.0,-2.0,-79.0
1777889309.2173324,3.0,0.0,-74.0
1777889309.2273324,4.0,-1.0,-77.0
1777889309.2373323,4.0,0.0,-76.0
1777889309.2473323,2.0,1.0,-77.0
1777889309.2573323,4.0,1.0,-80.0
1777889309.2673323,5.0,0.0,-78.0
1777889309.2773323,0.0,2.0,-79.0
1777889309.2873323,-5.0,5.0,-85.0
1777889309.2973323,-5.0,6.0,-87.0
1777889309.3073325,-5.0,6.0,-82.0
1777889309.3173325,-4.0,3.0,-81.0
1777889309.3273325,-6.0,1.0,-81.0
1777889309.3373325,-5.0,-1.0,-77.0
1777889309.3473325,-5.0,0.0,-75.0
1777889309.3573325,-7.0,1.0,-71.0
1777889309.3673325,-8.0,4.0,-78.0
1777889309.3773324,-3.0,6.0,-81.0
1777889309.3873324,0.0,4.0,-86.0
1777889309.3973324,0.0,4.0,-81.0
1777889309.4073324,-6.0,0.0,-78.0
1777889309.4173324,-2.0,-1.0,-79.0
1777889309.4273324,2.0,-1.0,-74.0
1777889309.4373324,4.0,-1.0,-69.0
1777889309.4473324,3.0,0.0,-69.0
1777889309.4573324,0.0,-2.0,-70.0
1777889309.4673324,8.0,-1.0,-73.0
1777889309.4773324,8.0,-3.0,-71.0
1777889309.4873323,8.0,-5.0,-63.0
1777889309.4973323,2.0,-2.0,-67.0
1777889309.5073323,0.0,-2.0,-72.0
1777889309.5173323,0.0,-3.0,-71.0
1777889309.5273323,0.0,-2.0,-78.0
1777889309.5373323,0.0,-1.0,-70.0
1777889309.5473323,-6.0,-3.0,-72.0
1777889309.5573325,-5.0,-1.0,-70.0
1777889309.5673325,-2.0,-4.0,-70.0
1777889309.5773325,1.0,-4.0,-67.0
1777889309.5873325,2.0,-1.0,-70.0
1777889309.5973325,4.0,-4.0,-69.0
1777889309.6073325,0.0,-8.0,-72.0
1777889309.6173325,1.0,-8.0,-77.0
1777889309.6273324,2.0,-6.0,-73.0
1777889309.6373324,-1.0,-3.0,-74.0
1777889309.6473324,2.0,0.0,-72.0
1777889309.6573324,2.0,0.0,-70.0
1777889309.6673324,-1.0,2.0,-71.0
1777889309.6773324,-3.0,2.0,-71.0
1777889309.6873324,-6.0,3.0,-72.0
1777889309.6973324,-7.0,1.0,-76.0
1777889309.7073324,-8.0,-2.0,-68.0
1777889309.7173324,-4.0,-4.0,-77.0
1777889309.7273324,0.0,-1.0,-84.0
1777889309.7373323,0.0,2.0,-85.0
1777889309.7473323,3.0,3.0,-83.0
1777889309.7573323,-1.0,2.0,-84.0
1777889309.7673323,0.0,5.0,-77.0
1777889309.7773323,0.0,5.0,-76.0
1777889309.7873323,0.0,0.0,-71.0
1777889309.7973323,6.0,-5.0,-65.0
1777889309.8073325,2.0,0.0,-68.0
1777889309.8173325,0.0,0.0,-69.0
1777889309.8273325,-2.0,-2.0,-76.0
1777889309.8373325,-1.0,-4.0,-77.0
1777889309.8473325,2.0,-2.0,-76.0
1777889309.8573325,5.0,-4.0,-73.0
1777889309.8673325,4.0,0.0,-77.0
1777889309.8773324,2.0,-2.0,-81.0
1777889309.8873324,3.0,-1.0,-78.0
1777889309.8973324,5.0,-3.0,-79.0
1777889309.9073324,1.0,-4.0,-85.0
1777889309.9173324,3.0,0.0,-80.0
1777889309.9273324,6.0,0.0,-78.0
1777889309.9373324,3.0,-2.0,-76.0
1777889309.9473324,3.0,0.0,-79.0
1777889309.9573324,0.0,-1.0,-75.0
1777889309.9673324,0.0,0.0,-75.0
1777889309.9773324,3.0,-3.0,-72.0
1777889309.9873323,5.0,-4.0,-70.0
1777889309.9973323,1.0,-3.0,-67.0
1777889310.0073323,0.0,0.0,-67.0
1777889310.0173323,1.0,0.0,-68.0
1777889310.0273323,3.0,0.0,-69.0
1777889310.0373323,-1.0,2.0,-72.0
1777889310.0473323,0.0,3.0,-68.0
1777889310.0573325,2.0,2.0,-71.0
1777889310.0673325,5.0,-2.0,-76.0
1777889310.0773325,4.0,-2.0,-71.0
1777889310.0873325,3.0,-1.0,-69.0
1777889310.0973325,2.0,-2.0,-76.0
1777889310.1073325,0.0,-1.0,-77.0
1777889310.1173325,2.0,0.0,-78.0
1777889310.1273324,-1.0,2.0,-86.0
1777889310.1373324,-2.0,8.0,-82.0
1777889310.1473324,-5.0,8.0,-76.0
1777889310.1573324,-8.0,5.0,-75.0
1777889310.1673324,-7.0,2.0,-73.0
1777889310.1773324,-5.0,0.0,-75.0
1777889310.1873324,-5.0,-2.0,-69.0
1777889310.1973324,-7.0,0.0,-71.0
1777889310.2073324,-1.0,1.0,-70.0
1777889310.2173324,1.0,0.0,-69.0
1777889310.2273324,6.0,0.0,-71.0
1777889310.2383325,6.0,0.0,-67.0
1777889310.2483325,6.0,2.0,-74.0
1777889310.2583325,0.0,3.0,-71.0
1777889310.2683325,-3.0,2.0,-77.0
1777889310.2783325,-2.0,4.0,-83.0
1777889310.2883325,-6.0,3.0,-81.0
1777889310.2983325,-4.0,3.0,-77.0
1777889310.3083324,-3.0,2.0,-82.0
1777889310.3183324,1.0,1.0,-80.0
1777889310.3283324,-4.0,3.0,-82.0
1777889310.3383324,-5.0,0.0,-81.0
1777889310.3483324,1.0,-1.0,-79.0
1777889310.3583324,2.0,-1.0,-81.0
1777889310.3683324,7.0,-3.0,-81.0
1777889310.3783324,5.0,-2.0,-73.0
1777889310.3883324,3.0,2.0,-71.0
1777889310.3983324,3.0,4.0,-68.0
1777889310.4083323,1.0,5.0,-71.0
1777889310.4183323,-1.0,5.0,-72.0
1777889310.4283323,4.0,8.0,-76.0
1777889310.4383323,5.0,4.0,-74.0
1777889310.4483323,3.0,2.0,-75.0
1777889310.4583323,2.0,2.0,-83.0
1777889310.4683323,0.0,6.0,-85.0
1777889310.4783323,0.0,6.0,-80.0
1777889310.4883325,4.0,5.0,-74.0
1777889310.4983325,9.0,2.0,-64.0
1777889310.5083325,8.0,1.0,-68.0
1777889310.5183325,3.0,1.0,-73.0
1777889310.5283325,0.0,0.0,-68.0
1777889310.5383325,1.0,-2.0,-65.0
1777889310.5483325,0.0,-3.0,-64.0
1777889310.5583324,-4.0,0.0,-64.0
1777889310.5683324,-1.0,0.0,-58.0
1777889310.5783324,-5.0,0.0,-66.0
1777889310.5883324,-5.0,2.0,-71.0
1777889310.5983324,-4.0,0.0,-75.0
1777889310.6083324,-1.0,0.0,-82.0
1777889310.6183324,0.0,0.0,-78.0
1777889310.6283324,-4.0,3.0,-78.0
1777889310.6383324,-2.0,3.0,-75.0
1777889310.6483324,8.0,6.0,-79.0
1777889310.6583323,9.0,6.0,-79.0
1777889310.6683323,5.0,4.0,-82.0
1777889310.6783323,4.0,0.0,-86.0
1777889310.6883323,5.0,2.0,-91.0
1777889310.6983323,7.0,-3.0,-87.0
1777889310.7083323,9.0,-1.0,-80.0
1777889310.7183323,5.0,-1.0,-78.0
1777889310.7283323,2.0,2.0,-76.0
1777889310.7383325,1.0,4.0,-73.0
1777889310.7483325,0.0,1.0,-71.0
1777889310.7583325,-1.0,0.0,-72.0
1777889310.7683325,-3.0,-2.0,-78.0
1777889310.7783325,-3.0,-6.0,-81.0
1777889310.7883325,0.0,-4.0,-83.0
1777889310.7983325,-2.0,-5.0,-82.0
1777889310.8083324,2.0,-6.0,-84.0
1777889310.8183324,3.0,-5.0,-86.0
1777889310.8283324,2.0,-3.0,-88.0
1777889310.8383324,6.0,-1.0,-84.0
1777889310.8483324,8.0,-4.0,-80.0
1777889310.8583324,7.0,-6.0,-83.0
1777889310.8683324,8.0,-6.0,-87.0
1777889310.8783324,5.0,-4.0,-87.0
1777889310.8883324,2.0,-1.0,-88.0
1777889310.8983324,-1.0,0.0,-89.0
1777889310.9083323,0.0,1.0,-84.0
1777889310.9183323,0.0,6.0,-82.0
1777889310.9283323,-6.0,2.0,-76.0
1777889310.9383323,-4.0,0.0,-76.0
1777889310.9483323,-5.0,2.0,-77.0
1777889310.9583323,-3.0,-2.0,-72.0
1777889310.9683323,-3.0,1.0,-74.0
1777889310.9783323,1.0,2.0,-71.0
1777889310.9883325,-3.0,0.0,-75.0
1777889310.9983325,-5.0,-1.0,-68.0
1777889311.0083325,-7.0,-3.0,-64.0
1777889311.0183325,-7.0,-1.0,-70.0
1777889311.0283325,-5.0,2.0,-71.0
1777889311.0383325,-6.0,1.0,-74.0
1777889311.0483325,-5.0,1.0,-74.0
1777889311.0583324,1.0,0.0,-78.0
1777889311.0683324,1.0,-3.0,-69.0
1777889311.0783324,2.0,-3.0,-74.0
1777889311.0883324,4.0,-5.0,-74.0
1777889311.0983324,2.0,-1.0,-78.0
1777889311.1083324,-1.0,-3.0,-83.0
1777889311.1183324,0.0,-1.0,-84.0
1777889311.1283324,6.0,0.0,-81.0
1777889311.1383324,7.0,-1.0,-75.0
1777889311.1483324,0.0,1.0,-82.0
1777889311.1583323,1.0,0.0,-83.0
1777889311.1683323,4.0,0.0,-80.0
1777889311.1783323,5.0,2.0,-77.0
1777889311.1883323,5.0,0.0,-70.0
1777889311.1983323,0.0,-2.0,-69.0
1777889311.2083323,-1.0,-2.0,-63.0
1777889311.2183323,-3.0,0.0,-68.0
1777889311.2283323,0.0,-1.0,-60.0
1777889311.2383325,0.0,-5.0,-68.0
1777889311.2483325,-1.0,-5.0,-68.0
1777889311.2583325,3.0,-4.0,-67.0
1777889311.2683325,2.0,-2.0,-69.0
1777889311.2783325,4.0,-1.0,-70.0
1777889311.2883325,2.0,-7.0,-72.0
1777889311.2983325,3.0,-5.0,-75.0
1777889311.3083324,10.0,-1.0,-74.0
1777889311.3183324,10.0,0.0,-76.0
1777889311.3283324,13.0,0.0,-78.0
1777889311.3383324,9.0,0.0,-80.0
1777889311.3483324,4.0,0.0,-85.0
1777889311.3583324,0.0,2.0,-80.0
1777889311.3683324,0.0,2.0,-79.0
1777889311.3783324,-1.0,2.0,-80.0
1777889311.3883324,-3.0,4.0,-74.0
1777889311.3983324,-3.0,1.0,-76.0
1777889311.4083323,-1.0,4.0,-77.0
1777889311.4183323,-2.0,3.0,-67.0
1777889311.4283323,0.0,2.0,-69.0
1777889311.4383323,-1.0,2.0,-66.0
1777889311.4483323,-1.0,-2.0,-68.0
1777889311.4583323,-2.0,-4.0,-71.0
1777889311.4683323,2.0,-6.0,-75.0
1777889311.4783323,3.0,-4.0,-77.0
1777889311.4883325,3.0,1.0,-83.0
1777889311.4983325,0.0,1.0,-95.0
1777889311.5083325,-1.0,2.0,-95.0
1777889311.5183325,-2.0,-1.0,-95.0
1777889311.5283325,0.0,-8.0,-94.0
1777889311.5383325,4.0,-9.0,-86.0
1777889311.5483325,0.0,-3.0,-89.0
1777889311.5583324,4.0,-2.0,-90.0
1777889311.5683324,3.0,-2.0,-91.0
1777889311.5783324,0.0,-2.0,-88.0
1777889311.5883324,1.0,0.0,-85.0
1777889311.5983324,5.0,0.0,-82.0
1777889311.6083324,5.0,0.0,-81.0
1777889311.6183324,3.0,-2.0,-83.0
1777889311.6283324,0.0,-4.0,-84.0
1777889311.6383324,1.0,-3.0,-92.0
1777889311.6483324,2.0,-1.0,-92.0
1777889311.6583323,3.0,3.0,-84.0
1777889311.6683323,4.0,1.0,-87.0
1777889311.6783323,5.0,1.0,-84.0
1777889311.6883323,10.0,4.0,-84.0
1777889311.6983323,6.0,1.0,-82.0
1777889311.7083323,3.0,0.0,-75.0
1777889311.7183323,5.0,-1.0,-79.0
1777889311.7283323,4.0,-6.0,-78.0
1777889311.7383325,5.0,-4.0,-75.0
1777889311.7483325,5.0,-4.0,-75.0
1777889311.7583325,2.0,-5.0,-75.0
1777889311.7683325,2.0,-1.0,-74.0
1777889311.7783325,0.0,1.0,-81.0
1777889311.7883325,2.0,1.0,-75.0
1777889311.7983325,6.0,-1.0,-79.0
1777889311.8083324,5.0,0.0,-78.0
1777889311.8183324,1.0,-3.0,-82.0
1777889311.8283324,3.0,-5.0,-79.0
1777889311.8383324,4.0,-1.0,-78.0
1777889311.8483324,2.0,-2.0,-82.0
1777889311.8583324,0.0,-1.0,-83.0
1777889311.8683324,0.0,-5.0,-83.0
1777889311.8783324,0.0,-2.0,-81.0
1777889311.8883324,-3.0,-1.0,-83.0
1777889311.8983324,1.0,-2.0,-78.0
1777889311.9083323,8.0,0.0,-83.0
1777889311.9183323,9.0,-3.0,-85.0
1777889311.9283323,8.0,-3.0,-86.0
1777889311.9383323,10.0,-2.0,-88.0
1777889311.9483323,9.0,-3.0,-83.0
1777889311.9583323,7.0,-3.0,-82.0
1777889311.9683323,5.0,0.0,-78.0
1777889311.9783323,6.0,0.0,-73.0
1777889311.9883325,5.0,-2.0,-71.0
1777889311.9983325,1.0,0.0,-74.0
1777889312.0083325,4.0,-2.0,-78.0
1777889312.0183325,3.0,0.0,-75.0
1777889312.0283325,1.0,-1.0,-69.0
1777889312.0383325,-2.0,0.0,-64.0
1777889312.0483325,-8.0,2.0,-66.0
1777889312.0583324,-1.0,-1.0,-62.0
1777889312.0683324,1.0,0.0,-65.0
1777889312.0783324,2.0,-1.0,-67.0
1777889312.0883324,1.0,0.0,-74.0
1777889312.0983324,-3.0,3.0,-78.0
1777889312.1083324,-5.0,1.0,-81.0
1777889312.1183324,-6.0,3.0,-77.0
1777889312.1283324,-6.0,0.0,-76.0
1777889312.1383324,-1.0,1.0,-78.0
1777889312.1483324,-7.0,0.0,-77.0
1777889312.1583323,-8.0,0.0,-77.0
1777889312.1683323,-5.0,0.0,-74.0
1777889312.1783323,-1.0,-3.0,-74.0
1777889312.1883323,2.0,-2.0,-76.0
1777889312.1983323,3.0,-1.0,-77.0
1777889312.2083323,4.0,-3.0,-75.0
1777889312.2183323,5.0,-2.0,-72.0
1777889312.2293324,4.0,2.0,-67.0
1777889312.2393324,3.0,0.0,-63.0
1777889312.2483325,0.0,-6.0,-62.0
1777889312.2593324,2.0,-7.0,-61.0
1777889312.2693324,1.0,-4.0,-62.0
1777889312.2793324,-4.0,-2.0,-60.0
1777889312.2893324,0.0,-4.0,-63.0
1777889312.2993324,-1.0,-2.0,-67.0
1777889312.3093324,-3.0,-4.0,-66.0
1777889312.3193324,3.0,-3.0,-67.0
1777889312.3293324,2.0,-4.0,-71.0
1777889312.3393323,0.0,-5.0,-77.0
1777889312.3493323,-6.0,0.0,-71.0
1777889312.3593323,-7.0,-3.0,-76.0
1777889312.3693323,-4.0,-6.0,-70.0
1777889312.3793323,2.0,0.0,-72.0
1777889312.3893323,1.0,-2.0,-78.0
1777889312.3993323,4.0,-3.0,-81.0
1777889312.4093325,2.0,-2.0,-74.0
1777889312.4193325,4.0,-2.0,-77.0
1777889312.4293325,7.0,-3.0,-78.0
1777889312.4393325,6.0,-4.0,-81.0
1777889312.4493325,3.0,-5.0,-78.0
1777889312.4593325,0.0,-4.0,-79.0
1777889312.4693325,1.0,0.0,-80.0
1777889312.4793324,3.0,2.0,-79.0
1777889312.4893324,-2.0,1.0,-81.0
1777889312.4993324,-2.0,2.0,-80.0
1777889312.5093324,-3.0,5.0,-79.0
1777889312.5193324,-5.0,3.0,-76.0
1777889312.5293324,-3.0,5.0,-74.0
1777889312.5393324,0.0,3.0,-75.0
1777889312.5493324,0.0,1.0,-78.0
1777889312.5593324,1.0,-2.0,-69.0
1777889312.5693324,1.0,-6.0,-64.0
1777889312.5793324,-4.0,-8.0,-69.0
1777889312.5893323,-7.0,-4.0,-71.0
1777889312.5993323,-5.0,1.0,-75.0
1777889312.6093323,-3.0,1.0,-72.0
1777889312.6193323,1.0,-1.0,-73.0
1777889312.6293323,3.0,-1.0,-79.0
1777889312.6393323,2.0,2.0,-87.0
1777889312.6493323,3.0,0.0,-83.0
1777889312.6593325,5.0,1.0,-79.0
1777889312.6693325,-1.0,0.0,-81.0
1777889312.6793325,-3.0,3.0,-86.0
1777889312.6893325,3.0,2.0,-84.0
1777889312.6993325,8.0,2.0,-84.0
1777889312.7093325,1.0,1.0,-84.0
1777889312.7193325,0.0,0.0,-90.0
1777889312.7293324,-1.0,0.0,-86.0
1777889312.7393324,-1.0,-2.0,-88.0
1777889312.7493324,0.0,-3.0,-93.0
1777889312.7593324,8.0,-1.0,-91.0
1777889312.7693324,6.0,1.0,-81.0
1777889312.7793324,8.0,-2.0,-84.0
1777889312.7893324,8.0,-5.0,-81.0
1777889312.7993324,4.0,-2.0,-84.0
1777889312.8093324,3.0,0.0,-80.0
1777889312.8193324,2.0,-1.0,-71.0
1777889312.8293324,-3.0,-3.0,-70.0
1777889312.8393323,-1.0,-1.0,-73.0
1777889312.8493323,2.0,-4.0,-74.0
1777889312.8593323,9.0,-2.0,-72.0
1777889312.8693323,2.0,-3.0,-68.0
1777889312.8793323,1.0,0.0,-64.0
1777889312.8893323,2.0,0.0,-67.0
1777889312.8993323,3.0,-4.0,-72.0
1777889312.9093325,-3.0,0.0,-75.0
1777889312.9193325,-5.0,-1.0,-75.0
1777889312.9293325,0.0,-5.0,-76.0
1777889312.9393325,0.0,-3.0,-76.0
1777889312.9493325,-3.0,-4.0,-72.0
1777889312.9593325,-2.0,-5.0,-72.0
1777889312.9693325,0.0,-8.0,-74.0
1777889312.9793324,1.0,-10.0,-70.0
1777889312.9893324,-1.0,-8.0,-74.0
1777889312.9993324,-1.0,-4.0,-70.0
1777889313.0093324,-5.0,-9.0,-66.0
1777889313.0193324,-9.0,-8.0,-72.0
1777889313.0293324,-10.0,-9.0,-75.0
1777889313.0393324,-9.0,-9.0,-74.0
1777889313.0493324,-9.0,-5.0,-70.0
1777889313.0593324,-6.0,-3.0,-77.0
1777889313.0693324,1.0,-6.0,-90.0
1777889313.0793324,4.0,-10.0,-89.0
1777889313.0893323,3.0,-4.0,-87.0
1777889313.0993323,7.0,-4.0,-77.0
1777889313.1093323,11.0,-5.0,-73.0
1777889313.1193323,7.0,-1.0,-73.0
1777889313.1293323,4.0,0.0,-72.0
1777889313.1393323,0.0,1.0,-73.0
1777889313.1493323,0.0,0.0,-66.0
1777889313.1593325,0.0,-2.0,-65.0
1777889313.1693325,0.0,-4.0,-67.0
1777889313.1793325,1.0,-7.0,-60.0
1777889313.1893325,0.0,-8.0,-56.0
1777889313.1993325,2.0,-8.0,-63.0
1777889313.2093325,5.0,-9.0,-65.0
1777889313.2193325,0.0,-6.0,-62.0
1777889313.2293324,2.0,-6.0,-63.0
1777889313.2393324,3.0,-2.0,-66.0
1777889313.2493324,0.0,-4.0,-76.0
1777889313.2593324,-1.0,-6.0,-81.0
1777889313.2693324,-2.0,-9.0,-84.0
1777889313.2793324,-2.0,-4.0,-82.0
1777889313.2893324,0.0,-2.0,-73.0
1777889313.2993324,3.0,0.0,-76.0
1777889313.3093324,11.0,1.0,-77.0
1777889313.3193324,8.0,3.0,-81.0
1777889313.3293324,8.0,1.0,-85.0
1777889313.3393323,7.0,1.0,-85.0
1777889313.3493323,8.0,0.0,-80.0
1777889313.3593323,9.0,2.0,-76.0
1777889313.3693323,7.0,1.0,-76.0
1777889313.3793323,5.0,0.0,-68.0
1777889313.3893323,6.0,1.0,-61.0
1777889313.3993323,6.0,0.0,-62.0
1777889313.4093325,2.0,0.0,-61.0
1777889313.4193325,-4.0,-5.0,-67.0
1777889313.4293325,-6.0,-3.0,-67.0
1777889313.4393325,-7.0,0.0,-63.0
1777889313.4493325,-3.0,0.0,-64.0
1777889313.4593325,-3.0,-4.0,-66.0
1777889313.4693325,-8.0,-8.0,-68.0
1777889313.4793324,-7.0,-8.0,-69.0
1777889313.4893324,-2.0,-6.0,-72.0
1777889313.4993324,-4.0,-5.0,-69.0
1777889313.5093324,-2.0,0.0,-69.0
1777889313.5193324,0.0,-4.0,-72.0
1777889313.5293324,1.0,-9.0,-66.0
1777889313.5393324,2.0,-7.0,-67.0
1777889313.5493324,0.0,-8.0,-65.0
1777889313.5593324,0.0,-4.0,-63.0
1777889313.5693324,0.0,-5.0,-57.0
1777889313.5793324,-1.0,-4.0,-62.0
1777889313.5893323,3.0,-3.0,-65.0
1777889313.5993323,1.0,-1.0,-74.0
1777889313.6093323,1.0,0.0,-74.0
1777889313.6193323,2.0,0.0,-73.0
1777889313.6293323,-2.0,2.0,-74.0
1777889313.6393323,-1.0,4.0,-70.0
1777889313.6493323,0.0,2.0,-67.0
1777889313.6593325,4.0,-1.0,-63.0
1777889313.6693325,7.0,-8.0,-60.0
1777889313.6793325,5.0,-3.0,-68.0
1777889313.6893325,4.0,-4.0,-72.0
1777889313.6993325,3.0,-6.0,-75.0
1777889313.7093325,1.0,-3.0,-66.0
1777889313.7193325,0.0,-6.0,-71.0
1777889313.7293324,1.0,-1.0,-70.0
1777889313.7393324,-5.0,-1.0,-71.0
1777889313.7493324,-3.0,0.0,-73.0
1777889313.7593324,-4.0,0.0,-69.0
1777889313.7693324,-1.0,1.0,-66.0
1777889313.7793324,-2.0,4.0,-73.0
1777889313.7893324,-1.0,3.0,-74.0
1777889313.7993324,0.0,-2.0,-76.0
1777889313.8093324,1.0,-1.0,-76.0
1777889313.8193324,0.0,0.0,-74.0
1777889313.8293324,0.0,1.0,-77.0
1777889313.8393323,0.0,1.0,-76.0
1777889313.8493323,-2.0,1.0,-77.0
1777889313.8593323,-2.0,1.0,-78.0
1777889313.8693323,0.0,1.0,-74.0
1777889313.8793323,-1.0,7.0,-81.0
1777889313.8893323,2.0,6.0,-84.0
1777889313.8993323,3.0,4.0,-84.0
1777889313.9093325,4.0,1.0,-83.0
1777889313.9193325,2.0,-1.0,-77.0
1777889313.9293325,0.0,-1.0,-75.0
1777889313.9393325,-3.0,-2.0,-74.0
1777889313.9493325,-3.0,0.0,-71.0
1777889313.9593325,0.0,0.0,-75.0
1777889313.9693325,-1.0,2.0,-72.0
1777889313.9793324,-5.0,1.0,-72.0
1777889313.9893324,-7.0,0.0,-75.0
1777889313.9993324,-7.0,-1.0,-78.0
1777889314.0093324,-8.0,-2.0,-80.0
1777889314.0193324,-4.0,-1.0,-77.0
1777889314.0293324,-5.0,0.0,-76.0
1777889314.0393324,-4.0,-2.0,-73.0
1777889314.0493324,-4.0,-2.0,-75.0
1777889314.0593324,-3.0,-2.0,-75.0
1777889314.0693324,-2.0,0.0,-79.0
1777889314.0793324,-3.0,-1.0,-78.0
1777889314.0893323,-4.0,0.0,-79.0
1777889314.0993323,-2.0,-1.0,-73.0
1777889314.1093323,-3.0,-1.0,-71.0
1777889314.1193323,-4.0,-1.0,-76.0
1777889314.1293323,-2.0,-1.0,-77.0
1777889314.1393323,4.0,0.0,-76.0
1777889314.1493323,4.0,2.0,-77.0
1777889314.1593325,3.0,2.0,-75.0
1777889314.1693325,0.0,1.0,-75.0
1777889314.1793325,-3.0,2.0,-75.0
1777889314.1893325,-1.0,-2.0,-70.0
1777889314.1993325,-2.0,0.0,-75.0
1777889314.2093325,0.0,-1.0,-76.0
1777889314.2193325,-4.0,1.0,-76.0
1777889314.2303324,-3.0,2.0,-86.0
1777889314.2393324,2.0,0.0,-94.0
1777889314.2503324,1.0,-1.0,-92.0
1777889314.2603323,0.0,-2.0,-82.0
1777889314.2703323,-1.0,-1.0,-79.0
1777889314.2803323,-4.0,1.0,-78.0
1777889314.2903323,-1.0,1.0,-74.0
1777889314.3003323,-2.0,4.0,-72.0
1777889314.3103323,-2.0,4.0,-65.0
1777889314.3203323,-3.0,0.0,-64.0
1777889314.3303325,-1.0,0.0,-66.0
1777889314.3403325,0.0,-2.0,-62.0
1777889314.3503325,3.0,-4.0,-68.0
1777889314.3603325,3.0,-1.0,-71.0
1777889314.3703325,0.0,-1.0,-72.0
1777889314.3803325,5.0,-1.0,-74.0
1777889314.3903325,3.0,-1.0,-75.0
1777889314.4003325,3.0,1.0,-76.0
1777889314.4103324,2.0,4.0,-76.0
1777889314.4203324,0.0,2.0,-76.0
1777889314.4303324,0.0,0.0,-78.0
1777889314.4403324,-2.0,-2.0,-77.0
1777889314.4503324,-4.0,-1.0,-78.0
1777889314.4603324,-4.0,-2.0,-78.0
1777889314.4703324,-3.0,3.0,-77.0
1777889314.4803324,5.0,6.0,-81.0
1777889314.4903324,8.0,5.0,-77.0
1777889314.5003324,4.0,6.0,-78.0
1777889314.5103323,4.0,6.0,-75.0
1777889314.5203323,0.0,4.0,-75.0
1777889314.5303323,0.0,2.0,-73.0
1777889314.5403323,-2.0,2.0,-79.0
1777889314.5503323,-3.0,3.0,-73.0
1777889314.5603323,0.0,0.0,-65.0
1777889314.5703323,3.0,0.0,-63.0
1777889314.5803325,2.0,-1.0,-62.0
1777889314.5903325,1.0,-1.0,-65.0
1777889314.6003325,-2.0,-5.0,-61.0
1777889314.6103325,1.0,-1.0,-61.0
1777889314.6203325,2.0,2.0,-67.0
1777889314.6303325,0.0,2.0,-71.0
1777889314.6403325,-1.0,4.0,-74.0
1777889314.6503325,-1.0,5.0,-74.0
1777889314.6603324,0.0,3.0,-76.0
1777889314.6703324,0.0,4.0,-76.0
1777889314.6803324,1.0,4.0,-74.0
1777889314.6903324,0.0,1.0,-75.0
1777889314.7003324,-3.0,-2.0,-75.0
1777889314.7103324,-1.0,-6.0,-75.0
1777889314.7203324,-1.0,-1.0,-71.0
1777889314.7303324,-1.0,-2.0,-71.0
1777889314.7403324,-3.0,-4.0,-70.0
1777889314.7503324,0.0,-1.0,-71.0
1777889314.7603323,4.0,0.0,-68.0
1777889314.7703323,6.0,1.0,-64.0
1777889314.7803323,4.0,-3.0,-65.0
1777889314.7903323,0.0,-2.0,-64.0
1777889314.8003323,0.0,-3.0,-66.0
1777889314.8103323,-2.0,-3.0,-68.0
1777889314.8203323,0.0,-2.0,-73.0
1777889314.8303325,0.0,-1.0,-74.0
1777889314.8403325,1.0,2.0,-65.0
1777889314.8503325,-1.0,0.0,-65.0
1777889314.8603325,0.0,0.0,-70.0
1777889314.8703325,-1.0,0.0,-76.0
1777889314.8803325,-4.0,0.0,-75.0
1777889314.8903325,-8.0,-1.0,-74.0
1777889314.9003325,-5.0,2.0,-73.0
1777889314.9103324,-1.0,2.0,-76.0
1777889314.9203324,0.0,3.0,-81.0
1777889314.9303324,2.0,-2.0,-78.0
1777889314.9403324,0.0,-6.0,-74.0
1777889314.9503324,0.0,-6.0,-71.0
1777889314.9603324,0.0,-7.0,-68.0
1777889314.9703324,0.0,-1.0,-71.0
1777889314.9803324,1.0,0.0,-74.0
1777889314.9903324,0.0,-1.0,-72.0
1777889315.0003324,7.0,-1.0,-65.0
1777889315.0103323,5.0,0.0,-60.0
1777889315.0203323,8.0,-1.0,-58.0
1777889315.0303323,10.0,-1.0,-65.0
1777889315.0403323,10.0,-1.0,-73.0
1777889315.0503323,4.0,-3.0,-77.0
1777889315.0603323,4.0,-1.0,-72.0
1777889315.0703323,0.0,-3.0,-70.0
1777889315.0803325,3.0,-6.0,-71.0
1777889315.0903325,1.0,-3.0,-71.0
1777889315.1003325,3.0,-2.0,-70.0
1777889315.1103325,3.0,-1.0,-73.0
1777889315.1203325,1.0,0.0,-70.0
1777889315.1303325,0.0,1.0,-69.0
1777889315.1403325,0.0,2.0,-74.0
1777889315.1503325,6.0,-1.0,-73.0
1777889315.1603324,4.0,0.0,-76.0
1777889315.1703324,5.0,-3.0,-74.0
1777889315.1803324,0.0,-4.0,-69.0
1777889315.1903324,-2.0,0.0,-67.0
1777889315.2003324,0.0,2.0,-73.0
1777889315.2103324,-1.0,0.0,-76.0
1777889315.2203324,1.0,-1.0,-78.0
1777889315.2303324,2.0,-2.0,-82.0
1777889315.2403324,0.0,1.0,-78.0
1777889315.2503324,-3.0,0.0,-74.0
1777889315.2603323,-5.0,0.0,-73.0
1777889315.2703323,-1.0,2.0,-76.0
1777889315.2803323,1.0,0.0,-82.0
1777889315.2903323,2.0,-2.0,-87.0
1777889315.3003323,2.0,1.0,-82.0
1777889315.3103323,0.0,1.0,-79.0
1777889315.3203323,0.0,-3.0,-77.0
1777889315.3303325,0.0,-3.0,-74.0
1777889315.3403325,1.0,0.0,-76.0
1777889315.3503325,1.0,0.0,-72.0
1777889315.3603325,2.0,3.0,-76.0
1777889315.3703325,2.0,4.0,-74.0
1777889315.3803325,-1.0,3.0,-74.0
1777889315.3903325,1.0,0.0,-72.0
1777889315.4003325,2.0,0.0,-70.0
1777889315.4103324,0.0,-2.0,-74.0
1777889315.4203324,0.0,-1.0,-78.0
1777889315.4303324,1.0,4.0,-71.0
1777889315.4403324,3.0,7.0,-72.0
1777889315.4503324,-1.0,4.0,-74.0
1777889315.4603324,0.0,3.0,-84.0
1777889315.4703324,0.0,1.0,-80.0
1777889315.4803324,3.0,3.0,-76.0
1777889315.4903324,2.0,1.0,-77.0
1777889315.5003324,1.0,0.0,-79.0
1777889315.5103323,3.0,-5.0,-79.0
1777889315.5203323,4.0,-5.0,-75.0
1777889315.5303323,5.0,-2.0,-73.0
1777889315.5403323,4.0,2.0,-74.0
1777889315.5503323,0.0,3.0,-79.0
1777889315.5603323,0.0,3.0,-79.0
1777889315.5703323,-3.0,3.0,-78.0
1777889315.5803325,-3.0,-1.0,-76.0
1777889315.5903325,-5.0,-4.0,-76.0
1777889315.6003325,-5.0,-7.0,-75.0
1777889315.6103325,-5.0,-7.0,-70.0
1777889315.6203325,-5.0,-7.0,-70.0
1777889315.6303325,-5.0,-7.0,-75.0
1777889315.6403325,-3.0,-5.0,-77.0
1777889315.6503325,-4.0,-5.0,-76.0
1777889315.6603324,0.0,-3.0,-79.0
1777889315.6703324,0.0,-4.0,-78.0
1777889315.6803324,0.0,-3.0,-75.0
1777889315.6903324,3.0,-5.0,-78.0
1777889315.7003324,6.0,-4.0,-88.0
1777889315.7103324,2.0,-5.0,-82.0
1777889315.7203324,5.0,-2.0,-85.0
1777889315.7303324,9.0,-3.0,-87.0
1777889315.7403324,8.0,-2.0,-88.0
1777889315.7503324,7.0,-2.0,-86.0
1777889315.7603323,5.0,-8.0,-82.0
1777889315.7703323,5.0,-5.0,-84.0
1777889315.7803323,8.0,0.0,-79.0
1777889315.7903323,10.0,0.0,-74.0
1777889315.8003323,9.0,4.0,-72.0
1777889315.8103323,7.0,3.0,-74.0
1777889315.8203323,9.0,1.0,-78.0
1777889315.8303325,7.0,0.0,-73.0
1777889315.8403325,5.0,-4.0,-74.0
1777889315.8503325,1.0,-7.0,-73.0
1777889315.8603325,-1.0,-9.0,-72.0
1777889315.8703325,3.0,-6.0,-69.0
1777889315.8803325,1.0,0.0,-76.0
1777889315.8903325,0.0,-3.0,-83.0
1777889315.9003325,1.0,-5.0,-80.0
1777889315.9103324,2.0,-3.0,-83.0
1777889315.9203324,5.0,-2.0,-83.0
1777889315.9303324,4.0,0.0,-80.0
1777889315.9403324,4.0,-2.0,-74.0
1777889315.9503324,2.0,-2.0,-75.0
1777889315.9603324,1.0,-4.0,-65.0
1777889315.9703324,4.0,-4.0,-67.0
1777889315.9803324,1.0,-4.0,-71.0
1777889315.9903324,-2.0,-2.0,-78.0
1777889316.0003324,-4.0,-1.0,-80.0
1777889316.0103323,-5.0,2.0,-77.0
1777889316.0203323,-2.0,1.0,-70.0
1777889316.0303323,-4.0,-5.0,-72.0
1777889316.0403323,-3.0,-4.0,-75.0
1777889316.0503323,-2.0,-2.0,-77.0
1777889316.0603323,-4.0,-2.0,-70.0
1777889316.0703323,-4.0,-1.0,-70.0
1777889316.0803325,-3.0,-4.0,-74.0
1777889316.0903325,-5.0,-3.0,-71.0
1777889316.1003325,-5.0,1.0,-79.0
1777889316.1103325,-2.0,0.0,-75.0
1777889316.1203325,-5.0,1.0,-75.0
1777889316.1303325,-4.0,-1.0,-75.0
1777889316.1403325,-1.0,0.0,-76.0
1777889316.1503325,-2.0,2.0,-82.0
1777889316.1603324,-1.0,4.0,-85.0
1777889316.1703324,1.0,4.0,-84.0
1777889316.1803324,3.0,0.0,-81.0
1777889316.1903324,4.0,-2.0,-77.0
1777889316.2013323,3.0,-3.0,-72.0
1777889316.2113323,3.0,-7.0,-78.0
1777889316.2213323,3.0,-9.0,-77.0
1777889316.2313323,0.0,-11.0,-79.0
1777889316.2413323,-2.0,-8.0,-81.0
1777889316.2513323,-2.0,-3.0,-81.0
1777889316.2613325,3.0,0.0,-79.0
1777889316.2713325,0.0,1.0,-80.0
1777889316.2813325,-1.0,5.0,-76.0
1777889316.2913325,-2.0,5.0,-70.0
1777889316.3013325,0.0,2.0,-68.0
1777889316.3113325,0.0,-1.0,-73.0
1777889316.3213325,2.0,-4.0,-79.0
1777889316.3313324,3.0,-8.0,-75.0
1777889316.3413324,6.0,-7.0,-74.0
1777889316.3513324,4.0,-8.0,-74.0
1777889316.3613324,6.0,-6.0,-78.0
1777889316.3713324,4.0,-5.0,-76.0
1777889316.3813324,4.0,0.0,-78.0
1777889316.3913324,5.0,-1.0,-76.0
1777889316.4013324,4.0,-6.0,-86.0
1777889316.4113324,1.0,-6.0,-79.0
1777889316.4213324,2.0,-8.0,-75.0
1777889316.4313323,3.0,-8.0,-71.0
1777889316.4413323,8.0,-4.0,-73.0
1777889316.4513323,10.0,0.0,-71.0
1777889316.4613323,6.0,0.0,-76.0
1777889316.4713323,5.0,2.0,-77.0
1777889316.4813323,3.0,0.0,-72.0
1777889316.4913323,4.0,0.0,-81.0
1777889316.5013323,9.0,0.0,-76.0
1777889316.5113325,9.0,-3.0,-76.0
1777889316.5213325,2.0,-3.0,-77.0
1777889316.5313325,1.0,-2.0,-77.0
1777889316.5413325,0.0,-2.0,-77.0
1777889316.5513325,-3.0,0.0,-79.0
1777889316.5613325,1.0,1.0,-80.0
1777889316.5713325,1.0,1.0,-77.0
1777889316.5813324,3.0,0.0,-73.0
1777889316.5913324,6.0,-2.0,-76.0
1777889316.6013324,7.0,-5.0,-74.0
1777889316.6113324,7.0,-4.0,-66.0
1777889316.6213324,7.0,-4.0,-71.0
1777889316.6313324,8.0,-4.0,-76.0
1777889316.6413324,5.0,-1.0,-77.0
1777889316.6513324,5.0,0.0,-72.0
1777889316.6613324,2.0,-4.0,-75.0
1777889316.6713324,4.0,0.0,-72.0
1777889316.6813323,5.0,3.0,-72.0
1777889316.6913323,6.0,0.0,-73.0
1777889316.7013323,3.0,0.0,-74.0
1777889316.7113323,2.0,1.0,-73.0
1777889316.7213323,2.0,-2.0,-68.0
1777889316.7313323,1.0,-2.0,-68.0
1777889316.7413323,6.0,-6.0,-66.0
1777889316.7513323,4.0,-2.0,-69.0
1777889316.7613325,6.0,3.0,-71.0
1777889316.7713325,10.0,2.0,-75.0
1777889316.7813325,5.0,2.0,-75.0
1777889316.7913325,-4.0,2.0,-72.0
1777889316.8013325,-5.0,0.0,-70.0
1777889316.8113325,-4.0,0.0,-68.0
1777889316.8213325,-3.0,0.0,-73.0
1777889316.8313324,0.0,-1.0,-73.0
1777889316.8413324,1.0,-1.0,-75.0
1777889316.8513324,2.0,0.0,-77.0
1777889316.8613324,3.0,0.0,-75.0
1777889316.8713324,3.0,-1.0,-74.0
1777889316.8813324,0.0,1.0,-74.0
1777889316.8913324,1.0,-1.0,-80.0
1777889316.9013324,6.0,0.0,-83.0
1777889316.9113324,6.0,-2.0,-81.0
1777889316.9213324,5.0,-5.0,-79.0
1777889316.9313323,3.0,-4.0,-80.0
1777889316.9413323,0.0,-6.0,-77.0
1777889316.9513323,-2.0,-5.0,-72.0
1777889316.9613323,-1.0,0.0,-73.0
1777889316.9713323,-2.0,-1.0,-71.0
1777889316.9813323,-2.0,0.0,-71.0
1777889316.9913323,2.0,-1.0,-69.0
1777889317.0013323,3.0,-2.0,-68.0
1777889317.0113325,0.0,0.0,-66.0
1777889317.0213325,-1.0,-2.0,-65.0
1777889317.0313325,-5.0,-3.0,-70.0
1777889317.0413325,-7.0,-3.0,-70.0
1777889317.0513325,-3.0,-1.0,-69.0
1777889317.0613325,0.0,-2.0,-67.0
1777889317.0713325,0.0,-3.0,-71.0
1777889317.0813324,7.0,0.0,-73.0
1777889317.0913324,3.0,1.0,-78.0
1777889317.1013324,2.0,-2.0,-78.0
1777889317.1113324,1.0,-7.0,-71.0
1777889317.1213324,-3.0,-11.0,-68.0
1777889317.1313324,-5.0,-13.0,-69.0
1777889317.1413324,-7.0,-12.0,-69.0
1777889317.1513324,-7.0,-10.0,-68.0
1777889317.1613324,-2.0,-7.0,-70.0
1777889317.1713324,-3.0,-4.0,-70.0
1777889317.1813323,-1.0,-4.0,-75.0
1777889317.1913323,-3.0,-2.0,-80.0
1777889317.2013323,0.0,-4.0,-79.0
1777889317.2113323,1.0,-1.0,-79.0
1777889317.2213323,1.0,0.0,-76.0
1777889317.2313323,1.0,2.0,-70.0
1777889317.2413323,0.0,0.0,-71.0
1777889317.2513323,3.0,-2.0,-66.0
1777889317.2613325,4.0,-1.0,-67.0
1777889317.2713325,1.0,-1.0,-65.0
1777889317.2813325,-2.0,-2.0,-69.0
1777889317.2913325,0.0,-2.0,-70.0
1777889317.3013325,0.0,-7.0,-68.0
1777889317.3113325,3.0,-7.0,-66.0
1777889317.3213325,2.0,-4.0,-73.0
1777889317.3313324,6.0,-4.0,-79.0
1777889317.3413324,3.0,-1.0,-78.0
1777889317.3513324,4.0,-3.0,-78.0
1777889317.3613324,7.0,-5.0,-85.0
1777889317.3713324,8.0,-1.0,-83.0
1777889317.3813324,11.0,-1.0,-85.0
1777889317.3913324,10.0,-4.0,-81.0
1777889317.4013324,5.0,-4.0,-81.0
1777889317.4113324,0.0,-7.0,-76.0
1777889317.4213324,0.0,-7.0,-78.0
1777889317.4313323,-2.0,-6.0,-78.0
1777889317.4413323,0.0,-6.0,-80.0
1777889317.4513323,0.0,-4.0,-81.0
1777889317.4613323,1.0,-7.0,-71.0
1777889317.4713323,5.0,-5.0,-70.0
1777889317.4813323,3.0,-6.0,-74.0
1777889317.4913323,1.0,-6.0,-74.0
1777889317.5013323,4.0,-5.0,-76.0
1777889317.5113325,9.0,-5.0,-84.0
1777889317.5213325,10.0,-4.0,-81.0
1777889317.5313325,11.0,-4.0,-80.0
1777889317.5413325,9.0,-3.0,-82.0
1777889317.5513325,9.0,-2.0,-84.0
1777889317.5613325,7.0,-3.0,-78.0
1777889317.5713325,2.0,-3.0,-78.0
1777889317.5813324,-3.0,-1.0,-83.0
1777889317.5913324,-3.0,0.0,-81.0
1777889317.6013324,-5.0,-3.0,-80.0
1777889317.6113324,-2.0,-3.0,-78.0
1777889317.6213324,0.0,-2.0,-78.0
1777889317.6313324,0.0,0.0,-79.0
1777889317.6413324,-4.0,0.0,-69.0
1777889317.6513324,0.0,0.0,-68.0
1777889317.6613324,-2.0,1.0,-70.0
1777889317.6713324,0.0,2.0,-77.0
1777889317.6813323,2.0,5.0,-82.0
1777889317.6913323,1.0,3.0,-82.0
1777889317.7013323,0.0,3.0,-83.0
1777889317.7113323,6.0,2.0,-84.0
1777889317.7213323,6.0,4.0,-84.0
1777889317.7313323,6.0,0.0,-73.0
1777889317.7413323,6.0,0.0,-69.0
1777889317.7513323,7.0,-1.0,-70.0
1777889317.7613325,4.0,-3.0,-79.0
1777889317.7713325,2.0,-6.0,-79.0
1777889317.7813325,1.0,-9.0,-77.0
1777889317.7913325,0.0,-6.0,-78.0
1777889317.8013325,1.0,-4.0,-77.0
1777889317.8113325,0.0,-4.0,-80.0
1777889317.8213325,1.0,-3.0,-80.0
1777889317.8313324,4.0,-1.0,-84.0
1777889317.8413324,0.0,0.0,-85.0
1777889317.8513324,0.0,-1.0,-78.0
1777889317.8613324,0.0,0.0,-80.0
1777889317.8713324,2.0,0.0,-77.0
1777889317.8813324,0.0,-1.0,-78.0
1777889317.8913324,-2.0,-2.0,-74.0
1777889317.9013324,-3.0,-1.0,-71.0
1777889317.9113324,5.0,0.0,-68.0
1777889317.9213324,12.0,0.0,-66.0
1777889317.9313323,10.0,-6.0,-77.0
1777889317.9413323,10.0,-5.0,-80.0
1777889317.9513323,6.0,-6.0,-81.0
1777889317.9613323,2.0,-4.0,-80.0
1777889317.9713323,7.0,-5.0,-80.0
1777889317.9813323,10.0,-5.0,-82.0
1777889317.9913323,13.0,-2.0,-78.0
1777889318.0013323,9.0,-5.0,-77.0
1777889318.0113325,10.0,-8.0,-78.0
1777889318.0213325,12.0,-6.0,-73.0
1777889318.0313325,13.0,-7.0,-65.0
1777889318.0413325,11.0,-2.0,-65.0
1777889318.0513325,4.0,1.0,-68.0
1777889318.0613325,3.0,-2.0,-69.0
1777889318.0713325,0.0,-4.0,-72.0
1777889318.0813324,0.0,-3.0,-83.0
1777889318.0913324,2.0,-2.0,-78.0
1777889318.1013324,4.0,-2.0,-80.0
1777889318.1113324,4.0,0.0,-79.0
1777889318.1213324,5.0,-4.0,-75.0
1777889318.1313324,3.0,-7.0,-69.0
1777889318.1413324,0.0,-5.0,-73.0
1777889318.1513324,1.0,-3.0,-74.0
1777889318.1613324,-3.0,-3.0,-85.0
1777889318.1713324,-1.0,0.0,-81.0
1777889318.1813323,0.0,2.0,-84.0
1777889318.1923325,2.0,0.0,-79.0
1777889318.2023325,0.0,-3.0,-77.0
1777889318.2123325,-2.0,-2.0,-82.0
1777889318.2223325,-2.0,0.0,-77.0
1777889318.2323325,0.0,0.0,-72.0
1777889318.2423325,0.0,-4.0,-68.0
1777889318.2523324,0.0,1.0,-70.0
1777889318.2623324,-5.0,0.0,-71.0
1777889318.2723324,-2.0,0.0,-70.0
1777889318.2823324,0.0,3.0,-72.0
1777889318.2923324,4.0,3.0,-80.0
1777889318.3023324,1.0,-1.0,-84.0
1777889318.3123324,0.0,-3.0,-77.0
1777889318.3223324,2.0,-4.0,-75.0
1777889318.3323324,3.0,-3.0,-77.0
1777889318.3423324,1.0,-6.0,-73.0
1777889318.3523324,-1.0,-3.0,-75.0
1777889318.3623323,2.0,-1.0,-78.0
1777889318.3723323,5.0,-1.0,-80.0
1777889318.3823323,3.0,0.0,-81.0
1777889318.3923323,3.0,-1.0,-77.0
1777889318.4023323,6.0,0.0,-79.0
1777889318.4123323,6.0,3.0,-76.0
1777889318.4223323,5.0,8.0,-79.0
1777889318.4323325,3.0,10.0,-83.0
1777889318.4423325,0.0,12.0,-75.0
1777889318.4523325,0.0,11.0,-74.0
1777889318.4623325,-2.0,13.0,-74.0
1777889318.4723325,-1.0,6.0,-73.0
1777889318.4823325,1.0,6.0,-69.0
1777889318.4923325,4.0,4.0,-63.0
1777889318.5023324,1.0,0.0,-70.0
1777889318.5123324,0.0,0.0,-71.0
1777889318.5223324,0.0,2.0,-79.0
1777889318.5323324,1.0,1.0,-85.0
1777889318.5423324,5.0,3.0,-79.0
1777889318.5523324,7.0,4.0,-77.0
1777889318.5623324,7.0,2.0,-78.0
1777889318.5723324,9.0,0.0,-78.0
1777889318.5823324,3.0,-2.0,-73.0
1777889318.5923324,1.0,-1.0,-79.0
1777889318.6023324,1.0,1.0,-77.0
1777889318.6123323,1.0,1.0,-73.0
1777889318.6223323,0.0,3.0,-70.0
1777889318.6323323,1.0,0.0,-71.0
1777889318.6423323,6.0,0.0,-74.0
1777889318.6523323,3.0,0.0,-73.0
1777889318.6623323,6.0,-2.0,-76.0
1777889318.6723323,8.0,1.0,-75.0
1777889318.6823325,12.0,2.0,-73.0
1777889318.6923325,11.0,0.0,-71.0
1777889318.7023325,11.0,-3.0,-76.0
1777889318.7123325,10.0,-2.0,-78.0
1777889318.7223325,5.0,0.0,-72.0
1777889318.7323325,5.0,0.0,-66.0
1777889318.7423325,5.0,0.0,-72.0
1777889318.7523324,8.0,0.0,-78.0
1777889318.7623324,4.0,-2.0,-82.0
1777889318.7723324,5.0,-4.0,-82.0
1777889318.7823324,2.0,-1.0,-78.0
1777889318.7923324,2.0,-3.0,-64.0
1777889318.8023324,5.0,-4.0,-63.0
1777889318.8123324,3.0,-2.0,-63.0
1777889318.8223324,3.0,-2.0,-70.0
1777889318.8323324,4.0,0.0,-82.0
1777889318.8423324,4.0,-1.0,-81.0
1777889318.8523324,8.0,-1.0,-81.0
1777889318.8623323,6.0,-1.0,-85.0
1777889318.8723323,1.0,-4.0,-88.0
1777889318.8823323,1.0,-3.0,-91.0
1777889318.8923323,2.0,-3.0,-92.0
1777889318.9023323,5.0,-4.0,-91.0
1777889318.9123323,6.0,-2.0,-88.0
1777889318.9223323,7.0,-2.0,-83.0
1777889318.9323325,5.0,-1.0,-78.0
1777889318.9423325,0.0,0.0,-74.0
1777889318.9523325,0.0,-4.0,-69.0
1777889318.9623325,0.0,-6.0,-75.0
1777889318.9723325,3.0,0.0,-70.0
1777889318.9823325,5.0,-1.0,-71.0
1777889318.9923325,9.0,-3.0,-74.0
1777889319.0023324,7.0,0.0,-78.0
1777889319.0123324,3.0,5.0,-74.0
1777889319.0223324,4.0,1.0,-82.0
1777889319.0323324,4.0,-1.0,-87.0
1777889319.0423324,3.0,-5.0,-85.0
1777889319.0523324,-3.0,-4.0,-81.0
1777889319.0623324,-5.0,-2.0,-79.0
1777889319.0723324,-4.0,-2.0,-81.0
1777889319.0823324,0.0,-1.0,-80.0
1777889319.0923324,-1.0,-2.0,-80.0
1777889319.1023324,-3.0,-3.0,-79.0
1777889319.1123323,-3.0,-9.0,-83.0
1777889319.1223323,-3.0,-7.0,-78.0
1777889319.1323323,-4.0,-4.0,-80.0
1777889319.1423323,-3.0,-2.0,-73.0
1777889319.1523323,-5.0,-1.0,-76.0
1777889319.1623323,-6.0,-5.0,-82.0
1777889319.1723323,-6.0,-6.0,-77.0
1777889319.1823325,-7.0,-1.0,-72.0
1777889319.1923325,-6.0,-2.0,-65.0
1777889319.2023325,-2.0,-3.0,-69.0
1777889319.2123325,-2.0,-4.0,-68.0
1777889319.2223325,0.0,-3.0,-72.0
1777889319.2323325,-1.0,-4.0,-77.0
1777889319.2423325,-2.0,-3.0,-78.0
1777889319.2523324,-2.0,0.0,-80.0
1777889319.2623324,0.0,0.0,-72.0
1777889319.2723324,1.0,0.0,-74.0
1777889319.2823324,1.0,0.0,-66.0
1777889319.2923324,3.0,0.0,-70.0
1777889319.3023324,1.0,-2.0,-66.0
1777889319.3123324,0.0,0.0,-68.0
1777889319.3223324,-1.0,-2.0,-68.0
1777889319.3323324,0.0,1.0,-64.0
1777889319.3423324,0.0,7.0,-60.0
1777889319.3523324,-1.0,6.0,-56.0
1777889319.3623323,-2.0,8.0,-61.0
1777889319.3723323,0.0,4.0,-67.0
1777889319.3823323,-1.0,-1.0,-63.0
1777889319.3923323,3.0,-1.0,-65.0
1777889319.4023323,4.0,-4.0,-64.0
1777889319.4123323,4.0,-3.0,-67.0
1777889319.4223323,-2.0,-4.0,-66.0
1777889319.4323325,3.0,-7.0,-70.0
1777889319.4423325,1.0,-2.0,-66.0
1777889319.4523325,0.0,-1.0,-70.0
1777889319.4623325,0.0,0.0,-71.0
1777889319.4723325,3.0,-3.0,-73.0
1777889319.4823325,11.0,-4.0,-73.0
1777889319.4923325,9.0,-4.0,-75.0
1777889319.5023324,8.0,-3.0,-74.0
1777889319.5123324,7.0,-1.0,-76.0
1777889319.5223324,6.0,-3.0,-73.0
1777889319.5323324,9.0,-2.0,-75.0
1777889319.5423324,2.0,-3.0,-80.0
1777889319.5523324,7.0,-4.0,-83.0
1777889319.5623324,5.0,-5.0,-84.0
1777889319.5723324,7.0,-6.0,-78.0
1777889319.5823324,10.0,-6.0,-76.0
1777889319.5923324,4.0,-3.0,-74.0
1777889319.6023324,7.0,-3.0,-76.0
1777889319.6123323,5.0,0.0,-72.0
1777889319.6223323,5.0,-2.0,-69.0
1777889319.6323323,3.0,-2.0,-69.0
1777889319.6423323,6.0,-5.0,-66.0
1777889319.6523323,0.0,-5.0,-66.0
1777889319.6623323,2.0,-3.0,-66.0
1777889319.6723323,0.0,0.0,-68.0
1777889319.6823325,-1.0,0.0,-69.0
1777889319.6923325,-1.0,-6.0,-69.0
1777889319.7023325,-2.0,0.0,-75.0
1777889319.7123325,-5.0,1.0,-74.0
1777889319.7223325,-1.0,0.0,-78.0
1777889319.7323325,-2.0,1.0,-79.0
1777889319.7423325,0.0,3.0,-73.0
1777889319.7523324,-3.0,2.0,-79.0
1777889319.7623324,-5.0,4.0,-79.0
1777889319.7723324,-6.0,0.0,-81.0
1777889319.7823324,-2.0,-2.0,-84.0
1777889319.7923324,1.0,-3.0,-82.0
1777889319.8023324,-1.0,-4.0,-80.0
1777889319.8123324,-1.0,0.0,-77.0
1777889319.8223324,0.0,4.0,-70.0
1777889319.8323324,0.0,0.0,-73.0
1777889319.8423324,1.0,-1.0,-68.0
1777889319.8523324,4.0,-3.0,-66.0
1777889319.8623323,4.0,-2.0,-64.0
1777889319.8723323,3.0,-4.0,-65.0
1777889319.8823323,3.0,-3.0,-68.0
1777889319.8923323,3.0,-5.0,-68.0
1777889319.9023323,2.0,-5.0,-67.0
1777889319.9123323,2.0,-3.0,-71.0
1777889319.9223323,0.0,0.0,-63.0
1777889319.9323325,-1.0,0.0,-64.0
1777889319.9423325,4.0,1.0,-66.0
1777889319.9523325,1.0,3.0,-71.0
1777889319.9623325,0.0,1.0,-80.0
1777889319.9723325,2.0,-2.0,-81.0
1777889319.9823325,0.0,0.0,-81.0
1777889319.9923325,1.0,-1.0,-78.0
1777889320.0023324,0.0,0.0,-73.0
1777889320.0123324,6.0,-3.0,-70.0
1777889320.0223324,5.0,-3.0,-72.0
1777889320.0323324,4.0,-3.0,-73.0
1777889320.0423324,3.0,-4.0,-75.0
1777889320.0523324,0.0,0.0,-68.0
1777889320.0623324,-2.0,-1.0,-67.0
1777889320.0723324,-2.0,-1.0,-69.0
1777889320.0823324,3.0,2.0,-75.0
1777889320.0923324,7.0,-1.0,-67.0
1777889320.1023324,4.0,-4.0,-74.0
1777889320.1123323,2.0,-6.0,-77.0
1777889320.1223323,5.0,-7.0,-81.0
1777889320.1333325,4.0,-2.0,-80.0
1777889320.1423323,5.0,-3.0,-79.0
1777889320.1523323,4.0,-3.0,-76.0
1777889320.1633325,4.0,-5.0,-74.0
1777889320.1733325,2.0,-4.0,-76.0
1777889320.1833324,5.0,-1.0,-68.0
1777889320.1933324,5.0,1.0,-79.0
1777889320.2033324,7.0,-2.0,-74.0
1777889320.2133324,5.0,-8.0,-74.0
1777889320.2233324,7.0,-3.0,-70.0
1777889320.2333324,6.0,0.0,-74.0
1777889320.2433324,0.0,0.0,-75.0
1777889320.2533324,2.0,0.0,-80.0
1777889320.2633324,1.0,-3.0,-81.0
1777889320.2733324,-2.0,-4.0,-82.0
1777889320.2833323,-1.0,-6.0,-82.0
1777889320.2933323,-3.0,-9.0,-78.0
1777889320.3033323,-5.0,-5.0,-80.0
1777889320.3133323,-4.0,-3.0,-76.0
1777889320.3233323,-3.0,-3.0,-74.0
1777889320.3333323,-8.0,-3.0,-77.0
1777889320.3433323,-10.0,-2.0,-73.0
1777889320.3533323,-7.0,2.0,-74.0
1777889320.3633325,-4.0,6.0,-73.0
1777889320.3733325,-6.0,4.0,-71.0
1777889320.3833325,-8.0,7.0,-80.0
1777889320.3933325,-5.0,3.0,-77.0
1777889320.4033325,-5.0,0.0,-78.0
1777889320.4133325,-2.0,-1.0,-74.0
1777889320.4233325,-5.0,0.0,-71.0
1777889320.4333324,-4.0,0.0,-67.0
1777889320.4433324,-2.0,-4.0,-65.0
1777889320.4533324,0.0,-1.0,-65.0
1777889320.4633324,3.0,-3.0,-69.0
1777889320.4733324,-5.0,-2.0,-66.0
1777889320.4833324,-5.0,-1.0,-72.0
1777889320.4933324,-1.0,0.0,-72.0
1777889320.5033324,2.0,0.0,-72.0
1777889320.5133324,2.0,2.0,-78.0
1777889320.5233324,0.0,4.0,-77.0
1777889320.5333323,0.0,4.0,-70.0
1777889320.5433323,-2.0,6.0,-73.0
1777889320.5533323,-3.0,5.0,-80.0
1777889320.5633323,0.0,3.0,-81.0
1777889320.5733323,2.0,4.0,-75.0
1777889320.5833323,1.0,6.0,-73.0
1777889320.5933323,4.0,3.0,-72.0
1777889320.6033323,2.0,3.0,-73.0
1777889320.6133325,2.0,1.0,-68.0
1777889320.6233325,3.0,-4.0,-69.0
1777889320.6333325,4.0,-3.0,-67.0
1777889320.6433325,4.0,-2.0,-66.0
1777889320.6533325,5.0,-3.0,-71.0
1777889320.6633325,2.0,-7.0,-77.0
1777889320.6733325,0.0,-6.0,-76.0
1777889320.6833324,0.0,-6.0,-74.0
1777889320.6933324,1.0,-7.0,-82.0
1777889320.7033324,-1.0,-2.0,-83.0
1777889320.7133324,1.0,0.0,-86.0
1777889320.7233324,0.0,5.0,-78.0
1777889320.7333324,-1.0,6.0,-80.0
1777889320.7433324,-1.0,5.0,-78.0
1777889320.7533324,3.0,3.0,-75.0
1777889320.7633324,2.0,2.0,-77.0
1777889320.7733324,-2.0,0.0,-73.0
1777889320.7833323,-3.0,0.0,-70.0
1777889320.7933323,-1.0,-2.0,-67.0
1777889320.8033323,-4.0,-2.0,-66.0
1777889320.8133323,-3.0,2.0,-68.0
1777889320.8233323,-2.0,2.0,-71.0
1777889320.8333323,-1.0,0.0,-72.0
1777889320.8433323,-1.0,6.0,-72.0
1777889320.8533323,1.0,6.0,-72.0
1777889320.8633325,4.0,2.0,-76.0
1777889320.8733325,2.0,1.0,-78.0
1777889320.8833325,2.0,2.0,-75.0
1777889320.8933325,9.0,6.0,-77.0
1777889320.9033325,10.0,2.0,-78.0
1777889320.9133325,10.0,1.0,-84.0
1777889320.9233325,4.0,6.0,-88.0
1777889320.9333324,5.0,3.0,-86.0
1777889320.9433324,8.0,5.0,-82.0
1777889320.9533324,4.0,2.0,-85.0
1777889320.9633324,1.0,0.0,-81.0
1777889320.9733324,0.0,3.0,-72.0
1777889320.9833324,0.0,5.0,-74.0
1777889320.9933324,0.0,3.0,-74.0
1777889321.0033324,-2.0,0.0,-72.0
1777889321.0133324,3.0,1.0,-71.0
1777889321.0233324,7.0,3.0,-68.0
1777889321.0333323,8.0,-1.0,-69.0
1777889321.0433323,3.0,-3.0,-70.0
1777889321.0533323,0.0,-5.0,-68.0
1777889321.0633323,-2.0,-5.0,-72.0
1777889321.0733323,0.0,-5.0,-73.0
1777889321.0833323,1.0,-8.0,-68.0
1777889321.0933323,3.0,-9.0,-67.0
1777889321.1033323,0.0,-7.0,-72.0
1777889321.1133325,0.0,-1.0,-69.0
1777889321.1233325,0.0,-3.0,-72.0
1777889321.1333325,-1.0,0.0,-79.0
1777889321.1433325,-2.0,0.0,-75.0
1777889321.1533325,-1.0,3.0,-75.0
1777889321.1633325,0.0,-1.0,-77.0
1777889321.1733325,0.0,-2.0,-76.0
1777889321.1833324,-2.0,0.0,-73.0
1777889321.1933324,1.0,-3.0,-78.0
1777889321.2033324,0.0,-6.0,-82.0
1777889321.2133324,-2.0,-4.0,-86.0
1777889321.2233324,-3.0,-2.0,-78.0
1777889321.2333324,-5.0,-4.0,-72.0
1777889321.2433324,-1.0,-5.0,-78.0
1777889321.2533324,4.0,-1.0,-78.0
1777889321.2633324,6.0,-3.0,-75.0
1777889321.2733324,10.0,-3.0,-70.0
1777889321.2833323,7.0,-2.0,-71.0
1777889321.2933323,12.0,-3.0,-76.0
1777889321.3033323,10.0,-2.0,-76.0
1777889321.3133323,4.0,-4.0,-80.0
1777889321.3233323,-1.0,1.0,-78.0
1777889321.3333323,-5.0,1.0,-84.0
1777889321.3433323,-8.0,0.0,-86.0
1777889321.3533323,-7.0,-4.0,-84.0
1777889321.3633325,-2.0,-1.0,-81.0
1777889321.3733325,-2.0,1.0,-79.0
1777889321.3833325,-6.0,0.0,-78.0
1777889321.3933325,-6.0,0.0,-78.0
1777889321.4033325,-5.0,1.0,-72.0
1777889321.4133325,-5.0,0.0,-71.0
1777889321.4233325,-3.0,0.0,-70.0
1777889321.4333324,-2.0,2.0,-74.0
1777889321.4433324,-4.0,3.0,-76.0
1777889321.4533324,-4.0,2.0,-68.0
1777889321.4633324,-3.0,1.0,-64.0
1777889321.4733324,-4.0,1.0,-65.0
1777889321.4833324,-7.0,-1.0,-59.0
1777889321.4933324,-8.0,1.0,-60.0
1777889321.5033324,-6.0,0.0,-61.0
1777889321.5133324,-5.0,0.0,-68.0
1777889321.5233324,-2.0,0.0,-65.0
1777889321.5333323,-2.0,0.0,-61.0
1777889321.5433323,-1.0,3.0,-61.0
1777889321.5533323,0.0,7.0,-66.0
1777889321.5633323,3.0,5.0,-69.0
1777889321.5733323,2.0,5.0,-69.0
1777889321.5833323,-2.0,5.0,-68.0
1777889321.5933323,1.0,6.0,-80.0
1777889321.6033323,5.0,6.0,-80.0
1777889321.6133325,7.0,5.0,-76.0
1777889321.6233325,8.0,4.0,-73.0
1777889321.6333325,6.0,1.0,-69.0
1777889321.6433325,5.0,2.0,-69.0
1777889321.6533325,8.0,3.0,-72.0
1777889321.6633325,4.0,5.0,-77.0
1777889321.6733325,0.0,5.0,-80.0
1777889321.6833324,2.0,2.0,-70.0
1777889321.6933324,2.0,0.0,-73.0
1777889321.7033324,3.0,0.0,-73.0
1777889321.7133324,1.0,0.0,-68.0
1777889321.7233324,1.0,3.0,-65.0
1777889321.7333324,0.0,1.0,-68.0
1777889321.7433324,1.0,2.0,-66.0
1777889321.7533324,4.0,7.0,-65.0
1777889321.7633324,6.0,7.0,-63.0
1777889321.7733324,8.0,4.0,-62.0
1777889321.7833323,11.0,1.0,-64.0
1777889321.7933323,6.0,3.0,-68.0
1777889321.8033323,0.0,2.0,-68.0
1777889321.8133323,-1.0,5.0,-67.0
1777889321.8233323,-4.0,0.0,-70.0
1777889321.8333323,-4.0,-3.0,-61.0
1777889321.8433323,-3.0,-6.0,-63.0
1777889321.8533323,-4.0,-12.0,-66.0
1777889321.8633325,-4.0,-8.0,-63.0
1777889321.8733325,-4.0,-7.0,-71.0
1777889321.8833325,-8.0,-7.0,-72.0
1777889321.8933325,-5.0,-9.0,-75.0
1777889321.9033325,-4.0,-8.0,-70.0
1777889321.9133325,1.0,-3.0,-64.0
1777889321.9233325,1.0,-7.0,-67.0
1777889321.9333324,1.0,-4.0,-65.0
1777889321.9433324,0.0,-3.0,-72.0
1777889321.9533324,2.0,-4.0,-75.0
1777889321.9633324,2.0,-5.0,-73.0
1777889321.9733324,1.0,-6.0,-72.0
1777889321.9833324,2.0,-1.0,-69.0
1777889321.9933324,4.0,-2.0,-69.0
1777889322.0033324,3.0,-3.0,-75.0
1777889322.0133324,2.0,-3.0,-73.0
1777889322.0233324,0.0,-3.0,-71.0
1777889322.0333323,0.0,-4.0,-72.0
1777889322.0433323,0.0,-2.0,-73.0
1777889322.0533323,6.0,-4.0,-67.0
1777889322.0633323,5.0,-3.0,-67.0
1777889322.0733323,-1.0,-2.0,-64.0
1777889322.0833323,-1.0,0.0,-65.0
1777889322.0933323,-1.0,-1.0,-72.0
1777889322.1033323,7.0,0.0,-81.0
1777889322.1133325,7.0,-1.0,-79.0
1777889322.1233325,5.0,0.0,-79.0
1777889322.1343324,4.0,0.0,-81.0
1777889322.1433325,1.0,-2.0,-78.0
1777889322.1533325,-3.0,-4.0,-69.0
1777889322.1643324,-1.0,-7.0,-66.0
1777889322.1743324,1.0,-7.0,-69.0
1777889322.1843324,0.0,-4.0,-67.0
1777889322.1943324,0.0,-5.0,-64.0
1777889322.2043324,-1.0,-2.0,-61.0
1777889322.2143323,3.0,-2.0,-69.0
1777889322.2243323,5.0,-4.0,-78.0
1777889322.2343323,1.0,-2.0,-81.0
1777889322.2443323,1.0,-2.0,-87.0
1777889322.2543323,1.0,-6.0,-82.0
1777889322.2643323,5.0,-8.0,-86.0
1777889322.2743323,6.0,-10.0,-84.0
1777889322.2843325,7.0,-8.0,-84.0
1777889322.2943325,8.0,-6.0,-82.0
1777889322.3043325,4.0,-3.0,-74.0
1777889322.3143325,4.0,2.0,-74.0
1777889322.3243325,1.0,1.0,-76.0
1777889322.3343325,3.0,0.0,-76.0
1777889322.3443325,4.0,0.0,-78.0
1777889322.3543324,6.0,-3.0,-80.0
1777889322.3643324,3.0,-7.0,-80.0
1777889322.3743324,0.0,-7.0,-82.0
1777889322.3843324,1.0,-9.0,-78.0
1777889322.3943324,1.0,-8.0,-80.0
1777889322.4043324,0.0,-5.0,-82.0
1777889322.4143324,-1.0,-1.0,-85.0
1777889322.4243324,1.0,0.0,-80.0
1777889322.4343324,0.0,2.0,-74.0
1777889322.4443324,-3.0,1.0,-72.0
1777889322.4543324,-7.0,2.0,-69.0
1777889322.4643323,-6.0,-4.0,-68.0
1777889322.4743323,-9.0,-5.0,-77.0
1777889322.4843323,-5.0,-5.0,-76.0
1777889322.4943323,-1.0,-7.0,-68.0
1777889322.5043323,4.0,-10.0,-70.0
1777889322.5143323,6.0,-10.0,-72.0
1777889322.5243323,6.0,-7.0,-66.0
1777889322.5343325,4.0,-9.0,-66.0
1777889322.5443325,0.0,-12.0,-71.0
1777889322.5543325,0.0,-15.0,-72.0
1777889322.5643325,2.0,-13.0,-67.0
1777889322.5743325,4.0,-6.0,-71.0
1777889322.5843325,3.0,-4.0,-76.0
1777889322.5943325,3.0,-4.0,-76.0
1777889322.6043324,4.0,-1.0,-76.0
1777889322.6143324,2.0,-3.0,-82.0
1777889322.6243324,1.0,0.0,-82.0
1777889322.6343324,1.0,0.0,-79.0
1777889322.6443324,1.0,0.0,-82.0
1777889322.6543324,1.0,0.0,-81.0
1777889322.6643324,2.0,0.0,-86.0
1777889322.6743324,0.0,0.0,-79.0
1777889322.6843324,3.0,-2.0,-81.0
1777889322.6943324,5.0,-1.0,-78.0
1777889322.7043324,7.0,0.0,-75.0
1777889322.7143323,7.0,2.0,-75.0
1777889322.7243323,3.0,-1.0,-81.0
1777889322.7343323,2.0,-3.0,-74.0
1777889322.7443323,1.0,-3.0,-78.0
1777889322.7543323,1.0,-4.0,-82.0
1777889322.7643323,3.0,2.0,-80.0
1777889322.7743323,4.0,1.0,-79.0
1777889322.7843325,2.0,3.0,-80.0
1777889322.7943325,3.0,0.0,-79.0
1777889322.8043325,4.0,2.0,-74.0
1777889322.8143325,3.0,4.0,-67.0
1777889322.8243325,6.0,4.0,-69.0
1777889322.8343325,3.0,2.0,-69.0
1777889322.8443325,3.0,1.0,-68.0
1777889322.8543324,7.0,1.0,-68.0
1777889322.8643324,3.0,-2.0,-68.0
1777889322.8743324,1.0,-1.0,-73.0
1777889322.8843324,3.0,-2.0,-73.0
1777889322.8943324,1.0,0.0,-64.0
1777889322.9043324,0.0,-2.0,-72.0
1777889322.9153323,0.0,-2.0,-76.0
1777889322.9243324,2.0,-6.0,-76.0
1777889322.9343324,3.0,-7.0,-78.0
1777889322.9443324,1.0,-9.0,-75.0
1777889322.9543324,0.0,-9.0,-73.0
1777889322.9643323,0.0,-9.0,-71.0
1777889322.9743323,-3.0,-8.0,-71.0
1777889322.9843323,0.0,-8.0,-71.0
1777889322.9943323,0.0,-3.0,-75.0
1777889323.0043323,5.0,-2.0,-73.0
1777889323.0143323,3.0,-3.0,-79.0
1777889323.0243323,1.0,-3.0,-75.0
1777889323.0343325,1.0,0.0,-76.0
1777889323.0443325,2.0,2.0,-74.0
1777889323.0543325,4.0,4.0,-70.0
1777889323.0643325,1.0,0.0,-78.0
1777889323.0743325,2.0,0.0,-86.0
1777889323.0843325,0.0,0.0,-89.0
1777889323.0943325,5.0,1.0,-86.0
1777889323.1043324,0.0,1.0,-81.0
1777889323.1143324,0.0,4.0,-75.0
1777889323.1243324,4.0,8.0,-70.0
1777889323.1343324,0.0,4.0,-68.0
1777889323.1443324,3.0,1.0,-63.0
1777889323.1543324,0.0,-2.0,-63.0
1777889323.1643324,6.0,3.0,-73.0
1777889323.1743324,7.0,0.0,-73.0
1777889323.1843324,9.0,0.0,-66.0
1777889323.1943324,7.0,-2.0,-65.0
1777889323.2043324,3.0,0.0,-65.0
1777889323.2143323,2.0,3.0,-74.0
1777889323.2243323,0.0,2.0,-71.0
1777889323.2343323,0.0,2.0,-60.0
1777889323.2443323,2.0,0.0,-67.0
1777889323.2543323,-1.0,-2.0,-74.0
1777889323.2643323,4.0,0.0,-70.0
1777889323.2743323,3.0,4.0,-72.0
1777889323.2843325,2.0,1.0,-78.0
1777889323.2943325,-1.0,2.0,-74.0
1777889323.3043325,0.0,3.0,-72.0
1777889323.3143325,-2.0,0.0,-72.0
1777889323.3243325,-4.0,0.0,-78.0
1777889323.3343325,-5.0,0.0,-78.0
1777889323.3443325,0.0,0.0,-74.0
1777889323.3543324,0.0,0.0,-69.0
1777889323.3643324,0.0,-1.0,-72.0
1777889323.3743324,-3.0,-2.0,-72.0
1777889323.3843324,-3.0,-1.0,-73.0
1777889323.3943324,0.0,-1.0,-71.0
1777889323.4043324,-2.0,-4.0,-64.0
1777889323.4143324,-5.0,-6.0,-74.0
1777889323.4243324,-4.0,-4.0,-84.0
1777889323.4343324,-1.0,0.0,-83.0
1777889323.4443324,-1.0,-1.0,-86.0
1777889323.4543324,3.0,0.0,-87.0
1777889323.4643323,5.0,2.0,-88.0
1777889323.4743323,2.0,2.0,-84.0
1777889323.4843323,-1.0,1.0,-82.0
1777889323.4943323,-2.0,1.0,-78.0
1777889323.5043323,5.0,4.0,-76.0
1777889323.5143323,6.0,2.0,-76.0
1777889323.5243323,10.0,5.0,-74.0
1777889323.5343325,3.0,3.0,-67.0
1777889323.5443325,1.0,2.0,-68.0
1777889323.5543325,-2.0,2.0,-70.0
1777889323.5643325,-2.0,0.0,-76.0
1777889323.5743325,-2.0,0.0,-80.0
1777889323.5843325,-3.0,4.0,-80.0
1777889323.5943325,0.0,4.0,-84.0
1777889323.6043324,-1.0,5.0,-84.0
1777889323.6143324,-1.0,3.0,-84.0
1777889323.6243324,0.0,1.0,-74.0
1777889323.6343324,-3.0,-2.0,-74.0
1777889323.6443324,-5.0,-4.0,-70.0
1777889323.6543324,-4.0,2.0,-73.0
1777889323.6643324,-3.0,2.0,-81.0
1777889323.6743324,-4.0,3.0,-84.0
1777889323.6843324,-1.0,1.0,-76.0
1777889323.6943324,-1.0,5.0,-68.0
1777889323.7043324,2.0,4.0,-69.0
1777889323.7143323,4.0,5.0,-71.0
1777889323.7243323,2.0,4.0,-72.0
1777889323.7343323,0.0,0.0,-75.0
1777889323.7443323,-2.0,2.0,-74.0
1777889323.7543323,-2.0,2.0,-70.0
1777889323.7643323,-1.0,0.0,-69.0
1777889323.7743323,-2.0,-1.0,-69.0
1777889323.7843325,-1.0,0.0,-69.0
1777889323.7943325,-2.0,-1.0,-66.0
1777889323.8043325,-5.0,1.0,-69.0
1777889323.8143325,-4.0,0.0,-76.0
1777889323.8243325,-1.0,-1.0,-74.0
1777889323.8343325,0.0,-7.0,-77.0
1777889323.8443325,3.0,-3.0,-74.0
1777889323.8543324,4.0,-1.0,-74.0
1777889323.8643324,4.0,-4.0,-80.0
1777889323.8743324,6.0,-9.0,-77.0
1777889323.8843324,5.0,-6.0,-76.0
1777889323.8943324,2.0,-2.0,-75.0
1777889323.9043324,0.0,-1.0,-76.0
1777889323.9143324,1.0,-4.0,-74.0
1777889323.9243324,1.0,-5.0,-74.0
1777889323.9343324,3.0,-4.0,-71.0
1777889323.9443324,3.0,-1.0,-70.0
1777889323.9543324,2.0,2.0,-71.0
1777889323.9643323,3.0,2.0,-71.0
1777889323.9743323,2.0,3.0,-68.0
1777889323.9843323,4.0,1.0,-72.0
1777889323.9943323,3.0,3.0,-69.0
1777889324.0043323,0.0,2.0,-74.0
1777889324.0143323,-3.0,1.0,-72.0
1777889324.0243323,-4.0,0.0,-72.0
1777889324.0343325,3.0,6.0,-74.0
1777889324.0443325,8.0,4.0,-73.0
1777889324.0543325,7.0,4.0,-70.0
1777889324.0643325,12.0,2.0,-65.0
1777889324.0743325,5.0,6.0,-68.0
1777889324.0843325,4.0,9.0,-71.0
1777889324.0943325,5.0,6.0,-73.0
1777889324.1043324,0.0,2.0,-68.0
1777889324.1143324,0.0,-3.0,-69.0
1777889324.1243324,2.0,-3.0,-72.0
1777889324.1353323,0.0,2.0,-64.0
1777889324.1453323,0.0,4.0,-68.0
1777889324.1553323,0.0,6.0,-70.0
1777889324.1653323,0.0,3.0,-69.0
1777889324.1753323,-3.0,2.0,-75.0
1777889324.1853323,-4.0,-2.0,-78.0
1777889324.1953323,-4.0,-2.0,-76.0
1777889324.2053325,-3.0,-1.0,-68.0
1777889324.2153325,0.0,-2.0,-68.0
1777889324.2253325,2.0,-2.0,-74.0
1777889324.2353325,0.0,-6.0,-72.0
1777889324.2453325,3.0,-2.0,-73.0
1777889324.2553325,-2.0,-1.0,-77.0
1777889324.2653325,-3.0,-4.0,-82.0
1777889324.2753325,-1.0,-4.0,-82.0
1777889324.2853324,1.0,-5.0,-79.0
1777889324.2953324,2.0,-3.0,-71.0
1777889324.3053324,5.0,-1.0,-70.0
1777889324.3153324,4.0,-3.0,-73.0
1777889324.3253324,-1.0,-2.0,-74.0
1777889324.3353324,-5.0,-2.0,-70.0
1777889324.3453324,-1.0,-5.0,-65.0
1777889324.3553324,-3.0,-3.0,-62.0
1777889324.3653324,-5.0,1.0,-66.0
1777889324.3753324,-9.0,2.0,-68.0
1777889324.3853323,-8.0,5.0,-72.0
1777889324.3953323,-2.0,4.0,-77.0
1777889324.4053323,-2.0,0.0,-80.0
1777889324.4153323,-1.0,0.0,-76.0
1777889324.4253323,-1.0,-1.0,-73.0
1777889324.4353323,0.0,0.0,-75.0
1777889324.4453323,-3.0,3.0,-73.0
1777889324.4553325,-3.0,3.0,-71.0
1777889324.4653325,-5.0,1.0,-71.0
1777889324.4753325,-2.0,-2.0,-78.0
1777889324.4853325,-5.0,-4.0,-77.0
1777889324.4953325,0.0,-10.0,-72.0
1777889324.5053325,2.0,-10.0,-74.0
1777889324.5153325,2.0,-11.0,-72.0
1777889324.5253325,5.0,-9.0,-74.0
1777889324.5353324,6.0,-4.0,-77.0
1777889324.5453324,7.0,-6.0,-72.0
1777889324.5553324,6.0,-7.0,-70.0
1777889324.5653324,4.0,-11.0,-72.0
1777889324.5753324,8.0,0.0,-77.0
1777889324.5853324,7.0,0.0,-78.0
1777889324.5953324,6.0,-3.0,-72.0
1777889324.6053324,11.0,-7.0,-70.0
1777889324.6153324,10.0,-2.0,-70.0
1777889324.6253324,9.0,-6.0,-73.0
1777889324.6353323,7.0,-4.0,-80.0
1777889324.6453323,5.0,-8.0,-82.0
1777889324.6553323,-1.0,-8.0,-79.0
1777889324.6653323,-2.0,-5.0,-79.0
1777889324.6753323,-2.0,0.0,-77.0
1777889324.6853323,-1.0,4.0,-79.0
1777889324.6953323,-2.0,3.0,-87.0
1777889324.7053325,-7.0,0.0,-89.0
1777889324.7153325,-9.0,5.0,-94.0
1777889324.7253325,-5.0,5.0,-88.0
1777889324.7353325,-3.0,3.0,-86.0
1777889324.7453325,-1.0,0.0,-83.0
1777889324.7553325,-4.0,2.0,-86.0
1777889324.7653325,-2.0,-2.0,-81.0
1777889324.7753325,-7.0,0.0,-84.0
1777889324.7853324,-6.0,0.0,-76.0
1777889324.7953324,-3.0,0.0,-79.0
1777889324.8053324,-2.0,-1.0,-83.0
1777889324.8153324,-1.0,-2.0,-81.0
1777889324.8253324,3.0,-3.0,-79.0
1777889324.8353324,1.0,-5.0,-83.0
1777889324.8453324,1.0,-4.0,-77.0
1777889324.8553324,6.0,0.0,-75.0
1777889324.8653324,3.0,4.0,-72.0
1777889324.8753324,5.0,6.0,-76.0
1777889324.8853323,5.0,6.0,-72.0
1777889324.8953323,5.0,4.0,-71.0
1777889324.9053323,7.0,4.0,-74.0
1777889324.9153323,8.0,3.0,-71.0
1777889324.9253323,6.0,2.0,-73.0
1777889324.9353323,2.0,1.0,-77.0
1777889324.9453323,5.0,0.0,-80.0
1777889324.9553325,7.0,3.0,-79.0
1777889324.9653325,5.0,3.0,-82.0
1777889324.9753325,1.0,2.0,-82.0
1777889324.9853325,2.0,2.0,-83.0
1777889324.9953325,3.0,4.0,-83.0
1777889325.0053325,0.0,2.0,-77.0
1777889325.0153325,2.0,5.0,-76.0
1777889325.0253325,0.0,1.0,-71.0
1777889325.0353324,-3.0,0.0,-74.0
1777889325.0453324,-7.0,0.0,-75.0
1777889325.0553324,-7.0,-3.0,-75.0
1777889325.0653324,-8.0,-4.0,-67.0
1777889325.0753324,-2.0,-2.0,-70.0
1777889325.0853324,0.0,-3.0,-73.0
1777889325.0953324,0.0,0.0,-73.0
1777889325.1053324,-1.0,-3.0,-68.0
1777889325.1153324,1.0,-8.0,-72.0
1777889325.1253324,2.0,-10.0,-71.0
1777889325.1353323,0.0,-10.0,-69.0
1777889325.1453323,1.0,-6.0,-72.0
1777889325.1553323,3.0,-10.0,-74.0
1777889325.1653323,6.0,-3.0,-77.0
1777889325.1753323,9.0,-3.0,-82.0
1777889325.1853323,5.0,-5.0,-81.0
1777889325.1953323,6.0,-6.0,-78.0
1777889325.2053325,4.0,-8.0,-78.0
1777889325.2153325,3.0,-4.0,-72.0
1777889325.2253325,3.0,-2.0,-77.0
1777889325.2353325,7.0,-4.0,-74.0
1777889325.2453325,0.0,-1.0,-65.0
1777889325.2553325,-5.0,-1.0,-62.0
1777889325.2653325,-3.0,-3.0,-60.0
1777889325.2753325,1.0,-1.0,-68.0
1777889325.2853324,0.0,2.0,-75.0
1777889325.2953324,-2.0,0.0,-77.0
1777889325.3053324,-5.0,-2.0,-77.0
1777889325.3153324,-4.0,0.0,-82.0
1777889325.3253324,-10.0,0.0,-79.0
1777889325.3353324,-6.0,2.0,-81.0
1777889325.3453324,-3.0,-2.0,-80.0
1777889325.3553324,-4.0,0.0,-70.0
1777889325.3653324,0.0,2.0,-66.0
1777889325.3753324,1.0,2.0,-61.0
1777889325.3853323,1.0,6.0,-66.0
1777889325.3953323,1.0,7.0,-70.0
1777889325.4053323,7.0,3.0,-74.0
1777889325.4153323,5.0,2.0,-76.0
1777889325.4253323,3.0,4.0,-76.0
1777889325.4353323,4.0,5.0,-72.0
1777889325.4453323,1.0,5.0,-77.0
1777889325.4553325,1.0,6.0,-77.0
1777889325.4653325,3.0,4.0,-76.0
1777889325.4753325,3.0,3.0,-76.0
1777889325.4853325,5.0,3.0,-75.0
1777889325.4953325,1.0,0.0,-83.0
1777889325.5053325,1.0,0.0,-76.0
1777889325.5153325,3.0,2.0,-76.0
1777889325.5253325,3.0,2.0,-76.0
1777889325.5353324,2.0,0.0,-73.0
1777889325.5453324,-1.0,-3.0,-70.0
1777889325.5553324,-2.0,-1.0,-64.0
1777889325.5653324,1.0,-1.0,-68.0
1777889325.5753324,5.0,0.0,-63.0
1777889325.5853324,6.0,1.0,-65.0
1777889325.5953324,9.0,3.0,-71.0
1777889325.6053324,6.0,1.0,-67.0
1777889325.6153324,1.0,0.0,-74.0
1777889325.6253324,0.0,0.0,-69.0
1777889325.6353323,-3.0,2.0,-74.0
1777889325.6453323,-1.0,4.0,-76.0
1777889325.6553323,3.0,2.0,-69.0
1777889325.6653323,6.0,1.0,-67.0
1777889325.6753323,8.0,3.0,-69.0
1777889325.6853323,8.0,7.0,-64.0
1777889325.6953323,9.0,10.0,-64.0
1777889325.7053325,6.0,4.0,-64.0
1777889325.7153325,4.0,3.0,-63.0
1777889325.7253325,1.0,3.0,-62.0
1777889325.7353325,-1.0,0.0,-69.0
1777889325.7453325,-3.0,-2.0,-70.0
1777889325.7553325,-5.0,-4.0,-72.0
1777889325.7653325,-4.0,-7.0,-69.0
1777889325.7753325,-3.0,0.0,-71.0
1777889325.7853324,0.0,-3.0,-68.0
1777889325.7953324,1.0,0.0,-70.0
1777889325.8053324,-2.0,2.0,-75.0
1777889325.8153324,-4.0,5.0,-79.0
1777889325.8253324,-2.0,3.0,-80.0
1777889325.8353324,-5.0,2.0,-81.0
1777889325.8453324,-6.0,0.0,-76.0
1777889325.8553324,-2.0,-2.0,-78.0
1777889325.8653324,-1.0,-3.0,-76.0
1777889325.8753324,-2.0,-2.0,-74.0
1777889325.8853323,-1.0,0.0,-73.0
1777889325.8953323,0.0,-4.0,-78.0
1777889325.9053323,2.0,-3.0,-77.0
1777889325.9153323,0.0,0.0,-78.0
1777889325.9253323,1.0,0.0,-77.0
1777889325.9353323,-2.0,-1.0,-78.0
1777889325.9453323,-3.0,-3.0,-81.0
1777889325.9553325,-1.0,-2.0,-78.0
1777889325.9653325,1.0,-3.0,-78.0
1777889325.9753325,-3.0,-4.0,-77.0
1777889325.9853325,-3.0,-2.0,-77.0
1777889325.9953325,-2.0,0.0,-81.0
1777889326.0053325,0.0,-1.0,-81.0
1777889326.0153325,0.0,-2.0,-76.0
1777889326.0253325,-2.0,1.0,-73.0
1777889326.0353324,-4.0,-1.0,-69.0
1777889326.0453324,0.0,1.0,-66.0
1777889326.0553324,0.0,1.0,-64.0
1777889326.0653324,2.0,-1.0,-71.0
1777889326.0753324,3.0,-4.0,-76.0
1777889326.0853324,4.0,-3.0,-76.0
1777889326.0963323,0.0,-4.0,-78.0
1777889326.1063323,-1.0,-3.0,-82.0
1777889326.1163323,-2.0,-3.0,-77.0
1777889326.1263323,1.0,0.0,-79.0
1777889326.1363325,1.0,3.0,-75.0
1777889326.1463325,0.0,7.0,-70.0
1777889326.1563325,-2.0,6.0,-60.0
1777889326.1663325,0.0,6.0,-59.0
1777889326.1763325,3.0,6.0,-72.0
1777889326.1863325,5.0,0.0,-70.0
1777889326.1963325,6.0,-2.0,-66.0
1777889326.2063324,8.0,-4.0,-68.0
1777889326.2163324,5.0,-3.0,-70.0
1777889326.2263324,3.0,0.0,-71.0
1777889326.2363324,2.0,-2.0,-73.0
1777889326.2463324,-1.0,-4.0,-76.0
1777889326.2563324,0.0,-2.0,-74.0
1777889326.2663324,-2.0,-1.0,-78.0
1777889326.2763324,-3.0,-1.0,-82.0
1777889326.2863324,-5.0,-3.0,-82.0
1777889326.2963324,-8.0,0.0,-82.0
1777889326.3063323,-7.0,0.0,-84.0
1777889326.3163323,-3.0,0.0,-82.0
1777889326.3263323,-3.0,-1.0,-81.0
1777889326.3363323,-2.0,-6.0,-83.0
1777889326.3463323,-2.0,-6.0,-83.0
1777889326.3563323,-3.0,-5.0,-84.0
1777889326.3663323,-3.0,-7.0,-76.0
1777889326.3763323,-1.0,-9.0,-77.0
1777889326.3863325,-4.0,-6.0,-81.0
1777889326.3963325,-1.0,-5.0,-81.0
1777889326.4063325,0.0,-9.0,-75.0
1777889326.4163325,4.0,-8.0,-73.0
1777889326.4263325,1.0,-7.0,-78.0
1777889326.4363325,-1.0,-7.0,-83.0
1777889326.4463325,-1.0,-5.0,-84.0
1777889326.4563324,0.0,-4.0,-78.0
1777889326.4663324,-4.0,-4.0,-80.0
1777889326.4763324,-6.0,-5.0,-73.0
1777889326.4863324,-12.0,-5.0,-68.0
1777889326.4963324,-11.0,-6.0,-63.0
1777889326.5063324,-4.0,-6.0,-66.0
1777889326.5163324,1.0,-5.0,-75.0
1777889326.5263324,5.0,-9.0,-73.0
1777889326.5363324,2.0,-9.0,-80.0
1777889326.5463324,-4.0,-3.0,-78.0
1777889326.5563323,-8.0,0.0,-75.0
1777889326.5663323,-8.0,-2.0,-78.0
1777889326.5763323,-6.0,1.0,-82.0
1777889326.5863323,-3.0,-3.0,-84.0
1777889326.5963323,-4.0,-7.0,-81.0
1777889326.6063323,-2.0,-8.0,-86.0
1777889326.6163323,-6.0,-12.0,-86.0
1777889326.6263323,-7.0,-10.0,-80.0
1777889326.6363325,-4.0,-8.0,-77.0
1777889326.6463325,0.0,-4.0,-73.0
1777889326.6563325,5.0,-1.0,-64.0
1777889326.6663325,0.0,-3.0,-65.0
1777889326.6763325,0.0,2.0,-68.0
1777889326.6863325,0.0,3.0,-74.0
1777889326.6963325,-6.0,2.0,-71.0
1777889326.7063324,-1.0,0.0,-73.0
1777889326.7163324,0.0,-2.0,-66.0
1777889326.7263324,-3.0,-1.0,-64.0
1777889326.7363324,-3.0,-4.0,-69.0
1777889326.7463324,0.0,-4.0,-66.0
1777889326.7563324,-2.0,-5.0,-64.0
1777889326.7663324,-4.0,-6.0,-65.0
1777889326.7763324,-2.0,-8.0,-67.0
1777889326.7863324,0.0,-9.0,-63.0
1777889326.7963324,-1.0,-8.0,-61.0
1777889326.8063323,0.0,-6.0,-65.0
1777889326.8163323,4.0,-1.0,-66.0
1777889326.8263323,6.0,2.0,-73.0
1777889326.8363323,7.0,5.0,-74.0
1777889326.8463323,4.0,3.0,-74.0
1777889326.8563323,4.0,-1.0,-72.0
1777889326.8663323,3.0,-2.0,-73.0
1777889326.8763323,2.0,-3.0,-78.0
1777889326.8863325,0.0,-5.0,-76.0
1777889326.8963325,-2.0,-4.0,-76.0
1777889326.9063325,1.0,2.0,-74.0
1777889326.9163325,0.0,1.0,-72.0
1777889326.9263325,2.0,4.0,-77.0
1777889326.9363325,3.0,7.0,-72.0
1777889326.9463325,2.0,7.0,-70.0
1777889326.9563324,3.0,3.0,-73.0
1777889326.9663324,0.0,-4.0,-72.0
1777889326.9763324,0.0,-4.0,-76.0
1777889326.9863324,-3.0,-2.0,-69.0
1777889326.9963324,-5.0,0.0,-69.0
1777889327.0063324,-4.0,2.0,-74.0
1777889327.0163324,-1.0,3.0,-75.0
1777889327.0263324,0.0,1.0,-78.0
1777889327.0363324,5.0,1.0,-80.0
1777889327.0463324,0.0,0.0,-77.0
1777889327.0563323,-3.0,0.0,-74.0
1777889327.0663323,-4.0,0.0,-74.0
1777889327.0763323,-2.0,-3.0,-71.0
1777889327.0863323,0.0,-6.0,-81.0
1777889327.0963323,3.0,-8.0,-76.0
1777889327.1063323,6.0,-6.0,-74.0
1777889327.1163323,5.0,-1.0,-74.0
1777889327.1263323,8.0,3.0,-76.0
1777889327.1363325,7.0,0.0,-76.0
1777889327.1463325,7.0,0.0,-69.0
1777889327.1563325,7.0,0.0,-69.0
1777889327.1663325,1.0,-4.0,-73.0
1777889327.1763325,-1.0,-3.0,-68.0
1777889327.1863325,0.0,0.0,-73.0
1777889327.1963325,0.0,0.0,-81.0
1777889327.2063324,3.0,-1.0,-86.0
1777889327.2163324,0.0,0.0,-87.0
1777889327.2263324,0.0,0.0,-80.0
1777889327.2363324,2.0,0.0,-76.0
1777889327.2463324,5.0,0.0,-70.0
1777889327.2563324,0.0,-1.0,-73.0
1777889327.2663324,-2.0,0.0,-77.0
1777889327.2763324,-2.0,0.0,-82.0
1777889327.2863324,0.0,2.0,-86.0
1777889327.2963324,0.0,0.0,-84.0
1777889327.3063323,0.0,0.0,-86.0
1777889327.3163323,0.0,-4.0,-86.0
1777889327.3263323,3.0,-2.0,-87.0
1777889327.3363323,2.0,-1.0,-86.0
1777889327.3463323,0.0,-2.0,-87.0
1777889327.3563323,0.0,2.0,-78.0
1777889327.3663323,0.0,6.0,-76.0
1777889327.3763323,1.0,-1.0,-74.0
1777889327.3863325,0.0,-3.0,-73.0
1777889327.3963325,-1.0,-2.0,-74.0
1777889327.4063325,-1.0,-1.0,-77.0
1777889327.4163325,2.0,-1.0,-77.0
1777889327.4263325,4.0,-2.0,-73.0
1777889327.4363325,7.0,1.0,-76.0
1777889327.4463325,9.0,1.0,-73.0
1777889327.4563324,10.0,2.0,-76.0
1777889327.4663324,5.0,4.0,-79.0
1777889327.4763324,-1.0,5.0,-81.0
1777889327.4863324,0.0,5.0,-83.0
1777889327.4963324,-3.0,4.0,-84.0
1777889327.5063324,-4.0,2.0,-78.0
1777889327.5163324,1.0,-1.0,-80.0
1777889327.5263324,-4.0,-3.0,-77.0
1777889327.5363324,-5.0,0.0,-78.0
1777889327.5463324,0.0,0.0,-80.0
1777889327.5563323,-5.0,0.0,-82.0
1777889327.5663323,-1.0,0.0,-86.0
1777889327.5763323,2.0,0.0,-88.0
1777889327.5863323,1.0,0.0,-84.0
1777889327.5963323,2.0,0.0,-78.0
1777889327.6063323,1.0,0.0,-78.0
1777889327.6163323,-1.0,2.0,-82.0
1777889327.6263323,-2.0,2.0,-84.0
1777889327.6363325,-1.0,0.0,-80.0
1777889327.6463325,-1.0,1.0,-84.0
1777889327.6563325,-3.0,-1.0,-81.0
1777889327.6663325,-2.0,4.0,-80.0
1777889327.6763325,1.0,3.0,-79.0
1777889327.6863325,-1.0,3.0,-72.0
1777889327.6963325,0.0,7.0,-72.0
1777889327.7063324,6.0,7.0,-72.0
1777889327.7163324,-1.0,1.0,-73.0
1777889327.7263324,-3.0,2.0,-78.0
1777889327.7363324,-6.0,1.0,-83.0
1777889327.7463324,-7.0,-2.0,-86.0
1777889327.7563324,-7.0,-1.0,-85.0
1777889327.7663324,-6.0,1.0,-77.0
1777889327.7763324,-3.0,1.0,-75.0
1777889327.7863324,-5.0,0.0,-70.0
1777889327.7963324,-9.0,0.0,-72.0
1777889327.8063323,-9.0,0.0,-75.0
1777889327.8163323,-6.0,-2.0,-77.0
1777889327.8263323,-9.0,-2.0,-73.0
1777889327.8363323,-3.0,-1.0,-70.0
1777889327.8463323,-1.0,1.0,-71.0
1777889327.8563323,-2.0,0.0,-75.0
1777889327.8663323,-2.0,0.0,-84.0
1777889327.8763323,-2.0,2.0,-87.0
1777889327.8863325,0.0,3.0,-88.0
1777889327.8963325,3.0,1.0,-80.0
1777889327.9063325,3.0,3.0,-82.0
1777889327.9163325,-3.0,5.0,-76.0
1777889327.9263325,-1.0,2.0,-82.0
1777889327.9363325,0.0,3.0,-81.0
1777889327.9463325,0.0,2.0,-76.0
1777889327.9563324,0.0,0.0,-78.0
1777889327.9663324,-3.0,3.0,-76.0
1777889327.9763324,0.0,2.0,-77.0
1777889327.9863324,-3.0,0.0,-77.0
1777889327.9963324,-7.0,-4.0,-82.0
1777889328.0063324,-3.0,-4.0,-81.0
1777889328.0163324,-2.0,-4.0,-74.0
1777889328.0263324,-3.0,-4.0,-77.0
1777889328.0363324,-2.0,-3.0,-82.0
1777889328.0463324,0.0,-1.0,-77.0
1777889328.0563323,2.0,-6.0,-79.0
1777889328.0663323,1.0,-6.0,-83.0
1777889328.0763323,3.0,-7.0,-80.0
1777889328.0863323,2.0,-6.0,-78.0
1777889328.0963323,0.0,-7.0,-78.0
1777889328.1063323,0.0,-7.0,-77.0
1777889328.1173325,0.0,-7.0,-74.0
1777889328.1273324,0.0,-4.0,-76.0
1777889328.1373324,0.0,-3.0,-83.0
1777889328.1473324,-1.0,-4.0,-80.0
1777889328.1563325,-4.0,-3.0,-80.0
1777889328.1673324,0.0,-6.0,-78.0
1777889328.1773324,2.0,-11.0,-77.0
1777889328.1873324,6.0,-11.0,-78.0
1777889328.1973324,5.0,-11.0,-77.0
1777889328.2073324,7.0,-8.0,-76.0
1777889328.2173324,7.0,-8.0,-86.0
1777889328.2273324,3.0,-9.0,-79.0
1777889328.2373323,1.0,-6.0,-78.0
1777889328.2473323,-1.0,3.0,-78.0
1777889328.2573323,0.0,8.0,-71.0
1777889328.2673323,1.0,7.0,-73.0
1777889328.2773323,-2.0,7.0,-77.0
1777889328.2873323,-2.0,9.0,-74.0
1777889328.2973323,-2.0,11.0,-71.0
1777889328.3073325,-2.0,7.0,-79.0
1777889328.3173325,-2.0,5.0,-74.0
1777889328.3273325,-5.0,6.0,-76.0
1777889328.3373325,-9.0,4.0,-75.0
1777889328.3473325,-12.0,0.0,-81.0
1777889328.3573325,-13.0,2.0,-81.0
1777889328.3673325,-7.0,0.0,-81.0
1777889328.3773324,-5.0,-3.0,-83.0
1777889328.3873324,-2.0,-2.0,-79.0
1777889328.3973324,-3.0,-3.0,-78.0
1777889328.4073324,-2.0,-4.0,-78.0
1777889328.4173324,0.0,-5.0,-78.0
1777889328.4273324,2.0,-6.0,-71.0
1777889328.4373324,0.0,-4.0,-74.0
1777889328.4473324,-1.0,-3.0,-74.0
1777889328.4573324,2.0,-3.0,-74.0
1777889328.4673324,6.0,-4.0,-71.0
1777889328.4773324,7.0,-2.0,-69.0
1777889328.4873323,5.0,-5.0,-72.0
1777889328.4973323,8.0,-3.0,-70.0
1777889328.5073323,4.0,0.0,-69.0
1777889328.5173323,1.0,0.0,-69.0
1777889328.5273323,0.0,0.0,-76.0
1777889328.5373323,-4.0,-1.0,-72.0
1777889328.5473323,-2.0,0.0,-81.0
1777889328.5573325,-3.0,0.0,-74.0
1777889328.5673325,-2.0,-1.0,-71.0
1777889328.5773325,-2.0,-5.0,-78.0
1777889328.5873325,-2.0,-9.0,-77.0
1777889328.5973325,-4.0,-9.0,-74.0
1777889328.6073325,-1.0,-10.0,-74.0
1777889328.6173325,3.0,-10.0,-68.0
1777889328.6273324,6.0,-10.0,-68.0
1777889328.6373324,7.0,-7.0,-63.0
1777889328.6473324,9.0,-7.0,-63.0
1777889328.6573324,6.0,-11.0,-64.0
1777889328.6673324,6.0,-12.0,-69.0
1777889328.6773324,8.0,-6.0,-65.0
1777889328.6873324,9.0,-7.0,-67.0
1777889328.6973324,6.0,-5.0,-72.0
1777889328.7073324,0.0,-6.0,-76.0
1777889328.7173324,-2.0,-8.0,-78.0
1777889328.7273324,1.0,-6.0,-79.0
1777889328.7373323,0.0,-7.0,-78.0
1777889328.7473323,0.0,-5.0,-77.0
1777889328.7573323,-3.0,-3.0,-78.0
1777889328.7673323,-1.0,0.0,-80.0
1777889328.7773323,-2.0,1.0,-78.0
1777889328.7873323,0.0,0.0,-78.0
1777889328.7973323,1.0,1.0,-82.0
1777889328.8073325,2.0,-1.0,-78.0
1777889328.8173325,3.0,1.0,-80.0
1777889328.8273325,0.0,-6.0,-78.0
1777889328.8373325,5.0,-5.0,-77.0
1777889328.8473325,11.0,-4.0,-73.0
1777889328.8573325,11.0,0.0,-78.0
1777889328.8673325,13.0,1.0,-85.0
1777889328.8773324,14.0,4.0,-86.0
1777889328.8873324,11.0,6.0,-87.0
1777889328.8973324,10.0,9.0,-78.0
1777889328.9073324,11.0,6.0,-72.0
1777889328.9173324,4.0,3.0,-71.0
1777889328.9273324,4.0,-2.0,-71.0
1777889328.9373324,1.0,0.0,-74.0
1777889328.9473324,1.0,2.0,-75.0
1777889328.9573324,5.0,1.0,-73.0
1777889328.9673324,4.0,0.0,-76.0
1777889328.9773324,1.0,0.0,-76.0
1777889328.9873323,0.0,2.0,-74.0
1777889328.9973323,-5.0,0.0,-69.0
1777889329.0073323,-2.0,0.0,-68.0
1777889329.0173323,-1.0,-2.0,-67.0
1777889329.0273323,-2.0,-1.0,-63.0
1777889329.0373323,0.0,-3.0,-63.0
1777889329.0473323,-1.0,-2.0,-68.0
1777889329.0573325,-1.0,0.0,-66.0
1777889329.0673325,2.0,0.0,-69.0
1777889329.0773325,4.0,1.0,-69.0
1777889329.0873325,2.0,-2.0,-65.0
1777889329.0973325,7.0,-4.0,-61.0
1777889329.1073325,10.0,-5.0,-66.0
1777889329.1173325,6.0,-1.0,-66.0
1777889329.1273324,4.0,-1.0,-67.0
1777889329.1373324,7.0,0.0,-71.0
1777889329.1473324,4.0,0.0,-72.0
1777889329.1573324,4.0,-4.0,-75.0
1777889329.1673324,8.0,-5.0,-69.0
1777889329.1773324,7.0,-6.0,-74.0
1777889329.1873324,0.0,-1.0,-69.0
1777889329.1973324,-2.0,2.0,-83.0
1777889329.2073324,0.0,1.0,-84.0
1777889329.2173324,0.0,-1.0,-90.0
1777889329.2273324,0.0,-1.0,-86.0
1777889329.2373323,0.0,-3.0,-78.0
1777889329.2473323,-3.0,-6.0,-78.0
1777889329.2573323,-1.0,-3.0,-72.0
1777889329.2673323,0.0,0.0,-69.0
1777889329.2773323,0.0,0.0,-72.0
1777889329.2873323,3.0,-4.0,-77.0
1777889329.2973323,2.0,-7.0,-74.0
1777889329.3073325,1.0,-4.0,-75.0
1777889329.3173325,3.0,-6.0,-73.0
1777889329.3273325,5.0,-5.0,-77.0
1777889329.3373325,5.0,-4.0,-80.0
1777889329.3473325,6.0,-4.0,-77.0
1777889329.3573325,2.0,-5.0,-82.0
1777889329.3673325,0.0,-5.0,-72.0
1777889329.3773324,-4.0,-3.0,-67.0
1777889329.3873324,-2.0,-7.0,-69.0
1777889329.3973324,-1.0,-7.0,-69.0
1777889329.4073324,-3.0,-3.0,-73.0
1777889329.4173324,0.0,-1.0,-71.0
1777889329.4273324,0.0,-1.0,-67.0
1777889329.4373324,3.0,-2.0,-67.0
1777889329.4473324,2.0,-4.0,-68.0
1777889329.4573324,-1.0,-5.0,-67.0
1777889329.4673324,-2.0,0.0,-72.0
1777889329.4773324,-5.0,0.0,-77.0
1777889329.4873323,-6.0,-1.0,-74.0
1777889329.4973323,-4.0,-2.0,-71.0
1777889329.5073323,1.0,0.0,-66.0
1777889329.5173323,0.0,0.0,-67.0
1777889329.5273323,-1.0,-1.0,-73.0
1777889329.5373323,1.0,3.0,-74.0
1777889329.5473323,2.0,2.0,-80.0
1777889329.5573325,2.0,0.0,-84.0
1777889329.5673325,0.0,0.0,-75.0
1777889329.5773325,-3.0,2.0,-70.0
1777889329.5873325,-5.0,3.0,-77.0
1777889329.5973325,-1.0,0.0,-76.0
1777889329.6073325,-4.0,-2.0,-77.0
1777889329.6173325,-1.0,-3.0,-77.0
1777889329.6273324,-1.0,-7.0,-75.0
1777889329.6373324,0.0,-5.0,-77.0
1777889329.6473324,-1.0,-1.0,-80.0
1777889329.6573324,-1.0,-5.0,-76.0
1777889329.6673324,2.0,-1.0,-70.0
1777889329.6773324,-1.0,3.0,-71.0
1777889329.6873324,-2.0,4.0,-82.0
1777889329.6973324,-8.0,7.0,-82.0
1777889329.7073324,-6.0,6.0,-80.0
1777889329.7173324,-4.0,1.0,-81.0
1777889329.7273324,-4.0,0.0,-79.0
1777889329.7373323,0.0,-1.0,-81.0
1777889329.7473323,1.0,-1.0,-74.0
1777889329.7573323,2.0,0.0,-73.0
1777889329.7673323,3.0,0.0,-77.0
1777889329.7773323,1.0,0.0,-78.0
1777889329.7873323,0.0,-4.0,-79.0
1777889329.7973323,-2.0,-5.0,-78.0
1777889329.8073325,-4.0,-4.0,-76.0
1777889329.8173325,-8.0,-5.0,-79.0
1777889329.8273325,-7.0,-5.0,-81.0
1777889329.8373325,-3.0,-4.0,-76.0
1777889329.8473325,-3.0,-6.0,-73.0
1777889329.8573325,-1.0,-9.0,-71.0
1777889329.8673325,-2.0,-5.0,-78.0
1777889329.8773324,-5.0,-3.0,-76.0
1777889329.8873324,-6.0,-2.0,-80.0
1777889329.8973324,-4.0,-3.0,-78.0
1777889329.9073324,-2.0,-2.0,-78.0
1777889329.9173324,-2.0,-5.0,-78.0
1777889329.9273324,-3.0,-2.0,-79.0
1777889329.9373324,-3.0,-4.0,-76.0
1777889329.9473324,-3.0,-1.0,-74.0
1777889329.9573324,0.0,-1.0,-71.0
1777889329.9673324,1.0,-2.0,-70.0
1777889329.9773324,3.0,0.0,-71.0
1777889329.9873323,-1.0,0.0,-67.0
1777889329.9973323,0.0,-4.0,-68.0
1777889330.0073323,2.0,-2.0,-72.0
1777889330.0173323,4.0,-2.0,-75.0
1777889330.0273323,6.0,-3.0,-74.0
1777889330.0373323,7.0,-4.0,-72.0
1777889330.0473323,9.0,0.0,-70.0
1777889330.0573325,6.0,0.0,-70.0
1777889330.0673325,5.0,0.0,-71.0
1777889330.0783324,9.0,0.0,-81.0
1777889330.0873325,6.0,-2.0,-82.0
1777889330.0983324,3.0,-4.0,-80.0
1777889330.1083324,2.0,-7.0,-81.0
1777889330.1183324,4.0,-10.0,-81.0
1777889330.1283324,1.0,-4.0,-81.0
1777889330.1383324,4.0,-3.0,-74.0
1777889330.1483324,7.0,0.0,-75.0
1777889330.1583323,3.0,0.0,-76.0
1777889330.1683323,2.0,0.0,-77.0
1777889330.1783323,1.0,2.0,-73.0
1777889330.1883323,-6.0,2.0,-71.0
1777889330.1983323,-3.0,9.0,-67.0
1777889330.2083323,-1.0,8.0,-64.0
1777889330.2183323,1.0,4.0,-60.0
1777889330.2283323,3.0,0.0,-64.0
1777889330.2383325,-2.0,-3.0,-68.0
1777889330.2483325,-1.0,0.0,-73.0
1777889330.2583325,-2.0,-1.0,-68.0
1777889330.2683325,-2.0,2.0,-66.0
1777889330.2783325,-1.0,1.0,-73.0
1777889330.2883325,0.0,0.0,-74.0
1777889330.2983325,1.0,1.0,-75.0
1777889330.3083324,1.0,0.0,-72.0
1777889330.3183324,-1.0,-2.0,-81.0
1777889330.3283324,-2.0,-2.0,-84.0
1777889330.3383324,-1.0,0.0,-82.0
1777889330.3483324,-2.0,-1.0,-84.0
1777889330.3583324,-1.0,-2.0,-85.0
1777889330.3683324,2.0,-4.0,-85.0
1777889330.3783324,0.0,-1.0,-87.0
1777889330.3883324,3.0,0.0,-80.0
1777889330.3983324,3.0,4.0,-83.0
1777889330.4083323,1.0,4.0,-87.0
1777889330.4183323,0.0,5.0,-87.0
1777889330.4283323,-5.0,5.0,-87.0
1777889330.4383323,-3.0,3.0,-84.0
1777889330.4483323,0.0,2.0,-79.0
1777889330.4583323,0.0,0.0,-72.0
1777889330.4683323,3.0,3.0,-81.0
1777889330.4783323,2.0,2.0,-87.0
1777889330.4883325,0.0,4.0,-83.0
1777889330.4983325,4.0,1.0,-80.0
1777889330.5083325,6.0,3.0,-80.0
1777889330.5183325,4.0,3.0,-80.0
1777889330.5283325,3.0,0.0,-79.0
1777889330.5383325,5.0,0.0,-79.0
1777889330.5483325,-2.0,2.0,-78.0
1777889330.5583324,-2.0,0.0,-84.0
1777889330.5683324,-1.0,3.0,-80.0
1777889330.5783324,-3.0,4.0,-72.0
1777889330.5883324,-5.0,5.0,-74.0
1777889330.5983324,-6.0,1.0,-71.0
1777889330.6083324,-1.0,4.0,-73.0
1777889330.6183324,2.0,3.0,-71.0
1777889330.6283324,2.0,3.0,-67.0
1777889330.6383324,0.0,3.0,-73.0
1777889330.6483324,-2.0,1.0,-73.0
1777889330.6583323,0.0,0.0,-75.0
1777889330.6683323,1.0,4.0,-74.0
1777889330.6783323,3.0,3.0,-76.0
1777889330.6883323,1.0,7.0,-74.0
1777889330.6983323,0.0,9.0,-73.0
1777889330.7083323,0.0,4.0,-74.0
1777889330.7183323,-2.0,1.0,-81.0
1777889330.7283323,-2.0,0.0,-82.0
1777889330.7383325,-3.0,1.0,-81.0
1777889330.7483325,0.0,4.0,-78.0
1777889330.7583325,-1.0,5.0,-75.0
1777889330.7683325,-4.0,1.0,-70.0
1777889330.7783325,-1.0,0.0,-69.0
1777889330.7883325,0.0,4.0,-67.0
1777889330.7983325,0.0,4.0,-66.0
1777889330.8083324,0.0,6.0,-69.0
1777889330.8183324,2.0,5.0,-69.0
1777889330.8283324,0.0,2.0,-72.0
1777889330.8383324,0.0,0.0,-76.0
1777889330.8483324,-7.0,0.0,-74.0
1777889330.8583324,-7.0,-2.0,-73.0
1777889330.8683324,-3.0,-4.0,-74.0
1777889330.8783324,-1.0,-3.0,-79.0
1777889330.8883324,-4.0,0.0,-75.0
1777889330.8983324,-2.0,-2.0,-74.0
1777889330.9083323,-1.0,4.0,-71.0
1777889330.9183323,3.0,1.0,-76.0
1777889330.9283323,2.0,-3.0,-72.0
1777889330.9383323,-1.0,-6.0,-69.0
1777889330.9483323,-6.0,-5.0,-71.0
1777889330.9583323,-6.0,-7.0,-71.0
1777889330.9683323,-2.0,-2.0,-70.0
1777889330.9783323,-3.0,1.0,-68.0
1777889330.9883325,-3.0,1.0,-72.0
1777889330.9983325,-3.0,0.0,-74.0
1777889331.0083325,-1.0,-2.0,-71.0
1777889331.0183325,-1.0,-1.0,-77.0
1777889331.0283325,4.0,-3.0,-71.0
1777889331.0383325,2.0,-4.0,-71.0
1777889331.0483325,-3.0,-4.0,-76.0
1777889331.0583324,1.0,0.0,-75.0
1777889331.0683324,2.0,-1.0,-77.0
1777889331.0783324,3.0,-5.0,-68.0
1777889331.0883324,2.0,-6.0,-67.0
1777889331.0983324,6.0,-7.0,-67.0
1777889331.1083324,5.0,-6.0,-72.0
1777889331.1183324,1.0,-4.0,-72.0
1777889331.1283324,0.0,-4.0,-69.0
1777889331.1383324,1.0,-5.0,-67.0
1777889331.1483324,3.0,0.0,-73.0
1777889331.1583323,3.0,2.0,-76.0
1777889331.1683323,2.0,0.0,-67.0
1777889331.1783323,0.0,2.0,-69.0
1777889331.1883323,-2.0,-1.0,-81.0
1777889331.1983323,5.0,-5.0,-82.0
1777889331.2083323,5.0,-5.0,-77.0
1777889331.2183323,5.0,-4.0,-74.0
1777889331.2283323,3.0,-5.0,-72.0
1777889331.2383325,0.0,-1.0,-83.0
1777889331.2483325,-1.0,1.0,-83.0
1777889331.2583325,-1.0,5.0,-76.0
1777889331.2683325,-1.0,4.0,-81.0
1777889331.2783325,-4.0,3.0,-81.0
1777889331.2883325,-5.0,0.0,-81.0
1777889331.2983325,-6.0,-5.0,-76.0
1777889331.3083324,-1.0,-9.0,-68.0
1777889331.3183324,2.0,-6.0,-71.0
1777889331.3283324,5.0,-4.0,-68.0
1777889331.3383324,7.0,-3.0,-65.0
1777889331.3483324,7.0,-2.0,-61.0
1777889331.3583324,5.0,2.0,-69.0
1777889331.3683324,4.0,3.0,-76.0
1777889331.3783324,8.0,1.0,-81.0
1777889331.3883324,6.0,-3.0,-79.0
1777889331.3983324,8.0,-3.0,-82.0
1777889331.4083323,9.0,-2.0,-84.0
1777889331.4183323,6.0,0.0,-88.0
1777889331.4283323,4.0,0.0,-85.0
1777889331.4383323,0.0,0.0,-86.0
1777889331.4483323,0.0,-1.0,-89.0
1777889331.4583323,2.0,0.0,-80.0
1777889331.4683323,3.0,2.0,-80.0
1777889331.4783323,5.0,-1.0,-74.0
1777889331.4883325,6.0,-6.0,-66.0
1777889331.4983325,10.0,-4.0,-72.0
1777889331.5083325,7.0,-4.0,-75.0
1777889331.5183325,10.0,-6.0,-74.0
1777889331.5283325,7.0,-5.0,-70.0
1777889331.5383325,6.0,-3.0,-78.0
1777889331.5483325,3.0,-3.0,-72.0
1777889331.5583324,2.0,-4.0,-72.0
1777889331.5683324,6.0,-5.0,-68.0
1777889331.5783324,4.0,-7.0,-65.0
1777889331.5883324,8.0,-4.0,-68.0
1777889331.5983324,5.0,-2.0,-73.0
1777889331.6083324,0.0,0.0,-70.0
1777889331.6183324,6.0,-1.0,-71.0
1777889331.6283324,4.0,-3.0,-70.0
1777889331.6383324,4.0,-6.0,-69.0
1777889331.6483324,1.0,-6.0,-74.0
1777889331.6583323,2.0,-10.0,-83.0
1777889331.6683323,1.0,-11.0,-83.0
1777889331.6783323,-2.0,-11.0,-78.0
1777889331.6883323,-1.0,-10.0,-81.0
1777889331.6983323,-3.0,-7.0,-79.0
1777889331.7083323,-4.0,-3.0,-79.0
1777889331.7183323,-1.0,-3.0,-83.0
1777889331.7283323,-4.0,0.0,-91.0
1777889331.7383325,-3.0,3.0,-88.0
1777889331.7483325,-3.0,0.0,-81.0
1777889331.7583325,-2.0,0.0,-79.0
1777889331.7683325,-3.0,0.0,-80.0
1777889331.7783325,0.0,0.0,-82.0
1777889331.7883325,-5.0,-1.0,-78.0
1777889331.7983325,-5.0,-2.0,-77.0
1777889331.8083324,-1.0,0.0,-75.0
1777889331.8183324,2.0,1.0,-76.0
1777889331.8283324,0.0,-1.0,-66.0
1777889331.8383324,-2.0,-1.0,-63.0
1777889331.8483324,-4.0,1.0,-67.0
1777889331.8583324,-7.0,-1.0,-69.0
1777889331.8683324,-2.0,-3.0,-76.0
1777889331.8783324,0.0,1.0,-76.0
1777889331.8883324,-3.0,3.0,-83.0
1777889331.8983324,-2.0,6.0,-74.0
1777889331.9083323,0.0,4.0,-69.0
1777889331.9183323,4.0,2.0,-71.0
1777889331.9283323,3.0,-2.0,-68.0
1777889331.9383323,7.0,-4.0,-69.0
1777889331.9483323,8.0,-3.0,-74.0
1777889331.9583323,6.0,0.0,-70.0
1777889331.9683323,6.0,-4.0,-72.0
1777889331.9783323,4.0,0.0,-72.0
1777889331.9883325,7.0,0.0,-76.0
1777889331.9983325,5.0,0.0,-72.0
1777889332.0083325,1.0,1.0,-70.0
1777889332.0183325,-3.0,-1.0,-75.0
1777889332.0283325,-1.0,0.0,-74.0
1777889332.0383325,3.0,0.0,-73.0
1777889332.0483325,4.0,-3.0,-71.0
1777889332.0593324,1.0,-4.0,-72.0
1777889332.0693324,2.0,-5.0,-75.0
1777889332.0793324,-1.0,-2.0,-75.0
1777889332.0893323,1.0,0.0,-76.0
1777889332.0993323,3.0,0.0,-75.0
1777889332.1093323,2.0,0.0,-67.0
1777889332.1193323,7.0,0.0,-72.0
1777889332.1293323,10.0,0.0,-73.0
1777889332.1393323,5.0,-1.0,-78.0
1777889332.1493323,6.0,-2.0,-81.0
1777889332.1593325,3.0,0.0,-86.0
1777889332.1693325,-1.0,-1.0,-91.0
1777889332.1793325,-7.0,2.0,-88.0
1777889332.1893325,-4.0,1.0,-83.0
1777889332.1993325,-4.0,-2.0,-93.0
1777889332.2093325,-6.0,0.0,-95.0
1777889332.2193325,-2.0,1.0,-88.0
1777889332.2293324,0.0,5.0,-92.0
1777889332.2393324,-4.0,6.0,-90.0
1777889332.2493324,-2.0,6.0,-80.0
1777889332.2593324,-7.0,7.0,-75.0
1777889332.2693324,-6.0,6.0,-74.0
1777889332.2793324,-5.0,4.0,-79.0
1777889332.2893324,-8.0,6.0,-81.0
1777889332.2993324,-5.0,9.0,-80.0
1777889332.3093324,-5.0,2.0,-80.0
1777889332.3193324,-6.0,0.0,-74.0
1777889332.3293324,-4.0,2.0,-79.0
1777889332.3393323,-1.0,4.0,-81.0
1777889332.3493323,1.0,4.0,-83.0
1777889332.3593323,0.0,3.0,-84.0
1777889332.3693323,4.0,4.0,-80.0
1777889332.3793323,6.0,6.0,-75.0
1777889332.3893323,5.0,3.0,-76.0
1777889332.3993323,11.0,1.0,-74.0
1777889332.4093325,9.0,3.0,-73.0
1777889332.4193325,3.0,3.0,-79.0
1777889332.4293325,3.0,0.0,-79.0
1777889332.4393325,4.0,-3.0,-81.0
1777889332.4493325,3.0,-3.0,-75.0
1777889332.4593325,1.0,1.0,-76.0
1777889332.4693325,0.0,3.0,-73.0
1777889332.4793324,1.0,4.0,-74.0
1777889332.4893324,0.0,1.0,-72.0
1777889332.4993324,4.0,0.0,-75.0
1777889332.5093324,5.0,0.0,-80.0
1777889332.5193324,3.0,0.0,-81.0
1777889332.5293324,6.0,0.0,-79.0
1777889332.5393324,7.0,-2.0,-81.0
1777889332.5493324,5.0,-3.0,-81.0
1777889332.5593324,6.0,-4.0,-76.0
1777889332.5693324,4.0,-3.0,-70.0
1777889332.5793324,6.0,-6.0,-71.0
1777889332.5893323,2.0,-9.0,-79.0
1777889332.5993323,0.0,-5.0,-75.0
1777889332.6093323,-3.0,-2.0,-71.0
1777889332.6193323,0.0,0.0,-78.0
1777889332.6293323,3.0,1.0,-77.0
1777889332.6393323,4.0,0.0,-76.0
1777889332.6493323,6.0,2.0,-77.0
1777889332.6593325,3.0,3.0,-71.0
1777889332.6693325,4.0,6.0,-71.0
1777889332.6793325,0.0,2.0,-65.0
1777889332.6893325,0.0,1.0,-60.0
1777889332.6993325,0.0,0.0,-63.0
1777889332.7093325,0.0,0.0,-68.0
1777889332.7193325,0.0,0.0,-68.0
1777889332.7293324,0.0,1.0,-70.0
1777889332.7393324,2.0,3.0,-71.0
1777889332.7493324,1.0,0.0,-68.0
1777889332.7593324,3.0,0.0,-66.0
1777889332.7693324,2.0,0.0,-76.0
1777889332.7793324,0.0,-2.0,-72.0
1777889332.7893324,-1.0,0.0,-74.0
1777889332.7993324,-4.0,-2.0,-76.0
1777889332.8093324,-9.0,-3.0,-77.0
1777889332.8193324,-7.0,-2.0,-73.0
1777889332.8293324,-9.0,-4.0,-72.0
1777889332.8393323,-5.0,0.0,-73.0
1777889332.8493323,-3.0,5.0,-81.0
1777889332.8593323,0.0,6.0,-78.0
1777889332.8693323,-2.0,5.0,-82.0
1777889332.8793323,0.0,2.0,-83.0
1777889332.8893323,1.0,-3.0,-82.0
1777889332.8993323,1.0,-4.0,-82.0
1777889332.9093325,-1.0,-2.0,-84.0
1777889332.9193325,2.0,-6.0,-84.0
1777889332.9293325,4.0,-1.0,-84.0
1777889332.9393325,3.0,0.0,-83.0
1777889332.9493325,7.0,0.0,-78.0
1777889332.9593325,8.0,1.0,-85.0
1777889332.9693325,5.0,4.0,-82.0
1777889332.9793324,1.0,1.0,-81.0
1777889332.9893324,-2.0,-2.0,-80.0
1777889332.9993324,-3.0,-1.0,-75.0
1777889333.0093324,0.0,-4.0,-66.0
1777889333.0193324,1.0,-2.0,-70.0
1777889333.0293324,0.0,-3.0,-70.0
1777889333.0393324,0.0,-5.0,-75.0
1777889333.0493324,4.0,-4.0,-73.0
1777889333.0593324,6.0,-6.0,-73.0
1777889333.0693324,4.0,-6.0,-83.0
1777889333.0793324,4.0,-3.0,-79.0
1777889333.0893323,0.0,-5.0,-74.0
1777889333.0993323,-1.0,0.0,-69.0
1777889333.1093323,1.0,1.0,-74.0
1777889333.1193323,1.0,-2.0,-80.0
1777889333.1293323,4.0,-7.0,-77.0
1777889333.1393323,9.0,-4.0,-77.0
1777889333.1493323,8.0,0.0,-84.0
1777889333.1593325,8.0,1.0,-84.0
1777889333.1693325,4.0,-2.0,-78.0
1777889333.1793325,4.0,-2.0,-77.0
1777889333.1893325,5.0,-4.0,-78.0
1777889333.1993325,6.0,-1.0,-77.0
1777889333.2093325,5.0,-1.0,-73.0
1777889333.2193325,4.0,-2.0,-76.0
1777889333.2293324,4.0,-1.0,-76.0
1777889333.2393324,11.0,0.0,-71.0
1777889333.2493324,6.0,1.0,-73.0
1777889333.2593324,8.0,1.0,-69.0
1777889333.2693324,13.0,3.0,-66.0
1777889333.2793324,8.0,1.0,-69.0
1777889333.2893324,6.0,2.0,-68.0
1777889333.2993324,4.0,3.0,-74.0
1777889333.3093324,3.0,5.0,-74.0
1777889333.3193324,1.0,9.0,-76.0
1777889333.3293324,3.0,6.0,-85.0
1777889333.3393323,2.0,3.0,-91.0
1777889333.3493323,2.0,-1.0,-95.0
1777889333.3593323,5.0,0.0,-89.0
1777889333.3693323,4.0,0.0,-92.0
1777889333.3793323,5.0,-3.0,-90.0
1777889333.3893323,6.0,-3.0,-86.0
1777889333.3993323,2.0,-7.0,-79.0
1777889333.4093325,1.0,-5.0,-77.0
1777889333.4193325,7.0,-6.0,-83.0
1777889333.4293325,6.0,-7.0,-83.0
1777889333.4393325,6.0,-4.0,-86.0
1777889333.4493325,3.0,-2.0,-78.0
1777889333.4593325,4.0,0.0,-81.0
1777889333.4693325,1.0,0.0,-78.0
1777889333.4793324,-2.0,0.0,-76.0
1777889333.4893324,0.0,0.0,-72.0
1777889333.4993324,1.0,0.0,-72.0
1777889333.5093324,2.0,-1.0,-75.0
1777889333.5193324,2.0,-2.0,-70.0
1777889333.5293324,0.0,-1.0,-68.0
1777889333.5393324,7.0,-1.0,-73.0
1777889333.5493324,6.0,-2.0,-69.0
1777889333.5593324,7.0,-1.0,-74.0
1777889333.5693324,5.0,-1.0,-81.0
1777889333.5793324,0.0,-2.0,-80.0
1777889333.5893323,-1.0,-5.0,-86.0
1777889333.5993323,-2.0,-3.0,-79.0
1777889333.6093323,0.0,-6.0,-80.0
1777889333.6193323,1.0,-11.0,-75.0
1777889333.6293323,2.0,-8.0,-74.0
1777889333.6393323,1.0,-8.0,-74.0
1777889333.6493323,2.0,-11.0,-77.0
1777889333.6593325,3.0,-11.0,-82.0
1777889333.6693325,5.0,-13.0,-82.0
1777889333.6793325,5.0,-9.0,-73.0
1777889333.6893325,9.0,-4.0,-74.0
1777889333.6993325,3.0,-9.0,-73.0
1777889333.7093325,1.0,-4.0,-74.0
1777889333.7193325,2.0,-4.0,-69.0
1777889333.7293324,0.0,-3.0,-70.0
1777889333.7393324,4.0,-1.0,-66.0
1777889333.7493324,7.0,1.0,-69.0
1777889333.7593324,5.0,2.0,-66.0
1777889333.7693324,3.0,4.0,-69.0
1777889333.7793324,0.0,5.0,-73.0
1777889333.7893324,0.0,5.0,-75.0
1777889333.7993324,-3.0,2.0,-72.0
1777889333.8093324,3.0,1.0,-70.0
1777889333.8193324,2.0,1.0,-74.0
1777889333.8293324,5.0,1.0,-68.0
1777889333.8393323,5.0,3.0,-68.0
1777889333.8493323,1.0,1.0,-66.0
1777889333.8593323,1.0,-2.0,-68.0
1777889333.8693323,-3.0,-8.0,-70.0
1777889333.8793323,-2.0,-7.0,-62.0
1777889333.8893323,0.0,-6.0,-63.0
1777889333.8993323,2.0,-8.0,-74.0
1777889333.9093325,1.0,-7.0,-75.0
1777889333.9193325,3.0,-5.0,-72.0
1777889333.9293325,7.0,-1.0,-75.0
1777889333.9393325,5.0,1.0,-78.0
1777889333.9493325,4.0,-1.0,-87.0
1777889333.9593325,3.0,-3.0,-84.0
1777889333.9693325,4.0,-6.0,-80.0
1777889333.9793324,3.0,-1.0,-81.0
1777889333.9893324,0.0,-1.0,-80.0
1777889333.9993324,0.0,-2.0,-78.0
1777889334.0093324,-2.0,0.0,-76.0
1777889334.0193324,4.0,0.0,-72.0
1777889334.0293324,2.0,2.0,-74.0
1777889334.0393324,1.0,2.0,-77.0
1777889334.0493324,2.0,2.0,-82.0
1777889334.0603323,2.0,1.0,-82.0
1777889334.0703323,-2.0,1.0,-84.0
1777889334.0803325,0.0,0.0,-81.0
1777889334.0903325,6.0,-2.0,-77.0
1777889334.1003325,5.0,2.0,-82.0
1777889334.1103325,7.0,1.0,-78.0
1777889334.1203325,8.0,-2.0,-74.0
1777889334.1303325,5.0,-4.0,-68.0
1777889334.1403325,5.0,-4.0,-69.0
1777889334.1503325,11.0,-4.0,-66.0
1777889334.1603324,11.0,-3.0,-73.0
1777889334.1703324,10.0,-1.0,-80.0
1777889334.1803324,5.0,2.0,-80.0
1777889334.1903324,3.0,0.0,-88.0
1777889334.2003324,-1.0,0.0,-83.0
1777889334.2103324,-3.0,-2.0,-76.0
1777889334.2203324,-3.0,-2.0,-70.0
1777889334.2303324,-2.0,-1.0,-72.0
1777889334.2403324,-7.0,-2.0,-76.0
1777889334.2503324,1.0,0.0,-79.0
1777889334.2603323,3.0,0.0,-79.0
1777889334.2703323,0.0,2.0,-73.0
1777889334.2803323,1.0,0.0,-71.0
1777889334.2903323,-2.0,-2.0,-73.0
1777889334.3003323,-1.0,0.0,-74.0
1777889334.3103323,0.0,-1.0,-68.0
1777889334.3203323,0.0,-7.0,-75.0
1777889334.3303325,-1.0,-7.0,-72.0
1777889334.3403325,-4.0,-6.0,-74.0
1777889334.3503325,-3.0,-6.0,-75.0
1777889334.3603325,-3.0,-7.0,-74.0
1777889334.3703325,0.0,-3.0,-77.0
1777889334.3803325,2.0,-2.0,-78.0
1777889334.3903325,1.0,-3.0,-76.0
1777889334.4003325,0.0,-7.0,-72.0
1777889334.4103324,-3.0,-7.0,-68.0
1777889334.4203324,0.0,-4.0,-65.0
1777889334.4303324,0.0,1.0,-63.0
1777889334.4403324,0.0,1.0,-61.0
1777889334.4503324,-2.0,1.0,-65.0
1777889334.4603324,0.0,-3.0,-68.0
1777889334.4703324,-1.0,-2.0,-69.0
1777889334.4803324,0.0,-7.0,-72.0
1777889334.4903324,0.0,-3.0,-70.0
1777889334.5003324,1.0,0.0,-75.0
1777889334.5103323,-2.0,2.0,-78.0
1777889334.5203323,1.0,1.0,-75.0
1777889334.5303323,2.0,1.0,-73.0
1777889334.5403323,3.0,2.0,-78.0
1777889334.5503323,4.0,0.0,-81.0
1777889334.5603323,-1.0,0.0,-80.0
1777889334.5703323,0.0,-1.0,-76.0
1777889334.5803325,-2.0,-3.0,-81.0
1777889334.5903325,-3.0,-4.0,-82.0
1777889334.6003325,-5.0,-7.0,-72.0
1777889334.6103325,-1.0,-3.0,-71.0
1777889334.6203325,-3.0,-3.0,-75.0
1777889334.6303325,2.0,-4.0,-75.0
1777889334.6403325,3.0,-2.0,-74.0
1777889334.6503325,2.0,0.0,-76.0
1777889334.6603324,-2.0,2.0,-71.0
1777889334.6703324,-2.0,4.0,-65.0
1777889334.6803324,-5.0,6.0,-70.0
1777889334.6903324,-4.0,6.0,-73.0
1777889334.7003324,-1.0,3.0,-68.0
1777889334.7103324,3.0,-2.0,-71.0
1777889334.7203324,2.0,-4.0,-69.0
1777889334.7303324,7.0,-5.0,-73.0
1777889334.7403324,7.0,-1.0,-77.0
1777889334.7503324,7.0,-2.0,-77.0
1777889334.7603323,4.0,-6.0,-78.0
1777889334.7703323,3.0,-6.0,-79.0
1777889334.7803323,7.0,-5.0,-80.0
1777889334.7903323,9.0,-7.0,-70.0
1777889334.8003323,10.0,-5.0,-67.0
1777889334.8103323,8.0,-4.0,-67.0
1777889334.8203323,4.0,-3.0,-73.0
1777889334.8303325,4.0,-2.0,-70.0
1777889334.8403325,0.0,-1.0,-72.0
1777889334.8503325,0.0,-2.0,-70.0
1777889334.8603325,-2.0,0.0,-71.0
1777889334.8703325,1.0,0.0,-68.0
1777889334.8803325,4.0,-2.0,-75.0
1777889334.8903325,2.0,-9.0,-74.0
1777889334.9003325,-3.0,-8.0,-72.0
1777889334.9103324,-2.0,-2.0,-78.0
1777889334.9203324,-4.0,-3.0,-76.0
1777889334.9303324,-2.0,-6.0,-80.0
1777889334.9403324,-2.0,-5.0,-84.0
1777889334.9503324,-1.0,-3.0,-82.0
1777889334.9603324,-3.0,-3.0,-83.0
1777889334.9703324,-1.0,-3.0,-84.0
1777889334.9803324,0.0,-3.0,-79.0
1777889334.9903324,-5.0,-6.0,-86.0
1777889335.0003324,-2.0,-5.0,-82.0
1777889335.0103323,-2.0,-2.0,-75.0
1777889335.0203323,-2.0,-1.0,-73.0
1777889335.0303323,-3.0,0.0,-75.0
1777889335.0403323,-5.0,-1.0,-70.0
1777889335.0503323,-3.0,-2.0,-72.0
1777889335.0603323,0.0,2.0,-73.0
1777889335.0703323,0.0,3.0,-73.0
1777889335.0803325,2.0,7.0,-70.0
1777889335.0903325,6.0,0.0,-70.0
1777889335.1003325,5.0,0.0,-77.0
1777889335.1103325,2.0,-1.0,-81.0
1777889335.1203325,1.0,-4.0,-73.0
1777889335.1303325,1.0,0.0,-70.0
1777889335.1403325,1.0,2.0,-81.0
1777889335.1503325,5.0,1.0,-78.0
1777889335.1603324,6.0,1.0,-75.0
1777889335.1703324,6.0,-2.0,-82.0
1777889335.1803324,4.0,-2.0,-85.0
1777889335.1903324,6.0,-1.0,-90.0
1777889335.2003324,5.0,0.0,-88.0
1777889335.2103324,8.0,0.0,-84.0
1777889335.2203324,4.0,-3.0,-78.0
1777889335.2303324,2.0,-5.0,-79.0
1777889335.2403324,1.0,-6.0,-80.0
1777889335.2503324,3.0,-6.0,-76.0
1777889335.2603323,6.0,-3.0,-69.0
1777889335.2703323,5.0,-3.0,-62.0
1777889335.2803323,3.0,1.0,-68.0
1777889335.2903323,4.0,0.0,-73.0
1777889335.3003323,4.0,0.0,-79.0
1777889335.3103323,7.0,0.0,-83.0
1777889335.3203323,2.0,-2.0,-85.0
1777889335.3303325,5.0,0.0,-87.0
1777889335.3403325,6.0,0.0,-86.0
1777889335.3503325,5.0,-1.0,-75.0
1777889335.3603325,8.0,-4.0,-66.0
1777889335.3703325,7.0,-3.0,-69.0
1777889335.3803325,4.0,0.0,-68.0
1777889335.3903325,3.0,1.0,-69.0
1777889335.4003325,0.0,1.0,-64.0
1777889335.4103324,0.0,0.0,-67.0
1777889335.4203324,-4.0,3.0,-74.0
1777889335.4303324,-1.0,2.0,-71.0
1777889335.4403324,-3.0,1.0,-74.0
1777889335.4503324,-3.0,2.0,-78.0
1777889335.4603324,-3.0,6.0,-84.0
1777889335.4703324,-2.0,1.0,-81.0
1777889335.4803324,-1.0,-3.0,-73.0
1777889335.4903324,-2.0,-7.0,-75.0
1777889335.5003324,2.0,-2.0,-75.0
1777889335.5103323,2.0,-1.0,-80.0
1777889335.5203323,3.0,0.0,-81.0
1777889335.5303323,1.0,0.0,-84.0
1777889335.5403323,5.0,0.0,-86.0
1777889335.5503323,5.0,-4.0,-83.0
1777889335.5603323,4.0,-3.0,-83.0
1777889335.5703323,6.0,-2.0,-78.0
1777889335.5803325,6.0,-2.0,-78.0
1777889335.5903325,7.0,-2.0,-73.0
1777889335.6003325,4.0,-1.0,-71.0
1777889335.6103325,5.0,0.0,-69.0
1777889335.6203325,8.0,0.0,-71.0
1777889335.6303325,6.0,0.0,-72.0
1777889335.6403325,5.0,0.0,-69.0
1777889335.6503325,4.0,-4.0,-77.0
1777889335.6603324,5.0,-2.0,-82.0
1777889335.6703324,3.0,0.0,-83.0
1777889335.6803324,1.0,0.0,-82.0
1777889335.6903324,0.0,1.0,-81.0
1777889335.7003324,0.0,0.0,-75.0
1777889335.7103324,2.0,-5.0,-74.0
1777889335.7203324,-1.0,-3.0,-73.0
1777889335.7303324,-5.0,-4.0,-75.0
1777889335.7403324,-1.0,-5.0,-79.0
1777889335.7503324,-2.0,-3.0,-77.0
1777889335.7603323,-7.0,0.0,-79.0
1777889335.7703323,-5.0,2.0,-82.0
1777889335.7803323,-4.0,2.0,-78.0
1777889335.7903323,-3.0,0.0,-71.0
1777889335.8003323,-2.0,-1.0,-72.0
1777889335.8103323,-1.0,0.0,-77.0
1777889335.8203323,0.0,0.0,-80.0
1777889335.8303325,0.0,2.0,-78.0
1777889335.8403325,-2.0,5.0,-80.0
1777889335.8503325,-2.0,3.0,-79.0
1777889335.8603325,-3.0,0.0,-77.0
1777889335.8703325,0.0,-4.0,-80.0
1777889335.8803325,3.0,-3.0,-81.0
1777889335.8903325,-3.0,-6.0,-76.0
1777889335.9003325,-2.0,-4.0,-70.0
1777889335.9103324,-3.0,-3.0,-72.0
1777889335.9203324,0.0,-7.0,-74.0
1777889335.9303324,1.0,-5.0,-71.0
1777889335.9403324,1.0,0.0,-74.0
1777889335.9503324,2.0,0.0,-73.0
1777889335.9603324,0.0,-2.0,-80.0
1777889335.9703324,0.0,-3.0,-85.0
1777889335.9803324,-6.0,0.0,-88.0
1777889335.9903324,-2.0,0.0,-86.0
1777889336.0003324,1.0,0.0,-88.0
1777889336.0113325,5.0,-1.0,-86.0
1777889336.0203323,3.0,-5.0,-84.0
1777889336.0313325,4.0,-4.0,-86.0
1777889336.0413325,5.0,-7.0,-83.0
1777889336.0513325,0.0,-4.0,-82.0
1777889336.0603323,-2.0,-5.0,-83.0
1777889336.0713325,0.0,-3.0,-77.0
1777889336.0813324,0.0,-4.0,-77.0
1777889336.0913324,-1.0,-7.0,-74.0
1777889336.1013324,2.0,-3.0,-73.0
1777889336.1113324,0.0,-2.0,-71.0
1777889336.1213324,-2.0,-1.0,-78.0
1777889336.1313324,1.0,-4.0,-76.0
1777889336.1413324,-2.0,-3.0,-76.0
1777889336.1513324,-2.0,-2.0,-86.0
1777889336.1613324,3.0,0.0,-81.0
1777889336.1713324,0.0,2.0,-81.0
1777889336.1813323,0.0,4.0,-77.0
1777889336.1913323,0.0,5.0,-71.0
1777889336.2013323,0.0,5.0,-70.0
1777889336.2113323,0.0,-1.0,-71.0
1777889336.2213323,5.0,-3.0,-77.0
1777889336.2313323,5.0,-5.0,-83.0
1777889336.2413323,1.0,-1.0,-82.0
1777889336.2513323,0.0,-5.0,-78.0
1777889336.2613325,-3.0,-4.0,-76.0
1777889336.2713325,-4.0,-3.0,-81.0
1777889336.2813325,-2.0,0.0,-77.0
1777889336.2913325,2.0,-5.0,-70.0
1777889336.3013325,0.0,-3.0,-69.0
1777889336.3113325,-1.0,-6.0,-71.0
1777889336.3213325,-2.0,-3.0,-74.0
1777889336.3313324,0.0,2.0,-78.0
1777889336.3413324,0.0,2.0,-79.0
1777889336.3513324,0.0,-1.0,-76.0
1777889336.3613324,-2.0,-1.0,-78.0
1777889336.3713324,0.0,-6.0,-72.0
1777889336.3813324,0.0,-8.0,-68.0
1777889336.3913324,1.0,-7.0,-70.0
1777889336.4013324,6.0,-4.0,-68.0
1777889336.4113324,9.0,-6.0,-63.0
1777889336.4213324,8.0,-5.0,-62.0
1777889336.4313323,7.0,-4.0,-61.0
1777889336.4413323,5.0,-8.0,-55.0
1777889336.4513323,5.0,-7.0,-54.0
1777889336.4613323,8.0,-4.0,-50.0
1777889336.4713323,9.0,0.0,-52.0
1777889336.4813323,7.0,-2.0,-57.0
1777889336.4913323,7.0,-3.0,-66.0
1777889336.5013323,8.0,-5.0,-75.0
1777889336.5113325,8.0,-6.0,-77.0
1777889336.5213325,5.0,-5.0,-79.0
1777889336.5313325,4.0,-3.0,-76.0
1777889336.5413325,4.0,-1.0,-74.0
1777889336.5513325,2.0,0.0,-76.0
1777889336.5613325,2.0,0.0,-73.0
1777889336.5713325,5.0,0.0,-65.0
1777889336.5813324,3.0,1.0,-64.0
1777889336.5913324,1.0,-4.0,-62.0
1777889336.6013324,-1.0,-4.0,-69.0
1777889336.6113324,0.0,-1.0,-73.0
1777889336.6213324,1.0,-1.0,-76.0
1777889336.6313324,1.0,-4.0,-71.0
1777889336.6413324,1.0,-4.0,-69.0
1777889336.6513324,-2.0,-3.0,-69.0
1777889336.6613324,-3.0,-1.0,-64.0
1777889336.6713324,1.0,0.0,-64.0
1777889336.6813323,5.0,-6.0,-69.0
1777889336.6913323,6.0,-9.0,-72.0
1777889336.7013323,3.0,-10.0,-69.0
1777889336.7113323,1.0,-7.0,-66.0
1777889336.7213323,3.0,-2.0,-76.0
1777889336.7313323,6.0,0.0,-77.0
1777889336.7413323,2.0,1.0,-84.0
1777889336.7513323,0.0,0.0,-82.0
1777889336.7613325,-4.0,-4.0,-75.0
1777889336.7713325,-4.0,-3.0,-77.0
1777889336.7813325,2.0,1.0,-74.0
1777889336.7913325,0.0,-1.0,-71.0
1777889336.8013325,-1.0,-3.0,-65.0
1777889336.8113325,-7.0,-4.0,-62.0
1777889336.8213325,-2.0,-3.0,-67.0
1777889336.8313324,0.0,0.0,-70.0
1777889336.8413324,0.0,2.0,-66.0
1777889336.8513324,5.0,3.0,-65.0
1777889336.8613324,3.0,2.0,-69.0
1777889336.8713324,0.0,0.0,-66.0
1777889336.8813324,-1.0,-1.0,-66.0
1777889336.8913324,0.0,-4.0,-69.0
1777889336.9013324,-1.0,-5.0,-76.0
1777889336.9113324,0.0,-6.0,-76.0
1777889336.9213324,-3.0,-6.0,-64.0
1777889336.9313323,0.0,-4.0,-64.0
1777889336.9413323,1.0,0.0,-70.0
1777889336.9513323,2.0,-4.0,-70.0
1777889336.9613323,4.0,-5.0,-67.0
1777889336.9713323,6.0,-2.0,-66.0
1777889336.9813323,0.0,-1.0,-66.0
1777889336.9913323,-1.0,2.0,-68.0
1777889337.0013323,-3.0,2.0,-67.0
1777889337.0113325,-6.0,3.0,-68.0
1777889337.0213325,-4.0,5.0,-68.0
1777889337.0313325,-6.0,6.0,-73.0
1777889337.0413325,-9.0,5.0,-69.0
1777889337.0513325,-7.0,1.0,-66.0
1777889337.0613325,-4.0,0.0,-68.0
1777889337.0713325,-2.0,2.0,-72.0
1777889337.0813324,-2.0,6.0,-69.0
1777889337.0913324,-4.0,1.0,-69.0
1777889337.1013324,0.0,-1.0,-75.0
1777889337.1113324,-3.0,-2.0,-74.0
1777889337.1213324,3.0,-2.0,-76.0
1777889337.1313324,4.0,-1.0,-74.0
1777889337.1413324,2.0,-2.0,-77.0
1777889337.1513324,5.0,-4.0,-78.0
1777889337.1613324,6.0,-5.0,-79.0
1777889337.1713324,7.0,-6.0,-73.0
1777889337.1813323,7.0,-4.0,-73.0
1777889337.1913323,7.0,-3.0,-71.0
1777889337.2013323,3.0,-2.0,-73.0
1777889337.2113323,-3.0,-2.0,-72.0
1777889337.2213323,-6.0,-4.0,-76.0
1777889337.2313323,-4.0,-10.0,-79.0
1777889337.2413323,-4.0,-8.0,-73.0
1777889337.2513323,-4.0,-7.0,-70.0
1777889337.2613325,-2.0,-10.0,-70.0
1777889337.2713325,-1.0,-7.0,-67.0
1777889337.2813325,-1.0,-3.0,-72.0
1777889337.2913325,4.0,-4.0,-70.0
1777889337.3013325,3.0,-4.0,-69.0
1777889337.3113325,2.0,-2.0,-73.0
1777889337.3213325,2.0,-3.0,-69.0
1777889337.3313324,9.0,-8.0,-66.0
1777889337.3413324,11.0,-10.0,-70.0
1777889337.3513324,3.0,-11.0,-68.0
1777889337.3613324,-1.0,-10.0,-71.0
1777889337.3713324,0.0,-10.0,-73.0
1777889337.3813324,0.0,-12.0,-73.0
1777889337.3913324,3.0,-7.0,-79.0
1777889337.4013324,5.0,-7.0,-74.0
1777889337.4113324,3.0,-5.0,-68.0
1777889337.4213324,2.0,-3.0,-67.0
1777889337.4313323,1.0,-2.0,-75.0
1777889337.4413323,0.0,-1.0,-76.0
1777889337.4513323,-2.0,0.0,-72.0
1777889337.4613323,-4.0,-4.0,-70.0
1777889337.4713323,-1.0,-9.0,-73.0
1777889337.4813323,-5.0,-8.0,-71.0
1777889337.4913323,-3.0,-6.0,-72.0
1777889337.5013323,-2.0,-2.0,-71.0
1777889337.5113325,-2.0,0.0,-75.0
1777889337.5213325,-1.0,1.0,-68.0
1777889337.5313325,-2.0,-1.0,-70.0
1777889337.5413325,-2.0,2.0,-73.0
1777889337.5513325,-1.0,1.0,-74.0
1777889337.5613325,0.0,7.0,-63.0
1777889337.5713325,3.0,6.0,-63.0
1777889337.5813324,2.0,5.0,-64.0
1777889337.5913324,3.0,4.0,-65.0
1777889337.6013324,2.0,-1.0,-64.0
1777889337.6113324,-1.0,-1.0,-75.0
1777889337.6213324,1.0,-4.0,-79.0
1777889337.6313324,0.0,-2.0,-77.0
1777889337.6413324,0.0,0.0,-82.0
1777889337.6513324,2.0,-3.0,-81.0
1777889337.6613324,-2.0,0.0,-80.0
1777889337.6713324,-1.0,2.0,-80.0
1777889337.6813323,-1.0,3.0,-88.0
1777889337.6913323,0.0,2.0,-88.0
1777889337.7013323,2.0,0.0,-88.0
1777889337.7113323,2.0,-1.0,-86.0
1777889337.7213323,0.0,-5.0,-80.0
1777889337.7313323,0.0,-2.0,-76.0
1777889337.7413323,-1.0,-5.0,-70.0
1777889337.7513323,-1.0,-2.0,-71.0
1777889337.7613325,-3.0,1.0,-70.0
1777889337.7713325,0.0,0.0,-63.0
1777889337.7813325,2.0,-1.0,-69.0
1777889337.7913325,1.0,2.0,-70.0
1777889337.8013325,0.0,0.0,-70.0
1777889337.8113325,-2.0,3.0,-71.0
1777889337.8213325,-2.0,-1.0,-72.0
1777889337.8313324,-1.0,0.0,-72.0
1777889337.8413324,-2.0,0.0,-76.0
1777889337.8513324,-4.0,0.0,-79.0
1777889337.8613324,-5.0,0.0,-80.0
1777889337.8713324,-5.0,-2.0,-71.0
1777889337.8813324,-6.0,0.0,-73.0
1777889337.8913324,-4.0,0.0,-74.0
1777889337.9013324,0.0,0.0,-78.0
1777889337.9113324,4.0,1.0,-80.0
1777889337.9213324,4.0,2.0,-78.0
1777889337.9313323,2.0,3.0,-77.0
1777889337.9413323,-1.0,7.0,-79.0
1777889337.9513323,0.0,2.0,-80.0
1777889337.9613323,0.0,0.0,-77.0
1777889337.9713323,-2.0,-7.0,-83.0
1777889337.9813323,0.0,-7.0,-78.0
1777889337.9913323,-2.0,-3.0,-74.0
1777889338.0023324,2.0,-3.0,-80.0
1777889338.0113325,0.0,-2.0,-77.0
1777889338.0223324,9.0,-4.0,-74.0
1777889338.0323324,8.0,-2.0,-72.0
1777889338.0423324,7.0,-2.0,-74.0
1777889338.0513325,2.0,0.0,-71.0
1777889338.0623324,0.0,0.0,-72.0
1777889338.0723324,1.0,0.0,-67.0
1777889338.0823324,3.0,0.0,-63.0
1777889338.0923324,4.0,5.0,-59.0
1777889338.1023324,3.0,6.0,-62.0
1777889338.1123323,0.0,10.0,-66.0
1777889338.1223323,3.0,8.0,-66.0
1777889338.1323323,1.0,7.0,-77.0
1777889338.1423323,0.0,1.0,-77.0
1777889338.1523323,2.0,-2.0,-74.0
1777889338.1623323,5.0,-3.0,-71.0
1777889338.1723323,2.0,0.0,-73.0
1777889338.1823325,-2.0,2.0,-75.0
1777889338.1923325,1.0,0.0,-74.0
1777889338.2023325,3.0,0.0,-78.0
1777889338.2123325,0.0,-1.0,-76.0
1777889338.2223325,-3.0,0.0,-78.0
1777889338.2323325,-1.0,4.0,-82.0
1777889338.2423325,2.0,3.0,-83.0
1777889338.2523324,1.0,1.0,-81.0
1777889338.2623324,2.0,-1.0,-82.0
1777889338.2723324,0.0,1.0,-79.0
1777889338.2823324,3.0,-1.0,-77.0
1777889338.2923324,1.0,2.0,-75.0
1777889338.3023324,-1.0,1.0,-77.0
1777889338.3123324,-1.0,0.0,-77.0
1777889338.3223324,-1.0,-3.0,-81.0
1777889338.3323324,-3.0,-3.0,-83.0
1777889338.3423324,-5.0,-2.0,-82.0
1777889338.3523324,-2.0,-1.0,-80.0
1777889338.3623323,1.0,-2.0,-83.0
1777889338.3723323,3.0,-4.0,-82.0
1777889338.3823323,1.0,-10.0,-81.0
1777889338.3923323,1.0,-11.0,-80.0
1777889338.4023323,0.0,-6.0,-76.0
1777889338.4123323,-3.0,-4.0,-74.0
1777889338.4223323,-2.0,-2.0,-72.0
1777889338.4323325,-2.0,-4.0,-66.0
1777889338.4423325,0.0,-2.0,-70.0
1777889338.4523325,1.0,0.0,-62.0
1777889338.4623325,2.0,-2.0,-65.0
1777889338.4723325,0.0,-2.0,-60.0
1777889338.4823325,0.0,-1.0,-64.0
1777889338.4923325,0.0,-7.0,-60.0
1777889338.5023324,-3.0,-8.0,-62.0
1777889338.5123324,0.0,-9.0,-69.0
1777889338.5223324,1.0,-6.0,-68.0
1777889338.5323324,0.0,-1.0,-68.0
1777889338.5423324,0.0,0.0,-70.0
1777889338.5523324,-1.0,-1.0,-70.0
1777889338.5623324,-2.0,3.0,-70.0
1777889338.5723324,-2.0,3.0,-68.0
1777889338.5823324,1.0,0.0,-69.0
1777889338.5923324,2.0,3.0,-71.0
1777889338.6023324,-1.0,4.0,-75.0
1777889338.6123323,0.0,-1.0,-75.0
1777889338.6223323,-2.0,-3.0,-72.0
1777889338.6323323,0.0,-6.0,-77.0
1777889338.6423323,-2.0,-5.0,-78.0
1777889338.6523323,0.0,-2.0,-82.0
1777889338.6623323,1.0,-4.0,-82.0
1777889338.6723323,-2.0,-5.0,-88.0
1777889338.6823325,0.0,-7.0,-80.0
1777889338.6923325,-3.0,-7.0,-78.0
1777889338.7023325,-7.0,-5.0,-76.0
1777889338.7123325,-6.0,-8.0,-74.0
1777889338.7223325,-7.0,-12.0,-74.0
1777889338.7323325,-6.0,-9.0,-76.0
1777889338.7423325,-5.0,-6.0,-72.0
1777889338.7523324,-4.0,-5.0,-80.0
1777889338.7623324,0.0,-3.0,-78.0
1777889338.7723324,0.0,-3.0,-80.0
1777889338.7823324,3.0,-1.0,-81.0
1777889338.7923324,9.0,-1.0,-82.0
1777889338.8023324,13.0,-2.0,-82.0
1777889338.8123324,11.0,-4.0,-86.0
1777889338.8223324,13.0,-8.0,-81.0
1777889338.8323324,13.0,-10.0,-80.0
1777889338.8423324,8.0,-10.0,-81.0
1777889338.8523324,3.0,-9.0,-79.0
1777889338.8623323,-6.0,-7.0,-77.0
1777889338.8723323,-7.0,-6.0,-72.0
1777889338.8823323,-9.0,-7.0,-72.0
1777889338.8923323,-4.0,-4.0,-71.0
1777889338.9023323,-5.0,-5.0,-77.0
1777889338.9123323,-6.0,-8.0,-82.0
1777889338.9223323,0.0,-6.0,-85.0
1777889338.9323325,0.0,-5.0,-85.0
1777889338.9423325,4.0,-3.0,-77.0
1777889338.9523325,7.0,-4.0,-77.0
1777889338.9623325,9.0,-5.0,-78.0
1777889338.9723325,9.0,-3.0,-72.0
1777889338.9823325,10.0,-4.0,-71.0
1777889338.9923325,7.0,0.0,-77.0
1777889339.0023324,7.0,1.0,-75.0
1777889339.0123324,4.0,0.0,-73.0
1777889339.0223324,6.0,2.0,-74.0
1777889339.0323324,5.0,0.0,-72.0
1777889339.0423324,8.0,1.0,-74.0
1777889339.0523324,9.0,0.0,-76.0
1777889339.0623324,7.0,0.0,-70.0
1777889339.0723324,9.0,0.0,-72.0
1777889339.0823324,8.0,1.0,-75.0
1777889339.0923324,6.0,2.0,-79.0
1777889339.1023324,10.0,0.0,-77.0
1777889339.1123323,11.0,3.0,-79.0
1777889339.1223323,12.0,1.0,-89.0
1777889339.1323323,8.0,-1.0,-83.0
1777889339.1423323,6.0,-4.0,-86.0
1777889339.1523323,4.0,-2.0,-88.0
1777889339.1623323,2.0,-1.0,-88.0
1777889339.1723323,1.0,0.0,-85.0
1777889339.1823325,0.0,-2.0,-84.0
1777889339.1923325,-2.0,-3.0,-80.0
1777889339.2023325,2.0,-3.0,-76.0
1777889339.2123325,4.0,-2.0,-77.0
1777889339.2223325,4.0,-1.0,-76.0
1777889339.2323325,7.0,-6.0,-75.0
1777889339.2423325,3.0,-4.0,-77.0
1777889339.2523324,2.0,-5.0,-82.0
1777889339.2623324,1.0,-6.0,-79.0
1777889339.2723324,3.0,-3.0,-72.0
1777889339.2823324,1.0,-6.0,-73.0
1777889339.2923324,-3.0,-1.0,-78.0
1777889339.3023324,-7.0,-4.0,-74.0
1777889339.3123324,-5.0,-2.0,-73.0
1777889339.3223324,-3.0,0.0,-75.0
1777889339.3323324,-2.0,-3.0,-73.0
1777889339.3423324,-2.0,-2.0,-71.0
1777889339.3523324,0.0,0.0,-65.0
1777889339.3623323,1.0,2.0,-71.0
1777889339.3723323,1.0,-3.0,-78.0
1777889339.3823323,0.0,0.0,-77.0
1777889339.3923323,1.0,-2.0,-71.0
1777889339.4023323,0.0,0.0,-66.0
1777889339.4123323,2.0,0.0,-63.0
1777889339.4223323,2.0,0.0,-75.0
1777889339.4323325,-1.0,-3.0,-78.0
1777889339.4423325,0.0,-5.0,-78.0
1777889339.4523325,1.0,-4.0,-72.0
1777889339.4623325,-3.0,-2.0,-73.0
1777889339.4723325,0.0,-4.0,-72.0
1777889339.4823325,1.0,-2.0,-75.0
1777889339.4923325,0.0,-3.0,-74.0
1777889339.5023324,0.0,0.0,-79.0
1777889339.5123324,-2.0,-3.0,-82.0
1777889339.5223324,0.0,-3.0,-87.0
1777889339.5323324,3.0,-2.0,-89.0
1777889339.5423324,5.0,-1.0,-78.0
1777889339.5523324,5.0,0.0,-82.0
1777889339.5623324,5.0,-4.0,-86.0
1777889339.5723324,2.0,-8.0,-79.0
1777889339.5823324,0.0,-11.0,-75.0
1777889339.5923324,3.0,-9.0,-76.0
1777889339.6023324,3.0,-2.0,-75.0
1777889339.6123323,4.0,1.0,-81.0
1777889339.6223323,7.0,2.0,-78.0
1777889339.6323323,7.0,7.0,-74.0
1777889339.6423323,1.0,10.0,-74.0
1777889339.6523323,0.0,14.0,-82.0
1777889339.6623323,0.0,11.0,-86.0
1777889339.6723323,6.0,8.0,-78.0
1777889339.6823325,7.0,9.0,-75.0
1777889339.6923325,7.0,5.0,-69.0
1777889339.7023325,2.0,6.0,-70.0
1777889339.7123325,-2.0,4.0,-72.0
1777889339.7223325,-1.0,1.0,-69.0
1777889339.7323325,-6.0,-1.0,-64.0
1777889339.7423325,-4.0,0.0,-66.0
1777889339.7523324,-6.0,0.0,-70.0
1777889339.7623324,-7.0,-3.0,-71.0
1777889339.7723324,-8.0,-5.0,-71.0
1777889339.7823324,-9.0,-7.0,-70.0
1777889339.7923324,-7.0,-6.0,-65.0
1777889339.8023324,-7.0,-5.0,-62.0
1777889339.8123324,-7.0,-1.0,-64.0
1777889339.8223324,-5.0,0.0,-67.0
1777889339.8323324,-6.0,2.0,-74.0
1777889339.8423324,-4.0,1.0,-77.0
1777889339.8523324,-8.0,0.0,-79.0
1777889339.8623323,-3.0,6.0,-85.0
1777889339.8723323,-3.0,7.0,-78.0
1777889339.8823323,-2.0,6.0,-76.0
1777889339.8923323,-2.0,5.0,-76.0
1777889339.9023323,0.0,6.0,-73.0
1777889339.9123323,0.0,6.0,-71.0
1777889339.9223323,-1.0,4.0,-71.0
1777889339.9323325,0.0,6.0,-74.0
1777889339.9423325,1.0,3.0,-74.0
1777889339.9533324,7.0,3.0,-76.0
1777889339.9623325,5.0,3.0,-79.0
1777889339.9723325,4.0,1.0,-79.0
1777889339.9823325,4.0,-1.0,-77.0
1777889339.9923325,2.0,-2.0,-71.0
1777889340.0033324,3.0,-1.0,-73.0
1777889340.0133324,0.0,-8.0,-70.0
1777889340.0233324,1.0,-5.0,-74.0
1777889340.0333323,-3.0,-1.0,-77.0
1777889340.0423324,-6.0,0.0,-81.0
1777889340.0533323,-9.0,1.0,-76.0
1777889340.0633323,-5.0,5.0,-77.0
1777889340.0733323,-1.0,6.0,-81.0
1777889340.0833323,0.0,7.0,-81.0
1777889340.0933323,0.0,4.0,-80.0
1777889340.1033323,2.0,6.0,-80.0
1777889340.1133325,0.0,6.0,-85.0
1777889340.1233325,-1.0,5.0,-77.0
1777889340.1333325,1.0,2.0,-73.0
1777889340.1433325,2.0,2.0,-71.0
1777889340.1533325,0.0,2.0,-71.0
1777889340.1633325,0.0,0.0,-75.0
1777889340.1733325,3.0,0.0,-80.0
1777889340.1833324,3.0,-1.0,-82.0
1777889340.1933324,2.0,-4.0,-79.0
1777889340.2033324,-2.0,-1.0,-75.0
1777889340.2133324,-5.0,1.0,-74.0
1777889340.2233324,-6.0,-3.0,-77.0
1777889340.2333324,-5.0,-3.0,-79.0
1777889340.2433324,-4.0,-3.0,-83.0
1777889340.2533324,-1.0,-3.0,-79.0
1777889340.2633324,0.0,2.0,-79.0
1777889340.2733324,0.0,1.0,-71.0
1777889340.2833323,5.0,5.0,-73.0
1777889340.2933323,5.0,4.0,-77.0
1777889340.3033323,3.0,3.0,-77.0
1777889340.3133323,2.0,1.0,-79.0
1777889340.3233323,1.0,5.0,-79.0
1777889340.3333323,0.0,5.0,-79.0
1777889340.3433323,1.0,7.0,-76.0
1777889340.3533323,3.0,5.0,-78.0
1777889340.3633325,8.0,3.0,-74.0
1777889340.3733325,3.0,2.0,-71.0
1777889340.3833325,3.0,1.0,-68.0
1777889340.3933325,6.0,-1.0,-70.0
1777889340.4033325,8.0,-4.0,-78.0
1777889340.4133325,6.0,-3.0,-74.0
1777889340.4233325,2.0,-5.0,-78.0
1777889340.4333324,4.0,-3.0,-80.0
1777889340.4433324,5.0,-1.0,-76.0
1777889340.4533324,4.0,-1.0,-79.0
1777889340.4633324,0.0,-6.0,-82.0
1777889340.4733324,2.0,-2.0,-77.0
1777889340.4833324,2.0,-3.0,-80.0
1777889340.4933324,5.0,-5.0,-76.0
1777889340.5033324,3.0,-5.0,-68.0
1777889340.5133324,1.0,-2.0,-72.0
1777889340.5233324,2.0,0.0,-77.0
1777889340.5333323,2.0,-2.0,-81.0
1777889340.5433323,4.0,-5.0,-76.0
1777889340.5533323,3.0,-2.0,-76.0
1777889340.5633323,3.0,-1.0,-77.0
1777889340.5733323,1.0,-4.0,-73.0
1777889340.5833323,-1.0,0.0,-78.0
1777889340.5933323,-3.0,4.0,-70.0
1777889340.6033323,-6.0,0.0,-74.0
1777889340.6133325,-2.0,2.0,-72.0
1777889340.6233325,0.0,-2.0,-73.0
1777889340.6333325,1.0,-3.0,-71.0
1777889340.6433325,2.0,-4.0,-70.0
1777889340.6533325,7.0,-4.0,-70.0
1777889340.6633325,9.0,-1.0,-80.0
1777889340.6733325,6.0,0.0,-82.0
1777889340.6833324,6.0,4.0,-81.0
1777889340.6933324,6.0,6.0,-82.0
1777889340.7033324,6.0,1.0,-80.0
1777889340.7133324,3.0,2.0,-85.0
1777889340.7233324,3.0,0.0,-83.0
1777889340.7333324,1.0,-2.0,-85.0
1777889340.7433324,-2.0,-3.0,-86.0
1777889340.7533324,0.0,-7.0,-87.0
1777889340.7633324,2.0,-6.0,-90.0
1777889340.7733324,6.0,0.0,-91.0
1777889340.7833323,6.0,0.0,-89.0
1777889340.7933323,4.0,0.0,-81.0
1777889340.8033323,3.0,3.0,-76.0
1777889340.8133323,2.0,1.0,-73.0
1777889340.8233323,2.0,-1.0,-79.0
1777889340.8333323,1.0,-5.0,-86.0
1777889340.8433323,3.0,-2.0,-82.0
1777889340.8533323,4.0,0.0,-84.0
1777889340.8633325,0.0,2.0,-86.0
1777889340.8733325,-2.0,2.0,-84.0
1777889340.8833325,-2.0,2.0,-81.0
1777889340.8933325,-4.0,-1.0,-79.0
1777889340.9033325,-1.0,-2.0,-67.0
1777889340.9133325,0.0,1.0,-64.0
1777889340.9233325,0.0,3.0,-65.0
1777889340.9333324,3.0,3.0,-70.0
1777889340.9433324,1.0,0.0,-70.0
1777889340.9533324,6.0,2.0,-68.0
1777889340.9633324,2.0,3.0,-65.0
1777889340.9733324,2.0,-1.0,-70.0
1777889340.9833324,0.0,0.0,-69.0
1777889340.9933324,1.0,-2.0,-70.0
1777889341.0033324,7.0,-2.0,-70.0
1777889341.0133324,4.0,-4.0,-71.0
1777889341.0233324,5.0,-6.0,-73.0
1777889341.0333323,1.0,0.0,-81.0
1777889341.0433323,2.0,3.0,-74.0
1777889341.0533323,0.0,7.0,-67.0
1777889341.0633323,4.0,7.0,-68.0
1777889341.0733323,8.0,-1.0,-66.0
1777889341.0833323,6.0,-1.0,-73.0
1777889341.0933323,5.0,-1.0,-76.0
1777889341.1033323,0.0,0.0,-79.0
1777889341.1133325,-1.0,1.0,-76.0
1777889341.1233325,0.0,0.0,-79.0
1777889341.1333325,0.0,-5.0,-83.0
1777889341.1433325,1.0,1.0,-88.0
1777889341.1533325,0.0,2.0,-82.0
1777889341.1633325,0.0,3.0,-79.0
1777889341.1733325,-3.0,1.0,-80.0
1777889341.1833324,-3.0,2.0,-80.0
1777889341.1933324,1.0,2.0,-78.0
1777889341.2033324,0.0,0.0,-83.0
1777889341.2133324,0.0,0.0,-85.0
1777889341.2233324,7.0,-2.0,-83.0
1777889341.2333324,7.0,-8.0,-77.0
1777889341.2433324,7.0,-5.0,-75.0
1777889341.2533324,7.0,-2.0,-79.0
1777889341.2633324,2.0,1.0,-79.0
1777889341.2733324,2.0,1.0,-89.0
1777889341.2833323,0.0,4.0,-84.0
1777889341.2933323,-1.0,3.0,-77.0
1777889341.3033323,0.0,-1.0,-76.0
1777889341.3133323,2.0,2.0,-81.0
1777889341.3233323,2.0,2.0,-82.0
1777889341.3333323,7.0,0.0,-76.0
1777889341.3433323,9.0,-2.0,-76.0
1777889341.3533323,11.0,-6.0,-75.0
1777889341.3633325,9.0,0.0,-84.0
1777889341.3733325,4.0,3.0,-83.0
1777889341.3833325,0.0,1.0,-81.0
1777889341.3933325,2.0,1.0,-78.0
1777889341.4033325,0.0,0.0,-77.0
1777889341.4133325,1.0,-1.0,-78.0
1777889341.4233325,5.0,-4.0,-74.0
1777889341.4333324,7.0,-1.0,-66.0
1777889341.4433324,1.0,-2.0,-67.0
1777889341.4533324,-5.0,-1.0,-69.0
1777889341.4633324,-4.0,0.0,-71.0
1777889341.4733324,0.0,2.0,-67.0
1777889341.4833324,-1.0,1.0,-69.0
1777889341.4933324,2.0,0.0,-69.0
1777889341.5033324,3.0,-2.0,-73.0
1777889341.5133324,-1.0,-4.0,-80.0
1777889341.5233324,3.0,-6.0,-79.0
1777889341.5333323,-1.0,-6.0,-75.0
1777889341.5433323,-2.0,-4.0,-78.0
1777889341.5533323,1.0,-4.0,-82.0
1777889341.5633323,11.0,-2.0,-83.0
1777889341.5733323,9.0,-1.0,-78.0
1777889341.5833323,12.0,0.0,-77.0
1777889341.5933323,7.0,5.0,-74.0
1777889341.6033323,6.0,7.0,-69.0
1777889341.6133325,1.0,3.0,-76.0
1777889341.6233325,3.0,2.0,-78.0
1777889341.6333325,3.0,1.0,-76.0
1777889341.6433325,0.0,1.0,-79.0
1777889341.6533325,2.0,1.0,-83.0
1777889341.6633325,1.0,2.0,-82.0
1777889341.6733325,3.0,-1.0,-82.0
1777889341.6833324,3.0,-1.0,-85.0
1777889341.6933324,3.0,-3.0,-85.0
1777889341.7033324,2.0,-1.0,-85.0
1777889341.7133324,0.0,-3.0,-84.0
1777889341.7233324,2.0,-2.0,-85.0
1777889341.7333324,-1.0,-2.0,-81.0
1777889341.7433324,-1.0,-7.0,-74.0
1777889341.7533324,-1.0,-8.0,-73.0
1777889341.7633324,2.0,-10.0,-74.0
1777889341.7733324,4.0,-4.0,-78.0
1777889341.7833323,6.0,-2.0,-81.0
1777889341.7933323,4.0,0.0,-79.0
1777889341.8033323,2.0,-1.0,-78.0
1777889341.8133323,4.0,0.0,-79.0
1777889341.8233323,4.0,3.0,-85.0
1777889341.8333323,6.0,1.0,-88.0
1777889341.8433323,1.0,1.0,-86.0
1777889341.8533323,4.0,1.0,-81.0
1777889341.8633325,7.0,0.0,-81.0
1777889341.8733325,6.0,-2.0,-80.0
1777889341.8833325,3.0,-5.0,-82.0
1777889341.8933325,0.0,-5.0,-82.0
1777889341.9033325,0.0,-5.0,-77.0
1777889341.9133325,0.0,0.0,-78.0
1777889341.9233325,-2.0,2.0,-80.0
1777889341.9333324,-6.0,2.0,-82.0
1777889341.9433324,-7.0,2.0,-75.0
1777889341.9533324,-6.0,5.0,-74.0
1777889341.9643323,-6.0,6.0,-77.0
1777889341.9743323,-2.0,1.0,-73.0
1777889341.9843323,2.0,-3.0,-74.0
1777889341.9943323,4.0,-2.0,-72.0
1777889342.0043323,-1.0,-5.0,-76.0
1777889342.0143323,-1.0,-7.0,-78.0
1777889342.0243323,2.0,-5.0,-76.0
1777889342.0343325,1.0,0.0,-70.0
1777889342.0443325,3.0,0.0,-65.0
1777889342.0543325,4.0,-1.0,-67.0
1777889342.0643325,7.0,-2.0,-68.0
1777889342.0743325,7.0,2.0,-67.0
1777889342.0843325,2.0,5.0,-69.0
1777889342.0943325,3.0,3.0,-73.0
1777889342.1043324,6.0,0.0,-72.0
1777889342.1153324,8.0,1.0,-77.0
1777889342.1243324,4.0,1.0,-77.0
1777889342.1343324,1.0,3.0,-77.0
1777889342.1443324,-2.0,0.0,-73.0
1777889342.1543324,1.0,-1.0,-67.0
1777889342.1643324,2.0,0.0,-68.0
1777889342.1743324,1.0,1.0,-72.0
1777889342.1843324,0.0,1.0,-75.0
1777889342.1943324,0.0,0.0,-79.0
1777889342.2043324,0.0,-6.0,-75.0
1777889342.2143323,0.0,-7.0,-77.0
1777889342.2243323,2.0,-6.0,-80.0
1777889342.2343323,4.0,-4.0,-90.0
1777889342.2443323,7.0,-3.0,-87.0
1777889342.2543323,4.0,-3.0,-84.0
1777889342.2643323,2.0,0.0,-81.0
1777889342.2743323,0.0,-3.0,-82.0
1777889342.2843325,3.0,-5.0,-80.0
1777889342.2943325,0.0,-5.0,-81.0
1777889342.3043325,-1.0,-6.0,-76.0
1777889342.3143325,-3.0,-5.0,-78.0
1777889342.3243325,-3.0,-5.0,-75.0
1777889342.3343325,-5.0,-3.0,-79.0
1777889342.3443325,-3.0,0.0,-74.0
1777889342.3543324,2.0,-1.0,-75.0
1777889342.3643324,-1.0,-1.0,-74.0
1777889342.3743324,-3.0,0.0,-74.0
1777889342.3843324,-7.0,0.0,-75.0
1777889342.3943324,-6.0,1.0,-71.0
1777889342.4043324,-3.0,-1.0,-69.0
1777889342.4143324,-4.0,-2.0,-75.0
1777889342.4243324,-5.0,0.0,-78.0
1777889342.4343324,-6.0,0.0,-77.0
1777889342.4443324,-3.0,2.0,-70.0
1777889342.4543324,0.0,5.0,-71.0
1777889342.4643323,-4.0,7.0,-74.0
1777889342.4743323,-7.0,5.0,-76.0
1777889342.4843323,-6.0,4.0,-77.0
1777889342.4943323,-1.0,3.0,-79.0
1777889342.5043323,-3.0,0.0,-84.0
1777889342.5143323,0.0,0.0,-81.0
1777889342.5243323,-2.0,0.0,-82.0
1777889342.5343325,0.0,3.0,-84.0
1777889342.5443325,0.0,3.0,-82.0
1777889342.5543325,-1.0,4.0,-80.0
1777889342.5643325,-3.0,-1.0,-80.0
1777889342.5743325,-3.0,0.0,-80.0
1777889342.5843325,-3.0,4.0,-77.0
1777889342.5943325,1.0,7.0,-72.0
1777889342.6043324,-1.0,3.0,-69.0
1777889342.6143324,-1.0,4.0,-71.0
1777889342.6243324,-1.0,5.0,-73.0
1777889342.6343324,-3.0,4.0,-74.0
1777889342.6443324,-2.0,5.0,-76.0
1777889342.6543324,-2.0,0.0,-72.0
1777889342.6643324,-4.0,0.0,-63.0
1777889342.6743324,0.0,0.0,-66.0
1777889342.6843324,0.0,1.0,-73.0
1777889342.6943324,-2.0,3.0,-69.0
1777889342.7043324,0.0,0.0,-67.0
1777889342.7143323,1.0,2.0,-67.0
1777889342.7243323,3.0,6.0,-66.0
1777889342.7343323,6.0,3.0,-69.0
1777889342.7443323,2.0,3.0,-66.0
1777889342.7543323,2.0,4.0,-73.0
1777889342.7643323,1.0,5.0,-77.0
1777889342.7743323,3.0,6.0,-79.0
1777889342.7843325,7.0,2.0,-75.0
1777889342.7943325,0.0,3.0,-74.0
1777889342.8043325,0.0,5.0,-76.0
1777889342.8143325,1.0,3.0,-72.0
1777889342.8243325,1.0,0.0,-66.0
1777889342.8343325,2.0,1.0,-72.0
1777889342.8443325,-3.0,0.0,-83.0
1777889342.8543324,-3.0,0.0,-85.0
1777889342.8643324,-3.0,0.0,-82.0
1777889342.8743324,-1.0,-1.0,-82.0
1777889342.8843324,-2.0,-1.0,-83.0
1777889342.8943324,1.0,-3.0,-81.0
1777889342.9043324,2.0,-4.0,-77.0
1777889342.9143324,1.0,-1.0,-76.0
1777889342.9243324,1.0,0.0,-80.0
1777889342.9343324,1.0,-1.0,-77.0
1777889342.9443324,1.0,-1.0,-78.0
1777889342.9543324,3.0,-2.0,-79.0
1777889342.9643323,2.0,-5.0,-78.0
1777889342.9743323,5.0,-5.0,-80.0
1777889342.9843323,5.0,-3.0,-82.0
1777889342.9943323,6.0,1.0,-88.0
1777889343.0043323,4.0,6.0,-78.0
1777889343.0143323,7.0,4.0,-76.0
1777889343.0243323,6.0,-3.0,-70.0
1777889343.0343325,4.0,-3.0,-72.0
1777889343.0443325,3.0,-4.0,-71.0
1777889343.0543325,5.0,-1.0,-68.0
1777889343.0643325,7.0,-2.0,-63.0
1777889343.0743325,4.0,0.0,-63.0
1777889343.0843325,7.0,1.0,-63.0
1777889343.0943325,12.0,1.0,-66.0
1777889343.1043324,12.0,3.0,-68.0
1777889343.1143324,8.0,1.0,-73.0
1777889343.1243324,6.0,-1.0,-72.0
1777889343.1353323,6.0,-1.0,-72.0
1777889343.1443324,3.0,0.0,-76.0
1777889343.1543324,4.0,0.0,-76.0
1777889343.1643324,2.0,1.0,-79.0
1777889343.1743324,3.0,0.0,-75.0
1777889343.1843324,4.0,0.0,-72.0
1777889343.1943324,4.0,0.0,-80.0
1777889343.2043324,2.0,2.0,-78.0
1777889343.2143323,1.0,3.0,-81.0
1777889343.2243323,1.0,3.0,-74.0
1777889343.2343323,5.0,2.0,-77.0
1777889343.2443323,5.0,0.0,-76.0
1777889343.2543323,5.0,2.0,-71.0
1777889343.2643323,3.0,1.0,-71.0
1777889343.2743323,3.0,2.0,-76.0
1777889343.2843325,6.0,1.0,-76.0
1777889343.2943325,9.0,0.0,-79.0
1777889343.3043325,7.0,0.0,-85.0
1777889343.3143325,6.0,1.0,-87.0
1777889343.3243325,6.0,2.0,-93.0
1777889343.3343325,5.0,0.0,-91.0
1777889343.3443325,4.0,-2.0,-89.0
1777889343.3543324,2.0,-3.0,-82.0
1777889343.3643324,3.0,-3.0,-83.0
1777889343.3743324,2.0,-1.0,-84.0
1777889343.3843324,1.0,-2.0,-78.0
1777889343.3943324,1.0,-2.0,-78.0
1777889343.4043324,0.0,0.0,-76.0
1777889343.4143324,1.0,1.0,-71.0
1777889343.4243324,3.0,0.0,-74.0
1777889343.4343324,6.0,0.0,-76.0
1777889343.4443324,8.0,1.0,-80.0
1777889343.4543324,8.0,2.0,-75.0
1777889343.4643323,4.0,2.0,-66.0
1777889343.4743323,1.0,-1.0,-67.0
1777889343.4843323,0.0,-1.0,-75.0
1777889343.4943323,-4.0,-1.0,-80.0
1777889343.5043323,-3.0,1.0,-82.0
1777889343.5143323,-6.0,0.0,-82.0
1777889343.5243323,-3.0,2.0,-78.0
1777889343.5343325,-1.0,-1.0,-69.0
1777889343.5443325,-2.0,-2.0,-65.0
1777889343.5543325,1.0,-3.0,-62.0
1777889343.5643325,6.0,1.0,-67.0
1777889343.5743325,7.0,-5.0,-70.0
1777889343.5843325,6.0,-8.0,-74.0
1777889343.5943325,3.0,-5.0,-73.0
1777889343.6043324,1.0,0.0,-76.0
1777889343.6143324,4.0,2.0,-68.0
1777889343.6243324,4.0,5.0,-73.0
1777889343.6343324,6.0,5.0,-77.0
1777889343.6443324,6.0,1.0,-80.0
1777889343.6543324,5.0,3.0,-79.0
1777889343.6643324,1.0,6.0,-80.0
1777889343.6743324,0.0,7.0,-84.0
1777889343.6843324,1.0,11.0,-87.0
1777889343.6943324,-1.0,9.0,-85.0
1777889343.7043324,0.0,7.0,-75.0
1777889343.7143323,0.0,3.0,-75.0
1777889343.7243323,7.0,3.0,-81.0
1777889343.7343323,10.0,0.0,-80.0
1777889343.7443323,12.0,4.0,-79.0
1777889343.7543323,9.0,8.0,-85.0
1777889343.7643323,10.0,8.0,-78.0
1777889343.7743323,7.0,2.0,-67.0
1777889343.7843325,4.0,-4.0,-64.0
1777889343.7943325,-2.0,-3.0,-62.0
1777889343.8043325,-5.0,-4.0,-61.0
1777889343.8143325,0.0,-2.0,-66.0
1777889343.8243325,3.0,-1.0,-65.0
1777889343.8343325,7.0,0.0,-66.0
1777889343.8443325,7.0,-1.0,-70.0
1777889343.8543324,6.0,-4.0,-71.0
1777889343.8643324,4.0,1.0,-67.0
1777889343.8743324,3.0,1.0,-72.0
1777889343.8843324,1.0,0.0,-71.0
1777889343.8943324,2.0,0.0,-73.0
1777889343.9043324,2.0,1.0,-81.0
1777889343.9143324,-1.0,4.0,-80.0
1777889343.9243324,-1.0,5.0,-76.0
1777889343.9343324,-3.0,2.0,-78.0
1777889343.9453323,-2.0,2.0,-83.0
1777889343.9553325,-3.0,-2.0,-88.0
1777889343.9653325,-5.0,0.0,-89.0
1777889343.9753325,-4.0,0.0,-78.0
1777889343.9853325,2.0,0.0,-73.0
1777889343.9953325,0.0,0.0,-69.0
1777889344.0053325,0.0,-4.0,-67.0
1777889344.0153325,-3.0,-2.0,-74.0
1777889344.0253325,1.0,-2.0,-72.0
1777889344.0353324,4.0,0.0,-71.0
1777889344.0453324,1.0,1.0,-79.0
1777889344.0553324,-3.0,4.0,-79.0
1777889344.0653324,1.0,1.0,-75.0
1777889344.0753324,4.0,-1.0,-79.0
1777889344.0853324,4.0,2.0,-74.0
1777889344.0953324,5.0,0.0,-76.0
1777889344.1053324,3.0,-1.0,-79.0
1777889344.1153324,6.0,0.0,-79.0
1777889344.1253324,8.0,-6.0,-79.0
1777889344.1353323,7.0,-4.0,-83.0
1777889344.1443324,6.0,-3.0,-82.0
1777889344.1553323,5.0,4.0,-90.0
1777889344.1653323,6.0,1.0,-86.0
1777889344.1753323,2.0,1.0,-83.0
1777889344.1853323,4.0,0.0,-73.0
1777889344.1953323,2.0,-4.0,-76.0
1777889344.2053325,1.0,-1.0,-71.0
1777889344.2153325,-5.0,0.0,-69.0
1777889344.2253325,0.0,0.0,-67.0
1777889344.2353325,0.0,0.0,-63.0
1777889344.2453325,1.0,0.0,-67.0
1777889344.2553325,-2.0,2.0,-65.0
1777889344.2653325,0.0,4.0,-67.0
1777889344.2753325,0.0,2.0,-64.0
1777889344.2853324,1.0,4.0,-55.0
1777889344.2953324,4.0,6.0,-61.0
1777889344.3053324,9.0,7.0,-69.0
1777889344.3153324,10.0,6.0,-67.0
1777889344.3253324,7.0,3.0,-65.0
1777889344.3353324,5.0,1.0,-66.0
1777889344.3453324,6.0,4.0,-69.0
1777889344.3553324,3.0,-1.0,-59.0
1777889344.3653324,8.0,-4.0,-55.0
1777889344.3753324,8.0,-1.0,-57.0
1777889344.3853323,5.0,0.0,-61.0
1777889344.3953323,4.0,0.0,-65.0
1777889344.4053323,3.0,0.0,-59.0
1777889344.4153323,2.0,0.0,-55.0
1777889344.4253323,-1.0,0.0,-52.0
1777889344.4353323,-3.0,0.0,-57.0
1777889344.4453323,0.0,1.0,-62.0
1777889344.4553325,-1.0,0.0,-67.0
1777889344.4653325,-2.0,-4.0,-71.0
1777889344.4753325,0.0,-1.0,-76.0
1777889344.4853325,1.0,-1.0,-78.0
1777889344.4953325,1.0,-1.0,-71.0
1777889344.5053325,3.0,-5.0,-74.0
1777889344.5153325,10.0,-4.0,-78.0
1777889344.5253325,14.0,-6.0,-69.0
1777889344.5353324,10.0,-6.0,-69.0
1777889344.5453324,7.0,-4.0,-74.0
1777889344.5553324,6.0,-2.0,-76.0
1777889344.5653324,2.0,0.0,-79.0
1777889344.5753324,0.0,0.0,-80.0
1777889344.5853324,0.0,0.0,-70.0
1777889344.5953324,0.0,-1.0,-72.0
1777889344.6053324,0.0,-4.0,-66.0
1777889344.6153324,0.0,-6.0,-73.0
1777889344.6253324,-1.0,-1.0,-80.0
1777889344.6353323,-1.0,2.0,-81.0
1777889344.6453323,0.0,1.0,-83.0
1777889344.6553323,0.0,0.0,-80.0
1777889344.6653323,0.0,0.0,-81.0
1777889344.6753323,2.0,-1.0,-83.0
1777889344.6853323,1.0,0.0,-80.0
1777889344.6953323,1.0,-1.0,-77.0
1777889344.7053325,0.0,-3.0,-78.0
1777889344.7153325,0.0,-3.0,-78.0
1777889344.7253325,1.0,-2.0,-82.0
1777889344.7353325,3.0,-3.0,-84.0
1777889344.7453325,3.0,-2.0,-75.0
1777889344.7553325,-3.0,-3.0,-64.0
1777889344.7653325,-5.0,-1.0,-66.0
1777889344.7753325,-2.0,1.0,-64.0
1777889344.7853324,-7.0,2.0,-65.0
1777889344.7953324,-2.0,0.0,-71.0
1777889344.8053324,0.0,-2.0,-73.0
1777889344.8153324,-4.0,0.0,-71.0
1777889344.8253324,-2.0,4.0,-75.0
1777889344.8353324,0.0,5.0,-70.0
1777889344.8453324,3.0,5.0,-71.0
1777889344.8553324,5.0,2.0,-67.0
1777889344.8653324,4.0,3.0,-65.0
1777889344.8753324,2.0,0.0,-64.0
1777889344.8853323,2.0,0.0,-62.0
1777889344.8953323,0.0,2.0,-64.0
1777889344.9053323,1.0,2.0,-64.0
1777889344.9153323,0.0,2.0,-68.0
1777889344.9253323,-1.0,-1.0,-75.0
1777889344.9353323,-1.0,0.0,-75.0
1777889344.9453323,0.0,0.0,-73.0
1777889344.9553325,0.0,-1.0,-69.0
1777889344.9653325,7.0,-2.0,-71.0
1777889344.9753325,7.0,-6.0,-70.0
1777889344.9853325,6.0,-6.0,-70.0
1777889344.9953325,3.0,-4.0,-72.0
1777889345.0053325,0.0,-7.0,-71.0
1777889345.0153325,1.0,-5.0,-73.0
1777889345.0253325,0.0,-3.0,-76.0
1777889345.0353324,5.0,0.0,-78.0
1777889345.0453324,5.0,0.0,-77.0
1777889345.0553324,7.0,-2.0,-74.0
1777889345.0653324,6.0,-1.0,-72.0
1777889345.0753324,6.0,0.0,-71.0
1777889345.0853324,5.0,-4.0,-67.0
1777889345.0953324,4.0,-3.0,-75.0
1777889345.1053324,7.0,-4.0,-72.0
1777889345.1153324,5.0,-3.0,-69.0
1777889345.1253324,3.0,1.0,-75.0
1777889345.1353323,4.0,2.0,-71.0
1777889345.1453323,9.0,-1.0,-71.0
1777889345.1553323,5.0,-5.0,-76.0
1777889345.1653323,4.0,-6.0,-72.0
1777889345.1753323,3.0,-7.0,-73.0
1777889345.1853323,4.0,-6.0,-67.0
1777889345.1953323,0.0,-8.0,-62.0
1777889345.2053325,0.0,-9.0,-57.0
1777889345.2153325,1.0,-10.0,-59.0
1777889345.2253325,0.0,-6.0,-58.0
1777889345.2353325,0.0,-6.0,-65.0
1777889345.2453325,-5.0,-10.0,-75.0
1777889345.2553325,-7.0,-9.0,-74.0
1777889345.2653325,-3.0,-7.0,-73.0
1777889345.2753325,-2.0,-7.0,-74.0
1777889345.2853324,-2.0,-4.0,-79.0
1777889345.2953324,0.0,-2.0,-74.0
1777889345.3053324,-3.0,0.0,-74.0
1777889345.3153324,-5.0,-3.0,-71.0
1777889345.3253324,-5.0,0.0,-71.0
1777889345.3353324,0.0,0.0,-69.0
1777889345.3453324,0.0,-4.0,-71.0
1777889345.3553324,0.0,0.0,-79.0
1777889345.3653324,-1.0,-3.0,-81.0
1777889345.3753324,-3.0,-4.0,-91.0
1777889345.3853323,-6.0,-6.0,-86.0
1777889345.3953323,-2.0,-4.0,-88.0
1777889345.4053323,0.0,0.0,-82.0
1777889345.4153323,-1.0,3.0,-82.0
1777889345.4253323,0.0,6.0,-80.0
1777889345.4353323,0.0,4.0,-74.0
1777889345.4453323,2.0,2.0,-77.0
1777889345.4553325,4.0,0.0,-80.0
1777889345.4653325,3.0,4.0,-75.0
1777889345.4753325,0.0,7.0,-75.0
1777889345.4853325,1.0,6.0,-77.0
1777889345.4953325,0.0,8.0,-73.0
1777889345.5053325,-6.0,5.0,-72.0
1777889345.5153325,-8.0,3.0,-67.0
1777889345.5253325,-11.0,0.0,-71.0
1777889345.5353324,-11.0,1.0,-70.0
1777889345.5453324,-6.0,5.0,-72.0
1777889345.5553324,-9.0,3.0,-74.0
1777889345.5653324,-7.0,1.0,-76.0
1777889345.5753324,-7.0,7.0,-81.0
1777889345.5853324,-3.0,8.0,-82.0
1777889345.5953324,0.0,7.0,-85.0
1777889345.6053324,-1.0,6.0,-78.0
1777889345.6153324,-4.0,2.0,-77.0
1777889345.6253324,-3.0,-5.0,-75.0
1777889345.6353323,0.0,-5.0,-76.0
1777889345.6453323,0.0,-4.0,-79.0
1777889345.6553323,5.0,-1.0,-76.0
1777889345.6653323,5.0,0.0,-76.0
1777889345.6753323,2.0,-3.0,-80.0
1777889345.6853323,0.0,-3.0,-85.0
1777889345.6953323,-2.0,-4.0,-86.0
1777889345.7053325,-4.0,0.0,-80.0
1777889345.7153325,-1.0,0.0,-73.0
1777889345.7253325,1.0,1.0,-70.0
1777889345.7353325,0.0,-1.0,-71.0
1777889345.7453325,-3.0,-4.0,-75.0
1777889345.7553325,4.0,-2.0,-81.0
1777889345.7653325,7.0,0.0,-82.0
1777889345.7753325,10.0,3.0,-77.0
1777889345.7853324,7.0,7.0,-75.0
1777889345.7953324,8.0,7.0,-76.0
1777889345.8053324,8.0,6.0,-81.0
1777889345.8153324,5.0,4.0,-83.0
1777889345.8253324,4.0,6.0,-79.0
1777889345.8353324,3.0,5.0,-84.0
1777889345.8453324,4.0,2.0,-85.0
1777889345.8553324,1.0,0.0,-79.0
1777889345.8653324,2.0,0.0,-78.0
1777889345.8753324,6.0,-2.0,-74.0
1777889345.8853323,5.0,-1.0,-75.0
1777889345.8963325,4.0,-6.0,-68.0
1777889345.9053323,0.0,-8.0,-66.0
1777889345.9153323,2.0,-8.0,-70.0
1777889345.9253323,0.0,-1.0,-74.0
1777889345.9353323,0.0,-1.0,-77.0
1777889345.9463325,0.0,0.0,-82.0
1777889345.9563324,-5.0,0.0,-88.0
1777889345.9663324,-7.0,0.0,-93.0
1777889345.9763324,-3.0,-1.0,-88.0
1777889345.9863324,0.0,-3.0,-82.0
1777889345.9963324,0.0,1.0,-77.0
1777889346.0063324,-2.0,7.0,-81.0
1777889346.0163324,-1.0,4.0,-87.0
1777889346.0263324,1.0,1.0,-81.0
1777889346.0363324,-2.0,0.0,-74.0
1777889346.0463324,-2.0,-2.0,-72.0
1777889346.0563323,-8.0,2.0,-74.0
1777889346.0663323,-4.0,1.0,-81.0
1777889346.0763323,-4.0,2.0,-78.0
1777889346.0863323,0.0,2.0,-78.0
1777889346.0963323,2.0,0.0,-81.0
1777889346.1063323,5.0,0.0,-83.0
1777889346.1163323,0.0,-3.0,-87.0
1777889346.1263323,-2.0,-1.0,-84.0
1777889346.1363325,3.0,-2.0,-81.0
1777889346.1463325,3.0,0.0,-77.0
1777889346.1563325,0.0,-1.0,-75.0
1777889346.1663325,0.0,-2.0,-71.0
1777889346.1763325,0.0,-5.0,-74.0
1777889346.1863325,1.0,-3.0,-74.0
1777889346.1963325,0.0,-3.0,-76.0
1777889346.2063324,0.0,1.0,-71.0
1777889346.2163324,2.0,4.0,-79.0
1777889346.2263324,-2.0,2.0,-83.0
1777889346.2363324,0.0,2.0,-82.0
1777889346.2463324,1.0,-1.0,-84.0
1777889346.2563324,2.0,-1.0,-87.0
1777889346.2663324,0.0,-3.0,-90.0
1777889346.2763324,1.0,0.0,-83.0
1777889346.2863324,-2.0,0.0,-83.0
1777889346.2963324,-3.0,0.0,-81.0
1777889346.3063323,2.0,3.0,-78.0
1777889346.3163323,5.0,6.0,-78.0
1777889346.3263323,2.0,6.0,-70.0
1777889346.3363323,6.0,7.0,-71.0
1777889346.3463323,0.0,4.0,-72.0
1777889346.3563323,-4.0,5.0,-76.0
1777889346.3663323,-4.0,8.0,-76.0
1777889346.3763323,-6.0,6.0,-79.0
1777889346.3863325,-1.0,6.0,-82.0
1777889346.3963325,0.0,8.0,-87.0
1777889346.4063325,4.0,5.0,-91.0
1777889346.4163325,4.0,6.0,-91.0
1777889346.4263325,5.0,3.0,-90.0
1777889346.4363325,3.0,2.0,-89.0
1777889346.4463325,1.0,3.0,-84.0
1777889346.4563324,2.0,-2.0,-83.0
1777889346.4663324,0.0,-5.0,-84.0
1777889346.4763324,0.0,-5.0,-83.0
1777889346.4863324,-1.0,-3.0,-79.0
1777889346.4963324,1.0,0.0,-78.0
1777889346.5063324,1.0,-1.0,-76.0
1777889346.5163324,-1.0,-4.0,-75.0
1777889346.5263324,-5.0,-5.0,-78.0
1777889346.5363324,-5.0,0.0,-75.0
1777889346.5463324,-2.0,0.0,-72.0
1777889346.5563323,0.0,-1.0,-75.0
1777889346.5663323,1.0,0.0,-72.0
1777889346.5763323,-1.0,0.0,-70.0
1777889346.5863323,0.0,1.0,-76.0
1777889346.5963323,1.0,0.0,-79.0
1777889346.6063323,1.0,0.0,-78.0
1777889346.6163323,3.0,1.0,-81.0
1777889346.6263323,7.0,1.0,-78.0
1777889346.6363325,3.0,0.0,-77.0
1777889346.6463325,7.0,-2.0,-74.0
1777889346.6563325,7.0,3.0,-77.0
1777889346.6663325,5.0,3.0,-84.0
1777889346.6763325,5.0,1.0,-91.0
1777889346.6863325,4.0,-1.0,-92.0
1777889346.6963325,3.0,-5.0,-85.0
1777889346.7063324,-1.0,-4.0,-84.0
1777889346.7163324,-5.0,-4.0,-84.0
1777889346.7263324,-6.0,-7.0,-84.0
1777889346.7363324,-5.0,-5.0,-77.0
1777889346.7463324,-2.0,-4.0,-80.0
1777889346.7563324,-7.0,-2.0,-74.0
1777889346.7663324,-6.0,-1.0,-76.0
1777889346.7763324,-4.0,-4.0,-70.0
1777889346.7863324,1.0,-2.0,-70.0
1777889346.7963324,6.0,-3.0,-67.0
1777889346.8063323,6.0,-5.0,-65.0
1777889346.8163323,5.0,-3.0,-63.0
1777889346.8263323,4.0,0.0,-61.0
1777889346.8363323,4.0,0.0,-58.0
1777889346.8463323,4.0,0.0,-66.0
1777889346.8563323,4.0,1.0,-68.0
1777889346.8663323,-4.0,0.0,-71.0
1777889346.8763323,-3.0,-3.0,-76.0
1777889346.8863325,-4.0,-2.0,-85.0
1777889346.8963325,-3.0,1.0,-81.0
1777889346.9063325,-1.0,-2.0,-80.0
1777889346.9163325,-3.0,1.0,-78.0
1777889346.9263325,-2.0,1.0,-79.0
1777889346.9363325,0.0,3.0,-80.0
1777889346.9463325,0.0,5.0,-82.0
1777889346.9563324,0.0,3.0,-84.0
1777889346.9663324,0.0,4.0,-78.0
1777889346.9763324,0.0,6.0,-76.0
1777889346.9863324,1.0,6.0,-78.0
1777889346.9963324,-1.0,6.0,-82.0
1777889347.0063324,0.0,5.0,-83.0
1777889347.0163324,0.0,6.0,-83.0
1777889347.0263324,-1.0,5.0,-79.0
1777889347.0363324,0.0,3.0,-77.0
1777889347.0463324,1.0,3.0,-75.0
1777889347.0563323,2.0,2.0,-75.0
1777889347.0663323,-4.0,3.0,-74.0
1777889347.0763323,-1.0,0.0,-68.0
1777889347.0863323,-5.0,-1.0,-71.0
1777889347.0963323,-8.0,0.0,-66.0
1777889347.1063323,0.0,0.0,-71.0
1777889347.1163323,5.0,-1.0,-76.0
1777889347.1263323,6.0,-3.0,-74.0
1777889347.1363325,6.0,-1.0,-75.0
1777889347.1463325,4.0,-1.0,-74.0
1777889347.1563325,6.0,-3.0,-73.0
1777889347.1663325,9.0,-4.0,-72.0
1777889347.1763325,12.0,0.0,-69.0
1777889347.1863325,13.0,-4.0,-70.0
1777889347.1963325,7.0,-5.0,-74.0
1777889347.2063324,2.0,-4.0,-71.0
1777889347.2163324,4.0,-5.0,-71.0
1777889347.2263324,6.0,-4.0,-72.0
1777889347.2363324,5.0,-1.0,-72.0
1777889347.2463324,4.0,-2.0,-72.0
1777889347.2563324,8.0,-1.0,-77.0
1777889347.2663324,6.0,-4.0,-75.0
1777889347.2773323,2.0,-2.0,-63.0
1777889347.2863324,1.0,0.0,-61.0
1777889347.2963324,-1.0,-5.0,-67.0
1777889347.3063323,0.0,-5.0,-68.0
1777889347.3163323,0.0,-3.0,-72.0
1777889347.3263323,7.0,-2.0,-74.0
1777889347.3363323,5.0,-3.0,-77.0
1777889347.3463323,7.0,-6.0,-84.0
1777889347.3563323,0.0,-6.0,-89.0
1777889347.3663323,-1.0,-8.0,-90.0
1777889347.3763323,-3.0,-13.0,-90.0
1777889347.3863325,0.0,-9.0,-81.0
1777889347.3963325,2.0,-5.0,-79.0
1777889347.4063325,0.0,-7.0,-78.0
1777889347.4163325,0.0,-3.0,-74.0
1777889347.4263325,-6.0,0.0,-75.0
1777889347.4363325,-7.0,-3.0,-78.0
1777889347.4463325,-7.0,1.0,-80.0
1777889347.4563324,-6.0,0.0,-83.0
1777889347.4663324,-4.0,-4.0,-77.0
1777889347.4763324,-1.0,-4.0,-72.0
1777889347.4863324,1.0,-3.0,-78.0
1777889347.4963324,1.0,2.0,-84.0
1777889347.5063324,0.0,5.0,-87.0
1777889347.5163324,0.0,-2.0,-77.0
1777889347.5263324,0.0,0.0,-81.0
1777889347.5363324,-4.0,0.0,-75.0
1777889347.5463324,-3.0,1.0,-80.0
1777889347.5563323,-2.0,1.0,-78.0
1777889347.5663323,-3.0,0.0,-74.0
1777889347.5763323,0.0,2.0,-73.0
1777889347.5863323,1.0,0.0,-72.0
1777889347.5963323,2.0,0.0,-70.0
1777889347.6063323,2.0,0.0,-72.0
1777889347.6163323,5.0,4.0,-67.0
1777889347.6263323,1.0,4.0,-67.0
1777889347.6363325,1.0,5.0,-68.0
1777889347.6463325,5.0,3.0,-69.0
1777889347.6563325,3.0,0.0,-73.0
1777889347.6663325,3.0,1.0,-80.0
1777889347.6763325,5.0,2.0,-84.0
1777889347.6863325,3.0,5.0,-84.0
1777889347.6963325,1.0,4.0,-85.0
1777889347.7063324,2.0,2.0,-85.0
1777889347.7163324,-1.0,2.0,-82.0
1777889347.7263324,-1.0,0.0,-87.0
1777889347.7363324,-2.0,-4.0,-85.0
1777889347.7463324,-7.0,-3.0,-77.0
1777889347.7563324,-7.0,-1.0,-71.0
1777889347.7663324,-7.0,0.0,-74.0
1777889347.7763324,-3.0,0.0,-75.0
1777889347.7863324,-2.0,-2.0,-84.0
1777889347.7963324,2.0,0.0,-80.0
1777889347.8063323,3.0,-1.0,-85.0
1777889347.8163323,-2.0,-3.0,-88.0
1777889347.8263323,-5.0,-2.0,-82.0
1777889347.8363323,-1.0,0.0,-84.0
1777889347.8463323,-1.0,2.0,-86.0
1777889347.8563323,0.0,0.0,-80.0
1777889347.8663323,0.0,-4.0,-81.0
1777889347.8763323,1.0,-4.0,-80.0
1777889347.8863325,2.0,-6.0,-76.0
1777889347.8963325,2.0,-7.0,-78.0
1777889347.9063325,2.0,-7.0,-82.0
1777889347.9163325,3.0,-4.0,-81.0
1777889347.9273324,1.0,-1.0,-74.0
1777889347.9373324,1.0,-3.0,-74.0
1777889347.9473324,-1.0,-4.0,-80.0
1777889347.9573324,-1.0,0.0,-85.0
1777889347.9673324,3.0,0.0,-84.0
1777889347.9773324,7.0,-1.0,-82.0
1777889347.9873323,5.0,0.0,-78.0
1777889347.9973323,2.0,-4.0,-77.0
1777889348.0073323,-1.0,-4.0,-82.0
1777889348.0173323,0.0,-1.0,-82.0
1777889348.0273323,1.0,-1.0,-79.0
1777889348.0373323,-2.0,0.0,-84.0
1777889348.0473323,0.0,2.0,-85.0
1777889348.0573325,-1.0,3.0,-78.0
1777889348.0673325,1.0,7.0,-80.0
1777889348.0773325,1.0,2.0,-77.0
1777889348.0873325,0.0,1.0,-77.0
1777889348.0973325,3.0,0.0,-74.0
1777889348.1073325,4.0,-1.0,-72.0
1777889348.1173325,3.0,-2.0,-74.0
1777889348.1273324,4.0,-1.0,-83.0
1777889348.1373324,3.0,-3.0,-76.0
1777889348.1473324,0.0,-1.0,-74.0
1777889348.1573324,0.0,-2.0,-70.0
1777889348.1673324,3.0,-2.0,-73.0
1777889348.1773324,1.0,-3.0,-73.0
1777889348.1873324,3.0,-2.0,-74.0
1777889348.1973324,0.0,-4.0,-70.0
1777889348.2073324,-1.0,0.0,-71.0
1777889348.2173324,0.0,3.0,-70.0
1777889348.2273324,4.0,0.0,-65.0
1777889348.2373323,1.0,-1.0,-63.0
1777889348.2473323,-1.0,-4.0,-66.0
1777889348.2573323,0.0,-3.0,-67.0
1777889348.2673323,-3.0,-2.0,-68.0
1777889348.2773323,-3.0,0.0,-73.0
1777889348.2873323,-7.0,0.0,-77.0
1777889348.2973323,-4.0,0.0,-81.0
1777889348.3073325,-3.0,-2.0,-86.0
1777889348.3173325,2.0,-5.0,-82.0
1777889348.3273325,0.0,-3.0,-73.0
1777889348.3373325,0.0,0.0,-71.0
1777889348.3473325,2.0,-4.0,-80.0
1777889348.3573325,6.0,-5.0,-79.0
1777889348.3673325,8.0,-7.0,-77.0
1777889348.3773324,5.0,-3.0,-79.0
1777889348.3873324,4.0,1.0,-82.0
1777889348.3973324,2.0,3.0,-83.0
1777889348.4073324,0.0,-2.0,-80.0
1777889348.4173324,1.0,-2.0,-79.0
1777889348.4273324,0.0,-9.0,-73.0
1777889348.4373324,-1.0,-5.0,-71.0
1777889348.4473324,-4.0,-7.0,-68.0
1777889348.4573324,-3.0,-3.0,-67.0
1777889348.4673324,-4.0,-4.0,-74.0
1777889348.4773324,-5.0,-3.0,-73.0
1777889348.4873323,-5.0,1.0,-77.0
1777889348.4973323,-1.0,0.0,-86.0
1777889348.5073323,2.0,3.0,-86.0
1777889348.5173323,5.0,0.0,-81.0
1777889348.5273323,2.0,2.0,-79.0
1777889348.5373323,0.0,1.0,-78.0
1777889348.5473323,1.0,1.0,-71.0
1777889348.5573325,0.0,4.0,-67.0
1777889348.5673325,-1.0,6.0,-65.0
1777889348.5773325,0.0,3.0,-64.0
1777889348.5873325,4.0,5.0,-71.0
1777889348.5973325,0.0,1.0,-73.0
1777889348.6073325,-1.0,3.0,-75.0
1777889348.6173325,-1.0,5.0,-73.0
1777889348.6273324,-1.0,4.0,-78.0
1777889348.6373324,-1.0,2.0,-82.0
1777889348.6473324,-1.0,1.0,-80.0
1777889348.6573324,3.0,-1.0,-83.0
1777889348.6673324,4.0,0.0,-84.0
1777889348.6773324,5.0,2.0,-86.0
1777889348.6873324,3.0,3.0,-90.0
1777889348.6973324,2.0,1.0,-85.0
1777889348.7073324,3.0,3.0,-76.0
1777889348.7173324,0.0,2.0,-75.0
1777889348.7273324,3.0,0.0,-72.0
1777889348.7373323,3.0,-5.0,-78.0
1777889348.7473323,0.0,-6.0,-80.0
1777889348.7573323,2.0,-6.0,-80.0
1777889348.7673323,3.0,-5.0,-75.0
1777889348.7773323,3.0,-8.0,-69.0
1777889348.7873323,0.0,-7.0,-64.0
1777889348.7973323,-5.0,-2.0,-60.0
1777889348.8073325,-3.0,0.0,-62.0
1777889348.8173325,-5.0,0.0,-68.0
1777889348.8273325,-5.0,-4.0,-72.0
1777889348.8373325,-5.0,-9.0,-73.0
1777889348.8473325,-2.0,-6.0,-75.0
1777889348.8573325,0.0,-3.0,-77.0
1777889348.8673325,-2.0,-1.0,-85.0
1777889348.8773324,-6.0,1.0,-86.0
1777889348.8873324,-9.0,-4.0,-79.0
1777889348.8973324,-7.0,-4.0,-81.0
1777889348.9073324,-7.0,0.0,-80.0
1777889348.9173324,-5.0,0.0,-81.0
1777889348.9273324,-1.0,4.0,-89.0
1777889348.9373324,2.0,3.0,-83.0
1777889348.9473324,2.0,1.0,-87.0
1777889348.9573324,6.0,0.0,-85.0
1777889348.9673324,6.0,1.0,-78.0
1777889348.9773324,4.0,2.0,-77.0
1777889348.9873323,0.0,0.0,-70.0
1777889348.9973323,-2.0,-1.0,-66.0
1777889349.0073323,-1.0,-5.0,-70.0
1777889349.0173323,0.0,-2.0,-75.0
1777889349.0273323,-1.0,-1.0,-74.0
1777889349.0373323,1.0,-1.0,-72.0
1777889349.0473323,3.0,-1.0,-69.0
1777889349.0573325,-1.0,0.0,-66.0
1777889349.0673325,0.0,-2.0,-73.0
1777889349.0773325,4.0,-4.0,-74.0
1777889349.0873325,5.0,0.0,-75.0
1777889349.0973325,5.0,0.0,-76.0
1777889349.1073325,9.0,-3.0,-72.0
1777889349.1173325,5.0,-3.0,-74.0
1777889349.1273324,1.0,-3.0,-68.0
1777889349.1373324,1.0,0.0,-66.0
1777889349.1473324,0.0,0.0,-70.0
1777889349.1573324,0.0,5.0,-74.0
1777889349.1673324,2.0,3.0,-65.0
1777889349.1773324,1.0,0.0,-64.0
1777889349.1873324,2.0,-1.0,-70.0
1777889349.1973324,5.0,-1.0,-71.0
1777889349.2073324,4.0,2.0,-70.0
1777889349.2173324,-1.0,-1.0,-84.0
1777889349.2273324,-2.0,0.0,-84.0
1777889349.2373323,1.0,0.0,-83.0
1777889349.2473323,2.0,1.0,-85.0
1777889349.2573323,-1.0,1.0,-80.0
1777889349.2673323,-1.0,0.0,-83.0
1777889349.2773323,-2.0,-4.0,-77.0
1777889349.2873323,0.0,0.0,-73.0
1777889349.2973323,-1.0,1.0,-66.0
1777889349.3073325,0.0,1.0,-64.0
1777889349.3173325,0.0,2.0,-68.0
1777889349.3273325,0.0,0.0,-65.0
1777889349.3373325,0.0,0.0,-70.0
1777889349.3473325,-2.0,-5.0,-58.0
1777889349.3573325,-1.0,-6.0,-64.0
1777889349.3673325,1.0,0.0,-69.0
1777889349.3773324,1.0,-1.0,-75.0
1777889349.3873324,2.0,-2.0,-74.0
1777889349.3973324,3.0,0.0,-74.0
1777889349.4073324,0.0,0.0,-81.0
1777889349.4173324,1.0,-5.0,-86.0
1777889349.4273324,3.0,-3.0,-83.0
1777889349.4373324,4.0,0.0,-85.0
1777889349.4473324,-1.0,1.0,-78.0
1777889349.4573324,0.0,-2.0,-73.0
1777889349.4673324,0.0,-2.0,-72.0
1777889349.4773324,0.0,1.0,-72.0
1777889349.4873323,0.0,3.0,-76.0
1777889349.4973323,-2.0,1.0,-76.0
1777889349.5073323,-3.0,1.0,-76.0
1777889349.5173323,-7.0,-4.0,-71.0
1777889349.5273323,-8.0,-6.0,-72.0
1777889349.5373323,-4.0,-8.0,-73.0
1777889349.5473323,-4.0,-6.0,-74.0
1777889349.5573325,-5.0,-5.0,-72.0
1777889349.5673325,-6.0,-6.0,-80.0
1777889349.5773325,-5.0,-5.0,-77.0
1777889349.5873325,-5.0,-3.0,-73.0
1777889349.5973325,0.0,-2.0,-71.0
1777889349.6073325,-2.0,0.0,-70.0
1777889349.6173325,-1.0,-1.0,-67.0
1777889349.6273324,1.0,2.0,-66.0
1777889349.6373324,0.0,5.0,-64.0
1777889349.6473324,-4.0,5.0,-66.0
1777889349.6573324,-2.0,4.0,-67.0
1777889349.6673324,0.0,7.0,-74.0
1777889349.6773324,-4.0,7.0,-80.0
1777889349.6873324,-5.0,5.0,-74.0
1777889349.6973324,-1.0,5.0,-76.0
1777889349.7073324,3.0,3.0,-76.0
1777889349.7173324,1.0,6.0,-72.0
1777889349.7273324,0.0,10.0,-62.0
1777889349.7373323,-3.0,6.0,-62.0
1777889349.7473323,0.0,2.0,-61.0
1777889349.7573323,1.0,2.0,-69.0
1777889349.7673323,3.0,0.0,-66.0
1777889349.7773323,6.0,-2.0,-67.0
1777889349.7873323,7.0,0.0,-69.0
1777889349.7973323,4.0,-3.0,-71.0
1777889349.8073325,2.0,-6.0,-73.0
1777889349.8173325,4.0,-7.0,-71.0
1777889349.8273325,0.0,-1.0,-75.0
1777889349.8373325,-3.0,-3.0,-74.0
1777889349.8473325,0.0,-2.0,-82.0
1777889349.8573325,0.0,-3.0,-85.0
1777889349.8673325,-2.0,-4.0,-85.0
1777889349.8773324,-2.0,-1.0,-91.0
1777889349.8873324,-2.0,-2.0,-85.0
1777889349.8973324,2.0,-1.0,-78.0
1777889349.9083323,-1.0,0.0,-72.0
1777889349.9173324,0.0,-1.0,-71.0
1777889349.9273324,2.0,-2.0,-76.0
1777889349.9383323,1.0,0.0,-75.0
1777889349.9483323,3.0,-1.0,-80.0
1777889349.9583323,2.0,-2.0,-83.0
1777889349.9683323,-4.0,-1.0,-80.0
1777889349.9783323,-2.0,-3.0,-76.0
1777889349.9883325,0.0,-3.0,-71.0
1777889349.9983325,1.0,-1.0,-80.0
1777889350.0083325,7.0,-5.0,-79.0
1777889350.0183325,3.0,-3.0,-82.0
1777889350.0283325,5.0,-7.0,-83.0
1777889350.0383325,2.0,-1.0,-78.0
1777889350.0483325,0.0,-1.0,-76.0
1777889350.0583324,0.0,1.0,-72.0
1777889350.0683324,-1.0,1.0,-78.0
1777889350.0783324,1.0,0.0,-79.0
1777889350.0883324,3.0,1.0,-80.0
1777889350.0983324,5.0,1.0,-79.0
1777889350.1083324,6.0,1.0,-74.0
1777889350.1183324,8.0,0.0,-71.0
1777889350.1283324,5.0,0.0,-80.0
1777889350.1383324,4.0,-1.0,-79.0
1777889350.1483324,-1.0,-3.0,-78.0
1777889350.1583323,-2.0,-2.0,-80.0
1777889350.1683323,0.0,-3.0,-82.0
1777889350.1783323,0.0,1.0,-75.0
1777889350.1883323,0.0,2.0,-69.0
1777889350.1983323,-1.0,2.0,-66.0
1777889350.2083323,-1.0,0.0,-64.0
1777889350.2183323,-4.0,-2.0,-67.0
1777889350.2283323,-5.0,-5.0,-75.0
1777889350.2383325,-1.0,-3.0,-76.0
1777889350.2483325,-2.0,0.0,-72.0
1777889350.2583325,0.0,0.0,-71.0
1777889350.2683325,0.0,-1.0,-72.0
1777889350.2783325,-3.0,0.0,-77.0
1777889350.2883325,0.0,-3.0,-73.0
1777889350.2983325,0.0,-3.0,-72.0
1777889350.3083324,-2.0,-3.0,-77.0
1777889350.3183324,-2.0,-4.0,-80.0
1777889350.3283324,0.0,-2.0,-75.0
1777889350.3383324,2.0,-3.0,-71.0
1777889350.3483324,5.0,-4.0,-72.0
1777889350.3583324,3.0,-5.0,-77.0
1777889350.3683324,3.0,-9.0,-80.0
1777889350.3783324,4.0,-7.0,-77.0
1777889350.3883324,4.0,-5.0,-82.0
1777889350.3983324,4.0,-7.0,-86.0
1777889350.4083323,2.0,-3.0,-93.0
1777889350.4183323,0.0,-4.0,-93.0
1777889350.4283323,3.0,-3.0,-89.0
1777889350.4383323,3.0,0.0,-87.0
1777889350.4483323,3.0,3.0,-88.0
1777889350.4583323,1.0,2.0,-85.0
1777889350.4683323,0.0,0.0,-80.0
1777889350.4783323,0.0,-2.0,-79.0
1777889350.4883325,0.0,-2.0,-87.0
1777889350.4983325,-2.0,-2.0,-87.0
1777889350.5083325,2.0,-1.0,-91.0
1777889350.5183325,0.0,4.0,-87.0
1777889350.5283325,0.0,6.0,-83.0
1777889350.5383325,2.0,5.0,-81.0
1777889350.5483325,4.0,4.0,-83.0
1777889350.5583324,4.0,2.0,-76.0
1777889350.5683324,0.0,0.0,-72.0
1777889350.5783324,0.0,0.0,-71.0
1777889350.5883324,-1.0,-1.0,-81.0
1777889350.5983324,-7.0,1.0,-85.0
1777889350.6083324,-7.0,8.0,-92.0
1777889350.6183324,-3.0,7.0,-86.0
1777889350.6283324,-4.0,6.0,-82.0
1777889350.6383324,-5.0,3.0,-80.0
1777889350.6483324,-4.0,0.0,-75.0
1777889350.6583323,-1.0,-2.0,-75.0
1777889350.6683323,0.0,-4.0,-78.0
1777889350.6783323,1.0,-4.0,-74.0
1777889350.6883323,0.0,-1.0,-72.0
1777889350.6983323,0.0,-3.0,-73.0
1777889350.7083323,-2.0,-5.0,-77.0
1777889350.7183323,-1.0,-2.0,-76.0
1777889350.7283323,0.0,-1.0,-73.0
1777889350.7383325,-2.0,-2.0,-75.0
1777889350.7483325,-1.0,-4.0,-74.0
1777889350.7583325,-4.0,-6.0,-75.0
1777889350.7683325,-4.0,-7.0,-80.0
1777889350.7783325,-2.0,-5.0,-81.0
1777889350.7883325,1.0,-3.0,-79.0
1777889350.7983325,0.0,-7.0,-71.0
1777889350.8083324,-4.0,-6.0,-68.0
1777889350.8183324,-5.0,-5.0,-67.0
1777889350.8283324,-2.0,-5.0,-68.0
1777889350.8383324,-1.0,-7.0,-69.0
1777889350.8483324,3.0,-8.0,-71.0
1777889350.8583324,-2.0,-11.0,-71.0
1777889350.8683324,-6.0,-12.0,-75.0
1777889350.8783324,-7.0,-7.0,-69.0
1777889350.8883324,-3.0,-4.0,-82.0
1777889350.8983324,-2.0,-1.0,-82.0
1777889350.9083323,0.0,-1.0,-77.0
1777889350.9183323,1.0,-1.0,-82.0
1777889350.9283323,0.0,0.0,-84.0
1777889350.9383323,2.0,-3.0,-88.0
1777889350.9483323,5.0,0.0,-90.0
1777889350.9583323,6.0,1.0,-87.0
1777889350.9683323,6.0,4.0,-81.0
1777889350.9783323,9.0,4.0,-73.0
1777889350.9883325,9.0,6.0,-71.0
1777889350.9983325,9.0,4.0,-71.0
1777889351.0083325,4.0,0.0,-68.0
1777889351.0183325,6.0,0.0,-78.0
1777889351.0283325,8.0,1.0,-82.0
1777889351.0383325,3.0,3.0,-81.0
1777889351.0483325,4.0,5.0,-85.0
1777889351.0583324,2.0,0.0,-80.0
1777889351.0683324,3.0,0.0,-77.0
1777889351.0783324,5.0,0.0,-78.0
1777889351.0883324,4.0,0.0,-85.0
1777889351.0983324,5.0,-1.0,-82.0
1777889351.1083324,3.0,-3.0,-81.0
1777889351.1183324,2.0,-5.0,-76.0
1777889351.1283324,6.0,0.0,-64.0
1777889351.1383324,5.0,2.0,-58.0
1777889351.1483324,8.0,4.0,-62.0
1777889351.1583323,9.0,4.0,-61.0
1777889351.1683323,5.0,0.0,-64.0
1777889351.1783323,1.0,1.0,-71.0
1777889351.1883323,2.0,2.0,-73.0
1777889351.1983323,3.0,3.0,-71.0
1777889351.2083323,3.0,2.0,-69.0
1777889351.2183323,1.0,0.0,-66.0
1777889351.2283323,3.0,3.0,-63.0
1777889351.2383325,4.0,5.0,-65.0
1777889351.2483325,0.0,4.0,-72.0
1777889351.2583325,-1.0,3.0,-76.0
1777889351.2683325,-1.0,4.0,-76.0
1777889351.2783325,0.0,5.0,-77.0
1777889351.2883325,-2.0,9.0,-72.0
1777889351.2983325,0.0,7.0,-68.0
1777889351.3083324,-1.0,5.0,-72.0
1777889351.3183324,-3.0,7.0,-65.0
1777889351.3283324,1.0,4.0,-70.0
1777889351.3383324,-1.0,1.0,-72.0
1777889351.3483324,1.0,-3.0,-70.0
1777889351.3583324,3.0,-2.0,-68.0
1777889351.3683324,4.0,-2.0,-68.0
1777889351.3783324,3.0,-1.0,-71.0
1777889351.3883324,6.0,-2.0,-78.0
1777889351.3983324,8.0,-5.0,-77.0
1777889351.4083323,7.0,-3.0,-78.0
1777889351.4183323,7.0,-1.0,-80.0
1777889351.4283323,4.0,-1.0,-81.0
1777889351.4383323,0.0,0.0,-74.0
1777889351.4483323,0.0,-3.0,-71.0
1777889351.4583323,-1.0,-5.0,-74.0
1777889351.4683323,-3.0,-5.0,-73.0
1777889351.4783323,-1.0,-3.0,-75.0
1777889351.4883325,0.0,-5.0,-70.0
1777889351.4983325,0.0,-7.0,-71.0
1777889351.5083325,-1.0,-2.0,-79.0
1777889351.5183325,-9.0,-1.0,-88.0
1777889351.5283325,-7.0,-3.0,-88.0
1777889351.5383325,-9.0,-1.0,-82.0
1777889351.5483325,-9.0,0.0,-78.0
1777889351.5583324,-8.0,-6.0,-77.0
1777889351.5683324,-8.0,-8.0,-78.0
1777889351.5783324,-7.0,-8.0,-82.0
1777889351.5883324,-11.0,-6.0,-68.0
1777889351.5983324,-18.0,-3.0,-73.0
1777889351.6083324,-14.0,0.0,-69.0
1777889351.6183324,-7.0,2.0,-71.0
1777889351.6283324,-1.0,5.0,-72.0
1777889351.6383324,-2.0,2.0,-72.0
1777889351.6483324,-8.0,1.0,-63.0
1777889351.6583323,-9.0,-5.0,-72.0
1777889351.6683323,-2.0,-6.0,-79.0
1777889351.6783323,-7.0,-2.0,-80.0
1777889351.6883323,-4.0,-3.0,-83.0
1777889351.6983323,0.0,-1.0,-83.0
1777889351.7083323,0.0,2.0,-81.0
1777889351.7183323,-3.0,2.0,-79.0
1777889351.7283323,-1.0,4.0,-77.0
1777889351.7383325,0.0,3.0,-76.0
1777889351.7483325,2.0,2.0,-82.0
1777889351.7583325,-3.0,4.0,-82.0
1777889351.7683325,-10.0,3.0,-84.0
1777889351.7783325,-8.0,-2.0,-81.0
1777889351.7883325,-5.0,-4.0,-84.0
1777889351.7983325,0.0,-1.0,-82.0
1777889351.8083324,-1.0,-5.0,-79.0
1777889351.8183324,-3.0,-2.0,-88.0
1777889351.8283324,0.0,-4.0,-85.0
1777889351.8383324,-2.0,0.0,-81.0
1777889351.8493323,-7.0,0.0,-83.0
1777889351.8583324,-3.0,-2.0,-83.0
1777889351.8693323,1.0,2.0,-78.0
1777889351.8783324,0.0,1.0,-80.0
1777889351.8893323,0.0,2.0,-83.0
1777889351.8993323,3.0,4.0,-85.0
1777889351.9093325,0.0,2.0,-83.0
1777889351.9193325,1.0,0.0,-82.0
1777889351.9283323,-1.0,4.0,-88.0
1777889351.9393325,4.0,3.0,-85.0
1777889351.9493325,6.0,2.0,-81.0
1777889351.9593325,6.0,2.0,-79.0
1777889351.9693325,4.0,0.0,-80.0
1777889351.9793324,2.0,-1.0,-83.0
1777889351.9893324,4.0,0.0,-83.0
1777889351.9993324,1.0,0.0,-80.0
1777889352.0093324,-2.0,1.0,-79.0
1777889352.0193324,-4.0,3.0,-82.0
1777889352.0293324,-3.0,0.0,-82.0
1777889352.0393324,-1.0,-2.0,-83.0
1777889352.0493324,-2.0,-5.0,-82.0
1777889352.0593324,1.0,-8.0,-82.0
1777889352.0693324,0.0,-10.0,-75.0
1777889352.0793324,0.0,-8.0,-79.0
1777889352.0903325,-1.0,-8.0,-82.0
1777889352.0993323,-3.0,-6.0,-78.0
1777889352.1093323,-5.0,-3.0,-68.0
1777889352.1193323,-7.0,0.0,-67.0
1777889352.1293323,-6.0,2.0,-65.0
1777889352.1393323,0.0,4.0,-70.0
1777889352.1493323,-1.0,3.0,-75.0
1777889352.1593325,-2.0,0.0,-70.0
1777889352.1693325,-4.0,-2.0,-69.0
1777889352.1793325,-6.0,-4.0,-74.0
1777889352.1893325,-5.0,0.0,-72.0
1777889352.1993325,-5.0,0.0,-74.0
1777889352.2093325,1.0,0.0,-77.0
1777889352.2193325,0.0,2.0,-80.0
1777889352.2293324,-4.0,0.0,-80.0
1777889352.2393324,-5.0,0.0,-63.0
1777889352.2493324,-8.0,1.0,-65.0
1777889352.2593324,-7.0,0.0,-64.0
1777889352.2693324,-8.0,0.0,-71.0
1777889352.2793324,-5.0,6.0,-74.0
1777889352.2893324,-7.0,6.0,-73.0
1777889352.2993324,-3.0,3.0,-78.0
1777889352.3093324,-2.0,0.0,-78.0
1777889352.3193324,-4.0,-1.0,-77.0
1777889352.3293324,0.0,0.0,-68.0
1777889352.3393323,5.0,0.0,-73.0
1777889352.3493323,0.0,0.0,-69.0
1777889352.3593323,3.0,1.0,-66.0
1777889352.3693323,3.0,-2.0,-62.0
1777889352.3793323,3.0,-6.0,-66.0
1777889352.3893323,0.0,-9.0,-72.0
1777889352.3993323,1.0,-11.0,-76.0
1777889352.4093325,-3.0,-10.0,-73.0
1777889352.4193325,-1.0,-7.0,-75.0
1777889352.4293325,0.0,-3.0,-68.0
1777889352.4393325,0.0,-5.0,-72.0
1777889352.4493325,0.0,-3.0,-74.0
1777889352.4593325,2.0,-1.0,-72.0
1777889352.4693325,0.0,0.0,-75.0
1777889352.4793324,2.0,4.0,-70.0
1777889352.4893324,2.0,3.0,-67.0
1777889352.4993324,-4.0,4.0,-69.0
1777889352.5093324,-6.0,1.0,-65.0
1777889352.5193324,-9.0,0.0,-69.0
1777889352.5293324,-8.0,-3.0,-69.0
1777889352.5393324,-6.0,-10.0,-74.0
1777889352.5493324,-5.0,-7.0,-70.0
1777889352.5593324,-3.0,-2.0,-72.0
1777889352.5693324,-1.0,-1.0,-73.0
1777889352.5793324,5.0,0.0,-76.0
1777889352.5893323,-1.0,4.0,-72.0
1777889352.5993323,-1.0,2.0,-71.0
1777889352.6093323,0.0,0.0,-70.0
1777889352.6193323,-1.0,0.0,-67.0
1777889352.6293323,-4.0,0.0,-59.0
1777889352.6393323,-2.0,-3.0,-67.0
1777889352.6493323,0.0,-6.0,-70.0
1777889352.6593325,-3.0,-3.0,-71.0
1777889352.6693325,-2.0,-1.0,-73.0
1777889352.6793325,-5.0,-3.0,-69.0
1777889352.6893325,-5.0,-1.0,-69.0
1777889352.6993325,-5.0,0.0,-72.0
1777889352.7093325,-7.0,2.0,-69.0
1777889352.7193325,-3.0,0.0,-66.0
1777889352.7293324,2.0,0.0,-70.0
1777889352.7393324,4.0,0.0,-73.0
1777889352.7493324,1.0,-2.0,-75.0
1777889352.7593324,2.0,-1.0,-75.0
1777889352.7693324,0.0,-1.0,-72.0
1777889352.7793324,0.0,-2.0,-75.0
1777889352.7893324,0.0,0.0,-73.0
1777889352.7993324,-4.0,0.0,-74.0
1777889352.8093324,-6.0,0.0,-72.0
1777889352.8193324,-7.0,0.0,-71.0
1777889352.8293324,0.0,0.0,-67.0
1777889352.8393323,1.0,1.0,-73.0
1777889352.8493323,3.0,4.0,-78.0
1777889352.8593323,0.0,1.0,-74.0
1777889352.8693323,5.0,3.0,-70.0
1777889352.8793323,2.0,3.0,-64.0
1777889352.8893323,3.0,2.0,-65.0
1777889352.8993323,4.0,4.0,-66.0
1777889352.9093325,-1.0,2.0,-59.0
1777889352.9193325,1.0,1.0,-60.0
1777889352.9293325,-1.0,4.0,-63.0
1777889352.9393325,0.0,1.0,-64.0
1777889352.9493325,0.0,2.0,-67.0
1777889352.9593325,0.0,5.0,-65.0
1777889352.9693325,0.0,5.0,-65.0
1777889352.9793324,-6.0,5.0,-73.0
1777889352.9893324,-4.0,5.0,-80.0
1777889352.9993324,-1.0,0.0,-79.0
1777889353.0093324,3.0,1.0,-82.0
1777889353.0193324,2.0,2.0,-83.0
1777889353.0293324,0.0,3.0,-81.0
1777889353.0393324,0.0,4.0,-77.0
1777889353.0493324,0.0,7.0,-80.0
1777889353.0593324,0.0,3.0,-84.0
1777889353.0693324,-2.0,6.0,-79.0
1777889353.0793324,0.0,2.0,-75.0
1777889353.0893323,-3.0,0.0,-73.0
1777889353.0993323,-1.0,2.0,-74.0
1777889353.1093323,-1.0,-1.0,-76.0
1777889353.1193323,0.0,-2.0,-79.0
1777889353.1293323,-4.0,-2.0,-69.0
1777889353.1393323,-1.0,0.0,-73.0
1777889353.1493323,1.0,0.0,-78.0
1777889353.1593325,4.0,-1.0,-79.0
1777889353.1693325,4.0,2.0,-84.0
1777889353.1793325,4.0,3.0,-84.0
1777889353.1893325,3.0,0.0,-76.0
1777889353.1993325,0.0,-3.0,-75.0
1777889353.2093325,3.0,-2.0,-70.0
1777889353.2193325,7.0,0.0,-75.0
1777889353.2293324,1.0,0.0,-70.0
1777889353.2393324,0.0,0.0,-70.0
1777889353.2493324,-2.0,0.0,-74.0
1777889353.2593324,1.0,-1.0,-79.0
1777889353.2693324,3.0,0.0,-85.0
1777889353.2793324,3.0,-1.0,-85.0
1777889353.2893324,1.0,-1.0,-91.0
1777889353.2993324,3.0,2.0,-90.0
1777889353.3093324,3.0,6.0,-88.0
1777889353.3193324,5.0,4.0,-80.0
1777889353.3293324,4.0,2.0,-80.0
1777889353.3393323,5.0,3.0,-78.0
1777889353.3493323,2.0,5.0,-70.0
1777889353.3593323,2.0,5.0,-72.0
1777889353.3693323,1.0,-1.0,-70.0
1777889353.3793323,4.0,-2.0,-74.0
1777889353.3893323,4.0,-7.0,-76.0
1777889353.3993323,3.0,-7.0,-72.0
1777889353.4093325,1.0,-5.0,-74.0
1777889353.4193325,-5.0,-5.0,-83.0
1777889353.4293325,-3.0,-2.0,-79.0
1777889353.4393325,-4.0,-2.0,-73.0
1777889353.4493325,-1.0,-3.0,-76.0
1777889353.4593325,-3.0,-3.0,-74.0
1777889353.4693325,-1.0,0.0,-79.0
1777889353.4793324,-3.0,3.0,-87.0
1777889353.4893324,-2.0,1.0,-83.0
1777889353.4993324,0.0,0.0,-80.0
1777889353.5093324,2.0,-3.0,-77.0
1777889353.5193324,2.0,-4.0,-72.0
1777889353.5293324,3.0,-3.0,-74.0
1777889353.5393324,0.0,-1.0,-71.0
1777889353.5493324,4.0,-3.0,-73.0
1777889353.5593324,9.0,0.0,-75.0
1777889353.5693324,7.0,2.0,-77.0
1777889353.5793324,5.0,0.0,-76.0
1777889353.5893323,5.0,3.0,-83.0
1777889353.5993323,2.0,-4.0,-86.0
1777889353.6093323,-3.0,-8.0,-85.0
1777889353.6193323,-3.0,-7.0,-85.0
1777889353.6293323,1.0,-5.0,-82.0
1777889353.6393323,4.0,-6.0,-73.0
1777889353.6493323,0.0,-8.0,-68.0
1777889353.6593325,-4.0,-6.0,-68.0
1777889353.6693325,-6.0,-4.0,-68.0
1777889353.6793325,-4.0,0.0,-71.0
1777889353.6893325,0.0,-2.0,-74.0
1777889353.6993325,0.0,-1.0,-80.0
1777889353.7093325,-2.0,-1.0,-80.0
1777889353.7193325,-2.0,-1.0,-81.0
1777889353.7293324,2.0,0.0,-78.0
1777889353.7393324,4.0,1.0,-82.0
1777889353.7493324,0.0,0.0,-77.0
1777889353.7593324,0.0,0.0,-75.0
1777889353.7693324,0.0,0.0,-78.0
1777889353.7793324,2.0,-2.0,-80.0
1777889353.7893324,0.0,-7.0,-77.0
1777889353.7993324,0.0,-4.0,-79.0
1777889353.8093324,0.0,-8.0,-83.0
1777889353.8193324,1.0,-11.0,-85.0
1777889353.8293324,1.0,-7.0,-85.0
1777889353.8393323,0.0,-7.0,-88.0
1777889353.8493323,0.0,-10.0,-85.0
1777889353.8593323,3.0,-8.0,-84.0
1777889353.8703325,2.0,-10.0,-83.0
1777889353.8793323,0.0,-9.0,-81.0
1777889353.8903325,-2.0,-3.0,-81.0
1777889353.9003325,-2.0,1.0,-78.0
1777889353.9103324,-7.0,1.0,-73.0
1777889353.9203324,-5.0,5.0,-79.0
1777889353.9303324,-3.0,4.0,-89.0
1777889353.9403324,-3.0,4.0,-85.0
1777889353.9503324,-5.0,8.0,-84.0
1777889353.9603324,-5.0,8.0,-90.0
1777889353.9703324,-5.0,3.0,-86.0
1777889353.9803324,-5.0,5.0,-77.0
1777889353.9903324,-3.0,3.0,-65.0
1777889354.0003324,-4.0,5.0,-65.0
1777889354.0103323,-1.0,5.0,-76.0
1777889354.0203323,2.0,4.0,-80.0
1777889354.0303323,4.0,3.0,-76.0
1777889354.0403323,9.0,3.0,-78.0
1777889354.0503323,6.0,4.0,-79.0
1777889354.0603323,2.0,2.0,-77.0
1777889354.0703323,4.0,2.0,-74.0
1777889354.0803325,4.0,2.0,-71.0
1777889354.0903325,3.0,-1.0,-69.0
1777889354.1003325,5.0,-3.0,-72.0
1777889354.1103325,6.0,-6.0,-76.0
1777889354.1203325,7.0,-2.0,-75.0
1777889354.1303325,1.0,-3.0,-76.0
1777889354.1403325,1.0,-6.0,-79.0
1777889354.1503325,-4.0,-4.0,-83.0
1777889354.1603324,-5.0,-4.0,-81.0
1777889354.1703324,-3.0,-6.0,-78.0
1777889354.1803324,-3.0,-8.0,-76.0
1777889354.1903324,-1.0,-10.0,-74.0
1777889354.2003324,2.0,-7.0,-69.0
1777889354.2103324,1.0,-2.0,-69.0
1777889354.2203324,1.0,-5.0,-78.0
1777889354.2303324,-2.0,-5.0,-75.0
1777889354.2403324,-5.0,-3.0,-80.0
1777889354.2503324,-1.0,-3.0,-81.0
1777889354.2603323,-1.0,-4.0,-79.0
1777889354.2703323,-7.0,-4.0,-79.0
1777889354.2803323,-9.0,-6.0,-72.0
1777889354.2903323,-9.0,-4.0,-75.0
1777889354.3003323,-3.0,-5.0,-73.0
1777889354.3103323,-1.0,-5.0,-74.0
1777889354.3203323,0.0,-4.0,-71.0
1777889354.3303325,0.0,-4.0,-82.0
1777889354.3403325,0.0,-1.0,-75.0
1777889354.3503325,3.0,-2.0,-74.0
1777889354.3603325,5.0,0.0,-80.0
1777889354.3703325,0.0,0.0,-77.0
1777889354.3803325,-7.0,0.0,-74.0
1777889354.3903325,-7.0,0.0,-73.0
1777889354.4003325,-6.0,-1.0,-74.0
1777889354.4103324,-3.0,-3.0,-71.0
1777889354.4203324,-5.0,0.0,-71.0
1777889354.4303324,-3.0,0.0,-74.0
1777889354.4403324,-2.0,0.0,-73.0
1777889354.4503324,-2.0,-1.0,-67.0
1777889354.4603324,-1.0,-1.0,-69.0
1777889354.4703324,1.0,-5.0,-65.0
1777889354.4803324,0.0,-8.0,-66.0
1777889354.4903324,2.0,-11.0,-67.0
1777889354.5003324,0.0,-12.0,-73.0
1777889354.5103323,-3.0,-12.0,-67.0
1777889354.5203323,-5.0,-7.0,-72.0
1777889354.5303323,0.0,-6.0,-75.0
1777889354.5403323,2.0,-3.0,-80.0
1777889354.5503323,2.0,0.0,-77.0
1777889354.5603323,-1.0,-1.0,-77.0
1777889354.5703323,-2.0,-3.0,-84.0
1777889354.5803325,3.0,-7.0,-84.0
1777889354.5903325,7.0,-2.0,-81.0
1777889354.6003325,7.0,0.0,-85.0
1777889354.6103325,5.0,-2.0,-82.0
1777889354.6203325,8.0,0.0,-74.0
1777889354.6303325,9.0,0.0,-71.0
1777889354.6403325,8.0,-2.0,-71.0
1777889354.6503325,4.0,-6.0,-67.0
1777889354.6603324,4.0,-8.0,-73.0
1777889354.6703324,2.0,-3.0,-69.0
1777889354.6803324,1.0,2.0,-63.0
1777889354.6903324,2.0,1.0,-62.0
1777889354.7003324,2.0,-2.0,-69.0
1777889354.7103324,1.0,-1.0,-75.0
1777889354.7203324,0.0,-1.0,-77.0
1777889354.7303324,0.0,-3.0,-78.0
1777889354.7403324,0.0,-5.0,-71.0
1777889354.7503324,2.0,-2.0,-69.0
1777889354.7603323,5.0,0.0,-68.0
1777889354.7703323,6.0,-2.0,-71.0
1777889354.7803323,6.0,-6.0,-72.0
1777889354.7903323,4.0,-4.0,-63.0
1777889354.8003323,1.0,-5.0,-71.0
1777889354.8103323,0.0,-1.0,-83.0
1777889354.8203323,4.0,-6.0,-80.0
1777889354.8303325,3.0,-8.0,-84.0
1777889354.8403325,5.0,-7.0,-82.0
1777889354.8503325,4.0,-6.0,-80.0
1777889354.8603325,1.0,-1.0,-73.0
1777889354.8703325,1.0,2.0,-70.0
1777889354.8803325,0.0,0.0,-68.0
1777889354.8903325,-1.0,5.0,-70.0
1777889354.9003325,-2.0,4.0,-74.0
1777889354.9103324,-1.0,3.0,-73.0
1777889354.9203324,5.0,2.0,-70.0
1777889354.9303324,8.0,5.0,-69.0
1777889354.9403324,5.0,0.0,-73.0
1777889354.9503324,7.0,0.0,-66.0
1777889354.9603324,6.0,4.0,-65.0
1777889354.9703324,9.0,1.0,-65.0
1777889354.9803324,7.0,1.0,-64.0
1777889354.9903324,7.0,4.0,-66.0
1777889355.0003324,2.0,1.0,-71.0
1777889355.0103323,0.0,1.0,-72.0
1777889355.0203323,1.0,2.0,-74.0
1777889355.0303323,2.0,0.0,-71.0
1777889355.0403323,5.0,0.0,-69.0
1777889355.0503323,6.0,0.0,-65.0
1777889355.0603323,9.0,-1.0,-70.0
1777889355.0703323,9.0,0.0,-64.0
1777889355.0803325,8.0,2.0,-64.0
1777889355.0903325,1.0,5.0,-64.0
1777889355.1003325,4.0,5.0,-66.0
1777889355.1103325,4.0,2.0,-67.0
1777889355.1203325,-2.0,0.0,-68.0
1777889355.1303325,-5.0,0.0,-74.0
1777889355.1403325,-5.0,-1.0,-75.0
1777889355.1503325,-4.0,-7.0,-70.0
1777889355.1603324,3.0,-5.0,-69.0
1777889355.1703324,4.0,-8.0,-72.0
1777889355.1803324,3.0,-6.0,-73.0
1777889355.1903324,0.0,-5.0,-71.0
1777889355.2003324,1.0,-7.0,-72.0
1777889355.2103324,-2.0,-7.0,-72.0
1777889355.2203324,0.0,-4.0,-71.0
1777889355.2303324,2.0,-9.0,-80.0
1777889355.2403324,1.0,-11.0,-80.0
1777889355.2503324,0.0,-8.0,-74.0
1777889355.2603323,0.0,-9.0,-75.0
1777889355.2703323,4.0,-11.0,-73.0
1777889355.2803323,0.0,-10.0,-69.0
1777889355.2903323,0.0,-9.0,-70.0
1777889355.3003323,3.0,-8.0,-70.0
1777889355.3103323,2.0,-6.0,-66.0
1777889355.3203323,2.0,-6.0,-66.0
1777889355.3303325,1.0,-4.0,-67.0
1777889355.3403325,1.0,-7.0,-75.0
1777889355.3503325,1.0,-7.0,-80.0
1777889355.3603325,2.0,-2.0,-82.0
1777889355.3703325,1.0,-4.0,-77.0
1777889355.3803325,0.0,2.0,-75.0
1777889355.3903325,0.0,0.0,-73.0
1777889355.4003325,2.0,-4.0,-70.0
1777889355.4103324,5.0,-6.0,-71.0
1777889355.4203324,3.0,-6.0,-71.0
1777889355.4303324,5.0,-5.0,-75.0
1777889355.4403324,4.0,-3.0,-73.0
1777889355.4503324,3.0,0.0,-70.0
1777889355.4603324,4.0,-1.0,-71.0
1777889355.4703324,5.0,1.0,-70.0
1777889355.4803324,1.0,-2.0,-71.0
1777889355.4903324,-1.0,-6.0,-74.0
1777889355.5003324,-4.0,-4.0,-69.0
1777889355.5103323,-2.0,-3.0,-83.0
1777889355.5203323,0.0,-10.0,-77.0
1777889355.5303323,-1.0,-10.0,-69.0
1777889355.5403323,0.0,-10.0,-75.0
1777889355.5503323,4.0,-6.0,-82.0
1777889355.5603323,2.0,-5.0,-80.0
1777889355.5703323,0.0,-5.0,-79.0
1777889355.5803325,4.0,-1.0,-79.0
1777889355.5903325,5.0,0.0,-79.0
1777889355.6003325,3.0,-2.0,-78.0
1777889355.6103325,-1.0,-3.0,-79.0
1777889355.6203325,-4.0,-5.0,-78.0
1777889355.6303325,-5.0,-2.0,-80.0
1777889355.6403325,-6.0,2.0,-77.0
1777889355.6503325,-9.0,1.0,-71.0
1777889355.6603324,-6.0,0.0,-66.0
1777889355.6703324,-2.0,2.0,-66.0
1777889355.6803324,0.0,2.0,-72.0
1777889355.6903324,5.0,-2.0,-74.0
1777889355.7003324,5.0,-1.0,-75.0
1777889355.7103324,-2.0,0.0,-78.0
1777889355.7203324,-3.0,2.0,-81.0
1777889355.7303324,4.0,0.0,-72.0
1777889355.7403324,6.0,0.0,-71.0
1777889355.7503324,4.0,0.0,-77.0
1777889355.7603323,5.0,0.0,-81.0
1777889355.7703323,1.0,1.0,-81.0
1777889355.7803323,2.0,0.0,-78.0
1777889355.7903323,1.0,0.0,-78.0
1777889355.8003323,0.0,0.0,-82.0
1777889355.8103323,2.0,2.0,-76.0
1777889355.8203323,0.0,4.0,-78.0
1777889355.8303325,2.0,5.0,-69.0
1777889355.8403325,1.0,4.0,-70.0
1777889355.8513324,3.0,4.0,-76.0
1777889355.8613324,5.0,2.0,-80.0
1777889355.8713324,5.0,-2.0,-85.0
1777889355.8813324,5.0,-3.0,-85.0
1777889355.8913324,7.0,-3.0,-78.0
1777889355.9013324,2.0,-1.0,-83.0
1777889355.9103324,4.0,1.0,-84.0
1777889355.9213324,2.0,2.0,-83.0
1777889355.9313323,0.0,0.0,-83.0
1777889355.9413323,0.0,0.0,-77.0
1777889355.9513323,2.0,-5.0,-75.0
1777889355.9613323,0.0,-6.0,-72.0
1777889355.9713323,-3.0,-9.0,-69.0
1777889355.9813323,1.0,-6.0,-64.0
1777889355.9913323,3.0,-9.0,-66.0
1777889356.0013323,0.0,-9.0,-70.0
1777889356.0113325,4.0,-8.0,-73.0
1777889356.0213325,2.0,-5.0,-78.0
1777889356.0313325,-2.0,-5.0,-85.0
1777889356.0413325,2.0,-6.0,-89.0
1777889356.0513325,6.0,-4.0,-83.0
1777889356.0613325,4.0,-2.0,-75.0
1777889356.0713325,5.0,-5.0,-75.0
1777889356.0813324,6.0,-5.0,-65.0
1777889356.0913324,0.0,-7.0,-72.0
1777889356.1013324,0.0,-4.0,-74.0
1777889356.1113324,4.0,-9.0,-77.0
1777889356.1213324,0.0,-9.0,-81.0
1777889356.1313324,2.0,-4.0,-84.0
1777889356.1413324,0.0,-6.0,-81.0
1777889356.1513324,2.0,-6.0,-79.0
1777889356.1613324,0.0,-4.0,-75.0
1777889356.1713324,1.0,-6.0,-79.0
1777889356.1813323,2.0,-6.0,-80.0
1777889356.1913323,5.0,-8.0,-84.0
1777889356.2013323,0.0,-9.0,-80.0
1777889356.2113323,3.0,-8.0,-80.0
1777889356.2213323,4.0,-2.0,-76.0
1777889356.2313323,5.0,-2.0,-73.0
1777889356.2413323,3.0,-3.0,-76.0
1777889356.2513323,0.0,-4.0,-82.0
1777889356.2613325,1.0,-4.0,-80.0
1777889356.2713325,0.0,-5.0,-82.0
1777889356.2813325,-1.0,-2.0,-79.0
1777889356.2913325,0.0,0.0,-79.0
1777889356.3013325,-2.0,6.0,-70.0
1777889356.3113325,-4.0,6.0,-65.0
1777889356.3213325,-3.0,3.0,-65.0
1777889356.3313324,-2.0,0.0,-69.0
1777889356.3413324,-1.0,-2.0,-71.0
1777889356.3513324,0.0,-3.0,-72.0
1777889356.3613324,0.0,-2.0,-74.0
1777889356.3713324,0.0,0.0,-75.0
1777889356.3813324,2.0,0.0,-68.0
1777889356.3913324,0.0,0.0,-75.0
1777889356.4013324,-2.0,2.0,-78.0
1777889356.4113324,-4.0,3.0,-78.0
1777889356.4213324,-5.0,4.0,-76.0
1777889356.4313323,-6.0,4.0,-76.0
1777889356.4413323,-8.0,1.0,-78.0
1777889356.4513323,-5.0,3.0,-74.0
1777889356.4613323,-3.0,3.0,-76.0
1777889356.4713323,-4.0,7.0,-78.0
1777889356.4813323,-3.0,5.0,-82.0
1777889356.4913323,2.0,3.0,-80.0
1777889356.5013323,0.0,0.0,-83.0
1777889356.5113325,0.0,-2.0,-82.0
1777889356.5213325,1.0,-6.0,-77.0
1777889356.5313325,2.0,-6.0,-76.0
1777889356.5413325,4.0,-9.0,-77.0
1777889356.5513325,3.0,-7.0,-81.0
1777889356.5613325,8.0,-4.0,-76.0
1777889356.5713325,8.0,-3.0,-80.0
1777889356.5813324,4.0,0.0,-82.0
1777889356.5913324,-1.0,2.0,-83.0
1777889356.6013324,0.0,0.0,-83.0
1777889356.6113324,3.0,0.0,-85.0
1777889356.6213324,0.0,-3.0,-78.0
1777889356.6313324,-2.0,-5.0,-70.0
1777889356.6413324,-2.0,-3.0,-68.0
1777889356.6513324,4.0,2.0,-68.0
1777889356.6613324,7.0,2.0,-66.0
1777889356.6713324,8.0,3.0,-69.0
1777889356.6813323,7.0,4.0,-74.0
1777889356.6913323,4.0,2.0,-77.0
1777889356.7013323,1.0,3.0,-77.0
1777889356.7113323,2.0,1.0,-77.0
1777889356.7213323,-3.0,3.0,-76.0
1777889356.7313323,-3.0,2.0,-82.0
1777889356.7413323,-4.0,3.0,-81.0
1777889356.7513323,-5.0,8.0,-80.0
1777889356.7613325,-3.0,2.0,-83.0
1777889356.7713325,-2.0,-3.0,-85.0
1777889356.7813325,1.0,-6.0,-79.0
1777889356.7913325,0.0,-5.0,-78.0
1777889356.8013325,1.0,-2.0,-76.0
1777889356.8113325,0.0,0.0,-76.0
1777889356.8213325,-3.0,-1.0,-77.0
1777889356.8313324,-3.0,-3.0,-73.0
1777889356.8413324,2.0,2.0,-74.0
1777889356.8513324,2.0,1.0,-75.0
1777889356.8613324,-1.0,0.0,-75.0
1777889356.8713324,0.0,-1.0,-75.0
1777889356.8813324,-3.0,-3.0,-73.0
1777889356.8913324,-1.0,-4.0,-76.0
1777889356.9013324,5.0,-6.0,-83.0
1777889356.9113324,8.0,-6.0,-84.0
1777889356.9213324,7.0,-6.0,-83.0
1777889356.9313323,3.0,-10.0,-78.0
1777889356.9413323,5.0,-5.0,-77.0
1777889356.9513323,6.0,-8.0,-71.0
1777889356.9613323,2.0,-9.0,-69.0
1777889356.9713323,2.0,-10.0,-77.0
1777889356.9813323,3.0,-5.0,-73.0
1777889356.9913323,3.0,-6.0,-69.0
1777889357.0013323,3.0,-10.0,-72.0
1777889357.0113325,4.0,-11.0,-74.0
1777889357.0213325,0.0,-11.0,-79.0
1777889357.0313325,1.0,-11.0,-79.0
1777889357.0413325,0.0,-13.0,-73.0
1777889357.0513325,4.0,-12.0,-75.0
1777889357.0613325,3.0,-10.0,-77.0
1777889357.0713325,0.0,-7.0,-73.0
1777889357.0813324,0.0,-5.0,-69.0
1777889357.0913324,0.0,-4.0,-70.0
1777889357.1013324,4.0,-6.0,-75.0
1777889357.1113324,3.0,-5.0,-78.0
1777889357.1213324,5.0,-7.0,-74.0
1777889357.1313324,3.0,-1.0,-81.0
1777889357.1413324,2.0,-4.0,-78.0
1777889357.1513324,1.0,-8.0,-78.0
1777889357.1613324,1.0,-4.0,-78.0
1777889357.1713324,4.0,-9.0,-77.0
1777889357.1813323,4.0,-11.0,-75.0
1777889357.1913323,6.0,-12.0,-76.0
1777889357.2013323,6.0,-8.0,-80.0
1777889357.2113323,7.0,-8.0,-75.0
1777889357.2213323,5.0,-6.0,-80.0
1777889357.2313323,1.0,-5.0,-76.0
1777889357.2413323,-2.0,-6.0,-77.0
1777889357.2513323,-5.0,-3.0,-74.0
1777889357.2613325,-5.0,-6.0,-72.0
1777889357.2713325,-1.0,-7.0,-68.0
1777889357.2813325,-3.0,-7.0,-70.0
1777889357.2913325,-4.0,-5.0,-71.0
1777889357.3013325,-2.0,-6.0,-72.0
1777889357.3113325,-4.0,-7.0,-73.0
1777889357.3213325,-3.0,-8.0,-78.0
1777889357.3313324,0.0,-7.0,-78.0
1777889357.3413324,2.0,-7.0,-75.0
1777889357.3513324,5.0,-7.0,-78.0
1777889357.3613324,0.0,-3.0,-75.0
1777889357.3713324,-2.0,-3.0,-71.0
1777889357.3813324,-4.0,0.0,-68.0
1777889357.3913324,-3.0,0.0,-69.0
1777889357.4013324,-2.0,-4.0,-67.0
1777889357.4113324,-1.0,-7.0,-74.0
1777889357.4213324,-4.0,-3.0,-76.0
1777889357.4313323,-2.0,-1.0,-77.0
1777889357.4413323,1.0,-4.0,-74.0
1777889357.4513323,2.0,-2.0,-75.0
1777889357.4613323,3.0,-3.0,-75.0
1777889357.4713323,2.0,-3.0,-72.0
1777889357.4813323,0.0,-4.0,-73.0
1777889357.4913323,0.0,-5.0,-73.0
1777889357.5013323,1.0,0.0,-69.0
1777889357.5113325,3.0,2.0,-68.0
1777889357.5213325,2.0,0.0,-70.0
1777889357.5313325,5.0,-1.0,-70.0
1777889357.5413325,5.0,-2.0,-73.0
1777889357.5513325,14.0,0.0,-75.0
1777889357.5613325,14.0,1.0,-68.0
1777889357.5713325,13.0,-1.0,-65.0
1777889357.5813324,9.0,-4.0,-73.0
1777889357.5913324,5.0,-5.0,-72.0
1777889357.6013324,0.0,-8.0,-71.0
1777889357.6113324,2.0,-6.0,-74.0
1777889357.6213324,0.0,-9.0,-78.0
1777889357.6313324,-1.0,-12.0,-81.0
1777889357.6413324,2.0,-9.0,-78.0
1777889357.6513324,2.0,-8.0,-83.0
1777889357.6613324,0.0,-5.0,-82.0
1777889357.6713324,1.0,-5.0,-82.0
1777889357.6813323,2.0,-4.0,-86.0
1777889357.6913323,3.0,-3.0,-87.0
1777889357.7013323,2.0,-4.0,-77.0
1777889357.7113323,2.0,-4.0,-72.0
1777889357.7213323,0.0,-6.0,-71.0
1777889357.7313323,0.0,-6.0,-67.0
1777889357.7413323,-1.0,-5.0,-67.0
1777889357.7513323,1.0,-7.0,-74.0
1777889357.7613325,0.0,-6.0,-81.0
1777889357.7713325,0.0,-8.0,-76.0
1777889357.7813325,1.0,-7.0,-77.0
1777889357.7913325,0.0,-6.0,-81.0
1777889357.8013325,0.0,-3.0,-77.0
1777889357.8113325,0.0,-2.0,-78.0
1777889357.8213325,0.0,-1.0,-76.0
1777889357.8323324,0.0,-2.0,-78.0
1777889357.8413324,2.0,0.0,-65.0
1777889357.8523324,3.0,2.0,-61.0
1777889357.8623323,6.0,5.0,-67.0
1777889357.8723323,9.0,5.0,-75.0
1777889357.8823323,11.0,7.0,-77.0
1777889357.8923323,7.0,8.0,-72.0
1777889357.9023323,5.0,9.0,-71.0
1777889357.9123323,4.0,3.0,-69.0
1777889357.9223323,1.0,3.0,-68.0
1777889357.9323325,-2.0,5.0,-70.0
1777889357.9423325,-7.0,0.0,-75.0
1777889357.9513323,-4.0,-3.0,-77.0
1777889357.9623325,-2.0,-1.0,-80.0
1777889357.9723325,-1.0,-5.0,-85.0
1777889357.9823325,-4.0,-5.0,-80.0
1777889357.9923325,-6.0,-8.0,-77.0
1777889358.0023324,-2.0,-4.0,-75.0
1777889358.0123324,-3.0,-3.0,-76.0
1777889358.0223324,0.0,2.0,-68.0
1777889358.0323324,2.0,1.0,-69.0
1777889358.0423324,1.0,0.0,-77.0
1777889358.0523324,-1.0,0.0,-78.0
1777889358.0623324,0.0,-2.0,-67.0
1777889358.0723324,0.0,-2.0,-61.0
1777889358.0823324,-1.0,-1.0,-60.0
1777889358.0923324,1.0,0.0,-64.0
1777889358.1023324,0.0,0.0,-64.0
1777889358.1123323,-1.0,-3.0,-64.0
1777889358.1223323,-2.0,-3.0,-69.0
1777889358.1323323,-3.0,-3.0,-73.0
1777889358.1423323,-6.0,-4.0,-73.0
1777889358.1523323,-5.0,-3.0,-78.0
1777889358.1623323,-5.0,-5.0,-79.0
1777889358.1723323,-7.0,-3.0,-77.0
1777889358.1823325,-3.0,-3.0,-78.0
1777889358.1923325,2.0,0.0,-77.0
1777889358.2023325,3.0,-2.0,-86.0
1777889358.2123325,0.0,-2.0,-84.0
1777889358.2223325,0.0,-2.0,-90.0
1777889358.2323325,1.0,2.0,-89.0
1777889358.2423325,0.0,4.0,-83.0
1777889358.2523324,-1.0,5.0,-80.0
1777889358.2623324,-2.0,2.0,-79.0
1777889358.2723324,-1.0,0.0,-78.0
1777889358.2833323,2.0,-5.0,-76.0
1777889358.2923324,4.0,-4.0,-80.0
1777889358.3023324,6.0,-2.0,-80.0
1777889358.3123324,7.0,-2.0,-79.0
1777889358.3223324,9.0,0.0,-83.0
1777889358.3323324,7.0,0.0,-83.0
1777889358.3423324,4.0,0.0,-85.0
1777889358.3523324,5.0,-3.0,-77.0
1777889358.3623323,0.0,-7.0,-80.0
1777889358.3723323,1.0,-9.0,-86.0
1777889358.3823323,2.0,-8.0,-85.0
1777889358.3923323,2.0,-6.0,-84.0
1777889358.4023323,3.0,-5.0,-81.0
1777889358.4123323,8.0,-6.0,-73.0
1777889358.4223323,2.0,-8.0,-72.0
1777889358.4323325,0.0,-3.0,-75.0
1777889358.4423325,0.0,-1.0,-77.0
1777889358.4523325,1.0,0.0,-71.0
1777889358.4623325,0.0,1.0,-74.0
1777889358.4723325,4.0,-1.0,-74.0
1777889358.4823325,5.0,-1.0,-75.0
1777889358.4923325,2.0,-2.0,-74.0
1777889358.5023324,0.0,-3.0,-73.0
1777889358.5123324,0.0,-4.0,-76.0
1777889358.5223324,0.0,-1.0,-79.0
1777889358.5323324,0.0,-6.0,-80.0
1777889358.5423324,0.0,-9.0,-77.0
1777889358.5523324,2.0,-9.0,-73.0
1777889358.5623324,2.0,-4.0,-71.0
1777889358.5723324,2.0,-2.0,-73.0
1777889358.5823324,3.0,-4.0,-79.0
1777889358.5923324,8.0,-2.0,-81.0
1777889358.6023324,7.0,-4.0,-79.0
1777889358.6123323,1.0,-2.0,-78.0
1777889358.6223323,-3.0,3.0,-75.0
1777889358.6323323,0.0,0.0,-74.0
1777889358.6423323,1.0,-1.0,-74.0
1777889358.6523323,1.0,-1.0,-75.0
1777889358.6623323,0.0,-2.0,-75.0
1777889358.6723323,2.0,0.0,-74.0
1777889358.6823325,0.0,-2.0,-72.0
1777889358.6923325,-2.0,-3.0,-73.0
1777889358.7023325,-4.0,0.0,-75.0
1777889358.7123325,0.0,-2.0,-69.0
1777889358.7223325,3.0,2.0,-79.0
1777889358.7323325,5.0,-1.0,-86.0
1777889358.7423325,5.0,0.0,-82.0
1777889358.7523324,4.0,-3.0,-76.0
1777889358.7623324,3.0,-5.0,-71.0
1777889358.7723324,1.0,0.0,-78.0
1777889358.7823324,-1.0,1.0,-80.0
1777889358.7923324,3.0,0.0,-76.0
1777889358.8023324,4.0,-2.0,-76.0
1777889358.8123324,4.0,0.0,-74.0
1777889358.8223324,3.0,0.0,-75.0
1777889358.8323324,5.0,-4.0,-76.0
1777889358.8423324,2.0,-5.0,-81.0
1777889358.8523324,2.0,-4.0,-81.0
1777889358.8623323,4.0,0.0,-81.0
1777889358.8723323,3.0,5.0,-74.0
1777889358.8823323,2.0,8.0,-74.0
1777889358.8923323,4.0,5.0,-71.0
1777889358.9023323,-1.0,2.0,-66.0
1777889358.9123323,0.0,1.0,-73.0
1777889358.9223323,0.0,2.0,-78.0
1777889358.9323325,3.0,0.0,-79.0
1777889358.9423325,4.0,-5.0,-77.0
1777889358.9523325,8.0,-3.0,-73.0
1777889358.9623325,5.0,0.0,-76.0
1777889358.9723325,7.0,0.0,-76.0
1777889358.9823325,0.0,1.0,-73.0
1777889358.9923325,1.0,-2.0,-76.0
1777889359.0023324,-2.0,-1.0,-80.0
1777889359.0123324,0.0,-4.0,-81.0
1777889359.0223324,0.0,-2.0,-85.0
1777889359.0323324,1.0,0.0,-80.0
1777889359.0423324,0.0,0.0,-79.0
1777889359.0523324,-2.0,0.0,-81.0
1777889359.0623324,-6.0,0.0,-78.0
1777889359.0723324,-5.0,1.0,-79.0
1777889359.0823324,-3.0,4.0,-80.0
1777889359.0923324,-4.0,5.0,-84.0
1777889359.1023324,-4.0,3.0,-79.0
1777889359.1123323,3.0,6.0,-75.0
1777889359.1223323,2.0,3.0,-75.0
1777889359.1323323,0.0,1.0,-74.0
1777889359.1423323,0.0,1.0,-72.0
1777889359.1523323,-4.0,2.0,-79.0
1777889359.1623323,-3.0,-1.0,-79.0
1777889359.1723323,-5.0,-7.0,-87.0
1777889359.1823325,-3.0,-7.0,-79.0
1777889359.1923325,-3.0,-7.0,-76.0
1777889359.2023325,0.0,-9.0,-77.0
1777889359.2123325,2.0,-2.0,-79.0
1777889359.2223325,0.0,2.0,-79.0
1777889359.2323325,0.0,5.0,-73.0
1777889359.2423325,1.0,4.0,-71.0
1777889359.2523324,3.0,3.0,-72.0
1777889359.2623324,5.0,0.0,-70.0
1777889359.2723324,6.0,-1.0,-69.0
1777889359.2823324,3.0,0.0,-79.0
1777889359.2923324,-1.0,-1.0,-80.0
1777889359.3023324,-5.0,0.0,-82.0
1777889359.3123324,-5.0,3.0,-78.0
1777889359.3223324,-1.0,5.0,-76.0
1777889359.3323324,-3.0,4.0,-76.0
1777889359.3423324,-5.0,4.0,-78.0
1777889359.3523324,-2.0,4.0,-75.0
1777889359.3623323,0.0,4.0,-76.0
1777889359.3723323,0.0,1.0,-76.0
1777889359.3823323,1.0,4.0,-75.0
1777889359.3923323,1.0,3.0,-75.0
1777889359.4023323,0.0,0.0,-78.0
1777889359.4123323,0.0,0.0,-76.0
1777889359.4223323,2.0,0.0,-79.0
1777889359.4323325,0.0,2.0,-78.0
1777889359.4423325,-3.0,0.0,-76.0
1777889359.4523325,-1.0,0.0,-77.0
1777889359.4633324,-1.0,1.0,-76.0
1777889359.4723325,-4.0,3.0,-81.0
1777889359.4823325,-1.0,0.0,-84.0
1777889359.4923325,0.0,-1.0,-86.0
1777889359.5023324,1.0,-1.0,-65.0
1777889359.5123324,0.0,0.0,-63.0
1777889359.5223324,0.0,0.0,-62.0
1777889359.5323324,-2.0,3.0,-66.0
1777889359.5423324,2.0,6.0,-65.0
1777889359.5523324,0.0,2.0,-72.0
1777889359.5623324,1.0,0.0,-65.0
1777889359.5723324,0.0,0.0,-64.0
1777889359.5823324,-3.0,1.0,-66.0
1777889359.5923324,-6.0,-3.0,-70.0
1777889359.6023324,0.0,-4.0,-70.0
1777889359.6123323,-1.0,-7.0,-68.0
1777889359.6223323,-8.0,-6.0,-67.0
1777889359.6323323,-12.0,-5.0,-64.0
1777889359.6423323,-7.0,-3.0,-67.0
1777889359.6523323,-3.0,-4.0,-66.0
1777889359.6623323,6.0,-2.0,-67.0
1777889359.6723323,1.0,-7.0,-71.0
1777889359.6823325,-1.0,-7.0,-75.0
1777889359.6923325,-1.0,-8.0,-68.0
1777889359.7023325,0.0,-12.0,-71.0
1777889359.7123325,-6.0,-11.0,-73.0
1777889359.7223325,-8.0,-12.0,-64.0
1777889359.7323325,-5.0,-11.0,-66.0
1777889359.7423325,-5.0,-6.0,-69.0
1777889359.7523324,-2.0,-1.0,-82.0
1777889359.7623324,-2.0,-2.0,-73.0
1777889359.7723324,-6.0,0.0,-69.0
1777889359.7823324,-6.0,-2.0,-71.0
1777889359.7923324,-6.0,0.0,-70.0
1777889359.8033323,-1.0,-1.0,-73.0
1777889359.8133323,1.0,0.0,-79.0
1777889359.8233323,2.0,-1.0,-71.0
1777889359.8333323,1.0,0.0,-70.0
1777889359.8433323,4.0,-2.0,-70.0
1777889359.8533323,6.0,-2.0,-73.0
1777889359.8633325,5.0,-1.0,-73.0
1777889359.8733325,0.0,3.0,-82.0
1777889359.8833325,-1.0,3.0,-81.0
1777889359.8933325,1.0,-1.0,-74.0
1777889359.9033325,2.0,-1.0,-73.0
1777889359.9133325,7.0,2.0,-67.0
1777889359.9233325,10.0,0.0,-67.0
1777889359.9333324,7.0,0.0,-62.0
1777889359.9433324,3.0,-4.0,-69.0
1777889359.9533324,0.0,-4.0,-73.0
1777889359.9633324,-3.0,-2.0,-63.0
1777889359.9733324,-5.0,1.0,-67.0
1777889359.9833324,-3.0,-2.0,-73.0
1777889359.9933324,-3.0,0.0,-76.0
1777889360.0033324,-3.0,1.0,-72.0
1777889360.0133324,-3.0,-6.0,-72.0
1777889360.0233324,-6.0,-10.0,-79.0
1777889360.0333323,-6.0,-8.0,-80.0
1777889360.0433323,0.0,-10.0,-79.0
1777889360.0533323,0.0,-6.0,-79.0
1777889360.0633323,-2.0,-3.0,-76.0
1777889360.0733323,0.0,-7.0,-72.0
1777889360.0833323,3.0,-10.0,-71.0
1777889360.0933323,2.0,-11.0,-67.0
1777889360.1033323,1.0,-8.0,-67.0
1777889360.1133325,1.0,-8.0,-69.0
1777889360.1233325,1.0,-6.0,-70.0
1777889360.1333325,2.0,-4.0,-70.0
1777889360.1433325,1.0,-5.0,-72.0
1777889360.1533325,1.0,-6.0,-73.0
1777889360.1633325,2.0,-3.0,-78.0
1777889360.1733325,3.0,-1.0,-77.0
1777889360.1833324,4.0,-4.0,-75.0
1777889360.1933324,5.0,-5.0,-76.0
1777889360.2033324,2.0,-7.0,-73.0
1777889360.2133324,1.0,-7.0,-65.0
1777889360.2233324,-1.0,-1.0,-63.0
1777889360.2333324,-2.0,-1.0,-68.0
1777889360.2433324,-2.0,0.0,-65.0
1777889360.2533324,-6.0,-3.0,-78.0
1777889360.2633324,-7.0,-2.0,-73.0
1777889360.2733324,-5.0,2.0,-78.0
1777889360.2833323,-4.0,2.0,-80.0
1777889360.2933323,-5.0,3.0,-85.0
1777889360.3033323,-8.0,1.0,-85.0
1777889360.3133323,-8.0,-3.0,-85.0
1777889360.3233323,-8.0,-7.0,-79.0
1777889360.3333323,-8.0,-4.0,-75.0
1777889360.3433323,-4.0,-4.0,-68.0
1777889360.3533323,-2.0,-2.0,-66.0
1777889360.3633325,-3.0,-5.0,-68.0
1777889360.3733325,-2.0,-7.0,-73.0
1777889360.3833325,-1.0,-3.0,-72.0
1777889360.3933325,-5.0,0.0,-73.0
1777889360.4033325,-3.0,-2.0,-75.0
1777889360.4133325,-3.0,-2.0,-83.0
1777889360.4233325,-1.0,-1.0,-80.0
1777889360.4333324,0.0,1.0,-80.0
1777889360.4433324,3.0,0.0,-79.0
1777889360.4533324,0.0,-1.0,-78.0
1777889360.4633324,3.0,-2.0,-73.0
1777889360.4733324,0.0,-3.0,-75.0
1777889360.4833324,0.0,1.0,-72.0
1777889360.4933324,4.0,4.0,-76.0
1777889360.5033324,7.0,4.0,-84.0
1777889360.5133324,8.0,0.0,-85.0
1777889360.5233324,5.0,0.0,-86.0
1777889360.5333323,6.0,0.0,-81.0
1777889360.5433323,3.0,-1.0,-76.0
1777889360.5533323,7.0,0.0,-72.0
1777889360.5633323,0.0,0.0,-75.0
1777889360.5733323,-5.0,-1.0,-70.0
1777889360.5833323,0.0,-4.0,-68.0
1777889360.5933323,0.0,-3.0,-70.0
1777889360.6033323,5.0,-4.0,-69.0
1777889360.6133325,2.0,1.0,-70.0
1777889360.6233325,0.0,0.0,-74.0
1777889360.6333325,-3.0,0.0,-78.0
1777889360.6433325,-4.0,-2.0,-73.0
1777889360.6533325,-6.0,-3.0,-71.0
1777889360.6633325,-5.0,-5.0,-72.0
1777889360.6733325,0.0,-10.0,-75.0
1777889360.6833324,3.0,-9.0,-74.0
1777889360.6933324,1.0,-8.0,-72.0
1777889360.7033324,0.0,-8.0,-68.0
1777889360.7133324,1.0,-6.0,-66.0
1777889360.7233324,2.0,-2.0,-68.0
1777889360.7333324,2.0,0.0,-70.0
1777889360.7433324,0.0,-1.0,-80.0
1777889360.7533324,-5.0,-2.0,-81.0
1777889360.7633324,-5.0,-5.0,-80.0
1777889360.7733324,0.0,-5.0,-75.0
1777889360.7833323,-2.0,-5.0,-80.0
1777889360.7933323,-3.0,-4.0,-78.0
1777889360.8033323,-2.0,-3.0,-79.0
1777889360.8133323,-7.0,-6.0,-76.0
1777889360.8233323,-6.0,-6.0,-62.0
1777889360.8333323,-6.0,-5.0,-63.0
1777889360.8433323,-10.0,-7.0,-63.0
1777889360.8533323,-10.0,-7.0,-66.0
1777889360.8633325,-9.0,-2.0,-69.0
1777889360.8733325,-7.0,2.0,-72.0
1777889360.8833325,-5.0,5.0,-67.0
1777889360.8933325,-2.0,1.0,-65.0
1777889360.9033325,-3.0,4.0,-62.0
1777889360.9133325,0.0,4.0,-61.0
1777889360.9233325,2.0,1.0,-52.0
1777889360.9333324,2.0,0.0,-55.0
1777889360.9433324,3.0,-5.0,-64.0
1777889360.9533324,2.0,-6.0,-70.0
1777889360.9633324,5.0,-4.0,-74.0
1777889360.9733324,7.0,0.0,-71.0
1777889360.9833324,4.0,0.0,-68.0
1777889360.9933324,3.0,2.0,-75.0
1777889361.0033324,3.0,3.0,-80.0
1777889361.0133324,4.0,1.0,-73.0
1777889361.0233324,4.0,-1.0,-69.0
1777889361.0333323,1.0,-2.0,-68.0
1777889361.0433323,1.0,-5.0,-69.0
1777889361.0533323,1.0,-2.0,-62.0
1777889361.0633323,0.0,0.0,-60.0
1777889361.0733323,2.0,0.0,-61.0
1777889361.0833323,5.0,2.0,-68.0
1777889361.0933323,-1.0,0.0,-69.0
1777889361.1033323,-5.0,-3.0,-66.0
1777889361.1133325,-3.0,-5.0,-64.0
1777889361.1233325,-4.0,-3.0,-66.0
1777889361.1333325,-4.0,-4.0,-67.0
1777889361.1433325,-2.0,-4.0,-65.0
1777889361.1533325,0.0,-3.0,-69.0
1777889361.1633325,0.0,-3.0,-64.0
1777889361.1733325,1.0,-4.0,-74.0
1777889361.1833324,0.0,-4.0,-81.0
1777889361.1933324,2.0,0.0,-82.0
1777889361.2033324,4.0,-1.0,-76.0
1777889361.2133324,3.0,-1.0,-78.0
1777889361.2233324,1.0,-1.0,-78.0
1777889361.2333324,2.0,-2.0,-76.0
1777889361.2433324,3.0,-2.0,-74.0
1777889361.2533324,6.0,-5.0,-70.0
1777889361.2633324,7.0,-6.0,-66.0
1777889361.2733324,4.0,-5.0,-67.0
1777889361.2833323,3.0,-4.0,-75.0
1777889361.2933323,1.0,-1.0,-74.0
1777889361.3033323,0.0,-2.0,-73.0
1777889361.3133323,0.0,2.0,-69.0
1777889361.3233323,0.0,0.0,-70.0
1777889361.3333323,1.0,-1.0,-71.0
1777889361.3433323,0.0,0.0,-73.0
1777889361.3533323,-4.0,2.0,-78.0
1777889361.3633325,-6.0,1.0,-73.0
1777889361.3733325,-6.0,1.0,-69.0
1777889361.3833325,-6.0,1.0,-70.0
1777889361.3933325,-6.0,2.0,-70.0
1777889361.4033325,-4.0,2.0,-70.0
1777889361.4133325,-7.0,3.0,-77.0
1777889361.4233325,-9.0,7.0,-77.0
1777889361.4333324,-7.0,4.0,-82.0
1777889361.4433324,-4.0,0.0,-87.0
1777889361.4533324,-1.0,-1.0,-86.0
1777889361.4633324,-4.0,0.0,-80.0
1777889361.4733324,-4.0,-4.0,-76.0
1777889361.4833324,-1.0,-3.0,-76.0
1777889361.4933324,-6.0,-3.0,-81.0
1777889361.5033324,-3.0,-3.0,-79.0
1777889361.5133324,-1.0,-5.0,-78.0
1777889361.5233324,0.0,-6.0,-84.0
1777889361.5333323,-5.0,-11.0,-81.0
1777889361.5433323,-8.0,-7.0,-75.0
1777889361.5533323,-11.0,-1.0,-73.0
1777889361.5633323,-9.0,4.0,-69.0
1777889361.5733323,-7.0,5.0,-67.0
1777889361.5833323,-4.0,4.0,-69.0
1777889361.5933323,-3.0,4.0,-67.0
1777889361.6033323,-4.0,6.0,-69.0
1777889361.6133325,-2.0,0.0,-72.0
1777889361.6233325,0.0,0.0,-68.0
1777889361.6333325,1.0,-1.0,-67.0
1777889361.6433325,-3.0,1.0,-73.0
1777889361.6533325,-4.0,0.0,-75.0
1777889361.6633325,-6.0,2.0,-73.0
1777889361.6733325,-6.0,2.0,-77.0
1777889361.6833324,1.0,-1.0,-73.0
1777889361.6933324,6.0,-1.0,-69.0
1777889361.7033324,4.0,-1.0,-68.0
1777889361.7133324,4.0,-5.0,-75.0
1777889361.7233324,6.0,-9.0,-74.0
1777889361.7333324,7.0,-7.0,-72.0
1777889361.7433324,11.0,-9.0,-74.0
1777889361.7533324,6.0,-6.0,-79.0
1777889361.7633324,1.0,-4.0,-76.0
1777889361.7733324,1.0,-2.0,-79.0
1777889361.7833323,2.0,1.0,-80.0
1777889361.7933323,-1.0,2.0,-77.0
1777889361.8043325,0.0,-2.0,-81.0
1777889361.8143325,-2.0,-1.0,-81.0
1777889361.8233323,-1.0,2.0,-86.0
1777889361.8343325,0.0,4.0,-88.0
1777889361.8443325,1.0,7.0,-85.0
1777889361.8543324,2.0,11.0,-85.0
1777889361.8643324,0.0,12.0,-82.0
1777889361.8743324,-2.0,9.0,-78.0
1777889361.8843324,-2.0,7.0,-73.0
1777889361.8943324,-4.0,6.0,-74.0
1777889361.9043324,-7.0,4.0,-71.0
1777889361.9143324,-2.0,2.0,-81.0
1777889361.9243324,-3.0,4.0,-80.0
1777889361.9343324,-1.0,2.0,-79.0
1777889361.9443324,0.0,5.0,-72.0
1777889361.9543324,4.0,1.0,-67.0
1777889361.9643323,7.0,-2.0,-66.0
1777889361.9743323,7.0,-1.0,-63.0
1777889361.9843323,2.0,-7.0,-62.0
1777889361.9943323,-1.0,-6.0,-73.0
1777889362.0043323,-2.0,-4.0,-75.0
1777889362.0143323,-4.0,-4.0,-71.0
1777889362.0243323,-1.0,-3.0,-75.0
1777889362.0343325,0.0,-3.0,-74.0
1777889362.0443325,2.0,0.0,-73.0
1777889362.0543325,3.0,0.0,-74.0
1777889362.0643325,3.0,2.0,-73.0
1777889362.0743325,3.0,-1.0,-81.0
1777889362.0843325,4.0,0.0,-76.0
1777889362.0943325,7.0,5.0,-73.0
1777889362.1043324,5.0,3.0,-70.0
1777889362.1143324,6.0,0.0,-65.0
1777889362.1243324,4.0,0.0,-68.0
1777889362.1343324,4.0,-4.0,-75.0
1777889362.1443324,3.0,-7.0,-83.0
1777889362.1543324,4.0,-6.0,-80.0
1777889362.1643324,0.0,-6.0,-77.0
1777889362.1743324,2.0,-5.0,-80.0
1777889362.1843324,0.0,-5.0,-83.0
1777889362.1943324,-1.0,-3.0,-83.0
1777889362.2043324,1.0,-2.0,-84.0
1777889362.2143323,3.0,-2.0,-81.0
1777889362.2243323,2.0,-1.0,-80.0
1777889362.2343323,-3.0,-1.0,-74.0
1777889362.2443323,-9.0,-2.0,-72.0
1777889362.2543323,-9.0,-5.0,-71.0
1777889362.2643323,-9.0,-2.0,-74.0
1777889362.2743323,-9.0,0.0,-72.0
1777889362.2843325,-6.0,-1.0,-78.0
1777889362.2943325,-2.0,-2.0,-76.0
1777889362.3043325,-5.0,-4.0,-78.0
1777889362.3143325,-5.0,-4.0,-77.0
1777889362.3243325,-7.0,-6.0,-77.0
1777889362.3343325,-3.0,-4.0,-77.0
1777889362.3443325,1.0,-1.0,-76.0
1777889362.3543324,3.0,-1.0,-78.0
1777889362.3643324,4.0,2.0,-83.0
1777889362.3743324,5.0,0.0,-83.0
1777889362.3843324,6.0,-2.0,-82.0
1777889362.3943324,8.0,-2.0,-84.0
1777889362.4043324,11.0,0.0,-81.0
1777889362.4143324,8.0,3.0,-73.0
1777889362.4243324,3.0,1.0,-81.0
1777889362.4343324,-3.0,0.0,-77.0
1777889362.4443324,-3.0,1.0,-76.0
1777889362.4543324,-2.0,6.0,-81.0
1777889362.4643323,-2.0,2.0,-72.0
1777889362.4743323,-3.0,0.0,-69.0
1777889362.4843323,-4.0,0.0,-65.0
1777889362.4943323,0.0,0.0,-62.0
1777889362.5043323,0.0,1.0,-67.0
1777889362.5143323,-5.0,1.0,-68.0
1777889362.5243323,-1.0,1.0,-72.0
1777889362.5343325,4.0,1.0,-69.0
1777889362.5443325,4.0,4.0,-72.0
1777889362.5543325,6.0,7.0,-83.0
1777889362.5643325,7.0,3.0,-81.0
1777889362.5743325,7.0,2.0,-75.0
1777889362.5843325,6.0,-1.0,-79.0
1777889362.5943325,2.0,-3.0,-87.0
1777889362.6043324,4.0,-5.0,-93.0
1777889362.6143324,5.0,-7.0,-83.0
1777889362.6243324,5.0,-8.0,-82.0
1777889362.6343324,2.0,-6.0,-80.0
1777889362.6443324,0.0,-2.0,-81.0
1777889362.6543324,0.0,0.0,-77.0
1777889362.6643324,3.0,-2.0,-78.0
1777889362.6743324,2.0,-3.0,-74.0
1777889362.6843324,3.0,-2.0,-73.0
1777889362.6943324,-1.0,0.0,-70.0
1777889362.7043324,0.0,0.0,-71.0
1777889362.7143323,0.0,-2.0,-77.0
1777889362.7243323,0.0,0.0,-75.0
1777889362.7343323,0.0,-5.0,-78.0
1777889362.7443323,4.0,0.0,-82.0
1777889362.7543323,6.0,0.0,-79.0
1777889362.7643323,7.0,4.0,-69.0
1777889362.7743323,6.0,5.0,-68.0
1777889362.7843325,3.0,4.0,-74.0
1777889362.7943325,1.0,3.0,-71.0
1777889362.8043325,1.0,4.0,-69.0
1777889362.8143325,2.0,4.0,-66.0
1777889362.8243325,6.0,4.0,-67.0
1777889362.8343325,6.0,1.0,-64.0
1777889362.8443325,8.0,2.0,-63.0
1777889362.8543324,5.0,0.0,-65.0
1777889362.8643324,2.0,3.0,-67.0
1777889362.8743324,-1.0,4.0,-66.0
1777889362.8843324,5.0,5.0,-71.0
1777889362.8943324,3.0,0.0,-69.0
1777889362.9043324,0.0,0.0,-71.0
1777889362.9143324,-5.0,2.0,-70.0
1777889362.9243324,0.0,1.0,-71.0
1777889362.9343324,2.0,2.0,-65.0
1777889362.9443324,4.0,2.0,-73.0
1777889362.9543324,2.0,0.0,-71.0
1777889362.9643323,-2.0,1.0,-78.0
1777889362.9743323,-1.0,0.0,-79.0
1777889362.9843323,-3.0,2.0,-77.0
1777889362.9943323,0.0,7.0,-78.0
1777889363.0043323,1.0,7.0,-85.0
1777889363.0143323,-1.0,5.0,-84.0
1777889363.0243323,-2.0,2.0,-77.0
1777889363.0343325,-1.0,2.0,-73.0
1777889363.0443325,0.0,1.0,-69.0
1777889363.0543325,-2.0,2.0,-70.0
1777889363.0643325,-4.0,2.0,-66.0
1777889363.0743325,-4.0,3.0,-71.0
1777889363.0843325,-3.0,2.0,-63.0
1777889363.0943325,3.0,2.0,-71.0
1777889363.1043324,7.0,0.0,-73.0
1777889363.1143324,5.0,-3.0,-76.0
1777889363.1243324,4.0,-4.0,-78.0
1777889363.1343324,4.0,-2.0,-74.0
1777889363.1443324,7.0,-1.0,-82.0
1777889363.1543324,3.0,-1.0,-85.0
1777889363.1643324,-2.0,-2.0,-80.0
1777889363.1743324,-3.0,-1.0,-79.0
1777889363.1843324,-3.0,-2.0,-80.0
1777889363.1943324,0.0,-5.0,-80.0
1777889363.2043324,5.0,-7.0,-80.0
1777889363.2143323,3.0,-7.0,-75.0
1777889363.2243323,4.0,-7.0,-79.0
1777889363.2343323,3.0,-4.0,-80.0
1777889363.2443323,1.0,-4.0,-76.0
1777889363.2543323,2.0,-3.0,-75.0
1777889363.2643323,-1.0,-1.0,-66.0
1777889363.2743323,0.0,-1.0,-67.0
1777889363.2843325,4.0,0.0,-74.0
1777889363.2943325,2.0,3.0,-72.0
1777889363.3043325,3.0,1.0,-70.0
1777889363.3143325,6.0,0.0,-64.0
1777889363.3243325,6.0,1.0,-74.0
1777889363.3343325,1.0,1.0,-79.0
1777889363.3443325,1.0,-1.0,-77.0
1777889363.3543324,3.0,-3.0,-85.0
1777889363.3643324,2.0,0.0,-92.0
1777889363.3743324,1.0,0.0,-85.0
1777889363.3843324,3.0,2.0,-89.0
1777889363.3943324,0.0,3.0,-86.0
1777889363.4043324,-5.0,0.0,-78.0
1777889363.4143324,-4.0,0.0,-76.0
1777889363.4243324,0.0,1.0,-85.0
1777889363.4343324,1.0,0.0,-87.0
1777889363.4443324,0.0,5.0,-86.0
1777889363.4543324,0.0,6.0,-82.0
1777889363.4643323,0.0,8.0,-81.0
1777889363.4743323,2.0,9.0,-83.0
1777889363.4843323,4.0,5.0,-77.0
1777889363.4943323,4.0,6.0,-72.0
1777889363.5043323,4.0,7.0,-72.0
1777889363.5143323,4.0,7.0,-71.0
1777889363.5243323,3.0,8.0,-67.0
1777889363.5343325,2.0,5.0,-67.0
1777889363.5443325,1.0,0.0,-69.0
1777889363.5543325,4.0,-4.0,-74.0
1777889363.5643325,5.0,-7.0,-71.0
1777889363.5743325,4.0,-6.0,-72.0
1777889363.5843325,8.0,-4.0,-68.0
1777889363.5943325,8.0,-7.0,-68.0
1777889363.6043324,7.0,-5.0,-76.0
1777889363.6143324,4.0,0.0,-74.0
1777889363.6243324,1.0,1.0,-74.0
1777889363.6343324,3.0,0.0,-66.0
1777889363.6443324,3.0,3.0,-69.0
1777889363.6543324,3.0,4.0,-77.0
1777889363.6643324,2.0,3.0,-69.0
1777889363.6743324,1.0,4.0,-64.0
1777889363.6843324,0.0,7.0,-63.0
1777889363.6943324,2.0,7.0,-62.0
1777889363.7043324,1.0,10.0,-65.0
1777889363.7143323,-4.0,9.0,-65.0
1777889363.7243323,-6.0,5.0,-71.0
1777889363.7343323,-7.0,5.0,-72.0
1777889363.7443323,-1.0,5.0,-65.0
1777889363.7543323,-1.0,4.0,-65.0
1777889363.7643323,1.0,3.0,-63.0
1777889363.7743323,7.0,5.0,-63.0
1777889363.7843325,4.0,4.0,-70.0
1777889363.7943325,1.0,5.0,-80.0
1777889363.8043325,-4.0,4.0,-74.0
1777889363.8153324,-5.0,1.0,-76.0
1777889363.8253324,-3.0,3.0,-76.0
1777889363.8353324,-2.0,4.0,-75.0
1777889363.8453324,-3.0,6.0,-80.0
1777889363.8553324,-5.0,7.0,-81.0
1777889363.8653324,-5.0,6.0,-84.0
1777889363.8753324,-5.0,5.0,-80.0
1777889363.8853323,-4.0,3.0,-75.0
1777889363.8953323,-2.0,4.0,-69.0
1777889363.9053323,-3.0,-1.0,-70.0
1777889363.9153323,-1.0,-2.0,-68.0
1777889363.9253323,1.0,-3.0,-67.0
1777889363.9353323,2.0,-1.0,-66.0
1777889363.9453323,7.0,-3.0,-65.0
1777889363.9553325,1.0,4.0,-73.0
1777889363.9653325,-1.0,-1.0,-71.0
1777889363.9753325,-1.0,-3.0,-78.0
1777889363.9853325,0.0,-5.0,-73.0
1777889363.9953325,0.0,-5.0,-73.0
1777889364.0053325,1.0,-4.0,-70.0
1777889364.0153325,0.0,2.0,-72.0
1777889364.0253325,4.0,6.0,-71.0
1777889364.0353324,2.0,4.0,-75.0
1777889364.0453324,0.0,4.0,-72.0
1777889364.0553324,4.0,3.0,-70.0
1777889364.0653324,8.0,0.0,-73.0
1777889364.0753324,11.0,0.0,-77.0
1777889364.0853324,9.0,1.0,-83.0
1777889364.0953324,6.0,1.0,-83.0
1777889364.1053324,4.0,-1.0,-81.0
1777889364.1153324,2.0,-3.0,-85.0
1777889364.1253324,1.0,-1.0,-80.0
1777889364.1353323,4.0,-1.0,-80.0
1777889364.1453323,6.0,-1.0,-74.0
1777889364.1553323,-1.0,0.0,-76.0
1777889364.1653323,0.0,0.0,-73.0
1777889364.1753323,2.0,-2.0,-70.0
1777889364.1853323,9.0,-4.0,-71.0
1777889364.1953323,7.0,-8.0,-76.0
1777889364.2053325,5.0,-5.0,-81.0
1777889364.2153325,3.0,-7.0,-79.0
1777889364.2253325,1.0,-3.0,-74.0
1777889364.2353325,2.0,-1.0,-74.0
1777889364.2453325,0.0,-1.0,-77.0
1777889364.2553325,-3.0,-3.0,-74.0
1777889364.2653325,-3.0,-4.0,-69.0
1777889364.2763324,-1.0,-4.0,-72.0
1777889364.2853324,-4.0,-2.0,-74.0
1777889364.2953324,-1.0,0.0,-83.0
1777889364.3053324,2.0,0.0,-76.0
1777889364.3153324,3.0,-2.0,-77.0
1777889364.3253324,9.0,-3.0,-75.0
1777889364.3353324,7.0,-2.0,-77.0
1777889364.3453324,-2.0,0.0,-73.0
1777889364.3553324,-1.0,-1.0,-70.0
1777889364.3653324,3.0,-4.0,-72.0
1777889364.3753324,2.0,-2.0,-75.0
1777889364.3853323,-1.0,-1.0,-74.0
1777889364.3953323,-6.0,-5.0,-74.0
1777889364.4053323,-8.0,-5.0,-78.0
1777889364.4153323,-7.0,-2.0,-77.0
1777889364.4253323,-7.0,-4.0,-73.0
1777889364.4353323,-4.0,-7.0,-73.0
1777889364.4453323,-1.0,-5.0,-76.0
1777889364.4553325,2.0,-3.0,-81.0
1777889364.4653325,3.0,0.0,-79.0
1777889364.4753325,4.0,-2.0,-79.0
1777889364.4853325,2.0,-2.0,-77.0
1777889364.4953325,1.0,-2.0,-77.0
1777889364.5053325,-2.0,-6.0,-75.0
1777889364.5153325,-6.0,-4.0,-72.0
1777889364.5253325,-7.0,0.0,-63.0
1777889364.5353324,-9.0,2.0,-68.0
1777889364.5453324,-6.0,2.0,-70.0
1777889364.5553324,-10.0,2.0,-75.0
1777889364.5653324,-2.0,1.0,-73.0
1777889364.5753324,-1.0,0.0,-76.0
1777889364.5853324,3.0,-1.0,-69.0
1777889364.5953324,0.0,-3.0,-76.0
1777889364.6053324,0.0,1.0,-79.0
1777889364.6153324,1.0,2.0,-79.0
1777889364.6253324,1.0,3.0,-79.0
1777889364.6353323,0.0,1.0,-78.0
1777889364.6453323,5.0,0.0,-77.0
1777889364.6553323,2.0,0.0,-73.0
1777889364.6653323,4.0,3.0,-73.0
1777889364.6753323,7.0,0.0,-69.0
1777889364.6853323,4.0,-1.0,-73.0
1777889364.6953323,4.0,0.0,-71.0
1777889364.7053325,2.0,-4.0,-74.0
1777889364.7153325,1.0,-4.0,-80.0
1777889364.7253325,0.0,-2.0,-85.0
1777889364.7353325,0.0,1.0,-85.0
1777889364.7453325,0.0,2.0,-87.0
1777889364.7553325,0.0,4.0,-86.0
1777889364.7653325,4.0,3.0,-85.0
1777889364.7753325,5.0,0.0,-75.0
1777889364.7853324,8.0,1.0,-72.0
1777889364.7953324,7.0,3.0,-75.0
1777889364.8053324,5.0,4.0,-82.0
1777889364.8153324,3.0,0.0,-82.0
1777889364.8253324,2.0,-1.0,-78.0
1777889364.8353324,1.0,-2.0,-79.0
1777889364.8453324,-5.0,-5.0,-76.0
1777889364.8553324,-7.0,-4.0,-71.0
1777889364.8653324,-4.0,-4.0,-68.0
1777889364.8753324,0.0,-6.0,-70.0
1777889364.8853323,2.0,-6.0,-73.0
1777889364.8953323,-2.0,-2.0,-77.0
1777889364.9053323,0.0,2.0,-77.0
1777889364.9153323,-3.0,1.0,-83.0
1777889364.9253323,-5.0,-1.0,-73.0
1777889364.9353323,-4.0,-3.0,-75.0
1777889364.9453323,-4.0,-6.0,-77.0
1777889364.9553325,-6.0,-4.0,-72.0
1777889364.9653325,-1.0,-4.0,-71.0
1777889364.9753325,2.0,-3.0,-68.0
1777889364.9853325,4.0,-6.0,-72.0
1777889364.9953325,4.0,-4.0,-76.0
1777889365.0053325,5.0,-5.0,-83.0
1777889365.0153325,5.0,-6.0,-80.0
1777889365.0253325,3.0,-6.0,-80.0
1777889365.0353324,5.0,-1.0,-72.0
1777889365.0453324,5.0,1.0,-71.0
1777889365.0553324,1.0,0.0,-70.0
1777889365.0653324,3.0,0.0,-76.0
1777889365.0753324,3.0,0.0,-81.0
1777889365.0853324,0.0,7.0,-81.0
1777889365.0953324,0.0,5.0,-83.0
1777889365.1053324,0.0,5.0,-86.0
1777889365.1153324,-1.0,4.0,-86.0
1777889365.1253324,2.0,4.0,-85.0
1777889365.1353323,1.0,0.0,-84.0
1777889365.1453323,0.0,0.0,-87.0
1777889365.1553323,3.0,-2.0,-82.0
1777889365.1653323,5.0,-2.0,-77.0
1777889365.1753323,2.0,-2.0,-76.0
1777889365.1853323,3.0,-3.0,-73.0
1777889365.1953323,5.0,3.0,-76.0
1777889365.2053325,0.0,1.0,-71.0
1777889365.2153325,-3.0,-3.0,-67.0
1777889365.2253325,-2.0,0.0,-75.0
1777889365.2353325,0.0,0.0,-89.0
1777889365.2453325,-3.0,-1.0,-88.0
1777889365.2553325,-4.0,1.0,-83.0
1777889365.2653325,-6.0,3.0,-77.0
1777889365.2753325,-6.0,0.0,-73.0
1777889365.2853324,-2.0,-2.0,-69.0
1777889365.2953324,0.0,-2.0,-68.0
1777889365.3053324,0.0,-2.0,-74.0
1777889365.3153324,4.0,1.0,-71.0
1777889365.3253324,3.0,2.0,-76.0
1777889365.3353324,6.0,0.0,-79.0
1777889365.3453324,6.0,-2.0,-76.0
1777889365.3553324,7.0,-2.0,-80.0
1777889365.3653324,10.0,-1.0,-74.0
1777889365.3753324,8.0,-1.0,-75.0
1777889365.3853323,10.0,0.0,-74.0
1777889365.3953323,10.0,0.0,-65.0
1777889365.4053323,7.0,1.0,-61.0
1777889365.4153323,3.0,4.0,-59.0
1777889365.4253323,0.0,3.0,-62.0
1777889365.4353323,0.0,2.0,-63.0
1777889365.4453323,-1.0,2.0,-69.0
1777889365.4553325,-1.0,1.0,-71.0
1777889365.4653325,0.0,0.0,-62.0
1777889365.4753325,-2.0,-2.0,-65.0
1777889365.4853325,-1.0,-1.0,-71.0
1777889365.4953325,0.0,-1.0,-78.0
1777889365.5053325,-5.0,0.0,-79.0
1777889365.5153325,-10.0,-2.0,-83.0
1777889365.5253325,-11.0,0.0,-82.0
1777889365.5353324,-5.0,1.0,-76.0
1777889365.5453324,-5.0,3.0,-78.0
1777889365.5553324,-8.0,1.0,-79.0
1777889365.5653324,-3.0,0.0,-78.0
1777889365.5753324,-1.0,1.0,-84.0
1777889365.5853324,3.0,2.0,-74.0
1777889365.5953324,1.0,1.0,-77.0
1777889365.6053324,2.0,0.0,-75.0
1777889365.6153324,0.0,0.0,-75.0
1777889365.6253324,6.0,0.0,-76.0
1777889365.6353323,7.0,-3.0,-74.0
1777889365.6453323,6.0,-4.0,-79.0
1777889365.6553323,2.0,-3.0,-80.0
1777889365.6653323,-1.0,-3.0,-82.0
1777889365.6753323,1.0,0.0,-75.0
1777889365.6853323,-1.0,0.0,-75.0
1777889365.6953323,0.0,1.0,-76.0
1777889365.7053325,0.0,-2.0,-75.0
1777889365.7153325,3.0,-2.0,-77.0
1777889365.7253325,7.0,-1.0,-82.0
1777889365.7353325,7.0,4.0,-77.0
1777889365.7453325,5.0,3.0,-76.0
1777889365.7563324,6.0,6.0,-78.0
1777889365.7663324,7.0,3.0,-78.0
1777889365.7763324,11.0,5.0,-79.0
1777889365.7863324,7.0,2.0,-83.0
1777889365.7963324,9.0,4.0,-84.0
1777889365.8063323,5.0,7.0,-82.0
1777889365.8163323,4.0,7.0,-85.0
1777889365.8263323,0.0,5.0,-82.0
1777889365.8363323,1.0,7.0,-82.0
1777889365.8463323,1.0,6.0,-87.0
1777889365.8563323,1.0,3.0,-92.0
1777889365.8663323,0.0,0.0,-93.0
1777889365.8763323,2.0,-5.0,-91.0
1777889365.8863325,2.0,-6.0,-86.0
1777889365.8963325,5.0,-3.0,-79.0
1777889365.9063325,5.0,-2.0,-76.0
1777889365.9163325,7.0,-1.0,-82.0
1777889365.9263325,5.0,-4.0,-83.0
1777889365.9363325,2.0,-4.0,-86.0
1777889365.9463325,-3.0,-2.0,-88.0
1777889365.9563324,0.0,-3.0,-79.0
1777889365.9663324,-2.0,-1.0,-74.0
1777889365.9763324,-2.0,-3.0,-78.0
1777889365.9863324,-3.0,-2.0,-76.0
1777889365.9963324,-1.0,-3.0,-74.0
1777889366.0063324,1.0,-3.0,-70.0
1777889366.0163324,3.0,-1.0,-73.0
1777889366.0263324,8.0,0.0,-73.0
1777889366.0363324,6.0,3.0,-71.0
1777889366.0463324,5.0,2.0,-74.0
1777889366.0563323,4.0,1.0,-78.0
1777889366.0663323,5.0,0.0,-81.0
1777889366.0763323,1.0,4.0,-74.0
1777889366.0863323,3.0,5.0,-76.0
1777889366.0963323,0.0,3.0,-80.0
1777889366.1063323,1.0,7.0,-78.0
1777889366.1163323,3.0,7.0,-74.0
1777889366.1263323,3.0,6.0,-75.0
1777889366.1363325,1.0,8.0,-79.0
1777889366.1463325,-2.0,6.0,-82.0
1777889366.1563325,-1.0,3.0,-80.0
1777889366.1663325,-1.0,4.0,-80.0
1777889366.1763325,0.0,-2.0,-75.0
1777889366.1863325,2.0,-2.0,-76.0
1777889366.1963325,2.0,0.0,-81.0
1777889366.2063324,4.0,2.0,-76.0
1777889366.2163324,4.0,6.0,-77.0
1777889366.2263324,2.0,5.0,-81.0
1777889366.2363324,-1.0,2.0,-82.0
1777889366.2463324,0.0,0.0,-84.0
1777889366.2563324,-1.0,2.0,-82.0
1777889366.2663324,-4.0,4.0,-85.0
1777889366.2763324,-2.0,1.0,-82.0
1777889366.2863324,-7.0,-1.0,-79.0
1777889366.2963324,-4.0,0.0,-74.0
1777889366.3063323,-2.0,0.0,-75.0
1777889366.3163323,-5.0,-3.0,-75.0
1777889366.3263323,-4.0,-1.0,-79.0
1777889366.3363323,-4.0,3.0,-72.0
1777889366.3463323,-3.0,0.0,-76.0
1777889366.3563323,-3.0,2.0,-73.0
1777889366.3663323,0.0,2.0,-70.0
1777889366.3763323,0.0,3.0,-73.0
1777889366.3863325,-3.0,1.0,-78.0
1777889366.3963325,0.0,4.0,-76.0
1777889366.4063325,-2.0,4.0,-77.0
1777889366.4163325,1.0,-1.0,-75.0
1777889366.4263325,2.0,-1.0,-77.0
1777889366.4363325,3.0,-2.0,-75.0
1777889366.4463325,3.0,-4.0,-75.0
1777889366.4563324,1.0,-6.0,-78.0
1777889366.4663324,0.0,-3.0,-73.0
1777889366.4763324,0.0,-2.0,-76.0
1777889366.4863324,-1.0,0.0,-72.0
1777889366.4963324,-1.0,2.0,-73.0
1777889366.5063324,-1.0,6.0,-79.0
1777889366.5163324,-4.0,4.0,-79.0
1777889366.5263324,1.0,3.0,-75.0
1777889366.5363324,0.0,6.0,-80.0
1777889366.5463324,-2.0,3.0,-77.0
1777889366.5563323,1.0,4.0,-74.0
1777889366.5663323,2.0,4.0,-71.0
1777889366.5763323,1.0,2.0,-69.0
1777889366.5863323,5.0,0.0,-74.0
1777889366.5963323,9.0,0.0,-72.0
1777889366.6063323,0.0,0.0,-69.0
1777889366.6163323,1.0,2.0,-68.0
1777889366.6263323,4.0,1.0,-68.0
1777889366.6363325,3.0,5.0,-68.0
1777889366.6463325,4.0,6.0,-69.0
1777889366.6563325,1.0,8.0,-74.0
1777889366.6663325,1.0,4.0,-75.0
1777889366.6763325,5.0,1.0,-70.0
1777889366.6863325,4.0,-1.0,-71.0
1777889366.6963325,3.0,-1.0,-67.0
1777889366.7063324,9.0,-2.0,-69.0
1777889366.7163324,10.0,0.0,-70.0
1777889366.7263324,9.0,0.0,-72.0
1777889366.7363324,8.0,-2.0,-72.0
1777889366.7463324,5.0,-5.0,-70.0
1777889366.7563324,4.0,-6.0,-80.0
1777889366.7663324,4.0,-7.0,-78.0
1777889366.7763324,-1.0,-8.0,-80.0
1777889366.7863324,1.0,-5.0,-83.0
1777889366.7963324,2.0,-2.0,-76.0
1777889366.8063323,2.0,-4.0,-82.0
1777889366.8163323,4.0,-6.0,-83.0
1777889366.8263323,1.0,-4.0,-81.0
1777889366.8363323,3.0,-1.0,-87.0
1777889366.8463323,1.0,2.0,-85.0
1777889366.8563323,-1.0,2.0,-82.0
1777889366.8663323,-5.0,0.0,-85.0
1777889366.8763323,-8.0,1.0,-83.0
1777889366.8863325,-3.0,1.0,-84.0
1777889366.8963325,1.0,1.0,-83.0
1777889366.9063325,4.0,0.0,-84.0
1777889366.9163325,0.0,1.0,-81.0
1777889366.9263325,0.0,0.0,-79.0
1777889366.9363325,-1.0,-1.0,-81.0
1777889366.9463325,0.0,-1.0,-75.0
1777889366.9563324,-4.0,0.0,-74.0
1777889366.9663324,-3.0,2.0,-80.0
1777889366.9763324,-3.0,1.0,-74.0
1777889366.9863324,-2.0,-4.0,-71.0
1777889366.9963324,-2.0,-8.0,-71.0
1777889367.0063324,-3.0,-10.0,-72.0
1777889367.0163324,-5.0,-6.0,-79.0
1777889367.0263324,-3.0,-7.0,-82.0
1777889367.0363324,-1.0,-3.0,-83.0
1777889367.0463324,2.0,-4.0,-84.0
1777889367.0563323,4.0,-2.0,-78.0
1777889367.0663323,4.0,-2.0,-77.0
1777889367.0763323,3.0,-8.0,-73.0
1777889367.0863323,-3.0,-7.0,-76.0
1777889367.0963323,-1.0,-7.0,-79.0
1777889367.1063323,0.0,-5.0,-79.0
1777889367.1163323,4.0,-5.0,-76.0
1777889367.1263323,1.0,-3.0,-71.0
1777889367.1363325,0.0,-1.0,-71.0
1777889367.1463325,3.0,0.0,-73.0
1777889367.1563325,4.0,-2.0,-74.0
1777889367.1663325,4.0,0.0,-74.0
1777889367.1763325,4.0,-2.0,-74.0
1777889367.1863325,4.0,-3.0,-71.0
1777889367.1963325,6.0,0.0,-76.0
1777889367.2063324,5.0,-2.0,-78.0
1777889367.2163324,4.0,0.0,-74.0
1777889367.2263324,3.0,0.0,-71.0
1777889367.2363324,0.0,-1.0,-74.0
1777889367.2463324,1.0,-1.0,-76.0
1777889367.2563324,1.0,-4.0,-77.0
1777889367.2663324,-5.0,0.0,-77.0
1777889367.2763324,-7.0,0.0,-85.0
1777889367.2863324,-4.0,0.0,-76.0
1777889367.2963324,1.0,-3.0,-77.0
1777889367.3063323,6.0,-1.0,-80.0
1777889367.3163323,2.0,-1.0,-77.0
1777889367.3263323,2.0,0.0,-69.0
1777889367.3363323,1.0,0.0,-68.0
1777889367.3463323,-1.0,2.0,-71.0
1777889367.3563323,2.0,5.0,-76.0
1777889367.3663323,3.0,4.0,-75.0
1777889367.3763323,2.0,1.0,-73.0
1777889367.3863325,0.0,1.0,-79.0
1777889367.3963325,0.0,2.0,-78.0
1777889367.4063325,0.0,1.0,-78.0
1777889367.4163325,-3.0,1.0,-77.0
1777889367.4263325,-7.0,2.0,-78.0
1777889367.4363325,-7.0,2.0,-74.0
1777889367.4463325,-5.0,1.0,-63.0
1777889367.4563324,-1.0,0.0,-75.0
1777889367.4663324,-4.0,0.0,-81.0
1777889367.4763324,-1.0,1.0,-73.0
1777889367.4863324,0.0,2.0,-74.0
1777889367.4963324,0.0,0.0,-77.0
1777889367.5063324,0.0,0.0,-71.0
1777889367.5163324,0.0,0.0,-70.0
1777889367.5263324,-2.0,-3.0,-74.0
1777889367.5363324,-1.0,-2.0,-85.0
1777889367.5463324,-1.0,-4.0,-88.0
1777889367.5563323,0.0,-2.0,-83.0
1777889367.5663323,0.0,0.0,-78.0
1777889367.5763323,-2.0,-2.0,-74.0
1777889367.5863323,-1.0,-3.0,-78.0
1777889367.5963323,-1.0,-4.0,-77.0
1777889367.6063323,3.0,-4.0,-79.0
1777889367.6163323,3.0,-3.0,-84.0
1777889367.6263323,3.0,-6.0,-81.0
1777889367.6363325,7.0,-7.0,-84.0
1777889367.6463325,2.0,-3.0,-88.0
1777889367.6563325,0.0,-1.0,-88.0
1777889367.6663325,-4.0,0.0,-84.0
1777889367.6763325,0.0,0.0,-88.0
1777889367.6863325,-2.0,0.0,-85.0
1777889367.6963325,-5.0,-2.0,-80.0
1777889367.7063324,-1.0,-4.0,-81.0
1777889367.7163324,-1.0,-6.0,-80.0
1777889367.7263324,0.0,-3.0,-85.0
1777889367.7363324,0.0,0.0,-79.0
1777889367.7473323,5.0,-1.0,-80.0
1777889367.7573323,4.0,-3.0,-78.0
1777889367.7673323,0.0,-3.0,-82.0
1777889367.7773323,-1.0,1.0,-83.0
1777889367.7863324,-1.0,0.0,-78.0
1777889367.7973323,-2.0,0.0,-77.0
1777889367.8073325,-1.0,0.0,-79.0
1777889367.8173325,-5.0,0.0,-82.0
1777889367.8273325,-5.0,1.0,-85.0
1777889367.8373325,-4.0,0.0,-86.0
1777889367.8473325,-1.0,-2.0,-83.0
1777889367.8573325,0.0,0.0,-79.0
1777889367.8673325,2.0,-3.0,-73.0
1777889367.8773324,0.0,-2.0,-72.0
1777889367.8873324,2.0,-3.0,-81.0
1777889367.8973324,2.0,-1.0,-78.0
1777889367.9073324,5.0,1.0,-76.0
1777889367.9173324,7.0,0.0,-79.0
1777889367.9273324,4.0,0.0,-82.0
1777889367.9373324,4.0,-2.0,-76.0
1777889367.9473324,1.0,-2.0,-78.0
1777889367.9573324,-1.0,-2.0,-79.0
1777889367.9673324,-2.0,-4.0,-83.0
1777889367.9773324,-5.0,-1.0,-79.0
1777889367.9873323,-1.0,0.0,-76.0
1777889367.9973323,0.0,0.0,-74.0
1777889368.0073323,-4.0,-1.0,-71.0
1777889368.0173323,-2.0,-2.0,-75.0
1777889368.0273323,0.0,-3.0,-72.0
1777889368.0373323,-1.0,-3.0,-72.0
1777889368.0473323,0.0,-1.0,-78.0
1777889368.0573325,-4.0,-6.0,-83.0
1777889368.0673325,-5.0,-5.0,-77.0
1777889368.0773325,1.0,-4.0,-77.0
1777889368.0873325,1.0,-1.0,-80.0
1777889368.0973325,9.0,0.0,-88.0
1777889368.1073325,9.0,1.0,-88.0
1777889368.1173325,4.0,0.0,-79.0
1777889368.1273324,0.0,2.0,-76.0
1777889368.1373324,0.0,0.0,-72.0
1777889368.1473324,-3.0,-4.0,-68.0
1777889368.1573324,-3.0,-5.0,-67.0
1777889368.1673324,-4.0,-4.0,-66.0
1777889368.1773324,-3.0,-7.0,-66.0
1777889368.1873324,-5.0,-3.0,-67.0
1777889368.1973324,-4.0,-6.0,-68.0
1777889368.2073324,0.0,-8.0,-72.0
1777889368.2173324,-3.0,-5.0,-75.0
1777889368.2273324,3.0,-1.0,-74.0
1777889368.2373323,-1.0,-1.0,-75.0
1777889368.2473323,0.0,0.0,-77.0
1777889368.2573323,1.0,0.0,-77.0
1777889368.2673323,-1.0,4.0,-75.0
1777889368.2773323,-2.0,5.0,-76.0
1777889368.2873323,0.0,6.0,-75.0
1777889368.2973323,-3.0,2.0,-73.0
1777889368.3073325,-2.0,1.0,-83.0
1777889368.3173325,0.0,1.0,-89.0
1777889368.3273325,3.0,1.0,-88.0
1777889368.3373325,4.0,3.0,-81.0
1777889368.3473325,0.0,0.0,-81.0
1777889368.3573325,4.0,0.0,-82.0
1777889368.3673325,3.0,1.0,-81.0
1777889368.3773324,-1.0,1.0,-76.0
1777889368.3873324,0.0,3.0,-81.0
1777889368.3973324,1.0,0.0,-76.0
1777889368.4073324,0.0,3.0,-72.0
1777889368.4173324,0.0,1.0,-71.0
1777889368.4273324,0.0,2.0,-74.0
1777889368.4373324,0.0,-2.0,-77.0
1777889368.4473324,-2.0,-3.0,-78.0
1777889368.4573324,-3.0,0.0,-82.0
1777889368.4673324,-4.0,0.0,-81.0
1777889368.4773324,0.0,-2.0,-77.0
1777889368.4873323,2.0,-2.0,-73.0
1777889368.4973323,6.0,-1.0,-73.0
1777889368.5073323,4.0,0.0,-72.0
1777889368.5173323,2.0,1.0,-78.0
1777889368.5273323,2.0,3.0,-83.0
1777889368.5373323,0.0,1.0,-82.0
1777889368.5473323,1.0,0.0,-80.0
1777889368.5573325,0.0,2.0,-82.0
1777889368.5673325,-1.0,3.0,-79.0
1777889368.5773325,0.0,0.0,-86.0
1777889368.5873325,2.0,-1.0,-82.0
1777889368.5973325,0.0,-3.0,-75.0
1777889368.6073325,0.0,1.0,-67.0
1777889368.6173325,4.0,1.0,-75.0
1777889368.6273324,5.0,2.0,-79.0
1777889368.6373324,8.0,0.0,-82.0
1777889368.6473324,3.0,0.0,-78.0
1777889368.6573324,2.0,0.0,-73.0
1777889368.6673324,4.0,-2.0,-75.0
1777889368.6773324,1.0,-1.0,-75.0
1777889368.6873324,2.0,0.0,-71.0
1777889368.6973324,0.0,1.0,-63.0
1777889368.7073324,1.0,3.0,-61.0
1777889368.7173324,0.0,2.0,-63.0
1777889368.7273324,0.0,0.0,-62.0
1777889368.7373323,0.0,1.0,-62.0
1777889368.7473323,0.0,-2.0,-66.0
1777889368.7573323,0.0,-2.0,-67.0
1777889368.7673323,0.0,-3.0,-64.0
1777889368.7773323,2.0,-2.0,-67.0
1777889368.7873323,0.0,0.0,-70.0
1777889368.7973323,-1.0,-2.0,-69.0
1777889368.8073325,-4.0,0.0,-73.0
1777889368.8173325,-2.0,0.0,-77.0
1777889368.8273325,-3.0,0.0,-80.0
1777889368.8373325,0.0,2.0,-78.0
1777889368.8473325,2.0,0.0,-75.0
1777889368.8573325,6.0,0.0,-76.0
1777889368.8673325,7.0,-2.0,-76.0
1777889368.8773324,0.0,-6.0,-74.0
1777889368.8873324,0.0,-7.0,-78.0
1777889368.8973324,-5.0,-9.0,-77.0
1777889368.9073324,-6.0,-5.0,-76.0
1777889368.9173324,-6.0,-4.0,-72.0
1777889368.9273324,-7.0,0.0,-74.0
1777889368.9373324,-5.0,-2.0,-78.0
1777889368.9473324,0.0,-3.0,-76.0
1777889368.9573324,1.0,-3.0,-71.0
1777889368.9673324,0.0,-4.0,-71.0
1777889368.9773324,-1.0,-3.0,-77.0
1777889368.9873323,3.0,-4.0,-78.0
1777889368.9973323,1.0,0.0,-70.0
1777889369.0073323,0.0,1.0,-73.0
1777889369.0173323,0.0,0.0,-75.0
1777889369.0273323,0.0,-1.0,-73.0
1777889369.0373323,-2.0,0.0,-77.0
1777889369.0473323,-2.0,6.0,-78.0
1777889369.0573325,-2.0,7.0,-75.0
1777889369.0673325,-3.0,3.0,-72.0
1777889369.0773325,-4.0,0.0,-70.0
1777889369.0873325,-3.0,2.0,-68.0
1777889369.0973325,-6.0,0.0,-63.0
1777889369.1073325,-7.0,0.0,-72.0
1777889369.1173325,-2.0,4.0,-73.0
1777889369.1273324,2.0,2.0,-77.0
1777889369.1373324,1.0,5.0,-79.0
1777889369.1473324,-3.0,3.0,-78.0
1777889369.1573324,-5.0,0.0,-73.0
1777889369.1673324,-4.0,3.0,-78.0
1777889369.1773324,-6.0,0.0,-78.0
1777889369.1873324,-2.0,1.0,-72.0
1777889369.1973324,0.0,0.0,-70.0
1777889369.2073324,2.0,-4.0,-66.0
1777889369.2173324,7.0,-3.0,-63.0
1777889369.2273324,7.0,-3.0,-70.0
1777889369.2373323,6.0,-3.0,-81.0
1777889369.2473323,6.0,-2.0,-80.0
1777889369.2573323,7.0,0.0,-82.0
1777889369.2673323,9.0,-3.0,-79.0
1777889369.2773323,12.0,-4.0,-75.0
1777889369.2873323,8.0,-3.0,-73.0
1777889369.2973323,8.0,-3.0,-70.0
1777889369.3073325,8.0,0.0,-75.0
1777889369.3173325,8.0,1.0,-73.0
1777889369.3273325,4.0,2.0,-74.0
1777889369.3373325,4.0,-3.0,-74.0
1777889369.3473325,6.0,-1.0,-69.0
1777889369.3573325,4.0,3.0,-70.0
1777889369.3673325,7.0,3.0,-70.0
1777889369.3773324,8.0,0.0,-71.0
1777889369.3873324,11.0,1.0,-73.0
1777889369.3973324,12.0,0.0,-65.0
1777889369.4073324,4.0,2.0,-66.0
1777889369.4173324,1.0,9.0,-67.0
1777889369.4273324,1.0,7.0,-70.0
1777889369.4373324,0.0,8.0,-64.0
1777889369.4473324,2.0,8.0,-72.0
1777889369.4573324,7.0,3.0,-72.0
1777889369.4673324,8.0,4.0,-72.0
1777889369.4773324,2.0,1.0,-70.0
1777889369.4873323,2.0,2.0,-65.0
1777889369.4973323,2.0,0.0,-65.0
1777889369.5073323,1.0,1.0,-69.0
1777889369.5173323,1.0,6.0,-73.0
1777889369.5273323,5.0,8.0,-74.0
1777889369.5373323,6.0,3.0,-74.0
1777889369.5473323,5.0,0.0,-76.0
1777889369.5573325,4.0,-2.0,-75.0
1777889369.5673325,6.0,-7.0,-72.0
1777889369.5773325,6.0,-3.0,-77.0
1777889369.5873325,6.0,-2.0,-80.0
1777889369.5973325,6.0,1.0,-80.0
1777889369.6073325,8.0,0.0,-78.0
1777889369.6173325,12.0,-2.0,-79.0
1777889369.6273324,9.0,-5.0,-75.0
1777889369.6373324,2.0,-3.0,-72.0
1777889369.6473324,0.0,0.0,-68.0
1777889369.6573324,0.0,1.0,-71.0
1777889369.6673324,-6.0,0.0,-68.0
1777889369.6773324,-5.0,-1.0,-74.0
1777889369.6873324,-1.0,-6.0,-70.0
1777889369.6973324,1.0,-3.0,-77.0
1777889369.7073324,1.0,0.0,-77.0
1777889369.7173324,2.0,1.0,-70.0
1777889369.7273324,1.0,3.0,-67.0
1777889369.7383325,0.0,2.0,-68.0
1777889369.7483325,-1.0,3.0,-72.0
1777889369.7583325,2.0,0.0,-70.0
1777889369.7683325,-2.0,1.0,-75.0
1777889369.7783325,0.0,4.0,-75.0
1777889369.7883325,0.0,3.0,-77.0
1777889369.7983325,-1.0,1.0,-78.0
1777889369.8083324,1.0,1.0,-74.0
1777889369.8183324,1.0,1.0,-70.0
1777889369.8283324,2.0,4.0,-66.0
1777889369.8383324,2.0,3.0,-72.0
1777889369.8483324,4.0,0.0,-74.0
1777889369.8583324,0.0,-1.0,-79.0
1777889369.8683324,-1.0,1.0,-76.0
1777889369.8783324,-7.0,-1.0,-79.0
1777889369.8883324,-8.0,-2.0,-80.0
1777889369.8983324,-3.0,-3.0,-89.0
1777889369.9083323,-4.0,0.0,-84.0
1777889369.9183323,-3.0,2.0,-87.0
1777889369.9283323,-1.0,6.0,-89.0
1777889369.9383323,-4.0,7.0,-86.0
1777889369.9483323,-6.0,7.0,-78.0
1777889369.9583323,0.0,9.0,-77.0
1777889369.9683323,-2.0,3.0,-78.0
1777889369.9783323,1.0,0.0,-83.0
1777889369.9883325,0.0,1.0,-80.0
1777889369.9983325,0.0,2.0,-78.0
1777889370.0083325,-4.0,4.0,-79.0
1777889370.0183325,-1.0,2.0,-87.0
1777889370.0283325,-3.0,3.0,-84.0
1777889370.0383325,-8.0,2.0,-80.0
1777889370.0483325,-6.0,4.0,-79.0
1777889370.0583324,-3.0,2.0,-83.0
1777889370.0683324,-2.0,5.0,-81.0
1777889370.0783324,0.0,4.0,-83.0
1777889370.0883324,0.0,-1.0,-78.0
1777889370.0983324,1.0,0.0,-78.0
1777889370.1083324,1.0,-1.0,-76.0
1777889370.1183324,-6.0,-5.0,-81.0
1777889370.1283324,-6.0,-6.0,-81.0
1777889370.1383324,0.0,-4.0,-81.0
1777889370.1483324,-3.0,0.0,-78.0
1777889370.1583323,1.0,-2.0,-81.0
1777889370.1683323,0.0,-5.0,-80.0
1777889370.1783323,0.0,-6.0,-79.0
1777889370.1883323,-2.0,-3.0,-73.0
1777889370.1983323,-5.0,-1.0,-77.0
1777889370.2083323,-3.0,0.0,-73.0
1777889370.2183323,-5.0,2.0,-79.0
1777889370.2283323,-4.0,1.0,-76.0
1777889370.2383325,-3.0,1.0,-80.0
1777889370.2483325,-5.0,0.0,-73.0
1777889370.2583325,-2.0,-4.0,-66.0
1777889370.2683325,-3.0,-2.0,-68.0
1777889370.2783325,-2.0,0.0,-73.0
1777889370.2883325,-4.0,-1.0,-82.0
1777889370.2983325,-2.0,0.0,-84.0
1777889370.3083324,4.0,-1.0,-81.0
1777889370.3183324,5.0,-4.0,-76.0
1777889370.3283324,8.0,-7.0,-73.0
1777889370.3383324,3.0,-6.0,-67.0
1777889370.3483324,2.0,-6.0,-67.0
1777889370.3583324,2.0,-6.0,-66.0
1777889370.3683324,4.0,-4.0,-66.0
1777889370.3783324,2.0,-6.0,-68.0
1777889370.3883324,3.0,-5.0,-71.0
1777889370.3983324,9.0,-5.0,-73.0
1777889370.4083323,5.0,-4.0,-68.0
1777889370.4193325,3.0,-2.0,-67.0
1777889370.4283323,2.0,0.0,-72.0
1777889370.4383323,7.0,0.0,-70.0
1777889370.4483323,8.0,2.0,-71.0
1777889370.4583323,8.0,0.0,-69.0
1777889370.4683323,4.0,-2.0,-73.0
1777889370.4783323,4.0,-2.0,-75.0
1777889370.4883325,2.0,0.0,-72.0
1777889370.4983325,3.0,-3.0,-72.0
1777889370.5083325,0.0,0.0,-75.0
1777889370.5183325,1.0,-3.0,-73.0
1777889370.5283325,2.0,-1.0,-71.0
1777889370.5383325,4.0,0.0,-71.0
1777889370.5483325,5.0,0.0,-74.0
1777889370.5583324,6.0,0.0,-76.0
1777889370.5683324,5.0,0.0,-76.0
1777889370.5783324,7.0,1.0,-73.0
1777889370.5883324,5.0,-1.0,-75.0
1777889370.5983324,8.0,0.0,-71.0
1777889370.6083324,4.0,-5.0,-69.0
1777889370.6183324,4.0,-5.0,-66.0
1777889370.6283324,5.0,-8.0,-67.0
1777889370.6383324,4.0,-2.0,-69.0
1777889370.6483324,4.0,-1.0,-77.0
1777889370.6583323,7.0,1.0,-73.0
1777889370.6683323,9.0,0.0,-70.0
1777889370.6783323,5.0,-1.0,-63.0
1777889370.6883323,6.0,-2.0,-67.0
1777889370.6983323,6.0,-2.0,-70.0
1777889370.7083323,1.0,-2.0,-68.0
1777889370.7183323,0.0,-5.0,-68.0
1777889370.7283323,2.0,-1.0,-62.0
1777889370.7383325,2.0,-1.0,-64.0
1777889370.7483325,0.0,-4.0,-77.0
1777889370.7583325,0.0,-2.0,-81.0
1777889370.7683325,1.0,-4.0,-73.0
1777889370.7783325,1.0,-4.0,-67.0
1777889370.7883325,2.0,-5.0,-64.0
1777889370.7983325,0.0,-5.0,-69.0
1777889370.8083324,0.0,1.0,-79.0
1777889370.8183324,0.0,3.0,-87.0
1777889370.8283324,4.0,2.0,-87.0
1777889370.8383324,4.0,7.0,-84.0
1777889370.8483324,3.0,5.0,-83.0
1777889370.8583324,-1.0,2.0,-74.0
1777889370.8683324,-7.0,2.0,-72.0
1777889370.8783324,-6.0,1.0,-73.0
1777889370.8883324,-3.0,0.0,-77.0
1777889370.8983324,-3.0,-2.0,-80.0
1777889370.9083323,0.0,-2.0,-88.0
1777889370.9183323,0.0,0.0,-86.0
1777889370.9283323,-3.0,1.0,-79.0
1777889370.9383323,-4.0,0.0,-83.0
1777889370.9483323,-5.0,0.0,-83.0
1777889370.9583323,0.0,0.0,-84.0
1777889370.9683323,-2.0,0.0,-80.0
1777889370.9783323,-3.0,1.0,-86.0
1777889370.9883325,-5.0,4.0,-87.0
1777889370.9983325,-3.0,4.0,-87.0
1777889371.0083325,-3.0,4.0,-90.0
1777889371.0183325,0.0,3.0,-85.0
1777889371.0283325,0.0,2.0,-85.0
1777889371.0383325,-2.0,0.0,-88.0
1777889371.0483325,-3.0,-3.0,-84.0
1777889371.0583324,-5.0,-1.0,-75.0
1777889371.0683324,-5.0,3.0,-70.0
1777889371.0783324,-5.0,6.0,-69.0
1777889371.0883324,0.0,6.0,-74.0
1777889371.0983324,2.0,10.0,-72.0
1777889371.1083324,0.0,11.0,-69.0
1777889371.1183324,3.0,9.0,-70.0
1777889371.1283324,4.0,1.0,-66.0
1777889371.1383324,2.0,2.0,-68.0
1777889371.1483324,2.0,3.0,-65.0
1777889371.1583323,3.0,4.0,-67.0
1777889371.1683323,0.0,6.0,-73.0
1777889371.1783323,-5.0,6.0,-70.0
1777889371.1883323,-3.0,-1.0,-68.0
1777889371.1983323,-1.0,-2.0,-69.0
1777889371.2083323,2.0,0.0,-67.0
1777889371.2183323,1.0,0.0,-69.0
1777889371.2283323,3.0,-4.0,-71.0
1777889371.2383325,4.0,-1.0,-75.0
1777889371.2483325,8.0,-1.0,-75.0
1777889371.2583325,7.0,-1.0,-82.0
1777889371.2683325,4.0,0.0,-77.0
1777889371.2783325,2.0,-4.0,-73.0
1777889371.2883325,6.0,-2.0,-77.0
1777889371.2983325,3.0,-1.0,-72.0
1777889371.3083324,1.0,0.0,-82.0
1777889371.3183324,-2.0,-1.0,-82.0
1777889371.3283324,0.0,0.0,-83.0
1777889371.3383324,8.0,1.0,-76.0
1777889371.3483324,3.0,-3.0,-75.0
1777889371.3583324,2.0,-4.0,-75.0
1777889371.3683324,4.0,-2.0,-77.0
1777889371.3783324,3.0,-4.0,-76.0
1777889371.3883324,4.0,2.0,-76.0
1777889371.3983324,-3.0,3.0,-70.0
1777889371.4083323,-1.0,0.0,-71.0
1777889371.4183323,0.0,-2.0,-75.0
1777889371.4283323,0.0,-7.0,-80.0
1777889371.4383323,0.0,-4.0,-79.0
1777889371.4483323,-4.0,-5.0,-79.0
1777889371.4583323,-6.0,-4.0,-76.0
1777889371.4683323,-7.0,-2.0,-78.0
1777889371.4783323,-9.0,-3.0,-73.0
1777889371.4883325,-7.0,-4.0,-73.0
1777889371.4983325,-7.0,-2.0,-75.0
1777889371.5083325,-6.0,0.0,-77.0
1777889371.5183325,-5.0,-4.0,-76.0
1777889371.5283325,-2.0,-4.0,-76.0
1777889371.5383325,-6.0,3.0,-76.0
1777889371.5483325,-4.0,4.0,-70.0
1777889371.5583324,-6.0,3.0,-69.0
1777889371.5683324,-2.0,-4.0,-71.0
1777889371.5783324,-2.0,-7.0,-67.0
1777889371.5883324,-5.0,-12.0,-77.0
1777889371.5983324,-3.0,-7.0,-78.0
1777889371.6083324,-6.0,-5.0,-75.0
1777889371.6183324,-9.0,-9.0,-80.0
1777889371.6283324,-6.0,-15.0,-77.0
1777889371.6383324,0.0,-16.0,-70.0
1777889371.6493323,-3.0,-11.0,-69.0
1777889371.6583323,0.0,-4.0,-73.0
1777889371.6683323,3.0,0.0,-77.0
1777889371.6783323,-3.0,-1.0,-76.0
1777889371.6893325,-3.0,0.0,-73.0
1777889371.6983323,-5.0,0.0,-73.0
1777889371.7083323,-7.0,-4.0,-71.0
1777889371.7193325,-11.0,0.0,-70.0
1777889371.7293324,-11.0,0.0,-74.0
1777889371.7393324,-7.0,2.0,-71.0
1777889371.7493324,-6.0,0.0,-72.0
1777889371.7593324,-2.0,2.0,-75.0
1777889371.7693324,-3.0,4.0,-74.0
1777889371.7793324,-3.0,0.0,-73.0
1777889371.7893324,-6.0,-3.0,-69.0
1777889371.7993324,-4.0,-4.0,-64.0
1777889371.8093324,-4.0,-5.0,-65.0
1777889371.8193324,-7.0,-7.0,-67.0
1777889371.8293324,-7.0,-6.0,-62.0
1777889371.8393323,-5.0,-6.0,-65.0
1777889371.8493323,-1.0,-6.0,-71.0
1777889371.8593323,0.0,-4.0,-76.0
1777889371.8693323,2.0,-1.0,-76.0
1777889371.8793323,0.0,-1.0,-79.0
1777889371.8893323,2.0,-3.0,-78.0
1777889371.8993323,0.0,-3.0,-70.0
1777889371.9093325,0.0,-1.0,-68.0
1777889371.9193325,2.0,-1.0,-66.0
1777889371.9293325,-3.0,-1.0,-71.0
1777889371.9393325,-3.0,-1.0,-67.0
1777889371.9493325,0.0,0.0,-74.0
1777889371.9593325,1.0,-1.0,-62.0
1777889371.9693325,-1.0,-7.0,-61.0
1777889371.9793324,0.0,-7.0,-67.0
1777889371.9893324,4.0,-7.0,-80.0
1777889371.9993324,7.0,-6.0,-84.0
1777889372.0093324,6.0,-5.0,-87.0
1777889372.0193324,5.0,-1.0,-88.0
1777889372.0293324,4.0,1.0,-81.0
1777889372.0393324,2.0,-2.0,-78.0
1777889372.0493324,2.0,-5.0,-77.0
1777889372.0593324,1.0,-7.0,-78.0
1777889372.0693324,1.0,-2.0,-81.0
1777889372.0793324,4.0,-2.0,-78.0
1777889372.0893323,1.0,-4.0,-77.0
1777889372.0993323,2.0,-4.0,-73.0
1777889372.1093323,3.0,-5.0,-75.0
1777889372.1193323,0.0,-9.0,-74.0
1777889372.1293323,-2.0,-6.0,-71.0
1777889372.1393323,-2.0,-1.0,-76.0
1777889372.1493323,-5.0,2.0,-79.0
1777889372.1593325,0.0,4.0,-76.0
1777889372.1693325,5.0,2.0,-80.0
1777889372.1793325,4.0,-1.0,-79.0
1777889372.1893325,2.0,0.0,-75.0
1777889372.1993325,4.0,-2.0,-76.0
1777889372.2093325,7.0,-1.0,-80.0
1777889372.2193325,5.0,-4.0,-80.0
1777889372.2293324,3.0,-1.0,-80.0
1777889372.2393324,3.0,1.0,-83.0
1777889372.2493324,2.0,0.0,-77.0
1777889372.2593324,1.0,2.0,-67.0
1777889372.2693324,1.0,1.0,-68.0
1777889372.2793324,-3.0,0.0,-70.0
1777889372.2893324,-3.0,-3.0,-72.0
1777889372.2993324,-3.0,-8.0,-76.0
1777889372.3093324,-2.0,-8.0,-75.0
1777889372.3193324,2.0,-5.0,-77.0
1777889372.3293324,5.0,-3.0,-83.0
1777889372.3393323,9.0,-2.0,-86.0
1777889372.3493323,7.0,-3.0,-81.0
1777889372.3593323,0.0,-2.0,-83.0
1777889372.3693323,0.0,-1.0,-80.0
1777889372.3793323,-3.0,-1.0,-89.0
1777889372.3893323,-2.0,-1.0,-89.0
1777889372.3993323,-5.0,0.0,-80.0
1777889372.4093325,-6.0,0.0,-80.0
1777889372.4193325,-9.0,0.0,-76.0
1777889372.4293325,-5.0,-2.0,-84.0
1777889372.4393325,0.0,-5.0,-83.0
1777889372.4493325,1.0,-7.0,-76.0
1777889372.4593325,2.0,-6.0,-76.0
1777889372.4693325,2.0,0.0,-73.0
1777889372.4793324,0.0,0.0,-79.0
1777889372.4893324,1.0,1.0,-85.0
1777889372.4993324,1.0,0.0,-80.0
1777889372.5093324,0.0,-1.0,-82.0
1777889372.5193324,-3.0,1.0,-89.0
1777889372.5293324,-5.0,1.0,-87.0
1777889372.5393324,-5.0,1.0,-83.0
1777889372.5493324,-2.0,4.0,-80.0
1777889372.5593324,-1.0,1.0,-81.0
1777889372.5693324,-4.0,1.0,-79.0
1777889372.5793324,1.0,0.0,-73.0
1777889372.5893323,2.0,-3.0,-74.0
1777889372.5993323,5.0,-4.0,-69.0
1777889372.6093323,8.0,-1.0,-74.0
1777889372.6193323,6.0,0.0,-78.0
1777889372.6293323,9.0,-4.0,-81.0
1777889372.6393323,7.0,-5.0,-80.0
1777889372.6493323,5.0,-7.0,-77.0
1777889372.6593325,1.0,-5.0,-75.0
1777889372.6693325,-1.0,-3.0,-71.0
1777889372.6793325,-5.0,-4.0,-76.0
1777889372.6893325,-3.0,-1.0,-77.0
1777889372.6993325,-2.0,5.0,-77.0
1777889372.7093325,1.0,4.0,-79.0
1777889372.7193325,-2.0,7.0,-79.0
1777889372.7293324,-2.0,6.0,-79.0
1777889372.7393324,-5.0,7.0,-82.0
1777889372.7493324,-8.0,5.0,-81.0
1777889372.7593324,-7.0,2.0,-87.0
1777889372.7693324,-1.0,5.0,-90.0
1777889372.7793324,2.0,2.0,-85.0
1777889372.7893324,1.0,0.0,-83.0
1777889372.7993324,3.0,-1.0,-85.0
1777889372.8093324,1.0,-1.0,-84.0
1777889372.8193324,0.0,-2.0,-87.0
1777889372.8293324,4.0,-2.0,-78.0
1777889372.8393323,5.0,-4.0,-76.0
1777889372.8493323,3.0,-3.0,-75.0
1777889372.8593323,0.0,-4.0,-70.0
1777889372.8693323,4.0,-3.0,-73.0
1777889372.8793323,0.0,-2.0,-74.0
1777889372.8893323,-1.0,-2.0,-72.0
1777889372.8993323,0.0,-3.0,-74.0
1777889372.9093325,-3.0,0.0,-73.0
1777889372.9193325,0.0,2.0,-74.0
1777889372.9293325,0.0,1.0,-70.0
1777889372.9393325,0.0,0.0,-73.0
1777889372.9493325,0.0,2.0,-78.0
1777889372.9593325,-4.0,1.0,-82.0
1777889372.9693325,-3.0,0.0,-87.0
1777889372.9793324,-5.0,-1.0,-92.0
1777889372.9893324,-3.0,-1.0,-83.0
1777889372.9993324,-3.0,3.0,-78.0
1777889373.0093324,-1.0,2.0,-78.0
1777889373.0193324,-3.0,0.0,-81.0
1777889373.0293324,-3.0,0.0,-76.0
1777889373.0393324,-4.0,-2.0,-69.0
1777889373.0493324,-2.0,0.0,-71.0
1777889373.0593324,1.0,1.0,-69.0
1777889373.0693324,2.0,1.0,-74.0
1777889373.0793324,0.0,-1.0,-76.0
1777889373.0893323,3.0,-1.0,-75.0
1777889373.0993323,3.0,-2.0,-79.0
1777889373.1093323,3.0,0.0,-81.0
1777889373.1193323,3.0,-3.0,-80.0
1777889373.1293323,2.0,-3.0,-82.0
1777889373.1393323,2.0,-6.0,-86.0
1777889373.1493323,5.0,-5.0,-83.0
1777889373.1593325,7.0,-5.0,-84.0
1777889373.1693325,4.0,-5.0,-82.0
1777889373.1793325,1.0,-4.0,-79.0
1777889373.1893325,2.0,-6.0,-71.0
1777889373.1993325,7.0,-6.0,-71.0
1777889373.2093325,6.0,-6.0,-69.0
1777889373.2193325,6.0,-6.0,-74.0
1777889373.2293324,3.0,-3.0,-76.0
1777889373.2393324,0.0,0.0,-81.0
1777889373.2493324,0.0,1.0,-78.0
1777889373.2593324,0.0,1.0,-75.0
1777889373.2693324,6.0,5.0,-69.0
1777889373.2793324,3.0,4.0,-69.0
1777889373.2893324,5.0,2.0,-72.0
1777889373.2993324,7.0,-3.0,-79.0
1777889373.3093324,6.0,-3.0,-79.0
1777889373.3193324,1.0,-3.0,-87.0
1777889373.3293324,1.0,0.0,-83.0
1777889373.3393323,-2.0,5.0,-76.0
1777889373.3493323,-6.0,6.0,-77.0
1777889373.3593323,-2.0,4.0,-78.0
1777889373.3693323,-1.0,3.0,-79.0
1777889373.3793323,-2.0,0.0,-75.0
1777889373.3893323,-3.0,3.0,-77.0
1777889373.3993323,0.0,2.0,-76.0
1777889373.4093325,0.0,7.0,-75.0
1777889373.4193325,2.0,3.0,-79.0
1777889373.4293325,8.0,3.0,-77.0
1777889373.4393325,5.0,1.0,-69.0
1777889373.4493325,4.0,-1.0,-66.0
1777889373.4593325,3.0,-2.0,-72.0
1777889373.4693325,0.0,-7.0,-75.0
1777889373.4793324,3.0,-4.0,-78.0
1777889373.4893324,4.0,-3.0,-85.0
1777889373.4993324,0.0,-6.0,-82.0
1777889373.5093324,-1.0,-3.0,-81.0
1777889373.5193324,-6.0,-3.0,-82.0
1777889373.5293324,-8.0,0.0,-84.0
1777889373.5393324,-3.0,0.0,-74.0
1777889373.5493324,1.0,0.0,-78.0
1777889373.5593324,0.0,1.0,-83.0
1777889373.5693324,-1.0,3.0,-85.0
1777889373.5793324,-3.0,9.0,-83.0
1777889373.5893323,-3.0,7.0,-86.0
1777889373.5993323,-1.0,11.0,-85.0
1777889373.6093323,4.0,5.0,-84.0
1777889373.6193323,3.0,-1.0,-83.0
1777889373.6293323,-2.0,0.0,-77.0
1777889373.6393323,-2.0,3.0,-79.0
1777889373.6493323,1.0,0.0,-78.0
1777889373.6593325,-2.0,0.0,-72.0
1777889373.6693325,0.0,1.0,-74.0
1777889373.6793325,3.0,-1.0,-75.0
1777889373.6893325,0.0,3.0,-72.0
1777889373.6993325,2.0,-1.0,-77.0
1777889373.7103324,2.0,-6.0,-72.0
1777889373.7203324,2.0,-5.0,-67.0
1777889373.7293324,0.0,-6.0,-72.0
1777889373.7403324,0.0,-3.0,-70.0
1777889373.7503324,0.0,0.0,-69.0
1777889373.7603323,4.0,-4.0,-76.0
1777889373.7703323,3.0,0.0,-73.0
1777889373.7803323,0.0,0.0,-74.0
1777889373.7903323,0.0,-2.0,-77.0
1777889373.8003323,1.0,0.0,-81.0
1777889373.8103323,0.0,1.0,-87.0
1777889373.8203323,-1.0,0.0,-81.0
1777889373.8303325,0.0,0.0,-76.0
1777889373.8403325,1.0,0.0,-76.0
1777889373.8503325,-7.0,-1.0,-84.0
1777889373.8603325,-4.0,-3.0,-85.0
1777889373.8703325,-2.0,-2.0,-84.0
1777889373.8803325,0.0,0.0,-80.0
1777889373.8903325,0.0,-1.0,-78.0
1777889373.9003325,0.0,-1.0,-71.0
1777889373.9103324,3.0,0.0,-75.0
1777889373.9203324,0.0,-2.0,-74.0
1777889373.9303324,-1.0,4.0,-76.0
1777889373.9403324,0.0,0.0,-78.0
1777889373.9503324,-2.0,-1.0,-78.0
1777889373.9603324,1.0,1.0,-75.0
1777889373.9703324,3.0,3.0,-76.0
1777889373.9803324,1.0,2.0,-77.0
1777889373.9903324,-1.0,4.0,-72.0
1777889374.0003324,2.0,1.0,-76.0
1777889374.0103323,1.0,4.0,-82.0
1777889374.0203323,-3.0,0.0,-83.0
1777889374.0303323,1.0,1.0,-86.0
1777889374.0403323,2.0,2.0,-83.0
1777889374.0503323,3.0,2.0,-84.0
1777889374.0603323,4.0,-4.0,-83.0
1777889374.0703323,3.0,-7.0,-80.0
1777889374.0803325,1.0,-7.0,-84.0
1777889374.0903325,2.0,-4.0,-82.0
1777889374.1003325,0.0,-1.0,-80.0
1777889374.1103325,0.0,3.0,-78.0
1777889374.1203325,-1.0,4.0,-81.0
1777889374.1303325,-4.0,2.0,-79.0
1777889374.1403325,-3.0,2.0,-72.0
1777889374.1503325,1.0,4.0,-67.0
1777889374.1603324,3.0,7.0,-66.0
1777889374.1703324,4.0,6.0,-69.0
1777889374.1803324,0.0,5.0,-64.0
1777889374.1903324,2.0,8.0,-63.0
1777889374.2003324,0.0,9.0,-62.0
1777889374.2103324,-4.0,8.0,-62.0
1777889374.2203324,-4.0,5.0,-67.0
1777889374.2303324,-3.0,6.0,-75.0
1777889374.2403324,-6.0,5.0,-76.0
1777889374.2503324,-5.0,1.0,-76.0
1777889374.2603323,-3.0,1.0,-70.0
1777889374.2703323,-3.0,1.0,-72.0
1777889374.2803323,0.0,2.0,-78.0
1777889374.2903323,0.0,1.0,-71.0
1777889374.3003323,1.0,2.0,-69.0
1777889374.3103323,10.0,-2.0,-76.0
1777889374.3203323,6.0,-8.0,-77.0
1777889374.3303325,3.0,-7.0,-80.0
1777889374.3403325,4.0,-5.0,-81.0
1777889374.3503325,-2.0,-3.0,-85.0
1777889374.3603325,-1.0,-2.0,-80.0
1777889374.3703325,2.0,-2.0,-82.0
1777889374.3803325,5.0,1.0,-80.0
1777889374.3903325,3.0,1.0,-80.0
1777889374.4003325,1.0,0.0,-82.0
1777889374.4103324,5.0,-1.0,-75.0
1777889374.4203324,5.0,-3.0,-74.0
1777889374.4303324,2.0,-3.0,-73.0
1777889374.4403324,1.0,-3.0,-69.0
1777889374.4503324,2.0,-3.0,-70.0
1777889374.4603324,0.0,-4.0,-69.0
1777889374.4703324,-1.0,-3.0,-67.0
1777889374.4803324,-4.0,0.0,-63.0
1777889374.4903324,-3.0,3.0,-62.0
1777889374.5003324,1.0,1.0,-59.0
1777889374.5103323,-2.0,0.0,-56.0
1777889374.5203323,0.0,-1.0,-63.0
1777889374.5303323,0.0,-3.0,-62.0
1777889374.5403323,0.0,-3.0,-69.0
1777889374.5503323,6.0,-1.0,-70.0
1777889374.5603323,4.0,1.0,-70.0
1777889374.5703323,6.0,1.0,-71.0
1777889374.5803325,9.0,0.0,-70.0
1777889374.5903325,6.0,0.0,-68.0
1777889374.6003325,3.0,1.0,-75.0
1777889374.6103325,6.0,1.0,-68.0
1777889374.6203325,1.0,1.0,-68.0
1777889374.6303325,-4.0,-1.0,-78.0
1777889374.6403325,0.0,-4.0,-76.0
1777889374.6503325,3.0,-7.0,-77.0
1777889374.6603324,4.0,-2.0,-74.0
1777889374.6703324,3.0,0.0,-76.0
1777889374.6803324,5.0,1.0,-74.0
1777889374.6903324,7.0,3.0,-71.0
1777889374.7003324,6.0,0.0,-65.0
1777889374.7103324,6.0,1.0,-68.0
1777889374.7203324,4.0,0.0,-77.0
1777889374.7303324,0.0,0.0,-75.0
1777889374.7403324,3.0,0.0,-72.0
1777889374.7503324,3.0,-3.0,-76.0
1777889374.7603323,0.0,-8.0,-73.0
1777889374.7703323,3.0,-6.0,-75.0
1777889374.7803323,3.0,-3.0,-69.0
1777889374.7903323,0.0,-2.0,-72.0
1777889374.8003323,4.0,-6.0,-69.0
1777889374.8103323,4.0,-6.0,-69.0
1777889374.8203323,0.0,1.0,-75.0
1777889374.8303325,-4.0,0.0,-83.0
1777889374.8403325,-1.0,0.0,-86.0
1777889374.8503325,0.0,-4.0,-89.0
1777889374.8603325,0.0,-4.0,-88.0
1777889374.8703325,-2.0,-5.0,-85.0
1777889374.8803325,0.0,-4.0,-82.0
1777889374.8903325,2.0,4.0,-76.0
1777889374.9003325,2.0,6.0,-78.0
1777889374.9103324,-1.0,5.0,-78.0
1777889374.9203324,0.0,2.0,-68.0
1777889374.9303324,1.0,0.0,-68.0
1777889374.9403324,-3.0,0.0,-74.0
1777889374.9503324,-4.0,0.0,-75.0
1777889374.9603324,0.0,4.0,-78.0
1777889374.9703324,-4.0,3.0,-74.0
1777889374.9803324,-2.0,-3.0,-75.0
1777889374.9903324,0.0,-1.0,-80.0
1777889375.0003324,3.0,0.0,-79.0
1777889375.0103323,3.0,-3.0,-76.0
1777889375.0203323,4.0,-3.0,-78.0
1777889375.0303323,1.0,-2.0,-77.0
1777889375.0403323,-1.0,0.0,-72.0
1777889375.0503323,-6.0,2.0,-74.0
1777889375.0603323,-5.0,0.0,-67.0
1777889375.0703323,-4.0,0.0,-69.0
1777889375.0803325,-2.0,-3.0,-69.0
1777889375.0903325,-2.0,-6.0,-61.0
1777889375.1003325,0.0,-5.0,-60.0
1777889375.1103325,-5.0,-5.0,-61.0
1777889375.1203325,-3.0,-5.0,-64.0
1777889375.1303325,3.0,-1.0,-64.0
1777889375.1403325,9.0,-1.0,-62.0
1777889375.1503325,10.0,-1.0,-65.0
1777889375.1603324,7.0,-4.0,-66.0
1777889375.1703324,0.0,-4.0,-67.0
1777889375.1803324,-5.0,-7.0,-69.0
1777889375.1903324,-5.0,-8.0,-73.0
1777889375.2003324,-3.0,-5.0,-64.0
1777889375.2103324,-2.0,0.0,-62.0
1777889375.2203324,-2.0,2.0,-60.0
1777889375.2303324,0.0,-1.0,-63.0
1777889375.2403324,-1.0,-6.0,-61.0
1777889375.2503324,-1.0,-3.0,-57.0
1777889375.2603323,0.0,-2.0,-62.0
1777889375.2703323,0.0,0.0,-65.0
1777889375.2803323,2.0,-4.0,-68.0
1777889375.2903323,0.0,-7.0,-72.0
1777889375.3003323,0.0,-5.0,-66.0
1777889375.3103323,1.0,-1.0,-63.0
1777889375.3203323,-1.0,0.0,-67.0
1777889375.3303325,-6.0,-3.0,-68.0
1777889375.3403325,-6.0,-3.0,-68.0
1777889375.3503325,-2.0,-5.0,-73.0
1777889375.3603325,-3.0,-7.0,-80.0
1777889375.3703325,-1.0,-4.0,-89.0
1777889375.3803325,0.0,-2.0,-86.0
1777889375.3903325,0.0,-5.0,-80.0
1777889375.4003325,1.0,-3.0,-76.0
1777889375.4103324,1.0,-8.0,-80.0
1777889375.4203324,3.0,-7.0,-78.0
1777889375.4303324,2.0,-6.0,-77.0
1777889375.4403324,-1.0,-4.0,-80.0
1777889375.4503324,-3.0,-5.0,-80.0
1777889375.4603324,-5.0,-4.0,-70.0
1777889375.4703324,-5.0,-3.0,-70.0
1777889375.4803324,-3.0,-7.0,-70.0
1777889375.4903324,-2.0,-6.0,-76.0
1777889375.5003324,-1.0,0.0,-75.0
1777889375.5103323,0.0,1.0,-67.0
1777889375.5203323,-4.0,3.0,-66.0
1777889375.5303323,-5.0,4.0,-67.0
1777889375.5403323,0.0,0.0,-75.0
1777889375.5503323,-2.0,0.0,-76.0
1777889375.5603323,-5.0,0.0,-80.0
1777889375.5703323,-3.0,1.0,-78.0
1777889375.5803325,1.0,0.0,-71.0
1777889375.5903325,-2.0,-1.0,-70.0
1777889375.6003325,-3.0,-7.0,-74.0
1777889375.6103325,-4.0,-6.0,-67.0
1777889375.6203325,-6.0,-2.0,-71.0
1777889375.6303325,-2.0,-4.0,-83.0
1777889375.6403325,-1.0,-7.0,-83.0
1777889375.6503325,-1.0,-4.0,-81.0
1777889375.6603324,0.0,-5.0,-82.0
1777889375.6703324,0.0,-6.0,-81.0
1777889375.6813323,2.0,-11.0,-76.0
1777889375.6913323,4.0,-5.0,-76.0
1777889375.7013323,2.0,-5.0,-76.0
1777889375.7113323,1.0,-5.0,-73.0
1777889375.7213323,-1.0,0.0,-74.0
1777889375.7313323,0.0,1.0,-78.0
1777889375.7413323,0.0,-1.0,-75.0
1777889375.7513323,0.0,-5.0,-72.0
1777889375.7613325,0.0,-7.0,-63.0
1777889375.7713325,-1.0,-8.0,-61.0
1777889375.7813325,-2.0,-4.0,-73.0
1777889375.7913325,-2.0,-5.0,-77.0
1777889375.8013325,-1.0,-4.0,-71.0
1777889375.8113325,-3.0,-3.0,-76.0
1777889375.8213325,-5.0,-1.0,-79.0
1777889375.8313324,-4.0,0.0,-77.0
1777889375.8413324,0.0,-2.0,-77.0
1777889375.8513324,4.0,-1.0,-76.0
1777889375.8613324,4.0,0.0,-77.0
1777889375.8713324,5.0,1.0,-78.0
1777889375.8813324,1.0,0.0,-76.0
1777889375.8913324,0.0,0.0,-81.0
1777889375.9013324,-1.0,-1.0,-81.0
1777889375.9113324,1.0,-1.0,-81.0
1777889375.9213324,0.0,-2.0,-81.0
1777889375.9313323,-3.0,-1.0,-70.0
1777889375.9413323,0.0,1.0,-70.0
1777889375.9513323,-1.0,2.0,-63.0
1777889375.9613323,0.0,0.0,-69.0
1777889375.9713323,1.0,2.0,-73.0
1777889375.9813323,0.0,4.0,-67.0
1777889375.9913323,0.0,1.0,-60.0
1777889376.0013323,4.0,1.0,-60.0
1777889376.0113325,5.0,0.0,-63.0
1777889376.0213325,8.0,0.0,-72.0
1777889376.0313325,3.0,2.0,-69.0
1777889376.0413325,3.0,6.0,-68.0
1777889376.0513325,5.0,4.0,-68.0
1777889376.0613325,2.0,3.0,-71.0
1777889376.0713325,3.0,0.0,-74.0
1777889376.0813324,4.0,0.0,-76.0
1777889376.0913324,5.0,0.0,-79.0
1777889376.1013324,-1.0,-3.0,-77.0
1777889376.1113324,0.0,-5.0,-76.0
1777889376.1213324,3.0,0.0,-81.0
1777889376.1313324,4.0,1.0,-70.0
1777889376.1413324,5.0,0.0,-73.0
1777889376.1513324,6.0,3.0,-75.0
1777889376.1613324,6.0,-1.0,-78.0
1777889376.1713324,4.0,-5.0,-73.0
1777889376.1813323,6.0,-6.0,-70.0
1777889376.1913323,10.0,-6.0,-68.0
1777889376.2013323,9.0,-1.0,-69.0
1777889376.2113323,9.0,-2.0,-71.0
1777889376.2213323,6.0,0.0,-67.0
1777889376.2313323,5.0,1.0,-73.0
1777889376.2413323,6.0,4.0,-69.0
1777889376.2513323,9.0,3.0,-68.0
1777889376.2613325,3.0,2.0,-68.0
1777889376.2713325,0.0,1.0,-67.0
1777889376.2813325,-2.0,1.0,-73.0
1777889376.2913325,0.0,-2.0,-74.0
1777889376.3013325,0.0,0.0,-78.0
1777889376.3113325,-4.0,-3.0,-76.0
1777889376.3213325,-7.0,1.0,-72.0
1777889376.3313324,-7.0,2.0,-69.0
1777889376.3413324,0.0,4.0,-70.0
1777889376.3513324,0.0,2.0,-73.0
1777889376.3613324,0.0,2.0,-72.0
1777889376.3713324,0.0,3.0,-75.0
1777889376.3813324,2.0,2.0,-75.0
1777889376.3913324,4.0,0.0,-70.0
1777889376.4013324,4.0,-2.0,-62.0
1777889376.4113324,8.0,-1.0,-67.0
1777889376.4213324,5.0,0.0,-69.0
1777889376.4313323,3.0,-1.0,-71.0
1777889376.4413323,4.0,-4.0,-65.0
1777889376.4513323,0.0,-3.0,-63.0
1777889376.4623325,0.0,-6.0,-68.0
1777889376.4713323,1.0,-7.0,-73.0
1777889376.4813323,0.0,-10.0,-75.0
1777889376.4913323,-4.0,-8.0,-79.0
1777889376.5013323,-4.0,-7.0,-81.0
1777889376.5113325,-8.0,-2.0,-80.0
1777889376.5213325,-7.0,-3.0,-79.0
1777889376.5313325,-4.0,-4.0,-86.0
1777889376.5413325,0.0,-2.0,-84.0
1777889376.5513325,0.0,0.0,-85.0
1777889376.5613325,-4.0,0.0,-82.0
1777889376.5713325,-1.0,-2.0,-75.0
1777889376.5813324,-1.0,-1.0,-74.0
1777889376.5913324,0.0,-2.0,-81.0
1777889376.6013324,1.0,0.0,-81.0
1777889376.6113324,4.0,-6.0,-78.0
1777889376.6213324,3.0,-5.0,-74.0
1777889376.6313324,0.0,-9.0,-74.0
1777889376.6413324,0.0,-6.0,-67.0
1777889376.6513324,4.0,-4.0,-68.0
1777889376.6613324,3.0,-1.0,-71.0
1777889376.6713324,0.0,2.0,-69.0
1777889376.6813323,-1.0,2.0,-69.0
1777889376.6913323,-2.0,0.0,-67.0
1777889376.7013323,-4.0,0.0,-67.0
1777889376.7113323,-2.0,-1.0,-69.0
1777889376.7213323,0.0,-1.0,-75.0
1777889376.7313323,3.0,0.0,-70.0
1777889376.7413323,0.0,-1.0,-71.0
1777889376.7513323,0.0,0.0,-68.0
1777889376.7613325,0.0,3.0,-65.0
1777889376.7713325,-4.0,-3.0,-68.0
1777889376.7813325,-4.0,-2.0,-62.0
1777889376.7913325,-2.0,-2.0,-65.0
1777889376.8013325,8.0,0.0,-67.0
1777889376.8113325,10.0,0.0,-74.0
1777889376.8213325,9.0,1.0,-79.0
1777889376.8313324,7.0,-3.0,-83.0
1777889376.8413324,4.0,-2.0,-78.0
1777889376.8513324,2.0,0.0,-80.0
1777889376.8613324,1.0,0.0,-79.0
1777889376.8713324,0.0,0.0,-81.0
1777889376.8813324,3.0,0.0,-81.0
1777889376.8913324,2.0,1.0,-76.0
1777889376.9013324,6.0,2.0,-80.0
1777889376.9113324,4.0,3.0,-73.0
1777889376.9213324,4.0,0.0,-79.0
1777889376.9313323,4.0,-1.0,-74.0
1777889376.9413323,0.0,-2.0,-83.0
1777889376.9513323,-4.0,0.0,-86.0
1777889376.9613323,-3.0,3.0,-86.0
1777889376.9713323,-10.0,-1.0,-77.0
1777889376.9813323,-7.0,-3.0,-82.0
1777889376.9913323,-2.0,-3.0,-83.0
1777889377.0013323,2.0,-7.0,-76.0
1777889377.0113325,2.0,-3.0,-75.0
1777889377.0213325,1.0,0.0,-78.0
1777889377.0313325,-1.0,0.0,-76.0
1777889377.0413325,0.0,0.0,-75.0
1777889377.0513325,-3.0,1.0,-77.0
1777889377.0613325,-7.0,0.0,-72.0
1777889377.0713325,-5.0,-3.0,-71.0
1777889377.0813324,-7.0,0.0,-71.0
1777889377.0913324,-3.0,0.0,-69.0
1777889377.1013324,-3.0,0.0,-66.0
1777889377.1113324,0.0,-4.0,-68.0
1777889377.1213324,-1.0,0.0,-75.0
1777889377.1313324,-1.0,-3.0,-78.0
1777889377.1413324,-4.0,-2.0,-78.0
1777889377.1513324,-4.0,0.0,-80.0
1777889377.1613324,-1.0,1.0,-72.0
1777889377.1713324,0.0,1.0,-74.0
1777889377.1813323,1.0,0.0,-75.0
1777889377.1913323,3.0,2.0,-68.0
1777889377.2013323,3.0,0.0,-68.0
1777889377.2113323,3.0,-4.0,-70.0
1777889377.2213323,2.0,-1.0,-70.0
1777889377.2313323,6.0,-1.0,-70.0
1777889377.2413323,9.0,-1.0,-65.0
1777889377.2513323,4.0,0.0,-68.0
1777889377.2613325,5.0,3.0,-78.0
1777889377.2713325,4.0,1.0,-77.0
1777889377.2813325,5.0,0.0,-77.0
1777889377.2913325,2.0,0.0,-66.0
1777889377.3013325,4.0,0.0,-66.0
1777889377.3113325,9.0,-2.0,-63.0
1777889377.3213325,4.0,-3.0,-61.0
1777889377.3313324,5.0,1.0,-68.0
1777889377.3413324,5.0,5.0,-66.0
1777889377.3513324,3.0,4.0,-68.0
1777889377.3613324,2.0,4.0,-68.0
1777889377.3713324,3.0,1.0,-65.0
1777889377.3813324,6.0,0.0,-64.0
1777889377.3913324,7.0,1.0,-59.0
1777889377.4013324,7.0,4.0,-64.0
1777889377.4113324,8.0,3.0,-70.0
1777889377.4213324,6.0,3.0,-68.0
1777889377.4313323,3.0,0.0,-66.0
1777889377.4413323,-1.0,-1.0,-72.0
1777889377.4513323,-1.0,-3.0,-76.0
1777889377.4613323,1.0,1.0,-80.0
1777889377.4713323,-1.0,2.0,-78.0
1777889377.4813323,1.0,0.0,-82.0
1777889377.4913323,1.0,2.0,-82.0
1777889377.5013323,3.0,5.0,-83.0
1777889377.5113325,6.0,8.0,-78.0
1777889377.5213325,2.0,9.0,-76.0
1777889377.5313325,2.0,10.0,-73.0
1777889377.5413325,0.0,10.0,-74.0
1777889377.5513325,0.0,5.0,-72.0
1777889377.5613325,0.0,3.0,-77.0
1777889377.5713325,-1.0,5.0,-71.0
1777889377.5813324,2.0,8.0,-72.0
1777889377.5913324,0.0,5.0,-73.0
1777889377.6013324,0.0,5.0,-77.0
1777889377.6113324,-3.0,4.0,-73.0
1777889377.6213324,-5.0,0.0,-73.0
1777889377.6313324,-1.0,0.0,-79.0
1777889377.6413324,-1.0,-2.0,-83.0
1777889377.6513324,-2.0,1.0,-77.0
1777889377.6613324,-8.0,-1.0,-82.0
1777889377.6723323,-8.0,-3.0,-82.0
1777889377.6823325,-3.0,-9.0,-81.0
1777889377.6923325,-2.0,-8.0,-75.0
1777889377.7023325,-4.0,-2.0,-69.0
1777889377.7123325,-3.0,0.0,-66.0
1777889377.7223325,-2.0,0.0,-68.0
1777889377.7323325,0.0,1.0,-74.0
1777889377.7423325,0.0,1.0,-77.0
1777889377.7523324,1.0,2.0,-79.0
1777889377.7623324,0.0,0.0,-77.0
1777889377.7723324,-1.0,2.0,-79.0
1777889377.7823324,0.0,3.0,-76.0
1777889377.7923324,-1.0,1.0,-74.0
1777889377.8023324,-2.0,0.0,-72.0
1777889377.8123324,1.0,0.0,-77.0
1777889377.8223324,0.0,-2.0,-78.0
1777889377.8323324,0.0,-3.0,-76.0
1777889377.8423324,1.0,0.0,-74.0
1777889377.8523324,2.0,0.0,-72.0
1777889377.8623323,3.0,0.0,-76.0
1777889377.8723323,4.0,1.0,-79.0
1777889377.8823323,6.0,0.0,-81.0
1777889377.8923323,5.0,-1.0,-71.0
1777889377.9023323,4.0,0.0,-73.0
1777889377.9123323,9.0,2.0,-77.0
1777889377.9223323,5.0,5.0,-80.0
1777889377.9323325,3.0,8.0,-84.0
1777889377.9423325,1.0,1.0,-85.0
1777889377.9523325,6.0,2.0,-82.0
1777889377.9623325,4.0,4.0,-75.0
1777889377.9723325,4.0,6.0,-75.0
1777889377.9823325,5.0,4.0,-72.0
1777889377.9923325,2.0,3.0,-76.0
1777889378.0023324,3.0,0.0,-78.0
1777889378.0123324,4.0,-2.0,-79.0
1777889378.0223324,6.0,-2.0,-76.0
1777889378.0323324,4.0,0.0,-81.0
1777889378.0423324,2.0,1.0,-72.0
1777889378.0523324,5.0,0.0,-76.0
1777889378.0623324,3.0,-2.0,-78.0
1777889378.0723324,-1.0,-4.0,-77.0
1777889378.0823324,2.0,-2.0,-78.0
1777889378.0923324,2.0,0.0,-77.0
1777889378.1023324,1.0,-4.0,-82.0
1777889378.1123323,-3.0,1.0,-81.0
1777889378.1223323,0.0,1.0,-89.0
1777889378.1323323,-3.0,0.0,-90.0
1777889378.1423323,-2.0,2.0,-92.0
1777889378.1523323,1.0,0.0,-91.0
1777889378.1623323,0.0,0.0,-86.0
1777889378.1723323,4.0,1.0,-79.0
1777889378.1823325,2.0,3.0,-76.0
1777889378.1923325,2.0,4.0,-73.0
1777889378.2023325,0.0,0.0,-73.0
1777889378.2123325,-2.0,3.0,-74.0
1777889378.2223325,-3.0,0.0,-67.0
1777889378.2323325,-3.0,-4.0,-67.0
1777889378.2423325,-1.0,-3.0,-62.0
1777889378.2523324,-2.0,2.0,-68.0
1777889378.2623324,-9.0,2.0,-71.0
1777889378.2723324,-9.0,1.0,-69.0
1777889378.2823324,-3.0,1.0,-65.0
1777889378.2923324,-5.0,2.0,-65.0
1777889378.3023324,-4.0,2.0,-67.0
1777889378.3123324,-3.0,2.0,-65.0
1777889378.3223324,-3.0,0.0,-61.0
1777889378.3323324,0.0,1.0,-63.0
1777889378.3423324,-1.0,3.0,-61.0
1777889378.3523324,-2.0,1.0,-64.0
1777889378.3623323,0.0,0.0,-67.0
1777889378.3723323,-1.0,-2.0,-69.0
1777889378.3823323,0.0,-3.0,-72.0
1777889378.3923323,-1.0,-3.0,-69.0
1777889378.4023323,3.0,0.0,-69.0
1777889378.4123323,4.0,0.0,-69.0
1777889378.4223323,6.0,2.0,-75.0
1777889378.4323325,5.0,-5.0,-68.0
1777889378.4423325,5.0,-6.0,-74.0
1777889378.4523325,1.0,-6.0,-77.0
1777889378.4623325,0.0,-6.0,-75.0
1777889378.4723325,2.0,-8.0,-68.0
1777889378.4823325,1.0,-8.0,-71.0
1777889378.4923325,0.0,-8.0,-75.0
1777889378.5023324,2.0,-7.0,-76.0
1777889378.5123324,1.0,-2.0,-74.0
1777889378.5223324,-1.0,1.0,-68.0
1777889378.5323324,-2.0,-1.0,-68.0
1777889378.5423324,-1.0,-3.0,-69.0
1777889378.5523324,0.0,-6.0,-69.0
1777889378.5623324,0.0,-5.0,-64.0
1777889378.5723324,1.0,-2.0,-63.0
1777889378.5823324,2.0,-3.0,-63.0
1777889378.5923324,4.0,0.0,-68.0
1777889378.6023324,4.0,0.0,-74.0
1777889378.6123323,1.0,3.0,-79.0
1777889378.6223323,1.0,2.0,-81.0
1777889378.6323323,2.0,4.0,-79.0
1777889378.6423323,0.0,2.0,-82.0
1777889378.6523323,1.0,5.0,-85.0
1777889378.6623323,5.0,2.0,-80.0
1777889378.6723323,3.0,0.0,-79.0
1777889378.6823325,2.0,1.0,-81.0
1777889378.6923325,3.0,5.0,-71.0
1777889378.7023325,7.0,0.0,-68.0
1777889378.7123325,6.0,1.0,-67.0
1777889378.7223325,4.0,1.0,-70.0
1777889378.7323325,4.0,0.0,-74.0
1777889378.7423325,1.0,1.0,-76.0
1777889378.7523324,4.0,1.0,-79.0
1777889378.7623324,3.0,0.0,-80.0
1777889378.7723324,1.0,0.0,-79.0
1777889378.7823324,5.0,-4.0,-76.0
1777889378.7923324,0.0,-6.0,-72.0
1777889378.8023324,0.0,-1.0,-72.0
1777889378.8123324,0.0,1.0,-77.0
1777889378.8223324,1.0,2.0,-73.0
1777889378.8323324,1.0,0.0,-74.0
1777889378.8423324,2.0,3.0,-75.0
1777889378.8523324,1.0,3.0,-78.0
1777889378.8623323,5.0,1.0,-84.0
1777889378.8723323,5.0,-1.0,-83.0
1777889378.8823323,1.0,-1.0,-82.0
1777889378.8923323,-1.0,0.0,-86.0
1777889378.9023323,0.0,-1.0,-82.0
1777889378.9123323,0.0,-2.0,-78.0
1777889378.9223323,0.0,0.0,-79.0
1777889378.9323325,0.0,1.0,-84.0
1777889378.9423325,0.0,2.0,-83.0
1777889378.9523325,2.0,3.0,-73.0
1777889378.9623325,5.0,3.0,-73.0
1777889378.9723325,6.0,2.0,-76.0
1777889378.9823325,8.0,-2.0,-81.0
1777889378.9923325,4.0,0.0,-78.0
1777889379.0023324,0.0,0.0,-83.0
1777889379.0123324,-5.0,-2.0,-86.0
1777889379.0223324,-4.0,-1.0,-81.0
1777889379.0323324,-2.0,0.0,-73.0
1777889379.0423324,0.0,-3.0,-71.0
1777889379.0523324,0.0,0.0,-72.0
1777889379.0623324,1.0,1.0,-71.0
1777889379.0723324,0.0,0.0,-62.0
1777889379.0823324,2.0,2.0,-60.0
1777889379.0923324,2.0,1.0,-58.0
1777889379.1023324,3.0,0.0,-61.0
1777889379.1123323,1.0,-3.0,-60.0
1777889379.1223323,1.0,-3.0,-59.0
1777889379.1323323,2.0,-6.0,-61.0
1777889379.1423323,-1.0,-2.0,-72.0
1777889379.1523323,-1.0,-2.0,-69.0
1777889379.1623323,0.0,1.0,-67.0
1777889379.1723323,1.0,-3.0,-72.0
1777889379.1823325,3.0,-5.0,-70.0
1777889379.1923325,3.0,-5.0,-68.0
1777889379.2023325,0.0,-6.0,-71.0
1777889379.2123325,2.0,0.0,-73.0
1777889379.2223325,0.0,0.0,-76.0
1777889379.2323325,-1.0,-2.0,-78.0
1777889379.2423325,-4.0,-4.0,-82.0
1777889379.2523324,-5.0,-6.0,-79.0
1777889379.2623324,-2.0,-5.0,-80.0
1777889379.2723324,2.0,-5.0,-81.0
1777889379.2823324,2.0,-1.0,-75.0
1777889379.2923324,-3.0,2.0,-71.0
1777889379.3023324,-6.0,-2.0,-77.0
1777889379.3123324,-9.0,3.0,-79.0
1777889379.3223324,-7.0,7.0,-78.0
1777889379.3323324,-1.0,3.0,-81.0
1777889379.3423324,0.0,6.0,-80.0
1777889379.3523324,0.0,7.0,-78.0
1777889379.3623323,-9.0,5.0,-74.0
1777889379.3723323,-5.0,2.0,-80.0
1777889379.3823323,-1.0,1.0,-77.0
1777889379.3923323,4.0,-1.0,-76.0
1777889379.4023323,0.0,0.0,-79.0
1777889379.4123323,0.0,0.0,-79.0
1777889379.4223323,-3.0,0.0,-77.0
1777889379.4323325,-2.0,2.0,-80.0
1777889379.4423325,-1.0,0.0,-84.0
1777889379.4523325,0.0,-3.0,-84.0
1777889379.4623325,1.0,0.0,-85.0
1777889379.4723325,3.0,1.0,-81.0
1777889379.4823325,4.0,1.0,-78.0
1777889379.4923325,0.0,0.0,-70.0
1777889379.5023324,-2.0,-3.0,-69.0
1777889379.5123324,-3.0,-5.0,-71.0
1777889379.5223324,-2.0,-6.0,-69.0
1777889379.5323324,0.0,-11.0,-71.0
1777889379.5423324,2.0,-10.0,-69.0
1777889379.5523324,2.0,-5.0,-72.0
1777889379.5623324,5.0,0.0,-71.0
1777889379.5723324,7.0,1.0,-75.0
1777889379.5823324,3.0,3.0,-74.0
1777889379.5923324,3.0,2.0,-72.0
1777889379.6023324,4.0,1.0,-78.0
1777889379.6123323,3.0,0.0,-78.0
1777889379.6233325,0.0,0.0,-71.0
1777889379.6323323,-3.0,-1.0,-63.0
1777889379.6433325,-3.0,-1.0,-65.0
1777889379.6533325,0.0,-1.0,-73.0
1777889379.6633325,-1.0,0.0,-71.0
1777889379.6733325,-4.0,1.0,-70.0
1777889379.6833324,-3.0,-2.0,-73.0
1777889379.6933324,-5.0,-1.0,-72.0
1777889379.7033324,-1.0,-1.0,-73.0
1777889379.7133324,2.0,-2.0,-71.0
1777889379.7233324,0.0,-2.0,-68.0
1777889379.7333324,-1.0,-2.0,-67.0
1777889379.7433324,-4.0,0.0,-72.0
1777889379.7533324,-7.0,-3.0,-77.0
1777889379.7633324,-9.0,-2.0,-75.0
1777889379.7733324,-12.0,0.0,-76.0
1777889379.7833323,-10.0,-5.0,-78.0
1777889379.7933323,-5.0,-8.0,-77.0
1777889379.8033323,-6.0,-10.0,-80.0
1777889379.8133323,-3.0,-8.0,-76.0
1777889379.8233323,-4.0,-6.0,-73.0
1777889379.8333323,-2.0,-4.0,-73.0
1777889379.8433323,-2.0,-2.0,-79.0
1777889379.8533323,1.0,-4.0,-73.0
1777889379.8633325,3.0,-3.0,-66.0
1777889379.8733325,1.0,-3.0,-71.0
1777889379.8833325,2.0,-5.0,-72.0
1777889379.8933325,3.0,-3.0,-75.0
1777889379.9033325,0.0,-3.0,-85.0
1777889379.9133325,0.0,0.0,-92.0
1777889379.9233325,-2.0,-1.0,-88.0
1777889379.9333324,-1.0,0.0,-81.0
1777889379.9433324,5.0,-2.0,-80.0
1777889379.9533324,5.0,-6.0,-81.0
1777889379.9633324,9.0,-4.0,-87.0
1777889379.9733324,12.0,-4.0,-85.0
1777889379.9833324,8.0,-7.0,-84.0
1777889379.9933324,3.0,-9.0,-83.0
1777889380.0033324,-4.0,-13.0,-89.0
1777889380.0133324,-1.0,-8.0,-89.0
1777889380.0233324,0.0,0.0,-90.0
1777889380.0333323,2.0,-1.0,-87.0
1777889380.0433323,3.0,-2.0,-90.0
1777889380.0533323,3.0,-3.0,-86.0
1777889380.0633323,2.0,-2.0,-85.0
1777889380.0733323,6.0,-2.0,-83.0
1777889380.0833323,4.0,-2.0,-75.0
1777889380.0933323,1.0,-3.0,-75.0
1777889380.1033323,0.0,-2.0,-77.0
1777889380.1133325,0.0,1.0,-84.0
1777889380.1233325,1.0,1.0,-76.0
1777889380.1333325,2.0,0.0,-73.0
1777889380.1433325,8.0,0.0,-81.0
1777889380.1533325,5.0,-3.0,-74.0
1777889380.1633325,4.0,-4.0,-63.0
1777889380.1733325,4.0,-4.0,-66.0
1777889380.1833324,5.0,-7.0,-70.0
1777889380.1933324,4.0,-6.0,-79.0
1777889380.2033324,8.0,-3.0,-74.0
1777889380.2133324,4.0,-2.0,-70.0
1777889380.2233324,10.0,-2.0,-75.0
1777889380.2333324,8.0,-1.0,-80.0
1777889380.2433324,8.0,-4.0,-81.0
1777889380.2533324,8.0,-1.0,-84.0
1777889380.2633324,8.0,-1.0,-78.0
1777889380.2733324,0.0,-1.0,-80.0
1777889380.2833323,0.0,2.0,-83.0
1777889380.2933323,1.0,0.0,-78.0
1777889380.3033323,2.0,-2.0,-78.0
1777889380.3133323,3.0,-4.0,-80.0
1777889380.3233323,0.0,-7.0,-75.0
1777889380.3333323,0.0,-4.0,-72.0
1777889380.3433323,-1.0,-5.0,-69.0
1777889380.3533323,0.0,-4.0,-68.0
1777889380.3633325,0.0,-7.0,-65.0
1777889380.3733325,-2.0,-2.0,-65.0
1777889380.3833325,-4.0,0.0,-64.0
1777889380.3933325,-2.0,-3.0,-60.0
1777889380.4033325,1.0,-2.0,-63.0
1777889380.4133325,3.0,-2.0,-76.0
1777889380.4233325,1.0,-4.0,-78.0
1777889380.4333324,-1.0,-5.0,-80.0
1777889380.4433324,-4.0,-7.0,-80.0
1777889380.4533324,-5.0,-8.0,-85.0
1777889380.4633324,-5.0,-3.0,-82.0
1777889380.4733324,-3.0,0.0,-81.0
1777889380.4833324,-4.0,-2.0,-81.0
1777889380.4933324,0.0,-1.0,-80.0
1777889380.5033324,2.0,-2.0,-81.0
1777889380.5133324,4.0,-3.0,-76.0
1777889380.5233324,7.0,-4.0,-73.0
1777889380.5333323,7.0,0.0,-83.0
1777889380.5433323,1.0,2.0,-82.0
1777889380.5533323,-1.0,0.0,-74.0
1777889380.5633323,2.0,0.0,-72.0
1777889380.5733323,-1.0,0.0,-77.0
1777889380.5833323,-4.0,-3.0,-82.0
1777889380.5933323,-6.0,-4.0,-71.0
1777889380.6033323,-2.0,-8.0,-68.0
1777889380.6133325,0.0,-4.0,-70.0
1777889380.6233325,2.0,-2.0,-72.0
1777889380.6333325,0.0,3.0,-74.0
1777889380.6433325,-4.0,1.0,-74.0
1777889380.6533325,-3.0,6.0,-67.0
1777889380.6633325,-5.0,6.0,-67.0
1777889380.6733325,-4.0,3.0,-66.0
1777889380.6833324,0.0,3.0,-66.0
1777889380.6933324,6.0,4.0,-66.0
1777889380.7033324,2.0,3.0,-60.0
1777889380.7133324,7.0,0.0,-64.0
1777889380.7233324,5.0,3.0,-68.0
1777889380.7333324,4.0,5.0,-74.0
1777889380.7433324,2.0,5.0,-81.0
1777889380.7533324,4.0,5.0,-79.0
1777889380.7633324,2.0,6.0,-80.0
1777889380.7733324,3.0,7.0,-75.0
1777889380.7833323,1.0,3.0,-74.0
1777889380.7933323,-5.0,0.0,-73.0
1777889380.8033323,0.0,0.0,-69.0
1777889380.8133323,2.0,1.0,-74.0
1777889380.8233323,5.0,3.0,-78.0
1777889380.8333323,2.0,4.0,-81.0
1777889380.8433323,3.0,5.0,-79.0
1777889380.8533323,5.0,4.0,-80.0
1777889380.8633325,3.0,0.0,-78.0
1777889380.8733325,0.0,0.0,-82.0
1777889380.8833325,-2.0,0.0,-82.0
1777889380.8933325,0.0,0.0,-77.0
1777889380.9033325,-4.0,1.0,-76.0
1777889380.9133325,-8.0,1.0,-73.0
1777889380.9233325,-7.0,2.0,-77.0
1777889380.9333324,-11.0,-1.0,-77.0
1777889380.9433324,-8.0,3.0,-79.0
1777889380.9533324,-4.0,5.0,-77.0
1777889380.9633324,-1.0,3.0,-77.0
1777889380.9733324,0.0,2.0,-79.0
1777889380.9833324,-1.0,1.0,-81.0
1777889380.9933324,0.0,0.0,-80.0
1777889381.0033324,4.0,1.0,-82.0
1777889381.0133324,1.0,0.0,-78.0
1777889381.0233324,2.0,0.0,-74.0
1777889381.0333323,0.0,-2.0,-69.0
1777889381.0433323,-1.0,-4.0,-73.0
1777889381.0533323,0.0,-3.0,-74.0
1777889381.0633323,4.0,-6.0,-79.0
1777889381.0733323,2.0,0.0,-73.0
1777889381.0833323,2.0,-5.0,-70.0
1777889381.0933323,10.0,-9.0,-62.0
1777889381.1033323,9.0,-7.0,-61.0
1777889381.1133325,6.0,-4.0,-59.0
1777889381.1233325,3.0,-5.0,-68.0
1777889381.1333325,0.0,-3.0,-72.0
1777889381.1433325,0.0,3.0,-76.0
1777889381.1533325,8.0,3.0,-70.0
1777889381.1633325,6.0,0.0,-69.0
1777889381.1733325,3.0,-8.0,-71.0
1777889381.1833324,0.0,-10.0,-71.0
1777889381.1933324,-1.0,-5.0,-70.0
1777889381.2033324,-4.0,-4.0,-78.0
1777889381.2133324,-4.0,-6.0,-77.0
1777889381.2233324,0.0,-5.0,-70.0
1777889381.2333324,0.0,-4.0,-70.0
1777889381.2433324,0.0,-6.0,-69.0
1777889381.2533324,0.0,-1.0,-66.0
1777889381.2633324,-2.0,-2.0,-66.0
1777889381.2733324,0.0,-1.0,-68.0
1777889381.2833323,-3.0,-3.0,-67.0
1777889381.2933323,-3.0,-11.0,-65.0
1777889381.3033323,1.0,-8.0,-71.0
1777889381.3133323,2.0,-4.0,-69.0
1777889381.3233323,3.0,-3.0,-72.0
1777889381.3333323,4.0,-7.0,-74.0
1777889381.3433323,0.0,-7.0,-73.0
1777889381.3533323,0.0,-4.0,-72.0
1777889381.3633325,-3.0,-5.0,-64.0
1777889381.3733325,-3.0,0.0,-69.0
1777889381.3833325,-2.0,3.0,-76.0
1777889381.3933325,-1.0,7.0,-78.0
1777889381.4033325,-4.0,7.0,-72.0
1777889381.4133325,-3.0,10.0,-76.0
1777889381.4233325,-3.0,10.0,-72.0
1777889381.4333324,-1.0,7.0,-71.0
1777889381.4433324,-6.0,3.0,-69.0
1777889381.4533324,-4.0,0.0,-76.0
1777889381.4633324,-1.0,-1.0,-73.0
1777889381.4733324,0.0,-2.0,-72.0
1777889381.4833324,1.0,-5.0,-73.0
1777889381.4933324,-3.0,-6.0,-75.0
1777889381.5033324,-9.0,-6.0,-75.0
1777889381.5133324,-8.0,-6.0,-78.0
1777889381.5233324,-5.0,-1.0,-72.0
1777889381.5333323,-5.0,-2.0,-70.0
1777889381.5433323,-1.0,-3.0,-73.0
1777889381.5533323,-1.0,-3.0,-65.0
1777889381.5633323,-1.0,-4.0,-63.0
1777889381.5733323,0.0,-5.0,-69.0
1777889381.5833323,-1.0,-10.0,-76.0
1777889381.5933323,-1.0,-10.0,-77.0
1777889381.6043324,-3.0,-8.0,-80.0
1777889381.6143324,-5.0,-8.0,-78.0
1777889381.6233325,-3.0,-5.0,-77.0
1777889381.6343324,2.0,-6.0,-80.0
1777889381.6443324,0.0,-7.0,-83.0
1777889381.6543324,-1.0,-7.0,-79.0
1777889381.6643324,1.0,-3.0,-80.0
1777889381.6743324,0.0,-3.0,-78.0
1777889381.6843324,0.0,-2.0,-83.0
1777889381.6943324,0.0,-1.0,-83.0
1777889381.7043324,-2.0,-2.0,-79.0
1777889381.7143323,0.0,-4.0,-74.0
1777889381.7243323,-3.0,-4.0,-74.0
1777889381.7343323,0.0,-1.0,-71.0
1777889381.7443323,1.0,-2.0,-76.0
1777889381.7543323,3.0,-4.0,-72.0
1777889381.7643323,1.0,-4.0,-72.0
1777889381.7743323,2.0,-2.0,-73.0
1777889381.7843325,1.0,-2.0,-71.0
1777889381.7943325,3.0,0.0,-79.0
1777889381.8043325,0.0,-1.0,-77.0
1777889381.8143325,-3.0,0.0,-75.0
1777889381.8243325,0.0,1.0,-71.0
1777889381.8343325,-3.0,0.0,-74.0
1777889381.8443325,-4.0,-3.0,-76.0
1777889381.8543324,0.0,-5.0,-75.0
1777889381.8643324,0.0,-7.0,-71.0
1777889381.8743324,5.0,-11.0,-70.0
1777889381.8843324,14.0,-10.0,-68.0
1777889381.8943324,9.0,-2.0,-70.0
1777889381.9043324,2.0,1.0,-70.0
1777889381.9143324,-1.0,-1.0,-72.0
1777889381.9243324,-1.0,-1.0,-79.0
1777889381.9343324,1.0,0.0,-78.0
1777889381.9443324,1.0,-1.0,-78.0
1777889381.9543324,5.0,-5.0,-82.0
1777889381.9643323,6.0,-9.0,-84.0
1777889381.9743323,3.0,-8.0,-82.0
1777889381.9843323,0.0,-5.0,-76.0
1777889381.9943323,0.0,-6.0,-76.0
1777889382.0043323,0.0,-3.0,-69.0
1777889382.0143323,0.0,-3.0,-66.0
1777889382.0243323,0.0,-6.0,-62.0
1777889382.0343325,0.0,-4.0,-63.0
1777889382.0443325,-1.0,-1.0,-57.0
1777889382.0543325,-3.0,-2.0,-64.0
1777889382.0643325,0.0,0.0,-62.0
1777889382.0743325,1.0,2.0,-61.0
1777889382.0843325,0.0,-2.0,-61.0
1777889382.0943325,2.0,-3.0,-68.0
1777889382.1043324,0.0,-1.0,-65.0
1777889382.1143324,3.0,-5.0,-63.0
1777889382.1243324,1.0,-2.0,-70.0
1777889382.1343324,2.0,-1.0,-64.0
1777889382.1443324,0.0,-2.0,-64.0
1777889382.1543324,4.0,-5.0,-63.0
1777889382.1643324,1.0,-7.0,-56.0
1777889382.1743324,0.0,-5.0,-70.0
1777889382.1843324,-2.0,-2.0,-70.0
1777889382.1943324,-6.0,-2.0,-77.0
1777889382.2043324,-9.0,-6.0,-77.0
1777889382.2143323,-3.0,-6.0,-84.0
1777889382.2243323,-2.0,-2.0,-80.0
1777889382.2343323,1.0,-3.0,-77.0
1777889382.2443323,4.0,-3.0,-72.0
1777889382.2543323,7.0,-1.0,-70.0
1777889382.2643323,8.0,-3.0,-74.0
1777889382.2743323,8.0,-5.0,-74.0
1777889382.2843325,1.0,-4.0,-72.0
1777889382.2943325,6.0,-7.0,-74.0
1777889382.3043325,3.0,-7.0,-76.0
1777889382.3143325,-4.0,-4.0,-77.0
1777889382.3243325,-6.0,-4.0,-79.0
1777889382.3343325,-5.0,-5.0,-78.0
1777889382.3443325,-4.0,-5.0,-76.0
1777889382.3543324,2.0,-2.0,-76.0
1777889382.3643324,5.0,2.0,-70.0
1777889382.3743324,0.0,-1.0,-72.0
1777889382.3843324,0.0,-4.0,-71.0
1777889382.3943324,2.0,-3.0,-68.0
1777889382.4043324,0.0,-1.0,-70.0
1777889382.4143324,7.0,0.0,-72.0
1777889382.4243324,7.0,1.0,-70.0
1777889382.4343324,7.0,1.0,-60.0
1777889382.4443324,11.0,2.0,-66.0
1777889382.4543324,1.0,4.0,-66.0
1777889382.4643323,0.0,4.0,-73.0
1777889382.4743323,-2.0,3.0,-77.0
1777889382.4843323,0.0,1.0,-75.0
1777889382.4943323,3.0,-2.0,-72.0
1777889382.5043323,5.0,-3.0,-72.0
1777889382.5143323,1.0,-1.0,-71.0
1777889382.5243323,2.0,3.0,-74.0
1777889382.5343325,1.0,5.0,-71.0
1777889382.5443325,4.0,2.0,-68.0
1777889382.5543325,8.0,0.0,-69.0
1777889382.5643325,3.0,-2.0,-72.0
1777889382.5743325,-1.0,-3.0,-70.0
1777889382.5843325,0.0,-5.0,-73.0
1777889382.5943325,-1.0,-2.0,-72.0
1777889382.6043324,0.0,-4.0,-74.0
1777889382.6143324,5.0,-5.0,-73.0
1777889382.6243324,6.0,-2.0,-77.0
1777889382.6343324,2.0,-1.0,-76.0
1777889382.6443324,3.0,-1.0,-74.0
1777889382.6543324,5.0,-2.0,-74.0
1777889382.6643324,2.0,-1.0,-74.0
1777889382.6743324,-1.0,-3.0,-70.0
1777889382.6843324,-2.0,-1.0,-74.0
1777889382.6943324,-4.0,0.0,-72.0
1777889382.7043324,-5.0,0.0,-66.0
1777889382.7143323,-5.0,-2.0,-69.0
1777889382.7243323,-1.0,-2.0,-79.0
1777889382.7343323,0.0,-2.0,-75.0
1777889382.7443323,0.0,-4.0,-79.0
1777889382.7543323,0.0,-3.0,-76.0
1777889382.7643323,6.0,-4.0,-63.0
1777889382.7743323,7.0,-5.0,-64.0
1777889382.7843325,6.0,-5.0,-71.0
1777889382.7943325,7.0,-5.0,-74.0
1777889382.8043325,5.0,-2.0,-72.0
1777889382.8143325,1.0,0.0,-65.0
1777889382.8243325,0.0,-2.0,-63.0
1777889382.8343325,0.0,0.0,-57.0
1777889382.8443325,1.0,0.0,-58.0
1777889382.8543324,2.0,-1.0,-65.0
1777889382.8643324,6.0,-1.0,-56.0
1777889382.8743324,6.0,-3.0,-62.0
1777889382.8843324,6.0,0.0,-69.0
1777889382.8943324,6.0,2.0,-65.0
1777889382.9043324,3.0,1.0,-64.0
1777889382.9143324,0.0,1.0,-69.0
1777889382.9243324,-3.0,2.0,-76.0
1777889382.9343324,-2.0,1.0,-78.0
1777889382.9443324,0.0,3.0,-77.0
1777889382.9543324,-3.0,2.0,-80.0
1777889382.9643323,-4.0,1.0,-75.0
1777889382.9743323,0.0,-1.0,-63.0
1777889382.9843323,1.0,-1.0,-70.0
1777889382.9943323,0.0,0.0,-66.0
1777889383.0043323,0.0,-3.0,-64.0
1777889383.0143323,-1.0,-2.0,-63.0
1777889383.0243323,-4.0,-2.0,-68.0
1777889383.0343325,-4.0,-3.0,-69.0
1777889383.0443325,-2.0,-5.0,-68.0
1777889383.0543325,0.0,-2.0,-66.0
1777889383.0643325,1.0,-3.0,-73.0
1777889383.0743325,0.0,-2.0,-78.0
1777889383.0843325,2.0,0.0,-73.0
1777889383.0943325,1.0,0.0,-74.0
1777889383.1043324,2.0,3.0,-70.0
1777889383.1143324,-2.0,0.0,-69.0
1777889383.1243324,-2.0,4.0,-71.0
1777889383.1343324,0.0,4.0,-71.0
1777889383.1443324,2.0,4.0,-74.0
1777889383.1543324,0.0,3.0,-76.0
1777889383.1643324,-4.0,0.0,-74.0
1777889383.1743324,-4.0,0.0,-68.0
1777889383.1843324,-1.0,0.0,-75.0
1777889383.1943324,3.0,2.0,-78.0
1777889383.2043324,3.0,-2.0,-69.0
1777889383.2143323,2.0,-4.0,-71.0
1777889383.2243323,2.0,-3.0,-73.0
1777889383.2343323,3.0,0.0,-77.0
1777889383.2443323,1.0,-4.0,-75.0
1777889383.2543323,6.0,-1.0,-73.0
1777889383.2643323,7.0,-1.0,-70.0
1777889383.2743323,3.0,3.0,-70.0
1777889383.2843325,0.0,-2.0,-70.0
1777889383.2943325,1.0,0.0,-74.0
1777889383.3043325,5.0,0.0,-76.0
1777889383.3143325,0.0,-1.0,-72.0
1777889383.3243325,0.0,0.0,-74.0
1777889383.3343325,1.0,5.0,-63.0
1777889383.3443325,4.0,2.0,-69.0
1777889383.3543324,4.0,0.0,-69.0
1777889383.3643324,-2.0,1.0,-70.0
1777889383.3743324,-5.0,1.0,-70.0
1777889383.3843324,-5.0,2.0,-61.0
1777889383.3943324,-6.0,1.0,-63.0
1777889383.4043324,-5.0,-1.0,-66.0
1777889383.4143324,-1.0,-1.0,-59.0
1777889383.4243324,-2.0,3.0,-55.0
1777889383.4343324,0.0,3.0,-56.0
1777889383.4443324,2.0,1.0,-52.0
1777889383.4543324,5.0,2.0,-62.0
1777889383.4643323,5.0,4.0,-67.0
1777889383.4743323,6.0,5.0,-68.0
1777889383.4843323,9.0,5.0,-67.0
1777889383.4943323,3.0,3.0,-74.0
1777889383.5043323,0.0,4.0,-72.0
1777889383.5143323,1.0,5.0,-67.0
1777889383.5243323,0.0,3.0,-63.0
1777889383.5343325,0.0,3.0,-64.0
1777889383.5443325,0.0,2.0,-65.0
1777889383.5543325,-1.0,0.0,-60.0
1777889383.5643325,0.0,-2.0,-62.0
1777889383.5743325,2.0,1.0,-65.0
1777889383.5843325,4.0,-1.0,-61.0
1777889383.5943325,6.0,2.0,-66.0
1777889383.6043324,9.0,2.0,-70.0
1777889383.6143324,6.0,1.0,-73.0
1777889383.6253324,4.0,2.0,-74.0
1777889383.6353323,6.0,-4.0,-68.0
1777889383.6453323,6.0,-4.0,-71.0
1777889383.6553323,7.0,0.0,-70.0
1777889383.6653323,4.0,3.0,-71.0
1777889383.6753323,0.0,1.0,-74.0
1777889383.6853323,-2.0,-1.0,-68.0
1777889383.6953323,-1.0,-2.0,-69.0
1777889383.7053325,-4.0,1.0,-72.0
1777889383.7153325,-6.0,1.0,-65.0
1777889383.7253325,-7.0,-1.0,-63.0
1777889383.7353325,-8.0,-2.0,-69.0
1777889383.7453325,-8.0,-6.0,-70.0
1777889383.7553325,-5.0,-4.0,-70.0
1777889383.7653325,-4.0,-2.0,-69.0
1777889383.7753325,-3.0,-2.0,-74.0
1777889383.7853324,-2.0,-1.0,-79.0
1777889383.7953324,3.0,0.0,-79.0
1777889383.8053324,4.0,2.0,-80.0
1777889383.8153324,1.0,3.0,-81.0
1777889383.8253324,2.0,3.0,-87.0
1777889383.8353324,0.0,2.0,-87.0
1777889383.8453324,0.0,0.0,-77.0
1777889383.8553324,2.0,-2.0,-78.0
1777889383.8653324,1.0,-3.0,-79.0
1777889383.8753324,0.0,-2.0,-84.0
1777889383.8853323,4.0,-4.0,-90.0
1777889383.8953323,2.0,-3.0,-82.0
1777889383.9053323,2.0,-4.0,-77.0
1777889383.9153323,0.0,-5.0,-76.0
1777889383.9253323,0.0,-1.0,-71.0
1777889383.9353323,1.0,0.0,-68.0
1777889383.9453323,0.0,0.0,-68.0
1777889383.9553325,4.0,-3.0,-74.0
1777889383.9653325,10.0,-6.0,-77.0
1777889383.9753325,9.0,-3.0,-81.0
1777889383.9853325,4.0,-4.0,-78.0
1777889383.9953325,7.0,0.0,-74.0
1777889384.0053325,6.0,-1.0,-73.0
1777889384.0153325,6.0,-2.0,-70.0
1777889384.0253325,8.0,-3.0,-75.0
1777889384.0353324,7.0,-2.0,-73.0
1777889384.0453324,6.0,0.0,-77.0
1777889384.0553324,5.0,0.0,-81.0
1777889384.0653324,4.0,-3.0,-86.0
1777889384.0753324,3.0,-1.0,-81.0
1777889384.0853324,-4.0,1.0,-79.0
1777889384.0953324,-4.0,1.0,-81.0
1777889384.1053324,-6.0,-5.0,-77.0
1777889384.1153324,-4.0,-1.0,-77.0
1777889384.1253324,-2.0,0.0,-76.0
1777889384.1353323,4.0,2.0,-78.0
1777889384.1453323,4.0,3.0,-77.0
1777889384.1553323,1.0,1.0,-88.0
1777889384.1653323,1.0,0.0,-90.0
1777889384.1753323,0.0,-3.0,-84.0
1777889384.1853323,1.0,-5.0,-85.0
1777889384.1953323,5.0,-9.0,-84.0
1777889384.2053325,0.0,-9.0,-83.0
1777889384.2153325,-2.0,-10.0,-80.0
1777889384.2253325,-3.0,-7.0,-76.0
1777889384.2353325,-2.0,-5.0,-73.0
1777889384.2453325,-1.0,-1.0,-73.0
1777889384.2553325,0.0,2.0,-75.0
1777889384.2653325,1.0,-2.0,-75.0
1777889384.2753325,3.0,0.0,-71.0
1777889384.2853324,7.0,1.0,-79.0
1777889384.2953324,6.0,1.0,-76.0
1777889384.3053324,2.0,-4.0,-76.0
1777889384.3153324,1.0,-9.0,-76.0
1777889384.3253324,0.0,-5.0,-77.0
1777889384.3353324,0.0,-8.0,-78.0
1777889384.3453324,0.0,-9.0,-76.0
1777889384.3553324,2.0,-6.0,-72.0
1777889384.3653324,2.0,-9.0,-70.0
1777889384.3753324,0.0,-10.0,-71.0
1777889384.3853323,-2.0,-7.0,-71.0
1777889384.3953323,2.0,-6.0,-76.0
1777889384.4053323,3.0,-5.0,-74.0
1777889384.4153323,4.0,0.0,-80.0
1777889384.4253323,4.0,3.0,-84.0
1777889384.4353323,0.0,2.0,-80.0
1777889384.4453323,-1.0,3.0,-87.0
1777889384.4553325,5.0,3.0,-87.0
1777889384.4653325,4.0,2.0,-89.0
1777889384.4753325,3.0,0.0,-89.0
1777889384.4853325,-3.0,-4.0,-89.0
1777889384.4953325,-6.0,-4.0,-85.0
1777889384.5053325,-3.0,-2.0,-89.0
1777889384.5153325,2.0,0.0,-81.0
1777889384.5253325,0.0,-1.0,-81.0
1777889384.5353324,-4.0,-3.0,-83.0
1777889384.5453324,-4.0,-2.0,-77.0
1777889384.5553324,-9.0,0.0,-75.0
1777889384.5653324,-10.0,-2.0,-74.0
1777889384.5753324,-7.0,-1.0,-78.0
1777889384.5853324,-5.0,0.0,-76.0
1777889384.5953324,-4.0,1.0,-81.0
1777889384.6053324,-6.0,-1.0,-82.0
1777889384.6153324,-3.0,-2.0,-84.0
1777889384.6253324,-1.0,-2.0,-76.0
1777889384.6353323,0.0,-1.0,-77.0
1777889384.6453323,-2.0,-3.0,-80.0
1777889384.6553323,0.0,-4.0,-80.0
1777889384.6653323,-4.0,-7.0,-82.0
1777889384.6753323,-1.0,-4.0,-84.0
1777889384.6853323,-2.0,-1.0,-82.0
1777889384.6953323,-4.0,0.0,-83.0
1777889384.7053325,-3.0,-1.0,-79.0
1777889384.7153325,1.0,0.0,-78.0
1777889384.7253325,-3.0,0.0,-84.0
1777889384.7353325,-5.0,0.0,-86.0
1777889384.7453325,-2.0,0.0,-84.0
1777889384.7553325,-3.0,-3.0,-81.0
1777889384.7653325,-2.0,-4.0,-74.0
1777889384.7753325,-2.0,-1.0,-73.0
1777889384.7853324,-5.0,0.0,-74.0
1777889384.7953324,-2.0,0.0,-66.0
1777889384.8053324,1.0,4.0,-71.0
1777889384.8153324,0.0,5.0,-73.0
1777889384.8253324,-1.0,1.0,-77.0
1777889384.8353324,0.0,-1.0,-74.0
1777889384.8453324,0.0,-3.0,-75.0
1777889384.8553324,-2.0,-3.0,-78.0
1777889384.8653324,-5.0,-3.0,-75.0
1777889384.8753324,-5.0,-5.0,-76.0
1777889384.8853323,-2.0,-2.0,-80.0
1777889384.8953323,0.0,-2.0,-73.0
1777889384.9053323,1.0,3.0,-71.0
1777889384.9153323,3.0,6.0,-71.0
1777889384.9253323,5.0,1.0,-76.0
1777889384.9353323,4.0,0.0,-78.0
1777889384.9453323,3.0,3.0,-73.0
1777889384.9553325,1.0,4.0,-70.0
1777889384.9653325,2.0,0.0,-77.0
1777889384.9753325,-1.0,3.0,-78.0
1777889384.9853325,0.0,0.0,-85.0
1777889384.9953325,-2.0,1.0,-87.0
1777889385.0053325,-2.0,3.0,-79.0
1777889385.0153325,0.0,3.0,-70.0
1777889385.0253325,-4.0,1.0,-67.0
1777889385.0353324,-3.0,-2.0,-62.0
1777889385.0453324,-3.0,-5.0,-59.0
1777889385.0553324,-1.0,-6.0,-63.0
1777889385.0653324,2.0,-7.0,-69.0
1777889385.0753324,2.0,-9.0,-68.0
1777889385.0853324,1.0,-5.0,-67.0
1777889385.0953324,0.0,-3.0,-67.0
1777889385.1053324,2.0,-2.0,-71.0
1777889385.1153324,0.0,-8.0,-74.0
1777889385.1253324,-3.0,-8.0,-72.0
1777889385.1353323,-5.0,-4.0,-75.0
1777889385.1453323,-2.0,-4.0,-79.0
1777889385.1553323,-1.0,-6.0,-76.0
1777889385.1653323,2.0,-2.0,-75.0
1777889385.1753323,1.0,4.0,-76.0
1777889385.1853323,0.0,7.0,-72.0
1777889385.1953323,5.0,8.0,-77.0
1777889385.2053325,5.0,6.0,-72.0
1777889385.2153325,6.0,3.0,-66.0
1777889385.2253325,4.0,2.0,-64.0
1777889385.2353325,2.0,1.0,-74.0
1777889385.2453325,0.0,0.0,-74.0
1777889385.2553325,-3.0,-2.0,-79.0
1777889385.2653325,-8.0,-3.0,-75.0
1777889385.2753325,-6.0,0.0,-75.0
1777889385.2853324,-3.0,0.0,-75.0
1777889385.2953324,2.0,-2.0,-73.0
1777889385.3053324,1.0,-3.0,-74.0
1777889385.3153324,0.0,-5.0,-76.0
1777889385.3253324,-2.0,-2.0,-77.0
1777889385.3353324,-1.0,-3.0,-74.0
1777889385.3453324,-1.0,-4.0,-71.0
1777889385.3553324,-3.0,-8.0,-78.0
1777889385.3653324,-2.0,-11.0,-80.0
1777889385.3753324,-4.0,-9.0,-72.0
1777889385.3853323,-1.0,-9.0,-76.0
1777889385.3953323,0.0,-7.0,-75.0
1777889385.4053323,2.0,-8.0,-83.0
1777889385.4153323,5.0,-6.0,-83.0
1777889385.4253323,3.0,-10.0,-81.0
1777889385.4353323,4.0,-7.0,-80.0
1777889385.4453323,1.0,-4.0,-79.0
1777889385.4553325,1.0,-2.0,-83.0
1777889385.4653325,-9.0,0.0,-84.0
1777889385.4753325,-9.0,1.0,-82.0
1777889385.4853325,-4.0,-1.0,-78.0
1777889385.4953325,-7.0,-2.0,-76.0
1777889385.5053325,-7.0,0.0,-76.0
1777889385.5153325,-2.0,-2.0,-77.0
1777889385.5253325,0.0,-2.0,-71.0
1777889385.5353324,0.0,-2.0,-77.0
1777889385.5453324,-1.0,-8.0,-76.0
1777889385.5553324,-2.0,-10.0,-81.0
1777889385.5653324,-4.0,-9.0,-83.0
1777889385.5753324,-7.0,-4.0,-82.0
1777889385.5863323,-9.0,-4.0,-80.0
1777889385.5963323,-8.0,-2.0,-79.0
1777889385.6053324,-3.0,0.0,-75.0
1777889385.6163323,-4.0,-2.0,-68.0
1777889385.6263323,-1.0,-1.0,-71.0
1777889385.6363325,0.0,2.0,-71.0
1777889385.6463325,2.0,0.0,-80.0
1777889385.6563325,4.0,0.0,-79.0
1777889385.6663325,6.0,0.0,-78.0
1777889385.6763325,5.0,2.0,-82.0
1777889385.6863325,2.0,0.0,-81.0
1777889385.6963325,3.0,-4.0,-82.0
1777889385.7063324,6.0,-11.0,-85.0
1777889385.7163324,4.0,-12.0,-88.0
1777889385.7263324,1.0,-12.0,-81.0
1777889385.7363324,0.0,-10.0,-84.0
1777889385.7463324,-2.0,-8.0,-82.0
1777889385.7563324,-2.0,-5.0,-78.0
1777889385.7663324,-2.0,-9.0,-74.0
1777889385.7763324,-1.0,-6.0,-75.0
1777889385.7863324,-1.0,0.0,-76.0
1777889385.7963324,-1.0,3.0,-79.0
1777889385.8063323,0.0,4.0,-81.0
1777889385.8163323,7.0,5.0,-87.0
1777889385.8263323,3.0,8.0,-86.0
1777889385.8363323,-2.0,2.0,-80.0
1777889385.8463323,-4.0,1.0,-85.0
1777889385.8563323,-7.0,3.0,-92.0
1777889385.8663323,-3.0,4.0,-87.0
1777889385.8763323,-2.0,3.0,-84.0
1777889385.8863325,-1.0,-2.0,-85.0
1777889385.8963325,-1.0,0.0,-85.0
1777889385.9063325,-4.0,0.0,-83.0
1777889385.9163325,-9.0,0.0,-82.0
1777889385.9263325,-9.0,0.0,-77.0
1777889385.9363325,-7.0,1.0,-76.0
1777889385.9463325,-4.0,2.0,-80.0
1777889385.9563324,0.0,0.0,-77.0
1777889385.9663324,-1.0,0.0,-78.0
1777889385.9763324,-1.0,4.0,-76.0
1777889385.9863324,-1.0,6.0,-83.0
1777889385.9963324,3.0,5.0,-85.0
1777889386.0063324,5.0,1.0,-83.0
1777889386.0163324,6.0,-2.0,-84.0
1777889386.0263324,3.0,-4.0,-78.0
1777889386.0363324,0.0,2.0,-72.0
1777889386.0463324,-3.0,1.0,-76.0
1777889386.0563323,0.0,0.0,-68.0
1777889386.0663323,0.0,0.0,-75.0
1777889386.0763323,4.0,2.0,-79.0
1777889386.0863323,2.0,2.0,-73.0
1777889386.0963323,5.0,11.0,-74.0
1777889386.1063323,-2.0,6.0,-75.0
1777889386.1163323,5.0,2.0,-74.0
1777889386.1263323,3.0,-1.0,-73.0
1777889386.1363325,0.0,0.0,-70.0
1777889386.1463325,1.0,-2.0,-67.0
1777889386.1563325,0.0,0.0,-70.0
1777889386.1663325,-1.0,2.0,-76.0
1777889386.1763325,1.0,-2.0,-75.0
1777889386.1863325,0.0,0.0,-74.0
1777889386.1963325,0.0,-2.0,-80.0
1777889386.2063324,0.0,-4.0,-75.0
1777889386.2163324,0.0,-7.0,-75.0
1777889386.2263324,2.0,-3.0,-77.0
1777889386.2363324,0.0,2.0,-72.0
1777889386.2463324,-4.0,1.0,-73.0
1777889386.2563324,0.0,0.0,-76.0
1777889386.2663324,2.0,-1.0,-75.0
1777889386.2763324,2.0,0.0,-70.0
1777889386.2863324,6.0,0.0,-68.0
1777889386.2963324,4.0,1.0,-70.0
1777889386.3063323,8.0,0.0,-77.0
1777889386.3163323,3.0,-1.0,-77.0
1777889386.3263323,1.0,-5.0,-78.0
1777889386.3363323,-3.0,-1.0,-77.0
1777889386.3463323,0.0,-1.0,-78.0
1777889386.3563323,-4.0,-7.0,-78.0
1777889386.3663323,-4.0,-7.0,-76.0
1777889386.3763323,-3.0,-6.0,-83.0
1777889386.3863325,-7.0,-7.0,-80.0
1777889386.3963325,-5.0,-8.0,-87.0
1777889386.4063325,-5.0,-8.0,-84.0
1777889386.4163325,-5.0,-10.0,-80.0
1777889386.4263325,-4.0,-6.0,-75.0
1777889386.4363325,-2.0,-7.0,-78.0
1777889386.4463325,-3.0,-6.0,-80.0
1777889386.4563324,-5.0,-5.0,-74.0
1777889386.4663324,-1.0,-3.0,-72.0
1777889386.4763324,-2.0,1.0,-76.0
1777889386.4863324,-1.0,0.0,-76.0
1777889386.4963324,0.0,1.0,-79.0
1777889386.5063324,1.0,1.0,-78.0
1777889386.5163324,-2.0,-3.0,-78.0
1777889386.5263324,-1.0,-1.0,-73.0
1777889386.5363324,1.0,-1.0,-75.0
1777889386.5463324,-3.0,-1.0,-80.0
1777889386.5563323,-2.0,-6.0,-75.0
1777889386.5663323,2.0,-7.0,-79.0
1777889386.5763323,3.0,-7.0,-79.0
1777889386.5863323,-1.0,-8.0,-75.0
1777889386.5963323,1.0,-8.0,-74.0
1777889386.6063323,3.0,-4.0,-77.0
1777889386.6163323,6.0,-2.0,-77.0
1777889386.6263323,3.0,-1.0,-70.0
1777889386.6363325,5.0,-1.0,-63.0
1777889386.6463325,7.0,-2.0,-67.0
1777889386.6563325,5.0,-2.0,-66.0
1777889386.6663325,4.0,-1.0,-78.0
1777889386.6763325,3.0,-1.0,-82.0
1777889386.6863325,0.0,-5.0,-86.0
1777889386.6963325,0.0,-4.0,-81.0
1777889386.7063324,1.0,-2.0,-72.0
1777889386.7163324,3.0,-2.0,-77.0
1777889386.7263324,2.0,-1.0,-79.0
1777889386.7363324,-2.0,0.0,-85.0
1777889386.7463324,-3.0,1.0,-85.0
1777889386.7563324,-5.0,-3.0,-86.0
1777889386.7663324,-1.0,-3.0,-83.0
1777889386.7763324,0.0,-3.0,-76.0
1777889386.7863324,-2.0,-3.0,-73.0
1777889386.7963324,0.0,0.0,-70.0
1777889386.8063323,4.0,1.0,-67.0
1777889386.8163323,1.0,2.0,-66.0
1777889386.8263323,0.0,1.0,-63.0
1777889386.8363323,-2.0,1.0,-61.0
1777889386.8463323,-5.0,2.0,-61.0
1777889386.8563323,-1.0,-2.0,-63.0
1777889386.8663323,-2.0,-3.0,-66.0
1777889386.8763323,-1.0,-3.0,-63.0
1777889386.8863325,-1.0,0.0,-61.0
1777889386.8963325,-2.0,-1.0,-70.0
1777889386.9063325,1.0,-5.0,-68.0
1777889386.9163325,2.0,-5.0,-68.0
1777889386.9263325,3.0,-5.0,-70.0
1777889386.9363325,1.0,-6.0,-74.0
1777889386.9463325,1.0,-5.0,-82.0
1777889386.9563324,-1.0,-4.0,-82.0
1777889386.9663324,-1.0,-1.0,-74.0
1777889386.9763324,-2.0,-2.0,-72.0
1777889386.9863324,-2.0,-7.0,-75.0
1777889386.9963324,-1.0,-5.0,-68.0
1777889387.0063324,2.0,-6.0,-67.0
1777889387.0163324,-1.0,-6.0,-70.0
1777889387.0263324,-2.0,-4.0,-78.0
1777889387.0363324,-3.0,-1.0,-81.0
1777889387.0463324,-3.0,0.0,-76.0
1777889387.0563323,3.0,1.0,-77.0
1777889387.0663323,4.0,-1.0,-79.0
1777889387.0763323,4.0,-3.0,-81.0
1777889387.0863323,1.0,-3.0,-86.0
1777889387.0963323,-1.0,-6.0,-86.0
1777889387.1063323,0.0,-6.0,-84.0
1777889387.1163323,2.0,-1.0,-78.0
1777889387.1263323,1.0,0.0,-77.0
1777889387.1363325,2.0,0.0,-76.0
1777889387.1463325,3.0,-1.0,-74.0
1777889387.1563325,1.0,-3.0,-75.0
1777889387.1663325,-1.0,-3.0,-75.0
1777889387.1763325,-2.0,-3.0,-71.0
1777889387.1863325,0.0,-7.0,-73.0
1777889387.1963325,0.0,-7.0,-74.0
1777889387.2063324,-2.0,0.0,-76.0
1777889387.2163324,0.0,6.0,-74.0
1777889387.2263324,3.0,10.0,-78.0
1777889387.2363324,6.0,10.0,-74.0
1777889387.2463324,7.0,9.0,-79.0
1777889387.2563324,9.0,5.0,-85.0
1777889387.2663324,10.0,3.0,-83.0
1777889387.2763324,8.0,-1.0,-80.0
1777889387.2863324,5.0,2.0,-73.0
1777889387.2963324,2.0,2.0,-73.0
1777889387.3063323,0.0,-3.0,-73.0
1777889387.3163323,2.0,-2.0,-69.0
1777889387.3263323,5.0,-4.0,-74.0
1777889387.3363323,8.0,-5.0,-71.0
1777889387.3463323,8.0,-7.0,-74.0
1777889387.3563323,3.0,-8.0,-73.0
1777889387.3663323,6.0,-9.0,-75.0
1777889387.3763323,6.0,-8.0,-76.0
1777889387.3863325,4.0,0.0,-77.0
1777889387.3963325,2.0,1.0,-74.0
1777889387.4063325,3.0,-1.0,-76.0
1777889387.4163325,4.0,-4.0,-82.0
1777889387.4263325,3.0,-5.0,-80.0
1777889387.4363325,0.0,-3.0,-74.0
1777889387.4463325,1.0,1.0,-75.0
1777889387.4563324,4.0,3.0,-73.0
1777889387.4663324,2.0,-2.0,-75.0
1777889387.4763324,-1.0,-2.0,-67.0
1777889387.4863324,1.0,-1.0,-63.0
1777889387.4963324,4.0,-4.0,-71.0
1777889387.5063324,7.0,-6.0,-78.0
1777889387.5163324,8.0,-9.0,-82.0
1777889387.5263324,6.0,-6.0,-81.0
1777889387.5363324,2.0,-6.0,-79.0
1777889387.5463324,0.0,-6.0,-77.0
1777889387.5573325,0.0,0.0,-75.0
1777889387.5663323,2.0,3.0,-75.0
1777889387.5763323,-1.0,0.0,-72.0
1777889387.5873325,0.0,1.0,-71.0
1777889387.5973325,0.0,2.0,-69.0
1777889387.6063323,3.0,3.0,-67.0
1777889387.6173325,3.0,0.0,-69.0
1777889387.6273324,3.0,-3.0,-73.0
1777889387.6373324,3.0,-4.0,-78.0
1777889387.6473324,0.0,-4.0,-78.0
1777889387.6573324,-3.0,-1.0,-77.0
1777889387.6673324,0.0,-4.0,-77.0
1777889387.6773324,0.0,-8.0,-75.0
1777889387.6873324,0.0,-11.0,-75.0
1777889387.6973324,0.0,-10.0,-72.0
1777889387.7073324,1.0,-5.0,-69.0
1777889387.7173324,-2.0,-1.0,-73.0
1777889387.7273324,-1.0,0.0,-77.0
1777889387.7373323,0.0,0.0,-81.0
1777889387.7473323,1.0,0.0,-77.0
1777889387.7573323,2.0,-2.0,-83.0
1777889387.7673323,0.0,-8.0,-81.0
1777889387.7773323,2.0,-8.0,-83.0
1777889387.7873323,4.0,-3.0,-78.0
1777889387.7973323,3.0,1.0,-72.0
1777889387.8073325,0.0,0.0,-70.0
1777889387.8173325,2.0,2.0,-68.0
1777889387.8273325,2.0,-4.0,-72.0
1777889387.8373325,0.0,-8.0,-82.0
1777889387.8473325,0.0,-8.0,-85.0
1777889387.8573325,2.0,-6.0,-85.0
1777889387.8673325,2.0,-6.0,-83.0
1777889387.8773324,2.0,-4.0,-89.0
1777889387.8873324,4.0,-4.0,-90.0
1777889387.8973324,2.0,-2.0,-89.0
1777889387.9073324,0.0,-4.0,-84.0
1777889387.9173324,6.0,-1.0,-87.0
1777889387.9273324,1.0,-4.0,-86.0
1777889387.9373324,0.0,-3.0,-82.0
1777889387.9473324,1.0,1.0,-75.0
1777889387.9573324,2.0,0.0,-75.0
1777889387.9673324,3.0,-1.0,-73.0
1777889387.9773324,7.0,-2.0,-74.0
1777889387.9873323,8.0,-2.0,-75.0
1777889387.9973323,9.0,0.0,-73.0
1777889388.0073323,7.0,0.0,-76.0
1777889388.0173323,10.0,-3.0,-78.0
1777889388.0273323,9.0,-1.0,-75.0
1777889388.0373323,6.0,-3.0,-76.0
1777889388.0473323,5.0,-5.0,-73.0
1777889388.0573325,3.0,-6.0,-72.0
1777889388.0673325,2.0,-2.0,-76.0
1777889388.0773325,0.0,-1.0,-71.0
1777889388.0873325,-1.0,-2.0,-80.0
1777889388.0973325,-3.0,-5.0,-79.0
1777889388.1073325,-5.0,-5.0,-74.0
1777889388.1173325,-3.0,-5.0,-76.0
1777889388.1273324,-3.0,-7.0,-79.0
1777889388.1373324,0.0,0.0,-78.0
1777889388.1473324,4.0,2.0,-82.0
1777889388.1573324,5.0,-1.0,-82.0
1777889388.1673324,0.0,0.0,-88.0
1777889388.1773324,1.0,-3.0,-87.0
1777889388.1873324,0.0,0.0,-82.0
1777889388.1973324,4.0,-2.0,-83.0
1777889388.2073324,6.0,-1.0,-83.0
1777889388.2173324,7.0,-4.0,-75.0
1777889388.2273324,5.0,-5.0,-71.0
1777889388.2373323,0.0,-1.0,-69.0
1777889388.2473323,-1.0,-1.0,-73.0
1777889388.2573323,-1.0,-5.0,-70.0
1777889388.2673323,0.0,-3.0,-69.0
1777889388.2773323,0.0,-5.0,-73.0
1777889388.2873323,0.0,-9.0,-75.0
1777889388.2973323,2.0,-4.0,-73.0
1777889388.3073325,3.0,-8.0,-72.0
1777889388.3173325,2.0,-4.0,-73.0
1777889388.3273325,-1.0,-5.0,-68.0
1777889388.3373325,-2.0,-6.0,-66.0
1777889388.3473325,0.0,-7.0,-66.0
1777889388.3573325,-1.0,-7.0,-64.0
1777889388.3673325,-4.0,-3.0,-64.0
1777889388.3773324,0.0,-3.0,-79.0
1777889388.3873324,1.0,-1.0,-74.0
1777889388.3973324,0.0,-1.0,-73.0
1777889388.4073324,-2.0,0.0,-70.0
1777889388.4173324,-3.0,0.0,-60.0
1777889388.4273324,-1.0,-2.0,-59.0
1777889388.4373324,-1.0,-2.0,-63.0
1777889388.4473324,1.0,-2.0,-56.0
1777889388.4573324,6.0,-2.0,-54.0
1777889388.4673324,4.0,-1.0,-63.0
1777889388.4773324,5.0,1.0,-66.0
1777889388.4873323,3.0,1.0,-70.0
1777889388.4973323,2.0,1.0,-72.0
1777889388.5073323,0.0,-2.0,-71.0
1777889388.5173323,1.0,-3.0,-69.0
1777889388.5273323,0.0,-3.0,-67.0
1777889388.5373323,0.0,-5.0,-66.0
1777889388.5473323,1.0,-1.0,-67.0
1777889388.5573325,4.0,-1.0,-74.0
1777889388.5673325,4.0,-2.0,-74.0
1777889388.5773325,0.0,-3.0,-74.0
1777889388.5873325,0.0,-7.0,-73.0
1777889388.5973325,7.0,-5.0,-78.0
1777889388.6073325,12.0,-4.0,-73.0
1777889388.6173325,9.0,-5.0,-70.0
1777889388.6273324,6.0,-3.0,-72.0
1777889388.6373324,10.0,0.0,-76.0
1777889388.6473324,10.0,3.0,-77.0
1777889388.6573324,4.0,4.0,-80.0
1777889388.6673324,3.0,3.0,-80.0
1777889388.6773324,5.0,1.0,-82.0
1777889388.6873324,3.0,6.0,-87.0
1777889388.6973324,5.0,7.0,-88.0
1777889388.7073324,4.0,2.0,-86.0
1777889388.7173324,4.0,0.0,-85.0
1777889388.7273324,3.0,-2.0,-84.0
1777889388.7373323,1.0,-7.0,-77.0
1777889388.7473323,1.0,-6.0,-76.0
1777889388.7573323,0.0,-4.0,-74.0
1777889388.7673323,-3.0,-2.0,-78.0
1777889388.7773323,-1.0,-2.0,-79.0
1777889388.7873323,3.0,0.0,-77.0
1777889388.7973323,3.0,2.0,-80.0
1777889388.8073325,-3.0,0.0,-81.0
1777889388.8173325,-4.0,-2.0,-91.0
1777889388.8273325,-1.0,-6.0,-92.0
1777889388.8373325,1.0,-7.0,-91.0
1777889388.8473325,5.0,-4.0,-87.0
1777889388.8573325,5.0,-1.0,-84.0
1777889388.8673325,5.0,-3.0,-79.0
1777889388.8773324,1.0,0.0,-81.0
1777889388.8873324,0.0,-1.0,-78.0
1777889388.8973324,-2.0,0.0,-79.0
1777889388.9073324,-1.0,-2.0,-77.0
1777889388.9173324,0.0,-3.0,-73.0
1777889388.9273324,-2.0,-4.0,-73.0
1777889388.9373324,-8.0,-6.0,-70.0
1777889388.9473324,-7.0,-3.0,-69.0
1777889388.9573324,-5.0,1.0,-70.0
1777889388.9673324,-5.0,0.0,-64.0
1777889388.9773324,-3.0,0.0,-65.0
1777889388.9873323,-6.0,0.0,-69.0
1777889388.9973323,-8.0,-3.0,-69.0
1777889389.0073323,-8.0,-5.0,-66.0
1777889389.0173323,-5.0,-6.0,-65.0
1777889389.0273323,-1.0,-6.0,-72.0
1777889389.0373323,0.0,-8.0,-70.0
1777889389.0473323,1.0,-6.0,-72.0
1777889389.0573325,0.0,-4.0,-68.0
1777889389.0673325,2.0,0.0,-67.0
1777889389.0773325,-4.0,-1.0,-68.0
1777889389.0873325,-6.0,0.0,-71.0
1777889389.0973325,-3.0,0.0,-68.0
1777889389.1073325,4.0,-2.0,-72.0
1777889389.1173325,4.0,-5.0,-77.0
1777889389.1273324,1.0,-7.0,-82.0
1777889389.1373324,0.0,-5.0,-80.0
1777889389.1473324,5.0,-2.0,-82.0
1777889389.1573324,6.0,0.0,-87.0
1777889389.1673324,10.0,0.0,-89.0
1777889389.1773324,10.0,-1.0,-85.0
1777889389.1873324,6.0,-4.0,-85.0
1777889389.1973324,4.0,-2.0,-81.0
1777889389.2073324,4.0,-3.0,-77.0
1777889389.2173324,6.0,-3.0,-80.0
1777889389.2273324,4.0,0.0,-81.0
1777889389.2373323,1.0,2.0,-83.0
1777889389.2473323,3.0,3.0,-84.0
1777889389.2573323,0.0,0.0,-82.0
1777889389.2673323,-2.0,3.0,-79.0
1777889389.2773323,-1.0,3.0,-81.0
1777889389.2873323,0.0,3.0,-77.0
1777889389.2973323,-1.0,2.0,-78.0
1777889389.3073325,2.0,6.0,-77.0
1777889389.3173325,0.0,7.0,-78.0
1777889389.3273325,1.0,6.0,-86.0
1777889389.3373325,1.0,9.0,-86.0
1777889389.3473325,0.0,4.0,-86.0
1777889389.3573325,0.0,3.0,-82.0
1777889389.3673325,-2.0,3.0,-86.0
1777889389.3773324,-3.0,1.0,-80.0
1777889389.3873324,-1.0,4.0,-76.0
1777889389.3973324,2.0,2.0,-76.0
1777889389.4073324,0.0,-1.0,-74.0
1777889389.4173324,0.0,-1.0,-77.0
1777889389.4273324,-3.0,1.0,-78.0
1777889389.4373324,-7.0,-1.0,-81.0
1777889389.4473324,-6.0,1.0,-84.0
1777889389.4573324,-3.0,3.0,-84.0
1777889389.4673324,1.0,1.0,-80.0
1777889389.4773324,-1.0,-4.0,-82.0
1777889389.4873323,-3.0,-5.0,-83.0
1777889389.4973323,-1.0,-2.0,-82.0
1777889389.5073323,-4.0,0.0,-83.0
1777889389.5173323,-7.0,-2.0,-82.0
1777889389.5273323,-7.0,-2.0,-79.0
1777889389.5373323,-5.0,-2.0,-81.0
1777889389.5473323,-4.0,-3.0,-82.0
1777889389.5573325,-3.0,-2.0,-75.0
1777889389.5683324,-7.0,-3.0,-76.0
1777889389.5783324,-9.0,-5.0,-74.0
1777889389.5883324,-8.0,-7.0,-70.0
1777889389.5983324,-3.0,-6.0,-72.0
1777889389.6083324,-1.0,-8.0,-71.0
1777889389.6183324,3.0,-9.0,-71.0
1777889389.6273324,7.0,-4.0,-68.0
1777889389.6383324,5.0,-3.0,-74.0
1777889389.6483324,3.0,-3.0,-79.0
1777889389.6583323,4.0,-1.0,-81.0
1777889389.6683323,1.0,-3.0,-83.0
1777889389.6783323,2.0,0.0,-73.0
1777889389.6883323,-1.0,0.0,-74.0
1777889389.6983323,-5.0,-2.0,-68.0
1777889389.7083323,-6.0,2.0,-66.0
1777889389.7183323,-2.0,0.0,-69.0
1777889389.7283323,-2.0,0.0,-65.0
1777889389.7383325,-2.0,2.0,-71.0
1777889389.7483325,1.0,5.0,-74.0
1777889389.7583325,2.0,10.0,-72.0
1777889389.7683325,0.0,5.0,-74.0
1777889389.7783325,-1.0,5.0,-72.0
1777889389.7883325,-1.0,4.0,-77.0
1777889389.7983325,-2.0,1.0,-80.0
1777889389.8083324,-5.0,0.0,-77.0
1777889389.8183324,-4.0,4.0,-79.0
1777889389.8283324,-6.0,5.0,-73.0
1777889389.8383324,-5.0,5.0,-69.0
1777889389.8483324,-4.0,1.0,-72.0
1777889389.8583324,0.0,2.0,-66.0
1777889389.8683324,-3.0,0.0,-63.0
1777889389.8783324,-4.0,-3.0,-64.0
1777889389.8883324,-1.0,-4.0,-69.0
1777889389.8983324,2.0,-2.0,-76.0
1777889389.9083323,5.0,0.0,-78.0
1777889389.9183323,3.0,-2.0,-86.0
1777889389.9283323,1.0,0.0,-79.0
1777889389.9383323,4.0,1.0,-79.0
1777889389.9483323,1.0,-1.0,-80.0
1777889389.9583323,-1.0,-1.0,-81.0
1777889389.9683323,0.0,0.0,-82.0
1777889389.9783323,0.0,2.0,-79.0
1777889389.9883325,3.0,4.0,-81.0
1777889389.9983325,7.0,0.0,-74.0
1777889390.0083325,2.0,-1.0,-80.0
1777889390.0183325,-4.0,-4.0,-78.0
1777889390.0283325,0.0,-1.0,-80.0
1777889390.0383325,0.0,-2.0,-79.0
1777889390.0483325,5.0,1.0,-74.0
1777889390.0583324,8.0,0.0,-72.0
1777889390.0683324,5.0,-6.0,-69.0
1777889390.0783324,0.0,-6.0,-77.0
1777889390.0883324,0.0,-3.0,-72.0
1777889390.0983324,3.0,-5.0,-76.0
1777889390.1083324,9.0,-9.0,-77.0
1777889390.1183324,10.0,-2.0,-84.0
1777889390.1283324,5.0,-1.0,-82.0
1777889390.1383324,3.0,-3.0,-84.0
1777889390.1483324,3.0,-1.0,-81.0
1777889390.1583323,0.0,-3.0,-77.0
1777889390.1683323,-1.0,-3.0,-71.0
1777889390.1783323,2.0,-4.0,-73.0
1777889390.1883323,2.0,-3.0,-78.0
1777889390.1983323,10.0,-1.0,-89.0
1777889390.2083323,8.0,0.0,-88.0
1777889390.2183323,5.0,-4.0,-83.0
1777889390.2283323,0.0,-5.0,-74.0
1777889390.2383325,0.0,-5.0,-78.0
1777889390.2483325,0.0,0.0,-77.0
1777889390.2583325,0.0,1.0,-81.0
1777889390.2683325,-6.0,4.0,-77.0
1777889390.2783325,-4.0,1.0,-78.0
1777889390.2883325,0.0,0.0,-79.0
1777889390.2983325,3.0,-1.0,-81.0
1777889390.3083324,3.0,0.0,-80.0
1777889390.3183324,4.0,0.0,-78.0
1777889390.3283324,9.0,3.0,-74.0
1777889390.3383324,9.0,0.0,-79.0
1777889390.3483324,1.0,0.0,-78.0
1777889390.3583324,-1.0,5.0,-76.0
1777889390.3683324,-2.0,4.0,-81.0
1777889390.3783324,-1.0,5.0,-81.0
1777889390.3883324,0.0,4.0,-80.0
1777889390.3983324,0.0,2.0,-76.0
1777889390.4083323,-1.0,0.0,-74.0
1777889390.4183323,-5.0,0.0,-75.0
1777889390.4283323,0.0,0.0,-81.0
1777889390.4383323,1.0,0.0,-86.0
1777889390.4483323,0.0,2.0,-81.0
1777889390.4583323,-2.0,4.0,-80.0
1777889390.4683323,1.0,2.0,-76.0
1777889390.4783323,0.0,-1.0,-71.0
1777889390.4883325,1.0,0.0,-72.0
1777889390.4983325,3.0,-4.0,-73.0
1777889390.5083325,0.0,-4.0,-72.0
1777889390.5183325,1.0,-5.0,-72.0
1777889390.5283325,-2.0,-5.0,-72.0
1777889390.5383325,-3.0,0.0,-72.0
1777889390.5483325,1.0,-2.0,-76.0
1777889390.5583324,-2.0,0.0,-84.0
1777889390.5683324,0.0,-5.0,-86.0
1777889390.5783324,1.0,-10.0,-90.0
1777889390.5883324,2.0,-8.0,-81.0
1777889390.5983324,2.0,-2.0,-81.0
1777889390.6083324,3.0,-3.0,-76.0
1777889390.6183324,0.0,-8.0,-79.0
1777889390.6283324,0.0,-7.0,-83.0
1777889390.6383324,4.0,-4.0,-82.0
1777889390.6483324,6.0,0.0,-84.0
1777889390.6583323,7.0,3.0,-81.0
1777889390.6683323,8.0,0.0,-82.0
1777889390.6783323,6.0,0.0,-81.0
1777889390.6883323,4.0,3.0,-75.0
1777889390.6983323,2.0,3.0,-79.0
1777889390.7083323,2.0,3.0,-79.0
1777889390.7183323,2.0,7.0,-73.0
1777889390.7283323,0.0,6.0,-71.0
1777889390.7383325,0.0,2.0,-72.0
1777889390.7483325,-1.0,1.0,-81.0
1777889390.7583325,-3.0,-1.0,-84.0
1777889390.7683325,-1.0,-1.0,-81.0
1777889390.7783325,4.0,-3.0,-81.0
1777889390.7883325,3.0,-2.0,-81.0
1777889390.7983325,1.0,1.0,-80.0
1777889390.8083324,-1.0,-5.0,-76.0
1777889390.8183324,-2.0,0.0,-77.0
1777889390.8283324,-2.0,0.0,-80.0
1777889390.8383324,-1.0,0.0,-80.0
1777889390.8483324,0.0,-1.0,-75.0
1777889390.8583324,-2.0,-3.0,-74.0
1777889390.8683324,-6.0,-1.0,-72.0
1777889390.8783324,-8.0,0.0,-79.0
1777889390.8883324,-8.0,0.0,-81.0
1777889390.8983324,-5.0,-5.0,-81.0
1777889390.9083323,-2.0,-6.0,-77.0
1777889390.9183323,-1.0,-6.0,-75.0
1777889390.9283323,-2.0,-4.0,-75.0
1777889390.9383323,2.0,-7.0,-76.0
1777889390.9483323,1.0,-3.0,-79.0
1777889390.9583323,3.0,-1.0,-74.0
1777889390.9683323,4.0,-5.0,-75.0
1777889390.9783323,1.0,-5.0,-71.0
1777889390.9883325,1.0,-4.0,-65.0
1777889390.9983325,2.0,-2.0,-64.0
1777889391.0083325,3.0,-3.0,-65.0
1777889391.0183325,3.0,-6.0,-67.0
1777889391.0283325,3.0,-4.0,-71.0
1777889391.0383325,3.0,-5.0,-76.0
1777889391.0483325,1.0,-8.0,-77.0
1777889391.0583324,0.0,-7.0,-69.0
1777889391.0683324,0.0,-5.0,-64.0
1777889391.0783324,1.0,-4.0,-71.0
1777889391.0883324,4.0,-3.0,-68.0
1777889391.0983324,8.0,0.0,-65.0
1777889391.1083324,2.0,-1.0,-65.0
1777889391.1183324,6.0,-2.0,-65.0
1777889391.1283324,4.0,1.0,-62.0
1777889391.1383324,2.0,0.0,-69.0
1777889391.1483324,2.0,0.0,-71.0
1777889391.1583323,3.0,1.0,-71.0
1777889391.1683323,-3.0,0.0,-67.0
1777889391.1783323,-2.0,0.0,-71.0
1777889391.1883323,4.0,1.0,-70.0
1777889391.1983323,-2.0,0.0,-70.0
1777889391.2083323,-9.0,-1.0,-75.0
1777889391.2183323,-7.0,-5.0,-68.0
1777889391.2283323,-11.0,-8.0,-66.0
1777889391.2383325,-11.0,-11.0,-70.0
1777889391.2483325,-9.0,-8.0,-64.0
1777889391.2583325,-8.0,-1.0,-63.0
1777889391.2683325,-7.0,-1.0,-69.0
1777889391.2783325,-3.0,0.0,-70.0
1777889391.2883325,-2.0,0.0,-70.0
1777889391.2983325,-1.0,0.0,-80.0
1777889391.3083324,-2.0,-1.0,-78.0
1777889391.3183324,-5.0,-1.0,-77.0
1777889391.3283324,-5.0,-2.0,-84.0
1777889391.3383324,-3.0,-5.0,-85.0
1777889391.3483324,0.0,0.0,-81.0
1777889391.3583324,-3.0,-2.0,-83.0
1777889391.3683324,-3.0,1.0,-83.0
1777889391.3783324,-2.0,2.0,-89.0
1777889391.3883324,-1.0,3.0,-87.0
1777889391.3983324,2.0,2.0,-86.0
1777889391.4083323,4.0,2.0,-88.0
1777889391.4183323,1.0,2.0,-83.0
1777889391.4283323,1.0,0.0,-84.0
1777889391.4383323,1.0,-1.0,-85.0
1777889391.4483323,0.0,2.0,-83.0
1777889391.4583323,-1.0,5.0,-80.0
1777889391.4683323,-3.0,3.0,-79.0
1777889391.4783323,-4.0,2.0,-76.0
1777889391.4883325,-6.0,-1.0,-70.0
1777889391.4983325,-4.0,-1.0,-71.0
1777889391.5083325,-3.0,0.0,-69.0
1777889391.5183325,1.0,-1.0,-68.0
1777889391.5293324,5.0,2.0,-70.0
1777889391.5393324,5.0,2.0,-69.0
1777889391.5483325,1.0,6.0,-67.0
1777889391.5593324,1.0,5.0,-71.0
1777889391.5693324,2.0,2.0,-76.0
1777889391.5793324,0.0,-2.0,-80.0
1777889391.5893323,-1.0,-1.0,-74.0
1777889391.5993323,0.0,-3.0,-79.0
1777889391.6093323,-1.0,-6.0,-80.0
1777889391.6193323,-1.0,-5.0,-88.0
1777889391.6293323,3.0,-3.0,-89.0
1777889391.6393323,2.0,-4.0,-87.0
1777889391.6493323,6.0,-5.0,-85.0
1777889391.6593325,3.0,-1.0,-83.0
1777889391.6693325,6.0,-2.0,-80.0
1777889391.6793325,7.0,-3.0,-78.0
1777889391.6893325,7.0,-3.0,-73.0
1777889391.6993325,1.0,-2.0,-66.0
1777889391.7093325,2.0,-3.0,-71.0
1777889391.7193325,0.0,-1.0,-73.0
1777889391.7293324,3.0,0.0,-76.0
1777889391.7393324,-1.0,-3.0,-74.0
1777889391.7493324,-3.0,0.0,-74.0
1777889391.7593324,-3.0,1.0,-78.0
1777889391.7693324,-5.0,3.0,-74.0
1777889391.7793324,-3.0,4.0,-67.0
1777889391.7893324,0.0,3.0,-72.0
1777889391.7993324,-3.0,1.0,-73.0
1777889391.8093324,-1.0,1.0,-73.0
1777889391.8193324,-1.0,2.0,-69.0
1777889391.8293324,-2.0,0.0,-72.0
1777889391.8393323,0.0,5.0,-73.0
1777889391.8493323,4.0,5.0,-68.0
1777889391.8593323,0.0,3.0,-72.0
1777889391.8693323,7.0,0.0,-67.0
1777889391.8793323,11.0,1.0,-67.0
1777889391.8893323,7.0,0.0,-68.0
1777889391.8993323,5.0,1.0,-65.0
1777889391.9093325,6.0,3.0,-66.0
1777889391.9193325,5.0,3.0,-70.0
1777889391.9293325,2.0,6.0,-71.0
1777889391.9393325,3.0,6.0,-74.0
1777889391.9493325,3.0,3.0,-77.0
1777889391.9593325,2.0,3.0,-85.0
1777889391.9693325,4.0,1.0,-83.0
1777889391.9793324,3.0,0.0,-80.0
1777889391.9893324,4.0,-1.0,-78.0
1777889391.9993324,4.0,-4.0,-69.0
1777889392.0093324,4.0,-2.0,-72.0
1777889392.0193324,9.0,-8.0,-80.0
1777889392.0293324,8.0,-11.0,-78.0
1777889392.0393324,7.0,-11.0,-81.0
1777889392.0493324,7.0,-11.0,-84.0
1777889392.0593324,8.0,-11.0,-80.0
1777889392.0693324,7.0,-5.0,-76.0
1777889392.0793324,1.0,-4.0,-73.0
1777889392.0893323,3.0,-9.0,-77.0
1777889392.0993323,4.0,-10.0,-75.0
1777889392.1093323,8.0,-11.0,-73.0
1777889392.1193323,1.0,-8.0,-72.0
1777889392.1293323,2.0,-9.0,-73.0
1777889392.1393323,-2.0,-8.0,-75.0
1777889392.1493323,5.0,-8.0,-75.0
1777889392.1593325,8.0,-6.0,-73.0
1777889392.1693325,8.0,-9.0,-71.0
1777889392.1793325,7.0,-9.0,-65.0
1777889392.1893325,8.0,-7.0,-64.0
1777889392.1993325,3.0,-2.0,-68.0
1777889392.2093325,-1.0,1.0,-71.0
1777889392.2193325,0.0,2.0,-68.0
1777889392.2293324,-5.0,0.0,-71.0
1777889392.2393324,-6.0,-1.0,-74.0
1777889392.2493324,-2.0,-5.0,-77.0
1777889392.2593324,-2.0,-9.0,-81.0
1777889392.2693324,-1.0,-3.0,-85.0
1777889392.2793324,0.0,-4.0,-84.0
1777889392.2893324,0.0,-4.0,-88.0
1777889392.2993324,2.0,0.0,-79.0
1777889392.3093324,2.0,0.0,-76.0
1777889392.3193324,-1.0,-2.0,-78.0
1777889392.3293324,2.0,-2.0,-79.0
1777889392.3393323,2.0,-2.0,-83.0
1777889392.3493323,1.0,-3.0,-75.0
1777889392.3593323,0.0,-4.0,-74.0
1777889392.3693323,-3.0,-4.0,-78.0
1777889392.3793323,1.0,-4.0,-78.0
1777889392.3893323,2.0,-5.0,-76.0
1777889392.3993323,4.0,-4.0,-78.0
1777889392.4093325,4.0,-3.0,-79.0
1777889392.4193325,1.0,-5.0,-80.0
1777889392.4293325,-2.0,-3.0,-76.0
1777889392.4393325,-3.0,-4.0,-79.0
1777889392.4493325,-1.0,-1.0,-81.0
1777889392.4593325,-3.0,0.0,-85.0
1777889392.4693325,-4.0,4.0,-82.0
1777889392.4793324,-2.0,3.0,-88.0
1777889392.4893324,-2.0,0.0,-78.0
1777889392.4993324,-5.0,-4.0,-75.0
1777889392.5093324,-1.0,-3.0,-81.0
1777889392.5193324,-4.0,-1.0,-79.0
1777889392.5293324,-3.0,0.0,-82.0
1777889392.5393324,-2.0,-1.0,-80.0
1777889392.5493324,-2.0,-5.0,-82.0
1777889392.5593324,0.0,-2.0,-78.0
1777889392.5693324,-2.0,-1.0,-78.0
1777889392.5793324,-5.0,-2.0,-79.0
1777889392.5893323,-3.0,-2.0,-74.0
1777889392.5993323,-1.0,-4.0,-65.0
1777889392.6093323,-2.0,-7.0,-74.0
1777889392.6193323,1.0,-9.0,-78.0
1777889392.6293323,2.0,-8.0,-75.0
1777889392.6393323,0.0,-3.0,-77.0
1777889392.6493323,2.0,-4.0,-75.0
1777889392.6593325,2.0,-3.0,-71.0
1777889392.6693325,1.0,-6.0,-66.0
1777889392.6793325,0.0,-7.0,-62.0
1777889392.6893325,4.0,-7.0,-68.0
1777889392.6993325,1.0,-3.0,-71.0
1777889392.7093325,4.0,-4.0,-71.0
1777889392.7193325,3.0,-1.0,-79.0
1777889392.7293324,3.0,-1.0,-81.0
1777889392.7393324,0.0,-5.0,-77.0
1777889392.7493324,0.0,-5.0,-79.0
1777889392.7593324,0.0,-6.0,-76.0
1777889392.7693324,0.0,-10.0,-75.0
1777889392.7793324,-1.0,-10.0,-75.0
1777889392.7893324,-3.0,-9.0,-73.0
1777889392.7993324,-4.0,-8.0,-76.0
1777889392.8093324,-2.0,-9.0,-73.0
1777889392.8193324,-2.0,-5.0,-79.0
1777889392.8293324,-4.0,-3.0,-82.0
1777889392.8393323,-2.0,-3.0,-88.0
1777889392.8493323,-4.0,-1.0,-88.0
1777889392.8593323,-7.0,-4.0,-77.0
1777889392.8693323,-4.0,0.0,-74.0
1777889392.8793323,0.0,2.0,-83.0
1777889392.8893323,-1.0,-1.0,-85.0
1777889392.8993323,1.0,-3.0,-83.0
1777889392.9093325,2.0,-3.0,-79.0
1777889392.9193325,8.0,0.0,-78.0
1777889392.9293325,8.0,-1.0,-76.0
1777889392.9393325,4.0,-4.0,-71.0
1777889392.9493325,2.0,-3.0,-73.0
1777889392.9593325,3.0,-4.0,-74.0
1777889392.9693325,6.0,-4.0,-73.0
1777889392.9793324,7.0,-1.0,-66.0
1777889392.9893324,4.0,0.0,-72.0
1777889392.9993324,3.0,1.0,-79.0
1777889393.0093324,5.0,-1.0,-81.0
1777889393.0193324,3.0,-3.0,-78.0
1777889393.0293324,1.0,-1.0,-78.0
1777889393.0393324,2.0,-4.0,-77.0
1777889393.0493324,2.0,-1.0,-62.0
1777889393.0593324,6.0,0.0,-57.0
1777889393.0693324,2.0,-1.0,-63.0
1777889393.0793324,0.0,0.0,-67.0
1777889393.0893323,2.0,0.0,-62.0
1777889393.0993323,4.0,2.0,-61.0
1777889393.1093323,5.0,5.0,-60.0
1777889393.1193323,5.0,7.0,-63.0
1777889393.1293323,3.0,6.0,-60.0
1777889393.1393323,5.0,4.0,-69.0
1777889393.1493323,3.0,4.0,-71.0
1777889393.1593325,4.0,3.0,-70.0
1777889393.1693325,1.0,3.0,-75.0
1777889393.1793325,2.0,6.0,-77.0
1777889393.1893325,0.0,8.0,-78.0
1777889393.1993325,-4.0,7.0,-80.0
1777889393.2093325,-2.0,2.0,-77.0
1777889393.2193325,-3.0,1.0,-81.0
1777889393.2293324,-3.0,5.0,-83.0
1777889393.2393324,-2.0,5.0,-81.0
1777889393.2493324,-6.0,9.0,-84.0
1777889393.2593324,-6.0,9.0,-89.0
1777889393.2693324,-3.0,7.0,-85.0
1777889393.2793324,0.0,4.0,-80.0
1777889393.2893324,4.0,1.0,-77.0
1777889393.2993324,0.0,0.0,-76.0
1777889393.3093324,0.0,0.0,-77.0
1777889393.3193324,-2.0,1.0,-76.0
1777889393.3293324,-3.0,0.0,-75.0
1777889393.3393323,-2.0,-2.0,-65.0
1777889393.3493323,2.0,-4.0,-61.0
1777889393.3593323,-1.0,-1.0,-59.0
1777889393.3693323,-3.0,2.0,-54.0
1777889393.3793323,-7.0,1.0,-48.0
1777889393.3893323,-6.0,0.0,-53.0
1777889393.3993323,-3.0,0.0,-53.0
1777889393.4093325,0.0,0.0,-60.0
1777889393.4193325,0.0,-2.0,-59.0
1777889393.4293325,1.0,0.0,-69.0
1777889393.4393325,0.0,-3.0,-71.0
1777889393.4493325,0.0,-2.0,-73.0
1777889393.4593325,4.0,-2.0,-72.0
1777889393.4693325,2.0,-6.0,-73.0
1777889393.4793324,3.0,-2.0,-73.0
1777889393.4893324,0.0,-4.0,-70.0
1777889393.4993324,0.0,-5.0,-73.0
1777889393.5093324,-1.0,0.0,-77.0
1777889393.5203323,-3.0,3.0,-76.0
1777889393.5303323,-1.0,0.0,-81.0
1777889393.5393324,0.0,-2.0,-90.0
1777889393.5503323,-3.0,-6.0,-91.0
1777889393.5603323,-7.0,-5.0,-87.0
1777889393.5703323,-2.0,-3.0,-86.0
1777889393.5803325,-2.0,-4.0,-77.0
1777889393.5903325,-2.0,-5.0,-79.0
1777889393.6003325,-1.0,-3.0,-78.0
1777889393.6103325,-3.0,0.0,-74.0
1777889393.6203325,-2.0,0.0,-75.0
1777889393.6303325,0.0,2.0,-81.0
1777889393.6403325,-1.0,0.0,-82.0
1777889393.6503325,2.0,0.0,-83.0
1777889393.6603324,0.0,1.0,-79.0
1777889393.6703324,-3.0,-1.0,-77.0
1777889393.6803324,-3.0,-4.0,-73.0
1777889393.6903324,1.0,-4.0,-74.0
1777889393.7003324,2.0,-3.0,-76.0
1777889393.7103324,-2.0,-1.0,-77.0
1777889393.7203324,-8.0,-3.0,-85.0
1777889393.7303324,-5.0,-3.0,-82.0
1777889393.7403324,-2.0,-1.0,-83.0
1777889393.7503324,0.0,-1.0,-79.0
1777889393.7603323,1.0,0.0,-81.0
1777889393.7703323,0.0,1.0,-85.0
1777889393.7803323,1.0,-1.0,-78.0
1777889393.7903323,3.0,-1.0,-78.0
1777889393.8003323,2.0,0.0,-81.0
1777889393.8103323,1.0,0.0,-77.0
1777889393.8203323,3.0,-2.0,-86.0
1777889393.8303325,1.0,-4.0,-82.0
1777889393.8403325,2.0,-2.0,-78.0
1777889393.8503325,7.0,-1.0,-73.0
1777889393.8603325,6.0,-2.0,-78.0
1777889393.8703325,9.0,0.0,-75.0
1777889393.8803325,8.0,-5.0,-75.0
1777889393.8903325,4.0,-3.0,-77.0
1777889393.9003325,3.0,-3.0,-73.0
1777889393.9103324,2.0,-3.0,-77.0
1777889393.9203324,4.0,-3.0,-80.0
1777889393.9303324,3.0,-5.0,-76.0
1777889393.9403324,4.0,-11.0,-76.0
1777889393.9503324,4.0,-8.0,-82.0
1777889393.9603324,3.0,-6.0,-83.0
1777889393.9703324,2.0,-9.0,-86.0
1777889393.9803324,0.0,-12.0,-74.0
1777889393.9903324,3.0,-12.0,-71.0
1777889394.0003324,7.0,-8.0,-73.0
1777889394.0103323,10.0,-6.0,-69.0
1777889394.0203323,9.0,-3.0,-65.0
1777889394.0303323,12.0,-3.0,-67.0
1777889394.0403323,10.0,-4.0,-58.0
1777889394.0503323,10.0,-7.0,-61.0
1777889394.0603323,9.0,-8.0,-65.0
1777889394.0703323,8.0,-7.0,-70.0
1777889394.0803325,7.0,-4.0,-69.0
1777889394.0903325,2.0,-9.0,-72.0
1777889394.1003325,1.0,-8.0,-78.0
1777889394.1103325,4.0,-6.0,-80.0
1777889394.1203325,6.0,-7.0,-80.0
1777889394.1303325,6.0,-3.0,-82.0
1777889394.1403325,8.0,0.0,-78.0
1777889394.1503325,8.0,-2.0,-75.0
1777889394.1603324,10.0,-1.0,-81.0
1777889394.1703324,5.0,-6.0,-76.0
1777889394.1803324,10.0,-7.0,-78.0
1777889394.1903324,6.0,-5.0,-75.0
1777889394.2003324,3.0,-3.0,-74.0
1777889394.2103324,4.0,-5.0,-74.0
1777889394.2203324,6.0,-3.0,-78.0
1777889394.2303324,5.0,-4.0,-83.0
1777889394.2403324,0.0,-2.0,-79.0
1777889394.2503324,0.0,-4.0,-79.0
1777889394.2603323,1.0,0.0,-74.0
1777889394.2703323,-1.0,0.0,-79.0
1777889394.2803323,-2.0,-5.0,-85.0
1777889394.2903323,1.0,-4.0,-78.0
1777889394.3003323,4.0,-3.0,-83.0
1777889394.3103323,2.0,-3.0,-79.0
1777889394.3203323,1.0,-6.0,-80.0
1777889394.3303325,0.0,-3.0,-77.0
1777889394.3403325,3.0,-5.0,-75.0
1777889394.3503325,6.0,-7.0,-73.0
1777889394.3603325,3.0,-6.0,-75.0
1777889394.3703325,1.0,-4.0,-78.0
1777889394.3803325,6.0,-9.0,-73.0
1777889394.3903325,8.0,-4.0,-75.0
1777889394.4003325,4.0,-6.0,-74.0
1777889394.4103324,-2.0,-6.0,-69.0
1777889394.4203324,-3.0,-1.0,-68.0
1777889394.4303324,-7.0,1.0,-69.0
1777889394.4403324,-10.0,0.0,-75.0
1777889394.4503324,-10.0,1.0,-74.0
1777889394.4603324,-7.0,-2.0,-70.0
1777889394.4703324,-2.0,-8.0,-69.0
1777889394.4803324,-1.0,-6.0,-77.0
1777889394.4903324,-2.0,-6.0,-78.0
1777889394.5003324,0.0,-5.0,-73.0
1777889394.5103323,4.0,-1.0,-68.0
1777889394.5203323,0.0,-1.0,-68.0
1777889394.5303323,-3.0,-2.0,-72.0
1777889394.5403323,-6.0,0.0,-68.0
1777889394.5503323,-8.0,-1.0,-64.0
1777889394.5603323,-6.0,-1.0,-57.0
1777889394.5703323,-2.0,0.0,-57.0
1777889394.5803325,0.0,-4.0,-62.0
1777889394.5903325,-1.0,-5.0,-62.0
1777889394.6003325,-4.0,-5.0,-70.0
1777889394.6103325,-2.0,-8.0,-72.0
1777889394.6203325,2.0,-3.0,-76.0
1777889394.6303325,0.0,-2.0,-78.0
1777889394.6403325,-5.0,-5.0,-79.0
1777889394.6503325,-5.0,-8.0,-83.0
1777889394.6603324,-8.0,-12.0,-90.0
1777889394.6703324,-6.0,-6.0,-85.0
1777889394.6803324,-7.0,0.0,-84.0
1777889394.6903324,-4.0,-4.0,-83.0
1777889394.7003324,-5.0,-4.0,-80.0
1777889394.7103324,-3.0,-8.0,-79.0
1777889394.7203324,-6.0,-8.0,-78.0
1777889394.7303324,-5.0,-4.0,-82.0
1777889394.7403324,-3.0,-6.0,-85.0
1777889394.7503324,-1.0,-4.0,-84.0
1777889394.7603323,0.0,-4.0,-83.0
1777889394.7703323,-2.0,-8.0,-89.0
1777889394.7803323,-8.0,-7.0,-81.0
1777889394.7903323,-7.0,-3.0,-78.0
1777889394.8003323,-8.0,-2.0,-86.0
1777889394.8103323,-5.0,-7.0,-87.0
1777889394.8203323,-3.0,-3.0,-91.0
1777889394.8303325,-8.0,-2.0,-84.0
1777889394.8403325,-10.0,4.0,-83.0
1777889394.8503325,-4.0,2.0,-87.0
1777889394.8603325,-5.0,-1.0,-90.0
1777889394.8703325,-7.0,0.0,-83.0
1777889394.8803325,-5.0,0.0,-82.0
1777889394.8903325,-9.0,1.0,-84.0
1777889394.9003325,-7.0,-2.0,-80.0
1777889394.9103324,-6.0,-5.0,-79.0
1777889394.9203324,-2.0,-2.0,-81.0
1777889394.9303324,-2.0,-3.0,-73.0
1777889394.9403324,-2.0,0.0,-77.0
1777889394.9503324,2.0,-1.0,-77.0
1777889394.9603324,7.0,0.0,-80.0
1777889394.9703324,5.0,-1.0,-79.0
1777889394.9803324,3.0,1.0,-76.0
1777889394.9903324,2.0,2.0,-78.0
1777889395.0003324,1.0,-1.0,-79.0
1777889395.0103323,1.0,-5.0,-81.0
1777889395.0203323,2.0,-5.0,-77.0
1777889395.0303323,6.0,-2.0,-79.0
1777889395.0403323,4.0,-4.0,-74.0
1777889395.0503323,5.0,0.0,-73.0
1777889395.0603323,4.0,1.0,-74.0
1777889395.0703323,8.0,7.0,-68.0
1777889395.0803325,8.0,5.0,-74.0
1777889395.0903325,7.0,8.0,-82.0
1777889395.1003325,6.0,5.0,-82.0
1777889395.1103325,1.0,6.0,-83.0
1777889395.1203325,-1.0,4.0,-80.0
1777889395.1303325,3.0,1.0,-85.0
1777889395.1403325,7.0,-3.0,-79.0
1777889395.1503325,5.0,-8.0,-82.0
1777889395.1603324,6.0,-12.0,-86.0
1777889395.1703324,6.0,-6.0,-84.0
1777889395.1803324,8.0,-6.0,-75.0
1777889395.1903324,4.0,-4.0,-69.0
1777889395.2003324,2.0,-7.0,-67.0
1777889395.2103324,4.0,-10.0,-62.0
1777889395.2203324,2.0,-5.0,-66.0
1777889395.2303324,0.0,-3.0,-68.0
1777889395.2403324,1.0,-4.0,-72.0
1777889395.2503324,1.0,-5.0,-79.0
1777889395.2603323,2.0,-5.0,-83.0
1777889395.2703323,2.0,-6.0,-90.0
1777889395.2803323,2.0,-1.0,-97.0
1777889395.2903323,2.0,-1.0,-94.0
1777889395.3003323,3.0,2.0,-85.0
1777889395.3103323,7.0,0.0,-80.0
1777889395.3203323,11.0,1.0,-80.0
1777889395.3303325,7.0,0.0,-82.0
1777889395.3403325,7.0,-1.0,-80.0
1777889395.3503325,9.0,-2.0,-75.0
1777889395.3603325,15.0,-3.0,-75.0
1777889395.3703325,12.0,-3.0,-67.0
1777889395.3803325,7.0,-2.0,-65.0
1777889395.3903325,4.0,0.0,-68.0
1777889395.4003325,3.0,0.0,-72.0
1777889395.4103324,7.0,2.0,-70.0
1777889395.4203324,4.0,2.0,-76.0
1777889395.4303324,3.0,-1.0,-71.0
1777889395.4403324,7.0,-1.0,-65.0
1777889395.4503324,2.0,-4.0,-66.0
1777889395.4603324,3.0,-2.0,-70.0
1777889395.4703324,1.0,-4.0,-66.0
1777889395.4803324,1.0,-7.0,-70.0
1777889395.4903324,-1.0,-6.0,-76.0
1777889395.5003324,2.0,-4.0,-69.0
1777889395.5113325,0.0,0.0,-73.0
1777889395.5213325,-3.0,-1.0,-77.0
1777889395.5313325,-2.0,-4.0,-77.0
1777889395.5413325,-6.0,-6.0,-77.0
1777889395.5513325,-8.0,-7.0,-83.0
1777889395.5613325,-8.0,-3.0,-76.0
1777889395.5713325,-2.0,-5.0,-79.0
1777889395.5813324,0.0,-2.0,-77.0
1777889395.5913324,0.0,-2.0,-77.0
1777889395.6013324,-1.0,-1.0,-78.0
1777889395.6113324,2.0,0.0,-76.0
1777889395.6213324,0.0,0.0,-73.0
1777889395.6313324,0.0,0.0,-69.0
1777889395.6413324,1.0,-1.0,-71.0
1777889395.6513324,2.0,0.0,-75.0
1777889395.6613324,-4.0,0.0,-77.0
1777889395.6713324,-4.0,0.0,-79.0
1777889395.6813323,-3.0,0.0,-82.0
1777889395.6913323,-4.0,0.0,-74.0
1777889395.7013323,-3.0,2.0,-80.0
1777889395.7113323,0.0,2.0,-82.0
1777889395.7213323,-1.0,0.0,-77.0
1777889395.7313323,2.0,0.0,-79.0
1777889395.7413323,0.0,0.0,-77.0
1777889395.7513323,-1.0,0.0,-74.0
1777889395.7613325,2.0,4.0,-70.0
1777889395.7713325,5.0,5.0,-75.0
1777889395.7813325,11.0,6.0,-77.0
1777889395.7913325,11.0,5.0,-87.0
1777889395.8013325,14.0,3.0,-92.0
1777889395.8113325,11.0,2.0,-95.0
1777889395.8213325,6.0,-2.0,-97.0
1777889395.8313324,5.0,-1.0,-87.0
1777889395.8413324,-3.0,0.0,-78.0
1777889395.8513324,-3.0,1.0,-75.0
1777889395.8613324,1.0,1.0,-78.0
1777889395.8713324,1.0,0.0,-84.0
1777889395.8813324,-2.0,3.0,-83.0
1777889395.8913324,-5.0,0.0,-83.0
1777889395.9013324,0.0,1.0,-80.0
1777889395.9113324,0.0,3.0,-75.0
1777889395.9213324,0.0,4.0,-67.0
1777889395.9313323,0.0,0.0,-71.0
1777889395.9413323,2.0,-4.0,-77.0
1777889395.9513323,0.0,-5.0,-76.0
1777889395.9613323,0.0,-7.0,-83.0
1777889395.9713323,4.0,-6.0,-83.0
1777889395.9813323,1.0,-5.0,-81.0
1777889395.9913323,1.0,-3.0,-85.0
1777889396.0013323,-1.0,-2.0,-87.0
1777889396.0113325,-5.0,-3.0,-82.0
1777889396.0213325,-11.0,-1.0,-80.0
1777889396.0313325,-18.0,0.0,-80.0
1777889396.0413325,-16.0,2.0,-81.0
1777889396.0513325,-12.0,0.0,-80.0
1777889396.0613325,-12.0,1.0,-78.0
1777889396.0713325,-7.0,2.0,-76.0
1777889396.0813324,-1.0,-2.0,-72.0
1777889396.0913324,1.0,-4.0,-71.0
1777889396.1013324,0.0,-5.0,-73.0
1777889396.1113324,-3.0,-7.0,-72.0
1777889396.1213324,-7.0,-7.0,-76.0
1777889396.1313324,-4.0,-10.0,-80.0
1777889396.1413324,-1.0,-13.0,-82.0
1777889396.1513324,-2.0,-11.0,-80.0
1777889396.1613324,-4.0,-10.0,-70.0
1777889396.1713324,-2.0,-6.0,-69.0
1777889396.1813323,-4.0,-4.0,-66.0
1777889396.1913323,1.0,-1.0,-63.0
1777889396.2013323,6.0,2.0,-59.0
1777889396.2113323,5.0,2.0,-64.0
1777889396.2213323,5.0,-1.0,-65.0
1777889396.2313323,5.0,0.0,-64.0
1777889396.2413323,1.0,0.0,-67.0
1777889396.2513323,0.0,-1.0,-65.0
1777889396.2613325,-2.0,-2.0,-71.0
1777889396.2713325,0.0,-3.0,-76.0
1777889396.2813325,3.0,-2.0,-81.0
1777889396.2913325,5.0,0.0,-85.0
1777889396.3013325,2.0,0.0,-81.0
1777889396.3113325,2.0,-4.0,-78.0
1777889396.3213325,1.0,-3.0,-70.0
1777889396.3313324,-1.0,-2.0,-62.0
1777889396.3413324,4.0,-3.0,-72.0
1777889396.3513324,-1.0,-4.0,-70.0
1777889396.3613324,-1.0,-4.0,-69.0
1777889396.3713324,-4.0,-6.0,-67.0
1777889396.3813324,-1.0,-2.0,-63.0
1777889396.3913324,-3.0,0.0,-64.0
1777889396.4013324,1.0,-2.0,-66.0
1777889396.4113324,2.0,-2.0,-65.0
1777889396.4213324,0.0,-3.0,-62.0
1777889396.4313323,3.0,0.0,-60.0
1777889396.4413323,2.0,1.0,-60.0
1777889396.4513323,4.0,4.0,-62.0
1777889396.4613323,2.0,7.0,-67.0
1777889396.4713323,-1.0,3.0,-66.0
1777889396.4813323,-4.0,1.0,-67.0
1777889396.4913323,-4.0,-1.0,-61.0
1777889396.5013323,1.0,0.0,-62.0
1777889396.5113325,4.0,-1.0,-69.0
1777889396.5213325,6.0,1.0,-72.0
1777889396.5313325,5.0,0.0,-71.0
1777889396.5413325,6.0,0.0,-72.0
1777889396.5513325,10.0,-2.0,-68.0
1777889396.5613325,8.0,0.0,-77.0
1777889396.5713325,10.0,5.0,-74.0
1777889396.5813324,7.0,3.0,-67.0
1777889396.5913324,5.0,0.0,-67.0
1777889396.6013324,5.0,-3.0,-67.0
1777889396.6113324,3.0,-3.0,-67.0
1777889396.6213324,10.0,-7.0,-80.0
1777889396.6313324,16.0,-7.0,-85.0
1777889396.6413324,11.0,-9.0,-85.0
1777889396.6513324,6.0,-9.0,-86.0
1777889396.6613324,7.0,-4.0,-83.0
1777889396.6713324,3.0,-3.0,-80.0
1777889396.6813323,5.0,-7.0,-81.0
1777889396.6913323,9.0,-8.0,-76.0
1777889396.7013323,7.0,-7.0,-73.0
1777889396.7113323,9.0,-8.0,-64.0
1777889396.7213323,4.0,-7.0,-71.0
1777889396.7313323,3.0,-1.0,-72.0
1777889396.7413323,3.0,-4.0,-71.0
1777889396.7513323,3.0,-5.0,-76.0
1777889396.7613325,3.0,-5.0,-80.0
1777889396.7713325,5.0,-6.0,-79.0
1777889396.7813325,2.0,-4.0,-79.0
1777889396.7913325,0.0,-2.0,-78.0
1777889396.8013325,-4.0,-3.0,-79.0
1777889396.8113325,-2.0,-4.0,-77.0
1777889396.8213325,2.0,-2.0,-81.0
1777889396.8313324,7.0,2.0,-79.0
1777889396.8413324,10.0,5.0,-78.0
1777889396.8513324,6.0,4.0,-77.0
1777889396.8613324,6.0,4.0,-81.0
1777889396.8713324,-1.0,3.0,-82.0
1777889396.8813324,0.0,4.0,-81.0
1777889396.8913324,2.0,4.0,-80.0
1777889396.9013324,-1.0,-3.0,-80.0
1777889396.9113324,-2.0,-2.0,-84.0
1777889396.9213324,-5.0,-3.0,-83.0
1777889396.9313323,-2.0,-2.0,-84.0
1777889396.9413323,-2.0,-4.0,-85.0
1777889396.9513323,0.0,-3.0,-81.0
1777889396.9613323,0.0,-4.0,-78.0
1777889396.9713323,1.0,-5.0,-78.0
1777889396.9813323,-1.0,-5.0,-75.0
1777889396.9913323,2.0,-1.0,-73.0
1777889397.0013323,0.0,-2.0,-69.0
1777889397.0113325,-1.0,-7.0,-69.0
1777889397.0213325,-4.0,-5.0,-66.0
1777889397.0313325,0.0,-5.0,-66.0
1777889397.0413325,2.0,-4.0,-65.0
1777889397.0513325,-2.0,-1.0,-62.0
1777889397.0613325,0.0,-5.0,-64.0
1777889397.0713325,3.0,-5.0,-70.0
1777889397.0813324,2.0,-2.0,-74.0
1777889397.0913324,4.0,0.0,-74.0
1777889397.1013324,4.0,2.0,-78.0
1777889397.1113324,-2.0,-1.0,-77.0
1777889397.1213324,-5.0,1.0,-76.0
1777889397.1313324,0.0,0.0,-73.0
1777889397.1413324,3.0,-2.0,-75.0
1777889397.1513324,2.0,-6.0,-79.0
1777889397.1613324,-2.0,-5.0,-82.0
1777889397.1713324,-4.0,-1.0,-74.0
1777889397.1813323,-2.0,-6.0,-66.0
1777889397.1913323,0.0,-3.0,-71.0
1777889397.2013323,0.0,-1.0,-69.0
1777889397.2113323,0.0,-1.0,-72.0
1777889397.2213323,2.0,0.0,-77.0
1777889397.2313323,1.0,-1.0,-73.0
1777889397.2413323,3.0,0.0,-75.0
1777889397.2513323,3.0,1.0,-69.0
1777889397.2613325,-1.0,-1.0,-68.0
1777889397.2713325,-2.0,-1.0,-66.0
1777889397.2813325,-3.0,-3.0,-69.0
1777889397.2913325,0.0,-5.0,-75.0
1777889397.3013325,-1.0,-8.0,-75.0
1777889397.3113325,-3.0,-9.0,-79.0
1777889397.3213325,-3.0,-8.0,-79.0
1777889397.3313324,0.0,-4.0,-78.0
1777889397.3413324,0.0,-5.0,-80.0
1777889397.3513324,-1.0,-3.0,-83.0
1777889397.3613324,-1.0,-5.0,-80.0
1777889397.3713324,0.0,-2.0,-77.0
1777889397.3813324,4.0,-1.0,-79.0
1777889397.3913324,4.0,-3.0,-83.0
1777889397.4013324,4.0,-5.0,-84.0
1777889397.4113324,0.0,-5.0,-83.0
1777889397.4213324,-2.0,0.0,-83.0
1777889397.4313323,-2.0,-2.0,-81.0
1777889397.4413323,1.0,2.0,-75.0
1777889397.4513323,3.0,2.0,-86.0
1777889397.4613323,5.0,2.0,-87.0
1777889397.4713323,5.0,1.0,-83.0
1777889397.4813323,4.0,0.0,-76.0
1777889397.4913323,1.0,-5.0,-75.0
1777889397.5013323,0.0,-4.0,-76.0
1777889397.5123324,-2.0,0.0,-73.0
1777889397.5223324,0.0,0.0,-73.0
1777889397.5323324,0.0,0.0,-77.0
1777889397.5413325,0.0,0.0,-82.0
1777889397.5523324,1.0,-1.0,-78.0
1777889397.5623324,1.0,-5.0,-77.0
1777889397.5723324,4.0,-6.0,-79.0
1777889397.5823324,0.0,-13.0,-77.0
1777889397.5923324,-1.0,-7.0,-79.0
1777889397.6023324,1.0,-2.0,-82.0
1777889397.6123323,-1.0,-1.0,-84.0
1777889397.6223323,-3.0,-1.0,-80.0
1777889397.6323323,0.0,-4.0,-78.0
1777889397.6423323,4.0,-2.0,-81.0
1777889397.6523323,9.0,0.0,-83.0
1777889397.6623323,3.0,-4.0,-87.0
1777889397.6723323,4.0,-5.0,-91.0
1777889397.6823325,3.0,-2.0,-84.0
1777889397.6923325,3.0,-2.0,-81.0
1777889397.7023325,0.0,-2.0,-82.0
1777889397.7123325,1.0,0.0,-87.0
1777889397.7223325,0.0,0.0,-91.0
1777889397.7323325,0.0,-2.0,-87.0
1777889397.7423325,-3.0,0.0,-82.0
1777889397.7523324,-1.0,0.0,-81.0
1777889397.7623324,0.0,2.0,-90.0
1777889397.7723324,0.0,1.0,-87.0
1777889397.7823324,0.0,1.0,-81.0
1777889397.7923324,0.0,0.0,-78.0
1777889397.8023324,1.0,0.0,-77.0
1777889397.8123324,4.0,-3.0,-71.0
1777889397.8223324,-1.0,-4.0,-74.0
1777889397.8323324,-3.0,-6.0,-79.0
1777889397.8423324,1.0,-5.0,-84.0
1777889397.8523324,7.0,-3.0,-75.0
1777889397.8623323,4.0,-1.0,-70.0
1777889397.8723323,1.0,0.0,-72.0
1777889397.8823323,-4.0,3.0,-72.0
1777889397.8923323,-6.0,4.0,-75.0
1777889397.9023323,-6.0,3.0,-74.0
1777889397.9123323,-5.0,1.0,-71.0
1777889397.9223323,-4.0,1.0,-74.0
1777889397.9323325,-4.0,1.0,-77.0
1777889397.9423325,1.0,0.0,-77.0
1777889397.9523325,2.0,0.0,-75.0
1777889397.9623325,4.0,-2.0,-71.0
1777889397.9723325,2.0,-2.0,-78.0
1777889397.9823325,11.0,-2.0,-86.0
1777889397.9923325,13.0,1.0,-91.0
1777889398.0023324,9.0,-2.0,-88.0
1777889398.0123324,10.0,-3.0,-90.0
1777889398.0223324,8.0,-4.0,-87.0
1777889398.0323324,5.0,-5.0,-87.0
1777889398.0423324,5.0,-5.0,-85.0
1777889398.0523324,6.0,-4.0,-82.0
1777889398.0623324,5.0,-5.0,-81.0
1777889398.0723324,1.0,-2.0,-75.0
1777889398.0823324,3.0,1.0,-76.0
1777889398.0923324,3.0,4.0,-77.0
1777889398.1023324,-1.0,4.0,-79.0
1777889398.1123323,2.0,4.0,-74.0
1777889398.1223323,0.0,3.0,-73.0
1777889398.1323323,0.0,2.0,-67.0
1777889398.1423323,2.0,3.0,-78.0
1777889398.1523323,1.0,9.0,-80.0
1777889398.1623323,-2.0,7.0,-77.0
1777889398.1723323,-1.0,7.0,-73.0
1777889398.1823325,0.0,3.0,-71.0
1777889398.1923325,-1.0,1.0,-78.0
1777889398.2023325,-2.0,3.0,-71.0
1777889398.2123325,-4.0,3.0,-67.0
1777889398.2223325,0.0,0.0,-70.0
1777889398.2323325,0.0,-2.0,-76.0
1777889398.2423325,2.0,1.0,-78.0
1777889398.2523324,0.0,-4.0,-75.0
1777889398.2623324,1.0,-6.0,-79.0
1777889398.2723324,0.0,-3.0,-74.0
1777889398.2823324,-2.0,-4.0,-73.0
1777889398.2923324,-2.0,-3.0,-71.0
1777889398.3023324,-3.0,-2.0,-70.0
1777889398.3123324,-1.0,0.0,-74.0
1777889398.3223324,-1.0,-3.0,-76.0
1777889398.3323324,0.0,-4.0,-69.0
1777889398.3423324,-2.0,-4.0,-70.0
1777889398.3523324,0.0,-3.0,-72.0
1777889398.3623323,0.0,-3.0,-66.0
1777889398.3723323,0.0,-5.0,-63.0
1777889398.3823323,1.0,-6.0,-66.0
1777889398.3923323,0.0,-4.0,-67.0
1777889398.4023323,0.0,-6.0,-73.0
1777889398.4123323,-2.0,-6.0,-71.0
1777889398.4223323,-1.0,-3.0,-74.0
1777889398.4323325,0.0,1.0,-70.0
1777889398.4423325,-3.0,3.0,-69.0
1777889398.4523325,-3.0,2.0,-71.0
1777889398.4623325,0.0,0.0,-76.0
1777889398.4723325,0.0,0.0,-76.0
1777889398.4823325,3.0,0.0,-81.0
1777889398.4923325,5.0,2.0,-78.0
1777889398.5023324,8.0,4.0,-76.0
1777889398.5123324,5.0,4.0,-80.0
1777889398.5223324,2.0,4.0,-82.0
1777889398.5323324,5.0,7.0,-77.0
1777889398.5423324,3.0,7.0,-79.0
1777889398.5523324,2.0,4.0,-83.0
1777889398.5623324,2.0,5.0,-80.0
1777889398.5723324,1.0,3.0,-78.0
1777889398.5823324,-1.0,0.0,-71.0
1777889398.5923324,-3.0,1.0,-74.0
1777889398.6023324,-7.0,0.0,-76.0
1777889398.6123323,-2.0,5.0,-78.0
1777889398.6223323,-7.0,6.0,-80.0
1777889398.6323323,-9.0,4.0,-76.0
1777889398.6423323,-5.0,3.0,-72.0
1777889398.6523323,-6.0,1.0,-76.0
1777889398.6623323,-8.0,3.0,-79.0
1777889398.6723323,-7.0,1.0,-74.0
1777889398.6823325,-5.0,0.0,-71.0
1777889398.6923325,-1.0,0.0,-72.0
1777889398.7023325,0.0,0.0,-72.0
1777889398.7123325,-2.0,-3.0,-78.0
1777889398.7223325,-5.0,0.0,-78.0
1777889398.7323325,-7.0,4.0,-73.0
1777889398.7423325,-5.0,1.0,-72.0
1777889398.7523324,-2.0,3.0,-72.0
1777889398.7623324,2.0,1.0,-66.0
1777889398.7723324,0.0,1.0,-67.0
1777889398.7823324,-3.0,-1.0,-67.0
1777889398.7923324,-8.0,-2.0,-65.0
1777889398.8023324,-8.0,-5.0,-62.0
1777889398.8123324,-4.0,-5.0,-66.0
1777889398.8223324,0.0,-4.0,-65.0
1777889398.8323324,3.0,-2.0,-68.0
1777889398.8423324,5.0,-3.0,-70.0
1777889398.8523324,1.0,-2.0,-76.0
1777889398.8623323,4.0,2.0,-80.0
1777889398.8723323,6.0,7.0,-78.0
1777889398.8823323,3.0,6.0,-74.0
1777889398.8923323,3.0,8.0,-80.0
1777889398.9023323,5.0,2.0,-86.0
1777889398.9123323,3.0,3.0,-90.0
1777889398.9223323,0.0,0.0,-91.0
1777889398.9323325,-3.0,0.0,-89.0
1777889398.9423325,-6.0,0.0,-84.0
1777889398.9523325,-5.0,-2.0,-85.0
1777889398.9623325,-4.0,-4.0,-83.0
1777889398.9723325,-3.0,1.0,-82.0
1777889398.9823325,0.0,1.0,-75.0
1777889398.9923325,-2.0,6.0,-78.0
1777889399.0023324,-3.0,9.0,-79.0
1777889399.0123324,-2.0,8.0,-73.0
1777889399.0223324,0.0,3.0,-80.0
1777889399.0323324,3.0,0.0,-80.0
1777889399.0423324,3.0,3.0,-84.0
1777889399.0523324,3.0,2.0,-82.0
1777889399.0623324,1.0,4.0,-81.0
1777889399.0723324,2.0,6.0,-71.0
1777889399.0823324,-1.0,3.0,-68.0
1777889399.0923324,1.0,3.0,-71.0
1777889399.1023324,1.0,4.0,-77.0
1777889399.1123323,-3.0,5.0,-81.0
1777889399.1223323,-3.0,6.0,-80.0
1777889399.1323323,-2.0,1.0,-83.0
1777889399.1423323,2.0,-1.0,-84.0
1777889399.1523323,7.0,-4.0,-78.0
1777889399.1623323,4.0,0.0,-80.0
1777889399.1723323,3.0,-2.0,-81.0
1777889399.1823325,5.0,-5.0,-77.0
1777889399.1923325,5.0,-7.0,-83.0
1777889399.2023325,7.0,-1.0,-80.0
1777889399.2123325,2.0,0.0,-82.0
1777889399.2223325,-1.0,3.0,-84.0
1777889399.2323325,-3.0,5.0,-82.0
1777889399.2423325,-5.0,6.0,-85.0
1777889399.2523324,-4.0,5.0,-78.0
1777889399.2623324,-4.0,7.0,-78.0
1777889399.2723324,-2.0,8.0,-82.0
1777889399.2823324,-6.0,6.0,-85.0
1777889399.2923324,-4.0,0.0,-86.0
1777889399.3023324,-1.0,-3.0,-80.0
1777889399.3123324,-2.0,-5.0,-78.0
1777889399.3223324,0.0,-3.0,-76.0
1777889399.3323324,1.0,-2.0,-72.0
1777889399.3423324,3.0,-3.0,-74.0
1777889399.3523324,9.0,-2.0,-67.0
1777889399.3623323,10.0,-3.0,-65.0
1777889399.3723323,7.0,-4.0,-66.0
1777889399.3823323,7.0,-2.0,-74.0
1777889399.3923323,6.0,-1.0,-77.0
1777889399.4023323,5.0,-1.0,-73.0
1777889399.4123323,0.0,-4.0,-75.0
1777889399.4223323,0.0,-3.0,-74.0
1777889399.4323325,4.0,0.0,-71.0
1777889399.4433324,-1.0,3.0,-64.0
1777889399.4533324,0.0,4.0,-63.0
1777889399.4633324,0.0,3.0,-71.0
1777889399.4733324,3.0,3.0,-69.0
1777889399.4833324,0.0,3.0,-60.0
1777889399.4933324,2.0,-1.0,-63.0
1777889399.5033324,0.0,-1.0,-65.0
1777889399.5133324,0.0,-1.0,-74.0
1777889399.5233324,-3.0,-2.0,-81.0
1777889399.5333323,-1.0,0.0,-84.0
1777889399.5433323,0.0,0.0,-82.0
1777889399.5533323,0.0,0.0,-78.0
1777889399.5633323,3.0,-4.0,-84.0
1777889399.5733323,4.0,-5.0,-80.0
1777889399.5833323,3.0,-2.0,-75.0
1777889399.5933323,8.0,-3.0,-73.0
1777889399.6033323,5.0,-2.0,-74.0
1777889399.6133325,2.0,-2.0,-74.0
1777889399.6233325,4.0,-3.0,-71.0
1777889399.6333325,4.0,-2.0,-71.0
1777889399.6433325,7.0,-4.0,-69.0
1777889399.6533325,4.0,1.0,-65.0
1777889399.6633325,7.0,0.0,-67.0
1777889399.6733325,2.0,2.0,-68.0
1777889399.6833324,2.0,3.0,-68.0
1777889399.6933324,-1.0,4.0,-64.0
1777889399.7033324,2.0,1.0,-65.0
1777889399.7133324,10.0,0.0,-63.0
1777889399.7233324,7.0,1.0,-57.0
1777889399.7333324,2.0,3.0,-59.0
1777889399.7433324,3.0,0.0,-68.0
1777889399.7533324,3.0,0.0,-67.0
1777889399.7633324,-1.0,1.0,-67.0
1777889399.7733324,-2.0,0.0,-73.0
1777889399.7833323,0.0,-2.0,-77.0
1777889399.7933323,0.0,0.0,-80.0
1777889399.8033323,4.0,0.0,-77.0
1777889399.8133323,2.0,-2.0,-76.0
1777889399.8233323,-1.0,0.0,-79.0
1777889399.8333323,-1.0,-2.0,-70.0
1777889399.8433323,0.0,-7.0,-67.0
1777889399.8533323,0.0,-4.0,-62.0
1777889399.8633325,0.0,-4.0,-64.0
1777889399.8733325,-3.0,-3.0,-64.0
1777889399.8833325,-4.0,0.0,-67.0
1777889399.8933325,-1.0,-2.0,-72.0
1777889399.9033325,-3.0,-3.0,-69.0
1777889399.9133325,-1.0,-5.0,-76.0
1777889399.9233325,-6.0,-8.0,-79.0
1777889399.9333324,-5.0,-7.0,-75.0
1777889399.9433324,-1.0,-7.0,-72.0
1777889399.9533324,0.0,-5.0,-75.0
1777889399.9633324,0.0,-5.0,-71.0
1777889399.9733324,-1.0,-5.0,-72.0
1777889399.9833324,0.0,-4.0,-79.0
1777889399.9933324,1.0,-5.0,-84.0
1777889400.0033324,-1.0,-8.0,-87.0
1777889400.0133324,0.0,-5.0,-77.0
1777889400.0233324,-4.0,-8.0,-82.0
1777889400.0333323,-3.0,-7.0,-85.0
1777889400.0433323,-4.0,-3.0,-82.0
1777889400.0533323,-3.0,-5.0,-78.0
1777889400.0633323,-4.0,-3.0,-72.0
1777889400.0733323,-1.0,-4.0,-76.0
1777889400.0833323,3.0,-3.0,-77.0
1777889400.0933323,3.0,0.0,-77.0
1777889400.1033323,5.0,0.0,-79.0
1777889400.1133325,8.0,0.0,-77.0
1777889400.1233325,2.0,3.0,-77.0
1777889400.1333325,4.0,3.0,-77.0
1777889400.1433325,6.0,5.0,-78.0
1777889400.1533325,5.0,3.0,-82.0
1777889400.1633325,0.0,3.0,-87.0
1777889400.1733325,5.0,-2.0,-87.0
1777889400.1833324,0.0,0.0,-91.0
1777889400.1933324,-4.0,4.0,-87.0
1777889400.2033324,-6.0,5.0,-84.0
1777889400.2133324,-5.0,1.0,-85.0
1777889400.2233324,-4.0,0.0,-79.0
1777889400.2333324,-2.0,-1.0,-76.0
1777889400.2433324,3.0,0.0,-76.0
1777889400.2533324,5.0,1.0,-80.0
1777889400.2633324,6.0,0.0,-78.0
1777889400.2733324,5.0,0.0,-78.0
1777889400.2833323,6.0,0.0,-73.0
1777889400.2933323,5.0,-2.0,-73.0
1777889400.3033323,5.0,3.0,-72.0
1777889400.3133323,3.0,7.0,-79.0
1777889400.3233323,1.0,7.0,-74.0
1777889400.3333323,-2.0,1.0,-76.0
1777889400.3433323,-2.0,-1.0,-78.0
1777889400.3533323,0.0,1.0,-83.0
1777889400.3633325,2.0,0.0,-83.0
1777889400.3733325,1.0,0.0,-85.0
1777889400.3833325,4.0,-1.0,-85.0
1777889400.3933325,6.0,-7.0,-80.0
1777889400.4033325,4.0,-5.0,-74.0
1777889400.4133325,2.0,-5.0,-72.0
1777889400.4233325,-2.0,-7.0,-71.0
1777889400.4333324,-1.0,-4.0,-79.0
1777889400.4433324,1.0,-2.0,-83.0
1777889400.4533324,0.0,-4.0,-80.0
1777889400.4633324,0.0,-6.0,-81.0
1777889400.4733324,3.0,-7.0,-81.0
1777889400.4833324,0.0,-4.0,-81.0
1777889400.4933324,1.0,-6.0,-82.0
1777889400.5033324,1.0,-6.0,-80.0
1777889400.5133324,3.0,-5.0,-82.0
1777889400.5233324,1.0,-4.0,-77.0
1777889400.5333323,3.0,-4.0,-76.0
1777889400.5433323,7.0,-5.0,-74.0
1777889400.5533323,0.0,-4.0,-72.0
1777889400.5633323,1.0,-1.0,-73.0
1777889400.5733323,3.0,-5.0,-78.0
1777889400.5833323,2.0,-6.0,-80.0
1777889400.5933323,4.0,-7.0,-82.0
1777889400.6033323,5.0,-5.0,-81.0
1777889400.6133325,7.0,-1.0,-84.0
1777889400.6233325,5.0,-1.0,-84.0
1777889400.6333325,3.0,-1.0,-78.0
1777889400.6433325,5.0,-2.0,-75.0
1777889400.6533325,7.0,-2.0,-64.0
1777889400.6633325,8.0,-5.0,-66.0
1777889400.6733325,5.0,-7.0,-64.0
1777889400.6833324,5.0,-7.0,-70.0
1777889400.6933324,2.0,-4.0,-69.0
1777889400.7033324,1.0,-2.0,-78.0
1777889400.7133324,3.0,0.0,-73.0
1777889400.7233324,5.0,1.0,-69.0
1777889400.7333324,0.0,-1.0,-67.0
1777889400.7433324,1.0,-4.0,-62.0
1777889400.7533324,3.0,-3.0,-62.0
1777889400.7633324,4.0,1.0,-63.0
1777889400.7733324,5.0,0.0,-71.0
1777889400.7833323,0.0,-2.0,-72.0
1777889400.7933323,1.0,-5.0,-75.0
1777889400.8033323,0.0,-5.0,-82.0
1777889400.8133323,1.0,-10.0,-85.0
1777889400.8233323,2.0,-7.0,-83.0
1777889400.8333323,6.0,-7.0,-79.0
1777889400.8433323,5.0,-7.0,-78.0
1777889400.8533323,2.0,-7.0,-75.0
1777889400.8633325,4.0,-4.0,-74.0
1777889400.8733325,-1.0,0.0,-70.0
1777889400.8833325,-1.0,-1.0,-75.0
1777889400.8933325,0.0,-1.0,-79.0
1777889400.9033325,0.0,2.0,-75.0
1777889400.9133325,-2.0,-1.0,-81.0
1777889400.9233325,-3.0,-2.0,-77.0
1777889400.9333324,-3.0,-2.0,-73.0
1777889400.9433324,-4.0,-3.0,-73.0
1777889400.9533324,1.0,-2.0,-73.0
1777889400.9633324,1.0,-2.0,-69.0
1777889400.9733324,0.0,0.0,-70.0
1777889400.9833324,-1.0,1.0,-69.0
1777889400.9933324,-2.0,3.0,-75.0
1777889401.0033324,-7.0,2.0,-75.0
1777889401.0133324,-6.0,2.0,-74.0
1777889401.0233324,-5.0,2.0,-73.0
1777889401.0333323,-9.0,3.0,-66.0
1777889401.0433323,-9.0,1.0,-69.0
1777889401.0533323,-8.0,-4.0,-72.0
1777889401.0633323,-8.0,-4.0,-75.0
1777889401.0733323,-8.0,-3.0,-81.0
1777889401.0833323,-7.0,-1.0,-76.0
1777889401.0933323,-5.0,-2.0,-75.0
1777889401.1033323,-7.0,-2.0,-78.0
1777889401.1133325,-5.0,-1.0,-82.0
1777889401.1233325,-4.0,-1.0,-85.0
1777889401.1333325,-3.0,0.0,-81.0
1777889401.1433325,-2.0,-3.0,-85.0
1777889401.1533325,0.0,-3.0,-74.0
1777889401.1633325,0.0,-3.0,-78.0
1777889401.1733325,-1.0,-3.0,-80.0
1777889401.1833324,-2.0,-3.0,-77.0
1777889401.1933324,-3.0,-3.0,-80.0
1777889401.2033324,-4.0,-1.0,-70.0
1777889401.2133324,2.0,0.0,-73.0
1777889401.2233324,7.0,-1.0,-74.0
1777889401.2333324,2.0,-3.0,-71.0
1777889401.2433324,1.0,-1.0,-73.0
1777889401.2533324,2.0,-1.0,-78.0
1777889401.2633324,0.0,1.0,-71.0
1777889401.2733324,-1.0,4.0,-68.0
1777889401.2833323,0.0,2.0,-69.0
1777889401.2933323,-5.0,1.0,-75.0
1777889401.3033323,-2.0,-3.0,-83.0
1777889401.3133323,-2.0,-4.0,-82.0
1777889401.3233323,-1.0,-1.0,-80.0
1777889401.3333323,2.0,0.0,-81.0
1777889401.3433323,4.0,-3.0,-82.0
1777889401.3533323,3.0,-1.0,-86.0
1777889401.3633325,3.0,1.0,-86.0
1777889401.3733325,2.0,2.0,-87.0
1777889401.3833325,1.0,-3.0,-88.0
1777889401.3933325,5.0,-4.0,-84.0
1777889401.4033325,7.0,-2.0,-80.0
1777889401.4133325,5.0,-4.0,-83.0
1777889401.4233325,6.0,0.0,-79.0
1777889401.4333324,3.0,2.0,-78.0
1777889401.4433324,6.0,0.0,-78.0
1777889401.4533324,0.0,1.0,-72.0
1777889401.4643323,0.0,3.0,-71.0
1777889401.4743323,1.0,1.0,-72.0
1777889401.4843323,-2.0,7.0,-77.0
1777889401.4943323,-4.0,4.0,-68.0
1777889401.5033324,-3.0,1.0,-65.0
1777889401.5143323,-5.0,1.0,-67.0
1777889401.5243323,-3.0,-2.0,-71.0
1777889401.5343325,-4.0,-3.0,-77.0
1777889401.5443325,-7.0,-7.0,-75.0
1777889401.5543325,-4.0,-9.0,-78.0
1777889401.5643325,-2.0,-7.0,-84.0
1777889401.5743325,2.0,-5.0,-84.0
1777889401.5843325,2.0,-7.0,-89.0
1777889401.5943325,1.0,-1.0,-88.0
1777889401.6043324,0.0,-1.0,-84.0
1777889401.6143324,0.0,-5.0,-91.0
1777889401.6243324,0.0,-3.0,-91.0
1777889401.6343324,-6.0,-4.0,-85.0
1777889401.6443324,-7.0,-5.0,-87.0
1777889401.6543324,-6.0,-2.0,-87.0
1777889401.6643324,-6.0,0.0,-87.0
1777889401.6743324,-7.0,-1.0,-83.0
1777889401.6843324,0.0,0.0,-82.0
1777889401.6943324,0.0,-1.0,-75.0
1777889401.7043324,-2.0,0.0,-73.0
1777889401.7143323,3.0,1.0,-81.0
1777889401.7243323,10.0,0.0,-84.0
1777889401.7343323,10.0,0.0,-83.0
1777889401.7443323,8.0,-1.0,-85.0
1777889401.7543323,2.0,-1.0,-87.0
1777889401.7643323,0.0,-3.0,-84.0
1777889401.7743323,0.0,-4.0,-74.0
1777889401.7843325,-6.0,-3.0,-78.0
1777889401.7943325,-10.0,0.0,-79.0
1777889401.8043325,-8.0,-2.0,-77.0
1777889401.8143325,-3.0,0.0,-74.0
1777889401.8243325,2.0,0.0,-76.0
1777889401.8343325,5.0,0.0,-80.0
1777889401.8443325,5.0,-5.0,-83.0
1777889401.8543324,3.0,-6.0,-83.0
1777889401.8643324,2.0,-7.0,-77.0
1777889401.8743324,0.0,-5.0,-79.0
1777889401.8843324,4.0,-6.0,-84.0
1777889401.8943324,7.0,-8.0,-79.0
1777889401.9043324,5.0,-6.0,-78.0
1777889401.9143324,2.0,-8.0,-82.0
1777889401.9243324,0.0,-7.0,-86.0
1777889401.9343324,0.0,-3.0,-82.0
1777889401.9443324,0.0,-5.0,-79.0
1777889401.9543324,1.0,-6.0,-79.0
1777889401.9643323,-3.0,-5.0,-77.0
1777889401.9743323,-5.0,-6.0,-74.0
1777889401.9843323,-3.0,-4.0,-74.0
1777889401.9943323,-4.0,0.0,-75.0
1777889402.0043323,-4.0,-1.0,-73.0
1777889402.0143323,-1.0,-1.0,-69.0
1777889402.0243323,-1.0,3.0,-71.0
1777889402.0343325,-2.0,1.0,-72.0
1777889402.0443325,-5.0,3.0,-72.0
1777889402.0543325,0.0,3.0,-70.0
1777889402.0643325,-1.0,8.0,-76.0
1777889402.0743325,-1.0,15.0,-76.0
1777889402.0843325,-3.0,8.0,-77.0
1777889402.0943325,-9.0,5.0,-82.0
1777889402.1043324,-7.0,3.0,-78.0
1777889402.1143324,-5.0,3.0,-75.0
1777889402.1243324,-1.0,5.0,-79.0
1777889402.1343324,-2.0,4.0,-77.0
1777889402.1443324,0.0,0.0,-74.0
1777889402.1543324,3.0,0.0,-76.0
1777889402.1643324,0.0,4.0,-80.0
1777889402.1743324,0.0,2.0,-81.0
1777889402.1843324,0.0,0.0,-83.0
1777889402.1943324,-1.0,-1.0,-87.0
1777889402.2043324,-1.0,-3.0,-88.0
1777889402.2143323,1.0,-3.0,-82.0
1777889402.2243323,0.0,-2.0,-81.0
1777889402.2343323,1.0,-6.0,-81.0
1777889402.2443323,3.0,-2.0,-74.0
1777889402.2543323,7.0,1.0,-73.0
1777889402.2643323,8.0,-2.0,-72.0
1777889402.2743323,8.0,-6.0,-75.0
1777889402.2843325,7.0,-7.0,-78.0
1777889402.2943325,3.0,-7.0,-77.0
1777889402.3043325,0.0,-6.0,-75.0
1777889402.3143325,-2.0,-3.0,-79.0
1777889402.3243325,0.0,-8.0,-80.0
1777889402.3343325,0.0,-2.0,-85.0
1777889402.3443325,6.0,-1.0,-88.0
1777889402.3543324,9.0,0.0,-89.0
1777889402.3643324,7.0,4.0,-91.0
1777889402.3743324,5.0,-1.0,-88.0
1777889402.3843324,4.0,3.0,-84.0
1777889402.3943324,-1.0,4.0,-84.0
1777889402.4043324,0.0,6.0,-81.0
1777889402.4143324,-1.0,4.0,-84.0
1777889402.4243324,0.0,-3.0,-82.0
1777889402.4343324,0.0,-5.0,-83.0
1777889402.4443324,-2.0,-4.0,-82.0
1777889402.4543324,-6.0,1.0,-87.0
1777889402.4643323,-6.0,0.0,-89.0
1777889402.4743323,-7.0,-3.0,-84.0
1777889402.4843323,-7.0,0.0,-88.0
1777889402.4943323,-9.0,1.0,-84.0
1777889402.5043323,-6.0,0.0,-83.0
1777889402.5143323,-4.0,2.0,-77.0
1777889402.5243323,-6.0,5.0,-76.0
1777889402.5343325,-1.0,1.0,-74.0
1777889402.5443325,1.0,1.0,-75.0
1777889402.5543325,1.0,4.0,-79.0
1777889402.5643325,3.0,3.0,-76.0
1777889402.5743325,4.0,0.0,-82.0
1777889402.5843325,1.0,2.0,-76.0
1777889402.5943325,6.0,1.0,-78.0
1777889402.6043324,10.0,0.0,-72.0
1777889402.6143324,4.0,-2.0,-74.0
1777889402.6243324,0.0,0.0,-81.0
1777889402.6343324,-1.0,0.0,-79.0
1777889402.6443324,-2.0,3.0,-78.0
1777889402.6543324,-5.0,0.0,-79.0
1777889402.6643324,-5.0,1.0,-74.0
1777889402.6743324,-5.0,3.0,-67.0
1777889402.6843324,-5.0,0.0,-57.0
1777889402.6943324,-4.0,1.0,-51.0
1777889402.7043324,-4.0,3.0,-53.0
1777889402.7143323,-2.0,6.0,-60.0
1777889402.7243323,-3.0,5.0,-66.0
1777889402.7343323,-3.0,3.0,-71.0
1777889402.7443323,0.0,0.0,-69.0
1777889402.7543323,-3.0,0.0,-69.0
1777889402.7643323,0.0,0.0,-78.0
1777889402.7743323,2.0,-1.0,-75.0
1777889402.7843325,3.0,0.0,-78.0
1777889402.7943325,0.0,0.0,-77.0
1777889402.8043325,0.0,1.0,-73.0
1777889402.8143325,-1.0,-2.0,-68.0
1777889402.8243325,0.0,-3.0,-61.0
1777889402.8343325,0.0,-2.0,-58.0
1777889402.8443325,1.0,-3.0,-60.0
1777889402.8543324,0.0,-6.0,-64.0
1777889402.8643324,0.0,-5.0,-64.0
1777889402.8743324,2.0,-2.0,-74.0
1777889402.8843324,3.0,-1.0,-73.0
1777889402.8943324,-2.0,1.0,-71.0
1777889402.9043324,0.0,0.0,-67.0
1777889402.9143324,-6.0,2.0,-72.0
1777889402.9243324,-5.0,-2.0,-68.0
1777889402.9343324,-6.0,-3.0,-65.0
1777889402.9443324,-8.0,-2.0,-64.0
1777889402.9543324,-11.0,2.0,-68.0
1777889402.9643323,-12.0,0.0,-77.0
1777889402.9743323,-4.0,-1.0,-81.0
1777889402.9843323,-2.0,-3.0,-84.0
1777889402.9943323,-3.0,-2.0,-81.0
1777889403.0043323,-2.0,-1.0,-77.0
1777889403.0143323,0.0,1.0,-76.0
1777889403.0243323,-2.0,2.0,-80.0
1777889403.0343325,-5.0,1.0,-86.0
1777889403.0443325,-1.0,1.0,-87.0
1777889403.0543325,1.0,0.0,-86.0
1777889403.0643325,3.0,-2.0,-81.0
1777889403.0743325,2.0,3.0,-81.0
1777889403.0843325,3.0,4.0,-73.0
1777889403.0943325,11.0,3.0,-77.0
1777889403.1043324,8.0,6.0,-79.0
1777889403.1143324,8.0,3.0,-72.0
1777889403.1243324,5.0,3.0,-75.0
1777889403.1343324,6.0,3.0,-70.0
1777889403.1443324,2.0,3.0,-75.0
1777889403.1543324,1.0,6.0,-77.0
1777889403.1643324,0.0,3.0,-81.0
1777889403.1743324,-1.0,5.0,-74.0
1777889403.1843324,-1.0,7.0,-68.0
1777889403.1943324,-2.0,7.0,-75.0
1777889403.2043324,-4.0,8.0,-78.0
1777889403.2143323,-1.0,8.0,-79.0
1777889403.2243323,0.0,3.0,-74.0
1777889403.2343323,1.0,0.0,-69.0
1777889403.2443323,2.0,-1.0,-66.0
1777889403.2543323,0.0,0.0,-65.0
1777889403.2643323,3.0,-1.0,-66.0
1777889403.2743323,5.0,-1.0,-68.0
1777889403.2843325,4.0,-4.0,-74.0
1777889403.2943325,5.0,-6.0,-73.0
1777889403.3043325,6.0,-3.0,-76.0
1777889403.3143325,6.0,-2.0,-77.0
1777889403.3243325,2.0,-7.0,-85.0
1777889403.3343325,1.0,-8.0,-80.0
1777889403.3443325,-1.0,-6.0,-82.0
1777889403.3543324,0.0,-6.0,-88.0
1777889403.3643324,-7.0,-4.0,-83.0
1777889403.3743324,-4.0,-2.0,-86.0
1777889403.3843324,-2.0,-4.0,-80.0
1777889403.3943324,0.0,-3.0,-79.0
1777889403.4043324,-5.0,-6.0,-83.0
1777889403.4143324,-9.0,-6.0,-84.0
1777889403.4243324,-8.0,-1.0,-87.0
1777889403.4343324,-7.0,2.0,-85.0
1777889403.4443324,-8.0,0.0,-89.0
1777889403.4543324,-7.0,2.0,-89.0
1777889403.4653325,-8.0,7.0,-94.0
1777889403.4753325,-8.0,6.0,-88.0
1777889403.4853325,-8.0,2.0,-83.0
1777889403.4953325,-7.0,2.0,-72.0
1777889403.5053325,-5.0,2.0,-72.0
1777889403.5153325,-2.0,-1.0,-65.0
1777889403.5253325,-6.0,1.0,-65.0
1777889403.5353324,-8.0,0.0,-62.0
1777889403.5453324,-1.0,-4.0,-61.0
1777889403.5553324,-1.0,-3.0,-63.0
1777889403.5653324,0.0,-1.0,-66.0
1777889403.5753324,-1.0,1.0,-60.0
1777889403.5853324,0.0,1.0,-56.0
1777889403.5953324,2.0,1.0,-64.0
1777889403.6053324,1.0,0.0,-70.0
1777889403.6153324,-1.0,3.0,-76.0
1777889403.6253324,0.0,5.0,-77.0
1777889403.6353323,2.0,-1.0,-72.0
1777889403.6453323,2.0,-2.0,-73.0
1777889403.6553323,4.0,-5.0,-80.0
1777889403.6653323,5.0,-6.0,-78.0
1777889403.6753323,3.0,-6.0,-77.0
1777889403.6853323,0.0,-4.0,-72.0
1777889403.6953323,-1.0,1.0,-80.0
1777889403.7053325,0.0,0.0,-82.0
1777889403.7153325,0.0,4.0,-71.0
1777889403.7253325,-3.0,3.0,-65.0
1777889403.7353325,-1.0,0.0,-68.0
1777889403.7453325,-1.0,0.0,-69.0
1777889403.7553325,0.0,1.0,-70.0
1777889403.7653325,4.0,4.0,-69.0
1777889403.7753325,6.0,2.0,-72.0
1777889403.7853324,6.0,4.0,-77.0
1777889403.7953324,4.0,1.0,-75.0
1777889403.8053324,4.0,0.0,-74.0
1777889403.8153324,3.0,0.0,-77.0
1777889403.8253324,5.0,2.0,-82.0
1777889403.8353324,4.0,2.0,-83.0
1777889403.8453324,6.0,1.0,-83.0
1777889403.8553324,4.0,0.0,-78.0
1777889403.8653324,6.0,-3.0,-78.0
1777889403.8753324,7.0,-3.0,-71.0
1777889403.8853323,8.0,-2.0,-69.0
1777889403.8953323,5.0,-4.0,-72.0
1777889403.9053323,4.0,-7.0,-83.0
1777889403.9153323,8.0,-7.0,-81.0
1777889403.9253323,7.0,-4.0,-82.0
1777889403.9353323,3.0,-5.0,-81.0
1777889403.9453323,4.0,-4.0,-78.0
1777889403.9553325,3.0,-1.0,-81.0
1777889403.9653325,0.0,-3.0,-82.0
1777889403.9753325,2.0,-2.0,-78.0
1777889403.9853325,0.0,3.0,-83.0
1777889403.9953325,-3.0,9.0,-82.0
1777889404.0053325,-2.0,7.0,-82.0
1777889404.0153325,-3.0,3.0,-79.0
1777889404.0253325,0.0,0.0,-86.0
1777889404.0353324,3.0,-2.0,-84.0
1777889404.0453324,1.0,-2.0,-82.0
1777889404.0553324,-2.0,-3.0,-74.0
1777889404.0653324,-5.0,-3.0,-72.0
1777889404.0753324,0.0,-1.0,-72.0
1777889404.0853324,-2.0,-4.0,-77.0
1777889404.0953324,-5.0,-3.0,-82.0
1777889404.1053324,-2.0,-2.0,-80.0
1777889404.1153324,0.0,0.0,-76.0
1777889404.1253324,3.0,3.0,-76.0
1777889404.1353323,2.0,2.0,-76.0
1777889404.1453323,8.0,-1.0,-71.0
1777889404.1553323,8.0,0.0,-77.0
1777889404.1653323,10.0,-2.0,-76.0
1777889404.1753323,8.0,0.0,-82.0
1777889404.1853323,3.0,-1.0,-82.0
1777889404.1953323,2.0,-2.0,-84.0
1777889404.2053325,0.0,-5.0,-88.0
1777889404.2153325,0.0,-1.0,-84.0
1777889404.2253325,-1.0,-3.0,-83.0
1777889404.2353325,0.0,0.0,-77.0
1777889404.2453325,1.0,0.0,-75.0
1777889404.2553325,0.0,1.0,-80.0
1777889404.2653325,5.0,2.0,-80.0
1777889404.2753325,3.0,3.0,-81.0
1777889404.2853324,5.0,3.0,-79.0
1777889404.2953324,6.0,1.0,-79.0
1777889404.3053324,4.0,0.0,-88.0
1777889404.3153324,5.0,0.0,-85.0
1777889404.3253324,7.0,0.0,-74.0
1777889404.3353324,3.0,1.0,-77.0
1777889404.3453324,2.0,6.0,-83.0
1777889404.3553324,6.0,11.0,-87.0
1777889404.3653324,8.0,9.0,-81.0
1777889404.3753324,7.0,4.0,-85.0
1777889404.3853323,4.0,3.0,-84.0
1777889404.3953323,0.0,1.0,-81.0
1777889404.4053323,0.0,2.0,-83.0
1777889404.4153323,3.0,3.0,-80.0
1777889404.4253323,3.0,2.0,-79.0
1777889404.4353323,-1.0,5.0,-81.0
1777889404.4453323,0.0,0.0,-85.0
1777889404.4553325,1.0,-3.0,-79.0
1777889404.4653325,1.0,-3.0,-77.0
1777889404.4753325,1.0,-1.0,-80.0
1777889404.4853325,0.0,1.0,-75.0
1777889404.4953325,0.0,1.0,-73.0
1777889404.5053325,-2.0,-1.0,-69.0
1777889404.5153325,-6.0,0.0,-72.0
1777889404.5253325,-3.0,-4.0,-77.0
1777889404.5353324,-1.0,-4.0,-82.0
1777889404.5453324,0.0,-8.0,-84.0
1777889404.5553324,4.0,-6.0,-81.0
1777889404.5653324,1.0,-5.0,-79.0
1777889404.5753324,-1.0,-3.0,-81.0
1777889404.5853324,-2.0,-4.0,-80.0
1777889404.5953324,-3.0,-4.0,-77.0
1777889404.6053324,-4.0,-4.0,-77.0
1777889404.6153324,-1.0,0.0,-79.0
1777889404.6253324,-1.0,-5.0,-73.0
1777889404.6353323,-2.0,-3.0,-71.0
1777889404.6453323,-2.0,-4.0,-69.0
1777889404.6553323,-3.0,-2.0,-67.0
1777889404.6653323,-3.0,-1.0,-71.0
1777889404.6753323,3.0,0.0,-76.0
1777889404.6853323,1.0,-1.0,-71.0
1777889404.6953323,-2.0,1.0,-73.0
1777889404.7053325,-1.0,5.0,-76.0
1777889404.7153325,1.0,1.0,-80.0
1777889404.7253325,4.0,0.0,-77.0
1777889404.7353325,4.0,0.0,-73.0
1777889404.7453325,1.0,5.0,-71.0
1777889404.7553325,0.0,3.0,-74.0
1777889404.7653325,0.0,-2.0,-80.0
1777889404.7753325,4.0,-2.0,-72.0
1777889404.7853324,3.0,-2.0,-79.0
1777889404.7953324,2.0,-2.0,-74.0
1777889404.8053324,3.0,-4.0,-69.0
1777889404.8153324,2.0,-1.0,-71.0
1777889404.8253324,-2.0,0.0,-76.0
1777889404.8353324,1.0,0.0,-77.0
1777889404.8453324,5.0,0.0,-80.0
1777889404.8553324,5.0,-2.0,-81.0
1777889404.8653324,3.0,-1.0,-81.0
1777889404.8753324,3.0,0.0,-86.0
1777889404.8853323,6.0,-4.0,-79.0
1777889404.8953323,5.0,-3.0,-73.0
1777889404.9053323,6.0,0.0,-79.0
1777889404.9153323,6.0,0.0,-78.0
1777889404.9253323,1.0,3.0,-72.0
1777889404.9353323,1.0,1.0,-73.0
1777889404.9453323,3.0,3.0,-73.0
1777889404.9553325,5.0,-2.0,-65.0
1777889404.9653325,6.0,-1.0,-64.0
1777889404.9753325,11.0,0.0,-69.0
1777889404.9853325,11.0,0.0,-73.0
1777889404.9953325,15.0,-1.0,-67.0
1777889405.0053325,7.0,-5.0,-61.0
1777889405.0153325,2.0,-8.0,-67.0
1777889405.0253325,6.0,-7.0,-71.0
1777889405.0353324,7.0,-8.0,-70.0
1777889405.0453324,3.0,-7.0,-69.0
1777889405.0553324,-4.0,-5.0,-70.0
1777889405.0653324,-2.0,-9.0,-79.0
1777889405.0753324,-2.0,-6.0,-83.0
1777889405.0853324,-3.0,-9.0,-77.0
1777889405.0953324,0.0,-8.0,-74.0
1777889405.1053324,2.0,-9.0,-76.0
1777889405.1153324,1.0,-7.0,-75.0
1777889405.1253324,1.0,0.0,-81.0
1777889405.1353323,2.0,3.0,-84.0
1777889405.1453323,8.0,4.0,-78.0
1777889405.1553323,6.0,5.0,-74.0
1777889405.1653323,7.0,2.0,-79.0
1777889405.1753323,3.0,5.0,-80.0
1777889405.1853323,-1.0,3.0,-80.0
1777889405.1953323,-3.0,5.0,-79.0
1777889405.2053325,-4.0,5.0,-83.0
1777889405.2153325,-4.0,6.0,-78.0
1777889405.2253325,-5.0,0.0,-74.0
1777889405.2353325,-3.0,1.0,-75.0
1777889405.2453325,-4.0,-2.0,-69.0
1777889405.2553325,1.0,-2.0,-73.0
1777889405.2653325,0.0,-2.0,-76.0
1777889405.2753325,0.0,3.0,-71.0
1777889405.2853324,3.0,2.0,-74.0
1777889405.2953324,6.0,1.0,-75.0
1777889405.3053324,9.0,0.0,-76.0
1777889405.3153324,4.0,0.0,-77.0
1777889405.3253324,7.0,-1.0,-78.0
1777889405.3353324,9.0,0.0,-80.0
1777889405.3453324,9.0,-3.0,-78.0
1777889405.3553324,7.0,-6.0,-80.0
1777889405.3653324,6.0,-4.0,-82.0
1777889405.3753324,7.0,-6.0,-87.0
1777889405.3853323,5.0,-3.0,-91.0
1777889405.3953323,1.0,-4.0,-85.0
1777889405.4053323,0.0,0.0,-84.0
1777889405.4153323,-3.0,2.0,-80.0
1777889405.4263325,-2.0,0.0,-71.0
1777889405.4363325,-2.0,1.0,-72.0
1777889405.4463325,-2.0,1.0,-72.0
1777889405.4563324,0.0,-1.0,-76.0
1777889405.4663324,-1.0,-2.0,-84.0
1777889405.4763324,-4.0,-6.0,-80.0
1777889405.4863324,-1.0,-2.0,-80.0
1777889405.4963324,-3.0,-5.0,-77.0
1777889405.5063324,-1.0,-6.0,-81.0
1777889405.5163324,-3.0,-8.0,-86.0
1777889405.5263324,0.0,-4.0,-84.0
1777889405.5363324,0.0,-1.0,-79.0
1777889405.5463324,-1.0,-4.0,-78.0
1777889405.5563323,-3.0,-6.0,-76.0
1777889405.5663323,0.0,-2.0,-77.0
1777889405.5763323,0.0,-2.0,-78.0
1777889405.5863323,0.0,0.0,-72.0
1777889405.5963323,-2.0,2.0,-69.0
1777889405.6063323,0.0,0.0,-75.0
1777889405.6163323,5.0,-1.0,-73.0
1777889405.6263323,4.0,-2.0,-74.0
1777889405.6363325,3.0,-3.0,-75.0
1777889405.6473324,7.0,-3.0,-77.0
1777889405.6563325,3.0,-5.0,-74.0
1777889405.6663325,-1.0,-1.0,-78.0
1777889405.6763325,-1.0,0.0,-83.0
1777889405.6863325,3.0,4.0,-86.0
1777889405.6963325,2.0,4.0,-90.0
1777889405.7063324,-1.0,3.0,-88.0
1777889405.7163324,-3.0,0.0,-90.0
1777889405.7263324,-1.0,2.0,-88.0
1777889405.7363324,-1.0,6.0,-93.0
1777889405.7463324,-3.0,6.0,-98.0
1777889405.7563324,-1.0,5.0,-94.0
1777889405.7663324,-3.0,4.0,-90.0
1777889405.7763324,-3.0,0.0,-79.0
1777889405.7863324,-3.0,0.0,-70.0
1777889405.7963324,-3.0,-2.0,-71.0
1777889405.8063323,-4.0,-3.0,-71.0
1777889405.8163323,-4.0,-3.0,-73.0
1777889405.8263323,-2.0,-2.0,-77.0
1777889405.8363323,0.0,0.0,-76.0
1777889405.8463323,-1.0,-4.0,-83.0
1777889405.8563323,-1.0,0.0,-80.0
1777889405.8663323,0.0,-3.0,-79.0
1777889405.8763323,2.0,-1.0,-82.0
1777889405.8863325,3.0,1.0,-82.0
1777889405.8963325,5.0,0.0,-77.0
1777889405.9063325,2.0,1.0,-75.0
1777889405.9163325,-1.0,3.0,-71.0
1777889405.9263325,-4.0,1.0,-64.0
1777889405.9363325,-7.0,2.0,-67.0
1777889405.9463325,-2.0,1.0,-73.0
1777889405.9563324,-4.0,2.0,-83.0
1777889405.9663324,1.0,1.0,-89.0
1777889405.9763324,2.0,1.0,-90.0
1777889405.9863324,1.0,-2.0,-93.0
1777889405.9963324,0.0,-1.0,-88.0
1777889406.0063324,-4.0,-3.0,-88.0
1777889406.0163324,-6.0,0.0,-80.0
1777889406.0263324,-4.0,2.0,-83.0
1777889406.0363324,0.0,1.0,-85.0
1777889406.0463324,2.0,3.0,-90.0
1777889406.0563323,3.0,1.0,-86.0
1777889406.0663323,-1.0,-1.0,-88.0
1777889406.0763323,4.0,-1.0,-88.0
1777889406.0863323,3.0,-3.0,-81.0
1777889406.0963323,5.0,-6.0,-83.0
1777889406.1063323,7.0,-5.0,-84.0
1777889406.1163323,6.0,-4.0,-82.0
1777889406.1263323,7.0,0.0,-78.0
1777889406.1363325,10.0,0.0,-74.0
1777889406.1463325,9.0,2.0,-70.0
1777889406.1563325,7.0,-1.0,-76.0
1777889406.1663325,3.0,-4.0,-77.0
1777889406.1763325,0.0,-8.0,-80.0
1777889406.1863325,-2.0,-3.0,-80.0
1777889406.1963325,-2.0,-1.0,-81.0
1777889406.2063324,-2.0,-2.0,-75.0
1777889406.2163324,0.0,-1.0,-80.0
1777889406.2263324,0.0,-4.0,-82.0
1777889406.2363324,0.0,-9.0,-80.0
1777889406.2463324,-1.0,-9.0,-85.0
1777889406.2563324,-5.0,-8.0,-83.0
1777889406.2663324,-5.0,-9.0,-80.0
1777889406.2763324,-6.0,-7.0,-79.0
1777889406.2863324,-2.0,-6.0,-75.0
1777889406.2963324,0.0,-4.0,-77.0
1777889406.3063323,1.0,-1.0,-78.0
1777889406.3163323,3.0,0.0,-79.0
1777889406.3263323,2.0,-1.0,-81.0
1777889406.3363323,7.0,-1.0,-80.0
1777889406.3463323,4.0,0.0,-81.0
1777889406.3563323,7.0,1.0,-83.0
1777889406.3663323,11.0,1.0,-81.0
1777889406.3763323,11.0,3.0,-79.0
1777889406.3863325,6.0,2.0,-79.0
1777889406.3963325,7.0,4.0,-75.0
1777889406.4063325,6.0,4.0,-79.0
1777889406.4163325,1.0,6.0,-75.0
1777889406.4263325,-1.0,3.0,-71.0
1777889406.4363325,-1.0,1.0,-65.0
1777889406.4463325,0.0,-2.0,-65.0
1777889406.4563324,-3.0,0.0,-72.0
1777889406.4663324,-6.0,-1.0,-72.0
1777889406.4763324,-4.0,0.0,-79.0
1777889406.4863324,2.0,5.0,-85.0
1777889406.4963324,1.0,3.0,-89.0
1777889406.5063324,2.0,2.0,-86.0
1777889406.5163324,0.0,3.0,-84.0
1777889406.5263324,0.0,4.0,-80.0
1777889406.5363324,0.0,7.0,-85.0
1777889406.5463324,-1.0,3.0,-76.0
1777889406.5563323,-4.0,2.0,-77.0
1777889406.5663323,2.0,3.0,-74.0
1777889406.5763323,6.0,2.0,-71.0
1777889406.5863323,6.0,0.0,-69.0
1777889406.5963323,5.0,1.0,-72.0
1777889406.6063323,5.0,0.0,-73.0
1777889406.6163323,8.0,0.0,-74.0
1777889406.6263323,8.0,1.0,-79.0
1777889406.6363325,3.0,1.0,-80.0
1777889406.6463325,0.0,0.0,-84.0
1777889406.6563325,0.0,0.0,-78.0
1777889406.6663325,-4.0,2.0,-74.0
1777889406.6763325,-4.0,2.0,-72.0
1777889406.6863325,-1.0,0.0,-73.0
1777889406.6963325,-1.0,-1.0,-76.0
1777889406.7063324,-1.0,0.0,-82.0
1777889406.7163324,0.0,-3.0,-82.0
1777889406.7263324,0.0,-3.0,-81.0
1777889406.7363324,-3.0,-1.0,-82.0
1777889406.7463324,0.0,-4.0,-86.0
1777889406.7563324,1.0,-5.0,-80.0
1777889406.7663324,0.0,-6.0,-81.0
1777889406.7763324,-1.0,-6.0,-83.0
1777889406.7863324,0.0,-1.0,-82.0
1777889406.7963324,3.0,-4.0,-80.0
1777889406.8063323,2.0,0.0,-81.0
1777889406.8163323,2.0,-2.0,-76.0
1777889406.8263323,2.0,-1.0,-74.0
1777889406.8363323,0.0,-2.0,-76.0
1777889406.8463323,-2.0,-1.0,-74.0
1777889406.8563323,-4.0,-3.0,-83.0
1777889406.8663323,-7.0,-3.0,-81.0
1777889406.8763323,-5.0,-5.0,-73.0
1777889406.8863325,-7.0,-8.0,-76.0
1777889406.8963325,-5.0,-9.0,-78.0
1777889406.9063325,-10.0,-7.0,-81.0
1777889406.9163325,-4.0,-6.0,-79.0
1777889406.9263325,-2.0,-2.0,-79.0
1777889406.9363325,-1.0,0.0,-79.0
1777889406.9463325,-1.0,-1.0,-82.0
1777889406.9563324,0.0,1.0,-80.0
1777889406.9663324,0.0,0.0,-87.0
1777889406.9763324,-1.0,0.0,-90.0
1777889406.9863324,0.0,-4.0,-88.0
1777889406.9963324,3.0,-5.0,-85.0
1777889407.0063324,6.0,-5.0,-81.0
1777889407.0163324,7.0,-2.0,-80.0
1777889407.0263324,4.0,-1.0,-83.0
1777889407.0363324,0.0,0.0,-78.0
1777889407.0463324,4.0,0.0,-73.0
1777889407.0563323,3.0,0.0,-69.0
1777889407.0663323,4.0,-1.0,-73.0
1777889407.0763323,4.0,0.0,-79.0
1777889407.0863323,6.0,2.0,-77.0
1777889407.0963323,6.0,3.0,-76.0
1777889407.1063323,4.0,0.0,-74.0
1777889407.1163323,8.0,1.0,-73.0
1777889407.1263323,8.0,-1.0,-72.0
1777889407.1363325,11.0,-2.0,-68.0
1777889407.1463325,10.0,0.0,-66.0
1777889407.1563325,9.0,1.0,-65.0
1777889407.1663325,9.0,0.0,-70.0
1777889407.1763325,9.0,0.0,-72.0
1777889407.1863325,8.0,0.0,-74.0
1777889407.1963325,6.0,0.0,-75.0
1777889407.2063324,7.0,4.0,-74.0
1777889407.2163324,5.0,5.0,-74.0
1777889407.2263324,5.0,5.0,-74.0
1777889407.2363324,4.0,4.0,-78.0
1777889407.2463324,-3.0,3.0,-77.0
1777889407.2563324,-3.0,1.0,-73.0
1777889407.2663324,-3.0,3.0,-74.0
1777889407.2763324,0.0,0.0,-72.0
1777889407.2863324,0.0,-1.0,-70.0
1777889407.2963324,-1.0,0.0,-69.0
1777889407.3063323,0.0,-1.0,-62.0
1777889407.3163323,0.0,0.0,-66.0
1777889407.3263323,-1.0,0.0,-70.0
1777889407.3363323,4.0,1.0,-76.0
1777889407.3463323,4.0,0.0,-80.0
1777889407.3563323,7.0,3.0,-80.0
1777889407.3663323,8.0,0.0,-84.0
1777889407.3773324,4.0,-2.0,-81.0
1777889407.3873324,0.0,-2.0,-76.0
1777889407.3963325,2.0,-2.0,-73.0
1777889407.4073324,1.0,-6.0,-71.0
1777889407.4163325,1.0,-8.0,-70.0
1777889407.4273324,2.0,-3.0,-70.0
1777889407.4373324,5.0,-4.0,-71.0
1777889407.4473324,1.0,-4.0,-68.0
1777889407.4573324,3.0,-6.0,-68.0
1777889407.4673324,-1.0,-4.0,-69.0
1777889407.4773324,-5.0,-3.0,-74.0
1777889407.4873323,-2.0,-4.0,-68.0
1777889407.4973323,3.0,-4.0,-72.0
1777889407.5073323,3.0,0.0,-74.0
1777889407.5173323,6.0,2.0,-79.0
1777889407.5273323,6.0,1.0,-77.0
1777889407.5373323,3.0,4.0,-77.0
1777889407.5473323,3.0,6.0,-73.0
1777889407.5573325,4.0,4.0,-81.0
1777889407.5673325,3.0,1.0,-86.0
1777889407.5773325,6.0,0.0,-86.0
1777889407.5873325,4.0,3.0,-91.0
1777889407.5973325,4.0,3.0,-88.0
1777889407.6073325,2.0,0.0,-86.0
1777889407.6173325,5.0,0.0,-83.0
1777889407.6273324,1.0,0.0,-82.0
1777889407.6373324,-1.0,0.0,-81.0
1777889407.6473324,-3.0,-1.0,-82.0
1777889407.6573324,1.0,0.0,-85.0
1777889407.6673324,6.0,0.0,-81.0
1777889407.6773324,5.0,-1.0,-85.0
1777889407.6873324,3.0,0.0,-86.0
1777889407.6973324,2.0,3.0,-77.0
1777889407.7073324,0.0,2.0,-82.0
1777889407.7173324,3.0,1.0,-82.0
1777889407.7273324,5.0,-3.0,-73.0
1777889407.7373323,9.0,-6.0,-79.0
1777889407.7473323,4.0,-7.0,-79.0
1777889407.7573323,6.0,-7.0,-73.0
1777889407.7673323,7.0,-4.0,-78.0
1777889407.7773323,7.0,-2.0,-74.0
1777889407.7873323,8.0,-1.0,-82.0
1777889407.7973323,9.0,-4.0,-76.0
1777889407.8073325,5.0,-3.0,-77.0
1777889407.8173325,0.0,-4.0,-77.0
1777889407.8273325,1.0,-5.0,-77.0
1777889407.8373325,0.0,-6.0,-77.0
1777889407.8473325,-1.0,-4.0,-79.0
1777889407.8573325,-5.0,-5.0,-82.0
1777889407.8673325,-8.0,-1.0,-82.0
1777889407.8773324,-5.0,-4.0,-78.0
1777889407.8873324,-2.0,-5.0,-76.0
1777889407.8973324,-6.0,-9.0,-79.0
1777889407.9073324,-4.0,-8.0,-81.0
1777889407.9173324,-2.0,-6.0,-82.0
1777889407.9273324,0.0,-11.0,-79.0
1777889407.9373324,-2.0,-15.0,-78.0
1777889407.9473324,-2.0,-16.0,-73.0
1777889407.9573324,0.0,-16.0,-76.0
1777889407.9673324,-1.0,-16.0,-84.0
1777889407.9773324,0.0,-13.0,-86.0
1777889407.9873323,3.0,-10.0,-83.0
1777889407.9973323,0.0,-8.0,-76.0
1777889408.0073323,1.0,-6.0,-74.0
1777889408.0173323,0.0,-5.0,-72.0
1777889408.0273323,0.0,-5.0,-72.0
1777889408.0373323,4.0,-6.0,-71.0
1777889408.0473323,5.0,-7.0,-64.0
1777889408.0573325,3.0,-6.0,-62.0
1777889408.0673325,7.0,-2.0,-70.0
1777889408.0773325,7.0,2.0,-63.0
1777889408.0873325,-1.0,-3.0,-69.0
1777889408.0973325,-1.0,-3.0,-74.0
1777889408.1073325,-4.0,-3.0,-81.0
1777889408.1173325,0.0,-1.0,-75.0
1777889408.1273324,0.0,-1.0,-74.0
1777889408.1373324,0.0,-3.0,-74.0
1777889408.1473324,0.0,0.0,-71.0
1777889408.1573324,-2.0,3.0,-73.0
1777889408.1673324,-5.0,2.0,-69.0
1777889408.1773324,-2.0,2.0,-68.0
1777889408.1873324,0.0,1.0,-70.0
1777889408.1973324,-1.0,0.0,-77.0
1777889408.2073324,-4.0,0.0,-81.0
1777889408.2173324,-2.0,0.0,-76.0
1777889408.2273324,-2.0,1.0,-76.0
1777889408.2373323,1.0,-1.0,-73.0
1777889408.2473323,0.0,0.0,-76.0
1777889408.2573323,-4.0,-3.0,-72.0
1777889408.2673323,-1.0,-3.0,-74.0
1777889408.2773323,-1.0,0.0,-75.0
1777889408.2873323,-2.0,0.0,-77.0
1777889408.2973323,0.0,0.0,-79.0
1777889408.3073325,0.0,9.0,-75.0
1777889408.3173325,4.0,9.0,-77.0
1777889408.3273325,0.0,8.0,-70.0
1777889408.3373325,-4.0,6.0,-67.0
1777889408.3473325,-2.0,5.0,-71.0
1777889408.3573325,-1.0,4.0,-66.0
1777889408.3673325,0.0,5.0,-69.0
1777889408.3773324,4.0,3.0,-70.0
1777889408.3873324,6.0,2.0,-75.0
1777889408.3973324,2.0,8.0,-75.0
1777889408.4073324,0.0,3.0,-71.0
1777889408.4173324,3.0,0.0,-73.0
1777889408.4273324,3.0,1.0,-82.0
1777889408.4373324,2.0,1.0,-76.0
1777889408.4473324,9.0,2.0,-76.0
1777889408.4573324,12.0,2.0,-75.0
1777889408.4673324,13.0,3.0,-74.0
1777889408.4773324,10.0,4.0,-77.0
1777889408.4873323,8.0,5.0,-72.0
1777889408.4973323,7.0,5.0,-72.0
1777889408.5073323,11.0,4.0,-79.0
1777889408.5173323,9.0,1.0,-74.0
1777889408.5273323,4.0,1.0,-81.0
1777889408.5373323,1.0,3.0,-82.0
1777889408.5473323,4.0,3.0,-82.0
1777889408.5573325,-1.0,5.0,-85.0
1777889408.5673325,0.0,1.0,-81.0
1777889408.5773325,3.0,-3.0,-85.0
1777889408.5873325,4.0,-3.0,-81.0
1777889408.5973325,1.0,0.0,-82.0
1777889408.6073325,-2.0,2.0,-74.0
1777889408.6173325,-4.0,-1.0,-72.0
1777889408.6273324,-4.0,-4.0,-69.0
1777889408.6373324,-1.0,-3.0,-73.0
1777889408.6473324,0.0,-3.0,-72.0
1777889408.6573324,-4.0,0.0,-75.0
1777889408.6673324,-4.0,2.0,-73.0
1777889408.6773324,-1.0,7.0,-73.0
1777889408.6873324,-4.0,3.0,-67.0
1777889408.6973324,-3.0,4.0,-70.0
1777889408.7073324,-1.0,1.0,-74.0
1777889408.7173324,-1.0,2.0,-74.0
1777889408.7273324,-1.0,2.0,-71.0
1777889408.7373323,0.0,3.0,-73.0
1777889408.7473323,-2.0,1.0,-73.0
1777889408.7573323,2.0,-1.0,-71.0
1777889408.7673323,0.0,-4.0,-75.0
1777889408.7773323,1.0,-4.0,-67.0
1777889408.7873323,5.0,-5.0,-65.0
1777889408.7973323,5.0,-5.0,-66.0
1777889408.8073325,1.0,-6.0,-71.0
1777889408.8173325,3.0,-5.0,-76.0
1777889408.8273325,-1.0,-1.0,-76.0
1777889408.8373325,-2.0,-7.0,-74.0
1777889408.8473325,-1.0,-5.0,-74.0
1777889408.8573325,0.0,-3.0,-75.0
1777889408.8673325,5.0,-6.0,-68.0
1777889408.8773324,6.0,-2.0,-72.0
1777889408.8873324,2.0,-1.0,-78.0
1777889408.8973324,0.0,-3.0,-70.0
1777889408.9073324,-5.0,0.0,-70.0
1777889408.9173324,0.0,1.0,-73.0
1777889408.9273324,0.0,3.0,-71.0
1777889408.9373324,0.0,2.0,-66.0
1777889408.9473324,2.0,4.0,-63.0
1777889408.9573324,-2.0,2.0,-62.0
1777889408.9673324,-3.0,3.0,-64.0
1777889408.9773324,-2.0,-1.0,-62.0
1777889408.9873323,0.0,1.0,-66.0
1777889408.9973323,-2.0,-3.0,-68.0
1777889409.0073323,1.0,-3.0,-59.0
1777889409.0173323,1.0,-1.0,-58.0
1777889409.0273323,2.0,-3.0,-61.0
1777889409.0373323,3.0,-1.0,-65.0
1777889409.0473323,4.0,-2.0,-69.0
1777889409.0573325,2.0,-2.0,-74.0
1777889409.0673325,0.0,-1.0,-69.0
1777889409.0773325,2.0,-2.0,-75.0
1777889409.0873325,-1.0,-2.0,-74.0
1777889409.0973325,0.0,-2.0,-80.0
1777889409.1073325,1.0,-6.0,-76.0
1777889409.1173325,-2.0,-6.0,-74.0
1777889409.1273324,-6.0,-2.0,-80.0
1777889409.1373324,-6.0,-1.0,-84.0
1777889409.1473324,-2.0,-2.0,-81.0
1777889409.1573324,2.0,-4.0,-79.0
1777889409.1673324,0.0,0.0,-75.0
1777889409.1773324,1.0,7.0,-72.0
1777889409.1873324,2.0,6.0,-78.0
1777889409.1973324,1.0,5.0,-72.0
1777889409.2073324,3.0,-1.0,-75.0
1777889409.2173324,-4.0,0.0,-76.0
1777889409.2273324,-8.0,-2.0,-69.0
1777889409.2373323,-7.0,2.0,-67.0
1777889409.2473323,-8.0,2.0,-71.0
1777889409.2573323,-7.0,5.0,-69.0
1777889409.2673323,-4.0,4.0,-70.0
1777889409.2773323,-5.0,3.0,-72.0
1777889409.2873323,-3.0,-2.0,-73.0
1777889409.2973323,-6.0,-2.0,-74.0
1777889409.3073325,-5.0,-1.0,-76.0
1777889409.3173325,-5.0,-5.0,-74.0
1777889409.3273325,-4.0,-7.0,-78.0
1777889409.3373325,-1.0,-2.0,-76.0
1777889409.3473325,1.0,0.0,-76.0
1777889409.3573325,-4.0,-1.0,-80.0
1777889409.3673325,-4.0,-3.0,-84.0
1777889409.3773324,-2.0,-7.0,-82.0
1777889409.3873324,2.0,-5.0,-80.0
1777889409.3983324,6.0,-8.0,-79.0
1777889409.4083323,3.0,-3.0,-69.0
1777889409.4183323,3.0,-3.0,-71.0
1777889409.4283323,1.0,-8.0,-74.0
1777889409.4383323,0.0,-7.0,-72.0
1777889409.4483323,-3.0,-5.0,-67.0
1777889409.4583323,-3.0,-10.0,-66.0
1777889409.4683323,-3.0,-9.0,-66.0
1777889409.4783323,-2.0,-5.0,-71.0
1777889409.4883325,-2.0,-8.0,-72.0
1777889409.4983325,-1.0,-8.0,-72.0
1777889409.5083325,0.0,-4.0,-63.0
1777889409.5183325,-5.0,-2.0,-63.0
1777889409.5283325,-2.0,-1.0,-67.0
1777889409.5383325,0.0,0.0,-74.0
1777889409.5483325,0.0,-3.0,-77.0
1777889409.5583324,-4.0,-2.0,-76.0
1777889409.5683324,-4.0,3.0,-77.0
1777889409.5783324,-4.0,0.0,-80.0
1777889409.5883324,-2.0,0.0,-81.0
1777889409.5983324,-1.0,1.0,-89.0
1777889409.6083324,-1.0,3.0,-80.0
1777889409.6183324,-2.0,4.0,-74.0
1777889409.6283324,-1.0,-1.0,-80.0
1777889409.6383324,5.0,-3.0,-81.0
1777889409.6483324,1.0,-3.0,-84.0
1777889409.6583323,0.0,-6.0,-89.0
1777889409.6683323,-3.0,-9.0,-89.0
1777889409.6783323,-5.0,-10.0,-84.0
1777889409.6883323,-1.0,-4.0,-82.0
1777889409.6983323,-5.0,-3.0,-80.0
1777889409.7083323,-3.0,-2.0,-78.0
1777889409.7183323,0.0,-3.0,-74.0
1777889409.7283323,0.0,0.0,-71.0
1777889409.7383325,0.0,2.0,-74.0
1777889409.7483325,0.0,3.0,-77.0
1777889409.7583325,0.0,0.0,-70.0
1777889409.7683325,3.0,-6.0,-72.0
1777889409.7783325,3.0,-9.0,-76.0
1777889409.7883325,0.0,-4.0,-79.0
1777889409.7983325,1.0,-7.0,-74.0
1777889409.8083324,3.0,-8.0,-72.0
1777889409.8183324,3.0,-10.0,-79.0
1777889409.8283324,3.0,-11.0,-71.0
1777889409.8383324,4.0,-7.0,-75.0
1777889409.8483324,5.0,-3.0,-80.0
1777889409.8583324,6.0,1.0,-81.0
1777889409.8683324,6.0,-2.0,-73.0
1777889409.8783324,3.0,-5.0,-69.0
1777889409.8883324,1.0,0.0,-75.0
1777889409.8983324,0.0,0.0,-81.0
1777889409.9083323,0.0,0.0,-82.0
1777889409.9183323,1.0,-2.0,-85.0
1777889409.9283323,5.0,-3.0,-89.0
1777889409.9383323,9.0,-2.0,-87.0
1777889409.9483323,9.0,-1.0,-86.0
1777889409.9583323,6.0,-2.0,-88.0
1777889409.9683323,5.0,-3.0,-92.0
1777889409.9783323,6.0,-3.0,-94.0
1777889409.9883325,7.0,0.0,-88.0
1777889409.9983325,2.0,2.0,-88.0
1777889410.0083325,5.0,3.0,-85.0
1777889410.0183325,4.0,3.0,-81.0
1777889410.0283325,0.0,3.0,-77.0
1777889410.0383325,0.0,5.0,-77.0
1777889410.0483325,-3.0,5.0,-82.0
1777889410.0583324,-1.0,5.0,-86.0
1777889410.0683324,1.0,2.0,-75.0
1777889410.0783324,0.0,-2.0,-72.0
1777889410.0883324,0.0,-2.0,-76.0
1777889410.0983324,1.0,-4.0,-77.0
1777889410.1083324,5.0,-3.0,-77.0
1777889410.1183324,5.0,-2.0,-74.0
1777889410.1283324,3.0,-3.0,-72.0
1777889410.1383324,5.0,-2.0,-77.0
1777889410.1483324,2.0,-2.0,-77.0
1777889410.1583323,-1.0,-5.0,-76.0
1777889410.1683323,1.0,-3.0,-75.0
1777889410.1783323,0.0,-3.0,-74.0
1777889410.1883323,-1.0,-2.0,-79.0
1777889410.1983323,0.0,-2.0,-80.0
1777889410.2083323,-1.0,0.0,-76.0
1777889410.2183323,1.0,1.0,-75.0
1777889410.2283323,2.0,0.0,-81.0
1777889410.2383325,1.0,0.0,-80.0
1777889410.2483325,0.0,0.0,-72.0
1777889410.2583325,0.0,-4.0,-70.0
1777889410.2683325,0.0,0.0,-77.0
1777889410.2783325,0.0,-3.0,-80.0
1777889410.2883325,0.0,-7.0,-80.0
1777889410.2983325,0.0,-5.0,-81.0
1777889410.3083324,1.0,-4.0,-72.0
1777889410.3183324,3.0,-3.0,-72.0
1777889410.3283324,5.0,-2.0,-71.0
1777889410.3383324,4.0,-1.0,-71.0
1777889410.3483324,5.0,0.0,-72.0
1777889410.3583324,4.0,-1.0,-73.0
1777889410.3683324,6.0,0.0,-72.0
1777889410.3783324,5.0,-3.0,-76.0
1777889410.3883324,2.0,-2.0,-76.0
1777889410.3983324,0.0,-5.0,-77.0
1777889410.4083323,-1.0,-4.0,-81.0
1777889410.4183323,-3.0,-3.0,-83.0
1777889410.4283323,-2.0,-3.0,-83.0
1777889410.4383323,2.0,2.0,-78.0
1777889410.4483323,1.0,0.0,-82.0
1777889410.4583323,1.0,0.0,-83.0
1777889410.4683323,1.0,2.0,-75.0
1777889410.4783323,1.0,1.0,-77.0
1777889410.4883325,1.0,1.0,-69.0
1777889410.4983325,0.0,2.0,-73.0
1777889410.5083325,-1.0,0.0,-74.0
1777889410.5183325,0.0,0.0,-75.0
1777889410.5283325,1.0,-2.0,-68.0
1777889410.5383325,0.0,-3.0,-77.0
1777889410.5483325,-1.0,-5.0,-74.0
1777889410.5583324,1.0,-3.0,-71.0
1777889410.5683324,-1.0,-1.0,-77.0
1777889410.5783324,-1.0,0.0,-84.0
1777889410.5883324,-3.0,-3.0,-84.0
1777889410.5983324,-2.0,-6.0,-83.0
1777889410.6083324,0.0,-3.0,-83.0
1777889410.6183324,3.0,-2.0,-85.0
1777889410.6283324,0.0,0.0,-87.0
1777889410.6383324,1.0,-1.0,-86.0
1777889410.6483324,4.0,-1.0,-88.0
1777889410.6583323,3.0,0.0,-86.0
1777889410.6683323,5.0,-2.0,-83.0
1777889410.6783323,3.0,-4.0,-85.0
1777889410.6883323,1.0,-5.0,-78.0
1777889410.6983323,4.0,-5.0,-78.0
1777889410.7083323,7.0,-1.0,-76.0
1777889410.7183323,3.0,0.0,-75.0
1777889410.7283323,3.0,0.0,-70.0
1777889410.7383325,-1.0,1.0,-73.0
1777889410.7483325,0.0,1.0,-70.0
1777889410.7583325,-4.0,-1.0,-78.0
1777889410.7683325,-4.0,-2.0,-75.0
1777889410.7783325,-5.0,1.0,-81.0
1777889410.7883325,0.0,0.0,-78.0
1777889410.7983325,-1.0,-1.0,-80.0
1777889410.8083324,0.0,-2.0,-83.0
1777889410.8183324,-1.0,0.0,-85.0
1777889410.8283324,0.0,0.0,-72.0
1777889410.8383324,1.0,-3.0,-69.0
1777889410.8483324,0.0,-7.0,-72.0
1777889410.8583324,0.0,-4.0,-71.0
1777889410.8683324,-1.0,0.0,-72.0
1777889410.8783324,-2.0,-1.0,-74.0
1777889410.8883324,-2.0,-4.0,-74.0
1777889410.8983324,-3.0,-2.0,-72.0
1777889410.9083323,-2.0,-2.0,-74.0
1777889410.9183323,-3.0,-3.0,-71.0
1777889410.9283323,-3.0,-5.0,-68.0
1777889410.9383323,1.0,0.0,-71.0
1777889410.9483323,2.0,1.0,-75.0
1777889410.9583323,3.0,0.0,-71.0
1777889410.9683323,3.0,0.0,-65.0
1777889410.9783323,3.0,-3.0,-69.0
1777889410.9883325,4.0,-4.0,-76.0
1777889410.9983325,4.0,-5.0,-76.0
1777889411.0083325,1.0,-8.0,-76.0
1777889411.0183325,0.0,-7.0,-79.0
1777889411.0283325,0.0,-10.0,-75.0
1777889411.0383325,-1.0,-11.0,-76.0
1777889411.0483325,1.0,-10.0,-76.0
1777889411.0583324,0.0,-10.0,-76.0
1777889411.0683324,2.0,-10.0,-75.0
1777889411.0783324,3.0,-11.0,-70.0
1777889411.0883324,4.0,-11.0,-74.0
1777889411.0983324,2.0,-12.0,-71.0
1777889411.1083324,-2.0,-7.0,-76.0
1777889411.1183324,-2.0,-6.0,-83.0
1777889411.1283324,0.0,-1.0,-76.0
1777889411.1383324,-1.0,-2.0,-71.0
1777889411.1483324,-6.0,0.0,-78.0
1777889411.1583323,-6.0,-1.0,-74.0
1777889411.1683323,-2.0,-3.0,-73.0
1777889411.1783323,4.0,0.0,-71.0
1777889411.1883323,6.0,3.0,-72.0
1777889411.1983323,8.0,5.0,-74.0
1777889411.2083323,5.0,0.0,-70.0
1777889411.2183323,6.0,-5.0,-74.0
1777889411.2283323,7.0,-2.0,-75.0
1777889411.2383325,7.0,-2.0,-70.0
1777889411.2483325,5.0,-1.0,-65.0
1777889411.2583325,4.0,-1.0,-71.0
1777889411.2683325,4.0,-3.0,-71.0
1777889411.2783325,6.0,1.0,-79.0
1777889411.2883325,7.0,6.0,-85.0
1777889411.2983325,8.0,6.0,-78.0
1777889411.3083324,0.0,8.0,-79.0
1777889411.3183324,-3.0,9.0,-78.0
1777889411.3283324,-6.0,6.0,-77.0
1777889411.3383324,-7.0,8.0,-81.0
1777889411.3483324,-2.0,6.0,-83.0
1777889411.3583324,-1.0,4.0,-90.0
1777889411.3683324,-1.0,2.0,-88.0
1777889411.3793323,-1.0,1.0,-91.0
1777889411.3893323,3.0,2.0,-85.0
1777889411.3993323,7.0,1.0,-80.0
1777889411.4093325,8.0,1.0,-79.0
1777889411.4193325,8.0,0.0,-73.0
1777889411.4293325,7.0,-4.0,-72.0
1777889411.4393325,4.0,0.0,-67.0
1777889411.4493325,3.0,-2.0,-67.0
1777889411.4593325,6.0,-3.0,-62.0
1777889411.4693325,2.0,-1.0,-61.0
1777889411.4793324,3.0,-3.0,-71.0
1777889411.4893324,5.0,-2.0,-74.0
1777889411.4993324,5.0,-1.0,-76.0
1777889411.5093324,8.0,-2.0,-83.0
1777889411.5193324,12.0,-3.0,-88.0
1777889411.5293324,7.0,-1.0,-83.0
1777889411.5393324,1.0,-1.0,-85.0
1777889411.5493324,0.0,-1.0,-84.0
1777889411.5593324,-1.0,0.0,-84.0
1777889411.5693324,-6.0,-2.0,-86.0
1777889411.5793324,-5.0,-5.0,-85.0
1777889411.5893323,-1.0,-2.0,-82.0
1777889411.5993323,0.0,0.0,-80.0
1777889411.6093323,-2.0,-2.0,-77.0
1777889411.6193323,-2.0,2.0,-73.0
1777889411.6293323,-2.0,2.0,-68.0
1777889411.6393323,-3.0,0.0,-69.0
1777889411.6493323,-4.0,0.0,-72.0
1777889411.6593325,-1.0,2.0,-78.0
1777889411.6693325,0.0,-2.0,-79.0
1777889411.6793325,1.0,-4.0,-76.0
1777889411.6893325,-1.0,1.0,-79.0
1777889411.6993325,-3.0,1.0,-80.0
1777889411.7093325,-3.0,2.0,-86.0
1777889411.7193325,-2.0,0.0,-84.0
1777889411.7293324,-1.0,-2.0,-80.0
1777889411.7393324,1.0,0.0,-81.0
1777889411.7493324,1.0,0.0,-75.0
1777889411.7593324,-1.0,0.0,-74.0
1777889411.7693324,2.0,0.0,-77.0
1777889411.7793324,4.0,-4.0,-75.0
1777889411.7893324,5.0,-6.0,-73.0
1777889411.7993324,6.0,-3.0,-79.0
1777889411.8093324,7.0,-3.0,-77.0
1777889411.8193324,4.0,0.0,-72.0
1777889411.8293324,4.0,0.0,-76.0
1777889411.8393323,3.0,-5.0,-77.0
1777889411.8493323,1.0,-3.0,-77.0
1777889411.8593323,1.0,-5.0,-80.0
1777889411.8693323,-3.0,-1.0,-80.0
1777889411.8793323,-6.0,0.0,-79.0
1777889411.8893323,-1.0,2.0,-81.0
1777889411.8993323,0.0,0.0,-80.0
1777889411.9093325,0.0,0.0,-78.0
1777889411.9193325,0.0,-1.0,-75.0
1777889411.9293325,-2.0,0.0,-76.0
1777889411.9393325,-4.0,-1.0,-73.0
1777889411.9493325,-5.0,0.0,-71.0
1777889411.9593325,-8.0,-4.0,-66.0
1777889411.9693325,-7.0,-8.0,-67.0
1777889411.9793324,-4.0,-7.0,-68.0
1777889411.9893324,-2.0,-9.0,-69.0
1777889411.9993324,-3.0,-5.0,-71.0
1777889412.0093324,0.0,-9.0,-70.0
1777889412.0193324,1.0,-6.0,-72.0
1777889412.0293324,3.0,-4.0,-66.0
1777889412.0393324,2.0,-3.0,-68.0
1777889412.0493324,-1.0,-5.0,-75.0
1777889412.0593324,3.0,-3.0,-73.0
1777889412.0693324,4.0,-6.0,-73.0
1777889412.0793324,8.0,-6.0,-63.0
1777889412.0893323,12.0,-6.0,-60.0
1777889412.0993323,11.0,-5.0,-69.0
1777889412.1093323,3.0,-3.0,-70.0
1777889412.1193323,3.0,-1.0,-67.0
1777889412.1293323,0.0,-3.0,-72.0
1777889412.1393323,1.0,-1.0,-75.0
1777889412.1493323,-1.0,0.0,-72.0
1777889412.1593325,-2.0,-2.0,-74.0
1777889412.1693325,0.0,-3.0,-76.0
1777889412.1793325,3.0,0.0,-69.0
1777889412.1893325,3.0,-4.0,-73.0
1777889412.1993325,0.0,-6.0,-69.0
1777889412.2093325,-5.0,-6.0,-78.0
1777889412.2193325,-5.0,-2.0,-81.0
1777889412.2293324,-3.0,0.0,-85.0
1777889412.2393324,-2.0,1.0,-82.0
1777889412.2493324,-1.0,1.0,-81.0
1777889412.2593324,-3.0,2.0,-74.0
1777889412.2693324,1.0,0.0,-77.0
1777889412.2793324,0.0,-6.0,-78.0
1777889412.2893324,0.0,-5.0,-84.0
1777889412.2993324,0.0,-2.0,-82.0
1777889412.3093324,1.0,-3.0,-73.0
1777889412.3193324,1.0,-2.0,-70.0
1777889412.3293324,1.0,0.0,-75.0
1777889412.3393323,3.0,-2.0,-84.0
1777889412.3493323,2.0,-2.0,-80.0
1777889412.3593323,0.0,-7.0,-84.0
1777889412.3693323,4.0,-8.0,-76.0
1777889412.3793323,6.0,-10.0,-77.0
1777889412.3893323,0.0,-9.0,-74.0
1777889412.3993323,3.0,-5.0,-79.0
1777889412.4093325,4.0,-5.0,-79.0
1777889412.4193325,4.0,-4.0,-77.0
1777889412.4293325,4.0,-2.0,-78.0
1777889412.4393325,1.0,-2.0,-79.0
1777889412.4493325,2.0,-7.0,-75.0
1777889412.4593325,0.0,-4.0,-78.0
1777889412.4693325,2.0,-1.0,-77.0
1777889412.4793324,2.0,-2.0,-70.0
1777889412.4893324,-1.0,-3.0,-71.0
1777889412.4993324,-2.0,-8.0,-66.0
1777889412.5093324,0.0,-10.0,-69.0
1777889412.5193324,1.0,-9.0,-69.0
1777889412.5293324,6.0,-8.0,-64.0
1777889412.5393324,6.0,-6.0,-71.0
1777889412.5493324,5.0,-4.0,-74.0
1777889412.5593324,6.0,-8.0,-72.0
1777889412.5693324,3.0,-5.0,-72.0
1777889412.5793324,1.0,-4.0,-74.0
1777889412.5893323,1.0,-2.0,-71.0
1777889412.5993323,2.0,0.0,-77.0
1777889412.6093323,1.0,0.0,-77.0
1777889412.6193323,5.0,-2.0,-79.0
1777889412.6293323,3.0,0.0,-75.0
1777889412.6393323,4.0,-4.0,-77.0
1777889412.6493323,8.0,-7.0,-73.0
1777889412.6593325,5.0,-4.0,-72.0
1777889412.6693325,-1.0,-2.0,-76.0
1777889412.6793325,2.0,-4.0,-75.0
1777889412.6893325,3.0,-2.0,-72.0
1777889412.6993325,5.0,-1.0,-72.0
1777889412.7093325,3.0,0.0,-70.0
1777889412.7193325,3.0,4.0,-71.0
1777889412.7293324,4.0,5.0,-67.0
1777889412.7393324,1.0,6.0,-64.0
1777889412.7493324,3.0,6.0,-66.0
1777889412.7593324,0.0,0.0,-67.0
1777889412.7693324,-2.0,-2.0,-67.0
1777889412.7793324,1.0,-1.0,-70.0
1777889412.7893324,0.0,0.0,-72.0
1777889412.7993324,-1.0,1.0,-69.0
1777889412.8093324,-5.0,3.0,-73.0
1777889412.8193324,-7.0,1.0,-75.0
1777889412.8293324,-5.0,1.0,-70.0
1777889412.8393323,-8.0,-6.0,-66.0
1777889412.8493323,-10.0,-8.0,-60.0
1777889412.8593323,-9.0,-9.0,-68.0
1777889412.8693323,-11.0,-3.0,-73.0
1777889412.8793323,-9.0,-5.0,-70.0
1777889412.8893323,-4.0,-3.0,-69.0
1777889412.8993323,-1.0,1.0,-76.0
1777889412.9093325,2.0,1.0,-73.0
1777889412.9193325,5.0,-1.0,-74.0
1777889412.9293325,4.0,-2.0,-79.0
1777889412.9393325,5.0,-4.0,-81.0
1777889412.9493325,1.0,-3.0,-86.0
1777889412.9593325,3.0,0.0,-84.0
1777889412.9693325,0.0,-5.0,-77.0
1777889412.9793324,-1.0,-6.0,-74.0
1777889412.9893324,2.0,-5.0,-71.0
1777889412.9993324,2.0,-5.0,-68.0
1777889413.0093324,1.0,-5.0,-64.0
1777889413.0193324,5.0,-4.0,-67.0
1777889413.0293324,5.0,-1.0,-70.0
1777889413.0393324,5.0,0.0,-71.0
1777889413.0493324,5.0,-3.0,-82.0
1777889413.0593324,3.0,-2.0,-78.0
1777889413.0693324,3.0,-1.0,-74.0
1777889413.0793324,7.0,-1.0,-66.0
1777889413.0893323,7.0,-1.0,-66.0
1777889413.0993323,11.0,0.0,-69.0
1777889413.1093323,11.0,-1.0,-73.0
1777889413.1193323,5.0,-3.0,-75.0
1777889413.1293323,1.0,-4.0,-83.0
1777889413.1393323,-1.0,-8.0,-80.0
1777889413.1493323,0.0,-7.0,-81.0
1777889413.1593325,3.0,-3.0,-79.0
1777889413.1693325,0.0,-2.0,-72.0
1777889413.1793325,-1.0,-5.0,-72.0
1777889413.1893325,-4.0,-5.0,-69.0
1777889413.1993325,-6.0,-6.0,-69.0
1777889413.2093325,-6.0,-3.0,-72.0
1777889413.2193325,0.0,0.0,-69.0
1777889413.2293324,2.0,-1.0,-70.0
1777889413.2393324,4.0,-4.0,-77.0
1777889413.2493324,7.0,-7.0,-80.0
1777889413.2593324,9.0,-7.0,-77.0
1777889413.2693324,10.0,-6.0,-70.0
1777889413.2793324,6.0,-4.0,-74.0
1777889413.2893324,5.0,-4.0,-73.0
1777889413.2993324,1.0,-4.0,-72.0
1777889413.3093324,0.0,-2.0,-69.0
1777889413.3193324,1.0,-1.0,-71.0
1777889413.3293324,0.0,-1.0,-69.0
1777889413.3393323,-5.0,0.0,-71.0
1777889413.3493323,-5.0,2.0,-78.0
1777889413.3603325,0.0,1.0,-83.0
1777889413.3703325,0.0,-3.0,-85.0
1777889413.3803325,1.0,-4.0,-86.0
1777889413.3903325,-2.0,-2.0,-81.0
1777889413.4003325,1.0,-3.0,-74.0
1777889413.4103324,3.0,0.0,-70.0
1777889413.4203324,-4.0,4.0,-71.0
1777889413.4303324,-1.0,3.0,-75.0
1777889413.4403324,1.0,2.0,-77.0
1777889413.4503324,4.0,-2.0,-77.0
1777889413.4603324,1.0,0.0,-80.0
1777889413.4703324,6.0,-1.0,-74.0
1777889413.4803324,8.0,-1.0,-71.0
1777889413.4903324,7.0,0.0,-79.0
1777889413.5003324,5.0,2.0,-76.0
1777889413.5103323,2.0,0.0,-72.0
1777889413.5203323,2.0,0.0,-67.0
1777889413.5303323,5.0,2.0,-70.0
1777889413.5403323,4.0,-2.0,-69.0
1777889413.5503323,1.0,-2.0,-71.0
1777889413.5603323,5.0,-3.0,-69.0
1777889413.5703323,4.0,-1.0,-67.0
1777889413.5803325,0.0,-3.0,-68.0
1777889413.5903325,0.0,-7.0,-71.0
1777889413.6003325,1.0,-5.0,-75.0
1777889413.6103325,0.0,-4.0,-88.0
1777889413.6203325,4.0,-3.0,-88.0
1777889413.6303325,3.0,-1.0,-82.0
1777889413.6403325,1.0,-3.0,-82.0
1777889413.6503325,1.0,-3.0,-84.0
1777889413.6603324,-3.0,-7.0,-84.0
1777889413.6703324,0.0,-4.0,-85.0
1777889413.6803324,2.0,-6.0,-85.0
1777889413.6903324,5.0,-2.0,-78.0
1777889413.7003324,7.0,-1.0,-75.0
1777889413.7103324,10.0,-5.0,-75.0
1777889413.7203324,12.0,0.0,-76.0
1777889413.7303324,4.0,1.0,-78.0
1777889413.7403324,1.0,4.0,-80.0
1777889413.7503324,0.0,0.0,-82.0
1777889413.7603323,0.0,-2.0,-72.0
1777889413.7703323,0.0,-2.0,-74.0
1777889413.7803323,-1.0,-2.0,-72.0
1777889413.7903323,0.0,1.0,-74.0
1777889413.8003323,0.0,3.0,-77.0
1777889413.8103323,1.0,4.0,-73.0
1777889413.8203323,0.0,6.0,-72.0
1777889413.8303325,-1.0,7.0,-78.0
1777889413.8403325,-7.0,6.0,-82.0
1777889413.8503325,-7.0,11.0,-81.0
1777889413.8603325,-2.0,6.0,-81.0
1777889413.8703325,-1.0,4.0,-79.0
1777889413.8803325,0.0,3.0,-79.0
1777889413.8903325,-2.0,0.0,-78.0
1777889413.9003325,-4.0,1.0,-77.0
1777889413.9103324,-2.0,2.0,-70.0
1777889413.9203324,2.0,3.0,-66.0
1777889413.9303324,3.0,2.0,-65.0
1777889413.9403324,3.0,4.0,-73.0
1777889413.9503324,4.0,-2.0,-78.0
1777889413.9603324,6.0,-2.0,-75.0
1777889413.9703324,6.0,-2.0,-78.0
1777889413.9803324,2.0,1.0,-82.0
1777889413.9903324,-3.0,0.0,-85.0
1777889414.0003324,-2.0,5.0,-85.0
1777889414.0103323,-1.0,4.0,-88.0
1777889414.0203323,-4.0,7.0,-84.0
1777889414.0303323,-1.0,3.0,-78.0
1777889414.0403323,3.0,-1.0,-76.0
1777889414.0503323,4.0,2.0,-70.0
1777889414.0603323,5.0,0.0,-71.0
1777889414.0703323,5.0,-1.0,-71.0
1777889414.0803325,7.0,1.0,-67.0
1777889414.0903325,2.0,2.0,-71.0
1777889414.1003325,-1.0,0.0,-68.0
1777889414.1103325,-6.0,-1.0,-78.0
1777889414.1203325,-9.0,0.0,-82.0
1777889414.1303325,-2.0,0.0,-80.0
1777889414.1403325,-2.0,-3.0,-81.0
1777889414.1503325,0.0,-4.0,-70.0
1777889414.1603324,0.0,-4.0,-70.0
1777889414.1703324,-1.0,-2.0,-73.0
1777889414.1803324,-1.0,0.0,-76.0
1777889414.1903324,0.0,-1.0,-73.0
1777889414.2003324,0.0,-3.0,-76.0
1777889414.2103324,-2.0,-3.0,-69.0
1777889414.2203324,0.0,-5.0,-67.0
1777889414.2303324,0.0,-2.0,-74.0
1777889414.2403324,-5.0,0.0,-73.0
1777889414.2503324,-2.0,-1.0,-74.0
1777889414.2603323,-4.0,-3.0,-77.0
1777889414.2703323,-2.0,-6.0,-81.0
1777889414.2803323,-2.0,-5.0,-82.0
1777889414.2903323,-4.0,-7.0,-80.0
1777889414.3003323,-3.0,-6.0,-75.0
1777889414.3103323,0.0,-5.0,-77.0
1777889414.3203323,0.0,-4.0,-76.0
1777889414.3303325,0.0,1.0,-72.0
1777889414.3403325,1.0,-1.0,-68.0
1777889414.3503325,5.0,0.0,-77.0
1777889414.3603325,5.0,4.0,-82.0
1777889414.3703325,1.0,2.0,-78.0
1777889414.3803325,-4.0,6.0,-77.0
1777889414.3903325,-4.0,1.0,-74.0
1777889414.4003325,-8.0,0.0,-72.0
1777889414.4103324,-6.0,0.0,-75.0
1777889414.4203324,0.0,1.0,-73.0
1777889414.4303324,4.0,0.0,-71.0
1777889414.4403324,5.0,4.0,-71.0
1777889414.4503324,2.0,1.0,-75.0
1777889414.4603324,1.0,0.0,-73.0
1777889414.4703324,0.0,-1.0,-74.0
1777889414.4803324,1.0,-1.0,-71.0
1777889414.4903324,6.0,-4.0,-70.0
1777889414.5003324,8.0,-5.0,-73.0
1777889414.5103323,5.0,-3.0,-77.0
1777889414.5203323,4.0,-4.0,-78.0
1777889414.5303323,6.0,-5.0,-75.0
1777889414.5403323,2.0,-6.0,-74.0
1777889414.5503323,0.0,-1.0,-75.0
1777889414.5603323,0.0,-2.0,-77.0
1777889414.5703323,-1.0,-5.0,-75.0
1777889414.5803325,0.0,-8.0,-77.0
1777889414.5903325,-2.0,-10.0,-79.0
1777889414.6003325,1.0,-9.0,-76.0
1777889414.6103325,2.0,-5.0,-85.0
1777889414.6203325,0.0,-4.0,-83.0
1777889414.6303325,2.0,-6.0,-78.0
1777889414.6403325,3.0,-5.0,-84.0
1777889414.6503325,3.0,0.0,-91.0
1777889414.6603324,2.0,0.0,-87.0
1777889414.6703324,3.0,1.0,-86.0
1777889414.6803324,3.0,-1.0,-86.0
1777889414.6903324,3.0,0.0,-80.0
1777889414.7003324,3.0,-2.0,-84.0
1777889414.7103324,2.0,-4.0,-85.0
1777889414.7203324,2.0,-4.0,-82.0
1777889414.7303324,1.0,-3.0,-82.0
1777889414.7403324,0.0,0.0,-78.0
1777889414.7503324,1.0,-2.0,-83.0
1777889414.7603323,-1.0,-3.0,-86.0
1777889414.7703323,-3.0,-5.0,-89.0
1777889414.7803323,-4.0,-5.0,-83.0
1777889414.7903323,3.0,-2.0,-83.0
1777889414.8003323,5.0,-2.0,-81.0
1777889414.8103323,1.0,0.0,-78.0
1777889414.8203323,0.0,-2.0,-76.0
1777889414.8303325,-2.0,-3.0,-74.0
1777889414.8403325,-1.0,-6.0,-78.0
1777889414.8503325,0.0,-8.0,-76.0
1777889414.8603325,-1.0,-4.0,-80.0
1777889414.8703325,0.0,-4.0,-82.0
1777889414.8803325,1.0,-1.0,-80.0
1777889414.8903325,3.0,2.0,-74.0
1777889414.9003325,4.0,-2.0,-72.0
1777889414.9103324,3.0,0.0,-73.0
1777889414.9203324,-2.0,2.0,-73.0
1777889414.9303324,0.0,-1.0,-69.0
1777889414.9403324,1.0,-1.0,-70.0
1777889414.9503324,-1.0,-7.0,-76.0
1777889414.9603324,-1.0,-5.0,-77.0
1777889414.9703324,-3.0,-6.0,-84.0
1777889414.9803324,-2.0,-6.0,-92.0
1777889414.9903324,-3.0,0.0,-88.0
1777889415.0003324,-3.0,1.0,-85.0
1777889415.0103323,-5.0,-2.0,-87.0
1777889415.0203323,-2.0,0.0,-82.0
1777889415.0303323,-5.0,0.0,-80.0
1777889415.0403323,-7.0,1.0,-81.0
1777889415.0503323,-1.0,4.0,-77.0
1777889415.0603323,0.0,1.0,-77.0
1777889415.0703323,1.0,-1.0,-82.0
1777889415.0803325,3.0,0.0,-74.0
1777889415.0903325,2.0,-5.0,-64.0
1777889415.1003325,1.0,-5.0,-61.0
1777889415.1103325,4.0,-3.0,-63.0
1777889415.1203325,3.0,1.0,-68.0
1777889415.1303325,1.0,3.0,-65.0
1777889415.1403325,1.0,6.0,-67.0
1777889415.1503325,-2.0,12.0,-75.0
1777889415.1603324,-5.0,10.0,-80.0
1777889415.1703324,-7.0,5.0,-78.0
1777889415.1803324,-1.0,1.0,-80.0
1777889415.1903324,1.0,1.0,-81.0
1777889415.2003324,4.0,1.0,-77.0
1777889415.2103324,1.0,1.0,-73.0
1777889415.2203324,-1.0,1.0,-73.0
1777889415.2303324,-2.0,0.0,-76.0
1777889415.2403324,-3.0,2.0,-77.0
1777889415.2503324,-1.0,5.0,-75.0
1777889415.2603323,-2.0,2.0,-74.0
1777889415.2703323,2.0,4.0,-76.0
1777889415.2803323,3.0,0.0,-79.0
1777889415.2903323,0.0,-2.0,-79.0
1777889415.3003323,0.0,-5.0,-79.0
1777889415.3103323,5.0,-8.0,-75.0
1777889415.3203323,7.0,-6.0,-69.0
1777889415.3303325,5.0,-7.0,-72.0
1777889415.3403325,1.0,-4.0,-73.0
1777889415.3503325,0.0,-4.0,-65.0
1777889415.3613324,0.0,-2.0,-69.0
1777889415.3713324,-1.0,-3.0,-72.0
1777889415.3813324,0.0,-9.0,-74.0
1777889415.3913324,4.0,-9.0,-75.0
1777889415.4013324,2.0,-13.0,-76.0
1777889415.4113324,1.0,-14.0,-74.0
1777889415.4213324,4.0,-11.0,-75.0
1777889415.4313323,7.0,-10.0,-80.0
1777889415.4413323,8.0,-10.0,-71.0
1777889415.4513323,3.0,-9.0,-71.0
1777889415.4613323,3.0,-9.0,-69.0
1777889415.4713323,1.0,-9.0,-69.0
1777889415.4813323,1.0,-13.0,-63.0
1777889415.4913323,2.0,-8.0,-71.0
1777889415.5013323,0.0,-6.0,-75.0
1777889415.5113325,-2.0,-3.0,-68.0
1777889415.5213325,1.0,0.0,-64.0
1777889415.5313325,0.0,2.0,-61.0
1777889415.5413325,0.0,-2.0,-65.0
1777889415.5513325,-1.0,0.0,-65.0
1777889415.5613325,-1.0,4.0,-61.0
1777889415.5713325,0.0,3.0,-63.0
1777889415.5813324,3.0,-2.0,-67.0
1777889415.5913324,7.0,-3.0,-74.0
1777889415.6013324,7.0,-8.0,-80.0
1777889415.6113324,8.0,-10.0,-72.0
1777889415.6213324,6.0,-10.0,-69.0
1777889415.6313324,2.0,-8.0,-66.0
1777889415.6413324,0.0,-9.0,-69.0
1777889415.6513324,2.0,-8.0,-70.0
1777889415.6613324,3.0,-5.0,-69.0
1777889415.6713324,4.0,-1.0,-71.0
1777889415.6813323,4.0,0.0,-71.0
1777889415.6913323,2.0,-1.0,-74.0
1777889415.7013323,1.0,0.0,-71.0
1777889415.7113323,-1.0,0.0,-68.0
1777889415.7213323,2.0,3.0,-68.0
1777889415.7313323,5.0,2.0,-74.0
1777889415.7413323,5.0,1.0,-79.0
1777889415.7513323,6.0,-2.0,-83.0
1777889415.7613325,3.0,-1.0,-80.0
1777889415.7713325,0.0,-5.0,-83.0
1777889415.7813325,5.0,-7.0,-87.0
1777889415.7913325,6.0,-8.0,-92.0
1777889415.8013325,4.0,-7.0,-88.0
1777889415.8113325,4.0,-7.0,-78.0
1777889415.8213325,3.0,-8.0,-86.0
1777889415.8313324,-1.0,-10.0,-85.0
1777889415.8413324,-5.0,-12.0,-87.0
1777889415.8513324,-4.0,-7.0,-84.0
1777889415.8613324,-3.0,-4.0,-76.0
1777889415.8713324,-4.0,-1.0,-77.0
1777889415.8813324,-7.0,-2.0,-74.0
1777889415.8913324,-7.0,-4.0,-67.0
1777889415.9013324,-4.0,0.0,-67.0
1777889415.9113324,-1.0,-1.0,-69.0
1777889415.9213324,0.0,0.0,-75.0
1777889415.9313323,0.0,0.0,-77.0
1777889415.9413323,1.0,0.0,-77.0
1777889415.9513323,2.0,-1.0,-75.0
1777889415.9613323,-1.0,-3.0,-74.0
1777889415.9713323,-2.0,-3.0,-74.0
1777889415.9813323,0.0,-1.0,-77.0
1777889415.9913323,3.0,-3.0,-68.0
1777889416.0013323,0.0,-4.0,-60.0
1777889416.0113325,5.0,-1.0,-64.0
1777889416.0213325,5.0,-1.0,-65.0
1777889416.0313325,0.0,0.0,-68.0
1777889416.0413325,-1.0,0.0,-64.0
1777889416.0513325,-3.0,-1.0,-64.0
1777889416.0613325,0.0,0.0,-65.0
1777889416.0713325,0.0,0.0,-71.0
1777889416.0813324,0.0,1.0,-75.0
1777889416.0913324,4.0,2.0,-80.0
1777889416.1013324,4.0,2.0,-74.0
1777889416.1113324,2.0,4.0,-75.0
1777889416.1213324,3.0,1.0,-74.0
1777889416.1313324,2.0,7.0,-73.0
1777889416.1413324,-2.0,3.0,-73.0
1777889416.1513324,0.0,-1.0,-70.0
1777889416.1613324,7.0,-1.0,-69.0
1777889416.1713324,1.0,0.0,-68.0
1777889416.1813323,0.0,0.0,-67.0
1777889416.1913323,2.0,-4.0,-70.0
1777889416.2013323,3.0,-1.0,-68.0
1777889416.2113323,1.0,0.0,-73.0
1777889416.2213323,4.0,3.0,-81.0
1777889416.2313323,3.0,1.0,-82.0
1777889416.2413323,1.0,0.0,-81.0
1777889416.2513323,7.0,-2.0,-76.0
1777889416.2613325,10.0,-1.0,-78.0
1777889416.2713325,7.0,-1.0,-74.0
1777889416.2813325,8.0,0.0,-68.0
1777889416.2913325,3.0,0.0,-66.0
1777889416.3013325,4.0,-4.0,-66.0
1777889416.3113325,3.0,0.0,-66.0
1777889416.3213325,0.0,-1.0,-65.0
1777889416.3313324,2.0,-1.0,-73.0
1777889416.3413324,2.0,0.0,-71.0
1777889416.3513324,2.0,0.0,-71.0
1777889416.3613324,-1.0,-2.0,-74.0
1777889416.3713324,-3.0,-5.0,-70.0
1777889416.3813324,-7.0,-5.0,-69.0
1777889416.3913324,-6.0,-7.0,-69.0
1777889416.4013324,-5.0,0.0,-62.0
1777889416.4113324,-2.0,1.0,-68.0
1777889416.4213324,-5.0,0.0,-68.0
1777889416.4313323,-2.0,2.0,-70.0
1777889416.4413323,2.0,4.0,-75.0
1777889416.4513323,2.0,5.0,-77.0
1777889416.4613323,4.0,2.0,-82.0
1777889416.4713323,5.0,0.0,-75.0
1777889416.4813323,4.0,4.0,-72.0
1777889416.4913323,2.0,4.0,-74.0
1777889416.5013323,-1.0,6.0,-78.0
1777889416.5113325,-1.0,0.0,-74.0
1777889416.5213325,-3.0,-1.0,-81.0
1777889416.5313325,3.0,-3.0,-77.0
1777889416.5413325,0.0,-4.0,-75.0
1777889416.5513325,0.0,-4.0,-74.0
1777889416.5613325,-2.0,-5.0,-69.0
1777889416.5713325,-2.0,-4.0,-65.0
1777889416.5813324,-3.0,-1.0,-61.0
1777889416.5913324,-6.0,0.0,-63.0
1777889416.6013324,-1.0,0.0,-66.0
1777889416.6113324,-4.0,0.0,-67.0
1777889416.6213324,-4.0,-2.0,-64.0
1777889416.6313324,-4.0,0.0,-61.0
1777889416.6413324,-2.0,3.0,-70.0
1777889416.6513324,1.0,2.0,-75.0
1777889416.6613324,2.0,4.0,-76.0
1777889416.6713324,0.0,1.0,-74.0
1777889416.6813323,6.0,0.0,-77.0
1777889416.6913323,2.0,0.0,-78.0
1777889416.7013323,0.0,-3.0,-78.0
1777889416.7113323,-4.0,-4.0,-75.0
1777889416.7213323,-9.0,-2.0,-76.0
1777889416.7313323,-7.0,1.0,-72.0
1777889416.7413323,-8.0,1.0,-71.0
1777889416.7513323,-1.0,3.0,-71.0
1777889416.7613325,0.0,7.0,-73.0
1777889416.7713325,1.0,6.0,-68.0
1777889416.7813325,2.0,3.0,-68.0
1777889416.7913325,2.0,8.0,-69.0
1777889416.8013325,2.0,7.0,-68.0
1777889416.8113325,4.0,9.0,-70.0
1777889416.8213325,6.0,4.0,-69.0
1777889416.8313324,3.0,3.0,-65.0
1777889416.8413324,4.0,0.0,-69.0
1777889416.8513324,5.0,-1.0,-78.0
1777889416.8613324,2.0,0.0,-83.0
1777889416.8713324,0.0,0.0,-79.0
1777889416.8813324,-9.0,-3.0,-80.0
1777889416.8913324,-1.0,-4.0,-79.0
1777889416.9013324,2.0,-1.0,-81.0
1777889416.9113324,0.0,1.0,-82.0
1777889416.9213324,0.0,1.0,-74.0
1777889416.9313323,-4.0,-3.0,-70.0
1777889416.9413323,1.0,-2.0,-73.0
1777889416.9513323,0.0,-1.0,-73.0
1777889416.9613323,-3.0,0.0,-73.0
1777889416.9713323,-1.0,0.0,-68.0
1777889416.9813323,1.0,0.0,-67.0
1777889416.9913323,0.0,0.0,-72.0
1777889417.0013323,0.0,0.0,-77.0
1777889417.0113325,0.0,0.0,-86.0
1777889417.0213325,0.0,1.0,-93.0
1777889417.0313325,0.0,-1.0,-86.0
1777889417.0413325,-2.0,0.0,-87.0
1777889417.0513325,-2.0,2.0,-80.0
1777889417.0613325,-4.0,5.0,-70.0
1777889417.0713325,-5.0,3.0,-67.0
1777889417.0813324,-6.0,0.0,-69.0
1777889417.0913324,-8.0,-1.0,-69.0
1777889417.1013324,-5.0,-2.0,-68.0
1777889417.1113324,-2.0,-3.0,-75.0
1777889417.1213324,-5.0,-2.0,-79.0
1777889417.1313324,-5.0,2.0,-74.0
1777889417.1413324,-3.0,1.0,-77.0
1777889417.1513324,-3.0,1.0,-81.0
1777889417.1613324,0.0,4.0,-92.0
1777889417.1713324,4.0,4.0,-90.0
1777889417.1813323,1.0,1.0,-85.0
1777889417.1913323,0.0,-1.0,-83.0
1777889417.2013323,-1.0,-1.0,-82.0
1777889417.2113323,2.0,-4.0,-86.0
1777889417.2213323,-3.0,-2.0,-86.0
1777889417.2313323,0.0,-2.0,-76.0
1777889417.2413323,0.0,0.0,-79.0
1777889417.2513323,0.0,-3.0,-84.0
1777889417.2613325,3.0,-3.0,-81.0
1777889417.2713325,6.0,-7.0,-78.0
1777889417.2813325,10.0,-7.0,-77.0
1777889417.2913325,7.0,-5.0,-76.0
1777889417.3013325,4.0,-4.0,-79.0
1777889417.3113325,0.0,0.0,-78.0
1777889417.3213325,1.0,0.0,-82.0
1777889417.3313324,4.0,0.0,-82.0
1777889417.3423324,0.0,-1.0,-87.0
1777889417.3523324,-2.0,0.0,-86.0
1777889417.3623323,3.0,-1.0,-85.0
1777889417.3723323,5.0,-2.0,-82.0
1777889417.3823323,5.0,-4.0,-79.0
1777889417.3923323,7.0,-6.0,-75.0
1777889417.4023323,7.0,-5.0,-73.0
1777889417.4123323,2.0,0.0,-66.0
1777889417.4223323,0.0,1.0,-63.0
1777889417.4323325,2.0,0.0,-57.0
1777889417.4423325,3.0,0.0,-62.0
1777889417.4523325,8.0,0.0,-70.0
1777889417.4623325,5.0,6.0,-67.0
1777889417.4723325,5.0,5.0,-63.0
1777889417.4823325,5.0,5.0,-65.0
1777889417.4923325,5.0,7.0,-65.0
1777889417.5023324,1.0,3.0,-71.0
1777889417.5123324,1.0,-1.0,-73.0
1777889417.5223324,2.0,-5.0,-78.0
1777889417.5323324,2.0,0.0,-76.0
1777889417.5423324,5.0,4.0,-78.0
1777889417.5523324,3.0,4.0,-82.0
1777889417.5623324,6.0,4.0,-83.0
1777889417.5723324,3.0,1.0,-82.0
1777889417.5823324,-1.0,-2.0,-81.0
1777889417.5923324,3.0,-2.0,-78.0
1777889417.6023324,0.0,-1.0,-76.0
1777889417.6123323,-2.0,-1.0,-73.0
1777889417.6223323,-4.0,-3.0,-77.0
1777889417.6323323,-1.0,-1.0,-81.0
1777889417.6423323,1.0,-5.0,-76.0
1777889417.6523323,6.0,-2.0,-75.0
1777889417.6623323,11.0,-1.0,-76.0
1777889417.6723323,12.0,-4.0,-70.0
1777889417.6823325,13.0,1.0,-76.0
1777889417.6923325,6.0,-3.0,-77.0
1777889417.7023325,2.0,-5.0,-82.0
1777889417.7123325,0.0,-5.0,-82.0
1777889417.7223325,0.0,-8.0,-74.0
1777889417.7323325,4.0,-5.0,-76.0
1777889417.7423325,4.0,-11.0,-83.0
1777889417.7523324,5.0,-7.0,-82.0
1777889417.7623324,3.0,-4.0,-80.0
1777889417.7723324,3.0,-3.0,-71.0
1777889417.7823324,2.0,-3.0,-73.0
1777889417.7923324,2.0,-5.0,-71.0
1777889417.8023324,0.0,-8.0,-84.0
1777889417.8123324,-2.0,-7.0,-84.0
1777889417.8223324,1.0,-2.0,-83.0
1777889417.8333323,5.0,0.0,-79.0
1777889417.8423324,0.0,1.0,-77.0
1777889417.8523324,0.0,-2.0,-83.0
1777889417.8623323,-2.0,-3.0,-81.0
1777889417.8723323,-3.0,-4.0,-76.0
1777889417.8823323,-4.0,-6.0,-68.0
1777889417.8923323,-2.0,-5.0,-66.0
1777889417.9023323,-7.0,-5.0,-72.0
1777889417.9123323,-5.0,-4.0,-79.0
1777889417.9223323,-1.0,-2.0,-80.0
1777889417.9323325,5.0,-5.0,-79.0
1777889417.9423325,8.0,-5.0,-86.0
1777889417.9523325,8.0,-4.0,-87.0
1777889417.9623325,5.0,-6.0,-90.0
1777889417.9723325,2.0,0.0,-88.0
1777889417.9823325,1.0,2.0,-88.0
1777889417.9923325,0.0,4.0,-86.0
1777889418.0023324,1.0,2.0,-81.0
1777889418.0123324,0.0,5.0,-77.0
1777889418.0223324,0.0,3.0,-71.0
1777889418.0323324,1.0,0.0,-73.0
1777889418.0423324,0.0,-3.0,-76.0
1777889418.0523324,0.0,-3.0,-76.0
1777889418.0623324,-1.0,-6.0,-79.0
1777889418.0723324,-2.0,-7.0,-81.0
1777889418.0823324,0.0,-5.0,-81.0
1777889418.0923324,-1.0,2.0,-81.0
1777889418.1023324,-7.0,0.0,-80.0
1777889418.1123323,-2.0,0.0,-74.0
1777889418.1223323,3.0,-2.0,-72.0
1777889418.1323323,0.0,-4.0,-66.0
1777889418.1423323,-1.0,-1.0,-65.0
1777889418.1523323,-2.0,0.0,-71.0
1777889418.1623323,0.0,5.0,-74.0
1777889418.1723323,3.0,2.0,-70.0
1777889418.1823325,5.0,-4.0,-71.0
1777889418.1923325,2.0,-5.0,-75.0
1777889418.2023325,1.0,-7.0,-76.0
1777889418.2123325,3.0,-7.0,-74.0
1777889418.2223325,1.0,-6.0,-74.0
1777889418.2323325,0.0,-5.0,-75.0
1777889418.2423325,-4.0,-3.0,-69.0
1777889418.2523324,3.0,-1.0,-64.0
1777889418.2623324,2.0,-1.0,-72.0
1777889418.2723324,-1.0,-3.0,-79.0
1777889418.2823324,-1.0,-4.0,-78.0
1777889418.2923324,0.0,0.0,-74.0
1777889418.3023324,2.0,0.0,-76.0
1777889418.3123324,7.0,-1.0,-75.0
1777889418.3223324,6.0,0.0,-74.0
1777889418.3323324,4.0,0.0,-74.0
1777889418.3423324,-2.0,4.0,-78.0
1777889418.3523324,1.0,4.0,-79.0
1777889418.3623323,1.0,4.0,-73.0
1777889418.3723323,3.0,4.0,-71.0
1777889418.3823323,5.0,10.0,-72.0
1777889418.3923323,6.0,7.0,-72.0
1777889418.4023323,4.0,4.0,-71.0
1777889418.4123323,8.0,1.0,-69.0
1777889418.4223323,8.0,3.0,-74.0
1777889418.4323325,2.0,5.0,-75.0
1777889418.4423325,5.0,1.0,-76.0
1777889418.4523325,-2.0,1.0,-80.0
1777889418.4623325,-6.0,4.0,-73.0
1777889418.4723325,-7.0,3.0,-75.0
1777889418.4823325,1.0,-1.0,-73.0
1777889418.4923325,4.0,-2.0,-75.0
1777889418.5023324,5.0,-3.0,-77.0
1777889418.5123324,5.0,-2.0,-75.0
1777889418.5223324,8.0,-4.0,-78.0
1777889418.5323324,4.0,-3.0,-81.0
1777889418.5423324,4.0,0.0,-74.0
1777889418.5523324,6.0,0.0,-72.0
1777889418.5623324,8.0,2.0,-75.0
1777889418.5723324,2.0,7.0,-78.0
1777889418.5823324,-1.0,8.0,-82.0
1777889418.5923324,0.0,6.0,-86.0
1777889418.6023324,0.0,3.0,-83.0
1777889418.6123323,-1.0,0.0,-80.0
1777889418.6223323,1.0,0.0,-82.0
1777889418.6323323,3.0,3.0,-82.0
1777889418.6423323,-1.0,3.0,-85.0
1777889418.6523323,-1.0,0.0,-79.0
1777889418.6623323,0.0,3.0,-76.0
1777889418.6723323,3.0,6.0,-70.0
1777889418.6823325,7.0,2.0,-68.0
1777889418.6923325,8.0,4.0,-63.0
1777889418.7023325,11.0,3.0,-60.0
1777889418.7123325,7.0,-1.0,-64.0
1777889418.7223325,4.0,-3.0,-67.0
1777889418.7323325,0.0,-4.0,-67.0
1777889418.7423325,-2.0,-1.0,-72.0
1777889418.7523324,-3.0,-2.0,-70.0
1777889418.7623324,2.0,0.0,-73.0
1777889418.7723324,-3.0,3.0,-75.0
1777889418.7823324,-4.0,0.0,-80.0
1777889418.7923324,-7.0,0.0,-72.0
1777889418.8023324,-6.0,4.0,-76.0
1777889418.8123324,-3.0,1.0,-82.0
1777889418.8223324,-1.0,0.0,-87.0
1777889418.8323324,1.0,0.0,-83.0
1777889418.8423324,1.0,-3.0,-76.0
1777889418.8523324,0.0,-4.0,-74.0
1777889418.8623323,1.0,-3.0,-70.0
1777889418.8723323,-1.0,-4.0,-72.0
1777889418.8823323,-2.0,-8.0,-72.0
1777889418.8923323,-1.0,-8.0,-72.0
1777889418.9023323,2.0,-5.0,-77.0
1777889418.9123323,4.0,-8.0,-76.0
1777889418.9223323,1.0,-6.0,-71.0
1777889418.9323325,2.0,-5.0,-74.0
1777889418.9423325,5.0,-8.0,-77.0
1777889418.9523325,5.0,-10.0,-76.0
1777889418.9623325,5.0,-8.0,-80.0
1777889418.9723325,2.0,-9.0,-77.0
1777889418.9823325,0.0,-5.0,-84.0
1777889418.9923325,0.0,-2.0,-87.0
1777889419.0023324,3.0,-2.0,-92.0
1777889419.0123324,2.0,-3.0,-92.0
1777889419.0223324,2.0,-5.0,-83.0
1777889419.0323324,2.0,-7.0,-76.0
1777889419.0423324,1.0,-5.0,-68.0
1777889419.0523324,-1.0,-3.0,-73.0
1777889419.0623324,0.0,-8.0,-70.0
1777889419.0723324,1.0,-7.0,-74.0
1777889419.0823324,-2.0,-2.0,-83.0
1777889419.0923324,0.0,-1.0,-80.0
1777889419.1023324,-1.0,1.0,-75.0
1777889419.1123323,-1.0,0.0,-74.0
1777889419.1223323,0.0,-2.0,-75.0
1777889419.1323323,-3.0,-2.0,-84.0
1777889419.1423323,1.0,0.0,-85.0
1777889419.1523323,4.0,0.0,-84.0
1777889419.1623323,3.0,-6.0,-83.0
1777889419.1723323,4.0,-3.0,-88.0
1777889419.1823325,3.0,1.0,-87.0
1777889419.1923325,2.0,1.0,-88.0
1777889419.2023325,3.0,0.0,-85.0
1777889419.2123325,1.0,5.0,-82.0
1777889419.2223325,0.0,6.0,-84.0
1777889419.2323325,3.0,2.0,-76.0
1777889419.2423325,0.0,0.0,-76.0
1777889419.2523324,4.0,-3.0,-74.0
1777889419.2623324,2.0,-3.0,-76.0
1777889419.2723324,-1.0,-4.0,-75.0
1777889419.2833323,-3.0,-5.0,-77.0
1777889419.2933323,-6.0,-2.0,-78.0
1777889419.3023324,-6.0,-6.0,-84.0
1777889419.3133323,-5.0,-2.0,-87.0
1777889419.3233323,-7.0,-4.0,-88.0
1777889419.3333323,-4.0,-4.0,-87.0
1777889419.3433323,-6.0,-5.0,-81.0
1777889419.3533323,-9.0,-4.0,-76.0
1777889419.3633325,-9.0,-4.0,-69.0
1777889419.3733325,-7.0,-2.0,-67.0
1777889419.3833325,-3.0,-1.0,-67.0
1777889419.3933325,-5.0,0.0,-65.0
1777889419.4033325,-4.0,0.0,-72.0
1777889419.4133325,-2.0,-2.0,-73.0
1777889419.4233325,-1.0,-5.0,-78.0
1777889419.4333324,0.0,-7.0,-78.0
1777889419.4433324,4.0,-5.0,-77.0
1777889419.4533324,3.0,-3.0,-75.0
1777889419.4633324,1.0,-3.0,-73.0
1777889419.4733324,1.0,0.0,-68.0
1777889419.4833324,0.0,0.0,-65.0
1777889419.4933324,0.0,0.0,-57.0
1777889419.5033324,1.0,0.0,-60.0
1777889419.5133324,0.0,0.0,-69.0
1777889419.5233324,2.0,3.0,-73.0
1777889419.5333323,1.0,2.0,-74.0
1777889419.5433323,5.0,-1.0,-79.0
1777889419.5533323,2.0,-1.0,-78.0
1777889419.5633323,1.0,1.0,-79.0
1777889419.5733323,4.0,0.0,-80.0
1777889419.5833323,7.0,-1.0,-77.0
1777889419.5933323,4.0,-3.0,-74.0
1777889419.6033323,7.0,-5.0,-72.0
1777889419.6133325,8.0,-3.0,-76.0
1777889419.6233325,6.0,-2.0,-82.0
1777889419.6333325,3.0,0.0,-81.0
1777889419.6433325,-1.0,-1.0,-86.0
1777889419.6533325,-1.0,-2.0,-90.0
1777889419.6633325,-2.0,-5.0,-89.0
1777889419.6733325,-2.0,-2.0,-88.0
1777889419.6833324,-7.0,-3.0,-88.0
1777889419.6933324,-6.0,-2.0,-87.0
1777889419.7033324,-6.0,-1.0,-87.0
1777889419.7133324,-5.0,-2.0,-83.0
1777889419.7233324,-3.0,0.0,-82.0
1777889419.7333324,-4.0,0.0,-78.0
1777889419.7433324,-9.0,2.0,-78.0
1777889419.7533324,-5.0,7.0,-78.0
1777889419.7633324,-6.0,6.0,-80.0
1777889419.7733324,-1.0,2.0,-77.0
1777889419.7833323,-1.0,0.0,-77.0
1777889419.7933323,0.0,1.0,-77.0
1777889419.8033323,1.0,-1.0,-78.0
1777889419.8133323,0.0,-4.0,-79.0
1777889419.8233323,0.0,0.0,-82.0
1777889419.8333323,3.0,3.0,-92.0
1777889419.8433323,0.0,1.0,-85.0
1777889419.8533323,0.0,1.0,-81.0
1777889419.8633325,0.0,1.0,-85.0
1777889419.8733325,1.0,-3.0,-80.0
1777889419.8833325,1.0,0.0,-79.0
1777889419.8933325,-1.0,0.0,-81.0
1777889419.9033325,-5.0,0.0,-75.0
1777889419.9133325,-7.0,0.0,-75.0
1777889419.9233325,-1.0,0.0,-76.0
1777889419.9333324,4.0,-5.0,-74.0
1777889419.9423325,7.0,-7.0,-74.0
1777889419.9533324,9.0,-7.0,-81.0
1777889419.9633324,5.0,-10.0,-79.0
1777889419.9733324,4.0,-11.0,-75.0
1777889419.9833324,5.0,-12.0,-69.0
1777889419.9933324,0.0,-7.0,-70.0
1777889420.0033324,0.0,-7.0,-71.0
1777889420.0133324,-4.0,-5.0,-75.0
1777889420.0233324,-3.0,-7.0,-73.0
1777889420.0333323,-4.0,-8.0,-70.0
1777889420.0433323,3.0,-7.0,-75.0
1777889420.0533323,4.0,-7.0,-74.0
1777889420.0633323,0.0,-6.0,-79.0
1777889420.0733323,1.0,-6.0,-82.0
1777889420.0833323,0.0,-2.0,-81.0
1777889420.0933323,1.0,-2.0,-76.0
1777889420.1033323,0.0,-3.0,-75.0
1777889420.1133325,3.0,-5.0,-71.0
1777889420.1233325,4.0,-4.0,-63.0
1777889420.1333325,3.0,-1.0,-67.0
1777889420.1433325,5.0,-1.0,-72.0
1777889420.1533325,0.0,-2.0,-71.0
1777889420.1633325,-2.0,-3.0,-80.0
1777889420.1733325,-3.0,0.0,-81.0
1777889420.1833324,-3.0,4.0,-77.0
1777889420.1933324,-4.0,1.0,-74.0
1777889420.2033324,-1.0,0.0,-71.0
1777889420.2133324,0.0,-4.0,-66.0
1777889420.2233324,7.0,-1.0,-73.0
1777889420.2333324,5.0,0.0,-76.0
1777889420.2433324,1.0,0.0,-73.0
1777889420.2533324,1.0,0.0,-72.0
1777889420.2633324,3.0,-1.0,-64.0
1777889420.2733324,4.0,0.0,-58.0
1777889420.2833323,6.0,1.0,-67.0
1777889420.2933323,5.0,0.0,-68.0
1777889420.3033323,5.0,1.0,-71.0
1777889420.3133323,0.0,2.0,-76.0
1777889420.3233323,0.0,0.0,-74.0
1777889420.3333323,-6.0,0.0,-81.0
1777889420.3433323,-6.0,0.0,-77.0
1777889420.3533323,-5.0,-1.0,-80.0
1777889420.3633325,-1.0,-3.0,-83.0
1777889420.3733325,4.0,0.0,-76.0
1777889420.3833325,5.0,1.0,-82.0
1777889420.3933325,2.0,1.0,-81.0
1777889420.4033325,3.0,1.0,-84.0
1777889420.4133325,3.0,1.0,-84.0
1777889420.4233325,1.0,1.0,-82.0
1777889420.4333324,1.0,-1.0,-81.0
1777889420.4433324,5.0,-4.0,-77.0
1777889420.4533324,1.0,-4.0,-75.0
1777889420.4633324,0.0,-5.0,-72.0
1777889420.4733324,2.0,-4.0,-69.0
1777889420.4833324,1.0,-2.0,-68.0
1777889420.4933324,1.0,0.0,-71.0
1777889420.5033324,0.0,1.0,-69.0
1777889420.5133324,0.0,1.0,-66.0
1777889420.5233324,0.0,3.0,-68.0
1777889420.5333323,-1.0,0.0,-71.0
1777889420.5433323,-1.0,-4.0,-73.0
1777889420.5533323,2.0,-3.0,-77.0
1777889420.5633323,4.0,-6.0,-71.0
1777889420.5733323,0.0,-3.0,-66.0
1777889420.5833323,0.0,-8.0,-68.0
1777889420.5933323,0.0,-10.0,-70.0
1777889420.6033323,-4.0,-7.0,-69.0
1777889420.6133325,-3.0,1.0,-69.0
1777889420.6233325,-1.0,1.0,-66.0
1777889420.6333325,1.0,1.0,-65.0
1777889420.6433325,0.0,2.0,-74.0
1777889420.6533325,0.0,2.0,-75.0
1777889420.6633325,0.0,2.0,-79.0
1777889420.6733325,3.0,0.0,-82.0
1777889420.6833324,3.0,-6.0,-83.0
1777889420.6933324,7.0,-5.0,-79.0
1777889420.7033324,7.0,-3.0,-76.0
1777889420.7133324,2.0,-1.0,-81.0
1777889420.7233324,2.0,0.0,-85.0
1777889420.7333324,0.0,0.0,-81.0
1777889420.7433324,2.0,0.0,-81.0
1777889420.7533324,6.0,0.0,-73.0
1777889420.7633324,4.0,-1.0,-71.0
1777889420.7733324,3.0,-4.0,-72.0
1777889420.7833323,3.0,-3.0,-71.0
1777889420.7933323,2.0,-1.0,-70.0
1777889420.8033323,4.0,0.0,-70.0
1777889420.8133323,3.0,-1.0,-64.0
1777889420.8233323,3.0,4.0,-61.0
1777889420.8333323,3.0,6.0,-62.0
1777889420.8433323,3.0,5.0,-72.0
1777889420.8533323,7.0,4.0,-72.0
1777889420.8633325,3.0,0.0,-69.0
1777889420.8733325,6.0,1.0,-72.0
1777889420.8833325,5.0,1.0,-71.0
1777889420.8933325,0.0,0.0,-73.0
1777889420.9033325,2.0,0.0,-73.0
1777889420.9133325,3.0,-2.0,-77.0
1777889420.9233325,2.0,-3.0,-73.0
1777889420.9333324,2.0,-4.0,-72.0
1777889420.9433324,2.0,0.0,-69.0
1777889420.9533324,1.0,-2.0,-69.0
1777889420.9633324,-2.0,-2.0,-71.0
1777889420.9733324,3.0,0.0,-71.0
1777889420.9833324,5.0,-3.0,-78.0
1777889420.9933324,4.0,-2.0,-75.0
1777889421.0033324,6.0,0.0,-74.0
1777889421.0133324,6.0,0.0,-74.0
1777889421.0233324,7.0,-1.0,-76.0
1777889421.0333323,5.0,-2.0,-75.0
1777889421.0433323,4.0,-5.0,-74.0
1777889421.0533323,2.0,-1.0,-70.0
1777889421.0633323,5.0,0.0,-78.0
1777889421.0733323,6.0,2.0,-81.0
1777889421.0833323,8.0,3.0,-83.0
1777889421.0933323,0.0,2.0,-80.0
1777889421.1033323,0.0,0.0,-76.0
1777889421.1133325,1.0,-1.0,-72.0
1777889421.1233325,1.0,0.0,-71.0
1777889421.1333325,-1.0,-4.0,-80.0
1777889421.1433325,-2.0,-5.0,-77.0
1777889421.1533325,-4.0,-2.0,-76.0
1777889421.1633325,-4.0,1.0,-76.0
1777889421.1733325,0.0,3.0,-75.0
1777889421.1833324,-1.0,3.0,-73.0
1777889421.1933324,1.0,1.0,-78.0
1777889421.2033324,6.0,-2.0,-85.0
1777889421.2133324,6.0,1.0,-88.0
1777889421.2233324,4.0,2.0,-85.0
1777889421.2333324,1.0,0.0,-83.0
1777889421.2433324,3.0,2.0,-80.0
1777889421.2533324,5.0,0.0,-81.0
1777889421.2633324,4.0,0.0,-78.0
1777889421.2733324,0.0,2.0,-76.0
1777889421.2833323,-1.0,4.0,-76.0
1777889421.2943325,0.0,4.0,-66.0
1777889421.3033323,2.0,8.0,-63.0
1777889421.3143325,1.0,8.0,-62.0
1777889421.3243325,3.0,7.0,-69.0
1777889421.3343325,5.0,4.0,-70.0
1777889421.3443325,0.0,-2.0,-72.0
1777889421.3543324,-1.0,-8.0,-73.0
1777889421.3643324,-2.0,-12.0,-75.0
1777889421.3743324,0.0,-7.0,-72.0
1777889421.3843324,1.0,-5.0,-72.0
1777889421.3943324,1.0,-1.0,-69.0
1777889421.4043324,4.0,-2.0,-74.0
1777889421.4143324,1.0,-4.0,-75.0
1777889421.4243324,-1.0,-4.0,-70.0
1777889421.4343324,-1.0,-4.0,-70.0
1777889421.4443324,3.0,-4.0,-76.0
1777889421.4543324,1.0,-4.0,-69.0
1777889421.4643323,5.0,-4.0,-67.0
1777889421.4743323,7.0,0.0,-68.0
1777889421.4843323,8.0,-2.0,-68.0
1777889421.4943323,10.0,2.0,-75.0
1777889421.5043323,4.0,0.0,-77.0
1777889421.5143323,5.0,0.0,-77.0
1777889421.5243323,6.0,-1.0,-77.0
1777889421.5343325,1.0,-2.0,-75.0
1777889421.5443325,0.0,-3.0,-75.0
1777889421.5543325,0.0,-6.0,-77.0
1777889421.5643325,0.0,-8.0,-81.0
1777889421.5743325,0.0,-8.0,-77.0
1777889421.5843325,-3.0,-6.0,-81.0
1777889421.5943325,-5.0,-8.0,-76.0
1777889421.6043324,-4.0,-9.0,-69.0
1777889421.6143324,-2.0,-4.0,-68.0
1777889421.6243324,-1.0,-2.0,-64.0
1777889421.6343324,-4.0,-2.0,-64.0
1777889421.6443324,-9.0,-4.0,-67.0
1777889421.6543324,-8.0,-4.0,-71.0
1777889421.6643324,-7.0,0.0,-74.0
1777889421.6743324,-8.0,4.0,-77.0
1777889421.6843324,-7.0,4.0,-71.0
1777889421.6943324,-8.0,0.0,-76.0
1777889421.7043324,-5.0,0.0,-71.0
1777889421.7143323,-5.0,-2.0,-74.0
1777889421.7243323,-3.0,-6.0,-81.0
1777889421.7343323,0.0,-8.0,-81.0
1777889421.7443323,1.0,-5.0,-76.0
1777889421.7543323,0.0,-1.0,-74.0
1777889421.7643323,0.0,-1.0,-75.0
1777889421.7743323,-4.0,-7.0,-72.0
1777889421.7843325,-7.0,-5.0,-68.0
1777889421.7943325,-2.0,-5.0,-74.0
1777889421.8043325,0.0,-4.0,-81.0
1777889421.8143325,-2.0,-2.0,-90.0
1777889421.8243325,-3.0,-3.0,-93.0
1777889421.8343325,-3.0,-1.0,-95.0
1777889421.8443325,-4.0,0.0,-87.0
1777889421.8543324,-3.0,0.0,-79.0
1777889421.8643324,0.0,0.0,-78.0
1777889421.8743324,0.0,0.0,-80.0
1777889421.8843324,3.0,2.0,-79.0
1777889421.8943324,2.0,2.0,-76.0
1777889421.9043324,8.0,2.0,-74.0
1777889421.9143324,5.0,3.0,-76.0
1777889421.9243324,6.0,0.0,-78.0
1777889421.9343324,0.0,0.0,-79.0
1777889421.9443324,2.0,-4.0,-79.0
1777889421.9543324,5.0,-6.0,-77.0
1777889421.9643323,3.0,-2.0,-78.0
1777889421.9743323,5.0,-1.0,-77.0
1777889421.9843323,9.0,-1.0,-80.0
1777889421.9943323,4.0,0.0,-77.0
1777889422.0043323,-1.0,0.0,-78.0
1777889422.0143323,1.0,0.0,-75.0
1777889422.0243323,1.0,-2.0,-75.0
1777889422.0343325,3.0,-2.0,-76.0
1777889422.0443325,6.0,-7.0,-82.0
1777889422.0543325,0.0,-4.0,-82.0
1777889422.0643325,1.0,0.0,-80.0
1777889422.0743325,1.0,4.0,-78.0
1777889422.0843325,0.0,9.0,-76.0
1777889422.0943325,5.0,10.0,-73.0
1777889422.1043324,4.0,8.0,-73.0
1777889422.1143324,3.0,6.0,-71.0
1777889422.1243324,5.0,5.0,-70.0
1777889422.1343324,2.0,1.0,-69.0
1777889422.1443324,0.0,0.0,-71.0
1777889422.1543324,-1.0,3.0,-72.0
1777889422.1643324,-4.0,6.0,-73.0
1777889422.1743324,-3.0,8.0,-65.0
1777889422.1843324,-2.0,7.0,-58.0
1777889422.1943324,-1.0,5.0,-63.0
1777889422.2043324,3.0,3.0,-65.0
1777889422.2143323,0.0,3.0,-62.0
1777889422.2243323,-1.0,4.0,-65.0
1777889422.2343323,0.0,7.0,-69.0
1777889422.2443323,-2.0,10.0,-77.0
1777889422.2543323,0.0,11.0,-76.0
1777889422.2643323,-1.0,8.0,-77.0
1777889422.2743323,0.0,8.0,-76.0
1777889422.2843325,-4.0,4.0,-67.0
1777889422.2943325,-5.0,0.0,-73.0
1777889422.3043325,-6.0,-4.0,-64.0
1777889422.3143325,-7.0,-6.0,-62.0
1777889422.3243325,-6.0,-3.0,-62.0
1777889422.3343325,-5.0,-3.0,-62.0
1777889422.3443325,-3.0,0.0,-68.0
1777889422.3543324,0.0,0.0,-71.0
1777889422.3643324,-3.0,0.0,-67.0
1777889422.3743324,-1.0,-2.0,-67.0
1777889422.3843324,-2.0,-1.0,-72.0
1777889422.3943324,-2.0,1.0,-71.0
1777889422.4043324,-3.0,0.0,-66.0
1777889422.4143324,-4.0,0.0,-68.0
1777889422.4243324,0.0,2.0,-67.0
1777889422.4343324,1.0,3.0,-74.0
1777889422.4443324,2.0,-2.0,-74.0
1777889422.4543324,6.0,-3.0,-71.0
1777889422.4643323,8.0,-3.0,-75.0
1777889422.4743323,4.0,-9.0,-71.0
1777889422.4843323,5.0,-10.0,-76.0
1777889422.4943323,4.0,-12.0,-85.0
1777889422.5043323,4.0,-10.0,-76.0
1777889422.5143323,2.0,-10.0,-72.0
1777889422.5243323,1.0,-6.0,-63.0
1777889422.5343325,0.0,-6.0,-63.0
1777889422.5443325,-2.0,-4.0,-65.0
1777889422.5543325,-1.0,-5.0,-73.0
1777889422.5643325,-5.0,-4.0,-70.0
1777889422.5743325,-6.0,-4.0,-69.0
1777889422.5843325,-4.0,0.0,-64.0
1777889422.5943325,-2.0,3.0,-69.0
1777889422.6043324,-2.0,1.0,-77.0
1777889422.6143324,1.0,0.0,-75.0
1777889422.6243324,2.0,1.0,-79.0
1777889422.6343324,4.0,-3.0,-80.0
1777889422.6443324,0.0,-7.0,-81.0
1777889422.6543324,0.0,-4.0,-82.0
1777889422.6643324,1.0,0.0,-82.0
1777889422.6743324,3.0,3.0,-80.0
1777889422.6843324,1.0,7.0,-84.0
1777889422.6943324,0.0,7.0,-77.0
1777889422.7043324,0.0,2.0,-68.0
1777889422.7143323,1.0,0.0,-67.0
1777889422.7243323,-2.0,0.0,-71.0
1777889422.7343323,-4.0,2.0,-67.0
1777889422.7443323,-4.0,0.0,-61.0
1777889422.7543323,-6.0,2.0,-61.0
1777889422.7643323,-4.0,4.0,-64.0
1777889422.7743323,-3.0,4.0,-65.0
1777889422.7843325,-4.0,5.0,-61.0
1777889422.7943325,-1.0,5.0,-68.0
1777889422.8043325,-1.0,4.0,-67.0
1777889422.8143325,-1.0,4.0,-73.0
1777889422.8243325,-1.0,5.0,-77.0
1777889422.8343325,-1.0,4.0,-73.0
1777889422.8443325,1.0,5.0,-76.0
1777889422.8543324,0.0,4.0,-73.0
1777889422.8643324,1.0,1.0,-73.0
1777889422.8743324,0.0,2.0,-69.0
1777889422.8843324,0.0,1.0,-71.0
1777889422.8943324,3.0,5.0,-77.0
1777889422.9043324,5.0,2.0,-81.0
1777889422.9143324,1.0,3.0,-81.0
1777889422.9243324,3.0,0.0,-77.0
1777889422.9343324,1.0,1.0,-78.0
1777889422.9453323,-1.0,5.0,-68.0
1777889422.9543324,-2.0,2.0,-72.0
1777889422.9643323,0.0,3.0,-74.0
1777889422.9743323,-1.0,4.0,-78.0
1777889422.9843323,-1.0,6.0,-71.0
1777889422.9943323,-2.0,4.0,-69.0
1777889423.0043323,-2.0,3.0,-64.0
1777889423.0143323,-1.0,1.0,-69.0
1777889423.0243323,-4.0,2.0,-76.0
1777889423.0343325,-5.0,3.0,-78.0
1777889423.0443325,-1.0,4.0,-76.0
1777889423.0543325,0.0,1.0,-78.0
1777889423.0643325,-1.0,1.0,-84.0
1777889423.0743325,0.0,2.0,-80.0
1777889423.0843325,-4.0,0.0,-79.0
1777889423.0943325,-1.0,0.0,-75.0
1777889423.1043324,0.0,-3.0,-75.0
1777889423.1143324,-2.0,-4.0,-76.0
1777889423.1243324,-4.0,-1.0,-74.0
1777889423.1343324,-4.0,-4.0,-72.0
1777889423.1443324,-4.0,-3.0,-69.0
1777889423.1543324,0.0,-1.0,-71.0
1777889423.1643324,0.0,0.0,-70.0
1777889423.1743324,0.0,-5.0,-65.0
1777889423.1843324,0.0,-7.0,-62.0
1777889423.1943324,0.0,-8.0,-64.0
1777889423.2043324,0.0,-6.0,-71.0
1777889423.2143323,2.0,-3.0,-78.0
1777889423.2243323,5.0,-9.0,-80.0
1777889423.2343323,3.0,-12.0,-76.0
1777889423.2443323,2.0,-11.0,-73.0
1777889423.2543323,4.0,-7.0,-68.0
1777889423.2643323,5.0,-7.0,-64.0
1777889423.2743323,3.0,-8.0,-64.0
1777889423.2853324,3.0,-6.0,-66.0
1777889423.2943325,3.0,-4.0,-68.0
1777889423.3053324,0.0,-2.0,-71.0
1777889423.3153324,-1.0,-2.0,-73.0
1777889423.3253324,-2.0,-3.0,-75.0
1777889423.3353324,-1.0,-2.0,-69.0
1777889423.3453324,-3.0,-2.0,-65.0
1777889423.3553324,-2.0,-1.0,-62.0
1777889423.3653324,0.0,-2.0,-63.0
1777889423.3753324,0.0,-5.0,-58.0
1777889423.3853323,-2.0,-3.0,-61.0
1777889423.3953323,1.0,-3.0,-66.0
1777889423.4053323,-1.0,-1.0,-67.0
1777889423.4153323,-4.0,0.0,-74.0
1777889423.4253323,-5.0,0.0,-71.0
1777889423.4353323,-6.0,0.0,-66.0
1777889423.4453323,-3.0,-1.0,-76.0
1777889423.4553325,1.0,0.0,-81.0
1777889423.4653325,4.0,0.0,-78.0
1777889423.4753325,0.0,-3.0,-81.0
1777889423.4853325,0.0,-2.0,-84.0
1777889423.4953325,-3.0,-1.0,-87.0
1777889423.5053325,-4.0,-4.0,-87.0
1777889423.5153325,-4.0,-3.0,-88.0
1777889423.5253325,-2.0,-3.0,-92.0
1777889423.5353324,0.0,-2.0,-84.0
1777889423.5453324,0.0,0.0,-82.0
1777889423.5553324,2.0,1.0,-77.0
1777889423.5653324,2.0,0.0,-73.0
1777889423.5753324,-2.0,0.0,-70.0
1777889423.5853324,-4.0,0.0,-73.0
1777889423.5953324,-2.0,1.0,-81.0
1777889423.6053324,0.0,-1.0,-89.0
1777889423.6153324,0.0,-3.0,-90.0
1777889423.6253324,-1.0,-1.0,-79.0
1777889423.6353323,0.0,-2.0,-77.0
1777889423.6453323,0.0,-3.0,-74.0
1777889423.6553323,2.0,-5.0,-72.0
1777889423.6653323,-3.0,-4.0,-71.0
1777889423.6753323,0.0,-2.0,-69.0
1777889423.6853323,0.0,-3.0,-74.0
1777889423.6953323,0.0,-1.0,-70.0
1777889423.7053325,1.0,2.0,-70.0
1777889423.7153325,-1.0,0.0,-67.0
1777889423.7253325,0.0,0.0,-69.0
1777889423.7353325,2.0,-1.0,-69.0
1777889423.7453325,0.0,-2.0,-68.0
1777889423.7553325,-2.0,-2.0,-71.0
1777889423.7653325,1.0,-1.0,-72.0
1777889423.7753325,0.0,0.0,-74.0
1777889423.7853324,0.0,4.0,-68.0
1777889423.7953324,-1.0,5.0,-63.0
1777889423.8053324,0.0,5.0,-67.0
1777889423.8153324,2.0,5.0,-66.0
1777889423.8253324,-1.0,2.0,-73.0
1777889423.8353324,-1.0,2.0,-75.0
1777889423.8453324,0.0,2.0,-76.0
1777889423.8553324,6.0,1.0,-71.0
1777889423.8653324,6.0,0.0,-69.0
1777889423.8753324,5.0,-1.0,-63.0
1777889423.8853323,4.0,-3.0,-63.0
1777889423.8953323,5.0,-2.0,-67.0
1777889423.9053323,5.0,-2.0,-64.0
1777889423.9153323,3.0,-3.0,-66.0
1777889423.9253323,8.0,-4.0,-63.0
1777889423.9353323,8.0,-2.0,-60.0
1777889423.9453323,3.0,2.0,-60.0
1777889423.9553325,3.0,3.0,-65.0
1777889423.9653325,7.0,3.0,-69.0
1777889423.9753325,10.0,1.0,-71.0
1777889423.9853325,12.0,1.0,-75.0
1777889423.9953325,10.0,1.0,-78.0
1777889424.0053325,12.0,3.0,-77.0
1777889424.0153325,10.0,1.0,-75.0
1777889424.0253325,8.0,-1.0,-70.0
1777889424.0353324,4.0,0.0,-71.0
1777889424.0453324,0.0,0.0,-71.0
1777889424.0553324,-1.0,0.0,-70.0
1777889424.0653324,1.0,2.0,-68.0
1777889424.0753324,0.0,-3.0,-67.0
1777889424.0853324,0.0,-6.0,-70.0
1777889424.0953324,1.0,-4.0,-72.0
1777889424.1053324,6.0,-7.0,-72.0
1777889424.1153324,5.0,-5.0,-75.0
1777889424.1253324,5.0,-7.0,-75.0
1777889424.1353323,11.0,-8.0,-67.0
1777889424.1453323,10.0,-7.0,-71.0
1777889424.1553323,7.0,-4.0,-72.0
1777889424.1653323,7.0,-4.0,-69.0
1777889424.1753323,1.0,-4.0,-60.0
1777889424.1853323,0.0,-5.0,-58.0
1777889424.1953323,1.0,-5.0,-66.0
1777889424.2053325,2.0,-5.0,-74.0
1777889424.2153325,0.0,-5.0,-79.0
1777889424.2253325,1.0,-4.0,-79.0
1777889424.2353325,1.0,-4.0,-78.0
1777889424.2453325,3.0,-3.0,-76.0
1777889424.2553325,0.0,-3.0,-78.0
1777889424.2653325,4.0,-1.0,-71.0
1777889424.2753325,2.0,1.0,-67.0
1777889424.2853324,2.0,3.0,-73.0
1777889424.2953324,1.0,5.0,-74.0
1777889424.3053324,2.0,0.0,-79.0
1777889424.3153324,0.0,-1.0,-82.0
1777889424.3253324,0.0,-3.0,-81.0
1777889424.3353324,0.0,-2.0,-77.0
1777889424.3453324,-2.0,-6.0,-75.0
1777889424.3553324,-1.0,-3.0,-70.0
1777889424.3653324,-1.0,-1.0,-77.0
1777889424.3753324,-2.0,0.0,-74.0
1777889424.3853323,-7.0,2.0,-73.0
1777889424.3953323,-6.0,5.0,-77.0
1777889424.4053323,-4.0,5.0,-77.0
1777889424.4153323,-4.0,7.0,-76.0
1777889424.4253323,-1.0,7.0,-72.0
1777889424.4353323,1.0,3.0,-66.0
1777889424.4453323,3.0,0.0,-71.0
1777889424.4553325,7.0,0.0,-63.0
1777889424.4653325,6.0,2.0,-67.0
1777889424.4753325,0.0,1.0,-75.0
1777889424.4853325,-6.0,4.0,-78.0
1777889424.4953325,-10.0,2.0,-75.0
1777889424.5053325,-9.0,-1.0,-80.0
1777889424.5153325,-7.0,-1.0,-80.0
1777889424.5253325,-4.0,-1.0,-85.0
1777889424.5353324,-3.0,-4.0,-82.0
1777889424.5453324,1.0,-3.0,-74.0
1777889424.5553324,8.0,-4.0,-70.0
1777889424.5653324,9.0,-5.0,-75.0
1777889424.5753324,6.0,-7.0,-77.0
1777889424.5853324,6.0,-6.0,-78.0
1777889424.5953324,5.0,-8.0,-79.0
1777889424.6053324,7.0,-10.0,-82.0
1777889424.6153324,5.0,-6.0,-85.0
1777889424.6253324,3.0,-7.0,-82.0
1777889424.6353323,5.0,-4.0,-82.0
1777889424.6453323,3.0,-4.0,-83.0
1777889424.6553323,5.0,-3.0,-82.0
1777889424.6653323,7.0,0.0,-80.0
1777889424.6753323,4.0,1.0,-78.0
1777889424.6853323,4.0,2.0,-77.0
1777889424.6953323,7.0,3.0,-72.0
1777889424.7053325,9.0,2.0,-76.0
1777889424.7153325,10.0,2.0,-74.0
1777889424.7253325,8.0,1.0,-70.0
1777889424.7353325,3.0,-3.0,-80.0
1777889424.7453325,3.0,-6.0,-84.0
1777889424.7553325,5.0,-7.0,-82.0
1777889424.7653325,2.0,-5.0,-81.0
1777889424.7753325,-1.0,-3.0,-78.0
1777889424.7853324,0.0,-6.0,-76.0
1777889424.7953324,3.0,-3.0,-77.0
1777889424.8053324,2.0,-5.0,-75.0
1777889424.8153324,0.0,-3.0,-85.0
1777889424.8253324,-3.0,1.0,-91.0
1777889424.8353324,-2.0,5.0,-94.0
1777889424.8453324,-3.0,1.0,-88.0
1777889424.8553324,-1.0,0.0,-81.0
1777889424.8653324,0.0,-4.0,-77.0
1777889424.8753324,0.0,-2.0,-70.0
1777889424.8853323,3.0,-3.0,-71.0
1777889424.8953323,4.0,-1.0,-69.0
1777889424.9053323,4.0,-1.0,-69.0
1777889424.9153323,1.0,-6.0,-71.0
1777889424.9253323,-1.0,-6.0,-77.0
1777889424.9353323,-1.0,-5.0,-81.0
1777889424.9453323,0.0,-8.0,-76.0
1777889424.9553325,4.0,-7.0,-67.0
1777889424.9653325,10.0,-4.0,-68.0
1777889424.9753325,9.0,-4.0,-67.0
1777889424.9853325,9.0,-5.0,-73.0
1777889424.9953325,7.0,-6.0,-73.0
1777889425.0053325,5.0,-8.0,-73.0
1777889425.0153325,1.0,-8.0,-73.0
1777889425.0253325,1.0,-6.0,-76.0
1777889425.0353324,1.0,-8.0,-75.0
1777889425.0453324,3.0,-6.0,-77.0
1777889425.0553324,0.0,-1.0,-84.0
1777889425.0653324,-3.0,-2.0,-78.0
1777889425.0753324,-5.0,-7.0,-74.0
1777889425.0853324,-7.0,-4.0,-69.0
1777889425.0953324,-5.0,-4.0,-71.0
1777889425.1053324,-3.0,-4.0,-71.0
1777889425.1153324,-1.0,-8.0,-74.0
1777889425.1253324,-3.0,-6.0,-73.0
1777889425.1353323,-3.0,-2.0,-69.0
1777889425.1453323,-1.0,1.0,-65.0
1777889425.1553323,-4.0,1.0,-62.0
1777889425.1653323,-2.0,0.0,-62.0
1777889425.1753323,2.0,0.0,-65.0
1777889425.1853323,1.0,0.0,-69.0
1777889425.1953323,2.0,3.0,-73.0
1777889425.2053325,5.0,6.0,-68.0
1777889425.2153325,6.0,6.0,-62.0
1777889425.2253325,5.0,6.0,-64.0
1777889425.2353325,7.0,3.0,-71.0
1777889425.2453325,5.0,1.0,-71.0
1777889425.2563324,5.0,2.0,-75.0
1777889425.2663324,3.0,3.0,-70.0
1777889425.2763324,5.0,2.0,-71.0
1777889425.2863324,2.0,-2.0,-73.0
1777889425.2963324,1.0,-2.0,-73.0
1777889425.3063323,2.0,3.0,-71.0
1777889425.3163323,1.0,7.0,-73.0
1777889425.3263323,2.0,7.0,-79.0
1777889425.3363323,3.0,0.0,-78.0
1777889425.3463323,0.0,0.0,-74.0
1777889425.3563323,0.0,0.0,-77.0
1777889425.3663323,2.0,2.0,-76.0
1777889425.3763323,-1.0,0.0,-74.0
1777889425.3863325,-1.0,-4.0,-75.0
1777889425.3963325,-3.0,-2.0,-74.0
1777889425.4063325,-5.0,-2.0,-77.0
1777889425.4163325,-5.0,-2.0,-79.0
1777889425.4263325,-5.0,1.0,-76.0
1777889425.4363325,-4.0,3.0,-78.0
1777889425.4463325,-5.0,-1.0,-73.0
1777889425.4563324,-2.0,0.0,-77.0
1777889425.4663324,-5.0,2.0,-79.0
1777889425.4763324,-2.0,-1.0,-74.0
1777889425.4863324,-4.0,-2.0,-73.0
1777889425.4963324,-7.0,-1.0,-75.0
1777889425.5063324,-7.0,4.0,-70.0
1777889425.5163324,-9.0,0.0,-71.0
1777889425.5263324,-8.0,-3.0,-74.0
1777889425.5363324,-4.0,-1.0,-77.0
1777889425.5463324,-4.0,2.0,-73.0
1777889425.5563323,-4.0,0.0,-80.0
1777889425.5663323,-3.0,-3.0,-76.0
1777889425.5763323,-2.0,-4.0,-70.0
1777889425.5863323,-7.0,-4.0,-76.0
1777889425.5963323,-7.0,-4.0,-80.0
1777889425.6063323,-7.0,-5.0,-75.0
1777889425.6163323,-6.0,-3.0,-71.0
1777889425.6263323,-4.0,1.0,-66.0
1777889425.6363325,-2.0,1.0,-60.0
1777889425.6463325,0.0,2.0,-57.0
1777889425.6563325,0.0,-1.0,-52.0
1777889425.6663325,-4.0,0.0,-54.0
1777889425.6763325,-7.0,-1.0,-62.0
1777889425.6863325,-6.0,-2.0,-64.0
1777889425.6963325,-1.0,0.0,-69.0
1777889425.7063324,0.0,-4.0,-78.0
1777889425.7163324,4.0,-6.0,-83.0
1777889425.7263324,6.0,-3.0,-80.0
1777889425.7363324,3.0,-2.0,-72.0
1777889425.7463324,0.0,3.0,-79.0
1777889425.7563324,-3.0,0.0,-76.0
1777889425.7663324,-2.0,0.0,-74.0
1777889425.7763324,-2.0,0.0,-80.0
1777889425.7863324,-6.0,-1.0,-78.0
1777889425.7963324,-5.0,0.0,-80.0
1777889425.8063323,-3.0,-5.0,-81.0
1777889425.8163323,1.0,-1.0,-80.0
1777889425.8263323,2.0,2.0,-73.0
1777889425.8363323,5.0,-1.0,-72.0
1777889425.8463323,6.0,-3.0,-80.0
1777889425.8563323,4.0,-4.0,-81.0
1777889425.8663323,6.0,-2.0,-82.0
1777889425.8763323,7.0,-2.0,-89.0
1777889425.8863325,9.0,-6.0,-88.0
1777889425.8963325,6.0,-9.0,-79.0
1777889425.9063325,3.0,-7.0,-70.0
1777889425.9163325,5.0,-6.0,-73.0
1777889425.9263325,4.0,-4.0,-81.0
1777889425.9363325,7.0,-1.0,-85.0
1777889425.9463325,5.0,0.0,-90.0
1777889425.9563324,7.0,1.0,-81.0
1777889425.9663324,9.0,3.0,-86.0
1777889425.9763324,9.0,5.0,-90.0
1777889425.9863324,4.0,5.0,-86.0
1777889425.9963324,4.0,1.0,-84.0
1777889426.0063324,5.0,0.0,-85.0
1777889426.0163324,4.0,-6.0,-79.0
1777889426.0263324,2.0,-1.0,-79.0
1777889426.0363324,-1.0,0.0,-78.0
1777889426.0463324,4.0,3.0,-75.0
1777889426.0563323,6.0,2.0,-72.0
1777889426.0663323,0.0,6.0,-72.0
1777889426.0763323,0.0,8.0,-79.0
1777889426.0863323,3.0,8.0,-73.0
1777889426.0963323,2.0,8.0,-73.0
1777889426.1063323,3.0,3.0,-72.0
1777889426.1163323,0.0,2.0,-69.0
1777889426.1263323,-3.0,-2.0,-65.0
1777889426.1363325,-6.0,-2.0,-72.0
1777889426.1463325,-5.0,-1.0,-73.0
1777889426.1563325,1.0,0.0,-73.0
1777889426.1663325,2.0,0.0,-75.0
1777889426.1763325,0.0,0.0,-72.0
1777889426.1863325,0.0,0.0,-69.0
1777889426.1963325,8.0,4.0,-73.0
1777889426.2063324,6.0,7.0,-71.0
1777889426.2163324,2.0,11.0,-68.0
1777889426.2263324,2.0,9.0,-71.0
1777889426.2363324,2.0,5.0,-76.0
1777889426.2463324,2.0,2.0,-77.0
1777889426.2563324,1.0,0.0,-80.0
1777889426.2663324,-6.0,0.0,-81.0
1777889426.2763324,-6.0,0.0,-81.0
1777889426.2863324,-6.0,1.0,-82.0
1777889426.2963324,-7.0,-2.0,-86.0
1777889426.3063323,-3.0,-1.0,-82.0
1777889426.3163323,-5.0,0.0,-77.0
1777889426.3263323,-6.0,0.0,-70.0
1777889426.3363323,-5.0,2.0,-69.0
1777889426.3463323,0.0,3.0,-74.0
1777889426.3563323,-4.0,1.0,-70.0
1777889426.3663323,-3.0,2.0,-75.0
1777889426.3763323,-7.0,2.0,-75.0
1777889426.3863325,-5.0,3.0,-74.0
1777889426.3963325,-4.0,1.0,-71.0
1777889426.4063325,-5.0,-5.0,-70.0
1777889426.4163325,-8.0,-4.0,-76.0
1777889426.4263325,-4.0,-3.0,-75.0
1777889426.4363325,-4.0,-4.0,-79.0
1777889426.4463325,-4.0,-1.0,-83.0
1777889426.4563324,-2.0,-1.0,-80.0
1777889426.4663324,-3.0,0.0,-77.0
1777889426.4763324,-2.0,6.0,-76.0
1777889426.4863324,0.0,7.0,-77.0
1777889426.4963324,-1.0,1.0,-76.0
1777889426.5063324,-6.0,0.0,-81.0
1777889426.5163324,-4.0,1.0,-77.0
1777889426.5263324,0.0,0.0,-75.0
1777889426.5363324,3.0,-2.0,-81.0
1777889426.5463324,6.0,-2.0,-86.0
1777889426.5563323,6.0,-4.0,-81.0
1777889426.5663323,10.0,-6.0,-84.0
1777889426.5763323,9.0,-6.0,-82.0
1777889426.5863323,7.0,-6.0,-78.0
1777889426.5963323,6.0,-3.0,-71.0
1777889426.6063323,3.0,-5.0,-73.0
1777889426.6163323,-2.0,-1.0,-77.0
1777889426.6263323,-1.0,1.0,-71.0
1777889426.6363325,0.0,0.0,-67.0
1777889426.6463325,3.0,4.0,-64.0
1777889426.6563325,3.0,0.0,-65.0
1777889426.6663325,3.0,0.0,-65.0
1777889426.6763325,5.0,-3.0,-76.0
1777889426.6863325,8.0,1.0,-71.0
1777889426.6963325,6.0,5.0,-72.0
1777889426.7063324,6.0,1.0,-73.0
1777889426.7163324,4.0,0.0,-76.0
1777889426.7263324,7.0,0.0,-83.0
1777889426.7363324,4.0,-1.0,-77.0
1777889426.7463324,1.0,-2.0,-79.0
1777889426.7563324,-2.0,0.0,-77.0
1777889426.7663324,-4.0,0.0,-74.0
1777889426.7763324,-4.0,3.0,-80.0
1777889426.7863324,-2.0,5.0,-81.0
1777889426.7963324,-2.0,2.0,-77.0
1777889426.8063323,0.0,5.0,-77.0
1777889426.8163323,0.0,2.0,-74.0
1777889426.8263323,0.0,3.0,-74.0
1777889426.8363323,-4.0,-1.0,-77.0
1777889426.8463323,-7.0,-2.0,-72.0
1777889426.8563323,-6.0,0.0,-70.0
1777889426.8663323,-6.0,-3.0,-67.0
1777889426.8763323,-5.0,-3.0,-64.0
1777889426.8863325,2.0,-4.0,-71.0
1777889426.8963325,2.0,0.0,-72.0
1777889426.9063325,3.0,-1.0,-74.0
1777889426.9163325,-3.0,-4.0,-77.0
1777889426.9263325,-1.0,1.0,-76.0
1777889426.9363325,-1.0,4.0,-78.0
1777889426.9473324,0.0,3.0,-78.0
1777889426.9563324,0.0,4.0,-75.0
1777889426.9663324,0.0,3.0,-67.0
1777889426.9763324,0.0,0.0,-64.0
1777889426.9863324,1.0,0.0,-70.0
1777889426.9963324,5.0,-2.0,-71.0
1777889427.0063324,2.0,-10.0,-72.0
1777889427.0163324,0.0,-5.0,-75.0
1777889427.0263324,0.0,-6.0,-70.0
1777889427.0363324,-3.0,-8.0,-68.0
1777889427.0463324,1.0,-11.0,-70.0
1777889427.0563323,1.0,-8.0,-70.0
1777889427.0663323,-4.0,-8.0,-70.0
1777889427.0763323,-6.0,-10.0,-68.0
1777889427.0863323,-3.0,-7.0,-66.0
1777889427.0963323,0.0,-4.0,-71.0
1777889427.1063323,-1.0,-5.0,-76.0
1777889427.1163323,-1.0,-3.0,-73.0
1777889427.1263323,0.0,-2.0,-73.0
1777889427.1363325,0.0,-7.0,-83.0
1777889427.1463325,3.0,-7.0,-81.0
1777889427.1563325,5.0,-6.0,-79.0
1777889427.1663325,4.0,-4.0,-80.0
1777889427.1763325,2.0,-2.0,-77.0
1777889427.1863325,-3.0,-1.0,-77.0
1777889427.1973324,-2.0,-3.0,-77.0
1777889427.2063324,-1.0,-1.0,-76.0
1777889427.2163324,1.0,1.0,-76.0
1777889427.2263324,0.0,2.0,-75.0
1777889427.2373323,-2.0,0.0,-80.0
1777889427.2473323,-5.0,-1.0,-78.0
1777889427.2573323,-6.0,1.0,-75.0
1777889427.2673323,-4.0,5.0,-75.0
1777889427.2773323,-9.0,2.0,-76.0
1777889427.2873323,-6.0,3.0,-79.0
1777889427.2973323,-4.0,5.0,-89.0
1777889427.3073325,-1.0,1.0,-90.0
1777889427.3173325,3.0,2.0,-91.0
1777889427.3273325,3.0,0.0,-90.0
1777889427.3373325,5.0,0.0,-85.0
1777889427.3473325,2.0,1.0,-84.0
1777889427.3573325,8.0,-1.0,-80.0
1777889427.3673325,4.0,-2.0,-76.0
1777889427.3773324,5.0,-1.0,-74.0
1777889427.3873324,8.0,4.0,-72.0
1777889427.3973324,11.0,6.0,-73.0
1777889427.4073324,8.0,11.0,-71.0
1777889427.4173324,7.0,9.0,-77.0
1777889427.4273324,8.0,1.0,-76.0
1777889427.4373324,4.0,-1.0,-74.0
1777889427.4473324,3.0,0.0,-74.0
1777889427.4573324,3.0,-3.0,-75.0
1777889427.4673324,8.0,-5.0,-73.0
1777889427.4773324,2.0,-6.0,-74.0
1777889427.4873323,0.0,-1.0,-74.0
1777889427.4973323,0.0,-3.0,-73.0
1777889427.5073323,-1.0,1.0,-81.0
1777889427.5173323,1.0,-2.0,-83.0
1777889427.5273323,-3.0,0.0,-79.0
1777889427.5373323,-4.0,0.0,-78.0
1777889427.5473323,-8.0,-3.0,-78.0
1777889427.5573325,-3.0,-2.0,-79.0
1777889427.5673325,-2.0,-4.0,-70.0
1777889427.5773325,3.0,-5.0,-67.0
1777889427.5873325,1.0,-3.0,-62.0
1777889427.5973325,-2.0,-4.0,-64.0
1777889427.6073325,1.0,-3.0,-61.0
1777889427.6173325,2.0,0.0,-63.0
1777889427.6273324,1.0,-2.0,-67.0
1777889427.6373324,5.0,-4.0,-72.0
1777889427.6473324,7.0,-3.0,-73.0
1777889427.6573324,9.0,-2.0,-70.0
1777889427.6673324,6.0,-4.0,-67.0
1777889427.6773324,2.0,-2.0,-66.0
1777889427.6873324,0.0,-2.0,-71.0
1777889427.6973324,-2.0,-2.0,-73.0
1777889427.7073324,-4.0,-5.0,-67.0
1777889427.7173324,-6.0,-7.0,-66.0
1777889427.7273324,-3.0,-7.0,-68.0
1777889427.7373323,0.0,-2.0,-70.0
1777889427.7473323,0.0,-5.0,-71.0
1777889427.7573323,1.0,-3.0,-74.0
1777889427.7673323,1.0,-6.0,-82.0
1777889427.7773323,0.0,-1.0,-82.0
1777889427.7873323,-3.0,0.0,-79.0
1777889427.7973323,-2.0,-1.0,-78.0
1777889427.8073325,-5.0,0.0,-84.0
1777889427.8173325,-4.0,0.0,-76.0
1777889427.8273325,-1.0,-4.0,-80.0
1777889427.8373325,3.0,-5.0,-86.0
1777889427.8473325,6.0,-5.0,-85.0
1777889427.8573325,5.0,-3.0,-81.0
1777889427.8673325,0.0,0.0,-79.0
1777889427.8773324,0.0,2.0,-82.0
1777889427.8873324,1.0,-1.0,-77.0
1777889427.8973324,4.0,0.0,-65.0
1777889427.9073324,4.0,-2.0,-65.0
1777889427.9173324,0.0,-4.0,-71.0
1777889427.9273324,0.0,-2.0,-77.0
1777889427.9373324,0.0,0.0,-77.0
1777889427.9473324,0.0,0.0,-75.0
1777889427.9573324,-2.0,0.0,-79.0
1777889427.9673324,-3.0,-3.0,-82.0
1777889427.9773324,1.0,-6.0,-82.0
1777889427.9873323,0.0,-7.0,-79.0
1777889427.9973323,4.0,-4.0,-74.0
1777889428.0073323,3.0,-7.0,-72.0
1777889428.0173323,0.0,-7.0,-69.0
1777889428.0283325,3.0,-8.0,-64.0
1777889428.0373323,3.0,-7.0,-60.0
1777889428.0473323,5.0,-5.0,-58.0
1777889428.0573325,3.0,-4.0,-62.0
1777889428.0673325,3.0,-5.0,-68.0
1777889428.0773325,3.0,0.0,-66.0
1777889428.0873325,0.0,-2.0,-67.0
1777889428.0973325,-1.0,0.0,-70.0
1777889428.1073325,-5.0,-3.0,-74.0
1777889428.1173325,0.0,-5.0,-84.0
1777889428.1273324,0.0,-3.0,-88.0
1777889428.1373324,-2.0,-5.0,-87.0
1777889428.1473324,-5.0,-3.0,-85.0
1777889428.1573324,0.0,-2.0,-83.0
1777889428.1673324,-3.0,-1.0,-75.0
1777889428.1773324,1.0,-1.0,-72.0
1777889428.1873324,3.0,2.0,-68.0
1777889428.1973324,2.0,0.0,-67.0
1777889428.2073324,4.0,-1.0,-65.0
1777889428.2173324,1.0,3.0,-68.0
1777889428.2273324,1.0,3.0,-70.0
1777889428.2373323,1.0,0.0,-73.0
1777889428.2473323,-4.0,1.0,-71.0
1777889428.2573323,-4.0,2.0,-66.0
1777889428.2673323,0.0,3.0,-69.0
1777889428.2773323,0.0,4.0,-68.0
1777889428.2873323,-1.0,7.0,-68.0
1777889428.2973323,-7.0,3.0,-73.0
1777889428.3073325,-4.0,1.0,-78.0
1777889428.3173325,0.0,3.0,-77.0
1777889428.3273325,3.0,3.0,-78.0
1777889428.3373325,3.0,4.0,-76.0
1777889428.3473325,4.0,-2.0,-81.0
1777889428.3573325,3.0,-2.0,-81.0
1777889428.3673325,3.0,-9.0,-73.0
1777889428.3773324,-1.0,-6.0,-67.0
1777889428.3873324,1.0,0.0,-58.0
1777889428.3973324,3.0,-2.0,-63.0
1777889428.4073324,2.0,-5.0,-68.0
1777889428.4173324,0.0,-10.0,-76.0
1777889428.4273324,2.0,-8.0,-74.0
1777889428.4373324,1.0,-4.0,-75.0
1777889428.4473324,0.0,-6.0,-75.0
1777889428.4573324,1.0,-9.0,-70.0
1777889428.4673324,-1.0,-5.0,-79.0
1777889428.4773324,-4.0,-3.0,-79.0
1777889428.4873323,-3.0,-1.0,-70.0
1777889428.4973323,-2.0,-1.0,-66.0
1777889428.5073323,-3.0,-4.0,-65.0
1777889428.5173323,-2.0,-3.0,-62.0
1777889428.5273323,-1.0,-4.0,-70.0
1777889428.5373323,5.0,-5.0,-72.0
1777889428.5473323,2.0,-9.0,-74.0
1777889428.5573325,0.0,-5.0,-74.0
1777889428.5673325,0.0,-3.0,-75.0
1777889428.5773325,0.0,-3.0,-74.0
1777889428.5873325,-5.0,-1.0,-73.0
1777889428.5973325,-4.0,-2.0,-68.0
1777889428.6073325,-4.0,-2.0,-69.0
1777889428.6173325,2.0,-6.0,-75.0
1777889428.6273324,1.0,-11.0,-75.0
1777889428.6373324,4.0,-6.0,-79.0
1777889428.6473324,6.0,-3.0,-74.0
1777889428.6573324,8.0,1.0,-77.0
1777889428.6673324,5.0,3.0,-79.0
1777889428.6773324,6.0,2.0,-75.0
1777889428.6873324,11.0,0.0,-76.0
1777889428.6973324,6.0,7.0,-77.0
1777889428.7073324,6.0,3.0,-80.0
1777889428.7173324,1.0,8.0,-80.0
1777889428.7273324,4.0,9.0,-79.0
1777889428.7373323,2.0,4.0,-81.0
1777889428.7473323,-1.0,4.0,-79.0
1777889428.7573323,2.0,4.0,-76.0
1777889428.7673323,0.0,2.0,-73.0
1777889428.7773323,0.0,-2.0,-71.0
1777889428.7873323,0.0,-7.0,-69.0
1777889428.7973323,-2.0,-8.0,-68.0
1777889428.8073325,0.0,-8.0,-70.0
1777889428.8173325,-1.0,-6.0,-69.0
1777889428.8273325,-1.0,-4.0,-64.0
1777889428.8373325,-2.0,-4.0,-65.0
1777889428.8473325,0.0,1.0,-71.0
1777889428.8573325,0.0,0.0,-68.0
1777889428.8673325,-1.0,1.0,-68.0
1777889428.8773324,0.0,0.0,-71.0
1777889428.8873324,1.0,0.0,-74.0
1777889428.8973324,2.0,2.0,-72.0
1777889428.9073324,-1.0,4.0,-73.0
1777889428.9173324,-1.0,1.0,-78.0
1777889428.9273324,-1.0,3.0,-77.0
1777889428.9373324,0.0,4.0,-76.0
1777889428.9473324,1.0,0.0,-75.0
1777889428.9573324,5.0,1.0,-75.0
1777889428.9673324,8.0,3.0,-79.0
1777889428.9773324,7.0,-1.0,-80.0
1777889428.9873323,4.0,0.0,-80.0
1777889428.9973323,3.0,-2.0,-77.0
1777889429.0073323,-1.0,0.0,-82.0
1777889429.0173323,0.0,1.0,-81.0
1777889429.0273323,-1.0,5.0,-81.0
1777889429.0373323,-1.0,8.0,-76.0
1777889429.0473323,-2.0,7.0,-78.0
1777889429.0573325,-3.0,6.0,-74.0
1777889429.0673325,1.0,8.0,-76.0
1777889429.0773325,4.0,9.0,-77.0
1777889429.0873325,4.0,7.0,-81.0
1777889429.0973325,4.0,4.0,-77.0
1777889429.1073325,4.0,2.0,-76.0
1777889429.1173325,0.0,0.0,-69.0
1777889429.1273324,0.0,0.0,-76.0
1777889429.1373324,0.0,-1.0,-83.0
1777889429.1473324,-5.0,0.0,-84.0
1777889429.1573324,-2.0,1.0,-84.0
1777889429.1673324,0.0,0.0,-80.0
1777889429.1773324,0.0,1.0,-78.0
1777889429.1873324,1.0,-2.0,-77.0
1777889429.1973324,0.0,-2.0,-76.0
1777889429.2073324,1.0,-2.0,-75.0
1777889429.2173324,2.0,0.0,-69.0
1777889429.2273324,3.0,-1.0,-73.0
1777889429.2383325,0.0,-3.0,-75.0
1777889429.2483325,0.0,0.0,-80.0
1777889429.2583325,-2.0,0.0,-80.0
1777889429.2683325,0.0,1.0,-75.0
1777889429.2783325,0.0,0.0,-80.0
1777889429.2883325,1.0,-7.0,-77.0
1777889429.2983325,3.0,-6.0,-81.0
1777889429.3083324,5.0,-5.0,-81.0
1777889429.3183324,5.0,-3.0,-77.0
1777889429.3283324,2.0,0.0,-66.0
1777889429.3383324,2.0,0.0,-64.0
1777889429.3483324,0.0,0.0,-63.0
1777889429.3583324,3.0,1.0,-58.0
1777889429.3683324,2.0,0.0,-67.0
1777889429.3783324,4.0,2.0,-74.0
1777889429.3883324,6.0,4.0,-75.0
1777889429.3983324,8.0,5.0,-71.0
1777889429.4083323,4.0,1.0,-74.0
1777889429.4183323,4.0,2.0,-71.0
1777889429.4283323,0.0,1.0,-65.0
1777889429.4383323,2.0,0.0,-69.0
1777889429.4483323,4.0,-3.0,-74.0
1777889429.4583323,1.0,-5.0,-77.0
1777889429.4683323,2.0,0.0,-75.0
1777889429.4783323,4.0,-1.0,-82.0
1777889429.4883325,4.0,-6.0,-84.0
1777889429.4983325,5.0,-4.0,-83.0
1777889429.5083325,3.0,-5.0,-80.0
1777889429.5183325,8.0,-6.0,-81.0
1777889429.5283325,2.0,-5.0,-74.0
1777889429.5383325,1.0,-2.0,-68.0
1777889429.5483325,0.0,0.0,-67.0
1777889429.5583324,0.0,4.0,-69.0
1777889429.5683324,3.0,3.0,-65.0
1777889429.5783324,2.0,1.0,-64.0
1777889429.5883324,3.0,0.0,-66.0
1777889429.5983324,3.0,0.0,-71.0
1777889429.6083324,5.0,-1.0,-73.0
1777889429.6183324,7.0,-2.0,-74.0
1777889429.6283324,7.0,-7.0,-84.0
1777889429.6383324,6.0,-8.0,-85.0
1777889429.6483324,4.0,-4.0,-86.0
1777889429.6583323,0.0,-3.0,-85.0
1777889429.6683323,0.0,-1.0,-80.0
1777889429.6783323,0.0,-1.0,-74.0
1777889429.6883323,-2.0,-2.0,-70.0
1777889429.6983323,-4.0,-3.0,-64.0
1777889429.7083323,-1.0,-4.0,-62.0
1777889429.7183323,2.0,0.0,-73.0
1777889429.7283323,5.0,0.0,-79.0
1777889429.7383325,6.0,0.0,-86.0
1777889429.7483325,8.0,0.0,-83.0
1777889429.7583325,10.0,0.0,-87.0
1777889429.7683325,14.0,-5.0,-83.0
1777889429.7783325,8.0,3.0,-82.0
1777889429.7883325,10.0,3.0,-82.0
1777889429.7983325,9.0,0.0,-74.0
1777889429.8083324,8.0,1.0,-78.0
1777889429.8183324,6.0,-1.0,-76.0
1777889429.8283324,5.0,0.0,-76.0
1777889429.8383324,2.0,0.0,-80.0
1777889429.8483324,-2.0,2.0,-75.0
1777889429.8583324,-2.0,2.0,-75.0
1777889429.8683324,6.0,2.0,-75.0
1777889429.8783324,2.0,0.0,-69.0
1777889429.8883324,0.0,-1.0,-70.0
1777889429.8983324,-1.0,-2.0,-68.0
1777889429.9083323,1.0,-4.0,-72.0
1777889429.9183323,2.0,-2.0,-77.0
1777889429.9283323,0.0,0.0,-77.0
1777889429.9383323,1.0,-2.0,-81.0
1777889429.9483323,5.0,-3.0,-80.0
1777889429.9583323,3.0,-3.0,-77.0
1777889429.9683323,1.0,-2.0,-74.0
1777889429.9783323,3.0,-4.0,-71.0
1777889429.9883325,3.0,-4.0,-71.0
1777889429.9983325,6.0,-7.0,-73.0
1777889430.0083325,12.0,0.0,-78.0
1777889430.0183325,11.0,-4.0,-76.0
1777889430.0283325,9.0,-2.0,-71.0
1777889430.0383325,1.0,-2.0,-74.0
1777889430.0483325,2.0,-2.0,-73.0
1777889430.0583324,1.0,0.0,-74.0
1777889430.0683324,0.0,0.0,-70.0
1777889430.0783324,-3.0,1.0,-63.0
1777889430.0883324,-3.0,3.0,-65.0
1777889430.0983324,-2.0,3.0,-63.0
1777889430.1083324,0.0,1.0,-71.0
1777889430.1183324,-2.0,5.0,-74.0
1777889430.1283324,-4.0,4.0,-78.0
1777889430.1383324,-3.0,3.0,-73.0
1777889430.1483324,-2.0,3.0,-76.0
1777889430.1583323,-3.0,1.0,-79.0
1777889430.1683323,-2.0,4.0,-74.0
1777889430.1783323,-2.0,1.0,-71.0
1777889430.1883323,2.0,1.0,-72.0
1777889430.1983323,9.0,0.0,-78.0
1777889430.2083323,9.0,0.0,-92.0
1777889430.2183323,7.0,2.0,-90.0
1777889430.2283323,10.0,2.0,-86.0
1777889430.2383325,8.0,4.0,-80.0
1777889430.2483325,7.0,5.0,-74.0
1777889430.2583325,7.0,3.0,-75.0
1777889430.2683325,4.0,0.0,-75.0
1777889430.2783325,5.0,1.0,-73.0
1777889430.2883325,0.0,-1.0,-73.0
1777889430.2983325,1.0,-2.0,-79.0
1777889430.3083324,0.0,-1.0,-76.0
1777889430.3183324,0.0,1.0,-77.0
1777889430.3283324,1.0,-2.0,-82.0
1777889430.3383324,1.0,-3.0,-83.0
1777889430.3483324,-1.0,-5.0,-81.0
1777889430.3583324,0.0,-5.0,-77.0
1777889430.3683324,1.0,-10.0,-74.0
1777889430.3783324,-1.0,-7.0,-77.0
1777889430.3883324,3.0,-5.0,-81.0
1777889430.3983324,-1.0,0.0,-79.0
1777889430.4083323,1.0,3.0,-74.0
1777889430.4183323,0.0,3.0,-73.0
1777889430.4283323,-1.0,-4.0,-73.0
1777889430.4383323,-1.0,-4.0,-72.0
1777889430.4483323,3.0,-4.0,-75.0
1777889430.4583323,7.0,-3.0,-81.0
1777889430.4683323,7.0,0.0,-80.0
1777889430.4783323,3.0,0.0,-80.0
1777889430.4883325,3.0,-2.0,-80.0
1777889430.4983325,6.0,-1.0,-77.0
1777889430.5083325,10.0,0.0,-78.0
1777889430.5183325,11.0,-2.0,-76.0
1777889430.5283325,8.0,0.0,-77.0
1777889430.5383325,11.0,1.0,-74.0
1777889430.5483325,12.0,1.0,-73.0
1777889430.5583324,8.0,4.0,-76.0
1777889430.5683324,10.0,0.0,-82.0
1777889430.5783324,7.0,-1.0,-84.0
1777889430.5883324,0.0,-2.0,-78.0
1777889430.5983324,-5.0,-1.0,-73.0
1777889430.6083324,-9.0,-2.0,-81.0
1777889430.6183324,-6.0,0.0,-79.0
1777889430.6283324,-6.0,4.0,-74.0
1777889430.6383324,-3.0,5.0,-78.0
1777889430.6483324,0.0,5.0,-73.0
1777889430.6583323,1.0,1.0,-72.0
1777889430.6683323,0.0,3.0,-75.0
1777889430.6783323,-2.0,0.0,-74.0
1777889430.6883323,-3.0,2.0,-66.0
1777889430.6983323,-4.0,2.0,-70.0
1777889430.7083323,-5.0,-3.0,-73.0
1777889430.7183323,-2.0,-2.0,-74.0
1777889430.7283323,-4.0,1.0,-71.0
1777889430.7383325,-4.0,3.0,-72.0
1777889430.7483325,-2.0,4.0,-73.0
1777889430.7583325,2.0,1.0,-72.0
1777889430.7683325,6.0,-2.0,-76.0
1777889430.7783325,6.0,0.0,-74.0
1777889430.7883325,11.0,-1.0,-76.0
1777889430.7983325,8.0,-1.0,-73.0
1777889430.8083324,6.0,0.0,-69.0
1777889430.8183324,-3.0,0.0,-75.0
1777889430.8283324,-2.0,0.0,-75.0
1777889430.8383324,-1.0,-1.0,-75.0
1777889430.8483324,5.0,-5.0,-71.0
1777889430.8583324,5.0,-7.0,-73.0
1777889430.8683324,3.0,-5.0,-71.0
1777889430.8783324,0.0,-4.0,-62.0
1777889430.8883324,0.0,-4.0,-67.0
1777889430.8983324,2.0,-2.0,-74.0
1777889430.9083323,2.0,-4.0,-74.0
1777889430.9183323,2.0,-4.0,-78.0
1777889430.9283323,4.0,-4.0,-75.0
1777889430.9383323,3.0,-5.0,-71.0
1777889430.9483323,1.0,-2.0,-70.0
1777889430.9583323,3.0,-2.0,-72.0
1777889430.9683323,3.0,-2.0,-78.0
1777889430.9783323,4.0,0.0,-76.0
1777889430.9883325,9.0,-1.0,-76.0
1777889430.9983325,7.0,3.0,-77.0
1777889431.0083325,5.0,4.0,-75.0
1777889431.0183325,7.0,1.0,-75.0
1777889431.0283325,6.0,1.0,-76.0
1777889431.0383325,9.0,0.0,-81.0
1777889431.0483325,1.0,-1.0,-83.0
1777889431.0583324,0.0,0.0,-84.0
1777889431.0683324,0.0,-5.0,-83.0
1777889431.0783324,2.0,-4.0,-87.0
1777889431.0883324,3.0,0.0,-85.0
1777889431.0983324,3.0,-1.0,-75.0
1777889431.1083324,3.0,-1.0,-71.0
1777889431.1183324,0.0,-2.0,-71.0
1777889431.1283324,-2.0,-2.0,-71.0
1777889431.1383324,-6.0,-4.0,-79.0
1777889431.1483324,-5.0,-2.0,-85.0
1777889431.1583323,-5.0,-2.0,-86.0
1777889431.1683323,-2.0,-3.0,-84.0
1777889431.1783323,-1.0,-1.0,-82.0
1777889431.1893325,3.0,-1.0,-79.0
1777889431.1983323,2.0,0.0,-71.0
1777889431.2093325,0.0,2.0,-70.0
1777889431.2183323,-1.0,3.0,-75.0
1777889431.2293324,1.0,0.0,-80.0
1777889431.2393324,-1.0,2.0,-78.0
1777889431.2493324,0.0,-3.0,-78.0
1777889431.2593324,-1.0,-5.0,-75.0
1777889431.2693324,-5.0,-3.0,-70.0
1777889431.2793324,-6.0,-3.0,-66.0
1777889431.2893324,-3.0,-3.0,-75.0
1777889431.2993324,-2.0,-3.0,-79.0
1777889431.3093324,-1.0,-7.0,-75.0
1777889431.3193324,2.0,-1.0,-76.0
1777889431.3293324,5.0,0.0,-77.0
1777889431.3393323,5.0,0.0,-77.0
1777889431.3493323,5.0,-1.0,-78.0
1777889431.3593323,3.0,-2.0,-76.0
1777889431.3693323,3.0,-4.0,-79.0
1777889431.3793323,3.0,-2.0,-82.0
1777889431.3893323,4.0,-1.0,-82.0
1777889431.3993323,4.0,-2.0,-82.0
1777889431.4093325,4.0,-2.0,-80.0
1777889431.4193325,3.0,0.0,-83.0
1777889431.4293325,5.0,0.0,-76.0
1777889431.4393325,3.0,-3.0,-77.0
1777889431.4493325,1.0,-4.0,-75.0
1777889431.4593325,2.0,-2.0,-75.0
1777889431.4693325,0.0,0.0,-70.0
1777889431.4793324,0.0,-4.0,-71.0
1777889431.4893324,1.0,-11.0,-59.0
1777889431.4993324,0.0,-12.0,-63.0
1777889431.5093324,0.0,-9.0,-64.0
1777889431.5193324,4.0,-8.0,-70.0
1777889431.5293324,6.0,-5.0,-73.0
1777889431.5393324,8.0,-3.0,-76.0
1777889431.5493324,6.0,-1.0,-77.0
1777889431.5593324,8.0,-5.0,-78.0
1777889431.5693324,4.0,-5.0,-80.0
1777889431.5793324,6.0,-2.0,-76.0
1777889431.5893323,7.0,-6.0,-77.0
1777889431.5993323,5.0,-7.0,-74.0
1777889431.6093323,5.0,-10.0,-79.0
1777889431.6193323,2.0,-8.0,-75.0
1777889431.6293323,3.0,-8.0,-77.0
1777889431.6393323,3.0,-7.0,-75.0
1777889431.6493323,0.0,-4.0,-74.0
1777889431.6593325,-1.0,-6.0,-74.0
1777889431.6693325,-3.0,-4.0,-74.0
1777889431.6793325,-3.0,-7.0,-75.0
1777889431.6893325,-8.0,-12.0,-79.0
1777889431.6993325,-6.0,-10.0,-76.0
1777889431.7093325,-2.0,-8.0,-76.0
1777889431.7193325,-2.0,-7.0,-77.0
1777889431.7293324,-1.0,-1.0,-77.0
1777889431.7393324,-1.0,-3.0,-76.0
1777889431.7493324,-3.0,-5.0,-74.0
1777889431.7593324,-6.0,-3.0,-68.0
1777889431.7693324,-2.0,-4.0,-67.0
1777889431.7793324,0.0,-4.0,-69.0
1777889431.7893324,-5.0,-3.0,-72.0
1777889431.7993324,0.0,0.0,-80.0
1777889431.8093324,1.0,-1.0,-82.0
1777889431.8193324,0.0,0.0,-84.0
1777889431.8293324,0.0,1.0,-83.0
1777889431.8393323,3.0,4.0,-81.0
1777889431.8493323,10.0,7.0,-73.0
1777889431.8593323,10.0,8.0,-72.0
1777889431.8693323,7.0,8.0,-72.0
1777889431.8793323,1.0,9.0,-74.0
1777889431.8893323,0.0,7.0,-75.0
1777889431.8993323,1.0,4.0,-77.0
1777889431.9093325,2.0,5.0,-76.0
1777889431.9193325,2.0,3.0,-75.0
1777889431.9293325,3.0,4.0,-73.0
1777889431.9393325,1.0,4.0,-72.0
1777889431.9493325,5.0,5.0,-68.0
1777889431.9593325,2.0,5.0,-66.0
1777889431.9693325,2.0,4.0,-63.0
1777889431.9793324,1.0,7.0,-66.0
1777889431.9893324,-1.0,7.0,-63.0
1777889431.9993324,-1.0,9.0,-67.0
1777889432.0093324,-5.0,4.0,-73.0
1777889432.0193324,-4.0,2.0,-82.0
1777889432.0293324,-5.0,-3.0,-83.0
1777889432.0393324,-3.0,5.0,-91.0
1777889432.0493324,-3.0,4.0,-95.0
1777889432.0593324,-5.0,2.0,-95.0
1777889432.0693324,-4.0,3.0,-91.0
1777889432.0793324,0.0,7.0,-89.0
1777889432.0893323,-5.0,5.0,-91.0
1777889432.0993323,-7.0,0.0,-92.0
1777889432.1093323,-4.0,-1.0,-89.0
1777889432.1193323,-4.0,-5.0,-80.0
1777889432.1293323,-5.0,-5.0,-76.0
1777889432.1393323,0.0,-2.0,-76.0
1777889432.1493323,1.0,-6.0,-84.0
1777889432.1593325,0.0,-5.0,-86.0
1777889432.1693325,0.0,0.0,-82.0
1777889432.1793325,2.0,3.0,-76.0
1777889432.1893325,1.0,0.0,-75.0
1777889432.1993325,6.0,1.0,-78.0
1777889432.2093325,6.0,3.0,-76.0
1777889432.2193325,5.0,6.0,-70.0
1777889432.2293324,6.0,5.0,-72.0
1777889432.2393324,6.0,0.0,-71.0
1777889432.2493324,8.0,-1.0,-72.0
1777889432.2593324,4.0,0.0,-71.0
1777889432.2693324,1.0,1.0,-75.0
1777889432.2793324,0.0,1.0,-77.0
1777889432.2893324,0.0,0.0,-76.0
1777889432.2993324,2.0,-1.0,-72.0
1777889432.3093324,4.0,-5.0,-69.0
1777889432.3193324,0.0,-4.0,-66.0
1777889432.3293324,-4.0,-5.0,-65.0
1777889432.3393323,-3.0,-2.0,-66.0
1777889432.3493323,0.0,-2.0,-75.0
1777889432.3593323,-1.0,-5.0,-77.0
1777889432.3693323,-3.0,-6.0,-67.0
1777889432.3793323,-3.0,-6.0,-66.0
1777889432.3893323,0.0,-7.0,-68.0
1777889432.3993323,0.0,-10.0,-75.0
1777889432.4093325,3.0,-9.0,-71.0
1777889432.4193325,2.0,-6.0,-73.0
1777889432.4293325,3.0,-7.0,-72.0
1777889432.4393325,7.0,-4.0,-81.0
1777889432.4493325,8.0,-2.0,-81.0
1777889432.4593325,5.0,-5.0,-76.0
1777889432.4693325,5.0,-8.0,-72.0
1777889432.4793324,0.0,-3.0,-67.0
1777889432.4893324,3.0,-3.0,-69.0
1777889432.4993324,3.0,-1.0,-72.0
1777889432.5093324,-1.0,1.0,-74.0
1777889432.5193324,0.0,1.0,-74.0
1777889432.5293324,0.0,0.0,-77.0
1777889432.5393324,-1.0,0.0,-86.0
1777889432.5493324,1.0,-2.0,-84.0
1777889432.5593324,3.0,-6.0,-81.0
1777889432.5693324,5.0,-5.0,-85.0
1777889432.5793324,5.0,-4.0,-87.0
1777889432.5893323,5.0,-8.0,-82.0
1777889432.5993323,3.0,-8.0,-84.0
1777889432.6093323,1.0,-5.0,-81.0
1777889432.6193323,-6.0,-2.0,-77.0
1777889432.6293323,-3.0,1.0,-77.0
1777889432.6393323,-1.0,0.0,-76.0
1777889432.6493323,-2.0,-1.0,-70.0
1777889432.6593325,-1.0,-3.0,-64.0
1777889432.6693325,-4.0,-6.0,-69.0
1777889432.6793325,0.0,-4.0,-68.0
1777889432.6893325,0.0,-7.0,-69.0
1777889432.6993325,0.0,-5.0,-70.0
1777889432.7093325,0.0,-5.0,-67.0
1777889432.7193325,1.0,-2.0,-71.0
1777889432.7293324,-1.0,-6.0,-72.0
1777889432.7393324,0.0,-5.0,-75.0
1777889432.7493324,0.0,-6.0,-75.0
1777889432.7593324,0.0,-4.0,-75.0
1777889432.7693324,0.0,-2.0,-74.0
1777889432.7793324,0.0,-1.0,-69.0
1777889432.7893324,0.0,-1.0,-71.0
1777889432.7993324,-1.0,-3.0,-72.0
1777889432.8093324,-2.0,-4.0,-80.0
1777889432.8193324,-2.0,-1.0,-76.0
1777889432.8293324,1.0,-1.0,-79.0
1777889432.8393323,0.0,0.0,-78.0
1777889432.8493323,-3.0,0.0,-72.0
1777889432.8593323,-2.0,0.0,-75.0
1777889432.8693323,-4.0,1.0,-78.0
1777889432.8793323,-3.0,0.0,-80.0
1777889432.8893323,-5.0,-2.0,-79.0
1777889432.8993323,-2.0,-6.0,-77.0
1777889432.9093325,-1.0,-2.0,-75.0
1777889432.9193325,0.0,1.0,-73.0
1777889432.9293325,0.0,0.0,-72.0
1777889432.9393325,5.0,1.0,-72.0
1777889432.9493325,0.0,2.0,-74.0
1777889432.9593325,-3.0,0.0,-75.0
1777889432.9693325,-1.0,-1.0,-77.0
1777889432.9793324,-1.0,-2.0,-79.0
1777889432.9893324,-2.0,-2.0,-76.0
1777889432.9993324,-2.0,-2.0,-72.0
1777889433.0093324,0.0,-1.0,-74.0
1777889433.0193324,1.0,0.0,-81.0
1777889433.0293324,1.0,0.0,-80.0
1777889433.0393324,3.0,0.0,-82.0
1777889433.0493324,3.0,0.0,-85.0
1777889433.0593324,0.0,0.0,-81.0
1777889433.0693324,3.0,2.0,-80.0
1777889433.0793324,5.0,0.0,-75.0
1777889433.0893323,4.0,2.0,-72.0
1777889433.0993323,6.0,3.0,-75.0
1777889433.1093323,10.0,4.0,-77.0
1777889433.1193323,7.0,2.0,-75.0
1777889433.1293323,8.0,0.0,-77.0
1777889433.1393323,5.0,1.0,-84.0
1777889433.1493323,0.0,1.0,-81.0
1777889433.1593325,0.0,4.0,-82.0
1777889433.1693325,2.0,1.0,-78.0
1777889433.1793325,0.0,0.0,-80.0
1777889433.1903324,1.0,-2.0,-82.0
1777889433.1993325,-1.0,-1.0,-72.0
1777889433.2103324,-5.0,6.0,-73.0
1777889433.2203324,-7.0,8.0,-75.0
1777889433.2303324,-1.0,4.0,-70.0
1777889433.2403324,2.0,3.0,-70.0
1777889433.2503324,6.0,3.0,-68.0
1777889433.2603323,5.0,-1.0,-61.0
1777889433.2703323,0.0,-3.0,-59.0
1777889433.2803323,0.0,0.0,-61.0
1777889433.2903323,1.0,0.0,-63.0
1777889433.3003323,1.0,0.0,-67.0
1777889433.3103323,3.0,3.0,-71.0
1777889433.3203323,2.0,0.0,-77.0
1777889433.3303325,0.0,-1.0,-85.0
1777889433.3403325,2.0,0.0,-82.0
1777889433.3503325,2.0,0.0,-85.0
1777889433.3603325,0.0,0.0,-92.0
1777889433.3703325,0.0,0.0,-90.0
1777889433.3803325,2.0,0.0,-91.0
1777889433.3903325,-1.0,-2.0,-86.0
1777889433.4003325,0.0,1.0,-79.0
1777889433.4103324,-2.0,0.0,-77.0
1777889433.4203324,2.0,0.0,-73.0
1777889433.4303324,2.0,2.0,-68.0
1777889433.4403324,1.0,2.0,-67.0
1777889433.4503324,2.0,0.0,-68.0
1777889433.4603324,6.0,0.0,-71.0
1777889433.4703324,6.0,2.0,-75.0
1777889433.4803324,2.0,2.0,-73.0
1777889433.4903324,4.0,3.0,-76.0
1777889433.5003324,2.0,3.0,-79.0
1777889433.5103323,2.0,5.0,-86.0
1777889433.5203323,0.0,2.0,-85.0
1777889433.5303323,-2.0,-1.0,-84.0
1777889433.5403323,-2.0,-2.0,-76.0
1777889433.5503323,0.0,-1.0,-77.0
1777889433.5603323,1.0,2.0,-83.0
1777889433.5703323,-1.0,0.0,-73.0
1777889433.5803325,0.0,1.0,-74.0
1777889433.5903325,-5.0,-1.0,-71.0
1777889433.6003325,-8.0,-2.0,-73.0
1777889433.6103325,-7.0,2.0,-67.0
1777889433.6203325,-6.0,-2.0,-74.0
1777889433.6303325,-5.0,-1.0,-76.0
1777889433.6403325,-5.0,0.0,-68.0
1777889433.6503325,3.0,0.0,-71.0
1777889433.6603324,0.0,3.0,-71.0
1777889433.6703324,1.0,0.0,-77.0
1777889433.6803324,-1.0,0.0,-82.0
1777889433.6903324,0.0,4.0,-77.0
1777889433.7003324,2.0,4.0,-81.0
1777889433.7103324,0.0,0.0,-87.0
1777889433.7203324,0.0,0.0,-88.0
1777889433.7303324,3.0,0.0,-82.0
1777889433.7403324,6.0,0.0,-75.0
1777889433.7503324,4.0,0.0,-79.0
1777889433.7603323,2.0,-3.0,-88.0
1777889433.7703323,2.0,-1.0,-91.0
1777889433.7803323,3.0,2.0,-87.0
1777889433.7903323,0.0,3.0,-90.0
1777889433.8003323,0.0,-1.0,-81.0
1777889433.8103323,3.0,0.0,-82.0
1777889433.8203323,5.0,-1.0,-79.0
1777889433.8303325,1.0,-3.0,-81.0
1777889433.8403325,4.0,0.0,-81.0
1777889433.8503325,4.0,7.0,-77.0
1777889433.8603325,-2.0,7.0,-83.0
1777889433.8703325,0.0,1.0,-88.0
1777889433.8803325,0.0,2.0,-81.0
1777889433.8903325,1.0,4.0,-81.0
1777889433.9003325,2.0,0.0,-72.0
1777889433.9103324,3.0,1.0,-68.0
1777889433.9203324,1.0,3.0,-70.0
1777889433.9303324,-4.0,0.0,-76.0
1777889433.9403324,-5.0,2.0,-81.0
1777889433.9503324,-4.0,-1.0,-79.0
1777889433.9603324,-6.0,1.0,-79.0
1777889433.9703324,-2.0,4.0,-76.0
1777889433.9803324,-4.0,7.0,-74.0
1777889433.9903324,-7.0,9.0,-76.0
1777889434.0003324,-10.0,5.0,-81.0
1777889434.0103323,-6.0,2.0,-81.0
1777889434.0203323,-2.0,0.0,-78.0
1777889434.0303323,-4.0,-2.0,-72.0
1777889434.0403323,-5.0,-3.0,-73.0
1777889434.0503323,-6.0,-6.0,-74.0
1777889434.0603323,-8.0,-3.0,-80.0
1777889434.0703323,-8.0,-7.0,-83.0
1777889434.0803325,-9.0,-4.0,-88.0
1777889434.0903325,-6.0,0.0,-84.0
1777889434.1003325,0.0,0.0,-79.0
1777889434.1103325,-2.0,0.0,-72.0
1777889434.1203325,-4.0,2.0,-75.0
1777889434.1303325,-6.0,3.0,-73.0
1777889434.1403325,-5.0,3.0,-78.0
1777889434.1503325,-2.0,2.0,-85.0
1777889434.1603324,-1.0,1.0,-85.0
1777889434.1703324,0.0,-2.0,-81.0
1777889434.1803324,0.0,-4.0,-82.0
1777889434.1903324,-3.0,-5.0,-80.0
1777889434.2003324,1.0,-5.0,-75.0
1777889434.2103324,2.0,-7.0,-76.0
1777889434.2203324,4.0,-5.0,-77.0
1777889434.2303324,0.0,-2.0,-71.0
1777889434.2403324,0.0,-2.0,-70.0
1777889434.2503324,0.0,3.0,-72.0
1777889434.2603323,-2.0,3.0,-81.0
1777889434.2703323,-5.0,1.0,-86.0
1777889434.2803323,-3.0,3.0,-90.0
1777889434.2903323,-3.0,5.0,-89.0
1777889434.3003323,-5.0,4.0,-87.0
1777889434.3103323,-5.0,3.0,-87.0
1777889434.3203323,0.0,8.0,-84.0
1777889434.3303325,-1.0,3.0,-85.0
1777889434.3403325,1.0,0.0,-81.0
1777889434.3503325,1.0,1.0,-77.0
1777889434.3603325,4.0,0.0,-73.0
1777889434.3703325,2.0,-2.0,-77.0
1777889434.3803325,2.0,-2.0,-79.0
1777889434.3903325,1.0,-2.0,-78.0
1777889434.4003325,1.0,0.0,-81.0
1777889434.4103324,0.0,-1.0,-81.0
1777889434.4203324,0.0,0.0,-80.0
1777889434.4303324,8.0,-2.0,-76.0
1777889434.4403324,3.0,-1.0,-74.0
1777889434.4503324,0.0,-4.0,-80.0
1777889434.4603324,-2.0,-1.0,-82.0
1777889434.4703324,-1.0,-9.0,-86.0
1777889434.4803324,0.0,-8.0,-81.0
1777889434.4903324,0.0,-9.0,-79.0
1777889434.5003324,-1.0,-5.0,-77.0
1777889434.5103323,0.0,-6.0,-78.0
1777889434.5203323,3.0,-8.0,-84.0
1777889434.5303323,3.0,-2.0,-81.0
1777889434.5403323,3.0,0.0,-74.0
1777889434.5503323,1.0,1.0,-74.0
1777889434.5603323,2.0,0.0,-73.0
1777889434.5703323,6.0,2.0,-76.0
1777889434.5803325,9.0,3.0,-79.0
1777889434.5903325,4.0,0.0,-78.0
1777889434.6003325,2.0,0.0,-83.0
1777889434.6103325,6.0,-2.0,-81.0
1777889434.6203325,4.0,-4.0,-79.0
1777889434.6303325,5.0,-6.0,-81.0
1777889434.6403325,1.0,-6.0,-78.0
1777889434.6503325,1.0,-5.0,-74.0
1777889434.6603324,6.0,-6.0,-70.0
1777889434.6703324,1.0,-2.0,-71.0
1777889434.6803324,-1.0,-4.0,-71.0
1777889434.6903324,-1.0,-4.0,-73.0
1777889434.7003324,-4.0,-6.0,-66.0
1777889434.7103324,-6.0,-6.0,-67.0
1777889434.7203324,-1.0,0.0,-67.0
1777889434.7303324,2.0,0.0,-74.0
1777889434.7403324,9.0,-2.0,-82.0
1777889434.7503324,6.0,1.0,-78.0
1777889434.7603323,7.0,0.0,-77.0
1777889434.7703323,8.0,1.0,-74.0
1777889434.7803323,9.0,0.0,-75.0
1777889434.7903323,2.0,-3.0,-76.0
1777889434.8003323,1.0,-4.0,-72.0
1777889434.8103323,1.0,-7.0,-69.0
1777889434.8203323,1.0,-2.0,-70.0
1777889434.8303325,0.0,4.0,-75.0
1777889434.8403325,3.0,2.0,-73.0
1777889434.8503325,2.0,5.0,-70.0
1777889434.8603325,0.0,6.0,-70.0
1777889434.8703325,-2.0,4.0,-70.0
1777889434.8803325,0.0,5.0,-68.0
1777889434.8903325,3.0,5.0,-60.0
1777889434.9003325,4.0,5.0,-60.0
1777889434.9103324,-2.0,5.0,-58.0
1777889434.9203324,-2.0,6.0,-57.0
1777889434.9303324,-7.0,4.0,-56.0
1777889434.9403324,-2.0,2.0,-56.0
1777889434.9503324,-1.0,0.0,-60.0
1777889434.9603324,-3.0,1.0,-54.0
1777889434.9703324,-1.0,-1.0,-56.0
1777889434.9803324,0.0,1.0,-59.0
1777889434.9903324,0.0,0.0,-70.0
1777889435.0003324,1.0,-2.0,-74.0
1777889435.0103323,2.0,-3.0,-65.0
1777889435.0203323,4.0,-5.0,-65.0
1777889435.0303323,5.0,0.0,-67.0
1777889435.0403323,0.0,0.0,-73.0
1777889435.0503323,1.0,3.0,-84.0
1777889435.0603323,0.0,2.0,-76.0
1777889435.0703323,0.0,0.0,-74.0
1777889435.0803325,1.0,-2.0,-76.0
1777889435.0903325,0.0,0.0,-75.0
1777889435.1013324,0.0,0.0,-72.0
1777889435.1103325,-2.0,-2.0,-76.0
1777889435.1203325,-1.0,-6.0,-78.0
1777889435.1303325,-5.0,-6.0,-77.0
1777889435.1403325,-6.0,-6.0,-84.0
1777889435.1503325,-1.0,-5.0,-85.0
1777889435.1603324,0.0,-5.0,-81.0
1777889435.1703324,-2.0,-4.0,-79.0
1777889435.1813323,-1.0,0.0,-76.0
1777889435.1913323,-6.0,3.0,-72.0
1777889435.2013323,-8.0,5.0,-64.0
1777889435.2113323,-3.0,4.0,-60.0
1777889435.2213323,-3.0,1.0,-65.0
1777889435.2313323,-2.0,-2.0,-74.0
1777889435.2413323,-4.0,2.0,-76.0
1777889435.2513323,-4.0,2.0,-72.0
1777889435.2613325,-7.0,7.0,-73.0
1777889435.2713325,-5.0,5.0,-71.0
1777889435.2813325,-5.0,2.0,-74.0
1777889435.2913325,-5.0,3.0,-72.0
1777889435.3013325,-7.0,2.0,-70.0
1777889435.3113325,-4.0,3.0,-70.0
1777889435.3213325,-3.0,0.0,-73.0
1777889435.3313324,1.0,0.0,-73.0
1777889435.3413324,2.0,-4.0,-73.0
1777889435.3513324,2.0,-4.0,-70.0
1777889435.3613324,3.0,-6.0,-63.0
1777889435.3713324,0.0,-7.0,-61.0
1777889435.3813324,0.0,-8.0,-61.0
1777889435.3913324,0.0,-7.0,-61.0
1777889435.4013324,-2.0,-2.0,-62.0
1777889435.4113324,-1.0,4.0,-57.0
1777889435.4213324,-1.0,0.0,-61.0
1777889435.4313323,-3.0,-1.0,-61.0
1777889435.4413323,3.0,-1.0,-63.0
1777889435.4513323,0.0,0.0,-67.0
1777889435.4613323,0.0,0.0,-68.0
1777889435.4713323,4.0,-3.0,-69.0
1777889435.4813323,4.0,-2.0,-71.0
1777889435.4913323,2.0,0.0,-77.0
1777889435.5013323,3.0,3.0,-76.0
1777889435.5113325,1.0,0.0,-72.0
1777889435.5213325,0.0,0.0,-75.0
1777889435.5313325,0.0,4.0,-76.0
1777889435.5413325,-3.0,4.0,-70.0
1777889435.5513325,-5.0,5.0,-75.0
1777889435.5613325,-3.0,3.0,-71.0
1777889435.5713325,3.0,0.0,-67.0
1777889435.5813324,4.0,0.0,-60.0
1777889435.5913324,2.0,0.0,-76.0
1777889435.6013324,2.0,0.0,-77.0
1777889435.6113324,1.0,2.0,-77.0
1777889435.6213324,4.0,0.0,-79.0
1777889435.6313324,1.0,-1.0,-77.0
1777889435.6413324,2.0,-1.0,-76.0
1777889435.6513324,2.0,4.0,-73.0
1777889435.6613324,6.0,6.0,-72.0
1777889435.6713324,4.0,5.0,-67.0
1777889435.6813323,7.0,3.0,-66.0
1777889435.6913323,4.0,2.0,-64.0
1777889435.7013323,3.0,3.0,-62.0
1777889435.7113323,1.0,2.0,-62.0
1777889435.7213323,0.0,5.0,-64.0
1777889435.7313323,-2.0,4.0,-67.0
1777889435.7413323,0.0,0.0,-71.0
1777889435.7513323,0.0,0.0,-72.0
1777889435.7613325,-2.0,0.0,-75.0
1777889435.7713325,-4.0,0.0,-74.0
1777889435.7813325,-4.0,2.0,-73.0
1777889435.7913325,-2.0,3.0,-78.0
1777889435.8013325,-2.0,0.0,-79.0
1777889435.8113325,2.0,-2.0,-74.0
1777889435.8213325,2.0,0.0,-72.0
1777889435.8313324,3.0,-3.0,-65.0
1777889435.8413324,3.0,-6.0,-68.0
1777889435.8513324,-1.0,-6.0,-74.0
1777889435.8613324,0.0,-7.0,-70.0
1777889435.8713324,-2.0,-8.0,-72.0
1777889435.8813324,-2.0,-6.0,-77.0
1777889435.8913324,-2.0,-6.0,-75.0
1777889435.9013324,-3.0,-6.0,-75.0
1777889435.9113324,-8.0,-7.0,-76.0
1777889435.9213324,-8.0,-9.0,-82.0
1777889435.9313323,-5.0,-10.0,-81.0
1777889435.9413323,-3.0,-6.0,-79.0
1777889435.9513323,-3.0,-1.0,-80.0
1777889435.9613323,-1.0,-1.0,-85.0
1777889435.9713323,-2.0,2.0,-84.0
1777889435.9813323,-3.0,2.0,-76.0
1777889435.9913323,-3.0,0.0,-74.0
1777889436.0013323,-5.0,-4.0,-74.0
1777889436.0113325,-2.0,-5.0,-70.0
1777889436.0213325,-3.0,0.0,-71.0
1777889436.0313325,-3.0,1.0,-70.0
1777889436.0413325,-7.0,2.0,-74.0
1777889436.0513325,-5.0,2.0,-79.0
1777889436.0613325,-4.0,1.0,-80.0
1777889436.0713325,-3.0,-3.0,-83.0
1777889436.0813324,-4.0,-4.0,-81.0
1777889436.0913324,-5.0,-3.0,-80.0
1777889436.1013324,-7.0,-3.0,-82.0
1777889436.1113324,-4.0,-3.0,-71.0
1777889436.1213324,-3.0,-3.0,-73.0
1777889436.1313324,-1.0,-2.0,-73.0
1777889436.1413324,-1.0,0.0,-79.0
1777889436.1513324,-6.0,1.0,-76.0
1777889436.1613324,-4.0,0.0,-76.0
1777889436.1713324,-1.0,1.0,-74.0
1777889436.1813323,-1.0,3.0,-77.0
1777889436.1913323,0.0,0.0,-80.0
1777889436.2013323,-9.0,-3.0,-84.0
1777889436.2113323,-14.0,-2.0,-88.0
1777889436.2213323,-9.0,-3.0,-90.0
1777889436.2313323,-4.0,-3.0,-86.0
1777889436.2413323,-4.0,1.0,-83.0
1777889436.2513323,-4.0,2.0,-82.0
1777889436.2613325,0.0,-1.0,-84.0
1777889436.2713325,1.0,0.0,-87.0
1777889436.2813325,2.0,2.0,-91.0
1777889436.2913325,0.0,3.0,-86.0
1777889436.3013325,0.0,3.0,-83.0
1777889436.3113325,0.0,3.0,-83.0
1777889436.3213325,0.0,3.0,-80.0
1777889436.3313324,-1.0,0.0,-79.0
1777889436.3413324,2.0,-3.0,-74.0
1777889436.3513324,4.0,0.0,-74.0
1777889436.3613324,1.0,-1.0,-72.0
1777889436.3713324,4.0,-1.0,-78.0
1777889436.3813324,5.0,-2.0,-84.0
1777889436.3913324,3.0,-2.0,-85.0
1777889436.4013324,3.0,0.0,-85.0
1777889436.4113324,2.0,0.0,-82.0
1777889436.4213324,-1.0,-4.0,-83.0
1777889436.4313323,0.0,0.0,-85.0
1777889436.4413323,-2.0,0.0,-88.0
1777889436.4513323,-8.0,-1.0,-83.0
1777889436.4613323,-6.0,0.0,-77.0
1777889436.4713323,-3.0,1.0,-78.0
1777889436.4813323,-9.0,0.0,-77.0
1777889436.4913323,-5.0,0.0,-83.0
1777889436.5013323,-8.0,-1.0,-88.0
1777889436.5113325,-6.0,-2.0,-88.0
1777889436.5213325,-3.0,-3.0,-86.0
1777889436.5313325,-2.0,-5.0,-85.0
1777889436.5413325,0.0,-3.0,-86.0
1777889436.5513325,0.0,-3.0,-83.0
1777889436.5613325,-3.0,-7.0,-82.0
1777889436.5713325,-1.0,-7.0,-75.0
1777889436.5813324,-1.0,-4.0,-71.0
1777889436.5913324,-1.0,-3.0,-67.0
1777889436.6013324,-1.0,-2.0,-65.0
1777889436.6113324,-5.0,-3.0,-66.0
1777889436.6213324,-8.0,-3.0,-68.0
1777889436.6313324,-6.0,-3.0,-66.0
1777889436.6413324,-7.0,-2.0,-67.0
1777889436.6513324,-4.0,-2.0,-66.0
1777889436.6613324,-11.0,-2.0,-68.0
1777889436.6713324,-12.0,3.0,-59.0
1777889436.6813323,-12.0,1.0,-56.0
1777889436.6913323,-2.0,0.0,-62.0
1777889436.7013323,0.0,0.0,-68.0
1777889436.7113323,-2.0,-1.0,-69.0
1777889436.7213323,-1.0,-2.0,-76.0
1777889436.7313323,-2.0,0.0,-73.0
1777889436.7413323,2.0,-3.0,-70.0
1777889436.7513323,5.0,-5.0,-70.0
1777889436.7613325,4.0,-5.0,-74.0
1777889436.7713325,3.0,-4.0,-76.0
1777889436.7813325,0.0,-4.0,-83.0
1777889436.7913325,1.0,-3.0,-77.0
1777889436.8013325,0.0,-3.0,-75.0
1777889436.8113325,-1.0,-1.0,-71.0
1777889436.8213325,-6.0,-1.0,-66.0
1777889436.8313324,-3.0,0.0,-66.0
1777889436.8413324,-3.0,-2.0,-61.0
1777889436.8513324,3.0,-5.0,-67.0
1777889436.8613324,1.0,-5.0,-76.0
1777889436.8713324,0.0,-2.0,-74.0
1777889436.8813324,1.0,-1.0,-77.0
1777889436.8913324,4.0,0.0,-78.0
1777889436.9013324,0.0,0.0,-77.0
1777889436.9113324,0.0,-1.0,-68.0
1777889436.9213324,-2.0,-1.0,-72.0
1777889436.9313323,-7.0,-2.0,-71.0
1777889436.9413323,-5.0,-4.0,-71.0
1777889436.9513323,-4.0,-5.0,-68.0
1777889436.9613323,-1.0,-8.0,-67.0
1777889436.9713323,-5.0,-8.0,-67.0
1777889436.9813323,-5.0,-9.0,-71.0
1777889436.9913323,0.0,-8.0,-77.0
1777889437.0013323,1.0,-7.0,-82.0
1777889437.0113325,1.0,-8.0,-81.0
1777889437.0213325,0.0,-5.0,-76.0
1777889437.0313325,2.0,0.0,-78.0
1777889437.0413325,2.0,0.0,-84.0
1777889437.0513325,0.0,-3.0,-80.0
1777889437.0613325,-4.0,-4.0,-76.0
1777889437.0713325,-6.0,-4.0,-78.0
1777889437.0813324,-4.0,-6.0,-77.0
1777889437.0913324,0.0,-5.0,-81.0
1777889437.1013324,1.0,-10.0,-78.0
1777889437.1113324,-1.0,-9.0,-72.0
1777889437.1213324,-4.0,-3.0,-74.0
1777889437.1313324,-9.0,-3.0,-79.0
1777889437.1413324,-3.0,-4.0,-83.0
1777889437.1513324,-5.0,-8.0,-76.0
1777889437.1613324,-2.0,-6.0,-78.0
1777889437.1713324,-2.0,-4.0,-80.0
1777889437.1823325,-2.0,-5.0,-77.0
1777889437.1923325,-1.0,-7.0,-76.0
1777889437.2023325,3.0,-4.0,-77.0
1777889437.2123325,4.0,-9.0,-87.0
1777889437.2213323,5.0,-8.0,-82.0
1777889437.2323325,5.0,-7.0,-81.0
1777889437.2423325,3.0,-6.0,-79.0
1777889437.2523324,1.0,-3.0,-80.0
1777889437.2623324,-4.0,-3.0,-79.0
1777889437.2723324,-2.0,-3.0,-78.0
1777889437.2823324,-1.0,0.0,-73.0
1777889437.2923324,-2.0,-2.0,-70.0
1777889437.3023324,0.0,-6.0,-68.0
1777889437.3123324,0.0,-6.0,-69.0
1777889437.3223324,2.0,-6.0,-75.0
1777889437.3323324,4.0,-2.0,-79.0
1777889437.3423324,1.0,-4.0,-78.0
1777889437.3523324,0.0,-3.0,-79.0
1777889437.3623323,4.0,0.0,-77.0
1777889437.3723323,2.0,2.0,-76.0
1777889437.3823323,0.0,0.0,-72.0
1777889437.3923323,2.0,0.0,-74.0
1777889437.4023323,1.0,-2.0,-82.0
1777889437.4123323,-1.0,1.0,-81.0
1777889437.4223323,0.0,0.0,-83.0
1777889437.4323325,3.0,-1.0,-79.0
1777889437.4423325,2.0,-2.0,-84.0
1777889437.4523325,1.0,-2.0,-82.0
1777889437.4623325,0.0,-3.0,-80.0
1777889437.4723325,0.0,-6.0,-81.0
1777889437.4823325,2.0,-4.0,-84.0
1777889437.4923325,6.0,-2.0,-90.0
1777889437.5023324,1.0,-1.0,-84.0
1777889437.5123324,0.0,-2.0,-86.0
1777889437.5223324,5.0,-3.0,-77.0
1777889437.5323324,2.0,-4.0,-76.0
1777889437.5423324,-2.0,-8.0,-75.0
1777889437.5523324,-5.0,-5.0,-73.0
1777889437.5623324,-2.0,-5.0,-73.0
1777889437.5723324,0.0,-4.0,-66.0
1777889437.5823324,0.0,-5.0,-71.0
1777889437.5923324,3.0,-10.0,-74.0
1777889437.6023324,1.0,-8.0,-70.0
1777889437.6123323,0.0,-5.0,-69.0
1777889437.6223323,-2.0,-4.0,-74.0
1777889437.6323323,-1.0,-3.0,-83.0
1777889437.6423323,-2.0,0.0,-86.0
1777889437.6523323,-3.0,4.0,-75.0
1777889437.6623323,0.0,4.0,-72.0
1777889437.6723323,2.0,-1.0,-71.0
1777889437.6823325,0.0,-2.0,-70.0
1777889437.6923325,0.0,-6.0,-73.0
1777889437.7023325,-5.0,-3.0,-74.0
1777889437.7123325,-5.0,-6.0,-75.0
1777889437.7223325,-5.0,-3.0,-69.0
1777889437.7323325,-6.0,-1.0,-66.0
1777889437.7423325,-5.0,0.0,-63.0
1777889437.7523324,-5.0,0.0,-63.0
1777889437.7623324,0.0,2.0,-65.0
1777889437.7723324,-5.0,4.0,-65.0
1777889437.7823324,-9.0,3.0,-73.0
1777889437.7923324,-6.0,-4.0,-72.0
1777889437.8023324,-7.0,-4.0,-71.0
1777889437.8123324,-8.0,-7.0,-72.0
1777889437.8223324,-10.0,-5.0,-69.0
1777889437.8323324,-4.0,-3.0,-75.0
1777889437.8423324,-1.0,-3.0,-83.0
1777889437.8523324,-4.0,-3.0,-83.0
1777889437.8623323,-4.0,-3.0,-83.0
1777889437.8723323,0.0,-3.0,-82.0
1777889437.8823323,-1.0,0.0,-78.0
1777889437.8923323,-5.0,-4.0,-80.0
1777889437.9023323,0.0,-6.0,-74.0
1777889437.9123323,0.0,0.0,-76.0
1777889437.9223323,0.0,0.0,-79.0
1777889437.9323325,-1.0,1.0,-87.0
1777889437.9423325,-1.0,-1.0,-83.0
1777889437.9523325,-2.0,3.0,-82.0
1777889437.9623325,-8.0,1.0,-82.0
1777889437.9723325,-5.0,0.0,-77.0
1777889437.9823325,-4.0,0.0,-70.0
1777889437.9923325,-2.0,2.0,-66.0
1777889438.0023324,-3.0,3.0,-71.0
1777889438.0123324,-4.0,2.0,-72.0
1777889438.0223324,-2.0,1.0,-72.0
1777889438.0323324,0.0,5.0,-74.0
1777889438.0423324,-1.0,0.0,-72.0
1777889438.0523324,1.0,-1.0,-69.0
1777889438.0623324,5.0,0.0,-72.0
1777889438.0723324,11.0,5.0,-73.0
1777889438.0823324,12.0,2.0,-79.0
1777889438.0923324,11.0,0.0,-89.0
1777889438.1023324,12.0,-3.0,-87.0
1777889438.1123323,9.0,-5.0,-87.0
1777889438.1223323,7.0,-6.0,-82.0
1777889438.1323323,5.0,-1.0,-79.0
1777889438.1423323,-1.0,-1.0,-78.0
1777889438.1523323,3.0,-1.0,-74.0
1777889438.1623323,5.0,-1.0,-76.0
1777889438.1723323,0.0,-5.0,-80.0
1777889438.1823325,5.0,-4.0,-77.0
1777889438.1923325,5.0,0.0,-75.0
1777889438.2023325,4.0,0.0,-74.0
1777889438.2123325,0.0,0.0,-78.0
1777889438.2223325,3.0,0.0,-77.0
1777889438.2323325,4.0,-4.0,-78.0
1777889438.2423325,6.0,-7.0,-75.0
1777889438.2523324,6.0,-8.0,-70.0
1777889438.2623324,8.0,-7.0,-73.0
1777889438.2723324,10.0,-4.0,-70.0
1777889438.2823324,3.0,-5.0,-72.0
1777889438.2923324,0.0,-1.0,-69.0
1777889438.3023324,-2.0,-1.0,-65.0
1777889438.3123324,0.0,0.0,-66.0
1777889438.3223324,0.0,0.0,-71.0
1777889438.3323324,0.0,3.0,-73.0
1777889438.3423324,0.0,3.0,-74.0
1777889438.3523324,0.0,1.0,-73.0
1777889438.3623323,3.0,-3.0,-67.0
1777889438.3723323,5.0,-6.0,-64.0
1777889438.3823323,5.0,-10.0,-63.0
1777889438.3923323,2.0,-7.0,-66.0
1777889438.4023323,-1.0,-5.0,-67.0
1777889438.4123323,-3.0,-2.0,-66.0
1777889438.4223323,-2.0,0.0,-65.0
1777889438.4323325,-2.0,-1.0,-68.0
1777889438.4423325,-3.0,-1.0,-68.0
1777889438.4523325,-4.0,0.0,-70.0
1777889438.4623325,-5.0,-1.0,-76.0
1777889438.4723325,-2.0,-2.0,-74.0
1777889438.4823325,-3.0,0.0,-72.0
1777889438.4923325,1.0,3.0,-72.0
1777889438.5023324,3.0,3.0,-75.0
1777889438.5123324,3.0,3.0,-76.0
1777889438.5223324,1.0,5.0,-72.0
1777889438.5323324,6.0,7.0,-70.0
1777889438.5423324,7.0,1.0,-66.0
1777889438.5523324,9.0,-2.0,-71.0
1777889438.5623324,7.0,-1.0,-73.0
1777889438.5723324,6.0,2.0,-75.0
1777889438.5823324,8.0,4.0,-73.0
1777889438.5923324,5.0,4.0,-74.0
1777889438.6023324,-1.0,5.0,-71.0
1777889438.6123323,1.0,3.0,-68.0
1777889438.6223323,0.0,0.0,-73.0
1777889438.6323323,-2.0,-1.0,-68.0
1777889438.6423323,4.0,-3.0,-68.0
1777889438.6523323,6.0,0.0,-65.0
1777889438.6623323,7.0,6.0,-70.0
1777889438.6723323,6.0,6.0,-75.0
1777889438.6823325,1.0,6.0,-74.0
1777889438.6923325,0.0,2.0,-78.0
1777889438.7023325,-2.0,-1.0,-75.0
1777889438.7123325,-8.0,-4.0,-77.0
1777889438.7223325,-6.0,-8.0,-72.0
1777889438.7323325,-5.0,-6.0,-68.0
1777889438.7423325,-1.0,-3.0,-68.0
1777889438.7523324,-1.0,-6.0,-64.0
1777889438.7623324,4.0,-8.0,-65.0
1777889438.7723324,3.0,-8.0,-67.0
1777889438.7823324,3.0,-5.0,-68.0
1777889438.7923324,5.0,0.0,-70.0
1777889438.8023324,6.0,-1.0,-78.0
1777889438.8123324,6.0,-3.0,-77.0
1777889438.8223324,4.0,-1.0,-76.0
1777889438.8323324,-2.0,-5.0,-79.0
1777889438.8423324,-4.0,-7.0,-76.0
1777889438.8523324,-5.0,-3.0,-81.0
1777889438.8623323,0.0,0.0,-82.0
1777889438.8723323,4.0,-4.0,-84.0
1777889438.8823323,4.0,0.0,-82.0
1777889438.8923323,1.0,1.0,-77.0
1777889438.9023323,5.0,1.0,-69.0
1777889438.9123323,4.0,3.0,-70.0
1777889438.9223323,-1.0,4.0,-68.0
1777889438.9323325,-2.0,5.0,-64.0
1777889438.9423325,2.0,1.0,-65.0
1777889438.9523325,6.0,4.0,-71.0
1777889438.9623325,7.0,7.0,-79.0
1777889438.9723325,2.0,9.0,-79.0
1777889438.9823325,-4.0,7.0,-81.0
1777889438.9923325,-1.0,3.0,-78.0
1777889439.0023324,1.0,1.0,-75.0
1777889439.0123324,1.0,4.0,-72.0
1777889439.0223324,-2.0,7.0,-79.0
1777889439.0323324,-1.0,2.0,-83.0
1777889439.0423324,0.0,0.0,-81.0
1777889439.0523324,-2.0,0.0,-83.0
1777889439.0623324,-2.0,1.0,-75.0
1777889439.0723324,-1.0,1.0,-72.0
1777889439.0823324,1.0,4.0,-71.0
1777889439.0923324,-1.0,4.0,-79.0
1777889439.1023324,-8.0,3.0,-81.0
1777889439.1123323,-4.0,3.0,-81.0
1777889439.1223323,0.0,4.0,-83.0
1777889439.1323323,0.0,4.0,-81.0
1777889439.1433325,-1.0,3.0,-82.0
1777889439.1533325,0.0,0.0,-83.0
1777889439.1633325,1.0,0.0,-76.0
1777889439.1733325,0.0,-1.0,-74.0
1777889439.1833324,-3.0,-4.0,-69.0
1777889439.1933324,-6.0,-5.0,-72.0
1777889439.2033324,0.0,-7.0,-77.0
1777889439.2133324,3.0,-3.0,-81.0
1777889439.2233324,2.0,0.0,-85.0
1777889439.2333324,0.0,4.0,-84.0
1777889439.2433324,-4.0,1.0,-79.0
1777889439.2533324,-2.0,-4.0,-70.0
1777889439.2633324,-1.0,-8.0,-71.0
1777889439.2733324,-4.0,-5.0,-76.0
1777889439.2833323,-3.0,-6.0,-77.0
1777889439.2933323,-1.0,-6.0,-78.0
1777889439.3033323,2.0,-7.0,-77.0
1777889439.3133323,6.0,-5.0,-78.0
1777889439.3233323,6.0,-6.0,-79.0
1777889439.3333323,6.0,-6.0,-75.0
1777889439.3433323,9.0,-3.0,-67.0
1777889439.3533323,1.0,-4.0,-67.0
1777889439.3633325,-5.0,-2.0,-62.0
1777889439.3733325,-3.0,0.0,-66.0
1777889439.3833325,1.0,1.0,-66.0
1777889439.3933325,5.0,-1.0,-65.0
1777889439.4033325,3.0,-1.0,-67.0
1777889439.4133325,2.0,-3.0,-68.0
1777889439.4233325,2.0,0.0,-66.0
1777889439.4333324,0.0,-5.0,-63.0
1777889439.4433324,-3.0,-6.0,-69.0
1777889439.4533324,-4.0,-6.0,-66.0
1777889439.4633324,-4.0,-6.0,-62.0
1777889439.4733324,-6.0,-10.0,-71.0
1777889439.4833324,-5.0,-8.0,-76.0
1777889439.4933324,-1.0,-5.0,-75.0
1777889439.5033324,3.0,-2.0,-70.0
1777889439.5133324,0.0,0.0,-70.0
1777889439.5233324,-3.0,0.0,-78.0
1777889439.5333323,-1.0,0.0,-83.0
1777889439.5433323,3.0,-3.0,-82.0
1777889439.5533323,6.0,-2.0,-77.0
1777889439.5633323,6.0,-6.0,-71.0
1777889439.5733323,2.0,-5.0,-71.0
1777889439.5833323,0.0,-8.0,-74.0
1777889439.5933323,1.0,-10.0,-76.0
1777889439.6033323,1.0,-6.0,-80.0
1777889439.6133325,1.0,-1.0,-71.0
1777889439.6233325,4.0,1.0,-65.0
1777889439.6333325,3.0,-1.0,-63.0
1777889439.6433325,2.0,0.0,-59.0
1777889439.6533325,1.0,-1.0,-66.0
1777889439.6633325,0.0,-4.0,-69.0
1777889439.6733325,2.0,-4.0,-70.0
1777889439.6833324,0.0,-3.0,-68.0
1777889439.6933324,-1.0,-3.0,-72.0
1777889439.7033324,-5.0,-7.0,-73.0
1777889439.7133324,-6.0,-7.0,-84.0
1777889439.7233324,-5.0,-7.0,-79.0
1777889439.7333324,0.0,-4.0,-78.0
1777889439.7433324,1.0,-6.0,-78.0
1777889439.7533324,-1.0,-9.0,-71.0
1777889439.7633324,1.0,-6.0,-70.0
1777889439.7733324,0.0,-1.0,-73.0
1777889439.7833323,3.0,0.0,-78.0
1777889439.7933323,6.0,-1.0,-77.0
1777889439.8033323,5.0,1.0,-74.0
1777889439.8133323,5.0,3.0,-69.0
1777889439.8233323,4.0,1.0,-68.0
1777889439.8333323,8.0,0.0,-61.0
1777889439.8433323,3.0,5.0,-61.0
1777889439.8533323,6.0,5.0,-65.0
1777889439.8633325,4.0,2.0,-63.0
1777889439.8733325,0.0,1.0,-66.0
1777889439.8833325,-1.0,3.0,-65.0
1777889439.8933325,-2.0,3.0,-65.0
1777889439.9033325,-2.0,3.0,-64.0
1777889439.9133325,0.0,0.0,-74.0
1777889439.9233325,1.0,0.0,-76.0
1777889439.9333324,3.0,-1.0,-79.0
1777889439.9433324,5.0,0.0,-80.0
1777889439.9533324,4.0,-3.0,-85.0
1777889439.9633324,0.0,-4.0,-80.0
1777889439.9733324,4.0,-6.0,-72.0
1777889439.9833324,2.0,-3.0,-70.0
1777889439.9933324,1.0,-3.0,-77.0
1777889440.0033324,-1.0,0.0,-87.0
1777889440.0133324,-3.0,0.0,-94.0
1777889440.0233324,-2.0,0.0,-93.0
1777889440.0333323,0.0,-1.0,-92.0
1777889440.0433323,-5.0,1.0,-92.0
1777889440.0533323,-7.0,0.0,-90.0
1777889440.0633323,-8.0,5.0,-86.0
1777889440.0733323,-6.0,9.0,-86.0
1777889440.0833323,-1.0,9.0,-80.0
1777889440.0933323,0.0,8.0,-81.0
1777889440.1033323,-2.0,9.0,-88.0
1777889440.1133325,-4.0,13.0,-89.0
1777889440.1233325,-3.0,9.0,-78.0
1777889440.1333325,-3.0,7.0,-80.0
1777889440.1433325,-3.0,6.0,-85.0
1777889440.1533325,2.0,3.0,-83.0
1777889440.1633325,2.0,0.0,-78.0
1777889440.1733325,0.0,-1.0,-76.0
1777889440.1833324,-1.0,0.0,-81.0
1777889440.1933324,0.0,5.0,-79.0
1777889440.2033324,1.0,8.0,-78.0
1777889440.2133324,0.0,7.0,-72.0
1777889440.2233324,-2.0,3.0,-70.0
1777889440.2333324,1.0,2.0,-76.0
1777889440.2433324,0.0,-1.0,-78.0
1777889440.2533324,4.0,0.0,-79.0
1777889440.2633324,1.0,0.0,-82.0
1777889440.2733324,2.0,1.0,-79.0
1777889440.2833323,2.0,0.0,-79.0
1777889440.2933323,1.0,-3.0,-78.0
1777889440.3033323,0.0,1.0,-85.0
1777889440.3133323,0.0,3.0,-83.0
1777889440.3233323,1.0,1.0,-81.0
1777889440.3333323,3.0,-2.0,-78.0
1777889440.3433323,1.0,-7.0,-72.0
1777889440.3533323,0.0,-9.0,-69.0
1777889440.3633325,0.0,-7.0,-70.0
1777889440.3733325,3.0,-6.0,-71.0
1777889440.3833325,6.0,-3.0,-70.0
1777889440.3933325,8.0,-2.0,-69.0
1777889440.4033325,2.0,-1.0,-72.0
1777889440.4133325,2.0,-3.0,-78.0
1777889440.4233325,1.0,-3.0,-86.0
1777889440.4333324,-2.0,1.0,-90.0
1777889440.4433324,-4.0,4.0,-82.0
1777889440.4533324,-7.0,6.0,-79.0
1777889440.4633324,-1.0,3.0,-82.0
1777889440.4733324,0.0,3.0,-81.0
1777889440.4833324,0.0,6.0,-79.0
1777889440.4933324,-1.0,3.0,-77.0
1777889440.5033324,-1.0,1.0,-81.0
1777889440.5133324,0.0,0.0,-72.0
1777889440.5233324,0.0,-5.0,-73.0
1777889440.5333323,2.0,-9.0,-75.0
1777889440.5433323,6.0,-9.0,-76.0
1777889440.5533323,1.0,-8.0,-73.0
1777889440.5633323,1.0,-7.0,-77.0
1777889440.5733323,5.0,-5.0,-78.0
1777889440.5833323,2.0,-4.0,-71.0
1777889440.5933323,7.0,0.0,-70.0
1777889440.6033323,4.0,0.0,-75.0
1777889440.6133325,6.0,5.0,-83.0
1777889440.6233325,7.0,6.0,-81.0
1777889440.6333325,4.0,6.0,-74.0
1777889440.6433325,-2.0,4.0,-81.0
1777889440.6533325,-1.0,1.0,-90.0
1777889440.6633325,-2.0,-1.0,-89.0
1777889440.6733325,0.0,-2.0,-82.0
1777889440.6833324,2.0,0.0,-75.0
1777889440.6933324,8.0,0.0,-75.0
1777889440.7033324,8.0,-1.0,-75.0
1777889440.7133324,4.0,-3.0,-69.0
1777889440.7233324,3.0,-2.0,-72.0
1777889440.7333324,4.0,-1.0,-68.0
1777889440.7433324,0.0,-3.0,-76.0
1777889440.7533324,-1.0,-4.0,-80.0
1777889440.7633324,-2.0,-4.0,-79.0
1777889440.7733324,-1.0,-3.0,-76.0
1777889440.7833323,0.0,-5.0,-77.0
1777889440.7933323,-3.0,-9.0,-77.0
1777889440.8033323,-6.0,-7.0,-72.0
1777889440.8133323,-4.0,-6.0,-70.0
1777889440.8233323,-2.0,-3.0,-74.0
1777889440.8333323,-3.0,-3.0,-71.0
1777889440.8433323,-6.0,1.0,-73.0
1777889440.8533323,-1.0,0.0,-74.0
1777889440.8633325,2.0,2.0,-69.0
1777889440.8733325,4.0,3.0,-67.0
1777889440.8833325,10.0,3.0,-64.0
1777889440.8933325,8.0,0.0,-63.0
1777889440.9033325,12.0,-2.0,-60.0
1777889440.9133325,10.0,-4.0,-61.0
1777889440.9233325,6.0,0.0,-64.0
1777889440.9333324,8.0,4.0,-72.0
1777889440.9433324,8.0,3.0,-65.0
1777889440.9533324,9.0,1.0,-63.0
1777889440.9633324,4.0,-2.0,-71.0
1777889440.9733324,0.0,-3.0,-67.0
1777889440.9833324,-2.0,-2.0,-64.0
1777889440.9933324,-4.0,0.0,-69.0
1777889441.0033324,-2.0,-1.0,-64.0
1777889441.0133324,-3.0,-5.0,-69.0
1777889441.0233324,0.0,-3.0,-71.0
1777889441.0333323,-4.0,-4.0,-73.0
1777889441.0433323,0.0,-1.0,-68.0
1777889441.0533323,3.0,-2.0,-61.0
1777889441.0633323,6.0,-3.0,-60.0
1777889441.0733323,2.0,0.0,-55.0
1777889441.0833323,5.0,2.0,-61.0
1777889441.0933323,0.0,0.0,-64.0
1777889441.1043324,2.0,0.0,-67.0
1777889441.1143324,2.0,0.0,-65.0
1777889441.1233325,3.0,0.0,-63.0
1777889441.1343324,5.0,-1.0,-70.0
1777889441.1443324,3.0,-3.0,-67.0
1777889441.1543324,0.0,-4.0,-71.0
1777889441.1643324,0.0,-1.0,-79.0
1777889441.1733325,3.0,-1.0,-81.0
1777889441.1843324,6.0,-3.0,-78.0
1777889441.1943324,4.0,-1.0,-74.0
1777889441.2043324,4.0,-2.0,-68.0
1777889441.2143323,2.0,-2.0,-75.0
1777889441.2243323,0.0,-4.0,-76.0
1777889441.2343323,1.0,-2.0,-76.0
1777889441.2443323,-1.0,-2.0,-78.0
1777889441.2543323,0.0,0.0,-76.0
1777889441.2643323,-3.0,0.0,-80.0
1777889441.2743323,-6.0,-2.0,-89.0
1777889441.2843325,-6.0,0.0,-95.0
1777889441.2943325,-3.0,1.0,-95.0
1777889441.3043325,-4.0,0.0,-92.0
1777889441.3143325,-6.0,0.0,-94.0
1777889441.3243325,-2.0,2.0,-95.0
1777889441.3343325,-1.0,-3.0,-88.0
1777889441.3443325,-2.0,-4.0,-90.0
1777889441.3543324,-1.0,0.0,-85.0
1777889441.3643324,-1.0,-3.0,-88.0
1777889441.3743324,1.0,-4.0,-90.0
1777889441.3843324,3.0,-4.0,-89.0
1777889441.3943324,0.0,-3.0,-96.0
1777889441.4043324,-2.0,1.0,-93.0
1777889441.4143324,0.0,-4.0,-89.0
1777889441.4243324,3.0,-5.0,-86.0
1777889441.4343324,0.0,-6.0,-87.0
1777889441.4443324,1.0,-5.0,-89.0
1777889441.4543324,3.0,-9.0,-82.0
1777889441.4643323,7.0,-7.0,-82.0
1777889441.4743323,0.0,-4.0,-82.0
1777889441.4843323,-2.0,-3.0,-81.0
1777889441.4943323,-5.0,-6.0,-81.0
1777889441.5043323,-5.0,-1.0,-83.0
1777889441.5143323,-5.0,-2.0,-85.0
1777889441.5243323,-2.0,-1.0,-85.0
1777889441.5343325,0.0,0.0,-81.0
1777889441.5443325,2.0,-1.0,-78.0
1777889441.5543325,1.0,-2.0,-79.0
1777889441.5643325,6.0,1.0,-79.0
1777889441.5743325,2.0,0.0,-77.0
1777889441.5843325,0.0,0.0,-78.0
1777889441.5943325,-5.0,-1.0,-82.0
1777889441.6043324,-5.0,0.0,-84.0
1777889441.6143324,-4.0,-5.0,-82.0
1777889441.6243324,-3.0,0.0,-78.0
1777889441.6343324,0.0,-1.0,-78.0
1777889441.6443324,0.0,-2.0,-74.0
1777889441.6543324,-4.0,-6.0,-81.0
1777889441.6643324,-7.0,-1.0,-81.0
1777889441.6743324,-5.0,-5.0,-74.0
1777889441.6843324,-3.0,-2.0,-77.0
1777889441.6943324,0.0,3.0,-76.0
1777889441.7043324,-3.0,0.0,-74.0
1777889441.7143323,-3.0,0.0,-70.0
1777889441.7243323,-2.0,0.0,-70.0
1777889441.7343323,0.0,2.0,-73.0
1777889441.7443323,-2.0,-1.0,-71.0
1777889441.7543323,-6.0,-6.0,-71.0
1777889441.7643323,-5.0,-6.0,-71.0
1777889441.7743323,-5.0,-2.0,-75.0
1777889441.7843325,-3.0,-2.0,-76.0
1777889441.7943325,-1.0,-1.0,-81.0
1777889441.8043325,-3.0,-5.0,-81.0
1777889441.8143325,-3.0,-5.0,-78.0
1777889441.8243325,-4.0,0.0,-74.0
1777889441.8343325,-5.0,4.0,-75.0
1777889441.8443325,-4.0,4.0,-81.0
1777889441.8543324,1.0,3.0,-84.0
1777889441.8643324,4.0,1.0,-84.0
1777889441.8743324,5.0,3.0,-83.0
1777889441.8843324,6.0,4.0,-80.0
1777889441.8943324,5.0,7.0,-80.0
1777889441.9043324,6.0,9.0,-80.0
1777889441.9143324,6.0,6.0,-72.0
1777889441.9243324,0.0,7.0,-75.0
1777889441.9343324,1.0,6.0,-72.0
1777889441.9443324,2.0,8.0,-68.0
1777889441.9543324,-2.0,1.0,-70.0
1777889441.9643323,-4.0,-2.0,-76.0
1777889441.9743323,-2.0,-2.0,-77.0
1777889441.9843323,0.0,0.0,-73.0
1777889441.9943323,-4.0,3.0,-67.0
1777889442.0043323,-6.0,5.0,-70.0
1777889442.0143323,-6.0,4.0,-74.0
1777889442.0243323,1.0,1.0,-73.0
1777889442.0343325,4.0,0.0,-71.0
1777889442.0443325,3.0,3.0,-75.0
1777889442.0543325,0.0,8.0,-75.0
1777889442.0643325,-1.0,8.0,-72.0
1777889442.0743325,-2.0,4.0,-68.0
1777889442.0843325,-3.0,1.0,-66.0
1777889442.0943325,-5.0,1.0,-71.0
1777889442.1043324,-4.0,0.0,-67.0
1777889442.1143324,0.0,0.0,-71.0
1777889442.1243324,2.0,0.0,-75.0
1777889442.1343324,5.0,1.0,-82.0
1777889442.1443324,4.0,1.0,-86.0
1777889442.1543324,0.0,1.0,-83.0
1777889442.1643324,1.0,0.0,-85.0
1777889442.1743324,2.0,3.0,-81.0
1777889442.1843324,5.0,3.0,-81.0
1777889442.1943324,6.0,5.0,-71.0
1777889442.2043324,3.0,5.0,-71.0
1777889442.2143323,0.0,8.0,-69.0
1777889442.2243323,-4.0,7.0,-73.0
1777889442.2343323,0.0,6.0,-75.0
1777889442.2443323,0.0,0.0,-76.0
1777889442.2543323,5.0,-2.0,-79.0
1777889442.2643323,2.0,0.0,-76.0
1777889442.2743323,3.0,0.0,-78.0
1777889442.2843325,6.0,-2.0,-81.0
1777889442.2943325,2.0,-3.0,-78.0
1777889442.3043325,-1.0,-6.0,-71.0
1777889442.3143325,0.0,-7.0,-76.0
1777889442.3243325,3.0,-1.0,-75.0
1777889442.3343325,3.0,-2.0,-73.0
1777889442.3443325,-1.0,-4.0,-75.0
1777889442.3543324,-1.0,-4.0,-80.0
1777889442.3643324,0.0,-2.0,-81.0
1777889442.3743324,2.0,-1.0,-82.0
1777889442.3843324,2.0,-2.0,-77.0
1777889442.3943324,3.0,0.0,-80.0
1777889442.4043324,2.0,0.0,-82.0
1777889442.4143324,4.0,0.0,-82.0
1777889442.4243324,6.0,-2.0,-77.0
1777889442.4343324,9.0,-4.0,-77.0
1777889442.4443324,11.0,0.0,-77.0
1777889442.4543324,6.0,0.0,-78.0
1777889442.4643323,8.0,-2.0,-77.0
1777889442.4743323,4.0,-3.0,-70.0
1777889442.4843323,2.0,-4.0,-75.0
1777889442.4943323,-1.0,-5.0,-80.0
1777889442.5043323,0.0,-4.0,-80.0
1777889442.5143323,0.0,0.0,-85.0
1777889442.5243323,0.0,1.0,-91.0
1777889442.5343325,-1.0,1.0,-87.0
1777889442.5443325,-4.0,4.0,-80.0
1777889442.5543325,-7.0,0.0,-76.0
1777889442.5643325,-3.0,1.0,-75.0
1777889442.5743325,0.0,2.0,-79.0
1777889442.5843325,2.0,3.0,-69.0
1777889442.5943325,4.0,2.0,-72.0
1777889442.6043324,4.0,1.0,-63.0
1777889442.6143324,5.0,4.0,-64.0
1777889442.6243324,4.0,1.0,-68.0
1777889442.6343324,1.0,2.0,-70.0
1777889442.6443324,-1.0,4.0,-70.0
1777889442.6543324,-1.0,5.0,-68.0
1777889442.6643324,-3.0,5.0,-76.0
1777889442.6743324,-6.0,4.0,-84.0
1777889442.6843324,-7.0,2.0,-88.0
1777889442.6943324,-7.0,0.0,-81.0
1777889442.7043324,0.0,0.0,-79.0
1777889442.7143323,0.0,0.0,-76.0
1777889442.7243323,1.0,2.0,-69.0
1777889442.7343323,1.0,2.0,-63.0
1777889442.7443323,-2.0,-1.0,-62.0
1777889442.7543323,-2.0,-6.0,-66.0
1777889442.7643323,-3.0,-6.0,-63.0
1777889442.7743323,0.0,-7.0,-66.0
1777889442.7843325,3.0,-5.0,-72.0
1777889442.7943325,-1.0,-7.0,-75.0
1777889442.8043325,2.0,-7.0,-74.0
1777889442.8143325,5.0,-8.0,-76.0
1777889442.8243325,3.0,-9.0,-71.0
1777889442.8343325,2.0,-4.0,-71.0
1777889442.8443325,-2.0,-3.0,-74.0
1777889442.8543324,-4.0,-1.0,-71.0
1777889442.8643324,-5.0,0.0,-69.0
1777889442.8743324,-3.0,0.0,-74.0
1777889442.8843324,2.0,-2.0,-73.0
1777889442.8943324,2.0,-3.0,-71.0
1777889442.9043324,5.0,-6.0,-77.0
1777889442.9143324,4.0,-4.0,-81.0
1777889442.9243324,2.0,-2.0,-83.0
1777889442.9343324,1.0,-4.0,-81.0
1777889442.9443324,1.0,-7.0,-81.0
1777889442.9543324,7.0,-7.0,-81.0
1777889442.9643323,9.0,-6.0,-87.0
1777889442.9743323,8.0,-4.0,-73.0
1777889442.9843323,4.0,-6.0,-69.0
1777889442.9943323,3.0,-7.0,-73.0
1777889443.0043323,-3.0,-4.0,-68.0
1777889443.0143323,-7.0,-2.0,-70.0
1777889443.0243323,-2.0,0.0,-74.0
1777889443.0343325,-4.0,-3.0,-84.0
1777889443.0443325,-1.0,-4.0,-84.0
1777889443.0543325,0.0,-3.0,-81.0
1777889443.0643325,1.0,0.0,-80.0
1777889443.0743325,0.0,-3.0,-78.0
1777889443.0843325,0.0,-1.0,-73.0
1777889443.0943325,5.0,0.0,-69.0
1777889443.1053324,7.0,0.0,-72.0
1777889443.1153324,5.0,2.0,-71.0
1777889443.1243324,-2.0,6.0,-71.0
1777889443.1353323,-3.0,6.0,-70.0
1777889443.1453323,-5.0,7.0,-72.0
1777889443.1553323,0.0,6.0,-79.0
1777889443.1653323,-2.0,3.0,-78.0
1777889443.1743324,-1.0,0.0,-77.0
1777889443.1853323,-2.0,2.0,-80.0
1777889443.1953323,0.0,1.0,-89.0
1777889443.2053325,2.0,-2.0,-84.0
1777889443.2153325,1.0,-4.0,-87.0
1777889443.2253325,2.0,-3.0,-83.0
1777889443.2353325,4.0,-4.0,-79.0
1777889443.2453325,0.0,-1.0,-75.0
1777889443.2553325,-6.0,-1.0,-72.0
1777889443.2653325,-3.0,-3.0,-70.0
1777889443.2753325,-1.0,-6.0,-69.0
1777889443.2853324,-6.0,-1.0,-71.0
1777889443.2953324,-8.0,0.0,-74.0
1777889443.3053324,-6.0,4.0,-77.0
1777889443.3153324,-4.0,0.0,-78.0
1777889443.3253324,-2.0,0.0,-79.0
1777889443.3353324,2.0,-2.0,-78.0
1777889443.3453324,-3.0,-2.0,-86.0
1777889443.3553324,-6.0,-3.0,-81.0
1777889443.3653324,-2.0,-3.0,-74.0
1777889443.3753324,-3.0,-2.0,-70.0
1777889443.3853323,0.0,4.0,-73.0
1777889443.3953323,3.0,3.0,-77.0
1777889443.4053323,8.0,5.0,-81.0
1777889443.4153323,7.0,2.0,-78.0
1777889443.4253323,8.0,2.0,-74.0
1777889443.4353323,6.0,0.0,-70.0
1777889443.4453323,2.0,-3.0,-77.0
1777889443.4553325,0.0,-2.0,-76.0
1777889443.4653325,0.0,-4.0,-76.0
1777889443.4753325,1.0,0.0,-74.0
1777889443.4853325,0.0,0.0,-73.0
1777889443.4953325,0.0,0.0,-78.0
1777889443.5053325,0.0,-2.0,-82.0
1777889443.5153325,6.0,-5.0,-88.0
1777889443.5253325,2.0,-4.0,-86.0
1777889443.5353324,2.0,-8.0,-83.0
1777889443.5453324,4.0,-6.0,-82.0
1777889443.5553324,5.0,-7.0,-80.0
1777889443.5653324,7.0,-2.0,-74.0
1777889443.5753324,1.0,0.0,-63.0
1777889443.5853324,1.0,5.0,-68.0
1777889443.5953324,2.0,5.0,-67.0
1777889443.6053324,2.0,2.0,-62.0
1777889443.6153324,0.0,0.0,-61.0
1777889443.6253324,2.0,-2.0,-64.0
1777889443.6353323,0.0,0.0,-61.0
1777889443.6453323,-1.0,1.0,-62.0
1777889443.6553323,-3.0,5.0,-68.0
1777889443.6653323,-2.0,6.0,-78.0
1777889443.6753323,-8.0,7.0,-77.0
1777889443.6853323,-4.0,7.0,-76.0
1777889443.6953323,-3.0,6.0,-76.0
1777889443.7053325,1.0,2.0,-74.0
1777889443.7153325,8.0,2.0,-74.0
1777889443.7253325,9.0,4.0,-77.0
1777889443.7353325,2.0,3.0,-74.0
1777889443.7453325,0.0,2.0,-78.0
1777889443.7553325,0.0,-1.0,-80.0
1777889443.7653325,-4.0,-6.0,-82.0
1777889443.7753325,-3.0,-6.0,-82.0
1777889443.7853324,-1.0,-9.0,-82.0
1777889443.7953324,-4.0,-9.0,-77.0
1777889443.8053324,-2.0,-4.0,-77.0
1777889443.8153324,-2.0,-3.0,-71.0
1777889443.8253324,-3.0,-4.0,-76.0
1777889443.8353324,-2.0,-5.0,-70.0
1777889443.8453324,2.0,-1.0,-71.0
1777889443.8553324,4.0,-2.0,-72.0
1777889443.8653324,4.0,-2.0,-77.0
1777889443.8753324,1.0,-5.0,-77.0
1777889443.8853323,-1.0,-3.0,-74.0
1777889443.8953323,2.0,0.0,-70.0
1777889443.9053323,2.0,0.0,-73.0
1777889443.9153323,2.0,2.0,-74.0
1777889443.9253323,3.0,-1.0,-71.0
1777889443.9353323,3.0,-3.0,-77.0
1777889443.9463325,4.0,0.0,-74.0
1777889443.9553325,7.0,2.0,-75.0
1777889443.9653325,5.0,4.0,-72.0
1777889443.9753325,3.0,5.0,-71.0
1777889443.9853325,2.0,2.0,-67.0
1777889443.9953325,4.0,-1.0,-72.0
1777889444.0053325,2.0,-1.0,-75.0
1777889444.0153325,0.0,0.0,-77.0
1777889444.0253325,-5.0,0.0,-74.0
1777889444.0353324,-4.0,0.0,-77.0
1777889444.0453324,-5.0,0.0,-83.0
1777889444.0553324,-4.0,0.0,-81.0
1777889444.0653324,-8.0,2.0,-85.0
1777889444.0753324,-10.0,4.0,-80.0
1777889444.0853324,-11.0,0.0,-75.0
1777889444.0953324,-9.0,2.0,-75.0
1777889444.1053324,-4.0,8.0,-78.0
1777889444.1153324,-4.0,4.0,-69.0
1777889444.1253324,-7.0,0.0,-67.0
1777889444.1353323,-6.0,0.0,-71.0
1777889444.1453323,-1.0,0.0,-75.0
1777889444.1553323,-4.0,1.0,-85.0
1777889444.1653323,-5.0,0.0,-86.0
1777889444.1753323,-5.0,5.0,-86.0
1777889444.1853323,-5.0,10.0,-75.0
1777889444.1953323,-5.0,6.0,-80.0
1777889444.2053325,0.0,7.0,-85.0
1777889444.2153325,-3.0,9.0,-77.0
1777889444.2253325,-2.0,5.0,-78.0
1777889444.2353325,-2.0,6.0,-73.0
1777889444.2453325,0.0,4.0,-74.0
1777889444.2553325,-3.0,0.0,-69.0
1777889444.2653325,-2.0,-1.0,-70.0
1777889444.2753325,0.0,-3.0,-72.0
1777889444.2853324,0.0,-3.0,-72.0
1777889444.2953324,2.0,-4.0,-68.0
1777889444.3053324,1.0,-4.0,-62.0
1777889444.3153324,4.0,-4.0,-66.0
1777889444.3253324,9.0,0.0,-72.0
1777889444.3353324,4.0,0.0,-76.0
1777889444.3453324,6.0,-2.0,-86.0
1777889444.3553324,6.0,-1.0,-88.0
1777889444.3653324,1.0,0.0,-85.0
1777889444.3753324,-2.0,0.0,-84.0
1777889444.3853323,-2.0,-2.0,-81.0
1777889444.3953323,-1.0,-2.0,-81.0
1777889444.4053323,-1.0,-6.0,-77.0
1777889444.4153323,-5.0,-6.0,-72.0
1777889444.4253323,-2.0,-4.0,-67.0
1777889444.4353323,-1.0,-2.0,-71.0
1777889444.4453323,2.0,1.0,-67.0
1777889444.4553325,2.0,-2.0,-68.0
1777889444.4653325,1.0,-4.0,-64.0
1777889444.4753325,-1.0,-2.0,-70.0
1777889444.4853325,0.0,0.0,-68.0
1777889444.4953325,0.0,0.0,-71.0
1777889444.5053325,3.0,0.0,-77.0
1777889444.5153325,4.0,-4.0,-79.0
1777889444.5253325,5.0,-1.0,-77.0
1777889444.5353324,5.0,2.0,-73.0
1777889444.5453324,4.0,4.0,-76.0
1777889444.5553324,4.0,2.0,-75.0
1777889444.5653324,1.0,1.0,-70.0
1777889444.5753324,-3.0,-1.0,-72.0
1777889444.5853324,-4.0,0.0,-78.0
1777889444.5953324,-5.0,-6.0,-75.0
1777889444.6053324,0.0,-6.0,-69.0
1777889444.6153324,4.0,-4.0,-72.0
1777889444.6253324,0.0,-5.0,-72.0
1777889444.6353323,1.0,-7.0,-72.0
1777889444.6453323,4.0,-8.0,-70.0
1777889444.6553323,6.0,-8.0,-73.0
1777889444.6653323,6.0,-5.0,-71.0
1777889444.6753323,2.0,-3.0,-68.0
1777889444.6853323,0.0,-4.0,-72.0
1777889444.6953323,0.0,-5.0,-70.0
1777889444.7053325,-3.0,-4.0,-71.0
1777889444.7153325,-4.0,-1.0,-71.0
1777889444.7253325,0.0,-3.0,-69.0
1777889444.7353325,0.0,-1.0,-68.0
1777889444.7453325,-4.0,-2.0,-72.0
1777889444.7553325,-3.0,-3.0,-80.0
1777889444.7653325,2.0,-4.0,-75.0
1777889444.7753325,1.0,2.0,-79.0
1777889444.7853324,1.0,6.0,-83.0
1777889444.7953324,3.0,0.0,-81.0
1777889444.8053324,4.0,1.0,-76.0
1777889444.8153324,2.0,-1.0,-70.0
1777889444.8253324,5.0,-3.0,-68.0
1777889444.8353324,3.0,-4.0,-69.0
1777889444.8453324,7.0,-7.0,-70.0
1777889444.8553324,5.0,-10.0,-72.0
1777889444.8653324,3.0,-5.0,-75.0
1777889444.8753324,7.0,-6.0,-79.0
1777889444.8853323,3.0,-1.0,-80.0
1777889444.8953323,0.0,0.0,-75.0
1777889444.9053323,1.0,-5.0,-74.0
1777889444.9153323,1.0,-8.0,-78.0
1777889444.9253323,-2.0,-9.0,-74.0
1777889444.9353323,0.0,-6.0,-73.0
1777889444.9453323,8.0,-2.0,-74.0
1777889444.9553325,5.0,-2.0,-80.0
1777889444.9653325,2.0,0.0,-77.0
1777889444.9753325,0.0,0.0,-76.0
1777889444.9853325,-4.0,1.0,-78.0
1777889444.9953325,-2.0,3.0,-79.0
1777889445.0053325,-3.0,5.0,-77.0
1777889445.0153325,3.0,4.0,-75.0
1777889445.0253325,3.0,1.0,-77.0
1777889445.0353324,2.0,-1.0,-85.0
1777889445.0453324,2.0,-5.0,-82.0
1777889445.0553324,0.0,-7.0,-80.0
1777889445.0653324,0.0,-7.0,-72.0
1777889445.0763323,2.0,-7.0,-71.0
1777889445.0853324,0.0,-5.0,-69.0
1777889445.0963323,0.0,-1.0,-71.0
1777889445.1063323,4.0,0.0,-73.0
1777889445.1163323,5.0,2.0,-75.0
1777889445.1263323,0.0,0.0,-77.0
1777889445.1363325,3.0,-4.0,-77.0
1777889445.1463325,4.0,-3.0,-75.0
1777889445.1563325,5.0,-5.0,-70.0
1777889445.1663325,5.0,-6.0,-73.0
1777889445.1763325,6.0,-8.0,-79.0
1777889445.1863325,5.0,-6.0,-80.0
1777889445.1963325,7.0,-1.0,-77.0
1777889445.2063324,6.0,1.0,-76.0
1777889445.2163324,8.0,2.0,-83.0
1777889445.2263324,5.0,-1.0,-81.0
1777889445.2363324,8.0,-3.0,-81.0
1777889445.2463324,5.0,-8.0,-81.0
1777889445.2563324,5.0,-5.0,-73.0
1777889445.2663324,3.0,-3.0,-72.0
1777889445.2763324,1.0,-3.0,-76.0
1777889445.2863324,0.0,-1.0,-74.0
1777889445.2963324,1.0,-3.0,-73.0
1777889445.3063323,2.0,-3.0,-72.0
1777889445.3163323,0.0,-5.0,-72.0
1777889445.3263323,0.0,-4.0,-78.0
1777889445.3363323,1.0,-6.0,-77.0
1777889445.3463323,1.0,-4.0,-75.0
1777889445.3563323,-3.0,-1.0,-73.0
1777889445.3663323,-2.0,0.0,-68.0
1777889445.3763323,-1.0,-2.0,-64.0
1777889445.3863325,0.0,1.0,-57.0
1777889445.3963325,1.0,3.0,-55.0
1777889445.4063325,1.0,0.0,-57.0
1777889445.4163325,0.0,-2.0,-71.0
1777889445.4263325,-7.0,-2.0,-70.0
1777889445.4363325,-3.0,-4.0,-65.0
1777889445.4463325,0.0,0.0,-64.0
1777889445.4563324,0.0,0.0,-64.0
1777889445.4663324,-3.0,-1.0,-67.0
1777889445.4763324,-2.0,-1.0,-62.0
1777889445.4863324,-1.0,-3.0,-65.0
1777889445.4963324,-3.0,-3.0,-68.0
1777889445.5063324,-4.0,1.0,-72.0
1777889445.5163324,-10.0,-2.0,-77.0
1777889445.5263324,-9.0,-4.0,-72.0
1777889445.5363324,-7.0,-6.0,-70.0
1777889445.5463324,-5.0,-7.0,-68.0
1777889445.5563323,-1.0,-5.0,-70.0
1777889445.5663323,0.0,-2.0,-66.0
1777889445.5763323,-1.0,0.0,-67.0
1777889445.5863323,1.0,-3.0,-66.0
1777889445.5963323,2.0,-6.0,-65.0
1777889445.6063323,0.0,-5.0,-66.0
1777889445.6163323,3.0,0.0,-76.0
1777889445.6263323,-3.0,2.0,-75.0
1777889445.6363325,-5.0,-1.0,-72.0
1777889445.6463325,-3.0,0.0,-71.0
1777889445.6563325,-4.0,2.0,-71.0
1777889445.6663325,-3.0,1.0,-65.0
1777889445.6763325,0.0,0.0,-66.0
1777889445.6863325,0.0,0.0,-68.0
1777889445.6963325,0.0,-5.0,-67.0
1777889445.7063324,2.0,-5.0,-68.0
1777889445.7163324,1.0,-5.0,-74.0
1777889445.7263324,0.0,-6.0,-77.0
1777889445.7363324,0.0,-4.0,-75.0
1777889445.7463324,0.0,-4.0,-75.0
1777889445.7563324,-1.0,-6.0,-71.0
1777889445.7663324,-1.0,-6.0,-64.0
1777889445.7763324,-3.0,-7.0,-65.0
1777889445.7863324,-5.0,-6.0,-67.0
1777889445.7963324,-3.0,-2.0,-64.0
1777889445.8063323,-3.0,-2.0,-73.0
1777889445.8163323,0.0,-3.0,-74.0
1777889445.8263323,-1.0,-3.0,-78.0
1777889445.8363323,0.0,2.0,-76.0
1777889445.8463323,-2.0,3.0,-82.0
1777889445.8563323,0.0,4.0,-88.0
1777889445.8663323,-2.0,4.0,-80.0
1777889445.8763323,-3.0,4.0,-78.0
1777889445.8863325,-3.0,5.0,-80.0
1777889445.8963325,-4.0,2.0,-83.0
1777889445.9063325,-3.0,2.0,-81.0
1777889445.9163325,-1.0,4.0,-84.0
1777889445.9263325,-2.0,4.0,-83.0
1777889445.9363325,0.0,0.0,-80.0
1777889445.9463325,3.0,0.0,-81.0
1777889445.9563324,-1.0,2.0,-82.0
1777889445.9663324,0.0,2.0,-75.0
1777889445.9763324,0.0,3.0,-74.0
1777889445.9863324,4.0,7.0,-67.0
1777889445.9963324,2.0,9.0,-61.0
1777889446.0063324,0.0,7.0,-60.0
1777889446.0163324,-2.0,6.0,-65.0
1777889446.0263324,-5.0,1.0,-70.0
1777889446.0363324,-8.0,0.0,-74.0
1777889446.0463324,-4.0,-1.0,-74.0
1777889446.0563323,-8.0,-2.0,-82.0
1777889446.0663323,-11.0,-2.0,-81.0
1777889446.0763323,-6.0,2.0,-76.0
1777889446.0863323,-3.0,2.0,-72.0
1777889446.0963323,-3.0,0.0,-78.0
1777889446.1063323,-6.0,-5.0,-83.0
1777889446.1163323,-6.0,-2.0,-85.0
1777889446.1263323,-2.0,-1.0,-84.0
1777889446.1363325,1.0,-2.0,-84.0
1777889446.1463325,6.0,-4.0,-80.0
1777889446.1563325,2.0,-3.0,-78.0
1777889446.1663325,-1.0,-9.0,-70.0
1777889446.1763325,-4.0,-11.0,-74.0
1777889446.1863325,-3.0,-9.0,-67.0
1777889446.1963325,-5.0,-3.0,-64.0
1777889446.2063324,-2.0,-6.0,-65.0
1777889446.2163324,-5.0,-7.0,-67.0
1777889446.2263324,3.0,-3.0,-71.0
1777889446.2363324,1.0,0.0,-68.0
1777889446.2463324,0.0,2.0,-69.0
1777889446.2563324,0.0,4.0,-76.0
1777889446.2663324,-3.0,0.0,-77.0
1777889446.2763324,-1.0,2.0,-73.0
1777889446.2863324,-1.0,0.0,-81.0
1777889446.2963324,0.0,0.0,-78.0
1777889446.3063323,-1.0,0.0,-77.0
1777889446.3163323,-5.0,0.0,-72.0
1777889446.3263323,-6.0,-6.0,-69.0
1777889446.3363323,-4.0,-7.0,-71.0
1777889446.3463323,-4.0,-3.0,-78.0
1777889446.3563323,-4.0,-4.0,-78.0
1777889446.3663323,-4.0,-6.0,-73.0
1777889446.3763323,-6.0,-5.0,-76.0
1777889446.3863325,0.0,2.0,-75.0
1777889446.3963325,0.0,9.0,-74.0
1777889446.4063325,3.0,6.0,-70.0
1777889446.4163325,6.0,1.0,-68.0
1777889446.4263325,8.0,-3.0,-68.0
1777889446.4363325,4.0,0.0,-68.0
1777889446.4463325,2.0,-6.0,-69.0
1777889446.4563324,-1.0,-3.0,-79.0
1777889446.4663324,-4.0,0.0,-80.0
1777889446.4763324,0.0,0.0,-83.0
1777889446.4863324,5.0,0.0,-87.0
1777889446.4963324,3.0,3.0,-84.0
1777889446.5063324,5.0,1.0,-76.0
1777889446.5163324,4.0,0.0,-73.0
1777889446.5263324,5.0,-3.0,-73.0
1777889446.5363324,0.0,-4.0,-74.0
1777889446.5463324,0.0,-2.0,-75.0
1777889446.5563323,0.0,-3.0,-81.0
1777889446.5663323,1.0,-5.0,-83.0
1777889446.5763323,1.0,-7.0,-79.0
1777889446.5863323,2.0,-5.0,-81.0
1777889446.5963323,5.0,-6.0,-78.0
1777889446.6063323,9.0,-6.0,-74.0
1777889446.6163323,10.0,-3.0,-79.0
1777889446.6263323,3.0,-1.0,-80.0
1777889446.6363325,1.0,-2.0,-81.0
1777889446.6463325,1.0,0.0,-84.0
1777889446.6563325,0.0,0.0,-83.0
1777889446.6663325,-2.0,1.0,-72.0
1777889446.6763325,-3.0,0.0,-70.0
1777889446.6863325,-6.0,0.0,-71.0
1777889446.6963325,-5.0,1.0,-76.0
1777889446.7063324,-2.0,6.0,-74.0
1777889446.7163324,0.0,5.0,-71.0
1777889446.7263324,0.0,5.0,-74.0
1777889446.7363324,-2.0,0.0,-76.0
1777889446.7463324,-2.0,-2.0,-73.0
1777889446.7563324,-4.0,-3.0,-71.0
1777889446.7663324,-5.0,-4.0,-71.0
1777889446.7763324,-5.0,-5.0,-69.0
1777889446.7863324,-6.0,-9.0,-70.0
1777889446.7963324,-3.0,-6.0,-73.0
1777889446.8063323,-2.0,-2.0,-73.0
1777889446.8163323,0.0,-1.0,-71.0
1777889446.8263323,6.0,-1.0,-76.0
1777889446.8363323,4.0,-4.0,-77.0
1777889446.8463323,0.0,-2.0,-89.0
1777889446.8563323,-1.0,-1.0,-89.0
1777889446.8663323,0.0,-4.0,-85.0
1777889446.8763323,1.0,-6.0,-87.0
1777889446.8863325,2.0,-7.0,-83.0
1777889446.8963325,3.0,-9.0,-79.0
1777889446.9063325,1.0,-8.0,-74.0
1777889446.9163325,0.0,-5.0,-67.0
1777889446.9263325,2.0,-6.0,-61.0
1777889446.9363325,1.0,-5.0,-72.0
1777889446.9463325,-2.0,1.0,-78.0
1777889446.9563324,-2.0,0.0,-74.0
1777889446.9663324,-3.0,-3.0,-72.0
1777889446.9763324,-3.0,-5.0,-77.0
1777889446.9863324,-1.0,-7.0,-77.0
1777889446.9963324,-4.0,-3.0,-75.0
1777889447.0063324,-7.0,-5.0,-75.0
1777889447.0163324,-3.0,-1.0,-74.0
1777889447.0263324,-2.0,-1.0,-73.0
1777889447.0363324,1.0,0.0,-78.0
1777889447.0463324,1.0,2.0,-82.0
1777889447.0573325,-1.0,0.0,-79.0
1777889447.0673325,0.0,0.0,-77.0
1777889447.0773325,-2.0,0.0,-77.0
1777889447.0873325,-3.0,-3.0,-80.0
1777889447.0973325,-1.0,-3.0,-81.0
1777889447.1073325,-6.0,-3.0,-75.0
1777889447.1173325,-7.0,0.0,-75.0
1777889447.1273324,-3.0,3.0,-77.0
1777889447.1373324,-2.0,0.0,-74.0
1777889447.1473324,0.0,1.0,-79.0
1777889447.1573324,-1.0,6.0,-79.0
1777889447.1673324,3.0,4.0,-82.0
1777889447.1773324,1.0,0.0,-82.0
1777889447.1873324,2.0,-2.0,-73.0
1777889447.1973324,4.0,0.0,-75.0
1777889447.2073324,4.0,1.0,-83.0
1777889447.2173324,0.0,0.0,-71.0
1777889447.2273324,-6.0,-2.0,-75.0
1777889447.2373323,-2.0,-2.0,-75.0
1777889447.2473323,-4.0,1.0,-81.0
1777889447.2573323,-8.0,2.0,-74.0
1777889447.2673323,-9.0,0.0,-75.0
1777889447.2773323,-4.0,0.0,-71.0
1777889447.2873323,-3.0,1.0,-76.0
1777889447.2973323,-1.0,1.0,-81.0
1777889447.3073325,-2.0,2.0,-77.0
1777889447.3173325,1.0,2.0,-82.0
1777889447.3273325,2.0,4.0,-81.0
1777889447.3373325,1.0,1.0,-84.0
1777889447.3473325,3.0,2.0,-84.0
1777889447.3573325,3.0,3.0,-87.0
1777889447.3673325,2.0,1.0,-78.0
1777889447.3773324,3.0,-2.0,-72.0
1777889447.3873324,0.0,-2.0,-68.0
1777889447.3973324,-2.0,0.0,-67.0
1777889447.4073324,-5.0,3.0,-72.0
1777889447.4173324,-3.0,2.0,-81.0
1777889447.4273324,0.0,0.0,-81.0
1777889447.4373324,0.0,3.0,-81.0
1777889447.4473324,0.0,1.0,-81.0
1777889447.4573324,0.0,3.0,-86.0
1777889447.4673324,4.0,-1.0,-85.0
1777889447.4773324,3.0,0.0,-83.0
1777889447.4873323,3.0,3.0,-89.0
1777889447.4973323,1.0,6.0,-95.0
1777889447.5073323,-5.0,3.0,-100.0
1777889447.5173323,-2.0,6.0,-91.0
1777889447.5273323,0.0,7.0,-88.0
1777889447.5373323,2.0,5.0,-88.0
1777889447.5473323,3.0,4.0,-89.0
1777889447.5573325,-1.0,2.0,-84.0
1777889447.5673325,-2.0,0.0,-81.0
1777889447.5773325,3.0,0.0,-73.0
1777889447.5873325,5.0,1.0,-72.0
1777889447.5973325,5.0,2.0,-77.0
1777889447.6073325,3.0,0.0,-73.0
1777889447.6173325,5.0,-2.0,-66.0
1777889447.6273324,4.0,-2.0,-68.0
1777889447.6373324,3.0,-4.0,-69.0
1777889447.6473324,4.0,-4.0,-73.0
1777889447.6573324,5.0,-3.0,-74.0
1777889447.6673324,7.0,0.0,-75.0
1777889447.6773324,2.0,1.0,-74.0
1777889447.6873324,-1.0,-1.0,-76.0
1777889447.6973324,-8.0,0.0,-79.0
1777889447.7073324,-3.0,-2.0,-81.0
1777889447.7173324,-4.0,-2.0,-76.0
1777889447.7273324,-3.0,-1.0,-76.0
1777889447.7373323,-3.0,0.0,-72.0
1777889447.7473323,-1.0,-3.0,-67.0
1777889447.7573323,0.0,-1.0,-76.0
1777889447.7673323,3.0,-1.0,-80.0
1777889447.7773323,5.0,0.0,-79.0
1777889447.7873323,9.0,-2.0,-76.0
1777889447.7973323,6.0,0.0,-77.0
1777889447.8073325,5.0,0.0,-83.0
1777889447.8173325,4.0,1.0,-81.0
1777889447.8273325,3.0,-5.0,-81.0
1777889447.8373325,6.0,-2.0,-81.0
1777889447.8473325,6.0,-2.0,-75.0
1777889447.8573325,2.0,-4.0,-71.0
1777889447.8673325,3.0,-3.0,-75.0
1777889447.8773324,4.0,-6.0,-70.0
1777889447.8873324,1.0,-4.0,-69.0
1777889447.8973324,0.0,-2.0,-70.0
1777889447.9073324,-2.0,-2.0,-74.0
1777889447.9173324,0.0,-2.0,-77.0
1777889447.9273324,0.0,0.0,-82.0
1777889447.9373324,2.0,1.0,-80.0
1777889447.9473324,2.0,0.0,-85.0
1777889447.9573324,2.0,0.0,-82.0
1777889447.9673324,2.0,3.0,-72.0
1777889447.9773324,-2.0,2.0,-67.0
1777889447.9873323,-3.0,4.0,-65.0
1777889447.9973323,-1.0,2.0,-68.0
1777889448.0073323,-2.0,2.0,-71.0
1777889448.0173323,2.0,1.0,-68.0
1777889448.0273323,2.0,1.0,-74.0
1777889448.0373323,5.0,3.0,-71.0
1777889448.0473323,6.0,6.0,-61.0
1777889448.0573325,6.0,5.0,-60.0
1777889448.0673325,4.0,6.0,-63.0
1777889448.0773325,4.0,4.0,-65.0
1777889448.0873325,5.0,5.0,-68.0
1777889448.0973325,0.0,2.0,-66.0
1777889448.1073325,-3.0,0.0,-77.0
1777889448.1173325,-4.0,-1.0,-71.0
1777889448.1273324,-4.0,-5.0,-70.0
1777889448.1373324,-3.0,-5.0,-73.0
1777889448.1473324,1.0,0.0,-73.0
1777889448.1573324,1.0,0.0,-77.0
1777889448.1673324,0.0,-1.0,-71.0
1777889448.1773324,-3.0,2.0,-71.0
1777889448.1873324,-5.0,5.0,-72.0
1777889448.1973324,-2.0,4.0,-71.0
1777889448.2073324,-1.0,5.0,-71.0
1777889448.2173324,-3.0,1.0,-70.0
1777889448.2273324,-3.0,0.0,-68.0
1777889448.2383325,1.0,0.0,-74.0
1777889448.2473323,2.0,-1.0,-78.0
1777889448.2573323,-2.0,2.0,-78.0
1777889448.2673323,-4.0,0.0,-80.0
1777889448.2773323,-2.0,0.0,-73.0
1777889448.2873323,-2.0,0.0,-78.0
1777889448.2973323,-2.0,2.0,-87.0
1777889448.3073325,-7.0,1.0,-89.0
1777889448.3173325,-2.0,3.0,-86.0
1777889448.3273325,-2.0,-1.0,-78.0
1777889448.3373325,0.0,0.0,-79.0
1777889448.3473325,1.0,0.0,-72.0
1777889448.3573325,0.0,3.0,-81.0
1777889448.3673325,-2.0,3.0,-84.0
1777889448.3773324,-5.0,6.0,-76.0
1777889448.3873324,-5.0,6.0,-82.0
1777889448.3973324,-3.0,6.0,-78.0
1777889448.4073324,1.0,4.0,-72.0
1777889448.4173324,3.0,0.0,-66.0
1777889448.4273324,6.0,-2.0,-73.0
1777889448.4373324,6.0,-3.0,-76.0
1777889448.4473324,-1.0,0.0,-73.0
1777889448.4573324,0.0,0.0,-74.0
1777889448.4673324,-1.0,-2.0,-72.0
1777889448.4773324,0.0,-4.0,-78.0
1777889448.4873323,-5.0,0.0,-80.0
1777889448.4973323,-3.0,-1.0,-82.0
1777889448.5073323,0.0,0.0,-83.0
1777889448.5173323,-1.0,0.0,-75.0
1777889448.5273323,-3.0,2.0,-75.0
1777889448.5373323,-2.0,3.0,-73.0
1777889448.5473323,-2.0,3.0,-71.0
1777889448.5573325,-4.0,2.0,-67.0
1777889448.5673325,-4.0,3.0,-65.0
1777889448.5773325,-2.0,-1.0,-74.0
1777889448.5873325,-2.0,0.0,-78.0
1777889448.5973325,-1.0,3.0,-80.0
1777889448.6073325,-2.0,4.0,-68.0
1777889448.6173325,0.0,-1.0,-64.0
1777889448.6273324,-2.0,-4.0,-69.0
1777889448.6373324,-2.0,0.0,-68.0
1777889448.6473324,0.0,0.0,-65.0
1777889448.6573324,5.0,0.0,-71.0
1777889448.6673324,7.0,2.0,-73.0
1777889448.6773324,4.0,1.0,-72.0
1777889448.6873324,5.0,-4.0,-74.0
1777889448.6973324,5.0,-2.0,-75.0
1777889448.7073324,6.0,-2.0,-76.0
1777889448.7173324,4.0,0.0,-74.0
1777889448.7273324,7.0,0.0,-78.0
1777889448.7373323,3.0,-4.0,-82.0
1777889448.7473323,2.0,-5.0,-78.0
1777889448.7573323,0.0,-6.0,-77.0
1777889448.7673323,0.0,-6.0,-77.0
1777889448.7773323,2.0,-7.0,-71.0
1777889448.7873323,1.0,-1.0,-64.0
1777889448.7973323,-1.0,-2.0,-68.0
1777889448.8073325,-3.0,0.0,-74.0
1777889448.8173325,1.0,0.0,-80.0
1777889448.8273325,2.0,2.0,-75.0
1777889448.8373325,0.0,5.0,-76.0
1777889448.8473325,-1.0,1.0,-77.0
1777889448.8573325,-2.0,0.0,-76.0
1777889448.8673325,-3.0,-1.0,-75.0
1777889448.8773324,0.0,-2.0,-76.0
1777889448.8873324,0.0,-2.0,-79.0
1777889448.8973324,-1.0,-2.0,-77.0
1777889448.9073324,-2.0,-3.0,-77.0
1777889448.9173324,-7.0,-5.0,-76.0
1777889448.9273324,-5.0,-6.0,-82.0
1777889448.9373324,0.0,-10.0,-78.0
1777889448.9473324,1.0,-8.0,-74.0
1777889448.9573324,2.0,-5.0,-70.0
1777889448.9673324,1.0,4.0,-69.0
1777889448.9773324,1.0,3.0,-74.0
1777889448.9873323,1.0,3.0,-72.0
1777889448.9973323,0.0,2.0,-72.0
1777889449.0073323,-5.0,5.0,-75.0
1777889449.0173323,-4.0,6.0,-71.0
1777889449.0273323,-4.0,6.0,-79.0
1777889449.0373323,-4.0,6.0,-79.0
1777889449.0473323,-4.0,6.0,-74.0
1777889449.0583324,-5.0,5.0,-72.0
1777889449.0673325,-6.0,5.0,-74.0
1777889449.0773325,-9.0,0.0,-77.0
1777889449.0883324,-3.0,0.0,-70.0
1777889449.0983324,0.0,2.0,-74.0
1777889449.1083324,4.0,1.0,-75.0
1777889449.1183324,0.0,4.0,-76.0
1777889449.1283324,2.0,3.0,-71.0
1777889449.1383324,3.0,5.0,-72.0
1777889449.1483324,5.0,3.0,-71.0
1777889449.1583323,1.0,-1.0,-72.0
1777889449.1683323,0.0,0.0,-70.0
1777889449.1783323,1.0,-3.0,-68.0
1777889449.1883323,0.0,-4.0,-70.0
1777889449.1983323,-3.0,-5.0,-78.0
1777889449.2083323,-1.0,-3.0,-82.0
1777889449.2183323,0.0,-2.0,-80.0
1777889449.2283323,1.0,-2.0,-75.0
1777889449.2383325,-2.0,0.0,-77.0
1777889449.2483325,-8.0,-1.0,-76.0
1777889449.2583325,-4.0,-2.0,-78.0
1777889449.2683325,-5.0,-2.0,-67.0
1777889449.2783325,-4.0,0.0,-76.0
1777889449.2883325,0.0,-2.0,-80.0
1777889449.2983325,3.0,0.0,-79.0
1777889449.3083324,4.0,0.0,-78.0
1777889449.3183324,3.0,0.0,-76.0
1777889449.3283324,2.0,-2.0,-76.0
1777889449.3383324,-1.0,1.0,-80.0
1777889449.3483324,-3.0,1.0,-80.0
1777889449.3583324,-3.0,0.0,-79.0
1777889449.3683324,-5.0,1.0,-79.0
1777889449.3783324,-6.0,-1.0,-78.0
1777889449.3883324,-7.0,-3.0,-82.0
1777889449.3983324,-8.0,-3.0,-80.0
1777889449.4083323,-11.0,-3.0,-79.0
1777889449.4183323,-12.0,-5.0,-79.0
1777889449.4283323,-10.0,-6.0,-82.0
1777889449.4383323,-4.0,-5.0,-77.0
1777889449.4483323,-7.0,-3.0,-79.0
1777889449.4583323,-5.0,-3.0,-84.0
1777889449.4683323,-2.0,-3.0,-86.0
1777889449.4783323,0.0,-6.0,-89.0
1777889449.4883325,5.0,-3.0,-83.0
1777889449.4983325,4.0,-1.0,-91.0
1777889449.5083325,1.0,-1.0,-87.0
1777889449.5183325,4.0,-1.0,-82.0
1777889449.5283325,7.0,-4.0,-78.0
1777889449.5383325,2.0,-4.0,-81.0
1777889449.5483325,1.0,-2.0,-79.0
1777889449.5583324,0.0,-5.0,-82.0
1777889449.5683324,2.0,-5.0,-87.0
1777889449.5783324,0.0,-4.0,-85.0
1777889449.5883324,0.0,-4.0,-86.0
1777889449.5983324,-1.0,-3.0,-87.0
1777889449.6083324,1.0,-4.0,-85.0
1777889449.6183324,5.0,-6.0,-81.0
1777889449.6283324,1.0,-11.0,-78.0
1777889449.6383324,-3.0,-9.0,-83.0
1777889449.6483324,-1.0,-7.0,-86.0
1777889449.6583323,-4.0,-2.0,-90.0
1777889449.6683323,-6.0,0.0,-87.0
1777889449.6783323,-5.0,-5.0,-86.0
1777889449.6883323,-1.0,-2.0,-83.0
1777889449.6983323,0.0,1.0,-80.0
1777889449.7083323,-1.0,4.0,-82.0
1777889449.7183323,-1.0,3.0,-86.0
1777889449.7283323,-2.0,0.0,-84.0
1777889449.7383325,0.0,-2.0,-76.0
1777889449.7483325,5.0,0.0,-73.0
1777889449.7583325,3.0,0.0,-73.0
1777889449.7683325,0.0,0.0,-67.0
1777889449.7783325,0.0,2.0,-68.0
1777889449.7883325,0.0,3.0,-73.0
1777889449.7983325,3.0,5.0,-72.0
1777889449.8083324,3.0,3.0,-74.0
1777889449.8183324,-1.0,5.0,-72.0
1777889449.8283324,-9.0,3.0,-69.0
1777889449.8383324,-9.0,1.0,-73.0
1777889449.8483324,-8.0,1.0,-69.0
1777889449.8583324,-3.0,0.0,-67.0
1777889449.8683324,-1.0,-2.0,-76.0
1777889449.8783324,1.0,3.0,-78.0
1777889449.8883324,0.0,2.0,-76.0
1777889449.8983324,1.0,0.0,-73.0
1777889449.9083323,0.0,1.0,-67.0
1777889449.9183323,4.0,1.0,-68.0
1777889449.9283323,7.0,0.0,-68.0
1777889449.9383323,6.0,0.0,-65.0
1777889449.9483323,5.0,2.0,-71.0
1777889449.9583323,6.0,0.0,-68.0
1777889449.9683323,5.0,1.0,-70.0
1777889449.9783323,6.0,1.0,-72.0
1777889449.9883325,8.0,3.0,-72.0
1777889449.9983325,10.0,3.0,-70.0
1777889450.0083325,13.0,2.0,-65.0
1777889450.0183325,14.0,1.0,-69.0
1777889450.0283325,9.0,5.0,-69.0
1777889450.0383325,3.0,9.0,-68.0
1777889450.0483325,1.0,7.0,-60.0
1777889450.0583324,2.0,9.0,-64.0
1777889450.0683324,-4.0,8.0,-58.0
1777889450.0783324,-5.0,6.0,-71.0
1777889450.0883324,-4.0,4.0,-72.0
1777889450.0983324,-4.0,1.0,-75.0
1777889450.1083324,-2.0,1.0,-77.0
1777889450.1183324,1.0,0.0,-89.0
1777889450.1283324,2.0,-1.0,-89.0
1777889450.1383324,0.0,-1.0,-86.0
1777889450.1483324,-1.0,-4.0,-75.0
1777889450.1583323,1.0,2.0,-71.0
1777889450.1683323,1.0,8.0,-75.0
1777889450.1783323,3.0,8.0,-71.0
1777889450.1883323,4.0,7.0,-71.0
1777889450.1983323,4.0,4.0,-73.0
1777889450.2083323,0.0,1.0,-68.0
1777889450.2183323,0.0,-2.0,-76.0
1777889450.2283323,0.0,-3.0,-76.0
1777889450.2383325,2.0,-5.0,-76.0
1777889450.2483325,7.0,-8.0,-81.0
1777889450.2583325,7.0,-6.0,-82.0
1777889450.2683325,4.0,-3.0,-83.0
1777889450.2783325,3.0,-4.0,-78.0
1777889450.2883325,6.0,-3.0,-76.0
1777889450.2983325,6.0,-3.0,-72.0
1777889450.3083324,3.0,-4.0,-76.0
1777889450.3183324,0.0,-7.0,-77.0
1777889450.3283324,0.0,-8.0,-80.0
1777889450.3383324,0.0,-3.0,-76.0
1777889450.3483324,0.0,-1.0,-73.0
1777889450.3583324,1.0,-3.0,-74.0
1777889450.3683324,4.0,-2.0,-80.0
1777889450.3783324,7.0,-6.0,-80.0
1777889450.3883324,6.0,-4.0,-82.0
1777889450.3983324,5.0,0.0,-75.0
1777889450.4083323,0.0,0.0,-75.0
1777889450.4183323,-3.0,-1.0,-71.0
1777889450.4283323,-1.0,1.0,-78.0
1777889450.4383323,0.0,0.0,-76.0
1777889450.4483323,3.0,0.0,-69.0
1777889450.4583323,0.0,-1.0,-66.0
1777889450.4683323,-1.0,2.0,-70.0
1777889450.4783323,0.0,4.0,-73.0
1777889450.4883325,2.0,5.0,-76.0
1777889450.4983325,0.0,2.0,-74.0
1777889450.5083325,-3.0,0.0,-75.0
1777889450.5183325,-2.0,2.0,-71.0
1777889450.5283325,-4.0,0.0,-71.0
1777889450.5383325,0.0,1.0,-71.0
1777889450.5483325,2.0,2.0,-77.0
1777889450.5583324,2.0,4.0,-75.0
1777889450.5683324,0.0,1.0,-86.0
1777889450.5783324,1.0,2.0,-82.0
1777889450.5883324,0.0,0.0,-76.0
1777889450.5983324,1.0,-7.0,-78.0
1777889450.6083324,2.0,-6.0,-82.0
1777889450.6183324,0.0,-2.0,-81.0
1777889450.6283324,1.0,-2.0,-86.0
1777889450.6383324,4.0,-3.0,-83.0
1777889450.6483324,0.0,-2.0,-89.0
1777889450.6583323,2.0,-5.0,-85.0
1777889450.6683323,-2.0,-9.0,-83.0
1777889450.6783323,-3.0,-12.0,-83.0
1777889450.6883323,0.0,-9.0,-83.0
1777889450.6983323,-1.0,-9.0,-82.0
1777889450.7083323,0.0,-5.0,-84.0
1777889450.7183323,5.0,-5.0,-79.0
1777889450.7283323,5.0,-8.0,-79.0
1777889450.7383325,4.0,-9.0,-78.0
1777889450.7483325,0.0,-6.0,-78.0
1777889450.7583325,0.0,-2.0,-75.0
1777889450.7683325,1.0,0.0,-81.0
1777889450.7783325,-2.0,0.0,-77.0
1777889450.7883325,-2.0,-1.0,-77.0
1777889450.7983325,1.0,-2.0,-79.0
1777889450.8083324,2.0,-3.0,-77.0
1777889450.8183324,-2.0,-2.0,-73.0
1777889450.8283324,-2.0,-7.0,-71.0
1777889450.8383324,0.0,-4.0,-75.0
1777889450.8483324,-4.0,0.0,-77.0
1777889450.8583324,-3.0,0.0,-78.0
1777889450.8683324,0.0,-1.0,-75.0
1777889450.8783324,4.0,0.0,-72.0
1777889450.8883324,2.0,-1.0,-80.0
1777889450.8983324,-2.0,-4.0,-80.0
1777889450.9083323,-7.0,-1.0,-81.0
1777889450.9183323,-8.0,-2.0,-74.0
1777889450.9283323,-9.0,1.0,-77.0
1777889450.9383323,-8.0,-1.0,-72.0
1777889450.9483323,-7.0,-1.0,-76.0
1777889450.9583323,-2.0,0.0,-71.0
1777889450.9683323,-4.0,-2.0,-70.0
1777889450.9783323,-3.0,-4.0,-70.0
1777889450.9883325,-6.0,-5.0,-81.0
1777889450.9993324,-5.0,-1.0,-81.0
1777889451.0083325,-5.0,-5.0,-78.0
1777889451.0183325,-6.0,-8.0,-72.0
1777889451.0283325,-2.0,-11.0,-67.0
1777889451.0393324,0.0,-10.0,-74.0
1777889451.0493324,-2.0,-4.0,-70.0
1777889451.0593324,-4.0,-3.0,-67.0
1777889451.0693324,-3.0,0.0,-65.0
1777889451.0793324,0.0,0.0,-67.0
1777889451.0893323,2.0,-3.0,-64.0
1777889451.0993323,0.0,-2.0,-70.0
1777889451.1093323,0.0,-3.0,-67.0
1777889451.1193323,-1.0,-4.0,-76.0
1777889451.1293323,1.0,-1.0,-77.0
1777889451.1393323,7.0,0.0,-84.0
1777889451.1493323,9.0,0.0,-82.0
1777889451.1593325,10.0,0.0,-77.0
1777889451.1693325,13.0,0.0,-76.0
1777889451.1793325,12.0,-2.0,-76.0
1777889451.1893325,9.0,0.0,-78.0
1777889451.1993325,4.0,3.0,-71.0
1777889451.2093325,3.0,3.0,-74.0
1777889451.2193325,4.0,3.0,-74.0
1777889451.2293324,6.0,2.0,-75.0
1777889451.2393324,8.0,5.0,-74.0
1777889451.2493324,6.0,5.0,-75.0
1777889451.2593324,2.0,7.0,-74.0
1777889451.2693324,0.0,6.0,-71.0
1777889451.2793324,-1.0,2.0,-73.0
1777889451.2893324,-6.0,4.0,-69.0
1777889451.2993324,-1.0,0.0,-68.0
1777889451.3093324,-1.0,0.0,-74.0
1777889451.3193324,-1.0,-4.0,-72.0
1777889451.3293324,3.0,-6.0,-78.0
1777889451.3393323,0.0,-1.0,-74.0
1777889451.3493323,-3.0,3.0,-74.0
1777889451.3593323,0.0,4.0,-69.0
1777889451.3693323,1.0,5.0,-71.0
1777889451.3793323,3.0,0.0,-72.0
1777889451.3893323,-1.0,0.0,-77.0
1777889451.3993323,0.0,-1.0,-78.0
1777889451.4093325,2.0,-2.0,-69.0
1777889451.4193325,6.0,0.0,-73.0
1777889451.4293325,3.0,-1.0,-73.0
1777889451.4393325,0.0,-3.0,-76.0
1777889451.4493325,0.0,-6.0,-82.0
1777889451.4593325,3.0,-2.0,-81.0
1777889451.4693325,0.0,1.0,-80.0
1777889451.4793324,3.0,-1.0,-83.0
1777889451.4893324,3.0,-2.0,-81.0
1777889451.4993324,2.0,0.0,-85.0
1777889451.5093324,0.0,0.0,-84.0
1777889451.5193324,-4.0,-1.0,-81.0
1777889451.5293324,-4.0,-3.0,-80.0
1777889451.5393324,-5.0,-3.0,-82.0
1777889451.5493324,-4.0,-6.0,-80.0
1777889451.5593324,-6.0,-7.0,-75.0
1777889451.5693324,-7.0,-4.0,-83.0
1777889451.5793324,-3.0,-6.0,-86.0
1777889451.5893323,0.0,-2.0,-86.0
1777889451.5993323,0.0,-2.0,-84.0
1777889451.6093323,2.0,-2.0,-82.0
1777889451.6193323,3.0,0.0,-85.0
1777889451.6293323,7.0,0.0,-79.0
1777889451.6393323,10.0,2.0,-75.0
1777889451.6493323,9.0,4.0,-75.0
1777889451.6593325,6.0,2.0,-76.0
1777889451.6693325,6.0,3.0,-76.0
1777889451.6793325,1.0,3.0,-75.0
1777889451.6893325,-2.0,3.0,-75.0
1777889451.6993325,-4.0,2.0,-76.0
1777889451.7093325,-3.0,3.0,-77.0
1777889451.7193325,-2.0,1.0,-84.0
1777889451.7293324,-2.0,0.0,-84.0
1777889451.7393324,-4.0,3.0,-75.0
1777889451.7493324,-6.0,5.0,-69.0
1777889451.7593324,-11.0,6.0,-71.0
1777889451.7693324,-8.0,3.0,-77.0
1777889451.7793324,-3.0,1.0,-77.0
1777889451.7893324,1.0,0.0,-72.0
1777889451.7993324,-1.0,-1.0,-66.0
1777889451.8093324,1.0,-4.0,-66.0
1777889451.8193324,-1.0,-7.0,-64.0
1777889451.8293324,-1.0,-6.0,-67.0
1777889451.8393323,-2.0,-2.0,-75.0
1777889451.8493323,-2.0,-5.0,-74.0
1777889451.8593323,4.0,-2.0,-72.0
1777889451.8693323,0.0,0.0,-68.0
1777889451.8793323,-1.0,-4.0,-68.0
1777889451.8893323,-1.0,-3.0,-79.0
1777889451.8993323,-1.0,-4.0,-76.0
1777889451.9093325,2.0,-1.0,-76.0
1777889451.9193325,3.0,-2.0,-71.0
1777889451.9293325,3.0,-2.0,-68.0
1777889451.9393325,4.0,-2.0,-72.0
1777889451.9493325,4.0,4.0,-71.0
1777889451.9593325,4.0,4.0,-71.0
1777889451.9693325,4.0,8.0,-76.0
1777889451.9793324,-1.0,9.0,-81.0
1777889451.9893324,-1.0,11.0,-80.0
1777889451.9993324,2.0,6.0,-69.0
1777889452.0093324,2.0,4.0,-71.0
1777889452.0193324,0.0,9.0,-80.0
1777889452.0293324,3.0,6.0,-81.0
1777889452.0393324,2.0,0.0,-91.0
1777889452.0493324,6.0,-1.0,-91.0
1777889452.0593324,9.0,0.0,-88.0
1777889452.0693324,5.0,-1.0,-87.0
1777889452.0793324,6.0,1.0,-86.0
1777889452.0893323,6.0,2.0,-79.0
1777889452.0993323,10.0,3.0,-73.0
1777889452.1093323,8.0,0.0,-74.0
1777889452.1193323,4.0,-2.0,-63.0
1777889452.1293323,4.0,-1.0,-64.0
1777889452.1393323,8.0,-2.0,-67.0
1777889452.1493323,7.0,-3.0,-76.0
1777889452.1593325,3.0,-2.0,-77.0
1777889452.1693325,4.0,1.0,-74.0
1777889452.1793325,2.0,0.0,-72.0
1777889452.1893325,-1.0,-1.0,-74.0
1777889452.1993325,-3.0,-1.0,-72.0
1777889452.2093325,-7.0,0.0,-70.0
1777889452.2193325,-2.0,3.0,-74.0
1777889452.2293324,-1.0,7.0,-75.0
1777889452.2393324,2.0,5.0,-79.0
1777889452.2493324,2.0,3.0,-81.0
1777889452.2593324,0.0,3.0,-78.0
1777889452.2693324,0.0,0.0,-76.0
1777889452.2793324,1.0,0.0,-80.0
1777889452.2893324,5.0,-1.0,-79.0
1777889452.2993324,-1.0,-1.0,-79.0
1777889452.3093324,-3.0,-1.0,-80.0
1777889452.3193324,-2.0,-4.0,-88.0
1777889452.3293324,2.0,-5.0,-85.0
1777889452.3393323,4.0,-4.0,-78.0
1777889452.3493323,0.0,-6.0,-78.0
1777889452.3593323,-1.0,-4.0,-81.0
1777889452.3693323,0.0,-3.0,-75.0
1777889452.3793323,0.0,-1.0,-77.0
1777889452.3893323,-1.0,0.0,-71.0
1777889452.3993323,3.0,-3.0,-71.0
1777889452.4093325,6.0,-4.0,-75.0
1777889452.4193325,5.0,1.0,-78.0
1777889452.4293325,7.0,2.0,-82.0
1777889452.4393325,3.0,4.0,-79.0
1777889452.4493325,0.0,6.0,-76.0
1777889452.4593325,0.0,1.0,-74.0
1777889452.4693325,-4.0,4.0,-80.0
1777889452.4793324,-4.0,2.0,-83.0
1777889452.4893324,-2.0,0.0,-81.0
1777889452.4993324,3.0,-1.0,-81.0
1777889452.5093324,7.0,-3.0,-77.0
1777889452.5193324,6.0,-6.0,-72.0
1777889452.5293324,5.0,-1.0,-68.0
1777889452.5393324,7.0,0.0,-69.0
1777889452.5493324,8.0,-2.0,-71.0
1777889452.5593324,5.0,-4.0,-65.0
1777889452.5693324,6.0,-3.0,-66.0
1777889452.5793324,7.0,-4.0,-63.0
1777889452.5893323,0.0,0.0,-73.0
1777889452.5993323,0.0,-1.0,-77.0
1777889452.6093323,1.0,-4.0,-71.0
1777889452.6193323,0.0,-2.0,-72.0
1777889452.6293323,2.0,-2.0,-74.0
1777889452.6393323,6.0,-6.0,-74.0
1777889452.6493323,2.0,0.0,-74.0
1777889452.6593325,1.0,2.0,-77.0
1777889452.6693325,4.0,3.0,-76.0
1777889452.6793325,5.0,2.0,-77.0
1777889452.6893325,5.0,7.0,-77.0
1777889452.6993325,7.0,5.0,-71.0
1777889452.7093325,4.0,3.0,-75.0
1777889452.7193325,6.0,1.0,-73.0
1777889452.7293324,6.0,0.0,-67.0
1777889452.7393324,7.0,0.0,-67.0
1777889452.7493324,7.0,4.0,-69.0
1777889452.7593324,6.0,3.0,-71.0
1777889452.7693324,4.0,0.0,-76.0
1777889452.7793324,4.0,-1.0,-72.0
1777889452.7893324,4.0,-1.0,-74.0
1777889452.7993324,8.0,0.0,-71.0
1777889452.8093324,4.0,-1.0,-69.0
1777889452.8193324,5.0,0.0,-69.0
1777889452.8293324,0.0,0.0,-67.0
1777889452.8393323,1.0,-1.0,-69.0
1777889452.8493323,-2.0,1.0,-71.0
1777889452.8593323,0.0,-7.0,-74.0
1777889452.8693323,2.0,-7.0,-73.0
1777889452.8793323,2.0,-7.0,-75.0
1777889452.8893323,5.0,-3.0,-82.0
1777889452.8993323,3.0,-5.0,-80.0
1777889452.9093325,0.0,-5.0,-76.0
1777889452.9193325,0.0,-4.0,-79.0
1777889452.9293325,0.0,-3.0,-81.0
1777889452.9393325,2.0,-4.0,-75.0
1777889452.9493325,4.0,-6.0,-75.0
1777889452.9593325,4.0,-1.0,-74.0
1777889452.9693325,2.0,0.0,-76.0
1777889452.9793324,7.0,0.0,-76.0
1777889452.9893324,6.0,0.0,-79.0
1777889452.9993324,8.0,0.0,-80.0
1777889453.0103323,5.0,0.0,-79.0
1777889453.0193324,5.0,-3.0,-82.0
1777889453.0303323,3.0,-1.0,-82.0
1777889453.0403323,1.0,-2.0,-84.0
1777889453.0503323,3.0,-4.0,-76.0
1777889453.0603323,4.0,0.0,-68.0
1777889453.0703323,4.0,0.0,-62.0
1777889453.0803325,2.0,-2.0,-68.0
1777889453.0903325,0.0,0.0,-78.0
1777889453.1003325,4.0,5.0,-75.0
1777889453.1103325,8.0,1.0,-76.0
1777889453.1203325,5.0,-2.0,-70.0
1777889453.1303325,3.0,-3.0,-67.0
1777889453.1403325,4.0,-4.0,-66.0
1777889453.1503325,4.0,-4.0,-60.0
1777889453.1603324,7.0,-5.0,-62.0
1777889453.1703324,1.0,-5.0,-64.0
1777889453.1803324,0.0,-3.0,-65.0
1777889453.1903324,4.0,-3.0,-65.0
1777889453.2003324,0.0,-2.0,-66.0
1777889453.2103324,0.0,0.0,-68.0
1777889453.2203324,-7.0,-5.0,-65.0
1777889453.2303324,-10.0,-4.0,-64.0
1777889453.2403324,-8.0,-5.0,-70.0
1777889453.2503324,-5.0,-5.0,-68.0
1777889453.2603323,-9.0,-4.0,-69.0
1777889453.2703323,-6.0,0.0,-70.0
1777889453.2803323,-2.0,2.0,-74.0
1777889453.2903323,0.0,0.0,-75.0
1777889453.3003323,3.0,-2.0,-71.0
1777889453.3103323,7.0,0.0,-77.0
1777889453.3203323,9.0,-1.0,-76.0
1777889453.3303325,9.0,-4.0,-79.0
1777889453.3403325,10.0,-3.0,-78.0
1777889453.3503325,7.0,-2.0,-75.0
1777889453.3603325,8.0,-2.0,-73.0
1777889453.3703325,3.0,-7.0,-75.0
1777889453.3803325,2.0,-12.0,-73.0
1777889453.3903325,3.0,-12.0,-73.0
1777889453.4003325,6.0,-10.0,-71.0
1777889453.4103324,6.0,-5.0,-75.0
1777889453.4203324,4.0,-5.0,-75.0
1777889453.4303324,5.0,-5.0,-77.0
1777889453.4403324,1.0,-8.0,-70.0
1777889453.4503324,2.0,-8.0,-63.0
1777889453.4603324,1.0,-6.0,-63.0
1777889453.4703324,0.0,-4.0,-67.0
1777889453.4803324,0.0,-3.0,-65.0
1777889453.4903324,4.0,-5.0,-67.0
1777889453.5003324,4.0,-5.0,-65.0
1777889453.5103323,4.0,-1.0,-64.0
1777889453.5203323,7.0,-1.0,-70.0
1777889453.5303323,11.0,-1.0,-70.0
1777889453.5403323,6.0,-4.0,-66.0
1777889453.5503323,7.0,-5.0,-71.0
1777889453.5603323,2.0,-5.0,-70.0
1777889453.5703323,4.0,-8.0,-68.0
1777889453.5803325,5.0,-8.0,-75.0
1777889453.5903325,8.0,-4.0,-78.0
1777889453.6003325,9.0,-2.0,-78.0
1777889453.6103325,10.0,-2.0,-81.0
1777889453.6203325,8.0,-6.0,-80.0
1777889453.6303325,8.0,-4.0,-81.0
1777889453.6403325,4.0,-2.0,-78.0
1777889453.6503325,0.0,-4.0,-85.0
1777889453.6603324,1.0,-8.0,-82.0
1777889453.6703324,1.0,-9.0,-84.0
1777889453.6803324,0.0,-5.0,-82.0
1777889453.6903324,0.0,-3.0,-81.0
1777889453.7003324,0.0,-2.0,-72.0
1777889453.7103324,-3.0,-2.0,-77.0
1777889453.7203324,-2.0,2.0,-74.0
1777889453.7303324,-2.0,-2.0,-74.0
1777889453.7403324,-3.0,-1.0,-75.0
1777889453.7503324,-4.0,-5.0,-85.0
1777889453.7603323,-2.0,-5.0,-86.0
1777889453.7703323,-1.0,0.0,-81.0
1777889453.7803323,1.0,-1.0,-72.0
1777889453.7903323,0.0,0.0,-70.0
1777889453.8003323,1.0,3.0,-68.0
1777889453.8103323,0.0,2.0,-76.0
1777889453.8203323,1.0,5.0,-82.0
1777889453.8303325,-1.0,5.0,-76.0
1777889453.8403325,-4.0,0.0,-77.0
1777889453.8503325,-6.0,-2.0,-74.0
1777889453.8603325,-3.0,0.0,-76.0
1777889453.8703325,-1.0,-4.0,-73.0
1777889453.8803325,-4.0,0.0,-74.0
1777889453.8903325,0.0,0.0,-78.0
1777889453.9003325,0.0,2.0,-80.0
1777889453.9103324,-2.0,-2.0,-82.0
1777889453.9203324,-1.0,-3.0,-79.0
1777889453.9303324,-1.0,0.0,-76.0
1777889453.9403324,-2.0,0.0,-80.0
1777889453.9503324,-2.0,3.0,-81.0
1777889453.9603324,0.0,5.0,-80.0
1777889453.9703324,3.0,5.0,-87.0
1777889453.9803324,1.0,8.0,-84.0
1777889453.9903324,2.0,10.0,-86.0
1777889454.0003324,-1.0,8.0,-85.0
1777889454.0103323,-1.0,5.0,-88.0
1777889454.0203323,-2.0,5.0,-81.0
1777889454.0303323,-2.0,5.0,-84.0
1777889454.0403323,-2.0,5.0,-81.0
1777889454.0503323,-4.0,6.0,-79.0
1777889454.0603323,-6.0,5.0,-80.0
1777889454.0703323,-4.0,3.0,-79.0
1777889454.0803325,-5.0,0.0,-73.0
1777889454.0903325,-5.0,0.0,-72.0
1777889454.1003325,-1.0,-1.0,-70.0
1777889454.1103325,0.0,-5.0,-73.0
1777889454.1203325,1.0,-3.0,-74.0
1777889454.1303325,3.0,-1.0,-75.0
1777889454.1403325,3.0,0.0,-72.0
1777889454.1503325,1.0,0.0,-69.0
1777889454.1603324,2.0,0.0,-63.0
1777889454.1703324,0.0,2.0,-67.0
1777889454.1803324,0.0,4.0,-73.0
1777889454.1903324,0.0,1.0,-71.0
1777889454.2003324,-2.0,0.0,-74.0
1777889454.2103324,0.0,0.0,-75.0
1777889454.2203324,-1.0,-5.0,-79.0
1777889454.2303324,-3.0,-9.0,-79.0
1777889454.2403324,-4.0,-9.0,-83.0
1777889454.2503324,1.0,-8.0,-79.0
1777889454.2603323,4.0,-4.0,-83.0
1777889454.2703323,6.0,-2.0,-87.0
1777889454.2803323,5.0,-1.0,-89.0
1777889454.2903323,7.0,-3.0,-88.0
1777889454.3003323,6.0,-6.0,-82.0
1777889454.3103323,5.0,-7.0,-76.0
1777889454.3203323,11.0,-4.0,-77.0
1777889454.3303325,6.0,0.0,-72.0
1777889454.3403325,6.0,-1.0,-66.0
1777889454.3503325,9.0,-1.0,-63.0
1777889454.3603325,5.0,-1.0,-66.0
1777889454.3703325,3.0,-6.0,-67.0
1777889454.3803325,4.0,-6.0,-68.0
1777889454.3903325,2.0,-6.0,-67.0
1777889454.4003325,-3.0,-6.0,-58.0
1777889454.4103324,-6.0,-3.0,-65.0
1777889454.4203324,-1.0,-2.0,-66.0
1777889454.4303324,0.0,-1.0,-72.0
1777889454.4403324,0.0,1.0,-68.0
1777889454.4503324,3.0,4.0,-66.0
1777889454.4603324,-1.0,4.0,-74.0
1777889454.4703324,2.0,3.0,-81.0
1777889454.4803324,0.0,0.0,-83.0
1777889454.4903324,2.0,-3.0,-87.0
1777889454.5003324,6.0,-2.0,-92.0
1777889454.5103323,3.0,0.0,-85.0
1777889454.5203323,1.0,0.0,-78.0
1777889454.5303323,3.0,0.0,-78.0
1777889454.5403323,5.0,-2.0,-80.0
1777889454.5503323,6.0,-2.0,-74.0
1777889454.5603323,8.0,-2.0,-74.0
1777889454.5703323,7.0,-4.0,-76.0
1777889454.5803325,9.0,-5.0,-76.0
1777889454.5903325,11.0,0.0,-75.0
1777889454.6003325,10.0,-1.0,-70.0
1777889454.6103325,3.0,-2.0,-69.0
1777889454.6203325,0.0,-6.0,-63.0
1777889454.6303325,-3.0,-5.0,-71.0
1777889454.6403325,0.0,-2.0,-67.0
1777889454.6503325,-1.0,0.0,-69.0
1777889454.6603324,-3.0,1.0,-73.0
1777889454.6703324,-2.0,0.0,-70.0
1777889454.6803324,-2.0,-1.0,-68.0
1777889454.6903324,-4.0,0.0,-65.0
1777889454.7003324,-5.0,1.0,-59.0
1777889454.7103324,-4.0,2.0,-58.0
1777889454.7203324,-1.0,2.0,-67.0
1777889454.7303324,0.0,1.0,-70.0
1777889454.7403324,0.0,2.0,-71.0
1777889454.7503324,1.0,3.0,-74.0
1777889454.7603323,-3.0,3.0,-78.0
1777889454.7703323,-1.0,0.0,-76.0
1777889454.7803323,-4.0,2.0,-75.0
1777889454.7903323,-3.0,2.0,-70.0
1777889454.8003323,-3.0,0.0,-62.0
1777889454.8103323,-2.0,2.0,-66.0
1777889454.8203323,0.0,0.0,-76.0
1777889454.8303325,-1.0,1.0,-71.0
1777889454.8403325,2.0,4.0,-69.0
1777889454.8503325,3.0,6.0,-67.0
1777889454.8603325,6.0,5.0,-72.0
1777889454.8703325,4.0,8.0,-68.0
1777889454.8803325,0.0,11.0,-74.0
1777889454.8903325,-1.0,7.0,-70.0
1777889454.9003325,-2.0,2.0,-75.0
1777889454.9103324,3.0,4.0,-78.0
1777889454.9203324,4.0,4.0,-80.0
1777889454.9303324,3.0,3.0,-76.0
1777889454.9403324,4.0,1.0,-73.0
1777889454.9503324,-2.0,-1.0,-69.0
1777889454.9603324,-4.0,0.0,-66.0
1777889454.9703324,-2.0,0.0,-63.0
1777889454.9803324,0.0,-1.0,-68.0
1777889454.9903324,0.0,-2.0,-67.0
1777889455.0003324,3.0,-1.0,-66.0
1777889455.0103323,6.0,-1.0,-66.0
1777889455.0213325,4.0,-4.0,-67.0
1777889455.0313325,7.0,-5.0,-72.0
1777889455.0413325,3.0,-5.0,-74.0
1777889455.0513325,2.0,-2.0,-74.0
1777889455.0613325,-4.0,-3.0,-71.0
1777889455.0713325,-8.0,-2.0,-67.0
1777889455.0813324,-5.0,-3.0,-68.0
1777889455.0913324,-2.0,-3.0,-65.0
1777889455.1013324,-2.0,-3.0,-71.0
1777889455.1113324,3.0,0.0,-73.0
1777889455.1213324,3.0,-1.0,-68.0
1777889455.1313324,3.0,-2.0,-73.0
1777889455.1413324,6.0,-1.0,-74.0
1777889455.1513324,7.0,1.0,-67.0
1777889455.1613324,5.0,2.0,-68.0
1777889455.1713324,1.0,-1.0,-65.0
1777889455.1813323,5.0,-3.0,-62.0
1777889455.1913323,3.0,-2.0,-67.0
1777889455.2013323,0.0,-1.0,-68.0
1777889455.2113323,-1.0,-5.0,-73.0
1777889455.2213323,-5.0,-2.0,-78.0
1777889455.2313323,-5.0,-5.0,-75.0
1777889455.2413323,-3.0,-10.0,-71.0
1777889455.2513323,-4.0,-7.0,-75.0
1777889455.2613325,-5.0,-2.0,-72.0
1777889455.2713325,-5.0,-2.0,-66.0
1777889455.2823324,0.0,0.0,-61.0
1777889455.2913325,5.0,-2.0,-61.0
1777889455.3013325,5.0,-2.0,-61.0
1777889455.3113325,4.0,-2.0,-67.0
1777889455.3213325,4.0,0.0,-75.0
1777889455.3313324,2.0,0.0,-77.0
1777889455.3413324,0.0,-3.0,-77.0
1777889455.3513324,0.0,-2.0,-78.0
1777889455.3613324,2.0,1.0,-77.0
1777889455.3713324,6.0,-2.0,-83.0
1777889455.3813324,3.0,0.0,-87.0
1777889455.3913324,0.0,-2.0,-85.0
1777889455.4013324,4.0,0.0,-79.0
1777889455.4113324,7.0,3.0,-73.0
1777889455.4213324,8.0,3.0,-70.0
1777889455.4313323,2.0,1.0,-72.0
1777889455.4413323,3.0,-2.0,-68.0
1777889455.4513323,6.0,0.0,-65.0
1777889455.4613323,3.0,0.0,-67.0
1777889455.4713323,3.0,-2.0,-76.0
1777889455.4813323,3.0,-1.0,-78.0
1777889455.4913323,3.0,-2.0,-76.0
1777889455.5013323,8.0,-3.0,-73.0
1777889455.5113325,4.0,-5.0,-78.0
1777889455.5213325,-1.0,-5.0,-72.0
1777889455.5313325,-4.0,-7.0,-75.0
1777889455.5413325,-2.0,-5.0,-74.0
1777889455.5513325,-2.0,-2.0,-74.0
1777889455.5613325,-2.0,-5.0,-70.0
1777889455.5713325,-1.0,-3.0,-65.0
1777889455.5813324,1.0,-1.0,-70.0
1777889455.5913324,2.0,1.0,-68.0
1777889455.6013324,3.0,0.0,-71.0
1777889455.6113324,3.0,3.0,-74.0
1777889455.6213324,0.0,0.0,-74.0
1777889455.6313324,0.0,0.0,-68.0
1777889455.6413324,2.0,1.0,-69.0
1777889455.6513324,3.0,5.0,-74.0
1777889455.6613324,0.0,3.0,-77.0
1777889455.6713324,3.0,3.0,-77.0
1777889455.6813323,2.0,0.0,-77.0
1777889455.6913323,1.0,-1.0,-81.0
1777889455.7013323,1.0,1.0,-77.0
1777889455.7113323,3.0,2.0,-79.0
1777889455.7213323,6.0,3.0,-71.0
1777889455.7313323,8.0,3.0,-74.0
1777889455.7413323,6.0,2.0,-76.0
1777889455.7513323,3.0,2.0,-75.0
1777889455.7613325,1.0,2.0,-79.0
1777889455.7713325,-3.0,2.0,-83.0
1777889455.7813325,0.0,0.0,-80.0
1777889455.7913325,5.0,0.0,-81.0
1777889455.8013325,5.0,-3.0,-76.0
1777889455.8113325,5.0,0.0,-69.0
1777889455.8213325,4.0,-4.0,-72.0
1777889455.8313324,2.0,-5.0,-74.0
1777889455.8413324,1.0,-4.0,-85.0
1777889455.8513324,1.0,-5.0,-82.0
1777889455.8613324,4.0,-5.0,-73.0
1777889455.8713324,2.0,-7.0,-73.0
1777889455.8813324,6.0,-8.0,-69.0
1777889455.8913324,2.0,-5.0,-71.0
1777889455.9013324,1.0,-4.0,-71.0
1777889455.9113324,0.0,0.0,-78.0
1777889455.9213324,3.0,1.0,-86.0
1777889455.9313323,0.0,2.0,-82.0
1777889455.9413323,0.0,0.0,-83.0
1777889455.9513323,0.0,0.0,-83.0
1777889455.9613323,-2.0,2.0,-82.0
1777889455.9713323,-2.0,0.0,-72.0
1777889455.9813323,6.0,0.0,-70.0
1777889455.9913323,9.0,1.0,-61.0
1777889456.0013323,5.0,2.0,-65.0
1777889456.0113325,5.0,0.0,-67.0
1777889456.0213325,6.0,1.0,-66.0
1777889456.0313325,11.0,-2.0,-78.0
1777889456.0413325,5.0,1.0,-78.0
1777889456.0513325,6.0,0.0,-78.0
1777889456.0613325,3.0,-2.0,-82.0
1777889456.0713325,-2.0,-1.0,-80.0
1777889456.0813324,-4.0,-3.0,-75.0
1777889456.0913324,-4.0,-6.0,-76.0
1777889456.1013324,-5.0,-6.0,-75.0
1777889456.1113324,0.0,0.0,-74.0
1777889456.1213324,-3.0,-1.0,-75.0
1777889456.1323323,-8.0,1.0,-80.0
1777889456.1413324,-4.0,1.0,-83.0
1777889456.1513324,-1.0,0.0,-82.0
1777889456.1613324,-2.0,0.0,-82.0
1777889456.1713324,3.0,-2.0,-80.0
1777889456.1813323,0.0,0.0,-77.0
1777889456.1913323,0.0,-1.0,-74.0
1777889456.2013323,0.0,3.0,-76.0
1777889456.2113323,-4.0,0.0,-76.0
1777889456.2213323,-2.0,-2.0,-72.0
1777889456.2313323,-3.0,-1.0,-73.0
1777889456.2413323,-4.0,-4.0,-64.0
1777889456.2513323,-2.0,-3.0,-67.0
1777889456.2613325,0.0,-2.0,-64.0
1777889456.2713325,-1.0,-3.0,-73.0
1777889456.2813325,0.0,-4.0,-81.0
1777889456.2913325,-4.0,-1.0,-82.0
1777889456.3013325,-2.0,0.0,-76.0
1777889456.3113325,1.0,0.0,-78.0
1777889456.3213325,0.0,-3.0,-80.0
1777889456.3313324,0.0,-2.0,-82.0
1777889456.3413324,5.0,0.0,-76.0
1777889456.3513324,3.0,-3.0,-81.0
1777889456.3613324,2.0,-7.0,-84.0
1777889456.3713324,4.0,-7.0,-74.0
1777889456.3813324,9.0,-7.0,-71.0
1777889456.3913324,10.0,-7.0,-75.0
1777889456.4013324,5.0,-1.0,-74.0
1777889456.4113324,5.0,2.0,-70.0
1777889456.4213324,4.0,1.0,-70.0
1777889456.4313323,4.0,-1.0,-75.0
1777889456.4413323,6.0,-2.0,-77.0
1777889456.4513323,4.0,-2.0,-79.0
1777889456.4613323,4.0,2.0,-84.0
1777889456.4713323,6.0,0.0,-79.0
1777889456.4813323,6.0,-2.0,-72.0
1777889456.4913323,5.0,-1.0,-72.0
1777889456.5013323,5.0,0.0,-69.0
1777889456.5113325,4.0,0.0,-70.0
1777889456.5213325,3.0,3.0,-62.0
1777889456.5313325,4.0,3.0,-68.0
1777889456.5413325,2.0,4.0,-68.0
1777889456.5513325,2.0,-4.0,-70.0
1777889456.5613325,0.0,-2.0,-70.0
1777889456.5713325,-6.0,-2.0,-74.0
1777889456.5813324,-2.0,0.0,-78.0
1777889456.5913324,1.0,1.0,-77.0
1777889456.6013324,-1.0,1.0,-77.0
1777889456.6113324,-2.0,1.0,-84.0
1777889456.6213324,-2.0,1.0,-89.0
1777889456.6313324,-1.0,-1.0,-88.0
1777889456.6413324,1.0,-2.0,-84.0
1777889456.6513324,-1.0,2.0,-84.0
1777889456.6613324,0.0,3.0,-75.0
1777889456.6713324,1.0,0.0,-69.0
1777889456.6813323,7.0,2.0,-67.0
1777889456.6913323,1.0,0.0,-70.0
1777889456.7013323,-1.0,1.0,-72.0
1777889456.7113323,1.0,1.0,-74.0
1777889456.7213323,-5.0,1.0,-70.0
1777889456.7313323,0.0,1.0,-69.0
1777889456.7413323,-7.0,-1.0,-71.0
1777889456.7513323,-8.0,-1.0,-67.0
1777889456.7613325,-8.0,-2.0,-67.0
1777889456.7713325,-7.0,-4.0,-66.0
1777889456.7813325,-5.0,-4.0,-67.0
1777889456.7913325,-3.0,0.0,-66.0
1777889456.8013325,-2.0,2.0,-64.0
1777889456.8113325,-7.0,0.0,-67.0
1777889456.8213325,-9.0,0.0,-68.0
1777889456.8313324,-6.0,5.0,-68.0
1777889456.8413324,-2.0,6.0,-70.0
1777889456.8513324,1.0,6.0,-72.0
1777889456.8613324,0.0,3.0,-78.0
1777889456.8713324,0.0,0.0,-81.0
1777889456.8813324,-1.0,-2.0,-79.0
1777889456.8913324,-1.0,-5.0,-73.0
1777889456.9013324,-2.0,-4.0,-65.0
1777889456.9113324,-1.0,-3.0,-63.0
1777889456.9213324,1.0,0.0,-61.0
1777889456.9313323,1.0,0.0,-65.0
1777889456.9413323,2.0,-1.0,-65.0
1777889456.9513323,-5.0,0.0,-65.0
1777889456.9613323,-1.0,1.0,-74.0
1777889456.9713323,0.0,1.0,-81.0
1777889456.9813323,-2.0,2.0,-73.0
1777889456.9913323,-5.0,0.0,-71.0
1777889457.0023324,-2.0,0.0,-76.0
1777889457.0123324,3.0,-2.0,-79.0
1777889457.0223324,1.0,-4.0,-82.0
1777889457.0323324,-2.0,1.0,-81.0
1777889457.0423324,0.0,-2.0,-84.0
1777889457.0523324,0.0,-2.0,-74.0
1777889457.0623324,2.0,-5.0,-73.0
1777889457.0723324,0.0,-4.0,-75.0
1777889457.0823324,0.0,-5.0,-76.0
1777889457.0923324,0.0,-2.0,-71.0
1777889457.1023324,0.0,-3.0,-74.0
1777889457.1123323,0.0,0.0,-73.0
1777889457.1223323,0.0,0.0,-73.0
1777889457.1323323,1.0,0.0,-75.0
1777889457.1423323,1.0,-1.0,-73.0
1777889457.1523323,-3.0,-1.0,-73.0
1777889457.1623323,-3.0,0.0,-72.0
1777889457.1723323,0.0,0.0,-72.0
1777889457.1823325,2.0,-1.0,-76.0
1777889457.1923325,3.0,0.0,-78.0
1777889457.2023325,0.0,0.0,-79.0
1777889457.2123325,1.0,7.0,-79.0
1777889457.2223325,5.0,6.0,-79.0
1777889457.2323325,6.0,1.0,-73.0
1777889457.2423325,5.0,-1.0,-77.0
1777889457.2523324,4.0,0.0,-81.0
1777889457.2623324,0.0,0.0,-80.0
1777889457.2723324,2.0,2.0,-74.0
1777889457.2823324,2.0,-1.0,-65.0
1777889457.2923324,3.0,-1.0,-62.0
1777889457.3023324,7.0,-2.0,-66.0
1777889457.3113325,3.0,2.0,-66.0
1777889457.3223324,3.0,1.0,-66.0
1777889457.3323324,5.0,1.0,-68.0
1777889457.3423324,7.0,0.0,-73.0
1777889457.3523324,4.0,4.0,-73.0
1777889457.3623323,2.0,3.0,-74.0
1777889457.3723323,0.0,4.0,-77.0
1777889457.3823323,1.0,0.0,-83.0
1777889457.3923323,0.0,-2.0,-85.0
1777889457.4023323,-2.0,0.0,-83.0
1777889457.4123323,-2.0,-4.0,-79.0
1777889457.4223323,0.0,-2.0,-80.0
1777889457.4323325,4.0,-2.0,-81.0
1777889457.4423325,3.0,0.0,-75.0
1777889457.4523325,2.0,0.0,-83.0
1777889457.4623325,3.0,-1.0,-81.0
1777889457.4723325,5.0,0.0,-80.0
1777889457.4823325,3.0,-4.0,-67.0
1777889457.4923325,6.0,0.0,-64.0
1777889457.5023324,7.0,0.0,-58.0
1777889457.5123324,8.0,3.0,-62.0
1777889457.5223324,5.0,5.0,-64.0
1777889457.5323324,2.0,1.0,-66.0
1777889457.5423324,0.0,-2.0,-61.0
1777889457.5523324,-6.0,1.0,-64.0
1777889457.5623324,-4.0,0.0,-60.0
1777889457.5723324,-4.0,-2.0,-61.0
1777889457.5823324,0.0,-2.0,-70.0
1777889457.5923324,4.0,-7.0,-70.0
1777889457.6023324,0.0,-4.0,-70.0
1777889457.6123323,2.0,-2.0,-76.0
1777889457.6223323,6.0,0.0,-79.0
1777889457.6323323,6.0,-1.0,-75.0
1777889457.6423323,3.0,0.0,-77.0
1777889457.6523323,5.0,0.0,-71.0
1777889457.6623323,3.0,0.0,-76.0
1777889457.6723323,2.0,1.0,-74.0
1777889457.6823325,2.0,1.0,-80.0
1777889457.6923325,1.0,2.0,-85.0
1777889457.7023325,0.0,1.0,-73.0
1777889457.7123325,0.0,3.0,-76.0
1777889457.7223325,0.0,7.0,-71.0
1777889457.7323325,0.0,11.0,-71.0
1777889457.7423325,0.0,11.0,-76.0
1777889457.7523324,5.0,6.0,-77.0
1777889457.7623324,5.0,5.0,-77.0
1777889457.7723324,4.0,5.0,-80.0
1777889457.7823324,8.0,8.0,-81.0
1777889457.7923324,2.0,5.0,-75.0
1777889457.8023324,1.0,2.0,-75.0
1777889457.8123324,-1.0,0.0,-84.0
1777889457.8223324,-2.0,-1.0,-85.0
1777889457.8323324,-2.0,-2.0,-85.0
1777889457.8423324,0.0,-1.0,-82.0
1777889457.8523324,-2.0,0.0,-87.0
1777889457.8623323,-4.0,-1.0,-84.0
1777889457.8723323,-3.0,0.0,-84.0
1777889457.8823323,-4.0,-2.0,-77.0
1777889457.8923323,0.0,0.0,-75.0
1777889457.9023323,-2.0,0.0,-74.0
1777889457.9123323,-2.0,-2.0,-80.0
1777889457.9223323,-1.0,-4.0,-77.0
1777889457.9323325,-4.0,-2.0,-73.0
1777889457.9423325,-3.0,-2.0,-72.0
1777889457.9523325,-6.0,0.0,-72.0
1777889457.9623325,-7.0,-2.0,-79.0
1777889457.9723325,-7.0,-1.0,-90.0
1777889457.9823325,-8.0,-5.0,-84.0
1777889457.9923325,-7.0,-5.0,-86.0
1777889458.0023324,-4.0,-4.0,-78.0
1777889458.0123324,0.0,-2.0,-71.0
1777889458.0223324,0.0,-2.0,-70.0
1777889458.0323324,6.0,-1.0,-72.0
1777889458.0423324,8.0,0.0,-69.0
1777889458.0523324,8.0,0.0,-67.0
1777889458.0623324,8.0,-1.0,-70.0
1777889458.0723324,5.0,-1.0,-67.0
1777889458.0823324,7.0,0.0,-57.0
1777889458.0923324,7.0,-4.0,-60.0
1777889458.1023324,10.0,0.0,-61.0
1777889458.1123323,10.0,4.0,-60.0
1777889458.1223323,8.0,-1.0,-65.0
1777889458.1323323,10.0,-4.0,-71.0
1777889458.1423323,9.0,-1.0,-76.0
1777889458.1523323,11.0,1.0,-80.0
1777889458.1623323,8.0,-1.0,-80.0
1777889458.1723323,5.0,-1.0,-83.0
1777889458.1823325,5.0,-3.0,-77.0
1777889458.1923325,2.0,-2.0,-77.0
1777889458.2023325,3.0,0.0,-77.0
1777889458.2123325,7.0,-3.0,-78.0
1777889458.2223325,4.0,-3.0,-78.0
1777889458.2323325,2.0,-3.0,-78.0
1777889458.2423325,0.0,-4.0,-81.0
1777889458.2523324,0.0,-1.0,-80.0
1777889458.2623324,0.0,1.0,-81.0
1777889458.2723324,0.0,4.0,-79.0
1777889458.2823324,-2.0,1.0,-85.0
1777889458.2923324,-4.0,-2.0,-77.0
1777889458.3023324,-5.0,-4.0,-73.0
1777889458.3123324,-3.0,-2.0,-75.0
1777889458.3223324,1.0,-1.0,-77.0
1777889458.3323324,3.0,0.0,-75.0
1777889458.3423324,-1.0,0.0,-71.0
1777889458.3523324,0.0,-2.0,-76.0
1777889458.3623323,0.0,-3.0,-74.0
1777889458.3723323,4.0,-4.0,-75.0
1777889458.3823323,3.0,-4.0,-73.0
1777889458.3923323,6.0,-3.0,-73.0
1777889458.4023323,9.0,-4.0,-68.0
1777889458.4123323,7.0,-8.0,-70.0
1777889458.4223323,12.0,-7.0,-65.0
1777889458.4323325,5.0,-8.0,-68.0
1777889458.4423325,3.0,-4.0,-73.0
1777889458.4523325,3.0,-7.0,-71.0
1777889458.4623325,-2.0,-10.0,-66.0
1777889458.4723325,3.0,-4.0,-62.0
1777889458.4823325,0.0,-4.0,-63.0
1777889458.4923325,0.0,-6.0,-66.0
1777889458.5023324,-2.0,-3.0,-72.0
1777889458.5123324,0.0,-2.0,-79.0
1777889458.5223324,-2.0,-2.0,-71.0
1777889458.5323324,-2.0,0.0,-71.0
1777889458.5423324,-1.0,-1.0,-75.0
1777889458.5523324,-1.0,-1.0,-76.0
1777889458.5623324,0.0,-1.0,-73.0
1777889458.5723324,0.0,-2.0,-72.0
1777889458.5823324,-1.0,-5.0,-76.0
1777889458.5923324,-2.0,-8.0,-78.0
1777889458.6023324,0.0,-4.0,-81.0
1777889458.6123323,1.0,-2.0,-80.0
1777889458.6223323,4.0,0.0,-82.0
1777889458.6323323,3.0,-6.0,-91.0
1777889458.6423323,4.0,-3.0,-88.0
1777889458.6523323,4.0,0.0,-89.0
1777889458.6623323,3.0,-2.0,-89.0
1777889458.6723323,7.0,-4.0,-86.0
1777889458.6823325,8.0,0.0,-84.0
1777889458.6923325,10.0,0.0,-77.0
1777889458.7023325,11.0,0.0,-74.0
1777889458.7123325,6.0,0.0,-77.0
1777889458.7223325,8.0,2.0,-77.0
1777889458.7323325,1.0,2.0,-83.0
1777889458.7423325,-4.0,2.0,-85.0
1777889458.7523324,-6.0,0.0,-86.0
1777889458.7623324,-8.0,-2.0,-80.0
1777889458.7723324,-5.0,-1.0,-76.0
1777889458.7823324,-1.0,-1.0,-78.0
1777889458.7923324,-3.0,-2.0,-76.0
1777889458.8023324,-2.0,0.0,-72.0
1777889458.8123324,-2.0,1.0,-75.0
1777889458.8223324,-1.0,2.0,-67.0
1777889458.8323324,4.0,-1.0,-59.0
1777889458.8423324,4.0,0.0,-59.0
1777889458.8523324,4.0,0.0,-66.0
1777889458.8623323,1.0,1.0,-71.0
1777889458.8723323,0.0,3.0,-76.0
1777889458.8823323,0.0,4.0,-80.0
1777889458.8923323,-2.0,7.0,-77.0
1777889458.9023323,-3.0,4.0,-77.0
1777889458.9123323,-1.0,2.0,-77.0
1777889458.9223323,-2.0,4.0,-79.0
1777889458.9323325,2.0,3.0,-78.0
1777889458.9423325,-2.0,0.0,-68.0
1777889458.9523325,-3.0,-3.0,-75.0
1777889458.9623325,-2.0,-1.0,-78.0
1777889458.9733324,-1.0,-4.0,-86.0
1777889458.9833324,0.0,-1.0,-84.0
1777889458.9933324,0.0,2.0,-92.0
1777889459.0033324,0.0,2.0,-86.0
1777889459.0133324,-2.0,4.0,-83.0
1777889459.0233324,-1.0,4.0,-76.0
1777889459.0333323,-3.0,-1.0,-70.0
1777889459.0433323,-3.0,0.0,-76.0
1777889459.0533323,-3.0,2.0,-79.0
1777889459.0633323,-2.0,1.0,-82.0
1777889459.0733323,1.0,0.0,-85.0
1777889459.0833323,4.0,3.0,-82.0
1777889459.0933323,1.0,-1.0,-85.0
1777889459.1033323,-3.0,-7.0,-91.0
1777889459.1133325,-5.0,-9.0,-87.0
1777889459.1233325,-2.0,-4.0,-83.0
1777889459.1333325,-3.0,-1.0,-83.0
1777889459.1433325,-5.0,-5.0,-84.0
1777889459.1533325,-5.0,-10.0,-87.0
1777889459.1633325,-4.0,-6.0,-84.0
1777889459.1733325,-2.0,-5.0,-83.0
1777889459.1833324,1.0,0.0,-77.0
1777889459.1933324,2.0,0.0,-82.0
1777889459.2033324,-3.0,8.0,-76.0
1777889459.2133324,-1.0,10.0,-71.0
1777889459.2233324,-4.0,6.0,-69.0
1777889459.2333324,-2.0,4.0,-74.0
1777889459.2433324,0.0,8.0,-75.0
1777889459.2533324,1.0,5.0,-68.0
1777889459.2633324,2.0,6.0,-68.0
1777889459.2733324,3.0,4.0,-73.0
1777889459.2833323,2.0,4.0,-74.0
1777889459.2933323,1.0,6.0,-74.0
1777889459.3033323,-5.0,4.0,-72.0
1777889459.3133323,-2.0,1.0,-67.0
1777889459.3233323,-4.0,4.0,-62.0
1777889459.3333323,-7.0,2.0,-66.0
1777889459.3433323,-9.0,4.0,-62.0
1777889459.3533323,-3.0,1.0,-65.0
1777889459.3633325,-3.0,-1.0,-70.0
1777889459.3733325,0.0,-1.0,-74.0
1777889459.3833325,0.0,0.0,-74.0
1777889459.3933325,1.0,0.0,-73.0
1777889459.4033325,1.0,2.0,-71.0
1777889459.4133325,1.0,4.0,-67.0
1777889459.4233325,0.0,2.0,-64.0
1777889459.4333324,-2.0,3.0,-67.0
1777889459.4433324,-3.0,6.0,-66.0
1777889459.4533324,-7.0,4.0,-66.0
1777889459.4633324,-2.0,0.0,-71.0
1777889459.4733324,0.0,0.0,-77.0
1777889459.4833324,0.0,1.0,-76.0
1777889459.4933324,3.0,5.0,-72.0
1777889459.5033324,1.0,1.0,-70.0
1777889459.5133324,-1.0,1.0,-70.0
1777889459.5233324,0.0,0.0,-66.0
1777889459.5333323,2.0,-1.0,-67.0
1777889459.5433323,0.0,-1.0,-72.0
1777889459.5533323,0.0,1.0,-71.0
1777889459.5633323,-3.0,-2.0,-69.0
1777889459.5733323,-7.0,-5.0,-75.0
1777889459.5833323,-7.0,-2.0,-80.0
1777889459.5933323,-5.0,-5.0,-77.0
1777889459.6033323,-7.0,0.0,-80.0
1777889459.6133325,-2.0,-2.0,-77.0
1777889459.6233325,0.0,0.0,-76.0
1777889459.6333325,4.0,0.0,-77.0
1777889459.6433325,3.0,0.0,-79.0
1777889459.6533325,3.0,1.0,-75.0
1777889459.6633325,7.0,-3.0,-77.0
1777889459.6733325,3.0,-6.0,-76.0
1777889459.6833324,3.0,-1.0,-76.0
1777889459.6933324,4.0,0.0,-80.0
1777889459.7033324,4.0,0.0,-75.0
1777889459.7133324,2.0,-2.0,-75.0
1777889459.7233324,5.0,1.0,-79.0
1777889459.7333324,5.0,-1.0,-83.0
1777889459.7433324,7.0,-3.0,-80.0
1777889459.7533324,7.0,1.0,-81.0
1777889459.7633324,11.0,0.0,-76.0
1777889459.7733324,5.0,0.0,-73.0
1777889459.7833323,4.0,3.0,-76.0
1777889459.7933323,4.0,0.0,-79.0
1777889459.8033323,6.0,0.0,-78.0
1777889459.8133323,3.0,0.0,-79.0
1777889459.8233323,3.0,2.0,-78.0
1777889459.8333323,3.0,3.0,-72.0
1777889459.8433323,1.0,4.0,-74.0
1777889459.8533323,0.0,3.0,-80.0
1777889459.8633325,-1.0,1.0,-77.0
1777889459.8733325,0.0,-3.0,-69.0
1777889459.8833325,8.0,-5.0,-71.0
1777889459.8933325,7.0,-4.0,-68.0
1777889459.9033325,4.0,-2.0,-70.0
1777889459.9133325,0.0,0.0,-69.0
1777889459.9233325,3.0,0.0,-66.0
1777889459.9333324,0.0,0.0,-68.0
1777889459.9433324,-5.0,1.0,-70.0
1777889459.9533324,-4.0,-1.0,-77.0
1777889459.9633324,-6.0,-4.0,-76.0
1777889459.9733324,-2.0,-2.0,-77.0
1777889459.9833324,-4.0,-4.0,-79.0
1777889459.9933324,-4.0,-4.0,-78.0
1777889460.0033324,-5.0,-2.0,-75.0
1777889460.0133324,0.0,-2.0,-67.0
1777889460.0233324,0.0,-1.0,-66.0
1777889460.0333323,0.0,0.0,-64.0
1777889460.0433323,0.0,2.0,-67.0
1777889460.0533323,-2.0,0.0,-66.0
1777889460.0633323,0.0,0.0,-67.0
1777889460.0733323,1.0,-1.0,-63.0
1777889460.0833323,6.0,0.0,-71.0
1777889460.0933323,7.0,0.0,-69.0
1777889460.1033323,2.0,1.0,-71.0
1777889460.1133325,4.0,0.0,-72.0
1777889460.1233325,5.0,0.0,-71.0
1777889460.1333325,6.0,2.0,-69.0
1777889460.1433325,8.0,0.0,-68.0
1777889460.1533325,6.0,-1.0,-64.0
1777889460.1633325,4.0,-1.0,-63.0
1777889460.1733325,2.0,-4.0,-71.0
1777889460.1833324,7.0,-6.0,-78.0
1777889460.1933324,8.0,0.0,-71.0
1777889460.2033324,8.0,0.0,-75.0
1777889460.2133324,8.0,-2.0,-75.0
1777889460.2233324,8.0,0.0,-74.0
1777889460.2333324,7.0,0.0,-74.0
1777889460.2433324,6.0,-3.0,-70.0
1777889460.2533324,6.0,-2.0,-68.0
1777889460.2633324,5.0,-5.0,-68.0
1777889460.2733324,4.0,-5.0,-66.0
1777889460.2833323,2.0,-5.0,-62.0
1777889460.2933323,5.0,-9.0,-64.0
1777889460.3033323,2.0,-3.0,-71.0
1777889460.3133323,3.0,3.0,-72.0
1777889460.3233323,2.0,3.0,-69.0
1777889460.3333323,0.0,2.0,-76.0
1777889460.3433323,1.0,-1.0,-77.0
1777889460.3533323,1.0,-3.0,-73.0
1777889460.3633325,0.0,-4.0,-72.0
1777889460.3733325,-2.0,-4.0,-75.0
1777889460.3833325,-1.0,0.0,-76.0
1777889460.3933325,0.0,4.0,-81.0
1777889460.4033325,-4.0,5.0,-84.0
1777889460.4133325,-3.0,1.0,-86.0
1777889460.4233325,-3.0,-2.0,-89.0
1777889460.4333324,-2.0,-2.0,-89.0
1777889460.4433324,-4.0,-4.0,-86.0
1777889460.4533324,2.0,-3.0,-75.0
1777889460.4633324,4.0,-3.0,-75.0
1777889460.4733324,4.0,0.0,-79.0
1777889460.4833324,4.0,0.0,-76.0
1777889460.4933324,5.0,0.0,-72.0
1777889460.5033324,3.0,0.0,-67.0
1777889460.5133324,5.0,-7.0,-65.0
1777889460.5233324,6.0,-6.0,-71.0
1777889460.5333323,3.0,-2.0,-71.0
1777889460.5433323,4.0,0.0,-77.0
1777889460.5533323,2.0,0.0,-80.0
1777889460.5633323,-2.0,-2.0,-84.0
1777889460.5733323,-6.0,-1.0,-82.0
1777889460.5833323,-1.0,1.0,-85.0
1777889460.5933323,4.0,1.0,-75.0
1777889460.6033323,4.0,-3.0,-75.0
1777889460.6133325,6.0,-1.0,-73.0
1777889460.6233325,6.0,-1.0,-78.0
1777889460.6333325,9.0,-3.0,-77.0
1777889460.6433325,9.0,-2.0,-80.0
1777889460.6533325,6.0,-3.0,-82.0
1777889460.6633325,4.0,-5.0,-77.0
1777889460.6733325,4.0,-3.0,-73.0
1777889460.6833324,0.0,-1.0,-68.0
1777889460.6933324,0.0,0.0,-67.0
1777889460.7033324,2.0,4.0,-67.0
1777889460.7133324,4.0,5.0,-75.0
1777889460.7233324,8.0,0.0,-76.0
1777889460.7333324,12.0,2.0,-77.0
1777889460.7433324,14.0,0.0,-78.0
1777889460.7533324,10.0,1.0,-82.0
1777889460.7633324,11.0,1.0,-81.0
1777889460.7733324,11.0,-3.0,-84.0
1777889460.7833323,12.0,0.0,-81.0
1777889460.7933323,14.0,-4.0,-83.0
1777889460.8033323,7.0,-1.0,-73.0
1777889460.8133323,9.0,0.0,-68.0
1777889460.8233323,7.0,0.0,-74.0
1777889460.8333323,3.0,2.0,-77.0
1777889460.8433323,2.0,3.0,-71.0
1777889460.8533323,0.0,4.0,-72.0
1777889460.8633325,0.0,0.0,-76.0
1777889460.8733325,5.0,-5.0,-78.0
1777889460.8833325,2.0,-3.0,-75.0
1777889460.8933325,6.0,-5.0,-72.0
1777889460.9033325,5.0,-6.0,-74.0
1777889460.9133325,4.0,-3.0,-72.0
1777889460.9233325,2.0,-3.0,-71.0
1777889460.9333324,5.0,-5.0,-75.0
1777889460.9433324,4.0,-1.0,-77.0
1777889460.9543324,0.0,2.0,-78.0
1777889460.9633324,0.0,2.0,-77.0
1777889460.9743323,0.0,1.0,-83.0
1777889460.9843323,4.0,3.0,-82.0
1777889460.9943323,4.0,4.0,-83.0
1777889461.0043323,8.0,2.0,-78.0
1777889461.0143323,8.0,0.0,-82.0
1777889461.0243323,7.0,2.0,-80.0
1777889461.0343325,3.0,4.0,-77.0
1777889461.0443325,3.0,0.0,-72.0
1777889461.0543325,1.0,-1.0,-70.0
1777889461.0643325,1.0,1.0,-71.0
1777889461.0743325,0.0,1.0,-70.0
1777889461.0843325,-2.0,-2.0,-68.0
1777889461.0943325,1.0,-4.0,-66.0
1777889461.1043324,0.0,-1.0,-70.0
1777889461.1143324,0.0,1.0,-68.0
1777889461.1243324,1.0,0.0,-70.0
1777889461.1343324,1.0,-1.0,-67.0
1777889461.1443324,0.0,-2.0,-62.0
1777889461.1543324,0.0,-8.0,-58.0
1777889461.1643324,-2.0,-3.0,-59.0
1777889461.1743324,-2.0,-5.0,-60.0
1777889461.1843324,3.0,-4.0,-62.0
1777889461.1943324,5.0,2.0,-67.0
1777889461.2043324,4.0,2.0,-70.0
1777889461.2143323,2.0,-1.0,-70.0
1777889461.2243323,5.0,0.0,-71.0
1777889461.2343323,7.0,0.0,-74.0
1777889461.2443323,9.0,-1.0,-78.0
1777889461.2543323,7.0,-1.0,-78.0
1777889461.2643323,0.0,0.0,-86.0
1777889461.2743323,-2.0,0.0,-86.0
1777889461.2843325,-1.0,-1.0,-76.0
1777889461.2943325,-7.0,0.0,-70.0
1777889461.3043325,-9.0,0.0,-73.0
1777889461.3143325,-8.0,1.0,-77.0
1777889461.3243325,-4.0,0.0,-74.0
1777889461.3343325,-3.0,-2.0,-70.0
1777889461.3443325,-2.0,-2.0,-71.0
1777889461.3543324,5.0,0.0,-74.0
1777889461.3643324,1.0,-2.0,-76.0
1777889461.3743324,1.0,-1.0,-76.0
1777889461.3843324,7.0,1.0,-77.0
1777889461.3943324,7.0,0.0,-76.0
1777889461.4043324,7.0,2.0,-70.0
1777889461.4143324,8.0,4.0,-67.0
1777889461.4243324,9.0,3.0,-71.0
1777889461.4343324,9.0,6.0,-76.0
1777889461.4443324,9.0,3.0,-78.0
1777889461.4543324,10.0,2.0,-79.0
1777889461.4643323,7.0,0.0,-79.0
1777889461.4743323,8.0,0.0,-84.0
1777889461.4843323,7.0,1.0,-82.0
1777889461.4943323,5.0,-2.0,-84.0
1777889461.5043323,1.0,-3.0,-84.0
1777889461.5143323,-1.0,-4.0,-77.0
1777889461.5243323,0.0,-1.0,-69.0
1777889461.5343325,0.0,2.0,-68.0
1777889461.5443325,0.0,0.0,-71.0
1777889461.5543325,-1.0,0.0,-75.0
1777889461.5643325,3.0,-4.0,-78.0
1777889461.5743325,4.0,-3.0,-80.0
1777889461.5843325,5.0,-1.0,-80.0
1777889461.5943325,7.0,-3.0,-82.0
1777889461.6043324,1.0,-3.0,-84.0
1777889461.6143324,3.0,-7.0,-85.0
1777889461.6243324,4.0,-7.0,-92.0
1777889461.6343324,1.0,-2.0,-90.0
1777889461.6443324,-1.0,-2.0,-88.0
1777889461.6543324,-2.0,-6.0,-82.0
1777889461.6643324,-4.0,-3.0,-82.0
1777889461.6743324,-5.0,-3.0,-78.0
1777889461.6843324,-6.0,-6.0,-75.0
1777889461.6943324,-1.0,-7.0,-73.0
1777889461.7043324,-4.0,-8.0,-66.0
1777889461.7143323,-7.0,-8.0,-71.0
1777889461.7243323,-4.0,-11.0,-75.0
1777889461.7343323,-4.0,-7.0,-73.0
1777889461.7443323,-4.0,-7.0,-79.0
1777889461.7543323,-2.0,-9.0,-87.0
1777889461.7643323,0.0,-7.0,-83.0
1777889461.7743323,2.0,-6.0,-78.0
1777889461.7843325,1.0,-2.0,-78.0
1777889461.7943325,1.0,-4.0,-81.0
1777889461.8043325,0.0,0.0,-81.0
1777889461.8143325,-2.0,-2.0,-81.0
1777889461.8243325,-3.0,-1.0,-79.0
1777889461.8343325,-1.0,0.0,-78.0
1777889461.8443325,-1.0,1.0,-82.0
1777889461.8543324,-2.0,-2.0,-79.0
1777889461.8643324,-3.0,0.0,-78.0
1777889461.8743324,-1.0,1.0,-74.0
1777889461.8843324,4.0,-1.0,-76.0
1777889461.8943324,6.0,-2.0,-74.0
1777889461.9043324,4.0,-3.0,-79.0
1777889461.9143324,4.0,-5.0,-79.0
1777889461.9243324,5.0,2.0,-78.0
1777889461.9343324,7.0,1.0,-86.0
1777889461.9443324,1.0,2.0,-84.0
1777889461.9543324,-1.0,5.0,-79.0
1777889461.9643323,0.0,8.0,-74.0
1777889461.9743323,-2.0,5.0,-79.0
1777889461.9843323,-3.0,5.0,-82.0
1777889461.9943323,-5.0,2.0,-81.0
1777889462.0043323,1.0,3.0,-79.0
1777889462.0143323,-1.0,3.0,-70.0
1777889462.0243323,-1.0,2.0,-70.0
1777889462.0343325,-2.0,-3.0,-76.0
1777889462.0443325,2.0,-1.0,-78.0
1777889462.0543325,4.0,-1.0,-72.0
1777889462.0643325,1.0,-2.0,-72.0
1777889462.0743325,0.0,-3.0,-72.0
1777889462.0843325,-2.0,-3.0,-71.0
1777889462.0943325,-1.0,-4.0,-65.0
1777889462.1043324,-1.0,-4.0,-63.0
1777889462.1143324,1.0,-5.0,-65.0
1777889462.1243324,-2.0,-7.0,-66.0
1777889462.1343324,0.0,-5.0,-62.0
1777889462.1443324,2.0,-4.0,-69.0
1777889462.1543324,4.0,-3.0,-73.0
1777889462.1643324,4.0,-4.0,-72.0
1777889462.1743324,2.0,-2.0,-70.0
1777889462.1843324,0.0,-3.0,-72.0
1777889462.1943324,1.0,-7.0,-65.0
1777889462.2043324,0.0,-1.0,-56.0
1777889462.2143323,-4.0,-7.0,-57.0
1777889462.2243323,-3.0,-12.0,-60.0
1777889462.2343323,-5.0,-15.0,-63.0
1777889462.2443323,-6.0,-10.0,-70.0
1777889462.2543323,-7.0,-3.0,-70.0
1777889462.2643323,-7.0,0.0,-78.0
1777889462.2743323,-7.0,2.0,-84.0
1777889462.2843325,0.0,4.0,-87.0
1777889462.2943325,2.0,3.0,-78.0
1777889462.3043325,0.0,0.0,-76.0
1777889462.3143325,1.0,-1.0,-78.0
1777889462.3243325,2.0,0.0,-83.0
1777889462.3343325,0.0,-4.0,-83.0
1777889462.3443325,1.0,-2.0,-81.0
1777889462.3543324,0.0,-4.0,-83.0
1777889462.3643324,-1.0,-5.0,-79.0
1777889462.3743324,-5.0,-4.0,-73.0
1777889462.3843324,-4.0,-5.0,-77.0
1777889462.3943324,0.0,-8.0,-77.0
1777889462.4043324,-1.0,-10.0,-82.0
1777889462.4143324,0.0,-8.0,-82.0
1777889462.4243324,4.0,-7.0,-78.0
1777889462.4343324,2.0,-13.0,-73.0
1777889462.4443324,2.0,-12.0,-78.0
1777889462.4543324,2.0,-12.0,-83.0
1777889462.4643323,-1.0,-12.0,-81.0
1777889462.4743323,0.0,-11.0,-76.0
1777889462.4843323,-3.0,-10.0,-75.0
1777889462.4943323,0.0,-10.0,-83.0
1777889462.5043323,3.0,-8.0,-82.0
1777889462.5143323,5.0,-5.0,-79.0
1777889462.5243323,6.0,-5.0,-83.0
1777889462.5343325,9.0,-1.0,-79.0
1777889462.5443325,2.0,0.0,-86.0
1777889462.5543325,-3.0,2.0,-84.0
1777889462.5643325,3.0,3.0,-81.0
1777889462.5743325,2.0,-2.0,-84.0
1777889462.5843325,0.0,0.0,-81.0
1777889462.5943325,0.0,3.0,-82.0
1777889462.6043324,0.0,1.0,-78.0
1777889462.6143324,0.0,1.0,-76.0
1777889462.6243324,0.0,3.0,-70.0
1777889462.6343324,3.0,0.0,-64.0
1777889462.6443324,1.0,0.0,-65.0
1777889462.6543324,4.0,-2.0,-69.0
1777889462.6643324,3.0,-2.0,-77.0
1777889462.6743324,-1.0,-5.0,-80.0
1777889462.6843324,-1.0,-8.0,-76.0
1777889462.6943324,-2.0,-6.0,-78.0
1777889462.7043324,-4.0,-6.0,-78.0
1777889462.7143323,-5.0,-2.0,-83.0
1777889462.7243323,-4.0,0.0,-76.0
1777889462.7343323,0.0,2.0,-75.0
1777889462.7443323,3.0,0.0,-78.0
1777889462.7543323,3.0,1.0,-79.0
1777889462.7643323,0.0,2.0,-78.0
1777889462.7743323,4.0,0.0,-78.0
1777889462.7843325,5.0,-1.0,-75.0
1777889462.7943325,9.0,0.0,-75.0
1777889462.8043325,5.0,0.0,-77.0
1777889462.8143325,0.0,3.0,-74.0
1777889462.8243325,2.0,3.0,-79.0
1777889462.8343325,4.0,1.0,-74.0
1777889462.8443325,1.0,0.0,-67.0
1777889462.8543324,2.0,-1.0,-66.0
1777889462.8643324,2.0,1.0,-71.0
1777889462.8743324,3.0,1.0,-71.0
1777889462.8843324,5.0,-1.0,-65.0
1777889462.8943324,5.0,4.0,-62.0
1777889462.9043324,5.0,2.0,-68.0
1777889462.9153323,4.0,1.0,-79.0
1777889462.9243324,8.0,1.0,-80.0
1777889462.9343324,6.0,1.0,-79.0
1777889462.9453323,2.0,-1.0,-78.0
1777889462.9553325,1.0,-7.0,-79.0
1777889462.9653325,0.0,-11.0,-78.0
1777889462.9753325,0.0,-8.0,-74.0
1777889462.9853325,0.0,-5.0,-71.0
1777889462.9953325,-4.0,0.0,-73.0
1777889463.0053325,-2.0,-1.0,-70.0
1777889463.0153325,-1.0,-2.0,-75.0
1777889463.0253325,0.0,0.0,-77.0
1777889463.0353324,4.0,0.0,-76.0
1777889463.0453324,3.0,2.0,-76.0
1777889463.0553324,2.0,0.0,-77.0
1777889463.0653324,5.0,-2.0,-73.0
1777889463.0753324,4.0,-1.0,-72.0
1777889463.0853324,7.0,1.0,-72.0
1777889463.0953324,4.0,-1.0,-74.0
1777889463.1053324,4.0,-3.0,-71.0
1777889463.1153324,5.0,-4.0,-77.0
1777889463.1253324,2.0,-5.0,-81.0
1777889463.1353323,3.0,-5.0,-80.0
1777889463.1453323,-1.0,-7.0,-71.0
1777889463.1553323,0.0,-7.0,-63.0
1777889463.1653323,-2.0,-5.0,-63.0
1777889463.1753323,-4.0,-6.0,-63.0
1777889463.1853323,-4.0,-8.0,-61.0
1777889463.1953323,-1.0,-7.0,-65.0
1777889463.2053325,-2.0,-3.0,-72.0
1777889463.2153325,-2.0,-1.0,-74.0
1777889463.2253325,0.0,-3.0,-79.0
1777889463.2353325,-3.0,-4.0,-84.0
1777889463.2453325,-8.0,-5.0,-79.0
1777889463.2553325,-10.0,-4.0,-76.0
1777889463.2653325,-5.0,-1.0,-78.0
1777889463.2753325,-10.0,2.0,-82.0
1777889463.2853324,-6.0,5.0,-79.0
1777889463.2953324,0.0,4.0,-76.0
1777889463.3053324,2.0,1.0,-76.0
1777889463.3153324,5.0,0.0,-77.0
1777889463.3253324,2.0,1.0,-80.0
1777889463.3353324,-3.0,2.0,-78.0
1777889463.3453324,0.0,-1.0,-77.0
1777889463.3553324,0.0,-2.0,-82.0
1777889463.3653324,0.0,-2.0,-82.0
1777889463.3753324,3.0,-5.0,-81.0
1777889463.3853323,5.0,-7.0,-77.0
1777889463.3953323,1.0,-4.0,-77.0
1777889463.4053323,-1.0,-2.0,-81.0
1777889463.4153323,-1.0,-1.0,-86.0
1777889463.4253323,-1.0,0.0,-84.0
1777889463.4353323,0.0,2.0,-80.0
1777889463.4453323,0.0,0.0,-85.0
1777889463.4553325,0.0,0.0,-85.0
1777889463.4653325,1.0,0.0,-84.0
1777889463.4753325,1.0,0.0,-77.0
1777889463.4853325,0.0,0.0,-67.0
1777889463.4953325,-1.0,1.0,-73.0
1777889463.5053325,2.0,0.0,-73.0
1777889463.5153325,0.0,0.0,-72.0
1777889463.5253325,-3.0,-2.0,-67.0
1777889463.5353324,0.0,0.0,-63.0
1777889463.5453324,0.0,-4.0,-66.0
1777889463.5553324,-1.0,-2.0,-73.0
1777889463.5653324,0.0,0.0,-76.0
1777889463.5753324,-5.0,-5.0,-79.0
1777889463.5853324,-2.0,-4.0,-77.0
1777889463.5953324,-2.0,-6.0,-84.0
1777889463.6053324,-2.0,-6.0,-83.0
1777889463.6153324,-1.0,-7.0,-87.0
1777889463.6253324,1.0,-3.0,-75.0
1777889463.6353323,0.0,-3.0,-78.0
1777889463.6453323,1.0,2.0,-79.0
1777889463.6553323,4.0,0.0,-80.0
1777889463.6653323,8.0,-2.0,-84.0
1777889463.6753323,7.0,-3.0,-83.0
1777889463.6853323,11.0,-1.0,-78.0
1777889463.6953323,10.0,4.0,-85.0
1777889463.7053325,10.0,1.0,-80.0
1777889463.7153325,8.0,0.0,-74.0
1777889463.7253325,10.0,-3.0,-80.0
1777889463.7353325,7.0,-3.0,-80.0
1777889463.7453325,5.0,-4.0,-84.0
1777889463.7553325,3.0,-5.0,-83.0
1777889463.7653325,0.0,-3.0,-79.0
1777889463.7753325,-1.0,-3.0,-69.0
1777889463.7853324,1.0,-1.0,-65.0
1777889463.7953324,6.0,-3.0,-71.0
1777889463.8053324,1.0,-3.0,-78.0
1777889463.8153324,-3.0,0.0,-82.0
1777889463.8253324,-1.0,2.0,-80.0
1777889463.8353324,-3.0,1.0,-74.0
1777889463.8453324,-2.0,3.0,-79.0
1777889463.8553324,-3.0,2.0,-81.0
1777889463.8653324,-2.0,0.0,-79.0
1777889463.8753324,0.0,1.0,-77.0
1777889463.8853323,-1.0,0.0,-72.0
1777889463.8953323,-2.0,-1.0,-70.0
1777889463.9053323,3.0,0.0,-72.0
1777889463.9153323,4.0,0.0,-72.0
1777889463.9253323,0.0,-1.0,-72.0
1777889463.9353323,-2.0,-2.0,-73.0
1777889463.9453323,-2.0,-2.0,-72.0
1777889463.9553325,-1.0,-2.0,-72.0
1777889463.9653325,0.0,-4.0,-69.0
1777889463.9753325,-1.0,-5.0,-70.0
1777889463.9853325,-2.0,-7.0,-74.0
1777889463.9953325,-2.0,-12.0,-80.0
1777889464.0053325,3.0,-12.0,-80.0
1777889464.0153325,2.0,-7.0,-84.0
1777889464.0253325,5.0,-6.0,-76.0
1777889464.0353324,3.0,-7.0,-75.0
1777889464.0453324,1.0,-10.0,-74.0
1777889464.0553324,2.0,-13.0,-73.0
1777889464.0653324,2.0,-7.0,-68.0
1777889464.0753324,2.0,-9.0,-65.0
1777889464.0853324,1.0,-7.0,-67.0
1777889464.0953324,-1.0,-7.0,-73.0
1777889464.1053324,-3.0,-10.0,-72.0
1777889464.1153324,-1.0,-6.0,-69.0
1777889464.1253324,0.0,-4.0,-71.0
1777889464.1353323,1.0,-5.0,-73.0
1777889464.1453323,10.0,-3.0,-66.0
1777889464.1553323,13.0,1.0,-73.0
1777889464.1653323,8.0,1.0,-66.0
1777889464.1753323,4.0,0.0,-71.0
1777889464.1853323,-2.0,1.0,-80.0
1777889464.1953323,-6.0,-1.0,-86.0
1777889464.2053325,-2.0,-3.0,-89.0
1777889464.2153325,1.0,-1.0,-88.0
1777889464.2253325,3.0,0.0,-78.0
1777889464.2353325,0.0,0.0,-72.0
1777889464.2453325,-2.0,0.0,-74.0
1777889464.2553325,0.0,2.0,-72.0
1777889464.2653325,-3.0,0.0,-73.0
1777889464.2753325,-4.0,0.0,-73.0
1777889464.2853324,-5.0,-2.0,-75.0
1777889464.2953324,-2.0,0.0,-74.0
1777889464.3053324,-1.0,0.0,-70.0
1777889464.3153324,-2.0,-3.0,-70.0
1777889464.3253324,-5.0,-3.0,-78.0
1777889464.3353324,-6.0,0.0,-76.0
1777889464.3453324,-7.0,0.0,-77.0
1777889464.3553324,-5.0,-3.0,-72.0
1777889464.3653324,-3.0,-2.0,-72.0
1777889464.3753324,1.0,0.0,-73.0
1777889464.3853323,3.0,0.0,-80.0
1777889464.3953323,4.0,0.0,-76.0
1777889464.4053323,3.0,5.0,-76.0
1777889464.4153323,5.0,0.0,-80.0
1777889464.4253323,6.0,3.0,-88.0
1777889464.4353323,2.0,3.0,-88.0
1777889464.4453323,4.0,4.0,-84.0
1777889464.4553325,7.0,4.0,-82.0
1777889464.4653325,9.0,2.0,-79.0
1777889464.4753325,1.0,5.0,-75.0
1777889464.4853325,1.0,3.0,-69.0
1777889464.4953325,1.0,4.0,-70.0
1777889464.5053325,0.0,2.0,-76.0
1777889464.5153325,-2.0,2.0,-77.0
1777889464.5253325,-3.0,1.0,-79.0
1777889464.5353324,-1.0,2.0,-85.0
1777889464.5453324,-4.0,2.0,-88.0
1777889464.5553324,-3.0,1.0,-83.0
1777889464.5653324,-2.0,1.0,-76.0
1777889464.5753324,-5.0,1.0,-76.0
1777889464.5853324,-5.0,1.0,-74.0
1777889464.5953324,-5.0,1.0,-70.0
1777889464.6053324,-3.0,-1.0,-70.0
1777889464.6153324,-4.0,2.0,-72.0
1777889464.6253324,-1.0,4.0,-71.0
1777889464.6353323,-2.0,3.0,-77.0
1777889464.6453323,1.0,1.0,-74.0
1777889464.6553323,5.0,3.0,-74.0
1777889464.6653323,6.0,2.0,-79.0
1777889464.6753323,2.0,2.0,-83.0
1777889464.6853323,4.0,3.0,-76.0
1777889464.6953323,7.0,4.0,-74.0
1777889464.7053325,4.0,4.0,-66.0
1777889464.7153325,1.0,2.0,-73.0
1777889464.7253325,0.0,1.0,-66.0
1777889464.7353325,0.0,2.0,-67.0
1777889464.7453325,0.0,0.0,-76.0
1777889464.7553325,-2.0,0.0,-78.0
1777889464.7653325,0.0,0.0,-80.0
1777889464.7753325,2.0,0.0,-77.0
1777889464.7853324,3.0,-6.0,-80.0
1777889464.7953324,4.0,-1.0,-77.0
1777889464.8053324,3.0,-3.0,-77.0
1777889464.8153324,1.0,-3.0,-74.0
1777889464.8253324,0.0,0.0,-74.0
1777889464.8353324,0.0,1.0,-74.0
1777889464.8453324,2.0,0.0,-71.0
1777889464.8553324,4.0,0.0,-73.0
1777889464.8653324,3.0,0.0,-71.0
1777889464.8753324,5.0,-1.0,-69.0
1777889464.8853323,6.0,3.0,-71.0
1777889464.8963325,8.0,3.0,-70.0
1777889464.9053323,11.0,2.0,-73.0
1777889464.9153323,7.0,-1.0,-74.0
1777889464.9263325,5.0,-1.0,-69.0
1777889464.9363325,5.0,-2.0,-74.0
1777889464.9463325,0.0,-1.0,-71.0
1777889464.9563324,-2.0,-1.0,-68.0
1777889464.9663324,1.0,-2.0,-64.0
1777889464.9763324,3.0,-4.0,-67.0
1777889464.9863324,-2.0,-2.0,-63.0
1777889464.9963324,-2.0,0.0,-58.0
1777889465.0063324,-1.0,1.0,-64.0
1777889465.0163324,-4.0,3.0,-68.0
1777889465.0263324,-1.0,2.0,-68.0
1777889465.0363324,4.0,0.0,-72.0
1777889465.0463324,1.0,4.0,-72.0
1777889465.0563323,1.0,0.0,-67.0
1777889465.0663323,1.0,-3.0,-68.0
1777889465.0763323,3.0,-5.0,-78.0
1777889465.0863323,2.0,-7.0,-80.0
1777889465.0963323,1.0,-5.0,-86.0
1777889465.1063323,0.0,-3.0,-79.0
1777889465.1163323,-3.0,0.0,-77.0
1777889465.1263323,-6.0,1.0,-83.0
1777889465.1363325,-7.0,0.0,-80.0
1777889465.1463325,-2.0,0.0,-77.0
1777889465.1563325,0.0,0.0,-77.0
1777889465.1663325,3.0,2.0,-77.0
1777889465.1763325,2.0,4.0,-82.0
1777889465.1863325,2.0,5.0,-73.0
1777889465.1963325,0.0,4.0,-68.0
1777889465.2063324,2.0,3.0,-74.0
1777889465.2163324,4.0,1.0,-78.0
1777889465.2263324,6.0,0.0,-72.0
1777889465.2363324,2.0,0.0,-75.0
1777889465.2463324,5.0,2.0,-77.0
1777889465.2563324,7.0,4.0,-75.0
1777889465.2663324,7.0,0.0,-73.0
1777889465.2763324,5.0,2.0,-69.0
1777889465.2863324,4.0,0.0,-69.0
1777889465.2963324,2.0,0.0,-64.0
1777889465.3063323,1.0,1.0,-69.0
1777889465.3163323,2.0,4.0,-69.0
1777889465.3263323,1.0,5.0,-69.0
1777889465.3363323,3.0,8.0,-77.0
1777889465.3463323,3.0,12.0,-78.0
1777889465.3563323,0.0,9.0,-80.0
1777889465.3663323,1.0,3.0,-81.0
1777889465.3763323,4.0,4.0,-76.0
1777889465.3863325,2.0,2.0,-66.0
1777889465.3963325,0.0,0.0,-64.0
1777889465.4063325,-1.0,-1.0,-65.0
1777889465.4163325,-5.0,-2.0,-69.0
1777889465.4263325,-5.0,-1.0,-67.0
1777889465.4363325,-1.0,1.0,-69.0
1777889465.4463325,-3.0,0.0,-69.0
1777889465.4563324,-4.0,3.0,-70.0
1777889465.4663324,-3.0,4.0,-69.0
1777889465.4763324,-2.0,5.0,-81.0
1777889465.4863324,-1.0,0.0,-88.0
1777889465.4963324,0.0,-5.0,-82.0
1777889465.5063324,1.0,-1.0,-90.0
1777889465.5163324,0.0,-3.0,-84.0
1777889465.5263324,-3.0,-5.0,-84.0
1777889465.5363324,-4.0,-5.0,-87.0
1777889465.5463324,-7.0,0.0,-85.0
1777889465.5563323,-11.0,0.0,-80.0
1777889465.5663323,-8.0,1.0,-78.0
1777889465.5763323,-3.0,7.0,-77.0
1777889465.5863323,0.0,7.0,-78.0
1777889465.5963323,5.0,5.0,-77.0
1777889465.6063323,5.0,3.0,-75.0
1777889465.6163323,4.0,4.0,-76.0
1777889465.6263323,2.0,5.0,-78.0
1777889465.6363325,5.0,7.0,-74.0
1777889465.6463325,4.0,6.0,-70.0
1777889465.6563325,6.0,9.0,-77.0
1777889465.6663325,2.0,6.0,-81.0
1777889465.6763325,1.0,5.0,-78.0
1777889465.6863325,3.0,2.0,-79.0
1777889465.6963325,1.0,4.0,-76.0
1777889465.7063324,5.0,8.0,-69.0
1777889465.7163324,5.0,8.0,-64.0
1777889465.7263324,4.0,2.0,-63.0
1777889465.7363324,1.0,0.0,-63.0
1777889465.7463324,-4.0,0.0,-72.0
1777889465.7563324,-5.0,3.0,-72.0
1777889465.7663324,0.0,-2.0,-77.0
1777889465.7763324,5.0,0.0,-79.0
1777889465.7863324,6.0,1.0,-82.0
1777889465.7963324,7.0,0.0,-75.0
1777889465.8063323,6.0,0.0,-73.0
1777889465.8163323,1.0,4.0,-77.0
1777889465.8263323,-3.0,6.0,-75.0
1777889465.8363323,-5.0,1.0,-76.0
1777889465.8463323,-1.0,0.0,-73.0
1777889465.8563323,0.0,1.0,-66.0
1777889465.8663323,5.0,2.0,-72.0
1777889465.8763323,10.0,0.0,-75.0
1777889465.8863325,10.0,-1.0,-74.0
1777889465.8963325,7.0,-2.0,-78.0
1777889465.9063325,5.0,0.0,-76.0
1777889465.9163325,3.0,0.0,-78.0
1777889465.9263325,2.0,3.0,-78.0
1777889465.9363325,-2.0,3.0,-76.0
1777889465.9463325,-6.0,2.0,-81.0
1777889465.9563324,-8.0,4.0,-80.0
1777889465.9663324,-6.0,0.0,-78.0
1777889465.9763324,-5.0,0.0,-69.0
1777889465.9863324,-3.0,4.0,-76.0
1777889465.9963324,0.0,0.0,-78.0
1777889466.0063324,0.0,-2.0,-77.0
1777889466.0163324,-3.0,-1.0,-78.0
1777889466.0263324,0.0,-1.0,-77.0
1777889466.0363324,-2.0,0.0,-76.0
1777889466.0463324,2.0,0.0,-83.0
1777889466.0563323,2.0,3.0,-79.0
1777889466.0663323,0.0,3.0,-83.0
1777889466.0763323,0.0,3.0,-84.0
1777889466.0863323,-3.0,2.0,-87.0
1777889466.0963323,-2.0,-2.0,-86.0
1777889466.1063323,3.0,-2.0,-83.0
1777889466.1163323,-4.0,0.0,-82.0
1777889466.1263323,-4.0,-1.0,-79.0
1777889466.1363325,-2.0,-1.0,-78.0
1777889466.1463325,0.0,-2.0,-76.0
1777889466.1563325,-1.0,1.0,-78.0
1777889466.1663325,0.0,6.0,-76.0
1777889466.1763325,2.0,4.0,-82.0
1777889466.1863325,0.0,5.0,-88.0
1777889466.1963325,-2.0,6.0,-85.0
1777889466.2063324,0.0,6.0,-81.0
1777889466.2163324,3.0,5.0,-73.0
1777889466.2263324,3.0,9.0,-74.0
1777889466.2363324,5.0,7.0,-78.0
1777889466.2463324,6.0,4.0,-78.0
1777889466.2563324,6.0,1.0,-79.0
1777889466.2663324,4.0,0.0,-76.0
1777889466.2763324,2.0,0.0,-76.0
1777889466.2863324,2.0,0.0,-79.0
1777889466.2963324,2.0,0.0,-80.0
1777889466.3063323,0.0,4.0,-80.0
1777889466.3163323,0.0,1.0,-86.0
1777889466.3263323,1.0,3.0,-87.0
1777889466.3363323,-3.0,5.0,-90.0
1777889466.3463323,-1.0,2.0,-83.0
1777889466.3563323,0.0,4.0,-75.0
1777889466.3663323,6.0,7.0,-75.0
1777889466.3763323,6.0,8.0,-73.0
1777889466.3863325,-2.0,5.0,-75.0
1777889466.3963325,-3.0,6.0,-71.0
1777889466.4063325,-1.0,7.0,-70.0
1777889466.4163325,0.0,4.0,-71.0
1777889466.4263325,-1.0,6.0,-72.0
1777889466.4363325,-3.0,2.0,-69.0
1777889466.4463325,-3.0,-1.0,-64.0
1777889466.4563324,3.0,-2.0,-68.0
1777889466.4663324,8.0,-6.0,-70.0
1777889466.4763324,5.0,-6.0,-71.0
1777889466.4863324,1.0,0.0,-72.0
1777889466.4963324,4.0,2.0,-69.0
1777889466.5063324,8.0,0.0,-73.0
1777889466.5163324,4.0,-4.0,-73.0
1777889466.5263324,6.0,-2.0,-70.0
1777889466.5363324,5.0,-1.0,-74.0
1777889466.5463324,1.0,-2.0,-81.0
1777889466.5563323,-3.0,-2.0,-85.0
1777889466.5663323,-3.0,-5.0,-86.0
1777889466.5763323,-4.0,-6.0,-79.0
1777889466.5863323,0.0,-1.0,-74.0
1777889466.5963323,0.0,2.0,-75.0
1777889466.6063323,1.0,0.0,-78.0
1777889466.6163323,1.0,-2.0,-79.0
1777889466.6263323,2.0,-3.0,-82.0
1777889466.6363325,4.0,-7.0,-82.0
1777889466.6463325,3.0,-1.0,-77.0
1777889466.6563325,1.0,4.0,-76.0
1777889466.6663325,3.0,1.0,-72.0
1777889466.6763325,10.0,2.0,-74.0
1777889466.6863325,4.0,5.0,-76.0
1777889466.6963325,6.0,5.0,-80.0
1777889466.7063324,7.0,1.0,-77.0
1777889466.7163324,6.0,-6.0,-71.0
1777889466.7263324,1.0,-4.0,-73.0
1777889466.7363324,0.0,-3.0,-73.0
1777889466.7463324,-1.0,0.0,-72.0
1777889466.7563324,3.0,0.0,-71.0
1777889466.7663324,6.0,-2.0,-67.0
1777889466.7763324,1.0,-5.0,-68.0
1777889466.7863324,1.0,-6.0,-74.0
1777889466.7963324,1.0,-1.0,-70.0
1777889466.8063323,3.0,-3.0,-67.0
1777889466.8163323,0.0,-2.0,-75.0
1777889466.8263323,0.0,-5.0,-75.0
1777889466.8363323,1.0,-5.0,-73.0
1777889466.8463323,0.0,-2.0,-72.0
1777889466.8563323,1.0,0.0,-71.0
1777889466.8663323,1.0,-3.0,-75.0
1777889466.8763323,0.0,0.0,-76.0
1777889466.8863325,3.0,0.0,-79.0
1777889466.8973324,3.0,-2.0,-79.0
1777889466.9063325,1.0,-1.0,-86.0
1777889466.9163325,2.0,0.0,-89.0
1777889466.9273324,0.0,-2.0,-89.0
1777889466.9373324,5.0,0.0,-86.0
1777889466.9473324,7.0,3.0,-88.0
1777889466.9573324,6.0,2.0,-80.0
1777889466.9673324,4.0,0.0,-79.0
1777889466.9773324,6.0,5.0,-79.0
1777889466.9873323,1.0,4.0,-73.0
1777889466.9973323,2.0,0.0,-64.0
1777889467.0073323,2.0,0.0,-70.0
1777889467.0173323,0.0,3.0,-83.0
1777889467.0273323,0.0,1.0,-86.0
1777889467.0373323,-2.0,0.0,-85.0
1777889467.0473323,0.0,-1.0,-83.0
1777889467.0573325,-1.0,-2.0,-90.0
1777889467.0673325,-5.0,-3.0,-95.0
1777889467.0773325,-5.0,-4.0,-88.0
1777889467.0873325,-2.0,-6.0,-80.0
1777889467.0973325,-4.0,-8.0,-81.0
1777889467.1073325,0.0,-5.0,-78.0
1777889467.1173325,2.0,-4.0,-78.0
1777889467.1273324,4.0,-5.0,-84.0
1777889467.1373324,3.0,-3.0,-78.0
1777889467.1473324,4.0,0.0,-79.0
1777889467.1573324,2.0,0.0,-77.0
1777889467.1673324,5.0,6.0,-77.0
1777889467.1773324,7.0,5.0,-78.0
1777889467.1873324,5.0,1.0,-78.0
1777889467.1973324,0.0,2.0,-71.0
1777889467.2073324,-1.0,3.0,-74.0
1777889467.2173324,-1.0,2.0,-76.0
1777889467.2273324,-1.0,1.0,-66.0
1777889467.2373323,-3.0,3.0,-69.0
1777889467.2473323,-4.0,2.0,-76.0
1777889467.2573323,-5.0,-2.0,-76.0
1777889467.2673323,-6.0,-1.0,-77.0
1777889467.2773323,-6.0,1.0,-79.0
1777889467.2873323,-8.0,0.0,-87.0
1777889467.2973323,-6.0,2.0,-85.0
1777889467.3073325,-5.0,7.0,-89.0
1777889467.3173325,-2.0,6.0,-83.0
1777889467.3273325,-6.0,0.0,-80.0
1777889467.3373325,-4.0,-1.0,-81.0
1777889467.3473325,-1.0,0.0,-82.0
1777889467.3573325,-2.0,-4.0,-84.0
1777889467.3673325,7.0,-7.0,-86.0
1777889467.3773324,8.0,-7.0,-83.0
1777889467.3873324,10.0,-6.0,-85.0
1777889467.3973324,12.0,-4.0,-87.0
1777889467.4073324,11.0,-3.0,-85.0
1777889467.4173324,9.0,0.0,-78.0
1777889467.4273324,2.0,1.0,-71.0
1777889467.4373324,2.0,-2.0,-73.0
1777889467.4473324,6.0,-2.0,-79.0
1777889467.4573324,6.0,0.0,-82.0
1777889467.4673324,3.0,0.0,-80.0
1777889467.4773324,-2.0,-2.0,-83.0
1777889467.4873323,-3.0,-4.0,-79.0
1777889467.4973323,-2.0,-4.0,-78.0
1777889467.5073323,-2.0,-2.0,-74.0
1777889467.5173323,-5.0,-3.0,-74.0
1777889467.5273323,-3.0,-6.0,-81.0
1777889467.5373323,0.0,-1.0,-80.0
1777889467.5473323,0.0,-1.0,-81.0
1777889467.5573325,1.0,1.0,-79.0
1777889467.5673325,-1.0,-1.0,-77.0
1777889467.5773325,0.0,-4.0,-74.0
1777889467.5873325,2.0,-3.0,-76.0
1777889467.5973325,-2.0,-2.0,-74.0
1777889467.6073325,-1.0,0.0,-69.0
1777889467.6173325,3.0,1.0,-74.0
1777889467.6273324,2.0,-1.0,-76.0
1777889467.6373324,6.0,-2.0,-75.0
1777889467.6473324,10.0,-5.0,-73.0
1777889467.6573324,9.0,-7.0,-77.0
1777889467.6673324,14.0,-3.0,-79.0
1777889467.6773324,10.0,0.0,-77.0
1777889467.6873324,7.0,0.0,-78.0
1777889467.6973324,4.0,1.0,-75.0
1777889467.7073324,6.0,2.0,-77.0
1777889467.7173324,3.0,1.0,-77.0
1777889467.7273324,0.0,1.0,-76.0
1777889467.7373323,0.0,0.0,-76.0
1777889467.7473323,1.0,0.0,-74.0
1777889467.7573323,5.0,-2.0,-73.0
1777889467.7673323,-1.0,-4.0,-71.0
1777889467.7773323,0.0,-3.0,-66.0
1777889467.7873323,-3.0,-1.0,-70.0
1777889467.7973323,0.0,0.0,-71.0
1777889467.8073325,-4.0,0.0,-72.0
1777889467.8173325,-1.0,0.0,-63.0
1777889467.8273325,-5.0,-4.0,-65.0
1777889467.8373325,-3.0,-4.0,-72.0
1777889467.8473325,-4.0,-9.0,-79.0
1777889467.8573325,-2.0,-4.0,-82.0
1777889467.8673325,1.0,-1.0,-81.0
1777889467.8773324,4.0,0.0,-78.0
1777889467.8873324,8.0,-2.0,-79.0
1777889467.8973324,8.0,-2.0,-76.0
1777889467.9073324,7.0,-2.0,-76.0
1777889467.9173324,6.0,-3.0,-79.0
1777889467.9273324,7.0,-3.0,-78.0
1777889467.9373324,5.0,3.0,-68.0
1777889467.9473324,2.0,3.0,-69.0
1777889467.9573324,6.0,3.0,-72.0
1777889467.9673324,8.0,4.0,-70.0
1777889467.9773324,5.0,0.0,-73.0
1777889467.9873323,6.0,0.0,-85.0
1777889467.9973323,10.0,0.0,-82.0
1777889468.0073323,5.0,-1.0,-74.0
1777889468.0173323,4.0,-5.0,-67.0
1777889468.0273323,-1.0,-5.0,-70.0
1777889468.0373323,-5.0,-1.0,-76.0
1777889468.0473323,0.0,0.0,-79.0
1777889468.0573325,1.0,3.0,-79.0
1777889468.0673325,0.0,3.0,-88.0
1777889468.0773325,-4.0,1.0,-84.0
1777889468.0873325,-7.0,2.0,-86.0
1777889468.0973325,-6.0,-2.0,-83.0
1777889468.1073325,-2.0,0.0,-77.0
1777889468.1173325,4.0,-2.0,-73.0
1777889468.1273324,11.0,-3.0,-75.0
1777889468.1373324,6.0,0.0,-78.0
1777889468.1473324,2.0,0.0,-77.0
1777889468.1573324,3.0,0.0,-77.0
1777889468.1673324,7.0,0.0,-76.0
1777889468.1773324,3.0,1.0,-79.0
1777889468.1873324,-2.0,1.0,-79.0
1777889468.1973324,-4.0,0.0,-69.0
1777889468.2073324,-3.0,0.0,-64.0
1777889468.2173324,1.0,1.0,-63.0
1777889468.2273324,7.0,1.0,-63.0
1777889468.2373323,7.0,1.0,-71.0
1777889468.2473323,5.0,-1.0,-70.0
1777889468.2573323,6.0,-3.0,-72.0
1777889468.2673323,4.0,-6.0,-75.0
1777889468.2773323,3.0,3.0,-82.0
1777889468.2873323,4.0,3.0,-85.0
1777889468.2973323,0.0,3.0,-86.0
1777889468.3073325,0.0,1.0,-86.0
1777889468.3183324,3.0,0.0,-90.0
1777889468.3273325,0.0,0.0,-88.0
1777889468.3373325,0.0,0.0,-82.0
1777889468.3473325,-4.0,1.0,-79.0
1777889468.3573325,-6.0,-1.0,-79.0
1777889468.3673325,-6.0,-1.0,-77.0
1777889468.3773324,-6.0,1.0,-77.0
1777889468.3873324,-3.0,2.0,-72.0
1777889468.3973324,-1.0,2.0,-67.0
1777889468.4073324,0.0,2.0,-70.0
1777889468.4173324,0.0,0.0,-72.0
1777889468.4273324,4.0,2.0,-79.0
1777889468.4373324,2.0,2.0,-73.0
1777889468.4473324,-1.0,2.0,-69.0
1777889468.4573324,0.0,2.0,-70.0
1777889468.4673324,0.0,0.0,-68.0
1777889468.4773324,-2.0,-4.0,-75.0
1777889468.4873323,-1.0,-5.0,-82.0
1777889468.4973323,2.0,-6.0,-86.0
1777889468.5073323,3.0,-5.0,-90.0
1777889468.5173323,3.0,-6.0,-91.0
1777889468.5273323,1.0,-6.0,-88.0
1777889468.5373323,-1.0,-8.0,-85.0
1777889468.5473323,-2.0,-5.0,-79.0
1777889468.5573325,0.0,-3.0,-81.0
1777889468.5673325,4.0,-1.0,-83.0
1777889468.5773325,5.0,2.0,-72.0
1777889468.5873325,7.0,1.0,-75.0
1777889468.5973325,9.0,2.0,-78.0
1777889468.6073325,5.0,3.0,-79.0
1777889468.6173325,1.0,-2.0,-76.0
1777889468.6273324,1.0,-2.0,-73.0
1777889468.6373324,0.0,-1.0,-76.0
1777889468.6473324,0.0,-2.0,-72.0
1777889468.6573324,-3.0,-2.0,-74.0
1777889468.6673324,0.0,-4.0,-75.0
1777889468.6773324,0.0,0.0,-80.0
1777889468.6873324,-1.0,-1.0,-78.0
1777889468.6973324,0.0,0.0,-76.0
1777889468.7073324,-3.0,3.0,-70.0
1777889468.7173324,-4.0,1.0,-67.0
1777889468.7273324,-7.0,1.0,-69.0
1777889468.7373323,-2.0,1.0,-69.0
1777889468.7473323,0.0,1.0,-73.0
1777889468.7573323,5.0,2.0,-76.0
1777889468.7673323,7.0,0.0,-83.0
1777889468.7773323,6.0,-2.0,-83.0
1777889468.7873323,4.0,-2.0,-74.0
1777889468.7973323,-1.0,-3.0,-74.0
1777889468.8073325,1.0,-4.0,-68.0
1777889468.8173325,0.0,-2.0,-65.0
1777889468.8273325,0.0,0.0,-69.0
1777889468.8373325,2.0,1.0,-70.0
1777889468.8473325,1.0,3.0,-71.0
1777889468.8573325,2.0,1.0,-69.0
1777889468.8683324,1.0,-1.0,-72.0
1777889468.8773324,7.0,-3.0,-70.0
1777889468.8883324,3.0,-3.0,-71.0
1777889468.8983324,0.0,-4.0,-73.0
1777889468.9083323,2.0,-1.0,-72.0
1777889468.9183323,2.0,0.0,-73.0
1777889468.9283323,3.0,0.0,-80.0
1777889468.9383323,1.0,-2.0,-77.0
1777889468.9483323,-1.0,-4.0,-74.0
1777889468.9583323,0.0,-4.0,-69.0
1777889468.9683323,0.0,-6.0,-72.0
1777889468.9783323,2.0,-6.0,-70.0
1777889468.9883325,5.0,0.0,-68.0
1777889468.9983325,5.0,-1.0,-66.0
1777889469.0083325,4.0,-6.0,-72.0
1777889469.0183325,4.0,-6.0,-69.0
1777889469.0283325,6.0,-4.0,-70.0
1777889469.0383325,4.0,0.0,-74.0
1777889469.0483325,3.0,0.0,-77.0
1777889469.0583324,2.0,1.0,-78.0
1777889469.0683324,0.0,0.0,-78.0
1777889469.0783324,1.0,-4.0,-78.0
1777889469.0883324,4.0,0.0,-83.0
1777889469.0983324,9.0,-3.0,-82.0
1777889469.1083324,7.0,-5.0,-72.0
1777889469.1183324,9.0,-5.0,-69.0
1777889469.1283324,11.0,-4.0,-67.0
1777889469.1383324,9.0,0.0,-70.0
1777889469.1483324,8.0,2.0,-62.0
1777889469.1583323,1.0,2.0,-65.0
1777889469.1683323,-2.0,1.0,-64.0
1777889469.1783323,0.0,2.0,-67.0
1777889469.1883323,0.0,4.0,-70.0
1777889469.1983323,-6.0,6.0,-71.0
1777889469.2083323,-2.0,4.0,-70.0
1777889469.2183323,-1.0,4.0,-75.0
1777889469.2283323,0.0,5.0,-69.0
1777889469.2383325,1.0,3.0,-74.0
1777889469.2483325,3.0,-2.0,-79.0
1777889469.2583325,0.0,-5.0,-76.0
1777889469.2683325,1.0,-3.0,-75.0
1777889469.2783325,2.0,-2.0,-80.0
1777889469.2883325,3.0,-1.0,-83.0
1777889469.2983325,0.0,-7.0,-85.0
1777889469.3083324,0.0,-9.0,-76.0
1777889469.3183324,-3.0,-9.0,-75.0
1777889469.3283324,-3.0,-2.0,-81.0
1777889469.3383324,0.0,-2.0,-84.0
1777889469.3483324,1.0,-1.0,-85.0
1777889469.3583324,2.0,0.0,-83.0
1777889469.3683324,-2.0,-1.0,-81.0
1777889469.3783324,-4.0,-4.0,-75.0
1777889469.3883324,-3.0,-5.0,-82.0
1777889469.3983324,-5.0,-3.0,-80.0
1777889469.4083323,-5.0,-3.0,-83.0
1777889469.4183323,-5.0,-4.0,-84.0
1777889469.4283323,-3.0,-1.0,-83.0
1777889469.4383323,-3.0,0.0,-86.0
1777889469.4483323,-3.0,0.0,-85.0
1777889469.4583323,0.0,0.0,-85.0
1777889469.4683323,1.0,3.0,-84.0
1777889469.4783323,0.0,5.0,-79.0
1777889469.4883325,3.0,1.0,-76.0
1777889469.4983325,4.0,2.0,-72.0
1777889469.5083325,0.0,0.0,-72.0
1777889469.5183325,2.0,0.0,-75.0
1777889469.5283325,6.0,2.0,-74.0
1777889469.5383325,8.0,0.0,-72.0
1777889469.5483325,7.0,-2.0,-71.0
1777889469.5583324,7.0,-5.0,-74.0
1777889469.5683324,8.0,-4.0,-71.0
1777889469.5783324,8.0,-1.0,-72.0
1777889469.5883324,8.0,0.0,-73.0
1777889469.5983324,8.0,-1.0,-71.0
1777889469.6083324,4.0,-2.0,-66.0
1777889469.6183324,1.0,-4.0,-68.0
1777889469.6283324,2.0,-7.0,-73.0
1777889469.6383324,0.0,-7.0,-71.0
1777889469.6483324,-1.0,-5.0,-75.0
1777889469.6583323,1.0,-2.0,-81.0
1777889469.6683323,-1.0,1.0,-81.0
1777889469.6783323,4.0,0.0,-77.0
1777889469.6883323,2.0,0.0,-76.0
1777889469.6983323,-2.0,2.0,-83.0
1777889469.7083323,-1.0,9.0,-81.0
1777889469.7183323,0.0,8.0,-75.0
1777889469.7283323,-1.0,5.0,-76.0
1777889469.7383325,3.0,7.0,-77.0
1777889469.7483325,4.0,6.0,-77.0
1777889469.7583325,2.0,7.0,-71.0
1777889469.7683325,1.0,6.0,-68.0
1777889469.7783325,5.0,3.0,-69.0
1777889469.7883325,3.0,3.0,-72.0
1777889469.7983325,2.0,1.0,-75.0
1777889469.8083324,1.0,-4.0,-79.0
1777889469.8183324,0.0,-8.0,-72.0
1777889469.8283324,2.0,-9.0,-74.0
1777889469.8383324,-2.0,-3.0,-81.0
1777889469.8483324,-1.0,-5.0,-82.0
1777889469.8583324,-1.0,-2.0,-81.0
1777889469.8683324,-1.0,0.0,-79.0
1777889469.8783324,0.0,1.0,-76.0
1777889469.8883324,2.0,3.0,-79.0
1777889469.8983324,2.0,0.0,-81.0
1777889469.9083323,2.0,1.0,-80.0
1777889469.9183323,5.0,0.0,-75.0
1777889469.9283323,6.0,1.0,-69.0
1777889469.9383323,5.0,-1.0,-62.0
1777889469.9483323,6.0,-3.0,-69.0
1777889469.9583323,9.0,-1.0,-70.0
1777889469.9683323,7.0,-3.0,-70.0
1777889469.9783323,7.0,-2.0,-76.0
1777889469.9883325,8.0,0.0,-79.0
1777889469.9983325,10.0,3.0,-75.0
1777889470.0083325,0.0,3.0,-70.0
1777889470.0183325,-4.0,1.0,-65.0
1777889470.0283325,-2.0,-4.0,-67.0
1777889470.0383325,-2.0,-6.0,-70.0
1777889470.0483325,-2.0,-10.0,-77.0
1777889470.0583324,-5.0,-11.0,-79.0
1777889470.0683324,-3.0,-8.0,-84.0
1777889470.0783324,-2.0,-6.0,-83.0
1777889470.0883324,2.0,-7.0,-86.0
1777889470.0983324,4.0,-7.0,-84.0
1777889470.1083324,4.0,-5.0,-85.0
1777889470.1183324,5.0,-5.0,-80.0
1777889470.1283324,10.0,-6.0,-81.0
1777889470.1383324,7.0,-12.0,-75.0
1777889470.1483324,2.0,-7.0,-81.0
1777889470.1583323,7.0,-4.0,-81.0
1777889470.1683323,5.0,-8.0,-84.0
1777889470.1783323,4.0,-9.0,-81.0
1777889470.1883323,5.0,-7.0,-75.0
1777889470.1983323,1.0,-3.0,-71.0
1777889470.2083323,1.0,-1.0,-67.0
1777889470.2183323,-4.0,-2.0,-67.0
1777889470.2283323,-6.0,-4.0,-72.0
1777889470.2383325,-2.0,-1.0,-72.0
1777889470.2483325,-2.0,2.0,-80.0
1777889470.2583325,-2.0,3.0,-83.0
1777889470.2683325,-5.0,5.0,-86.0
1777889470.2783325,0.0,4.0,-80.0
1777889470.2883325,1.0,6.0,-76.0
1777889470.2983325,0.0,4.0,-75.0
1777889470.3083324,-3.0,4.0,-75.0
1777889470.3183324,-3.0,3.0,-83.0
1777889470.3283324,-2.0,0.0,-84.0
1777889470.3383324,-1.0,-3.0,-78.0
1777889470.3483324,1.0,-1.0,-75.0
1777889470.3583324,6.0,-2.0,-77.0
1777889470.3683324,6.0,-1.0,-80.0
1777889470.3783324,2.0,5.0,-70.0
1777889470.3883324,-2.0,10.0,-70.0
1777889470.3983324,3.0,7.0,-62.0
1777889470.4083323,6.0,7.0,-65.0
1777889470.4183323,0.0,3.0,-73.0
1777889470.4283323,0.0,0.0,-71.0
1777889470.4383323,2.0,0.0,-71.0
1777889470.4493325,2.0,0.0,-72.0
1777889470.4583323,2.0,-2.0,-70.0
1777889470.4683323,1.0,0.0,-65.0
1777889470.4783323,-2.0,1.0,-62.0
1777889470.4883325,-5.0,-1.0,-70.0
1777889470.4983325,-2.0,-3.0,-81.0
1777889470.5083325,-3.0,-4.0,-72.0
1777889470.5183325,-5.0,-1.0,-71.0
1777889470.5283325,-7.0,0.0,-73.0
1777889470.5383325,-4.0,4.0,-70.0
1777889470.5483325,-2.0,6.0,-71.0
1777889470.5583324,-4.0,6.0,-70.0
1777889470.5683324,-3.0,6.0,-81.0
1777889470.5783324,-3.0,3.0,-81.0
1777889470.5883324,0.0,0.0,-73.0
1777889470.5983324,0.0,-5.0,-78.0
1777889470.6083324,3.0,-4.0,-81.0
1777889470.6183324,5.0,-1.0,-78.0
1777889470.6283324,9.0,1.0,-73.0
1777889470.6383324,8.0,0.0,-76.0
1777889470.6483324,4.0,1.0,-75.0
1777889470.6583323,6.0,0.0,-69.0
1777889470.6683323,0.0,-1.0,-67.0
1777889470.6783323,-1.0,-2.0,-67.0
1777889470.6883323,2.0,-6.0,-63.0
1777889470.6983323,2.0,-5.0,-67.0
1777889470.7083323,4.0,-6.0,-76.0
1777889470.7183323,3.0,-3.0,-84.0
1777889470.7283323,3.0,-3.0,-83.0
1777889470.7383325,6.0,-6.0,-82.0
1777889470.7483325,3.0,-6.0,-86.0
1777889470.7583325,0.0,-3.0,-90.0
1777889470.7683325,1.0,-6.0,-86.0
1777889470.7783325,1.0,-5.0,-86.0
1777889470.7883325,-5.0,-7.0,-90.0
1777889470.7983325,-5.0,-3.0,-79.0
1777889470.8083324,0.0,-1.0,-76.0
1777889470.8183324,2.0,1.0,-80.0
1777889470.8283324,8.0,5.0,-80.0
1777889470.8383324,7.0,0.0,-78.0
1777889470.8483324,7.0,3.0,-79.0
1777889470.8583324,2.0,1.0,-74.0
1777889470.8693323,5.0,1.0,-81.0
1777889470.8793323,4.0,2.0,-80.0
1777889470.8893323,4.0,3.0,-79.0
1777889470.8993323,2.0,0.0,-87.0
1777889470.9093325,-1.0,0.0,-85.0
1777889470.9193325,-4.0,-1.0,-81.0
1777889470.9293325,-2.0,-3.0,-87.0
1777889470.9393325,0.0,-2.0,-85.0
1777889470.9493325,-2.0,2.0,-82.0
1777889470.9593325,-6.0,0.0,-81.0
1777889470.9693325,-4.0,-1.0,-77.0
1777889470.9793324,-1.0,-1.0,-86.0
1777889470.9893324,1.0,-1.0,-87.0
1777889470.9993324,0.0,-4.0,-76.0
1777889471.0093324,-1.0,-3.0,-69.0
1777889471.0193324,-1.0,-2.0,-68.0
1777889471.0293324,-3.0,1.0,-73.0
1777889471.0393324,0.0,3.0,-74.0
1777889471.0493324,-1.0,4.0,-75.0
1777889471.0593324,1.0,2.0,-76.0
1777889471.0693324,2.0,2.0,-85.0
1777889471.0793324,4.0,0.0,-85.0
1777889471.0893323,6.0,0.0,-80.0
1777889471.0993323,8.0,1.0,-78.0
1777889471.1093323,6.0,1.0,-77.0
1777889471.1193323,5.0,-1.0,-77.0
1777889471.1293323,3.0,-1.0,-75.0
1777889471.1393323,1.0,-3.0,-88.0
1777889471.1493323,-1.0,-3.0,-88.0
1777889471.1593325,0.0,-3.0,-80.0
1777889471.1693325,2.0,-4.0,-77.0
1777889471.1793325,-1.0,-1.0,-69.0
1777889471.1893325,-2.0,-1.0,-69.0
1777889471.1993325,0.0,-2.0,-77.0
1777889471.2093325,-6.0,-4.0,-78.0
1777889471.2193325,-2.0,-2.0,-75.0
1777889471.2293324,-1.0,4.0,-79.0
1777889471.2393324,1.0,2.0,-82.0
1777889471.2493324,5.0,0.0,-93.0
1777889471.2593324,2.0,0.0,-89.0
1777889471.2693324,0.0,0.0,-87.0
1777889471.2793324,0.0,1.0,-85.0
1777889471.2893324,0.0,0.0,-83.0
1777889471.2993324,1.0,-3.0,-80.0
1777889471.3093324,3.0,-1.0,-77.0
1777889471.3193324,4.0,-1.0,-73.0
1777889471.3293324,1.0,-2.0,-73.0
1777889471.3393323,0.0,-1.0,-71.0
1777889471.3493323,0.0,-4.0,-71.0
1777889471.3593323,0.0,-1.0,-73.0
1777889471.3693323,0.0,1.0,-72.0
1777889471.3793323,0.0,4.0,-77.0
1777889471.3893323,-2.0,0.0,-82.0
1777889471.3993323,-5.0,1.0,-87.0
1777889471.4093325,-2.0,0.0,-87.0
1777889471.4193325,-4.0,-1.0,-83.0
1777889471.4293325,-3.0,0.0,-86.0
1777889471.4393325,-2.0,1.0,-90.0
1777889471.4493325,-4.0,0.0,-82.0
1777889471.4593325,1.0,0.0,-73.0
1777889471.4693325,2.0,0.0,-76.0
1777889471.4793324,2.0,-2.0,-70.0
1777889471.4893324,5.0,-3.0,-74.0
1777889471.4993324,8.0,-1.0,-79.0
1777889471.5093324,6.0,-1.0,-82.0
1777889471.5193324,3.0,-4.0,-83.0
1777889471.5293324,0.0,-4.0,-78.0
1777889471.5393324,0.0,-8.0,-86.0
1777889471.5493324,-1.0,-4.0,-87.0
1777889471.5593324,-6.0,-1.0,-85.0
1777889471.5693324,0.0,1.0,-78.0
1777889471.5793324,4.0,-1.0,-75.0
1777889471.5893323,1.0,-2.0,-68.0
1777889471.5993323,0.0,-5.0,-75.0
1777889471.6093323,0.0,-3.0,-74.0
1777889471.6193323,-10.0,-1.0,-71.0
1777889471.6293323,-8.0,0.0,-74.0
1777889471.6393323,-3.0,-3.0,-72.0
1777889471.6493323,-6.0,-4.0,-80.0
1777889471.6593325,-10.0,-3.0,-84.0
1777889471.6693325,-10.0,0.0,-76.0
1777889471.6793325,-9.0,0.0,-79.0
1777889471.6893325,-8.0,-2.0,-79.0
1777889471.6993325,-9.0,0.0,-84.0
1777889471.7093325,-7.0,1.0,-82.0
1777889471.7193325,-5.0,1.0,-76.0
1777889471.7293324,-2.0,0.0,-73.0
1777889471.7393324,-3.0,0.0,-72.0
1777889471.7493324,-1.0,-3.0,-75.0
1777889471.7593324,0.0,-1.0,-76.0
1777889471.7693324,1.0,-2.0,-74.0
1777889471.7793324,-2.0,-1.0,-76.0
1777889471.7893324,-3.0,-1.0,-73.0
1777889471.7993324,0.0,0.0,-73.0
1777889471.8093324,1.0,0.0,-80.0
1777889471.8193324,0.0,2.0,-85.0
1777889471.8293324,2.0,2.0,-91.0
1777889471.8393323,3.0,3.0,-87.0
1777889471.8493323,3.0,5.0,-82.0
1777889471.8593323,3.0,-1.0,-79.0
1777889471.8693323,3.0,0.0,-76.0
1777889471.8793323,0.0,-1.0,-77.0
1777889471.8893323,3.0,-1.0,-76.0
1777889471.8993323,6.0,-1.0,-73.0
1777889471.9093325,10.0,0.0,-72.0
1777889471.9193325,7.0,1.0,-69.0
1777889471.9293325,6.0,2.0,-69.0
1777889471.9393325,6.0,3.0,-69.0
1777889471.9493325,7.0,2.0,-76.0
1777889471.9593325,7.0,1.0,-80.0
1777889471.9693325,3.0,4.0,-72.0
1777889471.9793324,4.0,3.0,-73.0
1777889471.9893324,2.0,0.0,-75.0
1777889471.9993324,7.0,-3.0,-80.0
1777889472.0093324,4.0,1.0,-74.0
1777889472.0193324,5.0,2.0,-68.0
1777889472.0293324,4.0,0.0,-66.0
1777889472.0393324,6.0,-1.0,-68.0
1777889472.0493324,4.0,0.0,-72.0
1777889472.0593324,2.0,0.0,-69.0
1777889472.0693324,1.0,1.0,-77.0
1777889472.0793324,0.0,0.0,-80.0
1777889472.0893323,3.0,0.0,-76.0
1777889472.0993323,2.0,0.0,-81.0
1777889472.1093323,3.0,0.0,-84.0
1777889472.1193323,4.0,1.0,-81.0
1777889472.1293323,7.0,0.0,-80.0
1777889472.1393323,4.0,0.0,-83.0
1777889472.1493323,2.0,0.0,-78.0
1777889472.1593325,-3.0,-1.0,-78.0
1777889472.1693325,0.0,-2.0,-76.0
1777889472.1793325,2.0,-3.0,-69.0
1777889472.1893325,0.0,-4.0,-67.0
1777889472.1993325,-4.0,-3.0,-69.0
1777889472.2093325,-4.0,1.0,-73.0
1777889472.2193325,1.0,2.0,-68.0
1777889472.2293324,3.0,-1.0,-63.0
1777889472.2393324,0.0,0.0,-64.0
1777889472.2493324,1.0,1.0,-68.0
1777889472.2593324,1.0,1.0,-70.0
1777889472.2693324,4.0,0.0,-84.0
1777889472.2793324,2.0,3.0,-86.0
1777889472.2893324,1.0,3.0,-90.0
1777889472.2993324,0.0,2.0,-87.0
1777889472.3093324,0.0,1.0,-82.0
1777889472.3193324,1.0,-1.0,-79.0
1777889472.3293324,-1.0,-5.0,-80.0
1777889472.3393323,-3.0,-6.0,-79.0
1777889472.3493323,-3.0,-5.0,-75.0
1777889472.3593323,-3.0,-6.0,-73.0
1777889472.3693323,-1.0,-3.0,-71.0
1777889472.3793323,-2.0,-1.0,-71.0
1777889472.3893323,-4.0,-2.0,-74.0
1777889472.3993323,-3.0,-4.0,-74.0
1777889472.4093325,0.0,-6.0,-74.0
1777889472.4193325,-3.0,-2.0,-74.0
1777889472.4293325,-4.0,0.0,-79.0
1777889472.4393325,-2.0,1.0,-73.0
1777889472.4493325,-3.0,0.0,-75.0
1777889472.4593325,-1.0,2.0,-81.0
1777889472.4693325,-4.0,4.0,-81.0
1777889472.4793324,-5.0,0.0,-83.0
1777889472.4893324,-1.0,-3.0,-76.0
1777889472.4993324,0.0,-6.0,-71.0
1777889472.5093324,-4.0,0.0,-75.0
1777889472.5193324,-4.0,0.0,-79.0
1777889472.5293324,-6.0,0.0,-78.0
1777889472.5393324,-2.0,-3.0,-75.0
1777889472.5493324,0.0,-7.0,-68.0
1777889472.5593324,2.0,-8.0,-60.0
1777889472.5693324,2.0,-7.0,-56.0
1777889472.5793324,0.0,-2.0,-61.0
1777889472.5893323,-1.0,-3.0,-65.0
1777889472.5993323,0.0,-5.0,-71.0
1777889472.6093323,-1.0,-6.0,-70.0
1777889472.6193323,-4.0,-4.0,-65.0
1777889472.6293323,-5.0,-4.0,-65.0
1777889472.6393323,-3.0,-1.0,-70.0
1777889472.6493323,0.0,0.0,-78.0
1777889472.6593325,0.0,3.0,-82.0
1777889472.6693325,0.0,3.0,-82.0
1777889472.6793325,-2.0,2.0,-76.0
1777889472.6893325,-2.0,-3.0,-70.0
1777889472.6993325,-2.0,-1.0,-71.0
1777889472.7093325,-4.0,0.0,-75.0
1777889472.7193325,-4.0,0.0,-76.0
1777889472.7293324,-7.0,-2.0,-73.0
1777889472.7393324,-3.0,1.0,-76.0
1777889472.7493324,-2.0,4.0,-78.0
1777889472.7593324,-2.0,5.0,-75.0
1777889472.7693324,0.0,0.0,-76.0
1777889472.7793324,-1.0,1.0,-72.0
1777889472.7893324,-2.0,0.0,-71.0
1777889472.7993324,-1.0,-4.0,-69.0
1777889472.8093324,0.0,-2.0,-75.0
1777889472.8193324,1.0,-3.0,-76.0
1777889472.8293324,0.0,-3.0,-74.0
1777889472.8403325,5.0,-5.0,-81.0
1777889472.8503325,8.0,-7.0,-93.0
1777889472.8603325,5.0,-8.0,-88.0
1777889472.8703325,1.0,-8.0,-83.0
1777889472.8803325,5.0,-11.0,-90.0
1777889472.8903325,2.0,-7.0,-85.0
1777889472.9003325,2.0,-4.0,-89.0
1777889472.9103324,1.0,-1.0,-80.0
1777889472.9203324,-1.0,-3.0,-83.0
1777889472.9303324,0.0,0.0,-85.0
1777889472.9403324,4.0,2.0,-82.0
1777889472.9503324,0.0,2.0,-79.0
1777889472.9603324,3.0,4.0,-82.0
1777889472.9703324,7.0,2.0,-79.0
1777889472.9803324,7.0,0.0,-77.0
1777889472.9903324,10.0,1.0,-77.0
1777889473.0003324,8.0,6.0,-85.0
1777889473.0103323,1.0,7.0,-88.0
1777889473.0203323,3.0,0.0,-85.0
1777889473.0303323,4.0,-4.0,-81.0
1777889473.0403323,8.0,2.0,-77.0
1777889473.0503323,10.0,2.0,-77.0
1777889473.0603323,8.0,1.0,-75.0
1777889473.0703323,8.0,3.0,-74.0
1777889473.0803325,7.0,0.0,-74.0
1777889473.0903325,5.0,0.0,-73.0
1777889473.1003325,0.0,0.0,-80.0
1777889473.1103325,1.0,0.0,-85.0
1777889473.1203325,3.0,-3.0,-81.0
1777889473.1313324,0.0,-4.0,-80.0
1777889473.1403325,0.0,-4.0,-81.0
1777889473.1503325,0.0,-2.0,-74.0
1777889473.1603324,0.0,-3.0,-76.0
1777889473.1703324,-1.0,-6.0,-79.0
1777889473.1803324,3.0,-6.0,-75.0
1777889473.1903324,4.0,-6.0,-75.0
1777889473.2003324,5.0,1.0,-81.0
1777889473.2103324,-2.0,0.0,-87.0
1777889473.2203324,0.0,-3.0,-88.0
1777889473.2303324,-2.0,-5.0,-90.0
1777889473.2403324,-1.0,-2.0,-89.0
1777889473.2503324,-3.0,-3.0,-84.0
1777889473.2603323,-5.0,-3.0,-87.0
1777889473.2703323,-7.0,0.0,-85.0
1777889473.2803323,-5.0,0.0,-87.0
1777889473.2903323,-2.0,0.0,-80.0
1777889473.3003323,-1.0,-1.0,-79.0
1777889473.3103323,0.0,-4.0,-76.0
1777889473.3203323,-2.0,-3.0,-67.0
1777889473.3303325,-2.0,-4.0,-66.0
1777889473.3403325,-2.0,-4.0,-64.0
1777889473.3503325,-5.0,-4.0,-63.0
1777889473.3603325,-4.0,0.0,-67.0
1777889473.3703325,-4.0,-1.0,-68.0
1777889473.3803325,-5.0,-1.0,-72.0
1777889473.3903325,-6.0,-3.0,-72.0
1777889473.4003325,-10.0,-2.0,-68.0
1777889473.4103324,-7.0,-3.0,-68.0
1777889473.4203324,-3.0,0.0,-73.0
1777889473.4303324,-6.0,2.0,-74.0
1777889473.4403324,-2.0,6.0,-69.0
1777889473.4503324,0.0,4.0,-70.0
1777889473.4603324,0.0,3.0,-71.0
1777889473.4703324,4.0,5.0,-73.0
1777889473.4803324,6.0,4.0,-75.0
1777889473.4903324,2.0,4.0,-76.0
1777889473.5003324,-1.0,0.0,-73.0
1777889473.5103323,-3.0,1.0,-71.0
1777889473.5203323,-2.0,4.0,-65.0
1777889473.5303323,-3.0,1.0,-64.0
1777889473.5403323,0.0,-1.0,-62.0
1777889473.5503323,-1.0,-2.0,-64.0
1777889473.5603323,0.0,-4.0,-67.0
1777889473.5703323,0.0,-7.0,-71.0
1777889473.5803325,3.0,-5.0,-74.0
1777889473.5903325,6.0,-4.0,-82.0
1777889473.6003325,8.0,-3.0,-82.0
1777889473.6103325,7.0,-4.0,-79.0
1777889473.6203325,5.0,-5.0,-77.0
1777889473.6303325,0.0,-1.0,-77.0
1777889473.6403325,-1.0,0.0,-73.0
1777889473.6503325,-1.0,3.0,-75.0
1777889473.6603324,-2.0,0.0,-79.0
1777889473.6703324,-2.0,0.0,-79.0
1777889473.6803324,2.0,1.0,-77.0
1777889473.6903324,0.0,4.0,-76.0
1777889473.7003324,2.0,3.0,-79.0
1777889473.7103324,0.0,7.0,-79.0
1777889473.7203324,-2.0,2.0,-76.0
1777889473.7303324,0.0,2.0,-69.0
1777889473.7403324,4.0,3.0,-67.0
1777889473.7503324,4.0,2.0,-63.0
1777889473.7603323,1.0,1.0,-62.0
1777889473.7703323,-1.0,2.0,-61.0
1777889473.7803323,-3.0,2.0,-61.0
1777889473.7903323,0.0,0.0,-63.0
1777889473.8003323,0.0,-2.0,-61.0
1777889473.8103323,4.0,-2.0,-66.0
1777889473.8203323,0.0,-1.0,-70.0
1777889473.8303325,3.0,-2.0,-66.0
1777889473.8403325,3.0,-2.0,-68.0
1777889473.8503325,7.0,0.0,-68.0
1777889473.8603325,3.0,5.0,-71.0
1777889473.8703325,4.0,3.0,-74.0
1777889473.8803325,0.0,4.0,-74.0
1777889473.8903325,3.0,6.0,-76.0
1777889473.9003325,4.0,2.0,-80.0
1777889473.9103324,2.0,4.0,-86.0
1777889473.9203324,3.0,6.0,-87.0
1777889473.9303324,3.0,6.0,-82.0
1777889473.9403324,1.0,3.0,-74.0
1777889473.9503324,6.0,0.0,-69.0
1777889473.9603324,9.0,-1.0,-68.0
1777889473.9703324,5.0,0.0,-80.0
1777889473.9803324,7.0,2.0,-83.0
1777889473.9903324,2.0,4.0,-87.0
1777889474.0003324,1.0,4.0,-82.0
1777889474.0103323,3.0,2.0,-79.0
1777889474.0203323,8.0,0.0,-83.0
1777889474.0303323,5.0,-1.0,-78.0
1777889474.0403323,0.0,-3.0,-79.0
1777889474.0503323,-1.0,-7.0,-76.0
1777889474.0603323,-4.0,-9.0,-82.0
1777889474.0703323,-2.0,-9.0,-79.0
1777889474.0803325,0.0,-3.0,-80.0
1777889474.0903325,3.0,0.0,-76.0
1777889474.1003325,6.0,-4.0,-82.0
1777889474.1103325,4.0,0.0,-87.0
1777889474.1203325,7.0,3.0,-84.0
1777889474.1303325,4.0,0.0,-84.0
1777889474.1403325,1.0,-1.0,-80.0
1777889474.1503325,0.0,-2.0,-82.0
1777889474.1603324,-1.0,-8.0,-80.0
1777889474.1703324,-1.0,-10.0,-81.0
1777889474.1803324,-5.0,-5.0,-79.0
1777889474.1903324,-4.0,-2.0,-81.0
1777889474.2003324,-1.0,-3.0,-77.0
1777889474.2103324,-4.0,-1.0,-79.0
1777889474.2203324,-4.0,-4.0,-79.0
1777889474.2303324,3.0,-3.0,-80.0
1777889474.2403324,3.0,-2.0,-80.0
1777889474.2503324,3.0,-3.0,-87.0
1777889474.2603323,4.0,-5.0,-82.0
1777889474.2703323,4.0,0.0,-84.0
1777889474.2803323,7.0,2.0,-87.0
1777889474.2903323,6.0,5.0,-87.0
1777889474.3003323,6.0,4.0,-87.0
1777889474.3103323,2.0,1.0,-85.0
1777889474.3203323,2.0,1.0,-82.0
1777889474.3303325,-1.0,3.0,-77.0
1777889474.3403325,1.0,0.0,-72.0
1777889474.3503325,0.0,-6.0,-75.0
1777889474.3603325,5.0,-2.0,-73.0
1777889474.3703325,4.0,-3.0,-78.0
1777889474.3803325,0.0,-3.0,-78.0
1777889474.3903325,-5.0,0.0,-79.0
1777889474.4003325,-2.0,-1.0,-77.0
1777889474.4103324,0.0,-5.0,-72.0
1777889474.4203324,4.0,-5.0,-77.0
1777889474.4303324,3.0,0.0,-79.0
1777889474.4403324,2.0,0.0,-86.0
1777889474.4503324,1.0,0.0,-80.0
1777889474.4603324,3.0,4.0,-75.0
1777889474.4703324,6.0,0.0,-77.0
1777889474.4803324,5.0,2.0,-86.0
1777889474.4903324,4.0,3.0,-82.0
1777889474.5003324,2.0,0.0,-89.0
1777889474.5103323,1.0,1.0,-88.0
1777889474.5203323,2.0,0.0,-89.0
1777889474.5303323,3.0,2.0,-87.0
1777889474.5403323,3.0,6.0,-79.0
1777889474.5503323,0.0,4.0,-81.0
1777889474.5603323,0.0,6.0,-83.0
1777889474.5703323,-1.0,5.0,-81.0
1777889474.5803325,0.0,4.0,-77.0
1777889474.5903325,0.0,7.0,-72.0
1777889474.6003325,0.0,6.0,-75.0
1777889474.6103325,2.0,1.0,-73.0
1777889474.6203325,2.0,-2.0,-73.0
1777889474.6303325,5.0,-5.0,-69.0
1777889474.6403325,3.0,-3.0,-73.0
1777889474.6503325,1.0,1.0,-72.0
1777889474.6603324,-1.0,0.0,-71.0
1777889474.6703324,-3.0,0.0,-72.0
1777889474.6803324,0.0,0.0,-77.0
1777889474.6903324,0.0,2.0,-83.0
1777889474.7003324,-2.0,7.0,-81.0
1777889474.7103324,0.0,7.0,-81.0
1777889474.7203324,0.0,5.0,-82.0
1777889474.7303324,2.0,3.0,-83.0
1777889474.7403324,5.0,3.0,-91.0
1777889474.7503324,4.0,11.0,-88.0
1777889474.7603323,6.0,9.0,-78.0
1777889474.7703323,6.0,8.0,-73.0
1777889474.7803323,0.0,5.0,-76.0
1777889474.7903323,-1.0,3.0,-80.0
1777889474.8013325,0.0,0.0,-83.0
1777889474.8103323,-1.0,-2.0,-77.0
1777889474.8213325,1.0,0.0,-77.0
1777889474.8313324,2.0,0.0,-71.0
1777889474.8413324,4.0,3.0,-68.0
1777889474.8513324,3.0,2.0,-74.0
1777889474.8613324,-2.0,2.0,-77.0
1777889474.8713324,0.0,-1.0,-78.0
1777889474.8813324,3.0,-4.0,-76.0
1777889474.8913324,2.0,0.0,-74.0
1777889474.9013324,2.0,4.0,-78.0
1777889474.9113324,1.0,1.0,-82.0
1777889474.9213324,-3.0,-2.0,-86.0
1777889474.9313323,-3.0,-2.0,-82.0
1777889474.9413323,-5.0,-4.0,-76.0
1777889474.9513323,-4.0,-7.0,-77.0
1777889474.9613323,-6.0,-10.0,-77.0
1777889474.9713323,-5.0,-7.0,-76.0
1777889474.9813323,0.0,-8.0,-83.0
1777889474.9913323,-7.0,-8.0,-85.0
1777889475.0013323,-6.0,-5.0,-87.0
1777889475.0113325,-1.0,-1.0,-81.0
1777889475.0213325,4.0,1.0,-80.0
1777889475.0313325,1.0,0.0,-89.0
1777889475.0413325,-2.0,-5.0,-85.0
1777889475.0513325,-1.0,-2.0,-78.0
1777889475.0613325,-1.0,0.0,-77.0
1777889475.0713325,-3.0,1.0,-78.0
1777889475.0813324,-2.0,4.0,-77.0
1777889475.0913324,-7.0,3.0,-75.0
1777889475.1013324,-1.0,2.0,-81.0
1777889475.1113324,3.0,3.0,-84.0
1777889475.1213324,0.0,-2.0,-84.0
1777889475.1313324,-1.0,-4.0,-75.0
1777889475.1413324,-1.0,-3.0,-70.0
1777889475.1513324,-2.0,-5.0,-70.0
1777889475.1613324,-5.0,-4.0,-71.0
1777889475.1713324,-3.0,-2.0,-72.0
1777889475.1813323,-1.0,-2.0,-66.0
1777889475.1913323,0.0,2.0,-67.0
1777889475.2013323,0.0,0.0,-76.0
1777889475.2113323,0.0,0.0,-75.0
1777889475.2213323,-1.0,-2.0,-83.0
1777889475.2313323,2.0,0.0,-81.0
1777889475.2413323,0.0,0.0,-76.0
1777889475.2513323,-1.0,1.0,-81.0
1777889475.2613325,0.0,0.0,-81.0
1777889475.2713325,1.0,1.0,-72.0
1777889475.2813325,4.0,1.0,-74.0
1777889475.2913325,2.0,2.0,-77.0
1777889475.3013325,2.0,-2.0,-75.0
1777889475.3113325,7.0,-8.0,-69.0
1777889475.3213325,5.0,-8.0,-69.0
1777889475.3313324,0.0,-7.0,-59.0
1777889475.3413324,2.0,-3.0,-60.0
1777889475.3513324,7.0,-1.0,-58.0
1777889475.3613324,9.0,-2.0,-62.0
1777889475.3713324,7.0,-2.0,-66.0
1777889475.3813324,8.0,-3.0,-68.0
1777889475.3913324,7.0,-5.0,-68.0
1777889475.4013324,7.0,-2.0,-66.0
1777889475.4113324,8.0,-2.0,-67.0
1777889475.4213324,8.0,-3.0,-71.0
1777889475.4313323,4.0,-5.0,-72.0
1777889475.4413323,5.0,-7.0,-70.0
1777889475.4513323,4.0,-7.0,-67.0
1777889475.4613323,0.0,-6.0,-74.0
1777889475.4713323,5.0,-5.0,-76.0
1777889475.4813323,6.0,-1.0,-76.0
1777889475.4913323,-1.0,-4.0,-78.0
1777889475.5013323,-2.0,-3.0,-79.0
1777889475.5113325,1.0,-3.0,-72.0
1777889475.5213325,4.0,0.0,-74.0
1777889475.5313325,0.0,0.0,-77.0
1777889475.5413325,0.0,-4.0,-72.0
1777889475.5513325,-2.0,-2.0,-75.0
1777889475.5613325,-8.0,-2.0,-76.0
1777889475.5713325,-7.0,-2.0,-73.0
1777889475.5813324,-5.0,0.0,-75.0
1777889475.5913324,0.0,0.0,-68.0
1777889475.6013324,0.0,-1.0,-71.0
1777889475.6113324,0.0,-1.0,-68.0
1777889475.6213324,2.0,0.0,-70.0
1777889475.6313324,5.0,-3.0,-75.0
1777889475.6413324,0.0,-4.0,-75.0
1777889475.6513324,-1.0,-1.0,-74.0
1777889475.6613324,-2.0,1.0,-71.0
1777889475.6713324,-2.0,5.0,-76.0
1777889475.6813323,-3.0,7.0,-85.0
1777889475.6913323,0.0,4.0,-83.0
1777889475.7013323,-2.0,2.0,-81.0
1777889475.7113323,1.0,8.0,-78.0
1777889475.7213323,2.0,5.0,-76.0
1777889475.7313323,5.0,1.0,-77.0
1777889475.7413323,6.0,5.0,-79.0
1777889475.7513323,0.0,4.0,-82.0
1777889475.7613325,-1.0,3.0,-78.0
1777889475.7713325,0.0,2.0,-73.0
1777889475.7813325,-2.0,4.0,-66.0
1777889475.7913325,-2.0,5.0,-61.0
1777889475.8013325,-2.0,3.0,-64.0
1777889475.8113325,1.0,-1.0,-72.0
1777889475.8213325,3.0,-1.0,-73.0
1777889475.8313324,5.0,4.0,-74.0
1777889475.8413324,2.0,6.0,-72.0
1777889475.8513324,0.0,1.0,-74.0
1777889475.8613324,4.0,-2.0,-75.0
1777889475.8713324,2.0,0.0,-75.0
1777889475.8813324,6.0,3.0,-79.0
1777889475.8913324,2.0,5.0,-77.0
1777889475.9013324,1.0,4.0,-78.0
1777889475.9113324,-3.0,3.0,-74.0
1777889475.9213324,-5.0,4.0,-76.0
1777889475.9313323,-1.0,5.0,-80.0
1777889475.9413323,-1.0,5.0,-79.0
1777889475.9513323,0.0,3.0,-76.0
1777889475.9613323,-2.0,3.0,-76.0
1777889475.9713323,-3.0,3.0,-74.0
1777889475.9813323,0.0,-1.0,-74.0
1777889475.9913323,0.0,-7.0,-75.0
1777889476.0013323,0.0,-7.0,-77.0
1777889476.0113325,3.0,-5.0,-70.0
1777889476.0213325,0.0,-5.0,-67.0
1777889476.0313325,-5.0,-1.0,-69.0
1777889476.0413325,-6.0,-3.0,-69.0
1777889476.0513325,-3.0,-3.0,-70.0
1777889476.0613325,-2.0,-4.0,-71.0
1777889476.0713325,0.0,-4.0,-66.0
1777889476.0813324,1.0,-3.0,-64.0
1777889476.0913324,3.0,-3.0,-61.0
1777889476.1013324,4.0,-5.0,-61.0
1777889476.1113324,2.0,-6.0,-59.0
1777889476.1213324,0.0,-7.0,-59.0
1777889476.1313324,0.0,-1.0,-58.0
1777889476.1413324,2.0,1.0,-59.0
1777889476.1513324,2.0,5.0,-70.0
1777889476.1613324,4.0,3.0,-71.0
1777889476.1713324,4.0,1.0,-64.0
1777889476.1813323,7.0,2.0,-66.0
1777889476.1913323,0.0,8.0,-67.0
1777889476.2013323,1.0,4.0,-69.0
1777889476.2113323,0.0,2.0,-74.0
1777889476.2213323,2.0,-3.0,-76.0
1777889476.2313323,0.0,-2.0,-77.0
1777889476.2413323,-3.0,0.0,-76.0
1777889476.2513323,-3.0,2.0,-81.0
1777889476.2613325,0.0,0.0,-78.0
1777889476.2713325,0.0,1.0,-85.0
1777889476.2813325,0.0,0.0,-81.0
1777889476.2913325,-1.0,-2.0,-71.0
1777889476.3013325,1.0,-1.0,-68.0
1777889476.3113325,0.0,-5.0,-67.0
1777889476.3213325,2.0,-5.0,-71.0
1777889476.3313324,3.0,-1.0,-72.0
1777889476.3413324,0.0,-4.0,-72.0
1777889476.3513324,0.0,0.0,-76.0
1777889476.3613324,0.0,5.0,-68.0
1777889476.3713324,0.0,2.0,-69.0
1777889476.3813324,-1.0,0.0,-76.0
1777889476.3913324,-3.0,0.0,-80.0
1777889476.4013324,3.0,3.0,-77.0
1777889476.4113324,3.0,6.0,-79.0
1777889476.4213324,8.0,8.0,-79.0
1777889476.4313323,8.0,7.0,-83.0
1777889476.4413323,10.0,5.0,-84.0
1777889476.4513323,5.0,1.0,-83.0
1777889476.4613323,2.0,2.0,-77.0
1777889476.4713323,4.0,0.0,-77.0
1777889476.4813323,4.0,1.0,-74.0
1777889476.4913323,0.0,-1.0,-75.0
1777889476.5013323,1.0,0.0,-78.0
1777889476.5113325,1.0,0.0,-82.0
1777889476.5213325,0.0,1.0,-81.0
1777889476.5313325,-3.0,0.0,-78.0
1777889476.5413325,0.0,4.0,-76.0
1777889476.5513325,3.0,1.0,-74.0
1777889476.5613325,0.0,0.0,-68.0
1777889476.5713325,0.0,4.0,-69.0
1777889476.5813324,1.0,1.0,-78.0
1777889476.5913324,3.0,4.0,-82.0
1777889476.6013324,2.0,2.0,-83.0
1777889476.6113324,3.0,-1.0,-74.0
1777889476.6213324,7.0,1.0,-74.0
1777889476.6313324,4.0,3.0,-74.0
1777889476.6413324,3.0,-1.0,-79.0
1777889476.6513324,2.0,-1.0,-79.0
1777889476.6613324,5.0,-4.0,-81.0
1777889476.6713324,1.0,-2.0,-80.0
1777889476.6813323,1.0,-2.0,-78.0
1777889476.6913323,0.0,-1.0,-76.0
1777889476.7013323,1.0,-4.0,-76.0
1777889476.7113323,-3.0,-3.0,-71.0
1777889476.7213323,-7.0,-5.0,-64.0
1777889476.7313323,-6.0,-11.0,-65.0
1777889476.7413323,-8.0,-6.0,-64.0
1777889476.7513323,-4.0,-2.0,-60.0
1777889476.7613325,0.0,-1.0,-56.0
1777889476.7713325,-2.0,-1.0,-56.0
1777889476.7813325,1.0,2.0,-62.0
1777889476.7913325,3.0,0.0,-69.0
1777889476.8013325,1.0,0.0,-68.0
1777889476.8123324,0.0,3.0,-63.0
1777889476.8223324,0.0,6.0,-67.0
1777889476.8323324,0.0,5.0,-75.0
1777889476.8423324,3.0,6.0,-75.0
1777889476.8523324,4.0,6.0,-73.0
1777889476.8623323,1.0,7.0,-75.0
1777889476.8723323,1.0,5.0,-71.0
1777889476.8823323,-1.0,3.0,-73.0
1777889476.8923323,-1.0,1.0,-71.0
1777889476.9023323,-7.0,0.0,-71.0
1777889476.9123323,-7.0,1.0,-70.0
1777889476.9223323,-1.0,-3.0,-71.0
1777889476.9323325,2.0,-4.0,-72.0
1777889476.9423325,1.0,-4.0,-70.0
1777889476.9523325,0.0,0.0,-74.0
1777889476.9623325,-2.0,-2.0,-75.0
1777889476.9723325,-1.0,-5.0,-76.0
1777889476.9823325,1.0,-7.0,-73.0
1777889476.9923325,1.0,-3.0,-74.0
1777889477.0023324,-1.0,0.0,-78.0
1777889477.0123324,1.0,-2.0,-83.0
1777889477.0223324,0.0,-4.0,-88.0
1777889477.0323324,0.0,-5.0,-84.0
1777889477.0423324,5.0,-3.0,-79.0
1777889477.0523324,6.0,0.0,-75.0
1777889477.0623324,9.0,1.0,-81.0
1777889477.0723324,4.0,-1.0,-81.0
1777889477.0823324,1.0,-1.0,-82.0
1777889477.0923324,4.0,0.0,-87.0
1777889477.1023324,6.0,-5.0,-83.0
1777889477.1123323,7.0,-3.0,-81.0
1777889477.1223323,1.0,-3.0,-81.0
1777889477.1323323,-1.0,-5.0,-85.0
1777889477.1423323,0.0,-10.0,-80.0
1777889477.1523323,2.0,-6.0,-80.0
1777889477.1623323,0.0,-3.0,-82.0
1777889477.1723323,1.0,-3.0,-81.0
1777889477.1823325,1.0,0.0,-79.0
1777889477.1923325,-1.0,2.0,-71.0
1777889477.2023325,2.0,6.0,-72.0
1777889477.2123325,4.0,5.0,-79.0
1777889477.2223325,3.0,2.0,-75.0
1777889477.2323325,4.0,2.0,-72.0
1777889477.2423325,5.0,1.0,-70.0
1777889477.2523324,3.0,5.0,-73.0
1777889477.2623324,0.0,0.0,-73.0
1777889477.2723324,-2.0,2.0,-69.0
1777889477.2823324,1.0,3.0,-63.0
1777889477.2923324,2.0,0.0,-67.0
1777889477.3023324,0.0,1.0,-69.0
1777889477.3123324,2.0,0.0,-75.0
1777889477.3223324,7.0,0.0,-78.0
1777889477.3323324,8.0,-3.0,-76.0
1777889477.3423324,9.0,-2.0,-74.0
1777889477.3523324,5.0,-6.0,-78.0
1777889477.3623323,6.0,-5.0,-82.0
1777889477.3723323,5.0,-3.0,-81.0
1777889477.3823323,5.0,0.0,-86.0
1777889477.3923323,2.0,3.0,-90.0
1777889477.4023323,3.0,6.0,-87.0
1777889477.4123323,-1.0,4.0,-75.0
1777889477.4223323,-9.0,1.0,-71.0
1777889477.4323325,-7.0,-1.0,-70.0
1777889477.4423325,-10.0,1.0,-76.0
1777889477.4523325,-4.0,1.0,-84.0
1777889477.4623325,-6.0,3.0,-86.0
1777889477.4723325,-6.0,4.0,-80.0
1777889477.4823325,-4.0,1.0,-81.0
1777889477.4923325,-2.0,1.0,-80.0
1777889477.5023324,-1.0,-1.0,-83.0
1777889477.5123324,-6.0,0.0,-89.0
1777889477.5223324,-7.0,1.0,-92.0
1777889477.5323324,-3.0,4.0,-93.0
1777889477.5423324,-3.0,0.0,-91.0
1777889477.5523324,-2.0,-1.0,-94.0
1777889477.5623324,-2.0,2.0,-95.0
1777889477.5723324,0.0,3.0,-85.0
1777889477.5823324,0.0,1.0,-79.0
1777889477.5923324,2.0,0.0,-76.0
1777889477.6023324,1.0,0.0,-70.0
1777889477.6123323,4.0,0.0,-68.0
1777889477.6223323,2.0,2.0,-63.0
1777889477.6323323,2.0,-1.0,-65.0
1777889477.6423323,2.0,-1.0,-70.0
1777889477.6523323,6.0,1.0,-66.0
1777889477.6623323,3.0,3.0,-67.0
1777889477.6723323,6.0,2.0,-71.0
1777889477.6823325,6.0,0.0,-75.0
1777889477.6923325,4.0,0.0,-72.0
1777889477.7023325,5.0,0.0,-67.0
1777889477.7123325,5.0,3.0,-70.0
1777889477.7223325,6.0,3.0,-68.0
1777889477.7323325,1.0,6.0,-68.0
1777889477.7423325,5.0,6.0,-73.0
1777889477.7523324,6.0,4.0,-70.0
1777889477.7623324,4.0,0.0,-79.0
1777889477.7723324,4.0,-2.0,-80.0
1777889477.7823324,6.0,1.0,-86.0
1777889477.7923324,2.0,0.0,-82.0
1777889477.8023324,0.0,-1.0,-83.0
1777889477.8123324,-5.0,1.0,-81.0
1777889477.8223324,-3.0,2.0,-81.0
1777889477.8323324,-3.0,1.0,-82.0
1777889477.8423324,-2.0,2.0,-69.0
1777889477.8523324,1.0,2.0,-65.0
1777889477.8623323,5.0,3.0,-72.0
1777889477.8723323,0.0,3.0,-74.0
1777889477.8823323,4.0,2.0,-75.0
1777889477.8923323,4.0,3.0,-75.0
1777889477.9023323,5.0,3.0,-75.0
1777889477.9123323,5.0,0.0,-77.0
1777889477.9223323,2.0,-2.0,-77.0
1777889477.9323325,0.0,-6.0,-81.0
1777889477.9423325,-3.0,-3.0,-77.0
1777889477.9523325,-3.0,2.0,-80.0
1777889477.9623325,0.0,5.0,-79.0
1777889477.9723325,2.0,6.0,-73.0
1777889477.9823325,1.0,3.0,-75.0
1777889477.9923325,-5.0,4.0,-74.0
1777889478.0023324,-3.0,6.0,-70.0
1777889478.0123324,0.0,2.0,-78.0
1777889478.0223324,1.0,2.0,-79.0
1777889478.0323324,0.0,1.0,-80.0
1777889478.0423324,1.0,5.0,-83.0
1777889478.0523324,7.0,3.0,-77.0
1777889478.0623324,5.0,3.0,-77.0
1777889478.0723324,3.0,4.0,-83.0
1777889478.0823324,3.0,4.0,-82.0
1777889478.0923324,2.0,7.0,-80.0
1777889478.1023324,2.0,7.0,-79.0
1777889478.1123323,3.0,2.0,-79.0
1777889478.1223323,11.0,-1.0,-84.0
1777889478.1323323,8.0,-5.0,-76.0
1777889478.1423323,3.0,-3.0,-75.0
1777889478.1523323,-1.0,1.0,-73.0
1777889478.1623323,-2.0,3.0,-79.0
1777889478.1723323,-1.0,1.0,-81.0
1777889478.1823325,0.0,0.0,-74.0
1777889478.1923325,4.0,0.0,-69.0
1777889478.2023325,7.0,-1.0,-63.0
1777889478.2123325,4.0,-2.0,-65.0
1777889478.2223325,3.0,-3.0,-64.0
1777889478.2323325,2.0,-2.0,-61.0
1777889478.2423325,5.0,-1.0,-63.0
1777889478.2523324,6.0,0.0,-59.0
1777889478.2623324,4.0,-1.0,-63.0
1777889478.2723324,2.0,0.0,-63.0
1777889478.2823324,3.0,1.0,-65.0
1777889478.2923324,1.0,-1.0,-68.0
1777889478.3023324,0.0,1.0,-74.0
1777889478.3123324,-2.0,3.0,-77.0
1777889478.3223324,-1.0,2.0,-80.0
1777889478.3323324,-2.0,3.0,-80.0
1777889478.3423324,0.0,1.0,-82.0
1777889478.3523324,-1.0,2.0,-85.0
1777889478.3623323,0.0,7.0,-88.0
1777889478.3723323,3.0,3.0,-90.0
1777889478.3823323,3.0,2.0,-83.0
1777889478.3923323,0.0,6.0,-76.0
1777889478.4023323,-1.0,0.0,-76.0
1777889478.4123323,-3.0,-6.0,-68.0
1777889478.4223323,-1.0,0.0,-66.0
1777889478.4323325,0.0,0.0,-61.0
1777889478.4423325,0.0,0.0,-66.0
1777889478.4523325,-2.0,2.0,-70.0
1777889478.4623325,-1.0,2.0,-72.0
1777889478.4723325,-2.0,2.0,-79.0
1777889478.4823325,-3.0,4.0,-87.0
1777889478.4923325,-7.0,1.0,-84.0
1777889478.5023324,-4.0,-4.0,-82.0
1777889478.5123324,-5.0,0.0,-82.0
1777889478.5223324,-3.0,-2.0,-73.0
1777889478.5323324,-1.0,-1.0,-73.0
1777889478.5423324,-1.0,-5.0,-78.0
1777889478.5523324,-1.0,-1.0,-77.0
1777889478.5623324,-4.0,0.0,-77.0
1777889478.5723324,-6.0,3.0,-74.0
1777889478.5823324,-4.0,-2.0,-74.0
1777889478.5923324,0.0,-8.0,-81.0
1777889478.6023324,0.0,-11.0,-77.0
1777889478.6123323,0.0,-11.0,-74.0
1777889478.6223323,-2.0,-9.0,-71.0
1777889478.6323323,0.0,-7.0,-70.0
1777889478.6423323,0.0,-6.0,-79.0
1777889478.6523323,-1.0,-2.0,-79.0
1777889478.6623323,-1.0,1.0,-78.0
1777889478.6723323,0.0,0.0,-74.0
1777889478.6823325,-1.0,1.0,-80.0
1777889478.6923325,0.0,0.0,-81.0
1777889478.7023325,0.0,0.0,-80.0
1777889478.7123325,2.0,-1.0,-84.0
1777889478.7223325,2.0,1.0,-83.0
1777889478.7323325,5.0,4.0,-72.0
1777889478.7423325,5.0,2.0,-73.0
1777889478.7523324,5.0,2.0,-74.0
1777889478.7623324,6.0,0.0,-73.0
1777889478.7733324,5.0,-4.0,-74.0
1777889478.7833323,1.0,-4.0,-68.0
1777889478.7933323,2.0,-4.0,-62.0
1777889478.8033323,2.0,-6.0,-59.0
1777889478.8133323,0.0,-5.0,-62.0
1777889478.8233323,2.0,1.0,-62.0
1777889478.8333323,1.0,1.0,-62.0
1777889478.8433323,-3.0,-3.0,-61.0
1777889478.8533323,-5.0,0.0,-67.0
1777889478.8633325,-3.0,-2.0,-75.0
1777889478.8733325,-1.0,-7.0,-74.0
1777889478.8833325,-1.0,-6.0,-76.0
1777889478.8933325,-2.0,-9.0,-74.0
1777889478.9033325,0.0,-4.0,-68.0
1777889478.9133325,2.0,-8.0,-70.0
1777889478.9233325,1.0,-7.0,-76.0
1777889478.9333324,0.0,-8.0,-81.0
1777889478.9433324,-1.0,-5.0,-77.0
1777889478.9533324,2.0,-3.0,-72.0
1777889478.9633324,2.0,-1.0,-69.0
1777889478.9733324,0.0,-6.0,-70.0
1777889478.9833324,-1.0,-7.0,-76.0
1777889478.9933324,-3.0,-8.0,-78.0
1777889479.0033324,1.0,-9.0,-74.0
1777889479.0133324,3.0,-7.0,-75.0
1777889479.0233324,6.0,-8.0,-71.0
1777889479.0333323,5.0,-4.0,-70.0
1777889479.0433323,4.0,-3.0,-72.0
1777889479.0533323,0.0,0.0,-73.0
1777889479.0633323,0.0,-1.0,-74.0
1777889479.0733323,1.0,-1.0,-79.0
1777889479.0833323,5.0,-1.0,-79.0
1777889479.0933323,7.0,3.0,-78.0
1777889479.1033323,9.0,3.0,-76.0
1777889479.1133325,3.0,2.0,-76.0
1777889479.1233325,1.0,1.0,-76.0
1777889479.1333325,0.0,-1.0,-79.0
1777889479.1433325,0.0,-1.0,-83.0
1777889479.1533325,0.0,0.0,-83.0
1777889479.1633325,0.0,-3.0,-83.0
1777889479.1733325,5.0,-4.0,-75.0
1777889479.1833324,6.0,-6.0,-77.0
1777889479.1933324,4.0,-7.0,-80.0
1777889479.2033324,0.0,-5.0,-75.0
1777889479.2133324,0.0,-4.0,-71.0
1777889479.2233324,1.0,-6.0,-68.0
1777889479.2333324,0.0,-4.0,-68.0
1777889479.2433324,-1.0,-2.0,-65.0
1777889479.2533324,-1.0,0.0,-66.0
1777889479.2633324,0.0,0.0,-70.0
1777889479.2733324,0.0,-4.0,-72.0
1777889479.2833323,1.0,-1.0,-78.0
1777889479.2933323,3.0,-1.0,-78.0
1777889479.3033323,2.0,-6.0,-75.0
1777889479.3133323,-3.0,-8.0,-81.0
1777889479.3233323,-5.0,-9.0,-77.0
1777889479.3333323,-10.0,-10.0,-74.0
1777889479.3433323,-9.0,-4.0,-72.0
1777889479.3533323,-4.0,-1.0,-73.0
1777889479.3633325,-1.0,-6.0,-80.0
1777889479.3733325,0.0,-7.0,-79.0
1777889479.3833325,-2.0,-3.0,-80.0
1777889479.3933325,-3.0,-1.0,-78.0
1777889479.4033325,-6.0,-3.0,-76.0
1777889479.4133325,-6.0,-1.0,-79.0
1777889479.4233325,-3.0,-5.0,-78.0
1777889479.4333324,-1.0,-1.0,-73.0
1777889479.4433324,2.0,-1.0,-72.0
1777889479.4533324,5.0,-1.0,-72.0
1777889479.4633324,4.0,-4.0,-82.0
1777889479.4733324,6.0,-3.0,-82.0
1777889479.4833324,6.0,-6.0,-84.0
1777889479.4933324,5.0,-3.0,-79.0
1777889479.5033324,8.0,-3.0,-79.0
1777889479.5133324,7.0,-3.0,-75.0
1777889479.5233324,3.0,-5.0,-80.0
1777889479.5333323,1.0,-9.0,-80.0
1777889479.5433323,1.0,-10.0,-75.0
1777889479.5533323,3.0,-8.0,-76.0
1777889479.5633323,3.0,-10.0,-75.0
1777889479.5733323,6.0,-6.0,-74.0
1777889479.5833323,5.0,-2.0,-77.0
1777889479.5933323,7.0,1.0,-76.0
1777889479.6033323,2.0,0.0,-80.0
1777889479.6133325,0.0,-4.0,-77.0
1777889479.6233325,-2.0,-3.0,-72.0
1777889479.6333325,3.0,0.0,-74.0
1777889479.6433325,8.0,1.0,-67.0
1777889479.6533325,8.0,1.0,-75.0
1777889479.6633325,2.0,-3.0,-75.0
1777889479.6733325,0.0,-5.0,-72.0
1777889479.6833324,2.0,-2.0,-79.0
1777889479.6933324,3.0,-3.0,-78.0
1777889479.7033324,3.0,-1.0,-81.0
1777889479.7133324,-1.0,-2.0,-86.0
1777889479.7233324,-1.0,-6.0,-81.0
1777889479.7333324,-3.0,-3.0,-78.0
1777889479.7433324,-7.0,-9.0,-80.0
1777889479.7533324,-6.0,-11.0,-73.0
1777889479.7633324,-9.0,-8.0,-75.0
1777889479.7733324,-8.0,-8.0,-78.0
1777889479.7833323,-8.0,-9.0,-81.0
1777889479.7933323,-9.0,-7.0,-80.0
1777889479.8033323,-6.0,-10.0,-75.0
1777889479.8133323,-11.0,-7.0,-72.0
1777889479.8233323,-10.0,-1.0,-68.0
1777889479.8333323,-11.0,3.0,-71.0
1777889479.8433323,-7.0,2.0,-70.0
1777889479.8533323,-3.0,1.0,-72.0
1777889479.8633325,-1.0,0.0,-75.0
1777889479.8733325,5.0,-1.0,-86.0
1777889479.8833325,3.0,1.0,-90.0
1777889479.8933325,2.0,0.0,-90.0
1777889479.9033325,2.0,2.0,-83.0
1777889479.9133325,-2.0,3.0,-86.0
1777889479.9233325,-5.0,4.0,-83.0
1777889479.9333324,-4.0,1.0,-85.0
1777889479.9433324,-7.0,-3.0,-84.0
1777889479.9533324,-7.0,-6.0,-86.0
1777889479.9633324,-8.0,-3.0,-83.0
1777889479.9733324,-7.0,0.0,-74.0
1777889479.9833324,-7.0,-1.0,-69.0
1777889479.9933324,-2.0,-1.0,-65.0
1777889480.0033324,1.0,-5.0,-55.0
1777889480.0133324,6.0,-2.0,-51.0
1777889480.0233324,2.0,-4.0,-56.0
1777889480.0333323,0.0,-6.0,-61.0
1777889480.0433323,-1.0,-6.0,-68.0
1777889480.0533323,-1.0,-3.0,-68.0
1777889480.0633323,5.0,0.0,-70.0
1777889480.0733323,6.0,0.0,-69.0
1777889480.0833323,3.0,0.0,-76.0
1777889480.0933323,2.0,2.0,-77.0
1777889480.1033323,2.0,1.0,-74.0
1777889480.1133325,-1.0,2.0,-75.0
1777889480.1233325,-4.0,3.0,-78.0
1777889480.1333325,-3.0,8.0,-72.0
1777889480.1433325,-4.0,10.0,-72.0
1777889480.1533325,-1.0,10.0,-76.0
1777889480.1633325,-1.0,0.0,-81.0
1777889480.1733325,2.0,0.0,-84.0
1777889480.1833324,0.0,-4.0,-87.0
1777889480.1933324,0.0,-4.0,-80.0
1777889480.2033324,-2.0,1.0,-77.0
1777889480.2133324,-4.0,0.0,-76.0
1777889480.2233324,0.0,0.0,-75.0
1777889480.2333324,4.0,5.0,-70.0
1777889480.2433324,5.0,5.0,-65.0
1777889480.2533324,7.0,3.0,-63.0
1777889480.2633324,9.0,3.0,-67.0
1777889480.2733324,8.0,5.0,-67.0
1777889480.2833323,8.0,5.0,-70.0
1777889480.2933323,5.0,5.0,-69.0
1777889480.3033323,0.0,3.0,-70.0
1777889480.3133323,-1.0,0.0,-70.0
1777889480.3233323,0.0,-3.0,-71.0
1777889480.3333323,-1.0,-4.0,-72.0
1777889480.3433323,-3.0,-2.0,-72.0
1777889480.3533323,-5.0,-1.0,-74.0
1777889480.3633325,-3.0,0.0,-68.0
1777889480.3733325,2.0,0.0,-73.0
1777889480.3833325,4.0,0.0,-80.0
1777889480.3933325,6.0,-2.0,-80.0
1777889480.4033325,4.0,-3.0,-76.0
1777889480.4133325,5.0,-3.0,-79.0
1777889480.4233325,0.0,-4.0,-78.0
1777889480.4333324,2.0,-4.0,-73.0
1777889480.4433324,0.0,-4.0,-70.0
1777889480.4533324,0.0,-4.0,-72.0
1777889480.4633324,0.0,-7.0,-68.0
1777889480.4733324,-1.0,-8.0,-63.0
1777889480.4833324,-2.0,-6.0,-69.0
1777889480.4933324,0.0,-2.0,-70.0
1777889480.5043323,0.0,-3.0,-77.0
1777889480.5133324,-3.0,-5.0,-72.0
1777889480.5233324,1.0,-2.0,-74.0
1777889480.5333323,4.0,-3.0,-76.0
1777889480.5433323,8.0,-3.0,-76.0
1777889480.5543325,6.0,1.0,-73.0
1777889480.5633323,3.0,1.0,-74.0
1777889480.5733323,-3.0,0.0,-74.0
1777889480.5833323,-2.0,-2.0,-79.0
1777889480.5933323,0.0,-3.0,-77.0
1777889480.6033323,2.0,0.0,-79.0
1777889480.6133325,2.0,1.0,-91.0
1777889480.6233325,2.0,-2.0,-91.0
1777889480.6333325,7.0,-1.0,-88.0
1777889480.6433325,3.0,-5.0,-89.0
1777889480.6533325,4.0,-5.0,-88.0
1777889480.6633325,3.0,-6.0,-88.0
1777889480.6733325,2.0,-10.0,-85.0
1777889480.6833324,-1.0,-10.0,-87.0
1777889480.6933324,-1.0,-9.0,-82.0
1777889480.7033324,-1.0,-10.0,-75.0
1777889480.7133324,-2.0,-7.0,-80.0
1777889480.7233324,-4.0,-3.0,-79.0
1777889480.7333324,-8.0,-2.0,-84.0
1777889480.7433324,-9.0,-1.0,-87.0
1777889480.7533324,-6.0,-1.0,-89.0
1777889480.7643323,-5.0,0.0,-86.0
1777889480.7733324,-2.0,3.0,-81.0
1777889480.7843325,0.0,0.0,-76.0
1777889480.7933323,0.0,0.0,-77.0
1777889480.8043325,-4.0,0.0,-77.0
1777889480.8143325,-8.0,0.0,-79.0
1777889480.8243325,-6.0,-1.0,-76.0
1777889480.8343325,0.0,-1.0,-72.0
1777889480.8443325,0.0,-5.0,-71.0
1777889480.8543324,0.0,-3.0,-73.0
1777889480.8643324,4.0,-2.0,-70.0
1777889480.8743324,1.0,-1.0,-77.0
1777889480.8843324,1.0,-2.0,-76.0
1777889480.8943324,3.0,-2.0,-71.0
1777889480.9043324,3.0,3.0,-70.0
1777889480.9143324,5.0,6.0,-70.0
1777889480.9243324,5.0,11.0,-66.0
1777889480.9343324,5.0,10.0,-68.0
1777889480.9443324,7.0,7.0,-70.0
1777889480.9543324,7.0,9.0,-67.0
1777889480.9643323,10.0,5.0,-66.0
1777889480.9743323,11.0,-1.0,-71.0
1777889480.9843323,7.0,-2.0,-69.0
1777889480.9943323,6.0,-3.0,-76.0
1777889481.0043323,2.0,-2.0,-80.0
1777889481.0143323,-1.0,-3.0,-75.0
1777889481.0243323,2.0,0.0,-68.0
1777889481.0343325,0.0,-4.0,-68.0
1777889481.0443325,-4.0,-7.0,-73.0
1777889481.0543325,-5.0,-7.0,-70.0
1777889481.0643325,0.0,-7.0,-69.0
1777889481.0743325,2.0,-5.0,-72.0
1777889481.0843325,2.0,-8.0,-72.0
1777889481.0943325,0.0,-9.0,-76.0
1777889481.1043324,0.0,-9.0,-77.0
1777889481.1143324,-1.0,-9.0,-81.0
1777889481.1243324,1.0,-12.0,-76.0
1777889481.1343324,2.0,-13.0,-73.0
1777889481.1443324,2.0,-13.0,-75.0
1777889481.1543324,3.0,-10.0,-82.0
1777889481.1643324,0.0,-9.0,-89.0
1777889481.1743324,-3.0,-4.0,-86.0
1777889481.1843324,-2.0,-5.0,-84.0
1777889481.1943324,0.0,0.0,-83.0
1777889481.2043324,2.0,0.0,-91.0
1777889481.2143323,-3.0,-2.0,-93.0
1777889481.2243323,-1.0,-3.0,-89.0
1777889481.2343323,1.0,-1.0,-84.0
1777889481.2443323,1.0,2.0,-79.0
1777889481.2543323,0.0,1.0,-82.0
1777889481.2643323,-1.0,3.0,-79.0
1777889481.2743323,-1.0,2.0,-81.0
1777889481.2843325,1.0,2.0,-78.0
1777889481.2943325,2.0,-2.0,-73.0
1777889481.3043325,0.0,-3.0,-72.0
1777889481.3143325,0.0,-8.0,-75.0
1777889481.3243325,-4.0,-3.0,-73.0
1777889481.3343325,-4.0,-2.0,-76.0
1777889481.3443325,-1.0,-4.0,-72.0
1777889481.3543324,2.0,-8.0,-74.0
1777889481.3643324,0.0,-9.0,-77.0
1777889481.3743324,-1.0,-7.0,-79.0
1777889481.3843324,0.0,-5.0,-74.0
1777889481.3943324,-2.0,-2.0,-64.0
1777889481.4043324,-3.0,-5.0,-63.0
1777889481.4143324,-1.0,-6.0,-67.0
1777889481.4243324,-3.0,-8.0,-68.0
1777889481.4343324,-2.0,-4.0,-62.0
1777889481.4443324,-3.0,0.0,-72.0
1777889481.4543324,-3.0,0.0,-67.0
1777889481.4643323,-2.0,-6.0,-70.0
1777889481.4743323,0.0,-5.0,-70.0
1777889481.4843323,6.0,-6.0,-69.0
1777889481.4943323,4.0,-9.0,-70.0
1777889481.5043323,3.0,-5.0,-79.0
1777889481.5143323,0.0,-4.0,-76.0
1777889481.5243323,2.0,-4.0,-71.0
1777889481.5343325,0.0,-3.0,-74.0
1777889481.5443325,-3.0,-1.0,-80.0
1777889481.5543325,1.0,-1.0,-80.0
1777889481.5643325,-2.0,0.0,-79.0
1777889481.5743325,-2.0,-2.0,-75.0
1777889481.5843325,1.0,1.0,-75.0
1777889481.5943325,3.0,4.0,-74.0
1777889481.6043324,4.0,6.0,-73.0
1777889481.6143324,-1.0,3.0,-77.0
1777889481.6243324,0.0,0.0,-73.0
1777889481.6343324,0.0,0.0,-82.0
1777889481.6443324,4.0,0.0,-75.0
1777889481.6543324,0.0,1.0,-71.0
1777889481.6643324,0.0,3.0,-77.0
1777889481.6743324,1.0,2.0,-75.0
1777889481.6843324,2.0,3.0,-74.0
1777889481.6943324,1.0,1.0,-76.0
1777889481.7043324,0.0,3.0,-76.0
1777889481.7143323,1.0,1.0,-79.0
1777889481.7243323,5.0,0.0,-79.0
1777889481.7343323,6.0,0.0,-75.0
1777889481.7443323,2.0,0.0,-70.0
1777889481.7543323,2.0,2.0,-71.0
1777889481.7643323,5.0,2.0,-71.0
1777889481.7743323,2.0,0.0,-67.0
1777889481.7843325,0.0,2.0,-71.0
1777889481.7943325,0.0,-1.0,-67.0
1777889481.8043325,0.0,-1.0,-74.0
1777889481.8143325,-3.0,-4.0,-72.0
1777889481.8243325,-3.0,-8.0,-75.0
1777889481.8343325,-3.0,-8.0,-70.0
1777889481.8443325,1.0,-7.0,-76.0
1777889481.8543324,0.0,-3.0,-75.0
1777889481.8643324,0.0,0.0,-78.0
1777889481.8743324,2.0,0.0,-82.0
1777889481.8843324,1.0,-2.0,-84.0
1777889481.8943324,0.0,-1.0,-84.0
1777889481.9043324,-1.0,-1.0,-80.0
1777889481.9143324,-4.0,-3.0,-86.0
1777889481.9243324,-4.0,0.0,-88.0
1777889481.9343324,-7.0,0.0,-78.0
1777889481.9443324,-6.0,-1.0,-71.0
1777889481.9543324,-9.0,0.0,-64.0
1777889481.9643323,-6.0,1.0,-63.0
1777889481.9743323,-4.0,5.0,-58.0
1777889481.9843323,3.0,4.0,-59.0
1777889481.9943323,0.0,3.0,-66.0
1777889482.0043323,1.0,2.0,-70.0
1777889482.0143323,2.0,3.0,-72.0
1777889482.0243323,1.0,0.0,-70.0
1777889482.0343325,3.0,-1.0,-69.0
1777889482.0443325,-1.0,-8.0,-75.0
1777889482.0543325,-4.0,-6.0,-72.0
1777889482.0643325,-4.0,-4.0,-70.0
1777889482.0743325,-2.0,-6.0,-69.0
1777889482.0843325,-8.0,-6.0,-73.0
1777889482.0943325,-5.0,-8.0,-77.0
1777889482.1043324,-1.0,-6.0,-81.0
1777889482.1143324,3.0,-3.0,-81.0
1777889482.1243324,0.0,-4.0,-80.0
1777889482.1343324,1.0,-3.0,-78.0
1777889482.1443324,2.0,-5.0,-76.0
1777889482.1543324,0.0,-10.0,-82.0
1777889482.1643324,-1.0,-10.0,-84.0
1777889482.1743324,0.0,-7.0,-85.0
1777889482.1843324,-1.0,-7.0,-88.0
1777889482.1943324,-1.0,-9.0,-80.0
1777889482.2043324,0.0,-4.0,-79.0
1777889482.2143323,-2.0,-5.0,-79.0
1777889482.2243323,0.0,-8.0,-76.0
1777889482.2343323,0.0,-3.0,-77.0
1777889482.2443323,0.0,0.0,-72.0
1777889482.2543323,-3.0,1.0,-65.0
1777889482.2643323,-5.0,-2.0,-79.0
1777889482.2743323,-4.0,-2.0,-76.0
1777889482.2843325,-3.0,-7.0,-76.0
1777889482.2943325,-4.0,-5.0,-73.0
1777889482.3043325,0.0,-1.0,-72.0
1777889482.3143325,-5.0,-3.0,-74.0
1777889482.3243325,-7.0,-1.0,-76.0
1777889482.3343325,-3.0,0.0,-79.0
1777889482.3443325,-2.0,-2.0,-77.0
1777889482.3543324,-5.0,-3.0,-75.0
1777889482.3643324,-5.0,-4.0,-75.0
1777889482.3743324,-4.0,-1.0,-72.0
1777889482.3843324,-5.0,0.0,-78.0
1777889482.3943324,-8.0,0.0,-74.0
1777889482.4043324,-6.0,0.0,-70.0
1777889482.4143324,-2.0,0.0,-77.0
1777889482.4243324,-1.0,-1.0,-73.0
1777889482.4343324,-3.0,1.0,-73.0
1777889482.4443324,0.0,1.0,-66.0
1777889482.4543324,0.0,3.0,-67.0
1777889482.4643323,1.0,-1.0,-66.0
1777889482.4743323,-1.0,0.0,-71.0
1777889482.4843323,-3.0,2.0,-72.0
1777889482.4943323,-5.0,6.0,-73.0
1777889482.5043323,-9.0,5.0,-77.0
1777889482.5143323,-5.0,4.0,-76.0
1777889482.5243323,-4.0,5.0,-75.0
1777889482.5343325,0.0,2.0,-70.0
1777889482.5443325,-3.0,1.0,-72.0
1777889482.5543325,-6.0,2.0,-73.0
1777889482.5643325,-1.0,0.0,-72.0
1777889482.5743325,-2.0,-4.0,-74.0
1777889482.5843325,2.0,-4.0,-84.0
1777889482.5943325,2.0,-1.0,-81.0
1777889482.6043324,3.0,0.0,-82.0
1777889482.6143324,-1.0,0.0,-78.0
1777889482.6243324,1.0,-1.0,-73.0
1777889482.6343324,3.0,-6.0,-67.0
1777889482.6443324,0.0,-3.0,-67.0
1777889482.6543324,-3.0,-2.0,-64.0
1777889482.6643324,-4.0,-5.0,-63.0
1777889482.6743324,-7.0,0.0,-73.0
1777889482.6843324,-7.0,0.0,-84.0
1777889482.6943324,-7.0,0.0,-84.0
1777889482.7043324,1.0,3.0,-84.0
1777889482.7143323,1.0,1.0,-80.0
1777889482.7243323,3.0,0.0,-82.0
1777889482.7343323,1.0,2.0,-85.0
1777889482.7443323,3.0,1.0,-83.0
1777889482.7543323,0.0,-1.0,-84.0
1777889482.7643323,0.0,1.0,-81.0
1777889482.7753325,-3.0,-1.0,-76.0
1777889482.7853324,1.0,-1.0,-78.0
1777889482.7953324,-3.0,1.0,-81.0
1777889482.8053324,-3.0,0.0,-75.0
1777889482.8153324,-7.0,1.0,-69.0
1777889482.8253324,-9.0,1.0,-72.0
1777889482.8353324,-8.0,1.0,-74.0
1777889482.8453324,-7.0,8.0,-73.0
1777889482.8553324,-4.0,9.0,-71.0
1777889482.8653324,-5.0,6.0,-76.0
1777889482.8753324,-2.0,3.0,-72.0
1777889482.8853323,-3.0,3.0,-71.0
1777889482.8953323,-6.0,2.0,-63.0
1777889482.9053323,-8.0,1.0,-62.0
1777889482.9153323,-2.0,0.0,-64.0
1777889482.9253323,3.0,0.0,-67.0
1777889482.9353323,7.0,0.0,-63.0
1777889482.9453323,4.0,-3.0,-72.0
1777889482.9553325,3.0,-1.0,-72.0
1777889482.9653325,9.0,1.0,-74.0
1777889482.9753325,8.0,3.0,-79.0
1777889482.9853325,8.0,5.0,-80.0
1777889482.9953325,10.0,0.0,-77.0
1777889483.0053325,10.0,2.0,-78.0
1777889483.0153325,9.0,5.0,-77.0
1777889483.0253325,6.0,1.0,-82.0
1777889483.0353324,0.0,0.0,-87.0
1777889483.0453324,2.0,4.0,-89.0
1777889483.0553324,2.0,1.0,-82.0
1777889483.0653324,3.0,-1.0,-82.0
1777889483.0753324,5.0,-1.0,-83.0
1777889483.0853324,6.0,2.0,-81.0
1777889483.0953324,0.0,1.0,-77.0
1777889483.1053324,-1.0,2.0,-83.0
1777889483.1153324,-1.0,3.0,-78.0
1777889483.1253324,-4.0,3.0,-75.0
1777889483.1353323,-4.0,5.0,-69.0
1777889483.1453323,-10.0,4.0,-65.0
1777889483.1553323,-13.0,1.0,-61.0
1777889483.1653323,-15.0,1.0,-58.0
1777889483.1753323,-10.0,1.0,-60.0
1777889483.1853323,-5.0,3.0,-72.0
1777889483.1953323,-2.0,2.0,-82.0
1777889483.2053325,-2.0,4.0,-77.0
1777889483.2153325,1.0,3.0,-69.0
1777889483.2253325,3.0,1.0,-69.0
1777889483.2353325,4.0,0.0,-74.0
1777889483.2453325,6.0,-3.0,-81.0
1777889483.2553325,3.0,-4.0,-83.0
1777889483.2653325,3.0,-4.0,-86.0
1777889483.2753325,5.0,-2.0,-87.0
1777889483.2853324,7.0,0.0,-86.0
1777889483.2953324,3.0,1.0,-91.0
1777889483.3053324,-5.0,0.0,-91.0
1777889483.3153324,-6.0,0.0,-86.0
1777889483.3253324,-3.0,2.0,-84.0
1777889483.3353324,-3.0,0.0,-76.0
1777889483.3453324,-4.0,2.0,-75.0
1777889483.3553324,-4.0,3.0,-76.0
1777889483.3653324,-5.0,1.0,-77.0
1777889483.3753324,-3.0,-1.0,-74.0
1777889483.3853323,-2.0,-2.0,-73.0
1777889483.3953323,-2.0,-5.0,-76.0
1777889483.4053323,0.0,-3.0,-77.0
1777889483.4153323,2.0,-1.0,-75.0
1777889483.4253323,-1.0,0.0,-78.0
1777889483.4353323,-4.0,-2.0,-73.0
1777889483.4453323,2.0,-5.0,-70.0
1777889483.4553325,0.0,-7.0,-73.0
1777889483.4653325,1.0,-3.0,-75.0
1777889483.4753325,0.0,-1.0,-80.0
1777889483.4853325,2.0,-4.0,-75.0
1777889483.4953325,-1.0,-4.0,-78.0
1777889483.5053325,-1.0,-2.0,-73.0
1777889483.5153325,3.0,-3.0,-78.0
1777889483.5253325,0.0,1.0,-83.0
1777889483.5353324,2.0,1.0,-82.0
1777889483.5453324,2.0,0.0,-77.0
1777889483.5553324,4.0,0.0,-71.0
1777889483.5653324,6.0,2.0,-81.0
1777889483.5753324,4.0,0.0,-84.0
1777889483.5853324,7.0,0.0,-81.0
1777889483.5953324,0.0,0.0,-81.0
1777889483.6053324,0.0,-2.0,-83.0
1777889483.6153324,-1.0,-1.0,-80.0
1777889483.6253324,-1.0,0.0,-78.0
1777889483.6353323,-1.0,-5.0,-76.0
1777889483.6453323,0.0,-6.0,-71.0
1777889483.6553323,0.0,-2.0,-68.0
1777889483.6653323,0.0,-2.0,-72.0
1777889483.6753323,-2.0,-2.0,-73.0
1777889483.6853323,2.0,-2.0,-71.0
1777889483.6953323,4.0,-3.0,-76.0
1777889483.7053325,6.0,-1.0,-79.0
1777889483.7153325,6.0,0.0,-69.0
1777889483.7253325,4.0,-2.0,-68.0
1777889483.7353325,0.0,1.0,-63.0
1777889483.7453325,2.0,4.0,-64.0
1777889483.7553325,5.0,4.0,-63.0
1777889483.7653325,0.0,5.0,-70.0
1777889483.7753325,-1.0,5.0,-79.0
1777889483.7853324,-2.0,4.0,-78.0
1777889483.7953324,0.0,0.0,-79.0
1777889483.8053324,0.0,-2.0,-81.0
1777889483.8153324,1.0,0.0,-75.0
1777889483.8253324,1.0,0.0,-75.0
1777889483.8353324,4.0,-1.0,-79.0
1777889483.8453324,4.0,1.0,-77.0
1777889483.8553324,0.0,3.0,-78.0
1777889483.8653324,-2.0,6.0,-76.0
1777889483.8753324,0.0,6.0,-79.0
1777889483.8853323,1.0,6.0,-79.0
1777889483.8953323,-4.0,8.0,-78.0
1777889483.9053323,-3.0,6.0,-77.0
1777889483.9153323,-3.0,5.0,-81.0
1777889483.9253323,-2.0,2.0,-81.0
1777889483.9353323,0.0,-3.0,-77.0
1777889483.9453323,1.0,-6.0,-81.0
1777889483.9553325,2.0,-2.0,-82.0
1777889483.9653325,4.0,-2.0,-83.0
1777889483.9753325,8.0,0.0,-84.0
1777889483.9853325,1.0,-1.0,-79.0
1777889483.9953325,0.0,-2.0,-79.0
1777889484.0053325,2.0,-1.0,-77.0
1777889484.0153325,2.0,0.0,-75.0
1777889484.0253325,1.0,-3.0,-75.0
1777889484.0353324,4.0,-6.0,-70.0
1777889484.0453324,2.0,-4.0,-76.0
1777889484.0553324,3.0,-5.0,-76.0
1777889484.0653324,2.0,-5.0,-77.0
1777889484.0753324,-3.0,-4.0,-83.0
1777889484.0853324,-4.0,0.0,-87.0
1777889484.0953324,-5.0,0.0,-85.0
1777889484.1053324,-2.0,1.0,-82.0
1777889484.1153324,-2.0,-2.0,-81.0
1777889484.1253324,-2.0,-1.0,-73.0
1777889484.1353323,-1.0,0.0,-68.0
1777889484.1453323,1.0,-3.0,-66.0
1777889484.1553323,0.0,0.0,-74.0
1777889484.1653323,0.0,-4.0,-68.0
1777889484.1753323,3.0,-5.0,-72.0
1777889484.1853323,6.0,-2.0,-78.0
1777889484.1953323,9.0,-2.0,-79.0
1777889484.2053325,10.0,0.0,-87.0
1777889484.2153325,7.0,2.0,-89.0
1777889484.2253325,4.0,-1.0,-84.0
1777889484.2353325,2.0,-1.0,-83.0
1777889484.2453325,2.0,-1.0,-86.0
1777889484.2553325,0.0,0.0,-94.0
1777889484.2653325,3.0,3.0,-87.0
1777889484.2753325,1.0,4.0,-87.0
1777889484.2853324,2.0,4.0,-86.0
1777889484.2953324,4.0,4.0,-84.0
1777889484.3053324,4.0,3.0,-83.0
1777889484.3153324,0.0,4.0,-83.0
1777889484.3253324,0.0,5.0,-80.0
1777889484.3353324,0.0,7.0,-77.0
1777889484.3453324,-1.0,4.0,-80.0
1777889484.3553324,0.0,7.0,-82.0
1777889484.3653324,1.0,7.0,-81.0
1777889484.3753324,4.0,4.0,-78.0
1777889484.3853323,2.0,5.0,-76.0
1777889484.3953323,5.0,3.0,-74.0
1777889484.4053323,1.0,4.0,-66.0
1777889484.4153323,2.0,0.0,-67.0
1777889484.4253323,3.0,-4.0,-71.0
1777889484.4353323,1.0,-2.0,-73.0
1777889484.4453323,2.0,-4.0,-71.0
1777889484.4553325,4.0,-7.0,-75.0
1777889484.4653325,9.0,-9.0,-74.0
1777889484.4753325,5.0,-10.0,-78.0
1777889484.4853325,1.0,-9.0,-85.0
1777889484.4953325,0.0,-9.0,-82.0
1777889484.5053325,-4.0,-6.0,-85.0
1777889484.5153325,-4.0,-2.0,-85.0
1777889484.5253325,-2.0,-2.0,-83.0
1777889484.5353324,-2.0,-3.0,-78.0
1777889484.5453324,2.0,0.0,-78.0
1777889484.5553324,2.0,0.0,-78.0
1777889484.5653324,-2.0,-1.0,-73.0
1777889484.5753324,-3.0,-4.0,-72.0
1777889484.5853324,-1.0,-4.0,-71.0
1777889484.5953324,-3.0,-2.0,-73.0
1777889484.6053324,0.0,-3.0,-75.0
1777889484.6153324,0.0,-4.0,-72.0
1777889484.6253324,3.0,-8.0,-66.0
1777889484.6353323,3.0,-7.0,-66.0
1777889484.6453323,3.0,-6.0,-71.0
1777889484.6553323,4.0,-1.0,-78.0
1777889484.6653323,0.0,-3.0,-70.0
1777889484.6753323,2.0,-4.0,-69.0
1777889484.6853323,5.0,-6.0,-72.0
1777889484.6953323,1.0,-4.0,-75.0
1777889484.7053325,1.0,-1.0,-73.0
1777889484.7153325,6.0,2.0,-76.0
1777889484.7263324,0.0,-1.0,-77.0
1777889484.7353325,0.0,3.0,-78.0
1777889484.7463324,0.0,4.0,-76.0
1777889484.7563324,0.0,5.0,-72.0
1777889484.7663324,4.0,3.0,-73.0
1777889484.7763324,7.0,3.0,-76.0
1777889484.7863324,2.0,4.0,-77.0
1777889484.7963324,0.0,7.0,-76.0
1777889484.8063323,0.0,1.0,-74.0
1777889484.8163323,-3.0,2.0,-81.0
1777889484.8263323,0.0,3.0,-78.0
1777889484.8363323,0.0,2.0,-81.0
1777889484.8463323,0.0,0.0,-80.0
1777889484.8563323,4.0,-1.0,-81.0
1777889484.8663323,3.0,-2.0,-79.0
1777889484.8763323,0.0,-2.0,-77.0
1777889484.8863325,7.0,-3.0,-72.0
1777889484.8963325,5.0,-7.0,-70.0
1777889484.9063325,2.0,-9.0,-64.0
1777889484.9163325,4.0,-4.0,-72.0
1777889484.9263325,4.0,-3.0,-73.0
1777889484.9363325,2.0,0.0,-73.0
1777889484.9463325,1.0,4.0,-77.0
1777889484.9563324,0.0,7.0,-78.0
1777889484.9663324,0.0,6.0,-88.0
1777889484.9763324,-3.0,8.0,-87.0
1777889484.9863324,-1.0,4.0,-88.0
1777889484.9963324,-5.0,2.0,-80.0
1777889485.0063324,-2.0,5.0,-73.0
1777889485.0163324,0.0,7.0,-76.0
1777889485.0263324,-1.0,5.0,-80.0
1777889485.0363324,0.0,6.0,-89.0
1777889485.0463324,0.0,8.0,-80.0
1777889485.0563323,0.0,4.0,-77.0
1777889485.0663323,0.0,3.0,-77.0
1777889485.0763323,0.0,4.0,-76.0
1777889485.0863323,-3.0,1.0,-73.0
1777889485.0963323,-2.0,1.0,-71.0
1777889485.1063323,-3.0,2.0,-72.0
1777889485.1163323,1.0,2.0,-78.0
1777889485.1263323,2.0,1.0,-76.0
1777889485.1363325,0.0,0.0,-74.0
1777889485.1463325,0.0,0.0,-71.0
1777889485.1563325,1.0,-2.0,-68.0
1777889485.1663325,-3.0,-4.0,-72.0
1777889485.1763325,1.0,-3.0,-64.0
1777889485.1863325,0.0,-3.0,-68.0
1777889485.1963325,3.0,-1.0,-73.0
1777889485.2063324,0.0,0.0,-79.0
1777889485.2163324,0.0,0.0,-81.0
1777889485.2263324,0.0,1.0,-84.0
1777889485.2363324,-1.0,-2.0,-75.0
1777889485.2463324,0.0,-5.0,-74.0
1777889485.2563324,-3.0,-2.0,-74.0
1777889485.2663324,-5.0,1.0,-75.0
1777889485.2763324,-3.0,2.0,-71.0
1777889485.2863324,-3.0,3.0,-75.0
1777889485.2963324,-2.0,9.0,-80.0
1777889485.3063323,-3.0,9.0,-90.0
1777889485.3173325,-3.0,4.0,-91.0
1777889485.3263323,-2.0,1.0,-95.0
1777889485.3363323,-1.0,3.0,-88.0
1777889485.3463323,0.0,3.0,-87.0
1777889485.3563323,1.0,3.0,-84.0
1777889485.3663323,5.0,4.0,-82.0
1777889485.3763323,5.0,6.0,-81.0
1777889485.3863325,7.0,2.0,-75.0
1777889485.3963325,3.0,1.0,-74.0
1777889485.4063325,-4.0,-1.0,-76.0
1777889485.4163325,-7.0,-3.0,-73.0
1777889485.4263325,-4.0,-2.0,-74.0
1777889485.4363325,-5.0,-2.0,-67.0
1777889485.4463325,-6.0,-7.0,-68.0
1777889485.4563324,-1.0,-6.0,-73.0
1777889485.4663324,-3.0,-6.0,-71.0
1777889485.4763324,0.0,-8.0,-68.0
1777889485.4863324,3.0,-4.0,-74.0
1777889485.4963324,4.0,-4.0,-70.0
1777889485.5063324,8.0,-4.0,-67.0
1777889485.5163324,2.0,-2.0,-75.0
1777889485.5263324,2.0,2.0,-80.0
1777889485.5363324,2.0,0.0,-83.0
1777889485.5463324,4.0,0.0,-80.0
1777889485.5563323,6.0,3.0,-76.0
1777889485.5663323,6.0,2.0,-78.0
1777889485.5763323,7.0,1.0,-74.0
1777889485.5863323,5.0,1.0,-68.0
1777889485.5973325,3.0,1.0,-61.0
1777889485.6063323,5.0,0.0,-63.0
1777889485.6163323,7.0,0.0,-64.0
1777889485.6263323,8.0,3.0,-68.0
1777889485.6363325,5.0,2.0,-71.0
1777889485.6463325,2.0,-1.0,-77.0
1777889485.6563325,1.0,-1.0,-75.0
1777889485.6663325,7.0,-2.0,-74.0
1777889485.6763325,6.0,-4.0,-73.0
1777889485.6863325,4.0,0.0,-71.0
1777889485.6963325,2.0,-2.0,-66.0
1777889485.7063324,4.0,-3.0,-65.0
1777889485.7163324,0.0,-1.0,-58.0
1777889485.7263324,-3.0,-1.0,-57.0
1777889485.7363324,-8.0,-4.0,-59.0
1777889485.7463324,-9.0,-8.0,-66.0
1777889485.7563324,-8.0,-4.0,-68.0
1777889485.7663324,-6.0,2.0,-67.0
1777889485.7763324,0.0,5.0,-71.0
1777889485.7863324,0.0,8.0,-72.0
1777889485.7963324,-1.0,5.0,-67.0
1777889485.8063323,0.0,3.0,-68.0
1777889485.8163323,0.0,0.0,-67.0
1777889485.8263323,3.0,-6.0,-70.0
1777889485.8363323,5.0,-3.0,-74.0
1777889485.8463323,2.0,0.0,-72.0
1777889485.8563323,3.0,-3.0,-76.0
1777889485.8663323,8.0,-3.0,-77.0
1777889485.8763323,8.0,1.0,-75.0
1777889485.8863325,6.0,0.0,-71.0
1777889485.8963325,5.0,-1.0,-70.0
1777889485.9063325,8.0,-1.0,-76.0
1777889485.9163325,5.0,0.0,-80.0
1777889485.9263325,8.0,1.0,-78.0
1777889485.9363325,6.0,-2.0,-76.0
1777889485.9463325,3.0,0.0,-73.0
1777889485.9563324,2.0,0.0,-73.0
1777889485.9663324,2.0,-3.0,-77.0
1777889485.9763324,5.0,-3.0,-77.0
1777889485.9863324,0.0,0.0,-78.0
1777889485.9963324,-1.0,0.0,-72.0
1777889486.0063324,1.0,0.0,-76.0
1777889486.0163324,2.0,-1.0,-79.0
1777889486.0263324,0.0,-3.0,-76.0
1777889486.0363324,3.0,-6.0,-77.0
1777889486.0463324,2.0,-4.0,-80.0
1777889486.0563323,3.0,0.0,-83.0
1777889486.0663323,1.0,0.0,-73.0
1777889486.0763323,5.0,3.0,-76.0
1777889486.0863323,2.0,5.0,-76.0
1777889486.0963323,1.0,4.0,-81.0
1777889486.1063323,-2.0,5.0,-83.0
1777889486.1163323,0.0,1.0,-82.0
1777889486.1263323,0.0,-1.0,-87.0
1777889486.1363325,0.0,-1.0,-76.0
1777889486.1463325,-1.0,0.0,-69.0
1777889486.1563325,-3.0,-2.0,-69.0
1777889486.1663325,-3.0,-1.0,-68.0
1777889486.1763325,-3.0,-4.0,-68.0
1777889486.1863325,0.0,-3.0,-69.0
1777889486.1963325,4.0,-3.0,-70.0
1777889486.2063324,4.0,-5.0,-72.0
1777889486.2163324,3.0,-4.0,-81.0
1777889486.2263324,5.0,-1.0,-79.0
1777889486.2363324,3.0,-1.0,-74.0
1777889486.2463324,6.0,0.0,-73.0
1777889486.2563324,6.0,-2.0,-75.0
1777889486.2663324,5.0,-4.0,-74.0
1777889486.2763324,6.0,-4.0,-71.0
1777889486.2863324,5.0,-2.0,-70.0
1777889486.2963324,4.0,-5.0,-72.0
1777889486.3063323,2.0,0.0,-69.0
1777889486.3163323,1.0,2.0,-74.0
1777889486.3263323,5.0,0.0,-77.0
1777889486.3363323,4.0,3.0,-75.0
1777889486.3463323,5.0,1.0,-76.0
1777889486.3563323,2.0,-1.0,-74.0
1777889486.3663323,1.0,-3.0,-77.0
1777889486.3763323,-1.0,-1.0,-76.0
1777889486.3863325,0.0,0.0,-73.0
1777889486.3963325,2.0,-2.0,-68.0
1777889486.4063325,4.0,-4.0,-73.0
1777889486.4163325,0.0,-3.0,-74.0
1777889486.4263325,2.0,2.0,-81.0
1777889486.4363325,2.0,1.0,-79.0
1777889486.4463325,-2.0,0.0,-79.0
1777889486.4563324,-9.0,0.0,-77.0
1777889486.4663324,-9.0,-2.0,-74.0
1777889486.4763324,-6.0,-3.0,-74.0
1777889486.4863324,-8.0,-3.0,-69.0
1777889486.4963324,-3.0,-5.0,-68.0
1777889486.5063324,-2.0,-6.0,-69.0
1777889486.5163324,-1.0,-7.0,-70.0
1777889486.5263324,-2.0,-7.0,-73.0
1777889486.5363324,-1.0,-4.0,-76.0
1777889486.5463324,3.0,-5.0,-77.0
1777889486.5563323,2.0,-1.0,-80.0
1777889486.5663323,4.0,0.0,-76.0
1777889486.5763323,-1.0,-3.0,-73.0
1777889486.5863323,-1.0,-4.0,-77.0
1777889486.5963323,2.0,0.0,-80.0
1777889486.6063323,1.0,-2.0,-78.0
1777889486.6163323,-2.0,-3.0,-76.0
1777889486.6263323,-2.0,-1.0,-83.0
1777889486.6363325,1.0,0.0,-74.0
1777889486.6463325,0.0,1.0,-75.0
1777889486.6563325,1.0,0.0,-73.0
1777889486.6663325,-3.0,-1.0,-69.0
1777889486.6763325,0.0,-3.0,-68.0
1777889486.6863325,-6.0,-8.0,-68.0
1777889486.6973324,0.0,-7.0,-70.0
1777889486.7063324,-2.0,-11.0,-73.0
1777889486.7163324,-6.0,-6.0,-77.0
1777889486.7263324,1.0,0.0,-73.0
1777889486.7373323,1.0,3.0,-75.0
1777889486.7473323,0.0,4.0,-77.0
1777889486.7573323,3.0,2.0,-78.0
1777889486.7673323,2.0,-2.0,-78.0
1777889486.7773323,4.0,-4.0,-76.0
1777889486.7873323,6.0,-11.0,-72.0
1777889486.7973323,7.0,-9.0,-72.0
1777889486.8073325,6.0,-9.0,-73.0
1777889486.8173325,7.0,-13.0,-77.0
1777889486.8273325,2.0,-18.0,-70.0
1777889486.8373325,0.0,-18.0,-70.0
1777889486.8473325,-1.0,-12.0,-71.0
1777889486.8573325,1.0,-14.0,-71.0
1777889486.8673325,1.0,-12.0,-72.0
1777889486.8773324,4.0,-9.0,-69.0
1777889486.8873324,3.0,-10.0,-71.0
1777889486.8973324,1.0,-8.0,-75.0
1777889486.9073324,1.0,-5.0,-76.0
1777889486.9173324,-1.0,-2.0,-76.0
1777889486.9273324,0.0,-6.0,-81.0
1777889486.9373324,-2.0,-3.0,-76.0
1777889486.9473324,3.0,-1.0,-75.0
1777889486.9573324,5.0,0.0,-82.0
1777889486.9673324,0.0,1.0,-78.0
1777889486.9773324,-1.0,4.0,-78.0
1777889486.9873323,-5.0,3.0,-74.0
1777889486.9973323,-5.0,0.0,-75.0
1777889487.0073323,-4.0,-1.0,-74.0
1777889487.0173323,-8.0,-2.0,-77.0
1777889487.0273323,-2.0,0.0,-73.0
1777889487.0373323,1.0,3.0,-77.0
1777889487.0473323,0.0,2.0,-70.0
1777889487.0573325,-2.0,1.0,-66.0
1777889487.0673325,-1.0,0.0,-67.0
1777889487.0773325,-1.0,1.0,-69.0
1777889487.0873325,1.0,0.0,-76.0
1777889487.0973325,1.0,-6.0,-77.0
1777889487.1073325,2.0,-5.0,-78.0
1777889487.1173325,-1.0,-3.0,-81.0
1777889487.1273324,-1.0,0.0,-78.0
1777889487.1373324,0.0,-2.0,-77.0
1777889487.1473324,0.0,-3.0,-77.0
1777889487.1573324,-1.0,0.0,-69.0
1777889487.1673324,0.0,0.0,-66.0
1777889487.1773324,-3.0,1.0,-64.0
1777889487.1873324,-2.0,2.0,-73.0
1777889487.1973324,-2.0,3.0,-73.0
1777889487.2073324,0.0,1.0,-72.0
1777889487.2173324,-3.0,-3.0,-70.0
1777889487.2273324,-2.0,-4.0,-69.0
1777889487.2373323,-2.0,-5.0,-73.0
1777889487.2473323,0.0,-3.0,-77.0
1777889487.2573323,-1.0,-3.0,-77.0
1777889487.2673323,-3.0,-4.0,-76.0
1777889487.2773323,0.0,-3.0,-76.0
1777889487.2873323,2.0,-1.0,-67.0
1777889487.2973323,3.0,0.0,-67.0
1777889487.3073325,0.0,1.0,-78.0
1777889487.3173325,1.0,0.0,-82.0
1777889487.3273325,1.0,1.0,-83.0
1777889487.3373325,0.0,-1.0,-86.0
1777889487.3473325,0.0,-2.0,-85.0
1777889487.3573325,0.0,0.0,-82.0
1777889487.3673325,0.0,-2.0,-84.0
1777889487.3773324,-4.0,0.0,-83.0
1777889487.3873324,-1.0,2.0,-81.0
1777889487.3973324,0.0,0.0,-82.0
1777889487.4073324,1.0,0.0,-75.0
1777889487.4173324,-4.0,2.0,-70.0
1777889487.4273324,-5.0,0.0,-70.0
1777889487.4373324,-4.0,-3.0,-71.0
1777889487.4473324,-4.0,-4.0,-71.0
1777889487.4573324,-6.0,0.0,-69.0
1777889487.4673324,-6.0,-2.0,-68.0
1777889487.4773324,-1.0,-5.0,-67.0
1777889487.4873323,-2.0,-2.0,-71.0
1777889487.4973323,-3.0,-4.0,-69.0
1777889487.5073323,2.0,-4.0,-67.0
1777889487.5173323,3.0,-1.0,-73.0
1777889487.5273323,2.0,-1.0,-70.0
1777889487.5373323,1.0,-3.0,-62.0
1777889487.5473323,5.0,-4.0,-60.0
1777889487.5573325,4.0,0.0,-63.0
1777889487.5673325,1.0,-1.0,-70.0
1777889487.5773325,2.0,0.0,-78.0
1777889487.5873325,3.0,-1.0,-79.0
1777889487.5973325,2.0,0.0,-77.0
1777889487.6073325,-2.0,-3.0,-70.0
1777889487.6173325,-2.0,-1.0,-67.0
1777889487.6273324,0.0,2.0,-71.0
1777889487.6373324,-2.0,0.0,-69.0
1777889487.6473324,-5.0,-3.0,-61.0
1777889487.6573324,-4.0,-4.0,-64.0
1777889487.6673324,-1.0,-4.0,-72.0
1777889487.6773324,-5.0,-2.0,-68.0
1777889487.6873324,-6.0,0.0,-64.0
1777889487.6973324,-5.0,-2.0,-70.0
1777889487.7073324,0.0,-1.0,-69.0
1777889487.7173324,-2.0,0.0,-70.0
1777889487.7273324,0.0,1.0,-75.0
1777889487.7373323,-2.0,0.0,-79.0
1777889487.7473323,0.0,-1.0,-79.0
1777889487.7573323,-4.0,-4.0,-83.0
1777889487.7673323,0.0,-3.0,-80.0
1777889487.7773323,3.0,0.0,-79.0
1777889487.7873323,1.0,0.0,-77.0
1777889487.7973323,1.0,0.0,-73.0
1777889487.8073325,0.0,0.0,-78.0
1777889487.8173325,0.0,2.0,-74.0
1777889487.8273325,-6.0,2.0,-76.0
1777889487.8373325,-2.0,0.0,-77.0
1777889487.8473325,-6.0,0.0,-75.0
1777889487.8573325,-4.0,-1.0,-69.0
1777889487.8673325,-1.0,-1.0,-68.0
1777889487.8773324,-1.0,-5.0,-66.0
1777889487.8873324,-2.0,-7.0,-73.0
1777889487.8973324,-6.0,-10.0,-76.0
1777889487.9073324,-5.0,-9.0,-77.0
1777889487.9173324,0.0,-5.0,-79.0
1777889487.9273324,1.0,-3.0,-71.0
1777889487.9373324,0.0,-2.0,-70.0
1777889487.9473324,0.0,-2.0,-75.0
1777889487.9573324,-2.0,-3.0,-71.0
1777889487.9673324,-6.0,-4.0,-71.0
1777889487.9773324,-5.0,-1.0,-73.0
1777889487.9873323,-3.0,0.0,-81.0
1777889487.9973323,-4.0,-1.0,-80.0
1777889488.0073323,-1.0,-2.0,-74.0
1777889488.0173323,3.0,-4.0,-75.0
1777889488.0273323,3.0,-4.0,-80.0
1777889488.0373323,0.0,-3.0,-83.0
1777889488.0473323,2.0,-3.0,-87.0
1777889488.0573325,4.0,-5.0,-86.0
1777889488.0673325,4.0,-5.0,-81.0
1777889488.0773325,2.0,-2.0,-82.0
1777889488.0873325,0.0,-4.0,-78.0
1777889488.0973325,0.0,-1.0,-71.0
1777889488.1073325,5.0,1.0,-71.0
1777889488.1173325,-2.0,1.0,-78.0
1777889488.1273324,-1.0,4.0,-73.0
1777889488.1373324,-2.0,3.0,-75.0
1777889488.1473324,-2.0,0.0,-79.0
1777889488.1573324,0.0,-1.0,-76.0
1777889488.1673324,0.0,-2.0,-73.0
1777889488.1773324,-3.0,2.0,-74.0
1777889488.1873324,-4.0,-1.0,-75.0
1777889488.1973324,-3.0,-3.0,-75.0
1777889488.2073324,-4.0,-2.0,-71.0
1777889488.2173324,-5.0,-5.0,-78.0
1777889488.2273324,-2.0,-3.0,-79.0
1777889488.2373323,5.0,-7.0,-78.0
1777889488.2473323,11.0,-9.0,-82.0
1777889488.2573323,9.0,-10.0,-84.0
1777889488.2673323,6.0,-2.0,-84.0
1777889488.2773323,4.0,2.0,-81.0
1777889488.2873323,4.0,4.0,-77.0
1777889488.2973323,5.0,2.0,-82.0
1777889488.3073325,4.0,1.0,-86.0
1777889488.3173325,2.0,-3.0,-85.0
1777889488.3273325,7.0,-3.0,-93.0
1777889488.3373325,5.0,0.0,-80.0
1777889488.3473325,0.0,-2.0,-83.0
1777889488.3573325,-8.0,-2.0,-80.0
1777889488.3673325,-8.0,-3.0,-85.0
1777889488.3773324,-5.0,0.0,-76.0
1777889488.3873324,-8.0,0.0,-84.0
1777889488.3973324,-8.0,0.0,-88.0
1777889488.4073324,-6.0,-1.0,-88.0
1777889488.4173324,-9.0,-3.0,-89.0
1777889488.4273324,-4.0,-5.0,-87.0
1777889488.4373324,-6.0,-1.0,-84.0
1777889488.4473324,-5.0,-4.0,-87.0
1777889488.4573324,0.0,-1.0,-85.0
1777889488.4673324,0.0,-1.0,-84.0
1777889488.4773324,-4.0,-4.0,-82.0
1777889488.4873323,-4.0,-4.0,-83.0
1777889488.4973323,-4.0,-8.0,-80.0
1777889488.5073323,0.0,-7.0,-80.0
1777889488.5173323,3.0,-7.0,-77.0
1777889488.5273323,2.0,-6.0,-76.0
1777889488.5373323,0.0,-9.0,-73.0
1777889488.5473323,-1.0,-8.0,-72.0
1777889488.5573325,-1.0,-8.0,-75.0
1777889488.5673325,1.0,-4.0,-81.0
1777889488.5773325,0.0,-1.0,-81.0
1777889488.5873325,-1.0,0.0,-77.0
1777889488.5973325,-4.0,-1.0,-77.0
1777889488.6073325,-1.0,1.0,-83.0
1777889488.6173325,-1.0,0.0,-89.0
1777889488.6273324,-1.0,0.0,-80.0
1777889488.6373324,0.0,-1.0,-72.0
1777889488.6473324,5.0,-4.0,-72.0
1777889488.6573324,3.0,-1.0,-71.0
1777889488.6673324,2.0,-1.0,-73.0
1777889488.6773324,1.0,0.0,-80.0
1777889488.6873324,-2.0,3.0,-82.0
1777889488.6973324,1.0,4.0,-85.0
1777889488.7083323,0.0,6.0,-78.0
1777889488.7183323,0.0,4.0,-72.0
1777889488.7283323,0.0,0.0,-66.0
1777889488.7383325,-4.0,1.0,-59.0
1777889488.7483325,-1.0,2.0,-64.0
1777889488.7583325,3.0,-3.0,-71.0
1777889488.7673323,0.0,-1.0,-66.0
1777889488.7783325,0.0,-1.0,-64.0
1777889488.7883325,0.0,-2.0,-67.0
1777889488.7983325,0.0,2.0,-75.0
1777889488.8083324,1.0,5.0,-75.0
1777889488.8183324,0.0,4.0,-74.0
1777889488.8283324,-2.0,3.0,-73.0
1777889488.8383324,0.0,0.0,-68.0
1777889488.8483324,3.0,0.0,-69.0
1777889488.8583324,1.0,3.0,-70.0
1777889488.8683324,3.0,1.0,-70.0
1777889488.8783324,3.0,1.0,-73.0
1777889488.8883324,4.0,0.0,-70.0
1777889488.8983324,2.0,-2.0,-75.0
1777889488.9083323,1.0,-2.0,-81.0
1777889488.9183323,2.0,0.0,-80.0
1777889488.9283323,0.0,1.0,-80.0
1777889488.9383323,-4.0,0.0,-80.0
1777889488.9483323,-2.0,0.0,-82.0
1777889488.9583323,0.0,2.0,-80.0
1777889488.9683323,0.0,4.0,-79.0
1777889488.9783323,3.0,7.0,-83.0
1777889488.9883325,4.0,6.0,-85.0
1777889488.9983325,6.0,0.0,-80.0
1777889489.0083325,8.0,-5.0,-77.0
1777889489.0183325,10.0,-5.0,-74.0
1777889489.0283325,9.0,-5.0,-64.0
1777889489.0383325,8.0,-7.0,-70.0
1777889489.0483325,3.0,-8.0,-73.0
1777889489.0583324,3.0,-3.0,-79.0
1777889489.0683324,6.0,-1.0,-78.0
1777889489.0783324,10.0,-2.0,-82.0
1777889489.0883324,5.0,-8.0,-78.0
1777889489.0983324,4.0,-9.0,-84.0
1777889489.1083324,5.0,-10.0,-85.0
1777889489.1183324,9.0,-7.0,-74.0
1777889489.1283324,4.0,-1.0,-71.0
1777889489.1383324,3.0,3.0,-65.0
1777889489.1483324,3.0,3.0,-63.0
1777889489.1583323,3.0,0.0,-68.0
1777889489.1683323,6.0,-1.0,-77.0
1777889489.1783323,7.0,0.0,-74.0
1777889489.1883323,9.0,-2.0,-80.0
1777889489.1983323,11.0,-2.0,-77.0
1777889489.2083323,13.0,-4.0,-76.0
1777889489.2183323,7.0,-5.0,-78.0
1777889489.2283323,1.0,-2.0,-72.0
1777889489.2383325,4.0,-3.0,-76.0
1777889489.2483325,4.0,-4.0,-72.0
1777889489.2583325,1.0,-5.0,-73.0
1777889489.2683325,-3.0,-1.0,-70.0
1777889489.2783325,0.0,-2.0,-73.0
1777889489.2883325,6.0,2.0,-67.0
1777889489.2983325,7.0,1.0,-68.0
1777889489.3083324,6.0,-2.0,-71.0
1777889489.3183324,7.0,-3.0,-66.0
1777889489.3283324,11.0,-4.0,-64.0
1777889489.3383324,7.0,-3.0,-67.0
1777889489.3483324,3.0,-6.0,-68.0
1777889489.3583324,3.0,-4.0,-71.0
1777889489.3683324,2.0,-1.0,-75.0
1777889489.3783324,0.0,-4.0,-69.0
1777889489.3883324,1.0,-2.0,-72.0
1777889489.3983324,0.0,-1.0,-71.0
1777889489.4083323,-4.0,0.0,-78.0
1777889489.4183323,-3.0,1.0,-80.0
1777889489.4283323,-1.0,4.0,-77.0
1777889489.4383323,-1.0,3.0,-70.0
1777889489.4483323,1.0,1.0,-68.0
1777889489.4583323,2.0,4.0,-66.0
1777889489.4683323,3.0,6.0,-67.0
1777889489.4783323,2.0,9.0,-65.0
1777889489.4883325,-1.0,10.0,-66.0
1777889489.4983325,-3.0,9.0,-65.0
1777889489.5083325,0.0,7.0,-66.0
1777889489.5183325,0.0,5.0,-71.0
1777889489.5283325,4.0,0.0,-70.0
1777889489.5383325,0.0,-5.0,-67.0
1777889489.5483325,-2.0,-5.0,-69.0
1777889489.5583324,0.0,-4.0,-69.0
1777889489.5683324,-5.0,0.0,-68.0
1777889489.5783324,-3.0,1.0,-74.0
1777889489.5883324,-1.0,1.0,-75.0
1777889489.5983324,-7.0,0.0,-79.0
1777889489.6083324,-3.0,-3.0,-79.0
1777889489.6183324,0.0,-4.0,-80.0
1777889489.6283324,-2.0,-3.0,-71.0
1777889489.6383324,-3.0,1.0,-71.0
1777889489.6483324,-4.0,0.0,-68.0
1777889489.6583323,-2.0,3.0,-70.0
1777889489.6683323,-3.0,3.0,-73.0
1777889489.6783323,2.0,0.0,-71.0
1777889489.6883323,2.0,-1.0,-71.0
1777889489.6983323,3.0,-3.0,-74.0
1777889489.7083323,0.0,-2.0,-72.0
1777889489.7183323,0.0,0.0,-78.0
1777889489.7283323,3.0,-1.0,-75.0
1777889489.7383325,0.0,-4.0,-68.0
1777889489.7483325,3.0,-2.0,-67.0
1777889489.7583325,4.0,-4.0,-72.0
1777889489.7683325,5.0,-6.0,-71.0
1777889489.7783325,4.0,-7.0,-76.0
1777889489.7883325,3.0,-3.0,-73.0
1777889489.7983325,-1.0,-1.0,-77.0
1777889489.8083324,0.0,0.0,-76.0
1777889489.8183324,-3.0,0.0,-81.0
1777889489.8283324,-2.0,-1.0,-80.0
1777889489.8383324,-2.0,-2.0,-73.0
1777889489.8483324,-1.0,-3.0,-69.0
1777889489.8583324,-1.0,0.0,-68.0
1777889489.8683324,-3.0,-2.0,-68.0
1777889489.8783324,-2.0,-8.0,-66.0
1777889489.8883324,-1.0,-10.0,-64.0
1777889489.8983324,0.0,-14.0,-66.0
1777889489.9083323,-3.0,-15.0,-70.0
1777889489.9183323,0.0,-14.0,-75.0
1777889489.9283323,0.0,-9.0,-75.0
1777889489.9383323,3.0,-7.0,-78.0
1777889489.9483323,1.0,-10.0,-76.0
1777889489.9583323,1.0,-9.0,-73.0
1777889489.9683323,3.0,-8.0,-72.0
1777889489.9783323,0.0,-5.0,-69.0
1777889489.9883325,1.0,-5.0,-68.0
1777889489.9983325,0.0,-4.0,-69.0
1777889490.0083325,-1.0,-2.0,-76.0
1777889490.0183325,-4.0,-3.0,-80.0
1777889490.0283325,-6.0,-2.0,-79.0
1777889490.0383325,-6.0,0.0,-70.0
1777889490.0483325,-5.0,2.0,-68.0
1777889490.0583324,-4.0,0.0,-71.0
1777889490.0683324,-1.0,2.0,-66.0
1777889490.0783324,1.0,0.0,-68.0
1777889490.0883324,-1.0,0.0,-71.0
1777889490.0983324,-3.0,-3.0,-77.0
1777889490.1083324,-3.0,-5.0,-76.0
1777889490.1183324,1.0,-2.0,-66.0
1777889490.1283324,1.0,-4.0,-67.0
1777889490.1383324,4.0,-7.0,-64.0
1777889490.1483324,5.0,-5.0,-61.0
1777889490.1583323,5.0,0.0,-65.0
1777889490.1683323,3.0,4.0,-65.0
1777889490.1783323,2.0,0.0,-65.0
1777889490.1883323,2.0,0.0,-60.0
1777889490.1983323,5.0,-3.0,-58.0
1777889490.2083323,0.0,-2.0,-57.0
1777889490.2183323,-1.0,0.0,-62.0
1777889490.2283323,2.0,-4.0,-69.0
1777889490.2383325,4.0,-3.0,-67.0
1777889490.2483325,2.0,0.0,-70.0
1777889490.2583325,-4.0,1.0,-63.0
1777889490.2683325,-5.0,0.0,-67.0
1777889490.2783325,-5.0,-1.0,-71.0
1777889490.2883325,-4.0,0.0,-80.0
1777889490.2983325,-1.0,-1.0,-80.0
1777889490.3083324,0.0,0.0,-79.0
1777889490.3183324,4.0,0.0,-76.0
1777889490.3283324,1.0,0.0,-77.0
1777889490.3383324,-2.0,-2.0,-74.0
1777889490.3483324,-2.0,-1.0,-84.0
1777889490.3583324,2.0,0.0,-86.0
1777889490.3683324,3.0,0.0,-80.0
1777889490.3783324,4.0,-2.0,-74.0
1777889490.3883324,5.0,-3.0,-70.0
1777889490.3983324,1.0,-8.0,-70.0
1777889490.4083323,-2.0,-9.0,-66.0
1777889490.4183323,0.0,-11.0,-68.0
1777889490.4283323,6.0,-7.0,-69.0
1777889490.4383323,10.0,-7.0,-75.0
1777889490.4483323,10.0,-8.0,-78.0
1777889490.4583323,7.0,-6.0,-76.0
1777889490.4683323,5.0,-3.0,-75.0
1777889490.4783323,-2.0,0.0,-77.0
1777889490.4883325,-2.0,-2.0,-79.0
1777889490.4983325,-3.0,-1.0,-75.0
1777889490.5083325,-1.0,5.0,-74.0
1777889490.5183325,-1.0,0.0,-78.0
1777889490.5283325,-2.0,-3.0,-79.0
1777889490.5383325,-6.0,-3.0,-77.0
1777889490.5483325,-2.0,-4.0,-74.0
1777889490.5583324,-3.0,-6.0,-65.0
1777889490.5683324,-4.0,-7.0,-63.0
1777889490.5783324,0.0,-9.0,-68.0
1777889490.5883324,0.0,-6.0,-66.0
1777889490.5983324,2.0,-7.0,-60.0
1777889490.6083324,2.0,-9.0,-65.0
1777889490.6183324,1.0,-6.0,-71.0
1777889490.6283324,1.0,-6.0,-74.0
1777889490.6383324,0.0,-3.0,-75.0
1777889490.6483324,-5.0,0.0,-78.0
1777889490.6583323,-6.0,4.0,-71.0
1777889490.6683323,-4.0,7.0,-68.0
1777889490.6783323,0.0,4.0,-71.0
1777889490.6883323,-1.0,4.0,-73.0
1777889490.6983323,0.0,1.0,-70.0
1777889490.7093325,0.0,3.0,-71.0
1777889490.7193325,1.0,1.0,-75.0
1777889490.7293324,2.0,2.0,-80.0
1777889490.7393324,0.0,2.0,-81.0
1777889490.7493324,2.0,0.0,-74.0
1777889490.7593324,-1.0,-4.0,-66.0
1777889490.7693324,0.0,-5.0,-69.0
1777889490.7793324,-3.0,-4.0,-74.0
1777889490.7893324,-3.0,-4.0,-78.0
1777889490.7993324,-5.0,-2.0,-80.0
1777889490.8093324,-1.0,-1.0,-77.0
1777889490.8193324,0.0,-1.0,-71.0
1777889490.8293324,2.0,-2.0,-72.0
1777889490.8393323,0.0,-2.0,-75.0
1777889490.8493323,2.0,-2.0,-83.0
1777889490.8593323,3.0,-7.0,-77.0
1777889490.8693323,4.0,-4.0,-75.0
1777889490.8793323,1.0,0.0,-77.0
1777889490.8893323,1.0,0.0,-77.0
1777889490.8993323,-1.0,2.0,-73.0
1777889490.9093325,-2.0,-2.0,-77.0
1777889490.9193325,-2.0,-5.0,-76.0
1777889490.9293325,-2.0,-7.0,-76.0
1777889490.9393325,-3.0,-6.0,-74.0
1777889490.9493325,0.0,-5.0,-79.0
1777889490.9593325,4.0,-2.0,-75.0
1777889490.9693325,3.0,-4.0,-72.0
1777889490.9793324,3.0,-5.0,-75.0
1777889490.9893324,9.0,-7.0,-76.0
1777889490.9993324,13.0,-2.0,-71.0
1777889491.0093324,11.0,-2.0,-75.0
1777889491.0193324,9.0,-3.0,-75.0
1777889491.0293324,3.0,-3.0,-73.0
1777889491.0393324,1.0,-5.0,-77.0
1777889491.0493324,-1.0,-2.0,-80.0
1777889491.0593324,2.0,0.0,-80.0
1777889491.0693324,3.0,-2.0,-81.0
1777889491.0793324,5.0,-1.0,-84.0
1777889491.0893323,2.0,0.0,-81.0
1777889491.0993323,0.0,0.0,-80.0
1777889491.1093323,-2.0,0.0,-78.0
1777889491.1193323,-6.0,-1.0,-80.0
1777889491.1293323,-5.0,0.0,-79.0
1777889491.1393323,-4.0,0.0,-74.0
1777889491.1493323,-2.0,1.0,-73.0
1777889491.1593325,-5.0,0.0,-72.0
1777889491.1693325,-4.0,0.0,-75.0
1777889491.1793325,-3.0,0.0,-73.0
1777889491.1893325,-5.0,0.0,-73.0
1777889491.1993325,-2.0,2.0,-71.0
1777889491.2093325,0.0,1.0,-69.0
1777889491.2193325,0.0,4.0,-68.0
1777889491.2293324,-1.0,2.0,-72.0
1777889491.2393324,-3.0,0.0,-75.0
1777889491.2493324,-3.0,0.0,-72.0
1777889491.2593324,-9.0,-1.0,-66.0
1777889491.2693324,-8.0,-2.0,-66.0
1777889491.2793324,-6.0,-2.0,-73.0
1777889491.2893324,-4.0,1.0,-74.0
1777889491.2993324,-2.0,-2.0,-66.0
1777889491.3093324,0.0,-4.0,-65.0
1777889491.3193324,3.0,-4.0,-77.0
1777889491.3293324,2.0,-5.0,-79.0
1777889491.3393323,5.0,-5.0,-72.0
1777889491.3493323,1.0,-11.0,-75.0
1777889491.3593323,4.0,-8.0,-76.0
1777889491.3693323,4.0,-5.0,-83.0
1777889491.3793323,4.0,-3.0,-85.0
1777889491.3893323,-1.0,-3.0,-78.0
1777889491.3993323,2.0,-5.0,-78.0
1777889491.4093325,5.0,-5.0,-80.0
1777889491.4193325,5.0,-3.0,-79.0
1777889491.4293325,5.0,-1.0,-74.0
1777889491.4393325,5.0,-2.0,-77.0
1777889491.4493325,7.0,-6.0,-75.0
1777889491.4593325,7.0,-6.0,-74.0
1777889491.4693325,2.0,-2.0,-72.0
1777889491.4793324,1.0,1.0,-74.0
1777889491.4893324,2.0,-1.0,-79.0
1777889491.4993324,0.0,-5.0,-81.0
1777889491.5093324,3.0,-4.0,-80.0
1777889491.5193324,5.0,-2.0,-74.0
1777889491.5293324,5.0,-5.0,-75.0
1777889491.5393324,3.0,-8.0,-74.0
1777889491.5493324,4.0,-9.0,-73.0
1777889491.5593324,3.0,-9.0,-70.0
1777889491.5693324,1.0,-9.0,-74.0
1777889491.5793324,3.0,-7.0,-76.0
1777889491.5893323,5.0,-6.0,-77.0
1777889491.5993323,4.0,-9.0,-84.0
1777889491.6093323,2.0,-3.0,-86.0
1777889491.6193323,4.0,-3.0,-87.0
1777889491.6293323,2.0,-1.0,-86.0
1777889491.6393323,-4.0,0.0,-87.0
1777889491.6493323,-2.0,-3.0,-78.0
1777889491.6593325,-1.0,-6.0,-76.0
1777889491.6693325,-1.0,-6.0,-77.0
1777889491.6793325,-2.0,-4.0,-80.0
1777889491.6893325,-3.0,-1.0,-76.0
1777889491.6993325,0.0,-3.0,-78.0
1777889491.7093325,3.0,-5.0,-79.0
1777889491.7193325,3.0,-5.0,-77.0
1777889491.7293324,1.0,-4.0,-76.0
1777889491.7393324,2.0,0.0,-78.0
1777889491.7493324,1.0,-2.0,-80.0
1777889491.7593324,5.0,-3.0,-80.0
1777889491.7693324,3.0,0.0,-80.0
1777889491.7793324,0.0,2.0,-78.0
1777889491.7893324,1.0,4.0,-72.0
1777889491.7993324,2.0,3.0,-76.0
1777889491.8093324,0.0,1.0,-74.0
1777889491.8193324,7.0,-1.0,-76.0
1777889491.8293324,6.0,-3.0,-71.0
1777889491.8393323,7.0,-7.0,-69.0
1777889491.8493323,6.0,-9.0,-62.0
1777889491.8593323,5.0,-7.0,-57.0
1777889491.8693323,5.0,-4.0,-62.0
1777889491.8793323,0.0,-5.0,-67.0
1777889491.8893323,0.0,-1.0,-68.0
1777889491.8993323,0.0,-3.0,-66.0
1777889491.9093325,2.0,-5.0,-69.0
1777889491.9193325,4.0,-5.0,-74.0
1777889491.9293325,9.0,-8.0,-75.0
1777889491.9393325,4.0,-7.0,-76.0
1777889491.9493325,0.0,-8.0,-77.0
1777889491.9593325,-1.0,-7.0,-78.0
1777889491.9693325,-7.0,-5.0,-76.0
1777889491.9793324,-2.0,-5.0,-75.0
1777889491.9893324,-1.0,-4.0,-75.0
1777889491.9993324,-1.0,-6.0,-75.0
1777889492.0093324,-1.0,-1.0,-73.0
1777889492.0193324,-2.0,-1.0,-77.0
1777889492.0293324,1.0,-3.0,-77.0
1777889492.0393324,-1.0,-5.0,-72.0
1777889492.0493324,-7.0,0.0,-74.0
1777889492.0593324,-1.0,-2.0,-77.0
1777889492.0693324,-4.0,-1.0,-82.0
1777889492.0793324,-4.0,-1.0,-84.0
1777889492.0893323,-2.0,-4.0,-81.0
1777889492.0993323,3.0,-3.0,-82.0
1777889492.1093323,2.0,-4.0,-78.0
1777889492.1193323,1.0,2.0,-71.0
1777889492.1293323,0.0,5.0,-71.0
1777889492.1393323,1.0,1.0,-77.0
1777889492.1493323,-3.0,0.0,-78.0
1777889492.1593325,0.0,0.0,-75.0
1777889492.1693325,-1.0,0.0,-81.0
1777889492.1793325,-3.0,-1.0,-79.0
1777889492.1893325,-1.0,-2.0,-81.0
1777889492.1993325,-2.0,-1.0,-77.0
1777889492.2093325,1.0,-4.0,-76.0
1777889492.2193325,2.0,-4.0,-74.0
1777889492.2293324,3.0,-7.0,-78.0
1777889492.2393324,3.0,-5.0,-91.0
1777889492.2493324,3.0,-6.0,-90.0
1777889492.2593324,1.0,-8.0,-88.0
1777889492.2693324,3.0,-7.0,-88.0
1777889492.2793324,0.0,-1.0,-90.0
1777889492.2893324,-4.0,-6.0,-89.0
1777889492.2993324,0.0,-2.0,-91.0
1777889492.3093324,-5.0,3.0,-91.0
1777889492.3193324,0.0,3.0,-94.0
1777889492.3293324,-2.0,4.0,-90.0
1777889492.3393323,-5.0,3.0,-80.0
1777889492.3493323,-3.0,0.0,-80.0
1777889492.3593323,-4.0,0.0,-79.0
1777889492.3693323,0.0,-1.0,-76.0
1777889492.3793323,2.0,-1.0,-75.0
1777889492.3893323,3.0,-3.0,-81.0
1777889492.3993323,5.0,-6.0,-79.0
1777889492.4093325,7.0,-5.0,-74.0
1777889492.4193325,8.0,0.0,-72.0
1777889492.4293325,7.0,0.0,-74.0
1777889492.4393325,5.0,0.0,-69.0
1777889492.4493325,2.0,3.0,-72.0
1777889492.4593325,4.0,1.0,-71.0
1777889492.4693325,7.0,6.0,-76.0
1777889492.4793324,6.0,2.0,-73.0
1777889492.4893324,1.0,4.0,-68.0
1777889492.4993324,-1.0,1.0,-73.0
1777889492.5093324,0.0,4.0,-68.0
1777889492.5193324,0.0,2.0,-70.0
1777889492.5293324,1.0,3.0,-64.0
1777889492.5393324,1.0,5.0,-64.0
1777889492.5493324,0.0,2.0,-66.0
1777889492.5593324,-1.0,-2.0,-67.0
1777889492.5693324,4.0,-4.0,-69.0
1777889492.5793324,1.0,-3.0,-72.0
1777889492.5893323,1.0,0.0,-72.0
1777889492.5993323,0.0,0.0,-75.0
1777889492.6093323,-3.0,-4.0,-63.0
1777889492.6193323,-2.0,-5.0,-69.0
1777889492.6293323,0.0,-5.0,-73.0
1777889492.6393323,0.0,-2.0,-71.0
1777889492.6493323,0.0,-1.0,-70.0
1777889492.6593325,0.0,-1.0,-70.0
1777889492.6693325,0.0,-1.0,-71.0
1777889492.6803324,2.0,-2.0,-73.0
1777889492.6903324,0.0,-4.0,-70.0
1777889492.7003324,-1.0,-4.0,-67.0
1777889492.7103324,-2.0,-7.0,-69.0
1777889492.7203324,0.0,-11.0,-74.0
1777889492.7303324,6.0,-8.0,-79.0
1777889492.7403324,8.0,-9.0,-79.0
1777889492.7503324,3.0,-7.0,-79.0
1777889492.7603323,1.0,-2.0,-80.0
1777889492.7703323,6.0,0.0,-73.0
1777889492.7803323,3.0,0.0,-72.0
1777889492.7903323,5.0,1.0,-78.0
1777889492.8003323,4.0,-1.0,-74.0
1777889492.8103323,4.0,-2.0,-71.0
1777889492.8203323,3.0,-1.0,-74.0
1777889492.8303325,-1.0,-3.0,-75.0
1777889492.8403325,1.0,-5.0,-77.0
1777889492.8503325,0.0,-4.0,-78.0
1777889492.8603325,-2.0,0.0,-80.0
1777889492.8703325,-4.0,0.0,-84.0
1777889492.8803325,-5.0,-1.0,-79.0
1777889492.8903325,-8.0,-1.0,-80.0
1777889492.9003325,-4.0,-5.0,-73.0
1777889492.9103324,0.0,-4.0,-65.0
1777889492.9203324,4.0,-2.0,-70.0
1777889492.9303324,4.0,2.0,-72.0
1777889492.9403324,-1.0,7.0,-77.0
1777889492.9503324,-1.0,2.0,-75.0
1777889492.9603324,0.0,3.0,-78.0
1777889492.9703324,2.0,0.0,-70.0
1777889492.9803324,1.0,0.0,-69.0
1777889492.9903324,4.0,-2.0,-73.0
1777889493.0003324,6.0,-2.0,-71.0
1777889493.0103323,5.0,-3.0,-73.0
1777889493.0203323,0.0,-1.0,-73.0
1777889493.0303323,-6.0,-3.0,-69.0
1777889493.0403323,-8.0,0.0,-72.0
1777889493.0503323,-3.0,0.0,-68.0
1777889493.0603323,-3.0,2.0,-67.0
1777889493.0703323,-1.0,4.0,-65.0
1777889493.0803325,-2.0,3.0,-65.0
1777889493.0903325,-3.0,2.0,-65.0
1777889493.1003325,-4.0,2.0,-66.0
1777889493.1103325,-9.0,1.0,-64.0
1777889493.1203325,-10.0,1.0,-60.0
1777889493.1303325,-7.0,0.0,-57.0
1777889493.1403325,-5.0,0.0,-66.0
1777889493.1503325,-2.0,1.0,-72.0
1777889493.1603324,0.0,3.0,-76.0
1777889493.1703324,-3.0,2.0,-83.0
1777889493.1803324,-1.0,5.0,-81.0
1777889493.1903324,0.0,3.0,-81.0
1777889493.2003324,3.0,0.0,-82.0
1777889493.2103324,9.0,-3.0,-80.0
1777889493.2203324,11.0,-3.0,-81.0
1777889493.2303324,6.0,-1.0,-81.0
1777889493.2403324,1.0,-3.0,-79.0
1777889493.2503324,-5.0,-3.0,-78.0
1777889493.2603323,-7.0,-3.0,-74.0
1777889493.2703323,-5.0,0.0,-72.0
1777889493.2803323,-3.0,0.0,-74.0
1777889493.2903323,0.0,0.0,-76.0
1777889493.3003323,3.0,-2.0,-75.0
1777889493.3103323,6.0,-6.0,-77.0
1777889493.3203323,2.0,-7.0,-72.0
1777889493.3303325,4.0,-7.0,-73.0
1777889493.3403325,1.0,-4.0,-72.0
1777889493.3503325,4.0,-5.0,-78.0
1777889493.3603325,1.0,-1.0,-81.0
1777889493.3703325,2.0,0.0,-78.0
1777889493.3803325,0.0,0.0,-79.0
1777889493.3903325,-2.0,-4.0,-77.0
1777889493.4003325,-2.0,1.0,-70.0
1777889493.4103324,0.0,2.0,-72.0
1777889493.4203324,0.0,0.0,-72.0
1777889493.4303324,-4.0,0.0,-76.0
1777889493.4403324,-5.0,0.0,-80.0
1777889493.4503324,-3.0,-4.0,-78.0
1777889493.4603324,1.0,-8.0,-76.0
1777889493.4703324,5.0,-9.0,-74.0
1777889493.4803324,4.0,-4.0,-69.0
1777889493.4903324,-1.0,-2.0,-69.0
1777889493.5003324,-7.0,-1.0,-70.0
1777889493.5103323,-5.0,-2.0,-72.0
1777889493.5203323,-5.0,-8.0,-72.0
1777889493.5303323,-7.0,-7.0,-68.0
1777889493.5403323,-2.0,-3.0,-69.0
1777889493.5503323,-1.0,-1.0,-70.0
1777889493.5603323,2.0,-3.0,-71.0
1777889493.5703323,-4.0,-4.0,-66.0
1777889493.5803325,-5.0,-4.0,-65.0
1777889493.5903325,-1.0,-4.0,-70.0
1777889493.6003325,4.0,-2.0,-69.0
1777889493.6103325,6.0,-5.0,-78.0
1777889493.6203325,6.0,-5.0,-77.0
1777889493.6303325,5.0,-2.0,-71.0
1777889493.6403325,4.0,-3.0,-68.0
1777889493.6503325,1.0,-1.0,-71.0
1777889493.6603324,5.0,1.0,-69.0
1777889493.6703324,7.0,0.0,-67.0
1777889493.6803324,11.0,1.0,-66.0
1777889493.6903324,7.0,0.0,-71.0
1777889493.7003324,5.0,0.0,-68.0
1777889493.7103324,0.0,-2.0,-79.0
1777889493.7203324,-2.0,-6.0,-74.0
1777889493.7303324,-2.0,-8.0,-79.0
1777889493.7403324,-2.0,-10.0,-76.0
1777889493.7503324,0.0,-10.0,-71.0
1777889493.7603323,-6.0,-5.0,-79.0
1777889493.7703323,-5.0,0.0,-80.0
1777889493.7803323,-6.0,5.0,-80.0
1777889493.7903323,-4.0,9.0,-78.0
1777889493.8003323,-3.0,5.0,-82.0
1777889493.8103323,-7.0,4.0,-75.0
1777889493.8203323,-6.0,5.0,-78.0
1777889493.8303325,-8.0,4.0,-76.0
1777889493.8403325,-6.0,2.0,-78.0
1777889493.8503325,-6.0,6.0,-73.0
1777889493.8603325,-10.0,11.0,-79.0
1777889493.8703325,-12.0,7.0,-75.0
1777889493.8803325,-8.0,0.0,-71.0
1777889493.8903325,-7.0,-1.0,-62.0
1777889493.9003325,-6.0,-6.0,-61.0
1777889493.9103324,1.0,-7.0,-62.0
1777889493.9203324,4.0,-7.0,-67.0
1777889493.9303324,8.0,-7.0,-67.0
1777889493.9403324,1.0,-10.0,-67.0
1777889493.9503324,-1.0,-8.0,-69.0
1777889493.9603324,-1.0,-5.0,-76.0
1777889493.9703324,0.0,-9.0,-78.0
1777889493.9803324,0.0,-8.0,-80.0
1777889493.9903324,0.0,-10.0,-80.0
1777889494.0003324,-5.0,-9.0,-74.0
1777889494.0103323,0.0,-7.0,-68.0
1777889494.0203323,0.0,-5.0,-71.0
1777889494.0303323,0.0,-5.0,-68.0
1777889494.0403323,1.0,-5.0,-68.0
1777889494.0503323,1.0,-2.0,-66.0
1777889494.0603323,5.0,-3.0,-70.0
1777889494.0703323,6.0,-1.0,-73.0
1777889494.0803325,6.0,-4.0,-81.0
1777889494.0903325,4.0,-2.0,-86.0
1777889494.1003325,4.0,0.0,-84.0
1777889494.1103325,0.0,2.0,-78.0
1777889494.1203325,-3.0,4.0,-71.0
1777889494.1303325,-6.0,1.0,-69.0
1777889494.1403325,-4.0,-4.0,-74.0
1777889494.1503325,-6.0,-4.0,-73.0
1777889494.1603324,-3.0,-6.0,-72.0
1777889494.1703324,-4.0,-5.0,-77.0
1777889494.1803324,-2.0,-2.0,-80.0
1777889494.1903324,0.0,-1.0,-84.0
1777889494.2003324,1.0,0.0,-82.0
1777889494.2103324,1.0,2.0,-77.0
1777889494.2203324,0.0,4.0,-78.0
1777889494.2303324,0.0,2.0,-81.0
1777889494.2403324,0.0,2.0,-78.0
1777889494.2503324,1.0,0.0,-72.0
1777889494.2603323,0.0,0.0,-70.0
1777889494.2703323,2.0,2.0,-74.0
1777889494.2803323,4.0,2.0,-76.0
1777889494.2903323,1.0,-2.0,-74.0
1777889494.3003323,0.0,0.0,-73.0
1777889494.3103323,0.0,-2.0,-71.0
1777889494.3203323,0.0,-1.0,-72.0
1777889494.3303325,1.0,0.0,-79.0
1777889494.3403325,0.0,0.0,-79.0
1777889494.3503325,1.0,-2.0,-77.0
1777889494.3603325,1.0,-4.0,-78.0
1777889494.3703325,1.0,-6.0,-75.0
1777889494.3803325,5.0,-7.0,-79.0
1777889494.3903325,-2.0,-6.0,-78.0
1777889494.4003325,-7.0,-3.0,-75.0
1777889494.4103324,1.0,-6.0,-72.0
1777889494.4203324,-3.0,-5.0,-70.0
1777889494.4303324,-10.0,-2.0,-69.0
1777889494.4403324,-12.0,3.0,-71.0
1777889494.4503324,-10.0,1.0,-72.0
1777889494.4603324,-7.0,0.0,-74.0
1777889494.4703324,-4.0,0.0,-81.0
1777889494.4803324,0.0,3.0,-78.0
1777889494.4903324,0.0,0.0,-75.0
1777889494.5003324,0.0,-3.0,-77.0
1777889494.5103323,-1.0,-3.0,-80.0
1777889494.5203323,0.0,-2.0,-77.0
1777889494.5303323,0.0,-4.0,-81.0
1777889494.5403323,-1.0,-4.0,-74.0
1777889494.5503323,0.0,-5.0,-80.0
1777889494.5603323,-2.0,0.0,-80.0
1777889494.5703323,-4.0,-3.0,-83.0
1777889494.5803325,0.0,-3.0,-87.0
1777889494.5903325,0.0,-4.0,-85.0
1777889494.6003325,2.0,-6.0,-82.0
1777889494.6103325,6.0,-2.0,-80.0
1777889494.6213324,2.0,6.0,-76.0
1777889494.6303325,3.0,3.0,-79.0
1777889494.6403325,6.0,3.0,-75.0
1777889494.6513324,4.0,-1.0,-76.0
1777889494.6613324,0.0,-5.0,-75.0
1777889494.6713324,0.0,-10.0,-78.0
1777889494.6813323,-2.0,-11.0,-72.0
1777889494.6913323,-4.0,-13.0,-77.0
1777889494.7013323,-2.0,-9.0,-85.0
1777889494.7113323,1.0,-7.0,-84.0
1777889494.7213323,-3.0,-6.0,-85.0
1777889494.7313323,-4.0,-4.0,-79.0
1777889494.7413323,-1.0,-3.0,-72.0
1777889494.7513323,0.0,0.0,-66.0
1777889494.7613325,-1.0,2.0,-68.0
1777889494.7713325,-5.0,3.0,-74.0
1777889494.7813325,-10.0,4.0,-79.0
1777889494.7913325,-10.0,5.0,-78.0
1777889494.8013325,-4.0,5.0,-82.0
1777889494.8113325,-7.0,2.0,-79.0
1777889494.8213325,-5.0,-2.0,-77.0
1777889494.8313324,0.0,-5.0,-71.0
1777889494.8413324,-2.0,-8.0,-72.0
1777889494.8513324,-3.0,-7.0,-77.0
1777889494.8613324,-7.0,-9.0,-77.0
1777889494.8713324,0.0,-6.0,-75.0
1777889494.8813324,-4.0,-4.0,-75.0
1777889494.8913324,-6.0,0.0,-77.0
1777889494.9013324,0.0,0.0,-75.0
1777889494.9113324,0.0,0.0,-69.0
1777889494.9213324,-3.0,-1.0,-70.0
1777889494.9313323,-3.0,2.0,-75.0
1777889494.9413323,-1.0,0.0,-80.0
1777889494.9513323,1.0,0.0,-71.0
1777889494.9613323,-3.0,4.0,-84.0
1777889494.9713323,-5.0,6.0,-81.0
1777889494.9813323,-2.0,5.0,-80.0
1777889494.9913323,-2.0,7.0,-79.0
1777889495.0013323,4.0,5.0,-78.0
1777889495.0113325,5.0,-1.0,-74.0
1777889495.0213325,1.0,-3.0,-70.0
1777889495.0313325,0.0,-5.0,-74.0
1777889495.0413325,-3.0,-6.0,-73.0
1777889495.0513325,0.0,-5.0,-73.0
1777889495.0613325,2.0,-1.0,-76.0
1777889495.0713325,0.0,-2.0,-75.0
1777889495.0813324,-3.0,-2.0,-75.0
1777889495.0913324,-4.0,-1.0,-79.0
1777889495.1013324,-1.0,-1.0,-87.0
1777889495.1113324,0.0,4.0,-90.0
1777889495.1213324,0.0,0.0,-89.0
1777889495.1313324,-3.0,0.0,-88.0
1777889495.1413324,-5.0,0.0,-87.0
1777889495.1513324,0.0,1.0,-78.0
1777889495.1613324,3.0,5.0,-78.0
1777889495.1713324,-1.0,3.0,-72.0
1777889495.1813323,0.0,5.0,-74.0
1777889495.1913323,-3.0,11.0,-76.0
1777889495.2013323,-2.0,7.0,-76.0
1777889495.2113323,-6.0,5.0,-80.0
1777889495.2213323,-5.0,4.0,-82.0
1777889495.2313323,-4.0,2.0,-75.0
1777889495.2413323,-1.0,0.0,-71.0
1777889495.2513323,-2.0,0.0,-67.0
1777889495.2613325,-3.0,-3.0,-69.0
1777889495.2713325,-1.0,-6.0,-71.0
1777889495.2813325,0.0,-7.0,-74.0
1777889495.2913325,4.0,-3.0,-81.0
1777889495.3013325,6.0,-2.0,-81.0
1777889495.3113325,0.0,4.0,-89.0
1777889495.3213325,-4.0,4.0,-84.0
1777889495.3313324,0.0,3.0,-78.0
1777889495.3413324,0.0,4.0,-74.0
1777889495.3513324,7.0,6.0,-69.0
1777889495.3613324,3.0,5.0,-72.0
1777889495.3713324,3.0,0.0,-65.0
1777889495.3813324,3.0,0.0,-66.0
1777889495.3913324,0.0,0.0,-66.0
1777889495.4013324,0.0,-3.0,-64.0
1777889495.4113324,3.0,-7.0,-64.0
1777889495.4213324,3.0,-2.0,-69.0
1777889495.4313323,2.0,-2.0,-68.0
1777889495.4413323,0.0,-1.0,-70.0
1777889495.4513323,0.0,-2.0,-72.0
1777889495.4613323,-1.0,0.0,-74.0
1777889495.4713323,3.0,0.0,-73.0
1777889495.4813323,9.0,0.0,-70.0
1777889495.4913323,12.0,3.0,-75.0
1777889495.5013323,14.0,3.0,-85.0
1777889495.5113325,10.0,5.0,-81.0
1777889495.5213325,14.0,5.0,-73.0
1777889495.5313325,11.0,2.0,-65.0
1777889495.5413325,6.0,2.0,-68.0
1777889495.5513325,3.0,2.0,-72.0
1777889495.5613325,1.0,0.0,-70.0
1777889495.5713325,2.0,-1.0,-72.0
1777889495.5813324,0.0,-3.0,-80.0
1777889495.5913324,0.0,-5.0,-81.0
1777889495.6013324,-3.0,-6.0,-76.0
1777889495.6113324,-6.0,-4.0,-76.0
1777889495.6213324,-3.0,-2.0,-78.0
1777889495.6313324,0.0,-6.0,-79.0
1777889495.6413324,1.0,-3.0,-74.0
1777889495.6513324,4.0,-3.0,-79.0
1777889495.6613324,4.0,1.0,-81.0
1777889495.6713324,0.0,-3.0,-78.0
1777889495.6813323,5.0,-7.0,-78.0
1777889495.6913323,5.0,-9.0,-74.0
1777889495.7023325,2.0,-8.0,-74.0
1777889495.7113323,5.0,-6.0,-79.0
1777889495.7213323,4.0,-2.0,-78.0
1777889495.7313323,5.0,-1.0,-78.0
1777889495.7413323,1.0,0.0,-76.0
1777889495.7513323,0.0,-5.0,-81.0
1777889495.7613325,-6.0,-8.0,-72.0
1777889495.7713325,-8.0,-6.0,-69.0
1777889495.7813325,-6.0,-11.0,-70.0
1777889495.7913325,-6.0,-11.0,-74.0
1777889495.8013325,-2.0,-9.0,-71.0
1777889495.8113325,-2.0,-3.0,-65.0
1777889495.8213325,-5.0,-1.0,-62.0
1777889495.8313324,-5.0,0.0,-67.0
1777889495.8413324,-5.0,4.0,-73.0
1777889495.8513324,-5.0,2.0,-80.0
1777889495.8613324,-3.0,-1.0,-83.0
1777889495.8713324,-3.0,-3.0,-84.0
1777889495.8813324,-1.0,-4.0,-79.0
1777889495.8913324,2.0,0.0,-79.0
1777889495.9013324,3.0,3.0,-78.0
1777889495.9113324,0.0,5.0,-80.0
1777889495.9213324,2.0,1.0,-80.0
1777889495.9313323,0.0,2.0,-74.0
1777889495.9413323,0.0,2.0,-74.0
1777889495.9513323,1.0,2.0,-71.0
1777889495.9613323,-1.0,1.0,-68.0
1777889495.9713323,-2.0,0.0,-74.0
1777889495.9813323,2.0,0.0,-73.0
1777889495.9913323,-1.0,1.0,-69.0
1777889496.0013323,0.0,1.0,-64.0
1777889496.0113325,2.0,0.0,-64.0
1777889496.0213325,0.0,1.0,-69.0
1777889496.0313325,-2.0,0.0,-69.0
1777889496.0413325,-4.0,1.0,-71.0
1777889496.0513325,-5.0,2.0,-71.0
1777889496.0613325,-1.0,3.0,-70.0
1777889496.0713325,-2.0,3.0,-76.0
1777889496.0813324,-2.0,9.0,-76.0
1777889496.0913324,0.0,7.0,-75.0
1777889496.1013324,0.0,5.0,-76.0
1777889496.1113324,-3.0,1.0,-78.0
1777889496.1213324,-1.0,-4.0,-72.0
1777889496.1313324,1.0,-6.0,-70.0
1777889496.1413324,0.0,-3.0,-67.0
1777889496.1513324,-2.0,-5.0,-71.0
1777889496.1613324,-2.0,-3.0,-73.0
1777889496.1713324,-3.0,-4.0,-77.0
1777889496.1813323,-3.0,0.0,-75.0
1777889496.1913323,2.0,2.0,-70.0
1777889496.2013323,5.0,0.0,-68.0
1777889496.2113323,5.0,2.0,-76.0
1777889496.2213323,5.0,0.0,-80.0
1777889496.2313323,4.0,0.0,-82.0
1777889496.2413323,2.0,2.0,-78.0
1777889496.2513323,0.0,0.0,-80.0
1777889496.2613325,-2.0,4.0,-72.0
1777889496.2713325,-2.0,1.0,-77.0
1777889496.2813325,-2.0,-1.0,-78.0
1777889496.2913325,-2.0,-3.0,-78.0
1777889496.3013325,0.0,0.0,-78.0
1777889496.3113325,-2.0,0.0,-82.0
1777889496.3213325,-5.0,0.0,-79.0
1777889496.3313324,-5.0,-1.0,-77.0
1777889496.3413324,-5.0,1.0,-71.0
1777889496.3513324,-3.0,0.0,-74.0
1777889496.3613324,-4.0,-4.0,-67.0
1777889496.3713324,0.0,-2.0,-69.0
1777889496.3813324,1.0,0.0,-74.0
1777889496.3913324,2.0,5.0,-72.0
1777889496.4013324,0.0,3.0,-73.0
1777889496.4113324,-1.0,4.0,-73.0
1777889496.4213324,-3.0,0.0,-70.0
1777889496.4313323,0.0,-3.0,-70.0
1777889496.4413323,0.0,-2.0,-68.0
1777889496.4513323,2.0,-2.0,-67.0
1777889496.4613323,1.0,-1.0,-69.0
1777889496.4713323,5.0,-2.0,-73.0
1777889496.4813323,7.0,-5.0,-82.0
1777889496.4913323,6.0,-4.0,-82.0
1777889496.5013323,10.0,0.0,-84.0
1777889496.5113325,8.0,0.0,-87.0
1777889496.5213325,3.0,-1.0,-79.0
1777889496.5313325,-3.0,1.0,-80.0
1777889496.5413325,0.0,2.0,-87.0
1777889496.5513325,4.0,7.0,-85.0
1777889496.5613325,4.0,6.0,-78.0
1777889496.5713325,5.0,-1.0,-83.0
1777889496.5813324,3.0,-5.0,-79.0
1777889496.5913324,3.0,-2.0,-74.0
1777889496.6013324,-2.0,-4.0,-74.0
1777889496.6123323,1.0,-1.0,-71.0
1777889496.6213324,4.0,0.0,-72.0
1777889496.6313324,0.0,-2.0,-74.0
1777889496.6423323,-1.0,0.0,-77.0
1777889496.6523323,3.0,3.0,-83.0
1777889496.6623323,4.0,-1.0,-83.0
1777889496.6723323,5.0,-2.0,-81.0
1777889496.6823325,6.0,-2.0,-80.0
1777889496.6923325,4.0,-5.0,-85.0
1777889496.7023325,-2.0,-3.0,-84.0
1777889496.7123325,-6.0,-6.0,-83.0
1777889496.7223325,-6.0,-6.0,-78.0
1777889496.7323325,-3.0,-8.0,-71.0
1777889496.7423325,-4.0,-10.0,-71.0
1777889496.7523324,-5.0,-9.0,-73.0
1777889496.7623324,-2.0,-7.0,-78.0
1777889496.7723324,1.0,0.0,-75.0
1777889496.7823324,4.0,0.0,-77.0
1777889496.7923324,6.0,0.0,-77.0
1777889496.8023324,6.0,-3.0,-86.0
1777889496.8123324,5.0,-7.0,-79.0
1777889496.8223324,5.0,-7.0,-76.0
1777889496.8323324,0.0,-5.0,-79.0
1777889496.8423324,-1.0,-4.0,-78.0
1777889496.8523324,0.0,-2.0,-74.0
1777889496.8623323,3.0,-3.0,-80.0
1777889496.8723323,1.0,-3.0,-82.0
1777889496.8823323,0.0,-4.0,-78.0
1777889496.8923323,1.0,-4.0,-77.0
1777889496.9023323,0.0,0.0,-80.0
1777889496.9123323,0.0,-1.0,-85.0
1777889496.9223323,0.0,-3.0,-84.0
1777889496.9323325,0.0,-5.0,-84.0
1777889496.9423325,-2.0,0.0,-81.0
1777889496.9523325,-4.0,3.0,-80.0
1777889496.9623325,-7.0,4.0,-79.0
1777889496.9723325,-5.0,5.0,-70.0
1777889496.9823325,-4.0,6.0,-72.0
1777889496.9923325,-2.0,2.0,-77.0
1777889497.0023324,3.0,1.0,-79.0
1777889497.0123324,2.0,3.0,-82.0
1777889497.0223324,0.0,1.0,-84.0
1777889497.0323324,-1.0,5.0,-76.0
1777889497.0423324,1.0,3.0,-75.0
1777889497.0523324,-2.0,8.0,-79.0
1777889497.0623324,0.0,3.0,-79.0
1777889497.0723324,2.0,0.0,-86.0
1777889497.0823324,0.0,3.0,-75.0
1777889497.0923324,-3.0,4.0,-75.0
1777889497.1023324,-3.0,3.0,-75.0
1777889497.1123323,-5.0,5.0,-81.0
1777889497.1223323,-3.0,7.0,-73.0
1777889497.1323323,-1.0,2.0,-69.0
1777889497.1423323,3.0,-4.0,-71.0
1777889497.1523323,4.0,-2.0,-67.0
1777889497.1623323,4.0,2.0,-61.0
1777889497.1723323,6.0,2.0,-62.0
1777889497.1823325,6.0,4.0,-68.0
1777889497.1923325,0.0,3.0,-66.0
1777889497.2023325,-1.0,7.0,-67.0
1777889497.2123325,-2.0,2.0,-77.0
1777889497.2223325,-4.0,-3.0,-76.0
1777889497.2323325,-4.0,-3.0,-76.0
1777889497.2423325,0.0,0.0,-74.0
1777889497.2523324,2.0,0.0,-71.0
1777889497.2623324,0.0,-3.0,-73.0
1777889497.2723324,1.0,-5.0,-76.0
1777889497.2823324,-1.0,-3.0,-74.0
1777889497.2923324,0.0,-1.0,-79.0
1777889497.3023324,1.0,5.0,-78.0
1777889497.3123324,-1.0,3.0,-74.0
1777889497.3223324,1.0,7.0,-70.0
1777889497.3323324,2.0,6.0,-70.0
1777889497.3423324,3.0,4.0,-68.0
1777889497.3523324,3.0,-2.0,-72.0
1777889497.3623323,0.0,-1.0,-72.0
1777889497.3723323,-1.0,2.0,-68.0
1777889497.3823323,1.0,3.0,-66.0
1777889497.3923323,0.0,0.0,-70.0
1777889497.4023323,-3.0,3.0,-70.0
1777889497.4123323,0.0,1.0,-73.0
1777889497.4223323,0.0,0.0,-68.0
1777889497.4323325,0.0,3.0,-72.0
1777889497.4423325,-2.0,1.0,-75.0
1777889497.4523325,-6.0,1.0,-75.0
1777889497.4623325,-2.0,4.0,-81.0
1777889497.4723325,2.0,8.0,-83.0
1777889497.4823325,4.0,12.0,-83.0
1777889497.4923325,0.0,8.0,-78.0
1777889497.5033324,5.0,8.0,-79.0
1777889497.5123324,9.0,5.0,-74.0
1777889497.5223324,9.0,0.0,-75.0
1777889497.5323324,8.0,-4.0,-81.0
1777889497.5423324,8.0,-9.0,-74.0
1777889497.5523324,11.0,-15.0,-75.0
1777889497.5623324,12.0,-13.0,-72.0
1777889497.5723324,9.0,-7.0,-69.0
1777889497.5823324,7.0,-6.0,-74.0
1777889497.5923324,7.0,-3.0,-73.0
1777889497.6023324,7.0,-4.0,-72.0
1777889497.6123323,8.0,-3.0,-70.0
1777889497.6223323,0.0,-3.0,-71.0
1777889497.6323323,-3.0,-4.0,-72.0
1777889497.6423323,-5.0,-3.0,-71.0
1777889497.6523323,-4.0,0.0,-76.0
1777889497.6623323,-2.0,-1.0,-83.0
1777889497.6723323,0.0,1.0,-84.0
1777889497.6823325,-3.0,-1.0,-79.0
1777889497.6923325,-5.0,-5.0,-77.0
1777889497.7023325,-6.0,-7.0,-71.0
1777889497.7123325,-3.0,-10.0,-71.0
1777889497.7223325,-2.0,-7.0,-74.0
1777889497.7323325,3.0,-6.0,-85.0
1777889497.7423325,2.0,-6.0,-82.0
1777889497.7523324,1.0,-7.0,-79.0
1777889497.7623324,-1.0,-7.0,-75.0
1777889497.7723324,2.0,-6.0,-68.0
1777889497.7823324,6.0,-5.0,-66.0
1777889497.7923324,3.0,-2.0,-65.0
1777889497.8023324,3.0,-3.0,-74.0
1777889497.8123324,4.0,-2.0,-80.0
1777889497.8223324,1.0,-2.0,-78.0
1777889497.8323324,0.0,-1.0,-83.0
1777889497.8423324,1.0,1.0,-84.0
1777889497.8523324,3.0,1.0,-86.0
1777889497.8623323,0.0,0.0,-87.0
1777889497.8723323,-2.0,5.0,-90.0
1777889497.8823323,0.0,4.0,-83.0
1777889497.8923323,0.0,3.0,-77.0
1777889497.9023323,0.0,1.0,-70.0
1777889497.9123323,1.0,0.0,-73.0
1777889497.9223323,0.0,-2.0,-79.0
1777889497.9323325,0.0,-3.0,-84.0
1777889497.9423325,0.0,-3.0,-86.0
1777889497.9523325,0.0,0.0,-88.0
1777889497.9623325,4.0,1.0,-92.0
1777889497.9723325,3.0,2.0,-87.0
1777889497.9823325,3.0,1.0,-80.0
1777889497.9923325,3.0,-1.0,-77.0
1777889498.0023324,0.0,-4.0,-76.0
1777889498.0123324,2.0,-3.0,-69.0
1777889498.0223324,2.0,-7.0,-70.0
1777889498.0323324,0.0,-8.0,-69.0
1777889498.0423324,2.0,-1.0,-64.0
1777889498.0523324,5.0,-2.0,-64.0
1777889498.0623324,4.0,-2.0,-62.0
1777889498.0723324,-4.0,-8.0,-60.0
1777889498.0823324,-1.0,-7.0,-65.0
1777889498.0923324,-4.0,-3.0,-73.0
1777889498.1023324,-3.0,-2.0,-81.0
1777889498.1123323,-5.0,-2.0,-83.0
1777889498.1223323,-5.0,-3.0,-76.0
1777889498.1323323,-7.0,-4.0,-73.0
1777889498.1423323,-4.0,-2.0,-77.0
1777889498.1523323,-1.0,1.0,-83.0
1777889498.1623323,-3.0,4.0,-75.0
1777889498.1723323,-3.0,2.0,-77.0
1777889498.1823325,1.0,2.0,-77.0
1777889498.1923325,1.0,0.0,-77.0
1777889498.2023325,1.0,1.0,-72.0
1777889498.2123325,3.0,1.0,-67.0
1777889498.2223325,0.0,2.0,-67.0
1777889498.2323325,3.0,0.0,-67.0
1777889498.2423325,7.0,2.0,-65.0
1777889498.2523324,11.0,2.0,-64.0
1777889498.2623324,10.0,-1.0,-65.0
1777889498.2723324,5.0,-5.0,-68.0
1777889498.2823324,0.0,-5.0,-67.0
1777889498.2923324,-1.0,-6.0,-62.0
1777889498.3023324,2.0,-2.0,-61.0
1777889498.3123324,3.0,-2.0,-67.0
1777889498.3223324,4.0,0.0,-67.0
1777889498.3323324,3.0,-1.0,-62.0
1777889498.3423324,2.0,-1.0,-67.0
1777889498.3523324,2.0,0.0,-72.0
1777889498.3623323,1.0,4.0,-77.0
1777889498.3723323,2.0,1.0,-73.0
1777889498.3823323,3.0,0.0,-81.0
1777889498.3923323,3.0,-1.0,-83.0
1777889498.4023323,3.0,-2.0,-91.0
1777889498.4123323,4.0,0.0,-86.0
1777889498.4223323,0.0,3.0,-86.0
1777889498.4323325,-2.0,2.0,-88.0
1777889498.4423325,2.0,1.0,-82.0
1777889498.4523325,3.0,0.0,-80.0
1777889498.4623325,8.0,-3.0,-77.0
1777889498.4723325,8.0,-2.0,-63.0
1777889498.4823325,6.0,-2.0,-67.0
1777889498.4923325,-1.0,2.0,-67.0
1777889498.5023324,-5.0,4.0,-76.0
1777889498.5123324,-3.0,2.0,-80.0
1777889498.5223324,-6.0,2.0,-84.0
1777889498.5323324,-1.0,0.0,-81.0
1777889498.5423324,-5.0,-2.0,-81.0
1777889498.5523324,-2.0,-4.0,-80.0
1777889498.5623324,6.0,-3.0,-75.0
1777889498.5723324,6.0,-5.0,-69.0
1777889498.5823324,4.0,-6.0,-77.0
1777889498.5923324,2.0,-8.0,-75.0
1777889498.6023324,2.0,-3.0,-72.0
1777889498.6133325,0.0,-2.0,-73.0
1777889498.6223323,6.0,0.0,-73.0
1777889498.6333325,3.0,3.0,-70.0
1777889498.6433325,1.0,1.0,-64.0
1777889498.6533325,-3.0,1.0,-72.0
1777889498.6633325,0.0,1.0,-73.0
1777889498.6733325,0.0,0.0,-70.0
1777889498.6833324,3.0,-3.0,-65.0
1777889498.6933324,5.0,-1.0,-66.0
1777889498.7033324,6.0,2.0,-66.0
1777889498.7133324,5.0,1.0,-62.0
1777889498.7233324,3.0,-1.0,-55.0
1777889498.7333324,0.0,-1.0,-60.0
1777889498.7433324,0.0,3.0,-58.0
1777889498.7533324,1.0,1.0,-60.0
1777889498.7633324,8.0,3.0,-66.0
1777889498.7733324,4.0,3.0,-68.0
1777889498.7833323,1.0,0.0,-71.0
1777889498.7933323,0.0,-4.0,-76.0
1777889498.8033323,2.0,-2.0,-79.0
1777889498.8133323,6.0,-1.0,-72.0
1777889498.8233323,2.0,0.0,-75.0
1777889498.8333323,0.0,-1.0,-79.0
1777889498.8433323,0.0,0.0,-80.0
1777889498.8533323,0.0,-2.0,-79.0
1777889498.8633325,1.0,-4.0,-82.0
1777889498.8733325,0.0,1.0,-84.0
1777889498.8833325,0.0,0.0,-90.0
1777889498.8933325,2.0,-1.0,-92.0
1777889498.9033325,5.0,-3.0,-85.0
1777889498.9133325,4.0,-5.0,-84.0
1777889498.9233325,0.0,-3.0,-79.0
1777889498.9333324,-3.0,0.0,-77.0
1777889498.9433324,-6.0,0.0,-71.0
1777889498.9533324,-6.0,0.0,-75.0
1777889498.9633324,-4.0,-2.0,-73.0
1777889498.9733324,-2.0,-4.0,-74.0
1777889498.9833324,-7.0,-7.0,-70.0
1777889498.9933324,-9.0,-9.0,-63.0
1777889499.0033324,-7.0,-8.0,-67.0
1777889499.0133324,-3.0,-4.0,-71.0
1777889499.0233324,-4.0,-1.0,-74.0
1777889499.0333323,-5.0,0.0,-76.0
1777889499.0433323,0.0,-1.0,-69.0
1777889499.0533323,0.0,-2.0,-66.0
1777889499.0633323,1.0,-2.0,-67.0
1777889499.0733323,6.0,0.0,-62.0
1777889499.0833323,5.0,0.0,-67.0
1777889499.0933323,5.0,-2.0,-71.0
1777889499.1033323,1.0,-2.0,-70.0
1777889499.1133325,0.0,-2.0,-71.0
1777889499.1233325,0.0,-3.0,-73.0
1777889499.1333325,1.0,-2.0,-71.0
1777889499.1433325,3.0,2.0,-73.0
1777889499.1533325,5.0,2.0,-77.0
1777889499.1633325,3.0,0.0,-74.0
1777889499.1733325,0.0,0.0,-77.0
1777889499.1833324,-2.0,-4.0,-79.0
1777889499.1933324,-1.0,-5.0,-76.0
1777889499.2033324,0.0,-4.0,-75.0
1777889499.2133324,-3.0,-5.0,-77.0
1777889499.2233324,-3.0,-3.0,-83.0
1777889499.2333324,0.0,-3.0,-84.0
1777889499.2433324,-1.0,-1.0,-78.0
1777889499.2533324,-6.0,1.0,-77.0
1777889499.2633324,-3.0,3.0,-73.0
1777889499.2733324,-2.0,4.0,-77.0
1777889499.2833323,0.0,0.0,-77.0
1777889499.2933323,6.0,1.0,-83.0
1777889499.3033323,1.0,2.0,-85.0
1777889499.3133323,-2.0,-2.0,-83.0
1777889499.3233323,-1.0,-3.0,-81.0
1777889499.3333323,6.0,-3.0,-81.0
1777889499.3433323,7.0,-2.0,-82.0
1777889499.3533323,4.0,-4.0,-85.0
1777889499.3633325,4.0,-4.0,-81.0
1777889499.3733325,4.0,-4.0,-82.0
1777889499.3833325,1.0,-2.0,-72.0
1777889499.3933325,0.0,0.0,-75.0
1777889499.4033325,0.0,-1.0,-75.0
1777889499.4133325,-1.0,-2.0,-77.0
1777889499.4233325,1.0,-2.0,-75.0
1777889499.4333324,2.0,-6.0,-77.0
1777889499.4433324,2.0,-4.0,-82.0
1777889499.4533324,-1.0,-2.0,-84.0
1777889499.4633324,-5.0,-2.0,-77.0
1777889499.4733324,-7.0,-1.0,-79.0
1777889499.4833324,-3.0,-3.0,-80.0
1777889499.4933324,-1.0,-4.0,-75.0
1777889499.5033324,0.0,0.0,-76.0
1777889499.5133324,0.0,-3.0,-73.0
1777889499.5233324,0.0,-5.0,-72.0
1777889499.5333323,-2.0,-8.0,-73.0
1777889499.5433323,-3.0,-3.0,-72.0
1777889499.5533323,-2.0,-2.0,-65.0
1777889499.5633323,-1.0,-3.0,-71.0
1777889499.5733323,-3.0,-1.0,-66.0
1777889499.5833323,-2.0,0.0,-72.0
1777889499.5933323,-1.0,2.0,-77.0
1777889499.6033323,-2.0,1.0,-75.0
1777889499.6133325,-5.0,0.0,-72.0
1777889499.6233325,-6.0,2.0,-65.0
1777889499.6333325,0.0,2.0,-66.0
1777889499.6433325,1.0,2.0,-66.0
1777889499.6533325,-1.0,-1.0,-73.0
1777889499.6633325,-4.0,0.0,-73.0
1777889499.6733325,-3.0,0.0,-70.0
1777889499.6833324,-3.0,0.0,-66.0
1777889499.6933324,-1.0,0.0,-72.0
1777889499.7033324,-1.0,-2.0,-71.0
1777889499.7133324,1.0,-1.0,-68.0
1777889499.7233324,1.0,-1.0,-67.0
1777889499.7333324,2.0,2.0,-67.0
1777889499.7433324,0.0,1.0,-67.0
1777889499.7533324,3.0,1.0,-67.0
1777889499.7633324,4.0,2.0,-65.0
1777889499.7733324,3.0,-1.0,-66.0
1777889499.7833323,3.0,-1.0,-66.0
1777889499.7933323,0.0,3.0,-65.0
1777889499.8033323,-2.0,-1.0,-64.0
1777889499.8133323,0.0,0.0,-72.0
1777889499.8233323,-1.0,1.0,-76.0
1777889499.8333323,-3.0,2.0,-78.0
1777889499.8433323,-2.0,1.0,-75.0
1777889499.8533323,-1.0,0.0,-79.0
1777889499.8633325,-4.0,-3.0,-76.0
1777889499.8733325,-5.0,-3.0,-77.0
1777889499.8833325,-5.0,0.0,-79.0
1777889499.8933325,-5.0,-1.0,-78.0
1777889499.9033325,-4.0,-1.0,-76.0
1777889499.9133325,-6.0,0.0,-76.0
1777889499.9233325,-5.0,0.0,-76.0
1777889499.9333324,-3.0,2.0,-80.0
1777889499.9433324,-3.0,1.0,-81.0
1777889499.9533324,1.0,2.0,-78.0
1777889499.9633324,1.0,2.0,-75.0
1777889499.9733324,-1.0,0.0,-67.0
1777889499.9833324,0.0,2.0,-66.0
1777889499.9933324,-1.0,0.0,-68.0
1777889500.0033324,0.0,2.0,-72.0
1777889500.0133324,5.0,5.0,-73.0
1777889500.0233324,8.0,6.0,-73.0
1777889500.0333323,8.0,2.0,-72.0
1777889500.0433323,1.0,1.0,-75.0
1777889500.0533323,1.0,0.0,-76.0
1777889500.0633323,-2.0,0.0,-75.0
1777889500.0733323,-2.0,-5.0,-75.0
1777889500.0833323,3.0,0.0,-76.0
1777889500.0933323,2.0,0.0,-78.0
1777889500.1033323,0.0,0.0,-80.0
1777889500.1133325,-2.0,3.0,-77.0
1777889500.1233325,-3.0,1.0,-73.0
1777889500.1333325,0.0,0.0,-74.0
1777889500.1433325,-2.0,-2.0,-73.0
1777889500.1533325,-4.0,-1.0,-75.0
1777889500.1633325,-6.0,-3.0,-67.0
1777889500.1733325,-2.0,-5.0,-60.0
1777889500.1833324,-1.0,-3.0,-64.0
1777889500.1933324,0.0,-7.0,-73.0
1777889500.2033324,6.0,-8.0,-74.0
1777889500.2133324,6.0,-3.0,-70.0
1777889500.2233324,6.0,0.0,-65.0
1777889500.2333324,4.0,5.0,-67.0
1777889500.2433324,0.0,5.0,-65.0
1777889500.2533324,-2.0,2.0,-66.0
1777889500.2633324,0.0,1.0,-73.0
1777889500.2733324,1.0,-1.0,-71.0
1777889500.2833323,4.0,-2.0,-74.0
1777889500.2933323,6.0,-5.0,-69.0
1777889500.3033323,8.0,-3.0,-74.0
1777889500.3133323,11.0,-3.0,-75.0
1777889500.3233323,11.0,-2.0,-73.0
1777889500.3333323,11.0,0.0,-71.0
1777889500.3433323,8.0,-2.0,-74.0
1777889500.3533323,4.0,-2.0,-71.0
1777889500.3633325,7.0,-5.0,-71.0
1777889500.3733325,10.0,-7.0,-74.0
1777889500.3833325,9.0,-6.0,-72.0
1777889500.3933325,11.0,-9.0,-70.0
1777889500.4033325,10.0,-7.0,-70.0
1777889500.4133325,2.0,-7.0,-73.0
1777889500.4233325,0.0,-7.0,-72.0
1777889500.4333324,1.0,-10.0,-73.0
1777889500.4433324,1.0,-7.0,-79.0
1777889500.4533324,0.0,-8.0,-76.0
1777889500.4633324,-3.0,-8.0,-72.0
1777889500.4733324,-2.0,-3.0,-67.0
1777889500.4833324,0.0,-2.0,-60.0
1777889500.4933324,1.0,0.0,-63.0
1777889500.5033324,1.0,0.0,-68.0
1777889500.5133324,0.0,-1.0,-67.0
1777889500.5233324,0.0,0.0,-66.0
1777889500.5333323,2.0,-1.0,-66.0
1777889500.5433323,3.0,2.0,-68.0
1777889500.5533323,0.0,1.0,-68.0
1777889500.5633323,1.0,-2.0,-70.0
1777889500.5733323,-3.0,-4.0,-61.0
1777889500.5843325,-4.0,-4.0,-58.0
1777889500.5933323,-3.0,-1.0,-54.0
1777889500.6033323,-7.0,0.0,-61.0
1777889500.6143324,-2.0,0.0,-65.0
1777889500.6243324,-1.0,-1.0,-67.0
1777889500.6343324,-2.0,-3.0,-68.0
1777889500.6443324,-1.0,0.0,-65.0
1777889500.6543324,0.0,0.0,-63.0
1777889500.6643324,-3.0,-3.0,-61.0
1777889500.6743324,-4.0,1.0,-60.0
1777889500.6843324,-2.0,5.0,-65.0
1777889500.6943324,0.0,4.0,-68.0
1777889500.7043324,1.0,0.0,-75.0
1777889500.7143323,1.0,2.0,-76.0
1777889500.7243323,3.0,0.0,-68.0
1777889500.7343323,0.0,-1.0,-69.0
1777889500.7443323,-2.0,-4.0,-74.0
1777889500.7543323,0.0,-3.0,-72.0
1777889500.7643323,1.0,-2.0,-66.0
1777889500.7743323,2.0,2.0,-64.0
1777889500.7843325,1.0,0.0,-65.0
1777889500.7943325,-2.0,0.0,-67.0
1777889500.8043325,3.0,0.0,-71.0
1777889500.8143325,0.0,-1.0,-77.0
1777889500.8243325,4.0,-5.0,-81.0
1777889500.8343325,4.0,-4.0,-78.0
1777889500.8443325,0.0,-3.0,-77.0
1777889500.8543324,0.0,-2.0,-76.0
1777889500.8643324,-5.0,-3.0,-75.0
1777889500.8743324,-4.0,-4.0,-65.0
1777889500.8843324,-4.0,0.0,-71.0
1777889500.8943324,-2.0,1.0,-65.0
1777889500.9043324,-1.0,-2.0,-60.0
1777889500.9143324,-3.0,-7.0,-63.0
1777889500.9243324,0.0,-5.0,-64.0
1777889500.9343324,3.0,-4.0,-67.0
1777889500.9443324,6.0,-1.0,-75.0
1777889500.9543324,6.0,0.0,-80.0
1777889500.9643323,3.0,0.0,-80.0
1777889500.9743323,5.0,-2.0,-75.0
1777889500.9843323,6.0,-3.0,-72.0
1777889500.9943323,5.0,-3.0,-71.0
1777889501.0043323,4.0,0.0,-74.0
1777889501.0143323,1.0,0.0,-75.0
1777889501.0243323,3.0,0.0,-71.0
1777889501.0343325,1.0,-7.0,-79.0
1777889501.0443325,4.0,-8.0,-78.0
1777889501.0543325,5.0,-9.0,-77.0
1777889501.0643325,0.0,-6.0,-72.0
1777889501.0743325,-2.0,-5.0,-70.0
1777889501.0843325,0.0,-4.0,-69.0
1777889501.0943325,3.0,-6.0,-70.0
1777889501.1043324,3.0,-7.0,-76.0
1777889501.1143324,2.0,-3.0,-76.0
1777889501.1243324,3.0,-2.0,-80.0
1777889501.1343324,2.0,-3.0,-79.0
1777889501.1443324,3.0,-4.0,-72.0
1777889501.1543324,3.0,-6.0,-74.0
1777889501.1643324,2.0,-4.0,-80.0
1777889501.1743324,2.0,-2.0,-78.0
1777889501.1843324,1.0,-3.0,-79.0
1777889501.1943324,3.0,0.0,-82.0
1777889501.2043324,0.0,0.0,-81.0
1777889501.2143323,-1.0,-1.0,-88.0
1777889501.2243323,-2.0,-1.0,-91.0
1777889501.2343323,-3.0,0.0,-82.0
1777889501.2443323,-3.0,0.0,-83.0
1777889501.2543323,-3.0,0.0,-91.0
1777889501.2643323,-6.0,0.0,-89.0
1777889501.2743323,-5.0,-3.0,-81.0
1777889501.2843325,-8.0,-7.0,-81.0
1777889501.2943325,-3.0,-7.0,-79.0
1777889501.3043325,0.0,-8.0,-80.0
1777889501.3143325,-5.0,-11.0,-81.0
1777889501.3243325,-7.0,-8.0,-79.0
1777889501.3343325,-5.0,-5.0,-76.0
1777889501.3443325,-3.0,-2.0,-79.0
1777889501.3543324,-4.0,-4.0,-79.0
1777889501.3643324,0.0,-4.0,-76.0
1777889501.3743324,1.0,-4.0,-75.0
1777889501.3843324,0.0,-6.0,-74.0
1777889501.3943324,-2.0,-10.0,-77.0
1777889501.4043324,-1.0,-11.0,-78.0
1777889501.4143324,2.0,-9.0,-71.0
1777889501.4243324,2.0,-5.0,-66.0
1777889501.4343324,-2.0,-5.0,-72.0
1777889501.4443324,-1.0,-3.0,-67.0
1777889501.4543324,2.0,-2.0,-66.0
1777889501.4643323,4.0,-2.0,-70.0
1777889501.4743323,0.0,-2.0,-72.0
1777889501.4843323,-7.0,0.0,-67.0
1777889501.4943323,-8.0,-4.0,-65.0
1777889501.5043323,-7.0,-3.0,-71.0
1777889501.5143323,-7.0,-3.0,-79.0
1777889501.5243323,-6.0,-6.0,-78.0
1777889501.5343325,-3.0,-6.0,-76.0
1777889501.5443325,0.0,-3.0,-75.0
1777889501.5543325,-1.0,-1.0,-71.0
1777889501.5643325,-1.0,-1.0,-73.0
1777889501.5743325,0.0,-2.0,-69.0
1777889501.5843325,-4.0,0.0,-66.0
1777889501.5943325,-5.0,2.0,-69.0
1777889501.6043324,-4.0,1.0,-71.0
1777889501.6143324,-5.0,-1.0,-72.0
1777889501.6243324,-7.0,0.0,-72.0
1777889501.6343324,-6.0,0.0,-74.0
1777889501.6443324,-5.0,-2.0,-77.0
1777889501.6543324,-3.0,-2.0,-76.0
1777889501.6643324,0.0,0.0,-76.0
1777889501.6743324,5.0,1.0,-77.0
1777889501.6843324,6.0,0.0,-78.0
1777889501.6943324,4.0,4.0,-76.0
1777889501.7043324,3.0,8.0,-75.0
1777889501.7143323,1.0,6.0,-80.0
1777889501.7243323,1.0,0.0,-80.0
1777889501.7343323,6.0,-2.0,-85.0
1777889501.7443323,10.0,0.0,-84.0
1777889501.7543323,7.0,0.0,-87.0
1777889501.7643323,3.0,-1.0,-82.0
1777889501.7743323,3.0,-1.0,-81.0
1777889501.7853324,2.0,-2.0,-85.0
1777889501.7943325,2.0,1.0,-79.0
1777889501.8043325,0.0,1.0,-76.0
1777889501.8143325,1.0,1.0,-74.0
1777889501.8243325,-6.0,-1.0,-72.0
1777889501.8343325,-2.0,-5.0,-73.0
1777889501.8443325,-4.0,-4.0,-69.0
1777889501.8543324,-7.0,-3.0,-68.0
1777889501.8643324,-4.0,-1.0,-66.0
1777889501.8743324,-3.0,4.0,-67.0
1777889501.8843324,-2.0,6.0,-73.0
1777889501.8943324,0.0,4.0,-67.0
1777889501.9043324,2.0,0.0,-69.0
1777889501.9143324,0.0,-3.0,-66.0
1777889501.9243324,0.0,-4.0,-66.0
1777889501.9343324,0.0,-4.0,-72.0
1777889501.9443324,1.0,-7.0,-78.0
1777889501.9543324,0.0,-8.0,-71.0
1777889501.9643323,2.0,-6.0,-67.0
1777889501.9743323,3.0,-4.0,-74.0
1777889501.9843323,0.0,-1.0,-72.0
1777889501.9943323,-1.0,-3.0,-68.0
1777889502.0043323,0.0,-4.0,-74.0
1777889502.0143323,2.0,-1.0,-75.0
1777889502.0243323,0.0,1.0,-82.0
1777889502.0343325,1.0,-2.0,-80.0
1777889502.0443325,0.0,2.0,-83.0
1777889502.0543325,0.0,-1.0,-83.0
1777889502.0643325,2.0,-2.0,-83.0
1777889502.0743325,1.0,0.0,-84.0
1777889502.0843325,-2.0,-1.0,-84.0
1777889502.0943325,1.0,-2.0,-85.0
1777889502.1043324,3.0,-1.0,-79.0
1777889502.1143324,3.0,0.0,-76.0
1777889502.1243324,5.0,0.0,-79.0
1777889502.1343324,1.0,-3.0,-79.0
1777889502.1443324,3.0,-6.0,-80.0
1777889502.1543324,5.0,-9.0,-78.0
1777889502.1643324,2.0,-10.0,-77.0
1777889502.1743324,0.0,-8.0,-80.0
1777889502.1843324,-1.0,-9.0,-79.0
1777889502.1943324,-1.0,-10.0,-73.0
1777889502.2043324,3.0,-6.0,-76.0
1777889502.2143323,5.0,-6.0,-77.0
1777889502.2243323,6.0,-1.0,-81.0
1777889502.2343323,4.0,-1.0,-82.0
1777889502.2443323,5.0,0.0,-83.0
1777889502.2543323,3.0,0.0,-82.0
1777889502.2643323,2.0,0.0,-82.0
1777889502.2743323,1.0,0.0,-84.0
1777889502.2843325,0.0,0.0,-83.0
1777889502.2943325,-5.0,0.0,-82.0
1777889502.3043325,-3.0,-3.0,-84.0
1777889502.3143325,0.0,-5.0,-84.0
1777889502.3243325,0.0,-2.0,-84.0
1777889502.3343325,-3.0,-4.0,-79.0
1777889502.3443325,0.0,-3.0,-83.0
1777889502.3543324,-2.0,-6.0,-82.0
1777889502.3643324,-1.0,-7.0,-74.0
1777889502.3743324,-6.0,-6.0,-80.0
1777889502.3843324,-2.0,-10.0,-74.0
1777889502.3943324,-2.0,-13.0,-68.0
1777889502.4043324,-1.0,-13.0,-64.0
1777889502.4143324,-4.0,-10.0,-72.0
1777889502.4243324,-6.0,-10.0,-66.0
1777889502.4343324,-8.0,-6.0,-68.0
1777889502.4443324,-6.0,-4.0,-69.0
1777889502.4543324,-3.0,-2.0,-73.0
1777889502.4643323,-2.0,1.0,-70.0
1777889502.4743323,-3.0,1.0,-74.0
1777889502.4843323,0.0,-1.0,-70.0
1777889502.4943323,1.0,-6.0,-72.0
1777889502.5043323,4.0,-6.0,-77.0
1777889502.5143323,3.0,-3.0,-65.0
1777889502.5243323,1.0,-2.0,-71.0
1777889502.5343325,4.0,0.0,-72.0
1777889502.5443325,6.0,0.0,-70.0
1777889502.5543325,4.0,5.0,-72.0
1777889502.5643325,5.0,4.0,-73.0
1777889502.5743325,5.0,2.0,-71.0
1777889502.5853324,5.0,-1.0,-73.0
1777889502.5953324,4.0,-3.0,-80.0
1777889502.6053324,2.0,-2.0,-74.0
1777889502.6153324,2.0,-1.0,-76.0
1777889502.6253324,1.0,0.0,-71.0
1777889502.6353323,2.0,0.0,-77.0
1777889502.6453323,1.0,-2.0,-73.0
1777889502.6553323,3.0,2.0,-70.0
1777889502.6653323,3.0,3.0,-65.0
1777889502.6753323,2.0,0.0,-67.0
1777889502.6853323,1.0,0.0,-72.0
1777889502.6953323,0.0,-1.0,-76.0
1777889502.7053325,-4.0,-5.0,-81.0
1777889502.7153325,-2.0,-3.0,-76.0
1777889502.7253325,-5.0,-6.0,-74.0
1777889502.7353325,-1.0,-4.0,-75.0
1777889502.7453325,-3.0,-3.0,-77.0
1777889502.7553325,0.0,-5.0,-84.0
1777889502.7653325,0.0,-4.0,-83.0
1777889502.7753325,1.0,0.0,-88.0
1777889502.7853324,3.0,0.0,-78.0
1777889502.7953324,7.0,-4.0,-77.0
1777889502.8053324,7.0,-7.0,-71.0
1777889502.8153324,12.0,-7.0,-71.0
1777889502.8253324,10.0,-4.0,-69.0
1777889502.8353324,6.0,-7.0,-70.0
1777889502.8453324,3.0,-3.0,-70.0
1777889502.8553324,6.0,-3.0,-69.0
1777889502.8653324,2.0,-7.0,-71.0
1777889502.8753324,-4.0,-5.0,-70.0
1777889502.8853323,-8.0,-5.0,-73.0
1777889502.8953323,-8.0,-6.0,-80.0
1777889502.9053323,-5.0,-3.0,-80.0
1777889502.9153323,-1.0,-5.0,-75.0
1777889502.9253323,0.0,-6.0,-76.0
1777889502.9353323,-2.0,-5.0,-78.0
1777889502.9453323,-2.0,-4.0,-80.0
1777889502.9553325,-3.0,-4.0,-77.0
1777889502.9653325,-3.0,-4.0,-75.0
1777889502.9753325,-3.0,-3.0,-81.0
1777889502.9853325,-4.0,-5.0,-81.0
1777889502.9953325,-4.0,-7.0,-77.0
1777889503.0053325,-4.0,0.0,-78.0
1777889503.0153325,-5.0,0.0,-78.0
1777889503.0253325,-7.0,0.0,-74.0
1777889503.0353324,-8.0,0.0,-77.0
1777889503.0453324,-5.0,2.0,-81.0
1777889503.0553324,-4.0,4.0,-83.0
1777889503.0653324,-2.0,7.0,-85.0
1777889503.0753324,-3.0,8.0,-90.0
1777889503.0853324,0.0,4.0,-82.0
1777889503.0953324,9.0,6.0,-82.0
1777889503.1053324,9.0,5.0,-79.0
1777889503.1153324,5.0,4.0,-73.0
1777889503.1253324,2.0,3.0,-76.0
1777889503.1353323,0.0,-3.0,-76.0
1777889503.1453323,0.0,-7.0,-71.0
1777889503.1553323,-1.0,-4.0,-65.0
1777889503.1653323,3.0,-3.0,-67.0
1777889503.1753323,6.0,-6.0,-68.0
1777889503.1853323,3.0,-2.0,-68.0
1777889503.1953323,4.0,-1.0,-67.0
1777889503.2053325,0.0,-6.0,-72.0
1777889503.2153325,-4.0,-10.0,-74.0
1777889503.2253325,-5.0,-10.0,-75.0
1777889503.2353325,-1.0,-6.0,-70.0
1777889503.2453325,0.0,-2.0,-75.0
1777889503.2553325,0.0,-2.0,-79.0
1777889503.2653325,0.0,-3.0,-75.0
1777889503.2753325,1.0,-3.0,-81.0
1777889503.2853324,-1.0,-2.0,-81.0
1777889503.2953324,2.0,-4.0,-77.0
1777889503.3053324,3.0,-3.0,-75.0
1777889503.3153324,1.0,0.0,-75.0
1777889503.3253324,4.0,0.0,-78.0
1777889503.3353324,2.0,1.0,-78.0
1777889503.3453324,7.0,0.0,-79.0
1777889503.3553324,7.0,-3.0,-78.0
1777889503.3653324,9.0,-1.0,-76.0
1777889503.3753324,6.0,-1.0,-74.0
1777889503.3853323,5.0,-4.0,-71.0
1777889503.3953323,7.0,-1.0,-69.0
1777889503.4053323,5.0,4.0,-72.0
1777889503.4153323,5.0,3.0,-69.0
1777889503.4253323,8.0,2.0,-71.0
1777889503.4353323,9.0,0.0,-73.0
1777889503.4453323,10.0,-1.0,-70.0
1777889503.4553325,6.0,2.0,-68.0
1777889503.4653325,2.0,2.0,-70.0
1777889503.4753325,3.0,1.0,-67.0
1777889503.4853325,5.0,2.0,-75.0
1777889503.4953325,1.0,4.0,-76.0
1777889503.5053325,0.0,0.0,-73.0
1777889503.5153325,-3.0,0.0,-66.0
1777889503.5253325,-7.0,-3.0,-70.0
1777889503.5353324,-6.0,1.0,-77.0
1777889503.5453324,-9.0,1.0,-78.0
1777889503.5553324,-6.0,-3.0,-78.0
1777889503.5653324,-2.0,0.0,-82.0
1777889503.5753324,0.0,0.0,-80.0
1777889503.5853324,2.0,3.0,-84.0
1777889503.5953324,0.0,-1.0,-83.0
1777889503.6053324,0.0,-1.0,-84.0
1777889503.6153324,4.0,-3.0,-83.0
1777889503.6253324,3.0,-2.0,-85.0
1777889503.6353323,0.0,0.0,-81.0
1777889503.6453323,-3.0,2.0,-78.0
1777889503.6553323,-4.0,0.0,-76.0
1777889503.6653323,-7.0,-4.0,-73.0
1777889503.6753323,-6.0,-3.0,-71.0
1777889503.6853323,-5.0,-2.0,-76.0
1777889503.6953323,-5.0,-3.0,-72.0
1777889503.7053325,-9.0,-4.0,-69.0
1777889503.7153325,-9.0,-5.0,-66.0
1777889503.7253325,-2.0,-7.0,-74.0
1777889503.7353325,-1.0,-7.0,-71.0
1777889503.7453325,3.0,-7.0,-70.0
1777889503.7553325,5.0,-4.0,-72.0
1777889503.7653325,4.0,-6.0,-78.0
1777889503.7753325,4.0,-3.0,-75.0
1777889503.7853324,3.0,-2.0,-73.0
1777889503.7953324,0.0,-6.0,-75.0
1777889503.8053324,-2.0,-3.0,-69.0
1777889503.8153324,0.0,-2.0,-70.0
1777889503.8253324,0.0,-2.0,-76.0
1777889503.8353324,3.0,-6.0,-78.0
1777889503.8453324,0.0,-6.0,-78.0
1777889503.8553324,2.0,-7.0,-80.0
1777889503.8653324,0.0,-4.0,-73.0
1777889503.8753324,-1.0,-8.0,-77.0
1777889503.8853323,5.0,-6.0,-83.0
1777889503.8953323,2.0,-10.0,-88.0
1777889503.9053323,1.0,-7.0,-84.0
1777889503.9153323,0.0,-5.0,-80.0
1777889503.9253323,0.0,-5.0,-73.0
1777889503.9353323,3.0,-4.0,-79.0
1777889503.9453323,1.0,-5.0,-81.0
1777889503.9553325,3.0,-4.0,-84.0
1777889503.9653325,4.0,-4.0,-80.0
1777889503.9753325,6.0,-1.0,-80.0
1777889503.9853325,4.0,-6.0,-76.0
1777889503.9953325,7.0,-10.0,-77.0
1777889504.0053325,4.0,-7.0,-76.0
1777889504.0153325,7.0,-6.0,-73.0
1777889504.0253325,10.0,-3.0,-74.0
1777889504.0353324,15.0,-4.0,-74.0
1777889504.0453324,10.0,-7.0,-69.0
1777889504.0553324,5.0,-6.0,-72.0
1777889504.0653324,5.0,-7.0,-78.0
1777889504.0753324,7.0,-5.0,-80.0
1777889504.0853324,4.0,-4.0,-80.0
1777889504.0953324,-6.0,-4.0,-79.0
1777889504.1053324,-8.0,-4.0,-75.0
1777889504.1153324,-5.0,-5.0,-69.0
1777889504.1253324,-5.0,-3.0,-62.0
1777889504.1353323,-4.0,-3.0,-62.0
1777889504.1453323,-2.0,0.0,-68.0
1777889504.1553323,-1.0,2.0,-70.0
1777889504.1653323,-1.0,4.0,-77.0
1777889504.1753323,-9.0,2.0,-87.0
1777889504.1853323,-9.0,0.0,-84.0
1777889504.1953323,-9.0,-3.0,-78.0
1777889504.2053325,-9.0,-6.0,-72.0
1777889504.2153325,-8.0,-8.0,-73.0
1777889504.2253325,-2.0,-4.0,-68.0
1777889504.2353325,-3.0,-2.0,-70.0
1777889504.2453325,1.0,-5.0,-66.0
1777889504.2553325,0.0,-4.0,-68.0
1777889504.2653325,0.0,-4.0,-72.0
1777889504.2753325,1.0,-3.0,-73.0
1777889504.2853324,2.0,-2.0,-76.0
1777889504.2953324,1.0,-2.0,-74.0
1777889504.3053324,-1.0,-2.0,-71.0
1777889504.3153324,0.0,0.0,-79.0
1777889504.3253324,1.0,-2.0,-76.0
1777889504.3353324,0.0,0.0,-70.0
1777889504.3453324,-4.0,0.0,-74.0
1777889504.3553324,-1.0,2.0,-78.0
1777889504.3653324,-1.0,2.0,-76.0
1777889504.3753324,-2.0,2.0,-79.0
1777889504.3853323,0.0,0.0,-80.0
1777889504.3953323,6.0,-2.0,-74.0
1777889504.4053323,6.0,-3.0,-72.0
1777889504.4153323,5.0,-3.0,-66.0
1777889504.4253323,6.0,-2.0,-68.0
1777889504.4353323,3.0,-1.0,-65.0
1777889504.4453323,1.0,1.0,-65.0
1777889504.4553325,4.0,0.0,-66.0
1777889504.4653325,2.0,0.0,-64.0
1777889504.4753325,4.0,1.0,-64.0
1777889504.4853325,2.0,-3.0,-56.0
1777889504.4953325,4.0,0.0,-52.0
1777889504.5053325,6.0,0.0,-52.0
1777889504.5153325,5.0,-3.0,-59.0
1777889504.5253325,6.0,0.0,-73.0
1777889504.5363324,2.0,-3.0,-76.0
1777889504.5453324,1.0,-2.0,-76.0
1777889504.5553324,5.0,-2.0,-78.0
1777889504.5653324,7.0,-5.0,-75.0
1777889504.5763323,4.0,-5.0,-77.0
1777889504.5863323,4.0,0.0,-83.0
1777889504.5963323,6.0,0.0,-84.0
1777889504.6063323,4.0,-3.0,-80.0
1777889504.6163323,0.0,0.0,-78.0
1777889504.6263323,0.0,1.0,-82.0
1777889504.6363325,3.0,0.0,-81.0
1777889504.6463325,0.0,0.0,-78.0
1777889504.6563325,-4.0,0.0,-77.0
1777889504.6663325,-5.0,0.0,-79.0
1777889504.6763325,-2.0,0.0,-78.0
1777889504.6863325,1.0,-4.0,-73.0
1777889504.6963325,0.0,0.0,-73.0
1777889504.7063324,2.0,-1.0,-79.0
1777889504.7163324,7.0,-4.0,-82.0
1777889504.7263324,15.0,-6.0,-81.0
1777889504.7363324,12.0,-4.0,-77.0
1777889504.7463324,9.0,-2.0,-82.0
1777889504.7563324,8.0,-5.0,-84.0
1777889504.7663324,7.0,-3.0,-82.0
1777889504.7763324,5.0,-4.0,-72.0
1777889504.7863324,6.0,-3.0,-72.0
1777889504.7963324,8.0,0.0,-79.0
1777889504.8063323,7.0,0.0,-84.0
1777889504.8163323,8.0,0.0,-77.0
1777889504.8263323,11.0,2.0,-78.0
1777889504.8363323,7.0,3.0,-77.0
1777889504.8463323,8.0,5.0,-74.0
1777889504.8563323,8.0,2.0,-68.0
1777889504.8663323,5.0,2.0,-69.0
1777889504.8763323,7.0,1.0,-73.0
1777889504.8863325,11.0,-1.0,-71.0
1777889504.8963325,10.0,1.0,-73.0
1777889504.9063325,10.0,-1.0,-70.0
1777889504.9163325,13.0,0.0,-68.0
1777889504.9263325,12.0,2.0,-68.0
1777889504.9363325,9.0,0.0,-78.0
1777889504.9463325,6.0,-1.0,-73.0
1777889504.9563324,9.0,-5.0,-65.0
1777889504.9663324,6.0,-5.0,-60.0
1777889504.9763324,2.0,-2.0,-63.0
1777889504.9863324,1.0,-2.0,-63.0
1777889504.9963324,-3.0,-8.0,-70.0
1777889505.0063324,-7.0,-6.0,-68.0
1777889505.0163324,-6.0,-6.0,-70.0
1777889505.0263324,-11.0,-3.0,-67.0
1777889505.0363324,-7.0,-2.0,-60.0
1777889505.0463324,-7.0,-4.0,-53.0
1777889505.0563323,-6.0,-3.0,-54.0
1777889505.0663323,-4.0,-6.0,-57.0
1777889505.0763323,-3.0,-10.0,-54.0
1777889505.0863323,0.0,-10.0,-59.0
1777889505.0963323,0.0,-9.0,-62.0
1777889505.1063323,1.0,-10.0,-71.0
1777889505.1163323,3.0,-10.0,-73.0
1777889505.1263323,0.0,-8.0,-79.0
1777889505.1363325,0.0,-1.0,-74.0
1777889505.1463325,1.0,0.0,-72.0
1777889505.1563325,6.0,1.0,-76.0
1777889505.1663325,4.0,1.0,-79.0
1777889505.1763325,3.0,3.0,-78.0
1777889505.1863325,6.0,4.0,-76.0
1777889505.1963325,8.0,5.0,-77.0
1777889505.2063324,10.0,3.0,-79.0
1777889505.2163324,9.0,0.0,-83.0
1777889505.2263324,11.0,1.0,-80.0
1777889505.2363324,6.0,0.0,-79.0
1777889505.2463324,7.0,0.0,-79.0
1777889505.2563324,5.0,2.0,-77.0
1777889505.2663324,1.0,1.0,-79.0
1777889505.2763324,0.0,-2.0,-80.0
1777889505.2863324,2.0,0.0,-74.0
1777889505.2963324,3.0,-1.0,-69.0
1777889505.3063323,2.0,-1.0,-64.0
1777889505.3163323,4.0,0.0,-66.0
1777889505.3263323,1.0,1.0,-69.0
1777889505.3363323,-4.0,5.0,-70.0
1777889505.3463323,-7.0,0.0,-77.0
1777889505.3563323,-4.0,1.0,-84.0
1777889505.3663323,-3.0,-3.0,-84.0
1777889505.3763323,-3.0,-4.0,-83.0
1777889505.3863325,-1.0,-1.0,-84.0
1777889505.3963325,5.0,0.0,-86.0
1777889505.4063325,7.0,1.0,-89.0
1777889505.4163325,7.0,3.0,-86.0
1777889505.4263325,9.0,2.0,-82.0
1777889505.4363325,6.0,-2.0,-81.0
1777889505.4463325,2.0,0.0,-75.0
1777889505.4563324,4.0,-2.0,-72.0
1777889505.4663324,3.0,-2.0,-72.0
1777889505.4763324,2.0,0.0,-76.0
1777889505.4863324,3.0,1.0,-75.0
1777889505.4963324,2.0,0.0,-72.0
1777889505.5063324,0.0,-1.0,-73.0
1777889505.5163324,0.0,-1.0,-76.0
1777889505.5263324,1.0,1.0,-77.0
1777889505.5363324,2.0,5.0,-75.0
1777889505.5463324,3.0,7.0,-69.0
1777889505.5563323,7.0,9.0,-72.0
1777889505.5663323,5.0,3.0,-81.0
1777889505.5763323,2.0,0.0,-77.0
1777889505.5863323,1.0,0.0,-79.0
1777889505.5963323,-2.0,1.0,-85.0
1777889505.6063323,-2.0,-1.0,-79.0
1777889505.6163323,0.0,-3.0,-79.0
1777889505.6263323,0.0,-2.0,-77.0
1777889505.6363325,5.0,-2.0,-84.0
1777889505.6463325,4.0,-2.0,-88.0
1777889505.6563325,1.0,-3.0,-80.0
1777889505.6663325,0.0,-2.0,-73.0
1777889505.6763325,0.0,1.0,-73.0
1777889505.6863325,-4.0,4.0,-77.0
1777889505.6963325,-3.0,6.0,-70.0
1777889505.7063324,0.0,3.0,-73.0
1777889505.7163324,4.0,-1.0,-79.0
1777889505.7263324,4.0,0.0,-79.0
1777889505.7363324,3.0,-5.0,-76.0
1777889505.7463324,0.0,-9.0,-66.0
1777889505.7563324,0.0,-10.0,-66.0
1777889505.7663324,0.0,-10.0,-73.0
1777889505.7763324,0.0,-6.0,-72.0
1777889505.7863324,2.0,-5.0,-68.0
1777889505.7963324,0.0,-4.0,-68.0
1777889505.8063323,0.0,-4.0,-74.0
1777889505.8163323,2.0,-5.0,-71.0
1777889505.8263323,1.0,-5.0,-67.0
1777889505.8363323,-1.0,-2.0,-67.0
1777889505.8463323,4.0,-4.0,-69.0
1777889505.8563323,5.0,-2.0,-69.0
1777889505.8663323,4.0,-1.0,-70.0
1777889505.8763323,0.0,-1.0,-75.0
1777889505.8863325,-3.0,1.0,-77.0
1777889505.8963325,1.0,1.0,-78.0
1777889505.9063325,1.0,0.0,-83.0
1777889505.9163325,-1.0,0.0,-78.0
1777889505.9263325,-2.0,-1.0,-72.0
1777889505.9363325,0.0,0.0,-75.0
1777889505.9463325,0.0,-2.0,-68.0
1777889505.9563324,1.0,2.0,-66.0
1777889505.9663324,0.0,2.0,-65.0
1777889505.9763324,2.0,0.0,-66.0
1777889505.9863324,0.0,-3.0,-66.0
1777889505.9963324,0.0,-5.0,-67.0
1777889506.0063324,1.0,-8.0,-66.0
1777889506.0163324,0.0,-5.0,-70.0
1777889506.0263324,3.0,0.0,-74.0
1777889506.0363324,6.0,1.0,-74.0
1777889506.0463324,4.0,0.0,-77.0
1777889506.0563323,4.0,3.0,-79.0
1777889506.0663323,0.0,3.0,-81.0
1777889506.0763323,-4.0,0.0,-78.0
1777889506.0863323,-4.0,-4.0,-79.0
1777889506.0963323,0.0,-6.0,-77.0
1777889506.1063323,1.0,-6.0,-67.0
1777889506.1163323,3.0,-5.0,-69.0
1777889506.1263323,1.0,-9.0,-77.0
1777889506.1363325,0.0,-6.0,-80.0
1777889506.1463325,0.0,0.0,-79.0
1777889506.1563325,-3.0,0.0,-81.0
1777889506.1663325,-8.0,1.0,-74.0
1777889506.1763325,-3.0,3.0,-74.0
1777889506.1863325,1.0,0.0,-70.0
1777889506.1963325,5.0,-2.0,-63.0
1777889506.2063324,4.0,-2.0,-56.0
1777889506.2163324,1.0,-6.0,-61.0
1777889506.2263324,2.0,-8.0,-59.0
1777889506.2363324,-2.0,-6.0,-63.0
1777889506.2463324,-2.0,-1.0,-71.0
1777889506.2563324,-2.0,-4.0,-77.0
1777889506.2663324,1.0,-6.0,-75.0
1777889506.2763324,-1.0,-5.0,-70.0
1777889506.2863324,1.0,-4.0,-70.0
1777889506.2963324,-2.0,-4.0,-76.0
1777889506.3063323,-3.0,-1.0,-75.0
1777889506.3163323,2.0,-1.0,-75.0
1777889506.3263323,9.0,-2.0,-74.0
1777889506.3363323,9.0,2.0,-74.0
1777889506.3463323,10.0,-1.0,-76.0
1777889506.3563323,9.0,-2.0,-69.0
1777889506.3663323,2.0,-1.0,-73.0
1777889506.3763323,0.0,-1.0,-77.0
1777889506.3863325,-5.0,2.0,-78.0
1777889506.3963325,-2.0,0.0,-74.0
1777889506.4063325,-4.0,0.0,-72.0
1777889506.4163325,0.0,0.0,-71.0
1777889506.4263325,0.0,2.0,-73.0
1777889506.4363325,-1.0,-1.0,-72.0
1777889506.4463325,2.0,-3.0,-69.0
1777889506.4563324,2.0,-3.0,-71.0
1777889506.4663324,0.0,-4.0,-72.0
1777889506.4763324,0.0,-4.0,-67.0
1777889506.4863324,0.0,-1.0,-71.0
1777889506.4963324,-3.0,0.0,-72.0
1777889506.5063324,-5.0,1.0,-80.0
1777889506.5163324,-1.0,0.0,-77.0
1777889506.5273323,1.0,0.0,-78.0
1777889506.5363324,0.0,-2.0,-75.0
1777889506.5473323,0.0,-3.0,-69.0
1777889506.5573325,-1.0,4.0,-72.0
1777889506.5673325,2.0,4.0,-71.0
1777889506.5773325,4.0,0.0,-67.0
1777889506.5873325,0.0,4.0,-71.0
1777889506.5973325,0.0,6.0,-77.0
1777889506.6073325,1.0,2.0,-85.0
1777889506.6173325,5.0,3.0,-83.0
1777889506.6273324,4.0,4.0,-85.0
1777889506.6373324,3.0,0.0,-83.0
1777889506.6473324,0.0,0.0,-78.0
1777889506.6573324,1.0,0.0,-75.0
1777889506.6673324,0.0,0.0,-81.0
1777889506.6773324,0.0,2.0,-82.0
1777889506.6873324,-3.0,4.0,-78.0
1777889506.6973324,-2.0,-1.0,-79.0
1777889506.7073324,0.0,-4.0,-83.0
1777889506.7173324,0.0,-4.0,-79.0
1777889506.7273324,-1.0,-2.0,-82.0
1777889506.7373323,-2.0,-4.0,-80.0
1777889506.7473323,0.0,-2.0,-81.0
1777889506.7573323,2.0,-1.0,-83.0
1777889506.7673323,1.0,-4.0,-79.0
1777889506.7773323,-3.0,-9.0,-74.0
1777889506.7873323,-4.0,-2.0,-76.0
1777889506.7983325,-4.0,0.0,-68.0
1777889506.8073325,0.0,-1.0,-70.0
1777889506.8173325,3.0,1.0,-65.0
1777889506.8273325,3.0,2.0,-71.0
1777889506.8373325,4.0,2.0,-77.0
1777889506.8473325,2.0,0.0,-80.0
1777889506.8573325,1.0,-2.0,-76.0
1777889506.8673325,1.0,-2.0,-73.0
1777889506.8773324,0.0,-4.0,-77.0
1777889506.8873324,-5.0,-7.0,-69.0
1777889506.8973324,-5.0,-6.0,-69.0
1777889506.9073324,-3.0,-5.0,-73.0
1777889506.9173324,-4.0,-2.0,-76.0
1777889506.9273324,0.0,-5.0,-78.0
1777889506.9373324,1.0,-7.0,-79.0
1777889506.9473324,2.0,-3.0,-70.0
1777889506.9573324,0.0,-2.0,-70.0
1777889506.9673324,1.0,-4.0,-69.0
1777889506.9773324,5.0,-2.0,-71.0
1777889506.9873323,9.0,-3.0,-75.0
1777889506.9973323,3.0,-1.0,-68.0
1777889507.0073323,4.0,-2.0,-70.0
1777889507.0173323,9.0,-5.0,-75.0
1777889507.0273323,6.0,-1.0,-75.0
1777889507.0373323,5.0,-7.0,-69.0
1777889507.0473323,7.0,-4.0,-74.0
1777889507.0573325,5.0,-2.0,-74.0
1777889507.0673325,2.0,1.0,-64.0
1777889507.0773325,0.0,4.0,-63.0
1777889507.0873325,-1.0,2.0,-73.0
1777889507.0973325,2.0,0.0,-74.0
1777889507.1073325,3.0,-1.0,-74.0
1777889507.1173325,6.0,0.0,-71.0
1777889507.1273324,7.0,-4.0,-69.0
1777889507.1373324,5.0,-9.0,-67.0
1777889507.1473324,4.0,-9.0,-69.0
1777889507.1573324,2.0,-8.0,-77.0
1777889507.1673324,1.0,-12.0,-80.0
1777889507.1773324,1.0,-8.0,-82.0
1777889507.1873324,0.0,-9.0,-76.0
1777889507.1973324,3.0,-4.0,-81.0
1777889507.2073324,0.0,0.0,-75.0
1777889507.2173324,1.0,4.0,-76.0
1777889507.2273324,0.0,5.0,-72.0
1777889507.2373323,0.0,3.0,-72.0
1777889507.2473323,0.0,1.0,-81.0
1777889507.2573323,6.0,6.0,-82.0
1777889507.2673323,9.0,2.0,-80.0
1777889507.2773323,10.0,0.0,-84.0
1777889507.2873323,1.0,0.0,-80.0
1777889507.2973323,0.0,-3.0,-80.0
1777889507.3073325,-1.0,-6.0,-80.0
1777889507.3173325,-4.0,-8.0,-80.0
1777889507.3273325,-1.0,-6.0,-79.0
1777889507.3373325,-1.0,-7.0,-73.0
1777889507.3473325,-2.0,-9.0,-71.0
1777889507.3573325,1.0,-6.0,-76.0
1777889507.3673325,4.0,-4.0,-75.0
1777889507.3773324,7.0,-4.0,-79.0
1777889507.3873324,10.0,-2.0,-80.0
1777889507.3973324,10.0,-7.0,-81.0
1777889507.4073324,6.0,-6.0,-77.0
1777889507.4173324,4.0,-6.0,-72.0
1777889507.4273324,9.0,-8.0,-71.0
1777889507.4373324,13.0,-5.0,-68.0
1777889507.4473324,10.0,-2.0,-71.0
1777889507.4573324,6.0,-4.0,-72.0
1777889507.4673324,6.0,-8.0,-72.0
1777889507.4773324,0.0,-3.0,-75.0
1777889507.4873323,-3.0,-4.0,-83.0
1777889507.4973323,0.0,-6.0,-80.0
1777889507.5073323,0.0,-6.0,-83.0
1777889507.5173323,3.0,-6.0,-78.0
1777889507.5273323,0.0,-6.0,-81.0
1777889507.5373323,5.0,-1.0,-78.0
1777889507.5473323,7.0,0.0,-81.0
1777889507.5573325,3.0,5.0,-80.0
1777889507.5673325,0.0,4.0,-82.0
1777889507.5773325,3.0,5.0,-84.0
1777889507.5873325,2.0,1.0,-79.0
1777889507.5973325,2.0,-3.0,-76.0
1777889507.6073325,4.0,-1.0,-75.0
1777889507.6173325,4.0,1.0,-79.0
1777889507.6273324,5.0,6.0,-84.0
1777889507.6373324,7.0,6.0,-82.0
1777889507.6473324,12.0,5.0,-86.0
1777889507.6573324,10.0,4.0,-87.0
1777889507.6673324,5.0,4.0,-83.0
1777889507.6773324,3.0,4.0,-75.0
1777889507.6873324,0.0,2.0,-78.0
1777889507.6973324,0.0,-1.0,-71.0
1777889507.7073324,-2.0,-2.0,-75.0
1777889507.7173324,-1.0,-4.0,-70.0
1777889507.7273324,-5.0,-3.0,-69.0
1777889507.7373323,-1.0,2.0,-66.0
1777889507.7473323,1.0,3.0,-62.0
1777889507.7573323,3.0,0.0,-70.0
1777889507.7673323,5.0,-1.0,-74.0
1777889507.7773323,5.0,-2.0,-74.0
1777889507.7873323,3.0,-3.0,-69.0
1777889507.7973323,0.0,-3.0,-70.0
1777889507.8073325,0.0,-2.0,-67.0
1777889507.8173325,0.0,-2.0,-66.0
1777889507.8273325,0.0,-2.0,-69.0
1777889507.8373325,1.0,-1.0,-70.0
1777889507.8473325,-2.0,-2.0,-73.0
1777889507.8573325,0.0,-4.0,-68.0
1777889507.8673325,-2.0,-1.0,-69.0
1777889507.8773324,-2.0,-1.0,-77.0
1777889507.8873324,0.0,-1.0,-78.0
1777889507.8973324,-3.0,-1.0,-83.0
1777889507.9073324,-4.0,0.0,-80.0
1777889507.9173324,-2.0,0.0,-78.0
1777889507.9273324,2.0,3.0,-78.0
1777889507.9373324,2.0,6.0,-71.0
1777889507.9473324,7.0,1.0,-67.0
1777889507.9573324,5.0,-1.0,-70.0
1777889507.9673324,0.0,-2.0,-69.0
1777889507.9773324,4.0,-6.0,-67.0
1777889507.9873323,4.0,-3.0,-72.0
1777889507.9973323,3.0,-3.0,-71.0
1777889508.0073323,3.0,0.0,-71.0
1777889508.0173323,3.0,0.0,-71.0
1777889508.0273323,0.0,5.0,-68.0
1777889508.0373323,1.0,7.0,-71.0
1777889508.0473323,-1.0,4.0,-74.0
1777889508.0573325,0.0,2.0,-73.0
1777889508.0673325,-1.0,2.0,-73.0
1777889508.0773325,2.0,4.0,-74.0
1777889508.0873325,4.0,4.0,-76.0
1777889508.0973325,9.0,0.0,-81.0
1777889508.1073325,9.0,-4.0,-82.0
1777889508.1173325,8.0,-1.0,-81.0
1777889508.1273324,8.0,2.0,-76.0
1777889508.1373324,7.0,2.0,-81.0
1777889508.1473324,5.0,2.0,-78.0
1777889508.1573324,4.0,3.0,-67.0
1777889508.1673324,4.0,2.0,-56.0
1777889508.1773324,0.0,-2.0,-53.0
1777889508.1873324,-3.0,-3.0,-63.0
1777889508.1973324,-3.0,-1.0,-68.0
1777889508.2073324,-2.0,0.0,-77.0
1777889508.2173324,-6.0,-3.0,-75.0
1777889508.2273324,-7.0,-2.0,-78.0
1777889508.2373323,-9.0,2.0,-79.0
1777889508.2473323,-7.0,1.0,-72.0
1777889508.2573323,-4.0,7.0,-71.0
1777889508.2673323,0.0,8.0,-74.0
1777889508.2773323,3.0,6.0,-66.0
1777889508.2873323,1.0,0.0,-71.0
1777889508.2973323,0.0,4.0,-69.0
1777889508.3073325,2.0,5.0,-66.0
1777889508.3173325,5.0,6.0,-67.0
1777889508.3273325,5.0,8.0,-72.0
1777889508.3373325,2.0,4.0,-74.0
1777889508.3473325,3.0,0.0,-73.0
1777889508.3573325,9.0,2.0,-74.0
1777889508.3673325,6.0,0.0,-77.0
1777889508.3773324,5.0,0.0,-79.0
1777889508.3873324,7.0,-1.0,-77.0
1777889508.3973324,10.0,-3.0,-79.0
1777889508.4073324,5.0,-3.0,-72.0
1777889508.4173324,3.0,-2.0,-66.0
1777889508.4273324,1.0,-2.0,-70.0
1777889508.4373324,0.0,-3.0,-68.0
1777889508.4473324,-1.0,1.0,-75.0
1777889508.4573324,-1.0,5.0,-78.0
1777889508.4673324,-7.0,2.0,-76.0
1777889508.4773324,-4.0,-1.0,-71.0
1777889508.4873323,-6.0,0.0,-74.0
1777889508.4983325,-3.0,0.0,-75.0
1777889508.5083325,0.0,0.0,-78.0
1777889508.5183325,1.0,0.0,-82.0
1777889508.5283325,3.0,0.0,-80.0
1777889508.5383325,8.0,-1.0,-79.0
1777889508.5483325,4.0,1.0,-76.0
1777889508.5583324,4.0,1.0,-77.0
1777889508.5683324,2.0,1.0,-71.0
1777889508.5783324,0.0,0.0,-72.0
1777889508.5883324,-1.0,0.0,-71.0
1777889508.5983324,0.0,-2.0,-68.0
1777889508.6083324,1.0,0.0,-66.0
1777889508.6183324,-1.0,-1.0,-65.0
1777889508.6283324,0.0,-4.0,-67.0
1777889508.6383324,3.0,-1.0,-67.0
1777889508.6483324,0.0,-6.0,-66.0
1777889508.6583323,0.0,-7.0,-73.0
1777889508.6683323,1.0,-6.0,-74.0
1777889508.6783323,2.0,-7.0,-77.0
1777889508.6883323,3.0,-7.0,-75.0
1777889508.6983323,8.0,-6.0,-74.0
1777889508.7083323,5.0,-6.0,-74.0
1777889508.7183323,0.0,-6.0,-77.0
1777889508.7283323,-1.0,-5.0,-82.0
1777889508.7383325,0.0,-3.0,-82.0
1777889508.7483325,-1.0,-2.0,-76.0
1777889508.7583325,-1.0,-2.0,-72.0
1777889508.7683325,0.0,-1.0,-71.0
1777889508.7783325,3.0,-3.0,-74.0
1777889508.7883325,5.0,-1.0,-72.0
1777889508.7983325,0.0,0.0,-68.0
1777889508.8083324,4.0,1.0,-73.0
1777889508.8183324,6.0,-1.0,-74.0
1777889508.8283324,6.0,0.0,-78.0
1777889508.8383324,8.0,2.0,-79.0
1777889508.8483324,7.0,3.0,-76.0
1777889508.8583324,7.0,0.0,-81.0
1777889508.8683324,7.0,0.0,-82.0
1777889508.8783324,9.0,-3.0,-76.0
1777889508.8883324,9.0,-4.0,-74.0
1777889508.8983324,3.0,-1.0,-75.0
1777889508.9083323,5.0,0.0,-80.0
1777889508.9183323,5.0,0.0,-75.0
1777889508.9283323,4.0,-1.0,-75.0
1777889508.9383323,4.0,-4.0,-79.0
1777889508.9483323,0.0,-6.0,-79.0
1777889508.9583323,-1.0,-5.0,-79.0
1777889508.9683323,0.0,-7.0,-72.0
1777889508.9783323,1.0,-7.0,-72.0
1777889508.9883325,4.0,-6.0,-72.0
1777889508.9983325,4.0,-8.0,-70.0
1777889509.0083325,3.0,-6.0,-65.0
1777889509.0183325,1.0,-2.0,-69.0
1777889509.0283325,4.0,-1.0,-79.0
1777889509.0383325,1.0,-4.0,-83.0
1777889509.0483325,2.0,-6.0,-86.0
1777889509.0583324,3.0,-5.0,-85.0
1777889509.0683324,4.0,-5.0,-76.0
1777889509.0783324,5.0,-3.0,-73.0
1777889509.0883324,4.0,-4.0,-76.0
1777889509.0983324,1.0,-1.0,-78.0
1777889509.1083324,-1.0,0.0,-78.0
1777889509.1183324,-1.0,0.0,-74.0
1777889509.1283324,0.0,0.0,-70.0
1777889509.1383324,-1.0,-1.0,-70.0
1777889509.1483324,-1.0,-1.0,-76.0
1777889509.1583323,-2.0,-3.0,-83.0
1777889509.1683323,0.0,-2.0,-81.0
1777889509.1783323,0.0,0.0,-82.0
1777889509.1883323,-2.0,-1.0,-80.0
1777889509.1983323,-5.0,-3.0,-74.0
1777889509.2083323,-6.0,-3.0,-72.0
1777889509.2183323,-6.0,-3.0,-66.0
1777889509.2283323,-5.0,-1.0,-63.0
1777889509.2383325,-3.0,-5.0,-64.0
1777889509.2483325,-5.0,-2.0,-68.0
1777889509.2583325,-8.0,0.0,-69.0
1777889509.2683325,-9.0,2.0,-65.0
1777889509.2783325,-7.0,1.0,-68.0
1777889509.2883325,-4.0,-2.0,-73.0
1777889509.2983325,-2.0,-2.0,-76.0
1777889509.3083324,-1.0,2.0,-75.0
1777889509.3183324,-2.0,3.0,-76.0
1777889509.3283324,0.0,1.0,-78.0
1777889509.3383324,6.0,3.0,-79.0
1777889509.3483324,6.0,0.0,-75.0
1777889509.3583324,1.0,0.0,-72.0
1777889509.3683324,0.0,1.0,-70.0
1777889509.3783324,0.0,-1.0,-78.0
1777889509.3883324,1.0,0.0,-74.0
1777889509.3983324,-2.0,1.0,-79.0
1777889509.4083323,-3.0,-2.0,-81.0
1777889509.4183323,-4.0,1.0,-74.0
1777889509.4283323,-1.0,0.0,-78.0
1777889509.4383323,-3.0,-1.0,-75.0
1777889509.4483323,-2.0,0.0,-77.0
1777889509.4583323,2.0,0.0,-77.0
1777889509.4683323,2.0,-4.0,-76.0
1777889509.4783323,0.0,0.0,-80.0
1777889509.4883325,-1.0,-1.0,-83.0
1777889509.4983325,0.0,1.0,-82.0
1777889509.5083325,3.0,0.0,-83.0
1777889509.5183325,0.0,0.0,-86.0
1777889509.5283325,5.0,1.0,-81.0
1777889509.5383325,6.0,3.0,-75.0
1777889509.5483325,5.0,5.0,-77.0
1777889509.5583324,11.0,1.0,-78.0
1777889509.5683324,6.0,0.0,-79.0
1777889509.5783324,2.0,-1.0,-77.0
1777889509.5883324,0.0,-4.0,-78.0
1777889509.5983324,1.0,-1.0,-78.0
1777889509.6083324,0.0,0.0,-81.0
1777889509.6183324,0.0,-5.0,-78.0
1777889509.6283324,2.0,-3.0,-84.0
1777889509.6383324,0.0,-4.0,-85.0
1777889509.6483324,-2.0,-5.0,-85.0
1777889509.6583323,-3.0,0.0,-82.0
1777889509.6683323,0.0,3.0,-78.0
1777889509.6783323,0.0,0.0,-74.0
1777889509.6893325,1.0,0.0,-71.0
1777889509.6983323,0.0,-2.0,-68.0
1777889509.7083323,3.0,-3.0,-74.0
1777889509.7183323,0.0,-5.0,-83.0
1777889509.7283323,2.0,-5.0,-82.0
1777889509.7383325,2.0,-5.0,-77.0
1777889509.7483325,5.0,-5.0,-78.0
1777889509.7583325,8.0,-2.0,-79.0
1777889509.7683325,4.0,-6.0,-75.0
1777889509.7783325,5.0,-4.0,-72.0
1777889509.7883325,5.0,-1.0,-67.0
1777889509.7983325,1.0,-1.0,-70.0
1777889509.8083324,0.0,-3.0,-71.0
1777889509.8183324,4.0,-6.0,-69.0
1777889509.8283324,4.0,-8.0,-75.0
1777889509.8383324,3.0,-7.0,-74.0
1777889509.8483324,7.0,-4.0,-80.0
1777889509.8583324,6.0,-2.0,-82.0
1777889509.8683324,8.0,-1.0,-83.0
1777889509.8783324,7.0,-2.0,-75.0
1777889509.8883324,3.0,-3.0,-73.0
1777889509.8983324,4.0,-2.0,-75.0
1777889509.9083323,8.0,-7.0,-72.0
1777889509.9183323,5.0,-11.0,-69.0
1777889509.9283323,5.0,-12.0,-68.0
1777889509.9383323,6.0,-13.0,-66.0
1777889509.9483323,5.0,-12.0,-69.0
1777889509.9583323,4.0,-10.0,-67.0
1777889509.9683323,4.0,-5.0,-75.0
1777889509.9783323,-1.0,-5.0,-72.0
1777889509.9883325,-3.0,-4.0,-69.0
1777889509.9983325,1.0,-8.0,-65.0
1777889510.0083325,5.0,-9.0,-65.0
1777889510.0183325,6.0,-11.0,-59.0
1777889510.0283325,7.0,-13.0,-62.0
1777889510.0383325,9.0,-11.0,-59.0
1777889510.0483325,7.0,-7.0,-58.0
1777889510.0583324,5.0,-7.0,-61.0
1777889510.0683324,3.0,-9.0,-67.0
1777889510.0783324,2.0,-10.0,-69.0
1777889510.0883324,-1.0,-7.0,-70.0
1777889510.0983324,1.0,-7.0,-77.0
1777889510.1083324,3.0,-2.0,-71.0
1777889510.1183324,-1.0,-1.0,-68.0
1777889510.1283324,0.0,-3.0,-67.0
1777889510.1383324,0.0,0.0,-67.0
1777889510.1483324,-4.0,0.0,-65.0
1777889510.1583323,-2.0,0.0,-68.0
1777889510.1683323,3.0,-2.0,-72.0
1777889510.1783323,1.0,-1.0,-75.0
1777889510.1883323,-1.0,1.0,-74.0
1777889510.1983323,-4.0,1.0,-76.0
1777889510.2083323,-10.0,4.0,-78.0
1777889510.2183323,-5.0,3.0,-82.0
1777889510.2283323,-5.0,0.0,-90.0
1777889510.2383325,-4.0,0.0,-87.0
1777889510.2483325,-2.0,-1.0,-82.0
1777889510.2583325,1.0,-4.0,-83.0
1777889510.2683325,0.0,-4.0,-80.0
1777889510.2783325,0.0,-1.0,-83.0
1777889510.2883325,-2.0,-4.0,-74.0
1777889510.2983325,-2.0,-5.0,-70.0
1777889510.3083324,-3.0,-4.0,-74.0
1777889510.3183324,-1.0,-3.0,-78.0
1777889510.3283324,0.0,-1.0,-76.0
1777889510.3383324,0.0,-2.0,-68.0
1777889510.3483324,0.0,-8.0,-81.0
1777889510.3583324,2.0,-11.0,-81.0
1777889510.3683324,-1.0,-11.0,-78.0
1777889510.3783324,0.0,-9.0,-77.0
1777889510.3883324,-1.0,-12.0,-78.0
1777889510.3983324,1.0,-13.0,-76.0
1777889510.4083323,5.0,-9.0,-79.0
1777889510.4183323,4.0,-6.0,-77.0
1777889510.4283323,1.0,-9.0,-82.0
1777889510.4383323,2.0,-10.0,-82.0
1777889510.4483323,5.0,-8.0,-81.0
1777889510.4583323,5.0,-7.0,-80.0
1777889510.4683323,7.0,-3.0,-80.0
1777889510.4783323,5.0,-2.0,-80.0
1777889510.4883325,6.0,-3.0,-78.0
1777889510.4983325,7.0,-5.0,-77.0
1777889510.5083325,2.0,-11.0,-80.0
1777889510.5183325,3.0,-10.0,-77.0
1777889510.5293324,7.0,-6.0,-68.0
1777889510.5393324,5.0,-5.0,-69.0
1777889510.5493324,2.0,-2.0,-72.0
1777889510.5593324,2.0,-2.0,-71.0
1777889510.5693324,0.0,-1.0,-70.0
1777889510.5793324,1.0,0.0,-66.0
1777889510.5893323,1.0,0.0,-71.0
1777889510.5993323,-1.0,-2.0,-71.0
1777889510.6093323,-4.0,-1.0,-70.0
1777889510.6193323,-6.0,-1.0,-68.0
1777889510.6293323,-5.0,-1.0,-71.0
1777889510.6393323,-1.0,0.0,-65.0
1777889510.6493323,4.0,-1.0,-60.0
1777889510.6593325,5.0,-3.0,-63.0
1777889510.6693325,2.0,-6.0,-63.0
1777889510.6793325,-3.0,-2.0,-68.0
1777889510.6893325,0.0,0.0,-65.0
1777889510.6993325,1.0,1.0,-72.0
1777889510.7093325,0.0,2.0,-76.0
1777889510.7193325,2.0,0.0,-77.0
1777889510.7293324,3.0,-2.0,-68.0
1777889510.7393324,5.0,-5.0,-60.0
1777889510.7493324,8.0,-3.0,-64.0
1777889510.7593324,5.0,0.0,-64.0
1777889510.7693324,5.0,0.0,-71.0
1777889510.7793324,3.0,-3.0,-72.0
1777889510.7893324,0.0,-2.0,-74.0
1777889510.7993324,2.0,-5.0,-70.0
1777889510.8093324,-2.0,-3.0,-76.0
1777889510.8193324,-2.0,2.0,-77.0
1777889510.8293324,0.0,4.0,-76.0
1777889510.8393323,2.0,4.0,-73.0
1777889510.8493323,3.0,1.0,-71.0
1777889510.8593323,5.0,0.0,-73.0
1777889510.8693323,0.0,-2.0,-75.0
1777889510.8793323,2.0,-5.0,-74.0
1777889510.8893323,7.0,-4.0,-73.0
1777889510.8993323,8.0,-1.0,-69.0
1777889510.9093325,2.0,0.0,-67.0
1777889510.9193325,4.0,-2.0,-67.0
1777889510.9293325,4.0,-1.0,-75.0
1777889510.9393325,6.0,-5.0,-72.0
1777889510.9493325,6.0,-4.0,-72.0
1777889510.9593325,8.0,-4.0,-74.0
1777889510.9693325,4.0,-4.0,-74.0
1777889510.9793324,-1.0,-3.0,-70.0
1777889510.9893324,0.0,0.0,-64.0
1777889510.9993324,-3.0,0.0,-72.0
1777889511.0093324,-4.0,1.0,-70.0
1777889511.0193324,0.0,4.0,-75.0
1777889511.0293324,-6.0,5.0,-74.0
1777889511.0393324,-5.0,5.0,-76.0
1777889511.0493324,0.0,3.0,-70.0
1777889511.0593324,4.0,7.0,-73.0
1777889511.0693324,5.0,6.0,-74.0
1777889511.0793324,5.0,3.0,-74.0
1777889511.0893323,4.0,0.0,-82.0
1777889511.0993323,0.0,0.0,-76.0
1777889511.1093323,-3.0,0.0,-68.0
1777889511.1193323,-1.0,-5.0,-72.0
1777889511.1293323,-1.0,-4.0,-77.0
1777889511.1393323,0.0,-8.0,-76.0
1777889511.1493323,0.0,-9.0,-73.0
1777889511.1593325,2.0,-7.0,-70.0
1777889511.1693325,2.0,-4.0,-74.0
1777889511.1793325,0.0,-3.0,-71.0
1777889511.1893325,1.0,-3.0,-79.0
1777889511.1993325,-2.0,0.0,-79.0
1777889511.2093325,-3.0,-1.0,-82.0
1777889511.2193325,-6.0,6.0,-79.0
1777889511.2293324,-2.0,2.0,-78.0
1777889511.2393324,-4.0,0.0,-74.0
1777889511.2493324,-4.0,0.0,-72.0
1777889511.2593324,0.0,-1.0,-68.0
1777889511.2693324,0.0,-4.0,-72.0
1777889511.2793324,1.0,-4.0,-74.0
1777889511.2893324,7.0,-4.0,-81.0
1777889511.2993324,3.0,-6.0,-75.0
1777889511.3093324,1.0,-4.0,-78.0
1777889511.3193324,1.0,-2.0,-77.0
1777889511.3293324,0.0,3.0,-79.0
1777889511.3393323,0.0,2.0,-87.0
1777889511.3493323,7.0,0.0,-85.0
1777889511.3593323,8.0,4.0,-84.0
1777889511.3693323,10.0,5.0,-88.0
1777889511.3793323,6.0,1.0,-83.0
1777889511.3893323,1.0,2.0,-84.0
1777889511.3993323,-3.0,1.0,-81.0
1777889511.4093325,-7.0,-1.0,-82.0
1777889511.4193325,-7.0,-3.0,-76.0
1777889511.4293325,-10.0,-1.0,-77.0
1777889511.4393325,-8.0,0.0,-77.0
1777889511.4493325,-11.0,0.0,-80.0
1777889511.4593325,-9.0,-1.0,-90.0
1777889511.4693325,-9.0,-1.0,-86.0
1777889511.4793324,-9.0,0.0,-81.0
1777889511.4893324,-7.0,-2.0,-86.0
1777889511.4993324,-4.0,-5.0,-81.0
1777889511.5093324,-1.0,-3.0,-78.0
1777889511.5193324,-1.0,-2.0,-79.0
1777889511.5293324,-2.0,-2.0,-75.0
1777889511.5393324,-1.0,-1.0,-79.0
1777889511.5493324,-5.0,-1.0,-75.0
1777889511.5593324,-5.0,0.0,-75.0
1777889511.5693324,1.0,-1.0,-75.0
1777889511.5793324,3.0,0.0,-78.0
1777889511.5893323,0.0,0.0,-78.0
1777889511.5993323,-1.0,-1.0,-77.0
1777889511.6093323,0.0,-2.0,-81.0
1777889511.6193323,3.0,-4.0,-80.0
1777889511.6293323,4.0,-6.0,-73.0
1777889511.6393323,7.0,-7.0,-72.0
1777889511.6493323,9.0,-6.0,-73.0
1777889511.6593325,5.0,-4.0,-73.0
1777889511.6693325,4.0,-6.0,-76.0
1777889511.6793325,6.0,-6.0,-78.0
1777889511.6893325,8.0,-9.0,-73.0
1777889511.6993325,9.0,-9.0,-72.0
1777889511.7093325,5.0,-8.0,-79.0
1777889511.7193325,4.0,-6.0,-78.0
1777889511.7293324,0.0,-5.0,-78.0
1777889511.7393324,-1.0,-9.0,-75.0
1777889511.7493324,2.0,-10.0,-67.0
1777889511.7593324,0.0,-7.0,-73.0
1777889511.7693324,-4.0,-2.0,-75.0
1777889511.7793324,3.0,-2.0,-75.0
1777889511.7893324,6.0,-1.0,-72.0
1777889511.7993324,4.0,-2.0,-74.0
1777889511.8093324,2.0,-1.0,-74.0
1777889511.8193324,5.0,-2.0,-75.0
1777889511.8293324,0.0,-2.0,-70.0
1777889511.8393323,-3.0,-2.0,-76.0
1777889511.8493323,0.0,-3.0,-71.0
1777889511.8593323,1.0,-4.0,-70.0
1777889511.8693323,1.0,-3.0,-73.0
1777889511.8793323,-1.0,-1.0,-78.0
1777889511.8893323,-1.0,-2.0,-72.0
1777889511.8993323,-2.0,-4.0,-76.0
1777889511.9093325,-3.0,-4.0,-74.0
1777889511.9193325,0.0,-7.0,-70.0
1777889511.9293325,0.0,-4.0,-78.0
1777889511.9393325,0.0,-1.0,-79.0
1777889511.9493325,0.0,-3.0,-77.0
1777889511.9593325,0.0,-3.0,-73.0
1777889511.9693325,0.0,-5.0,-72.0
1777889511.9793324,3.0,-5.0,-70.0
1777889511.9893324,0.0,-6.0,-78.0
1777889511.9993324,1.0,-1.0,-75.0
1777889512.0093324,2.0,2.0,-79.0
1777889512.0193324,-1.0,4.0,-84.0
1777889512.0293324,-3.0,3.0,-88.0
1777889512.0393324,-1.0,-3.0,-85.0
1777889512.0493324,3.0,-4.0,-93.0
1777889512.0593324,4.0,-1.0,-80.0
1777889512.0693324,8.0,-3.0,-77.0
1777889512.0793324,11.0,-6.0,-82.0
1777889512.0893323,7.0,-1.0,-78.0
1777889512.0993323,7.0,0.0,-76.0
1777889512.1093323,9.0,-4.0,-74.0
1777889512.1193323,13.0,-2.0,-78.0
1777889512.1293323,8.0,-6.0,-77.0
1777889512.1393323,8.0,-7.0,-75.0
1777889512.1493323,10.0,-9.0,-79.0
1777889512.1593325,8.0,-6.0,-77.0
1777889512.1693325,7.0,-3.0,-74.0
1777889512.1793325,-1.0,0.0,-74.0
1777889512.1893325,2.0,1.0,-78.0
1777889512.1993325,0.0,3.0,-78.0
1777889512.2093325,3.0,1.0,-78.0
1777889512.2193325,5.0,1.0,-78.0
1777889512.2293324,4.0,1.0,-80.0
1777889512.2393324,7.0,1.0,-78.0
1777889512.2493324,6.0,2.0,-75.0
1777889512.2593324,6.0,0.0,-71.0
1777889512.2693324,5.0,-5.0,-71.0
1777889512.2793324,7.0,-8.0,-76.0
1777889512.2893324,5.0,-11.0,-75.0
1777889512.2993324,9.0,-3.0,-72.0
1777889512.3093324,5.0,-1.0,-78.0
1777889512.3193324,-1.0,-1.0,-77.0
1777889512.3293324,3.0,-2.0,-75.0
1777889512.3393323,12.0,1.0,-74.0
1777889512.3493323,10.0,0.0,-69.0
1777889512.3593323,3.0,-1.0,-72.0
1777889512.3693323,0.0,-2.0,-63.0
1777889512.3793323,0.0,-1.0,-61.0
1777889512.3893323,4.0,-2.0,-61.0
1777889512.3993323,0.0,-4.0,-61.0
1777889512.4093325,-4.0,-3.0,-58.0
1777889512.4193325,-8.0,1.0,-60.0
1777889512.4293325,-2.0,-1.0,-60.0
1777889512.4393325,-2.0,-1.0,-61.0
1777889512.4493325,-2.0,2.0,-67.0
1777889512.4593325,-7.0,2.0,-69.0
1777889512.4693325,-2.0,0.0,-68.0
1777889512.4793324,-2.0,-5.0,-68.0
1777889512.4903324,0.0,-7.0,-69.0
1777889512.5003324,0.0,-7.0,-66.0
1777889512.5103323,0.0,-7.0,-70.0
1777889512.5203323,0.0,-7.0,-72.0
1777889512.5303323,0.0,-7.0,-72.0
1777889512.5403323,3.0,-3.0,-73.0
1777889512.5503323,5.0,-5.0,-65.0
1777889512.5603323,3.0,-6.0,-63.0
1777889512.5703323,-1.0,-7.0,-73.0
1777889512.5803325,-2.0,-13.0,-75.0
1777889512.5903325,-5.0,-16.0,-77.0
1777889512.6003325,-4.0,-13.0,-83.0
1777889512.6103325,-5.0,-9.0,-82.0
1777889512.6203325,-5.0,-7.0,-80.0
1777889512.6303325,0.0,-6.0,-80.0
1777889512.6403325,-1.0,-6.0,-78.0
1777889512.6503325,-3.0,-2.0,-74.0
1777889512.6603324,-1.0,0.0,-78.0
1777889512.6703324,0.0,1.0,-79.0
1777889512.6803324,0.0,-5.0,-80.0
1777889512.6903324,0.0,-5.0,-83.0
1777889512.7003324,0.0,-1.0,-80.0
1777889512.7103324,-1.0,-1.0,-83.0
1777889512.7203324,0.0,-3.0,-88.0
1777889512.7303324,0.0,-5.0,-83.0
1777889512.7403324,7.0,-4.0,-79.0
1777889512.7503324,10.0,-6.0,-77.0
1777889512.7603323,10.0,-6.0,-71.0
1777889512.7703323,8.0,-5.0,-67.0
1777889512.7803323,8.0,-5.0,-74.0
1777889512.7903323,6.0,-5.0,-81.0
1777889512.8003323,4.0,-5.0,-75.0
1777889512.8103323,3.0,-8.0,-71.0
1777889512.8203323,3.0,-8.0,-73.0
1777889512.8303325,7.0,-10.0,-77.0
1777889512.8403325,4.0,-8.0,-84.0
1777889512.8503325,6.0,-4.0,-86.0
1777889512.8603325,4.0,0.0,-85.0
1777889512.8703325,3.0,-1.0,-86.0
1777889512.8803325,4.0,-2.0,-81.0
1777889512.8903325,1.0,-2.0,-78.0
1777889512.9003325,-3.0,0.0,-76.0
1777889512.9103324,-1.0,1.0,-72.0
1777889512.9203324,2.0,0.0,-74.0
1777889512.9303324,5.0,0.0,-70.0
1777889512.9403324,5.0,1.0,-70.0
1777889512.9503324,4.0,7.0,-76.0
1777889512.9603324,6.0,10.0,-82.0
1777889512.9703324,5.0,5.0,-82.0
1777889512.9803324,10.0,0.0,-81.0
1777889512.9903324,12.0,4.0,-83.0
1777889513.0003324,12.0,6.0,-79.0
1777889513.0103323,9.0,8.0,-84.0
1777889513.0203323,7.0,9.0,-86.0
1777889513.0303323,7.0,9.0,-84.0
1777889513.0403323,9.0,10.0,-77.0
1777889513.0503323,6.0,6.0,-67.0
1777889513.0603323,7.0,3.0,-67.0
1777889513.0703323,7.0,4.0,-70.0
1777889513.0803325,9.0,1.0,-72.0
1777889513.0903325,8.0,0.0,-72.0
1777889513.1003325,1.0,0.0,-71.0
1777889513.1103325,1.0,1.0,-69.0
1777889513.1203325,0.0,2.0,-69.0
1777889513.1303325,-2.0,1.0,-70.0
1777889513.1403325,-2.0,-3.0,-74.0
1777889513.1503325,-2.0,-1.0,-75.0
1777889513.1603324,1.0,-4.0,-75.0
1777889513.1703324,-2.0,-3.0,-72.0
1777889513.1803324,0.0,0.0,-70.0
1777889513.1903324,3.0,0.0,-80.0
1777889513.2003324,3.0,-3.0,-73.0
1777889513.2103324,4.0,-6.0,-73.0
1777889513.2203324,5.0,-8.0,-73.0
1777889513.2303324,6.0,-6.0,-77.0
1777889513.2403324,3.0,-5.0,-78.0
1777889513.2503324,2.0,-8.0,-78.0
1777889513.2603323,-1.0,-9.0,-84.0
1777889513.2703323,-2.0,-8.0,-81.0
1777889513.2803323,-2.0,-6.0,-83.0
1777889513.2903323,-2.0,-11.0,-88.0
1777889513.3003323,-2.0,-9.0,-85.0
1777889513.3103323,0.0,-7.0,-88.0
1777889513.3203323,0.0,-7.0,-90.0
1777889513.3303325,1.0,-5.0,-89.0
1777889513.3403325,0.0,0.0,-85.0
1777889513.3503325,4.0,4.0,-76.0
1777889513.3603325,7.0,4.0,-66.0
1777889513.3703325,3.0,2.0,-59.0
1777889513.3803325,-2.0,2.0,-61.0
1777889513.3903325,0.0,2.0,-59.0
1777889513.4003325,-1.0,1.0,-61.0
1777889513.4103324,-4.0,-1.0,-69.0
1777889513.4203324,-2.0,-2.0,-70.0
1777889513.4303324,0.0,0.0,-66.0
1777889513.4403324,1.0,-1.0,-70.0
1777889513.4503324,1.0,-3.0,-72.0
1777889513.4603324,0.0,-8.0,-77.0
1777889513.4703324,0.0,-7.0,-76.0
1777889513.4803324,4.0,-4.0,-69.0
1777889513.4903324,4.0,0.0,-71.0
1777889513.5003324,7.0,-2.0,-62.0
1777889513.5103323,7.0,-3.0,-54.0
1777889513.5203323,5.0,0.0,-56.0
1777889513.5303323,3.0,0.0,-65.0
1777889513.5403323,-1.0,-4.0,-68.0
1777889513.5503323,-1.0,-3.0,-74.0
1777889513.5603323,1.0,-2.0,-72.0
1777889513.5703323,0.0,-2.0,-68.0
1777889513.5803325,2.0,0.0,-70.0
1777889513.5903325,3.0,1.0,-66.0
1777889513.6003325,2.0,-3.0,-68.0
1777889513.6103325,3.0,-2.0,-69.0
1777889513.6203325,3.0,-5.0,-67.0
1777889513.6303325,2.0,-3.0,-62.0
1777889513.6403325,3.0,-2.0,-61.0
1777889513.6503325,5.0,-3.0,-62.0
1777889513.6603324,1.0,-1.0,-69.0
1777889513.6703324,1.0,-1.0,-76.0
1777889513.6803324,6.0,0.0,-81.0
1777889513.6903324,4.0,-1.0,-79.0
1777889513.7003324,2.0,-2.0,-81.0
1777889513.7103324,5.0,-2.0,-81.0
1777889513.7203324,7.0,0.0,-85.0
1777889513.7303324,3.0,-1.0,-86.0
1777889513.7403324,8.0,-5.0,-78.0
1777889513.7503324,13.0,-6.0,-78.0
1777889513.7603323,10.0,-9.0,-80.0
1777889513.7703323,6.0,-6.0,-82.0
1777889513.7803323,1.0,-5.0,-84.0
1777889513.7903323,1.0,-4.0,-78.0
1777889513.8003323,0.0,-3.0,-73.0
1777889513.8103323,2.0,0.0,-74.0
1777889513.8203323,4.0,1.0,-78.0
1777889513.8303325,0.0,3.0,-77.0
1777889513.8403325,-1.0,5.0,-73.0
1777889513.8503325,-1.0,6.0,-66.0
1777889513.8603325,1.0,3.0,-61.0
1777889513.8703325,-2.0,-2.0,-67.0
1777889513.8803325,0.0,-2.0,-70.0
1777889513.8903325,3.0,-1.0,-73.0
1777889513.9003325,4.0,1.0,-72.0
1777889513.9103324,1.0,0.0,-76.0
1777889513.9203324,2.0,-1.0,-76.0
1777889513.9303324,1.0,1.0,-77.0
1777889513.9403324,-3.0,1.0,-79.0
1777889513.9503324,-2.0,-1.0,-82.0
1777889513.9603324,-2.0,-1.0,-87.0
1777889513.9703324,2.0,2.0,-79.0
1777889513.9803324,4.0,3.0,-75.0
1777889513.9903324,4.0,2.0,-77.0
1777889514.0003324,4.0,0.0,-80.0
1777889514.0103323,6.0,0.0,-76.0
1777889514.0203323,8.0,-1.0,-73.0
1777889514.0303323,5.0,0.0,-75.0
1777889514.0403323,6.0,3.0,-68.0
1777889514.0503323,7.0,3.0,-70.0
1777889514.0603323,6.0,3.0,-69.0
1777889514.0703323,4.0,3.0,-73.0
1777889514.0803325,3.0,0.0,-77.0
1777889514.0903325,4.0,-1.0,-78.0
1777889514.1003325,7.0,0.0,-77.0
1777889514.1103325,10.0,0.0,-79.0
1777889514.1203325,10.0,1.0,-81.0
1777889514.1303325,6.0,0.0,-79.0
1777889514.1403325,3.0,-5.0,-85.0
1777889514.1503325,2.0,-4.0,-85.0
1777889514.1603324,-2.0,-1.0,-78.0
1777889514.1703324,-2.0,0.0,-77.0
1777889514.1803324,-3.0,2.0,-77.0
1777889514.1903324,-3.0,0.0,-75.0
1777889514.2003324,0.0,-1.0,-73.0
1777889514.2103324,0.0,-1.0,-78.0
1777889514.2203324,5.0,-3.0,-79.0
1777889514.2303324,7.0,0.0,-80.0
1777889514.2403324,6.0,0.0,-81.0
1777889514.2503324,7.0,0.0,-74.0
1777889514.2603323,6.0,0.0,-75.0
1777889514.2703323,5.0,-1.0,-72.0
1777889514.2803323,1.0,0.0,-74.0
1777889514.2903323,0.0,-3.0,-72.0
1777889514.3003323,2.0,-6.0,-79.0
1777889514.3103323,0.0,-9.0,-84.0
1777889514.3203323,-2.0,-7.0,-81.0
1777889514.3303325,0.0,-9.0,-74.0
1777889514.3403325,-4.0,-3.0,-71.0
1777889514.3503325,-5.0,-5.0,-73.0
1777889514.3603325,0.0,-8.0,-74.0
1777889514.3703325,-3.0,-5.0,-76.0
1777889514.3803325,-5.0,-4.0,-79.0
1777889514.3903325,-7.0,-9.0,-80.0
1777889514.4003325,-6.0,-8.0,-72.0
1777889514.4103324,-5.0,-4.0,-76.0
1777889514.4203324,-3.0,0.0,-77.0
1777889514.4303324,0.0,0.0,-75.0
1777889514.4413323,0.0,0.0,-76.0
1777889514.4503324,1.0,2.0,-76.0
1777889514.4603324,2.0,1.0,-78.0
1777889514.4713323,1.0,-2.0,-81.0
1777889514.4813323,-1.0,0.0,-82.0
1777889514.4913323,-5.0,-2.0,-79.0
1777889514.5023324,0.0,-5.0,-75.0
1777889514.5113325,-7.0,-12.0,-77.0
1777889514.5213325,-9.0,-11.0,-73.0
1777889514.5313325,-5.0,-14.0,-72.0
1777889514.5413325,-2.0,-11.0,-69.0
1777889514.5513325,-2.0,-9.0,-68.0
1777889514.5613325,-4.0,-6.0,-65.0
1777889514.5713325,-6.0,-7.0,-67.0
1777889514.5813324,-9.0,-7.0,-70.0
1777889514.5913324,-7.0,-5.0,-72.0
1777889514.6013324,-4.0,-9.0,-74.0
1777889514.6113324,-2.0,-5.0,-80.0
1777889514.6213324,-5.0,-2.0,-83.0
1777889514.6313324,-5.0,-4.0,-83.0
1777889514.6413324,-5.0,-5.0,-79.0
1777889514.6513324,-5.0,-4.0,-82.0
1777889514.6613324,-5.0,-3.0,-83.0
1777889514.6713324,-2.0,-5.0,-83.0
1777889514.6813323,1.0,-3.0,-84.0
1777889514.6913323,0.0,-2.0,-83.0
1777889514.7013323,1.0,-1.0,-86.0
1777889514.7113323,-3.0,-2.0,-79.0
1777889514.7213323,2.0,-1.0,-67.0
1777889514.7313323,0.0,-2.0,-69.0
1777889514.7413323,-3.0,-8.0,-73.0
1777889514.7513323,-2.0,-9.0,-69.0
1777889514.7613325,-2.0,-7.0,-68.0
1777889514.7713325,-1.0,-9.0,-69.0
1777889514.7813325,1.0,-6.0,-75.0
1777889514.7913325,0.0,-7.0,-66.0
1777889514.8013325,-1.0,-8.0,-62.0
1777889514.8113325,0.0,-5.0,-62.0
1777889514.8213325,1.0,0.0,-68.0
1777889514.8313324,0.0,1.0,-68.0
1777889514.8413324,-1.0,0.0,-70.0
1777889514.8513324,0.0,-2.0,-70.0
1777889514.8613324,0.0,-5.0,-73.0
1777889514.8713324,0.0,-2.0,-71.0
1777889514.8813324,-2.0,0.0,-71.0
1777889514.8913324,-2.0,-4.0,-68.0
1777889514.9013324,0.0,-7.0,-66.0
1777889514.9113324,3.0,-7.0,-74.0
1777889514.9213324,2.0,-7.0,-79.0
1777889514.9313323,2.0,-6.0,-85.0
1777889514.9413323,2.0,-5.0,-84.0
1777889514.9513323,-2.0,-8.0,-78.0
1777889514.9613323,-5.0,-8.0,-77.0
1777889514.9713323,-4.0,-8.0,-73.0
1777889514.9813323,-2.0,-9.0,-79.0
1777889514.9913323,0.0,-5.0,-78.0
1777889515.0013323,3.0,-2.0,-71.0
1777889515.0113325,9.0,-1.0,-72.0
1777889515.0213325,10.0,-2.0,-77.0
1777889515.0313325,6.0,-2.0,-73.0
1777889515.0413325,2.0,-3.0,-71.0
1777889515.0513325,3.0,-6.0,-77.0
1777889515.0613325,1.0,-4.0,-75.0
1777889515.0713325,1.0,0.0,-77.0
1777889515.0813324,0.0,0.0,-86.0
1777889515.0913324,3.0,1.0,-85.0
1777889515.1013324,4.0,1.0,-75.0
1777889515.1113324,3.0,4.0,-74.0
1777889515.1213324,5.0,0.0,-75.0
1777889515.1313324,3.0,-2.0,-78.0
1777889515.1413324,-1.0,-3.0,-70.0
1777889515.1513324,-3.0,-5.0,-73.0
1777889515.1613324,-4.0,-6.0,-73.0
1777889515.1713324,0.0,-7.0,-76.0
1777889515.1813323,0.0,-9.0,-69.0
1777889515.1913323,-1.0,-7.0,-77.0
1777889515.2013323,3.0,-5.0,-82.0
1777889515.2113323,6.0,-8.0,-84.0
1777889515.2213323,4.0,-11.0,-83.0
1777889515.2313323,1.0,-9.0,-80.0
1777889515.2413323,0.0,-14.0,-76.0
1777889515.2513323,2.0,-11.0,-77.0
1777889515.2613325,1.0,-6.0,-76.0
1777889515.2713325,2.0,-8.0,-75.0
1777889515.2813325,2.0,-10.0,-77.0
1777889515.2913325,-1.0,-2.0,-72.0
1777889515.3013325,1.0,-5.0,-74.0
1777889515.3113325,0.0,-4.0,-71.0
1777889515.3213325,-2.0,-4.0,-70.0
1777889515.3313324,2.0,-4.0,-83.0
1777889515.3413324,0.0,-1.0,-77.0
1777889515.3513324,-4.0,1.0,-72.0
1777889515.3613324,-3.0,0.0,-76.0
1777889515.3713324,-6.0,-4.0,-72.0
1777889515.3813324,-10.0,-4.0,-69.0
1777889515.3913324,-7.0,-6.0,-71.0
1777889515.4013324,-4.0,-5.0,-75.0
1777889515.4113324,-4.0,-4.0,-71.0
1777889515.4213324,0.0,-1.0,-73.0
1777889515.4313323,4.0,-3.0,-74.0
1777889515.4413323,2.0,-6.0,-71.0
1777889515.4513323,3.0,-7.0,-77.0
1777889515.4613323,7.0,-4.0,-84.0
1777889515.4713323,2.0,1.0,-85.0
1777889515.4813323,6.0,2.0,-78.0
1777889515.4913323,4.0,-1.0,-73.0
1777889515.5013323,3.0,-4.0,-77.0
1777889515.5113325,2.0,-3.0,-75.0
1777889515.5213325,3.0,-2.0,-69.0
1777889515.5313325,2.0,0.0,-65.0
1777889515.5413325,3.0,1.0,-66.0
1777889515.5513325,1.0,0.0,-68.0
1777889515.5613325,2.0,1.0,-70.0
1777889515.5713325,0.0,1.0,-69.0
1777889515.5813324,0.0,0.0,-72.0
1777889515.5913324,4.0,-2.0,-84.0
1777889515.6013324,7.0,1.0,-84.0
1777889515.6113324,5.0,0.0,-83.0
1777889515.6213324,2.0,-1.0,-85.0
1777889515.6313324,-1.0,-2.0,-87.0
1777889515.6413324,-1.0,-3.0,-90.0
1777889515.6513324,-2.0,-1.0,-88.0
1777889515.6613324,0.0,0.0,-81.0
1777889515.6713324,2.0,0.0,-80.0
1777889515.6813323,0.0,0.0,-71.0
1777889515.6913323,0.0,0.0,-79.0
1777889515.7013323,-1.0,-2.0,-77.0
1777889515.7113323,1.0,-8.0,-72.0
1777889515.7213323,2.0,-9.0,-73.0
1777889515.7313323,5.0,-13.0,-67.0
1777889515.7413323,6.0,-15.0,-69.0
1777889515.7513323,5.0,-16.0,-74.0
1777889515.7613325,8.0,-15.0,-74.0
1777889515.7713325,9.0,-12.0,-72.0
1777889515.7813325,6.0,-8.0,-64.0
1777889515.7913325,5.0,-8.0,-70.0
1777889515.8013325,4.0,-6.0,-71.0
1777889515.8113325,0.0,-6.0,-67.0
1777889515.8213325,-2.0,-6.0,-67.0
1777889515.8313324,-5.0,-1.0,-68.0
1777889515.8413324,-6.0,0.0,-70.0
1777889515.8513324,-1.0,-1.0,-71.0
1777889515.8613324,1.0,-1.0,-75.0
1777889515.8713324,0.0,-3.0,-69.0
1777889515.8813324,-2.0,-5.0,-69.0
1777889515.8913324,0.0,-8.0,-72.0
1777889515.9013324,4.0,-6.0,-72.0
1777889515.9113324,6.0,-5.0,-68.0
1777889515.9213324,7.0,-6.0,-71.0
1777889515.9313323,10.0,-7.0,-66.0
1777889515.9413323,7.0,-7.0,-69.0
1777889515.9513323,7.0,-10.0,-73.0
1777889515.9613323,6.0,-5.0,-69.0
1777889515.9713323,5.0,-5.0,-74.0
1777889515.9813323,7.0,-7.0,-75.0
1777889515.9913323,5.0,-11.0,-80.0
1777889516.0013323,4.0,-5.0,-81.0
1777889516.0113325,0.0,-6.0,-81.0
1777889516.0213325,0.0,-3.0,-77.0
1777889516.0313325,2.0,-1.0,-74.0
1777889516.0413325,0.0,3.0,-73.0
1777889516.0513325,-1.0,-1.0,-75.0
1777889516.0613325,0.0,0.0,-77.0
1777889516.0713325,-6.0,-1.0,-76.0
1777889516.0813324,-7.0,-4.0,-84.0
1777889516.0913324,-2.0,-3.0,-81.0
1777889516.1013324,-1.0,-1.0,-76.0
1777889516.1113324,-1.0,0.0,-76.0
1777889516.1213324,-4.0,-1.0,-71.0
1777889516.1313324,-1.0,-1.0,-69.0
1777889516.1413324,2.0,1.0,-63.0
1777889516.1513324,-1.0,-2.0,-65.0
1777889516.1613324,-4.0,-3.0,-71.0
1777889516.1713324,-9.0,-8.0,-73.0
1777889516.1813323,-6.0,-7.0,-78.0
1777889516.1913323,-8.0,-4.0,-72.0
1777889516.2013323,-7.0,0.0,-70.0
1777889516.2113323,-4.0,-4.0,-73.0
1777889516.2213323,0.0,-2.0,-69.0
1777889516.2313323,-1.0,0.0,-62.0
1777889516.2413323,0.0,2.0,-63.0
1777889516.2513323,-1.0,1.0,-71.0
1777889516.2613325,-1.0,6.0,-74.0
1777889516.2713325,0.0,4.0,-74.0
1777889516.2813325,-1.0,2.0,-69.0
1777889516.2913325,-1.0,3.0,-64.0
1777889516.3013325,0.0,4.0,-56.0
1777889516.3113325,1.0,2.0,-58.0
1777889516.3213325,7.0,0.0,-61.0
1777889516.3313324,10.0,-1.0,-66.0
1777889516.3413324,11.0,0.0,-71.0
1777889516.3513324,11.0,0.0,-75.0
1777889516.3613324,9.0,0.0,-73.0
1777889516.3713324,6.0,0.0,-73.0
1777889516.3813324,3.0,0.0,-69.0
1777889516.3913324,4.0,0.0,-70.0
1777889516.4013324,5.0,1.0,-68.0
1777889516.4113324,8.0,2.0,-70.0
1777889516.4213324,1.0,0.0,-65.0
1777889516.4313323,2.0,0.0,-70.0
1777889516.4413323,3.0,0.0,-72.0
1777889516.4513323,4.0,0.0,-75.0
1777889516.4613323,4.0,0.0,-76.0
1777889516.4723325,2.0,1.0,-73.0
1777889516.4823325,3.0,0.0,-79.0
1777889516.4923325,6.0,-1.0,-85.0
1777889516.5023324,8.0,4.0,-87.0
1777889516.5123324,11.0,4.0,-86.0
1777889516.5223324,11.0,2.0,-86.0
1777889516.5323324,5.0,-1.0,-76.0
1777889516.5423324,0.0,-3.0,-67.0
1777889516.5523324,-1.0,-1.0,-69.0
1777889516.5623324,4.0,5.0,-66.0
1777889516.5723324,10.0,4.0,-66.0
1777889516.5823324,9.0,3.0,-61.0
1777889516.5923324,9.0,1.0,-62.0
1777889516.6023324,3.0,2.0,-61.0
1777889516.6123323,2.0,2.0,-65.0
1777889516.6223323,0.0,5.0,-66.0
1777889516.6323323,4.0,1.0,-67.0
1777889516.6423323,4.0,0.0,-65.0
1777889516.6523323,1.0,2.0,-64.0
1777889516.6623323,1.0,1.0,-72.0
1777889516.6723323,1.0,-2.0,-75.0
1777889516.6823325,1.0,0.0,-75.0
1777889516.6923325,4.0,1.0,-80.0
1777889516.7023325,2.0,5.0,-78.0
1777889516.7123325,4.0,7.0,-77.0
1777889516.7223325,6.0,3.0,-80.0
1777889516.7323325,6.0,2.0,-79.0
1777889516.7423325,3.0,0.0,-80.0
1777889516.7523324,3.0,1.0,-84.0
1777889516.7623324,3.0,0.0,-80.0
1777889516.7723324,0.0,0.0,-73.0
1777889516.7823324,2.0,0.0,-70.0
1777889516.7923324,5.0,3.0,-67.0
1777889516.8023324,0.0,0.0,-66.0
1777889516.8123324,-4.0,0.0,-61.0
1777889516.8223324,-4.0,1.0,-62.0
1777889516.8323324,-3.0,-4.0,-66.0
1777889516.8423324,-2.0,-4.0,-69.0
1777889516.8523324,0.0,-5.0,-67.0
1777889516.8623323,-5.0,-1.0,-67.0
1777889516.8723323,-11.0,0.0,-75.0
1777889516.8823323,-10.0,0.0,-81.0
1777889516.8923323,-12.0,1.0,-82.0
1777889516.9023323,-11.0,-1.0,-86.0
1777889516.9123323,-9.0,-1.0,-83.0
1777889516.9223323,-5.0,-2.0,-81.0
1777889516.9323325,-4.0,-4.0,-81.0
1777889516.9423325,0.0,-4.0,-83.0
1777889516.9523325,1.0,-5.0,-82.0
1777889516.9623325,1.0,-3.0,-85.0
1777889516.9723325,2.0,-6.0,-87.0
1777889516.9823325,-2.0,-6.0,-83.0
1777889516.9923325,-3.0,-6.0,-82.0
1777889517.0023324,-1.0,-6.0,-79.0
1777889517.0123324,-1.0,-4.0,-82.0
1777889517.0223324,0.0,-1.0,-81.0
1777889517.0323324,-2.0,0.0,-85.0
1777889517.0423324,-1.0,-1.0,-84.0
1777889517.0523324,3.0,-7.0,-84.0
1777889517.0623324,0.0,-8.0,-78.0
1777889517.0723324,-2.0,-9.0,-77.0
1777889517.0823324,0.0,-13.0,-75.0
1777889517.0923324,3.0,-9.0,-76.0
1777889517.1023324,2.0,-9.0,-71.0
1777889517.1123323,1.0,-3.0,-72.0
1777889517.1223323,0.0,-3.0,-73.0
1777889517.1323323,1.0,-1.0,-76.0
1777889517.1423323,0.0,2.0,-71.0
1777889517.1523323,4.0,5.0,-73.0
1777889517.1623323,6.0,4.0,-75.0
1777889517.1723323,2.0,5.0,-82.0
1777889517.1823325,0.0,2.0,-81.0
1777889517.1923325,1.0,3.0,-80.0
1777889517.2023325,-4.0,2.0,-77.0
1777889517.2123325,-6.0,3.0,-82.0
1777889517.2223325,-8.0,0.0,-81.0
1777889517.2323325,-6.0,-3.0,-80.0
1777889517.2423325,-7.0,1.0,-72.0
1777889517.2523324,0.0,0.0,-69.0
1777889517.2623324,0.0,-1.0,-69.0
1777889517.2723324,0.0,0.0,-62.0
1777889517.2823324,1.0,2.0,-60.0
1777889517.2923324,-3.0,2.0,-66.0
1777889517.3023324,-2.0,2.0,-74.0
1777889517.3123324,2.0,1.0,-75.0
1777889517.3223324,6.0,1.0,-79.0
1777889517.3323324,7.0,-1.0,-75.0
1777889517.3423324,3.0,-4.0,-75.0
1777889517.3523324,2.0,-3.0,-69.0
1777889517.3623323,1.0,-2.0,-69.0
1777889517.3723323,2.0,0.0,-67.0
1777889517.3823323,4.0,0.0,-70.0
1777889517.3923323,4.0,1.0,-73.0
1777889517.4023323,4.0,5.0,-69.0
1777889517.4123323,0.0,3.0,-73.0
1777889517.4223323,4.0,7.0,-72.0
1777889517.4323325,7.0,10.0,-69.0
1777889517.4423325,4.0,13.0,-68.0
1777889517.4523325,1.0,8.0,-69.0
1777889517.4623325,3.0,5.0,-70.0
1777889517.4723325,-2.0,3.0,-72.0
1777889517.4823325,0.0,4.0,-68.0
1777889517.4923325,2.0,2.0,-67.0
1777889517.5023324,2.0,3.0,-67.0
1777889517.5123324,5.0,-3.0,-67.0
1777889517.5223324,4.0,-3.0,-70.0
1777889517.5323324,7.0,-4.0,-71.0
1777889517.5423324,4.0,-2.0,-66.0
1777889517.5523324,4.0,0.0,-69.0
1777889517.5623324,3.0,-2.0,-70.0
1777889517.5723324,3.0,-2.0,-75.0
1777889517.5823324,0.0,-3.0,-75.0
1777889517.5923324,4.0,-2.0,-68.0
1777889517.6023324,2.0,-2.0,-69.0
1777889517.6123323,0.0,-1.0,-70.0
1777889517.6223323,0.0,-1.0,-70.0
1777889517.6323323,-2.0,0.0,-73.0
1777889517.6423323,0.0,-3.0,-72.0
1777889517.6523323,0.0,-4.0,-76.0
1777889517.6623323,-1.0,-4.0,-75.0
1777889517.6723323,-3.0,-3.0,-70.0
1777889517.6823325,-6.0,-8.0,-72.0
1777889517.6923325,-6.0,-8.0,-78.0
1777889517.7023325,-2.0,-6.0,-80.0
1777889517.7123325,0.0,-3.0,-79.0
1777889517.7223325,0.0,-3.0,-76.0
1777889517.7323325,0.0,-3.0,-74.0
1777889517.7423325,4.0,0.0,-67.0
1777889517.7523324,2.0,2.0,-67.0
1777889517.7623324,0.0,0.0,-65.0
1777889517.7723324,1.0,2.0,-63.0
1777889517.7823324,0.0,4.0,-64.0
1777889517.7923324,0.0,3.0,-65.0
1777889517.8023324,0.0,3.0,-69.0
1777889517.8123324,0.0,0.0,-74.0
1777889517.8223324,-1.0,0.0,-71.0
1777889517.8323324,0.0,1.0,-73.0
1777889517.8423324,0.0,0.0,-71.0
1777889517.8523324,0.0,-3.0,-63.0
1777889517.8623323,2.0,-2.0,-61.0
1777889517.8723323,-1.0,0.0,-64.0
1777889517.8823323,-2.0,-2.0,-73.0
1777889517.8923323,1.0,1.0,-79.0
1777889517.9023323,0.0,1.0,-72.0
1777889517.9123323,-1.0,0.0,-72.0
1777889517.9223323,0.0,5.0,-70.0
1777889517.9323325,0.0,7.0,-70.0
1777889517.9423325,-1.0,5.0,-72.0
1777889517.9523325,-2.0,7.0,-76.0
1777889517.9623325,-2.0,4.0,-75.0
1777889517.9723325,-2.0,2.0,-74.0
1777889517.9823325,-1.0,4.0,-74.0
1777889517.9923325,-3.0,2.0,-74.0
1777889518.0023324,-7.0,2.0,-73.0
1777889518.0123324,-4.0,0.0,-75.0
1777889518.0223324,-6.0,0.0,-74.0
1777889518.0323324,-5.0,-2.0,-76.0
1777889518.0423324,-5.0,1.0,-74.0
1777889518.0523324,-2.0,0.0,-77.0
1777889518.0623324,-4.0,5.0,-77.0
1777889518.0723324,-7.0,0.0,-71.0
1777889518.0823324,-7.0,-2.0,-74.0
1777889518.0923324,-1.0,-6.0,-80.0
1777889518.1023324,0.0,-5.0,-77.0
1777889518.1123323,1.0,-2.0,-69.0
1777889518.1223323,-1.0,-1.0,-67.0
1777889518.1323323,5.0,3.0,-76.0
1777889518.1423323,3.0,5.0,-74.0
1777889518.1523323,3.0,6.0,-71.0
1777889518.1623323,1.0,1.0,-62.0
1777889518.1723323,-4.0,-2.0,-71.0
1777889518.1823325,-1.0,-3.0,-77.0
1777889518.1923325,0.0,-3.0,-89.0
1777889518.2023325,1.0,0.0,-88.0
1777889518.2123325,4.0,0.0,-84.0
1777889518.2223325,10.0,-2.0,-78.0
1777889518.2323325,11.0,-2.0,-75.0
1777889518.2423325,8.0,-5.0,-79.0
1777889518.2523324,7.0,-8.0,-78.0
1777889518.2623324,0.0,-6.0,-79.0
1777889518.2723324,-6.0,0.0,-76.0
1777889518.2823324,-9.0,0.0,-81.0
1777889518.2923324,-9.0,0.0,-78.0
1777889518.3023324,-6.0,1.0,-78.0
1777889518.3123324,-2.0,2.0,-79.0
1777889518.3223324,-4.0,4.0,-82.0
1777889518.3323324,-4.0,6.0,-81.0
1777889518.3423324,-3.0,4.0,-80.0
1777889518.3523324,-4.0,0.0,-87.0
1777889518.3623323,-8.0,-6.0,-87.0
1777889518.3723323,-7.0,-6.0,-91.0
1777889518.3823323,-6.0,-5.0,-88.0
1777889518.3923323,-1.0,-6.0,-86.0
1777889518.4023323,-5.0,-7.0,-83.0
1777889518.4123323,-4.0,-5.0,-80.0
1777889518.4223323,0.0,-2.0,-83.0
1777889518.4323325,4.0,0.0,-87.0
1777889518.4423325,5.0,-3.0,-84.0
1777889518.4533324,9.0,-4.0,-78.0
1777889518.4633324,10.0,-3.0,-75.0
1777889518.4733324,2.0,-5.0,-73.0
1777889518.4833324,-3.0,-6.0,-76.0
1777889518.4933324,-4.0,1.0,-77.0
1777889518.5033324,-4.0,0.0,-77.0
1777889518.5133324,0.0,5.0,-75.0
1777889518.5233324,0.0,6.0,-76.0
1777889518.5333323,1.0,5.0,-74.0
1777889518.5433323,5.0,5.0,-74.0
1777889518.5533323,4.0,4.0,-74.0
1777889518.5633323,3.0,9.0,-69.0
1777889518.5733323,5.0,13.0,-71.0
1777889518.5833323,4.0,11.0,-73.0
1777889518.5933323,7.0,10.0,-76.0
1777889518.6033323,6.0,5.0,-72.0
1777889518.6133325,6.0,2.0,-70.0
1777889518.6233325,5.0,2.0,-78.0
1777889518.6333325,2.0,4.0,-84.0
1777889518.6433325,6.0,0.0,-87.0
1777889518.6533325,1.0,5.0,-86.0
1777889518.6633325,0.0,2.0,-85.0
1777889518.6733325,2.0,-1.0,-83.0
1777889518.6833324,2.0,-3.0,-73.0
1777889518.6933324,4.0,-5.0,-78.0
1777889518.7033324,2.0,-6.0,-84.0
1777889518.7133324,0.0,-6.0,-78.0
1777889518.7233324,-4.0,-3.0,-75.0
1777889518.7333324,1.0,0.0,-76.0
1777889518.7433324,2.0,0.0,-81.0
1777889518.7533324,1.0,0.0,-85.0
1777889518.7633324,0.0,3.0,-85.0
1777889518.7733324,0.0,1.0,-79.0
1777889518.7833323,-2.0,-1.0,-76.0
1777889518.7933323,-1.0,-2.0,-83.0
1777889518.8033323,0.0,-2.0,-78.0
1777889518.8133323,-3.0,-2.0,-76.0
1777889518.8233323,-4.0,-3.0,-76.0
1777889518.8333323,-1.0,-3.0,-80.0
1777889518.8433323,1.0,-8.0,-77.0
1777889518.8533323,0.0,-6.0,-74.0
1777889518.8633325,-1.0,-2.0,-73.0
1777889518.8733325,-1.0,-2.0,-75.0
1777889518.8833325,1.0,-3.0,-77.0
1777889518.8933325,1.0,-4.0,-86.0
1777889518.9033325,1.0,-5.0,-85.0
1777889518.9133325,4.0,-5.0,-83.0
1777889518.9233325,4.0,-1.0,-78.0
1777889518.9333324,1.0,1.0,-77.0
1777889518.9433324,2.0,5.0,-79.0
1777889518.9533324,1.0,8.0,-81.0
1777889518.9633324,1.0,3.0,-72.0
1777889518.9733324,-1.0,3.0,-71.0
1777889518.9833324,2.0,6.0,-68.0
1777889518.9933324,2.0,7.0,-73.0
1777889519.0033324,2.0,4.0,-78.0
1777889519.0133324,3.0,2.0,-77.0
1777889519.0233324,5.0,4.0,-80.0
1777889519.0333323,9.0,2.0,-80.0
1777889519.0433323,13.0,3.0,-80.0
1777889519.0533323,14.0,5.0,-80.0
1777889519.0633323,11.0,1.0,-75.0
1777889519.0733323,7.0,-2.0,-76.0
1777889519.0833323,4.0,0.0,-74.0
1777889519.0933323,3.0,2.0,-71.0
1777889519.1033323,0.0,3.0,-67.0
1777889519.1133325,3.0,4.0,-70.0
1777889519.1233325,3.0,6.0,-68.0
1777889519.1333325,4.0,7.0,-65.0
1777889519.1433325,5.0,5.0,-69.0
1777889519.1533325,7.0,-1.0,-68.0
1777889519.1633325,6.0,0.0,-70.0
1777889519.1733325,2.0,1.0,-70.0
1777889519.1833324,1.0,0.0,-70.0
1777889519.1933324,0.0,0.0,-64.0
1777889519.2033324,2.0,-3.0,-73.0
1777889519.2133324,3.0,-7.0,-70.0
1777889519.2233324,0.0,-6.0,-66.0
1777889519.2333324,3.0,-2.0,-66.0
1777889519.2433324,3.0,-2.0,-62.0
1777889519.2533324,8.0,2.0,-57.0
1777889519.2633324,7.0,3.0,-58.0
1777889519.2733324,4.0,2.0,-59.0
1777889519.2833323,5.0,2.0,-56.0
1777889519.2933323,7.0,0.0,-63.0
1777889519.3033323,0.0,-2.0,-67.0
1777889519.3133323,0.0,0.0,-72.0
1777889519.3233323,0.0,0.0,-75.0
1777889519.3333323,4.0,1.0,-76.0
1777889519.3433323,2.0,-1.0,-78.0
1777889519.3533323,4.0,-5.0,-72.0
1777889519.3633325,1.0,-5.0,-71.0
1777889519.3733325,3.0,-8.0,-72.0
1777889519.3833325,1.0,-6.0,-67.0
1777889519.3933325,-1.0,-4.0,-75.0
1777889519.4033325,-5.0,0.0,-82.0
1777889519.4133325,-5.0,-2.0,-81.0
1777889519.4233325,-3.0,-2.0,-74.0
1777889519.4333324,-3.0,-3.0,-74.0
1777889519.4433324,-1.0,-2.0,-72.0
1777889519.4533324,-2.0,-5.0,-75.0
1777889519.4633324,-6.0,-3.0,-74.0
1777889519.4733324,-8.0,0.0,-75.0
1777889519.4833324,-8.0,-2.0,-71.0
1777889519.4933324,-3.0,-1.0,-69.0
1777889519.5033324,0.0,-1.0,-71.0
1777889519.5133324,0.0,0.0,-69.0
1777889519.5233324,0.0,4.0,-71.0
1777889519.5333323,1.0,0.0,-68.0
1777889519.5433323,-1.0,-1.0,-70.0
1777889519.5533323,-2.0,0.0,-72.0
1777889519.5633323,-1.0,4.0,-72.0
1777889519.5733323,2.0,9.0,-74.0
1777889519.5833323,-1.0,5.0,-71.0
1777889519.5933323,-2.0,0.0,-70.0
1777889519.6033323,-3.0,-2.0,-70.0
1777889519.6133325,-1.0,-2.0,-69.0
1777889519.6233325,-2.0,-6.0,-74.0
1777889519.6333325,1.0,-2.0,-76.0
1777889519.6433325,0.0,-1.0,-77.0
1777889519.6533325,4.0,-2.0,-81.0
1777889519.6633325,7.0,-2.0,-77.0
1777889519.6733325,9.0,0.0,-73.0
1777889519.6833324,6.0,-1.0,-66.0
1777889519.6933324,3.0,0.0,-68.0
1777889519.7033324,-4.0,0.0,-75.0
1777889519.7133324,-6.0,-4.0,-71.0
1777889519.7233324,-12.0,-7.0,-73.0
1777889519.7333324,-12.0,-3.0,-68.0
1777889519.7433324,-7.0,0.0,-67.0
1777889519.7533324,-4.0,-1.0,-69.0
1777889519.7633324,-3.0,0.0,-67.0
1777889519.7733324,-7.0,0.0,-69.0
1777889519.7833323,-4.0,0.0,-79.0
1777889519.7933323,-4.0,0.0,-80.0
1777889519.8033323,-2.0,-2.0,-88.0
1777889519.8133323,-1.0,0.0,-85.0
1777889519.8233323,1.0,0.0,-84.0
1777889519.8333323,1.0,2.0,-82.0
1777889519.8433323,5.0,0.0,-77.0
1777889519.8533323,0.0,-1.0,-73.0
1777889519.8633325,0.0,-3.0,-68.0
1777889519.8733325,4.0,-3.0,-70.0
1777889519.8833325,5.0,-1.0,-72.0
1777889519.8933325,1.0,-2.0,-69.0
1777889519.9033325,-2.0,0.0,-66.0
1777889519.9133325,-2.0,0.0,-72.0
1777889519.9233325,0.0,-1.0,-78.0
1777889519.9333324,0.0,-1.0,-81.0
1777889519.9433324,-4.0,-1.0,-85.0
1777889519.9533324,-5.0,-2.0,-85.0
1777889519.9633324,-4.0,-6.0,-81.0
1777889519.9733324,-3.0,-8.0,-77.0
1777889519.9833324,-3.0,-10.0,-79.0
1777889519.9933324,2.0,-8.0,-81.0
1777889520.0033324,2.0,-6.0,-81.0
1777889520.0133324,5.0,-2.0,-93.0
1777889520.0233324,4.0,-2.0,-89.0
1777889520.0333323,0.0,-3.0,-80.0
1777889520.0433323,3.0,-3.0,-82.0
1777889520.0533323,6.0,-2.0,-75.0
1777889520.0633323,4.0,0.0,-68.0
1777889520.0733323,4.0,0.0,-68.0
1777889520.0833323,4.0,0.0,-72.0
1777889520.0933323,4.0,4.0,-66.0
1777889520.1033323,1.0,0.0,-64.0
1777889520.1133325,0.0,3.0,-67.0
1777889520.1233325,0.0,4.0,-63.0
1777889520.1333325,1.0,2.0,-65.0
1777889520.1433325,-4.0,1.0,-63.0
1777889520.1533325,-8.0,0.0,-71.0
1777889520.1633325,-4.0,5.0,-71.0
1777889520.1733325,-7.0,5.0,-73.0
1777889520.1833324,-8.0,6.0,-66.0
1777889520.1933324,-4.0,8.0,-67.0
1777889520.2033324,-5.0,6.0,-63.0
1777889520.2133324,-3.0,4.0,-70.0
1777889520.2233324,0.0,5.0,-72.0
1777889520.2333324,-1.0,8.0,-72.0
1777889520.2433324,-3.0,2.0,-72.0
1777889520.2533324,-1.0,1.0,-76.0
1777889520.2633324,-1.0,-1.0,-74.0
1777889520.2733324,-7.0,-4.0,-81.0
1777889520.2833323,-4.0,0.0,-78.0
1777889520.2933323,-3.0,3.0,-79.0
1777889520.3033323,-4.0,1.0,-82.0
1777889520.3133323,-1.0,2.0,-76.0
1777889520.3233323,-2.0,1.0,-80.0
1777889520.3333323,0.0,4.0,-78.0
1777889520.3433323,5.0,2.0,-80.0
1777889520.3533323,4.0,0.0,-76.0
1777889520.3633325,7.0,-3.0,-69.0
1777889520.3733325,4.0,-3.0,-67.0
1777889520.3833325,2.0,2.0,-67.0
1777889520.3933325,0.0,2.0,-66.0
1777889520.4033325,-1.0,2.0,-66.0
1777889520.4133325,-4.0,0.0,-70.0
1777889520.4233325,-5.0,1.0,-72.0
1777889520.4343324,0.0,0.0,-74.0
1777889520.4443324,0.0,-4.0,-75.0
1777889520.4543324,0.0,0.0,-74.0
1777889520.4643323,1.0,0.0,-69.0
1777889520.4743323,-2.0,0.0,-70.0
1777889520.4843323,-3.0,0.0,-71.0
1777889520.4943323,-3.0,1.0,-72.0
1777889520.5043323,-4.0,-1.0,-78.0
1777889520.5143323,2.0,0.0,-83.0
1777889520.5243323,3.0,-1.0,-85.0
1777889520.5343325,1.0,-2.0,-83.0
1777889520.5443325,1.0,-2.0,-85.0
1777889520.5543325,1.0,0.0,-74.0
1777889520.5643325,-1.0,3.0,-74.0
1777889520.5743325,-2.0,4.0,-74.0
1777889520.5843325,-2.0,3.0,-79.0
1777889520.5943325,-5.0,6.0,-79.0
1777889520.6043324,-3.0,3.0,-75.0
1777889520.6143324,-3.0,4.0,-70.0
1777889520.6243324,0.0,4.0,-73.0
1777889520.6343324,2.0,3.0,-73.0
1777889520.6443324,3.0,-3.0,-72.0
1777889520.6543324,2.0,0.0,-72.0
1777889520.6643324,0.0,-4.0,-71.0
1777889520.6743324,0.0,-2.0,-72.0
1777889520.6843324,-3.0,1.0,-68.0
1777889520.6943324,-1.0,3.0,-69.0
1777889520.7043324,0.0,2.0,-75.0
1777889520.7143323,0.0,8.0,-80.0
1777889520.7243323,1.0,6.0,-81.0
1777889520.7343323,2.0,5.0,-82.0
1777889520.7443323,4.0,8.0,-75.0
1777889520.7543323,3.0,5.0,-71.0
1777889520.7643323,1.0,2.0,-71.0
1777889520.7743323,0.0,5.0,-75.0
1777889520.7843325,0.0,2.0,-75.0
1777889520.7943325,-2.0,1.0,-73.0
1777889520.8043325,-2.0,1.0,-66.0
1777889520.8143325,-1.0,2.0,-68.0
1777889520.8243325,2.0,0.0,-75.0
1777889520.8343325,4.0,1.0,-74.0
1777889520.8443325,5.0,1.0,-76.0
1777889520.8543324,4.0,0.0,-77.0
1777889520.8643324,2.0,-2.0,-74.0
1777889520.8743324,1.0,0.0,-81.0
1777889520.8843324,4.0,0.0,-83.0
1777889520.8943324,2.0,-1.0,-72.0
1777889520.9043324,-2.0,0.0,-68.0
1777889520.9143324,-6.0,0.0,-68.0
1777889520.9243324,0.0,0.0,-73.0
1777889520.9343324,0.0,2.0,-70.0
1777889520.9443324,-1.0,-1.0,-67.0
1777889520.9543324,-3.0,-4.0,-71.0
1777889520.9643323,-5.0,-1.0,-72.0
1777889520.9743323,-4.0,1.0,-76.0
1777889520.9843323,-4.0,0.0,-83.0
1777889520.9943323,-5.0,0.0,-78.0
1777889521.0043323,-2.0,0.0,-84.0
1777889521.0143323,-2.0,1.0,-80.0
1777889521.0243323,0.0,-1.0,-73.0
1777889521.0343325,0.0,0.0,-67.0
1777889521.0443325,0.0,0.0,-72.0
1777889521.0543325,-1.0,0.0,-71.0
1777889521.0643325,0.0,-2.0,-70.0
1777889521.0743325,-2.0,-2.0,-68.0
1777889521.0843325,0.0,-4.0,-74.0
1777889521.0943325,3.0,-1.0,-80.0
1777889521.1043324,5.0,-4.0,-72.0
1777889521.1143324,0.0,-4.0,-72.0
1777889521.1243324,0.0,-1.0,-76.0
1777889521.1343324,-2.0,-1.0,-76.0
1777889521.1443324,-2.0,-2.0,-77.0
1777889521.1543324,-2.0,-4.0,-73.0
1777889521.1643324,0.0,-3.0,-71.0
1777889521.1743324,0.0,0.0,-74.0
1777889521.1843324,-4.0,0.0,-72.0
1777889521.1943324,-6.0,0.0,-70.0
1777889521.2043324,0.0,-2.0,-75.0
1777889521.2143323,2.0,-6.0,-72.0
1777889521.2243323,0.0,-11.0,-68.0
1777889521.2343323,-1.0,-10.0,-64.0
1777889521.2443323,-3.0,-7.0,-67.0
1777889521.2543323,-8.0,-4.0,-70.0
1777889521.2643323,-9.0,-4.0,-71.0
1777889521.2743323,-9.0,-2.0,-73.0
1777889521.2843325,-8.0,-1.0,-72.0
1777889521.2943325,-2.0,0.0,-76.0
1777889521.3043325,2.0,-3.0,-72.0
1777889521.3143325,2.0,-5.0,-70.0
1777889521.3243325,0.0,-4.0,-80.0
1777889521.3343325,4.0,-5.0,-82.0
1777889521.3443325,2.0,-5.0,-77.0
1777889521.3543324,7.0,-3.0,-72.0
1777889521.3643324,1.0,-4.0,-77.0
1777889521.3743324,-1.0,-1.0,-76.0
1777889521.3843324,1.0,0.0,-77.0
1777889521.3943324,0.0,-1.0,-77.0
1777889521.4043324,2.0,-1.0,-85.0
1777889521.4143324,1.0,-2.0,-83.0
1777889521.4243324,0.0,0.0,-74.0
1777889521.4343324,0.0,-1.0,-75.0
1777889521.4443324,0.0,0.0,-80.0
1777889521.4543324,-2.0,0.0,-77.0
1777889521.4643323,0.0,0.0,-73.0
1777889521.4743323,0.0,-1.0,-70.0
1777889521.4843323,1.0,-1.0,-76.0
1777889521.4943323,2.0,1.0,-74.0
1777889521.5043323,2.0,0.0,-84.0
1777889521.5143323,5.0,-1.0,-87.0
1777889521.5243323,7.0,-3.0,-81.0
1777889521.5343325,7.0,-1.0,-84.0
1777889521.5443325,4.0,-2.0,-86.0
1777889521.5543325,0.0,2.0,-89.0
1777889521.5643325,-1.0,1.0,-87.0
1777889521.5743325,0.0,0.0,-90.0
1777889521.5843325,0.0,0.0,-88.0
1777889521.5943325,1.0,0.0,-83.0
1777889521.6043324,0.0,0.0,-81.0
1777889521.6143324,2.0,2.0,-83.0
1777889521.6243324,1.0,1.0,-86.0
1777889521.6343324,3.0,-3.0,-81.0
1777889521.6443324,1.0,-2.0,-81.0
1777889521.6543324,4.0,-3.0,-83.0
1777889521.6643324,4.0,-3.0,-88.0
1777889521.6743324,9.0,-5.0,-87.0
1777889521.6843324,14.0,-6.0,-83.0
1777889521.6943324,5.0,-3.0,-76.0
1777889521.7043324,9.0,-5.0,-76.0
1777889521.7143323,3.0,-5.0,-74.0
1777889521.7243323,2.0,-5.0,-80.0
1777889521.7343323,-1.0,-3.0,-82.0
1777889521.7443323,-1.0,-2.0,-84.0
1777889521.7543323,0.0,0.0,-79.0
1777889521.7643323,5.0,3.0,-84.0
1777889521.7743323,4.0,0.0,-84.0
1777889521.7843325,7.0,0.0,-79.0
1777889521.7943325,7.0,-1.0,-78.0
1777889521.8043325,9.0,-2.0,-68.0
1777889521.8143325,10.0,-5.0,-70.0
1777889521.8243325,8.0,-4.0,-74.0
1777889521.8343325,5.0,-3.0,-79.0
1777889521.8443325,7.0,-3.0,-77.0
1777889521.8543324,7.0,-2.0,-77.0
1777889521.8643324,9.0,0.0,-79.0
1777889521.8743324,6.0,0.0,-75.0
1777889521.8843324,6.0,0.0,-72.0
1777889521.8943324,6.0,0.0,-72.0
1777889521.9043324,9.0,0.0,-74.0
1777889521.9143324,11.0,0.0,-76.0
1777889521.9243324,9.0,0.0,-75.0
1777889521.9343324,7.0,-2.0,-76.0
1777889521.9443324,9.0,-4.0,-76.0
1777889521.9543324,7.0,-5.0,-71.0
1777889521.9643323,5.0,-5.0,-73.0
1777889521.9743323,2.0,0.0,-73.0
1777889521.9843323,3.0,1.0,-75.0
1777889521.9943323,0.0,1.0,-75.0
1777889522.0043323,0.0,-1.0,-82.0
1777889522.0143323,0.0,0.0,-80.0
1777889522.0243323,-1.0,-2.0,-81.0
1777889522.0343325,-2.0,-1.0,-85.0
1777889522.0443325,0.0,0.0,-81.0
1777889522.0543325,0.0,-1.0,-81.0
1777889522.0643325,-3.0,0.0,-84.0
1777889522.0743325,-1.0,1.0,-76.0
1777889522.0843325,2.0,-2.0,-74.0
1777889522.0943325,2.0,-3.0,-81.0
1777889522.1043324,-2.0,-7.0,-82.0
1777889522.1143324,-2.0,-5.0,-82.0
1777889522.1243324,-2.0,-5.0,-76.0
1777889522.1343324,-5.0,3.0,-80.0
1777889522.1443324,-2.0,5.0,-83.0
1777889522.1543324,-1.0,2.0,-70.0
1777889522.1643324,3.0,4.0,-73.0
1777889522.1743324,8.0,5.0,-69.0
1777889522.1843324,1.0,2.0,-70.0
1777889522.1943324,1.0,2.0,-75.0
1777889522.2043324,3.0,-1.0,-80.0
1777889522.2143323,6.0,-4.0,-77.0
1777889522.2243323,1.0,-2.0,-76.0
1777889522.2343323,0.0,-2.0,-73.0
1777889522.2443323,3.0,-3.0,-80.0
1777889522.2543323,5.0,-4.0,-81.0
1777889522.2643323,3.0,-4.0,-77.0
1777889522.2743323,3.0,-4.0,-80.0
1777889522.2843325,4.0,-6.0,-77.0
1777889522.2943325,1.0,-7.0,-79.0
1777889522.3043325,-1.0,-4.0,-77.0
1777889522.3143325,-1.0,-1.0,-74.0
1777889522.3243325,0.0,-1.0,-80.0
1777889522.3343325,3.0,-4.0,-84.0
1777889522.3443325,2.0,-3.0,-92.0
1777889522.3543324,3.0,-1.0,-98.0
1777889522.3643324,1.0,2.0,-97.0
1777889522.3753324,1.0,3.0,-92.0
1777889522.3843324,-3.0,2.0,-87.0
1777889522.3943324,-2.0,0.0,-83.0
1777889522.4043324,-2.0,0.0,-80.0
1777889522.4143324,2.0,1.0,-80.0
1777889522.4253323,3.0,2.0,-74.0
1777889522.4353323,7.0,6.0,-69.0
1777889522.4453323,4.0,4.0,-68.0
1777889522.4553325,3.0,-2.0,-66.0
1777889522.4653325,0.0,-3.0,-70.0
1777889522.4753325,1.0,-3.0,-71.0
1777889522.4853325,2.0,0.0,-77.0
1777889522.4953325,5.0,4.0,-76.0
1777889522.5053325,7.0,0.0,-78.0
1777889522.5153325,2.0,-2.0,-85.0
1777889522.5253325,0.0,0.0,-82.0
1777889522.5353324,3.0,3.0,-75.0
1777889522.5453324,1.0,3.0,-77.0
1777889522.5553324,1.0,1.0,-84.0
1777889522.5653324,0.0,2.0,-81.0
1777889522.5753324,-1.0,0.0,-79.0
1777889522.5853324,-1.0,0.0,-79.0
1777889522.5953324,-2.0,-4.0,-78.0
1777889522.6053324,-1.0,-3.0,-76.0
1777889522.6153324,-2.0,-2.0,-77.0
1777889522.6253324,0.0,2.0,-77.0
1777889522.6353323,-3.0,1.0,-80.0
1777889522.6453323,-2.0,0.0,-76.0
1777889522.6553323,-5.0,-3.0,-72.0
1777889522.6653323,-8.0,-9.0,-80.0
1777889522.6753323,-2.0,-7.0,-82.0
1777889522.6853323,0.0,-6.0,-79.0
1777889522.6953323,4.0,-6.0,-74.0
1777889522.7053325,5.0,-8.0,-74.0
1777889522.7153325,0.0,-1.0,-75.0
1777889522.7253325,0.0,-1.0,-70.0
1777889522.7353325,-1.0,2.0,-68.0
1777889522.7453325,2.0,2.0,-67.0
1777889522.7553325,0.0,3.0,-71.0
1777889522.7653325,0.0,0.0,-75.0
1777889522.7753325,1.0,-4.0,-78.0
1777889522.7853324,0.0,-3.0,-77.0
1777889522.7953324,-1.0,-5.0,-71.0
1777889522.8053324,0.0,-8.0,-72.0
1777889522.8153324,-2.0,-5.0,-75.0
1777889522.8253324,-6.0,-1.0,-75.0
1777889522.8353324,-6.0,0.0,-71.0
1777889522.8453324,-2.0,0.0,-69.0
1777889522.8553324,-2.0,-2.0,-71.0
1777889522.8653324,0.0,-1.0,-72.0
1777889522.8753324,0.0,-3.0,-76.0
1777889522.8853323,2.0,0.0,-80.0
1777889522.8953323,6.0,2.0,-78.0
1777889522.9053323,7.0,7.0,-83.0
1777889522.9153323,2.0,6.0,-89.0
1777889522.9253323,-2.0,6.0,-89.0
1777889522.9353323,-4.0,4.0,-92.0
1777889522.9453323,3.0,0.0,-80.0
1777889522.9553325,3.0,0.0,-77.0
1777889522.9653325,3.0,4.0,-76.0
1777889522.9753325,9.0,5.0,-75.0
1777889522.9853325,8.0,5.0,-72.0
1777889522.9953325,9.0,1.0,-72.0
1777889523.0053325,7.0,2.0,-70.0
1777889523.0153325,8.0,0.0,-66.0
1777889523.0253325,4.0,2.0,-72.0
1777889523.0353324,0.0,-1.0,-71.0
1777889523.0453324,2.0,-2.0,-71.0
1777889523.0553324,3.0,0.0,-72.0
1777889523.0653324,0.0,0.0,-76.0
1777889523.0753324,0.0,-2.0,-74.0
1777889523.0853324,-5.0,0.0,-78.0
1777889523.0953324,-6.0,-2.0,-81.0
1777889523.1053324,-5.0,-1.0,-78.0
1777889523.1153324,-1.0,-1.0,-75.0
1777889523.1253324,0.0,0.0,-74.0
1777889523.1353323,-1.0,-1.0,-72.0
1777889523.1453323,-4.0,-1.0,-80.0
1777889523.1553323,-3.0,-3.0,-79.0
1777889523.1653323,-2.0,-2.0,-74.0
1777889523.1753323,-6.0,4.0,-80.0
1777889523.1853323,-5.0,3.0,-81.0
1777889523.1953323,-1.0,4.0,-77.0
1777889523.2053325,3.0,0.0,-72.0
1777889523.2153325,7.0,4.0,-77.0
1777889523.2253325,10.0,0.0,-80.0
1777889523.2353325,9.0,3.0,-73.0
1777889523.2453325,2.0,4.0,-78.0
1777889523.2553325,0.0,3.0,-78.0
1777889523.2653325,0.0,3.0,-80.0
1777889523.2753325,-3.0,2.0,-80.0
1777889523.2853324,-4.0,2.0,-75.0
1777889523.2953324,0.0,2.0,-64.0
1777889523.3053324,1.0,1.0,-67.0
1777889523.3153324,0.0,4.0,-68.0
1777889523.3253324,1.0,5.0,-75.0
1777889523.3353324,1.0,4.0,-78.0
1777889523.3453324,8.0,4.0,-75.0
1777889523.3553324,4.0,4.0,-68.0
1777889523.3653324,3.0,4.0,-67.0
1777889523.3753324,3.0,3.0,-77.0
1777889523.3853323,5.0,6.0,-76.0
1777889523.3953323,1.0,7.0,-73.0
1777889523.4053323,0.0,4.0,-74.0
1777889523.4153323,-1.0,3.0,-75.0
1777889523.4253323,3.0,4.0,-83.0
1777889523.4353323,0.0,2.0,-83.0
1777889523.4453323,-1.0,0.0,-81.0
1777889523.4553325,-1.0,0.0,-80.0
1777889523.4653325,-3.0,-1.0,-73.0
1777889523.4753325,-1.0,-3.0,-76.0
1777889523.4853325,0.0,-3.0,-79.0
1777889523.4953325,2.0,-3.0,-77.0
1777889523.5053325,-1.0,-1.0,-83.0
1777889523.5153325,1.0,0.0,-84.0
1777889523.5253325,4.0,-3.0,-77.0
1777889523.5353324,6.0,-2.0,-69.0
1777889523.5453324,4.0,2.0,-71.0
1777889523.5553324,4.0,6.0,-73.0
1777889523.5653324,3.0,7.0,-70.0
1777889523.5753324,4.0,8.0,-62.0
1777889523.5853324,2.0,3.0,-66.0
1777889523.5953324,0.0,0.0,-62.0
1777889523.6053324,3.0,1.0,-57.0
1777889523.6153324,2.0,0.0,-66.0
1777889523.6253324,0.0,-3.0,-70.0
1777889523.6353323,0.0,-2.0,-71.0
1777889523.6453323,5.0,0.0,-70.0
1777889523.6553323,1.0,2.0,-74.0
1777889523.6653323,2.0,0.0,-82.0
1777889523.6753323,2.0,1.0,-84.0
1777889523.6853323,1.0,-3.0,-83.0
1777889523.6953323,0.0,-5.0,-74.0
1777889523.7053325,-1.0,-8.0,-70.0
1777889523.7153325,4.0,-10.0,-75.0
1777889523.7253325,-1.0,-9.0,-69.0
1777889523.7353325,2.0,-7.0,-72.0
1777889523.7453325,-1.0,-3.0,-75.0
1777889523.7553325,0.0,-3.0,-79.0
1777889523.7653325,-4.0,-1.0,-82.0
1777889523.7753325,0.0,0.0,-78.0
1777889523.7853324,1.0,0.0,-71.0
1777889523.7953324,-2.0,0.0,-72.0
1777889523.8053324,-4.0,1.0,-68.0
1777889523.8153324,-5.0,7.0,-76.0
1777889523.8253324,-3.0,9.0,-76.0
1777889523.8353324,-2.0,5.0,-75.0
1777889523.8453324,-7.0,5.0,-73.0
1777889523.8553324,-6.0,4.0,-71.0
1777889523.8653324,-2.0,0.0,-73.0
1777889523.8753324,0.0,2.0,-74.0
1777889523.8853323,0.0,1.0,-73.0
1777889523.8953323,-1.0,3.0,-74.0
1777889523.9053323,-1.0,6.0,-69.0
1777889523.9153323,0.0,3.0,-60.0
1777889523.9253323,0.0,1.0,-65.0
1777889523.9353323,0.0,1.0,-62.0
1777889523.9453323,-1.0,1.0,-63.0
1777889523.9553325,0.0,2.0,-62.0
1777889523.9653325,1.0,0.0,-59.0
1777889523.9753325,2.0,0.0,-61.0
1777889523.9853325,4.0,-1.0,-59.0
1777889523.9963324,3.0,-1.0,-60.0
1777889524.0053325,1.0,-1.0,-56.0
1777889524.0153325,1.0,0.0,-63.0
1777889524.0253325,0.0,0.0,-70.0
1777889524.0353324,1.0,-3.0,-66.0
1777889524.0453324,5.0,-5.0,-68.0
1777889524.0553324,3.0,-1.0,-71.0
1777889524.0653324,2.0,-2.0,-72.0
1777889524.0753324,5.0,-6.0,-69.0
1777889524.0853324,3.0,-1.0,-70.0
1777889524.0953324,2.0,0.0,-68.0
1777889524.1053324,7.0,-2.0,-75.0
1777889524.1153324,0.0,0.0,-71.0
1777889524.1253324,1.0,1.0,-67.0
1777889524.1353323,0.0,-1.0,-73.0
1777889524.1453323,-2.0,0.0,-72.0
1777889524.1553323,-2.0,2.0,-75.0
1777889524.1653323,0.0,0.0,-71.0
1777889524.1753323,2.0,-1.0,-72.0
1777889524.1853323,6.0,-2.0,-76.0
1777889524.1953323,4.0,-1.0,-79.0
1777889524.2053325,2.0,-3.0,-83.0
1777889524.2153325,3.0,-2.0,-84.0
1777889524.2253325,2.0,-2.0,-80.0
1777889524.2353325,2.0,0.0,-83.0
1777889524.2453325,2.0,-3.0,-92.0
1777889524.2553325,2.0,-5.0,-89.0
1777889524.2653325,-1.0,-6.0,-93.0
1777889524.2753325,-6.0,-3.0,-95.0
1777889524.2853324,-6.0,-6.0,-91.0
1777889524.2953324,-4.0,-8.0,-85.0
1777889524.3053324,-3.0,-9.0,-84.0
1777889524.3153324,3.0,-5.0,-82.0
1777889524.3253324,5.0,-8.0,-76.0
1777889524.3353324,4.0,-2.0,-69.0
1777889524.3453324,2.0,0.0,-67.0
1777889524.3553324,0.0,-1.0,-69.0
1777889524.3663323,0.0,0.0,-65.0
1777889524.3763323,-1.0,1.0,-66.0
1777889524.3863325,-3.0,1.0,-72.0
1777889524.3963325,-6.0,2.0,-76.0
1777889524.4063325,-2.0,5.0,-78.0
1777889524.4163325,-1.0,4.0,-91.0
1777889524.4263325,0.0,2.0,-91.0
1777889524.4363325,2.0,2.0,-85.0
1777889524.4463325,5.0,3.0,-79.0
1777889524.4563324,4.0,-1.0,-76.0
1777889524.4663324,4.0,1.0,-81.0
1777889524.4763324,-2.0,-1.0,-78.0
1777889524.4863324,-2.0,-5.0,-79.0
1777889524.4963324,0.0,-6.0,-85.0
1777889524.5063324,3.0,-5.0,-81.0
1777889524.5163324,2.0,-4.0,-79.0
1777889524.5263324,-2.0,-3.0,-79.0
1777889524.5363324,-3.0,-7.0,-79.0
1777889524.5463324,0.0,-4.0,-76.0
1777889524.5563323,1.0,-6.0,-72.0
1777889524.5663323,0.0,-3.0,-69.0
1777889524.5763323,3.0,0.0,-72.0
1777889524.5863323,1.0,0.0,-66.0
1777889524.5963323,3.0,-3.0,-64.0
1777889524.6063323,-3.0,-5.0,-81.0
1777889524.6163323,-5.0,-5.0,-86.0
1777889524.6263323,-6.0,-3.0,-84.0
1777889524.6363325,-9.0,2.0,-79.0
1777889524.6463325,-7.0,5.0,-82.0
1777889524.6563325,-7.0,4.0,-84.0
1777889524.6663325,-3.0,5.0,-88.0
1777889524.6763325,0.0,7.0,-89.0
1777889524.6863325,5.0,2.0,-82.0
1777889524.6963325,5.0,2.0,-85.0
1777889524.7063324,7.0,-1.0,-84.0
1777889524.7163324,9.0,-1.0,-85.0
1777889524.7263324,6.0,1.0,-86.0
1777889524.7363324,6.0,3.0,-80.0
1777889524.7463324,4.0,4.0,-76.0
1777889524.7563324,5.0,3.0,-74.0
1777889524.7663324,6.0,1.0,-75.0
1777889524.7763324,3.0,2.0,-71.0
1777889524.7863324,7.0,0.0,-71.0
1777889524.7963324,8.0,0.0,-72.0
1777889524.8063323,10.0,0.0,-68.0
1777889524.8163323,7.0,4.0,-75.0
1777889524.8263323,2.0,5.0,-76.0
1777889524.8363323,4.0,3.0,-79.0
1777889524.8463323,1.0,0.0,-76.0
1777889524.8563323,1.0,0.0,-69.0
1777889524.8663323,6.0,-1.0,-73.0
1777889524.8763323,6.0,3.0,-74.0
1777889524.8863325,0.0,1.0,-74.0
1777889524.8963325,-1.0,0.0,-72.0
1777889524.9063325,0.0,2.0,-74.0
1777889524.9163325,0.0,1.0,-76.0
1777889524.9263325,0.0,-1.0,-79.0
1777889524.9363325,0.0,0.0,-81.0
1777889524.9463325,-3.0,0.0,-78.0
1777889524.9563324,-4.0,0.0,-76.0
1777889524.9663324,-4.0,1.0,-77.0
1777889524.9763324,-5.0,0.0,-78.0
1777889524.9863324,-7.0,3.0,-78.0
1777889524.9963324,-6.0,2.0,-79.0
1777889525.0063324,-1.0,1.0,-74.0
1777889525.0163324,0.0,0.0,-72.0
1777889525.0263324,2.0,-1.0,-68.0
1777889525.0363324,0.0,1.0,-72.0
1777889525.0463324,-1.0,5.0,-73.0
1777889525.0563323,0.0,4.0,-78.0
1777889525.0663323,0.0,2.0,-75.0
1777889525.0763323,-1.0,7.0,-81.0
1777889525.0863323,-3.0,6.0,-79.0
1777889525.0963323,-1.0,5.0,-74.0
1777889525.1063323,-4.0,6.0,-75.0
1777889525.1163323,-8.0,4.0,-78.0
1777889525.1263323,-3.0,0.0,-71.0
1777889525.1363325,-4.0,-5.0,-66.0
1777889525.1463325,-5.0,-2.0,-64.0
1777889525.1563325,0.0,-3.0,-74.0
1777889525.1663325,3.0,-5.0,-65.0
1777889525.1763325,8.0,-4.0,-70.0
1777889525.1863325,6.0,-5.0,-73.0
1777889525.1963325,5.0,-8.0,-70.0
1777889525.2063324,1.0,-1.0,-74.0
1777889525.2163324,5.0,-1.0,-75.0
1777889525.2263324,3.0,0.0,-81.0
1777889525.2363324,2.0,-1.0,-79.0
1777889525.2463324,2.0,-3.0,-85.0
1777889525.2563324,5.0,-6.0,-85.0
1777889525.2663324,3.0,-10.0,-84.0
1777889525.2763324,3.0,-11.0,-82.0
1777889525.2863324,0.0,-5.0,-73.0
1777889525.2963324,-1.0,-1.0,-71.0
1777889525.3063323,0.0,3.0,-69.0
1777889525.3163323,0.0,2.0,-68.0
1777889525.3263323,-2.0,2.0,-72.0
1777889525.3363323,-2.0,0.0,-78.0
1777889525.3463323,0.0,-1.0,-78.0
1777889525.3563323,-2.0,-2.0,-73.0
1777889525.3663323,1.0,-4.0,-77.0
1777889525.3763323,0.0,-1.0,-79.0
1777889525.3863325,5.0,-1.0,-81.0
1777889525.3963325,8.0,-2.0,-85.0
1777889525.4063325,9.0,0.0,-87.0
1777889525.4163325,2.0,-3.0,-89.0
1777889525.4263325,4.0,-4.0,-93.0
1777889525.4363325,2.0,-4.0,-90.0
1777889525.4463325,0.0,0.0,-87.0
1777889525.4563324,4.0,5.0,-78.0
1777889525.4663324,5.0,8.0,-75.0
1777889525.4763324,4.0,6.0,-80.0
1777889525.4863324,1.0,6.0,-79.0
1777889525.4963324,1.0,10.0,-78.0
1777889525.5063324,0.0,7.0,-80.0
1777889525.5163324,-1.0,5.0,-75.0
1777889525.5263324,1.0,3.0,-69.0
1777889525.5363324,2.0,1.0,-67.0
1777889525.5463324,4.0,-2.0,-65.0
1777889525.5563323,8.0,-5.0,-62.0
1777889525.5663323,6.0,-4.0,-73.0
1777889525.5763323,5.0,-1.0,-78.0
1777889525.5863323,7.0,-2.0,-76.0
1777889525.5963323,7.0,-1.0,-75.0
1777889525.6063323,6.0,-5.0,-76.0
1777889525.6163323,4.0,0.0,-74.0
1777889525.6263323,2.0,0.0,-79.0
1777889525.6363325,-3.0,0.0,-73.0
1777889525.6463325,-8.0,1.0,-74.0
1777889525.6563325,-5.0,0.0,-80.0
1777889525.6663325,0.0,-3.0,-75.0
1777889525.6763325,1.0,-2.0,-66.0
1777889525.6863325,-1.0,1.0,-75.0
1777889525.6963325,-7.0,2.0,-77.0
1777889525.7063324,-10.0,-1.0,-79.0
1777889525.7163324,-4.0,-6.0,-77.0
1777889525.7263324,0.0,-2.0,-78.0
1777889525.7363324,2.0,-4.0,-77.0
1777889525.7463324,2.0,-5.0,-74.0
1777889525.7563324,0.0,-7.0,-76.0
1777889525.7663324,-5.0,-8.0,-73.0
1777889525.7763324,-2.0,-8.0,-77.0
1777889525.7863324,3.0,-8.0,-75.0
1777889525.7963324,3.0,-8.0,-69.0
1777889525.8063323,3.0,-6.0,-68.0
1777889525.8163323,0.0,-6.0,-72.0
1777889525.8263323,1.0,-10.0,-75.0
1777889525.8363323,1.0,-10.0,-78.0
1777889525.8463323,3.0,-8.0,-71.0
1777889525.8563323,5.0,-5.0,-71.0
1777889525.8663323,2.0,-1.0,-73.0
1777889525.8763323,-1.0,0.0,-72.0
1777889525.8863325,-3.0,1.0,-75.0
1777889525.8963325,0.0,0.0,-74.0
1777889525.9063325,2.0,0.0,-78.0
1777889525.9163325,3.0,1.0,-82.0
1777889525.9263325,1.0,-2.0,-81.0
1777889525.9363325,5.0,-7.0,-78.0
1777889525.9463325,1.0,-2.0,-82.0
1777889525.9563324,6.0,0.0,-76.0
1777889525.9663324,6.0,0.0,-72.0
1777889525.9763324,3.0,0.0,-77.0
1777889525.9863324,2.0,2.0,-74.0
1777889525.9963324,2.0,0.0,-70.0
1777889526.0063324,0.0,-1.0,-68.0
1777889526.0163324,0.0,-2.0,-74.0
1777889526.0263324,2.0,-4.0,-77.0
1777889526.0363324,6.0,-5.0,-77.0
1777889526.0463324,4.0,-7.0,-78.0
1777889526.0563323,1.0,-7.0,-84.0
1777889526.0663323,5.0,-8.0,-80.0
1777889526.0763323,6.0,-6.0,-81.0
1777889526.0863323,3.0,-3.0,-75.0
1777889526.0963323,5.0,-5.0,-73.0
1777889526.1063323,6.0,-5.0,-76.0
1777889526.1163323,6.0,-2.0,-74.0
1777889526.1263323,8.0,0.0,-79.0
1777889526.1363325,1.0,1.0,-77.0
1777889526.1463325,0.0,0.0,-74.0
1777889526.1563325,3.0,0.0,-73.0
1777889526.1663325,0.0,1.0,-70.0
1777889526.1763325,0.0,4.0,-75.0
1777889526.1863325,0.0,0.0,-80.0
1777889526.1963325,-5.0,-4.0,-82.0
1777889526.2063324,-4.0,-1.0,-81.0
1777889526.2163324,-2.0,1.0,-84.0
1777889526.2263324,-2.0,-1.0,-81.0
1777889526.2363324,-1.0,-1.0,-80.0
1777889526.2463324,0.0,-2.0,-81.0
1777889526.2563324,-1.0,-6.0,-83.0
1777889526.2663324,-1.0,-5.0,-81.0
1777889526.2763324,2.0,-3.0,-79.0
1777889526.2863324,-1.0,1.0,-83.0
1777889526.2963324,0.0,3.0,-80.0
1777889526.3063323,1.0,2.0,-76.0
1777889526.3163323,-2.0,4.0,-76.0
1777889526.3263323,0.0,1.0,-75.0
1777889526.3363323,-2.0,-1.0,-79.0
1777889526.3463323,-2.0,-6.0,-87.0
1777889526.3573325,-4.0,-2.0,-89.0
1777889526.3663323,-6.0,0.0,-84.0
1777889526.3773324,-3.0,-1.0,-82.0
1777889526.3873324,0.0,-1.0,-80.0
1777889526.3973324,-4.0,-1.0,-81.0
1777889526.4073324,-4.0,-5.0,-86.0
1777889526.4173324,-6.0,0.0,-80.0
1777889526.4273324,-1.0,-7.0,-79.0
1777889526.4373324,-4.0,-3.0,-82.0
1777889526.4473324,-1.0,-5.0,-76.0
1777889526.4573324,2.0,-1.0,-71.0
1777889526.4673324,3.0,2.0,-76.0
1777889526.4773324,2.0,0.0,-74.0
1777889526.4873323,4.0,1.0,-80.0
1777889526.4973323,5.0,1.0,-77.0
1777889526.5073323,7.0,0.0,-73.0
1777889526.5173323,7.0,0.0,-77.0
1777889526.5273323,8.0,-3.0,-77.0
1777889526.5373323,7.0,-2.0,-82.0
1777889526.5473323,-1.0,1.0,-80.0
1777889526.5573325,-2.0,5.0,-80.0
1777889526.5673325,-4.0,-1.0,-72.0
1777889526.5773325,-7.0,-3.0,-69.0
1777889526.5873325,0.0,0.0,-76.0
1777889526.5973325,1.0,0.0,-78.0
1777889526.6073325,2.0,0.0,-79.0
1777889526.6173325,8.0,0.0,-74.0
1777889526.6273324,6.0,0.0,-78.0
1777889526.6373324,3.0,0.0,-76.0
1777889526.6473324,1.0,0.0,-74.0
1777889526.6573324,3.0,2.0,-68.0
1777889526.6673324,4.0,4.0,-67.0
1777889526.6773324,0.0,0.0,-69.0
1777889526.6883323,-6.0,0.0,-78.0
1777889526.6973324,-6.0,-1.0,-79.0
1777889526.7073324,-5.0,-1.0,-78.0
1777889526.7173324,-7.0,1.0,-79.0
1777889526.7273324,-3.0,0.0,-82.0
1777889526.7373323,0.0,-2.0,-80.0
1777889526.7473323,0.0,-4.0,-79.0
1777889526.7573323,2.0,0.0,-71.0
1777889526.7673323,1.0,-1.0,-72.0
1777889526.7773323,2.0,3.0,-76.0
1777889526.7873323,3.0,4.0,-77.0
1777889526.7973323,-3.0,1.0,-80.0
1777889526.8073325,0.0,3.0,-86.0
1777889526.8173325,-5.0,4.0,-87.0
1777889526.8273325,-7.0,1.0,-94.0
1777889526.8373325,-12.0,-3.0,-92.0
1777889526.8473325,-6.0,-4.0,-88.0
1777889526.8573325,-4.0,-4.0,-87.0
1777889526.8673325,-4.0,-4.0,-83.0
1777889526.8773324,-5.0,-4.0,-79.0
1777889526.8873324,-5.0,-1.0,-78.0
1777889526.8973324,-4.0,-1.0,-79.0
1777889526.9073324,-4.0,-1.0,-77.0
1777889526.9173324,-4.0,-3.0,-70.0
1777889526.9273324,-6.0,-5.0,-71.0
1777889526.9373324,-6.0,-2.0,-71.0
1777889526.9473324,-9.0,-1.0,-76.0
1777889526.9573324,-6.0,-3.0,-74.0
1777889526.9673324,-6.0,-3.0,-78.0
1777889526.9773324,-2.0,-2.0,-78.0
1777889526.9873323,1.0,-3.0,-79.0
1777889526.9973323,3.0,-4.0,-75.0
1777889527.0073323,-1.0,-2.0,-67.0
1777889527.0173323,-2.0,-6.0,-57.0
1777889527.0273323,-5.0,-4.0,-63.0
1777889527.0373323,-5.0,-2.0,-65.0
1777889527.0473323,-4.0,-6.0,-66.0
1777889527.0573325,-3.0,-7.0,-65.0
1777889527.0673325,-4.0,-7.0,-72.0
1777889527.0773325,-5.0,-5.0,-74.0
1777889527.0873325,-1.0,-4.0,-73.0
1777889527.0973325,0.0,-1.0,-71.0
1777889527.1073325,0.0,4.0,-70.0
1777889527.1173325,1.0,6.0,-75.0
1777889527.1273324,0.0,1.0,-76.0
1777889527.1373324,-2.0,-1.0,-80.0
1777889527.1473324,-7.0,-3.0,-76.0
1777889527.1573324,-6.0,0.0,-77.0
1777889527.1673324,-3.0,1.0,-74.0
1777889527.1773324,-6.0,0.0,-67.0
1777889527.1873324,-9.0,3.0,-70.0
1777889527.1973324,-9.0,2.0,-71.0
1777889527.2073324,-10.0,0.0,-73.0
1777889527.2173324,-10.0,0.0,-70.0
1777889527.2273324,-6.0,-2.0,-72.0
1777889527.2373323,-3.0,-3.0,-72.0
1777889527.2473323,-7.0,-1.0,-61.0
1777889527.2573323,-5.0,-3.0,-55.0
1777889527.2673323,-5.0,-1.0,-61.0
1777889527.2773323,-4.0,1.0,-69.0
1777889527.2873323,-4.0,-2.0,-74.0
1777889527.2973323,-7.0,-3.0,-66.0
1777889527.3073325,-12.0,-3.0,-69.0
1777889527.3173325,-4.0,-4.0,-72.0
1777889527.3273325,0.0,-1.0,-72.0
1777889527.3373325,-6.0,4.0,-72.0
1777889527.3473325,-6.0,1.0,-78.0
1777889527.3573325,-3.0,1.0,-79.0
1777889527.3673325,-7.0,-1.0,-85.0
1777889527.3773324,-7.0,-2.0,-89.0
1777889527.3873324,-8.0,-4.0,-87.0
1777889527.3973324,-7.0,-4.0,-85.0
1777889527.4073324,-6.0,-2.0,-81.0
1777889527.4173324,-6.0,-2.0,-77.0
1777889527.4273324,-7.0,-6.0,-77.0
1777889527.4373324,-4.0,-7.0,-71.0
1777889527.4473324,0.0,-5.0,-69.0
1777889527.4573324,2.0,-6.0,-75.0
1777889527.4673324,0.0,-5.0,-80.0
1777889527.4773324,0.0,-3.0,-80.0
1777889527.4873323,0.0,-1.0,-83.0
1777889527.4973323,0.0,-3.0,-83.0
1777889527.5073323,5.0,-6.0,-75.0
1777889527.5173323,1.0,-2.0,-73.0
1777889527.5273323,-1.0,-2.0,-75.0
1777889527.5373323,3.0,-3.0,-76.0
1777889527.5473323,5.0,-7.0,-73.0
1777889527.5573325,7.0,-5.0,-66.0
1777889527.5673325,3.0,-7.0,-66.0
1777889527.5773325,-1.0,-7.0,-63.0
1777889527.5873325,-3.0,-3.0,-69.0
1777889527.5973325,1.0,-3.0,-69.0
1777889527.6073325,4.0,0.0,-71.0
1777889527.6173325,5.0,1.0,-73.0
1777889527.6273324,7.0,2.0,-75.0
1777889527.6373324,1.0,4.0,-79.0
1777889527.6473324,-1.0,2.0,-79.0
1777889527.6573324,-1.0,0.0,-73.0
1777889527.6673324,-1.0,-1.0,-71.0
1777889527.6773324,0.0,0.0,-66.0
1777889527.6873324,0.0,1.0,-65.0
1777889527.6973324,0.0,3.0,-61.0
1777889527.7073324,0.0,0.0,-65.0
1777889527.7173324,-1.0,-3.0,-70.0
1777889527.7273324,0.0,-5.0,-65.0
1777889527.7373323,1.0,-8.0,-62.0
1777889527.7473323,2.0,-5.0,-70.0
1777889527.7573323,1.0,-5.0,-71.0
1777889527.7673323,-2.0,-7.0,-77.0
1777889527.7773323,-4.0,-7.0,-81.0
1777889527.7873323,-4.0,-8.0,-84.0
1777889527.7973323,-1.0,-11.0,-90.0
1777889527.8073325,-3.0,-10.0,-90.0
1777889527.8173325,-5.0,-8.0,-87.0
1777889527.8273325,-7.0,-10.0,-84.0
1777889527.8373325,-5.0,-13.0,-75.0
1777889527.8473325,-1.0,-9.0,-73.0
1777889527.8573325,0.0,-10.0,-79.0
1777889527.8673325,0.0,-8.0,-77.0
1777889527.8773324,-1.0,-6.0,-77.0
1777889527.8873324,1.0,-1.0,-81.0
1777889527.8973324,0.0,3.0,-82.0
1777889527.9073324,0.0,0.0,-83.0
1777889527.9173324,0.0,0.0,-80.0
1777889527.9273324,0.0,-1.0,-78.0
1777889527.9373324,5.0,-5.0,-73.0
1777889527.9473324,1.0,-4.0,-68.0
1777889527.9573324,0.0,-3.0,-65.0
1777889527.9673324,-2.0,-3.0,-70.0
1777889527.9773324,3.0,-2.0,-70.0
1777889527.9873323,1.0,-1.0,-74.0
1777889527.9973323,3.0,-1.0,-72.0
1777889528.0073323,5.0,0.0,-74.0
1777889528.0173323,2.0,4.0,-74.0
1777889528.0273323,5.0,2.0,-82.0
1777889528.0373323,7.0,5.0,-85.0
1777889528.0473323,5.0,6.0,-83.0
1777889528.0573325,1.0,2.0,-85.0
1777889528.0673325,-3.0,1.0,-79.0
1777889528.0773325,-9.0,1.0,-82.0
1777889528.0873325,-6.0,-3.0,-82.0
1777889528.0973325,-2.0,-1.0,-84.0
1777889528.1073325,-1.0,-7.0,-80.0
1777889528.1173325,-1.0,-8.0,-79.0
1777889528.1273324,-1.0,-10.0,-79.0
1777889528.1373324,0.0,-7.0,-76.0
1777889528.1473324,4.0,-3.0,-73.0
1777889528.1573324,2.0,-9.0,-75.0
1777889528.1673324,4.0,-5.0,-78.0
1777889528.1773324,3.0,-2.0,-78.0
1777889528.1873324,3.0,0.0,-75.0
1777889528.1973324,4.0,0.0,-66.0
1777889528.2073324,3.0,-2.0,-66.0
1777889528.2173324,0.0,0.0,-70.0
1777889528.2273324,2.0,3.0,-70.0
1777889528.2373323,1.0,1.0,-63.0
1777889528.2473323,-2.0,1.0,-64.0
1777889528.2573323,1.0,-1.0,-68.0
1777889528.2673323,6.0,2.0,-72.0
1777889528.2773323,8.0,1.0,-70.0
1777889528.2873323,5.0,0.0,-68.0
1777889528.2973323,3.0,-1.0,-73.0
1777889528.3073325,2.0,-2.0,-78.0
1777889528.3173325,3.0,0.0,-74.0
1777889528.3273325,2.0,-1.0,-77.0
1777889528.3373325,2.0,0.0,-68.0
1777889528.3473325,-1.0,1.0,-67.0
1777889528.3573325,-3.0,0.0,-61.0
1777889528.3683324,-2.0,0.0,-58.0
1777889528.3783324,-5.0,0.0,-56.0
1777889528.3883324,-4.0,-1.0,-64.0
1777889528.3983324,-4.0,0.0,-65.0
1777889528.4083323,-6.0,-2.0,-69.0
1777889528.4183323,-1.0,-5.0,-71.0
1777889528.4283323,0.0,-2.0,-73.0
1777889528.4383323,-4.0,0.0,-78.0
1777889528.4483323,-6.0,3.0,-81.0
1777889528.4583323,-6.0,3.0,-80.0
1777889528.4683323,-8.0,3.0,-84.0
1777889528.4783323,-5.0,3.0,-78.0
1777889528.4883325,-1.0,4.0,-76.0
1777889528.4983325,1.0,5.0,-76.0
1777889528.5083325,0.0,1.0,-70.0
1777889528.5183325,0.0,0.0,-67.0
1777889528.5283325,3.0,4.0,-65.0
1777889528.5383325,3.0,3.0,-65.0
1777889528.5483325,-2.0,-2.0,-65.0
1777889528.5583324,-6.0,-6.0,-74.0
1777889528.5683324,0.0,-8.0,-71.0
1777889528.5783324,-3.0,-6.0,-68.0
1777889528.5883324,-2.0,-3.0,-76.0
1777889528.5983324,-4.0,0.0,-79.0
1777889528.6083324,-1.0,3.0,-80.0
1777889528.6183324,0.0,3.0,-81.0
1777889528.6283324,1.0,3.0,-76.0
1777889528.6383324,3.0,6.0,-74.0
1777889528.6483324,4.0,2.0,-78.0
1777889528.6583323,4.0,-2.0,-76.0
1777889528.6683323,6.0,0.0,-72.0
1777889528.6783323,6.0,0.0,-77.0
1777889528.6883323,7.0,0.0,-81.0
1777889528.6983323,8.0,0.0,-83.0
1777889528.7083323,4.0,0.0,-77.0
1777889528.7183323,5.0,-2.0,-76.0
1777889528.7283323,5.0,-3.0,-73.0
1777889528.7383325,0.0,-1.0,-74.0
1777889528.7483325,-4.0,2.0,-77.0
1777889528.7583325,1.0,7.0,-78.0
1777889528.7683325,3.0,7.0,-77.0
1777889528.7783325,-2.0,1.0,-81.0
1777889528.7883325,0.0,0.0,-83.0
1777889528.7983325,-1.0,-1.0,-70.0
1777889528.8083324,0.0,-2.0,-72.0
1777889528.8183324,0.0,-2.0,-69.0
1777889528.8283324,1.0,0.0,-71.0
1777889528.8383324,3.0,0.0,-76.0
1777889528.8483324,5.0,0.0,-71.0
1777889528.8583324,2.0,5.0,-72.0
1777889528.8683324,0.0,2.0,-72.0
1777889528.8783324,0.0,2.0,-70.0
1777889528.8883324,-2.0,1.0,-72.0
1777889528.8983324,-1.0,4.0,-77.0
1777889528.9083323,0.0,6.0,-79.0
1777889528.9183323,1.0,4.0,-80.0
1777889528.9283323,0.0,7.0,-78.0
1777889528.9383323,-2.0,13.0,-74.0
1777889528.9483323,-3.0,12.0,-70.0
1777889528.9583323,3.0,9.0,-74.0
1777889528.9683323,8.0,5.0,-80.0
1777889528.9783323,7.0,0.0,-80.0
1777889528.9883325,6.0,-2.0,-87.0
1777889528.9983325,1.0,2.0,-88.0
1777889529.0083325,2.0,0.0,-91.0
1777889529.0183325,-3.0,1.0,-90.0
1777889529.0283325,0.0,0.0,-91.0
1777889529.0383325,5.0,0.0,-88.0
1777889529.0483325,9.0,-3.0,-84.0
1777889529.0583324,8.0,1.0,-80.0
1777889529.0683324,9.0,0.0,-78.0
1777889529.0783324,10.0,0.0,-79.0
1777889529.0883324,11.0,0.0,-77.0
1777889529.0983324,2.0,0.0,-73.0
1777889529.1083324,1.0,1.0,-76.0
1777889529.1183324,1.0,0.0,-74.0
1777889529.1283324,5.0,-1.0,-73.0
1777889529.1383324,9.0,0.0,-72.0
1777889529.1483324,4.0,0.0,-72.0
1777889529.1583323,4.0,3.0,-80.0
1777889529.1683323,3.0,8.0,-82.0
1777889529.1783323,2.0,6.0,-83.0
1777889529.1883323,0.0,4.0,-83.0
1777889529.1983323,3.0,6.0,-71.0
1777889529.2083323,0.0,4.0,-74.0
1777889529.2183323,2.0,6.0,-71.0
1777889529.2283323,2.0,3.0,-81.0
1777889529.2383325,6.0,-1.0,-77.0
1777889529.2483325,6.0,-4.0,-81.0
1777889529.2583325,6.0,-2.0,-78.0
1777889529.2683325,6.0,-1.0,-77.0
1777889529.2783325,7.0,0.0,-80.0
1777889529.2883325,7.0,-4.0,-78.0
1777889529.2983325,5.0,-5.0,-76.0
1777889529.3083324,6.0,-5.0,-73.0
1777889529.3183324,8.0,-10.0,-75.0
1777889529.3283324,10.0,-4.0,-78.0
1777889529.3383324,7.0,-2.0,-77.0
1777889529.3483324,6.0,-1.0,-78.0
1777889529.3583324,5.0,0.0,-76.0
1777889529.3683324,7.0,-2.0,-69.0
1777889529.3783324,6.0,1.0,-57.0
1777889529.3883324,5.0,2.0,-67.0
1777889529.3983324,4.0,2.0,-67.0
1777889529.4083323,4.0,2.0,-71.0
1777889529.4183323,5.0,0.0,-70.0
1777889529.4283323,5.0,-2.0,-69.0
1777889529.4383323,3.0,-3.0,-68.0
1777889529.4483323,5.0,1.0,-71.0
1777889529.4583323,1.0,4.0,-69.0
1777889529.4683323,2.0,0.0,-75.0
1777889529.4783323,5.0,1.0,-79.0
1777889529.4883325,7.0,3.0,-78.0
1777889529.4983325,10.0,0.0,-80.0
1777889529.5083325,9.0,2.0,-80.0
1777889529.5183325,4.0,7.0,-81.0
1777889529.5283325,3.0,8.0,-77.0
1777889529.5383325,5.0,8.0,-80.0
1777889529.5483325,8.0,9.0,-74.0
1777889529.5583324,4.0,6.0,-75.0
1777889529.5683324,0.0,10.0,-78.0
1777889529.5783324,1.0,6.0,-74.0
1777889529.5883324,4.0,5.0,-73.0
1777889529.5983324,6.0,1.0,-74.0
1777889529.6083324,3.0,3.0,-78.0
1777889529.6183324,2.0,1.0,-80.0
1777889529.6283324,1.0,1.0,-80.0
1777889529.6383324,-2.0,0.0,-86.0
1777889529.6483324,-2.0,4.0,-86.0
1777889529.6583323,0.0,3.0,-78.0
1777889529.6683323,0.0,7.0,-73.0
1777889529.6783323,3.0,4.0,-71.0
1777889529.6883323,1.0,0.0,-71.0
1777889529.6983323,-1.0,2.0,-78.0
1777889529.7083323,-7.0,2.0,-73.0
1777889529.7183323,-7.0,2.0,-68.0
1777889529.7283323,-5.0,2.0,-66.0
1777889529.7383325,-2.0,0.0,-70.0
1777889529.7483325,-4.0,-1.0,-74.0
1777889529.7583325,-3.0,0.0,-71.0
1777889529.7683325,-3.0,-4.0,-80.0
1777889529.7783325,1.0,-2.0,-79.0
1777889529.7883325,2.0,0.0,-82.0
1777889529.7983325,-2.0,-1.0,-82.0
1777889529.8083324,-2.0,0.0,-79.0
1777889529.8183324,-4.0,0.0,-78.0
1777889529.8283324,-1.0,0.0,-75.0
1777889529.8383324,0.0,-2.0,-79.0
1777889529.8483324,0.0,1.0,-75.0
1777889529.8583324,4.0,4.0,-74.0
1777889529.8683324,-2.0,2.0,-73.0
1777889529.8783324,-3.0,-2.0,-78.0
1777889529.8883324,-2.0,-3.0,-76.0
1777889529.8983324,-5.0,-1.0,-74.0
1777889529.9083323,-1.0,-2.0,-77.0
1777889529.9183323,-1.0,1.0,-71.0
1777889529.9283323,-2.0,6.0,-76.0
1777889529.9383323,-4.0,3.0,-77.0
1777889529.9483323,-1.0,0.0,-75.0
1777889529.9583323,-1.0,0.0,-77.0
1777889529.9683323,0.0,0.0,-76.0
1777889529.9783323,-2.0,0.0,-77.0
1777889529.9883325,-1.0,-1.0,-82.0
1777889529.9983325,0.0,-3.0,-76.0
1777889530.0083325,0.0,-5.0,-73.0
1777889530.0183325,3.0,-2.0,-70.0
1777889530.0283325,5.0,0.0,-70.0
1777889530.0383325,10.0,0.0,-72.0
1777889530.0483325,3.0,0.0,-71.0
1777889530.0583324,0.0,-1.0,-73.0
1777889530.0683324,-1.0,0.0,-68.0
1777889530.0783324,1.0,-4.0,-63.0
1777889530.0883324,-2.0,-4.0,-66.0
1777889530.0983324,-5.0,0.0,-72.0
1777889530.1083324,-5.0,-1.0,-70.0
1777889530.1183324,-6.0,-1.0,-73.0
1777889530.1283324,-3.0,2.0,-70.0
1777889530.1383324,-8.0,0.0,-75.0
1777889530.1483324,-8.0,-3.0,-72.0
1777889530.1583323,-7.0,-4.0,-66.0
1777889530.1683323,-5.0,-2.0,-65.0
1777889530.1783323,-5.0,0.0,-75.0
1777889530.1883323,-5.0,3.0,-77.0
1777889530.1983323,1.0,5.0,-70.0
1777889530.2083323,4.0,7.0,-72.0
1777889530.2183323,3.0,3.0,-68.0
1777889530.2283323,2.0,2.0,-68.0
1777889530.2383325,-1.0,0.0,-69.0
1777889530.2483325,-1.0,3.0,-79.0
1777889530.2583325,2.0,1.0,-80.0
1777889530.2683325,1.0,3.0,-72.0
1777889530.2783325,2.0,0.0,-69.0
1777889530.2883325,4.0,-1.0,-71.0
1777889530.2983325,5.0,-1.0,-72.0
1777889530.3083324,1.0,2.0,-74.0
1777889530.3183324,-3.0,-1.0,-68.0
1777889530.3293324,-5.0,-1.0,-69.0
1777889530.3383324,-7.0,0.0,-65.0
1777889530.3493323,-4.0,-1.0,-66.0
1777889530.3593323,0.0,0.0,-71.0
1777889530.3683324,-1.0,-2.0,-70.0
1777889530.3793323,-1.0,-4.0,-74.0
1777889530.3893323,1.0,-6.0,-75.0
1777889530.3993323,-1.0,-1.0,-75.0
1777889530.4093325,0.0,0.0,-74.0
1777889530.4183323,-1.0,0.0,-71.0
1777889530.4293325,-2.0,2.0,-69.0
1777889530.4393325,-2.0,2.0,-72.0
1777889530.4493325,0.0,1.0,-66.0
1777889530.4593325,3.0,1.0,-67.0
1777889530.4693325,0.0,-1.0,-71.0
1777889530.4793324,1.0,-1.0,-75.0
1777889530.4893324,3.0,0.0,-81.0
1777889530.4993324,4.0,2.0,-89.0
1777889530.5093324,4.0,2.0,-83.0
1777889530.5193324,7.0,4.0,-82.0
1777889530.5293324,7.0,3.0,-73.0
1777889530.5393324,3.0,1.0,-68.0
1777889530.5493324,3.0,-5.0,-68.0
1777889530.5593324,0.0,-4.0,-71.0
1777889530.5693324,-4.0,-2.0,-70.0
1777889530.5793324,0.0,-1.0,-63.0
1777889530.5893323,-4.0,-1.0,-67.0
1777889530.5993323,0.0,-5.0,-69.0
1777889530.6093323,0.0,-5.0,-64.0
1777889530.6193323,0.0,-3.0,-61.0
1777889530.6293323,3.0,0.0,-67.0
1777889530.6393323,5.0,0.0,-61.0
1777889530.6493323,1.0,-1.0,-71.0
1777889530.6593325,0.0,0.0,-71.0
1777889530.6693325,-4.0,1.0,-73.0
1777889530.6793325,-4.0,0.0,-81.0
1777889530.6893325,-5.0,-1.0,-87.0
1777889530.6993325,0.0,-1.0,-85.0
1777889530.7093325,0.0,-2.0,-80.0
1777889530.7193325,5.0,0.0,-86.0
1777889530.7293324,2.0,-1.0,-93.0
1777889530.7393324,0.0,1.0,-92.0
1777889530.7493324,2.0,2.0,-88.0
1777889530.7593324,0.0,4.0,-82.0
1777889530.7693324,-3.0,3.0,-79.0
1777889530.7793324,-4.0,3.0,-72.0
1777889530.7893324,-7.0,12.0,-68.0
1777889530.7993324,-4.0,13.0,-68.0
1777889530.8093324,-6.0,14.0,-73.0
1777889530.8193324,-2.0,7.0,-66.0
1777889530.8293324,-4.0,2.0,-66.0
1777889530.8393323,-5.0,2.0,-73.0
1777889530.8493323,-9.0,1.0,-78.0
1777889530.8593323,-8.0,0.0,-79.0
1777889530.8693323,-10.0,1.0,-70.0
1777889530.8793323,-10.0,4.0,-75.0
1777889530.8893323,-3.0,0.0,-73.0
1777889530.8993323,0.0,-1.0,-77.0
1777889530.9093325,3.0,-1.0,-79.0
1777889530.9193325,1.0,-4.0,-78.0
1777889530.9293325,2.0,-3.0,-81.0
1777889530.9393325,2.0,-5.0,-84.0
1777889530.9493325,4.0,-3.0,-83.0
1777889530.9593325,2.0,-1.0,-78.0
1777889530.9693325,1.0,0.0,-73.0
1777889530.9793324,-1.0,5.0,-65.0
1777889530.9893324,1.0,7.0,-67.0
1777889530.9993324,0.0,5.0,-67.0
1777889531.0093324,0.0,6.0,-67.0
1777889531.0193324,3.0,0.0,-61.0
1777889531.0293324,3.0,-2.0,-57.0
1777889531.0393324,-1.0,-1.0,-61.0
1777889531.0493324,-1.0,-3.0,-63.0
1777889531.0593324,-2.0,-2.0,-66.0
1777889531.0693324,2.0,-1.0,-65.0
1777889531.0803325,0.0,-4.0,-73.0
1777889531.0893323,0.0,-2.0,-74.0
1777889531.0993323,-3.0,0.0,-76.0
1777889531.1093323,-7.0,0.0,-70.0
1777889531.1193323,-4.0,-4.0,-73.0
1777889531.1293323,-4.0,0.0,-75.0
1777889531.1393323,1.0,0.0,-74.0
1777889531.1493323,0.0,1.0,-73.0
1777889531.1593325,2.0,0.0,-77.0
1777889531.1693325,3.0,2.0,-77.0
1777889531.1793325,0.0,-2.0,-78.0
1777889531.1893325,-1.0,-2.0,-82.0
1777889531.1993325,5.0,-1.0,-85.0
1777889531.2093325,7.0,-3.0,-89.0
1777889531.2193325,7.0,-5.0,-86.0
1777889531.2293324,5.0,-4.0,-84.0
1777889531.2393324,0.0,-3.0,-85.0
1777889531.2493324,-4.0,-1.0,-85.0
1777889531.2593324,-6.0,0.0,-92.0
1777889531.2693324,-5.0,-1.0,-80.0
1777889531.2793324,-1.0,-2.0,-78.0
1777889531.2893324,-3.0,1.0,-83.0
1777889531.2993324,-5.0,-2.0,-80.0
1777889531.3093324,-7.0,-4.0,-78.0
1777889531.3193324,-5.0,1.0,-79.0
1777889531.3293324,-4.0,1.0,-79.0
1777889531.3393323,-2.0,-2.0,-84.0
1777889531.3493323,2.0,-2.0,-84.0
1777889531.3593323,1.0,0.0,-82.0
1777889531.3693323,0.0,-2.0,-82.0
1777889531.3793323,0.0,-2.0,-79.0
1777889531.3893323,-4.0,-3.0,-80.0
1777889531.3993323,1.0,-3.0,-79.0
1777889531.4093325,3.0,0.0,-78.0
1777889531.4193325,6.0,0.0,-79.0
1777889531.4293325,8.0,-1.0,-79.0
1777889531.4393325,4.0,1.0,-79.0
1777889531.4493325,2.0,1.0,-74.0
1777889531.4593325,2.0,0.0,-70.0
1777889531.4693325,4.0,-2.0,-73.0
1777889531.4793324,-1.0,0.0,-63.0
1777889531.4893324,-1.0,-2.0,-62.0
1777889531.4993324,0.0,-2.0,-70.0
1777889531.5093324,-1.0,1.0,-71.0
1777889531.5193324,-1.0,-1.0,-74.0
1777889531.5293324,-2.0,1.0,-83.0
1777889531.5393324,-3.0,1.0,-81.0
1777889531.5493324,-1.0,1.0,-85.0
1777889531.5593324,-1.0,3.0,-83.0
1777889531.5693324,0.0,0.0,-87.0
1777889531.5793324,0.0,0.0,-82.0
1777889531.5893323,0.0,-2.0,-82.0
1777889531.5993323,0.0,-4.0,-77.0
1777889531.6093323,0.0,-4.0,-76.0
1777889531.6193323,2.0,-5.0,-74.0
1777889531.6293323,4.0,-2.0,-71.0
1777889531.6393323,6.0,-2.0,-72.0
1777889531.6493323,3.0,0.0,-72.0
1777889531.6593325,0.0,1.0,-71.0
1777889531.6693325,-3.0,1.0,-67.0
1777889531.6793325,-5.0,0.0,-64.0
1777889531.6893325,-3.0,-1.0,-65.0
1777889531.6993325,-2.0,-7.0,-70.0
1777889531.7093325,-1.0,-5.0,-64.0
1777889531.7193325,2.0,-2.0,-68.0
1777889531.7293324,2.0,-3.0,-71.0
1777889531.7393324,1.0,-5.0,-68.0
1777889531.7493324,-1.0,-3.0,-63.0
1777889531.7593324,0.0,-10.0,-69.0
1777889531.7693324,-2.0,-11.0,-71.0
1777889531.7793324,0.0,-7.0,-73.0
1777889531.7893324,-3.0,-4.0,-70.0
1777889531.7993324,0.0,-4.0,-79.0
1777889531.8093324,1.0,-8.0,-80.0
1777889531.8193324,2.0,-4.0,-78.0
1777889531.8293324,3.0,-2.0,-76.0
1777889531.8393323,5.0,-2.0,-74.0
1777889531.8493323,5.0,-6.0,-69.0
1777889531.8593323,4.0,-3.0,-59.0
1777889531.8693323,1.0,-4.0,-64.0
1777889531.8793323,0.0,-2.0,-61.0
1777889531.8893323,0.0,2.0,-55.0
1777889531.8993323,3.0,-1.0,-65.0
1777889531.9093325,4.0,-5.0,-70.0
1777889531.9193325,5.0,-5.0,-76.0
1777889531.9293325,8.0,0.0,-75.0
1777889531.9393325,9.0,0.0,-75.0
1777889531.9493325,11.0,1.0,-73.0
1777889531.9593325,15.0,-1.0,-76.0
1777889531.9693325,7.0,-4.0,-79.0
1777889531.9793324,3.0,-4.0,-74.0
1777889531.9893324,1.0,-5.0,-72.0
1777889531.9993324,-1.0,-4.0,-80.0
1777889532.0093324,-3.0,-3.0,-73.0
1777889532.0193324,-2.0,-2.0,-71.0
1777889532.0293324,0.0,-4.0,-71.0
1777889532.0393324,4.0,-1.0,-70.0
1777889532.0493324,7.0,0.0,-75.0
1777889532.0593324,7.0,1.0,-80.0
1777889532.0693324,6.0,-1.0,-74.0
1777889532.0793324,5.0,0.0,-73.0
1777889532.0893323,6.0,2.0,-73.0
1777889532.0993323,2.0,3.0,-76.0
1777889532.1093323,3.0,0.0,-71.0
1777889532.1193323,9.0,3.0,-69.0
1777889532.1293323,7.0,0.0,-68.0
1777889532.1393323,11.0,-2.0,-68.0
1777889532.1493323,12.0,-2.0,-70.0
1777889532.1593325,11.0,-6.0,-75.0
1777889532.1693325,10.0,-1.0,-80.0
1777889532.1793325,5.0,0.0,-85.0
1777889532.1893325,3.0,2.0,-88.0
1777889532.1993325,6.0,3.0,-92.0
1777889532.2093325,1.0,2.0,-85.0
1777889532.2193325,3.0,-1.0,-84.0
1777889532.2293324,4.0,-5.0,-79.0
1777889532.2393324,1.0,-6.0,-75.0
1777889532.2493324,-2.0,-4.0,-75.0
1777889532.2593324,-5.0,-4.0,-78.0
1777889532.2693324,0.0,-6.0,-79.0
1777889532.2793324,0.0,-5.0,-82.0
1777889532.2893324,1.0,-4.0,-80.0
1777889532.2993324,9.0,-5.0,-81.0
1777889532.3093324,8.0,1.0,-89.0
1777889532.3193324,8.0,4.0,-80.0
1777889532.3303325,7.0,-1.0,-74.0
1777889532.3403325,2.0,-4.0,-78.0
1777889532.3503325,1.0,-2.0,-76.0
1777889532.3603325,2.0,-1.0,-68.0
1777889532.3703325,-4.0,1.0,-70.0
1777889532.3803325,-1.0,3.0,-81.0
1777889532.3903325,3.0,5.0,-75.0
1777889532.4003325,0.0,5.0,-71.0
1777889532.4103324,-1.0,2.0,-76.0
1777889532.4203324,2.0,0.0,-75.0
1777889532.4303324,2.0,-2.0,-67.0
1777889532.4403324,0.0,-5.0,-66.0
1777889532.4503324,0.0,-5.0,-74.0
1777889532.4603324,-1.0,-3.0,-77.0
1777889532.4703324,0.0,-3.0,-81.0
1777889532.4803324,0.0,0.0,-76.0
1777889532.4903324,-1.0,3.0,-81.0
1777889532.5003324,1.0,4.0,-81.0
1777889532.5103323,5.0,4.0,-82.0
1777889532.5203323,7.0,5.0,-77.0
1777889532.5303323,1.0,5.0,-82.0
1777889532.5403323,2.0,3.0,-84.0
1777889532.5503323,4.0,3.0,-79.0
1777889532.5603323,4.0,0.0,-86.0
1777889532.5703323,2.0,3.0,-83.0
1777889532.5803325,0.0,5.0,-81.0
1777889532.5903325,-4.0,3.0,-77.0
1777889532.6003325,-5.0,2.0,-83.0
1777889532.6103325,0.0,0.0,-74.0
1777889532.6203325,2.0,0.0,-73.0
1777889532.6303325,2.0,0.0,-77.0
1777889532.6403325,1.0,-1.0,-72.0
1777889532.6503325,0.0,-3.0,-77.0
1777889532.6603324,1.0,1.0,-76.0
1777889532.6703324,3.0,1.0,-75.0
1777889532.6803324,3.0,2.0,-77.0
1777889532.6903324,0.0,0.0,-81.0
1777889532.7003324,-2.0,0.0,-80.0
1777889532.7103324,-3.0,0.0,-82.0
1777889532.7203324,-12.0,1.0,-82.0
1777889532.7303324,-3.0,0.0,-78.0
1777889532.7403324,-3.0,-4.0,-77.0
1777889532.7503324,-7.0,-2.0,-71.0
1777889532.7603323,-4.0,-5.0,-68.0
1777889532.7703323,-1.0,-6.0,-72.0
1777889532.7803323,-4.0,-4.0,-68.0
1777889532.7903323,0.0,-4.0,-73.0
1777889532.8003323,0.0,0.0,-73.0
1777889532.8103323,-5.0,0.0,-66.0
1777889532.8203323,-1.0,0.0,-57.0
1777889532.8303325,0.0,1.0,-64.0
1777889532.8403325,1.0,0.0,-68.0
1777889532.8503325,0.0,1.0,-69.0
1777889532.8603325,0.0,3.0,-67.0
1777889532.8703325,0.0,4.0,-62.0
1777889532.8803325,0.0,4.0,-62.0
1777889532.8903325,0.0,2.0,-66.0
1777889532.9003325,3.0,3.0,-65.0
1777889532.9103324,2.0,2.0,-70.0
1777889532.9203324,0.0,2.0,-73.0
1777889532.9303324,-2.0,-1.0,-71.0
1777889532.9403324,-3.0,-5.0,-71.0
1777889532.9503324,-3.0,-3.0,-73.0
1777889532.9603324,0.0,-4.0,-79.0
1777889532.9703324,5.0,-3.0,-82.0
1777889532.9803324,4.0,-3.0,-77.0
1777889532.9903324,7.0,-2.0,-72.0
1777889533.0003324,7.0,-5.0,-72.0
1777889533.0103323,6.0,-2.0,-65.0
1777889533.0203323,0.0,-5.0,-60.0
1777889533.0303323,-2.0,-3.0,-61.0
1777889533.0403323,0.0,-2.0,-59.0
1777889533.0503323,-3.0,-1.0,-60.0
1777889533.0603323,-4.0,0.0,-66.0
1777889533.0703323,-3.0,-1.0,-73.0
1777889533.0803325,0.0,-2.0,-81.0
1777889533.0903325,-1.0,-2.0,-84.0
1777889533.1003325,-5.0,0.0,-80.0
1777889533.1103325,-3.0,1.0,-76.0
1777889533.1203325,0.0,0.0,-75.0
1777889533.1303325,0.0,0.0,-71.0
1777889533.1403325,1.0,-3.0,-72.0
1777889533.1503325,3.0,-2.0,-68.0
1777889533.1603324,1.0,0.0,-70.0
1777889533.1703324,2.0,0.0,-64.0
1777889533.1803324,-1.0,0.0,-67.0
1777889533.1903324,-6.0,-2.0,-68.0
1777889533.2003324,-7.0,-1.0,-68.0
1777889533.2103324,-6.0,-4.0,-69.0
1777889533.2203324,-3.0,-6.0,-72.0
1777889533.2303324,-7.0,-1.0,-75.0
1777889533.2403324,-8.0,-1.0,-70.0
1777889533.2503324,-7.0,0.0,-71.0
1777889533.2603323,-6.0,0.0,-68.0
1777889533.2703323,-6.0,-2.0,-64.0
1777889533.2803323,-1.0,-5.0,-64.0
1777889533.2903323,-2.0,-7.0,-68.0
1777889533.3003323,2.0,-7.0,-71.0
1777889533.3103323,4.0,-6.0,-74.0
1777889533.3203323,4.0,-6.0,-72.0
1777889533.3303325,7.0,0.0,-77.0
1777889533.3403325,10.0,2.0,-82.0
1777889533.3503325,6.0,2.0,-79.0
1777889533.3603325,6.0,3.0,-76.0
1777889533.3703325,6.0,2.0,-81.0
1777889533.3803325,11.0,1.0,-78.0
1777889533.3903325,13.0,4.0,-80.0
1777889533.4003325,15.0,6.0,-80.0
1777889533.4103324,11.0,4.0,-77.0
1777889533.4203324,6.0,2.0,-76.0
1777889533.4303324,3.0,1.0,-79.0
1777889533.4403324,4.0,5.0,-80.0
1777889533.4503324,2.0,5.0,-81.0
1777889533.4603324,0.0,1.0,-78.0
1777889533.4703324,4.0,-3.0,-75.0
1777889533.4803324,4.0,-6.0,-77.0
1777889533.4903324,2.0,-7.0,-72.0
1777889533.5003324,1.0,-5.0,-80.0
1777889533.5103323,4.0,-7.0,-77.0
1777889533.5203323,4.0,-6.0,-82.0
1777889533.5303323,4.0,-5.0,-80.0
1777889533.5403323,2.0,-7.0,-80.0
1777889533.5503323,0.0,-2.0,-79.0
1777889533.5603323,-1.0,0.0,-80.0
1777889533.5703323,1.0,0.0,-87.0
1777889533.5803325,0.0,0.0,-86.0
1777889533.5903325,2.0,-2.0,-77.0
1777889533.6003325,5.0,-4.0,-80.0
1777889533.6103325,4.0,-1.0,-77.0
1777889533.6203325,1.0,0.0,-74.0
1777889533.6303325,2.0,0.0,-72.0
1777889533.6403325,-1.0,2.0,-69.0
1777889533.6503325,-6.0,1.0,-68.0
1777889533.6603324,-4.0,0.0,-66.0
1777889533.6703324,-1.0,-2.0,-66.0
1777889533.6803324,0.0,-6.0,-64.0
1777889533.6903324,0.0,-5.0,-62.0
1777889533.7003324,0.0,-5.0,-73.0
1777889533.7103324,2.0,-3.0,-75.0
1777889533.7203324,3.0,-6.0,-75.0
1777889533.7303324,0.0,-4.0,-69.0
1777889533.7403324,2.0,-2.0,-73.0
1777889533.7503324,0.0,-4.0,-71.0
1777889533.7603323,-5.0,-6.0,-73.0
1777889533.7703323,-3.0,-5.0,-70.0
1777889533.7803323,-3.0,-6.0,-78.0
1777889533.7903323,0.0,-4.0,-80.0
1777889533.8003323,0.0,0.0,-83.0
1777889533.8103323,3.0,0.0,-83.0
1777889533.8203323,5.0,0.0,-78.0
1777889533.8303325,3.0,-1.0,-82.0
1777889533.8403325,3.0,-1.0,-79.0
1777889533.8503325,1.0,-2.0,-73.0
1777889533.8603325,0.0,-3.0,-75.0
1777889533.8703325,1.0,0.0,-78.0
1777889533.8803325,1.0,0.0,-80.0
1777889533.8903325,0.0,4.0,-71.0
1777889533.9003325,1.0,3.0,-67.0
1777889533.9103324,0.0,3.0,-71.0
1777889533.9203324,0.0,2.0,-76.0
1777889533.9303324,4.0,1.0,-68.0
1777889533.9403324,3.0,2.0,-76.0
1777889533.9503324,-2.0,3.0,-85.0
1777889533.9603324,4.0,7.0,-84.0
1777889533.9703324,2.0,4.0,-88.0
1777889533.9803324,4.0,1.0,-91.0
1777889533.9903324,0.0,2.0,-91.0
1777889534.0003324,3.0,4.0,-88.0
1777889534.0103323,4.0,2.0,-77.0
1777889534.0203323,1.0,0.0,-74.0
1777889534.0303323,6.0,3.0,-76.0
1777889534.0403323,6.0,6.0,-73.0
1777889534.0503323,-2.0,4.0,-69.0
1777889534.0603323,0.0,4.0,-67.0
1777889534.0703323,3.0,1.0,-73.0
1777889534.0803325,3.0,3.0,-68.0
1777889534.0903325,3.0,0.0,-75.0
1777889534.1003325,2.0,2.0,-73.0
1777889534.1103325,3.0,1.0,-74.0
1777889534.1203325,5.0,0.0,-75.0
1777889534.1303325,2.0,2.0,-79.0
1777889534.1403325,0.0,9.0,-83.0
1777889534.1503325,-2.0,4.0,-85.0
1777889534.1603324,0.0,1.0,-86.0
1777889534.1703324,1.0,-2.0,-81.0
1777889534.1803324,5.0,-4.0,-82.0
1777889534.1903324,3.0,-2.0,-81.0
1777889534.2003324,6.0,-2.0,-75.0
1777889534.2103324,5.0,-3.0,-78.0
1777889534.2203324,3.0,-3.0,-82.0
1777889534.2303324,4.0,2.0,-83.0
1777889534.2403324,1.0,0.0,-85.0
1777889534.2503324,3.0,2.0,-87.0
1777889534.2603323,1.0,1.0,-96.0
1777889534.2703323,-2.0,-1.0,-93.0
1777889534.2813325,-1.0,0.0,-90.0
1777889534.2903323,2.0,0.0,-90.0
1777889534.3003323,0.0,-3.0,-88.0
1777889534.3113325,2.0,-5.0,-90.0
1777889534.3213325,0.0,-6.0,-91.0
1777889534.3313324,0.0,-4.0,-88.0
1777889534.3413324,-2.0,-7.0,-87.0
1777889534.3513324,-4.0,-11.0,-86.0
1777889534.3613324,-1.0,-12.0,-85.0
1777889534.3713324,-1.0,-13.0,-81.0
1777889534.3813324,0.0,-13.0,-82.0
1777889534.3913324,-1.0,-10.0,-76.0
1777889534.4013324,-1.0,-7.0,-75.0
1777889534.4113324,-3.0,-5.0,-71.0
1777889534.4213324,-4.0,-2.0,-75.0
1777889534.4313323,-6.0,2.0,-72.0
1777889534.4413323,-6.0,1.0,-80.0
1777889534.4513323,-2.0,2.0,-78.0
1777889534.4613323,0.0,0.0,-76.0
1777889534.4713323,-3.0,1.0,-78.0
1777889534.4813323,2.0,4.0,-76.0
1777889534.4913323,3.0,1.0,-71.0
1777889534.5013323,6.0,-2.0,-78.0
1777889534.5113325,9.0,-1.0,-83.0
1777889534.5213325,11.0,-5.0,-89.0
1777889534.5313325,8.0,-1.0,-91.0
1777889534.5413325,7.0,-2.0,-89.0
1777889534.5513325,6.0,0.0,-89.0
1777889534.5613325,7.0,0.0,-80.0
1777889534.5713325,6.0,0.0,-74.0
1777889534.5813324,5.0,-3.0,-77.0
1777889534.5913324,3.0,-3.0,-75.0
1777889534.6013324,6.0,-2.0,-74.0
1777889534.6113324,4.0,-1.0,-78.0
1777889534.6213324,2.0,-2.0,-79.0
1777889534.6313324,-1.0,-2.0,-81.0
1777889534.6413324,-7.0,-4.0,-84.0
1777889534.6513324,-4.0,-5.0,-81.0
1777889534.6613324,-6.0,-3.0,-83.0
1777889534.6713324,-9.0,1.0,-88.0
1777889534.6813323,-7.0,0.0,-81.0
1777889534.6913323,-10.0,3.0,-77.0
1777889534.7013323,-6.0,2.0,-84.0
1777889534.7113323,-6.0,-2.0,-82.0
1777889534.7213323,-6.0,1.0,-82.0
1777889534.7313323,-6.0,2.0,-82.0
1777889534.7413323,-2.0,0.0,-78.0
1777889534.7513323,2.0,-3.0,-81.0
1777889534.7613325,3.0,-4.0,-77.0
1777889534.7713325,1.0,-11.0,-75.0
1777889534.7813325,0.0,-7.0,-79.0
1777889534.7913325,3.0,-8.0,-73.0
1777889534.8013325,5.0,-8.0,-76.0
1777889534.8113325,6.0,-5.0,-81.0
1777889534.8213325,2.0,-5.0,-76.0
1777889534.8313324,0.0,-8.0,-74.0
1777889534.8413324,1.0,-5.0,-77.0
1777889534.8513324,0.0,-5.0,-75.0
1777889534.8613324,-1.0,-6.0,-74.0
1777889534.8713324,4.0,-4.0,-75.0
1777889534.8813324,2.0,-3.0,-74.0
1777889534.8913324,2.0,-3.0,-70.0
1777889534.9013324,1.0,-1.0,-65.0
1777889534.9113324,1.0,0.0,-60.0
1777889534.9213324,2.0,-3.0,-64.0
1777889534.9313323,3.0,-2.0,-56.0
1777889534.9413323,6.0,-3.0,-55.0
1777889534.9513323,3.0,-1.0,-60.0
1777889534.9613323,1.0,1.0,-67.0
1777889534.9713323,-1.0,3.0,-69.0
1777889534.9813323,-2.0,5.0,-72.0
1777889534.9913323,-1.0,5.0,-71.0
1777889535.0013323,0.0,4.0,-74.0
1777889535.0113325,0.0,1.0,-74.0
1777889535.0213325,2.0,-1.0,-69.0
1777889535.0313325,3.0,-3.0,-73.0
1777889535.0413325,0.0,-3.0,-76.0
1777889535.0513325,-7.0,-2.0,-72.0
1777889535.0613325,-5.0,0.0,-72.0
1777889535.0713325,-3.0,3.0,-71.0
1777889535.0813324,2.0,4.0,-72.0
1777889535.0913324,3.0,0.0,-77.0
1777889535.1013324,6.0,1.0,-72.0
1777889535.1123323,7.0,3.0,-73.0
1777889535.1213324,5.0,-1.0,-69.0
1777889535.1313324,0.0,-4.0,-66.0
1777889535.1413324,2.0,-2.0,-78.0
1777889535.1513324,3.0,-1.0,-80.0
1777889535.1613324,5.0,2.0,-84.0
1777889535.1713324,8.0,4.0,-86.0
1777889535.1813323,8.0,1.0,-88.0
1777889535.1913323,7.0,-1.0,-86.0
1777889535.2013323,2.0,-1.0,-85.0
1777889535.2113323,0.0,0.0,-81.0
1777889535.2213323,0.0,0.0,-77.0
1777889535.2313323,6.0,0.0,-79.0
1777889535.2413323,1.0,-6.0,-74.0
1777889535.2513323,0.0,-4.0,-73.0
1777889535.2613325,0.0,-2.0,-79.0
1777889535.2713325,-1.0,-2.0,-80.0
1777889535.2813325,-5.0,-1.0,-85.0
1777889535.2913325,-3.0,-3.0,-76.0
1777889535.3013325,-4.0,-3.0,-79.0
1777889535.3113325,-6.0,-5.0,-78.0
1777889535.3213325,-3.0,-3.0,-79.0
1777889535.3313324,-2.0,-5.0,-78.0
1777889535.3413324,-2.0,-4.0,-76.0
1777889535.3513324,1.0,-3.0,-66.0
1777889535.3613324,0.0,-2.0,-65.0
1777889535.3713324,-2.0,1.0,-69.0
1777889535.3813324,-2.0,3.0,-74.0
1777889535.3913324,-3.0,3.0,-75.0
1777889535.4013324,-4.0,2.0,-69.0
1777889535.4113324,-2.0,0.0,-71.0
1777889535.4213324,0.0,0.0,-74.0
1777889535.4313323,0.0,2.0,-73.0
1777889535.4413323,0.0,0.0,-73.0
1777889535.4513323,-3.0,2.0,-68.0
1777889535.4613323,-2.0,1.0,-64.0
1777889535.4713323,2.0,0.0,-69.0
1777889535.4813323,5.0,0.0,-71.0
1777889535.4913323,8.0,1.0,-70.0
1777889535.5013323,6.0,0.0,-73.0
1777889535.5113325,9.0,5.0,-75.0
1777889535.5213325,6.0,0.0,-77.0
1777889535.5313325,4.0,0.0,-83.0
1777889535.5413325,2.0,-1.0,-80.0
1777889535.5513325,2.0,0.0,-80.0
1777889535.5613325,0.0,2.0,-81.0
1777889535.5713325,-2.0,3.0,-81.0
1777889535.5813324,1.0,2.0,-76.0
1777889535.5913324,-1.0,1.0,-70.0
1777889535.6013324,-2.0,-1.0,-72.0
1777889535.6113324,-4.0,-4.0,-72.0
1777889535.6213324,-2.0,0.0,-64.0
1777889535.6313324,6.0,-1.0,-71.0
1777889535.6413324,7.0,-3.0,-81.0
1777889535.6513324,7.0,-5.0,-78.0
1777889535.6613324,4.0,-3.0,-79.0
1777889535.6713324,4.0,-2.0,-78.0
1777889535.6813323,0.0,-3.0,-79.0
1777889535.6913323,0.0,0.0,-77.0
1777889535.7013323,-4.0,-3.0,-78.0
1777889535.7113323,0.0,-2.0,-74.0
1777889535.7213323,3.0,0.0,-82.0
1777889535.7313323,-1.0,0.0,-75.0
1777889535.7413323,3.0,-4.0,-74.0
1777889535.7513323,5.0,-1.0,-73.0
1777889535.7613325,6.0,-2.0,-70.0
1777889535.7713325,0.0,-4.0,-60.0
1777889535.7813325,1.0,-2.0,-65.0
1777889535.7913325,1.0,-2.0,-76.0
1777889535.8023324,0.0,-6.0,-75.0
1777889535.8113325,1.0,0.0,-70.0
1777889535.8213325,3.0,0.0,-67.0
1777889535.8313324,1.0,0.0,-70.0
1777889535.8413324,0.0,1.0,-69.0
1777889535.8513324,1.0,-3.0,-68.0
1777889535.8613324,1.0,-3.0,-68.0
1777889535.8713324,1.0,-4.0,-70.0
1777889535.8813324,0.0,-1.0,-72.0
1777889535.8913324,-3.0,-4.0,-77.0
1777889535.9013324,0.0,-2.0,-70.0
1777889535.9113324,3.0,-1.0,-64.0
1777889535.9213324,11.0,-3.0,-66.0
1777889535.9313323,12.0,-3.0,-67.0
1777889535.9413323,7.0,-4.0,-70.0
1777889535.9513323,8.0,-7.0,-77.0
1777889535.9613323,5.0,-8.0,-78.0
1777889535.9713323,-3.0,-9.0,-74.0
1777889535.9813323,0.0,-6.0,-75.0
1777889535.9913323,1.0,-3.0,-78.0
1777889536.0013323,0.0,2.0,-75.0
1777889536.0113325,2.0,0.0,-69.0
1777889536.0213325,1.0,0.0,-64.0
1777889536.0313325,0.0,0.0,-72.0
1777889536.0413325,0.0,0.0,-72.0
1777889536.0513325,0.0,-1.0,-71.0
1777889536.0613325,1.0,1.0,-72.0
1777889536.0713325,0.0,-1.0,-76.0
1777889536.0813324,0.0,0.0,-80.0
1777889536.0913324,-3.0,-1.0,-80.0
1777889536.1013324,-4.0,0.0,-85.0
1777889536.1113324,-1.0,2.0,-83.0
1777889536.1213324,-2.0,3.0,-79.0
1777889536.1313324,-3.0,1.0,-80.0
1777889536.1413324,-5.0,3.0,-79.0
1777889536.1513324,-6.0,1.0,-81.0
1777889536.1613324,-3.0,0.0,-77.0
1777889536.1713324,-2.0,-2.0,-71.0
1777889536.1813323,0.0,-1.0,-66.0
1777889536.1913323,2.0,-4.0,-64.0
1777889536.2013323,0.0,-3.0,-66.0
1777889536.2113323,-2.0,-2.0,-68.0
1777889536.2213323,-2.0,1.0,-68.0
1777889536.2313323,0.0,0.0,-68.0
1777889536.2413323,2.0,0.0,-71.0
1777889536.2513323,2.0,5.0,-77.0
1777889536.2613325,-1.0,0.0,-77.0
1777889536.2713325,-1.0,0.0,-69.0
1777889536.2823324,0.0,0.0,-76.0
1777889536.2923324,-4.0,0.0,-81.0
1777889536.3023324,-10.0,2.0,-87.0
1777889536.3113325,-9.0,1.0,-86.0
1777889536.3223324,-3.0,0.0,-80.0
1777889536.3323324,0.0,-2.0,-77.0
1777889536.3423324,-1.0,-2.0,-79.0
1777889536.3523324,0.0,-2.0,-82.0
1777889536.3623323,-3.0,-3.0,-75.0
1777889536.3723323,-2.0,-10.0,-73.0
1777889536.3823323,-2.0,-6.0,-75.0
1777889536.3923323,2.0,-3.0,-69.0
1777889536.4023323,0.0,-2.0,-73.0
1777889536.4123323,-1.0,-1.0,-74.0
1777889536.4223323,0.0,-2.0,-70.0
1777889536.4323325,-1.0,-3.0,-75.0
1777889536.4423325,5.0,0.0,-77.0
1777889536.4523325,6.0,0.0,-69.0
1777889536.4623325,6.0,-1.0,-71.0
1777889536.4723325,3.0,-4.0,-74.0
1777889536.4823325,3.0,-4.0,-71.0
1777889536.4923325,5.0,-1.0,-69.0
1777889536.5023324,7.0,1.0,-77.0
1777889536.5123324,8.0,0.0,-81.0
1777889536.5223324,7.0,1.0,-86.0
1777889536.5323324,7.0,-3.0,-86.0
1777889536.5423324,8.0,-4.0,-87.0
1777889536.5523324,4.0,-3.0,-88.0
1777889536.5623324,5.0,-5.0,-88.0
1777889536.5723324,6.0,-1.0,-89.0
1777889536.5823324,4.0,3.0,-89.0
1777889536.5923324,-2.0,5.0,-80.0
1777889536.6023324,0.0,6.0,-79.0
1777889536.6123323,3.0,4.0,-76.0
1777889536.6223323,1.0,2.0,-68.0
1777889536.6323323,0.0,0.0,-66.0
1777889536.6423323,-3.0,0.0,-70.0
1777889536.6523323,-3.0,-4.0,-65.0
1777889536.6623323,-6.0,-6.0,-66.0
1777889536.6723323,-5.0,-5.0,-68.0
1777889536.6823325,-7.0,-5.0,-75.0
1777889536.6923325,-8.0,-8.0,-69.0
1777889536.7023325,-8.0,-11.0,-68.0
1777889536.7123325,-4.0,-11.0,-69.0
1777889536.7223325,-5.0,-9.0,-65.0
1777889536.7323325,-2.0,-10.0,-66.0
1777889536.7423325,-2.0,-4.0,-72.0
1777889536.7523324,-3.0,-1.0,-74.0
1777889536.7623324,0.0,-2.0,-81.0
1777889536.7723324,1.0,-2.0,-83.0
1777889536.7823324,0.0,-2.0,-80.0
1777889536.7923324,2.0,-4.0,-71.0
1777889536.8023324,2.0,-5.0,-73.0
1777889536.8123324,-2.0,-2.0,-78.0
1777889536.8223324,-3.0,-2.0,-82.0
1777889536.8323324,0.0,-5.0,-80.0
1777889536.8423324,3.0,-2.0,-74.0
1777889536.8523324,10.0,-10.0,-75.0
1777889536.8623323,7.0,-10.0,-77.0
1777889536.8723323,6.0,-10.0,-79.0
1777889536.8823323,4.0,-9.0,-81.0
1777889536.8923323,0.0,-6.0,-81.0
1777889536.9023323,2.0,-4.0,-79.0
1777889536.9123323,0.0,-3.0,-78.0
1777889536.9223323,-2.0,-3.0,-81.0
1777889536.9323325,-1.0,-1.0,-80.0
1777889536.9423325,0.0,0.0,-74.0
1777889536.9523325,-2.0,-1.0,-74.0
1777889536.9623325,3.0,-3.0,-78.0
1777889536.9723325,4.0,-4.0,-73.0
1777889536.9823325,3.0,-7.0,-70.0
1777889536.9923325,0.0,-4.0,-66.0
1777889537.0023324,0.0,-7.0,-67.0
1777889537.0123324,-1.0,-8.0,-66.0
1777889537.0223324,-1.0,-3.0,-74.0
1777889537.0323324,0.0,-1.0,-75.0
1777889537.0423324,2.0,-2.0,-75.0
1777889537.0523324,3.0,0.0,-71.0
1777889537.0623324,1.0,4.0,-64.0
1777889537.0723324,0.0,3.0,-63.0
1777889537.0823324,0.0,0.0,-68.0
1777889537.0923324,1.0,-3.0,-80.0
1777889537.1023324,1.0,-5.0,-74.0
1777889537.1123323,1.0,-1.0,-77.0
1777889537.1223323,1.0,0.0,-78.0
1777889537.1323323,-2.0,-3.0,-75.0
1777889537.1423323,0.0,-5.0,-73.0
1777889537.1523323,4.0,-5.0,-73.0
1777889537.1623323,3.0,-5.0,-80.0
1777889537.1723323,0.0,-5.0,-80.0
1777889537.1823325,1.0,-4.0,-77.0
1777889537.1923325,2.0,-4.0,-78.0
1777889537.2023325,1.0,-6.0,-71.0
1777889537.2123325,-2.0,-2.0,-70.0
1777889537.2223325,-4.0,1.0,-75.0
1777889537.2323325,-7.0,2.0,-73.0
1777889537.2423325,-4.0,3.0,-79.0
1777889537.2523324,-3.0,3.0,-83.0
1777889537.2623324,-2.0,4.0,-81.0
1777889537.2723324,3.0,1.0,-80.0
1777889537.2823324,4.0,5.0,-75.0
1777889537.2923324,5.0,2.0,-78.0
1777889537.3023324,5.0,0.0,-80.0
1777889537.3123324,1.0,0.0,-81.0
1777889537.3223324,0.0,-2.0,-81.0
1777889537.3323324,0.0,-1.0,-75.0
1777889537.3423324,3.0,5.0,-74.0
1777889537.3523324,1.0,5.0,-76.0
1777889537.3623323,3.0,5.0,-75.0
1777889537.3723323,2.0,0.0,-82.0
1777889537.3823323,0.0,-3.0,-80.0
1777889537.3923323,-2.0,0.0,-82.0
1777889537.4023323,0.0,0.0,-81.0
1777889537.4123323,-1.0,1.0,-79.0
1777889537.4223323,0.0,0.0,-82.0
1777889537.4323325,-2.0,1.0,-86.0
1777889537.4423325,-2.0,2.0,-85.0
1777889537.4523325,-5.0,2.0,-81.0
1777889537.4623325,-2.0,0.0,-84.0
1777889537.4723325,1.0,0.0,-85.0
1777889537.4823325,0.0,0.0,-79.0
1777889537.4923325,0.0,0.0,-77.0
1777889537.5023324,2.0,0.0,-75.0
1777889537.5123324,1.0,-2.0,-70.0
1777889537.5223324,1.0,-4.0,-70.0
1777889537.5323324,5.0,-6.0,-72.0
1777889537.5423324,6.0,-8.0,-70.0
1777889537.5523324,6.0,-5.0,-67.0
1777889537.5623324,9.0,-3.0,-65.0
1777889537.5723324,5.0,-7.0,-67.0
1777889537.5823324,5.0,-6.0,-67.0
1777889537.5923324,5.0,-7.0,-70.0
1777889537.6023324,2.0,-6.0,-69.0
1777889537.6123323,2.0,-5.0,-68.0
1777889537.6223323,2.0,-7.0,-71.0
1777889537.6323323,2.0,-5.0,-76.0
1777889537.6423323,4.0,-4.0,-74.0
1777889537.6523323,6.0,-2.0,-76.0
1777889537.6623323,6.0,-3.0,-88.0
1777889537.6723323,5.0,-6.0,-92.0
1777889537.6823325,3.0,-7.0,-84.0
1777889537.6923325,4.0,0.0,-87.0
1777889537.7023325,4.0,-1.0,-85.0
1777889537.7123325,1.0,-4.0,-84.0
1777889537.7223325,-2.0,-5.0,-82.0
1777889537.7323325,-2.0,-5.0,-84.0
1777889537.7423325,-1.0,-4.0,-81.0
1777889537.7523324,-3.0,-4.0,-87.0
1777889537.7623324,-5.0,-8.0,-86.0
1777889537.7723324,-6.0,-11.0,-84.0
1777889537.7823324,-6.0,-9.0,-85.0
1777889537.7923324,-6.0,-9.0,-78.0
1777889537.8023324,-6.0,-8.0,-73.0
1777889537.8123324,-3.0,-6.0,-69.0
1777889537.8223324,-6.0,-6.0,-70.0
1777889537.8323324,-3.0,-6.0,-70.0
1777889537.8423324,0.0,-5.0,-75.0
1777889537.8523324,6.0,-5.0,-72.0
1777889537.8623323,8.0,-1.0,-73.0
1777889537.8723323,6.0,0.0,-71.0
1777889537.8823323,7.0,-1.0,-75.0
1777889537.8923323,4.0,-2.0,-77.0
1777889537.9023323,8.0,1.0,-77.0
1777889537.9123323,13.0,0.0,-79.0
1777889537.9223323,13.0,4.0,-78.0
1777889537.9323325,13.0,-1.0,-79.0
1777889537.9423325,10.0,0.0,-87.0
1777889537.9523325,13.0,3.0,-79.0
1777889537.9623325,11.0,4.0,-76.0
1777889537.9723325,7.0,4.0,-79.0
1777889537.9823325,3.0,4.0,-82.0
1777889537.9923325,4.0,-1.0,-76.0
1777889538.0023324,2.0,-6.0,-78.0
1777889538.0123324,4.0,-6.0,-77.0
1777889538.0223324,5.0,-1.0,-69.0
1777889538.0323324,5.0,2.0,-63.0
1777889538.0423324,4.0,3.0,-65.0
1777889538.0523324,3.0,6.0,-70.0
1777889538.0623324,0.0,7.0,-76.0
1777889538.0723324,7.0,0.0,-73.0
1777889538.0823324,1.0,0.0,-74.0
1777889538.0923324,-1.0,0.0,-76.0
1777889538.1023324,-1.0,4.0,-78.0
1777889538.1123323,-2.0,2.0,-79.0
1777889538.1223323,-3.0,0.0,-74.0
1777889538.1323323,0.0,1.0,-80.0
1777889538.1423323,0.0,0.0,-78.0
1777889538.1523323,2.0,-3.0,-76.0
1777889538.1623323,2.0,0.0,-78.0
1777889538.1723323,0.0,0.0,-80.0
1777889538.1823325,-2.0,0.0,-84.0
1777889538.1923325,0.0,-5.0,-85.0
1777889538.2023325,5.0,-10.0,-83.0
1777889538.2123325,6.0,-10.0,-85.0
1777889538.2223325,4.0,-7.0,-85.0
1777889538.2323325,2.0,-7.0,-87.0
1777889538.2433324,3.0,-6.0,-86.0
1777889538.2523324,0.0,-4.0,-82.0
1777889538.2623324,2.0,-1.0,-85.0
1777889538.2733324,0.0,1.0,-77.0
1777889538.2833323,0.0,0.0,-73.0
1777889538.2933323,-3.0,0.0,-76.0
1777889538.3033323,-9.0,0.0,-73.0
1777889538.3133323,-11.0,0.0,-76.0
1777889538.3233323,-13.0,2.0,-79.0
1777889538.3333323,-14.0,1.0,-81.0
1777889538.3433323,-8.0,1.0,-82.0
1777889538.3533323,-7.0,3.0,-82.0
1777889538.3633325,-2.0,3.0,-78.0
1777889538.3733325,0.0,0.0,-72.0
1777889538.3833325,0.0,0.0,-72.0
1777889538.3933325,1.0,-1.0,-72.0
1777889538.4033325,1.0,0.0,-77.0
1777889538.4133325,6.0,-1.0,-85.0
1777889538.4233325,6.0,2.0,-80.0
1777889538.4333324,9.0,1.0,-79.0
1777889538.4433324,6.0,2.0,-79.0
1777889538.4533324,4.0,0.0,-80.0
1777889538.4633324,4.0,0.0,-79.0
1777889538.4733324,3.0,0.0,-75.0
1777889538.4833324,8.0,3.0,-67.0
1777889538.4933324,6.0,4.0,-72.0
1777889538.5033324,5.0,4.0,-75.0
1777889538.5133324,2.0,0.0,-79.0
1777889538.5233324,0.0,1.0,-77.0
1777889538.5333323,-3.0,6.0,-75.0
1777889538.5433323,-3.0,7.0,-75.0
1777889538.5533323,-1.0,1.0,-77.0
1777889538.5633323,2.0,0.0,-76.0
1777889538.5733323,5.0,0.0,-77.0
1777889538.5833323,2.0,1.0,-72.0
1777889538.5933323,2.0,2.0,-73.0
1777889538.6033323,-2.0,-1.0,-69.0
1777889538.6133325,-5.0,-2.0,-75.0
1777889538.6233325,-4.0,-2.0,-77.0
1777889538.6333325,-1.0,-2.0,-68.0
1777889538.6433325,-1.0,-5.0,-70.0
1777889538.6533325,-4.0,-3.0,-72.0
1777889538.6633325,2.0,-1.0,-78.0
1777889538.6733325,5.0,-2.0,-75.0
1777889538.6833324,5.0,0.0,-77.0
1777889538.6933324,0.0,1.0,-79.0
1777889538.7033324,0.0,-1.0,-76.0
1777889538.7133324,0.0,-3.0,-76.0
1777889538.7233324,-6.0,-2.0,-78.0
1777889538.7333324,-5.0,-2.0,-86.0
1777889538.7433324,-4.0,-2.0,-85.0
1777889538.7533324,-6.0,-8.0,-82.0
1777889538.7633324,-2.0,-7.0,-80.0
1777889538.7733324,2.0,-6.0,-84.0
1777889538.7833323,1.0,-7.0,-81.0
1777889538.7933323,2.0,-8.0,-77.0
1777889538.8033323,6.0,-6.0,-75.0
1777889538.8133323,4.0,-6.0,-73.0
1777889538.8233323,4.0,-3.0,-77.0
1777889538.8333323,2.0,-2.0,-82.0
1777889538.8433323,-3.0,-4.0,-81.0
1777889538.8533323,-5.0,-4.0,-79.0
1777889538.8633325,-3.0,-7.0,-74.0
1777889538.8733325,-4.0,-4.0,-74.0
1777889538.8833325,-5.0,-3.0,-73.0
1777889538.8933325,-3.0,-3.0,-73.0
1777889538.9033325,0.0,-5.0,-76.0
1777889538.9133325,0.0,-2.0,-75.0
1777889538.9233325,-2.0,0.0,-79.0
1777889538.9333324,-4.0,-2.0,-77.0
1777889538.9433324,-4.0,-1.0,-80.0
1777889538.9533324,-6.0,0.0,-79.0
1777889538.9633324,-1.0,0.0,-73.0
1777889538.9733324,0.0,-4.0,-72.0
1777889538.9833324,2.0,-4.0,-78.0
1777889538.9933324,-2.0,-3.0,-75.0
1777889539.0033324,-5.0,0.0,-62.0
1777889539.0133324,-1.0,-1.0,-61.0
1777889539.0233324,0.0,-6.0,-60.0
1777889539.0333323,3.0,-4.0,-66.0
1777889539.0433323,7.0,-4.0,-76.0
1777889539.0533323,9.0,-10.0,-82.0
1777889539.0633323,2.0,-13.0,-86.0
1777889539.0733323,5.0,-14.0,-84.0
1777889539.0833323,4.0,-11.0,-83.0
1777889539.0933323,6.0,-9.0,-83.0
1777889539.1033323,7.0,-9.0,-82.0
1777889539.1133325,4.0,-6.0,-82.0
1777889539.1233325,5.0,-1.0,-85.0
1777889539.1333325,6.0,-2.0,-85.0
1777889539.1433325,5.0,-4.0,-86.0
1777889539.1533325,3.0,-6.0,-83.0
1777889539.1633325,3.0,-5.0,-88.0
1777889539.1733325,10.0,-1.0,-81.0
1777889539.1833324,7.0,-8.0,-81.0
1777889539.1933324,5.0,-9.0,-82.0
1777889539.2033324,3.0,-2.0,-79.0
1777889539.2133324,6.0,-5.0,-82.0
1777889539.2233324,2.0,-1.0,-81.0
1777889539.2333324,1.0,0.0,-73.0
1777889539.2433324,2.0,0.0,-75.0
1777889539.2533324,0.0,0.0,-71.0
1777889539.2633324,0.0,2.0,-73.0
1777889539.2733324,0.0,5.0,-79.0
1777889539.2833323,0.0,5.0,-79.0
1777889539.2933323,0.0,4.0,-74.0
1777889539.3033323,-5.0,1.0,-69.0
1777889539.3133323,-5.0,0.0,-67.0
1777889539.3233323,-5.0,0.0,-73.0
1777889539.3333323,-6.0,-1.0,-74.0
1777889539.3433323,-1.0,-2.0,-77.0
1777889539.3533323,0.0,-5.0,-77.0
1777889539.3633325,-3.0,-7.0,-81.0
1777889539.3733325,-4.0,-8.0,-85.0
1777889539.3833325,0.0,-8.0,-85.0
1777889539.3933325,3.0,-3.0,-82.0
1777889539.4033325,2.0,0.0,-79.0
1777889539.4133325,-1.0,2.0,-70.0
1777889539.4233325,-1.0,2.0,-63.0
1777889539.4333324,0.0,-1.0,-66.0
1777889539.4433324,7.0,1.0,-69.0
1777889539.4533324,10.0,5.0,-68.0
1777889539.4633324,7.0,5.0,-70.0
1777889539.4733324,5.0,0.0,-76.0
1777889539.4833324,10.0,-5.0,-71.0
1777889539.4933324,7.0,-8.0,-73.0
1777889539.5033324,3.0,-8.0,-73.0
1777889539.5133324,0.0,-5.0,-70.0
1777889539.5233324,3.0,-2.0,-70.0
1777889539.5333323,2.0,-4.0,-72.0
1777889539.5433323,7.0,-6.0,-72.0
1777889539.5533323,5.0,-5.0,-72.0
1777889539.5633323,8.0,3.0,-71.0
1777889539.5733323,5.0,2.0,-67.0
1777889539.5833323,5.0,2.0,-71.0
1777889539.5933323,8.0,2.0,-69.0
1777889539.6033323,7.0,2.0,-64.0
1777889539.6133325,9.0,0.0,-59.0
1777889539.6233325,3.0,3.0,-70.0
1777889539.6333325,6.0,7.0,-73.0
1777889539.6433325,4.0,1.0,-74.0
1777889539.6533325,0.0,1.0,-74.0
1777889539.6633325,0.0,1.0,-77.0
1777889539.6733325,3.0,1.0,-84.0
1777889539.6833324,6.0,-1.0,-80.0
1777889539.6933324,9.0,0.0,-77.0
1777889539.7033324,3.0,0.0,-74.0
1777889539.7133324,5.0,0.0,-78.0
1777889539.7233324,2.0,-3.0,-78.0
1777889539.7333324,5.0,-2.0,-73.0
1777889539.7433324,7.0,-5.0,-75.0
1777889539.7533324,4.0,-5.0,-72.0
1777889539.7633324,-2.0,-5.0,-71.0
1777889539.7733324,-2.0,-1.0,-71.0
1777889539.7833323,-5.0,-4.0,-64.0
1777889539.7933323,-4.0,0.0,-62.0
1777889539.8033323,-4.0,2.0,-63.0
1777889539.8133323,-1.0,5.0,-69.0
1777889539.8233323,0.0,7.0,-70.0
1777889539.8333323,-1.0,8.0,-76.0
1777889539.8433323,-1.0,3.0,-73.0
1777889539.8533323,0.0,0.0,-68.0
1777889539.8633325,-2.0,-2.0,-71.0
1777889539.8733325,-1.0,-3.0,-78.0
1777889539.8833325,-3.0,-6.0,-79.0
1777889539.8933325,-5.0,-5.0,-76.0
1777889539.9033325,-5.0,-6.0,-75.0
1777889539.9133325,-5.0,-4.0,-72.0
1777889539.9233325,-3.0,-9.0,-80.0
1777889539.9333324,-2.0,-9.0,-84.0
1777889539.9433324,-2.0,-6.0,-89.0
1777889539.9533324,-1.0,-5.0,-86.0
1777889539.9633324,0.0,0.0,-80.0
1777889539.9733324,1.0,0.0,-78.0
1777889539.9833324,3.0,3.0,-74.0
1777889539.9933324,0.0,4.0,-77.0
1777889540.0033324,0.0,2.0,-68.0
1777889540.0133324,3.0,0.0,-67.0
1777889540.0233324,4.0,1.0,-73.0
1777889540.0333323,1.0,0.0,-73.0
1777889540.0433323,0.0,-1.0,-74.0
1777889540.0533323,0.0,-3.0,-68.0
1777889540.0633323,-3.0,-2.0,-76.0
1777889540.0733323,-8.0,-1.0,-73.0
1777889540.0833323,-3.0,-1.0,-83.0
1777889540.0933323,1.0,0.0,-86.0
1777889540.1033323,-3.0,0.0,-86.0
1777889540.1133325,-4.0,0.0,-90.0
1777889540.1233325,-6.0,0.0,-89.0
1777889540.1333325,-5.0,-1.0,-86.0
1777889540.1433325,-3.0,-2.0,-78.0
1777889540.1533325,-3.0,-4.0,-76.0
1777889540.1633325,4.0,0.0,-79.0
1777889540.1733325,3.0,2.0,-86.0
1777889540.1833324,4.0,5.0,-90.0
1777889540.1933324,5.0,5.0,-78.0
1777889540.2033324,4.0,3.0,-78.0
1777889540.2133324,4.0,2.0,-78.0
1777889540.2243323,5.0,0.0,-80.0
1777889540.2343323,6.0,-3.0,-76.0
1777889540.2443323,6.0,-1.0,-75.0
1777889540.2543323,8.0,-4.0,-68.0
1777889540.2633324,7.0,-6.0,-66.0
1777889540.2743323,2.0,-3.0,-65.0
1777889540.2843325,-1.0,-3.0,-58.0
1777889540.2943325,0.0,-1.0,-62.0
1777889540.3043325,1.0,-4.0,-63.0
1777889540.3133323,4.0,-5.0,-63.0
1777889540.3243325,2.0,-2.0,-66.0
1777889540.3343325,-1.0,-2.0,-67.0
1777889540.3443325,-3.0,-3.0,-75.0
1777889540.3543324,-4.0,-3.0,-80.0
1777889540.3643324,-5.0,-2.0,-84.0
1777889540.3743324,-5.0,-4.0,-85.0
1777889540.3843324,-1.0,-1.0,-82.0
1777889540.3943324,1.0,-3.0,-76.0
1777889540.4043324,0.0,-5.0,-69.0
1777889540.4143324,-1.0,-1.0,-77.0
1777889540.4243324,-3.0,0.0,-84.0
1777889540.4343324,-3.0,4.0,-73.0
1777889540.4443324,3.0,5.0,-80.0
1777889540.4543324,5.0,-1.0,-84.0
1777889540.4643323,4.0,0.0,-85.0
1777889540.4743323,1.0,-3.0,-80.0
1777889540.4843323,0.0,-6.0,-81.0
1777889540.4943323,1.0,-4.0,-81.0
1777889540.5043323,3.0,-7.0,-78.0
1777889540.5143323,4.0,-5.0,-71.0
1777889540.5243323,0.0,-2.0,-63.0
1777889540.5343325,-3.0,-3.0,-65.0
1777889540.5443325,-8.0,-3.0,-69.0
1777889540.5543325,1.0,-4.0,-69.0
1777889540.5643325,3.0,-8.0,-74.0
1777889540.5743325,0.0,-6.0,-79.0
1777889540.5843325,1.0,-7.0,-78.0
1777889540.5943325,5.0,-8.0,-81.0
1777889540.6043324,5.0,-8.0,-79.0
1777889540.6143324,10.0,-7.0,-76.0
1777889540.6243324,8.0,-6.0,-73.0
1777889540.6343324,10.0,-1.0,-73.0
1777889540.6443324,5.0,0.0,-74.0
1777889540.6543324,4.0,-3.0,-71.0
1777889540.6643324,4.0,-2.0,-80.0
1777889540.6743324,3.0,-5.0,-80.0
1777889540.6843324,1.0,-4.0,-79.0
1777889540.6943324,0.0,-5.0,-79.0
1777889540.7043324,0.0,-6.0,-86.0
1777889540.7143323,0.0,-5.0,-87.0
1777889540.7243323,2.0,-2.0,-84.0
1777889540.7343323,2.0,0.0,-76.0
1777889540.7443323,0.0,2.0,-78.0
1777889540.7543323,2.0,8.0,-69.0
1777889540.7643323,3.0,9.0,-71.0
1777889540.7743323,1.0,7.0,-76.0
1777889540.7843325,2.0,6.0,-77.0
1777889540.7943325,-1.0,5.0,-77.0
1777889540.8043325,-1.0,3.0,-80.0
1777889540.8143325,0.0,1.0,-79.0
1777889540.8243325,0.0,1.0,-70.0
1777889540.8343325,1.0,1.0,-68.0
1777889540.8443325,1.0,3.0,-75.0
1777889540.8543324,2.0,1.0,-75.0
1777889540.8643324,-4.0,3.0,-76.0
1777889540.8743324,-2.0,0.0,-75.0
1777889540.8843324,-4.0,0.0,-72.0
1777889540.8943324,0.0,0.0,-71.0
1777889540.9043324,-4.0,-1.0,-69.0
1777889540.9143324,-1.0,-2.0,-75.0
1777889540.9243324,0.0,-3.0,-77.0
1777889540.9343324,0.0,-4.0,-75.0
1777889540.9443324,1.0,-2.0,-80.0
1777889540.9543324,-1.0,-3.0,-76.0
1777889540.9643323,-1.0,0.0,-79.0
1777889540.9743323,-1.0,0.0,-78.0
1777889540.9843323,3.0,0.0,-77.0
1777889540.9943323,-2.0,-3.0,-75.0
1777889541.0043323,-2.0,0.0,-79.0
1777889541.0143323,0.0,3.0,-80.0
1777889541.0243323,-2.0,2.0,-78.0
1777889541.0343325,0.0,-3.0,-78.0
1777889541.0443325,2.0,-1.0,-74.0
1777889541.0543325,2.0,-3.0,-75.0
1777889541.0643325,-1.0,0.0,-79.0
1777889541.0743325,0.0,-3.0,-74.0
1777889541.0843325,1.0,-4.0,-77.0
1777889541.0943325,0.0,0.0,-77.0
1777889541.1043324,-2.0,-6.0,-73.0
1777889541.1143324,0.0,-5.0,-77.0
1777889541.1243324,0.0,-6.0,-80.0
1777889541.1343324,-1.0,-4.0,-83.0
1777889541.1443324,4.0,-3.0,-79.0
1777889541.1543324,7.0,-4.0,-79.0
1777889541.1643324,9.0,-2.0,-75.0
1777889541.1743324,6.0,0.0,-73.0
1777889541.1843324,3.0,-1.0,-71.0
1777889541.1943324,4.0,-5.0,-69.0
1777889541.2043324,5.0,-8.0,-67.0
1777889541.2143323,0.0,-4.0,-68.0
1777889541.2243323,2.0,0.0,-70.0
1777889541.2343323,0.0,0.0,-70.0
1777889541.2443323,1.0,1.0,-72.0
1777889541.2543323,-4.0,2.0,-75.0
1777889541.2643323,-4.0,2.0,-72.0
1777889541.2743323,-4.0,2.0,-71.0
1777889541.2843325,-6.0,-1.0,-73.0
1777889541.2943325,-2.0,0.0,-71.0
1777889541.3043325,-1.0,0.0,-75.0
1777889541.3143325,-1.0,-2.0,-85.0
1777889541.3243325,4.0,0.0,-78.0
1777889541.3343325,2.0,-4.0,-78.0
1777889541.3443325,-1.0,-3.0,-77.0
1777889541.3543324,1.0,-3.0,-74.0
1777889541.3643324,4.0,0.0,-72.0
1777889541.3743324,5.0,0.0,-72.0
1777889541.3843324,5.0,1.0,-66.0
1777889541.3943324,4.0,0.0,-63.0
1777889541.4043324,4.0,0.0,-76.0
1777889541.4143324,8.0,-1.0,-75.0
1777889541.4243324,5.0,0.0,-72.0
1777889541.4343324,0.0,-2.0,-70.0
1777889541.4443324,2.0,-2.0,-64.0
1777889541.4543324,0.0,0.0,-70.0
1777889541.4643323,0.0,1.0,-64.0
1777889541.4743323,0.0,2.0,-56.0
1777889541.4843323,0.0,0.0,-56.0
1777889541.4943323,-2.0,-2.0,-57.0
1777889541.5043323,0.0,0.0,-62.0
1777889541.5143323,-1.0,-2.0,-63.0
1777889541.5243323,-4.0,0.0,-66.0
1777889541.5343325,-4.0,1.0,-70.0
1777889541.5443325,-1.0,-1.0,-69.0
1777889541.5543325,0.0,1.0,-70.0
1777889541.5643325,0.0,2.0,-66.0
1777889541.5743325,-1.0,-1.0,-65.0
1777889541.5843325,1.0,0.0,-67.0
1777889541.5943325,0.0,0.0,-63.0
1777889541.6043324,0.0,0.0,-65.0
1777889541.6143324,4.0,-3.0,-70.0
1777889541.6243324,4.0,-5.0,-72.0
1777889541.6343324,0.0,-10.0,-76.0
1777889541.6443324,2.0,-6.0,-78.0
1777889541.6543324,4.0,-5.0,-75.0
1777889541.6643324,0.0,-2.0,-72.0
1777889541.6743324,-1.0,-3.0,-71.0
1777889541.6843324,0.0,-3.0,-68.0
1777889541.6943324,2.0,-1.0,-66.0
1777889541.7043324,4.0,0.0,-72.0
1777889541.7143323,2.0,3.0,-70.0
1777889541.7243323,3.0,2.0,-76.0
1777889541.7343323,5.0,0.0,-75.0
1777889541.7443323,2.0,3.0,-65.0
1777889541.7543323,-1.0,4.0,-63.0
1777889541.7643323,0.0,3.0,-68.0
1777889541.7743323,-1.0,0.0,-72.0
1777889541.7843325,-2.0,-2.0,-69.0
1777889541.7943325,2.0,-1.0,-69.0
1777889541.8043325,5.0,2.0,-67.0
1777889541.8143325,0.0,8.0,-74.0
1777889541.8243325,-4.0,6.0,-82.0
1777889541.8343325,-4.0,3.0,-84.0
1777889541.8443325,-2.0,6.0,-69.0
1777889541.8543324,-1.0,2.0,-64.0
1777889541.8643324,1.0,-2.0,-65.0
1777889541.8743324,3.0,-5.0,-73.0
1777889541.8843324,2.0,-8.0,-77.0
1777889541.8943324,-1.0,-4.0,-74.0
1777889541.9043324,-2.0,-3.0,-74.0
1777889541.9143324,2.0,-4.0,-69.0
1777889541.9243324,0.0,-5.0,-64.0
1777889541.9343324,2.0,-6.0,-71.0
1777889541.9443324,2.0,-6.0,-72.0
1777889541.9543324,-1.0,-4.0,-69.0
1777889541.9643323,-4.0,-2.0,-66.0
1777889541.9743323,0.0,-4.0,-68.0
1777889541.9843323,5.0,0.0,-72.0
1777889541.9943323,4.0,0.0,-70.0
1777889542.0043323,6.0,1.0,-74.0
1777889542.0143323,8.0,0.0,-75.0
1777889542.0243323,5.0,0.0,-72.0
1777889542.0343325,6.0,2.0,-73.0
1777889542.0443325,11.0,0.0,-80.0
1777889542.0543325,10.0,1.0,-80.0
1777889542.0643325,7.0,-3.0,-80.0
1777889542.0743325,5.0,-1.0,-78.0
1777889542.0843325,8.0,2.0,-73.0
1777889542.0943325,5.0,2.0,-71.0
1777889542.1043324,5.0,1.0,-80.0
1777889542.1143324,3.0,3.0,-85.0
1777889542.1243324,2.0,5.0,-85.0
1777889542.1343324,-2.0,0.0,-85.0
1777889542.1443324,-1.0,1.0,-90.0
1777889542.1543324,-1.0,2.0,-86.0
1777889542.1643324,0.0,0.0,-78.0
1777889542.1743324,0.0,1.0,-80.0
1777889542.1843324,2.0,2.0,-86.0
1777889542.1943324,3.0,3.0,-86.0
1777889542.2043324,8.0,3.0,-87.0
1777889542.2143323,5.0,1.0,-81.0
1777889542.2253325,8.0,0.0,-80.0
1777889542.2353325,5.0,1.0,-81.0
1777889542.2453325,0.0,4.0,-81.0
1777889542.2553325,-2.0,6.0,-77.0
1777889542.2653325,1.0,2.0,-77.0
1777889542.2753325,2.0,3.0,-78.0
1777889542.2853324,2.0,2.0,-75.0
1777889542.2953324,0.0,-1.0,-82.0
1777889542.3053324,0.0,1.0,-81.0
1777889542.3153324,2.0,2.0,-84.0
1777889542.3253324,-2.0,2.0,-78.0
1777889542.3353324,-3.0,1.0,-75.0
1777889542.3453324,-5.0,2.0,-76.0
1777889542.3553324,-11.0,0.0,-78.0
1777889542.3653324,-6.0,-2.0,-71.0
1777889542.3753324,-1.0,-3.0,-63.0
1777889542.3853323,5.0,-4.0,-58.0
1777889542.3953323,5.0,-6.0,-64.0
1777889542.4053323,1.0,-1.0,-66.0
1777889542.4153323,-6.0,-1.0,-73.0
1777889542.4253323,-7.0,0.0,-81.0
1777889542.4353323,-2.0,0.0,-82.0
1777889542.4453323,-3.0,-4.0,-80.0
1777889542.4553325,-1.0,-7.0,-77.0
1777889542.4653325,-2.0,-5.0,-76.0
1777889542.4753325,-2.0,-6.0,-73.0
1777889542.4853325,0.0,-5.0,-61.0
1777889542.4953325,1.0,-6.0,-70.0
1777889542.5053325,1.0,-7.0,-78.0
1777889542.5153325,0.0,-7.0,-84.0
1777889542.5253325,0.0,-4.0,-85.0
1777889542.5353324,-2.0,0.0,-79.0
1777889542.5453324,-3.0,-1.0,-82.0
1777889542.5553324,-4.0,2.0,-77.0
1777889542.5653324,-4.0,-1.0,-75.0
1777889542.5753324,-6.0,-4.0,-83.0
1777889542.5853324,0.0,-5.0,-79.0
1777889542.5953324,-1.0,-9.0,-75.0
1777889542.6053324,-1.0,-6.0,-66.0
1777889542.6153324,2.0,-4.0,-61.0
1777889542.6253324,6.0,-10.0,-68.0
1777889542.6353323,5.0,-10.0,-70.0
1777889542.6453323,5.0,-7.0,-73.0
1777889542.6553323,-1.0,-4.0,-74.0
1777889542.6653323,2.0,-3.0,-72.0
1777889542.6753323,0.0,1.0,-75.0
1777889542.6853323,0.0,2.0,-78.0
1777889542.6953323,-2.0,3.0,-80.0
1777889542.7053325,-1.0,1.0,-79.0
1777889542.7153325,5.0,-4.0,-72.0
1777889542.7253325,5.0,-7.0,-77.0
1777889542.7353325,9.0,-3.0,-75.0
1777889542.7453325,14.0,0.0,-80.0
1777889542.7553325,11.0,-2.0,-81.0
1777889542.7653325,9.0,-3.0,-81.0
1777889542.7753325,8.0,-5.0,-89.0
1777889542.7853324,8.0,-3.0,-92.0
1777889542.7953324,11.0,-4.0,-90.0
1777889542.8053324,5.0,-6.0,-84.0
1777889542.8153324,5.0,-5.0,-83.0
1777889542.8253324,6.0,0.0,-77.0
1777889542.8353324,6.0,3.0,-76.0
1777889542.8453324,2.0,5.0,-82.0
1777889542.8553324,2.0,0.0,-79.0
1777889542.8653324,5.0,0.0,-75.0
1777889542.8753324,5.0,3.0,-74.0
1777889542.8853323,6.0,-1.0,-71.0
1777889542.8953323,5.0,0.0,-73.0
1777889542.9053323,6.0,-3.0,-73.0
1777889542.9153323,4.0,-4.0,-80.0
1777889542.9253323,1.0,-3.0,-74.0
1777889542.9353323,2.0,-2.0,-69.0
1777889542.9453323,3.0,-1.0,-70.0
1777889542.9553325,0.0,-3.0,-77.0
1777889542.9653325,-1.0,-5.0,-77.0
1777889542.9753325,0.0,-2.0,-81.0
1777889542.9853325,-2.0,-1.0,-73.0
1777889542.9953325,-2.0,0.0,-68.0
1777889543.0053325,0.0,5.0,-72.0
1777889543.0153325,4.0,5.0,-71.0
1777889543.0253325,1.0,2.0,-76.0
1777889543.0353324,-2.0,2.0,-77.0
1777889543.0453324,-2.0,3.0,-75.0
1777889543.0553324,1.0,4.0,-71.0
1777889543.0653324,3.0,5.0,-66.0
1777889543.0753324,3.0,1.0,-66.0
1777889543.0853324,1.0,-3.0,-69.0
1777889543.0953324,2.0,0.0,-62.0
1777889543.1053324,1.0,-2.0,-68.0
1777889543.1153324,1.0,-2.0,-67.0
1777889543.1253324,-4.0,-1.0,-67.0
1777889543.1353323,-3.0,-1.0,-70.0
1777889543.1453323,0.0,2.0,-63.0
1777889543.1553323,0.0,1.0,-65.0
1777889543.1653323,5.0,1.0,-68.0
1777889543.1753323,5.0,2.0,-65.0
1777889543.1853323,-2.0,0.0,-63.0
1777889543.1953323,1.0,0.0,-67.0
1777889543.2053325,3.0,-1.0,-64.0
1777889543.2153325,0.0,-4.0,-63.0
1777889543.2253325,1.0,-3.0,-61.0
1777889543.2353325,1.0,-1.0,-61.0
1777889543.2453325,3.0,1.0,-58.0
1777889543.2553325,6.0,-2.0,-61.0
1777889543.2653325,5.0,-6.0,-66.0
1777889543.2753325,0.0,-5.0,-65.0
1777889543.2853324,0.0,-6.0,-70.0
1777889543.2953324,0.0,-4.0,-74.0
1777889543.3053324,1.0,-3.0,-74.0
1777889543.3153324,0.0,0.0,-66.0
1777889543.3253324,-1.0,-1.0,-64.0
1777889543.3353324,0.0,-2.0,-64.0
1777889543.3453324,0.0,-4.0,-72.0
1777889543.3553324,1.0,-6.0,-78.0
1777889543.3653324,1.0,-5.0,-78.0
1777889543.3753324,2.0,-2.0,-76.0
1777889543.3853323,6.0,-3.0,-74.0
1777889543.3953323,6.0,-6.0,-74.0
1777889543.4053323,5.0,-5.0,-76.0
1777889543.4153323,7.0,-7.0,-69.0
1777889543.4253323,3.0,-5.0,-72.0
1777889543.4353323,0.0,-4.0,-72.0
1777889543.4453323,-1.0,0.0,-75.0
1777889543.4553325,-1.0,5.0,-76.0
1777889543.4653325,-4.0,3.0,-74.0
1777889543.4753325,0.0,6.0,-73.0
1777889543.4853325,-6.0,7.0,-77.0
1777889543.4953325,0.0,2.0,-78.0
1777889543.5053325,0.0,4.0,-81.0
1777889543.5153325,-7.0,2.0,-84.0
1777889543.5253325,-2.0,2.0,-75.0
1777889543.5353324,-3.0,4.0,-72.0
1777889543.5453324,2.0,7.0,-67.0
1777889543.5553324,0.0,8.0,-67.0
1777889543.5653324,-5.0,5.0,-68.0
1777889543.5753324,-2.0,2.0,-70.0
1777889543.5853324,2.0,-3.0,-73.0
1777889543.5953324,1.0,-7.0,-66.0
1777889543.6053324,1.0,-10.0,-65.0
1777889543.6153324,0.0,-5.0,-70.0
1777889543.6253324,0.0,-2.0,-71.0
1777889543.6353323,-4.0,-1.0,-71.0
1777889543.6453323,0.0,3.0,-77.0
1777889543.6553323,1.0,6.0,-76.0
1777889543.6653323,8.0,4.0,-81.0
1777889543.6753323,7.0,1.0,-84.0
1777889543.6853323,6.0,1.0,-82.0
1777889543.6953323,4.0,3.0,-80.0
1777889543.7053325,7.0,1.0,-77.0
1777889543.7153325,1.0,1.0,-73.0
1777889543.7253325,3.0,0.0,-70.0
1777889543.7353325,-2.0,0.0,-70.0
1777889543.7453325,-4.0,-3.0,-60.0
1777889543.7553325,-5.0,-6.0,-69.0
1777889543.7653325,-2.0,-4.0,-73.0
1777889543.7753325,4.0,-5.0,-69.0
1777889543.7853324,5.0,-2.0,-63.0
1777889543.7953324,1.0,-2.0,-62.0
1777889543.8053324,0.0,-4.0,-74.0
1777889543.8153324,1.0,-4.0,-77.0
1777889543.8253324,1.0,-6.0,-79.0
1777889543.8353324,4.0,-9.0,-84.0
1777889543.8453324,5.0,-4.0,-76.0
1777889543.8553324,8.0,-3.0,-77.0
1777889543.8653324,8.0,-1.0,-77.0
1777889543.8753324,2.0,-4.0,-80.0
1777889543.8853323,1.0,-1.0,-77.0
1777889543.8953323,1.0,-1.0,-73.0
1777889543.9053323,1.0,-3.0,-78.0
1777889543.9153323,1.0,0.0,-83.0
1777889543.9253323,1.0,1.0,-81.0
1777889543.9353323,3.0,0.0,-75.0
1777889543.9453323,4.0,0.0,-77.0
1777889543.9553325,0.0,0.0,-78.0
1777889543.9653325,0.0,-1.0,-76.0
1777889543.9753325,3.0,-2.0,-76.0
1777889543.9853325,5.0,1.0,-76.0
1777889543.9953325,5.0,-2.0,-81.0
1777889544.0053325,4.0,-4.0,-80.0
1777889544.0153325,3.0,-2.0,-76.0
1777889544.0253325,6.0,-2.0,-75.0
1777889544.0353324,4.0,-2.0,-72.0
1777889544.0453324,2.0,0.0,-70.0
1777889544.0553324,-1.0,0.0,-72.0
1777889544.0653324,1.0,-1.0,-68.0
1777889544.0753324,-3.0,-1.0,-71.0
1777889544.0853324,-3.0,0.0,-68.0
1777889544.0953324,2.0,0.0,-74.0
1777889544.1053324,0.0,2.0,-81.0
1777889544.1153324,-1.0,3.0,-78.0
1777889544.1253324,0.0,0.0,-80.0
1777889544.1353323,0.0,-3.0,-81.0
1777889544.1453323,-3.0,-4.0,-76.0
1777889544.1553323,0.0,-3.0,-71.0
1777889544.1653323,4.0,-4.0,-72.0
1777889544.1753323,5.0,-5.0,-72.0
1777889544.1863325,2.0,-2.0,-71.0
1777889544.1953323,3.0,-5.0,-67.0
1777889544.2063324,7.0,-4.0,-67.0
1777889544.2153325,6.0,-4.0,-75.0
1777889544.2263324,5.0,-5.0,-77.0
1777889544.2363324,10.0,-3.0,-67.0
1777889544.2463324,9.0,1.0,-67.0
1777889544.2563324,9.0,4.0,-69.0
1777889544.2653325,8.0,0.0,-67.0
1777889544.2763324,0.0,-2.0,-66.0
1777889544.2863324,0.0,3.0,-70.0
1777889544.2963324,0.0,8.0,-70.0
1777889544.3063323,-1.0,5.0,-70.0
1777889544.3163323,-1.0,2.0,-76.0
1777889544.3263323,-3.0,-1.0,-69.0
1777889544.3363323,-7.0,-4.0,-69.0
1777889544.3463323,-3.0,-2.0,-73.0
1777889544.3563323,0.0,-1.0,-77.0
1777889544.3663323,0.0,1.0,-80.0
1777889544.3763323,-2.0,0.0,-84.0
1777889544.3863325,-4.0,5.0,-86.0
1777889544.3963325,-6.0,6.0,-82.0
1777889544.4063325,-1.0,3.0,-72.0
1777889544.4163325,2.0,0.0,-69.0
1777889544.4263325,-4.0,-1.0,-70.0
1777889544.4363325,-3.0,-1.0,-70.0
1777889544.4463325,-5.0,-5.0,-62.0
1777889544.4563324,-1.0,-9.0,-62.0
1777889544.4663324,0.0,-6.0,-60.0
1777889544.4763324,-1.0,-7.0,-66.0
1777889544.4863324,-2.0,-4.0,-70.0
1777889544.4963324,-1.0,-3.0,-75.0
1777889544.5063324,-2.0,-2.0,-73.0
1777889544.5163324,-3.0,-3.0,-67.0
1777889544.5263324,-1.0,-5.0,-66.0
1777889544.5363324,-1.0,-1.0,-70.0
1777889544.5463324,-4.0,-2.0,-70.0
1777889544.5563323,-3.0,0.0,-71.0
1777889544.5663323,0.0,0.0,-67.0
1777889544.5763323,-2.0,0.0,-63.0
1777889544.5863323,-5.0,3.0,-65.0
1777889544.5963323,-7.0,0.0,-66.0
1777889544.6063323,-4.0,-2.0,-73.0
1777889544.6163323,-4.0,-1.0,-79.0
1777889544.6263323,-7.0,1.0,-80.0
1777889544.6363325,-3.0,2.0,-75.0
1777889544.6463325,-3.0,4.0,-77.0
1777889544.6563325,-3.0,3.0,-76.0
1777889544.6663325,1.0,2.0,-79.0
1777889544.6763325,4.0,5.0,-76.0
1777889544.6863325,4.0,7.0,-70.0
1777889544.6963325,5.0,3.0,-67.0
1777889544.7063324,9.0,1.0,-66.0
1777889544.7163324,4.0,1.0,-75.0
1777889544.7263324,0.0,2.0,-76.0
1777889544.7363324,0.0,0.0,-68.0
1777889544.7463324,-4.0,0.0,-68.0
1777889544.7563324,-7.0,-2.0,-70.0
1777889544.7663324,-5.0,1.0,-76.0
1777889544.7763324,-4.0,1.0,-77.0
1777889544.7863324,-1.0,1.0,-80.0
1777889544.7963324,1.0,-1.0,-76.0
1777889544.8063323,-3.0,-4.0,-73.0
1777889544.8163323,-6.0,1.0,-73.0
1777889544.8263323,-3.0,1.0,-81.0
1777889544.8363323,3.0,-2.0,-75.0
1777889544.8463323,4.0,-4.0,-81.0
1777889544.8563323,0.0,-5.0,-85.0
1777889544.8663323,2.0,-5.0,-83.0
1777889544.8763323,5.0,-5.0,-82.0
1777889544.8863325,3.0,-7.0,-76.0
1777889544.8963325,4.0,-9.0,-75.0
1777889544.9063325,2.0,-10.0,-73.0
1777889544.9163325,0.0,-9.0,-71.0
1777889544.9263325,-1.0,-4.0,-70.0
1777889544.9363325,-2.0,-7.0,-72.0
1777889544.9463325,0.0,-5.0,-70.0
1777889544.9563324,1.0,-4.0,-72.0
1777889544.9663324,1.0,-1.0,-77.0
1777889544.9763324,1.0,-4.0,-75.0
1777889544.9863324,0.0,-8.0,-78.0
1777889544.9963324,3.0,-6.0,-79.0
1777889545.0063324,3.0,0.0,-75.0
1777889545.0163324,-2.0,-2.0,-74.0
1777889545.0263324,-1.0,-5.0,-71.0
1777889545.0363324,1.0,-2.0,-77.0
1777889545.0463324,2.0,-1.0,-76.0
1777889545.0563323,3.0,0.0,-66.0
1777889545.0663323,2.0,-1.0,-64.0
1777889545.0763323,2.0,-3.0,-64.0
1777889545.0863323,-3.0,-1.0,-63.0
1777889545.0963323,-1.0,0.0,-69.0
1777889545.1063323,2.0,-1.0,-75.0
1777889545.1163323,6.0,0.0,-72.0
1777889545.1263323,6.0,0.0,-72.0
1777889545.1363325,6.0,-1.0,-66.0
1777889545.1463325,5.0,-1.0,-61.0
1777889545.1563325,1.0,0.0,-62.0
1777889545.1663325,-1.0,1.0,-60.0
1777889545.1763325,1.0,1.0,-63.0
1777889545.1863325,1.0,0.0,-71.0
1777889545.1963325,6.0,1.0,-67.0
1777889545.2063324,6.0,0.0,-61.0
1777889545.2163324,3.0,1.0,-70.0
1777889545.2263324,0.0,0.0,-67.0
1777889545.2363324,-5.0,0.0,-69.0
1777889545.2463324,-1.0,-4.0,-67.0
1777889545.2563324,1.0,-7.0,-67.0
1777889545.2663324,-1.0,-6.0,-66.0
1777889545.2763324,0.0,-10.0,-64.0
1777889545.2863324,0.0,-10.0,-67.0
1777889545.2963324,2.0,-10.0,-74.0
1777889545.3063323,0.0,-6.0,-82.0
1777889545.3163323,2.0,-4.0,-81.0
1777889545.3263323,0.0,-1.0,-80.0
1777889545.3363323,1.0,-3.0,-75.0
1777889545.3463323,0.0,-4.0,-80.0
1777889545.3563323,1.0,-6.0,-77.0
1777889545.3663323,-2.0,-7.0,-74.0
1777889545.3763323,-3.0,-10.0,-73.0
1777889545.3863325,-5.0,-14.0,-76.0
1777889545.3963325,-4.0,-12.0,-81.0
1777889545.4063325,-3.0,-7.0,-81.0
1777889545.4163325,-3.0,-5.0,-82.0
1777889545.4263325,-4.0,-2.0,-82.0
1777889545.4363325,-4.0,1.0,-76.0
1777889545.4463325,-3.0,7.0,-78.0
1777889545.4563324,-3.0,4.0,-76.0
1777889545.4663324,-3.0,0.0,-71.0
1777889545.4763324,1.0,-2.0,-74.0
1777889545.4863324,3.0,0.0,-73.0
1777889545.4963324,4.0,0.0,-72.0
1777889545.5063324,5.0,0.0,-74.0
1777889545.5163324,0.0,0.0,-76.0
1777889545.5263324,1.0,1.0,-74.0
1777889545.5363324,0.0,0.0,-72.0
1777889545.5463324,4.0,-1.0,-71.0
1777889545.5563323,0.0,0.0,-73.0
1777889545.5663323,0.0,1.0,-68.0
1777889545.5763323,-1.0,2.0,-77.0
1777889545.5863323,4.0,0.0,-80.0
1777889545.5963323,2.0,0.0,-79.0
1777889545.6063323,1.0,1.0,-78.0
1777889545.6163323,0.0,1.0,-69.0
1777889545.6263323,1.0,0.0,-68.0
1777889545.6363325,-1.0,-3.0,-69.0
1777889545.6463325,-1.0,-4.0,-66.0
1777889545.6563325,2.0,-7.0,-66.0
1777889545.6663325,1.0,-6.0,-74.0
1777889545.6763325,-1.0,-1.0,-72.0
1777889545.6863325,-2.0,-3.0,-77.0
1777889545.6963325,0.0,-6.0,-80.0
1777889545.7063324,1.0,-7.0,-79.0
1777889545.7163324,2.0,-5.0,-82.0
1777889545.7263324,-1.0,-2.0,-82.0
1777889545.7363324,-1.0,-4.0,-76.0
1777889545.7463324,-1.0,-8.0,-71.0
1777889545.7563324,1.0,-8.0,-70.0
1777889545.7663324,0.0,-7.0,-70.0
1777889545.7763324,4.0,-6.0,-76.0
1777889545.7863324,1.0,-7.0,-77.0
1777889545.7963324,0.0,-8.0,-72.0
1777889545.8063323,-4.0,-8.0,-67.0
1777889545.8163323,-3.0,-8.0,-70.0
1777889545.8263323,-2.0,-8.0,-71.0
1777889545.8363323,0.0,-8.0,-69.0
1777889545.8463323,0.0,-4.0,-71.0
1777889545.8563323,3.0,-1.0,-69.0
1777889545.8663323,4.0,1.0,-70.0
1777889545.8763323,2.0,0.0,-70.0
1777889545.8863325,0.0,-2.0,-73.0
1777889545.8963325,4.0,-1.0,-77.0
1777889545.9063325,4.0,-3.0,-80.0
1777889545.9163325,5.0,0.0,-79.0
1777889545.9263325,3.0,0.0,-79.0
1777889545.9363325,5.0,0.0,-79.0
1777889545.9463325,1.0,0.0,-78.0
1777889545.9563324,5.0,-3.0,-77.0
1777889545.9663324,8.0,-7.0,-77.0
1777889545.9763324,5.0,-5.0,-83.0
1777889545.9863324,7.0,-7.0,-89.0
1777889545.9963324,4.0,0.0,-84.0
1777889546.0063324,0.0,-1.0,-85.0
1777889546.0163324,0.0,-1.0,-79.0
1777889546.0263324,3.0,-2.0,-73.0
1777889546.0363324,0.0,-6.0,-67.0
1777889546.0463324,0.0,-7.0,-74.0
1777889546.0563323,0.0,-4.0,-80.0
1777889546.0663323,-3.0,-4.0,-78.0
1777889546.0763323,0.0,-2.0,-77.0
1777889546.0863323,5.0,-1.0,-76.0
1777889546.0963323,8.0,0.0,-78.0
1777889546.1063323,8.0,2.0,-79.0
1777889546.1163323,7.0,0.0,-77.0
1777889546.1263323,4.0,0.0,-74.0
1777889546.1363325,5.0,0.0,-69.0
1777889546.1463325,4.0,7.0,-75.0
1777889546.1563325,8.0,4.0,-73.0
1777889546.1663325,7.0,4.0,-67.0
1777889546.1763325,6.0,4.0,-68.0
1777889546.1863325,6.0,3.0,-66.0
1777889546.1973324,9.0,4.0,-66.0
1777889546.2073324,6.0,8.0,-66.0
1777889546.2173324,4.0,12.0,-63.0
1777889546.2273324,1.0,10.0,-65.0
1777889546.2373323,-1.0,5.0,-68.0
1777889546.2473323,1.0,2.0,-69.0
1777889546.2573323,2.0,3.0,-68.0
1777889546.2673323,1.0,3.0,-71.0
1777889546.2773323,0.0,4.0,-74.0
1777889546.2873323,0.0,2.0,-77.0
1777889546.2973323,-1.0,1.0,-77.0
1777889546.3073325,-1.0,1.0,-78.0
1777889546.3173325,-1.0,-1.0,-81.0
1777889546.3273325,-1.0,-5.0,-78.0
1777889546.3373325,4.0,-2.0,-72.0
1777889546.3473325,3.0,-1.0,-71.0
1777889546.3573325,3.0,-1.0,-73.0
1777889546.3673325,3.0,-2.0,-73.0
1777889546.3773324,5.0,0.0,-82.0
1777889546.3873324,5.0,2.0,-76.0
1777889546.3973324,4.0,5.0,-75.0
1777889546.4073324,4.0,4.0,-81.0
1777889546.4173324,2.0,0.0,-78.0
1777889546.4273324,4.0,0.0,-78.0
1777889546.4373324,3.0,1.0,-73.0
1777889546.4473324,7.0,1.0,-75.0
1777889546.4573324,5.0,0.0,-69.0
1777889546.4673324,0.0,-3.0,-68.0
1777889546.4773324,3.0,-3.0,-78.0
1777889546.4873323,0.0,0.0,-77.0
1777889546.4973323,3.0,1.0,-76.0
1777889546.5073323,2.0,-1.0,-75.0
1777889546.5173323,-3.0,0.0,-78.0
1777889546.5273323,-2.0,0.0,-81.0
1777889546.5373323,0.0,2.0,-73.0
1777889546.5473323,-1.0,5.0,-70.0
1777889546.5573325,1.0,8.0,-70.0
1777889546.5673325,0.0,2.0,-69.0
1777889546.5773325,0.0,0.0,-72.0
1777889546.5873325,-1.0,3.0,-75.0
1777889546.5973325,-1.0,6.0,-76.0
1777889546.6073325,-2.0,6.0,-76.0
1777889546.6173325,3.0,2.0,-79.0
1777889546.6273324,1.0,0.0,-80.0
1777889546.6373324,0.0,0.0,-82.0
1777889546.6473324,3.0,-2.0,-86.0
1777889546.6573324,0.0,-5.0,-81.0
1777889546.6673324,3.0,-7.0,-82.0
1777889546.6773324,7.0,-5.0,-79.0
1777889546.6873324,10.0,0.0,-79.0
1777889546.6973324,9.0,-1.0,-77.0
1777889546.7073324,2.0,0.0,-83.0
1777889546.7173324,-3.0,-2.0,-82.0
1777889546.7273324,-1.0,0.0,-80.0
1777889546.7373323,1.0,0.0,-78.0
1777889546.7473323,0.0,1.0,-75.0
1777889546.7573323,-1.0,-4.0,-75.0
1777889546.7673323,0.0,-7.0,-67.0
1777889546.7773323,0.0,-9.0,-68.0
1777889546.7873323,2.0,-3.0,-64.0
1777889546.7973323,0.0,2.0,-71.0
1777889546.8073325,0.0,2.0,-71.0
1777889546.8173325,0.0,-2.0,-69.0
1777889546.8273325,0.0,-6.0,-67.0
1777889546.8373325,6.0,-6.0,-71.0
1777889546.8473325,9.0,-3.0,-71.0
1777889546.8573325,6.0,-3.0,-75.0
1777889546.8673325,4.0,-2.0,-69.0
1777889546.8773324,7.0,0.0,-72.0
1777889546.8873324,5.0,3.0,-71.0
1777889546.8973324,6.0,0.0,-72.0
1777889546.9073324,4.0,3.0,-76.0
1777889546.9173324,7.0,0.0,-80.0
1777889546.9273324,5.0,0.0,-76.0
1777889546.9373324,3.0,-3.0,-77.0
1777889546.9473324,3.0,0.0,-69.0
1777889546.9573324,6.0,0.0,-70.0
1777889546.9673324,6.0,0.0,-69.0
1777889546.9773324,4.0,-5.0,-65.0
1777889546.9873323,5.0,-4.0,-65.0
1777889546.9973323,-1.0,-3.0,-61.0
1777889547.0073323,2.0,-8.0,-66.0
1777889547.0173323,2.0,-9.0,-70.0
1777889547.0273323,0.0,-4.0,-73.0
1777889547.0373323,0.0,1.0,-82.0
1777889547.0473323,0.0,0.0,-82.0
1777889547.0573325,0.0,-2.0,-83.0
1777889547.0673325,2.0,0.0,-79.0
1777889547.0773325,1.0,5.0,-84.0
1777889547.0873325,1.0,6.0,-88.0
1777889547.0973325,-4.0,2.0,-88.0
1777889547.1073325,-5.0,1.0,-80.0
1777889547.1173325,-4.0,-1.0,-68.0
1777889547.1273324,-3.0,0.0,-72.0
1777889547.1373324,-1.0,-3.0,-75.0
1777889547.1473324,2.0,-7.0,-77.0
1777889547.1573324,4.0,-4.0,-75.0
1777889547.1673324,3.0,-1.0,-75.0
1777889547.1773324,2.0,0.0,-77.0
1777889547.1873324,0.0,-1.0,-72.0
1777889547.1973324,1.0,3.0,-78.0
1777889547.2073324,0.0,3.0,-82.0
1777889547.2173324,-5.0,2.0,-80.0
1777889547.2273324,-8.0,3.0,-86.0
1777889547.2373323,-7.0,5.0,-89.0
1777889547.2473323,-2.0,5.0,-86.0
1777889547.2573323,0.0,3.0,-81.0
1777889547.2673323,-4.0,3.0,-80.0
1777889547.2773323,0.0,4.0,-80.0
1777889547.2873323,1.0,0.0,-77.0
1777889547.2973323,0.0,0.0,-77.0
1777889547.3073325,2.0,5.0,-78.0
1777889547.3173325,0.0,6.0,-71.0
1777889547.3273325,1.0,7.0,-72.0
1777889547.3373325,5.0,10.0,-76.0
1777889547.3473325,4.0,9.0,-81.0
1777889547.3573325,4.0,5.0,-75.0
1777889547.3673325,7.0,0.0,-73.0
1777889547.3773324,6.0,-4.0,-70.0
1777889547.3873324,2.0,-5.0,-75.0
1777889547.3973324,7.0,-7.0,-75.0
1777889547.4073324,7.0,-3.0,-67.0
1777889547.4173324,8.0,-6.0,-69.0
1777889547.4273324,5.0,-1.0,-68.0
1777889547.4373324,3.0,-3.0,-76.0
1777889547.4473324,4.0,-2.0,-78.0
1777889547.4573324,2.0,-1.0,-79.0
1777889547.4673324,1.0,-4.0,-84.0
1777889547.4773324,1.0,-6.0,-88.0
1777889547.4873323,0.0,-6.0,-84.0
1777889547.4973323,0.0,-3.0,-83.0
1777889547.5073323,-2.0,-1.0,-77.0
1777889547.5173323,-4.0,1.0,-72.0
1777889547.5273323,-1.0,1.0,-76.0
1777889547.5373323,-6.0,4.0,-74.0
1777889547.5473323,-6.0,0.0,-74.0
1777889547.5573325,-5.0,0.0,-76.0
1777889547.5673325,-6.0,3.0,-72.0
1777889547.5773325,-4.0,-1.0,-68.0
1777889547.5873325,-3.0,0.0,-73.0
1777889547.5973325,0.0,0.0,-76.0
1777889547.6073325,0.0,0.0,-77.0
1777889547.6173325,-1.0,0.0,-79.0
1777889547.6273324,2.0,-1.0,-82.0
1777889547.6373324,3.0,-4.0,-81.0
1777889547.6473324,1.0,-3.0,-84.0
1777889547.6573324,1.0,0.0,-82.0
1777889547.6673324,2.0,0.0,-83.0
1777889547.6773324,1.0,0.0,-87.0
1777889547.6873324,1.0,2.0,-87.0
1777889547.6973324,-2.0,1.0,-84.0
1777889547.7073324,-2.0,0.0,-79.0
1777889547.7173324,0.0,-1.0,-75.0
1777889547.7273324,2.0,-4.0,-78.0
1777889547.7373323,1.0,-8.0,-82.0
1777889547.7473323,-1.0,-6.0,-77.0
1777889547.7573323,-2.0,-2.0,-82.0
1777889547.7673323,1.0,0.0,-83.0
1777889547.7773323,4.0,0.0,-79.0
1777889547.7873323,4.0,-1.0,-79.0
1777889547.7973323,2.0,1.0,-73.0
1777889547.8073325,1.0,2.0,-67.0
1777889547.8173325,0.0,3.0,-67.0
1777889547.8273325,3.0,0.0,-67.0
1777889547.8373325,-3.0,-3.0,-80.0
1777889547.8473325,0.0,-5.0,-76.0
1777889547.8573325,3.0,0.0,-69.0
1777889547.8673325,5.0,2.0,-68.0
1777889547.8773324,3.0,1.0,-66.0
1777889547.8873324,2.0,3.0,-73.0
1777889547.8973324,-3.0,4.0,-71.0
1777889547.9073324,-3.0,4.0,-74.0
1777889547.9173324,-3.0,6.0,-72.0
1777889547.9273324,0.0,1.0,-74.0
1777889547.9373324,-4.0,-3.0,-82.0
1777889547.9473324,-2.0,-1.0,-80.0
1777889547.9573324,-2.0,-2.0,-72.0
1777889547.9673324,-3.0,-7.0,-71.0
1777889547.9773324,0.0,0.0,-79.0
1777889547.9883325,-6.0,0.0,-71.0
1777889547.9973323,-6.0,7.0,-75.0
1777889548.0073323,-5.0,6.0,-73.0
1777889548.0173323,-5.0,3.0,-64.0
1777889548.0273323,-6.0,0.0,-69.0
1777889548.0373323,-2.0,0.0,-70.0
1777889548.0473323,0.0,-1.0,-71.0
1777889548.0573325,-1.0,-1.0,-77.0
1777889548.0673325,0.0,2.0,-82.0
1777889548.0773325,-1.0,2.0,-71.0
1777889548.0873325,-5.0,5.0,-72.0
1777889548.0973325,-3.0,8.0,-74.0
1777889548.1073325,-2.0,5.0,-74.0
1777889548.1173325,-1.0,1.0,-73.0
1777889548.1273324,-3.0,8.0,-83.0
1777889548.1373324,-7.0,4.0,-81.0
1777889548.1483324,-3.0,4.0,-77.0
1777889548.1573324,-5.0,1.0,-74.0
1777889548.1673324,-1.0,3.0,-70.0
1777889548.1783323,-3.0,5.0,-74.0
1777889548.1883323,3.0,3.0,-74.0
1777889548.1983323,-2.0,1.0,-78.0
1777889548.2083323,0.0,-1.0,-81.0
1777889548.2183323,-2.0,-2.0,-77.0
1777889548.2283323,-4.0,0.0,-75.0
1777889548.2383325,-2.0,0.0,-72.0
1777889548.2483325,-1.0,-1.0,-74.0
1777889548.2583325,-2.0,0.0,-70.0
1777889548.2683325,-3.0,0.0,-72.0
1777889548.2783325,-5.0,5.0,-72.0
1777889548.2883325,0.0,5.0,-75.0
1777889548.2983325,0.0,6.0,-70.0
1777889548.3083324,0.0,4.0,-69.0
1777889548.3183324,0.0,2.0,-61.0
1777889548.3283324,5.0,2.0,-67.0
1777889548.3383324,4.0,1.0,-70.0
1777889548.3483324,5.0,-2.0,-65.0
1777889548.3583324,2.0,-3.0,-66.0
1777889548.3683324,3.0,-2.0,-66.0
1777889548.3783324,3.0,-3.0,-67.0
1777889548.3883324,4.0,-2.0,-66.0
1777889548.3983324,0.0,-2.0,-66.0
1777889548.4083323,-3.0,0.0,-77.0
1777889548.4183323,-4.0,0.0,-76.0
1777889548.4283323,-8.0,1.0,-76.0
1777889548.4383323,-4.0,3.0,-76.0
1777889548.4483323,1.0,4.0,-73.0
1777889548.4583323,0.0,4.0,-72.0
1777889548.4683323,0.0,4.0,-75.0
1777889548.4783323,0.0,3.0,-67.0
1777889548.4883325,4.0,4.0,-66.0
1777889548.4983325,1.0,1.0,-71.0
1777889548.5083325,2.0,0.0,-69.0
1777889548.5183325,6.0,-4.0,-65.0
1777889548.5283325,3.0,-2.0,-67.0
1777889548.5383325,-2.0,-1.0,-70.0
1777889548.5483325,3.0,0.0,-68.0
1777889548.5583324,6.0,-4.0,-70.0
1777889548.5683324,4.0,-1.0,-73.0
1777889548.5783324,0.0,3.0,-71.0
1777889548.5883324,-3.0,8.0,-74.0
1777889548.5983324,-2.0,6.0,-77.0
1777889548.6083324,-2.0,7.0,-81.0
1777889548.6183324,2.0,0.0,-81.0
1777889548.6283324,3.0,-2.0,-82.0
1777889548.6383324,3.0,-2.0,-81.0
1777889548.6483324,1.0,0.0,-76.0
1777889548.6583323,2.0,0.0,-75.0
1777889548.6683323,4.0,-3.0,-79.0
1777889548.6783323,3.0,-1.0,-79.0
1777889548.6883323,1.0,-2.0,-74.0
1777889548.6983323,-1.0,-3.0,-73.0
1777889548.7083323,2.0,-3.0,-71.0
1777889548.7183323,-1.0,-4.0,-74.0
1777889548.7283323,0.0,-3.0,-74.0
1777889548.7383325,4.0,-7.0,-74.0
1777889548.7483325,7.0,-10.0,-71.0
1777889548.7583325,2.0,-7.0,-71.0
1777889548.7683325,5.0,-5.0,-75.0
1777889548.7783325,4.0,-1.0,-73.0
1777889548.7883325,6.0,-4.0,-75.0
1777889548.7983325,3.0,-6.0,-73.0
1777889548.8083324,3.0,-3.0,-71.0
1777889548.8183324,6.0,-7.0,-69.0
1777889548.8283324,9.0,-8.0,-72.0
1777889548.8383324,5.0,-13.0,-70.0
1777889548.8483324,4.0,-14.0,-64.0
1777889548.8583324,3.0,-11.0,-66.0
1777889548.8683324,5.0,-7.0,-70.0
1777889548.8783324,6.0,-6.0,-66.0
1777889548.8883324,8.0,-7.0,-73.0
1777889548.8983324,7.0,-3.0,-74.0
1777889548.9083323,4.0,1.0,-74.0
1777889548.9183323,0.0,0.0,-68.0
1777889548.9283323,2.0,0.0,-65.0
1777889548.9383323,2.0,0.0,-69.0
1777889548.9483323,1.0,2.0,-78.0
1777889548.9583323,1.0,4.0,-74.0
1777889548.9683323,6.0,3.0,-76.0
1777889548.9783323,6.0,4.0,-84.0
1777889548.9883325,1.0,3.0,-85.0
1777889548.9983325,-1.0,5.0,-82.0
1777889549.0083325,0.0,4.0,-81.0
1777889549.0183325,1.0,2.0,-84.0
1777889549.0283325,4.0,0.0,-82.0
1777889549.0383325,3.0,-1.0,-84.0
1777889549.0483325,1.0,-2.0,-83.0
1777889549.0583324,2.0,-2.0,-84.0
1777889549.0683324,4.0,0.0,-83.0
1777889549.0783324,0.0,2.0,-76.0
1777889549.0883324,0.0,0.0,-79.0
1777889549.0983324,-3.0,1.0,-79.0
1777889549.1083324,-5.0,7.0,-82.0
1777889549.1183324,-5.0,5.0,-79.0
1777889549.1283324,-6.0,7.0,-76.0
1777889549.1383324,-4.0,5.0,-73.0
1777889549.1483324,-4.0,-3.0,-69.0
1777889549.1583323,-2.0,0.0,-75.0
1777889549.1683323,-5.0,3.0,-79.0
1777889549.1783323,-6.0,3.0,-76.0
1777889549.1883323,0.0,3.0,-79.0
1777889549.1983323,1.0,4.0,-81.0
1777889549.2083323,2.0,9.0,-84.0
1777889549.2183323,2.0,8.0,-84.0
1777889549.2283323,0.0,8.0,-79.0
1777889549.2383325,0.0,8.0,-76.0
1777889549.2483325,0.0,2.0,-71.0
1777889549.2583325,0.0,0.0,-76.0
1777889549.2683325,2.0,0.0,-70.0
1777889549.2783325,7.0,-3.0,-68.0
1777889549.2883325,9.0,0.0,-71.0
1777889549.2983325,8.0,-1.0,-69.0
1777889549.3083324,4.0,0.0,-66.0
1777889549.3183324,5.0,2.0,-64.0
1777889549.3283324,6.0,2.0,-67.0
1777889549.3383324,3.0,-1.0,-65.0
1777889549.3483324,2.0,-2.0,-72.0
1777889549.3583324,0.0,-1.0,-72.0
1777889549.3683324,1.0,2.0,-70.0
1777889549.3783324,0.0,1.0,-80.0
1777889549.3883324,3.0,0.0,-86.0
1777889549.3983324,5.0,-4.0,-84.0
1777889549.4083323,2.0,-4.0,-83.0
1777889549.4183323,0.0,-5.0,-80.0
1777889549.4283323,-1.0,-4.0,-77.0
1777889549.4383323,-3.0,-2.0,-85.0
1777889549.4483323,-1.0,-1.0,-81.0
1777889549.4583323,-4.0,0.0,-71.0
1777889549.4683323,-6.0,3.0,-68.0
1777889549.4783323,-1.0,1.0,-69.0
1777889549.4883325,0.0,-3.0,-64.0
1777889549.4983325,1.0,-8.0,-66.0
1777889549.5083325,-3.0,-5.0,-68.0
1777889549.5183325,-2.0,-3.0,-73.0
1777889549.5283325,2.0,-2.0,-77.0
1777889549.5383325,-1.0,-1.0,-80.0
1777889549.5483325,-1.0,-3.0,-76.0
1777889549.5583324,0.0,-5.0,-77.0
1777889549.5683324,-1.0,-5.0,-76.0
1777889549.5783324,7.0,-4.0,-77.0
1777889549.5883324,8.0,-2.0,-78.0
1777889549.5983324,5.0,-5.0,-76.0
1777889549.6083324,2.0,-4.0,-75.0
1777889549.6183324,3.0,-4.0,-76.0
1777889549.6283324,0.0,0.0,-82.0
1777889549.6383324,1.0,-3.0,-89.0
1777889549.6483324,3.0,-1.0,-81.0
1777889549.6583323,4.0,2.0,-79.0
1777889549.6683323,4.0,7.0,-76.0
1777889549.6783323,4.0,4.0,-74.0
1777889549.6883323,9.0,0.0,-86.0
1777889549.6983323,6.0,1.0,-80.0
1777889549.7083323,7.0,2.0,-78.0
1777889549.7183323,8.0,-1.0,-79.0
1777889549.7283323,6.0,0.0,-77.0
1777889549.7383325,0.0,-3.0,-81.0
1777889549.7483325,-2.0,-4.0,-74.0
1777889549.7583325,0.0,1.0,-71.0
1777889549.7683325,3.0,2.0,-71.0
1777889549.7783325,6.0,0.0,-69.0
1777889549.7883325,5.0,0.0,-75.0
1777889549.7983325,4.0,3.0,-72.0
1777889549.8083324,6.0,1.0,-80.0
1777889549.8183324,6.0,0.0,-84.0
1777889549.8283324,4.0,0.0,-79.0
1777889549.8383324,0.0,1.0,-85.0
1777889549.8483324,-1.0,1.0,-81.0
1777889549.8583324,-1.0,2.0,-84.0
1777889549.8683324,-4.0,0.0,-84.0
1777889549.8783324,-2.0,0.0,-91.0
1777889549.8883324,-5.0,-2.0,-82.0
1777889549.8983324,-2.0,-3.0,-82.0
1777889549.9083323,0.0,-5.0,-78.0
1777889549.9183323,2.0,-6.0,-77.0
1777889549.9283323,2.0,-2.0,-78.0
1777889549.9383323,-1.0,-1.0,-78.0
1777889549.9483323,-2.0,0.0,-83.0
1777889549.9583323,-2.0,0.0,-74.0
1777889549.9683323,-3.0,-2.0,-68.0
1777889549.9783323,-2.0,-2.0,-68.0
1777889549.9883325,0.0,2.0,-71.0
1777889549.9983325,-2.0,1.0,-65.0
1777889550.0083325,-1.0,1.0,-64.0
1777889550.0183325,-4.0,4.0,-62.0
1777889550.0283325,-5.0,2.0,-61.0
1777889550.0383325,-7.0,2.0,-67.0
1777889550.0483325,-5.0,1.0,-73.0
1777889550.0583324,-6.0,4.0,-76.0
1777889550.0683324,-1.0,4.0,-74.0
1777889550.0783324,0.0,3.0,-78.0
1777889550.0883324,-1.0,0.0,-84.0
1777889550.0983324,0.0,0.0,-78.0
1777889550.1083324,1.0,0.0,-76.0
1777889550.1183324,2.0,-2.0,-75.0
1777889550.1283324,1.0,0.0,-74.0
1777889550.1393323,0.0,2.0,-72.0
1777889550.1493323,2.0,0.0,-78.0
1777889550.1583323,8.0,-4.0,-84.0
1777889550.1683323,6.0,0.0,-80.0
1777889550.1793325,6.0,0.0,-75.0
1777889550.1893325,5.0,0.0,-73.0
1777889550.1993325,3.0,-1.0,-72.0
1777889550.2093325,3.0,-3.0,-76.0
1777889550.2193325,3.0,-6.0,-69.0
1777889550.2293324,2.0,-6.0,-71.0
1777889550.2393324,2.0,-1.0,-69.0
1777889550.2493324,-2.0,-3.0,-79.0
1777889550.2593324,-4.0,0.0,-79.0
1777889550.2693324,0.0,2.0,-76.0
1777889550.2793324,-1.0,-1.0,-78.0
1777889550.2893324,0.0,-2.0,-75.0
1777889550.2993324,5.0,0.0,-72.0
1777889550.3093324,5.0,-3.0,-70.0
1777889550.3193324,0.0,1.0,-68.0
1777889550.3293324,-1.0,0.0,-65.0
1777889550.3393323,0.0,-1.0,-64.0
1777889550.3493323,3.0,1.0,-64.0
1777889550.3593323,-1.0,2.0,-67.0
1777889550.3693323,-3.0,2.0,-65.0
1777889550.3793323,-6.0,2.0,-73.0
1777889550.3893323,-1.0,0.0,-78.0
1777889550.3993323,-3.0,2.0,-77.0
1777889550.4093325,-2.0,1.0,-80.0
1777889550.4193325,-7.0,1.0,-80.0
1777889550.4293325,-6.0,4.0,-73.0
1777889550.4393325,-4.0,0.0,-67.0
1777889550.4493325,-3.0,0.0,-66.0
1777889550.4593325,-1.0,0.0,-70.0
1777889550.4693325,2.0,2.0,-70.0
1777889550.4793324,0.0,-1.0,-68.0
1777889550.4893324,1.0,-3.0,-69.0
1777889550.4993324,0.0,-6.0,-68.0
1777889550.5093324,-2.0,-1.0,-67.0
1777889550.5193324,-1.0,0.0,-68.0
1777889550.5293324,-2.0,0.0,-72.0
1777889550.5393324,-4.0,0.0,-74.0
1777889550.5493324,-3.0,0.0,-77.0
1777889550.5593324,-9.0,0.0,-78.0
1777889550.5693324,-3.0,5.0,-74.0
1777889550.5793324,1.0,7.0,-75.0
1777889550.5893323,0.0,4.0,-72.0
1777889550.5993323,4.0,3.0,-73.0
1777889550.6093323,2.0,0.0,-73.0
1777889550.6193323,0.0,0.0,-71.0
1777889550.6293323,0.0,0.0,-69.0
1777889550.6393323,0.0,0.0,-65.0
1777889550.6493323,0.0,-2.0,-63.0
1777889550.6593325,-1.0,0.0,-69.0
1777889550.6693325,-4.0,-3.0,-72.0
1777889550.6793325,-1.0,-4.0,-71.0
1777889550.6893325,0.0,0.0,-71.0
1777889550.6993325,0.0,0.0,-72.0
1777889550.7093325,0.0,-2.0,-76.0
1777889550.7193325,0.0,-1.0,-85.0
1777889550.7293324,5.0,-1.0,-89.0
1777889550.7393324,5.0,0.0,-91.0
1777889550.7493324,5.0,1.0,-93.0
1777889550.7593324,4.0,4.0,-92.0
1777889550.7693324,2.0,4.0,-97.0
1777889550.7793324,6.0,2.0,-95.0
1777889550.7893324,0.0,0.0,-88.0
1777889550.7993324,0.0,0.0,-81.0
1777889550.8093324,4.0,-2.0,-77.0
1777889550.8193324,3.0,-4.0,-81.0
1777889550.8293324,1.0,-6.0,-78.0
1777889550.8393323,2.0,-6.0,-72.0
1777889550.8493323,2.0,-5.0,-70.0
1777889550.8593323,4.0,-4.0,-72.0
1777889550.8693323,1.0,-1.0,-72.0
1777889550.8793323,0.0,0.0,-76.0
1777889550.8893323,0.0,0.0,-78.0
1777889550.8993323,3.0,-1.0,-71.0
1777889550.9093325,1.0,-3.0,-70.0
1777889550.9193325,1.0,-1.0,-68.0
1777889550.9293325,0.0,0.0,-65.0
1777889550.9393325,-3.0,2.0,-64.0
1777889550.9493325,0.0,4.0,-71.0
1777889550.9593325,-5.0,5.0,-72.0
1777889550.9693325,-5.0,4.0,-66.0
1777889550.9793324,-2.0,2.0,-68.0
1777889550.9893324,0.0,3.0,-78.0
1777889550.9993324,0.0,0.0,-77.0
1777889551.0093324,2.0,0.0,-71.0
1777889551.0193324,1.0,0.0,-76.0
1777889551.0293324,-2.0,-2.0,-77.0
1777889551.0393324,0.0,0.0,-68.0
1777889551.0493324,0.0,-4.0,-66.0
1777889551.0593324,-1.0,-3.0,-64.0
1777889551.0693324,-3.0,-2.0,-66.0
1777889551.0793324,0.0,0.0,-68.0
1777889551.0893323,2.0,0.0,-62.0
1777889551.0993323,-3.0,0.0,-63.0
1777889551.1093323,-1.0,-1.0,-68.0
1777889551.1193323,-4.0,-1.0,-72.0
1777889551.1293323,-5.0,-1.0,-70.0
1777889551.1393323,-2.0,-2.0,-67.0
1777889551.1493323,2.0,0.0,-74.0
1777889551.1593325,0.0,0.0,-75.0
1777889551.1693325,2.0,-2.0,-69.0
1777889551.1793325,2.0,-2.0,-70.0
1777889551.1893325,2.0,0.0,-71.0
1777889551.1993325,3.0,2.0,-64.0
1777889551.2093325,3.0,3.0,-62.0
1777889551.2193325,2.0,4.0,-71.0
1777889551.2293324,9.0,3.0,-79.0
1777889551.2393324,6.0,0.0,-79.0
1777889551.2493324,1.0,3.0,-77.0
1777889551.2593324,-2.0,0.0,-78.0
1777889551.2693324,0.0,3.0,-75.0
1777889551.2793324,1.0,9.0,-67.0
1777889551.2893324,-1.0,7.0,-63.0
1777889551.2993324,0.0,5.0,-63.0
1777889551.3093324,5.0,5.0,-64.0
1777889551.3193324,5.0,1.0,-68.0
1777889551.3293324,5.0,1.0,-67.0
1777889551.3393323,5.0,1.0,-69.0
1777889551.3493323,3.0,3.0,-75.0
1777889551.3593323,1.0,7.0,-88.0
1777889551.3693323,4.0,6.0,-80.0
1777889551.3793323,0.0,0.0,-78.0
1777889551.3893323,-2.0,-4.0,-85.0
1777889551.3993323,1.0,-5.0,-84.0
1777889551.4093325,2.0,-4.0,-81.0
1777889551.4193325,0.0,-4.0,-79.0
1777889551.4293325,-1.0,-2.0,-77.0
1777889551.4393325,3.0,0.0,-75.0
1777889551.4493325,1.0,1.0,-76.0
1777889551.4593325,2.0,-1.0,-74.0
1777889551.4693325,3.0,0.0,-80.0
1777889551.4793324,0.0,-2.0,-75.0
1777889551.4893324,0.0,-2.0,-76.0
1777889551.4993324,-2.0,-4.0,-79.0
1777889551.5093324,-1.0,-1.0,-79.0
1777889551.5193324,0.0,1.0,-74.0
1777889551.5293324,0.0,1.0,-69.0
1777889551.5393324,1.0,1.0,-72.0
1777889551.5493324,1.0,0.0,-72.0
1777889551.5593324,3.0,3.0,-70.0
1777889551.5693324,7.0,6.0,-71.0
1777889551.5793324,2.0,6.0,-74.0
1777889551.5893323,5.0,6.0,-79.0
1777889551.5993323,1.0,5.0,-82.0
1777889551.6093323,3.0,2.0,-82.0
1777889551.6193323,2.0,0.0,-84.0
1777889551.6293323,-1.0,-2.0,-80.0
1777889551.6393323,-5.0,-4.0,-76.0
1777889551.6493323,-6.0,-4.0,-80.0
1777889551.6593325,-3.0,-6.0,-84.0
1777889551.6693325,-2.0,-5.0,-79.0
1777889551.6793325,-3.0,-3.0,-80.0
1777889551.6893325,-4.0,-4.0,-77.0
1777889551.6993325,-1.0,-2.0,-80.0
1777889551.7093325,0.0,-1.0,-82.0
1777889551.7193325,2.0,-1.0,-83.0
1777889551.7293324,-3.0,0.0,-83.0
1777889551.7393324,-3.0,-1.0,-83.0
1777889551.7493324,-3.0,0.0,-78.0
1777889551.7593324,-2.0,0.0,-81.0
1777889551.7693324,-4.0,1.0,-80.0
1777889551.7793324,0.0,0.0,-81.0
1777889551.7893324,0.0,0.0,-78.0
1777889551.7993324,2.0,-2.0,-76.0
1777889551.8093324,5.0,0.0,-75.0
1777889551.8193324,7.0,1.0,-77.0
1777889551.8293324,8.0,5.0,-78.0
1777889551.8393323,6.0,6.0,-89.0
1777889551.8493323,1.0,7.0,-86.0
1777889551.8593323,-1.0,7.0,-77.0
1777889551.8693323,-2.0,3.0,-70.0
1777889551.8793323,-1.0,2.0,-80.0
1777889551.8893323,2.0,0.0,-80.0
1777889551.8993323,0.0,1.0,-79.0
1777889551.9093325,0.0,5.0,-78.0
1777889551.9193325,2.0,6.0,-78.0
1777889551.9293325,0.0,6.0,-78.0
1777889551.9393325,1.0,5.0,-81.0
1777889551.9493325,0.0,5.0,-79.0
1777889551.9593325,-3.0,3.0,-74.0
1777889551.9693325,-7.0,3.0,-70.0
1777889551.9793324,-9.0,1.0,-78.0
1777889551.9893324,-6.0,-3.0,-83.0
1777889551.9993324,-1.0,-3.0,-85.0
1777889552.0093324,-4.0,-3.0,-86.0
1777889552.0193324,-6.0,0.0,-88.0
1777889552.0293324,-4.0,1.0,-89.0
1777889552.0393324,-5.0,2.0,-90.0
1777889552.0493324,-4.0,3.0,-85.0
1777889552.0593324,-4.0,0.0,-85.0
1777889552.0693324,-2.0,2.0,-81.0
1777889552.0793324,-3.0,0.0,-79.0
1777889552.0893323,-2.0,-6.0,-67.0
1777889552.0993323,0.0,-2.0,-65.0
1777889552.1093323,1.0,1.0,-65.0
1777889552.1193323,0.0,1.0,-63.0
1777889552.1293323,0.0,-5.0,-63.0
1777889552.1393323,-2.0,-8.0,-65.0
1777889552.1503325,0.0,-9.0,-66.0
1777889552.1603324,0.0,-9.0,-70.0
1777889552.1703324,0.0,-5.0,-65.0
1777889552.1803324,0.0,-5.0,-73.0
1777889552.1903324,-2.0,-4.0,-71.0
1777889552.2003324,0.0,-1.0,-74.0
1777889552.2103324,9.0,-1.0,-75.0
1777889552.2203324,6.0,1.0,-78.0
1777889552.2303324,6.0,0.0,-72.0
1777889552.2403324,5.0,0.0,-74.0
1777889552.2503324,3.0,-3.0,-74.0
1777889552.2603323,3.0,0.0,-71.0
1777889552.2703323,3.0,4.0,-73.0
1777889552.2803323,1.0,5.0,-75.0
1777889552.2903323,5.0,5.0,-82.0
1777889552.3003323,5.0,6.0,-78.0
1777889552.3103323,7.0,5.0,-79.0
1777889552.3203323,4.0,4.0,-73.0
1777889552.3303325,0.0,4.0,-72.0
1777889552.3403325,-1.0,2.0,-76.0
1777889552.3503325,1.0,-2.0,-79.0
1777889552.3603325,5.0,-1.0,-75.0
1777889552.3703325,-1.0,1.0,-74.0
1777889552.3803325,-2.0,1.0,-76.0
1777889552.3903325,-5.0,1.0,-76.0
1777889552.4003325,-6.0,3.0,-68.0
1777889552.4103324,-9.0,3.0,-70.0
1777889552.4203324,-9.0,0.0,-67.0
1777889552.4303324,-13.0,0.0,-65.0
1777889552.4403324,-12.0,-4.0,-63.0
1777889552.4503324,-11.0,-8.0,-66.0
1777889552.4603324,-5.0,-7.0,-66.0
1777889552.4703324,-1.0,-5.0,-63.0
1777889552.4803324,0.0,-5.0,-59.0
1777889552.4903324,0.0,-3.0,-66.0
1777889552.5003324,3.0,-3.0,-73.0
1777889552.5103323,10.0,-1.0,-79.0
1777889552.5203323,6.0,-1.0,-78.0
1777889552.5303323,1.0,-5.0,-76.0
1777889552.5403323,-4.0,-5.0,-77.0
1777889552.5503323,-6.0,-6.0,-81.0
1777889552.5603323,-3.0,-1.0,-80.0
1777889552.5703323,0.0,-4.0,-84.0
1777889552.5803325,0.0,-5.0,-79.0
1777889552.5903325,0.0,-4.0,-74.0
1777889552.6003325,0.0,-3.0,-79.0
1777889552.6103325,-3.0,-3.0,-80.0
1777889552.6203325,-4.0,-4.0,-78.0
1777889552.6303325,-1.0,-3.0,-78.0
1777889552.6403325,-3.0,-3.0,-76.0
1777889552.6503325,-5.0,0.0,-76.0
1777889552.6603324,-2.0,-2.0,-77.0
1777889552.6703324,-2.0,-1.0,-77.0
1777889552.6803324,-3.0,-1.0,-78.0
1777889552.6903324,-4.0,-3.0,-78.0
1777889552.7003324,-2.0,0.0,-76.0
1777889552.7103324,0.0,0.0,-78.0
1777889552.7203324,1.0,-4.0,-73.0
1777889552.7303324,-4.0,-3.0,-74.0
1777889552.7403324,-3.0,-6.0,-66.0
1777889552.7503324,-4.0,-6.0,-67.0
1777889552.7603323,-2.0,-1.0,-70.0
1777889552.7703323,-1.0,-3.0,-72.0
1777889552.7803323,-8.0,-5.0,-69.0
1777889552.7903323,-7.0,-3.0,-69.0
1777889552.8013325,-3.0,-4.0,-63.0
1777889552.8103323,0.0,-5.0,-65.0
1777889552.8203323,4.0,-5.0,-64.0
1777889552.8303325,5.0,-4.0,-68.0
1777889552.8403325,1.0,-3.0,-68.0
1777889552.8503325,0.0,-3.0,-65.0
1777889552.8603325,3.0,-3.0,-65.0
1777889552.8703325,1.0,-2.0,-62.0
1777889552.8803325,0.0,-1.0,-61.0
1777889552.8903325,1.0,1.0,-65.0
1777889552.9003325,0.0,0.0,-71.0
1777889552.9103324,2.0,-1.0,-79.0
1777889552.9203324,3.0,0.0,-85.0
1777889552.9303324,2.0,-4.0,-80.0
1777889552.9403324,6.0,0.0,-79.0
1777889552.9503324,6.0,-1.0,-77.0
1777889552.9603324,3.0,0.0,-80.0
1777889552.9703324,0.0,-1.0,-80.0
1777889552.9803324,-1.0,-4.0,-75.0
1777889552.9903324,0.0,-5.0,-77.0
1777889553.0003324,-2.0,-5.0,-79.0
1777889553.0103323,-2.0,-5.0,-82.0
1777889553.0203323,-1.0,-1.0,-83.0
1777889553.0303323,3.0,1.0,-81.0
1777889553.0403323,1.0,0.0,-77.0
1777889553.0503323,-1.0,-3.0,-77.0
1777889553.0603323,1.0,0.0,-79.0
1777889553.0703323,1.0,-1.0,-69.0
1777889553.0803325,-2.0,-3.0,-71.0
1777889553.0903325,-2.0,0.0,-71.0
1777889553.1003325,-2.0,-4.0,-69.0
1777889553.1103325,0.0,-1.0,-70.0
1777889553.1203325,-3.0,3.0,-72.0
1777889553.1303325,-2.0,4.0,-71.0
1777889553.1403325,-1.0,2.0,-72.0
1777889553.1503325,-6.0,-1.0,-77.0
1777889553.1603324,-9.0,0.0,-78.0
1777889553.1703324,-9.0,1.0,-73.0
1777889553.1803324,-8.0,2.0,-74.0
1777889553.1903324,0.0,1.0,-76.0
1777889553.2003324,3.0,2.0,-70.0
1777889553.2103324,0.0,3.0,-71.0
1777889553.2203324,0.0,2.0,-76.0
1777889553.2303324,3.0,0.0,-74.0
1777889553.2403324,4.0,-1.0,-68.0
1777889553.2503324,1.0,0.0,-72.0
1777889553.2603323,0.0,0.0,-72.0
1777889553.2703323,-5.0,-4.0,-76.0
1777889553.2803323,-6.0,-6.0,-77.0
1777889553.2903323,-4.0,-4.0,-74.0
1777889553.3003323,-5.0,-5.0,-73.0
1777889553.3103323,-2.0,0.0,-73.0
1777889553.3203323,0.0,0.0,-72.0
1777889553.3303325,-2.0,-1.0,-74.0
1777889553.3403325,0.0,-3.0,-73.0
1777889553.3503325,3.0,0.0,-75.0
1777889553.3603325,1.0,-2.0,-76.0
1777889553.3703325,-2.0,-4.0,-74.0
1777889553.3803325,-3.0,-1.0,-72.0
1777889553.3903325,-6.0,2.0,-70.0
1777889553.4003325,-6.0,4.0,-66.0
1777889553.4103324,0.0,5.0,-72.0
1777889553.4203324,-2.0,3.0,-77.0
1777889553.4303324,1.0,5.0,-75.0
1777889553.4403324,0.0,3.0,-71.0
1777889553.4503324,-1.0,-1.0,-75.0
1777889553.4603324,2.0,-3.0,-80.0
1777889553.4703324,2.0,-5.0,-83.0
1777889553.4803324,1.0,-5.0,-80.0
1777889553.4903324,1.0,-4.0,-72.0
1777889553.5003324,-2.0,-3.0,-72.0
1777889553.5103323,-3.0,2.0,-72.0
1777889553.5203323,-2.0,1.0,-65.0
1777889553.5303323,-2.0,6.0,-72.0
1777889553.5403323,-4.0,4.0,-69.0
1777889553.5503323,0.0,-1.0,-67.0
1777889553.5603323,-1.0,-2.0,-69.0
1777889553.5703323,0.0,0.0,-73.0
1777889553.5803325,5.0,-2.0,-70.0
1777889553.5903325,10.0,-3.0,-77.0
1777889553.6003325,10.0,-2.0,-74.0
1777889553.6103325,9.0,-5.0,-82.0
1777889553.6203325,4.0,-2.0,-80.0
1777889553.6303325,3.0,0.0,-76.0
1777889553.6403325,1.0,0.0,-73.0
1777889553.6503325,-1.0,0.0,-73.0
1777889553.6603324,1.0,-1.0,-75.0
1777889553.6703324,2.0,-5.0,-76.0
1777889553.6803324,-1.0,-5.0,-77.0
1777889553.6903324,0.0,-2.0,-79.0
1777889553.7003324,-2.0,-4.0,-75.0
1777889553.7103324,0.0,-4.0,-76.0
1777889553.7203324,-2.0,-3.0,-78.0
1777889553.7303324,-1.0,1.0,-76.0
1777889553.7403324,0.0,1.0,-82.0
1777889553.7503324,-4.0,0.0,-86.0
1777889553.7603323,-2.0,-6.0,-88.0
1777889553.7703323,-1.0,-6.0,-79.0
1777889553.7803323,-3.0,-7.0,-75.0
1777889553.7903323,-1.0,-9.0,-69.0
1777889553.8003323,0.0,-7.0,-69.0
1777889553.8103323,-1.0,-4.0,-67.0
1777889553.8203323,-5.0,-2.0,-74.0
1777889553.8303325,-6.0,-2.0,-75.0
1777889553.8403325,-6.0,0.0,-68.0
1777889553.8503325,-1.0,1.0,-66.0
1777889553.8603325,1.0,0.0,-68.0
1777889553.8703325,5.0,1.0,-71.0
1777889553.8803325,3.0,4.0,-72.0
1777889553.8903325,4.0,0.0,-71.0
1777889553.9003325,2.0,2.0,-69.0
1777889553.9103324,1.0,-1.0,-71.0
1777889553.9203324,1.0,1.0,-72.0
1777889553.9303324,-2.0,-1.0,-74.0
1777889553.9403324,-3.0,-1.0,-78.0
1777889553.9503324,1.0,0.0,-80.0
1777889553.9603324,5.0,0.0,-80.0
1777889553.9703324,7.0,-1.0,-84.0
1777889553.9803324,3.0,-1.0,-85.0
1777889553.9903324,4.0,-1.0,-85.0
1777889554.0003324,0.0,0.0,-79.0
1777889554.0103323,-1.0,-1.0,-78.0
1777889554.0203323,0.0,0.0,-82.0
1777889554.0303323,0.0,2.0,-81.0
1777889554.0403323,0.0,3.0,-77.0
1777889554.0503323,0.0,3.0,-78.0
1777889554.0603323,1.0,6.0,-78.0
1777889554.0703323,0.0,4.0,-79.0
1777889554.0803325,1.0,1.0,-78.0
1777889554.0903325,6.0,-2.0,-77.0
1777889554.1003325,4.0,0.0,-74.0
1777889554.1103325,1.0,0.0,-74.0
1777889554.1203325,0.0,-1.0,-84.0
1777889554.1303325,4.0,-1.0,-83.0
1777889554.1403325,-1.0,-2.0,-80.0
1777889554.1513324,0.0,0.0,-76.0
1777889554.1613324,-1.0,-2.0,-79.0
1777889554.1713324,0.0,1.0,-72.0
1777889554.1813323,3.0,4.0,-78.0
1777889554.1913323,6.0,3.0,-74.0
1777889554.2013323,2.0,4.0,-73.0
1777889554.2113323,1.0,0.0,-75.0
1777889554.2213323,1.0,0.0,-75.0
1777889554.2313323,-2.0,-2.0,-79.0
1777889554.2413323,-1.0,-4.0,-73.0
1777889554.2513323,-4.0,-5.0,-67.0
1777889554.2613325,0.0,-6.0,-69.0
1777889554.2713325,-2.0,-5.0,-71.0
1777889554.2813325,-3.0,-7.0,-75.0
1777889554.2913325,-3.0,-5.0,-78.0
1777889554.3013325,-10.0,-2.0,-75.0
1777889554.3113325,-8.0,-2.0,-67.0
1777889554.3213325,-2.0,2.0,-72.0
1777889554.3313324,0.0,3.0,-73.0
1777889554.3413324,-3.0,0.0,-75.0
1777889554.3513324,-4.0,0.0,-70.0
1777889554.3613324,-4.0,-2.0,-71.0
1777889554.3713324,-3.0,-5.0,-74.0
1777889554.3813324,-1.0,0.0,-75.0
1777889554.3913324,1.0,4.0,-77.0
1777889554.4013324,-1.0,4.0,-78.0
1777889554.4113324,-3.0,4.0,-78.0
1777889554.4213324,-2.0,-1.0,-78.0
1777889554.4313323,0.0,0.0,-74.0
1777889554.4413323,0.0,2.0,-72.0
1777889554.4513323,0.0,0.0,-80.0
1777889554.4613323,2.0,-5.0,-78.0
1777889554.4713323,3.0,-5.0,-82.0
1777889554.4813323,7.0,-5.0,-74.0
1777889554.4913323,6.0,-7.0,-74.0
1777889554.5013323,8.0,-3.0,-80.0
1777889554.5113325,2.0,-4.0,-82.0
1777889554.5213325,-2.0,-5.0,-80.0
1777889554.5313325,-4.0,-2.0,-80.0
1777889554.5413325,-4.0,-3.0,-81.0
1777889554.5513325,-4.0,0.0,-79.0
1777889554.5613325,1.0,-2.0,-79.0
1777889554.5713325,-2.0,0.0,-79.0
1777889554.5813324,0.0,-2.0,-79.0
1777889554.5913324,-2.0,-5.0,-78.0
1777889554.6013324,-1.0,-6.0,-77.0
1777889554.6113324,0.0,-7.0,-83.0
1777889554.6213324,2.0,-3.0,-79.0
1777889554.6313324,4.0,-1.0,-76.0
1777889554.6413324,6.0,-1.0,-72.0
1777889554.6513324,5.0,-1.0,-73.0
1777889554.6613324,0.0,0.0,-68.0
1777889554.6713324,-1.0,2.0,-69.0
1777889554.6813323,2.0,-1.0,-70.0
1777889554.6913323,0.0,-2.0,-67.0
1777889554.7013323,-2.0,-1.0,-67.0
1777889554.7113323,0.0,1.0,-69.0
1777889554.7213323,0.0,5.0,-65.0
1777889554.7313323,0.0,2.0,-68.0
1777889554.7413323,-1.0,0.0,-73.0
1777889554.7513323,-3.0,-1.0,-77.0
1777889554.7613325,1.0,1.0,-76.0
1777889554.7713325,2.0,2.0,-81.0
1777889554.7813325,1.0,2.0,-83.0
1777889554.7913325,0.0,-3.0,-83.0
1777889554.8013325,3.0,-1.0,-83.0
1777889554.8113325,0.0,-3.0,-82.0
1777889554.8213325,-3.0,0.0,-81.0
1777889554.8313324,-5.0,-1.0,-78.0
1777889554.8413324,-5.0,2.0,-81.0
1777889554.8513324,-3.0,-1.0,-74.0
1777889554.8613324,-2.0,-3.0,-69.0
1777889554.8713324,-3.0,-3.0,-69.0
1777889554.8813324,0.0,-4.0,-74.0
1777889554.8913324,0.0,-8.0,-81.0
1777889554.9013324,-2.0,-9.0,-84.0
1777889554.9113324,-3.0,-11.0,-79.0
1777889554.9213324,-1.0,-12.0,-77.0
1777889554.9313323,0.0,-10.0,-77.0
1777889554.9413323,3.0,-7.0,-75.0
1777889554.9513323,0.0,-2.0,-79.0
1777889554.9613323,2.0,-1.0,-79.0
1777889554.9713323,1.0,1.0,-77.0
1777889554.9813323,1.0,0.0,-75.0
1777889554.9913323,6.0,-3.0,-77.0
1777889555.0013323,9.0,-4.0,-74.0
1777889555.0113325,10.0,-2.0,-73.0
1777889555.0213325,10.0,2.0,-69.0
1777889555.0313325,14.0,-3.0,-70.0
1777889555.0413325,11.0,-2.0,-75.0
1777889555.0513325,6.0,0.0,-80.0
1777889555.0613325,5.0,0.0,-86.0
1777889555.0713325,0.0,0.0,-94.0
1777889555.0813324,-5.0,4.0,-87.0
1777889555.0913324,-5.0,6.0,-82.0
1777889555.1013324,-8.0,7.0,-81.0
1777889555.1113324,-3.0,4.0,-79.0
1777889555.1213324,-1.0,4.0,-74.0
1777889555.1313324,-3.0,1.0,-73.0
1777889555.1413324,-4.0,-3.0,-71.0
1777889555.1513324,0.0,0.0,-72.0
1777889555.1613324,-1.0,3.0,-71.0
1777889555.1713324,0.0,0.0,-71.0
1777889555.1813323,3.0,0.0,-69.0
1777889555.1913323,4.0,-3.0,-61.0
1777889555.2013323,3.0,-2.0,-67.0
1777889555.2113323,1.0,-3.0,-68.0
1777889555.2213323,0.0,-2.0,-68.0
1777889555.2313323,4.0,-3.0,-71.0
1777889555.2413323,6.0,1.0,-65.0
1777889555.2513323,1.0,0.0,-65.0
1777889555.2613325,1.0,5.0,-70.0
1777889555.2713325,5.0,2.0,-74.0
1777889555.2813325,3.0,0.0,-72.0
1777889555.2913325,0.0,0.0,-77.0
1777889555.3013325,0.0,4.0,-76.0
1777889555.3113325,1.0,5.0,-71.0
1777889555.3213325,-2.0,3.0,-68.0
1777889555.3313324,4.0,3.0,-72.0
1777889555.3413324,3.0,0.0,-68.0
1777889555.3513324,3.0,0.0,-74.0
1777889555.3613324,5.0,0.0,-73.0
1777889555.3713324,4.0,-3.0,-77.0
1777889555.3813324,5.0,-10.0,-83.0
1777889555.3913324,1.0,-8.0,-77.0
1777889555.4013324,1.0,-4.0,-68.0
1777889555.4113324,0.0,0.0,-62.0
1777889555.4213324,0.0,2.0,-66.0
1777889555.4313323,0.0,0.0,-73.0
1777889555.4413323,2.0,0.0,-76.0
1777889555.4513323,2.0,0.0,-78.0
1777889555.4613323,0.0,3.0,-79.0
1777889555.4713323,0.0,5.0,-79.0
1777889555.4813323,1.0,3.0,-77.0
1777889555.4913323,0.0,0.0,-79.0
1777889555.5013323,0.0,0.0,-78.0
1777889555.5113325,2.0,-2.0,-81.0
1777889555.5213325,4.0,-3.0,-82.0
1777889555.5313325,2.0,-4.0,-81.0
1777889555.5413325,3.0,-1.0,-82.0
1777889555.5513325,2.0,-2.0,-77.0
1777889555.5613325,1.0,-3.0,-79.0
1777889555.5713325,-4.0,-3.0,-77.0
1777889555.5813324,-3.0,-1.0,-77.0
1777889555.5913324,0.0,3.0,-73.0
1777889555.6013324,4.0,5.0,-71.0
1777889555.6113324,4.0,3.0,-69.0
1777889555.6213324,4.0,-3.0,-68.0
1777889555.6313324,0.0,-6.0,-67.0
1777889555.6413324,5.0,-7.0,-69.0
1777889555.6513324,1.0,-5.0,-71.0
1777889555.6613324,3.0,-1.0,-73.0
1777889555.6713324,3.0,0.0,-69.0
1777889555.6813323,4.0,0.0,-71.0
1777889555.6913323,2.0,-1.0,-70.0
1777889555.7013323,5.0,2.0,-68.0
1777889555.7113323,3.0,7.0,-69.0
1777889555.7213323,8.0,4.0,-68.0
1777889555.7313323,6.0,7.0,-70.0
1777889555.7413323,1.0,6.0,-69.0
1777889555.7513323,2.0,0.0,-69.0
1777889555.7613325,6.0,1.0,-79.0
1777889555.7713325,11.0,0.0,-74.0
1777889555.7813325,4.0,-3.0,-75.0
1777889555.7913325,6.0,-3.0,-80.0
1777889555.8013325,5.0,-5.0,-81.0
1777889555.8113325,5.0,-8.0,-79.0
1777889555.8213325,5.0,-8.0,-78.0
1777889555.8313324,2.0,-6.0,-72.0
1777889555.8413324,2.0,-2.0,-73.0
1777889555.8513324,5.0,-1.0,-76.0
1777889555.8613324,3.0,-2.0,-70.0
1777889555.8713324,3.0,-1.0,-73.0
1777889555.8813324,4.0,-2.0,-73.0
1777889555.8913324,1.0,0.0,-68.0
1777889555.9013324,0.0,1.0,-72.0
1777889555.9113324,-4.0,0.0,-73.0
1777889555.9213324,-6.0,0.0,-82.0
1777889555.9313323,-4.0,0.0,-83.0
1777889555.9413323,-7.0,-4.0,-81.0
1777889555.9513323,3.0,-2.0,-79.0
1777889555.9613323,6.0,0.0,-77.0
1777889555.9713323,4.0,-2.0,-79.0
1777889555.9813323,1.0,-1.0,-79.0
1777889555.9913323,3.0,0.0,-80.0
1777889556.0013323,2.0,-3.0,-78.0
1777889556.0113325,4.0,-2.0,-81.0
1777889556.0213325,3.0,-1.0,-80.0
1777889556.0313325,2.0,0.0,-81.0
1777889556.0413325,0.0,4.0,-86.0
1777889556.0513325,-1.0,1.0,-80.0
1777889556.0613325,-1.0,2.0,-77.0
1777889556.0713325,-2.0,2.0,-77.0
1777889556.0813324,1.0,0.0,-78.0
1777889556.0913324,0.0,0.0,-87.0
1777889556.1013324,1.0,-2.0,-81.0
1777889556.1113324,1.0,-2.0,-87.0
1777889556.1213324,1.0,-2.0,-86.0
1777889556.1323323,4.0,-2.0,-81.0
1777889556.1423323,2.0,-1.0,-82.0
1777889556.1523323,4.0,0.0,-80.0
1777889556.1623323,4.0,1.0,-73.0
1777889556.1723323,3.0,0.0,-71.0
1777889556.1823325,5.0,1.0,-69.0
1777889556.1923325,5.0,1.0,-74.0
1777889556.2023325,2.0,3.0,-81.0
1777889556.2123325,1.0,1.0,-88.0
1777889556.2223325,1.0,1.0,-87.0
1777889556.2323325,-1.0,0.0,-79.0
1777889556.2423325,-3.0,-1.0,-74.0
1777889556.2523324,0.0,1.0,-74.0
1777889556.2623324,1.0,2.0,-68.0
1777889556.2723324,7.0,3.0,-71.0
1777889556.2823324,3.0,5.0,-74.0
1777889556.2923324,6.0,2.0,-79.0
1777889556.3023324,8.0,2.0,-78.0
1777889556.3123324,1.0,0.0,-80.0
1777889556.3223324,-1.0,-2.0,-75.0
1777889556.3323324,-3.0,-2.0,-71.0
1777889556.3423324,-1.0,-5.0,-70.0
1777889556.3523324,0.0,-2.0,-69.0
1777889556.3623323,2.0,-8.0,-74.0
1777889556.3723323,0.0,-7.0,-76.0
1777889556.3823323,4.0,-5.0,-76.0
1777889556.3923323,1.0,-3.0,-74.0
1777889556.4023323,0.0,-3.0,-72.0
1777889556.4123323,2.0,-6.0,-73.0
1777889556.4223323,3.0,-8.0,-71.0
1777889556.4323325,3.0,-8.0,-74.0
1777889556.4423325,4.0,-4.0,-76.0
1777889556.4523325,6.0,-1.0,-81.0
1777889556.4623325,2.0,0.0,-78.0
1777889556.4723325,4.0,-1.0,-81.0
1777889556.4823325,5.0,-3.0,-83.0
1777889556.4923325,6.0,-2.0,-84.0
1777889556.5023324,0.0,-1.0,-84.0
1777889556.5123324,1.0,-1.0,-87.0
1777889556.5223324,3.0,0.0,-86.0
1777889556.5323324,-1.0,-5.0,-79.0
1777889556.5423324,-2.0,-4.0,-83.0
1777889556.5523324,-5.0,-1.0,-86.0
1777889556.5623324,-5.0,3.0,-85.0
1777889556.5723324,-6.0,1.0,-82.0
1777889556.5823324,-8.0,-1.0,-78.0
1777889556.5923324,-5.0,-6.0,-81.0
1777889556.6023324,-3.0,-5.0,-79.0
1777889556.6123323,-5.0,-5.0,-74.0
1777889556.6223323,-3.0,-7.0,-77.0
1777889556.6323323,-6.0,-6.0,-78.0
1777889556.6423323,-2.0,-7.0,-72.0
1777889556.6523323,0.0,-8.0,-70.0
1777889556.6623323,3.0,-7.0,-68.0
1777889556.6723323,0.0,-3.0,-67.0
1777889556.6823325,1.0,-1.0,-73.0
1777889556.6923325,-2.0,0.0,-67.0
1777889556.7023325,-5.0,-2.0,-71.0
1777889556.7123325,-1.0,-5.0,-72.0
1777889556.7223325,1.0,-3.0,-67.0
1777889556.7323325,5.0,0.0,-65.0
1777889556.7423325,2.0,1.0,-71.0
1777889556.7523324,0.0,4.0,-73.0
1777889556.7623324,3.0,5.0,-70.0
1777889556.7723324,0.0,4.0,-65.0
1777889556.7823324,0.0,-4.0,-70.0
1777889556.7923324,-2.0,-6.0,-70.0
1777889556.8023324,-6.0,-6.0,-64.0
1777889556.8123324,-10.0,-3.0,-68.0
1777889556.8223324,-11.0,-4.0,-69.0
1777889556.8323324,-6.0,-3.0,-69.0
1777889556.8423324,-5.0,0.0,-76.0
1777889556.8523324,-2.0,4.0,-80.0
1777889556.8623323,0.0,3.0,-82.0
1777889556.8723323,-1.0,4.0,-78.0
1777889556.8823323,-3.0,3.0,-78.0
1777889556.8923323,-1.0,0.0,-72.0
1777889556.9023323,-2.0,-1.0,-75.0
1777889556.9123323,-1.0,3.0,-78.0
1777889556.9223323,2.0,6.0,-80.0
1777889556.9323325,0.0,0.0,-77.0
1777889556.9423325,2.0,-1.0,-82.0
1777889556.9523325,0.0,0.0,-79.0
1777889556.9623325,-5.0,0.0,-71.0
1777889556.9723325,-2.0,0.0,-75.0
1777889556.9823325,-2.0,2.0,-78.0
1777889556.9923325,0.0,5.0,-77.0
1777889557.0023324,-3.0,6.0,-72.0
1777889557.0123324,-5.0,7.0,-72.0
1777889557.0223324,0.0,8.0,-74.0
1777889557.0323324,-1.0,1.0,-71.0
1777889557.0423324,0.0,1.0,-64.0
1777889557.0523324,-1.0,2.0,-72.0
1777889557.0623324,-1.0,2.0,-78.0
1777889557.0723324,0.0,0.0,-80.0
1777889557.0823324,-8.0,0.0,-83.0
1777889557.0923324,-9.0,-3.0,-82.0
1777889557.1023324,-5.0,-5.0,-89.0
1777889557.1123323,-8.0,-5.0,-86.0
1777889557.1223323,-10.0,-6.0,-85.0
1777889557.1323323,-6.0,-7.0,-79.0
1777889557.1423323,-6.0,-3.0,-74.0
1777889557.1523323,-2.0,-3.0,-72.0
1777889557.1623323,1.0,-4.0,-71.0
1777889557.1723323,5.0,-10.0,-70.0
1777889557.1823325,1.0,-7.0,-78.0
1777889557.1923325,6.0,-6.0,-77.0
1777889557.2023325,6.0,-3.0,-75.0
1777889557.2123325,7.0,-4.0,-76.0
1777889557.2223325,5.0,-5.0,-75.0
1777889557.2323325,9.0,0.0,-78.0
1777889557.2423325,3.0,1.0,-75.0
1777889557.2523324,1.0,1.0,-71.0
1777889557.2623324,-2.0,0.0,-73.0
1777889557.2723324,1.0,-2.0,-75.0
1777889557.2823324,5.0,-2.0,-73.0
1777889557.2923324,0.0,-1.0,-71.0
1777889557.3023324,-1.0,-5.0,-78.0
1777889557.3123324,-4.0,-1.0,-76.0
1777889557.3223324,-4.0,-1.0,-78.0
1777889557.3323324,-1.0,-1.0,-76.0
1777889557.3423324,-4.0,-2.0,-78.0
1777889557.3523324,-5.0,-1.0,-79.0
1777889557.3623323,-6.0,0.0,-75.0
1777889557.3723323,-4.0,-1.0,-75.0
1777889557.3823323,-2.0,2.0,-76.0
1777889557.3923323,-1.0,5.0,-69.0
1777889557.4023323,-2.0,3.0,-73.0
1777889557.4123323,0.0,3.0,-75.0
1777889557.4223323,0.0,-3.0,-78.0
1777889557.4323325,4.0,0.0,-83.0
1777889557.4423325,2.0,2.0,-84.0
1777889557.4523325,5.0,2.0,-84.0
1777889557.4623325,3.0,1.0,-83.0
1777889557.4723325,0.0,-1.0,-75.0
1777889557.4823325,-1.0,-2.0,-75.0
1777889557.4923325,0.0,-6.0,-76.0
1777889557.5023324,-3.0,-4.0,-76.0
1777889557.5123324,-4.0,-6.0,-71.0
1777889557.5223324,-2.0,-7.0,-70.0
1777889557.5323324,0.0,-9.0,-72.0
1777889557.5423324,2.0,-8.0,-71.0
1777889557.5523324,0.0,-4.0,-75.0
1777889557.5623324,0.0,-4.0,-74.0
1777889557.5723324,3.0,-2.0,-71.0
1777889557.5823324,6.0,-2.0,-66.0
1777889557.5923324,5.0,-5.0,-67.0
1777889557.6023324,6.0,-5.0,-75.0
1777889557.6123323,5.0,-5.0,-81.0
1777889557.6223323,6.0,-7.0,-80.0
1777889557.6323323,11.0,-4.0,-79.0
1777889557.6423323,10.0,-5.0,-77.0
1777889557.6523323,8.0,0.0,-75.0
1777889557.6623323,3.0,3.0,-73.0
1777889557.6723323,4.0,4.0,-74.0
1777889557.6823325,3.0,1.0,-78.0
1777889557.6923325,5.0,-3.0,-83.0
1777889557.7023325,4.0,0.0,-82.0
1777889557.7123325,1.0,-3.0,-81.0
1777889557.7223325,3.0,-3.0,-81.0
1777889557.7323325,4.0,-2.0,-78.0
1777889557.7423325,4.0,1.0,-75.0
1777889557.7523324,3.0,9.0,-73.0
1777889557.7623324,4.0,9.0,-70.0
1777889557.7723324,2.0,8.0,-74.0
1777889557.7823324,2.0,5.0,-79.0
1777889557.7923324,-1.0,3.0,-77.0
1777889557.8023324,-3.0,4.0,-76.0
1777889557.8123324,-1.0,6.0,-75.0
1777889557.8223324,0.0,3.0,-73.0
1777889557.8323324,0.0,5.0,-73.0
1777889557.8423324,4.0,3.0,-76.0
1777889557.8523324,2.0,3.0,-73.0
1777889557.8623323,7.0,0.0,-72.0
1777889557.8723323,3.0,1.0,-72.0
1777889557.8823323,4.0,4.0,-69.0
1777889557.8923323,6.0,2.0,-69.0
1777889557.9023323,0.0,-1.0,-71.0
1777889557.9123323,2.0,1.0,-75.0
1777889557.9223323,4.0,4.0,-77.0
1777889557.9323325,4.0,3.0,-80.0
1777889557.9423325,2.0,1.0,-75.0
1777889557.9523325,-3.0,2.0,-79.0
1777889557.9623325,-2.0,1.0,-83.0
1777889557.9723325,-1.0,-1.0,-82.0
1777889557.9823325,0.0,3.0,-78.0
1777889557.9923325,-2.0,5.0,-77.0
1777889558.0023324,-2.0,2.0,-73.0
1777889558.0123324,0.0,6.0,-75.0
1777889558.0223324,1.0,4.0,-71.0
1777889558.0323324,4.0,6.0,-67.0
1777889558.0423324,3.0,8.0,-71.0
1777889558.0523324,5.0,6.0,-68.0
1777889558.0623324,5.0,3.0,-67.0
1777889558.0723324,3.0,3.0,-65.0
1777889558.0833323,4.0,3.0,-63.0
1777889558.0933323,6.0,-2.0,-59.0
1777889558.1033323,3.0,-3.0,-62.0
1777889558.1133325,6.0,-1.0,-70.0
1777889558.1233325,4.0,-1.0,-73.0
1777889558.1333325,7.0,-5.0,-73.0
1777889558.1433325,3.0,-5.0,-78.0
1777889558.1533325,-5.0,-8.0,-82.0
1777889558.1633325,-7.0,-4.0,-80.0
1777889558.1733325,-4.0,-3.0,-73.0
1777889558.1833324,-7.0,-6.0,-68.0
1777889558.1933324,-2.0,-5.0,-64.0
1777889558.2033324,0.0,-6.0,-64.0
1777889558.2133324,2.0,-7.0,-72.0
1777889558.2233324,3.0,-6.0,-71.0
1777889558.2333324,9.0,-6.0,-76.0
1777889558.2433324,9.0,-3.0,-73.0
1777889558.2533324,7.0,-5.0,-74.0
1777889558.2633324,8.0,-5.0,-78.0
1777889558.2733324,4.0,-3.0,-78.0
1777889558.2833323,4.0,4.0,-75.0
1777889558.2933323,0.0,6.0,-71.0
1777889558.3033323,-1.0,4.0,-67.0
1777889558.3133323,-5.0,1.0,-67.0
1777889558.3233323,-4.0,-1.0,-73.0
1777889558.3333323,-3.0,-3.0,-77.0
1777889558.3433323,0.0,-7.0,-82.0
1777889558.3533323,0.0,-4.0,-77.0
1777889558.3633325,0.0,-5.0,-77.0
1777889558.3733325,0.0,-6.0,-76.0
1777889558.3833325,0.0,-3.0,-73.0
1777889558.3933325,-1.0,-4.0,-74.0
1777889558.4033325,1.0,-1.0,-71.0
1777889558.4133325,0.0,-3.0,-74.0
1777889558.4233325,2.0,-4.0,-75.0
1777889558.4333324,6.0,0.0,-78.0
1777889558.4433324,4.0,1.0,-80.0
1777889558.4533324,2.0,1.0,-89.0
1777889558.4633324,2.0,3.0,-89.0
1777889558.4733324,2.0,6.0,-87.0
1777889558.4833324,4.0,10.0,-89.0
1777889558.4933324,1.0,9.0,-87.0
1777889558.5033324,6.0,8.0,-87.0
1777889558.5133324,0.0,6.0,-82.0
1777889558.5233324,-3.0,4.0,-80.0
1777889558.5333323,2.0,9.0,-80.0
1777889558.5433323,1.0,9.0,-76.0
1777889558.5533323,-1.0,5.0,-78.0
1777889558.5633323,-2.0,1.0,-71.0
1777889558.5733323,-4.0,-1.0,-68.0
1777889558.5833323,-7.0,2.0,-67.0
1777889558.5933323,-6.0,1.0,-72.0
1777889558.6033323,-7.0,4.0,-78.0
1777889558.6133325,-9.0,2.0,-78.0
1777889558.6233325,-8.0,8.0,-81.0
1777889558.6333325,-8.0,5.0,-85.0
1777889558.6433325,-7.0,4.0,-80.0
1777889558.6533325,-5.0,4.0,-74.0
1777889558.6633325,-4.0,1.0,-78.0
1777889558.6733325,-6.0,4.0,-75.0
1777889558.6833324,-3.0,0.0,-77.0
1777889558.6933324,1.0,0.0,-73.0
1777889558.7033324,0.0,0.0,-73.0
1777889558.7133324,4.0,0.0,-75.0
1777889558.7233324,4.0,0.0,-77.0
1777889558.7333324,5.0,-3.0,-69.0
1777889558.7433324,5.0,-3.0,-75.0
1777889558.7533324,9.0,-7.0,-82.0
1777889558.7633324,9.0,-9.0,-76.0
1777889558.7733324,5.0,-7.0,-80.0
1777889558.7833323,2.0,-7.0,-78.0
1777889558.7933323,-1.0,-10.0,-81.0
1777889558.8033323,-1.0,-6.0,-88.0
1777889558.8133323,7.0,-4.0,-86.0
1777889558.8233323,7.0,-1.0,-84.0
1777889558.8333323,6.0,0.0,-82.0
1777889558.8433323,8.0,0.0,-78.0
1777889558.8533323,5.0,-2.0,-78.0
1777889558.8633325,2.0,0.0,-75.0
1777889558.8733325,1.0,-1.0,-73.0
1777889558.8833325,0.0,-3.0,-80.0
1777889558.8933325,4.0,-2.0,-76.0
1777889558.9033325,4.0,-3.0,-75.0
1777889558.9133325,2.0,-3.0,-75.0
1777889558.9233325,0.0,-4.0,-72.0
1777889558.9333324,-6.0,-3.0,-71.0
1777889558.9433324,-2.0,0.0,-76.0
1777889558.9533324,1.0,0.0,-85.0
1777889558.9633324,7.0,1.0,-80.0
1777889558.9733324,6.0,3.0,-70.0
1777889558.9833324,4.0,5.0,-74.0
1777889558.9933324,4.0,8.0,-74.0
1777889559.0033324,0.0,7.0,-69.0
1777889559.0133324,3.0,4.0,-69.0
1777889559.0233324,2.0,0.0,-67.0
1777889559.0333323,2.0,-1.0,-67.0
1777889559.0433323,0.0,-1.0,-70.0
1777889559.0533323,0.0,1.0,-68.0
1777889559.0633323,2.0,2.0,-63.0
1777889559.0733323,9.0,1.0,-56.0
1777889559.0833323,8.0,5.0,-56.0
1777889559.0933323,5.0,7.0,-62.0
1777889559.1033323,4.0,3.0,-63.0
1777889559.1133325,4.0,1.0,-61.0
1777889559.1233325,3.0,0.0,-67.0
1777889559.1333325,0.0,-1.0,-75.0
1777889559.1433325,2.0,-5.0,-79.0
1777889559.1533325,3.0,-5.0,-78.0
1777889559.1633325,3.0,-3.0,-78.0
1777889559.1733325,3.0,0.0,-83.0
1777889559.1833324,8.0,0.0,-87.0
1777889559.1933324,7.0,0.0,-93.0
1777889559.2033324,3.0,0.0,-85.0
1777889559.2133324,1.0,3.0,-81.0
1777889559.2233324,-2.0,4.0,-80.0
1777889559.2333324,1.0,2.0,-76.0
1777889559.2433324,5.0,1.0,-72.0
1777889559.2533324,7.0,0.0,-74.0
1777889559.2633324,4.0,0.0,-69.0
1777889559.2733324,3.0,-1.0,-72.0
1777889559.2833323,2.0,-4.0,-75.0
1777889559.2933323,8.0,-6.0,-77.0
1777889559.3033323,3.0,-6.0,-69.0
1777889559.3133323,0.0,-3.0,-70.0
1777889559.3233323,-1.0,-4.0,-69.0
1777889559.3333323,-2.0,-3.0,-73.0
1777889559.3433323,4.0,-4.0,-77.0
1777889559.3533323,6.0,-4.0,-78.0
1777889559.3633325,7.0,-4.0,-77.0
1777889559.3733325,8.0,-1.0,-78.0
1777889559.3833325,5.0,-3.0,-74.0
1777889559.3933325,2.0,-2.0,-75.0
1777889559.4033325,-2.0,0.0,-74.0
1777889559.4133325,-1.0,1.0,-78.0
1777889559.4233325,0.0,-1.0,-76.0
1777889559.4333324,1.0,-4.0,-74.0
1777889559.4433324,4.0,-7.0,-72.0
1777889559.4533324,8.0,-12.0,-75.0
1777889559.4633324,5.0,-14.0,-74.0
1777889559.4733324,6.0,-9.0,-82.0
1777889559.4833324,4.0,-5.0,-84.0
1777889559.4933324,3.0,-4.0,-79.0
1777889559.5033324,4.0,-2.0,-77.0
1777889559.5133324,3.0,2.0,-83.0
1777889559.5233324,3.0,1.0,-81.0
1777889559.5333323,0.0,2.0,-82.0
1777889559.5433323,0.0,1.0,-87.0
1777889559.5533323,-6.0,0.0,-86.0
1777889559.5633323,-3.0,3.0,-89.0
1777889559.5733323,0.0,1.0,-86.0
1777889559.5833323,-4.0,2.0,-82.0
1777889559.5933323,-8.0,4.0,-81.0
1777889559.6033323,-5.0,4.0,-78.0
1777889559.6133325,-2.0,3.0,-81.0
1777889559.6233325,0.0,0.0,-88.0
1777889559.6333325,2.0,6.0,-88.0
1777889559.6433325,1.0,8.0,-83.0
1777889559.6533325,0.0,6.0,-81.0
1777889559.6633325,0.0,2.0,-81.0
1777889559.6733325,-1.0,4.0,-76.0
1777889559.6833324,-6.0,10.0,-78.0
1777889559.6933324,-1.0,4.0,-79.0
1777889559.7033324,0.0,0.0,-75.0
1777889559.7133324,0.0,0.0,-72.0
1777889559.7233324,2.0,2.0,-69.0
1777889559.7333324,3.0,0.0,-70.0
1777889559.7433324,0.0,-3.0,-70.0
1777889559.7533324,0.0,-4.0,-69.0
1777889559.7633324,2.0,-6.0,-72.0
1777889559.7733324,4.0,-7.0,-77.0
1777889559.7833323,1.0,-4.0,-80.0
1777889559.7933323,-2.0,-7.0,-79.0
1777889559.8033323,-1.0,-8.0,-79.0
1777889559.8133323,6.0,-10.0,-77.0
1777889559.8233323,7.0,-7.0,-76.0
1777889559.8333323,1.0,-6.0,-78.0
1777889559.8433323,-3.0,-6.0,-75.0
1777889559.8533323,-9.0,-2.0,-75.0
1777889559.8633325,-8.0,1.0,-72.0
1777889559.8733325,-4.0,7.0,-74.0
1777889559.8833325,-8.0,6.0,-75.0
1777889559.8933325,-5.0,2.0,-79.0
1777889559.9033325,-5.0,0.0,-78.0
1777889559.9133325,-2.0,0.0,-75.0
1777889559.9233325,1.0,0.0,-74.0
1777889559.9333324,-1.0,-1.0,-68.0
1777889559.9433324,-1.0,3.0,-75.0
1777889559.9533324,-2.0,3.0,-69.0
1777889559.9633324,-4.0,3.0,-71.0
1777889559.9733324,-3.0,3.0,-69.0
1777889559.9833324,-3.0,2.0,-74.0
1777889559.9933324,-7.0,-1.0,-69.0
1777889560.0033324,-7.0,0.0,-68.0
1777889560.0133324,-4.0,3.0,-71.0
1777889560.0233324,0.0,7.0,-73.0
1777889560.0333323,0.0,5.0,-76.0
1777889560.0443325,-3.0,1.0,-71.0
1777889560.0543325,-1.0,2.0,-68.0
1777889560.0643325,3.0,5.0,-78.0
1777889560.0743325,2.0,3.0,-77.0
1777889560.0843325,0.0,-1.0,-75.0
1777889560.0943325,-3.0,-1.0,-73.0
1777889560.1043324,-3.0,1.0,-73.0
1777889560.1143324,-4.0,2.0,-69.0
1777889560.1243324,2.0,1.0,-66.0
1777889560.1343324,0.0,0.0,-70.0
1777889560.1443324,0.0,0.0,-71.0
1777889560.1543324,1.0,-2.0,-75.0
1777889560.1643324,-3.0,-1.0,-79.0
1777889560.1743324,-4.0,0.0,-76.0
1777889560.1843324,-1.0,0.0,-72.0
1777889560.1943324,1.0,1.0,-71.0
1777889560.2043324,7.0,-2.0,-73.0
1777889560.2143323,7.0,-2.0,-74.0
1777889560.2243323,4.0,-3.0,-77.0
1777889560.2343323,4.0,-5.0,-75.0
1777889560.2443323,2.0,-3.0,-71.0
1777889560.2543323,0.0,-1.0,-76.0
1777889560.2643323,1.0,1.0,-77.0
1777889560.2743323,-2.0,3.0,-77.0
1777889560.2843325,-3.0,0.0,-72.0
1777889560.2943325,-2.0,0.0,-70.0
1777889560.3043325,-4.0,-2.0,-72.0
1777889560.3143325,-3.0,-1.0,-79.0
1777889560.3243325,0.0,0.0,-84.0
1777889560.3343325,-1.0,-2.0,-88.0
1777889560.3443325,0.0,-2.0,-83.0
1777889560.3543324,-1.0,0.0,-90.0
1777889560.3643324,0.0,0.0,-87.0
1777889560.3743324,3.0,2.0,-86.0
1777889560.3843324,1.0,0.0,-84.0
1777889560.3943324,6.0,4.0,-82.0
1777889560.4043324,5.0,8.0,-82.0
1777889560.4143324,9.0,7.0,-77.0
1777889560.4243324,12.0,1.0,-77.0
1777889560.4343324,9.0,1.0,-78.0
1777889560.4443324,4.0,-2.0,-82.0
1777889560.4543324,1.0,0.0,-77.0
1777889560.4643323,4.0,2.0,-72.0
1777889560.4743323,6.0,4.0,-72.0
1777889560.4843323,2.0,5.0,-75.0
1777889560.4943323,3.0,3.0,-73.0
1777889560.5043323,5.0,1.0,-76.0
1777889560.5143323,5.0,0.0,-79.0
1777889560.5243323,6.0,-3.0,-82.0
1777889560.5343325,6.0,-3.0,-80.0
1777889560.5443325,2.0,-4.0,-75.0
1777889560.5543325,2.0,0.0,-78.0
1777889560.5643325,1.0,0.0,-75.0
1777889560.5743325,0.0,-2.0,-80.0
1777889560.5843325,1.0,-4.0,-79.0
1777889560.5943325,0.0,-9.0,-73.0
1777889560.6043324,-1.0,-13.0,-70.0
1777889560.6143324,0.0,-9.0,-63.0
1777889560.6243324,1.0,-6.0,-65.0
1777889560.6343324,3.0,-6.0,-69.0
1777889560.6443324,10.0,-11.0,-72.0
1777889560.6543324,11.0,-9.0,-74.0
1777889560.6643324,8.0,-11.0,-78.0
1777889560.6743324,4.0,-10.0,-80.0
1777889560.6843324,2.0,-9.0,-83.0
1777889560.6943324,5.0,-10.0,-77.0
1777889560.7043324,7.0,-10.0,-70.0
1777889560.7143323,7.0,-8.0,-68.0
1777889560.7243323,2.0,-4.0,-73.0
1777889560.7343323,-1.0,-3.0,-73.0
1777889560.7443323,0.0,-6.0,-72.0
1777889560.7543323,0.0,-7.0,-71.0
1777889560.7643323,-1.0,-7.0,-75.0
1777889560.7743323,-4.0,-2.0,-79.0
1777889560.7843325,-5.0,0.0,-80.0
1777889560.7943325,-3.0,-3.0,-74.0
1777889560.8043325,-6.0,-3.0,-70.0
1777889560.8143325,-5.0,-4.0,-70.0
1777889560.8243325,-1.0,1.0,-68.0
1777889560.8343325,-1.0,0.0,-63.0
1777889560.8443325,-5.0,0.0,-61.0
1777889560.8543324,-4.0,-1.0,-65.0
1777889560.8643324,-2.0,0.0,-65.0
1777889560.8743324,-1.0,-4.0,-65.0
1777889560.8843324,-2.0,-7.0,-69.0
1777889560.8943324,-4.0,-5.0,-70.0
1777889560.9043324,-2.0,-7.0,-71.0
1777889560.9143324,-4.0,-4.0,-66.0
1777889560.9243324,-2.0,-4.0,-72.0
1777889560.9343324,1.0,-3.0,-68.0
1777889560.9443324,0.0,-4.0,-69.0
1777889560.9543324,0.0,-9.0,-64.0
1777889560.9643323,5.0,-7.0,-66.0
1777889560.9743323,10.0,-5.0,-65.0
1777889560.9843323,8.0,-1.0,-63.0
1777889560.9943323,3.0,0.0,-61.0
1777889561.0043323,4.0,3.0,-59.0
1777889561.0143323,5.0,-1.0,-59.0
1777889561.0243323,1.0,-3.0,-61.0
1777889561.0343325,4.0,-3.0,-62.0
1777889561.0443325,3.0,2.0,-61.0
1777889561.0543325,0.0,0.0,-62.0
1777889561.0643325,2.0,-5.0,-62.0
1777889561.0743325,4.0,-3.0,-67.0
1777889561.0843325,-1.0,-3.0,-67.0
1777889561.0943325,-1.0,-2.0,-64.0
1777889561.1043324,0.0,-5.0,-64.0
1777889561.1143324,9.0,-7.0,-70.0
1777889561.1243324,8.0,-5.0,-68.0
1777889561.1343324,5.0,-1.0,-71.0
1777889561.1443324,5.0,0.0,-76.0
1777889561.1543324,8.0,0.0,-82.0
1777889561.1643324,7.0,0.0,-73.0
1777889561.1743324,4.0,-1.0,-72.0
1777889561.1843324,-1.0,-2.0,-77.0
1777889561.1943324,-4.0,-3.0,-76.0
1777889561.2043324,-3.0,-2.0,-75.0
1777889561.2143323,-2.0,0.0,-72.0
1777889561.2243323,-2.0,3.0,-66.0
1777889561.2343323,1.0,-1.0,-66.0
1777889561.2443323,0.0,0.0,-66.0
1777889561.2543323,0.0,1.0,-67.0
1777889561.2643323,1.0,4.0,-72.0
1777889561.2743323,-1.0,8.0,-71.0
1777889561.2843325,-2.0,2.0,-72.0
1777889561.2943325,-3.0,3.0,-76.0
1777889561.3043325,-2.0,0.0,-72.0
1777889561.3143325,1.0,1.0,-76.0
1777889561.3243325,1.0,-1.0,-71.0
1777889561.3343325,2.0,-1.0,-68.0
1777889561.3443325,2.0,0.0,-67.0
1777889561.3543324,0.0,0.0,-68.0
1777889561.3643324,2.0,1.0,-73.0
1777889561.3743324,2.0,4.0,-72.0
1777889561.3843324,2.0,4.0,-71.0
1777889561.3943324,0.0,3.0,-74.0
1777889561.4043324,4.0,2.0,-78.0
1777889561.4143324,3.0,2.0,-75.0
1777889561.4243324,0.0,2.0,-81.0
1777889561.4343324,0.0,0.0,-84.0
1777889561.4443324,0.0,2.0,-81.0
1777889561.4543324,3.0,1.0,-80.0
1777889561.4643323,3.0,1.0,-79.0
1777889561.4743323,4.0,0.0,-76.0
1777889561.4843323,4.0,-1.0,-65.0
1777889561.4943323,2.0,-1.0,-60.0
1777889561.5043323,4.0,0.0,-61.0
1777889561.5143323,0.0,-5.0,-59.0
1777889561.5243323,-1.0,-5.0,-67.0
1777889561.5343325,-5.0,-2.0,-74.0
1777889561.5443325,-3.0,-2.0,-74.0
1777889561.5543325,-2.0,1.0,-79.0
1777889561.5643325,-1.0,0.0,-86.0
1777889561.5743325,2.0,1.0,-87.0
1777889561.5843325,-1.0,2.0,-83.0
1777889561.5943325,-4.0,5.0,-87.0
1777889561.6043324,-1.0,4.0,-86.0
1777889561.6143324,-1.0,7.0,-91.0
1777889561.6243324,-2.0,7.0,-81.0
1777889561.6343324,0.0,10.0,-75.0
1777889561.6443324,-1.0,5.0,-79.0
1777889561.6543324,3.0,4.0,-75.0
1777889561.6643324,8.0,1.0,-74.0
1777889561.6743324,10.0,3.0,-73.0
1777889561.6843324,6.0,2.0,-76.0
1777889561.6943324,3.0,5.0,-76.0
1777889561.7043324,3.0,3.0,-74.0
1777889561.7143323,-1.0,1.0,-75.0
1777889561.7243323,0.0,1.0,-80.0
1777889561.7343323,0.0,2.0,-74.0
1777889561.7443323,-1.0,0.0,-74.0
1777889561.7543323,3.0,-3.0,-75.0
1777889561.7643323,3.0,-1.0,-76.0
1777889561.7743323,1.0,-2.0,-80.0
1777889561.7843325,0.0,-1.0,-79.0
1777889561.7943325,-4.0,1.0,-76.0
1777889561.8043325,-2.0,6.0,-77.0
1777889561.8143325,0.0,4.0,-80.0
1777889561.8243325,4.0,3.0,-83.0
1777889561.8343325,0.0,4.0,-80.0
1777889561.8443325,2.0,2.0,-78.0
1777889561.8543324,4.0,-1.0,-77.0
1777889561.8643324,5.0,0.0,-69.0
1777889561.8743324,2.0,0.0,-66.0
1777889561.8843324,-3.0,-1.0,-65.0
1777889561.8943324,-3.0,-1.0,-67.0
1777889561.9043324,-3.0,1.0,-64.0
1777889561.9143324,-2.0,4.0,-63.0
1777889561.9243324,0.0,4.0,-62.0
1777889561.9343324,-1.0,5.0,-60.0
1777889561.9443324,3.0,3.0,-66.0
1777889561.9543324,2.0,1.0,-64.0
1777889561.9643323,2.0,2.0,-63.0
1777889561.9743323,6.0,3.0,-65.0
1777889561.9843323,4.0,3.0,-74.0
1777889561.9943323,2.0,6.0,-72.0
1777889562.0043323,3.0,5.0,-73.0
1777889562.0143323,4.0,4.0,-75.0
1777889562.0243323,6.0,6.0,-78.0
1777889562.0353324,1.0,5.0,-77.0
1777889562.0453324,3.0,0.0,-76.0
1777889562.0553324,4.0,-1.0,-75.0
1777889562.0653324,2.0,-2.0,-70.0
1777889562.0743325,1.0,1.0,-70.0
1777889562.0853324,0.0,-1.0,-73.0
1777889562.0953324,2.0,0.0,-70.0
1777889562.1053324,2.0,0.0,-75.0
1777889562.1153324,0.0,-1.0,-71.0
1777889562.1253324,1.0,-2.0,-69.0
1777889562.1353323,0.0,-2.0,-75.0
1777889562.1453323,0.0,-2.0,-72.0
1777889562.1553323,3.0,0.0,-71.0
1777889562.1653323,3.0,0.0,-65.0
1777889562.1753323,5.0,0.0,-62.0
1777889562.1853323,5.0,0.0,-65.0
1777889562.1953323,2.0,-2.0,-68.0
1777889562.2053325,2.0,0.0,-70.0
1777889562.2153325,4.0,0.0,-75.0
1777889562.2253325,6.0,0.0,-70.0
1777889562.2353325,10.0,1.0,-78.0
1777889562.2453325,8.0,0.0,-79.0
1777889562.2553325,10.0,0.0,-75.0
1777889562.2653325,8.0,-2.0,-83.0
1777889562.2753325,6.0,-3.0,-80.0
1777889562.2853324,2.0,-5.0,-79.0
1777889562.2953324,2.0,-8.0,-80.0
1777889562.3053324,2.0,-9.0,-80.0
1777889562.3153324,6.0,-7.0,-81.0
1777889562.3253324,6.0,-7.0,-84.0
1777889562.3353324,3.0,-7.0,-78.0
1777889562.3453324,-1.0,-3.0,-76.0
1777889562.3553324,-6.0,-3.0,-70.0
1777889562.3653324,-2.0,-2.0,-73.0
1777889562.3753324,-2.0,-7.0,-71.0
1777889562.3853323,0.0,-15.0,-74.0
1777889562.3953323,-1.0,-11.0,-77.0
1777889562.4053323,-5.0,-9.0,-78.0
1777889562.4153323,-3.0,-4.0,-82.0
1777889562.4253323,-8.0,-4.0,-81.0
1777889562.4353323,-2.0,-7.0,-78.0
1777889562.4453323,4.0,-8.0,-78.0
1777889562.4553325,4.0,-6.0,-71.0
1777889562.4653325,4.0,-3.0,-64.0
1777889562.4753325,4.0,-3.0,-62.0
1777889562.4853325,4.0,-5.0,-69.0
1777889562.4953325,0.0,-5.0,-69.0
1777889562.5053325,4.0,-5.0,-74.0
1777889562.5153325,2.0,-6.0,-69.0
1777889562.5253325,0.0,-5.0,-60.0
1777889562.5353324,-2.0,2.0,-57.0
1777889562.5453324,-1.0,3.0,-57.0
1777889562.5553324,-2.0,0.0,-58.0
1777889562.5653324,-2.0,0.0,-59.0
1777889562.5753324,-2.0,0.0,-70.0
1777889562.5853324,3.0,-5.0,-75.0
1777889562.5953324,1.0,-7.0,-76.0
1777889562.6053324,-1.0,-5.0,-73.0
1777889562.6153324,-4.0,-5.0,-76.0
1777889562.6253324,-3.0,-7.0,-76.0
1777889562.6353323,-3.0,-8.0,-72.0
1777889562.6453323,-3.0,-9.0,-69.0
1777889562.6553323,3.0,-6.0,-72.0
1777889562.6653323,4.0,-4.0,-73.0
1777889562.6753323,7.0,0.0,-74.0
1777889562.6853323,4.0,0.0,-79.0
1777889562.6953323,2.0,-3.0,-83.0
1777889562.7053325,0.0,-2.0,-80.0
1777889562.7153325,-2.0,-4.0,-81.0
1777889562.7253325,0.0,-7.0,-73.0
1777889562.7353325,2.0,-6.0,-67.0
1777889562.7453325,1.0,-6.0,-70.0
1777889562.7553325,0.0,-6.0,-68.0
1777889562.7653325,-4.0,-4.0,-66.0
1777889562.7753325,-7.0,-6.0,-74.0
1777889562.7853324,-7.0,-4.0,-72.0
1777889562.7953324,-8.0,0.0,-72.0
1777889562.8053324,-9.0,-3.0,-75.0
1777889562.8153324,-10.0,1.0,-75.0
1777889562.8253324,-6.0,1.0,-77.0
1777889562.8353324,-9.0,-1.0,-81.0
1777889562.8453324,-7.0,1.0,-84.0
1777889562.8553324,-7.0,1.0,-81.0
1777889562.8653324,-3.0,2.0,-81.0
1777889562.8753324,0.0,2.0,-81.0
1777889562.8853323,-1.0,6.0,-75.0
1777889562.8953323,1.0,4.0,-74.0
1777889562.9053323,1.0,2.0,-71.0
1777889562.9153323,3.0,0.0,-75.0
1777889562.9253323,6.0,-2.0,-73.0
1777889562.9353323,9.0,0.0,-71.0
1777889562.9453323,10.0,0.0,-68.0
1777889562.9553325,5.0,-2.0,-69.0
1777889562.9653325,1.0,3.0,-70.0
1777889562.9753325,3.0,4.0,-73.0
1777889562.9853325,5.0,3.0,-68.0
1777889562.9953325,4.0,1.0,-65.0
1777889563.0053325,5.0,2.0,-63.0
1777889563.0153325,5.0,9.0,-67.0
1777889563.0253325,10.0,5.0,-70.0
1777889563.0353324,7.0,9.0,-69.0
1777889563.0453324,4.0,4.0,-70.0
1777889563.0553324,4.0,5.0,-66.0
1777889563.0653324,4.0,-1.0,-68.0
1777889563.0753324,4.0,-2.0,-66.0
1777889563.0853324,3.0,-1.0,-67.0
1777889563.0953324,6.0,-2.0,-66.0
1777889563.1053324,3.0,-3.0,-60.0
1777889563.1153324,5.0,-6.0,-56.0
1777889563.1253324,5.0,-6.0,-63.0
1777889563.1353323,6.0,-5.0,-69.0
1777889563.1453323,6.0,-6.0,-78.0
1777889563.1553323,3.0,-4.0,-73.0
1777889563.1653323,-1.0,-1.0,-68.0
1777889563.1753323,0.0,-2.0,-68.0
1777889563.1853323,-2.0,-3.0,-63.0
1777889563.1953323,-2.0,-5.0,-64.0
1777889563.2053325,0.0,-4.0,-69.0
1777889563.2153325,-2.0,-8.0,-70.0
1777889563.2253325,-2.0,-8.0,-74.0
1777889563.2353325,-1.0,-4.0,-72.0
1777889563.2453325,-2.0,-3.0,-70.0
1777889563.2553325,1.0,-2.0,-68.0
1777889563.2653325,0.0,-2.0,-73.0
1777889563.2753325,4.0,0.0,-73.0
1777889563.2853324,9.0,5.0,-70.0
1777889563.2953324,9.0,3.0,-74.0
1777889563.3053324,5.0,3.0,-77.0
1777889563.3153324,6.0,3.0,-85.0
1777889563.3253324,3.0,8.0,-86.0
1777889563.3353324,-1.0,5.0,-78.0
1777889563.3453324,-5.0,1.0,-70.0
1777889563.3553324,-4.0,-2.0,-65.0
1777889563.3653324,-5.0,-1.0,-62.0
1777889563.3753324,-1.0,-4.0,-72.0
1777889563.3853323,3.0,-6.0,-67.0
1777889563.3953323,6.0,-2.0,-73.0
1777889563.4053323,5.0,0.0,-77.0
1777889563.4153323,1.0,-1.0,-77.0
1777889563.4253323,0.0,0.0,-86.0
1777889563.4353323,0.0,-2.0,-82.0
1777889563.4453323,1.0,-5.0,-77.0
1777889563.4553325,2.0,-6.0,-78.0
1777889563.4653325,2.0,-5.0,-76.0
1777889563.4753325,3.0,-1.0,-75.0
1777889563.4853325,2.0,-3.0,-79.0
1777889563.4953325,7.0,-4.0,-82.0
1777889563.5053325,8.0,-2.0,-82.0
1777889563.5153325,3.0,-3.0,-84.0
1777889563.5253325,0.0,-4.0,-82.0
1777889563.5353324,0.0,-1.0,-76.0
1777889563.5453324,-1.0,3.0,-75.0
1777889563.5553324,0.0,4.0,-69.0
1777889563.5653324,-1.0,2.0,-72.0
1777889563.5753324,4.0,0.0,-74.0
1777889563.5853324,5.0,-1.0,-75.0
1777889563.5953324,6.0,4.0,-69.0
1777889563.6053324,6.0,6.0,-69.0
1777889563.6153324,2.0,5.0,-63.0
1777889563.6253324,0.0,6.0,-67.0
1777889563.6353323,0.0,3.0,-79.0
1777889563.6453323,0.0,0.0,-78.0
1777889563.6553323,1.0,-3.0,-78.0
1777889563.6653323,0.0,-2.0,-78.0
1777889563.6753323,1.0,-5.0,-73.0
1777889563.6853323,-1.0,-1.0,-75.0
1777889563.6953323,-6.0,0.0,-79.0
1777889563.7053325,-4.0,2.0,-74.0
1777889563.7153325,3.0,0.0,-65.0
1777889563.7253325,9.0,1.0,-65.0
1777889563.7353325,7.0,1.0,-63.0
1777889563.7453325,1.0,2.0,-64.0
1777889563.7553325,5.0,0.0,-67.0
1777889563.7653325,4.0,0.0,-64.0
1777889563.7753325,3.0,1.0,-62.0
1777889563.7853324,4.0,0.0,-62.0
1777889563.7953324,6.0,0.0,-61.0
1777889563.8053324,2.0,0.0,-68.0
1777889563.8153324,3.0,-3.0,-74.0
1777889563.8253324,7.0,-7.0,-77.0
1777889563.8353324,5.0,-10.0,-74.0
1777889563.8453324,5.0,-7.0,-70.0
1777889563.8553324,0.0,-3.0,-68.0
1777889563.8653324,0.0,-5.0,-68.0
1777889563.8753324,-1.0,-11.0,-67.0
1777889563.8853323,-1.0,-7.0,-70.0
1777889563.8953323,2.0,-4.0,-67.0
1777889563.9053323,0.0,0.0,-66.0
1777889563.9153323,4.0,0.0,-71.0
1777889563.9253323,4.0,-1.0,-67.0
1777889563.9353323,3.0,-3.0,-75.0
1777889563.9453323,7.0,-2.0,-75.0
1777889563.9553325,11.0,-5.0,-76.0
1777889563.9653325,10.0,-4.0,-74.0
1777889563.9753325,5.0,-2.0,-62.0
1777889563.9853325,2.0,-3.0,-59.0
1777889563.9953325,6.0,-3.0,-57.0
1777889564.0063324,1.0,-4.0,-61.0
1777889564.0153325,3.0,-2.0,-71.0
1777889564.0263324,6.0,0.0,-76.0
1777889564.0363324,3.0,-3.0,-74.0
1777889564.0453324,-1.0,-6.0,-76.0
1777889564.0563323,2.0,-2.0,-70.0
1777889564.0663323,3.0,-2.0,-69.0
1777889564.0753324,6.0,0.0,-74.0
1777889564.0863323,6.0,4.0,-80.0
1777889564.0963323,5.0,6.0,-77.0
1777889564.1063323,-1.0,5.0,-82.0
1777889564.1163323,0.0,2.0,-83.0
1777889564.1263323,0.0,1.0,-81.0
1777889564.1363325,0.0,-4.0,-82.0
1777889564.1463325,1.0,-4.0,-80.0
1777889564.1563325,0.0,1.0,-75.0
1777889564.1663325,0.0,-1.0,-84.0
1777889564.1763325,0.0,1.0,-86.0
1777889564.1863325,0.0,1.0,-82.0
1777889564.1963325,-4.0,2.0,-84.0
1777889564.2063324,-4.0,2.0,-78.0
1777889564.2163324,0.0,0.0,-77.0
1777889564.2263324,0.0,0.0,-79.0
1777889564.2363324,1.0,5.0,-78.0
1777889564.2463324,1.0,5.0,-82.0
1777889564.2563324,3.0,4.0,-79.0
1777889564.2663324,9.0,2.0,-79.0
1777889564.2763324,3.0,1.0,-76.0
1777889564.2863324,4.0,0.0,-73.0
1777889564.2963324,2.0,2.0,-75.0
1777889564.3063323,0.0,1.0,-76.0
1777889564.3163323,0.0,2.0,-75.0
1777889564.3263323,-1.0,4.0,-78.0
1777889564.3363323,-5.0,7.0,-86.0
1777889564.3463323,-3.0,7.0,-84.0
1777889564.3563323,3.0,5.0,-82.0
1777889564.3663323,2.0,3.0,-88.0
1777889564.3763323,2.0,4.0,-86.0
1777889564.3863325,5.0,4.0,-83.0
1777889564.3963325,5.0,3.0,-83.0
1777889564.4063325,9.0,1.0,-82.0
1777889564.4163325,9.0,1.0,-76.0
1777889564.4263325,14.0,3.0,-72.0
1777889564.4363325,10.0,-1.0,-76.0
1777889564.4463325,5.0,-4.0,-73.0
1777889564.4563324,5.0,-4.0,-72.0
1777889564.4663324,4.0,-6.0,-76.0
1777889564.4763324,5.0,-9.0,-73.0
1777889564.4863324,4.0,-6.0,-75.0
1777889564.4963324,0.0,-5.0,-73.0
1777889564.5063324,4.0,-3.0,-74.0
1777889564.5163324,6.0,0.0,-68.0
1777889564.5263324,4.0,1.0,-74.0
1777889564.5363324,1.0,-3.0,-73.0
1777889564.5463324,3.0,-6.0,-75.0
1777889564.5563323,0.0,-4.0,-74.0
1777889564.5663323,-3.0,-6.0,-76.0
1777889564.5763323,-7.0,-6.0,-75.0
1777889564.5863323,-3.0,-4.0,-71.0
1777889564.5963323,-3.0,-4.0,-68.0
1777889564.6063323,-3.0,-5.0,-67.0
1777889564.6163323,-5.0,-1.0,-71.0
1777889564.6263323,-4.0,-4.0,-70.0
1777889564.6363325,-5.0,-9.0,-69.0
1777889564.6463325,-8.0,-8.0,-68.0
1777889564.6563325,-6.0,-4.0,-71.0
1777889564.6663325,-8.0,-3.0,-67.0
1777889564.6763325,-7.0,-3.0,-69.0
1777889564.6863325,-6.0,-3.0,-66.0
1777889564.6963325,-7.0,-7.0,-61.0
1777889564.7063324,-7.0,-9.0,-58.0
1777889564.7163324,-7.0,-7.0,-65.0
1777889564.7263324,-3.0,-3.0,-66.0
1777889564.7363324,-3.0,-2.0,-68.0
1777889564.7463324,-3.0,-1.0,-72.0
1777889564.7563324,-7.0,1.0,-70.0
1777889564.7663324,-4.0,0.0,-73.0
1777889564.7763324,-5.0,-1.0,-72.0
1777889564.7863324,-1.0,-2.0,-73.0
1777889564.7963324,0.0,0.0,-70.0
1777889564.8063323,0.0,-4.0,-75.0
1777889564.8163323,2.0,-7.0,-75.0
1777889564.8263323,3.0,-8.0,-77.0
1777889564.8363323,4.0,-4.0,-79.0
1777889564.8463323,0.0,-3.0,-81.0
1777889564.8563323,-4.0,-4.0,-83.0
1777889564.8663323,-4.0,0.0,-86.0
1777889564.8763323,-2.0,0.0,-85.0
1777889564.8863325,-6.0,-2.0,-83.0
1777889564.8963325,-4.0,-4.0,-80.0
1777889564.9063325,-2.0,-7.0,-81.0
1777889564.9163325,0.0,-9.0,-85.0
1777889564.9263325,0.0,-8.0,-87.0
1777889564.9363325,-1.0,-6.0,-83.0
1777889564.9463325,0.0,-1.0,-81.0
1777889564.9563324,4.0,-4.0,-76.0
1777889564.9663324,3.0,-5.0,-75.0
1777889564.9763324,-1.0,0.0,-72.0
1777889564.9873323,0.0,0.0,-77.0
1777889564.9963324,3.0,-2.0,-76.0
1777889565.0063324,4.0,-2.0,-75.0
1777889565.0163324,4.0,0.0,-82.0
1777889565.0263324,4.0,0.0,-78.0
1777889565.0363324,6.0,-1.0,-81.0
1777889565.0463324,6.0,0.0,-81.0
1777889565.0563323,3.0,-2.0,-79.0
1777889565.0663323,-1.0,-5.0,-76.0
1777889565.0763323,0.0,-2.0,-73.0
1777889565.0863323,2.0,0.0,-71.0
1777889565.0963323,3.0,-3.0,-72.0
1777889565.1063323,7.0,-7.0,-70.0
1777889565.1163323,7.0,-8.0,-74.0
1777889565.1263323,6.0,-5.0,-76.0
1777889565.1363325,5.0,-3.0,-78.0
1777889565.1463325,-1.0,2.0,-74.0
1777889565.1563325,-2.0,5.0,-71.0
1777889565.1663325,-5.0,0.0,-70.0
1777889565.1763325,-4.0,1.0,-74.0
1777889565.1863325,-5.0,0.0,-68.0
1777889565.1963325,0.0,0.0,-63.0
1777889565.2063324,0.0,0.0,-66.0
1777889565.2163324,0.0,-2.0,-75.0
1777889565.2263324,0.0,-3.0,-74.0
1777889565.2363324,-1.0,-2.0,-76.0
1777889565.2463324,0.0,-3.0,-73.0
1777889565.2563324,0.0,-3.0,-68.0
1777889565.2663324,-1.0,-4.0,-68.0
1777889565.2763324,-3.0,-4.0,-70.0
1777889565.2863324,-5.0,-4.0,-73.0
1777889565.2963324,-5.0,-4.0,-66.0
1777889565.3063323,-2.0,0.0,-64.0
1777889565.3163323,-2.0,4.0,-63.0
1777889565.3263323,0.0,3.0,-69.0
1777889565.3363323,2.0,6.0,-68.0
1777889565.3463323,4.0,3.0,-63.0
1777889565.3563323,2.0,4.0,-57.0
1777889565.3663323,9.0,1.0,-70.0
1777889565.3763323,12.0,0.0,-68.0
1777889565.3863325,9.0,1.0,-66.0
1777889565.3963325,9.0,0.0,-58.0
1777889565.4063325,9.0,2.0,-56.0
1777889565.4163325,4.0,0.0,-58.0
1777889565.4263325,4.0,-2.0,-62.0
1777889565.4363325,4.0,0.0,-58.0
1777889565.4463325,5.0,-1.0,-61.0
1777889565.4563324,3.0,-2.0,-67.0
1777889565.4663324,2.0,-1.0,-72.0
1777889565.4763324,0.0,3.0,-73.0
1777889565.4863324,0.0,3.0,-74.0
1777889565.4963324,0.0,0.0,-73.0
1777889565.5063324,0.0,-1.0,-77.0
1777889565.5163324,-4.0,2.0,-76.0
1777889565.5263324,-1.0,0.0,-76.0
1777889565.5363324,5.0,0.0,-70.0
1777889565.5463324,4.0,-4.0,-68.0
1777889565.5563323,5.0,-2.0,-63.0
1777889565.5663323,3.0,1.0,-62.0
1777889565.5763323,1.0,-4.0,-67.0
1777889565.5863323,1.0,0.0,-73.0
1777889565.5963323,-1.0,-2.0,-72.0
1777889565.6063323,-1.0,0.0,-70.0
1777889565.6163323,-1.0,1.0,-72.0
1777889565.6263323,3.0,1.0,-71.0
1777889565.6363325,2.0,-5.0,-69.0
1777889565.6463325,5.0,-5.0,-71.0
1777889565.6563325,1.0,-1.0,-74.0
1777889565.6663325,4.0,-1.0,-74.0
1777889565.6763325,5.0,-3.0,-74.0
1777889565.6863325,0.0,0.0,-76.0
1777889565.6963325,0.0,-1.0,-72.0
1777889565.7063324,-1.0,0.0,-77.0
1777889565.7163324,-1.0,1.0,-77.0
1777889565.7263324,-2.0,2.0,-73.0
1777889565.7363324,0.0,5.0,-73.0
1777889565.7463324,0.0,0.0,-67.0
1777889565.7563324,0.0,0.0,-70.0
1777889565.7663324,3.0,-1.0,-74.0
1777889565.7763324,6.0,-2.0,-75.0
1777889565.7863324,9.0,-5.0,-75.0
1777889565.7963324,8.0,-1.0,-74.0
1777889565.8063323,7.0,-2.0,-73.0
1777889565.8163323,5.0,-4.0,-75.0
1777889565.8263323,6.0,-5.0,-76.0
1777889565.8363323,11.0,-6.0,-71.0
1777889565.8463323,13.0,-4.0,-67.0
1777889565.8563323,6.0,-7.0,-66.0
1777889565.8663323,1.0,-8.0,-71.0
1777889565.8763323,2.0,-5.0,-75.0
1777889565.8863325,1.0,-3.0,-78.0
1777889565.8963325,0.0,-1.0,-85.0
1777889565.9063325,7.0,0.0,-85.0
1777889565.9163325,9.0,-3.0,-82.0
1777889565.9263325,10.0,-3.0,-84.0
1777889565.9363325,0.0,1.0,-82.0
1777889565.9463325,-2.0,-2.0,-81.0
1777889565.9563324,-3.0,-1.0,-79.0
1777889565.9663324,-5.0,-2.0,-79.0
1777889565.9763324,-6.0,-5.0,-77.0
1777889565.9863324,-7.0,-4.0,-81.0
1777889565.9963324,0.0,-2.0,-81.0
1777889566.0063324,2.0,3.0,-84.0
1777889566.0163324,3.0,-1.0,-85.0
1777889566.0273323,8.0,-4.0,-79.0
1777889566.0363324,5.0,-2.0,-82.0
1777889566.0473323,3.0,-5.0,-77.0
1777889566.0573325,3.0,-6.0,-73.0
1777889566.0673325,1.0,-8.0,-75.0
1777889566.0773325,-3.0,-11.0,-79.0
1777889566.0873325,-2.0,-8.0,-78.0
1777889566.0973325,-1.0,-4.0,-78.0
1777889566.1073325,0.0,-2.0,-66.0
1777889566.1173325,-4.0,0.0,-65.0
1777889566.1273324,-1.0,0.0,-74.0
1777889566.1373324,-5.0,5.0,-73.0
1777889566.1473324,-2.0,5.0,-79.0
1777889566.1573324,-1.0,0.0,-80.0
1777889566.1673324,-3.0,-1.0,-74.0
1777889566.1773324,-1.0,-2.0,-66.0
1777889566.1873324,-2.0,-1.0,-74.0
1777889566.1973324,-4.0,0.0,-78.0
1777889566.2073324,-4.0,0.0,-81.0
1777889566.2173324,2.0,1.0,-83.0
1777889566.2273324,2.0,1.0,-84.0
1777889566.2373323,1.0,-2.0,-80.0
1777889566.2473323,1.0,-2.0,-82.0
1777889566.2573323,4.0,-4.0,-82.0
1777889566.2673323,4.0,-8.0,-83.0
1777889566.2773323,6.0,-8.0,-87.0
1777889566.2873323,4.0,-6.0,-92.0
1777889566.2973323,2.0,0.0,-78.0
1777889566.3073325,1.0,3.0,-75.0
1777889566.3173325,-5.0,5.0,-68.0
1777889566.3273325,-9.0,6.0,-75.0
1777889566.3373325,-8.0,5.0,-76.0
1777889566.3473325,-7.0,5.0,-75.0
1777889566.3573325,-5.0,4.0,-73.0
1777889566.3673325,-4.0,4.0,-79.0
1777889566.3773324,-5.0,2.0,-82.0
1777889566.3873324,-3.0,0.0,-78.0
1777889566.3973324,0.0,1.0,-67.0
1777889566.4073324,0.0,1.0,-63.0
1777889566.4173324,5.0,0.0,-63.0
1777889566.4273324,2.0,0.0,-66.0
1777889566.4373324,2.0,-6.0,-70.0
1777889566.4473324,1.0,-7.0,-68.0
1777889566.4573324,0.0,-4.0,-69.0
1777889566.4673324,-1.0,-1.0,-75.0
1777889566.4773324,-1.0,0.0,-75.0
1777889566.4873323,-3.0,-2.0,-76.0
1777889566.4973323,-4.0,-1.0,-74.0
1777889566.5073323,-4.0,-2.0,-76.0
1777889566.5173323,0.0,-1.0,-73.0
1777889566.5273323,0.0,0.0,-78.0
1777889566.5373323,0.0,0.0,-76.0
1777889566.5473323,1.0,-2.0,-79.0
1777889566.5573325,0.0,-3.0,-80.0
1777889566.5673325,-3.0,-2.0,-81.0
1777889566.5773325,0.0,-1.0,-84.0
1777889566.5873325,-4.0,-6.0,-87.0
1777889566.5973325,-5.0,-3.0,-83.0
1777889566.6073325,-2.0,0.0,-76.0
1777889566.6173325,0.0,4.0,-74.0
1777889566.6273324,0.0,5.0,-80.0
1777889566.6373324,0.0,3.0,-80.0
1777889566.6473324,2.0,0.0,-81.0
1777889566.6573324,1.0,-3.0,-82.0
1777889566.6673324,0.0,-2.0,-80.0
1777889566.6773324,2.0,0.0,-77.0
1777889566.6873324,2.0,0.0,-76.0
1777889566.6973324,6.0,0.0,-69.0
1777889566.7073324,2.0,0.0,-75.0
1777889566.7173324,-1.0,1.0,-76.0
1777889566.7273324,-2.0,1.0,-77.0
1777889566.7373323,-2.0,0.0,-80.0
1777889566.7473323,4.0,1.0,-82.0
1777889566.7573323,0.0,0.0,-80.0
1777889566.7673323,-2.0,-1.0,-76.0
1777889566.7773323,0.0,-1.0,-75.0
1777889566.7873323,5.0,3.0,-83.0
1777889566.7973323,4.0,4.0,-85.0
1777889566.8073325,2.0,0.0,-92.0
1777889566.8173325,2.0,1.0,-91.0
1777889566.8273325,0.0,3.0,-96.0
1777889566.8373325,0.0,-1.0,-91.0
1777889566.8473325,-6.0,3.0,-87.0
1777889566.8573325,-1.0,5.0,-83.0
1777889566.8673325,2.0,4.0,-75.0
1777889566.8773324,3.0,2.0,-76.0
1777889566.8873324,1.0,0.0,-79.0
1777889566.8973324,-2.0,0.0,-81.0
1777889566.9073324,-5.0,-1.0,-82.0
1777889566.9173324,-4.0,-3.0,-83.0
1777889566.9273324,-4.0,-4.0,-87.0
1777889566.9373324,-1.0,-5.0,-86.0
1777889566.9473324,-2.0,-9.0,-87.0
1777889566.9573324,0.0,-8.0,-85.0
1777889566.9673324,-2.0,-8.0,-84.0
1777889566.9773324,-2.0,-6.0,-86.0
1777889566.9873323,0.0,-7.0,-84.0
1777889566.9973323,1.0,-6.0,-82.0
1777889567.0073323,0.0,0.0,-80.0
1777889567.0173323,0.0,4.0,-79.0
1777889567.0273323,-2.0,0.0,-79.0
1777889567.0373323,-5.0,0.0,-84.0
1777889567.0473323,0.0,-1.0,-83.0
1777889567.0573325,0.0,0.0,-79.0
1777889567.0673325,0.0,-1.0,-79.0
1777889567.0773325,-1.0,-2.0,-80.0
1777889567.0873325,0.0,0.0,-84.0
1777889567.0973325,0.0,-2.0,-90.0
1777889567.1073325,4.0,0.0,-87.0
1777889567.1173325,6.0,0.0,-82.0
1777889567.1273324,10.0,-4.0,-76.0
1777889567.1373324,3.0,-5.0,-73.0
1777889567.1473324,2.0,-3.0,-66.0
1777889567.1573324,5.0,1.0,-64.0
1777889567.1673324,5.0,0.0,-66.0
1777889567.1773324,0.0,1.0,-72.0
1777889567.1873324,-1.0,0.0,-76.0
1777889567.1973324,1.0,-1.0,-75.0
1777889567.2073324,1.0,0.0,-75.0
1777889567.2173324,-1.0,-2.0,-76.0
1777889567.2273324,-2.0,0.0,-74.0
1777889567.2373323,-1.0,3.0,-75.0
1777889567.2473323,-2.0,1.0,-76.0
1777889567.2573323,-1.0,0.0,-79.0
1777889567.2673323,1.0,0.0,-80.0
1777889567.2773323,4.0,3.0,-85.0
1777889567.2873323,6.0,0.0,-83.0
1777889567.2973323,6.0,0.0,-84.0
1777889567.3073325,2.0,3.0,-82.0
1777889567.3173325,1.0,0.0,-77.0
1777889567.3273325,6.0,2.0,-80.0
1777889567.3373325,7.0,3.0,-87.0
1777889567.3473325,7.0,4.0,-99.0
1777889567.3573325,4.0,0.0,-87.0
1777889567.3673325,4.0,0.0,-90.0
1777889567.3773324,6.0,0.0,-85.0
1777889567.3873324,5.0,2.0,-84.0
1777889567.3973324,8.0,1.0,-79.0
1777889567.4073324,7.0,0.0,-78.0
1777889567.4173324,8.0,0.0,-74.0
1777889567.4273324,10.0,0.0,-70.0
1777889567.4373324,6.0,2.0,-72.0
1777889567.4473324,5.0,-2.0,-73.0
1777889567.4573324,7.0,-3.0,-75.0
1777889567.4673324,4.0,-3.0,-76.0
1777889567.4773324,6.0,-3.0,-75.0
1777889567.4873323,6.0,-1.0,-72.0
1777889567.4973323,5.0,-5.0,-71.0
1777889567.5073323,1.0,-6.0,-74.0
1777889567.5173323,2.0,-1.0,-69.0
1777889567.5273323,3.0,2.0,-71.0
1777889567.5373323,0.0,3.0,-73.0
1777889567.5473323,6.0,1.0,-79.0
1777889567.5573325,2.0,2.0,-81.0
1777889567.5673325,4.0,1.0,-75.0
1777889567.5773325,0.0,-1.0,-79.0
1777889567.5873325,0.0,-4.0,-81.0
1777889567.5973325,2.0,-2.0,-79.0
1777889567.6073325,2.0,-3.0,-73.0
1777889567.6173325,2.0,0.0,-70.0
1777889567.6273324,5.0,-4.0,-72.0
1777889567.6373324,6.0,-4.0,-70.0
1777889567.6473324,7.0,-6.0,-69.0
1777889567.6573324,5.0,-2.0,-70.0
1777889567.6673324,9.0,-4.0,-72.0
1777889567.6773324,8.0,-4.0,-75.0
1777889567.6873324,7.0,-8.0,-77.0
1777889567.6973324,5.0,-11.0,-81.0
1777889567.7073324,0.0,-11.0,-85.0
1777889567.7173324,0.0,-9.0,-85.0
1777889567.7273324,0.0,-5.0,-85.0
1777889567.7373323,-2.0,-7.0,-81.0
1777889567.7473323,-3.0,-3.0,-71.0
1777889567.7573323,-6.0,0.0,-73.0
1777889567.7673323,-7.0,-2.0,-71.0
1777889567.7773323,-8.0,-3.0,-68.0
1777889567.7873323,-8.0,-3.0,-72.0
1777889567.7973323,-6.0,-1.0,-75.0
1777889567.8073325,-5.0,0.0,-72.0
1777889567.8173325,-2.0,0.0,-66.0
1777889567.8273325,-1.0,1.0,-70.0
1777889567.8373325,0.0,2.0,-75.0
1777889567.8473325,0.0,4.0,-70.0
1777889567.8573325,4.0,2.0,-76.0
1777889567.8673325,1.0,-1.0,-76.0
1777889567.8773324,2.0,0.0,-72.0
1777889567.8873324,0.0,5.0,-71.0
1777889567.8973324,-3.0,0.0,-69.0
1777889567.9073324,-3.0,-2.0,-79.0
1777889567.9173324,-3.0,-3.0,-78.0
1777889567.9273324,-5.0,-6.0,-76.0
1777889567.9373324,-6.0,-4.0,-74.0
1777889567.9473324,-2.0,-4.0,-78.0
1777889567.9573324,-4.0,-2.0,-77.0
1777889567.9673324,-6.0,-3.0,-77.0
1777889567.9773324,-1.0,-4.0,-73.0
1777889567.9873323,2.0,-4.0,-81.0
1777889567.9973323,4.0,-1.0,-78.0
1777889568.0083325,5.0,-4.0,-79.0
1777889568.0183325,2.0,-4.0,-80.0
1777889568.0273323,2.0,-5.0,-78.0
1777889568.0373323,0.0,-3.0,-74.0
1777889568.0483325,0.0,-3.0,-74.0
1777889568.0583324,3.0,-2.0,-70.0
1777889568.0683324,6.0,-3.0,-73.0
1777889568.0783324,6.0,-5.0,-75.0
1777889568.0883324,6.0,-7.0,-77.0
1777889568.0983324,1.0,-3.0,-76.0
1777889568.1083324,0.0,0.0,-73.0
1777889568.1183324,0.0,-3.0,-73.0
1777889568.1283324,-1.0,-4.0,-74.0
1777889568.1383324,-2.0,-2.0,-74.0
1777889568.1483324,-6.0,1.0,-72.0
1777889568.1583323,-1.0,4.0,-74.0
1777889568.1683323,2.0,5.0,-72.0
1777889568.1783323,1.0,5.0,-74.0
1777889568.1883323,1.0,2.0,-76.0
1777889568.1983323,-1.0,-2.0,-75.0
1777889568.2083323,3.0,-1.0,-74.0
1777889568.2183323,5.0,0.0,-74.0
1777889568.2283323,0.0,-1.0,-73.0
1777889568.2383325,0.0,0.0,-76.0
1777889568.2483325,-7.0,-1.0,-75.0
1777889568.2583325,-3.0,1.0,-73.0
1777889568.2683325,0.0,0.0,-77.0
1777889568.2783325,0.0,1.0,-76.0
1777889568.2883325,1.0,0.0,-77.0
1777889568.2983325,0.0,0.0,-78.0
1777889568.3083324,0.0,-1.0,-74.0
1777889568.3183324,0.0,-2.0,-75.0
1777889568.3283324,1.0,0.0,-76.0
1777889568.3383324,3.0,0.0,-80.0
1777889568.3483324,2.0,-1.0,-84.0
1777889568.3583324,1.0,1.0,-77.0
1777889568.3683324,0.0,3.0,-74.0
1777889568.3783324,2.0,1.0,-80.0
1777889568.3883324,1.0,0.0,-81.0
1777889568.3983324,3.0,-1.0,-79.0
1777889568.4083323,7.0,0.0,-78.0
1777889568.4183323,5.0,2.0,-85.0
1777889568.4283323,1.0,0.0,-80.0
1777889568.4383323,4.0,-3.0,-78.0
1777889568.4483323,5.0,-4.0,-80.0
1777889568.4583323,3.0,-8.0,-81.0
1777889568.4683323,5.0,-9.0,-82.0
1777889568.4783323,2.0,-5.0,-72.0
1777889568.4883325,0.0,-2.0,-74.0
1777889568.4983325,3.0,-3.0,-73.0
1777889568.5083325,6.0,-3.0,-82.0
1777889568.5183325,4.0,-1.0,-83.0
1777889568.5283325,2.0,-2.0,-82.0
1777889568.5383325,3.0,-1.0,-84.0
1777889568.5483325,2.0,-2.0,-87.0
1777889568.5583324,2.0,-2.0,-85.0
1777889568.5683324,0.0,0.0,-81.0
1777889568.5783324,0.0,-3.0,-79.0
1777889568.5883324,8.0,-2.0,-86.0
1777889568.5983324,6.0,-3.0,-82.0
1777889568.6083324,3.0,-4.0,-78.0
1777889568.6183324,2.0,0.0,-75.0
1777889568.6283324,0.0,2.0,-71.0
1777889568.6383324,-1.0,1.0,-72.0
1777889568.6483324,1.0,1.0,-77.0
1777889568.6583323,0.0,4.0,-81.0
1777889568.6683323,1.0,5.0,-77.0
1777889568.6783323,-1.0,3.0,-76.0
1777889568.6883323,-9.0,0.0,-80.0
1777889568.6983323,-5.0,-2.0,-77.0
1777889568.7083323,-4.0,-5.0,-75.0
1777889568.7183323,-9.0,-6.0,-73.0
1777889568.7283323,-5.0,-7.0,-74.0
1777889568.7383325,-4.0,-4.0,-73.0
1777889568.7483325,-6.0,-3.0,-79.0
1777889568.7583325,0.0,-2.0,-74.0
1777889568.7683325,-3.0,-4.0,-73.0
1777889568.7783325,-6.0,-1.0,-81.0
1777889568.7883325,-6.0,0.0,-84.0
1777889568.7983325,-5.0,1.0,-80.0
1777889568.8083324,-4.0,4.0,-79.0
1777889568.8183324,-2.0,7.0,-82.0
1777889568.8283324,-3.0,7.0,-87.0
1777889568.8383324,-1.0,10.0,-83.0
1777889568.8483324,-3.0,8.0,-82.0
1777889568.8583324,-5.0,6.0,-82.0
1777889568.8683324,-4.0,8.0,-76.0
1777889568.8783324,-5.0,6.0,-75.0
1777889568.8883324,-6.0,4.0,-77.0
1777889568.8983324,-5.0,4.0,-78.0
1777889568.9083323,-7.0,2.0,-81.0
1777889568.9183323,-6.0,0.0,-76.0
1777889568.9283323,-1.0,-4.0,-72.0
1777889568.9383323,1.0,-1.0,-66.0
1777889568.9483323,1.0,1.0,-72.0
1777889568.9583323,1.0,-2.0,-72.0
1777889568.9683323,4.0,-3.0,-74.0
1777889568.9783323,10.0,-3.0,-77.0
1777889568.9883325,9.0,0.0,-80.0
1777889568.9983325,1.0,1.0,-79.0
1777889569.0083325,0.0,0.0,-73.0
1777889569.0183325,0.0,0.0,-73.0
1777889569.0283325,1.0,1.0,-73.0
1777889569.0383325,0.0,-1.0,-71.0
1777889569.0483325,0.0,-3.0,-73.0
1777889569.0583324,0.0,-1.0,-71.0
1777889569.0683324,4.0,-2.0,-75.0
1777889569.0783324,6.0,-4.0,-80.0
1777889569.0883324,0.0,-7.0,-79.0
1777889569.0983324,-3.0,-5.0,-79.0
1777889569.1083324,0.0,3.0,-86.0
1777889569.1183324,-1.0,7.0,-84.0
1777889569.1283324,2.0,6.0,-73.0
1777889569.1383324,0.0,4.0,-70.0
1777889569.1483324,-2.0,7.0,-68.0
1777889569.1583323,-1.0,4.0,-70.0
1777889569.1683323,-3.0,0.0,-75.0
1777889569.1783323,-1.0,-4.0,-73.0
1777889569.1883323,0.0,-6.0,-75.0
1777889569.1983323,-3.0,-9.0,-74.0
1777889569.2083323,-5.0,-10.0,-70.0
1777889569.2183323,-1.0,-10.0,-77.0
1777889569.2283323,-1.0,-3.0,-78.0
1777889569.2383325,-2.0,0.0,-84.0
1777889569.2483325,0.0,2.0,-83.0
1777889569.2583325,1.0,4.0,-78.0
1777889569.2683325,5.0,4.0,-70.0
1777889569.2783325,2.0,2.0,-69.0
1777889569.2883325,2.0,-2.0,-71.0
1777889569.2983325,1.0,-3.0,-77.0
1777889569.3083324,2.0,0.0,-72.0
1777889569.3183324,1.0,-2.0,-65.0
1777889569.3283324,6.0,-6.0,-70.0
1777889569.3383324,4.0,-12.0,-71.0
1777889569.3483324,0.0,-17.0,-73.0
1777889569.3583324,1.0,-13.0,-74.0
1777889569.3683324,6.0,-13.0,-69.0
1777889569.3783324,7.0,-13.0,-67.0
1777889569.3883324,6.0,-8.0,-75.0
1777889569.3983324,7.0,-4.0,-70.0
1777889569.4083323,2.0,-1.0,-70.0
1777889569.4183323,0.0,-3.0,-72.0
1777889569.4283323,3.0,-5.0,-74.0
1777889569.4383323,5.0,-1.0,-73.0
1777889569.4483323,1.0,-1.0,-71.0
1777889569.4583323,0.0,-6.0,-72.0
1777889569.4683323,4.0,-6.0,-74.0
1777889569.4783323,3.0,-6.0,-71.0
1777889569.4883325,2.0,-6.0,-66.0
1777889569.4983325,1.0,-2.0,-64.0
1777889569.5083325,-1.0,3.0,-58.0
1777889569.5183325,0.0,1.0,-60.0
1777889569.5283325,-1.0,-3.0,-57.0
1777889569.5383325,-2.0,-3.0,-55.0
1777889569.5483325,0.0,-1.0,-59.0
1777889569.5583324,-1.0,1.0,-69.0
1777889569.5683324,-6.0,5.0,-74.0
1777889569.5783324,-2.0,3.0,-72.0
1777889569.5883324,-3.0,0.0,-65.0
1777889569.5983324,-3.0,-5.0,-63.0
1777889569.6083324,0.0,-3.0,-63.0
1777889569.6183324,6.0,-4.0,-60.0
1777889569.6283324,2.0,-3.0,-62.0
1777889569.6383324,0.0,-2.0,-70.0
1777889569.6483324,3.0,-1.0,-66.0
1777889569.6583323,2.0,1.0,-64.0
1777889569.6683323,0.0,3.0,-68.0
1777889569.6783323,4.0,3.0,-71.0
1777889569.6883323,2.0,3.0,-75.0
1777889569.6983323,1.0,3.0,-79.0
1777889569.7083323,0.0,5.0,-80.0
1777889569.7183323,3.0,4.0,-79.0
1777889569.7283323,7.0,3.0,-80.0
1777889569.7383325,4.0,3.0,-77.0
1777889569.7483325,0.0,2.0,-86.0
1777889569.7583325,-3.0,0.0,-80.0
1777889569.7683325,-6.0,0.0,-77.0
1777889569.7783325,-3.0,-1.0,-73.0
1777889569.7883325,3.0,0.0,-71.0
1777889569.7983325,4.0,0.0,-68.0
1777889569.8083324,4.0,1.0,-62.0
1777889569.8183324,3.0,2.0,-66.0
1777889569.8283324,1.0,-1.0,-73.0
1777889569.8383324,5.0,-3.0,-71.0
1777889569.8483324,3.0,-4.0,-63.0
1777889569.8583324,6.0,-1.0,-65.0
1777889569.8683324,5.0,-5.0,-62.0
1777889569.8783324,3.0,-6.0,-62.0
1777889569.8883324,5.0,-8.0,-69.0
1777889569.8983324,2.0,-6.0,-70.0
1777889569.9083323,4.0,-6.0,-69.0
1777889569.9183323,1.0,-7.0,-72.0
1777889569.9283323,2.0,-6.0,-75.0
1777889569.9383323,4.0,-5.0,-75.0
1777889569.9483323,4.0,-6.0,-76.0
1777889569.9593325,6.0,-5.0,-72.0
1777889569.9683323,2.0,-4.0,-73.0
1777889569.9793324,0.0,-4.0,-80.0
1777889569.9883325,-1.0,-4.0,-81.0
1777889569.9993324,1.0,-2.0,-81.0
1777889570.0093324,0.0,0.0,-74.0
1777889570.0193324,3.0,0.0,-73.0
1777889570.0293324,0.0,-1.0,-71.0
1777889570.0393324,-2.0,0.0,-75.0
1777889570.0493324,-3.0,0.0,-74.0
1777889570.0593324,-5.0,0.0,-67.0
1777889570.0693324,-2.0,-3.0,-72.0
1777889570.0793324,-3.0,-1.0,-70.0
1777889570.0893323,-3.0,0.0,-64.0
1777889570.0993323,-2.0,-3.0,-65.0
1777889570.1093323,1.0,-3.0,-68.0
1777889570.1193323,0.0,-3.0,-72.0
1777889570.1293323,2.0,0.0,-66.0
1777889570.1393323,-1.0,0.0,-68.0
1777889570.1493323,-2.0,-3.0,-69.0
1777889570.1593325,0.0,-5.0,-74.0
1777889570.1693325,0.0,-6.0,-77.0
1777889570.1793325,1.0,-8.0,-83.0
1777889570.1893325,3.0,-10.0,-81.0
1777889570.1993325,5.0,-5.0,-73.0
1777889570.2093325,-1.0,-6.0,-78.0
1777889570.2193325,-2.0,-5.0,-81.0
1777889570.2293324,0.0,-3.0,-74.0
1777889570.2393324,-1.0,0.0,-67.0
1777889570.2493324,0.0,-2.0,-63.0
1777889570.2593324,0.0,-7.0,-65.0
1777889570.2693324,-2.0,-5.0,-66.0
1777889570.2793324,-5.0,-2.0,-66.0
1777889570.2893324,0.0,-2.0,-77.0
1777889570.2993324,-3.0,-2.0,-83.0
1777889570.3093324,1.0,1.0,-89.0
1777889570.3193324,-3.0,3.0,-87.0
1777889570.3293324,-3.0,5.0,-80.0
1777889570.3393323,0.0,2.0,-79.0
1777889570.3493323,4.0,2.0,-80.0
1777889570.3593323,0.0,-3.0,-79.0
1777889570.3693323,1.0,-5.0,-77.0
1777889570.3793323,-5.0,-8.0,-71.0
1777889570.3893323,-2.0,-2.0,-75.0
1777889570.3993323,-1.0,1.0,-71.0
1777889570.4093325,0.0,-2.0,-79.0
1777889570.4193325,0.0,-2.0,-85.0
1777889570.4293325,3.0,0.0,-85.0
1777889570.4393325,7.0,3.0,-83.0
1777889570.4493325,6.0,1.0,-85.0
1777889570.4593325,2.0,-2.0,-88.0
1777889570.4693325,0.0,0.0,-84.0
1777889570.4793324,-2.0,-4.0,-79.0
1777889570.4893324,-4.0,-1.0,-82.0
1777889570.4993324,-3.0,-2.0,-85.0
1777889570.5093324,1.0,-5.0,-83.0
1777889570.5193324,0.0,-4.0,-79.0
1777889570.5293324,0.0,-7.0,-79.0
1777889570.5393324,-2.0,-8.0,-80.0
1777889570.5493324,0.0,-11.0,-74.0
1777889570.5593324,2.0,-10.0,-72.0
1777889570.5693324,1.0,-6.0,-74.0
1777889570.5793324,2.0,0.0,-81.0
1777889570.5893323,2.0,-1.0,-75.0
1777889570.5993323,0.0,-1.0,-75.0
1777889570.6093323,-2.0,-1.0,-71.0
1777889570.6193323,-1.0,-2.0,-72.0
1777889570.6293323,-5.0,-4.0,-75.0
1777889570.6393323,-2.0,-4.0,-75.0
1777889570.6493323,-4.0,-2.0,-75.0
1777889570.6593325,-1.0,0.0,-73.0
1777889570.6693325,0.0,-3.0,-74.0
1777889570.6793325,0.0,-7.0,-76.0
1777889570.6893325,5.0,-3.0,-73.0
1777889570.6993325,1.0,-1.0,-76.0
1777889570.7093325,-2.0,-5.0,-67.0
1777889570.7193325,-5.0,-3.0,-69.0
1777889570.7293324,0.0,-6.0,-68.0
1777889570.7393324,4.0,-7.0,-70.0
1777889570.7493324,2.0,-9.0,-71.0
1777889570.7593324,-1.0,-7.0,-71.0
1777889570.7693324,-5.0,-7.0,-74.0
1777889570.7793324,-1.0,-9.0,-76.0
1777889570.7893324,-2.0,-10.0,-72.0
1777889570.7993324,-5.0,-11.0,-73.0
1777889570.8093324,-7.0,-10.0,-77.0
1777889570.8193324,-4.0,-9.0,-76.0
1777889570.8293324,0.0,-5.0,-78.0
1777889570.8393323,0.0,-4.0,-79.0
1777889570.8493323,0.0,-4.0,-77.0
1777889570.8593323,4.0,-6.0,-76.0
1777889570.8693323,6.0,-4.0,-84.0
1777889570.8793323,5.0,-7.0,-84.0
1777889570.8893323,6.0,-7.0,-87.0
1777889570.8993323,2.0,-8.0,-88.0
1777889570.9093325,-2.0,-3.0,-81.0
1777889570.9193325,3.0,-1.0,-74.0
1777889570.9293325,4.0,1.0,-75.0
1777889570.9393325,8.0,2.0,-73.0
1777889570.9493325,6.0,-4.0,-81.0
1777889570.9593325,3.0,-4.0,-79.0
1777889570.9693325,1.0,0.0,-83.0
1777889570.9793324,1.0,-1.0,-79.0
1777889570.9893324,1.0,-1.0,-82.0
1777889570.9993324,-2.0,1.0,-84.0
1777889571.0093324,0.0,3.0,-87.0
1777889571.0193324,4.0,4.0,-89.0
1777889571.0293324,7.0,3.0,-83.0
1777889571.0393324,7.0,1.0,-74.0
1777889571.0493324,4.0,1.0,-74.0
1777889571.0593324,3.0,0.0,-75.0
1777889571.0693324,0.0,-3.0,-73.0
1777889571.0793324,-7.0,0.0,-73.0
1777889571.0893323,-9.0,0.0,-81.0
1777889571.0993323,-9.0,0.0,-87.0
1777889571.1093323,-7.0,3.0,-84.0
1777889571.1193323,-11.0,5.0,-87.0
1777889571.1293323,-9.0,8.0,-80.0
1777889571.1393323,-7.0,4.0,-76.0
1777889571.1493323,-7.0,5.0,-77.0
1777889571.1593325,-8.0,2.0,-77.0
1777889571.1693325,-5.0,3.0,-74.0
1777889571.1793325,-5.0,3.0,-71.0
1777889571.1893325,-6.0,6.0,-72.0
1777889571.1993325,-1.0,7.0,-76.0
1777889571.2093325,2.0,3.0,-73.0
1777889571.2193325,1.0,2.0,-76.0
1777889571.2293324,0.0,4.0,-76.0
1777889571.2393324,3.0,0.0,-72.0
1777889571.2493324,0.0,2.0,-73.0
1777889571.2593324,-2.0,0.0,-81.0
1777889571.2693324,-7.0,0.0,-80.0
1777889571.2793324,-5.0,-3.0,-75.0
1777889571.2893324,-8.0,-4.0,-80.0
1777889571.2993324,-9.0,-1.0,-82.0
1777889571.3093324,-3.0,0.0,-83.0
1777889571.3193324,0.0,-2.0,-84.0
1777889571.3293324,-5.0,-2.0,-85.0
1777889571.3393323,-7.0,-4.0,-78.0
1777889571.3493323,-7.0,-5.0,-75.0
1777889571.3593323,-7.0,-5.0,-76.0
1777889571.3693323,-2.0,0.0,-74.0
1777889571.3793323,-1.0,1.0,-76.0
1777889571.3893323,-3.0,1.0,-76.0
1777889571.3993323,0.0,0.0,-67.0
1777889571.4093325,0.0,-3.0,-69.0
1777889571.4193325,4.0,-2.0,-75.0
1777889571.4293325,8.0,-4.0,-83.0
1777889571.4393325,9.0,-1.0,-77.0
1777889571.4493325,10.0,2.0,-72.0
1777889571.4593325,10.0,0.0,-68.0
1777889571.4693325,10.0,-3.0,-66.0
1777889571.4793324,9.0,-2.0,-71.0
1777889571.4893324,5.0,0.0,-73.0
1777889571.4993324,6.0,-4.0,-78.0
1777889571.5093324,1.0,-5.0,-79.0
1777889571.5193324,2.0,-2.0,-74.0
1777889571.5293324,0.0,-2.0,-75.0
1777889571.5393324,-3.0,-2.0,-78.0
1777889571.5493324,-1.0,1.0,-77.0
1777889571.5593324,0.0,2.0,-78.0
1777889571.5693324,0.0,4.0,-74.0
1777889571.5793324,1.0,4.0,-78.0
1777889571.5893323,0.0,2.0,-82.0
1777889571.5993323,1.0,-1.0,-83.0
1777889571.6093323,-2.0,-2.0,-72.0
1777889571.6193323,-2.0,-1.0,-69.0
1777889571.6293323,-5.0,4.0,-76.0
1777889571.6393323,-2.0,5.0,-74.0
1777889571.6493323,-3.0,4.0,-74.0
1777889571.6593325,0.0,3.0,-75.0
1777889571.6693325,0.0,1.0,-74.0
1777889571.6793325,1.0,4.0,-78.0
1777889571.6893325,2.0,4.0,-75.0
1777889571.6993325,0.0,2.0,-73.0
1777889571.7093325,-3.0,0.0,-75.0
1777889571.7193325,-7.0,-2.0,-76.0
1777889571.7293324,-9.0,-3.0,-71.0
1777889571.7393324,-8.0,0.0,-73.0
1777889571.7493324,-8.0,-3.0,-71.0
1777889571.7593324,-7.0,-2.0,-74.0
1777889571.7693324,0.0,0.0,-77.0
1777889571.7793324,1.0,-3.0,-71.0
1777889571.7893324,0.0,-6.0,-71.0
1777889571.7993324,-3.0,-7.0,-74.0
1777889571.8093324,-8.0,-8.0,-74.0
1777889571.8193324,-3.0,-7.0,-68.0
1777889571.8293324,2.0,-6.0,-66.0
1777889571.8393323,6.0,-5.0,-69.0
1777889571.8493323,8.0,-4.0,-70.0
1777889571.8593323,5.0,-5.0,-73.0
1777889571.8693323,6.0,-1.0,-71.0
1777889571.8793323,4.0,-2.0,-78.0
1777889571.8893323,3.0,0.0,-83.0
1777889571.8993323,1.0,2.0,-84.0
1777889571.9093325,6.0,1.0,-81.0
1777889571.9203324,9.0,4.0,-77.0
1777889571.9293325,6.0,8.0,-72.0
1777889571.9393325,4.0,4.0,-69.0
1777889571.9493325,2.0,2.0,-73.0
1777889571.9593325,1.0,2.0,-71.0
1777889571.9693325,-1.0,0.0,-71.0
1777889571.9803324,0.0,-2.0,-77.0
1777889571.9893324,1.0,-2.0,-75.0
1777889572.0003324,0.0,-6.0,-76.0
1777889572.0103323,1.0,-6.0,-81.0
1777889572.0203323,0.0,-6.0,-80.0
1777889572.0303323,1.0,-5.0,-82.0
1777889572.0393324,1.0,-8.0,-81.0
1777889572.0503323,-4.0,-9.0,-82.0
1777889572.0603323,-3.0,-5.0,-79.0
1777889572.0703323,0.0,0.0,-77.0
1777889572.0803325,4.0,2.0,-79.0
1777889572.0903325,1.0,5.0,-76.0
1777889572.1003325,4.0,1.0,-73.0
1777889572.1103325,2.0,0.0,-76.0
1777889572.1203325,-5.0,-1.0,-79.0
1777889572.1303325,-6.0,-4.0,-81.0
1777889572.1403325,-9.0,-2.0,-81.0
1777889572.1503325,-7.0,-3.0,-76.0
1777889572.1603324,-4.0,-4.0,-76.0
1777889572.1703324,-4.0,-2.0,-75.0
1777889572.1803324,-7.0,-4.0,-77.0
1777889572.1903324,-4.0,-1.0,-80.0
1777889572.2003324,-2.0,0.0,-83.0
1777889572.2103324,0.0,-2.0,-81.0
1777889572.2203324,3.0,0.0,-83.0
1777889572.2303324,1.0,-1.0,-82.0
1777889572.2403324,4.0,-3.0,-80.0
1777889572.2503324,3.0,-6.0,-76.0
1777889572.2603323,7.0,-3.0,-76.0
1777889572.2703323,7.0,-1.0,-80.0
1777889572.2803323,4.0,-2.0,-75.0
1777889572.2903323,6.0,-4.0,-75.0
1777889572.3003323,4.0,-5.0,-77.0
1777889572.3103323,2.0,-2.0,-86.0
1777889572.3203323,4.0,-1.0,-82.0
1777889572.3303325,4.0,-2.0,-79.0
1777889572.3403325,7.0,-3.0,-85.0
1777889572.3503325,5.0,-3.0,-84.0
1777889572.3603325,6.0,0.0,-78.0
1777889572.3703325,10.0,-1.0,-75.0
1777889572.3803325,5.0,-2.0,-76.0
1777889572.3903325,6.0,-2.0,-76.0
1777889572.4003325,9.0,-3.0,-75.0
1777889572.4103324,3.0,-2.0,-66.0
1777889572.4203324,1.0,-6.0,-62.0
1777889572.4303324,0.0,-2.0,-61.0
1777889572.4403324,2.0,-3.0,-65.0
1777889572.4503324,4.0,-9.0,-61.0
1777889572.4603324,0.0,-8.0,-59.0
1777889572.4703324,-1.0,-5.0,-69.0
1777889572.4803324,-4.0,-2.0,-68.0
1777889572.4903324,-5.0,-6.0,-69.0
1777889572.5003324,-6.0,-5.0,-71.0
1777889572.5103323,-1.0,-3.0,-64.0
1777889572.5203323,-1.0,-2.0,-67.0
1777889572.5303323,-2.0,0.0,-70.0
1777889572.5403323,0.0,-1.0,-68.0
1777889572.5503323,-2.0,-3.0,-77.0
1777889572.5603323,-9.0,-2.0,-77.0
1777889572.5703323,-7.0,-4.0,-76.0
1777889572.5803325,0.0,-3.0,-74.0
1777889572.5903325,0.0,-6.0,-71.0
1777889572.6003325,-2.0,-10.0,-76.0
1777889572.6103325,-1.0,-11.0,-79.0
1777889572.6203325,0.0,-11.0,-88.0
1777889572.6303325,0.0,-6.0,-84.0
1777889572.6403325,-2.0,-4.0,-91.0
1777889572.6503325,0.0,-2.0,-86.0
1777889572.6603324,1.0,-3.0,-74.0
1777889572.6703324,0.0,-2.0,-72.0
1777889572.6803324,3.0,-7.0,-77.0
1777889572.6903324,3.0,-8.0,-79.0
1777889572.7003324,0.0,-6.0,-76.0
1777889572.7103324,0.0,-3.0,-75.0
1777889572.7203324,-1.0,-2.0,-72.0
1777889572.7303324,0.0,-2.0,-62.0
1777889572.7403324,-2.0,0.0,-58.0
1777889572.7503324,-3.0,-5.0,-60.0
1777889572.7603323,-4.0,-7.0,-66.0
1777889572.7703323,-4.0,-6.0,-63.0
1777889572.7803323,-5.0,-6.0,-62.0
1777889572.7903323,-4.0,-5.0,-70.0
1777889572.8003323,-2.0,-2.0,-73.0
1777889572.8103323,2.0,0.0,-77.0
1777889572.8203323,3.0,0.0,-80.0
1777889572.8303325,3.0,0.0,-85.0
1777889572.8403325,6.0,-1.0,-86.0
1777889572.8503325,4.0,4.0,-79.0
1777889572.8603325,3.0,4.0,-76.0
1777889572.8703325,3.0,3.0,-77.0
1777889572.8803325,-3.0,3.0,-72.0
1777889572.8903325,-7.0,0.0,-67.0
1777889572.9003325,-8.0,-1.0,-66.0
1777889572.9103324,-5.0,0.0,-67.0
1777889572.9203324,0.0,-3.0,-65.0
1777889572.9303324,0.0,-7.0,-57.0
1777889572.9403324,-3.0,-4.0,-63.0
1777889572.9503324,-7.0,-3.0,-70.0
1777889572.9603324,-6.0,0.0,-69.0
1777889572.9703324,-5.0,0.0,-65.0
1777889572.9803324,-1.0,-2.0,-68.0
1777889572.9903324,-3.0,-3.0,-66.0
1777889573.0003324,-5.0,-2.0,-68.0
1777889573.0103323,-3.0,-3.0,-78.0
1777889573.0203323,-1.0,-3.0,-79.0
1777889573.0303323,0.0,0.0,-83.0
1777889573.0403323,0.0,0.0,-87.0
1777889573.0503323,3.0,3.0,-88.0
1777889573.0603323,3.0,2.0,-83.0
1777889573.0703323,5.0,0.0,-81.0
1777889573.0803325,6.0,3.0,-77.0
1777889573.0903325,2.0,0.0,-71.0
1777889573.1003325,0.0,-3.0,-71.0
1777889573.1103325,3.0,-2.0,-63.0
1777889573.1203325,5.0,-4.0,-53.0
1777889573.1303325,0.0,-3.0,-58.0
1777889573.1403325,0.0,-4.0,-65.0
1777889573.1503325,-6.0,-10.0,-70.0
1777889573.1603324,-7.0,-6.0,-70.0
1777889573.1703324,-8.0,-1.0,-71.0
1777889573.1803324,-5.0,-2.0,-79.0
1777889573.1903324,-6.0,-1.0,-78.0
1777889573.2003324,-6.0,1.0,-81.0
1777889573.2103324,-8.0,-3.0,-78.0
1777889573.2203324,-5.0,-3.0,-80.0
1777889573.2303324,-4.0,-6.0,-77.0
1777889573.2403324,-2.0,-9.0,-79.0
1777889573.2503324,-2.0,-10.0,-83.0
1777889573.2603323,-4.0,-10.0,-83.0
1777889573.2703323,-2.0,-8.0,-80.0
1777889573.2803323,-3.0,-7.0,-80.0
1777889573.2903323,-3.0,-5.0,-75.0
1777889573.3003323,-2.0,-2.0,-76.0
1777889573.3103323,-4.0,-6.0,-75.0
1777889573.3203323,-3.0,-6.0,-71.0
1777889573.3303325,2.0,-1.0,-62.0
1777889573.3403325,2.0,0.0,-61.0
1777889573.3503325,3.0,3.0,-65.0
1777889573.3603325,5.0,3.0,-75.0
1777889573.3703325,3.0,-1.0,-75.0
1777889573.3803325,0.0,-1.0,-70.0
1777889573.3903325,-7.0,-3.0,-76.0
1777889573.4003325,-8.0,-4.0,-81.0
1777889573.4103324,-6.0,-3.0,-77.0
1777889573.4203324,-5.0,-2.0,-78.0
1777889573.4303324,-1.0,-1.0,-80.0
1777889573.4403324,2.0,-3.0,-73.0
1777889573.4503324,0.0,-1.0,-72.0
1777889573.4603324,3.0,-3.0,-68.0
1777889573.4703324,2.0,-1.0,-67.0
1777889573.4803324,4.0,0.0,-68.0
1777889573.4903324,5.0,-1.0,-74.0
1777889573.5003324,3.0,-2.0,-75.0
1777889573.5103323,3.0,-5.0,-77.0
1777889573.5203323,3.0,-7.0,-84.0
1777889573.5303323,3.0,-5.0,-78.0
1777889573.5403323,3.0,-7.0,-71.0
1777889573.5503323,1.0,-5.0,-68.0
1777889573.5603323,1.0,-4.0,-70.0
1777889573.5703323,0.0,-3.0,-70.0
1777889573.5803325,-1.0,-1.0,-63.0
1777889573.5903325,-3.0,0.0,-70.0
1777889573.6003325,-4.0,-3.0,-73.0
1777889573.6103325,-1.0,0.0,-71.0
1777889573.6203325,0.0,0.0,-81.0
1777889573.6303325,2.0,1.0,-80.0
1777889573.6403325,0.0,1.0,-79.0
1777889573.6503325,0.0,0.0,-75.0
1777889573.6603324,2.0,0.0,-80.0
1777889573.6703324,0.0,-4.0,-77.0
1777889573.6803324,-3.0,-4.0,-76.0
1777889573.6903324,-1.0,-4.0,-77.0
1777889573.7003324,-3.0,-3.0,-74.0
1777889573.7103324,-2.0,-3.0,-73.0
1777889573.7203324,0.0,-4.0,-71.0
1777889573.7303324,1.0,-3.0,-69.0
1777889573.7403324,0.0,0.0,-70.0
1777889573.7503324,1.0,-1.0,-72.0
1777889573.7603323,-1.0,1.0,-70.0
1777889573.7703323,-2.0,6.0,-73.0
1777889573.7803323,-2.0,1.0,-68.0
1777889573.7903323,2.0,2.0,-62.0
1777889573.8003323,2.0,-2.0,-75.0
1777889573.8103323,1.0,-5.0,-85.0
1777889573.8203323,3.0,-1.0,-84.0
1777889573.8303325,0.0,0.0,-90.0
1777889573.8403325,3.0,-2.0,-89.0
1777889573.8503325,6.0,-3.0,-94.0
1777889573.8603325,2.0,-3.0,-88.0
1777889573.8703325,3.0,-6.0,-79.0
1777889573.8803325,1.0,-4.0,-77.0
1777889573.8903325,5.0,-4.0,-81.0
1777889573.9003325,1.0,-6.0,-86.0
1777889573.9113324,0.0,-5.0,-91.0
1777889573.9203324,2.0,-4.0,-86.0
1777889573.9303324,1.0,-2.0,-81.0
1777889573.9403324,0.0,0.0,-81.0
1777889573.9513323,0.0,6.0,-83.0
1777889573.9603324,3.0,3.0,-83.0
1777889573.9713323,0.0,-6.0,-80.0
1777889573.9813323,-3.0,-5.0,-79.0
1777889573.9913323,-4.0,-6.0,-66.0
1777889574.0013323,-2.0,-6.0,-69.0
1777889574.0113325,-3.0,-2.0,-69.0
1777889574.0213325,-1.0,0.0,-74.0
1777889574.0313325,1.0,1.0,-75.0
1777889574.0413325,-2.0,0.0,-75.0
1777889574.0513325,-1.0,-1.0,-80.0
1777889574.0613325,1.0,-3.0,-87.0
1777889574.0713325,3.0,-3.0,-81.0
1777889574.0813324,2.0,-4.0,-79.0
1777889574.0913324,0.0,-4.0,-75.0
1777889574.1013324,1.0,-5.0,-78.0
1777889574.1113324,1.0,-2.0,-76.0
1777889574.1213324,4.0,0.0,-80.0
1777889574.1313324,4.0,-2.0,-82.0
1777889574.1413324,2.0,1.0,-83.0
1777889574.1513324,0.0,-2.0,-82.0
1777889574.1613324,0.0,-1.0,-84.0
1777889574.1713324,0.0,-1.0,-85.0
1777889574.1813323,-1.0,-3.0,-84.0
1777889574.1913323,1.0,-2.0,-82.0
1777889574.2013323,0.0,0.0,-81.0
1777889574.2113323,-2.0,-2.0,-80.0
1777889574.2213323,-1.0,0.0,-80.0
1777889574.2313323,-2.0,1.0,-71.0
1777889574.2413323,-3.0,4.0,-70.0
1777889574.2513323,2.0,0.0,-70.0
1777889574.2613325,0.0,-2.0,-74.0
1777889574.2713325,1.0,-3.0,-73.0
1777889574.2813325,-1.0,-5.0,-79.0
1777889574.2913325,-2.0,-4.0,-81.0
1777889574.3013325,-4.0,-6.0,-83.0
1777889574.3113325,-6.0,-4.0,-74.0
1777889574.3213325,-4.0,-4.0,-77.0
1777889574.3313324,-9.0,0.0,-80.0
1777889574.3413324,-7.0,-1.0,-75.0
1777889574.3513324,-4.0,1.0,-73.0
1777889574.3613324,-8.0,3.0,-73.0
1777889574.3713324,-1.0,2.0,-70.0
1777889574.3813324,2.0,-1.0,-69.0
1777889574.3913324,7.0,-1.0,-74.0
1777889574.4013324,6.0,-3.0,-75.0
1777889574.4113324,3.0,0.0,-81.0
1777889574.4213324,6.0,-1.0,-75.0
1777889574.4313323,6.0,-3.0,-74.0
1777889574.4413323,3.0,-5.0,-77.0
1777889574.4513323,2.0,-6.0,-77.0
1777889574.4613323,1.0,-1.0,-74.0
1777889574.4713323,0.0,-1.0,-79.0
1777889574.4813323,-1.0,1.0,-78.0
1777889574.4913323,-3.0,6.0,-76.0
1777889574.5013323,-1.0,2.0,-82.0
1777889574.5113325,3.0,3.0,-81.0
1777889574.5213325,4.0,6.0,-78.0
1777889574.5313325,-1.0,4.0,-76.0
1777889574.5413325,-4.0,4.0,-67.0
1777889574.5513325,0.0,2.0,-72.0
1777889574.5613325,-2.0,0.0,-72.0
1777889574.5713325,-1.0,2.0,-77.0
1777889574.5813324,2.0,4.0,-78.0
1777889574.5913324,5.0,2.0,-82.0
1777889574.6013324,2.0,3.0,-80.0
1777889574.6113324,3.0,4.0,-81.0
1777889574.6213324,4.0,8.0,-78.0
1777889574.6313324,3.0,7.0,-76.0
1777889574.6413324,-1.0,0.0,-81.0
1777889574.6513324,2.0,0.0,-77.0
1777889574.6613324,3.0,-2.0,-85.0
1777889574.6713324,0.0,-3.0,-86.0
1777889574.6813323,0.0,0.0,-84.0
1777889574.6913323,-3.0,1.0,-78.0
1777889574.7013323,-2.0,0.0,-80.0
1777889574.7113323,-2.0,2.0,-79.0
1777889574.7213323,-1.0,0.0,-83.0
1777889574.7313323,0.0,-2.0,-86.0
1777889574.7413323,2.0,-3.0,-84.0
1777889574.7513323,2.0,-5.0,-82.0
1777889574.7613325,0.0,-8.0,-77.0
1777889574.7713325,-2.0,-7.0,-76.0
1777889574.7813325,0.0,-1.0,-80.0
1777889574.7913325,-2.0,-5.0,-83.0
1777889574.8013325,2.0,-4.0,-83.0
1777889574.8113325,2.0,-4.0,-76.0
1777889574.8213325,3.0,-2.0,-77.0
1777889574.8313324,8.0,-3.0,-81.0
1777889574.8413324,9.0,0.0,-80.0
1777889574.8513324,10.0,-2.0,-81.0
1777889574.8613324,10.0,-1.0,-79.0
1777889574.8713324,7.0,-5.0,-76.0
1777889574.8813324,2.0,-4.0,-77.0
1777889574.8913324,-3.0,-3.0,-75.0
1777889574.9013324,-2.0,-4.0,-71.0
1777889574.9113324,0.0,-8.0,-69.0
1777889574.9213324,4.0,-9.0,-69.0
1777889574.9313323,5.0,-9.0,-78.0
1777889574.9413323,5.0,-7.0,-81.0
1777889574.9513323,9.0,-2.0,-79.0
1777889574.9613323,9.0,-1.0,-70.0
1777889574.9713323,6.0,-2.0,-63.0
1777889574.9813323,4.0,-6.0,-69.0
1777889574.9913323,5.0,-5.0,-74.0
1777889575.0013323,4.0,-4.0,-76.0
1777889575.0113325,5.0,-5.0,-80.0
1777889575.0213325,1.0,-3.0,-80.0
1777889575.0313325,5.0,-1.0,-75.0
1777889575.0413325,4.0,-3.0,-75.0
1777889575.0513325,-1.0,-7.0,-75.0
1777889575.0613325,0.0,-2.0,-73.0
1777889575.0713325,0.0,-1.0,-74.0
1777889575.0813324,-4.0,0.0,-71.0
1777889575.0913324,-5.0,1.0,-75.0
1777889575.1013324,-2.0,1.0,-77.0
1777889575.1113324,-5.0,2.0,-80.0
1777889575.1213324,-4.0,0.0,-72.0
1777889575.1313324,0.0,-3.0,-72.0
1777889575.1413324,-2.0,-2.0,-69.0
1777889575.1513324,-2.0,0.0,-73.0
1777889575.1613324,1.0,0.0,-75.0
1777889575.1713324,3.0,0.0,-73.0
1777889575.1813323,0.0,1.0,-76.0
1777889575.1913323,1.0,0.0,-74.0
1777889575.2013323,2.0,-1.0,-75.0
1777889575.2113323,0.0,-4.0,-75.0
1777889575.2213323,0.0,-6.0,-74.0
1777889575.2313323,-1.0,-7.0,-79.0
1777889575.2413323,0.0,-4.0,-76.0
1777889575.2513323,1.0,-3.0,-72.0
1777889575.2613325,2.0,-4.0,-76.0
1777889575.2713325,-1.0,-4.0,-88.0
1777889575.2813325,-3.0,-4.0,-93.0
1777889575.2913325,-2.0,0.0,-89.0
1777889575.3013325,-1.0,3.0,-90.0
1777889575.3113325,1.0,1.0,-89.0
1777889575.3213325,2.0,1.0,-89.0
1777889575.3313324,2.0,0.0,-86.0
1777889575.3413324,1.0,0.0,-84.0
1777889575.3513324,3.0,-1.0,-84.0
1777889575.3613324,4.0,-1.0,-86.0
1777889575.3713324,5.0,3.0,-80.0
1777889575.3813324,4.0,5.0,-79.0
1777889575.3913324,4.0,3.0,-76.0
1777889575.4013324,6.0,5.0,-75.0
1777889575.4113324,7.0,1.0,-80.0
1777889575.4213324,7.0,0.0,-74.0
1777889575.4313323,6.0,-2.0,-70.0
1777889575.4413323,7.0,0.0,-73.0
1777889575.4513323,13.0,-1.0,-77.0
1777889575.4613323,9.0,-2.0,-75.0
1777889575.4713323,4.0,3.0,-79.0
1777889575.4813323,3.0,4.0,-78.0
1777889575.4913323,4.0,0.0,-73.0
1777889575.5013323,0.0,-4.0,-75.0
1777889575.5113325,-3.0,-7.0,-79.0
1777889575.5213325,-3.0,-6.0,-74.0
1777889575.5313325,-2.0,-7.0,-59.0
1777889575.5413325,-5.0,-5.0,-61.0
1777889575.5513325,-2.0,-8.0,-68.0
1777889575.5613325,0.0,-2.0,-71.0
1777889575.5713325,-1.0,-4.0,-70.0
1777889575.5813324,0.0,-9.0,-74.0
1777889575.5913324,1.0,-8.0,-69.0
1777889575.6013324,2.0,-5.0,-61.0
1777889575.6113324,2.0,-5.0,-63.0
1777889575.6213324,-4.0,-3.0,-74.0
1777889575.6313324,-1.0,-4.0,-79.0
1777889575.6413324,-4.0,-5.0,-77.0
1777889575.6513324,-6.0,-6.0,-73.0
1777889575.6613324,-7.0,1.0,-73.0
1777889575.6713324,-4.0,1.0,-67.0
1777889575.6813323,-5.0,2.0,-74.0
1777889575.6913323,-10.0,-2.0,-81.0
1777889575.7013323,-8.0,0.0,-82.0
1777889575.7113323,-5.0,0.0,-79.0
1777889575.7213323,-4.0,-2.0,-80.0
1777889575.7313323,-4.0,-1.0,-71.0
1777889575.7413323,-6.0,-4.0,-74.0
1777889575.7513323,0.0,-6.0,-71.0
1777889575.7613325,-2.0,-6.0,-74.0
1777889575.7713325,-3.0,-2.0,-75.0
1777889575.7813325,-4.0,2.0,-76.0
1777889575.7913325,0.0,-1.0,-76.0
1777889575.8013325,-7.0,-2.0,-73.0
1777889575.8113325,-5.0,-3.0,-71.0
1777889575.8213325,-3.0,-5.0,-75.0
1777889575.8313324,-3.0,-5.0,-73.0
1777889575.8413324,-2.0,-4.0,-75.0
1777889575.8513324,-5.0,-9.0,-74.0
1777889575.8613324,-5.0,-8.0,-78.0
1777889575.8713324,-5.0,-2.0,-77.0
1777889575.8813324,-6.0,0.0,-74.0
1777889575.8913324,-4.0,0.0,-68.0
1777889575.9013324,-2.0,0.0,-74.0
1777889575.9113324,-6.0,0.0,-79.0
1777889575.9213324,-3.0,1.0,-72.0
1777889575.9323325,1.0,-1.0,-74.0
1777889575.9413323,3.0,1.0,-77.0
1777889575.9523325,7.0,0.0,-80.0
1777889575.9623325,6.0,-1.0,-77.0
1777889575.9723325,9.0,-5.0,-66.0
1777889575.9823325,11.0,-2.0,-68.0
1777889575.9923325,8.0,-2.0,-74.0
1777889576.0023324,6.0,0.0,-72.0
1777889576.0123324,-1.0,-1.0,-73.0
1777889576.0223324,3.0,0.0,-72.0
1777889576.0323324,5.0,2.0,-68.0
1777889576.0423324,1.0,0.0,-70.0
1777889576.0523324,-1.0,0.0,-73.0
1777889576.0623324,-3.0,0.0,-71.0
1777889576.0723324,-5.0,3.0,-64.0
1777889576.0823324,-2.0,4.0,-66.0
1777889576.0923324,-6.0,1.0,-73.0
1777889576.1023324,-8.0,1.0,-72.0
1777889576.1123323,-6.0,0.0,-76.0
1777889576.1223323,-3.0,0.0,-74.0
1777889576.1323323,-3.0,-1.0,-72.0
1777889576.1423323,-2.0,-1.0,-72.0
1777889576.1523323,-3.0,-6.0,-71.0
1777889576.1623323,-1.0,-9.0,-65.0
1777889576.1723323,0.0,-6.0,-66.0
1777889576.1823325,0.0,-4.0,-63.0
1777889576.1923325,0.0,-2.0,-62.0
1777889576.2023325,-1.0,-3.0,-64.0
1777889576.2123325,-3.0,-5.0,-74.0
1777889576.2223325,0.0,-8.0,-71.0
1777889576.2323325,0.0,-4.0,-79.0
1777889576.2423325,-3.0,-4.0,-81.0
1777889576.2523324,0.0,-4.0,-82.0
1777889576.2623324,0.0,-4.0,-76.0
1777889576.2723324,-4.0,-3.0,-76.0
1777889576.2823324,-1.0,-3.0,-76.0
1777889576.2923324,0.0,-4.0,-78.0
1777889576.3023324,4.0,-6.0,-77.0
1777889576.3123324,4.0,-6.0,-75.0
1777889576.3223324,4.0,-8.0,-76.0
1777889576.3323324,2.0,-9.0,-71.0
1777889576.3423324,-2.0,-5.0,-67.0
1777889576.3523324,-3.0,-5.0,-67.0
1777889576.3623323,0.0,-2.0,-65.0
1777889576.3723323,-3.0,-5.0,-67.0
1777889576.3823323,-3.0,-6.0,-64.0
1777889576.3923323,0.0,-4.0,-62.0
1777889576.4023323,0.0,-1.0,-60.0
1777889576.4123323,-1.0,0.0,-66.0
1777889576.4223323,1.0,2.0,-64.0
1777889576.4323325,-5.0,0.0,-68.0
1777889576.4423325,-3.0,1.0,-68.0
1777889576.4523325,-7.0,0.0,-67.0
1777889576.4623325,-3.0,-4.0,-68.0
1777889576.4723325,-1.0,-4.0,-57.0
1777889576.4823325,0.0,-6.0,-57.0
1777889576.4923325,2.0,-7.0,-60.0
1777889576.5023324,-2.0,-12.0,-62.0
1777889576.5123324,-3.0,-10.0,-66.0
1777889576.5223324,2.0,-4.0,-69.0
1777889576.5323324,3.0,-2.0,-69.0
1777889576.5423324,4.0,-2.0,-73.0
1777889576.5523324,7.0,-3.0,-73.0
1777889576.5623324,7.0,1.0,-76.0
1777889576.5723324,8.0,-1.0,-70.0
1777889576.5823324,6.0,-1.0,-66.0
1777889576.5923324,5.0,-3.0,-67.0
1777889576.6023324,0.0,-3.0,-68.0
1777889576.6123323,5.0,-1.0,-70.0
1777889576.6223323,2.0,0.0,-80.0
1777889576.6323323,0.0,-1.0,-81.0
1777889576.6423323,-2.0,0.0,-78.0
1777889576.6523323,-3.0,1.0,-72.0
1777889576.6623323,-4.0,0.0,-73.0
1777889576.6723323,-1.0,0.0,-75.0
1777889576.6823325,-3.0,-6.0,-76.0
1777889576.6923325,-4.0,-4.0,-75.0
1777889576.7023325,-5.0,-4.0,-75.0
1777889576.7123325,-1.0,-5.0,-74.0
1777889576.7223325,2.0,-6.0,-72.0
1777889576.7323325,3.0,-6.0,-70.0
1777889576.7423325,4.0,-2.0,-71.0
1777889576.7523324,2.0,-1.0,-70.0
1777889576.7623324,1.0,0.0,-73.0
1777889576.7723324,0.0,-1.0,-82.0
1777889576.7823324,-1.0,0.0,-80.0
1777889576.7923324,2.0,0.0,-72.0
1777889576.8023324,0.0,0.0,-69.0
1777889576.8123324,0.0,-2.0,-64.0
1777889576.8223324,-3.0,-2.0,-64.0
1777889576.8323324,-2.0,-1.0,-63.0
1777889576.8423324,-4.0,-1.0,-66.0
1777889576.8523324,0.0,-4.0,-71.0
1777889576.8623323,0.0,-7.0,-74.0
1777889576.8723323,1.0,-6.0,-72.0
1777889576.8823323,1.0,-2.0,-66.0
1777889576.8923323,-2.0,0.0,-63.0
1777889576.9023323,-1.0,1.0,-60.0
1777889576.9123323,0.0,-2.0,-65.0
1777889576.9223323,-3.0,-4.0,-65.0
1777889576.9323325,-4.0,-8.0,-59.0
1777889576.9423325,0.0,-9.0,-62.0
1777889576.9523325,0.0,-6.0,-64.0
1777889576.9623325,0.0,-3.0,-68.0
1777889576.9723325,0.0,-4.0,-69.0
1777889576.9823325,3.0,-4.0,-74.0
1777889576.9923325,2.0,-6.0,-73.0
1777889577.0023324,4.0,-3.0,-68.0
1777889577.0123324,2.0,-4.0,-70.0
1777889577.0223324,4.0,-2.0,-57.0
1777889577.0323324,5.0,0.0,-56.0
1777889577.0423324,4.0,2.0,-59.0
1777889577.0523324,6.0,1.0,-59.0
1777889577.0623324,4.0,1.0,-62.0
1777889577.0723324,0.0,2.0,-70.0
1777889577.0823324,-4.0,2.0,-71.0
1777889577.0923324,-1.0,1.0,-76.0
1777889577.1023324,-2.0,0.0,-80.0
1777889577.1123323,-2.0,0.0,-84.0
1777889577.1223323,-5.0,2.0,-86.0
1777889577.1323323,-5.0,1.0,-85.0
1777889577.1423323,-3.0,3.0,-83.0
1777889577.1523323,-2.0,-2.0,-80.0
1777889577.1623323,0.0,-4.0,-80.0
1777889577.1733325,-2.0,-6.0,-75.0
1777889577.1823325,-6.0,-3.0,-72.0
1777889577.1923325,-4.0,1.0,-72.0
1777889577.2023325,-4.0,2.0,-65.0
1777889577.2123325,-2.0,0.0,-72.0
1777889577.2223325,0.0,-1.0,-67.0
1777889577.2323325,2.0,-2.0,-64.0
1777889577.2423325,-2.0,-1.0,-66.0
1777889577.2523324,-4.0,-4.0,-73.0
1777889577.2623324,-2.0,-6.0,-71.0
1777889577.2723324,-2.0,-8.0,-70.0
1777889577.2823324,1.0,-7.0,-69.0
1777889577.2923324,1.0,-10.0,-71.0
1777889577.3023324,0.0,-7.0,-77.0
1777889577.3123324,-2.0,-5.0,-77.0
1777889577.3223324,-1.0,-2.0,-72.0
1777889577.3323324,1.0,-1.0,-73.0
1777889577.3423324,-2.0,-1.0,-75.0
1777889577.3523324,-2.0,-3.0,-75.0
1777889577.3623323,-3.0,-4.0,-74.0
1777889577.3723323,0.0,-4.0,-83.0
1777889577.3823323,-2.0,-9.0,-85.0
1777889577.3923323,-2.0,-5.0,-80.0
1777889577.4023323,2.0,-6.0,-78.0
1777889577.4123323,6.0,-7.0,-80.0
1777889577.4223323,6.0,-5.0,-78.0
1777889577.4323325,5.0,-7.0,-72.0
1777889577.4423325,5.0,-5.0,-70.0
1777889577.4523325,10.0,-5.0,-73.0
1777889577.4623325,10.0,-6.0,-68.0
1777889577.4723325,8.0,-6.0,-71.0
1777889577.4823325,4.0,-1.0,-65.0
1777889577.4923325,3.0,0.0,-62.0
1777889577.5023324,3.0,-1.0,-64.0
1777889577.5123324,3.0,-8.0,-65.0
1777889577.5223324,0.0,-11.0,-71.0
1777889577.5323324,3.0,-12.0,-72.0
1777889577.5423324,2.0,-13.0,-72.0
1777889577.5523324,0.0,-11.0,-68.0
1777889577.5623324,-3.0,-7.0,-65.0
1777889577.5723324,-2.0,-5.0,-65.0
1777889577.5823324,-2.0,-5.0,-68.0
1777889577.5923324,0.0,-3.0,-73.0
1777889577.6023324,-1.0,-2.0,-72.0
1777889577.6123323,5.0,-3.0,-73.0
1777889577.6223323,3.0,1.0,-71.0
1777889577.6323323,-2.0,4.0,-69.0
1777889577.6423323,-8.0,4.0,-73.0
1777889577.6523323,-4.0,5.0,-77.0
1777889577.6623323,-1.0,5.0,-81.0
1777889577.6723323,1.0,1.0,-83.0
1777889577.6823325,3.0,0.0,-77.0
1777889577.6923325,5.0,-5.0,-69.0
1777889577.7023325,7.0,-3.0,-72.0
1777889577.7123325,2.0,-3.0,-70.0
1777889577.7223325,3.0,-8.0,-68.0
1777889577.7323325,7.0,-10.0,-71.0
1777889577.7423325,4.0,-5.0,-71.0
1777889577.7523324,0.0,-3.0,-74.0
1777889577.7623324,0.0,-1.0,-78.0
1777889577.7723324,-1.0,-4.0,-78.0
1777889577.7823324,1.0,-3.0,-83.0
1777889577.7923324,0.0,-2.0,-78.0
1777889577.8023324,0.0,-1.0,-73.0
1777889577.8123324,-2.0,1.0,-76.0
1777889577.8223324,-5.0,2.0,-76.0
1777889577.8323324,-6.0,0.0,-77.0
1777889577.8423324,-5.0,-1.0,-73.0
1777889577.8523324,-2.0,-6.0,-69.0
1777889577.8623323,-2.0,-8.0,-74.0
1777889577.8723323,-4.0,-10.0,-77.0
1777889577.8823323,-6.0,-6.0,-82.0
1777889577.8923323,-6.0,-3.0,-81.0
1777889577.9023323,0.0,-2.0,-83.0
1777889577.9133325,-3.0,0.0,-77.0
1777889577.9233325,-1.0,-2.0,-71.0
1777889577.9333324,-3.0,-1.0,-70.0
1777889577.9433324,0.0,-1.0,-71.0
1777889577.9533324,-2.0,0.0,-73.0
1777889577.9633324,1.0,0.0,-74.0
1777889577.9733324,1.0,-1.0,-71.0
1777889577.9833324,-1.0,0.0,-71.0
1777889577.9933324,-3.0,0.0,-75.0
1777889578.0033324,-3.0,-5.0,-75.0
1777889578.0133324,-1.0,-6.0,-78.0
1777889578.0233324,0.0,-6.0,-78.0
1777889578.0333323,-2.0,-8.0,-79.0
1777889578.0433323,-1.0,-4.0,-80.0
1777889578.0533323,-3.0,-1.0,-86.0
1777889578.0633323,0.0,1.0,-77.0
1777889578.0733323,3.0,0.0,-71.0
1777889578.0833323,2.0,-2.0,-74.0
1777889578.0933323,1.0,-2.0,-77.0
1777889578.1033323,3.0,-3.0,-74.0
1777889578.1133325,6.0,0.0,-73.0
1777889578.1233325,6.0,4.0,-73.0
1777889578.1333325,-1.0,4.0,-67.0
1777889578.1433325,-3.0,3.0,-71.0
1777889578.1533325,-5.0,0.0,-66.0
1777889578.1633325,-5.0,2.0,-63.0
1777889578.1733325,-4.0,3.0,-73.0
1777889578.1833324,-4.0,6.0,-70.0
1777889578.1933324,-5.0,8.0,-72.0
1777889578.2033324,-2.0,5.0,-72.0
1777889578.2133324,1.0,4.0,-72.0
1777889578.2233324,2.0,2.0,-72.0
1777889578.2333324,5.0,-1.0,-79.0
1777889578.2433324,4.0,-6.0,-83.0
1777889578.2533324,3.0,-4.0,-85.0
1777889578.2633324,2.0,-4.0,-79.0
1777889578.2733324,-1.0,-5.0,-74.0
1777889578.2833323,-2.0,-6.0,-75.0
1777889578.2933323,-3.0,-5.0,-80.0
1777889578.3033323,-7.0,-4.0,-84.0
1777889578.3133323,-3.0,-2.0,-79.0
1777889578.3233323,2.0,2.0,-75.0
1777889578.3333323,2.0,0.0,-78.0
1777889578.3433323,0.0,-5.0,-79.0
1777889578.3533323,0.0,-5.0,-82.0
1777889578.3633325,1.0,-4.0,-79.0
1777889578.3733325,-1.0,2.0,-80.0
1777889578.3833325,-2.0,3.0,-83.0
1777889578.3933325,4.0,7.0,-82.0
1777889578.4033325,5.0,6.0,-81.0
1777889578.4133325,6.0,0.0,-76.0
1777889578.4233325,3.0,0.0,-78.0
1777889578.4333324,-4.0,1.0,-81.0
1777889578.4433324,-7.0,-1.0,-78.0
1777889578.4533324,-7.0,0.0,-80.0
1777889578.4633324,-5.0,-1.0,-84.0
1777889578.4733324,0.0,-8.0,-80.0
1777889578.4833324,1.0,-7.0,-75.0
1777889578.4933324,6.0,-6.0,-78.0
1777889578.5033324,5.0,-3.0,-75.0
1777889578.5133324,3.0,-4.0,-77.0
1777889578.5233324,-1.0,-2.0,-79.0
1777889578.5333323,-1.0,-3.0,-79.0
1777889578.5433323,-6.0,-3.0,-75.0
1777889578.5533323,-7.0,-2.0,-77.0
1777889578.5633323,-7.0,-3.0,-79.0
1777889578.5733323,0.0,-3.0,-70.0
1777889578.5833323,5.0,-1.0,-67.0
1777889578.5933323,7.0,0.0,-65.0
1777889578.6033323,9.0,1.0,-72.0
1777889578.6133325,9.0,-2.0,-73.0
1777889578.6233325,8.0,-3.0,-70.0
1777889578.6333325,6.0,-3.0,-69.0
1777889578.6433325,4.0,-2.0,-67.0
1777889578.6533325,5.0,-6.0,-72.0
1777889578.6633325,5.0,-6.0,-72.0
1777889578.6733325,2.0,-4.0,-76.0
1777889578.6833324,-3.0,-1.0,-73.0
1777889578.6933324,-5.0,-2.0,-70.0
1777889578.7033324,-2.0,-2.0,-68.0
1777889578.7133324,-2.0,-1.0,-67.0
1777889578.7233324,-1.0,-2.0,-68.0
1777889578.7333324,-1.0,-8.0,-69.0
1777889578.7433324,-2.0,-10.0,-67.0
1777889578.7533324,0.0,-11.0,-71.0
1777889578.7633324,-3.0,-10.0,-68.0
1777889578.7733324,0.0,-8.0,-64.0
1777889578.7833323,0.0,-5.0,-67.0
1777889578.7933323,-2.0,-7.0,-74.0
1777889578.8033323,0.0,-5.0,-72.0
1777889578.8133323,0.0,-3.0,-64.0
1777889578.8233323,3.0,0.0,-59.0
1777889578.8333323,3.0,0.0,-65.0
1777889578.8433323,4.0,1.0,-71.0
1777889578.8533323,5.0,-3.0,-73.0
1777889578.8633325,2.0,-1.0,-69.0
1777889578.8733325,3.0,0.0,-63.0
1777889578.8833325,1.0,1.0,-62.0
1777889578.8933325,2.0,3.0,-64.0
1777889578.9033325,1.0,1.0,-62.0
1777889578.9133325,3.0,1.0,-65.0
1777889578.9233325,0.0,2.0,-62.0
1777889578.9333324,-2.0,6.0,-63.0
1777889578.9433324,1.0,3.0,-66.0
1777889578.9533324,4.0,2.0,-69.0
1777889578.9633324,5.0,1.0,-70.0
1777889578.9733324,2.0,2.0,-67.0
1777889578.9833324,-2.0,6.0,-71.0
1777889578.9933324,-4.0,6.0,-74.0
1777889579.0033324,0.0,6.0,-80.0
1777889579.0133324,3.0,1.0,-77.0
1777889579.0233324,0.0,2.0,-74.0
1777889579.0333323,5.0,0.0,-76.0
1777889579.0433323,9.0,0.0,-73.0
1777889579.0533323,7.0,1.0,-76.0
1777889579.0633323,-3.0,-1.0,-74.0
1777889579.0733323,-5.0,0.0,-79.0
1777889579.0833323,-4.0,1.0,-82.0
1777889579.0933323,-3.0,8.0,-78.0
1777889579.1033323,-7.0,13.0,-80.0
1777889579.1133325,-4.0,10.0,-83.0
1777889579.1233325,-1.0,5.0,-86.0
1777889579.1333325,4.0,6.0,-84.0
1777889579.1433325,6.0,9.0,-81.0
1777889579.1533325,6.0,11.0,-80.0
1777889579.1633325,4.0,8.0,-79.0
1777889579.1733325,1.0,6.0,-77.0
1777889579.1833324,3.0,7.0,-78.0
1777889579.1933324,0.0,2.0,-71.0
1777889579.2033324,1.0,4.0,-71.0
1777889579.2133324,6.0,5.0,-75.0
1777889579.2233324,5.0,5.0,-75.0
1777889579.2333324,5.0,4.0,-73.0
1777889579.2433324,4.0,0.0,-67.0
1777889579.2533324,7.0,2.0,-68.0
1777889579.2633324,7.0,1.0,-74.0
1777889579.2733324,3.0,-2.0,-79.0
1777889579.2833323,0.0,-3.0,-76.0
1777889579.2933323,-2.0,-1.0,-76.0
1777889579.3033323,0.0,-1.0,-74.0
1777889579.3133323,6.0,0.0,-71.0
1777889579.3233323,4.0,2.0,-71.0
1777889579.3333323,2.0,0.0,-67.0
1777889579.3433323,2.0,0.0,-73.0
1777889579.3533323,4.0,1.0,-73.0
1777889579.3633325,10.0,1.0,-67.0
1777889579.3733325,5.0,0.0,-69.0
1777889579.3833325,3.0,3.0,-69.0
1777889579.3933325,-2.0,5.0,-76.0
1777889579.4033325,-2.0,5.0,-75.0
1777889579.4133325,-4.0,0.0,-77.0
1777889579.4233325,-4.0,-2.0,-71.0
1777889579.4333324,-6.0,-3.0,-74.0
1777889579.4433324,-3.0,-4.0,-77.0
1777889579.4533324,0.0,-6.0,-77.0
1777889579.4633324,2.0,-8.0,-76.0
1777889579.4733324,0.0,-2.0,-70.0
1777889579.4833324,-2.0,0.0,-67.0
1777889579.4933324,0.0,0.0,-72.0
1777889579.5033324,0.0,-2.0,-71.0
1777889579.5133324,2.0,-2.0,-68.0
1777889579.5233324,4.0,0.0,-65.0
1777889579.5333323,1.0,1.0,-66.0
1777889579.5433323,2.0,-6.0,-69.0
1777889579.5533323,2.0,-6.0,-71.0
1777889579.5633323,4.0,-5.0,-76.0
1777889579.5733323,7.0,-4.0,-78.0
1777889579.5833323,2.0,1.0,-81.0
1777889579.5933323,0.0,5.0,-81.0
1777889579.6033323,-2.0,0.0,-73.0
1777889579.6133325,1.0,0.0,-75.0
1777889579.6233325,1.0,2.0,-79.0
1777889579.6333325,1.0,1.0,-75.0
1777889579.6433325,4.0,0.0,-73.0
1777889579.6533325,5.0,0.0,-70.0
1777889579.6633325,4.0,0.0,-69.0
1777889579.6733325,0.0,4.0,-71.0
1777889579.6833324,0.0,3.0,-69.0
1777889579.6933324,1.0,5.0,-71.0
1777889579.7033324,-6.0,1.0,-72.0
1777889579.7133324,-4.0,2.0,-68.0
1777889579.7233324,0.0,4.0,-71.0
1777889579.7333324,-1.0,2.0,-71.0
1777889579.7433324,-4.0,4.0,-68.0
1777889579.7533324,-3.0,0.0,-73.0
1777889579.7633324,-7.0,-3.0,-66.0
1777889579.7733324,-4.0,1.0,-68.0
1777889579.7833323,-4.0,0.0,-69.0
1777889579.7933323,-2.0,-2.0,-65.0
1777889579.8033323,-2.0,-1.0,-72.0
1777889579.8133323,0.0,-6.0,-80.0
1777889579.8233323,3.0,-5.0,-82.0
1777889579.8333323,0.0,-8.0,-83.0
1777889579.8433323,-3.0,-6.0,-80.0
1777889579.8533323,-2.0,-9.0,-78.0
1777889579.8633325,0.0,-2.0,-77.0
1777889579.8733325,-2.0,-1.0,-82.0
1777889579.8843324,-4.0,0.0,-87.0
1777889579.8943324,-3.0,0.0,-89.0
1777889579.9043324,0.0,5.0,-76.0
1777889579.9143324,-1.0,5.0,-75.0
1777889579.9243324,0.0,2.0,-70.0
1777889579.9343324,4.0,1.0,-72.0
1777889579.9443324,6.0,0.0,-72.0
1777889579.9543324,3.0,0.0,-69.0
1777889579.9643323,1.0,1.0,-73.0
1777889579.9743323,2.0,4.0,-71.0
1777889579.9843323,7.0,1.0,-73.0
1777889579.9943323,7.0,3.0,-79.0
1777889580.0043323,8.0,0.0,-80.0
1777889580.0143323,6.0,0.0,-77.0
1777889580.0243323,5.0,2.0,-81.0
1777889580.0343325,4.0,2.0,-77.0
1777889580.0443325,6.0,1.0,-76.0
1777889580.0543325,9.0,-2.0,-82.0
1777889580.0643325,8.0,-6.0,-82.0
1777889580.0743325,6.0,-9.0,-82.0
1777889580.0843325,0.0,-5.0,-85.0
1777889580.0943325,2.0,-1.0,-88.0
1777889580.1043324,0.0,0.0,-86.0
1777889580.1143324,0.0,2.0,-81.0
1777889580.1243324,2.0,4.0,-80.0
1777889580.1343324,2.0,4.0,-76.0
1777889580.1443324,0.0,2.0,-69.0
1777889580.1543324,-3.0,5.0,-73.0
1777889580.1643324,-2.0,10.0,-72.0
1777889580.1743324,0.0,11.0,-74.0
1777889580.1843324,0.0,4.0,-76.0
1777889580.1943324,1.0,0.0,-73.0
1777889580.2043324,0.0,0.0,-72.0
1777889580.2143323,3.0,-2.0,-72.0
1777889580.2243323,2.0,-1.0,-71.0
1777889580.2343323,3.0,1.0,-75.0
1777889580.2443323,0.0,-1.0,-79.0
1777889580.2543323,-2.0,-5.0,-78.0
1777889580.2643323,-1.0,-2.0,-77.0
1777889580.2743323,0.0,-1.0,-77.0
1777889580.2843325,-2.0,0.0,-76.0
1777889580.2943325,-3.0,0.0,-75.0
1777889580.3043325,-2.0,-2.0,-84.0
1777889580.3143325,-1.0,-1.0,-84.0
1777889580.3243325,-6.0,0.0,-86.0
1777889580.3343325,-7.0,-3.0,-84.0
1777889580.3443325,-4.0,-3.0,-82.0
1777889580.3543324,-4.0,-2.0,-83.0
1777889580.3643324,-3.0,-1.0,-80.0
1777889580.3743324,0.0,0.0,-81.0
1777889580.3843324,0.0,0.0,-88.0
1777889580.3943324,1.0,-2.0,-95.0
1777889580.4043324,2.0,-2.0,-85.0
1777889580.4143324,2.0,-5.0,-84.0
1777889580.4243324,6.0,-2.0,-84.0
1777889580.4343324,0.0,-2.0,-87.0
1777889580.4443324,1.0,-1.0,-75.0
1777889580.4543324,0.0,-1.0,-71.0
1777889580.4643323,1.0,-2.0,-80.0
1777889580.4743323,1.0,-3.0,-83.0
1777889580.4843323,3.0,-2.0,-77.0
1777889580.4943323,2.0,-8.0,-71.0
1777889580.5043323,3.0,-7.0,-72.0
1777889580.5143323,0.0,-4.0,-75.0
1777889580.5243323,1.0,-7.0,-75.0
1777889580.5343325,0.0,-7.0,-81.0
1777889580.5443325,-1.0,-4.0,-79.0
1777889580.5543325,4.0,-5.0,-80.0
1777889580.5643325,1.0,-1.0,-77.0
1777889580.5743325,2.0,-6.0,-77.0
1777889580.5843325,0.0,-2.0,-78.0
1777889580.5943325,4.0,2.0,-80.0
1777889580.6043324,4.0,0.0,-82.0
1777889580.6143324,3.0,4.0,-82.0
1777889580.6243324,0.0,4.0,-79.0
1777889580.6343324,0.0,4.0,-88.0
1777889580.6443324,0.0,5.0,-82.0
1777889580.6543324,5.0,8.0,-74.0
1777889580.6643324,5.0,3.0,-73.0
1777889580.6743324,6.0,2.0,-76.0
1777889580.6843324,6.0,1.0,-77.0
1777889580.6943324,5.0,2.0,-79.0
1777889580.7043324,1.0,2.0,-76.0
1777889580.7143323,1.0,1.0,-78.0
1777889580.7243323,5.0,1.0,-70.0
1777889580.7343323,5.0,1.0,-71.0
1777889580.7443323,6.0,0.0,-73.0
1777889580.7543323,9.0,-4.0,-79.0
1777889580.7643323,8.0,-4.0,-73.0
1777889580.7743323,7.0,-2.0,-79.0
1777889580.7843325,1.0,-4.0,-81.0
1777889580.7943325,3.0,-3.0,-82.0
1777889580.8043325,4.0,-2.0,-77.0
1777889580.8143325,4.0,-7.0,-77.0
1777889580.8243325,3.0,-5.0,-76.0
1777889580.8343325,0.0,-3.0,-77.0
1777889580.8443325,2.0,0.0,-71.0
1777889580.8543324,5.0,4.0,-72.0
1777889580.8643324,2.0,1.0,-80.0
1777889580.8743324,0.0,-2.0,-81.0
1777889580.8843324,5.0,-1.0,-75.0
1777889580.8943324,6.0,5.0,-75.0
1777889580.9043324,0.0,3.0,-74.0
1777889580.9143324,1.0,3.0,-70.0
1777889580.9243324,-1.0,4.0,-69.0
1777889580.9343324,2.0,3.0,-64.0
1777889580.9443324,-1.0,1.0,-67.0
1777889580.9543324,-4.0,2.0,-69.0
1777889580.9643323,-2.0,1.0,-67.0
1777889580.9743323,-2.0,-1.0,-66.0
1777889580.9843323,1.0,-3.0,-67.0
1777889580.9943323,0.0,-3.0,-73.0
1777889581.0043323,-3.0,-1.0,-74.0
1777889581.0143323,-4.0,-2.0,-73.0
1777889581.0243323,1.0,-2.0,-69.0
1777889581.0343325,6.0,-1.0,-73.0
1777889581.0443325,2.0,-2.0,-87.0
1777889581.0543325,1.0,-1.0,-89.0
1777889581.0643325,2.0,2.0,-75.0
1777889581.0743325,2.0,4.0,-77.0
1777889581.0843325,3.0,-1.0,-82.0
1777889581.0943325,0.0,-4.0,-83.0
1777889581.1043324,-3.0,-6.0,-80.0
1777889581.1143324,-6.0,0.0,-73.0
1777889581.1243324,-7.0,0.0,-76.0
1777889581.1343324,-9.0,6.0,-68.0
1777889581.1443324,-6.0,7.0,-62.0
1777889581.1543324,-6.0,9.0,-62.0
1777889581.1643324,1.0,9.0,-61.0
1777889581.1743324,2.0,9.0,-68.0
1777889581.1843324,2.0,8.0,-68.0
1777889581.1943324,3.0,14.0,-72.0
1777889581.2043324,-1.0,5.0,-73.0
1777889581.2143323,-5.0,-1.0,-73.0
1777889581.2243323,-3.0,-3.0,-65.0
1777889581.2343323,-2.0,-2.0,-66.0
1777889581.2443323,-5.0,-4.0,-70.0
1777889581.2543323,-6.0,-3.0,-76.0
1777889581.2643323,-6.0,-1.0,-70.0
1777889581.2743323,-6.0,-2.0,-79.0
1777889581.2843325,-4.0,-1.0,-87.0
1777889581.2943325,0.0,-2.0,-80.0
1777889581.3043325,-1.0,0.0,-77.0
1777889581.3143325,0.0,-2.0,-70.0
1777889581.3243325,1.0,-3.0,-72.0
1777889581.3343325,1.0,-3.0,-68.0
1777889581.3443325,0.0,1.0,-71.0
1777889581.3543324,0.0,-2.0,-75.0
1777889581.3643324,-1.0,0.0,-76.0
1777889581.3743324,-4.0,3.0,-79.0
1777889581.3843324,-4.0,4.0,-82.0
1777889581.3943324,-1.0,2.0,-87.0
1777889581.4043324,2.0,0.0,-84.0
1777889581.4143324,1.0,1.0,-81.0
1777889581.4243324,0.0,1.0,-75.0
1777889581.4343324,-3.0,1.0,-67.0
1777889581.4443324,-1.0,4.0,-73.0
1777889581.4543324,-2.0,4.0,-71.0
1777889581.4643323,-4.0,1.0,-68.0
1777889581.4743323,-3.0,2.0,-67.0
1777889581.4843323,0.0,2.0,-64.0
1777889581.4943323,-2.0,-2.0,-62.0
1777889581.5043323,1.0,-5.0,-64.0
1777889581.5143323,0.0,-10.0,-75.0
1777889581.5243323,-2.0,-6.0,-79.0
1777889581.5343325,-4.0,0.0,-83.0
1777889581.5443325,-6.0,0.0,-78.0
1777889581.5543325,-4.0,-2.0,-68.0
1777889581.5643325,-1.0,-3.0,-63.0
1777889581.5743325,-2.0,-2.0,-60.0
1777889581.5843325,-3.0,-1.0,-67.0
1777889581.5943325,-1.0,-1.0,-78.0
1777889581.6043324,2.0,0.0,-79.0
1777889581.6143324,0.0,-1.0,-75.0
1777889581.6253324,-3.0,-1.0,-77.0
1777889581.6343324,-6.0,-2.0,-80.0
1777889581.6443324,-1.0,-4.0,-81.0
1777889581.6543324,0.0,-7.0,-80.0
1777889581.6643324,0.0,-3.0,-80.0
1777889581.6743324,1.0,-3.0,-78.0
1777889581.6843324,0.0,-5.0,-74.0
1777889581.6943324,-1.0,-1.0,-70.0
1777889581.7043324,0.0,3.0,-76.0
1777889581.7143323,1.0,0.0,-82.0
1777889581.7243323,4.0,-1.0,-84.0
1777889581.7343323,0.0,1.0,-86.0
1777889581.7443323,0.0,-1.0,-86.0
1777889581.7543323,-3.0,-5.0,-75.0
1777889581.7643323,0.0,-6.0,-74.0
1777889581.7743323,-2.0,-6.0,-72.0
1777889581.7843325,2.0,-6.0,-69.0
1777889581.7943325,6.0,-4.0,-77.0
1777889581.8043325,9.0,0.0,-84.0
1777889581.8143325,9.0,-1.0,-83.0
1777889581.8243325,15.0,5.0,-84.0
1777889581.8343325,15.0,1.0,-80.0
1777889581.8443325,8.0,1.0,-76.0
1777889581.8553324,3.0,2.0,-73.0
1777889581.8643324,3.0,-1.0,-77.0
1777889581.8753324,1.0,-3.0,-82.0
1777889581.8853323,3.0,-3.0,-77.0
1777889581.8943324,0.0,0.0,-73.0
1777889581.9053323,-1.0,0.0,-72.0
1777889581.9153323,6.0,0.0,-69.0
1777889581.9253323,7.0,0.0,-77.0
1777889581.9353323,10.0,6.0,-69.0
1777889581.9453323,11.0,8.0,-66.0
1777889581.9553325,9.0,5.0,-72.0
1777889581.9653325,4.0,0.0,-69.0
1777889581.9753325,2.0,-3.0,-70.0
1777889581.9863324,0.0,-3.0,-71.0
1777889581.9953325,4.0,-4.0,-86.0
1777889582.0053325,4.0,-2.0,-85.0
1777889582.0153325,3.0,2.0,-80.0
1777889582.0253325,7.0,0.0,-79.0
1777889582.0353324,5.0,0.0,-78.0
1777889582.0453324,4.0,-1.0,-72.0
1777889582.0553324,1.0,0.0,-75.0
1777889582.0653324,0.0,-1.0,-77.0
1777889582.0753324,0.0,-1.0,-75.0
1777889582.0853324,-3.0,2.0,-74.0
1777889582.0953324,-2.0,6.0,-79.0
1777889582.1053324,-3.0,4.0,-77.0
1777889582.1153324,-4.0,1.0,-77.0
1777889582.1253324,-4.0,2.0,-79.0
1777889582.1353323,-3.0,1.0,-74.0
1777889582.1453323,1.0,-1.0,-75.0
1777889582.1553323,8.0,-2.0,-71.0
1777889582.1653323,8.0,-2.0,-71.0
1777889582.1753323,4.0,-1.0,-74.0
1777889582.1853323,4.0,0.0,-75.0
1777889582.1953323,0.0,3.0,-66.0
1777889582.2053325,0.0,3.0,-60.0
1777889582.2153325,-2.0,1.0,-63.0
1777889582.2253325,-3.0,-2.0,-66.0
1777889582.2353325,0.0,-4.0,-65.0
1777889582.2453325,0.0,-5.0,-70.0
1777889582.2553325,3.0,-3.0,-77.0
1777889582.2653325,3.0,-5.0,-82.0
1777889582.2753325,3.0,-5.0,-82.0
1777889582.2853324,1.0,-1.0,-78.0
1777889582.2953324,-1.0,-2.0,-78.0
1777889582.3053324,0.0,-5.0,-78.0
1777889582.3153324,0.0,-5.0,-75.0
1777889582.3253324,0.0,-1.0,-72.0
1777889582.3353324,-3.0,2.0,-70.0
1777889582.3453324,1.0,5.0,-75.0
1777889582.3553324,4.0,8.0,-81.0
1777889582.3653324,4.0,2.0,-84.0
1777889582.3753324,2.0,-1.0,-80.0
1777889582.3853323,0.0,-3.0,-78.0
1777889582.3953323,-1.0,0.0,-75.0
1777889582.4053323,4.0,2.0,-84.0
1777889582.4153323,6.0,2.0,-84.0
1777889582.4253323,5.0,6.0,-80.0
1777889582.4353323,6.0,5.0,-76.0
1777889582.4453323,4.0,0.0,-74.0
1777889582.4553325,8.0,-1.0,-75.0
1777889582.4653325,2.0,1.0,-75.0
1777889582.4753325,0.0,0.0,-79.0
1777889582.4853325,-1.0,2.0,-79.0
1777889582.4953325,0.0,5.0,-82.0
1777889582.5053325,-3.0,2.0,-87.0
1777889582.5153325,-2.0,0.0,-77.0
1777889582.5253325,0.0,1.0,-75.0
1777889582.5353324,-2.0,0.0,-75.0
1777889582.5453324,-3.0,1.0,-72.0
1777889582.5553324,-5.0,-1.0,-89.0
1777889582.5653324,-3.0,1.0,-87.0
1777889582.5753324,-5.0,0.0,-83.0
1777889582.5853324,-5.0,-3.0,-81.0
1777889582.5953324,-2.0,-5.0,-82.0
1777889582.6053324,-1.0,-5.0,-76.0
1777889582.6153324,-3.0,-3.0,-64.0
1777889582.6253324,3.0,-4.0,-63.0
1777889582.6353323,3.0,0.0,-72.0
1777889582.6453323,2.0,0.0,-76.0
1777889582.6553323,-3.0,2.0,-70.0
1777889582.6653323,-4.0,4.0,-75.0
1777889582.6753323,-3.0,4.0,-75.0
1777889582.6853323,0.0,2.0,-75.0
1777889582.6953323,-3.0,1.0,-78.0
1777889582.7053325,0.0,2.0,-79.0
1777889582.7153325,-3.0,1.0,-86.0
1777889582.7253325,-2.0,2.0,-91.0
1777889582.7353325,2.0,3.0,-89.0
1777889582.7453325,3.0,3.0,-85.0
1777889582.7553325,0.0,2.0,-83.0
1777889582.7653325,-2.0,-1.0,-81.0
1777889582.7753325,2.0,2.0,-82.0
1777889582.7853324,5.0,-2.0,-79.0
1777889582.7953324,8.0,1.0,-75.0
1777889582.8053324,7.0,0.0,-68.0
1777889582.8153324,5.0,3.0,-56.0
1777889582.8253324,6.0,2.0,-55.0
1777889582.8353324,5.0,3.0,-59.0
1777889582.8453324,3.0,5.0,-62.0
1777889582.8553324,4.0,3.0,-66.0
1777889582.8653324,5.0,0.0,-69.0
1777889582.8753324,3.0,-1.0,-71.0
1777889582.8853323,0.0,-1.0,-74.0
1777889582.8953323,1.0,-3.0,-78.0
1777889582.9053323,4.0,-2.0,-75.0
1777889582.9153323,-1.0,0.0,-76.0
1777889582.9253323,1.0,1.0,-73.0
1777889582.9353323,4.0,3.0,-68.0
1777889582.9453323,0.0,1.0,-78.0
1777889582.9553325,0.0,1.0,-78.0
1777889582.9653325,-3.0,4.0,-70.0
1777889582.9753325,-3.0,5.0,-79.0
1777889582.9853325,-3.0,2.0,-79.0
1777889582.9953325,-8.0,2.0,-78.0
1777889583.0053325,-5.0,3.0,-78.0
1777889583.0153325,0.0,5.0,-77.0
1777889583.0253325,-3.0,1.0,-78.0
1777889583.0353324,0.0,0.0,-83.0
1777889583.0453324,-3.0,0.0,-82.0
1777889583.0553324,-3.0,3.0,-84.0
1777889583.0653324,0.0,3.0,-86.0
1777889583.0753324,0.0,1.0,-84.0
1777889583.0853324,-2.0,1.0,-76.0
1777889583.0953324,-1.0,3.0,-75.0
1777889583.1053324,0.0,1.0,-75.0
1777889583.1153324,1.0,1.0,-76.0
1777889583.1253324,-3.0,2.0,-77.0
1777889583.1353323,-1.0,3.0,-77.0
1777889583.1453323,2.0,2.0,-77.0
1777889583.1553323,4.0,2.0,-72.0
1777889583.1653323,6.0,3.0,-79.0
1777889583.1753323,8.0,6.0,-80.0
1777889583.1853323,5.0,7.0,-73.0
1777889583.1953323,2.0,6.0,-70.0
1777889583.2053325,1.0,6.0,-68.0
1777889583.2153325,1.0,4.0,-64.0
1777889583.2253325,1.0,2.0,-67.0
1777889583.2353325,2.0,1.0,-68.0
1777889583.2453325,2.0,5.0,-68.0
1777889583.2553325,1.0,1.0,-65.0
1777889583.2653325,1.0,0.0,-69.0
1777889583.2753325,1.0,2.0,-72.0
1777889583.2853324,-1.0,5.0,-72.0
1777889583.2953324,2.0,5.0,-75.0
1777889583.3053324,-3.0,6.0,-75.0
1777889583.3153324,-3.0,8.0,-77.0
1777889583.3253324,-1.0,3.0,-77.0
1777889583.3353324,-4.0,0.0,-77.0
1777889583.3453324,-2.0,0.0,-80.0
1777889583.3553324,-1.0,1.0,-80.0
1777889583.3653324,-6.0,-1.0,-75.0
1777889583.3753324,-6.0,-1.0,-77.0
1777889583.3853323,-3.0,-1.0,-71.0
1777889583.3953323,1.0,3.0,-73.0
1777889583.4053323,2.0,3.0,-73.0
1777889583.4153323,2.0,-1.0,-72.0
1777889583.4253323,4.0,-3.0,-75.0
1777889583.4353323,1.0,-4.0,-69.0
1777889583.4453323,0.0,-3.0,-68.0
1777889583.4553325,0.0,-2.0,-67.0
1777889583.4653325,-3.0,-2.0,-61.0
1777889583.4753325,-1.0,1.0,-62.0
1777889583.4853325,2.0,0.0,-66.0
1777889583.4953325,0.0,2.0,-79.0
1777889583.5053325,0.0,1.0,-80.0
1777889583.5153325,2.0,0.0,-83.0
1777889583.5253325,-1.0,-1.0,-88.0
1777889583.5353324,-3.0,1.0,-92.0
1777889583.5453324,-6.0,0.0,-88.0
1777889583.5553324,-8.0,-1.0,-87.0
1777889583.5653324,-6.0,-1.0,-87.0
1777889583.5753324,-6.0,1.0,-77.0
1777889583.5853324,-2.0,2.0,-79.0
1777889583.5953324,-2.0,-2.0,-73.0
1777889583.6053324,1.0,-5.0,-71.0
1777889583.6153324,0.0,-8.0,-77.0
1777889583.6253324,-2.0,-3.0,-79.0
1777889583.6353323,-1.0,0.0,-76.0
1777889583.6453323,-2.0,1.0,-74.0
1777889583.6553323,-3.0,6.0,-74.0
1777889583.6653323,-3.0,6.0,-75.0
1777889583.6753323,-5.0,4.0,-78.0
1777889583.6853323,-5.0,0.0,-82.0
1777889583.6953323,-3.0,-2.0,-85.0
1777889583.7053325,-4.0,-4.0,-86.0
1777889583.7153325,-2.0,0.0,-84.0
1777889583.7253325,-3.0,2.0,-80.0
1777889583.7353325,-3.0,0.0,-82.0
1777889583.7453325,-1.0,-1.0,-76.0
1777889583.7553325,2.0,2.0,-80.0
1777889583.7653325,4.0,0.0,-75.0
1777889583.7753325,0.0,0.0,-78.0
1777889583.7853324,3.0,0.0,-78.0
1777889583.7953324,7.0,-1.0,-77.0
1777889583.8053324,3.0,0.0,-77.0
1777889583.8153324,6.0,0.0,-87.0
1777889583.8253324,3.0,0.0,-86.0
1777889583.8353324,5.0,1.0,-83.0
1777889583.8453324,2.0,0.0,-88.0
1777889583.8563323,2.0,0.0,-81.0
1777889583.8653324,0.0,0.0,-76.0
1777889583.8753324,0.0,0.0,-75.0
1777889583.8863325,-1.0,1.0,-74.0
1777889583.8953323,1.0,0.0,-74.0
1777889583.9063325,6.0,3.0,-74.0
1777889583.9163325,10.0,4.0,-74.0
1777889583.9263325,8.0,1.0,-72.0
1777889583.9363325,5.0,3.0,-73.0
1777889583.9463325,1.0,4.0,-80.0
1777889583.9563324,0.0,3.0,-84.0
1777889583.9663324,0.0,4.0,-80.0
1777889583.9763324,0.0,1.0,-83.0
1777889583.9863324,8.0,0.0,-82.0
1777889583.9963324,7.0,0.0,-82.0
1777889584.0063324,7.0,0.0,-84.0
1777889584.0163324,8.0,-3.0,-81.0
1777889584.0263324,6.0,-6.0,-79.0
1777889584.0363324,4.0,-4.0,-70.0
1777889584.0463324,-2.0,-3.0,-71.0
1777889584.0563323,0.0,-1.0,-75.0
1777889584.0663323,0.0,0.0,-84.0
1777889584.0763323,4.0,0.0,-81.0
1777889584.0863323,2.0,0.0,-81.0
1777889584.0963323,0.0,-1.0,-75.0
1777889584.1063323,0.0,-3.0,-73.0
1777889584.1163323,0.0,-1.0,-78.0
1777889584.1263323,0.0,0.0,-76.0
1777889584.1363325,6.0,0.0,-77.0
1777889584.1463325,4.0,4.0,-72.0
1777889584.1563325,3.0,3.0,-74.0
1777889584.1663325,4.0,7.0,-79.0
1777889584.1763325,3.0,0.0,-81.0
1777889584.1863325,4.0,-6.0,-79.0
1777889584.1963325,4.0,-6.0,-84.0
1777889584.2063324,1.0,-6.0,-85.0
1777889584.2163324,0.0,-7.0,-82.0
1777889584.2263324,-1.0,-4.0,-80.0
1777889584.2363324,0.0,-8.0,-83.0
1777889584.2463324,1.0,-5.0,-80.0
1777889584.2563324,1.0,-2.0,-80.0
1777889584.2663324,0.0,0.0,-78.0
1777889584.2763324,2.0,4.0,-74.0
1777889584.2863324,1.0,5.0,-72.0
1777889584.2963324,2.0,1.0,-65.0
1777889584.3063323,0.0,-5.0,-60.0
1777889584.3163323,-4.0,-6.0,-65.0
1777889584.3263323,-6.0,-4.0,-67.0
1777889584.3363323,-6.0,-3.0,-62.0
1777889584.3463323,-2.0,2.0,-67.0
1777889584.3563323,-4.0,2.0,-70.0
1777889584.3663323,-3.0,-2.0,-66.0
1777889584.3763323,-1.0,-5.0,-73.0
1777889584.3863325,-2.0,-4.0,-84.0
1777889584.3963325,0.0,-1.0,-79.0
1777889584.4063325,0.0,0.0,-73.0
1777889584.4163325,0.0,1.0,-70.0
1777889584.4263325,4.0,1.0,-70.0
1777889584.4363325,7.0,0.0,-70.0
1777889584.4463325,4.0,0.0,-63.0
1777889584.4563324,3.0,1.0,-68.0
1777889584.4663324,0.0,2.0,-69.0
1777889584.4763324,-2.0,1.0,-73.0
1777889584.4863324,2.0,0.0,-82.0
1777889584.4963324,5.0,0.0,-80.0
1777889584.5063324,1.0,-1.0,-79.0
1777889584.5163324,0.0,0.0,-80.0
1777889584.5263324,0.0,-4.0,-85.0
1777889584.5363324,2.0,-2.0,-79.0
1777889584.5463324,3.0,0.0,-78.0
1777889584.5563323,5.0,0.0,-75.0
1777889584.5663323,1.0,-1.0,-73.0
1777889584.5763323,1.0,-4.0,-69.0
1777889584.5863323,3.0,-1.0,-73.0
1777889584.5963323,4.0,0.0,-77.0
1777889584.6063323,0.0,-1.0,-74.0
1777889584.6163323,4.0,1.0,-69.0
1777889584.6263323,1.0,0.0,-71.0
1777889584.6363325,0.0,-3.0,-75.0
1777889584.6463325,-4.0,-2.0,-79.0
1777889584.6563325,-3.0,0.0,-82.0
1777889584.6663325,-5.0,1.0,-78.0
1777889584.6763325,-7.0,4.0,-79.0
1777889584.6863325,-6.0,2.0,-74.0
1777889584.6963325,-6.0,6.0,-77.0
1777889584.7063324,-6.0,4.0,-75.0
1777889584.7163324,-5.0,6.0,-75.0
1777889584.7263324,-1.0,4.0,-73.0
1777889584.7363324,2.0,3.0,-75.0
1777889584.7463324,-2.0,4.0,-78.0
1777889584.7563324,-4.0,2.0,-76.0
1777889584.7663324,-2.0,-1.0,-84.0
1777889584.7763324,1.0,-1.0,-81.0
1777889584.7863324,-1.0,0.0,-77.0
1777889584.7963324,0.0,-4.0,-76.0
1777889584.8063323,-1.0,-2.0,-72.0
1777889584.8163323,-2.0,-2.0,-74.0
1777889584.8263323,-4.0,-4.0,-75.0
1777889584.8363323,0.0,-4.0,-74.0
1777889584.8463323,0.0,-1.0,-78.0
1777889584.8563323,-1.0,-3.0,-80.0
1777889584.8663323,0.0,-7.0,-91.0
1777889584.8763323,1.0,-8.0,-90.0
1777889584.8863325,2.0,-6.0,-82.0
1777889584.8963325,1.0,-10.0,-79.0
1777889584.9063325,2.0,-8.0,-78.0
1777889584.9163325,0.0,-3.0,-71.0
1777889584.9263325,-2.0,-3.0,-64.0
1777889584.9363325,0.0,-3.0,-67.0
1777889584.9463325,-1.0,-4.0,-66.0
1777889584.9563324,2.0,-2.0,-68.0
1777889584.9663324,2.0,3.0,-70.0
1777889584.9763324,2.0,2.0,-65.0
1777889584.9863324,8.0,2.0,-65.0
1777889584.9963324,7.0,-1.0,-65.0
1777889585.0063324,9.0,0.0,-64.0
1777889585.0163324,11.0,-2.0,-63.0
1777889585.0263324,5.0,0.0,-59.0
1777889585.0363324,-1.0,3.0,-60.0
1777889585.0463324,-1.0,2.0,-63.0
1777889585.0563323,0.0,-1.0,-63.0
1777889585.0663323,-2.0,4.0,-65.0
1777889585.0763323,-5.0,5.0,-60.0
1777889585.0863323,-10.0,1.0,-59.0
1777889585.0963323,-8.0,0.0,-62.0
1777889585.1063323,-7.0,4.0,-66.0
1777889585.1163323,-5.0,3.0,-74.0
1777889585.1263323,-2.0,5.0,-68.0
1777889585.1363325,-3.0,5.0,-68.0
1777889585.1463325,0.0,3.0,-69.0
1777889585.1563325,3.0,2.0,-72.0
1777889585.1663325,2.0,1.0,-69.0
1777889585.1763325,4.0,-1.0,-66.0
1777889585.1863325,0.0,-2.0,-63.0
1777889585.1963325,0.0,-1.0,-64.0
1777889585.2063324,0.0,-2.0,-64.0
1777889585.2163324,0.0,0.0,-71.0
1777889585.2263324,-2.0,-1.0,-71.0
1777889585.2363324,-4.0,-3.0,-74.0
1777889585.2463324,-3.0,-5.0,-76.0
1777889585.2563324,5.0,-4.0,-82.0
1777889585.2663324,7.0,-2.0,-83.0
1777889585.2763324,1.0,-4.0,-82.0
1777889585.2863324,0.0,-1.0,-85.0
1777889585.2963324,-3.0,-3.0,-86.0
1777889585.3063323,-5.0,-3.0,-84.0
1777889585.3163323,0.0,-6.0,-88.0
1777889585.3263323,0.0,-6.0,-79.0
1777889585.3363323,1.0,-3.0,-80.0
1777889585.3463323,-1.0,-2.0,-73.0
1777889585.3563323,-1.0,-5.0,-74.0
1777889585.3663323,-4.0,-1.0,-73.0
1777889585.3763323,-5.0,-1.0,-80.0
1777889585.3863325,-1.0,-1.0,-80.0
1777889585.3963325,-3.0,0.0,-77.0
1777889585.4063325,-8.0,0.0,-78.0
1777889585.4163325,-7.0,0.0,-81.0
1777889585.4263325,-7.0,0.0,-87.0
1777889585.4363325,-3.0,0.0,-83.0
1777889585.4463325,-3.0,2.0,-89.0
1777889585.4563324,-2.0,0.0,-87.0
1777889585.4663324,-3.0,-2.0,-84.0
1777889585.4763324,0.0,-1.0,-81.0
1777889585.4863324,1.0,2.0,-82.0
1777889585.4963324,1.0,5.0,-78.0
1777889585.5063324,6.0,5.0,-70.0
1777889585.5163324,8.0,1.0,-74.0
1777889585.5263324,10.0,2.0,-75.0
1777889585.5363324,10.0,5.0,-77.0
1777889585.5463324,9.0,4.0,-69.0
1777889585.5563323,4.0,1.0,-73.0
1777889585.5663323,2.0,-1.0,-73.0
1777889585.5763323,-1.0,-2.0,-70.0
1777889585.5863323,-1.0,-2.0,-72.0
1777889585.5963323,-1.0,-2.0,-76.0
1777889585.6063323,-2.0,-2.0,-81.0
1777889585.6163323,0.0,-2.0,-83.0
1777889585.6263323,0.0,-1.0,-81.0
1777889585.6363325,-2.0,-3.0,-75.0
1777889585.6463325,0.0,0.0,-72.0
1777889585.6563325,1.0,0.0,-67.0
1777889585.6663325,5.0,-4.0,-66.0
1777889585.6763325,5.0,-6.0,-72.0
1777889585.6863325,0.0,-5.0,-79.0
1777889585.6963325,-3.0,-6.0,-86.0
1777889585.7063324,-2.0,-7.0,-79.0
1777889585.7163324,-4.0,-1.0,-77.0
1777889585.7263324,-9.0,1.0,-75.0
1777889585.7363324,-6.0,0.0,-77.0
1777889585.7463324,0.0,2.0,-71.0
1777889585.7563324,1.0,0.0,-73.0
1777889585.7663324,-2.0,4.0,-72.0
1777889585.7763324,-2.0,4.0,-69.0
1777889585.7863324,-1.0,3.0,-75.0
1777889585.7963324,3.0,1.0,-77.0
1777889585.8073325,3.0,-1.0,-76.0
1777889585.8173325,4.0,-6.0,-76.0
1777889585.8273325,0.0,-8.0,-77.0
1777889585.8363323,-1.0,-4.0,-75.0
1777889585.8463323,0.0,-1.0,-72.0
1777889585.8563323,-1.0,0.0,-69.0
1777889585.8673325,5.0,0.0,-67.0
1777889585.8773324,4.0,1.0,-71.0
1777889585.8873324,4.0,0.0,-72.0
1777889585.8963325,2.0,-1.0,-72.0
1777889585.9073324,9.0,-4.0,-74.0
1777889585.9173324,4.0,-2.0,-69.0
1777889585.9273324,6.0,-2.0,-65.0
1777889585.9373324,3.0,0.0,-65.0
1777889585.9473324,5.0,-2.0,-67.0
1777889585.9573324,3.0,-6.0,-68.0
1777889585.9673324,-1.0,-1.0,-64.0
1777889585.9773324,0.0,2.0,-70.0
1777889585.9873323,-1.0,2.0,-72.0
1777889585.9973323,0.0,2.0,-74.0
1777889586.0073323,0.0,3.0,-78.0
1777889586.0173323,2.0,2.0,-78.0
1777889586.0273323,4.0,6.0,-74.0
1777889586.0373323,2.0,1.0,-82.0
1777889586.0473323,-1.0,0.0,-79.0
1777889586.0573325,0.0,-1.0,-78.0
1777889586.0673325,3.0,-1.0,-77.0
1777889586.0773325,2.0,-2.0,-73.0
1777889586.0873325,5.0,-2.0,-74.0
1777889586.0973325,4.0,-1.0,-72.0
1777889586.1073325,4.0,-1.0,-70.0
1777889586.1173325,5.0,-2.0,-73.0
1777889586.1273324,8.0,0.0,-75.0
1777889586.1373324,3.0,-1.0,-71.0
1777889586.1473324,2.0,2.0,-69.0
1777889586.1573324,0.0,0.0,-70.0
1777889586.1673324,-3.0,0.0,-68.0
1777889586.1773324,-6.0,4.0,-70.0
1777889586.1873324,-3.0,9.0,-69.0
1777889586.1973324,-5.0,5.0,-70.0
1777889586.2073324,-3.0,4.0,-75.0
1777889586.2173324,0.0,4.0,-80.0
1777889586.2273324,0.0,5.0,-77.0
1777889586.2373323,2.0,5.0,-82.0
1777889586.2473323,0.0,5.0,-76.0
1777889586.2573323,-2.0,4.0,-77.0
1777889586.2673323,-3.0,4.0,-80.0
1777889586.2773323,-1.0,0.0,-83.0
1777889586.2873323,5.0,2.0,-89.0
1777889586.2973323,6.0,0.0,-91.0
1777889586.3073325,8.0,0.0,-82.0
1777889586.3173325,5.0,-2.0,-81.0
1777889586.3273325,6.0,-1.0,-86.0
1777889586.3373325,5.0,-3.0,-93.0
1777889586.3473325,11.0,-1.0,-93.0
1777889586.3573325,8.0,-4.0,-95.0
1777889586.3673325,3.0,-2.0,-90.0
1777889586.3773324,3.0,-1.0,-83.0
1777889586.3873324,6.0,0.0,-77.0
1777889586.3973324,3.0,1.0,-74.0
1777889586.4073324,4.0,-1.0,-76.0
1777889586.4173324,3.0,-2.0,-79.0
1777889586.4273324,1.0,0.0,-79.0
1777889586.4373324,0.0,4.0,-78.0
1777889586.4473324,0.0,3.0,-72.0
1777889586.4573324,2.0,3.0,-72.0
1777889586.4673324,3.0,0.0,-76.0
1777889586.4773324,0.0,1.0,-76.0
1777889586.4873323,0.0,4.0,-74.0
1777889586.4973323,0.0,6.0,-75.0
1777889586.5073323,2.0,3.0,-85.0
1777889586.5173323,3.0,5.0,-82.0
1777889586.5273323,2.0,4.0,-75.0
1777889586.5373323,0.0,2.0,-66.0
1777889586.5473323,2.0,0.0,-63.0
1777889586.5573325,1.0,1.0,-67.0
1777889586.5673325,1.0,1.0,-69.0
1777889586.5773325,-5.0,2.0,-72.0
1777889586.5873325,-5.0,4.0,-72.0
1777889586.5973325,-4.0,3.0,-73.0
1777889586.6073325,-1.0,1.0,-75.0
1777889586.6173325,0.0,-1.0,-76.0
1777889586.6273324,0.0,-1.0,-80.0
1777889586.6373324,1.0,0.0,-78.0
1777889586.6473324,-2.0,2.0,-81.0
1777889586.6573324,-1.0,1.0,-85.0
1777889586.6673324,-2.0,0.0,-83.0
1777889586.6773324,-2.0,0.0,-80.0
1777889586.6873324,-1.0,-1.0,-82.0
1777889586.6973324,-1.0,2.0,-79.0
1777889586.7073324,1.0,1.0,-81.0
1777889586.7173324,2.0,1.0,-76.0
1777889586.7273324,2.0,4.0,-76.0
1777889586.7373323,0.0,4.0,-83.0
1777889586.7473323,-2.0,7.0,-79.0
1777889586.7573323,-1.0,6.0,-74.0
1777889586.7673323,-3.0,7.0,-73.0
1777889586.7773323,-4.0,4.0,-70.0
1777889586.7873323,-5.0,0.0,-71.0
1777889586.7973323,-6.0,-4.0,-72.0
1777889586.8073325,-6.0,-1.0,-75.0
1777889586.8173325,-7.0,0.0,-72.0
1777889586.8273325,-3.0,-1.0,-70.0
1777889586.8373325,-7.0,0.0,-69.0
1777889586.8473325,-3.0,-1.0,-68.0
1777889586.8573325,-2.0,0.0,-73.0
1777889586.8673325,0.0,0.0,-77.0
1777889586.8773324,4.0,0.0,-75.0
1777889586.8873324,4.0,-1.0,-74.0
1777889586.8973324,0.0,-2.0,-71.0
1777889586.9073324,1.0,0.0,-72.0
1777889586.9173324,6.0,-1.0,-76.0
1777889586.9273324,5.0,0.0,-79.0
1777889586.9373324,0.0,0.0,-76.0
1777889586.9473324,-3.0,-4.0,-78.0
1777889586.9573324,-4.0,-5.0,-81.0
1777889586.9673324,0.0,-6.0,-80.0
1777889586.9773324,5.0,-3.0,-76.0
1777889586.9873323,3.0,-2.0,-79.0
1777889586.9973323,4.0,-5.0,-81.0
1777889587.0073323,2.0,-8.0,-83.0
1777889587.0173323,0.0,-7.0,-84.0
1777889587.0273323,0.0,-8.0,-82.0
1777889587.0373323,-3.0,-7.0,-75.0
1777889587.0473323,-3.0,-3.0,-69.0
1777889587.0573325,-2.0,0.0,-72.0
1777889587.0673325,-7.0,1.0,-72.0
1777889587.0773325,-9.0,0.0,-70.0
1777889587.0873325,-3.0,3.0,-70.0
1777889587.0973325,0.0,2.0,-70.0
1777889587.1073325,1.0,3.0,-71.0
1777889587.1173325,4.0,0.0,-73.0
1777889587.1273324,2.0,1.0,-74.0
1777889587.1373324,1.0,3.0,-70.0
1777889587.1473324,-1.0,0.0,-67.0
1777889587.1573324,-3.0,-2.0,-64.0
1777889587.1673324,-4.0,-2.0,-68.0
1777889587.1773324,-2.0,-1.0,-71.0
1777889587.1873324,-2.0,0.0,-78.0
1777889587.1973324,0.0,-3.0,-80.0
1777889587.2073324,-1.0,0.0,-85.0
1777889587.2173324,-1.0,-3.0,-80.0
1777889587.2273324,0.0,-3.0,-80.0
1777889587.2373323,1.0,-2.0,-79.0
1777889587.2473323,0.0,0.0,-75.0
1777889587.2573323,-2.0,1.0,-77.0
1777889587.2673323,0.0,0.0,-76.0
1777889587.2773323,2.0,0.0,-72.0
1777889587.2873323,3.0,-1.0,-73.0
1777889587.2973323,8.0,0.0,-75.0
1777889587.3073325,10.0,-3.0,-77.0
1777889587.3173325,4.0,-4.0,-71.0
1777889587.3273325,0.0,-6.0,-73.0
1777889587.3373325,2.0,-4.0,-77.0
1777889587.3473325,6.0,-5.0,-71.0
1777889587.3573325,7.0,-7.0,-67.0
1777889587.3673325,4.0,-9.0,-74.0
1777889587.3773324,3.0,-7.0,-77.0
1777889587.3873324,5.0,-9.0,-76.0
1777889587.3973324,8.0,-9.0,-78.0
1777889587.4073324,5.0,-6.0,-79.0
1777889587.4173324,4.0,-8.0,-78.0
1777889587.4273324,0.0,-10.0,-74.0
1777889587.4373324,-2.0,-10.0,-71.0
1777889587.4473324,-1.0,-8.0,-77.0
1777889587.4573324,0.0,-4.0,-82.0
1777889587.4673324,1.0,-3.0,-83.0
1777889587.4773324,3.0,-5.0,-78.0
1777889587.4873323,6.0,-3.0,-78.0
1777889587.4973323,6.0,-4.0,-79.0
1777889587.5073323,2.0,2.0,-76.0
1777889587.5173323,-3.0,4.0,-75.0
1777889587.5273323,0.0,8.0,-74.0
1777889587.5373323,-2.0,4.0,-79.0
1777889587.5473323,-4.0,0.0,-81.0
1777889587.5573325,-1.0,0.0,-81.0
1777889587.5673325,0.0,0.0,-74.0
1777889587.5773325,-3.0,-3.0,-70.0
1777889587.5873325,-3.0,-1.0,-65.0
1777889587.5973325,2.0,0.0,-62.0
1777889587.6073325,2.0,-1.0,-68.0
1777889587.6173325,1.0,0.0,-73.0
1777889587.6273324,0.0,-4.0,-69.0
1777889587.6373324,-3.0,-4.0,-66.0
1777889587.6473324,0.0,-3.0,-67.0
1777889587.6573324,1.0,-4.0,-70.0
1777889587.6673324,2.0,-2.0,-66.0
1777889587.6773324,2.0,0.0,-62.0
1777889587.6873324,3.0,0.0,-70.0
1777889587.6973324,4.0,-2.0,-74.0
1777889587.7073324,2.0,-4.0,-74.0
1777889587.7173324,1.0,-3.0,-73.0
1777889587.7273324,0.0,-5.0,-75.0
1777889587.7373323,0.0,-3.0,-82.0
1777889587.7473323,-1.0,1.0,-83.0
1777889587.7573323,-4.0,1.0,-82.0
1777889587.7673323,-3.0,3.0,-79.0
1777889587.7773323,3.0,3.0,-73.0
1777889587.7873323,5.0,1.0,-76.0
1777889587.7973323,0.0,2.0,-78.0
1777889587.8073325,-1.0,-3.0,-72.0
1777889587.8173325,0.0,-8.0,-82.0
1777889587.8273325,-2.0,-7.0,-72.0
1777889587.8383324,0.0,-2.0,-72.0
1777889587.8483324,0.0,-7.0,-80.0
1777889587.8583324,-3.0,-3.0,-72.0
1777889587.8683324,-4.0,0.0,-71.0
1777889587.8783324,-3.0,-3.0,-75.0
1777889587.8883324,-5.0,1.0,-71.0
1777889587.8983324,-6.0,3.0,-66.0
1777889587.9083323,-3.0,3.0,-69.0
1777889587.9183323,1.0,3.0,-78.0
1777889587.9283323,4.0,3.0,-73.0
1777889587.9383323,0.0,4.0,-71.0
1777889587.9483323,2.0,2.0,-70.0
1777889587.9583323,2.0,3.0,-72.0
1777889587.9683323,1.0,1.0,-76.0
1777889587.9783323,0.0,0.0,-78.0
1777889587.9883325,1.0,-7.0,-86.0
1777889587.9983325,1.0,-5.0,-83.0
1777889588.0083325,0.0,-6.0,-81.0
1777889588.0183325,-1.0,-3.0,-81.0
1777889588.0283325,0.0,0.0,-80.0
1777889588.0383325,0.0,1.0,-75.0
1777889588.0483325,0.0,2.0,-70.0
1777889588.0583324,0.0,0.0,-77.0
1777889588.0683324,2.0,3.0,-71.0
1777889588.0783324,3.0,2.0,-68.0
1777889588.0883324,5.0,8.0,-73.0
1777889588.0983324,4.0,9.0,-75.0
1777889588.1083324,-2.0,9.0,-82.0
1777889588.1183324,-6.0,6.0,-86.0
1777889588.1283324,-4.0,4.0,-75.0
1777889588.1383324,-6.0,4.0,-74.0
1777889588.1483324,-6.0,2.0,-75.0
1777889588.1583323,-12.0,4.0,-75.0
1777889588.1683323,-12.0,4.0,-73.0
1777889588.1783323,-14.0,4.0,-84.0
1777889588.1883323,-10.0,4.0,-82.0
1777889588.1983323,-8.0,2.0,-78.0
1777889588.2083323,-6.0,0.0,-80.0
1777889588.2183323,-1.0,2.0,-79.0
1777889588.2283323,-4.0,-2.0,-75.0
1777889588.2383325,-2.0,0.0,-69.0
1777889588.2483325,2.0,0.0,-67.0
1777889588.2583325,2.0,1.0,-72.0
1777889588.2683325,1.0,3.0,-75.0
1777889588.2783325,5.0,2.0,-75.0
1777889588.2883325,4.0,0.0,-77.0
1777889588.2983325,2.0,-6.0,-78.0
1777889588.3083324,2.0,-4.0,-80.0
1777889588.3183324,0.0,-4.0,-79.0
1777889588.3283324,2.0,-4.0,-76.0
1777889588.3383324,2.0,-4.0,-68.0
1777889588.3483324,1.0,-4.0,-62.0
1777889588.3583324,-1.0,0.0,-67.0
1777889588.3683324,-3.0,-5.0,-71.0
1777889588.3783324,1.0,-4.0,-68.0
1777889588.3883324,0.0,0.0,-66.0
1777889588.3983324,3.0,0.0,-67.0
1777889588.4083323,3.0,-1.0,-66.0
1777889588.4183323,3.0,0.0,-75.0
1777889588.4283323,6.0,-5.0,-73.0
1777889588.4383323,10.0,-6.0,-82.0
1777889588.4483323,6.0,-3.0,-86.0
1777889588.4583323,6.0,-4.0,-83.0
1777889588.4683323,7.0,-3.0,-76.0
1777889588.4783323,5.0,-1.0,-74.0
1777889588.4883325,3.0,-1.0,-73.0
1777889588.4983325,4.0,-1.0,-75.0
1777889588.5083325,6.0,-1.0,-75.0
1777889588.5183325,8.0,-4.0,-75.0
1777889588.5283325,6.0,0.0,-79.0
1777889588.5383325,9.0,-1.0,-78.0
1777889588.5483325,13.0,-2.0,-73.0
1777889588.5583324,14.0,-2.0,-64.0
1777889588.5683324,9.0,-4.0,-64.0
1777889588.5783324,5.0,-6.0,-65.0
1777889588.5883324,4.0,-4.0,-60.0
1777889588.5983324,1.0,-1.0,-60.0
1777889588.6083324,0.0,0.0,-65.0
1777889588.6183324,-1.0,-2.0,-65.0
1777889588.6283324,1.0,-6.0,-69.0
1777889588.6383324,0.0,-7.0,-66.0
1777889588.6483324,1.0,-5.0,-72.0
1777889588.6583323,3.0,-3.0,-70.0
1777889588.6683323,4.0,-3.0,-75.0
1777889588.6783323,-3.0,-7.0,-73.0
1777889588.6883323,-1.0,-5.0,-77.0
1777889588.6983323,1.0,-3.0,-84.0
1777889588.7083323,1.0,-1.0,-77.0
1777889588.7183323,-1.0,-1.0,-70.0
1777889588.7283323,-1.0,-3.0,-66.0
1777889588.7383325,4.0,-4.0,-67.0
1777889588.7483325,0.0,-5.0,-72.0
1777889588.7583325,0.0,-1.0,-73.0
1777889588.7683325,2.0,0.0,-76.0
1777889588.7783325,0.0,1.0,-72.0
1777889588.7883325,-3.0,2.0,-75.0
1777889588.7983325,-1.0,5.0,-76.0
1777889588.8083324,0.0,4.0,-71.0
1777889588.8183324,1.0,-1.0,-70.0
1777889588.8283324,3.0,0.0,-68.0
1777889588.8383324,-1.0,1.0,-65.0
1777889588.8483324,-3.0,-1.0,-75.0
1777889588.8583324,3.0,0.0,-79.0
1777889588.8683324,3.0,1.0,-80.0
1777889588.8783324,3.0,0.0,-81.0
1777889588.8883324,0.0,0.0,-75.0
1777889588.8983324,1.0,0.0,-72.0
1777889588.9083323,3.0,-2.0,-85.0
1777889588.9183323,5.0,-2.0,-82.0
1777889588.9283323,6.0,-1.0,-77.0
1777889588.9383323,4.0,-2.0,-68.0
1777889588.9483323,1.0,-4.0,-69.0
1777889588.9583323,1.0,0.0,-68.0
1777889588.9683323,0.0,-3.0,-70.0
1777889588.9783323,-2.0,-3.0,-77.0
1777889588.9883325,-4.0,-5.0,-76.0
1777889588.9983325,-2.0,-5.0,-73.0
1777889589.0083325,-1.0,-6.0,-76.0
1777889589.0183325,0.0,-2.0,-76.0
1777889589.0283325,-3.0,0.0,-81.0
1777889589.0383325,-5.0,1.0,-84.0
1777889589.0483325,1.0,3.0,-90.0
1777889589.0583324,1.0,6.0,-90.0
1777889589.0683324,5.0,7.0,-89.0
1777889589.0783324,-1.0,6.0,-82.0
1777889589.0883324,0.0,3.0,-79.0
1777889589.0983324,-2.0,6.0,-84.0
1777889589.1083324,-1.0,7.0,-83.0
1777889589.1183324,0.0,5.0,-85.0
1777889589.1283324,0.0,3.0,-86.0
1777889589.1383324,0.0,0.0,-79.0
1777889589.1483324,3.0,-4.0,-76.0
1777889589.1583323,2.0,-5.0,-70.0
1777889589.1683323,-3.0,-2.0,-67.0
1777889589.1783323,-7.0,-2.0,-68.0
1777889589.1883323,-4.0,-1.0,-67.0
1777889589.1983323,-3.0,4.0,-67.0
1777889589.2083323,0.0,4.0,-67.0
1777889589.2183323,1.0,4.0,-70.0
1777889589.2283323,-1.0,0.0,-70.0
1777889589.2383325,-1.0,-1.0,-76.0
1777889589.2483325,0.0,0.0,-72.0
1777889589.2583325,5.0,0.0,-62.0
1777889589.2683325,8.0,-1.0,-62.0
1777889589.2783325,3.0,-3.0,-72.0
1777889589.2883325,-2.0,-1.0,-75.0
1777889589.2983325,-5.0,0.0,-75.0
1777889589.3083324,-5.0,2.0,-73.0
1777889589.3183324,3.0,2.0,-72.0
1777889589.3283324,5.0,0.0,-72.0
1777889589.3383324,3.0,0.0,-69.0
1777889589.3483324,6.0,1.0,-69.0
1777889589.3593323,6.0,4.0,-73.0
1777889589.3683324,3.0,5.0,-76.0
1777889589.3783324,3.0,7.0,-75.0
1777889589.3883324,2.0,6.0,-72.0
1777889589.3983324,0.0,5.0,-72.0
1777889589.4083323,-1.0,0.0,-72.0
1777889589.4183323,1.0,0.0,-72.0
1777889589.4283323,3.0,1.0,-74.0
1777889589.4383323,4.0,2.0,-74.0
1777889589.4483323,3.0,4.0,-74.0
1777889589.4583323,2.0,3.0,-74.0
1777889589.4683323,3.0,3.0,-73.0
1777889589.4783323,2.0,2.0,-70.0
1777889589.4883325,0.0,1.0,-73.0
1777889589.4983325,0.0,2.0,-77.0
1777889589.5083325,-3.0,2.0,-84.0
1777889589.5183325,-6.0,3.0,-88.0
1777889589.5283325,-1.0,3.0,-87.0
1777889589.5383325,-1.0,2.0,-86.0
1777889589.5483325,-2.0,0.0,-77.0
1777889589.5583324,-5.0,2.0,-74.0
1777889589.5683324,1.0,4.0,-72.0
1777889589.5783324,2.0,0.0,-77.0
1777889589.5883324,0.0,-3.0,-81.0
1777889589.5983324,8.0,-6.0,-82.0
1777889589.6083324,6.0,-6.0,-78.0
1777889589.6183324,5.0,-5.0,-83.0
1777889589.6283324,3.0,-6.0,-83.0
1777889589.6383324,2.0,-1.0,-78.0
1777889589.6483324,1.0,2.0,-84.0
1777889589.6583323,2.0,3.0,-86.0
1777889589.6683323,5.0,0.0,-80.0
1777889589.6783323,5.0,1.0,-74.0
1777889589.6883323,1.0,0.0,-72.0
1777889589.6983323,3.0,3.0,-77.0
1777889589.7083323,0.0,1.0,-77.0
1777889589.7183323,1.0,1.0,-83.0
1777889589.7283323,-1.0,2.0,-78.0
1777889589.7383325,-2.0,1.0,-73.0
1777889589.7483325,0.0,0.0,-75.0
1777889589.7583325,0.0,-4.0,-73.0
1777889589.7683325,2.0,-5.0,-75.0
1777889589.7783325,7.0,-6.0,-78.0
1777889589.7883325,7.0,-5.0,-70.0
1777889589.7983325,5.0,-4.0,-73.0
1777889589.8083324,6.0,0.0,-80.0
1777889589.8183324,6.0,2.0,-84.0
1777889589.8293324,2.0,-1.0,-81.0
1777889589.8393323,-1.0,-3.0,-75.0
1777889589.8493323,1.0,0.0,-70.0
1777889589.8593323,1.0,0.0,-74.0
1777889589.8693323,3.0,0.0,-80.0
1777889589.8793323,-1.0,-3.0,-76.0
1777889589.8883324,0.0,0.0,-79.0
1777889589.8993323,2.0,-1.0,-78.0
1777889589.9093325,0.0,1.0,-78.0
1777889589.9193325,7.0,3.0,-71.0
1777889589.9293325,11.0,3.0,-73.0
1777889589.9393325,9.0,1.0,-74.0
1777889589.9493325,6.0,0.0,-67.0
1777889589.9593325,6.0,-2.0,-63.0
1777889589.9693325,3.0,-4.0,-65.0
1777889589.9793324,-1.0,-3.0,-69.0
1777889589.9893324,0.0,2.0,-69.0
1777889589.9993324,0.0,1.0,-63.0
1777889590.0093324,-1.0,0.0,-67.0
1777889590.0193324,-2.0,0.0,-63.0
1777889590.0293324,2.0,4.0,-66.0
1777889590.0393324,2.0,6.0,-70.0
1777889590.0493324,4.0,5.0,-66.0
1777889590.0593324,6.0,4.0,-67.0
1777889590.0693324,2.0,2.0,-63.0
1777889590.0793324,2.0,2.0,-64.0
1777889590.0893323,5.0,5.0,-74.0
1777889590.0993323,4.0,3.0,-73.0
1777889590.1093323,2.0,3.0,-70.0
1777889590.1193323,0.0,0.0,-75.0
1777889590.1293323,1.0,1.0,-73.0
1777889590.1393323,-2.0,2.0,-72.0
1777889590.1493323,-3.0,0.0,-76.0
1777889590.1593325,0.0,0.0,-76.0
1777889590.1693325,3.0,0.0,-73.0
1777889590.1793325,5.0,0.0,-68.0
1777889590.1893325,2.0,0.0,-74.0
1777889590.1993325,0.0,0.0,-72.0
1777889590.2093325,-1.0,-5.0,-71.0
1777889590.2193325,-1.0,-8.0,-73.0
1777889590.2293324,2.0,-5.0,-73.0
1777889590.2393324,0.0,-3.0,-73.0
1777889590.2493324,2.0,0.0,-66.0
1777889590.2593324,7.0,0.0,-66.0
1777889590.2693324,1.0,-1.0,-70.0
1777889590.2793324,-4.0,-2.0,-66.0
1777889590.2893324,-5.0,0.0,-63.0
1777889590.2993324,-4.0,-2.0,-73.0
1777889590.3093324,-3.0,-6.0,-76.0
1777889590.3193324,0.0,-4.0,-70.0
1777889590.3293324,0.0,-1.0,-67.0
1777889590.3393323,7.0,-4.0,-77.0
1777889590.3493323,9.0,-5.0,-80.0
1777889590.3593323,9.0,-4.0,-77.0
1777889590.3693323,11.0,-4.0,-75.0
1777889590.3793323,13.0,-10.0,-71.0
1777889590.3893323,11.0,-7.0,-75.0
1777889590.3993323,7.0,-8.0,-73.0
1777889590.4093325,6.0,-10.0,-80.0
1777889590.4193325,4.0,-8.0,-81.0
1777889590.4293325,1.0,-9.0,-77.0
1777889590.4393325,4.0,-12.0,-75.0
1777889590.4493325,3.0,-12.0,-73.0
1777889590.4593325,1.0,-11.0,-76.0
1777889590.4693325,0.0,-6.0,-72.0
1777889590.4793324,-2.0,-2.0,-71.0
1777889590.4893324,-1.0,0.0,-70.0
1777889590.4993324,3.0,3.0,-70.0
1777889590.5093324,4.0,2.0,-72.0
1777889590.5193324,5.0,3.0,-80.0
1777889590.5293324,2.0,3.0,-83.0
1777889590.5393324,1.0,1.0,-80.0
1777889590.5493324,2.0,2.0,-76.0
1777889590.5593324,0.0,1.0,-78.0
1777889590.5693324,0.0,0.0,-73.0
1777889590.5793324,-1.0,1.0,-70.0
1777889590.5893323,-1.0,0.0,-71.0
1777889590.5993323,0.0,-2.0,-79.0
1777889590.6093323,0.0,-1.0,-81.0
1777889590.6193323,6.0,-2.0,-78.0
1777889590.6293323,5.0,-5.0,-77.0
1777889590.6393323,0.0,-8.0,-71.0
1777889590.6493323,1.0,-4.0,-75.0
1777889590.6593325,-1.0,-2.0,-70.0
1777889590.6693325,-4.0,0.0,-74.0
1777889590.6803324,-4.0,2.0,-77.0
1777889590.6893325,-6.0,2.0,-77.0
1777889590.6993325,-7.0,0.0,-77.0
1777889590.7093325,-7.0,0.0,-73.0
1777889590.7193325,-4.0,3.0,-69.0
1777889590.7293324,-2.0,6.0,-70.0
1777889590.7393324,-3.0,5.0,-69.0
1777889590.7493324,0.0,6.0,-68.0
1777889590.7593324,1.0,3.0,-60.0
1777889590.7693324,0.0,3.0,-57.0
1777889590.7793324,3.0,0.0,-61.0
1777889590.7893324,3.0,1.0,-63.0
1777889590.7993324,6.0,-1.0,-65.0
1777889590.8093324,1.0,0.0,-73.0
1777889590.8193324,3.0,-2.0,-84.0
1777889590.8293324,0.0,-1.0,-84.0
1777889590.8393323,2.0,1.0,-79.0
1777889590.8493323,1.0,1.0,-82.0
1777889590.8593323,4.0,-2.0,-83.0
1777889590.8693323,5.0,-5.0,-81.0
1777889590.8793323,8.0,-5.0,-83.0
1777889590.8893323,1.0,-3.0,-82.0
1777889590.8993323,-3.0,-2.0,-74.0
1777889590.9093325,-3.0,-4.0,-77.0
1777889590.9193325,-1.0,-3.0,-77.0
1777889590.9293325,-1.0,-3.0,-76.0
1777889590.9393325,-4.0,0.0,-73.0
1777889590.9493325,-2.0,0.0,-78.0
1777889590.9593325,2.0,0.0,-71.0
1777889590.9693325,1.0,0.0,-74.0
1777889590.9793324,3.0,0.0,-70.0
1777889590.9893324,1.0,-2.0,-64.0
1777889590.9993324,1.0,-1.0,-66.0
1777889591.0093324,0.0,-3.0,-67.0
1777889591.0193324,-1.0,-2.0,-74.0
1777889591.0293324,-2.0,-1.0,-76.0
1777889591.0393324,-2.0,-1.0,-80.0
1777889591.0493324,-3.0,-5.0,-79.0
1777889591.0593324,-5.0,-6.0,-83.0
1777889591.0693324,-4.0,-5.0,-87.0
1777889591.0793324,1.0,-3.0,-80.0
1777889591.0893323,1.0,-4.0,-75.0
1777889591.0993323,0.0,-7.0,-74.0
1777889591.1093323,-3.0,-7.0,-75.0
1777889591.1193323,0.0,-4.0,-73.0
1777889591.1293323,1.0,-4.0,-74.0
1777889591.1393323,1.0,-4.0,-75.0
1777889591.1493323,3.0,-2.0,-70.0
1777889591.1593325,3.0,-4.0,-72.0
1777889591.1693325,1.0,-3.0,-82.0
1777889591.1793325,-3.0,-1.0,-84.0
1777889591.1893325,-4.0,-2.0,-84.0
1777889591.1993325,-2.0,-4.0,-87.0
1777889591.2093325,-1.0,0.0,-81.0
1777889591.2193325,0.0,-2.0,-79.0
1777889591.2293324,4.0,-3.0,-77.0
1777889591.2393324,5.0,-1.0,-74.0
1777889591.2493324,7.0,0.0,-70.0
1777889591.2593324,2.0,-3.0,-76.0
1777889591.2693324,1.0,0.0,-75.0
1777889591.2793324,-3.0,0.0,-74.0
1777889591.2893324,-4.0,1.0,-78.0
1777889591.2993324,-5.0,0.0,-75.0
1777889591.3093324,0.0,-5.0,-74.0
1777889591.3193324,-2.0,-5.0,-72.0
1777889591.3293324,-7.0,-5.0,-76.0
1777889591.3393323,-10.0,-3.0,-72.0
1777889591.3493323,-5.0,-4.0,-72.0
1777889591.3593323,0.0,-2.0,-66.0
1777889591.3693323,6.0,-3.0,-64.0
1777889591.3793323,5.0,0.0,-68.0
1777889591.3893323,6.0,0.0,-66.0
1777889591.3993323,3.0,0.0,-68.0
1777889591.4093325,5.0,1.0,-73.0
1777889591.4193325,6.0,-1.0,-69.0
1777889591.4293325,6.0,0.0,-70.0
1777889591.4393325,8.0,0.0,-75.0
1777889591.4493325,7.0,-2.0,-75.0
1777889591.4593325,7.0,-3.0,-72.0
1777889591.4693325,6.0,-2.0,-71.0
1777889591.4793324,6.0,0.0,-76.0
1777889591.4893324,5.0,3.0,-79.0
1777889591.4993324,1.0,2.0,-78.0
1777889591.5093324,-1.0,-1.0,-73.0
1777889591.5193324,-4.0,-3.0,-74.0
1777889591.5293324,-9.0,0.0,-77.0
1777889591.5393324,-5.0,0.0,-83.0
1777889591.5493324,-4.0,1.0,-83.0
1777889591.5593324,1.0,2.0,-79.0
1777889591.5693324,2.0,2.0,-75.0
1777889591.5793324,0.0,0.0,-81.0
1777889591.5893323,2.0,0.0,-77.0
1777889591.5993323,4.0,0.0,-78.0
1777889591.6093323,10.0,-1.0,-71.0
1777889591.6193323,5.0,2.0,-68.0
1777889591.6293323,3.0,1.0,-68.0
1777889591.6393323,2.0,0.0,-65.0
1777889591.6493323,3.0,-2.0,-63.0
1777889591.6593325,6.0,-2.0,-68.0
1777889591.6693325,-3.0,0.0,-64.0
1777889591.6793325,-6.0,0.0,-65.0
1777889591.6893325,0.0,0.0,-67.0
1777889591.6993325,-1.0,-1.0,-72.0
1777889591.7093325,2.0,1.0,-66.0
1777889591.7193325,3.0,1.0,-66.0
1777889591.7293324,6.0,7.0,-67.0
1777889591.7393324,7.0,5.0,-65.0
1777889591.7493324,5.0,4.0,-68.0
1777889591.7593324,1.0,3.0,-77.0
1777889591.7693324,-1.0,2.0,-78.0
1777889591.7793324,1.0,3.0,-79.0
1777889591.7893324,-3.0,2.0,-80.0
1777889591.8003323,0.0,1.0,-71.0
1777889591.8103323,2.0,0.0,-71.0
1777889591.8203323,4.0,0.0,-77.0
1777889591.8303325,5.0,1.0,-82.0
1777889591.8403325,4.0,-3.0,-72.0
1777889591.8503325,6.0,0.0,-72.0
1777889591.8603325,0.0,3.0,-68.0
1777889591.8703325,-4.0,4.0,-75.0
1777889591.8803325,-5.0,3.0,-78.0
1777889591.8903325,-2.0,1.0,-82.0
1777889591.9003325,-6.0,4.0,-78.0
1777889591.9103324,-2.0,0.0,-86.0
1777889591.9203324,-1.0,0.0,-80.0
1777889591.9303324,-2.0,1.0,-80.0
1777889591.9403324,-3.0,2.0,-79.0
1777889591.9503324,-4.0,0.0,-80.0
1777889591.9603324,-4.0,1.0,-86.0
1777889591.9703324,-4.0,0.0,-92.0
1777889591.9803324,-7.0,3.0,-91.0
1777889591.9903324,-6.0,0.0,-85.0
1777889592.0003324,-7.0,3.0,-80.0
1777889592.0103323,-11.0,-2.0,-88.0
1777889592.0203323,-6.0,-1.0,-79.0
1777889592.0303323,-1.0,0.0,-78.0
1777889592.0403323,0.0,-1.0,-79.0
1777889592.0503323,1.0,0.0,-81.0
1777889592.0603323,0.0,-1.0,-79.0
1777889592.0703323,-2.0,-1.0,-76.0
1777889592.0803325,-1.0,0.0,-78.0
1777889592.0903325,1.0,-1.0,-77.0
1777889592.1003325,4.0,0.0,-69.0
1777889592.1103325,5.0,6.0,-69.0
1777889592.1203325,0.0,10.0,-65.0
1777889592.1303325,0.0,10.0,-64.0
1777889592.1403325,-3.0,7.0,-71.0
1777889592.1503325,1.0,4.0,-74.0
1777889592.1603324,1.0,-1.0,-76.0
1777889592.1703324,-1.0,0.0,-75.0
1777889592.1803324,-6.0,-1.0,-75.0
1777889592.1903324,-5.0,-3.0,-67.0
1777889592.2003324,-4.0,0.0,-65.0
1777889592.2103324,-8.0,-1.0,-64.0
1777889592.2203324,-3.0,1.0,-66.0
1777889592.2303324,-4.0,0.0,-65.0
1777889592.2403324,-9.0,-2.0,-68.0
1777889592.2503324,-8.0,-2.0,-75.0
1777889592.2603323,0.0,-2.0,-78.0
1777889592.2703323,-2.0,-1.0,-79.0
1777889592.2803323,0.0,0.0,-73.0
1777889592.2903323,0.0,1.0,-66.0
1777889592.3003323,0.0,-3.0,-63.0
1777889592.3103323,1.0,-3.0,-70.0
1777889592.3203323,3.0,0.0,-79.0
1777889592.3303325,0.0,3.0,-78.0
1777889592.3403325,-1.0,0.0,-75.0
1777889592.3503325,0.0,-4.0,-81.0
1777889592.3603325,4.0,-4.0,-79.0
1777889592.3703325,11.0,-4.0,-87.0
1777889592.3803325,10.0,-3.0,-87.0
1777889592.3903325,9.0,0.0,-85.0
1777889592.4003325,6.0,0.0,-89.0
1777889592.4103324,8.0,1.0,-87.0
1777889592.4203324,9.0,4.0,-92.0
1777889592.4303324,9.0,1.0,-82.0
1777889592.4403324,8.0,0.0,-73.0
1777889592.4503324,7.0,-1.0,-69.0
1777889592.4603324,4.0,3.0,-70.0
1777889592.4703324,2.0,3.0,-74.0
1777889592.4803324,1.0,3.0,-76.0
1777889592.4903324,7.0,3.0,-76.0
1777889592.5003324,4.0,1.0,-71.0
1777889592.5103323,4.0,1.0,-77.0
1777889592.5203323,4.0,-1.0,-72.0
1777889592.5303323,4.0,0.0,-73.0
1777889592.5403323,3.0,-1.0,-68.0
1777889592.5503323,2.0,1.0,-64.0
1777889592.5603323,1.0,1.0,-71.0
1777889592.5703323,-1.0,4.0,-68.0
1777889592.5803325,-2.0,6.0,-67.0
1777889592.5903325,3.0,0.0,-65.0
1777889592.6003325,2.0,0.0,-65.0
1777889592.6103325,3.0,0.0,-65.0
1777889592.6203325,6.0,2.0,-68.0
1777889592.6303325,8.0,0.0,-72.0
1777889592.6403325,6.0,-3.0,-73.0
1777889592.6503325,-1.0,-5.0,-71.0
1777889592.6603324,0.0,-7.0,-66.0
1777889592.6703324,1.0,-3.0,-63.0
1777889592.6803324,4.0,-3.0,-64.0
1777889592.6903324,3.0,-5.0,-68.0
1777889592.7003324,3.0,-7.0,-72.0
1777889592.7103324,2.0,-11.0,-74.0
1777889592.7203324,-2.0,-6.0,-73.0
1777889592.7303324,-5.0,-6.0,-71.0
1777889592.7403324,-6.0,-8.0,-72.0
1777889592.7503324,-5.0,-10.0,-76.0
1777889592.7603323,-1.0,-8.0,-73.0
1777889592.7703323,0.0,-3.0,-74.0
1777889592.7803323,0.0,-5.0,-65.0
1777889592.7903323,2.0,-4.0,-66.0
1777889592.8003323,1.0,-1.0,-67.0
1777889592.8103323,2.0,0.0,-71.0
1777889592.8203323,1.0,0.0,-75.0
1777889592.8303325,1.0,0.0,-77.0
1777889592.8403325,1.0,0.0,-77.0
1777889592.8503325,0.0,1.0,-84.0
1777889592.8603325,-4.0,2.0,-88.0
1777889592.8703325,-5.0,0.0,-84.0
1777889592.8803325,-2.0,0.0,-77.0
1777889592.8903325,3.0,-5.0,-79.0
1777889592.9003325,-1.0,-1.0,-79.0
1777889592.9103324,-6.0,0.0,-73.0
1777889592.9203324,-4.0,-5.0,-77.0
1777889592.9303324,-3.0,-1.0,-80.0
1777889592.9403324,4.0,-2.0,-77.0
1777889592.9503324,4.0,0.0,-71.0
1777889592.9603324,4.0,-2.0,-65.0
1777889592.9703324,4.0,-1.0,-63.0
1777889592.9803324,4.0,-1.0,-66.0
1777889592.9903324,0.0,-3.0,-73.0
1777889593.0003324,3.0,-3.0,-79.0
1777889593.0103323,0.0,-5.0,-70.0
1777889593.0203323,1.0,-8.0,-74.0
1777889593.0303323,5.0,-8.0,-73.0
1777889593.0403323,7.0,-9.0,-75.0
1777889593.0503323,7.0,-7.0,-72.0
1777889593.0603323,8.0,-5.0,-72.0
1777889593.0703323,12.0,-4.0,-75.0
1777889593.0803325,12.0,0.0,-75.0
1777889593.0903325,10.0,-1.0,-76.0
1777889593.1003325,5.0,-3.0,-73.0
1777889593.1103325,5.0,-6.0,-71.0
1777889593.1203325,4.0,-3.0,-69.0
1777889593.1303325,0.0,-7.0,-67.0
1777889593.1403325,-1.0,-2.0,-69.0
1777889593.1503325,-2.0,0.0,-73.0
1777889593.1603324,-6.0,-3.0,-73.0
1777889593.1703324,-5.0,-4.0,-72.0
1777889593.1803324,-2.0,0.0,-73.0
1777889593.1903324,0.0,1.0,-71.0
1777889593.2003324,0.0,0.0,-67.0
1777889593.2103324,0.0,0.0,-70.0
1777889593.2203324,-1.0,-2.0,-77.0
1777889593.2303324,-2.0,-3.0,-78.0
1777889593.2403324,-5.0,-7.0,-74.0
1777889593.2503324,-5.0,-9.0,-74.0
1777889593.2603323,-2.0,-6.0,-80.0
1777889593.2703323,1.0,-5.0,-84.0
1777889593.2803323,-1.0,-4.0,-83.0
1777889593.2903323,0.0,0.0,-81.0
1777889593.3003323,3.0,-1.0,-81.0
1777889593.3103323,6.0,-2.0,-85.0
1777889593.3203323,8.0,-4.0,-84.0
1777889593.3303325,4.0,-6.0,-79.0
1777889593.3403325,7.0,-9.0,-79.0
1777889593.3503325,4.0,-7.0,-78.0
1777889593.3603325,4.0,-5.0,-80.0
1777889593.3703325,0.0,-7.0,-87.0
1777889593.3803325,0.0,-3.0,-78.0
1777889593.3903325,2.0,-4.0,-77.0
1777889593.4003325,3.0,-5.0,-75.0
1777889593.4103324,5.0,-6.0,-74.0
1777889593.4203324,2.0,-7.0,-80.0
1777889593.4303324,4.0,-10.0,-76.0
1777889593.4403324,-5.0,-5.0,-77.0
1777889593.4503324,-7.0,0.0,-73.0
1777889593.4603324,0.0,-1.0,-76.0
1777889593.4703324,-1.0,-5.0,-81.0
1777889593.4803324,-4.0,-8.0,-86.0
1777889593.4903324,0.0,-3.0,-80.0
1777889593.5003324,0.0,0.0,-71.0
1777889593.5103323,-3.0,0.0,-74.0
1777889593.5203323,-1.0,0.0,-75.0
1777889593.5303323,-2.0,-6.0,-74.0
1777889593.5403323,0.0,-5.0,-78.0
1777889593.5503323,-2.0,-4.0,-83.0
1777889593.5603323,-1.0,-2.0,-80.0
1777889593.5703323,-1.0,-5.0,-76.0
1777889593.5803325,-3.0,-3.0,-75.0
1777889593.5903325,-4.0,-1.0,-78.0
1777889593.6003325,-3.0,-2.0,-81.0
1777889593.6103325,-2.0,-5.0,-75.0
1777889593.6203325,-5.0,-2.0,-85.0
1777889593.6303325,-6.0,-1.0,-77.0
1777889593.6403325,-5.0,-5.0,-77.0
1777889593.6503325,-1.0,-3.0,-76.0
1777889593.6603324,0.0,0.0,-77.0
1777889593.6703324,0.0,1.0,-81.0
1777889593.6803324,-2.0,1.0,-77.0
1777889593.6903324,-4.0,5.0,-74.0
1777889593.7003324,-6.0,4.0,-76.0
1777889593.7103324,-3.0,2.0,-79.0
1777889593.7203324,-5.0,0.0,-77.0
1777889593.7303324,-2.0,-1.0,-71.0
1777889593.7403324,-1.0,-4.0,-77.0
1777889593.7503324,0.0,-5.0,-78.0
1777889593.7603323,0.0,-1.0,-82.0
1777889593.7713325,4.0,-4.0,-74.0
1777889593.7803323,4.0,-6.0,-78.0
1777889593.7913325,0.0,-2.0,-77.0
1777889593.8013325,-3.0,-6.0,-77.0
1777889593.8113325,1.0,-7.0,-80.0
1777889593.8213325,-2.0,-8.0,-76.0
1777889593.8313324,-1.0,-7.0,-76.0
1777889593.8413324,3.0,-5.0,-83.0
1777889593.8513324,5.0,-3.0,-79.0
1777889593.8613324,5.0,-4.0,-81.0
1777889593.8713324,0.0,-2.0,-72.0
1777889593.8813324,-5.0,0.0,-79.0
1777889593.8913324,-5.0,-1.0,-80.0
1777889593.9013324,-4.0,3.0,-75.0
1777889593.9113324,-5.0,5.0,-74.0
1777889593.9213324,-1.0,7.0,-73.0
1777889593.9313323,4.0,6.0,-72.0
1777889593.9413323,4.0,4.0,-71.0
1777889593.9513323,1.0,5.0,-73.0
1777889593.9613323,-1.0,4.0,-69.0
1777889593.9713323,-2.0,4.0,-70.0
1777889593.9813323,-3.0,3.0,-76.0
1777889593.9913323,0.0,2.0,-75.0
1777889594.0013323,-3.0,-1.0,-75.0
1777889594.0113325,-2.0,-1.0,-74.0
1777889594.0213325,-4.0,2.0,-83.0
1777889594.0313325,-5.0,0.0,-88.0
1777889594.0413325,0.0,-3.0,-85.0
1777889594.0513325,-3.0,0.0,-82.0
1777889594.0613325,-2.0,-3.0,-85.0
1777889594.0713325,2.0,-3.0,-86.0
1777889594.0813324,0.0,0.0,-78.0
1777889594.0913324,5.0,1.0,-73.0
1777889594.1013324,3.0,0.0,-74.0
1777889594.1113324,5.0,-3.0,-74.0
1777889594.1213324,4.0,-5.0,-68.0
1777889594.1313324,2.0,-7.0,-75.0
1777889594.1413324,3.0,-6.0,-80.0
1777889594.1513324,3.0,-8.0,-80.0
1777889594.1613324,3.0,-7.0,-79.0
1777889594.1723323,6.0,-6.0,-75.0
1777889594.1813323,1.0,-2.0,-74.0
1777889594.1913323,3.0,-3.0,-75.0
1777889594.2013323,3.0,-5.0,-77.0
1777889594.2113323,5.0,-3.0,-81.0
1777889594.2213323,5.0,-1.0,-75.0
1777889594.2313323,2.0,-1.0,-73.0
1777889594.2413323,2.0,-6.0,-74.0
1777889594.2513323,6.0,-2.0,-67.0
1777889594.2613325,1.0,-1.0,-67.0
1777889594.2713325,0.0,-1.0,-69.0
1777889594.2813325,0.0,-3.0,-69.0
1777889594.2913325,2.0,-4.0,-64.0
1777889594.3013325,3.0,-7.0,-70.0
1777889594.3113325,5.0,-7.0,-75.0
1777889594.3213325,3.0,-4.0,-77.0
1777889594.3313324,-1.0,0.0,-79.0
1777889594.3413324,-1.0,-1.0,-78.0
1777889594.3513324,-3.0,0.0,-84.0
1777889594.3613324,1.0,1.0,-85.0
1777889594.3713324,0.0,-4.0,-79.0
1777889594.3813324,0.0,-3.0,-78.0
1777889594.3913324,0.0,1.0,-80.0
1777889594.4013324,3.0,0.0,-82.0
1777889594.4113324,3.0,-2.0,-80.0
1777889594.4213324,4.0,-1.0,-78.0
1777889594.4313323,0.0,-2.0,-75.0
1777889594.4413323,2.0,-5.0,-70.0
1777889594.4513323,3.0,-5.0,-68.0
1777889594.4613323,5.0,-8.0,-64.0
1777889594.4713323,4.0,-4.0,-70.0
1777889594.4813323,2.0,-3.0,-70.0
1777889594.4913323,3.0,0.0,-67.0
1777889594.5013323,0.0,-2.0,-72.0
1777889594.5113325,1.0,-3.0,-74.0
1777889594.5213325,-2.0,-1.0,-70.0
1777889594.5313325,-3.0,0.0,-67.0
1777889594.5413325,-2.0,0.0,-71.0
1777889594.5513325,3.0,1.0,-80.0
1777889594.5613325,6.0,0.0,-80.0
1777889594.5713325,7.0,0.0,-77.0
1777889594.5813324,1.0,-1.0,-75.0
1777889594.5913324,1.0,-1.0,-76.0
1777889594.6013324,-1.0,-6.0,-76.0
1777889594.6113324,0.0,-5.0,-77.0
1777889594.6213324,1.0,-2.0,-79.0
1777889594.6313324,0.0,-2.0,-77.0
1777889594.6413324,2.0,0.0,-78.0
1777889594.6513324,6.0,0.0,-81.0
1777889594.6613324,8.0,-2.0,-79.0
1777889594.6713324,7.0,-7.0,-79.0
1777889594.6813323,7.0,-5.0,-83.0
1777889594.6913323,7.0,-4.0,-83.0
1777889594.7013323,4.0,-3.0,-78.0
1777889594.7113323,2.0,-8.0,-81.0
1777889594.7213323,0.0,-2.0,-79.0
1777889594.7313323,-1.0,-3.0,-77.0
1777889594.7413323,-3.0,-2.0,-73.0
1777889594.7513323,-2.0,-1.0,-70.0
1777889594.7613325,-1.0,0.0,-70.0
1777889594.7713325,0.0,3.0,-76.0
1777889594.7813325,1.0,3.0,-74.0
1777889594.7913325,5.0,2.0,-72.0
1777889594.8013325,2.0,6.0,-79.0
1777889594.8113325,0.0,11.0,-80.0
1777889594.8213325,0.0,7.0,-78.0
1777889594.8313324,0.0,6.0,-72.0
1777889594.8413324,0.0,8.0,-71.0
1777889594.8513324,2.0,4.0,-73.0
1777889594.8613324,3.0,0.0,-76.0
1777889594.8713324,2.0,1.0,-63.0
1777889594.8813324,9.0,1.0,-64.0
1777889594.8913324,10.0,0.0,-71.0
1777889594.9013324,4.0,1.0,-74.0
1777889594.9113324,1.0,0.0,-67.0
1777889594.9213324,-2.0,-5.0,-67.0
1777889594.9313323,-1.0,-5.0,-72.0
1777889594.9413323,-3.0,-6.0,-76.0
1777889594.9513323,0.0,-3.0,-76.0
1777889594.9613323,-2.0,-2.0,-75.0
1777889594.9713323,-1.0,-5.0,-74.0
1777889594.9813323,0.0,-1.0,-66.0
1777889594.9913323,4.0,-3.0,-69.0
1777889595.0013323,4.0,-4.0,-71.0
1777889595.0113325,5.0,0.0,-71.0
1777889595.0213325,4.0,0.0,-78.0
1777889595.0313325,3.0,-1.0,-73.0
1777889595.0413325,2.0,0.0,-71.0
1777889595.0513325,1.0,-5.0,-68.0
1777889595.0613325,0.0,-2.0,-67.0
1777889595.0713325,-2.0,-1.0,-69.0
1777889595.0813324,-1.0,1.0,-72.0
1777889595.0913324,0.0,2.0,-73.0
1777889595.1013324,0.0,2.0,-77.0
1777889595.1113324,1.0,2.0,-77.0
1777889595.1213324,4.0,-3.0,-79.0
1777889595.1313324,6.0,0.0,-81.0
1777889595.1413324,9.0,0.0,-84.0
1777889595.1513324,6.0,-1.0,-85.0
1777889595.1613324,5.0,-2.0,-88.0
1777889595.1713324,6.0,-6.0,-85.0
1777889595.1813323,5.0,-5.0,-80.0
1777889595.1913323,5.0,-2.0,-76.0
1777889595.2013323,8.0,-5.0,-78.0
1777889595.2113323,6.0,-5.0,-78.0
1777889595.2213323,2.0,-2.0,-76.0
1777889595.2313323,2.0,-2.0,-76.0
1777889595.2413323,1.0,-5.0,-72.0
1777889595.2513323,2.0,-4.0,-77.0
1777889595.2613325,4.0,-3.0,-77.0
1777889595.2713325,4.0,-2.0,-75.0
1777889595.2813325,1.0,-4.0,-78.0
1777889595.2913325,-4.0,0.0,-79.0
1777889595.3013325,-2.0,-1.0,-78.0
1777889595.3113325,-7.0,-5.0,-76.0
1777889595.3213325,-8.0,-5.0,-73.0
1777889595.3313324,-4.0,-4.0,-70.0
1777889595.3413324,-3.0,-2.0,-75.0
1777889595.3513324,1.0,-1.0,-81.0
1777889595.3613324,4.0,0.0,-80.0
1777889595.3713324,-1.0,0.0,-76.0
1777889595.3813324,-4.0,0.0,-73.0
1777889595.3913324,-2.0,-1.0,-75.0
1777889595.4013324,0.0,-2.0,-76.0
1777889595.4113324,1.0,-2.0,-80.0
1777889595.4213324,0.0,0.0,-79.0
1777889595.4313323,-1.0,4.0,-75.0
1777889595.4413323,-2.0,3.0,-72.0
1777889595.4513323,-3.0,0.0,-81.0
1777889595.4613323,-6.0,0.0,-84.0
1777889595.4713323,-1.0,0.0,-74.0
1777889595.4813323,-3.0,-3.0,-65.0
1777889595.4913323,-2.0,-2.0,-65.0
1777889595.5013323,-6.0,-4.0,-70.0
1777889595.5113325,-9.0,-5.0,-74.0
1777889595.5213325,-10.0,-6.0,-75.0
1777889595.5313325,-9.0,-1.0,-73.0
1777889595.5413325,-2.0,0.0,-72.0
1777889595.5513325,0.0,3.0,-75.0
1777889595.5613325,-1.0,0.0,-69.0
1777889595.5713325,-1.0,-3.0,-68.0
1777889595.5813324,-1.0,-5.0,-68.0
1777889595.5913324,-2.0,-9.0,-63.0
1777889595.6013324,-2.0,-8.0,-68.0
1777889595.6113324,-2.0,-6.0,-65.0
1777889595.6213324,-2.0,-3.0,-65.0
1777889595.6313324,1.0,-3.0,-58.0
1777889595.6413324,-1.0,-6.0,-59.0
1777889595.6513324,-1.0,-4.0,-59.0
1777889595.6613324,0.0,-5.0,-63.0
1777889595.6713324,5.0,-5.0,-64.0
1777889595.6813323,7.0,-5.0,-68.0
1777889595.6913323,2.0,-10.0,-73.0
1777889595.7013323,0.0,-12.0,-73.0
1777889595.7113323,4.0,-10.0,-73.0
1777889595.7213323,1.0,-7.0,-70.0
1777889595.7313323,0.0,-8.0,-75.0
1777889595.7413323,0.0,-5.0,-72.0
1777889595.7513323,1.0,0.0,-73.0
1777889595.7623324,3.0,-1.0,-76.0
1777889595.7723324,2.0,0.0,-73.0
1777889595.7823324,4.0,2.0,-72.0
1777889595.7923324,1.0,0.0,-70.0
1777889595.8023324,2.0,-1.0,-68.0
1777889595.8123324,5.0,-1.0,-70.0
1777889595.8223324,4.0,3.0,-75.0
1777889595.8323324,9.0,0.0,-73.0
1777889595.8423324,5.0,0.0,-72.0
1777889595.8523324,2.0,3.0,-71.0
1777889595.8623323,0.0,7.0,-72.0
1777889595.8723323,-1.0,6.0,-79.0
1777889595.8823323,-1.0,3.0,-79.0
1777889595.8923323,2.0,1.0,-85.0
1777889595.9023323,0.0,-2.0,-85.0
1777889595.9123323,3.0,-5.0,-82.0
1777889595.9223323,6.0,-4.0,-81.0
1777889595.9323325,5.0,-2.0,-86.0
1777889595.9423325,4.0,-4.0,-87.0
1777889595.9523325,0.0,-4.0,-87.0
1777889595.9623325,0.0,0.0,-86.0
1777889595.9723325,-1.0,-1.0,-85.0
1777889595.9823325,1.0,0.0,-84.0
1777889595.9923325,1.0,2.0,-81.0
1777889596.0023324,0.0,2.0,-80.0
1777889596.0123324,0.0,1.0,-76.0
1777889596.0223324,0.0,0.0,-80.0
1777889596.0323324,-1.0,-1.0,-77.0
1777889596.0423324,-3.0,0.0,-78.0
1777889596.0523324,0.0,1.0,-76.0
1777889596.0623324,2.0,2.0,-78.0
1777889596.0723324,2.0,0.0,-84.0
1777889596.0823324,2.0,0.0,-85.0
1777889596.0923324,0.0,0.0,-86.0
1777889596.1023324,0.0,-3.0,-80.0
1777889596.1123323,0.0,-3.0,-76.0
1777889596.1223323,0.0,0.0,-74.0
1777889596.1323323,-3.0,0.0,-78.0
1777889596.1423323,-6.0,-3.0,-81.0
1777889596.1523323,-4.0,2.0,-78.0
1777889596.1623323,-6.0,1.0,-76.0
1777889596.1723323,-2.0,1.0,-72.0
1777889596.1823325,0.0,-2.0,-67.0
1777889596.1923325,-3.0,-5.0,-66.0
1777889596.2023325,-2.0,-2.0,-65.0
1777889596.2123325,1.0,-3.0,-70.0
1777889596.2223325,0.0,0.0,-77.0
1777889596.2323325,1.0,-1.0,-75.0
1777889596.2423325,1.0,-3.0,-74.0
1777889596.2523324,-3.0,-1.0,-73.0
1777889596.2623324,-3.0,-1.0,-72.0
1777889596.2723324,-7.0,1.0,-75.0
1777889596.2823324,-8.0,2.0,-81.0
1777889596.2923324,-6.0,5.0,-74.0
1777889596.3023324,-4.0,-1.0,-72.0
1777889596.3123324,-3.0,0.0,-70.0
1777889596.3223324,-2.0,-2.0,-68.0
1777889596.3323324,-3.0,-1.0,-69.0
1777889596.3423324,1.0,-2.0,-69.0
1777889596.3523324,3.0,1.0,-68.0
1777889596.3623323,2.0,0.0,-65.0
1777889596.3723323,2.0,-2.0,-67.0
1777889596.3823323,0.0,-4.0,-68.0
1777889596.3923323,4.0,0.0,-72.0
1777889596.4023323,1.0,0.0,-74.0
1777889596.4123323,0.0,3.0,-71.0
1777889596.4223323,-3.0,5.0,-70.0
1777889596.4323325,0.0,5.0,-68.0
1777889596.4423325,0.0,-1.0,-76.0
1777889596.4523325,0.0,-1.0,-79.0
1777889596.4623325,4.0,1.0,-80.0
1777889596.4723325,0.0,0.0,-81.0
1777889596.4823325,0.0,-2.0,-83.0
1777889596.4923325,1.0,-5.0,-83.0
1777889596.5023324,3.0,-6.0,-90.0
1777889596.5123324,6.0,-5.0,-93.0
1777889596.5223324,4.0,-6.0,-86.0
1777889596.5323324,0.0,-4.0,-81.0
1777889596.5423324,4.0,-8.0,-81.0
1777889596.5523324,1.0,-13.0,-75.0
1777889596.5623324,2.0,-11.0,-70.0
1777889596.5723324,2.0,-8.0,-70.0
1777889596.5823324,1.0,-4.0,-70.0
1777889596.5923324,0.0,-3.0,-70.0
1777889596.6023324,-3.0,-3.0,-70.0
1777889596.6123323,-5.0,-6.0,-78.0
1777889596.6223323,-12.0,-5.0,-75.0
1777889596.6323323,-11.0,-5.0,-72.0
1777889596.6423323,-12.0,-5.0,-70.0
1777889596.6523323,-8.0,-6.0,-75.0
1777889596.6623323,0.0,-8.0,-75.0
1777889596.6723323,1.0,-6.0,-71.0
1777889596.6823325,5.0,-6.0,-68.0
1777889596.6923325,5.0,-9.0,-72.0
1777889596.7023325,4.0,-8.0,-75.0
1777889596.7123325,1.0,-9.0,-72.0
1777889596.7223325,-1.0,-8.0,-76.0
1777889596.7323325,1.0,-7.0,-75.0
1777889596.7423325,4.0,-6.0,-76.0
1777889596.7523324,6.0,-6.0,-70.0
1777889596.7623324,3.0,-8.0,-76.0
1777889596.7723324,0.0,-6.0,-77.0
1777889596.7823324,2.0,-4.0,-82.0
1777889596.7923324,0.0,-1.0,-86.0
1777889596.8023324,0.0,-1.0,-83.0
1777889596.8123324,1.0,-5.0,-78.0
1777889596.8223324,0.0,-5.0,-74.0
1777889596.8323324,-4.0,-5.0,-75.0
1777889596.8423324,-4.0,-7.0,-71.0
1777889596.8523324,-3.0,-8.0,-72.0
1777889596.8623323,-3.0,-5.0,-75.0
1777889596.8723323,-2.0,-2.0,-77.0
1777889596.8823323,0.0,0.0,-78.0
1777889596.8923323,1.0,-4.0,-75.0
1777889596.9023323,5.0,-2.0,-72.0
1777889596.9123323,7.0,-2.0,-72.0
1777889596.9223323,9.0,-2.0,-74.0
1777889596.9323325,4.0,-2.0,-71.0
1777889596.9423325,1.0,2.0,-73.0
1777889596.9523325,-2.0,3.0,-71.0
1777889596.9623325,1.0,4.0,-79.0
1777889596.9723325,6.0,0.0,-78.0
1777889596.9823325,6.0,-2.0,-79.0
1777889596.9923325,8.0,-5.0,-78.0
1777889597.0023324,6.0,0.0,-76.0
1777889597.0123324,7.0,-1.0,-79.0
1777889597.0223324,2.0,-4.0,-72.0
1777889597.0323324,-2.0,-5.0,-78.0
1777889597.0423324,-1.0,-8.0,-76.0
1777889597.0523324,-6.0,-8.0,-76.0
1777889597.0623324,-5.0,-6.0,-74.0
1777889597.0723324,0.0,-4.0,-70.0
1777889597.0823324,2.0,-3.0,-65.0
1777889597.0923324,0.0,-4.0,-60.0
1777889597.1023324,0.0,-1.0,-64.0
1777889597.1123323,0.0,-2.0,-63.0
1777889597.1223323,-1.0,-5.0,-70.0
1777889597.1323323,-1.0,-1.0,-70.0
1777889597.1423323,0.0,-1.0,-69.0
1777889597.1523323,2.0,3.0,-75.0
1777889597.1623323,2.0,3.0,-76.0
1777889597.1723323,3.0,5.0,-84.0
1777889597.1823325,0.0,4.0,-86.0
1777889597.1923325,-2.0,-2.0,-76.0
1777889597.2023325,-1.0,-5.0,-79.0
1777889597.2123325,2.0,-4.0,-76.0
1777889597.2223325,1.0,-2.0,-70.0
1777889597.2323325,1.0,1.0,-72.0
1777889597.2423325,1.0,0.0,-78.0
1777889597.2523324,1.0,0.0,-79.0
1777889597.2623324,2.0,0.0,-77.0
1777889597.2723324,3.0,-1.0,-82.0
1777889597.2823324,6.0,0.0,-80.0
1777889597.2923324,6.0,-2.0,-81.0
1777889597.3023324,2.0,-5.0,-81.0
1777889597.3123324,5.0,-6.0,-83.0
1777889597.3223324,1.0,-6.0,-81.0
1777889597.3323324,4.0,-2.0,-79.0
1777889597.3423324,3.0,-3.0,-82.0
1777889597.3523324,-2.0,-2.0,-78.0
1777889597.3623323,-5.0,0.0,-77.0
1777889597.3723323,-3.0,-1.0,-75.0
1777889597.3823323,-5.0,-1.0,-69.0
1777889597.3923323,-1.0,-4.0,-68.0
1777889597.4023323,2.0,-4.0,-64.0
1777889597.4123323,6.0,-4.0,-64.0
1777889597.4223323,5.0,-2.0,-69.0
1777889597.4323325,5.0,0.0,-69.0
1777889597.4423325,2.0,0.0,-64.0
1777889597.4523325,3.0,0.0,-65.0
1777889597.4623325,3.0,-3.0,-64.0
1777889597.4723325,-1.0,-2.0,-70.0
1777889597.4823325,0.0,0.0,-75.0
1777889597.4923325,0.0,0.0,-73.0
1777889597.5023324,-1.0,-2.0,-78.0
1777889597.5123324,0.0,-4.0,-72.0
1777889597.5223324,0.0,-3.0,-70.0
1777889597.5323324,2.0,-6.0,-71.0
1777889597.5423324,0.0,-4.0,-70.0
1777889597.5523324,-2.0,-5.0,-70.0
1777889597.5623324,0.0,-4.0,-68.0
1777889597.5723324,3.0,-4.0,-73.0
1777889597.5823324,1.0,0.0,-74.0
1777889597.5923324,1.0,0.0,-77.0
1777889597.6023324,0.0,-2.0,-83.0
1777889597.6123323,-1.0,-2.0,-79.0
1777889597.6223323,0.0,-4.0,-83.0
1777889597.6323323,1.0,-4.0,-82.0
1777889597.6423323,0.0,-2.0,-78.0
1777889597.6523323,-2.0,-3.0,-74.0
1777889597.6623323,-3.0,-2.0,-73.0
1777889597.6723323,-6.0,-4.0,-81.0
1777889597.6823325,-6.0,-4.0,-80.0
1777889597.6923325,-3.0,-5.0,-86.0
1777889597.7023325,-4.0,-8.0,-90.0
1777889597.7133324,-4.0,-2.0,-84.0
1777889597.7223325,-3.0,-3.0,-79.0
1777889597.7333324,-3.0,-4.0,-78.0
1777889597.7433324,0.0,-2.0,-78.0
1777889597.7533324,2.0,0.0,-80.0
1777889597.7633324,5.0,-3.0,-75.0
1777889597.7733324,1.0,-2.0,-70.0
1777889597.7833323,6.0,-5.0,-64.0
1777889597.7933323,2.0,-6.0,-70.0
1777889597.8033323,5.0,-3.0,-69.0
1777889597.8133323,5.0,-1.0,-72.0
1777889597.8233323,6.0,0.0,-75.0
1777889597.8333323,4.0,0.0,-71.0
1777889597.8433323,2.0,-3.0,-74.0
1777889597.8533323,-1.0,-6.0,-76.0
1777889597.8633325,-4.0,-8.0,-76.0
1777889597.8733325,-2.0,-5.0,-85.0
1777889597.8833325,-2.0,-5.0,-83.0
1777889597.8933325,-2.0,-2.0,-83.0
1777889597.9033325,0.0,-5.0,-79.0
1777889597.9133325,-2.0,-4.0,-74.0
1777889597.9233325,-3.0,1.0,-78.0
1777889597.9333324,0.0,5.0,-83.0
1777889597.9433324,-2.0,5.0,-76.0
1777889597.9533324,0.0,5.0,-84.0
1777889597.9633324,-2.0,4.0,-81.0
1777889597.9733324,-4.0,3.0,-86.0
1777889597.9833324,-4.0,4.0,-89.0
1777889597.9933324,-4.0,3.0,-88.0
1777889598.0033324,-4.0,3.0,-85.0
1777889598.0133324,-9.0,0.0,-83.0
1777889598.0233324,-8.0,0.0,-86.0
1777889598.0333323,-4.0,-3.0,-78.0
1777889598.0433323,-4.0,-6.0,-76.0
1777889598.0533323,-2.0,-6.0,-71.0
1777889598.0633323,1.0,-7.0,-75.0
1777889598.0733323,3.0,-3.0,-72.0
1777889598.0833323,5.0,-1.0,-76.0
1777889598.0933323,1.0,-2.0,-72.0
1777889598.1033323,2.0,0.0,-72.0
1777889598.1133325,-2.0,-1.0,-80.0
1777889598.1233325,-2.0,1.0,-84.0
1777889598.1333325,-4.0,1.0,-89.0
1777889598.1433325,-3.0,3.0,-87.0
1777889598.1533325,-4.0,4.0,-84.0
1777889598.1633325,-4.0,-1.0,-80.0
1777889598.1733325,-2.0,-6.0,-81.0
1777889598.1833324,1.0,-6.0,-78.0
1777889598.1933324,1.0,-6.0,-75.0
1777889598.2033324,1.0,-6.0,-76.0
1777889598.2133324,3.0,-5.0,-80.0
1777889598.2233324,4.0,-4.0,-80.0
1777889598.2333324,5.0,-5.0,-84.0
1777889598.2433324,4.0,-7.0,-86.0
1777889598.2533324,2.0,-11.0,-83.0
1777889598.2633324,0.0,-4.0,-80.0
1777889598.2733324,0.0,-4.0,-78.0
1777889598.2833323,0.0,-3.0,-77.0
1777889598.2933323,-6.0,-4.0,-83.0
1777889598.3033323,-8.0,0.0,-85.0
1777889598.3133323,-6.0,-1.0,-80.0
1777889598.3233323,-1.0,-5.0,-75.0
1777889598.3333323,1.0,-4.0,-72.0
1777889598.3433323,6.0,-2.0,-70.0
1777889598.3533323,7.0,-1.0,-72.0
1777889598.3633325,5.0,-1.0,-72.0
1777889598.3733325,7.0,-4.0,-72.0
1777889598.3833325,6.0,-2.0,-72.0
1777889598.3933325,4.0,0.0,-71.0
1777889598.4033325,4.0,-1.0,-71.0
1777889598.4133325,5.0,-1.0,-76.0
1777889598.4233325,4.0,0.0,-77.0
1777889598.4333324,1.0,0.0,-79.0
1777889598.4433324,1.0,0.0,-75.0
1777889598.4533324,-1.0,0.0,-74.0
1777889598.4633324,-2.0,-2.0,-69.0
1777889598.4733324,-3.0,-3.0,-70.0
1777889598.4833324,4.0,-3.0,-71.0
1777889598.4933324,1.0,0.0,-69.0
1777889598.5033324,0.0,-3.0,-71.0
1777889598.5133324,0.0,-6.0,-78.0
1777889598.5233324,0.0,-9.0,-71.0
1777889598.5333323,0.0,-11.0,-76.0
1777889598.5433323,0.0,-10.0,-73.0
1777889598.5533323,0.0,-2.0,-69.0
1777889598.5633323,3.0,-5.0,-66.0
1777889598.5733323,5.0,-2.0,-67.0
1777889598.5833323,2.0,-5.0,-62.0
1777889598.5933323,0.0,-7.0,-64.0
1777889598.6033323,0.0,-4.0,-66.0
1777889598.6133325,0.0,-7.0,-69.0
1777889598.6233325,-5.0,-5.0,-73.0
1777889598.6333325,-2.0,-4.0,-78.0
1777889598.6433325,3.0,0.0,-82.0
1777889598.6533325,2.0,1.0,-84.0
1777889598.6633325,-2.0,1.0,-81.0
1777889598.6733325,0.0,-1.0,-81.0
1777889598.6833324,3.0,-4.0,-88.0
1777889598.6933324,6.0,-3.0,-91.0
1777889598.7033324,3.0,-3.0,-88.0
1777889598.7133324,2.0,-5.0,-89.0
1777889598.7233324,0.0,0.0,-81.0
1777889598.7333324,0.0,-2.0,-71.0
1777889598.7433324,-3.0,-2.0,-68.0
1777889598.7533324,-4.0,-3.0,-71.0
1777889598.7633324,0.0,-3.0,-71.0
1777889598.7733324,-8.0,-7.0,-65.0
1777889598.7833323,-11.0,-4.0,-63.0
1777889598.7933323,-7.0,-3.0,-69.0
1777889598.8033323,-6.0,1.0,-73.0
1777889598.8133323,0.0,1.0,-77.0
1777889598.8233323,-3.0,2.0,-70.0
1777889598.8333323,-1.0,0.0,-68.0
1777889598.8433323,0.0,-1.0,-71.0
1777889598.8533323,4.0,0.0,-65.0
1777889598.8633325,6.0,1.0,-62.0
1777889598.8733325,5.0,2.0,-65.0
1777889598.8833325,9.0,5.0,-67.0
1777889598.8933325,10.0,4.0,-61.0
1777889598.9033325,8.0,0.0,-59.0
1777889598.9133325,3.0,-2.0,-63.0
1777889598.9233325,0.0,0.0,-75.0
1777889598.9333324,1.0,4.0,-76.0
1777889598.9433324,-3.0,2.0,-78.0
1777889598.9533324,-2.0,2.0,-73.0
1777889598.9633324,-2.0,0.0,-74.0
1777889598.9733324,0.0,5.0,-73.0
1777889598.9833324,0.0,2.0,-71.0
1777889598.9933324,-1.0,-2.0,-64.0
1777889599.0033324,-3.0,-3.0,-65.0
1777889599.0133324,-2.0,-1.0,-63.0
1777889599.0233324,-3.0,1.0,-61.0
1777889599.0333323,-2.0,-3.0,-64.0
1777889599.0433323,-5.0,-6.0,-66.0
1777889599.0533323,0.0,-11.0,-67.0
1777889599.0633323,-1.0,-9.0,-73.0
1777889599.0733323,3.0,-4.0,-76.0
1777889599.0833323,3.0,-5.0,-74.0
1777889599.0933323,9.0,-9.0,-69.0
1777889599.1033323,11.0,-7.0,-68.0
1777889599.1133325,15.0,-5.0,-65.0
1777889599.1233325,11.0,-3.0,-69.0
1777889599.1333325,5.0,-4.0,-71.0
1777889599.1433325,3.0,-1.0,-72.0
1777889599.1533325,0.0,-3.0,-70.0
1777889599.1633325,0.0,-3.0,-72.0
1777889599.1733325,0.0,-1.0,-70.0
1777889599.1833324,0.0,-4.0,-69.0
1777889599.1933324,3.0,-9.0,-71.0
1777889599.2033324,4.0,-8.0,-70.0
1777889599.2133324,4.0,-4.0,-67.0
1777889599.2233324,0.0,-4.0,-66.0
1777889599.2333324,-3.0,-5.0,-67.0
1777889599.2433324,-4.0,-5.0,-64.0
1777889599.2533324,-2.0,-7.0,-65.0
1777889599.2633324,-1.0,-12.0,-72.0
1777889599.2733324,1.0,-10.0,-74.0
1777889599.2833323,-3.0,-11.0,-76.0
1777889599.2933323,-1.0,-11.0,-66.0
1777889599.3033323,-1.0,-11.0,-69.0
1777889599.3133323,-6.0,-10.0,-69.0
1777889599.3233323,-3.0,-11.0,-63.0
1777889599.3333323,0.0,-9.0,-65.0
1777889599.3433323,0.0,-3.0,-73.0
1777889599.3533323,-1.0,-2.0,-71.0
1777889599.3633325,-1.0,-7.0,-76.0
1777889599.3733325,-2.0,-6.0,-79.0
1777889599.3833325,-1.0,-2.0,-77.0
1777889599.3933325,1.0,-3.0,-79.0
1777889599.4033325,0.0,-2.0,-78.0
1777889599.4133325,-5.0,-2.0,-73.0
1777889599.4233325,-7.0,-1.0,-77.0
1777889599.4333324,-5.0,-5.0,-90.0
1777889599.4433324,-7.0,-6.0,-85.0
1777889599.4533324,-5.0,-6.0,-75.0
1777889599.4633324,0.0,-6.0,-77.0
1777889599.4733324,-5.0,-4.0,-75.0
1777889599.4833324,-8.0,-5.0,-72.0
1777889599.4933324,-3.0,-9.0,-75.0
1777889599.5033324,2.0,-12.0,-76.0
1777889599.5133324,1.0,-10.0,-77.0
1777889599.5233324,3.0,-8.0,-76.0
1777889599.5333323,3.0,-7.0,-78.0
1777889599.5433323,3.0,-8.0,-77.0
1777889599.5533323,4.0,-9.0,-75.0
1777889599.5633323,1.0,-10.0,-70.0
1777889599.5733323,3.0,-9.0,-68.0
1777889599.5833323,1.0,-8.0,-65.0
1777889599.5933323,6.0,-5.0,-68.0
1777889599.6033323,5.0,-4.0,-73.0
1777889599.6133325,3.0,-6.0,-70.0
1777889599.6233325,1.0,-5.0,-72.0
1777889599.6333325,-4.0,-8.0,-73.0
1777889599.6433325,-4.0,-8.0,-72.0
1777889599.6533325,-7.0,-2.0,-78.0
1777889599.6633325,-8.0,-3.0,-82.0
1777889599.6733325,-8.0,-1.0,-76.0
1777889599.6833324,-4.0,-2.0,-79.0
1777889599.6933324,-4.0,-2.0,-80.0
1777889599.7033324,-1.0,-3.0,-78.0
1777889599.7133324,-4.0,-1.0,-74.0
1777889599.7233324,-3.0,-5.0,-76.0
1777889599.7333324,-7.0,-4.0,-77.0
1777889599.7443323,-5.0,-4.0,-85.0
1777889599.7543323,-4.0,-1.0,-87.0
1777889599.7643323,-4.0,0.0,-90.0
1777889599.7743323,-2.0,0.0,-86.0
1777889599.7843325,0.0,0.0,-80.0
1777889599.7943325,1.0,1.0,-74.0
1777889599.8033323,-1.0,3.0,-82.0
1777889599.8143325,2.0,4.0,-79.0
1777889599.8243325,2.0,3.0,-80.0
1777889599.8343325,5.0,0.0,-77.0
1777889599.8443325,8.0,0.0,-75.0
1777889599.8543324,7.0,-1.0,-75.0
1777889599.8643324,4.0,-2.0,-69.0
1777889599.8743324,6.0,0.0,-73.0
1777889599.8843324,8.0,-3.0,-72.0
1777889599.8943324,4.0,-3.0,-77.0
1777889599.9043324,4.0,-7.0,-76.0
1777889599.9143324,4.0,-6.0,-78.0
1777889599.9243324,1.0,-2.0,-71.0
1777889599.9343324,2.0,0.0,-71.0
1777889599.9443324,0.0,0.0,-70.0
1777889599.9543324,3.0,0.0,-67.0
1777889599.9643323,0.0,1.0,-66.0
1777889599.9743323,0.0,2.0,-64.0
1777889599.9843323,7.0,-4.0,-70.0
1777889599.9943323,7.0,-5.0,-68.0
1777889600.0043323,3.0,-6.0,-60.0
1777889600.0143323,-1.0,-8.0,-61.0
1777889600.0243323,-3.0,-7.0,-66.0
1777889600.0343325,-4.0,-4.0,-68.0
1777889600.0443325,-6.0,-4.0,-68.0
1777889600.0543325,-1.0,-5.0,-76.0
1777889600.0643325,0.0,-6.0,-76.0
1777889600.0743325,0.0,-5.0,-76.0
1777889600.0843325,0.0,-1.0,-77.0
1777889600.0943325,-3.0,1.0,-80.0
1777889600.1043324,-4.0,3.0,-84.0
1777889600.1143324,-4.0,1.0,-85.0
1777889600.1243324,0.0,0.0,-75.0
1777889600.1343324,-3.0,1.0,-73.0
1777889600.1443324,-4.0,1.0,-70.0
1777889600.1543324,-4.0,0.0,-70.0
1777889600.1643324,-2.0,-1.0,-71.0
1777889600.1743324,-3.0,-3.0,-68.0
1777889600.1843324,-4.0,-4.0,-72.0
1777889600.1943324,-2.0,-1.0,-77.0
1777889600.2043324,-5.0,1.0,-74.0
1777889600.2143323,-7.0,0.0,-73.0
1777889600.2243323,-3.0,-2.0,-72.0
1777889600.2343323,-1.0,-6.0,-75.0
1777889600.2443323,0.0,-7.0,-74.0
1777889600.2543323,1.0,-10.0,-75.0
1777889600.2643323,0.0,-8.0,-75.0
1777889600.2743323,0.0,-9.0,-82.0
1777889600.2843325,-1.0,-7.0,-76.0
1777889600.2943325,1.0,-1.0,-79.0
1777889600.3043325,5.0,-1.0,-82.0
1777889600.3143325,1.0,0.0,-86.0
1777889600.3243325,2.0,1.0,-87.0
1777889600.3343325,0.0,-1.0,-83.0
1777889600.3443325,3.0,-1.0,-85.0
1777889600.3543324,8.0,-2.0,-84.0
1777889600.3643324,5.0,-6.0,-81.0
1777889600.3743324,3.0,-5.0,-80.0
1777889600.3843324,6.0,0.0,-77.0
1777889600.3943324,5.0,-1.0,-77.0
1777889600.4043324,6.0,2.0,-77.0
1777889600.4143324,5.0,2.0,-66.0
1777889600.4243324,7.0,0.0,-62.0
1777889600.4343324,4.0,-1.0,-63.0
1777889600.4443324,5.0,0.0,-70.0
1777889600.4543324,3.0,0.0,-67.0
1777889600.4643323,1.0,-1.0,-62.0
1777889600.4743323,0.0,-4.0,-66.0
1777889600.4843323,4.0,0.0,-67.0
1777889600.4943323,3.0,-4.0,-70.0
1777889600.5043323,1.0,-5.0,-74.0
1777889600.5143323,-3.0,-5.0,-76.0
1777889600.5243323,-4.0,-3.0,-73.0
1777889600.5343325,-5.0,-7.0,-70.0
1777889600.5443325,-2.0,-4.0,-70.0
1777889600.5543325,0.0,-2.0,-74.0
1777889600.5643325,2.0,3.0,-72.0
1777889600.5743325,0.0,4.0,-77.0
1777889600.5843325,2.0,1.0,-70.0
1777889600.5943325,3.0,0.0,-71.0
1777889600.6043324,2.0,0.0,-73.0
1777889600.6143324,3.0,0.0,-68.0
1777889600.6243324,3.0,0.0,-78.0
1777889600.6343324,2.0,1.0,-82.0
1777889600.6443324,1.0,0.0,-81.0
1777889600.6543324,-3.0,1.0,-87.0
1777889600.6643324,-2.0,-2.0,-90.0
1777889600.6743324,1.0,-4.0,-95.0
1777889600.6843324,1.0,-3.0,-96.0
1777889600.6943324,-2.0,-2.0,-91.0
1777889600.7043324,-2.0,-2.0,-83.0
1777889600.7143323,-2.0,-4.0,-80.0
1777889600.7243323,0.0,-2.0,-79.0
1777889600.7343323,0.0,-2.0,-75.0
1777889600.7443323,0.0,-3.0,-72.0
1777889600.7543323,-2.0,-4.0,-69.0
1777889600.7643323,0.0,-4.0,-69.0
1777889600.7743323,-3.0,0.0,-70.0
1777889600.7843325,-1.0,0.0,-73.0
1777889600.7943325,0.0,0.0,-78.0
1777889600.8043325,-3.0,0.0,-79.0
1777889600.8143325,-4.0,2.0,-69.0
1777889600.8243325,-3.0,-2.0,-68.0
1777889600.8343325,-9.0,-3.0,-71.0
1777889600.8443325,-8.0,1.0,-72.0
1777889600.8543324,-8.0,3.0,-75.0
1777889600.8643324,-5.0,3.0,-70.0
1777889600.8743324,-3.0,2.0,-64.0
1777889600.8843324,-1.0,2.0,-60.0
1777889600.8943324,-7.0,-1.0,-65.0
1777889600.9043324,-5.0,-3.0,-71.0
1777889600.9143324,0.0,-2.0,-71.0
1777889600.9243324,-4.0,-2.0,-67.0
1777889600.9343324,0.0,0.0,-64.0
1777889600.9443324,4.0,-4.0,-64.0
1777889600.9543324,4.0,-3.0,-69.0
1777889600.9643323,7.0,-1.0,-73.0
1777889600.9743323,3.0,-2.0,-76.0
1777889600.9843323,1.0,-1.0,-77.0
1777889600.9943323,-1.0,0.0,-74.0
1777889601.0043323,-3.0,3.0,-70.0
1777889601.0143323,0.0,3.0,-68.0
1777889601.0243323,-1.0,3.0,-67.0
1777889601.0343325,-1.0,2.0,-64.0
1777889601.0443325,0.0,5.0,-62.0
1777889601.0543325,-1.0,2.0,-66.0
1777889601.0643325,0.0,2.0,-74.0
1777889601.0743325,3.0,0.0,-78.0
1777889601.0843325,6.0,-1.0,-77.0
1777889601.0943325,6.0,3.0,-70.0
1777889601.1043324,6.0,5.0,-69.0
1777889601.1143324,6.0,1.0,-67.0
1777889601.1243324,3.0,3.0,-67.0
1777889601.1343324,5.0,3.0,-66.0
1777889601.1443324,5.0,1.0,-65.0
1777889601.1543324,7.0,0.0,-70.0
1777889601.1643324,7.0,1.0,-71.0
1777889601.1743324,3.0,1.0,-80.0
1777889601.1843324,0.0,0.0,-83.0
1777889601.1943324,-5.0,2.0,-87.0
1777889601.2043324,-4.0,3.0,-87.0
1777889601.2143323,-4.0,4.0,-81.0
1777889601.2243323,1.0,5.0,-77.0
1777889601.2343323,3.0,4.0,-68.0
1777889601.2443323,6.0,5.0,-68.0
1777889601.2543323,6.0,1.0,-68.0
1777889601.2643323,4.0,-5.0,-68.0
1777889601.2743323,2.0,-4.0,-66.0
1777889601.2843325,2.0,-3.0,-69.0
1777889601.2943325,5.0,-2.0,-68.0
1777889601.3043325,2.0,0.0,-69.0
1777889601.3143325,2.0,-3.0,-70.0
1777889601.3243325,-4.0,-2.0,-68.0
1777889601.3343325,-3.0,-1.0,-66.0
1777889601.3443325,0.0,-3.0,-64.0
1777889601.3543324,-5.0,0.0,-62.0
1777889601.3643324,-4.0,0.0,-66.0
1777889601.3743324,0.0,-2.0,-69.0
1777889601.3843324,-1.0,1.0,-69.0
1777889601.3943324,-5.0,4.0,-68.0
1777889601.4043324,-4.0,2.0,-73.0
1777889601.4143324,-1.0,0.0,-77.0
1777889601.4243324,-4.0,-2.0,-76.0
1777889601.4343324,-3.0,-2.0,-72.0
1777889601.4443324,-1.0,1.0,-75.0
1777889601.4543324,-1.0,-1.0,-77.0
1777889601.4643323,-1.0,3.0,-75.0
1777889601.4743323,-2.0,3.0,-68.0
1777889601.4843323,-4.0,2.0,-78.0
1777889601.4943323,0.0,3.0,-75.0
1777889601.5043323,6.0,3.0,-75.0
1777889601.5143323,1.0,-1.0,-72.0
1777889601.5243323,0.0,-6.0,-70.0
1777889601.5343325,0.0,-8.0,-66.0
1777889601.5453324,1.0,-6.0,-71.0
1777889601.5543325,-1.0,-5.0,-73.0
1777889601.5643325,1.0,-4.0,-77.0
1777889601.5743325,3.0,-7.0,-80.0
1777889601.5843325,1.0,-7.0,-80.0
1777889601.5943325,3.0,-5.0,-83.0
1777889601.6043324,3.0,-5.0,-83.0
1777889601.6143324,0.0,-5.0,-76.0
1777889601.6243324,0.0,-4.0,-75.0
1777889601.6343324,0.0,-2.0,-77.0
1777889601.6443324,0.0,-1.0,-83.0
1777889601.6543324,-1.0,1.0,-82.0
1777889601.6643324,0.0,0.0,-84.0
1777889601.6743324,-3.0,-2.0,-72.0
1777889601.6843324,-1.0,-4.0,-62.0
1777889601.6943324,0.0,-2.0,-66.0
1777889601.7053325,0.0,-1.0,-78.0
1777889601.7153325,3.0,-5.0,-82.0
1777889601.7243323,1.0,-5.0,-79.0
1777889601.7353325,-1.0,-5.0,-85.0
1777889601.7453325,0.0,-1.0,-79.0
1777889601.7553325,2.0,-2.0,-77.0
1777889601.7653325,1.0,-3.0,-80.0
1777889601.7753325,0.0,2.0,-76.0
1777889601.7853324,1.0,4.0,-84.0
1777889601.7953324,1.0,-2.0,-82.0
1777889601.8053324,2.0,-7.0,-79.0
1777889601.8153324,0.0,-2.0,-79.0
1777889601.8253324,3.0,-2.0,-82.0
1777889601.8343325,1.0,-3.0,-80.0
1777889601.8453324,0.0,-6.0,-84.0
1777889601.8553324,-2.0,-5.0,-84.0
1777889601.8653324,-1.0,-6.0,-77.0
1777889601.8753324,-1.0,-7.0,-67.0
1777889601.8853323,0.0,-5.0,-67.0
1777889601.8953323,2.0,-2.0,-70.0
1777889601.9053323,0.0,-5.0,-73.0
1777889601.9153323,-2.0,-7.0,-70.0
1777889601.9253323,0.0,-4.0,-76.0
1777889601.9353323,4.0,-5.0,-78.0
1777889601.9453323,5.0,1.0,-83.0
1777889601.9553325,3.0,5.0,-80.0
1777889601.9653325,8.0,6.0,-80.0
1777889601.9753325,8.0,5.0,-81.0
1777889601.9853325,10.0,2.0,-75.0
1777889601.9953325,9.0,4.0,-76.0
1777889602.0053325,10.0,4.0,-76.0
1777889602.0153325,12.0,1.0,-79.0
1777889602.0253325,9.0,0.0,-81.0
1777889602.0353324,8.0,-2.0,-76.0
1777889602.0453324,8.0,-5.0,-79.0
1777889602.0553324,10.0,-2.0,-76.0
1777889602.0653324,8.0,-2.0,-78.0
1777889602.0753324,10.0,0.0,-80.0
1777889602.0853324,11.0,-3.0,-77.0
1777889602.0953324,12.0,0.0,-74.0
1777889602.1053324,10.0,0.0,-78.0
1777889602.1153324,3.0,-5.0,-75.0
1777889602.1253324,5.0,-5.0,-78.0
1777889602.1353323,1.0,-6.0,-73.0
1777889602.1453323,1.0,-4.0,-65.0
1777889602.1553323,1.0,-1.0,-72.0
1777889602.1653323,1.0,-1.0,-78.0
1777889602.1753323,0.0,-1.0,-77.0
1777889602.1853323,0.0,0.0,-84.0
1777889602.1953323,1.0,-1.0,-87.0
1777889602.2053325,2.0,-2.0,-88.0
1777889602.2153325,0.0,1.0,-85.0
1777889602.2253325,-4.0,-1.0,-76.0
1777889602.2353325,-5.0,2.0,-75.0
1777889602.2453325,-2.0,4.0,-75.0
1777889602.2553325,-7.0,3.0,-76.0
1777889602.2653325,-7.0,3.0,-80.0
1777889602.2753325,-3.0,0.0,-82.0
1777889602.2853324,0.0,-1.0,-76.0
1777889602.2953324,1.0,-6.0,-71.0
1777889602.3053324,4.0,-5.0,-70.0
1777889602.3153324,6.0,-3.0,-71.0
1777889602.3253324,3.0,-5.0,-70.0
1777889602.3353324,0.0,-7.0,-79.0
1777889602.3453324,-6.0,-8.0,-77.0
1777889602.3553324,-8.0,-9.0,-80.0
1777889602.3653324,-6.0,-4.0,-84.0
1777889602.3753324,-8.0,-4.0,-81.0
1777889602.3853323,-9.0,-2.0,-78.0
1777889602.3953323,-5.0,-2.0,-82.0
1777889602.4053323,0.0,-1.0,-80.0
1777889602.4153323,1.0,-5.0,-78.0
1777889602.4253323,4.0,-6.0,-74.0
1777889602.4353323,5.0,-7.0,-78.0
1777889602.4453323,7.0,-6.0,-79.0
1777889602.4553325,5.0,-11.0,-72.0
1777889602.4653325,3.0,-7.0,-64.0
1777889602.4753325,2.0,-8.0,-67.0
1777889602.4853325,-3.0,-3.0,-71.0
1777889602.4953325,1.0,-2.0,-78.0
1777889602.5053325,2.0,-3.0,-73.0
1777889602.5153325,2.0,-2.0,-69.0
1777889602.5253325,6.0,-1.0,-73.0
1777889602.5353324,4.0,0.0,-74.0
1777889602.5453324,2.0,0.0,-79.0
1777889602.5553324,2.0,0.0,-79.0
1777889602.5653324,3.0,2.0,-84.0
1777889602.5753324,3.0,-2.0,-79.0
1777889602.5853324,0.0,-2.0,-84.0
1777889602.5953324,-2.0,-3.0,-82.0
1777889602.6053324,0.0,-2.0,-80.0
1777889602.6153324,0.0,0.0,-80.0
1777889602.6253324,3.0,0.0,-82.0
1777889602.6353323,11.0,0.0,-85.0
1777889602.6453323,9.0,2.0,-79.0
1777889602.6553323,6.0,2.0,-76.0
1777889602.6653323,3.0,0.0,-77.0
1777889602.6753323,5.0,1.0,-77.0
1777889602.6853323,2.0,3.0,-74.0
1777889602.6953323,-2.0,2.0,-78.0
1777889602.7053325,-1.0,2.0,-81.0
1777889602.7153325,1.0,0.0,-79.0
1777889602.7253325,2.0,0.0,-76.0
1777889602.7353325,1.0,-2.0,-78.0
1777889602.7453325,0.0,-1.0,-72.0
1777889602.7553325,0.0,3.0,-73.0
1777889602.7653325,3.0,3.0,-73.0
1777889602.7753325,1.0,3.0,-72.0
1777889602.7853324,0.0,3.0,-66.0
1777889602.7953324,-3.0,-2.0,-70.0
1777889602.8053324,-3.0,-9.0,-74.0
1777889602.8153324,-1.0,-7.0,-78.0
1777889602.8253324,-4.0,-4.0,-80.0
1777889602.8353324,0.0,-3.0,-84.0
1777889602.8453324,-1.0,-3.0,-79.0
1777889602.8553324,0.0,-1.0,-76.0
1777889602.8653324,1.0,0.0,-75.0
1777889602.8753324,1.0,-3.0,-67.0
1777889602.8853323,2.0,-7.0,-64.0
1777889602.8953323,-2.0,-7.0,-66.0
1777889602.9053323,-4.0,-1.0,-69.0
1777889602.9153323,-2.0,1.0,-64.0
1777889602.9253323,0.0,4.0,-70.0
1777889602.9353323,2.0,-3.0,-75.0
1777889602.9453323,1.0,-4.0,-75.0
1777889602.9553325,1.0,-7.0,-69.0
1777889602.9653325,-3.0,-4.0,-63.0
1777889602.9753325,0.0,-4.0,-63.0
1777889602.9853325,1.0,0.0,-67.0
1777889602.9953325,1.0,0.0,-68.0
1777889603.0053325,4.0,0.0,-72.0
1777889603.0153325,2.0,-1.0,-74.0
1777889603.0253325,-2.0,0.0,-70.0
1777889603.0353324,1.0,4.0,-71.0
1777889603.0453324,1.0,0.0,-69.0
1777889603.0553324,1.0,1.0,-73.0
1777889603.0653324,0.0,-2.0,-77.0
1777889603.0753324,-1.0,-4.0,-76.0
1777889603.0853324,1.0,-5.0,-74.0
1777889603.0953324,1.0,-7.0,-80.0
1777889603.1053324,2.0,-9.0,-79.0
1777889603.1153324,0.0,-13.0,-79.0
1777889603.1253324,0.0,-7.0,-78.0
1777889603.1353323,3.0,-6.0,-76.0
1777889603.1453323,3.0,-8.0,-72.0
1777889603.1553323,-2.0,-8.0,-74.0
1777889603.1653323,-1.0,-4.0,-78.0
1777889603.1753323,-1.0,-3.0,-79.0
1777889603.1853323,0.0,0.0,-77.0
1777889603.1953323,3.0,-1.0,-84.0
1777889603.2053325,0.0,0.0,-80.0
1777889603.2153325,-6.0,4.0,-81.0
1777889603.2253325,-5.0,3.0,-79.0
1777889603.2353325,-3.0,2.0,-83.0
1777889603.2453325,1.0,3.0,-78.0
1777889603.2553325,2.0,-2.0,-77.0
1777889603.2653325,3.0,-1.0,-71.0
1777889603.2753325,5.0,-2.0,-65.0
1777889603.2863324,4.0,-1.0,-68.0
1777889603.2953324,4.0,-3.0,-64.0
1777889603.3053324,3.0,-3.0,-67.0
1777889603.3153324,4.0,-7.0,-59.0
1777889603.3253324,7.0,-8.0,-64.0
1777889603.3353324,7.0,-7.0,-65.0
1777889603.3453324,7.0,-5.0,-68.0
1777889603.3553324,6.0,-4.0,-72.0
1777889603.3653324,3.0,-4.0,-73.0
1777889603.3753324,6.0,-4.0,-77.0
1777889603.3853323,4.0,-4.0,-80.0
1777889603.3953323,0.0,-3.0,-84.0
1777889603.4053323,0.0,-2.0,-81.0
1777889603.4153323,0.0,-1.0,-84.0
1777889603.4253323,0.0,-2.0,-82.0
1777889603.4353323,-1.0,-6.0,-72.0
1777889603.4453323,0.0,0.0,-73.0
1777889603.4553325,-7.0,-1.0,-73.0
1777889603.4653325,-11.0,-5.0,-73.0
1777889603.4753325,-12.0,-5.0,-73.0
1777889603.4853325,-13.0,0.0,-79.0
1777889603.4953325,-15.0,0.0,-84.0
1777889603.5053325,-10.0,2.0,-82.0
1777889603.5153325,-5.0,-2.0,-89.0
1777889603.5253325,-4.0,-6.0,-90.0
1777889603.5353324,-5.0,-4.0,-91.0
1777889603.5453324,-2.0,-4.0,-87.0
1777889603.5553324,0.0,-3.0,-83.0
1777889603.5653324,2.0,-2.0,-78.0
1777889603.5753324,-2.0,1.0,-80.0
1777889603.5853324,-4.0,3.0,-80.0
1777889603.5953324,-6.0,6.0,-83.0
1777889603.6053324,-4.0,2.0,-84.0
1777889603.6153324,-4.0,0.0,-84.0
1777889603.6253324,-3.0,-1.0,-84.0
1777889603.6353323,0.0,-1.0,-79.0
1777889603.6453323,-1.0,0.0,-79.0
1777889603.6553323,-7.0,2.0,-80.0
1777889603.6663325,-5.0,1.0,-83.0
1777889603.6753323,-2.0,1.0,-81.0
1777889603.6863325,0.0,2.0,-84.0
1777889603.6953323,3.0,1.0,-87.0
1777889603.7063324,-1.0,-2.0,-80.0
1777889603.7163324,0.0,-1.0,-81.0
1777889603.7263324,0.0,0.0,-77.0
1777889603.7363324,0.0,0.0,-74.0
1777889603.7463324,1.0,1.0,-71.0
1777889603.7563324,3.0,-2.0,-70.0
1777889603.7663324,1.0,-4.0,-70.0
1777889603.7763324,1.0,-6.0,-68.0
1777889603.7863324,5.0,-8.0,-73.0
1777889603.7963324,6.0,-6.0,-70.0
1777889603.8063323,1.0,-5.0,-73.0
1777889603.8163323,-1.0,-7.0,-68.0
1777889603.8263323,1.0,-7.0,-77.0
1777889603.8363323,0.0,-4.0,-84.0
1777889603.8463323,2.0,-1.0,-82.0
1777889603.8563323,0.0,0.0,-81.0
1777889603.8663323,1.0,2.0,-80.0
1777889603.8763323,4.0,6.0,-73.0
1777889603.8863325,3.0,3.0,-71.0
1777889603.8963325,2.0,-4.0,-69.0
1777889603.9063325,2.0,-3.0,-65.0
1777889603.9163325,-1.0,-1.0,-67.0
1777889603.9263325,-2.0,0.0,-66.0
1777889603.9363325,-1.0,-3.0,-69.0
1777889603.9463325,-2.0,-4.0,-67.0
1777889603.9563324,-1.0,-4.0,-72.0
1777889603.9663324,0.0,-5.0,-77.0
1777889603.9763324,4.0,0.0,-71.0
1777889603.9863324,4.0,0.0,-62.0
1777889603.9963324,3.0,4.0,-59.0
1777889604.0063324,4.0,4.0,-62.0
1777889604.0163324,5.0,0.0,-65.0
1777889604.0263324,4.0,-3.0,-72.0
1777889604.0363324,-3.0,0.0,-78.0
1777889604.0463324,-2.0,2.0,-73.0
1777889604.0563323,0.0,2.0,-79.0
1777889604.0663323,0.0,1.0,-87.0
1777889604.0763323,-3.0,-4.0,-89.0
1777889604.0863323,-6.0,-5.0,-86.0
1777889604.0963323,-7.0,-4.0,-83.0
1777889604.1063323,-3.0,-4.0,-79.0
1777889604.1163323,-2.0,-4.0,-73.0
1777889604.1263323,1.0,-5.0,-74.0
1777889604.1363325,6.0,-7.0,-75.0
1777889604.1463325,10.0,-5.0,-80.0
1777889604.1563325,12.0,-4.0,-81.0
1777889604.1663325,9.0,-1.0,-84.0
1777889604.1763325,7.0,0.0,-83.0
1777889604.1863325,8.0,-3.0,-80.0
1777889604.1963325,5.0,0.0,-79.0
1777889604.2063324,6.0,1.0,-79.0
1777889604.2163324,2.0,1.0,-81.0
1777889604.2263324,6.0,1.0,-73.0
1777889604.2363324,4.0,2.0,-73.0
1777889604.2463324,1.0,2.0,-73.0
1777889604.2563324,-1.0,2.0,-79.0
1777889604.2663324,-2.0,-2.0,-86.0
1777889604.2763324,-1.0,-3.0,-81.0
1777889604.2863324,1.0,0.0,-81.0
1777889604.2963324,6.0,1.0,-78.0
1777889604.3063323,4.0,-1.0,-76.0
1777889604.3163323,0.0,-2.0,-77.0
1777889604.3263323,1.0,-2.0,-82.0
1777889604.3363323,3.0,-6.0,-77.0
1777889604.3463323,5.0,-5.0,-77.0
1777889604.3563323,3.0,-2.0,-77.0
1777889604.3663323,2.0,-4.0,-73.0
1777889604.3763323,1.0,-2.0,-68.0
1777889604.3863325,-1.0,-2.0,-75.0
1777889604.3963325,0.0,0.0,-72.0
1777889604.4063325,1.0,2.0,-73.0
1777889604.4163325,2.0,-1.0,-74.0
1777889604.4263325,1.0,2.0,-84.0
1777889604.4363325,2.0,1.0,-91.0
1777889604.4463325,3.0,1.0,-90.0
1777889604.4563324,2.0,-3.0,-86.0
1777889604.4663324,2.0,-3.0,-78.0
1777889604.4763324,3.0,0.0,-72.0
1777889604.4863324,8.0,2.0,-67.0
1777889604.4963324,7.0,3.0,-74.0
1777889604.5063324,4.0,1.0,-77.0
1777889604.5163324,1.0,0.0,-85.0
1777889604.5263324,4.0,0.0,-90.0
1777889604.5363324,2.0,-1.0,-89.0
1777889604.5463324,4.0,-2.0,-79.0
1777889604.5563323,0.0,-5.0,-71.0
1777889604.5663323,1.0,-7.0,-72.0
1777889604.5763323,1.0,-5.0,-77.0
1777889604.5863323,-1.0,-3.0,-83.0
1777889604.5963323,2.0,-4.0,-93.0
1777889604.6063323,1.0,-1.0,-93.0
1777889604.6163323,1.0,-1.0,-85.0
1777889604.6263323,2.0,-1.0,-82.0
1777889604.6363325,-1.0,3.0,-83.0
1777889604.6463325,-4.0,3.0,-84.0
1777889604.6563325,-3.0,6.0,-83.0
1777889604.6663325,-5.0,5.0,-77.0
1777889604.6763325,-5.0,6.0,-67.0
1777889604.6863325,-2.0,6.0,-67.0
1777889604.6963325,-1.0,1.0,-70.0
1777889604.7063324,0.0,1.0,-71.0
1777889604.7163324,2.0,2.0,-76.0
1777889604.7263324,-2.0,0.0,-74.0
1777889604.7363324,-4.0,1.0,-70.0
1777889604.7463324,0.0,0.0,-65.0
1777889604.7563324,-1.0,1.0,-64.0
1777889604.7663324,0.0,-3.0,-65.0
1777889604.7763324,-3.0,-4.0,-65.0
1777889604.7863324,-3.0,-7.0,-68.0
1777889604.7963324,-4.0,-9.0,-72.0
1777889604.8063323,-8.0,-7.0,-69.0
1777889604.8163323,-9.0,-5.0,-69.0
1777889604.8263323,-5.0,-4.0,-72.0
1777889604.8363323,-3.0,-4.0,-77.0
1777889604.8463323,-5.0,0.0,-76.0
1777889604.8563323,-5.0,3.0,-79.0
1777889604.8663323,-4.0,6.0,-75.0
1777889604.8763323,-3.0,6.0,-75.0
1777889604.8863325,0.0,5.0,-77.0
1777889604.8963325,0.0,1.0,-83.0
1777889604.9063325,2.0,3.0,-67.0
1777889604.9163325,1.0,3.0,-64.0
1777889604.9263325,8.0,2.0,-66.0
1777889604.9363325,10.0,3.0,-61.0
1777889604.9463325,8.0,0.0,-61.0
1777889604.9563324,8.0,0.0,-65.0
1777889604.9663324,4.0,0.0,-72.0
1777889604.9763324,4.0,2.0,-71.0
1777889604.9863324,3.0,3.0,-69.0
1777889604.9963324,5.0,1.0,-69.0
1777889605.0063324,6.0,4.0,-71.0
1777889605.0163324,9.0,5.0,-71.0
1777889605.0263324,11.0,4.0,-76.0
1777889605.0363324,9.0,1.0,-77.0
1777889605.0463324,5.0,2.0,-81.0
1777889605.0563323,4.0,1.0,-78.0
1777889605.0663323,3.0,-1.0,-71.0
1777889605.0763323,7.0,-3.0,-70.0
1777889605.0863323,6.0,-3.0,-72.0
1777889605.0963323,0.0,-6.0,-70.0
1777889605.1063323,-3.0,-10.0,-76.0
1777889605.1163323,-2.0,-5.0,-77.0
1777889605.1263323,2.0,-5.0,-81.0
1777889605.1363325,-1.0,-1.0,-85.0
1777889605.1463325,2.0,-1.0,-84.0
1777889605.1563325,0.0,-3.0,-81.0
1777889605.1663325,4.0,0.0,-80.0
1777889605.1763325,1.0,2.0,-89.0
1777889605.1863325,2.0,2.0,-88.0
1777889605.1963325,0.0,4.0,-91.0
1777889605.2063324,0.0,6.0,-89.0
1777889605.2163324,0.0,4.0,-78.0
1777889605.2263324,1.0,4.0,-75.0
1777889605.2363324,1.0,2.0,-73.0
1777889605.2463324,2.0,3.0,-74.0
1777889605.2563324,5.0,0.0,-80.0
1777889605.2663324,6.0,1.0,-79.0
1777889605.2763324,0.0,1.0,-72.0
1777889605.2863324,1.0,0.0,-78.0
1777889605.2963324,1.0,-1.0,-82.0
1777889605.3063323,2.0,-4.0,-84.0
1777889605.3163323,3.0,-4.0,-88.0
1777889605.3263323,6.0,-3.0,-92.0
1777889605.3363323,1.0,-5.0,-89.0
1777889605.3463323,0.0,0.0,-82.0
1777889605.3563323,-1.0,1.0,-80.0
1777889605.3663323,0.0,0.0,-83.0
1777889605.3763323,0.0,-1.0,-82.0
1777889605.3863325,5.0,-4.0,-81.0
1777889605.3963325,10.0,-3.0,-75.0
1777889605.4063325,14.0,-4.0,-77.0
1777889605.4163325,8.0,-7.0,-77.0
1777889605.4263325,6.0,-8.0,-79.0
1777889605.4363325,3.0,-2.0,-81.0
1777889605.4463325,3.0,-1.0,-71.0
1777889605.4563324,6.0,-4.0,-69.0
1777889605.4663324,1.0,-4.0,-72.0
1777889605.4763324,0.0,0.0,-71.0
1777889605.4863324,-3.0,1.0,-75.0
1777889605.4963324,-6.0,2.0,-78.0
1777889605.5063324,-8.0,3.0,-74.0
1777889605.5163324,-5.0,3.0,-74.0
1777889605.5263324,-2.0,5.0,-76.0
1777889605.5363324,0.0,4.0,-81.0
1777889605.5463324,-2.0,0.0,-83.0
1777889605.5563323,-2.0,-3.0,-83.0
1777889605.5663323,-3.0,-7.0,-84.0
1777889605.5763323,3.0,-6.0,-84.0
1777889605.5863323,0.0,-6.0,-84.0
1777889605.5963323,0.0,-7.0,-78.0
1777889605.6063323,2.0,-4.0,-78.0
1777889605.6163323,-1.0,-4.0,-76.0
1777889605.6263323,1.0,-3.0,-76.0
1777889605.6363325,3.0,-4.0,-81.0
1777889605.6473324,7.0,-8.0,-83.0
1777889605.6573324,4.0,-4.0,-83.0
1777889605.6663325,4.0,-2.0,-91.0
1777889605.6763325,0.0,-2.0,-90.0
1777889605.6873324,-1.0,0.0,-93.0
1777889605.6973324,2.0,-1.0,-88.0
1777889605.7073324,3.0,2.0,-86.0
1777889605.7173324,1.0,1.0,-86.0
1777889605.7273324,2.0,-1.0,-83.0
1777889605.7373323,0.0,-3.0,-82.0
1777889605.7473323,-2.0,0.0,-87.0
1777889605.7573323,3.0,-3.0,-86.0
1777889605.7673323,4.0,0.0,-91.0
1777889605.7773323,4.0,-3.0,-89.0
1777889605.7873323,2.0,0.0,-82.0
1777889605.7973323,4.0,-7.0,-78.0
1777889605.8073325,2.0,-6.0,-70.0
1777889605.8173325,8.0,0.0,-77.0
1777889605.8273325,7.0,2.0,-82.0
1777889605.8373325,11.0,2.0,-84.0
1777889605.8473325,9.0,0.0,-87.0
1777889605.8573325,12.0,2.0,-89.0
1777889605.8673325,9.0,4.0,-85.0
1777889605.8773324,4.0,3.0,-77.0
1777889605.8873324,1.0,-1.0,-71.0
1777889605.8973324,3.0,-1.0,-71.0
1777889605.9073324,7.0,0.0,-74.0
1777889605.9173324,7.0,0.0,-73.0
1777889605.9273324,-1.0,1.0,-77.0
1777889605.9373324,-2.0,2.0,-82.0
1777889605.9473324,0.0,4.0,-84.0
1777889605.9573324,-2.0,3.0,-84.0
1777889605.9673324,0.0,4.0,-75.0
1777889605.9773324,-3.0,5.0,-79.0
1777889605.9873323,-1.0,3.0,-81.0
1777889605.9973323,0.0,0.0,-80.0
1777889606.0073323,0.0,-2.0,-79.0
1777889606.0173323,3.0,-5.0,-80.0
1777889606.0273323,4.0,-1.0,-80.0
1777889606.0373323,4.0,1.0,-83.0
1777889606.0473323,4.0,-1.0,-83.0
1777889606.0573325,6.0,-3.0,-87.0
1777889606.0673325,8.0,-4.0,-84.0
1777889606.0773325,6.0,-3.0,-84.0
1777889606.0873325,10.0,-3.0,-81.0
1777889606.0973325,10.0,-3.0,-76.0
1777889606.1073325,11.0,-1.0,-80.0
1777889606.1173325,10.0,0.0,-76.0
1777889606.1273324,12.0,-1.0,-78.0
1777889606.1373324,13.0,1.0,-79.0
1777889606.1473324,8.0,0.0,-78.0
1777889606.1573324,5.0,-2.0,-86.0
1777889606.1673324,2.0,0.0,-84.0
1777889606.1773324,5.0,2.0,-85.0
1777889606.1873324,1.0,1.0,-80.0
1777889606.1973324,0.0,1.0,-79.0
1777889606.2073324,1.0,2.0,-86.0
1777889606.2173324,2.0,6.0,-89.0
1777889606.2273324,3.0,4.0,-90.0
1777889606.2373323,5.0,4.0,-84.0
1777889606.2473323,3.0,3.0,-83.0
1777889606.2573323,0.0,1.0,-83.0
1777889606.2673323,1.0,0.0,-83.0
1777889606.2773323,0.0,-1.0,-81.0
1777889606.2873323,1.0,-5.0,-76.0
1777889606.2973323,-4.0,-8.0,-76.0
1777889606.3073325,0.0,-8.0,-80.0
1777889606.3173325,0.0,-6.0,-77.0
1777889606.3273325,1.0,-3.0,-77.0
1777889606.3373325,0.0,-2.0,-79.0
1777889606.3473325,0.0,-1.0,-77.0
1777889606.3583324,0.0,-3.0,-80.0
1777889606.3673325,0.0,-3.0,-79.0
1777889606.3773324,0.0,-2.0,-86.0
1777889606.3873324,4.0,0.0,-84.0
1777889606.3973324,3.0,0.0,-82.0
1777889606.4073324,0.0,0.0,-82.0
1777889606.4173324,1.0,-1.0,-82.0
1777889606.4273324,-3.0,-4.0,-84.0
1777889606.4373324,-3.0,0.0,-82.0
1777889606.4473324,-2.0,-2.0,-78.0
1777889606.4573324,-6.0,-2.0,-72.0
1777889606.4673324,-6.0,-2.0,-74.0
1777889606.4773324,-6.0,-6.0,-74.0
1777889606.4873323,-5.0,-4.0,-68.0
1777889606.4973323,-3.0,-1.0,-61.0
1777889606.5073323,0.0,1.0,-62.0
1777889606.5173323,2.0,0.0,-68.0
1777889606.5273323,3.0,4.0,-74.0
1777889606.5373323,5.0,4.0,-78.0
1777889606.5473323,5.0,2.0,-75.0
1777889606.5573325,3.0,3.0,-77.0
1777889606.5673325,5.0,4.0,-86.0
1777889606.5773325,5.0,6.0,-84.0
1777889606.5873325,1.0,4.0,-81.0
1777889606.5973325,-3.0,0.0,-85.0
1777889606.6073325,-4.0,-3.0,-79.0
1777889606.6173325,0.0,-6.0,-71.0
1777889606.6273324,1.0,-1.0,-66.0
1777889606.6373324,1.0,0.0,-64.0
1777889606.6473324,0.0,-3.0,-64.0
1777889606.6573324,-1.0,-3.0,-66.0
1777889606.6673324,3.0,-2.0,-66.0
1777889606.6773324,5.0,-1.0,-64.0
1777889606.6873324,7.0,-4.0,-65.0
1777889606.6973324,5.0,-6.0,-72.0
1777889606.7073324,5.0,0.0,-74.0
1777889606.7173324,5.0,-1.0,-78.0
1777889606.7273324,3.0,-1.0,-79.0
1777889606.7373323,2.0,2.0,-86.0
1777889606.7473323,2.0,0.0,-82.0
1777889606.7573323,2.0,0.0,-77.0
1777889606.7673323,1.0,0.0,-74.0
1777889606.7773323,2.0,2.0,-74.0
1777889606.7873323,4.0,-2.0,-76.0
1777889606.7973323,5.0,0.0,-77.0
1777889606.8073325,10.0,0.0,-75.0
1777889606.8173325,10.0,4.0,-77.0
1777889606.8273325,4.0,2.0,-76.0
1777889606.8373325,1.0,2.0,-72.0
1777889606.8473325,-1.0,1.0,-72.0
1777889606.8573325,-2.0,3.0,-74.0
1777889606.8673325,-4.0,2.0,-78.0
1777889606.8773324,0.0,-1.0,-82.0
1777889606.8873324,-3.0,-6.0,-83.0
1777889606.8973324,0.0,-10.0,-84.0
1777889606.9073324,1.0,-10.0,-83.0
1777889606.9173324,1.0,-9.0,-84.0
1777889606.9273324,6.0,-8.0,-76.0
1777889606.9373324,4.0,-9.0,-77.0
1777889606.9473324,0.0,-9.0,-73.0
1777889606.9573324,2.0,-7.0,-74.0
1777889606.9673324,0.0,-8.0,-77.0
1777889606.9773324,-2.0,-9.0,-78.0
1777889606.9873323,4.0,-9.0,-73.0
1777889606.9973323,7.0,-8.0,-68.0
1777889607.0073323,7.0,-2.0,-68.0
1777889607.0173323,5.0,-2.0,-65.0
1777889607.0273323,4.0,-5.0,-71.0
1777889607.0373323,-1.0,-3.0,-73.0
1777889607.0473323,2.0,-4.0,-82.0
1777889607.0573325,-1.0,-3.0,-82.0
1777889607.0673325,-4.0,0.0,-81.0
1777889607.0773325,-3.0,-2.0,-79.0
1777889607.0873325,-1.0,0.0,-82.0
1777889607.0973325,1.0,3.0,-80.0
1777889607.1073325,4.0,4.0,-77.0
1777889607.1173325,4.0,2.0,-79.0
1777889607.1273324,2.0,0.0,-72.0
1777889607.1373324,0.0,0.0,-71.0
1777889607.1473324,-4.0,0.0,-69.0
1777889607.1573324,-3.0,0.0,-68.0
1777889607.1673324,0.0,-1.0,-68.0
1777889607.1773324,0.0,1.0,-70.0
1777889607.1873324,-2.0,0.0,-70.0
1777889607.1973324,0.0,-3.0,-70.0
1777889607.2073324,4.0,-6.0,-64.0
1777889607.2173324,8.0,-5.0,-66.0
1777889607.2273324,3.0,-7.0,-70.0
1777889607.2373323,3.0,-3.0,-72.0
1777889607.2473323,3.0,-2.0,-73.0
1777889607.2573323,3.0,0.0,-72.0
1777889607.2673323,0.0,2.0,-74.0
1777889607.2773323,0.0,2.0,-74.0
1777889607.2873323,-3.0,-2.0,-75.0
1777889607.2973323,-3.0,-4.0,-77.0
1777889607.3073325,0.0,0.0,-79.0
1777889607.3173325,1.0,2.0,-81.0
1777889607.3273325,4.0,2.0,-78.0
1777889607.3373325,1.0,4.0,-77.0
1777889607.3473325,0.0,4.0,-78.0
1777889607.3573325,3.0,4.0,-88.0
1777889607.3673325,0.0,4.0,-84.0
1777889607.3773324,0.0,5.0,-80.0
1777889607.3873324,6.0,4.0,-73.0
1777889607.3973324,7.0,1.0,-66.0
1777889607.4073324,8.0,1.0,-70.0
1777889607.4173324,5.0,-1.0,-76.0
1777889607.4273324,2.0,1.0,-80.0
1777889607.4373324,2.0,4.0,-74.0
1777889607.4473324,2.0,6.0,-73.0
1777889607.4573324,2.0,6.0,-71.0
1777889607.4673324,2.0,5.0,-77.0
1777889607.4773324,2.0,7.0,-77.0
1777889607.4873323,6.0,6.0,-75.0
1777889607.4973323,11.0,8.0,-79.0
1777889607.5073323,12.0,0.0,-78.0
1777889607.5173323,7.0,0.0,-74.0
1777889607.5273323,4.0,0.0,-84.0
1777889607.5373323,9.0,-1.0,-83.0
1777889607.5473323,6.0,1.0,-81.0
1777889607.5573325,6.0,0.0,-81.0
1777889607.5673325,2.0,-2.0,-81.0
1777889607.5773325,6.0,-1.0,-83.0
1777889607.5873325,6.0,0.0,-83.0
1777889607.5973325,0.0,0.0,-83.0
1777889607.6073325,-2.0,0.0,-85.0
1777889607.6183324,-3.0,1.0,-82.0
1777889607.6273324,-4.0,0.0,-81.0
1777889607.6373324,-1.0,1.0,-87.0
1777889607.6473324,1.0,2.0,-84.0
1777889607.6583323,0.0,2.0,-85.0
1777889607.6683323,3.0,5.0,-78.0
1777889607.6783323,2.0,5.0,-77.0
1777889607.6883323,3.0,1.0,-74.0
1777889607.6983323,0.0,0.0,-75.0
1777889607.7083323,0.0,0.0,-78.0
1777889607.7183323,0.0,0.0,-77.0
1777889607.7283323,0.0,1.0,-73.0
1777889607.7383325,0.0,2.0,-74.0
1777889607.7483325,2.0,3.0,-70.0
1777889607.7583325,0.0,0.0,-73.0
1777889607.7683325,1.0,1.0,-71.0
1777889607.7783325,-1.0,0.0,-70.0
1777889607.7883325,-3.0,-2.0,-73.0
1777889607.7983325,-2.0,0.0,-69.0
1777889607.8083324,-1.0,3.0,-69.0
1777889607.8183324,0.0,4.0,-74.0
1777889607.8283324,2.0,4.0,-81.0
1777889607.8383324,5.0,4.0,-78.0
1777889607.8483324,5.0,4.0,-76.0
1777889607.8583324,1.0,7.0,-74.0
1777889607.8683324,1.0,6.0,-78.0
1777889607.8783324,3.0,3.0,-80.0
1777889607.8883324,1.0,2.0,-80.0
1777889607.8983324,3.0,0.0,-79.0
1777889607.9083323,1.0,1.0,-80.0
1777889607.9183323,-1.0,-3.0,-83.0
1777889607.9283323,1.0,-5.0,-82.0
1777889607.9383323,4.0,0.0,-81.0
1777889607.9483323,0.0,3.0,-82.0
1777889607.9583323,0.0,5.0,-79.0
1777889607.9683323,-2.0,5.0,-73.0
1777889607.9783323,-1.0,7.0,-75.0
1777889607.9883325,0.0,5.0,-78.0
1777889607.9983325,0.0,1.0,-85.0
1777889608.0083325,2.0,0.0,-84.0
1777889608.0183325,1.0,-1.0,-77.0
1777889608.0283325,0.0,-7.0,-73.0
1777889608.0383325,0.0,-10.0,-68.0
1777889608.0483325,-7.0,-11.0,-71.0
1777889608.0583324,-4.0,-5.0,-76.0
1777889608.0683324,-4.0,-2.0,-78.0
1777889608.0783324,-2.0,1.0,-75.0
1777889608.0883324,0.0,2.0,-70.0
1777889608.0993323,-2.0,2.0,-74.0
1777889608.1083324,0.0,2.0,-74.0
1777889608.1183324,-1.0,5.0,-74.0
1777889608.1283324,0.0,2.0,-72.0
1777889608.1383324,4.0,1.0,-80.0
1777889608.1483324,6.0,0.0,-81.0
1777889608.1583323,8.0,-1.0,-74.0
1777889608.1683323,8.0,-2.0,-72.0
1777889608.1783323,9.0,0.0,-79.0
1777889608.1883323,6.0,-5.0,-80.0
1777889608.1983323,7.0,-4.0,-81.0
1777889608.2083323,7.0,0.0,-77.0
1777889608.2183323,8.0,-1.0,-76.0
1777889608.2283323,2.0,-4.0,-77.0
1777889608.2383325,-2.0,-5.0,-75.0
1777889608.2483325,0.0,-7.0,-74.0
1777889608.2583325,0.0,-8.0,-73.0
1777889608.2683325,2.0,-8.0,-65.0
1777889608.2783325,3.0,-6.0,-63.0
1777889608.2883325,-1.0,-5.0,-64.0
1777889608.2983325,2.0,-6.0,-69.0
1777889608.3083324,1.0,-3.0,-73.0
1777889608.3183324,0.0,-2.0,-65.0
1777889608.3283324,0.0,-5.0,-69.0
1777889608.3383324,3.0,-4.0,-72.0
1777889608.3483324,9.0,0.0,-68.0
1777889608.3583324,5.0,1.0,-73.0
1777889608.3683324,6.0,1.0,-81.0
1777889608.3783324,6.0,2.0,-76.0
1777889608.3883324,7.0,1.0,-74.0
1777889608.3983324,1.0,0.0,-71.0
1777889608.4083323,0.0,-2.0,-75.0
1777889608.4183323,1.0,-6.0,-73.0
1777889608.4283323,2.0,-4.0,-71.0
1777889608.4383323,3.0,-2.0,-63.0
1777889608.4483323,3.0,0.0,-65.0
1777889608.4583323,5.0,0.0,-67.0
1777889608.4683323,3.0,-5.0,-65.0
1777889608.4783323,0.0,-4.0,-61.0
1777889608.4883325,-5.0,0.0,-66.0
1777889608.4983325,-7.0,1.0,-73.0
1777889608.5083325,-7.0,2.0,-70.0
1777889608.5183325,-10.0,3.0,-73.0
1777889608.5283325,-9.0,3.0,-70.0
1777889608.5383325,-8.0,2.0,-71.0
1777889608.5483325,-5.0,4.0,-72.0
1777889608.5583324,0.0,5.0,-78.0
1777889608.5683324,1.0,4.0,-84.0
1777889608.5783324,0.0,3.0,-81.0
1777889608.5883324,-3.0,-2.0,-75.0
1777889608.5983324,-5.0,0.0,-77.0
1777889608.6083324,-7.0,2.0,-77.0
1777889608.6183324,-7.0,0.0,-79.0
1777889608.6283324,-6.0,0.0,-78.0
1777889608.6383324,-1.0,-3.0,-79.0
1777889608.6483324,-1.0,-2.0,-81.0
1777889608.6583323,-2.0,-1.0,-81.0
1777889608.6683323,-6.0,1.0,-75.0
1777889608.6783323,-8.0,5.0,-68.0
1777889608.6883323,-8.0,0.0,-67.0
1777889608.6983323,-6.0,-1.0,-66.0
1777889608.7083323,-8.0,0.0,-73.0
1777889608.7183323,-6.0,0.0,-72.0
1777889608.7283323,-6.0,-2.0,-72.0
1777889608.7383325,-3.0,-3.0,-77.0
1777889608.7483325,3.0,-2.0,-86.0
1777889608.7583325,0.0,-5.0,-81.0
1777889608.7683325,-1.0,-6.0,-80.0
1777889608.7783325,-2.0,-2.0,-73.0
1777889608.7883325,-1.0,-6.0,-78.0
1777889608.7983325,-6.0,-3.0,-79.0
1777889608.8083324,-4.0,-1.0,-76.0
1777889608.8183324,0.0,0.0,-72.0
1777889608.8283324,0.0,-1.0,-72.0
1777889608.8383324,0.0,1.0,-73.0
1777889608.8483324,-2.0,2.0,-70.0
1777889608.8593323,-2.0,1.0,-69.0
1777889608.8683324,1.0,1.0,-69.0
1777889608.8783324,1.0,0.0,-72.0
1777889608.8883324,0.0,0.0,-72.0
1777889608.8983324,-1.0,0.0,-71.0
1777889608.9083323,0.0,0.0,-71.0
1777889608.9183323,0.0,0.0,-75.0
1777889608.9283323,-2.0,-2.0,-76.0
1777889608.9383323,-1.0,0.0,-83.0
1777889608.9483323,-2.0,0.0,-80.0
1777889608.9583323,-4.0,0.0,-74.0
1777889608.9683323,-2.0,0.0,-72.0
1777889608.9783323,-1.0,-1.0,-77.0
1777889608.9883325,0.0,-3.0,-81.0
1777889608.9983325,1.0,2.0,-81.0
1777889609.0083325,2.0,3.0,-80.0
1777889609.0183325,4.0,7.0,-81.0
1777889609.0283325,4.0,7.0,-80.0
1777889609.0383325,3.0,7.0,-76.0
1777889609.0483325,4.0,6.0,-80.0
1777889609.0583324,3.0,4.0,-73.0
1777889609.0683324,1.0,1.0,-69.0
1777889609.0783324,0.0,-2.0,-65.0
1777889609.0883324,-1.0,-3.0,-69.0
1777889609.0983324,1.0,-4.0,-73.0
1777889609.1083324,-4.0,-4.0,-69.0
1777889609.1183324,-5.0,-2.0,-72.0
1777889609.1283324,-4.0,-3.0,-76.0
1777889609.1383324,-3.0,-2.0,-80.0
1777889609.1483324,0.0,-6.0,-79.0
1777889609.1583323,1.0,-4.0,-72.0
1777889609.1683323,1.0,-4.0,-70.0
1777889609.1783323,2.0,-3.0,-73.0
1777889609.1883323,6.0,-1.0,-69.0
1777889609.1983323,7.0,0.0,-67.0
1777889609.2083323,8.0,3.0,-70.0
1777889609.2183323,6.0,6.0,-70.0
1777889609.2283323,0.0,5.0,-75.0
1777889609.2383325,3.0,6.0,-76.0
1777889609.2483325,9.0,0.0,-70.0
1777889609.2583325,7.0,0.0,-71.0
1777889609.2683325,9.0,4.0,-68.0
1777889609.2783325,4.0,1.0,-64.0
1777889609.2883325,5.0,0.0,-63.0
1777889609.2983325,2.0,0.0,-67.0
1777889609.3083324,0.0,-1.0,-73.0
1777889609.3183324,-3.0,-1.0,-73.0
1777889609.3283324,-2.0,-4.0,-72.0
1777889609.3383324,1.0,-3.0,-72.0
1777889609.3483324,0.0,-3.0,-72.0
1777889609.3583324,4.0,-2.0,-74.0
1777889609.3683324,3.0,-4.0,-74.0
1777889609.3783324,5.0,-5.0,-77.0
1777889609.3883324,0.0,-4.0,-75.0
1777889609.3983324,-2.0,-4.0,-76.0
1777889609.4083323,-1.0,-4.0,-77.0
1777889609.4183323,0.0,-5.0,-76.0
1777889609.4283323,0.0,-5.0,-74.0
1777889609.4383323,-4.0,-4.0,-75.0
1777889609.4483323,0.0,-4.0,-76.0
1777889609.4583323,3.0,-6.0,-74.0
1777889609.4683323,3.0,-5.0,-72.0
1777889609.4783323,0.0,-10.0,-70.0
1777889609.4883325,1.0,-7.0,-73.0
1777889609.4983325,3.0,-6.0,-85.0
1777889609.5083325,5.0,-2.0,-83.0
1777889609.5183325,2.0,-5.0,-77.0
1777889609.5283325,0.0,-6.0,-76.0
1777889609.5383325,0.0,-7.0,-75.0
1777889609.5483325,3.0,-5.0,-77.0
1777889609.5583324,4.0,-4.0,-73.0
1777889609.5683324,4.0,-4.0,-74.0
1777889609.5783324,4.0,-3.0,-70.0
1777889609.5883324,3.0,-5.0,-69.0
1777889609.5983324,3.0,-6.0,-71.0
1777889609.6083324,1.0,-4.0,-79.0
1777889609.6183324,1.0,-2.0,-73.0
1777889609.6293323,5.0,-4.0,-74.0
1777889609.6383324,1.0,-3.0,-75.0
1777889609.6483324,-1.0,-4.0,-77.0
1777889609.6583323,-1.0,-3.0,-74.0
1777889609.6683323,-3.0,-2.0,-78.0
1777889609.6793325,-6.0,1.0,-85.0
1777889609.6883323,-3.0,3.0,-78.0
1777889609.6993325,-2.0,-2.0,-82.0
1777889609.7093325,-3.0,-5.0,-82.0
1777889609.7193325,-1.0,-8.0,-83.0
1777889609.7293324,0.0,-11.0,-82.0
1777889609.7393324,-3.0,-11.0,-82.0
1777889609.7493324,-1.0,-5.0,-83.0
1777889609.7593324,-1.0,-3.0,-80.0
1777889609.7693324,0.0,-8.0,-78.0
1777889609.7793324,-2.0,-7.0,-77.0
1777889609.7893324,-4.0,-3.0,-82.0
1777889609.7993324,-4.0,-6.0,-77.0
1777889609.8093324,-2.0,-1.0,-76.0
1777889609.8193324,2.0,1.0,-79.0
1777889609.8293324,2.0,2.0,-75.0
1777889609.8393323,1.0,2.0,-75.0
1777889609.8493323,-2.0,2.0,-74.0
1777889609.8593323,-8.0,3.0,-81.0
1777889609.8693323,-5.0,4.0,-76.0
1777889609.8793323,-5.0,5.0,-70.0
1777889609.8893323,-4.0,1.0,-70.0
1777889609.8993323,-2.0,4.0,-66.0
1777889609.9093325,-2.0,3.0,-68.0
1777889609.9193325,-1.0,2.0,-68.0
1777889609.9293325,-2.0,0.0,-65.0
1777889609.9393325,-3.0,0.0,-72.0
1777889609.9493325,0.0,0.0,-74.0
1777889609.9593325,-1.0,1.0,-75.0
1777889609.9693325,-1.0,4.0,-74.0
1777889609.9793324,-3.0,2.0,-81.0
1777889609.9893324,-1.0,4.0,-76.0
1777889609.9993324,1.0,1.0,-69.0
1777889610.0093324,1.0,0.0,-66.0
1777889610.0193324,1.0,0.0,-68.0
1777889610.0293324,8.0,0.0,-74.0
1777889610.0393324,6.0,0.0,-74.0
1777889610.0493324,3.0,1.0,-73.0
1777889610.0593324,3.0,2.0,-78.0
1777889610.0693324,6.0,0.0,-80.0
1777889610.0793324,2.0,3.0,-79.0
1777889610.0893323,-2.0,4.0,-78.0
1777889610.0993323,-8.0,0.0,-80.0
1777889610.1093323,-4.0,-3.0,-81.0
1777889610.1193323,-1.0,-4.0,-81.0
1777889610.1293323,-2.0,-5.0,-80.0
1777889610.1393323,2.0,-3.0,-83.0
1777889610.1493323,-1.0,-2.0,-79.0
1777889610.1593325,1.0,0.0,-77.0
1777889610.1693325,-1.0,-4.0,-74.0
1777889610.1793325,-2.0,-6.0,-70.0
1777889610.1893325,-3.0,-5.0,-74.0
1777889610.1993325,-1.0,-4.0,-78.0
1777889610.2093325,2.0,-4.0,-74.0
1777889610.2193325,0.0,-1.0,-73.0
1777889610.2293324,2.0,0.0,-67.0
1777889610.2393324,4.0,1.0,-67.0
1777889610.2493324,-1.0,1.0,-63.0
1777889610.2593324,0.0,3.0,-67.0
1777889610.2693324,2.0,1.0,-64.0
1777889610.2793324,1.0,2.0,-64.0
1777889610.2893324,1.0,0.0,-67.0
1777889610.2993324,3.0,0.0,-68.0
1777889610.3093324,2.0,0.0,-69.0
1777889610.3193324,2.0,-2.0,-73.0
1777889610.3293324,2.0,-1.0,-77.0
1777889610.3393323,4.0,-2.0,-73.0
1777889610.3493323,3.0,-2.0,-70.0
1777889610.3593323,2.0,-1.0,-67.0
1777889610.3693323,1.0,0.0,-66.0
1777889610.3793323,2.0,2.0,-65.0
1777889610.3893323,-1.0,0.0,-62.0
1777889610.3993323,0.0,0.0,-65.0
1777889610.4093325,4.0,0.0,-71.0
1777889610.4193325,3.0,2.0,-70.0
1777889610.4293325,3.0,2.0,-78.0
1777889610.4393325,-1.0,1.0,-82.0
1777889610.4493325,-4.0,0.0,-76.0
1777889610.4593325,0.0,0.0,-73.0
1777889610.4693325,-2.0,1.0,-78.0
1777889610.4793324,-3.0,1.0,-79.0
1777889610.4893324,-1.0,-1.0,-79.0
1777889610.4993324,-6.0,-2.0,-78.0
1777889610.5093324,-4.0,1.0,-84.0
1777889610.5193324,0.0,-1.0,-91.0
1777889610.5293324,0.0,-2.0,-91.0
1777889610.5393324,0.0,-2.0,-78.0
1777889610.5493324,7.0,-5.0,-78.0
1777889610.5593324,11.0,-3.0,-78.0
1777889610.5693324,8.0,-2.0,-80.0
1777889610.5793324,7.0,-3.0,-75.0
1777889610.5893323,3.0,-1.0,-69.0
1777889610.5993323,0.0,-1.0,-71.0
1777889610.6093323,0.0,-4.0,-71.0
1777889610.6193323,3.0,-3.0,-74.0
1777889610.6293323,0.0,-6.0,-81.0
1777889610.6393323,2.0,-4.0,-83.0
1777889610.6493323,2.0,-10.0,-86.0
1777889610.6593325,4.0,-9.0,-84.0
1777889610.6693325,7.0,-7.0,-79.0
1777889610.6793325,7.0,-3.0,-77.0
1777889610.6893325,5.0,1.0,-77.0
1777889610.6993325,10.0,0.0,-79.0
1777889610.7093325,9.0,2.0,-79.0
1777889610.7193325,8.0,3.0,-75.0
1777889610.7293324,8.0,3.0,-77.0
1777889610.7393324,6.0,-4.0,-80.0
1777889610.7493324,7.0,-4.0,-80.0
1777889610.7593324,3.0,-2.0,-81.0
1777889610.7693324,-2.0,-2.0,-78.0
1777889610.7793324,-1.0,-7.0,-70.0
1777889610.7893324,2.0,-5.0,-66.0
1777889610.7993324,4.0,-3.0,-68.0
1777889610.8093324,8.0,-4.0,-71.0
1777889610.8193324,5.0,-3.0,-72.0
1777889610.8293324,3.0,-3.0,-75.0
1777889610.8393323,2.0,0.0,-78.0
1777889610.8493323,0.0,-2.0,-77.0
1777889610.8593323,2.0,1.0,-71.0
1777889610.8693323,6.0,4.0,-76.0
1777889610.8793323,4.0,1.0,-81.0
1777889610.8893323,3.0,-1.0,-80.0
1777889610.8993323,2.0,-1.0,-81.0
1777889610.9093325,3.0,-2.0,-76.0
1777889610.9193325,3.0,-5.0,-76.0
1777889610.9293325,1.0,-3.0,-72.0
1777889610.9393325,5.0,-3.0,-76.0
1777889610.9493325,0.0,-1.0,-78.0
1777889610.9593325,0.0,0.0,-78.0
1777889610.9693325,0.0,-1.0,-74.0
1777889610.9793324,1.0,-3.0,-77.0
1777889610.9893324,0.0,-2.0,-73.0
1777889610.9993324,0.0,0.0,-77.0
1777889611.0093324,-4.0,-1.0,-79.0
1777889611.0193324,-2.0,0.0,-79.0
1777889611.0293324,2.0,0.0,-81.0
1777889611.0393324,-6.0,0.0,-81.0
1777889611.0493324,-11.0,0.0,-80.0
1777889611.0593324,-7.0,-2.0,-83.0
1777889611.0693324,-6.0,-1.0,-81.0
1777889611.0793324,-2.0,-1.0,-78.0
1777889611.0893323,5.0,-4.0,-81.0
1777889611.0993323,7.0,-3.0,-79.0
1777889611.1093323,1.0,-2.0,-82.0
1777889611.1193323,4.0,-1.0,-80.0
1777889611.1293323,3.0,0.0,-79.0
1777889611.1393323,1.0,0.0,-72.0
1777889611.1493323,-1.0,0.0,-75.0
1777889611.1593325,-2.0,-1.0,-84.0
1777889611.1693325,0.0,-3.0,-82.0
1777889611.1793325,2.0,-4.0,-83.0
1777889611.1893325,4.0,-3.0,-79.0
1777889611.1993325,3.0,0.0,-81.0
1777889611.2093325,1.0,-3.0,-81.0
1777889611.2193325,2.0,-2.0,-76.0
1777889611.2293324,-1.0,-3.0,-75.0
1777889611.2393324,-3.0,-3.0,-70.0
1777889611.2493324,-4.0,-3.0,-73.0
1777889611.2593324,-7.0,-6.0,-73.0
1777889611.2693324,-4.0,-5.0,-73.0
1777889611.2793324,3.0,-5.0,-72.0
1777889611.2893324,4.0,-5.0,-77.0
1777889611.2993324,-2.0,-5.0,-77.0
1777889611.3093324,-1.0,-7.0,-80.0
1777889611.3193324,1.0,-5.0,-80.0
1777889611.3293324,2.0,-2.0,-77.0
1777889611.3393323,-2.0,-5.0,-80.0
1777889611.3493323,-3.0,-5.0,-78.0
1777889611.3593323,0.0,-8.0,-79.0
1777889611.3693323,0.0,-7.0,-77.0
1777889611.3793323,0.0,-11.0,-79.0
1777889611.3893323,0.0,-5.0,-76.0
1777889611.3993323,0.0,0.0,-81.0
1777889611.4093325,-3.0,-4.0,-77.0
1777889611.4193325,-2.0,-3.0,-73.0
1777889611.4293325,-3.0,-1.0,-71.0
1777889611.4393325,-1.0,-1.0,-68.0
1777889611.4493325,2.0,-2.0,-74.0
1777889611.4593325,5.0,-3.0,-83.0
1777889611.4693325,1.0,-1.0,-76.0
1777889611.4793324,0.0,-4.0,-74.0
1777889611.4893324,0.0,-4.0,-74.0
1777889611.4993324,-2.0,-6.0,-68.0
1777889611.5093324,-3.0,-4.0,-70.0
1777889611.5193324,0.0,-6.0,-70.0
1777889611.5293324,2.0,-5.0,-72.0
1777889611.5393324,1.0,-4.0,-76.0
1777889611.5493324,1.0,-2.0,-76.0
1777889611.5593324,-2.0,0.0,-74.0
1777889611.5693324,-2.0,7.0,-72.0
1777889611.5793324,-3.0,4.0,-77.0
1777889611.5893323,-4.0,-2.0,-87.0
1777889611.5993323,-4.0,-2.0,-86.0
1777889611.6093323,-4.0,-2.0,-83.0
1777889611.6203325,-7.0,0.0,-85.0
1777889611.6293323,-7.0,0.0,-84.0
1777889611.6403325,0.0,-1.0,-87.0
1777889611.6503325,-3.0,-1.0,-88.0
1777889611.6603324,-3.0,1.0,-81.0
1777889611.6703324,-2.0,-1.0,-80.0
1777889611.6803324,-2.0,-2.0,-75.0
1777889611.6903324,3.0,-1.0,-80.0
1777889611.7003324,4.0,-3.0,-84.0
1777889611.7103324,5.0,-3.0,-78.0
1777889611.7203324,6.0,-3.0,-74.0
1777889611.7303324,0.0,-5.0,-69.0
1777889611.7403324,3.0,-4.0,-68.0
1777889611.7503324,0.0,0.0,-72.0
1777889611.7603323,2.0,-1.0,-80.0
1777889611.7703323,2.0,-1.0,-71.0
1777889611.7803323,-2.0,-3.0,-75.0
1777889611.7903323,-2.0,-4.0,-82.0
1777889611.8003323,-5.0,-2.0,-77.0
1777889611.8103323,-9.0,0.0,-74.0
1777889611.8203323,-7.0,0.0,-76.0
1777889611.8303325,-4.0,-1.0,-73.0
1777889611.8403325,-6.0,0.0,-76.0
1777889611.8503325,-2.0,-4.0,-74.0
1777889611.8603325,-4.0,-2.0,-80.0
1777889611.8703325,1.0,-1.0,-86.0
1777889611.8803325,-1.0,2.0,-79.0
1777889611.8903325,-1.0,4.0,-78.0
1777889611.9003325,-2.0,3.0,-83.0
1777889611.9103324,2.0,6.0,-85.0
1777889611.9203324,0.0,3.0,-77.0
1777889611.9303324,-7.0,4.0,-81.0
1777889611.9403324,-4.0,0.0,-83.0
1777889611.9503324,-1.0,2.0,-85.0
1777889611.9603324,0.0,1.0,-77.0
1777889611.9703324,-2.0,3.0,-80.0
1777889611.9803324,-5.0,0.0,-87.0
1777889611.9903324,-8.0,-1.0,-74.0
1777889612.0003324,-7.0,0.0,-70.0
1777889612.0103323,-5.0,-1.0,-66.0
1777889612.0203323,-2.0,0.0,-66.0
1777889612.0303323,-3.0,-2.0,-66.0
1777889612.0403323,0.0,-2.0,-69.0
1777889612.0503323,2.0,-2.0,-69.0
1777889612.0603323,1.0,0.0,-73.0
1777889612.0703323,5.0,-3.0,-68.0
1777889612.0803325,8.0,-6.0,-68.0
1777889612.0903325,5.0,-6.0,-74.0
1777889612.1003325,-4.0,-9.0,-77.0
1777889612.1103325,-3.0,-12.0,-77.0
1777889612.1203325,-1.0,-9.0,-73.0
1777889612.1303325,-5.0,-3.0,-74.0
1777889612.1403325,-5.0,0.0,-79.0
1777889612.1503325,0.0,-2.0,-74.0
1777889612.1603324,-1.0,-2.0,-74.0
1777889612.1703324,-1.0,-1.0,-81.0
1777889612.1803324,-3.0,0.0,-83.0
1777889612.1903324,-6.0,-2.0,-82.0
1777889612.2003324,-2.0,-5.0,-74.0
1777889612.2103324,0.0,-3.0,-76.0
1777889612.2203324,-2.0,1.0,-79.0
1777889612.2303324,-5.0,0.0,-78.0
1777889612.2403324,1.0,-1.0,-80.0
1777889612.2503324,1.0,-2.0,-82.0
1777889612.2603323,3.0,0.0,-72.0
1777889612.2703323,6.0,0.0,-74.0
1777889612.2803323,2.0,-4.0,-74.0
1777889612.2903323,-3.0,-4.0,-79.0
1777889612.3003323,-3.0,-6.0,-79.0
1777889612.3103323,1.0,-5.0,-81.0
1777889612.3203323,4.0,-5.0,-81.0
1777889612.3303325,1.0,-3.0,-78.0
1777889612.3403325,0.0,-3.0,-78.0
1777889612.3503325,-2.0,-3.0,-83.0
1777889612.3603325,3.0,-5.0,-89.0
1777889612.3703325,3.0,-9.0,-90.0
1777889612.3803325,0.0,-6.0,-92.0
1777889612.3903325,-1.0,-1.0,-92.0
1777889612.4003325,-3.0,0.0,-85.0
1777889612.4103324,-3.0,-2.0,-84.0
1777889612.4203324,0.0,-1.0,-82.0
1777889612.4303324,2.0,1.0,-78.0
1777889612.4403324,2.0,0.0,-70.0
1777889612.4503324,0.0,-1.0,-69.0
1777889612.4603324,-4.0,-1.0,-68.0
1777889612.4703324,-7.0,0.0,-70.0
1777889612.4803324,-1.0,-2.0,-72.0
1777889612.4903324,2.0,-2.0,-76.0
1777889612.5003324,4.0,-3.0,-80.0
1777889612.5103323,8.0,0.0,-77.0
1777889612.5203323,5.0,2.0,-77.0
1777889612.5303323,2.0,1.0,-79.0
1777889612.5403323,1.0,-2.0,-74.0
1777889612.5503323,4.0,-3.0,-74.0
1777889612.5603323,8.0,-6.0,-71.0
1777889612.5703323,7.0,-8.0,-75.0
1777889612.5803325,6.0,-6.0,-73.0
1777889612.5903325,8.0,-9.0,-73.0
1777889612.6003325,6.0,-5.0,-73.0
1777889612.6103325,9.0,-4.0,-77.0
1777889612.6203325,4.0,0.0,-76.0
1777889612.6303325,2.0,2.0,-76.0
1777889612.6403325,3.0,3.0,-79.0
1777889612.6503325,5.0,0.0,-75.0
1777889612.6603324,3.0,0.0,-74.0
1777889612.6703324,3.0,-1.0,-72.0
1777889612.6803324,3.0,-4.0,-68.0
1777889612.6903324,5.0,-3.0,-68.0
1777889612.7003324,7.0,-4.0,-73.0
1777889612.7103324,4.0,-7.0,-70.0
1777889612.7203324,1.0,-3.0,-66.0
1777889612.7303324,-3.0,-6.0,-73.0
1777889612.7403324,0.0,-4.0,-77.0
1777889612.7503324,0.0,0.0,-78.0
1777889612.7603323,0.0,-5.0,-78.0
1777889612.7703323,-1.0,-5.0,-79.0
1777889612.7803323,-3.0,-5.0,-77.0
1777889612.7903323,-2.0,-9.0,-79.0
1777889612.8003323,0.0,-10.0,-77.0
1777889612.8103323,3.0,-7.0,-71.0
1777889612.8203323,0.0,-7.0,-69.0
1777889612.8303325,0.0,-10.0,-73.0
1777889612.8403325,2.0,-7.0,-75.0
1777889612.8503325,4.0,-6.0,-74.0
1777889612.8603325,2.0,-5.0,-76.0
1777889612.8703325,4.0,-2.0,-74.0
1777889612.8803325,0.0,-1.0,-78.0
1777889612.8903325,4.0,-1.0,-69.0
1777889612.9003325,3.0,-4.0,-73.0
1777889612.9103324,4.0,-3.0,-71.0
1777889612.9203324,6.0,-5.0,-77.0
1777889612.9303324,4.0,0.0,-77.0
1777889612.9403324,0.0,0.0,-80.0
1777889612.9503324,3.0,-2.0,-81.0
1777889612.9603324,4.0,-3.0,-88.0
1777889612.9703324,3.0,-2.0,-87.0
1777889612.9803324,4.0,-3.0,-87.0
1777889612.9903324,5.0,-3.0,-79.0
1777889613.0003324,4.0,-4.0,-77.0
1777889613.0103323,0.0,-2.0,-73.0
1777889613.0203323,-3.0,-3.0,-73.0
1777889613.0303323,-3.0,-2.0,-76.0
1777889613.0403323,-2.0,-2.0,-76.0
1777889613.0503323,-2.0,0.0,-72.0
1777889613.0603323,1.0,0.0,-67.0
1777889613.0703323,0.0,6.0,-65.0
1777889613.0803325,0.0,5.0,-72.0
1777889613.0903325,-2.0,-1.0,-73.0
1777889613.1003325,-6.0,-3.0,-77.0
1777889613.1103325,-5.0,-5.0,-76.0
1777889613.1203325,-1.0,-5.0,-78.0
1777889613.1303325,0.0,-4.0,-77.0
1777889613.1403325,-7.0,-4.0,-84.0
1777889613.1503325,-9.0,-5.0,-79.0
1777889613.1603324,-4.0,-6.0,-83.0
1777889613.1703324,-4.0,-6.0,-79.0
1777889613.1803324,0.0,-6.0,-74.0
1777889613.1903324,1.0,-5.0,-71.0
1777889613.2003324,0.0,-3.0,-69.0
1777889613.2103324,0.0,-2.0,-68.0
1777889613.2203324,-1.0,0.0,-69.0
1777889613.2303324,-4.0,-2.0,-71.0
1777889613.2403324,-1.0,2.0,-69.0
1777889613.2503324,0.0,0.0,-67.0
1777889613.2603323,-1.0,-1.0,-70.0
1777889613.2703323,3.0,-1.0,-74.0
1777889613.2803323,1.0,2.0,-71.0
1777889613.2903323,-3.0,0.0,-71.0
1777889613.3003323,0.0,0.0,-73.0
1777889613.3103323,-1.0,0.0,-71.0
1777889613.3203323,1.0,3.0,-70.0
1777889613.3303325,6.0,3.0,-73.0
1777889613.3403325,2.0,1.0,-77.0
1777889613.3503325,1.0,-1.0,-79.0
1777889613.3603325,0.0,-2.0,-81.0
1777889613.3703325,-5.0,-5.0,-75.0
1777889613.3803325,-5.0,-7.0,-75.0
1777889613.3903325,-2.0,-4.0,-70.0
1777889613.4003325,-6.0,-3.0,-75.0
1777889613.4103324,-8.0,-2.0,-72.0
1777889613.4203324,-8.0,-3.0,-68.0
1777889613.4303324,-9.0,-1.0,-69.0
1777889613.4403324,-8.0,-2.0,-72.0
1777889613.4503324,-7.0,-5.0,-71.0
1777889613.4603324,-6.0,-5.0,-75.0
1777889613.4703324,0.0,-6.0,-80.0
1777889613.4803324,-1.0,-8.0,-78.0
1777889613.4903324,-4.0,-5.0,-73.0
1777889613.5003324,-2.0,-5.0,-73.0
1777889613.5103323,-2.0,-5.0,-75.0
1777889613.5203323,1.0,-6.0,-74.0
1777889613.5303323,3.0,-6.0,-72.0
1777889613.5403323,2.0,-6.0,-67.0
1777889613.5503323,3.0,-5.0,-67.0
1777889613.5603323,2.0,0.0,-71.0
1777889613.5703323,1.0,3.0,-75.0
1777889613.5803325,0.0,1.0,-77.0
1777889613.5903325,-1.0,-1.0,-81.0
1777889613.6003325,-3.0,0.0,-81.0
1777889613.6113324,-6.0,5.0,-75.0
1777889613.6213324,-2.0,3.0,-75.0
1777889613.6313324,-5.0,5.0,-81.0
1777889613.6413324,-3.0,4.0,-74.0
1777889613.6513324,2.0,2.0,-77.0
1777889613.6613324,2.0,1.0,-82.0
1777889613.6713324,3.0,0.0,-79.0
1777889613.6813323,3.0,-1.0,-73.0
1777889613.6913323,6.0,-3.0,-81.0
1777889613.7013323,0.0,-3.0,-86.0
1777889613.7113323,-1.0,-3.0,-85.0
1777889613.7213323,-2.0,0.0,-84.0
1777889613.7313323,0.0,1.0,-74.0
1777889613.7413323,-2.0,-2.0,-79.0
1777889613.7513323,-2.0,-1.0,-74.0
1777889613.7613325,-4.0,0.0,-70.0
1777889613.7713325,-3.0,0.0,-72.0
1777889613.7813325,-5.0,-2.0,-71.0
1777889613.7913325,-4.0,-2.0,-68.0
1777889613.8013325,-4.0,-1.0,-73.0
1777889613.8113325,-4.0,3.0,-76.0
1777889613.8213325,-3.0,6.0,-76.0
1777889613.8313324,0.0,2.0,-84.0
1777889613.8413324,-1.0,-1.0,-86.0
1777889613.8513324,-2.0,-5.0,-83.0
1777889613.8613324,-4.0,-5.0,-81.0
1777889613.8713324,-4.0,-4.0,-82.0
1777889613.8813324,-1.0,-7.0,-88.0
1777889613.8913324,-1.0,-6.0,-88.0
1777889613.9013324,-1.0,-5.0,-83.0
1777889613.9113324,-1.0,-2.0,-83.0
1777889613.9213324,-7.0,4.0,-81.0
1777889613.9313323,-4.0,5.0,-74.0
1777889613.9413323,-4.0,0.0,-72.0
1777889613.9513323,-4.0,0.0,-74.0
1777889613.9613323,-4.0,2.0,-72.0
1777889613.9713323,-1.0,-1.0,-74.0
1777889613.9813323,-2.0,2.0,-74.0
1777889613.9913323,-5.0,0.0,-80.0
1777889614.0013323,-10.0,-1.0,-82.0
1777889614.0113325,-11.0,1.0,-88.0
1777889614.0213325,-6.0,1.0,-82.0
1777889614.0313325,-2.0,0.0,-75.0
1777889614.0413325,-5.0,2.0,-82.0
1777889614.0513325,-9.0,2.0,-74.0
1777889614.0613325,-12.0,1.0,-69.0
1777889614.0713325,-9.0,0.0,-73.0
1777889614.0813324,-9.0,0.0,-72.0
1777889614.0913324,-3.0,-5.0,-63.0
1777889614.1013324,0.0,-3.0,-65.0
1777889614.1113324,4.0,0.0,-70.0
1777889614.1213324,3.0,-2.0,-68.0
1777889614.1313324,1.0,-5.0,-70.0
1777889614.1413324,0.0,-7.0,-70.0
1777889614.1513324,0.0,-4.0,-71.0
1777889614.1613324,-1.0,-1.0,-68.0
1777889614.1713324,0.0,0.0,-74.0
1777889614.1813323,0.0,2.0,-66.0
1777889614.1913323,2.0,2.0,-63.0
1777889614.2013323,-3.0,-1.0,-67.0
1777889614.2113323,-4.0,-2.0,-59.0
1777889614.2213323,-3.0,-4.0,-65.0
1777889614.2313323,-3.0,-3.0,-65.0
1777889614.2413323,-1.0,-2.0,-59.0
1777889614.2513323,-1.0,-6.0,-65.0
1777889614.2613325,1.0,-1.0,-62.0
1777889614.2713325,3.0,-1.0,-66.0
1777889614.2813325,3.0,-1.0,-68.0
1777889614.2913325,2.0,-3.0,-68.0
1777889614.3013325,0.0,-3.0,-70.0
1777889614.3113325,0.0,0.0,-64.0
1777889614.3213325,-2.0,2.0,-64.0
1777889614.3313324,-2.0,0.0,-70.0
1777889614.3413324,0.0,-3.0,-72.0
1777889614.3513324,-4.0,-2.0,-74.0
1777889614.3613324,-5.0,-2.0,-72.0
1777889614.3713324,0.0,-3.0,-75.0
1777889614.3813324,2.0,-5.0,-79.0
1777889614.3913324,0.0,-5.0,-74.0
1777889614.4013324,0.0,-9.0,-79.0
1777889614.4113324,6.0,-7.0,-81.0
1777889614.4213324,4.0,-5.0,-86.0
1777889614.4313323,0.0,-2.0,-90.0
1777889614.4413323,0.0,-3.0,-91.0
1777889614.4513323,2.0,-2.0,-92.0
1777889614.4613323,3.0,-1.0,-91.0
1777889614.4713323,6.0,-5.0,-79.0
1777889614.4813323,5.0,-8.0,-69.0
1777889614.4913323,7.0,-9.0,-69.0
1777889614.5013323,5.0,-6.0,-70.0
1777889614.5113325,3.0,-5.0,-68.0
1777889614.5213325,0.0,-6.0,-64.0
1777889614.5313325,-1.0,-8.0,-68.0
1777889614.5413325,-3.0,-11.0,-73.0
1777889614.5513325,-2.0,-4.0,-75.0
1777889614.5613325,-3.0,-7.0,-74.0
1777889614.5713325,-2.0,-7.0,-74.0
1777889614.5813324,-6.0,-9.0,-67.0
1777889614.5913324,-8.0,-7.0,-67.0
1777889614.6013324,-10.0,-6.0,-67.0
1777889614.6113324,-11.0,-5.0,-68.0
1777889614.6213324,-11.0,-9.0,-68.0
1777889614.6313324,-7.0,-7.0,-73.0
1777889614.6413324,-4.0,-3.0,-79.0
1777889614.6513324,-3.0,-3.0,-82.0
1777889614.6613324,-8.0,-2.0,-82.0
1777889614.6713324,-11.0,0.0,-79.0
1777889614.6813323,-7.0,0.0,-81.0
1777889614.6913323,-1.0,-1.0,-75.0
1777889614.7013323,0.0,1.0,-69.0
1777889614.7113323,2.0,-1.0,-74.0
1777889614.7213323,3.0,-4.0,-86.0
1777889614.7313323,5.0,-3.0,-80.0
1777889614.7413323,4.0,-3.0,-75.0
1777889614.7513323,4.0,0.0,-72.0
1777889614.7613325,5.0,-2.0,-73.0
1777889614.7713325,4.0,-3.0,-77.0
1777889614.7813325,5.0,-4.0,-80.0
1777889614.7913325,3.0,-3.0,-82.0
1777889614.8013325,4.0,1.0,-85.0
1777889614.8113325,1.0,0.0,-83.0
1777889614.8213325,-2.0,-2.0,-86.0
1777889614.8313324,-2.0,3.0,-88.0
1777889614.8413324,-6.0,5.0,-89.0
1777889614.8513324,-5.0,-2.0,-91.0
1777889614.8613324,-2.0,-2.0,-84.0
1777889614.8713324,0.0,0.0,-84.0
1777889614.8813324,-1.0,0.0,-83.0
1777889614.8913324,0.0,0.0,-82.0
1777889614.9013324,-4.0,2.0,-79.0
1777889614.9113324,-5.0,2.0,-74.0
1777889614.9213324,-3.0,2.0,-70.0
1777889614.9313323,-4.0,7.0,-67.0
1777889614.9413323,-4.0,6.0,-73.0
1777889614.9513323,-3.0,4.0,-70.0
1777889614.9613323,-1.0,2.0,-76.0
1777889614.9713323,0.0,2.0,-77.0
1777889614.9813323,3.0,0.0,-80.0
1777889614.9913323,0.0,-6.0,-75.0
1777889615.0013323,0.0,-9.0,-70.0
1777889615.0113325,4.0,-8.0,-76.0
1777889615.0213325,2.0,-10.0,-74.0
1777889615.0313325,1.0,-8.0,-76.0
1777889615.0413325,1.0,-4.0,-77.0
1777889615.0513325,6.0,-1.0,-79.0
1777889615.0613325,4.0,-1.0,-79.0
1777889615.0713325,3.0,-3.0,-75.0
1777889615.0813324,5.0,-4.0,-76.0
1777889615.0913324,9.0,-4.0,-75.0
1777889615.1013324,7.0,-5.0,-77.0
1777889615.1113324,5.0,-3.0,-75.0
1777889615.1213324,1.0,-5.0,-79.0
1777889615.1313324,2.0,-4.0,-82.0
1777889615.1413324,0.0,0.0,-81.0
1777889615.1513324,0.0,2.0,-75.0
1777889615.1613324,-1.0,-2.0,-72.0
1777889615.1713324,0.0,0.0,-70.0
1777889615.1813323,1.0,0.0,-69.0
1777889615.1913323,3.0,0.0,-71.0
1777889615.2013323,4.0,4.0,-68.0
1777889615.2113323,2.0,0.0,-76.0
1777889615.2213323,1.0,0.0,-79.0
1777889615.2313323,2.0,0.0,-77.0
1777889615.2413323,4.0,-1.0,-83.0
1777889615.2513323,4.0,1.0,-87.0
1777889615.2613325,6.0,7.0,-86.0
1777889615.2713325,5.0,12.0,-79.0
1777889615.2813325,7.0,11.0,-76.0
1777889615.2913325,6.0,7.0,-77.0
1777889615.3013325,1.0,3.0,-75.0
1777889615.3113325,-2.0,0.0,-70.0
1777889615.3213325,1.0,-5.0,-70.0
1777889615.3313324,0.0,-9.0,-70.0
1777889615.3413324,0.0,-9.0,-77.0
1777889615.3513324,0.0,-6.0,-76.0
1777889615.3613324,1.0,-2.0,-73.0
1777889615.3713324,0.0,-1.0,-66.0
1777889615.3813324,0.0,-3.0,-64.0
1777889615.3913324,-2.0,-1.0,-64.0
1777889615.4013324,-3.0,4.0,-66.0
1777889615.4113324,0.0,2.0,-67.0
1777889615.4213324,6.0,-1.0,-75.0
1777889615.4313323,3.0,-2.0,-78.0
1777889615.4413323,0.0,0.0,-78.0
1777889615.4513323,-1.0,1.0,-80.0
1777889615.4613323,0.0,4.0,-79.0
1777889615.4713323,2.0,5.0,-76.0
1777889615.4813323,3.0,5.0,-77.0
1777889615.4913323,7.0,4.0,-83.0
1777889615.5013323,2.0,0.0,-83.0
1777889615.5113325,0.0,0.0,-81.0
1777889615.5213325,0.0,0.0,-82.0
1777889615.5313325,1.0,0.0,-79.0
1777889615.5413325,1.0,0.0,-73.0
1777889615.5513325,5.0,1.0,-75.0
1777889615.5613325,0.0,-1.0,-70.0
1777889615.5723324,0.0,0.0,-72.0
1777889615.5813324,2.0,-3.0,-70.0
1777889615.5913324,0.0,-4.0,-78.0
1777889615.6023324,0.0,1.0,-82.0
1777889615.6123323,-3.0,6.0,-80.0
1777889615.6223323,-9.0,6.0,-77.0
1777889615.6323323,-8.0,3.0,-74.0
1777889615.6423323,-3.0,3.0,-77.0
1777889615.6523323,-2.0,1.0,-79.0
1777889615.6623323,-2.0,-1.0,-79.0
1777889615.6723323,-4.0,-1.0,-74.0
1777889615.6823325,-4.0,-4.0,-77.0
1777889615.6923325,-4.0,-7.0,-73.0
1777889615.7023325,-3.0,-4.0,-81.0
1777889615.7123325,-3.0,-8.0,-76.0
1777889615.7223325,-1.0,-6.0,-76.0
1777889615.7323325,-4.0,-5.0,-79.0
1777889615.7423325,-2.0,-4.0,-72.0
1777889615.7523324,-3.0,-4.0,-75.0
1777889615.7623324,-1.0,-3.0,-68.0
1777889615.7723324,1.0,-2.0,-68.0
1777889615.7823324,1.0,2.0,-72.0
1777889615.7923324,0.0,0.0,-69.0
1777889615.8023324,-4.0,1.0,-71.0
1777889615.8123324,-4.0,3.0,-75.0
1777889615.8223324,-3.0,3.0,-76.0
1777889615.8323324,0.0,2.0,-74.0
1777889615.8423324,-1.0,1.0,-70.0
1777889615.8523324,-2.0,-7.0,-74.0
1777889615.8623323,-5.0,-5.0,-72.0
1777889615.8723323,-3.0,-2.0,-81.0
1777889615.8823323,-1.0,-4.0,-85.0
1777889615.8923323,4.0,-4.0,-81.0
1777889615.9023323,6.0,-5.0,-82.0
1777889615.9123323,2.0,-5.0,-79.0
1777889615.9223323,1.0,-3.0,-83.0
1777889615.9323325,0.0,0.0,-73.0
1777889615.9423325,0.0,0.0,-67.0
1777889615.9523325,0.0,0.0,-69.0
1777889615.9623325,1.0,0.0,-72.0
1777889615.9723325,-2.0,0.0,-74.0
1777889615.9823325,-1.0,0.0,-77.0
1777889615.9923325,0.0,1.0,-78.0
1777889616.0023324,3.0,0.0,-82.0
1777889616.0123324,-1.0,0.0,-81.0
1777889616.0223324,-3.0,0.0,-81.0
1777889616.0323324,2.0,2.0,-82.0
1777889616.0423324,0.0,3.0,-84.0
1777889616.0523324,3.0,1.0,-75.0
1777889616.0623324,6.0,2.0,-75.0
1777889616.0723324,3.0,0.0,-78.0
1777889616.0823324,4.0,-1.0,-72.0
1777889616.0923324,2.0,0.0,-71.0
1777889616.1023324,1.0,-1.0,-74.0
1777889616.1123323,1.0,-4.0,-75.0
1777889616.1223323,1.0,-3.0,-72.0
1777889616.1323323,1.0,-1.0,-73.0
1777889616.1423323,-1.0,0.0,-69.0
1777889616.1523323,-6.0,0.0,-71.0
1777889616.1623323,-4.0,-2.0,-76.0
1777889616.1723323,-2.0,-3.0,-83.0
1777889616.1823325,-3.0,-2.0,-76.0
1777889616.1923325,-2.0,-1.0,-78.0
1777889616.2023325,2.0,0.0,-82.0
1777889616.2123325,2.0,-2.0,-79.0
1777889616.2223325,1.0,-3.0,-74.0
1777889616.2323325,2.0,-5.0,-61.0
1777889616.2423325,5.0,-3.0,-61.0
1777889616.2523324,1.0,0.0,-66.0
1777889616.2623324,3.0,-2.0,-73.0
1777889616.2723324,6.0,-1.0,-75.0
1777889616.2823324,7.0,-2.0,-73.0
1777889616.2923324,4.0,0.0,-75.0
1777889616.3023324,5.0,1.0,-71.0
1777889616.3123324,4.0,0.0,-74.0
1777889616.3223324,2.0,0.0,-78.0
1777889616.3323324,5.0,0.0,-81.0
1777889616.3423324,5.0,0.0,-80.0
1777889616.3523324,3.0,-2.0,-86.0
1777889616.3623323,-2.0,-4.0,-75.0
1777889616.3723323,-4.0,-4.0,-69.0
1777889616.3823323,-3.0,-1.0,-70.0
1777889616.3923323,-5.0,0.0,-69.0
1777889616.4023323,0.0,1.0,-70.0
1777889616.4123323,0.0,1.0,-72.0
1777889616.4223323,0.0,0.0,-71.0
1777889616.4323325,-1.0,1.0,-73.0
1777889616.4423325,0.0,0.0,-74.0
1777889616.4523325,0.0,-1.0,-74.0
1777889616.4623325,1.0,0.0,-75.0
1777889616.4723325,0.0,0.0,-70.0
1777889616.4823325,1.0,-4.0,-78.0
1777889616.4923325,0.0,-4.0,-83.0
1777889616.5023324,-1.0,-6.0,-78.0
1777889616.5123324,1.0,-2.0,-69.0
1777889616.5223324,1.0,0.0,-67.0
1777889616.5323324,0.0,-2.0,-67.0
1777889616.5423324,7.0,-1.0,-66.0
1777889616.5523324,9.0,-3.0,-74.0
1777889616.5623324,8.0,-2.0,-74.0
1777889616.5723324,8.0,0.0,-68.0
1777889616.5823324,1.0,0.0,-72.0
1777889616.5923324,0.0,-3.0,-80.0
1777889616.6023324,0.0,-2.0,-81.0
1777889616.6123323,1.0,0.0,-89.0
1777889616.6223323,0.0,0.0,-81.0
1777889616.6323323,-3.0,-3.0,-75.0
1777889616.6423323,-3.0,-1.0,-80.0
1777889616.6523323,-5.0,1.0,-76.0
1777889616.6623323,-4.0,1.0,-74.0
1777889616.6723323,-5.0,0.0,-78.0
1777889616.6823325,-4.0,-5.0,-74.0
1777889616.6923325,-4.0,-4.0,-74.0
1777889616.7023325,-6.0,-3.0,-78.0
1777889616.7123325,-1.0,-1.0,-76.0
1777889616.7223325,-1.0,0.0,-75.0
1777889616.7323325,-10.0,2.0,-70.0
1777889616.7423325,-10.0,4.0,-70.0
1777889616.7523324,-7.0,2.0,-69.0
1777889616.7623324,-4.0,3.0,-76.0
1777889616.7723324,-1.0,2.0,-79.0
1777889616.7823324,-1.0,6.0,-75.0
1777889616.7923324,0.0,8.0,-73.0
1777889616.8023324,0.0,1.0,-78.0
1777889616.8123324,-1.0,3.0,-73.0
1777889616.8223324,-2.0,1.0,-70.0
1777889616.8323324,-1.0,-1.0,-72.0
1777889616.8423324,-2.0,1.0,-74.0
1777889616.8523324,-1.0,0.0,-74.0
1777889616.8623323,0.0,-2.0,-71.0
1777889616.8723323,4.0,-2.0,-69.0
1777889616.8823323,-2.0,0.0,-66.0
1777889616.8923323,-5.0,1.0,-57.0
1777889616.9023323,-5.0,2.0,-60.0
1777889616.9123323,-6.0,-2.0,-64.0
1777889616.9223323,-3.0,-2.0,-71.0
1777889616.9323325,-5.0,-7.0,-72.0
1777889616.9423325,-6.0,-5.0,-70.0
1777889616.9523325,-6.0,-5.0,-72.0
1777889616.9623325,-3.0,-3.0,-77.0
1777889616.9723325,0.0,-3.0,-75.0
1777889616.9823325,0.0,2.0,-84.0
1777889616.9923325,-1.0,2.0,-83.0
1777889617.0023324,-3.0,3.0,-73.0
1777889617.0123324,-3.0,5.0,-75.0
1777889617.0223324,-2.0,7.0,-70.0
1777889617.0323324,-6.0,1.0,-67.0
1777889617.0423324,-2.0,1.0,-72.0
1777889617.0523324,0.0,1.0,-75.0
1777889617.0623324,-1.0,0.0,-69.0
1777889617.0723324,1.0,-1.0,-75.0
1777889617.0823324,2.0,-4.0,-78.0
1777889617.0923324,4.0,-6.0,-78.0
1777889617.1023324,1.0,-4.0,-78.0
1777889617.1123323,5.0,-2.0,-79.0
1777889617.1223323,9.0,-6.0,-79.0
1777889617.1323323,10.0,-2.0,-77.0
1777889617.1423323,12.0,-1.0,-77.0
1777889617.1523323,10.0,-2.0,-74.0
1777889617.1623323,7.0,-4.0,-72.0
1777889617.1723323,6.0,-4.0,-64.0
1777889617.1823325,2.0,-3.0,-69.0
1777889617.1923325,9.0,-3.0,-68.0
1777889617.2023325,4.0,0.0,-61.0
1777889617.2123325,2.0,0.0,-62.0
1777889617.2223325,0.0,0.0,-63.0
1777889617.2323325,0.0,-2.0,-68.0
1777889617.2423325,-2.0,0.0,-73.0
1777889617.2523324,0.0,-1.0,-71.0
1777889617.2623324,3.0,0.0,-72.0
1777889617.2723324,4.0,-2.0,-77.0
1777889617.2823324,4.0,1.0,-75.0
1777889617.2923324,8.0,0.0,-79.0
1777889617.3023324,6.0,-2.0,-81.0
1777889617.3123324,5.0,-5.0,-84.0
1777889617.3223324,5.0,-5.0,-81.0
1777889617.3323324,3.0,0.0,-71.0
1777889617.3423324,3.0,-1.0,-76.0
1777889617.3523324,5.0,-3.0,-74.0
1777889617.3623323,8.0,-4.0,-75.0
1777889617.3723323,9.0,-2.0,-74.0
1777889617.3823323,10.0,-2.0,-72.0
1777889617.3923323,8.0,-1.0,-71.0
1777889617.4023323,9.0,1.0,-69.0
1777889617.4123323,7.0,-1.0,-73.0
1777889617.4223323,10.0,-3.0,-73.0
1777889617.4323325,10.0,-3.0,-72.0
1777889617.4423325,4.0,-2.0,-75.0
1777889617.4523325,-2.0,0.0,-66.0
1777889617.4623325,-7.0,1.0,-67.0
1777889617.4723325,-1.0,0.0,-69.0
1777889617.4823325,-4.0,0.0,-71.0
1777889617.4923325,-7.0,-1.0,-71.0
1777889617.5023324,-6.0,-4.0,-66.0
1777889617.5123324,-3.0,-6.0,-71.0
1777889617.5223324,-7.0,-7.0,-82.0
1777889617.5323324,-9.0,-7.0,-74.0
1777889617.5423324,-8.0,-5.0,-76.0
1777889617.5523324,-9.0,-5.0,-75.0
1777889617.5623324,-5.0,-4.0,-72.0
1777889617.5733323,-2.0,-5.0,-71.0
1777889617.5833323,-2.0,-2.0,-77.0
1777889617.5933323,-3.0,2.0,-69.0
1777889617.6033323,2.0,3.0,-71.0
1777889617.6133325,-1.0,4.0,-74.0
1777889617.6233325,2.0,5.0,-75.0
1777889617.6333325,0.0,5.0,-78.0
1777889617.6433325,-2.0,0.0,-72.0
1777889617.6533325,-2.0,-3.0,-70.0
1777889617.6633325,-1.0,-4.0,-68.0
1777889617.6733325,0.0,-3.0,-68.0
1777889617.6833324,0.0,0.0,-71.0
1777889617.6933324,2.0,3.0,-78.0
1777889617.7033324,3.0,5.0,-74.0
1777889617.7133324,1.0,3.0,-76.0
1777889617.7233324,0.0,-1.0,-74.0
1777889617.7333324,0.0,-4.0,-72.0
1777889617.7433324,-2.0,-1.0,-72.0
1777889617.7533324,1.0,0.0,-75.0
1777889617.7633324,3.0,2.0,-79.0
1777889617.7733324,9.0,-3.0,-84.0
1777889617.7833323,11.0,-3.0,-76.0
1777889617.7933323,10.0,-4.0,-77.0
1777889617.8033323,7.0,-6.0,-77.0
1777889617.8133323,4.0,-4.0,-78.0
1777889617.8233323,1.0,0.0,-84.0
1777889617.8333323,0.0,1.0,-84.0
1777889617.8433323,-1.0,3.0,-83.0
1777889617.8533323,0.0,2.0,-80.0
1777889617.8633325,-2.0,0.0,-81.0
1777889617.8733325,-1.0,1.0,-78.0
1777889617.8833325,-1.0,-1.0,-77.0
1777889617.8933325,-2.0,-2.0,-70.0
1777889617.9033325,-3.0,-3.0,-68.0
1777889617.9133325,0.0,-3.0,-74.0
1777889617.9233325,1.0,-2.0,-78.0
1777889617.9333324,-1.0,2.0,-75.0
1777889617.9433324,0.0,3.0,-70.0
1777889617.9533324,1.0,1.0,-76.0
1777889617.9633324,0.0,0.0,-71.0
1777889617.9733324,1.0,0.0,-73.0
1777889617.9833324,0.0,-2.0,-72.0
1777889617.9933324,-2.0,-1.0,-78.0
1777889618.0033324,1.0,-4.0,-80.0
1777889618.0133324,-1.0,-4.0,-79.0
1777889618.0233324,0.0,-2.0,-77.0
1777889618.0333323,0.0,-1.0,-75.0
1777889618.0433323,-2.0,-2.0,-77.0
1777889618.0533323,-3.0,-6.0,-73.0
1777889618.0633323,-4.0,-7.0,-69.0
1777889618.0733323,-7.0,-9.0,-66.0
1777889618.0833323,-6.0,-7.0,-63.0
1777889618.0933323,-3.0,-4.0,-69.0
1777889618.1033323,3.0,-8.0,-78.0
1777889618.1133325,4.0,-5.0,-79.0
1777889618.1233325,4.0,-4.0,-85.0
1777889618.1333325,8.0,-4.0,-90.0
1777889618.1433325,6.0,-4.0,-79.0
1777889618.1533325,4.0,-2.0,-80.0
1777889618.1633325,4.0,-2.0,-74.0
1777889618.1733325,6.0,-4.0,-70.0
1777889618.1833324,6.0,-2.0,-67.0
1777889618.1933324,6.0,1.0,-73.0
1777889618.2033324,2.0,4.0,-82.0
1777889618.2133324,3.0,7.0,-83.0
1777889618.2233324,2.0,5.0,-94.0
1777889618.2333324,-2.0,6.0,-84.0
1777889618.2433324,-4.0,3.0,-85.0
1777889618.2533324,-4.0,0.0,-84.0
1777889618.2633324,-3.0,0.0,-83.0
1777889618.2733324,-6.0,0.0,-76.0
1777889618.2833323,-6.0,2.0,-76.0
1777889618.2933323,-2.0,0.0,-84.0
1777889618.3033323,-2.0,0.0,-88.0
1777889618.3133323,0.0,-3.0,-79.0
1777889618.3233323,3.0,-1.0,-74.0
1777889618.3333323,1.0,-1.0,-79.0
1777889618.3433323,2.0,0.0,-73.0
1777889618.3533323,3.0,5.0,-75.0
1777889618.3633325,2.0,0.0,-76.0
1777889618.3733325,2.0,-3.0,-84.0
1777889618.3833325,0.0,-4.0,-88.0
1777889618.3933325,0.0,-2.0,-89.0
1777889618.4033325,0.0,0.0,-85.0
1777889618.4133325,-3.0,-2.0,-77.0
1777889618.4233325,-2.0,-1.0,-75.0
1777889618.4333324,0.0,0.0,-73.0
1777889618.4433324,3.0,5.0,-77.0
1777889618.4533324,-2.0,8.0,-81.0
1777889618.4633324,0.0,6.0,-80.0
1777889618.4733324,-1.0,6.0,-83.0
1777889618.4833324,2.0,7.0,-80.0
1777889618.4933324,1.0,4.0,-81.0
1777889618.5033324,1.0,1.0,-80.0
1777889618.5133324,-1.0,4.0,-79.0
1777889618.5233324,-1.0,5.0,-81.0
1777889618.5333323,0.0,5.0,-83.0
1777889618.5443325,0.0,3.0,-84.0
1777889618.5533323,-2.0,-3.0,-82.0
1777889618.5633323,0.0,-5.0,-75.0
1777889618.5733323,-3.0,-5.0,-79.0
1777889618.5833323,2.0,-6.0,-80.0
1777889618.5933323,0.0,-5.0,-74.0
1777889618.6033323,-3.0,-7.0,-79.0
1777889618.6133325,-1.0,-8.0,-80.0
1777889618.6233325,-4.0,-1.0,-82.0
1777889618.6333325,-3.0,-3.0,-81.0
1777889618.6433325,-3.0,-8.0,-78.0
1777889618.6533325,0.0,-8.0,-75.0
1777889618.6633325,-1.0,-5.0,-75.0
1777889618.6733325,3.0,-4.0,-77.0
1777889618.6833324,8.0,-1.0,-70.0
1777889618.6933324,2.0,0.0,-76.0
1777889618.7033324,3.0,0.0,-77.0
1777889618.7133324,3.0,1.0,-82.0
1777889618.7233324,2.0,0.0,-83.0
1777889618.7333324,-1.0,0.0,-84.0
1777889618.7433324,0.0,-2.0,-89.0
1777889618.7533324,-6.0,0.0,-87.0
1777889618.7633324,-11.0,0.0,-81.0
1777889618.7733324,-8.0,0.0,-82.0
1777889618.7833323,-4.0,-2.0,-82.0
1777889618.7933323,2.0,-1.0,-78.0
1777889618.8033323,1.0,-2.0,-80.0
1777889618.8133323,1.0,-2.0,-82.0
1777889618.8233323,6.0,-4.0,-88.0
1777889618.8333323,1.0,-7.0,-87.0
1777889618.8433323,1.0,-4.0,-84.0
1777889618.8533323,0.0,-3.0,-86.0
1777889618.8633325,0.0,-5.0,-93.0
1777889618.8733325,1.0,-2.0,-90.0
1777889618.8833325,0.0,-2.0,-91.0
1777889618.8933325,2.0,-3.0,-89.0
1777889618.9033325,-1.0,0.0,-89.0
1777889618.9133325,-4.0,2.0,-88.0
1777889618.9233325,-5.0,1.0,-81.0
1777889618.9333324,-1.0,3.0,-81.0
1777889618.9433324,7.0,3.0,-83.0
1777889618.9533324,7.0,2.0,-86.0
1777889618.9633324,7.0,6.0,-80.0
1777889618.9733324,5.0,4.0,-71.0
1777889618.9833324,6.0,1.0,-70.0
1777889618.9933324,4.0,3.0,-70.0
1777889619.0033324,3.0,6.0,-70.0
1777889619.0133324,3.0,5.0,-73.0
1777889619.0233324,2.0,1.0,-76.0
1777889619.0333323,2.0,2.0,-76.0
1777889619.0433323,4.0,1.0,-73.0
1777889619.0533323,7.0,1.0,-79.0
1777889619.0633323,4.0,3.0,-80.0
1777889619.0733323,1.0,3.0,-74.0
1777889619.0833323,0.0,0.0,-74.0
1777889619.0933323,8.0,-2.0,-79.0
1777889619.1033323,7.0,-3.0,-82.0
1777889619.1133325,1.0,-8.0,-79.0
1777889619.1233325,1.0,-10.0,-74.0
1777889619.1333325,0.0,-7.0,-71.0
1777889619.1433325,0.0,-10.0,-81.0
1777889619.1533325,1.0,-11.0,-84.0
1777889619.1633325,3.0,-8.0,-84.0
1777889619.1733325,0.0,-8.0,-81.0
1777889619.1833324,-2.0,-7.0,-81.0
1777889619.1933324,-1.0,-4.0,-84.0
1777889619.2033324,-3.0,-7.0,-84.0
1777889619.2133324,0.0,-4.0,-86.0
1777889619.2233324,2.0,-3.0,-85.0
1777889619.2333324,4.0,-2.0,-83.0
1777889619.2433324,8.0,0.0,-76.0
1777889619.2533324,11.0,-1.0,-72.0
1777889619.2633324,11.0,-5.0,-71.0
1777889619.2733324,9.0,-5.0,-78.0
1777889619.2833323,9.0,-5.0,-77.0
1777889619.2933323,8.0,-2.0,-74.0
1777889619.3033323,2.0,-7.0,-73.0
1777889619.3133323,2.0,-7.0,-75.0
1777889619.3233323,2.0,-5.0,-77.0
1777889619.3333323,3.0,-5.0,-79.0
1777889619.3433323,-2.0,-6.0,-76.0
1777889619.3533323,5.0,-6.0,-75.0
1777889619.3633325,6.0,-3.0,-69.0
1777889619.3733325,5.0,-1.0,-72.0
1777889619.3833325,0.0,-1.0,-75.0
1777889619.3933325,0.0,-1.0,-79.0
1777889619.4033325,4.0,-2.0,-77.0
1777889619.4133325,3.0,-2.0,-81.0
1777889619.4233325,0.0,-1.0,-75.0
1777889619.4333324,-4.0,-2.0,-75.0
1777889619.4433324,-2.0,-8.0,-80.0
1777889619.4533324,4.0,-9.0,-77.0
1777889619.4633324,1.0,-9.0,-71.0
1777889619.4733324,0.0,-11.0,-71.0
1777889619.4833324,-1.0,-11.0,-78.0
1777889619.4933324,-1.0,-9.0,-76.0
1777889619.5033324,0.0,-7.0,-79.0
1777889619.5133324,-1.0,-8.0,-79.0
1777889619.5233324,-3.0,-10.0,-78.0
1777889619.5343325,2.0,-7.0,-77.0
1777889619.5433323,5.0,-1.0,-76.0
1777889619.5533323,8.0,-4.0,-75.0
1777889619.5643325,9.0,-3.0,-72.0
1777889619.5743325,10.0,-3.0,-69.0
1777889619.5843325,-1.0,0.0,-69.0
1777889619.5943325,-2.0,0.0,-69.0
1777889619.6043324,2.0,1.0,-70.0
1777889619.6143324,2.0,-1.0,-68.0
1777889619.6243324,1.0,-2.0,-67.0
1777889619.6343324,2.0,0.0,-66.0
1777889619.6443324,0.0,0.0,-71.0
1777889619.6543324,0.0,0.0,-76.0
1777889619.6643324,2.0,0.0,-78.0
1777889619.6743324,0.0,1.0,-75.0
1777889619.6843324,-1.0,-1.0,-72.0
1777889619.6943324,-2.0,-4.0,-72.0
1777889619.7043324,-2.0,-4.0,-74.0
1777889619.7143323,-2.0,-3.0,-75.0
1777889619.7243323,-3.0,1.0,-71.0
1777889619.7343323,-1.0,5.0,-69.0
1777889619.7443323,0.0,5.0,-75.0
1777889619.7543323,-3.0,4.0,-72.0
1777889619.7643323,-2.0,7.0,-72.0
1777889619.7743323,0.0,3.0,-75.0
1777889619.7843325,0.0,4.0,-83.0
1777889619.7943325,2.0,4.0,-83.0
1777889619.8043325,5.0,2.0,-81.0
1777889619.8143325,3.0,0.0,-83.0
1777889619.8243325,3.0,-1.0,-79.0
1777889619.8343325,1.0,0.0,-84.0
1777889619.8443325,6.0,-2.0,-85.0
1777889619.8543324,8.0,0.0,-75.0
1777889619.8643324,9.0,0.0,-77.0
1777889619.8743324,7.0,5.0,-77.0
1777889619.8843324,6.0,1.0,-71.0
1777889619.8943324,6.0,2.0,-69.0
1777889619.9043324,4.0,6.0,-71.0
1777889619.9143324,10.0,7.0,-74.0
1777889619.9243324,11.0,5.0,-73.0
1777889619.9343324,7.0,0.0,-70.0
1777889619.9443324,3.0,0.0,-74.0
1777889619.9543324,0.0,-4.0,-74.0
1777889619.9643323,-3.0,-4.0,-74.0
1777889619.9743323,0.0,-3.0,-83.0
1777889619.9843323,0.0,0.0,-87.0
1777889619.9943323,3.0,-1.0,-81.0
1777889620.0043323,6.0,0.0,-78.0
1777889620.0143323,4.0,-1.0,-79.0
1777889620.0243323,1.0,-1.0,-76.0
1777889620.0343325,3.0,1.0,-75.0
1777889620.0443325,-1.0,-6.0,-84.0
1777889620.0543325,-2.0,-8.0,-76.0
1777889620.0643325,-1.0,-8.0,-74.0
1777889620.0743325,-2.0,-3.0,-78.0
1777889620.0843325,0.0,-7.0,-76.0
1777889620.0943325,1.0,-5.0,-78.0
1777889620.1043324,-2.0,0.0,-80.0
1777889620.1143324,-2.0,-1.0,-91.0
1777889620.1243324,-3.0,-7.0,-87.0
1777889620.1343324,-3.0,-3.0,-78.0
1777889620.1443324,-1.0,-2.0,-84.0
1777889620.1543324,0.0,-2.0,-82.0
1777889620.1643324,-2.0,-1.0,-74.0
1777889620.1743324,2.0,0.0,-66.0
1777889620.1843324,3.0,1.0,-67.0
1777889620.1943324,2.0,1.0,-72.0
1777889620.2043324,4.0,0.0,-80.0
1777889620.2143323,4.0,0.0,-81.0
1777889620.2243323,5.0,-1.0,-83.0
1777889620.2343323,3.0,-3.0,-79.0
1777889620.2443323,8.0,0.0,-78.0
1777889620.2543323,5.0,-3.0,-85.0
1777889620.2643323,4.0,-3.0,-87.0
1777889620.2743323,1.0,-2.0,-85.0
1777889620.2853324,-1.0,0.0,-87.0
1777889620.2943325,-2.0,-2.0,-83.0
1777889620.3043325,0.0,-4.0,-77.0
1777889620.3143325,1.0,-4.0,-79.0
1777889620.3243325,0.0,-1.0,-83.0
1777889620.3343325,6.0,2.0,-86.0
1777889620.3443325,3.0,0.0,-93.0
1777889620.3543324,4.0,-5.0,-94.0
1777889620.3643324,2.0,-2.0,-87.0
1777889620.3743324,1.0,-5.0,-82.0
1777889620.3843324,-2.0,-5.0,-84.0
1777889620.3943324,-3.0,-4.0,-85.0
1777889620.4043324,-6.0,-8.0,-85.0
1777889620.4143324,-1.0,-6.0,-84.0
1777889620.4243324,-2.0,-8.0,-80.0
1777889620.4343324,-5.0,-8.0,-80.0
1777889620.4443324,-3.0,-8.0,-81.0
1777889620.4543324,-2.0,-8.0,-84.0
1777889620.4643323,1.0,-8.0,-78.0
1777889620.4743323,3.0,-7.0,-69.0
1777889620.4843323,3.0,-3.0,-71.0
1777889620.4943323,5.0,0.0,-72.0
1777889620.5043323,3.0,-3.0,-72.0
1777889620.5143323,-1.0,-3.0,-70.0
1777889620.5243323,-1.0,-3.0,-63.0
1777889620.5343325,-4.0,-2.0,-68.0
1777889620.5443325,-4.0,-2.0,-69.0
1777889620.5543325,1.0,0.0,-67.0
1777889620.5643325,-4.0,-4.0,-64.0
1777889620.5743325,0.0,-3.0,-66.0
1777889620.5843325,1.0,-5.0,-63.0
1777889620.5943325,5.0,-4.0,-72.0
1777889620.6043324,3.0,-5.0,-72.0
1777889620.6143324,1.0,-6.0,-73.0
1777889620.6243324,0.0,-5.0,-73.0
1777889620.6343324,1.0,-2.0,-71.0
1777889620.6443324,0.0,1.0,-73.0
1777889620.6543324,-2.0,1.0,-73.0
1777889620.6643324,0.0,0.0,-71.0
1777889620.6743324,0.0,0.0,-70.0
1777889620.6843324,0.0,0.0,-65.0
1777889620.6943324,5.0,0.0,-67.0
1777889620.7043324,4.0,1.0,-64.0
1777889620.7143323,1.0,2.0,-69.0
1777889620.7243323,2.0,0.0,-72.0
1777889620.7343323,2.0,0.0,-66.0
1777889620.7443323,2.0,0.0,-68.0
1777889620.7543323,2.0,0.0,-70.0
1777889620.7643323,2.0,-1.0,-73.0
1777889620.7743323,-1.0,-2.0,-75.0
1777889620.7843325,0.0,-2.0,-69.0
1777889620.7943325,0.0,-3.0,-65.0
1777889620.8043325,4.0,-1.0,-64.0
1777889620.8143325,3.0,3.0,-74.0
1777889620.8243325,4.0,-1.0,-81.0
1777889620.8343325,3.0,-2.0,-76.0
1777889620.8443325,2.0,1.0,-78.0
1777889620.8543324,1.0,0.0,-81.0
1777889620.8643324,3.0,-2.0,-78.0
1777889620.8743324,0.0,-3.0,-70.0
1777889620.8843324,2.0,-3.0,-68.0
1777889620.8943324,0.0,0.0,-69.0
1777889620.9043324,-1.0,-1.0,-74.0
1777889620.9143324,0.0,-1.0,-79.0
1777889620.9243324,2.0,3.0,-85.0
1777889620.9343324,1.0,5.0,-87.0
1777889620.9443324,4.0,5.0,-90.0
1777889620.9543324,7.0,3.0,-87.0
1777889620.9643323,4.0,-1.0,-86.0
1777889620.9743323,8.0,-2.0,-83.0
1777889620.9843323,8.0,0.0,-85.0
1777889620.9943323,5.0,0.0,-84.0
1777889621.0043323,0.0,-3.0,-81.0
1777889621.0143323,1.0,0.0,-80.0
1777889621.0243323,-1.0,0.0,-84.0
1777889621.0343325,0.0,2.0,-89.0
1777889621.0443325,0.0,3.0,-92.0
1777889621.0543325,-3.0,0.0,-94.0
1777889621.0643325,-3.0,0.0,-87.0
1777889621.0743325,2.0,1.0,-80.0
1777889621.0843325,1.0,5.0,-83.0
1777889621.0943325,1.0,5.0,-86.0
1777889621.1043324,-1.0,1.0,-85.0
1777889621.1143324,0.0,0.0,-81.0
1777889621.1243324,4.0,1.0,-79.0
1777889621.1343324,4.0,0.0,-85.0
1777889621.1443324,4.0,1.0,-86.0
1777889621.1543324,4.0,2.0,-77.0
1777889621.1643324,0.0,1.0,-75.0
1777889621.1743324,0.0,3.0,-80.0
1777889621.1843324,1.0,0.0,-82.0
1777889621.1943324,3.0,-3.0,-85.0
1777889621.2043324,3.0,-4.0,-90.0
1777889621.2143323,6.0,-2.0,-82.0
1777889621.2243323,4.0,-2.0,-82.0
1777889621.2343323,2.0,0.0,-84.0
1777889621.2443323,1.0,0.0,-81.0
1777889621.2543323,4.0,1.0,-75.0
1777889621.2643323,3.0,0.0,-78.0
1777889621.2743323,5.0,-1.0,-79.0
1777889621.2843325,5.0,-2.0,-80.0
1777889621.2943325,2.0,0.0,-71.0
1777889621.3043325,-1.0,0.0,-75.0
1777889621.3143325,2.0,5.0,-81.0
1777889621.3243325,-1.0,0.0,-88.0
1777889621.3343325,-5.0,-2.0,-88.0
1777889621.3443325,-2.0,-1.0,-82.0
1777889621.3543324,2.0,-5.0,-81.0
1777889621.3643324,0.0,-2.0,-76.0
1777889621.3743324,-4.0,-3.0,-75.0
1777889621.3843324,-7.0,-1.0,-76.0
1777889621.3943324,-1.0,3.0,-75.0
1777889621.4043324,0.0,6.0,-71.0
1777889621.4143324,1.0,5.0,-77.0
1777889621.4243324,0.0,8.0,-80.0
1777889621.4343324,0.0,2.0,-73.0
1777889621.4443324,0.0,-3.0,-70.0
1777889621.4543324,1.0,-1.0,-72.0
1777889621.4643323,0.0,0.0,-73.0
1777889621.4743323,3.0,-3.0,-71.0
1777889621.4843323,2.0,-5.0,-74.0
1777889621.4943323,1.0,-5.0,-77.0
1777889621.5043323,0.0,-2.0,-66.0
1777889621.5143323,0.0,0.0,-70.0
1777889621.5243323,0.0,1.0,-70.0
1777889621.5343325,0.0,0.0,-69.0
1777889621.5443325,0.0,0.0,-69.0
1777889621.5553324,0.0,0.0,-73.0
1777889621.5653324,-2.0,-1.0,-72.0
1777889621.5753324,-3.0,-5.0,-77.0
1777889621.5853324,0.0,-4.0,-71.0
1777889621.5953324,0.0,-3.0,-73.0
1777889621.6053324,1.0,-2.0,-71.0
1777889621.6153324,3.0,-5.0,-73.0
1777889621.6253324,5.0,-4.0,-76.0
1777889621.6353323,3.0,-5.0,-77.0
1777889621.6453323,2.0,-9.0,-69.0
1777889621.6553323,4.0,-6.0,-67.0
1777889621.6653323,4.0,0.0,-67.0
1777889621.6753323,3.0,1.0,-74.0
1777889621.6853323,2.0,2.0,-75.0
1777889621.6953323,0.0,0.0,-73.0
1777889621.7053325,-3.0,-2.0,-82.0
1777889621.7153325,1.0,-6.0,-76.0
1777889621.7253325,4.0,-4.0,-71.0
1777889621.7353325,6.0,-2.0,-70.0
1777889621.7453325,8.0,-5.0,-72.0
1777889621.7553325,7.0,-8.0,-70.0
1777889621.7653325,6.0,-1.0,-74.0
1777889621.7753325,7.0,3.0,-72.0
1777889621.7853324,6.0,2.0,-72.0
1777889621.7953324,1.0,1.0,-82.0
1777889621.8053324,3.0,2.0,-77.0
1777889621.8153324,4.0,1.0,-75.0
1777889621.8253324,3.0,0.0,-74.0
1777889621.8353324,5.0,0.0,-76.0
1777889621.8453324,1.0,0.0,-82.0
1777889621.8553324,3.0,-1.0,-85.0
1777889621.8653324,7.0,-2.0,-82.0
1777889621.8753324,5.0,-3.0,-84.0
1777889621.8853323,1.0,-2.0,-81.0
1777889621.8953323,1.0,-5.0,-79.0
1777889621.9053323,-1.0,-4.0,-75.0
1777889621.9153323,-1.0,-4.0,-80.0
1777889621.9253323,-3.0,-8.0,-84.0
1777889621.9353323,-1.0,-8.0,-81.0
1777889621.9453323,-2.0,-5.0,-84.0
1777889621.9553325,0.0,-8.0,-84.0
1777889621.9653325,5.0,-9.0,-85.0
1777889621.9753325,4.0,-9.0,-80.0
1777889621.9853325,5.0,-11.0,-78.0
1777889621.9953325,5.0,-7.0,-69.0
1777889622.0053325,5.0,-2.0,-70.0
1777889622.0163324,5.0,-4.0,-65.0
1777889622.0253325,6.0,-3.0,-67.0
1777889622.0353324,4.0,-1.0,-70.0
1777889622.0453324,8.0,-4.0,-70.0
1777889622.0553324,10.0,0.0,-70.0
1777889622.0653324,8.0,0.0,-70.0
1777889622.0753324,2.0,0.0,-70.0
1777889622.0853324,3.0,-1.0,-75.0
1777889622.0953324,1.0,-5.0,-81.0
1777889622.1053324,1.0,-5.0,-80.0
1777889622.1153324,4.0,-7.0,-82.0
1777889622.1253324,6.0,-10.0,-81.0
1777889622.1353323,6.0,-13.0,-79.0
1777889622.1453323,7.0,-13.0,-80.0
1777889622.1553323,4.0,-7.0,-82.0
1777889622.1653323,2.0,-3.0,-80.0
1777889622.1753323,3.0,0.0,-79.0
1777889622.1853323,1.0,0.0,-73.0
1777889622.1953323,1.0,-1.0,-76.0
1777889622.2053325,5.0,-2.0,-73.0
1777889622.2153325,2.0,-3.0,-75.0
1777889622.2253325,2.0,-1.0,-74.0
1777889622.2353325,0.0,0.0,-69.0
1777889622.2453325,0.0,2.0,-69.0
1777889622.2553325,-2.0,-1.0,-79.0
1777889622.2653325,-6.0,0.0,-76.0
1777889622.2753325,-2.0,0.0,-78.0
1777889622.2853324,0.0,-2.0,-81.0
1777889622.2953324,-4.0,0.0,-81.0
1777889622.3053324,-3.0,5.0,-83.0
1777889622.3153324,-3.0,6.0,-86.0
1777889622.3253324,-4.0,5.0,-85.0
1777889622.3353324,-4.0,5.0,-83.0
1777889622.3453324,-6.0,5.0,-79.0
1777889622.3553324,-6.0,6.0,-80.0
1777889622.3653324,-9.0,4.0,-83.0
1777889622.3753324,-5.0,3.0,-79.0
1777889622.3853323,-4.0,2.0,-77.0
1777889622.3953323,-3.0,0.0,-74.0
1777889622.4053323,-5.0,-1.0,-79.0
1777889622.4153323,-7.0,-1.0,-82.0
1777889622.4253323,-4.0,0.0,-77.0
1777889622.4353323,-4.0,0.0,-78.0
1777889622.4453323,-3.0,-1.0,-78.0
1777889622.4553325,-6.0,-5.0,-77.0
1777889622.4653325,-5.0,-1.0,-76.0
1777889622.4753325,1.0,-4.0,-77.0
1777889622.4853325,4.0,-4.0,-77.0
1777889622.4953325,7.0,-5.0,-72.0
1777889622.5053325,10.0,-5.0,-74.0
1777889622.5153325,11.0,-4.0,-77.0
1777889622.5253325,10.0,-4.0,-73.0
1777889622.5353324,9.0,-4.0,-73.0
1777889622.5453324,9.0,-2.0,-70.0
1777889622.5553324,6.0,-2.0,-71.0
1777889622.5653324,7.0,-3.0,-77.0
1777889622.5753324,10.0,-7.0,-78.0
1777889622.5853324,6.0,-3.0,-76.0
1777889622.5953324,2.0,-4.0,-76.0
1777889622.6053324,0.0,-8.0,-83.0
1777889622.6153324,-4.0,-11.0,-75.0
1777889622.6253324,-5.0,-11.0,-77.0
1777889622.6353323,-4.0,-5.0,-74.0
1777889622.6453323,-6.0,-3.0,-78.0
1777889622.6553323,-2.0,0.0,-78.0
1777889622.6653323,2.0,1.0,-73.0
1777889622.6753323,7.0,-2.0,-74.0
1777889622.6853323,5.0,-4.0,-72.0
1777889622.6953323,4.0,-3.0,-75.0
1777889622.7053325,1.0,-3.0,-73.0
1777889622.7153325,-1.0,-1.0,-67.0
1777889622.7253325,5.0,4.0,-64.0
1777889622.7353325,8.0,0.0,-57.0
1777889622.7453325,5.0,-1.0,-64.0
1777889622.7553325,3.0,-2.0,-61.0
1777889622.7653325,0.0,2.0,-66.0
1777889622.7753325,0.0,2.0,-62.0
1777889622.7853324,-1.0,2.0,-67.0
1777889622.7953324,0.0,3.0,-75.0
1777889622.8053324,0.0,4.0,-78.0
1777889622.8153324,0.0,2.0,-79.0
1777889622.8253324,0.0,-2.0,-77.0
1777889622.8353324,2.0,2.0,-76.0
1777889622.8453324,1.0,-1.0,-84.0
1777889622.8553324,-1.0,0.0,-81.0
1777889622.8653324,-3.0,1.0,-77.0
1777889622.8753324,-1.0,1.0,-72.0
1777889622.8853323,-4.0,2.0,-69.0
1777889622.8953323,-2.0,1.0,-70.0
1777889622.9053323,-5.0,2.0,-76.0
1777889622.9153323,-4.0,3.0,-75.0
1777889622.9253323,-9.0,1.0,-69.0
1777889622.9353323,-9.0,3.0,-67.0
1777889622.9453323,-4.0,0.0,-61.0
1777889622.9553325,0.0,0.0,-70.0
1777889622.9653325,4.0,1.0,-72.0
1777889622.9753325,4.0,1.0,-71.0
1777889622.9853325,2.0,0.0,-69.0
1777889622.9953325,6.0,1.0,-70.0
1777889623.0053325,5.0,0.0,-67.0
1777889623.0153325,2.0,-2.0,-72.0
1777889623.0253325,2.0,0.0,-63.0
1777889623.0353324,2.0,-1.0,-68.0
1777889623.0453324,2.0,-6.0,-71.0
1777889623.0553324,2.0,-3.0,-73.0
1777889623.0653324,0.0,-3.0,-73.0
1777889623.0753324,0.0,1.0,-74.0
1777889623.0853324,0.0,0.0,-72.0
1777889623.0953324,1.0,1.0,-71.0
1777889623.1053324,-1.0,4.0,-76.0
1777889623.1153324,0.0,4.0,-77.0
1777889623.1253324,4.0,3.0,-75.0
1777889623.1353323,4.0,7.0,-71.0
1777889623.1453323,2.0,8.0,-76.0
1777889623.1553323,5.0,7.0,-74.0
1777889623.1653323,3.0,4.0,-72.0
1777889623.1753323,5.0,3.0,-69.0
1777889623.1853323,6.0,2.0,-70.0
1777889623.1953323,6.0,2.0,-68.0
1777889623.2053325,6.0,0.0,-75.0
1777889623.2153325,6.0,1.0,-75.0
1777889623.2253325,9.0,4.0,-73.0
1777889623.2353325,8.0,1.0,-71.0
1777889623.2453325,5.0,1.0,-77.0
1777889623.2553325,2.0,3.0,-81.0
1777889623.2653325,0.0,2.0,-84.0
1777889623.2753325,-3.0,3.0,-83.0
1777889623.2853324,-4.0,-2.0,-85.0
1777889623.2953324,-8.0,0.0,-84.0
1777889623.3053324,-5.0,0.0,-86.0
1777889623.3153324,-2.0,0.0,-88.0
1777889623.3253324,0.0,5.0,-87.0
1777889623.3353324,0.0,5.0,-86.0
1777889623.3453324,2.0,7.0,-86.0
1777889623.3553324,0.0,6.0,-82.0
1777889623.3653324,0.0,3.0,-79.0
1777889623.3753324,1.0,3.0,-79.0
1777889623.3853323,3.0,2.0,-74.0
1777889623.3953323,0.0,0.0,-76.0
1777889623.4053323,1.0,5.0,-82.0
1777889623.4153323,2.0,8.0,-91.0
1777889623.4253323,0.0,7.0,-86.0
1777889623.4363325,1.0,5.0,-85.0
1777889623.4453323,2.0,0.0,-78.0
1777889623.4553325,4.0,1.0,-75.0
1777889623.4653325,4.0,0.0,-74.0
1777889623.4753325,4.0,-4.0,-73.0
1777889623.4853325,3.0,-3.0,-76.0
1777889623.4953325,1.0,-3.0,-78.0
1777889623.5053325,-1.0,-4.0,-77.0
1777889623.5163324,5.0,-4.0,-75.0
1777889623.5263324,7.0,0.0,-77.0
1777889623.5363324,7.0,0.0,-83.0
1777889623.5463324,6.0,-1.0,-87.0
1777889623.5563323,1.0,-3.0,-92.0
1777889623.5663323,-3.0,-1.0,-89.0
1777889623.5763323,0.0,0.0,-87.0
1777889623.5863323,1.0,-1.0,-82.0
1777889623.5963323,0.0,-2.0,-83.0
1777889623.6063323,0.0,-6.0,-86.0
1777889623.6163323,-3.0,-3.0,-76.0
1777889623.6263323,-1.0,0.0,-72.0
1777889623.6363325,-1.0,4.0,-71.0
1777889623.6463325,-2.0,3.0,-70.0
1777889623.6563325,-4.0,2.0,-71.0
1777889623.6663325,-5.0,0.0,-72.0
1777889623.6763325,0.0,1.0,-75.0
1777889623.6863325,-1.0,2.0,-72.0
1777889623.6963325,-4.0,5.0,-77.0
1777889623.7063324,-3.0,2.0,-76.0
1777889623.7163324,-2.0,3.0,-74.0
1777889623.7263324,2.0,0.0,-68.0
1777889623.7363324,0.0,4.0,-73.0
1777889623.7463324,-1.0,6.0,-74.0
1777889623.7563324,3.0,2.0,-71.0
1777889623.7663324,6.0,1.0,-71.0
1777889623.7763324,0.0,0.0,-60.0
1777889623.7863324,-3.0,2.0,-58.0
1777889623.7963324,-5.0,0.0,-61.0
1777889623.8063323,-2.0,0.0,-68.0
1777889623.8163323,-5.0,0.0,-70.0
1777889623.8263323,-5.0,-1.0,-70.0
1777889623.8363323,-1.0,-3.0,-73.0
1777889623.8463323,4.0,-2.0,-77.0
1777889623.8563323,5.0,2.0,-77.0
1777889623.8663323,7.0,4.0,-78.0
1777889623.8763323,7.0,0.0,-79.0
1777889623.8863325,5.0,-2.0,-76.0
1777889623.8963325,8.0,-3.0,-70.0
1777889623.9063325,2.0,-2.0,-69.0
1777889623.9163325,-2.0,0.0,-74.0
1777889623.9263325,-2.0,0.0,-73.0
1777889623.9363325,0.0,4.0,-66.0
1777889623.9463325,0.0,0.0,-68.0
1777889623.9563324,0.0,-1.0,-74.0
1777889623.9663324,0.0,1.0,-76.0
1777889623.9763324,1.0,4.0,-74.0
1777889623.9863324,3.0,-4.0,-70.0
1777889623.9963324,6.0,-6.0,-69.0
1777889624.0063324,5.0,-3.0,-69.0
1777889624.0163324,6.0,-3.0,-66.0
1777889624.0263324,6.0,-5.0,-67.0
1777889624.0363324,3.0,-7.0,-72.0
1777889624.0463324,4.0,-8.0,-75.0
1777889624.0563323,6.0,-6.0,-75.0
1777889624.0663323,10.0,-8.0,-75.0
1777889624.0763323,9.0,-8.0,-77.0
1777889624.0863323,12.0,-3.0,-72.0
1777889624.0963323,6.0,0.0,-67.0
1777889624.1063323,8.0,1.0,-71.0
1777889624.1163323,5.0,0.0,-80.0
1777889624.1263323,3.0,2.0,-82.0
1777889624.1363325,8.0,-1.0,-80.0
1777889624.1463325,8.0,-4.0,-79.0
1777889624.1563325,9.0,-2.0,-76.0
1777889624.1663325,7.0,-5.0,-75.0
1777889624.1763325,6.0,-7.0,-73.0
1777889624.1863325,9.0,-8.0,-80.0
1777889624.1963325,8.0,-7.0,-78.0
1777889624.2063324,8.0,-9.0,-76.0
1777889624.2163324,8.0,-8.0,-76.0
1777889624.2263324,4.0,-1.0,-80.0
1777889624.2363324,2.0,0.0,-78.0
1777889624.2463324,4.0,0.0,-77.0
1777889624.2563324,8.0,-3.0,-74.0
1777889624.2663324,6.0,-4.0,-68.0
1777889624.2763324,4.0,-4.0,-73.0
1777889624.2863324,1.0,-7.0,-73.0
1777889624.2963324,2.0,-5.0,-67.0
1777889624.3063323,-1.0,0.0,-64.0
1777889624.3163323,-4.0,-4.0,-64.0
1777889624.3263323,-3.0,-2.0,-68.0
1777889624.3363323,-1.0,-1.0,-67.0
1777889624.3463323,-1.0,4.0,-65.0
1777889624.3563323,-1.0,1.0,-69.0
1777889624.3663323,1.0,-2.0,-73.0
1777889624.3763323,0.0,0.0,-75.0
1777889624.3863325,2.0,-1.0,-72.0
1777889624.3963325,3.0,1.0,-70.0
1777889624.4063325,0.0,0.0,-64.0
1777889624.4163325,-2.0,-6.0,-66.0
1777889624.4263325,-2.0,-7.0,-66.0
1777889624.4363325,-2.0,-8.0,-68.0
1777889624.4463325,1.0,-7.0,-72.0
1777889624.4563324,1.0,-5.0,-68.0
1777889624.4663324,1.0,-2.0,-73.0
1777889624.4763324,-3.0,0.0,-70.0
1777889624.4863324,-4.0,-2.0,-75.0
1777889624.4963324,-2.0,-1.0,-81.0
1777889624.5063324,-3.0,-2.0,-78.0
1777889624.5163324,-1.0,-2.0,-77.0
1777889624.5263324,3.0,-1.0,-78.0
1777889624.5363324,-2.0,-2.0,-83.0
1777889624.5463324,-5.0,-1.0,-80.0
1777889624.5563323,0.0,0.0,-79.0
1777889624.5663323,1.0,4.0,-77.0
1777889624.5763323,-1.0,4.0,-72.0
1777889624.5863323,-6.0,5.0,-75.0
1777889624.5963323,-4.0,4.0,-76.0
1777889624.6063323,0.0,-1.0,-74.0
1777889624.6163323,-1.0,-2.0,-68.0
1777889624.6263323,-1.0,-1.0,-65.0
1777889624.6363325,0.0,1.0,-76.0
1777889624.6463325,2.0,0.0,-79.0
1777889624.6563325,3.0,3.0,-77.0
1777889624.6663325,0.0,5.0,-77.0
1777889624.6763325,0.0,7.0,-74.0
1777889624.6863325,3.0,6.0,-76.0
1777889624.6963325,3.0,9.0,-76.0
1777889624.7063324,6.0,7.0,-78.0
1777889624.7163324,9.0,4.0,-76.0
1777889624.7263324,8.0,7.0,-72.0
1777889624.7363324,5.0,5.0,-78.0
1777889624.7463324,3.0,10.0,-75.0
1777889624.7563324,5.0,5.0,-73.0
1777889624.7663324,5.0,0.0,-76.0
1777889624.7763324,1.0,0.0,-80.0
1777889624.7863324,-1.0,-3.0,-79.0
1777889624.7963324,-1.0,-6.0,-79.0
1777889624.8063323,-5.0,-1.0,-78.0
1777889624.8163323,-4.0,3.0,-84.0
1777889624.8263323,-7.0,1.0,-78.0
1777889624.8363323,-3.0,-1.0,-79.0
1777889624.8463323,-1.0,0.0,-77.0
1777889624.8563323,0.0,1.0,-70.0
1777889624.8663323,1.0,0.0,-64.0
1777889624.8763323,0.0,-5.0,-64.0
1777889624.8863325,-4.0,-1.0,-65.0
1777889624.8963325,-8.0,1.0,-68.0
1777889624.9063325,-7.0,2.0,-69.0
1777889624.9163325,-5.0,3.0,-70.0
1777889624.9263325,-6.0,5.0,-65.0
1777889624.9363325,-4.0,4.0,-68.0
1777889624.9463325,-1.0,2.0,-70.0
1777889624.9563324,0.0,3.0,-68.0
1777889624.9663324,0.0,2.0,-65.0
1777889624.9763324,4.0,0.0,-65.0
1777889624.9863324,1.0,-2.0,-69.0
1777889624.9963324,3.0,-4.0,-69.0
1777889625.0063324,3.0,0.0,-77.0
1777889625.0163324,2.0,-2.0,-81.0
1777889625.0263324,1.0,-1.0,-84.0
1777889625.0363324,2.0,-1.0,-87.0
1777889625.0463324,4.0,-4.0,-84.0
1777889625.0563323,8.0,-4.0,-86.0
1777889625.0663323,6.0,-1.0,-74.0
1777889625.0763323,3.0,-2.0,-68.0
1777889625.0863323,3.0,0.0,-70.0
1777889625.0963323,2.0,-1.0,-68.0
1777889625.1063323,0.0,-1.0,-66.0
1777889625.1163323,0.0,1.0,-67.0
1777889625.1263323,3.0,3.0,-60.0
1777889625.1363325,1.0,0.0,-58.0
1777889625.1463325,0.0,-1.0,-66.0
1777889625.1563325,0.0,2.0,-65.0
1777889625.1663325,-4.0,5.0,-71.0
1777889625.1763325,-3.0,6.0,-75.0
1777889625.1863325,-2.0,5.0,-70.0
1777889625.1963325,3.0,0.0,-70.0
1777889625.2063324,5.0,-2.0,-70.0
1777889625.2163324,6.0,-2.0,-77.0
1777889625.2263324,5.0,-2.0,-76.0
1777889625.2363324,2.0,-4.0,-79.0
1777889625.2463324,-3.0,0.0,-81.0
1777889625.2563324,-7.0,1.0,-85.0
1777889625.2663324,-5.0,1.0,-83.0
1777889625.2763324,-6.0,0.0,-79.0
1777889625.2863324,-9.0,0.0,-73.0
1777889625.2963324,-4.0,-3.0,-75.0
1777889625.3063323,0.0,-1.0,-71.0
1777889625.3163323,3.0,1.0,-70.0
1777889625.3263323,3.0,0.0,-69.0
1777889625.3363323,0.0,0.0,-69.0
1777889625.3463323,1.0,-2.0,-75.0
1777889625.3563323,0.0,-1.0,-75.0
1777889625.3663323,0.0,2.0,-75.0
1777889625.3763323,0.0,1.0,-79.0
1777889625.3863325,0.0,7.0,-81.0
1777889625.3963325,-3.0,10.0,-84.0
1777889625.4063325,-10.0,8.0,-85.0
1777889625.4163325,-3.0,8.0,-83.0
1777889625.4263325,0.0,5.0,-78.0
1777889625.4363325,2.0,9.0,-71.0
1777889625.4463325,0.0,6.0,-71.0
1777889625.4563324,2.0,4.0,-77.0
1777889625.4663324,5.0,2.0,-78.0
1777889625.4773324,8.0,0.0,-81.0
1777889625.4863324,8.0,1.0,-76.0
1777889625.4973323,5.0,-1.0,-76.0
1777889625.5073323,4.0,-4.0,-76.0
1777889625.5173323,2.0,-5.0,-83.0
1777889625.5273323,0.0,-4.0,-83.0
1777889625.5373323,3.0,0.0,-89.0
1777889625.5473323,3.0,0.0,-85.0
1777889625.5573325,1.0,3.0,-80.0
1777889625.5673325,-3.0,3.0,-74.0
1777889625.5773325,-4.0,5.0,-78.0
1777889625.5873325,-7.0,4.0,-76.0
1777889625.5973325,-4.0,1.0,-78.0
1777889625.6073325,-3.0,1.0,-73.0
1777889625.6173325,0.0,2.0,-75.0
1777889625.6273324,2.0,-3.0,-68.0
1777889625.6373324,3.0,-3.0,-68.0
1777889625.6473324,3.0,-1.0,-76.0
1777889625.6573324,3.0,0.0,-73.0
1777889625.6673324,3.0,-4.0,-78.0
1777889625.6773324,1.0,0.0,-79.0
1777889625.6873324,-3.0,6.0,-72.0
1777889625.6973324,-3.0,5.0,-75.0
1777889625.7073324,1.0,3.0,-74.0
1777889625.7173324,3.0,8.0,-79.0
1777889625.7273324,2.0,1.0,-79.0
1777889625.7373323,1.0,-1.0,-78.0
1777889625.7473323,2.0,-2.0,-78.0
1777889625.7573323,0.0,0.0,-82.0
1777889625.7673323,0.0,-5.0,-78.0
1777889625.7773323,0.0,0.0,-73.0
1777889625.7873323,-2.0,-1.0,-74.0
1777889625.7973323,-7.0,-3.0,-74.0
1777889625.8073325,-7.0,-2.0,-77.0
1777889625.8173325,-4.0,0.0,-71.0
1777889625.8273325,-5.0,-2.0,-73.0
1777889625.8373325,-2.0,-2.0,-72.0
1777889625.8473325,0.0,-5.0,-69.0
1777889625.8573325,-2.0,-2.0,-67.0
1777889625.8673325,-2.0,0.0,-68.0
1777889625.8773324,-3.0,-1.0,-68.0
1777889625.8873324,-3.0,0.0,-68.0
1777889625.8973324,-6.0,0.0,-67.0
1777889625.9073324,-6.0,5.0,-67.0
1777889625.9173324,-5.0,8.0,-63.0
1777889625.9273324,-7.0,5.0,-68.0
1777889625.9373324,-3.0,4.0,-72.0
1777889625.9473324,-3.0,5.0,-77.0
1777889625.9573324,-3.0,2.0,-78.0
1777889625.9673324,-4.0,4.0,-87.0
1777889625.9773324,3.0,5.0,-87.0
1777889625.9873323,5.0,2.0,-81.0
1777889625.9973323,2.0,0.0,-75.0
1777889626.0073323,5.0,0.0,-71.0
1777889626.0173323,7.0,-2.0,-73.0
1777889626.0273323,7.0,-4.0,-72.0
1777889626.0373323,7.0,-1.0,-79.0
1777889626.0473323,8.0,-4.0,-81.0
1777889626.0573325,7.0,-3.0,-86.0
1777889626.0673325,3.0,0.0,-89.0
1777889626.0773325,3.0,3.0,-90.0
1777889626.0873325,-2.0,2.0,-82.0
1777889626.0973325,-4.0,2.0,-84.0
1777889626.1073325,-6.0,0.0,-84.0
1777889626.1173325,-4.0,0.0,-78.0
1777889626.1273324,-6.0,4.0,-81.0
1777889626.1373324,-6.0,1.0,-79.0
1777889626.1473324,-6.0,0.0,-79.0
1777889626.1573324,-3.0,0.0,-80.0
1777889626.1673324,-4.0,-3.0,-84.0
1777889626.1773324,1.0,-2.0,-85.0
1777889626.1873324,3.0,0.0,-86.0
1777889626.1973324,-3.0,1.0,-85.0
1777889626.2073324,-3.0,0.0,-83.0
1777889626.2173324,-6.0,0.0,-74.0
1777889626.2273324,-9.0,-1.0,-65.0
1777889626.2373323,-11.0,-4.0,-68.0
1777889626.2473323,-10.0,0.0,-66.0
1777889626.2573323,-6.0,3.0,-60.0
1777889626.2673323,-1.0,0.0,-66.0
1777889626.2773323,3.0,-2.0,-65.0
1777889626.2873323,4.0,-3.0,-61.0
1777889626.2973323,6.0,-4.0,-63.0
1777889626.3073325,3.0,-5.0,-64.0
1777889626.3173325,4.0,-4.0,-66.0
1777889626.3273325,6.0,-5.0,-74.0
1777889626.3373325,4.0,-4.0,-78.0
1777889626.3473325,4.0,-7.0,-75.0
1777889626.3573325,0.0,-9.0,-77.0
1777889626.3673325,-3.0,-7.0,-74.0
1777889626.3773324,1.0,-9.0,-74.0
1777889626.3873324,0.0,-6.0,-71.0
1777889626.3973324,-2.0,-7.0,-70.0
1777889626.4073324,-2.0,-6.0,-74.0
1777889626.4173324,-3.0,-5.0,-75.0
1777889626.4273324,-4.0,-2.0,-75.0
1777889626.4373324,-5.0,-2.0,-80.0
1777889626.4473324,-3.0,0.0,-87.0
1777889626.4573324,-6.0,-6.0,-88.0
1777889626.4673324,-2.0,-6.0,-93.0
1777889626.4773324,1.0,-7.0,-87.0
1777889626.4873323,2.0,-10.0,-85.0
1777889626.4973323,0.0,-10.0,-77.0
1777889626.5073323,0.0,-7.0,-73.0
1777889626.5173323,1.0,-3.0,-78.0
1777889626.5273323,1.0,-1.0,-70.0
1777889626.5373323,1.0,-6.0,-72.0
1777889626.5473323,5.0,-1.0,-71.0
1777889626.5573325,4.0,-2.0,-76.0
1777889626.5673325,4.0,-7.0,-82.0
1777889626.5773325,1.0,-7.0,-85.0
1777889626.5873325,4.0,-14.0,-78.0
1777889626.5973325,-1.0,-11.0,-74.0
1777889626.6073325,-4.0,-5.0,-74.0
1777889626.6173325,-5.0,-5.0,-70.0
1777889626.6273324,-6.0,-6.0,-71.0
1777889626.6373324,-7.0,-7.0,-72.0
1777889626.6473324,-8.0,-1.0,-72.0
1777889626.6573324,-6.0,-2.0,-72.0
1777889626.6673324,-9.0,-2.0,-79.0
1777889626.6773324,-10.0,-5.0,-81.0
1777889626.6873324,-14.0,-5.0,-89.0
1777889626.6973324,-9.0,-5.0,-88.0
1777889626.7073324,-6.0,-2.0,-86.0
1777889626.7173324,-1.0,-1.0,-82.0
1777889626.7273324,-1.0,-3.0,-75.0
1777889626.7373323,-3.0,-5.0,-78.0
1777889626.7473323,-6.0,-6.0,-81.0
1777889626.7573323,-5.0,-1.0,-76.0
1777889626.7673323,-8.0,-1.0,-76.0
1777889626.7773323,-8.0,0.0,-78.0
1777889626.7873323,-3.0,-1.0,-83.0
1777889626.7973323,-3.0,-3.0,-78.0
1777889626.8073325,1.0,-2.0,-82.0
1777889626.8173325,3.0,0.0,-80.0
1777889626.8273325,0.0,0.0,-84.0
1777889626.8373325,3.0,0.0,-85.0
1777889626.8473325,0.0,1.0,-91.0
1777889626.8573325,2.0,0.0,-90.0
1777889626.8673325,1.0,2.0,-83.0
1777889626.8773324,0.0,2.0,-84.0
1777889626.8873324,-6.0,0.0,-82.0
1777889626.8973324,-5.0,-4.0,-76.0
1777889626.9073324,-5.0,-6.0,-77.0
1777889626.9173324,-2.0,-7.0,-80.0
1777889626.9273324,1.0,-10.0,-75.0
1777889626.9373324,4.0,-10.0,-71.0
1777889626.9473324,1.0,-11.0,-73.0
1777889626.9573324,2.0,-9.0,-73.0
1777889626.9673324,-1.0,-4.0,-72.0
1777889626.9773324,0.0,-7.0,-77.0
1777889626.9873323,-6.0,-7.0,-79.0
1777889626.9973323,-3.0,-6.0,-84.0
1777889627.0073323,-6.0,-3.0,-87.0
1777889627.0173323,0.0,-1.0,-86.0
1777889627.0273323,4.0,-1.0,-87.0
1777889627.0373323,7.0,1.0,-89.0
1777889627.0473323,3.0,2.0,-86.0
1777889627.0573325,6.0,7.0,-87.0
1777889627.0673325,1.0,7.0,-81.0
1777889627.0773325,-1.0,4.0,-79.0
1777889627.0873325,2.0,5.0,-84.0
1777889627.0973325,4.0,6.0,-83.0
1777889627.1073325,3.0,4.0,-76.0
1777889627.1173325,0.0,3.0,-75.0
1777889627.1273324,1.0,0.0,-73.0
1777889627.1373324,0.0,0.0,-68.0
1777889627.1473324,2.0,0.0,-71.0
1777889627.1573324,1.0,-1.0,-72.0
1777889627.1673324,0.0,2.0,-76.0
1777889627.1773324,-1.0,2.0,-77.0
1777889627.1873324,-4.0,0.0,-74.0
1777889627.1973324,-8.0,-4.0,-78.0
1777889627.2073324,-5.0,-5.0,-80.0
1777889627.2173324,1.0,-3.0,-79.0
1777889627.2273324,5.0,-4.0,-76.0
1777889627.2373323,8.0,-6.0,-75.0
1777889627.2473323,2.0,-10.0,-78.0
1777889627.2573323,4.0,-4.0,-71.0
1777889627.2673323,2.0,-1.0,-70.0
1777889627.2773323,-1.0,-3.0,-64.0
1777889627.2873323,0.0,0.0,-59.0
1777889627.2973323,-1.0,2.0,-58.0
1777889627.3073325,-2.0,3.0,-65.0
1777889627.3173325,-2.0,7.0,-63.0
1777889627.3273325,-1.0,3.0,-60.0
1777889627.3373325,-4.0,4.0,-63.0
1777889627.3473325,1.0,5.0,-71.0
1777889627.3573325,2.0,3.0,-70.0
1777889627.3673325,0.0,2.0,-72.0
1777889627.3773324,3.0,1.0,-69.0
1777889627.3873324,6.0,1.0,-70.0
1777889627.3973324,2.0,3.0,-70.0
1777889627.4073324,0.0,0.0,-79.0
1777889627.4173324,0.0,0.0,-77.0
1777889627.4273324,0.0,0.0,-77.0
1777889627.4373324,1.0,0.0,-78.0
1777889627.4473324,-3.0,0.0,-80.0
1777889627.4573324,0.0,0.0,-80.0
1777889627.4673324,6.0,-4.0,-74.0
1777889627.4773324,5.0,-1.0,-68.0
1777889627.4873323,0.0,0.0,-71.0
1777889627.4983325,-2.0,1.0,-72.0
1777889627.5083325,0.0,3.0,-72.0
1777889627.5183325,2.0,-1.0,-67.0
1777889627.5283325,4.0,-3.0,-67.0
1777889627.5383325,5.0,0.0,-75.0
1777889627.5483325,3.0,0.0,-75.0
1777889627.5583324,2.0,0.0,-79.0
1777889627.5683324,2.0,1.0,-78.0
1777889627.5783324,2.0,-3.0,-79.0
1777889627.5883324,2.0,-1.0,-82.0
1777889627.5983324,0.0,1.0,-78.0
1777889627.6083324,3.0,3.0,-75.0
1777889627.6183324,3.0,2.0,-73.0
1777889627.6283324,2.0,2.0,-69.0
1777889627.6383324,2.0,1.0,-69.0
1777889627.6483324,3.0,6.0,-71.0
1777889627.6583323,2.0,10.0,-75.0
1777889627.6683323,2.0,7.0,-72.0
1777889627.6783323,4.0,5.0,-69.0
1777889627.6883323,2.0,3.0,-71.0
1777889627.6983323,0.0,3.0,-70.0
1777889627.7083323,2.0,3.0,-65.0
1777889627.7183323,1.0,4.0,-61.0
1777889627.7283323,-4.0,5.0,-68.0
1777889627.7383325,-8.0,0.0,-78.0
1777889627.7483325,-5.0,-2.0,-81.0
1777889627.7583325,-3.0,0.0,-81.0
1777889627.7683325,0.0,1.0,-76.0
1777889627.7783325,6.0,1.0,-71.0
1777889627.7883325,5.0,3.0,-76.0
1777889627.7983325,1.0,0.0,-72.0
1777889627.8083324,2.0,0.0,-69.0
1777889627.8183324,4.0,3.0,-77.0
1777889627.8283324,4.0,-1.0,-80.0
1777889627.8383324,5.0,0.0,-78.0
1777889627.8483324,3.0,-2.0,-81.0
1777889627.8583324,1.0,0.0,-78.0
1777889627.8683324,4.0,0.0,-77.0
1777889627.8783324,0.0,-1.0,-78.0
1777889627.8883324,-8.0,1.0,-75.0
1777889627.8983324,-5.0,0.0,-76.0
1777889627.9083323,-3.0,-3.0,-78.0
1777889627.9183323,-3.0,1.0,-73.0
1777889627.9283323,-2.0,2.0,-75.0
1777889627.9383323,0.0,0.0,-72.0
1777889627.9483323,3.0,1.0,-71.0
1777889627.9583323,0.0,0.0,-75.0
1777889627.9683323,0.0,0.0,-73.0
1777889627.9783323,0.0,0.0,-76.0
1777889627.9883325,-1.0,0.0,-77.0
1777889627.9983325,-2.0,-3.0,-74.0
1777889628.0083325,-1.0,-1.0,-76.0
1777889628.0183325,5.0,-3.0,-78.0
1777889628.0283325,7.0,0.0,-71.0
1777889628.0383325,8.0,1.0,-72.0
1777889628.0483325,7.0,0.0,-77.0
1777889628.0583324,10.0,1.0,-75.0
1777889628.0683324,9.0,-3.0,-74.0
1777889628.0783324,8.0,-8.0,-70.0
1777889628.0883324,11.0,-7.0,-72.0
1777889628.0983324,7.0,-5.0,-81.0
1777889628.1083324,2.0,-8.0,-71.0
1777889628.1183324,2.0,-4.0,-73.0
1777889628.1283324,2.0,-4.0,-74.0
1777889628.1383324,1.0,-8.0,-79.0
1777889628.1483324,0.0,-6.0,-84.0
1777889628.1583323,3.0,-6.0,-83.0
1777889628.1683323,3.0,-3.0,-86.0
1777889628.1783323,0.0,-2.0,-81.0
1777889628.1883323,5.0,0.0,-78.0
1777889628.1983323,0.0,0.0,-74.0
1777889628.2083323,1.0,1.0,-71.0
1777889628.2183323,0.0,1.0,-71.0
1777889628.2283323,0.0,3.0,-70.0
1777889628.2383325,4.0,5.0,-74.0
1777889628.2483325,8.0,7.0,-68.0
1777889628.2583325,7.0,11.0,-72.0
1777889628.2683325,5.0,7.0,-77.0
1777889628.2783325,7.0,6.0,-79.0
1777889628.2883325,4.0,6.0,-71.0
1777889628.2983325,7.0,2.0,-72.0
1777889628.3083324,4.0,2.0,-68.0
1777889628.3183324,4.0,1.0,-74.0
1777889628.3283324,5.0,-2.0,-75.0
1777889628.3383324,10.0,1.0,-72.0
1777889628.3483324,8.0,2.0,-74.0
1777889628.3583324,5.0,0.0,-77.0
1777889628.3683324,2.0,-4.0,-78.0
1777889628.3783324,0.0,-3.0,-80.0
1777889628.3883324,-1.0,-6.0,-82.0
1777889628.3983324,1.0,-6.0,-82.0
1777889628.4083323,3.0,-5.0,-79.0
1777889628.4183323,6.0,-7.0,-72.0
1777889628.4283323,4.0,-5.0,-72.0
1777889628.4383323,4.0,-5.0,-72.0
1777889628.4483323,4.0,-4.0,-67.0
1777889628.4583323,3.0,-6.0,-62.0
1777889628.4683323,4.0,-6.0,-64.0
1777889628.4783323,3.0,-7.0,-65.0
1777889628.4883325,7.0,-3.0,-71.0
1777889628.4983325,8.0,-6.0,-73.0
1777889628.5083325,6.0,-6.0,-75.0
1777889628.5183325,4.0,-5.0,-79.0
1777889628.5283325,2.0,-2.0,-77.0
1777889628.5383325,6.0,-2.0,-75.0
1777889628.5483325,1.0,-2.0,-80.0
1777889628.5583324,2.0,3.0,-75.0
1777889628.5683324,0.0,2.0,-78.0
1777889628.5783324,2.0,2.0,-76.0
1777889628.5883324,-1.0,2.0,-81.0
1777889628.5983324,-2.0,4.0,-78.0
1777889628.6083324,-2.0,3.0,-74.0
1777889628.6183324,2.0,4.0,-72.0
1777889628.6283324,3.0,5.0,-72.0
1777889628.6383324,0.0,5.0,-67.0
1777889628.6483324,2.0,5.0,-75.0
1777889628.6583323,5.0,4.0,-83.0
1777889628.6683323,10.0,6.0,-82.0
1777889628.6783323,11.0,7.0,-80.0
1777889628.6883323,11.0,6.0,-85.0
1777889628.6983323,8.0,4.0,-86.0
1777889628.7083323,6.0,1.0,-82.0
1777889628.7183323,8.0,0.0,-79.0
1777889628.7283323,5.0,1.0,-79.0
1777889628.7383325,0.0,2.0,-77.0
1777889628.7483325,-1.0,0.0,-73.0
1777889628.7583325,0.0,-6.0,-76.0
1777889628.7683325,-2.0,-7.0,-77.0
1777889628.7783325,0.0,-9.0,-77.0
1777889628.7883325,-2.0,-8.0,-82.0
1777889628.7983325,-1.0,-8.0,-81.0
1777889628.8083324,-5.0,-7.0,-84.0
1777889628.8183324,-3.0,-5.0,-85.0
1777889628.8283324,0.0,-4.0,-86.0
1777889628.8383324,6.0,-3.0,-82.0
1777889628.8483324,7.0,-1.0,-78.0
1777889628.8583324,8.0,0.0,-80.0
1777889628.8683324,10.0,0.0,-76.0
1777889628.8783324,9.0,-1.0,-74.0
1777889628.8883324,9.0,0.0,-70.0
1777889628.8983324,9.0,-4.0,-70.0
1777889628.9083323,10.0,-7.0,-78.0
1777889628.9183323,7.0,-7.0,-81.0
1777889628.9283323,6.0,-7.0,-72.0
1777889628.9383323,5.0,-7.0,-65.0
1777889628.9483323,1.0,-2.0,-68.0
1777889628.9583323,-1.0,-2.0,-69.0
1777889628.9683323,0.0,-1.0,-69.0
1777889628.9783323,-1.0,-4.0,-72.0
1777889628.9883325,0.0,-1.0,-75.0
1777889628.9983325,0.0,0.0,-73.0
1777889629.0083325,5.0,2.0,-76.0
1777889629.0183325,3.0,1.0,-78.0
1777889629.0283325,0.0,-2.0,-81.0
1777889629.0383325,0.0,-5.0,-76.0
1777889629.0483325,-2.0,-5.0,-73.0
1777889629.0583324,0.0,-3.0,-71.0
1777889629.0683324,0.0,-3.0,-71.0
1777889629.0783324,2.0,-5.0,-74.0
1777889629.0883324,-1.0,-5.0,-66.0
1777889629.0983324,0.0,-7.0,-69.0
1777889629.1083324,6.0,-8.0,-76.0
1777889629.1183324,7.0,-9.0,-76.0
1777889629.1283324,7.0,-4.0,-83.0
1777889629.1383324,8.0,-3.0,-81.0
1777889629.1483324,5.0,-4.0,-79.0
1777889629.1583323,-3.0,0.0,-81.0
1777889629.1683323,-8.0,-2.0,-81.0
1777889629.1783323,-10.0,-3.0,-69.0
1777889629.1883323,-10.0,-5.0,-63.0
1777889629.1983323,-8.0,2.0,-66.0
1777889629.2083323,-3.0,0.0,-59.0
1777889629.2183323,-1.0,-2.0,-61.0
1777889629.2283323,2.0,-2.0,-60.0
1777889629.2383325,1.0,0.0,-60.0
1777889629.2483325,4.0,-1.0,-68.0
1777889629.2583325,8.0,-1.0,-78.0
1777889629.2683325,8.0,-2.0,-82.0
1777889629.2783325,6.0,-4.0,-84.0
1777889629.2883325,5.0,-5.0,-81.0
1777889629.2983325,4.0,-2.0,-75.0
1777889629.3083324,4.0,1.0,-74.0
1777889629.3183324,7.0,6.0,-77.0
1777889629.3283324,5.0,2.0,-76.0
1777889629.3383324,6.0,2.0,-84.0
1777889629.3483324,0.0,0.0,-84.0
1777889629.3583324,-4.0,-3.0,-76.0
1777889629.3683324,0.0,-2.0,-75.0
1777889629.3783324,-1.0,0.0,-77.0
1777889629.3883324,0.0,1.0,-82.0
1777889629.3983324,-2.0,0.0,-83.0
1777889629.4083323,0.0,-5.0,-81.0
1777889629.4183323,-1.0,-8.0,-82.0
1777889629.4283323,-1.0,-5.0,-76.0
1777889629.4383323,3.0,-5.0,-77.0
1777889629.4483323,7.0,-6.0,-76.0
1777889629.4593325,9.0,-6.0,-75.0
1777889629.4693325,4.0,-3.0,-75.0
1777889629.4793324,0.0,-2.0,-72.0
1777889629.4893324,0.0,-7.0,-75.0
1777889629.4993324,4.0,-9.0,-75.0
1777889629.5093324,6.0,-8.0,-77.0
1777889629.5193324,1.0,-4.0,-71.0
1777889629.5293324,-1.0,0.0,-65.0
1777889629.5393324,-6.0,0.0,-70.0
1777889629.5493324,-5.0,0.0,-75.0
1777889629.5593324,-2.0,-2.0,-80.0
1777889629.5693324,0.0,-2.0,-76.0
1777889629.5793324,0.0,1.0,-73.0
1777889629.5893323,0.0,0.0,-75.0
1777889629.5993323,-2.0,0.0,-73.0
1777889629.6093323,-3.0,-5.0,-79.0
1777889629.6193323,-2.0,-4.0,-79.0
1777889629.6293323,1.0,-4.0,-82.0
1777889629.6393323,2.0,-5.0,-82.0
1777889629.6493323,4.0,-7.0,-81.0
1777889629.6593325,7.0,-1.0,-79.0
1777889629.6693325,4.0,-2.0,-76.0
1777889629.6793325,4.0,-3.0,-76.0
1777889629.6893325,2.0,-4.0,-77.0
1777889629.6993325,4.0,-8.0,-74.0
1777889629.7093325,3.0,-5.0,-77.0
1777889629.7193325,3.0,0.0,-73.0
1777889629.7293324,5.0,0.0,-73.0
1777889629.7393324,-1.0,2.0,-70.0
1777889629.7493324,-5.0,2.0,-63.0
1777889629.7593324,-10.0,1.0,-67.0
1777889629.7693324,-9.0,3.0,-73.0
1777889629.7793324,-8.0,4.0,-69.0
1777889629.7893324,-11.0,4.0,-61.0
1777889629.7993324,-8.0,1.0,-59.0
1777889629.8093324,-3.0,-1.0,-61.0
1777889629.8193324,-2.0,-2.0,-68.0
1777889629.8293324,1.0,-1.0,-65.0
1777889629.8393323,2.0,-2.0,-66.0
1777889629.8493323,0.0,-3.0,-76.0
1777889629.8593323,3.0,-4.0,-74.0
1777889629.8693323,5.0,-2.0,-74.0
1777889629.8793323,4.0,-6.0,-76.0
1777889629.8893323,3.0,-7.0,-72.0
1777889629.8993323,2.0,-7.0,-74.0
1777889629.9093325,4.0,-10.0,-67.0
1777889629.9193325,2.0,-8.0,-64.0
1777889629.9293325,7.0,-7.0,-70.0
1777889629.9393325,9.0,-6.0,-80.0
1777889629.9493325,5.0,-1.0,-86.0
1777889629.9593325,1.0,2.0,-89.0
1777889629.9693325,1.0,1.0,-88.0
1777889629.9793324,0.0,-1.0,-86.0
1777889629.9893324,-3.0,1.0,-85.0
1777889629.9993324,0.0,1.0,-78.0
1777889630.0093324,3.0,1.0,-78.0
1777889630.0193324,6.0,-1.0,-78.0
1777889630.0293324,5.0,1.0,-71.0
1777889630.0393324,3.0,-2.0,-69.0
1777889630.0493324,2.0,-5.0,-71.0
1777889630.0593324,1.0,-7.0,-78.0
1777889630.0693324,4.0,-7.0,-81.0
1777889630.0793324,3.0,-4.0,-81.0
1777889630.0893323,5.0,-3.0,-79.0
1777889630.0993323,1.0,-3.0,-76.0
1777889630.1093323,4.0,1.0,-78.0
1777889630.1193323,5.0,3.0,-80.0
1777889630.1293323,3.0,0.0,-86.0
1777889630.1393323,-1.0,-2.0,-85.0
1777889630.1493323,-2.0,-5.0,-83.0
1777889630.1593325,-5.0,-6.0,-79.0
1777889630.1693325,-1.0,-3.0,-71.0
1777889630.1793325,0.0,-3.0,-76.0
1777889630.1893325,2.0,-2.0,-83.0
1777889630.1993325,0.0,0.0,-82.0
1777889630.2093325,-1.0,-3.0,-85.0
1777889630.2193325,0.0,-1.0,-82.0
1777889630.2293324,0.0,3.0,-83.0
1777889630.2393324,4.0,1.0,-75.0
1777889630.2493324,3.0,0.0,-70.0
1777889630.2593324,5.0,0.0,-71.0
1777889630.2693324,6.0,-3.0,-70.0
1777889630.2793324,6.0,-6.0,-74.0
1777889630.2893324,6.0,-6.0,-73.0
1777889630.2993324,3.0,-6.0,-74.0
1777889630.3093324,4.0,-3.0,-70.0
1777889630.3193324,4.0,0.0,-71.0
1777889630.3293324,2.0,-2.0,-65.0
1777889630.3393323,0.0,-5.0,-72.0
1777889630.3493323,0.0,-5.0,-78.0
1777889630.3593323,-2.0,-3.0,-82.0
1777889630.3693323,-2.0,-4.0,-89.0
1777889630.3793323,0.0,-2.0,-92.0
1777889630.3893323,2.0,1.0,-84.0
1777889630.3993323,0.0,0.0,-83.0
1777889630.4093325,0.0,0.0,-81.0
1777889630.4193325,0.0,-1.0,-79.0
1777889630.4293325,-2.0,-3.0,-81.0
1777889630.4393325,-2.0,-5.0,-84.0
1777889630.4493325,0.0,-5.0,-77.0
1777889630.4593325,0.0,-3.0,-81.0
1777889630.4693325,0.0,-5.0,-83.0
1777889630.4793324,-3.0,-4.0,-86.0
1777889630.4893324,-2.0,-3.0,-83.0
1777889630.4993324,-2.0,-2.0,-78.0
1777889630.5093324,-6.0,-4.0,-82.0
1777889630.5193324,-5.0,-6.0,-79.0
1777889630.5293324,-5.0,-10.0,-73.0
1777889630.5393324,-4.0,-8.0,-74.0
1777889630.5493324,0.0,-6.0,-73.0
1777889630.5593324,4.0,-8.0,-67.0
1777889630.5693324,-1.0,-2.0,-61.0
1777889630.5793324,-1.0,1.0,-62.0
1777889630.5893323,-3.0,1.0,-62.0
1777889630.5993323,-5.0,2.0,-67.0
1777889630.6093323,-7.0,3.0,-72.0
1777889630.6193323,-7.0,3.0,-72.0
1777889630.6293323,-3.0,4.0,-66.0
1777889630.6393323,0.0,4.0,-61.0
1777889630.6493323,1.0,3.0,-62.0
1777889630.6593325,-1.0,3.0,-66.0
1777889630.6693325,2.0,1.0,-62.0
1777889630.6793325,2.0,1.0,-70.0
1777889630.6893325,-1.0,0.0,-72.0
1777889630.6993325,-7.0,-1.0,-71.0
1777889630.7093325,-6.0,-3.0,-75.0
1777889630.7193325,-3.0,-2.0,-74.0
1777889630.7293324,-4.0,-4.0,-76.0
1777889630.7393324,-4.0,0.0,-82.0
1777889630.7493324,-5.0,-3.0,-80.0
1777889630.7593324,-3.0,-4.0,-85.0
1777889630.7693324,-4.0,-4.0,-88.0
1777889630.7793324,-1.0,-1.0,-88.0
1777889630.7893324,-1.0,-2.0,-85.0
1777889630.7993324,-4.0,0.0,-79.0
1777889630.8093324,-4.0,3.0,-82.0
1777889630.8193324,-5.0,4.0,-84.0
1777889630.8293324,4.0,0.0,-85.0
1777889630.8393323,5.0,0.0,-88.0
1777889630.8493323,9.0,0.0,-87.0
1777889630.8593323,9.0,-2.0,-78.0
1777889630.8693323,4.0,-4.0,-78.0
1777889630.8793323,1.0,-5.0,-80.0
1777889630.8893323,-2.0,-4.0,-71.0
1777889630.8993323,-1.0,-2.0,-76.0
1777889630.9093325,0.0,-6.0,-76.0
1777889630.9193325,1.0,-7.0,-74.0
1777889630.9293325,2.0,-4.0,-69.0
1777889630.9393325,1.0,-1.0,-65.0
1777889630.9493325,2.0,-1.0,-57.0
1777889630.9593325,2.0,0.0,-60.0
1777889630.9693325,2.0,1.0,-68.0
1777889630.9793324,-1.0,3.0,-72.0
1777889630.9893324,-5.0,3.0,-77.0
1777889630.9993324,-1.0,0.0,-79.0
1777889631.0093324,1.0,2.0,-76.0
1777889631.0193324,-2.0,0.0,-76.0
1777889631.0293324,-4.0,1.0,-82.0
1777889631.0393324,-3.0,1.0,-76.0
1777889631.0493324,0.0,3.0,-75.0
1777889631.0593324,-6.0,-4.0,-74.0
1777889631.0693324,-6.0,-5.0,-75.0
1777889631.0793324,-3.0,-9.0,-69.0
1777889631.0893323,1.0,-8.0,-69.0
1777889631.0993323,2.0,-10.0,-75.0
1777889631.1093323,3.0,-10.0,-75.0
1777889631.1193323,1.0,-8.0,-78.0
1777889631.1293323,2.0,-6.0,-80.0
1777889631.1393323,2.0,-6.0,-80.0
1777889631.1493323,4.0,-7.0,-83.0
1777889631.1593325,7.0,-7.0,-82.0
1777889631.1693325,5.0,-7.0,-75.0
1777889631.1793325,2.0,0.0,-70.0
1777889631.1893325,4.0,0.0,-73.0
1777889631.1993325,3.0,0.0,-74.0
1777889631.2093325,6.0,0.0,-78.0
1777889631.2193325,4.0,0.0,-73.0
1777889631.2293324,4.0,-4.0,-76.0
1777889631.2393324,4.0,-5.0,-76.0
1777889631.2493324,3.0,-2.0,-81.0
1777889631.2593324,10.0,0.0,-82.0
1777889631.2693324,11.0,-1.0,-80.0
1777889631.2793324,10.0,-3.0,-79.0
1777889631.2893324,6.0,-6.0,-72.0
1777889631.2993324,9.0,-5.0,-72.0
1777889631.3093324,11.0,-5.0,-70.0
1777889631.3193324,9.0,-8.0,-70.0
1777889631.3293324,6.0,-10.0,-70.0
1777889631.3393323,4.0,-6.0,-75.0
1777889631.3493323,4.0,-10.0,-82.0
1777889631.3593323,9.0,-7.0,-77.0
1777889631.3693323,5.0,-3.0,-83.0
1777889631.3793323,2.0,-2.0,-79.0
1777889631.3893323,4.0,4.0,-81.0
1777889631.3993323,3.0,5.0,-83.0
1777889631.4093325,6.0,7.0,-84.0
1777889631.4193325,5.0,4.0,-78.0
1777889631.4293325,12.0,4.0,-76.0
1777889631.4393325,16.0,2.0,-79.0
1777889631.4503324,13.0,1.0,-77.0
1777889631.4603324,11.0,-3.0,-71.0
1777889631.4703324,10.0,-2.0,-70.0
1777889631.4803324,6.0,-1.0,-79.0
1777889631.4903324,5.0,2.0,-81.0
1777889631.5003324,4.0,2.0,-78.0
1777889631.5103323,2.0,5.0,-76.0
1777889631.5203323,3.0,3.0,-75.0
1777889631.5303323,1.0,0.0,-77.0
1777889631.5403323,0.0,-2.0,-76.0
1777889631.5503323,0.0,0.0,-80.0
1777889631.5603323,-1.0,4.0,-79.0
1777889631.5703323,2.0,2.0,-76.0
1777889631.5803325,1.0,1.0,-73.0
1777889631.5903325,1.0,0.0,-78.0
1777889631.6003325,1.0,2.0,-76.0
1777889631.6103325,1.0,5.0,-71.0
1777889631.6203325,1.0,5.0,-70.0
1777889631.6303325,0.0,3.0,-71.0
1777889631.6403325,-2.0,3.0,-70.0
1777889631.6503325,-6.0,0.0,-77.0
1777889631.6603324,-2.0,-2.0,-78.0
1777889631.6703324,0.0,-2.0,-78.0
1777889631.6803324,0.0,-4.0,-77.0
1777889631.6903324,1.0,-4.0,-75.0
1777889631.7003324,5.0,-2.0,-74.0
1777889631.7103324,6.0,-1.0,-82.0
1777889631.7203324,4.0,-7.0,-75.0
1777889631.7303324,2.0,-8.0,-68.0
1777889631.7403324,-2.0,-11.0,-68.0
1777889631.7503324,0.0,-14.0,-74.0
1777889631.7603323,-4.0,-10.0,-72.0
1777889631.7703323,-8.0,-7.0,-70.0
1777889631.7803323,-8.0,-9.0,-72.0
1777889631.7903323,-8.0,-4.0,-71.0
1777889631.8003323,-7.0,-6.0,-60.0
1777889631.8103323,-4.0,-8.0,-66.0
1777889631.8203323,0.0,-8.0,-77.0
1777889631.8303325,2.0,-6.0,-74.0
1777889631.8403325,-1.0,-2.0,-71.0
1777889631.8503325,2.0,-1.0,-77.0
1777889631.8603325,4.0,-1.0,-74.0
1777889631.8703325,0.0,-5.0,-78.0
1777889631.8803325,0.0,-5.0,-75.0
1777889631.8903325,0.0,-3.0,-70.0
1777889631.9003325,1.0,-1.0,-70.0
1777889631.9103324,2.0,-2.0,-69.0
1777889631.9203324,4.0,-3.0,-73.0
1777889631.9303324,4.0,-2.0,-69.0
1777889631.9403324,1.0,3.0,-69.0
1777889631.9503324,2.0,0.0,-70.0
1777889631.9603324,0.0,0.0,-71.0
1777889631.9703324,-1.0,0.0,-69.0
1777889631.9803324,-4.0,1.0,-73.0
1777889631.9903324,-1.0,5.0,-81.0
1777889632.0003324,-3.0,4.0,-83.0
1777889632.0103323,-3.0,3.0,-83.0
1777889632.0203323,0.0,1.0,-81.0
1777889632.0303323,0.0,0.0,-80.0
1777889632.0403323,2.0,-3.0,-79.0
1777889632.0503323,0.0,-1.0,-75.0
1777889632.0603323,-2.0,-1.0,-77.0
1777889632.0703323,-4.0,0.0,-78.0
1777889632.0803325,-5.0,-1.0,-74.0
1777889632.0903325,1.0,-4.0,-72.0
1777889632.1003325,2.0,-4.0,-70.0
1777889632.1103325,3.0,-4.0,-72.0
1777889632.1203325,7.0,-1.0,-73.0
1777889632.1303325,5.0,-2.0,-67.0
1777889632.1403325,0.0,0.0,-73.0
1777889632.1503325,0.0,0.0,-72.0
1777889632.1603324,2.0,0.0,-70.0
1777889632.1703324,1.0,-4.0,-76.0
1777889632.1803324,0.0,-4.0,-77.0
1777889632.1903324,5.0,-5.0,-73.0
1777889632.2003324,6.0,-5.0,-71.0
1777889632.2103324,7.0,-7.0,-65.0
1777889632.2203324,3.0,-8.0,-71.0
1777889632.2303324,3.0,-7.0,-77.0
1777889632.2403324,1.0,-5.0,-71.0
1777889632.2503324,0.0,-1.0,-70.0
1777889632.2603323,-7.0,-1.0,-72.0
1777889632.2703323,-7.0,2.0,-74.0
1777889632.2803323,-5.0,3.0,-78.0
1777889632.2903323,-6.0,0.0,-72.0
1777889632.3003323,-3.0,-2.0,-83.0
1777889632.3103323,0.0,-1.0,-83.0
1777889632.3203323,1.0,5.0,-79.0
1777889632.3303325,4.0,4.0,-76.0
1777889632.3403325,2.0,-2.0,-74.0
1777889632.3503325,0.0,-2.0,-74.0
1777889632.3603325,4.0,-1.0,-87.0
1777889632.3703325,3.0,-5.0,-83.0
1777889632.3803325,4.0,-2.0,-79.0
1777889632.3903325,-1.0,0.0,-79.0
1777889632.4003325,-4.0,-1.0,-83.0
1777889632.4103324,-1.0,-2.0,-84.0
1777889632.4203324,0.0,-2.0,-89.0
1777889632.4303324,0.0,-6.0,-86.0
1777889632.4403324,-3.0,-7.0,-77.0
1777889632.4503324,-2.0,-5.0,-77.0
1777889632.4603324,0.0,-4.0,-78.0
1777889632.4703324,1.0,-3.0,-83.0
1777889632.4803324,3.0,-5.0,-83.0
1777889632.4903324,5.0,-5.0,-82.0
1777889632.5003324,1.0,-6.0,-80.0
1777889632.5103323,2.0,-5.0,-75.0
1777889632.5203323,3.0,-5.0,-80.0
1777889632.5303323,1.0,-3.0,-79.0
1777889632.5403323,1.0,-4.0,-80.0
1777889632.5503323,-1.0,-6.0,-82.0
1777889632.5603323,-3.0,-1.0,-86.0
1777889632.5703323,-4.0,0.0,-90.0
1777889632.5803325,0.0,1.0,-87.0
1777889632.5903325,0.0,2.0,-87.0
1777889632.6003325,1.0,4.0,-82.0
1777889632.6103325,5.0,6.0,-82.0
1777889632.6203325,5.0,8.0,-79.0
1777889632.6303325,7.0,6.0,-82.0
1777889632.6403325,6.0,2.0,-79.0
1777889632.6503325,2.0,1.0,-80.0
1777889632.6603324,2.0,5.0,-77.0
1777889632.6703324,-3.0,3.0,-71.0
1777889632.6803324,-1.0,3.0,-73.0
1777889632.6903324,-1.0,0.0,-76.0
1777889632.7003324,-3.0,1.0,-82.0
1777889632.7103324,-4.0,-1.0,-85.0
1777889632.7203324,-6.0,-2.0,-83.0
1777889632.7303324,-5.0,-1.0,-80.0
1777889632.7403324,-6.0,-3.0,-75.0
1777889632.7503324,-4.0,-2.0,-75.0
1777889632.7603323,-3.0,0.0,-75.0
1777889632.7703323,-1.0,0.0,-75.0
1777889632.7803323,0.0,0.0,-70.0
1777889632.7903323,3.0,-3.0,-72.0
1777889632.8003323,3.0,-1.0,-73.0
1777889632.8103323,5.0,-5.0,-78.0
1777889632.8203323,5.0,-4.0,-78.0
1777889632.8303325,6.0,-3.0,-75.0
1777889632.8403325,4.0,-4.0,-78.0
1777889632.8503325,6.0,-1.0,-78.0
1777889632.8603325,6.0,-2.0,-78.0
1777889632.8703325,3.0,-4.0,-73.0
1777889632.8803325,1.0,0.0,-76.0
1777889632.8903325,-2.0,2.0,-75.0
1777889632.9003325,0.0,0.0,-78.0
1777889632.9103324,2.0,0.0,-85.0
1777889632.9203324,7.0,0.0,-88.0
1777889632.9303324,5.0,0.0,-87.0
1777889632.9403324,2.0,-2.0,-88.0
1777889632.9503324,2.0,-4.0,-95.0
1777889632.9603324,0.0,-8.0,-89.0
1777889632.9703324,-2.0,-3.0,-86.0
1777889632.9803324,-1.0,-1.0,-84.0
1777889632.9903324,0.0,0.0,-85.0
1777889633.0003324,-3.0,0.0,-88.0
1777889633.0103323,0.0,-2.0,-86.0
1777889633.0203323,0.0,-8.0,-84.0
1777889633.0303323,-2.0,-2.0,-85.0
1777889633.0403323,-1.0,-2.0,-89.0
1777889633.0503323,0.0,-1.0,-88.0
1777889633.0603323,-1.0,1.0,-88.0
1777889633.0703323,1.0,0.0,-83.0
1777889633.0803325,-1.0,-1.0,-79.0
1777889633.0903325,-1.0,-2.0,-77.0
1777889633.1003325,0.0,-2.0,-74.0
1777889633.1103325,0.0,0.0,-74.0
1777889633.1203325,-2.0,1.0,-76.0
1777889633.1303325,0.0,-1.0,-73.0
1777889633.1403325,0.0,-1.0,-80.0
1777889633.1503325,0.0,-3.0,-75.0
1777889633.1603324,0.0,0.0,-73.0
1777889633.1703324,1.0,0.0,-84.0
1777889633.1803324,4.0,4.0,-84.0
1777889633.1903324,0.0,3.0,-84.0
1777889633.2003324,1.0,2.0,-82.0
1777889633.2103324,0.0,-1.0,-83.0
1777889633.2203324,3.0,-4.0,-82.0
1777889633.2303324,4.0,-1.0,-79.0
1777889633.2403324,3.0,-3.0,-79.0
1777889633.2503324,6.0,-3.0,-81.0
1777889633.2603323,8.0,-4.0,-86.0
1777889633.2703323,5.0,-5.0,-79.0
1777889633.2803323,1.0,2.0,-85.0
1777889633.2903323,5.0,1.0,-88.0
1777889633.3003323,6.0,0.0,-87.0
1777889633.3103323,6.0,1.0,-85.0
1777889633.3203323,2.0,-3.0,-79.0
1777889633.3303325,1.0,-2.0,-74.0
1777889633.3403325,6.0,-2.0,-72.0
1777889633.3503325,7.0,-3.0,-70.0
1777889633.3603325,10.0,-4.0,-73.0
1777889633.3703325,12.0,0.0,-71.0
1777889633.3803325,7.0,0.0,-70.0
1777889633.3903325,4.0,0.0,-80.0
1777889633.4013324,4.0,0.0,-76.0
1777889633.4103324,4.0,2.0,-79.0
1777889633.4213324,3.0,1.0,-82.0
1777889633.4313323,3.0,-1.0,-86.0
1777889633.4413323,8.0,-2.0,-85.0
1777889633.4513323,6.0,-2.0,-78.0
1777889633.4613323,7.0,0.0,-75.0
1777889633.4713323,10.0,-4.0,-73.0
1777889633.4813323,9.0,-1.0,-75.0
1777889633.4913323,8.0,-2.0,-77.0
1777889633.5013323,6.0,-5.0,-80.0
1777889633.5113325,8.0,-5.0,-79.0
1777889633.5213325,9.0,-5.0,-80.0
1777889633.5313325,9.0,-2.0,-85.0
1777889633.5413325,7.0,-4.0,-77.0
1777889633.5513325,2.0,2.0,-77.0
1777889633.5613325,1.0,-1.0,-72.0
1777889633.5713325,1.0,0.0,-74.0
1777889633.5813324,2.0,0.0,-77.0
1777889633.5913324,1.0,1.0,-78.0
1777889633.6013324,2.0,5.0,-80.0
1777889633.6113324,5.0,1.0,-78.0
1777889633.6213324,4.0,1.0,-72.0
1777889633.6313324,0.0,-5.0,-70.0
1777889633.6413324,-1.0,-9.0,-75.0
1777889633.6513324,1.0,-8.0,-79.0
1777889633.6613324,5.0,-7.0,-78.0
1777889633.6713324,2.0,-4.0,-77.0
1777889633.6813323,-2.0,-1.0,-74.0
1777889633.6913323,-2.0,0.0,-76.0
1777889633.7013323,-5.0,-2.0,-81.0
1777889633.7113323,-4.0,0.0,-80.0
1777889633.7213323,-3.0,0.0,-79.0
1777889633.7313323,1.0,-1.0,-85.0
1777889633.7413323,3.0,-3.0,-86.0
1777889633.7513323,5.0,-2.0,-82.0
1777889633.7613325,9.0,0.0,-88.0
1777889633.7713325,4.0,2.0,-90.0
1777889633.7813325,4.0,-2.0,-85.0
1777889633.7913325,3.0,-3.0,-85.0
1777889633.8013325,1.0,-3.0,-83.0
1777889633.8113325,-1.0,-1.0,-87.0
1777889633.8213325,-2.0,-7.0,-81.0
1777889633.8313324,0.0,-4.0,-79.0
1777889633.8413324,0.0,-8.0,-80.0
1777889633.8513324,-1.0,-7.0,-82.0
1777889633.8613324,-3.0,-4.0,-87.0
1777889633.8713324,-1.0,-2.0,-84.0
1777889633.8813324,-1.0,-2.0,-83.0
1777889633.8913324,-2.0,-1.0,-87.0
1777889633.9013324,-1.0,0.0,-81.0
1777889633.9113324,0.0,1.0,-88.0
1777889633.9213324,3.0,7.0,-87.0
1777889633.9313323,0.0,6.0,-84.0
1777889633.9413323,0.0,7.0,-80.0
1777889633.9513323,2.0,8.0,-75.0
1777889633.9613323,-1.0,9.0,-77.0
1777889633.9713323,-4.0,5.0,-76.0
1777889633.9813323,-6.0,5.0,-80.0
1777889633.9913323,-1.0,3.0,-85.0
1777889634.0013323,-4.0,3.0,-76.0
1777889634.0113325,2.0,3.0,-76.0
1777889634.0213325,2.0,3.0,-74.0
1777889634.0313325,3.0,0.0,-75.0
1777889634.0413325,7.0,0.0,-70.0
1777889634.0513325,3.0,-1.0,-76.0
1777889634.0613325,0.0,0.0,-80.0
1777889634.0713325,0.0,1.0,-74.0
1777889634.0813324,3.0,2.0,-75.0
1777889634.0913324,2.0,0.0,-81.0
1777889634.1013324,4.0,-1.0,-77.0
1777889634.1113324,5.0,-5.0,-80.0
1777889634.1213324,0.0,-11.0,-76.0
1777889634.1313324,3.0,-9.0,-78.0
1777889634.1413324,1.0,-6.0,-82.0
1777889634.1513324,-1.0,-3.0,-77.0
1777889634.1613324,-2.0,-2.0,-78.0
1777889634.1713324,-1.0,-1.0,-81.0
1777889634.1813323,0.0,-3.0,-74.0
1777889634.1913323,0.0,0.0,-72.0
1777889634.2013323,2.0,-2.0,-73.0
1777889634.2113323,5.0,-3.0,-76.0
1777889634.2213323,6.0,0.0,-80.0
1777889634.2313323,5.0,-3.0,-80.0
1777889634.2413323,5.0,0.0,-75.0
1777889634.2513323,7.0,0.0,-82.0
1777889634.2613325,3.0,0.0,-80.0
1777889634.2713325,0.0,1.0,-74.0
1777889634.2813325,1.0,2.0,-76.0
1777889634.2913325,0.0,0.0,-76.0
1777889634.3013325,-1.0,4.0,-75.0
1777889634.3113325,-1.0,4.0,-73.0
1777889634.3213325,0.0,5.0,-78.0
1777889634.3313324,-3.0,5.0,-73.0
1777889634.3413324,-2.0,8.0,-72.0
1777889634.3513324,-3.0,5.0,-75.0
1777889634.3613324,-4.0,0.0,-75.0
1777889634.3713324,2.0,-2.0,-73.0
1777889634.3813324,4.0,-4.0,-72.0
1777889634.3913324,5.0,-6.0,-73.0
1777889634.4013324,8.0,-5.0,-74.0
1777889634.4113324,7.0,-4.0,-74.0
1777889634.4213324,1.0,-2.0,-77.0
1777889634.4313323,1.0,-7.0,-74.0
1777889634.4413323,5.0,-5.0,-68.0
1777889634.4513323,5.0,-8.0,-67.0
1777889634.4613323,8.0,-5.0,-73.0
1777889634.4713323,6.0,-6.0,-73.0
1777889634.4813323,1.0,-3.0,-73.0
1777889634.4913323,0.0,-1.0,-75.0
1777889634.5013323,0.0,-4.0,-76.0
1777889634.5113325,-1.0,-4.0,-70.0
1777889634.5213325,-4.0,0.0,-68.0
1777889634.5313325,-4.0,1.0,-70.0
1777889634.5413325,-3.0,3.0,-73.0
1777889634.5513325,0.0,-4.0,-73.0
1777889634.5613325,-3.0,-5.0,-70.0
1777889634.5713325,-6.0,-2.0,-70.0
1777889634.5813324,-3.0,-2.0,-73.0
1777889634.5913324,-1.0,-2.0,-64.0
1777889634.6013324,1.0,-4.0,-69.0
1777889634.6113324,2.0,1.0,-75.0
1777889634.6213324,0.0,3.0,-74.0
1777889634.6313324,0.0,3.0,-73.0
1777889634.6413324,-1.0,2.0,-73.0
1777889634.6513324,0.0,1.0,-77.0
1777889634.6613324,-2.0,1.0,-74.0
1777889634.6713324,1.0,-1.0,-75.0
1777889634.6813323,2.0,-2.0,-76.0
1777889634.6913323,4.0,-1.0,-78.0
1777889634.7013323,6.0,-1.0,-77.0
1777889634.7113323,7.0,-1.0,-72.0
1777889634.7213323,9.0,2.0,-67.0
1777889634.7313323,8.0,0.0,-69.0
1777889634.7413323,5.0,5.0,-71.0
1777889634.7513323,9.0,6.0,-75.0
1777889634.7613325,11.0,4.0,-73.0
1777889634.7713325,8.0,2.0,-69.0
1777889634.7813325,8.0,0.0,-71.0
1777889634.7913325,8.0,2.0,-66.0
1777889634.8013325,8.0,0.0,-64.0
1777889634.8113325,6.0,-1.0,-66.0
1777889634.8213325,4.0,0.0,-76.0
1777889634.8313324,11.0,1.0,-85.0
1777889634.8413324,12.0,0.0,-92.0
1777889634.8513324,7.0,5.0,-93.0
1777889634.8613324,3.0,3.0,-91.0
1777889634.8713324,3.0,2.0,-88.0
1777889634.8813324,4.0,0.0,-87.0
1777889634.8913324,5.0,-2.0,-87.0
1777889634.9013324,0.0,1.0,-88.0
1777889634.9113324,0.0,3.0,-87.0
1777889634.9213324,-2.0,2.0,-77.0
1777889634.9313323,1.0,2.0,-79.0
1777889634.9413323,3.0,4.0,-74.0
1777889634.9513323,7.0,9.0,-75.0
1777889634.9613323,6.0,7.0,-70.0
1777889634.9713323,5.0,6.0,-69.0
1777889634.9813323,5.0,6.0,-66.0
1777889634.9913323,5.0,1.0,-73.0
1777889635.0013323,3.0,1.0,-75.0
1777889635.0113325,7.0,6.0,-79.0
1777889635.0213325,5.0,10.0,-79.0
1777889635.0313325,6.0,3.0,-80.0
1777889635.0413325,4.0,-1.0,-79.0
1777889635.0513325,4.0,-4.0,-80.0
1777889635.0613325,5.0,1.0,-77.0
1777889635.0713325,5.0,2.0,-79.0
1777889635.0813324,2.0,-1.0,-83.0
1777889635.0913324,1.0,0.0,-83.0
1777889635.1013324,3.0,-1.0,-83.0
1777889635.1113324,2.0,0.0,-81.0
1777889635.1213324,1.0,2.0,-77.0
1777889635.1313324,1.0,1.0,-76.0
1777889635.1413324,3.0,2.0,-76.0
1777889635.1513324,0.0,2.0,-83.0
1777889635.1613324,3.0,-1.0,-83.0
1777889635.1713324,-1.0,-5.0,-82.0
1777889635.1813323,2.0,-8.0,-80.0
1777889635.1913323,5.0,-8.0,-74.0
1777889635.2013323,6.0,-3.0,-72.0
1777889635.2113323,3.0,-2.0,-79.0
1777889635.2213323,2.0,-4.0,-79.0
1777889635.2313323,3.0,-4.0,-72.0
1777889635.2413323,3.0,-6.0,-71.0
1777889635.2513323,4.0,-8.0,-72.0
1777889635.2613325,4.0,-8.0,-73.0
1777889635.2713325,1.0,-7.0,-75.0
1777889635.2813325,2.0,-8.0,-76.0
1777889635.2913325,1.0,-6.0,-68.0
1777889635.3013325,1.0,-5.0,-70.0
1777889635.3113325,0.0,-4.0,-74.0
1777889635.3213325,-6.0,-2.0,-82.0
1777889635.3313324,-5.0,0.0,-80.0
1777889635.3413324,-3.0,1.0,-75.0
1777889635.3513324,-5.0,0.0,-83.0
1777889635.3613324,-3.0,4.0,-78.0
1777889635.3713324,0.0,0.0,-79.0
1777889635.3813324,1.0,-1.0,-77.0
1777889635.3913324,4.0,0.0,-76.0
1777889635.4023323,3.0,-2.0,-81.0
1777889635.4113324,0.0,-5.0,-79.0
1777889635.4223323,4.0,-5.0,-81.0
1777889635.4323325,2.0,-8.0,-76.0
1777889635.4423325,1.0,-9.0,-78.0
1777889635.4523325,5.0,-10.0,-78.0
1777889635.4623325,3.0,-10.0,-73.0
1777889635.4723325,2.0,-5.0,-79.0
1777889635.4823325,0.0,-6.0,-75.0
1777889635.4923325,1.0,-3.0,-75.0
1777889635.5023324,2.0,1.0,-72.0
1777889635.5123324,3.0,-1.0,-77.0
1777889635.5223324,2.0,-4.0,-81.0
1777889635.5323324,2.0,-1.0,-69.0
1777889635.5433323,2.0,0.0,-75.0
1777889635.5523324,3.0,-1.0,-81.0
1777889635.5623324,4.0,0.0,-89.0
1777889635.5723324,2.0,2.0,-91.0
1777889635.5823324,2.0,4.0,-94.0
1777889635.5923324,0.0,5.0,-83.0
1777889635.6023324,0.0,6.0,-86.0
1777889635.6123323,-1.0,4.0,-83.0
1777889635.6223323,-1.0,6.0,-80.0
1777889635.6323323,0.0,1.0,-79.0
1777889635.6423323,-5.0,0.0,-76.0
1777889635.6523323,-4.0,0.0,-74.0
1777889635.6623323,0.0,0.0,-79.0
1777889635.6723323,3.0,2.0,-73.0
1777889635.6823325,1.0,-1.0,-72.0
1777889635.6923325,5.0,0.0,-66.0
1777889635.7023325,6.0,-3.0,-62.0
1777889635.7123325,4.0,-1.0,-62.0
1777889635.7223325,4.0,0.0,-66.0
1777889635.7323325,9.0,-3.0,-70.0
1777889635.7423325,5.0,-3.0,-70.0
1777889635.7523324,1.0,-3.0,-72.0
1777889635.7623324,1.0,0.0,-71.0
1777889635.7723324,1.0,-1.0,-72.0
1777889635.7823324,2.0,-3.0,-72.0
1777889635.7923324,2.0,-2.0,-79.0
1777889635.8023324,5.0,-3.0,-74.0
1777889635.8123324,3.0,-5.0,-83.0
1777889635.8223324,6.0,-7.0,-84.0
1777889635.8323324,6.0,-2.0,-79.0
1777889635.8423324,5.0,-2.0,-73.0
1777889635.8523324,1.0,-6.0,-73.0
1777889635.8623323,5.0,-4.0,-70.0
1777889635.8723323,1.0,-9.0,-64.0
1777889635.8823323,-4.0,-11.0,-62.0
1777889635.8923323,-2.0,-7.0,-71.0
1777889635.9023323,2.0,-7.0,-79.0
1777889635.9123323,2.0,-6.0,-80.0
1777889635.9223323,1.0,-5.0,-78.0
1777889635.9323325,0.0,-5.0,-71.0
1777889635.9423325,4.0,-4.0,-70.0
1777889635.9523325,8.0,-1.0,-72.0
1777889635.9623325,9.0,-3.0,-66.0
1777889635.9723325,11.0,-1.0,-69.0
1777889635.9823325,7.0,-1.0,-70.0
1777889635.9923325,3.0,0.0,-69.0
1777889636.0023324,5.0,-1.0,-71.0
1777889636.0123324,4.0,1.0,-70.0
1777889636.0223324,1.0,0.0,-74.0
1777889636.0323324,0.0,-4.0,-70.0
1777889636.0423324,1.0,-6.0,-66.0
1777889636.0523324,-1.0,-4.0,-70.0
1777889636.0623324,0.0,-1.0,-73.0
1777889636.0723324,-2.0,2.0,-72.0
1777889636.0823324,-2.0,3.0,-63.0
1777889636.0923324,-6.0,3.0,-66.0
1777889636.1023324,-3.0,3.0,-62.0
1777889636.1123323,0.0,0.0,-67.0
1777889636.1223323,4.0,0.0,-64.0
1777889636.1323323,1.0,-1.0,-67.0
1777889636.1423323,2.0,0.0,-66.0
1777889636.1523323,0.0,-4.0,-61.0
1777889636.1623323,0.0,-2.0,-62.0
1777889636.1723323,0.0,-4.0,-67.0
1777889636.1823325,-1.0,-7.0,-73.0
1777889636.1923325,0.0,-5.0,-72.0
1777889636.2023325,3.0,-3.0,-71.0
1777889636.2123325,5.0,-4.0,-69.0
1777889636.2223325,2.0,-7.0,-66.0
1777889636.2323325,2.0,-7.0,-69.0
1777889636.2423325,-1.0,-11.0,-64.0
1777889636.2523324,0.0,-12.0,-65.0
1777889636.2623324,-2.0,-11.0,-65.0
1777889636.2723324,-5.0,-10.0,-63.0
1777889636.2823324,-2.0,-10.0,-71.0
1777889636.2923324,-3.0,-4.0,-73.0
1777889636.3023324,-5.0,1.0,-75.0
1777889636.3123324,-5.0,4.0,-73.0
1777889636.3223324,-8.0,4.0,-77.0
1777889636.3323324,-9.0,-1.0,-77.0
1777889636.3423324,-9.0,-3.0,-80.0
1777889636.3523324,-8.0,-1.0,-79.0
1777889636.3623323,-5.0,0.0,-79.0
1777889636.3723323,-2.0,-3.0,-74.0
1777889636.3823323,1.0,-3.0,-76.0
1777889636.3923323,4.0,-4.0,-75.0
1777889636.4023323,5.0,0.0,-71.0
1777889636.4123323,7.0,0.0,-69.0
1777889636.4223323,9.0,0.0,-71.0
1777889636.4323325,11.0,-2.0,-73.0
1777889636.4423325,13.0,0.0,-71.0
1777889636.4523325,7.0,3.0,-72.0
1777889636.4623325,3.0,0.0,-76.0
1777889636.4723325,2.0,-1.0,-75.0
1777889636.4823325,3.0,0.0,-69.0
1777889636.4923325,3.0,3.0,-68.0
1777889636.5023324,4.0,1.0,-65.0
1777889636.5123324,3.0,1.0,-67.0
1777889636.5223324,-2.0,2.0,-68.0
1777889636.5323324,-6.0,1.0,-73.0
1777889636.5423324,-6.0,0.0,-78.0
1777889636.5523324,-11.0,-5.0,-74.0
1777889636.5623324,-7.0,-1.0,-72.0
1777889636.5723324,-7.0,-2.0,-69.0
1777889636.5823324,-11.0,0.0,-73.0
1777889636.5923324,-10.0,-2.0,-67.0
1777889636.6023324,-10.0,-1.0,-68.0
1777889636.6123323,-6.0,-1.0,-68.0
1777889636.6223323,-1.0,-3.0,-67.0
1777889636.6323323,-2.0,-1.0,-68.0
1777889636.6423323,-3.0,-2.0,-74.0
1777889636.6523323,0.0,-1.0,-75.0
1777889636.6623323,5.0,-3.0,-71.0
1777889636.6723323,1.0,-2.0,-74.0
1777889636.6823325,3.0,-3.0,-79.0
1777889636.6923325,1.0,-2.0,-85.0
1777889636.7023325,-3.0,0.0,-87.0
1777889636.7123325,-3.0,0.0,-82.0
1777889636.7223325,-4.0,-1.0,-74.0
1777889636.7323325,-5.0,-5.0,-74.0
1777889636.7423325,-5.0,-3.0,-78.0
1777889636.7523324,-4.0,-2.0,-78.0
1777889636.7623324,-1.0,-5.0,-80.0
1777889636.7723324,-2.0,-5.0,-85.0
1777889636.7823324,-6.0,-5.0,-87.0
1777889636.7923324,-5.0,0.0,-96.0
1777889636.8023324,-4.0,0.0,-92.0
1777889636.8123324,-4.0,0.0,-84.0
1777889636.8223324,0.0,0.0,-87.0
1777889636.8323324,1.0,0.0,-87.0
1777889636.8423324,4.0,0.0,-81.0
1777889636.8523324,4.0,0.0,-80.0
1777889636.8623323,1.0,1.0,-80.0
1777889636.8723323,4.0,4.0,-77.0
1777889636.8823323,4.0,1.0,-80.0
1777889636.8923323,1.0,2.0,-77.0
1777889636.9023323,4.0,-2.0,-72.0
1777889636.9123323,3.0,-2.0,-69.0
1777889636.9223323,3.0,-3.0,-65.0
1777889636.9323325,3.0,-5.0,-61.0
1777889636.9423325,3.0,-2.0,-63.0
1777889636.9523325,6.0,-3.0,-72.0
1777889636.9623325,6.0,-3.0,-73.0
1777889636.9723325,11.0,-2.0,-82.0
1777889636.9823325,8.0,-1.0,-82.0
1777889636.9923325,8.0,0.0,-84.0
1777889637.0023324,9.0,-2.0,-79.0
1777889637.0123324,7.0,-3.0,-73.0
1777889637.0223324,3.0,-3.0,-76.0
1777889637.0323324,4.0,-1.0,-77.0
1777889637.0423324,3.0,-3.0,-76.0
1777889637.0523324,6.0,-3.0,-74.0
1777889637.0623324,8.0,-2.0,-75.0
1777889637.0723324,4.0,0.0,-76.0
1777889637.0823324,3.0,1.0,-72.0
1777889637.0923324,5.0,-2.0,-66.0
1777889637.1023324,2.0,-4.0,-64.0
1777889637.1123323,0.0,-3.0,-68.0
1777889637.1223323,1.0,0.0,-66.0
1777889637.1323323,0.0,0.0,-67.0
1777889637.1423323,2.0,0.0,-71.0
1777889637.1523323,2.0,0.0,-70.0
1777889637.1623323,2.0,0.0,-75.0
1777889637.1723323,0.0,1.0,-81.0
1777889637.1823325,1.0,0.0,-81.0
1777889637.1923325,0.0,-1.0,-82.0
1777889637.2023325,0.0,-2.0,-81.0
1777889637.2123325,-3.0,0.0,-78.0
1777889637.2223325,3.0,-3.0,-76.0
1777889637.2323325,6.0,-6.0,-74.0
1777889637.2423325,3.0,-6.0,-75.0
1777889637.2523324,3.0,-2.0,-72.0
1777889637.2623324,6.0,1.0,-72.0
1777889637.2723324,10.0,4.0,-67.0
1777889637.2823324,5.0,3.0,-76.0
1777889637.2923324,6.0,4.0,-75.0
1777889637.3023324,2.0,4.0,-76.0
1777889637.3123324,2.0,-2.0,-71.0
1777889637.3223324,1.0,0.0,-71.0
1777889637.3323324,-1.0,0.0,-75.0
1777889637.3423324,-1.0,-4.0,-73.0
1777889637.3523324,-2.0,-3.0,-80.0
1777889637.3633325,-4.0,-4.0,-79.0
1777889637.3733325,-5.0,-1.0,-77.0
1777889637.3833325,-6.0,-2.0,-80.0
1777889637.3923323,-8.0,-1.0,-84.0
1777889637.4023323,-7.0,-4.0,-86.0
1777889637.4133325,-2.0,1.0,-87.0
1777889637.4233325,-2.0,-2.0,-79.0
1777889637.4333324,3.0,-1.0,-81.0
1777889637.4433324,7.0,-1.0,-79.0
1777889637.4533324,4.0,0.0,-78.0
1777889637.4633324,6.0,4.0,-77.0
1777889637.4733324,4.0,2.0,-81.0
1777889637.4833324,4.0,2.0,-79.0
1777889637.4933324,2.0,0.0,-76.0
1777889637.5033324,5.0,0.0,-65.0
1777889637.5133324,7.0,-3.0,-68.0
1777889637.5233324,6.0,-5.0,-65.0
1777889637.5333323,2.0,-3.0,-70.0
1777889637.5433323,2.0,0.0,-66.0
1777889637.5533323,3.0,3.0,-69.0
1777889637.5633323,0.0,3.0,-74.0
1777889637.5733323,-1.0,0.0,-77.0
1777889637.5833323,-2.0,2.0,-78.0
1777889637.5933323,-5.0,-1.0,-73.0
1777889637.6033323,-5.0,-5.0,-74.0
1777889637.6133325,-4.0,-2.0,-82.0
1777889637.6233325,-6.0,-3.0,-81.0
1777889637.6333325,-6.0,-4.0,-80.0
1777889637.6433325,-5.0,-8.0,-78.0
1777889637.6533325,-1.0,-8.0,-78.0
1777889637.6633325,0.0,-8.0,-79.0
1777889637.6733325,0.0,-3.0,-79.0
1777889637.6833324,0.0,-4.0,-86.0
1777889637.6933324,-1.0,-1.0,-85.0
1777889637.7033324,-1.0,-6.0,-86.0
1777889637.7133324,3.0,-7.0,-81.0
1777889637.7233324,2.0,-3.0,-69.0
1777889637.7333324,-1.0,-4.0,-66.0
1777889637.7433324,5.0,-5.0,-68.0
1777889637.7533324,-1.0,-2.0,-67.0
1777889637.7633324,-1.0,-3.0,-76.0
1777889637.7733324,-1.0,-2.0,-78.0
1777889637.7833323,-2.0,-1.0,-67.0
1777889637.7933323,1.0,0.0,-66.0
1777889637.8033323,1.0,1.0,-65.0
1777889637.8133323,1.0,2.0,-76.0
1777889637.8233323,2.0,1.0,-78.0
1777889637.8333323,0.0,0.0,-74.0
1777889637.8433323,-2.0,0.0,-77.0
1777889637.8533323,-6.0,-3.0,-81.0
1777889637.8633325,-9.0,-1.0,-74.0
1777889637.8733325,-10.0,1.0,-75.0
1777889637.8833325,-3.0,3.0,-80.0
1777889637.8933325,-1.0,0.0,-81.0
1777889637.9033325,-3.0,-3.0,-83.0
1777889637.9133325,-3.0,-6.0,-83.0
1777889637.9233325,-4.0,-10.0,-78.0
1777889637.9333324,0.0,-5.0,-80.0
1777889637.9433324,-4.0,-3.0,-85.0
1777889637.9533324,-7.0,-2.0,-83.0
1777889637.9633324,-9.0,0.0,-83.0
1777889637.9733324,-4.0,0.0,-84.0
1777889637.9833324,-1.0,2.0,-81.0
1777889637.9933324,-3.0,0.0,-84.0
1777889638.0033324,-4.0,-1.0,-87.0
1777889638.0133324,-2.0,0.0,-91.0
1777889638.0233324,-1.0,3.0,-86.0
1777889638.0333323,4.0,-1.0,-83.0
1777889638.0433323,0.0,-3.0,-79.0
1777889638.0533323,2.0,-3.0,-78.0
1777889638.0633323,-3.0,0.0,-84.0
1777889638.0733323,-3.0,5.0,-83.0
1777889638.0833323,-3.0,3.0,-86.0
1777889638.0933323,-1.0,0.0,-91.0
1777889638.1033323,-4.0,0.0,-87.0
1777889638.1133325,-3.0,-1.0,-90.0
1777889638.1233325,-1.0,-5.0,-91.0
1777889638.1333325,-2.0,-7.0,-90.0
1777889638.1433325,-2.0,-4.0,-89.0
1777889638.1533325,-5.0,0.0,-89.0
1777889638.1633325,0.0,-1.0,-79.0
1777889638.1733325,-3.0,0.0,-76.0
1777889638.1833324,0.0,0.0,-74.0
1777889638.1933324,6.0,-5.0,-73.0
1777889638.2033324,12.0,-9.0,-77.0
1777889638.2133324,11.0,-10.0,-81.0
1777889638.2233324,6.0,-9.0,-83.0
1777889638.2333324,1.0,-8.0,-77.0
1777889638.2433324,0.0,-6.0,-78.0
1777889638.2533324,1.0,-3.0,-77.0
1777889638.2633324,0.0,-1.0,-76.0
1777889638.2733324,-1.0,-1.0,-73.0
1777889638.2833323,-5.0,-1.0,-71.0
1777889638.2933323,-2.0,0.0,-73.0
1777889638.3033323,-1.0,0.0,-80.0
1777889638.3133323,-1.0,0.0,-75.0
1777889638.3233323,-2.0,0.0,-77.0
1777889638.3333323,0.0,-1.0,-78.0
1777889638.3433323,4.0,0.0,-79.0
1777889638.3533323,6.0,3.0,-74.0
1777889638.3633325,2.0,-1.0,-75.0
1777889638.3733325,2.0,0.0,-73.0
1777889638.3833325,3.0,2.0,-78.0
1777889638.3933325,3.0,1.0,-85.0
1777889638.4033325,6.0,-1.0,-91.0
1777889638.4133325,6.0,-2.0,-89.0
1777889638.4233325,8.0,-1.0,-90.0
1777889638.4333324,5.0,-1.0,-93.0
1777889638.4433324,3.0,0.0,-91.0
1777889638.4533324,7.0,-1.0,-85.0
1777889638.4633324,1.0,0.0,-82.0
1777889638.4733324,-4.0,-3.0,-80.0
1777889638.4833324,-1.0,-3.0,-81.0
1777889638.4933324,-1.0,-4.0,-81.0
1777889638.5033324,-8.0,-2.0,-74.0
1777889638.5133324,-6.0,-1.0,-74.0
1777889638.5233324,-4.0,-5.0,-69.0
1777889638.5333323,-4.0,-7.0,-66.0
1777889638.5433323,-1.0,-7.0,-69.0
1777889638.5533323,0.0,-7.0,-78.0
1777889638.5633323,0.0,-5.0,-75.0
1777889638.5733323,-1.0,-4.0,-68.0
1777889638.5833323,0.0,-3.0,-69.0
1777889638.5933323,0.0,-3.0,-74.0
1777889638.6033323,0.0,-7.0,-69.0
1777889638.6133325,-2.0,-8.0,-62.0
1777889638.6233325,-8.0,-9.0,-64.0
1777889638.6333325,-10.0,-7.0,-61.0
1777889638.6433325,-9.0,-7.0,-61.0
1777889638.6533325,-4.0,-5.0,-68.0
1777889638.6633325,-2.0,-4.0,-73.0
1777889638.6733325,-6.0,-2.0,-71.0
1777889638.6833324,-3.0,-2.0,-71.0
1777889638.6933324,-5.0,0.0,-65.0
1777889638.7033324,-7.0,0.0,-69.0
1777889638.7133324,-10.0,1.0,-71.0
1777889638.7233324,-6.0,0.0,-73.0
1777889638.7333324,-7.0,0.0,-76.0
1777889638.7433324,-5.0,0.0,-79.0
1777889638.7533324,-6.0,0.0,-76.0
1777889638.7633324,-4.0,2.0,-76.0
1777889638.7733324,-1.0,0.0,-73.0
1777889638.7833323,-2.0,1.0,-69.0
1777889638.7933323,-3.0,-1.0,-66.0
1777889638.8033323,-4.0,-5.0,-68.0
1777889638.8133323,-3.0,-7.0,-69.0
1777889638.8233323,-3.0,-7.0,-68.0
1777889638.8333323,-2.0,-2.0,-67.0
1777889638.8433323,2.0,-2.0,-68.0
1777889638.8533323,0.0,-1.0,-68.0
1777889638.8633325,1.0,-2.0,-66.0
1777889638.8733325,5.0,-2.0,-63.0
1777889638.8833325,3.0,-4.0,-64.0
1777889638.8933325,0.0,-9.0,-66.0
1777889638.9033325,2.0,-11.0,-67.0
1777889638.9133325,4.0,-9.0,-71.0
1777889638.9233325,5.0,-5.0,-67.0
1777889638.9333324,5.0,-5.0,-71.0
1777889638.9433324,8.0,0.0,-71.0
1777889638.9533324,4.0,2.0,-64.0
1777889638.9633324,-1.0,0.0,-59.0
1777889638.9733324,-1.0,-1.0,-69.0
1777889638.9833324,0.0,-2.0,-58.0
1777889638.9933324,0.0,0.0,-59.0
1777889639.0033324,4.0,0.0,-63.0
1777889639.0133324,0.0,0.0,-71.0
1777889639.0233324,1.0,1.0,-72.0
1777889639.0333323,-2.0,-1.0,-68.0
1777889639.0433323,0.0,0.0,-73.0
1777889639.0533323,0.0,-2.0,-68.0
1777889639.0633323,5.0,0.0,-65.0
1777889639.0733323,2.0,1.0,-64.0
1777889639.0833323,5.0,0.0,-64.0
1777889639.0933323,10.0,-2.0,-63.0
1777889639.1033323,8.0,-5.0,-62.0
1777889639.1133325,3.0,-6.0,-60.0
1777889639.1233325,5.0,-4.0,-68.0
1777889639.1333325,1.0,2.0,-76.0
1777889639.1433325,2.0,4.0,-82.0
1777889639.1533325,0.0,2.0,-80.0
1777889639.1633325,-5.0,4.0,-73.0
1777889639.1733325,-3.0,2.0,-70.0
1777889639.1833324,-2.0,-1.0,-70.0
1777889639.1933324,2.0,-3.0,-74.0
1777889639.2033324,5.0,0.0,-72.0
1777889639.2133324,3.0,0.0,-68.0
1777889639.2233324,-2.0,0.0,-74.0
1777889639.2333324,-4.0,0.0,-70.0
1777889639.2433324,-4.0,2.0,-70.0
1777889639.2533324,-4.0,1.0,-73.0
1777889639.2633324,-6.0,0.0,-69.0
1777889639.2733324,0.0,1.0,-66.0
1777889639.2833323,0.0,2.0,-72.0
1777889639.2933323,-1.0,5.0,-69.0
1777889639.3033323,-1.0,7.0,-71.0
1777889639.3133323,2.0,8.0,-68.0
1777889639.3233323,-1.0,9.0,-70.0
1777889639.3333323,0.0,2.0,-68.0
1777889639.3433323,3.0,0.0,-70.0
1777889639.3533323,5.0,-1.0,-73.0
1777889639.3643324,3.0,0.0,-73.0
1777889639.3733325,3.0,-3.0,-74.0
1777889639.3843324,2.0,0.0,-73.0
1777889639.3943324,-1.0,-3.0,-73.0
1777889639.4043324,-2.0,0.0,-74.0
1777889639.4143324,2.0,-1.0,-74.0
1777889639.4243324,1.0,2.0,-74.0
1777889639.4343324,1.0,2.0,-78.0
1777889639.4443324,-1.0,-1.0,-76.0
1777889639.4543324,-1.0,0.0,-83.0
1777889639.4643323,2.0,0.0,-88.0
1777889639.4743323,0.0,1.0,-82.0
1777889639.4843323,-1.0,1.0,-82.0
1777889639.4943323,3.0,4.0,-84.0
1777889639.5043323,3.0,2.0,-85.0
1777889639.5143323,1.0,0.0,-79.0
1777889639.5243323,5.0,-2.0,-82.0
1777889639.5343325,3.0,-6.0,-77.0
1777889639.5443325,-2.0,-5.0,-79.0
1777889639.5543325,1.0,-1.0,-77.0
1777889639.5643325,0.0,-2.0,-75.0
1777889639.5743325,-1.0,0.0,-75.0
1777889639.5843325,-3.0,-2.0,-77.0
1777889639.5943325,-2.0,0.0,-74.0
1777889639.6043324,3.0,1.0,-68.0
1777889639.6143324,0.0,-2.0,-67.0
1777889639.6243324,2.0,-1.0,-71.0
1777889639.6343324,0.0,0.0,-68.0
1777889639.6443324,-3.0,1.0,-68.0
1777889639.6543324,-2.0,5.0,-71.0
1777889639.6643324,-3.0,1.0,-71.0
1777889639.6743324,-2.0,0.0,-69.0
1777889639.6843324,6.0,-1.0,-70.0
1777889639.6943324,5.0,0.0,-79.0
1777889639.7043324,6.0,0.0,-73.0
1777889639.7143323,3.0,1.0,-68.0
1777889639.7243323,2.0,5.0,-69.0
1777889639.7343323,5.0,3.0,-68.0
1777889639.7443323,6.0,0.0,-70.0
1777889639.7543323,9.0,0.0,-75.0
1777889639.7643323,5.0,0.0,-74.0
1777889639.7743323,3.0,-5.0,-70.0
1777889639.7843325,1.0,-4.0,-74.0
1777889639.7943325,6.0,0.0,-77.0
1777889639.8043325,5.0,0.0,-73.0
1777889639.8143325,3.0,1.0,-72.0
1777889639.8243325,1.0,0.0,-71.0
1777889639.8343325,2.0,-5.0,-65.0
1777889639.8443325,7.0,-6.0,-63.0
1777889639.8543324,5.0,-8.0,-70.0
1777889639.8643324,7.0,-7.0,-76.0
1777889639.8743324,7.0,-14.0,-81.0
1777889639.8843324,5.0,-12.0,-78.0
1777889639.8943324,9.0,-13.0,-78.0
1777889639.9043324,4.0,-11.0,-73.0
1777889639.9143324,0.0,-12.0,-72.0
1777889639.9243324,-2.0,-12.0,-71.0
1777889639.9343324,-5.0,-9.0,-73.0
1777889639.9443324,-2.0,-11.0,-74.0
1777889639.9543324,-3.0,-9.0,-71.0
1777889639.9643323,-1.0,-2.0,-70.0
1777889639.9743323,-5.0,-2.0,-76.0
1777889639.9843323,-8.0,5.0,-66.0
1777889639.9943323,-9.0,3.0,-69.0
1777889640.0043323,-5.0,5.0,-73.0
1777889640.0143323,-2.0,4.0,-74.0
1777889640.0243323,-6.0,2.0,-69.0
1777889640.0343325,-4.0,0.0,-68.0
1777889640.0443325,-1.0,-2.0,-72.0
1777889640.0543325,0.0,-1.0,-73.0
1777889640.0643325,-1.0,0.0,-68.0
1777889640.0743325,-2.0,0.0,-66.0
1777889640.0843325,-3.0,0.0,-67.0
1777889640.0943325,-3.0,0.0,-75.0
1777889640.1043324,-2.0,0.0,-69.0
1777889640.1143324,-3.0,0.0,-64.0
1777889640.1243324,-1.0,2.0,-71.0
1777889640.1343324,2.0,0.0,-70.0
1777889640.1443324,2.0,-3.0,-75.0
1777889640.1543324,1.0,-1.0,-74.0
1777889640.1643324,0.0,0.0,-71.0
1777889640.1743324,0.0,-3.0,-70.0
1777889640.1843324,3.0,-4.0,-69.0
1777889640.1943324,3.0,-7.0,-76.0
1777889640.2043324,2.0,-5.0,-73.0
1777889640.2143323,0.0,-4.0,-72.0
1777889640.2243323,0.0,-4.0,-70.0
1777889640.2343323,0.0,-3.0,-76.0
1777889640.2443323,1.0,-3.0,-82.0
1777889640.2543323,0.0,-4.0,-81.0
1777889640.2643323,3.0,-6.0,-78.0
1777889640.2743323,0.0,-6.0,-74.0
1777889640.2843325,-4.0,-7.0,-78.0
1777889640.2943325,-1.0,-9.0,-75.0
1777889640.3043325,2.0,-11.0,-73.0
1777889640.3143325,3.0,-9.0,-80.0
1777889640.3243325,2.0,-10.0,-79.0
1777889640.3343325,5.0,-8.0,-70.0
1777889640.3443325,5.0,-8.0,-74.0
1777889640.3543324,11.0,-5.0,-71.0
1777889640.3643324,12.0,-1.0,-73.0
1777889640.3743324,12.0,-2.0,-74.0
1777889640.3843324,5.0,-7.0,-73.0
1777889640.3943324,4.0,-2.0,-68.0
1777889640.4043324,3.0,0.0,-76.0
1777889640.4143324,7.0,0.0,-84.0
1777889640.4243324,4.0,-2.0,-89.0
1777889640.4343324,1.0,-2.0,-93.0
1777889640.4443324,7.0,-2.0,-91.0
1777889640.4543324,8.0,-2.0,-94.0
1777889640.4643323,7.0,0.0,-85.0
1777889640.4743323,6.0,4.0,-82.0
1777889640.4843323,5.0,4.0,-81.0
1777889640.4943323,3.0,4.0,-79.0
1777889640.5043323,7.0,3.0,-75.0
1777889640.5143323,5.0,2.0,-74.0
1777889640.5243323,4.0,2.0,-69.0
1777889640.5343325,3.0,2.0,-73.0
1777889640.5443325,4.0,-5.0,-74.0
1777889640.5543325,3.0,-3.0,-75.0
1777889640.5643325,3.0,-1.0,-76.0
1777889640.5743325,3.0,1.0,-74.0
1777889640.5843325,3.0,2.0,-75.0
1777889640.5943325,1.0,1.0,-78.0
1777889640.6043324,1.0,2.0,-74.0
1777889640.6143324,0.0,-1.0,-69.0
1777889640.6243324,-2.0,-2.0,-73.0
1777889640.6343324,-1.0,0.0,-73.0
1777889640.6443324,-4.0,-5.0,-74.0
1777889640.6543324,-1.0,-1.0,-76.0
1777889640.6643324,-1.0,-1.0,-82.0
1777889640.6743324,-3.0,-4.0,-75.0
1777889640.6843324,-1.0,-8.0,-80.0
1777889640.6943324,1.0,-5.0,-85.0
1777889640.7043324,4.0,-3.0,-78.0
1777889640.7143323,6.0,-5.0,-73.0
1777889640.7243323,11.0,-4.0,-71.0
1777889640.7343323,11.0,-3.0,-70.0
1777889640.7443323,6.0,-2.0,-69.0
1777889640.7543323,2.0,-2.0,-68.0
1777889640.7643323,4.0,-4.0,-71.0
1777889640.7743323,1.0,-3.0,-66.0
1777889640.7843325,-1.0,-5.0,-62.0
1777889640.7943325,1.0,-3.0,-68.0
1777889640.8043325,4.0,2.0,-68.0
1777889640.8143325,0.0,-1.0,-68.0
1777889640.8243325,-1.0,-1.0,-70.0
1777889640.8343325,-3.0,1.0,-69.0
1777889640.8443325,-6.0,4.0,-75.0
1777889640.8543324,-4.0,4.0,-74.0
1777889640.8643324,-2.0,4.0,-69.0
1777889640.8743324,0.0,3.0,-69.0
1777889640.8843324,-3.0,2.0,-67.0
1777889640.8943324,-2.0,-3.0,-68.0
1777889640.9043324,-5.0,-2.0,-64.0
1777889640.9143324,-5.0,-2.0,-62.0
1777889640.9243324,-3.0,-3.0,-70.0
1777889640.9343324,-6.0,-5.0,-74.0
1777889640.9443324,-1.0,-6.0,-76.0
1777889640.9543324,1.0,-7.0,-73.0
1777889640.9643323,-1.0,1.0,-68.0
1777889640.9743323,0.0,3.0,-71.0
1777889640.9843323,1.0,2.0,-69.0
1777889640.9943323,-2.0,1.0,-70.0
1777889641.0043323,-4.0,0.0,-73.0
1777889641.0143323,-4.0,-1.0,-72.0
1777889641.0243323,-3.0,0.0,-70.0
1777889641.0343325,0.0,-4.0,-68.0
1777889641.0443325,3.0,-1.0,-66.0
1777889641.0543325,4.0,0.0,-73.0
1777889641.0643325,6.0,-1.0,-73.0
1777889641.0743325,2.0,0.0,-74.0
1777889641.0843325,0.0,2.0,-70.0
1777889641.0943325,0.0,2.0,-65.0
1777889641.1043324,-4.0,1.0,-66.0
1777889641.1143324,-4.0,-1.0,-65.0
1777889641.1243324,-2.0,1.0,-71.0
1777889641.1343324,-1.0,2.0,-68.0
1777889641.1443324,-1.0,3.0,-71.0
1777889641.1543324,2.0,3.0,-75.0
1777889641.1643324,6.0,-1.0,-70.0
1777889641.1743324,2.0,-3.0,-76.0
1777889641.1843324,3.0,-7.0,-68.0
1777889641.1943324,4.0,-3.0,-63.0
1777889641.2043324,2.0,0.0,-62.0
1777889641.2143323,0.0,-1.0,-61.0
1777889641.2243323,2.0,-5.0,-64.0
1777889641.2343323,-2.0,-2.0,-66.0
1777889641.2443323,-3.0,0.0,-72.0
1777889641.2543323,-2.0,-2.0,-70.0
1777889641.2643323,-1.0,-2.0,-70.0
1777889641.2743323,-1.0,-1.0,-75.0
1777889641.2843325,-2.0,-1.0,-73.0
1777889641.2943325,0.0,0.0,-74.0
1777889641.3043325,0.0,0.0,-71.0
1777889641.3143325,0.0,-1.0,-68.0
1777889641.3243325,1.0,0.0,-73.0
1777889641.3343325,-1.0,-1.0,-81.0
1777889641.3453324,-1.0,0.0,-77.0
1777889641.3553324,2.0,1.0,-72.0
1777889641.3653324,-1.0,1.0,-70.0
1777889641.3753324,0.0,-3.0,-77.0
1777889641.3853323,0.0,-2.0,-77.0
1777889641.3953323,0.0,-4.0,-76.0
1777889641.4053323,4.0,-7.0,-74.0
1777889641.4153323,6.0,-6.0,-74.0
1777889641.4253323,5.0,-9.0,-76.0
1777889641.4353323,2.0,-6.0,-77.0
1777889641.4453323,2.0,-8.0,-76.0
1777889641.4553325,2.0,-10.0,-76.0
1777889641.4653325,4.0,-7.0,-76.0
1777889641.4753325,6.0,-6.0,-71.0
1777889641.4853325,5.0,-8.0,-67.0
1777889641.4953325,2.0,-2.0,-76.0
1777889641.5053325,3.0,-4.0,-77.0
1777889641.5153325,-1.0,-3.0,-75.0
1777889641.5253325,1.0,-2.0,-78.0
1777889641.5353324,8.0,2.0,-77.0
1777889641.5453324,10.0,1.0,-77.0
1777889641.5553324,9.0,-1.0,-79.0
1777889641.5653324,14.0,-6.0,-76.0
1777889641.5753324,14.0,-10.0,-70.0
1777889641.5853324,10.0,-8.0,-72.0
1777889641.5953324,7.0,-9.0,-73.0
1777889641.6053324,3.0,-12.0,-72.0
1777889641.6153324,-3.0,-12.0,-69.0
1777889641.6253324,-3.0,-10.0,-68.0
1777889641.6353323,-3.0,-6.0,-72.0
1777889641.6453323,-3.0,-4.0,-73.0
1777889641.6553323,-3.0,-7.0,-68.0
1777889641.6653323,0.0,-1.0,-64.0
1777889641.6753323,0.0,1.0,-68.0
1777889641.6853323,-2.0,1.0,-70.0
1777889641.6953323,-1.0,0.0,-79.0
1777889641.7053325,0.0,0.0,-71.0
1777889641.7153325,-2.0,0.0,-68.0
1777889641.7253325,-2.0,1.0,-66.0
1777889641.7353325,-1.0,0.0,-68.0
1777889641.7453325,-3.0,-2.0,-76.0
1777889641.7553325,1.0,-1.0,-83.0
1777889641.7653325,1.0,-2.0,-85.0
1777889641.7753325,-2.0,-1.0,-81.0
1777889641.7853324,-1.0,2.0,-80.0
1777889641.7953324,0.0,1.0,-72.0
1777889641.8053324,0.0,0.0,-70.0
1777889641.8153324,3.0,0.0,-73.0
1777889641.8253324,7.0,-3.0,-79.0
1777889641.8353324,0.0,-9.0,-81.0
1777889641.8453324,-1.0,-7.0,-81.0
1777889641.8553324,0.0,-3.0,-88.0
1777889641.8653324,6.0,-2.0,-90.0
1777889641.8753324,11.0,-2.0,-87.0
1777889641.8853323,5.0,-1.0,-89.0
1777889641.8953323,7.0,1.0,-85.0
1777889641.9053323,4.0,3.0,-77.0
1777889641.9153323,5.0,5.0,-76.0
1777889641.9253323,0.0,4.0,-83.0
1777889641.9353323,0.0,2.0,-79.0
1777889641.9453323,0.0,0.0,-74.0
1777889641.9553325,0.0,-2.0,-80.0
1777889641.9653325,0.0,-2.0,-77.0
1777889641.9753325,1.0,-1.0,-82.0
1777889641.9853325,2.0,-2.0,-81.0
1777889641.9953325,4.0,-8.0,-78.0
1777889642.0053325,3.0,-6.0,-78.0
1777889642.0153325,-2.0,-6.0,-79.0
1777889642.0253325,-1.0,-8.0,-75.0
1777889642.0353324,0.0,-4.0,-74.0
1777889642.0453324,0.0,-5.0,-75.0
1777889642.0553324,-2.0,-3.0,-81.0
1777889642.0653324,1.0,3.0,-71.0
1777889642.0753324,1.0,2.0,-79.0
1777889642.0853324,2.0,3.0,-82.0
1777889642.0953324,4.0,0.0,-81.0
1777889642.1053324,6.0,-3.0,-79.0
1777889642.1153324,-2.0,-2.0,-78.0
1777889642.1253324,1.0,0.0,-79.0
1777889642.1353323,2.0,-1.0,-84.0
1777889642.1453323,-1.0,0.0,-87.0
1777889642.1553323,3.0,-3.0,-92.0
1777889642.1653323,2.0,-3.0,-89.0
1777889642.1753323,4.0,-5.0,-92.0
1777889642.1853323,2.0,-1.0,-94.0
1777889642.1953323,-1.0,-4.0,-83.0
1777889642.2053325,0.0,-1.0,-77.0
1777889642.2153325,1.0,-1.0,-78.0
1777889642.2253325,3.0,0.0,-84.0
1777889642.2353325,1.0,1.0,-84.0
1777889642.2453325,0.0,2.0,-86.0
1777889642.2553325,0.0,1.0,-86.0
1777889642.2653325,0.0,0.0,-82.0
1777889642.2753325,1.0,-3.0,-77.0
1777889642.2853324,3.0,-6.0,-74.0
1777889642.2953324,5.0,-7.0,-67.0
1777889642.3053324,2.0,-6.0,-70.0
1777889642.3153324,0.0,-6.0,-73.0
1777889642.3253324,-2.0,-6.0,-75.0
1777889642.3353324,-3.0,-4.0,-80.0
1777889642.3453324,-6.0,-3.0,-83.0
1777889642.3553324,-5.0,-5.0,-78.0
1777889642.3653324,-6.0,-5.0,-73.0
1777889642.3753324,-5.0,-3.0,-77.0
1777889642.3853323,-7.0,-1.0,-73.0
1777889642.3953323,-5.0,0.0,-76.0
1777889642.4053323,-9.0,-1.0,-71.0
1777889642.4153323,-8.0,-3.0,-74.0
1777889642.4253323,-6.0,-3.0,-81.0
1777889642.4353323,-4.0,-6.0,-79.0
1777889642.4453323,-3.0,0.0,-79.0
1777889642.4553325,-5.0,2.0,-72.0
1777889642.4653325,-5.0,2.0,-71.0
1777889642.4753325,-1.0,0.0,-71.0
1777889642.4853325,1.0,1.0,-71.0
1777889642.4953325,5.0,-1.0,-76.0
1777889642.5053325,7.0,-2.0,-75.0
1777889642.5153325,4.0,-1.0,-78.0
1777889642.5253325,0.0,5.0,-78.0
1777889642.5353324,0.0,4.0,-79.0
1777889642.5453324,-1.0,5.0,-76.0
1777889642.5553324,0.0,2.0,-66.0
1777889642.5653324,0.0,0.0,-64.0
1777889642.5753324,-4.0,-3.0,-60.0
1777889642.5853324,-1.0,-4.0,-62.0
1777889642.5953324,-7.0,-1.0,-66.0
1777889642.6053324,-9.0,-4.0,-66.0
1777889642.6153324,-6.0,-1.0,-66.0
1777889642.6253324,-1.0,0.0,-68.0
1777889642.6353323,1.0,0.0,-74.0
1777889642.6453323,0.0,0.0,-79.0
1777889642.6553323,3.0,0.0,-75.0
1777889642.6653323,5.0,1.0,-74.0
1777889642.6753323,2.0,2.0,-69.0
1777889642.6853323,0.0,0.0,-68.0
1777889642.6953323,0.0,2.0,-62.0
1777889642.7053325,-3.0,1.0,-64.0
1777889642.7153325,0.0,-2.0,-58.0
1777889642.7253325,4.0,-1.0,-56.0
1777889642.7353325,0.0,-2.0,-53.0
1777889642.7453325,3.0,-5.0,-53.0
1777889642.7553325,6.0,-6.0,-60.0
1777889642.7653325,4.0,-6.0,-57.0
1777889642.7753325,10.0,-5.0,-58.0
1777889642.7853324,9.0,-1.0,-63.0
1777889642.7953324,6.0,0.0,-68.0
1777889642.8053324,2.0,0.0,-64.0
1777889642.8153324,3.0,0.0,-67.0
1777889642.8253324,7.0,3.0,-61.0
1777889642.8353324,9.0,2.0,-62.0
1777889642.8453324,9.0,2.0,-68.0
1777889642.8553324,10.0,4.0,-74.0
1777889642.8653324,11.0,2.0,-74.0
1777889642.8753324,8.0,0.0,-77.0
1777889642.8853323,2.0,-1.0,-78.0
1777889642.8953323,-1.0,-1.0,-82.0
1777889642.9053323,-3.0,0.0,-85.0
1777889642.9153323,-3.0,-3.0,-83.0
1777889642.9253323,-9.0,-2.0,-76.0
1777889642.9353323,-4.0,-2.0,-79.0
1777889642.9453323,-3.0,-1.0,-80.0
1777889642.9553325,-4.0,-2.0,-73.0
1777889642.9653325,-2.0,-2.0,-68.0
1777889642.9753325,0.0,-1.0,-70.0
1777889642.9853325,-3.0,-2.0,-71.0
1777889642.9953325,-2.0,-4.0,-70.0
1777889643.0053325,0.0,-1.0,-73.0
1777889643.0153325,-1.0,-3.0,-76.0
1777889643.0253325,1.0,-4.0,-78.0
1777889643.0353324,2.0,-2.0,-85.0
1777889643.0453324,4.0,0.0,-89.0
1777889643.0553324,3.0,-2.0,-89.0
1777889643.0653324,5.0,-2.0,-84.0
1777889643.0753324,3.0,0.0,-82.0
1777889643.0853324,3.0,2.0,-81.0
1777889643.0953324,7.0,0.0,-80.0
1777889643.1053324,5.0,-1.0,-80.0
1777889643.1153324,8.0,-2.0,-84.0
1777889643.1253324,7.0,-5.0,-90.0
1777889643.1353323,5.0,-2.0,-86.0
1777889643.1453323,2.0,-4.0,-83.0
1777889643.1553323,0.0,-4.0,-82.0
1777889643.1653323,2.0,-6.0,-79.0
1777889643.1753323,0.0,-7.0,-77.0
1777889643.1853323,2.0,-7.0,-76.0
1777889643.1953323,0.0,-10.0,-79.0
1777889643.2053325,-8.0,-8.0,-76.0
1777889643.2153325,-4.0,-5.0,-79.0
1777889643.2253325,-1.0,-6.0,-76.0
1777889643.2353325,5.0,-4.0,-77.0
1777889643.2453325,1.0,-1.0,-77.0
1777889643.2553325,3.0,-1.0,-88.0
1777889643.2653325,2.0,-2.0,-91.0
1777889643.2753325,3.0,-4.0,-90.0
1777889643.2853324,0.0,-4.0,-90.0
1777889643.2953324,0.0,-3.0,-85.0
1777889643.3053324,0.0,0.0,-83.0
1777889643.3153324,1.0,7.0,-81.0
1777889643.3263323,4.0,5.0,-82.0
1777889643.3353324,4.0,3.0,-86.0
1777889643.3463323,0.0,0.0,-78.0
1777889643.3563323,1.0,-6.0,-71.0
1777889643.3663323,0.0,-2.0,-73.0
1777889643.3763323,0.0,-1.0,-72.0
1777889643.3863325,3.0,0.0,-74.0
1777889643.3963325,5.0,2.0,-76.0
1777889643.4063325,4.0,6.0,-73.0
1777889643.4163325,-3.0,1.0,-69.0
1777889643.4263325,-1.0,1.0,-66.0
1777889643.4363325,1.0,-3.0,-58.0
1777889643.4463325,2.0,-1.0,-62.0
1777889643.4563324,5.0,-1.0,-72.0
1777889643.4663324,7.0,-3.0,-78.0
1777889643.4763324,8.0,-1.0,-80.0
1777889643.4863324,4.0,0.0,-76.0
1777889643.4963324,0.0,-1.0,-72.0
1777889643.5063324,5.0,-2.0,-73.0
1777889643.5163324,4.0,-4.0,-72.0
1777889643.5263324,1.0,-3.0,-75.0
1777889643.5363324,1.0,-7.0,-75.0
1777889643.5463324,1.0,-5.0,-71.0
1777889643.5563323,1.0,-6.0,-70.0
1777889643.5663323,-4.0,-6.0,-69.0
1777889643.5763323,-1.0,-7.0,-76.0
1777889643.5863323,-2.0,-8.0,-73.0
1777889643.5963323,1.0,-9.0,-77.0
1777889643.6063323,0.0,-7.0,-76.0
1777889643.6163323,1.0,-8.0,-74.0
1777889643.6263323,3.0,-8.0,-74.0
1777889643.6363325,2.0,-7.0,-78.0
1777889643.6463325,1.0,-8.0,-80.0
1777889643.6563325,-1.0,-7.0,-77.0
1777889643.6663325,0.0,-4.0,-77.0
1777889643.6763325,1.0,-4.0,-74.0
1777889643.6863325,4.0,-5.0,-75.0
1777889643.6963325,8.0,-4.0,-77.0
1777889643.7063324,8.0,-3.0,-67.0
1777889643.7163324,6.0,-7.0,-66.0
1777889643.7263324,3.0,-9.0,-70.0
1777889643.7363324,0.0,-7.0,-66.0
1777889643.7463324,0.0,-6.0,-73.0
1777889643.7563324,3.0,-7.0,-69.0
1777889643.7663324,-1.0,-6.0,-72.0
1777889643.7763324,0.0,0.0,-70.0
1777889643.7863324,-2.0,2.0,-68.0
1777889643.7963324,-2.0,2.0,-72.0
1777889643.8063323,-2.0,0.0,-77.0
1777889643.8163323,-1.0,3.0,-77.0
1777889643.8263323,0.0,6.0,-78.0
1777889643.8363323,0.0,4.0,-80.0
1777889643.8463323,2.0,2.0,-77.0
1777889643.8563323,-5.0,2.0,-82.0
1777889643.8663323,-3.0,4.0,-83.0
1777889643.8763323,-6.0,3.0,-85.0
1777889643.8863325,-6.0,4.0,-89.0
1777889643.8963325,-7.0,3.0,-83.0
1777889643.9063325,-11.0,3.0,-82.0
1777889643.9163325,-9.0,0.0,-78.0
1777889643.9263325,-5.0,-1.0,-70.0
1777889643.9363325,-4.0,-2.0,-67.0
1777889643.9463325,-6.0,-1.0,-65.0
1777889643.9563324,-8.0,-3.0,-63.0
1777889643.9663324,-6.0,-5.0,-63.0
1777889643.9763324,-4.0,-10.0,-66.0
1777889643.9863324,-2.0,-11.0,-73.0
1777889643.9963324,-1.0,-9.0,-73.0
1777889644.0063324,-3.0,-9.0,-73.0
1777889644.0163324,-2.0,-6.0,-76.0
1777889644.0263324,-4.0,-1.0,-75.0
1777889644.0363324,-4.0,1.0,-73.0
1777889644.0463324,-6.0,2.0,-76.0
1777889644.0563323,-4.0,1.0,-79.0
1777889644.0663323,-5.0,0.0,-77.0
1777889644.0763323,-3.0,-1.0,-83.0
1777889644.0863323,1.0,-2.0,-83.0
1777889644.0963323,6.0,-6.0,-80.0
1777889644.1063323,8.0,-6.0,-80.0
1777889644.1163323,2.0,-8.0,-82.0
1777889644.1263323,-3.0,-6.0,-74.0
1777889644.1363325,1.0,-4.0,-78.0
1777889644.1463325,0.0,-7.0,-80.0
1777889644.1563325,-1.0,-8.0,-80.0
1777889644.1663325,0.0,-9.0,-75.0
1777889644.1763325,-6.0,-7.0,-79.0
1777889644.1863325,-3.0,-2.0,-75.0
1777889644.1963325,-1.0,-3.0,-73.0
1777889644.2063324,-3.0,-4.0,-79.0
1777889644.2163324,1.0,-3.0,-78.0
1777889644.2263324,5.0,0.0,-76.0
1777889644.2363324,7.0,0.0,-75.0
1777889644.2463324,2.0,3.0,-77.0
1777889644.2563324,0.0,3.0,-81.0
1777889644.2663324,0.0,2.0,-76.0
1777889644.2763324,-2.0,4.0,-85.0
1777889644.2863324,1.0,2.0,-87.0
1777889644.2963324,2.0,3.0,-82.0
1777889644.3063323,2.0,2.0,-82.0
1777889644.3163323,1.0,0.0,-81.0
1777889644.3263323,4.0,0.0,-82.0
1777889644.3363323,9.0,2.0,-80.0
1777889644.3463323,6.0,0.0,-81.0
1777889644.3563323,4.0,-3.0,-79.0
1777889644.3663323,0.0,-4.0,-83.0
1777889644.3763323,2.0,-4.0,-85.0
1777889644.3863325,0.0,-5.0,-87.0
1777889644.3963325,0.0,-3.0,-82.0
1777889644.4063325,-3.0,-4.0,-79.0
1777889644.4163325,0.0,-6.0,-81.0
1777889644.4263325,-4.0,-5.0,-82.0
1777889644.4363325,-4.0,-3.0,-82.0
1777889644.4463325,-2.0,-4.0,-78.0
1777889644.4563324,-1.0,-2.0,-82.0
1777889644.4663324,3.0,0.0,-72.0
1777889644.4763324,0.0,-5.0,-73.0
1777889644.4863324,0.0,-11.0,-76.0
1777889644.4963324,0.0,-7.0,-80.0
1777889644.5063324,0.0,-5.0,-75.0
1777889644.5163324,2.0,-6.0,-76.0
1777889644.5263324,5.0,-7.0,-69.0
1777889644.5363324,4.0,-5.0,-62.0
1777889644.5463324,2.0,-7.0,-65.0
1777889644.5563323,4.0,-8.0,-66.0
1777889644.5663323,4.0,-11.0,-66.0
1777889644.5763323,3.0,-11.0,-70.0
1777889644.5863323,-4.0,-9.0,-70.0
1777889644.5963323,0.0,-6.0,-60.0
1777889644.6063323,0.0,-6.0,-56.0
1777889644.6163323,0.0,-8.0,-60.0
1777889644.6263323,0.0,-5.0,-57.0
1777889644.6363325,-2.0,-3.0,-67.0
1777889644.6463325,0.0,-6.0,-70.0
1777889644.6573324,-3.0,-5.0,-73.0
1777889644.6663325,-3.0,-8.0,-77.0
1777889644.6763325,-2.0,-7.0,-79.0
1777889644.6863325,-3.0,-5.0,-78.0
1777889644.6963325,0.0,-6.0,-77.0
1777889644.7063324,1.0,-2.0,-76.0
1777889644.7163324,0.0,-1.0,-76.0
1777889644.7263324,0.0,-3.0,-74.0
1777889644.7363324,-1.0,-4.0,-73.0
1777889644.7463324,0.0,-4.0,-65.0
1777889644.7563324,-3.0,-7.0,-66.0
1777889644.7663324,-7.0,-6.0,-73.0
1777889644.7763324,-6.0,-7.0,-64.0
1777889644.7863324,-4.0,-4.0,-63.0
1777889644.7963324,-3.0,-4.0,-72.0
1777889644.8063323,-2.0,-3.0,-67.0
1777889644.8163323,-1.0,-6.0,-75.0
1777889644.8263323,3.0,-2.0,-77.0
1777889644.8363323,1.0,-4.0,-73.0
1777889644.8463323,-1.0,-7.0,-70.0
1777889644.8563323,-6.0,-5.0,-72.0
1777889644.8663323,-9.0,-5.0,-72.0
1777889644.8763323,-11.0,-3.0,-67.0
1777889644.8863325,-11.0,-1.0,-69.0
1777889644.8963325,-9.0,-4.0,-63.0
1777889644.9063325,-4.0,-2.0,-69.0
1777889644.9163325,-1.0,-3.0,-70.0
1777889644.9263325,0.0,-4.0,-67.0
1777889644.9363325,1.0,-8.0,-75.0
1777889644.9463325,-1.0,-2.0,-82.0
1777889644.9563324,0.0,0.0,-79.0
1777889644.9663324,6.0,-2.0,-86.0
1777889644.9763324,1.0,-3.0,-85.0
1777889644.9863324,-2.0,-4.0,-91.0
1777889644.9963324,-5.0,1.0,-92.0
1777889645.0063324,-4.0,0.0,-87.0
1777889645.0163324,4.0,-2.0,-83.0
1777889645.0263324,3.0,-2.0,-78.0
1777889645.0363324,2.0,-3.0,-78.0
1777889645.0463324,8.0,0.0,-77.0
1777889645.0563323,11.0,3.0,-75.0
1777889645.0663323,9.0,1.0,-72.0
1777889645.0763323,12.0,3.0,-73.0
1777889645.0863323,6.0,3.0,-72.0
1777889645.0963323,0.0,0.0,-75.0
1777889645.1063323,0.0,0.0,-78.0
1777889645.1163323,-2.0,0.0,-83.0
1777889645.1263323,0.0,0.0,-81.0
1777889645.1363325,0.0,-1.0,-76.0
1777889645.1463325,-3.0,-3.0,-74.0
1777889645.1563325,-1.0,-2.0,-76.0
1777889645.1663325,-1.0,1.0,-75.0
1777889645.1763325,-2.0,2.0,-73.0
1777889645.1863325,2.0,-1.0,-69.0
1777889645.1963325,0.0,-2.0,-62.0
1777889645.2063324,0.0,-3.0,-65.0
1777889645.2163324,1.0,-4.0,-69.0
1777889645.2263324,4.0,-6.0,-65.0
1777889645.2363324,3.0,-2.0,-65.0
1777889645.2463324,3.0,-2.0,-63.0
1777889645.2563324,1.0,-1.0,-68.0
1777889645.2663324,3.0,-1.0,-69.0
1777889645.2763324,0.0,-1.0,-73.0
1777889645.2863324,3.0,-5.0,-76.0
1777889645.2963324,3.0,-7.0,-76.0
1777889645.3063323,4.0,-8.0,-75.0
1777889645.3173325,0.0,-6.0,-72.0
1777889645.3273325,0.0,-5.0,-74.0
1777889645.3373325,0.0,-5.0,-78.0
1777889645.3463323,-4.0,-7.0,-82.0
1777889645.3573325,-2.0,-5.0,-79.0
1777889645.3673325,3.0,-4.0,-81.0
1777889645.3773324,7.0,0.0,-71.0
1777889645.3873324,6.0,-1.0,-70.0
1777889645.3973324,8.0,-2.0,-74.0
1777889645.4073324,9.0,0.0,-74.0
1777889645.4173324,10.0,-1.0,-75.0
1777889645.4273324,6.0,-3.0,-75.0
1777889645.4373324,4.0,-6.0,-75.0
1777889645.4473324,3.0,-4.0,-71.0
1777889645.4573324,1.0,-8.0,-70.0
1777889645.4673324,-2.0,-5.0,-71.0
1777889645.4773324,-2.0,-1.0,-70.0
1777889645.4873323,-1.0,-2.0,-73.0
1777889645.4973323,1.0,-3.0,-73.0
1777889645.5073323,-1.0,-3.0,-67.0
1777889645.5173323,0.0,0.0,-66.0
1777889645.5273323,0.0,-1.0,-72.0
1777889645.5373323,-3.0,-1.0,-68.0
1777889645.5473323,-4.0,-2.0,-72.0
1777889645.5573325,-2.0,-5.0,-81.0
1777889645.5673325,0.0,-3.0,-86.0
1777889645.5773325,0.0,-4.0,-83.0
1777889645.5873325,0.0,1.0,-78.0
1777889645.5973325,0.0,1.0,-78.0
1777889645.6073325,1.0,2.0,-81.0
1777889645.6173325,7.0,1.0,-80.0
1777889645.6273324,2.0,0.0,-75.0
1777889645.6373324,1.0,-4.0,-73.0
1777889645.6473324,-1.0,-6.0,-80.0
1777889645.6573324,1.0,-5.0,-80.0
1777889645.6673324,0.0,-7.0,-80.0
1777889645.6773324,6.0,-5.0,-79.0
1777889645.6873324,3.0,-3.0,-81.0
1777889645.6973324,6.0,-2.0,-80.0
1777889645.7073324,6.0,-3.0,-77.0
1777889645.7173324,1.0,-1.0,-79.0
1777889645.7273324,3.0,-6.0,-78.0
1777889645.7373323,0.0,-4.0,-77.0
1777889645.7473323,0.0,-3.0,-71.0
1777889645.7573323,2.0,-5.0,-74.0
1777889645.7673323,1.0,-5.0,-71.0
1777889645.7773323,3.0,-5.0,-70.0
1777889645.7873323,0.0,-5.0,-76.0
1777889645.7973323,1.0,-4.0,-79.0
1777889645.8073325,3.0,0.0,-79.0
1777889645.8173325,2.0,-1.0,-79.0
1777889645.8273325,4.0,-1.0,-78.0
1777889645.8373325,5.0,0.0,-77.0
1777889645.8473325,5.0,3.0,-77.0
1777889645.8573325,6.0,1.0,-77.0
1777889645.8673325,6.0,0.0,-83.0
1777889645.8773324,8.0,-1.0,-85.0
1777889645.8873324,7.0,0.0,-85.0
1777889645.8973324,5.0,0.0,-85.0
1777889645.9073324,7.0,1.0,-86.0
1777889645.9173324,5.0,-1.0,-81.0
1777889645.9273324,3.0,-2.0,-83.0
1777889645.9373324,1.0,0.0,-86.0
1777889645.9473324,0.0,-1.0,-84.0
1777889645.9573324,4.0,-9.0,-87.0
1777889645.9673324,1.0,-10.0,-92.0
1777889645.9773324,5.0,-7.0,-79.0
1777889645.9873323,1.0,-6.0,-73.0
1777889645.9973323,1.0,0.0,-67.0
1777889646.0073323,3.0,-3.0,-71.0
1777889646.0173323,-1.0,0.0,-69.0
1777889646.0273323,-1.0,0.0,-68.0
1777889646.0373323,0.0,0.0,-71.0
1777889646.0473323,1.0,-4.0,-72.0
1777889646.0573325,0.0,-1.0,-76.0
1777889646.0673325,0.0,2.0,-78.0
1777889646.0773325,4.0,5.0,-75.0
1777889646.0873325,2.0,0.0,-72.0
1777889646.0973325,0.0,3.0,-71.0
1777889646.1073325,0.0,0.0,-73.0
1777889646.1173325,-2.0,0.0,-76.0
1777889646.1273324,0.0,0.0,-78.0
1777889646.1373324,2.0,0.0,-75.0
1777889646.1473324,3.0,-3.0,-69.0
1777889646.1573324,4.0,-6.0,-66.0
1777889646.1673324,4.0,-9.0,-58.0
1777889646.1773324,8.0,-11.0,-56.0
1777889646.1873324,6.0,-8.0,-56.0
1777889646.1973324,3.0,-9.0,-62.0
1777889646.2073324,5.0,-7.0,-62.0
1777889646.2173324,3.0,-3.0,-69.0
1777889646.2273324,5.0,-3.0,-67.0
1777889646.2373323,4.0,-3.0,-69.0
1777889646.2473323,2.0,-2.0,-70.0
1777889646.2573323,0.0,-5.0,-71.0
1777889646.2673323,2.0,-6.0,-76.0
1777889646.2773323,5.0,-6.0,-74.0
1777889646.2873323,5.0,-3.0,-76.0
1777889646.2973323,2.0,-6.0,-76.0
1777889646.3073325,1.0,-6.0,-70.0
1777889646.3173325,1.0,-6.0,-65.0
1777889646.3273325,2.0,-2.0,-74.0
1777889646.3373325,2.0,-2.0,-74.0
1777889646.3473325,1.0,0.0,-72.0
1777889646.3573325,1.0,-3.0,-72.0
1777889646.3673325,1.0,-6.0,-70.0
1777889646.3773324,1.0,-6.0,-70.0
1777889646.3873324,2.0,-2.0,-71.0
1777889646.3973324,-1.0,-3.0,-79.0
1777889646.4073324,-2.0,-4.0,-80.0
1777889646.4173324,1.0,-7.0,-77.0
1777889646.4273324,7.0,-8.0,-74.0
1777889646.4373324,4.0,-5.0,-72.0
1777889646.4473324,3.0,-1.0,-73.0
1777889646.4573324,4.0,0.0,-74.0
1777889646.4673324,5.0,2.0,-74.0
1777889646.4773324,7.0,0.0,-71.0
1777889646.4873323,5.0,-3.0,-73.0
1777889646.4973323,2.0,-5.0,-77.0
1777889646.5073323,0.0,-4.0,-76.0
1777889646.5173323,1.0,-3.0,-72.0
1777889646.5273323,3.0,0.0,-73.0
1777889646.5373323,2.0,0.0,-79.0
1777889646.5473323,3.0,4.0,-71.0
1777889646.5573325,2.0,2.0,-69.0
1777889646.5673325,6.0,0.0,-73.0
1777889646.5773325,3.0,0.0,-73.0
1777889646.5873325,0.0,-2.0,-78.0
1777889646.5973325,-4.0,-3.0,-80.0
1777889646.6073325,-2.0,-1.0,-81.0
1777889646.6173325,-1.0,2.0,-83.0
1777889646.6273324,3.0,5.0,-78.0
1777889646.6373324,8.0,8.0,-74.0
1777889646.6473324,1.0,5.0,-70.0
1777889646.6573324,1.0,6.0,-67.0
1777889646.6673324,-3.0,1.0,-73.0
1777889646.6773324,-4.0,3.0,-78.0
1777889646.6873324,0.0,2.0,-76.0
1777889646.6973324,0.0,1.0,-75.0
1777889646.7073324,-1.0,0.0,-79.0
1777889646.7173324,0.0,0.0,-82.0
1777889646.7273324,3.0,-3.0,-79.0
1777889646.7373323,2.0,-2.0,-79.0
1777889646.7473323,3.0,-5.0,-73.0
1777889646.7573323,4.0,-3.0,-69.0
1777889646.7673323,4.0,-7.0,-71.0
1777889646.7773323,2.0,-6.0,-76.0
1777889646.7873323,2.0,-2.0,-74.0
1777889646.7973323,2.0,-3.0,-77.0
1777889646.8073325,6.0,-3.0,-81.0
1777889646.8173325,7.0,-1.0,-83.0
1777889646.8273325,8.0,-1.0,-84.0
1777889646.8373325,4.0,-2.0,-83.0
1777889646.8473325,2.0,-2.0,-78.0
1777889646.8573325,0.0,-3.0,-74.0
1777889646.8673325,2.0,0.0,-77.0
1777889646.8773324,0.0,2.0,-78.0
1777889646.8873324,0.0,4.0,-80.0
1777889646.8973324,3.0,7.0,-78.0
1777889646.9073324,0.0,9.0,-76.0
1777889646.9173324,0.0,9.0,-76.0
1777889646.9273324,0.0,7.0,-79.0
1777889646.9373324,1.0,6.0,-78.0
1777889646.9473324,0.0,4.0,-76.0
1777889646.9573324,-2.0,0.0,-71.0
1777889646.9673324,-7.0,3.0,-74.0
1777889646.9773324,-6.0,4.0,-74.0
1777889646.9873323,-6.0,7.0,-75.0
1777889646.9973323,-4.0,3.0,-78.0
1777889647.0073323,-6.0,2.0,-83.0
1777889647.0173323,-6.0,3.0,-78.0
1777889647.0273323,-4.0,2.0,-76.0
1777889647.0373323,-1.0,1.0,-70.0
1777889647.0473323,0.0,5.0,-73.0
1777889647.0573325,-2.0,4.0,-67.0
1777889647.0673325,-4.0,2.0,-65.0
1777889647.0773325,-1.0,0.0,-65.0
1777889647.0873325,0.0,0.0,-70.0
1777889647.0973325,-2.0,1.0,-66.0
1777889647.1073325,-5.0,3.0,-66.0
1777889647.1173325,1.0,4.0,-78.0
1777889647.1273324,2.0,6.0,-83.0
1777889647.1373324,7.0,3.0,-86.0
1777889647.1473324,5.0,4.0,-76.0
1777889647.1573324,9.0,3.0,-79.0
1777889647.1673324,6.0,0.0,-78.0
1777889647.1773324,6.0,0.0,-76.0
1777889647.1873324,3.0,1.0,-78.0
1777889647.1973324,6.0,0.0,-75.0
1777889647.2073324,2.0,1.0,-73.0
1777889647.2173324,3.0,0.0,-74.0
1777889647.2273324,4.0,-1.0,-77.0
1777889647.2373323,0.0,0.0,-77.0
1777889647.2473323,0.0,0.0,-83.0
1777889647.2573323,0.0,-3.0,-84.0
1777889647.2673323,2.0,-4.0,-88.0
1777889647.2783325,0.0,-6.0,-83.0
1777889647.2873323,0.0,-2.0,-83.0
1777889647.2973323,2.0,-2.0,-85.0
1777889647.3083324,4.0,-5.0,-78.0
1777889647.3183324,4.0,1.0,-77.0
1777889647.3283324,6.0,6.0,-82.0
1777889647.3383324,5.0,2.0,-78.0
1777889647.3483324,6.0,-1.0,-74.0
1777889647.3583324,7.0,-4.0,-66.0
1777889647.3683324,7.0,-2.0,-70.0
1777889647.3783324,6.0,0.0,-74.0
1777889647.3883324,11.0,2.0,-68.0
1777889647.3983324,6.0,3.0,-64.0
1777889647.4083323,2.0,-4.0,-59.0
1777889647.4183323,2.0,-3.0,-60.0
1777889647.4283323,3.0,-1.0,-66.0
1777889647.4383323,1.0,0.0,-69.0
1777889647.4483323,2.0,-5.0,-67.0
1777889647.4583323,2.0,-2.0,-65.0
1777889647.4683323,1.0,0.0,-61.0
1777889647.4783323,0.0,-3.0,-65.0
1777889647.4883325,-1.0,-3.0,-67.0
1777889647.4983325,-3.0,-5.0,-70.0
1777889647.5083325,-2.0,-6.0,-72.0
1777889647.5183325,-2.0,-8.0,-78.0
1777889647.5283325,0.0,-4.0,-74.0
1777889647.5383325,3.0,-1.0,-73.0
1777889647.5483325,4.0,0.0,-73.0
1777889647.5583324,4.0,-1.0,-77.0
1777889647.5683324,4.0,1.0,-78.0
1777889647.5783324,4.0,1.0,-78.0
1777889647.5883324,3.0,0.0,-74.0
1777889647.5983324,7.0,0.0,-71.0
1777889647.6083324,5.0,2.0,-64.0
1777889647.6183324,4.0,0.0,-67.0
1777889647.6283324,5.0,-1.0,-71.0
1777889647.6383324,3.0,-2.0,-72.0
1777889647.6483324,1.0,1.0,-69.0
1777889647.6583323,2.0,0.0,-71.0
1777889647.6683323,-1.0,-2.0,-72.0
1777889647.6783323,-3.0,-2.0,-75.0
1777889647.6883323,-5.0,-1.0,-77.0
1777889647.6983323,-4.0,-5.0,-75.0
1777889647.7083323,-1.0,-4.0,-73.0
1777889647.7183323,1.0,-7.0,-72.0
1777889647.7283323,0.0,-7.0,-67.0
1777889647.7383325,3.0,-8.0,-68.0
1777889647.7483325,8.0,-4.0,-74.0
1777889647.7583325,5.0,-3.0,-78.0
1777889647.7683325,4.0,0.0,-83.0
1777889647.7783325,0.0,-4.0,-90.0
1777889647.7883325,-3.0,-8.0,-88.0
1777889647.7983325,-3.0,-5.0,-87.0
1777889647.8083324,-2.0,-1.0,-87.0
1777889647.8183324,0.0,1.0,-89.0
1777889647.8283324,1.0,0.0,-85.0
1777889647.8383324,3.0,-6.0,-86.0
1777889647.8483324,5.0,-5.0,-87.0
1777889647.8583324,6.0,-3.0,-85.0
1777889647.8683324,0.0,-1.0,-86.0
1777889647.8783324,-1.0,-4.0,-83.0
1777889647.8883324,0.0,-3.0,-82.0
1777889647.8983324,4.0,2.0,-82.0
1777889647.9083323,8.0,-3.0,-83.0
1777889647.9183323,8.0,-1.0,-84.0
1777889647.9283323,0.0,-4.0,-85.0
1777889647.9383323,0.0,-1.0,-77.0
1777889647.9483323,-4.0,2.0,-70.0
1777889647.9583323,-2.0,-1.0,-68.0
1777889647.9683323,-1.0,0.0,-70.0
1777889647.9783323,0.0,-2.0,-72.0
1777889647.9883325,1.0,-3.0,-78.0
1777889647.9983325,0.0,-1.0,-72.0
1777889648.0083325,0.0,-5.0,-70.0
1777889648.0183325,2.0,-2.0,-74.0
1777889648.0283325,6.0,-3.0,-77.0
1777889648.0383325,3.0,-1.0,-75.0
1777889648.0483325,3.0,-6.0,-68.0
1777889648.0583324,3.0,-7.0,-65.0
1777889648.0683324,0.0,-5.0,-66.0
1777889648.0783324,4.0,-2.0,-74.0
1777889648.0883324,7.0,0.0,-82.0
1777889648.0983324,6.0,1.0,-86.0
1777889648.1083324,7.0,2.0,-78.0
1777889648.1183324,4.0,0.0,-77.0
1777889648.1283324,5.0,0.0,-77.0
1777889648.1383324,3.0,1.0,-74.0
1777889648.1483324,1.0,-1.0,-73.0
1777889648.1583323,5.0,2.0,-70.0
1777889648.1683323,6.0,1.0,-68.0
1777889648.1783323,0.0,0.0,-65.0
1777889648.1883323,-4.0,1.0,-65.0
1777889648.1983323,0.0,-2.0,-70.0
1777889648.2083323,4.0,-6.0,-70.0
1777889648.2183323,9.0,-3.0,-67.0
1777889648.2283323,7.0,-4.0,-72.0
1777889648.2383325,1.0,0.0,-73.0
1777889648.2483325,1.0,0.0,-70.0
1777889648.2583325,0.0,-4.0,-76.0
1777889648.2683325,-3.0,-1.0,-72.0
1777889648.2783325,-2.0,-2.0,-77.0
1777889648.2883325,-2.0,-1.0,-80.0
1777889648.2983325,-2.0,-6.0,-82.0
1777889648.3083324,-3.0,-7.0,-75.0
1777889648.3183324,3.0,-9.0,-65.0
1777889648.3283324,2.0,-8.0,-63.0
1777889648.3383324,3.0,-8.0,-66.0
1777889648.3483324,5.0,-1.0,-70.0
1777889648.3583324,6.0,1.0,-70.0
1777889648.3683324,4.0,3.0,-77.0
1777889648.3783324,0.0,7.0,-80.0
1777889648.3883324,-4.0,4.0,-81.0
1777889648.3983324,-5.0,2.0,-83.0
1777889648.4083323,-4.0,2.0,-87.0
1777889648.4183323,-5.0,-1.0,-88.0
1777889648.4283323,0.0,-2.0,-91.0
1777889648.4383323,1.0,0.0,-89.0
1777889648.4483323,6.0,2.0,-95.0
1777889648.4583323,8.0,2.0,-89.0
1777889648.4683323,6.0,1.0,-80.0
1777889648.4783323,1.0,0.0,-79.0
1777889648.4883325,-4.0,-2.0,-79.0
1777889648.4983325,-6.0,-1.0,-79.0
1777889648.5083325,-4.0,-5.0,-78.0
1777889648.5183325,0.0,-6.0,-84.0
1777889648.5283325,1.0,-6.0,-79.0
1777889648.5383325,4.0,-6.0,-77.0
1777889648.5483325,0.0,-4.0,-80.0
1777889648.5583324,5.0,-3.0,-82.0
1777889648.5683324,3.0,-3.0,-80.0
1777889648.5783324,7.0,-5.0,-80.0
1777889648.5883324,0.0,-2.0,-77.0
1777889648.5983324,-3.0,-4.0,-78.0
1777889648.6083324,-6.0,-1.0,-76.0
1777889648.6183324,-4.0,-2.0,-83.0
1777889648.6283324,-4.0,2.0,-89.0
1777889648.6383324,-7.0,0.0,-88.0
1777889648.6483324,-3.0,-2.0,-84.0
1777889648.6583323,-4.0,-5.0,-78.0
1777889648.6683323,-3.0,-2.0,-74.0
1777889648.6783323,-2.0,-4.0,-75.0
1777889648.6883323,-3.0,-2.0,-83.0
1777889648.6983323,-2.0,-3.0,-81.0
1777889648.7083323,-1.0,-2.0,-78.0
1777889648.7183323,-2.0,-6.0,-78.0
1777889648.7283323,-2.0,-4.0,-79.0
1777889648.7383325,-1.0,-5.0,-76.0
1777889648.7483325,-4.0,-5.0,-79.0
1777889648.7583325,-8.0,0.0,-78.0
1777889648.7683325,-6.0,4.0,-74.0
1777889648.7783325,-2.0,-1.0,-72.0
1777889648.7883325,-1.0,-4.0,-73.0
1777889648.7983325,-4.0,-2.0,-71.0
1777889648.8083324,-1.0,-4.0,-78.0
1777889648.8183324,0.0,-3.0,-80.0
1777889648.8283324,0.0,0.0,-76.0
1777889648.8383324,5.0,0.0,-71.0
1777889648.8483324,2.0,0.0,-68.0
1777889648.8583324,1.0,-1.0,-71.0
1777889648.8683324,2.0,0.0,-75.0
1777889648.8783324,5.0,0.0,-73.0
1777889648.8883324,5.0,0.0,-70.0
1777889648.8983324,5.0,2.0,-68.0
1777889648.9083323,6.0,0.0,-73.0
1777889648.9183323,5.0,-2.0,-67.0
1777889648.9283323,5.0,-3.0,-69.0
1777889648.9383323,4.0,-5.0,-68.0
1777889648.9483323,2.0,-3.0,-72.0
1777889648.9583323,2.0,-2.0,-71.0
1777889648.9683323,0.0,-2.0,-73.0
1777889648.9783323,2.0,-4.0,-75.0
1777889648.9883325,-2.0,-4.0,-74.0
1777889648.9983325,-4.0,-3.0,-74.0
1777889649.0083325,-3.0,0.0,-77.0
1777889649.0183325,0.0,-1.0,-80.0
1777889649.0283325,1.0,-1.0,-76.0
1777889649.0383325,-2.0,0.0,-81.0
1777889649.0483325,-4.0,0.0,-77.0
1777889649.0583324,-2.0,1.0,-81.0
1777889649.0683324,-2.0,0.0,-84.0
1777889649.0783324,-5.0,-1.0,-80.0
1777889649.0883324,-5.0,-1.0,-71.0
1777889649.0983324,-9.0,-1.0,-66.0
1777889649.1083324,-7.0,-2.0,-62.0
1777889649.1183324,-3.0,0.0,-60.0
1777889649.1283324,-1.0,0.0,-57.0
1777889649.1383324,-1.0,1.0,-61.0
1777889649.1483324,-1.0,0.0,-69.0
1777889649.1583323,-2.0,2.0,-68.0
1777889649.1683323,-2.0,4.0,-65.0
1777889649.1783323,-2.0,5.0,-71.0
1777889649.1883323,1.0,8.0,-75.0
1777889649.1983323,6.0,8.0,-81.0
1777889649.2083323,2.0,7.0,-73.0
1777889649.2183323,3.0,3.0,-74.0
1777889649.2283323,0.0,0.0,-76.0
1777889649.2383325,1.0,-4.0,-73.0
1777889649.2483325,1.0,-3.0,-72.0
1777889649.2593324,2.0,-3.0,-69.0
1777889649.2683325,4.0,-6.0,-73.0
1777889649.2783325,7.0,-4.0,-70.0
1777889649.2893324,3.0,-6.0,-75.0
1777889649.2993324,1.0,-6.0,-72.0
1777889649.3093324,3.0,-3.0,-73.0
1777889649.3193324,3.0,-3.0,-70.0
1777889649.3293324,0.0,-3.0,-67.0
1777889649.3393323,0.0,-4.0,-68.0
1777889649.3493323,2.0,-5.0,-73.0
1777889649.3593323,5.0,-2.0,-82.0
1777889649.3693323,0.0,1.0,-84.0
1777889649.3793323,-1.0,0.0,-77.0
1777889649.3893323,0.0,0.0,-73.0
1777889649.3993323,-2.0,0.0,-71.0
1777889649.4093325,1.0,1.0,-74.0
1777889649.4193325,1.0,4.0,-74.0
1777889649.4293325,-4.0,7.0,-80.0
1777889649.4393325,-7.0,6.0,-86.0
1777889649.4493325,-8.0,7.0,-87.0
1777889649.4593325,-5.0,7.0,-87.0
1777889649.4703324,-5.0,2.0,-80.0
1777889649.4793324,-2.0,-1.0,-83.0
1777889649.4893324,0.0,-3.0,-82.0
1777889649.4993324,-3.0,-3.0,-84.0
1777889649.5093324,-4.0,-6.0,-82.0
1777889649.5193324,0.0,-1.0,-83.0
1777889649.5293324,2.0,1.0,-80.0
1777889649.5393324,-2.0,2.0,-75.0
1777889649.5493324,0.0,4.0,-76.0
1777889649.5593324,1.0,2.0,-80.0
1777889649.5693324,0.0,3.0,-75.0
1777889649.5793324,-2.0,-1.0,-69.0
1777889649.5893323,0.0,-4.0,-71.0
1777889649.5993323,3.0,-1.0,-78.0
1777889649.6093323,9.0,-3.0,-80.0
1777889649.6193323,6.0,-7.0,-78.0
1777889649.6293323,3.0,-4.0,-78.0
1777889649.6393323,4.0,-3.0,-80.0
1777889649.6493323,6.0,-3.0,-79.0
1777889649.6593325,11.0,-3.0,-77.0
1777889649.6693325,12.0,-2.0,-78.0
1777889649.6793325,17.0,-5.0,-77.0
1777889649.6893325,11.0,-5.0,-71.0
1777889649.6993325,10.0,-5.0,-71.0
1777889649.7093325,8.0,-4.0,-69.0
1777889649.7193325,9.0,-5.0,-68.0
1777889649.7293324,4.0,-6.0,-63.0
1777889649.7393324,0.0,-6.0,-70.0
1777889649.7493324,0.0,-4.0,-77.0
1777889649.7593324,1.0,-7.0,-74.0
1777889649.7693324,3.0,-3.0,-75.0
1777889649.7793324,0.0,-3.0,-72.0
1777889649.7893324,1.0,-3.0,-73.0
1777889649.7993324,0.0,-1.0,-74.0
1777889649.8093324,0.0,-5.0,-73.0
1777889649.8193324,-3.0,-3.0,-78.0
1777889649.8293324,-3.0,-2.0,-78.0
1777889649.8393323,-6.0,2.0,-85.0
1777889649.8493323,-4.0,4.0,-87.0
1777889649.8593323,-1.0,4.0,-84.0
1777889649.8693323,-2.0,0.0,-73.0
1777889649.8793323,0.0,-1.0,-72.0
1777889649.8893323,-3.0,-2.0,-75.0
1777889649.8993323,-2.0,4.0,-71.0
1777889649.9093325,-1.0,6.0,-71.0
1777889649.9193325,1.0,3.0,-72.0
1777889649.9293325,2.0,5.0,-77.0
1777889649.9393325,3.0,4.0,-80.0
1777889649.9493325,3.0,1.0,-80.0
1777889649.9593325,2.0,0.0,-84.0
1777889649.9693325,4.0,1.0,-81.0
1777889649.9793324,2.0,-2.0,-74.0
1777889649.9893324,4.0,0.0,-71.0
1777889649.9993324,5.0,4.0,-72.0
1777889650.0093324,4.0,3.0,-72.0
1777889650.0193324,0.0,-1.0,-69.0
1777889650.0293324,-2.0,-1.0,-70.0
1777889650.0393324,-5.0,-1.0,-68.0
1777889650.0493324,-2.0,-2.0,-65.0
1777889650.0593324,-7.0,-4.0,-65.0
1777889650.0693324,-8.0,-6.0,-72.0
1777889650.0793324,-4.0,-4.0,-74.0
1777889650.0893323,-2.0,-7.0,-82.0
1777889650.0993323,3.0,-7.0,-76.0
1777889650.1093323,1.0,-7.0,-78.0
1777889650.1193323,0.0,-6.0,-70.0
1777889650.1293323,1.0,-8.0,-70.0
1777889650.1393323,2.0,-6.0,-87.0
1777889650.1493323,2.0,-2.0,-88.0
1777889650.1593325,4.0,-3.0,-89.0
1777889650.1693325,9.0,-5.0,-83.0
1777889650.1793325,7.0,0.0,-78.0
1777889650.1893325,10.0,0.0,-84.0
1777889650.1993325,8.0,1.0,-85.0
1777889650.2093325,6.0,-5.0,-75.0
1777889650.2193325,8.0,-4.0,-71.0
1777889650.2293324,3.0,-6.0,-68.0
1777889650.2393324,0.0,-5.0,-71.0
1777889650.2493324,0.0,-1.0,-78.0
1777889650.2593324,1.0,2.0,-81.0
1777889650.2693324,-2.0,4.0,-75.0
1777889650.2793324,1.0,7.0,-70.0
1777889650.2893324,0.0,4.0,-76.0
1777889650.2993324,1.0,2.0,-78.0
1777889650.3093324,4.0,2.0,-76.0
1777889650.3193324,5.0,4.0,-70.0
1777889650.3293324,8.0,0.0,-75.0
1777889650.3393323,8.0,4.0,-80.0
1777889650.3493323,7.0,3.0,-84.0
1777889650.3593323,10.0,2.0,-78.0
1777889650.3693323,9.0,3.0,-73.0
1777889650.3793323,9.0,0.0,-78.0
1777889650.3893323,8.0,-2.0,-72.0
1777889650.3993323,1.0,-2.0,-71.0
1777889650.4093325,0.0,-5.0,-68.0
1777889650.4193325,1.0,-7.0,-71.0
1777889650.4293325,1.0,-5.0,-77.0
1777889650.4393325,2.0,-7.0,-83.0
1777889650.4493325,0.0,-5.0,-82.0
1777889650.4593325,4.0,-6.0,-86.0
1777889650.4693325,4.0,-6.0,-86.0
1777889650.4793324,7.0,-9.0,-85.0
1777889650.4893324,6.0,-11.0,-82.0
1777889650.4993324,5.0,-6.0,-83.0
1777889650.5093324,3.0,-9.0,-82.0
1777889650.5193324,3.0,-4.0,-76.0
1777889650.5293324,0.0,-6.0,-77.0
1777889650.5393324,-1.0,-9.0,-72.0
1777889650.5493324,1.0,-5.0,-75.0
1777889650.5593324,1.0,-8.0,-72.0
1777889650.5693324,2.0,-10.0,-75.0
1777889650.5793324,5.0,-8.0,-75.0
1777889650.5893323,2.0,-4.0,-75.0
1777889650.5993323,2.0,-2.0,-66.0
1777889650.6093323,3.0,4.0,-64.0
1777889650.6193323,1.0,2.0,-66.0
1777889650.6293323,0.0,-2.0,-69.0
1777889650.6393323,-1.0,-7.0,-76.0
1777889650.6493323,1.0,-1.0,-72.0
1777889650.6593325,2.0,-5.0,-65.0
1777889650.6693325,5.0,-5.0,-66.0
1777889650.6793325,5.0,-6.0,-61.0
1777889650.6893325,3.0,-5.0,-72.0
1777889650.6993325,4.0,-6.0,-79.0
1777889650.7093325,4.0,-4.0,-78.0
1777889650.7193325,0.0,-2.0,-75.0
1777889650.7293324,2.0,-1.0,-76.0
1777889650.7393324,0.0,-2.0,-75.0
1777889650.7493324,-1.0,-1.0,-71.0
1777889650.7593324,0.0,-1.0,-67.0
1777889650.7693324,-1.0,-6.0,-61.0
1777889650.7793324,3.0,-6.0,-62.0
1777889650.7893324,4.0,-3.0,-57.0
1777889650.7993324,8.0,1.0,-61.0
1777889650.8093324,6.0,4.0,-69.0
1777889650.8193324,6.0,3.0,-71.0
1777889650.8293324,10.0,1.0,-67.0
1777889650.8393323,10.0,0.0,-61.0
1777889650.8493323,4.0,3.0,-65.0
1777889650.8593323,6.0,4.0,-65.0
1777889650.8693323,4.0,6.0,-66.0
1777889650.8793323,6.0,5.0,-59.0
1777889650.8893323,3.0,6.0,-58.0
1777889650.8993323,5.0,9.0,-60.0
1777889650.9093325,2.0,6.0,-61.0
1777889650.9193325,2.0,4.0,-61.0
1777889650.9293325,3.0,2.0,-68.0
1777889650.9393325,1.0,1.0,-69.0
1777889650.9493325,1.0,2.0,-67.0
1777889650.9593325,4.0,1.0,-67.0
1777889650.9693325,0.0,-2.0,-68.0
1777889650.9793324,5.0,-1.0,-73.0
1777889650.9893324,0.0,-3.0,-73.0
1777889650.9993324,0.0,-4.0,-72.0
1777889651.0093324,-3.0,-3.0,-69.0
1777889651.0193324,-6.0,-1.0,-67.0
1777889651.0293324,-8.0,0.0,-64.0
1777889651.0393324,-7.0,-1.0,-70.0
1777889651.0493324,-6.0,-1.0,-72.0
1777889651.0593324,-8.0,-3.0,-63.0
1777889651.0693324,-7.0,-6.0,-66.0
1777889651.0793324,0.0,-1.0,-74.0
1777889651.0893323,0.0,0.0,-76.0
1777889651.0993323,-1.0,0.0,-78.0
1777889651.1093323,2.0,2.0,-73.0
1777889651.1193323,6.0,1.0,-68.0
1777889651.1293323,6.0,4.0,-70.0
1777889651.1393323,2.0,2.0,-67.0
1777889651.1493323,0.0,1.0,-70.0
1777889651.1593325,3.0,1.0,-69.0
1777889651.1693325,10.0,3.0,-74.0
1777889651.1793325,10.0,5.0,-74.0
1777889651.1893325,6.0,4.0,-78.0
1777889651.1993325,7.0,2.0,-71.0
1777889651.2093325,7.0,4.0,-79.0
1777889651.2193325,5.0,2.0,-83.0
1777889651.2293324,8.0,3.0,-83.0
1777889651.2393324,9.0,2.0,-87.0
1777889651.2493324,6.0,5.0,-90.0
1777889651.2603323,5.0,2.0,-84.0
1777889651.2703323,3.0,0.0,-80.0
1777889651.2803323,6.0,-1.0,-76.0
1777889651.2903323,4.0,-4.0,-73.0
1777889651.3003323,-1.0,0.0,-72.0
1777889651.3103323,1.0,0.0,-74.0
1777889651.3193324,1.0,2.0,-76.0
1777889651.3303325,0.0,1.0,-74.0
1777889651.3403325,-2.0,1.0,-69.0
1777889651.3503325,-1.0,0.0,-69.0
1777889651.3603325,-3.0,-4.0,-72.0
1777889651.3703325,-3.0,-1.0,-76.0
1777889651.3803325,-4.0,0.0,-73.0
1777889651.3903325,-3.0,-5.0,-69.0
1777889651.4003325,-1.0,0.0,-70.0
1777889651.4103324,-3.0,1.0,-66.0
1777889651.4203324,1.0,0.0,-66.0
1777889651.4303324,-4.0,-1.0,-63.0
1777889651.4403324,-3.0,0.0,-69.0
1777889651.4503324,4.0,-1.0,-68.0
1777889651.4603324,5.0,0.0,-67.0
1777889651.4703324,6.0,-1.0,-69.0
1777889651.4803324,4.0,-1.0,-66.0
1777889651.4903324,7.0,-2.0,-64.0
1777889651.5003324,6.0,-6.0,-69.0
1777889651.5103323,7.0,-5.0,-77.0
1777889651.5203323,6.0,-6.0,-82.0
1777889651.5303323,2.0,-2.0,-77.0
1777889651.5403323,1.0,-2.0,-78.0
1777889651.5503323,0.0,-1.0,-77.0
1777889651.5603323,1.0,0.0,-79.0
1777889651.5703323,2.0,-1.0,-86.0
1777889651.5803325,4.0,-4.0,-83.0
1777889651.5903325,8.0,-3.0,-80.0
1777889651.6003325,10.0,-3.0,-80.0
1777889651.6103325,11.0,0.0,-84.0
1777889651.6203325,11.0,0.0,-85.0
1777889651.6303325,10.0,0.0,-83.0
1777889651.6403325,13.0,-1.0,-77.0
1777889651.6503325,10.0,-2.0,-77.0
1777889651.6603324,6.0,-4.0,-72.0
1777889651.6703324,9.0,-1.0,-74.0
1777889651.6803324,8.0,-4.0,-72.0
1777889651.6903324,7.0,-4.0,-73.0
1777889651.7003324,4.0,-3.0,-66.0
1777889651.7103324,3.0,-3.0,-64.0
1777889651.7203324,1.0,-4.0,-68.0
1777889651.7303324,0.0,-5.0,-74.0
1777889651.7403324,-1.0,-7.0,-69.0
1777889651.7503324,-1.0,-6.0,-63.0
1777889651.7603323,0.0,-6.0,-70.0
1777889651.7703323,0.0,-7.0,-74.0
1777889651.7803323,0.0,-6.0,-77.0
1777889651.7903323,-1.0,-2.0,-77.0
1777889651.8003323,0.0,-3.0,-76.0
1777889651.8103323,-2.0,-7.0,-72.0
1777889651.8203323,0.0,-7.0,-76.0
1777889651.8303325,4.0,-7.0,-84.0
1777889651.8403325,4.0,-3.0,-83.0
1777889651.8503325,-1.0,-3.0,-84.0
1777889651.8603325,0.0,-3.0,-89.0
1777889651.8703325,-2.0,-3.0,-93.0
1777889651.8803325,1.0,0.0,-83.0
1777889651.8903325,4.0,0.0,-82.0
1777889651.9003325,1.0,3.0,-80.0
1777889651.9103324,-5.0,4.0,-73.0
1777889651.9203324,-5.0,6.0,-67.0
1777889651.9303324,-2.0,4.0,-70.0
1777889651.9403324,-1.0,0.0,-76.0
1777889651.9503324,4.0,-1.0,-83.0
1777889651.9603324,1.0,0.0,-82.0
1777889651.9703324,-9.0,-1.0,-75.0
1777889651.9803324,-9.0,0.0,-80.0
1777889651.9903324,-4.0,2.0,-85.0
1777889652.0003324,-2.0,1.0,-80.0
1777889652.0103323,4.0,0.0,-78.0
1777889652.0203323,6.0,-1.0,-70.0
1777889652.0303323,5.0,0.0,-70.0
1777889652.0403323,6.0,-1.0,-73.0
1777889652.0503323,6.0,0.0,-71.0
1777889652.0603323,4.0,0.0,-72.0
1777889652.0703323,7.0,0.0,-72.0
1777889652.0803325,4.0,0.0,-74.0
1777889652.0903325,3.0,0.0,-76.0
1777889652.1003325,6.0,-1.0,-77.0
1777889652.1103325,6.0,0.0,-86.0
1777889652.1203325,5.0,-3.0,-87.0
1777889652.1303325,7.0,-4.0,-86.0
1777889652.1403325,4.0,-5.0,-85.0
1777889652.1503325,4.0,-3.0,-80.0
1777889652.1603324,0.0,-3.0,-82.0
1777889652.1703324,-2.0,0.0,-77.0
1777889652.1803324,1.0,2.0,-76.0
1777889652.1903324,4.0,5.0,-70.0
1777889652.2003324,1.0,5.0,-72.0
1777889652.2103324,3.0,3.0,-75.0
1777889652.2203324,0.0,1.0,-68.0
1777889652.2303324,1.0,2.0,-75.0
1777889652.2403324,-1.0,0.0,-82.0
1777889652.2503324,-6.0,0.0,-81.0
1777889652.2603323,-3.0,-4.0,-80.0
1777889652.2703323,-2.0,-5.0,-83.0
1777889652.2803323,-4.0,-4.0,-76.0
1777889652.2903323,-5.0,-3.0,-74.0
1777889652.3003323,-3.0,1.0,-79.0
1777889652.3103323,-3.0,2.0,-80.0
1777889652.3203323,-6.0,3.0,-74.0
1777889652.3303325,-5.0,3.0,-81.0
1777889652.3403325,-6.0,0.0,-80.0
1777889652.3503325,-4.0,-2.0,-82.0
1777889652.3603325,0.0,5.0,-87.0
1777889652.3703325,5.0,6.0,-83.0
1777889652.3803325,6.0,4.0,-85.0
1777889652.3903325,2.0,3.0,-88.0
1777889652.4003325,1.0,2.0,-82.0
1777889652.4103324,-1.0,2.0,-82.0
1777889652.4203324,-2.0,1.0,-80.0
1777889652.4303324,-2.0,1.0,-73.0
1777889652.4403324,2.0,2.0,-77.0
1777889652.4503324,2.0,-2.0,-78.0
1777889652.4603324,1.0,-3.0,-77.0
1777889652.4703324,5.0,-3.0,-74.0
1777889652.4803324,9.0,0.0,-78.0
1777889652.4903324,11.0,0.0,-76.0
1777889652.5003324,9.0,1.0,-76.0
1777889652.5103323,8.0,0.0,-75.0
1777889652.5203323,6.0,3.0,-73.0
1777889652.5303323,3.0,7.0,-74.0
1777889652.5403323,3.0,3.0,-71.0
1777889652.5503323,6.0,3.0,-76.0
1777889652.5603323,5.0,3.0,-77.0
1777889652.5703323,8.0,2.0,-80.0
1777889652.5803325,3.0,-1.0,-82.0
1777889652.5903325,0.0,-4.0,-82.0
1777889652.6003325,-2.0,-6.0,-79.0
1777889652.6103325,0.0,-6.0,-80.0
1777889652.6203325,0.0,-9.0,-86.0
1777889652.6303325,3.0,-9.0,-79.0
1777889652.6403325,3.0,-5.0,-79.0
1777889652.6503325,1.0,-2.0,-81.0
1777889652.6603324,-3.0,-2.0,-79.0
1777889652.6703324,-4.0,-4.0,-75.0
1777889652.6803324,0.0,-2.0,-71.0
1777889652.6903324,1.0,-6.0,-75.0
1777889652.7003324,3.0,-6.0,-81.0
1777889652.7103324,1.0,-1.0,-79.0
1777889652.7203324,0.0,0.0,-80.0
1777889652.7303324,0.0,0.0,-78.0
1777889652.7403324,0.0,-2.0,-78.0
1777889652.7503324,0.0,-1.0,-86.0
1777889652.7603323,-1.0,0.0,-81.0
1777889652.7703323,-2.0,0.0,-82.0
1777889652.7803323,-2.0,0.0,-74.0
1777889652.7903323,-2.0,2.0,-71.0
1777889652.8003323,0.0,3.0,-71.0
1777889652.8103323,-2.0,6.0,-66.0
1777889652.8203323,-1.0,1.0,-72.0
1777889652.8303325,-2.0,0.0,-77.0
1777889652.8403325,-1.0,0.0,-76.0
1777889652.8503325,-1.0,6.0,-74.0
1777889652.8603325,0.0,7.0,-70.0
1777889652.8703325,3.0,5.0,-71.0
1777889652.8803325,3.0,3.0,-66.0
1777889652.8903325,4.0,0.0,-65.0
1777889652.9003325,4.0,-4.0,-64.0
1777889652.9103324,2.0,-4.0,-62.0
1777889652.9203324,4.0,0.0,-72.0
1777889652.9303324,2.0,-1.0,-74.0
1777889652.9403324,1.0,-1.0,-75.0
1777889652.9503324,6.0,0.0,-68.0
1777889652.9603324,3.0,4.0,-68.0
1777889652.9703324,5.0,1.0,-66.0
1777889652.9803324,4.0,0.0,-69.0
1777889652.9903324,3.0,-3.0,-67.0
1777889653.0003324,4.0,-3.0,-67.0
1777889653.0103323,4.0,-3.0,-69.0
1777889653.0203323,0.0,-7.0,-67.0
1777889653.0303323,1.0,-8.0,-71.0
1777889653.0403323,3.0,-7.0,-75.0
1777889653.0503323,4.0,-6.0,-76.0
1777889653.0603323,3.0,-2.0,-78.0
1777889653.0703323,0.0,0.0,-74.0
1777889653.0803325,0.0,0.0,-73.0
1777889653.0903325,1.0,0.0,-70.0
1777889653.1003325,1.0,0.0,-79.0
1777889653.1103325,3.0,0.0,-88.0
1777889653.1203325,0.0,0.0,-94.0
1777889653.1303325,1.0,-2.0,-92.0
1777889653.1403325,-1.0,-2.0,-87.0
1777889653.1503325,1.0,-3.0,-77.0
1777889653.1603324,-1.0,-8.0,-83.0
1777889653.1703324,-2.0,-4.0,-82.0
1777889653.1803324,0.0,-5.0,-77.0
1777889653.1903324,-1.0,-8.0,-71.0
1777889653.2003324,-3.0,-5.0,-67.0
1777889653.2103324,-4.0,-3.0,-71.0
1777889653.2203324,-3.0,-1.0,-71.0
1777889653.2303324,-3.0,0.0,-72.0
1777889653.2403324,-3.0,2.0,-67.0
1777889653.2503324,0.0,4.0,-68.0
1777889653.2613325,3.0,6.0,-70.0
1777889653.2713325,1.0,6.0,-68.0
1777889653.2813325,3.0,6.0,-66.0
1777889653.2913325,3.0,6.0,-68.0
1777889653.3013325,1.0,5.0,-73.0
1777889653.3113325,4.0,2.0,-76.0
1777889653.3213325,5.0,0.0,-79.0
1777889653.3313324,1.0,-4.0,-79.0
1777889653.3413324,0.0,-5.0,-74.0
1777889653.3513324,0.0,-4.0,-73.0
1777889653.3613324,0.0,-7.0,-75.0
1777889653.3713324,0.0,-7.0,-77.0
1777889653.3813324,0.0,-8.0,-78.0
1777889653.3913324,1.0,-5.0,-79.0
1777889653.4013324,0.0,-2.0,-82.0
1777889653.4113324,5.0,0.0,-82.0
1777889653.4213324,6.0,2.0,-82.0
1777889653.4313323,7.0,0.0,-84.0
1777889653.4413323,7.0,0.0,-80.0
1777889653.4513323,8.0,3.0,-76.0
1777889653.4613323,1.0,2.0,-73.0
1777889653.4713323,0.0,5.0,-71.0
1777889653.4813323,0.0,0.0,-74.0
1777889653.4913323,4.0,0.0,-74.0
1777889653.5013323,3.0,-2.0,-73.0
1777889653.5113325,0.0,-2.0,-74.0
1777889653.5213325,-4.0,-4.0,-77.0
1777889653.5313325,-2.0,-2.0,-81.0
1777889653.5413325,-1.0,-1.0,-86.0
1777889653.5513325,-4.0,1.0,-82.0
1777889653.5613325,-8.0,2.0,-85.0
1777889653.5713325,-7.0,1.0,-85.0
1777889653.5813324,-6.0,-1.0,-85.0
1777889653.5913324,-3.0,0.0,-86.0
1777889653.6013324,-4.0,0.0,-84.0
1777889653.6113324,0.0,0.0,-72.0
1777889653.6213324,2.0,1.0,-72.0
1777889653.6313324,0.0,1.0,-72.0
1777889653.6413324,1.0,2.0,-78.0
1777889653.6513324,0.0,0.0,-68.0
1777889653.6613324,1.0,-1.0,-71.0
1777889653.6713324,-1.0,-1.0,-66.0
1777889653.6813323,-2.0,2.0,-71.0
1777889653.6913323,-1.0,3.0,-66.0
1777889653.7013323,0.0,0.0,-65.0
1777889653.7113323,0.0,1.0,-72.0
1777889653.7213323,0.0,0.0,-73.0
1777889653.7313323,5.0,-1.0,-70.0
1777889653.7413323,4.0,1.0,-74.0
1777889653.7513323,7.0,-1.0,-77.0
1777889653.7613325,8.0,0.0,-82.0
1777889653.7713325,5.0,1.0,-83.0
1777889653.7813325,2.0,0.0,-80.0
1777889653.7913325,3.0,-2.0,-81.0
1777889653.8013325,3.0,-6.0,-80.0
1777889653.8113325,2.0,-2.0,-82.0
1777889653.8213325,1.0,0.0,-77.0
1777889653.8313324,1.0,-1.0,-77.0
1777889653.8413324,1.0,-2.0,-84.0
1777889653.8513324,7.0,0.0,-87.0
1777889653.8613324,2.0,-3.0,-86.0
1777889653.8713324,5.0,-4.0,-84.0
1777889653.8813324,3.0,-3.0,-81.0
1777889653.8913324,2.0,-7.0,-84.0
1777889653.9013324,3.0,-3.0,-83.0
1777889653.9113324,3.0,1.0,-83.0
1777889653.9213324,1.0,1.0,-81.0
1777889653.9313323,0.0,0.0,-90.0
1777889653.9413323,1.0,-4.0,-85.0
1777889653.9513323,2.0,-3.0,-80.0
1777889653.9613323,2.0,-3.0,-82.0
1777889653.9713323,2.0,-3.0,-90.0
1777889653.9813323,0.0,-2.0,-95.0
1777889653.9913323,-1.0,-1.0,-90.0
1777889654.0013323,0.0,-1.0,-84.0
1777889654.0113325,-1.0,1.0,-84.0
1777889654.0213325,-2.0,0.0,-90.0
1777889654.0313325,2.0,0.0,-88.0
1777889654.0413325,2.0,-1.0,-81.0
1777889654.0513325,0.0,0.0,-75.0
1777889654.0613325,2.0,-2.0,-72.0
1777889654.0713325,3.0,-2.0,-74.0
1777889654.0813324,2.0,-2.0,-73.0
1777889654.0913324,1.0,-1.0,-76.0
1777889654.1013324,0.0,1.0,-75.0
1777889654.1113324,-2.0,0.0,-77.0
1777889654.1213324,1.0,3.0,-76.0
1777889654.1313324,6.0,0.0,-77.0
1777889654.1413324,7.0,-2.0,-78.0
1777889654.1513324,7.0,-3.0,-77.0
1777889654.1613324,7.0,0.0,-84.0
1777889654.1713324,3.0,-1.0,-84.0
1777889654.1813323,0.0,2.0,-81.0
1777889654.1913323,-2.0,1.0,-76.0
1777889654.2013323,1.0,4.0,-77.0
1777889654.2113323,2.0,3.0,-78.0
1777889654.2213323,0.0,3.0,-75.0
1777889654.2313323,-2.0,4.0,-77.0
1777889654.2413323,0.0,7.0,-74.0
1777889654.2513323,2.0,6.0,-64.0
1777889654.2613325,4.0,6.0,-61.0
1777889654.2713325,2.0,3.0,-71.0
1777889654.2813325,0.0,0.0,-71.0
1777889654.2913325,0.0,-3.0,-71.0
1777889654.3013325,-1.0,-2.0,-74.0
1777889654.3113325,1.0,-2.0,-75.0
1777889654.3213325,1.0,-2.0,-76.0
1777889654.3313324,3.0,0.0,-77.0
1777889654.3413324,3.0,-1.0,-84.0
1777889654.3513324,1.0,0.0,-81.0
1777889654.3613324,-4.0,0.0,-75.0
1777889654.3713324,-4.0,1.0,-74.0
1777889654.3813324,-1.0,0.0,-63.0
1777889654.3913324,4.0,1.0,-61.0
1777889654.4013324,5.0,2.0,-62.0
1777889654.4113324,5.0,0.0,-64.0
1777889654.4213324,7.0,0.0,-71.0
1777889654.4313323,5.0,-1.0,-66.0
1777889654.4413323,7.0,1.0,-71.0
1777889654.4513323,4.0,5.0,-77.0
1777889654.4613323,3.0,1.0,-78.0
1777889654.4713323,3.0,3.0,-74.0
1777889654.4813323,0.0,0.0,-67.0
1777889654.4913323,1.0,-2.0,-60.0
1777889654.5013323,4.0,1.0,-58.0
1777889654.5113325,3.0,0.0,-56.0
1777889654.5213325,1.0,-6.0,-63.0
1777889654.5313325,0.0,-5.0,-70.0
1777889654.5413325,-6.0,-2.0,-70.0
1777889654.5513325,-5.0,-1.0,-67.0
1777889654.5613325,0.0,0.0,-66.0
1777889654.5713325,-5.0,0.0,-71.0
1777889654.5813324,-5.0,-2.0,-70.0
1777889654.5913324,-9.0,-2.0,-76.0
1777889654.6013324,-7.0,0.0,-73.0
1777889654.6113324,-9.0,-3.0,-74.0
1777889654.6213324,-8.0,-1.0,-82.0
1777889654.6313324,-5.0,1.0,-82.0
1777889654.6413324,-3.0,2.0,-80.0
1777889654.6513324,-4.0,1.0,-77.0
1777889654.6613324,1.0,4.0,-77.0
1777889654.6713324,0.0,3.0,-78.0
1777889654.6813323,-1.0,-1.0,-82.0
1777889654.6913323,0.0,1.0,-83.0
1777889654.7013323,-2.0,0.0,-84.0
1777889654.7113323,-2.0,-2.0,-82.0
1777889654.7213323,1.0,-1.0,-81.0
1777889654.7313323,8.0,-1.0,-74.0
1777889654.7413323,7.0,-2.0,-76.0
1777889654.7513323,6.0,2.0,-76.0
1777889654.7613325,0.0,1.0,-77.0
1777889654.7713325,-3.0,4.0,-74.0
1777889654.7813325,0.0,4.0,-77.0
1777889654.7913325,6.0,-5.0,-78.0
1777889654.8013325,6.0,-4.0,-75.0
1777889654.8113325,1.0,-5.0,-74.0
1777889654.8213325,0.0,-8.0,-67.0
1777889654.8313324,-2.0,-12.0,-63.0
1777889654.8413324,-1.0,-11.0,-59.0
1777889654.8513324,-8.0,-3.0,-62.0
1777889654.8613324,-2.0,2.0,-66.0
1777889654.8713324,-3.0,1.0,-62.0
1777889654.8813324,-1.0,-2.0,-72.0
1777889654.8913324,-1.0,-6.0,-81.0
1777889654.9013324,0.0,-2.0,-77.0
1777889654.9113324,-3.0,0.0,-78.0
1777889654.9213324,-4.0,3.0,-80.0
1777889654.9313323,-6.0,2.0,-80.0
1777889654.9413323,-6.0,1.0,-78.0
1777889654.9513323,0.0,1.0,-78.0
1777889654.9613323,2.0,3.0,-81.0
1777889654.9713323,6.0,4.0,-80.0
1777889654.9813323,9.0,6.0,-77.0
1777889654.9913323,10.0,0.0,-76.0
1777889655.0013323,12.0,2.0,-74.0
1777889655.0113325,11.0,0.0,-76.0
1777889655.0213325,10.0,-4.0,-74.0
1777889655.0313325,5.0,-5.0,-73.0
1777889655.0413325,4.0,-4.0,-70.0
1777889655.0513325,8.0,-1.0,-69.0
1777889655.0613325,6.0,-1.0,-76.0
1777889655.0713325,5.0,0.0,-73.0
1777889655.0813324,10.0,-2.0,-71.0
1777889655.0913324,13.0,-6.0,-69.0
1777889655.1013324,12.0,-2.0,-71.0
1777889655.1113324,13.0,1.0,-75.0
1777889655.1213324,11.0,0.0,-75.0
1777889655.1313324,13.0,0.0,-84.0
1777889655.1413324,15.0,1.0,-84.0
1777889655.1513324,9.0,0.0,-87.0
1777889655.1613324,7.0,4.0,-83.0
1777889655.1713324,0.0,5.0,-77.0
1777889655.1813323,-5.0,5.0,-83.0
1777889655.1913323,-7.0,6.0,-80.0
1777889655.2013323,-9.0,5.0,-80.0
1777889655.2113323,-6.0,4.0,-75.0
1777889655.2213323,-1.0,0.0,-78.0
1777889655.2313323,-1.0,2.0,-75.0
1777889655.2413323,2.0,3.0,-75.0
1777889655.2523324,4.0,5.0,-78.0
1777889655.2623324,6.0,3.0,-79.0
1777889655.2723324,6.0,6.0,-81.0
1777889655.2823324,0.0,8.0,-84.0
1777889655.2923324,0.0,7.0,-80.0
1777889655.3023324,2.0,3.0,-76.0
1777889655.3123324,1.0,-3.0,-77.0
1777889655.3223324,3.0,-4.0,-80.0
1777889655.3323324,1.0,-3.0,-76.0
1777889655.3423324,7.0,-3.0,-73.0
1777889655.3523324,5.0,0.0,-80.0
1777889655.3623323,6.0,3.0,-83.0
1777889655.3723323,5.0,2.0,-86.0
1777889655.3823323,9.0,0.0,-89.0
1777889655.3933325,7.0,-1.0,-86.0
1777889655.4023323,7.0,-1.0,-87.0
1777889655.4123323,4.0,1.0,-85.0
1777889655.4223323,2.0,1.0,-78.0
1777889655.4323325,5.0,-1.0,-82.0
1777889655.4423325,2.0,-4.0,-79.0
1777889655.4523325,2.0,4.0,-78.0
1777889655.4623325,-1.0,-1.0,-74.0
1777889655.4723325,0.0,-1.0,-70.0
1777889655.4823325,-1.0,-1.0,-65.0
1777889655.4923325,-4.0,0.0,-64.0
1777889655.5023324,-6.0,0.0,-65.0
1777889655.5123324,-6.0,-1.0,-68.0
1777889655.5223324,-7.0,-3.0,-70.0
1777889655.5323324,-3.0,-1.0,-69.0
1777889655.5423324,-5.0,-2.0,-78.0
1777889655.5523324,-5.0,-6.0,-76.0
1777889655.5623324,-6.0,-5.0,-72.0
1777889655.5723324,-2.0,-2.0,-68.0
1777889655.5823324,-3.0,-4.0,-73.0
1777889655.5923324,-3.0,-2.0,-76.0
1777889655.6023324,-5.0,0.0,-79.0
1777889655.6123323,-5.0,0.0,-84.0
1777889655.6223323,-7.0,-2.0,-87.0
1777889655.6323323,-4.0,0.0,-88.0
1777889655.6423323,-3.0,-3.0,-83.0
1777889655.6523323,-1.0,-2.0,-80.0
1777889655.6623323,0.0,5.0,-78.0
1777889655.6723323,0.0,1.0,-74.0
1777889655.6823325,-2.0,-1.0,-73.0
1777889655.6923325,0.0,0.0,-78.0
1777889655.7023325,4.0,0.0,-81.0
1777889655.7123325,2.0,0.0,-76.0
1777889655.7223325,2.0,1.0,-78.0
1777889655.7323325,5.0,0.0,-78.0
1777889655.7423325,4.0,0.0,-81.0
1777889655.7523324,3.0,-3.0,-76.0
1777889655.7623324,0.0,-3.0,-76.0
1777889655.7723324,1.0,0.0,-79.0
1777889655.7823324,4.0,1.0,-76.0
1777889655.7923324,3.0,-1.0,-70.0
1777889655.8023324,0.0,-4.0,-74.0
1777889655.8123324,-3.0,-6.0,-70.0
1777889655.8223324,2.0,-3.0,-71.0
1777889655.8323324,0.0,-7.0,-69.0
1777889655.8423324,-5.0,-5.0,-64.0
1777889655.8523324,-5.0,-6.0,-72.0
1777889655.8623323,-4.0,-6.0,-73.0
1777889655.8723323,-3.0,-7.0,-71.0
1777889655.8823323,-5.0,-4.0,-80.0
1777889655.8923323,-6.0,-5.0,-83.0
1777889655.9023323,-1.0,-3.0,-86.0
1777889655.9123323,1.0,1.0,-86.0
1777889655.9223323,-2.0,5.0,-85.0
1777889655.9323325,0.0,4.0,-82.0
1777889655.9423325,3.0,3.0,-79.0
1777889655.9523325,-5.0,0.0,-77.0
1777889655.9623325,0.0,-3.0,-77.0
1777889655.9723325,0.0,-1.0,-75.0
1777889655.9823325,-1.0,-6.0,-77.0
1777889655.9923325,-1.0,-9.0,-78.0
1777889656.0023324,0.0,-9.0,-80.0
1777889656.0123324,0.0,-8.0,-77.0
1777889656.0223324,3.0,-7.0,-80.0
1777889656.0323324,0.0,-6.0,-74.0
1777889656.0423324,2.0,-4.0,-76.0
1777889656.0523324,1.0,-3.0,-79.0
1777889656.0623324,0.0,-1.0,-77.0
1777889656.0723324,5.0,-4.0,-86.0
1777889656.0823324,2.0,-6.0,-84.0
1777889656.0923324,6.0,-6.0,-80.0
1777889656.1023324,4.0,-4.0,-79.0
1777889656.1123323,6.0,-3.0,-76.0
1777889656.1223323,0.0,-1.0,-80.0
1777889656.1323323,1.0,0.0,-77.0
1777889656.1423323,-1.0,-1.0,-74.0
1777889656.1523323,-2.0,-1.0,-75.0
1777889656.1623323,-2.0,-3.0,-77.0
1777889656.1723323,-5.0,-2.0,-78.0
1777889656.1823325,-2.0,-2.0,-80.0
1777889656.1923325,-2.0,1.0,-82.0
1777889656.2023325,-5.0,0.0,-84.0
1777889656.2123325,-2.0,-1.0,-79.0
1777889656.2223325,-1.0,-2.0,-73.0
1777889656.2323325,-2.0,-4.0,-76.0
1777889656.2423325,-2.0,-6.0,-80.0
1777889656.2523324,0.0,-2.0,-75.0
1777889656.2623324,0.0,-1.0,-80.0
1777889656.2723324,-1.0,-1.0,-83.0
1777889656.2823324,-1.0,0.0,-80.0
1777889656.2923324,0.0,0.0,-78.0
1777889656.3023324,0.0,4.0,-70.0
1777889656.3123324,2.0,4.0,-73.0
1777889656.3223324,1.0,2.0,-77.0
1777889656.3323324,1.0,1.0,-75.0
1777889656.3423324,3.0,0.0,-77.0
1777889656.3523324,3.0,0.0,-78.0
1777889656.3623323,6.0,3.0,-78.0
1777889656.3723323,0.0,0.0,-78.0
1777889656.3823323,-2.0,2.0,-74.0
1777889656.3923323,-5.0,5.0,-70.0
1777889656.4023323,-6.0,7.0,-66.0
1777889656.4123323,-5.0,5.0,-68.0
1777889656.4223323,0.0,2.0,-70.0
1777889656.4323325,0.0,4.0,-70.0
1777889656.4423325,-3.0,6.0,-75.0
1777889656.4523325,-6.0,6.0,-75.0
1777889656.4623325,-3.0,6.0,-77.0
1777889656.4723325,-7.0,4.0,-81.0
1777889656.4823325,-9.0,1.0,-84.0
1777889656.4923325,-9.0,0.0,-93.0
1777889656.5023324,-9.0,2.0,-88.0
1777889656.5123324,-2.0,0.0,-91.0
1777889656.5223324,0.0,-1.0,-91.0
1777889656.5323324,1.0,-1.0,-86.0
1777889656.5423324,0.0,-2.0,-84.0
1777889656.5523324,0.0,0.0,-85.0
1777889656.5623324,4.0,-5.0,-79.0
1777889656.5723324,6.0,-5.0,-83.0
1777889656.5823324,8.0,-4.0,-72.0
1777889656.5923324,8.0,-7.0,-75.0
1777889656.6023324,5.0,-6.0,-79.0
1777889656.6123323,6.0,-6.0,-76.0
1777889656.6223323,3.0,-4.0,-79.0
1777889656.6323323,0.0,-4.0,-77.0
1777889656.6423323,1.0,-2.0,-83.0
1777889656.6523323,5.0,6.0,-81.0
1777889656.6623323,1.0,8.0,-80.0
1777889656.6723323,5.0,8.0,-85.0
1777889656.6823325,3.0,5.0,-89.0
1777889656.6923325,3.0,6.0,-87.0
1777889656.7023325,3.0,3.0,-84.0
1777889656.7123325,3.0,2.0,-86.0
1777889656.7223325,4.0,0.0,-80.0
1777889656.7323325,2.0,0.0,-70.0
1777889656.7423325,2.0,1.0,-73.0
1777889656.7523324,4.0,0.0,-72.0
1777889656.7623324,8.0,0.0,-71.0
1777889656.7723324,3.0,2.0,-65.0
1777889656.7823324,1.0,2.0,-74.0
1777889656.7923324,0.0,1.0,-69.0
1777889656.8023324,3.0,-1.0,-60.0
1777889656.8123324,4.0,-2.0,-63.0
1777889656.8223324,8.0,0.0,-62.0
1777889656.8323324,7.0,2.0,-66.0
1777889656.8433323,9.0,0.0,-68.0
1777889656.8523324,6.0,0.0,-67.0
1777889656.8623323,6.0,1.0,-66.0
1777889656.8723323,4.0,1.0,-67.0
1777889656.8823323,4.0,0.0,-70.0
1777889656.8923323,3.0,1.0,-65.0
1777889656.9023323,3.0,0.0,-63.0
1777889656.9123323,1.0,-1.0,-65.0
1777889656.9223323,0.0,-3.0,-64.0
1777889656.9323325,-2.0,-4.0,-66.0
1777889656.9423325,-3.0,-4.0,-72.0
1777889656.9523325,-6.0,-4.0,-71.0
1777889656.9623325,-4.0,-2.0,-74.0
1777889656.9723325,0.0,-4.0,-67.0
1777889656.9823325,0.0,-1.0,-67.0
1777889656.9923325,0.0,-1.0,-73.0
1777889657.0023324,0.0,5.0,-82.0
1777889657.0123324,-3.0,5.0,-86.0
1777889657.0223324,1.0,4.0,-84.0
1777889657.0323324,1.0,1.0,-81.0
1777889657.0423324,1.0,1.0,-87.0
1777889657.0523324,-1.0,2.0,-85.0
1777889657.0623324,-2.0,2.0,-86.0
1777889657.0723324,2.0,2.0,-84.0
1777889657.0823324,0.0,0.0,-83.0
1777889657.0923324,0.0,1.0,-86.0
1777889657.1023324,3.0,2.0,-85.0
1777889657.1123323,1.0,0.0,-83.0
1777889657.1223323,0.0,-1.0,-78.0
1777889657.1323323,1.0,2.0,-79.0
1777889657.1423323,0.0,8.0,-86.0
1777889657.1523323,1.0,9.0,-81.0
1777889657.1623323,-4.0,6.0,-77.0
1777889657.1723323,-2.0,6.0,-72.0
1777889657.1823325,-1.0,7.0,-75.0
1777889657.1923325,3.0,6.0,-75.0
1777889657.2033324,3.0,6.0,-79.0
1777889657.2133324,3.0,0.0,-82.0
1777889657.2223325,6.0,-2.0,-81.0
1777889657.2333324,2.0,-2.0,-80.0
1777889657.2433324,2.0,-2.0,-80.0
1777889657.2533324,1.0,-2.0,-77.0
1777889657.2633324,-1.0,-1.0,-74.0
1777889657.2733324,3.0,-1.0,-78.0
1777889657.2833323,2.0,2.0,-85.0
1777889657.2933323,-4.0,1.0,-83.0
1777889657.3033323,-7.0,-3.0,-75.0
1777889657.3133323,-10.0,-3.0,-72.0
1777889657.3233323,-7.0,-3.0,-73.0
1777889657.3333323,-3.0,-3.0,-79.0
1777889657.3433323,-3.0,-5.0,-84.0
1777889657.3533323,1.0,-7.0,-83.0
1777889657.3633325,4.0,-8.0,-84.0
1777889657.3733325,2.0,-9.0,-86.0
1777889657.3833325,4.0,-7.0,-82.0
1777889657.3933325,8.0,-4.0,-77.0
1777889657.4033325,5.0,-5.0,-68.0
1777889657.4133325,1.0,-7.0,-74.0
1777889657.4233325,2.0,-5.0,-70.0
1777889657.4333324,2.0,-3.0,-72.0
1777889657.4433324,3.0,-1.0,-73.0
1777889657.4533324,0.0,-2.0,-72.0
1777889657.4633324,7.0,-1.0,-68.0
1777889657.4733324,6.0,0.0,-74.0
1777889657.4833324,12.0,2.0,-71.0
1777889657.4933324,9.0,0.0,-74.0
1777889657.5033324,11.0,2.0,-74.0
1777889657.5133324,10.0,3.0,-71.0
1777889657.5233324,7.0,2.0,-71.0
1777889657.5333323,4.0,1.0,-69.0
1777889657.5433323,5.0,5.0,-75.0
1777889657.5533323,4.0,12.0,-76.0
1777889657.5633323,6.0,3.0,-82.0
1777889657.5733323,7.0,2.0,-79.0
1777889657.5833323,4.0,-1.0,-82.0
1777889657.5933323,7.0,0.0,-77.0
1777889657.6033323,8.0,2.0,-79.0
1777889657.6133325,9.0,1.0,-85.0
1777889657.6233325,7.0,3.0,-86.0
1777889657.6333325,10.0,3.0,-86.0
1777889657.6433325,9.0,3.0,-82.0
1777889657.6533325,10.0,1.0,-84.0
1777889657.6633325,9.0,4.0,-91.0
1777889657.6733325,6.0,0.0,-94.0
1777889657.6833324,7.0,1.0,-93.0
1777889657.6933324,2.0,0.0,-92.0
1777889657.7033324,1.0,-2.0,-88.0
1777889657.7133324,-3.0,0.0,-78.0
1777889657.7233324,-1.0,0.0,-79.0
1777889657.7333324,-2.0,-1.0,-83.0
1777889657.7433324,-2.0,1.0,-85.0
1777889657.7533324,1.0,1.0,-82.0
1777889657.7633324,4.0,0.0,-77.0
1777889657.7733324,6.0,-3.0,-73.0
1777889657.7833323,4.0,-6.0,-71.0
1777889657.7933323,5.0,-6.0,-68.0
1777889657.8033323,9.0,-9.0,-65.0
1777889657.8133323,6.0,-9.0,-68.0
1777889657.8233323,2.0,-8.0,-65.0
1777889657.8333323,-2.0,-8.0,-70.0
1777889657.8433323,0.0,-11.0,-72.0
1777889657.8533323,2.0,-7.0,-76.0
1777889657.8633325,0.0,-1.0,-80.0
1777889657.8733325,4.0,4.0,-70.0
1777889657.8833325,0.0,0.0,-70.0
1777889657.8933325,-4.0,2.0,-72.0
1777889657.9033325,-6.0,1.0,-77.0
1777889657.9133325,-4.0,0.0,-81.0
1777889657.9233325,-1.0,-1.0,-72.0
1777889657.9333324,-3.0,-3.0,-74.0
1777889657.9433324,2.0,-4.0,-73.0
1777889657.9533324,3.0,-3.0,-76.0
1777889657.9633324,4.0,0.0,-79.0
1777889657.9733324,-2.0,3.0,-80.0
1777889657.9833324,-1.0,2.0,-82.0
1777889657.9933324,-2.0,2.0,-77.0
1777889658.0033324,0.0,3.0,-71.0
1777889658.0133324,-3.0,2.0,-68.0
1777889658.0233324,-2.0,5.0,-78.0
1777889658.0333323,-4.0,8.0,-86.0
1777889658.0433323,-2.0,8.0,-87.0
1777889658.0533323,-3.0,4.0,-83.0
1777889658.0633323,0.0,3.0,-83.0
1777889658.0733323,2.0,5.0,-82.0
1777889658.0833323,-1.0,6.0,-81.0
1777889658.0933323,0.0,1.0,-81.0
1777889658.1033323,-1.0,0.0,-82.0
1777889658.1133325,-8.0,-1.0,-82.0
1777889658.1233325,-5.0,-2.0,-87.0
1777889658.1333325,-3.0,0.0,-79.0
1777889658.1433325,0.0,-1.0,-82.0
1777889658.1533325,0.0,-1.0,-82.0
1777889658.1633325,-1.0,-1.0,-81.0
1777889658.1733325,-4.0,-2.0,-81.0
1777889658.1833324,-1.0,-2.0,-76.0
1777889658.1933324,-3.0,1.0,-79.0
1777889658.2033324,-3.0,3.0,-82.0
1777889658.2133324,-2.0,3.0,-84.0
1777889658.2233324,-2.0,1.0,-81.0
1777889658.2333324,-3.0,0.0,-80.0
1777889658.2433324,-4.0,0.0,-78.0
1777889658.2533324,1.0,-2.0,-76.0
1777889658.2633324,1.0,1.0,-73.0
1777889658.2733324,0.0,0.0,-72.0
1777889658.2833323,-3.0,0.0,-72.0
1777889658.2933323,-3.0,0.0,-77.0
1777889658.3033323,-3.0,0.0,-77.0
1777889658.3133323,-4.0,3.0,-77.0
1777889658.3233323,-8.0,6.0,-68.0
1777889658.3333323,-10.0,6.0,-64.0
1777889658.3433323,-7.0,4.0,-68.0
1777889658.3533323,-3.0,4.0,-68.0
1777889658.3633325,0.0,1.0,-68.0
1777889658.3733325,3.0,4.0,-71.0
1777889658.3833325,2.0,1.0,-69.0
1777889658.3933325,-2.0,-1.0,-67.0
1777889658.4033325,-3.0,-3.0,-72.0
1777889658.4133325,-4.0,-3.0,-69.0
1777889658.4233325,-3.0,0.0,-69.0
1777889658.4333324,-4.0,1.0,-65.0
1777889658.4433324,-1.0,4.0,-63.0
1777889658.4533324,0.0,9.0,-70.0
1777889658.4633324,0.0,3.0,-76.0
1777889658.4733324,-1.0,0.0,-74.0
1777889658.4833324,-1.0,1.0,-72.0
1777889658.4933324,-2.0,1.0,-70.0
1777889658.5033324,-1.0,0.0,-69.0
1777889658.5133324,-1.0,-3.0,-66.0
1777889658.5233324,-3.0,-1.0,-66.0
1777889658.5333323,-5.0,-2.0,-64.0
1777889658.5433323,-2.0,-2.0,-64.0
1777889658.5533323,-1.0,-1.0,-67.0
1777889658.5633323,-2.0,-1.0,-72.0
1777889658.5733323,-1.0,-2.0,-70.0
1777889658.5833323,-1.0,0.0,-71.0
1777889658.5933323,0.0,0.0,-69.0
1777889658.6033323,0.0,-2.0,-69.0
1777889658.6133325,0.0,-1.0,-73.0
1777889658.6233325,-2.0,-4.0,-77.0
1777889658.6333325,-2.0,-4.0,-79.0
1777889658.6433325,-4.0,-4.0,-75.0
1777889658.6533325,-4.0,-1.0,-77.0
1777889658.6633325,-3.0,3.0,-75.0
1777889658.6733325,0.0,2.0,-74.0
1777889658.6833324,-4.0,0.0,-81.0
1777889658.6933324,-2.0,3.0,-87.0
1777889658.7033324,-3.0,4.0,-88.0
1777889658.7133324,-5.0,3.0,-80.0
1777889658.7233324,-4.0,1.0,-80.0
1777889658.7333324,0.0,4.0,-77.0
1777889658.7433324,1.0,1.0,-74.0
1777889658.7533324,1.0,-2.0,-75.0
1777889658.7633324,-1.0,-2.0,-75.0
1777889658.7733324,-3.0,-5.0,-73.0
1777889658.7833323,2.0,-6.0,-70.0
1777889658.7933323,0.0,-4.0,-75.0
1777889658.8033323,1.0,-5.0,-79.0
1777889658.8133323,5.0,-3.0,-84.0
1777889658.8233323,7.0,-4.0,-82.0
1777889658.8333323,12.0,-4.0,-77.0
1777889658.8433323,10.0,-2.0,-74.0
1777889658.8533323,13.0,-3.0,-70.0
1777889658.8633325,13.0,-3.0,-75.0
1777889658.8733325,13.0,-3.0,-80.0
1777889658.8833325,11.0,-3.0,-81.0
1777889658.8933325,10.0,-2.0,-76.0
1777889658.9033325,9.0,-3.0,-70.0
1777889658.9133325,8.0,-2.0,-75.0
1777889658.9233325,11.0,-1.0,-72.0
1777889658.9333324,11.0,-2.0,-69.0
1777889658.9433324,3.0,-2.0,-74.0
1777889658.9533324,0.0,2.0,-77.0
1777889658.9633324,1.0,0.0,-76.0
1777889658.9733324,2.0,0.0,-77.0
1777889658.9833324,6.0,0.0,-76.0
1777889658.9933324,4.0,-1.0,-81.0
1777889659.0033324,1.0,2.0,-84.0
1777889659.0133324,2.0,4.0,-86.0
1777889659.0233324,0.0,-1.0,-82.0
1777889659.0333323,2.0,-8.0,-80.0
1777889659.0433323,1.0,-6.0,-83.0
1777889659.0533323,0.0,-7.0,-79.0
1777889659.0633323,3.0,-9.0,-82.0
1777889659.0733323,0.0,-9.0,-78.0
1777889659.0833323,-2.0,-7.0,-77.0
1777889659.0933323,-1.0,-6.0,-78.0
1777889659.1033323,-4.0,-6.0,-77.0
1777889659.1133325,-4.0,-7.0,-72.0
1777889659.1233325,-2.0,-7.0,-69.0
1777889659.1333325,0.0,-2.0,-70.0
1777889659.1433325,0.0,0.0,-74.0
1777889659.1533325,1.0,0.0,-69.0
1777889659.1633325,2.0,-2.0,-70.0
1777889659.1733325,-4.0,-4.0,-71.0
1777889659.1833324,-5.0,-5.0,-71.0
1777889659.1933324,-2.0,-9.0,-72.0
1777889659.2043324,-2.0,-6.0,-77.0
1777889659.2133324,0.0,-7.0,-79.0
1777889659.2243323,-1.0,-1.0,-82.0
1777889659.2343323,-3.0,-2.0,-83.0
1777889659.2443323,0.0,0.0,-80.0
1777889659.2543323,3.0,-3.0,-77.0
1777889659.2643323,5.0,-1.0,-72.0
1777889659.2743323,1.0,-2.0,-69.0
1777889659.2843325,0.0,0.0,-71.0
1777889659.2943325,0.0,-1.0,-66.0
1777889659.3043325,2.0,-1.0,-64.0
1777889659.3143325,2.0,0.0,-69.0
1777889659.3243325,1.0,0.0,-71.0
1777889659.3343325,0.0,0.0,-75.0
1777889659.3443325,-1.0,1.0,-77.0
1777889659.3543324,-2.0,1.0,-83.0
1777889659.3643324,2.0,0.0,-78.0
1777889659.3743324,4.0,-2.0,-74.0
1777889659.3843324,0.0,-1.0,-71.0
1777889659.3943324,-2.0,-2.0,-73.0
1777889659.4043324,-3.0,-5.0,-71.0
1777889659.4143324,-4.0,-2.0,-75.0
1777889659.4243324,-2.0,-5.0,-83.0
1777889659.4343324,-3.0,-5.0,-78.0
1777889659.4443324,-2.0,-9.0,-81.0
1777889659.4543324,0.0,-2.0,-81.0
1777889659.4643323,0.0,0.0,-79.0
1777889659.4743323,-4.0,-2.0,-83.0
1777889659.4843323,-4.0,-3.0,-72.0
1777889659.4943323,-1.0,-3.0,-70.0
1777889659.5043323,1.0,-1.0,-73.0
1777889659.5143323,2.0,2.0,-70.0
1777889659.5243323,4.0,2.0,-74.0
1777889659.5343325,3.0,0.0,-79.0
1777889659.5443325,4.0,-1.0,-73.0
1777889659.5543325,6.0,-3.0,-76.0
1777889659.5643325,5.0,-2.0,-76.0
1777889659.5743325,2.0,1.0,-81.0
1777889659.5843325,8.0,1.0,-85.0
1777889659.5943325,12.0,2.0,-80.0
1777889659.6043324,13.0,5.0,-79.0
1777889659.6143324,7.0,2.0,-76.0
1777889659.6243324,7.0,3.0,-85.0
1777889659.6343324,7.0,6.0,-87.0
1777889659.6443324,7.0,2.0,-86.0
1777889659.6543324,9.0,3.0,-83.0
1777889659.6643324,7.0,2.0,-73.0
1777889659.6743324,3.0,-3.0,-72.0
1777889659.6843324,4.0,-5.0,-71.0
1777889659.6943324,5.0,-6.0,-72.0
1777889659.7043324,5.0,-8.0,-72.0
1777889659.7143323,2.0,-5.0,-76.0
1777889659.7243323,1.0,-2.0,-74.0
1777889659.7343323,5.0,0.0,-67.0
1777889659.7443323,6.0,1.0,-65.0
1777889659.7543323,2.0,5.0,-61.0
1777889659.7643323,3.0,6.0,-62.0
1777889659.7743323,4.0,4.0,-60.0
1777889659.7843325,2.0,7.0,-62.0
1777889659.7943325,3.0,9.0,-67.0
1777889659.8043325,0.0,7.0,-67.0
1777889659.8143325,2.0,8.0,-68.0
1777889659.8243325,1.0,5.0,-72.0
1777889659.8343325,0.0,2.0,-73.0
1777889659.8443325,-2.0,-2.0,-75.0
1777889659.8543324,-1.0,-2.0,-73.0
1777889659.8643324,3.0,-4.0,-75.0
1777889659.8743324,6.0,-2.0,-75.0
1777889659.8843324,2.0,0.0,-79.0
1777889659.8943324,0.0,1.0,-78.0
1777889659.9043324,-3.0,-3.0,-73.0
1777889659.9143324,0.0,-3.0,-73.0
1777889659.9243324,0.0,-5.0,-80.0
1777889659.9343324,-1.0,-7.0,-76.0
1777889659.9443324,1.0,-3.0,-79.0
1777889659.9543324,0.0,-2.0,-85.0
1777889659.9643323,0.0,-3.0,-79.0
1777889659.9743323,0.0,-1.0,-76.0
1777889659.9843323,4.0,-2.0,-73.0
1777889659.9943323,5.0,-4.0,-78.0
1777889660.0043323,1.0,-5.0,-81.0
1777889660.0143323,0.0,-5.0,-78.0
1777889660.0243323,0.0,-3.0,-82.0
1777889660.0343325,-2.0,-1.0,-74.0
1777889660.0443325,-1.0,-4.0,-72.0
1777889660.0543325,-3.0,-6.0,-77.0
1777889660.0643325,-4.0,-3.0,-83.0
1777889660.0743325,-1.0,2.0,-89.0
1777889660.0843325,-7.0,3.0,-88.0
1777889660.0943325,-6.0,4.0,-90.0
1777889660.1043324,-4.0,1.0,-80.0
1777889660.1143324,0.0,5.0,-77.0
1777889660.1243324,2.0,9.0,-80.0
1777889660.1343324,5.0,5.0,-72.0
1777889660.1443324,1.0,0.0,-74.0
1777889660.1543324,-2.0,1.0,-75.0
1777889660.1643324,-4.0,0.0,-71.0
1777889660.1743324,-1.0,1.0,-75.0
1777889660.1843324,-5.0,0.0,-76.0
1777889660.1943324,-3.0,-2.0,-77.0
1777889660.2043324,-3.0,0.0,-82.0
1777889660.2143323,-1.0,3.0,-84.0
1777889660.2243323,-2.0,3.0,-75.0
1777889660.2343323,-5.0,-1.0,-71.0
1777889660.2443323,-4.0,-3.0,-71.0
1777889660.2543323,0.0,-4.0,-73.0
1777889660.2643323,-2.0,-2.0,-75.0
1777889660.2743323,-4.0,0.0,-79.0
1777889660.2843325,-2.0,-1.0,-76.0
1777889660.2943325,0.0,-2.0,-82.0
1777889660.3043325,5.0,-1.0,-84.0
1777889660.3143325,3.0,0.0,-73.0
1777889660.3243325,6.0,2.0,-70.0
1777889660.3343325,4.0,1.0,-67.0
1777889660.3443325,3.0,0.0,-68.0
1777889660.3543324,5.0,0.0,-70.0
1777889660.3643324,6.0,-1.0,-71.0
1777889660.3743324,5.0,0.0,-79.0
1777889660.3843324,6.0,1.0,-79.0
1777889660.3943324,10.0,3.0,-79.0
1777889660.4043324,9.0,0.0,-82.0
1777889660.4143324,8.0,0.0,-80.0
1777889660.4243324,3.0,0.0,-74.0
1777889660.4343324,2.0,0.0,-75.0
1777889660.4443324,2.0,2.0,-82.0
1777889660.4543324,3.0,4.0,-80.0
1777889660.4643323,1.0,-1.0,-77.0
1777889660.4743323,0.0,-2.0,-81.0
1777889660.4843323,3.0,-2.0,-87.0
1777889660.4943323,-2.0,-1.0,-82.0
1777889660.5043323,-1.0,-3.0,-77.0
1777889660.5143323,0.0,-1.0,-84.0
1777889660.5243323,0.0,0.0,-86.0
1777889660.5343325,0.0,0.0,-81.0
1777889660.5443325,0.0,0.0,-85.0
1777889660.5543325,4.0,0.0,-78.0
1777889660.5643325,4.0,2.0,-80.0
1777889660.5743325,6.0,3.0,-84.0
1777889660.5843325,0.0,5.0,-80.0
1777889660.5943325,4.0,5.0,-85.0
1777889660.6043324,3.0,3.0,-94.0
1777889660.6143324,0.0,0.0,-88.0
1777889660.6243324,-4.0,2.0,-75.0
1777889660.6343324,-3.0,3.0,-70.0
1777889660.6443324,-2.0,4.0,-66.0
1777889660.6543324,-5.0,2.0,-67.0
1777889660.6643324,-3.0,-1.0,-76.0
1777889660.6743324,-3.0,-2.0,-81.0
1777889660.6843324,-3.0,-4.0,-82.0
1777889660.6943324,-3.0,-5.0,-82.0
1777889660.7043324,2.0,-3.0,-80.0
1777889660.7143323,1.0,-4.0,-73.0
1777889660.7243323,-2.0,-3.0,-72.0
1777889660.7343323,-1.0,-1.0,-77.0
1777889660.7443323,0.0,0.0,-77.0
1777889660.7543323,0.0,-1.0,-72.0
1777889660.7643323,1.0,-1.0,-74.0
1777889660.7743323,0.0,0.0,-71.0
1777889660.7843325,3.0,-1.0,-62.0
1777889660.7943325,-1.0,-3.0,-62.0
1777889660.8043325,-2.0,-3.0,-69.0
1777889660.8143325,0.0,-4.0,-66.0
1777889660.8243325,-2.0,-2.0,-70.0
1777889660.8343325,0.0,-1.0,-77.0
1777889660.8443325,4.0,0.0,-75.0
1777889660.8543324,0.0,5.0,-73.0
1777889660.8643324,-3.0,3.0,-76.0
1777889660.8743324,-6.0,1.0,-74.0
1777889660.8843324,-2.0,0.0,-75.0
1777889660.8943324,-4.0,2.0,-73.0
1777889660.9043324,-3.0,3.0,-66.0
1777889660.9143324,-4.0,0.0,-72.0
1777889660.9243324,-2.0,-4.0,-73.0
1777889660.9343324,-4.0,-2.0,-69.0
1777889660.9443324,-7.0,1.0,-71.0
1777889660.9543324,-7.0,0.0,-76.0
1777889660.9643323,-7.0,-3.0,-73.0
1777889660.9743323,-9.0,-2.0,-73.0
1777889660.9843323,0.0,0.0,-72.0
1777889660.9943323,1.0,0.0,-75.0
1777889661.0043323,0.0,0.0,-81.0
1777889661.0143323,-1.0,3.0,-85.0
1777889661.0243323,-2.0,4.0,-84.0
1777889661.0343325,0.0,1.0,-75.0
1777889661.0443325,1.0,1.0,-70.0
1777889661.0543325,0.0,0.0,-69.0
1777889661.0643325,0.0,-1.0,-70.0
1777889661.0743325,-5.0,-5.0,-72.0
1777889661.0843325,-6.0,-6.0,-75.0
1777889661.0943325,-6.0,-4.0,-70.0
1777889661.1043324,0.0,-3.0,-74.0
1777889661.1143324,-4.0,-1.0,-71.0
1777889661.1243324,-2.0,-4.0,-77.0
1777889661.1343324,-2.0,-2.0,-77.0
1777889661.1443324,-4.0,-4.0,-85.0
1777889661.1543324,-5.0,-6.0,-81.0
1777889661.1643324,-2.0,-5.0,-83.0
1777889661.1743324,-1.0,-6.0,-79.0
1777889661.1843324,-1.0,-6.0,-73.0
1777889661.1953323,-2.0,-8.0,-71.0
1777889661.2053325,-5.0,-7.0,-76.0
1777889661.2153325,-7.0,-11.0,-74.0
1777889661.2253325,-2.0,-11.0,-66.0
1777889661.2353325,-3.0,-10.0,-60.0
1777889661.2453325,-4.0,-13.0,-57.0
1777889661.2553325,-5.0,-11.0,-63.0
1777889661.2653325,-5.0,-8.0,-71.0
1777889661.2753325,-5.0,-5.0,-78.0
1777889661.2853324,-2.0,-1.0,-80.0
1777889661.2953324,0.0,1.0,-78.0
1777889661.3053324,2.0,-1.0,-73.0
1777889661.3153324,1.0,-2.0,-70.0
1777889661.3253324,4.0,0.0,-72.0
1777889661.3353324,1.0,0.0,-71.0
1777889661.3453324,2.0,0.0,-72.0
1777889661.3553324,6.0,-2.0,-72.0
1777889661.3653324,7.0,-6.0,-65.0
1777889661.3753324,0.0,-6.0,-65.0
1777889661.3853323,-1.0,-3.0,-68.0
1777889661.3953323,3.0,0.0,-73.0
1777889661.4053323,0.0,0.0,-73.0
1777889661.4153323,1.0,-3.0,-75.0
1777889661.4253323,0.0,-4.0,-75.0
1777889661.4353323,4.0,0.0,-79.0
1777889661.4453323,0.0,0.0,-79.0
1777889661.4553325,0.0,0.0,-78.0
1777889661.4653325,1.0,-1.0,-73.0
1777889661.4753325,7.0,-3.0,-72.0
1777889661.4853325,8.0,-5.0,-71.0
1777889661.4953325,5.0,-3.0,-73.0
1777889661.5053325,1.0,-4.0,-75.0
1777889661.5153325,1.0,-2.0,-80.0
1777889661.5253325,0.0,-3.0,-81.0
1777889661.5353324,3.0,0.0,-76.0
1777889661.5453324,0.0,0.0,-73.0
1777889661.5553324,-3.0,0.0,-68.0
1777889661.5653324,-6.0,0.0,-64.0
1777889661.5753324,-3.0,2.0,-70.0
1777889661.5853324,0.0,0.0,-71.0
1777889661.5953324,0.0,0.0,-68.0
1777889661.6053324,3.0,0.0,-69.0
1777889661.6153324,3.0,2.0,-79.0
1777889661.6253324,3.0,3.0,-74.0
1777889661.6353323,4.0,2.0,-76.0
1777889661.6453323,2.0,-1.0,-73.0
1777889661.6553323,0.0,-6.0,-75.0
1777889661.6653323,2.0,-6.0,-78.0
1777889661.6753323,0.0,-6.0,-85.0
1777889661.6853323,-4.0,-5.0,-86.0
1777889661.6953323,-6.0,-6.0,-89.0
1777889661.7053325,-1.0,-3.0,-88.0
1777889661.7153325,0.0,-2.0,-81.0
1777889661.7253325,-1.0,-1.0,-75.0
1777889661.7353325,0.0,2.0,-77.0
1777889661.7453325,0.0,2.0,-79.0
1777889661.7553325,0.0,0.0,-78.0
1777889661.7653325,4.0,1.0,-73.0
1777889661.7753325,2.0,-1.0,-64.0
1777889661.7853324,0.0,-3.0,-63.0
1777889661.7953324,-1.0,-3.0,-67.0
1777889661.8053324,-5.0,-2.0,-69.0
1777889661.8153324,-1.0,0.0,-69.0
1777889661.8253324,-3.0,2.0,-71.0
1777889661.8353324,-3.0,0.0,-68.0
1777889661.8453324,-4.0,1.0,-68.0
1777889661.8553324,-3.0,1.0,-75.0
1777889661.8653324,-6.0,-1.0,-74.0
1777889661.8753324,-2.0,0.0,-72.0
1777889661.8853323,0.0,0.0,-72.0
1777889661.8953323,-5.0,-1.0,-77.0
1777889661.9053323,-4.0,-3.0,-81.0
1777889661.9153323,-6.0,-2.0,-90.0
1777889661.9253323,-5.0,-1.0,-86.0
1777889661.9353323,0.0,-1.0,-91.0
1777889661.9453323,3.0,1.0,-91.0
1777889661.9553325,8.0,8.0,-86.0
1777889661.9653325,2.0,4.0,-74.0
1777889661.9753325,3.0,0.0,-72.0
1777889661.9853325,3.0,0.0,-74.0
1777889661.9953325,0.0,1.0,-77.0
1777889662.0053325,-4.0,0.0,-74.0
1777889662.0153325,-10.0,-4.0,-83.0
1777889662.0253325,-10.0,-4.0,-82.0
1777889662.0353324,-9.0,0.0,-83.0
1777889662.0453324,-9.0,-1.0,-81.0
1777889662.0553324,-4.0,-4.0,-81.0
1777889662.0653324,-3.0,-2.0,-82.0
1777889662.0753324,0.0,2.0,-84.0
1777889662.0853324,4.0,1.0,-82.0
1777889662.0953324,5.0,0.0,-78.0
1777889662.1053324,1.0,0.0,-79.0
1777889662.1153324,0.0,-2.0,-76.0
1777889662.1253324,0.0,-2.0,-76.0
1777889662.1353323,-4.0,0.0,-76.0
1777889662.1453323,-2.0,0.0,-76.0
1777889662.1553323,1.0,-5.0,-85.0
1777889662.1653323,-3.0,-6.0,-79.0
1777889662.1753323,-5.0,-7.0,-79.0
1777889662.1853323,-3.0,-8.0,-74.0
1777889662.1953323,-5.0,-9.0,-73.0
1777889662.2053325,0.0,-6.0,-70.0
1777889662.2153325,0.0,-9.0,-71.0
1777889662.2253325,2.0,-4.0,-77.0
1777889662.2353325,0.0,0.0,-83.0
1777889662.2453325,-1.0,1.0,-85.0
1777889662.2553325,-2.0,0.0,-84.0
1777889662.2653325,-3.0,0.0,-77.0
1777889662.2753325,0.0,0.0,-87.0
1777889662.2853324,7.0,2.0,-86.0
1777889662.2953324,7.0,0.0,-79.0
1777889662.3053324,4.0,-6.0,-73.0
1777889662.3153324,0.0,-5.0,-71.0
1777889662.3253324,0.0,-4.0,-77.0
1777889662.3353324,-2.0,-3.0,-72.0
1777889662.3453324,0.0,-2.0,-67.0
1777889662.3553324,-3.0,0.0,-66.0
1777889662.3653324,-8.0,0.0,-63.0
1777889662.3753324,-7.0,-2.0,-68.0
1777889662.3853323,-4.0,0.0,-67.0
1777889662.3953323,-4.0,-2.0,-69.0
1777889662.4053323,-6.0,0.0,-64.0
1777889662.4153323,-8.0,0.0,-72.0
1777889662.4253323,-6.0,0.0,-71.0
1777889662.4353323,-3.0,4.0,-75.0
1777889662.4453323,-1.0,-3.0,-72.0
1777889662.4553325,1.0,-3.0,-75.0
1777889662.4653325,-1.0,-5.0,-72.0
1777889662.4753325,0.0,-3.0,-73.0
1777889662.4853325,-1.0,-1.0,-69.0
1777889662.4953325,2.0,1.0,-72.0
1777889662.5053325,2.0,1.0,-71.0
1777889662.5153325,2.0,-3.0,-71.0
1777889662.5253325,3.0,-5.0,-76.0
1777889662.5353324,4.0,-9.0,-72.0
1777889662.5453324,4.0,-8.0,-75.0
1777889662.5553324,7.0,-6.0,-78.0
1777889662.5653324,5.0,-3.0,-77.0
1777889662.5753324,7.0,0.0,-76.0
1777889662.5853324,7.0,2.0,-78.0
1777889662.5953324,6.0,2.0,-75.0
1777889662.6053324,6.0,5.0,-77.0
1777889662.6153324,7.0,4.0,-75.0
1777889662.6253324,0.0,3.0,-77.0
1777889662.6353323,-1.0,4.0,-73.0
1777889662.6453323,-2.0,3.0,-76.0
1777889662.6553323,-1.0,1.0,-81.0
1777889662.6653323,0.0,0.0,-76.0
1777889662.6753323,-2.0,1.0,-72.0
1777889662.6853323,0.0,-3.0,-72.0
1777889662.6953323,4.0,1.0,-76.0
1777889662.7053325,0.0,2.0,-80.0
1777889662.7153325,2.0,2.0,-89.0
1777889662.7253325,1.0,3.0,-87.0
1777889662.7353325,3.0,2.0,-81.0
1777889662.7453325,1.0,1.0,-77.0
1777889662.7553325,0.0,-2.0,-75.0
1777889662.7653325,0.0,-5.0,-77.0
1777889662.7753325,5.0,-2.0,-77.0
1777889662.7853324,6.0,0.0,-72.0
1777889662.7953324,5.0,4.0,-70.0
1777889662.8053324,5.0,7.0,-69.0
1777889662.8153324,6.0,6.0,-69.0
1777889662.8253324,4.0,4.0,-73.0
1777889662.8353324,7.0,2.0,-76.0
1777889662.8453324,4.0,0.0,-79.0
1777889662.8553324,4.0,-1.0,-82.0
1777889662.8653324,2.0,1.0,-77.0
1777889662.8753324,3.0,2.0,-72.0
1777889662.8853323,5.0,2.0,-77.0
1777889662.8953323,7.0,0.0,-77.0
1777889662.9053323,4.0,1.0,-72.0
1777889662.9153323,2.0,-1.0,-68.0
1777889662.9253323,4.0,-4.0,-68.0
1777889662.9353323,0.0,-9.0,-68.0
1777889662.9453323,-1.0,-9.0,-66.0
1777889662.9553325,0.0,-5.0,-61.0
1777889662.9653325,1.0,-4.0,-62.0
1777889662.9753325,2.0,-2.0,-64.0
1777889662.9853325,4.0,-1.0,-75.0
1777889662.9953325,5.0,1.0,-84.0
1777889663.0053325,3.0,1.0,-83.0
1777889663.0153325,2.0,1.0,-83.0
1777889663.0253325,3.0,0.0,-81.0
1777889663.0353324,5.0,-2.0,-78.0
1777889663.0453324,4.0,-4.0,-79.0
1777889663.0553324,0.0,-4.0,-71.0
1777889663.0653324,0.0,-3.0,-74.0
1777889663.0753324,0.0,2.0,-69.0
1777889663.0853324,2.0,0.0,-65.0
1777889663.0953324,7.0,-2.0,-62.0
1777889663.1053324,7.0,-4.0,-65.0
1777889663.1153324,4.0,-4.0,-70.0
1777889663.1253324,2.0,-1.0,-73.0
1777889663.1353323,7.0,-1.0,-78.0
1777889663.1453323,4.0,0.0,-77.0
1777889663.1563325,0.0,7.0,-67.0
1777889663.1653323,2.0,5.0,-74.0
1777889663.1763325,1.0,1.0,-74.0
1777889663.1863325,1.0,3.0,-65.0
1777889663.1963325,2.0,0.0,-62.0
1777889663.2063324,2.0,2.0,-64.0
1777889663.2163324,3.0,0.0,-71.0
1777889663.2263324,-1.0,-2.0,-74.0
1777889663.2363324,0.0,-2.0,-69.0
1777889663.2463324,5.0,-4.0,-67.0
1777889663.2563324,8.0,-6.0,-64.0
1777889663.2663324,4.0,-3.0,-62.0
1777889663.2763324,1.0,-5.0,-70.0
1777889663.2863324,4.0,-1.0,-73.0
1777889663.2963324,1.0,-3.0,-73.0
1777889663.3063323,3.0,0.0,-74.0
1777889663.3163323,1.0,1.0,-77.0
1777889663.3263323,1.0,0.0,-77.0
1777889663.3363323,3.0,1.0,-74.0
1777889663.3463323,6.0,2.0,-76.0
1777889663.3563323,3.0,0.0,-86.0
1777889663.3663323,7.0,3.0,-79.0
1777889663.3763323,4.0,1.0,-79.0
1777889663.3863325,2.0,5.0,-74.0
1777889663.3963325,4.0,4.0,-70.0
1777889663.4063325,0.0,4.0,-69.0
1777889663.4163325,2.0,-1.0,-80.0
1777889663.4263325,4.0,-4.0,-82.0
1777889663.4363325,3.0,-2.0,-86.0
1777889663.4463325,0.0,-4.0,-80.0
1777889663.4563324,0.0,-3.0,-82.0
1777889663.4663324,3.0,-2.0,-76.0
1777889663.4763324,2.0,-5.0,-79.0
1777889663.4863324,1.0,-4.0,-74.0
1777889663.4963324,2.0,-1.0,-75.0
1777889663.5063324,0.0,0.0,-71.0
1777889663.5163324,-2.0,-1.0,-70.0
1777889663.5263324,-2.0,-3.0,-68.0
1777889663.5363324,-3.0,0.0,-66.0
1777889663.5463324,-3.0,1.0,-69.0
1777889663.5563323,-4.0,4.0,-70.0
1777889663.5663323,1.0,2.0,-71.0
1777889663.5763323,0.0,1.0,-75.0
1777889663.5863323,-2.0,0.0,-79.0
1777889663.5963323,-3.0,1.0,-77.0
1777889663.6063323,-2.0,0.0,-70.0
1777889663.6163323,-3.0,-1.0,-72.0
1777889663.6263323,-4.0,-2.0,-75.0
1777889663.6363325,-4.0,-6.0,-76.0
1777889663.6463325,-3.0,-9.0,-83.0
1777889663.6563325,-6.0,-5.0,-80.0
1777889663.6663325,-8.0,-5.0,-79.0
1777889663.6763325,-4.0,-5.0,-78.0
1777889663.6863325,-3.0,-6.0,-76.0
1777889663.6963325,-6.0,-4.0,-80.0
1777889663.7063324,-6.0,-3.0,-81.0
1777889663.7163324,-3.0,-1.0,-78.0
1777889663.7263324,-4.0,0.0,-76.0
1777889663.7363324,-4.0,0.0,-74.0
1777889663.7463324,-7.0,0.0,-69.0
1777889663.7563324,-9.0,3.0,-67.0
1777889663.7663324,-9.0,4.0,-61.0
1777889663.7763324,-8.0,0.0,-62.0
1777889663.7863324,-8.0,-4.0,-67.0
1777889663.7963324,-7.0,-5.0,-67.0
1777889663.8063323,-5.0,-4.0,-65.0
1777889663.8163323,-2.0,-3.0,-65.0
1777889663.8263323,-4.0,0.0,-72.0
1777889663.8363323,-1.0,5.0,-77.0
1777889663.8463323,0.0,9.0,-78.0
1777889663.8563323,1.0,8.0,-76.0
1777889663.8663323,4.0,4.0,-76.0
1777889663.8763323,4.0,3.0,-76.0
1777889663.8863325,2.0,-1.0,-82.0
1777889663.8963325,5.0,0.0,-78.0
1777889663.9063325,7.0,-2.0,-75.0
1777889663.9163325,4.0,0.0,-73.0
1777889663.9263325,7.0,-2.0,-82.0
1777889663.9363325,4.0,1.0,-82.0
1777889663.9463325,2.0,0.0,-78.0
1777889663.9563324,4.0,0.0,-82.0
1777889663.9663324,1.0,0.0,-80.0
1777889663.9763324,5.0,0.0,-77.0
1777889663.9863324,6.0,3.0,-79.0
1777889663.9963324,5.0,5.0,-73.0
1777889664.0063324,7.0,0.0,-73.0
1777889664.0163324,2.0,0.0,-72.0
1777889664.0263324,2.0,0.0,-67.0
1777889664.0363324,8.0,0.0,-63.0
1777889664.0463324,7.0,1.0,-68.0
1777889664.0563323,9.0,0.0,-69.0
1777889664.0663323,6.0,-4.0,-69.0
1777889664.0763323,4.0,-3.0,-71.0
1777889664.0863323,4.0,1.0,-76.0
1777889664.0963323,8.0,1.0,-72.0
1777889664.1063323,5.0,-2.0,-73.0
1777889664.1163323,1.0,-1.0,-77.0
1777889664.1263323,0.0,-8.0,-75.0
1777889664.1363325,1.0,-4.0,-76.0
1777889664.1463325,3.0,-3.0,-77.0
1777889664.1563325,4.0,-3.0,-80.0
1777889664.1663325,2.0,0.0,-79.0
1777889664.1763325,0.0,2.0,-82.0
1777889664.1863325,1.0,0.0,-71.0
1777889664.1963325,1.0,-4.0,-65.0
1777889664.2063324,0.0,1.0,-62.0
1777889664.2163324,5.0,0.0,-68.0
1777889664.2263324,2.0,2.0,-70.0
1777889664.2363324,0.0,1.0,-74.0
1777889664.2463324,1.0,0.0,-73.0
1777889664.2563324,4.0,-3.0,-63.0
1777889664.2663324,4.0,-1.0,-68.0
1777889664.2763324,1.0,1.0,-74.0
1777889664.2863324,2.0,0.0,-71.0
1777889664.2963324,3.0,1.0,-70.0
1777889664.3063323,5.0,1.0,-71.0
1777889664.3163323,2.0,-2.0,-74.0
1777889664.3263323,2.0,-5.0,-72.0
1777889664.3363323,4.0,-4.0,-78.0
1777889664.3463323,5.0,-1.0,-83.0
1777889664.3563323,5.0,0.0,-83.0
1777889664.3663323,2.0,-1.0,-79.0
1777889664.3763323,4.0,-2.0,-80.0
1777889664.3863325,3.0,-2.0,-79.0
1777889664.3963325,1.0,0.0,-78.0
1777889664.4063325,4.0,3.0,-81.0
1777889664.4163325,4.0,3.0,-74.0
1777889664.4263325,2.0,5.0,-74.0
1777889664.4363325,-1.0,6.0,-76.0
1777889664.4463325,0.0,10.0,-73.0
1777889664.4563324,4.0,7.0,-70.0
1777889664.4663324,4.0,4.0,-61.0
1777889664.4763324,5.0,4.0,-64.0
1777889664.4863324,4.0,1.0,-66.0
1777889664.4963324,3.0,4.0,-69.0
1777889664.5063324,5.0,3.0,-73.0
1777889664.5163324,8.0,5.0,-70.0
1777889664.5263324,12.0,1.0,-59.0
1777889664.5363324,9.0,0.0,-63.0
1777889664.5463324,9.0,-1.0,-72.0
1777889664.5563323,6.0,-2.0,-80.0
1777889664.5663323,0.0,0.0,-85.0
1777889664.5763323,-2.0,-1.0,-74.0
1777889664.5863323,-4.0,-5.0,-74.0
1777889664.5963323,0.0,-6.0,-78.0
1777889664.6063323,0.0,-4.0,-88.0
1777889664.6163323,1.0,2.0,-86.0
1777889664.6263323,0.0,5.0,-85.0
1777889664.6363325,1.0,6.0,-89.0
1777889664.6463325,3.0,5.0,-87.0
1777889664.6563325,0.0,1.0,-87.0
1777889664.6663325,0.0,3.0,-83.0
1777889664.6763325,-6.0,-1.0,-87.0
1777889664.6863325,-5.0,-6.0,-80.0
1777889664.6963325,-4.0,-6.0,-82.0
1777889664.7063324,1.0,-5.0,-79.0
1777889664.7163324,0.0,0.0,-74.0
1777889664.7263324,0.0,0.0,-78.0
1777889664.7363324,-2.0,-1.0,-78.0
1777889664.7463324,-7.0,-2.0,-74.0
1777889664.7563324,-1.0,-1.0,-77.0
1777889664.7663324,0.0,1.0,-75.0
1777889664.7763324,2.0,7.0,-73.0
1777889664.7863324,1.0,5.0,-82.0
1777889664.7963324,1.0,1.0,-88.0
1777889664.8063323,4.0,2.0,-85.0
1777889664.8163323,1.0,2.0,-86.0
1777889664.8263323,2.0,1.0,-81.0
1777889664.8363323,5.0,-2.0,-72.0
1777889664.8463323,5.0,-1.0,-69.0
1777889664.8563323,1.0,0.0,-71.0
1777889664.8663323,0.0,-5.0,-72.0
1777889664.8763323,-2.0,-2.0,-64.0
1777889664.8863325,-1.0,-2.0,-65.0
1777889664.8963325,4.0,-2.0,-71.0
1777889664.9063325,2.0,0.0,-73.0
1777889664.9163325,0.0,0.0,-68.0
1777889664.9263325,0.0,0.0,-77.0
1777889664.9363325,4.0,2.0,-78.0
1777889664.9463325,5.0,1.0,-83.0
1777889664.9563324,5.0,1.0,-79.0
1777889664.9663324,1.0,0.0,-82.0
1777889664.9763324,4.0,0.0,-82.0
1777889664.9863324,-1.0,3.0,-82.0
1777889664.9963324,0.0,3.0,-79.0
1777889665.0063324,-1.0,2.0,-80.0
1777889665.0163324,1.0,-1.0,-81.0
1777889665.0263324,-1.0,-1.0,-80.0
1777889665.0363324,0.0,-1.0,-78.0
1777889665.0463324,0.0,-1.0,-76.0
1777889665.0563323,1.0,-4.0,-75.0
1777889665.0663323,2.0,-7.0,-79.0
1777889665.0763323,2.0,-9.0,-79.0
1777889665.0863323,0.0,-6.0,-79.0
1777889665.0963323,-1.0,-5.0,-76.0
1777889665.1063323,0.0,-2.0,-83.0
1777889665.1173325,-2.0,-1.0,-81.0
1777889665.1273324,-1.0,0.0,-86.0
1777889665.1373324,2.0,1.0,-85.0
1777889665.1473324,2.0,2.0,-89.0
1777889665.1563325,2.0,2.0,-89.0
1777889665.1673324,5.0,0.0,-93.0
1777889665.1773324,4.0,0.0,-88.0
1777889665.1873324,0.0,-2.0,-82.0
1777889665.1973324,0.0,0.0,-78.0
1777889665.2073324,0.0,0.0,-76.0
1777889665.2173324,0.0,-2.0,-73.0
1777889665.2273324,-3.0,-3.0,-73.0
1777889665.2373323,4.0,-1.0,-74.0
1777889665.2473323,4.0,1.0,-75.0
1777889665.2573323,1.0,1.0,-78.0
1777889665.2673323,0.0,0.0,-75.0
1777889665.2773323,4.0,0.0,-78.0
1777889665.2873323,6.0,0.0,-81.0
1777889665.2973323,3.0,-3.0,-78.0
1777889665.3073325,0.0,-2.0,-79.0
1777889665.3173325,1.0,0.0,-77.0
1777889665.3273325,0.0,7.0,-78.0
1777889665.3373325,0.0,10.0,-76.0
1777889665.3473325,0.0,5.0,-76.0
1777889665.3573325,-4.0,0.0,-75.0
1777889665.3673325,-8.0,2.0,-81.0
1777889665.3773324,-6.0,2.0,-84.0
1777889665.3873324,-5.0,-4.0,-84.0
1777889665.3973324,-3.0,-3.0,-80.0
1777889665.4073324,1.0,-7.0,-77.0
1777889665.4173324,0.0,-5.0,-76.0
1777889665.4273324,-1.0,-5.0,-74.0
1777889665.4373324,-4.0,-5.0,-75.0
1777889665.4473324,-7.0,-3.0,-73.0
1777889665.4573324,-8.0,-7.0,-76.0
1777889665.4673324,-12.0,-7.0,-77.0
1777889665.4773324,-10.0,-6.0,-83.0
1777889665.4873323,-6.0,-5.0,-80.0
1777889665.4973323,-2.0,-3.0,-80.0
1777889665.5073323,-1.0,0.0,-80.0
1777889665.5173323,-3.0,0.0,-79.0
1777889665.5273323,-3.0,-1.0,-76.0
1777889665.5373323,0.0,0.0,-74.0
1777889665.5473323,0.0,-4.0,-73.0
1777889665.5573325,-2.0,-5.0,-72.0
1777889665.5673325,-4.0,-3.0,-72.0
1777889665.5773325,-3.0,-1.0,-69.0
1777889665.5873325,-3.0,-4.0,-66.0
1777889665.5973325,-4.0,-7.0,-71.0
1777889665.6073325,-4.0,-4.0,-73.0
1777889665.6173325,-1.0,1.0,-67.0
1777889665.6273324,1.0,5.0,-68.0
1777889665.6373324,0.0,5.0,-67.0
1777889665.6473324,-3.0,3.0,-75.0
1777889665.6573324,-2.0,1.0,-81.0
1777889665.6673324,0.0,2.0,-88.0
1777889665.6773324,-2.0,2.0,-86.0
1777889665.6873324,0.0,1.0,-86.0
1777889665.6973324,6.0,2.0,-79.0
1777889665.7073324,11.0,0.0,-76.0
1777889665.7173324,14.0,-1.0,-77.0
1777889665.7273324,14.0,1.0,-82.0
1777889665.7373323,12.0,2.0,-82.0
1777889665.7473323,10.0,0.0,-84.0
1777889665.7573323,6.0,-1.0,-89.0
1777889665.7673323,3.0,0.0,-85.0
1777889665.7773323,6.0,0.0,-84.0
1777889665.7873323,4.0,-3.0,-77.0
1777889665.7973323,0.0,-4.0,-79.0
1777889665.8073325,0.0,-9.0,-82.0
1777889665.8173325,2.0,-3.0,-86.0
1777889665.8273325,0.0,-3.0,-81.0
1777889665.8373325,1.0,-4.0,-76.0
1777889665.8473325,3.0,-4.0,-75.0
1777889665.8573325,0.0,-1.0,-80.0
1777889665.8673325,0.0,-5.0,-79.0
1777889665.8773324,2.0,-3.0,-77.0
1777889665.8873324,5.0,-1.0,-84.0
1777889665.8973324,1.0,0.0,-84.0
1777889665.9073324,3.0,0.0,-81.0
1777889665.9173324,5.0,-2.0,-78.0
1777889665.9273324,5.0,-4.0,-77.0
1777889665.9373324,2.0,-9.0,-77.0
1777889665.9473324,5.0,-8.0,-80.0
1777889665.9573324,4.0,-8.0,-74.0
1777889665.9673324,7.0,-4.0,-69.0
1777889665.9773324,7.0,0.0,-73.0
1777889665.9873323,10.0,1.0,-78.0
1777889665.9973323,8.0,0.0,-86.0
1777889666.0073323,3.0,2.0,-88.0
1777889666.0173323,4.0,2.0,-88.0
1777889666.0273323,7.0,4.0,-87.0
1777889666.0373323,9.0,5.0,-82.0
1777889666.0473323,9.0,3.0,-76.0
1777889666.0573325,10.0,3.0,-80.0
1777889666.0673325,8.0,2.0,-72.0
1777889666.0773325,10.0,0.0,-71.0
1777889666.0873325,9.0,0.0,-64.0
1777889666.0973325,8.0,0.0,-70.0
1777889666.1073325,5.0,-3.0,-71.0
1777889666.1173325,1.0,-2.0,-72.0
1777889666.1273324,0.0,-1.0,-79.0
1777889666.1373324,-6.0,-4.0,-77.0
1777889666.1473324,-7.0,-7.0,-72.0
1777889666.1573324,1.0,-6.0,-71.0
1777889666.1673324,1.0,-7.0,-72.0
1777889666.1773324,2.0,-6.0,-78.0
1777889666.1873324,0.0,-6.0,-81.0
1777889666.1973324,0.0,-5.0,-77.0
1777889666.2073324,-3.0,0.0,-81.0
1777889666.2173324,-3.0,5.0,-77.0
1777889666.2273324,-3.0,4.0,-77.0
1777889666.2373323,0.0,5.0,-74.0
1777889666.2473323,-1.0,0.0,-74.0
1777889666.2573323,-3.0,3.0,-73.0
1777889666.2673323,1.0,-1.0,-70.0
1777889666.2773323,0.0,0.0,-70.0
1777889666.2873323,1.0,-1.0,-71.0
1777889666.2973323,1.0,2.0,-69.0
1777889666.3073325,-2.0,3.0,-70.0
1777889666.3173325,0.0,6.0,-65.0
1777889666.3273325,1.0,8.0,-60.0
1777889666.3373325,2.0,6.0,-61.0
1777889666.3473325,0.0,4.0,-62.0
1777889666.3573325,2.0,1.0,-62.0
1777889666.3673325,0.0,3.0,-68.0
1777889666.3773324,-2.0,3.0,-73.0
1777889666.3873324,2.0,0.0,-76.0
1777889666.3973324,-3.0,0.0,-78.0
1777889666.4073324,-5.0,0.0,-77.0
1777889666.4173324,-2.0,-1.0,-74.0
1777889666.4273324,-1.0,0.0,-68.0
1777889666.4373324,-1.0,0.0,-71.0
1777889666.4473324,-6.0,4.0,-75.0
1777889666.4573324,0.0,5.0,-85.0
1777889666.4673324,1.0,7.0,-86.0
1777889666.4773324,2.0,5.0,-86.0
1777889666.4883325,2.0,4.0,-82.0
1777889666.4973323,1.0,1.0,-81.0
1777889666.5073323,0.0,2.0,-84.0
1777889666.5173323,0.0,-2.0,-82.0
1777889666.5273323,0.0,-2.0,-79.0
1777889666.5373323,-1.0,-1.0,-73.0
1777889666.5473323,-4.0,-2.0,-68.0
1777889666.5573325,0.0,2.0,-65.0
1777889666.5673325,0.0,5.0,-59.0
1777889666.5773325,0.0,4.0,-60.0
1777889666.5873325,0.0,5.0,-65.0
1777889666.5973325,0.0,4.0,-68.0
1777889666.6073325,0.0,2.0,-78.0
1777889666.6173325,-1.0,0.0,-82.0
1777889666.6273324,2.0,-3.0,-86.0
1777889666.6373324,2.0,-3.0,-90.0
1777889666.6473324,5.0,-4.0,-90.0
1777889666.6573324,8.0,-3.0,-85.0
1777889666.6673324,7.0,1.0,-91.0
1777889666.6773324,6.0,2.0,-89.0
1777889666.6873324,1.0,-2.0,-91.0
1777889666.6973324,-2.0,-2.0,-86.0
1777889666.7073324,-4.0,-2.0,-85.0
1777889666.7173324,-4.0,1.0,-89.0
1777889666.7273324,0.0,1.0,-84.0
1777889666.7373323,1.0,0.0,-80.0
1777889666.7473323,0.0,-2.0,-83.0
1777889666.7573323,1.0,-1.0,-84.0
1777889666.7673323,8.0,-1.0,-84.0
1777889666.7773323,11.0,1.0,-85.0
1777889666.7873323,4.0,4.0,-81.0
1777889666.7973323,7.0,2.0,-76.0
1777889666.8073325,7.0,1.0,-79.0
1777889666.8173325,10.0,0.0,-78.0
1777889666.8273325,7.0,-2.0,-79.0
1777889666.8373325,6.0,-2.0,-77.0
1777889666.8473325,3.0,-2.0,-80.0
1777889666.8573325,-1.0,-1.0,-83.0
1777889666.8673325,-1.0,-1.0,-83.0
1777889666.8773324,0.0,0.0,-82.0
1777889666.8873324,0.0,0.0,-86.0
1777889666.8973324,0.0,-1.0,-91.0
1777889666.9073324,0.0,-2.0,-77.0
1777889666.9173324,1.0,-5.0,-80.0
1777889666.9273324,3.0,-3.0,-82.0
1777889666.9373324,3.0,-1.0,-82.0
1777889666.9473324,1.0,2.0,-82.0
1777889666.9573324,-1.0,3.0,-80.0
1777889666.9673324,0.0,0.0,-86.0
1777889666.9773324,2.0,0.0,-87.0
1777889666.9873323,8.0,-1.0,-81.0
1777889666.9973323,16.0,-2.0,-78.0
1777889667.0073323,12.0,-4.0,-75.0
1777889667.0173323,5.0,-5.0,-72.0
1777889667.0273323,1.0,0.0,-70.0
1777889667.0373323,0.0,6.0,-70.0
1777889667.0473323,3.0,6.0,-71.0
1777889667.0573325,2.0,2.0,-78.0
1777889667.0673325,2.0,0.0,-81.0
1777889667.0773325,3.0,-2.0,-78.0
1777889667.0873325,3.0,-5.0,-71.0
1777889667.0973325,6.0,-7.0,-74.0
1777889667.1083324,7.0,-5.0,-72.0
1777889667.1173325,1.0,-5.0,-73.0
1777889667.1283324,1.0,-5.0,-72.0
1777889667.1383324,-1.0,-4.0,-73.0
1777889667.1483324,0.0,-2.0,-73.0
1777889667.1583323,2.0,-2.0,-66.0
1777889667.1683323,1.0,0.0,-65.0
1777889667.1783323,5.0,4.0,-70.0
1777889667.1883323,0.0,3.0,-71.0
1777889667.1983323,-6.0,5.0,-70.0
1777889667.2083323,-9.0,7.0,-69.0
1777889667.2183323,-8.0,7.0,-69.0
1777889667.2283323,-6.0,5.0,-66.0
1777889667.2383325,-7.0,7.0,-71.0
1777889667.2483325,-4.0,5.0,-66.0
1777889667.2583325,-1.0,3.0,-68.0
1777889667.2683325,8.0,5.0,-75.0
1777889667.2783325,5.0,5.0,-81.0
1777889667.2883325,2.0,5.0,-77.0
1777889667.2983325,3.0,5.0,-77.0
1777889667.3083324,4.0,0.0,-73.0
1777889667.3183324,1.0,0.0,-73.0
1777889667.3283324,-1.0,-2.0,-70.0
1777889667.3383324,-3.0,-4.0,-74.0
1777889667.3483324,-2.0,-6.0,-77.0
1777889667.3583324,-4.0,-4.0,-78.0
1777889667.3683324,-6.0,-1.0,-77.0
1777889667.3783324,-5.0,-1.0,-74.0
1777889667.3883324,-3.0,1.0,-70.0
1777889667.3983324,-4.0,1.0,-72.0
1777889667.4083323,-3.0,-1.0,-70.0
1777889667.4183323,-2.0,-2.0,-78.0
1777889667.4283323,0.0,0.0,-79.0
1777889667.4383323,-5.0,-1.0,-77.0
1777889667.4483323,-2.0,-1.0,-78.0
1777889667.4583323,1.0,-1.0,-73.0
1777889667.4683323,2.0,0.0,-78.0
1777889667.4783323,0.0,1.0,-78.0
1777889667.4883325,0.0,1.0,-74.0
1777889667.4983325,0.0,0.0,-77.0
1777889667.5083325,-2.0,-2.0,-80.0
1777889667.5183325,1.0,-2.0,-78.0
1777889667.5283325,3.0,-1.0,-78.0
1777889667.5383325,3.0,0.0,-75.0
1777889667.5483325,-1.0,0.0,-74.0
1777889667.5583324,0.0,0.0,-78.0
1777889667.5683324,3.0,1.0,-78.0
1777889667.5783324,7.0,0.0,-75.0
1777889667.5883324,6.0,1.0,-77.0
1777889667.5983324,3.0,-3.0,-77.0
1777889667.6083324,5.0,-2.0,-70.0
1777889667.6183324,0.0,-5.0,-68.0
1777889667.6283324,0.0,-1.0,-69.0
1777889667.6383324,2.0,-4.0,-66.0
1777889667.6483324,3.0,-2.0,-67.0
1777889667.6583323,4.0,-4.0,-69.0
1777889667.6683323,-1.0,-6.0,-73.0
1777889667.6783323,1.0,-4.0,-72.0
1777889667.6883323,-2.0,-4.0,-64.0
1777889667.6983323,-6.0,-6.0,-67.0
1777889667.7083323,-2.0,-6.0,-74.0
1777889667.7183323,0.0,-7.0,-68.0
1777889667.7283323,-1.0,-5.0,-68.0
1777889667.7383325,-2.0,-1.0,-66.0
1777889667.7483325,1.0,0.0,-64.0
1777889667.7583325,-1.0,0.0,-65.0
1777889667.7683325,-3.0,0.0,-63.0
1777889667.7783325,-1.0,1.0,-70.0
1777889667.7883325,3.0,-3.0,-70.0
1777889667.7983325,3.0,-7.0,-69.0
1777889667.8083324,1.0,-6.0,-70.0
1777889667.8183324,2.0,-8.0,-67.0
1777889667.8283324,4.0,-7.0,-73.0
1777889667.8383324,5.0,-10.0,-72.0
1777889667.8483324,5.0,-8.0,-79.0
1777889667.8583324,5.0,-6.0,-82.0
1777889667.8683324,2.0,-3.0,-75.0
1777889667.8783324,2.0,-1.0,-75.0
1777889667.8883324,5.0,-2.0,-77.0
1777889667.8983324,6.0,-1.0,-79.0
1777889667.9083323,0.0,0.0,-81.0
1777889667.9183323,0.0,1.0,-80.0
1777889667.9283323,-2.0,3.0,-79.0
1777889667.9383323,-8.0,4.0,-71.0
1777889667.9483323,-10.0,0.0,-64.0
1777889667.9583323,-1.0,2.0,-66.0
1777889667.9683323,5.0,4.0,-71.0
1777889667.9783323,4.0,3.0,-68.0
1777889667.9883325,0.0,0.0,-68.0
1777889667.9983325,-2.0,-3.0,-74.0
1777889668.0083325,1.0,-7.0,-75.0
1777889668.0183325,0.0,-6.0,-69.0
1777889668.0283325,0.0,-2.0,-66.0
1777889668.0383325,-1.0,2.0,-66.0
1777889668.0483325,2.0,2.0,-73.0
1777889668.0583324,3.0,2.0,-70.0
1777889668.0683324,1.0,2.0,-71.0
1777889668.0783324,0.0,-1.0,-79.0
1777889668.0883324,-3.0,-1.0,-83.0
1777889668.0983324,-7.0,-3.0,-79.0
1777889668.1083324,-6.0,-2.0,-76.0
1777889668.1183324,-1.0,0.0,-77.0
1777889668.1283324,-1.0,0.0,-76.0
1777889668.1383324,-6.0,-1.0,-75.0
1777889668.1483324,-3.0,-2.0,-74.0
1777889668.1583323,-3.0,-1.0,-72.0
1777889668.1683323,-4.0,2.0,-76.0
1777889668.1783323,-7.0,1.0,-75.0
1777889668.1883323,-6.0,2.0,-71.0
1777889668.1983323,-4.0,3.0,-75.0
1777889668.2083323,-5.0,3.0,-79.0
1777889668.2183323,-4.0,3.0,-79.0
1777889668.2283323,-2.0,0.0,-80.0
1777889668.2383325,0.0,0.0,-79.0
1777889668.2483325,2.0,0.0,-75.0
1777889668.2583325,2.0,0.0,-74.0
1777889668.2683325,2.0,3.0,-72.0
1777889668.2783325,-1.0,2.0,-62.0
1777889668.2883325,0.0,5.0,-62.0
1777889668.2983325,-1.0,4.0,-68.0
1777889668.3083324,3.0,3.0,-72.0
1777889668.3183324,6.0,0.0,-73.0
1777889668.3283324,0.0,3.0,-69.0
1777889668.3383324,0.0,4.0,-61.0
1777889668.3483324,-1.0,4.0,-58.0
1777889668.3583324,-3.0,4.0,-62.0
1777889668.3683324,-2.0,0.0,-68.0
1777889668.3783324,-1.0,2.0,-69.0
1777889668.3883324,-3.0,2.0,-68.0
1777889668.3983324,-3.0,1.0,-68.0
1777889668.4083323,-3.0,0.0,-71.0
1777889668.4183323,-5.0,0.0,-70.0
1777889668.4283323,-5.0,3.0,-72.0
1777889668.4383323,0.0,5.0,-69.0
1777889668.4483323,1.0,6.0,-72.0
1777889668.4583323,5.0,4.0,-79.0
1777889668.4683323,2.0,3.0,-76.0
1777889668.4783323,-1.0,2.0,-68.0
1777889668.4883325,0.0,3.0,-68.0
1777889668.4983325,2.0,0.0,-71.0
1777889668.5083325,5.0,-1.0,-67.0
1777889668.5183325,6.0,-2.0,-68.0
1777889668.5283325,10.0,-2.0,-60.0
1777889668.5383325,3.0,-3.0,-65.0
1777889668.5483325,2.0,-2.0,-68.0
1777889668.5583324,4.0,-2.0,-70.0
1777889668.5683324,-1.0,-1.0,-73.0
1777889668.5783324,-3.0,-3.0,-74.0
1777889668.5883324,-1.0,-4.0,-79.0
1777889668.5983324,-2.0,-7.0,-76.0
1777889668.6083324,0.0,-8.0,-78.0
1777889668.6183324,0.0,-7.0,-76.0
1777889668.6283324,-1.0,-4.0,-72.0
1777889668.6383324,-1.0,-1.0,-67.0
1777889668.6483324,0.0,1.0,-65.0
1777889668.6583323,0.0,1.0,-67.0
1777889668.6683323,2.0,5.0,-67.0
1777889668.6783323,5.0,2.0,-69.0
1777889668.6883323,1.0,0.0,-67.0
1777889668.6983323,1.0,-3.0,-66.0
1777889668.7083323,-1.0,-4.0,-65.0
1777889668.7183323,-3.0,-3.0,-58.0
1777889668.7283323,-1.0,-6.0,-63.0
1777889668.7383325,0.0,-5.0,-67.0
1777889668.7483325,1.0,-4.0,-67.0
1777889668.7583325,1.0,-2.0,-63.0
1777889668.7683325,4.0,-1.0,-66.0
1777889668.7783325,9.0,0.0,-76.0
1777889668.7883325,2.0,1.0,-71.0
1777889668.7983325,2.0,2.0,-69.0
1777889668.8083324,5.0,2.0,-70.0
1777889668.8183324,2.0,6.0,-74.0
1777889668.8283324,1.0,3.0,-79.0
1777889668.8383324,2.0,4.0,-82.0
1777889668.8483324,4.0,3.0,-90.0
1777889668.8583324,3.0,0.0,-83.0
1777889668.8683324,0.0,1.0,-81.0
1777889668.8783324,-1.0,0.0,-81.0
1777889668.8883324,-1.0,1.0,-73.0
1777889668.8983324,-2.0,0.0,-69.0
1777889668.9083323,0.0,-3.0,-70.0
1777889668.9183323,-3.0,-6.0,-76.0
1777889668.9283323,-1.0,-7.0,-78.0
1777889668.9383323,0.0,-7.0,-76.0
1777889668.9483323,0.0,-3.0,-73.0
1777889668.9583323,3.0,0.0,-73.0
1777889668.9683323,0.0,2.0,-70.0
1777889668.9783323,0.0,-2.0,-61.0
1777889668.9883325,2.0,-2.0,-63.0
1777889668.9983325,6.0,2.0,-69.0
1777889669.0083325,6.0,-1.0,-78.0
1777889669.0183325,7.0,0.0,-75.0
1777889669.0293324,3.0,1.0,-74.0
1777889669.0383325,4.0,2.0,-78.0
1777889669.0483325,0.0,1.0,-75.0
1777889669.0583324,-3.0,0.0,-76.0
1777889669.0683324,-1.0,-3.0,-78.0
1777889669.0783324,-6.0,-5.0,-76.0
1777889669.0883324,-7.0,-11.0,-82.0
1777889669.0983324,-3.0,-11.0,-78.0
1777889669.1083324,-1.0,-11.0,-73.0
1777889669.1193323,0.0,-6.0,-79.0
1777889669.1293323,0.0,-6.0,-78.0
1777889669.1393323,0.0,1.0,-72.0
1777889669.1493323,3.0,2.0,-68.0
1777889669.1593325,0.0,0.0,-67.0
1777889669.1693325,0.0,0.0,-64.0
1777889669.1793325,2.0,-3.0,-69.0
1777889669.1893325,3.0,-3.0,-75.0
1777889669.1993325,4.0,0.0,-80.0
1777889669.2093325,10.0,-1.0,-85.0
1777889669.2193325,6.0,-3.0,-87.0
1777889669.2293324,8.0,-3.0,-86.0
1777889669.2393324,8.0,-2.0,-84.0
1777889669.2493324,2.0,-4.0,-82.0
1777889669.2593324,3.0,-3.0,-82.0
1777889669.2693324,5.0,-5.0,-90.0
1777889669.2793324,-1.0,-4.0,-95.0
1777889669.2893324,-5.0,-2.0,-81.0
1777889669.2993324,-4.0,-3.0,-78.0
1777889669.3093324,0.0,-7.0,-76.0
1777889669.3193324,-2.0,-5.0,-75.0
1777889669.3293324,1.0,-2.0,-73.0
1777889669.3393323,1.0,-1.0,-76.0
1777889669.3493323,0.0,0.0,-79.0
1777889669.3593323,-2.0,2.0,-81.0
1777889669.3693323,-4.0,0.0,-77.0
1777889669.3793323,-5.0,-2.0,-75.0
1777889669.3893323,0.0,-6.0,-86.0
1777889669.3993323,0.0,-8.0,-88.0
1777889669.4093325,0.0,-11.0,-77.0
1777889669.4193325,2.0,-6.0,-85.0
1777889669.4293325,0.0,-3.0,-84.0
1777889669.4393325,1.0,-1.0,-81.0
1777889669.4493325,0.0,-2.0,-82.0
1777889669.4593325,-1.0,-5.0,-79.0
1777889669.4693325,0.0,-3.0,-84.0
1777889669.4793324,1.0,-2.0,-83.0
1777889669.4893324,-1.0,-5.0,-86.0
1777889669.4993324,1.0,-8.0,-77.0
1777889669.5093324,4.0,-5.0,-77.0
1777889669.5193324,6.0,-2.0,-77.0
1777889669.5293324,2.0,-4.0,-71.0
1777889669.5393324,0.0,-6.0,-70.0
1777889669.5493324,0.0,-4.0,-78.0
1777889669.5593324,-3.0,0.0,-75.0
1777889669.5693324,-7.0,-1.0,-76.0
1777889669.5793324,0.0,-4.0,-74.0
1777889669.5893323,0.0,-6.0,-76.0
1777889669.5993323,3.0,-1.0,-78.0
1777889669.6093323,2.0,0.0,-82.0
1777889669.6193323,4.0,4.0,-77.0
1777889669.6293323,2.0,5.0,-73.0
1777889669.6393323,0.0,4.0,-75.0
1777889669.6493323,0.0,1.0,-69.0
1777889669.6593325,-1.0,0.0,-69.0
1777889669.6693325,-5.0,-1.0,-61.0
1777889669.6793325,-5.0,-4.0,-57.0
1777889669.6893325,-3.0,-1.0,-58.0
1777889669.6993325,-3.0,-3.0,-58.0
1777889669.7093325,-4.0,-3.0,-59.0
1777889669.7193325,-4.0,-2.0,-62.0
1777889669.7293324,-3.0,-3.0,-66.0
1777889669.7393324,2.0,1.0,-71.0
1777889669.7493324,3.0,0.0,-71.0
1777889669.7593324,4.0,-1.0,-66.0
1777889669.7693324,0.0,-1.0,-66.0
1777889669.7793324,-2.0,-5.0,-71.0
1777889669.7893324,-1.0,-4.0,-74.0
1777889669.7993324,-3.0,-6.0,-75.0
1777889669.8093324,0.0,-3.0,-74.0
1777889669.8193324,0.0,0.0,-72.0
1777889669.8293324,5.0,0.0,-72.0
1777889669.8393323,4.0,0.0,-71.0
1777889669.8493323,4.0,0.0,-74.0
1777889669.8593323,4.0,-2.0,-81.0
1777889669.8693323,4.0,-4.0,-79.0
1777889669.8793323,9.0,-4.0,-77.0
1777889669.8893323,8.0,-1.0,-75.0
1777889669.8993323,7.0,-1.0,-76.0
1777889669.9093325,4.0,-2.0,-75.0
1777889669.9193325,4.0,-1.0,-76.0
1777889669.9293325,5.0,-1.0,-76.0
1777889669.9393325,4.0,0.0,-72.0
1777889669.9493325,6.0,0.0,-72.0
1777889669.9593325,7.0,-1.0,-78.0
1777889669.9693325,4.0,-3.0,-82.0
1777889669.9793324,6.0,-1.0,-80.0
1777889669.9893324,9.0,-2.0,-84.0
1777889669.9993324,14.0,1.0,-82.0
1777889670.0093324,13.0,3.0,-77.0
1777889670.0193324,15.0,2.0,-76.0
1777889670.0293324,12.0,4.0,-73.0
1777889670.0393324,11.0,2.0,-72.0
1777889670.0493324,10.0,0.0,-77.0
1777889670.0593324,8.0,-1.0,-77.0
1777889670.0693324,3.0,0.0,-74.0
1777889670.0793324,1.0,2.0,-70.0
1777889670.0893323,4.0,5.0,-64.0
1777889670.0993323,2.0,1.0,-62.0
1777889670.1093323,2.0,-1.0,-65.0
1777889670.1193323,1.0,-2.0,-71.0
1777889670.1293323,0.0,-2.0,-72.0
1777889670.1393323,0.0,0.0,-69.0
1777889670.1493323,-1.0,-1.0,-70.0
1777889670.1593325,-5.0,-4.0,-68.0
1777889670.1693325,-6.0,0.0,-70.0
1777889670.1793325,0.0,2.0,-74.0
1777889670.1893325,2.0,-3.0,-78.0
1777889670.1993325,4.0,-2.0,-76.0
1777889670.2093325,1.0,-2.0,-72.0
1777889670.2193325,0.0,-4.0,-72.0
1777889670.2293324,3.0,-3.0,-70.0
1777889670.2393324,3.0,-3.0,-73.0
1777889670.2493324,0.0,-2.0,-81.0
1777889670.2593324,0.0,-1.0,-77.0
1777889670.2693324,0.0,0.0,-80.0
1777889670.2793324,4.0,3.0,-79.0
1777889670.2893324,6.0,1.0,-74.0
1777889670.2993324,9.0,3.0,-72.0
1777889670.3093324,6.0,2.0,-72.0
1777889670.3193324,5.0,2.0,-75.0
1777889670.3293324,2.0,5.0,-81.0
1777889670.3393323,-2.0,3.0,-78.0
1777889670.3493323,0.0,2.0,-79.0
1777889670.3593323,4.0,4.0,-83.0
1777889670.3693323,5.0,3.0,-88.0
1777889670.3793323,2.0,6.0,-91.0
1777889670.3893323,-1.0,4.0,-89.0
1777889670.3993323,-1.0,6.0,-90.0
1777889670.4093325,-4.0,5.0,-89.0
1777889670.4193325,-6.0,3.0,-81.0
1777889670.4293325,-5.0,0.0,-75.0
1777889670.4393325,-8.0,1.0,-76.0
1777889670.4493325,-6.0,-1.0,-82.0
1777889670.4593325,-6.0,0.0,-78.0
1777889670.4693325,0.0,0.0,-80.0
1777889670.4793324,0.0,5.0,-78.0
1777889670.4893324,0.0,6.0,-78.0
1777889670.4993324,2.0,4.0,-83.0
1777889670.5093324,3.0,1.0,-72.0
1777889670.5193324,5.0,-3.0,-75.0
1777889670.5293324,6.0,-2.0,-73.0
1777889670.5393324,7.0,1.0,-73.0
1777889670.5493324,7.0,-3.0,-70.0
1777889670.5593324,7.0,-5.0,-64.0
1777889670.5693324,2.0,-10.0,-68.0
1777889670.5793324,3.0,-9.0,-62.0
1777889670.5893323,1.0,-4.0,-69.0
1777889670.5993323,-2.0,-2.0,-68.0
1777889670.6093323,-3.0,-2.0,-68.0
1777889670.6193323,0.0,-1.0,-72.0
1777889670.6293323,-3.0,-6.0,-66.0
1777889670.6393323,-5.0,-7.0,-74.0
1777889670.6493323,-5.0,-7.0,-75.0
1777889670.6593325,-3.0,-8.0,-76.0
1777889670.6693325,-5.0,-1.0,-76.0
1777889670.6793325,-4.0,0.0,-77.0
1777889670.6893325,-4.0,0.0,-84.0
1777889670.6993325,1.0,3.0,-84.0
1777889670.7093325,0.0,4.0,-78.0
1777889670.7193325,2.0,5.0,-82.0
1777889670.7293324,3.0,4.0,-85.0
1777889670.7393324,5.0,0.0,-85.0
1777889670.7493324,7.0,0.0,-80.0
1777889670.7593324,2.0,1.0,-79.0
1777889670.7693324,1.0,-1.0,-84.0
1777889670.7793324,7.0,-1.0,-87.0
1777889670.7893324,8.0,-3.0,-84.0
1777889670.7993324,6.0,-2.0,-74.0
1777889670.8093324,4.0,0.0,-72.0
1777889670.8193324,4.0,1.0,-70.0
1777889670.8293324,6.0,1.0,-71.0
1777889670.8393323,3.0,4.0,-67.0
1777889670.8493323,1.0,1.0,-75.0
1777889670.8593323,-1.0,0.0,-72.0
1777889670.8693323,0.0,3.0,-68.0
1777889670.8793323,4.0,2.0,-71.0
1777889670.8893323,4.0,1.0,-68.0
1777889670.8993323,0.0,3.0,-73.0
1777889670.9093325,-3.0,4.0,-80.0
1777889670.9193325,-5.0,0.0,-82.0
1777889670.9293325,-4.0,-2.0,-80.0
1777889670.9393325,-5.0,-2.0,-83.0
1777889670.9493325,-9.0,-2.0,-85.0
1777889670.9593325,-2.0,-2.0,-80.0
1777889670.9693325,1.0,-1.0,-77.0
1777889670.9793324,5.0,0.0,-75.0
1777889670.9893324,6.0,-3.0,-76.0
1777889670.9993324,5.0,1.0,-73.0
1777889671.0093324,5.0,0.0,-64.0
1777889671.0193324,4.0,1.0,-65.0
1777889671.0293324,5.0,0.0,-71.0
1777889671.0393324,4.0,-4.0,-71.0
1777889671.0493324,4.0,-9.0,-75.0
1777889671.0593324,2.0,-5.0,-72.0
1777889671.0693324,2.0,-6.0,-74.0
1777889671.0793324,-2.0,-8.0,-76.0
1777889671.0903325,1.0,-7.0,-81.0
1777889671.0993323,0.0,-2.0,-79.0
1777889671.1103325,2.0,-2.0,-80.0
1777889671.1203325,-2.0,-2.0,-77.0
1777889671.1303325,-7.0,-3.0,-75.0
1777889671.1403325,-3.0,-6.0,-80.0
1777889671.1503325,-3.0,-5.0,-79.0
1777889671.1603324,-4.0,-1.0,-76.0
1777889671.1703324,-5.0,-1.0,-76.0
1777889671.1803324,-1.0,-3.0,-73.0
1777889671.1903324,2.0,-6.0,-74.0
1777889671.2003324,7.0,-4.0,-75.0
1777889671.2093325,8.0,-1.0,-80.0
1777889671.2203324,5.0,1.0,-86.0
1777889671.2303324,4.0,0.0,-90.0
1777889671.2403324,6.0,-2.0,-88.0
1777889671.2503324,5.0,0.0,-80.0
1777889671.2603323,4.0,2.0,-76.0
1777889671.2703323,4.0,3.0,-72.0
1777889671.2803323,-1.0,1.0,-80.0
1777889671.2903323,0.0,0.0,-80.0
1777889671.3003323,0.0,0.0,-80.0
1777889671.3103323,1.0,3.0,-77.0
1777889671.3203323,3.0,4.0,-70.0
1777889671.3303325,-3.0,6.0,-66.0
1777889671.3403325,0.0,0.0,-72.0
1777889671.3503325,-2.0,1.0,-70.0
1777889671.3603325,-2.0,0.0,-69.0
1777889671.3703325,-3.0,1.0,-77.0
1777889671.3803325,-2.0,0.0,-76.0
1777889671.3903325,-4.0,-1.0,-76.0
1777889671.4003325,-4.0,-5.0,-79.0
1777889671.4103324,-4.0,-9.0,-77.0
1777889671.4203324,-7.0,-10.0,-77.0
1777889671.4303324,-3.0,-8.0,-77.0
1777889671.4403324,1.0,-8.0,-79.0
1777889671.4503324,4.0,-10.0,-76.0
1777889671.4603324,4.0,-10.0,-68.0
1777889671.4703324,2.0,-7.0,-74.0
1777889671.4803324,2.0,-9.0,-74.0
1777889671.4903324,4.0,-6.0,-75.0
1777889671.5003324,7.0,-2.0,-72.0
1777889671.5103323,8.0,-1.0,-71.0
1777889671.5203323,4.0,-3.0,-69.0
1777889671.5303323,5.0,1.0,-69.0
1777889671.5413325,3.0,-3.0,-68.0
1777889671.5503323,-2.0,-1.0,-72.0
1777889671.5603323,-3.0,0.0,-68.0
1777889671.5703323,-6.0,0.0,-66.0
1777889671.5803325,-9.0,-2.0,-69.0
1777889671.5903325,-7.0,0.0,-70.0
1777889671.6003325,-6.0,-1.0,-69.0
1777889671.6103325,-5.0,0.0,-68.0
1777889671.6203325,-1.0,3.0,-72.0
1777889671.6303325,3.0,-1.0,-75.0
1777889671.6403325,3.0,-2.0,-79.0
1777889671.6503325,0.0,-1.0,-84.0
1777889671.6603324,-1.0,-4.0,-84.0
1777889671.6703324,-3.0,0.0,-83.0
1777889671.6803324,-6.0,1.0,-85.0
1777889671.6903324,-5.0,1.0,-90.0
1777889671.7003324,-8.0,-1.0,-83.0
1777889671.7103324,-6.0,0.0,-81.0
1777889671.7203324,-4.0,0.0,-82.0
1777889671.7303324,0.0,1.0,-83.0
1777889671.7403324,3.0,5.0,-81.0
1777889671.7503324,6.0,4.0,-79.0
1777889671.7603323,6.0,-1.0,-77.0
1777889671.7703323,2.0,0.0,-75.0
1777889671.7803323,5.0,-3.0,-76.0
1777889671.7903323,7.0,-4.0,-72.0
1777889671.8003323,7.0,-4.0,-72.0
1777889671.8103323,5.0,-2.0,-78.0
1777889671.8203323,5.0,0.0,-81.0
1777889671.8303325,3.0,-1.0,-82.0
1777889671.8403325,3.0,1.0,-82.0
1777889671.8503325,7.0,1.0,-84.0
1777889671.8603325,6.0,0.0,-77.0
1777889671.8703325,8.0,-1.0,-72.0
1777889671.8803325,4.0,-1.0,-71.0
1777889671.8903325,3.0,1.0,-73.0
1777889671.9003325,1.0,-1.0,-72.0
1777889671.9103324,0.0,0.0,-73.0
1777889671.9203324,-2.0,-1.0,-71.0
1777889671.9303324,-1.0,-1.0,-68.0
1777889671.9403324,0.0,-3.0,-72.0
1777889671.9503324,0.0,-2.0,-68.0
1777889671.9603324,3.0,-4.0,-68.0
1777889671.9703324,3.0,-3.0,-71.0
1777889671.9803324,6.0,-3.0,-72.0
1777889671.9903324,6.0,-3.0,-71.0
1777889672.0003324,5.0,-4.0,-68.0
1777889672.0103323,0.0,-5.0,-70.0
1777889672.0203323,-2.0,-7.0,-65.0
1777889672.0303323,0.0,-11.0,-69.0
1777889672.0403323,-4.0,-6.0,-64.0
1777889672.0503323,-12.0,-5.0,-60.0
1777889672.0603323,-11.0,-5.0,-64.0
1777889672.0703323,-7.0,-7.0,-72.0
1777889672.0803325,-1.0,-10.0,-70.0
1777889672.0903325,1.0,-11.0,-67.0
1777889672.1003325,5.0,-3.0,-71.0
1777889672.1103325,3.0,-2.0,-76.0
1777889672.1203325,3.0,-3.0,-69.0
1777889672.1303325,6.0,-1.0,-68.0
1777889672.1403325,6.0,2.0,-67.0
1777889672.1503325,5.0,3.0,-73.0
1777889672.1603324,4.0,2.0,-74.0
1777889672.1703324,2.0,1.0,-79.0
1777889672.1803324,4.0,2.0,-79.0
1777889672.1903324,0.0,4.0,-75.0
1777889672.2003324,4.0,4.0,-74.0
1777889672.2103324,8.0,4.0,-72.0
1777889672.2203324,6.0,3.0,-73.0
1777889672.2303324,5.0,1.0,-72.0
1777889672.2403324,4.0,-1.0,-71.0
1777889672.2503324,3.0,0.0,-75.0
1777889672.2603323,4.0,0.0,-77.0
1777889672.2703323,5.0,-1.0,-77.0
1777889672.2803323,3.0,-2.0,-71.0
1777889672.2903323,-5.0,-3.0,-70.0
1777889672.3003323,-1.0,-8.0,-60.0
1777889672.3103323,0.0,-4.0,-64.0
1777889672.3203323,-4.0,0.0,-67.0
1777889672.3303325,-3.0,0.0,-64.0
1777889672.3403325,-1.0,0.0,-67.0
1777889672.3503325,0.0,2.0,-73.0
1777889672.3603325,0.0,0.0,-79.0
1777889672.3703325,0.0,-1.0,-83.0
1777889672.3803325,-4.0,-2.0,-84.0
1777889672.3903325,-4.0,-2.0,-83.0
1777889672.4003325,1.0,-1.0,-87.0
1777889672.4103324,4.0,-3.0,-86.0
1777889672.4203324,4.0,1.0,-82.0
1777889672.4303324,2.0,0.0,-77.0
1777889672.4403324,1.0,-2.0,-77.0
1777889672.4503324,1.0,1.0,-79.0
1777889672.4603324,-1.0,0.0,-77.0
1777889672.4703324,-1.0,1.0,-75.0
1777889672.4803324,-1.0,-1.0,-73.0
1777889672.4903324,0.0,-1.0,-75.0
1777889672.5003324,1.0,0.0,-76.0
1777889672.5103323,-1.0,1.0,-72.0
1777889672.5203323,1.0,1.0,-75.0
1777889672.5303323,1.0,3.0,-78.0
1777889672.5403323,-1.0,4.0,-76.0
1777889672.5503323,0.0,-2.0,-72.0
1777889672.5603323,1.0,-4.0,-68.0
1777889672.5703323,2.0,-1.0,-70.0
1777889672.5803325,1.0,1.0,-74.0
1777889672.5903325,-1.0,2.0,-73.0
1777889672.6003325,-1.0,1.0,-70.0
1777889672.6103325,0.0,-3.0,-74.0
1777889672.6203325,0.0,0.0,-70.0
1777889672.6303325,3.0,-1.0,-67.0
1777889672.6403325,0.0,-2.0,-64.0
1777889672.6503325,0.0,1.0,-61.0
1777889672.6603324,0.0,-1.0,-62.0
1777889672.6703324,3.0,-2.0,-67.0
1777889672.6803324,3.0,-1.0,-69.0
1777889672.6903324,1.0,0.0,-76.0
1777889672.7003324,0.0,0.0,-79.0
1777889672.7103324,0.0,-2.0,-77.0
1777889672.7203324,1.0,-1.0,-67.0
1777889672.7303324,4.0,-6.0,-69.0
1777889672.7403324,5.0,-5.0,-67.0
1777889672.7503324,1.0,0.0,-76.0
1777889672.7603323,0.0,3.0,-79.0
1777889672.7703323,-1.0,0.0,-73.0
1777889672.7803323,0.0,0.0,-72.0
1777889672.7903323,-4.0,5.0,-69.0
1777889672.8003323,1.0,5.0,-68.0
1777889672.8103323,1.0,2.0,-68.0
1777889672.8203323,0.0,0.0,-77.0
1777889672.8303325,1.0,0.0,-80.0
1777889672.8403325,1.0,2.0,-80.0
1777889672.8503325,4.0,-1.0,-75.0
1777889672.8603325,7.0,0.0,-77.0
1777889672.8703325,3.0,1.0,-72.0
1777889672.8803325,1.0,1.0,-71.0
1777889672.8903325,2.0,3.0,-66.0
1777889672.9003325,0.0,3.0,-67.0
1777889672.9103324,-4.0,2.0,-62.0
1777889672.9203324,-2.0,1.0,-63.0
1777889672.9303324,0.0,0.0,-57.0
1777889672.9403324,2.0,3.0,-63.0
1777889672.9503324,0.0,3.0,-64.0
1777889672.9603324,3.0,1.0,-66.0
1777889672.9703324,4.0,-6.0,-74.0
1777889672.9803324,2.0,-5.0,-72.0
1777889672.9903324,9.0,1.0,-71.0
1777889673.0003324,5.0,1.0,-74.0
1777889673.0103323,9.0,0.0,-72.0
1777889673.0203323,3.0,0.0,-70.0
1777889673.0303323,0.0,0.0,-79.0
1777889673.0403323,0.0,0.0,-84.0
1777889673.0503323,2.0,1.0,-78.0
1777889673.0603323,0.0,0.0,-73.0
1777889673.0703323,-2.0,-5.0,-77.0
1777889673.0813324,-1.0,-1.0,-72.0
1777889673.0913324,0.0,0.0,-72.0
1777889673.1013324,1.0,-3.0,-72.0
1777889673.1113324,-1.0,-2.0,-78.0
1777889673.1213324,-2.0,2.0,-75.0
1777889673.1313324,-2.0,4.0,-75.0
1777889673.1413324,-8.0,2.0,-71.0
1777889673.1513324,-9.0,1.0,-78.0
1777889673.1613324,-7.0,3.0,-84.0
1777889673.1713324,0.0,1.0,-87.0
1777889673.1813323,4.0,0.0,-89.0
1777889673.1913323,5.0,-1.0,-87.0
1777889673.2013323,3.0,-2.0,-88.0
1777889673.2113323,4.0,0.0,-88.0
1777889673.2213323,0.0,0.0,-80.0
1777889673.2313323,5.0,-2.0,-81.0
1777889673.2413323,6.0,-4.0,-76.0
1777889673.2513323,6.0,0.0,-79.0
1777889673.2613325,5.0,3.0,-77.0
1777889673.2713325,0.0,4.0,-75.0
1777889673.2813325,1.0,7.0,-77.0
1777889673.2913325,0.0,6.0,-82.0
1777889673.3013325,-2.0,7.0,-87.0
1777889673.3113325,-3.0,5.0,-82.0
1777889673.3213325,-2.0,1.0,-78.0
1777889673.3313324,-3.0,-2.0,-76.0
1777889673.3413324,-4.0,0.0,-69.0
1777889673.3513324,-3.0,-1.0,-74.0
1777889673.3613324,4.0,-2.0,-77.0
1777889673.3713324,0.0,0.0,-74.0
1777889673.3813324,0.0,-1.0,-74.0
1777889673.3913324,0.0,0.0,-75.0
1777889673.4013324,0.0,0.0,-77.0
1777889673.4113324,2.0,0.0,-78.0
1777889673.4213324,0.0,0.0,-79.0
1777889673.4313323,-4.0,-2.0,-86.0
1777889673.4413323,-3.0,-2.0,-88.0
1777889673.4513323,0.0,-2.0,-91.0
1777889673.4613323,1.0,-1.0,-91.0
1777889673.4713323,2.0,2.0,-87.0
1777889673.4813323,5.0,1.0,-76.0
1777889673.4913323,-1.0,0.0,-69.0
1777889673.5013323,0.0,0.0,-64.0
1777889673.5113325,-1.0,1.0,-67.0
1777889673.5213325,-4.0,1.0,-68.0
1777889673.5313325,-2.0,2.0,-73.0
1777889673.5413325,-1.0,2.0,-72.0
1777889673.5513325,-2.0,3.0,-65.0
1777889673.5613325,-3.0,-1.0,-68.0
1777889673.5713325,-1.0,-9.0,-73.0
1777889673.5813324,2.0,-9.0,-77.0
1777889673.5913324,-1.0,-6.0,-83.0
1777889673.6013324,1.0,-8.0,-82.0
1777889673.6113324,0.0,-3.0,-81.0
1777889673.6213324,-3.0,0.0,-79.0
1777889673.6313324,-2.0,1.0,-77.0
1777889673.6413324,-2.0,0.0,-84.0
1777889673.6513324,-3.0,-1.0,-78.0
1777889673.6613324,-4.0,-4.0,-79.0
1777889673.6713324,0.0,-3.0,-77.0
1777889673.6813323,-1.0,0.0,-74.0
1777889673.6913323,0.0,-3.0,-77.0
1777889673.7013323,0.0,-6.0,-75.0
1777889673.7113323,2.0,-5.0,-69.0
1777889673.7213323,3.0,-4.0,-73.0
1777889673.7313323,-1.0,0.0,-76.0
1777889673.7413323,-5.0,-2.0,-76.0
1777889673.7513323,-5.0,0.0,-73.0
1777889673.7613325,-1.0,3.0,-71.0
1777889673.7713325,-1.0,5.0,-67.0
1777889673.7813325,0.0,4.0,-73.0
1777889673.7913325,2.0,4.0,-73.0
1777889673.8013325,3.0,3.0,-70.0
1777889673.8113325,4.0,5.0,-74.0
1777889673.8213325,4.0,8.0,-77.0
1777889673.8313324,4.0,8.0,-74.0
1777889673.8413324,6.0,9.0,-71.0
1777889673.8513324,5.0,6.0,-66.0
1777889673.8613324,4.0,5.0,-66.0
1777889673.8713324,2.0,3.0,-67.0
1777889673.8813324,6.0,0.0,-69.0
1777889673.8913324,1.0,3.0,-68.0
1777889673.9013324,1.0,6.0,-71.0
1777889673.9113324,-1.0,5.0,-74.0
1777889673.9213324,0.0,3.0,-80.0
1777889673.9313323,0.0,-2.0,-77.0
1777889673.9413323,2.0,-2.0,-74.0
1777889673.9513323,0.0,-3.0,-79.0
1777889673.9613323,4.0,-3.0,-77.0
1777889673.9713323,6.0,1.0,-67.0
1777889673.9813323,3.0,0.0,-73.0
1777889673.9913323,4.0,-1.0,-73.0
1777889674.0013323,5.0,-2.0,-70.0
1777889674.0113325,0.0,-4.0,-70.0
1777889674.0213325,-2.0,-3.0,-78.0
1777889674.0313325,-6.0,-4.0,-81.0
1777889674.0413325,-4.0,-7.0,-81.0
1777889674.0513325,-6.0,-7.0,-79.0
1777889674.0613325,-7.0,-7.0,-80.0
1777889674.0713325,-2.0,-8.0,-74.0
1777889674.0813324,-3.0,-7.0,-71.0
1777889674.0913324,0.0,-2.0,-76.0
1777889674.1013324,4.0,0.0,-75.0
1777889674.1113324,7.0,0.0,-72.0
1777889674.1213324,0.0,1.0,-66.0
1777889674.1313324,-3.0,1.0,-66.0
1777889674.1413324,-3.0,4.0,-72.0
1777889674.1513324,0.0,4.0,-76.0
1777889674.1613324,2.0,2.0,-74.0
1777889674.1713324,1.0,2.0,-74.0
1777889674.1813323,3.0,0.0,-69.0
1777889674.1913323,-3.0,-2.0,-69.0
1777889674.2013323,0.0,-2.0,-74.0
1777889674.2113323,0.0,-9.0,-77.0
1777889674.2213323,1.0,-7.0,-87.0
1777889674.2313323,0.0,-5.0,-88.0
1777889674.2413323,-3.0,-2.0,-80.0
1777889674.2513323,-2.0,-1.0,-80.0
1777889674.2613325,0.0,-1.0,-81.0
1777889674.2713325,0.0,-1.0,-82.0
1777889674.2813325,1.0,0.0,-73.0
1777889674.2913325,2.0,-1.0,-74.0
1777889674.3013325,1.0,-4.0,-78.0
1777889674.3113325,6.0,-1.0,-74.0
1777889674.3213325,3.0,0.0,-72.0
1777889674.3313324,0.0,-2.0,-62.0
1777889674.3413324,1.0,-3.0,-64.0
1777889674.3513324,4.0,0.0,-61.0
1777889674.3613324,6.0,-2.0,-62.0
1777889674.3713324,6.0,-7.0,-63.0
1777889674.3813324,3.0,-7.0,-68.0
1777889674.3913324,1.0,-8.0,-65.0
1777889674.4013324,0.0,-2.0,-64.0
1777889674.4113324,0.0,-1.0,-71.0
1777889674.4213324,0.0,0.0,-67.0
1777889674.4313323,1.0,2.0,-68.0
1777889674.4413323,0.0,0.0,-71.0
1777889674.4513323,-1.0,1.0,-64.0
1777889674.4613323,-5.0,6.0,-63.0
1777889674.4713323,-4.0,2.0,-66.0
1777889674.4813323,-4.0,0.0,-66.0
1777889674.4913323,-2.0,2.0,-66.0
1777889674.5013323,-4.0,2.0,-68.0
1777889674.5113325,-3.0,7.0,-67.0
1777889674.5213325,0.0,8.0,-61.0
1777889674.5313325,-3.0,7.0,-66.0
1777889674.5413325,0.0,6.0,-69.0
1777889674.5513325,0.0,2.0,-68.0
1777889674.5613325,0.0,1.0,-68.0
1777889674.5713325,2.0,3.0,-74.0
1777889674.5813324,3.0,2.0,-71.0
1777889674.5913324,0.0,-2.0,-64.0
1777889674.6013324,2.0,0.0,-68.0
1777889674.6113324,4.0,-1.0,-66.0
1777889674.6213324,1.0,0.0,-66.0
1777889674.6313324,2.0,3.0,-65.0
1777889674.6413324,0.0,2.0,-68.0
1777889674.6513324,1.0,3.0,-65.0
1777889674.6613324,-4.0,4.0,-74.0
1777889674.6713324,-5.0,6.0,-70.0
1777889674.6813323,-4.0,7.0,-72.0
1777889674.6913323,0.0,5.0,-73.0
1777889674.7013323,1.0,6.0,-74.0
1777889674.7113323,1.0,4.0,-78.0
1777889674.7213323,1.0,-1.0,-72.0
1777889674.7313323,-1.0,-3.0,-74.0
1777889674.7413323,-6.0,-7.0,-75.0
1777889674.7513323,-6.0,-7.0,-71.0
1777889674.7613325,-5.0,-9.0,-69.0
1777889674.7713325,0.0,-8.0,-71.0
1777889674.7813325,0.0,-8.0,-68.0
1777889674.7913325,-3.0,-5.0,-69.0
1777889674.8013325,-5.0,-6.0,-74.0
1777889674.8113325,-1.0,-4.0,-73.0
1777889674.8213325,-3.0,-2.0,-70.0
1777889674.8313324,0.0,-2.0,-70.0
1777889674.8413324,-2.0,-4.0,-73.0
1777889674.8513324,-7.0,-2.0,-74.0
1777889674.8613324,-2.0,0.0,-71.0
1777889674.8713324,-2.0,0.0,-68.0
1777889674.8813324,-6.0,2.0,-75.0
1777889674.8913324,-12.0,3.0,-78.0
1777889674.9013324,-11.0,1.0,-76.0
1777889674.9113324,-13.0,-1.0,-76.0
1777889674.9213324,-11.0,0.0,-83.0
1777889674.9313323,-12.0,-4.0,-83.0
1777889674.9413323,-12.0,-4.0,-74.0
1777889674.9513323,-9.0,-5.0,-78.0
1777889674.9613323,-6.0,-3.0,-74.0
1777889674.9713323,-4.0,-3.0,-77.0
1777889674.9813323,-3.0,-6.0,-72.0
1777889674.9913323,-2.0,-7.0,-69.0
1777889675.0013323,-2.0,-3.0,-76.0
1777889675.0113325,1.0,-1.0,-76.0
1777889675.0213325,-1.0,-3.0,-85.0
1777889675.0313325,-1.0,-1.0,-77.0
1777889675.0413325,0.0,-1.0,-77.0
1777889675.0513325,-3.0,0.0,-75.0
1777889675.0623324,-5.0,-1.0,-81.0
1777889675.0723324,-6.0,0.0,-78.0
1777889675.0823324,-2.0,2.0,-72.0
1777889675.0923324,0.0,6.0,-68.0
1777889675.1023324,3.0,7.0,-64.0
1777889675.1123323,5.0,6.0,-65.0
1777889675.1223323,2.0,7.0,-69.0
1777889675.1323323,1.0,15.0,-70.0
1777889675.1423323,0.0,11.0,-78.0
1777889675.1523323,0.0,9.0,-81.0
1777889675.1623323,-1.0,4.0,-91.0
1777889675.1723323,0.0,7.0,-90.0
1777889675.1823325,0.0,1.0,-80.0
1777889675.1923325,2.0,-1.0,-78.0
1777889675.2023325,0.0,-3.0,-75.0
1777889675.2123325,1.0,-3.0,-69.0
1777889675.2223325,2.0,-3.0,-67.0
1777889675.2323325,2.0,-3.0,-68.0
1777889675.2423325,1.0,-2.0,-64.0
1777889675.2523324,2.0,-4.0,-72.0
1777889675.2623324,2.0,-3.0,-75.0
1777889675.2723324,5.0,-7.0,-77.0
1777889675.2823324,7.0,-6.0,-77.0
1777889675.2923324,6.0,-5.0,-77.0
1777889675.3023324,7.0,0.0,-74.0
1777889675.3123324,2.0,3.0,-80.0
1777889675.3223324,7.0,1.0,-78.0
1777889675.3323324,5.0,2.0,-76.0
1777889675.3423324,2.0,5.0,-71.0
1777889675.3523324,2.0,4.0,-72.0
1777889675.3623323,2.0,0.0,-72.0
1777889675.3723323,0.0,-3.0,-68.0
1777889675.3823323,0.0,0.0,-71.0
1777889675.3923323,-5.0,1.0,-65.0
1777889675.4023323,-3.0,2.0,-64.0
1777889675.4123323,-2.0,1.0,-63.0
1777889675.4223323,-5.0,1.0,-59.0
1777889675.4323325,-5.0,2.0,-62.0
1777889675.4423325,-1.0,1.0,-71.0
1777889675.4523325,-5.0,-1.0,-73.0
1777889675.4623325,0.0,0.0,-79.0
1777889675.4723325,4.0,-3.0,-81.0
1777889675.4823325,2.0,-3.0,-80.0
1777889675.4923325,2.0,1.0,-71.0
1777889675.5023324,2.0,0.0,-65.0
1777889675.5123324,1.0,2.0,-60.0
1777889675.5223324,0.0,4.0,-66.0
1777889675.5323324,-1.0,4.0,-72.0
1777889675.5423324,0.0,1.0,-76.0
1777889675.5523324,-2.0,0.0,-72.0
1777889675.5623324,-3.0,3.0,-79.0
1777889675.5723324,-2.0,0.0,-85.0
1777889675.5823324,-2.0,-1.0,-85.0
1777889675.5923324,-3.0,-2.0,-91.0
1777889675.6023324,2.0,-6.0,-87.0
1777889675.6123323,4.0,-4.0,-83.0
1777889675.6223323,4.0,0.0,-82.0
1777889675.6323323,4.0,-2.0,-85.0
1777889675.6423323,3.0,-3.0,-84.0
1777889675.6523323,0.0,-4.0,-80.0
1777889675.6623323,1.0,-6.0,-83.0
1777889675.6723323,-2.0,0.0,-82.0
1777889675.6823325,2.0,-3.0,-84.0
1777889675.6923325,0.0,-3.0,-85.0
1777889675.7023325,-1.0,-5.0,-80.0
1777889675.7123325,1.0,-7.0,-77.0
1777889675.7223325,3.0,-8.0,-86.0
1777889675.7323325,4.0,-6.0,-92.0
1777889675.7423325,1.0,-5.0,-94.0
1777889675.7523324,3.0,-2.0,-84.0
1777889675.7623324,4.0,1.0,-82.0
1777889675.7723324,5.0,2.0,-79.0
1777889675.7823324,6.0,1.0,-83.0
1777889675.7923324,2.0,1.0,-80.0
1777889675.8023324,-1.0,1.0,-83.0
1777889675.8123324,-2.0,-3.0,-79.0
1777889675.8223324,-4.0,-2.0,-71.0
1777889675.8323324,-3.0,-2.0,-75.0
1777889675.8423324,0.0,-3.0,-75.0
1777889675.8523324,0.0,-3.0,-74.0
1777889675.8623323,2.0,-4.0,-75.0
1777889675.8723323,0.0,-2.0,-82.0
1777889675.8823323,0.0,-1.0,-74.0
1777889675.8923323,-3.0,0.0,-72.0
1777889675.9023323,-3.0,0.0,-78.0
1777889675.9123323,-1.0,0.0,-84.0
1777889675.9223323,0.0,-1.0,-83.0
1777889675.9323325,0.0,1.0,-75.0
1777889675.9423325,-2.0,-1.0,-73.0
1777889675.9523325,-2.0,-2.0,-69.0
1777889675.9623325,0.0,-4.0,-68.0
1777889675.9723325,0.0,-4.0,-61.0
1777889675.9823325,0.0,-4.0,-67.0
1777889675.9923325,-1.0,-6.0,-70.0
1777889676.0023324,-3.0,-3.0,-74.0
1777889676.0123324,-2.0,-7.0,-79.0
1777889676.0223324,0.0,-6.0,-78.0
1777889676.0323324,0.0,-3.0,-75.0
1777889676.0423324,0.0,0.0,-72.0
1777889676.0523324,0.0,3.0,-75.0
1777889676.0623324,-5.0,3.0,-73.0
1777889676.0723324,-3.0,3.0,-72.0
1777889676.0823324,-6.0,0.0,-80.0
1777889676.0923324,-9.0,-1.0,-85.0
1777889676.1023324,-10.0,-1.0,-82.0
1777889676.1123323,-8.0,-5.0,-81.0
1777889676.1223323,-5.0,-1.0,-83.0
1777889676.1323323,-3.0,0.0,-81.0
1777889676.1423323,-2.0,-3.0,-81.0
1777889676.1523323,-5.0,-5.0,-78.0
1777889676.1623323,-3.0,-5.0,-78.0
1777889676.1723323,-2.0,-6.0,-79.0
1777889676.1823325,-1.0,-2.0,-75.0
1777889676.1923325,-1.0,-2.0,-76.0
1777889676.2023325,-5.0,-4.0,-73.0
1777889676.2123325,-4.0,0.0,-73.0
1777889676.2223325,-6.0,-1.0,-80.0
1777889676.2323325,-4.0,0.0,-76.0
1777889676.2423325,-2.0,1.0,-73.0
1777889676.2523324,-3.0,3.0,-73.0
1777889676.2623324,-1.0,0.0,-75.0
1777889676.2723324,0.0,-4.0,-75.0
1777889676.2823324,0.0,-3.0,-73.0
1777889676.2923324,3.0,-2.0,-74.0
1777889676.3023324,0.0,-6.0,-71.0
1777889676.3123324,0.0,-3.0,-75.0
1777889676.3223324,0.0,-3.0,-75.0
1777889676.3323324,0.0,-3.0,-70.0
1777889676.3423324,4.0,-3.0,-69.0
1777889676.3523324,7.0,-1.0,-71.0
1777889676.3623323,5.0,-3.0,-72.0
1777889676.3723323,4.0,-2.0,-75.0
1777889676.3823323,3.0,-1.0,-73.0
1777889676.3923323,0.0,2.0,-73.0
1777889676.4023323,0.0,3.0,-73.0
1777889676.4123323,0.0,0.0,-70.0
1777889676.4223323,-1.0,3.0,-70.0
1777889676.4323325,0.0,1.0,-76.0
1777889676.4423325,0.0,4.0,-76.0
1777889676.4523325,-1.0,5.0,-81.0
1777889676.4623325,-4.0,7.0,-76.0
1777889676.4723325,-5.0,1.0,-69.0
1777889676.4823325,-7.0,1.0,-72.0
1777889676.4923325,-2.0,2.0,-71.0
1777889676.5023324,1.0,1.0,-77.0
1777889676.5123324,4.0,6.0,-77.0
1777889676.5223324,4.0,5.0,-80.0
1777889676.5323324,5.0,4.0,-82.0
1777889676.5423324,5.0,1.0,-75.0
1777889676.5523324,8.0,0.0,-72.0
1777889676.5623324,0.0,2.0,-75.0
1777889676.5723324,3.0,0.0,-81.0
1777889676.5823324,3.0,3.0,-83.0
1777889676.5923324,6.0,4.0,-84.0
1777889676.6023324,8.0,3.0,-83.0
1777889676.6123323,8.0,3.0,-81.0
1777889676.6223323,0.0,3.0,-73.0
1777889676.6323323,-7.0,2.0,-75.0
1777889676.6423323,-7.0,0.0,-72.0
1777889676.6523323,-7.0,0.0,-75.0
1777889676.6623323,-5.0,-1.0,-75.0
1777889676.6723323,-4.0,-4.0,-74.0
1777889676.6823325,-6.0,-2.0,-69.0
1777889676.6923325,-5.0,4.0,-69.0
1777889676.7023325,-4.0,6.0,-61.0
1777889676.7123325,-1.0,4.0,-63.0
1777889676.7223325,-3.0,5.0,-76.0
1777889676.7323325,-3.0,-1.0,-71.0
1777889676.7423325,-1.0,-6.0,-71.0
1777889676.7523324,2.0,-5.0,-67.0
1777889676.7623324,6.0,-3.0,-59.0
1777889676.7723324,8.0,-4.0,-66.0
1777889676.7823324,7.0,-3.0,-65.0
1777889676.7923324,8.0,-8.0,-72.0
1777889676.8023324,7.0,-5.0,-72.0
1777889676.8123324,7.0,-2.0,-71.0
1777889676.8223324,2.0,2.0,-74.0
1777889676.8323324,1.0,5.0,-63.0
1777889676.8423324,3.0,5.0,-64.0
1777889676.8523324,-2.0,2.0,-68.0
1777889676.8623323,0.0,3.0,-74.0
1777889676.8723323,3.0,6.0,-80.0
1777889676.8823323,-1.0,5.0,-79.0
1777889676.8923323,-1.0,2.0,-79.0
1777889676.9023323,-7.0,-2.0,-76.0
1777889676.9123323,-6.0,-1.0,-73.0
1777889676.9223323,-4.0,-1.0,-71.0
1777889676.9323325,0.0,0.0,-69.0
1777889676.9423325,1.0,-4.0,-68.0
1777889676.9523325,2.0,0.0,-70.0
1777889676.9623325,2.0,-1.0,-65.0
1777889676.9723325,-1.0,0.0,-71.0
1777889676.9823325,1.0,1.0,-77.0
1777889676.9923325,0.0,1.0,-79.0
1777889677.0023324,2.0,3.0,-80.0
1777889677.0123324,1.0,1.0,-77.0
1777889677.0233324,-2.0,0.0,-71.0
1777889677.0323324,0.0,-1.0,-79.0
1777889677.0433323,2.0,0.0,-72.0
1777889677.0533323,3.0,-3.0,-76.0
1777889677.0633323,0.0,-2.0,-79.0
1777889677.0733323,2.0,-5.0,-82.0
1777889677.0833323,-1.0,-6.0,-76.0
1777889677.0933323,1.0,-2.0,-70.0
1777889677.1033323,-1.0,-3.0,-69.0
1777889677.1133325,-1.0,-3.0,-68.0
1777889677.1233325,-1.0,-2.0,-66.0
1777889677.1333325,-3.0,0.0,-65.0
1777889677.1433325,-2.0,0.0,-68.0
1777889677.1533325,-6.0,3.0,-73.0
1777889677.1633325,-5.0,2.0,-72.0
1777889677.1733325,-7.0,2.0,-65.0
1777889677.1833324,-6.0,0.0,-68.0
1777889677.1933324,-5.0,-1.0,-59.0
1777889677.2033324,0.0,0.0,-60.0
1777889677.2133324,0.0,-4.0,-57.0
1777889677.2233324,-2.0,-1.0,-57.0
1777889677.2333324,0.0,-2.0,-58.0
1777889677.2433324,-4.0,-1.0,-64.0
1777889677.2533324,2.0,0.0,-62.0
1777889677.2633324,-2.0,1.0,-68.0
1777889677.2733324,-1.0,0.0,-74.0
1777889677.2833323,0.0,2.0,-73.0
1777889677.2933323,1.0,0.0,-71.0
1777889677.3033323,-3.0,-1.0,-72.0
1777889677.3133323,-4.0,-2.0,-75.0
1777889677.3233323,4.0,-2.0,-74.0
1777889677.3333323,2.0,-1.0,-77.0
1777889677.3433323,6.0,0.0,-83.0
1777889677.3533323,8.0,4.0,-81.0
1777889677.3633325,3.0,7.0,-78.0
1777889677.3733325,0.0,4.0,-69.0
1777889677.3833325,-5.0,0.0,-62.0
1777889677.3933325,-5.0,0.0,-64.0
1777889677.4033325,-7.0,2.0,-64.0
1777889677.4133325,-6.0,5.0,-64.0
1777889677.4233325,-8.0,7.0,-64.0
1777889677.4333324,-4.0,3.0,-67.0
1777889677.4433324,-6.0,3.0,-65.0
1777889677.4533324,-6.0,0.0,-73.0
1777889677.4633324,-7.0,5.0,-72.0
1777889677.4733324,-7.0,2.0,-67.0
1777889677.4833324,-7.0,-2.0,-64.0
1777889677.4933324,-5.0,-2.0,-67.0
1777889677.5033324,-4.0,1.0,-67.0
1777889677.5133324,-3.0,2.0,-69.0
1777889677.5233324,-9.0,0.0,-72.0
1777889677.5333323,-9.0,-4.0,-65.0
1777889677.5433323,-1.0,-4.0,-57.0
1777889677.5533323,1.0,-4.0,-61.0
1777889677.5633323,0.0,0.0,-66.0
1777889677.5733323,1.0,1.0,-62.0
1777889677.5833323,-3.0,-1.0,-65.0
1777889677.5933323,-1.0,-1.0,-70.0
1777889677.6033323,-2.0,-1.0,-73.0
1777889677.6133325,5.0,0.0,-78.0
1777889677.6233325,0.0,0.0,-78.0
1777889677.6333325,-1.0,-6.0,-75.0
1777889677.6433325,-1.0,-6.0,-75.0
1777889677.6533325,-2.0,2.0,-77.0
1777889677.6633325,-1.0,1.0,-75.0
1777889677.6733325,-2.0,2.0,-75.0
1777889677.6833324,-7.0,0.0,-67.0
1777889677.6933324,-3.0,-3.0,-73.0
1777889677.7033324,0.0,-3.0,-74.0
1777889677.7133324,1.0,-3.0,-81.0
1777889677.7233324,2.0,0.0,-84.0
1777889677.7333324,0.0,1.0,-85.0
1777889677.7433324,6.0,4.0,-89.0
1777889677.7533324,11.0,4.0,-83.0
1777889677.7633324,12.0,2.0,-84.0
1777889677.7733324,7.0,3.0,-81.0
1777889677.7833323,6.0,4.0,-78.0
1777889677.7933323,3.0,4.0,-80.0
1777889677.8033323,0.0,7.0,-77.0
1777889677.8133323,1.0,3.0,-69.0
1777889677.8233323,0.0,2.0,-67.0
1777889677.8333323,-2.0,4.0,-70.0
1777889677.8433323,-2.0,5.0,-77.0
1777889677.8533323,0.0,3.0,-76.0
1777889677.8633325,0.0,5.0,-85.0
1777889677.8733325,1.0,0.0,-89.0
1777889677.8833325,0.0,-1.0,-89.0
1777889677.8933325,3.0,0.0,-91.0
1777889677.9033325,2.0,3.0,-89.0
1777889677.9133325,2.0,0.0,-85.0
1777889677.9233325,1.0,1.0,-84.0
1777889677.9333324,4.0,0.0,-84.0
1777889677.9433324,2.0,-1.0,-84.0
1777889677.9533324,1.0,0.0,-81.0
1777889677.9633324,-1.0,1.0,-83.0
1777889677.9733324,-3.0,4.0,-80.0
1777889677.9833324,-7.0,3.0,-79.0
1777889677.9933324,-2.0,1.0,-78.0
1777889678.0033324,-3.0,4.0,-76.0
1777889678.0133324,0.0,6.0,-72.0
1777889678.0233324,7.0,10.0,-78.0
1777889678.0333323,10.0,15.0,-76.0
1777889678.0433323,7.0,15.0,-78.0
1777889678.0533323,2.0,10.0,-73.0
1777889678.0633323,0.0,7.0,-75.0
1777889678.0733323,-1.0,6.0,-77.0
1777889678.0833323,0.0,3.0,-77.0
1777889678.0933323,1.0,0.0,-77.0
1777889678.1033323,3.0,-1.0,-73.0
1777889678.1133325,6.0,0.0,-75.0
1777889678.1233325,6.0,-3.0,-78.0
1777889678.1333325,3.0,-2.0,-82.0
1777889678.1433325,2.0,-7.0,-86.0
1777889678.1533325,0.0,-2.0,-83.0
1777889678.1633325,1.0,-1.0,-80.0
1777889678.1733325,4.0,-3.0,-84.0
1777889678.1833324,1.0,-6.0,-74.0
1777889678.1933324,2.0,-8.0,-73.0
1777889678.2033324,4.0,-2.0,-72.0
1777889678.2133324,2.0,3.0,-76.0
1777889678.2233324,0.0,3.0,-77.0
1777889678.2333324,0.0,3.0,-80.0
1777889678.2433324,-3.0,2.0,-74.0
1777889678.2533324,-1.0,0.0,-67.0
1777889678.2633324,1.0,-5.0,-68.0
1777889678.2733324,0.0,-6.0,-69.0
1777889678.2833323,1.0,-3.0,-70.0
1777889678.2933323,4.0,-5.0,-70.0
1777889678.3033323,4.0,-7.0,-78.0
1777889678.3133323,10.0,-4.0,-79.0
1777889678.3233323,10.0,0.0,-84.0
1777889678.3333323,5.0,1.0,-86.0
1777889678.3433323,3.0,0.0,-80.0
1777889678.3533323,3.0,0.0,-76.0
1777889678.3633325,5.0,-2.0,-75.0
1777889678.3733325,0.0,3.0,-73.0
1777889678.3833325,1.0,4.0,-69.0
1777889678.3933325,0.0,8.0,-71.0
1777889678.4033325,0.0,10.0,-75.0
1777889678.4133325,-2.0,9.0,-78.0
1777889678.4233325,-3.0,6.0,-82.0
1777889678.4333324,-2.0,3.0,-86.0
1777889678.4433324,-4.0,0.0,-82.0
1777889678.4533324,0.0,-4.0,-80.0
1777889678.4633324,-2.0,0.0,-83.0
1777889678.4733324,-2.0,-1.0,-80.0
1777889678.4833324,-2.0,-4.0,-80.0
1777889678.4933324,0.0,-5.0,-78.0
1777889678.5033324,2.0,-3.0,-75.0
1777889678.5133324,1.0,-3.0,-80.0
1777889678.5233324,1.0,-3.0,-83.0
1777889678.5333323,2.0,-2.0,-93.0
1777889678.5433323,1.0,-1.0,-82.0
1777889678.5533323,4.0,-5.0,-77.0
1777889678.5633323,3.0,-5.0,-72.0
1777889678.5733323,-1.0,-5.0,-72.0
1777889678.5833323,2.0,-5.0,-74.0
1777889678.5933323,1.0,-3.0,-76.0
1777889678.6033323,5.0,-3.0,-77.0
1777889678.6133325,7.0,-4.0,-77.0
1777889678.6233325,7.0,-6.0,-71.0
1777889678.6333325,3.0,-10.0,-67.0
1777889678.6433325,3.0,-10.0,-63.0
1777889678.6533325,2.0,-2.0,-67.0
1777889678.6633325,5.0,-2.0,-65.0
1777889678.6733325,7.0,-2.0,-67.0
1777889678.6833324,5.0,-3.0,-74.0
1777889678.6933324,3.0,-4.0,-77.0
1777889678.7033324,1.0,-2.0,-76.0
1777889678.7133324,1.0,0.0,-71.0
1777889678.7233324,4.0,0.0,-69.0
1777889678.7333324,4.0,0.0,-70.0
1777889678.7433324,2.0,0.0,-70.0
1777889678.7533324,2.0,-4.0,-68.0
1777889678.7633324,0.0,-7.0,-74.0
1777889678.7733324,-2.0,-6.0,-68.0
1777889678.7833323,-4.0,-10.0,-68.0
1777889678.7933323,-4.0,-9.0,-65.0
1777889678.8033323,-4.0,-10.0,-74.0
1777889678.8133323,0.0,-9.0,-73.0
1777889678.8233323,0.0,-6.0,-74.0
1777889678.8333323,2.0,-3.0,-70.0
1777889678.8433323,2.0,-4.0,-64.0
1777889678.8533323,3.0,-3.0,-71.0
1777889678.8633325,4.0,-7.0,-72.0
1777889678.8733325,6.0,-9.0,-71.0
1777889678.8833325,2.0,-6.0,-73.0
1777889678.8933325,0.0,-3.0,-75.0
1777889678.9033325,-1.0,-4.0,-84.0
1777889678.9133325,0.0,0.0,-90.0
1777889678.9233325,-2.0,-2.0,-92.0
1777889678.9333324,0.0,-6.0,-85.0
1777889678.9433324,2.0,-6.0,-81.0
1777889678.9533324,1.0,1.0,-78.0
1777889678.9633324,-4.0,3.0,-75.0
1777889678.9733324,-4.0,5.0,-70.0
1777889678.9833324,1.0,5.0,-69.0
1777889678.9933324,0.0,3.0,-71.0
1777889679.0033324,-4.0,4.0,-74.0
1777889679.0143323,-2.0,2.0,-78.0
1777889679.0233324,4.0,0.0,-81.0
1777889679.0343325,5.0,6.0,-77.0
1777889679.0443325,3.0,2.0,-72.0
1777889679.0543325,3.0,0.0,-69.0
1777889679.0643325,1.0,-2.0,-74.0
1777889679.0743325,3.0,-3.0,-77.0
1777889679.0843325,3.0,-1.0,-78.0
1777889679.0943325,3.0,-2.0,-75.0
1777889679.1043324,0.0,-3.0,-73.0
1777889679.1143324,0.0,-4.0,-77.0
1777889679.1243324,1.0,-7.0,-71.0
1777889679.1343324,5.0,-8.0,-67.0
1777889679.1443324,9.0,-9.0,-69.0
1777889679.1543324,9.0,-8.0,-69.0
1777889679.1643324,1.0,-3.0,-68.0
1777889679.1743324,-1.0,-3.0,-64.0
1777889679.1843324,-1.0,-3.0,-68.0
1777889679.1943324,-2.0,0.0,-67.0
1777889679.2043324,0.0,3.0,-62.0
1777889679.2143323,5.0,0.0,-70.0
1777889679.2243323,10.0,-1.0,-69.0
1777889679.2343323,14.0,-3.0,-63.0
1777889679.2443323,14.0,-4.0,-65.0
1777889679.2543323,13.0,-3.0,-70.0
1777889679.2643323,10.0,-2.0,-67.0
1777889679.2743323,6.0,1.0,-70.0
1777889679.2843325,3.0,1.0,-72.0
1777889679.2943325,7.0,-2.0,-73.0
1777889679.3043325,6.0,1.0,-69.0
1777889679.3143325,0.0,0.0,-77.0
1777889679.3243325,-2.0,0.0,-80.0
1777889679.3343325,-6.0,3.0,-81.0
1777889679.3443325,-4.0,2.0,-81.0
1777889679.3543324,-2.0,0.0,-78.0
1777889679.3643324,0.0,2.0,-74.0
1777889679.3743324,0.0,0.0,-69.0
1777889679.3843324,5.0,-1.0,-69.0
1777889679.3943324,2.0,-1.0,-67.0
1777889679.4043324,0.0,0.0,-68.0
1777889679.4143324,0.0,-1.0,-68.0
1777889679.4243324,0.0,1.0,-66.0
1777889679.4343324,1.0,3.0,-66.0
1777889679.4443324,6.0,2.0,-64.0
1777889679.4543324,6.0,-2.0,-65.0
1777889679.4643323,7.0,-4.0,-68.0
1777889679.4743323,3.0,-7.0,-67.0
1777889679.4843323,-2.0,-3.0,-72.0
1777889679.4943323,-1.0,-1.0,-68.0
1777889679.5043323,3.0,-1.0,-72.0
1777889679.5143323,3.0,0.0,-67.0
1777889679.5243323,5.0,0.0,-66.0
1777889679.5343325,-1.0,3.0,-73.0
1777889679.5443325,-3.0,6.0,-76.0
1777889679.5543325,-5.0,5.0,-76.0
1777889679.5643325,-5.0,1.0,-75.0
1777889679.5743325,-2.0,0.0,-79.0
1777889679.5843325,0.0,-2.0,-82.0
1777889679.5943325,-3.0,0.0,-77.0
1777889679.6043324,-3.0,2.0,-80.0
1777889679.6143324,-4.0,3.0,-80.0
1777889679.6243324,-2.0,0.0,-81.0
1777889679.6343324,1.0,0.0,-74.0
1777889679.6443324,4.0,1.0,-69.0
1777889679.6543324,0.0,0.0,-64.0
1777889679.6643324,-1.0,0.0,-66.0
1777889679.6743324,0.0,2.0,-65.0
1777889679.6843324,2.0,-1.0,-66.0
1777889679.6943324,-1.0,0.0,-69.0
1777889679.7043324,2.0,2.0,-72.0
1777889679.7143323,0.0,-2.0,-75.0
1777889679.7243323,-4.0,-2.0,-69.0
1777889679.7343323,-3.0,0.0,-75.0
1777889679.7443323,-5.0,0.0,-79.0
1777889679.7543323,-1.0,-6.0,-76.0
1777889679.7643323,2.0,-4.0,-81.0
1777889679.7743323,-3.0,-1.0,-80.0
1777889679.7843325,-3.0,-3.0,-73.0
1777889679.7943325,-5.0,-4.0,-74.0
1777889679.8043325,1.0,-4.0,-77.0
1777889679.8143325,2.0,-1.0,-78.0
1777889679.8243325,4.0,-2.0,-79.0
1777889679.8343325,0.0,-3.0,-69.0
1777889679.8443325,-2.0,-3.0,-76.0
1777889679.8543324,-2.0,-2.0,-74.0
1777889679.8643324,1.0,-6.0,-72.0
1777889679.8743324,1.0,-5.0,-68.0
1777889679.8843324,2.0,-1.0,-71.0
1777889679.8943324,1.0,-4.0,-72.0
1777889679.9043324,-1.0,-7.0,-73.0
1777889679.9143324,-3.0,-3.0,-70.0
1777889679.9243324,-6.0,0.0,-70.0
1777889679.9343324,-4.0,0.0,-68.0
1777889679.9443324,-6.0,-2.0,-72.0
1777889679.9543324,-11.0,-6.0,-73.0
1777889679.9643323,-6.0,-5.0,-73.0
1777889679.9743323,-2.0,-3.0,-79.0
1777889679.9843323,0.0,0.0,-84.0
1777889679.9943323,1.0,2.0,-85.0
1777889680.0043323,0.0,-2.0,-82.0
1777889680.0143323,1.0,-2.0,-78.0
1777889680.0243323,-3.0,1.0,-74.0
1777889680.0343325,-8.0,-3.0,-75.0
1777889680.0443325,-3.0,-5.0,-73.0
1777889680.0543325,1.0,-8.0,-73.0
1777889680.0643325,2.0,-5.0,-74.0
1777889680.0743325,6.0,-4.0,-79.0
1777889680.0843325,5.0,0.0,-73.0
1777889680.0943325,8.0,-2.0,-73.0
1777889680.1043324,10.0,-3.0,-77.0
1777889680.1143324,9.0,-4.0,-73.0
1777889680.1243324,5.0,0.0,-76.0
1777889680.1343324,10.0,-1.0,-75.0
1777889680.1443324,5.0,0.0,-70.0
1777889680.1543324,4.0,-1.0,-77.0
1777889680.1643324,6.0,0.0,-75.0
1777889680.1743324,7.0,-1.0,-79.0
1777889680.1843324,4.0,-4.0,-74.0
1777889680.1943324,6.0,-4.0,-74.0
1777889680.2043324,2.0,-7.0,-73.0
1777889680.2143323,6.0,-7.0,-74.0
1777889680.2243323,4.0,-5.0,-72.0
1777889680.2343323,5.0,-4.0,-77.0
1777889680.2443323,5.0,-2.0,-78.0
1777889680.2543323,7.0,2.0,-86.0
1777889680.2643323,5.0,0.0,-84.0
1777889680.2743323,0.0,-2.0,-76.0
1777889680.2843325,3.0,-7.0,-69.0
1777889680.2943325,10.0,-5.0,-69.0
1777889680.3043325,9.0,-4.0,-67.0
1777889680.3143325,11.0,-8.0,-69.0
1777889680.3243325,13.0,-4.0,-70.0
1777889680.3343325,10.0,-1.0,-68.0
1777889680.3443325,9.0,-3.0,-69.0
1777889680.3543324,6.0,-2.0,-70.0
1777889680.3643324,6.0,-1.0,-69.0
1777889680.3743324,3.0,-5.0,-70.0
1777889680.3843324,1.0,-3.0,-71.0
1777889680.3943324,1.0,-2.0,-68.0
1777889680.4043324,1.0,-4.0,-72.0
1777889680.4143324,1.0,-6.0,-75.0
1777889680.4243324,4.0,-7.0,-75.0
1777889680.4343324,6.0,-6.0,-74.0
1777889680.4443324,5.0,-1.0,-72.0
1777889680.4543324,5.0,-3.0,-70.0
1777889680.4643323,5.0,-5.0,-75.0
1777889680.4743323,7.0,-2.0,-73.0
1777889680.4843323,5.0,0.0,-72.0
1777889680.4943323,3.0,3.0,-78.0
1777889680.5043323,4.0,5.0,-79.0
1777889680.5143323,7.0,8.0,-77.0
1777889680.5243323,6.0,6.0,-79.0
1777889680.5343325,0.0,4.0,-81.0
1777889680.5443325,0.0,5.0,-80.0
1777889680.5543325,-3.0,0.0,-75.0
1777889680.5643325,-3.0,0.0,-71.0
1777889680.5743325,0.0,0.0,-74.0
1777889680.5843325,2.0,2.0,-67.0
1777889680.5943325,0.0,3.0,-67.0
1777889680.6043324,3.0,4.0,-74.0
1777889680.6143324,-1.0,4.0,-76.0
1777889680.6243324,0.0,7.0,-78.0
1777889680.6343324,1.0,7.0,-70.0
1777889680.6443324,0.0,1.0,-64.0
1777889680.6543324,0.0,2.0,-63.0
1777889680.6643324,8.0,2.0,-67.0
1777889680.6743324,7.0,-1.0,-69.0
1777889680.6843324,6.0,-2.0,-72.0
1777889680.6943324,5.0,2.0,-77.0
1777889680.7043324,8.0,2.0,-82.0
1777889680.7143323,7.0,2.0,-80.0
1777889680.7243323,7.0,-1.0,-79.0
1777889680.7343323,0.0,-3.0,-85.0
1777889680.7443323,3.0,-1.0,-82.0
1777889680.7543323,2.0,-2.0,-80.0
1777889680.7643323,1.0,-1.0,-73.0
1777889680.7743323,1.0,2.0,-74.0
1777889680.7843325,4.0,2.0,-82.0
1777889680.7943325,2.0,1.0,-81.0
1777889680.8043325,4.0,2.0,-79.0
1777889680.8143325,1.0,4.0,-75.0
1777889680.8243325,2.0,5.0,-76.0
1777889680.8343325,4.0,0.0,-83.0
1777889680.8443325,9.0,-2.0,-85.0
1777889680.8543324,4.0,-6.0,-86.0
1777889680.8643324,3.0,-4.0,-89.0
1777889680.8743324,0.0,-6.0,-91.0
1777889680.8843324,0.0,-10.0,-86.0
1777889680.8943324,3.0,-7.0,-86.0
1777889680.9043324,2.0,-6.0,-87.0
1777889680.9143324,1.0,-1.0,-93.0
1777889680.9243324,2.0,-1.0,-88.0
1777889680.9343324,5.0,-2.0,-83.0
1777889680.9443324,3.0,-4.0,-83.0
1777889680.9543324,4.0,-3.0,-81.0
1777889680.9643323,4.0,-3.0,-82.0
1777889680.9743323,0.0,-3.0,-80.0
1777889680.9843323,3.0,1.0,-82.0
1777889680.9953325,3.0,1.0,-90.0
1777889681.0043323,5.0,1.0,-81.0
1777889681.0153325,4.0,2.0,-78.0
1777889681.0253325,8.0,6.0,-73.0
1777889681.0353324,3.0,4.0,-70.0
1777889681.0453324,4.0,8.0,-70.0
1777889681.0553324,2.0,10.0,-77.0
1777889681.0653324,0.0,10.0,-78.0
1777889681.0753324,-3.0,9.0,-79.0
1777889681.0853324,-3.0,7.0,-75.0
1777889681.0953324,-3.0,2.0,-69.0
1777889681.1053324,-2.0,5.0,-65.0
1777889681.1153324,0.0,0.0,-66.0
1777889681.1253324,0.0,-4.0,-76.0
1777889681.1353323,2.0,-5.0,-70.0
1777889681.1453323,2.0,-3.0,-72.0
1777889681.1553323,1.0,-8.0,-84.0
1777889681.1653323,3.0,-7.0,-77.0
1777889681.1753323,0.0,-1.0,-76.0
1777889681.1853323,2.0,-4.0,-77.0
1777889681.1953323,-2.0,-4.0,-79.0
1777889681.2053325,-3.0,-3.0,-77.0
1777889681.2153325,-3.0,-2.0,-76.0
1777889681.2253325,-4.0,-1.0,-73.0
1777889681.2353325,0.0,-1.0,-72.0
1777889681.2453325,-2.0,0.0,-67.0
1777889681.2553325,-2.0,-2.0,-72.0
1777889681.2653325,-2.0,-1.0,-77.0
1777889681.2753325,-1.0,-2.0,-73.0
1777889681.2853324,2.0,-3.0,-70.0
1777889681.2953324,-2.0,0.0,-76.0
1777889681.3053324,0.0,-3.0,-72.0
1777889681.3153324,5.0,-2.0,-71.0
1777889681.3253324,3.0,-3.0,-68.0
1777889681.3353324,3.0,-7.0,-65.0
1777889681.3453324,4.0,-7.0,-67.0
1777889681.3553324,0.0,-7.0,-70.0
1777889681.3653324,0.0,-9.0,-63.0
1777889681.3753324,0.0,-9.0,-65.0
1777889681.3853323,0.0,-9.0,-66.0
1777889681.3953323,0.0,-12.0,-64.0
1777889681.4053323,3.0,-16.0,-64.0
1777889681.4153323,4.0,-13.0,-63.0
1777889681.4253323,4.0,-6.0,-66.0
1777889681.4353323,0.0,-6.0,-71.0
1777889681.4453323,0.0,-2.0,-75.0
1777889681.4553325,4.0,0.0,-82.0
1777889681.4653325,1.0,-4.0,-80.0
1777889681.4753325,2.0,-1.0,-75.0
1777889681.4853325,3.0,5.0,-76.0
1777889681.4953325,2.0,4.0,-67.0
1777889681.5053325,4.0,2.0,-71.0
1777889681.5153325,4.0,1.0,-63.0
1777889681.5253325,2.0,-3.0,-62.0
1777889681.5353324,1.0,2.0,-68.0
1777889681.5453324,-4.0,3.0,-67.0
1777889681.5553324,-1.0,2.0,-74.0
1777889681.5653324,3.0,-3.0,-78.0
1777889681.5753324,1.0,-3.0,-84.0
1777889681.5853324,0.0,-1.0,-87.0
1777889681.5953324,0.0,-1.0,-86.0
1777889681.6053324,2.0,-2.0,-86.0
1777889681.6153324,3.0,-4.0,-82.0
1777889681.6253324,3.0,-3.0,-84.0
1777889681.6353323,9.0,-1.0,-82.0
1777889681.6453323,11.0,-2.0,-79.0
1777889681.6553323,12.0,-1.0,-76.0
1777889681.6653323,11.0,3.0,-79.0
1777889681.6753323,7.0,0.0,-82.0
1777889681.6853323,3.0,-1.0,-78.0
1777889681.6953323,2.0,-3.0,-71.0
1777889681.7053325,0.0,-1.0,-69.0
1777889681.7153325,0.0,-3.0,-69.0
1777889681.7253325,4.0,0.0,-75.0
1777889681.7353325,0.0,-2.0,-80.0
1777889681.7453325,0.0,-4.0,-81.0
1777889681.7553325,1.0,-4.0,-84.0
1777889681.7653325,6.0,-3.0,-79.0
1777889681.7753325,3.0,2.0,-79.0
1777889681.7853324,1.0,5.0,-87.0
1777889681.7953324,3.0,2.0,-86.0
1777889681.8053324,2.0,0.0,-92.0
1777889681.8153324,0.0,1.0,-81.0
1777889681.8253324,-4.0,3.0,-77.0
1777889681.8353324,-1.0,0.0,-74.0
1777889681.8453324,-3.0,0.0,-76.0
1777889681.8553324,-1.0,0.0,-78.0
1777889681.8653324,-3.0,4.0,-77.0
1777889681.8753324,1.0,5.0,-80.0
1777889681.8853323,5.0,1.0,-81.0
1777889681.8953323,4.0,-4.0,-83.0
1777889681.9053323,10.0,0.0,-77.0
1777889681.9153323,7.0,0.0,-74.0
1777889681.9253323,2.0,-1.0,-76.0
1777889681.9353323,5.0,2.0,-78.0
1777889681.9453323,4.0,5.0,-73.0
1777889681.9553325,3.0,4.0,-73.0
1777889681.9653325,7.0,3.0,-71.0
1777889681.9753325,9.0,1.0,-68.0
1777889681.9853325,12.0,1.0,-71.0
1777889681.9953325,9.0,1.0,-67.0
1777889682.0053325,4.0,-3.0,-67.0
1777889682.0153325,3.0,-4.0,-72.0
1777889682.0253325,5.0,-3.0,-70.0
1777889682.0353324,8.0,-2.0,-68.0
1777889682.0453324,4.0,-7.0,-67.0
1777889682.0553324,3.0,-3.0,-71.0
1777889682.0653324,5.0,0.0,-69.0
1777889682.0753324,6.0,0.0,-66.0
1777889682.0853324,7.0,0.0,-65.0
1777889682.0953324,10.0,-2.0,-71.0
1777889682.1053324,12.0,-6.0,-76.0
1777889682.1153324,5.0,-4.0,-71.0
1777889682.1253324,3.0,0.0,-70.0
1777889682.1353323,0.0,-1.0,-77.0
1777889682.1453323,2.0,-1.0,-81.0
1777889682.1553323,0.0,-1.0,-81.0
1777889682.1653323,2.0,-2.0,-79.0
1777889682.1753323,0.0,0.0,-72.0
1777889682.1853323,-3.0,1.0,-71.0
1777889682.1953323,-2.0,1.0,-75.0
1777889682.2053325,2.0,0.0,-69.0
1777889682.2153325,0.0,2.0,-68.0
1777889682.2253325,-2.0,3.0,-70.0
1777889682.2353325,0.0,1.0,-72.0
1777889682.2453325,-2.0,-2.0,-74.0
1777889682.2553325,0.0,-1.0,-78.0
1777889682.2653325,-3.0,0.0,-83.0
1777889682.2753325,-7.0,3.0,-88.0
1777889682.2853324,-4.0,3.0,-91.0
1777889682.2953324,-2.0,4.0,-83.0
1777889682.3053324,1.0,4.0,-77.0
1777889682.3153324,-1.0,6.0,-77.0
1777889682.3253324,0.0,4.0,-82.0
1777889682.3353324,0.0,3.0,-90.0
1777889682.3453324,-1.0,7.0,-83.0
1777889682.3553324,0.0,6.0,-78.0
1777889682.3653324,2.0,6.0,-71.0
1777889682.3753324,7.0,6.0,-69.0
1777889682.3853323,5.0,8.0,-72.0
1777889682.3953323,3.0,1.0,-68.0
1777889682.4053323,7.0,0.0,-68.0
1777889682.4153323,3.0,0.0,-67.0
1777889682.4253323,-1.0,1.0,-62.0
1777889682.4353323,-5.0,0.0,-65.0
1777889682.4453323,-3.0,0.0,-73.0
1777889682.4553325,-4.0,-1.0,-75.0
1777889682.4653325,-5.0,-1.0,-80.0
1777889682.4753325,-4.0,0.0,-76.0
1777889682.4853325,-4.0,1.0,-75.0
1777889682.4953325,2.0,-1.0,-73.0
1777889682.5053325,1.0,0.0,-74.0
1777889682.5153325,-5.0,-2.0,-69.0
1777889682.5253325,-5.0,-3.0,-65.0
1777889682.5353324,-2.0,-3.0,-64.0
1777889682.5453324,-2.0,-6.0,-62.0
1777889682.5553324,-3.0,-10.0,-57.0
1777889682.5653324,-6.0,-12.0,-56.0
1777889682.5753324,-5.0,-9.0,-55.0
1777889682.5853324,0.0,-6.0,-55.0
1777889682.5953324,1.0,-3.0,-63.0
1777889682.6053324,1.0,-2.0,-72.0
1777889682.6153324,5.0,-2.0,-72.0
1777889682.6253324,4.0,0.0,-72.0
1777889682.6353323,-1.0,2.0,-80.0
1777889682.6453323,-2.0,3.0,-77.0
1777889682.6553323,2.0,-2.0,-80.0
1777889682.6653323,-1.0,-1.0,-83.0
1777889682.6753323,-1.0,1.0,-82.0
1777889682.6853323,-3.0,-2.0,-84.0
1777889682.6953323,0.0,0.0,-84.0
1777889682.7053325,0.0,0.0,-83.0
1777889682.7153325,-1.0,-4.0,-86.0
1777889682.7253325,1.0,-6.0,-84.0
1777889682.7353325,0.0,-4.0,-77.0
1777889682.7453325,0.0,-3.0,-77.0
1777889682.7553325,0.0,0.0,-78.0
1777889682.7653325,-1.0,2.0,-82.0
1777889682.7753325,-2.0,2.0,-71.0
1777889682.7853324,-1.0,4.0,-74.0
1777889682.7953324,0.0,1.0,-69.0
1777889682.8053324,0.0,0.0,-70.0
1777889682.8153324,0.0,-3.0,-74.0
1777889682.8253324,4.0,-5.0,-73.0
1777889682.8353324,0.0,-5.0,-69.0
1777889682.8453324,4.0,0.0,-74.0
1777889682.8553324,1.0,0.0,-74.0
1777889682.8653324,-1.0,-8.0,-78.0
1777889682.8753324,-4.0,-11.0,-80.0
1777889682.8853323,-7.0,-9.0,-84.0
1777889682.8953323,-6.0,-6.0,-78.0
1777889682.9053323,-3.0,-6.0,-75.0
1777889682.9153323,0.0,0.0,-70.0
1777889682.9253323,-3.0,1.0,-70.0
1777889682.9353323,-3.0,3.0,-73.0
1777889682.9453323,0.0,0.0,-70.0
1777889682.9553325,-1.0,-1.0,-77.0
1777889682.9653325,-3.0,-5.0,-77.0
1777889682.9753325,-1.0,-1.0,-76.0
1777889682.9863324,-8.0,-2.0,-76.0
1777889682.9963324,-6.0,0.0,-79.0
1777889683.0053325,-2.0,1.0,-81.0
1777889683.0163324,-1.0,-1.0,-76.0
1777889683.0263324,5.0,-3.0,-74.0
1777889683.0363324,4.0,-4.0,-71.0
1777889683.0463324,3.0,-1.0,-80.0
1777889683.0563323,2.0,-1.0,-82.0
1777889683.0663323,5.0,-1.0,-72.0
1777889683.0763323,4.0,0.0,-72.0
1777889683.0863323,3.0,-1.0,-70.0
1777889683.0963323,3.0,-2.0,-72.0
1777889683.1063323,3.0,-1.0,-81.0
1777889683.1163323,1.0,0.0,-79.0
1777889683.1263323,1.0,3.0,-77.0
1777889683.1363325,-1.0,2.0,-79.0
1777889683.1463325,-4.0,-2.0,-77.0
1777889683.1563325,0.0,-5.0,-77.0
1777889683.1663325,-2.0,-7.0,-73.0
1777889683.1763325,-4.0,-7.0,-77.0
1777889683.1863325,-5.0,-7.0,-74.0
1777889683.1963325,-5.0,-5.0,-77.0
1777889683.2063324,-9.0,0.0,-80.0
1777889683.2163324,-10.0,0.0,-81.0
1777889683.2263324,-10.0,0.0,-79.0
1777889683.2363324,-9.0,3.0,-81.0
1777889683.2463324,-5.0,2.0,-86.0
1777889683.2563324,0.0,-2.0,-84.0
1777889683.2663324,-3.0,-2.0,-79.0
1777889683.2763324,-2.0,-3.0,-82.0
1777889683.2863324,0.0,0.0,-85.0
1777889683.2963324,2.0,-4.0,-75.0
1777889683.3063323,5.0,-8.0,-77.0
1777889683.3163323,4.0,-6.0,-71.0
1777889683.3263323,3.0,-9.0,-73.0
1777889683.3363323,2.0,-5.0,-81.0
1777889683.3463323,3.0,0.0,-85.0
1777889683.3563323,-2.0,0.0,-82.0
1777889683.3663323,-2.0,0.0,-83.0
1777889683.3763323,-7.0,-2.0,-84.0
1777889683.3863325,-4.0,-1.0,-81.0
1777889683.3963325,1.0,-5.0,-75.0
1777889683.4063325,2.0,-3.0,-75.0
1777889683.4163325,1.0,-5.0,-69.0
1777889683.4263325,6.0,-8.0,-71.0
1777889683.4363325,7.0,-6.0,-66.0
1777889683.4463325,11.0,-7.0,-72.0
1777889683.4563324,8.0,-5.0,-72.0
1777889683.4663324,6.0,-4.0,-69.0
1777889683.4763324,7.0,-3.0,-71.0
1777889683.4863324,11.0,-2.0,-70.0
1777889683.4963324,7.0,-1.0,-69.0
1777889683.5063324,3.0,-3.0,-74.0
1777889683.5163324,1.0,0.0,-65.0
1777889683.5263324,-1.0,0.0,-66.0
1777889683.5363324,0.0,3.0,-71.0
1777889683.5463324,2.0,1.0,-74.0
1777889683.5563323,1.0,2.0,-75.0
1777889683.5663323,0.0,0.0,-68.0
1777889683.5763323,0.0,-1.0,-67.0
1777889683.5863323,0.0,-1.0,-66.0
1777889683.5963323,1.0,-1.0,-71.0
1777889683.6063323,1.0,-5.0,-64.0
1777889683.6163323,2.0,-6.0,-67.0
1777889683.6263323,3.0,-5.0,-66.0
1777889683.6363325,4.0,-6.0,-65.0
1777889683.6463325,3.0,-1.0,-67.0
1777889683.6563325,4.0,0.0,-77.0
1777889683.6663325,3.0,0.0,-79.0
1777889683.6763325,2.0,2.0,-86.0
1777889683.6863325,1.0,1.0,-79.0
1777889683.6963325,3.0,0.0,-79.0
1777889683.7063324,2.0,2.0,-77.0
1777889683.7163324,4.0,-1.0,-78.0
1777889683.7263324,6.0,-4.0,-68.0
1777889683.7363324,8.0,-9.0,-69.0
1777889683.7463324,9.0,-5.0,-70.0
1777889683.7563324,11.0,-1.0,-74.0
1777889683.7663324,14.0,-2.0,-70.0
1777889683.7763324,9.0,-1.0,-67.0
1777889683.7863324,7.0,0.0,-71.0
1777889683.7963324,8.0,0.0,-69.0
1777889683.8063323,3.0,-2.0,-76.0
1777889683.8163323,2.0,-5.0,-80.0
1777889683.8263323,0.0,-4.0,-78.0
1777889683.8363323,-1.0,-2.0,-74.0
1777889683.8463323,-2.0,-6.0,-74.0
1777889683.8563323,-1.0,-7.0,-75.0
1777889683.8663323,-1.0,-6.0,-71.0
1777889683.8763323,0.0,-8.0,-77.0
1777889683.8863325,0.0,-8.0,-78.0
1777889683.8963325,0.0,-3.0,-71.0
1777889683.9063325,1.0,-2.0,-72.0
1777889683.9163325,0.0,-1.0,-71.0
1777889683.9263325,-2.0,1.0,-73.0
1777889683.9363325,0.0,-1.0,-73.0
1777889683.9463325,5.0,-1.0,-77.0
1777889683.9563324,7.0,0.0,-79.0
1777889683.9663324,6.0,5.0,-79.0
1777889683.9763324,5.0,2.0,-76.0
1777889683.9863324,2.0,1.0,-75.0
1777889683.9963324,0.0,0.0,-76.0
1777889684.0063324,-2.0,-1.0,-78.0
1777889684.0163324,-4.0,-5.0,-76.0
1777889684.0263324,-4.0,-7.0,-71.0
1777889684.0363324,0.0,-11.0,-71.0
1777889684.0463324,0.0,-9.0,-79.0
1777889684.0563323,0.0,-5.0,-79.0
1777889684.0663323,0.0,-6.0,-72.0
1777889684.0763323,-3.0,-6.0,-69.0
1777889684.0863323,-3.0,-7.0,-73.0
1777889684.0963323,1.0,-7.0,-71.0
1777889684.1063323,2.0,-8.0,-71.0
1777889684.1163323,0.0,-8.0,-66.0
1777889684.1263323,0.0,-1.0,-74.0
1777889684.1363325,1.0,2.0,-79.0
1777889684.1463325,-1.0,0.0,-80.0
1777889684.1563325,-4.0,-1.0,-86.0
1777889684.1663325,-1.0,-1.0,-84.0
1777889684.1763325,0.0,0.0,-85.0
1777889684.1863325,0.0,-1.0,-85.0
1777889684.1963325,4.0,-1.0,-84.0
1777889684.2063324,1.0,-4.0,-79.0
1777889684.2163324,0.0,0.0,-74.0
1777889684.2263324,2.0,-2.0,-73.0
1777889684.2363324,0.0,0.0,-75.0
1777889684.2463324,-3.0,0.0,-81.0
1777889684.2563324,-1.0,2.0,-80.0
1777889684.2663324,-3.0,3.0,-71.0
1777889684.2763324,-4.0,4.0,-71.0
1777889684.2863324,-3.0,5.0,-79.0
1777889684.2963324,-3.0,3.0,-80.0
1777889684.3063323,-4.0,6.0,-82.0
1777889684.3163323,-8.0,2.0,-73.0
1777889684.3263323,-6.0,-1.0,-75.0
1777889684.3363323,-1.0,-1.0,-73.0
1777889684.3463323,-6.0,-1.0,-69.0
1777889684.3563323,-5.0,-1.0,-69.0
1777889684.3663323,-6.0,0.0,-67.0
1777889684.3763323,-2.0,0.0,-68.0
1777889684.3863325,-1.0,-2.0,-73.0
1777889684.3963325,0.0,-5.0,-76.0
1777889684.4063325,0.0,-6.0,-79.0
1777889684.4163325,4.0,-6.0,-79.0
1777889684.4263325,6.0,-7.0,-78.0
1777889684.4363325,5.0,-6.0,-73.0
1777889684.4463325,0.0,-9.0,-69.0
1777889684.4563324,2.0,-7.0,-73.0
1777889684.4663324,0.0,-6.0,-77.0
1777889684.4763324,0.0,0.0,-77.0
1777889684.4863324,1.0,0.0,-72.0
1777889684.4963324,1.0,1.0,-73.0
1777889684.5063324,0.0,2.0,-77.0
1777889684.5163324,0.0,-2.0,-75.0
1777889684.5263324,0.0,-1.0,-77.0
1777889684.5363324,2.0,0.0,-74.0
1777889684.5463324,2.0,1.0,-80.0
1777889684.5563323,1.0,1.0,-86.0
1777889684.5663323,7.0,0.0,-87.0
1777889684.5763323,4.0,1.0,-78.0
1777889684.5863323,5.0,1.0,-75.0
1777889684.5963323,0.0,0.0,-80.0
1777889684.6063323,0.0,1.0,-81.0
1777889684.6163323,1.0,3.0,-79.0
1777889684.6263323,1.0,-3.0,-75.0
1777889684.6363325,0.0,-2.0,-75.0
1777889684.6463325,0.0,-6.0,-75.0
1777889684.6563325,-4.0,-5.0,-76.0
1777889684.6663325,-5.0,-5.0,-76.0
1777889684.6763325,-8.0,0.0,-74.0
1777889684.6863325,-4.0,0.0,-71.0
1777889684.6963325,-4.0,2.0,-76.0
1777889684.7063324,-9.0,0.0,-75.0
1777889684.7163324,-9.0,-5.0,-80.0
1777889684.7263324,-2.0,-7.0,-85.0
1777889684.7363324,-3.0,-7.0,-85.0
1777889684.7463324,-3.0,-4.0,-81.0
1777889684.7563324,-2.0,0.0,-75.0
1777889684.7663324,-2.0,-1.0,-74.0
1777889684.7763324,0.0,-3.0,-66.0
1777889684.7863324,0.0,-3.0,-67.0
1777889684.7963324,-7.0,-4.0,-67.0
1777889684.8063323,-4.0,-5.0,-67.0
1777889684.8163323,-7.0,-5.0,-66.0
1777889684.8263323,-6.0,-8.0,-69.0
1777889684.8363323,-6.0,-5.0,-69.0
1777889684.8463323,-3.0,-4.0,-67.0
1777889684.8563323,0.0,-1.0,-70.0
1777889684.8663323,0.0,-2.0,-69.0
1777889684.8763323,-5.0,-4.0,-70.0
1777889684.8863325,-3.0,0.0,-68.0
1777889684.8963325,-4.0,0.0,-71.0
1777889684.9063325,-4.0,7.0,-76.0
1777889684.9163325,-3.0,3.0,-70.0
1777889684.9263325,-2.0,1.0,-73.0
1777889684.9363325,-5.0,2.0,-78.0
1777889684.9463325,-5.0,1.0,-79.0
1777889684.9563324,-4.0,1.0,-80.0
1777889684.9663324,-1.0,1.0,-78.0
1777889684.9763324,-3.0,0.0,-77.0
1777889684.9863324,-6.0,-2.0,-78.0
1777889684.9973323,-2.0,-4.0,-79.0
1777889685.0073323,0.0,0.0,-81.0
1777889685.0173323,0.0,-3.0,-82.0
1777889685.0273323,3.0,-2.0,-83.0
1777889685.0373323,1.0,-4.0,-82.0
1777889685.0473323,1.0,-3.0,-83.0
1777889685.0573325,3.0,-4.0,-82.0
1777889685.0673325,0.0,-1.0,-78.0
1777889685.0773325,0.0,-3.0,-78.0
1777889685.0873325,3.0,0.0,-75.0
1777889685.0973325,-3.0,0.0,-71.0
1777889685.1073325,-5.0,1.0,-75.0
1777889685.1173325,-2.0,1.0,-75.0
1777889685.1273324,-4.0,0.0,-77.0
1777889685.1373324,-2.0,-2.0,-83.0
1777889685.1473324,-1.0,-3.0,-80.0
1777889685.1573324,0.0,-2.0,-81.0
1777889685.1673324,0.0,-8.0,-85.0
1777889685.1773324,2.0,-7.0,-84.0
1777889685.1873324,0.0,-4.0,-89.0
1777889685.1973324,1.0,-4.0,-90.0
1777889685.2073324,-2.0,-2.0,-84.0
1777889685.2173324,-1.0,-1.0,-80.0
1777889685.2273324,-5.0,1.0,-80.0
1777889685.2373323,-1.0,2.0,-73.0
1777889685.2473323,3.0,0.0,-71.0
1777889685.2573323,5.0,0.0,-65.0
1777889685.2673323,4.0,-2.0,-69.0
1777889685.2773323,5.0,0.0,-70.0
1777889685.2873323,5.0,-2.0,-66.0
1777889685.2973323,6.0,0.0,-59.0
1777889685.3073325,4.0,-3.0,-56.0
1777889685.3173325,1.0,-5.0,-60.0
1777889685.3273325,4.0,-5.0,-60.0
1777889685.3373325,6.0,-7.0,-65.0
1777889685.3473325,7.0,-2.0,-68.0
1777889685.3573325,1.0,0.0,-66.0
1777889685.3673325,-2.0,-2.0,-69.0
1777889685.3773324,-3.0,0.0,-68.0
1777889685.3873324,-3.0,-1.0,-72.0
1777889685.3973324,-2.0,-1.0,-69.0
1777889685.4073324,-3.0,0.0,-72.0
1777889685.4173324,-4.0,-4.0,-78.0
1777889685.4273324,-3.0,-4.0,-81.0
1777889685.4373324,-4.0,-6.0,-74.0
1777889685.4473324,-1.0,-4.0,-65.0
1777889685.4573324,4.0,-2.0,-67.0
1777889685.4673324,6.0,-4.0,-76.0
1777889685.4773324,9.0,-4.0,-72.0
1777889685.4873323,-3.0,-7.0,-69.0
1777889685.4973323,0.0,-5.0,-75.0
1777889685.5073323,2.0,-3.0,-81.0
1777889685.5173323,0.0,-5.0,-84.0
1777889685.5273323,3.0,-10.0,-89.0
1777889685.5373323,4.0,-9.0,-83.0
1777889685.5473323,5.0,-6.0,-88.0
1777889685.5573325,1.0,-2.0,-90.0
1777889685.5673325,-2.0,0.0,-90.0
1777889685.5773325,-6.0,-3.0,-87.0
1777889685.5873325,-7.0,0.0,-88.0
1777889685.5973325,-6.0,-2.0,-87.0
1777889685.6073325,-5.0,-3.0,-89.0
1777889685.6173325,-1.0,1.0,-85.0
1777889685.6273324,3.0,2.0,-80.0
1777889685.6373324,1.0,-3.0,-72.0
1777889685.6473324,0.0,-5.0,-73.0
1777889685.6573324,1.0,-5.0,-75.0
1777889685.6673324,1.0,-8.0,-81.0
1777889685.6773324,3.0,-6.0,-83.0
1777889685.6873324,1.0,-3.0,-83.0
1777889685.6973324,-1.0,-3.0,-83.0
1777889685.7073324,-1.0,-1.0,-79.0
1777889685.7173324,2.0,1.0,-75.0
1777889685.7273324,2.0,0.0,-75.0
1777889685.7373323,1.0,-1.0,-77.0
1777889685.7473323,-2.0,-2.0,-79.0
1777889685.7573323,-2.0,-6.0,-81.0
1777889685.7673323,-4.0,-6.0,-76.0
1777889685.7773323,-2.0,-3.0,-65.0
1777889685.7873323,0.0,0.0,-67.0
1777889685.7973323,8.0,6.0,-68.0
1777889685.8073325,8.0,6.0,-66.0
1777889685.8173325,4.0,4.0,-64.0
1777889685.8273325,3.0,2.0,-65.0
1777889685.8373325,6.0,4.0,-58.0
1777889685.8473325,1.0,7.0,-60.0
1777889685.8573325,2.0,9.0,-64.0
1777889685.8673325,3.0,5.0,-72.0
1777889685.8773324,0.0,4.0,-76.0
1777889685.8873324,3.0,6.0,-76.0
1777889685.8973324,0.0,5.0,-75.0
1777889685.9073324,3.0,5.0,-76.0
1777889685.9173324,4.0,1.0,-79.0
1777889685.9273324,4.0,0.0,-78.0
1777889685.9373324,4.0,3.0,-78.0
1777889685.9473324,4.0,4.0,-75.0
1777889685.9573324,5.0,4.0,-71.0
1777889685.9673324,9.0,2.0,-77.0
1777889685.9773324,4.0,2.0,-73.0
1777889685.9873323,3.0,1.0,-68.0
1777889685.9973323,-1.0,0.0,-68.0
1777889686.0073323,4.0,-5.0,-72.0
1777889686.0173323,3.0,-4.0,-80.0
1777889686.0283325,1.0,-2.0,-78.0
1777889686.0373323,0.0,-4.0,-81.0
1777889686.0473323,-6.0,-3.0,-76.0
1777889686.0573325,-9.0,2.0,-77.0
1777889686.0673325,-6.0,-5.0,-82.0
1777889686.0773325,-6.0,-3.0,-77.0
1777889686.0873325,-4.0,-1.0,-81.0
1777889686.0973325,-2.0,0.0,-75.0
1777889686.1073325,0.0,-1.0,-77.0
1777889686.1173325,-1.0,0.0,-83.0
1777889686.1273324,-3.0,-1.0,-84.0
1777889686.1373324,0.0,-2.0,-87.0
1777889686.1473324,1.0,-2.0,-81.0
1777889686.1573324,5.0,-5.0,-84.0
1777889686.1673324,8.0,-5.0,-82.0
1777889686.1773324,7.0,-3.0,-76.0
1777889686.1873324,6.0,-1.0,-77.0
1777889686.1973324,5.0,-1.0,-77.0
1777889686.2073324,5.0,0.0,-76.0
1777889686.2173324,2.0,0.0,-79.0
1777889686.2273324,3.0,0.0,-81.0
1777889686.2373323,2.0,-3.0,-73.0
1777889686.2473323,0.0,0.0,-71.0
1777889686.2573323,-1.0,-2.0,-80.0
1777889686.2673323,-3.0,-3.0,-82.0
1777889686.2773323,-5.0,-4.0,-76.0
1777889686.2873323,-5.0,-3.0,-82.0
1777889686.2973323,-3.0,1.0,-82.0
1777889686.3073325,-4.0,-2.0,-80.0
1777889686.3173325,0.0,-4.0,-76.0
1777889686.3273325,0.0,1.0,-75.0
1777889686.3373325,0.0,1.0,-75.0
1777889686.3473325,-8.0,3.0,-79.0
1777889686.3573325,-5.0,3.0,-80.0
1777889686.3673325,-2.0,3.0,-79.0
1777889686.3773324,-5.0,5.0,-75.0
1777889686.3873324,-3.0,2.0,-77.0
1777889686.3973324,-2.0,0.0,-77.0
1777889686.4073324,1.0,1.0,-78.0
1777889686.4173324,2.0,0.0,-72.0
1777889686.4273324,0.0,-2.0,-75.0
1777889686.4373324,0.0,-2.0,-76.0
1777889686.4473324,4.0,-3.0,-70.0
1777889686.4573324,5.0,-4.0,-76.0
1777889686.4673324,1.0,-1.0,-81.0
1777889686.4773324,-1.0,-1.0,-89.0
1777889686.4873323,-2.0,1.0,-87.0
1777889686.4973323,5.0,0.0,-80.0
1777889686.5073323,8.0,2.0,-81.0
1777889686.5173323,13.0,1.0,-82.0
1777889686.5273323,13.0,3.0,-79.0
1777889686.5373323,10.0,6.0,-73.0
1777889686.5473323,8.0,4.0,-73.0
1777889686.5573325,1.0,-1.0,-73.0
1777889686.5673325,-2.0,-1.0,-76.0
1777889686.5773325,1.0,2.0,-77.0
1777889686.5873325,3.0,0.0,-75.0
1777889686.5973325,2.0,1.0,-74.0
1777889686.6073325,1.0,1.0,-77.0
1777889686.6173325,1.0,1.0,-75.0
1777889686.6273324,0.0,3.0,-75.0
1777889686.6373324,3.0,4.0,-74.0
1777889686.6473324,2.0,2.0,-65.0
1777889686.6573324,9.0,0.0,-75.0
1777889686.6673324,4.0,0.0,-77.0
1777889686.6773324,2.0,-1.0,-73.0
1777889686.6873324,3.0,-3.0,-65.0
1777889686.6973324,1.0,-2.0,-70.0
1777889686.7073324,5.0,1.0,-74.0
1777889686.7173324,0.0,0.0,-74.0
1777889686.7273324,-3.0,0.0,-68.0
1777889686.7373323,-2.0,0.0,-73.0
1777889686.7473323,4.0,-2.0,-72.0
1777889686.7573323,9.0,0.0,-73.0
1777889686.7673323,6.0,2.0,-76.0
1777889686.7773323,3.0,-1.0,-72.0
1777889686.7873323,3.0,-3.0,-76.0
1777889686.7973323,0.0,-7.0,-73.0
1777889686.8073325,0.0,-4.0,-74.0
1777889686.8173325,-3.0,-5.0,-76.0
1777889686.8273325,-1.0,-4.0,-70.0
1777889686.8373325,-3.0,-4.0,-69.0
1777889686.8473325,-4.0,-2.0,-74.0
1777889686.8573325,-3.0,-2.0,-75.0
1777889686.8673325,0.0,-5.0,-76.0
1777889686.8773324,2.0,-7.0,-73.0
1777889686.8873324,0.0,-7.0,-78.0
1777889686.8973324,-2.0,-5.0,-73.0
1777889686.9073324,-2.0,-2.0,-79.0
1777889686.9173324,-1.0,0.0,-83.0
1777889686.9273324,-2.0,3.0,-77.0
1777889686.9373324,-3.0,1.0,-81.0
1777889686.9473324,-2.0,0.0,-78.0
1777889686.9583323,-1.0,0.0,-76.0
1777889686.9673324,-8.0,-3.0,-71.0
1777889686.9783323,-7.0,-4.0,-76.0
1777889686.9883325,-6.0,-4.0,-70.0
1777889686.9973323,-9.0,-5.0,-67.0
1777889687.0083325,-5.0,-6.0,-74.0
1777889687.0183325,-6.0,-8.0,-74.0
1777889687.0283325,0.0,-11.0,-75.0
1777889687.0383325,0.0,-10.0,-74.0
1777889687.0483325,-2.0,-10.0,-76.0
1777889687.0583324,-1.0,-12.0,-71.0
1777889687.0683324,2.0,-10.0,-69.0
1777889687.0783324,3.0,-8.0,-69.0
1777889687.0883324,7.0,-6.0,-66.0
1777889687.0983324,3.0,-8.0,-58.0
1777889687.1083324,4.0,0.0,-63.0
1777889687.1183324,8.0,0.0,-67.0
1777889687.1283324,13.0,1.0,-69.0
1777889687.1383324,19.0,-1.0,-75.0
1777889687.1483324,16.0,-6.0,-75.0
1777889687.1583323,5.0,-8.0,-76.0
1777889687.1683323,8.0,-8.0,-81.0
1777889687.1783323,9.0,-5.0,-70.0
1777889687.1883323,14.0,0.0,-71.0
1777889687.1983323,14.0,0.0,-71.0
1777889687.2083323,13.0,3.0,-74.0
1777889687.2183323,8.0,1.0,-72.0
1777889687.2283323,6.0,-2.0,-68.0
1777889687.2383325,1.0,-2.0,-73.0
1777889687.2483325,-1.0,-4.0,-72.0
1777889687.2583325,0.0,-3.0,-73.0
1777889687.2683325,0.0,0.0,-75.0
1777889687.2783325,2.0,2.0,-74.0
1777889687.2883325,2.0,4.0,-73.0
1777889687.2983325,1.0,2.0,-62.0
1777889687.3083324,4.0,0.0,-60.0
1777889687.3183324,5.0,-1.0,-74.0
1777889687.3283324,9.0,-4.0,-74.0
1777889687.3383324,7.0,-3.0,-74.0
1777889687.3483324,7.0,-8.0,-72.0
1777889687.3583324,11.0,-7.0,-67.0
1777889687.3683324,11.0,-8.0,-70.0
1777889687.3783324,7.0,-4.0,-76.0
1777889687.3883324,10.0,-3.0,-76.0
1777889687.3983324,0.0,-1.0,-72.0
1777889687.4083323,-4.0,0.0,-74.0
1777889687.4183323,-2.0,0.0,-70.0
1777889687.4283323,0.0,-1.0,-72.0
1777889687.4383323,3.0,-1.0,-80.0
1777889687.4483323,1.0,-1.0,-78.0
1777889687.4583323,2.0,1.0,-77.0
1777889687.4683323,2.0,0.0,-73.0
1777889687.4783323,1.0,-1.0,-73.0
1777889687.4883325,0.0,0.0,-74.0
1777889687.4983325,2.0,2.0,-75.0
1777889687.5083325,2.0,0.0,-72.0
1777889687.5183325,0.0,1.0,-73.0
1777889687.5283325,2.0,4.0,-79.0
1777889687.5383325,0.0,0.0,-79.0
1777889687.5483325,1.0,0.0,-77.0
1777889687.5583324,0.0,3.0,-72.0
1777889687.5683324,0.0,0.0,-70.0
1777889687.5783324,0.0,-1.0,-70.0
1777889687.5883324,-3.0,-4.0,-74.0
1777889687.5983324,-4.0,-7.0,-75.0
1777889687.6083324,-8.0,-3.0,-75.0
1777889687.6183324,-3.0,-5.0,-81.0
1777889687.6283324,-3.0,-7.0,-83.0
1777889687.6383324,-2.0,-6.0,-82.0
1777889687.6483324,-5.0,-5.0,-82.0
1777889687.6583323,-1.0,-3.0,-76.0
1777889687.6683323,-2.0,0.0,-73.0
1777889687.6783323,-2.0,2.0,-78.0
1777889687.6883323,-2.0,0.0,-80.0
1777889687.6983323,-2.0,1.0,-78.0
1777889687.7083323,-1.0,1.0,-77.0
1777889687.7183323,0.0,-2.0,-72.0
1777889687.7283323,-1.0,-1.0,-71.0
1777889687.7383325,0.0,0.0,-73.0
1777889687.7483325,2.0,-2.0,-76.0
1777889687.7583325,0.0,1.0,-81.0
1777889687.7683325,-2.0,0.0,-83.0
1777889687.7783325,-5.0,0.0,-79.0
1777889687.7883325,-3.0,-2.0,-85.0
1777889687.7983325,-3.0,-3.0,-85.0
1777889687.8083324,-2.0,-2.0,-81.0
1777889687.8183324,-2.0,0.0,-74.0
1777889687.8283324,-3.0,0.0,-75.0
1777889687.8383324,-4.0,0.0,-75.0
1777889687.8483324,-1.0,3.0,-71.0
1777889687.8583324,-3.0,0.0,-70.0
1777889687.8683324,0.0,-3.0,-71.0
1777889687.8783324,-1.0,0.0,-71.0
1777889687.8883324,0.0,-5.0,-74.0
1777889687.8983324,-2.0,-6.0,-71.0
1777889687.9083323,0.0,-5.0,-77.0
1777889687.9183323,2.0,0.0,-81.0
1777889687.9283323,0.0,0.0,-77.0
1777889687.9383323,-1.0,1.0,-80.0
1777889687.9483323,0.0,1.0,-85.0
1777889687.9583323,-2.0,0.0,-78.0
1777889687.9683323,0.0,-1.0,-84.0
1777889687.9783323,0.0,1.0,-82.0
1777889687.9883325,2.0,2.0,-77.0
1777889687.9983325,2.0,4.0,-80.0
1777889688.0083325,0.0,0.0,-76.0
1777889688.0183325,1.0,1.0,-81.0
1777889688.0283325,1.0,4.0,-77.0
1777889688.0383325,-2.0,0.0,-69.0
1777889688.0483325,-2.0,2.0,-73.0
1777889688.0583324,3.0,6.0,-73.0
1777889688.0683324,-1.0,4.0,-69.0
1777889688.0783324,-6.0,4.0,-67.0
1777889688.0883324,-2.0,2.0,-69.0
1777889688.0983324,0.0,0.0,-64.0
1777889688.1083324,-2.0,0.0,-61.0
1777889688.1183324,-6.0,-2.0,-62.0
1777889688.1283324,-6.0,-5.0,-66.0
1777889688.1383324,-2.0,-5.0,-70.0
1777889688.1483324,-7.0,-1.0,-76.0
1777889688.1583323,-2.0,0.0,-71.0
1777889688.1683323,-1.0,2.0,-75.0
1777889688.1783323,0.0,5.0,-72.0
1777889688.1883323,0.0,3.0,-70.0
1777889688.1983323,-1.0,2.0,-77.0
1777889688.2083323,-2.0,4.0,-76.0
1777889688.2183323,-1.0,4.0,-73.0
1777889688.2283323,0.0,3.0,-75.0
1777889688.2383325,3.0,5.0,-83.0
1777889688.2483325,3.0,0.0,-78.0
1777889688.2583325,6.0,-1.0,-79.0
1777889688.2683325,5.0,-3.0,-81.0
1777889688.2783325,7.0,-4.0,-80.0
1777889688.2883325,4.0,-5.0,-82.0
1777889688.2983325,4.0,-3.0,-85.0
1777889688.3083324,1.0,-6.0,-81.0
1777889688.3183324,-1.0,-2.0,-84.0
1777889688.3283324,-3.0,0.0,-81.0
1777889688.3383324,0.0,0.0,-80.0
1777889688.3483324,2.0,0.0,-79.0
1777889688.3583324,1.0,0.0,-76.0
1777889688.3683324,2.0,3.0,-83.0
1777889688.3783324,1.0,5.0,-75.0
1777889688.3883324,0.0,5.0,-81.0
1777889688.3983324,-2.0,5.0,-86.0
1777889688.4083323,0.0,2.0,-88.0
1777889688.4183323,1.0,4.0,-86.0
1777889688.4283323,3.0,2.0,-78.0
1777889688.4383323,3.0,1.0,-76.0
1777889688.4483323,1.0,0.0,-80.0
1777889688.4583323,0.0,-1.0,-74.0
1777889688.4683323,-3.0,-4.0,-81.0
1777889688.4783323,-3.0,-4.0,-80.0
1777889688.4883325,-10.0,-5.0,-78.0
1777889688.4983325,-9.0,0.0,-79.0
1777889688.5083325,-7.0,0.0,-75.0
1777889688.5183325,-10.0,0.0,-73.0
1777889688.5283325,-4.0,0.0,-78.0
1777889688.5383325,-5.0,0.0,-77.0
1777889688.5483325,0.0,-1.0,-76.0
1777889688.5583324,-2.0,0.0,-81.0
1777889688.5683324,-1.0,0.0,-79.0
1777889688.5783324,0.0,3.0,-72.0
1777889688.5883324,0.0,4.0,-68.0
1777889688.5983324,-3.0,3.0,-62.0
1777889688.6083324,-1.0,5.0,-60.0
1777889688.6183324,1.0,2.0,-65.0
1777889688.6283324,0.0,1.0,-62.0
1777889688.6383324,2.0,0.0,-64.0
1777889688.6483324,3.0,0.0,-53.0
1777889688.6583323,4.0,0.0,-56.0
1777889688.6683323,3.0,-3.0,-54.0
1777889688.6783323,2.0,-5.0,-61.0
1777889688.6883323,4.0,-9.0,-67.0
1777889688.6983323,1.0,-4.0,-72.0
1777889688.7083323,0.0,0.0,-76.0
1777889688.7183323,-5.0,3.0,-75.0
1777889688.7283323,-6.0,1.0,-75.0
1777889688.7383325,-5.0,1.0,-73.0
1777889688.7483325,-2.0,0.0,-80.0
1777889688.7583325,-2.0,2.0,-81.0
1777889688.7683325,-4.0,5.0,-84.0
1777889688.7783325,-2.0,7.0,-76.0
1777889688.7883325,0.0,5.0,-73.0
1777889688.7983325,2.0,-1.0,-73.0
1777889688.8083324,-2.0,0.0,-67.0
1777889688.8183324,2.0,0.0,-67.0
1777889688.8283324,3.0,-4.0,-69.0
1777889688.8383324,3.0,-1.0,-68.0
1777889688.8483324,1.0,-4.0,-72.0
1777889688.8583324,0.0,0.0,-73.0
1777889688.8683324,0.0,-3.0,-72.0
1777889688.8783324,0.0,-3.0,-70.0
1777889688.8883324,1.0,-7.0,-65.0
1777889688.8983324,0.0,-7.0,-68.0
1777889688.9093325,4.0,-7.0,-73.0
1777889688.9193325,7.0,-4.0,-74.0
1777889688.9293325,5.0,-3.0,-78.0
1777889688.9393325,4.0,-2.0,-73.0
1777889688.9493325,1.0,-2.0,-65.0
1777889688.9593325,0.0,-2.0,-68.0
1777889688.9693325,0.0,-2.0,-74.0
1777889688.9793324,-2.0,-1.0,-74.0
1777889688.9893324,-4.0,0.0,-77.0
1777889688.9993324,-3.0,0.0,-85.0
1777889689.0093324,-4.0,0.0,-86.0
1777889689.0193324,0.0,0.0,-81.0
1777889689.0293324,1.0,1.0,-80.0
1777889689.0393324,4.0,1.0,-82.0
1777889689.0493324,0.0,0.0,-89.0
1777889689.0593324,-3.0,0.0,-81.0
1777889689.0693324,-4.0,-4.0,-79.0
1777889689.0793324,-2.0,-4.0,-83.0
1777889689.0893323,3.0,0.0,-82.0
1777889689.0993323,3.0,-3.0,-79.0
1777889689.1093323,2.0,-3.0,-76.0
1777889689.1193323,0.0,-1.0,-76.0
1777889689.1293323,1.0,0.0,-81.0
1777889689.1393323,2.0,-1.0,-75.0
1777889689.1493323,0.0,0.0,-78.0
1777889689.1593325,0.0,2.0,-79.0
1777889689.1693325,0.0,1.0,-92.0
1777889689.1793325,-1.0,-4.0,-83.0
1777889689.1893325,-2.0,-2.0,-85.0
1777889689.1993325,-7.0,0.0,-82.0
1777889689.2093325,-7.0,-1.0,-81.0
1777889689.2193325,-2.0,-3.0,-74.0
1777889689.2293324,-3.0,0.0,-71.0
1777889689.2393324,0.0,3.0,-79.0
1777889689.2493324,-2.0,3.0,-79.0
1777889689.2593324,-3.0,3.0,-85.0
1777889689.2693324,0.0,1.0,-85.0
1777889689.2793324,-3.0,0.0,-86.0
1777889689.2893324,-3.0,0.0,-82.0
1777889689.2993324,-2.0,0.0,-86.0
1777889689.3093324,0.0,0.0,-91.0
1777889689.3193324,2.0,-2.0,-88.0
1777889689.3293324,3.0,-2.0,-82.0
1777889689.3393323,9.0,1.0,-81.0
1777889689.3493323,8.0,3.0,-85.0
1777889689.3593323,5.0,3.0,-88.0
1777889689.3693323,3.0,0.0,-83.0
1777889689.3793323,5.0,0.0,-80.0
1777889689.3893323,6.0,3.0,-77.0
1777889689.3993323,7.0,2.0,-74.0
1777889689.4093325,3.0,1.0,-71.0
1777889689.4193325,4.0,0.0,-65.0
1777889689.4293325,4.0,0.0,-67.0
1777889689.4393325,5.0,-1.0,-68.0
1777889689.4493325,4.0,-6.0,-70.0
1777889689.4593325,4.0,-6.0,-77.0
1777889689.4693325,2.0,-4.0,-74.0
1777889689.4793324,1.0,-1.0,-83.0
1777889689.4893324,0.0,-2.0,-82.0
1777889689.4993324,-2.0,-1.0,-74.0
1777889689.5093324,-1.0,2.0,-74.0
1777889689.5193324,1.0,-3.0,-79.0
1777889689.5293324,3.0,-1.0,-77.0
1777889689.5393324,0.0,-2.0,-79.0
1777889689.5493324,-2.0,-4.0,-73.0
1777889689.5593324,-1.0,-5.0,-75.0
1777889689.5693324,2.0,-9.0,-73.0
1777889689.5793324,6.0,-6.0,-74.0
1777889689.5893323,0.0,-4.0,-73.0
1777889689.5993323,-3.0,-1.0,-72.0
1777889689.6093323,0.0,0.0,-71.0
1777889689.6193323,2.0,-5.0,-68.0
1777889689.6293323,1.0,-2.0,-67.0
1777889689.6393323,-2.0,-1.0,-74.0
1777889689.6493323,1.0,-2.0,-82.0
1777889689.6593325,3.0,-3.0,-89.0
1777889689.6693325,4.0,-4.0,-83.0
1777889689.6793325,0.0,-5.0,-80.0
1777889689.6893325,0.0,-7.0,-80.0
1777889689.6993325,-2.0,-5.0,-83.0
1777889689.7093325,-1.0,-4.0,-81.0
1777889689.7193325,0.0,-1.0,-82.0
1777889689.7293324,1.0,2.0,-77.0
1777889689.7393324,0.0,1.0,-79.0
1777889689.7493324,1.0,-2.0,-82.0
1777889689.7593324,1.0,-4.0,-84.0
1777889689.7693324,0.0,-3.0,-88.0
1777889689.7793324,-5.0,-1.0,-85.0
1777889689.7893324,-2.0,-1.0,-82.0
1777889689.7993324,-3.0,3.0,-77.0
1777889689.8093324,-2.0,4.0,-71.0
1777889689.8193324,-3.0,2.0,-72.0
1777889689.8293324,1.0,2.0,-73.0
1777889689.8393323,3.0,3.0,-71.0
1777889689.8493323,0.0,5.0,-76.0
1777889689.8593323,0.0,12.0,-77.0
1777889689.8693323,0.0,11.0,-84.0
1777889689.8793323,-3.0,9.0,-79.0
1777889689.8893323,0.0,3.0,-81.0
1777889689.8993323,-2.0,-2.0,-80.0
1777889689.9093325,-3.0,-3.0,-81.0
1777889689.9193325,0.0,-4.0,-81.0
1777889689.9293325,0.0,-1.0,-76.0
1777889689.9393325,0.0,1.0,-80.0
1777889689.9493325,-1.0,4.0,-70.0
1777889689.9593325,-3.0,2.0,-71.0
1777889689.9693325,0.0,2.0,-73.0
1777889689.9793324,2.0,2.0,-78.0
1777889689.9893324,2.0,3.0,-80.0
1777889689.9993324,4.0,3.0,-85.0
1777889690.0093324,8.0,3.0,-83.0
1777889690.0193324,10.0,3.0,-76.0
1777889690.0293324,8.0,6.0,-76.0
1777889690.0393324,7.0,3.0,-74.0
1777889690.0493324,7.0,0.0,-72.0
1777889690.0593324,7.0,-4.0,-76.0
1777889690.0693324,9.0,-2.0,-75.0
1777889690.0793324,13.0,-3.0,-82.0
1777889690.0893323,7.0,-2.0,-88.0
1777889690.0993323,8.0,-2.0,-84.0
1777889690.1093323,0.0,1.0,-78.0
1777889690.1193323,-4.0,2.0,-76.0
1777889690.1293323,-7.0,4.0,-76.0
1777889690.1393323,-6.0,1.0,-73.0
1777889690.1493323,-5.0,0.0,-73.0
1777889690.1593325,-5.0,-1.0,-71.0
1777889690.1693325,0.0,-2.0,-77.0
1777889690.1793325,2.0,-4.0,-79.0
1777889690.1893325,2.0,-6.0,-77.0
1777889690.1993325,3.0,-3.0,-76.0
1777889690.2093325,2.0,1.0,-78.0
1777889690.2193325,3.0,2.0,-75.0
1777889690.2293324,7.0,4.0,-72.0
1777889690.2393324,3.0,4.0,-66.0
1777889690.2493324,4.0,1.0,-68.0
1777889690.2593324,2.0,0.0,-68.0
1777889690.2693324,0.0,-1.0,-69.0
1777889690.2793324,0.0,1.0,-72.0
1777889690.2893324,1.0,4.0,-74.0
1777889690.2993324,1.0,-2.0,-71.0
1777889690.3093324,2.0,-4.0,-76.0
1777889690.3193324,3.0,-4.0,-76.0
1777889690.3293324,4.0,-7.0,-77.0
1777889690.3393323,0.0,-7.0,-75.0
1777889690.3493323,0.0,-4.0,-72.0
1777889690.3593323,-1.0,-4.0,-75.0
1777889690.3693323,2.0,-5.0,-81.0
1777889690.3793323,3.0,-6.0,-85.0
1777889690.3893323,3.0,-4.0,-82.0
1777889690.3993323,5.0,-6.0,-79.0
1777889690.4093325,7.0,-4.0,-77.0
1777889690.4193325,2.0,-1.0,-81.0
1777889690.4293325,-1.0,0.0,-74.0
1777889690.4393325,2.0,5.0,-72.0
1777889690.4493325,2.0,3.0,-74.0
1777889690.4593325,6.0,-1.0,-77.0
1777889690.4693325,2.0,-1.0,-83.0
1777889690.4793324,4.0,0.0,-80.0
1777889690.4893324,5.0,-1.0,-78.0
1777889690.4993324,5.0,-2.0,-78.0
1777889690.5093324,5.0,-1.0,-80.0
1777889690.5193324,4.0,0.0,-83.0
1777889690.5293324,2.0,0.0,-84.0
1777889690.5393324,4.0,1.0,-86.0
1777889690.5493324,4.0,0.0,-82.0
1777889690.5593324,6.0,0.0,-74.0
1777889690.5693324,3.0,-2.0,-71.0
1777889690.5793324,0.0,-1.0,-75.0
1777889690.5893323,1.0,-1.0,-72.0
1777889690.5993323,0.0,0.0,-74.0
1777889690.6093323,0.0,0.0,-75.0
1777889690.6193323,3.0,0.0,-75.0
1777889690.6293323,5.0,0.0,-70.0
1777889690.6393323,5.0,1.0,-76.0
1777889690.6493323,0.0,-3.0,-82.0
1777889690.6593325,1.0,-3.0,-82.0
1777889690.6693325,2.0,-4.0,-84.0
1777889690.6793325,5.0,-6.0,-79.0
1777889690.6893325,4.0,0.0,-79.0
1777889690.6993325,3.0,0.0,-83.0
1777889690.7093325,0.0,0.0,-77.0
1777889690.7193325,0.0,2.0,-64.0
1777889690.7293324,3.0,-2.0,-69.0
1777889690.7393324,5.0,-6.0,-68.0
1777889690.7493324,4.0,-6.0,-70.0
1777889690.7593324,8.0,-8.0,-71.0
1777889690.7693324,5.0,-7.0,-77.0
1777889690.7793324,7.0,-9.0,-68.0
1777889690.7893324,4.0,-8.0,-71.0
1777889690.7993324,7.0,-8.0,-75.0
1777889690.8093324,5.0,-8.0,-65.0
1777889690.8193324,7.0,-10.0,-62.0
1777889690.8293324,7.0,-8.0,-62.0
1777889690.8393323,7.0,-3.0,-57.0
1777889690.8493323,12.0,-4.0,-54.0
1777889690.8593323,14.0,-4.0,-53.0
1777889690.8693323,10.0,-6.0,-59.0
1777889690.8793323,6.0,-9.0,-68.0
1777889690.8893323,1.0,-7.0,-73.0
1777889690.8993323,0.0,-7.0,-71.0
1777889690.9103324,3.0,-6.0,-75.0
1777889690.9203324,0.0,-4.0,-77.0
1777889690.9303324,0.0,-3.0,-70.0
1777889690.9403324,3.0,-1.0,-72.0
1777889690.9503324,4.0,-3.0,-75.0
1777889690.9603324,0.0,-4.0,-81.0
1777889690.9703324,-2.0,-7.0,-78.0
1777889690.9803324,-1.0,-2.0,-76.0
1777889690.9903324,0.0,0.0,-77.0
1777889691.0003324,1.0,-2.0,-78.0
1777889691.0103323,1.0,-5.0,-77.0
1777889691.0203323,1.0,0.0,-69.0
1777889691.0303323,1.0,0.0,-68.0
1777889691.0403323,4.0,0.0,-74.0
1777889691.0503323,3.0,-5.0,-76.0
1777889691.0603323,6.0,-5.0,-75.0
1777889691.0703323,12.0,-1.0,-74.0
1777889691.0803325,10.0,-2.0,-73.0
1777889691.0903325,4.0,0.0,-77.0
1777889691.1003325,6.0,2.0,-83.0
1777889691.1103325,3.0,5.0,-80.0
1777889691.1203325,1.0,6.0,-85.0
1777889691.1303325,1.0,5.0,-83.0
1777889691.1403325,2.0,4.0,-85.0
1777889691.1503325,-3.0,0.0,-80.0
1777889691.1603324,-2.0,-7.0,-84.0
1777889691.1703324,-2.0,-6.0,-84.0
1777889691.1803324,0.0,-6.0,-85.0
1777889691.1903324,-1.0,-7.0,-85.0
1777889691.2003324,0.0,-2.0,-84.0
1777889691.2103324,0.0,2.0,-85.0
1777889691.2203324,1.0,1.0,-81.0
1777889691.2303324,2.0,0.0,-78.0
1777889691.2403324,-5.0,-4.0,-75.0
1777889691.2503324,-8.0,-4.0,-64.0
1777889691.2603323,-9.0,-5.0,-62.0
1777889691.2703323,-6.0,-5.0,-69.0
1777889691.2803323,-8.0,-1.0,-72.0
1777889691.2903323,-8.0,-1.0,-70.0
1777889691.3003323,-2.0,0.0,-78.0
1777889691.3103323,0.0,-1.0,-73.0
1777889691.3203323,0.0,-3.0,-73.0
1777889691.3303325,4.0,0.0,-70.0
1777889691.3403325,0.0,0.0,-73.0
1777889691.3503325,0.0,-1.0,-77.0
1777889691.3603325,4.0,-2.0,-78.0
1777889691.3703325,6.0,-2.0,-85.0
1777889691.3803325,5.0,-2.0,-91.0
1777889691.3903325,10.0,-2.0,-83.0
1777889691.4003325,12.0,-3.0,-82.0
1777889691.4103324,12.0,-5.0,-85.0
1777889691.4203324,9.0,-6.0,-78.0
1777889691.4303324,11.0,-4.0,-75.0
1777889691.4403324,10.0,-2.0,-72.0
1777889691.4503324,4.0,-9.0,-74.0
1777889691.4603324,0.0,-8.0,-75.0
1777889691.4703324,0.0,-9.0,-75.0
1777889691.4803324,3.0,-3.0,-77.0
1777889691.4903324,8.0,-1.0,-79.0
1777889691.5003324,5.0,2.0,-81.0
1777889691.5103323,7.0,1.0,-85.0
1777889691.5203323,14.0,5.0,-82.0
1777889691.5303323,10.0,5.0,-88.0
1777889691.5403323,6.0,4.0,-86.0
1777889691.5503323,6.0,3.0,-83.0
1777889691.5603323,7.0,3.0,-80.0
1777889691.5703323,5.0,3.0,-76.0
1777889691.5803325,9.0,4.0,-68.0
1777889691.5903325,11.0,2.0,-76.0
1777889691.6003325,9.0,0.0,-76.0
1777889691.6103325,8.0,6.0,-78.0
1777889691.6203325,3.0,8.0,-81.0
1777889691.6303325,1.0,7.0,-81.0
1777889691.6403325,3.0,4.0,-76.0
1777889691.6503325,10.0,5.0,-77.0
1777889691.6603324,7.0,1.0,-76.0
1777889691.6703324,8.0,0.0,-77.0
1777889691.6803324,12.0,0.0,-70.0
1777889691.6903324,13.0,2.0,-69.0
1777889691.7003324,13.0,0.0,-73.0
1777889691.7103324,8.0,0.0,-73.0
1777889691.7203324,4.0,-2.0,-78.0
1777889691.7303324,4.0,0.0,-78.0
1777889691.7403324,4.0,4.0,-83.0
1777889691.7503324,3.0,2.0,-79.0
1777889691.7603323,5.0,4.0,-76.0
1777889691.7703323,4.0,-1.0,-79.0
1777889691.7803323,1.0,-2.0,-77.0
1777889691.7903323,-1.0,-4.0,-76.0
1777889691.8003323,0.0,-6.0,-81.0
1777889691.8103323,0.0,-4.0,-83.0
1777889691.8203323,0.0,-2.0,-82.0
1777889691.8303325,-1.0,-7.0,-81.0
1777889691.8403325,-1.0,-8.0,-86.0
1777889691.8503325,0.0,-7.0,-90.0
1777889691.8603325,2.0,-5.0,-91.0
1777889691.8703325,5.0,-6.0,-92.0
1777889691.8803325,2.0,-5.0,-88.0
1777889691.8903325,-5.0,-2.0,-87.0
1777889691.9003325,-6.0,1.0,-84.0
1777889691.9103324,-3.0,3.0,-87.0
1777889691.9203324,-3.0,8.0,-88.0
1777889691.9303324,-3.0,5.0,-85.0
1777889691.9403324,-4.0,5.0,-79.0
1777889691.9503324,-6.0,1.0,-70.0
1777889691.9603324,-3.0,-1.0,-72.0
1777889691.9703324,-4.0,-2.0,-75.0
1777889691.9803324,-3.0,-3.0,-76.0
1777889691.9903324,0.0,0.0,-77.0
1777889692.0003324,-3.0,5.0,-80.0
1777889692.0103323,-1.0,6.0,-80.0
1777889692.0203323,0.0,1.0,-76.0
1777889692.0303323,-4.0,1.0,-72.0
1777889692.0403323,-3.0,2.0,-77.0
1777889692.0503323,0.0,2.0,-74.0
1777889692.0603323,-3.0,1.0,-78.0
1777889692.0703323,-4.0,1.0,-73.0
1777889692.0803325,0.0,2.0,-73.0
1777889692.0903325,-1.0,5.0,-76.0
1777889692.1003325,6.0,8.0,-78.0
1777889692.1103325,6.0,4.0,-78.0
1777889692.1203325,3.0,0.0,-77.0
1777889692.1303325,6.0,-2.0,-78.0
1777889692.1403325,8.0,-1.0,-85.0
1777889692.1503325,5.0,0.0,-81.0
1777889692.1603324,10.0,-1.0,-75.0
1777889692.1703324,7.0,2.0,-77.0
1777889692.1803324,10.0,2.0,-76.0
1777889692.1903324,10.0,0.0,-77.0
1777889692.2003324,7.0,-1.0,-78.0
1777889692.2103324,4.0,-2.0,-77.0
1777889692.2203324,7.0,-3.0,-74.0
1777889692.2303324,5.0,0.0,-74.0
1777889692.2403324,0.0,-3.0,-73.0
1777889692.2503324,0.0,-2.0,-74.0
1777889692.2603323,-2.0,-1.0,-76.0
1777889692.2703323,-5.0,-4.0,-78.0
1777889692.2803323,-2.0,-2.0,-81.0
1777889692.2903323,-3.0,-4.0,-84.0
1777889692.3003323,-2.0,-4.0,-81.0
1777889692.3103323,0.0,-2.0,-79.0
1777889692.3203323,0.0,-5.0,-81.0
1777889692.3303325,1.0,-2.0,-81.0
1777889692.3403325,2.0,-5.0,-81.0
1777889692.3503325,3.0,-4.0,-78.0
1777889692.3603325,3.0,-1.0,-70.0
1777889692.3703325,4.0,1.0,-69.0
1777889692.3803325,4.0,-1.0,-76.0
1777889692.3903325,0.0,-3.0,-79.0
1777889692.4003325,-2.0,-2.0,-74.0
1777889692.4103324,-2.0,-1.0,-76.0
1777889692.4203324,-2.0,-3.0,-80.0
1777889692.4303324,-4.0,-2.0,-79.0
1777889692.4403324,-8.0,-3.0,-73.0
1777889692.4503324,-5.0,-4.0,-74.0
1777889692.4603324,-10.0,-4.0,-73.0
1777889692.4703324,-6.0,0.0,-74.0
1777889692.4803324,-10.0,0.0,-80.0
1777889692.4903324,-8.0,0.0,-78.0
1777889692.5003324,-8.0,0.0,-76.0
1777889692.5103323,-5.0,3.0,-73.0
1777889692.5203323,-4.0,4.0,-67.0
1777889692.5303323,-2.0,5.0,-69.0
1777889692.5403323,-1.0,7.0,-75.0
1777889692.5503323,-2.0,0.0,-82.0
1777889692.5603323,1.0,0.0,-83.0
1777889692.5703323,3.0,-2.0,-81.0
1777889692.5803325,3.0,-2.0,-84.0
1777889692.5903325,0.0,0.0,-84.0
1777889692.6003325,-1.0,0.0,-85.0
1777889692.6103325,-1.0,-1.0,-82.0
1777889692.6203325,0.0,-1.0,-82.0
1777889692.6303325,-4.0,2.0,-83.0
1777889692.6403325,-1.0,4.0,-80.0
1777889692.6503325,1.0,4.0,-80.0
1777889692.6603324,4.0,6.0,-84.0
1777889692.6703324,5.0,4.0,-88.0
1777889692.6803324,8.0,4.0,-84.0
1777889692.6903324,6.0,1.0,-83.0
1777889692.7003324,5.0,2.0,-80.0
1777889692.7103324,1.0,1.0,-77.0
1777889692.7203324,3.0,1.0,-75.0
1777889692.7303324,6.0,0.0,-79.0
1777889692.7403324,5.0,-2.0,-77.0
1777889692.7503324,1.0,0.0,-76.0
1777889692.7603323,1.0,-2.0,-79.0
1777889692.7703323,0.0,0.0,-82.0
1777889692.7803323,1.0,2.0,-84.0
1777889692.7903323,0.0,4.0,-82.0
1777889692.8003323,3.0,5.0,-81.0
1777889692.8103323,2.0,5.0,-82.0
1777889692.8203323,0.0,2.0,-84.0
1777889692.8303325,0.0,0.0,-84.0
1777889692.8403325,0.0,0.0,-88.0
1777889692.8503325,0.0,0.0,-92.0
1777889692.8603325,0.0,1.0,-91.0
1777889692.8703325,0.0,-1.0,-86.0
1777889692.8803325,-2.0,-4.0,-86.0
1777889692.8903325,0.0,-3.0,-86.0
1777889692.9003325,-2.0,-2.0,-82.0
1777889692.9113324,-2.0,-3.0,-79.0
1777889692.9213324,3.0,-4.0,-80.0
1777889692.9313323,2.0,-1.0,-79.0
1777889692.9403324,1.0,1.0,-82.0
1777889692.9513323,0.0,1.0,-88.0
1777889692.9613323,1.0,1.0,-84.0
1777889692.9713323,-2.0,0.0,-79.0
1777889692.9813323,1.0,-4.0,-76.0
1777889692.9913323,2.0,-2.0,-79.0
1777889693.0013323,7.0,1.0,-77.0
1777889693.0113325,8.0,-2.0,-77.0
1777889693.0213325,5.0,-3.0,-78.0
1777889693.0313325,-1.0,-2.0,-71.0
1777889693.0413325,-1.0,0.0,-67.0
1777889693.0513325,-7.0,1.0,-70.0
1777889693.0613325,-8.0,0.0,-63.0
1777889693.0713325,-6.0,1.0,-72.0
1777889693.0813324,-2.0,0.0,-77.0
1777889693.0913324,-1.0,0.0,-73.0
1777889693.1013324,-1.0,0.0,-71.0
1777889693.1113324,0.0,-2.0,-71.0
1777889693.1213324,1.0,-3.0,-67.0
1777889693.1313324,5.0,-5.0,-71.0
1777889693.1413324,2.0,-8.0,-72.0
1777889693.1513324,1.0,-6.0,-69.0
1777889693.1613324,-1.0,-3.0,-70.0
1777889693.1713324,-2.0,-3.0,-72.0
1777889693.1813323,-5.0,-1.0,-72.0
1777889693.1913323,6.0,-2.0,-74.0
1777889693.2013323,6.0,-4.0,-78.0
1777889693.2113323,2.0,-7.0,-71.0
1777889693.2213323,6.0,-4.0,-71.0
1777889693.2313323,7.0,0.0,-69.0
1777889693.2413323,8.0,-4.0,-70.0
1777889693.2513323,3.0,-4.0,-72.0
1777889693.2613325,3.0,-5.0,-75.0
1777889693.2713325,1.0,-6.0,-71.0
1777889693.2813325,0.0,-5.0,-74.0
1777889693.2913325,3.0,-4.0,-78.0
1777889693.3013325,2.0,-1.0,-78.0
1777889693.3113325,-1.0,-2.0,-77.0
1777889693.3213325,0.0,-2.0,-79.0
1777889693.3313324,-2.0,-5.0,-83.0
1777889693.3413324,-5.0,-4.0,-79.0
1777889693.3513324,-1.0,-3.0,-81.0
1777889693.3613324,3.0,-5.0,-90.0
1777889693.3713324,4.0,-3.0,-95.0
1777889693.3813324,3.0,-3.0,-93.0
1777889693.3913324,3.0,-4.0,-85.0
1777889693.4013324,6.0,-3.0,-84.0
1777889693.4113324,7.0,-5.0,-88.0
1777889693.4213324,13.0,-5.0,-84.0
1777889693.4313323,9.0,-3.0,-81.0
1777889693.4413323,6.0,-6.0,-83.0
1777889693.4513323,1.0,-5.0,-79.0
1777889693.4613323,3.0,-5.0,-74.0
1777889693.4713323,3.0,0.0,-73.0
1777889693.4813323,5.0,0.0,-77.0
1777889693.4913323,0.0,-1.0,-84.0
1777889693.5013323,4.0,-3.0,-86.0
1777889693.5113325,-4.0,-1.0,-82.0
1777889693.5213325,-4.0,-3.0,-80.0
1777889693.5313325,-3.0,-6.0,-86.0
1777889693.5413325,2.0,-3.0,-83.0
1777889693.5513325,2.0,-4.0,-82.0
1777889693.5613325,0.0,-5.0,-91.0
1777889693.5713325,5.0,-7.0,-84.0
1777889693.5813324,3.0,-10.0,-79.0
1777889693.5913324,3.0,-7.0,-76.0
1777889693.6013324,1.0,-8.0,-76.0
1777889693.6113324,0.0,-8.0,-76.0
1777889693.6213324,-1.0,-6.0,-75.0
1777889693.6313324,-1.0,-6.0,-76.0
1777889693.6413324,-2.0,-7.0,-75.0
1777889693.6513324,-5.0,-6.0,-72.0
1777889693.6613324,-2.0,-4.0,-74.0
1777889693.6713324,0.0,0.0,-75.0
1777889693.6813323,-2.0,2.0,-76.0
1777889693.6913323,-7.0,2.0,-75.0
1777889693.7013323,-4.0,-2.0,-78.0
1777889693.7113323,-5.0,-7.0,-79.0
1777889693.7213323,0.0,-4.0,-83.0
1777889693.7313323,-3.0,-1.0,-93.0
1777889693.7413323,-5.0,0.0,-83.0
1777889693.7513323,-5.0,0.0,-81.0
1777889693.7613325,0.0,0.0,-88.0
1777889693.7713325,-5.0,3.0,-85.0
1777889693.7813325,-5.0,6.0,-81.0
1777889693.7913325,-3.0,8.0,-75.0
1777889693.8013325,-3.0,2.0,-80.0
1777889693.8113325,0.0,-1.0,-82.0
1777889693.8213325,2.0,2.0,-76.0
1777889693.8313324,3.0,0.0,-75.0
1777889693.8413324,3.0,-1.0,-68.0
1777889693.8513324,3.0,0.0,-72.0
1777889693.8613324,6.0,-1.0,-76.0
1777889693.8713324,6.0,-3.0,-80.0
1777889693.8813324,4.0,-1.0,-78.0
1777889693.8913324,3.0,-1.0,-79.0
1777889693.9013324,2.0,-1.0,-77.0
1777889693.9113324,0.0,-7.0,-76.0
1777889693.9213324,1.0,-9.0,-74.0
1777889693.9313323,4.0,-10.0,-78.0
1777889693.9413323,3.0,-8.0,-81.0
1777889693.9513323,2.0,-4.0,-77.0
1777889693.9613323,-1.0,0.0,-75.0
1777889693.9713323,-2.0,-1.0,-74.0
1777889693.9813323,-5.0,-4.0,-77.0
1777889693.9913323,-6.0,-3.0,-81.0
1777889694.0013323,-3.0,3.0,-76.0
1777889694.0113325,-3.0,4.0,-68.0
1777889694.0213325,1.0,2.0,-68.0
1777889694.0313325,1.0,3.0,-71.0
1777889694.0413325,0.0,0.0,-76.0
1777889694.0513325,0.0,0.0,-80.0
1777889694.0613325,0.0,-3.0,-77.0
1777889694.0713325,3.0,-1.0,-77.0
1777889694.0813324,0.0,0.0,-77.0
1777889694.0913324,1.0,2.0,-79.0
1777889694.1013324,-1.0,0.0,-78.0
1777889694.1113324,1.0,-4.0,-77.0
1777889694.1213324,1.0,-3.0,-77.0
1777889694.1313324,0.0,-5.0,-83.0
1777889694.1413324,-5.0,-12.0,-80.0
1777889694.1513324,-3.0,-9.0,-75.0
1777889694.1613324,0.0,-6.0,-71.0
1777889694.1713324,0.0,0.0,-70.0
1777889694.1813323,3.0,-3.0,-71.0
1777889694.1913323,4.0,-5.0,-71.0
1777889694.2013323,3.0,-4.0,-75.0
1777889694.2113323,1.0,-2.0,-76.0
1777889694.2213323,0.0,0.0,-77.0
1777889694.2313323,-2.0,1.0,-71.0
1777889694.2413323,-1.0,1.0,-72.0
1777889694.2513323,0.0,-1.0,-76.0
1777889694.2613325,2.0,-2.0,-72.0
1777889694.2713325,3.0,-4.0,-72.0
1777889694.2813325,3.0,-7.0,-66.0
1777889694.2913325,6.0,-9.0,-65.0
1777889694.3013325,5.0,-10.0,-72.0
1777889694.3113325,6.0,-4.0,-75.0
1777889694.3213325,8.0,-3.0,-76.0
1777889694.3313324,4.0,-2.0,-81.0
1777889694.3413324,7.0,-10.0,-82.0
1777889694.3513324,2.0,-10.0,-80.0
1777889694.3613324,1.0,-7.0,-79.0
1777889694.3713324,-2.0,-2.0,-81.0
1777889694.3813324,-5.0,0.0,-84.0
1777889694.3913324,0.0,2.0,-84.0
1777889694.4013324,0.0,0.0,-84.0
1777889694.4113324,0.0,0.0,-78.0
1777889694.4213324,1.0,-5.0,-76.0
1777889694.4313323,0.0,-9.0,-72.0
1777889694.4413323,4.0,-8.0,-75.0
1777889694.4513323,5.0,-12.0,-77.0
1777889694.4613323,8.0,-3.0,-77.0
1777889694.4713323,11.0,-2.0,-76.0
1777889694.4813323,7.0,-2.0,-78.0
1777889694.4913323,7.0,-1.0,-76.0
1777889694.5013323,9.0,0.0,-78.0
1777889694.5113325,8.0,-2.0,-79.0
1777889694.5213325,7.0,-1.0,-82.0
1777889694.5313325,3.0,0.0,-83.0
1777889694.5413325,3.0,1.0,-74.0
1777889694.5513325,2.0,4.0,-75.0
1777889694.5613325,0.0,3.0,-78.0
1777889694.5713325,1.0,2.0,-74.0
1777889694.5813324,-4.0,0.0,-79.0
1777889694.5913324,-1.0,3.0,-77.0
1777889694.6013324,0.0,7.0,-76.0
1777889694.6113324,-2.0,6.0,-69.0
1777889694.6213324,0.0,7.0,-70.0
1777889694.6313324,-2.0,7.0,-70.0
1777889694.6413324,-2.0,4.0,-68.0
1777889694.6513324,-6.0,1.0,-67.0
1777889694.6613324,-3.0,1.0,-69.0
1777889694.6713324,-2.0,3.0,-71.0
1777889694.6813323,-3.0,1.0,-73.0
1777889694.6913323,-3.0,-3.0,-73.0
1777889694.7013323,1.0,0.0,-78.0
1777889694.7113323,0.0,2.0,-82.0
1777889694.7213323,1.0,2.0,-81.0
1777889694.7313323,-1.0,4.0,-81.0
1777889694.7413323,-2.0,0.0,-88.0
1777889694.7513323,-3.0,-2.0,-88.0
1777889694.7613325,-6.0,-2.0,-85.0
1777889694.7713325,-4.0,-1.0,-81.0
1777889694.7813325,0.0,0.0,-75.0
1777889694.7913325,2.0,0.0,-80.0
1777889694.8013325,2.0,-1.0,-79.0
1777889694.8113325,1.0,-4.0,-82.0
1777889694.8213325,0.0,0.0,-78.0
1777889694.8313324,0.0,3.0,-80.0
1777889694.8413324,-4.0,3.0,-79.0
1777889694.8513324,-4.0,5.0,-77.0
1777889694.8613324,-5.0,4.0,-69.0
1777889694.8713324,-5.0,4.0,-67.0
1777889694.8823323,0.0,0.0,-67.0
1777889694.8923323,-2.0,1.0,-75.0
1777889694.9013324,-4.0,0.0,-81.0
1777889694.9113324,-4.0,2.0,-72.0
1777889694.9223323,-2.0,1.0,-79.0
1777889694.9323325,-2.0,-1.0,-80.0
1777889694.9423325,-3.0,3.0,-83.0
1777889694.9523325,-2.0,0.0,-84.0
1777889694.9623325,-3.0,1.0,-84.0
1777889694.9723325,-2.0,3.0,-77.0
1777889694.9823325,-2.0,3.0,-78.0
1777889694.9923325,-2.0,0.0,-74.0
1777889695.0023324,-3.0,7.0,-74.0
1777889695.0123324,0.0,6.0,-79.0
1777889695.0223324,-1.0,3.0,-79.0
1777889695.0323324,3.0,0.0,-81.0
1777889695.0423324,0.0,3.0,-77.0
1777889695.0523324,-3.0,0.0,-73.0
1777889695.0623324,-1.0,-5.0,-65.0
1777889695.0723324,-2.0,-7.0,-63.0
1777889695.0823324,-3.0,-7.0,-70.0
1777889695.0923324,-7.0,-5.0,-75.0
1777889695.1023324,-7.0,-9.0,-74.0
1777889695.1123323,-7.0,-4.0,-76.0
1777889695.1223323,-5.0,0.0,-83.0
1777889695.1323323,-3.0,0.0,-86.0
1777889695.1423323,0.0,1.0,-87.0
1777889695.1523323,1.0,1.0,-80.0
1777889695.1623323,2.0,0.0,-75.0
1777889695.1723323,2.0,0.0,-77.0
1777889695.1823325,0.0,3.0,-75.0
1777889695.1923325,-6.0,6.0,-73.0
1777889695.2023325,-8.0,6.0,-75.0
1777889695.2123325,-6.0,5.0,-76.0
1777889695.2223325,-7.0,2.0,-69.0
1777889695.2323325,-6.0,0.0,-69.0
1777889695.2423325,-7.0,3.0,-71.0
1777889695.2523324,-5.0,2.0,-72.0
1777889695.2623324,-2.0,5.0,-75.0
1777889695.2723324,0.0,4.0,-81.0
1777889695.2823324,-2.0,3.0,-79.0
1777889695.2923324,-3.0,4.0,-74.0
1777889695.3023324,0.0,2.0,-72.0
1777889695.3123324,0.0,5.0,-73.0
1777889695.3223324,1.0,3.0,-78.0
1777889695.3323324,2.0,1.0,-75.0
1777889695.3423324,3.0,4.0,-77.0
1777889695.3523324,5.0,6.0,-80.0
1777889695.3623323,0.0,4.0,-83.0
1777889695.3723323,0.0,4.0,-86.0
1777889695.3823323,-1.0,3.0,-92.0
1777889695.3923323,0.0,0.0,-82.0
1777889695.4023323,-1.0,-2.0,-80.0
1777889695.4123323,-4.0,-1.0,-78.0
1777889695.4223323,-2.0,-2.0,-77.0
1777889695.4323325,-4.0,-2.0,-68.0
1777889695.4423325,-3.0,1.0,-71.0
1777889695.4523325,0.0,2.0,-77.0
1777889695.4623325,0.0,-1.0,-76.0
1777889695.4723325,0.0,1.0,-71.0
1777889695.4823325,-5.0,0.0,-70.0
1777889695.4923325,-3.0,1.0,-70.0
1777889695.5023324,0.0,-3.0,-75.0
1777889695.5123324,-1.0,-5.0,-78.0
1777889695.5223324,-1.0,-5.0,-73.0
1777889695.5323324,-1.0,-3.0,-71.0
1777889695.5423324,-1.0,-3.0,-71.0
1777889695.5523324,0.0,-2.0,-73.0
1777889695.5623324,-1.0,3.0,-78.0
1777889695.5723324,2.0,3.0,-76.0
1777889695.5823324,0.0,2.0,-64.0
1777889695.5923324,-3.0,0.0,-69.0
1777889695.6023324,-2.0,1.0,-66.0
1777889695.6123323,-2.0,3.0,-70.0
1777889695.6223323,-4.0,-3.0,-74.0
1777889695.6323323,-8.0,2.0,-81.0
1777889695.6423323,-1.0,2.0,-81.0
1777889695.6523323,0.0,3.0,-82.0
1777889695.6623323,-1.0,2.0,-77.0
1777889695.6723323,-2.0,4.0,-72.0
1777889695.6823325,-2.0,7.0,-73.0
1777889695.6923325,0.0,5.0,-73.0
1777889695.7023325,3.0,2.0,-75.0
1777889695.7123325,-2.0,0.0,-81.0
1777889695.7223325,-3.0,-1.0,-87.0
1777889695.7323325,0.0,1.0,-83.0
1777889695.7423325,-2.0,4.0,-83.0
1777889695.7523324,0.0,6.0,-81.0
1777889695.7623324,0.0,3.0,-79.0
1777889695.7723324,0.0,5.0,-78.0
1777889695.7823324,-2.0,3.0,-78.0
1777889695.7923324,-2.0,0.0,-81.0
1777889695.8023324,-2.0,-5.0,-85.0
1777889695.8123324,0.0,-1.0,-85.0
1777889695.8223324,0.0,0.0,-83.0
1777889695.8323324,-2.0,-2.0,-85.0
1777889695.8423324,-2.0,0.0,-83.0
1777889695.8523324,-6.0,-2.0,-80.0
1777889695.8623323,-4.0,-5.0,-78.0
1777889695.8723323,0.0,-7.0,-71.0
1777889695.8823323,1.0,-3.0,-72.0
1777889695.8923323,4.0,0.0,-75.0
1777889695.9023323,1.0,-1.0,-76.0
1777889695.9123323,-1.0,-4.0,-75.0
1777889695.9223323,0.0,-5.0,-79.0
1777889695.9323325,4.0,-5.0,-81.0
1777889695.9423325,2.0,0.0,-82.0
1777889695.9523325,0.0,1.0,-81.0
1777889695.9623325,0.0,0.0,-86.0
1777889695.9723325,2.0,2.0,-83.0
1777889695.9823325,3.0,1.0,-84.0
1777889695.9923325,6.0,3.0,-84.0
1777889696.0023324,6.0,5.0,-82.0
1777889696.0123324,5.0,2.0,-81.0
1777889696.0223324,4.0,1.0,-72.0
1777889696.0323324,6.0,0.0,-71.0
1777889696.0423324,8.0,0.0,-70.0
1777889696.0523324,5.0,-4.0,-70.0
1777889696.0623324,7.0,-2.0,-67.0
1777889696.0723324,8.0,0.0,-72.0
1777889696.0823324,10.0,-1.0,-77.0
1777889696.0923324,5.0,-1.0,-80.0
1777889696.1023324,6.0,-7.0,-82.0
1777889696.1123323,1.0,-8.0,-77.0
1777889696.1223323,0.0,-7.0,-71.0
1777889696.1323323,-4.0,-1.0,-71.0
1777889696.1423323,-4.0,-3.0,-69.0
1777889696.1523323,2.0,-3.0,-74.0
1777889696.1623323,0.0,-4.0,-74.0
1777889696.1723323,0.0,-6.0,-73.0
1777889696.1823325,0.0,-6.0,-76.0
1777889696.1923325,4.0,-8.0,-76.0
1777889696.2023325,4.0,-6.0,-71.0
1777889696.2123325,0.0,-3.0,-70.0
1777889696.2223325,-2.0,-1.0,-71.0
1777889696.2323325,-7.0,0.0,-78.0
1777889696.2423325,-9.0,-1.0,-79.0
1777889696.2523324,-10.0,-2.0,-74.0
1777889696.2623324,-8.0,-5.0,-77.0
1777889696.2723324,-4.0,-7.0,-76.0
1777889696.2823324,0.0,-11.0,-69.0
1777889696.2923324,2.0,-5.0,-68.0
1777889696.3023324,5.0,-4.0,-67.0
1777889696.3123324,0.0,-6.0,-65.0
1777889696.3223324,-1.0,-3.0,-65.0
1777889696.3323324,0.0,-3.0,-76.0
1777889696.3423324,1.0,-1.0,-68.0
1777889696.3523324,0.0,0.0,-74.0
1777889696.3623323,2.0,-2.0,-79.0
1777889696.3723323,4.0,0.0,-73.0
1777889696.3823323,0.0,-5.0,-71.0
1777889696.3923323,0.0,-6.0,-70.0
1777889696.4023323,0.0,-4.0,-71.0
1777889696.4123323,1.0,0.0,-80.0
1777889696.4223323,5.0,-2.0,-87.0
1777889696.4323325,7.0,-5.0,-83.0
1777889696.4423325,11.0,2.0,-82.0
1777889696.4523325,10.0,1.0,-77.0
1777889696.4623325,8.0,1.0,-82.0
1777889696.4723325,5.0,-2.0,-81.0
1777889696.4823325,2.0,0.0,-89.0
1777889696.4923325,3.0,3.0,-85.0
1777889696.5023324,4.0,-2.0,-80.0
1777889696.5123324,4.0,-2.0,-83.0
1777889696.5223324,0.0,-3.0,-79.0
1777889696.5323324,2.0,-4.0,-81.0
1777889696.5423324,4.0,-1.0,-75.0
1777889696.5523324,6.0,-2.0,-79.0
1777889696.5623324,10.0,-4.0,-77.0
1777889696.5723324,13.0,0.0,-76.0
1777889696.5823324,11.0,-3.0,-75.0
1777889696.5923324,11.0,-1.0,-72.0
1777889696.6023324,6.0,-2.0,-70.0
1777889696.6123323,2.0,0.0,-74.0
1777889696.6223323,-3.0,3.0,-74.0
1777889696.6323323,-5.0,2.0,-71.0
1777889696.6423323,-7.0,0.0,-71.0
1777889696.6523323,-5.0,0.0,-75.0
1777889696.6623323,-3.0,1.0,-77.0
1777889696.6723323,0.0,-2.0,-70.0
1777889696.6823325,0.0,-2.0,-80.0
1777889696.6923325,-3.0,-1.0,-79.0
1777889696.7023325,0.0,-1.0,-75.0
1777889696.7123325,1.0,1.0,-73.0
1777889696.7223325,-1.0,0.0,-76.0
1777889696.7323325,2.0,-1.0,-75.0
1777889696.7423325,2.0,1.0,-71.0
1777889696.7523324,4.0,1.0,-69.0
1777889696.7623324,5.0,-2.0,-76.0
1777889696.7723324,4.0,-5.0,-75.0
1777889696.7823324,0.0,-3.0,-79.0
1777889696.7923324,-1.0,0.0,-80.0
1777889696.8023324,-2.0,-2.0,-86.0
1777889696.8123324,-1.0,-9.0,-88.0
1777889696.8223324,2.0,-4.0,-84.0
1777889696.8323324,0.0,1.0,-88.0
1777889696.8423324,-2.0,0.0,-83.0
1777889696.8523324,-1.0,0.0,-77.0
1777889696.8633325,-1.0,-5.0,-77.0
1777889696.8733325,-4.0,-3.0,-82.0
1777889696.8823323,-6.0,-7.0,-80.0
1777889696.8923323,-8.0,-5.0,-79.0
1777889696.9033325,-5.0,-4.0,-80.0
1777889696.9133325,0.0,-2.0,-80.0
1777889696.9233325,0.0,-3.0,-84.0
1777889696.9333324,3.0,-1.0,-79.0
1777889696.9433324,7.0,1.0,-80.0
1777889696.9533324,7.0,-5.0,-73.0
1777889696.9633324,6.0,-2.0,-71.0
1777889696.9733324,6.0,-6.0,-68.0
1777889696.9833324,4.0,-4.0,-69.0
1777889696.9933324,7.0,-4.0,-70.0
1777889697.0033324,6.0,-3.0,-77.0
1777889697.0133324,3.0,1.0,-78.0
1777889697.0233324,6.0,0.0,-74.0
1777889697.0333323,6.0,-3.0,-73.0
1777889697.0433323,6.0,-3.0,-69.0
1777889697.0533323,4.0,-4.0,-70.0
1777889697.0633323,4.0,-4.0,-73.0
1777889697.0733323,1.0,-6.0,-76.0
1777889697.0833323,-1.0,-8.0,-69.0
1777889697.0933323,-3.0,-5.0,-75.0
1777889697.1033323,-1.0,-6.0,-82.0
1777889697.1133325,-4.0,-4.0,-76.0
1777889697.1233325,-4.0,-2.0,-69.0
1777889697.1333325,-4.0,-3.0,-67.0
1777889697.1433325,-2.0,-5.0,-68.0
1777889697.1533325,-4.0,-4.0,-70.0
1777889697.1633325,-1.0,-3.0,-75.0
1777889697.1733325,0.0,0.0,-70.0
1777889697.1833324,5.0,2.0,-69.0
1777889697.1933324,7.0,3.0,-77.0
1777889697.2033324,2.0,5.0,-82.0
1777889697.2133324,0.0,2.0,-77.0
1777889697.2233324,0.0,0.0,-75.0
1777889697.2333324,0.0,-5.0,-76.0
1777889697.2433324,0.0,-4.0,-73.0
1777889697.2533324,3.0,0.0,-78.0
1777889697.2633324,2.0,-6.0,-82.0
1777889697.2733324,2.0,-2.0,-81.0
1777889697.2833323,3.0,-2.0,-81.0
1777889697.2933323,0.0,0.0,-73.0
1777889697.3033323,0.0,-2.0,-70.0
1777889697.3133323,-4.0,-3.0,-68.0
1777889697.3233323,-3.0,-4.0,-69.0
1777889697.3333323,-6.0,0.0,-69.0
1777889697.3433323,-4.0,1.0,-74.0
1777889697.3533323,1.0,0.0,-70.0
1777889697.3633325,0.0,2.0,-75.0
1777889697.3733325,1.0,2.0,-77.0
1777889697.3833325,0.0,3.0,-77.0
1777889697.3933325,3.0,0.0,-81.0
1777889697.4033325,4.0,-1.0,-82.0
1777889697.4133325,7.0,-3.0,-75.0
1777889697.4233325,10.0,-3.0,-74.0
1777889697.4333324,12.0,-4.0,-76.0
1777889697.4433324,7.0,2.0,-79.0
1777889697.4533324,1.0,0.0,-88.0
1777889697.4633324,0.0,-1.0,-86.0
1777889697.4733324,2.0,1.0,-81.0
1777889697.4833324,4.0,-1.0,-79.0
1777889697.4933324,1.0,0.0,-80.0
1777889697.5033324,-1.0,-1.0,-77.0
1777889697.5133324,0.0,-3.0,-69.0
1777889697.5233324,4.0,-10.0,-69.0
1777889697.5333323,4.0,-11.0,-65.0
1777889697.5433323,7.0,-12.0,-66.0
1777889697.5533323,7.0,-7.0,-61.0
1777889697.5633323,6.0,-9.0,-64.0
1777889697.5733323,8.0,-8.0,-66.0
1777889697.5833323,3.0,-7.0,-64.0
1777889697.5933323,1.0,-4.0,-67.0
1777889697.6033323,0.0,0.0,-70.0
1777889697.6133325,1.0,-3.0,-68.0
1777889697.6233325,0.0,-6.0,-68.0
1777889697.6333325,2.0,-6.0,-68.0
1777889697.6433325,1.0,-7.0,-66.0
1777889697.6533325,0.0,-4.0,-67.0
1777889697.6633325,2.0,-3.0,-66.0
1777889697.6733325,3.0,-1.0,-66.0
1777889697.6833324,-1.0,0.0,-68.0
1777889697.6933324,-2.0,2.0,-65.0
1777889697.7033324,-1.0,3.0,-68.0
1777889697.7133324,0.0,3.0,-69.0
1777889697.7233324,0.0,3.0,-73.0
1777889697.7333324,1.0,-1.0,-69.0
1777889697.7433324,-1.0,0.0,-73.0
1777889697.7533324,6.0,0.0,-77.0
1777889697.7633324,3.0,0.0,-71.0
1777889697.7733324,-1.0,-1.0,-75.0
1777889697.7833323,-1.0,-3.0,-77.0
1777889697.7933323,0.0,-1.0,-76.0
1777889697.8033323,0.0,1.0,-76.0
1777889697.8133323,2.0,0.0,-75.0
1777889697.8233323,0.0,2.0,-73.0
1777889697.8333323,-3.0,3.0,-71.0
1777889697.8433323,0.0,0.0,-73.0
1777889697.8533323,0.0,1.0,-71.0
1777889697.8633325,-4.0,0.0,-70.0
1777889697.8733325,-3.0,-2.0,-66.0
1777889697.8833325,-2.0,-2.0,-69.0
1777889697.8933325,0.0,2.0,-71.0
1777889697.9033325,0.0,2.0,-68.0
1777889697.9133325,0.0,-2.0,-68.0
1777889697.9233325,-2.0,-8.0,-68.0
1777889697.9333324,0.0,-5.0,-70.0
1777889697.9433324,3.0,-5.0,-75.0
1777889697.9533324,0.0,-9.0,-75.0
1777889697.9633324,1.0,-7.0,-74.0
1777889697.9733324,1.0,-3.0,-78.0
1777889697.9833324,3.0,-2.0,-74.0
1777889697.9933324,-1.0,-1.0,-79.0
1777889698.0033324,2.0,-8.0,-76.0
1777889698.0133324,4.0,-8.0,-84.0
1777889698.0233324,6.0,-6.0,-80.0
1777889698.0333323,5.0,-2.0,-80.0
1777889698.0433323,0.0,1.0,-75.0
1777889698.0533323,0.0,-2.0,-71.0
1777889698.0633323,1.0,-2.0,-76.0
1777889698.0733323,4.0,-2.0,-82.0
1777889698.0833323,2.0,-1.0,-89.0
1777889698.0933323,1.0,0.0,-90.0
1777889698.1033323,2.0,5.0,-83.0
1777889698.1133325,0.0,6.0,-79.0
1777889698.1233325,1.0,4.0,-76.0
1777889698.1333325,1.0,3.0,-80.0
1777889698.1433325,4.0,2.0,-83.0
1777889698.1533325,4.0,-3.0,-79.0
1777889698.1633325,4.0,-3.0,-84.0
1777889698.1733325,0.0,0.0,-81.0
1777889698.1833324,6.0,3.0,-77.0
1777889698.1933324,9.0,3.0,-79.0
1777889698.2033324,6.0,4.0,-77.0
1777889698.2143323,2.0,1.0,-77.0
1777889698.2233324,-2.0,-1.0,-75.0
1777889698.2333324,-6.0,0.0,-75.0
1777889698.2433324,-3.0,1.0,-72.0
1777889698.2533324,1.0,0.0,-71.0
1777889698.2633324,0.0,1.0,-66.0
1777889698.2733324,0.0,1.0,-68.0
1777889698.2833323,2.0,-2.0,-70.0
1777889698.2933323,5.0,-5.0,-79.0
1777889698.3033323,8.0,-3.0,-75.0
1777889698.3133323,5.0,-1.0,-71.0
1777889698.3233323,4.0,-1.0,-66.0
1777889698.3333323,6.0,-2.0,-63.0
1777889698.3433323,7.0,-2.0,-66.0
1777889698.3533323,8.0,-5.0,-70.0
1777889698.3633325,7.0,-3.0,-71.0
1777889698.3733325,4.0,-8.0,-73.0
1777889698.3833325,6.0,-4.0,-77.0
1777889698.3933325,6.0,0.0,-76.0
1777889698.4033325,10.0,3.0,-69.0
1777889698.4133325,4.0,1.0,-69.0
1777889698.4233325,7.0,1.0,-71.0
1777889698.4333324,3.0,1.0,-77.0
1777889698.4433324,7.0,0.0,-70.0
1777889698.4533324,0.0,1.0,-62.0
1777889698.4633324,-1.0,-1.0,-65.0
1777889698.4733324,0.0,-3.0,-66.0
1777889698.4833324,0.0,-5.0,-66.0
1777889698.4933324,-4.0,-4.0,-67.0
1777889698.5033324,-1.0,-1.0,-73.0
1777889698.5133324,0.0,-2.0,-76.0
1777889698.5233324,2.0,-2.0,-80.0
1777889698.5333323,0.0,-2.0,-84.0
1777889698.5433323,0.0,-2.0,-82.0
1777889698.5533323,2.0,-1.0,-82.0
1777889698.5633323,-2.0,0.0,-80.0
1777889698.5733323,0.0,0.0,-76.0
1777889698.5833323,1.0,-1.0,-69.0
1777889698.5933323,-2.0,0.0,-63.0
1777889698.6033323,-5.0,-2.0,-67.0
1777889698.6133325,0.0,0.0,-68.0
1777889698.6233325,3.0,-1.0,-67.0
1777889698.6333325,4.0,0.0,-70.0
1777889698.6433325,6.0,0.0,-70.0
1777889698.6533325,8.0,-1.0,-76.0
1777889698.6633325,7.0,-5.0,-77.0
1777889698.6733325,4.0,-8.0,-71.0
1777889698.6833324,0.0,-9.0,-76.0
1777889698.6933324,2.0,-7.0,-74.0
1777889698.7033324,3.0,-4.0,-84.0
1777889698.7133324,5.0,-3.0,-82.0
1777889698.7233324,5.0,1.0,-84.0
1777889698.7333324,0.0,1.0,-89.0
1777889698.7433324,-4.0,-1.0,-91.0
1777889698.7533324,-5.0,-6.0,-92.0
1777889698.7633324,-3.0,-8.0,-91.0
1777889698.7733324,-4.0,-9.0,-88.0
1777889698.7833323,-3.0,-5.0,-82.0
1777889698.7933323,0.0,-3.0,-82.0
1777889698.8033323,-2.0,-2.0,-79.0
1777889698.8133323,-5.0,-4.0,-83.0
1777889698.8233323,-2.0,-4.0,-83.0
1777889698.8333323,-6.0,-4.0,-75.0
1777889698.8443325,-9.0,-7.0,-72.0
1777889698.8533323,-9.0,-6.0,-68.0
1777889698.8633325,-8.0,-6.0,-68.0
1777889698.8743324,-6.0,-5.0,-66.0
1777889698.8843324,-5.0,-4.0,-69.0
1777889698.8933325,0.0,-8.0,-66.0
1777889698.9043324,5.0,-8.0,-69.0
1777889698.9143324,1.0,-4.0,-76.0
1777889698.9243324,4.0,-4.0,-83.0
1777889698.9343324,5.0,-8.0,-79.0
1777889698.9443324,5.0,-9.0,-77.0
1777889698.9543324,3.0,-9.0,-81.0
1777889698.9643323,-1.0,-6.0,-80.0
1777889698.9743323,1.0,0.0,-83.0
1777889698.9843323,0.0,2.0,-82.0
1777889698.9943323,2.0,2.0,-80.0
1777889699.0043323,3.0,-1.0,-80.0
1777889699.0143323,3.0,0.0,-78.0
1777889699.0243323,3.0,0.0,-74.0
1777889699.0343325,4.0,1.0,-78.0
1777889699.0443325,7.0,0.0,-82.0
1777889699.0543325,5.0,0.0,-84.0
1777889699.0643325,4.0,2.0,-85.0
1777889699.0743325,3.0,3.0,-82.0
1777889699.0843325,1.0,9.0,-79.0
1777889699.0943325,1.0,4.0,-71.0
1777889699.1043324,3.0,4.0,-69.0
1777889699.1143324,4.0,0.0,-66.0
1777889699.1243324,5.0,0.0,-65.0
1777889699.1343324,2.0,0.0,-68.0
1777889699.1443324,4.0,-1.0,-64.0
1777889699.1543324,1.0,2.0,-65.0
1777889699.1643324,0.0,7.0,-62.0
1777889699.1743324,3.0,4.0,-67.0
1777889699.1843324,3.0,0.0,-69.0
1777889699.1943324,2.0,-3.0,-71.0
1777889699.2043324,0.0,-5.0,-65.0
1777889699.2143323,0.0,-9.0,-72.0
1777889699.2243323,6.0,-7.0,-68.0
1777889699.2343323,3.0,-6.0,-65.0
1777889699.2443323,4.0,-7.0,-70.0
1777889699.2543323,3.0,-7.0,-75.0
1777889699.2643323,4.0,-4.0,-70.0
1777889699.2743323,3.0,-3.0,-72.0
1777889699.2843325,5.0,0.0,-76.0
1777889699.2943325,6.0,0.0,-75.0
1777889699.3043325,7.0,0.0,-77.0
1777889699.3143325,4.0,-2.0,-72.0
1777889699.3243325,0.0,-2.0,-73.0
1777889699.3343325,-2.0,-2.0,-76.0
1777889699.3443325,2.0,-1.0,-73.0
1777889699.3543324,6.0,-3.0,-75.0
1777889699.3643324,4.0,-2.0,-73.0
1777889699.3743324,3.0,-5.0,-77.0
1777889699.3843324,5.0,-5.0,-74.0
1777889699.3943324,0.0,-3.0,-82.0
1777889699.4043324,-1.0,-1.0,-80.0
1777889699.4143324,-3.0,1.0,-79.0
1777889699.4243324,-2.0,1.0,-74.0
1777889699.4343324,-5.0,0.0,-78.0
1777889699.4443324,-5.0,-2.0,-79.0
1777889699.4543324,1.0,-4.0,-77.0
1777889699.4643323,2.0,-6.0,-73.0
1777889699.4743323,0.0,-9.0,-70.0
1777889699.4843323,1.0,-9.0,-70.0
1777889699.4943323,3.0,-9.0,-76.0
1777889699.5043323,0.0,-11.0,-79.0
1777889699.5143323,-1.0,-9.0,-79.0
1777889699.5243323,1.0,-10.0,-78.0
1777889699.5343325,2.0,-6.0,-80.0
1777889699.5443325,4.0,-6.0,-84.0
1777889699.5543325,2.0,-3.0,-74.0
1777889699.5643325,5.0,-1.0,-76.0
1777889699.5743325,7.0,-3.0,-76.0
1777889699.5843325,5.0,-5.0,-79.0
1777889699.5943325,4.0,-6.0,-80.0
1777889699.6043324,1.0,-5.0,-83.0
1777889699.6143324,1.0,-2.0,-80.0
1777889699.6243324,0.0,0.0,-81.0
1777889699.6343324,1.0,-5.0,-81.0
1777889699.6443324,0.0,-3.0,-80.0
1777889699.6543324,0.0,-1.0,-77.0
1777889699.6643324,1.0,0.0,-74.0
1777889699.6743324,0.0,0.0,-68.0
1777889699.6843324,2.0,0.0,-66.0
1777889699.6943324,3.0,0.0,-69.0
1777889699.7043324,0.0,1.0,-79.0
1777889699.7143323,-1.0,3.0,-81.0
1777889699.7243323,0.0,3.0,-79.0
1777889699.7343323,-1.0,0.0,-78.0
1777889699.7443323,-2.0,-2.0,-75.0
1777889699.7543323,-1.0,-4.0,-75.0
1777889699.7643323,-3.0,-2.0,-77.0
1777889699.7743323,-2.0,-2.0,-72.0
1777889699.7843325,-4.0,-2.0,-70.0
1777889699.7943325,-2.0,-1.0,-70.0
1777889699.8043325,-1.0,0.0,-68.0
1777889699.8143325,0.0,1.0,-70.0
1777889699.8243325,0.0,-2.0,-66.0
1777889699.8343325,-2.0,-3.0,-68.0
1777889699.8443325,-3.0,-1.0,-73.0
1777889699.8543324,-2.0,-1.0,-70.0
1777889699.8643324,-3.0,0.0,-81.0
1777889699.8743324,-1.0,0.0,-87.0
1777889699.8843324,2.0,-3.0,-87.0
1777889699.8943324,1.0,1.0,-85.0
1777889699.9043324,2.0,-1.0,-88.0
1777889699.9143324,2.0,-2.0,-89.0
1777889699.9243324,3.0,-2.0,-83.0
1777889699.9343324,5.0,-5.0,-78.0
1777889699.9443324,4.0,-6.0,-78.0
1777889699.9543324,5.0,-7.0,-75.0
1777889699.9643323,1.0,-8.0,-84.0
1777889699.9743323,0.0,-8.0,-86.0
1777889699.9843323,-4.0,-6.0,-82.0
1777889699.9943323,-1.0,-2.0,-79.0
1777889700.0043323,3.0,4.0,-84.0
1777889700.0143323,2.0,4.0,-84.0
1777889700.0243323,1.0,6.0,-78.0
1777889700.0343325,7.0,6.0,-76.0
1777889700.0443325,9.0,3.0,-76.0
1777889700.0543325,7.0,1.0,-78.0
1777889700.0643325,1.0,0.0,-73.0
1777889700.0743325,0.0,-2.0,-77.0
1777889700.0843325,1.0,-6.0,-79.0
1777889700.0943325,-3.0,0.0,-75.0
1777889700.1043324,0.0,2.0,-89.0
1777889700.1143324,4.0,6.0,-88.0
1777889700.1243324,3.0,6.0,-84.0
1777889700.1343324,1.0,9.0,-77.0
1777889700.1443324,5.0,7.0,-78.0
1777889700.1543324,1.0,3.0,-76.0
1777889700.1643324,1.0,2.0,-71.0
1777889700.1743324,7.0,2.0,-75.0
1777889700.1843324,3.0,3.0,-79.0
1777889700.1943324,1.0,2.0,-76.0
1777889700.2043324,0.0,3.0,-69.0
1777889700.2143323,-1.0,-2.0,-71.0
1777889700.2243323,-2.0,-7.0,-72.0
1777889700.2343323,0.0,-7.0,-78.0
1777889700.2443323,0.0,-4.0,-77.0
1777889700.2543323,1.0,-2.0,-81.0
1777889700.2643323,0.0,2.0,-89.0
1777889700.2743323,0.0,5.0,-91.0
1777889700.2843325,-4.0,5.0,-88.0
1777889700.2943325,-2.0,3.0,-81.0
1777889700.3043325,-2.0,1.0,-81.0
1777889700.3143325,-5.0,0.0,-82.0
1777889700.3243325,-8.0,3.0,-74.0
1777889700.3343325,-6.0,0.0,-73.0
1777889700.3443325,-5.0,-1.0,-77.0
1777889700.3543324,-4.0,0.0,-77.0
1777889700.3643324,-3.0,-2.0,-75.0
1777889700.3743324,-3.0,-6.0,-77.0
1777889700.3843324,-4.0,-5.0,-74.0
1777889700.3943324,-3.0,-6.0,-74.0
1777889700.4043324,0.0,-3.0,-79.0
1777889700.4143324,1.0,-1.0,-81.0
1777889700.4243324,3.0,0.0,-81.0
1777889700.4343324,3.0,2.0,-78.0
1777889700.4443324,5.0,0.0,-78.0
1777889700.4543324,11.0,0.0,-74.0
1777889700.4643323,7.0,1.0,-81.0
1777889700.4743323,7.0,0.0,-78.0
1777889700.4843323,2.0,0.0,-77.0
1777889700.4943323,3.0,0.0,-75.0
1777889700.5043323,1.0,-4.0,-75.0
1777889700.5143323,0.0,-6.0,-75.0
1777889700.5243323,1.0,-11.0,-73.0
1777889700.5343325,2.0,-11.0,-75.0
1777889700.5443325,0.0,-5.0,-84.0
1777889700.5543325,0.0,-6.0,-89.0
1777889700.5643325,-1.0,-8.0,-83.0
1777889700.5743325,0.0,-7.0,-80.0
1777889700.5843325,-1.0,-6.0,-75.0
1777889700.5943325,-2.0,-3.0,-72.0
1777889700.6043324,0.0,-4.0,-68.0
1777889700.6143324,-8.0,-3.0,-66.0
1777889700.6243324,-6.0,-10.0,-75.0
1777889700.6343324,-5.0,-9.0,-71.0
1777889700.6443324,-6.0,-10.0,-74.0
1777889700.6543324,-1.0,-10.0,-68.0
1777889700.6643324,2.0,-7.0,-69.0
1777889700.6743324,7.0,-2.0,-72.0
1777889700.6843324,7.0,-2.0,-75.0
1777889700.6943324,6.0,-2.0,-77.0
1777889700.7043324,7.0,0.0,-77.0
1777889700.7143323,7.0,2.0,-72.0
1777889700.7243323,4.0,4.0,-80.0
1777889700.7343323,4.0,3.0,-77.0
1777889700.7443323,1.0,0.0,-77.0
1777889700.7543323,0.0,0.0,-77.0
1777889700.7643323,1.0,0.0,-75.0
1777889700.7743323,-2.0,-5.0,-79.0
1777889700.7843325,-5.0,-2.0,-83.0
1777889700.7943325,-3.0,-3.0,-89.0
1777889700.8043325,-1.0,-2.0,-79.0
1777889700.8143325,4.0,0.0,-78.0
1777889700.8243325,2.0,1.0,-81.0
1777889700.8353324,-1.0,1.0,-81.0
1777889700.8453324,-3.0,0.0,-83.0
1777889700.8553324,-5.0,-2.0,-84.0
1777889700.8653324,-5.0,-2.0,-87.0
1777889700.8753324,-7.0,-3.0,-84.0
1777889700.8853323,-3.0,-4.0,-79.0
1777889700.8943324,1.0,-7.0,-78.0
1777889700.9053323,4.0,-12.0,-80.0
1777889700.9153323,4.0,-14.0,-78.0
1777889700.9253323,1.0,-10.0,-74.0
1777889700.9353323,0.0,-4.0,-77.0
1777889700.9453323,-7.0,-1.0,-82.0
1777889700.9553325,-2.0,-2.0,-75.0
1777889700.9653325,2.0,-4.0,-72.0
1777889700.9753325,2.0,0.0,-71.0
1777889700.9853325,0.0,1.0,-68.0
1777889700.9953325,-3.0,1.0,-67.0
1777889701.0053325,-5.0,3.0,-68.0
1777889701.0153325,-6.0,6.0,-71.0
1777889701.0253325,-3.0,6.0,-72.0
1777889701.0353324,-7.0,5.0,-80.0
1777889701.0453324,-10.0,3.0,-80.0
1777889701.0553324,-7.0,8.0,-74.0
1777889701.0653324,-9.0,4.0,-76.0
1777889701.0753324,-11.0,2.0,-79.0
1777889701.0853324,-8.0,1.0,-79.0
1777889701.0953324,-3.0,3.0,-79.0
1777889701.1053324,-3.0,1.0,-78.0
1777889701.1153324,2.0,2.0,-78.0
1777889701.1253324,0.0,3.0,-77.0
1777889701.1353323,2.0,1.0,-76.0
1777889701.1453323,0.0,0.0,-72.0
1777889701.1553323,-3.0,3.0,-72.0
1777889701.1653323,-3.0,0.0,-72.0
1777889701.1753323,0.0,-2.0,-72.0
1777889701.1853323,0.0,-1.0,-73.0
1777889701.1953323,1.0,-2.0,-69.0
1777889701.2053325,1.0,-3.0,-64.0
1777889701.2153325,1.0,0.0,-67.0
1777889701.2253325,1.0,1.0,-73.0
1777889701.2353325,-2.0,1.0,-73.0
1777889701.2453325,0.0,0.0,-77.0
1777889701.2553325,0.0,3.0,-75.0
1777889701.2653325,-4.0,1.0,-72.0
1777889701.2753325,-2.0,1.0,-70.0
1777889701.2853324,-1.0,2.0,-74.0
1777889701.2953324,0.0,6.0,-77.0
1777889701.3053324,0.0,3.0,-80.0
1777889701.3153324,-1.0,0.0,-82.0
1777889701.3253324,0.0,-1.0,-81.0
1777889701.3353324,-2.0,-2.0,-87.0
1777889701.3453324,-1.0,-1.0,-87.0
1777889701.3553324,2.0,-2.0,-87.0
1777889701.3653324,1.0,-1.0,-86.0
1777889701.3753324,0.0,-6.0,-83.0
1777889701.3853323,3.0,-8.0,-78.0
1777889701.3953323,0.0,-7.0,-78.0
1777889701.4053323,-8.0,-8.0,-74.0
1777889701.4153323,-8.0,-7.0,-78.0
1777889701.4253323,-8.0,-10.0,-76.0
1777889701.4353323,-8.0,-9.0,-73.0
1777889701.4453323,-4.0,-7.0,-74.0
1777889701.4553325,-4.0,-4.0,-78.0
1777889701.4653325,0.0,-6.0,-75.0
1777889701.4753325,0.0,-5.0,-79.0
1777889701.4853325,0.0,-3.0,-81.0
1777889701.4953325,0.0,-4.0,-79.0
1777889701.5053325,-1.0,-3.0,-83.0
1777889701.5153325,-2.0,0.0,-84.0
1777889701.5253325,-2.0,1.0,-78.0
1777889701.5353324,-3.0,0.0,-75.0
1777889701.5453324,-1.0,2.0,-71.0
1777889701.5553324,0.0,0.0,-70.0
1777889701.5653324,2.0,2.0,-70.0
1777889701.5753324,0.0,2.0,-66.0
1777889701.5853324,-1.0,-1.0,-64.0
1777889701.5953324,0.0,-4.0,-61.0
1777889701.6053324,3.0,-6.0,-63.0
1777889701.6153324,1.0,-8.0,-65.0
1777889701.6253324,-2.0,-7.0,-69.0
1777889701.6353323,-7.0,-7.0,-73.0
1777889701.6453323,-7.0,-8.0,-79.0
1777889701.6553323,-6.0,-7.0,-78.0
1777889701.6653323,-2.0,-8.0,-81.0
1777889701.6753323,-3.0,-10.0,-78.0
1777889701.6853323,-3.0,-8.0,-76.0
1777889701.6953323,-1.0,-5.0,-73.0
1777889701.7053325,-2.0,0.0,-72.0
1777889701.7153325,1.0,0.0,-76.0
1777889701.7253325,0.0,-2.0,-75.0
1777889701.7353325,-3.0,-3.0,-74.0
1777889701.7453325,4.0,0.0,-69.0
1777889701.7553325,8.0,-3.0,-68.0
1777889701.7653325,4.0,-2.0,-66.0
1777889701.7753325,4.0,-1.0,-63.0
1777889701.7853324,3.0,-2.0,-72.0
1777889701.7953324,5.0,-4.0,-68.0
1777889701.8053324,2.0,-6.0,-69.0
1777889701.8153324,1.0,-7.0,-63.0
1777889701.8253324,0.0,-6.0,-73.0
1777889701.8353324,-1.0,-2.0,-77.0
1777889701.8453324,0.0,-2.0,-81.0
1777889701.8553324,0.0,2.0,-77.0
1777889701.8653324,5.0,3.0,-74.0
1777889701.8753324,6.0,3.0,-76.0
1777889701.8853323,9.0,4.0,-80.0
1777889701.8953323,7.0,7.0,-81.0
1777889701.9053323,3.0,7.0,-80.0
1777889701.9153323,2.0,6.0,-82.0
1777889701.9253323,1.0,5.0,-76.0
1777889701.9353323,1.0,8.0,-71.0
1777889701.9453323,-2.0,5.0,-70.0
1777889701.9553325,-7.0,-1.0,-72.0
1777889701.9653325,-5.0,-4.0,-70.0
1777889701.9753325,-5.0,-2.0,-63.0
1777889701.9853325,-4.0,-3.0,-69.0
1777889701.9953325,1.0,-3.0,-68.0
1777889702.0053325,2.0,-1.0,-66.0
1777889702.0153325,3.0,2.0,-69.0
1777889702.0253325,8.0,-4.0,-80.0
1777889702.0353324,8.0,-5.0,-77.0
1777889702.0453324,6.0,-3.0,-81.0
1777889702.0553324,8.0,0.0,-77.0
1777889702.0653324,9.0,1.0,-66.0
1777889702.0753324,9.0,0.0,-75.0
1777889702.0853324,11.0,2.0,-70.0
1777889702.0953324,10.0,-3.0,-65.0
1777889702.1053324,6.0,-7.0,-65.0
1777889702.1153324,6.0,-7.0,-68.0
1777889702.1253324,5.0,-7.0,-67.0
1777889702.1353323,6.0,-4.0,-69.0
1777889702.1453323,5.0,0.0,-68.0
1777889702.1553323,2.0,2.0,-68.0
1777889702.1653323,0.0,1.0,-67.0
1777889702.1753323,3.0,-2.0,-72.0
1777889702.1853323,3.0,-4.0,-73.0
1777889702.1953323,0.0,-6.0,-74.0
1777889702.2053325,-1.0,-5.0,-76.0
1777889702.2153325,0.0,-5.0,-83.0
1777889702.2253325,0.0,-3.0,-83.0
1777889702.2353325,0.0,-5.0,-79.0
1777889702.2453325,-4.0,-5.0,-81.0
1777889702.2553325,-3.0,-5.0,-79.0
1777889702.2653325,0.0,-2.0,-76.0
1777889702.2753325,4.0,-2.0,-75.0
1777889702.2853324,8.0,-1.0,-75.0
1777889702.2953324,12.0,3.0,-76.0
1777889702.3053324,7.0,-2.0,-74.0
1777889702.3153324,7.0,-3.0,-77.0
1777889702.3253324,3.0,-3.0,-68.0
1777889702.3353324,5.0,-1.0,-66.0
1777889702.3453324,2.0,-2.0,-75.0
1777889702.3553324,1.0,-1.0,-66.0
1777889702.3653324,-2.0,4.0,-68.0
1777889702.3753324,-3.0,3.0,-66.0
1777889702.3853323,-3.0,2.0,-65.0
1777889702.3953323,-1.0,2.0,-69.0
1777889702.4053323,-6.0,2.0,-64.0
1777889702.4153323,-6.0,0.0,-64.0
1777889702.4253323,-5.0,1.0,-64.0
1777889702.4353323,-3.0,0.0,-66.0
1777889702.4453323,-1.0,-3.0,-63.0
1777889702.4553325,-4.0,-4.0,-68.0
1777889702.4653325,-3.0,-5.0,-71.0
1777889702.4753325,-3.0,-4.0,-79.0
1777889702.4853325,-4.0,-2.0,-74.0
1777889702.4953325,-5.0,-2.0,-70.0
1777889702.5053325,-5.0,-1.0,-67.0
1777889702.5153325,0.0,-4.0,-75.0
1777889702.5253325,0.0,-6.0,-78.0
1777889702.5353324,0.0,-6.0,-80.0
1777889702.5453324,0.0,-7.0,-77.0
1777889702.5553324,0.0,-3.0,-78.0
1777889702.5653324,-2.0,-2.0,-85.0
1777889702.5753324,1.0,-1.0,-78.0
1777889702.5853324,0.0,-2.0,-79.0
1777889702.5953324,2.0,3.0,-72.0
1777889702.6053324,3.0,4.0,-73.0
1777889702.6153324,0.0,-1.0,-73.0
1777889702.6253324,3.0,-5.0,-77.0
1777889702.6353323,5.0,0.0,-76.0
1777889702.6453323,1.0,1.0,-79.0
1777889702.6553323,1.0,1.0,-75.0
1777889702.6653323,0.0,0.0,-71.0
1777889702.6753323,-1.0,0.0,-69.0
1777889702.6853323,-6.0,-1.0,-71.0
1777889702.6953323,-6.0,-5.0,-80.0
1777889702.7053325,-4.0,0.0,-76.0
1777889702.7153325,-2.0,2.0,-74.0
1777889702.7253325,-4.0,4.0,-71.0
1777889702.7353325,-4.0,0.0,-71.0
1777889702.7453325,-4.0,0.0,-78.0
1777889702.7553325,0.0,0.0,-76.0
1777889702.7653325,-1.0,0.0,-73.0
1777889702.7753325,0.0,0.0,-79.0
1777889702.7853324,2.0,1.0,-80.0
1777889702.7963324,0.0,1.0,-78.0
1777889702.8053324,0.0,-3.0,-78.0
1777889702.8163323,0.0,-4.0,-78.0
1777889702.8263323,-2.0,1.0,-79.0
1777889702.8363323,-6.0,1.0,-78.0
1777889702.8463323,-8.0,0.0,-72.0
1777889702.8563323,-4.0,3.0,-76.0
1777889702.8663323,-7.0,6.0,-76.0
1777889702.8763323,-5.0,3.0,-78.0
1777889702.8863325,-5.0,4.0,-83.0
1777889702.8963325,-4.0,2.0,-83.0
1777889702.9063325,-5.0,6.0,-80.0
1777889702.9163325,-5.0,8.0,-82.0
1777889702.9263325,-6.0,6.0,-77.0
1777889702.9363325,-6.0,4.0,-83.0
1777889702.9463325,-8.0,5.0,-82.0
1777889702.9563324,-8.0,7.0,-74.0
1777889702.9663324,-8.0,5.0,-73.0
1777889702.9763324,-8.0,5.0,-77.0
1777889702.9863324,-8.0,4.0,-76.0
1777889702.9963324,-4.0,0.0,-74.0
1777889703.0063324,-7.0,-1.0,-75.0
1777889703.0163324,-8.0,-2.0,-69.0
1777889703.0273323,-3.0,-2.0,-67.0
1777889703.0363324,-4.0,0.0,-66.0
1777889703.0463324,-4.0,-1.0,-74.0
1777889703.0563323,-1.0,-4.0,-71.0
1777889703.0663323,-3.0,0.0,-69.0
1777889703.0763323,0.0,-2.0,-65.0
1777889703.0863323,4.0,-6.0,-66.0
1777889703.0963323,5.0,-5.0,-69.0
1777889703.1063323,1.0,-1.0,-73.0
1777889703.1163323,1.0,-2.0,-72.0
1777889703.1263323,0.0,-4.0,-72.0
1777889703.1363325,2.0,-5.0,-74.0
1777889703.1463325,0.0,-4.0,-81.0
1777889703.1563325,-1.0,-1.0,-82.0
1777889703.1663325,-2.0,5.0,-78.0
1777889703.1763325,3.0,6.0,-75.0
1777889703.1863325,5.0,6.0,-79.0
1777889703.1963325,3.0,9.0,-79.0
1777889703.2063324,8.0,9.0,-82.0
1777889703.2163324,4.0,9.0,-78.0
1777889703.2263324,7.0,12.0,-74.0
1777889703.2363324,6.0,5.0,-71.0
1777889703.2463324,5.0,4.0,-74.0
1777889703.2563324,1.0,3.0,-73.0
1777889703.2663324,2.0,0.0,-69.0
1777889703.2763324,0.0,0.0,-67.0
1777889703.2863324,6.0,0.0,-70.0
1777889703.2963324,4.0,0.0,-68.0
1777889703.3063323,0.0,0.0,-74.0
1777889703.3163323,0.0,2.0,-74.0
1777889703.3263323,-5.0,0.0,-76.0
1777889703.3363323,-3.0,-2.0,-70.0
1777889703.3463323,-4.0,-5.0,-73.0
1777889703.3563323,-4.0,-3.0,-76.0
1777889703.3663323,-2.0,0.0,-78.0
1777889703.3763323,3.0,6.0,-92.0
1777889703.3863325,1.0,8.0,-90.0
1777889703.3963325,-2.0,6.0,-90.0
1777889703.4063325,-2.0,5.0,-84.0
1777889703.4163325,1.0,5.0,-84.0
1777889703.4263325,0.0,4.0,-80.0
1777889703.4363325,2.0,-2.0,-78.0
1777889703.4463325,-1.0,-2.0,-76.0
1777889703.4563324,0.0,-1.0,-77.0
1777889703.4663324,4.0,0.0,-72.0
1777889703.4763324,-1.0,-2.0,-72.0
1777889703.4863324,-2.0,-3.0,-72.0
1777889703.4963324,-1.0,-4.0,-68.0
1777889703.5063324,-5.0,-2.0,-60.0
1777889703.5163324,-4.0,2.0,-58.0
1777889703.5263324,-2.0,0.0,-64.0
1777889703.5363324,-2.0,0.0,-63.0
1777889703.5463324,1.0,-2.0,-63.0
1777889703.5563323,4.0,-7.0,-60.0
1777889703.5663323,3.0,-6.0,-59.0
1777889703.5763323,5.0,-9.0,-56.0
1777889703.5863323,2.0,-9.0,-59.0
1777889703.5963323,3.0,-9.0,-58.0
1777889703.6063323,3.0,-5.0,-65.0
1777889703.6163323,3.0,-2.0,-65.0
1777889703.6263323,1.0,-1.0,-72.0
1777889703.6363325,4.0,0.0,-72.0
1777889703.6463325,-4.0,3.0,-71.0
1777889703.6563325,-8.0,2.0,-67.0
1777889703.6663325,-10.0,-2.0,-68.0
1777889703.6763325,-4.0,-6.0,-71.0
1777889703.6863325,-1.0,-4.0,-75.0
1777889703.6963325,2.0,-2.0,-72.0
1777889703.7063324,0.0,-3.0,-72.0
1777889703.7163324,-2.0,-1.0,-63.0
1777889703.7263324,-3.0,0.0,-66.0
1777889703.7363324,0.0,-1.0,-71.0
1777889703.7463324,0.0,-1.0,-75.0
1777889703.7563324,4.0,3.0,-77.0
1777889703.7663324,9.0,7.0,-72.0
1777889703.7763324,7.0,4.0,-79.0
1777889703.7863324,4.0,2.0,-78.0
1777889703.7963324,5.0,3.0,-75.0
1777889703.8063323,3.0,2.0,-71.0
1777889703.8163323,7.0,0.0,-75.0
1777889703.8263323,9.0,-2.0,-78.0
1777889703.8363323,14.0,-3.0,-72.0
1777889703.8463323,14.0,-5.0,-72.0
1777889703.8563323,13.0,-10.0,-77.0
1777889703.8663323,6.0,-12.0,-73.0
1777889703.8763323,4.0,-10.0,-75.0
1777889703.8863325,8.0,-9.0,-76.0
1777889703.8963325,11.0,-4.0,-75.0
1777889703.9063325,8.0,-2.0,-78.0
1777889703.9163325,8.0,-4.0,-75.0
1777889703.9263325,5.0,-3.0,-79.0
1777889703.9363325,0.0,-2.0,-81.0
1777889703.9463325,-3.0,0.0,-82.0
1777889703.9563324,0.0,0.0,-77.0
1777889703.9663324,-3.0,-1.0,-79.0
1777889703.9763324,-3.0,-4.0,-79.0
1777889703.9863324,0.0,-5.0,-71.0
1777889703.9963324,0.0,-7.0,-65.0
1777889704.0063324,-3.0,-11.0,-64.0
1777889704.0163324,1.0,-5.0,-71.0
1777889704.0263324,5.0,-4.0,-70.0
1777889704.0363324,6.0,-2.0,-69.0
1777889704.0463324,6.0,0.0,-80.0
1777889704.0563323,2.0,-4.0,-81.0
1777889704.0663323,1.0,-4.0,-75.0
1777889704.0763323,2.0,-1.0,-70.0
1777889704.0863323,1.0,-5.0,-73.0
1777889704.0963323,2.0,-8.0,-67.0
1777889704.1063323,7.0,-10.0,-72.0
1777889704.1163323,3.0,-11.0,-78.0
1777889704.1263323,1.0,-7.0,-82.0
1777889704.1363325,5.0,-4.0,-81.0
1777889704.1463325,8.0,-5.0,-73.0
1777889704.1563325,8.0,-8.0,-78.0
1777889704.1663325,7.0,-6.0,-72.0
1777889704.1763325,4.0,-4.0,-74.0
1777889704.1863325,1.0,-4.0,-72.0
1777889704.1963325,0.0,2.0,-76.0
1777889704.2063324,0.0,4.0,-74.0
1777889704.2163324,0.0,6.0,-72.0
1777889704.2263324,0.0,6.0,-75.0
1777889704.2363324,-2.0,6.0,-70.0
1777889704.2463324,-5.0,5.0,-75.0
1777889704.2563324,-3.0,1.0,-73.0
1777889704.2663324,-4.0,0.0,-74.0
1777889704.2763324,-3.0,-1.0,-72.0
1777889704.2863324,-4.0,0.0,-73.0
1777889704.2963324,-1.0,-2.0,-74.0
1777889704.3063323,0.0,-6.0,-81.0
1777889704.3163323,0.0,-5.0,-83.0
1777889704.3263323,-2.0,-7.0,-77.0
1777889704.3363323,-4.0,-7.0,-76.0
1777889704.3463323,-5.0,-3.0,-73.0
1777889704.3563323,-4.0,-4.0,-72.0
1777889704.3663323,-1.0,-1.0,-67.0
1777889704.3763323,-3.0,-1.0,-68.0
1777889704.3863325,-8.0,-3.0,-69.0
1777889704.3963325,-6.0,0.0,-74.0
1777889704.4063325,-9.0,2.0,-73.0
1777889704.4163325,-4.0,1.0,-75.0
1777889704.4263325,-5.0,3.0,-74.0
1777889704.4363325,-3.0,3.0,-66.0
1777889704.4463325,-5.0,0.0,-72.0
1777889704.4563324,-5.0,1.0,-72.0
1777889704.4663324,-5.0,0.0,-76.0
1777889704.4763324,-5.0,-5.0,-71.0
1777889704.4863324,-2.0,-5.0,-64.0
1777889704.4963324,-2.0,-7.0,-61.0
1777889704.5063324,-3.0,-2.0,-64.0
1777889704.5163324,-5.0,0.0,-70.0
1777889704.5263324,-4.0,0.0,-70.0
1777889704.5363324,-6.0,0.0,-67.0
1777889704.5463324,-3.0,-2.0,-69.0
1777889704.5563323,-2.0,-3.0,-71.0
1777889704.5663323,1.0,-5.0,-73.0
1777889704.5763323,0.0,-6.0,-72.0
1777889704.5863323,3.0,-5.0,-73.0
1777889704.5963323,2.0,-5.0,-71.0
1777889704.6063323,7.0,0.0,-72.0
1777889704.6163323,3.0,-1.0,-68.0
1777889704.6263323,1.0,-1.0,-68.0
1777889704.6363325,0.0,-1.0,-64.0
1777889704.6463325,0.0,0.0,-68.0
1777889704.6563325,-1.0,3.0,-65.0
1777889704.6663325,-3.0,2.0,-66.0
1777889704.6763325,-7.0,0.0,-64.0
1777889704.6863325,-9.0,0.0,-59.0
1777889704.6963325,-12.0,0.0,-61.0
1777889704.7063324,-8.0,0.0,-65.0
1777889704.7163324,-8.0,1.0,-66.0
1777889704.7263324,0.0,2.0,-69.0
1777889704.7363324,2.0,0.0,-69.0
1777889704.7463324,2.0,-1.0,-74.0
1777889704.7563324,0.0,1.0,-74.0
1777889704.7663324,-4.0,2.0,-68.0
1777889704.7763324,-5.0,4.0,-67.0
1777889704.7863324,-6.0,4.0,-66.0
1777889704.7973323,-2.0,4.0,-66.0
1777889704.8073325,0.0,5.0,-71.0
1777889704.8173325,1.0,6.0,-75.0
1777889704.8273325,2.0,4.0,-72.0
1777889704.8373325,0.0,3.0,-77.0
1777889704.8473325,-3.0,5.0,-75.0
1777889704.8573325,-2.0,6.0,-77.0
1777889704.8673325,-2.0,5.0,-78.0
1777889704.8773324,-2.0,6.0,-74.0
1777889704.8873324,-3.0,9.0,-70.0
1777889704.8963325,0.0,10.0,-66.0
1777889704.9073324,0.0,13.0,-72.0
1777889704.9173324,0.0,10.0,-72.0
1777889704.9273324,0.0,3.0,-75.0
1777889704.9373324,3.0,0.0,-77.0
1777889704.9473324,-2.0,0.0,-73.0
1777889704.9573324,-9.0,-3.0,-73.0
1777889704.9673324,-9.0,-6.0,-75.0
1777889704.9773324,-9.0,-8.0,-68.0
1777889704.9873323,-3.0,-8.0,-62.0
1777889704.9973323,-2.0,-3.0,-61.0
1777889705.0073323,2.0,-1.0,-65.0
1777889705.0173323,1.0,0.0,-62.0
1777889705.0273323,1.0,0.0,-64.0
1777889705.0373323,1.0,0.0,-67.0
1777889705.0473323,4.0,-1.0,-65.0
1777889705.0573325,4.0,-1.0,-66.0
1777889705.0673325,3.0,-2.0,-63.0
1777889705.0773325,0.0,-1.0,-62.0
1777889705.0873325,2.0,0.0,-65.0
1777889705.0973325,6.0,1.0,-71.0
1777889705.1073325,9.0,1.0,-73.0
1777889705.1173325,8.0,0.0,-69.0
1777889705.1273324,7.0,0.0,-66.0
1777889705.1373324,9.0,4.0,-70.0
1777889705.1473324,8.0,4.0,-66.0
1777889705.1573324,6.0,-1.0,-71.0
1777889705.1673324,3.0,-2.0,-71.0
1777889705.1773324,0.0,-4.0,-77.0
1777889705.1873324,0.0,-1.0,-81.0
1777889705.1973324,-2.0,-1.0,-78.0
1777889705.2073324,2.0,0.0,-69.0
1777889705.2173324,0.0,2.0,-70.0
1777889705.2273324,1.0,2.0,-66.0
1777889705.2373323,-1.0,2.0,-67.0
1777889705.2473323,0.0,3.0,-65.0
1777889705.2573323,0.0,3.0,-62.0
1777889705.2673323,4.0,2.0,-58.0
1777889705.2773323,3.0,1.0,-57.0
1777889705.2873323,0.0,0.0,-63.0
1777889705.2973323,0.0,1.0,-61.0
1777889705.3073325,-5.0,-2.0,-63.0
1777889705.3173325,-5.0,-1.0,-61.0
1777889705.3273325,-2.0,-1.0,-66.0
1777889705.3373325,-1.0,-2.0,-67.0
1777889705.3473325,0.0,-3.0,-70.0
1777889705.3573325,2.0,-6.0,-70.0
1777889705.3673325,2.0,-5.0,-74.0
1777889705.3773324,1.0,-8.0,-77.0
1777889705.3873324,0.0,-7.0,-74.0
1777889705.3973324,-4.0,-9.0,-76.0
1777889705.4073324,0.0,-6.0,-73.0
1777889705.4173324,0.0,-2.0,-76.0
1777889705.4273324,0.0,-6.0,-77.0
1777889705.4373324,0.0,-7.0,-82.0
1777889705.4473324,0.0,-4.0,-88.0
1777889705.4573324,-1.0,-1.0,-88.0
1777889705.4673324,-1.0,-2.0,-83.0
1777889705.4773324,-1.0,0.0,-76.0
1777889705.4873323,0.0,2.0,-78.0
1777889705.4973323,0.0,0.0,-78.0
1777889705.5073323,5.0,-2.0,-74.0
1777889705.5173323,5.0,1.0,-72.0
1777889705.5273323,5.0,0.0,-75.0
1777889705.5373323,0.0,0.0,-80.0
1777889705.5473323,-2.0,-3.0,-79.0
1777889705.5573325,-4.0,-2.0,-75.0
1777889705.5673325,-3.0,-2.0,-76.0
1777889705.5773325,-4.0,-7.0,-69.0
1777889705.5873325,-2.0,-4.0,-64.0
1777889705.5973325,-1.0,-2.0,-61.0
1777889705.6073325,2.0,0.0,-67.0
1777889705.6173325,7.0,-2.0,-68.0
1777889705.6273324,4.0,-2.0,-73.0
1777889705.6373324,6.0,-1.0,-74.0
1777889705.6473324,1.0,-1.0,-82.0
1777889705.6573324,-3.0,-1.0,-79.0
1777889705.6673324,-3.0,0.0,-76.0
1777889705.6773324,-5.0,-1.0,-75.0
1777889705.6873324,0.0,-1.0,-81.0
1777889705.6973324,1.0,-1.0,-83.0
1777889705.7073324,2.0,-2.0,-84.0
1777889705.7173324,3.0,-2.0,-82.0
1777889705.7273324,2.0,-1.0,-76.0
1777889705.7373323,0.0,-2.0,-70.0
1777889705.7473323,0.0,0.0,-73.0
1777889705.7573323,0.0,-2.0,-83.0
1777889705.7673323,0.0,0.0,-78.0
1777889705.7773323,1.0,-5.0,-75.0
1777889705.7873323,2.0,-8.0,-80.0
1777889705.7973323,-4.0,-10.0,-79.0
1777889705.8073325,-8.0,-10.0,-75.0
1777889705.8173325,-8.0,-8.0,-74.0
1777889705.8273325,-6.0,-6.0,-74.0
1777889705.8373325,-3.0,-7.0,-79.0
1777889705.8473325,-1.0,-3.0,-80.0
1777889705.8573325,-6.0,-2.0,-74.0
1777889705.8673325,-7.0,-5.0,-66.0
1777889705.8773324,-6.0,-1.0,-69.0
1777889705.8873324,-4.0,0.0,-68.0
1777889705.8973324,-3.0,-3.0,-71.0
1777889705.9073324,2.0,-7.0,-64.0
1777889705.9173324,2.0,-6.0,-66.0
1777889705.9273324,1.0,-8.0,-60.0
1777889705.9373324,3.0,-11.0,-61.0
1777889705.9473324,6.0,-6.0,-65.0
1777889705.9573324,7.0,-6.0,-66.0
1777889705.9673324,5.0,-1.0,-64.0
1777889705.9773324,1.0,-1.0,-70.0
1777889705.9873323,0.0,-3.0,-74.0
1777889705.9973323,3.0,-2.0,-70.0
1777889706.0073323,0.0,-3.0,-70.0
1777889706.0173323,-5.0,0.0,-65.0
1777889706.0273323,-3.0,-2.0,-59.0
1777889706.0373323,0.0,-2.0,-74.0
1777889706.0473323,-2.0,-4.0,-74.0
1777889706.0573325,-2.0,-4.0,-76.0
1777889706.0673325,-1.0,-5.0,-67.0
1777889706.0773325,-3.0,-5.0,-67.0
1777889706.0873325,-2.0,-2.0,-75.0
1777889706.0973325,0.0,-2.0,-73.0
1777889706.1073325,-2.0,-2.0,-78.0
1777889706.1173325,-5.0,-2.0,-78.0
1777889706.1273324,-5.0,-1.0,-82.0
1777889706.1373324,-4.0,-3.0,-81.0
1777889706.1473324,-2.0,-2.0,-83.0
1777889706.1573324,0.0,-2.0,-83.0
1777889706.1673324,0.0,-3.0,-80.0
1777889706.1773324,0.0,-2.0,-79.0
1777889706.1873324,0.0,-2.0,-77.0
1777889706.1973324,0.0,0.0,-71.0
1777889706.2073324,1.0,-2.0,-72.0
1777889706.2173324,1.0,-8.0,-76.0
1777889706.2273324,0.0,-8.0,-78.0
1777889706.2373323,3.0,-1.0,-69.0
1777889706.2473323,3.0,0.0,-66.0
1777889706.2573323,1.0,-2.0,-71.0
1777889706.2673323,-5.0,-3.0,-68.0
1777889706.2773323,-5.0,0.0,-66.0
1777889706.2873323,0.0,-1.0,-65.0
1777889706.2973323,5.0,0.0,-77.0
1777889706.3073325,7.0,-2.0,-85.0
1777889706.3173325,1.0,-4.0,-83.0
1777889706.3273325,4.0,-3.0,-78.0
1777889706.3373325,5.0,-4.0,-74.0
1777889706.3473325,4.0,-5.0,-84.0
1777889706.3573325,3.0,-3.0,-80.0
1777889706.3673325,5.0,0.0,-91.0
1777889706.3773324,6.0,0.0,-91.0
1777889706.3873324,6.0,0.0,-91.0
1777889706.3973324,5.0,0.0,-91.0
1777889706.4073324,1.0,-1.0,-91.0
1777889706.4173324,1.0,0.0,-82.0
1777889706.4273324,-1.0,0.0,-82.0
1777889706.4373324,-1.0,-1.0,-79.0
1777889706.4473324,-2.0,-2.0,-77.0
1777889706.4573324,-6.0,-4.0,-76.0
1777889706.4673324,-1.0,-3.0,-76.0
1777889706.4773324,-4.0,-6.0,-77.0
1777889706.4873323,-3.0,-8.0,-83.0
1777889706.4973323,-3.0,-6.0,-86.0
1777889706.5073323,0.0,-3.0,-84.0
1777889706.5173323,2.0,0.0,-83.0
1777889706.5273323,0.0,0.0,-80.0
1777889706.5373323,-5.0,0.0,-87.0
1777889706.5473323,-6.0,5.0,-86.0
1777889706.5573325,-7.0,5.0,-86.0
1777889706.5673325,-1.0,1.0,-86.0
1777889706.5773325,-1.0,1.0,-86.0
1777889706.5873325,3.0,5.0,-87.0
1777889706.5973325,4.0,4.0,-88.0
1777889706.6073325,5.0,3.0,-77.0
1777889706.6173325,1.0,-1.0,-75.0
1777889706.6273324,2.0,0.0,-80.0
1777889706.6373324,6.0,0.0,-83.0
1777889706.6473324,7.0,-2.0,-87.0
1777889706.6573324,4.0,-3.0,-82.0
1777889706.6673324,4.0,-5.0,-81.0
1777889706.6773324,5.0,-1.0,-75.0
1777889706.6873324,3.0,0.0,-76.0
1777889706.6973324,3.0,6.0,-73.0
1777889706.7073324,1.0,2.0,-76.0
1777889706.7173324,2.0,-1.0,-70.0
1777889706.7273324,4.0,-1.0,-64.0
1777889706.7373323,6.0,0.0,-64.0
1777889706.7473323,7.0,-1.0,-68.0
1777889706.7573323,1.0,0.0,-70.0
1777889706.7683325,-3.0,1.0,-68.0
1777889706.7783325,-4.0,3.0,-70.0
1777889706.7883325,0.0,4.0,-74.0
1777889706.7983325,-1.0,4.0,-78.0
1777889706.8083324,-1.0,6.0,-81.0
1777889706.8183324,-3.0,7.0,-83.0
1777889706.8283324,0.0,7.0,-80.0
1777889706.8383324,1.0,8.0,-74.0
1777889706.8483324,0.0,6.0,-79.0
1777889706.8583324,0.0,2.0,-78.0
1777889706.8683324,-1.0,2.0,-85.0
1777889706.8783324,2.0,0.0,-88.0
1777889706.8883324,-3.0,0.0,-79.0
1777889706.8983324,-4.0,0.0,-72.0
1777889706.9083323,1.0,-5.0,-69.0
1777889706.9183323,6.0,-6.0,-71.0
1777889706.9283323,11.0,-2.0,-66.0
1777889706.9383323,10.0,-4.0,-67.0
1777889706.9483323,6.0,-3.0,-74.0
1777889706.9583323,4.0,-1.0,-75.0
1777889706.9683323,4.0,-7.0,-73.0
1777889706.9783323,2.0,-5.0,-71.0
1777889706.9883325,4.0,-3.0,-72.0
1777889706.9983325,3.0,0.0,-69.0
1777889707.0083325,4.0,0.0,-67.0
1777889707.0183325,5.0,-3.0,-66.0
1777889707.0283325,0.0,0.0,-64.0
1777889707.0383325,0.0,-1.0,-56.0
1777889707.0483325,-4.0,1.0,-61.0
1777889707.0583324,-3.0,3.0,-67.0
1777889707.0683324,-3.0,6.0,-71.0
1777889707.0783324,-2.0,8.0,-74.0
1777889707.0883324,-3.0,7.0,-77.0
1777889707.0983324,-4.0,0.0,-74.0
1777889707.1083324,-2.0,-2.0,-77.0
1777889707.1183324,-1.0,-6.0,-81.0
1777889707.1283324,-3.0,-6.0,-76.0
1777889707.1383324,-1.0,-1.0,-75.0
1777889707.1483324,0.0,-1.0,-77.0
1777889707.1583323,3.0,-1.0,-70.0
1777889707.1683323,4.0,-1.0,-74.0
1777889707.1783323,2.0,-2.0,-80.0
1777889707.1883323,3.0,-2.0,-80.0
1777889707.1983323,1.0,-3.0,-81.0
1777889707.2083323,1.0,-3.0,-87.0
1777889707.2183323,4.0,-5.0,-81.0
1777889707.2283323,6.0,-4.0,-76.0
1777889707.2383325,7.0,0.0,-71.0
1777889707.2483325,10.0,-2.0,-71.0
1777889707.2583325,5.0,1.0,-70.0
1777889707.2683325,5.0,0.0,-69.0
1777889707.2783325,2.0,0.0,-70.0
1777889707.2883325,2.0,2.0,-66.0
1777889707.2983325,2.0,0.0,-69.0
1777889707.3083324,-1.0,-4.0,-74.0
1777889707.3183324,-7.0,-7.0,-72.0
1777889707.3283324,-8.0,-1.0,-65.0
1777889707.3383324,-5.0,0.0,-70.0
1777889707.3483324,-3.0,-1.0,-71.0
1777889707.3583324,-4.0,1.0,-76.0
1777889707.3683324,-3.0,0.0,-72.0
1777889707.3783324,4.0,-3.0,-70.0
1777889707.3883324,4.0,0.0,-73.0
1777889707.3983324,0.0,3.0,-73.0
1777889707.4083323,0.0,2.0,-74.0
1777889707.4183323,-1.0,4.0,-80.0
1777889707.4283323,0.0,2.0,-79.0
1777889707.4383323,0.0,0.0,-86.0
1777889707.4483323,2.0,0.0,-89.0
1777889707.4583323,2.0,1.0,-84.0
1777889707.4683323,0.0,2.0,-87.0
1777889707.4783323,0.0,1.0,-81.0
1777889707.4883325,1.0,0.0,-84.0
1777889707.4983325,4.0,-1.0,-76.0
1777889707.5083325,0.0,1.0,-74.0
1777889707.5183325,0.0,4.0,-81.0
1777889707.5283325,0.0,4.0,-86.0
1777889707.5383325,-2.0,3.0,-86.0
1777889707.5483325,0.0,2.0,-87.0
1777889707.5583324,0.0,3.0,-93.0
1777889707.5683324,2.0,4.0,-96.0
1777889707.5783324,3.0,2.0,-91.0
1777889707.5883324,2.0,0.0,-86.0
1777889707.5983324,1.0,0.0,-83.0
1777889707.6083324,2.0,6.0,-80.0
1777889707.6183324,2.0,4.0,-70.0
1777889707.6283324,2.0,6.0,-71.0
1777889707.6383324,3.0,2.0,-66.0
1777889707.6483324,4.0,0.0,-67.0
1777889707.6583323,6.0,-3.0,-66.0
1777889707.6683323,8.0,-8.0,-70.0
1777889707.6783323,5.0,-4.0,-71.0
1777889707.6883323,5.0,-3.0,-74.0
1777889707.6983323,7.0,-5.0,-74.0
1777889707.7083323,5.0,-6.0,-64.0
1777889707.7183323,3.0,-9.0,-60.0
1777889707.7283323,4.0,-6.0,-65.0
1777889707.7383325,8.0,-3.0,-64.0
1777889707.7483325,12.0,-4.0,-72.0
1777889707.7583325,11.0,-3.0,-76.0
1777889707.7683325,9.0,-1.0,-76.0
1777889707.7783325,7.0,0.0,-72.0
1777889707.7883325,10.0,1.0,-76.0
1777889707.7983325,7.0,3.0,-75.0
1777889707.8083324,5.0,7.0,-76.0
1777889707.8183324,7.0,4.0,-77.0
1777889707.8283324,7.0,9.0,-76.0
1777889707.8383324,6.0,4.0,-78.0
1777889707.8483324,6.0,5.0,-88.0
1777889707.8583324,5.0,4.0,-87.0
1777889707.8683324,0.0,4.0,-93.0
1777889707.8783324,0.0,3.0,-85.0
1777889707.8883324,0.0,4.0,-81.0
1777889707.8983324,0.0,8.0,-81.0
1777889707.9083323,3.0,6.0,-79.0
1777889707.9183323,1.0,6.0,-76.0
1777889707.9283323,0.0,5.0,-72.0
1777889707.9383323,1.0,7.0,-63.0
1777889707.9483323,-1.0,8.0,-66.0
1777889707.9583323,0.0,5.0,-64.0
1777889707.9683323,6.0,7.0,-68.0
1777889707.9783323,8.0,1.0,-70.0
1777889707.9883325,5.0,-2.0,-70.0
1777889707.9983325,0.0,-6.0,-77.0
1777889708.0083325,2.0,-2.0,-76.0
1777889708.0183325,3.0,-3.0,-79.0
1777889708.0283325,4.0,0.0,-76.0
1777889708.0383325,5.0,-1.0,-73.0
1777889708.0483325,6.0,-1.0,-67.0
1777889708.0583324,1.0,-1.0,-65.0
1777889708.0683324,5.0,-4.0,-65.0
1777889708.0783324,4.0,-7.0,-69.0
1777889708.0883324,0.0,-6.0,-70.0
1777889708.0983324,0.0,-3.0,-74.0
1777889708.1083324,0.0,-4.0,-75.0
1777889708.1183324,-6.0,-3.0,-70.0
1777889708.1283324,-6.0,-3.0,-64.0
1777889708.1383324,-6.0,-1.0,-60.0
1777889708.1483324,-4.0,-4.0,-70.0
1777889708.1583323,-1.0,-2.0,-73.0
1777889708.1683323,1.0,-2.0,-64.0
1777889708.1783323,2.0,-3.0,-69.0
1777889708.1883323,3.0,-6.0,-77.0
1777889708.1983323,4.0,-3.0,-82.0
1777889708.2083323,5.0,1.0,-79.0
1777889708.2183323,3.0,1.0,-80.0
1777889708.2283323,4.0,1.0,-84.0
1777889708.2383325,6.0,2.0,-82.0
1777889708.2483325,5.0,1.0,-80.0
1777889708.2583325,-1.0,0.0,-79.0
1777889708.2683325,0.0,0.0,-83.0
1777889708.2783325,-1.0,-2.0,-84.0
1777889708.2883325,2.0,0.0,-87.0
1777889708.2983325,0.0,0.0,-86.0
1777889708.3083324,2.0,-4.0,-85.0
1777889708.3183324,-6.0,-5.0,-83.0
1777889708.3283324,-2.0,-7.0,-82.0
1777889708.3383324,-2.0,-6.0,-81.0
1777889708.3483324,-4.0,-2.0,-74.0
1777889708.3583324,-5.0,-2.0,-66.0
1777889708.3683324,-5.0,0.0,-66.0
1777889708.3783324,-2.0,3.0,-70.0
1777889708.3883324,-5.0,4.0,-71.0
1777889708.3983324,-5.0,8.0,-73.0
1777889708.4083323,-3.0,8.0,-81.0
1777889708.4183323,-1.0,9.0,-82.0
1777889708.4283323,-1.0,4.0,-84.0
1777889708.4383323,-3.0,4.0,-77.0
1777889708.4483323,-2.0,6.0,-76.0
1777889708.4583323,0.0,6.0,-77.0
1777889708.4683323,3.0,1.0,-75.0
1777889708.4783323,1.0,0.0,-84.0
1777889708.4883325,1.0,-6.0,-81.0
1777889708.4983325,-3.0,-2.0,-79.0
1777889708.5083325,-1.0,-2.0,-77.0
1777889708.5183325,-1.0,-4.0,-74.0
1777889708.5283325,1.0,-2.0,-69.0
1777889708.5383325,2.0,-5.0,-72.0
1777889708.5483325,-1.0,-2.0,-72.0
1777889708.5583324,-2.0,-3.0,-66.0
1777889708.5683324,-4.0,-1.0,-69.0
1777889708.5783324,-5.0,1.0,-65.0
1777889708.5883324,-2.0,3.0,-67.0
1777889708.5983324,2.0,0.0,-61.0
1777889708.6083324,0.0,1.0,-61.0
1777889708.6183324,1.0,5.0,-72.0
1777889708.6283324,3.0,0.0,-71.0
1777889708.6383324,0.0,2.0,-74.0
1777889708.6483324,0.0,2.0,-73.0
1777889708.6583323,1.0,2.0,-77.0
1777889708.6683323,1.0,3.0,-77.0
1777889708.6783323,0.0,2.0,-80.0
1777889708.6883323,-1.0,1.0,-83.0
1777889708.6983323,0.0,4.0,-72.0
1777889708.7083323,0.0,3.0,-71.0
1777889708.7183323,4.0,2.0,-63.0
1777889708.7283323,7.0,0.0,-70.0
1777889708.7383325,5.0,-1.0,-73.0
1777889708.7493324,1.0,-3.0,-72.0
1777889708.7593324,2.0,-4.0,-66.0
1777889708.7693324,0.0,-5.0,-66.0
1777889708.7793324,-2.0,-1.0,-69.0
1777889708.7893324,-4.0,0.0,-81.0
1777889708.7993324,-4.0,1.0,-81.0
1777889708.8093324,-1.0,5.0,-76.0
1777889708.8193324,1.0,5.0,-70.0
1777889708.8293324,1.0,7.0,-65.0
1777889708.8393323,1.0,9.0,-73.0
1777889708.8493323,1.0,7.0,-72.0
1777889708.8593323,2.0,4.0,-77.0
1777889708.8693323,3.0,4.0,-78.0
1777889708.8793323,4.0,2.0,-74.0
1777889708.8893323,1.0,0.0,-73.0
1777889708.8993323,3.0,2.0,-76.0
1777889708.9093325,6.0,0.0,-81.0
1777889708.9193325,9.0,-3.0,-88.0
1777889708.9293325,7.0,-6.0,-93.0
1777889708.9393325,7.0,1.0,-89.0
1777889708.9493325,2.0,4.0,-82.0
1777889708.9593325,-1.0,4.0,-76.0
1777889708.9693325,0.0,2.0,-74.0
1777889708.9793324,0.0,1.0,-75.0
1777889708.9893324,3.0,2.0,-80.0
1777889708.9993324,5.0,2.0,-74.0
1777889709.0093324,5.0,2.0,-73.0
1777889709.0193324,5.0,0.0,-72.0
1777889709.0293324,3.0,0.0,-76.0
1777889709.0393324,-1.0,1.0,-75.0
1777889709.0493324,4.0,3.0,-67.0
1777889709.0593324,4.0,0.0,-67.0
1777889709.0693324,1.0,-2.0,-74.0
1777889709.0793324,0.0,-2.0,-70.0
1777889709.0893323,3.0,1.0,-67.0
1777889709.0993323,2.0,3.0,-69.0
1777889709.1093323,0.0,0.0,-72.0
1777889709.1193323,-4.0,0.0,-69.0
1777889709.1293323,-5.0,5.0,-73.0
1777889709.1393323,-1.0,4.0,-72.0
1777889709.1493323,0.0,4.0,-75.0
1777889709.1593325,3.0,5.0,-78.0
1777889709.1693325,1.0,0.0,-78.0
1777889709.1793325,1.0,0.0,-72.0
1777889709.1893325,0.0,1.0,-75.0
1777889709.1993325,4.0,0.0,-81.0
1777889709.2093325,7.0,1.0,-80.0
1777889709.2193325,6.0,1.0,-84.0
1777889709.2293324,6.0,2.0,-84.0
1777889709.2393324,4.0,-2.0,-77.0
1777889709.2493324,3.0,0.0,-76.0
1777889709.2593324,-1.0,0.0,-80.0
1777889709.2693324,-1.0,1.0,-76.0
1777889709.2793324,0.0,0.0,-76.0
1777889709.2893324,2.0,0.0,-77.0
1777889709.2993324,9.0,-2.0,-77.0
1777889709.3093324,9.0,-2.0,-85.0
1777889709.3193324,6.0,-3.0,-83.0
1777889709.3293324,2.0,-3.0,-75.0
1777889709.3393323,0.0,-4.0,-73.0
1777889709.3493323,2.0,-1.0,-75.0
1777889709.3593323,2.0,-3.0,-74.0
1777889709.3693323,0.0,-4.0,-73.0
1777889709.3793323,0.0,-4.0,-69.0
1777889709.3893323,4.0,-5.0,-77.0
1777889709.3993323,1.0,-6.0,-76.0
1777889709.4093325,1.0,-5.0,-76.0
1777889709.4193325,0.0,0.0,-81.0
1777889709.4293325,0.0,4.0,-77.0
1777889709.4393325,0.0,3.0,-74.0
1777889709.4493325,-1.0,2.0,-74.0
1777889709.4593325,-3.0,1.0,-72.0
1777889709.4693325,-4.0,-5.0,-71.0
1777889709.4793324,0.0,-7.0,-68.0
1777889709.4893324,-1.0,-5.0,-68.0
1777889709.4993324,-1.0,-1.0,-69.0
1777889709.5093324,0.0,-7.0,-72.0
1777889709.5193324,3.0,-8.0,-82.0
1777889709.5293324,8.0,-10.0,-78.0
1777889709.5393324,7.0,-7.0,-76.0
1777889709.5493324,2.0,-3.0,-74.0
1777889709.5593324,4.0,-3.0,-78.0
1777889709.5693324,5.0,-4.0,-82.0
1777889709.5793324,10.0,-1.0,-82.0
1777889709.5893323,6.0,-1.0,-79.0
1777889709.5993323,4.0,0.0,-74.0
1777889709.6093323,5.0,0.0,-75.0
1777889709.6193323,5.0,0.0,-74.0
1777889709.6293323,3.0,1.0,-76.0
1777889709.6393323,4.0,-1.0,-77.0
1777889709.6493323,5.0,-4.0,-82.0
1777889709.6593325,4.0,-3.0,-86.0
1777889709.6693325,1.0,0.0,-82.0
1777889709.6793325,0.0,-3.0,-83.0
1777889709.6893325,1.0,-8.0,-82.0
1777889709.6993325,0.0,-13.0,-87.0
1777889709.7093325,0.0,-11.0,-84.0
1777889709.7193325,1.0,-8.0,-88.0
1777889709.7293324,6.0,-9.0,-88.0
1777889709.7393324,8.0,-7.0,-85.0
1777889709.7493324,8.0,-4.0,-88.0
1777889709.7593324,6.0,-4.0,-87.0
1777889709.7693324,3.0,0.0,-85.0
1777889709.7793324,3.0,-3.0,-78.0
1777889709.7893324,0.0,-4.0,-77.0
1777889709.7993324,3.0,-2.0,-78.0
1777889709.8093324,6.0,-2.0,-76.0
1777889709.8193324,7.0,-3.0,-72.0
1777889709.8293324,4.0,-1.0,-76.0
1777889709.8393323,0.0,0.0,-87.0
1777889709.8493323,1.0,-1.0,-87.0
1777889709.8593323,0.0,-5.0,-78.0
1777889709.8693323,3.0,-1.0,-74.0
1777889709.8793323,5.0,-1.0,-79.0
1777889709.8893323,8.0,-2.0,-76.0
1777889709.8993323,1.0,-1.0,-77.0
1777889709.9093325,-1.0,-1.0,-76.0
1777889709.9193325,-1.0,0.0,-78.0
1777889709.9293325,-3.0,5.0,-79.0
1777889709.9403324,0.0,4.0,-80.0
1777889709.9493325,3.0,4.0,-76.0
1777889709.9593325,4.0,1.0,-75.0
1777889709.9693325,4.0,0.0,-73.0
1777889709.9793324,1.0,0.0,-76.0
1777889709.9893324,0.0,0.0,-82.0
1777889709.9993324,-1.0,0.0,-82.0
1777889710.0093324,-5.0,-1.0,-80.0
1777889710.0193324,-3.0,-3.0,-78.0
1777889710.0293324,-2.0,-1.0,-83.0
1777889710.0393324,-2.0,-1.0,-81.0
1777889710.0493324,1.0,-3.0,-83.0
1777889710.0593324,0.0,-1.0,-81.0
1777889710.0693324,0.0,-3.0,-75.0
1777889710.0793324,0.0,-6.0,-72.0
1777889710.0893323,-1.0,-4.0,-69.0
1777889710.0993323,0.0,-5.0,-74.0
1777889710.1093323,2.0,-4.0,-80.0
1777889710.1193323,5.0,-3.0,-78.0
1777889710.1293323,6.0,-5.0,-76.0
1777889710.1393323,3.0,-1.0,-67.0
1777889710.1493323,-6.0,0.0,-63.0
1777889710.1593325,-4.0,-2.0,-71.0
1777889710.1693325,-3.0,-3.0,-77.0
1777889710.1793325,0.0,-4.0,-77.0
1777889710.1893325,2.0,-6.0,-80.0
1777889710.1993325,4.0,-4.0,-79.0
1777889710.2093325,5.0,-5.0,-79.0
1777889710.2193325,5.0,-8.0,-78.0
1777889710.2293324,6.0,-7.0,-78.0
1777889710.2393324,6.0,-6.0,-76.0
1777889710.2493324,8.0,-9.0,-76.0
1777889710.2593324,8.0,-10.0,-74.0
1777889710.2693324,8.0,-8.0,-66.0
1777889710.2793324,8.0,-3.0,-65.0
1777889710.2893324,8.0,-6.0,-62.0
1777889710.2993324,4.0,0.0,-72.0
1777889710.3093324,3.0,2.0,-74.0
1777889710.3193324,1.0,0.0,-74.0
1777889710.3293324,1.0,0.0,-75.0
1777889710.3393323,-3.0,1.0,-77.0
1777889710.3493323,-3.0,0.0,-76.0
1777889710.3593323,-1.0,1.0,-69.0
1777889710.3693323,-2.0,0.0,-72.0
1777889710.3793323,-3.0,4.0,-75.0
1777889710.3893323,-5.0,3.0,-79.0
1777889710.4003325,-6.0,0.0,-85.0
1777889710.4093325,-1.0,1.0,-88.0
1777889710.4193325,0.0,1.0,-85.0
1777889710.4293325,3.0,2.0,-83.0
1777889710.4393325,4.0,2.0,-80.0
1777889710.4493325,4.0,8.0,-78.0
1777889710.4593325,-2.0,10.0,-76.0
1777889710.4693325,0.0,10.0,-82.0
1777889710.4793324,0.0,9.0,-87.0
1777889710.4893324,0.0,8.0,-85.0
1777889710.4993324,3.0,7.0,-81.0
1777889710.5093324,3.0,5.0,-72.0
1777889710.5193324,5.0,5.0,-74.0
1777889710.5293324,4.0,3.0,-81.0
1777889710.5393324,1.0,1.0,-84.0
1777889710.5493324,-1.0,1.0,-84.0
1777889710.5593324,-3.0,0.0,-78.0
1777889710.5693324,-1.0,-3.0,-79.0
1777889710.5793324,-2.0,-4.0,-80.0
1777889710.5893323,0.0,-3.0,-81.0
1777889710.5993323,0.0,-3.0,-78.0
1777889710.6093323,-1.0,-2.0,-74.0
1777889710.6193323,-2.0,-3.0,-74.0
1777889710.6293323,-4.0,-2.0,-71.0
1777889710.6393323,0.0,-2.0,-69.0
1777889710.6493323,3.0,0.0,-73.0
1777889710.6593325,2.0,0.0,-71.0
1777889710.6693325,-1.0,-1.0,-77.0
1777889710.6793325,1.0,-2.0,-77.0
1777889710.6893325,1.0,0.0,-81.0
1777889710.6993325,-3.0,1.0,-76.0
1777889710.7093325,-4.0,1.0,-73.0
1777889710.7193325,0.0,-2.0,-69.0
1777889710.7293324,-1.0,-1.0,-67.0
1777889710.7403324,1.0,0.0,-65.0
1777889710.7493324,1.0,-1.0,-66.0
1777889710.7603323,2.0,0.0,-69.0
1777889710.7703323,2.0,1.0,-72.0
1777889710.7803323,3.0,-1.0,-71.0
1777889710.7903323,0.0,-4.0,-74.0
1777889710.8003323,1.0,-1.0,-79.0
1777889710.8103323,2.0,3.0,-77.0
1777889710.8203323,0.0,3.0,-77.0
1777889710.8303325,-1.0,2.0,-81.0
1777889710.8403325,-2.0,-2.0,-81.0
1777889710.8503325,0.0,0.0,-80.0
1777889710.8603325,0.0,0.0,-76.0
1777889710.8703325,-2.0,0.0,-75.0
1777889710.8803325,-1.0,-3.0,-78.0
1777889710.8903325,-1.0,-6.0,-80.0
1777889710.9003325,-3.0,-4.0,-78.0
1777889710.9103324,-1.0,-2.0,-76.0
1777889710.9203324,-1.0,-2.0,-83.0
1777889710.9303324,4.0,-1.0,-77.0
1777889710.9403324,8.0,4.0,-80.0
1777889710.9503324,9.0,4.0,-83.0
1777889710.9603324,9.0,3.0,-80.0
1777889710.9703324,5.0,1.0,-82.0
1777889710.9803324,0.0,-3.0,-80.0
1777889710.9903324,0.0,0.0,-80.0
1777889711.0003324,2.0,-3.0,-75.0
1777889711.0103323,1.0,-1.0,-75.0
1777889711.0203323,0.0,1.0,-70.0
1777889711.0303323,1.0,1.0,-73.0
1777889711.0403323,-1.0,1.0,-84.0
1777889711.0503323,-1.0,-2.0,-86.0
1777889711.0603323,0.0,-5.0,-81.0
1777889711.0703323,-3.0,-5.0,-80.0
1777889711.0803325,-3.0,-1.0,-80.0
1777889711.0903325,-2.0,0.0,-73.0
1777889711.1003325,-3.0,-1.0,-70.0
1777889711.1103325,1.0,-2.0,-68.0
1777889711.1203325,0.0,-3.0,-71.0
1777889711.1303325,3.0,-5.0,-78.0
1777889711.1403325,0.0,-3.0,-78.0
1777889711.1503325,-1.0,-2.0,-74.0
1777889711.1603324,0.0,7.0,-85.0
1777889711.1703324,2.0,8.0,-86.0
1777889711.1803324,6.0,4.0,-83.0
1777889711.1903324,6.0,1.0,-80.0
1777889711.2003324,4.0,-1.0,-79.0
1777889711.2103324,-1.0,0.0,-83.0
1777889711.2203324,4.0,0.0,-79.0
1777889711.2303324,2.0,1.0,-82.0
1777889711.2403324,1.0,-1.0,-85.0
1777889711.2503324,4.0,0.0,-80.0
1777889711.2603323,0.0,0.0,-74.0
1777889711.2703323,-2.0,-1.0,-76.0
1777889711.2803323,-1.0,0.0,-71.0
1777889711.2903323,-1.0,1.0,-69.0
1777889711.3003323,0.0,-6.0,-73.0
1777889711.3103323,-1.0,-7.0,-74.0
1777889711.3203323,-2.0,-5.0,-77.0
1777889711.3303325,-4.0,-4.0,-83.0
1777889711.3403325,-5.0,-4.0,-80.0
1777889711.3503325,-5.0,-3.0,-82.0
1777889711.3603325,-3.0,-2.0,-83.0
1777889711.3703325,-6.0,-3.0,-80.0
1777889711.3803325,-2.0,-3.0,-81.0
1777889711.3903325,-2.0,-4.0,-74.0
1777889711.4003325,0.0,-3.0,-71.0
1777889711.4103324,0.0,-2.0,-73.0
1777889711.4203324,1.0,1.0,-76.0
1777889711.4303324,-4.0,0.0,-80.0
1777889711.4403324,-2.0,0.0,-86.0
1777889711.4503324,2.0,-2.0,-87.0
1777889711.4603324,3.0,-5.0,-83.0
1777889711.4703324,5.0,-5.0,-84.0
1777889711.4803324,4.0,-5.0,-80.0
1777889711.4903324,5.0,-4.0,-74.0
1777889711.5003324,4.0,-2.0,-67.0
1777889711.5103323,0.0,0.0,-66.0
1777889711.5203323,1.0,-3.0,-72.0
1777889711.5303323,0.0,-4.0,-79.0
1777889711.5403323,1.0,-3.0,-74.0
1777889711.5503323,0.0,-1.0,-79.0
1777889711.5603323,-1.0,0.0,-80.0
1777889711.5703323,-2.0,0.0,-72.0
1777889711.5803325,-2.0,-1.0,-69.0
1777889711.5903325,-5.0,-1.0,-77.0
1777889711.6003325,-6.0,0.0,-83.0
1777889711.6103325,-6.0,3.0,-76.0
1777889711.6203325,-7.0,1.0,-72.0
1777889711.6303325,-9.0,-2.0,-75.0
1777889711.6403325,-2.0,0.0,-71.0
1777889711.6503325,2.0,-3.0,-67.0
1777889711.6603324,0.0,0.0,-74.0
1777889711.6703324,0.0,4.0,-80.0
1777889711.6803324,0.0,2.0,-77.0
1777889711.6903324,9.0,1.0,-79.0
1777889711.7003324,9.0,4.0,-78.0
1777889711.7103324,6.0,5.0,-71.0
1777889711.7203324,1.0,3.0,-75.0
1777889711.7303324,-4.0,6.0,-79.0
1777889711.7403324,-3.0,7.0,-79.0
1777889711.7503324,-2.0,2.0,-72.0
1777889711.7603323,-2.0,1.0,-77.0
1777889711.7703323,0.0,0.0,-76.0
1777889711.7803323,0.0,2.0,-80.0
1777889711.7903323,0.0,0.0,-79.0
1777889711.8003323,-4.0,-1.0,-75.0
1777889711.8103323,-4.0,-2.0,-76.0
1777889711.8203323,-2.0,-2.0,-75.0
1777889711.8303325,0.0,0.0,-76.0
1777889711.8403325,1.0,1.0,-77.0
1777889711.8503325,1.0,0.0,-79.0
1777889711.8603325,0.0,0.0,-82.0
1777889711.8703325,7.0,1.0,-77.0
1777889711.8803325,7.0,-1.0,-73.0
1777889711.8903325,4.0,0.0,-71.0
1777889711.9003325,4.0,1.0,-83.0
1777889711.9103324,4.0,1.0,-86.0
1777889711.9203324,2.0,0.0,-87.0
1777889711.9303324,-2.0,-3.0,-83.0
1777889711.9403324,0.0,-1.0,-79.0
1777889711.9503324,4.0,2.0,-82.0
1777889711.9603324,0.0,-3.0,-80.0
1777889711.9703324,2.0,0.0,-74.0
1777889711.9803324,0.0,3.0,-73.0
1777889711.9903324,-2.0,4.0,-73.0
1777889712.0003324,0.0,0.0,-75.0
1777889712.0103323,-3.0,2.0,-72.0
1777889712.0203323,-6.0,2.0,-77.0
1777889712.0303323,-5.0,4.0,-79.0
1777889712.0403323,-3.0,2.0,-80.0
1777889712.0503323,0.0,2.0,-81.0
1777889712.0603323,-1.0,1.0,-69.0
1777889712.0703323,-6.0,2.0,-68.0
1777889712.0803325,-5.0,3.0,-61.0
1777889712.0903325,-3.0,0.0,-62.0
1777889712.1003325,-3.0,0.0,-72.0
1777889712.1103325,1.0,0.0,-76.0
1777889712.1203325,2.0,0.0,-75.0
1777889712.1303325,1.0,0.0,-75.0
1777889712.1403325,0.0,0.0,-73.0
1777889712.1503325,3.0,-6.0,-66.0
1777889712.1603324,2.0,-6.0,-66.0
1777889712.1703324,4.0,-9.0,-70.0
1777889712.1803324,6.0,-7.0,-77.0
1777889712.1903324,5.0,-7.0,-81.0
1777889712.2003324,5.0,-1.0,-76.0
1777889712.2103324,4.0,-1.0,-75.0
1777889712.2203324,8.0,0.0,-78.0
1777889712.2303324,0.0,0.0,-81.0
1777889712.2403324,-3.0,-2.0,-83.0
1777889712.2503324,-1.0,-4.0,-82.0
1777889712.2603323,0.0,-1.0,-75.0
1777889712.2703323,0.0,0.0,-73.0
1777889712.2803323,5.0,0.0,-72.0
1777889712.2903323,7.0,6.0,-79.0
1777889712.3003323,6.0,7.0,-81.0
1777889712.3103323,8.0,9.0,-79.0
1777889712.3203323,4.0,8.0,-85.0
1777889712.3303325,0.0,2.0,-85.0
1777889712.3403325,0.0,1.0,-78.0
1777889712.3503325,-4.0,0.0,-74.0
1777889712.3603325,-4.0,-4.0,-66.0
1777889712.3703325,-4.0,-3.0,-73.0
1777889712.3803325,0.0,-3.0,-73.0
1777889712.3903325,-4.0,-2.0,-68.0
1777889712.4003325,4.0,1.0,-68.0
1777889712.4103324,4.0,4.0,-66.0
1777889712.4203324,0.0,2.0,-61.0
1777889712.4303324,3.0,6.0,-65.0
1777889712.4403324,3.0,8.0,-66.0
1777889712.4503324,5.0,8.0,-68.0
1777889712.4603324,1.0,2.0,-70.0
1777889712.4703324,3.0,0.0,-70.0
1777889712.4803324,3.0,3.0,-65.0
1777889712.4903324,0.0,4.0,-64.0
1777889712.5003324,-1.0,0.0,-69.0
1777889712.5103323,-2.0,-4.0,-67.0
1777889712.5203323,0.0,-1.0,-70.0
1777889712.5303323,-1.0,2.0,-73.0
1777889712.5403323,0.0,7.0,-73.0
1777889712.5503323,4.0,8.0,-75.0
1777889712.5603323,3.0,3.0,-76.0
1777889712.5703323,1.0,1.0,-75.0
1777889712.5803325,0.0,4.0,-75.0
1777889712.5903325,0.0,2.0,-81.0
1777889712.6003325,3.0,0.0,-78.0
1777889712.6103325,-1.0,-2.0,-68.0
1777889712.6203325,-1.0,-2.0,-66.0
1777889712.6303325,2.0,0.0,-64.0
1777889712.6403325,3.0,0.0,-59.0
1777889712.6503325,5.0,1.0,-64.0
1777889712.6603324,3.0,3.0,-71.0
1777889712.6703324,3.0,5.0,-76.0
1777889712.6803324,2.0,5.0,-79.0
1777889712.6903324,-1.0,6.0,-82.0
1777889712.7013323,-2.0,5.0,-72.0
1777889712.7113323,1.0,6.0,-71.0
1777889712.7213323,0.0,8.0,-78.0
1777889712.7313323,3.0,7.0,-74.0
1777889712.7413323,0.0,5.0,-78.0
1777889712.7513323,-6.0,8.0,-86.0
1777889712.7613325,-9.0,9.0,-87.0
1777889712.7713325,-5.0,5.0,-86.0
1777889712.7813325,-1.0,6.0,-88.0
1777889712.7913325,-2.0,8.0,-77.0
1777889712.8013325,1.0,3.0,-81.0
1777889712.8113325,-4.0,2.0,-79.0
1777889712.8213325,-6.0,2.0,-77.0
1777889712.8313324,-4.0,3.0,-83.0
1777889712.8413324,-5.0,4.0,-79.0
1777889712.8513324,-1.0,2.0,-74.0
1777889712.8613324,-2.0,2.0,-73.0
1777889712.8713324,1.0,0.0,-78.0
1777889712.8813324,3.0,-6.0,-80.0
1777889712.8913324,1.0,-8.0,-77.0
1777889712.9013324,-1.0,-3.0,-75.0
1777889712.9113324,-7.0,0.0,-77.0
1777889712.9213324,-4.0,0.0,-80.0
1777889712.9313323,-5.0,1.0,-72.0
1777889712.9413323,-3.0,-1.0,-76.0
1777889712.9513323,-11.0,-2.0,-78.0
1777889712.9613323,-8.0,-2.0,-77.0
1777889712.9713323,-8.0,-3.0,-76.0
1777889712.9813323,-7.0,-3.0,-78.0
1777889712.9913323,-3.0,-2.0,-74.0
1777889713.0013323,-7.0,-1.0,-76.0
1777889713.0113325,-7.0,-1.0,-76.0
1777889713.0213325,-4.0,-3.0,-69.0
1777889713.0313325,-5.0,-4.0,-78.0
1777889713.0413325,-2.0,-2.0,-78.0
1777889713.0513325,1.0,-7.0,-78.0
1777889713.0613325,-1.0,-5.0,-76.0
1777889713.0713325,-4.0,-6.0,-75.0
1777889713.0813324,-1.0,-2.0,-72.0
1777889713.0913324,1.0,-2.0,-71.0
1777889713.1013324,-1.0,-1.0,-69.0
1777889713.1113324,-1.0,-2.0,-68.0
1777889713.1213324,3.0,0.0,-70.0
1777889713.1313324,2.0,5.0,-74.0
1777889713.1413324,2.0,3.0,-70.0
1777889713.1513324,1.0,2.0,-66.0
1777889713.1613324,-6.0,3.0,-64.0
1777889713.1713324,-6.0,4.0,-61.0
1777889713.1813323,-4.0,4.0,-61.0
1777889713.1913323,-4.0,3.0,-62.0
1777889713.2013323,-6.0,5.0,-70.0
1777889713.2113323,-4.0,3.0,-68.0
1777889713.2213323,-2.0,0.0,-69.0
1777889713.2313323,-5.0,-1.0,-74.0
1777889713.2413323,-7.0,2.0,-71.0
1777889713.2513323,-10.0,4.0,-70.0
1777889713.2613325,-7.0,3.0,-71.0
1777889713.2713325,-3.0,0.0,-65.0
1777889713.2813325,0.0,-1.0,-63.0
1777889713.2913325,-3.0,-6.0,-73.0
1777889713.3013325,-2.0,-5.0,-71.0
1777889713.3113325,-1.0,0.0,-69.0
1777889713.3213325,0.0,1.0,-75.0
1777889713.3313324,3.0,2.0,-75.0
1777889713.3413324,0.0,3.0,-74.0
1777889713.3513324,6.0,0.0,-76.0
1777889713.3613324,6.0,0.0,-80.0
1777889713.3713324,5.0,-2.0,-79.0
1777889713.3813324,1.0,0.0,-77.0
1777889713.3913324,-2.0,0.0,-75.0
1777889713.4013324,-1.0,0.0,-73.0
1777889713.4113324,0.0,-4.0,-84.0
1777889713.4213324,1.0,0.0,-88.0
1777889713.4313323,1.0,3.0,-87.0
1777889713.4413323,0.0,2.0,-81.0
1777889713.4513323,-4.0,5.0,-81.0
1777889713.4613323,-4.0,3.0,-85.0
1777889713.4713323,-4.0,0.0,-78.0
1777889713.4813323,-1.0,-1.0,-77.0
1777889713.4913323,2.0,-5.0,-73.0
1777889713.5013323,0.0,-4.0,-67.0
1777889713.5113325,-2.0,-6.0,-68.0
1777889713.5213325,2.0,-8.0,-72.0
1777889713.5313325,1.0,-7.0,-70.0
1777889713.5413325,-2.0,-5.0,-77.0
1777889713.5513325,-1.0,-4.0,-84.0
1777889713.5613325,-2.0,-4.0,-81.0
1777889713.5713325,-1.0,-4.0,-75.0
1777889713.5813324,1.0,-3.0,-74.0
1777889713.5913324,0.0,-2.0,-83.0
1777889713.6013324,0.0,0.0,-84.0
1777889713.6113324,2.0,-1.0,-84.0
1777889713.6213324,-3.0,1.0,-79.0
1777889713.6313324,0.0,1.0,-73.0
1777889713.6413324,4.0,2.0,-75.0
1777889713.6513324,7.0,0.0,-83.0
1777889713.6613324,4.0,0.0,-86.0
1777889713.6713324,4.0,-1.0,-84.0
1777889713.6813323,6.0,1.0,-88.0
1777889713.6913323,3.0,1.0,-83.0
1777889713.7013323,4.0,2.0,-79.0
1777889713.7113323,4.0,4.0,-82.0
1777889713.7213323,0.0,4.0,-86.0
1777889713.7313323,1.0,5.0,-87.0
1777889713.7413323,2.0,4.0,-84.0
1777889713.7513323,-1.0,-2.0,-83.0
1777889713.7613325,2.0,-1.0,-86.0
1777889713.7713325,6.0,-3.0,-79.0
1777889713.7813325,4.0,-2.0,-79.0
1777889713.7913325,4.0,0.0,-79.0
1777889713.8013325,5.0,-3.0,-74.0
1777889713.8113325,4.0,-4.0,-79.0
1777889713.8213325,0.0,-3.0,-77.0
1777889713.8313324,0.0,-6.0,-78.0
1777889713.8413324,3.0,-8.0,-76.0
1777889713.8513324,6.0,-3.0,-80.0
1777889713.8613324,8.0,-4.0,-78.0
1777889713.8713324,7.0,-2.0,-79.0
1777889713.8813324,6.0,-1.0,-74.0
1777889713.8913324,5.0,0.0,-74.0
1777889713.9013324,5.0,-2.0,-72.0
1777889713.9113324,1.0,-4.0,-76.0
1777889713.9213324,3.0,-1.0,-75.0
1777889713.9313323,5.0,2.0,-78.0
1777889713.9413323,7.0,4.0,-73.0
1777889713.9513323,7.0,0.0,-71.0
1777889713.9613323,10.0,0.0,-67.0
1777889713.9713323,4.0,0.0,-72.0
1777889713.9813323,5.0,-1.0,-74.0
1777889713.9913323,4.0,-1.0,-70.0
1777889714.0013323,-2.0,-5.0,-73.0
1777889714.0113325,-1.0,-7.0,-72.0
1777889714.0213325,0.0,-2.0,-68.0
1777889714.0313325,1.0,3.0,-70.0
1777889714.0413325,-2.0,0.0,-72.0
1777889714.0513325,-5.0,-1.0,-72.0
1777889714.0613325,-7.0,0.0,-74.0
1777889714.0713325,-9.0,0.0,-80.0
1777889714.0813324,-5.0,0.0,-75.0
1777889714.0913324,0.0,-2.0,-71.0
1777889714.1013324,0.0,0.0,-76.0
1777889714.1113324,1.0,-4.0,-74.0
1777889714.1213324,0.0,-4.0,-80.0
1777889714.1313324,0.0,-1.0,-85.0
1777889714.1413324,-4.0,2.0,-89.0
1777889714.1513324,-4.0,0.0,-94.0
1777889714.1613324,-3.0,0.0,-88.0
1777889714.1713324,-1.0,0.0,-86.0
1777889714.1813323,0.0,-1.0,-81.0
1777889714.1913323,3.0,-2.0,-81.0
1777889714.2013323,2.0,-1.0,-76.0
1777889714.2113323,1.0,-4.0,-76.0
1777889714.2213323,5.0,-3.0,-73.0
1777889714.2313323,4.0,-4.0,-69.0
1777889714.2413323,0.0,-3.0,-73.0
1777889714.2513323,3.0,-3.0,-70.0
1777889714.2613325,2.0,-1.0,-73.0
1777889714.2713325,0.0,0.0,-71.0
1777889714.2813325,0.0,2.0,-75.0
1777889714.2913325,-1.0,1.0,-80.0
1777889714.3013325,-1.0,0.0,-86.0
1777889714.3113325,-5.0,4.0,-74.0
1777889714.3213325,-4.0,7.0,-80.0
1777889714.3313324,-1.0,7.0,-76.0
1777889714.3413324,-2.0,5.0,-71.0
1777889714.3513324,0.0,7.0,-71.0
1777889714.3613324,1.0,5.0,-68.0
1777889714.3713324,0.0,5.0,-80.0
1777889714.3813324,-2.0,-1.0,-75.0
1777889714.3913324,-1.0,-1.0,-69.0
1777889714.4013324,0.0,-2.0,-68.0
1777889714.4113324,0.0,-3.0,-78.0
1777889714.4213324,3.0,-4.0,-82.0
1777889714.4313323,4.0,0.0,-79.0
1777889714.4413323,5.0,0.0,-87.0
1777889714.4513323,6.0,4.0,-90.0
1777889714.4613323,5.0,7.0,-92.0
1777889714.4713323,4.0,2.0,-84.0
1777889714.4813323,4.0,0.0,-82.0
1777889714.4913323,1.0,6.0,-77.0
1777889714.5013323,-4.0,6.0,-78.0
1777889714.5113325,-1.0,2.0,-76.0
1777889714.5213325,0.0,-2.0,-74.0
1777889714.5313325,3.0,0.0,-72.0
1777889714.5413325,3.0,4.0,-75.0
1777889714.5513325,2.0,3.0,-78.0
1777889714.5613325,2.0,3.0,-78.0
1777889714.5713325,-1.0,3.0,-73.0
1777889714.5813324,-4.0,5.0,-79.0
1777889714.5913324,-2.0,3.0,-81.0
1777889714.6013324,1.0,6.0,-83.0
1777889714.6113324,-2.0,2.0,-80.0
1777889714.6213324,-5.0,5.0,-80.0
1777889714.6313324,0.0,5.0,-76.0
1777889714.6413324,-1.0,1.0,-71.0
1777889714.6513324,0.0,-2.0,-73.0
1777889714.6613324,1.0,-3.0,-73.0
1777889714.6713324,1.0,1.0,-71.0
1777889714.6813323,3.0,-1.0,-70.0
1777889714.6913323,0.0,0.0,-71.0
1777889714.7013323,0.0,0.0,-80.0
1777889714.7113323,-1.0,-4.0,-78.0
1777889714.7213323,-2.0,-2.0,-81.0
1777889714.7323325,-2.0,3.0,-74.0
1777889714.7413323,-1.0,5.0,-81.0
1777889714.7523324,0.0,5.0,-82.0
1777889714.7623324,2.0,7.0,-79.0
1777889714.7723324,-2.0,7.0,-81.0
1777889714.7823324,-1.0,9.0,-80.0
1777889714.7923324,-1.0,2.0,-80.0
1777889714.8023324,-2.0,4.0,-79.0
1777889714.8123324,-1.0,0.0,-73.0
1777889714.8223324,-2.0,-1.0,-75.0
1777889714.8323324,-4.0,1.0,-72.0
1777889714.8423324,-5.0,3.0,-70.0
1777889714.8523324,-4.0,2.0,-69.0
1777889714.8623323,-3.0,-2.0,-70.0
1777889714.8723323,-5.0,-2.0,-72.0
1777889714.8823323,-6.0,-2.0,-69.0
1777889714.8923323,-2.0,-3.0,-68.0
1777889714.9023323,-4.0,0.0,-64.0
1777889714.9123323,-1.0,0.0,-60.0
1777889714.9223323,5.0,0.0,-63.0
1777889714.9323325,4.0,0.0,-66.0
1777889714.9423325,2.0,7.0,-66.0
1777889714.9523325,0.0,4.0,-69.0
1777889714.9623325,1.0,3.0,-69.0
1777889714.9723325,3.0,1.0,-73.0
1777889714.9823325,2.0,0.0,-72.0
1777889714.9923325,1.0,0.0,-71.0
1777889715.0023324,-1.0,-1.0,-66.0
1777889715.0123324,0.0,2.0,-69.0
1777889715.0223324,-1.0,1.0,-74.0
1777889715.0323324,-3.0,1.0,-67.0
1777889715.0423324,-4.0,2.0,-66.0
1777889715.0523324,-4.0,3.0,-70.0
1777889715.0623324,-3.0,0.0,-73.0
1777889715.0723324,-4.0,-3.0,-67.0
1777889715.0823324,-1.0,-3.0,-67.0
1777889715.0923324,-2.0,-4.0,-67.0
1777889715.1023324,0.0,-2.0,-68.0
1777889715.1123323,0.0,-2.0,-68.0
1777889715.1223323,-1.0,-2.0,-68.0
1777889715.1323323,-4.0,-1.0,-73.0
1777889715.1423323,-5.0,-5.0,-70.0
1777889715.1523323,-6.0,-6.0,-76.0
1777889715.1623323,2.0,-4.0,-79.0
1777889715.1723323,2.0,-3.0,-77.0
1777889715.1823325,-1.0,-3.0,-78.0
1777889715.1923325,-2.0,0.0,-82.0
1777889715.2023325,0.0,0.0,-76.0
1777889715.2123325,-3.0,-2.0,-78.0
1777889715.2223325,0.0,-1.0,-75.0
1777889715.2323325,4.0,-1.0,-80.0
1777889715.2423325,2.0,-1.0,-76.0
1777889715.2523324,6.0,-2.0,-75.0
1777889715.2623324,4.0,-1.0,-71.0
1777889715.2723324,7.0,0.0,-71.0
1777889715.2823324,3.0,0.0,-73.0
1777889715.2923324,0.0,0.0,-70.0
1777889715.3023324,-2.0,-2.0,-64.0
1777889715.3123324,0.0,-6.0,-64.0
1777889715.3223324,0.0,-9.0,-69.0
1777889715.3323324,-2.0,-4.0,-68.0
1777889715.3423324,-2.0,-5.0,-70.0
1777889715.3523324,0.0,-10.0,-70.0
1777889715.3623323,2.0,-6.0,-66.0
1777889715.3723323,0.0,-2.0,-65.0
1777889715.3823323,2.0,-2.0,-67.0
1777889715.3923323,3.0,0.0,-67.0
1777889715.4023323,2.0,0.0,-67.0
1777889715.4123323,-1.0,0.0,-66.0
1777889715.4223323,0.0,-3.0,-70.0
1777889715.4323325,0.0,-5.0,-73.0
1777889715.4423325,-3.0,-7.0,-72.0
1777889715.4523325,-2.0,-7.0,-68.0
1777889715.4623325,0.0,-2.0,-68.0
1777889715.4723325,3.0,-1.0,-73.0
1777889715.4823325,2.0,-4.0,-71.0
1777889715.4923325,7.0,0.0,-69.0
1777889715.5023324,5.0,2.0,-66.0
1777889715.5123324,4.0,0.0,-65.0
1777889715.5223324,5.0,3.0,-70.0
1777889715.5323324,6.0,3.0,-77.0
1777889715.5423324,6.0,0.0,-74.0
1777889715.5523324,3.0,0.0,-72.0
1777889715.5623324,5.0,1.0,-76.0
1777889715.5723324,9.0,1.0,-77.0
1777889715.5823324,11.0,-5.0,-78.0
1777889715.5923324,7.0,-4.0,-83.0
1777889715.6023324,5.0,-3.0,-80.0
1777889715.6123323,6.0,0.0,-73.0
1777889715.6223323,2.0,2.0,-79.0
1777889715.6323323,3.0,5.0,-82.0
1777889715.6423323,2.0,1.0,-82.0
1777889715.6523323,0.0,1.0,-79.0
1777889715.6623323,0.0,0.0,-79.0
1777889715.6723323,-1.0,0.0,-83.0
1777889715.6823325,-3.0,0.0,-86.0
1777889715.6923325,0.0,0.0,-83.0
1777889715.7023325,6.0,0.0,-85.0
1777889715.7123325,0.0,-1.0,-82.0
1777889715.7223325,1.0,1.0,-82.0
1777889715.7323325,1.0,0.0,-82.0
1777889715.7423325,-3.0,-1.0,-79.0
1777889715.7523324,-2.0,-1.0,-83.0
1777889715.7623324,-2.0,-3.0,-78.0
1777889715.7723324,-5.0,-1.0,-82.0
1777889715.7823324,-1.0,-2.0,-82.0
1777889715.7923324,-4.0,-5.0,-81.0
1777889715.8023324,0.0,-6.0,-83.0
1777889715.8123324,0.0,-3.0,-83.0
1777889715.8223324,5.0,-4.0,-79.0
1777889715.8323324,2.0,0.0,-77.0
1777889715.8423324,1.0,-1.0,-81.0
1777889715.8523324,3.0,-3.0,-80.0
1777889715.8623323,1.0,-5.0,-80.0
1777889715.8723323,1.0,-3.0,-79.0
1777889715.8823323,1.0,-7.0,-81.0
1777889715.8923323,1.0,-4.0,-81.0
1777889715.9023323,1.0,-8.0,-76.0
1777889715.9123323,2.0,-5.0,-69.0
1777889715.9223323,0.0,-4.0,-72.0
1777889715.9323325,0.0,-2.0,-79.0
1777889715.9423325,-2.0,-4.0,-76.0
1777889715.9523325,6.0,-8.0,-73.0
1777889715.9623325,4.0,-5.0,-66.0
1777889715.9723325,5.0,-5.0,-64.0
1777889715.9823325,5.0,-6.0,-65.0
1777889715.9923325,7.0,-9.0,-63.0
1777889716.0023324,0.0,-8.0,-63.0
1777889716.0123324,4.0,-6.0,-59.0
1777889716.0223324,3.0,-6.0,-64.0
1777889716.0323324,2.0,-1.0,-71.0
1777889716.0423324,0.0,-1.0,-71.0
1777889716.0523324,-2.0,-1.0,-67.0
1777889716.0623324,-2.0,0.0,-70.0
1777889716.0723324,-5.0,-2.0,-69.0
1777889716.0823324,-2.0,-3.0,-72.0
1777889716.0923324,-4.0,-1.0,-77.0
1777889716.1023324,-4.0,0.0,-72.0
1777889716.1123323,-5.0,0.0,-63.0
1777889716.1223323,-2.0,0.0,-55.0
1777889716.1323323,-11.0,-3.0,-56.0
1777889716.1423323,-11.0,-3.0,-61.0
1777889716.1523323,-9.0,0.0,-63.0
1777889716.1623323,-7.0,-3.0,-64.0
1777889716.1723323,-5.0,-3.0,-72.0
1777889716.1823325,-5.0,0.0,-76.0
1777889716.1923325,-9.0,0.0,-69.0
1777889716.2023325,-3.0,1.0,-69.0
1777889716.2123325,-4.0,0.0,-70.0
1777889716.2223325,0.0,-2.0,-66.0
1777889716.2323325,0.0,0.0,-60.0
1777889716.2423325,1.0,0.0,-55.0
1777889716.2523324,0.0,0.0,-61.0
1777889716.2623324,1.0,5.0,-65.0
1777889716.2723324,-1.0,0.0,-63.0
1777889716.2823324,-1.0,1.0,-66.0
1777889716.2923324,-5.0,3.0,-73.0
1777889716.3023324,-3.0,5.0,-77.0
1777889716.3123324,-4.0,2.0,-81.0
1777889716.3223324,-3.0,1.0,-77.0
1777889716.3323324,-5.0,-2.0,-72.0
1777889716.3423324,-2.0,-3.0,-79.0
1777889716.3523324,1.0,-1.0,-83.0
1777889716.3623323,0.0,-1.0,-82.0
1777889716.3723323,2.0,0.0,-77.0
1777889716.3823323,0.0,-2.0,-75.0
1777889716.3923323,-7.0,-1.0,-70.0
1777889716.4023323,-5.0,1.0,-67.0
1777889716.4123323,-7.0,0.0,-72.0
1777889716.4223323,-8.0,-2.0,-77.0
1777889716.4323325,-5.0,-3.0,-76.0
1777889716.4423325,-3.0,-3.0,-76.0
1777889716.4523325,0.0,2.0,-76.0
1777889716.4623325,0.0,-1.0,-75.0
1777889716.4723325,1.0,-4.0,-72.0
1777889716.4823325,1.0,-2.0,-71.0
1777889716.4923325,1.0,-1.0,-76.0
1777889716.5023324,2.0,-2.0,-81.0
1777889716.5123324,1.0,-6.0,-82.0
1777889716.5223324,0.0,-6.0,-83.0
1777889716.5323324,2.0,-4.0,-84.0
1777889716.5423324,6.0,-3.0,-85.0
1777889716.5523324,5.0,-2.0,-89.0
1777889716.5623324,3.0,-3.0,-85.0
1777889716.5723324,0.0,-5.0,-78.0
1777889716.5823324,-2.0,-6.0,-83.0
1777889716.5923324,-3.0,-8.0,-85.0
1777889716.6023324,-6.0,-7.0,-75.0
1777889716.6123323,-9.0,-8.0,-76.0
1777889716.6223323,-9.0,-7.0,-77.0
1777889716.6323323,-6.0,-7.0,-85.0
1777889716.6423323,-7.0,-7.0,-93.0
1777889716.6523323,-8.0,-8.0,-93.0
1777889716.6623323,-9.0,-6.0,-87.0
1777889716.6723323,-6.0,-6.0,-82.0
1777889716.6823325,-2.0,-10.0,-79.0
1777889716.6923325,1.0,-9.0,-71.0
1777889716.7033324,3.0,-10.0,-73.0
1777889716.7133324,4.0,-9.0,-73.0
1777889716.7233324,9.0,-8.0,-67.0
1777889716.7333324,9.0,-1.0,-69.0
1777889716.7433324,2.0,-1.0,-70.0
1777889716.7533324,0.0,2.0,-68.0
1777889716.7633324,0.0,-2.0,-74.0
1777889716.7733324,-1.0,-6.0,-75.0
1777889716.7833323,-5.0,-2.0,-77.0
1777889716.7933323,-8.0,0.0,-79.0
1777889716.8033323,-2.0,0.0,-78.0
1777889716.8133323,-5.0,5.0,-82.0
1777889716.8233323,-5.0,9.0,-85.0
1777889716.8333323,0.0,11.0,-83.0
1777889716.8433323,-2.0,10.0,-85.0
1777889716.8533323,-3.0,6.0,-79.0
1777889716.8633325,-7.0,0.0,-78.0
1777889716.8733325,0.0,-1.0,-81.0
1777889716.8833325,2.0,-3.0,-85.0
1777889716.8933325,0.0,-6.0,-85.0
1777889716.9033325,0.0,-3.0,-76.0
1777889716.9133325,0.0,0.0,-76.0
1777889716.9233325,0.0,-1.0,-70.0
1777889716.9333324,-1.0,-1.0,-77.0
1777889716.9433324,-2.0,-3.0,-72.0
1777889716.9533324,-3.0,-2.0,-70.0
1777889716.9633324,0.0,-1.0,-81.0
1777889716.9733324,2.0,-4.0,-81.0
1777889716.9833324,3.0,-8.0,-79.0
1777889716.9933324,1.0,-8.0,-79.0
1777889717.0033324,4.0,-8.0,-79.0
1777889717.0133324,4.0,-5.0,-74.0
1777889717.0233324,7.0,-4.0,-68.0
1777889717.0333323,1.0,-3.0,-68.0
1777889717.0433323,-3.0,-2.0,-69.0
1777889717.0533323,0.0,-3.0,-74.0
1777889717.0633323,-3.0,-3.0,-81.0
1777889717.0733323,-4.0,-7.0,-85.0
1777889717.0833323,-3.0,-9.0,-85.0
1777889717.0933323,-1.0,-7.0,-84.0
1777889717.1033323,-4.0,-7.0,-76.0
1777889717.1133325,-6.0,-7.0,-77.0
1777889717.1233325,-7.0,-3.0,-79.0
1777889717.1333325,-4.0,-5.0,-79.0
1777889717.1433325,-5.0,-7.0,-75.0
1777889717.1533325,1.0,-8.0,-80.0
1777889717.1633325,5.0,-9.0,-75.0
1777889717.1733325,7.0,-9.0,-76.0
1777889717.1833324,6.0,-9.0,-75.0
1777889717.1933324,1.0,-3.0,-78.0
1777889717.2033324,0.0,0.0,-82.0
1777889717.2133324,-1.0,0.0,-82.0
1777889717.2233324,-3.0,2.0,-87.0
1777889717.2333324,-4.0,2.0,-88.0
1777889717.2433324,-2.0,-1.0,-78.0
1777889717.2533324,0.0,-3.0,-78.0
1777889717.2633324,0.0,-4.0,-78.0
1777889717.2733324,0.0,-8.0,-73.0
1777889717.2833323,0.0,-7.0,-71.0
1777889717.2933323,-2.0,-7.0,-69.0
1777889717.3033323,-5.0,-4.0,-70.0
1777889717.3133323,-6.0,-8.0,-66.0
1777889717.3233323,-1.0,-9.0,-66.0
1777889717.3333323,-2.0,-6.0,-63.0
1777889717.3433323,-2.0,-9.0,-61.0
1777889717.3533323,-4.0,-8.0,-62.0
1777889717.3633325,-5.0,-9.0,-68.0
1777889717.3733325,-5.0,-7.0,-68.0
1777889717.3833325,-5.0,-3.0,-65.0
1777889717.3933325,-2.0,-2.0,-69.0
1777889717.4033325,-1.0,1.0,-77.0
1777889717.4133325,0.0,2.0,-86.0
1777889717.4233325,-4.0,0.0,-87.0
1777889717.4333324,-4.0,-3.0,-80.0
1777889717.4433324,-3.0,-2.0,-73.0
1777889717.4533324,0.0,0.0,-78.0
1777889717.4633324,0.0,-3.0,-83.0
1777889717.4733324,0.0,-9.0,-83.0
1777889717.4833324,3.0,-5.0,-82.0
1777889717.4933324,1.0,-1.0,-83.0
1777889717.5033324,1.0,0.0,-89.0
1777889717.5133324,1.0,1.0,-92.0
1777889717.5233324,7.0,4.0,-84.0
1777889717.5333323,8.0,8.0,-85.0
1777889717.5433323,10.0,10.0,-80.0
1777889717.5533323,7.0,8.0,-80.0
1777889717.5633323,5.0,5.0,-81.0
1777889717.5733323,5.0,5.0,-84.0
1777889717.5833323,12.0,4.0,-84.0
1777889717.5933323,10.0,2.0,-79.0
1777889717.6033323,8.0,2.0,-79.0
1777889717.6133325,5.0,1.0,-74.0
1777889717.6233325,6.0,0.0,-75.0
1777889717.6333325,10.0,0.0,-78.0
1777889717.6433325,10.0,0.0,-76.0
1777889717.6533325,9.0,0.0,-75.0
1777889717.6633325,5.0,3.0,-80.0
1777889717.6733325,8.0,2.0,-77.0
1777889717.6833324,5.0,-1.0,-74.0
1777889717.6933324,5.0,-1.0,-85.0
1777889717.7033324,3.0,0.0,-87.0
1777889717.7133324,2.0,0.0,-87.0
1777889717.7233324,-2.0,3.0,-83.0
1777889717.7333324,-4.0,3.0,-79.0
1777889717.7433324,-1.0,4.0,-80.0
1777889717.7533324,-1.0,3.0,-78.0
1777889717.7633324,1.0,2.0,-78.0
1777889717.7733324,2.0,2.0,-71.0
1777889717.7833323,5.0,2.0,-69.0
1777889717.7933323,5.0,2.0,-60.0
1777889717.8033323,2.0,4.0,-61.0
1777889717.8133323,1.0,4.0,-59.0
1777889717.8233323,3.0,0.0,-69.0
1777889717.8333323,0.0,2.0,-67.0
1777889717.8433323,-2.0,1.0,-72.0
1777889717.8533323,-1.0,1.0,-65.0
1777889717.8633325,-3.0,5.0,-65.0
1777889717.8733325,-4.0,9.0,-71.0
1777889717.8833325,-3.0,7.0,-69.0
1777889717.8933325,0.0,3.0,-74.0
1777889717.9033325,0.0,0.0,-74.0
1777889717.9133325,3.0,-1.0,-72.0
1777889717.9233325,4.0,0.0,-74.0
1777889717.9333324,1.0,-1.0,-74.0
1777889717.9433324,1.0,1.0,-73.0
1777889717.9533324,2.0,1.0,-78.0
1777889717.9633324,1.0,3.0,-82.0
1777889717.9733324,1.0,1.0,-71.0
1777889717.9833324,2.0,1.0,-67.0
1777889717.9933324,0.0,2.0,-75.0
1777889718.0033324,1.0,4.0,-72.0
1777889718.0133324,-1.0,1.0,-65.0
1777889718.0233324,0.0,0.0,-71.0
1777889718.0333323,2.0,0.0,-74.0
1777889718.0433323,4.0,4.0,-81.0
1777889718.0533323,4.0,6.0,-75.0
1777889718.0633323,2.0,4.0,-72.0
1777889718.0733323,4.0,4.0,-64.0
1777889718.0833323,1.0,1.0,-68.0
1777889718.0933323,4.0,3.0,-67.0
1777889718.1033323,0.0,1.0,-67.0
1777889718.1133325,0.0,4.0,-66.0
1777889718.1233325,-2.0,2.0,-66.0
1777889718.1333325,0.0,4.0,-66.0
1777889718.1433325,6.0,1.0,-67.0
1777889718.1533325,6.0,3.0,-70.0
1777889718.1633325,3.0,1.0,-76.0
1777889718.1733325,0.0,1.0,-74.0
1777889718.1833324,-9.0,0.0,-71.0
1777889718.1933324,-7.0,-1.0,-66.0
1777889718.2033324,-8.0,-1.0,-72.0
1777889718.2133324,-2.0,3.0,-71.0
1777889718.2233324,1.0,2.0,-76.0
1777889718.2333324,2.0,1.0,-86.0
1777889718.2433324,4.0,0.0,-86.0
1777889718.2533324,7.0,1.0,-86.0
1777889718.2633324,6.0,2.0,-85.0
1777889718.2733324,6.0,-2.0,-85.0
1777889718.2833323,6.0,-2.0,-84.0
1777889718.2933323,3.0,-5.0,-82.0
1777889718.3033323,2.0,-2.0,-82.0
1777889718.3133323,6.0,2.0,-86.0
1777889718.3233323,1.0,3.0,-84.0
1777889718.3333323,-1.0,3.0,-91.0
1777889718.3433323,-2.0,2.0,-92.0
1777889718.3533323,-3.0,4.0,-87.0
1777889718.3633325,-4.0,0.0,-87.0
1777889718.3733325,-1.0,2.0,-91.0
1777889718.3833325,0.0,0.0,-91.0
1777889718.3933325,0.0,0.0,-92.0
1777889718.4033325,-3.0,-2.0,-94.0
1777889718.4133325,0.0,-5.0,-86.0
1777889718.4233325,0.0,-4.0,-81.0
1777889718.4333324,1.0,-5.0,-74.0
1777889718.4433324,2.0,-2.0,-72.0
1777889718.4533324,3.0,-4.0,-75.0
1777889718.4633324,5.0,-5.0,-80.0
1777889718.4733324,7.0,-3.0,-75.0
1777889718.4833324,7.0,-1.0,-71.0
1777889718.4933324,8.0,1.0,-80.0
1777889718.5033324,8.0,2.0,-77.0
1777889718.5133324,7.0,1.0,-76.0
1777889718.5233324,9.0,4.0,-76.0
1777889718.5333323,8.0,2.0,-77.0
1777889718.5433323,9.0,1.0,-78.0
1777889718.5533323,4.0,0.0,-71.0
1777889718.5633323,1.0,-1.0,-66.0
1777889718.5733323,1.0,-6.0,-71.0
1777889718.5833323,1.0,-4.0,-73.0
1777889718.5933323,-4.0,-4.0,-69.0
1777889718.6033323,-3.0,-6.0,-76.0
1777889718.6133325,-6.0,-7.0,-69.0
1777889718.6233325,-2.0,-7.0,-70.0
1777889718.6333325,0.0,-6.0,-74.0
1777889718.6433325,0.0,-3.0,-79.0
1777889718.6533325,-1.0,0.0,-76.0
1777889718.6633325,0.0,4.0,-81.0
1777889718.6733325,0.0,3.0,-78.0
1777889718.6833324,-5.0,-1.0,-69.0
1777889718.6943324,-1.0,0.0,-83.0
1777889718.7043324,4.0,-1.0,-86.0
1777889718.7143323,3.0,-2.0,-82.0
1777889718.7243323,0.0,-4.0,-79.0
1777889718.7343323,-1.0,-4.0,-75.0
1777889718.7443323,0.0,-3.0,-73.0
1777889718.7543323,-3.0,-4.0,-69.0
1777889718.7643323,-3.0,-4.0,-67.0
1777889718.7743323,-4.0,-8.0,-67.0
1777889718.7843325,-10.0,-10.0,-70.0
1777889718.7943325,-10.0,-8.0,-74.0
1777889718.8043325,-10.0,-7.0,-78.0
1777889718.8143325,-9.0,-1.0,-76.0
1777889718.8243325,-5.0,0.0,-77.0
1777889718.8343325,0.0,0.0,-73.0
1777889718.8443325,1.0,-3.0,-73.0
1777889718.8543324,3.0,-8.0,-76.0
1777889718.8643324,4.0,-7.0,-87.0
1777889718.8743324,0.0,-5.0,-82.0
1777889718.8843324,-1.0,-5.0,-82.0
1777889718.8943324,-1.0,-6.0,-86.0
1777889718.9043324,1.0,-1.0,-83.0
1777889718.9143324,2.0,0.0,-80.0
1777889718.9243324,-1.0,-1.0,-77.0
1777889718.9343324,0.0,-1.0,-71.0
1777889718.9443324,0.0,0.0,-74.0
1777889718.9543324,2.0,-1.0,-79.0
1777889718.9643323,1.0,0.0,-75.0
1777889718.9743323,0.0,0.0,-72.0
1777889718.9843323,-1.0,0.0,-71.0
1777889718.9943323,0.0,1.0,-79.0
1777889719.0043323,-3.0,4.0,-78.0
1777889719.0143323,3.0,3.0,-89.0
1777889719.0243323,0.0,2.0,-84.0
1777889719.0343325,-3.0,7.0,-84.0
1777889719.0443325,-4.0,6.0,-78.0
1777889719.0543325,1.0,0.0,-82.0
1777889719.0643325,0.0,0.0,-80.0
1777889719.0743325,3.0,0.0,-77.0
1777889719.0843325,5.0,0.0,-80.0
1777889719.0943325,4.0,-3.0,-84.0
1777889719.1043324,1.0,-2.0,-85.0
1777889719.1143324,-1.0,-5.0,-85.0
1777889719.1243324,2.0,-4.0,-87.0
1777889719.1343324,4.0,-4.0,-86.0
1777889719.1443324,-1.0,2.0,-78.0
1777889719.1543324,0.0,4.0,-77.0
1777889719.1643324,-3.0,2.0,-72.0
1777889719.1743324,-2.0,4.0,-77.0
1777889719.1843324,-1.0,4.0,-85.0
1777889719.1943324,0.0,4.0,-88.0
1777889719.2043324,3.0,3.0,-86.0
1777889719.2143323,3.0,5.0,-81.0
1777889719.2243323,7.0,4.0,-76.0
1777889719.2343323,2.0,0.0,-72.0
1777889719.2443323,1.0,-1.0,-68.0
1777889719.2543323,0.0,-5.0,-72.0
1777889719.2643323,1.0,-8.0,-68.0
1777889719.2743323,2.0,-9.0,-67.0
1777889719.2843325,2.0,-13.0,-62.0
1777889719.2943325,2.0,-11.0,-67.0
1777889719.3043325,5.0,-10.0,-69.0
1777889719.3143325,6.0,-7.0,-68.0
1777889719.3243325,9.0,0.0,-70.0
1777889719.3343325,5.0,1.0,-69.0
1777889719.3443325,1.0,-1.0,-71.0
1777889719.3543324,5.0,0.0,-75.0
1777889719.3643324,3.0,4.0,-74.0
1777889719.3743324,2.0,4.0,-71.0
1777889719.3843324,1.0,2.0,-75.0
1777889719.3943324,5.0,1.0,-72.0
1777889719.4043324,8.0,1.0,-70.0
1777889719.4143324,12.0,-1.0,-71.0
1777889719.4243324,9.0,5.0,-77.0
1777889719.4343324,8.0,4.0,-78.0
1777889719.4443324,6.0,1.0,-78.0
1777889719.4543324,6.0,-2.0,-74.0
1777889719.4643323,6.0,-1.0,-72.0
1777889719.4743323,4.0,-2.0,-73.0
1777889719.4843323,-1.0,-3.0,-66.0
1777889719.4943323,-1.0,0.0,-72.0
1777889719.5043323,-2.0,0.0,-81.0
1777889719.5143323,-7.0,1.0,-76.0
1777889719.5243323,-6.0,-1.0,-75.0
1777889719.5343325,0.0,1.0,-74.0
1777889719.5443325,0.0,3.0,-75.0
1777889719.5543325,3.0,5.0,-77.0
1777889719.5643325,2.0,6.0,-79.0
1777889719.5743325,3.0,3.0,-83.0
1777889719.5843325,1.0,3.0,-85.0
1777889719.5943325,0.0,3.0,-83.0
1777889719.6043324,2.0,4.0,-80.0
1777889719.6143324,-1.0,7.0,-78.0
1777889719.6243324,-2.0,9.0,-78.0
1777889719.6343324,0.0,5.0,-84.0
1777889719.6443324,-1.0,0.0,-77.0
1777889719.6543324,-5.0,0.0,-78.0
1777889719.6643324,-10.0,0.0,-76.0
1777889719.6743324,-4.0,0.0,-78.0
1777889719.6843324,0.0,0.0,-77.0
1777889719.6943324,0.0,-1.0,-79.0
1777889719.7043324,4.0,3.0,-79.0
1777889719.7143323,2.0,6.0,-82.0
1777889719.7243323,3.0,3.0,-80.0
1777889719.7343323,5.0,0.0,-81.0
1777889719.7443323,2.0,2.0,-75.0
1777889719.7543323,3.0,1.0,-78.0
1777889719.7643323,2.0,-1.0,-72.0
1777889719.7743323,0.0,-5.0,-69.0
1777889719.7843325,0.0,-5.0,-71.0
1777889719.7943325,-1.0,-7.0,-73.0
1777889719.8043325,-1.0,-7.0,-67.0
1777889719.8143325,-6.0,-5.0,-66.0
1777889719.8243325,-9.0,-5.0,-68.0
1777889719.8343325,-1.0,-8.0,-68.0
1777889719.8443325,-2.0,0.0,-67.0
1777889719.8543324,-1.0,4.0,-73.0
1777889719.8643324,0.0,1.0,-73.0
1777889719.8743324,0.0,0.0,-79.0
1777889719.8843324,4.0,0.0,-82.0
1777889719.8943324,2.0,1.0,-78.0
1777889719.9043324,0.0,3.0,-72.0
1777889719.9143324,0.0,4.0,-74.0
1777889719.9243324,3.0,3.0,-77.0
1777889719.9343324,6.0,5.0,-72.0
1777889719.9443324,9.0,4.0,-71.0
1777889719.9543324,6.0,6.0,-67.0
1777889719.9643323,7.0,3.0,-52.0
1777889719.9743323,6.0,0.0,-51.0
1777889719.9843323,6.0,-2.0,-61.0
1777889719.9943323,1.0,0.0,-60.0
1777889720.0043323,4.0,0.0,-57.0
1777889720.0143323,2.0,1.0,-59.0
1777889720.0243323,1.0,0.0,-61.0
1777889720.0343325,-7.0,-1.0,-66.0
1777889720.0443325,-5.0,-2.0,-68.0
1777889720.0543325,-5.0,-3.0,-71.0
1777889720.0643325,-1.0,-4.0,-71.0
1777889720.0743325,1.0,-4.0,-66.0
1777889720.0843325,0.0,-6.0,-66.0
1777889720.0943325,-2.0,-5.0,-61.0
1777889720.1043324,0.0,-6.0,-66.0
1777889720.1143324,3.0,-3.0,-64.0
1777889720.1243324,5.0,-5.0,-67.0
1777889720.1343324,3.0,-2.0,-66.0
1777889720.1443324,4.0,0.0,-63.0
1777889720.1543324,3.0,-2.0,-68.0
1777889720.1643324,5.0,-5.0,-73.0
1777889720.1743324,4.0,-5.0,-76.0
1777889720.1843324,4.0,-2.0,-78.0
1777889720.1943324,6.0,-1.0,-75.0
1777889720.2043324,7.0,0.0,-71.0
1777889720.2143323,6.0,0.0,-68.0
1777889720.2243323,3.0,3.0,-65.0
1777889720.2343323,3.0,1.0,-63.0
1777889720.2443323,4.0,0.0,-64.0
1777889720.2543323,5.0,1.0,-59.0
1777889720.2643323,5.0,-1.0,-59.0
1777889720.2743323,6.0,-3.0,-62.0
1777889720.2843325,5.0,-2.0,-66.0
1777889720.2943325,4.0,0.0,-70.0
1777889720.3043325,1.0,-1.0,-74.0
1777889720.3143325,-2.0,0.0,-77.0
1777889720.3243325,-5.0,0.0,-77.0
1777889720.3343325,-6.0,1.0,-72.0
1777889720.3443325,-6.0,-2.0,-67.0
1777889720.3543324,-4.0,-1.0,-65.0
1777889720.3643324,-5.0,-1.0,-75.0
1777889720.3743324,-1.0,1.0,-74.0
1777889720.3843324,-2.0,0.0,-76.0
1777889720.3943324,1.0,0.0,-77.0
1777889720.4043324,5.0,0.0,-77.0
1777889720.4143324,6.0,-1.0,-78.0
1777889720.4243324,2.0,-2.0,-79.0
1777889720.4343324,2.0,-4.0,-79.0
1777889720.4443324,0.0,-4.0,-77.0
1777889720.4543324,-3.0,-4.0,-76.0
1777889720.4643323,-4.0,-3.0,-74.0
1777889720.4743323,-2.0,-3.0,-72.0
1777889720.4843323,-4.0,-2.0,-74.0
1777889720.4943323,-5.0,-5.0,-73.0
1777889720.5043323,-6.0,0.0,-80.0
1777889720.5143323,-8.0,-2.0,-81.0
1777889720.5243323,-10.0,-2.0,-78.0
1777889720.5343325,-5.0,-2.0,-73.0
1777889720.5443325,0.0,-4.0,-74.0
1777889720.5543325,3.0,-2.0,-76.0
1777889720.5643325,4.0,-2.0,-70.0
1777889720.5743325,3.0,-2.0,-71.0
1777889720.5843325,5.0,3.0,-73.0
1777889720.5943325,7.0,5.0,-73.0
1777889720.6043324,2.0,-1.0,-72.0
1777889720.6143324,0.0,-2.0,-70.0
1777889720.6243324,0.0,-1.0,-66.0
1777889720.6343324,0.0,-2.0,-63.0
1777889720.6443324,6.0,-4.0,-63.0
1777889720.6553323,7.0,-5.0,-67.0
1777889720.6653323,3.0,-5.0,-71.0
1777889720.6743324,8.0,-7.0,-76.0
1777889720.6853323,4.0,-2.0,-75.0
1777889720.6953323,3.0,0.0,-76.0
1777889720.7053325,0.0,0.0,-79.0
1777889720.7153325,-6.0,-3.0,-82.0
1777889720.7243323,-3.0,-6.0,-80.0
1777889720.7353325,-5.0,-3.0,-79.0
1777889720.7453325,-7.0,-2.0,-75.0
1777889720.7553325,-6.0,-1.0,-76.0
1777889720.7653325,-3.0,-3.0,-80.0
1777889720.7753325,3.0,-2.0,-73.0
1777889720.7853324,1.0,-3.0,-72.0
1777889720.7953324,1.0,-1.0,-71.0
1777889720.8053324,0.0,-4.0,-58.0
1777889720.8153324,3.0,-6.0,-65.0
1777889720.8253324,2.0,-6.0,-70.0
1777889720.8353324,-1.0,-5.0,-74.0
1777889720.8453324,0.0,-3.0,-77.0
1777889720.8553324,-2.0,-4.0,-79.0
1777889720.8653324,-2.0,-2.0,-78.0
1777889720.8753324,-6.0,0.0,-76.0
1777889720.8853323,-6.0,0.0,-66.0
1777889720.8953323,-4.0,3.0,-68.0
1777889720.9053323,-2.0,1.0,-68.0
1777889720.9153323,-4.0,4.0,-66.0
1777889720.9253323,-3.0,2.0,-66.0
1777889720.9353323,-2.0,0.0,-72.0
1777889720.9453323,-4.0,-2.0,-68.0
1777889720.9553325,-5.0,-2.0,-72.0
1777889720.9653325,-1.0,-2.0,-71.0
1777889720.9753325,-2.0,1.0,-72.0
1777889720.9853325,-4.0,3.0,-70.0
1777889720.9953325,0.0,1.0,-72.0
1777889721.0053325,0.0,-2.0,-75.0
1777889721.0153325,-1.0,0.0,-71.0
1777889721.0253325,-1.0,1.0,-66.0
1777889721.0353324,-2.0,4.0,-62.0
1777889721.0453324,-4.0,2.0,-67.0
1777889721.0553324,0.0,-1.0,-72.0
1777889721.0653324,4.0,0.0,-76.0
1777889721.0753324,5.0,-2.0,-75.0
1777889721.0853324,0.0,-5.0,-77.0
1777889721.0953324,0.0,-3.0,-76.0
1777889721.1053324,2.0,0.0,-73.0
1777889721.1153324,5.0,-2.0,-70.0
1777889721.1253324,5.0,3.0,-72.0
1777889721.1353323,3.0,2.0,-75.0
1777889721.1453323,4.0,2.0,-77.0
1777889721.1553323,4.0,0.0,-76.0
1777889721.1653323,4.0,1.0,-72.0
1777889721.1753323,4.0,0.0,-67.0
1777889721.1853323,2.0,0.0,-71.0
1777889721.1953323,4.0,-2.0,-67.0
1777889721.2053325,2.0,-3.0,-70.0
1777889721.2153325,3.0,-2.0,-69.0
1777889721.2253325,-4.0,0.0,-71.0
1777889721.2353325,-8.0,0.0,-70.0
1777889721.2453325,-9.0,2.0,-62.0
1777889721.2553325,-7.0,-2.0,-55.0
1777889721.2653325,-3.0,-1.0,-61.0
1777889721.2753325,-6.0,-4.0,-63.0
1777889721.2853324,-1.0,-4.0,-65.0
1777889721.2953324,-3.0,-3.0,-68.0
1777889721.3053324,-4.0,-2.0,-70.0
1777889721.3153324,-4.0,-1.0,-81.0
1777889721.3253324,-4.0,0.0,-78.0
1777889721.3353324,-4.0,2.0,-77.0
1777889721.3453324,-1.0,1.0,-74.0
1777889721.3553324,5.0,-2.0,-72.0
1777889721.3653324,6.0,-3.0,-81.0
1777889721.3753324,2.0,-4.0,-83.0
1777889721.3853323,1.0,-1.0,-79.0
1777889721.3953323,2.0,5.0,-74.0
1777889721.4053323,1.0,5.0,-76.0
1777889721.4153323,0.0,3.0,-72.0
1777889721.4253323,-1.0,0.0,-76.0
1777889721.4353323,0.0,3.0,-79.0
1777889721.4453323,-3.0,6.0,-76.0
1777889721.4553325,0.0,2.0,-72.0
1777889721.4653325,2.0,-4.0,-70.0
1777889721.4753325,6.0,-3.0,-66.0
1777889721.4853325,2.0,-1.0,-72.0
1777889721.4953325,0.0,-1.0,-68.0
1777889721.5053325,0.0,-1.0,-70.0
1777889721.5153325,2.0,-3.0,-66.0
1777889721.5253325,7.0,-1.0,-66.0
1777889721.5353324,7.0,1.0,-72.0
1777889721.5453324,9.0,3.0,-75.0
1777889721.5553324,9.0,-1.0,-85.0
1777889721.5653324,7.0,0.0,-85.0
1777889721.5753324,10.0,4.0,-84.0
1777889721.5853324,5.0,4.0,-82.0
1777889721.5953324,4.0,0.0,-76.0
1777889721.6053324,0.0,1.0,-73.0
1777889721.6153324,-1.0,-1.0,-74.0
1777889721.6253324,-4.0,0.0,-72.0
1777889721.6353323,-3.0,4.0,-74.0
1777889721.6453323,-4.0,5.0,-74.0
1777889721.6553323,-3.0,4.0,-71.0
1777889721.6653323,-1.0,3.0,-78.0
1777889721.6753323,1.0,5.0,-82.0
1777889721.6853323,-2.0,3.0,-72.0
1777889721.6953323,-2.0,0.0,-74.0
1777889721.7053325,2.0,0.0,-71.0
1777889721.7153325,3.0,-3.0,-68.0
1777889721.7253325,3.0,0.0,-72.0
1777889721.7353325,0.0,-4.0,-70.0
1777889721.7453325,2.0,-3.0,-74.0
1777889721.7553325,0.0,-4.0,-70.0
1777889721.7653325,1.0,-5.0,-74.0
1777889721.7753325,0.0,-8.0,-72.0
1777889721.7853324,1.0,-3.0,-70.0
1777889721.7953324,0.0,0.0,-75.0
1777889721.8053324,4.0,0.0,-74.0
1777889721.8153324,5.0,0.0,-83.0
1777889721.8253324,5.0,-2.0,-87.0
1777889721.8353324,6.0,3.0,-86.0
1777889721.8453324,8.0,2.0,-85.0
1777889721.8553324,14.0,1.0,-85.0
1777889721.8653324,13.0,-1.0,-88.0
1777889721.8753324,8.0,-4.0,-88.0
1777889721.8853323,5.0,-4.0,-84.0
1777889721.8953323,3.0,-2.0,-80.0
1777889721.9053323,4.0,-1.0,-81.0
1777889721.9153323,0.0,-1.0,-82.0
1777889721.9253323,0.0,-6.0,-84.0
1777889721.9353323,-2.0,-9.0,-81.0
1777889721.9453323,0.0,-7.0,-77.0
1777889721.9553325,-2.0,-2.0,-82.0
1777889721.9653325,-3.0,-2.0,-81.0
1777889721.9753325,0.0,0.0,-77.0
1777889721.9853325,1.0,2.0,-72.0
1777889721.9953325,6.0,-1.0,-78.0
1777889722.0053325,7.0,0.0,-73.0
1777889722.0153325,5.0,-2.0,-73.0
1777889722.0253325,3.0,-5.0,-70.0
1777889722.0353324,2.0,-3.0,-73.0
1777889722.0453324,1.0,-4.0,-74.0
1777889722.0553324,-1.0,-6.0,-74.0
1777889722.0653324,-1.0,-2.0,-76.0
1777889722.0753324,-1.0,1.0,-74.0
1777889722.0853324,0.0,3.0,-66.0
1777889722.0953324,1.0,0.0,-75.0
1777889722.1053324,3.0,-1.0,-78.0
1777889722.1153324,2.0,-2.0,-69.0
1777889722.1253324,5.0,-2.0,-73.0
1777889722.1353323,5.0,-3.0,-75.0
1777889722.1453323,3.0,-6.0,-80.0
1777889722.1553323,5.0,-4.0,-79.0
1777889722.1653323,5.0,-5.0,-80.0
1777889722.1753323,7.0,-1.0,-73.0
1777889722.1853323,3.0,2.0,-74.0
1777889722.1953323,0.0,5.0,-79.0
1777889722.2053325,1.0,3.0,-85.0
1777889722.2153325,0.0,2.0,-78.0
1777889722.2253325,2.0,0.0,-76.0
1777889722.2353325,1.0,-2.0,-79.0
1777889722.2453325,1.0,-3.0,-81.0
1777889722.2553325,4.0,1.0,-75.0
1777889722.2653325,0.0,1.0,-72.0
1777889722.2753325,-2.0,0.0,-76.0
1777889722.2853324,-3.0,-2.0,-77.0
1777889722.2953324,-1.0,-2.0,-72.0
1777889722.3053324,0.0,0.0,-68.0
1777889722.3153324,0.0,1.0,-66.0
1777889722.3253324,1.0,0.0,-74.0
1777889722.3353324,6.0,-2.0,-76.0
1777889722.3453324,6.0,-2.0,-73.0
1777889722.3553324,2.0,-2.0,-68.0
1777889722.3653324,3.0,-8.0,-72.0
1777889722.3753324,8.0,-5.0,-76.0
1777889722.3853323,3.0,-4.0,-74.0
1777889722.3953323,1.0,-4.0,-73.0
1777889722.4053323,1.0,-2.0,-68.0
1777889722.4153323,6.0,-3.0,-74.0
1777889722.4253323,7.0,0.0,-73.0
1777889722.4353323,2.0,3.0,-71.0
1777889722.4453323,0.0,-2.0,-77.0
1777889722.4553325,0.0,-5.0,-79.0
1777889722.4653325,-3.0,-7.0,-77.0
1777889722.4753325,0.0,-8.0,-73.0
1777889722.4853325,0.0,-6.0,-69.0
1777889722.4953325,0.0,-7.0,-68.0
1777889722.5053325,-3.0,-6.0,-66.0
1777889722.5153325,-2.0,-5.0,-68.0
1777889722.5253325,0.0,-3.0,-73.0
1777889722.5353324,-1.0,-4.0,-74.0
1777889722.5453324,0.0,-1.0,-75.0
1777889722.5553324,0.0,-1.0,-75.0
1777889722.5653324,2.0,-2.0,-70.0
1777889722.5753324,2.0,-1.0,-77.0
1777889722.5853324,4.0,0.0,-71.0
1777889722.5953324,3.0,0.0,-79.0
1777889722.6053324,0.0,2.0,-81.0
1777889722.6153324,1.0,1.0,-72.0
1777889722.6263323,6.0,1.0,-73.0
1777889722.6363325,3.0,0.0,-77.0
1777889722.6463325,2.0,-3.0,-79.0
1777889722.6563325,-1.0,-1.0,-75.0
1777889722.6663325,-8.0,1.0,-68.0
1777889722.6763325,-9.0,4.0,-63.0
1777889722.6863325,-8.0,0.0,-77.0
1777889722.6963325,-6.0,-1.0,-83.0
1777889722.7063324,-1.0,-4.0,-76.0
1777889722.7163324,0.0,-3.0,-78.0
1777889722.7263324,1.0,-6.0,-74.0
1777889722.7363324,-3.0,-10.0,-72.0
1777889722.7463324,1.0,-11.0,-68.0
1777889722.7563324,3.0,-9.0,-74.0
1777889722.7663324,6.0,-7.0,-74.0
1777889722.7763324,2.0,-6.0,-74.0
1777889722.7863324,0.0,-6.0,-74.0
1777889722.7963324,-2.0,-6.0,-72.0
1777889722.8063323,-3.0,-4.0,-68.0
1777889722.8163323,-3.0,-3.0,-67.0
1777889722.8263323,-2.0,-7.0,-58.0
1777889722.8363323,0.0,-6.0,-64.0
1777889722.8463323,1.0,-1.0,-63.0
1777889722.8563323,5.0,2.0,-63.0
1777889722.8663323,6.0,2.0,-69.0
1777889722.8763323,3.0,1.0,-71.0
1777889722.8863325,3.0,2.0,-74.0
1777889722.8963325,2.0,3.0,-77.0
1777889722.9063325,4.0,0.0,-79.0
1777889722.9163325,4.0,-3.0,-79.0
1777889722.9263325,4.0,-4.0,-75.0
1777889722.9363325,1.0,-3.0,-80.0
1777889722.9463325,-1.0,-4.0,-77.0
1777889722.9563324,-3.0,-3.0,-75.0
1777889722.9663324,-3.0,-4.0,-67.0
1777889722.9763324,-2.0,-3.0,-72.0
1777889722.9863324,-1.0,0.0,-72.0
1777889722.9963324,1.0,1.0,-69.0
1777889723.0063324,1.0,3.0,-69.0
1777889723.0163324,0.0,6.0,-68.0
1777889723.0263324,-1.0,1.0,-67.0
1777889723.0363324,-7.0,3.0,-73.0
1777889723.0463324,-6.0,4.0,-71.0
1777889723.0563323,-1.0,4.0,-68.0
1777889723.0663323,2.0,6.0,-65.0
1777889723.0763323,3.0,3.0,-75.0
1777889723.0863323,1.0,1.0,-81.0
1777889723.0963323,2.0,-2.0,-84.0
1777889723.1063323,0.0,0.0,-87.0
1777889723.1163323,2.0,5.0,-90.0
1777889723.1263323,5.0,4.0,-87.0
1777889723.1363325,6.0,1.0,-88.0
1777889723.1463325,4.0,-1.0,-82.0
1777889723.1563325,0.0,0.0,-79.0
1777889723.1663325,-2.0,0.0,-72.0
1777889723.1763325,0.0,1.0,-68.0
1777889723.1863325,0.0,2.0,-76.0
1777889723.1963325,0.0,-1.0,-73.0
1777889723.2063324,0.0,-3.0,-79.0
1777889723.2163324,-1.0,0.0,-79.0
1777889723.2263324,-2.0,0.0,-85.0
1777889723.2363324,-2.0,-5.0,-83.0
1777889723.2463324,-3.0,-4.0,-82.0
1777889723.2563324,-6.0,-5.0,-75.0
1777889723.2663324,-6.0,-6.0,-76.0
1777889723.2763324,-7.0,-4.0,-76.0
1777889723.2863324,-2.0,1.0,-77.0
1777889723.2963324,0.0,0.0,-75.0
1777889723.3063323,4.0,0.0,-74.0
1777889723.3163323,4.0,0.0,-79.0
1777889723.3263323,0.0,-2.0,-75.0
1777889723.3363323,-2.0,-2.0,-82.0
1777889723.3463323,-1.0,-1.0,-88.0
1777889723.3563323,0.0,-5.0,-90.0
1777889723.3663323,-3.0,-4.0,-91.0
1777889723.3763323,-3.0,-5.0,-89.0
1777889723.3863325,0.0,-1.0,-91.0
1777889723.3963325,-1.0,-3.0,-81.0
1777889723.4063325,-4.0,-5.0,-76.0
1777889723.4163325,-8.0,-4.0,-78.0
1777889723.4263325,-9.0,-4.0,-80.0
1777889723.4363325,-5.0,-2.0,-85.0
1777889723.4463325,-4.0,-2.0,-86.0
1777889723.4563324,-1.0,1.0,-81.0
1777889723.4663324,-4.0,3.0,-68.0
1777889723.4763324,-6.0,2.0,-72.0
1777889723.4863324,-7.0,1.0,-75.0
1777889723.4963324,-4.0,2.0,-73.0
1777889723.5063324,-2.0,1.0,-74.0
1777889723.5163324,0.0,-1.0,-73.0
1777889723.5263324,0.0,-3.0,-72.0
1777889723.5363324,2.0,-5.0,-69.0
1777889723.5463324,-4.0,-6.0,-64.0
1777889723.5563323,-3.0,-4.0,-64.0
1777889723.5663323,-3.0,-1.0,-67.0
1777889723.5763323,-1.0,0.0,-62.0
1777889723.5863323,-1.0,-5.0,-64.0
1777889723.5963323,0.0,-4.0,-68.0
1777889723.6063323,-1.0,0.0,-72.0
1777889723.6163323,0.0,1.0,-73.0
1777889723.6263323,0.0,-4.0,-75.0
1777889723.6363325,0.0,-5.0,-77.0
1777889723.6463325,3.0,-9.0,-81.0
1777889723.6563325,-3.0,-7.0,-81.0
1777889723.6663325,-3.0,-7.0,-80.0
1777889723.6763325,-1.0,-7.0,-74.0
1777889723.6863325,0.0,0.0,-78.0
1777889723.6963325,-2.0,2.0,-79.0
1777889723.7063324,-4.0,-1.0,-77.0
1777889723.7163324,-9.0,-5.0,-71.0
1777889723.7263324,-13.0,-3.0,-76.0
1777889723.7363324,-6.0,-1.0,-78.0
1777889723.7463324,-5.0,-1.0,-78.0
1777889723.7563324,-5.0,0.0,-81.0
1777889723.7663324,-1.0,1.0,-77.0
1777889723.7763324,0.0,1.0,-80.0
1777889723.7863324,0.0,-1.0,-74.0
1777889723.7963324,2.0,-1.0,-78.0
1777889723.8063323,1.0,-2.0,-76.0
1777889723.8163323,1.0,-1.0,-76.0
1777889723.8263323,0.0,-7.0,-81.0
1777889723.8363323,2.0,-7.0,-81.0
1777889723.8463323,2.0,-5.0,-82.0
1777889723.8563323,4.0,-2.0,-79.0
1777889723.8663323,1.0,1.0,-74.0
1777889723.8763323,0.0,0.0,-70.0
1777889723.8863325,0.0,8.0,-67.0
1777889723.8963325,0.0,9.0,-65.0
1777889723.9063325,2.0,5.0,-69.0
1777889723.9163325,6.0,2.0,-66.0
1777889723.9263325,4.0,1.0,-64.0
1777889723.9363325,2.0,0.0,-67.0
1777889723.9463325,0.0,-2.0,-65.0
1777889723.9563324,0.0,-1.0,-70.0
1777889723.9663324,-2.0,-1.0,-71.0
1777889723.9763324,-4.0,-2.0,-73.0
1777889723.9863324,-3.0,0.0,-76.0
1777889723.9963324,-3.0,-1.0,-72.0
1777889724.0063324,-1.0,0.0,-74.0
1777889724.0163324,0.0,5.0,-77.0
1777889724.0263324,3.0,7.0,-75.0
1777889724.0363324,-3.0,4.0,-68.0
1777889724.0463324,-6.0,4.0,-68.0
1777889724.0563323,-7.0,0.0,-75.0
1777889724.0663323,-4.0,-2.0,-65.0
1777889724.0763323,-5.0,-3.0,-64.0
1777889724.0863323,-5.0,-6.0,-63.0
1777889724.0963323,-3.0,-4.0,-64.0
1777889724.1063323,-2.0,-4.0,-61.0
1777889724.1163323,-5.0,-8.0,-61.0
1777889724.1263323,-1.0,-8.0,-60.0
1777889724.1363325,-2.0,-8.0,-69.0
1777889724.1463325,2.0,-8.0,-70.0
1777889724.1563325,0.0,-8.0,-69.0
1777889724.1663325,2.0,-10.0,-71.0
1777889724.1763325,0.0,-12.0,-68.0
1777889724.1863325,-4.0,-14.0,-76.0
1777889724.1963325,-2.0,-11.0,-83.0
1777889724.2063324,-3.0,-5.0,-81.0
1777889724.2163324,-5.0,-7.0,-82.0
1777889724.2263324,-7.0,-4.0,-77.0
1777889724.2363324,-9.0,-5.0,-76.0
1777889724.2463324,-5.0,-3.0,-81.0
1777889724.2563324,-5.0,-4.0,-82.0
1777889724.2663324,-6.0,-5.0,-81.0
1777889724.2763324,-2.0,-4.0,-75.0
1777889724.2863324,2.0,-3.0,-69.0
1777889724.2963324,-1.0,-3.0,-63.0
1777889724.3063323,-1.0,-3.0,-60.0
1777889724.3163323,0.0,-1.0,-64.0
1777889724.3273325,0.0,0.0,-70.0
1777889724.3363323,4.0,3.0,-75.0
1777889724.3463323,1.0,3.0,-67.0
1777889724.3563323,7.0,0.0,-68.0
1777889724.3663323,7.0,-2.0,-73.0
1777889724.3763323,4.0,-5.0,-73.0
1777889724.3863325,3.0,-2.0,-77.0
1777889724.3963325,3.0,-1.0,-73.0
1777889724.4063325,2.0,-1.0,-79.0
1777889724.4163325,1.0,0.0,-84.0
1777889724.4263325,0.0,2.0,-76.0
1777889724.4363325,1.0,1.0,-74.0
1777889724.4463325,-1.0,-2.0,-75.0
1777889724.4563324,-2.0,1.0,-78.0
1777889724.4663324,1.0,3.0,-76.0
1777889724.4763324,0.0,8.0,-79.0
1777889724.4863324,1.0,7.0,-77.0
1777889724.4963324,2.0,4.0,-79.0
1777889724.5063324,0.0,5.0,-77.0
1777889724.5163324,4.0,6.0,-76.0
1777889724.5263324,0.0,5.0,-84.0
1777889724.5363324,0.0,5.0,-75.0
1777889724.5463324,-2.0,5.0,-75.0
1777889724.5563323,0.0,4.0,-76.0
1777889724.5663323,5.0,1.0,-68.0
1777889724.5763323,4.0,4.0,-69.0
1777889724.5863323,2.0,1.0,-64.0
1777889724.5963323,0.0,1.0,-71.0
1777889724.6073325,-1.0,1.0,-69.0
1777889724.6163323,0.0,0.0,-73.0
1777889724.6273324,-1.0,2.0,-73.0
1777889724.6373324,-3.0,1.0,-80.0
1777889724.6473324,-3.0,2.0,-76.0
1777889724.6573324,-1.0,0.0,-75.0
1777889724.6673324,0.0,1.0,-72.0
1777889724.6773324,0.0,1.0,-71.0
1777889724.6873324,3.0,5.0,-72.0
1777889724.6973324,4.0,-3.0,-75.0
1777889724.7073324,7.0,-3.0,-75.0
1777889724.7173324,4.0,-2.0,-78.0
1777889724.7273324,2.0,0.0,-87.0
1777889724.7373323,0.0,0.0,-97.0
1777889724.7473323,0.0,0.0,-91.0
1777889724.7573323,3.0,-4.0,-86.0
1777889724.7673323,3.0,-5.0,-79.0
1777889724.7773323,3.0,-2.0,-78.0
1777889724.7873323,3.0,-2.0,-80.0
1777889724.7973323,1.0,-1.0,-81.0
1777889724.8073325,4.0,2.0,-85.0
1777889724.8173325,0.0,0.0,-81.0
1777889724.8273325,0.0,0.0,-82.0
1777889724.8373325,-4.0,0.0,-77.0
1777889724.8473325,0.0,-2.0,-79.0
1777889724.8573325,0.0,-1.0,-80.0
1777889724.8673325,3.0,0.0,-82.0
1777889724.8773324,6.0,3.0,-79.0
1777889724.8873324,1.0,2.0,-77.0
1777889724.8973324,2.0,3.0,-72.0
1777889724.9073324,4.0,1.0,-74.0
1777889724.9173324,4.0,-3.0,-74.0
1777889724.9273324,2.0,-4.0,-72.0
1777889724.9373324,5.0,-6.0,-70.0
1777889724.9473324,4.0,-4.0,-71.0
1777889724.9573324,2.0,-1.0,-70.0
1777889724.9673324,5.0,0.0,-66.0
1777889724.9773324,6.0,-2.0,-70.0
1777889724.9873323,1.0,0.0,-73.0
1777889724.9973323,-1.0,3.0,-75.0
1777889725.0073323,-3.0,3.0,-74.0
1777889725.0173323,0.0,1.0,-71.0
1777889725.0273323,-3.0,3.0,-65.0
1777889725.0373323,-6.0,5.0,-61.0
1777889725.0473323,-6.0,7.0,-69.0
1777889725.0573325,-8.0,9.0,-77.0
1777889725.0673325,-7.0,6.0,-76.0
1777889725.0773325,-4.0,7.0,-75.0
1777889725.0873325,-4.0,5.0,-66.0
1777889725.0973325,-10.0,4.0,-67.0
1777889725.1073325,-11.0,0.0,-73.0
1777889725.1173325,-14.0,-2.0,-75.0
1777889725.1273324,-11.0,-4.0,-75.0
1777889725.1373324,-7.0,-5.0,-67.0
1777889725.1473324,-3.0,-8.0,-67.0
1777889725.1573324,-8.0,-5.0,-66.0
1777889725.1673324,-6.0,-3.0,-64.0
1777889725.1773324,-2.0,-1.0,-70.0
1777889725.1873324,1.0,-5.0,-70.0
1777889725.1973324,0.0,-3.0,-71.0
1777889725.2073324,-2.0,-3.0,-69.0
1777889725.2173324,-3.0,-8.0,-68.0
1777889725.2273324,-1.0,-6.0,-67.0
1777889725.2373323,-2.0,-3.0,-66.0
1777889725.2473323,-1.0,-3.0,-71.0
1777889725.2573323,5.0,-5.0,-73.0
1777889725.2673323,1.0,-5.0,-71.0
1777889725.2773323,2.0,0.0,-68.0
1777889725.2873323,9.0,3.0,-68.0
1777889725.2973323,13.0,1.0,-71.0
1777889725.3073325,10.0,3.0,-67.0
1777889725.3173325,8.0,0.0,-70.0
1777889725.3273325,4.0,-1.0,-72.0
1777889725.3373325,4.0,-3.0,-68.0
1777889725.3473325,7.0,-4.0,-68.0
1777889725.3573325,9.0,-7.0,-70.0
1777889725.3673325,6.0,-6.0,-78.0
1777889725.3773324,7.0,-6.0,-81.0
1777889725.3873324,6.0,-5.0,-81.0
1777889725.3973324,3.0,-5.0,-77.0
1777889725.4073324,2.0,-3.0,-77.0
1777889725.4173324,0.0,-2.0,-71.0
1777889725.4273324,2.0,0.0,-69.0
1777889725.4373324,3.0,0.0,-71.0
1777889725.4473324,0.0,-2.0,-74.0
1777889725.4573324,0.0,-1.0,-74.0
1777889725.4673324,0.0,-3.0,-76.0
1777889725.4773324,0.0,-3.0,-72.0
1777889725.4873323,0.0,-2.0,-74.0
1777889725.4973323,0.0,0.0,-77.0
1777889725.5073323,3.0,3.0,-77.0
1777889725.5173323,3.0,4.0,-73.0
1777889725.5273323,2.0,1.0,-75.0
1777889725.5373323,0.0,-3.0,-73.0
1777889725.5473323,0.0,-3.0,-70.0
1777889725.5573325,6.0,-5.0,-75.0
1777889725.5673325,5.0,-3.0,-69.0
1777889725.5773325,7.0,-2.0,-69.0
1777889725.5873325,0.0,-6.0,-63.0
1777889725.5973325,6.0,-7.0,-57.0
1777889725.6073325,4.0,-6.0,-60.0
1777889725.6173325,6.0,-5.0,-62.0
1777889725.6273324,4.0,-2.0,-63.0
1777889725.6373324,6.0,-5.0,-71.0
1777889725.6473324,6.0,-5.0,-76.0
1777889725.6573324,5.0,-4.0,-73.0
1777889725.6673324,3.0,-4.0,-70.0
1777889725.6773324,2.0,-5.0,-67.0
1777889725.6873324,2.0,-2.0,-68.0
1777889725.6973324,3.0,0.0,-66.0
1777889725.7073324,4.0,1.0,-69.0
1777889725.7173324,3.0,-2.0,-64.0
1777889725.7273324,-1.0,-5.0,-68.0
1777889725.7373323,-2.0,-3.0,-72.0
1777889725.7473323,-3.0,-2.0,-70.0
1777889725.7573323,-2.0,-6.0,-59.0
1777889725.7673323,-1.0,-5.0,-58.0
1777889725.7773323,-2.0,-7.0,-64.0
1777889725.7873323,0.0,-8.0,-67.0
1777889725.7973323,3.0,-6.0,-73.0
1777889725.8073325,-1.0,-2.0,-77.0
1777889725.8173325,-4.0,-1.0,-71.0
1777889725.8273325,-4.0,0.0,-71.0
1777889725.8373325,-2.0,0.0,-66.0
1777889725.8473325,-2.0,0.0,-68.0
1777889725.8573325,0.0,2.0,-73.0
1777889725.8673325,-2.0,0.0,-71.0
1777889725.8773324,2.0,-5.0,-75.0
1777889725.8873324,2.0,-4.0,-66.0
1777889725.8973324,-1.0,-3.0,-66.0
1777889725.9073324,2.0,0.0,-70.0
1777889725.9173324,-2.0,0.0,-66.0
1777889725.9273324,-2.0,0.0,-67.0
1777889725.9373324,-1.0,0.0,-69.0
1777889725.9473324,0.0,0.0,-68.0
1777889725.9573324,-1.0,3.0,-73.0
1777889725.9673324,-3.0,2.0,-77.0
1777889725.9773324,-3.0,-1.0,-77.0
1777889725.9873323,-3.0,-1.0,-65.0
1777889725.9973323,-6.0,-4.0,-68.0
1777889726.0073323,0.0,-7.0,-66.0
1777889726.0173323,-1.0,-3.0,-64.0
1777889726.0273323,-1.0,2.0,-66.0
1777889726.0373323,-2.0,0.0,-62.0
1777889726.0473323,0.0,-1.0,-65.0
1777889726.0573325,-3.0,-4.0,-62.0
1777889726.0673325,-10.0,-6.0,-62.0
1777889726.0773325,-9.0,-6.0,-71.0
1777889726.0873325,-6.0,-7.0,-73.0
1777889726.0973325,-6.0,-5.0,-74.0
1777889726.1073325,-6.0,-4.0,-75.0
1777889726.1173325,-3.0,-3.0,-68.0
1777889726.1273324,2.0,-2.0,-66.0
1777889726.1373324,-3.0,0.0,-65.0
1777889726.1473324,-2.0,-2.0,-63.0
1777889726.1573324,-2.0,-2.0,-73.0
1777889726.1673324,-4.0,-1.0,-80.0
1777889726.1773324,-3.0,-1.0,-81.0
1777889726.1873324,-1.0,0.0,-79.0
1777889726.1973324,1.0,1.0,-77.0
1777889726.2073324,1.0,-2.0,-78.0
1777889726.2173324,1.0,-4.0,-78.0
1777889726.2273324,2.0,-1.0,-77.0
1777889726.2373323,0.0,-1.0,-73.0
1777889726.2473323,1.0,3.0,-74.0
1777889726.2573323,1.0,3.0,-79.0
1777889726.2673323,-1.0,3.0,-81.0
1777889726.2773323,-2.0,0.0,-78.0
1777889726.2873323,0.0,2.0,-76.0
1777889726.2973323,0.0,0.0,-78.0
1777889726.3073325,0.0,0.0,-74.0
1777889726.3173325,3.0,-1.0,-75.0
1777889726.3273325,2.0,-3.0,-72.0
1777889726.3373325,4.0,-3.0,-74.0
1777889726.3473325,5.0,-1.0,-74.0
1777889726.3573325,1.0,-1.0,-70.0
1777889726.3673325,2.0,0.0,-77.0
1777889726.3773324,5.0,-2.0,-79.0
1777889726.3873324,2.0,3.0,-74.0
1777889726.3973324,-1.0,0.0,-76.0
1777889726.4073324,-2.0,0.0,-73.0
1777889726.4173324,0.0,3.0,-68.0
1777889726.4273324,-3.0,1.0,-64.0
1777889726.4373324,-2.0,-3.0,-63.0
1777889726.4473324,-5.0,-4.0,-69.0
1777889726.4573324,-7.0,-3.0,-69.0
1777889726.4673324,-7.0,-5.0,-72.0
1777889726.4773324,-7.0,-5.0,-71.0
1777889726.4873323,-7.0,-4.0,-63.0
1777889726.4973323,-5.0,-2.0,-62.0
1777889726.5073323,-4.0,0.0,-63.0
1777889726.5173323,2.0,0.0,-68.0
1777889726.5273323,6.0,-3.0,-69.0
1777889726.5373323,9.0,-6.0,-70.0
1777889726.5473323,6.0,-8.0,-72.0
1777889726.5573325,2.0,-3.0,-68.0
1777889726.5673325,1.0,-5.0,-71.0
1777889726.5773325,2.0,-6.0,-78.0
1777889726.5873325,4.0,-9.0,-82.0
1777889726.5983324,4.0,-9.0,-79.0
1777889726.6083324,3.0,-7.0,-81.0
1777889726.6183324,2.0,-8.0,-87.0
1777889726.6283324,5.0,-5.0,-80.0
1777889726.6383324,6.0,-5.0,-76.0
1777889726.6483324,6.0,-5.0,-77.0
1777889726.6583323,8.0,-1.0,-81.0
1777889726.6683323,9.0,-1.0,-82.0
1777889726.6783323,8.0,-3.0,-85.0
1777889726.6883323,9.0,-4.0,-75.0
1777889726.6983323,5.0,-5.0,-77.0
1777889726.7083323,4.0,-4.0,-82.0
1777889726.7183323,0.0,-1.0,-83.0
1777889726.7283323,0.0,0.0,-76.0
1777889726.7383325,-1.0,1.0,-82.0
1777889726.7483325,-1.0,4.0,-80.0
1777889726.7583325,2.0,6.0,-85.0
1777889726.7683325,3.0,3.0,-81.0
1777889726.7783325,7.0,6.0,-82.0
1777889726.7883325,5.0,8.0,-82.0
1777889726.7983325,9.0,8.0,-82.0
1777889726.8083324,7.0,7.0,-81.0
1777889726.8183324,1.0,7.0,-76.0
1777889726.8283324,-2.0,10.0,-77.0
1777889726.8383324,0.0,5.0,-78.0
1777889726.8483324,1.0,4.0,-76.0
1777889726.8583324,-1.0,3.0,-74.0
1777889726.8683324,0.0,0.0,-76.0
1777889726.8783324,0.0,3.0,-74.0
1777889726.8883324,0.0,3.0,-74.0
1777889726.8983324,-3.0,5.0,-71.0
1777889726.9083323,-6.0,6.0,-70.0
1777889726.9183323,-5.0,6.0,-71.0
1777889726.9283323,-4.0,2.0,-73.0
1777889726.9383323,-1.0,3.0,-77.0
1777889726.9483323,3.0,5.0,-77.0
1777889726.9583323,0.0,3.0,-78.0
1777889726.9683323,-2.0,-1.0,-75.0
1777889726.9783323,-2.0,0.0,-71.0
1777889726.9883325,2.0,-2.0,-72.0
1777889726.9983325,4.0,-1.0,-73.0
1777889727.0083325,3.0,-2.0,-70.0
1777889727.0183325,7.0,1.0,-73.0
1777889727.0283325,6.0,0.0,-75.0
1777889727.0383325,7.0,2.0,-76.0
1777889727.0483325,10.0,5.0,-75.0
1777889727.0583324,6.0,1.0,-77.0
1777889727.0683324,5.0,0.0,-77.0
1777889727.0783324,2.0,3.0,-77.0
1777889727.0883324,2.0,1.0,-80.0
1777889727.0983324,4.0,-1.0,-84.0
1777889727.1083324,6.0,-1.0,-88.0
1777889727.1183324,6.0,-2.0,-87.0
1777889727.1283324,8.0,-3.0,-80.0
1777889727.1383324,6.0,-2.0,-79.0
1777889727.1483324,3.0,-1.0,-79.0
1777889727.1583323,2.0,-2.0,-80.0
1777889727.1683323,5.0,-6.0,-69.0
1777889727.1783323,-1.0,-13.0,-71.0
1777889727.1883323,-3.0,-12.0,-70.0
1777889727.1983323,0.0,-9.0,-70.0
1777889727.2083323,-2.0,-6.0,-73.0
1777889727.2183323,-8.0,-7.0,-76.0
1777889727.2283323,-9.0,-8.0,-74.0
1777889727.2383325,-3.0,-7.0,-77.0
1777889727.2483325,-2.0,-2.0,-78.0
1777889727.2583325,1.0,-4.0,-87.0
1777889727.2683325,1.0,-3.0,-79.0
1777889727.2783325,2.0,-4.0,-74.0
1777889727.2883325,0.0,-6.0,-71.0
1777889727.2983325,-1.0,-6.0,-76.0
1777889727.3083324,5.0,-3.0,-79.0
1777889727.3183324,6.0,-3.0,-80.0
1777889727.3283324,3.0,-6.0,-74.0
1777889727.3383324,2.0,-5.0,-72.0
1777889727.3483324,0.0,-6.0,-75.0
1777889727.3583324,3.0,-7.0,-73.0
1777889727.3683324,4.0,-6.0,-73.0
1777889727.3783324,6.0,-1.0,-70.0
1777889727.3883324,2.0,5.0,-75.0
1777889727.3993323,3.0,3.0,-73.0
1777889727.4083323,0.0,0.0,-67.0
1777889727.4183323,-2.0,0.0,-69.0
1777889727.4283323,-5.0,0.0,-72.0
1777889727.4383323,0.0,0.0,-73.0
1777889727.4483323,1.0,3.0,-74.0
1777889727.4583323,4.0,5.0,-67.0
1777889727.4683323,-1.0,3.0,-77.0
1777889727.4783323,-2.0,-1.0,-79.0
1777889727.4883325,0.0,-2.0,-81.0
1777889727.4983325,1.0,0.0,-83.0
1777889727.5083325,-1.0,1.0,-86.0
1777889727.5183325,-3.0,0.0,-85.0
1777889727.5283325,-6.0,4.0,-77.0
1777889727.5383325,-5.0,3.0,-76.0
1777889727.5483325,-3.0,7.0,-76.0
1777889727.5583324,3.0,3.0,-81.0
1777889727.5683324,0.0,3.0,-82.0
1777889727.5783324,-1.0,7.0,-80.0
1777889727.5883324,0.0,9.0,-81.0
1777889727.5983324,-3.0,9.0,-78.0
1777889727.6083324,-1.0,6.0,-79.0
1777889727.6183324,-1.0,4.0,-76.0
1777889727.6283324,1.0,-1.0,-73.0
1777889727.6383324,2.0,-3.0,-77.0
1777889727.6483324,10.0,-2.0,-72.0
1777889727.6583323,10.0,-2.0,-71.0
1777889727.6683323,0.0,0.0,-68.0
1777889727.6783323,0.0,-3.0,-70.0
1777889727.6883323,2.0,-6.0,-75.0
1777889727.6983323,0.0,-7.0,-68.0
1777889727.7083323,0.0,-7.0,-73.0
1777889727.7183323,0.0,-7.0,-71.0
1777889727.7283323,0.0,-4.0,-75.0
1777889727.7383325,-2.0,-5.0,-75.0
1777889727.7483325,-5.0,0.0,-78.0
1777889727.7583325,-6.0,1.0,-74.0
1777889727.7683325,-8.0,-3.0,-67.0
1777889727.7783325,-12.0,-3.0,-71.0
1777889727.7883325,-9.0,-1.0,-68.0
1777889727.7983325,-11.0,0.0,-66.0
1777889727.8083324,-6.0,0.0,-64.0
1777889727.8183324,-7.0,-1.0,-63.0
1777889727.8283324,-3.0,1.0,-71.0
1777889727.8383324,-3.0,0.0,-72.0
1777889727.8483324,-3.0,2.0,-68.0
1777889727.8583324,0.0,2.0,-72.0
1777889727.8683324,-3.0,2.0,-72.0
1777889727.8783324,-2.0,0.0,-75.0
1777889727.8883324,-4.0,-1.0,-76.0
1777889727.8983324,-2.0,-2.0,-72.0
1777889727.9083323,-3.0,-2.0,-76.0
1777889727.9183323,0.0,-7.0,-76.0
1777889727.9283323,0.0,-11.0,-77.0
1777889727.9383323,0.0,-10.0,-78.0
1777889727.9483323,5.0,-10.0,-81.0
1777889727.9583323,1.0,-5.0,-83.0
1777889727.9683323,-2.0,-1.0,-79.0
1777889727.9783323,2.0,1.0,-84.0
1777889727.9883325,1.0,0.0,-82.0
1777889727.9983325,4.0,5.0,-76.0
1777889728.0083325,3.0,7.0,-81.0
1777889728.0183325,5.0,4.0,-76.0
1777889728.0283325,6.0,2.0,-69.0
1777889728.0383325,3.0,0.0,-68.0
1777889728.0483325,2.0,0.0,-65.0
1777889728.0583324,0.0,0.0,-62.0
1777889728.0683324,-1.0,-1.0,-73.0
1777889728.0783324,0.0,-9.0,-71.0
1777889728.0883324,2.0,-8.0,-75.0
1777889728.0983324,3.0,-5.0,-71.0
1777889728.1083324,1.0,-2.0,-67.0
1777889728.1183324,0.0,0.0,-69.0
1777889728.1283324,-3.0,-2.0,-74.0
1777889728.1383324,0.0,-4.0,-79.0
1777889728.1483324,3.0,-1.0,-81.0
1777889728.1593325,4.0,0.0,-80.0
1777889728.1683323,7.0,0.0,-80.0
1777889728.1783323,3.0,2.0,-78.0
1777889728.1883323,3.0,-2.0,-78.0
1777889728.1983323,-2.0,-1.0,-82.0
1777889728.2083323,2.0,0.0,-79.0
1777889728.2183323,-1.0,1.0,-80.0
1777889728.2283323,1.0,-4.0,-81.0
1777889728.2383325,6.0,0.0,-81.0
1777889728.2483325,5.0,3.0,-84.0
1777889728.2583325,5.0,4.0,-83.0
1777889728.2683325,4.0,5.0,-78.0
1777889728.2783325,3.0,2.0,-75.0
1777889728.2883325,-1.0,-1.0,-71.0
1777889728.2983325,2.0,1.0,-73.0
1777889728.3083324,2.0,1.0,-71.0
1777889728.3183324,2.0,5.0,-72.0
1777889728.3283324,0.0,1.0,-76.0
1777889728.3383324,-1.0,2.0,-78.0
1777889728.3483324,-2.0,5.0,-79.0
1777889728.3583324,0.0,1.0,-74.0
1777889728.3683324,0.0,5.0,-69.0
1777889728.3783324,0.0,7.0,-73.0
1777889728.3883324,0.0,5.0,-74.0
1777889728.3983324,3.0,2.0,-67.0
1777889728.4083323,2.0,0.0,-72.0
1777889728.4183323,4.0,-1.0,-75.0
1777889728.4283323,1.0,-6.0,-69.0
1777889728.4383323,1.0,-7.0,-66.0
1777889728.4483323,3.0,-4.0,-68.0
1777889728.4583323,6.0,-6.0,-70.0
1777889728.4683323,3.0,-7.0,-68.0
1777889728.4783323,4.0,-7.0,-72.0
1777889728.4883325,5.0,-6.0,-72.0
1777889728.4983325,5.0,-4.0,-66.0
1777889728.5083325,4.0,-3.0,-72.0
1777889728.5183325,3.0,-7.0,-76.0
1777889728.5283325,4.0,-12.0,-77.0
1777889728.5383325,6.0,-13.0,-73.0
1777889728.5483325,7.0,-12.0,-76.0
1777889728.5593324,1.0,-9.0,-77.0
1777889728.5683324,5.0,-10.0,-75.0
1777889728.5783324,9.0,-11.0,-74.0
1777889728.5883324,8.0,-14.0,-77.0
1777889728.5983324,6.0,-10.0,-76.0
1777889728.6093323,2.0,-11.0,-73.0
1777889728.6193323,5.0,-5.0,-69.0
1777889728.6293323,4.0,-4.0,-66.0
1777889728.6393323,9.0,-5.0,-66.0
1777889728.6493323,9.0,-4.0,-70.0
1777889728.6593325,8.0,0.0,-73.0
1777889728.6693325,6.0,-2.0,-77.0
1777889728.6793325,5.0,-3.0,-67.0
1777889728.6893325,3.0,-3.0,-66.0
1777889728.6993325,-3.0,0.0,-64.0
1777889728.7093325,-8.0,2.0,-63.0
1777889728.7193325,-4.0,4.0,-62.0
1777889728.7293324,-2.0,2.0,-64.0
1777889728.7393324,0.0,5.0,-72.0
1777889728.7493324,2.0,5.0,-75.0
1777889728.7593324,0.0,3.0,-78.0
1777889728.7693324,-1.0,-1.0,-74.0
1777889728.7793324,-2.0,-2.0,-78.0
1777889728.7893324,-1.0,-3.0,-79.0
1777889728.7993324,-1.0,-1.0,-78.0
1777889728.8093324,-2.0,-1.0,-84.0
1777889728.8193324,-1.0,0.0,-85.0
1777889728.8293324,0.0,0.0,-88.0
1777889728.8393323,0.0,3.0,-82.0
1777889728.8493323,-5.0,4.0,-84.0
1777889728.8593323,-1.0,3.0,-78.0
1777889728.8693323,3.0,1.0,-86.0
1777889728.8793323,4.0,1.0,-86.0
1777889728.8893323,7.0,1.0,-80.0
1777889728.8993323,6.0,0.0,-84.0
1777889728.9093325,3.0,-2.0,-84.0
1777889728.9193325,-1.0,-1.0,-81.0
1777889728.9293325,-3.0,0.0,-84.0
1777889728.9393325,-5.0,0.0,-79.0
1777889728.9493325,-5.0,0.0,-82.0
1777889728.9593325,-2.0,-2.0,-80.0
1777889728.9693325,-7.0,-4.0,-77.0
1777889728.9793324,-6.0,-7.0,-74.0
1777889728.9893324,-5.0,-4.0,-74.0
1777889728.9993324,-6.0,1.0,-70.0
1777889729.0093324,-3.0,1.0,-74.0
1777889729.0193324,-1.0,-1.0,-77.0
1777889729.0293324,-4.0,3.0,-78.0
1777889729.0393324,-1.0,4.0,-78.0
1777889729.0493324,-1.0,5.0,-81.0
1777889729.0593324,2.0,5.0,-74.0
1777889729.0693324,0.0,-1.0,-80.0
1777889729.0793324,-2.0,-2.0,-76.0
1777889729.0893323,-5.0,-2.0,-74.0
1777889729.0993323,-6.0,-5.0,-76.0
1777889729.1093323,-7.0,-6.0,-73.0
1777889729.1193323,-4.0,-5.0,-72.0
1777889729.1293323,-3.0,-6.0,-79.0
1777889729.1393323,0.0,-7.0,-79.0
1777889729.1493323,0.0,-3.0,-71.0
1777889729.1593325,4.0,-4.0,-69.0
1777889729.1693325,2.0,-4.0,-76.0
1777889729.1793325,2.0,-4.0,-78.0
1777889729.1893325,4.0,-2.0,-80.0
1777889729.1993325,6.0,0.0,-86.0
1777889729.2093325,6.0,-5.0,-89.0
1777889729.2193325,0.0,-3.0,-84.0
1777889729.2293324,-1.0,0.0,-82.0
1777889729.2393324,0.0,1.0,-71.0
1777889729.2493324,2.0,1.0,-73.0
1777889729.2593324,0.0,-3.0,-78.0
1777889729.2693324,-6.0,-3.0,-79.0
1777889729.2793324,-6.0,0.0,-85.0
1777889729.2893324,-2.0,-3.0,-84.0
1777889729.2993324,0.0,-1.0,-81.0
1777889729.3093324,0.0,0.0,-79.0
1777889729.3193324,1.0,0.0,-76.0
1777889729.3293324,0.0,1.0,-77.0
1777889729.3393323,0.0,1.0,-79.0
1777889729.3493323,-1.0,-1.0,-78.0
1777889729.3593323,1.0,-1.0,-78.0
1777889729.3693323,0.0,-1.0,-79.0
1777889729.3793323,1.0,-2.0,-71.0
1777889729.3893323,4.0,-3.0,-71.0
1777889729.3993323,3.0,-1.0,-61.0
1777889729.4093325,4.0,0.0,-66.0
1777889729.4193325,8.0,0.0,-70.0
1777889729.4293325,8.0,-1.0,-69.0
1777889729.4393325,3.0,-3.0,-70.0
1777889729.4493325,0.0,-3.0,-71.0
1777889729.4593325,-4.0,-6.0,-65.0
1777889729.4693325,-4.0,-2.0,-78.0
1777889729.4793324,0.0,-1.0,-81.0
1777889729.4893324,0.0,2.0,-87.0
1777889729.4993324,1.0,3.0,-83.0
1777889729.5093324,1.0,2.0,-76.0
1777889729.5193324,3.0,0.0,-76.0
1777889729.5293324,1.0,0.0,-78.0
1777889729.5393324,-1.0,1.0,-74.0
1777889729.5493324,-1.0,1.0,-71.0
1777889729.5593324,0.0,2.0,-71.0
1777889729.5693324,2.0,6.0,-76.0
1777889729.5793324,-5.0,6.0,-78.0
1777889729.5893323,-3.0,3.0,-76.0
1777889729.5993323,-3.0,4.0,-74.0
1777889729.6093323,0.0,2.0,-79.0
1777889729.6193323,2.0,3.0,-82.0
1777889729.6293323,4.0,2.0,-85.0
1777889729.6393323,1.0,0.0,-85.0
1777889729.6493323,0.0,1.0,-84.0
1777889729.6593325,0.0,1.0,-81.0
1777889729.6693325,-2.0,2.0,-85.0
1777889729.6793325,-2.0,8.0,-80.0
1777889729.6893325,2.0,8.0,-79.0
1777889729.6993325,3.0,4.0,-73.0
1777889729.7093325,5.0,3.0,-72.0
1777889729.7193325,4.0,2.0,-71.0
1777889729.7293324,1.0,0.0,-73.0
1777889729.7393324,-5.0,1.0,-69.0
1777889729.7493324,-10.0,3.0,-70.0
1777889729.7593324,-5.0,6.0,-74.0
1777889729.7693324,-5.0,8.0,-81.0
1777889729.7793324,-3.0,5.0,-86.0
1777889729.7893324,-4.0,1.0,-85.0
1777889729.7993324,-1.0,2.0,-83.0
1777889729.8093324,0.0,0.0,-87.0
1777889729.8193324,0.0,0.0,-83.0
1777889729.8293324,4.0,0.0,-79.0
1777889729.8393323,9.0,2.0,-79.0
1777889729.8493323,9.0,5.0,-75.0
1777889729.8593323,14.0,0.0,-72.0
1777889729.8693323,11.0,0.0,-73.0
1777889729.8793323,7.0,1.0,-77.0
1777889729.8893323,1.0,2.0,-74.0
1777889729.8993323,1.0,0.0,-74.0
1777889729.9093325,2.0,2.0,-71.0
1777889729.9193325,5.0,1.0,-74.0
1777889729.9293325,3.0,3.0,-70.0
1777889729.9393325,-1.0,0.0,-72.0
1777889729.9493325,-1.0,0.0,-69.0
1777889729.9593325,-1.0,0.0,-67.0
1777889729.9693325,1.0,-3.0,-71.0
1777889729.9793324,-2.0,-6.0,-75.0
1777889729.9893324,3.0,-4.0,-82.0
1777889729.9993324,6.0,-2.0,-78.0
1777889730.0093324,2.0,0.0,-79.0
1777889730.0193324,5.0,-1.0,-82.0
1777889730.0293324,2.0,0.0,-82.0
1777889730.0393324,2.0,1.0,-80.0
1777889730.0493324,-2.0,-3.0,-75.0
1777889730.0593324,-6.0,0.0,-71.0
1777889730.0693324,-5.0,-1.0,-69.0
1777889730.0793324,-4.0,0.0,-63.0
1777889730.0893323,-2.0,1.0,-70.0
1777889730.0993323,-3.0,3.0,-67.0
1777889730.1093323,0.0,1.0,-63.0
1777889730.1193323,-2.0,3.0,-64.0
1777889730.1293323,-3.0,4.0,-66.0
1777889730.1393323,3.0,4.0,-64.0
1777889730.1493323,4.0,4.0,-71.0
1777889730.1593325,4.0,0.0,-74.0
1777889730.1693325,5.0,0.0,-68.0
1777889730.1793325,7.0,-1.0,-63.0
1777889730.1893325,2.0,0.0,-68.0
1777889730.1993325,0.0,0.0,-71.0
1777889730.2093325,-1.0,-3.0,-68.0
1777889730.2193325,3.0,-3.0,-68.0
1777889730.2293324,3.0,-8.0,-69.0
1777889730.2393324,3.0,-5.0,-69.0
1777889730.2493324,4.0,-2.0,-74.0
1777889730.2593324,3.0,-3.0,-79.0
1777889730.2693324,0.0,-5.0,-75.0
1777889730.2793324,3.0,-6.0,-79.0
1777889730.2893324,4.0,-6.0,-81.0
1777889730.2993324,4.0,-4.0,-77.0
1777889730.3093324,6.0,-3.0,-73.0
1777889730.3193324,10.0,-1.0,-68.0
1777889730.3293324,6.0,-2.0,-72.0
1777889730.3393323,4.0,-3.0,-79.0
1777889730.3493323,9.0,-1.0,-81.0
1777889730.3593323,11.0,0.0,-82.0
1777889730.3693323,11.0,-1.0,-85.0
1777889730.3793323,13.0,-1.0,-81.0
1777889730.3893323,12.0,-4.0,-78.0
1777889730.3993323,5.0,-2.0,-73.0
1777889730.4093325,4.0,-1.0,-71.0
1777889730.4193325,4.0,-2.0,-69.0
1777889730.4293325,-3.0,-1.0,-64.0
1777889730.4393325,-8.0,-3.0,-63.0
1777889730.4493325,-5.0,-5.0,-68.0
1777889730.4593325,-2.0,-5.0,-75.0
1777889730.4693325,-2.0,-3.0,-80.0
1777889730.4793324,-5.0,0.0,-76.0
1777889730.4893324,-4.0,-3.0,-74.0
1777889730.4993324,-2.0,-5.0,-70.0
1777889730.5093324,-6.0,-5.0,-71.0
1777889730.5193324,-10.0,-6.0,-67.0
1777889730.5293324,-8.0,-6.0,-65.0
1777889730.5393324,-4.0,-5.0,-58.0
1777889730.5493324,-7.0,-2.0,-56.0
1777889730.5593324,-5.0,-5.0,-66.0
1777889730.5693324,-7.0,-6.0,-76.0
1777889730.5793324,-11.0,-7.0,-75.0
1777889730.5903325,-10.0,-7.0,-73.0
1777889730.6003325,-7.0,-4.0,-69.0
1777889730.6103325,-9.0,-4.0,-68.0
1777889730.6203325,-9.0,-3.0,-65.0
1777889730.6303325,-8.0,-1.0,-62.0
1777889730.6403325,-7.0,0.0,-70.0
1777889730.6503325,-7.0,0.0,-73.0
1777889730.6603324,-7.0,1.0,-73.0
1777889730.6703324,-11.0,2.0,-75.0
1777889730.6803324,-10.0,6.0,-77.0
1777889730.6903324,-7.0,4.0,-78.0
1777889730.7003324,-8.0,5.0,-77.0
1777889730.7103324,-9.0,6.0,-77.0
1777889730.7203324,-11.0,6.0,-80.0
1777889730.7303324,-10.0,7.0,-82.0
1777889730.7403324,-7.0,4.0,-76.0
1777889730.7503324,-7.0,4.0,-75.0
1777889730.7603323,-2.0,3.0,-73.0
1777889730.7703323,0.0,0.0,-70.0
1777889730.7803323,1.0,-4.0,-70.0
1777889730.7903323,0.0,-3.0,-75.0
1777889730.8003323,-4.0,-2.0,-71.0
1777889730.8103323,-6.0,-4.0,-64.0
1777889730.8203323,-6.0,-2.0,-58.0
1777889730.8303325,-4.0,-1.0,-63.0
1777889730.8403325,-2.0,-1.0,-75.0
1777889730.8503325,-3.0,0.0,-82.0
1777889730.8603325,0.0,2.0,-79.0
1777889730.8703325,0.0,-2.0,-78.0
1777889730.8803325,1.0,-5.0,-82.0
1777889730.8903325,1.0,-1.0,-77.0
1777889730.9003325,-3.0,-2.0,-83.0
1777889730.9103324,-4.0,-2.0,-79.0
1777889730.9203324,-3.0,-1.0,-82.0
1777889730.9303324,-1.0,-8.0,-76.0
1777889730.9403324,-5.0,-9.0,-72.0
1777889730.9503324,-4.0,-11.0,-69.0
1777889730.9603324,0.0,-7.0,-71.0
1777889730.9703324,2.0,-3.0,-68.0
1777889730.9803324,5.0,0.0,-67.0
1777889730.9903324,9.0,1.0,-69.0
1777889731.0003324,7.0,3.0,-72.0
1777889731.0103323,1.0,3.0,-68.0
1777889731.0203323,-6.0,0.0,-68.0
1777889731.0303323,-6.0,0.0,-68.0
1777889731.0403323,-3.0,2.0,-78.0
1777889731.0503323,-5.0,-2.0,-77.0
1777889731.0603323,-5.0,0.0,-66.0
1777889731.0703323,-6.0,3.0,-74.0
1777889731.0803325,-2.0,1.0,-80.0
1777889731.0903325,2.0,0.0,-82.0
1777889731.1003325,1.0,0.0,-79.0
1777889731.1103325,4.0,-3.0,-77.0
1777889731.1203325,-1.0,-3.0,-85.0
1777889731.1303325,0.0,-1.0,-86.0
1777889731.1403325,3.0,-3.0,-89.0
1777889731.1503325,0.0,-3.0,-87.0
1777889731.1603324,0.0,-4.0,-85.0
1777889731.1703324,0.0,0.0,-84.0
1777889731.1803324,4.0,1.0,-78.0
1777889731.1903324,5.0,1.0,-77.0
1777889731.2003324,4.0,5.0,-85.0
1777889731.2103324,6.0,4.0,-89.0
1777889731.2203324,5.0,0.0,-89.0
1777889731.2303324,4.0,3.0,-84.0
1777889731.2403324,2.0,7.0,-81.0
1777889731.2503324,-2.0,9.0,-81.0
1777889731.2603323,2.0,9.0,-81.0
1777889731.2703323,0.0,7.0,-75.0
1777889731.2803323,1.0,3.0,-78.0
1777889731.2903323,-1.0,0.0,-76.0
1777889731.3003323,3.0,0.0,-80.0
1777889731.3103323,2.0,-4.0,-86.0
1777889731.3203323,0.0,-8.0,-84.0
1777889731.3303325,0.0,-3.0,-80.0
1777889731.3403325,-5.0,-4.0,-82.0
1777889731.3503325,-5.0,-5.0,-89.0
1777889731.3603325,-3.0,-6.0,-89.0
1777889731.3703325,-5.0,-5.0,-83.0
1777889731.3803325,-5.0,-7.0,-78.0
1777889731.3903325,-2.0,-13.0,-77.0
1777889731.4003325,-4.0,-11.0,-77.0
1777889731.4103324,-1.0,-3.0,-80.0
1777889731.4203324,0.0,-1.0,-77.0
1777889731.4303324,7.0,-3.0,-75.0
1777889731.4403324,5.0,-5.0,-74.0
1777889731.4503324,4.0,-3.0,-64.0
1777889731.4603324,-1.0,2.0,-58.0
1777889731.4703324,-2.0,2.0,-67.0
1777889731.4803324,-2.0,-2.0,-69.0
1777889731.4903324,-1.0,-1.0,-81.0
1777889731.5003324,-3.0,-3.0,-79.0
1777889731.5103323,-6.0,-8.0,-80.0
1777889731.5203323,-7.0,-7.0,-75.0
1777889731.5303323,0.0,-7.0,-73.0
1777889731.5403323,0.0,-6.0,-73.0
1777889731.5503323,-2.0,-4.0,-71.0
1777889731.5603323,-3.0,0.0,-75.0
1777889731.5703323,-2.0,-2.0,-77.0
1777889731.5803325,-1.0,-6.0,-73.0
1777889731.5903325,-2.0,-4.0,-67.0
1777889731.6003325,-1.0,-6.0,-70.0
1777889731.6103325,-2.0,-6.0,-80.0
1777889731.6203325,-4.0,-1.0,-76.0
1777889731.6303325,-1.0,4.0,-65.0
1777889731.6403325,-1.0,5.0,-63.0
1777889731.6503325,-1.0,4.0,-66.0
1777889731.6603324,0.0,2.0,-72.0
1777889731.6703324,1.0,1.0,-75.0
1777889731.6803324,-1.0,0.0,-72.0
1777889731.6903324,-3.0,-2.0,-73.0
1777889731.7003324,-7.0,0.0,-75.0
1777889731.7103324,-4.0,0.0,-75.0
1777889731.7203324,1.0,-3.0,-72.0
1777889731.7303324,3.0,0.0,-75.0
1777889731.7403324,5.0,0.0,-69.0
1777889731.7503324,6.0,2.0,-70.0
1777889731.7603323,6.0,3.0,-70.0
1777889731.7703323,7.0,4.0,-75.0
1777889731.7803323,10.0,3.0,-77.0
1777889731.7903323,9.0,0.0,-79.0
1777889731.8003323,6.0,-2.0,-81.0
1777889731.8103323,3.0,0.0,-83.0
1777889731.8203323,1.0,-1.0,-81.0
1777889731.8303325,5.0,-2.0,-81.0
1777889731.8403325,6.0,1.0,-78.0
1777889731.8503325,6.0,0.0,-75.0
1777889731.8603325,7.0,1.0,-76.0
1777889731.8703325,5.0,-2.0,-73.0
1777889731.8803325,5.0,0.0,-75.0
1777889731.8903325,4.0,-1.0,-76.0
1777889731.9003325,6.0,4.0,-78.0
1777889731.9103324,2.0,0.0,-71.0
1777889731.9203324,2.0,-1.0,-61.0
1777889731.9303324,-1.0,-2.0,-58.0
1777889731.9403324,-5.0,0.0,-62.0
1777889731.9503324,0.0,0.0,-67.0
1777889731.9603324,3.0,1.0,-69.0
1777889731.9703324,6.0,-1.0,-77.0
1777889731.9803324,5.0,-4.0,-79.0
1777889731.9903324,5.0,-2.0,-75.0
1777889732.0003324,0.0,-4.0,-73.0
1777889732.0103323,2.0,-7.0,-69.0
1777889732.0203323,3.0,-6.0,-76.0
1777889732.0303323,4.0,-6.0,-77.0
1777889732.0403323,3.0,-4.0,-73.0
1777889732.0503323,2.0,-5.0,-81.0
1777889732.0603323,4.0,-4.0,-84.0
1777889732.0703323,2.0,0.0,-78.0
1777889732.0803325,3.0,-2.0,-81.0
1777889732.0903325,-3.0,-1.0,-88.0
1777889732.1003325,-7.0,-2.0,-85.0
1777889732.1103325,-11.0,-2.0,-83.0
1777889732.1203325,-7.0,-2.0,-84.0
1777889732.1303325,-7.0,0.0,-76.0
1777889732.1403325,-1.0,-1.0,-81.0
1777889732.1503325,1.0,-2.0,-74.0
1777889732.1603324,-1.0,-1.0,-77.0
1777889732.1703324,1.0,-1.0,-74.0
1777889732.1803324,-1.0,-4.0,-77.0
1777889732.1903324,-2.0,-3.0,-72.0
1777889732.2003324,1.0,-4.0,-72.0
1777889732.2103324,0.0,-3.0,-74.0
1777889732.2203324,0.0,-1.0,-71.0
1777889732.2303324,2.0,-2.0,-68.0
1777889732.2403324,3.0,-7.0,-71.0
1777889732.2503324,4.0,-7.0,-72.0
1777889732.2603323,8.0,-4.0,-82.0
1777889732.2703323,10.0,-1.0,-78.0
1777889732.2803323,5.0,0.0,-78.0
1777889732.2903323,6.0,-1.0,-72.0
1777889732.3003323,7.0,-1.0,-67.0
1777889732.3103323,10.0,2.0,-72.0
1777889732.3203323,11.0,5.0,-66.0
1777889732.3303325,3.0,0.0,-71.0
1777889732.3403325,3.0,1.0,-73.0
1777889732.3503325,0.0,-2.0,-77.0
1777889732.3603325,-2.0,-6.0,-81.0
1777889732.3703325,2.0,-4.0,-76.0
1777889732.3803325,-2.0,-3.0,-73.0
1777889732.3903325,-2.0,-4.0,-68.0
1777889732.4003325,3.0,-5.0,-61.0
1777889732.4103324,2.0,0.0,-68.0
1777889732.4203324,5.0,1.0,-60.0
1777889732.4303324,3.0,0.0,-63.0
1777889732.4403324,3.0,-1.0,-67.0
1777889732.4503324,4.0,0.0,-73.0
1777889732.4603324,7.0,1.0,-74.0
1777889732.4703324,5.0,6.0,-84.0
1777889732.4803324,7.0,3.0,-84.0
1777889732.4903324,5.0,3.0,-74.0
1777889732.5003324,6.0,1.0,-76.0
1777889732.5103323,0.0,3.0,-80.0
1777889732.5203323,1.0,5.0,-83.0
1777889732.5303323,1.0,4.0,-76.0
1777889732.5403323,1.0,3.0,-73.0
1777889732.5513325,2.0,0.0,-68.0
1777889732.5613325,2.0,-1.0,-69.0
1777889732.5703323,4.0,0.0,-72.0
1777889732.5813324,0.0,1.0,-69.0
1777889732.5913324,4.0,1.0,-71.0
1777889732.6013324,0.0,0.0,-76.0
1777889732.6113324,1.0,-1.0,-79.0
1777889732.6213324,3.0,1.0,-84.0
1777889732.6313324,3.0,-2.0,-85.0
1777889732.6413324,-5.0,0.0,-82.0
1777889732.6513324,-9.0,-4.0,-77.0
1777889732.6613324,-3.0,-3.0,-84.0
1777889732.6713324,-1.0,0.0,-80.0
1777889732.6813323,-3.0,1.0,-78.0
1777889732.6913323,3.0,3.0,-71.0
1777889732.7013323,2.0,4.0,-69.0
1777889732.7113323,-3.0,3.0,-71.0
1777889732.7213323,-2.0,3.0,-67.0
1777889732.7313323,0.0,0.0,-67.0
1777889732.7413323,-3.0,0.0,-78.0
1777889732.7513323,-4.0,-2.0,-71.0
1777889732.7613325,-4.0,-6.0,-65.0
1777889732.7713325,-6.0,-6.0,-62.0
1777889732.7813325,-6.0,-6.0,-63.0
1777889732.7913325,-3.0,-7.0,-66.0
1777889732.8013325,-1.0,-7.0,-78.0
1777889732.8113325,0.0,-1.0,-83.0
1777889732.8213325,-2.0,-2.0,-80.0
1777889732.8313324,3.0,-2.0,-79.0
1777889732.8413324,0.0,-6.0,-72.0
1777889732.8513324,-3.0,-6.0,-75.0
1777889732.8613324,-5.0,-4.0,-78.0
1777889732.8713324,-2.0,-6.0,-81.0
1777889732.8813324,1.0,-9.0,-76.0
1777889732.8913324,1.0,-7.0,-72.0
1777889732.9013324,5.0,-3.0,-74.0
1777889732.9113324,6.0,-1.0,-71.0
1777889732.9213324,5.0,-1.0,-68.0
1777889732.9313323,7.0,-4.0,-64.0
1777889732.9413323,5.0,-3.0,-62.0
1777889732.9513323,6.0,-2.0,-60.0
1777889732.9613323,1.0,-6.0,-63.0
1777889732.9713323,3.0,-4.0,-69.0
1777889732.9813323,1.0,0.0,-70.0
1777889732.9913323,1.0,2.0,-70.0
1777889733.0013323,3.0,4.0,-74.0
1777889733.0113325,2.0,5.0,-74.0
1777889733.0213325,3.0,0.0,-79.0
1777889733.0313325,0.0,5.0,-81.0
1777889733.0413325,1.0,4.0,-76.0
1777889733.0513325,-1.0,4.0,-82.0
1777889733.0613325,-1.0,1.0,-79.0
1777889733.0713325,-2.0,0.0,-78.0
1777889733.0813324,-3.0,0.0,-84.0
1777889733.0913324,-3.0,0.0,-82.0
1777889733.1013324,-2.0,2.0,-87.0
1777889733.1113324,-2.0,2.0,-87.0
1777889733.1213324,0.0,3.0,-81.0
1777889733.1313324,4.0,0.0,-82.0
1777889733.1413324,3.0,-3.0,-89.0
1777889733.1513324,6.0,-4.0,-80.0
1777889733.1613324,7.0,-5.0,-81.0
1777889733.1713324,5.0,-4.0,-78.0
1777889733.1813323,7.0,-5.0,-72.0
1777889733.1913323,8.0,-6.0,-72.0
1777889733.2013323,11.0,-4.0,-75.0
1777889733.2113323,9.0,1.0,-78.0
1777889733.2213323,6.0,1.0,-80.0
1777889733.2313323,3.0,-2.0,-81.0
1777889733.2413323,1.0,-6.0,-79.0
1777889733.2513323,4.0,-4.0,-77.0
1777889733.2613325,4.0,-3.0,-75.0
1777889733.2713325,2.0,-4.0,-71.0
1777889733.2813325,3.0,-5.0,-68.0
1777889733.2913325,9.0,-3.0,-68.0
1777889733.3013325,6.0,-2.0,-61.0
1777889733.3113325,0.0,-4.0,-66.0
1777889733.3213325,0.0,-6.0,-69.0
1777889733.3313324,3.0,-8.0,-72.0
1777889733.3413324,5.0,-7.0,-71.0
1777889733.3513324,-2.0,-6.0,-71.0
1777889733.3613324,1.0,-7.0,-75.0
1777889733.3713324,0.0,-4.0,-67.0
1777889733.3813324,1.0,-6.0,-60.0
1777889733.3913324,0.0,-6.0,-68.0
1777889733.4013324,-1.0,-8.0,-77.0
1777889733.4113324,-4.0,-6.0,-75.0
1777889733.4213324,-1.0,-2.0,-80.0
1777889733.4313323,0.0,0.0,-85.0
1777889733.4413323,-2.0,1.0,-83.0
1777889733.4513323,0.0,0.0,-83.0
1777889733.4613323,-1.0,-3.0,-74.0
1777889733.4713323,-1.0,-4.0,-74.0
1777889733.4813323,3.0,-2.0,-73.0
1777889733.4913323,4.0,-2.0,-74.0
1777889733.5013323,5.0,0.0,-70.0
1777889733.5113325,2.0,0.0,-75.0
1777889733.5213325,3.0,-5.0,-78.0
1777889733.5313325,1.0,-7.0,-77.0
1777889733.5413325,1.0,-8.0,-74.0
1777889733.5513325,1.0,-6.0,-70.0
1777889733.5613325,3.0,-4.0,-62.0
1777889733.5713325,10.0,-4.0,-58.0
1777889733.5813324,5.0,-5.0,-58.0
1777889733.5913324,4.0,-3.0,-62.0
1777889733.6013324,4.0,0.0,-66.0
1777889733.6113324,7.0,0.0,-65.0
1777889733.6213324,8.0,-1.0,-68.0
1777889733.6313324,5.0,0.0,-71.0
1777889733.6413324,6.0,1.0,-66.0
1777889733.6513324,4.0,2.0,-68.0
1777889733.6613324,3.0,-1.0,-74.0
1777889733.6713324,0.0,0.0,-79.0
1777889733.6813323,0.0,-6.0,-77.0
1777889733.6913323,-4.0,-4.0,-72.0
1777889733.7013323,-6.0,-1.0,-69.0
1777889733.7113323,-2.0,-1.0,-70.0
1777889733.7213323,0.0,1.0,-74.0
1777889733.7313323,2.0,2.0,-77.0
1777889733.7413323,5.0,2.0,-75.0
1777889733.7513323,7.0,1.0,-76.0
1777889733.7613325,5.0,-1.0,-78.0
1777889733.7713325,2.0,0.0,-80.0
1777889733.7813325,3.0,3.0,-81.0
1777889733.7913325,6.0,3.0,-79.0
1777889733.8013325,10.0,0.0,-80.0
1777889733.8113325,6.0,0.0,-79.0
1777889733.8213325,9.0,-1.0,-75.0
1777889733.8313324,3.0,0.0,-79.0
1777889733.8413324,4.0,-2.0,-76.0
1777889733.8513324,4.0,-1.0,-69.0
1777889733.8613324,3.0,-1.0,-72.0
1777889733.8713324,1.0,2.0,-77.0
1777889733.8813324,1.0,3.0,-75.0
1777889733.8913324,0.0,2.0,-76.0
1777889733.9013324,5.0,0.0,-74.0
1777889733.9113324,8.0,0.0,-75.0
1777889733.9213324,8.0,1.0,-75.0
1777889733.9313323,4.0,0.0,-77.0
1777889733.9413323,3.0,-1.0,-78.0
1777889733.9513323,3.0,-1.0,-74.0
1777889733.9613323,-1.0,0.0,-69.0
1777889733.9713323,-4.0,1.0,-65.0
1777889733.9813323,-5.0,-1.0,-64.0
1777889733.9913323,-5.0,-4.0,-61.0
1777889734.0013323,-6.0,0.0,-55.0
1777889734.0113325,-4.0,1.0,-56.0
1777889734.0213325,-7.0,1.0,-61.0
1777889734.0313325,-5.0,2.0,-70.0
1777889734.0413325,-2.0,-1.0,-72.0
1777889734.0513325,0.0,0.0,-74.0
1777889734.0613325,0.0,0.0,-72.0
1777889734.0713325,0.0,2.0,-76.0
1777889734.0813324,2.0,2.0,-82.0
1777889734.0913324,0.0,1.0,-85.0
1777889734.1013324,0.0,0.0,-90.0
1777889734.1113324,4.0,-3.0,-90.0
1777889734.1213324,3.0,1.0,-88.0
1777889734.1313324,2.0,5.0,-86.0
1777889734.1413324,2.0,2.0,-81.0
1777889734.1513324,5.0,-1.0,-76.0
1777889734.1613324,6.0,4.0,-76.0
1777889734.1713324,6.0,7.0,-76.0
1777889734.1813323,9.0,3.0,-78.0
1777889734.1913323,10.0,-2.0,-82.0
1777889734.2013323,9.0,-5.0,-87.0
1777889734.2113323,7.0,-5.0,-83.0
1777889734.2213323,7.0,0.0,-86.0
1777889734.2313323,10.0,2.0,-85.0
1777889734.2413323,10.0,1.0,-78.0
1777889734.2513323,10.0,-1.0,-74.0
1777889734.2613325,5.0,1.0,-73.0
1777889734.2713325,7.0,5.0,-74.0
1777889734.2813325,10.0,3.0,-75.0
1777889734.2913325,10.0,2.0,-73.0
1777889734.3013325,7.0,3.0,-72.0
1777889734.3113325,6.0,3.0,-73.0
1777889734.3213325,5.0,4.0,-72.0
1777889734.3313324,6.0,2.0,-66.0
1777889734.3413324,4.0,2.0,-64.0
1777889734.3513324,5.0,-2.0,-66.0
1777889734.3613324,7.0,1.0,-75.0
1777889734.3713324,5.0,2.0,-73.0
1777889734.3813324,1.0,5.0,-77.0
1777889734.3913324,0.0,1.0,-78.0
1777889734.4013324,4.0,0.0,-81.0
1777889734.4113324,3.0,3.0,-82.0
1777889734.4213324,8.0,6.0,-78.0
1777889734.4313323,7.0,0.0,-82.0
1777889734.4413323,1.0,0.0,-86.0
1777889734.4513323,1.0,0.0,-83.0
1777889734.4613323,2.0,3.0,-76.0
1777889734.4713323,1.0,1.0,-82.0
1777889734.4813323,2.0,2.0,-84.0
1777889734.4913323,0.0,6.0,-75.0
1777889734.5023324,6.0,3.0,-73.0
1777889734.5113325,7.0,0.0,-78.0
1777889734.5213325,9.0,1.0,-84.0
1777889734.5323324,7.0,4.0,-83.0
1777889734.5413325,9.0,5.0,-85.0
1777889734.5523324,6.0,5.0,-79.0
1777889734.5623324,2.0,0.0,-76.0
1777889734.5723324,0.0,-3.0,-69.0
1777889734.5823324,-1.0,-4.0,-70.0
1777889734.5923324,0.0,-5.0,-72.0
1777889734.6023324,1.0,-7.0,-71.0
1777889734.6123323,1.0,-10.0,-77.0
1777889734.6223323,-2.0,-11.0,-72.0
1777889734.6323323,0.0,-11.0,-82.0
1777889734.6423323,-1.0,-2.0,-83.0
1777889734.6523323,0.0,0.0,-78.0
1777889734.6623323,0.0,-4.0,-77.0
1777889734.6723323,0.0,-4.0,-77.0
1777889734.6823325,1.0,-3.0,-77.0
1777889734.6923325,4.0,-2.0,-79.0
1777889734.7023325,2.0,-4.0,-70.0
1777889734.7123325,0.0,-6.0,-67.0
1777889734.7223325,-1.0,-6.0,-69.0
1777889734.7323325,-5.0,-3.0,-75.0
1777889734.7423325,-2.0,-3.0,-72.0
1777889734.7523324,-3.0,-1.0,-66.0
1777889734.7623324,-1.0,-2.0,-67.0
1777889734.7723324,0.0,2.0,-75.0
1777889734.7823324,0.0,0.0,-75.0
1777889734.7923324,0.0,0.0,-76.0
1777889734.8023324,1.0,2.0,-78.0
1777889734.8123324,4.0,2.0,-81.0
1777889734.8223324,4.0,-1.0,-79.0
1777889734.8323324,5.0,0.0,-76.0
1777889734.8423324,0.0,-2.0,-74.0
1777889734.8523324,0.0,-4.0,-76.0
1777889734.8623323,4.0,0.0,-78.0
1777889734.8723323,-1.0,0.0,-86.0
1777889734.8823323,-4.0,-1.0,-82.0
1777889734.8923323,-1.0,2.0,-77.0
1777889734.9023323,2.0,3.0,-75.0
1777889734.9123323,0.0,1.0,-72.0
1777889734.9223323,0.0,0.0,-70.0
1777889734.9323325,-2.0,2.0,-76.0
1777889734.9423325,0.0,2.0,-75.0
1777889734.9523325,0.0,3.0,-78.0
1777889734.9623325,-2.0,1.0,-76.0
1777889734.9723325,1.0,-1.0,-74.0
1777889734.9823325,-1.0,-1.0,-76.0
1777889734.9923325,0.0,0.0,-72.0
1777889735.0023324,-1.0,-1.0,-72.0
1777889735.0123324,0.0,-1.0,-69.0
1777889735.0223324,2.0,3.0,-69.0
1777889735.0323324,-1.0,0.0,-68.0
1777889735.0423324,0.0,-1.0,-70.0
1777889735.0523324,-1.0,-3.0,-74.0
1777889735.0623324,2.0,-6.0,-78.0
1777889735.0723324,7.0,-6.0,-80.0
1777889735.0823324,6.0,-2.0,-76.0
1777889735.0923324,3.0,-1.0,-75.0
1777889735.1023324,2.0,-2.0,-76.0
1777889735.1123323,-3.0,-1.0,-78.0
1777889735.1223323,-5.0,0.0,-78.0
1777889735.1323323,0.0,4.0,-73.0
1777889735.1423323,-1.0,3.0,-73.0
1777889735.1523323,1.0,2.0,-72.0
1777889735.1623323,0.0,0.0,-74.0
1777889735.1723323,2.0,-3.0,-74.0
1777889735.1823325,-1.0,-4.0,-74.0
1777889735.1923325,-3.0,-2.0,-76.0
1777889735.2023325,-4.0,0.0,-78.0
1777889735.2123325,-5.0,-3.0,-74.0
1777889735.2223325,-4.0,-7.0,-70.0
1777889735.2323325,-1.0,-7.0,-74.0
1777889735.2423325,3.0,-5.0,-73.0
1777889735.2523324,5.0,-1.0,-71.0
1777889735.2623324,5.0,0.0,-75.0
1777889735.2723324,10.0,-1.0,-81.0
1777889735.2823324,12.0,-1.0,-83.0
1777889735.2923324,13.0,-2.0,-78.0
1777889735.3023324,14.0,0.0,-76.0
1777889735.3123324,11.0,0.0,-79.0
1777889735.3223324,11.0,0.0,-88.0
1777889735.3323324,8.0,3.0,-80.0
1777889735.3423324,3.0,1.0,-83.0
1777889735.3523324,0.0,-3.0,-77.0
1777889735.3623323,0.0,-1.0,-75.0
1777889735.3723323,-1.0,2.0,-68.0
1777889735.3823323,-3.0,1.0,-74.0
1777889735.3923323,-7.0,2.0,-72.0
1777889735.4023323,0.0,2.0,-78.0
1777889735.4123323,-3.0,2.0,-85.0
1777889735.4223323,2.0,3.0,-87.0
1777889735.4323325,4.0,4.0,-83.0
1777889735.4423325,2.0,2.0,-79.0
1777889735.4523325,3.0,1.0,-80.0
1777889735.4623325,3.0,-1.0,-84.0
1777889735.4723325,-1.0,-3.0,-88.0
1777889735.4823325,-5.0,-3.0,-87.0
1777889735.4923325,-2.0,-7.0,-83.0
1777889735.5023324,-3.0,-4.0,-76.0
1777889735.5123324,-2.0,-4.0,-76.0
1777889735.5223324,-2.0,-2.0,-76.0
1777889735.5323324,0.0,1.0,-73.0
1777889735.5423324,-1.0,1.0,-80.0
1777889735.5523324,-7.0,-1.0,-82.0
1777889735.5623324,-4.0,-1.0,-85.0
1777889735.5723324,-1.0,-4.0,-85.0
1777889735.5823324,0.0,0.0,-83.0
1777889735.5923324,2.0,0.0,-82.0
1777889735.6023324,1.0,-1.0,-82.0
1777889735.6123323,1.0,-1.0,-79.0
1777889735.6223323,1.0,-3.0,-73.0
1777889735.6323323,1.0,-7.0,-68.0
1777889735.6423323,3.0,-7.0,-73.0
1777889735.6523323,6.0,-7.0,-70.0
1777889735.6623323,4.0,-4.0,-70.0
1777889735.6723323,8.0,-6.0,-67.0
1777889735.6823325,6.0,-3.0,-74.0
1777889735.6923325,2.0,-1.0,-76.0
1777889735.7023325,2.0,-1.0,-74.0
1777889735.7123325,4.0,-4.0,-74.0
1777889735.7223325,5.0,-6.0,-71.0
1777889735.7323325,9.0,-4.0,-69.0
1777889735.7423325,6.0,-2.0,-72.0
1777889735.7523324,6.0,-4.0,-75.0
1777889735.7623324,0.0,-5.0,-79.0
1777889735.7723324,0.0,-3.0,-76.0
1777889735.7823324,-2.0,-2.0,-71.0
1777889735.7923324,0.0,-2.0,-69.0
1777889735.8023324,0.0,0.0,-73.0
1777889735.8123324,-5.0,0.0,-67.0
1777889735.8223324,-4.0,-1.0,-71.0
1777889735.8323324,0.0,1.0,-75.0
1777889735.8423324,0.0,-1.0,-72.0
1777889735.8523324,-4.0,-3.0,-70.0
1777889735.8623323,-5.0,-2.0,-72.0
1777889735.8723323,-6.0,-2.0,-71.0
1777889735.8823323,-6.0,-6.0,-75.0
1777889735.8923323,0.0,-5.0,-71.0
1777889735.9023323,0.0,0.0,-76.0
1777889735.9123323,1.0,-2.0,-74.0
1777889735.9223323,-1.0,-4.0,-71.0
1777889735.9323325,0.0,-3.0,-68.0
1777889735.9423325,-1.0,-5.0,-68.0
1777889735.9523325,0.0,-8.0,-67.0
1777889735.9623325,-3.0,-4.0,-69.0
1777889735.9723325,1.0,-2.0,-66.0
1777889735.9823325,5.0,-2.0,-65.0
1777889735.9923325,8.0,1.0,-70.0
1777889736.0023324,12.0,-1.0,-74.0
1777889736.0123324,10.0,1.0,-78.0
1777889736.0223324,5.0,3.0,-81.0
1777889736.0323324,2.0,1.0,-86.0
1777889736.0423324,3.0,-1.0,-77.0
1777889736.0523324,0.0,0.0,-73.0
1777889736.0623324,0.0,0.0,-73.0
1777889736.0723324,-1.0,-3.0,-68.0
1777889736.0823324,-4.0,-2.0,-74.0
1777889736.0923324,-6.0,0.0,-72.0
1777889736.1023324,-5.0,-1.0,-70.0
1777889736.1123323,-4.0,-4.0,-64.0
1777889736.1223323,-1.0,-5.0,-67.0
1777889736.1323323,0.0,-4.0,-69.0
1777889736.1423323,1.0,-4.0,-68.0
1777889736.1523323,2.0,-5.0,-72.0
1777889736.1623323,6.0,-6.0,-68.0
1777889736.1723323,8.0,-6.0,-67.0
1777889736.1823325,10.0,-7.0,-65.0
1777889736.1923325,12.0,-9.0,-67.0
1777889736.2023325,6.0,-4.0,-62.0
1777889736.2123325,2.0,-2.0,-67.0
1777889736.2223325,1.0,-1.0,-70.0
1777889736.2323325,5.0,0.0,-73.0
1777889736.2423325,9.0,-3.0,-74.0
1777889736.2523324,12.0,-3.0,-76.0
1777889736.2623324,8.0,-2.0,-80.0
1777889736.2723324,7.0,2.0,-86.0
1777889736.2823324,2.0,5.0,-84.0
1777889736.2923324,0.0,4.0,-80.0
1777889736.3023324,-6.0,1.0,-75.0
1777889736.3123324,-5.0,1.0,-73.0
1777889736.3223324,0.0,0.0,-82.0
1777889736.3323324,0.0,0.0,-86.0
1777889736.3423324,1.0,0.0,-80.0
1777889736.3523324,0.0,0.0,-76.0
1777889736.3623323,0.0,-5.0,-84.0
1777889736.3723323,0.0,-5.0,-81.0
1777889736.3823323,2.0,-4.0,-84.0
1777889736.3923323,4.0,-6.0,-88.0
1777889736.4023323,2.0,-6.0,-86.0
1777889736.4123323,1.0,-4.0,-84.0
1777889736.4223323,2.0,0.0,-82.0
1777889736.4323325,0.0,0.0,-81.0
1777889736.4423325,0.0,-1.0,-81.0
1777889736.4523325,0.0,-2.0,-81.0
1777889736.4623325,-1.0,-4.0,-82.0
1777889736.4723325,-1.0,-4.0,-81.0
1777889736.4823325,0.0,-1.0,-87.0
1777889736.4923325,0.0,1.0,-83.0
1777889736.5023324,0.0,1.0,-78.0
1777889736.5133324,4.0,0.0,-75.0
1777889736.5223324,5.0,-2.0,-76.0
1777889736.5333323,7.0,-3.0,-69.0
1777889736.5433323,5.0,-1.0,-63.0
1777889736.5533323,4.0,1.0,-68.0
1777889736.5633323,4.0,1.0,-78.0
1777889736.5733323,-1.0,1.0,-78.0
1777889736.5833323,0.0,3.0,-81.0
1777889736.5933323,1.0,0.0,-82.0
1777889736.6033323,3.0,0.0,-87.0
1777889736.6133325,0.0,-1.0,-78.0
1777889736.6233325,1.0,-1.0,-73.0
1777889736.6333325,4.0,-1.0,-77.0
1777889736.6433325,6.0,2.0,-79.0
1777889736.6533325,8.0,0.0,-82.0
1777889736.6633325,6.0,0.0,-83.0
1777889736.6733325,4.0,-3.0,-78.0
1777889736.6833324,0.0,0.0,-81.0
1777889736.6933324,1.0,0.0,-82.0
1777889736.7033324,5.0,0.0,-81.0
1777889736.7133324,3.0,1.0,-82.0
1777889736.7233324,2.0,-2.0,-74.0
1777889736.7333324,3.0,-5.0,-70.0
1777889736.7433324,5.0,-7.0,-67.0
1777889736.7533324,7.0,-2.0,-67.0
1777889736.7633324,1.0,-3.0,-66.0
1777889736.7733324,2.0,-3.0,-67.0
1777889736.7833323,-1.0,-3.0,-69.0
1777889736.7933323,-1.0,-4.0,-71.0
1777889736.8033323,-2.0,-4.0,-76.0
1777889736.8133323,-2.0,-1.0,-76.0
1777889736.8233323,3.0,1.0,-76.0
1777889736.8333323,5.0,1.0,-78.0
1777889736.8433323,7.0,0.0,-80.0
1777889736.8533323,0.0,-3.0,-90.0
1777889736.8633325,2.0,0.0,-92.0
1777889736.8733325,2.0,1.0,-88.0
1777889736.8833325,2.0,-2.0,-81.0
1777889736.8933325,-3.0,-10.0,-85.0
1777889736.9033325,-4.0,-7.0,-87.0
1777889736.9133325,-2.0,-1.0,-78.0
1777889736.9233325,-1.0,0.0,-77.0
1777889736.9333324,5.0,1.0,-71.0
1777889736.9433324,7.0,3.0,-67.0
1777889736.9533324,3.0,4.0,-73.0
1777889736.9633324,3.0,2.0,-73.0
1777889736.9733324,3.0,0.0,-74.0
1777889736.9833324,4.0,3.0,-71.0
1777889736.9933324,5.0,2.0,-72.0
1777889737.0033324,6.0,1.0,-76.0
1777889737.0133324,5.0,-1.0,-75.0
1777889737.0233324,2.0,-1.0,-72.0
1777889737.0333323,-2.0,1.0,-63.0
1777889737.0433323,-2.0,0.0,-62.0
1777889737.0533323,-1.0,1.0,-64.0
1777889737.0633323,-1.0,0.0,-62.0
1777889737.0733323,-3.0,-1.0,-70.0
1777889737.0833323,-1.0,0.0,-72.0
1777889737.0933323,-2.0,-6.0,-70.0
1777889737.1033323,-1.0,-7.0,-68.0
1777889737.1133325,-7.0,-4.0,-71.0
1777889737.1233325,-5.0,-3.0,-69.0
1777889737.1333325,0.0,-2.0,-74.0
1777889737.1433325,4.0,-1.0,-73.0
1777889737.1533325,2.0,-2.0,-70.0
1777889737.1633325,1.0,2.0,-77.0
1777889737.1733325,4.0,3.0,-76.0
1777889737.1833324,6.0,4.0,-72.0
1777889737.1933324,7.0,1.0,-71.0
1777889737.2033324,6.0,1.0,-78.0
1777889737.2133324,9.0,0.0,-75.0
1777889737.2233324,6.0,0.0,-79.0
1777889737.2333324,5.0,0.0,-78.0
1777889737.2433324,7.0,-2.0,-75.0
1777889737.2533324,-2.0,1.0,-70.0
1777889737.2633324,-3.0,0.0,-64.0
1777889737.2733324,-1.0,-2.0,-69.0
1777889737.2833323,-4.0,-3.0,-75.0
1777889737.2933323,1.0,-9.0,-74.0
1777889737.3033323,4.0,-6.0,-67.0
1777889737.3133323,4.0,-6.0,-65.0
1777889737.3233323,4.0,-3.0,-70.0
1777889737.3333323,10.0,-5.0,-67.0
1777889737.3433323,4.0,-4.0,-66.0
1777889737.3533323,0.0,0.0,-69.0
1777889737.3633325,0.0,1.0,-76.0
1777889737.3733325,0.0,0.0,-70.0
1777889737.3833325,-3.0,0.0,-68.0
1777889737.3933325,-2.0,1.0,-72.0
1777889737.4033325,-2.0,0.0,-71.0
1777889737.4133325,-5.0,3.0,-75.0
1777889737.4233325,-3.0,2.0,-75.0
1777889737.4333324,2.0,0.0,-78.0
1777889737.4433324,1.0,-2.0,-78.0
1777889737.4533324,0.0,-5.0,-80.0
1777889737.4633324,1.0,-4.0,-77.0
1777889737.4733324,2.0,-5.0,-75.0
1777889737.4833324,6.0,-5.0,-73.0
1777889737.4933324,5.0,-8.0,-77.0
1777889737.5033324,7.0,-5.0,-73.0
1777889737.5133324,5.0,0.0,-67.0
1777889737.5233324,7.0,0.0,-64.0
1777889737.5333323,7.0,0.0,-69.0
1777889737.5433323,6.0,1.0,-66.0
1777889737.5533323,5.0,2.0,-68.0
1777889737.5633323,3.0,1.0,-72.0
1777889737.5733323,4.0,-1.0,-78.0
1777889737.5833323,3.0,-6.0,-71.0
1777889737.5933323,-2.0,-5.0,-72.0
1777889737.6033323,-5.0,-7.0,-71.0
1777889737.6133325,-3.0,-7.0,-71.0
1777889737.6233325,-2.0,-3.0,-61.0
1777889737.6333325,-4.0,-6.0,-64.0
1777889737.6433325,-8.0,-6.0,-65.0
1777889737.6533325,-8.0,-7.0,-67.0
1777889737.6633325,-7.0,-6.0,-72.0
1777889737.6733325,-1.0,-9.0,-77.0
1777889737.6833324,0.0,-7.0,-79.0
1777889737.6933324,1.0,-5.0,-69.0
1777889737.7033324,0.0,-4.0,-66.0
1777889737.7133324,-2.0,2.0,-67.0
1777889737.7233324,1.0,2.0,-65.0
1777889737.7333324,2.0,1.0,-69.0
1777889737.7433324,1.0,-4.0,-76.0
1777889737.7533324,0.0,-8.0,-77.0
1777889737.7633324,0.0,-10.0,-70.0
1777889737.7733324,0.0,-5.0,-71.0
1777889737.7833323,-2.0,0.0,-79.0
1777889737.7933323,-1.0,0.0,-83.0
1777889737.8033323,-3.0,0.0,-82.0
1777889737.8133323,1.0,0.0,-76.0
1777889737.8233323,4.0,0.0,-80.0
1777889737.8333323,4.0,0.0,-79.0
1777889737.8433323,4.0,0.0,-79.0
1777889737.8533323,0.0,-1.0,-79.0
1777889737.8633325,0.0,-2.0,-84.0
1777889737.8733325,-2.0,0.0,-87.0
1777889737.8833325,-2.0,0.0,-86.0
1777889737.8933325,1.0,-1.0,-79.0
1777889737.9033325,4.0,3.0,-79.0
1777889737.9133325,6.0,4.0,-76.0
1777889737.9233325,9.0,0.0,-72.0
1777889737.9333324,7.0,1.0,-78.0
1777889737.9433324,4.0,-3.0,-83.0
1777889737.9533324,8.0,-5.0,-84.0
1777889737.9633324,8.0,-6.0,-84.0
1777889737.9733324,4.0,-3.0,-81.0
1777889737.9833324,0.0,-8.0,-79.0
1777889737.9933324,1.0,-7.0,-82.0
1777889738.0033324,-1.0,-6.0,-79.0
1777889738.0133324,1.0,-7.0,-76.0
1777889738.0233324,0.0,-3.0,-73.0
1777889738.0333323,0.0,-3.0,-73.0
1777889738.0433323,-3.0,-5.0,-74.0
1777889738.0533323,-1.0,-3.0,-70.0
1777889738.0633323,-2.0,-1.0,-74.0
1777889738.0733323,-3.0,-6.0,-73.0
1777889738.0833323,-2.0,-6.0,-75.0
1777889738.0933323,0.0,-4.0,-76.0
1777889738.1033323,-1.0,-4.0,-68.0
1777889738.1133325,0.0,-8.0,-70.0
1777889738.1233325,0.0,-8.0,-69.0
1777889738.1333325,1.0,-9.0,-67.0
1777889738.1433325,0.0,-6.0,-68.0
1777889738.1533325,2.0,-6.0,-63.0
1777889738.1633325,0.0,-6.0,-59.0
1777889738.1733325,1.0,-4.0,-59.0
1777889738.1833324,2.0,-1.0,-62.0
1777889738.1933324,2.0,-5.0,-64.0
1777889738.2033324,-1.0,-4.0,-70.0
1777889738.2133324,5.0,-2.0,-68.0
1777889738.2233324,3.0,-2.0,-63.0
1777889738.2333324,5.0,-1.0,-65.0
1777889738.2433324,2.0,-3.0,-76.0
1777889738.2533324,0.0,-4.0,-84.0
1777889738.2633324,2.0,-1.0,-83.0
1777889738.2733324,0.0,-5.0,-79.0
1777889738.2833323,0.0,-2.0,-73.0
1777889738.2933323,1.0,-3.0,-76.0
1777889738.3033323,1.0,-1.0,-75.0
1777889738.3133323,1.0,0.0,-76.0
1777889738.3233323,-2.0,0.0,-78.0
1777889738.3333323,-5.0,-4.0,-83.0
1777889738.3433323,-7.0,-1.0,-84.0
1777889738.3533323,-5.0,-3.0,-83.0
1777889738.3633325,-4.0,-3.0,-83.0
1777889738.3733325,0.0,-4.0,-79.0
1777889738.3833325,0.0,-1.0,-76.0
1777889738.3933325,4.0,0.0,-78.0
1777889738.4033325,4.0,0.0,-76.0
1777889738.4133325,0.0,3.0,-75.0
1777889738.4233325,-1.0,2.0,-78.0
1777889738.4333324,0.0,0.0,-82.0
1777889738.4433324,-1.0,-1.0,-85.0
1777889738.4533324,1.0,0.0,-82.0
1777889738.4633324,2.0,0.0,-80.0
1777889738.4733324,5.0,-3.0,-75.0
1777889738.4843323,8.0,-1.0,-66.0
1777889738.4943323,7.0,0.0,-64.0
1777889738.5033324,9.0,0.0,-73.0
1777889738.5143323,7.0,-3.0,-80.0
1777889738.5243323,11.0,-5.0,-82.0
1777889738.5343325,10.0,-8.0,-76.0
1777889738.5443325,4.0,-9.0,-75.0
1777889738.5543325,6.0,-10.0,-75.0
1777889738.5643325,2.0,-9.0,-77.0
1777889738.5743325,-1.0,-5.0,-78.0
1777889738.5843325,1.0,-2.0,-77.0
1777889738.5943325,2.0,-6.0,-74.0
1777889738.6043324,1.0,-7.0,-75.0
1777889738.6143324,5.0,-2.0,-78.0
1777889738.6243324,9.0,-9.0,-78.0
1777889738.6343324,11.0,-10.0,-77.0
1777889738.6443324,6.0,-8.0,-72.0
1777889738.6543324,2.0,-8.0,-68.0
1777889738.6643324,0.0,-6.0,-72.0
1777889738.6743324,0.0,-3.0,-75.0
1777889738.6843324,-1.0,-5.0,-73.0
1777889738.6943324,0.0,-2.0,-75.0
1777889738.7043324,0.0,-6.0,-72.0
1777889738.7143323,0.0,-5.0,-70.0
1777889738.7243323,0.0,-3.0,-78.0
1777889738.7343323,2.0,-7.0,-78.0
1777889738.7443323,4.0,-5.0,-66.0
1777889738.7543323,5.0,-4.0,-65.0
1777889738.7643323,3.0,-4.0,-70.0
1777889738.7743323,0.0,-4.0,-78.0
1777889738.7843325,-1.0,0.0,-78.0
1777889738.7943325,-1.0,1.0,-77.0
1777889738.8043325,-1.0,2.0,-74.0
1777889738.8143325,-1.0,6.0,-77.0
1777889738.8243325,-1.0,9.0,-79.0
1777889738.8343325,1.0,4.0,-78.0
1777889738.8443325,7.0,1.0,-76.0
1777889738.8543324,6.0,0.0,-72.0
1777889738.8643324,1.0,1.0,-69.0
1777889738.8743324,4.0,-2.0,-69.0
1777889738.8843324,4.0,-1.0,-64.0
1777889738.8943324,5.0,1.0,-66.0
1777889738.9043324,8.0,2.0,-63.0
1777889738.9143324,11.0,-1.0,-67.0
1777889738.9243324,8.0,-1.0,-65.0
1777889738.9343324,5.0,-5.0,-65.0
1777889738.9443324,4.0,-6.0,-68.0
1777889738.9543324,3.0,-3.0,-74.0
1777889738.9643323,3.0,-5.0,-66.0
1777889738.9743323,9.0,-6.0,-71.0
1777889738.9843323,9.0,-5.0,-79.0
1777889738.9943323,11.0,-5.0,-81.0
1777889739.0043323,13.0,-2.0,-76.0
1777889739.0143323,15.0,-1.0,-73.0
1777889739.0243323,17.0,0.0,-71.0
1777889739.0343325,14.0,2.0,-73.0
1777889739.0443325,10.0,2.0,-73.0
1777889739.0543325,8.0,1.0,-71.0
1777889739.0643325,5.0,1.0,-68.0
1777889739.0743325,0.0,1.0,-70.0
1777889739.0843325,-3.0,1.0,-74.0
1777889739.0943325,-7.0,0.0,-69.0
1777889739.1043324,-6.0,0.0,-75.0
1777889739.1143324,-1.0,-2.0,-76.0
1777889739.1243324,0.0,-2.0,-72.0
1777889739.1343324,-4.0,-2.0,-71.0
1777889739.1443324,-2.0,-3.0,-68.0
1777889739.1543324,-2.0,-2.0,-69.0
1777889739.1643324,0.0,-3.0,-69.0
1777889739.1743324,4.0,0.0,-69.0
1777889739.1843324,3.0,1.0,-68.0
1777889739.1943324,-1.0,0.0,-68.0
1777889739.2043324,0.0,-1.0,-66.0
1777889739.2143323,-1.0,-2.0,-68.0
1777889739.2243323,1.0,-4.0,-66.0
1777889739.2343323,0.0,-8.0,-65.0
1777889739.2443323,2.0,-4.0,-69.0
1777889739.2543323,3.0,-5.0,-72.0
1777889739.2643323,8.0,-4.0,-75.0
1777889739.2743323,10.0,-5.0,-71.0
1777889739.2843325,6.0,-2.0,-71.0
1777889739.2943325,4.0,1.0,-67.0
1777889739.3043325,0.0,3.0,-67.0
1777889739.3143325,0.0,3.0,-64.0
1777889739.3243325,3.0,6.0,-68.0
1777889739.3343325,1.0,6.0,-66.0
1777889739.3443325,-6.0,4.0,-72.0
1777889739.3543324,-3.0,5.0,-74.0
1777889739.3643324,-3.0,5.0,-71.0
1777889739.3743324,0.0,11.0,-68.0
1777889739.3843324,-3.0,9.0,-62.0
1777889739.3943324,4.0,4.0,-64.0
1777889739.4043324,3.0,2.0,-59.0
1777889739.4143324,5.0,-3.0,-58.0
1777889739.4243324,2.0,-2.0,-56.0
1777889739.4343324,2.0,-1.0,-60.0
1777889739.4443324,0.0,-2.0,-64.0
1777889739.4543324,4.0,-2.0,-66.0
1777889739.4643323,1.0,-6.0,-67.0
1777889739.4743323,1.0,-5.0,-69.0
1777889739.4843323,4.0,-2.0,-71.0
1777889739.4943323,7.0,-1.0,-71.0
1777889739.5043323,4.0,2.0,-73.0
1777889739.5143323,4.0,1.0,-72.0
1777889739.5243323,4.0,-1.0,-70.0
1777889739.5343325,0.0,-4.0,-66.0
1777889739.5443325,0.0,-5.0,-68.0
1777889739.5543325,6.0,-6.0,-75.0
1777889739.5643325,3.0,-4.0,-74.0
1777889739.5743325,0.0,-7.0,-73.0
1777889739.5843325,2.0,-2.0,-67.0
1777889739.5943325,5.0,-1.0,-71.0
1777889739.6043324,0.0,-2.0,-71.0
1777889739.6143324,-3.0,-2.0,-73.0
1777889739.6243324,-5.0,-1.0,-74.0
1777889739.6343324,-4.0,-4.0,-66.0
1777889739.6443324,-3.0,-5.0,-66.0
1777889739.6543324,-5.0,-3.0,-68.0
1777889739.6643324,-4.0,-4.0,-73.0
1777889739.6743324,1.0,-3.0,-75.0
1777889739.6843324,0.0,2.0,-72.0
1777889739.6943324,0.0,1.0,-76.0
1777889739.7043324,2.0,3.0,-77.0
1777889739.7143323,4.0,1.0,-68.0
1777889739.7243323,5.0,-2.0,-67.0
1777889739.7343323,6.0,0.0,-69.0
1777889739.7443323,6.0,-2.0,-77.0
1777889739.7543323,6.0,-1.0,-79.0
1777889739.7643323,4.0,0.0,-77.0
1777889739.7743323,6.0,3.0,-81.0
1777889739.7843325,5.0,6.0,-93.0
1777889739.7943325,7.0,3.0,-93.0
1777889739.8043325,3.0,5.0,-82.0
1777889739.8143325,2.0,5.0,-76.0
1777889739.8243325,-5.0,4.0,-76.0
1777889739.8343325,-2.0,4.0,-73.0
1777889739.8443325,-3.0,4.0,-73.0
1777889739.8543324,-6.0,4.0,-69.0
1777889739.8643324,-5.0,1.0,-71.0
1777889739.8743324,-3.0,0.0,-67.0
1777889739.8843324,-1.0,-1.0,-70.0
1777889739.8943324,-2.0,-2.0,-75.0
1777889739.9043324,4.0,-1.0,-75.0
1777889739.9143324,6.0,0.0,-80.0
1777889739.9243324,7.0,2.0,-80.0
1777889739.9343324,9.0,3.0,-83.0
1777889739.9443324,6.0,1.0,-83.0
1777889739.9543324,9.0,1.0,-83.0
1777889739.9643323,4.0,0.0,-87.0
1777889739.9743323,5.0,2.0,-80.0
1777889739.9843323,6.0,-1.0,-78.0
1777889739.9943323,7.0,-4.0,-75.0
1777889740.0043323,5.0,-5.0,-75.0
1777889740.0143323,0.0,-8.0,-72.0
1777889740.0243323,0.0,-7.0,-71.0
1777889740.0343325,1.0,-6.0,-74.0
1777889740.0443325,-1.0,0.0,-73.0
1777889740.0543325,1.0,2.0,-69.0
1777889740.0643325,6.0,1.0,-70.0
1777889740.0743325,7.0,3.0,-79.0
1777889740.0843325,2.0,2.0,-78.0
1777889740.0943325,2.0,2.0,-77.0
1777889740.1043324,3.0,2.0,-76.0
1777889740.1143324,5.0,0.0,-75.0
1777889740.1243324,1.0,-2.0,-73.0
1777889740.1343324,0.0,-6.0,-72.0
1777889740.1443324,-2.0,-5.0,-69.0
1777889740.1543324,1.0,-2.0,-69.0
1777889740.1643324,0.0,-1.0,-71.0
1777889740.1743324,3.0,0.0,-69.0
1777889740.1843324,2.0,-1.0,-71.0
1777889740.1943324,5.0,-3.0,-71.0
1777889740.2043324,5.0,-7.0,-73.0
1777889740.2143323,4.0,-4.0,-77.0
1777889740.2243323,2.0,-1.0,-74.0
1777889740.2343323,2.0,-2.0,-72.0
1777889740.2443323,2.0,-1.0,-76.0
1777889740.2543323,2.0,2.0,-82.0
1777889740.2643323,0.0,2.0,-85.0
1777889740.2743323,2.0,0.0,-85.0
1777889740.2843325,1.0,1.0,-91.0
1777889740.2943325,4.0,0.0,-94.0
1777889740.3043325,2.0,1.0,-95.0
1777889740.3143325,2.0,3.0,-91.0
1777889740.3243325,0.0,0.0,-83.0
1777889740.3343325,3.0,1.0,-79.0
1777889740.3443325,-1.0,1.0,-75.0
1777889740.3543324,2.0,0.0,-78.0
1777889740.3643324,0.0,-1.0,-73.0
1777889740.3743324,-1.0,0.0,-67.0
1777889740.3843324,-3.0,2.0,-70.0
1777889740.3943324,-3.0,3.0,-70.0
1777889740.4043324,-3.0,0.0,-71.0
1777889740.4143324,-3.0,-1.0,-81.0
1777889740.4243324,-8.0,0.0,-82.0
1777889740.4343324,-6.0,2.0,-78.0
1777889740.4443324,-4.0,-1.0,-83.0
1777889740.4543324,0.0,-3.0,-79.0
1777889740.4643323,1.0,-4.0,-75.0
1777889740.4743323,0.0,-3.0,-81.0
1777889740.4853325,1.0,-3.0,-89.0
1777889740.4953325,1.0,-8.0,-80.0
1777889740.5053325,2.0,-4.0,-75.0
1777889740.5153325,-2.0,-5.0,-74.0
1777889740.5253325,0.0,-6.0,-73.0
1777889740.5353324,1.0,-13.0,-73.0
1777889740.5453324,3.0,-11.0,-65.0
1777889740.5553324,1.0,-8.0,-71.0
1777889740.5653324,5.0,-7.0,-74.0
1777889740.5753324,3.0,-6.0,-75.0
1777889740.5853324,2.0,-4.0,-82.0
1777889740.5953324,6.0,1.0,-82.0
1777889740.6053324,8.0,0.0,-70.0
1777889740.6153324,7.0,0.0,-75.0
1777889740.6253324,5.0,0.0,-78.0
1777889740.6353323,1.0,0.0,-82.0
1777889740.6453323,2.0,-2.0,-75.0
1777889740.6553323,2.0,0.0,-70.0
1777889740.6653323,1.0,2.0,-69.0
1777889740.6753323,1.0,0.0,-74.0
1777889740.6853323,0.0,0.0,-74.0
1777889740.6953323,0.0,1.0,-71.0
1777889740.7053325,3.0,-3.0,-72.0
1777889740.7153325,7.0,-6.0,-83.0
1777889740.7253325,5.0,-6.0,-79.0
1777889740.7353325,5.0,-5.0,-73.0
1777889740.7453325,0.0,-7.0,-81.0
1777889740.7553325,0.0,-8.0,-73.0
1777889740.7653325,4.0,-8.0,-72.0
1777889740.7753325,4.0,-9.0,-67.0
1777889740.7853324,3.0,-9.0,-69.0
1777889740.7953324,2.0,-5.0,-75.0
1777889740.8053324,5.0,-5.0,-77.0
1777889740.8153324,7.0,-8.0,-73.0
1777889740.8253324,3.0,-8.0,-70.0
1777889740.8353324,-2.0,-5.0,-67.0
1777889740.8453324,-6.0,-3.0,-68.0
1777889740.8553324,-6.0,-2.0,-68.0
1777889740.8653324,-6.0,0.0,-75.0
1777889740.8753324,-5.0,3.0,-77.0
1777889740.8853323,-7.0,7.0,-86.0
1777889740.8953323,-5.0,4.0,-88.0
1777889740.9053323,-2.0,3.0,-78.0
1777889740.9153323,-1.0,3.0,-76.0
1777889740.9253323,0.0,5.0,-80.0
1777889740.9353323,-4.0,4.0,-80.0
1777889740.9453323,-5.0,1.0,-79.0
1777889740.9553325,0.0,1.0,-74.0
1777889740.9653325,0.0,1.0,-71.0
1777889740.9753325,-4.0,1.0,-79.0
1777889740.9853325,-3.0,-1.0,-79.0
1777889740.9953325,3.0,-3.0,-78.0
1777889741.0053325,8.0,-2.0,-72.0
1777889741.0153325,7.0,1.0,-70.0
1777889741.0253325,4.0,1.0,-71.0
1777889741.0353324,7.0,2.0,-73.0
1777889741.0453324,4.0,0.0,-77.0
1777889741.0553324,5.0,0.0,-75.0
1777889741.0653324,10.0,1.0,-78.0
1777889741.0753324,8.0,0.0,-74.0
1777889741.0853324,7.0,1.0,-80.0
1777889741.0953324,7.0,0.0,-72.0
1777889741.1053324,5.0,-1.0,-70.0
1777889741.1153324,-3.0,0.0,-68.0
1777889741.1253324,-3.0,0.0,-68.0
1777889741.1353323,0.0,-4.0,-67.0
1777889741.1453323,0.0,-5.0,-60.0
1777889741.1553323,0.0,-5.0,-62.0
1777889741.1653323,-3.0,-4.0,-71.0
1777889741.1753323,0.0,-6.0,-70.0
1777889741.1853323,0.0,-9.0,-70.0
1777889741.1953323,1.0,-4.0,-74.0
1777889741.2053325,-2.0,-1.0,-72.0
1777889741.2153325,3.0,1.0,-71.0
1777889741.2253325,4.0,0.0,-73.0
1777889741.2353325,6.0,-1.0,-76.0
1777889741.2453325,0.0,0.0,-83.0
1777889741.2553325,-1.0,2.0,-85.0
1777889741.2653325,-1.0,1.0,-89.0
1777889741.2753325,0.0,2.0,-84.0
1777889741.2853324,2.0,0.0,-80.0
1777889741.2953324,4.0,-1.0,-83.0
1777889741.3053324,7.0,-2.0,-79.0
1777889741.3153324,7.0,-4.0,-84.0
1777889741.3253324,2.0,-5.0,-86.0
1777889741.3353324,0.0,-3.0,-81.0
1777889741.3453324,-3.0,-3.0,-69.0
1777889741.3553324,0.0,-2.0,-73.0
1777889741.3653324,4.0,0.0,-80.0
1777889741.3753324,3.0,-3.0,-79.0
1777889741.3853323,1.0,-4.0,-76.0
1777889741.3953323,0.0,-6.0,-75.0
1777889741.4053323,-1.0,-8.0,-72.0
1777889741.4153323,-2.0,-5.0,-71.0
1777889741.4253323,0.0,-2.0,-66.0
1777889741.4353323,-5.0,-4.0,-66.0
1777889741.4453323,-1.0,-1.0,-73.0
1777889741.4553325,-2.0,-1.0,-77.0
1777889741.4653325,0.0,1.0,-77.0
1777889741.4753325,-4.0,3.0,-79.0
1777889741.4853325,0.0,7.0,-79.0
1777889741.4953325,0.0,9.0,-77.0
1777889741.5053325,3.0,8.0,-72.0
1777889741.5153325,0.0,6.0,-68.0
1777889741.5253325,-2.0,6.0,-72.0
1777889741.5353324,-3.0,1.0,-79.0
1777889741.5453324,3.0,0.0,-84.0
1777889741.5553324,4.0,1.0,-81.0
1777889741.5653324,7.0,1.0,-75.0
1777889741.5753324,4.0,3.0,-73.0
1777889741.5853324,2.0,3.0,-80.0
1777889741.5953324,0.0,5.0,-80.0
1777889741.6053324,3.0,7.0,-80.0
1777889741.6153324,1.0,5.0,-81.0
1777889741.6253324,4.0,4.0,-80.0
1777889741.6353323,0.0,4.0,-77.0
1777889741.6453323,-2.0,6.0,-80.0
1777889741.6553323,-2.0,2.0,-81.0
1777889741.6653323,-7.0,0.0,-76.0
1777889741.6753323,-2.0,-1.0,-76.0
1777889741.6853323,0.0,-5.0,-89.0
1777889741.6953323,0.0,-4.0,-87.0
1777889741.7053325,-2.0,-6.0,-83.0
1777889741.7153325,-6.0,-7.0,-74.0
1777889741.7253325,-1.0,-6.0,-80.0
1777889741.7353325,1.0,-5.0,-84.0
1777889741.7453325,1.0,0.0,-89.0
1777889741.7553325,2.0,0.0,-86.0
1777889741.7653325,6.0,-2.0,-84.0
1777889741.7753325,5.0,1.0,-83.0
1777889741.7853324,6.0,1.0,-84.0
1777889741.7953324,10.0,0.0,-91.0
1777889741.8053324,7.0,-1.0,-93.0
1777889741.8153324,0.0,0.0,-88.0
1777889741.8253324,1.0,3.0,-85.0
1777889741.8353324,2.0,1.0,-77.0
1777889741.8453324,-2.0,1.0,-71.0
1777889741.8553324,-4.0,4.0,-70.0
1777889741.8653324,-6.0,0.0,-71.0
1777889741.8753324,-7.0,-1.0,-72.0
1777889741.8853323,-7.0,0.0,-72.0
1777889741.8953323,-5.0,2.0,-74.0
1777889741.9053323,-6.0,0.0,-77.0
1777889741.9153323,-4.0,-1.0,-80.0
1777889741.9253323,-7.0,0.0,-83.0
1777889741.9353323,-3.0,4.0,-75.0
1777889741.9453323,-1.0,4.0,-79.0
1777889741.9553325,1.0,4.0,-76.0
1777889741.9653325,2.0,3.0,-80.0
1777889741.9753325,6.0,1.0,-85.0
1777889741.9853325,7.0,1.0,-81.0
1777889741.9953325,9.0,2.0,-84.0
1777889742.0053325,6.0,5.0,-82.0
1777889742.0153325,4.0,3.0,-92.0
1777889742.0253325,8.0,1.0,-89.0
1777889742.0353324,12.0,0.0,-77.0
1777889742.0453324,10.0,2.0,-73.0
1777889742.0553324,10.0,-1.0,-77.0
1777889742.0653324,6.0,-6.0,-76.0
1777889742.0753324,4.0,-6.0,-77.0
1777889742.0853324,2.0,-4.0,-77.0
1777889742.0953324,0.0,-3.0,-86.0
1777889742.1053324,3.0,-2.0,-83.0
1777889742.1153324,0.0,-1.0,-81.0
1777889742.1253324,-2.0,-1.0,-71.0
1777889742.1353323,1.0,1.0,-73.0
1777889742.1453323,0.0,1.0,-67.0
1777889742.1553323,0.0,1.0,-68.0
1777889742.1653323,0.0,2.0,-67.0
1777889742.1753323,-1.0,7.0,-72.0
1777889742.1853323,-2.0,6.0,-76.0
1777889742.1953323,-2.0,0.0,-79.0
1777889742.2053325,-3.0,0.0,-82.0
1777889742.2153325,-4.0,-2.0,-78.0
1777889742.2253325,-1.0,-1.0,-80.0
1777889742.2353325,-3.0,-2.0,-77.0
1777889742.2453325,-6.0,0.0,-73.0
1777889742.2553325,-7.0,0.0,-72.0
1777889742.2653325,-7.0,-3.0,-70.0
1777889742.2763324,-7.0,-3.0,-75.0
1777889742.2853324,-3.0,-8.0,-78.0
1777889742.2953324,-5.0,-5.0,-83.0
1777889742.3053324,-5.0,-6.0,-78.0
1777889742.3153324,-6.0,0.0,-80.0
1777889742.3253324,-9.0,2.0,-83.0
1777889742.3353324,-6.0,0.0,-77.0
1777889742.3453324,-4.0,3.0,-72.0
1777889742.3553324,-2.0,4.0,-75.0
1777889742.3653324,-6.0,7.0,-74.0
1777889742.3753324,-5.0,3.0,-74.0
1777889742.3853323,-2.0,-2.0,-79.0
1777889742.3953323,-2.0,0.0,-72.0
1777889742.4053323,0.0,-2.0,-74.0
1777889742.4153323,4.0,0.0,-81.0
1777889742.4253323,4.0,0.0,-80.0
1777889742.4353323,4.0,0.0,-79.0
1777889742.4453323,7.0,2.0,-72.0
1777889742.4553325,4.0,4.0,-67.0
1777889742.4663324,3.0,6.0,-69.0
1777889742.4763324,-1.0,4.0,-75.0
1777889742.4863324,-4.0,0.0,-78.0
1777889742.4963324,0.0,-3.0,-82.0
1777889742.5063324,0.0,3.0,-85.0
1777889742.5163324,3.0,5.0,-78.0
1777889742.5263324,9.0,4.0,-72.0
1777889742.5363324,5.0,1.0,-78.0
1777889742.5463324,5.0,-2.0,-79.0
1777889742.5563323,2.0,-1.0,-78.0
1777889742.5663323,1.0,1.0,-79.0
1777889742.5763323,2.0,1.0,-78.0
1777889742.5863323,-2.0,-1.0,-79.0
1777889742.5963323,-3.0,-2.0,-77.0
1777889742.6063323,-5.0,-4.0,-73.0
1777889742.6163323,-6.0,-5.0,-78.0
1777889742.6263323,-2.0,-1.0,-77.0
1777889742.6363325,2.0,2.0,-76.0
1777889742.6463325,1.0,2.0,-78.0
1777889742.6563325,0.0,0.0,-78.0
1777889742.6663325,1.0,0.0,-81.0
1777889742.6763325,5.0,-2.0,-79.0
1777889742.6863325,5.0,0.0,-74.0
1777889742.6963325,7.0,1.0,-71.0
1777889742.7063324,9.0,0.0,-73.0
1777889742.7163324,7.0,-5.0,-71.0
1777889742.7263324,6.0,-4.0,-70.0
1777889742.7363324,2.0,-4.0,-72.0
1777889742.7463324,-1.0,-4.0,-69.0
1777889742.7563324,2.0,-4.0,-72.0
1777889742.7663324,-1.0,-3.0,-61.0
1777889742.7763324,0.0,-1.0,-65.0
1777889742.7863324,1.0,-2.0,-66.0
1777889742.7963324,1.0,-5.0,-68.0
1777889742.8063323,0.0,-2.0,-68.0
1777889742.8163323,0.0,-2.0,-68.0
1777889742.8263323,0.0,0.0,-68.0
1777889742.8363323,0.0,-3.0,-73.0
1777889742.8463323,-1.0,-3.0,-69.0
1777889742.8563323,0.0,-3.0,-69.0
1777889742.8663323,-1.0,-2.0,-74.0
1777889742.8763323,0.0,-1.0,-77.0
1777889742.8863325,0.0,-2.0,-81.0
1777889742.8963325,0.0,2.0,-75.0
1777889742.9063325,-2.0,5.0,-71.0
1777889742.9163325,-4.0,0.0,-78.0
1777889742.9263325,0.0,5.0,-83.0
1777889742.9363325,1.0,3.0,-89.0
1777889742.9463325,1.0,1.0,-83.0
1777889742.9563324,3.0,0.0,-74.0
1777889742.9663324,2.0,0.0,-71.0
1777889742.9763324,1.0,0.0,-76.0
1777889742.9863324,5.0,0.0,-73.0
1777889742.9963324,2.0,-1.0,-76.0
1777889743.0063324,-1.0,0.0,-81.0
1777889743.0163324,0.0,0.0,-80.0
1777889743.0263324,0.0,-4.0,-78.0
1777889743.0363324,4.0,-4.0,-77.0
1777889743.0463324,8.0,-7.0,-76.0
1777889743.0563323,4.0,-10.0,-72.0
1777889743.0663323,2.0,-10.0,-75.0
1777889743.0763323,0.0,-5.0,-82.0
1777889743.0863323,-1.0,-3.0,-85.0
1777889743.0963323,0.0,-4.0,-82.0
1777889743.1063323,2.0,-6.0,-78.0
1777889743.1163323,4.0,-3.0,-77.0
1777889743.1263323,1.0,0.0,-78.0
1777889743.1363325,4.0,0.0,-78.0
1777889743.1463325,5.0,0.0,-77.0
1777889743.1563325,1.0,2.0,-72.0
1777889743.1663325,2.0,3.0,-69.0
1777889743.1763325,2.0,2.0,-70.0
1777889743.1863325,5.0,4.0,-73.0
1777889743.1963325,7.0,0.0,-72.0
1777889743.2063324,2.0,0.0,-75.0
1777889743.2163324,-1.0,-2.0,-80.0
1777889743.2263324,-2.0,-3.0,-83.0
1777889743.2363324,0.0,-8.0,-83.0
1777889743.2463324,5.0,-2.0,-82.0
1777889743.2563324,5.0,0.0,-73.0
1777889743.2663324,4.0,-5.0,-73.0
1777889743.2763324,1.0,-5.0,-77.0
1777889743.2863324,2.0,-7.0,-75.0
1777889743.2963324,3.0,-4.0,-77.0
1777889743.3063323,5.0,-1.0,-78.0
1777889743.3163323,7.0,0.0,-79.0
1777889743.3263323,5.0,0.0,-78.0
1777889743.3363323,5.0,-2.0,-72.0
1777889743.3463323,3.0,0.0,-74.0
1777889743.3563323,1.0,-3.0,-76.0
1777889743.3663323,-1.0,-4.0,-74.0
1777889743.3763323,-4.0,0.0,-73.0
1777889743.3863325,-6.0,0.0,-73.0
1777889743.3963325,-7.0,0.0,-72.0
1777889743.4063325,-5.0,-1.0,-76.0
1777889743.4163325,-2.0,1.0,-75.0
1777889743.4263325,-2.0,2.0,-64.0
1777889743.4363325,-2.0,1.0,-58.0
1777889743.4463325,0.0,4.0,-64.0
1777889743.4563324,7.0,3.0,-64.0
1777889743.4663324,6.0,5.0,-64.0
1777889743.4763324,4.0,4.0,-71.0
1777889743.4863324,7.0,2.0,-78.0
1777889743.4963324,7.0,0.0,-70.0
1777889743.5063324,8.0,0.0,-65.0
1777889743.5163324,5.0,1.0,-73.0
1777889743.5263324,6.0,0.0,-76.0
1777889743.5363324,7.0,-4.0,-74.0
1777889743.5463324,6.0,-5.0,-73.0
1777889743.5563323,6.0,-2.0,-67.0
1777889743.5663323,4.0,1.0,-67.0
1777889743.5763323,3.0,0.0,-70.0
1777889743.5863323,4.0,1.0,-72.0
1777889743.5963323,4.0,0.0,-74.0
1777889743.6063323,5.0,2.0,-82.0
1777889743.6163323,1.0,1.0,-74.0
1777889743.6263323,0.0,-2.0,-76.0
1777889743.6363325,-1.0,-2.0,-81.0
1777889743.6463325,0.0,0.0,-81.0
1777889743.6563325,1.0,-2.0,-75.0
1777889743.6663325,3.0,-4.0,-81.0
1777889743.6763325,-1.0,-3.0,-87.0
1777889743.6863325,0.0,-5.0,-91.0
1777889743.6963325,-3.0,-7.0,-89.0
1777889743.7063324,-4.0,-6.0,-91.0
1777889743.7163324,-2.0,-6.0,-91.0
1777889743.7263324,-4.0,-1.0,-81.0
1777889743.7363324,-2.0,-1.0,-75.0
1777889743.7463324,-4.0,-6.0,-74.0
1777889743.7563324,0.0,-6.0,-75.0
1777889743.7663324,0.0,-2.0,-72.0
1777889743.7763324,1.0,0.0,-77.0
1777889743.7863324,1.0,-4.0,-81.0
1777889743.7963324,2.0,-5.0,-78.0
1777889743.8063323,-1.0,-6.0,-81.0
1777889743.8163323,-1.0,-7.0,-82.0
1777889743.8263323,1.0,-4.0,-81.0
1777889743.8363323,3.0,-4.0,-77.0
1777889743.8463323,2.0,-6.0,-77.0
1777889743.8563323,7.0,-6.0,-73.0
1777889743.8663323,7.0,-4.0,-81.0
1777889743.8763323,5.0,-6.0,-75.0
1777889743.8863325,2.0,-4.0,-71.0
1777889743.8963325,5.0,-1.0,-77.0
1777889743.9063325,4.0,-7.0,-74.0
1777889743.9163325,9.0,-6.0,-72.0
1777889743.9263325,9.0,-5.0,-81.0
1777889743.9363325,6.0,-6.0,-82.0
1777889743.9463325,3.0,-5.0,-79.0
1777889743.9563324,1.0,-3.0,-76.0
1777889743.9663324,0.0,1.0,-76.0
1777889743.9763324,2.0,2.0,-75.0
1777889743.9863324,6.0,1.0,-70.0
1777889743.9963324,7.0,0.0,-68.0
1777889744.0063324,8.0,2.0,-77.0
1777889744.0163324,5.0,0.0,-85.0
1777889744.0263324,3.0,0.0,-77.0
1777889744.0363324,4.0,-3.0,-80.0
1777889744.0463324,5.0,-1.0,-72.0
1777889744.0563323,3.0,1.0,-71.0
1777889744.0663323,2.0,5.0,-71.0
1777889744.0763323,4.0,4.0,-67.0
1777889744.0863323,1.0,0.0,-71.0
1777889744.0963323,2.0,-2.0,-75.0
1777889744.1063323,1.0,-3.0,-76.0
1777889744.1163323,-1.0,0.0,-81.0
1777889744.1263323,0.0,1.0,-77.0
1777889744.1363325,-2.0,1.0,-72.0
1777889744.1463325,-3.0,1.0,-73.0
1777889744.1563325,-7.0,3.0,-74.0
1777889744.1663325,-9.0,-1.0,-83.0
1777889744.1763325,-7.0,-3.0,-81.0
1777889744.1863325,-4.0,0.0,-81.0
1777889744.1963325,-1.0,-1.0,-78.0
1777889744.2063324,-2.0,-1.0,-76.0
1777889744.2163324,0.0,-2.0,-73.0
1777889744.2263324,-7.0,-4.0,-77.0
1777889744.2363324,-4.0,-3.0,-81.0
1777889744.2463324,-7.0,2.0,-83.0
1777889744.2563324,-7.0,3.0,-85.0
1777889744.2663324,-12.0,3.0,-81.0
1777889744.2763324,-5.0,4.0,-82.0
1777889744.2863324,-1.0,0.0,-79.0
1777889744.2963324,0.0,-2.0,-76.0
1777889744.3063323,-1.0,-2.0,-80.0
1777889744.3163323,0.0,-2.0,-84.0
1777889744.3263323,0.0,-2.0,-78.0
1777889744.3363323,2.0,0.0,-79.0
1777889744.3463323,1.0,1.0,-79.0
1777889744.3563323,3.0,3.0,-81.0
1777889744.3663323,2.0,0.0,-78.0
1777889744.3763323,1.0,-1.0,-79.0
1777889744.3863325,1.0,-2.0,-82.0
1777889744.3963325,3.0,-2.0,-86.0
1777889744.4063325,-3.0,-5.0,-87.0
1777889744.4163325,-8.0,-2.0,-85.0
1777889744.4263325,-6.0,-3.0,-79.0
1777889744.4363325,-4.0,-3.0,-81.0
1777889744.4473324,-2.0,-5.0,-83.0
1777889744.4573324,-1.0,-4.0,-82.0
1777889744.4673324,2.0,-5.0,-78.0
1777889744.4773324,4.0,-7.0,-76.0
1777889744.4873323,5.0,-5.0,-82.0
1777889744.4973323,6.0,-5.0,-89.0
1777889744.5073323,1.0,-4.0,-85.0
1777889744.5173323,0.0,-2.0,-92.0
1777889744.5273323,0.0,-3.0,-97.0
1777889744.5373323,1.0,-4.0,-92.0
1777889744.5473323,4.0,-4.0,-88.0
1777889744.5573325,6.0,-4.0,-90.0
1777889744.5673325,8.0,-1.0,-92.0
1777889744.5773325,2.0,-2.0,-88.0
1777889744.5873325,0.0,5.0,-86.0
1777889744.5973325,1.0,3.0,-84.0
1777889744.6073325,1.0,6.0,-83.0
1777889744.6173325,-2.0,8.0,-81.0
1777889744.6273324,-5.0,10.0,-82.0
1777889744.6373324,-3.0,8.0,-84.0
1777889744.6473324,-3.0,5.0,-85.0
1777889744.6573324,0.0,3.0,-86.0
1777889744.6673324,-2.0,-1.0,-86.0
1777889744.6773324,-3.0,0.0,-88.0
1777889744.6873324,-6.0,0.0,-91.0
1777889744.6973324,-3.0,-1.0,-86.0
1777889744.7073324,-3.0,0.0,-80.0
1777889744.7173324,0.0,-4.0,-75.0
1777889744.7273324,0.0,-7.0,-74.0
1777889744.7373323,-2.0,-8.0,-72.0
1777889744.7473323,0.0,-7.0,-71.0
1777889744.7573323,1.0,-8.0,-68.0
1777889744.7673323,-4.0,-6.0,-64.0
1777889744.7773323,-5.0,-3.0,-69.0
1777889744.7873323,-7.0,-4.0,-74.0
1777889744.7973323,-3.0,-6.0,-77.0
1777889744.8073325,-5.0,-6.0,-69.0
1777889744.8173325,-10.0,-5.0,-70.0
1777889744.8273325,-8.0,-5.0,-66.0
1777889744.8373325,-5.0,-2.0,-65.0
1777889744.8473325,-3.0,0.0,-68.0
1777889744.8573325,-2.0,-7.0,-70.0
1777889744.8673325,1.0,-3.0,-74.0
1777889744.8773324,0.0,-3.0,-79.0
1777889744.8873324,-1.0,-3.0,-76.0
1777889744.8973324,0.0,2.0,-72.0
1777889744.9073324,-4.0,3.0,-73.0
1777889744.9173324,0.0,2.0,-78.0
1777889744.9273324,0.0,5.0,-82.0
1777889744.9373324,1.0,6.0,-88.0
1777889744.9473324,0.0,0.0,-88.0
1777889744.9573324,4.0,-3.0,-78.0
1777889744.9673324,3.0,0.0,-73.0
1777889744.9773324,0.0,3.0,-74.0
1777889744.9873323,2.0,2.0,-73.0
1777889744.9973323,-1.0,0.0,-74.0
1777889745.0073323,-8.0,-1.0,-76.0
1777889745.0173323,-7.0,0.0,-73.0
1777889745.0273323,-7.0,0.0,-74.0
1777889745.0373323,-8.0,-2.0,-75.0
1777889745.0473323,-7.0,-2.0,-71.0
1777889745.0573325,-7.0,-4.0,-74.0
1777889745.0673325,-9.0,-3.0,-69.0
1777889745.0773325,-10.0,-4.0,-68.0
1777889745.0873325,-7.0,-7.0,-75.0
1777889745.0973325,-3.0,-2.0,-69.0
1777889745.1073325,-1.0,0.0,-73.0
1777889745.1173325,1.0,0.0,-78.0
1777889745.1273324,3.0,-2.0,-74.0
1777889745.1373324,2.0,-7.0,-76.0
1777889745.1473324,-1.0,-5.0,-78.0
1777889745.1573324,-3.0,-4.0,-77.0
1777889745.1673324,0.0,-1.0,-73.0
1777889745.1773324,-1.0,-1.0,-71.0
1777889745.1873324,1.0,-3.0,-74.0
1777889745.1973324,0.0,-3.0,-70.0
1777889745.2073324,0.0,0.0,-78.0
1777889745.2173324,0.0,-2.0,-83.0
1777889745.2273324,-1.0,-2.0,-81.0
1777889745.2373323,-4.0,-2.0,-72.0
1777889745.2473323,-4.0,-4.0,-65.0
1777889745.2573323,-2.0,-5.0,-67.0
1777889745.2673323,-1.0,-4.0,-78.0
1777889745.2773323,-4.0,-5.0,-83.0
1777889745.2873323,-1.0,-7.0,-87.0
1777889745.2973323,-1.0,-8.0,-82.0
1777889745.3073325,1.0,-6.0,-86.0
1777889745.3173325,0.0,-5.0,-79.0
1777889745.3273325,1.0,-1.0,-77.0
1777889745.3373325,0.0,-2.0,-83.0
1777889745.3473325,0.0,0.0,-79.0
1777889745.3573325,-2.0,1.0,-75.0
1777889745.3673325,-1.0,4.0,-78.0
1777889745.3773324,2.0,2.0,-75.0
1777889745.3873324,3.0,0.0,-75.0
1777889745.3973324,3.0,0.0,-73.0
1777889745.4073324,2.0,1.0,-75.0
1777889745.4173324,1.0,0.0,-78.0
1777889745.4273324,-1.0,-1.0,-80.0
1777889745.4373324,3.0,-6.0,-81.0
1777889745.4473324,0.0,-5.0,-83.0
1777889745.4573324,0.0,-4.0,-77.0
1777889745.4673324,-3.0,-6.0,-83.0
1777889745.4773324,0.0,-7.0,-83.0
1777889745.4873323,-1.0,-3.0,-75.0
1777889745.4973323,-2.0,-9.0,-74.0
1777889745.5073323,0.0,-7.0,-73.0
1777889745.5173323,-3.0,-9.0,-79.0
1777889745.5273323,1.0,-11.0,-85.0
1777889745.5373323,0.0,-12.0,-82.0
1777889745.5473323,1.0,-6.0,-81.0
1777889745.5573325,4.0,0.0,-78.0
1777889745.5673325,7.0,3.0,-82.0
1777889745.5773325,8.0,0.0,-83.0
1777889745.5873325,4.0,1.0,-83.0
1777889745.5973325,1.0,1.0,-78.0
1777889745.6073325,3.0,2.0,-82.0
1777889745.6173325,5.0,4.0,-83.0
1777889745.6273324,3.0,-1.0,-84.0
1777889745.6373324,-2.0,-4.0,-79.0
1777889745.6473324,-3.0,-4.0,-78.0
1777889745.6573324,-3.0,-4.0,-78.0
1777889745.6673324,-3.0,-1.0,-74.0
1777889745.6773324,1.0,1.0,-75.0
1777889745.6873324,0.0,1.0,-73.0
1777889745.6973324,0.0,0.0,-76.0
1777889745.7073324,2.0,2.0,-75.0
1777889745.7173324,0.0,4.0,-76.0
1777889745.7273324,0.0,0.0,-76.0
1777889745.7373323,3.0,-3.0,-82.0
1777889745.7473323,6.0,-5.0,-87.0
1777889745.7573323,1.0,-5.0,-84.0
1777889745.7673323,2.0,-4.0,-85.0
1777889745.7773323,4.0,-2.0,-83.0
1777889745.7873323,1.0,0.0,-81.0
1777889745.7973323,-1.0,-1.0,-81.0
1777889745.8073325,-2.0,-4.0,-79.0
1777889745.8173325,-4.0,-5.0,-74.0
1777889745.8273325,-2.0,-4.0,-74.0
1777889745.8373325,-3.0,0.0,-71.0
1777889745.8473325,-2.0,0.0,-70.0
1777889745.8573325,0.0,-1.0,-73.0
1777889745.8673325,2.0,-3.0,-74.0
1777889745.8773324,0.0,0.0,-70.0
1777889745.8873324,-2.0,-1.0,-69.0
1777889745.8973324,-5.0,0.0,-68.0
1777889745.9073324,-2.0,1.0,-73.0
1777889745.9173324,-1.0,0.0,-75.0
1777889745.9273324,0.0,0.0,-77.0
1777889745.9373324,2.0,0.0,-78.0
1777889745.9473324,6.0,0.0,-83.0
1777889745.9573324,3.0,0.0,-84.0
1777889745.9673324,-1.0,0.0,-84.0
1777889745.9773324,-4.0,0.0,-81.0
1777889745.9873323,-1.0,0.0,-79.0
1777889745.9973323,-4.0,3.0,-85.0
1777889746.0073323,-8.0,4.0,-85.0
1777889746.0173323,-9.0,1.0,-83.0
1777889746.0273323,-6.0,1.0,-81.0
1777889746.0373323,-10.0,3.0,-76.0
1777889746.0473323,-11.0,0.0,-75.0
1777889746.0573325,-7.0,-4.0,-76.0
1777889746.0673325,-3.0,-3.0,-79.0
1777889746.0773325,0.0,-8.0,-77.0
1777889746.0873325,0.0,-5.0,-77.0
1777889746.0973325,-1.0,-4.0,-85.0
1777889746.1073325,-3.0,-8.0,-75.0
1777889746.1173325,-4.0,-10.0,-78.0
1777889746.1273324,-7.0,-6.0,-75.0
1777889746.1373324,-5.0,-10.0,-79.0
1777889746.1473324,-2.0,-8.0,-83.0
1777889746.1573324,0.0,-2.0,-76.0
1777889746.1673324,0.0,-4.0,-79.0
1777889746.1773324,-1.0,-7.0,-81.0
1777889746.1873324,1.0,-2.0,-79.0
1777889746.1973324,1.0,0.0,-77.0
1777889746.2073324,2.0,0.0,-70.0
1777889746.2173324,4.0,0.0,-80.0
1777889746.2273324,5.0,2.0,-83.0
1777889746.2373323,7.0,0.0,-82.0
1777889746.2473323,5.0,0.0,-83.0
1777889746.2573323,1.0,-1.0,-86.0
1777889746.2673323,-1.0,-1.0,-87.0
1777889746.2773323,-1.0,4.0,-87.0
1777889746.2873323,3.0,4.0,-81.0
1777889746.2973323,3.0,8.0,-82.0
1777889746.3073325,7.0,5.0,-79.0
1777889746.3173325,8.0,6.0,-79.0
1777889746.3273325,10.0,5.0,-77.0
1777889746.3373325,6.0,4.0,-74.0
1777889746.3473325,0.0,4.0,-77.0
1777889746.3573325,0.0,4.0,-82.0
1777889746.3673325,-4.0,0.0,-78.0
1777889746.3773324,-7.0,-2.0,-72.0
1777889746.3873324,-5.0,-4.0,-73.0
1777889746.3973324,-8.0,-5.0,-69.0
1777889746.4073324,-5.0,-8.0,-66.0
1777889746.4173324,-7.0,-8.0,-67.0
1777889746.4283323,-7.0,-9.0,-69.0
1777889746.4383323,-3.0,-5.0,-68.0
1777889746.4483323,-4.0,-3.0,-67.0
1777889746.4583323,0.0,-4.0,-60.0
1777889746.4683323,-1.0,-4.0,-57.0
1777889746.4783323,0.0,-3.0,-60.0
1777889746.4883325,5.0,-4.0,-59.0
1777889746.4983325,2.0,-3.0,-63.0
1777889746.5083325,0.0,-5.0,-66.0
1777889746.5183325,-1.0,0.0,-70.0
1777889746.5283325,-4.0,0.0,-80.0
1777889746.5383325,-5.0,3.0,-84.0
1777889746.5483325,3.0,2.0,-81.0
1777889746.5583324,4.0,1.0,-75.0
1777889746.5683324,0.0,2.0,-73.0
1777889746.5783324,0.0,0.0,-82.0
1777889746.5883324,-1.0,0.0,-84.0
1777889746.5983324,0.0,2.0,-80.0
1777889746.6083324,0.0,3.0,-73.0
1777889746.6183324,1.0,1.0,-70.0
1777889746.6283324,2.0,-2.0,-70.0
1777889746.6383324,-3.0,-3.0,-71.0
1777889746.6483324,-3.0,-1.0,-77.0
1777889746.6583323,-1.0,-1.0,-77.0
1777889746.6683323,0.0,0.0,-77.0
1777889746.6783323,0.0,-1.0,-71.0
1777889746.6883323,0.0,-2.0,-72.0
1777889746.6983323,2.0,-1.0,-76.0
1777889746.7083323,2.0,1.0,-78.0
1777889746.7183323,3.0,3.0,-86.0
1777889746.7283323,6.0,2.0,-81.0
1777889746.7383325,6.0,3.0,-80.0
1777889746.7483325,2.0,2.0,-83.0
1777889746.7583325,5.0,-3.0,-86.0
1777889746.7683325,4.0,-5.0,-79.0
1777889746.7783325,1.0,-5.0,-76.0
1777889746.7883325,0.0,-2.0,-74.0
1777889746.7983325,0.0,0.0,-78.0
1777889746.8083324,-1.0,3.0,-76.0
1777889746.8183324,-4.0,4.0,-73.0
1777889746.8283324,-6.0,5.0,-73.0
1777889746.8383324,3.0,7.0,-79.0
1777889746.8483324,2.0,5.0,-78.0
1777889746.8583324,3.0,8.0,-78.0
1777889746.8683324,2.0,9.0,-83.0
1777889746.8783324,2.0,9.0,-80.0
1777889746.8883324,2.0,11.0,-79.0
1777889746.8983324,-3.0,8.0,-80.0
1777889746.9083323,-4.0,1.0,-74.0
1777889746.9183323,-3.0,0.0,-78.0
1777889746.9283323,-1.0,0.0,-77.0
1777889746.9383323,1.0,1.0,-79.0
1777889746.9483323,4.0,3.0,-80.0
1777889746.9583323,4.0,1.0,-81.0
1777889746.9683323,3.0,3.0,-79.0
1777889746.9783323,-1.0,7.0,-82.0
1777889746.9883325,-1.0,8.0,-88.0
1777889746.9983325,2.0,4.0,-87.0
1777889747.0083325,4.0,4.0,-80.0
1777889747.0183325,7.0,0.0,-77.0
1777889747.0283325,11.0,-2.0,-78.0
1777889747.0383325,7.0,-1.0,-72.0
1777889747.0483325,0.0,2.0,-69.0
1777889747.0583324,1.0,0.0,-74.0
1777889747.0683324,0.0,3.0,-74.0
1777889747.0783324,0.0,3.0,-79.0
1777889747.0883324,1.0,4.0,-79.0
1777889747.0983324,1.0,4.0,-74.0
1777889747.1083324,0.0,3.0,-78.0
1777889747.1183324,-1.0,1.0,-78.0
1777889747.1283324,-1.0,1.0,-79.0
1777889747.1383324,-1.0,-1.0,-77.0
1777889747.1483324,0.0,-2.0,-83.0
1777889747.1583323,0.0,1.0,-78.0
1777889747.1683323,-2.0,0.0,-75.0
1777889747.1783323,0.0,1.0,-81.0
1777889747.1883323,0.0,0.0,-78.0
1777889747.1983323,-4.0,-3.0,-81.0
1777889747.2083323,-3.0,-7.0,-81.0
1777889747.2183323,-7.0,-8.0,-77.0
1777889747.2283323,-6.0,-4.0,-74.0
1777889747.2383325,-6.0,-2.0,-67.0
1777889747.2483325,-10.0,-1.0,-69.0
1777889747.2583325,-10.0,-4.0,-70.0
1777889747.2683325,-8.0,-7.0,-68.0
1777889747.2783325,-3.0,0.0,-69.0
1777889747.2883325,1.0,0.0,-71.0
1777889747.2983325,2.0,0.0,-71.0
1777889747.3083324,4.0,-6.0,-74.0
1777889747.3183324,3.0,-8.0,-78.0
1777889747.3283324,2.0,-10.0,-77.0
1777889747.3383324,-2.0,-2.0,-81.0
1777889747.3483324,-2.0,-5.0,-79.0
1777889747.3583324,2.0,-4.0,-77.0
1777889747.3683324,3.0,-3.0,-77.0
1777889747.3783324,1.0,-1.0,-72.0
1777889747.3883324,0.0,0.0,-75.0
1777889747.3983324,-6.0,-3.0,-80.0
1777889747.4083323,-6.0,-1.0,-75.0
1777889747.4183323,-4.0,-1.0,-83.0
1777889747.4283323,-8.0,0.0,-86.0
1777889747.4383323,-5.0,-1.0,-86.0
1777889747.4483323,0.0,0.0,-89.0
1777889747.4583323,2.0,0.0,-81.0
1777889747.4683323,0.0,0.0,-80.0
1777889747.4783323,1.0,-1.0,-84.0
1777889747.4883325,5.0,-4.0,-85.0
1777889747.4983325,1.0,-4.0,-84.0
1777889747.5083325,5.0,-2.0,-85.0
1777889747.5183325,5.0,-1.0,-84.0
1777889747.5283325,1.0,0.0,-88.0
1777889747.5383325,-8.0,2.0,-80.0
1777889747.5483325,-11.0,-3.0,-82.0
1777889747.5583324,-6.0,-2.0,-78.0
1777889747.5683324,-8.0,-2.0,-78.0
1777889747.5783324,-6.0,-2.0,-81.0
1777889747.5883324,-1.0,0.0,-82.0
1777889747.5983324,-1.0,-2.0,-86.0
1777889747.6083324,-3.0,-7.0,-85.0
1777889747.6183324,-2.0,-6.0,-86.0
1777889747.6283324,-1.0,-4.0,-75.0
1777889747.6383324,-1.0,-2.0,-68.0
1777889747.6483324,0.0,0.0,-73.0
1777889747.6583323,3.0,1.0,-77.0
1777889747.6683323,2.0,1.0,-70.0
1777889747.6783323,4.0,-2.0,-75.0
1777889747.6883323,6.0,-1.0,-65.0
1777889747.6983323,5.0,-4.0,-63.0
1777889747.7083323,4.0,-4.0,-68.0
1777889747.7183323,3.0,-6.0,-64.0
1777889747.7283323,1.0,-11.0,-55.0
1777889747.7383325,0.0,-7.0,-57.0
1777889747.7483325,0.0,-1.0,-67.0
1777889747.7583325,-2.0,5.0,-72.0
1777889747.7683325,-5.0,0.0,-78.0
1777889747.7783325,-1.0,-1.0,-79.0
1777889747.7883325,0.0,4.0,-78.0
1777889747.7983325,3.0,6.0,-79.0
1777889747.8083324,6.0,8.0,-84.0
1777889747.8183324,1.0,8.0,-81.0
1777889747.8283324,1.0,7.0,-77.0
1777889747.8383324,3.0,4.0,-81.0
1777889747.8483324,1.0,4.0,-87.0
1777889747.8583324,4.0,6.0,-87.0
1777889747.8683324,3.0,6.0,-86.0
1777889747.8783324,4.0,5.0,-88.0
1777889747.8883324,3.0,3.0,-89.0
1777889747.8983324,2.0,0.0,-84.0
1777889747.9083323,1.0,0.0,-79.0
1777889747.9183323,-2.0,0.0,-82.0
1777889747.9283323,-1.0,0.0,-87.0
1777889747.9383323,1.0,3.0,-88.0
1777889747.9483323,0.0,8.0,-80.0
1777889747.9583323,4.0,9.0,-74.0
1777889747.9683323,6.0,7.0,-68.0
1777889747.9783323,4.0,6.0,-69.0
1777889747.9883325,5.0,7.0,-70.0
1777889747.9983325,4.0,8.0,-67.0
1777889748.0083325,0.0,5.0,-70.0
1777889748.0183325,3.0,4.0,-72.0
1777889748.0283325,0.0,4.0,-65.0
1777889748.0383325,0.0,1.0,-64.0
1777889748.0483325,1.0,0.0,-62.0
1777889748.0583324,4.0,0.0,-61.0
1777889748.0683324,-1.0,-1.0,-71.0
1777889748.0783324,-4.0,2.0,-73.0
1777889748.0883324,-1.0,3.0,-74.0
1777889748.0983324,0.0,5.0,-78.0
1777889748.1083324,1.0,3.0,-78.0
1777889748.1183324,3.0,0.0,-80.0
1777889748.1283324,-1.0,0.0,-82.0
1777889748.1383324,-2.0,-2.0,-77.0
1777889748.1483324,-3.0,-2.0,-79.0
1777889748.1583323,4.0,0.0,-80.0
1777889748.1683323,7.0,-2.0,-79.0
1777889748.1783323,4.0,-3.0,-77.0
1777889748.1883323,4.0,0.0,-77.0
1777889748.1983323,1.0,4.0,-81.0
1777889748.2083323,2.0,2.0,-78.0
1777889748.2183323,0.0,1.0,-79.0
1777889748.2283323,3.0,-2.0,-76.0
1777889748.2383325,2.0,-1.0,-79.0
1777889748.2483325,0.0,2.0,-75.0
1777889748.2583325,0.0,7.0,-70.0
1777889748.2683325,3.0,4.0,-70.0
1777889748.2783325,2.0,3.0,-73.0
1777889748.2883325,-1.0,2.0,-72.0
1777889748.2983325,-4.0,3.0,-66.0
1777889748.3083324,-4.0,-2.0,-65.0
1777889748.3183324,-4.0,-3.0,-69.0
1777889748.3283324,-8.0,0.0,-74.0
1777889748.3383324,-4.0,0.0,-71.0
1777889748.3483324,0.0,-3.0,-74.0
1777889748.3583324,0.0,-3.0,-68.0
1777889748.3683324,-2.0,4.0,-73.0
1777889748.3783324,-4.0,1.0,-78.0
1777889748.3883324,-3.0,-1.0,-74.0
1777889748.3983324,-4.0,-1.0,-72.0
1777889748.4083323,-3.0,3.0,-73.0
1777889748.4193325,0.0,4.0,-74.0
1777889748.4293325,3.0,3.0,-72.0
1777889748.4393325,3.0,1.0,-70.0
1777889748.4493325,4.0,2.0,-71.0
1777889748.4593325,2.0,5.0,-74.0
1777889748.4693325,1.0,7.0,-72.0
1777889748.4793324,4.0,7.0,-75.0
1777889748.4893324,8.0,6.0,-79.0
1777889748.4993324,7.0,4.0,-80.0
1777889748.5093324,11.0,6.0,-80.0
1777889748.5193324,9.0,3.0,-82.0
1777889748.5293324,4.0,4.0,-84.0
1777889748.5393324,1.0,4.0,-81.0
1777889748.5493324,2.0,2.0,-82.0
1777889748.5593324,0.0,0.0,-78.0
1777889748.5693324,3.0,2.0,-79.0
1777889748.5793324,2.0,0.0,-81.0
1777889748.5893323,1.0,-3.0,-78.0
1777889748.5993323,-1.0,-3.0,-79.0
1777889748.6093323,-2.0,-3.0,-76.0
1777889748.6193323,0.0,-3.0,-73.0
1777889748.6293323,-2.0,-3.0,-74.0
1777889748.6393323,-6.0,0.0,-77.0
1777889748.6493323,-4.0,0.0,-74.0
1777889748.6593325,-1.0,2.0,-68.0
1777889748.6693325,0.0,6.0,-67.0
1777889748.6793325,1.0,5.0,-78.0
1777889748.6893325,-1.0,3.0,-75.0
1777889748.6993325,-3.0,5.0,-70.0
1777889748.7093325,1.0,1.0,-67.0
1777889748.7193325,5.0,-1.0,-75.0
1777889748.7293324,5.0,-4.0,-71.0
1777889748.7393324,1.0,1.0,-70.0
1777889748.7493324,1.0,0.0,-67.0
1777889748.7593324,0.0,0.0,-64.0
1777889748.7693324,-1.0,-2.0,-66.0
1777889748.7793324,1.0,-5.0,-70.0
1777889748.7893324,4.0,-3.0,-72.0
1777889748.7993324,6.0,-6.0,-70.0
1777889748.8093324,1.0,-4.0,-73.0
1777889748.8193324,0.0,-5.0,-72.0
1777889748.8293324,-1.0,-3.0,-80.0
1777889748.8393323,-5.0,0.0,-84.0
1777889748.8493323,-5.0,6.0,-77.0
1777889748.8593323,1.0,8.0,-79.0
1777889748.8693323,5.0,4.0,-84.0
1777889748.8793323,0.0,4.0,-88.0
1777889748.8893323,-1.0,3.0,-89.0
1777889748.8993323,-3.0,0.0,-85.0
1777889748.9093325,-2.0,0.0,-81.0
1777889748.9193325,0.0,1.0,-79.0
1777889748.9293325,1.0,2.0,-76.0
1777889748.9393325,1.0,9.0,-78.0
1777889748.9493325,0.0,8.0,-82.0
1777889748.9593325,3.0,2.0,-79.0
1777889748.9693325,6.0,1.0,-74.0
1777889748.9793324,8.0,0.0,-74.0
1777889748.9893324,8.0,1.0,-75.0
1777889748.9993324,3.0,0.0,-79.0
1777889749.0093324,0.0,-1.0,-80.0
1777889749.0193324,3.0,-2.0,-76.0
1777889749.0293324,9.0,1.0,-76.0
1777889749.0393324,7.0,3.0,-78.0
1777889749.0493324,4.0,0.0,-70.0
1777889749.0593324,-1.0,-3.0,-72.0
1777889749.0693324,1.0,-7.0,-70.0
1777889749.0793324,6.0,-7.0,-80.0
1777889749.0893323,9.0,-5.0,-79.0
1777889749.0993323,8.0,-6.0,-75.0
1777889749.1093323,6.0,-5.0,-74.0
1777889749.1193323,4.0,-3.0,-79.0
1777889749.1293323,3.0,-8.0,-78.0
1777889749.1393323,4.0,-9.0,-75.0
1777889749.1493323,7.0,-3.0,-64.0
1777889749.1593325,4.0,-1.0,-65.0
1777889749.1693325,5.0,-2.0,-67.0
1777889749.1793325,4.0,-8.0,-68.0
1777889749.1893325,0.0,-9.0,-66.0
1777889749.1993325,2.0,-8.0,-67.0
1777889749.2093325,0.0,-7.0,-68.0
1777889749.2193325,1.0,-9.0,-70.0
1777889749.2293324,2.0,-4.0,-69.0
1777889749.2393324,6.0,0.0,-74.0
1777889749.2493324,5.0,1.0,-71.0
1777889749.2593324,9.0,2.0,-74.0
1777889749.2693324,5.0,0.0,-73.0
1777889749.2793324,4.0,-2.0,-76.0
1777889749.2893324,4.0,-2.0,-76.0
1777889749.2993324,6.0,-5.0,-77.0
1777889749.3093324,8.0,-3.0,-72.0
1777889749.3193324,10.0,2.0,-71.0
1777889749.3293324,4.0,2.0,-72.0
1777889749.3393323,2.0,-1.0,-73.0
1777889749.3493323,0.0,-2.0,-77.0
1777889749.3593323,-1.0,-5.0,-73.0
1777889749.3693323,-6.0,-7.0,-74.0
1777889749.3793323,-4.0,-5.0,-78.0
1777889749.3893323,-7.0,-1.0,-78.0
1777889749.3993323,-6.0,0.0,-79.0
1777889749.4093325,-4.0,0.0,-84.0
1777889749.4193325,0.0,0.0,-83.0
1777889749.4293325,-3.0,0.0,-75.0
1777889749.4393325,0.0,3.0,-74.0
1777889749.4493325,0.0,6.0,-76.0
1777889749.4593325,0.0,0.0,-76.0
1777889749.4693325,6.0,3.0,-75.0
1777889749.4793324,6.0,3.0,-80.0
1777889749.4893324,7.0,0.0,-82.0
1777889749.4993324,10.0,-4.0,-79.0
1777889749.5093324,6.0,-3.0,-76.0
1777889749.5193324,6.0,-3.0,-77.0
1777889749.5293324,5.0,-7.0,-81.0
1777889749.5393324,3.0,-2.0,-74.0
1777889749.5493324,0.0,0.0,-76.0
1777889749.5593324,2.0,-1.0,-78.0
1777889749.5693324,1.0,-2.0,-74.0
1777889749.5793324,3.0,-3.0,-74.0
1777889749.5893323,0.0,-4.0,-75.0
1777889749.5993323,-5.0,0.0,-72.0
1777889749.6093323,-5.0,1.0,-69.0
1777889749.6193323,-7.0,0.0,-68.0
1777889749.6293323,-5.0,-1.0,-74.0
1777889749.6393323,-3.0,1.0,-75.0
1777889749.6493323,-6.0,-2.0,-72.0
1777889749.6593325,-6.0,-5.0,-78.0
1777889749.6693325,-3.0,-5.0,-76.0
1777889749.6793325,0.0,-3.0,-79.0
1777889749.6893325,-6.0,-6.0,-79.0
1777889749.6993325,-5.0,-5.0,-78.0
1777889749.7093325,-4.0,-7.0,-77.0
1777889749.7193325,-7.0,-7.0,-77.0
1777889749.7293324,-5.0,-7.0,-73.0
1777889749.7393324,-1.0,-7.0,-68.0
1777889749.7493324,-1.0,-6.0,-79.0
1777889749.7593324,-1.0,-7.0,-82.0
1777889749.7693324,-4.0,-3.0,-81.0
1777889749.7793324,1.0,0.0,-78.0
1777889749.7893324,2.0,3.0,-82.0
1777889749.7993324,-2.0,1.0,-85.0
1777889749.8093324,1.0,-1.0,-85.0
1777889749.8193324,4.0,-3.0,-81.0
1777889749.8293324,4.0,-3.0,-83.0
1777889749.8393323,2.0,-8.0,-84.0
1777889749.8493323,-1.0,-8.0,-79.0
1777889749.8593323,3.0,-10.0,-77.0
1777889749.8693323,-1.0,-8.0,-77.0
1777889749.8793323,0.0,-11.0,-78.0
1777889749.8893323,6.0,-7.0,-80.0
1777889749.8993323,7.0,-2.0,-77.0
1777889749.9093325,2.0,-4.0,-77.0
1777889749.9193325,4.0,-4.0,-76.0
1777889749.9293325,2.0,-4.0,-75.0
1777889749.9393325,3.0,-4.0,-79.0
1777889749.9493325,1.0,0.0,-83.0
1777889749.9593325,3.0,-1.0,-77.0
1777889749.9693325,1.0,0.0,-75.0
1777889749.9793324,0.0,0.0,-73.0
1777889749.9893324,3.0,-4.0,-72.0
1777889749.9993324,5.0,-4.0,-71.0
1777889750.0093324,4.0,0.0,-75.0
1777889750.0193324,6.0,-2.0,-75.0
1777889750.0293324,4.0,-4.0,-78.0
1777889750.0393324,7.0,-6.0,-75.0
1777889750.0493324,3.0,-3.0,-69.0
1777889750.0593324,3.0,0.0,-70.0
1777889750.0693324,0.0,-1.0,-68.0
1777889750.0793324,1.0,1.0,-70.0
1777889750.0893323,0.0,-2.0,-72.0
1777889750.0993323,4.0,-1.0,-73.0
1777889750.1093323,1.0,-3.0,-78.0
1777889750.1193323,4.0,-1.0,-73.0
1777889750.1293323,3.0,0.0,-71.0
1777889750.1393323,-2.0,0.0,-74.0
1777889750.1493323,-2.0,0.0,-71.0
1777889750.1593325,3.0,-3.0,-64.0
1777889750.1693325,3.0,-3.0,-64.0
1777889750.1793325,4.0,-4.0,-69.0
1777889750.1893325,5.0,-4.0,-63.0
1777889750.1993325,5.0,0.0,-67.0
1777889750.2093325,8.0,-1.0,-77.0
1777889750.2193325,6.0,0.0,-79.0
1777889750.2293324,0.0,-2.0,-80.0
1777889750.2393324,-2.0,-2.0,-82.0
1777889750.2493324,-1.0,-4.0,-82.0
1777889750.2593324,0.0,-3.0,-80.0
1777889750.2693324,5.0,-3.0,-78.0
1777889750.2793324,9.0,-4.0,-79.0
1777889750.2893324,6.0,-1.0,-77.0
1777889750.2993324,7.0,-3.0,-72.0
1777889750.3093324,6.0,-5.0,-75.0
1777889750.3193324,5.0,-6.0,-70.0
1777889750.3293324,6.0,-3.0,-68.0
1777889750.3393323,-3.0,-4.0,-67.0
1777889750.3493323,-3.0,-1.0,-72.0
1777889750.3593323,0.0,-4.0,-75.0
1777889750.3703325,0.0,1.0,-72.0
1777889750.3803325,-3.0,5.0,-73.0
1777889750.3903325,-1.0,4.0,-71.0
1777889750.4003325,0.0,1.0,-68.0
1777889750.4103324,0.0,3.0,-64.0
1777889750.4203324,0.0,2.0,-66.0
1777889750.4303324,-2.0,-1.0,-69.0
1777889750.4403324,0.0,0.0,-69.0
1777889750.4503324,0.0,-3.0,-77.0
1777889750.4603324,3.0,-2.0,-79.0
1777889750.4703324,1.0,-4.0,-76.0
1777889750.4803324,2.0,-7.0,-67.0
1777889750.4903324,0.0,-8.0,-67.0
1777889750.5003324,2.0,-6.0,-76.0
1777889750.5103323,4.0,-1.0,-80.0
1777889750.5203323,4.0,-5.0,-77.0
1777889750.5303323,5.0,-8.0,-80.0
1777889750.5403323,4.0,-7.0,-81.0
1777889750.5503323,8.0,-4.0,-83.0
1777889750.5603323,2.0,-2.0,-87.0
1777889750.5703323,3.0,0.0,-92.0
1777889750.5803325,4.0,2.0,-93.0
1777889750.5903325,3.0,0.0,-90.0
1777889750.6003325,7.0,-2.0,-87.0
1777889750.6103325,9.0,-2.0,-86.0
1777889750.6203325,6.0,1.0,-83.0
1777889750.6303325,7.0,1.0,-87.0
1777889750.6403325,7.0,5.0,-86.0
1777889750.6503325,3.0,3.0,-89.0
1777889750.6603324,0.0,0.0,-82.0
1777889750.6703324,0.0,-1.0,-73.0
1777889750.6803324,3.0,-3.0,-71.0
1777889750.6903324,9.0,-1.0,-68.0
1777889750.7003324,7.0,0.0,-64.0
1777889750.7103324,2.0,-1.0,-68.0
1777889750.7203324,4.0,-2.0,-70.0
1777889750.7303324,5.0,-3.0,-67.0
1777889750.7403324,8.0,-1.0,-79.0
1777889750.7503324,6.0,-2.0,-84.0
1777889750.7603323,4.0,-1.0,-82.0
1777889750.7703323,4.0,3.0,-71.0
1777889750.7803323,2.0,1.0,-70.0
1777889750.7903323,5.0,0.0,-70.0
1777889750.8003323,1.0,0.0,-67.0
1777889750.8103323,1.0,-2.0,-64.0
1777889750.8203323,1.0,-3.0,-71.0
1777889750.8303325,2.0,-2.0,-69.0
1777889750.8403325,-1.0,0.0,-74.0
1777889750.8503325,0.0,2.0,-81.0
1777889750.8603325,0.0,0.0,-80.0
1777889750.8703325,0.0,3.0,-82.0
1777889750.8803325,-2.0,2.0,-80.0
1777889750.8903325,-3.0,-1.0,-79.0
1777889750.9003325,-6.0,-7.0,-77.0
1777889750.9103324,-6.0,-5.0,-80.0
1777889750.9203324,-7.0,-7.0,-76.0
1777889750.9303324,-7.0,-10.0,-73.0
1777889750.9403324,-5.0,-5.0,-73.0
1777889750.9503324,-2.0,-1.0,-71.0
1777889750.9603324,-2.0,0.0,-80.0
1777889750.9703324,-3.0,-3.0,-83.0
1777889750.9803324,-2.0,-3.0,-84.0
1777889750.9903324,-7.0,-6.0,-81.0
1777889751.0003324,-5.0,-9.0,-78.0
1777889751.0103323,-2.0,-8.0,-80.0
1777889751.0203323,-1.0,-5.0,-75.0
1777889751.0303323,0.0,-4.0,-74.0
1777889751.0403323,2.0,-8.0,-72.0
1777889751.0503323,8.0,-6.0,-68.0
1777889751.0603323,9.0,-2.0,-69.0
1777889751.0703323,5.0,-3.0,-71.0
1777889751.0803325,5.0,-6.0,-67.0
1777889751.0903325,5.0,-5.0,-68.0
1777889751.1003325,12.0,-8.0,-73.0
1777889751.1103325,3.0,-9.0,-79.0
1777889751.1203325,1.0,-5.0,-74.0
1777889751.1303325,1.0,-4.0,-71.0
1777889751.1403325,1.0,-7.0,-74.0
1777889751.1503325,0.0,-8.0,-76.0
1777889751.1603324,1.0,-9.0,-81.0
1777889751.1703324,0.0,-8.0,-80.0
1777889751.1803324,-1.0,-5.0,-82.0
1777889751.1903324,0.0,-3.0,-81.0
1777889751.2003324,1.0,-1.0,-84.0
1777889751.2103324,3.0,-2.0,-87.0
1777889751.2203324,1.0,-5.0,-86.0
1777889751.2303324,-3.0,-6.0,-85.0
1777889751.2403324,-1.0,-5.0,-81.0
1777889751.2503324,0.0,-4.0,-88.0
1777889751.2603323,2.0,-5.0,-91.0
1777889751.2703323,2.0,2.0,-85.0
1777889751.2803323,4.0,-1.0,-80.0
1777889751.2903323,3.0,-2.0,-67.0
1777889751.3003323,4.0,-1.0,-67.0
1777889751.3103323,5.0,1.0,-73.0
1777889751.3203323,9.0,0.0,-76.0
1777889751.3303325,7.0,1.0,-77.0
1777889751.3403325,8.0,2.0,-79.0
1777889751.3503325,5.0,0.0,-84.0
1777889751.3603325,4.0,-1.0,-86.0
1777889751.3703325,4.0,-3.0,-83.0
1777889751.3803325,2.0,-4.0,-83.0
1777889751.3903325,3.0,-2.0,-80.0
1777889751.4003325,4.0,0.0,-80.0
1777889751.4103324,4.0,-1.0,-80.0
1777889751.4203324,3.0,0.0,-76.0
1777889751.4303324,4.0,0.0,-83.0
1777889751.4403324,3.0,3.0,-74.0
1777889751.4503324,4.0,4.0,-79.0
1777889751.4603324,8.0,0.0,-76.0
1777889751.4703324,6.0,0.0,-66.0
1777889751.4803324,5.0,-4.0,-63.0
1777889751.4903324,4.0,-6.0,-70.0
1777889751.5003324,-3.0,0.0,-73.0
1777889751.5103323,-6.0,4.0,-68.0
1777889751.5203323,-1.0,4.0,-68.0
1777889751.5303323,-1.0,4.0,-60.0
1777889751.5403323,-3.0,7.0,-67.0
1777889751.5503323,2.0,1.0,-75.0
1777889751.5603323,6.0,0.0,-76.0
1777889751.5703323,5.0,-4.0,-79.0
1777889751.5803325,5.0,-5.0,-65.0
1777889751.5903325,5.0,-3.0,-64.0
1777889751.6003325,3.0,-6.0,-63.0
1777889751.6103325,4.0,-2.0,-68.0
1777889751.6203325,5.0,0.0,-75.0
1777889751.6303325,5.0,0.0,-75.0
1777889751.6403325,5.0,-1.0,-76.0
1777889751.6503325,1.0,-6.0,-75.0
1777889751.6603324,0.0,-3.0,-73.0
1777889751.6703324,0.0,-8.0,-77.0
1777889751.6803324,-2.0,-9.0,-79.0
1777889751.6903324,0.0,-8.0,-76.0
1777889751.7003324,2.0,-8.0,-74.0
1777889751.7103324,5.0,-7.0,-67.0
1777889751.7203324,6.0,-5.0,-65.0
1777889751.7303324,3.0,-2.0,-68.0
1777889751.7403324,3.0,-1.0,-64.0
1777889751.7503324,2.0,0.0,-66.0
1777889751.7603323,0.0,0.0,-73.0
1777889751.7703323,3.0,0.0,-73.0
1777889751.7803323,5.0,-1.0,-72.0
1777889751.7903323,6.0,-4.0,-75.0
1777889751.8003323,6.0,-4.0,-82.0
1777889751.8103323,3.0,-3.0,-76.0
1777889751.8203323,7.0,0.0,-67.0
1777889751.8303325,8.0,0.0,-67.0
1777889751.8403325,6.0,0.0,-71.0
1777889751.8503325,4.0,-4.0,-66.0
1777889751.8603325,1.0,-4.0,-69.0
1777889751.8703325,3.0,-1.0,-72.0
1777889751.8803325,2.0,2.0,-70.0
1777889751.8903325,0.0,4.0,-70.0
1777889751.9003325,0.0,8.0,-73.0
1777889751.9103324,3.0,9.0,-73.0
1777889751.9203324,0.0,2.0,-69.0
1777889751.9303324,0.0,1.0,-73.0
1777889751.9403324,1.0,5.0,-68.0
1777889751.9503324,1.0,5.0,-63.0
1777889751.9603324,0.0,3.0,-67.0
1777889751.9703324,0.0,2.0,-71.0
1777889751.9803324,0.0,0.0,-75.0
1777889751.9903324,1.0,-1.0,-75.0
1777889752.0003324,0.0,-3.0,-73.0
1777889752.0103323,1.0,-2.0,-67.0
1777889752.0203323,1.0,-4.0,-65.0
1777889752.0303323,8.0,-4.0,-73.0
1777889752.0403323,12.0,-6.0,-76.0
1777889752.0503323,6.0,-4.0,-81.0
1777889752.0603323,7.0,-4.0,-80.0
1777889752.0703323,12.0,-6.0,-81.0
1777889752.0803325,10.0,-6.0,-82.0
1777889752.0903325,5.0,-14.0,-80.0
1777889752.1003325,7.0,-13.0,-77.0
1777889752.1103325,8.0,-7.0,-79.0
1777889752.1203325,6.0,-3.0,-83.0
1777889752.1303325,5.0,-3.0,-82.0
1777889752.1403325,4.0,-5.0,-77.0
1777889752.1503325,1.0,-4.0,-81.0
1777889752.1603324,4.0,-5.0,-82.0
1777889752.1703324,2.0,-2.0,-86.0
1777889752.1803324,0.0,4.0,-84.0
1777889752.1903324,2.0,7.0,-83.0
1777889752.2003324,0.0,7.0,-77.0
1777889752.2103324,0.0,4.0,-66.0
1777889752.2203324,3.0,-1.0,-67.0
1777889752.2303324,1.0,0.0,-71.0
1777889752.2403324,2.0,-4.0,-73.0
1777889752.2503324,4.0,-1.0,-77.0
1777889752.2603323,0.0,-1.0,-77.0
1777889752.2703323,0.0,3.0,-81.0
1777889752.2803323,1.0,6.0,-81.0
1777889752.2903323,2.0,4.0,-79.0
1777889752.3003323,0.0,4.0,-77.0
1777889752.3103323,0.0,2.0,-71.0
1777889752.3203323,0.0,2.0,-73.0
1777889752.3303325,0.0,4.0,-84.0
1777889752.3403325,4.0,2.0,-88.0
1777889752.3513324,8.0,2.0,-85.0
1777889752.3603325,11.0,2.0,-81.0
1777889752.3713324,10.0,1.0,-84.0
1777889752.3803325,7.0,8.0,-83.0
1777889752.3913324,2.0,6.0,-79.0
1777889752.4013324,0.0,5.0,-77.0
1777889752.4113324,1.0,6.0,-71.0
1777889752.4213324,1.0,1.0,-78.0
1777889752.4313323,0.0,2.0,-70.0
1777889752.4413323,-1.0,2.0,-65.0
1777889752.4513323,0.0,2.0,-67.0
1777889752.4613323,0.0,4.0,-71.0
1777889752.4713323,-3.0,8.0,-65.0
1777889752.4813323,-6.0,2.0,-63.0
1777889752.4913323,-6.0,0.0,-64.0
1777889752.5013323,-3.0,1.0,-67.0
1777889752.5113325,-5.0,0.0,-79.0
1777889752.5213325,-7.0,1.0,-87.0
1777889752.5313325,-1.0,2.0,-78.0
1777889752.5413325,0.0,1.0,-77.0
1777889752.5513325,3.0,2.0,-82.0
1777889752.5613325,7.0,-1.0,-80.0
1777889752.5713325,3.0,0.0,-75.0
1777889752.5813324,6.0,0.0,-69.0
1777889752.5913324,11.0,2.0,-65.0
1777889752.6013324,15.0,-1.0,-69.0
1777889752.6113324,10.0,2.0,-66.0
1777889752.6213324,8.0,-4.0,-70.0
1777889752.6313324,4.0,-6.0,-71.0
1777889752.6413324,2.0,-6.0,-72.0
1777889752.6513324,5.0,-5.0,-78.0
1777889752.6613324,11.0,0.0,-80.0
1777889752.6713324,8.0,0.0,-81.0
1777889752.6813323,5.0,-3.0,-81.0
1777889752.6913323,7.0,-5.0,-81.0
1777889752.7013323,3.0,-4.0,-83.0
1777889752.7113323,2.0,-4.0,-80.0
1777889752.7213323,4.0,-4.0,-75.0
1777889752.7313323,0.0,-6.0,-76.0
1777889752.7413323,-2.0,-9.0,-75.0
1777889752.7513323,0.0,-8.0,-81.0
1777889752.7613325,7.0,-5.0,-84.0
1777889752.7713325,7.0,-8.0,-81.0
1777889752.7813325,8.0,-7.0,-79.0
1777889752.7913325,4.0,-3.0,-73.0
1777889752.8013325,0.0,-1.0,-69.0
1777889752.8113325,-6.0,0.0,-63.0
1777889752.8213325,-6.0,-1.0,-58.0
1777889752.8313324,-8.0,-1.0,-58.0
1777889752.8413324,-3.0,-3.0,-56.0
1777889752.8513324,0.0,-3.0,-57.0
1777889752.8613324,-3.0,-1.0,-64.0
1777889752.8713324,-7.0,4.0,-72.0
1777889752.8813324,-10.0,1.0,-72.0
1777889752.8913324,-9.0,-3.0,-71.0
1777889752.9013324,-9.0,-8.0,-73.0
1777889752.9113324,-6.0,-8.0,-70.0
1777889752.9213324,-7.0,-6.0,-67.0
1777889752.9313323,-7.0,-9.0,-67.0
1777889752.9413323,-4.0,-12.0,-64.0
1777889752.9513323,-10.0,-13.0,-71.0
1777889752.9613323,-11.0,-8.0,-71.0
1777889752.9713323,-5.0,-7.0,-68.0
1777889752.9813323,-4.0,-7.0,-71.0
1777889752.9913323,-4.0,-5.0,-73.0
1777889753.0013323,-1.0,-4.0,-69.0
1777889753.0113325,0.0,-1.0,-62.0
1777889753.0213325,2.0,0.0,-64.0
1777889753.0313325,4.0,-2.0,-67.0
1777889753.0413325,6.0,0.0,-73.0
1777889753.0513325,6.0,2.0,-79.0
1777889753.0613325,4.0,0.0,-75.0
1777889753.0713325,0.0,-1.0,-73.0
1777889753.0813324,1.0,1.0,-71.0
1777889753.0913324,0.0,5.0,-71.0
1777889753.1013324,0.0,6.0,-74.0
1777889753.1113324,3.0,5.0,-74.0
1777889753.1213324,0.0,3.0,-72.0
1777889753.1313324,2.0,4.0,-77.0
1777889753.1413324,2.0,8.0,-79.0
1777889753.1513324,0.0,6.0,-79.0
1777889753.1613324,2.0,8.0,-83.0
1777889753.1713324,3.0,6.0,-84.0
1777889753.1813323,3.0,3.0,-86.0
1777889753.1913323,2.0,0.0,-84.0
1777889753.2013323,2.0,2.0,-80.0
1777889753.2113323,3.0,1.0,-81.0
1777889753.2213323,2.0,0.0,-80.0
1777889753.2313323,-1.0,-1.0,-80.0
1777889753.2413323,2.0,1.0,-87.0
1777889753.2513323,0.0,1.0,-84.0
1777889753.2613325,2.0,1.0,-75.0
1777889753.2713325,2.0,2.0,-76.0
1777889753.2813325,1.0,0.0,-72.0
1777889753.2913325,0.0,-2.0,-72.0
1777889753.3013325,0.0,-2.0,-67.0
1777889753.3113325,3.0,0.0,-72.0
1777889753.3213325,0.0,0.0,-78.0
1777889753.3313324,0.0,2.0,-82.0
1777889753.3413324,1.0,1.0,-76.0
1777889753.3513324,0.0,0.0,-74.0
1777889753.3613324,0.0,2.0,-79.0
1777889753.3713324,3.0,2.0,-77.0
1777889753.3813324,3.0,1.0,-74.0
1777889753.3913324,2.0,-2.0,-71.0
1777889753.4013324,0.0,-3.0,-68.0
1777889753.4113324,0.0,0.0,-67.0
1777889753.4213324,0.0,2.0,-66.0
1777889753.4313323,2.0,1.0,-60.0
1777889753.4413323,4.0,-5.0,-55.0
1777889753.4513323,0.0,-4.0,-57.0
1777889753.4613323,1.0,-2.0,-62.0
1777889753.4713323,0.0,0.0,-66.0
1777889753.4813323,0.0,1.0,-70.0
1777889753.4913323,0.0,-1.0,-67.0
1777889753.5013323,-1.0,-2.0,-67.0
1777889753.5123324,-4.0,-1.0,-69.0
1777889753.5213325,-4.0,-3.0,-68.0
1777889753.5313325,4.0,-4.0,-68.0
1777889753.5413325,7.0,-1.0,-67.0
1777889753.5513325,3.0,-2.0,-72.0
1777889753.5613325,2.0,-4.0,-75.0
1777889753.5713325,2.0,-2.0,-80.0
1777889753.5813324,3.0,-3.0,-75.0
1777889753.5913324,1.0,-1.0,-71.0
1777889753.6013324,4.0,0.0,-76.0
1777889753.6113324,0.0,3.0,-84.0
1777889753.6213324,-2.0,1.0,-83.0
1777889753.6313324,0.0,2.0,-82.0
1777889753.6413324,0.0,0.0,-76.0
1777889753.6513324,-5.0,-5.0,-70.0
1777889753.6613324,-8.0,-4.0,-74.0
1777889753.6713324,-4.0,-2.0,-78.0
1777889753.6813323,-2.0,-1.0,-74.0
1777889753.6913323,-2.0,-1.0,-79.0
1777889753.7013323,1.0,1.0,-75.0
1777889753.7113323,2.0,5.0,-74.0
1777889753.7213323,2.0,5.0,-74.0
1777889753.7313323,-1.0,10.0,-69.0
1777889753.7413323,-2.0,7.0,-72.0
1777889753.7513323,-3.0,4.0,-64.0
1777889753.7613325,-1.0,-1.0,-60.0
1777889753.7713325,0.0,0.0,-66.0
1777889753.7813325,0.0,-1.0,-67.0
1777889753.7913325,1.0,0.0,-77.0
1777889753.8013325,1.0,5.0,-76.0
1777889753.8113325,1.0,4.0,-72.0
1777889753.8213325,0.0,-2.0,-71.0
1777889753.8313324,-1.0,-5.0,-72.0
1777889753.8413324,-1.0,-3.0,-77.0
1777889753.8513324,-2.0,-4.0,-77.0
1777889753.8613324,1.0,0.0,-71.0
1777889753.8713324,4.0,-2.0,-73.0
1777889753.8813324,-1.0,-4.0,-73.0
1777889753.8913324,-4.0,-7.0,-71.0
1777889753.9013324,-2.0,-4.0,-74.0
1777889753.9113324,-1.0,-7.0,-80.0
1777889753.9213324,-4.0,-5.0,-79.0
1777889753.9313323,0.0,-4.0,-83.0
1777889753.9413323,-3.0,-4.0,-82.0
1777889753.9513323,0.0,-3.0,-87.0
1777889753.9613323,0.0,-3.0,-86.0
1777889753.9713323,-1.0,-3.0,-82.0
1777889753.9813323,0.0,-4.0,-78.0
1777889753.9913323,1.0,-6.0,-78.0
1777889754.0013323,4.0,-4.0,-75.0
1777889754.0113325,5.0,-4.0,-83.0
1777889754.0213325,2.0,-3.0,-83.0
1777889754.0313325,4.0,-2.0,-82.0
1777889754.0413325,0.0,-1.0,-81.0
1777889754.0513325,-2.0,-4.0,-81.0
1777889754.0613325,-2.0,-2.0,-83.0
1777889754.0713325,-1.0,-3.0,-83.0
1777889754.0813324,0.0,-5.0,-81.0
1777889754.0913324,0.0,-3.0,-84.0
1777889754.1013324,8.0,-4.0,-86.0
1777889754.1113324,8.0,-4.0,-82.0
1777889754.1213324,4.0,-4.0,-72.0
1777889754.1313324,3.0,-7.0,-69.0
1777889754.1413324,4.0,-8.0,-74.0
1777889754.1513324,9.0,-9.0,-72.0
1777889754.1613324,5.0,-11.0,-71.0
1777889754.1713324,4.0,-11.0,-69.0
1777889754.1813323,1.0,-10.0,-70.0
1777889754.1913323,-1.0,-5.0,-74.0
1777889754.2013323,-2.0,-1.0,-73.0
1777889754.2113323,-4.0,-2.0,-70.0
1777889754.2213323,-4.0,-4.0,-72.0
1777889754.2313323,-5.0,0.0,-75.0
1777889754.2413323,-1.0,0.0,-82.0
1777889754.2513323,0.0,-1.0,-78.0
1777889754.2613325,3.0,3.0,-79.0
1777889754.2713325,1.0,1.0,-81.0
1777889754.2813325,0.0,1.0,-82.0
1777889754.2913325,-4.0,1.0,-83.0
1777889754.3013325,-7.0,-1.0,-85.0
1777889754.3113325,-12.0,0.0,-80.0
1777889754.3213325,-10.0,0.0,-71.0
1777889754.3313324,-7.0,1.0,-72.0
1777889754.3413324,-6.0,3.0,-69.0
1777889754.3513324,-6.0,-2.0,-67.0
1777889754.3613324,-6.0,-2.0,-69.0
1777889754.3723323,-4.0,1.0,-75.0
1777889754.3823323,1.0,-1.0,-72.0
1777889754.3923323,1.0,-1.0,-76.0
1777889754.4023323,0.0,-1.0,-81.0
1777889754.4113324,2.0,0.0,-84.0
1777889754.4223323,3.0,-1.0,-83.0
1777889754.4323325,3.0,-3.0,-77.0
1777889754.4413323,2.0,0.0,-71.0
1777889754.4523325,2.0,1.0,-69.0
1777889754.4623325,3.0,-5.0,-68.0
1777889754.4723325,5.0,-4.0,-67.0
1777889754.4823325,5.0,0.0,-73.0
1777889754.4913323,3.0,-2.0,-70.0
1777889754.5023324,-1.0,-2.0,-77.0
1777889754.5123324,-2.0,-1.0,-76.0
1777889754.5223324,0.0,-5.0,-79.0
1777889754.5323324,1.0,-1.0,-79.0
1777889754.5423324,1.0,0.0,-81.0
1777889754.5523324,0.0,6.0,-87.0
1777889754.5623324,0.0,4.0,-90.0
1777889754.5723324,-3.0,0.0,-84.0
1777889754.5823324,-2.0,0.0,-74.0
1777889754.5923324,1.0,3.0,-72.0
1777889754.6023324,2.0,3.0,-68.0
1777889754.6123323,2.0,1.0,-73.0
1777889754.6223323,-2.0,0.0,-83.0
1777889754.6323323,0.0,1.0,-81.0
1777889754.6423323,1.0,3.0,-76.0
1777889754.6523323,-2.0,0.0,-75.0
1777889754.6623323,-4.0,-1.0,-77.0
1777889754.6723323,-2.0,0.0,-80.0
1777889754.6823325,-2.0,0.0,-78.0
1777889754.6923325,-3.0,-1.0,-81.0
1777889754.7023325,-5.0,-2.0,-85.0
1777889754.7123325,-5.0,-2.0,-83.0
1777889754.7223325,-4.0,-4.0,-79.0
1777889754.7323325,-6.0,-3.0,-84.0
1777889754.7423325,-3.0,-8.0,-87.0
1777889754.7523324,-1.0,-14.0,-85.0
1777889754.7623324,-1.0,-10.0,-81.0
1777889754.7723324,0.0,-6.0,-84.0
1777889754.7823324,0.0,-8.0,-85.0
1777889754.7923324,-2.0,-4.0,-78.0
1777889754.8023324,-2.0,0.0,-81.0
1777889754.8123324,-6.0,0.0,-74.0
1777889754.8223324,-3.0,-3.0,-64.0
1777889754.8323324,0.0,-1.0,-72.0
1777889754.8423324,-1.0,1.0,-72.0
1777889754.8523324,1.0,4.0,-67.0
1777889754.8623323,0.0,2.0,-69.0
1777889754.8723323,-2.0,0.0,-66.0
1777889754.8823323,0.0,0.0,-69.0
1777889754.8923323,2.0,4.0,-69.0
1777889754.9023323,0.0,6.0,-67.0
1777889754.9123323,-3.0,6.0,-65.0
1777889754.9223323,1.0,1.0,-69.0
1777889754.9323325,3.0,1.0,-66.0
1777889754.9423325,5.0,3.0,-67.0
1777889754.9523325,0.0,3.0,-69.0
1777889754.9623325,2.0,-2.0,-72.0
1777889754.9723325,3.0,-2.0,-65.0
1777889754.9823325,1.0,-2.0,-62.0
1777889754.9923325,3.0,1.0,-65.0
1777889755.0023324,4.0,2.0,-63.0
1777889755.0123324,3.0,2.0,-64.0
1777889755.0223324,8.0,3.0,-63.0
1777889755.0323324,14.0,2.0,-65.0
1777889755.0423324,12.0,-3.0,-69.0
1777889755.0523324,12.0,-1.0,-73.0
1777889755.0623324,8.0,0.0,-76.0
1777889755.0723324,6.0,8.0,-71.0
1777889755.0823324,6.0,5.0,-74.0
1777889755.0923324,6.0,-1.0,-74.0
1777889755.1023324,3.0,-6.0,-77.0
1777889755.1123323,-2.0,-8.0,-79.0
1777889755.1223323,-2.0,-8.0,-74.0
1777889755.1323323,-1.0,-3.0,-70.0
1777889755.1423323,-2.0,-5.0,-72.0
1777889755.1523323,-1.0,-1.0,-68.0
1777889755.1623323,-1.0,-6.0,-74.0
1777889755.1723323,1.0,-4.0,-77.0
1777889755.1823325,5.0,0.0,-71.0
1777889755.1923325,6.0,0.0,-73.0
1777889755.2023325,2.0,0.0,-77.0
1777889755.2123325,0.0,-1.0,-79.0
1777889755.2223325,-1.0,-1.0,-80.0
1777889755.2323325,-4.0,-1.0,-75.0
1777889755.2423325,-6.0,-4.0,-77.0
1777889755.2523324,0.0,-6.0,-75.0
1777889755.2623324,-3.0,-6.0,-84.0
1777889755.2723324,-5.0,-10.0,-83.0
1777889755.2823324,-5.0,-7.0,-82.0
1777889755.2923324,-3.0,-4.0,-79.0
1777889755.3023324,2.0,-4.0,-81.0
1777889755.3123324,3.0,0.0,-83.0
1777889755.3223324,2.0,0.0,-82.0
1777889755.3323324,4.0,-1.0,-74.0
1777889755.3423324,6.0,0.0,-80.0
1777889755.3523324,9.0,2.0,-82.0
1777889755.3623323,5.0,0.0,-84.0
1777889755.3723323,10.0,1.0,-81.0
1777889755.3823323,9.0,5.0,-84.0
1777889755.3923323,6.0,4.0,-88.0
1777889755.4023323,6.0,2.0,-78.0
1777889755.4123323,1.0,2.0,-77.0
1777889755.4223323,1.0,2.0,-79.0
1777889755.4323325,2.0,0.0,-72.0
1777889755.4423325,0.0,1.0,-75.0
1777889755.4523325,0.0,3.0,-66.0
1777889755.4623325,1.0,3.0,-65.0
1777889755.4723325,2.0,2.0,-69.0
1777889755.4823325,1.0,0.0,-68.0
1777889755.4923325,0.0,0.0,-67.0
1777889755.5023324,1.0,-1.0,-69.0
1777889755.5123324,1.0,-3.0,-69.0
1777889755.5223324,1.0,-4.0,-71.0
1777889755.5323324,1.0,-2.0,-70.0
1777889755.5423324,0.0,-1.0,-71.0
1777889755.5523324,0.0,2.0,-68.0
1777889755.5623324,2.0,0.0,-74.0
1777889755.5723324,1.0,0.0,-76.0
1777889755.5823324,5.0,0.0,-70.0
1777889755.5923324,10.0,-2.0,-75.0
1777889755.6023324,9.0,-1.0,-72.0
1777889755.6123323,8.0,0.0,-74.0
1777889755.6223323,4.0,0.0,-78.0
1777889755.6323323,3.0,0.0,-73.0
1777889755.6423323,1.0,-3.0,-76.0
1777889755.6523323,1.0,-8.0,-79.0
1777889755.6623323,1.0,-8.0,-84.0
1777889755.6723323,0.0,-10.0,-88.0
1777889755.6823325,0.0,-9.0,-79.0
1777889755.6923325,3.0,-9.0,-77.0
1777889755.7023325,2.0,-8.0,-77.0
1777889755.7123325,0.0,-7.0,-78.0
1777889755.7223325,-2.0,-9.0,-86.0
1777889755.7323325,-5.0,-9.0,-85.0
1777889755.7423325,-7.0,-8.0,-79.0
1777889755.7523324,-5.0,-4.0,-80.0
1777889755.7623324,-3.0,1.0,-75.0
1777889755.7723324,-7.0,2.0,-78.0
1777889755.7823324,-3.0,2.0,-75.0
1777889755.7923324,-4.0,2.0,-71.0
1777889755.8023324,-7.0,0.0,-68.0
1777889755.8123324,-7.0,0.0,-69.0
1777889755.8223324,-6.0,0.0,-77.0
1777889755.8323324,-1.0,-2.0,-77.0
1777889755.8423324,1.0,-1.0,-76.0
1777889755.8523324,3.0,-1.0,-68.0
1777889755.8623323,3.0,-1.0,-67.0
1777889755.8723323,1.0,-1.0,-68.0
1777889755.8823323,-1.0,0.0,-73.0
1777889755.8923323,-5.0,0.0,-73.0
1777889755.9023323,-4.0,0.0,-78.0
1777889755.9123323,0.0,1.0,-81.0
1777889755.9223323,-3.0,2.0,-83.0
1777889755.9323325,-2.0,-1.0,-81.0
1777889755.9423325,-5.0,1.0,-74.0
1777889755.9523325,-6.0,0.0,-74.0
1777889755.9623325,-3.0,0.0,-76.0
1777889755.9723325,-4.0,-3.0,-82.0
1777889755.9823325,-5.0,0.0,-80.0
1777889755.9923325,-5.0,1.0,-73.0
1777889756.0023324,-3.0,1.0,-75.0
1777889756.0123324,-3.0,-1.0,-71.0
1777889756.0223324,-5.0,-2.0,-68.0
1777889756.0323324,-6.0,-3.0,-67.0
1777889756.0423324,-5.0,-7.0,-67.0
1777889756.0523324,-4.0,-3.0,-76.0
1777889756.0623324,-6.0,-4.0,-76.0
1777889756.0723324,-4.0,-3.0,-77.0
1777889756.0823324,-5.0,-2.0,-67.0
1777889756.0923324,-2.0,0.0,-62.0
1777889756.1023324,-4.0,2.0,-61.0
1777889756.1123323,-8.0,5.0,-63.0
1777889756.1223323,-8.0,2.0,-66.0
1777889756.1323323,-8.0,3.0,-73.0
1777889756.1423323,-8.0,3.0,-77.0
1777889756.1523323,-6.0,7.0,-84.0
1777889756.1623323,-4.0,4.0,-87.0
1777889756.1723323,-2.0,2.0,-82.0
1777889756.1823325,0.0,2.0,-81.0
1777889756.1923325,2.0,0.0,-81.0
1777889756.2023325,2.0,-1.0,-73.0
1777889756.2123325,0.0,0.0,-66.0
1777889756.2223325,3.0,1.0,-63.0
1777889756.2323325,7.0,1.0,-70.0
1777889756.2423325,7.0,-2.0,-72.0
1777889756.2523324,2.0,-2.0,-76.0
1777889756.2623324,7.0,0.0,-74.0
1777889756.2723324,3.0,-4.0,-76.0
1777889756.2823324,0.0,-4.0,-78.0
1777889756.2923324,-2.0,-3.0,-79.0
1777889756.3033323,-3.0,-4.0,-83.0
1777889756.3123324,-7.0,-2.0,-83.0
1777889756.3223324,-7.0,0.0,-87.0
1777889756.3323324,-4.0,3.0,-82.0
1777889756.3433323,-1.0,4.0,-74.0
1777889756.3533323,-1.0,7.0,-74.0
1777889756.3633325,4.0,3.0,-85.0
1777889756.3733325,3.0,2.0,-84.0
1777889756.3833325,7.0,3.0,-82.0
1777889756.3933325,6.0,3.0,-87.0
1777889756.4033325,8.0,4.0,-81.0
1777889756.4133325,10.0,2.0,-85.0
1777889756.4233325,8.0,2.0,-91.0
1777889756.4333324,9.0,2.0,-87.0
1777889756.4433324,11.0,3.0,-85.0
1777889756.4533324,6.0,4.0,-81.0
1777889756.4633324,9.0,3.0,-84.0
1777889756.4733324,6.0,4.0,-81.0
1777889756.4833324,5.0,6.0,-79.0
1777889756.4933324,8.0,6.0,-82.0
1777889756.5033324,8.0,3.0,-87.0
1777889756.5133324,8.0,3.0,-83.0
1777889756.5233324,7.0,4.0,-78.0
1777889756.5333323,6.0,1.0,-84.0
1777889756.5433323,2.0,2.0,-78.0
1777889756.5533323,-1.0,-1.0,-81.0
1777889756.5633323,-1.0,-3.0,-78.0
1777889756.5733323,-3.0,0.0,-70.0
1777889756.5843325,-4.0,2.0,-70.0
1777889756.5933323,-4.0,2.0,-74.0
1777889756.6033323,-1.0,2.0,-72.0
1777889756.6133325,-2.0,2.0,-66.0
1777889756.6233325,-4.0,0.0,-66.0
1777889756.6333325,-5.0,-1.0,-65.0
1777889756.6433325,-4.0,0.0,-69.0
1777889756.6533325,1.0,-1.0,-67.0
1777889756.6633325,6.0,-2.0,-70.0
1777889756.6733325,6.0,-1.0,-65.0
1777889756.6833324,6.0,-2.0,-63.0
1777889756.6933324,8.0,-4.0,-65.0
1777889756.7033324,8.0,-4.0,-71.0
1777889756.7133324,6.0,-6.0,-79.0
1777889756.7233324,3.0,-7.0,-76.0
1777889756.7333324,5.0,-9.0,-72.0
1777889756.7433324,0.0,-8.0,-66.0
1777889756.7533324,2.0,-9.0,-61.0
1777889756.7633324,0.0,-9.0,-58.0
1777889756.7733324,4.0,-10.0,-64.0
1777889756.7833323,5.0,-11.0,-66.0
1777889756.7933323,4.0,-10.0,-66.0
1777889756.8033323,1.0,-8.0,-75.0
1777889756.8133323,0.0,-4.0,-76.0
1777889756.8233323,0.0,-3.0,-79.0
1777889756.8333323,-2.0,-4.0,-82.0
1777889756.8433323,-2.0,-1.0,-75.0
1777889756.8533323,-1.0,-1.0,-68.0
1777889756.8633325,0.0,-1.0,-64.0
1777889756.8733325,3.0,-2.0,-66.0
1777889756.8833325,4.0,-7.0,-69.0
1777889756.8933325,6.0,-9.0,-74.0
1777889756.9033325,6.0,-6.0,-76.0
1777889756.9133325,4.0,-4.0,-81.0
1777889756.9233325,0.0,0.0,-79.0
1777889756.9333324,6.0,0.0,-81.0
1777889756.9433324,5.0,0.0,-76.0
1777889756.9533324,3.0,-2.0,-77.0
1777889756.9633324,0.0,-3.0,-79.0
1777889756.9733324,-2.0,-1.0,-76.0
1777889756.9833324,-1.0,-2.0,-78.0
1777889756.9933324,-2.0,-1.0,-77.0
1777889757.0033324,0.0,-2.0,-75.0
1777889757.0133324,5.0,-2.0,-78.0
1777889757.0233324,0.0,-4.0,-80.0
1777889757.0333323,3.0,-5.0,-78.0
1777889757.0433323,4.0,-2.0,-82.0
1777889757.0533323,3.0,-2.0,-84.0
1777889757.0633323,0.0,-1.0,-75.0
1777889757.0733323,4.0,-5.0,-72.0
1777889757.0833323,9.0,-6.0,-71.0
1777889757.0933323,6.0,-1.0,-76.0
1777889757.1033323,6.0,2.0,-76.0
1777889757.1133325,1.0,4.0,-76.0
1777889757.1233325,0.0,1.0,-72.0
1777889757.1333325,5.0,2.0,-73.0
1777889757.1433325,9.0,0.0,-84.0
1777889757.1533325,7.0,2.0,-81.0
1777889757.1633325,5.0,4.0,-81.0
1777889757.1733325,5.0,3.0,-79.0
1777889757.1833324,5.0,-4.0,-78.0
1777889757.1933324,6.0,-6.0,-77.0
1777889757.2033324,10.0,-10.0,-77.0
1777889757.2133324,9.0,-11.0,-81.0
1777889757.2233324,3.0,-5.0,-72.0
1777889757.2333324,1.0,-3.0,-70.0
1777889757.2433324,1.0,0.0,-67.0
1777889757.2533324,6.0,0.0,-70.0
1777889757.2633324,5.0,-2.0,-68.0
1777889757.2733324,2.0,0.0,-79.0
1777889757.2833323,0.0,0.0,-83.0
1777889757.2933323,-3.0,3.0,-83.0
1777889757.3033323,-5.0,3.0,-80.0
1777889757.3133323,0.0,5.0,-71.0
1777889757.3233323,-2.0,5.0,-82.0
1777889757.3333323,-1.0,4.0,-80.0
1777889757.3433323,-1.0,0.0,-72.0
1777889757.3533323,0.0,3.0,-71.0
1777889757.3633325,0.0,4.0,-73.0
1777889757.3733325,1.0,4.0,-71.0
1777889757.3833325,3.0,1.0,-77.0
1777889757.3933325,8.0,2.0,-79.0
1777889757.4033325,6.0,4.0,-77.0
1777889757.4133325,1.0,6.0,-78.0
1777889757.4233325,2.0,7.0,-81.0
1777889757.4333324,-1.0,4.0,-81.0
1777889757.4433324,1.0,4.0,-76.0
1777889757.4533324,1.0,3.0,-76.0
1777889757.4633324,2.0,2.0,-78.0
1777889757.4733324,0.0,0.0,-73.0
1777889757.4833324,0.0,1.0,-65.0
1777889757.4933324,-1.0,0.0,-66.0
1777889757.5033324,-1.0,2.0,-71.0
1777889757.5133324,-1.0,7.0,-79.0
1777889757.5233324,0.0,7.0,-77.0
1777889757.5333323,0.0,5.0,-75.0
1777889757.5433323,-2.0,6.0,-72.0
1777889757.5533323,0.0,3.0,-65.0
1777889757.5633323,0.0,-2.0,-67.0
1777889757.5733323,-5.0,-3.0,-76.0
1777889757.5833323,-3.0,-3.0,-79.0
1777889757.5933323,-2.0,-2.0,-80.0
1777889757.6033323,2.0,1.0,-84.0
1777889757.6133325,7.0,2.0,-83.0
1777889757.6233325,10.0,2.0,-83.0
1777889757.6333325,11.0,0.0,-79.0
1777889757.6433325,8.0,3.0,-75.0
1777889757.6533325,8.0,3.0,-70.0
1777889757.6633325,7.0,3.0,-74.0
1777889757.6733325,7.0,2.0,-77.0
1777889757.6833324,2.0,3.0,-76.0
1777889757.6933324,0.0,3.0,-77.0
1777889757.7033324,0.0,-1.0,-75.0
1777889757.7133324,-3.0,0.0,-77.0
1777889757.7233324,-2.0,0.0,-79.0
1777889757.7333324,-4.0,6.0,-78.0
1777889757.7433324,-4.0,11.0,-78.0
1777889757.7533324,-4.0,8.0,-84.0
1777889757.7633324,-7.0,8.0,-85.0
1777889757.7733324,-3.0,7.0,-85.0
1777889757.7833323,-2.0,7.0,-83.0
1777889757.7933323,-2.0,8.0,-75.0
1777889757.8033323,1.0,6.0,-77.0
1777889757.8133323,0.0,8.0,-80.0
1777889757.8233323,4.0,2.0,-83.0
1777889757.8333323,3.0,1.0,-81.0
1777889757.8433323,4.0,0.0,-76.0
1777889757.8533323,4.0,0.0,-72.0
1777889757.8633325,7.0,0.0,-76.0
1777889757.8733325,6.0,-1.0,-68.0
1777889757.8833325,1.0,-3.0,-74.0
1777889757.8933325,0.0,-4.0,-82.0
1777889757.9033325,2.0,-5.0,-84.0
1777889757.9133325,3.0,-5.0,-81.0
1777889757.9233325,0.0,0.0,-75.0
1777889757.9333324,2.0,1.0,-79.0
1777889757.9433324,6.0,-1.0,-77.0
1777889757.9533324,4.0,-1.0,-77.0
1777889757.9633324,3.0,-1.0,-77.0
1777889757.9733324,5.0,0.0,-78.0
1777889757.9833324,4.0,-1.0,-76.0
1777889757.9933324,4.0,1.0,-74.0
1777889758.0033324,1.0,-1.0,-74.0
1777889758.0133324,0.0,2.0,-77.0
1777889758.0233324,1.0,-1.0,-81.0
1777889758.0333323,1.0,0.0,-82.0
1777889758.0433323,4.0,-2.0,-85.0
1777889758.0533323,3.0,0.0,-87.0
1777889758.0633323,4.0,2.0,-84.0
1777889758.0733323,0.0,-1.0,-81.0
1777889758.0833323,0.0,-3.0,-81.0
1777889758.0933323,4.0,-5.0,-71.0
1777889758.1033323,4.0,-5.0,-70.0
1777889758.1133325,1.0,-7.0,-74.0
1777889758.1233325,2.0,-3.0,-76.0
1777889758.1333325,5.0,-1.0,-80.0
1777889758.1433325,3.0,3.0,-82.0
1777889758.1533325,4.0,2.0,-77.0
1777889758.1633325,0.0,1.0,-85.0
1777889758.1733325,0.0,0.0,-88.0
1777889758.1833324,0.0,2.0,-88.0
1777889758.1933324,1.0,0.0,-87.0
1777889758.2033324,1.0,-4.0,-85.0
1777889758.2133324,0.0,-2.0,-86.0
1777889758.2233324,-4.0,-2.0,-87.0
1777889758.2333324,-5.0,-1.0,-88.0
1777889758.2433324,-5.0,0.0,-86.0
1777889758.2533324,-1.0,-1.0,-76.0
1777889758.2633324,1.0,-4.0,-73.0
1777889758.2733324,1.0,-4.0,-70.0
1777889758.2833323,2.0,-1.0,-74.0
1777889758.2933323,-3.0,1.0,-76.0
1777889758.3033323,-7.0,4.0,-77.0
1777889758.3133323,-4.0,2.0,-77.0
1777889758.3233323,-4.0,0.0,-73.0
1777889758.3343325,-1.0,0.0,-74.0
1777889758.3433323,0.0,-3.0,-74.0
1777889758.3543324,2.0,-1.0,-67.0
1777889758.3643324,1.0,-2.0,-69.0
1777889758.3743324,5.0,0.0,-69.0
1777889758.3843324,4.0,-1.0,-65.0
1777889758.3943324,3.0,0.0,-61.0
1777889758.4043324,2.0,-4.0,-57.0
1777889758.4143324,0.0,-5.0,-57.0
1777889758.4243324,1.0,-3.0,-65.0
1777889758.4343324,3.0,-5.0,-68.0
1777889758.4443324,0.0,-4.0,-66.0
1777889758.4543324,0.0,-1.0,-68.0
1777889758.4653325,3.0,-4.0,-70.0
1777889758.4743323,5.0,-5.0,-76.0
1777889758.4843323,2.0,-5.0,-74.0
1777889758.4943323,0.0,0.0,-76.0
1777889758.5043323,0.0,-6.0,-72.0
1777889758.5143323,0.0,-6.0,-75.0
1777889758.5243323,0.0,-1.0,-80.0
1777889758.5343325,-3.0,1.0,-77.0
1777889758.5443325,-4.0,4.0,-79.0
1777889758.5543325,-4.0,-2.0,-86.0
1777889758.5643325,0.0,0.0,-80.0
1777889758.5743325,0.0,-2.0,-82.0
1777889758.5843325,-2.0,-2.0,-86.0
1777889758.5943325,-1.0,-2.0,-89.0
1777889758.6043324,0.0,-2.0,-83.0
1777889758.6143324,-1.0,-5.0,-84.0
1777889758.6243324,2.0,-6.0,-85.0
1777889758.6343324,6.0,-7.0,-82.0
1777889758.6443324,5.0,-5.0,-76.0
1777889758.6543324,2.0,0.0,-71.0
1777889758.6643324,3.0,1.0,-72.0
1777889758.6743324,1.0,3.0,-72.0
1777889758.6843324,2.0,5.0,-68.0
1777889758.6943324,5.0,4.0,-74.0
1777889758.7043324,4.0,0.0,-77.0
1777889758.7143323,0.0,0.0,-79.0
1777889758.7243323,0.0,6.0,-79.0
1777889758.7343323,3.0,2.0,-84.0
1777889758.7443323,-1.0,5.0,-77.0
1777889758.7543323,-1.0,3.0,-78.0
1777889758.7643323,1.0,5.0,-83.0
1777889758.7743323,0.0,1.0,-85.0
1777889758.7843325,1.0,0.0,-89.0
1777889758.7943325,3.0,-1.0,-87.0
1777889758.8043325,5.0,-3.0,-86.0
1777889758.8143325,2.0,-4.0,-77.0
1777889758.8243325,0.0,-4.0,-74.0
1777889758.8343325,-3.0,-3.0,-77.0
1777889758.8443325,-5.0,-9.0,-76.0
1777889758.8543324,-6.0,-7.0,-74.0
1777889758.8643324,-8.0,-9.0,-68.0
1777889758.8743324,-4.0,-6.0,-73.0
1777889758.8843324,-3.0,-2.0,-76.0
1777889758.8943324,1.0,-2.0,-75.0
1777889758.9043324,5.0,0.0,-76.0
1777889758.9143324,7.0,-1.0,-76.0
1777889758.9243324,5.0,-4.0,-81.0
1777889758.9343324,8.0,-5.0,-83.0
1777889758.9443324,5.0,-3.0,-81.0
1777889758.9543324,3.0,-6.0,-82.0
1777889758.9643323,8.0,-1.0,-74.0
1777889758.9743323,6.0,3.0,-73.0
1777889758.9843323,3.0,8.0,-74.0
1777889758.9943323,-4.0,11.0,-80.0
1777889759.0043323,-4.0,11.0,-81.0
1777889759.0143323,-4.0,7.0,-83.0
1777889759.0243323,0.0,8.0,-83.0
1777889759.0343325,0.0,5.0,-79.0
1777889759.0443325,-1.0,7.0,-80.0
1777889759.0543325,0.0,7.0,-83.0
1777889759.0643325,2.0,11.0,-81.0
1777889759.0743325,3.0,3.0,-80.0
1777889759.0843325,6.0,1.0,-78.0
1777889759.0943325,4.0,-2.0,-81.0
1777889759.1043324,0.0,-3.0,-78.0
1777889759.1143324,4.0,-1.0,-80.0
1777889759.1243324,3.0,2.0,-79.0
1777889759.1343324,2.0,1.0,-80.0
1777889759.1443324,1.0,0.0,-81.0
1777889759.1543324,3.0,-1.0,-82.0
1777889759.1643324,5.0,-3.0,-82.0
1777889759.1743324,4.0,0.0,-74.0
1777889759.1843324,4.0,-1.0,-78.0
1777889759.1943324,3.0,2.0,-85.0
1777889759.2043324,4.0,3.0,-90.0
1777889759.2143323,7.0,0.0,-90.0
1777889759.2243323,4.0,0.0,-86.0
1777889759.2343323,0.0,5.0,-83.0
1777889759.2443323,0.0,3.0,-82.0
1777889759.2543323,5.0,1.0,-82.0
1777889759.2643323,2.0,0.0,-81.0
1777889759.2743323,3.0,0.0,-74.0
1777889759.2843325,4.0,-8.0,-70.0
1777889759.2943325,5.0,-7.0,-70.0
1777889759.3043325,6.0,-3.0,-72.0
1777889759.3143325,7.0,-2.0,-72.0
1777889759.3243325,5.0,-1.0,-77.0
1777889759.3343325,9.0,0.0,-78.0
1777889759.3443325,10.0,0.0,-73.0
1777889759.3543324,7.0,0.0,-77.0
1777889759.3643324,6.0,0.0,-81.0
1777889759.3743324,7.0,-1.0,-80.0
1777889759.3843324,2.0,0.0,-77.0
1777889759.3943324,0.0,0.0,-76.0
1777889759.4043324,5.0,1.0,-81.0
1777889759.4143324,5.0,4.0,-78.0
1777889759.4243324,6.0,3.0,-76.0
1777889759.4343324,2.0,3.0,-80.0
1777889759.4443324,4.0,-1.0,-72.0
1777889759.4543324,5.0,-6.0,-68.0
1777889759.4643323,0.0,-10.0,-73.0
1777889759.4743323,1.0,-12.0,-74.0
1777889759.4843323,4.0,-11.0,-73.0
1777889759.4943323,1.0,-7.0,-69.0
1777889759.5043323,3.0,-3.0,-66.0
1777889759.5143323,6.0,-3.0,-68.0
1777889759.5243323,5.0,1.0,-72.0
1777889759.5343325,-1.0,0.0,-70.0
1777889759.5443325,-1.0,2.0,-69.0
1777889759.5543325,-4.0,3.0,-73.0
1777889759.5643325,-3.0,0.0,-75.0
1777889759.5743325,-7.0,0.0,-80.0
1777889759.5843325,-4.0,-3.0,-80.0
1777889759.5943325,-6.0,-6.0,-79.0
1777889759.6043324,-9.0,-8.0,-84.0
1777889759.6143324,-8.0,-5.0,-81.0
1777889759.6243324,-8.0,2.0,-77.0
1777889759.6343324,-6.0,3.0,-79.0
1777889759.6443324,-1.0,0.0,-80.0
1777889759.6543324,1.0,-1.0,-82.0
1777889759.6643324,0.0,-1.0,-75.0
1777889759.6743324,0.0,1.0,-72.0
1777889759.6843324,-3.0,-2.0,-72.0
1777889759.6943324,-1.0,-7.0,-70.0
1777889759.7043324,1.0,-7.0,-66.0
1777889759.7143323,1.0,-5.0,-70.0
1777889759.7243323,3.0,0.0,-68.0
1777889759.7343323,0.0,1.0,-67.0
1777889759.7443323,1.0,5.0,-70.0
1777889759.7543323,0.0,5.0,-72.0
1777889759.7643323,0.0,2.0,-73.0
1777889759.7743323,0.0,0.0,-69.0
1777889759.7843325,0.0,-3.0,-70.0
1777889759.7943325,1.0,-6.0,-65.0
1777889759.8043325,0.0,-5.0,-68.0
1777889759.8143325,1.0,-3.0,-71.0
1777889759.8243325,-1.0,0.0,-71.0
1777889759.8343325,0.0,2.0,-72.0
1777889759.8443325,2.0,-2.0,-75.0
1777889759.8543324,0.0,-1.0,-77.0
1777889759.8643324,-1.0,4.0,-78.0
1777889759.8743324,-3.0,10.0,-76.0
1777889759.8843324,1.0,7.0,-78.0
1777889759.8943324,0.0,4.0,-88.0
1777889759.9043324,-2.0,3.0,-87.0
1777889759.9143324,-4.0,1.0,-91.0
1777889759.9243324,-2.0,2.0,-92.0
1777889759.9343324,0.0,2.0,-88.0
1777889759.9443324,1.0,2.0,-88.0
1777889759.9543324,3.0,1.0,-81.0
1777889759.9643323,6.0,0.0,-79.0
1777889759.9743323,5.0,-1.0,-83.0
1777889759.9843323,9.0,3.0,-79.0
1777889759.9943323,9.0,3.0,-79.0
1777889760.0043323,6.0,7.0,-82.0
1777889760.0143323,4.0,7.0,-78.0
1777889760.0243323,0.0,2.0,-72.0
1777889760.0343325,-1.0,-1.0,-69.0
1777889760.0443325,-4.0,0.0,-71.0
1777889760.0543325,-6.0,-2.0,-72.0
1777889760.0643325,-5.0,-1.0,-74.0
1777889760.0743325,-5.0,-4.0,-79.0
1777889760.0843325,-2.0,1.0,-86.0
1777889760.0943325,-1.0,1.0,-81.0
1777889760.1043324,0.0,3.0,-83.0
1777889760.1143324,1.0,2.0,-78.0
1777889760.1243324,3.0,0.0,-76.0
1777889760.1343324,2.0,0.0,-79.0
1777889760.1443324,2.0,-2.0,-82.0
1777889760.1543324,2.0,-1.0,-87.0
1777889760.1643324,5.0,-2.0,-88.0
1777889760.1743324,8.0,0.0,-79.0
1777889760.1843324,4.0,3.0,-74.0
1777889760.1943324,1.0,3.0,-76.0
1777889760.2043324,-3.0,7.0,-76.0
1777889760.2143323,-7.0,3.0,-71.0
1777889760.2243323,-6.0,5.0,-76.0
1777889760.2343323,-5.0,8.0,-78.0
1777889760.2443323,-5.0,3.0,-81.0
1777889760.2543323,-8.0,5.0,-79.0
1777889760.2643323,-5.0,3.0,-76.0
1777889760.2743323,-4.0,6.0,-73.0
1777889760.2843325,-3.0,5.0,-75.0
1777889760.2943325,-4.0,1.0,-77.0
1777889760.3053324,0.0,-1.0,-76.0
1777889760.3153324,5.0,-5.0,-78.0
1777889760.3243325,1.0,-3.0,-80.0
1777889760.3353324,5.0,0.0,-79.0
1777889760.3453324,8.0,0.0,-73.0
1777889760.3553324,8.0,-3.0,-72.0
1777889760.3653324,6.0,-1.0,-76.0
1777889760.3753324,3.0,-1.0,-72.0
1777889760.3853323,0.0,-1.0,-68.0
1777889760.3953323,-1.0,-2.0,-67.0
1777889760.4053323,0.0,-3.0,-75.0
1777889760.4153323,0.0,-2.0,-74.0
1777889760.4253323,4.0,0.0,-75.0
1777889760.4353323,3.0,3.0,-75.0
1777889760.4453323,5.0,0.0,-81.0
1777889760.4543324,0.0,1.0,-81.0
1777889760.4653325,1.0,2.0,-82.0
1777889760.4753325,4.0,3.0,-81.0
1777889760.4853325,4.0,3.0,-76.0
1777889760.4953325,3.0,0.0,-73.0
1777889760.5053325,3.0,0.0,-74.0
1777889760.5153325,4.0,-1.0,-76.0
1777889760.5253325,3.0,-2.0,-72.0
1777889760.5353324,1.0,-1.0,-80.0
1777889760.5453324,2.0,-1.0,-88.0
1777889760.5553324,2.0,-4.0,-82.0
1777889760.5653324,3.0,-3.0,-75.0
1777889760.5753324,2.0,-5.0,-77.0
1777889760.5853324,4.0,-3.0,-73.0
1777889760.5953324,4.0,-5.0,-69.0
1777889760.6053324,2.0,-1.0,-75.0
1777889760.6153324,4.0,5.0,-73.0
1777889760.6253324,3.0,4.0,-76.0
1777889760.6353323,0.0,2.0,-76.0
1777889760.6453323,-4.0,3.0,-77.0
1777889760.6553323,-3.0,3.0,-84.0
1777889760.6653323,0.0,0.0,-88.0
1777889760.6753323,2.0,-2.0,-79.0
1777889760.6853323,3.0,-2.0,-78.0
1777889760.6953323,1.0,0.0,-75.0
1777889760.7053325,2.0,1.0,-72.0
1777889760.7153325,3.0,2.0,-69.0
1777889760.7253325,0.0,-2.0,-75.0
1777889760.7353325,-1.0,-2.0,-83.0
1777889760.7453325,-2.0,-5.0,-86.0
1777889760.7553325,0.0,-6.0,-90.0
1777889760.7653325,2.0,-4.0,-81.0
1777889760.7753325,4.0,-2.0,-77.0
1777889760.7853324,3.0,-1.0,-72.0
1777889760.7953324,3.0,1.0,-71.0
1777889760.8053324,0.0,0.0,-79.0
1777889760.8153324,0.0,0.0,-76.0
1777889760.8253324,0.0,-2.0,-76.0
1777889760.8353324,0.0,-5.0,-68.0
1777889760.8453324,1.0,-6.0,-67.0
1777889760.8553324,4.0,-6.0,-70.0
1777889760.8653324,3.0,-5.0,-70.0
1777889760.8753324,1.0,-3.0,-74.0
1777889760.8853323,2.0,-7.0,-75.0
1777889760.8953323,5.0,-8.0,-71.0
1777889760.9053323,2.0,-8.0,-73.0
1777889760.9153323,3.0,-7.0,-74.0
1777889760.9253323,2.0,-8.0,-77.0
1777889760.9353323,6.0,-3.0,-77.0
1777889760.9453323,9.0,0.0,-74.0
1777889760.9553325,7.0,-1.0,-76.0
1777889760.9653325,4.0,0.0,-79.0
1777889760.9753325,5.0,1.0,-76.0
1777889760.9853325,4.0,0.0,-69.0
1777889760.9953325,7.0,0.0,-76.0
1777889761.0053325,9.0,0.0,-72.0
1777889761.0153325,7.0,0.0,-79.0
1777889761.0253325,8.0,-3.0,-75.0
1777889761.0353324,12.0,-3.0,-74.0
1777889761.0453324,13.0,1.0,-69.0
1777889761.0553324,12.0,4.0,-69.0
1777889761.0653324,12.0,2.0,-71.0
1777889761.0753324,15.0,1.0,-73.0
1777889761.0853324,12.0,1.0,-69.0
1777889761.0953324,6.0,-2.0,-70.0
1777889761.1053324,3.0,0.0,-77.0
1777889761.1153324,4.0,-2.0,-76.0
1777889761.1253324,7.0,-2.0,-76.0
1777889761.1353323,7.0,-4.0,-77.0
1777889761.1453323,5.0,-6.0,-79.0
1777889761.1553323,8.0,-7.0,-77.0
1777889761.1653323,5.0,-6.0,-78.0
1777889761.1753323,4.0,-8.0,-79.0
1777889761.1853323,5.0,-9.0,-76.0
1777889761.1953323,5.0,-7.0,-78.0
1777889761.2053325,5.0,-7.0,-80.0
1777889761.2153325,2.0,-7.0,-78.0
1777889761.2253325,0.0,-10.0,-77.0
1777889761.2353325,0.0,-7.0,-79.0
1777889761.2453325,1.0,-8.0,-81.0
1777889761.2553325,0.0,-1.0,-83.0
1777889761.2653325,5.0,-1.0,-82.0
1777889761.2753325,2.0,-3.0,-89.0
1777889761.2853324,0.0,-1.0,-88.0
1777889761.2953324,1.0,-2.0,-78.0
1777889761.3053324,0.0,-7.0,-79.0
1777889761.3153324,0.0,-6.0,-80.0
1777889761.3253324,0.0,-6.0,-82.0
1777889761.3353324,0.0,-3.0,-81.0
1777889761.3453324,0.0,-1.0,-76.0
1777889761.3553324,0.0,-2.0,-82.0
1777889761.3653324,-4.0,-2.0,-79.0
1777889761.3753324,-4.0,-2.0,-82.0
1777889761.3853323,-4.0,1.0,-84.0
1777889761.3953323,-4.0,1.0,-76.0
1777889761.4053323,-1.0,3.0,-72.0
1777889761.4153323,-1.0,4.0,-78.0
1777889761.4253323,1.0,4.0,-84.0
1777889761.4353323,0.0,5.0,-88.0
1777889761.4453323,5.0,2.0,-80.0
1777889761.4553325,5.0,1.0,-76.0
1777889761.4653325,2.0,-3.0,-81.0
1777889761.4753325,-1.0,-3.0,-84.0
1777889761.4853325,2.0,-1.0,-83.0
1777889761.4953325,2.0,0.0,-82.0
1777889761.5053325,-2.0,0.0,-82.0
1777889761.5153325,-4.0,0.0,-80.0
1777889761.5253325,-4.0,-4.0,-80.0
1777889761.5353324,-4.0,-4.0,-78.0
1777889761.5453324,-8.0,-2.0,-76.0
1777889761.5553324,-6.0,-3.0,-72.0
1777889761.5653324,-5.0,2.0,-70.0
1777889761.5753324,-4.0,5.0,-73.0
1777889761.5853324,-4.0,3.0,-76.0
1777889761.5953324,0.0,3.0,-76.0
1777889761.6053324,-1.0,5.0,-80.0
1777889761.6153324,-1.0,2.0,-81.0
1777889761.6253324,-2.0,0.0,-77.0
1777889761.6353323,-1.0,5.0,-79.0
1777889761.6453323,-3.0,2.0,-78.0
1777889761.6553323,-3.0,0.0,-78.0
1777889761.6653323,0.0,0.0,-80.0
1777889761.6753323,-3.0,-4.0,-81.0
1777889761.6853323,-6.0,-6.0,-83.0
1777889761.6953323,-5.0,-2.0,-80.0
1777889761.7053325,0.0,-3.0,-78.0
1777889761.7153325,1.0,-3.0,-82.0
1777889761.7253325,1.0,-2.0,-84.0
1777889761.7353325,6.0,-3.0,-78.0
1777889761.7453325,5.0,-3.0,-80.0
1777889761.7553325,1.0,2.0,-83.0
1777889761.7653325,2.0,0.0,-76.0
1777889761.7753325,7.0,0.0,-81.0
1777889761.7853324,0.0,-2.0,-79.0
1777889761.7953324,-5.0,-5.0,-70.0
1777889761.8053324,-5.0,-2.0,-63.0
1777889761.8153324,0.0,0.0,-67.0
1777889761.8253324,4.0,-1.0,-67.0
1777889761.8353324,2.0,-2.0,-68.0
1777889761.8453324,3.0,0.0,-64.0
1777889761.8553324,8.0,2.0,-73.0
1777889761.8653324,5.0,4.0,-77.0
1777889761.8753324,5.0,1.0,-76.0
1777889761.8853323,-3.0,-1.0,-84.0
1777889761.8953323,0.0,0.0,-90.0
1777889761.9053323,4.0,0.0,-84.0
1777889761.9153323,6.0,2.0,-74.0
1777889761.9253323,9.0,2.0,-79.0
1777889761.9353323,6.0,-2.0,-78.0
1777889761.9453323,9.0,-5.0,-83.0
1777889761.9553325,8.0,-2.0,-79.0
1777889761.9653325,4.0,-4.0,-80.0
1777889761.9753325,0.0,-6.0,-77.0
1777889761.9853325,3.0,-6.0,-80.0
1777889761.9953325,6.0,-4.0,-78.0
1777889762.0053325,4.0,-3.0,-79.0
1777889762.0153325,1.0,0.0,-77.0
1777889762.0253325,2.0,2.0,-76.0
1777889762.0353324,0.0,2.0,-79.0
1777889762.0453324,-4.0,1.0,-87.0
1777889762.0553324,-5.0,0.0,-90.0
1777889762.0653324,-5.0,4.0,-89.0
1777889762.0753324,-2.0,4.0,-82.0
1777889762.0853324,0.0,8.0,-74.0
1777889762.0953324,-3.0,9.0,-69.0
1777889762.1053324,-7.0,5.0,-65.0
1777889762.1153324,-8.0,1.0,-70.0
1777889762.1253324,-8.0,0.0,-79.0
1777889762.1353323,-6.0,-3.0,-77.0
1777889762.1453323,-3.0,-3.0,-71.0
1777889762.1553323,0.0,-5.0,-67.0
1777889762.1653323,-2.0,-3.0,-64.0
1777889762.1753323,2.0,-3.0,-63.0
1777889762.1853323,5.0,-4.0,-66.0
1777889762.1953323,7.0,-1.0,-66.0
1777889762.2053325,4.0,0.0,-66.0
1777889762.2153325,4.0,-2.0,-68.0
1777889762.2253325,3.0,-4.0,-73.0
1777889762.2353325,1.0,0.0,-74.0
1777889762.2463324,3.0,1.0,-84.0
1777889762.2563324,5.0,4.0,-86.0
1777889762.2653325,2.0,5.0,-91.0
1777889762.2763324,4.0,0.0,-91.0
1777889762.2853324,6.0,-2.0,-91.0
1777889762.2963324,7.0,2.0,-91.0
1777889762.3063323,5.0,1.0,-87.0
1777889762.3163323,3.0,-2.0,-87.0
1777889762.3263323,1.0,0.0,-82.0
1777889762.3363323,6.0,0.0,-85.0
1777889762.3463323,6.0,3.0,-80.0
1777889762.3563323,5.0,3.0,-82.0
1777889762.3663323,1.0,3.0,-86.0
1777889762.3763323,2.0,0.0,-84.0
1777889762.3863325,3.0,3.0,-80.0
1777889762.3963325,1.0,4.0,-78.0
1777889762.4063325,0.0,7.0,-77.0
1777889762.4163325,0.0,5.0,-76.0
1777889762.4263325,0.0,5.0,-73.0
1777889762.4363325,2.0,2.0,-72.0
1777889762.4463325,1.0,0.0,-82.0
1777889762.4563324,1.0,1.0,-79.0
1777889762.4663324,0.0,0.0,-75.0
1777889762.4763324,1.0,0.0,-79.0
1777889762.4863324,0.0,-1.0,-78.0
1777889762.4963324,-1.0,1.0,-75.0
1777889762.5063324,-3.0,2.0,-79.0
1777889762.5163324,-3.0,0.0,-78.0
1777889762.5263324,-4.0,-2.0,-86.0
1777889762.5363324,-8.0,1.0,-84.0
1777889762.5463324,-11.0,0.0,-80.0
1777889762.5563323,-9.0,-2.0,-75.0
1777889762.5663323,-6.0,0.0,-80.0
1777889762.5763323,0.0,0.0,-82.0
1777889762.5863323,0.0,1.0,-75.0
1777889762.5963323,1.0,1.0,-73.0
1777889762.6063323,2.0,-1.0,-69.0
1777889762.6163323,2.0,-5.0,-67.0
1777889762.6263323,1.0,-10.0,-66.0
1777889762.6363325,0.0,-10.0,-68.0
1777889762.6463325,2.0,-9.0,-63.0
1777889762.6563325,1.0,-8.0,-61.0
1777889762.6663325,2.0,-6.0,-61.0
1777889762.6763325,2.0,-10.0,-64.0
1777889762.6863325,0.0,-9.0,-66.0
1777889762.6963325,3.0,-5.0,-60.0
1777889762.7063324,0.0,-7.0,-63.0
1777889762.7163324,0.0,-4.0,-75.0
1777889762.7263324,3.0,0.0,-76.0
1777889762.7363324,2.0,1.0,-76.0
1777889762.7463324,0.0,0.0,-71.0
1777889762.7563324,4.0,-1.0,-67.0
1777889762.7663324,5.0,0.0,-69.0
1777889762.7763324,7.0,0.0,-71.0
1777889762.7863324,8.0,-3.0,-67.0
1777889762.7963324,8.0,-4.0,-66.0
1777889762.8063323,2.0,-4.0,-65.0
1777889762.8163323,-1.0,-2.0,-74.0
1777889762.8263323,-1.0,0.0,-74.0
1777889762.8363323,-3.0,-1.0,-79.0
1777889762.8463323,-5.0,-1.0,-80.0
1777889762.8563323,0.0,-3.0,-76.0
1777889762.8663323,-4.0,0.0,-75.0
1777889762.8763323,1.0,2.0,-74.0
1777889762.8863325,0.0,1.0,-81.0
1777889762.8963325,0.0,4.0,-81.0
1777889762.9063325,0.0,5.0,-72.0
1777889762.9163325,-2.0,1.0,-65.0
1777889762.9263325,-1.0,-1.0,-67.0
1777889762.9363325,0.0,3.0,-64.0
1777889762.9463325,0.0,3.0,-71.0
1777889762.9563324,0.0,2.0,-72.0
1777889762.9663324,-1.0,0.0,-69.0
1777889762.9763324,-1.0,0.0,-74.0
1777889762.9863324,-1.0,6.0,-80.0
1777889762.9963324,-1.0,5.0,-88.0
1777889763.0063324,-1.0,5.0,-93.0
1777889763.0163324,-1.0,5.0,-93.0
1777889763.0263324,2.0,4.0,-96.0
1777889763.0363324,0.0,7.0,-98.0
1777889763.0463324,4.0,6.0,-91.0
1777889763.0563323,4.0,3.0,-83.0
1777889763.0663323,3.0,5.0,-80.0
1777889763.0763323,4.0,2.0,-77.0
1777889763.0863323,5.0,4.0,-78.0
1777889763.0963323,6.0,0.0,-81.0
1777889763.1063323,5.0,0.0,-81.0
1777889763.1163323,6.0,-5.0,-80.0
1777889763.1263323,5.0,-5.0,-79.0
1777889763.1363325,2.0,-5.0,-75.0
1777889763.1463325,4.0,-2.0,-79.0
1777889763.1563325,0.0,0.0,-81.0
1777889763.1663325,2.0,4.0,-79.0
1777889763.1763325,4.0,4.0,-76.0
1777889763.1863325,5.0,2.0,-78.0
1777889763.1963325,8.0,-4.0,-83.0
1777889763.2063324,9.0,-5.0,-90.0
1777889763.2163324,11.0,-3.0,-93.0
1777889763.2263324,11.0,-5.0,-89.0
1777889763.2363324,11.0,-4.0,-89.0
1777889763.2463324,4.0,-3.0,-81.0
1777889763.2563324,6.0,-3.0,-70.0
1777889763.2663324,8.0,-2.0,-70.0
1777889763.2763324,0.0,-2.0,-71.0
1777889763.2863324,1.0,0.0,-66.0
1777889763.2963324,1.0,5.0,-71.0
1777889763.3063323,0.0,2.0,-70.0
1777889763.3163323,-1.0,3.0,-70.0
1777889763.3263323,1.0,4.0,-76.0
1777889763.3363323,0.0,4.0,-77.0
1777889763.3463323,-1.0,2.0,-71.0
1777889763.3563323,-1.0,2.0,-72.0
1777889763.3663323,-3.0,1.0,-73.0
1777889763.3763323,-4.0,4.0,-71.0
1777889763.3863325,-2.0,2.0,-72.0
1777889763.3963325,3.0,2.0,-66.0
1777889763.4063325,1.0,5.0,-69.0
1777889763.4163325,0.0,4.0,-65.0
1777889763.4263325,6.0,2.0,-64.0
1777889763.4363325,2.0,2.0,-68.0
1777889763.4463325,2.0,3.0,-78.0
1777889763.4563324,5.0,1.0,-78.0
1777889763.4663324,4.0,-4.0,-76.0
1777889763.4763324,2.0,-1.0,-71.0
1777889763.4863324,4.0,-1.0,-72.0
1777889763.4963324,5.0,0.0,-72.0
1777889763.5063324,3.0,-3.0,-74.0
1777889763.5173323,7.0,-5.0,-77.0
1777889763.5263324,5.0,-5.0,-74.0
1777889763.5363324,5.0,-3.0,-70.0
1777889763.5463324,0.0,-2.0,-70.0
1777889763.5563323,1.0,-7.0,-75.0
1777889763.5663323,-3.0,-6.0,-81.0
1777889763.5763323,-2.0,-6.0,-78.0
1777889763.5863323,5.0,-6.0,-69.0
1777889763.5963323,6.0,-9.0,-69.0
1777889763.6063323,6.0,-5.0,-66.0
1777889763.6163323,2.0,-6.0,-62.0
1777889763.6263323,0.0,-5.0,-62.0
1777889763.6363325,-6.0,-7.0,-67.0
1777889763.6463325,-4.0,-7.0,-66.0
1777889763.6563325,-1.0,-7.0,-66.0
1777889763.6663325,-2.0,-4.0,-71.0
1777889763.6763325,-1.0,-1.0,-73.0
1777889763.6863325,0.0,0.0,-76.0
1777889763.6963325,0.0,-2.0,-77.0
1777889763.7063324,-4.0,-1.0,-74.0
1777889763.7163324,0.0,0.0,-74.0
1777889763.7263324,1.0,0.0,-75.0
1777889763.7363324,1.0,0.0,-77.0
1777889763.7463324,1.0,1.0,-79.0
1777889763.7563324,4.0,-2.0,-84.0
1777889763.7663324,10.0,-1.0,-76.0
1777889763.7763324,13.0,0.0,-70.0
1777889763.7863324,15.0,0.0,-67.0
1777889763.7963324,14.0,3.0,-73.0
1777889763.8063323,11.0,3.0,-73.0
1777889763.8163323,13.0,4.0,-74.0
1777889763.8263323,15.0,2.0,-74.0
1777889763.8363323,12.0,2.0,-71.0
1777889763.8463323,10.0,0.0,-77.0
1777889763.8563323,8.0,-1.0,-78.0
1777889763.8663323,4.0,0.0,-81.0
1777889763.8763323,0.0,3.0,-72.0
1777889763.8863325,0.0,2.0,-65.0
1777889763.8963325,4.0,6.0,-68.0
1777889763.9063325,3.0,7.0,-68.0
1777889763.9163325,-1.0,6.0,-68.0
1777889763.9263325,0.0,10.0,-71.0
1777889763.9363325,0.0,5.0,-67.0
1777889763.9463325,0.0,2.0,-64.0
1777889763.9563324,-3.0,-2.0,-56.0
1777889763.9663324,-4.0,-1.0,-56.0
1777889763.9763324,-7.0,1.0,-61.0
1777889763.9863324,-4.0,3.0,-66.0
1777889763.9963324,-2.0,5.0,-72.0
1777889764.0063324,1.0,8.0,-71.0
1777889764.0163324,3.0,5.0,-75.0
1777889764.0263324,0.0,5.0,-79.0
1777889764.0363324,1.0,5.0,-84.0
1777889764.0463324,1.0,3.0,-83.0
1777889764.0563323,4.0,-2.0,-85.0
1777889764.0663323,4.0,-3.0,-85.0
1777889764.0763323,5.0,0.0,-79.0
1777889764.0863323,2.0,4.0,-73.0
1777889764.0963323,0.0,4.0,-72.0
1777889764.1063323,-4.0,4.0,-70.0
1777889764.1163323,-5.0,3.0,-67.0
1777889764.1263323,-8.0,0.0,-70.0
1777889764.1363325,-4.0,0.0,-67.0
1777889764.1463325,0.0,2.0,-68.0
1777889764.1563325,2.0,4.0,-76.0
1777889764.1663325,0.0,2.0,-73.0
1777889764.1763325,2.0,3.0,-76.0
1777889764.1863325,6.0,2.0,-74.0
1777889764.1963325,5.0,0.0,-78.0
1777889764.2063324,2.0,-1.0,-77.0
1777889764.2163324,0.0,-2.0,-75.0
1777889764.2263324,1.0,0.0,-79.0
1777889764.2363324,5.0,0.0,-80.0
1777889764.2473323,4.0,0.0,-76.0
1777889764.2563324,5.0,-1.0,-79.0
1777889764.2663324,4.0,2.0,-80.0
1777889764.2773323,6.0,0.0,-82.0
1777889764.2873323,9.0,5.0,-77.0
1777889764.2973323,3.0,5.0,-85.0
1777889764.3073325,3.0,7.0,-78.0
1777889764.3173325,1.0,6.0,-78.0
1777889764.3273325,2.0,4.0,-76.0
1777889764.3373325,4.0,2.0,-76.0
1777889764.3473325,5.0,0.0,-81.0
1777889764.3573325,4.0,-2.0,-70.0
1777889764.3673325,5.0,-3.0,-74.0
1777889764.3773324,4.0,-3.0,-73.0
1777889764.3873324,2.0,-5.0,-66.0
1777889764.3973324,2.0,-7.0,-64.0
1777889764.4073324,2.0,-5.0,-64.0
1777889764.4173324,6.0,-4.0,-64.0
1777889764.4273324,7.0,-1.0,-63.0
1777889764.4373324,1.0,0.0,-66.0
1777889764.4473324,0.0,-5.0,-66.0
1777889764.4573324,-2.0,-7.0,-71.0
1777889764.4673324,-8.0,-6.0,-76.0
1777889764.4773324,-8.0,-7.0,-75.0
1777889764.4873323,-5.0,-5.0,-70.0
1777889764.4973323,-6.0,-3.0,-69.0
1777889764.5073323,-2.0,-6.0,-70.0
1777889764.5173323,0.0,-2.0,-78.0
1777889764.5273323,-1.0,-2.0,-81.0
1777889764.5373323,-3.0,-1.0,-82.0
1777889764.5473323,-2.0,0.0,-74.0
1777889764.5573325,0.0,1.0,-72.0
1777889764.5673325,2.0,1.0,-70.0
1777889764.5773325,5.0,-1.0,-73.0
1777889764.5873325,2.0,-2.0,-70.0
1777889764.5973325,-1.0,0.0,-66.0
1777889764.6073325,-2.0,-1.0,-75.0
1777889764.6173325,-3.0,-5.0,-76.0
1777889764.6273324,-2.0,-6.0,-85.0
1777889764.6373324,0.0,-4.0,-85.0
1777889764.6473324,0.0,-6.0,-83.0
1777889764.6573324,0.0,-2.0,-76.0
1777889764.6673324,0.0,-1.0,-73.0
1777889764.6773324,-3.0,0.0,-72.0
1777889764.6873324,-4.0,-3.0,-72.0
1777889764.6973324,-6.0,-3.0,-79.0
1777889764.7073324,-5.0,0.0,-78.0
1777889764.7173324,-3.0,0.0,-77.0
1777889764.7273324,0.0,2.0,-77.0
1777889764.7373323,0.0,2.0,-72.0
1777889764.7473323,1.0,0.0,-67.0
1777889764.7573323,2.0,1.0,-66.0
1777889764.7673323,3.0,0.0,-65.0
1777889764.7773323,1.0,-4.0,-76.0
1777889764.7873323,-2.0,-4.0,-77.0
1777889764.7973323,-1.0,-1.0,-77.0
1777889764.8073325,2.0,2.0,-85.0
1777889764.8173325,3.0,0.0,-94.0
1777889764.8273325,5.0,2.0,-87.0
1777889764.8373325,4.0,2.0,-86.0
1777889764.8473325,7.0,1.0,-89.0
1777889764.8573325,5.0,0.0,-82.0
1777889764.8673325,5.0,1.0,-75.0
1777889764.8773324,6.0,1.0,-76.0
1777889764.8873324,3.0,0.0,-77.0
1777889764.8973324,7.0,3.0,-75.0
1777889764.9073324,9.0,1.0,-84.0
1777889764.9173324,7.0,3.0,-77.0
1777889764.9273324,4.0,2.0,-71.0
1777889764.9373324,3.0,0.0,-75.0
1777889764.9473324,7.0,-3.0,-79.0
1777889764.9573324,7.0,-4.0,-75.0
1777889764.9673324,7.0,-5.0,-72.0
1777889764.9773324,5.0,-3.0,-65.0
1777889764.9873323,5.0,-3.0,-68.0
1777889764.9973323,2.0,-3.0,-64.0
1777889765.0073323,0.0,-5.0,-72.0
1777889765.0173323,3.0,-7.0,-72.0
1777889765.0273323,5.0,-6.0,-78.0
1777889765.0373323,3.0,-6.0,-73.0
1777889765.0473323,4.0,-5.0,-75.0
1777889765.0573325,4.0,-2.0,-73.0
1777889765.0673325,3.0,0.0,-71.0
1777889765.0773325,1.0,3.0,-63.0
1777889765.0873325,2.0,3.0,-69.0
1777889765.0973325,3.0,2.0,-73.0
1777889765.1073325,2.0,1.0,-74.0
1777889765.1173325,4.0,6.0,-75.0
1777889765.1273324,5.0,4.0,-74.0
1777889765.1373324,5.0,6.0,-64.0
1777889765.1473324,8.0,0.0,-60.0
1777889765.1573324,6.0,-1.0,-58.0
1777889765.1673324,0.0,-1.0,-55.0
1777889765.1773324,0.0,-5.0,-55.0
1777889765.1873324,3.0,-5.0,-64.0
1777889765.1973324,1.0,-3.0,-63.0
1777889765.2073324,0.0,0.0,-67.0
1777889765.2173324,2.0,-1.0,-73.0
1777889765.2273324,5.0,-1.0,-79.0
1777889765.2373323,4.0,-1.0,-78.0
1777889765.2473323,5.0,-2.0,-75.0
1777889765.2573323,3.0,-4.0,-72.0
1777889765.2673323,5.0,-9.0,-70.0
1777889765.2773323,1.0,-8.0,-73.0
1777889765.2873323,3.0,-8.0,-78.0
1777889765.2973323,2.0,-6.0,-80.0
1777889765.3073325,0.0,-3.0,-79.0
1777889765.3173325,1.0,-4.0,-79.0
1777889765.3273325,3.0,-4.0,-77.0
1777889765.3373325,4.0,-4.0,-69.0
1777889765.3473325,9.0,-4.0,-70.0
1777889765.3573325,4.0,-5.0,-72.0
1777889765.3673325,1.0,-8.0,-72.0
1777889765.3773324,0.0,-11.0,-72.0
1777889765.3873324,4.0,-9.0,-74.0
1777889765.3973324,5.0,-4.0,-76.0
1777889765.4073324,5.0,-3.0,-70.0
1777889765.4173324,3.0,-4.0,-68.0
1777889765.4273324,0.0,-8.0,-74.0
1777889765.4373324,-2.0,-6.0,-75.0
1777889765.4473324,0.0,-2.0,-75.0
1777889765.4573324,0.0,-4.0,-75.0
1777889765.4673324,1.0,-4.0,-74.0
1777889765.4773324,5.0,-4.0,-80.0
1777889765.4873323,6.0,-5.0,-75.0
1777889765.4973323,2.0,-3.0,-81.0
1777889765.5073323,4.0,-1.0,-83.0
1777889765.5173323,0.0,-2.0,-80.0
1777889765.5273323,-4.0,-3.0,-81.0
1777889765.5373323,-2.0,-4.0,-81.0
1777889765.5473323,0.0,-9.0,-80.0
1777889765.5573325,-3.0,-7.0,-84.0
1777889765.5673325,-3.0,-8.0,-77.0
1777889765.5773325,-4.0,-4.0,-77.0
1777889765.5873325,0.0,-4.0,-75.0
1777889765.5973325,-2.0,-2.0,-75.0
1777889765.6073325,-1.0,-4.0,-81.0
1777889765.6173325,1.0,0.0,-83.0
1777889765.6273324,1.0,-1.0,-78.0
1777889765.6373324,2.0,-1.0,-82.0
1777889765.6473324,3.0,2.0,-74.0
1777889765.6573324,-2.0,2.0,-72.0
1777889765.6673324,-6.0,0.0,-73.0
1777889765.6773324,-3.0,-1.0,-76.0
1777889765.6873324,-6.0,-2.0,-74.0
1777889765.6973324,-4.0,-2.0,-69.0
1777889765.7073324,-3.0,-3.0,-69.0
1777889765.7173324,3.0,-2.0,-77.0
1777889765.7273324,3.0,-2.0,-73.0
1777889765.7373323,0.0,-5.0,-72.0
1777889765.7473323,3.0,-8.0,-77.0
1777889765.7573323,3.0,-4.0,-76.0
1777889765.7673323,0.0,-3.0,-75.0
1777889765.7773323,-3.0,0.0,-74.0
1777889765.7873323,-4.0,2.0,-72.0
1777889765.7973323,-4.0,3.0,-74.0
1777889765.8073325,1.0,3.0,-75.0
1777889765.8173325,1.0,0.0,-75.0
1777889765.8273325,1.0,0.0,-75.0
1777889765.8373325,5.0,1.0,-71.0
1777889765.8473325,1.0,1.0,-72.0
1777889765.8573325,5.0,-1.0,-75.0
1777889765.8673325,2.0,0.0,-76.0
1777889765.8773324,4.0,1.0,-72.0
1777889765.8873324,0.0,0.0,-78.0
1777889765.8973324,0.0,-1.0,-78.0
1777889765.9073324,-5.0,0.0,-77.0
1777889765.9173324,-4.0,0.0,-85.0
1777889765.9273324,-3.0,6.0,-86.0
1777889765.9373324,0.0,7.0,-89.0
1777889765.9473324,-1.0,7.0,-85.0
1777889765.9573324,0.0,1.0,-89.0
1777889765.9673324,3.0,-1.0,-88.0
1777889765.9773324,2.0,-2.0,-88.0
1777889765.9873323,-1.0,-1.0,-88.0
1777889765.9973323,0.0,-2.0,-87.0
1777889766.0073323,-3.0,-1.0,-81.0
1777889766.0173323,0.0,3.0,-76.0
1777889766.0273323,-2.0,1.0,-77.0
1777889766.0373323,-3.0,0.0,-76.0
1777889766.0473323,-3.0,0.0,-75.0
1777889766.0573325,1.0,-3.0,-79.0
1777889766.0673325,4.0,-3.0,-72.0
1777889766.0773325,5.0,-3.0,-67.0
1777889766.0873325,8.0,0.0,-69.0
1777889766.0973325,6.0,-2.0,-77.0
1777889766.1073325,7.0,-2.0,-71.0
1777889766.1173325,9.0,-4.0,-74.0
1777889766.1273324,5.0,-3.0,-74.0
1777889766.1373324,8.0,-2.0,-74.0
1777889766.1473324,4.0,-3.0,-75.0
1777889766.1573324,0.0,-3.0,-72.0
1777889766.1673324,-6.0,1.0,-72.0
1777889766.1773324,-6.0,2.0,-75.0
1777889766.1873324,0.0,5.0,-82.0
1777889766.1973324,1.0,0.0,-83.0
1777889766.2073324,2.0,2.0,-83.0
1777889766.2173324,3.0,0.0,-83.0
1777889766.2273324,7.0,-4.0,-91.0
1777889766.2373323,5.0,-1.0,-89.0
1777889766.2483325,2.0,0.0,-80.0
1777889766.2583325,0.0,0.0,-76.0
1777889766.2673323,2.0,1.0,-74.0
1777889766.2783325,1.0,-3.0,-69.0
1777889766.2883325,0.0,-4.0,-67.0
1777889766.2983325,1.0,-4.0,-65.0
1777889766.3083324,0.0,-7.0,-67.0
1777889766.3183324,-3.0,-5.0,-68.0
1777889766.3283324,-6.0,-4.0,-71.0
1777889766.3383324,-4.0,-4.0,-74.0
1777889766.3483324,-2.0,-1.0,-73.0
1777889766.3583324,-4.0,-1.0,-74.0
1777889766.3683324,-5.0,0.0,-75.0
1777889766.3783324,-4.0,0.0,-77.0
1777889766.3883324,-2.0,-3.0,-76.0
1777889766.3983324,2.0,-2.0,-78.0
1777889766.4083323,5.0,1.0,-81.0
1777889766.4183323,1.0,0.0,-80.0
1777889766.4283323,0.0,0.0,-76.0
1777889766.4383323,3.0,4.0,-75.0
1777889766.4483323,2.0,2.0,-70.0
1777889766.4583323,7.0,1.0,-62.0
1777889766.4683323,12.0,0.0,-65.0
1777889766.4783323,10.0,0.0,-66.0
1777889766.4883325,4.0,0.0,-65.0
1777889766.4983325,1.0,-4.0,-68.0
1777889766.5083325,1.0,-4.0,-75.0
1777889766.5183325,1.0,-1.0,-75.0
1777889766.5283325,8.0,0.0,-74.0
1777889766.5383325,8.0,-3.0,-71.0
1777889766.5483325,7.0,-9.0,-74.0
1777889766.5583324,4.0,-8.0,-68.0
1777889766.5683324,8.0,-6.0,-73.0
1777889766.5783324,10.0,-4.0,-77.0
1777889766.5883324,7.0,-4.0,-73.0
1777889766.5983324,8.0,-2.0,-72.0
1777889766.6083324,1.0,-4.0,-75.0
1777889766.6183324,-1.0,-5.0,-71.0
1777889766.6283324,-2.0,-5.0,-70.0
1777889766.6383324,-2.0,-10.0,-74.0
1777889766.6483324,0.0,-5.0,-82.0
1777889766.6583323,-1.0,0.0,-82.0
1777889766.6683323,-4.0,1.0,-78.0
1777889766.6783323,0.0,-2.0,-84.0
1777889766.6883323,-4.0,0.0,-76.0
1777889766.6983323,-3.0,-1.0,-75.0
1777889766.7083323,0.0,-8.0,-72.0
1777889766.7183323,2.0,-10.0,-78.0
1777889766.7283323,-1.0,-10.0,-75.0
1777889766.7383325,2.0,-5.0,-74.0
1777889766.7483325,5.0,-2.0,-82.0
1777889766.7583325,5.0,0.0,-78.0
1777889766.7683325,7.0,-2.0,-73.0
1777889766.7783325,4.0,0.0,-69.0
1777889766.7883325,3.0,2.0,-73.0
1777889766.7983325,5.0,3.0,-67.0
1777889766.8083324,7.0,0.0,-69.0
1777889766.8183324,5.0,0.0,-72.0
1777889766.8283324,7.0,0.0,-80.0
1777889766.8383324,8.0,-1.0,-79.0
1777889766.8483324,6.0,2.0,-73.0
1777889766.8583324,5.0,2.0,-72.0
1777889766.8683324,3.0,0.0,-76.0
1777889766.8783324,1.0,0.0,-75.0
1777889766.8883324,2.0,-1.0,-74.0
1777889766.8983324,0.0,-2.0,-74.0
1777889766.9083323,1.0,-2.0,-74.0
1777889766.9183323,-1.0,0.0,-73.0
1777889766.9283323,5.0,1.0,-72.0
1777889766.9383323,6.0,1.0,-74.0
1777889766.9483323,7.0,1.0,-74.0
1777889766.9583323,2.0,2.0,-78.0
1777889766.9683323,5.0,3.0,-79.0
1777889766.9783323,6.0,1.0,-75.0
1777889766.9883325,2.0,2.0,-81.0
1777889766.9983325,2.0,2.0,-78.0
1777889767.0083325,1.0,0.0,-75.0
1777889767.0183325,0.0,0.0,-78.0
1777889767.0283325,3.0,0.0,-80.0
1777889767.0383325,2.0,0.0,-83.0
1777889767.0483325,0.0,0.0,-84.0
1777889767.0583324,-1.0,1.0,-88.0
1777889767.0683324,1.0,-2.0,-88.0
1777889767.0783324,0.0,-2.0,-86.0
1777889767.0883324,1.0,-4.0,-87.0
1777889767.0983324,-4.0,-5.0,-85.0
1777889767.1083324,-2.0,-7.0,-85.0
1777889767.1183324,-5.0,-9.0,-87.0
1777889767.1283324,-2.0,-1.0,-81.0
1777889767.1383324,-1.0,-2.0,-82.0
1777889767.1483324,0.0,-2.0,-87.0
1777889767.1583323,1.0,-4.0,-83.0
1777889767.1683323,2.0,-3.0,-85.0
1777889767.1783323,7.0,-1.0,-85.0
1777889767.1883323,9.0,0.0,-83.0
1777889767.1983323,6.0,2.0,-80.0
1777889767.2083323,0.0,-1.0,-78.0
1777889767.2183323,1.0,0.0,-76.0
1777889767.2283323,3.0,-1.0,-73.0
1777889767.2383325,2.0,-2.0,-74.0
1777889767.2483325,4.0,-5.0,-73.0
1777889767.2583325,0.0,-2.0,-67.0
1777889767.2683325,-1.0,-2.0,-72.0
1777889767.2783325,-4.0,0.0,-72.0
1777889767.2883325,-1.0,-1.0,-67.0
1777889767.2983325,1.0,-1.0,-60.0
1777889767.3083324,-1.0,1.0,-65.0
1777889767.3183324,1.0,0.0,-69.0
1777889767.3283324,-3.0,-3.0,-72.0
1777889767.3383324,-3.0,-8.0,-76.0
1777889767.3483324,-3.0,-8.0,-76.0
1777889767.3583324,-6.0,-4.0,-77.0
1777889767.3683324,-3.0,-1.0,-78.0
1777889767.3783324,0.0,-3.0,-83.0
1777889767.3883324,0.0,-2.0,-81.0
1777889767.3983324,0.0,-5.0,-77.0
1777889767.4083323,1.0,-2.0,-79.0
1777889767.4183323,1.0,-1.0,-80.0
1777889767.4283323,0.0,-4.0,-69.0
1777889767.4383323,1.0,-3.0,-71.0
1777889767.4483323,-2.0,-1.0,-74.0
1777889767.4583323,0.0,-3.0,-72.0
1777889767.4683323,-1.0,1.0,-78.0
1777889767.4783323,-2.0,2.0,-72.0
1777889767.4883325,-4.0,0.0,-68.0
1777889767.4983325,-9.0,0.0,-65.0
1777889767.5083325,-5.0,0.0,-63.0
1777889767.5183325,-3.0,1.0,-66.0
1777889767.5283325,-1.0,1.0,-73.0
1777889767.5393324,-3.0,0.0,-77.0
1777889767.5483325,-2.0,0.0,-84.0
1777889767.5583324,-2.0,2.0,-82.0
1777889767.5683324,0.0,1.0,-82.0
1777889767.5783324,-1.0,-5.0,-75.0
1777889767.5883324,0.0,-2.0,-76.0
1777889767.5983324,-2.0,-1.0,-69.0
1777889767.6083324,0.0,0.0,-68.0
1777889767.6183324,2.0,-1.0,-65.0
1777889767.6283324,-2.0,0.0,-70.0
1777889767.6383324,-3.0,-3.0,-66.0
1777889767.6483324,-4.0,0.0,-60.0
1777889767.6583323,-6.0,-1.0,-66.0
1777889767.6683323,-1.0,0.0,-67.0
1777889767.6783323,-4.0,0.0,-64.0
1777889767.6883323,-6.0,4.0,-65.0
1777889767.6983323,-2.0,-1.0,-71.0
1777889767.7083323,-6.0,-1.0,-71.0
1777889767.7183323,-7.0,-2.0,-70.0
1777889767.7283323,-10.0,0.0,-64.0
1777889767.7383325,-7.0,0.0,-70.0
1777889767.7483325,-3.0,-2.0,-69.0
1777889767.7583325,-4.0,0.0,-75.0
1777889767.7683325,-3.0,1.0,-78.0
1777889767.7783325,-8.0,2.0,-85.0
1777889767.7883325,-10.0,4.0,-78.0
1777889767.7983325,-5.0,-4.0,-82.0
1777889767.8083324,0.0,-5.0,-89.0
1777889767.8183324,0.0,0.0,-84.0
1777889767.8283324,1.0,-4.0,-88.0
1777889767.8383324,-1.0,-8.0,-90.0
1777889767.8483324,0.0,-4.0,-88.0
1777889767.8583324,4.0,-8.0,-94.0
1777889767.8683324,8.0,-12.0,-90.0
1777889767.8783324,4.0,-16.0,-95.0
1777889767.8883324,4.0,-13.0,-89.0
1777889767.8983324,3.0,-11.0,-85.0
1777889767.9083323,0.0,-8.0,-87.0
1777889767.9183323,5.0,-7.0,-87.0
1777889767.9283323,1.0,-5.0,-84.0
1777889767.9383323,0.0,-2.0,-80.0
1777889767.9483323,1.0,-2.0,-78.0
1777889767.9583323,-1.0,-1.0,-80.0
1777889767.9683323,0.0,-1.0,-76.0
1777889767.9783323,0.0,-2.0,-81.0
1777889767.9883325,0.0,-4.0,-78.0
1777889767.9983325,2.0,-3.0,-70.0
1777889768.0083325,-4.0,-10.0,-66.0
1777889768.0183325,0.0,-8.0,-66.0
1777889768.0283325,0.0,-6.0,-73.0
1777889768.0383325,-2.0,-7.0,-74.0
1777889768.0483325,-3.0,-8.0,-81.0
1777889768.0583324,-5.0,-6.0,-76.0
1777889768.0683324,-8.0,-4.0,-78.0
1777889768.0783324,-8.0,-3.0,-74.0
1777889768.0883324,-10.0,-5.0,-74.0
1777889768.0983324,-10.0,-5.0,-72.0
1777889768.1083324,-15.0,-3.0,-67.0
1777889768.1183324,-11.0,0.0,-63.0
1777889768.1283324,-9.0,0.0,-70.0
1777889768.1383324,-4.0,-3.0,-76.0
1777889768.1483324,-3.0,-2.0,-81.0
1777889768.1583323,-1.0,-1.0,-77.0
1777889768.1683323,1.0,-4.0,-80.0
1777889768.1783323,0.0,-4.0,-80.0
1777889768.1883323,-5.0,0.0,-80.0
1777889768.1983323,-5.0,0.0,-83.0
1777889768.2083323,-7.0,2.0,-83.0
1777889768.2183323,-5.0,3.0,-85.0
1777889768.2283323,-4.0,3.0,-79.0
1777889768.2383325,-1.0,4.0,-79.0
1777889768.2493324,6.0,5.0,-79.0
1777889768.2593324,2.0,3.0,-81.0
1777889768.2693324,0.0,0.0,-78.0
1777889768.2793324,1.0,1.0,-85.0
1777889768.2893324,2.0,4.0,-80.0
1777889768.2993324,-1.0,3.0,-81.0
1777889768.3093324,0.0,6.0,-84.0
1777889768.3193324,0.0,3.0,-88.0
1777889768.3293324,-1.0,-3.0,-76.0
1777889768.3393323,2.0,-4.0,-76.0
1777889768.3493323,3.0,-6.0,-79.0
1777889768.3593323,-2.0,-10.0,-76.0
1777889768.3693323,3.0,-11.0,-77.0
1777889768.3793323,7.0,-10.0,-71.0
1777889768.3893323,5.0,-2.0,-72.0
1777889768.3993323,4.0,0.0,-74.0
1777889768.4093325,4.0,-1.0,-78.0
1777889768.4193325,3.0,-2.0,-74.0
1777889768.4293325,7.0,0.0,-78.0
1777889768.4393325,8.0,-1.0,-76.0
1777889768.4493325,8.0,-2.0,-85.0
1777889768.4593325,5.0,0.0,-84.0
1777889768.4693325,3.0,-1.0,-83.0
1777889768.4793324,2.0,-3.0,-83.0
1777889768.4893324,3.0,0.0,-87.0
1777889768.4993324,5.0,-2.0,-81.0
1777889768.5093324,4.0,0.0,-76.0
1777889768.5193324,5.0,1.0,-69.0
1777889768.5293324,4.0,-1.0,-68.0
1777889768.5393324,8.0,0.0,-73.0
1777889768.5493324,7.0,1.0,-74.0
1777889768.5593324,8.0,0.0,-72.0
1777889768.5693324,11.0,2.0,-70.0
1777889768.5793324,11.0,3.0,-75.0
1777889768.5893323,11.0,0.0,-83.0
1777889768.5993323,11.0,-3.0,-78.0
1777889768.6093323,7.0,-1.0,-78.0
1777889768.6193323,4.0,0.0,-81.0
1777889768.6293323,1.0,0.0,-79.0
1777889768.6393323,-2.0,-1.0,-78.0
1777889768.6493323,0.0,1.0,-74.0
1777889768.6593325,0.0,2.0,-73.0
1777889768.6693325,3.0,0.0,-82.0
1777889768.6793325,3.0,0.0,-83.0
1777889768.6893325,3.0,-3.0,-80.0
1777889768.6993325,1.0,-6.0,-77.0
1777889768.7093325,0.0,-9.0,-81.0
1777889768.7193325,1.0,-9.0,-85.0
1777889768.7293324,3.0,-1.0,-79.0
1777889768.7393324,3.0,-3.0,-85.0
1777889768.7493324,5.0,-3.0,-81.0
1777889768.7593324,2.0,0.0,-78.0
1777889768.7693324,1.0,0.0,-73.0
1777889768.7793324,0.0,-1.0,-76.0
1777889768.7893324,3.0,1.0,-81.0
1777889768.7993324,2.0,2.0,-80.0
1777889768.8093324,3.0,0.0,-75.0
1777889768.8193324,6.0,0.0,-73.0
1777889768.8293324,7.0,-2.0,-70.0
1777889768.8393323,4.0,-1.0,-73.0
1777889768.8493323,-1.0,-3.0,-76.0
1777889768.8593323,0.0,1.0,-76.0
1777889768.8693323,0.0,1.0,-82.0
1777889768.8793323,0.0,1.0,-80.0
1777889768.8893323,1.0,6.0,-78.0
1777889768.8993323,0.0,6.0,-75.0
1777889768.9093325,2.0,0.0,-78.0
1777889768.9193325,0.0,-3.0,-83.0
1777889768.9293325,1.0,-4.0,-78.0
1777889768.9393325,-2.0,-3.0,-74.0
1777889768.9493325,-1.0,-2.0,-68.0
1777889768.9593325,-1.0,0.0,-71.0
1777889768.9693325,-4.0,-2.0,-74.0
1777889768.9793324,0.0,-4.0,-67.0
1777889768.9893324,0.0,-4.0,-68.0
1777889768.9993324,2.0,-3.0,-73.0
1777889769.0093324,3.0,-5.0,-76.0
1777889769.0193324,2.0,-1.0,-80.0
1777889769.0293324,0.0,-2.0,-71.0
1777889769.0393324,0.0,-1.0,-71.0
1777889769.0493324,3.0,-4.0,-77.0
1777889769.0593324,2.0,-2.0,-78.0
1777889769.0693324,2.0,-6.0,-71.0
1777889769.0793324,1.0,-8.0,-71.0
1777889769.0893323,0.0,-5.0,-80.0
1777889769.0993323,2.0,-9.0,-87.0
1777889769.1093323,5.0,-8.0,-88.0
1777889769.1193323,6.0,-7.0,-92.0
1777889769.1293323,5.0,-5.0,-89.0
1777889769.1393323,4.0,-7.0,-77.0
1777889769.1493323,0.0,-4.0,-71.0
1777889769.1593325,0.0,-1.0,-73.0
1777889769.1693325,1.0,-5.0,-75.0
1777889769.1793325,1.0,-3.0,-74.0
1777889769.1893325,3.0,-3.0,-72.0
1777889769.1993325,5.0,0.0,-67.0
1777889769.2093325,1.0,0.0,-65.0
1777889769.2193325,1.0,0.0,-71.0
1777889769.2293324,9.0,0.0,-75.0
1777889769.2393324,5.0,0.0,-72.0
1777889769.2493324,6.0,-1.0,-64.0
1777889769.2593324,5.0,0.0,-65.0
1777889769.2693324,6.0,0.0,-67.0
1777889769.2793324,3.0,0.0,-67.0
1777889769.2893324,0.0,1.0,-65.0
1777889769.2993324,1.0,5.0,-69.0
1777889769.3093324,2.0,1.0,-73.0
1777889769.3193324,0.0,0.0,-76.0
1777889769.3293324,-1.0,-1.0,-74.0
1777889769.3393323,1.0,-5.0,-74.0
1777889769.3493323,2.0,-6.0,-74.0
1777889769.3593323,5.0,-7.0,-76.0
1777889769.3693323,5.0,-3.0,-75.0
1777889769.3793323,7.0,-2.0,-78.0
1777889769.3893323,7.0,0.0,-76.0
1777889769.3993323,5.0,-1.0,-80.0
1777889769.4093325,3.0,0.0,-82.0
1777889769.4193325,0.0,0.0,-83.0
1777889769.4293325,-4.0,-1.0,-81.0
1777889769.4393325,-6.0,0.0,-81.0
1777889769.4493325,-7.0,1.0,-83.0
1777889769.4593325,-7.0,-1.0,-77.0
1777889769.4693325,-6.0,1.0,-76.0
1777889769.4793324,-3.0,0.0,-71.0
1777889769.4893324,-5.0,-4.0,-70.0
1777889769.4993324,-4.0,-2.0,-79.0
1777889769.5093324,-1.0,-3.0,-77.0
1777889769.5193324,-1.0,-1.0,-71.0
1777889769.5293324,-3.0,-2.0,-80.0
1777889769.5393324,-2.0,-3.0,-79.0
1777889769.5493324,-2.0,-2.0,-79.0
1777889769.5593324,-1.0,2.0,-72.0
1777889769.5693324,1.0,2.0,-65.0
1777889769.5793324,1.0,0.0,-73.0
1777889769.5893323,1.0,1.0,-67.0
1777889769.5993323,2.0,0.0,-68.0
1777889769.6093323,0.0,-4.0,-66.0
1777889769.6193323,-1.0,-4.0,-63.0
1777889769.6293323,2.0,-2.0,-63.0
1777889769.6393323,6.0,-4.0,-66.0
1777889769.6493323,10.0,-4.0,-67.0
1777889769.6593325,5.0,-1.0,-68.0
1777889769.6693325,4.0,0.0,-72.0
1777889769.6793325,4.0,0.0,-71.0
1777889769.6893325,2.0,0.0,-75.0
1777889769.6993325,0.0,0.0,-75.0
1777889769.7093325,-5.0,1.0,-73.0
1777889769.7193325,2.0,0.0,-77.0
1777889769.7293324,3.0,0.0,-78.0
1777889769.7393324,2.0,1.0,-78.0
1777889769.7493324,7.0,-2.0,-81.0
1777889769.7593324,7.0,0.0,-84.0
1777889769.7693324,7.0,4.0,-82.0
1777889769.7793324,6.0,5.0,-82.0
1777889769.7893324,9.0,4.0,-79.0
1777889769.7993324,8.0,0.0,-79.0
1777889769.8093324,10.0,0.0,-77.0
1777889769.8193324,6.0,1.0,-79.0
1777889769.8293324,2.0,0.0,-81.0
1777889769.8393323,6.0,-3.0,-77.0
1777889769.8493323,0.0,-2.0,-83.0
1777889769.8593323,-1.0,0.0,-79.0
1777889769.8693323,-2.0,-1.0,-79.0
1777889769.8793323,-3.0,0.0,-73.0
1777889769.8893323,-6.0,-1.0,-70.0
1777889769.8993323,-7.0,-2.0,-73.0
1777889769.9093325,0.0,-4.0,-69.0
1777889769.9193325,0.0,-5.0,-66.0
1777889769.9293325,0.0,-4.0,-67.0
1777889769.9393325,1.0,-6.0,-67.0
1777889769.9493325,-2.0,-4.0,-76.0
1777889769.9593325,-6.0,-7.0,-78.0
1777889769.9693325,-7.0,-6.0,-75.0
1777889769.9793324,-5.0,-5.0,-73.0
1777889769.9893324,-3.0,-2.0,-71.0
1777889769.9993324,-3.0,-2.0,-77.0
1777889770.0093324,-6.0,0.0,-77.0
1777889770.0193324,-1.0,0.0,-75.0
1777889770.0293324,1.0,2.0,-73.0
1777889770.0393324,3.0,-1.0,-75.0
1777889770.0493324,3.0,-1.0,-75.0
1777889770.0593324,5.0,0.0,-81.0
1777889770.0693324,2.0,0.0,-78.0
1777889770.0793324,0.0,-2.0,-74.0
1777889770.0893323,0.0,-4.0,-74.0
1777889770.0993323,-1.0,-3.0,-82.0
1777889770.1093323,0.0,-2.0,-80.0
1777889770.1193323,-1.0,-4.0,-79.0
1777889770.1293323,0.0,-2.0,-80.0
1777889770.1393323,-1.0,-5.0,-78.0
1777889770.1493323,1.0,-6.0,-83.0
1777889770.1593325,6.0,-5.0,-85.0
1777889770.1693325,8.0,-5.0,-93.0
1777889770.1793325,6.0,0.0,-90.0
1777889770.1903324,3.0,0.0,-84.0
1777889770.1993325,7.0,-3.0,-83.0
1777889770.2093325,5.0,-6.0,-82.0
1777889770.2203324,4.0,-3.0,-77.0
1777889770.2303324,2.0,-3.0,-76.0
1777889770.2403324,6.0,-7.0,-71.0
1777889770.2503324,0.0,-7.0,-69.0
1777889770.2603323,-1.0,-7.0,-69.0
1777889770.2703323,1.0,-1.0,-76.0
1777889770.2803323,-2.0,-4.0,-74.0
1777889770.2903323,-3.0,-1.0,-78.0
1777889770.3003323,-3.0,3.0,-74.0
1777889770.3103323,-1.0,0.0,-77.0
1777889770.3203323,-1.0,0.0,-76.0
1777889770.3303325,0.0,0.0,-73.0
1777889770.3403325,-1.0,1.0,-69.0
1777889770.3503325,-3.0,0.0,-69.0
1777889770.3603325,-6.0,1.0,-72.0
1777889770.3703325,-7.0,-2.0,-68.0
1777889770.3803325,-4.0,-2.0,-64.0
1777889770.3903325,0.0,0.0,-61.0
1777889770.4003325,2.0,-5.0,-55.0
1777889770.4103324,3.0,-3.0,-60.0
1777889770.4203324,1.0,-2.0,-67.0
1777889770.4303324,3.0,-2.0,-64.0
1777889770.4403324,1.0,0.0,-68.0
1777889770.4503324,0.0,0.0,-77.0
1777889770.4603324,-2.0,0.0,-78.0
1777889770.4703324,-4.0,-1.0,-88.0
1777889770.4803324,-9.0,0.0,-89.0
1777889770.4903324,-6.0,-2.0,-93.0
1777889770.5003324,-2.0,-4.0,-86.0
1777889770.5113325,-1.0,-3.0,-84.0
1777889770.5203323,-1.0,-4.0,-77.0
1777889770.5303323,-1.0,-2.0,-69.0
1777889770.5403323,0.0,1.0,-74.0
1777889770.5503323,-5.0,1.0,-74.0
1777889770.5603323,-2.0,0.0,-72.0
1777889770.5703323,-1.0,0.0,-74.0
1777889770.5803325,0.0,2.0,-68.0
1777889770.5903325,1.0,-3.0,-68.0
1777889770.6003325,4.0,-5.0,-72.0
1777889770.6103325,8.0,-6.0,-82.0
1777889770.6203325,3.0,-3.0,-86.0
1777889770.6303325,3.0,-3.0,-91.0
1777889770.6403325,2.0,-4.0,-93.0
1777889770.6503325,6.0,-7.0,-88.0
1777889770.6603324,5.0,-5.0,-83.0
1777889770.6703324,1.0,-4.0,-83.0
1777889770.6803324,-2.0,-4.0,-86.0
1777889770.6903324,-2.0,-5.0,-81.0
1777889770.7003324,-3.0,-5.0,-81.0
1777889770.7103324,-3.0,-6.0,-73.0
1777889770.7203324,-4.0,-5.0,-73.0
1777889770.7303324,-6.0,-8.0,-67.0
1777889770.7403324,-9.0,-3.0,-64.0
1777889770.7503324,-8.0,-2.0,-69.0
1777889770.7603323,-6.0,-2.0,-69.0
1777889770.7703323,0.0,-3.0,-65.0
1777889770.7803323,2.0,-5.0,-73.0
1777889770.7903323,6.0,-5.0,-75.0
1777889770.8003323,3.0,-4.0,-76.0
1777889770.8103323,4.0,-2.0,-79.0
1777889770.8203323,0.0,-5.0,-74.0
1777889770.8303325,0.0,-3.0,-65.0
1777889770.8403325,-1.0,0.0,-61.0
1777889770.8503325,0.0,-5.0,-70.0
1777889770.8603325,-3.0,-6.0,-73.0
1777889770.8703325,-4.0,-3.0,-74.0
1777889770.8803325,-3.0,-3.0,-67.0
1777889770.8903325,-3.0,0.0,-69.0
1777889770.9003325,0.0,2.0,-74.0
1777889770.9103324,6.0,3.0,-75.0
1777889770.9203324,4.0,1.0,-80.0
1777889770.9303324,5.0,6.0,-75.0
1777889770.9403324,4.0,5.0,-75.0
1777889770.9503324,4.0,4.0,-78.0
1777889770.9603324,6.0,1.0,-77.0
1777889770.9703324,4.0,1.0,-75.0
1777889770.9803324,7.0,0.0,-71.0
1777889770.9903324,5.0,-2.0,-72.0
1777889771.0003324,5.0,0.0,-70.0
1777889771.0103323,5.0,5.0,-73.0
1777889771.0203323,7.0,4.0,-70.0
1777889771.0303323,11.0,1.0,-65.0
1777889771.0403323,9.0,0.0,-66.0
1777889771.0503323,3.0,0.0,-64.0
1777889771.0603323,-3.0,2.0,-66.0
1777889771.0703323,-7.0,-1.0,-62.0
1777889771.0803325,0.0,-1.0,-61.0
1777889771.0903325,1.0,-3.0,-65.0
1777889771.1003325,1.0,0.0,-68.0
1777889771.1103325,0.0,-1.0,-71.0
1777889771.1203325,2.0,-2.0,-76.0
1777889771.1303325,5.0,-1.0,-76.0
1777889771.1403325,0.0,-2.0,-73.0
1777889771.1503325,0.0,-5.0,-73.0
1777889771.1603324,-1.0,0.0,-76.0
1777889771.1703324,3.0,3.0,-76.0
1777889771.1803324,-3.0,0.0,-83.0
1777889771.1903324,-5.0,-1.0,-83.0
1777889771.2003324,-4.0,-6.0,-77.0
1777889771.2103324,-6.0,-5.0,-70.0
1777889771.2203324,-9.0,-5.0,-73.0
1777889771.2303324,-8.0,-6.0,-71.0
1777889771.2403324,-2.0,-7.0,-74.0
1777889771.2503324,-3.0,-5.0,-77.0
1777889771.2603323,0.0,-6.0,-73.0
1777889771.2703323,3.0,-5.0,-76.0
1777889771.2803323,1.0,0.0,-73.0
1777889771.2903323,3.0,1.0,-74.0
1777889771.3003323,3.0,1.0,-71.0
1777889771.3103323,2.0,-1.0,-74.0
1777889771.3203323,-1.0,0.0,-71.0
1777889771.3303325,-5.0,3.0,-70.0
1777889771.3403325,-5.0,1.0,-72.0
1777889771.3503325,0.0,3.0,-79.0
1777889771.3603325,6.0,0.0,-78.0
1777889771.3703325,7.0,0.0,-83.0
1777889771.3803325,5.0,1.0,-86.0
1777889771.3903325,2.0,3.0,-85.0
1777889771.4003325,0.0,0.0,-90.0
1777889771.4103324,3.0,-5.0,-86.0
1777889771.4203324,4.0,-6.0,-81.0
1777889771.4303324,5.0,-5.0,-72.0
1777889771.4403324,2.0,-2.0,-70.0
1777889771.4503324,2.0,-3.0,-73.0
1777889771.4603324,1.0,-5.0,-75.0
1777889771.4703324,1.0,-7.0,-81.0
1777889771.4803324,1.0,-10.0,-79.0
1777889771.4903324,4.0,-8.0,-76.0
1777889771.5003324,4.0,-2.0,-75.0
1777889771.5103323,3.0,0.0,-75.0
1777889771.5203323,5.0,3.0,-70.0
1777889771.5303323,6.0,1.0,-72.0
1777889771.5403323,1.0,-2.0,-70.0
1777889771.5503323,-4.0,-3.0,-73.0
1777889771.5603323,-6.0,-2.0,-75.0
1777889771.5703323,-6.0,-2.0,-75.0
1777889771.5803325,-5.0,-5.0,-80.0
1777889771.5903325,-5.0,-2.0,-78.0
1777889771.6003325,-1.0,0.0,-80.0
1777889771.6103325,0.0,0.0,-75.0
1777889771.6203325,3.0,-2.0,-74.0
1777889771.6303325,3.0,-1.0,-78.0
1777889771.6403325,1.0,-3.0,-83.0
1777889771.6503325,0.0,-2.0,-78.0
1777889771.6603324,2.0,2.0,-73.0
1777889771.6703324,4.0,6.0,-65.0
1777889771.6803324,5.0,-1.0,-70.0
1777889771.6903324,5.0,-5.0,-69.0
1777889771.7003324,2.0,-10.0,-74.0
1777889771.7103324,-1.0,-10.0,-72.0
1777889771.7203324,-1.0,-12.0,-71.0
1777889771.7303324,0.0,-10.0,-70.0
1777889771.7403324,-1.0,-7.0,-75.0
1777889771.7503324,1.0,-10.0,-74.0
1777889771.7603323,0.0,-15.0,-77.0
1777889771.7703323,0.0,-14.0,-73.0
1777889771.7803323,0.0,-9.0,-78.0
1777889771.7903323,0.0,-8.0,-79.0
1777889771.8003323,3.0,-8.0,-84.0
1777889771.8103323,-5.0,-11.0,-84.0
1777889771.8203323,-7.0,-9.0,-81.0
1777889771.8303325,-6.0,-10.0,-82.0
1777889771.8403325,-3.0,-9.0,-77.0
1777889771.8503325,0.0,-10.0,-87.0
1777889771.8603325,0.0,-5.0,-85.0
1777889771.8703325,0.0,-7.0,-84.0
1777889771.8803325,0.0,-3.0,-84.0
1777889771.8903325,0.0,-2.0,-80.0
1777889771.9003325,-2.0,-2.0,-88.0
1777889771.9103324,-2.0,1.0,-80.0
1777889771.9203324,-7.0,2.0,-72.0
1777889771.9303324,-4.0,4.0,-70.0
1777889771.9403324,-1.0,1.0,-71.0
1777889771.9503324,-2.0,1.0,-76.0
1777889771.9603324,-2.0,-1.0,-78.0
1777889771.9703324,0.0,-1.0,-78.0
1777889771.9803324,0.0,-2.0,-79.0
1777889771.9903324,0.0,0.0,-72.0
1777889772.0003324,1.0,2.0,-70.0
1777889772.0103323,3.0,1.0,-67.0
1777889772.0203323,3.0,2.0,-69.0
1777889772.0303323,-3.0,0.0,-69.0
1777889772.0403323,-3.0,-3.0,-66.0
1777889772.0503323,0.0,-5.0,-72.0
1777889772.0603323,1.0,-3.0,-85.0
1777889772.0703323,0.0,-4.0,-86.0
1777889772.0803325,2.0,-4.0,-79.0
1777889772.0903325,0.0,-1.0,-76.0
1777889772.1003325,-3.0,2.0,-87.0
1777889772.1103325,-6.0,3.0,-87.0
1777889772.1203325,-6.0,1.0,-88.0
1777889772.1303325,-8.0,-1.0,-83.0
1777889772.1403325,-12.0,-2.0,-76.0
1777889772.1503325,-12.0,-4.0,-71.0
1777889772.1603324,-11.0,-2.0,-78.0
1777889772.1703324,-7.0,1.0,-75.0
1777889772.1803324,-5.0,0.0,-70.0
1777889772.1903324,-1.0,-1.0,-65.0
1777889772.2003324,1.0,-5.0,-59.0
1777889772.2113323,1.0,-8.0,-61.0
1777889772.2203324,0.0,-8.0,-64.0
1777889772.2313323,0.0,-2.0,-69.0
1777889772.2413323,-1.0,-2.0,-72.0
1777889772.2513323,4.0,0.0,-72.0
1777889772.2613325,8.0,-3.0,-78.0
1777889772.2713325,2.0,-2.0,-70.0
1777889772.2813325,3.0,-1.0,-69.0
1777889772.2913325,1.0,-1.0,-71.0
1777889772.3013325,-6.0,-1.0,-77.0
1777889772.3113325,-9.0,-2.0,-81.0
1777889772.3213325,-7.0,-1.0,-77.0
1777889772.3313324,0.0,0.0,-83.0
1777889772.3413324,0.0,0.0,-78.0
1777889772.3513324,3.0,0.0,-83.0
1777889772.3613324,7.0,-1.0,-81.0
1777889772.3713324,5.0,-3.0,-81.0
1777889772.3813324,5.0,-3.0,-82.0
1777889772.3913324,8.0,-7.0,-82.0
1777889772.4013324,9.0,-6.0,-75.0
1777889772.4113324,6.0,-5.0,-68.0
1777889772.4213324,5.0,-4.0,-74.0
1777889772.4313323,1.0,-2.0,-75.0
1777889772.4413323,2.0,-2.0,-73.0
1777889772.4513323,2.0,-4.0,-71.0
1777889772.4613323,2.0,-3.0,-78.0
1777889772.4713323,3.0,-3.0,-82.0
1777889772.4813323,2.0,0.0,-77.0
1777889772.4913323,2.0,0.0,-79.0
1777889772.5013323,1.0,0.0,-81.0
1777889772.5113325,0.0,3.0,-75.0
1777889772.5213325,2.0,7.0,-77.0
1777889772.5313325,5.0,9.0,-77.0
1777889772.5413325,3.0,4.0,-80.0
1777889772.5513325,0.0,3.0,-82.0
1777889772.5613325,-5.0,0.0,-77.0
1777889772.5713325,-6.0,3.0,-68.0
1777889772.5813324,-6.0,0.0,-73.0
1777889772.5913324,0.0,1.0,-73.0
1777889772.6013324,-1.0,4.0,-76.0
1777889772.6113324,0.0,4.0,-77.0
1777889772.6213324,-3.0,9.0,-72.0
1777889772.6313324,-3.0,6.0,-73.0
1777889772.6413324,0.0,2.0,-74.0
1777889772.6513324,0.0,0.0,-79.0
1777889772.6613324,1.0,-2.0,-79.0
1777889772.6713324,4.0,0.0,-71.0
1777889772.6813323,2.0,1.0,-72.0
1777889772.6913323,0.0,-3.0,-75.0
1777889772.7013323,-1.0,-2.0,-72.0
1777889772.7113323,2.0,0.0,-72.0
1777889772.7213323,3.0,0.0,-68.0
1777889772.7313323,0.0,0.0,-75.0
1777889772.7413323,0.0,2.0,-80.0
1777889772.7513323,2.0,-1.0,-75.0
1777889772.7613325,3.0,0.0,-75.0
1777889772.7713325,2.0,-4.0,-78.0
1777889772.7813325,1.0,-5.0,-79.0
1777889772.7913325,2.0,-3.0,-79.0
1777889772.8013325,0.0,-1.0,-77.0
1777889772.8113325,2.0,-3.0,-82.0
1777889772.8213325,1.0,-5.0,-84.0
1777889772.8313324,0.0,-5.0,-80.0
1777889772.8413324,2.0,0.0,-77.0
1777889772.8513324,0.0,5.0,-84.0
1777889772.8613324,1.0,9.0,-86.0
1777889772.8713324,5.0,5.0,-76.0
1777889772.8813324,3.0,0.0,-79.0
1777889772.8913324,0.0,0.0,-75.0
1777889772.9013324,0.0,0.0,-74.0
1777889772.9113324,0.0,-4.0,-72.0
1777889772.9213324,-2.0,-6.0,-72.0
1777889772.9313323,1.0,-4.0,-66.0
1777889772.9413323,1.0,-3.0,-65.0
1777889772.9513323,4.0,-3.0,-64.0
1777889772.9613323,0.0,-2.0,-63.0
1777889772.9713323,-1.0,1.0,-68.0
1777889772.9813323,-1.0,4.0,-67.0
1777889772.9913323,-2.0,0.0,-72.0
1777889773.0013323,-1.0,-1.0,-76.0
1777889773.0113325,1.0,0.0,-76.0
1777889773.0213325,0.0,-2.0,-80.0
1777889773.0313325,-2.0,0.0,-78.0
1777889773.0413325,-5.0,1.0,-76.0
1777889773.0513325,-7.0,1.0,-79.0
1777889773.0613325,-5.0,4.0,-75.0
1777889773.0713325,1.0,0.0,-69.0
1777889773.0813324,6.0,-2.0,-70.0
1777889773.0913324,2.0,-1.0,-66.0
1777889773.1013324,2.0,-2.0,-65.0
1777889773.1113324,6.0,-2.0,-72.0
1777889773.1213324,7.0,-3.0,-72.0
1777889773.1313324,2.0,-5.0,-67.0
1777889773.1413324,4.0,-4.0,-68.0
1777889773.1513324,4.0,-8.0,-77.0
1777889773.1613324,4.0,-6.0,-78.0
1777889773.1713324,0.0,-6.0,-76.0
1777889773.1813323,2.0,-5.0,-77.0
1777889773.1913323,0.0,-5.0,-68.0
1777889773.2013323,1.0,-4.0,-71.0
1777889773.2113323,0.0,-2.0,-72.0
1777889773.2213323,4.0,-1.0,-78.0
1777889773.2313323,3.0,0.0,-80.0
1777889773.2413323,4.0,0.0,-75.0
1777889773.2513323,5.0,1.0,-71.0
1777889773.2613325,6.0,-3.0,-67.0
1777889773.2713325,8.0,-2.0,-68.0
1777889773.2813325,6.0,-1.0,-62.0
1777889773.2913325,6.0,0.0,-65.0
1777889773.3013325,4.0,-2.0,-71.0
1777889773.3113325,2.0,-2.0,-70.0
1777889773.3213325,1.0,3.0,-74.0
1777889773.3313324,0.0,3.0,-73.0
1777889773.3413324,-1.0,5.0,-75.0
1777889773.3513324,0.0,0.0,-73.0
1777889773.3613324,0.0,0.0,-76.0
1777889773.3713324,-1.0,2.0,-74.0
1777889773.3813324,1.0,2.0,-71.0
1777889773.3913324,0.0,2.0,-79.0
1777889773.4013324,-4.0,1.0,-81.0
1777889773.4113324,-1.0,0.0,-79.0
1777889773.4213324,-3.0,4.0,-80.0
1777889773.4313323,1.0,1.0,-79.0
1777889773.4413323,0.0,0.0,-78.0
1777889773.4513323,3.0,0.0,-84.0
1777889773.4613323,0.0,0.0,-88.0
1777889773.4713323,0.0,-1.0,-80.0
1777889773.4813323,-4.0,-4.0,-76.0
1777889773.4913323,-4.0,-3.0,-73.0
1777889773.5013323,1.0,-2.0,-69.0
1777889773.5113325,0.0,0.0,-69.0
1777889773.5213325,0.0,3.0,-72.0
1777889773.5313325,2.0,4.0,-74.0
1777889773.5413325,1.0,8.0,-76.0
1777889773.5513325,0.0,10.0,-79.0
1777889773.5613325,4.0,8.0,-77.0
1777889773.5713325,6.0,6.0,-78.0
1777889773.5813324,7.0,1.0,-79.0
1777889773.5913324,0.0,3.0,-81.0
1777889773.6013324,3.0,6.0,-90.0
1777889773.6113324,0.0,10.0,-86.0
1777889773.6213324,-3.0,7.0,-83.0
1777889773.6313324,-3.0,3.0,-76.0
1777889773.6413324,-3.0,0.0,-73.0
1777889773.6513324,-1.0,-1.0,-70.0
1777889773.6613324,-1.0,0.0,-70.0
1777889773.6713324,0.0,-1.0,-65.0
1777889773.6813323,2.0,0.0,-64.0
1777889773.6913323,2.0,0.0,-64.0
1777889773.7013323,4.0,-2.0,-69.0
1777889773.7113323,3.0,-3.0,-67.0
1777889773.7213323,-2.0,0.0,-66.0
1777889773.7313323,-2.0,1.0,-67.0
1777889773.7413323,-2.0,-5.0,-72.0
1777889773.7513323,-2.0,-3.0,-80.0
1777889773.7613325,-6.0,-2.0,-80.0
1777889773.7713325,0.0,-6.0,-80.0
1777889773.7813325,1.0,-9.0,-81.0
1777889773.7913325,0.0,-5.0,-83.0
1777889773.8013325,0.0,-5.0,-84.0
1777889773.8113325,2.0,-3.0,-86.0
1777889773.8213325,4.0,-5.0,-88.0
1777889773.8313324,8.0,-2.0,-91.0
1777889773.8413324,5.0,-3.0,-83.0
1777889773.8513324,6.0,-2.0,-82.0
1777889773.8613324,6.0,-3.0,-86.0
1777889773.8713324,0.0,-2.0,-78.0
1777889773.8813324,4.0,-1.0,-74.0
1777889773.8913324,-1.0,0.0,-71.0
1777889773.9013324,2.0,3.0,-74.0
1777889773.9113324,2.0,0.0,-77.0
1777889773.9213324,3.0,1.0,-76.0
1777889773.9313323,1.0,1.0,-73.0
1777889773.9413323,4.0,1.0,-73.0
1777889773.9513323,6.0,2.0,-73.0
1777889773.9613323,6.0,3.0,-75.0
1777889773.9713323,7.0,2.0,-73.0
1777889773.9813323,5.0,3.0,-76.0
1777889773.9913323,4.0,1.0,-77.0
1777889774.0013323,6.0,-2.0,-80.0
1777889774.0113325,7.0,-2.0,-79.0
1777889774.0213325,3.0,-1.0,-82.0
1777889774.0313325,3.0,-2.0,-77.0
1777889774.0413325,-1.0,-3.0,-77.0
1777889774.0513325,-3.0,2.0,-78.0
1777889774.0613325,0.0,3.0,-80.0
1777889774.0713325,3.0,1.0,-80.0
1777889774.0813324,4.0,0.0,-86.0
1777889774.0913324,4.0,1.0,-92.0
1777889774.1013324,7.0,0.0,-85.0
1777889774.1113324,4.0,0.0,-77.0
1777889774.1213324,4.0,-1.0,-76.0
1777889774.1313324,2.0,1.0,-73.0
1777889774.1413324,-1.0,0.0,-75.0
1777889774.1513324,0.0,0.0,-74.0
1777889774.1613324,0.0,5.0,-75.0
1777889774.1723323,-1.0,1.0,-76.0
1777889774.1813323,-5.0,1.0,-74.0
1777889774.1913323,-6.0,0.0,-66.0
1777889774.2023325,-5.0,-5.0,-67.0
1777889774.2123325,-6.0,-4.0,-76.0
1777889774.2223325,0.0,-4.0,-77.0
1777889774.2323325,-2.0,-1.0,-70.0
1777889774.2423325,-4.0,0.0,-73.0
1777889774.2523324,0.0,0.0,-71.0
1777889774.2623324,0.0,-1.0,-79.0
1777889774.2723324,-1.0,4.0,-84.0
1777889774.2823324,-3.0,0.0,-83.0
1777889774.2923324,-4.0,-2.0,-89.0
1777889774.3023324,-2.0,-7.0,-86.0
1777889774.3123324,0.0,-3.0,-77.0
1777889774.3223324,-1.0,-2.0,-77.0
1777889774.3323324,-1.0,-2.0,-82.0
1777889774.3423324,-3.0,-1.0,-84.0
1777889774.3523324,-1.0,0.0,-82.0
1777889774.3623323,5.0,0.0,-81.0
1777889774.3723323,7.0,0.0,-85.0
1777889774.3823323,5.0,-2.0,-83.0
1777889774.3923323,2.0,-6.0,-74.0
1777889774.4023323,-2.0,-8.0,-72.0
1777889774.4123323,-2.0,-6.0,-73.0
1777889774.4223323,-3.0,-4.0,-73.0
1777889774.4323325,-5.0,-3.0,-70.0
1777889774.4423325,-4.0,-2.0,-71.0
1777889774.4523325,-3.0,-1.0,-71.0
1777889774.4623325,0.0,-6.0,-76.0
1777889774.4723325,2.0,-7.0,-67.0
1777889774.4823325,1.0,-5.0,-78.0
1777889774.4923325,-5.0,-2.0,-78.0
1777889774.5023324,-2.0,-1.0,-78.0
1777889774.5123324,1.0,-2.0,-82.0
1777889774.5223324,0.0,-2.0,-89.0
1777889774.5323324,-1.0,0.0,-85.0
1777889774.5423324,-3.0,0.0,-80.0
1777889774.5523324,-6.0,-1.0,-78.0
1777889774.5623324,-2.0,-4.0,-78.0
1777889774.5723324,-3.0,-2.0,-77.0
1777889774.5823324,1.0,-1.0,-79.0
1777889774.5923324,4.0,-2.0,-82.0
1777889774.6023324,6.0,-2.0,-79.0
1777889774.6123323,6.0,-1.0,-75.0
1777889774.6223323,10.0,-3.0,-73.0
1777889774.6323323,9.0,-4.0,-71.0
1777889774.6423323,10.0,-2.0,-74.0
1777889774.6523323,10.0,0.0,-69.0
1777889774.6623323,2.0,-1.0,-73.0
1777889774.6723323,0.0,0.0,-71.0
1777889774.6823325,1.0,-3.0,-64.0
1777889774.6923325,3.0,-3.0,-65.0
1777889774.7023325,0.0,-1.0,-64.0
1777889774.7123325,-2.0,-1.0,-67.0
1777889774.7223325,0.0,0.0,-74.0
1777889774.7323325,-6.0,0.0,-76.0
1777889774.7423325,-7.0,-2.0,-81.0
1777889774.7523324,-5.0,-1.0,-86.0
1777889774.7623324,0.0,0.0,-86.0
1777889774.7723324,1.0,0.0,-82.0
1777889774.7823324,3.0,-1.0,-85.0
1777889774.7923324,3.0,0.0,-79.0
1777889774.8023324,4.0,4.0,-76.0
1777889774.8123324,3.0,4.0,-77.0
1777889774.8223324,3.0,3.0,-73.0
1777889774.8323324,4.0,0.0,-72.0
1777889774.8423324,1.0,-3.0,-76.0
1777889774.8523324,4.0,0.0,-79.0
1777889774.8623323,4.0,-6.0,-79.0
1777889774.8723323,3.0,-6.0,-75.0
1777889774.8823323,0.0,-7.0,-73.0
1777889774.8923323,0.0,-8.0,-70.0
1777889774.9023323,0.0,-6.0,-68.0
1777889774.9123323,0.0,1.0,-72.0
1777889774.9223323,-2.0,0.0,-74.0
1777889774.9323325,0.0,0.0,-77.0
1777889774.9423325,3.0,0.0,-82.0
1777889774.9523325,1.0,-1.0,-84.0
1777889774.9623325,2.0,-1.0,-77.0
1777889774.9723325,4.0,0.0,-84.0
1777889774.9823325,5.0,0.0,-83.0
1777889774.9923325,6.0,-2.0,-84.0
1777889775.0023324,3.0,-2.0,-88.0
1777889775.0123324,6.0,-1.0,-83.0
1777889775.0223324,5.0,2.0,-80.0
1777889775.0323324,5.0,2.0,-79.0
1777889775.0423324,7.0,6.0,-77.0
1777889775.0523324,10.0,5.0,-76.0
1777889775.0623324,8.0,3.0,-78.0
1777889775.0723324,7.0,2.0,-73.0
1777889775.0823324,3.0,2.0,-72.0
1777889775.0923324,5.0,0.0,-73.0
1777889775.1023324,4.0,0.0,-70.0
1777889775.1123323,5.0,-1.0,-73.0
1777889775.1223323,5.0,-6.0,-78.0
1777889775.1323323,3.0,-6.0,-73.0
1777889775.1423323,0.0,-4.0,-70.0
1777889775.1523323,6.0,-1.0,-72.0
1777889775.1623323,8.0,0.0,-70.0
1777889775.1723323,9.0,0.0,-69.0
1777889775.1823325,7.0,-3.0,-70.0
1777889775.1923325,1.0,-4.0,-65.0
1777889775.2023325,5.0,-8.0,-66.0
1777889775.2123325,5.0,-9.0,-74.0
1777889775.2223325,3.0,-5.0,-71.0
1777889775.2323325,-1.0,-2.0,-70.0
1777889775.2423325,0.0,0.0,-71.0
1777889775.2523324,0.0,0.0,-71.0
1777889775.2623324,-1.0,4.0,-68.0
1777889775.2723324,-1.0,4.0,-72.0
1777889775.2823324,0.0,0.0,-73.0
1777889775.2923324,0.0,1.0,-70.0
1777889775.3023324,0.0,0.0,-72.0
1777889775.3123324,0.0,0.0,-74.0
1777889775.3223324,-1.0,0.0,-71.0
1777889775.3323324,-4.0,-2.0,-74.0
1777889775.3423324,-4.0,-7.0,-75.0
1777889775.3523324,-5.0,-2.0,-76.0
1777889775.3623323,-2.0,0.0,-72.0
1777889775.3723323,-4.0,0.0,-68.0
1777889775.3823323,-7.0,0.0,-77.0
1777889775.3923323,-6.0,-2.0,-74.0
1777889775.4023323,-1.0,0.0,-74.0
1777889775.4123323,-3.0,2.0,-76.0
1777889775.4223323,-3.0,0.0,-76.0
1777889775.4323325,-4.0,-2.0,-73.0
1777889775.4423325,0.0,-2.0,-76.0
1777889775.4523325,2.0,-1.0,-76.0
1777889775.4623325,2.0,1.0,-84.0
1777889775.4723325,3.0,0.0,-79.0
1777889775.4823325,2.0,-1.0,-84.0
1777889775.4923325,3.0,0.0,-78.0
1777889775.5023324,4.0,-2.0,-74.0
1777889775.5123324,8.0,0.0,-68.0
1777889775.5223324,8.0,0.0,-69.0
1777889775.5323324,4.0,0.0,-76.0
1777889775.5423324,4.0,-2.0,-69.0
1777889775.5523324,1.0,-3.0,-68.0
1777889775.5623324,3.0,-4.0,-76.0
1777889775.5723324,8.0,-10.0,-73.0
1777889775.5823324,12.0,-8.0,-70.0
1777889775.5923324,13.0,-5.0,-78.0
1777889775.6023324,10.0,-8.0,-80.0
1777889775.6123323,4.0,-5.0,-86.0
1777889775.6223323,6.0,-3.0,-81.0
1777889775.6323323,6.0,-4.0,-82.0
1777889775.6423323,9.0,0.0,-80.0
1777889775.6523323,7.0,-1.0,-82.0
1777889775.6623323,5.0,0.0,-84.0
1777889775.6723323,4.0,1.0,-87.0
1777889775.6823325,6.0,2.0,-76.0
1777889775.6923325,7.0,0.0,-78.0
1777889775.7023325,8.0,0.0,-84.0
1777889775.7123325,9.0,0.0,-78.0
1777889775.7223325,3.0,-1.0,-76.0
1777889775.7323325,0.0,2.0,-78.0
1777889775.7423325,0.0,4.0,-72.0
1777889775.7523324,0.0,4.0,-76.0
1777889775.7623324,-2.0,7.0,-77.0
1777889775.7723324,-4.0,7.0,-78.0
1777889775.7823324,-5.0,3.0,-81.0
1777889775.7923324,-8.0,1.0,-79.0
1777889775.8023324,-4.0,-2.0,-87.0
1777889775.8123324,-2.0,-4.0,-84.0
1777889775.8223324,-1.0,-1.0,-78.0
1777889775.8323324,-3.0,-5.0,-63.0
1777889775.8423324,-6.0,-5.0,-65.0
1777889775.8523324,-1.0,-1.0,-69.0
1777889775.8623323,-4.0,-3.0,-66.0
1777889775.8723323,-5.0,-5.0,-65.0
1777889775.8823323,-7.0,-2.0,-65.0
1777889775.8923323,-4.0,-2.0,-67.0
1777889775.9023323,-6.0,1.0,-68.0
1777889775.9123323,-5.0,1.0,-71.0
1777889775.9223323,-6.0,-1.0,-74.0
1777889775.9323325,-5.0,0.0,-74.0
1777889775.9423325,-4.0,2.0,-77.0
1777889775.9523325,-5.0,0.0,-80.0
1777889775.9623325,-3.0,-3.0,-74.0
1777889775.9723325,-3.0,-4.0,-73.0
1777889775.9823325,0.0,-3.0,-70.0
1777889775.9923325,0.0,0.0,-75.0
1777889776.0023324,0.0,0.0,-74.0
1777889776.0123324,0.0,0.0,-73.0
1777889776.0223324,-1.0,0.0,-67.0
1777889776.0323324,1.0,2.0,-67.0
1777889776.0423324,4.0,3.0,-68.0
1777889776.0523324,10.0,6.0,-65.0
1777889776.0623324,13.0,6.0,-72.0
1777889776.0723324,12.0,6.0,-71.0
1777889776.0823324,6.0,5.0,-67.0
1777889776.0923324,2.0,2.0,-75.0
1777889776.1023324,-2.0,0.0,-76.0
1777889776.1123323,0.0,5.0,-77.0
1777889776.1223323,0.0,4.0,-78.0
1777889776.1323323,0.0,4.0,-80.0
1777889776.1423323,0.0,5.0,-77.0
1777889776.1533325,-3.0,5.0,-72.0
1777889776.1623323,-2.0,9.0,-81.0
1777889776.1733325,-4.0,8.0,-88.0
1777889776.1833324,-2.0,8.0,-83.0
1777889776.1933324,-1.0,6.0,-79.0
1777889776.2033324,-1.0,4.0,-84.0
1777889776.2133324,0.0,5.0,-90.0
1777889776.2233324,-1.0,4.0,-84.0
1777889776.2333324,-3.0,0.0,-76.0
1777889776.2433324,-3.0,0.0,-80.0
1777889776.2533324,-4.0,-1.0,-76.0
1777889776.2633324,-1.0,-1.0,-70.0
1777889776.2733324,1.0,-3.0,-65.0
1777889776.2833323,5.0,0.0,-63.0
1777889776.2933323,3.0,1.0,-59.0
1777889776.3033323,0.0,1.0,-65.0
1777889776.3133323,1.0,2.0,-61.0
1777889776.3233323,0.0,1.0,-63.0
1777889776.3333323,-1.0,2.0,-58.0
1777889776.3433323,-5.0,2.0,-63.0
1777889776.3533323,-7.0,2.0,-74.0
1777889776.3633325,-3.0,4.0,-76.0
1777889776.3733325,1.0,1.0,-74.0
1777889776.3833325,-1.0,0.0,-68.0
1777889776.3933325,-1.0,1.0,-69.0
1777889776.4033325,0.0,1.0,-72.0
1777889776.4133325,0.0,-1.0,-75.0
1777889776.4233325,-4.0,-3.0,-73.0
1777889776.4333324,-1.0,-2.0,-76.0
1777889776.4433324,-2.0,-2.0,-78.0
1777889776.4533324,-1.0,-2.0,-69.0
1777889776.4633324,2.0,-2.0,-67.0
1777889776.4733324,4.0,2.0,-65.0
1777889776.4833324,6.0,2.0,-68.0
1777889776.4933324,3.0,1.0,-67.0
1777889776.5033324,3.0,1.0,-63.0
1777889776.5133324,0.0,2.0,-60.0
1777889776.5233324,2.0,-1.0,-66.0
1777889776.5333323,5.0,-2.0,-69.0
1777889776.5433323,0.0,0.0,-75.0
1777889776.5533323,-3.0,1.0,-76.0
1777889776.5633323,-4.0,-2.0,-75.0
1777889776.5733323,-3.0,-3.0,-76.0
1777889776.5833323,-5.0,-8.0,-79.0
1777889776.5933323,-6.0,-13.0,-78.0
1777889776.6033323,-3.0,-9.0,-82.0
1777889776.6133325,-2.0,-6.0,-78.0
1777889776.6233325,0.0,-1.0,-81.0
1777889776.6333325,-1.0,-2.0,-79.0
1777889776.6443324,1.0,-1.0,-82.0
1777889776.6533325,2.0,-1.0,-79.0
1777889776.6633325,2.0,-6.0,-79.0
1777889776.6733325,-3.0,-9.0,-80.0
1777889776.6833324,-3.0,-4.0,-81.0
1777889776.6933324,-6.0,0.0,-78.0
1777889776.7033324,-10.0,-1.0,-76.0
1777889776.7133324,-8.0,-1.0,-75.0
1777889776.7233324,-9.0,0.0,-72.0
1777889776.7333324,-9.0,-1.0,-81.0
1777889776.7433324,-12.0,-3.0,-80.0
1777889776.7533324,-10.0,-7.0,-72.0
1777889776.7633324,-3.0,-5.0,-70.0
1777889776.7733324,0.0,-2.0,-73.0
1777889776.7833323,7.0,0.0,-75.0
1777889776.7933323,9.0,1.0,-70.0
1777889776.8033323,8.0,0.0,-71.0
1777889776.8133323,4.0,2.0,-71.0
1777889776.8233323,4.0,0.0,-66.0
1777889776.8333323,2.0,-1.0,-64.0
1777889776.8433323,0.0,-4.0,-64.0
1777889776.8533323,6.0,-2.0,-72.0
1777889776.8633325,4.0,-1.0,-73.0
1777889776.8733325,1.0,-4.0,-75.0
1777889776.8833325,0.0,-3.0,-79.0
1777889776.8933325,0.0,-1.0,-78.0
1777889776.9033325,1.0,1.0,-77.0
1777889776.9133325,1.0,-3.0,-75.0
1777889776.9233325,1.0,0.0,-73.0
1777889776.9333324,2.0,3.0,-77.0
1777889776.9433324,4.0,2.0,-77.0
1777889776.9533324,0.0,2.0,-80.0
1777889776.9633324,-1.0,-1.0,-84.0
1777889776.9733324,1.0,0.0,-84.0
1777889776.9833324,6.0,0.0,-88.0
1777889776.9933324,3.0,-1.0,-82.0
1777889777.0033324,3.0,0.0,-81.0
1777889777.0133324,0.0,-3.0,-82.0
1777889777.0233324,-2.0,1.0,-81.0
1777889777.0333323,-1.0,2.0,-75.0
1777889777.0433323,1.0,4.0,-74.0
1777889777.0533323,3.0,6.0,-71.0
1777889777.0633323,3.0,5.0,-71.0
1777889777.0733323,0.0,4.0,-74.0
1777889777.0833323,2.0,4.0,-70.0
1777889777.0933323,-1.0,6.0,-70.0
1777889777.1033323,-1.0,6.0,-66.0
1777889777.1133325,1.0,1.0,-63.0
1777889777.1233325,0.0,3.0,-67.0
1777889777.1333325,-3.0,0.0,-67.0
1777889777.1433325,-5.0,-3.0,-72.0
1777889777.1533325,-4.0,-7.0,-75.0
1777889777.1633325,-2.0,-10.0,-78.0
1777889777.1733325,0.0,-2.0,-76.0
1777889777.1833324,0.0,0.0,-69.0
1777889777.1933324,0.0,-3.0,-73.0
1777889777.2033324,6.0,-5.0,-77.0
1777889777.2133324,7.0,-2.0,-78.0
1777889777.2233324,6.0,-2.0,-76.0
1777889777.2333324,5.0,0.0,-75.0
1777889777.2433324,5.0,1.0,-75.0
1777889777.2533324,1.0,1.0,-75.0
1777889777.2633324,0.0,2.0,-75.0
1777889777.2733324,-2.0,2.0,-79.0
1777889777.2833323,-2.0,0.0,-79.0
1777889777.2933323,-2.0,0.0,-73.0
1777889777.3033323,0.0,0.0,-68.0
1777889777.3133323,-3.0,0.0,-68.0
1777889777.3233323,-2.0,0.0,-72.0
1777889777.3333323,-2.0,-3.0,-70.0
1777889777.3433323,-2.0,-4.0,-70.0
1777889777.3533323,-2.0,-5.0,-74.0
1777889777.3633325,-5.0,-3.0,-66.0
1777889777.3733325,-1.0,0.0,-68.0
1777889777.3833325,0.0,5.0,-68.0
1777889777.3933325,-1.0,4.0,-69.0
1777889777.4033325,-1.0,4.0,-73.0
1777889777.4133325,-3.0,2.0,-67.0
1777889777.4233325,-2.0,3.0,-69.0
1777889777.4333324,-1.0,2.0,-73.0
1777889777.4433324,-5.0,-1.0,-69.0
1777889777.4533324,-3.0,-2.0,-72.0
1777889777.4633324,-4.0,-2.0,-76.0
1777889777.4733324,-6.0,-1.0,-64.0
1777889777.4833324,-9.0,-2.0,-61.0
1777889777.4933324,0.0,-3.0,-61.0
1777889777.5033324,3.0,-3.0,-64.0
1777889777.5133324,3.0,-3.0,-62.0
1777889777.5233324,2.0,-10.0,-60.0
1777889777.5333323,-1.0,-9.0,-66.0
1777889777.5433323,0.0,-9.0,-66.0
1777889777.5533323,3.0,-8.0,-72.0
1777889777.5633323,0.0,-4.0,-72.0
1777889777.5733323,1.0,-1.0,-79.0
1777889777.5833323,5.0,-3.0,-80.0
1777889777.5933323,12.0,-6.0,-86.0
1777889777.6033323,7.0,-5.0,-83.0
1777889777.6133325,6.0,-4.0,-82.0
1777889777.6233325,4.0,-2.0,-86.0
1777889777.6333325,7.0,1.0,-81.0
1777889777.6433325,6.0,4.0,-80.0
1777889777.6533325,9.0,5.0,-79.0
1777889777.6633325,9.0,4.0,-74.0
1777889777.6733325,5.0,9.0,-74.0
1777889777.6833324,2.0,8.0,-74.0
1777889777.6933324,1.0,8.0,-74.0
1777889777.7033324,2.0,6.0,-79.0
1777889777.7133324,4.0,4.0,-76.0
1777889777.7233324,2.0,8.0,-74.0
1777889777.7333324,6.0,5.0,-74.0
1777889777.7433324,9.0,3.0,-74.0
1777889777.7533324,8.0,1.0,-72.0
1777889777.7633324,5.0,-2.0,-69.0
1777889777.7733324,8.0,-3.0,-67.0
1777889777.7833323,7.0,-6.0,-67.0
1777889777.7933323,6.0,-2.0,-72.0
1777889777.8033323,4.0,-2.0,-74.0
1777889777.8133323,9.0,-6.0,-77.0
1777889777.8233323,9.0,-3.0,-75.0
1777889777.8333323,10.0,-1.0,-72.0
1777889777.8433323,5.0,-1.0,-76.0
1777889777.8533323,3.0,2.0,-73.0
1777889777.8633325,2.0,3.0,-73.0
1777889777.8733325,0.0,3.0,-67.0
1777889777.8843324,0.0,3.0,-65.0
1777889777.8933325,3.0,3.0,-69.0
1777889777.9033325,3.0,2.0,-80.0
1777889777.9133325,2.0,0.0,-80.0
1777889777.9233325,5.0,0.0,-83.0
1777889777.9333324,1.0,-1.0,-85.0
1777889777.9433324,0.0,-1.0,-79.0
1777889777.9533324,1.0,-2.0,-68.0
1777889777.9633324,-2.0,-1.0,-73.0
1777889777.9733324,0.0,0.0,-79.0
1777889777.9833324,0.0,0.0,-78.0
1777889777.9933324,-2.0,0.0,-77.0
1777889778.0033324,-1.0,-6.0,-76.0
1777889778.0133324,0.0,-3.0,-71.0
1777889778.0233324,1.0,2.0,-72.0
1777889778.0333323,-1.0,4.0,-78.0
1777889778.0433323,2.0,2.0,-72.0
1777889778.0533323,0.0,0.0,-77.0
1777889778.0633323,-1.0,-1.0,-66.0
1777889778.0733323,0.0,1.0,-66.0
1777889778.0833323,2.0,1.0,-71.0
1777889778.0933323,-1.0,-1.0,-69.0
1777889778.1033323,-3.0,0.0,-77.0
1777889778.1133325,-2.0,-1.0,-76.0
1777889778.1233325,0.0,-2.0,-81.0
1777889778.1333325,1.0,-3.0,-87.0
1777889778.1433325,-2.0,-6.0,-91.0
1777889778.1533325,-2.0,-4.0,-86.0
1777889778.1633325,-5.0,-2.0,-81.0
1777889778.1743324,-3.0,-6.0,-76.0
1777889778.1843324,0.0,-3.0,-71.0
1777889778.1943324,-4.0,-1.0,-70.0
1777889778.2043324,-4.0,0.0,-76.0
1777889778.2143323,-5.0,1.0,-80.0
1777889778.2243323,-1.0,1.0,-83.0
1777889778.2343323,0.0,1.0,-83.0
1777889778.2443323,-1.0,1.0,-82.0
1777889778.2543323,3.0,-1.0,-81.0
1777889778.2643323,9.0,-2.0,-80.0
1777889778.2743323,6.0,-7.0,-79.0
1777889778.2843325,5.0,-1.0,-79.0
1777889778.2943325,6.0,2.0,-78.0
1777889778.3043325,7.0,4.0,-75.0
1777889778.3143325,2.0,5.0,-70.0
1777889778.3243325,4.0,1.0,-66.0
1777889778.3343325,0.0,0.0,-66.0
1777889778.3443325,-4.0,-2.0,-76.0
1777889778.3543324,-4.0,0.0,-78.0
1777889778.3643324,-8.0,4.0,-76.0
1777889778.3743324,-6.0,3.0,-76.0
1777889778.3843324,-4.0,0.0,-76.0
1777889778.3943324,-3.0,-1.0,-71.0
1777889778.4043324,0.0,0.0,-74.0
1777889778.4143324,2.0,0.0,-81.0
1777889778.4243324,3.0,-4.0,-86.0
1777889778.4343324,4.0,-1.0,-83.0
1777889778.4443324,2.0,-4.0,-79.0
1777889778.4543324,3.0,-7.0,-83.0
1777889778.4643323,-1.0,-7.0,-87.0
1777889778.4743323,0.0,-8.0,-89.0
1777889778.4843323,3.0,-4.0,-88.0
1777889778.4943323,-1.0,-6.0,-82.0
1777889778.5043323,-3.0,-4.0,-75.0
1777889778.5143323,-4.0,-4.0,-83.0
1777889778.5243323,-2.0,-3.0,-78.0
1777889778.5343325,0.0,0.0,-79.0
1777889778.5443325,-4.0,-2.0,-90.0
1777889778.5543325,-1.0,-3.0,-81.0
1777889778.5643325,-3.0,-5.0,-88.0
1777889778.5743325,-2.0,-2.0,-88.0
1777889778.5843325,-4.0,-1.0,-81.0
1777889778.5943325,-3.0,-2.0,-75.0
1777889778.6043324,-1.0,-6.0,-76.0
1777889778.6143324,1.0,-6.0,-77.0
1777889778.6243324,0.0,-1.0,-73.0
1777889778.6343324,-3.0,2.0,-71.0
1777889778.6443324,1.0,0.0,-76.0
1777889778.6543324,1.0,-4.0,-79.0
1777889778.6643324,-2.0,-7.0,-83.0
1777889778.6743324,0.0,-3.0,-84.0
1777889778.6843324,2.0,-7.0,-80.0
1777889778.6943324,6.0,-3.0,-69.0
1777889778.7043324,4.0,-9.0,-69.0
1777889778.7143323,-2.0,-10.0,-65.0
1777889778.7243323,-6.0,-9.0,-64.0
1777889778.7343323,-4.0,-10.0,-66.0
1777889778.7443323,-3.0,-10.0,-70.0
1777889778.7543323,0.0,-13.0,-75.0
1777889778.7643323,-2.0,-15.0,-74.0
1777889778.7743323,-1.0,-11.0,-68.0
1777889778.7843325,-2.0,-6.0,-65.0
1777889778.7943325,-4.0,0.0,-65.0
1777889778.8043325,-3.0,-2.0,-57.0
1777889778.8143325,-2.0,-2.0,-65.0
1777889778.8243325,-6.0,-3.0,-71.0
1777889778.8343325,-6.0,0.0,-78.0
1777889778.8443325,7.0,0.0,-83.0
1777889778.8543324,1.0,0.0,-79.0
1777889778.8643324,0.0,1.0,-80.0
1777889778.8743324,2.0,-1.0,-76.0
1777889778.8843324,5.0,-3.0,-77.0
1777889778.8943324,6.0,-3.0,-76.0
1777889778.9043324,3.0,-4.0,-81.0
1777889778.9143324,-3.0,-2.0,-84.0
1777889778.9243324,-5.0,0.0,-86.0
1777889778.9343324,-2.0,-2.0,-86.0
1777889778.9443324,-1.0,-4.0,-87.0
1777889778.9543324,-5.0,-3.0,-83.0
1777889778.9643323,0.0,0.0,-81.0
1777889778.9743323,4.0,-2.0,-74.0
1777889778.9843323,5.0,-3.0,-69.0
1777889778.9943323,0.0,-3.0,-69.0
1777889779.0043323,0.0,-4.0,-75.0
1777889779.0143323,-6.0,-5.0,-84.0
1777889779.0243323,-5.0,-10.0,-82.0
1777889779.0343325,-2.0,-7.0,-77.0
1777889779.0443325,-3.0,-8.0,-83.0
1777889779.0543325,-3.0,-4.0,-84.0
1777889779.0643325,0.0,-3.0,-77.0
1777889779.0743325,4.0,-2.0,-69.0
1777889779.0843325,4.0,-3.0,-68.0
1777889779.0943325,0.0,0.0,-67.0
1777889779.1043324,0.0,-2.0,-72.0
1777889779.1143324,-4.0,-4.0,-70.0
1777889779.1243324,-3.0,-5.0,-70.0
1777889779.1343324,0.0,-6.0,-68.0
1777889779.1443324,3.0,-1.0,-62.0
1777889779.1543324,4.0,-5.0,-66.0
1777889779.1643324,4.0,-5.0,-66.0
1777889779.1743324,7.0,-8.0,-66.0
1777889779.1843324,7.0,-9.0,-70.0
1777889779.1943324,4.0,-7.0,-80.0
1777889779.2043324,0.0,-9.0,-75.0
1777889779.2143323,-2.0,-6.0,-74.0
1777889779.2243323,0.0,-7.0,-74.0
1777889779.2343323,0.0,-4.0,-71.0
1777889779.2443323,2.0,0.0,-67.0
1777889779.2543323,0.0,-2.0,-73.0
1777889779.2643323,2.0,-5.0,-76.0
1777889779.2743323,-1.0,-3.0,-80.0
1777889779.2843325,3.0,-6.0,-87.0
1777889779.2943325,5.0,-9.0,-81.0
1777889779.3043325,10.0,-6.0,-75.0
1777889779.3143325,13.0,-7.0,-75.0
1777889779.3243325,10.0,-4.0,-76.0
1777889779.3343325,11.0,-3.0,-75.0
1777889779.3443325,4.0,-2.0,-75.0
1777889779.3543324,0.0,0.0,-75.0
1777889779.3643324,3.0,3.0,-75.0
1777889779.3743324,0.0,2.0,-71.0
1777889779.3843324,-6.0,2.0,-74.0
1777889779.3943324,-6.0,0.0,-72.0
1777889779.4043324,-6.0,0.0,-74.0
1777889779.4143324,-4.0,1.0,-73.0
1777889779.4243324,-5.0,3.0,-72.0
1777889779.4343324,-2.0,5.0,-73.0
1777889779.4443324,1.0,4.0,-74.0
1777889779.4543324,4.0,1.0,-77.0
1777889779.4643323,4.0,0.0,-74.0
1777889779.4743323,0.0,-4.0,-75.0
1777889779.4843323,-3.0,-4.0,-72.0
1777889779.4943323,-3.0,0.0,-78.0
1777889779.5043323,-3.0,-2.0,-78.0
1777889779.5143323,-1.0,-4.0,-78.0
1777889779.5243323,-3.0,-5.0,-78.0
1777889779.5343325,-5.0,-4.0,-76.0
1777889779.5443325,-3.0,-2.0,-76.0
1777889779.5543325,-1.0,-2.0,-73.0
1777889779.5643325,-3.0,-6.0,-75.0
1777889779.5743325,0.0,-5.0,-76.0
1777889779.5843325,0.0,-5.0,-83.0
1777889779.5943325,-2.0,-4.0,-82.0
1777889779.6043324,-3.0,-2.0,-84.0
1777889779.6143324,0.0,1.0,-76.0
1777889779.6243324,-9.0,1.0,-76.0
1777889779.6343324,-5.0,5.0,-80.0
1777889779.6443324,0.0,2.0,-78.0
1777889779.6543324,-1.0,-3.0,-75.0
1777889779.6643324,-7.0,-3.0,-71.0
1777889779.6743324,-3.0,-4.0,-71.0
1777889779.6843324,-1.0,-1.0,-79.0
1777889779.6943324,-1.0,-2.0,-76.0
1777889779.7043324,0.0,-3.0,-75.0
1777889779.7143323,2.0,-3.0,-76.0
1777889779.7243323,1.0,-1.0,-80.0
1777889779.7343323,-1.0,0.0,-77.0
1777889779.7443323,1.0,-5.0,-79.0
1777889779.7543323,5.0,-3.0,-80.0
1777889779.7643323,3.0,-6.0,-80.0
1777889779.7743323,3.0,-7.0,-78.0
1777889779.7843325,4.0,-12.0,-71.0
1777889779.7943325,9.0,-8.0,-76.0
1777889779.8043325,5.0,-3.0,-72.0
1777889779.8143325,3.0,-2.0,-73.0
1777889779.8243325,7.0,0.0,-77.0
1777889779.8343325,6.0,3.0,-74.0
1777889779.8443325,4.0,0.0,-74.0
1777889779.8543324,4.0,-3.0,-71.0
1777889779.8643324,4.0,-3.0,-71.0
1777889779.8743324,7.0,-7.0,-69.0
1777889779.8843324,10.0,-9.0,-70.0
1777889779.8943324,4.0,-11.0,-75.0
1777889779.9043324,0.0,-13.0,-74.0
1777889779.9143324,0.0,-13.0,-70.0
1777889779.9243324,-2.0,-11.0,-71.0
1777889779.9343324,0.0,-6.0,-76.0
1777889779.9443324,2.0,-1.0,-75.0
1777889779.9543324,2.0,-1.0,-70.0
1777889779.9643323,1.0,-3.0,-73.0
1777889779.9743323,0.0,-1.0,-73.0
1777889779.9843323,0.0,-4.0,-70.0
1777889779.9943323,2.0,-4.0,-70.0
1777889780.0043323,-1.0,-5.0,-68.0
1777889780.0143323,0.0,-4.0,-68.0
1777889780.0243323,-2.0,-3.0,-68.0
1777889780.0343325,-1.0,-2.0,-71.0
1777889780.0443325,-2.0,0.0,-71.0
1777889780.0543325,-2.0,0.0,-74.0
1777889780.0643325,-2.0,0.0,-74.0
1777889780.0743325,0.0,-2.0,-75.0
1777889780.0843325,0.0,-8.0,-72.0
1777889780.0943325,3.0,-7.0,-81.0
1777889780.1053324,0.0,-6.0,-81.0
1777889780.1143324,3.0,-5.0,-86.0
1777889780.1243324,7.0,-4.0,-87.0
1777889780.1353323,4.0,-5.0,-87.0
1777889780.1443324,7.0,-6.0,-93.0
1777889780.1553323,1.0,-4.0,-91.0
1777889780.1653323,-2.0,-3.0,-91.0
1777889780.1753323,-2.0,-3.0,-89.0
1777889780.1853323,0.0,0.0,-88.0
1777889780.1953323,0.0,1.0,-83.0
1777889780.2053325,3.0,6.0,-82.0
1777889780.2153325,0.0,3.0,-84.0
1777889780.2253325,0.0,0.0,-81.0
1777889780.2353325,3.0,0.0,-75.0
1777889780.2453325,4.0,3.0,-77.0
1777889780.2553325,5.0,1.0,-73.0
1777889780.2653325,6.0,0.0,-65.0
1777889780.2753325,7.0,0.0,-68.0
1777889780.2853324,10.0,2.0,-70.0
1777889780.2953324,7.0,4.0,-72.0
1777889780.3053324,8.0,6.0,-73.0
1777889780.3153324,5.0,3.0,-77.0
1777889780.3253324,0.0,2.0,-79.0
1777889780.3353324,0.0,2.0,-73.0
1777889780.3453324,2.0,3.0,-72.0
1777889780.3553324,3.0,2.0,-67.0
1777889780.3653324,-1.0,-1.0,-71.0
1777889780.3753324,0.0,-3.0,-73.0
1777889780.3853323,-2.0,-3.0,-73.0
1777889780.3953323,-3.0,-2.0,-74.0
1777889780.4053323,3.0,-3.0,-74.0
1777889780.4153323,8.0,-6.0,-73.0
1777889780.4253323,11.0,-5.0,-74.0
1777889780.4353323,5.0,-6.0,-75.0
1777889780.4453323,7.0,-8.0,-71.0
1777889780.4553325,9.0,-12.0,-73.0
1777889780.4653325,3.0,-9.0,-73.0
1777889780.4753325,8.0,-7.0,-71.0
1777889780.4853325,5.0,-8.0,-69.0
1777889780.4953325,2.0,-4.0,-72.0
1777889780.5053325,4.0,-2.0,-69.0
1777889780.5153325,5.0,1.0,-71.0
1777889780.5253325,6.0,1.0,-68.0
1777889780.5353324,8.0,2.0,-72.0
1777889780.5453324,6.0,2.0,-73.0
1777889780.5553324,0.0,2.0,-72.0
1777889780.5653324,1.0,2.0,-75.0
1777889780.5753324,0.0,1.0,-72.0
1777889780.5853324,1.0,1.0,-67.0
1777889780.5953324,0.0,0.0,-73.0
1777889780.6053324,1.0,1.0,-74.0
1777889780.6153324,2.0,2.0,-78.0
1777889780.6253324,2.0,0.0,-79.0
1777889780.6353323,4.0,-2.0,-81.0
1777889780.6453323,8.0,-3.0,-74.0
1777889780.6553323,1.0,-1.0,-71.0
1777889780.6653323,-5.0,-3.0,-73.0
1777889780.6753323,-5.0,-2.0,-71.0
1777889780.6863325,-4.0,2.0,-73.0
1777889780.6953323,-2.0,0.0,-69.0
1777889780.7053325,-2.0,-2.0,-60.0
1777889780.7153325,0.0,0.0,-59.0
1777889780.7253325,-1.0,0.0,-56.0
1777889780.7353325,-3.0,0.0,-58.0
1777889780.7453325,-3.0,0.0,-57.0
1777889780.7553325,-2.0,1.0,-62.0
1777889780.7653325,-3.0,-2.0,-61.0
1777889780.7753325,2.0,-1.0,-60.0
1777889780.7853324,6.0,1.0,-59.0
1777889780.7953324,3.0,3.0,-63.0
1777889780.8053324,4.0,0.0,-73.0
1777889780.8153324,0.0,0.0,-74.0
1777889780.8253324,4.0,1.0,-74.0
1777889780.8353324,5.0,2.0,-74.0
1777889780.8453324,5.0,4.0,-72.0
1777889780.8553324,7.0,0.0,-67.0
1777889780.8653324,7.0,-2.0,-65.0
1777889780.8753324,7.0,-2.0,-61.0
1777889780.8853323,6.0,1.0,-61.0
1777889780.8953323,3.0,0.0,-61.0
1777889780.9053323,2.0,0.0,-63.0
1777889780.9153323,4.0,3.0,-68.0
1777889780.9253323,3.0,4.0,-70.0
1777889780.9353323,3.0,8.0,-67.0
1777889780.9453323,0.0,4.0,-75.0
1777889780.9553325,-1.0,2.0,-73.0
1777889780.9653325,-4.0,2.0,-73.0
1777889780.9753325,-10.0,2.0,-73.0
1777889780.9853325,-9.0,-2.0,-70.0
1777889780.9953325,-10.0,-3.0,-75.0
1777889781.0053325,-6.0,-3.0,-70.0
1777889781.0153325,-6.0,-2.0,-71.0
1777889781.0253325,-1.0,-4.0,-71.0
1777889781.0353324,-3.0,-4.0,-75.0
1777889781.0453324,-1.0,-5.0,-76.0
1777889781.0553324,1.0,0.0,-74.0
1777889781.0653324,4.0,0.0,-72.0
1777889781.0753324,0.0,1.0,-78.0
1777889781.0853324,1.0,4.0,-77.0
1777889781.0953324,0.0,3.0,-71.0
1777889781.1053324,-1.0,-1.0,-71.0
1777889781.1153324,-3.0,-2.0,-71.0
1777889781.1253324,3.0,0.0,-79.0
1777889781.1353323,2.0,1.0,-80.0
1777889781.1453323,5.0,1.0,-75.0
1777889781.1553323,5.0,0.0,-74.0
1777889781.1653323,8.0,-2.0,-77.0
1777889781.1753323,8.0,0.0,-75.0
1777889781.1853323,0.0,-5.0,-72.0
1777889781.1953323,-2.0,-5.0,-70.0
1777889781.2053325,-5.0,-4.0,-73.0
1777889781.2153325,-2.0,-4.0,-74.0
1777889781.2253325,0.0,-3.0,-71.0
1777889781.2353325,-2.0,-6.0,-69.0
1777889781.2453325,0.0,-7.0,-71.0
1777889781.2553325,0.0,-5.0,-74.0
1777889781.2653325,0.0,-5.0,-72.0
1777889781.2753325,3.0,-4.0,-70.0
1777889781.2853324,6.0,-5.0,-66.0
1777889781.2953324,0.0,-1.0,-67.0
1777889781.3053324,-4.0,0.0,-70.0
1777889781.3153324,-7.0,-2.0,-64.0
1777889781.3253324,-1.0,-3.0,-75.0
1777889781.3353324,0.0,-1.0,-76.0
1777889781.3453324,1.0,-2.0,-76.0
1777889781.3553324,4.0,0.0,-77.0
1777889781.3653324,4.0,-1.0,-76.0
1777889781.3753324,5.0,-2.0,-74.0
1777889781.3853323,3.0,-4.0,-67.0
1777889781.3953323,5.0,2.0,-68.0
1777889781.4053323,4.0,4.0,-71.0
1777889781.4153323,3.0,4.0,-72.0
1777889781.4253323,-1.0,3.0,-72.0
1777889781.4353323,1.0,4.0,-70.0
1777889781.4453323,5.0,2.0,-73.0
1777889781.4553325,5.0,1.0,-70.0
1777889781.4653325,2.0,3.0,-69.0
1777889781.4753325,0.0,1.0,-73.0
1777889781.4853325,-2.0,-3.0,-65.0
1777889781.4953325,-3.0,-2.0,-63.0
1777889781.5053325,-5.0,-2.0,-66.0
1777889781.5153325,-8.0,-3.0,-70.0
1777889781.5253325,-3.0,-4.0,-69.0
1777889781.5353324,-4.0,-6.0,-74.0
1777889781.5453324,-4.0,-5.0,-77.0
1777889781.5553324,-2.0,-5.0,-78.0
1777889781.5653324,1.0,0.0,-80.0
1777889781.5753324,3.0,1.0,-82.0
1777889781.5853324,0.0,0.0,-78.0
1777889781.5953324,1.0,-1.0,-80.0
1777889781.6053324,4.0,-2.0,-77.0
1777889781.6153324,5.0,-6.0,-72.0
1777889781.6253324,5.0,-6.0,-73.0
1777889781.6353323,3.0,-5.0,-75.0
1777889781.6453323,4.0,-3.0,-83.0
1777889781.6553323,1.0,-2.0,-85.0
1777889781.6653323,2.0,0.0,-85.0
1777889781.6753323,-1.0,0.0,-86.0
1777889781.6853323,-2.0,-1.0,-77.0
1777889781.6953323,-3.0,2.0,-82.0
1777889781.7053325,-1.0,-2.0,-79.0
1777889781.7153325,-2.0,-6.0,-72.0
1777889781.7253325,-1.0,-5.0,-71.0
1777889781.7353325,0.0,-8.0,-71.0
1777889781.7453325,0.0,-4.0,-73.0
1777889781.7553325,0.0,-1.0,-62.0
1777889781.7653325,-4.0,0.0,-63.0
1777889781.7753325,-3.0,2.0,-67.0
1777889781.7853324,1.0,4.0,-67.0
1777889781.7953324,3.0,0.0,-68.0
1777889781.8053324,6.0,-1.0,-71.0
1777889781.8153324,7.0,-1.0,-72.0
1777889781.8253324,7.0,-2.0,-73.0
1777889781.8353324,6.0,1.0,-65.0
1777889781.8453324,4.0,1.0,-67.0
1777889781.8553324,0.0,0.0,-69.0
1777889781.8653324,0.0,0.0,-66.0
1777889781.8753324,1.0,-1.0,-64.0
1777889781.8853323,-4.0,-5.0,-66.0
1777889781.8953323,-4.0,-4.0,-65.0
1777889781.9053323,-1.0,-2.0,-64.0
1777889781.9153323,2.0,0.0,-68.0
1777889781.9253323,4.0,-2.0,-73.0
1777889781.9353323,6.0,-4.0,-70.0
1777889781.9453323,5.0,-4.0,-73.0
1777889781.9553325,5.0,-3.0,-73.0
1777889781.9653325,3.0,-3.0,-73.0
1777889781.9753325,3.0,-3.0,-74.0
1777889781.9853325,-1.0,-2.0,-76.0
1777889781.9953325,-2.0,-4.0,-76.0
1777889782.0053325,0.0,-7.0,-83.0
1777889782.0153325,-1.0,-9.0,-83.0
1777889782.0253325,-2.0,-7.0,-79.0
1777889782.0353324,-1.0,-8.0,-77.0
1777889782.0453324,-1.0,-4.0,-79.0
1777889782.0553324,2.0,-10.0,-77.0
1777889782.0653324,1.0,-8.0,-72.0
1777889782.0753324,1.0,-6.0,-73.0
1777889782.0853324,4.0,-5.0,-75.0
1777889782.0953324,4.0,-7.0,-79.0
1777889782.1053324,1.0,-6.0,-72.0
1777889782.1153324,3.0,-1.0,-76.0
1777889782.1263323,3.0,0.0,-75.0
1777889782.1353323,-1.0,-1.0,-72.0
1777889782.1463325,3.0,-1.0,-74.0
1777889782.1563325,5.0,2.0,-72.0
1777889782.1663325,5.0,-3.0,-72.0
1777889782.1763325,6.0,0.0,-76.0
1777889782.1863325,4.0,-3.0,-77.0
1777889782.1963325,3.0,-1.0,-80.0
1777889782.2063324,1.0,-3.0,-76.0
1777889782.2163324,1.0,0.0,-75.0
1777889782.2263324,6.0,0.0,-80.0
1777889782.2363324,2.0,-1.0,-76.0
1777889782.2463324,5.0,-1.0,-77.0
1777889782.2563324,6.0,0.0,-78.0
1777889782.2663324,10.0,1.0,-74.0
1777889782.2763324,8.0,3.0,-75.0
1777889782.2863324,7.0,0.0,-71.0
1777889782.2963324,5.0,0.0,-65.0
1777889782.3063323,5.0,2.0,-63.0
1777889782.3163323,1.0,0.0,-65.0
1777889782.3263323,0.0,-1.0,-60.0
1777889782.3363323,-3.0,-1.0,-67.0
1777889782.3463323,0.0,-1.0,-76.0
1777889782.3563323,1.0,-3.0,-81.0
1777889782.3663323,0.0,-4.0,-74.0
1777889782.3763323,0.0,-3.0,-67.0
1777889782.3863325,-2.0,-3.0,-72.0
1777889782.3963325,2.0,-5.0,-72.0
1777889782.4063325,1.0,-5.0,-77.0
1777889782.4163325,1.0,0.0,-82.0
1777889782.4263325,0.0,4.0,-86.0
1777889782.4363325,5.0,3.0,-88.0
1777889782.4463325,3.0,3.0,-89.0
1777889782.4563324,5.0,0.0,-88.0
1777889782.4663324,0.0,0.0,-85.0
1777889782.4763324,-3.0,-1.0,-78.0
1777889782.4863324,-4.0,0.0,-79.0
1777889782.4963324,-6.0,-1.0,-80.0
1777889782.5063324,2.0,-1.0,-75.0
1777889782.5163324,0.0,-4.0,-77.0
1777889782.5263324,2.0,-4.0,-73.0
1777889782.5363324,3.0,-1.0,-67.0
1777889782.5463324,3.0,-1.0,-66.0
1777889782.5563323,1.0,0.0,-68.0
1777889782.5663323,-1.0,0.0,-68.0
1777889782.5763323,-2.0,-2.0,-70.0
1777889782.5863323,-2.0,-2.0,-72.0
1777889782.5963323,1.0,-1.0,-74.0
1777889782.6063323,4.0,-3.0,-72.0
1777889782.6163323,2.0,0.0,-75.0
1777889782.6263323,0.0,0.0,-72.0
1777889782.6363325,-2.0,-1.0,-70.0
1777889782.6463325,0.0,-3.0,-76.0
1777889782.6563325,2.0,0.0,-73.0
1777889782.6663325,2.0,-1.0,-71.0
1777889782.6763325,2.0,0.0,-72.0
1777889782.6863325,1.0,-1.0,-68.0
1777889782.6963325,0.0,-1.0,-65.0
1777889782.7063324,0.0,-2.0,-69.0
1777889782.7163324,3.0,0.0,-66.0
1777889782.7263324,0.0,4.0,-67.0
1777889782.7363324,-2.0,1.0,-67.0
1777889782.7463324,-4.0,1.0,-63.0
1777889782.7563324,-3.0,-1.0,-66.0
1777889782.7663324,0.0,0.0,-69.0
1777889782.7763324,2.0,-1.0,-72.0
1777889782.7863324,-2.0,1.0,-72.0
1777889782.7963324,-4.0,-2.0,-75.0
1777889782.8063323,0.0,-3.0,-74.0
1777889782.8163323,0.0,-9.0,-68.0
1777889782.8263323,0.0,-7.0,-68.0
1777889782.8363323,1.0,-6.0,-72.0
1777889782.8463323,2.0,-8.0,-71.0
1777889782.8563323,-1.0,-8.0,-73.0
1777889782.8663323,0.0,-1.0,-79.0
1777889782.8763323,0.0,0.0,-78.0
1777889782.8863325,3.0,1.0,-79.0
1777889782.8963325,4.0,2.0,-75.0
1777889782.9063325,4.0,2.0,-75.0
1777889782.9163325,3.0,2.0,-73.0
1777889782.9263325,6.0,1.0,-75.0
1777889782.9363325,3.0,0.0,-78.0
1777889782.9463325,2.0,-4.0,-78.0
1777889782.9563324,-1.0,-3.0,-81.0
1777889782.9663324,1.0,1.0,-77.0
1777889782.9763324,5.0,7.0,-74.0
1777889782.9863324,3.0,3.0,-78.0
1777889782.9963324,4.0,0.0,-76.0
1777889783.0063324,2.0,0.0,-76.0
1777889783.0163324,-3.0,0.0,-69.0
1777889783.0263324,-2.0,0.0,-71.0
1777889783.0363324,-5.0,-5.0,-73.0
1777889783.0463324,-5.0,-2.0,-67.0
1777889783.0563323,1.0,-1.0,-72.0
1777889783.0663323,2.0,-3.0,-74.0
1777889783.0763323,4.0,-2.0,-73.0
1777889783.0863323,3.0,-4.0,-74.0
1777889783.0963323,5.0,-2.0,-73.0
1777889783.1063323,0.0,0.0,-67.0
1777889783.1163323,0.0,-1.0,-67.0
1777889783.1263323,0.0,0.0,-70.0
1777889783.1363325,0.0,2.0,-70.0
1777889783.1463325,1.0,4.0,-76.0
1777889783.1563325,4.0,0.0,-80.0
1777889783.1663325,2.0,-5.0,-83.0
1777889783.1763325,0.0,-7.0,-79.0
1777889783.1863325,0.0,-3.0,-81.0
1777889783.1963325,0.0,0.0,-82.0
1777889783.2063324,3.0,-1.0,-82.0
1777889783.2163324,0.0,-1.0,-82.0
1777889783.2263324,-3.0,-2.0,-82.0
1777889783.2363324,-7.0,1.0,-74.0
1777889783.2463324,-2.0,-2.0,-70.0
1777889783.2563324,-6.0,-2.0,-75.0
1777889783.2663324,-7.0,-1.0,-76.0
1777889783.2763324,-7.0,-2.0,-79.0
1777889783.2863324,-10.0,-2.0,-78.0
1777889783.2963324,-1.0,-3.0,-74.0
1777889783.3063323,-2.0,-4.0,-73.0
1777889783.3163323,0.0,-10.0,-65.0
1777889783.3263323,-4.0,-7.0,-71.0
1777889783.3363323,-4.0,-10.0,-71.0
1777889783.3463323,-5.0,-14.0,-74.0
1777889783.3563323,0.0,-15.0,-65.0
1777889783.3663323,-4.0,-12.0,-67.0
1777889783.3763323,-3.0,-7.0,-73.0
1777889783.3863325,0.0,-1.0,-75.0
1777889783.3963325,3.0,-1.0,-77.0
1777889783.4063325,-1.0,0.0,-78.0
1777889783.4163325,-2.0,6.0,-78.0
1777889783.4263325,-3.0,9.0,-78.0
1777889783.4363325,1.0,6.0,-76.0
1777889783.4463325,4.0,4.0,-76.0
1777889783.4563324,7.0,0.0,-78.0
1777889783.4663324,4.0,1.0,-77.0
1777889783.4763324,2.0,-1.0,-73.0
1777889783.4863324,-2.0,-1.0,-75.0
1777889783.4963324,0.0,-1.0,-80.0
1777889783.5063324,0.0,1.0,-80.0
1777889783.5163324,-3.0,0.0,-80.0
1777889783.5263324,-1.0,0.0,-78.0
1777889783.5363324,-1.0,5.0,-75.0
1777889783.5463324,0.0,6.0,-73.0
1777889783.5563323,-3.0,5.0,-73.0
1777889783.5663323,-4.0,2.0,-78.0
1777889783.5763323,-5.0,2.0,-74.0
1777889783.5863323,-11.0,1.0,-73.0
1777889783.5963323,-8.0,0.0,-75.0
1777889783.6063323,-7.0,1.0,-75.0
1777889783.6163323,-10.0,0.0,-75.0
1777889783.6263323,-12.0,-6.0,-76.0
1777889783.6363325,-6.0,-6.0,-74.0
1777889783.6463325,0.0,-8.0,-68.0
1777889783.6563325,2.0,-10.0,-69.0
1777889783.6663325,2.0,-11.0,-69.0
1777889783.6763325,1.0,-9.0,-71.0
1777889783.6863325,3.0,-11.0,-75.0
1777889783.6963325,6.0,-7.0,-77.0
1777889783.7063324,4.0,-4.0,-81.0
1777889783.7163324,5.0,-6.0,-88.0
1777889783.7263324,3.0,-7.0,-88.0
1777889783.7363324,5.0,-7.0,-83.0
1777889783.7463324,8.0,-10.0,-78.0
1777889783.7563324,4.0,-8.0,-76.0
1777889783.7663324,6.0,-7.0,-76.0
1777889783.7763324,5.0,-8.0,-77.0
1777889783.7863324,2.0,-4.0,-78.0
1777889783.7963324,3.0,-4.0,-72.0
1777889783.8063323,5.0,-4.0,-73.0
1777889783.8163323,6.0,-5.0,-70.0
1777889783.8263323,3.0,-3.0,-63.0
1777889783.8363323,3.0,-6.0,-68.0
1777889783.8463323,4.0,-6.0,-70.0
1777889783.8563323,2.0,-4.0,-66.0
1777889783.8663323,4.0,-2.0,-69.0
1777889783.8763323,0.0,-6.0,-68.0
1777889783.8863325,0.0,-7.0,-71.0
1777889783.8963325,-1.0,0.0,-67.0
1777889783.9063325,-3.0,-3.0,-75.0
1777889783.9163325,-3.0,-5.0,-84.0
1777889783.9263325,-2.0,-5.0,-81.0
1777889783.9363325,-1.0,-2.0,-75.0
1777889783.9463325,0.0,-1.0,-81.0
1777889783.9563324,0.0,2.0,-85.0
1777889783.9663324,2.0,1.0,-86.0
1777889783.9763324,3.0,1.0,-88.0
1777889783.9863324,3.0,4.0,-88.0
1777889783.9963324,3.0,0.0,-81.0
1777889784.0063324,3.0,-2.0,-81.0
1777889784.0163324,5.0,-2.0,-82.0
1777889784.0263324,2.0,-3.0,-78.0
1777889784.0363324,2.0,-4.0,-72.0
1777889784.0463324,2.0,-7.0,-67.0
1777889784.0563323,5.0,-5.0,-62.0
1777889784.0663323,6.0,-4.0,-62.0
1777889784.0763323,3.0,-4.0,-65.0
1777889784.0873325,6.0,-4.0,-62.0
1777889784.0973325,1.0,-4.0,-64.0
1777889784.1073325,-1.0,-7.0,-63.0
1777889784.1173325,-3.0,-5.0,-70.0
1777889784.1273324,1.0,-10.0,-70.0
1777889784.1373324,-3.0,-13.0,-64.0
1777889784.1473324,1.0,-12.0,-66.0
1777889784.1573324,0.0,-13.0,-70.0
1777889784.1673324,-2.0,-12.0,-65.0
1777889784.1773324,-1.0,-9.0,-65.0
1777889784.1873324,-1.0,-8.0,-66.0
1777889784.1973324,-2.0,-6.0,-71.0
1777889784.2073324,-2.0,-5.0,-78.0
1777889784.2173324,0.0,-3.0,-69.0
1777889784.2273324,0.0,-3.0,-70.0
1777889784.2373323,-2.0,-1.0,-71.0
1777889784.2473323,-6.0,0.0,-74.0
1777889784.2573323,-9.0,-2.0,-67.0
1777889784.2673323,-8.0,-1.0,-67.0
1777889784.2773323,-7.0,-3.0,-67.0
1777889784.2873323,-10.0,-3.0,-68.0
1777889784.2973323,-3.0,-3.0,-72.0
1777889784.3073325,0.0,-2.0,-66.0
1777889784.3173325,1.0,-4.0,-65.0
1777889784.3273325,0.0,-4.0,-72.0
1777889784.3373325,0.0,1.0,-68.0
1777889784.3473325,-2.0,2.0,-66.0
1777889784.3573325,-3.0,0.0,-63.0
1777889784.3673325,-5.0,-2.0,-71.0
1777889784.3773324,-5.0,0.0,-71.0
1777889784.3873324,-8.0,-1.0,-74.0
1777889784.3973324,-6.0,-3.0,-72.0
1777889784.4073324,1.0,-4.0,-71.0
1777889784.4173324,-4.0,-1.0,-77.0
1777889784.4273324,-2.0,0.0,-78.0
1777889784.4373324,-2.0,0.0,-78.0
1777889784.4473324,-3.0,0.0,-86.0
1777889784.4573324,-2.0,2.0,-82.0
1777889784.4673324,-5.0,-2.0,-70.0
1777889784.4773324,-8.0,-1.0,-61.0
1777889784.4873323,-6.0,-1.0,-64.0
1777889784.4973323,-4.0,1.0,-66.0
1777889784.5073323,-4.0,2.0,-63.0
1777889784.5173323,-6.0,2.0,-66.0
1777889784.5273323,-6.0,5.0,-66.0
1777889784.5373323,-5.0,1.0,-65.0
1777889784.5473323,-5.0,0.0,-64.0
1777889784.5573325,-1.0,1.0,-67.0
1777889784.5673325,0.0,1.0,-63.0
1777889784.5773325,4.0,3.0,-59.0
1777889784.5873325,3.0,2.0,-61.0
1777889784.5973325,0.0,1.0,-69.0
1777889784.6073325,-3.0,0.0,-80.0
1777889784.6173325,-6.0,2.0,-79.0
1777889784.6273324,-3.0,0.0,-76.0
1777889784.6373324,-5.0,5.0,-73.0
1777889784.6473324,-1.0,2.0,-73.0
1777889784.6573324,2.0,1.0,-76.0
1777889784.6673324,4.0,-2.0,-78.0
1777889784.6773324,0.0,-2.0,-76.0
1777889784.6873324,-2.0,-5.0,-65.0
1777889784.6973324,0.0,-7.0,-66.0
1777889784.7073324,0.0,-9.0,-73.0
1777889784.7173324,-1.0,-8.0,-75.0
1777889784.7273324,0.0,-7.0,-67.0
1777889784.7373323,-1.0,-2.0,-75.0
1777889784.7473323,-3.0,-1.0,-78.0
1777889784.7573323,2.0,0.0,-84.0
1777889784.7673323,1.0,0.0,-85.0
1777889784.7773323,3.0,1.0,-88.0
1777889784.7873323,-1.0,-3.0,-90.0
1777889784.7973323,2.0,0.0,-86.0
1777889784.8073325,4.0,0.0,-85.0
1777889784.8173325,0.0,2.0,-77.0
1777889784.8273325,1.0,0.0,-75.0
1777889784.8373325,3.0,-2.0,-72.0
1777889784.8473325,4.0,-4.0,-73.0
1777889784.8573325,1.0,-6.0,-70.0
1777889784.8673325,4.0,-5.0,-66.0
1777889784.8773324,6.0,-1.0,-69.0
1777889784.8873324,4.0,0.0,-76.0
1777889784.8973324,2.0,-2.0,-72.0
1777889784.9073324,0.0,-1.0,-70.0
1777889784.9173324,0.0,-3.0,-69.0
1777889784.9273324,0.0,-1.0,-74.0
1777889784.9373324,-2.0,-1.0,-70.0
1777889784.9473324,0.0,0.0,-66.0
1777889784.9573324,-1.0,0.0,-64.0
1777889784.9673324,2.0,-3.0,-68.0
1777889784.9773324,2.0,-4.0,-69.0
1777889784.9873323,1.0,-4.0,-80.0
1777889784.9973323,1.0,-8.0,-78.0
1777889785.0073323,5.0,-8.0,-73.0
1777889785.0173323,6.0,-10.0,-69.0
1777889785.0273323,0.0,-9.0,-69.0
1777889785.0373323,0.0,-3.0,-68.0
1777889785.0473323,1.0,-3.0,-64.0
1777889785.0573325,0.0,-3.0,-71.0
1777889785.0673325,-3.0,-5.0,-71.0
1777889785.0773325,-2.0,-5.0,-71.0
1777889785.0873325,4.0,-8.0,-73.0
1777889785.0973325,6.0,-6.0,-77.0
1777889785.1073325,3.0,-4.0,-76.0
1777889785.1173325,2.0,-6.0,-73.0
1777889785.1273324,1.0,-4.0,-72.0
1777889785.1373324,0.0,-2.0,-71.0
1777889785.1473324,-3.0,0.0,-63.0
1777889785.1573324,-6.0,0.0,-61.0
1777889785.1673324,-2.0,0.0,-70.0
1777889785.1773324,0.0,0.0,-70.0
1777889785.1873324,1.0,1.0,-66.0
1777889785.1973324,5.0,1.0,-62.0
1777889785.2073324,5.0,0.0,-66.0
1777889785.2173324,6.0,0.0,-67.0
1777889785.2273324,5.0,3.0,-75.0
1777889785.2373323,1.0,4.0,-74.0
1777889785.2473323,4.0,3.0,-73.0
1777889785.2573323,-5.0,3.0,-71.0
1777889785.2673323,-5.0,-1.0,-76.0
1777889785.2773323,1.0,0.0,-72.0
1777889785.2873323,1.0,0.0,-72.0
1777889785.2973323,-1.0,-1.0,-72.0
1777889785.3073325,1.0,0.0,-64.0
1777889785.3173325,3.0,-1.0,-62.0
1777889785.3273325,4.0,-2.0,-63.0
1777889785.3373325,7.0,-5.0,-56.0
1777889785.3473325,7.0,-5.0,-61.0
1777889785.3573325,2.0,-4.0,-71.0
1777889785.3673325,3.0,-2.0,-73.0
1777889785.3773324,3.0,1.0,-67.0
1777889785.3873324,5.0,0.0,-63.0
1777889785.3973324,2.0,1.0,-62.0
1777889785.4073324,6.0,3.0,-62.0
1777889785.4173324,7.0,2.0,-65.0
1777889785.4273324,5.0,1.0,-63.0
1777889785.4373324,4.0,1.0,-65.0
1777889785.4473324,8.0,0.0,-61.0
1777889785.4573324,4.0,1.0,-65.0
1777889785.4673324,0.0,0.0,-67.0
1777889785.4773324,3.0,2.0,-72.0
1777889785.4873323,-1.0,0.0,-76.0
1777889785.4973323,-1.0,-3.0,-76.0
1777889785.5073323,0.0,-2.0,-72.0
1777889785.5173323,1.0,1.0,-75.0
1777889785.5273323,0.0,3.0,-77.0
1777889785.5373323,0.0,0.0,-82.0
1777889785.5473323,-4.0,0.0,-83.0
1777889785.5573325,0.0,0.0,-83.0
1777889785.5673325,-2.0,-3.0,-79.0
1777889785.5773325,-1.0,-1.0,-77.0
1777889785.5873325,-1.0,-1.0,-71.0
1777889785.5973325,0.0,3.0,-66.0
1777889785.6073325,0.0,0.0,-69.0
1777889785.6173325,0.0,0.0,-73.0
1777889785.6273324,1.0,-3.0,-70.0
1777889785.6373324,-1.0,2.0,-79.0
1777889785.6473324,3.0,0.0,-80.0
1777889785.6573324,6.0,3.0,-81.0
1777889785.6673324,9.0,1.0,-74.0
1777889785.6773324,7.0,0.0,-78.0
1777889785.6873324,5.0,0.0,-76.0
1777889785.6973324,6.0,-3.0,-76.0
1777889785.7073324,7.0,-7.0,-77.0
1777889785.7173324,6.0,-2.0,-76.0
1777889785.7273324,7.0,0.0,-78.0
1777889785.7373323,6.0,2.0,-79.0
1777889785.7473323,8.0,0.0,-74.0
1777889785.7573323,8.0,1.0,-72.0
1777889785.7673323,5.0,2.0,-71.0
1777889785.7773323,8.0,0.0,-74.0
1777889785.7873323,6.0,3.0,-80.0
1777889785.7973323,7.0,2.0,-82.0
1777889785.8073325,5.0,1.0,-78.0
1777889785.8173325,3.0,2.0,-80.0
1777889785.8273325,3.0,2.0,-83.0
1777889785.8373325,-2.0,0.0,-83.0
1777889785.8473325,-3.0,3.0,-77.0
1777889785.8573325,-3.0,1.0,-82.0
1777889785.8673325,-2.0,4.0,-87.0
1777889785.8773324,0.0,6.0,-87.0
1777889785.8873324,3.0,5.0,-74.0
1777889785.8973324,0.0,3.0,-70.0
1777889785.9073324,3.0,0.0,-77.0
1777889785.9173324,3.0,-3.0,-80.0
1777889785.9273324,4.0,-9.0,-82.0
1777889785.9373324,5.0,-7.0,-88.0
1777889785.9473324,9.0,-8.0,-86.0
1777889785.9573324,6.0,-9.0,-88.0
1777889785.9673324,5.0,-11.0,-89.0
1777889785.9773324,5.0,-8.0,-84.0
1777889785.9873323,4.0,-6.0,-84.0
1777889785.9973323,7.0,-2.0,-80.0
1777889786.0073323,8.0,-4.0,-80.0
1777889786.0173323,7.0,-9.0,-80.0
1777889786.0273323,9.0,-6.0,-77.0
1777889786.0373323,7.0,-10.0,-72.0
1777889786.0473323,12.0,-11.0,-65.0
1777889786.0583324,10.0,-11.0,-70.0
1777889786.0673325,9.0,-12.0,-73.0
1777889786.0773325,7.0,-6.0,-74.0
1777889786.0883324,5.0,-4.0,-74.0
1777889786.0973325,6.0,-6.0,-70.0
1777889786.1083324,2.0,-7.0,-72.0
1777889786.1183324,0.0,-3.0,-72.0
1777889786.1283324,-6.0,-2.0,-76.0
1777889786.1383324,-4.0,-4.0,-78.0
1777889786.1483324,-1.0,-4.0,-82.0
1777889786.1583323,-3.0,-4.0,-86.0
1777889786.1683323,0.0,-4.0,-76.0
1777889786.1783323,-7.0,-5.0,-78.0
1777889786.1883323,-9.0,-6.0,-76.0
1777889786.1983323,-8.0,-5.0,-78.0
1777889786.2083323,-10.0,-2.0,-83.0
1777889786.2183323,-10.0,-5.0,-77.0
1777889786.2283323,-6.0,-4.0,-78.0
1777889786.2383325,-4.0,-7.0,-75.0
1777889786.2483325,0.0,-7.0,-71.0
1777889786.2583325,-2.0,-5.0,-75.0
1777889786.2683325,1.0,-2.0,-70.0
1777889786.2783325,0.0,0.0,-69.0
1777889786.2883325,2.0,-1.0,-74.0
1777889786.2983325,10.0,-4.0,-75.0
1777889786.3083324,9.0,-10.0,-80.0
1777889786.3183324,7.0,-14.0,-79.0
1777889786.3283324,6.0,-10.0,-74.0
1777889786.3383324,5.0,-9.0,-71.0
1777889786.3483324,3.0,-7.0,-68.0
1777889786.3583324,3.0,-4.0,-62.0
1777889786.3683324,3.0,-5.0,-59.0
1777889786.3783324,6.0,-5.0,-73.0
1777889786.3883324,9.0,-4.0,-81.0
1777889786.3983324,6.0,-2.0,-80.0
1777889786.4083323,7.0,-4.0,-78.0
1777889786.4183323,4.0,-2.0,-69.0
1777889786.4283323,4.0,0.0,-68.0
1777889786.4383323,7.0,3.0,-77.0
1777889786.4483323,7.0,0.0,-75.0
1777889786.4583323,5.0,-3.0,-78.0
1777889786.4683323,6.0,-3.0,-85.0
1777889786.4783323,6.0,-2.0,-90.0
1777889786.4883325,4.0,-3.0,-87.0
1777889786.4983325,-5.0,-1.0,-85.0
1777889786.5083325,3.0,-6.0,-90.0
1777889786.5183325,6.0,-3.0,-83.0
1777889786.5283325,6.0,-1.0,-79.0
1777889786.5383325,6.0,-5.0,-77.0
1777889786.5483325,8.0,-8.0,-84.0
1777889786.5583324,3.0,-7.0,-83.0
1777889786.5683324,2.0,-5.0,-88.0
1777889786.5783324,3.0,-1.0,-82.0
1777889786.5883324,-1.0,2.0,-88.0
1777889786.5983324,-1.0,1.0,-81.0
1777889786.6083324,0.0,0.0,-82.0
1777889786.6183324,-8.0,-3.0,-83.0
1777889786.6283324,-9.0,-3.0,-91.0
1777889786.6383324,-8.0,1.0,-81.0
1777889786.6483324,-5.0,1.0,-75.0
1777889786.6583323,-4.0,0.0,-73.0
1777889786.6683323,-3.0,-4.0,-76.0
1777889786.6783323,-3.0,-3.0,-77.0
1777889786.6883323,-2.0,-3.0,-75.0
1777889786.6983323,-4.0,-1.0,-76.0
1777889786.7083323,-2.0,0.0,-77.0
1777889786.7183323,-1.0,-3.0,-84.0
1777889786.7283323,-2.0,-6.0,-76.0
1777889786.7383325,-3.0,1.0,-74.0
1777889786.7483325,1.0,4.0,-71.0
1777889786.7583325,-2.0,-1.0,-83.0
1777889786.7683325,-5.0,-4.0,-83.0
1777889786.7783325,-2.0,-3.0,-83.0
1777889786.7883325,-1.0,1.0,-80.0
1777889786.7983325,-2.0,4.0,-79.0
1777889786.8083324,1.0,6.0,-80.0
1777889786.8183324,1.0,5.0,-85.0
1777889786.8283324,-1.0,7.0,-79.0
1777889786.8383324,-1.0,8.0,-75.0
1777889786.8483324,1.0,5.0,-76.0
1777889786.8583324,4.0,4.0,-68.0
1777889786.8683324,2.0,-1.0,-70.0
1777889786.8783324,4.0,-3.0,-71.0
1777889786.8883324,4.0,-3.0,-72.0
1777889786.8983324,0.0,-3.0,-75.0
1777889786.9083323,1.0,-5.0,-79.0
1777889786.9183323,0.0,-4.0,-79.0
1777889786.9283323,0.0,-5.0,-78.0
1777889786.9383323,0.0,-2.0,-74.0
1777889786.9483323,-1.0,-1.0,-69.0
1777889786.9583323,-2.0,-1.0,-65.0
1777889786.9683323,0.0,0.0,-69.0
1777889786.9783323,2.0,0.0,-76.0
1777889786.9883325,3.0,-3.0,-78.0
1777889786.9983325,3.0,-5.0,-83.0
1777889787.0083325,1.0,0.0,-80.0
1777889787.0183325,3.0,4.0,-87.0
1777889787.0283325,3.0,0.0,-85.0
1777889787.0383325,3.0,-1.0,-80.0
1777889787.0483325,0.0,0.0,-77.0
1777889787.0583324,-1.0,0.0,-73.0
1777889787.0683324,-3.0,-2.0,-72.0
1777889787.0783324,-1.0,-3.0,-70.0
1777889787.0883324,-2.0,0.0,-69.0
1777889787.0983324,-1.0,1.0,-72.0
1777889787.1083324,-2.0,-1.0,-71.0
1777889787.1183324,2.0,-5.0,-67.0
1777889787.1283324,3.0,-3.0,-63.0
1777889787.1383324,2.0,-1.0,-69.0
1777889787.1483324,0.0,0.0,-69.0
1777889787.1583323,3.0,1.0,-67.0
1777889787.1683323,4.0,-1.0,-75.0
1777889787.1783323,0.0,1.0,-81.0
1777889787.1883323,0.0,0.0,-82.0
1777889787.1983323,1.0,1.0,-85.0
1777889787.2083323,6.0,0.0,-80.0
1777889787.2183323,7.0,0.0,-75.0
1777889787.2283323,8.0,0.0,-80.0
1777889787.2383325,8.0,0.0,-84.0
1777889787.2483325,7.0,-3.0,-86.0
1777889787.2583325,4.0,0.0,-74.0
1777889787.2683325,6.0,2.0,-75.0
1777889787.2783325,2.0,0.0,-81.0
1777889787.2883325,-1.0,-6.0,-78.0
1777889787.2983325,-3.0,-6.0,-78.0
1777889787.3083324,2.0,-5.0,-76.0
1777889787.3183324,1.0,-7.0,-82.0
1777889787.3283324,1.0,-2.0,-83.0
1777889787.3383324,0.0,-1.0,-85.0
1777889787.3483324,0.0,-1.0,-84.0
1777889787.3583324,-2.0,4.0,-91.0
1777889787.3683324,-2.0,0.0,-90.0
1777889787.3783324,-2.0,-1.0,-79.0
1777889787.3883324,-3.0,-3.0,-72.0
1777889787.3983324,-3.0,0.0,-73.0
1777889787.4083323,-4.0,7.0,-77.0
1777889787.4183323,-1.0,6.0,-71.0
1777889787.4283323,-2.0,2.0,-72.0
1777889787.4383323,-4.0,-2.0,-74.0
1777889787.4483323,-4.0,-1.0,-75.0
1777889787.4583323,0.0,-1.0,-75.0
1777889787.4683323,0.0,-1.0,-71.0
1777889787.4783323,0.0,0.0,-67.0
1777889787.4883325,0.0,-4.0,-68.0
1777889787.4983325,1.0,-5.0,-68.0
1777889787.5083325,1.0,-3.0,-67.0
1777889787.5183325,4.0,0.0,-68.0
1777889787.5283325,0.0,-1.0,-65.0
1777889787.5383325,0.0,-1.0,-66.0
1777889787.5483325,1.0,-5.0,-65.0
1777889787.5583324,-3.0,-4.0,-66.0
1777889787.5683324,-3.0,-5.0,-65.0
1777889787.5783324,-5.0,-5.0,-74.0
1777889787.5883324,-5.0,0.0,-73.0
1777889787.5983324,0.0,0.0,-75.0
1777889787.6083324,-1.0,-5.0,-74.0
1777889787.6183324,1.0,-1.0,-73.0
1777889787.6283324,4.0,0.0,-71.0
1777889787.6383324,2.0,1.0,-67.0
1777889787.6483324,1.0,-2.0,-68.0
1777889787.6583323,1.0,-4.0,-66.0
1777889787.6683323,1.0,-6.0,-67.0
1777889787.6783323,3.0,-7.0,-74.0
1777889787.6883323,0.0,-4.0,-69.0
1777889787.6983323,3.0,-3.0,-68.0
1777889787.7083323,2.0,-5.0,-69.0
1777889787.7183323,5.0,-6.0,-66.0
1777889787.7283323,2.0,-5.0,-75.0
1777889787.7383325,0.0,-5.0,-74.0
1777889787.7483325,-1.0,-5.0,-74.0
1777889787.7583325,2.0,-5.0,-73.0
1777889787.7683325,6.0,-2.0,-70.0
1777889787.7783325,5.0,-5.0,-73.0
1777889787.7883325,1.0,-6.0,-70.0
1777889787.7983325,5.0,-6.0,-68.0
1777889787.8083324,1.0,-4.0,-69.0
1777889787.8183324,0.0,-4.0,-72.0
1777889787.8283324,0.0,-2.0,-70.0
1777889787.8383324,-5.0,-5.0,-77.0
1777889787.8483324,-2.0,-9.0,-74.0
1777889787.8583324,-1.0,-9.0,-73.0
1777889787.8683324,-3.0,-9.0,-66.0
1777889787.8783324,0.0,-9.0,-69.0
1777889787.8883324,-3.0,-5.0,-65.0
1777889787.8983324,1.0,-2.0,-65.0
1777889787.9083323,1.0,-5.0,-63.0
1777889787.9183323,3.0,-9.0,-72.0
1777889787.9283323,5.0,-6.0,-74.0
1777889787.9383323,2.0,-5.0,-74.0
1777889787.9483323,7.0,-5.0,-79.0
1777889787.9583323,6.0,-2.0,-79.0
1777889787.9683323,6.0,0.0,-76.0
1777889787.9783323,7.0,0.0,-78.0
1777889787.9883325,2.0,0.0,-69.0
1777889787.9983325,6.0,-1.0,-66.0
1777889788.0083325,3.0,-2.0,-73.0
1777889788.0193324,0.0,0.0,-74.0
1777889788.0283325,3.0,0.0,-76.0
1777889788.0393324,9.0,2.0,-73.0
1777889788.0483325,10.0,4.0,-76.0
1777889788.0583324,9.0,2.0,-85.0
1777889788.0693324,8.0,2.0,-89.0
1777889788.0793324,2.0,0.0,-88.0
1777889788.0893323,0.0,0.0,-83.0
1777889788.0993323,2.0,-1.0,-83.0
1777889788.1093323,5.0,-1.0,-83.0
1777889788.1193323,7.0,0.0,-87.0
1777889788.1293323,9.0,-1.0,-85.0
1777889788.1393323,9.0,-1.0,-86.0
1777889788.1493323,4.0,-2.0,-87.0
1777889788.1593325,1.0,2.0,-81.0
1777889788.1693325,0.0,-1.0,-78.0
1777889788.1793325,0.0,-4.0,-74.0
1777889788.1893325,2.0,-3.0,-67.0
1777889788.1993325,0.0,-4.0,-65.0
1777889788.2093325,-1.0,-9.0,-67.0
1777889788.2193325,0.0,-9.0,-63.0
1777889788.2293324,1.0,-7.0,-57.0
1777889788.2393324,1.0,-7.0,-59.0
1777889788.2493324,0.0,-9.0,-58.0
1777889788.2593324,2.0,-6.0,-71.0
1777889788.2693324,2.0,-5.0,-79.0
1777889788.2793324,3.0,-9.0,-76.0
1777889788.2893324,4.0,-6.0,-78.0
1777889788.2993324,3.0,-4.0,-83.0
1777889788.3093324,4.0,-5.0,-80.0
1777889788.3193324,-2.0,-2.0,-82.0
1777889788.3293324,0.0,-2.0,-76.0
1777889788.3393323,2.0,-5.0,-75.0
1777889788.3493323,2.0,-5.0,-75.0
1777889788.3593323,1.0,-5.0,-71.0
1777889788.3693323,-1.0,-5.0,-73.0
1777889788.3793323,-2.0,-4.0,-76.0
1777889788.3893323,-2.0,-3.0,-78.0
1777889788.3993323,-3.0,0.0,-75.0
1777889788.4093325,-6.0,-2.0,-77.0
1777889788.4193325,-8.0,-2.0,-71.0
1777889788.4293325,-4.0,-1.0,-65.0
1777889788.4393325,-3.0,-4.0,-66.0
1777889788.4493325,2.0,-2.0,-65.0
1777889788.4593325,6.0,-2.0,-68.0
1777889788.4693325,8.0,-5.0,-65.0
1777889788.4793324,6.0,0.0,-63.0
1777889788.4893324,8.0,1.0,-72.0
1777889788.4993324,9.0,1.0,-79.0
1777889788.5093324,4.0,-2.0,-75.0
1777889788.5193324,5.0,-2.0,-77.0
1777889788.5293324,7.0,-5.0,-76.0
1777889788.5393324,4.0,-4.0,-75.0
1777889788.5493324,1.0,-3.0,-75.0
1777889788.5593324,4.0,-2.0,-79.0
1777889788.5693324,4.0,-4.0,-79.0
1777889788.5793324,3.0,-4.0,-71.0
1777889788.5893323,4.0,-8.0,-72.0
1777889788.5993323,5.0,-4.0,-73.0
1777889788.6093323,6.0,-5.0,-70.0
1777889788.6193323,5.0,-2.0,-72.0
1777889788.6293323,4.0,-1.0,-67.0
1777889788.6393323,5.0,-1.0,-73.0
1777889788.6493323,2.0,-3.0,-81.0
1777889788.6593325,5.0,-6.0,-76.0
1777889788.6693325,7.0,-8.0,-66.0
1777889788.6793325,2.0,-8.0,-72.0
1777889788.6893325,0.0,-5.0,-70.0
1777889788.6993325,0.0,-7.0,-76.0
1777889788.7093325,3.0,-7.0,-77.0
1777889788.7193325,0.0,-9.0,-78.0
1777889788.7293324,1.0,-9.0,-75.0
1777889788.7393324,1.0,-7.0,-81.0
1777889788.7493324,3.0,-6.0,-77.0
1777889788.7593324,3.0,-4.0,-69.0
1777889788.7693324,3.0,-7.0,-71.0
1777889788.7793324,-1.0,-2.0,-70.0
1777889788.7893324,-2.0,-1.0,-66.0
1777889788.7993324,-2.0,0.0,-71.0
1777889788.8093324,-7.0,0.0,-75.0
1777889788.8193324,-7.0,0.0,-76.0
1777889788.8293324,-9.0,3.0,-77.0
1777889788.8393323,0.0,2.0,-78.0
1777889788.8493323,0.0,-4.0,-81.0
1777889788.8593323,1.0,-8.0,-79.0
1777889788.8693323,2.0,-5.0,-83.0
1777889788.8793323,9.0,-5.0,-85.0
1777889788.8893323,7.0,-7.0,-80.0
1777889788.8993323,8.0,-8.0,-75.0
1777889788.9093325,6.0,-6.0,-75.0
1777889788.9193325,7.0,-6.0,-76.0
1777889788.9293325,5.0,-6.0,-72.0
1777889788.9393325,6.0,-6.0,-66.0
1777889788.9493325,8.0,-4.0,-69.0
1777889788.9593325,8.0,-3.0,-69.0
1777889788.9693325,8.0,-7.0,-74.0
1777889788.9793324,2.0,-6.0,-77.0
1777889788.9893324,-4.0,-9.0,-75.0
1777889788.9993324,-6.0,-11.0,-69.0
1777889789.0093324,-6.0,-14.0,-73.0
1777889789.0193324,-2.0,-10.0,-74.0
1777889789.0293324,3.0,-7.0,-77.0
1777889789.0393324,1.0,-4.0,-74.0
1777889789.0493324,6.0,-4.0,-70.0
1777889789.0593324,12.0,-4.0,-68.0
1777889789.0693324,8.0,-3.0,-66.0
1777889789.0793324,8.0,-4.0,-66.0
1777889789.0893323,9.0,-7.0,-69.0
1777889789.0993323,8.0,-4.0,-71.0
1777889789.1093323,6.0,-1.0,-71.0
1777889789.1193323,11.0,0.0,-71.0
1777889789.1293323,11.0,2.0,-71.0
1777889789.1393323,8.0,2.0,-71.0
1777889789.1493323,4.0,1.0,-73.0
1777889789.1593325,10.0,-2.0,-73.0
1777889789.1693325,7.0,-1.0,-73.0
1777889789.1793325,2.0,-1.0,-73.0
1777889789.1893325,0.0,-5.0,-72.0
1777889789.1993325,0.0,-6.0,-76.0
1777889789.2093325,0.0,-6.0,-79.0
1777889789.2193325,0.0,-6.0,-75.0
1777889789.2293324,0.0,-4.0,-75.0
1777889789.2393324,2.0,-6.0,-77.0
1777889789.2493324,3.0,-4.0,-78.0
1777889789.2593324,1.0,1.0,-76.0
1777889789.2693324,3.0,1.0,-75.0
1777889789.2793324,2.0,2.0,-75.0
1777889789.2893324,3.0,7.0,-76.0
1777889789.2993324,3.0,6.0,-77.0
1777889789.3093324,1.0,2.0,-77.0
1777889789.3193324,1.0,2.0,-82.0
1777889789.3293324,1.0,0.0,-80.0
1777889789.3393323,3.0,-3.0,-80.0
1777889789.3493323,-3.0,-2.0,-83.0
1777889789.3593323,-2.0,2.0,-83.0
1777889789.3693323,2.0,0.0,-90.0
1777889789.3793323,8.0,2.0,-90.0
1777889789.3893323,6.0,2.0,-83.0
1777889789.3993323,3.0,3.0,-81.0
1777889789.4093325,1.0,6.0,-72.0
1777889789.4193325,3.0,3.0,-68.0
1777889789.4293325,0.0,0.0,-76.0
1777889789.4393325,0.0,0.0,-84.0
1777889789.4493325,-1.0,-4.0,-77.0
1777889789.4593325,0.0,0.0,-84.0
1777889789.4693325,-3.0,-1.0,-85.0
1777889789.4793324,0.0,-2.0,-81.0
1777889789.4893324,3.0,-1.0,-87.0
1777889789.4993324,8.0,-1.0,-80.0
1777889789.5093324,7.0,-1.0,-80.0
1777889789.5193324,2.0,2.0,-77.0
1777889789.5293324,3.0,0.0,-72.0
1777889789.5393324,2.0,0.0,-76.0
1777889789.5493324,1.0,0.0,-71.0
1777889789.5593324,7.0,-4.0,-72.0
1777889789.5693324,4.0,-3.0,-76.0
1777889789.5793324,1.0,-2.0,-75.0
1777889789.5893323,6.0,-2.0,-73.0
1777889789.5993323,6.0,-4.0,-74.0
1777889789.6093323,7.0,-4.0,-75.0
1777889789.6193323,4.0,-2.0,-71.0
1777889789.6293323,3.0,0.0,-72.0
1777889789.6393323,0.0,2.0,-77.0
1777889789.6493323,-3.0,2.0,-77.0
1777889789.6593325,0.0,-3.0,-74.0
1777889789.6693325,4.0,-6.0,-72.0
1777889789.6793325,0.0,-6.0,-68.0
1777889789.6893325,0.0,-6.0,-70.0
1777889789.6993325,0.0,-6.0,-73.0
1777889789.7093325,1.0,-6.0,-72.0
1777889789.7193325,0.0,-8.0,-73.0
1777889789.7293324,0.0,-8.0,-76.0
1777889789.7393324,1.0,-13.0,-71.0
1777889789.7493324,2.0,-16.0,-64.0
1777889789.7593324,3.0,-13.0,-69.0
1777889789.7693324,4.0,-13.0,-72.0
1777889789.7793324,6.0,-7.0,-78.0
1777889789.7893324,6.0,-3.0,-79.0
1777889789.7993324,-1.0,0.0,-72.0
1777889789.8093324,-4.0,0.0,-70.0
1777889789.8193324,-2.0,2.0,-72.0
1777889789.8293324,-4.0,3.0,-78.0
1777889789.8393323,-4.0,1.0,-77.0
1777889789.8493323,-3.0,0.0,-75.0
1777889789.8593323,-1.0,0.0,-68.0
1777889789.8693323,6.0,-6.0,-72.0
1777889789.8793323,9.0,-9.0,-72.0
1777889789.8893323,12.0,-8.0,-76.0
1777889789.8993323,7.0,-3.0,-77.0
1777889789.9093325,2.0,-6.0,-80.0
1777889789.9193325,5.0,-6.0,-83.0
1777889789.9293325,8.0,-7.0,-85.0
1777889789.9393325,10.0,-10.0,-83.0
1777889789.9493325,12.0,-8.0,-84.0
1777889789.9593325,10.0,-4.0,-85.0
1777889789.9693325,9.0,-8.0,-83.0
1777889789.9793324,11.0,-6.0,-80.0
1777889789.9893324,4.0,-1.0,-77.0
1777889789.9993324,4.0,-2.0,-71.0
1777889790.0093324,2.0,-7.0,-72.0
1777889790.0193324,9.0,-10.0,-76.0
1777889790.0293324,7.0,-12.0,-80.0
1777889790.0403323,6.0,-10.0,-83.0
1777889790.0503323,4.0,-4.0,-85.0
1777889790.0603323,5.0,0.0,-81.0
1777889790.0703323,5.0,-2.0,-78.0
1777889790.0803325,5.0,-1.0,-78.0
1777889790.0903325,5.0,-2.0,-74.0
1777889790.1003325,8.0,1.0,-70.0
1777889790.1103325,8.0,-2.0,-67.0
1777889790.1203325,4.0,-5.0,-63.0
1777889790.1303325,1.0,-5.0,-60.0
1777889790.1403325,1.0,-5.0,-60.0
1777889790.1503325,2.0,-4.0,-67.0
1777889790.1603324,0.0,-4.0,-71.0
1777889790.1703324,0.0,-8.0,-71.0
1777889790.1803324,2.0,-11.0,-75.0
1777889790.1903324,1.0,-9.0,-76.0
1777889790.2003324,1.0,-7.0,-73.0
1777889790.2103324,0.0,-4.0,-75.0
1777889790.2203324,0.0,0.0,-78.0
1777889790.2303324,-2.0,-2.0,-69.0
1777889790.2403324,1.0,-2.0,-68.0
1777889790.2503324,3.0,-2.0,-65.0
1777889790.2603323,1.0,-3.0,-65.0
1777889790.2703323,1.0,-3.0,-68.0
1777889790.2803323,1.0,-4.0,-63.0
1777889790.2903323,6.0,-4.0,-62.0
1777889790.3003323,9.0,-6.0,-67.0
1777889790.3103323,6.0,-9.0,-68.0
1777889790.3203323,2.0,-6.0,-69.0
1777889790.3303325,4.0,-10.0,-74.0
1777889790.3403325,3.0,-10.0,-74.0
1777889790.3503325,6.0,-10.0,-82.0
1777889790.3603325,-2.0,-6.0,-83.0
1777889790.3703325,-5.0,-2.0,-81.0
1777889790.3803325,0.0,0.0,-77.0
1777889790.3903325,0.0,2.0,-75.0
1777889790.4003325,-2.0,5.0,-79.0
1777889790.4103324,0.0,6.0,-73.0
1777889790.4203324,1.0,6.0,-78.0
1777889790.4303324,0.0,0.0,-82.0
1777889790.4403324,0.0,-4.0,-79.0
1777889790.4503324,-4.0,-6.0,-79.0
1777889790.4603324,0.0,-6.0,-76.0
1777889790.4703324,1.0,-4.0,-72.0
1777889790.4803324,7.0,-6.0,-74.0
1777889790.4903324,8.0,0.0,-76.0
1777889790.5003324,7.0,-1.0,-74.0
1777889790.5103323,1.0,0.0,-75.0
1777889790.5203323,0.0,-4.0,-78.0
1777889790.5303323,1.0,-2.0,-86.0
1777889790.5403323,-1.0,-4.0,-87.0
1777889790.5503323,-1.0,-1.0,-88.0
1777889790.5603323,0.0,2.0,-85.0
1777889790.5703323,0.0,1.0,-77.0
1777889790.5803325,0.0,2.0,-71.0
1777889790.5903325,6.0,0.0,-70.0
1777889790.6003325,10.0,-1.0,-66.0
1777889790.6103325,11.0,-4.0,-75.0
1777889790.6203325,5.0,-6.0,-80.0
1777889790.6303325,2.0,-5.0,-78.0
1777889790.6403325,5.0,-3.0,-79.0
1777889790.6503325,0.0,-3.0,-81.0
1777889790.6603324,-2.0,-3.0,-82.0
1777889790.6703324,0.0,0.0,-83.0
1777889790.6803324,-5.0,1.0,-81.0
1777889790.6903324,-5.0,3.0,-85.0
1777889790.7003324,-2.0,-4.0,-88.0
1777889790.7103324,2.0,-8.0,-90.0
1777889790.7203324,1.0,-10.0,-80.0
1777889790.7303324,3.0,-7.0,-81.0
1777889790.7403324,6.0,-6.0,-83.0
1777889790.7503324,2.0,-2.0,-85.0
1777889790.7603323,0.0,-3.0,-82.0
1777889790.7703323,0.0,-1.0,-79.0
1777889790.7803323,0.0,-1.0,-81.0
1777889790.7903323,2.0,0.0,-87.0
1777889790.8003323,4.0,0.0,-90.0
1777889790.8103323,0.0,0.0,-85.0
1777889790.8203323,2.0,0.0,-79.0
1777889790.8303325,0.0,-1.0,-74.0
1777889790.8403325,3.0,-4.0,-72.0
1777889790.8503325,1.0,-5.0,-67.0
1777889790.8603325,0.0,-1.0,-70.0
1777889790.8703325,9.0,0.0,-72.0
1777889790.8803325,7.0,-1.0,-73.0
1777889790.8903325,3.0,1.0,-75.0
1777889790.9003325,1.0,0.0,-79.0
1777889790.9103324,0.0,0.0,-77.0
1777889790.9203324,2.0,-1.0,-80.0
1777889790.9303324,0.0,0.0,-80.0
1777889790.9403324,-2.0,-1.0,-80.0
1777889790.9503324,-2.0,0.0,-81.0
1777889790.9603324,-2.0,0.0,-80.0
1777889790.9703324,0.0,-2.0,-77.0
1777889790.9803324,0.0,-1.0,-75.0
1777889790.9903324,-1.0,-1.0,-79.0
1777889791.0003324,1.0,1.0,-81.0
1777889791.0103323,-2.0,3.0,-81.0
1777889791.0203323,-2.0,0.0,-76.0
1777889791.0303323,-4.0,-3.0,-78.0
1777889791.0403323,0.0,-4.0,-72.0
1777889791.0503323,0.0,2.0,-74.0
1777889791.0603323,-3.0,0.0,-75.0
1777889791.0703323,-2.0,0.0,-73.0
1777889791.0803325,0.0,-2.0,-76.0
1777889791.0903325,0.0,-2.0,-70.0
1777889791.1003325,1.0,-3.0,-79.0
1777889791.1103325,2.0,-2.0,-80.0
1777889791.1203325,4.0,-3.0,-76.0
1777889791.1303325,9.0,-3.0,-74.0
1777889791.1403325,6.0,-1.0,-72.0
1777889791.1503325,3.0,-3.0,-72.0
1777889791.1603324,7.0,0.0,-68.0
1777889791.1703324,4.0,-3.0,-66.0
1777889791.1803324,3.0,0.0,-59.0
1777889791.1903324,3.0,0.0,-61.0
1777889791.2003324,3.0,-1.0,-71.0
1777889791.2103324,0.0,0.0,-74.0
1777889791.2203324,1.0,-3.0,-69.0
1777889791.2303324,1.0,-4.0,-76.0
1777889791.2403324,1.0,-3.0,-75.0
1777889791.2503324,-1.0,-2.0,-77.0
1777889791.2603323,-5.0,0.0,-75.0
1777889791.2703323,-6.0,1.0,-71.0
1777889791.2803323,-4.0,-3.0,-71.0
1777889791.2903323,-1.0,0.0,-74.0
1777889791.3003323,-2.0,-3.0,-76.0
1777889791.3103323,-2.0,-3.0,-78.0
1777889791.3203323,-1.0,-4.0,-78.0
1777889791.3303325,0.0,-4.0,-74.0
1777889791.3403325,-2.0,-3.0,-71.0
1777889791.3503325,-5.0,-3.0,-72.0
1777889791.3603325,-2.0,-1.0,-74.0
1777889791.3703325,-3.0,0.0,-70.0
1777889791.3803325,-4.0,-2.0,-67.0
1777889791.3903325,-1.0,1.0,-69.0
1777889791.4003325,0.0,-2.0,-72.0
1777889791.4103324,-2.0,0.0,-76.0
1777889791.4203324,-3.0,-2.0,-80.0
1777889791.4303324,0.0,-2.0,-75.0
1777889791.4403324,0.0,-2.0,-80.0
1777889791.4503324,1.0,1.0,-73.0
1777889791.4603324,0.0,0.0,-70.0
1777889791.4703324,0.0,-3.0,-71.0
1777889791.4803324,-1.0,-5.0,-73.0
1777889791.4903324,0.0,-5.0,-71.0
1777889791.5003324,-2.0,-3.0,-75.0
1777889791.5103323,-3.0,-3.0,-81.0
1777889791.5203323,1.0,-4.0,-76.0
1777889791.5303323,1.0,0.0,-79.0
1777889791.5403323,0.0,2.0,-74.0
1777889791.5503323,0.0,2.0,-73.0
1777889791.5603323,0.0,5.0,-77.0
1777889791.5703323,1.0,4.0,-79.0
1777889791.5803325,1.0,-2.0,-76.0
1777889791.5903325,-1.0,-2.0,-74.0
1777889791.6003325,0.0,-3.0,-72.0
1777889791.6103325,0.0,-1.0,-73.0
1777889791.6203325,0.0,0.0,-68.0
1777889791.6303325,-2.0,-1.0,-70.0
1777889791.6403325,0.0,-1.0,-76.0
1777889791.6503325,0.0,-3.0,-79.0
1777889791.6603324,-2.0,-5.0,-82.0
1777889791.6703324,-4.0,0.0,-72.0
1777889791.6803324,-1.0,-1.0,-69.0
1777889791.6903324,1.0,-1.0,-70.0
1777889791.7003324,2.0,-2.0,-68.0
1777889791.7103324,2.0,1.0,-72.0
1777889791.7203324,-2.0,3.0,-68.0
1777889791.7303324,-4.0,0.0,-68.0
1777889791.7403324,-3.0,2.0,-66.0
1777889791.7503324,-1.0,1.0,-72.0
1777889791.7603323,-2.0,0.0,-72.0
1777889791.7703323,0.0,-1.0,-72.0
1777889791.7803323,-2.0,0.0,-69.0
1777889791.7903323,2.0,-2.0,-75.0
1777889791.8003323,4.0,-5.0,-77.0
1777889791.8103323,6.0,-1.0,-82.0
1777889791.8203323,4.0,-4.0,-77.0
1777889791.8303325,6.0,-3.0,-84.0
1777889791.8403325,2.0,-6.0,-84.0
1777889791.8503325,3.0,-10.0,-79.0
1777889791.8603325,0.0,-8.0,-71.0
1777889791.8703325,-3.0,-3.0,-74.0
1777889791.8803325,-4.0,-4.0,-70.0
1777889791.8903325,1.0,-8.0,-74.0
1777889791.9003325,2.0,-11.0,-70.0
1777889791.9103324,0.0,-11.0,-70.0
1777889791.9203324,0.0,-4.0,-71.0
1777889791.9303324,-3.0,-4.0,-71.0
1777889791.9403324,-2.0,-6.0,-69.0
1777889791.9503324,-1.0,-5.0,-69.0
1777889791.9603324,1.0,-2.0,-75.0
1777889791.9703324,2.0,-4.0,-78.0
1777889791.9803324,2.0,0.0,-75.0
1777889791.9903324,0.0,0.0,-77.0
1777889792.0003324,-6.0,0.0,-75.0
1777889792.0103323,-5.0,0.0,-79.0
1777889792.0203323,-1.0,-1.0,-78.0
1777889792.0313325,-4.0,1.0,-79.0
1777889792.0413325,6.0,1.0,-79.0
1777889792.0503323,9.0,3.0,-79.0
1777889792.0613325,5.0,-1.0,-81.0
1777889792.0713325,5.0,-2.0,-80.0
1777889792.0813324,6.0,-4.0,-83.0
1777889792.0913324,7.0,0.0,-70.0
1777889792.1013324,6.0,2.0,-68.0
1777889792.1113324,5.0,2.0,-64.0
1777889792.1213324,-3.0,6.0,-67.0
1777889792.1313324,-8.0,7.0,-76.0
1777889792.1413324,-7.0,3.0,-80.0
1777889792.1513324,-1.0,0.0,-73.0
1777889792.1613324,3.0,0.0,-78.0
1777889792.1713324,4.0,1.0,-76.0
1777889792.1813323,8.0,2.0,-70.0
1777889792.1913323,9.0,0.0,-78.0
1777889792.2013323,11.0,-4.0,-78.0
1777889792.2113323,4.0,-3.0,-74.0
1777889792.2213323,0.0,-3.0,-72.0
1777889792.2313323,0.0,-3.0,-75.0
1777889792.2413323,0.0,-5.0,-78.0
1777889792.2513323,2.0,-2.0,-76.0
1777889792.2613325,6.0,-2.0,-78.0
1777889792.2713325,1.0,0.0,-84.0
1777889792.2813325,0.0,-2.0,-92.0
1777889792.2913325,1.0,-5.0,-88.0
1777889792.3013325,0.0,-2.0,-82.0
1777889792.3113325,0.0,0.0,-78.0
1777889792.3213325,0.0,-1.0,-75.0
1777889792.3313324,-1.0,-1.0,-77.0
1777889792.3413324,3.0,0.0,-72.0
1777889792.3513324,2.0,1.0,-68.0
1777889792.3613324,1.0,-1.0,-71.0
1777889792.3713324,-2.0,1.0,-72.0
1777889792.3813324,2.0,1.0,-77.0
1777889792.3913324,2.0,0.0,-79.0
1777889792.4013324,0.0,0.0,-77.0
1777889792.4113324,-2.0,0.0,-76.0
1777889792.4213324,1.0,-1.0,-83.0
1777889792.4313323,5.0,-1.0,-85.0
1777889792.4413323,7.0,-4.0,-90.0
1777889792.4513323,11.0,-1.0,-87.0
1777889792.4613323,8.0,0.0,-83.0
1777889792.4713323,6.0,-1.0,-80.0
1777889792.4813323,5.0,0.0,-76.0
1777889792.4913323,2.0,-5.0,-72.0
1777889792.5013323,2.0,-10.0,-75.0
1777889792.5113325,2.0,-10.0,-83.0
1777889792.5213325,-1.0,-11.0,-87.0
1777889792.5313325,0.0,-10.0,-86.0
1777889792.5413325,5.0,-6.0,-81.0
1777889792.5513325,6.0,0.0,-76.0
1777889792.5613325,3.0,4.0,-72.0
1777889792.5713325,0.0,1.0,-67.0
1777889792.5813324,-5.0,2.0,-60.0
1777889792.5913324,-5.0,-3.0,-64.0
1777889792.6013324,-5.0,-3.0,-64.0
1777889792.6113324,-4.0,-6.0,-64.0
1777889792.6213324,-5.0,-4.0,-67.0
1777889792.6313324,-1.0,-3.0,-65.0
1777889792.6413324,0.0,-6.0,-63.0
1777889792.6513324,0.0,-6.0,-69.0
1777889792.6613324,2.0,-6.0,-68.0
1777889792.6713324,1.0,0.0,-72.0
1777889792.6813323,3.0,0.0,-77.0
1777889792.6913323,2.0,-1.0,-72.0
1777889792.7013323,1.0,0.0,-68.0
1777889792.7113323,2.0,-1.0,-71.0
1777889792.7213323,4.0,0.0,-73.0
1777889792.7313323,7.0,1.0,-80.0
1777889792.7413323,5.0,1.0,-83.0
1777889792.7513323,7.0,0.0,-87.0
1777889792.7613325,6.0,0.0,-87.0
1777889792.7713325,-1.0,-3.0,-81.0
1777889792.7813325,1.0,-7.0,-85.0
1777889792.7913325,3.0,-6.0,-82.0
1777889792.8013325,3.0,-4.0,-80.0
1777889792.8113325,6.0,-3.0,-82.0
1777889792.8213325,2.0,-7.0,-86.0
1777889792.8313324,5.0,-11.0,-94.0
1777889792.8413324,3.0,-5.0,-96.0
1777889792.8513324,3.0,-2.0,-87.0
1777889792.8613324,3.0,0.0,-83.0
1777889792.8713324,1.0,0.0,-84.0
1777889792.8813324,-1.0,0.0,-78.0
1777889792.8913324,-4.0,1.0,-80.0
1777889792.9013324,-4.0,5.0,-81.0
1777889792.9113324,-3.0,9.0,-80.0
1777889792.9213324,-4.0,12.0,-75.0
1777889792.9313323,-11.0,9.0,-76.0
1777889792.9413323,-10.0,5.0,-83.0
1777889792.9513323,-8.0,1.0,-83.0
1777889792.9613323,-5.0,-2.0,-81.0
1777889792.9713323,-4.0,1.0,-85.0
1777889792.9813323,-1.0,-2.0,-83.0
1777889792.9913323,-2.0,-2.0,-85.0
1777889793.0013323,0.0,-4.0,-86.0
1777889793.0113325,0.0,-4.0,-80.0
1777889793.0213325,3.0,0.0,-74.0
1777889793.0313325,3.0,0.0,-73.0
1777889793.0413325,7.0,0.0,-81.0
1777889793.0513325,2.0,0.0,-73.0
1777889793.0613325,3.0,-1.0,-72.0
1777889793.0713325,5.0,2.0,-74.0
1777889793.0813324,9.0,-1.0,-72.0
1777889793.0913324,10.0,-1.0,-72.0
1777889793.1013324,10.0,-1.0,-67.0
1777889793.1113324,10.0,-2.0,-70.0
1777889793.1213324,7.0,-1.0,-73.0
1777889793.1313324,8.0,0.0,-71.0
1777889793.1413324,7.0,0.0,-76.0
1777889793.1513324,5.0,-1.0,-74.0
1777889793.1613324,0.0,-3.0,-76.0
1777889793.1713324,1.0,-5.0,-74.0
1777889793.1813323,3.0,-7.0,-79.0
1777889793.1913323,0.0,-8.0,-73.0
1777889793.2013323,2.0,-6.0,-74.0
1777889793.2113323,6.0,-4.0,-69.0
1777889793.2213323,3.0,-3.0,-72.0
1777889793.2313323,-2.0,-1.0,-67.0
1777889793.2413323,-3.0,-1.0,-67.0
1777889793.2513323,0.0,0.0,-70.0
1777889793.2613325,2.0,0.0,-71.0
1777889793.2713325,1.0,-1.0,-69.0
1777889793.2813325,1.0,1.0,-69.0
1777889793.2913325,2.0,-1.0,-67.0
1777889793.3013325,-2.0,-7.0,-72.0
1777889793.3113325,-2.0,-7.0,-70.0
1777889793.3213325,0.0,-6.0,-68.0
1777889793.3313324,1.0,-5.0,-70.0
1777889793.3413324,0.0,-7.0,-74.0
1777889793.3513324,1.0,-7.0,-76.0
1777889793.3613324,5.0,-7.0,-79.0
1777889793.3713324,4.0,-4.0,-74.0
1777889793.3813324,6.0,0.0,-71.0
1777889793.3913324,3.0,-2.0,-78.0
1777889793.4013324,1.0,-4.0,-76.0
1777889793.4113324,-3.0,-3.0,-78.0
1777889793.4213324,-2.0,-3.0,-79.0
1777889793.4313323,0.0,-5.0,-84.0
1777889793.4413323,-1.0,-3.0,-78.0
1777889793.4513323,0.0,-3.0,-73.0
1777889793.4613323,-1.0,-3.0,-70.0
1777889793.4713323,-2.0,-3.0,-70.0
1777889793.4813323,-6.0,1.0,-71.0
1777889793.4913323,-6.0,-1.0,-76.0
1777889793.5013323,-6.0,-3.0,-79.0
1777889793.5113325,-4.0,-2.0,-80.0
1777889793.5213325,-5.0,-2.0,-76.0
1777889793.5313325,-6.0,-2.0,-80.0
1777889793.5413325,-9.0,-3.0,-78.0
1777889793.5513325,-10.0,-3.0,-78.0
1777889793.5613325,-7.0,0.0,-76.0
1777889793.5713325,-7.0,-2.0,-71.0
1777889793.5813324,0.0,-3.0,-68.0
1777889793.5913324,6.0,-6.0,-69.0
1777889793.6013324,1.0,-4.0,-71.0
1777889793.6113324,-1.0,-3.0,-69.0
1777889793.6213324,0.0,0.0,-73.0
1777889793.6313324,-2.0,-2.0,-77.0
1777889793.6413324,-3.0,-5.0,-70.0
1777889793.6513324,0.0,-4.0,-72.0
1777889793.6613324,1.0,-3.0,-73.0
1777889793.6713324,-4.0,-2.0,-72.0
1777889793.6813323,-4.0,-1.0,-73.0
1777889793.6913323,0.0,-4.0,-76.0
1777889793.7013323,0.0,2.0,-73.0
1777889793.7113323,0.0,2.0,-70.0
1777889793.7213323,2.0,2.0,-71.0
1777889793.7313323,4.0,2.0,-72.0
1777889793.7413323,6.0,2.0,-67.0
1777889793.7513323,10.0,3.0,-67.0
1777889793.7613325,9.0,3.0,-70.0
1777889793.7713325,3.0,-1.0,-71.0
1777889793.7813325,4.0,-1.0,-71.0
1777889793.7913325,4.0,-3.0,-74.0
1777889793.8013325,5.0,-5.0,-77.0
1777889793.8113325,5.0,-6.0,-80.0
1777889793.8213325,2.0,-6.0,-84.0
1777889793.8313324,2.0,-5.0,-84.0
1777889793.8413324,-1.0,-5.0,-82.0
1777889793.8513324,1.0,-8.0,-84.0
1777889793.8613324,3.0,-5.0,-90.0
1777889793.8713324,8.0,-5.0,-85.0
1777889793.8813324,7.0,-5.0,-77.0
1777889793.8913324,6.0,-4.0,-76.0
1777889793.9013324,1.0,0.0,-76.0
1777889793.9113324,-1.0,-1.0,-72.0
1777889793.9213324,-4.0,-4.0,-77.0
1777889793.9313323,-4.0,-2.0,-72.0
1777889793.9413323,0.0,1.0,-74.0
1777889793.9513323,0.0,1.0,-74.0
1777889793.9613323,-4.0,-3.0,-79.0
1777889793.9713323,-4.0,-6.0,-77.0
1777889793.9813323,-5.0,-7.0,-81.0
1777889793.9913323,-4.0,-7.0,-83.0
1777889794.0013323,1.0,-1.0,-85.0
1777889794.0113325,3.0,-3.0,-84.0
1777889794.0213325,2.0,-3.0,-91.0
1777889794.0313325,2.0,0.0,-91.0
1777889794.0423324,0.0,0.0,-84.0
1777889794.0523324,1.0,0.0,-82.0
1777889794.0623324,4.0,0.0,-80.0
1777889794.0723324,4.0,1.0,-81.0
1777889794.0823324,1.0,4.0,-85.0
1777889794.0923324,2.0,3.0,-87.0
1777889794.1023324,2.0,0.0,-79.0
1777889794.1123323,1.0,2.0,-69.0
1777889794.1223323,3.0,1.0,-71.0
1777889794.1323323,3.0,2.0,-70.0
1777889794.1423323,-2.0,4.0,-72.0
1777889794.1523323,0.0,0.0,-77.0
1777889794.1623323,0.0,-1.0,-79.0
1777889794.1723323,0.0,-2.0,-75.0
1777889794.1823325,1.0,-4.0,-70.0
1777889794.1923325,2.0,-3.0,-73.0
1777889794.2023325,5.0,-3.0,-72.0
1777889794.2123325,2.0,-2.0,-75.0
1777889794.2223325,0.0,-2.0,-76.0
1777889794.2323325,-2.0,-3.0,-80.0
1777889794.2423325,4.0,0.0,-78.0
1777889794.2523324,7.0,4.0,-81.0
1777889794.2623324,2.0,3.0,-72.0
1777889794.2723324,0.0,1.0,-73.0
1777889794.2823324,-1.0,0.0,-71.0
1777889794.2923324,-3.0,-2.0,-68.0
1777889794.3023324,-2.0,-1.0,-70.0
1777889794.3123324,0.0,0.0,-73.0
1777889794.3223324,-1.0,1.0,-76.0
1777889794.3323324,0.0,-1.0,-77.0
1777889794.3423324,-2.0,-5.0,-81.0
1777889794.3523324,0.0,-4.0,-81.0
1777889794.3623323,1.0,-7.0,-80.0
1777889794.3723323,-4.0,-5.0,-80.0
1777889794.3823323,0.0,-8.0,-84.0
1777889794.3923323,-1.0,-9.0,-82.0
1777889794.4023323,-1.0,-7.0,-80.0
1777889794.4123323,-1.0,-5.0,-80.0
1777889794.4223323,2.0,-8.0,-84.0
1777889794.4323325,5.0,-2.0,-83.0
1777889794.4423325,7.0,-2.0,-83.0
1777889794.4523325,5.0,-4.0,-85.0
1777889794.4623325,2.0,-7.0,-83.0
1777889794.4723325,5.0,-4.0,-73.0
1777889794.4823325,3.0,-2.0,-65.0
1777889794.4923325,3.0,-3.0,-65.0
1777889794.5023324,5.0,-4.0,-63.0
1777889794.5123324,6.0,-4.0,-76.0
1777889794.5223324,3.0,-6.0,-83.0
1777889794.5323324,2.0,-8.0,-86.0
1777889794.5423324,6.0,-6.0,-90.0
1777889794.5523324,4.0,-2.0,-85.0
1777889794.5623324,5.0,-2.0,-81.0
1777889794.5723324,8.0,-3.0,-85.0
1777889794.5823324,10.0,0.0,-83.0
1777889794.5923324,7.0,5.0,-78.0
1777889794.6023324,3.0,3.0,-77.0
1777889794.6123323,4.0,0.0,-72.0
1777889794.6223323,0.0,-5.0,-75.0
1777889794.6323323,-4.0,-3.0,-77.0
1777889794.6423323,-3.0,-1.0,-74.0
1777889794.6523323,-2.0,2.0,-77.0
1777889794.6623323,-3.0,4.0,-78.0
1777889794.6723323,-2.0,4.0,-81.0
1777889794.6823325,0.0,0.0,-78.0
1777889794.6923325,-2.0,-4.0,-76.0
1777889794.7023325,-2.0,-3.0,-72.0
1777889794.7123325,0.0,-2.0,-69.0
1777889794.7223325,-3.0,2.0,-74.0
1777889794.7323325,-3.0,-2.0,-75.0
1777889794.7423325,-1.0,-5.0,-87.0
1777889794.7523324,-2.0,-2.0,-86.0
1777889794.7623324,-2.0,-1.0,-78.0
1777889794.7723324,-2.0,-1.0,-70.0
1777889794.7823324,0.0,0.0,-70.0
1777889794.7923324,2.0,2.0,-75.0
1777889794.8023324,3.0,4.0,-79.0
1777889794.8123324,4.0,1.0,-80.0
1777889794.8223324,5.0,-1.0,-74.0
1777889794.8323324,4.0,0.0,-77.0
1777889794.8423324,5.0,1.0,-81.0
1777889794.8523324,7.0,-4.0,-80.0
1777889794.8623323,3.0,-3.0,-77.0
1777889794.8723323,-2.0,-5.0,-77.0
1777889794.8823323,0.0,-6.0,-73.0
1777889794.8923323,0.0,-7.0,-75.0
1777889794.9023323,0.0,-10.0,-75.0
1777889794.9123323,1.0,-10.0,-79.0
1777889794.9223323,2.0,-9.0,-82.0
1777889794.9323325,1.0,-5.0,-84.0
1777889794.9423325,7.0,-8.0,-84.0
1777889794.9523325,9.0,-7.0,-79.0
1777889794.9623325,7.0,-3.0,-71.0
1777889794.9723325,5.0,-1.0,-69.0
1777889794.9823325,4.0,-1.0,-72.0
1777889794.9923325,5.0,0.0,-73.0
1777889795.0023324,9.0,-1.0,-71.0
1777889795.0123324,10.0,-4.0,-73.0
1777889795.0223324,5.0,-4.0,-73.0
1777889795.0323324,6.0,-2.0,-79.0
1777889795.0423324,4.0,-3.0,-81.0
1777889795.0523324,7.0,-3.0,-86.0
1777889795.0623324,2.0,-4.0,-79.0
1777889795.0723324,2.0,0.0,-80.0
1777889795.0823324,2.0,0.0,-81.0
1777889795.0923324,7.0,-5.0,-75.0
1777889795.1023324,6.0,-4.0,-75.0
1777889795.1123323,4.0,-1.0,-71.0
1777889795.1223323,4.0,-1.0,-77.0
1777889795.1323323,4.0,-4.0,-69.0
1777889795.1423323,1.0,-3.0,-75.0
1777889795.1523323,2.0,-3.0,-72.0
1777889795.1623323,-1.0,3.0,-69.0
1777889795.1723323,-2.0,1.0,-67.0
1777889795.1823325,-3.0,-1.0,-68.0
1777889795.1923325,-1.0,0.0,-70.0
1777889795.2023325,0.0,1.0,-71.0
1777889795.2123325,-1.0,4.0,-75.0
1777889795.2223325,0.0,4.0,-74.0
1777889795.2323325,1.0,2.0,-79.0
1777889795.2423325,0.0,1.0,-83.0
1777889795.2523324,-3.0,0.0,-84.0
1777889795.2623324,-6.0,0.0,-78.0
1777889795.2723324,-5.0,0.0,-84.0
1777889795.2823324,-3.0,-1.0,-87.0
1777889795.2923324,-4.0,-4.0,-88.0
1777889795.3023324,-2.0,-1.0,-82.0
1777889795.3123324,-3.0,0.0,-76.0
1777889795.3223324,0.0,5.0,-76.0
1777889795.3323324,4.0,3.0,-82.0
1777889795.3423324,7.0,0.0,-81.0
1777889795.3523324,6.0,2.0,-79.0
1777889795.3623323,5.0,0.0,-83.0
1777889795.3723323,3.0,4.0,-85.0
1777889795.3823323,2.0,6.0,-74.0
1777889795.3923323,0.0,7.0,-79.0
1777889795.4023323,0.0,6.0,-81.0
1777889795.4123323,-1.0,4.0,-87.0
1777889795.4223323,-1.0,3.0,-88.0
1777889795.4323325,-1.0,3.0,-84.0
1777889795.4423325,-4.0,5.0,-83.0
1777889795.4523325,-4.0,7.0,-86.0
1777889795.4623325,-2.0,6.0,-83.0
1777889795.4723325,-1.0,3.0,-80.0
1777889795.4823325,5.0,0.0,-80.0
1777889795.4923325,4.0,0.0,-84.0
1777889795.5023324,0.0,-2.0,-83.0
1777889795.5123324,-3.0,0.0,-78.0
1777889795.5223324,-7.0,3.0,-80.0
1777889795.5323324,-6.0,0.0,-74.0
1777889795.5423324,-3.0,1.0,-73.0
1777889795.5523324,4.0,3.0,-72.0
1777889795.5623324,5.0,1.0,-76.0
1777889795.5723324,4.0,1.0,-74.0
1777889795.5823324,4.0,-1.0,-79.0
1777889795.5923324,2.0,2.0,-77.0
1777889795.6023324,5.0,3.0,-73.0
1777889795.6123323,9.0,-1.0,-75.0
1777889795.6223323,12.0,-3.0,-74.0
1777889795.6323323,7.0,0.0,-77.0
1777889795.6423323,7.0,3.0,-76.0
1777889795.6523323,8.0,1.0,-75.0
1777889795.6623323,7.0,1.0,-70.0
1777889795.6723323,7.0,-2.0,-65.0
1777889795.6823325,5.0,-1.0,-69.0
1777889795.6923325,5.0,-1.0,-75.0
1777889795.7023325,4.0,-3.0,-81.0
1777889795.7123325,3.0,-6.0,-80.0
1777889795.7223325,1.0,-3.0,-79.0
1777889795.7323325,1.0,-5.0,-76.0
1777889795.7423325,1.0,-3.0,-74.0
1777889795.7523324,-2.0,-1.0,-76.0
1777889795.7623324,-3.0,3.0,-81.0
1777889795.7723324,-4.0,1.0,-76.0
1777889795.7823324,-2.0,3.0,-87.0
1777889795.7923324,-1.0,0.0,-91.0
1777889795.8023324,-3.0,0.0,-84.0
1777889795.8123324,-1.0,-2.0,-84.0
1777889795.8223324,-6.0,0.0,-86.0
1777889795.8323324,-4.0,0.0,-84.0
1777889795.8423324,-1.0,2.0,-75.0
1777889795.8523324,0.0,3.0,-69.0
1777889795.8623323,3.0,-2.0,-68.0
1777889795.8723323,1.0,-1.0,-73.0
1777889795.8823323,0.0,-2.0,-70.0
1777889795.8923323,-1.0,2.0,-69.0
1777889795.9023323,-4.0,6.0,-69.0
1777889795.9123323,-4.0,7.0,-65.0
1777889795.9223323,0.0,9.0,-60.0
1777889795.9323325,-1.0,7.0,-55.0
1777889795.9423325,0.0,6.0,-62.0
1777889795.9523325,0.0,6.0,-67.0
1777889795.9623325,1.0,7.0,-65.0
1777889795.9723325,1.0,8.0,-67.0
1777889795.9823325,1.0,7.0,-77.0
1777889795.9923325,1.0,3.0,-80.0
1777889796.0033324,4.0,0.0,-76.0
1777889796.0133324,2.0,0.0,-79.0
1777889796.0233324,1.0,-2.0,-77.0
1777889796.0333323,0.0,0.0,-74.0
1777889796.0433323,-4.0,-2.0,-78.0
1777889796.0533323,-1.0,-2.0,-77.0
1777889796.0633323,0.0,1.0,-65.0
1777889796.0733323,4.0,0.0,-63.0
1777889796.0833323,10.0,-3.0,-64.0
1777889796.0933323,3.0,-5.0,-66.0
1777889796.1033323,0.0,-7.0,-75.0
1777889796.1133325,-1.0,-3.0,-68.0
1777889796.1233325,-3.0,2.0,-68.0
1777889796.1333325,-1.0,2.0,-74.0
1777889796.1433325,1.0,1.0,-79.0
1777889796.1533325,3.0,1.0,-81.0
1777889796.1633325,6.0,1.0,-89.0
1777889796.1733325,9.0,1.0,-86.0
1777889796.1833324,6.0,1.0,-77.0
1777889796.1933324,2.0,0.0,-75.0
1777889796.2033324,1.0,0.0,-77.0
1777889796.2133324,0.0,1.0,-77.0
1777889796.2233324,0.0,1.0,-79.0
1777889796.2333324,-1.0,2.0,-82.0
1777889796.2433324,-2.0,1.0,-83.0
1777889796.2533324,-7.0,5.0,-79.0
1777889796.2633324,-4.0,8.0,-82.0
1777889796.2733324,0.0,8.0,-81.0
1777889796.2833323,-2.0,2.0,-78.0
1777889796.2933323,0.0,1.0,-79.0
1777889796.3033323,5.0,2.0,-75.0
1777889796.3133323,7.0,3.0,-70.0
1777889796.3233323,9.0,4.0,-74.0
1777889796.3333323,10.0,1.0,-74.0
1777889796.3433323,12.0,0.0,-68.0
1777889796.3533323,9.0,-2.0,-72.0
1777889796.3633325,7.0,0.0,-67.0
1777889796.3733325,5.0,2.0,-65.0
1777889796.3833325,4.0,0.0,-68.0
1777889796.3933325,0.0,2.0,-65.0
1777889796.4033325,7.0,0.0,-66.0
1777889796.4133325,9.0,0.0,-74.0
1777889796.4233325,4.0,0.0,-75.0
1777889796.4333324,4.0,0.0,-76.0
1777889796.4433324,5.0,0.0,-77.0
1777889796.4533324,6.0,0.0,-74.0
1777889796.4633324,7.0,-1.0,-78.0
1777889796.4733324,5.0,-1.0,-78.0
1777889796.4833324,3.0,2.0,-74.0
1777889796.4933324,3.0,0.0,-78.0
1777889796.5033324,-1.0,1.0,-82.0
1777889796.5133324,2.0,2.0,-82.0
1777889796.5233324,5.0,4.0,-80.0
1777889796.5333323,1.0,9.0,-80.0
1777889796.5433323,0.0,8.0,-79.0
1777889796.5533323,-1.0,7.0,-77.0
1777889796.5633323,0.0,3.0,-78.0
1777889796.5733323,0.0,4.0,-81.0
1777889796.5833323,-1.0,0.0,-80.0
1777889796.5933323,-2.0,0.0,-83.0
1777889796.6033323,-9.0,0.0,-77.0
1777889796.6133325,-5.0,0.0,-78.0
1777889796.6233325,-4.0,0.0,-77.0
1777889796.6333325,-3.0,0.0,-75.0
1777889796.6433325,-3.0,-2.0,-78.0
1777889796.6533325,-3.0,2.0,-82.0
1777889796.6633325,-1.0,1.0,-84.0
1777889796.6733325,-3.0,-3.0,-78.0
1777889796.6833324,-5.0,-2.0,-80.0
1777889796.6933324,-5.0,-2.0,-78.0
1777889796.7033324,0.0,-5.0,-81.0
1777889796.7133324,0.0,-8.0,-76.0
1777889796.7233324,1.0,-9.0,-78.0
1777889796.7333324,2.0,-10.0,-77.0
1777889796.7433324,1.0,-7.0,-75.0
1777889796.7533324,-2.0,-2.0,-77.0
1777889796.7633324,2.0,1.0,-79.0
1777889796.7733324,4.0,-1.0,-78.0
1777889796.7833323,5.0,-5.0,-77.0
1777889796.7933323,3.0,-2.0,-76.0
1777889796.8033323,3.0,-1.0,-74.0
1777889796.8133323,-2.0,-1.0,-69.0
1777889796.8233323,0.0,-2.0,-69.0
1777889796.8333323,4.0,-6.0,-72.0
1777889796.8433323,7.0,-8.0,-78.0
1777889796.8533323,7.0,-6.0,-77.0
1777889796.8633325,0.0,-5.0,-77.0
1777889796.8733325,3.0,-1.0,-73.0
1777889796.8833325,0.0,-3.0,-68.0
1777889796.8933325,0.0,-2.0,-74.0
1777889796.9033325,0.0,-1.0,-81.0
1777889796.9133325,0.0,0.0,-74.0
1777889796.9233325,0.0,-6.0,-69.0
1777889796.9333324,2.0,-8.0,-73.0
1777889796.9433324,2.0,-5.0,-76.0
1777889796.9533324,3.0,-4.0,-84.0
1777889796.9633324,5.0,0.0,-76.0
1777889796.9733324,7.0,-1.0,-72.0
1777889796.9833324,4.0,-4.0,-72.0
1777889796.9933324,3.0,-3.0,-70.0
1777889797.0033324,5.0,-3.0,-73.0
1777889797.0133324,6.0,-2.0,-80.0
1777889797.0233324,9.0,-4.0,-84.0
1777889797.0333323,6.0,-2.0,-83.0
1777889797.0433323,-2.0,-4.0,-82.0
1777889797.0533323,-2.0,-4.0,-83.0
1777889797.0633323,-2.0,-4.0,-81.0
1777889797.0733323,0.0,-4.0,-80.0
1777889797.0833323,3.0,-1.0,-71.0
1777889797.0933323,8.0,-3.0,-65.0
1777889797.1033323,6.0,0.0,-66.0
1777889797.1133325,1.0,0.0,-69.0
1777889797.1233325,0.0,3.0,-69.0
1777889797.1333325,0.0,5.0,-75.0
1777889797.1433325,0.0,4.0,-75.0
1777889797.1533325,-1.0,2.0,-79.0
1777889797.1633325,-6.0,1.0,-77.0
1777889797.1733325,-4.0,3.0,-81.0
1777889797.1833324,-4.0,2.0,-82.0
1777889797.1933324,0.0,1.0,-75.0
1777889797.2033324,4.0,0.0,-74.0
1777889797.2133324,2.0,0.0,-78.0
1777889797.2233324,3.0,1.0,-83.0
1777889797.2333324,3.0,5.0,-81.0
1777889797.2433324,1.0,1.0,-81.0
1777889797.2533324,5.0,4.0,-81.0
1777889797.2633324,5.0,4.0,-83.0
1777889797.2733324,1.0,3.0,-84.0
1777889797.2833323,-1.0,3.0,-83.0
1777889797.2933323,-3.0,3.0,-83.0
1777889797.3033323,2.0,0.0,-71.0
1777889797.3133323,0.0,-2.0,-73.0
1777889797.3233323,-9.0,-2.0,-70.0
1777889797.3333323,-10.0,-6.0,-74.0
1777889797.3433323,-8.0,-11.0,-77.0
1777889797.3533323,-4.0,-12.0,-77.0
1777889797.3633325,0.0,-15.0,-79.0
1777889797.3733325,-4.0,-11.0,-80.0
1777889797.3833325,-2.0,-10.0,-74.0
1777889797.3933325,2.0,-4.0,-66.0
1777889797.4033325,1.0,-3.0,-71.0
1777889797.4133325,2.0,-2.0,-71.0
1777889797.4233325,-1.0,-2.0,-64.0
1777889797.4333324,0.0,-3.0,-69.0
1777889797.4433324,2.0,0.0,-69.0
1777889797.4533324,0.0,-1.0,-74.0
1777889797.4633324,1.0,-1.0,-80.0
1777889797.4733324,-5.0,0.0,-77.0
1777889797.4833324,-10.0,1.0,-84.0
1777889797.4933324,-9.0,0.0,-77.0
1777889797.5033324,-9.0,-2.0,-72.0
1777889797.5133324,-4.0,-3.0,-71.0
1777889797.5233324,2.0,-7.0,-72.0
1777889797.5333323,1.0,-9.0,-74.0
1777889797.5433323,-1.0,-4.0,-78.0
1777889797.5533323,-1.0,-2.0,-83.0
1777889797.5633323,0.0,-4.0,-79.0
1777889797.5733323,3.0,-7.0,-76.0
1777889797.5833323,5.0,-6.0,-75.0
1777889797.5933323,3.0,-4.0,-72.0
1777889797.6033323,3.0,-2.0,-73.0
1777889797.6133325,4.0,-2.0,-76.0
1777889797.6233325,4.0,-1.0,-76.0
1777889797.6333325,4.0,0.0,-79.0
1777889797.6433325,0.0,-2.0,-81.0
1777889797.6533325,0.0,-2.0,-79.0
1777889797.6633325,2.0,0.0,-80.0
1777889797.6733325,1.0,-2.0,-78.0
1777889797.6833324,-2.0,-3.0,-81.0
1777889797.6933324,0.0,-2.0,-85.0
1777889797.7033324,-2.0,-1.0,-90.0
1777889797.7133324,-4.0,3.0,-84.0
1777889797.7233324,-1.0,1.0,-84.0
1777889797.7333324,0.0,4.0,-79.0
1777889797.7433324,1.0,1.0,-78.0
1777889797.7533324,-1.0,1.0,-72.0
1777889797.7633324,0.0,5.0,-69.0
1777889797.7733324,2.0,1.0,-71.0
1777889797.7833323,4.0,0.0,-69.0
1777889797.7933323,4.0,3.0,-66.0
1777889797.8033323,3.0,3.0,-70.0
1777889797.8133323,0.0,4.0,-74.0
1777889797.8233323,0.0,2.0,-79.0
1777889797.8333323,0.0,1.0,-80.0
1777889797.8433323,3.0,-1.0,-74.0
1777889797.8533323,3.0,0.0,-76.0
1777889797.8633325,6.0,-1.0,-76.0
1777889797.8733325,6.0,-1.0,-80.0
1777889797.8833325,4.0,-1.0,-79.0
1777889797.8933325,2.0,-1.0,-85.0
1777889797.9033325,3.0,0.0,-85.0
1777889797.9133325,3.0,0.0,-80.0
1777889797.9233325,1.0,-1.0,-83.0
1777889797.9333324,0.0,-4.0,-79.0
1777889797.9433324,2.0,-6.0,-79.0
1777889797.9533324,8.0,-8.0,-83.0
1777889797.9633324,2.0,-5.0,-81.0
1777889797.9733324,-1.0,-6.0,-86.0
1777889797.9833324,0.0,-3.0,-83.0
1777889797.9933324,4.0,1.0,-75.0
1777889798.0043323,3.0,0.0,-72.0
1777889798.0133324,1.0,0.0,-69.0
1777889798.0243323,-2.0,-4.0,-76.0
1777889798.0343325,0.0,-2.0,-82.0
1777889798.0443325,3.0,-5.0,-84.0
1777889798.0543325,0.0,0.0,-83.0
1777889798.0633323,-3.0,-1.0,-77.0
1777889798.0743325,-1.0,0.0,-79.0
1777889798.0843325,0.0,1.0,-76.0
1777889798.0943325,0.0,1.0,-75.0
1777889798.1043324,-1.0,1.0,-76.0
1777889798.1133325,0.0,0.0,-80.0
1777889798.1243324,0.0,-3.0,-76.0
1777889798.1343324,0.0,-4.0,-78.0
1777889798.1443324,3.0,0.0,-76.0
1777889798.1543324,-3.0,0.0,-75.0
1777889798.1643324,0.0,-1.0,-84.0
1777889798.1743324,0.0,-3.0,-86.0
1777889798.1843324,-1.0,-5.0,-89.0
1777889798.1943324,3.0,-7.0,-82.0
1777889798.2043324,4.0,-6.0,-73.0
1777889798.2143323,3.0,-5.0,-70.0
1777889798.2243323,5.0,0.0,-70.0
1777889798.2343323,4.0,3.0,-72.0
1777889798.2443323,4.0,5.0,-72.0
1777889798.2543323,7.0,4.0,-74.0
1777889798.2643323,7.0,3.0,-75.0
1777889798.2743323,4.0,2.0,-81.0
1777889798.2843325,1.0,0.0,-79.0
1777889798.2943325,-2.0,-1.0,-76.0
1777889798.3043325,-2.0,-2.0,-70.0
1777889798.3143325,-2.0,-2.0,-72.0
1777889798.3243325,-4.0,-1.0,-73.0
1777889798.3343325,-2.0,6.0,-63.0
1777889798.3443325,0.0,5.0,-63.0
1777889798.3543324,0.0,5.0,-59.0
1777889798.3643324,3.0,5.0,-68.0
1777889798.3743324,7.0,2.0,-66.0
1777889798.3843324,8.0,0.0,-67.0
1777889798.3943324,12.0,1.0,-66.0
1777889798.4043324,10.0,0.0,-70.0
1777889798.4143324,7.0,-1.0,-75.0
1777889798.4243324,7.0,-1.0,-75.0
1777889798.4343324,5.0,0.0,-71.0
1777889798.4443324,0.0,0.0,-76.0
1777889798.4543324,4.0,-2.0,-78.0
1777889798.4643323,7.0,-3.0,-76.0
1777889798.4743323,8.0,-2.0,-78.0
1777889798.4843323,7.0,-2.0,-77.0
1777889798.4943323,6.0,0.0,-70.0
1777889798.5043323,5.0,1.0,-72.0
1777889798.5143323,4.0,1.0,-71.0
1777889798.5243323,0.0,1.0,-72.0
1777889798.5343325,0.0,1.0,-75.0
1777889798.5443325,-1.0,-5.0,-82.0
1777889798.5543325,-2.0,-6.0,-86.0
1777889798.5643325,-4.0,-2.0,-84.0
1777889798.5743325,-2.0,3.0,-79.0
1777889798.5843325,-2.0,0.0,-81.0
1777889798.5943325,1.0,0.0,-74.0
1777889798.6043324,0.0,-1.0,-75.0
1777889798.6143324,1.0,0.0,-80.0
1777889798.6243324,1.0,0.0,-73.0
1777889798.6343324,1.0,3.0,-70.0
1777889798.6443324,0.0,0.0,-72.0
1777889798.6543324,0.0,-3.0,-70.0
1777889798.6643324,-1.0,1.0,-72.0
1777889798.6743324,0.0,0.0,-72.0
1777889798.6843324,3.0,2.0,-74.0
1777889798.6943324,1.0,2.0,-74.0
1777889798.7043324,2.0,-3.0,-75.0
1777889798.7143323,1.0,-2.0,-79.0
1777889798.7243323,0.0,0.0,-75.0
1777889798.7343323,-3.0,0.0,-72.0
1777889798.7443323,0.0,0.0,-68.0
1777889798.7543323,-1.0,2.0,-61.0
1777889798.7643323,-2.0,2.0,-66.0
1777889798.7743323,-3.0,2.0,-65.0
1777889798.7843325,0.0,1.0,-64.0
1777889798.7943325,3.0,1.0,-69.0
1777889798.8043325,0.0,1.0,-70.0
1777889798.8143325,-2.0,0.0,-75.0
1777889798.8243325,3.0,0.0,-73.0
1777889798.8343325,0.0,0.0,-69.0
1777889798.8443325,-1.0,0.0,-66.0
1777889798.8543324,2.0,1.0,-68.0
1777889798.8643324,3.0,2.0,-70.0
1777889798.8743324,6.0,1.0,-67.0
1777889798.8843324,7.0,0.0,-70.0
1777889798.8943324,10.0,1.0,-73.0
1777889798.9043324,7.0,2.0,-76.0
1777889798.9143324,4.0,0.0,-75.0
1777889798.9243324,2.0,4.0,-72.0
1777889798.9343324,0.0,2.0,-65.0
1777889798.9443324,0.0,3.0,-59.0
1777889798.9543324,1.0,3.0,-64.0
1777889798.9643323,0.0,4.0,-69.0
1777889798.9743323,-1.0,1.0,-77.0
1777889798.9843323,-6.0,-2.0,-74.0
1777889798.9943323,-5.0,0.0,-70.0
1777889799.0043323,-3.0,-1.0,-72.0
1777889799.0143323,-5.0,-5.0,-75.0
1777889799.0243323,-4.0,-7.0,-75.0
1777889799.0343325,0.0,-9.0,-71.0
1777889799.0443325,0.0,-6.0,-67.0
1777889799.0543325,0.0,-7.0,-67.0
1777889799.0643325,4.0,-4.0,-71.0
1777889799.0743325,12.0,-6.0,-74.0
1777889799.0843325,11.0,-8.0,-73.0
1777889799.0943325,12.0,-8.0,-75.0
1777889799.1043324,10.0,-4.0,-73.0
1777889799.1143324,1.0,-1.0,-76.0
1777889799.1243324,0.0,-1.0,-81.0
1777889799.1343324,5.0,0.0,-77.0
1777889799.1443324,0.0,0.0,-72.0
1777889799.1543324,-4.0,0.0,-70.0
1777889799.1643324,-3.0,0.0,-70.0
1777889799.1743324,-4.0,0.0,-61.0
1777889799.1843324,-4.0,-1.0,-59.0
1777889799.1943324,-1.0,-3.0,-61.0
1777889799.2043324,-2.0,-2.0,-60.0
1777889799.2143323,-3.0,-2.0,-67.0
1777889799.2243323,0.0,-4.0,-71.0
1777889799.2343323,1.0,0.0,-79.0
1777889799.2443323,0.0,-4.0,-76.0
1777889799.2543323,0.0,-1.0,-69.0
1777889799.2643323,-3.0,1.0,-75.0
1777889799.2743323,-5.0,0.0,-80.0
1777889799.2843325,-6.0,0.0,-76.0
1777889799.2943325,-4.0,0.0,-79.0
1777889799.3043325,-5.0,-3.0,-82.0
1777889799.3143325,-6.0,-1.0,-81.0
1777889799.3243325,-2.0,-4.0,-76.0
1777889799.3343325,0.0,-1.0,-73.0
1777889799.3443325,1.0,0.0,-72.0
1777889799.3543324,0.0,0.0,-76.0
1777889799.3643324,0.0,0.0,-84.0
1777889799.3743324,4.0,-1.0,-90.0
1777889799.3843324,2.0,-2.0,-90.0
1777889799.3943324,1.0,-1.0,-82.0
1777889799.4043324,0.0,0.0,-81.0
1777889799.4143324,0.0,0.0,-81.0
1777889799.4243324,-1.0,-2.0,-85.0
1777889799.4343324,-1.0,-2.0,-86.0
1777889799.4443324,-4.0,0.0,-84.0
1777889799.4543324,-5.0,0.0,-85.0
1777889799.4643323,-5.0,2.0,-88.0
1777889799.4743323,-3.0,1.0,-82.0
1777889799.4843323,-2.0,0.0,-78.0
1777889799.4943323,-2.0,0.0,-73.0
1777889799.5043323,-5.0,-2.0,-77.0
1777889799.5143323,-3.0,0.0,-70.0
1777889799.5243323,-6.0,3.0,-67.0
1777889799.5343325,-3.0,4.0,-72.0
1777889799.5443325,-2.0,0.0,-73.0
1777889799.5543325,-2.0,-2.0,-72.0
1777889799.5643325,0.0,-1.0,-72.0
1777889799.5743325,1.0,-1.0,-66.0
1777889799.5843325,0.0,0.0,-70.0
1777889799.5943325,0.0,1.0,-77.0
1777889799.6043324,2.0,1.0,-76.0
1777889799.6143324,2.0,1.0,-72.0
1777889799.6243324,0.0,2.0,-77.0
1777889799.6343324,7.0,-1.0,-76.0
1777889799.6443324,7.0,4.0,-69.0
1777889799.6543324,5.0,5.0,-72.0
1777889799.6643324,1.0,7.0,-70.0
1777889799.6743324,0.0,7.0,-77.0
1777889799.6843324,0.0,5.0,-79.0
1777889799.6943324,1.0,2.0,-77.0
1777889799.7043324,0.0,2.0,-78.0
1777889799.7143323,0.0,0.0,-74.0
1777889799.7243323,-1.0,-8.0,-74.0
1777889799.7343323,-4.0,-5.0,-69.0
1777889799.7443323,-7.0,-1.0,-73.0
1777889799.7543323,-5.0,1.0,-71.0
1777889799.7643323,-5.0,0.0,-67.0
1777889799.7743323,-7.0,3.0,-69.0
1777889799.7843325,-3.0,0.0,-69.0
1777889799.7943325,-4.0,5.0,-72.0
1777889799.8043325,-6.0,7.0,-71.0
1777889799.8143325,-6.0,3.0,-74.0
1777889799.8243325,-4.0,0.0,-71.0
1777889799.8343325,0.0,-3.0,-71.0
1777889799.8443325,3.0,-1.0,-75.0
1777889799.8543324,4.0,0.0,-73.0
1777889799.8643324,6.0,3.0,-77.0
1777889799.8753324,2.0,2.0,-80.0
1777889799.8843324,1.0,0.0,-80.0
1777889799.8943324,0.0,-3.0,-84.0
1777889799.9043324,0.0,-6.0,-76.0
1777889799.9143324,3.0,-4.0,-71.0
1777889799.9243324,1.0,-4.0,-75.0
1777889799.9343324,3.0,-4.0,-77.0
1777889799.9443324,2.0,-3.0,-72.0
1777889799.9543324,6.0,-4.0,-71.0
1777889799.9643323,5.0,-4.0,-73.0
1777889799.9753325,6.0,2.0,-76.0
1777889799.9853325,3.0,0.0,-67.0
1777889799.9953325,3.0,0.0,-67.0
1777889800.0053325,2.0,-4.0,-72.0
1777889800.0153325,3.0,-2.0,-79.0
1777889800.0253325,0.0,0.0,-81.0
1777889800.0353324,0.0,0.0,-77.0
1777889800.0453324,2.0,-1.0,-77.0
1777889800.0553324,1.0,-1.0,-73.0
1777889800.0653324,2.0,0.0,-74.0
1777889800.0753324,4.0,2.0,-77.0
1777889800.0853324,1.0,0.0,-78.0
1777889800.0953324,0.0,-1.0,-80.0
1777889800.1053324,-2.0,0.0,-78.0
1777889800.1153324,-2.0,2.0,-79.0
1777889800.1253324,-3.0,1.0,-74.0
1777889800.1353323,0.0,0.0,-67.0
1777889800.1453323,1.0,-2.0,-70.0
1777889800.1553323,2.0,-3.0,-68.0
1777889800.1653323,2.0,-8.0,-69.0
1777889800.1753323,3.0,-9.0,-69.0
1777889800.1853323,0.0,-7.0,-73.0
1777889800.1953323,3.0,-2.0,-65.0
1777889800.2053325,5.0,-1.0,-59.0
1777889800.2153325,7.0,-4.0,-61.0
1777889800.2253325,2.0,-3.0,-60.0
1777889800.2353325,2.0,-5.0,-67.0
1777889800.2453325,6.0,-5.0,-69.0
1777889800.2553325,8.0,0.0,-70.0
1777889800.2653325,5.0,-1.0,-73.0
1777889800.2753325,2.0,3.0,-74.0
1777889800.2853324,3.0,3.0,-77.0
1777889800.2953324,6.0,1.0,-75.0
1777889800.3053324,7.0,0.0,-73.0
1777889800.3153324,6.0,1.0,-71.0
1777889800.3253324,5.0,4.0,-79.0
1777889800.3353324,3.0,7.0,-80.0
1777889800.3453324,0.0,7.0,-87.0
1777889800.3553324,0.0,8.0,-83.0
1777889800.3653324,-7.0,5.0,-85.0
1777889800.3753324,-4.0,2.0,-83.0
1777889800.3853323,-2.0,0.0,-80.0
1777889800.3953323,-1.0,3.0,-77.0
1777889800.4053323,-1.0,2.0,-76.0
1777889800.4153323,-1.0,0.0,-77.0
1777889800.4253323,0.0,2.0,-79.0
1777889800.4353323,-4.0,2.0,-75.0
1777889800.4453323,-5.0,2.0,-69.0
1777889800.4553325,-4.0,3.0,-65.0
1777889800.4653325,-4.0,4.0,-72.0
1777889800.4753325,-2.0,4.0,-74.0
1777889800.4853325,-1.0,5.0,-74.0
1777889800.4953325,-4.0,8.0,-73.0
1777889800.5053325,-4.0,7.0,-73.0
1777889800.5153325,-4.0,2.0,-74.0
1777889800.5253325,0.0,3.0,-75.0
1777889800.5353324,6.0,2.0,-74.0
1777889800.5453324,10.0,4.0,-73.0
1777889800.5553324,8.0,7.0,-76.0
1777889800.5653324,5.0,5.0,-73.0
1777889800.5753324,6.0,3.0,-72.0
1777889800.5853324,4.0,7.0,-76.0
1777889800.5953324,0.0,2.0,-78.0
1777889800.6053324,1.0,0.0,-77.0
1777889800.6153324,-4.0,0.0,-76.0
1777889800.6253324,-3.0,1.0,-73.0
1777889800.6353323,-5.0,-1.0,-70.0
1777889800.6453323,-4.0,-7.0,-69.0
1777889800.6553323,-1.0,-5.0,-66.0
1777889800.6653323,0.0,-3.0,-71.0
1777889800.6753323,0.0,0.0,-69.0
1777889800.6853323,-2.0,-2.0,-72.0
1777889800.6953323,-3.0,-1.0,-75.0
1777889800.7053325,-3.0,-2.0,-73.0
1777889800.7153325,-1.0,-2.0,-81.0
1777889800.7253325,0.0,-8.0,-79.0
1777889800.7353325,0.0,-8.0,-72.0
1777889800.7453325,0.0,-7.0,-72.0
1777889800.7553325,3.0,-8.0,-74.0
1777889800.7653325,3.0,-7.0,-78.0
1777889800.7753325,3.0,-9.0,-79.0
1777889800.7853324,5.0,-8.0,-84.0
1777889800.7953324,3.0,-6.0,-83.0
1777889800.8053324,3.0,-6.0,-83.0
1777889800.8153324,7.0,-5.0,-81.0
1777889800.8253324,3.0,0.0,-82.0
1777889800.8353324,2.0,0.0,-75.0
1777889800.8453324,1.0,0.0,-84.0
1777889800.8553324,3.0,0.0,-84.0
1777889800.8653324,0.0,-3.0,-75.0
1777889800.8753324,-3.0,0.0,-73.0
1777889800.8853323,-1.0,-1.0,-71.0
1777889800.8953323,-1.0,1.0,-73.0
1777889800.9053323,-2.0,0.0,-73.0
1777889800.9153323,-4.0,-4.0,-68.0
1777889800.9253323,-9.0,0.0,-71.0
1777889800.9353323,-9.0,0.0,-69.0
1777889800.9453323,-6.0,0.0,-73.0
1777889800.9553325,-2.0,0.0,-75.0
1777889800.9653325,0.0,0.0,-73.0
1777889800.9753325,-2.0,2.0,-75.0
1777889800.9853325,-2.0,2.0,-72.0
1777889800.9953325,2.0,1.0,-71.0
1777889801.0053325,3.0,0.0,-74.0
1777889801.0153325,2.0,-5.0,-68.0
1777889801.0253325,2.0,3.0,-64.0
1777889801.0353324,0.0,2.0,-62.0
1777889801.0453324,-3.0,4.0,-63.0
1777889801.0553324,0.0,3.0,-69.0
1777889801.0653324,0.0,2.0,-67.0
1777889801.0753324,4.0,0.0,-69.0
1777889801.0853324,1.0,-1.0,-65.0
1777889801.0953324,3.0,1.0,-68.0
1777889801.1053324,4.0,5.0,-77.0
1777889801.1153324,0.0,6.0,-79.0
1777889801.1253324,0.0,4.0,-72.0
1777889801.1353323,-1.0,1.0,-67.0
1777889801.1453323,-3.0,0.0,-65.0
1777889801.1553323,-3.0,0.0,-68.0
1777889801.1653323,-3.0,-3.0,-66.0
1777889801.1753323,0.0,-4.0,-61.0
1777889801.1853323,0.0,-3.0,-60.0
1777889801.1953323,0.0,-2.0,-63.0
1777889801.2053325,2.0,-3.0,-66.0
1777889801.2153325,2.0,-4.0,-65.0
1777889801.2253325,3.0,-3.0,-66.0
1777889801.2353325,7.0,-1.0,-67.0
1777889801.2453325,3.0,0.0,-68.0
1777889801.2553325,4.0,-1.0,-66.0
1777889801.2653325,5.0,1.0,-64.0
1777889801.2753325,4.0,0.0,-67.0
1777889801.2853324,0.0,3.0,-72.0
1777889801.2953324,1.0,1.0,-76.0
1777889801.3053324,1.0,0.0,-72.0
1777889801.3153324,3.0,1.0,-71.0
1777889801.3253324,8.0,0.0,-66.0
1777889801.3353324,7.0,0.0,-64.0
1777889801.3453324,4.0,0.0,-69.0
1777889801.3553324,1.0,0.0,-68.0
1777889801.3653324,3.0,0.0,-70.0
1777889801.3753324,6.0,-1.0,-70.0
1777889801.3853323,6.0,-3.0,-69.0
1777889801.3953323,7.0,0.0,-66.0
1777889801.4053323,6.0,2.0,-66.0
1777889801.4153323,4.0,6.0,-67.0
1777889801.4253323,6.0,5.0,-66.0
1777889801.4353323,6.0,7.0,-68.0
1777889801.4453323,5.0,6.0,-77.0
1777889801.4553325,4.0,7.0,-75.0
1777889801.4653325,6.0,1.0,-76.0
1777889801.4753325,9.0,2.0,-77.0
1777889801.4853325,11.0,0.0,-83.0
1777889801.4953325,8.0,-1.0,-86.0
1777889801.5053325,5.0,-2.0,-82.0
1777889801.5153325,5.0,-4.0,-86.0
1777889801.5253325,10.0,-3.0,-84.0
1777889801.5353324,9.0,0.0,-82.0
1777889801.5453324,5.0,0.0,-82.0
1777889801.5553324,3.0,0.0,-88.0
1777889801.5653324,1.0,2.0,-83.0
1777889801.5753324,0.0,-2.0,-83.0
1777889801.5853324,0.0,0.0,-79.0
1777889801.5953324,3.0,1.0,-73.0
1777889801.6053324,3.0,5.0,-74.0
1777889801.6153324,5.0,6.0,-72.0
1777889801.6253324,9.0,4.0,-71.0
1777889801.6353323,10.0,0.0,-68.0
1777889801.6453323,8.0,-5.0,-64.0
1777889801.6553323,6.0,-4.0,-67.0
1777889801.6653323,4.0,-3.0,-74.0
1777889801.6753323,3.0,-2.0,-72.0
1777889801.6853323,4.0,0.0,-74.0
1777889801.6953323,1.0,1.0,-77.0
1777889801.7053325,-1.0,1.0,-70.0
1777889801.7153325,-7.0,2.0,-69.0
1777889801.7253325,-5.0,1.0,-74.0
1777889801.7353325,-4.0,3.0,-73.0
1777889801.7453325,-6.0,2.0,-69.0
1777889801.7553325,-2.0,4.0,-75.0
1777889801.7653325,-3.0,4.0,-74.0
1777889801.7753325,2.0,7.0,-75.0
1777889801.7853324,0.0,6.0,-79.0
1777889801.7953324,1.0,7.0,-84.0
1777889801.8053324,2.0,4.0,-83.0
1777889801.8153324,1.0,3.0,-83.0
1777889801.8253324,1.0,3.0,-86.0
1777889801.8353324,4.0,0.0,-87.0
1777889801.8453324,2.0,0.0,-82.0
1777889801.8553324,0.0,-6.0,-81.0
1777889801.8653324,1.0,-9.0,-89.0
1777889801.8753324,7.0,-5.0,-86.0
1777889801.8853323,4.0,-4.0,-77.0
1777889801.8953323,3.0,0.0,-84.0
1777889801.9053323,6.0,-3.0,-84.0
1777889801.9153323,7.0,-2.0,-79.0
1777889801.9253323,8.0,1.0,-78.0
1777889801.9353323,5.0,1.0,-75.0
1777889801.9463325,6.0,2.0,-78.0
1777889801.9553325,6.0,1.0,-79.0
1777889801.9663324,6.0,1.0,-80.0
1777889801.9763324,4.0,1.0,-86.0
1777889801.9863324,7.0,-5.0,-83.0
1777889801.9963324,5.0,-6.0,-85.0
1777889802.0063324,1.0,-3.0,-84.0
1777889802.0163324,1.0,-6.0,-79.0
1777889802.0263324,-1.0,-9.0,-77.0
1777889802.0363324,-3.0,-1.0,-82.0
1777889802.0463324,-5.0,0.0,-85.0
1777889802.0563323,-2.0,-3.0,-80.0
1777889802.0663323,-2.0,-7.0,-80.0
1777889802.0763323,0.0,-4.0,-80.0
1777889802.0863323,0.0,-6.0,-71.0
1777889802.0963323,-1.0,-2.0,-74.0
1777889802.1063323,-3.0,1.0,-69.0
1777889802.1163323,-5.0,-3.0,-69.0
1777889802.1263323,-8.0,-4.0,-70.0
1777889802.1363325,-7.0,-1.0,-69.0
1777889802.1463325,-3.0,2.0,-65.0
1777889802.1563325,0.0,2.0,-67.0
1777889802.1663325,0.0,1.0,-68.0
1777889802.1763325,2.0,-3.0,-70.0
1777889802.1863325,4.0,-7.0,-78.0
1777889802.1963325,6.0,-2.0,-75.0
1777889802.2063324,6.0,1.0,-74.0
1777889802.2163324,5.0,-1.0,-71.0
1777889802.2263324,7.0,0.0,-71.0
1777889802.2363324,7.0,0.0,-71.0
1777889802.2463324,6.0,-6.0,-77.0
1777889802.2563324,1.0,-4.0,-87.0
1777889802.2663324,0.0,-6.0,-92.0
1777889802.2763324,-3.0,-2.0,-93.0
1777889802.2863324,-5.0,0.0,-84.0
1777889802.2963324,-4.0,-8.0,-81.0
1777889802.3063323,-5.0,-10.0,-82.0
1777889802.3163323,-4.0,-9.0,-81.0
1777889802.3263323,0.0,-10.0,-83.0
1777889802.3363323,0.0,-10.0,-76.0
1777889802.3463323,-1.0,-10.0,-68.0
1777889802.3563323,0.0,-7.0,-72.0
1777889802.3663323,-1.0,-4.0,-72.0
1777889802.3763323,-4.0,-3.0,-72.0
1777889802.3863325,-3.0,-3.0,-70.0
1777889802.3963325,-1.0,0.0,-63.0
1777889802.4063325,3.0,0.0,-68.0
1777889802.4163325,3.0,-3.0,-68.0
1777889802.4263325,0.0,-4.0,-70.0
1777889802.4363325,1.0,-5.0,-78.0
1777889802.4463325,1.0,-5.0,-78.0
1777889802.4563324,2.0,-5.0,-78.0
1777889802.4663324,3.0,-9.0,-79.0
1777889802.4763324,-2.0,-11.0,-77.0
1777889802.4863324,-1.0,-6.0,-79.0
1777889802.4963324,1.0,-1.0,-84.0
1777889802.5063324,2.0,-3.0,-87.0
1777889802.5163324,0.0,-4.0,-82.0
1777889802.5263324,-2.0,-4.0,-81.0
1777889802.5363324,-3.0,-4.0,-81.0
1777889802.5463324,-2.0,-1.0,-84.0
1777889802.5563323,-3.0,-3.0,-80.0
1777889802.5663323,-9.0,-3.0,-73.0
1777889802.5763323,-9.0,-4.0,-71.0
1777889802.5863323,-9.0,-6.0,-74.0
1777889802.5963323,-5.0,-2.0,-79.0
1777889802.6063323,-6.0,-1.0,-82.0
1777889802.6163323,-3.0,-2.0,-78.0
1777889802.6263323,1.0,-4.0,-78.0
1777889802.6363325,1.0,-2.0,-78.0
1777889802.6463325,-2.0,-4.0,-75.0
1777889802.6563325,-6.0,-2.0,-75.0
1777889802.6663325,-3.0,0.0,-77.0
1777889802.6763325,-2.0,0.0,-81.0
1777889802.6863325,0.0,0.0,-83.0
1777889802.6963325,0.0,-2.0,-85.0
1777889802.7063324,1.0,0.0,-89.0
1777889802.7163324,1.0,1.0,-85.0
1777889802.7263324,4.0,1.0,-82.0
1777889802.7363324,1.0,1.0,-82.0
1777889802.7463324,2.0,0.0,-82.0
1777889802.7563324,0.0,-1.0,-79.0
1777889802.7663324,-3.0,-3.0,-76.0
1777889802.7763324,0.0,-4.0,-75.0
1777889802.7863324,-1.0,-3.0,-76.0
1777889802.7963324,2.0,-2.0,-74.0
1777889802.8063323,5.0,0.0,-79.0
1777889802.8163323,8.0,2.0,-88.0
1777889802.8263323,8.0,-1.0,-90.0
1777889802.8363323,7.0,-1.0,-84.0
1777889802.8463323,9.0,1.0,-85.0
1777889802.8563323,6.0,1.0,-87.0
1777889802.8663323,4.0,3.0,-90.0
1777889802.8763323,6.0,1.0,-84.0
1777889802.8863325,5.0,-1.0,-76.0
1777889802.8963325,2.0,0.0,-72.0
1777889802.9063325,2.0,-3.0,-68.0
1777889802.9163325,-1.0,-3.0,-67.0
1777889802.9263325,-1.0,-4.0,-70.0
1777889802.9363325,-3.0,2.0,-68.0
1777889802.9463325,-5.0,1.0,-65.0
1777889802.9563324,-5.0,2.0,-75.0
1777889802.9663324,-5.0,2.0,-80.0
1777889802.9763324,1.0,6.0,-80.0
1777889802.9863324,3.0,7.0,-90.0
1777889802.9963324,2.0,0.0,-91.0
1777889803.0063324,4.0,-1.0,-85.0
1777889803.0163324,1.0,-1.0,-86.0
1777889803.0263324,0.0,3.0,-82.0
1777889803.0363324,-1.0,3.0,-72.0
1777889803.0463324,0.0,5.0,-73.0
1777889803.0563323,0.0,5.0,-66.0
1777889803.0663323,2.0,3.0,-67.0
1777889803.0763323,1.0,4.0,-70.0
1777889803.0863323,0.0,3.0,-70.0
1777889803.0963323,1.0,-4.0,-72.0
1777889803.1063323,-1.0,-3.0,-77.0
1777889803.1163323,-1.0,0.0,-80.0
1777889803.1263323,1.0,-1.0,-82.0
1777889803.1363325,5.0,-2.0,-81.0
1777889803.1463325,4.0,0.0,-84.0
1777889803.1563325,0.0,1.0,-78.0
1777889803.1663325,1.0,4.0,-69.0
1777889803.1763325,2.0,1.0,-68.0
1777889803.1863325,4.0,3.0,-77.0
1777889803.1963325,1.0,5.0,-71.0
1777889803.2063324,1.0,5.0,-72.0
1777889803.2163324,2.0,0.0,-69.0
1777889803.2263324,3.0,-2.0,-69.0
1777889803.2363324,5.0,1.0,-76.0
1777889803.2463324,0.0,5.0,-74.0
1777889803.2563324,0.0,6.0,-68.0
1777889803.2663324,-1.0,6.0,-63.0
1777889803.2763324,-1.0,8.0,-64.0
1777889803.2863324,-1.0,7.0,-74.0
1777889803.2963324,-1.0,2.0,-79.0
1777889803.3063323,0.0,4.0,-76.0
1777889803.3163323,0.0,2.0,-76.0
1777889803.3263323,-1.0,1.0,-71.0
1777889803.3363323,1.0,0.0,-72.0
1777889803.3463323,3.0,-5.0,-76.0
1777889803.3563323,-1.0,-6.0,-75.0
1777889803.3663323,0.0,-2.0,-79.0
1777889803.3763323,3.0,-4.0,-81.0
1777889803.3863325,3.0,-4.0,-87.0
1777889803.3963325,0.0,-4.0,-84.0
1777889803.4063325,0.0,-5.0,-78.0
1777889803.4163325,2.0,-3.0,-84.0
1777889803.4263325,-1.0,-6.0,-75.0
1777889803.4363325,-2.0,-10.0,-73.0
1777889803.4463325,-1.0,-8.0,-77.0
1777889803.4563324,0.0,-2.0,-78.0
1777889803.4663324,0.0,0.0,-72.0
1777889803.4763324,-3.0,-4.0,-82.0
1777889803.4863324,-5.0,-3.0,-79.0
1777889803.4963324,-3.0,-1.0,-82.0
1777889803.5063324,0.0,0.0,-74.0
1777889803.5163324,-1.0,3.0,-78.0
1777889803.5263324,1.0,0.0,-83.0
1777889803.5363324,-1.0,-2.0,-79.0
1777889803.5463324,0.0,0.0,-79.0
1777889803.5563323,-3.0,3.0,-83.0
1777889803.5663323,0.0,0.0,-80.0
1777889803.5763323,-3.0,-2.0,-68.0
1777889803.5863323,-2.0,-2.0,-75.0
1777889803.5963323,2.0,0.0,-74.0
1777889803.6063323,0.0,4.0,-72.0
1777889803.6163323,-2.0,1.0,-79.0
1777889803.6263323,-2.0,0.0,-80.0
1777889803.6363325,-4.0,-4.0,-83.0
1777889803.6463325,2.0,-5.0,-82.0
1777889803.6563325,4.0,-3.0,-80.0
1777889803.6663325,5.0,-4.0,-85.0
1777889803.6763325,2.0,-7.0,-87.0
1777889803.6863325,5.0,-5.0,-87.0
1777889803.6963325,3.0,-1.0,-83.0
1777889803.7063324,2.0,0.0,-92.0
1777889803.7163324,1.0,-2.0,-89.0
1777889803.7263324,4.0,-1.0,-83.0
1777889803.7363324,4.0,-4.0,-87.0
1777889803.7463324,3.0,-4.0,-80.0
1777889803.7563324,3.0,-3.0,-80.0
1777889803.7663324,1.0,0.0,-79.0
1777889803.7763324,1.0,2.0,-76.0
1777889803.7863324,1.0,3.0,-73.0
1777889803.7963324,3.0,4.0,-74.0
1777889803.8063323,3.0,3.0,-76.0
1777889803.8163323,0.0,0.0,-81.0
1777889803.8263323,3.0,0.0,-73.0
1777889803.8363323,8.0,-1.0,-74.0
1777889803.8463323,7.0,1.0,-77.0
1777889803.8563323,4.0,2.0,-80.0
1777889803.8663323,1.0,2.0,-76.0
1777889803.8763323,1.0,0.0,-78.0
1777889803.8863325,-1.0,2.0,-82.0
1777889803.8963325,-1.0,2.0,-76.0
1777889803.9063325,-5.0,6.0,-72.0
1777889803.9163325,-2.0,3.0,-74.0
1777889803.9263325,-3.0,3.0,-73.0
1777889803.9363325,0.0,5.0,-75.0
1777889803.9473324,-3.0,8.0,-73.0
1777889803.9573324,-3.0,10.0,-72.0
1777889803.9673324,-3.0,6.0,-69.0
1777889803.9773324,-4.0,5.0,-71.0
1777889803.9873323,-3.0,4.0,-81.0
1777889803.9973323,-4.0,3.0,-81.0
1777889804.0073323,-4.0,1.0,-79.0
1777889804.0173323,-5.0,3.0,-80.0
1777889804.0273323,-6.0,0.0,-84.0
1777889804.0373323,-1.0,-4.0,-81.0
1777889804.0473323,1.0,-2.0,-76.0
1777889804.0573325,4.0,-2.0,-71.0
1777889804.0673325,2.0,-5.0,-74.0
1777889804.0773325,-1.0,-1.0,-75.0
1777889804.0873325,-2.0,0.0,-75.0
1777889804.0973325,3.0,1.0,-77.0
1777889804.1073325,4.0,0.0,-81.0
1777889804.1173325,-1.0,0.0,-82.0
1777889804.1273324,-2.0,-2.0,-82.0
1777889804.1373324,-1.0,-3.0,-82.0
1777889804.1473324,0.0,-5.0,-77.0
1777889804.1573324,0.0,-11.0,-76.0
1777889804.1673324,-2.0,-6.0,-77.0
1777889804.1773324,-4.0,-2.0,-81.0
1777889804.1873324,-2.0,0.0,-84.0
1777889804.1973324,0.0,0.0,-80.0
1777889804.2073324,0.0,-1.0,-81.0
1777889804.2173324,-3.0,-3.0,-85.0
1777889804.2273324,0.0,-7.0,-90.0
1777889804.2373323,-2.0,-6.0,-88.0
1777889804.2473323,-1.0,-2.0,-89.0
1777889804.2573323,0.0,0.0,-84.0
1777889804.2673323,4.0,-2.0,-81.0
1777889804.2773323,4.0,-2.0,-76.0
1777889804.2873323,6.0,1.0,-83.0
1777889804.2973323,12.0,-1.0,-92.0
1777889804.3073325,9.0,-1.0,-91.0
1777889804.3173325,9.0,-1.0,-88.0
1777889804.3273325,4.0,-3.0,-83.0
1777889804.3373325,0.0,-8.0,-84.0
1777889804.3473325,1.0,-6.0,-87.0
1777889804.3573325,0.0,-6.0,-89.0
1777889804.3673325,-1.0,-6.0,-90.0
1777889804.3773324,-2.0,-11.0,-88.0
1777889804.3873324,2.0,-11.0,-78.0
1777889804.3973324,2.0,-10.0,-76.0
1777889804.4073324,1.0,-9.0,-72.0
1777889804.4173324,0.0,-9.0,-72.0
1777889804.4273324,-2.0,-8.0,-76.0
1777889804.4373324,-1.0,-7.0,-78.0
1777889804.4473324,0.0,-6.0,-76.0
1777889804.4573324,-2.0,-6.0,-74.0
1777889804.4673324,-3.0,-7.0,-77.0
1777889804.4773324,-3.0,-4.0,-79.0
1777889804.4873323,-5.0,-3.0,-77.0
1777889804.4973323,-6.0,-7.0,-79.0
1777889804.5073323,-2.0,-7.0,-82.0
1777889804.5173323,0.0,-5.0,-81.0
1777889804.5273323,0.0,0.0,-84.0
1777889804.5373323,0.0,-2.0,-80.0
1777889804.5473323,-4.0,-2.0,-75.0
1777889804.5573325,-1.0,0.0,-80.0
1777889804.5673325,1.0,0.0,-81.0
1777889804.5773325,3.0,1.0,-85.0
1777889804.5873325,7.0,4.0,-87.0
1777889804.5973325,11.0,3.0,-84.0
1777889804.6073325,6.0,-2.0,-76.0
1777889804.6173325,1.0,-5.0,-76.0
1777889804.6273324,1.0,-3.0,-79.0
1777889804.6373324,1.0,-1.0,-76.0
1777889804.6473324,1.0,0.0,-73.0
1777889804.6573324,3.0,-1.0,-79.0
1777889804.6673324,0.0,0.0,-80.0
1777889804.6773324,0.0,0.0,-77.0
1777889804.6873324,-1.0,-5.0,-73.0
1777889804.6973324,0.0,-4.0,-69.0
1777889804.7073324,0.0,-4.0,-67.0
1777889804.7173324,-2.0,-4.0,-66.0
1777889804.7273324,-4.0,-5.0,-69.0
1777889804.7373323,-3.0,-9.0,-72.0
1777889804.7473323,-3.0,-5.0,-69.0
1777889804.7573323,-2.0,0.0,-76.0
1777889804.7673323,-5.0,-2.0,-74.0
1777889804.7773323,-1.0,0.0,-72.0
1777889804.7873323,0.0,0.0,-76.0
1777889804.7973323,-1.0,0.0,-76.0
1777889804.8073325,0.0,0.0,-76.0
1777889804.8173325,-4.0,-3.0,-79.0
1777889804.8273325,5.0,-1.0,-83.0
1777889804.8373325,5.0,0.0,-79.0
1777889804.8473325,2.0,3.0,-76.0
1777889804.8573325,1.0,1.0,-77.0
1777889804.8673325,0.0,3.0,-73.0
1777889804.8773324,-2.0,5.0,-73.0
1777889804.8873324,0.0,2.0,-72.0
1777889804.8973324,1.0,2.0,-72.0
1777889804.9073324,2.0,3.0,-70.0
1777889804.9173324,4.0,-2.0,-66.0
1777889804.9273324,3.0,-4.0,-67.0
1777889804.9373324,4.0,-6.0,-68.0
1777889804.9473324,5.0,-3.0,-69.0
1777889804.9573324,3.0,0.0,-68.0
1777889804.9673324,3.0,-1.0,-75.0
1777889804.9773324,1.0,-7.0,-73.0
1777889804.9873323,0.0,-7.0,-70.0
1777889804.9973323,1.0,-3.0,-66.0
1777889805.0073323,1.0,3.0,-70.0
1777889805.0173323,1.0,0.0,-67.0
1777889805.0273323,3.0,0.0,-70.0
1777889805.0373323,1.0,3.0,-69.0
1777889805.0473323,3.0,1.0,-69.0
1777889805.0573325,5.0,3.0,-71.0
1777889805.0673325,2.0,3.0,-72.0
1777889805.0773325,4.0,0.0,-75.0
1777889805.0873325,5.0,-4.0,-75.0
1777889805.0973325,6.0,-4.0,-70.0
1777889805.1073325,0.0,-1.0,-70.0
1777889805.1173325,-2.0,-2.0,-70.0
1777889805.1273324,-1.0,-6.0,-71.0
1777889805.1373324,0.0,-2.0,-77.0
1777889805.1473324,-3.0,1.0,-77.0
1777889805.1573324,0.0,0.0,-77.0
1777889805.1673324,0.0,1.0,-71.0
1777889805.1773324,-1.0,2.0,-72.0
1777889805.1873324,0.0,4.0,-72.0
1777889805.1973324,-2.0,4.0,-77.0
1777889805.2073324,-6.0,4.0,-85.0
1777889805.2173324,-10.0,5.0,-83.0
1777889805.2273324,-10.0,5.0,-81.0
1777889805.2373323,-5.0,2.0,-81.0
1777889805.2473323,-7.0,3.0,-83.0
1777889805.2573323,-3.0,3.0,-78.0
1777889805.2673323,3.0,2.0,-79.0
1777889805.2773323,0.0,1.0,-84.0
1777889805.2873323,0.0,-3.0,-83.0
1777889805.2973323,0.0,-4.0,-86.0
1777889805.3073325,3.0,-1.0,-86.0
1777889805.3173325,5.0,0.0,-81.0
1777889805.3273325,3.0,-1.0,-77.0
1777889805.3373325,1.0,-3.0,-66.0
1777889805.3473325,2.0,-3.0,-64.0
1777889805.3573325,3.0,-3.0,-68.0
1777889805.3673325,2.0,0.0,-71.0
1777889805.3773324,1.0,4.0,-69.0
1777889805.3873324,-1.0,1.0,-72.0
1777889805.3973324,1.0,3.0,-75.0
1777889805.4073324,-1.0,0.0,-75.0
1777889805.4173324,0.0,0.0,-73.0
1777889805.4273324,6.0,-2.0,-68.0
1777889805.4373324,8.0,-5.0,-73.0
1777889805.4473324,5.0,-2.0,-68.0
1777889805.4573324,2.0,-1.0,-71.0
1777889805.4673324,2.0,-3.0,-67.0
1777889805.4773324,-3.0,-3.0,-65.0
1777889805.4873323,-4.0,-1.0,-60.0
1777889805.4973323,-1.0,-1.0,-63.0
1777889805.5073323,0.0,-1.0,-67.0
1777889805.5173323,-5.0,-5.0,-66.0
1777889805.5273323,0.0,-6.0,-74.0
1777889805.5373323,3.0,-6.0,-73.0
1777889805.5473323,1.0,-6.0,-74.0
1777889805.5573325,0.0,-1.0,-74.0
1777889805.5673325,-4.0,-6.0,-85.0
1777889805.5773325,0.0,-3.0,-82.0
1777889805.5873325,-1.0,-6.0,-71.0
1777889805.5973325,6.0,-6.0,-74.0
1777889805.6073325,6.0,-6.0,-80.0
1777889805.6173325,7.0,-7.0,-81.0
1777889805.6273324,7.0,-4.0,-80.0
1777889805.6373324,2.0,-4.0,-77.0
1777889805.6473324,2.0,-5.0,-83.0
1777889805.6573324,1.0,-5.0,-84.0
1777889805.6673324,0.0,-3.0,-80.0
1777889805.6773324,2.0,-4.0,-74.0
1777889805.6873324,1.0,0.0,-73.0
1777889805.6973324,0.0,3.0,-79.0
1777889805.7073324,-6.0,3.0,-74.0
1777889805.7173324,-9.0,0.0,-77.0
1777889805.7273324,-9.0,-2.0,-82.0
1777889805.7373323,-6.0,-2.0,-74.0
1777889805.7473323,-6.0,-1.0,-74.0
1777889805.7573323,-9.0,0.0,-77.0
1777889805.7673323,-8.0,0.0,-75.0
1777889805.7773323,-3.0,-1.0,-68.0
1777889805.7873323,2.0,-7.0,-76.0
1777889805.7973323,0.0,-5.0,-78.0
1777889805.8073325,-4.0,-3.0,-85.0
1777889805.8173325,-7.0,-1.0,-77.0
1777889805.8273325,-5.0,0.0,-74.0
1777889805.8373325,-2.0,5.0,-79.0
1777889805.8473325,-4.0,0.0,-77.0
1777889805.8573325,-3.0,-2.0,-78.0
1777889805.8673325,-1.0,-4.0,-83.0
1777889805.8773324,-2.0,-1.0,-85.0
1777889805.8873324,-1.0,-1.0,-85.0
1777889805.8973324,-1.0,2.0,-84.0
1777889805.9083323,0.0,5.0,-88.0
1777889805.9173324,3.0,4.0,-88.0
1777889805.9273324,1.0,1.0,-84.0
1777889805.9383323,0.0,1.0,-82.0
1777889805.9483323,-1.0,0.0,-74.0
1777889805.9583323,-2.0,2.0,-76.0
1777889805.9683323,-1.0,4.0,-80.0
1777889805.9783323,0.0,0.0,-79.0
1777889805.9883325,2.0,0.0,-80.0
1777889805.9983325,3.0,0.0,-78.0
1777889806.0083325,2.0,6.0,-82.0
1777889806.0183325,3.0,8.0,-77.0
1777889806.0283325,0.0,8.0,-77.0
1777889806.0383325,0.0,3.0,-79.0
1777889806.0483325,0.0,3.0,-80.0
1777889806.0583324,2.0,4.0,-71.0
1777889806.0683324,6.0,0.0,-71.0
1777889806.0783324,5.0,2.0,-66.0
1777889806.0883324,2.0,1.0,-70.0
1777889806.0983324,0.0,2.0,-73.0
1777889806.1083324,-1.0,-1.0,-73.0
1777889806.1183324,-8.0,0.0,-77.0
1777889806.1283324,-11.0,-5.0,-69.0
1777889806.1383324,-7.0,-7.0,-67.0
1777889806.1483324,-2.0,-2.0,-61.0
1777889806.1583323,0.0,1.0,-56.0
1777889806.1683323,1.0,5.0,-58.0
1777889806.1783323,0.0,0.0,-62.0
1777889806.1883323,3.0,-3.0,-69.0
1777889806.1983323,3.0,-4.0,-72.0
1777889806.2083323,0.0,-8.0,-71.0
1777889806.2183323,0.0,-10.0,-66.0
1777889806.2283323,2.0,-3.0,-68.0
1777889806.2383325,1.0,0.0,-67.0
1777889806.2483325,-1.0,2.0,-68.0
1777889806.2583325,0.0,3.0,-69.0
1777889806.2683325,-2.0,1.0,-68.0
1777889806.2783325,-1.0,0.0,-71.0
1777889806.2883325,0.0,1.0,-69.0
1777889806.2983325,0.0,-2.0,-62.0
1777889806.3083324,0.0,-2.0,-63.0
1777889806.3183324,3.0,-1.0,-64.0
1777889806.3283324,0.0,-4.0,-69.0
1777889806.3383324,3.0,-4.0,-73.0
1777889806.3483324,4.0,-1.0,-74.0
1777889806.3583324,1.0,0.0,-73.0
1777889806.3683324,0.0,2.0,-73.0
1777889806.3783324,3.0,5.0,-73.0
1777889806.3883324,4.0,0.0,-69.0
1777889806.3983324,2.0,-1.0,-68.0
1777889806.4083323,6.0,-2.0,-66.0
1777889806.4183323,6.0,-3.0,-65.0
1777889806.4283323,1.0,-5.0,-65.0
1777889806.4383323,1.0,-7.0,-74.0
1777889806.4483323,2.0,-6.0,-80.0
1777889806.4583323,4.0,-3.0,-79.0
1777889806.4683323,4.0,-5.0,-78.0
1777889806.4783323,2.0,-5.0,-77.0
1777889806.4883325,5.0,-2.0,-74.0
1777889806.4983325,5.0,-4.0,-79.0
1777889806.5083325,5.0,0.0,-82.0
1777889806.5183325,4.0,2.0,-81.0
1777889806.5283325,8.0,-3.0,-86.0
1777889806.5383325,2.0,-5.0,-81.0
1777889806.5483325,2.0,-7.0,-81.0
1777889806.5583324,-2.0,-6.0,-87.0
1777889806.5683324,-3.0,-3.0,-88.0
1777889806.5783324,-3.0,-4.0,-85.0
1777889806.5883324,-2.0,0.0,-83.0
1777889806.5983324,-1.0,-1.0,-72.0
1777889806.6083324,1.0,-3.0,-76.0
1777889806.6183324,1.0,-5.0,-69.0
1777889806.6283324,-1.0,-5.0,-62.0
1777889806.6383324,3.0,0.0,-66.0
1777889806.6483324,2.0,-4.0,-68.0
1777889806.6583323,2.0,-9.0,-69.0
1777889806.6683323,5.0,-5.0,-71.0
1777889806.6783323,4.0,-3.0,-70.0
1777889806.6883323,0.0,-6.0,-80.0
1777889806.6983323,1.0,-8.0,-81.0
1777889806.7083323,-1.0,-4.0,-82.0
1777889806.7183323,0.0,0.0,-79.0
1777889806.7283323,0.0,-1.0,-83.0
1777889806.7383325,3.0,0.0,-91.0
1777889806.7483325,1.0,0.0,-88.0
1777889806.7583325,2.0,2.0,-90.0
1777889806.7683325,1.0,3.0,-86.0
1777889806.7783325,2.0,2.0,-81.0
1777889806.7883325,-2.0,2.0,-82.0
1777889806.7983325,-1.0,2.0,-81.0
1777889806.8083324,0.0,6.0,-86.0
1777889806.8183324,3.0,3.0,-74.0
1777889806.8283324,1.0,3.0,-65.0
1777889806.8383324,5.0,3.0,-67.0
1777889806.8483324,9.0,3.0,-68.0
1777889806.8583324,5.0,6.0,-74.0
1777889806.8683324,2.0,7.0,-77.0
1777889806.8783324,0.0,-1.0,-76.0
1777889806.8883324,1.0,-2.0,-77.0
1777889806.8983324,0.0,-3.0,-74.0
1777889806.9083323,2.0,-1.0,-74.0
1777889806.9183323,5.0,-5.0,-82.0
1777889806.9283323,0.0,-2.0,-78.0
1777889806.9383323,6.0,-7.0,-77.0
1777889806.9483323,8.0,-4.0,-78.0
1777889806.9583323,3.0,-3.0,-71.0
1777889806.9683323,1.0,0.0,-71.0
1777889806.9783323,0.0,-2.0,-69.0
1777889806.9883325,-1.0,0.0,-58.0
1777889806.9983325,-4.0,0.0,-60.0
1777889807.0083325,-3.0,-1.0,-62.0
1777889807.0183325,-3.0,0.0,-63.0
1777889807.0283325,-3.0,0.0,-64.0
1777889807.0383325,-3.0,-2.0,-65.0
1777889807.0483325,-5.0,-2.0,-72.0
1777889807.0583324,-2.0,-1.0,-76.0
1777889807.0683324,-1.0,0.0,-74.0
1777889807.0783324,-1.0,-1.0,-79.0
1777889807.0883324,-4.0,-5.0,-83.0
1777889807.0983324,-3.0,-4.0,-85.0
1777889807.1083324,-2.0,-6.0,-81.0
1777889807.1183324,2.0,-5.0,-76.0
1777889807.1283324,0.0,-9.0,-79.0
1777889807.1383324,0.0,-8.0,-81.0
1777889807.1483324,2.0,-5.0,-88.0
1777889807.1583323,1.0,0.0,-93.0
1777889807.1683323,2.0,-1.0,-86.0
1777889807.1783323,1.0,0.0,-83.0
1777889807.1883323,-2.0,1.0,-83.0
1777889807.1983323,-1.0,-1.0,-89.0
1777889807.2083323,0.0,0.0,-80.0
1777889807.2183323,0.0,0.0,-72.0
1777889807.2283323,0.0,0.0,-71.0
1777889807.2383325,-1.0,0.0,-69.0
1777889807.2483325,2.0,1.0,-65.0
1777889807.2583325,-2.0,2.0,-69.0
1777889807.2683325,-7.0,0.0,-70.0
1777889807.2783325,-6.0,1.0,-77.0
1777889807.2883325,-1.0,0.0,-74.0
1777889807.2983325,-4.0,1.0,-70.0
1777889807.3083324,-3.0,3.0,-72.0
1777889807.3183324,0.0,6.0,-75.0
1777889807.3283324,2.0,4.0,-77.0
1777889807.3383324,8.0,4.0,-79.0
1777889807.3483324,8.0,-2.0,-82.0
1777889807.3583324,10.0,-4.0,-87.0
1777889807.3683324,6.0,-2.0,-81.0
1777889807.3783324,2.0,-5.0,-80.0
1777889807.3883324,-1.0,-1.0,-75.0
1777889807.3983324,4.0,0.0,-79.0
1777889807.4083323,4.0,3.0,-78.0
1777889807.4183323,2.0,3.0,-78.0
1777889807.4283323,0.0,1.0,-84.0
1777889807.4383323,4.0,2.0,-80.0
1777889807.4483323,0.0,0.0,-81.0
1777889807.4583323,0.0,0.0,-79.0
1777889807.4683323,1.0,0.0,-77.0
1777889807.4783323,5.0,0.0,-71.0
1777889807.4883325,3.0,-1.0,-71.0
1777889807.4983325,-1.0,-1.0,-72.0
1777889807.5083325,0.0,0.0,-77.0
1777889807.5183325,0.0,-3.0,-76.0
1777889807.5283325,-3.0,-3.0,-73.0
1777889807.5383325,-3.0,-2.0,-70.0
1777889807.5483325,1.0,-4.0,-72.0
1777889807.5583324,1.0,-3.0,-74.0
1777889807.5683324,1.0,-2.0,-76.0
1777889807.5783324,2.0,-2.0,-70.0
1777889807.5883324,2.0,0.0,-76.0
1777889807.5983324,1.0,1.0,-79.0
1777889807.6083324,4.0,4.0,-79.0
1777889807.6183324,7.0,3.0,-73.0
1777889807.6283324,10.0,5.0,-74.0
1777889807.6383324,8.0,3.0,-77.0
1777889807.6483324,7.0,0.0,-72.0
1777889807.6583323,5.0,-3.0,-74.0
1777889807.6683323,1.0,-5.0,-75.0
1777889807.6783323,-1.0,-2.0,-77.0
1777889807.6883323,-6.0,-3.0,-75.0
1777889807.6983323,-8.0,-5.0,-80.0
1777889807.7083323,-5.0,-2.0,-85.0
1777889807.7183323,-3.0,0.0,-83.0
1777889807.7283323,1.0,0.0,-83.0
1777889807.7383325,-2.0,1.0,-83.0
1777889807.7483325,0.0,4.0,-83.0
1777889807.7583325,2.0,2.0,-84.0
1777889807.7683325,6.0,3.0,-79.0
1777889807.7783325,3.0,2.0,-76.0
1777889807.7883325,5.0,2.0,-69.0
1777889807.7983325,4.0,3.0,-69.0
1777889807.8083324,1.0,3.0,-73.0
1777889807.8183324,1.0,1.0,-72.0
1777889807.8283324,-2.0,3.0,-71.0
1777889807.8383324,-6.0,3.0,-78.0
1777889807.8483324,-1.0,3.0,-82.0
1777889807.8583324,-1.0,4.0,-81.0
1777889807.8683324,-3.0,2.0,-79.0
1777889807.8783324,-2.0,1.0,-79.0
1777889807.8883324,1.0,2.0,-77.0
1777889807.8983324,-1.0,3.0,-73.0
1777889807.9093325,1.0,1.0,-74.0
1777889807.9193325,5.0,1.0,-73.0
1777889807.9293325,2.0,3.0,-77.0
1777889807.9393325,2.0,4.0,-67.0
1777889807.9493325,2.0,3.0,-71.0
1777889807.9593325,-2.0,5.0,-75.0
1777889807.9693325,-2.0,5.0,-81.0
1777889807.9793324,-4.0,2.0,-82.0
1777889807.9893324,-1.0,0.0,-81.0
1777889807.9983325,-6.0,1.0,-79.0
1777889808.0093324,-4.0,0.0,-81.0
1777889808.0193324,0.0,0.0,-87.0
1777889808.0293324,-1.0,-3.0,-83.0
1777889808.0393324,-2.0,-3.0,-77.0
1777889808.0493324,0.0,-5.0,-76.0
1777889808.0593324,0.0,-4.0,-74.0
1777889808.0693324,1.0,-3.0,-73.0
1777889808.0793324,-1.0,-3.0,-82.0
1777889808.0893323,0.0,-1.0,-84.0
1777889808.0993323,1.0,-5.0,-82.0
1777889808.1093323,2.0,-4.0,-80.0
1777889808.1193323,-1.0,-2.0,-78.0
1777889808.1293323,0.0,-1.0,-75.0
1777889808.1393323,1.0,-7.0,-76.0
1777889808.1493323,-3.0,-3.0,-75.0
1777889808.1593325,-6.0,-2.0,-80.0
1777889808.1693325,0.0,0.0,-78.0
1777889808.1793325,0.0,1.0,-75.0
1777889808.1893325,-3.0,-1.0,-74.0
1777889808.1993325,3.0,-1.0,-73.0
1777889808.2093325,6.0,0.0,-75.0
1777889808.2193325,8.0,-1.0,-74.0
1777889808.2293324,3.0,-4.0,-69.0
1777889808.2393324,0.0,-2.0,-65.0
1777889808.2493324,3.0,2.0,-68.0
1777889808.2593324,0.0,5.0,-73.0
1777889808.2693324,0.0,5.0,-68.0
1777889808.2793324,4.0,4.0,-66.0
1777889808.2893324,3.0,6.0,-69.0
1777889808.2993324,-1.0,6.0,-69.0
1777889808.3093324,0.0,5.0,-71.0
1777889808.3193324,-3.0,6.0,-66.0
1777889808.3293324,-1.0,3.0,-66.0
1777889808.3393323,-3.0,2.0,-73.0
1777889808.3493323,-2.0,0.0,-78.0
1777889808.3593323,0.0,-2.0,-70.0
1777889808.3693323,0.0,-1.0,-74.0
1777889808.3793323,-2.0,0.0,-71.0
1777889808.3893323,-3.0,-4.0,-72.0
1777889808.3993323,-2.0,-3.0,-63.0
1777889808.4093325,-3.0,0.0,-63.0
1777889808.4193325,-2.0,1.0,-73.0
1777889808.4293325,-4.0,2.0,-76.0
1777889808.4393325,-3.0,2.0,-72.0
1777889808.4493325,0.0,0.0,-72.0
1777889808.4593325,-5.0,1.0,-77.0
1777889808.4693325,-5.0,0.0,-75.0
1777889808.4793324,-2.0,0.0,-72.0
1777889808.4893324,-2.0,1.0,-76.0
1777889808.4993324,-1.0,6.0,-79.0
1777889808.5093324,-6.0,2.0,-72.0
1777889808.5193324,-4.0,3.0,-75.0
1777889808.5293324,-6.0,1.0,-75.0
1777889808.5393324,-3.0,0.0,-80.0
1777889808.5493324,-2.0,1.0,-81.0
1777889808.5593324,5.0,5.0,-75.0
1777889808.5693324,3.0,2.0,-75.0
1777889808.5793324,-1.0,1.0,-80.0
1777889808.5893323,0.0,1.0,-80.0
1777889808.5993323,0.0,2.0,-85.0
1777889808.6093323,4.0,0.0,-82.0
1777889808.6193323,3.0,2.0,-78.0
1777889808.6293323,4.0,0.0,-77.0
1777889808.6393323,2.0,-3.0,-81.0
1777889808.6493323,3.0,-5.0,-77.0
1777889808.6593325,5.0,-6.0,-77.0
1777889808.6693325,2.0,-6.0,-78.0
1777889808.6793325,4.0,-7.0,-76.0
1777889808.6893325,1.0,-7.0,-71.0
1777889808.6993325,-3.0,-8.0,-63.0
1777889808.7093325,0.0,-6.0,-61.0
1777889808.7193325,4.0,-6.0,-63.0
1777889808.7293324,5.0,-5.0,-64.0
1777889808.7393324,2.0,-1.0,-58.0
1777889808.7493324,3.0,-1.0,-57.0
1777889808.7593324,0.0,1.0,-59.0
1777889808.7693324,-1.0,-2.0,-61.0
1777889808.7793324,-3.0,-1.0,-71.0
1777889808.7893324,-1.0,-1.0,-80.0
1777889808.7993324,0.0,0.0,-81.0
1777889808.8093324,0.0,0.0,-85.0
1777889808.8193324,2.0,1.0,-81.0
1777889808.8293324,4.0,0.0,-72.0
1777889808.8393323,4.0,-2.0,-77.0
1777889808.8493323,0.0,-5.0,-76.0
1777889808.8593323,-1.0,-6.0,-79.0
1777889808.8693323,0.0,-5.0,-81.0
1777889808.8793323,0.0,0.0,-79.0
1777889808.8893323,-2.0,-1.0,-82.0
1777889808.8993323,-1.0,-5.0,-78.0
1777889808.9093325,1.0,-2.0,-67.0
1777889808.9193325,-2.0,-5.0,-67.0
1777889808.9293325,-2.0,-4.0,-67.0
1777889808.9393325,2.0,-5.0,-68.0
1777889808.9493325,6.0,-8.0,-73.0
1777889808.9593325,7.0,-2.0,-72.0
1777889808.9693325,5.0,-2.0,-81.0
1777889808.9793324,8.0,-5.0,-76.0
1777889808.9893324,9.0,-2.0,-78.0
1777889808.9993324,5.0,-1.0,-76.0
1777889809.0093324,3.0,-1.0,-79.0
1777889809.0193324,4.0,0.0,-83.0
1777889809.0293324,1.0,1.0,-82.0
1777889809.0393324,2.0,-2.0,-76.0
1777889809.0493324,3.0,-1.0,-74.0
1777889809.0593324,9.0,-3.0,-80.0
1777889809.0693324,12.0,-5.0,-80.0
1777889809.0793324,9.0,-6.0,-79.0
1777889809.0893323,6.0,0.0,-77.0
1777889809.0993323,6.0,0.0,-74.0
1777889809.1093323,6.0,0.0,-71.0
1777889809.1193323,6.0,2.0,-74.0
1777889809.1293323,4.0,3.0,-70.0
1777889809.1393323,2.0,2.0,-74.0
1777889809.1493323,2.0,4.0,-73.0
1777889809.1593325,0.0,5.0,-64.0
1777889809.1693325,1.0,5.0,-72.0
1777889809.1793325,2.0,4.0,-73.0
1777889809.1893325,-2.0,3.0,-77.0
1777889809.1993325,0.0,-3.0,-76.0
1777889809.2093325,1.0,-6.0,-78.0
1777889809.2193325,-1.0,-4.0,-80.0
1777889809.2293324,2.0,-5.0,-78.0
1777889809.2393324,1.0,-5.0,-80.0
1777889809.2493324,-1.0,-2.0,-74.0
1777889809.2593324,-2.0,-3.0,-75.0
1777889809.2693324,-3.0,-1.0,-78.0
1777889809.2793324,-5.0,0.0,-77.0
1777889809.2893324,-5.0,0.0,-76.0
1777889809.2993324,-5.0,-2.0,-82.0
1777889809.3093324,1.0,3.0,-80.0
1777889809.3193324,1.0,3.0,-76.0
1777889809.3293324,4.0,-1.0,-77.0
1777889809.3393323,3.0,-2.0,-84.0
1777889809.3493323,0.0,-1.0,-77.0
1777889809.3593323,-1.0,-1.0,-72.0
1777889809.3693323,-1.0,-1.0,-69.0
1777889809.3793323,-3.0,0.0,-76.0
1777889809.3893323,1.0,-3.0,-82.0
1777889809.3993323,4.0,0.0,-81.0
1777889809.4093325,4.0,-1.0,-81.0
1777889809.4193325,2.0,-1.0,-80.0
1777889809.4293325,6.0,0.0,-78.0
1777889809.4393325,3.0,-2.0,-71.0
1777889809.4493325,4.0,-4.0,-76.0
1777889809.4593325,4.0,-5.0,-75.0
1777889809.4693325,5.0,-6.0,-78.0
1777889809.4793324,2.0,-4.0,-76.0
1777889809.4893324,-2.0,-3.0,-84.0
1777889809.4993324,0.0,-5.0,-81.0
1777889809.5093324,0.0,-7.0,-85.0
1777889809.5193324,2.0,-9.0,-81.0
1777889809.5293324,1.0,-6.0,-78.0
1777889809.5393324,1.0,-5.0,-73.0
1777889809.5493324,5.0,-4.0,-72.0
1777889809.5593324,1.0,-4.0,-69.0
1777889809.5693324,1.0,0.0,-70.0
1777889809.5793324,-2.0,5.0,-68.0
1777889809.5893323,-3.0,6.0,-77.0
1777889809.5993323,-8.0,1.0,-75.0
1777889809.6093323,-11.0,-4.0,-77.0
1777889809.6193323,-11.0,-3.0,-72.0
1777889809.6293323,-7.0,-5.0,-71.0
1777889809.6393323,-7.0,-2.0,-75.0
1777889809.6493323,-9.0,-1.0,-76.0
1777889809.6593325,-12.0,-3.0,-72.0
1777889809.6693325,-11.0,-1.0,-81.0
1777889809.6793325,-9.0,-4.0,-81.0
1777889809.6893325,-10.0,-4.0,-83.0
1777889809.6993325,-6.0,-5.0,-81.0
1777889809.7093325,-5.0,-4.0,-80.0
1777889809.7193325,-5.0,-1.0,-78.0
1777889809.7293324,-4.0,-2.0,-73.0
1777889809.7393324,-3.0,-3.0,-66.0
1777889809.7493324,-3.0,-1.0,-63.0
1777889809.7593324,0.0,-1.0,-67.0
1777889809.7693324,2.0,-1.0,-71.0
1777889809.7793324,0.0,0.0,-71.0
1777889809.7893324,4.0,-1.0,-71.0
1777889809.7993324,7.0,-4.0,-78.0
1777889809.8093324,9.0,-3.0,-80.0
1777889809.8193324,4.0,-5.0,-75.0
1777889809.8293324,0.0,-4.0,-71.0
1777889809.8393323,-1.0,-4.0,-66.0
1777889809.8493323,-1.0,-4.0,-62.0
1777889809.8603325,2.0,-2.0,-71.0
1777889809.8703325,2.0,-3.0,-75.0
1777889809.8803325,-2.0,0.0,-73.0
1777889809.8903325,0.0,1.0,-73.0
1777889809.9003325,6.0,3.0,-70.0
1777889809.9103324,5.0,0.0,-54.0
1777889809.9203324,2.0,-1.0,-55.0
1777889809.9303324,3.0,-4.0,-63.0
1777889809.9393325,5.0,-5.0,-63.0
1777889809.9503324,3.0,-2.0,-65.0
1777889809.9603324,0.0,-4.0,-65.0
1777889809.9703324,3.0,-4.0,-69.0
1777889809.9803324,3.0,-8.0,-77.0
1777889809.9903324,2.0,-7.0,-86.0
1777889809.9993324,2.0,-7.0,-85.0
1777889810.0103323,4.0,-10.0,-84.0
1777889810.0203323,5.0,-7.0,-83.0
1777889810.0303323,5.0,-6.0,-79.0
1777889810.0403323,2.0,-2.0,-73.0
1777889810.0503323,-2.0,0.0,-72.0
1777889810.0603323,0.0,0.0,-73.0
1777889810.0703323,2.0,-2.0,-77.0
1777889810.0803325,3.0,4.0,-75.0
1777889810.0903325,0.0,4.0,-79.0
1777889810.1003325,1.0,6.0,-82.0
1777889810.1103325,0.0,6.0,-79.0
1777889810.1203325,1.0,0.0,-70.0
1777889810.1303325,-1.0,-4.0,-60.0
1777889810.1403325,0.0,-1.0,-59.0
1777889810.1503325,0.0,1.0,-67.0
1777889810.1603324,-1.0,0.0,-66.0
1777889810.1703324,0.0,-3.0,-65.0
1777889810.1803324,-3.0,-3.0,-60.0
1777889810.1903324,-2.0,0.0,-60.0
1777889810.2003324,-8.0,0.0,-68.0
1777889810.2103324,-7.0,-2.0,-70.0
1777889810.2203324,-4.0,1.0,-67.0
1777889810.2303324,-4.0,-1.0,-73.0
1777889810.2403324,0.0,-1.0,-74.0
1777889810.2503324,-1.0,0.0,-71.0
1777889810.2603323,-1.0,1.0,-78.0
1777889810.2703323,-2.0,-1.0,-84.0
1777889810.2803323,-1.0,-3.0,-89.0
1777889810.2903323,0.0,-1.0,-87.0
1777889810.3003323,0.0,0.0,-86.0
1777889810.3103323,-1.0,0.0,-83.0
1777889810.3203323,-4.0,0.0,-83.0
1777889810.3303325,-3.0,0.0,-81.0
1777889810.3403325,-1.0,1.0,-80.0
1777889810.3503325,-1.0,1.0,-72.0
1777889810.3603325,-1.0,2.0,-70.0
1777889810.3703325,1.0,2.0,-74.0
1777889810.3803325,5.0,0.0,-67.0
1777889810.3903325,5.0,-4.0,-68.0
1777889810.4003325,4.0,-2.0,-67.0
1777889810.4103324,4.0,-4.0,-68.0
1777889810.4203324,3.0,-5.0,-69.0
1777889810.4303324,0.0,-6.0,-64.0
1777889810.4403324,1.0,-2.0,-69.0
1777889810.4503324,-4.0,0.0,-72.0
1777889810.4603324,-5.0,0.0,-70.0
1777889810.4703324,-6.0,1.0,-71.0
1777889810.4803324,-8.0,2.0,-70.0
1777889810.4903324,-4.0,-1.0,-68.0
1777889810.5003324,-2.0,-4.0,-66.0
1777889810.5103323,4.0,-5.0,-69.0
1777889810.5203323,7.0,-4.0,-70.0
1777889810.5303323,5.0,-5.0,-67.0
1777889810.5403323,6.0,0.0,-72.0
1777889810.5503323,3.0,0.0,-72.0
1777889810.5603323,-1.0,4.0,-69.0
1777889810.5703323,-3.0,1.0,-70.0
1777889810.5803325,0.0,3.0,-71.0
1777889810.5903325,-6.0,8.0,-77.0
1777889810.6003325,-4.0,8.0,-83.0
1777889810.6103325,0.0,9.0,-82.0
1777889810.6203325,4.0,8.0,-80.0
1777889810.6303325,2.0,11.0,-84.0
1777889810.6403325,-1.0,8.0,-79.0
1777889810.6503325,-1.0,5.0,-72.0
1777889810.6603324,-2.0,4.0,-77.0
1777889810.6703324,-1.0,6.0,-74.0
1777889810.6803324,-1.0,5.0,-69.0
1777889810.6903324,-3.0,2.0,-67.0
1777889810.7003324,0.0,3.0,-71.0
1777889810.7103324,3.0,0.0,-65.0
1777889810.7203324,4.0,-2.0,-60.0
1777889810.7303324,1.0,-5.0,-60.0
1777889810.7403324,1.0,-3.0,-67.0
1777889810.7503324,5.0,-7.0,-76.0
1777889810.7603323,4.0,-9.0,-74.0
1777889810.7703323,5.0,-6.0,-64.0
1777889810.7803323,3.0,-4.0,-64.0
1777889810.7903323,0.0,-1.0,-63.0
1777889810.8003323,2.0,-3.0,-67.0
1777889810.8103323,4.0,-3.0,-74.0
1777889810.8203323,2.0,-3.0,-75.0
1777889810.8303325,7.0,-2.0,-80.0
1777889810.8403325,8.0,0.0,-80.0
1777889810.8503325,8.0,2.0,-78.0
1777889810.8603325,10.0,5.0,-80.0
1777889810.8703325,7.0,6.0,-79.0
1777889810.8803325,4.0,3.0,-77.0
1777889810.8903325,1.0,3.0,-74.0
1777889810.9003325,-1.0,8.0,-70.0
1777889810.9103324,-2.0,1.0,-73.0
1777889810.9203324,-3.0,2.0,-75.0
1777889810.9303324,-2.0,5.0,-80.0
1777889810.9403324,-6.0,7.0,-77.0
1777889810.9503324,-4.0,5.0,-75.0
1777889810.9603324,2.0,3.0,-74.0
1777889810.9703324,1.0,7.0,-67.0
1777889810.9803324,-1.0,8.0,-69.0
1777889810.9903324,0.0,9.0,-69.0
1777889811.0003324,3.0,10.0,-71.0
1777889811.0103323,2.0,8.0,-75.0
1777889811.0203323,3.0,5.0,-80.0
1777889811.0303323,0.0,4.0,-81.0
1777889811.0403323,3.0,4.0,-79.0
1777889811.0503323,7.0,-1.0,-75.0
1777889811.0603323,5.0,-1.0,-72.0
1777889811.0703323,4.0,-1.0,-73.0
1777889811.0803325,2.0,-3.0,-75.0
1777889811.0903325,2.0,-4.0,-76.0
1777889811.1003325,1.0,-3.0,-72.0
1777889811.1103325,0.0,-1.0,-67.0
1777889811.1203325,6.0,-3.0,-66.0
1777889811.1303325,5.0,-3.0,-66.0
1777889811.1403325,0.0,-3.0,-71.0
1777889811.1503325,4.0,0.0,-75.0
1777889811.1603324,5.0,-2.0,-72.0
1777889811.1703324,6.0,-2.0,-77.0
1777889811.1803324,5.0,-3.0,-78.0
1777889811.1903324,6.0,-4.0,-81.0
1777889811.2003324,5.0,0.0,-81.0
1777889811.2103324,7.0,3.0,-79.0
1777889811.2203324,8.0,2.0,-80.0
1777889811.2303324,9.0,3.0,-91.0
1777889811.2403324,0.0,2.0,-86.0
1777889811.2503324,1.0,0.0,-80.0
1777889811.2603323,6.0,4.0,-79.0
1777889811.2703323,4.0,5.0,-79.0
1777889811.2803323,1.0,2.0,-79.0
1777889811.2903323,0.0,0.0,-82.0
1777889811.3003323,0.0,-4.0,-81.0
1777889811.3103323,1.0,0.0,-87.0
1777889811.3203323,3.0,1.0,-83.0
1777889811.3303325,3.0,-2.0,-84.0
1777889811.3403325,1.0,-3.0,-93.0
1777889811.3503325,3.0,-5.0,-102.0
1777889811.3603325,0.0,0.0,-100.0
1777889811.3703325,0.0,0.0,-93.0
1777889811.3803325,0.0,0.0,-89.0
1777889811.3903325,-3.0,-2.0,-89.0
1777889811.4003325,-1.0,2.0,-86.0
1777889811.4103324,3.0,0.0,-78.0
1777889811.4203324,2.0,1.0,-79.0
1777889811.4303324,2.0,2.0,-79.0
1777889811.4403324,1.0,-3.0,-66.0
1777889811.4503324,2.0,-3.0,-64.0
1777889811.4603324,3.0,0.0,-69.0
1777889811.4703324,1.0,1.0,-68.0
1777889811.4803324,1.0,4.0,-73.0
1777889811.4903324,1.0,3.0,-76.0
1777889811.5003324,1.0,4.0,-73.0
1777889811.5103323,-2.0,4.0,-70.0
1777889811.5203323,-4.0,4.0,-75.0
1777889811.5303323,-1.0,5.0,-74.0
1777889811.5403323,0.0,3.0,-72.0
1777889811.5503323,-3.0,1.0,-74.0
1777889811.5603323,-4.0,0.0,-80.0
1777889811.5703323,0.0,3.0,-78.0
1777889811.5803325,-1.0,5.0,-70.0
1777889811.5903325,1.0,0.0,-70.0
1777889811.6003325,2.0,-3.0,-73.0
1777889811.6103325,-2.0,0.0,-72.0
1777889811.6203325,-5.0,-3.0,-68.0
1777889811.6303325,-7.0,-2.0,-67.0
1777889811.6403325,-6.0,-7.0,-71.0
1777889811.6503325,-4.0,-5.0,-69.0
1777889811.6603324,-3.0,-2.0,-68.0
1777889811.6703324,0.0,-2.0,-74.0
1777889811.6803324,1.0,-1.0,-79.0
1777889811.6903324,0.0,-1.0,-83.0
1777889811.7003324,0.0,-2.0,-76.0
1777889811.7103324,-1.0,-3.0,-77.0
1777889811.7203324,0.0,-1.0,-70.0
1777889811.7303324,1.0,0.0,-81.0
1777889811.7403324,0.0,4.0,-91.0
1777889811.7503324,0.0,2.0,-90.0
1777889811.7603323,4.0,0.0,-94.0
1777889811.7703323,2.0,0.0,-87.0
1777889811.7803323,1.0,-1.0,-85.0
1777889811.7903323,0.0,-1.0,-82.0
1777889811.8003323,4.0,-5.0,-84.0
1777889811.8103323,3.0,-3.0,-82.0
1777889811.8203323,0.0,-2.0,-81.0
1777889811.8303325,0.0,-5.0,-83.0
1777889811.8403325,0.0,-9.0,-82.0
1777889811.8513324,0.0,-8.0,-78.0
1777889811.8603325,1.0,-6.0,-73.0
1777889811.8713324,-1.0,-5.0,-74.0
1777889811.8803325,0.0,-6.0,-72.0
1777889811.8913324,0.0,-8.0,-68.0
1777889811.9013324,-2.0,-5.0,-70.0
1777889811.9113324,-1.0,-6.0,-71.0
1777889811.9213324,-3.0,-8.0,-73.0
1777889811.9313323,-1.0,-7.0,-76.0
1777889811.9413323,-2.0,-5.0,-83.0
1777889811.9513323,-2.0,-4.0,-82.0
1777889811.9613323,1.0,-5.0,-81.0
1777889811.9713323,-1.0,-5.0,-78.0
1777889811.9813323,0.0,-4.0,-78.0
1777889811.9913323,0.0,-4.0,-80.0
1777889812.0013323,0.0,-3.0,-87.0
1777889812.0113325,0.0,-3.0,-83.0
1777889812.0213325,-1.0,-6.0,-82.0
1777889812.0313325,0.0,-12.0,-80.0
1777889812.0413325,-2.0,-9.0,-74.0
1777889812.0513325,0.0,-9.0,-76.0
1777889812.0613325,0.0,-6.0,-73.0
1777889812.0713325,0.0,-6.0,-75.0
1777889812.0813324,4.0,-9.0,-76.0
1777889812.0913324,5.0,-10.0,-77.0
1777889812.1013324,1.0,-8.0,-79.0
1777889812.1113324,2.0,-10.0,-83.0
1777889812.1213324,0.0,-9.0,-75.0
1777889812.1313324,0.0,-5.0,-77.0
1777889812.1413324,0.0,-1.0,-78.0
1777889812.1513324,0.0,-3.0,-83.0
1777889812.1613324,-3.0,0.0,-81.0
1777889812.1713324,-5.0,0.0,-75.0
1777889812.1813323,-2.0,0.0,-68.0
1777889812.1913323,-3.0,0.0,-72.0
1777889812.2013323,-4.0,0.0,-69.0
1777889812.2113323,-3.0,-1.0,-73.0
1777889812.2213323,-1.0,-1.0,-76.0
1777889812.2313323,-3.0,-1.0,-81.0
1777889812.2413323,-1.0,5.0,-79.0
1777889812.2513323,-3.0,6.0,-75.0
1777889812.2613325,1.0,4.0,-74.0
1777889812.2713325,6.0,2.0,-78.0
1777889812.2813325,5.0,1.0,-78.0
1777889812.2913325,4.0,3.0,-71.0
1777889812.3013325,7.0,6.0,-82.0
1777889812.3113325,10.0,5.0,-83.0
1777889812.3213325,8.0,5.0,-85.0
1777889812.3313324,5.0,7.0,-78.0
1777889812.3413324,2.0,5.0,-73.0
1777889812.3513324,0.0,4.0,-71.0
1777889812.3613324,0.0,0.0,-70.0
1777889812.3713324,0.0,-2.0,-70.0
1777889812.3813324,1.0,0.0,-74.0
1777889812.3913324,2.0,2.0,-74.0
1777889812.4013324,4.0,3.0,-73.0
1777889812.4113324,3.0,0.0,-67.0
1777889812.4213324,6.0,0.0,-70.0
1777889812.4313323,6.0,2.0,-70.0
1777889812.4413323,4.0,3.0,-74.0
1777889812.4513323,5.0,2.0,-78.0
1777889812.4613323,2.0,1.0,-72.0
1777889812.4713323,-1.0,-2.0,-69.0
1777889812.4813323,0.0,3.0,-66.0
1777889812.4913323,4.0,1.0,-68.0
1777889812.5013323,1.0,4.0,-63.0
1777889812.5113325,0.0,5.0,-62.0
1777889812.5213325,-3.0,2.0,-58.0
1777889812.5313325,-5.0,0.0,-60.0
1777889812.5413325,-2.0,5.0,-65.0
1777889812.5513325,-2.0,3.0,-69.0
1777889812.5613325,-2.0,0.0,-69.0
1777889812.5713325,-4.0,2.0,-73.0
1777889812.5813324,0.0,0.0,-73.0
1777889812.5913324,-2.0,-5.0,-75.0
1777889812.6013324,-2.0,-3.0,-80.0
1777889812.6113324,-4.0,-2.0,-85.0
1777889812.6213324,0.0,0.0,-84.0
1777889812.6313324,0.0,-2.0,-85.0
1777889812.6413324,0.0,-2.0,-81.0
1777889812.6513324,-1.0,-2.0,-77.0
1777889812.6613324,0.0,0.0,-76.0
1777889812.6713324,0.0,0.0,-74.0
1777889812.6813323,1.0,-2.0,-77.0
1777889812.6913323,2.0,-1.0,-74.0
1777889812.7013323,4.0,0.0,-73.0
1777889812.7113323,1.0,1.0,-75.0
1777889812.7213323,4.0,2.0,-81.0
1777889812.7313323,1.0,2.0,-84.0
1777889812.7413323,2.0,0.0,-82.0
1777889812.7513323,0.0,0.0,-82.0
1777889812.7613325,0.0,-2.0,-85.0
1777889812.7713325,2.0,-2.0,-82.0
1777889812.7813325,2.0,-2.0,-77.0
1777889812.7913325,5.0,-4.0,-74.0
1777889812.8013325,3.0,-5.0,-75.0
1777889812.8113325,0.0,-3.0,-80.0
1777889812.8213325,3.0,-1.0,-82.0
1777889812.8313324,1.0,-2.0,-78.0
1777889812.8413324,3.0,-4.0,-81.0
1777889812.8513324,4.0,-8.0,-82.0
1777889812.8613324,2.0,-4.0,-81.0
1777889812.8713324,1.0,-6.0,-81.0
1777889812.8813324,3.0,-3.0,-71.0
1777889812.8913324,3.0,-1.0,-66.0
1777889812.9013324,5.0,-2.0,-68.0
1777889812.9113324,5.0,0.0,-65.0
1777889812.9213324,2.0,-1.0,-71.0
1777889812.9313323,6.0,-5.0,-73.0
1777889812.9413323,2.0,-4.0,-79.0
1777889812.9513323,1.0,-7.0,-79.0
1777889812.9613323,4.0,-6.0,-79.0
1777889812.9713323,0.0,-4.0,-77.0
1777889812.9813323,-1.0,-3.0,-76.0
1777889812.9913323,-1.0,0.0,-74.0
1777889813.0013323,-1.0,-4.0,-74.0
1777889813.0113325,1.0,0.0,-73.0
1777889813.0213325,-1.0,0.0,-68.0
1777889813.0313325,-3.0,2.0,-69.0
1777889813.0413325,-4.0,7.0,-70.0
1777889813.0513325,-6.0,7.0,-73.0
1777889813.0613325,-5.0,7.0,-74.0
1777889813.0713325,-2.0,8.0,-73.0
1777889813.0813324,-4.0,4.0,-74.0
1777889813.0913324,-3.0,0.0,-75.0
1777889813.1013324,-4.0,1.0,-76.0
1777889813.1113324,-4.0,0.0,-74.0
1777889813.1213324,-2.0,1.0,-73.0
1777889813.1313324,2.0,5.0,-76.0
1777889813.1413324,1.0,4.0,-75.0
1777889813.1513324,1.0,2.0,-74.0
1777889813.1613324,6.0,2.0,-80.0
1777889813.1713324,1.0,2.0,-87.0
1777889813.1813323,0.0,0.0,-82.0
1777889813.1913323,-2.0,2.0,-83.0
1777889813.2013323,-3.0,0.0,-79.0
1777889813.2113323,-3.0,-6.0,-80.0
1777889813.2213323,-4.0,-1.0,-82.0
1777889813.2313323,-2.0,1.0,-85.0
1777889813.2413323,0.0,-1.0,-84.0
1777889813.2513323,2.0,0.0,-84.0
1777889813.2613325,3.0,2.0,-84.0
1777889813.2713325,3.0,2.0,-87.0
1777889813.2813325,0.0,4.0,-81.0
1777889813.2913325,-2.0,4.0,-80.0
1777889813.3013325,0.0,3.0,-82.0
1777889813.3113325,3.0,6.0,-77.0
1777889813.3213325,3.0,5.0,-76.0
1777889813.3313324,5.0,4.0,-77.0
1777889813.3413324,5.0,4.0,-85.0
1777889813.3513324,10.0,3.0,-77.0
1777889813.3613324,11.0,2.0,-78.0
1777889813.3713324,7.0,5.0,-83.0
1777889813.3813324,3.0,3.0,-81.0
1777889813.3913324,3.0,2.0,-78.0
1777889813.4013324,1.0,1.0,-79.0
1777889813.4113324,4.0,3.0,-71.0
1777889813.4213324,4.0,3.0,-71.0
1777889813.4313323,9.0,0.0,-77.0
1777889813.4413323,9.0,2.0,-74.0
1777889813.4513323,9.0,2.0,-74.0
1777889813.4613323,7.0,2.0,-72.0
1777889813.4713323,4.0,0.0,-70.0
1777889813.4813323,-2.0,0.0,-76.0
1777889813.4913323,-3.0,0.0,-75.0
1777889813.5013323,1.0,0.0,-83.0
1777889813.5113325,-2.0,-1.0,-78.0
1777889813.5213325,-6.0,1.0,-69.0
1777889813.5313325,-5.0,0.0,-71.0
1777889813.5413325,-1.0,-3.0,-78.0
1777889813.5513325,0.0,-3.0,-82.0
1777889813.5613325,-2.0,-6.0,-83.0
1777889813.5713325,-1.0,-7.0,-83.0
1777889813.5813324,2.0,-5.0,-82.0
1777889813.5913324,4.0,-3.0,-79.0
1777889813.6013324,4.0,-2.0,-73.0
1777889813.6113324,0.0,0.0,-73.0
1777889813.6213324,1.0,0.0,-73.0
1777889813.6313324,6.0,0.0,-74.0
1777889813.6413324,8.0,-3.0,-77.0
1777889813.6513324,7.0,-3.0,-73.0
1777889813.6613324,5.0,-2.0,-74.0
1777889813.6713324,6.0,0.0,-72.0
1777889813.6813323,7.0,0.0,-68.0
1777889813.6913323,6.0,0.0,-63.0
1777889813.7013323,7.0,3.0,-65.0
1777889813.7113323,8.0,3.0,-66.0
1777889813.7213323,5.0,3.0,-65.0
1777889813.7313323,7.0,6.0,-72.0
1777889813.7413323,3.0,6.0,-70.0
1777889813.7513323,4.0,1.0,-71.0
1777889813.7613325,6.0,3.0,-68.0
1777889813.7713325,2.0,6.0,-69.0
1777889813.7813325,2.0,2.0,-67.0
1777889813.7913325,2.0,0.0,-69.0
1777889813.8013325,5.0,-2.0,-72.0
1777889813.8113325,4.0,-7.0,-79.0
1777889813.8213325,2.0,-12.0,-88.0
1777889813.8323324,3.0,-10.0,-85.0
1777889813.8413324,2.0,-10.0,-80.0
1777889813.8523324,0.0,-8.0,-78.0
1777889813.8623323,0.0,-9.0,-72.0
1777889813.8723323,-1.0,-6.0,-73.0
1777889813.8823323,-3.0,-6.0,-75.0
1777889813.8923323,-1.0,-8.0,-87.0
1777889813.9023323,0.0,-7.0,-86.0
1777889813.9123323,1.0,-4.0,-80.0
1777889813.9223323,2.0,-3.0,-83.0
1777889813.9323325,1.0,-7.0,-84.0
1777889813.9423325,3.0,-8.0,-77.0
1777889813.9523325,0.0,-4.0,-82.0
1777889813.9623325,1.0,-1.0,-81.0
1777889813.9723325,8.0,-4.0,-80.0
1777889813.9823325,8.0,0.0,-82.0
1777889813.9923325,8.0,3.0,-80.0
1777889814.0023324,8.0,4.0,-76.0
1777889814.0123324,6.0,5.0,-77.0
1777889814.0223324,4.0,6.0,-76.0
1777889814.0323324,1.0,6.0,-77.0
1777889814.0423324,0.0,4.0,-71.0
1777889814.0523324,3.0,5.0,-67.0
1777889814.0623324,1.0,5.0,-68.0
1777889814.0723324,3.0,7.0,-71.0
1777889814.0823324,1.0,0.0,-68.0
1777889814.0923324,0.0,0.0,-71.0
1777889814.1023324,0.0,-1.0,-70.0
1777889814.1123323,0.0,0.0,-72.0
1777889814.1223323,-2.0,0.0,-73.0
1777889814.1323323,0.0,1.0,-75.0
1777889814.1423323,-3.0,-1.0,-79.0
1777889814.1523323,0.0,0.0,-76.0
1777889814.1623323,2.0,-3.0,-79.0
1777889814.1723323,3.0,0.0,-74.0
1777889814.1823325,2.0,0.0,-70.0
1777889814.1923325,2.0,1.0,-72.0
1777889814.2023325,-3.0,3.0,-74.0
1777889814.2123325,-4.0,0.0,-75.0
1777889814.2223325,-2.0,0.0,-81.0
1777889814.2323325,0.0,-4.0,-72.0
1777889814.2423325,-5.0,-3.0,-67.0
1777889814.2523324,-4.0,-1.0,-66.0
1777889814.2623324,-1.0,0.0,-66.0
1777889814.2723324,1.0,2.0,-69.0
1777889814.2823324,0.0,3.0,-74.0
1777889814.2923324,0.0,4.0,-76.0
1777889814.3023324,-3.0,5.0,-77.0
1777889814.3123324,-2.0,6.0,-75.0
1777889814.3223324,-3.0,11.0,-72.0
1777889814.3323324,-1.0,12.0,-81.0
1777889814.3423324,1.0,7.0,-80.0
1777889814.3523324,-2.0,7.0,-76.0
1777889814.3623323,-2.0,4.0,-81.0
1777889814.3723323,-1.0,4.0,-84.0
1777889814.3823323,0.0,3.0,-75.0
1777889814.3923323,5.0,1.0,-75.0
1777889814.4023323,3.0,2.0,-74.0
1777889814.4123323,4.0,0.0,-76.0
1777889814.4223323,5.0,0.0,-78.0
1777889814.4323325,4.0,-3.0,-77.0
1777889814.4423325,5.0,-3.0,-74.0
1777889814.4523325,7.0,-1.0,-75.0
1777889814.4623325,6.0,-2.0,-77.0
1777889814.4723325,7.0,-3.0,-80.0
1777889814.4823325,6.0,-1.0,-82.0
1777889814.4923325,7.0,0.0,-80.0
1777889814.5023324,5.0,4.0,-72.0
1777889814.5123324,5.0,3.0,-75.0
1777889814.5223324,3.0,-3.0,-75.0
1777889814.5323324,6.0,-5.0,-76.0
1777889814.5423324,4.0,0.0,-79.0
1777889814.5523324,-2.0,-1.0,-82.0
1777889814.5623324,-5.0,-2.0,-79.0
1777889814.5723324,-8.0,0.0,-75.0
1777889814.5823324,-6.0,-2.0,-74.0
1777889814.5923324,-1.0,-5.0,-77.0
1777889814.6023324,-2.0,-4.0,-75.0
1777889814.6123323,0.0,-1.0,-79.0
1777889814.6223323,-1.0,-1.0,-78.0
1777889814.6323323,-2.0,-3.0,-81.0
1777889814.6423323,-2.0,-1.0,-82.0
1777889814.6523323,2.0,-3.0,-76.0
1777889814.6623323,0.0,-2.0,-79.0
1777889814.6723323,-6.0,-3.0,-72.0
1777889814.6823325,-7.0,-2.0,-70.0
1777889814.6923325,-5.0,-1.0,-79.0
1777889814.7023325,-5.0,-1.0,-78.0
1777889814.7123325,-4.0,-2.0,-77.0
1777889814.7223325,-4.0,-4.0,-73.0
1777889814.7323325,-6.0,-3.0,-72.0
1777889814.7423325,-10.0,0.0,-78.0
1777889814.7523324,-10.0,2.0,-75.0
1777889814.7623324,-7.0,1.0,-76.0
1777889814.7723324,0.0,-1.0,-74.0
1777889814.7823324,3.0,0.0,-77.0
1777889814.7923324,3.0,2.0,-78.0
1777889814.8023324,3.0,5.0,-75.0
1777889814.8123324,0.0,2.0,-80.0
1777889814.8223324,1.0,0.0,-86.0
1777889814.8323324,0.0,2.0,-81.0
1777889814.8423324,-1.0,0.0,-76.0
1777889814.8523324,-2.0,-2.0,-77.0
1777889814.8623323,-3.0,-2.0,-74.0
1777889814.8723323,-4.0,-6.0,-67.0
1777889814.8823323,-3.0,-9.0,-67.0
1777889814.8923323,0.0,0.0,-59.0
1777889814.9023323,1.0,0.0,-65.0
1777889814.9123323,0.0,1.0,-66.0
1777889814.9223323,-5.0,4.0,-71.0
1777889814.9323325,-7.0,4.0,-77.0
1777889814.9423325,-1.0,3.0,-79.0
1777889814.9523325,0.0,0.0,-76.0
1777889814.9623325,3.0,-3.0,-74.0
1777889814.9723325,5.0,2.0,-69.0
1777889814.9823325,-3.0,-1.0,-68.0
1777889814.9923325,-1.0,-4.0,-73.0
1777889815.0023324,-2.0,-5.0,-75.0
1777889815.0123324,0.0,-3.0,-76.0
1777889815.0223324,3.0,-3.0,-76.0
1777889815.0323324,2.0,-3.0,-79.0
1777889815.0423324,2.0,-4.0,-79.0
1777889815.0523324,2.0,-2.0,-77.0
1777889815.0623324,5.0,-1.0,-82.0
1777889815.0723324,5.0,-2.0,-77.0
1777889815.0823324,-1.0,0.0,-75.0
1777889815.0923324,-1.0,-1.0,-72.0
1777889815.1023324,2.0,0.0,-71.0
1777889815.1123323,0.0,2.0,-70.0
1777889815.1223323,2.0,1.0,-75.0
1777889815.1323323,-2.0,1.0,-81.0
1777889815.1423323,-1.0,0.0,-75.0
1777889815.1523323,-2.0,2.0,-78.0
1777889815.1623323,-3.0,0.0,-77.0
1777889815.1723323,-6.0,0.0,-81.0
1777889815.1823325,-7.0,1.0,-77.0
1777889815.1923325,-4.0,0.0,-76.0
1777889815.2023325,-5.0,2.0,-76.0
1777889815.2123325,-7.0,-1.0,-88.0
1777889815.2223325,-9.0,-3.0,-89.0
1777889815.2323325,-4.0,-3.0,-81.0
1777889815.2423325,-1.0,-4.0,-73.0
1777889815.2523324,0.0,-4.0,-74.0
1777889815.2623324,-6.0,-2.0,-71.0
1777889815.2723324,-5.0,-2.0,-76.0
1777889815.2823324,-7.0,-4.0,-74.0
1777889815.2923324,-13.0,-1.0,-76.0
1777889815.3023324,-14.0,-3.0,-82.0
1777889815.3123324,-8.0,-3.0,-85.0
1777889815.3223324,-8.0,-4.0,-83.0
1777889815.3323324,-6.0,-4.0,-88.0
1777889815.3423324,-1.0,-3.0,-80.0
1777889815.3523324,-2.0,-5.0,-77.0
1777889815.3623323,1.0,-1.0,-70.0
1777889815.3723323,2.0,-1.0,-69.0
1777889815.3823323,7.0,-7.0,-69.0
1777889815.3923323,7.0,-4.0,-71.0
1777889815.4023323,4.0,-6.0,-72.0
1777889815.4123323,2.0,-3.0,-73.0
1777889815.4223323,3.0,-5.0,-72.0
1777889815.4323325,3.0,-3.0,-75.0
1777889815.4423325,0.0,0.0,-73.0
1777889815.4523325,-1.0,0.0,-71.0
1777889815.4623325,0.0,3.0,-66.0
1777889815.4723325,5.0,2.0,-69.0
1777889815.4823325,3.0,3.0,-75.0
1777889815.4923325,0.0,0.0,-78.0
1777889815.5023324,1.0,0.0,-84.0
1777889815.5123324,0.0,2.0,-82.0
1777889815.5223324,-2.0,3.0,-76.0
1777889815.5323324,0.0,5.0,-78.0
1777889815.5423324,-2.0,7.0,-85.0
1777889815.5523324,-1.0,2.0,-90.0
1777889815.5623324,3.0,0.0,-93.0
1777889815.5723324,1.0,-1.0,-96.0
1777889815.5823324,3.0,0.0,-93.0
1777889815.5923324,4.0,0.0,-86.0
1777889815.6023324,2.0,0.0,-83.0
1777889815.6123323,-1.0,-1.0,-83.0
1777889815.6223323,0.0,-2.0,-82.0
1777889815.6323323,-1.0,3.0,-85.0
1777889815.6423323,0.0,0.0,-84.0
1777889815.6523323,-1.0,1.0,-83.0
1777889815.6623323,3.0,0.0,-83.0
1777889815.6723323,2.0,0.0,-78.0
1777889815.6823325,5.0,0.0,-73.0
1777889815.6923325,1.0,0.0,-82.0
1777889815.7023325,3.0,1.0,-77.0
1777889815.7123325,1.0,-2.0,-79.0
1777889815.7223325,3.0,-5.0,-77.0
1777889815.7323325,3.0,-8.0,-77.0
1777889815.7423325,7.0,-3.0,-80.0
1777889815.7523324,1.0,2.0,-81.0
1777889815.7623324,-2.0,2.0,-82.0
1777889815.7723324,-4.0,3.0,-84.0
1777889815.7823324,1.0,3.0,-82.0
1777889815.7923324,4.0,1.0,-82.0
1777889815.8023324,2.0,0.0,-77.0
1777889815.8133323,5.0,3.0,-77.0
1777889815.8233323,0.0,5.0,-75.0
1777889815.8323324,-2.0,4.0,-79.0
1777889815.8433323,-1.0,5.0,-83.0
1777889815.8533323,1.0,6.0,-84.0
1777889815.8633325,1.0,3.0,-84.0
1777889815.8733325,2.0,-2.0,-78.0
1777889815.8833325,3.0,-4.0,-80.0
1777889815.8933325,4.0,-2.0,-70.0
1777889815.9033325,4.0,-2.0,-68.0
1777889815.9133325,7.0,-6.0,-66.0
1777889815.9233325,3.0,-4.0,-62.0
1777889815.9333324,3.0,-3.0,-69.0
1777889815.9433324,2.0,1.0,-70.0
1777889815.9533324,0.0,-1.0,-67.0
1777889815.9633324,-1.0,-3.0,-67.0
1777889815.9733324,0.0,-1.0,-73.0
1777889815.9833324,-1.0,0.0,-69.0
1777889815.9933324,0.0,0.0,-71.0
1777889816.0033324,4.0,2.0,-77.0
1777889816.0133324,7.0,6.0,-72.0
1777889816.0233324,5.0,6.0,-75.0
1777889816.0333323,6.0,4.0,-82.0
1777889816.0433323,2.0,5.0,-89.0
1777889816.0533323,0.0,1.0,-88.0
1777889816.0633323,2.0,5.0,-87.0
1777889816.0733323,0.0,4.0,-78.0
1777889816.0833323,2.0,2.0,-78.0
1777889816.0933323,1.0,-2.0,-80.0
1777889816.1033323,3.0,-7.0,-78.0
1777889816.1133325,6.0,-9.0,-79.0
1777889816.1233325,8.0,-7.0,-75.0
1777889816.1333325,1.0,-6.0,-79.0
1777889816.1433325,1.0,-5.0,-82.0
1777889816.1533325,3.0,-5.0,-78.0
1777889816.1633325,3.0,-6.0,-80.0
1777889816.1733325,5.0,-4.0,-79.0
1777889816.1833324,4.0,3.0,-78.0
1777889816.1933324,3.0,2.0,-72.0
1777889816.2033324,2.0,2.0,-71.0
1777889816.2133324,-1.0,2.0,-73.0
1777889816.2233324,-1.0,4.0,-68.0
1777889816.2333324,3.0,0.0,-73.0
1777889816.2433324,4.0,1.0,-76.0
1777889816.2533324,1.0,-2.0,-80.0
1777889816.2633324,0.0,-4.0,-83.0
1777889816.2733324,-4.0,-3.0,-87.0
1777889816.2833323,-1.0,-2.0,-87.0
1777889816.2933323,0.0,-3.0,-83.0
1777889816.3033323,2.0,-9.0,-81.0
1777889816.3133323,2.0,-9.0,-81.0
1777889816.3233323,3.0,-9.0,-74.0
1777889816.3333323,-2.0,-4.0,-70.0
1777889816.3433323,-6.0,-6.0,-74.0
1777889816.3533323,-4.0,-7.0,-68.0
1777889816.3633325,-8.0,-5.0,-71.0
1777889816.3733325,-9.0,-4.0,-71.0
1777889816.3833325,-11.0,-5.0,-62.0
1777889816.3933325,-6.0,-5.0,-60.0
1777889816.4033325,-2.0,-8.0,-63.0
1777889816.4133325,-2.0,-8.0,-60.0
1777889816.4233325,0.0,-4.0,-63.0
1777889816.4333324,5.0,-3.0,-62.0
1777889816.4433324,5.0,-4.0,-53.0
1777889816.4533324,5.0,-7.0,-55.0
1777889816.4633324,4.0,-7.0,-52.0
1777889816.4733324,3.0,-9.0,-55.0
1777889816.4833324,1.0,-9.0,-58.0
1777889816.4933324,1.0,-4.0,-65.0
1777889816.5033324,-2.0,-1.0,-65.0
1777889816.5133324,1.0,0.0,-67.0
1777889816.5233324,-1.0,-2.0,-68.0
1777889816.5333323,-2.0,-1.0,-71.0
1777889816.5433323,-3.0,-2.0,-65.0
1777889816.5533323,-1.0,0.0,-68.0
1777889816.5633323,-1.0,1.0,-68.0
1777889816.5733323,-2.0,5.0,-75.0
1777889816.5833323,-6.0,4.0,-80.0
1777889816.5933323,-6.0,5.0,-78.0
1777889816.6033323,-5.0,6.0,-71.0
1777889816.6133325,-2.0,4.0,-70.0
1777889816.6233325,3.0,0.0,-73.0
1777889816.6333325,5.0,4.0,-72.0
1777889816.6433325,7.0,2.0,-74.0
1777889816.6533325,4.0,2.0,-79.0
1777889816.6633325,6.0,0.0,-83.0
1777889816.6733325,8.0,1.0,-89.0
1777889816.6833324,1.0,0.0,-86.0
1777889816.6933324,0.0,0.0,-78.0
1777889816.7033324,0.0,-1.0,-75.0
1777889816.7133324,0.0,-3.0,-74.0
1777889816.7233324,-1.0,-4.0,-76.0
1777889816.7333324,3.0,-5.0,-79.0
1777889816.7433324,3.0,-7.0,-78.0
1777889816.7533324,0.0,-7.0,-78.0
1777889816.7633324,1.0,-8.0,-76.0
1777889816.7733324,1.0,-6.0,-74.0
1777889816.7833323,2.0,-7.0,-68.0
1777889816.7933323,4.0,-4.0,-65.0
1777889816.8033323,0.0,-1.0,-66.0
1777889816.8133323,-7.0,1.0,-71.0
1777889816.8233323,-4.0,4.0,-73.0
1777889816.8333323,-1.0,0.0,-80.0
1777889816.8433323,0.0,-2.0,-79.0
1777889816.8533323,0.0,-4.0,-81.0
1777889816.8633325,-2.0,-6.0,-77.0
1777889816.8733325,2.0,-2.0,-69.0
1777889816.8833325,2.0,-2.0,-69.0
1777889816.8933325,6.0,-2.0,-61.0
1777889816.9033325,3.0,0.0,-61.0
1777889816.9133325,0.0,3.0,-63.0
1777889816.9233325,2.0,3.0,-63.0
1777889816.9333324,1.0,0.0,-65.0
1777889816.9433324,1.0,-1.0,-73.0
1777889816.9533324,0.0,-2.0,-81.0
1777889816.9633324,-1.0,-4.0,-78.0
1777889816.9733324,-2.0,-6.0,-75.0
1777889816.9833324,0.0,-8.0,-74.0
1777889816.9933324,1.0,-8.0,-77.0
1777889817.0033324,2.0,-8.0,-77.0
1777889817.0133324,2.0,-8.0,-80.0
1777889817.0233324,0.0,0.0,-72.0
1777889817.0333323,0.0,0.0,-70.0
1777889817.0433323,1.0,0.0,-68.0
1777889817.0533323,0.0,0.0,-62.0
1777889817.0633323,0.0,-1.0,-60.0
1777889817.0733323,3.0,-3.0,-61.0
1777889817.0833323,0.0,-3.0,-66.0
1777889817.0933323,0.0,-8.0,-64.0
1777889817.1033323,-3.0,-5.0,-66.0
1777889817.1133325,-3.0,-2.0,-68.0
1777889817.1233325,1.0,-5.0,-66.0
1777889817.1333325,2.0,-5.0,-63.0
1777889817.1433325,-1.0,-2.0,-67.0
1777889817.1533325,0.0,-2.0,-75.0
1777889817.1633325,0.0,-1.0,-84.0
1777889817.1733325,3.0,0.0,-84.0
1777889817.1833324,4.0,2.0,-81.0
1777889817.1933324,2.0,-2.0,-76.0
1777889817.2033324,2.0,-2.0,-80.0
1777889817.2133324,0.0,3.0,-81.0
1777889817.2233324,-3.0,0.0,-83.0
1777889817.2333324,-3.0,0.0,-87.0
1777889817.2433324,-4.0,0.0,-86.0
1777889817.2533324,-6.0,0.0,-83.0
1777889817.2633324,-5.0,1.0,-80.0
1777889817.2733324,-5.0,-2.0,-76.0
1777889817.2833323,-4.0,-4.0,-76.0
1777889817.2933323,-6.0,-4.0,-73.0
1777889817.3033323,-7.0,-2.0,-67.0
1777889817.3133323,-5.0,-1.0,-68.0
1777889817.3233323,-2.0,0.0,-79.0
1777889817.3333323,0.0,0.0,-76.0
1777889817.3433323,-4.0,0.0,-67.0
1777889817.3533323,-3.0,-1.0,-73.0
1777889817.3633325,0.0,-5.0,-75.0
1777889817.3733325,5.0,-3.0,-75.0
1777889817.3833325,3.0,0.0,-69.0
1777889817.3933325,2.0,0.0,-73.0
1777889817.4033325,2.0,-2.0,-73.0
1777889817.4133325,2.0,-3.0,-73.0
1777889817.4233325,2.0,-5.0,-75.0
1777889817.4333324,4.0,-3.0,-76.0
1777889817.4433324,4.0,-3.0,-73.0
1777889817.4533324,-3.0,-5.0,-69.0
1777889817.4633324,-1.0,-5.0,-71.0
1777889817.4733324,-3.0,-4.0,-71.0
1777889817.4833324,0.0,-4.0,-74.0
1777889817.4933324,2.0,-2.0,-73.0
1777889817.5033324,2.0,0.0,-77.0
1777889817.5133324,5.0,-3.0,-74.0
1777889817.5233324,4.0,-5.0,-77.0
1777889817.5333323,2.0,-2.0,-78.0
1777889817.5433323,6.0,-3.0,-81.0
1777889817.5533323,3.0,-6.0,-82.0
1777889817.5633323,4.0,-4.0,-76.0
1777889817.5733323,3.0,-5.0,-74.0
1777889817.5833323,3.0,-3.0,-74.0
1777889817.5933323,3.0,-1.0,-85.0
1777889817.6033323,1.0,0.0,-87.0
1777889817.6133325,0.0,-2.0,-83.0
1777889817.6233325,0.0,-9.0,-85.0
1777889817.6333325,4.0,-8.0,-87.0
1777889817.6433325,9.0,-5.0,-88.0
1777889817.6533325,9.0,-2.0,-86.0
1777889817.6633325,6.0,-1.0,-85.0
1777889817.6733325,3.0,1.0,-77.0
1777889817.6833324,2.0,0.0,-81.0
1777889817.6933324,1.0,2.0,-81.0
1777889817.7033324,6.0,-1.0,-81.0
1777889817.7133324,7.0,2.0,-82.0
1777889817.7233324,3.0,3.0,-82.0
1777889817.7333324,3.0,3.0,-85.0
1777889817.7433324,6.0,3.0,-86.0
1777889817.7533324,3.0,0.0,-79.0
1777889817.7633324,2.0,-1.0,-73.0
1777889817.7733324,-1.0,-2.0,-73.0
1777889817.7843325,5.0,-1.0,-69.0
1777889817.7933323,8.0,0.0,-74.0
1777889817.8033323,6.0,0.0,-70.0
1777889817.8143325,3.0,1.0,-74.0
1777889817.8243325,2.0,2.0,-74.0
1777889817.8343325,2.0,-1.0,-71.0
1777889817.8443325,1.0,-1.0,-74.0
1777889817.8543324,0.0,-3.0,-75.0
1777889817.8643324,0.0,0.0,-79.0
1777889817.8743324,0.0,8.0,-82.0
1777889817.8843324,1.0,4.0,-84.0
1777889817.8943324,0.0,0.0,-76.0
1777889817.9043324,0.0,-4.0,-71.0
1777889817.9143324,2.0,-3.0,-74.0
1777889817.9243324,0.0,-4.0,-68.0
1777889817.9343324,2.0,-3.0,-69.0
1777889817.9443324,-1.0,-1.0,-62.0
1777889817.9543324,1.0,-2.0,-63.0
1777889817.9643323,-1.0,-6.0,-70.0
1777889817.9743323,-2.0,-7.0,-77.0
1777889817.9843323,-3.0,-11.0,-76.0
1777889817.9943323,-3.0,-14.0,-74.0
1777889818.0043323,-1.0,-12.0,-74.0
1777889818.0143323,-1.0,-10.0,-77.0
1777889818.0243323,-5.0,-12.0,-74.0
1777889818.0343325,-6.0,-11.0,-69.0
1777889818.0443325,-8.0,-11.0,-63.0
1777889818.0543325,-4.0,-6.0,-71.0
1777889818.0643325,-3.0,-4.0,-79.0
1777889818.0743325,-3.0,-3.0,-85.0
1777889818.0843325,0.0,-1.0,-84.0
1777889818.0943325,-4.0,-1.0,-80.0
1777889818.1043324,-3.0,0.0,-76.0
1777889818.1143324,0.0,-1.0,-78.0
1777889818.1243324,3.0,0.0,-66.0
1777889818.1343324,5.0,0.0,-64.0
1777889818.1443324,-1.0,-4.0,-66.0
1777889818.1543324,-3.0,-3.0,-69.0
1777889818.1643324,-1.0,-1.0,-76.0
1777889818.1743324,0.0,0.0,-85.0
1777889818.1843324,0.0,-1.0,-79.0
1777889818.1943324,0.0,-4.0,-81.0
1777889818.2043324,-2.0,-4.0,-82.0
1777889818.2143323,0.0,0.0,-80.0
1777889818.2243323,-1.0,0.0,-79.0
1777889818.2343323,-3.0,0.0,-71.0
1777889818.2443323,-4.0,-3.0,-68.0
1777889818.2543323,-4.0,-1.0,-70.0
1777889818.2643323,-3.0,-5.0,-63.0
1777889818.2743323,-3.0,-5.0,-61.0
1777889818.2843325,-3.0,-5.0,-59.0
1777889818.2943325,-1.0,-1.0,-58.0
1777889818.3043325,0.0,-4.0,-63.0
1777889818.3143325,3.0,-2.0,-73.0
1777889818.3243325,4.0,0.0,-78.0
1777889818.3343325,2.0,-3.0,-86.0
1777889818.3443325,4.0,0.0,-85.0
1777889818.3543324,6.0,-2.0,-85.0
1777889818.3643324,1.0,-2.0,-77.0
1777889818.3743324,6.0,-1.0,-76.0
1777889818.3843324,2.0,-3.0,-71.0
1777889818.3943324,0.0,-2.0,-70.0
1777889818.4043324,-4.0,-1.0,-70.0
1777889818.4143324,-9.0,0.0,-68.0
1777889818.4243324,-6.0,0.0,-72.0
1777889818.4343324,0.0,3.0,-72.0
1777889818.4443324,1.0,5.0,-73.0
1777889818.4543324,2.0,3.0,-62.0
1777889818.4643323,3.0,3.0,-66.0
1777889818.4743323,4.0,3.0,-68.0
1777889818.4843323,2.0,6.0,-75.0
1777889818.4943323,4.0,8.0,-75.0
1777889818.5043323,4.0,6.0,-79.0
1777889818.5143323,5.0,3.0,-80.0
1777889818.5243323,1.0,3.0,-88.0
1777889818.5343325,2.0,4.0,-88.0
1777889818.5443325,4.0,2.0,-84.0
1777889818.5543325,5.0,-1.0,-79.0
1777889818.5643325,7.0,-2.0,-72.0
1777889818.5743325,10.0,-4.0,-72.0
1777889818.5843325,12.0,-4.0,-74.0
1777889818.5943325,9.0,-3.0,-79.0
1777889818.6043324,8.0,0.0,-83.0
1777889818.6143324,7.0,1.0,-82.0
1777889818.6243324,2.0,0.0,-79.0
1777889818.6343324,3.0,-1.0,-73.0
1777889818.6443324,4.0,-4.0,-69.0
1777889818.6543324,2.0,-5.0,-75.0
1777889818.6643324,2.0,-2.0,-77.0
1777889818.6743324,7.0,-3.0,-74.0
1777889818.6843324,8.0,-7.0,-79.0
1777889818.6943324,5.0,-6.0,-84.0
1777889818.7043324,4.0,0.0,-84.0
1777889818.7143323,2.0,-5.0,-76.0
1777889818.7243323,0.0,-4.0,-79.0
1777889818.7343323,3.0,-5.0,-82.0
1777889818.7443323,1.0,-6.0,-82.0
1777889818.7543323,0.0,-4.0,-84.0
1777889818.7643323,2.0,-3.0,-85.0
1777889818.7743323,2.0,-2.0,-89.0
1777889818.7843325,2.0,1.0,-83.0
1777889818.7943325,-1.0,5.0,-79.0
1777889818.8043325,0.0,9.0,-78.0
1777889818.8143325,-2.0,8.0,-82.0
1777889818.8243325,0.0,6.0,-77.0
1777889818.8343325,-3.0,6.0,-72.0
1777889818.8443325,-3.0,5.0,-75.0
1777889818.8543324,-3.0,4.0,-73.0
1777889818.8643324,-1.0,4.0,-69.0
1777889818.8743324,3.0,0.0,-67.0
1777889818.8843324,1.0,0.0,-69.0
1777889818.8943324,0.0,-2.0,-70.0
1777889818.9043324,0.0,-4.0,-70.0
1777889818.9143324,-3.0,-5.0,-67.0
1777889818.9243324,-1.0,-6.0,-69.0
1777889818.9343324,-3.0,-6.0,-67.0
1777889818.9443324,-3.0,-5.0,-67.0
1777889818.9543324,-4.0,-2.0,-69.0
1777889818.9643323,-3.0,0.0,-72.0
1777889818.9743323,-8.0,0.0,-78.0
1777889818.9843323,-4.0,-2.0,-74.0
1777889818.9943323,-3.0,-3.0,-72.0
1777889819.0043323,-2.0,0.0,-73.0
1777889819.0143323,0.0,-2.0,-79.0
1777889819.0243323,2.0,-4.0,-80.0
1777889819.0343325,5.0,0.0,-76.0
1777889819.0443325,8.0,-2.0,-70.0
1777889819.0543325,2.0,0.0,-67.0
1777889819.0643325,-1.0,0.0,-63.0
1777889819.0743325,1.0,1.0,-68.0
1777889819.0843325,1.0,1.0,-67.0
1777889819.0943325,1.0,1.0,-66.0
1777889819.1043324,2.0,2.0,-67.0
1777889819.1143324,3.0,4.0,-69.0
1777889819.1243324,0.0,3.0,-71.0
1777889819.1343324,-2.0,2.0,-69.0
1777889819.1443324,-5.0,0.0,-66.0
1777889819.1543324,0.0,0.0,-74.0
1777889819.1643324,-1.0,0.0,-80.0
1777889819.1743324,0.0,-2.0,-80.0
1777889819.1843324,9.0,-3.0,-78.0
1777889819.1943324,6.0,-4.0,-76.0
1777889819.2043324,4.0,-5.0,-75.0
1777889819.2143323,2.0,-1.0,-77.0
1777889819.2243323,3.0,-6.0,-79.0
1777889819.2343323,4.0,-3.0,-72.0
1777889819.2443323,3.0,-3.0,-76.0
1777889819.2543323,3.0,-2.0,-76.0
1777889819.2643323,2.0,0.0,-81.0
1777889819.2743323,6.0,0.0,-81.0
1777889819.2843325,7.0,-2.0,-79.0
1777889819.2943325,4.0,-4.0,-76.0
1777889819.3043325,0.0,-1.0,-75.0
1777889819.3143325,0.0,0.0,-72.0
1777889819.3243325,1.0,0.0,-71.0
1777889819.3343325,-2.0,0.0,-69.0
1777889819.3443325,-3.0,3.0,-75.0
1777889819.3543324,2.0,1.0,-78.0
1777889819.3643324,2.0,-2.0,-76.0
1777889819.3743324,0.0,-4.0,-72.0
1777889819.3843324,0.0,0.0,-72.0
1777889819.3943324,0.0,4.0,-75.0
1777889819.4043324,2.0,3.0,-75.0
1777889819.4143324,2.0,0.0,-73.0
1777889819.4243324,0.0,-1.0,-73.0
1777889819.4343324,1.0,0.0,-72.0
1777889819.4443324,0.0,-2.0,-76.0
1777889819.4543324,-4.0,-2.0,-82.0
1777889819.4643323,-4.0,-3.0,-74.0
1777889819.4743323,-1.0,0.0,-70.0
1777889819.4843323,3.0,0.0,-67.0
1777889819.4943323,0.0,-6.0,-68.0
1777889819.5043323,-4.0,-7.0,-75.0
1777889819.5143323,-8.0,-6.0,-73.0
1777889819.5243323,-5.0,-5.0,-76.0
1777889819.5343325,-2.0,-1.0,-69.0
1777889819.5443325,0.0,-1.0,-69.0
1777889819.5543325,-3.0,-2.0,-75.0
1777889819.5643325,-6.0,-3.0,-75.0
1777889819.5743325,-5.0,-3.0,-75.0
1777889819.5843325,-5.0,-4.0,-78.0
1777889819.5943325,-2.0,-3.0,-78.0
1777889819.6043324,-4.0,0.0,-75.0
1777889819.6143324,0.0,5.0,-80.0
1777889819.6243324,-1.0,6.0,-73.0
1777889819.6343324,-3.0,4.0,-67.0
1777889819.6443324,-1.0,0.0,-73.0
1777889819.6543324,0.0,0.0,-79.0
1777889819.6643324,-3.0,0.0,-88.0
1777889819.6743324,-5.0,-2.0,-87.0
1777889819.6843324,-2.0,-6.0,-83.0
1777889819.6943324,-6.0,-9.0,-85.0
1777889819.7043324,-6.0,-3.0,-89.0
1777889819.7143323,-11.0,0.0,-87.0
1777889819.7243323,-7.0,2.0,-80.0
1777889819.7353325,-5.0,-1.0,-70.0
1777889819.7443323,-3.0,-2.0,-62.0
1777889819.7543323,0.0,0.0,-64.0
1777889819.7643323,2.0,-1.0,-67.0
1777889819.7743323,0.0,-6.0,-68.0
1777889819.7843325,4.0,-2.0,-72.0
1777889819.7943325,4.0,-2.0,-72.0
1777889819.8043325,2.0,0.0,-68.0
1777889819.8153324,0.0,-2.0,-68.0
1777889819.8253324,-5.0,-3.0,-70.0
1777889819.8353324,-8.0,-3.0,-66.0
1777889819.8453324,-9.0,-4.0,-71.0
1777889819.8553324,-10.0,-6.0,-74.0
1777889819.8653324,-9.0,-3.0,-81.0
1777889819.8753324,-8.0,-3.0,-75.0
1777889819.8853323,-2.0,0.0,-72.0
1777889819.8953323,0.0,3.0,-72.0
1777889819.9053323,0.0,1.0,-74.0
1777889819.9153323,2.0,-1.0,-81.0
1777889819.9253323,-1.0,-1.0,-80.0
1777889819.9353323,0.0,-3.0,-76.0
1777889819.9453323,-1.0,-1.0,-77.0
1777889819.9553325,-2.0,-3.0,-77.0
1777889819.9653325,0.0,-2.0,-74.0
1777889819.9753325,7.0,-2.0,-81.0
1777889819.9853325,4.0,-4.0,-75.0
1777889819.9953325,2.0,-3.0,-72.0
1777889820.0053325,1.0,-5.0,-72.0
1777889820.0153325,5.0,-7.0,-69.0
1777889820.0253325,3.0,-3.0,-72.0
1777889820.0353324,3.0,-3.0,-73.0
1777889820.0453324,3.0,0.0,-58.0
1777889820.0553324,6.0,2.0,-61.0
1777889820.0653324,9.0,6.0,-61.0
1777889820.0753324,9.0,4.0,-68.0
1777889820.0853324,11.0,4.0,-68.0
1777889820.0953324,11.0,3.0,-68.0
1777889820.1053324,7.0,-3.0,-75.0
1777889820.1153324,5.0,-5.0,-77.0
1777889820.1253324,5.0,-1.0,-78.0
1777889820.1353323,10.0,-3.0,-83.0
1777889820.1453323,8.0,-1.0,-86.0
1777889820.1553323,4.0,-1.0,-84.0
1777889820.1653323,2.0,-1.0,-81.0
1777889820.1753323,3.0,2.0,-80.0
1777889820.1853323,8.0,1.0,-82.0
1777889820.1953323,9.0,0.0,-85.0
1777889820.2053325,3.0,-2.0,-81.0
1777889820.2153325,6.0,-3.0,-84.0
1777889820.2253325,1.0,-4.0,-81.0
1777889820.2353325,0.0,0.0,-78.0
1777889820.2453325,0.0,0.0,-75.0
1777889820.2553325,5.0,1.0,-73.0
1777889820.2653325,2.0,0.0,-74.0
1777889820.2753325,0.0,3.0,-74.0
1777889820.2853324,0.0,2.0,-68.0
1777889820.2953324,2.0,5.0,-74.0
1777889820.3053324,7.0,5.0,-85.0
1777889820.3153324,7.0,3.0,-84.0
1777889820.3253324,7.0,4.0,-82.0
1777889820.3353324,1.0,1.0,-81.0
1777889820.3453324,0.0,0.0,-82.0
1777889820.3553324,0.0,2.0,-80.0
1777889820.3653324,3.0,4.0,-76.0
1777889820.3753324,4.0,0.0,-74.0
1777889820.3853323,5.0,-2.0,-77.0
1777889820.3953323,4.0,-1.0,-76.0
1777889820.4053323,5.0,0.0,-79.0
1777889820.4153323,6.0,0.0,-74.0
1777889820.4253323,4.0,0.0,-77.0
1777889820.4353323,7.0,1.0,-79.0
1777889820.4453323,9.0,0.0,-79.0
1777889820.4553325,8.0,-2.0,-75.0
1777889820.4653325,7.0,-6.0,-74.0
1777889820.4753325,3.0,-3.0,-72.0
1777889820.4853325,3.0,-4.0,-76.0
1777889820.4953325,2.0,-2.0,-82.0
1777889820.5053325,0.0,1.0,-76.0
1777889820.5153325,2.0,0.0,-80.0
1777889820.5253325,3.0,0.0,-84.0
1777889820.5353324,7.0,0.0,-82.0
1777889820.5453324,2.0,-1.0,-86.0
1777889820.5553324,1.0,-3.0,-84.0
1777889820.5653324,3.0,-6.0,-84.0
1777889820.5753324,2.0,-5.0,-79.0
1777889820.5853324,1.0,-1.0,-77.0
1777889820.5953324,2.0,1.0,-75.0
1777889820.6053324,2.0,0.0,-77.0
1777889820.6153324,-3.0,-2.0,-79.0
1777889820.6253324,-2.0,0.0,-74.0
1777889820.6353323,-2.0,-3.0,-75.0
1777889820.6453323,-1.0,-4.0,-78.0
1777889820.6553323,1.0,-1.0,-81.0
1777889820.6653323,0.0,0.0,-83.0
1777889820.6753323,-2.0,0.0,-81.0
1777889820.6853323,2.0,-3.0,-78.0
1777889820.6953323,3.0,-5.0,-78.0
1777889820.7053325,3.0,-5.0,-72.0
1777889820.7153325,2.0,-5.0,-68.0
1777889820.7253325,5.0,-3.0,-71.0
1777889820.7353325,4.0,-4.0,-71.0
1777889820.7453325,4.0,-7.0,-75.0
1777889820.7553325,7.0,-7.0,-68.0
1777889820.7653325,5.0,-10.0,-68.0
1777889820.7753325,3.0,-9.0,-69.0
1777889820.7853324,3.0,-6.0,-61.0
1777889820.7953324,1.0,-3.0,-67.0
1777889820.8053324,3.0,0.0,-63.0
1777889820.8153324,2.0,-3.0,-68.0
1777889820.8253324,7.0,-2.0,-74.0
1777889820.8353324,7.0,-2.0,-75.0
1777889820.8453324,5.0,1.0,-76.0
1777889820.8553324,5.0,2.0,-80.0
1777889820.8653324,7.0,0.0,-78.0
1777889820.8753324,5.0,0.0,-82.0
1777889820.8853323,4.0,1.0,-87.0
1777889820.8953323,2.0,1.0,-86.0
1777889820.9053323,2.0,3.0,-81.0
1777889820.9153323,6.0,2.0,-78.0
1777889820.9253323,-1.0,2.0,-75.0
1777889820.9353323,-8.0,1.0,-76.0
1777889820.9453323,-10.0,-1.0,-77.0
1777889820.9553325,-4.0,2.0,-76.0
1777889820.9653325,0.0,4.0,-76.0
1777889820.9753325,0.0,4.0,-78.0
1777889820.9853325,-2.0,-3.0,-70.0
1777889820.9953325,-3.0,-6.0,-68.0
1777889821.0053325,-2.0,-6.0,-61.0
1777889821.0153325,-5.0,-4.0,-63.0
1777889821.0253325,0.0,-1.0,-68.0
1777889821.0353324,-1.0,2.0,-72.0
1777889821.0453324,-1.0,4.0,-75.0
1777889821.0553324,4.0,5.0,-78.0
1777889821.0653324,4.0,4.0,-74.0
1777889821.0753324,3.0,1.0,-79.0
1777889821.0853324,4.0,0.0,-76.0
1777889821.0953324,3.0,1.0,-73.0
1777889821.1053324,3.0,1.0,-70.0
1777889821.1153324,3.0,4.0,-66.0
1777889821.1253324,8.0,4.0,-71.0
1777889821.1353323,9.0,6.0,-71.0
1777889821.1453323,6.0,5.0,-72.0
1777889821.1553323,3.0,0.0,-69.0
1777889821.1653323,2.0,5.0,-77.0
1777889821.1753323,2.0,1.0,-75.0
1777889821.1853323,4.0,-2.0,-82.0
1777889821.1953323,0.0,-6.0,-80.0
1777889821.2053325,0.0,-4.0,-86.0
1777889821.2153325,-5.0,0.0,-91.0
1777889821.2253325,-6.0,0.0,-87.0
1777889821.2353325,-6.0,-3.0,-82.0
1777889821.2453325,-5.0,-2.0,-80.0
1777889821.2553325,-3.0,0.0,-76.0
1777889821.2653325,-1.0,2.0,-70.0
1777889821.2753325,-1.0,6.0,-71.0
1777889821.2853324,1.0,5.0,-73.0
1777889821.2953324,0.0,2.0,-74.0
1777889821.3053324,-1.0,0.0,-75.0
1777889821.3153324,0.0,1.0,-73.0
1777889821.3253324,3.0,0.0,-72.0
1777889821.3353324,-1.0,-3.0,-73.0
1777889821.3453324,-1.0,-5.0,-66.0
1777889821.3553324,1.0,-7.0,-63.0
1777889821.3653324,0.0,-8.0,-65.0
1777889821.3753324,1.0,-7.0,-67.0
1777889821.3853323,1.0,-4.0,-66.0
1777889821.3953323,0.0,-3.0,-73.0
1777889821.4053323,0.0,0.0,-66.0
1777889821.4153323,-1.0,3.0,-69.0
1777889821.4253323,-4.0,0.0,-72.0
1777889821.4353323,-10.0,-4.0,-75.0
1777889821.4453323,-10.0,-4.0,-80.0
1777889821.4553325,-9.0,-2.0,-78.0
1777889821.4653325,-7.0,1.0,-71.0
1777889821.4753325,-3.0,1.0,-75.0
1777889821.4853325,-2.0,-4.0,-75.0
1777889821.4953325,-1.0,-4.0,-72.0
1777889821.5053325,1.0,-4.0,-76.0
1777889821.5153325,-1.0,-2.0,-73.0
1777889821.5253325,-5.0,0.0,-70.0
1777889821.5353324,-3.0,0.0,-71.0
1777889821.5453324,1.0,0.0,-70.0
1777889821.5553324,0.0,-2.0,-73.0
1777889821.5653324,2.0,-3.0,-76.0
1777889821.5753324,1.0,0.0,-84.0
1777889821.5853324,3.0,-1.0,-79.0
1777889821.5953324,0.0,-1.0,-77.0
1777889821.6053324,0.0,-4.0,-71.0
1777889821.6153324,1.0,-2.0,-70.0
1777889821.6253324,0.0,-2.0,-71.0
1777889821.6353323,-2.0,-2.0,-79.0
1777889821.6453323,-5.0,-2.0,-82.0
1777889821.6553323,-4.0,-2.0,-87.0
1777889821.6653323,0.0,-3.0,-84.0
1777889821.6753323,1.0,-3.0,-87.0
1777889821.6853323,2.0,-3.0,-83.0
1777889821.6953323,5.0,-1.0,-76.0
1777889821.7053325,6.0,2.0,-73.0
1777889821.7153325,0.0,1.0,-75.0
1777889821.7253325,-1.0,2.0,-76.0
1777889821.7353325,0.0,0.0,-79.0
1777889821.7453325,-1.0,-1.0,-75.0
1777889821.7553325,0.0,0.0,-77.0
1777889821.7653325,-3.0,0.0,-77.0
1777889821.7753325,-4.0,0.0,-80.0
1777889821.7863324,-3.0,-3.0,-78.0
1777889821.7953324,0.0,-6.0,-78.0
1777889821.8063323,6.0,-6.0,-83.0
1777889821.8163323,10.0,-8.0,-80.0
1777889821.8263323,6.0,-6.0,-82.0
1777889821.8363323,6.0,-7.0,-87.0
1777889821.8463323,0.0,-8.0,-84.0
1777889821.8563323,2.0,-6.0,-79.0
1777889821.8663323,2.0,-2.0,-77.0
1777889821.8763323,0.0,-2.0,-75.0
1777889821.8863325,-2.0,0.0,-77.0
1777889821.8963325,-3.0,-4.0,-78.0
1777889821.9063325,-6.0,-5.0,-77.0
1777889821.9163325,-6.0,-2.0,-82.0
1777889821.9263325,-7.0,-6.0,-84.0
1777889821.9363325,-6.0,-8.0,-77.0
1777889821.9463325,-6.0,-6.0,-79.0
1777889821.9563324,-2.0,-7.0,-77.0
1777889821.9663324,-3.0,-8.0,-77.0
1777889821.9763324,0.0,-8.0,-76.0
1777889821.9863324,5.0,-13.0,-73.0
1777889821.9963324,2.0,-11.0,-64.0
1777889822.0063324,0.0,-9.0,-69.0
1777889822.0163324,1.0,-3.0,-69.0
1777889822.0263324,4.0,-4.0,-70.0
1777889822.0363324,5.0,-5.0,-72.0
1777889822.0463324,3.0,-5.0,-75.0
1777889822.0563323,2.0,-2.0,-71.0
1777889822.0663323,2.0,0.0,-77.0
1777889822.0773325,0.0,1.0,-76.0
1777889822.0863323,2.0,1.0,-76.0
1777889822.0963323,-1.0,-2.0,-76.0
1777889822.1063323,-3.0,0.0,-72.0
1777889822.1163323,-2.0,0.0,-74.0
1777889822.1263323,0.0,-4.0,-71.0
1777889822.1363325,0.0,-5.0,-67.0
1777889822.1463325,0.0,-7.0,-64.0
1777889822.1563325,-1.0,-6.0,-62.0
1777889822.1663325,-8.0,-9.0,-75.0
1777889822.1763325,-4.0,-14.0,-78.0
1777889822.1863325,0.0,-8.0,-82.0
1777889822.1963325,3.0,-5.0,-84.0
1777889822.2063324,2.0,-5.0,-82.0
1777889822.2163324,6.0,-7.0,-86.0
1777889822.2263324,3.0,-8.0,-85.0
1777889822.2363324,1.0,-4.0,-84.0
1777889822.2463324,1.0,-6.0,-85.0
1777889822.2563324,1.0,-2.0,-82.0
1777889822.2663324,1.0,-2.0,-81.0
1777889822.2763324,4.0,-1.0,-74.0
1777889822.2863324,4.0,-1.0,-75.0
1777889822.2963324,6.0,-4.0,-75.0
1777889822.3063323,10.0,-6.0,-74.0
1777889822.3163323,12.0,-8.0,-68.0
1777889822.3263323,9.0,-10.0,-69.0
1777889822.3363323,5.0,-11.0,-68.0
1777889822.3463323,0.0,-12.0,-73.0
1777889822.3563323,2.0,-10.0,-75.0
1777889822.3663323,3.0,-5.0,-75.0
1777889822.3763323,-2.0,0.0,-75.0
1777889822.3863325,-6.0,-3.0,-87.0
1777889822.3963325,-7.0,-4.0,-96.0
1777889822.4063325,-11.0,-2.0,-92.0
1777889822.4163325,-8.0,-1.0,-88.0
1777889822.4263325,-1.0,-5.0,-91.0
1777889822.4363325,0.0,-4.0,-87.0
1777889822.4463325,2.0,-4.0,-82.0
1777889822.4563324,1.0,-5.0,-79.0
1777889822.4663324,-4.0,-7.0,-80.0
1777889822.4763324,-5.0,-4.0,-82.0
1777889822.4863324,-3.0,-3.0,-85.0
1777889822.4963324,1.0,1.0,-86.0
1777889822.5063324,3.0,0.0,-87.0
1777889822.5163324,1.0,-1.0,-85.0
1777889822.5263324,0.0,-3.0,-74.0
1777889822.5363324,-1.0,0.0,-69.0
1777889822.5463324,-2.0,2.0,-76.0
1777889822.5563323,-3.0,2.0,-80.0
1777889822.5663323,-5.0,0.0,-81.0
1777889822.5763323,-3.0,2.0,-87.0
1777889822.5863323,-4.0,0.0,-83.0
1777889822.5963323,0.0,0.0,-90.0
1777889822.6063323,2.0,-1.0,-89.0
1777889822.6163323,1.0,0.0,-89.0
1777889822.6263323,0.0,-4.0,-92.0
1777889822.6363325,0.0,-1.0,-87.0
1777889822.6463325,1.0,-2.0,-82.0
1777889822.6563325,-1.0,-4.0,-81.0
1777889822.6663325,4.0,-3.0,-81.0
1777889822.6763325,5.0,-3.0,-75.0
1777889822.6863325,4.0,-2.0,-69.0
1777889822.6963325,1.0,0.0,-66.0
1777889822.7063324,2.0,3.0,-74.0
1777889822.7163324,2.0,0.0,-71.0
1777889822.7263324,0.0,0.0,-66.0
1777889822.7363324,0.0,-2.0,-66.0
1777889822.7463324,-4.0,1.0,-71.0
1777889822.7563324,-4.0,4.0,-74.0
1777889822.7663324,0.0,5.0,-73.0
1777889822.7763324,2.0,7.0,-75.0
1777889822.7863324,0.0,0.0,-76.0
1777889822.7963324,0.0,-1.0,-78.0
1777889822.8063323,-3.0,-2.0,-75.0
1777889822.8163323,-5.0,3.0,-73.0
1777889822.8263323,0.0,1.0,-72.0
1777889822.8363323,1.0,-1.0,-73.0
1777889822.8463323,1.0,1.0,-69.0
1777889822.8563323,0.0,0.0,-71.0
1777889822.8663323,-2.0,-1.0,-78.0
1777889822.8763323,-4.0,-2.0,-78.0
1777889822.8863325,-5.0,0.0,-74.0
1777889822.8963325,-7.0,0.0,-74.0
1777889822.9063325,-11.0,0.0,-73.0
1777889822.9163325,-7.0,0.0,-77.0
1777889822.9263325,-2.0,0.0,-82.0
1777889822.9363325,-4.0,0.0,-84.0
1777889822.9463325,0.0,3.0,-87.0
1777889822.9563324,0.0,3.0,-81.0
1777889822.9663324,2.0,0.0,-81.0
1777889822.9763324,6.0,-1.0,-79.0
1777889822.9863324,5.0,-5.0,-77.0
1777889822.9963324,5.0,-6.0,-83.0
1777889823.0063324,3.0,-4.0,-84.0
1777889823.0163324,5.0,-4.0,-82.0
1777889823.0263324,1.0,-4.0,-83.0
1777889823.0363324,0.0,-4.0,-81.0
1777889823.0463324,-3.0,-7.0,-85.0
1777889823.0563323,-7.0,-5.0,-86.0
1777889823.0663323,-8.0,0.0,-83.0
1777889823.0763323,-3.0,-2.0,-83.0
1777889823.0863323,-2.0,0.0,-79.0
1777889823.0963323,3.0,-3.0,-81.0
1777889823.1063323,4.0,-1.0,-76.0
1777889823.1163323,1.0,-1.0,-71.0
1777889823.1263323,3.0,-3.0,-74.0
1777889823.1363325,-1.0,0.0,-77.0
1777889823.1463325,-4.0,-5.0,-78.0
1777889823.1563325,-5.0,-3.0,-83.0
1777889823.1663325,-1.0,0.0,-79.0
1777889823.1763325,3.0,0.0,-75.0
1777889823.1863325,2.0,0.0,-78.0
1777889823.1963325,1.0,1.0,-77.0
1777889823.2063324,5.0,-1.0,-77.0
1777889823.2163324,5.0,-1.0,-73.0
1777889823.2263324,6.0,0.0,-81.0
1777889823.2363324,6.0,3.0,-82.0
1777889823.2463324,11.0,0.0,-76.0
1777889823.2563324,8.0,-1.0,-74.0
1777889823.2663324,10.0,-2.0,-81.0
1777889823.2763324,12.0,0.0,-78.0
1777889823.2863324,6.0,-3.0,-73.0
1777889823.2963324,5.0,-2.0,-76.0
1777889823.3063323,1.0,-2.0,-81.0
1777889823.3163323,-1.0,0.0,-84.0
1777889823.3263323,-4.0,-2.0,-84.0
1777889823.3363323,-1.0,-1.0,-84.0
1777889823.3463323,0.0,-3.0,-81.0
1777889823.3563323,0.0,-3.0,-82.0
1777889823.3663323,-1.0,-3.0,-82.0
1777889823.3763323,-3.0,-6.0,-84.0
1777889823.3863325,-4.0,-4.0,-84.0
1777889823.3963325,-7.0,-2.0,-84.0
1777889823.4063325,-5.0,-1.0,-86.0
1777889823.4163325,0.0,-3.0,-90.0
1777889823.4263325,2.0,-1.0,-91.0
1777889823.4363325,1.0,-1.0,-94.0
1777889823.4463325,0.0,-2.0,-96.0
1777889823.4563324,0.0,-6.0,-95.0
1777889823.4663324,1.0,-9.0,-89.0
1777889823.4763324,1.0,-7.0,-83.0
1777889823.4863324,1.0,-3.0,-75.0
1777889823.4963324,0.0,-7.0,-75.0
1777889823.5063324,0.0,-5.0,-75.0
1777889823.5163324,-2.0,-3.0,-75.0
1777889823.5263324,0.0,-2.0,-83.0
1777889823.5363324,0.0,-2.0,-77.0
1777889823.5463324,1.0,-4.0,-79.0
1777889823.5563323,4.0,-3.0,-83.0
1777889823.5663323,1.0,-6.0,-83.0
1777889823.5763323,3.0,-5.0,-83.0
1777889823.5863323,3.0,2.0,-80.0
1777889823.5963323,5.0,6.0,-80.0
1777889823.6063323,5.0,4.0,-84.0
1777889823.6163323,5.0,0.0,-78.0
1777889823.6263323,1.0,-2.0,-81.0
1777889823.6363325,-1.0,0.0,-79.0
1777889823.6463325,-7.0,-2.0,-80.0
1777889823.6563325,-7.0,-4.0,-75.0
1777889823.6663325,-4.0,-4.0,-73.0
1777889823.6763325,2.0,-5.0,-71.0
1777889823.6863325,-1.0,-2.0,-64.0
1777889823.6963325,-1.0,-6.0,-65.0
1777889823.7063324,0.0,-8.0,-67.0
1777889823.7163324,4.0,-7.0,-61.0
1777889823.7263324,8.0,-5.0,-62.0
1777889823.7363324,7.0,-6.0,-62.0
1777889823.7463324,5.0,-2.0,-67.0
1777889823.7563324,6.0,-3.0,-75.0
1777889823.7663324,4.0,0.0,-73.0
1777889823.7773323,3.0,5.0,-76.0
1777889823.7873323,5.0,3.0,-79.0
1777889823.7973323,3.0,3.0,-77.0
1777889823.8073325,0.0,3.0,-79.0
1777889823.8173325,-2.0,0.0,-69.0
1777889823.8273325,-3.0,-1.0,-74.0
1777889823.8373325,-4.0,-3.0,-75.0
1777889823.8473325,-4.0,-2.0,-79.0
1777889823.8573325,0.0,0.0,-81.0
1777889823.8673325,-1.0,0.0,-77.0
1777889823.8773324,-1.0,2.0,-78.0
1777889823.8873324,-1.0,3.0,-81.0
1777889823.8973324,-3.0,2.0,-80.0
1777889823.9073324,-2.0,2.0,-76.0
1777889823.9173324,0.0,-1.0,-79.0
1777889823.9273324,0.0,0.0,-80.0
1777889823.9373324,-3.0,-3.0,-78.0
1777889823.9473324,-1.0,-6.0,-77.0
1777889823.9573324,-1.0,-7.0,-73.0
1777889823.9673324,-1.0,-5.0,-73.0
1777889823.9773324,-3.0,-2.0,-70.0
1777889823.9873323,-3.0,-7.0,-69.0
1777889823.9973323,-5.0,-8.0,-65.0
1777889824.0073323,-6.0,-6.0,-70.0
1777889824.0173323,-7.0,-7.0,-70.0
1777889824.0273323,-5.0,-7.0,-72.0
1777889824.0373323,-4.0,-5.0,-68.0
1777889824.0473323,-7.0,-3.0,-75.0
1777889824.0573325,-9.0,-6.0,-75.0
1777889824.0683324,-4.0,-1.0,-75.0
1777889824.0773325,-1.0,-1.0,-73.0
1777889824.0873325,-1.0,0.0,-81.0
1777889824.0973325,1.0,1.0,-83.0
1777889824.1073325,1.0,2.0,-84.0
1777889824.1173325,2.0,0.0,-84.0
1777889824.1273324,5.0,0.0,-84.0
1777889824.1373324,3.0,-1.0,-78.0
1777889824.1473324,-3.0,-1.0,-78.0
1777889824.1573324,-10.0,-4.0,-74.0
1777889824.1673324,-10.0,0.0,-75.0
1777889824.1773324,-3.0,0.0,-76.0
1777889824.1873324,-1.0,-1.0,-77.0
1777889824.1973324,4.0,-2.0,-76.0
1777889824.2073324,3.0,-2.0,-76.0
1777889824.2173324,3.0,-2.0,-75.0
1777889824.2273324,-3.0,-1.0,-73.0
1777889824.2373323,-1.0,-3.0,-66.0
1777889824.2473323,3.0,-3.0,-62.0
1777889824.2573323,2.0,-6.0,-62.0
1777889824.2673323,0.0,-8.0,-64.0
1777889824.2773323,0.0,-5.0,-65.0
1777889824.2873323,-5.0,-2.0,-56.0
1777889824.2973323,-6.0,-2.0,-61.0
1777889824.3073325,-5.0,-3.0,-71.0
1777889824.3173325,-6.0,0.0,-73.0
1777889824.3273325,-5.0,0.0,-74.0
1777889824.3373325,-6.0,-2.0,-76.0
1777889824.3473325,-3.0,-1.0,-80.0
1777889824.3573325,-1.0,-2.0,-82.0
1777889824.3673325,-4.0,-2.0,-87.0
1777889824.3773324,-1.0,-4.0,-85.0
1777889824.3873324,0.0,-2.0,-86.0
1777889824.3973324,0.0,-5.0,-82.0
1777889824.4073324,0.0,-7.0,-82.0
1777889824.4173324,-2.0,-8.0,-81.0
1777889824.4273324,-1.0,-6.0,-80.0
1777889824.4373324,-1.0,-2.0,-78.0
1777889824.4473324,1.0,-5.0,-74.0
1777889824.4573324,1.0,-4.0,-72.0
1777889824.4673324,0.0,-4.0,-72.0
1777889824.4773324,5.0,-3.0,-71.0
1777889824.4873323,2.0,0.0,-72.0
1777889824.4973323,-1.0,4.0,-79.0
1777889824.5073323,0.0,0.0,-74.0
1777889824.5173323,3.0,0.0,-72.0
1777889824.5273323,0.0,1.0,-73.0
1777889824.5373323,3.0,1.0,-71.0
1777889824.5473323,0.0,-2.0,-71.0
1777889824.5573325,0.0,-2.0,-68.0
1777889824.5673325,-2.0,0.0,-70.0
1777889824.5773325,0.0,0.0,-68.0
1777889824.5873325,0.0,-1.0,-69.0
1777889824.5973325,-2.0,2.0,-75.0
1777889824.6073325,-2.0,-4.0,-76.0
1777889824.6173325,-5.0,-1.0,-75.0
1777889824.6273324,-4.0,2.0,-70.0
1777889824.6373324,-1.0,2.0,-74.0
1777889824.6473324,-1.0,1.0,-74.0
1777889824.6573324,-4.0,2.0,-78.0
1777889824.6673324,2.0,1.0,-78.0
1777889824.6773324,9.0,0.0,-79.0
1777889824.6873324,6.0,1.0,-80.0
1777889824.6973324,2.0,1.0,-80.0
1777889824.7073324,5.0,0.0,-80.0
1777889824.7173324,4.0,-5.0,-83.0
1777889824.7273324,4.0,-7.0,-82.0
1777889824.7373323,4.0,-4.0,-78.0
1777889824.7473323,6.0,-3.0,-70.0
1777889824.7573323,5.0,-3.0,-69.0
1777889824.7673323,2.0,-4.0,-71.0
1777889824.7773323,0.0,-2.0,-64.0
1777889824.7873323,5.0,0.0,-66.0
1777889824.7973323,4.0,-1.0,-70.0
1777889824.8073325,0.0,0.0,-72.0
1777889824.8173325,6.0,-2.0,-74.0
1777889824.8273325,5.0,-3.0,-75.0
1777889824.8373325,4.0,-2.0,-78.0
1777889824.8473325,0.0,-2.0,-78.0
1777889824.8573325,2.0,-8.0,-81.0
1777889824.8673325,0.0,-6.0,-76.0
1777889824.8773324,1.0,-7.0,-69.0
1777889824.8873324,2.0,-2.0,-72.0
1777889824.8973324,0.0,1.0,-71.0
1777889824.9073324,1.0,4.0,-67.0
1777889824.9173324,-1.0,2.0,-65.0
1777889824.9273324,4.0,1.0,-72.0
1777889824.9373324,3.0,0.0,-73.0
1777889824.9473324,1.0,-5.0,-72.0
1777889824.9573324,5.0,-2.0,-71.0
1777889824.9673324,0.0,-8.0,-69.0
1777889824.9773324,0.0,-10.0,-64.0
1777889824.9873323,3.0,-14.0,-69.0
1777889824.9973323,7.0,-17.0,-73.0
1777889825.0073323,5.0,-15.0,-77.0
1777889825.0173323,1.0,-10.0,-79.0
1777889825.0273323,-2.0,-7.0,-83.0
1777889825.0373323,-2.0,-1.0,-78.0
1777889825.0473323,-2.0,-1.0,-80.0
1777889825.0573325,-2.0,2.0,-78.0
1777889825.0673325,0.0,4.0,-74.0
1777889825.0773325,2.0,2.0,-74.0
1777889825.0873325,3.0,1.0,-78.0
1777889825.0973325,3.0,1.0,-75.0
1777889825.1073325,1.0,0.0,-77.0
1777889825.1173325,4.0,3.0,-79.0
1777889825.1273324,1.0,3.0,-82.0
1777889825.1373324,1.0,1.0,-87.0
1777889825.1473324,8.0,0.0,-81.0
1777889825.1573324,5.0,1.0,-79.0
1777889825.1673324,4.0,2.0,-78.0
1777889825.1773324,4.0,3.0,-76.0
1777889825.1873324,0.0,-1.0,-72.0
1777889825.1973324,-4.0,-1.0,-72.0
1777889825.2073324,-2.0,0.0,-73.0
1777889825.2173324,-4.0,1.0,-70.0
1777889825.2273324,-6.0,-1.0,-66.0
1777889825.2373323,-5.0,0.0,-63.0
1777889825.2473323,0.0,0.0,-64.0
1777889825.2573323,0.0,-1.0,-63.0
1777889825.2673323,4.0,-3.0,-67.0
1777889825.2773323,3.0,-4.0,-70.0
1777889825.2873323,5.0,0.0,-74.0
1777889825.2973323,3.0,4.0,-78.0
1777889825.3073325,2.0,2.0,-78.0
1777889825.3173325,3.0,2.0,-79.0
1777889825.3273325,5.0,0.0,-76.0
1777889825.3373325,6.0,-2.0,-79.0
1777889825.3473325,6.0,-6.0,-76.0
1777889825.3573325,6.0,-7.0,-75.0
1777889825.3673325,5.0,-8.0,-78.0
1777889825.3773324,2.0,-8.0,-75.0
1777889825.3873324,-3.0,-1.0,-74.0
1777889825.3973324,0.0,0.0,-69.0
1777889825.4073324,0.0,0.0,-75.0
1777889825.4173324,-1.0,0.0,-74.0
1777889825.4273324,-1.0,0.0,-76.0
1777889825.4373324,0.0,-1.0,-76.0
1777889825.4473324,1.0,0.0,-75.0
1777889825.4573324,-3.0,1.0,-73.0
1777889825.4673324,0.0,0.0,-73.0
1777889825.4773324,-1.0,-5.0,-76.0
1777889825.4873323,0.0,-1.0,-83.0
1777889825.4973323,2.0,-2.0,-84.0
1777889825.5073323,-1.0,-3.0,-85.0
1777889825.5173323,0.0,-2.0,-87.0
1777889825.5273323,0.0,0.0,-82.0
1777889825.5373323,1.0,5.0,-83.0
1777889825.5473323,0.0,0.0,-76.0
1777889825.5573325,1.0,0.0,-79.0
1777889825.5673325,6.0,0.0,-79.0
1777889825.5773325,3.0,0.0,-72.0
1777889825.5873325,-1.0,0.0,-70.0
1777889825.5973325,0.0,-4.0,-72.0
1777889825.6073325,0.0,-2.0,-70.0
1777889825.6173325,0.0,-1.0,-77.0
1777889825.6273324,1.0,-4.0,-75.0
1777889825.6373324,2.0,-2.0,-69.0
1777889825.6473324,2.0,-2.0,-68.0
1777889825.6573324,1.0,-2.0,-71.0
1777889825.6673324,1.0,-1.0,-77.0
1777889825.6773324,4.0,-3.0,-77.0
1777889825.6873324,1.0,-4.0,-80.0
1777889825.6973324,0.0,-2.0,-85.0
1777889825.7073324,1.0,0.0,-80.0
1777889825.7173324,-2.0,-5.0,-82.0
1777889825.7283323,-4.0,-2.0,-83.0
1777889825.7373323,-6.0,1.0,-85.0
1777889825.7473323,-6.0,-2.0,-82.0
1777889825.7583325,-7.0,-2.0,-88.0
1777889825.7683325,-7.0,-4.0,-84.0
1777889825.7783325,-4.0,1.0,-77.0
1777889825.7883325,-3.0,0.0,-81.0
1777889825.7983325,-4.0,-1.0,-87.0
1777889825.8083324,-3.0,-1.0,-85.0
1777889825.8183324,-2.0,-4.0,-89.0
1777889825.8283324,-2.0,-5.0,-93.0
1777889825.8383324,-3.0,-6.0,-88.0
1777889825.8483324,-5.0,-4.0,-86.0
1777889825.8583324,-4.0,-3.0,-85.0
1777889825.8683324,-4.0,-5.0,-73.0
1777889825.8783324,-2.0,-4.0,-69.0
1777889825.8883324,-1.0,-1.0,-68.0
1777889825.8983324,-3.0,-1.0,-70.0
1777889825.9083323,-2.0,0.0,-64.0
1777889825.9183323,0.0,-1.0,-65.0
1777889825.9283323,6.0,-2.0,-67.0
1777889825.9383323,6.0,-6.0,-70.0
1777889825.9483323,6.0,-3.0,-72.0
1777889825.9583323,5.0,0.0,-77.0
1777889825.9683323,5.0,0.0,-71.0
1777889825.9783323,5.0,2.0,-80.0
1777889825.9883325,4.0,5.0,-80.0
1777889825.9983325,5.0,3.0,-77.0
1777889826.0083325,3.0,5.0,-82.0
1777889826.0183325,6.0,1.0,-82.0
1777889826.0283325,6.0,1.0,-82.0
1777889826.0383325,1.0,0.0,-81.0
1777889826.0483325,3.0,0.0,-76.0
1777889826.0583324,9.0,0.0,-77.0
1777889826.0683324,5.0,1.0,-76.0
1777889826.0783324,2.0,-5.0,-72.0
1777889826.0883324,3.0,-5.0,-72.0
1777889826.0983324,0.0,-4.0,-66.0
1777889826.1083324,0.0,-3.0,-69.0
1777889826.1183324,1.0,-2.0,-69.0
1777889826.1283324,1.0,0.0,-75.0
1777889826.1383324,4.0,0.0,-82.0
1777889826.1483324,7.0,1.0,-84.0
1777889826.1583323,8.0,5.0,-77.0
1777889826.1683323,8.0,3.0,-72.0
1777889826.1783323,6.0,5.0,-70.0
1777889826.1883323,5.0,7.0,-74.0
1777889826.1983323,7.0,7.0,-75.0
1777889826.2083323,2.0,2.0,-74.0
1777889826.2183323,0.0,1.0,-73.0
1777889826.2283323,2.0,0.0,-68.0
1777889826.2383325,2.0,2.0,-71.0
1777889826.2483325,4.0,-1.0,-73.0
1777889826.2583325,5.0,-3.0,-68.0
1777889826.2683325,5.0,-3.0,-73.0
1777889826.2783325,6.0,-4.0,-77.0
1777889826.2883325,0.0,-4.0,-76.0
1777889826.2983325,-7.0,-5.0,-80.0
1777889826.3083324,-3.0,-4.0,-84.0
1777889826.3183324,-2.0,-2.0,-82.0
1777889826.3283324,-3.0,-2.0,-76.0
1777889826.3383324,-2.0,-4.0,-81.0
1777889826.3483324,-2.0,-6.0,-80.0
1777889826.3583324,-1.0,-4.0,-71.0
1777889826.3683324,1.0,-6.0,-66.0
1777889826.3783324,4.0,-4.0,-68.0
1777889826.3883324,4.0,-5.0,-71.0
1777889826.3983324,2.0,-8.0,-73.0
1777889826.4083323,3.0,-5.0,-68.0
1777889826.4183323,2.0,-4.0,-62.0
1777889826.4283323,2.0,-2.0,-67.0
1777889826.4383323,0.0,-12.0,-68.0
1777889826.4483323,0.0,-8.0,-68.0
1777889826.4583323,1.0,-5.0,-66.0
1777889826.4683323,4.0,-3.0,-67.0
1777889826.4783323,1.0,0.0,-69.0
1777889826.4883325,6.0,4.0,-67.0
1777889826.4983325,5.0,6.0,-68.0
1777889826.5083325,3.0,7.0,-69.0
1777889826.5183325,4.0,3.0,-75.0
1777889826.5283325,4.0,2.0,-83.0
1777889826.5383325,5.0,0.0,-74.0
1777889826.5483325,2.0,0.0,-72.0
1777889826.5583324,6.0,0.0,-73.0
1777889826.5683324,9.0,-1.0,-71.0
1777889826.5783324,10.0,-3.0,-72.0
1777889826.5883324,7.0,-5.0,-73.0
1777889826.5983324,9.0,-4.0,-73.0
1777889826.6083324,8.0,-2.0,-71.0
1777889826.6183324,1.0,0.0,-71.0
1777889826.6283324,1.0,-2.0,-73.0
1777889826.6383324,1.0,0.0,-75.0
1777889826.6483324,3.0,0.0,-78.0
1777889826.6583323,3.0,3.0,-80.0
1777889826.6683323,1.0,3.0,-79.0
1777889826.6783323,1.0,2.0,-74.0
1777889826.6883323,2.0,0.0,-73.0
1777889826.6983323,2.0,0.0,-69.0
1777889826.7083323,2.0,-5.0,-71.0
1777889826.7183323,4.0,-5.0,-71.0
1777889826.7283323,5.0,-8.0,-72.0
1777889826.7383325,9.0,-5.0,-66.0
1777889826.7483325,10.0,-1.0,-66.0
1777889826.7583325,5.0,-5.0,-72.0
1777889826.7683325,8.0,-8.0,-75.0
1777889826.7783325,6.0,-8.0,-80.0
1777889826.7883325,1.0,-8.0,-74.0
1777889826.7983325,0.0,-8.0,-71.0
1777889826.8083324,-1.0,-9.0,-64.0
1777889826.8183324,0.0,-9.0,-65.0
1777889826.8283324,5.0,-7.0,-70.0
1777889826.8383324,7.0,-8.0,-74.0
1777889826.8483324,5.0,-3.0,-77.0
1777889826.8583324,0.0,0.0,-81.0
1777889826.8683324,-2.0,-2.0,-83.0
1777889826.8783324,-1.0,-1.0,-83.0
1777889826.8883324,1.0,0.0,-83.0
1777889826.8983324,-2.0,0.0,-85.0
1777889826.9083323,-2.0,1.0,-75.0
1777889826.9183323,2.0,-2.0,-78.0
1777889826.9283323,0.0,-2.0,-74.0
1777889826.9383323,0.0,-2.0,-74.0
1777889826.9483323,1.0,0.0,-77.0
1777889826.9583323,3.0,0.0,-82.0
1777889826.9683323,4.0,-3.0,-80.0
1777889826.9783323,8.0,-4.0,-76.0
1777889826.9883325,9.0,-2.0,-80.0
1777889826.9983325,2.0,-2.0,-75.0
1777889827.0083325,2.0,-2.0,-70.0
1777889827.0183325,0.0,0.0,-68.0
1777889827.0283325,-3.0,-1.0,-76.0
1777889827.0383325,-3.0,-3.0,-73.0
1777889827.0483325,-5.0,-2.0,-69.0
1777889827.0583324,-5.0,-2.0,-66.0
1777889827.0683324,-3.0,-3.0,-64.0
1777889827.0783324,-3.0,-4.0,-67.0
1777889827.0883324,-2.0,-2.0,-70.0
1777889827.0983324,0.0,-3.0,-72.0
1777889827.1083324,-1.0,-4.0,-76.0
1777889827.1183324,2.0,-3.0,-75.0
1777889827.1283324,4.0,-2.0,-76.0
1777889827.1383324,1.0,-3.0,-75.0
1777889827.1483324,-3.0,-3.0,-79.0
1777889827.1583323,-7.0,0.0,-84.0
1777889827.1683323,-5.0,0.0,-83.0
1777889827.1783323,-3.0,-3.0,-79.0
1777889827.1883323,-4.0,-7.0,-76.0
1777889827.1983323,0.0,-5.0,-72.0
1777889827.2083323,0.0,-3.0,-67.0
1777889827.2183323,0.0,-3.0,-68.0
1777889827.2283323,0.0,0.0,-74.0
1777889827.2383325,1.0,1.0,-77.0
1777889827.2483325,0.0,-5.0,-75.0
1777889827.2583325,5.0,-8.0,-74.0
1777889827.2683325,9.0,-9.0,-73.0
1777889827.2783325,8.0,-9.0,-72.0
1777889827.2883325,5.0,-9.0,-67.0
1777889827.2983325,1.0,-8.0,-71.0
1777889827.3083324,4.0,-3.0,-73.0
1777889827.3183324,6.0,2.0,-66.0
1777889827.3283324,12.0,2.0,-59.0
1777889827.3383324,10.0,2.0,-61.0
1777889827.3483324,11.0,4.0,-60.0
1777889827.3583324,14.0,0.0,-58.0
1777889827.3683324,14.0,-4.0,-66.0
1777889827.3783324,12.0,-8.0,-68.0
1777889827.3883324,8.0,-12.0,-66.0
1777889827.3983324,8.0,-7.0,-66.0
1777889827.4083323,4.0,-3.0,-65.0
1777889827.4183323,0.0,-4.0,-63.0
1777889827.4283323,-1.0,-1.0,-70.0
1777889827.4383323,-4.0,0.0,-68.0
1777889827.4483323,-4.0,-1.0,-73.0
1777889827.4583323,-2.0,0.0,-78.0
1777889827.4683323,-2.0,-5.0,-71.0
1777889827.4783323,0.0,-4.0,-73.0
1777889827.4883325,2.0,-4.0,-80.0
1777889827.4983325,3.0,-3.0,-81.0
1777889827.5083325,1.0,-1.0,-77.0
1777889827.5183325,2.0,-2.0,-76.0
1777889827.5283325,1.0,-1.0,-74.0
1777889827.5383325,2.0,-2.0,-72.0
1777889827.5483325,-3.0,-1.0,-67.0
1777889827.5583324,-2.0,0.0,-66.0
1777889827.5683324,1.0,0.0,-67.0
1777889827.5783324,0.0,1.0,-68.0
1777889827.5883324,0.0,-4.0,-69.0
1777889827.5983324,-4.0,-6.0,-69.0
1777889827.6083324,0.0,-3.0,-71.0
1777889827.6183324,2.0,-1.0,-79.0
1777889827.6283324,-3.0,1.0,-79.0
1777889827.6383324,-3.0,-2.0,-75.0
1777889827.6483324,0.0,-4.0,-71.0
1777889827.6583323,0.0,-1.0,-74.0
1777889827.6683323,0.0,0.0,-73.0
1777889827.6783323,3.0,-2.0,-72.0
1777889827.6883323,5.0,-1.0,-67.0
1777889827.6983323,3.0,-4.0,-60.0
1777889827.7083323,2.0,-2.0,-65.0
1777889827.7193325,3.0,0.0,-65.0
1777889827.7293324,-3.0,-3.0,-67.0
1777889827.7383325,-3.0,-4.0,-70.0
1777889827.7493324,-1.0,-7.0,-69.0
1777889827.7593324,-2.0,-8.0,-71.0
1777889827.7693324,-4.0,-5.0,-73.0
1777889827.7793324,0.0,-2.0,-73.0
1777889827.7893324,4.0,-3.0,-71.0
1777889827.7993324,3.0,-3.0,-79.0
1777889827.8093324,5.0,-6.0,-82.0
1777889827.8193324,4.0,-5.0,-79.0
1777889827.8293324,3.0,-4.0,-80.0
1777889827.8393323,5.0,-3.0,-80.0
1777889827.8493323,2.0,-4.0,-89.0
1777889827.8593323,0.0,-2.0,-82.0
1777889827.8693323,0.0,0.0,-73.0
1777889827.8793323,5.0,1.0,-73.0
1777889827.8893323,7.0,0.0,-69.0
1777889827.8993323,3.0,-1.0,-70.0
1777889827.9093325,4.0,0.0,-69.0
1777889827.9193325,2.0,-3.0,-69.0
1777889827.9293325,-3.0,-1.0,-75.0
1777889827.9393325,-6.0,0.0,-73.0
1777889827.9493325,-7.0,0.0,-66.0
1777889827.9593325,-4.0,2.0,-72.0
1777889827.9693325,-3.0,2.0,-69.0
1777889827.9793324,-2.0,1.0,-62.0
1777889827.9893324,0.0,0.0,-60.0
1777889827.9993324,-1.0,0.0,-66.0
1777889828.0093324,-4.0,2.0,-63.0
1777889828.0193324,-1.0,0.0,-74.0
1777889828.0293324,-3.0,0.0,-72.0
1777889828.0393324,-4.0,-2.0,-77.0
1777889828.0493324,-3.0,0.0,-78.0
1777889828.0593324,-5.0,-2.0,-77.0
1777889828.0693324,-2.0,0.0,-73.0
1777889828.0793324,0.0,2.0,-70.0
1777889828.0893323,2.0,1.0,-72.0
1777889828.0993323,0.0,-2.0,-72.0
1777889828.1093323,-2.0,-1.0,-70.0
1777889828.1193323,-3.0,-2.0,-65.0
1777889828.1293323,3.0,0.0,-68.0
1777889828.1393323,4.0,-2.0,-62.0
1777889828.1493323,4.0,-1.0,-62.0
1777889828.1583323,7.0,-3.0,-62.0
1777889828.1693325,4.0,-1.0,-61.0
1777889828.1793325,5.0,-4.0,-56.0
1777889828.1893325,3.0,-2.0,-62.0
1777889828.1993325,2.0,-2.0,-65.0
1777889828.2093325,2.0,0.0,-62.0
1777889828.2193325,0.0,0.0,-67.0
1777889828.2293324,-2.0,-1.0,-76.0
1777889828.2393324,-1.0,0.0,-75.0
1777889828.2493324,-3.0,0.0,-70.0
1777889828.2593324,0.0,1.0,-62.0
1777889828.2693324,0.0,0.0,-58.0
1777889828.2793324,-2.0,2.0,-56.0
1777889828.2893324,-4.0,2.0,-57.0
1777889828.2993324,-2.0,-2.0,-59.0
1777889828.3093324,-1.0,0.0,-64.0
1777889828.3193324,-4.0,3.0,-74.0
1777889828.3293324,-1.0,0.0,-75.0
1777889828.3393323,0.0,0.0,-81.0
1777889828.3493323,0.0,0.0,-78.0
1777889828.3593323,-1.0,1.0,-81.0
1777889828.3693323,2.0,1.0,-88.0
1777889828.3793323,1.0,2.0,-89.0
1777889828.3893323,2.0,0.0,-88.0
1777889828.3993323,1.0,0.0,-87.0
1777889828.4093325,2.0,-1.0,-80.0
1777889828.4193325,1.0,-2.0,-75.0
1777889828.4293325,2.0,0.0,-68.0
1777889828.4393325,0.0,-2.0,-75.0
1777889828.4493325,0.0,-1.0,-74.0
1777889828.4593325,-2.0,0.0,-81.0
1777889828.4693325,-3.0,2.0,-79.0
1777889828.4793324,-3.0,-6.0,-82.0
1777889828.4893324,-5.0,-5.0,-76.0
1777889828.4993324,-5.0,-3.0,-78.0
1777889828.5093324,-1.0,-4.0,-77.0
1777889828.5193324,0.0,-7.0,-77.0
1777889828.5293324,-2.0,-6.0,-71.0
1777889828.5393324,0.0,-6.0,-71.0
1777889828.5493324,4.0,-6.0,-71.0
1777889828.5593324,3.0,-9.0,-70.0
1777889828.5693324,-2.0,-5.0,-73.0
1777889828.5793324,-5.0,-1.0,-64.0
1777889828.5893323,-2.0,-2.0,-70.0
1777889828.5993323,-3.0,-2.0,-68.0
1777889828.6093323,0.0,-2.0,-70.0
1777889828.6193323,1.0,-5.0,-68.0
1777889828.6293323,2.0,-7.0,-78.0
1777889828.6393323,0.0,-5.0,-79.0
1777889828.6493323,-2.0,-8.0,-82.0
1777889828.6593325,2.0,-6.0,-83.0
1777889828.6693325,0.0,-4.0,-81.0
1777889828.6793325,1.0,-1.0,-78.0
1777889828.6893325,0.0,2.0,-79.0
1777889828.6993325,0.0,3.0,-72.0
1777889828.7093325,0.0,0.0,-74.0
1777889828.7193325,-1.0,-2.0,-80.0
1777889828.7293324,0.0,-4.0,-79.0
1777889828.7393324,0.0,-6.0,-74.0
1777889828.7493324,3.0,-9.0,-73.0
1777889828.7593324,2.0,-6.0,-71.0
1777889828.7693324,0.0,-5.0,-65.0
1777889828.7793324,1.0,-3.0,-71.0
1777889828.7893324,3.0,0.0,-67.0
1777889828.7993324,5.0,0.0,-71.0
1777889828.8093324,5.0,-4.0,-77.0
1777889828.8193324,4.0,-3.0,-78.0
1777889828.8293324,6.0,0.0,-75.0
1777889828.8393323,2.0,2.0,-71.0
1777889828.8493323,0.0,1.0,-77.0
1777889828.8593323,0.0,-1.0,-76.0
1777889828.8693323,-6.0,0.0,-78.0
1777889828.8793323,-8.0,0.0,-69.0
1777889828.8893323,-12.0,2.0,-69.0
1777889828.8993323,-9.0,1.0,-75.0
1777889828.9093325,-9.0,3.0,-79.0
1777889828.9193325,-7.0,1.0,-77.0
1777889828.9293325,-10.0,1.0,-72.0
1777889828.9393325,-6.0,-1.0,-66.0
1777889828.9493325,-1.0,-1.0,-65.0
1777889828.9593325,-1.0,-3.0,-69.0
1777889828.9693325,-3.0,-3.0,-71.0
1777889828.9793324,-1.0,-3.0,-77.0
1777889828.9893324,2.0,-3.0,-81.0
1777889828.9993324,5.0,-4.0,-88.0
1777889829.0093324,6.0,-6.0,-84.0
1777889829.0193324,3.0,0.0,-86.0
1777889829.0293324,0.0,0.0,-80.0
1777889829.0393324,4.0,0.0,-82.0
1777889829.0493324,4.0,1.0,-88.0
1777889829.0593324,3.0,0.0,-81.0
1777889829.0693324,-2.0,-1.0,-78.0
1777889829.0793324,-1.0,0.0,-76.0
1777889829.0893323,-1.0,0.0,-73.0
1777889829.0993323,-3.0,-2.0,-73.0
1777889829.1093323,-3.0,-3.0,-77.0
1777889829.1193323,0.0,-3.0,-75.0
1777889829.1293323,0.0,-5.0,-80.0
1777889829.1393323,-3.0,-6.0,-85.0
1777889829.1493323,-9.0,-5.0,-82.0
1777889829.1593325,-10.0,-2.0,-77.0
1777889829.1693325,-5.0,-4.0,-80.0
1777889829.1793325,-6.0,-8.0,-79.0
1777889829.1893325,-3.0,-4.0,-80.0
1777889829.1993325,-6.0,-1.0,-76.0
1777889829.2093325,-3.0,0.0,-79.0
1777889829.2193325,0.0,4.0,-79.0
1777889829.2293324,-1.0,4.0,-72.0
1777889829.2393324,-5.0,4.0,-75.0
1777889829.2493324,-3.0,-1.0,-77.0
1777889829.2593324,-4.0,0.0,-77.0
1777889829.2693324,-5.0,2.0,-78.0
1777889829.2793324,-7.0,-2.0,-78.0
1777889829.2893324,-4.0,-5.0,-81.0
1777889829.2993324,0.0,-8.0,-82.0
1777889829.3093324,5.0,-7.0,-81.0
1777889829.3193324,0.0,-2.0,-80.0
1777889829.3293324,2.0,-1.0,-82.0
1777889829.3393323,0.0,-1.0,-82.0
1777889829.3493323,3.0,-2.0,-79.0
1777889829.3593323,4.0,0.0,-82.0
1777889829.3693323,5.0,0.0,-79.0
1777889829.3793323,-2.0,0.0,-75.0
1777889829.3893323,-5.0,1.0,-74.0
1777889829.3993323,-1.0,0.0,-76.0
1777889829.4093325,2.0,-1.0,-81.0
1777889829.4193325,0.0,-3.0,-79.0
1777889829.4293325,0.0,-4.0,-77.0
1777889829.4393325,0.0,-3.0,-80.0
1777889829.4493325,-2.0,-5.0,-69.0
1777889829.4593325,0.0,-3.0,-67.0
1777889829.4693325,-1.0,-7.0,-61.0
1777889829.4793324,-2.0,-10.0,-62.0
1777889829.4893324,-2.0,-5.0,-65.0
1777889829.4993324,-4.0,-4.0,-64.0
1777889829.5093324,0.0,-5.0,-63.0
1777889829.5193324,0.0,-4.0,-67.0
1777889829.5293324,1.0,-3.0,-70.0
1777889829.5393324,0.0,-3.0,-70.0
1777889829.5493324,-5.0,2.0,-68.0
1777889829.5593324,-8.0,4.0,-69.0
1777889829.5693324,-6.0,5.0,-72.0
1777889829.5793324,-2.0,2.0,-73.0
1777889829.5893323,0.0,5.0,-75.0
1777889829.5993323,3.0,2.0,-69.0
1777889829.6093323,0.0,3.0,-79.0
1777889829.6193323,5.0,0.0,-72.0
1777889829.6293323,0.0,0.0,-70.0
1777889829.6393323,0.0,-3.0,-75.0
1777889829.6493323,0.0,-3.0,-77.0
1777889829.6593325,0.0,-1.0,-73.0
1777889829.6693325,0.0,-5.0,-76.0
1777889829.6803324,0.0,-3.0,-69.0
1777889829.6893325,3.0,0.0,-68.0
1777889829.6993325,0.0,0.0,-77.0
1777889829.7103324,0.0,0.0,-72.0
1777889829.7203324,-1.0,1.0,-77.0
1777889829.7303324,0.0,2.0,-72.0
1777889829.7403324,1.0,0.0,-74.0
1777889829.7503324,3.0,0.0,-71.0
1777889829.7603323,4.0,0.0,-69.0
1777889829.7703323,2.0,0.0,-63.0
1777889829.7803323,-1.0,-2.0,-60.0
1777889829.7903323,-4.0,-3.0,-62.0
1777889829.8003323,-5.0,-2.0,-67.0
1777889829.8103323,-5.0,-3.0,-71.0
1777889829.8203323,-5.0,-3.0,-70.0
1777889829.8303325,-6.0,0.0,-69.0
1777889829.8403325,-10.0,1.0,-70.0
1777889829.8503325,-8.0,1.0,-72.0
1777889829.8603325,-5.0,4.0,-76.0
1777889829.8703325,-7.0,5.0,-78.0
1777889829.8803325,-5.0,3.0,-82.0
1777889829.8903325,-2.0,-1.0,-84.0
1777889829.9003325,-3.0,0.0,-80.0
1777889829.9103324,-1.0,0.0,-78.0
1777889829.9203324,2.0,2.0,-78.0
1777889829.9303324,1.0,-2.0,-81.0
1777889829.9403324,0.0,-6.0,-77.0
1777889829.9503324,0.0,-6.0,-76.0
1777889829.9603324,2.0,-5.0,-79.0
1777889829.9703324,0.0,-4.0,-79.0
1777889829.9803324,2.0,1.0,-84.0
1777889829.9903324,3.0,2.0,-76.0
1777889830.0003324,4.0,1.0,-77.0
1777889830.0103323,3.0,-1.0,-76.0
1777889830.0203323,0.0,-5.0,-76.0
1777889830.0303323,-1.0,-6.0,-75.0
1777889830.0403323,0.0,-5.0,-82.0
1777889830.0503323,4.0,-3.0,-86.0
1777889830.0603323,3.0,0.0,-79.0
1777889830.0703323,1.0,-2.0,-76.0
1777889830.0803325,1.0,0.0,-78.0
1777889830.0903325,0.0,0.0,-78.0
1777889830.1003325,-3.0,1.0,-79.0
1777889830.1103325,0.0,-1.0,-78.0
1777889830.1203325,1.0,-1.0,-80.0
1777889830.1303325,0.0,-1.0,-78.0
1777889830.1403325,-4.0,-3.0,-72.0
1777889830.1503325,-2.0,-1.0,-65.0
1777889830.1603324,-3.0,-1.0,-69.0
1777889830.1703324,-2.0,3.0,-74.0
1777889830.1803324,-6.0,4.0,-71.0
1777889830.1903324,-9.0,4.0,-69.0
1777889830.2003324,-9.0,3.0,-72.0
1777889830.2103324,-6.0,-1.0,-73.0
1777889830.2203324,-9.0,1.0,-68.0
1777889830.2303324,-4.0,-1.0,-75.0
1777889830.2403324,-3.0,0.0,-81.0
1777889830.2503324,1.0,2.0,-79.0
1777889830.2603323,0.0,0.0,-83.0
1777889830.2703323,0.0,0.0,-87.0
1777889830.2803323,0.0,0.0,-83.0
1777889830.2903323,2.0,2.0,-80.0
1777889830.3003323,-2.0,3.0,-77.0
1777889830.3103323,-2.0,0.0,-74.0
1777889830.3203323,-7.0,-2.0,-74.0
1777889830.3303325,-11.0,-2.0,-70.0
1777889830.3403325,-8.0,-2.0,-70.0
1777889830.3503325,-5.0,-1.0,-72.0
1777889830.3603325,-5.0,-2.0,-77.0
1777889830.3703325,0.0,0.0,-73.0
1777889830.3803325,1.0,0.0,-68.0
1777889830.3903325,2.0,-2.0,-74.0
1777889830.4003325,4.0,0.0,-72.0
1777889830.4103324,0.0,0.0,-74.0
1777889830.4203324,-4.0,-2.0,-72.0
1777889830.4303324,-4.0,-2.0,-78.0
1777889830.4403324,-3.0,-2.0,-79.0
1777889830.4503324,-3.0,-3.0,-79.0
1777889830.4603324,-5.0,-2.0,-80.0
1777889830.4703324,-7.0,-3.0,-83.0
1777889830.4803324,-7.0,0.0,-80.0
1777889830.4903324,-7.0,-4.0,-81.0
1777889830.5003324,-3.0,-4.0,-84.0
1777889830.5103323,1.0,-3.0,-81.0
1777889830.5203323,1.0,-6.0,-74.0
1777889830.5303323,0.0,-10.0,-72.0
1777889830.5403323,-3.0,-12.0,-75.0
1777889830.5503323,-5.0,-7.0,-73.0
1777889830.5603323,-4.0,-3.0,-74.0
1777889830.5703323,1.0,-2.0,-73.0
1777889830.5803325,0.0,-2.0,-77.0
1777889830.5903325,0.0,-2.0,-79.0
1777889830.6003325,0.0,0.0,-78.0
1777889830.6103325,-1.0,-1.0,-82.0
1777889830.6203325,-2.0,-2.0,-79.0
1777889830.6303325,-1.0,-2.0,-81.0
1777889830.6403325,-3.0,-6.0,-86.0
1777889830.6503325,-4.0,-4.0,-83.0
1777889830.6603324,-2.0,-1.0,-78.0
1777889830.6703324,0.0,1.0,-76.0
1777889830.6803324,3.0,-2.0,-73.0
1777889830.6903324,0.0,-3.0,-80.0
1777889830.7003324,-3.0,-2.0,-76.0
1777889830.7103324,-2.0,3.0,-65.0
1777889830.7203324,-3.0,1.0,-63.0
1777889830.7303324,-5.0,0.0,-65.0
1777889830.7403324,-5.0,-2.0,-63.0
1777889830.7503324,-6.0,-1.0,-59.0
1777889830.7603323,-3.0,-4.0,-55.0
1777889830.7703323,-5.0,-3.0,-65.0
1777889830.7803323,-4.0,0.0,-71.0
1777889830.7903323,-1.0,0.0,-70.0
1777889830.8003323,-3.0,1.0,-67.0
1777889830.8103323,0.0,-3.0,-67.0
1777889830.8203323,0.0,0.0,-70.0
1777889830.8303325,0.0,1.0,-74.0
1777889830.8403325,0.0,-3.0,-73.0
1777889830.8503325,3.0,-2.0,-66.0
1777889830.8603325,2.0,3.0,-72.0
1777889830.8703325,4.0,3.0,-77.0
1777889830.8803325,0.0,5.0,-76.0
1777889830.8903325,2.0,3.0,-76.0
1777889830.9003325,2.0,1.0,-74.0
1777889830.9103324,-3.0,0.0,-76.0
1777889830.9203324,-1.0,0.0,-77.0
1777889830.9303324,-2.0,1.0,-81.0
1777889830.9403324,-3.0,0.0,-81.0
1777889830.9503324,-2.0,-2.0,-84.0
1777889830.9603324,-2.0,-1.0,-85.0
1777889830.9703324,-4.0,0.0,-83.0
1777889830.9803324,4.0,-1.0,-86.0
1777889830.9903324,2.0,-1.0,-89.0
1777889831.0003324,2.0,-3.0,-82.0
1777889831.0103323,4.0,0.0,-82.0
1777889831.0203323,3.0,0.0,-78.0
1777889831.0303323,2.0,-2.0,-75.0
1777889831.0403323,4.0,-5.0,-77.0
1777889831.0503323,7.0,-4.0,-77.0
1777889831.0603323,2.0,-1.0,-80.0
1777889831.0703323,-2.0,-3.0,-76.0
1777889831.0803325,1.0,0.0,-76.0
1777889831.0903325,5.0,0.0,-78.0
1777889831.1003325,7.0,3.0,-75.0
1777889831.1103325,8.0,0.0,-75.0
1777889831.1203325,6.0,-2.0,-73.0
1777889831.1303325,5.0,0.0,-79.0
1777889831.1403325,6.0,0.0,-84.0
1777889831.1503325,0.0,-1.0,-81.0
1777889831.1603324,-3.0,0.0,-82.0
1777889831.1703324,-4.0,0.0,-81.0
1777889831.1803324,-6.0,-2.0,-74.0
1777889831.1903324,-8.0,0.0,-70.0
1777889831.2003324,-10.0,-5.0,-73.0
1777889831.2103324,-10.0,-3.0,-84.0
1777889831.2203324,-10.0,-5.0,-86.0
1777889831.2303324,-8.0,-7.0,-77.0
1777889831.2403324,-1.0,-6.0,-76.0
1777889831.2503324,0.0,-1.0,-76.0
1777889831.2603323,-7.0,0.0,-69.0
1777889831.2703323,-6.0,-3.0,-69.0
1777889831.2803323,-10.0,-1.0,-67.0
1777889831.2903323,-10.0,0.0,-65.0
1777889831.3003323,-10.0,-2.0,-70.0
1777889831.3103323,-5.0,-1.0,-76.0
1777889831.3203323,-4.0,-2.0,-66.0
1777889831.3303325,-2.0,-6.0,-63.0
1777889831.3403325,-3.0,-5.0,-64.0
1777889831.3503325,0.0,-2.0,-70.0
1777889831.3603325,0.0,-2.0,-74.0
1777889831.3703325,0.0,-4.0,-74.0
1777889831.3803325,0.0,-7.0,-81.0
1777889831.3903325,0.0,-11.0,-87.0
1777889831.4003325,1.0,-9.0,-85.0
1777889831.4103324,4.0,-8.0,-80.0
1777889831.4203324,3.0,-9.0,-83.0
1777889831.4303324,5.0,-7.0,-78.0
1777889831.4403324,1.0,-3.0,-76.0
1777889831.4503324,0.0,1.0,-79.0
1777889831.4603324,0.0,3.0,-84.0
1777889831.4703324,-4.0,1.0,-79.0
1777889831.4803324,-2.0,0.0,-78.0
1777889831.4903324,0.0,0.0,-82.0
1777889831.5003324,4.0,-1.0,-82.0
1777889831.5103323,9.0,-4.0,-83.0
1777889831.5203323,10.0,-3.0,-80.0
1777889831.5303323,6.0,-3.0,-84.0
1777889831.5403323,4.0,-6.0,-78.0
1777889831.5503323,6.0,-6.0,-81.0
1777889831.5603323,6.0,-3.0,-76.0
1777889831.5703323,6.0,-3.0,-83.0
1777889831.5803325,7.0,-5.0,-87.0
1777889831.5903325,10.0,0.0,-78.0
1777889831.6003325,11.0,0.0,-70.0
1777889831.6103325,8.0,1.0,-73.0
1777889831.6203325,7.0,3.0,-71.0
1777889831.6303325,7.0,4.0,-67.0
1777889831.6403325,3.0,2.0,-69.0
1777889831.6503325,0.0,2.0,-75.0
1777889831.6603324,0.0,0.0,-78.0
1777889831.6713324,8.0,2.0,-76.0
1777889831.6813323,6.0,5.0,-72.0
1777889831.6903324,4.0,6.0,-72.0
1777889831.7013323,5.0,7.0,-67.0
1777889831.7113323,2.0,4.0,-72.0
1777889831.7203324,3.0,1.0,-75.0
1777889831.7313323,9.0,-2.0,-73.0
1777889831.7413323,12.0,-2.0,-76.0
1777889831.7513323,9.0,-3.0,-79.0
1777889831.7613325,6.0,-7.0,-75.0
1777889831.7713325,2.0,-5.0,-70.0
1777889831.7813325,1.0,-2.0,-66.0
1777889831.7913325,6.0,-2.0,-71.0
1777889831.8013325,5.0,-4.0,-78.0
1777889831.8113325,0.0,-4.0,-75.0
1777889831.8213325,1.0,-1.0,-75.0
1777889831.8313324,2.0,-2.0,-78.0
1777889831.8413324,5.0,0.0,-77.0
1777889831.8513324,2.0,-3.0,-74.0
1777889831.8613324,0.0,-1.0,-75.0
1777889831.8713324,-2.0,0.0,-75.0
1777889831.8813324,-6.0,-4.0,-75.0
1777889831.8913324,-2.0,-4.0,-72.0
1777889831.9013324,-1.0,-2.0,-70.0
1777889831.9113324,1.0,-2.0,-75.0
1777889831.9213324,0.0,0.0,-74.0
1777889831.9313323,2.0,-3.0,-72.0
1777889831.9413323,4.0,-4.0,-71.0
1777889831.9513323,0.0,-8.0,-77.0
1777889831.9613323,0.0,-6.0,-77.0
1777889831.9713323,-7.0,-3.0,-86.0
1777889831.9813323,-12.0,-4.0,-79.0
1777889831.9913323,-10.0,-3.0,-74.0
1777889832.0013323,-11.0,-4.0,-76.0
1777889832.0113325,-9.0,-1.0,-72.0
1777889832.0213325,-4.0,-3.0,-73.0
1777889832.0313325,0.0,0.0,-70.0
1777889832.0413325,-3.0,3.0,-67.0
1777889832.0513325,0.0,-2.0,-69.0
1777889832.0613325,1.0,-1.0,-79.0
1777889832.0713325,0.0,-1.0,-81.0
1777889832.0813324,3.0,0.0,-82.0
1777889832.0913324,5.0,0.0,-78.0
1777889832.1013324,4.0,1.0,-79.0
1777889832.1113324,1.0,-1.0,-75.0
1777889832.1213324,-1.0,-3.0,-72.0
1777889832.1313324,1.0,-2.0,-73.0
1777889832.1413324,-1.0,0.0,-70.0
1777889832.1513324,-1.0,0.0,-79.0
1777889832.1613324,-4.0,-2.0,-79.0
1777889832.1713324,1.0,-1.0,-75.0
1777889832.1813323,-1.0,-3.0,-74.0
1777889832.1913323,0.0,0.0,-75.0
1777889832.2013323,0.0,0.0,-78.0
1777889832.2113323,1.0,0.0,-82.0
1777889832.2213323,2.0,0.0,-83.0
1777889832.2313323,3.0,-2.0,-84.0
1777889832.2413323,3.0,2.0,-83.0
1777889832.2513323,2.0,2.0,-81.0
1777889832.2613325,0.0,-1.0,-81.0
1777889832.2713325,1.0,-3.0,-76.0
1777889832.2813325,0.0,-1.0,-74.0
1777889832.2913325,-2.0,-1.0,-75.0
1777889832.3013325,-6.0,-3.0,-78.0
1777889832.3113325,-4.0,-1.0,-75.0
1777889832.3213325,-2.0,0.0,-75.0
1777889832.3313324,-7.0,0.0,-74.0
1777889832.3413324,-4.0,0.0,-67.0
1777889832.3513324,-1.0,-2.0,-65.0
1777889832.3613324,0.0,-3.0,-61.0
1777889832.3713324,0.0,-4.0,-60.0
1777889832.3813324,0.0,-5.0,-57.0
1777889832.3913324,-2.0,-2.0,-57.0
1777889832.4013324,-5.0,-3.0,-59.0
1777889832.4113324,-2.0,-1.0,-59.0
1777889832.4213324,0.0,2.0,-59.0
1777889832.4313323,0.0,3.0,-60.0
1777889832.4413323,0.0,2.0,-55.0
1777889832.4513323,2.0,1.0,-56.0
1777889832.4623325,8.0,2.0,-57.0
1777889832.4713323,11.0,3.0,-60.0
1777889832.4813323,8.0,5.0,-67.0
1777889832.4913323,7.0,6.0,-63.0
1777889832.5013323,5.0,5.0,-69.0
1777889832.5113325,3.0,3.0,-74.0
1777889832.5213325,0.0,1.0,-73.0
1777889832.5313325,-4.0,6.0,-80.0
1777889832.5413325,1.0,7.0,-80.0
1777889832.5513325,3.0,2.0,-78.0
1777889832.5613325,2.0,1.0,-79.0
1777889832.5713325,1.0,2.0,-73.0
1777889832.5813324,1.0,-1.0,-74.0
1777889832.5913324,4.0,0.0,-79.0
1777889832.6013324,5.0,-2.0,-78.0
1777889832.6113324,3.0,-3.0,-75.0
1777889832.6213324,0.0,-4.0,-71.0
1777889832.6313324,0.0,-4.0,-71.0
1777889832.6413324,3.0,-1.0,-69.0
1777889832.6513324,2.0,-2.0,-73.0
1777889832.6613324,1.0,-3.0,-71.0
1777889832.6713324,1.0,-3.0,-69.0
1777889832.6813323,3.0,-6.0,-69.0
1777889832.6913323,1.0,-4.0,-76.0
1777889832.7013323,0.0,-8.0,-79.0
1777889832.7113323,1.0,-8.0,-84.0
1777889832.7213323,1.0,-10.0,-80.0
1777889832.7313323,0.0,-6.0,-79.0
1777889832.7413323,-1.0,-5.0,-66.0
1777889832.7513323,-2.0,-1.0,-70.0
1777889832.7613325,0.0,-2.0,-66.0
1777889832.7713325,-2.0,-5.0,-62.0
1777889832.7813325,-1.0,-2.0,-69.0
1777889832.7913325,-2.0,0.0,-71.0
1777889832.8013325,3.0,-1.0,-76.0
1777889832.8113325,2.0,-1.0,-82.0
1777889832.8213325,0.0,-4.0,-87.0
1777889832.8313324,-3.0,-2.0,-89.0
1777889832.8413324,-3.0,0.0,-78.0
1777889832.8513324,-1.0,-3.0,-69.0
1777889832.8613324,2.0,-4.0,-73.0
1777889832.8713324,2.0,-5.0,-75.0
1777889832.8813324,2.0,-5.0,-78.0
1777889832.8913324,2.0,-3.0,-76.0
1777889832.9013324,0.0,-3.0,-71.0
1777889832.9113324,0.0,-5.0,-66.0
1777889832.9213324,0.0,-5.0,-67.0
1777889832.9313323,-1.0,-2.0,-71.0
1777889832.9413323,0.0,-3.0,-72.0
1777889832.9513323,0.0,-2.0,-75.0
1777889832.9613323,-1.0,-2.0,-81.0
1777889832.9713323,1.0,1.0,-80.0
1777889832.9813323,0.0,1.0,-85.0
1777889832.9913323,0.0,2.0,-84.0
1777889833.0013323,0.0,4.0,-75.0
1777889833.0113325,0.0,4.0,-71.0
1777889833.0213325,2.0,4.0,-63.0
1777889833.0313325,0.0,2.0,-65.0
1777889833.0413325,0.0,0.0,-68.0
1777889833.0513325,0.0,-2.0,-72.0
1777889833.0613325,0.0,0.0,-67.0
1777889833.0713325,0.0,2.0,-69.0
1777889833.0813324,-4.0,5.0,-69.0
1777889833.0913324,-2.0,4.0,-75.0
1777889833.1013324,-5.0,9.0,-81.0
1777889833.1113324,-5.0,6.0,-85.0
1777889833.1213324,-5.0,4.0,-86.0
1777889833.1313324,0.0,3.0,-83.0
1777889833.1413324,7.0,-1.0,-78.0
1777889833.1513324,6.0,1.0,-73.0
1777889833.1613324,4.0,2.0,-76.0
1777889833.1713324,3.0,0.0,-66.0
1777889833.1813323,8.0,2.0,-63.0
1777889833.1913323,7.0,0.0,-62.0
1777889833.2013323,7.0,1.0,-64.0
1777889833.2113323,8.0,1.0,-63.0
1777889833.2213323,9.0,-2.0,-63.0
1777889833.2313323,8.0,-3.0,-59.0
1777889833.2413323,9.0,0.0,-60.0
1777889833.2513323,1.0,2.0,-66.0
1777889833.2613325,2.0,0.0,-76.0
1777889833.2713325,1.0,-1.0,-77.0
1777889833.2813325,2.0,0.0,-68.0
1777889833.2913325,2.0,-1.0,-69.0
1777889833.3013325,1.0,-2.0,-71.0
1777889833.3113325,4.0,-5.0,-72.0
1777889833.3213325,8.0,-4.0,-73.0
1777889833.3313324,9.0,-5.0,-69.0
1777889833.3413324,9.0,-1.0,-69.0
1777889833.3513324,6.0,-2.0,-68.0
1777889833.3613324,1.0,-4.0,-60.0
1777889833.3713324,-2.0,-5.0,-61.0
1777889833.3813324,-1.0,-2.0,-71.0
1777889833.3913324,0.0,0.0,-71.0
1777889833.4013324,3.0,0.0,-69.0
1777889833.4113324,4.0,-5.0,-72.0
1777889833.4213324,4.0,-4.0,-76.0
1777889833.4313323,0.0,-4.0,-74.0
1777889833.4413323,-2.0,-2.0,-75.0
1777889833.4513323,1.0,-2.0,-71.0
1777889833.4613323,-3.0,-3.0,-76.0
1777889833.4713323,0.0,-1.0,-80.0
1777889833.4813323,-3.0,0.0,-82.0
1777889833.4913323,-4.0,-1.0,-86.0
1777889833.5013323,-3.0,-4.0,-85.0
1777889833.5113325,0.0,-5.0,-84.0
1777889833.5213325,-2.0,-7.0,-82.0
1777889833.5313325,-2.0,-11.0,-78.0
1777889833.5413325,-1.0,-7.0,-81.0
1777889833.5513325,2.0,-8.0,-83.0
1777889833.5613325,2.0,-7.0,-75.0
1777889833.5713325,2.0,-7.0,-76.0
1777889833.5813324,3.0,-6.0,-72.0
1777889833.5913324,7.0,-2.0,-72.0
1777889833.6013324,11.0,0.0,-72.0
1777889833.6113324,12.0,1.0,-69.0
1777889833.6213324,11.0,-3.0,-77.0
1777889833.6313324,13.0,0.0,-77.0
1777889833.6413324,13.0,3.0,-76.0
1777889833.6513324,10.0,1.0,-77.0
1777889833.6613324,6.0,4.0,-76.0
1777889833.6713324,7.0,2.0,-78.0
1777889833.6823325,1.0,3.0,-74.0
1777889833.6923325,0.0,4.0,-72.0
1777889833.7023325,1.0,0.0,-68.0
1777889833.7113323,3.0,-4.0,-71.0
1777889833.7223325,0.0,-3.0,-71.0
1777889833.7323325,0.0,-5.0,-75.0
1777889833.7423325,4.0,-6.0,-79.0
1777889833.7523324,4.0,-8.0,-91.0
1777889833.7623324,0.0,-8.0,-90.0
1777889833.7723324,0.0,-8.0,-79.0
1777889833.7823324,-1.0,-8.0,-74.0
1777889833.7923324,0.0,-6.0,-74.0
1777889833.8023324,-1.0,-6.0,-75.0
1777889833.8123324,1.0,-5.0,-78.0
1777889833.8223324,-2.0,-5.0,-83.0
1777889833.8323324,-2.0,-6.0,-88.0
1777889833.8423324,1.0,0.0,-89.0
1777889833.8523324,0.0,0.0,-84.0
1777889833.8623323,0.0,-1.0,-92.0
1777889833.8723323,2.0,-5.0,-96.0
1777889833.8823323,4.0,-5.0,-97.0
1777889833.8923323,2.0,-7.0,-94.0
1777889833.9023323,1.0,-6.0,-97.0
1777889833.9123323,-2.0,-1.0,-94.0
1777889833.9223323,0.0,-3.0,-93.0
1777889833.9323325,1.0,-8.0,-82.0
1777889833.9423325,0.0,-9.0,-77.0
1777889833.9523325,3.0,-10.0,-68.0
1777889833.9623325,3.0,-7.0,-69.0
1777889833.9723325,2.0,-2.0,-72.0
1777889833.9823325,1.0,-2.0,-66.0
1777889833.9923325,0.0,0.0,-65.0
1777889834.0023324,-4.0,-1.0,-62.0
1777889834.0123324,0.0,-3.0,-66.0
1777889834.0223324,-1.0,-3.0,-71.0
1777889834.0323324,0.0,-6.0,-75.0
1777889834.0423324,0.0,-5.0,-73.0
1777889834.0523324,0.0,-4.0,-74.0
1777889834.0623324,0.0,-1.0,-67.0
1777889834.0723324,0.0,0.0,-71.0
1777889834.0823324,2.0,3.0,-77.0
1777889834.0923324,0.0,-1.0,-79.0
1777889834.1023324,0.0,-6.0,-79.0
1777889834.1123323,-4.0,-4.0,-71.0
1777889834.1223323,-1.0,-3.0,-66.0
1777889834.1323323,1.0,1.0,-67.0
1777889834.1423323,0.0,2.0,-63.0
1777889834.1523323,0.0,3.0,-71.0
1777889834.1623323,-5.0,3.0,-73.0
1777889834.1723323,-3.0,5.0,-74.0
1777889834.1823325,-4.0,2.0,-80.0
1777889834.1923325,0.0,1.0,-78.0
1777889834.2023325,-1.0,0.0,-77.0
1777889834.2123325,3.0,3.0,-81.0
1777889834.2223325,4.0,3.0,-86.0
1777889834.2323325,4.0,4.0,-82.0
1777889834.2423325,0.0,6.0,-76.0
1777889834.2523324,-2.0,7.0,-68.0
1777889834.2623324,-3.0,4.0,-72.0
1777889834.2723324,-4.0,4.0,-78.0
1777889834.2823324,-3.0,3.0,-79.0
1777889834.2923324,0.0,1.0,-81.0
1777889834.3023324,1.0,-1.0,-85.0
1777889834.3123324,3.0,2.0,-80.0
1777889834.3223324,3.0,2.0,-77.0
1777889834.3323324,-5.0,5.0,-73.0
1777889834.3423324,-2.0,2.0,-76.0
1777889834.3523324,-1.0,0.0,-76.0
1777889834.3623323,-2.0,0.0,-74.0
1777889834.3723323,-8.0,0.0,-71.0
1777889834.3823323,-7.0,-1.0,-70.0
1777889834.3923323,0.0,1.0,-69.0
1777889834.4023323,1.0,2.0,-71.0
1777889834.4123323,2.0,1.0,-74.0
1777889834.4223323,3.0,1.0,-73.0
1777889834.4323325,6.0,-2.0,-69.0
1777889834.4423325,4.0,-2.0,-66.0
1777889834.4523325,9.0,-3.0,-66.0
1777889834.4623325,6.0,-4.0,-71.0
1777889834.4723325,3.0,-7.0,-76.0
1777889834.4823325,1.0,-10.0,-76.0
1777889834.4923325,2.0,-6.0,-83.0
1777889834.5023324,4.0,-4.0,-84.0
1777889834.5123324,6.0,-2.0,-83.0
1777889834.5223324,8.0,0.0,-78.0
1777889834.5323324,5.0,0.0,-80.0
1777889834.5423324,4.0,0.0,-80.0
1777889834.5523324,2.0,-1.0,-75.0
1777889834.5623324,2.0,-1.0,-71.0
1777889834.5723324,2.0,0.0,-66.0
1777889834.5823324,3.0,-1.0,-70.0
1777889834.5923324,2.0,-1.0,-76.0
1777889834.6023324,2.0,0.0,-80.0
1777889834.6123323,-2.0,-1.0,-79.0
1777889834.6223323,-1.0,-2.0,-78.0
1777889834.6323323,2.0,-2.0,-77.0
1777889834.6423323,4.0,-4.0,-76.0
1777889834.6523323,-3.0,-3.0,-82.0
1777889834.6623323,-2.0,-1.0,-83.0
1777889834.6723323,-2.0,-3.0,-84.0
1777889834.6823325,-4.0,-1.0,-86.0
1777889834.6923325,-8.0,-3.0,-77.0
1777889834.7023325,-4.0,-6.0,-78.0
1777889834.7123325,0.0,-6.0,-83.0
1777889834.7223325,0.0,-5.0,-77.0
1777889834.7323325,0.0,-4.0,-68.0
1777889834.7423325,-3.0,-1.0,-75.0
1777889834.7523324,4.0,-2.0,-78.0
1777889834.7623324,7.0,-4.0,-82.0
1777889834.7723324,9.0,-2.0,-88.0
1777889834.7823324,4.0,-1.0,-83.0
1777889834.7923324,4.0,-2.0,-81.0
1777889834.8023324,4.0,0.0,-77.0
1777889834.8123324,4.0,-2.0,-82.0
1777889834.8223324,5.0,-6.0,-77.0
1777889834.8323324,1.0,-3.0,-77.0
1777889834.8423324,0.0,0.0,-78.0
1777889834.8523324,1.0,1.0,-78.0
1777889834.8623323,0.0,0.0,-70.0
1777889834.8723323,0.0,-8.0,-75.0
1777889834.8823323,-2.0,-7.0,-73.0
1777889834.8923323,4.0,-1.0,-73.0
1777889834.9023323,8.0,-1.0,-75.0
1777889834.9123323,10.0,0.0,-69.0
1777889834.9223323,15.0,1.0,-61.0
1777889834.9323325,13.0,0.0,-65.0
1777889834.9423325,8.0,-5.0,-72.0
1777889834.9523325,7.0,-5.0,-78.0
1777889834.9623325,9.0,-7.0,-74.0
1777889834.9723325,11.0,-8.0,-75.0
1777889834.9823325,12.0,-5.0,-78.0
1777889834.9923325,12.0,-6.0,-79.0
1777889835.0023324,11.0,-6.0,-76.0
1777889835.0123324,6.0,-5.0,-76.0
1777889835.0223324,7.0,-4.0,-74.0
1777889835.0323324,5.0,-3.0,-69.0
1777889835.0423324,6.0,-3.0,-67.0
1777889835.0523324,1.0,0.0,-72.0
1777889835.0623324,3.0,0.0,-74.0
1777889835.0723324,0.0,-1.0,-78.0
1777889835.0823324,0.0,-1.0,-77.0
1777889835.0923324,0.0,-2.0,-75.0
1777889835.1023324,-4.0,-2.0,-71.0
1777889835.1123323,-3.0,-4.0,-67.0
1777889835.1223323,-3.0,-7.0,-67.0
1777889835.1323323,-3.0,-6.0,-77.0
1777889835.1423323,-4.0,-1.0,-72.0
1777889835.1523323,-3.0,0.0,-71.0
1777889835.1623323,-2.0,-1.0,-69.0
1777889835.1723323,1.0,0.0,-61.0
1777889835.1823325,-2.0,-2.0,-62.0
1777889835.1923325,-1.0,-1.0,-72.0
1777889835.2023325,2.0,-5.0,-75.0
1777889835.2123325,2.0,-3.0,-77.0
1777889835.2223325,6.0,-6.0,-77.0
1777889835.2323325,4.0,-9.0,-71.0
1777889835.2423325,1.0,-10.0,-74.0
1777889835.2523324,2.0,-7.0,-77.0
1777889835.2623324,6.0,-5.0,-79.0
1777889835.2723324,6.0,-4.0,-74.0
1777889835.2823324,6.0,-1.0,-68.0
1777889835.2923324,4.0,0.0,-66.0
1777889835.3023324,1.0,0.0,-66.0
1777889835.3123324,-1.0,0.0,-66.0
1777889835.3223324,1.0,2.0,-66.0
1777889835.3323324,1.0,3.0,-62.0
1777889835.3423324,0.0,2.0,-66.0
1777889835.3523324,1.0,1.0,-72.0
1777889835.3623323,-2.0,1.0,-70.0
1777889835.3723323,0.0,0.0,-72.0
1777889835.3823323,0.0,3.0,-79.0
1777889835.3923323,2.0,3.0,-81.0
1777889835.4023323,0.0,1.0,-84.0
1777889835.4123323,3.0,2.0,-82.0
1777889835.4223323,5.0,1.0,-83.0
1777889835.4323325,2.0,-2.0,-78.0
1777889835.4423325,1.0,0.0,-81.0
1777889835.4523325,-1.0,3.0,-84.0
1777889835.4623325,0.0,0.0,-77.0
1777889835.4723325,4.0,-3.0,-79.0
1777889835.4823325,0.0,0.0,-78.0
1777889835.4923325,-3.0,-2.0,-76.0
1777889835.5023324,-8.0,0.0,-74.0
1777889835.5123324,-1.0,1.0,-76.0
1777889835.5223324,4.0,1.0,-73.0
1777889835.5323324,3.0,5.0,-70.0
1777889835.5423324,3.0,6.0,-75.0
1777889835.5523324,-2.0,1.0,-76.0
1777889835.5623324,1.0,0.0,-74.0
1777889835.5723324,2.0,1.0,-76.0
1777889835.5823324,0.0,-1.0,-75.0
1777889835.5923324,4.0,-4.0,-74.0
1777889835.6023324,4.0,-3.0,-74.0
1777889835.6123323,1.0,-5.0,-77.0
1777889835.6223323,-1.0,-7.0,-71.0
1777889835.6323323,1.0,-3.0,-70.0
1777889835.6423323,2.0,-5.0,-67.0
1777889835.6523323,-1.0,-4.0,-70.0
1777889835.6633325,-4.0,-4.0,-70.0
1777889835.6733325,-4.0,-5.0,-76.0
1777889835.6833324,1.0,-3.0,-75.0
1777889835.6933324,0.0,-2.0,-76.0
1777889835.7033324,3.0,-2.0,-82.0
1777889835.7133324,2.0,-4.0,-75.0
1777889835.7233324,0.0,0.0,-78.0
1777889835.7333324,-7.0,0.0,-86.0
1777889835.7433324,-5.0,0.0,-82.0
1777889835.7533324,2.0,0.0,-84.0
1777889835.7633324,6.0,3.0,-84.0
1777889835.7733324,6.0,7.0,-80.0
1777889835.7833323,3.0,7.0,-80.0
1777889835.7933323,1.0,7.0,-81.0
1777889835.8033323,0.0,0.0,-77.0
1777889835.8133323,1.0,-4.0,-81.0
1777889835.8233323,6.0,-1.0,-82.0
1777889835.8333323,7.0,3.0,-76.0
1777889835.8433323,5.0,2.0,-77.0
1777889835.8533323,4.0,-1.0,-72.0
1777889835.8633325,6.0,1.0,-67.0
1777889835.8733325,3.0,6.0,-69.0
1777889835.8833325,1.0,7.0,-63.0
1777889835.8933325,3.0,6.0,-66.0
1777889835.9033325,1.0,10.0,-68.0
1777889835.9133325,0.0,6.0,-74.0
1777889835.9233325,3.0,1.0,-74.0
1777889835.9333324,2.0,1.0,-77.0
1777889835.9433324,1.0,-2.0,-80.0
1777889835.9533324,0.0,-3.0,-75.0
1777889835.9633324,1.0,-3.0,-76.0
1777889835.9733324,5.0,-2.0,-76.0
1777889835.9833324,5.0,-1.0,-76.0
1777889835.9933324,4.0,-2.0,-74.0
1777889836.0033324,4.0,-4.0,-75.0
1777889836.0133324,2.0,-4.0,-70.0
1777889836.0233324,1.0,3.0,-76.0
1777889836.0333323,0.0,6.0,-70.0
1777889836.0433323,0.0,2.0,-74.0
1777889836.0533323,6.0,-2.0,-76.0
1777889836.0633323,2.0,-3.0,-69.0
1777889836.0733323,3.0,-2.0,-66.0
1777889836.0833323,3.0,-2.0,-66.0
1777889836.0933323,6.0,-1.0,-66.0
1777889836.1033323,5.0,4.0,-71.0
1777889836.1133325,5.0,3.0,-71.0
1777889836.1233325,4.0,2.0,-70.0
1777889836.1333325,8.0,3.0,-69.0
1777889836.1433325,11.0,6.0,-69.0
1777889836.1533325,8.0,4.0,-71.0
1777889836.1633325,6.0,6.0,-74.0
1777889836.1733325,5.0,5.0,-71.0
1777889836.1833324,9.0,4.0,-74.0
1777889836.1933324,7.0,0.0,-73.0
1777889836.2033324,9.0,-1.0,-72.0
1777889836.2133324,12.0,-1.0,-73.0
1777889836.2233324,16.0,-3.0,-77.0
1777889836.2333324,10.0,-3.0,-78.0
1777889836.2433324,8.0,0.0,-77.0
1777889836.2533324,8.0,-1.0,-82.0
1777889836.2633324,8.0,-3.0,-81.0
1777889836.2733324,4.0,-4.0,-80.0
1777889836.2833323,1.0,0.0,-78.0
1777889836.2933323,3.0,-2.0,-77.0
1777889836.3033323,9.0,-1.0,-71.0
1777889836.3133323,6.0,2.0,-72.0
1777889836.3233323,6.0,0.0,-74.0
1777889836.3333323,6.0,0.0,-76.0
1777889836.3433323,7.0,1.0,-70.0
1777889836.3533323,6.0,1.0,-68.0
1777889836.3633325,4.0,3.0,-71.0
1777889836.3733325,3.0,0.0,-78.0
1777889836.3833325,1.0,-3.0,-82.0
1777889836.3933325,0.0,-2.0,-86.0
1777889836.4033325,-3.0,-3.0,-81.0
1777889836.4133325,0.0,-3.0,-82.0
1777889836.4233325,0.0,-1.0,-81.0
1777889836.4333324,4.0,-2.0,-84.0
1777889836.4433324,6.0,2.0,-79.0
1777889836.4533324,6.0,3.0,-79.0
1777889836.4633324,3.0,1.0,-73.0
1777889836.4733324,4.0,0.0,-75.0
1777889836.4833324,4.0,0.0,-76.0
1777889836.4933324,1.0,0.0,-81.0
1777889836.5033324,3.0,3.0,-77.0
1777889836.5133324,6.0,1.0,-76.0
1777889836.5233324,5.0,5.0,-74.0
1777889836.5333323,3.0,8.0,-73.0
1777889836.5433323,2.0,7.0,-77.0
1777889836.5533323,5.0,6.0,-71.0
1777889836.5633323,5.0,2.0,-72.0
1777889836.5733323,3.0,6.0,-72.0
1777889836.5833323,0.0,7.0,-71.0
1777889836.5933323,1.0,8.0,-72.0
1777889836.6033323,4.0,9.0,-75.0
1777889836.6133325,9.0,7.0,-84.0
1777889836.6233325,6.0,6.0,-92.0
1777889836.6333325,9.0,5.0,-83.0
1777889836.6433325,8.0,5.0,-74.0
1777889836.6533325,7.0,2.0,-76.0
1777889836.6633325,5.0,3.0,-76.0
1777889836.6733325,3.0,3.0,-69.0
1777889836.6833324,3.0,0.0,-70.0
1777889836.6933324,3.0,-3.0,-75.0
1777889836.7033324,5.0,0.0,-71.0
1777889836.7133324,3.0,0.0,-71.0
1777889836.7233324,-1.0,0.0,-75.0
1777889836.7333324,1.0,0.0,-79.0
1777889836.7433324,1.0,-4.0,-75.0
1777889836.7533324,-2.0,-2.0,-77.0
1777889836.7633324,-6.0,-3.0,-75.0
1777889836.7733324,-1.0,-4.0,-74.0
1777889836.7833323,2.0,-5.0,-76.0
1777889836.7933323,2.0,-3.0,-82.0
1777889836.8033323,5.0,0.0,-84.0
1777889836.8133323,6.0,0.0,-87.0
1777889836.8233323,3.0,1.0,-91.0
1777889836.8333323,2.0,0.0,-82.0
1777889836.8433323,2.0,-1.0,-72.0
1777889836.8533323,3.0,-2.0,-67.0
1777889836.8633325,-3.0,-5.0,-70.0
1777889836.8733325,-1.0,-4.0,-73.0
1777889836.8833325,-2.0,-5.0,-78.0
1777889836.8933325,-6.0,-7.0,-76.0
1777889836.9033325,-7.0,-4.0,-77.0
1777889836.9133325,-9.0,-6.0,-80.0
1777889836.9233325,-6.0,-2.0,-74.0
1777889836.9333324,-1.0,2.0,-77.0
1777889836.9433324,-3.0,5.0,-80.0
1777889836.9533324,-4.0,2.0,-76.0
1777889836.9633324,-1.0,3.0,-77.0
1777889836.9733324,-3.0,6.0,-76.0
1777889836.9833324,-8.0,1.0,-73.0
1777889836.9933324,-3.0,1.0,-72.0
1777889837.0033324,0.0,-2.0,-78.0
1777889837.0133324,-1.0,0.0,-84.0
1777889837.0233324,-1.0,-1.0,-76.0
1777889837.0333323,1.0,-1.0,-79.0
1777889837.0433323,2.0,-1.0,-79.0
1777889837.0533323,0.0,0.0,-72.0
1777889837.0633323,-4.0,-1.0,-73.0
1777889837.0733323,-5.0,0.0,-75.0
1777889837.0833323,-4.0,-3.0,-71.0
1777889837.0933323,0.0,-2.0,-70.0
1777889837.1033323,0.0,-2.0,-70.0
1777889837.1133325,-3.0,-2.0,-78.0
1777889837.1233325,-1.0,-2.0,-77.0
1777889837.1333325,-1.0,1.0,-79.0
1777889837.1433325,0.0,0.0,-78.0
1777889837.1533325,-2.0,0.0,-80.0
1777889837.1633325,-2.0,0.0,-78.0
1777889837.1733325,2.0,1.0,-69.0
1777889837.1833324,-3.0,2.0,-67.0
1777889837.1933324,-2.0,4.0,-70.0
1777889837.2033324,0.0,1.0,-74.0
1777889837.2133324,0.0,1.0,-82.0
1777889837.2233324,4.0,3.0,-80.0
1777889837.2333324,2.0,6.0,-75.0
1777889837.2433324,2.0,5.0,-69.0
1777889837.2533324,1.0,1.0,-76.0
1777889837.2633324,5.0,-2.0,-75.0
1777889837.2733324,4.0,-2.0,-77.0
1777889837.2833323,4.0,-5.0,-70.0
1777889837.2933323,8.0,-7.0,-75.0
1777889837.3033323,8.0,-3.0,-74.0
1777889837.3133323,3.0,-3.0,-69.0
1777889837.3233323,5.0,-4.0,-70.0
1777889837.3333323,5.0,-7.0,-77.0
1777889837.3433323,6.0,-5.0,-76.0
1777889837.3533323,2.0,-1.0,-84.0
1777889837.3633325,0.0,-1.0,-89.0
1777889837.3733325,0.0,1.0,-90.0
1777889837.3833325,-1.0,2.0,-86.0
1777889837.3933325,-2.0,3.0,-83.0
1777889837.4033325,1.0,1.0,-86.0
1777889837.4133325,0.0,0.0,-79.0
1777889837.4233325,0.0,1.0,-72.0
1777889837.4333324,1.0,0.0,-68.0
1777889837.4433324,6.0,1.0,-67.0
1777889837.4533324,8.0,2.0,-72.0
1777889837.4633324,9.0,1.0,-68.0
1777889837.4733324,10.0,0.0,-68.0
1777889837.4833324,4.0,-6.0,-68.0
1777889837.4933324,3.0,-5.0,-72.0
1777889837.5033324,-2.0,-5.0,-78.0
1777889837.5133324,-1.0,-3.0,-79.0
1777889837.5233324,-1.0,0.0,-79.0
1777889837.5333323,-1.0,3.0,-73.0
1777889837.5433323,0.0,4.0,-77.0
1777889837.5533323,3.0,3.0,-74.0
1777889837.5633323,0.0,0.0,-73.0
1777889837.5733323,3.0,-2.0,-71.0
1777889837.5833323,7.0,-5.0,-70.0
1777889837.5933323,3.0,-8.0,-73.0
1777889837.6033323,5.0,-9.0,-76.0
1777889837.6133325,4.0,-4.0,-74.0
1777889837.6233325,6.0,0.0,-70.0
1777889837.6343324,9.0,0.0,-74.0
1777889837.6443324,7.0,-2.0,-71.0
1777889837.6543324,6.0,-1.0,-66.0
1777889837.6643324,1.0,-3.0,-65.0
1777889837.6743324,4.0,-1.0,-70.0
1777889837.6843324,4.0,-2.0,-74.0
1777889837.6943324,4.0,0.0,-83.0
1777889837.7043324,-2.0,0.0,-83.0
1777889837.7143323,-3.0,-1.0,-81.0
1777889837.7243323,-4.0,-1.0,-77.0
1777889837.7343323,0.0,-1.0,-77.0
1777889837.7443323,1.0,-1.0,-75.0
1777889837.7543323,8.0,0.0,-80.0
1777889837.7643323,8.0,0.0,-76.0
1777889837.7743323,5.0,-3.0,-71.0
1777889837.7843325,4.0,-6.0,-75.0
1777889837.7943325,3.0,-1.0,-80.0
1777889837.8043325,7.0,-2.0,-73.0
1777889837.8143325,7.0,-7.0,-76.0
1777889837.8243325,0.0,-6.0,-81.0
1777889837.8343325,-3.0,-4.0,-75.0
1777889837.8443325,-3.0,-5.0,-77.0
1777889837.8543324,-4.0,-6.0,-76.0
1777889837.8643324,0.0,-5.0,-80.0
1777889837.8743324,4.0,-5.0,-75.0
1777889837.8843324,4.0,-6.0,-68.0
1777889837.8943324,0.0,-6.0,-60.0
1777889837.9043324,-2.0,-3.0,-67.0
1777889837.9143324,0.0,0.0,-65.0
1777889837.9243324,-1.0,-2.0,-73.0
1777889837.9343324,0.0,-3.0,-72.0
1777889837.9443324,-3.0,0.0,-69.0
1777889837.9543324,-2.0,-4.0,-69.0
1777889837.9643323,2.0,-7.0,-67.0
1777889837.9743323,3.0,-8.0,-62.0
1777889837.9843323,2.0,1.0,-63.0
1777889837.9943323,0.0,0.0,-60.0
1777889838.0043323,4.0,-2.0,-62.0
1777889838.0143323,6.0,0.0,-74.0
1777889838.0243323,4.0,1.0,-74.0
1777889838.0343325,1.0,-3.0,-76.0
1777889838.0443325,0.0,-3.0,-74.0
1777889838.0543325,-1.0,-4.0,-77.0
1777889838.0643325,1.0,-6.0,-79.0
1777889838.0743325,3.0,-6.0,-82.0
1777889838.0843325,0.0,-8.0,-88.0
1777889838.0943325,-8.0,-5.0,-83.0
1777889838.1043324,-9.0,-7.0,-81.0
1777889838.1143324,0.0,-7.0,-77.0
1777889838.1243324,1.0,-9.0,-70.0
1777889838.1343324,-2.0,-9.0,-65.0
1777889838.1443324,-1.0,-10.0,-71.0
1777889838.1543324,0.0,-12.0,-73.0
1777889838.1643324,3.0,-12.0,-71.0
1777889838.1743324,3.0,-8.0,-68.0
1777889838.1843324,4.0,-9.0,-68.0
1777889838.1943324,8.0,-10.0,-74.0
1777889838.2043324,8.0,-14.0,-70.0
1777889838.2143323,6.0,-13.0,-66.0
1777889838.2243323,0.0,-13.0,-66.0
1777889838.2343323,1.0,-11.0,-72.0
1777889838.2443323,0.0,-6.0,-72.0
1777889838.2543323,-3.0,-4.0,-75.0
1777889838.2643323,-2.0,-7.0,-77.0
1777889838.2743323,-3.0,-4.0,-80.0
1777889838.2843325,0.0,-3.0,-79.0
1777889838.2943325,-2.0,-2.0,-78.0
1777889838.3043325,-1.0,0.0,-73.0
1777889838.3143325,-3.0,4.0,-71.0
1777889838.3243325,-1.0,3.0,-74.0
1777889838.3343325,2.0,0.0,-72.0
1777889838.3443325,2.0,-3.0,-75.0
1777889838.3543324,3.0,-2.0,-76.0
1777889838.3643324,4.0,-1.0,-70.0
1777889838.3743324,1.0,-2.0,-70.0
1777889838.3843324,1.0,-1.0,-68.0
1777889838.3943324,2.0,-1.0,-58.0
1777889838.4043324,4.0,-5.0,-61.0
1777889838.4143324,5.0,-4.0,-62.0
1777889838.4243324,6.0,-2.0,-57.0
1777889838.4343324,3.0,-1.0,-60.0
1777889838.4443324,7.0,1.0,-64.0
1777889838.4543324,7.0,2.0,-64.0
1777889838.4643323,12.0,3.0,-69.0
1777889838.4743323,13.0,1.0,-73.0
1777889838.4843323,11.0,6.0,-82.0
1777889838.4943323,7.0,7.0,-88.0
1777889838.5043323,3.0,1.0,-84.0
1777889838.5143323,2.0,-1.0,-80.0
1777889838.5243323,4.0,0.0,-79.0
1777889838.5343325,6.0,0.0,-75.0
1777889838.5443325,4.0,-1.0,-75.0
1777889838.5543325,3.0,-1.0,-76.0
1777889838.5643325,5.0,-1.0,-80.0
1777889838.5743325,1.0,-1.0,-80.0
1777889838.5843325,2.0,0.0,-78.0
1777889838.5943325,0.0,2.0,-77.0
1777889838.6043324,0.0,2.0,-79.0
1777889838.6143324,0.0,2.0,-81.0
1777889838.6243324,-7.0,1.0,-81.0
1777889838.6343324,-3.0,1.0,-81.0
1777889838.6443324,0.0,0.0,-80.0
1777889838.6543324,3.0,1.0,-80.0
1777889838.6643324,2.0,-2.0,-82.0
1777889838.6743324,-1.0,-1.0,-80.0
1777889838.6843324,2.0,-10.0,-83.0
1777889838.6943324,3.0,-9.0,-83.0
1777889838.7043324,-2.0,-3.0,-83.0
1777889838.7143323,0.0,-6.0,-75.0
1777889838.7243323,0.0,-8.0,-78.0
1777889838.7343323,6.0,-9.0,-76.0
1777889838.7443323,4.0,-12.0,-78.0
1777889838.7543323,7.0,-10.0,-80.0
1777889838.7643323,11.0,-9.0,-78.0
1777889838.7743323,13.0,3.0,-79.0
1777889838.7843325,13.0,4.0,-73.0
1777889838.7943325,14.0,1.0,-77.0
1777889838.8043325,10.0,1.0,-73.0
1777889838.8143325,9.0,0.0,-76.0
1777889838.8243325,2.0,1.0,-72.0
1777889838.8343325,1.0,0.0,-71.0
1777889838.8443325,7.0,-2.0,-66.0
1777889838.8543324,6.0,-10.0,-66.0
1777889838.8643324,4.0,-9.0,-68.0
1777889838.8743324,5.0,-8.0,-68.0
1777889838.8843324,4.0,-5.0,-69.0
1777889838.8943324,-4.0,0.0,-63.0
1777889838.9043324,0.0,1.0,-66.0
1777889838.9143324,0.0,2.0,-72.0
1777889838.9243324,-1.0,0.0,-74.0
1777889838.9343324,0.0,-2.0,-72.0
1777889838.9443324,-1.0,-5.0,-75.0
1777889838.9543324,0.0,-8.0,-65.0
1777889838.9643323,0.0,-7.0,-67.0
1777889838.9743323,0.0,-7.0,-80.0
1777889838.9843323,-3.0,-5.0,-80.0
1777889838.9943323,2.0,-2.0,-76.0
1777889839.0043323,8.0,-1.0,-75.0
1777889839.0143323,8.0,0.0,-73.0
1777889839.0243323,9.0,-2.0,-69.0
1777889839.0343325,10.0,-1.0,-74.0
1777889839.0443325,11.0,0.0,-66.0
1777889839.0543325,7.0,6.0,-68.0
1777889839.0643325,0.0,3.0,-64.0
1777889839.0743325,-1.0,3.0,-66.0
1777889839.0843325,-3.0,3.0,-70.0
1777889839.0943325,-1.0,1.0,-69.0
1777889839.1043324,-1.0,3.0,-75.0
1777889839.1143324,-2.0,3.0,-74.0
1777889839.1243324,-3.0,4.0,-79.0
1777889839.1343324,-8.0,3.0,-85.0
1777889839.1443324,-4.0,3.0,-85.0
1777889839.1543324,-7.0,2.0,-86.0
1777889839.1643324,-2.0,1.0,-81.0
1777889839.1743324,-5.0,3.0,-79.0
1777889839.1843324,-6.0,5.0,-72.0
1777889839.1943324,-2.0,-2.0,-69.0
1777889839.2043324,-3.0,-3.0,-69.0
1777889839.2143323,1.0,-6.0,-75.0
1777889839.2243323,3.0,-2.0,-78.0
1777889839.2343323,3.0,1.0,-81.0
1777889839.2443323,0.0,-1.0,-87.0
1777889839.2543323,-2.0,0.0,-94.0
1777889839.2643323,-1.0,1.0,-90.0
1777889839.2753325,0.0,1.0,-87.0
1777889839.2843325,1.0,1.0,-86.0
1777889839.2943325,4.0,4.0,-88.0
1777889839.3043325,7.0,9.0,-92.0
1777889839.3143325,4.0,6.0,-93.0
1777889839.3243325,-2.0,1.0,-90.0
1777889839.3343325,-6.0,3.0,-91.0
1777889839.3443325,0.0,2.0,-85.0
1777889839.3543324,2.0,0.0,-84.0
1777889839.3643324,5.0,0.0,-80.0
1777889839.3743324,6.0,-3.0,-79.0
1777889839.3843324,2.0,-7.0,-77.0
1777889839.3943324,0.0,-5.0,-76.0
1777889839.4043324,-3.0,-4.0,-72.0
1777889839.4143324,-3.0,1.0,-69.0
1777889839.4243324,-3.0,1.0,-70.0
1777889839.4343324,1.0,0.0,-66.0
1777889839.4443324,2.0,-2.0,-62.0
1777889839.4543324,0.0,-2.0,-60.0
1777889839.4643323,3.0,-3.0,-63.0
1777889839.4743323,2.0,-3.0,-63.0
1777889839.4843323,3.0,-3.0,-70.0
1777889839.4943323,2.0,-2.0,-69.0
1777889839.5043323,-1.0,-3.0,-73.0
1777889839.5143323,-1.0,1.0,-74.0
1777889839.5243323,0.0,-3.0,-78.0
1777889839.5343325,-1.0,-6.0,-75.0
1777889839.5443325,-1.0,-4.0,-73.0
1777889839.5543325,-4.0,0.0,-79.0
1777889839.5643325,-2.0,2.0,-76.0
1777889839.5743325,0.0,2.0,-77.0
1777889839.5843325,7.0,-1.0,-77.0
1777889839.5953324,8.0,-3.0,-75.0
1777889839.6043324,6.0,-4.0,-69.0
1777889839.6153324,1.0,-6.0,-74.0
1777889839.6243324,0.0,-5.0,-82.0
1777889839.6343324,-2.0,-12.0,-81.0
1777889839.6453323,1.0,-11.0,-85.0
1777889839.6553323,2.0,-3.0,-86.0
1777889839.6653323,-2.0,-7.0,-89.0
1777889839.6753323,2.0,-8.0,-90.0
1777889839.6853323,2.0,-8.0,-90.0
1777889839.6953323,0.0,-3.0,-88.0
1777889839.7053325,1.0,-3.0,-83.0
1777889839.7153325,0.0,0.0,-79.0
1777889839.7253325,0.0,2.0,-74.0
1777889839.7353325,0.0,4.0,-67.0
1777889839.7453325,2.0,6.0,-73.0
1777889839.7553325,0.0,0.0,-74.0
1777889839.7653325,2.0,-2.0,-78.0
1777889839.7753325,2.0,-7.0,-77.0
1777889839.7853324,6.0,-5.0,-82.0
1777889839.7953324,6.0,-3.0,-90.0
1777889839.8053324,2.0,-1.0,-93.0
1777889839.8153324,0.0,-5.0,-94.0
1777889839.8253324,5.0,-2.0,-89.0
1777889839.8353324,0.0,1.0,-84.0
1777889839.8453324,3.0,1.0,-90.0
1777889839.8553324,7.0,1.0,-88.0
1777889839.8653324,4.0,2.0,-84.0
1777889839.8753324,2.0,2.0,-75.0
1777889839.8853323,4.0,0.0,-72.0
1777889839.8953323,2.0,-3.0,-70.0
1777889839.9053323,0.0,-2.0,-72.0
1777889839.9153323,-4.0,-3.0,-70.0
1777889839.9253323,-3.0,-3.0,-78.0
1777889839.9353323,0.0,-4.0,-76.0
1777889839.9453323,4.0,-3.0,-78.0
1777889839.9553325,6.0,-1.0,-79.0
1777889839.9653325,4.0,-3.0,-76.0
1777889839.9753325,5.0,-6.0,-78.0
1777889839.9853325,0.0,-4.0,-83.0
1777889839.9953325,2.0,-4.0,-85.0
1777889840.0053325,4.0,-5.0,-84.0
1777889840.0153325,1.0,-7.0,-79.0
1777889840.0253325,-1.0,-7.0,-79.0
1777889840.0353324,-4.0,-7.0,-73.0
1777889840.0453324,-1.0,-10.0,-73.0
1777889840.0553324,0.0,-9.0,-70.0
1777889840.0653324,2.0,-6.0,-73.0
1777889840.0753324,4.0,-7.0,-74.0
1777889840.0853324,6.0,-4.0,-67.0
1777889840.0953324,11.0,-2.0,-62.0
1777889840.1053324,12.0,-1.0,-68.0
1777889840.1153324,11.0,-1.0,-73.0
1777889840.1253324,11.0,-3.0,-73.0
1777889840.1353323,10.0,-7.0,-71.0
1777889840.1453323,7.0,-6.0,-72.0
1777889840.1553323,8.0,-6.0,-72.0
1777889840.1653323,5.0,-4.0,-74.0
1777889840.1753323,6.0,-4.0,-74.0
1777889840.1853323,2.0,-4.0,-74.0
1777889840.1953323,4.0,0.0,-70.0
1777889840.2053325,4.0,0.0,-73.0
1777889840.2153325,4.0,-1.0,-74.0
1777889840.2253325,2.0,0.0,-72.0
1777889840.2353325,4.0,4.0,-74.0
1777889840.2453325,4.0,3.0,-75.0
1777889840.2553325,2.0,2.0,-74.0
1777889840.2653325,0.0,-2.0,-75.0
1777889840.2753325,-2.0,-2.0,-79.0
1777889840.2853324,0.0,2.0,-76.0
1777889840.2953324,0.0,0.0,-72.0
1777889840.3053324,3.0,-5.0,-77.0
1777889840.3153324,10.0,-4.0,-81.0
1777889840.3253324,9.0,-8.0,-74.0
1777889840.3353324,5.0,-9.0,-74.0
1777889840.3453324,5.0,-4.0,-80.0
1777889840.3553324,3.0,-4.0,-80.0
1777889840.3653324,3.0,0.0,-70.0
1777889840.3753324,3.0,0.0,-69.0
1777889840.3853323,1.0,0.0,-65.0
1777889840.3953323,1.0,-3.0,-63.0
1777889840.4053323,3.0,-3.0,-65.0
1777889840.4153323,1.0,-5.0,-66.0
1777889840.4253323,0.0,-2.0,-70.0
1777889840.4353323,-2.0,-4.0,-76.0
1777889840.4453323,-3.0,-4.0,-79.0
1777889840.4553325,0.0,-11.0,-80.0
1777889840.4653325,0.0,-5.0,-78.0
1777889840.4753325,-2.0,-1.0,-77.0
1777889840.4853325,1.0,-2.0,-77.0
1777889840.4953325,3.0,0.0,-81.0
1777889840.5053325,4.0,-1.0,-80.0
1777889840.5153325,4.0,-6.0,-74.0
1777889840.5253325,3.0,-4.0,-70.0
1777889840.5353324,0.0,-4.0,-74.0
1777889840.5453324,0.0,-6.0,-78.0
1777889840.5553324,-1.0,-1.0,-79.0
1777889840.5653324,0.0,-2.0,-70.0
1777889840.5753324,4.0,1.0,-71.0
1777889840.5853324,0.0,4.0,-79.0
1777889840.5953324,0.0,3.0,-83.0
1777889840.6053324,0.0,1.0,-84.0
1777889840.6153324,1.0,-2.0,-84.0
1777889840.6253324,4.0,-3.0,-86.0
1777889840.6353323,4.0,-2.0,-85.0
1777889840.6453323,1.0,0.0,-93.0
1777889840.6553323,-1.0,0.0,-93.0
1777889840.6653323,-1.0,-2.0,-86.0
1777889840.6753323,0.0,1.0,-88.0
1777889840.6853323,1.0,2.0,-83.0
1777889840.6953323,-3.0,4.0,-78.0
1777889840.7053325,-2.0,3.0,-77.0
1777889840.7153325,0.0,0.0,-82.0
1777889840.7253325,1.0,0.0,-87.0
1777889840.7353325,-2.0,1.0,-87.0
1777889840.7453325,-1.0,0.0,-87.0
1777889840.7553325,-1.0,0.0,-81.0
1777889840.7653325,-1.0,-2.0,-80.0
1777889840.7753325,0.0,-1.0,-75.0
1777889840.7853324,0.0,0.0,-72.0
1777889840.7953324,-3.0,0.0,-65.0
1777889840.8053324,-1.0,0.0,-64.0
1777889840.8153324,-4.0,-1.0,-71.0
1777889840.8253324,-4.0,0.0,-70.0
1777889840.8353324,-1.0,3.0,-72.0
1777889840.8453324,-2.0,1.0,-74.0
1777889840.8553324,0.0,0.0,-81.0
1777889840.8653324,1.0,4.0,-82.0
1777889840.8753324,0.0,3.0,-82.0
1777889840.8853323,0.0,3.0,-84.0
1777889840.8953323,0.0,2.0,-92.0
1777889840.9053323,0.0,4.0,-95.0
1777889840.9153323,-4.0,2.0,-96.0
1777889840.9253323,-1.0,3.0,-90.0
1777889840.9353323,-6.0,0.0,-95.0
1777889840.9453323,-3.0,-2.0,-95.0
1777889840.9553325,-2.0,-1.0,-91.0
1777889840.9653325,-4.0,-6.0,-85.0
1777889840.9753325,-2.0,-4.0,-79.0
1777889840.9853325,0.0,-3.0,-71.0
1777889840.9953325,2.0,3.0,-74.0
1777889841.0053325,3.0,2.0,-75.0
1777889841.0153325,2.0,0.0,-78.0
1777889841.0253325,1.0,-3.0,-78.0
1777889841.0353324,0.0,0.0,-76.0
1777889841.0453324,0.0,-3.0,-76.0
1777889841.0553324,0.0,-4.0,-73.0
1777889841.0653324,-1.0,-5.0,-68.0
1777889841.0753324,0.0,-4.0,-69.0
1777889841.0853324,6.0,-3.0,-73.0
1777889841.0953324,8.0,-2.0,-79.0
1777889841.1053324,5.0,0.0,-84.0
1777889841.1153324,8.0,-1.0,-83.0
1777889841.1253324,9.0,0.0,-87.0
1777889841.1353323,6.0,0.0,-85.0
1777889841.1453323,2.0,-4.0,-85.0
1777889841.1553323,4.0,-2.0,-82.0
1777889841.1653323,6.0,-3.0,-81.0
1777889841.1753323,2.0,-3.0,-82.0
1777889841.1853323,2.0,-7.0,-72.0
1777889841.1953323,1.0,-6.0,-65.0
1777889841.2053325,0.0,-7.0,-74.0
1777889841.2153325,-1.0,-4.0,-73.0
1777889841.2253325,0.0,0.0,-74.0
1777889841.2353325,-1.0,1.0,-77.0
1777889841.2453325,0.0,-1.0,-73.0
1777889841.2553325,2.0,-3.0,-80.0
1777889841.2653325,0.0,-5.0,-81.0
1777889841.2753325,0.0,-4.0,-81.0
1777889841.2853324,4.0,-1.0,-80.0
1777889841.2953324,5.0,0.0,-76.0
1777889841.3053324,5.0,1.0,-76.0
1777889841.3153324,2.0,0.0,-73.0
1777889841.3253324,0.0,-1.0,-72.0
1777889841.3353324,-5.0,2.0,-75.0
1777889841.3453324,-6.0,-2.0,-69.0
1777889841.3553324,-1.0,-2.0,-68.0
1777889841.3653324,1.0,-1.0,-70.0
1777889841.3753324,2.0,-1.0,-73.0
1777889841.3853323,8.0,0.0,-72.0
1777889841.3953323,7.0,0.0,-73.0
1777889841.4053323,5.0,-1.0,-73.0
1777889841.4153323,3.0,-5.0,-70.0
1777889841.4253323,5.0,0.0,-73.0
1777889841.4353323,8.0,-1.0,-69.0
1777889841.4453323,5.0,-2.0,-69.0
1777889841.4553325,5.0,-2.0,-73.0
1777889841.4653325,3.0,0.0,-69.0
1777889841.4753325,2.0,3.0,-70.0
1777889841.4853325,0.0,3.0,-77.0
1777889841.4953325,-3.0,-2.0,-82.0
1777889841.5053325,-4.0,-2.0,-77.0
1777889841.5153325,-2.0,-1.0,-71.0
1777889841.5253325,-6.0,2.0,-72.0
1777889841.5353324,-4.0,-2.0,-73.0
1777889841.5453324,-1.0,-6.0,-72.0
1777889841.5553324,1.0,-6.0,-66.0
1777889841.5653324,0.0,-8.0,-69.0
1777889841.5753324,4.0,-5.0,-65.0
1777889841.5853324,10.0,-4.0,-67.0
1777889841.5963323,9.0,-6.0,-68.0
1777889841.6063323,6.0,-1.0,-76.0
1777889841.6163323,1.0,-1.0,-80.0
1777889841.6263323,2.0,-2.0,-75.0
1777889841.6363325,3.0,-3.0,-80.0
1777889841.6463325,2.0,-2.0,-85.0
1777889841.6563325,3.0,-4.0,-84.0
1777889841.6663325,1.0,-6.0,-81.0
1777889841.6763325,-1.0,-5.0,-82.0
1777889841.6863325,0.0,-6.0,-82.0
1777889841.6963325,-1.0,-4.0,-69.0
1777889841.7063324,0.0,-4.0,-65.0
1777889841.7163324,0.0,-2.0,-69.0
1777889841.7263324,1.0,0.0,-71.0
1777889841.7363324,5.0,0.0,-70.0
1777889841.7463324,8.0,1.0,-69.0
1777889841.7563324,7.0,-4.0,-66.0
1777889841.7663324,4.0,-4.0,-70.0
1777889841.7763324,7.0,-1.0,-74.0
1777889841.7863324,5.0,-4.0,-68.0
1777889841.7963324,9.0,3.0,-69.0
1777889841.8063323,11.0,2.0,-75.0
1777889841.8163323,7.0,1.0,-68.0
1777889841.8263323,6.0,1.0,-71.0
1777889841.8363323,4.0,1.0,-70.0
1777889841.8463323,4.0,1.0,-72.0
1777889841.8563323,-2.0,-1.0,-68.0
1777889841.8663323,2.0,-2.0,-64.0
1777889841.8763323,3.0,-2.0,-68.0
1777889841.8863325,3.0,-2.0,-73.0
1777889841.8963325,1.0,-3.0,-73.0
1777889841.9063325,4.0,-7.0,-80.0
1777889841.9163325,4.0,-5.0,-81.0
1777889841.9263325,7.0,-7.0,-82.0
1777889841.9363325,6.0,-4.0,-78.0
1777889841.9463325,6.0,-7.0,-75.0
1777889841.9563324,4.0,-4.0,-74.0
1777889841.9663324,2.0,-3.0,-70.0
1777889841.9763324,3.0,0.0,-70.0
1777889841.9863324,0.0,1.0,-69.0
1777889841.9963324,0.0,1.0,-74.0
1777889842.0063324,4.0,3.0,-77.0
1777889842.0163324,0.0,6.0,-74.0
1777889842.0263324,1.0,3.0,-74.0
1777889842.0363324,0.0,0.0,-72.0
1777889842.0463324,1.0,2.0,-71.0
1777889842.0563323,0.0,3.0,-67.0
1777889842.0663323,-2.0,4.0,-67.0
1777889842.0763323,-5.0,2.0,-66.0
1777889842.0863323,-9.0,0.0,-59.0
1777889842.0963323,-7.0,-1.0,-63.0
1777889842.1063323,-7.0,0.0,-59.0
1777889842.1163323,-6.0,0.0,-66.0
1777889842.1263323,-6.0,-1.0,-64.0
1777889842.1363325,-4.0,-3.0,-63.0
1777889842.1463325,-1.0,-3.0,-61.0
1777889842.1563325,2.0,-2.0,-72.0
1777889842.1663325,8.0,0.0,-70.0
1777889842.1763325,10.0,-5.0,-70.0
1777889842.1863325,8.0,-4.0,-68.0
1777889842.1963325,2.0,-3.0,-70.0
1777889842.2063324,3.0,-3.0,-74.0
1777889842.2163324,3.0,-1.0,-75.0
1777889842.2263324,2.0,-1.0,-78.0
1777889842.2363324,4.0,-2.0,-79.0
1777889842.2463324,5.0,-5.0,-81.0
1777889842.2563324,3.0,-7.0,-82.0
1777889842.2663324,4.0,-2.0,-79.0
1777889842.2763324,3.0,-2.0,-79.0
1777889842.2863324,0.0,-3.0,-73.0
1777889842.2963324,-5.0,-2.0,-73.0
1777889842.3063323,2.0,-6.0,-79.0
1777889842.3163323,3.0,-7.0,-75.0
1777889842.3263323,4.0,-8.0,-77.0
1777889842.3363323,0.0,-9.0,-74.0
1777889842.3463323,0.0,-8.0,-80.0
1777889842.3563323,-4.0,-7.0,-77.0
1777889842.3663323,-5.0,-3.0,-78.0
1777889842.3763323,-1.0,2.0,-78.0
1777889842.3863325,0.0,4.0,-74.0
1777889842.3963325,-2.0,8.0,-72.0
1777889842.4063325,-5.0,8.0,-72.0
1777889842.4163325,-2.0,6.0,-75.0
1777889842.4263325,1.0,4.0,-75.0
1777889842.4363325,1.0,4.0,-70.0
1777889842.4463325,1.0,1.0,-68.0
1777889842.4563324,0.0,0.0,-66.0
1777889842.4663324,-4.0,2.0,-68.0
1777889842.4763324,-6.0,2.0,-76.0
1777889842.4863324,-5.0,1.0,-74.0
1777889842.4963324,-3.0,-3.0,-80.0
1777889842.5063324,0.0,-4.0,-82.0
1777889842.5163324,1.0,-3.0,-81.0
1777889842.5263324,1.0,-4.0,-93.0
1777889842.5363324,-1.0,2.0,-97.0
1777889842.5463324,-5.0,4.0,-90.0
1777889842.5563323,-7.0,5.0,-88.0
1777889842.5663323,-9.0,0.0,-90.0
1777889842.5763323,-8.0,0.0,-85.0
1777889842.5863323,-8.0,0.0,-84.0
1777889842.5963323,-6.0,0.0,-82.0
1777889842.6063323,-10.0,1.0,-80.0
1777889842.6163323,-8.0,6.0,-74.0
1777889842.6263323,-3.0,4.0,-74.0
1777889842.6363325,0.0,-1.0,-76.0
1777889842.6463325,1.0,-1.0,-74.0
1777889842.6563325,5.0,-1.0,-73.0
1777889842.6663325,5.0,-3.0,-68.0
1777889842.6763325,2.0,0.0,-69.0
1777889842.6863325,0.0,4.0,-70.0
1777889842.6963325,-2.0,3.0,-71.0
1777889842.7063324,-2.0,1.0,-76.0
1777889842.7163324,-7.0,0.0,-79.0
1777889842.7263324,-10.0,2.0,-76.0
1777889842.7363324,-4.0,2.0,-70.0
1777889842.7463324,0.0,1.0,-73.0
1777889842.7563324,2.0,0.0,-74.0
1777889842.7663324,0.0,-3.0,-76.0
1777889842.7763324,3.0,0.0,-77.0
1777889842.7863324,0.0,1.0,-80.0
1777889842.7963324,-3.0,2.0,-76.0
1777889842.8063323,1.0,4.0,-72.0
1777889842.8163323,2.0,0.0,-68.0
1777889842.8263323,4.0,0.0,-65.0
1777889842.8363323,2.0,3.0,-59.0
1777889842.8463323,-1.0,3.0,-58.0
1777889842.8563323,-3.0,0.0,-62.0
1777889842.8663323,-4.0,-3.0,-69.0
1777889842.8763323,-2.0,-2.0,-75.0
1777889842.8863325,-2.0,0.0,-77.0
1777889842.8963325,-2.0,-5.0,-76.0
1777889842.9063325,1.0,-6.0,-70.0
1777889842.9163325,5.0,-2.0,-71.0
1777889842.9263325,4.0,-4.0,-79.0
1777889842.9363325,-2.0,0.0,-83.0
1777889842.9463325,-1.0,1.0,-72.0
1777889842.9563324,1.0,0.0,-68.0
1777889842.9663324,1.0,2.0,-70.0
1777889842.9763324,0.0,1.0,-73.0
1777889842.9863324,-2.0,3.0,-70.0
1777889842.9963324,0.0,2.0,-75.0
1777889843.0063324,0.0,-1.0,-77.0
1777889843.0163324,0.0,-4.0,-76.0
1777889843.0263324,0.0,-2.0,-74.0
1777889843.0363324,0.0,-5.0,-78.0
1777889843.0463324,0.0,-10.0,-75.0
1777889843.0563323,-4.0,-7.0,-74.0
1777889843.0663323,-3.0,-3.0,-73.0
1777889843.0763323,0.0,-3.0,-70.0
1777889843.0863323,2.0,-3.0,-66.0
1777889843.0963323,0.0,0.0,-66.0
1777889843.1063323,2.0,10.0,-73.0
1777889843.1163323,3.0,10.0,-76.0
1777889843.1263323,0.0,9.0,-79.0
1777889843.1363325,-3.0,9.0,-76.0
1777889843.1463325,-6.0,8.0,-85.0
1777889843.1563325,-5.0,6.0,-81.0
1777889843.1663325,-5.0,2.0,-79.0
1777889843.1763325,-1.0,2.0,-79.0
1777889843.1863325,-2.0,3.0,-77.0
1777889843.1963325,1.0,4.0,-76.0
1777889843.2063324,2.0,3.0,-76.0
1777889843.2163324,-2.0,3.0,-76.0
1777889843.2263324,-6.0,5.0,-77.0
1777889843.2363324,-6.0,0.0,-71.0
1777889843.2463324,-8.0,-1.0,-73.0
1777889843.2563324,-4.0,-6.0,-74.0
1777889843.2663324,-3.0,-1.0,-79.0
1777889843.2763324,-5.0,2.0,-79.0
1777889843.2863324,-6.0,5.0,-81.0
1777889843.2963324,-4.0,4.0,-81.0
1777889843.3063323,-6.0,5.0,-86.0
1777889843.3163323,-3.0,4.0,-80.0
1777889843.3263323,-1.0,5.0,-72.0
1777889843.3363323,-3.0,5.0,-69.0
1777889843.3473325,-9.0,4.0,-63.0
1777889843.3563323,-11.0,3.0,-65.0
1777889843.3663323,-6.0,4.0,-75.0
1777889843.3763323,-5.0,4.0,-75.0
1777889843.3863325,-5.0,1.0,-75.0
1777889843.3963325,0.0,-2.0,-77.0
1777889843.4063325,4.0,-2.0,-82.0
1777889843.4163325,0.0,-3.0,-76.0
1777889843.4263325,0.0,-8.0,-77.0
1777889843.4363325,4.0,-7.0,-78.0
1777889843.4463325,1.0,-4.0,-81.0
1777889843.4563324,2.0,-7.0,-69.0
1777889843.4663324,3.0,-2.0,-63.0
1777889843.4763324,2.0,-7.0,-67.0
1777889843.4863324,2.0,-5.0,-71.0
1777889843.4963324,3.0,-6.0,-70.0
1777889843.5063324,1.0,-7.0,-69.0
1777889843.5163324,2.0,-5.0,-75.0
1777889843.5263324,0.0,-1.0,-72.0
1777889843.5363324,-1.0,0.0,-74.0
1777889843.5463324,4.0,-1.0,-77.0
1777889843.5563323,5.0,-2.0,-77.0
1777889843.5673325,1.0,-1.0,-79.0
1777889843.5763323,0.0,0.0,-74.0
1777889843.5863323,0.0,0.0,-69.0
1777889843.5973325,0.0,-2.0,-72.0
1777889843.6073325,2.0,-4.0,-80.0
1777889843.6173325,4.0,0.0,-78.0
1777889843.6273324,2.0,4.0,-78.0
1777889843.6373324,2.0,6.0,-72.0
1777889843.6473324,4.0,4.0,-66.0
1777889843.6573324,5.0,0.0,-73.0
1777889843.6673324,0.0,0.0,-73.0
1777889843.6773324,-1.0,-1.0,-77.0
1777889843.6873324,2.0,0.0,-77.0
1777889843.6973324,1.0,0.0,-72.0
1777889843.7073324,0.0,-2.0,-74.0
1777889843.7173324,3.0,-6.0,-78.0
1777889843.7273324,5.0,-2.0,-79.0
1777889843.7373323,4.0,0.0,-83.0
1777889843.7473323,2.0,1.0,-87.0
1777889843.7573323,2.0,1.0,-92.0
1777889843.7673323,0.0,3.0,-88.0
1777889843.7773323,0.0,4.0,-86.0
1777889843.7873323,0.0,5.0,-79.0
1777889843.7973323,-1.0,4.0,-70.0
1777889843.8073325,-2.0,2.0,-75.0
1777889843.8173325,0.0,-1.0,-75.0
1777889843.8273325,-1.0,0.0,-75.0
1777889843.8373325,-2.0,2.0,-75.0
1777889843.8473325,0.0,4.0,-70.0
1777889843.8573325,0.0,3.0,-73.0
1777889843.8673325,1.0,4.0,-66.0
1777889843.8773324,5.0,0.0,-66.0
1777889843.8873324,5.0,1.0,-65.0
1777889843.8973324,6.0,0.0,-68.0
1777889843.9073324,6.0,0.0,-76.0
1777889843.9173324,6.0,0.0,-73.0
1777889843.9273324,2.0,0.0,-72.0
1777889843.9373324,6.0,-3.0,-77.0
1777889843.9473324,0.0,-6.0,-79.0
1777889843.9573324,-4.0,-3.0,-78.0
1777889843.9673324,0.0,-2.0,-77.0
1777889843.9773324,0.0,0.0,-84.0
1777889843.9873323,0.0,-4.0,-85.0
1777889843.9973323,-1.0,-3.0,-89.0
1777889844.0073323,-3.0,0.0,-84.0
1777889844.0173323,-2.0,-1.0,-79.0
1777889844.0273323,-2.0,-3.0,-76.0
1777889844.0373323,-5.0,-3.0,-78.0
1777889844.0473323,-2.0,-5.0,-77.0
1777889844.0573325,2.0,-6.0,-81.0
1777889844.0673325,5.0,-3.0,-74.0
1777889844.0773325,0.0,-2.0,-73.0
1777889844.0873325,0.0,0.0,-72.0
1777889844.0973325,0.0,-3.0,-77.0
1777889844.1073325,0.0,-2.0,-85.0
1777889844.1173325,-1.0,-2.0,-78.0
1777889844.1273324,-3.0,0.0,-76.0
1777889844.1373324,-2.0,2.0,-70.0
1777889844.1473324,-3.0,0.0,-74.0
1777889844.1573324,-1.0,-2.0,-74.0
1777889844.1673324,0.0,0.0,-74.0
1777889844.1773324,3.0,0.0,-78.0
1777889844.1873324,4.0,1.0,-74.0
1777889844.1973324,5.0,5.0,-71.0
1777889844.2073324,3.0,-1.0,-75.0
1777889844.2173324,0.0,1.0,-82.0
1777889844.2273324,1.0,1.0,-83.0
1777889844.2373323,4.0,-1.0,-77.0
1777889844.2473323,7.0,0.0,-70.0
1777889844.2573323,8.0,-4.0,-69.0
1777889844.2673323,6.0,-4.0,-72.0
1777889844.2773323,4.0,-2.0,-74.0
1777889844.2873323,3.0,-1.0,-76.0
1777889844.2973323,0.0,-3.0,-74.0
1777889844.3073325,1.0,-2.0,-76.0
1777889844.3173325,0.0,0.0,-76.0
1777889844.3273325,0.0,-2.0,-68.0
1777889844.3373325,1.0,-2.0,-64.0
1777889844.3473325,6.0,-3.0,-65.0
1777889844.3573325,4.0,-1.0,-73.0
1777889844.3673325,1.0,0.0,-80.0
1777889844.3773324,4.0,-2.0,-78.0
1777889844.3873324,0.0,-4.0,-71.0
1777889844.3973324,-4.0,-4.0,-71.0
1777889844.4073324,-4.0,-7.0,-66.0
1777889844.4173324,-7.0,-6.0,-67.0
1777889844.4273324,-2.0,-3.0,-67.0
1777889844.4373324,0.0,4.0,-75.0
1777889844.4473324,1.0,3.0,-79.0
1777889844.4573324,0.0,5.0,-78.0
1777889844.4673324,0.0,5.0,-79.0
1777889844.4773324,1.0,2.0,-75.0
1777889844.4873323,2.0,2.0,-77.0
1777889844.4973323,0.0,0.0,-78.0
1777889844.5073323,-1.0,3.0,-78.0
1777889844.5173323,-2.0,1.0,-76.0
1777889844.5273323,-5.0,-4.0,-80.0
1777889844.5373323,-3.0,-5.0,-77.0
1777889844.5473323,2.0,-3.0,-74.0
1777889844.5573325,2.0,-3.0,-77.0
1777889844.5673325,3.0,-8.0,-82.0
1777889844.5773325,2.0,-1.0,-82.0
1777889844.5873325,2.0,0.0,-76.0
1777889844.5973325,1.0,0.0,-83.0
1777889844.6073325,5.0,1.0,-80.0
1777889844.6173325,3.0,6.0,-81.0
1777889844.6273324,3.0,4.0,-78.0
1777889844.6373324,4.0,1.0,-76.0
1777889844.6473324,5.0,2.0,-79.0
1777889844.6573324,5.0,-1.0,-81.0
1777889844.6673324,2.0,-3.0,-88.0
1777889844.6773324,0.0,-4.0,-86.0
1777889844.6873324,0.0,-3.0,-78.0
1777889844.6973324,1.0,0.0,-77.0
1777889844.7073324,2.0,1.0,-73.0
1777889844.7173324,4.0,3.0,-69.0
1777889844.7273324,3.0,6.0,-68.0
1777889844.7373323,-1.0,3.0,-67.0
1777889844.7473323,-2.0,0.0,-65.0
1777889844.7573323,-4.0,-2.0,-71.0
1777889844.7673323,0.0,0.0,-77.0
1777889844.7773323,0.0,1.0,-74.0
1777889844.7873323,0.0,0.0,-80.0
1777889844.7973323,2.0,-1.0,-84.0
1777889844.8073325,-2.0,-2.0,-81.0
1777889844.8173325,-2.0,1.0,-84.0
1777889844.8273325,0.0,-2.0,-87.0
1777889844.8373325,3.0,0.0,-83.0
1777889844.8473325,0.0,5.0,-82.0
1777889844.8573325,-9.0,3.0,-84.0
1777889844.8673325,-6.0,5.0,-80.0
1777889844.8773324,-5.0,2.0,-73.0
1777889844.8873324,-5.0,1.0,-71.0
1777889844.8973324,-3.0,-2.0,-66.0
1777889844.9073324,-3.0,1.0,-70.0
1777889844.9173324,-5.0,1.0,-72.0
1777889844.9273324,0.0,-2.0,-70.0
1777889844.9373324,-3.0,-6.0,-71.0
1777889844.9473324,-5.0,-4.0,-70.0
1777889844.9573324,-5.0,-1.0,-72.0
1777889844.9673324,-8.0,-3.0,-68.0
1777889844.9773324,-4.0,-5.0,-75.0
1777889844.9873323,-2.0,-2.0,-71.0
1777889844.9973323,1.0,-2.0,-71.0
1777889845.0073323,0.0,-3.0,-72.0
1777889845.0173323,-1.0,-2.0,-77.0
1777889845.0273323,-2.0,-3.0,-80.0
1777889845.0373323,-5.0,-2.0,-80.0
1777889845.0473323,-3.0,-1.0,-76.0
1777889845.0573325,0.0,-2.0,-81.0
1777889845.0673325,-3.0,0.0,-75.0
1777889845.0773325,-3.0,-1.0,-71.0
1777889845.0873325,-1.0,-4.0,-74.0
1777889845.0973325,1.0,-3.0,-72.0
1777889845.1073325,3.0,-4.0,-66.0
1777889845.1173325,2.0,-1.0,-69.0
1777889845.1273324,3.0,-6.0,-74.0
1777889845.1373324,5.0,-3.0,-66.0
1777889845.1473324,5.0,1.0,-68.0
1777889845.1573324,8.0,-3.0,-75.0
1777889845.1673324,9.0,-3.0,-75.0
1777889845.1773324,8.0,1.0,-77.0
1777889845.1873324,7.0,1.0,-78.0
1777889845.1973324,2.0,0.0,-74.0
1777889845.2073324,2.0,0.0,-71.0
1777889845.2173324,0.0,-1.0,-64.0
1777889845.2273324,-2.0,-5.0,-69.0
1777889845.2373323,0.0,-6.0,-73.0
1777889845.2473323,0.0,-1.0,-75.0
1777889845.2573323,2.0,-1.0,-71.0
1777889845.2673323,5.0,0.0,-72.0
1777889845.2773323,6.0,1.0,-75.0
1777889845.2873323,7.0,-3.0,-73.0
1777889845.2973323,3.0,-6.0,-67.0
1777889845.3073325,4.0,0.0,-61.0
1777889845.3173325,1.0,-2.0,-62.0
1777889845.3273325,4.0,-1.0,-65.0
1777889845.3373325,4.0,0.0,-73.0
1777889845.3473325,4.0,-1.0,-72.0
1777889845.3573325,5.0,-2.0,-71.0
1777889845.3673325,2.0,-2.0,-56.0
1777889845.3773324,0.0,0.0,-59.0
1777889845.3873324,2.0,0.0,-62.0
1777889845.3973324,0.0,0.0,-61.0
1777889845.4073324,-1.0,0.0,-64.0
1777889845.4173324,-1.0,0.0,-63.0
1777889845.4273324,-1.0,0.0,-72.0
1777889845.4373324,0.0,2.0,-71.0
1777889845.4473324,2.0,1.0,-67.0
1777889845.4573324,5.0,0.0,-71.0
1777889845.4673324,3.0,-2.0,-80.0
1777889845.4773324,2.0,0.0,-79.0
1777889845.4873323,0.0,0.0,-79.0
1777889845.4973323,2.0,-4.0,-77.0
1777889845.5073323,4.0,2.0,-81.0
1777889845.5173323,1.0,2.0,-84.0
1777889845.5273323,1.0,3.0,-78.0
1777889845.5373323,-1.0,3.0,-76.0
1777889845.5483325,-2.0,1.0,-74.0
1777889845.5583324,3.0,-1.0,-74.0
1777889845.5683324,3.0,-1.0,-65.0
1777889845.5783324,2.0,0.0,-70.0
1777889845.5883324,2.0,2.0,-76.0
1777889845.5983324,0.0,0.0,-77.0
1777889845.6083324,2.0,0.0,-68.0
1777889845.6183324,1.0,0.0,-70.0
1777889845.6283324,5.0,0.0,-76.0
1777889845.6383324,4.0,2.0,-83.0
1777889845.6483324,-2.0,5.0,-82.0
1777889845.6583323,-2.0,7.0,-84.0
1777889845.6683323,0.0,6.0,-82.0
1777889845.6783323,0.0,5.0,-87.0
1777889845.6883323,3.0,2.0,-91.0
1777889845.6983323,4.0,4.0,-81.0
1777889845.7083323,0.0,3.0,-82.0
1777889845.7183323,-1.0,0.0,-80.0
1777889845.7283323,2.0,-1.0,-82.0
1777889845.7383325,2.0,-4.0,-82.0
1777889845.7483325,-1.0,-3.0,-84.0
1777889845.7583325,-3.0,-6.0,-82.0
1777889845.7683325,-2.0,-6.0,-84.0
1777889845.7783325,0.0,-4.0,-74.0
1777889845.7883325,0.0,-2.0,-73.0
1777889845.7983325,3.0,0.0,-72.0
1777889845.8083324,0.0,0.0,-77.0
1777889845.8183324,1.0,1.0,-81.0
1777889845.8283324,-3.0,5.0,-91.0
1777889845.8383324,-3.0,1.0,-80.0
1777889845.8483324,-5.0,0.0,-78.0
1777889845.8583324,-6.0,0.0,-80.0
1777889845.8683324,-3.0,1.0,-75.0
1777889845.8783324,-1.0,0.0,-75.0
1777889845.8883324,0.0,0.0,-74.0
1777889845.8983324,-1.0,1.0,-78.0
1777889845.9083323,2.0,0.0,-87.0
1777889845.9183323,7.0,-2.0,-82.0
1777889845.9283323,4.0,-5.0,-82.0
1777889845.9383323,5.0,-5.0,-78.0
1777889845.9483323,3.0,0.0,-76.0
1777889845.9583323,5.0,-1.0,-78.0
1777889845.9683323,4.0,0.0,-77.0
1777889845.9783323,5.0,0.0,-75.0
1777889845.9883325,5.0,-5.0,-80.0
1777889845.9983325,3.0,-4.0,-80.0
1777889846.0083325,0.0,-2.0,-68.0
1777889846.0183325,2.0,-1.0,-69.0
1777889846.0283325,-2.0,-3.0,-71.0
1777889846.0383325,-1.0,-7.0,-63.0
1777889846.0483325,0.0,-7.0,-67.0
1777889846.0583324,-3.0,-6.0,-71.0
1777889846.0683324,0.0,-5.0,-69.0
1777889846.0783324,3.0,-3.0,-75.0
1777889846.0883324,1.0,0.0,-83.0
1777889846.0983324,-5.0,0.0,-82.0
1777889846.1083324,-5.0,1.0,-73.0
1777889846.1183324,-4.0,2.0,-70.0
1777889846.1283324,0.0,4.0,-72.0
1777889846.1383324,-1.0,4.0,-76.0
1777889846.1483324,1.0,2.0,-78.0
1777889846.1583323,1.0,0.0,-77.0
1777889846.1683323,0.0,0.0,-73.0
1777889846.1783323,4.0,-5.0,-73.0
1777889846.1883323,4.0,-5.0,-67.0
1777889846.1983323,2.0,-4.0,-68.0
1777889846.2083323,2.0,-5.0,-70.0
1777889846.2183323,1.0,-7.0,-74.0
1777889846.2283323,5.0,-4.0,-73.0
1777889846.2383325,4.0,-2.0,-76.0
1777889846.2483325,-1.0,-2.0,-80.0
1777889846.2583325,1.0,0.0,-85.0
1777889846.2683325,3.0,0.0,-79.0
1777889846.2783325,5.0,0.0,-78.0
1777889846.2883325,9.0,3.0,-88.0
1777889846.2983325,8.0,2.0,-86.0
1777889846.3083324,5.0,1.0,-81.0
1777889846.3183324,0.0,0.0,-77.0
1777889846.3283324,4.0,-3.0,-75.0
1777889846.3383324,4.0,-3.0,-75.0
1777889846.3483324,4.0,-5.0,-82.0
1777889846.3583324,8.0,-4.0,-84.0
1777889846.3683324,7.0,-3.0,-80.0
1777889846.3783324,6.0,-3.0,-79.0
1777889846.3883324,6.0,-6.0,-80.0
1777889846.3983324,4.0,-2.0,-77.0
1777889846.4083323,-1.0,-1.0,-82.0
1777889846.4183323,0.0,-3.0,-83.0
1777889846.4283323,1.0,-2.0,-81.0
1777889846.4383323,1.0,-3.0,-86.0
1777889846.4483323,4.0,-3.0,-79.0
1777889846.4583323,4.0,0.0,-80.0
1777889846.4683323,6.0,-3.0,-81.0
1777889846.4783323,5.0,0.0,-82.0
1777889846.4883325,3.0,0.0,-77.0
1777889846.4983325,2.0,0.0,-75.0
1777889846.5083325,-4.0,0.0,-72.0
1777889846.5183325,-4.0,-1.0,-76.0
1777889846.5283325,-1.0,2.0,-80.0
1777889846.5383325,1.0,3.0,-80.0
1777889846.5483325,-1.0,3.0,-81.0
1777889846.5583324,-1.0,0.0,-77.0
1777889846.5683324,-2.0,0.0,-81.0
1777889846.5783324,-1.0,-1.0,-75.0
1777889846.5883324,-3.0,-3.0,-74.0
1777889846.5983324,-3.0,0.0,-71.0
1777889846.6083324,-9.0,1.0,-75.0
1777889846.6183324,-10.0,0.0,-69.0
1777889846.6283324,-10.0,-1.0,-71.0
1777889846.6383324,-12.0,-6.0,-69.0
1777889846.6483324,-5.0,-4.0,-63.0
1777889846.6583323,-3.0,-1.0,-68.0
1777889846.6683323,-6.0,-1.0,-75.0
1777889846.6783323,-4.0,0.0,-79.0
1777889846.6883323,-2.0,1.0,-86.0
1777889846.6983323,2.0,0.0,-83.0
1777889846.7083323,2.0,-2.0,-84.0
1777889846.7183323,2.0,-3.0,-82.0
1777889846.7283323,5.0,0.0,-86.0
1777889846.7383325,7.0,-1.0,-81.0
1777889846.7483325,9.0,1.0,-79.0
1777889846.7583325,8.0,-1.0,-80.0
1777889846.7683325,9.0,1.0,-75.0
1777889846.7783325,6.0,0.0,-76.0
1777889846.7883325,4.0,-4.0,-81.0
1777889846.7983325,4.0,-5.0,-80.0
1777889846.8083324,1.0,-1.0,-78.0
1777889846.8183324,-1.0,3.0,-78.0
1777889846.8283324,-1.0,3.0,-77.0
1777889846.8383324,-6.0,6.0,-75.0
1777889846.8483324,-2.0,2.0,-82.0
1777889846.8583324,-1.0,-1.0,-84.0
1777889846.8683324,-3.0,-1.0,-95.0
1777889846.8783324,-1.0,0.0,-99.0
1777889846.8883324,-1.0,0.0,-92.0
1777889846.8983324,-3.0,2.0,-90.0
1777889846.9083323,0.0,0.0,-89.0
1777889846.9183323,4.0,5.0,-87.0
1777889846.9283323,1.0,1.0,-89.0
1777889846.9383323,0.0,1.0,-78.0
1777889846.9483323,1.0,2.0,-76.0
1777889846.9583323,2.0,-1.0,-70.0
1777889846.9683323,0.0,-4.0,-74.0
1777889846.9783323,1.0,-1.0,-74.0
1777889846.9883325,1.0,-3.0,-73.0
1777889846.9983325,0.0,0.0,-75.0
1777889847.0083325,0.0,-3.0,-76.0
1777889847.0183325,-7.0,-4.0,-74.0
1777889847.0283325,-3.0,-5.0,-73.0
1777889847.0383325,4.0,-2.0,-74.0
1777889847.0483325,4.0,-3.0,-72.0
1777889847.0583324,6.0,-1.0,-72.0
1777889847.0683324,7.0,0.0,-75.0
1777889847.0783324,4.0,1.0,-74.0
1777889847.0883324,2.0,0.0,-70.0
1777889847.0983324,3.0,-1.0,-72.0
1777889847.1083324,1.0,-1.0,-75.0
1777889847.1183324,3.0,0.0,-75.0
1777889847.1283324,0.0,0.0,-71.0
1777889847.1383324,0.0,-2.0,-72.0
1777889847.1483324,0.0,0.0,-71.0
1777889847.1583323,0.0,1.0,-71.0
1777889847.1683323,-1.0,1.0,-78.0
1777889847.1783323,0.0,-2.0,-75.0
1777889847.1883323,0.0,-3.0,-76.0
1777889847.1983323,5.0,-4.0,-81.0
1777889847.2083323,5.0,-4.0,-76.0
1777889847.2183323,6.0,-1.0,-76.0
1777889847.2283323,7.0,-2.0,-71.0
1777889847.2383325,6.0,-2.0,-71.0
1777889847.2483325,11.0,-1.0,-78.0
1777889847.2583325,5.0,-1.0,-73.0
1777889847.2683325,5.0,3.0,-77.0
1777889847.2783325,5.0,5.0,-81.0
1777889847.2883325,5.0,5.0,-80.0
1777889847.2983325,5.0,3.0,-72.0
1777889847.3083324,4.0,4.0,-70.0
1777889847.3183324,2.0,4.0,-73.0
1777889847.3283324,0.0,3.0,-72.0
1777889847.3383324,-2.0,5.0,-76.0
1777889847.3483324,-3.0,3.0,-79.0
1777889847.3583324,-4.0,4.0,-79.0
1777889847.3683324,-7.0,1.0,-70.0
1777889847.3783324,-7.0,0.0,-72.0
1777889847.3883324,-6.0,0.0,-76.0
1777889847.3983324,-9.0,-3.0,-75.0
1777889847.4083323,-4.0,-3.0,-72.0
1777889847.4183323,-4.0,-2.0,-65.0
1777889847.4283323,-3.0,0.0,-68.0
1777889847.4383323,0.0,0.0,-75.0
1777889847.4483323,-2.0,2.0,-81.0
1777889847.4583323,-3.0,2.0,-79.0
1777889847.4683323,-6.0,-2.0,-72.0
1777889847.4783323,-5.0,0.0,-77.0
1777889847.4883325,-5.0,0.0,-77.0
1777889847.4983325,-1.0,0.0,-82.0
1777889847.5083325,6.0,0.0,-78.0
1777889847.5183325,7.0,-1.0,-81.0
1777889847.5283325,8.0,0.0,-80.0
1777889847.5383325,7.0,0.0,-81.0
1777889847.5493324,3.0,1.0,-75.0
1777889847.5583324,5.0,0.0,-70.0
1777889847.5693324,7.0,3.0,-70.0
1777889847.5793324,3.0,6.0,-70.0
1777889847.5893323,-4.0,6.0,-74.0
1777889847.5993323,-2.0,3.0,-77.0
1777889847.6093323,0.0,-1.0,-78.0
1777889847.6193323,0.0,0.0,-79.0
1777889847.6293323,0.0,-2.0,-72.0
1777889847.6393323,3.0,-2.0,-73.0
1777889847.6493323,3.0,1.0,-75.0
1777889847.6593325,3.0,3.0,-76.0
1777889847.6693325,1.0,2.0,-77.0
1777889847.6793325,0.0,3.0,-77.0
1777889847.6893325,0.0,1.0,-73.0
1777889847.6993325,1.0,-1.0,-75.0
1777889847.7093325,1.0,-3.0,-75.0
1777889847.7193325,1.0,0.0,-76.0
1777889847.7293324,0.0,0.0,-76.0
1777889847.7393324,1.0,2.0,-73.0
1777889847.7493324,-2.0,0.0,-70.0
1777889847.7593324,0.0,-1.0,-68.0
1777889847.7693324,0.0,2.0,-78.0
1777889847.7793324,0.0,0.0,-77.0
1777889847.7893324,-3.0,-1.0,-74.0
1777889847.7993324,-2.0,2.0,-72.0
1777889847.8093324,1.0,0.0,-78.0
1777889847.8193324,4.0,-3.0,-82.0
1777889847.8293324,2.0,-5.0,-74.0
1777889847.8393323,2.0,-4.0,-76.0
1777889847.8493323,0.0,-4.0,-77.0
1777889847.8593323,0.0,-6.0,-73.0
1777889847.8693323,0.0,-2.0,-70.0
1777889847.8793323,-3.0,0.0,-69.0
1777889847.8893323,-2.0,-5.0,-70.0
1777889847.8993323,-1.0,-7.0,-69.0
1777889847.9093325,2.0,-1.0,-71.0
1777889847.9193325,2.0,-1.0,-78.0
1777889847.9293325,1.0,0.0,-80.0
1777889847.9393325,0.0,3.0,-69.0
1777889847.9493325,2.0,5.0,-64.0
1777889847.9593325,-1.0,1.0,-60.0
1777889847.9693325,-1.0,-3.0,-65.0
1777889847.9793324,0.0,-2.0,-67.0
1777889847.9893324,-1.0,1.0,-73.0
1777889847.9993324,0.0,5.0,-80.0
1777889848.0093324,1.0,3.0,-72.0
1777889848.0193324,0.0,1.0,-75.0
1777889848.0293324,1.0,0.0,-76.0
1777889848.0393324,0.0,0.0,-80.0
1777889848.0493324,0.0,1.0,-76.0
1777889848.0593324,0.0,1.0,-70.0
1777889848.0693324,1.0,4.0,-72.0
1777889848.0793324,-1.0,2.0,-70.0
1777889848.0893323,-3.0,0.0,-65.0
1777889848.0993323,0.0,0.0,-69.0
1777889848.1093323,-1.0,-3.0,-66.0
1777889848.1193323,1.0,-7.0,-65.0
1777889848.1293323,0.0,-5.0,-69.0
1777889848.1393323,0.0,-4.0,-69.0
1777889848.1493323,-1.0,-5.0,-73.0
1777889848.1593325,2.0,-4.0,-76.0
1777889848.1693325,2.0,-2.0,-73.0
1777889848.1793325,4.0,0.0,-73.0
1777889848.1893325,2.0,0.0,-77.0
1777889848.1993325,1.0,2.0,-71.0
1777889848.2093325,0.0,0.0,-71.0
1777889848.2193325,0.0,-7.0,-67.0
1777889848.2293324,-1.0,-11.0,-71.0
1777889848.2393324,0.0,-9.0,-75.0
1777889848.2493324,-1.0,-5.0,-74.0
1777889848.2593324,-1.0,-5.0,-74.0
1777889848.2693324,0.0,-3.0,-71.0
1777889848.2793324,0.0,-3.0,-73.0
1777889848.2893324,0.0,-3.0,-75.0
1777889848.2993324,0.0,-2.0,-74.0
1777889848.3093324,0.0,0.0,-75.0
1777889848.3193324,4.0,1.0,-76.0
1777889848.3293324,4.0,2.0,-70.0
1777889848.3393323,3.0,2.0,-70.0
1777889848.3493323,-1.0,0.0,-75.0
1777889848.3593323,-5.0,2.0,-77.0
1777889848.3693323,-6.0,2.0,-78.0
1777889848.3793323,-1.0,2.0,-74.0
1777889848.3893323,0.0,0.0,-67.0
1777889848.3993323,0.0,0.0,-72.0
1777889848.4093325,4.0,1.0,-78.0
1777889848.4193325,1.0,0.0,-81.0
1777889848.4293325,0.0,-2.0,-86.0
1777889848.4393325,0.0,-2.0,-80.0
1777889848.4493325,5.0,-5.0,-76.0
1777889848.4593325,0.0,-6.0,-76.0
1777889848.4693325,0.0,-4.0,-81.0
1777889848.4793324,1.0,-6.0,-77.0
1777889848.4893324,1.0,-5.0,-78.0
1777889848.4993324,1.0,-3.0,-76.0
1777889848.5093324,0.0,-2.0,-74.0
1777889848.5193324,-2.0,-5.0,-73.0
1777889848.5293324,0.0,-4.0,-74.0
1777889848.5393324,-3.0,3.0,-72.0
1777889848.5493324,-2.0,0.0,-71.0
1777889848.5593324,-1.0,1.0,-75.0
1777889848.5693324,-2.0,-1.0,-66.0
1777889848.5793324,-7.0,-2.0,-67.0
1777889848.5893323,-5.0,0.0,-73.0
1777889848.5993323,-6.0,0.0,-76.0
1777889848.6093323,-9.0,1.0,-75.0
1777889848.6193323,-9.0,0.0,-75.0
1777889848.6293323,-9.0,1.0,-79.0
1777889848.6393323,-6.0,1.0,-77.0
1777889848.6493323,-3.0,-1.0,-79.0
1777889848.6593325,1.0,-1.0,-74.0
1777889848.6693325,-1.0,0.0,-79.0
1777889848.6793325,0.0,1.0,-79.0
1777889848.6893325,4.0,4.0,-78.0
1777889848.6993325,4.0,2.0,-74.0
1777889848.7093325,0.0,0.0,-78.0
1777889848.7193325,3.0,-3.0,-83.0
1777889848.7293324,5.0,-5.0,-82.0
1777889848.7393324,0.0,-5.0,-79.0
1777889848.7493324,-3.0,-1.0,-80.0
1777889848.7593324,-2.0,0.0,-81.0
1777889848.7693324,-1.0,-2.0,-80.0
1777889848.7793324,-3.0,-4.0,-80.0
1777889848.7893324,-4.0,-2.0,-81.0
1777889848.7993324,-5.0,-3.0,-81.0
1777889848.8093324,0.0,-3.0,-82.0
1777889848.8193324,0.0,-2.0,-80.0
1777889848.8293324,-2.0,-5.0,-77.0
1777889848.8393323,4.0,-3.0,-72.0
1777889848.8493323,7.0,0.0,-77.0
1777889848.8593323,6.0,-1.0,-78.0
1777889848.8693323,-1.0,-1.0,-71.0
1777889848.8793323,2.0,-1.0,-74.0
1777889848.8893323,0.0,0.0,-74.0
1777889848.8993323,1.0,1.0,-73.0
1777889848.9093325,3.0,1.0,-74.0
1777889848.9193325,4.0,-3.0,-75.0
1777889848.9293325,8.0,-2.0,-68.0
1777889848.9393325,10.0,-3.0,-64.0
1777889848.9493325,7.0,-4.0,-66.0
1777889848.9593325,9.0,-6.0,-71.0
1777889848.9693325,10.0,-6.0,-78.0
1777889848.9793324,15.0,-3.0,-73.0
1777889848.9893324,5.0,-3.0,-74.0
1777889848.9993324,-1.0,0.0,-75.0
1777889849.0093324,-3.0,0.0,-78.0
1777889849.0193324,6.0,0.0,-75.0
1777889849.0293324,2.0,-2.0,-78.0
1777889849.0393324,1.0,1.0,-82.0
1777889849.0493324,5.0,-1.0,-90.0
1777889849.0593324,4.0,-6.0,-86.0
1777889849.0693324,6.0,-7.0,-76.0
1777889849.0793324,7.0,-7.0,-77.0
1777889849.0893323,3.0,-4.0,-81.0
1777889849.0993323,0.0,-4.0,-81.0
1777889849.1093323,-1.0,-3.0,-83.0
1777889849.1193323,-1.0,-2.0,-81.0
1777889849.1293323,0.0,-3.0,-85.0
1777889849.1393323,0.0,2.0,-79.0
1777889849.1493323,4.0,3.0,-78.0
1777889849.1593325,2.0,3.0,-87.0
1777889849.1693325,2.0,1.0,-83.0
1777889849.1793325,3.0,-2.0,-88.0
1777889849.1893325,2.0,-4.0,-83.0
1777889849.1993325,1.0,-7.0,-81.0
1777889849.2093325,5.0,-5.0,-80.0
1777889849.2193325,4.0,-6.0,-78.0
1777889849.2293324,2.0,-1.0,-79.0
1777889849.2393324,2.0,-1.0,-79.0
1777889849.2493324,2.0,-2.0,-80.0
1777889849.2593324,8.0,-2.0,-71.0
1777889849.2693324,3.0,-3.0,-76.0
1777889849.2793324,0.0,-6.0,-73.0
1777889849.2893324,2.0,-9.0,-71.0
1777889849.2993324,1.0,-5.0,-79.0
1777889849.3093324,-4.0,-9.0,-85.0
1777889849.3193324,-6.0,-10.0,-91.0
1777889849.3293324,-4.0,-7.0,-85.0
1777889849.3393323,-6.0,-9.0,-79.0
1777889849.3493323,0.0,-8.0,-69.0
1777889849.3593323,0.0,-5.0,-71.0
1777889849.3693323,4.0,-4.0,-73.0
1777889849.3793323,4.0,0.0,-74.0
1777889849.3893323,3.0,0.0,-68.0
1777889849.3993323,0.0,-1.0,-73.0
1777889849.4093325,1.0,0.0,-66.0
1777889849.4193325,0.0,-3.0,-65.0
1777889849.4293325,2.0,-1.0,-70.0
1777889849.4393325,1.0,0.0,-71.0
1777889849.4493325,0.0,1.0,-77.0
1777889849.4593325,-1.0,2.0,-77.0
1777889849.4693325,2.0,4.0,-73.0
1777889849.4793324,3.0,4.0,-76.0
1777889849.4893324,5.0,6.0,-70.0
1777889849.4993324,5.0,2.0,-72.0
1777889849.5093324,7.0,4.0,-65.0
1777889849.5193324,11.0,0.0,-65.0
1777889849.5303323,9.0,1.0,-68.0
1777889849.5403323,18.0,1.0,-65.0
1777889849.5493324,14.0,0.0,-67.0
1777889849.5603323,7.0,1.0,-67.0
1777889849.5693324,5.0,0.0,-70.0
1777889849.5803325,5.0,-3.0,-69.0
1777889849.5903325,7.0,-1.0,-79.0
1777889849.6003325,8.0,-2.0,-77.0
1777889849.6103325,7.0,-3.0,-81.0
1777889849.6203325,5.0,-6.0,-85.0
1777889849.6303325,5.0,-2.0,-87.0
1777889849.6403325,2.0,-3.0,-87.0
1777889849.6503325,3.0,-4.0,-84.0
1777889849.6603324,4.0,-6.0,-82.0
1777889849.6703324,4.0,-6.0,-79.0
1777889849.6803324,0.0,-3.0,-76.0
1777889849.6903324,-2.0,-5.0,-72.0
1777889849.7003324,-1.0,-6.0,-73.0
1777889849.7103324,-4.0,-5.0,-74.0
1777889849.7203324,-5.0,-1.0,-73.0
1777889849.7303324,-2.0,-6.0,-71.0
1777889849.7403324,-4.0,-7.0,-63.0
1777889849.7503324,-4.0,-6.0,-56.0
1777889849.7603323,-2.0,-8.0,-55.0
1777889849.7703323,0.0,-8.0,-61.0
1777889849.7803323,2.0,-8.0,-70.0
1777889849.7903323,-5.0,-8.0,-74.0
1777889849.8003323,-2.0,-6.0,-73.0
1777889849.8103323,0.0,-6.0,-74.0
1777889849.8203323,0.0,-4.0,-77.0
1777889849.8303325,-1.0,0.0,-82.0
1777889849.8403325,-5.0,-2.0,-75.0
1777889849.8503325,-2.0,0.0,-73.0
1777889849.8603325,2.0,0.0,-78.0
1777889849.8703325,3.0,-3.0,-79.0
1777889849.8803325,1.0,-8.0,-82.0
1777889849.8903325,1.0,-8.0,-79.0
1777889849.9003325,4.0,-6.0,-78.0
1777889849.9103324,0.0,-7.0,-86.0
1777889849.9203324,-2.0,-5.0,-84.0
1777889849.9303324,-2.0,-5.0,-83.0
1777889849.9403324,-7.0,-3.0,-77.0
1777889849.9503324,-4.0,0.0,-79.0
1777889849.9603324,-2.0,0.0,-80.0
1777889849.9703324,-3.0,1.0,-79.0
1777889849.9803324,-2.0,3.0,-79.0
1777889849.9903324,2.0,0.0,-76.0
1777889850.0003324,3.0,-6.0,-76.0
1777889850.0103323,4.0,-4.0,-80.0
1777889850.0203323,2.0,-3.0,-78.0
1777889850.0303323,7.0,-3.0,-75.0
1777889850.0403323,5.0,1.0,-75.0
1777889850.0503323,0.0,0.0,-71.0
1777889850.0603323,-3.0,0.0,-70.0
1777889850.0703323,-2.0,1.0,-80.0
1777889850.0803325,-3.0,1.0,-78.0
1777889850.0903325,-3.0,2.0,-80.0
1777889850.1003325,-5.0,0.0,-76.0
1777889850.1103325,-2.0,1.0,-77.0
1777889850.1203325,-1.0,1.0,-76.0
1777889850.1303325,-2.0,-3.0,-79.0
1777889850.1403325,-7.0,-3.0,-80.0
1777889850.1503325,-6.0,2.0,-79.0
1777889850.1603324,-12.0,-2.0,-81.0
1777889850.1703324,-12.0,-1.0,-84.0
1777889850.1803324,-9.0,-4.0,-84.0
1777889850.1903324,-6.0,-7.0,-82.0
1777889850.2003324,-2.0,-2.0,-76.0
1777889850.2103324,-1.0,-3.0,-76.0
1777889850.2203324,-6.0,-4.0,-76.0
1777889850.2303324,-2.0,-4.0,-74.0
1777889850.2403324,-3.0,-3.0,-78.0
1777889850.2503324,-3.0,-3.0,-76.0
1777889850.2603323,-3.0,0.0,-72.0
1777889850.2703323,-2.0,4.0,-72.0
1777889850.2803323,-1.0,3.0,-73.0
1777889850.2903323,-1.0,0.0,-77.0
1777889850.3003323,-3.0,0.0,-77.0
1777889850.3103323,-3.0,1.0,-78.0
1777889850.3203323,-4.0,3.0,-76.0
1777889850.3303325,-5.0,4.0,-76.0
1777889850.3403325,-1.0,4.0,-81.0
1777889850.3503325,0.0,6.0,-75.0
1777889850.3603325,1.0,1.0,-74.0
1777889850.3703325,1.0,0.0,-76.0
1777889850.3803325,6.0,0.0,-74.0
1777889850.3903325,10.0,3.0,-76.0
1777889850.4003325,9.0,2.0,-79.0
1777889850.4103324,7.0,0.0,-80.0
1777889850.4203324,7.0,0.0,-81.0
1777889850.4303324,10.0,1.0,-77.0
1777889850.4403324,7.0,6.0,-77.0
1777889850.4503324,6.0,4.0,-75.0
1777889850.4603324,4.0,6.0,-72.0
1777889850.4703324,3.0,5.0,-72.0
1777889850.4803324,3.0,3.0,-72.0
1777889850.4903324,3.0,0.0,-79.0
1777889850.5003324,3.0,-2.0,-90.0
1777889850.5103323,-1.0,0.0,-86.0
1777889850.5203323,-2.0,4.0,-88.0
1777889850.5303323,-2.0,4.0,-82.0
1777889850.5403323,-4.0,7.0,-76.0
1777889850.5503323,-1.0,6.0,-74.0
1777889850.5603323,-4.0,3.0,-72.0
1777889850.5703323,-3.0,4.0,-73.0
1777889850.5803325,-2.0,3.0,-66.0
1777889850.5903325,3.0,3.0,-60.0
1777889850.6003325,1.0,-2.0,-61.0
1777889850.6103325,0.0,-2.0,-65.0
1777889850.6203325,1.0,-1.0,-71.0
1777889850.6303325,-1.0,2.0,-76.0
1777889850.6403325,-2.0,2.0,-72.0
1777889850.6503325,0.0,0.0,-73.0
1777889850.6603324,0.0,0.0,-70.0
1777889850.6703324,0.0,4.0,-72.0
1777889850.6803324,2.0,0.0,-67.0
1777889850.6903324,0.0,-2.0,-66.0
1777889850.7003324,0.0,-2.0,-68.0
1777889850.7103324,-4.0,0.0,-66.0
1777889850.7203324,-10.0,0.0,-64.0
1777889850.7303324,-11.0,-2.0,-63.0
1777889850.7403324,-8.0,-1.0,-71.0
1777889850.7503324,-5.0,0.0,-76.0
1777889850.7603323,-3.0,1.0,-80.0
1777889850.7703323,-2.0,4.0,-76.0
1777889850.7803323,-1.0,9.0,-77.0
1777889850.7903323,-2.0,7.0,-78.0
1777889850.8003323,5.0,6.0,-76.0
1777889850.8103323,4.0,8.0,-70.0
1777889850.8203323,1.0,8.0,-68.0
1777889850.8303325,4.0,5.0,-69.0
1777889850.8403325,0.0,6.0,-70.0
1777889850.8503325,-3.0,6.0,-78.0
1777889850.8603325,-6.0,7.0,-83.0
1777889850.8703325,0.0,2.0,-79.0
1777889850.8803325,0.0,0.0,-72.0
1777889850.8903325,1.0,0.0,-72.0
1777889850.9003325,3.0,-1.0,-79.0
1777889850.9103324,6.0,1.0,-78.0
1777889850.9203324,4.0,1.0,-76.0
1777889850.9303324,0.0,0.0,-74.0
1777889850.9403324,0.0,3.0,-71.0
1777889850.9503324,-1.0,2.0,-75.0
1777889850.9603324,0.0,1.0,-80.0
1777889850.9703324,1.0,0.0,-81.0
1777889850.9803324,-4.0,-4.0,-80.0
1777889850.9903324,-3.0,-6.0,-77.0
1777889851.0003324,-2.0,0.0,-75.0
1777889851.0103323,0.0,8.0,-70.0
1777889851.0203323,5.0,8.0,-72.0
1777889851.0303323,0.0,8.0,-69.0
1777889851.0403323,-1.0,6.0,-66.0
1777889851.0503323,1.0,0.0,-68.0
1777889851.0603323,1.0,0.0,-78.0
1777889851.0703323,0.0,-1.0,-72.0
1777889851.0803325,1.0,0.0,-73.0
1777889851.0903325,5.0,2.0,-77.0
1777889851.1003325,5.0,0.0,-80.0
1777889851.1103325,5.0,0.0,-82.0
1777889851.1203325,6.0,-1.0,-84.0
1777889851.1303325,2.0,-5.0,-87.0
1777889851.1403325,3.0,-1.0,-88.0
1777889851.1503325,7.0,2.0,-80.0
1777889851.1603324,7.0,1.0,-74.0
1777889851.1703324,2.0,0.0,-79.0
1777889851.1803324,2.0,0.0,-85.0
1777889851.1903324,3.0,1.0,-90.0
1777889851.2003324,5.0,2.0,-82.0
1777889851.2103324,8.0,6.0,-80.0
1777889851.2203324,7.0,3.0,-72.0
1777889851.2303324,8.0,1.0,-65.0
1777889851.2403324,5.0,1.0,-63.0
1777889851.2503324,4.0,1.0,-63.0
1777889851.2603323,1.0,-4.0,-66.0
1777889851.2703323,1.0,-5.0,-72.0
1777889851.2803323,6.0,-2.0,-65.0
1777889851.2903323,8.0,-1.0,-62.0
1777889851.3003323,6.0,-4.0,-70.0
1777889851.3103323,6.0,-2.0,-72.0
1777889851.3203323,2.0,0.0,-68.0
1777889851.3303325,2.0,0.0,-68.0
1777889851.3403325,1.0,-1.0,-70.0
1777889851.3503325,0.0,0.0,-69.0
1777889851.3603325,0.0,1.0,-67.0
1777889851.3703325,-3.0,1.0,-76.0
1777889851.3803325,-6.0,2.0,-73.0
1777889851.3903325,-3.0,0.0,-78.0
1777889851.4003325,-1.0,0.0,-80.0
1777889851.4103324,-1.0,0.0,-83.0
1777889851.4203324,2.0,-3.0,-81.0
1777889851.4303324,0.0,-3.0,-80.0
1777889851.4403324,-1.0,-4.0,-83.0
1777889851.4503324,0.0,-8.0,-84.0
1777889851.4603324,3.0,-6.0,-77.0
1777889851.4703324,3.0,-6.0,-79.0
1777889851.4803324,0.0,-9.0,-70.0
1777889851.4903324,0.0,-9.0,-74.0
1777889851.5003324,0.0,-6.0,-69.0
1777889851.5113325,2.0,-2.0,-70.0
1777889851.5213325,5.0,0.0,-66.0
1777889851.5313325,3.0,-1.0,-70.0
1777889851.5403323,4.0,-1.0,-77.0
1777889851.5513325,8.0,0.0,-79.0
1777889851.5613325,5.0,-3.0,-82.0
1777889851.5713325,4.0,-6.0,-84.0
1777889851.5813324,5.0,-3.0,-82.0
1777889851.5913324,4.0,-3.0,-82.0
1777889851.6013324,3.0,-2.0,-85.0
1777889851.6113324,3.0,0.0,-85.0
1777889851.6213324,0.0,-1.0,-81.0
1777889851.6313324,0.0,0.0,-84.0
1777889851.6413324,-3.0,-1.0,-88.0
1777889851.6513324,-5.0,0.0,-84.0
1777889851.6613324,-4.0,1.0,-83.0
1777889851.6713324,-7.0,0.0,-83.0
1777889851.6813323,-5.0,0.0,-91.0
1777889851.6913323,-5.0,-6.0,-86.0
1777889851.7013323,-3.0,-10.0,-84.0
1777889851.7113323,0.0,-9.0,-88.0
1777889851.7213323,7.0,-5.0,-88.0
1777889851.7313323,3.0,-6.0,-84.0
1777889851.7413323,4.0,-8.0,-85.0
1777889851.7513323,4.0,-4.0,-79.0
1777889851.7613325,2.0,-3.0,-82.0
1777889851.7713325,3.0,-3.0,-81.0
1777889851.7813325,0.0,-4.0,-78.0
1777889851.7913325,0.0,-3.0,-80.0
1777889851.8013325,0.0,-5.0,-77.0
1777889851.8113325,-4.0,-3.0,-72.0
1777889851.8213325,0.0,-2.0,-69.0
1777889851.8313324,-1.0,-4.0,-70.0
1777889851.8413324,-2.0,2.0,-70.0
1777889851.8513324,-4.0,5.0,-75.0
1777889851.8613324,-2.0,0.0,-74.0
1777889851.8713324,-3.0,0.0,-77.0
1777889851.8813324,-5.0,1.0,-79.0
1777889851.8913324,-6.0,0.0,-76.0
1777889851.9013324,-8.0,-1.0,-75.0
1777889851.9113324,-4.0,-4.0,-84.0
1777889851.9213324,-4.0,-5.0,-76.0
1777889851.9313323,-5.0,-6.0,-78.0
1777889851.9413323,-5.0,-8.0,-76.0
1777889851.9513323,-2.0,-4.0,-73.0
1777889851.9613323,-1.0,-4.0,-70.0
1777889851.9713323,0.0,0.0,-69.0
1777889851.9813323,1.0,-2.0,-63.0
1777889851.9913323,3.0,-6.0,-58.0
1777889852.0013323,6.0,-7.0,-62.0
1777889852.0113325,7.0,-7.0,-58.0
1777889852.0213325,6.0,-10.0,-57.0
1777889852.0313325,8.0,-7.0,-65.0
1777889852.0413325,0.0,-5.0,-71.0
1777889852.0513325,-9.0,-3.0,-71.0
1777889852.0613325,-5.0,-1.0,-77.0
1777889852.0713325,-8.0,-1.0,-76.0
1777889852.0813324,-10.0,0.0,-79.0
1777889852.0913324,-7.0,-1.0,-77.0
1777889852.1013324,-2.0,-4.0,-73.0
1777889852.1113324,-3.0,-4.0,-81.0
1777889852.1213324,-4.0,-2.0,-85.0
1777889852.1313324,-2.0,1.0,-83.0
1777889852.1413324,-1.0,1.0,-83.0
1777889852.1513324,-4.0,-1.0,-86.0
1777889852.1613324,-8.0,0.0,-82.0
1777889852.1713324,-9.0,2.0,-80.0
1777889852.1813323,-8.0,4.0,-78.0
1777889852.1913323,-1.0,0.0,-82.0
1777889852.2013323,0.0,1.0,-73.0
1777889852.2113323,-1.0,4.0,-76.0
1777889852.2213323,-2.0,9.0,-77.0
1777889852.2313323,0.0,2.0,-79.0
1777889852.2413323,-4.0,2.0,-82.0
1777889852.2513323,-8.0,1.0,-74.0
1777889852.2613325,-7.0,0.0,-73.0
1777889852.2713325,-4.0,-1.0,-75.0
1777889852.2813325,-5.0,-1.0,-70.0
1777889852.2913325,-4.0,-3.0,-73.0
1777889852.3013325,2.0,-4.0,-71.0
1777889852.3113325,3.0,-3.0,-70.0
1777889852.3213325,0.0,-1.0,-76.0
1777889852.3313324,-4.0,0.0,-76.0
1777889852.3413324,-2.0,-3.0,-77.0
1777889852.3513324,2.0,-3.0,-76.0
1777889852.3613324,3.0,-2.0,-70.0
1777889852.3713324,-1.0,-3.0,-73.0
1777889852.3813324,-4.0,-8.0,-76.0
1777889852.3913324,-4.0,-7.0,-79.0
1777889852.4013324,-1.0,-8.0,-82.0
1777889852.4113324,1.0,-9.0,-76.0
1777889852.4213324,2.0,-8.0,-85.0
1777889852.4313323,1.0,-5.0,-80.0
1777889852.4413323,3.0,-4.0,-78.0
1777889852.4513323,3.0,0.0,-77.0
1777889852.4613323,0.0,-2.0,-73.0
1777889852.4713323,-4.0,-1.0,-73.0
1777889852.4813323,-3.0,-1.0,-73.0
1777889852.4913323,-3.0,0.0,-72.0
1777889852.5013323,0.0,1.0,-73.0
1777889852.5113325,0.0,-2.0,-73.0
1777889852.5213325,3.0,1.0,-68.0
1777889852.5313325,8.0,1.0,-71.0
1777889852.5413325,8.0,1.0,-73.0
1777889852.5513325,5.0,-2.0,-77.0
1777889852.5613325,5.0,-1.0,-75.0
1777889852.5713325,2.0,-3.0,-76.0
1777889852.5813324,-1.0,-6.0,-84.0
1777889852.5913324,3.0,-1.0,-90.0
1777889852.6013324,4.0,-3.0,-89.0
1777889852.6113324,5.0,-4.0,-84.0
1777889852.6213324,3.0,-4.0,-86.0
1777889852.6313324,3.0,-2.0,-81.0
1777889852.6413324,4.0,0.0,-77.0
1777889852.6513324,4.0,0.0,-75.0
1777889852.6613324,5.0,0.0,-75.0
1777889852.6713324,6.0,-2.0,-74.0
1777889852.6813323,4.0,-3.0,-75.0
1777889852.6913323,3.0,-2.0,-75.0
1777889852.7013323,-3.0,-2.0,-77.0
1777889852.7113323,-5.0,-2.0,-79.0
1777889852.7213323,-6.0,-6.0,-81.0
1777889852.7313323,-3.0,-5.0,-84.0
1777889852.7413323,-2.0,-2.0,-79.0
1777889852.7513323,-3.0,-2.0,-79.0
1777889852.7613325,-1.0,-1.0,-76.0
1777889852.7713325,-1.0,0.0,-71.0
1777889852.7813325,0.0,0.0,-71.0
1777889852.7913325,0.0,-1.0,-64.0
1777889852.8013325,-1.0,-5.0,-70.0
1777889852.8113325,0.0,-4.0,-80.0
1777889852.8213325,0.0,-1.0,-76.0
1777889852.8313324,-2.0,1.0,-76.0
1777889852.8413324,1.0,-3.0,-79.0
1777889852.8513324,0.0,-8.0,-80.0
1777889852.8613324,1.0,-4.0,-80.0
1777889852.8713324,1.0,-4.0,-73.0
1777889852.8813324,3.0,-8.0,-76.0
1777889852.8913324,0.0,-5.0,-76.0
1777889852.9013324,-3.0,-1.0,-74.0
1777889852.9113324,4.0,0.0,-74.0
1777889852.9213324,3.0,0.0,-70.0
1777889852.9313323,7.0,3.0,-74.0
1777889852.9413323,6.0,0.0,-70.0
1777889852.9513323,3.0,-1.0,-70.0
1777889852.9613323,-1.0,-1.0,-66.0
1777889852.9713323,0.0,0.0,-62.0
1777889852.9813323,0.0,-1.0,-62.0
1777889852.9913323,0.0,-2.0,-64.0
1777889853.0013323,5.0,-4.0,-68.0
1777889853.0113325,8.0,-5.0,-71.0
1777889853.0213325,5.0,-2.0,-80.0
1777889853.0313325,2.0,-1.0,-76.0
1777889853.0413325,3.0,2.0,-74.0
1777889853.0513325,3.0,2.0,-84.0
1777889853.0613325,2.0,-2.0,-88.0
1777889853.0713325,1.0,-4.0,-81.0
1777889853.0813324,0.0,-2.0,-77.0
1777889853.0913324,1.0,-4.0,-79.0
1777889853.1013324,-1.0,-5.0,-72.0
1777889853.1113324,-4.0,-4.0,-68.0
1777889853.1213324,-3.0,-3.0,-78.0
1777889853.1313324,-2.0,1.0,-75.0
1777889853.1413324,-3.0,-2.0,-68.0
1777889853.1513324,-4.0,-3.0,-77.0
1777889853.1613324,0.0,-4.0,-82.0
1777889853.1713324,0.0,0.0,-83.0
1777889853.1813323,-1.0,0.0,-80.0
1777889853.1913323,-2.0,-2.0,-72.0
1777889853.2013323,-1.0,-2.0,-71.0
1777889853.2113323,-2.0,0.0,-72.0
1777889853.2213323,-4.0,-1.0,-70.0
1777889853.2313323,-2.0,-1.0,-75.0
1777889853.2413323,1.0,0.0,-76.0
1777889853.2513323,1.0,1.0,-72.0
1777889853.2613325,0.0,0.0,-66.0
1777889853.2713325,1.0,-3.0,-68.0
1777889853.2813325,2.0,0.0,-67.0
1777889853.2913325,3.0,-4.0,-71.0
1777889853.3013325,5.0,-3.0,-75.0
1777889853.3113325,4.0,-2.0,-72.0
1777889853.3213325,3.0,2.0,-71.0
1777889853.3313324,1.0,0.0,-75.0
1777889853.3413324,1.0,-4.0,-72.0
1777889853.3513324,0.0,-5.0,-67.0
1777889853.3613324,1.0,-4.0,-67.0
1777889853.3713324,0.0,-3.0,-68.0
1777889853.3813324,0.0,-3.0,-68.0
1777889853.3913324,2.0,-1.0,-70.0
1777889853.4013324,2.0,-5.0,-76.0
1777889853.4113324,5.0,-5.0,-76.0
1777889853.4213324,5.0,-8.0,-77.0
1777889853.4313323,2.0,-5.0,-77.0
1777889853.4413323,-1.0,-6.0,-74.0
1777889853.4513323,-3.0,-6.0,-73.0
1777889853.4613323,0.0,0.0,-73.0
1777889853.4713323,0.0,0.0,-70.0
1777889853.4813323,-1.0,0.0,-69.0
1777889853.4913323,-6.0,-2.0,-68.0
1777889853.5023324,-5.0,0.0,-66.0
1777889853.5113325,-5.0,0.0,-68.0
1777889853.5223324,-8.0,4.0,-75.0
1777889853.5323324,-4.0,1.0,-77.0
1777889853.5423324,0.0,5.0,-79.0
1777889853.5523324,-1.0,7.0,-78.0
1777889853.5623324,-2.0,6.0,-78.0
1777889853.5723324,-2.0,7.0,-82.0
1777889853.5823324,-1.0,4.0,-84.0
1777889853.5923324,-1.0,1.0,-84.0
1777889853.6023324,-1.0,0.0,-78.0
1777889853.6123323,-1.0,0.0,-80.0
1777889853.6223323,-2.0,-2.0,-74.0
1777889853.6323323,2.0,-3.0,-78.0
1777889853.6423323,1.0,-3.0,-78.0
1777889853.6523323,2.0,1.0,-79.0
1777889853.6623323,4.0,1.0,-72.0
1777889853.6723323,3.0,-1.0,-68.0
1777889853.6823325,0.0,0.0,-69.0
1777889853.6923325,0.0,0.0,-72.0
1777889853.7023325,0.0,2.0,-70.0
1777889853.7123325,0.0,2.0,-71.0
1777889853.7223325,3.0,0.0,-70.0
1777889853.7323325,5.0,-1.0,-72.0
1777889853.7423325,7.0,0.0,-75.0
1777889853.7523324,8.0,2.0,-67.0
1777889853.7623324,6.0,-1.0,-63.0
1777889853.7723324,5.0,-6.0,-59.0
1777889853.7823324,4.0,-3.0,-70.0
1777889853.7923324,4.0,2.0,-73.0
1777889853.8023324,2.0,0.0,-71.0
1777889853.8123324,0.0,0.0,-69.0
1777889853.8223324,-3.0,-1.0,-72.0
1777889853.8323324,0.0,0.0,-68.0
1777889853.8423324,-4.0,0.0,-70.0
1777889853.8523324,0.0,0.0,-65.0
1777889853.8623323,0.0,3.0,-64.0
1777889853.8723323,0.0,1.0,-65.0
1777889853.8823323,-2.0,0.0,-69.0
1777889853.8923323,0.0,-3.0,-68.0
1777889853.9023323,-2.0,0.0,-72.0
1777889853.9123323,0.0,0.0,-72.0
1777889853.9223323,4.0,2.0,-69.0
1777889853.9323325,4.0,6.0,-71.0
1777889853.9423325,1.0,2.0,-79.0
1777889853.9523325,0.0,1.0,-79.0
1777889853.9623325,-1.0,-1.0,-76.0
1777889853.9723325,-1.0,-1.0,-75.0
1777889853.9823325,-1.0,0.0,-70.0
1777889853.9923325,-1.0,-2.0,-65.0
1777889854.0023324,1.0,1.0,-66.0
1777889854.0123324,0.0,0.0,-71.0
1777889854.0223324,1.0,-1.0,-72.0
1777889854.0323324,-1.0,-1.0,-74.0
1777889854.0423324,0.0,2.0,-76.0
1777889854.0523324,-3.0,1.0,-73.0
1777889854.0623324,-4.0,0.0,-73.0
1777889854.0723324,0.0,-1.0,-80.0
1777889854.0823324,-7.0,0.0,-73.0
1777889854.0923324,-13.0,-1.0,-71.0
1777889854.1023324,-13.0,-1.0,-68.0
1777889854.1123323,-14.0,-4.0,-65.0
1777889854.1223323,-11.0,-1.0,-62.0
1777889854.1323323,-14.0,-3.0,-68.0
1777889854.1423323,-10.0,-4.0,-66.0
1777889854.1523323,-8.0,-6.0,-64.0
1777889854.1623323,-8.0,-2.0,-72.0
1777889854.1723323,-6.0,-1.0,-70.0
1777889854.1823325,-7.0,2.0,-72.0
1777889854.1923325,-2.0,-2.0,-70.0
1777889854.2023325,-2.0,-4.0,-75.0
1777889854.2123325,-6.0,-4.0,-74.0
1777889854.2223325,-6.0,-6.0,-68.0
1777889854.2323325,-2.0,-6.0,-73.0
1777889854.2423325,-3.0,-8.0,-67.0
1777889854.2523324,0.0,-6.0,-65.0
1777889854.2623324,3.0,-3.0,-69.0
1777889854.2723324,3.0,-1.0,-70.0
1777889854.2823324,5.0,-1.0,-74.0
1777889854.2923324,5.0,-1.0,-77.0
1777889854.3023324,6.0,-2.0,-77.0
1777889854.3123324,7.0,-3.0,-77.0
1777889854.3223324,4.0,-1.0,-80.0
1777889854.3323324,0.0,-3.0,-80.0
1777889854.3423324,-1.0,-3.0,-84.0
1777889854.3523324,0.0,-1.0,-80.0
1777889854.3623323,1.0,0.0,-80.0
1777889854.3723323,-2.0,0.0,-80.0
1777889854.3823323,-5.0,2.0,-84.0
1777889854.3923323,-6.0,-4.0,-84.0
1777889854.4023323,-2.0,-6.0,-87.0
1777889854.4123323,-1.0,0.0,-83.0
1777889854.4223323,0.0,0.0,-84.0
1777889854.4323325,-2.0,2.0,-85.0
1777889854.4423325,-1.0,5.0,-80.0
1777889854.4523325,0.0,3.0,-75.0
1777889854.4623325,2.0,3.0,-70.0
1777889854.4723325,1.0,5.0,-74.0
1777889854.4823325,3.0,4.0,-79.0
1777889854.4923325,0.0,6.0,-77.0
1777889854.5023324,3.0,5.0,-73.0
1777889854.5123324,3.0,4.0,-74.0
1777889854.5223324,0.0,2.0,-70.0
1777889854.5323324,-1.0,0.0,-71.0
1777889854.5423324,-2.0,-2.0,-69.0
1777889854.5523324,0.0,-4.0,-72.0
1777889854.5623324,0.0,-3.0,-74.0
1777889854.5723324,0.0,-1.0,-77.0
1777889854.5823324,2.0,0.0,-79.0
1777889854.5923324,0.0,0.0,-85.0
1777889854.6023324,1.0,-3.0,-78.0
1777889854.6123323,5.0,-1.0,-74.0
1777889854.6223323,11.0,0.0,-79.0
1777889854.6323323,5.0,1.0,-75.0
1777889854.6423323,3.0,10.0,-77.0
1777889854.6523323,-2.0,8.0,-80.0
1777889854.6623323,-2.0,0.0,-88.0
1777889854.6723323,-1.0,1.0,-86.0
1777889854.6823325,-1.0,5.0,-80.0
1777889854.6923325,0.0,4.0,-79.0
1777889854.7023325,1.0,3.0,-74.0
1777889854.7123325,3.0,0.0,-71.0
1777889854.7223325,1.0,-1.0,-71.0
1777889854.7323325,4.0,-5.0,-73.0
1777889854.7423325,6.0,-4.0,-67.0
1777889854.7523324,5.0,-8.0,-72.0
1777889854.7623324,4.0,-11.0,-68.0
1777889854.7723324,0.0,-7.0,-66.0
1777889854.7823324,-6.0,-10.0,-74.0
1777889854.7923324,-3.0,-9.0,-76.0
1777889854.8023324,1.0,-4.0,-76.0
1777889854.8123324,1.0,0.0,-80.0
1777889854.8223324,1.0,0.0,-87.0
1777889854.8323324,3.0,1.0,-82.0
1777889854.8423324,3.0,3.0,-72.0
1777889854.8523324,1.0,3.0,-77.0
1777889854.8623323,-1.0,0.0,-81.0
1777889854.8723323,-5.0,-1.0,-79.0
1777889854.8823323,-1.0,-2.0,-73.0
1777889854.8923323,0.0,-2.0,-80.0
1777889854.9023323,0.0,-4.0,-82.0
1777889854.9123323,0.0,-2.0,-79.0
1777889854.9223323,-3.0,-4.0,-72.0
1777889854.9323325,-4.0,-1.0,-67.0
1777889854.9423325,0.0,2.0,-74.0
1777889854.9523325,0.0,0.0,-77.0
1777889854.9623325,1.0,-1.0,-71.0
1777889854.9723325,2.0,-1.0,-76.0
1777889854.9823325,1.0,0.0,-72.0
1777889854.9923325,1.0,0.0,-78.0
1777889855.0023324,3.0,-1.0,-74.0
1777889855.0123324,2.0,-2.0,-66.0
1777889855.0223324,1.0,-3.0,-63.0
1777889855.0323324,4.0,-3.0,-65.0
1777889855.0423324,2.0,-7.0,-66.0
1777889855.0523324,5.0,-7.0,-66.0
1777889855.0623324,3.0,-4.0,-67.0
1777889855.0723324,1.0,-1.0,-69.0
1777889855.0823324,2.0,-1.0,-72.0
1777889855.0923324,2.0,0.0,-72.0
1777889855.1023324,3.0,4.0,-67.0
1777889855.1123323,6.0,2.0,-69.0
1777889855.1223323,8.0,1.0,-66.0
1777889855.1323323,9.0,3.0,-65.0
1777889855.1423323,3.0,3.0,-60.0
1777889855.1523323,3.0,2.0,-59.0
1777889855.1623323,1.0,-3.0,-60.0
1777889855.1723323,4.0,0.0,-63.0
1777889855.1823325,6.0,1.0,-67.0
1777889855.1923325,5.0,-1.0,-66.0
1777889855.2023325,5.0,-3.0,-72.0
1777889855.2123325,2.0,-4.0,-77.0
1777889855.2223325,0.0,-6.0,-81.0
1777889855.2323325,5.0,-1.0,-79.0
1777889855.2423325,0.0,0.0,-74.0
1777889855.2523324,3.0,2.0,-80.0
1777889855.2623324,1.0,4.0,-80.0
1777889855.2723324,0.0,2.0,-81.0
1777889855.2823324,-2.0,2.0,-82.0
1777889855.2923324,2.0,0.0,-85.0
1777889855.3023324,7.0,0.0,-91.0
1777889855.3123324,8.0,1.0,-90.0
1777889855.3223324,9.0,1.0,-92.0
1777889855.3323324,11.0,1.0,-90.0
1777889855.3423324,11.0,-1.0,-92.0
1777889855.3523324,11.0,-1.0,-83.0
1777889855.3623323,12.0,-3.0,-77.0
1777889855.3723323,9.0,0.0,-75.0
1777889855.3823323,7.0,0.0,-73.0
1777889855.3923323,5.0,-4.0,-74.0
1777889855.4023323,1.0,-5.0,-81.0
1777889855.4123323,1.0,0.0,-82.0
1777889855.4223323,2.0,-1.0,-89.0
1777889855.4323325,3.0,0.0,-86.0
1777889855.4423325,2.0,1.0,-85.0
1777889855.4523325,2.0,1.0,-81.0
1777889855.4623325,2.0,4.0,-78.0
1777889855.4723325,6.0,0.0,-83.0
1777889855.4823325,8.0,1.0,-80.0
1777889855.4933324,5.0,0.0,-77.0
1777889855.5033324,2.0,-2.0,-80.0
1777889855.5133324,0.0,-2.0,-87.0
1777889855.5233324,2.0,-2.0,-85.0
1777889855.5333323,3.0,0.0,-86.0
1777889855.5433323,2.0,-5.0,-80.0
1777889855.5533323,-6.0,-7.0,-73.0
1777889855.5633323,-3.0,-6.0,-81.0
1777889855.5733323,-5.0,-5.0,-87.0
1777889855.5833323,-2.0,-6.0,-87.0
1777889855.5933323,0.0,-6.0,-76.0
1777889855.6033323,-1.0,-2.0,-68.0
1777889855.6133325,2.0,-3.0,-72.0
1777889855.6233325,2.0,-2.0,-74.0
1777889855.6333325,-3.0,0.0,-79.0
1777889855.6433325,0.0,-1.0,-73.0
1777889855.6533325,3.0,-1.0,-63.0
1777889855.6633325,6.0,-2.0,-59.0
1777889855.6733325,4.0,-4.0,-61.0
1777889855.6833324,0.0,-5.0,-58.0
1777889855.6933324,-2.0,-3.0,-60.0
1777889855.7033324,1.0,-1.0,-65.0
1777889855.7133324,0.0,0.0,-71.0
1777889855.7233324,6.0,2.0,-75.0
1777889855.7333324,8.0,0.0,-66.0
1777889855.7433324,8.0,0.0,-65.0
1777889855.7533324,3.0,-3.0,-77.0
1777889855.7633324,2.0,-6.0,-74.0
1777889855.7733324,-1.0,-4.0,-72.0
1777889855.7833323,-1.0,-4.0,-66.0
1777889855.7933323,-2.0,-4.0,-73.0
1777889855.8033323,-3.0,-2.0,-75.0
1777889855.8133323,0.0,-4.0,-68.0
1777889855.8233323,3.0,-5.0,-67.0
1777889855.8333323,5.0,-4.0,-61.0
1777889855.8433323,7.0,-4.0,-67.0
1777889855.8533323,7.0,-2.0,-75.0
1777889855.8633325,3.0,-4.0,-73.0
1777889855.8733325,-3.0,0.0,-68.0
1777889855.8833325,-5.0,1.0,-66.0
1777889855.8933325,-4.0,4.0,-73.0
1777889855.9033325,-2.0,6.0,-75.0
1777889855.9133325,-5.0,6.0,-81.0
1777889855.9233325,-4.0,12.0,-76.0
1777889855.9333324,2.0,13.0,-69.0
1777889855.9433324,4.0,7.0,-72.0
1777889855.9533324,3.0,2.0,-81.0
1777889855.9633324,0.0,3.0,-78.0
1777889855.9733324,1.0,3.0,-78.0
1777889855.9833324,-2.0,3.0,-73.0
1777889855.9933324,-1.0,2.0,-78.0
1777889856.0033324,1.0,1.0,-80.0
1777889856.0133324,7.0,0.0,-82.0
1777889856.0233324,8.0,-1.0,-83.0
1777889856.0333323,2.0,0.0,-78.0
1777889856.0433323,1.0,0.0,-79.0
1777889856.0533323,2.0,1.0,-81.0
1777889856.0633323,2.0,1.0,-78.0
1777889856.0733323,0.0,-1.0,-76.0
1777889856.0833323,-5.0,0.0,-75.0
1777889856.0933323,-3.0,-1.0,-75.0
1777889856.1033323,-3.0,-4.0,-74.0
1777889856.1133325,-4.0,-2.0,-75.0
1777889856.1233325,0.0,0.0,-75.0
1777889856.1333325,1.0,0.0,-76.0
1777889856.1433325,5.0,0.0,-78.0
1777889856.1533325,3.0,1.0,-79.0
1777889856.1633325,3.0,-3.0,-76.0
1777889856.1733325,2.0,-4.0,-75.0
1777889856.1833324,2.0,-5.0,-78.0
1777889856.1933324,1.0,-3.0,-78.0
1777889856.2033324,0.0,0.0,-78.0
1777889856.2133324,2.0,-1.0,-76.0
1777889856.2233324,2.0,0.0,-75.0
1777889856.2333324,0.0,0.0,-79.0
1777889856.2433324,0.0,0.0,-80.0
1777889856.2533324,1.0,0.0,-84.0
1777889856.2633324,1.0,0.0,-89.0
1777889856.2733324,1.0,0.0,-90.0
1777889856.2833323,4.0,1.0,-87.0
1777889856.2933323,3.0,-1.0,-88.0
1777889856.3033323,4.0,0.0,-78.0
1777889856.3133323,2.0,3.0,-76.0
1777889856.3233323,6.0,0.0,-79.0
1777889856.3333323,6.0,-1.0,-70.0
1777889856.3433323,1.0,4.0,-66.0
1777889856.3533323,-1.0,1.0,-68.0
1777889856.3633325,0.0,3.0,-65.0
1777889856.3733325,-2.0,2.0,-65.0
1777889856.3833325,2.0,6.0,-61.0
1777889856.3933325,6.0,3.0,-66.0
1777889856.4033325,3.0,0.0,-69.0
1777889856.4133325,1.0,2.0,-76.0
1777889856.4233325,1.0,0.0,-81.0
1777889856.4333324,4.0,-1.0,-78.0
1777889856.4433324,2.0,0.0,-81.0
1777889856.4533324,1.0,-1.0,-81.0
1777889856.4633324,-1.0,-1.0,-76.0
1777889856.4733324,-4.0,0.0,-74.0
1777889856.4833324,0.0,2.0,-70.0
1777889856.4933324,1.0,-1.0,-74.0
1777889856.5033324,-3.0,2.0,-76.0
1777889856.5133324,-5.0,-2.0,-79.0
1777889856.5233324,2.0,-4.0,-76.0
1777889856.5333323,6.0,-1.0,-74.0
1777889856.5433323,6.0,-3.0,-78.0
1777889856.5533323,4.0,0.0,-77.0
1777889856.5633323,2.0,-2.0,-80.0
1777889856.5733323,4.0,1.0,-73.0
1777889856.5833323,1.0,-3.0,-68.0
1777889856.5933323,-1.0,1.0,-69.0
1777889856.6033323,-2.0,0.0,-66.0
1777889856.6133325,-3.0,-2.0,-67.0
1777889856.6233325,0.0,-4.0,-65.0
1777889856.6333325,0.0,-8.0,-64.0
1777889856.6433325,2.0,-2.0,-68.0
1777889856.6533325,3.0,-1.0,-75.0
1777889856.6633325,0.0,0.0,-73.0
1777889856.6733325,0.0,0.0,-76.0
1777889856.6833324,-2.0,0.0,-68.0
1777889856.6933324,0.0,-5.0,-66.0
1777889856.7033324,0.0,-6.0,-65.0
1777889856.7133324,-4.0,-4.0,-62.0
1777889856.7233324,-2.0,-1.0,-64.0
1777889856.7333324,0.0,-5.0,-66.0
1777889856.7433324,0.0,-8.0,-66.0
1777889856.7533324,3.0,-11.0,-73.0
1777889856.7633324,1.0,-11.0,-80.0
1777889856.7733324,-2.0,-9.0,-78.0
1777889856.7833323,-1.0,-8.0,-69.0
1777889856.7933323,-1.0,-8.0,-75.0
1777889856.8033323,5.0,-5.0,-81.0
1777889856.8133323,2.0,-2.0,-79.0
1777889856.8233323,1.0,-5.0,-78.0
1777889856.8333323,-1.0,-1.0,-79.0
1777889856.8433323,1.0,-4.0,-83.0
1777889856.8533323,5.0,-1.0,-87.0
1777889856.8633325,6.0,-1.0,-78.0
1777889856.8733325,4.0,-2.0,-77.0
1777889856.8833325,2.0,-2.0,-72.0
1777889856.8933325,3.0,-5.0,-69.0
1777889856.9033325,3.0,-2.0,-67.0
1777889856.9133325,-1.0,-1.0,-75.0
1777889856.9233325,3.0,-6.0,-77.0
1777889856.9333324,4.0,-3.0,-82.0
1777889856.9433324,5.0,0.0,-73.0
1777889856.9533324,2.0,0.0,-73.0
1777889856.9633324,2.0,2.0,-70.0
1777889856.9733324,0.0,5.0,-71.0
1777889856.9833324,0.0,5.0,-68.0
1777889856.9933324,-1.0,2.0,-69.0
1777889857.0033324,0.0,0.0,-69.0
1777889857.0133324,-2.0,1.0,-75.0
1777889857.0233324,0.0,3.0,-73.0
1777889857.0333323,1.0,6.0,-70.0
1777889857.0433323,4.0,3.0,-71.0
1777889857.0533323,5.0,0.0,-69.0
1777889857.0633323,8.0,0.0,-68.0
1777889857.0733323,9.0,-2.0,-71.0
1777889857.0833323,6.0,-2.0,-84.0
1777889857.0933323,3.0,-2.0,-88.0
1777889857.1033323,4.0,-2.0,-82.0
1777889857.1133325,7.0,0.0,-83.0
1777889857.1233325,9.0,0.0,-80.0
1777889857.1333325,8.0,1.0,-81.0
1777889857.1433325,9.0,-1.0,-80.0
1777889857.1533325,10.0,4.0,-85.0
1777889857.1633325,8.0,2.0,-88.0
1777889857.1733325,9.0,1.0,-92.0
1777889857.1833324,6.0,0.0,-97.0
1777889857.1933324,3.0,-2.0,-91.0
1777889857.2033324,0.0,-8.0,-83.0
1777889857.2133324,-1.0,-8.0,-78.0
1777889857.2233324,-5.0,-6.0,-81.0
1777889857.2333324,-2.0,-4.0,-79.0
1777889857.2433324,0.0,-1.0,-79.0
1777889857.2533324,-4.0,0.0,-77.0
1777889857.2633324,-5.0,1.0,-77.0
1777889857.2733324,-4.0,2.0,-73.0
1777889857.2833323,-4.0,0.0,-70.0
1777889857.2933323,-3.0,-1.0,-66.0
1777889857.3033323,0.0,-1.0,-70.0
1777889857.3133323,0.0,-1.0,-69.0
1777889857.3233323,0.0,-2.0,-66.0
1777889857.3333323,0.0,-3.0,-72.0
1777889857.3433323,0.0,1.0,-72.0
1777889857.3533323,0.0,5.0,-75.0
1777889857.3633325,3.0,1.0,-73.0
1777889857.3733325,4.0,3.0,-73.0
1777889857.3833325,7.0,2.0,-71.0
1777889857.3933325,2.0,1.0,-73.0
1777889857.4033325,1.0,0.0,-73.0
1777889857.4133325,-1.0,3.0,-76.0
1777889857.4233325,-2.0,2.0,-75.0
1777889857.4333324,-3.0,2.0,-79.0
1777889857.4433324,-1.0,0.0,-74.0
1777889857.4533324,-2.0,2.0,-79.0
1777889857.4633324,-2.0,0.0,-78.0
1777889857.4743323,-1.0,-1.0,-76.0
1777889857.4843323,-3.0,0.0,-78.0
1777889857.4943323,-3.0,1.0,-79.0
1777889857.5043323,-4.0,3.0,-78.0
1777889857.5143323,-5.0,5.0,-78.0
1777889857.5243323,-6.0,2.0,-76.0
1777889857.5343325,-6.0,-2.0,-74.0
1777889857.5443325,-3.0,-4.0,-75.0
1777889857.5543325,-3.0,-5.0,-82.0
1777889857.5643325,0.0,-6.0,-88.0
1777889857.5743325,1.0,-6.0,-89.0
1777889857.5843325,2.0,-3.0,-83.0
1777889857.5943325,5.0,-3.0,-86.0
1777889857.6043324,9.0,-1.0,-82.0
1777889857.6143324,11.0,-4.0,-85.0
1777889857.6243324,4.0,-2.0,-79.0
1777889857.6343324,0.0,-2.0,-81.0
1777889857.6443324,0.0,2.0,-87.0
1777889857.6543324,2.0,6.0,-85.0
1777889857.6643324,6.0,5.0,-85.0
1777889857.6743324,7.0,5.0,-79.0
1777889857.6843324,5.0,5.0,-77.0
1777889857.6943324,1.0,5.0,-77.0
1777889857.7043324,-1.0,6.0,-77.0
1777889857.7143323,-1.0,5.0,-71.0
1777889857.7243323,2.0,6.0,-61.0
1777889857.7343323,4.0,0.0,-63.0
1777889857.7443323,0.0,0.0,-66.0
1777889857.7543323,-1.0,0.0,-73.0
1777889857.7643323,1.0,-3.0,-75.0
1777889857.7743323,0.0,-1.0,-78.0
1777889857.7843325,-2.0,-4.0,-76.0
1777889857.7943325,-4.0,-3.0,-78.0
1777889857.8043325,-3.0,0.0,-70.0
1777889857.8143325,-1.0,0.0,-69.0
1777889857.8243325,1.0,-5.0,-65.0
1777889857.8343325,3.0,-7.0,-64.0
1777889857.8443325,4.0,-8.0,-65.0
1777889857.8543324,5.0,-8.0,-64.0
1777889857.8643324,0.0,-4.0,-60.0
1777889857.8743324,0.0,-1.0,-66.0
1777889857.8843324,6.0,-1.0,-74.0
1777889857.8943324,4.0,-3.0,-72.0
1777889857.9043324,4.0,-5.0,-71.0
1777889857.9143324,2.0,-4.0,-73.0
1777889857.9243324,0.0,-3.0,-74.0
1777889857.9343324,-2.0,0.0,-79.0
1777889857.9443324,3.0,-1.0,-81.0
1777889857.9543324,2.0,-3.0,-81.0
1777889857.9643323,0.0,-1.0,-75.0
1777889857.9743323,3.0,-2.0,-74.0
1777889857.9843323,3.0,-2.0,-74.0
1777889857.9943323,-1.0,-4.0,-76.0
1777889858.0043323,3.0,-4.0,-81.0
1777889858.0143323,5.0,-4.0,-83.0
1777889858.0243323,2.0,-3.0,-80.0
1777889858.0343325,-2.0,-4.0,-75.0
1777889858.0443325,0.0,-7.0,-71.0
1777889858.0543325,-3.0,-4.0,-73.0
1777889858.0643325,-4.0,-4.0,-73.0
1777889858.0743325,-4.0,-7.0,-78.0
1777889858.0843325,-5.0,-5.0,-79.0
1777889858.0943325,-1.0,-6.0,-82.0
1777889858.1043324,1.0,0.0,-86.0
1777889858.1143324,4.0,2.0,-78.0
1777889858.1243324,7.0,-1.0,-74.0
1777889858.1343324,6.0,-2.0,-72.0
1777889858.1443324,3.0,-2.0,-72.0
1777889858.1543324,2.0,-3.0,-74.0
1777889858.1643324,5.0,-2.0,-76.0
1777889858.1743324,5.0,-3.0,-77.0
1777889858.1843324,7.0,-7.0,-70.0
1777889858.1943324,5.0,-7.0,-68.0
1777889858.2043324,3.0,-5.0,-67.0
1777889858.2143323,3.0,-4.0,-71.0
1777889858.2243323,2.0,-2.0,-77.0
1777889858.2343323,3.0,-1.0,-72.0
1777889858.2443323,3.0,2.0,-66.0
1777889858.2543323,4.0,3.0,-63.0
1777889858.2643323,5.0,5.0,-63.0
1777889858.2743323,4.0,2.0,-68.0
1777889858.2843325,0.0,0.0,-73.0
1777889858.2943325,0.0,0.0,-75.0
1777889858.3043325,0.0,-1.0,-70.0
1777889858.3143325,1.0,-3.0,-71.0
1777889858.3243325,-5.0,-7.0,-71.0
1777889858.3343325,-5.0,-4.0,-71.0
1777889858.3443325,1.0,-4.0,-71.0
1777889858.3543324,6.0,-6.0,-69.0
1777889858.3643324,2.0,-7.0,-72.0
1777889858.3743324,0.0,-5.0,-70.0
1777889858.3843324,-2.0,-5.0,-69.0
1777889858.3943324,-3.0,-3.0,-72.0
1777889858.4043324,-6.0,-5.0,-68.0
1777889858.4143324,-1.0,0.0,-75.0
1777889858.4243324,0.0,0.0,-79.0
1777889858.4343324,0.0,0.0,-77.0
1777889858.4443324,0.0,3.0,-81.0
1777889858.4543324,-4.0,6.0,-79.0
1777889858.4643323,-1.0,6.0,-81.0
1777889858.4743323,-2.0,2.0,-78.0
1777889858.4843323,-1.0,0.0,-78.0
1777889858.4943323,3.0,1.0,-71.0
1777889858.5043323,-2.0,2.0,-68.0
1777889858.5143323,-3.0,0.0,-72.0
1777889858.5243323,0.0,-2.0,-76.0
1777889858.5343325,1.0,0.0,-73.0
1777889858.5443325,2.0,2.0,-78.0
1777889858.5543325,2.0,0.0,-77.0
1777889858.5643325,4.0,-2.0,-72.0
1777889858.5743325,3.0,-7.0,-71.0
1777889858.5843325,1.0,-5.0,-67.0
1777889858.5943325,2.0,-7.0,-74.0
1777889858.6043324,2.0,0.0,-75.0
1777889858.6143324,0.0,1.0,-76.0
1777889858.6243324,0.0,0.0,-76.0
1777889858.6343324,4.0,-2.0,-78.0
1777889858.6443324,4.0,-2.0,-74.0
1777889858.6543324,3.0,-4.0,-71.0
1777889858.6643324,8.0,-1.0,-69.0
1777889858.6743324,10.0,-3.0,-73.0
1777889858.6843324,8.0,-1.0,-77.0
1777889858.6943324,6.0,0.0,-75.0
1777889858.7043324,6.0,1.0,-73.0
1777889858.7143323,7.0,2.0,-74.0
1777889858.7243323,7.0,2.0,-75.0
1777889858.7343323,6.0,4.0,-70.0
1777889858.7443323,4.0,4.0,-74.0
1777889858.7543323,4.0,1.0,-78.0
1777889858.7643323,3.0,-2.0,-83.0
1777889858.7743323,2.0,-4.0,-82.0
1777889858.7843325,5.0,-6.0,-76.0
1777889858.7943325,4.0,-5.0,-71.0
1777889858.8043325,0.0,-5.0,-68.0
1777889858.8143325,0.0,-5.0,-68.0
1777889858.8243325,-4.0,-4.0,-72.0
1777889858.8343325,1.0,-2.0,-74.0
1777889858.8443325,5.0,-2.0,-76.0
1777889858.8543324,4.0,-3.0,-77.0
1777889858.8643324,4.0,-4.0,-76.0
1777889858.8743324,5.0,0.0,-75.0
1777889858.8843324,6.0,0.0,-77.0
1777889858.8943324,3.0,5.0,-80.0
1777889858.9043324,4.0,1.0,-75.0
1777889858.9143324,5.0,-1.0,-73.0
1777889858.9243324,6.0,0.0,-73.0
1777889858.9343324,7.0,0.0,-76.0
1777889858.9443324,6.0,0.0,-77.0
1777889858.9543324,9.0,0.0,-71.0
1777889858.9643323,10.0,1.0,-74.0
1777889858.9743323,9.0,-2.0,-70.0
1777889858.9843323,7.0,-1.0,-69.0
1777889858.9943323,5.0,0.0,-67.0
1777889859.0043323,1.0,2.0,-63.0
1777889859.0143323,-1.0,0.0,-66.0
1777889859.0243323,-1.0,0.0,-64.0
1777889859.0343325,5.0,-1.0,-69.0
1777889859.0443325,7.0,2.0,-68.0
1777889859.0543325,6.0,6.0,-69.0
1777889859.0643325,6.0,6.0,-70.0
1777889859.0743325,3.0,4.0,-71.0
1777889859.0843325,2.0,3.0,-65.0
1777889859.0943325,0.0,-2.0,-69.0
1777889859.1043324,0.0,-3.0,-70.0
1777889859.1143324,1.0,-4.0,-70.0
1777889859.1243324,4.0,-3.0,-66.0
1777889859.1343324,3.0,-6.0,-65.0
1777889859.1443324,3.0,-4.0,-62.0
1777889859.1543324,2.0,-6.0,-66.0
1777889859.1643324,-1.0,-7.0,-69.0
1777889859.1743324,-3.0,-5.0,-71.0
1777889859.1843324,1.0,-2.0,-78.0
1777889859.1943324,0.0,-1.0,-76.0
1777889859.2043324,0.0,-1.0,-79.0
1777889859.2143323,0.0,1.0,-83.0
1777889859.2243323,-3.0,1.0,-75.0
1777889859.2343323,-6.0,-2.0,-71.0
1777889859.2443323,-3.0,-1.0,-73.0
1777889859.2543323,-2.0,0.0,-76.0
1777889859.2643323,-3.0,0.0,-78.0
1777889859.2743323,-2.0,2.0,-75.0
1777889859.2843325,-2.0,2.0,-72.0
1777889859.2943325,0.0,3.0,-75.0
1777889859.3043325,0.0,4.0,-81.0
1777889859.3143325,-1.0,5.0,-79.0
1777889859.3243325,0.0,7.0,-83.0
1777889859.3343325,3.0,5.0,-81.0
1777889859.3443325,7.0,3.0,-70.0
1777889859.3543324,5.0,0.0,-72.0
1777889859.3643324,2.0,0.0,-70.0
1777889859.3743324,2.0,-3.0,-73.0
1777889859.3843324,4.0,-1.0,-72.0
1777889859.3943324,5.0,-2.0,-71.0
1777889859.4043324,2.0,-1.0,-65.0
1777889859.4143324,4.0,-1.0,-68.0
1777889859.4243324,8.0,0.0,-75.0
1777889859.4343324,6.0,0.0,-76.0
1777889859.4443324,4.0,0.0,-77.0
1777889859.4553325,2.0,1.0,-77.0
1777889859.4653325,0.0,0.0,-76.0
1777889859.4753325,0.0,0.0,-76.0
1777889859.4853325,1.0,0.0,-72.0
1777889859.4953325,1.0,-2.0,-72.0
1777889859.5053325,-4.0,-7.0,-71.0
1777889859.5153325,0.0,-6.0,-72.0
1777889859.5253325,0.0,-4.0,-67.0
1777889859.5353324,1.0,-5.0,-60.0
1777889859.5453324,1.0,-3.0,-67.0
1777889859.5553324,5.0,-5.0,-71.0
1777889859.5653324,4.0,-5.0,-75.0
1777889859.5753324,4.0,-5.0,-83.0
1777889859.5853324,3.0,-1.0,-80.0
1777889859.5953324,1.0,-2.0,-72.0
1777889859.6053324,2.0,1.0,-69.0
1777889859.6153324,9.0,3.0,-73.0
1777889859.6253324,9.0,1.0,-73.0
1777889859.6353323,6.0,3.0,-74.0
1777889859.6453323,5.0,5.0,-76.0
1777889859.6553323,8.0,3.0,-80.0
1777889859.6653323,2.0,0.0,-77.0
1777889859.6753323,0.0,1.0,-77.0
1777889859.6853323,3.0,2.0,-77.0
1777889859.6953323,-2.0,-1.0,-75.0
1777889859.7053325,-2.0,-6.0,-76.0
1777889859.7153325,0.0,-3.0,-83.0
1777889859.7253325,0.0,-6.0,-86.0
1777889859.7353325,0.0,-2.0,-88.0
1777889859.7453325,-2.0,0.0,-81.0
1777889859.7553325,0.0,0.0,-84.0
1777889859.7653325,6.0,-1.0,-77.0
1777889859.7753325,2.0,-4.0,-73.0
1777889859.7853324,2.0,-4.0,-70.0
1777889859.7953324,1.0,-6.0,-71.0
1777889859.8053324,6.0,-3.0,-77.0
1777889859.8153324,8.0,0.0,-80.0
1777889859.8253324,8.0,5.0,-82.0
1777889859.8353324,11.0,9.0,-68.0
1777889859.8453324,6.0,7.0,-67.0
1777889859.8553324,9.0,3.0,-69.0
1777889859.8653324,9.0,0.0,-76.0
1777889859.8753324,3.0,-3.0,-80.0
1777889859.8853323,4.0,-7.0,-80.0
1777889859.8953323,3.0,-5.0,-81.0
1777889859.9053323,1.0,-6.0,-76.0
1777889859.9153323,0.0,-5.0,-72.0
1777889859.9253323,-1.0,-2.0,-72.0
1777889859.9353323,0.0,-2.0,-76.0
1777889859.9453323,2.0,-6.0,-78.0
1777889859.9553325,2.0,-3.0,-76.0
1777889859.9653325,5.0,-2.0,-76.0
1777889859.9753325,6.0,0.0,-76.0
1777889859.9853325,8.0,-2.0,-82.0
1777889859.9953325,7.0,-5.0,-85.0
1777889860.0053325,7.0,-1.0,-81.0
1777889860.0153325,5.0,1.0,-82.0
1777889860.0253325,5.0,0.0,-79.0
1777889860.0353324,1.0,-1.0,-82.0
1777889860.0453324,1.0,-6.0,-77.0
1777889860.0553324,3.0,-6.0,-78.0
1777889860.0653324,4.0,-8.0,-76.0
1777889860.0753324,4.0,-10.0,-77.0
1777889860.0853324,2.0,-9.0,-72.0
1777889860.0953324,0.0,-3.0,-70.0
1777889860.1053324,4.0,-2.0,-77.0
1777889860.1153324,6.0,-2.0,-82.0
1777889860.1253324,10.0,1.0,-85.0
1777889860.1353323,5.0,5.0,-79.0
1777889860.1453323,4.0,0.0,-77.0
1777889860.1553323,0.0,-2.0,-78.0
1777889860.1653323,7.0,0.0,-74.0
1777889860.1753323,6.0,2.0,-76.0
1777889860.1853323,2.0,0.0,-74.0
1777889860.1953323,0.0,0.0,-67.0
1777889860.2053325,1.0,0.0,-70.0
1777889860.2153325,0.0,0.0,-71.0
1777889860.2253325,0.0,-3.0,-74.0
1777889860.2353325,3.0,-3.0,-77.0
1777889860.2453325,4.0,-4.0,-81.0
1777889860.2553325,5.0,-3.0,-80.0
1777889860.2653325,5.0,0.0,-77.0
1777889860.2753325,4.0,0.0,-79.0
1777889860.2853324,7.0,0.0,-80.0
1777889860.2953324,5.0,-5.0,-80.0
1777889860.3053324,6.0,-2.0,-72.0
1777889860.3153324,4.0,-2.0,-72.0
1777889860.3253324,3.0,-1.0,-73.0
1777889860.3353324,4.0,-1.0,-69.0
1777889860.3453324,3.0,0.0,-70.0
1777889860.3553324,0.0,0.0,-72.0
1777889860.3653324,-3.0,-2.0,-76.0
1777889860.3753324,-5.0,-5.0,-74.0
1777889860.3853323,-2.0,-9.0,-73.0
1777889860.3953323,0.0,-9.0,-72.0
1777889860.4053323,-1.0,-6.0,-67.0
1777889860.4153323,2.0,-1.0,-69.0
1777889860.4253323,2.0,-3.0,-71.0
1777889860.4353323,1.0,0.0,-73.0
1777889860.4453323,5.0,2.0,-75.0
1777889860.4553325,6.0,0.0,-78.0
1777889860.4653325,4.0,1.0,-83.0
1777889860.4753325,7.0,3.0,-77.0
1777889860.4853325,3.0,1.0,-74.0
1777889860.4953325,7.0,1.0,-70.0
1777889860.5053325,7.0,4.0,-68.0
1777889860.5153325,10.0,3.0,-66.0
1777889860.5253325,9.0,0.0,-69.0
1777889860.5353324,7.0,0.0,-74.0
1777889860.5453324,6.0,1.0,-70.0
1777889860.5553324,3.0,0.0,-74.0
1777889860.5653324,5.0,0.0,-77.0
1777889860.5753324,11.0,-2.0,-80.0
1777889860.5853324,11.0,-3.0,-80.0
1777889860.5953324,13.0,-3.0,-78.0
1777889860.6053324,11.0,-4.0,-72.0
1777889860.6153324,10.0,-4.0,-76.0
1777889860.6253324,12.0,-5.0,-87.0
1777889860.6353323,8.0,-1.0,-86.0
1777889860.6453323,4.0,-3.0,-82.0
1777889860.6553323,4.0,-1.0,-77.0
1777889860.6653323,2.0,0.0,-76.0
1777889860.6753323,3.0,-3.0,-78.0
1777889860.6853323,2.0,-2.0,-79.0
1777889860.6953323,1.0,-3.0,-79.0
1777889860.7053325,0.0,-1.0,-75.0
1777889860.7153325,2.0,0.0,-73.0
1777889860.7253325,1.0,2.0,-75.0
1777889860.7353325,0.0,3.0,-70.0
1777889860.7453325,-1.0,3.0,-74.0
1777889860.7553325,-4.0,0.0,-70.0
1777889860.7653325,-1.0,-2.0,-72.0
1777889860.7753325,2.0,-3.0,-70.0
1777889860.7853324,8.0,-3.0,-70.0
1777889860.7953324,5.0,-4.0,-76.0
1777889860.8053324,9.0,-4.0,-74.0
1777889860.8153324,10.0,-1.0,-80.0
1777889860.8253324,4.0,-4.0,-80.0
1777889860.8353324,2.0,0.0,-78.0
1777889860.8453324,-3.0,1.0,-77.0
1777889860.8553324,-1.0,0.0,-81.0
1777889860.8653324,-3.0,1.0,-74.0
1777889860.8753324,0.0,3.0,-71.0
1777889860.8853323,0.0,4.0,-76.0
1777889860.8953323,0.0,0.0,-79.0
1777889860.9053323,-4.0,0.0,-80.0
1777889860.9153323,-6.0,0.0,-80.0
1777889860.9253323,-5.0,0.0,-79.0
1777889860.9353323,-3.0,1.0,-77.0
1777889860.9453323,-1.0,2.0,-85.0
1777889860.9553325,-3.0,2.0,-88.0
1777889860.9653325,-1.0,-1.0,-89.0
1777889860.9753325,0.0,0.0,-79.0
1777889860.9853325,-1.0,-3.0,-71.0
1777889860.9953325,-1.0,-3.0,-71.0
1777889861.0053325,-4.0,1.0,-72.0
1777889861.0153325,0.0,0.0,-75.0
1777889861.0253325,0.0,0.0,-72.0
1777889861.0353324,2.0,4.0,-69.0
1777889861.0453324,2.0,4.0,-66.0
1777889861.0553324,0.0,4.0,-72.0
1777889861.0653324,-3.0,3.0,-67.0
1777889861.0753324,-4.0,2.0,-72.0
1777889861.0853324,-4.0,4.0,-72.0
1777889861.0953324,-1.0,8.0,-73.0
1777889861.1053324,2.0,6.0,-72.0
1777889861.1153324,1.0,5.0,-71.0
1777889861.1253324,2.0,7.0,-78.0
1777889861.1353323,1.0,6.0,-80.0
1777889861.1453323,0.0,5.0,-78.0
1777889861.1553323,0.0,7.0,-79.0
1777889861.1653323,1.0,4.0,-78.0
1777889861.1753323,-3.0,1.0,-78.0
1777889861.1853323,-2.0,-1.0,-78.0
1777889861.1953323,-5.0,0.0,-74.0
1777889861.2053325,-7.0,0.0,-76.0
1777889861.2153325,-4.0,2.0,-72.0
1777889861.2253325,-5.0,5.0,-81.0
1777889861.2353325,-2.0,7.0,-82.0
1777889861.2453325,0.0,3.0,-81.0
1777889861.2553325,1.0,3.0,-85.0
1777889861.2653325,3.0,2.0,-82.0
1777889861.2753325,5.0,2.0,-87.0
1777889861.2853324,5.0,5.0,-84.0
1777889861.2953324,9.0,5.0,-78.0
1777889861.3053324,11.0,2.0,-73.0
1777889861.3153324,7.0,1.0,-70.0
1777889861.3253324,4.0,2.0,-70.0
1777889861.3353324,6.0,0.0,-68.0
1777889861.3453324,8.0,-1.0,-68.0
1777889861.3553324,4.0,-2.0,-72.0
1777889861.3653324,3.0,0.0,-72.0
1777889861.3753324,3.0,5.0,-68.0
1777889861.3853323,6.0,3.0,-72.0
1777889861.3953323,3.0,0.0,-71.0
1777889861.4053323,2.0,-4.0,-74.0
1777889861.4153323,5.0,-5.0,-79.0
1777889861.4253323,8.0,-1.0,-80.0
1777889861.4363325,9.0,-6.0,-84.0
1777889861.4463325,4.0,-3.0,-82.0
1777889861.4563324,8.0,-3.0,-78.0
1777889861.4663324,10.0,-3.0,-80.0
1777889861.4763324,9.0,0.0,-79.0
1777889861.4863324,12.0,-1.0,-79.0
1777889861.4963324,9.0,-3.0,-79.0
1777889861.5063324,11.0,-2.0,-81.0
1777889861.5163324,14.0,3.0,-83.0
1777889861.5253325,12.0,1.0,-79.0
1777889861.5363324,12.0,-3.0,-78.0
1777889861.5463324,12.0,-5.0,-76.0
1777889861.5563323,11.0,-4.0,-85.0
1777889861.5663323,9.0,-5.0,-84.0
1777889861.5763323,7.0,-4.0,-84.0
1777889861.5863323,8.0,-6.0,-85.0
1777889861.5963323,7.0,-5.0,-88.0
1777889861.6063323,1.0,-7.0,-80.0
1777889861.6163323,0.0,-11.0,-79.0
1777889861.6263323,2.0,-12.0,-80.0
1777889861.6363325,3.0,-7.0,-71.0
1777889861.6463325,4.0,-10.0,-70.0
1777889861.6563325,1.0,-12.0,-75.0
1777889861.6663325,0.0,-4.0,-77.0
1777889861.6763325,-4.0,-1.0,-72.0
1777889861.6863325,-5.0,2.0,-77.0
1777889861.6963325,-4.0,2.0,-75.0
1777889861.7063324,1.0,0.0,-81.0
1777889861.7163324,2.0,-4.0,-84.0
1777889861.7263324,2.0,0.0,-79.0
1777889861.7363324,0.0,5.0,-76.0
1777889861.7463324,2.0,1.0,-73.0
1777889861.7563324,2.0,0.0,-67.0
1777889861.7663324,4.0,-2.0,-69.0
1777889861.7763324,6.0,1.0,-67.0
1777889861.7863324,6.0,5.0,-69.0
1777889861.7963324,4.0,7.0,-69.0
1777889861.8063323,2.0,1.0,-69.0
1777889861.8163323,-3.0,-1.0,-72.0
1777889861.8263323,-2.0,-6.0,-70.0
1777889861.8363323,-3.0,-7.0,-67.0
1777889861.8463323,-2.0,-4.0,-68.0
1777889861.8563323,-5.0,0.0,-70.0
1777889861.8663323,-3.0,0.0,-74.0
1777889861.8763323,-4.0,0.0,-68.0
1777889861.8863325,-6.0,4.0,-68.0
1777889861.8963325,-2.0,-1.0,-69.0
1777889861.9063325,-2.0,-1.0,-75.0
1777889861.9163325,-4.0,2.0,-73.0
1777889861.9263325,-3.0,3.0,-76.0
1777889861.9363325,1.0,3.0,-75.0
1777889861.9463325,6.0,0.0,-72.0
1777889861.9563324,7.0,2.0,-78.0
1777889861.9663324,2.0,3.0,-83.0
1777889861.9763324,0.0,3.0,-82.0
1777889861.9863324,-4.0,-1.0,-79.0
1777889861.9963324,-2.0,-7.0,-81.0
1777889862.0063324,-2.0,-4.0,-77.0
1777889862.0163324,-1.0,-5.0,-75.0
1777889862.0263324,-1.0,-3.0,-76.0
1777889862.0363324,-2.0,-4.0,-79.0
1777889862.0463324,-2.0,-3.0,-78.0
1777889862.0563323,-1.0,-6.0,-81.0
1777889862.0663323,0.0,-6.0,-80.0
1777889862.0763323,0.0,-1.0,-79.0
1777889862.0863323,-1.0,0.0,-77.0
1777889862.0963323,-2.0,0.0,-77.0
1777889862.1063323,-2.0,3.0,-76.0
1777889862.1163323,-5.0,0.0,-77.0
1777889862.1263323,0.0,-1.0,-78.0
1777889862.1363325,2.0,2.0,-71.0
1777889862.1463325,0.0,4.0,-75.0
1777889862.1563325,-2.0,2.0,-73.0
1777889862.1663325,-1.0,0.0,-78.0
1777889862.1763325,2.0,-1.0,-72.0
1777889862.1863325,1.0,-4.0,-69.0
1777889862.1963325,-1.0,-6.0,-67.0
1777889862.2063324,1.0,-6.0,-63.0
1777889862.2163324,5.0,-3.0,-63.0
1777889862.2263324,7.0,-1.0,-66.0
1777889862.2363324,5.0,0.0,-70.0
1777889862.2463324,1.0,-3.0,-76.0
1777889862.2563324,0.0,0.0,-73.0
1777889862.2663324,2.0,1.0,-75.0
1777889862.2763324,1.0,0.0,-77.0
1777889862.2863324,-4.0,-2.0,-79.0
1777889862.2963324,3.0,-5.0,-75.0
1777889862.3063323,3.0,1.0,-78.0
1777889862.3163323,0.0,0.0,-77.0
1777889862.3263323,0.0,3.0,-68.0
1777889862.3363323,1.0,-2.0,-74.0
1777889862.3463323,-1.0,-5.0,-78.0
1777889862.3563323,-4.0,-5.0,-82.0
1777889862.3673325,-7.0,-1.0,-84.0
1777889862.3763323,-4.0,-1.0,-83.0
1777889862.3863325,-6.0,-1.0,-80.0
1777889862.3963325,-3.0,1.0,-78.0
1777889862.4063325,-1.0,0.0,-85.0
1777889862.4163325,1.0,0.0,-89.0
1777889862.4263325,0.0,-4.0,-82.0
1777889862.4363325,-5.0,-4.0,-80.0
1777889862.4463325,-2.0,-3.0,-77.0
1777889862.4563324,1.0,-2.0,-77.0
1777889862.4663324,0.0,-2.0,-79.0
1777889862.4763324,0.0,-2.0,-75.0
1777889862.4863324,5.0,-4.0,-71.0
1777889862.4963324,4.0,-4.0,-70.0
1777889862.5063324,-1.0,-2.0,-72.0
1777889862.5163324,-5.0,-2.0,-73.0
1777889862.5263324,0.0,0.0,-68.0
1777889862.5363324,1.0,-4.0,-64.0
1777889862.5463324,2.0,-3.0,-70.0
1777889862.5563323,0.0,-3.0,-72.0
1777889862.5663323,-4.0,-2.0,-76.0
1777889862.5763323,-5.0,0.0,-78.0
1777889862.5863323,-3.0,0.0,-74.0
1777889862.5963323,-5.0,0.0,-79.0
1777889862.6063323,-4.0,0.0,-79.0
1777889862.6163323,0.0,-1.0,-72.0
1777889862.6263323,0.0,0.0,-75.0
1777889862.6363325,3.0,3.0,-77.0
1777889862.6463325,5.0,1.0,-72.0
1777889862.6563325,1.0,0.0,-72.0
1777889862.6663325,-1.0,-1.0,-77.0
1777889862.6763325,-2.0,-2.0,-76.0
1777889862.6863325,-3.0,-1.0,-74.0
1777889862.6963325,-2.0,-1.0,-72.0
1777889862.7063324,1.0,0.0,-73.0
1777889862.7163324,4.0,-3.0,-72.0
1777889862.7263324,2.0,-6.0,-73.0
1777889862.7363324,2.0,-7.0,-78.0
1777889862.7463324,-1.0,-6.0,-79.0
1777889862.7563324,0.0,-6.0,-83.0
1777889862.7663324,-1.0,-5.0,-89.0
1777889862.7763324,-3.0,-7.0,-90.0
1777889862.7863324,0.0,-6.0,-85.0
1777889862.7963324,0.0,-6.0,-80.0
1777889862.8063323,1.0,-7.0,-87.0
1777889862.8163323,1.0,-6.0,-85.0
1777889862.8263323,-1.0,-3.0,-76.0
1777889862.8363323,-9.0,-2.0,-75.0
1777889862.8463323,-7.0,-5.0,-69.0
1777889862.8563323,-9.0,-7.0,-69.0
1777889862.8663323,-14.0,-3.0,-69.0
1777889862.8763323,-11.0,-4.0,-67.0
1777889862.8863325,-7.0,-2.0,-71.0
1777889862.8963325,-5.0,3.0,-67.0
1777889862.9063325,-4.0,4.0,-68.0
1777889862.9163325,0.0,0.0,-72.0
1777889862.9263325,5.0,-2.0,-76.0
1777889862.9363325,7.0,-4.0,-73.0
1777889862.9463325,6.0,-3.0,-78.0
1777889862.9563324,5.0,-3.0,-74.0
1777889862.9663324,1.0,-4.0,-78.0
1777889862.9763324,1.0,-2.0,-77.0
1777889862.9863324,4.0,1.0,-67.0
1777889862.9963324,0.0,1.0,-67.0
1777889863.0063324,4.0,1.0,-68.0
1777889863.0163324,1.0,2.0,-72.0
1777889863.0263324,2.0,1.0,-70.0
1777889863.0363324,1.0,0.0,-68.0
1777889863.0463324,0.0,-2.0,-75.0
1777889863.0563323,0.0,-2.0,-78.0
1777889863.0663323,-3.0,0.0,-81.0
1777889863.0763323,-5.0,4.0,-78.0
1777889863.0863323,-1.0,2.0,-76.0
1777889863.0963323,0.0,-3.0,-74.0
1777889863.1063323,-3.0,-2.0,-77.0
1777889863.1163323,0.0,1.0,-84.0
1777889863.1263323,0.0,4.0,-90.0
1777889863.1363325,4.0,4.0,-88.0
1777889863.1463325,2.0,4.0,-90.0
1777889863.1563325,0.0,4.0,-82.0
1777889863.1663325,-3.0,2.0,-80.0
1777889863.1763325,-5.0,0.0,-80.0
1777889863.1863325,-2.0,-3.0,-81.0
1777889863.1963325,-5.0,0.0,-80.0
1777889863.2063324,-2.0,0.0,-77.0
1777889863.2163324,-2.0,4.0,-79.0
1777889863.2263324,1.0,2.0,-73.0
1777889863.2363324,2.0,1.0,-76.0
1777889863.2463324,1.0,0.0,-77.0
1777889863.2563324,0.0,-2.0,-78.0
1777889863.2663324,0.0,-1.0,-69.0
1777889863.2763324,0.0,0.0,-70.0
1777889863.2863324,0.0,1.0,-74.0
1777889863.2963324,-1.0,2.0,-73.0
1777889863.3063323,0.0,1.0,-74.0
1777889863.3163323,-7.0,1.0,-74.0
1777889863.3263323,-4.0,-2.0,-76.0
1777889863.3363323,-7.0,-3.0,-71.0
1777889863.3463323,-7.0,-3.0,-70.0
1777889863.3563323,-5.0,-1.0,-76.0
1777889863.3663323,-3.0,-1.0,-86.0
1777889863.3763323,-2.0,-1.0,-79.0
1777889863.3873324,-2.0,-2.0,-75.0
1777889863.3963325,-3.0,-5.0,-72.0
1777889863.4063325,-4.0,-6.0,-70.0
1777889863.4163325,-2.0,-5.0,-80.0
1777889863.4273324,-3.0,-4.0,-76.0
1777889863.4373324,-4.0,-8.0,-72.0
1777889863.4473324,-4.0,-4.0,-73.0
1777889863.4573324,-5.0,-3.0,-79.0
1777889863.4673324,-1.0,1.0,-76.0
1777889863.4773324,0.0,3.0,-75.0
1777889863.4873323,-3.0,7.0,-76.0
1777889863.4973323,-2.0,9.0,-80.0
1777889863.5073323,0.0,10.0,-81.0
1777889863.5173323,-4.0,9.0,-74.0
1777889863.5273323,-1.0,3.0,-72.0
1777889863.5373323,-4.0,3.0,-73.0
1777889863.5473323,-5.0,3.0,-76.0
1777889863.5573325,-4.0,5.0,-79.0
1777889863.5673325,-1.0,0.0,-78.0
1777889863.5773325,1.0,0.0,-77.0
1777889863.5873325,4.0,1.0,-72.0
1777889863.5973325,7.0,-1.0,-70.0
1777889863.6073325,1.0,-1.0,-69.0
1777889863.6173325,0.0,3.0,-72.0
1777889863.6273324,4.0,6.0,-76.0
1777889863.6373324,4.0,4.0,-76.0
1777889863.6473324,5.0,8.0,-75.0
1777889863.6573324,7.0,7.0,-72.0
1777889863.6673324,8.0,7.0,-74.0
1777889863.6773324,10.0,6.0,-70.0
1777889863.6873324,9.0,1.0,-70.0
1777889863.6973324,3.0,-2.0,-75.0
1777889863.7073324,1.0,0.0,-77.0
1777889863.7173324,1.0,2.0,-73.0
1777889863.7273324,0.0,4.0,-71.0
1777889863.7373323,-2.0,4.0,-79.0
1777889863.7473323,-2.0,0.0,-74.0
1777889863.7573323,-1.0,2.0,-69.0
1777889863.7673323,0.0,0.0,-70.0
1777889863.7773323,0.0,3.0,-74.0
1777889863.7873323,-1.0,0.0,-76.0
1777889863.7973323,-3.0,0.0,-76.0
1777889863.8073325,0.0,1.0,-81.0
1777889863.8173325,-1.0,1.0,-77.0
1777889863.8273325,0.0,3.0,-71.0
1777889863.8373325,-4.0,0.0,-74.0
1777889863.8473325,-1.0,-8.0,-80.0
1777889863.8573325,3.0,-6.0,-86.0
1777889863.8673325,4.0,-5.0,-81.0
1777889863.8773324,2.0,-6.0,-76.0
1777889863.8873324,1.0,-6.0,-76.0
1777889863.8973324,-3.0,-2.0,-70.0
1777889863.9073324,-4.0,0.0,-67.0
1777889863.9173324,-3.0,1.0,-69.0
1777889863.9273324,-4.0,2.0,-76.0
1777889863.9373324,-9.0,1.0,-82.0
1777889863.9473324,-5.0,2.0,-84.0
1777889863.9573324,-2.0,-3.0,-76.0
1777889863.9673324,0.0,-3.0,-75.0
1777889863.9773324,3.0,-6.0,-75.0
1777889863.9873323,4.0,-4.0,-76.0
1777889863.9973323,2.0,-2.0,-67.0
1777889864.0073323,5.0,0.0,-72.0
1777889864.0173323,0.0,0.0,-74.0
1777889864.0273323,4.0,0.0,-67.0
1777889864.0373323,5.0,1.0,-65.0
1777889864.0473323,6.0,3.0,-72.0
1777889864.0573325,2.0,4.0,-77.0
1777889864.0673325,-1.0,4.0,-75.0
1777889864.0773325,0.0,0.0,-77.0
1777889864.0873325,2.0,0.0,-75.0
1777889864.0973325,6.0,-3.0,-68.0
1777889864.1073325,7.0,-4.0,-67.0
1777889864.1173325,7.0,-9.0,-68.0
1777889864.1273324,4.0,-10.0,-70.0
1777889864.1373324,0.0,-11.0,-71.0
1777889864.1473324,-2.0,-11.0,-73.0
1777889864.1573324,2.0,-6.0,-73.0
1777889864.1673324,1.0,-5.0,-73.0
1777889864.1773324,-3.0,0.0,-73.0
1777889864.1873324,0.0,-3.0,-70.0
1777889864.1973324,2.0,0.0,-71.0
1777889864.2073324,1.0,1.0,-67.0
1777889864.2173324,1.0,2.0,-76.0
1777889864.2273324,2.0,0.0,-81.0
1777889864.2373323,1.0,1.0,-83.0
1777889864.2473323,3.0,3.0,-77.0
1777889864.2573323,4.0,0.0,-78.0
1777889864.2673323,2.0,-1.0,-78.0
1777889864.2773323,3.0,-2.0,-79.0
1777889864.2873323,7.0,-1.0,-76.0
1777889864.2973323,6.0,-5.0,-76.0
1777889864.3073325,11.0,-4.0,-75.0
1777889864.3173325,10.0,-4.0,-74.0
1777889864.3273325,6.0,-3.0,-76.0
1777889864.3373325,4.0,-5.0,-73.0
1777889864.3473325,6.0,-7.0,-69.0
1777889864.3573325,5.0,-5.0,-69.0
1777889864.3673325,1.0,-3.0,-69.0
1777889864.3773324,0.0,-1.0,-72.0
1777889864.3873324,0.0,0.0,-71.0
1777889864.3973324,4.0,0.0,-73.0
1777889864.4073324,4.0,4.0,-70.0
1777889864.4173324,1.0,3.0,-70.0
1777889864.4273324,0.0,4.0,-66.0
1777889864.4373324,2.0,0.0,-69.0
1777889864.4473324,5.0,4.0,-73.0
1777889864.4573324,2.0,0.0,-70.0
1777889864.4673324,4.0,0.0,-71.0
1777889864.4773324,6.0,1.0,-67.0
1777889864.4873323,4.0,0.0,-70.0
1777889864.4973323,5.0,1.0,-67.0
1777889864.5073323,5.0,2.0,-69.0
1777889864.5173323,1.0,4.0,-62.0
1777889864.5273323,-3.0,-1.0,-64.0
1777889864.5373323,-2.0,-3.0,-67.0
1777889864.5473323,-1.0,0.0,-75.0
1777889864.5573325,-2.0,2.0,-78.0
1777889864.5673325,0.0,3.0,-78.0
1777889864.5773325,3.0,0.0,-70.0
1777889864.5873325,1.0,0.0,-72.0
1777889864.5973325,-4.0,2.0,-67.0
1777889864.6073325,-8.0,1.0,-69.0
1777889864.6173325,-7.0,-1.0,-72.0
1777889864.6273324,-3.0,-1.0,-73.0
1777889864.6373324,-3.0,-1.0,-77.0
1777889864.6473324,0.0,-2.0,-72.0
1777889864.6573324,1.0,-2.0,-79.0
1777889864.6673324,2.0,0.0,-78.0
1777889864.6773324,3.0,0.0,-80.0
1777889864.6873324,5.0,-1.0,-72.0
1777889864.6973324,7.0,0.0,-70.0
1777889864.7073324,4.0,-6.0,-74.0
1777889864.7173324,5.0,-6.0,-75.0
1777889864.7273324,5.0,-7.0,-80.0
1777889864.7373323,4.0,-6.0,-80.0
1777889864.7473323,3.0,-4.0,-82.0
1777889864.7573323,-1.0,0.0,-80.0
1777889864.7673323,-1.0,0.0,-71.0
1777889864.7773323,1.0,0.0,-65.0
1777889864.7873323,-3.0,-2.0,-66.0
1777889864.7973323,-3.0,-5.0,-75.0
1777889864.8073325,-2.0,0.0,-76.0
1777889864.8173325,-3.0,4.0,-77.0
1777889864.8273325,-5.0,0.0,-79.0
1777889864.8373325,-1.0,0.0,-77.0
1777889864.8473325,0.0,1.0,-77.0
1777889864.8573325,-1.0,3.0,-83.0
1777889864.8673325,-1.0,-1.0,-80.0
1777889864.8773324,2.0,-2.0,-75.0
1777889864.8873324,1.0,-3.0,-79.0
1777889864.8973324,0.0,0.0,-81.0
1777889864.9073324,-1.0,-3.0,-79.0
1777889864.9173324,-2.0,1.0,-84.0
1777889864.9273324,0.0,0.0,-82.0
1777889864.9373324,-5.0,-3.0,-75.0
1777889864.9473324,-5.0,-3.0,-79.0
1777889864.9573324,-5.0,-1.0,-77.0
1777889864.9673324,-6.0,-2.0,-72.0
1777889864.9773324,-5.0,-1.0,-73.0
1777889864.9873323,-5.0,0.0,-67.0
1777889864.9973323,-3.0,1.0,-67.0
1777889865.0073323,0.0,0.0,-71.0
1777889865.0173323,6.0,-4.0,-77.0
1777889865.0273323,6.0,0.0,-74.0
1777889865.0373323,6.0,-2.0,-72.0
1777889865.0473323,5.0,0.0,-69.0
1777889865.0573325,0.0,1.0,-71.0
1777889865.0673325,0.0,1.0,-67.0
1777889865.0773325,6.0,2.0,-67.0
1777889865.0873325,6.0,-1.0,-61.0
1777889865.0973325,6.0,0.0,-57.0
1777889865.1073325,4.0,-2.0,-57.0
1777889865.1173325,1.0,0.0,-62.0
1777889865.1273324,1.0,-1.0,-68.0
1777889865.1373324,6.0,-4.0,-76.0
1777889865.1473324,1.0,-1.0,-83.0
1777889865.1573324,-1.0,0.0,-77.0
1777889865.1673324,0.0,1.0,-73.0
1777889865.1773324,0.0,3.0,-77.0
1777889865.1873324,2.0,6.0,-73.0
1777889865.1973324,0.0,3.0,-71.0
1777889865.2073324,0.0,1.0,-76.0
1777889865.2173324,4.0,-1.0,-74.0
1777889865.2273324,3.0,-2.0,-65.0
1777889865.2373323,1.0,-4.0,-64.0
1777889865.2473323,-2.0,-2.0,-68.0
1777889865.2573323,0.0,-3.0,-64.0
1777889865.2673323,1.0,-1.0,-66.0
1777889865.2773323,1.0,-2.0,-70.0
1777889865.2873323,3.0,-5.0,-67.0
1777889865.2973323,3.0,-5.0,-62.0
1777889865.3073325,0.0,0.0,-64.0
1777889865.3173325,0.0,2.0,-69.0
1777889865.3273325,-1.0,0.0,-66.0
1777889865.3373325,0.0,1.0,-72.0
1777889865.3473325,-1.0,1.0,-69.0
1777889865.3573325,-1.0,1.0,-66.0
1777889865.3673325,-2.0,-2.0,-63.0
1777889865.3773324,0.0,0.0,-62.0
1777889865.3873324,1.0,-3.0,-62.0
1777889865.3983324,0.0,-4.0,-68.0
1777889865.4083323,0.0,-3.0,-70.0
1777889865.4173324,-1.0,0.0,-76.0
1777889865.4283323,2.0,0.0,-78.0
1777889865.4393325,1.0,0.0,-78.0
1777889865.4483323,5.0,0.0,-75.0
1777889865.4583323,8.0,-6.0,-75.0
1777889865.4683323,9.0,-7.0,-69.0
1777889865.4783323,7.0,-7.0,-71.0
1777889865.4883325,6.0,-9.0,-73.0
1777889865.4983325,2.0,-8.0,-73.0
1777889865.5083325,2.0,-2.0,-76.0
1777889865.5183325,-3.0,1.0,-72.0
1777889865.5283325,-4.0,0.0,-70.0
1777889865.5383325,-1.0,2.0,-77.0
1777889865.5483325,3.0,0.0,-78.0
1777889865.5583324,6.0,0.0,-79.0
1777889865.5683324,1.0,1.0,-77.0
1777889865.5783324,-1.0,1.0,-75.0
1777889865.5883324,2.0,1.0,-69.0
1777889865.5983324,1.0,0.0,-76.0
1777889865.6083324,-1.0,4.0,-81.0
1777889865.6183324,-4.0,1.0,-80.0
1777889865.6283324,-1.0,0.0,-83.0
1777889865.6383324,0.0,-3.0,-81.0
1777889865.6483324,0.0,-7.0,-80.0
1777889865.6583323,0.0,-9.0,-80.0
1777889865.6683323,0.0,-8.0,-88.0
1777889865.6783323,2.0,-5.0,-88.0
1777889865.6883323,3.0,-4.0,-84.0
1777889865.6983323,4.0,-2.0,-84.0
1777889865.7083323,4.0,-5.0,-80.0
1777889865.7183323,3.0,-8.0,-78.0
1777889865.7283323,-4.0,-5.0,-72.0
1777889865.7383325,-9.0,-4.0,-66.0
1777889865.7483325,-3.0,-1.0,-67.0
1777889865.7583325,-1.0,0.0,-74.0
1777889865.7683325,-3.0,1.0,-75.0
1777889865.7783325,-1.0,0.0,-70.0
1777889865.7883325,-2.0,0.0,-71.0
1777889865.7983325,-3.0,0.0,-77.0
1777889865.8083324,0.0,1.0,-80.0
1777889865.8183324,-2.0,1.0,-77.0
1777889865.8283324,-7.0,-1.0,-77.0
1777889865.8383324,-6.0,-1.0,-80.0
1777889865.8483324,-5.0,-2.0,-80.0
1777889865.8583324,-7.0,-1.0,-80.0
1777889865.8683324,-5.0,0.0,-79.0
1777889865.8783324,-2.0,0.0,-79.0
1777889865.8883324,0.0,-2.0,-71.0
1777889865.8983324,0.0,0.0,-71.0
1777889865.9083323,1.0,0.0,-75.0
1777889865.9183323,0.0,0.0,-75.0
1777889865.9283323,-3.0,1.0,-77.0
1777889865.9383323,-2.0,-1.0,-81.0
1777889865.9483323,-1.0,-6.0,-80.0
1777889865.9583323,-6.0,-7.0,-74.0
1777889865.9683323,-6.0,-9.0,-72.0
1777889865.9783323,-5.0,-7.0,-66.0
1777889865.9883325,-9.0,-3.0,-71.0
1777889865.9983325,-5.0,-3.0,-71.0
1777889866.0083325,-5.0,-3.0,-68.0
1777889866.0183325,-2.0,-3.0,-67.0
1777889866.0283325,-2.0,-4.0,-68.0
1777889866.0383325,0.0,-2.0,-76.0
1777889866.0483325,0.0,-1.0,-79.0
1777889866.0583324,-2.0,1.0,-88.0
1777889866.0683324,-2.0,-2.0,-91.0
1777889866.0783324,-7.0,-5.0,-86.0
1777889866.0883324,-5.0,-4.0,-76.0
1777889866.0983324,-4.0,-3.0,-74.0
1777889866.1083324,-3.0,-3.0,-77.0
1777889866.1183324,-6.0,-2.0,-69.0
1777889866.1283324,-3.0,-2.0,-71.0
1777889866.1383324,0.0,-1.0,-72.0
1777889866.1483324,0.0,0.0,-67.0
1777889866.1583323,1.0,-2.0,-66.0
1777889866.1683323,3.0,-3.0,-67.0
1777889866.1783323,4.0,-2.0,-62.0
1777889866.1883323,9.0,-1.0,-68.0
1777889866.1983323,8.0,-1.0,-74.0
1777889866.2083323,4.0,-1.0,-66.0
1777889866.2183323,3.0,-2.0,-66.0
1777889866.2283323,0.0,0.0,-73.0
1777889866.2383325,-2.0,1.0,-82.0
1777889866.2483325,0.0,0.0,-87.0
1777889866.2583325,6.0,-1.0,-83.0
1777889866.2683325,4.0,-2.0,-83.0
1777889866.2783325,3.0,-2.0,-76.0
1777889866.2883325,3.0,-6.0,-76.0
1777889866.2983325,0.0,-4.0,-71.0
1777889866.3083324,2.0,1.0,-62.0
1777889866.3183324,4.0,-2.0,-58.0
1777889866.3283324,0.0,0.0,-68.0
1777889866.3383324,-3.0,-3.0,-71.0
1777889866.3483324,-6.0,-3.0,-76.0
1777889866.3583324,-6.0,-2.0,-72.0
1777889866.3683324,-4.0,-2.0,-65.0
1777889866.3783324,-6.0,0.0,-63.0
1777889866.3883324,-3.0,-1.0,-63.0
1777889866.3983324,-4.0,-5.0,-62.0
1777889866.4083323,-6.0,-9.0,-59.0
1777889866.4183323,-6.0,-8.0,-61.0
1777889866.4283323,-4.0,-4.0,-60.0
1777889866.4383323,-4.0,-3.0,-62.0
1777889866.4483323,-3.0,-4.0,-62.0
1777889866.4583323,-2.0,-3.0,-63.0
1777889866.4683323,-1.0,-4.0,-69.0
1777889866.4783323,1.0,-3.0,-67.0
1777889866.4883325,2.0,0.0,-62.0
1777889866.4983325,2.0,3.0,-55.0
1777889866.5083325,-3.0,0.0,-56.0
1777889866.5183325,-2.0,0.0,-61.0
1777889866.5283325,-2.0,-4.0,-69.0
1777889866.5383325,-2.0,-5.0,-68.0
1777889866.5483325,-2.0,-4.0,-67.0
1777889866.5583324,1.0,-3.0,-67.0
1777889866.5683324,0.0,0.0,-68.0
1777889866.5783324,-4.0,-1.0,-65.0
1777889866.5883324,-4.0,2.0,-64.0
1777889866.5983324,0.0,0.0,-65.0
1777889866.6083324,1.0,0.0,-72.0
1777889866.6183324,1.0,1.0,-73.0
1777889866.6283324,-1.0,2.0,-77.0
1777889866.6383324,3.0,0.0,-77.0
1777889866.6483324,6.0,0.0,-73.0
1777889866.6583323,7.0,0.0,-74.0
1777889866.6683323,5.0,-2.0,-76.0
1777889866.6783323,7.0,-6.0,-77.0
1777889866.6883323,6.0,-5.0,-80.0
1777889866.6983323,4.0,-5.0,-81.0
1777889866.7083323,3.0,-7.0,-83.0
1777889866.7183323,4.0,-6.0,-84.0
1777889866.7283323,7.0,-3.0,-80.0
1777889866.7383325,7.0,-6.0,-74.0
1777889866.7483325,8.0,-6.0,-69.0
1777889866.7583325,3.0,-8.0,-70.0
1777889866.7683325,4.0,-8.0,-74.0
1777889866.7783325,2.0,-6.0,-78.0
1777889866.7883325,8.0,-5.0,-72.0
1777889866.7983325,9.0,-4.0,-73.0
1777889866.8083324,6.0,0.0,-75.0
1777889866.8183324,4.0,-1.0,-75.0
1777889866.8283324,5.0,-2.0,-71.0
1777889866.8383324,8.0,-1.0,-73.0
1777889866.8483324,13.0,0.0,-72.0
1777889866.8583324,12.0,-3.0,-71.0
1777889866.8683324,9.0,-3.0,-73.0
1777889866.8783324,7.0,-2.0,-73.0
1777889866.8883324,12.0,-1.0,-73.0
1777889866.8983324,12.0,0.0,-74.0
1777889866.9083323,8.0,-4.0,-76.0
1777889866.9183323,6.0,-7.0,-73.0
1777889866.9283323,5.0,3.0,-70.0
1777889866.9383323,7.0,7.0,-73.0
1777889866.9483323,2.0,7.0,-63.0
1777889866.9583323,5.0,1.0,-64.0
1777889866.9683323,9.0,0.0,-76.0
1777889866.9783323,9.0,0.0,-79.0
1777889866.9883325,5.0,1.0,-76.0
1777889866.9983325,6.0,-1.0,-78.0
1777889867.0083325,7.0,-4.0,-86.0
1777889867.0183325,6.0,-6.0,-88.0
1777889867.0283325,4.0,0.0,-84.0
1777889867.0383325,2.0,1.0,-81.0
1777889867.0483325,2.0,-1.0,-77.0
1777889867.0583324,2.0,-2.0,-74.0
1777889867.0683324,6.0,-3.0,-70.0
1777889867.0783324,5.0,-4.0,-67.0
1777889867.0883324,-2.0,-3.0,-64.0
1777889867.0983324,-2.0,-3.0,-70.0
1777889867.1083324,-3.0,-1.0,-78.0
1777889867.1183324,0.0,-2.0,-82.0
1777889867.1283324,2.0,-3.0,-75.0
1777889867.1383324,3.0,-6.0,-71.0
1777889867.1483324,0.0,-2.0,-72.0
1777889867.1583323,2.0,2.0,-66.0
1777889867.1683323,3.0,5.0,-70.0
1777889867.1783323,3.0,8.0,-65.0
1777889867.1883323,-2.0,6.0,-69.0
1777889867.1983323,-1.0,4.0,-74.0
1777889867.2083323,1.0,5.0,-75.0
1777889867.2183323,0.0,2.0,-72.0
1777889867.2283323,1.0,0.0,-69.0
1777889867.2383325,2.0,-2.0,-74.0
1777889867.2483325,5.0,-7.0,-72.0
1777889867.2583325,5.0,-6.0,-73.0
1777889867.2683325,7.0,-6.0,-70.0
1777889867.2783325,1.0,-7.0,-68.0
1777889867.2883325,5.0,-3.0,-75.0
1777889867.2983325,0.0,0.0,-73.0
1777889867.3083324,-1.0,1.0,-68.0
1777889867.3183324,-2.0,0.0,-76.0
1777889867.3283324,-1.0,2.0,-74.0
1777889867.3383324,1.0,0.0,-69.0
1777889867.3483324,1.0,3.0,-75.0
1777889867.3583324,1.0,0.0,-75.0
1777889867.3683324,1.0,0.0,-75.0
1777889867.3783324,0.0,-2.0,-64.0
1777889867.3893323,1.0,0.0,-64.0
1777889867.3983324,0.0,0.0,-70.0
1777889867.4093325,1.0,-6.0,-70.0
1777889867.4193325,7.0,-10.0,-71.0
1777889867.4293325,7.0,-9.0,-76.0
1777889867.4393325,6.0,-6.0,-79.0
1777889867.4493325,5.0,-5.0,-73.0
1777889867.4593325,0.0,-1.0,-70.0
1777889867.4693325,-2.0,0.0,-69.0
1777889867.4793324,-2.0,0.0,-70.0
1777889867.4893324,-2.0,-2.0,-76.0
1777889867.4993324,0.0,-1.0,-75.0
1777889867.5093324,4.0,-2.0,-72.0
1777889867.5193324,5.0,-1.0,-82.0
1777889867.5293324,3.0,-3.0,-89.0
1777889867.5393324,3.0,1.0,-96.0
1777889867.5493324,4.0,0.0,-91.0
1777889867.5593324,4.0,-3.0,-81.0
1777889867.5693324,2.0,-3.0,-77.0
1777889867.5793324,4.0,0.0,-75.0
1777889867.5893323,3.0,1.0,-73.0
1777889867.5993323,3.0,-2.0,-68.0
1777889867.6093323,4.0,-3.0,-66.0
1777889867.6193323,4.0,-2.0,-64.0
1777889867.6293323,2.0,-4.0,-70.0
1777889867.6393323,-1.0,-1.0,-74.0
1777889867.6493323,-1.0,-1.0,-75.0
1777889867.6593325,1.0,-1.0,-77.0
1777889867.6693325,3.0,-1.0,-76.0
1777889867.6793325,2.0,-3.0,-79.0
1777889867.6893325,5.0,-6.0,-80.0
1777889867.6993325,0.0,-6.0,-77.0
1777889867.7093325,-1.0,-1.0,-74.0
1777889867.7193325,-2.0,0.0,-66.0
1777889867.7293324,0.0,0.0,-67.0
1777889867.7393324,-2.0,0.0,-69.0
1777889867.7493324,-1.0,0.0,-72.0
1777889867.7593324,3.0,-2.0,-75.0
1777889867.7693324,0.0,-7.0,-74.0
1777889867.7793324,-4.0,-9.0,-78.0
1777889867.7893324,-5.0,-11.0,-83.0
1777889867.7993324,-1.0,-10.0,-81.0
1777889867.8093324,-1.0,-3.0,-80.0
1777889867.8193324,0.0,0.0,-75.0
1777889867.8293324,-2.0,0.0,-78.0
1777889867.8393323,-3.0,1.0,-77.0
1777889867.8493323,-3.0,-1.0,-78.0
1777889867.8593323,-3.0,0.0,-85.0
1777889867.8693323,0.0,3.0,-88.0
1777889867.8793323,-2.0,0.0,-81.0
1777889867.8893323,0.0,0.0,-80.0
1777889867.8993323,1.0,0.0,-78.0
1777889867.9093325,1.0,1.0,-85.0
1777889867.9193325,1.0,-1.0,-88.0
1777889867.9293325,4.0,0.0,-85.0
1777889867.9393325,4.0,0.0,-73.0
1777889867.9493325,6.0,2.0,-69.0
1777889867.9593325,6.0,0.0,-73.0
1777889867.9693325,8.0,2.0,-68.0
1777889867.9793324,11.0,2.0,-72.0
1777889867.9893324,11.0,1.0,-74.0
1777889867.9993324,9.0,1.0,-68.0
1777889868.0093324,7.0,4.0,-71.0
1777889868.0193324,6.0,3.0,-70.0
1777889868.0293324,8.0,4.0,-67.0
1777889868.0393324,4.0,5.0,-65.0
1777889868.0493324,2.0,6.0,-64.0
1777889868.0593324,3.0,4.0,-70.0
1777889868.0693324,0.0,0.0,-80.0
1777889868.0793324,0.0,0.0,-75.0
1777889868.0893323,-3.0,0.0,-73.0
1777889868.0993323,-2.0,0.0,-69.0
1777889868.1093323,0.0,0.0,-68.0
1777889868.1193323,-1.0,2.0,-67.0
1777889868.1293323,-1.0,3.0,-67.0
1777889868.1393323,1.0,-3.0,-73.0
1777889868.1493323,-1.0,-6.0,-75.0
1777889868.1593325,-2.0,-4.0,-76.0
1777889868.1693325,-4.0,-4.0,-74.0
1777889868.1793325,0.0,-2.0,-69.0
1777889868.1893325,0.0,3.0,-67.0
1777889868.1993325,2.0,5.0,-67.0
1777889868.2093325,3.0,7.0,-72.0
1777889868.2193325,3.0,5.0,-73.0
1777889868.2293324,-1.0,3.0,-65.0
1777889868.2393324,-2.0,5.0,-64.0
1777889868.2493324,1.0,4.0,-69.0
1777889868.2593324,1.0,5.0,-73.0
1777889868.2693324,3.0,4.0,-75.0
1777889868.2793324,5.0,1.0,-76.0
1777889868.2893324,3.0,-2.0,-80.0
1777889868.2993324,2.0,-2.0,-78.0
1777889868.3093324,1.0,0.0,-76.0
1777889868.3193324,-2.0,0.0,-70.0
1777889868.3293324,-2.0,4.0,-76.0
1777889868.3393323,-3.0,2.0,-79.0
1777889868.3493323,-3.0,3.0,-76.0
1777889868.3593323,0.0,5.0,-77.0
1777889868.3693323,0.0,0.0,-72.0
1777889868.3793323,-3.0,-7.0,-79.0
1777889868.3893323,-3.0,-5.0,-80.0
1777889868.3993323,-8.0,-5.0,-74.0
1777889868.4093325,-3.0,-6.0,-75.0
1777889868.4193325,0.0,-8.0,-72.0
1777889868.4293325,1.0,-8.0,-69.0
1777889868.4393325,0.0,-5.0,-79.0
1777889868.4493325,3.0,-3.0,-75.0
1777889868.4593325,2.0,-4.0,-72.0
1777889868.4693325,3.0,0.0,-67.0
1777889868.4793324,4.0,0.0,-70.0
1777889868.4893324,1.0,-2.0,-73.0
1777889868.4993324,1.0,-4.0,-68.0
1777889868.5093324,-4.0,-3.0,-75.0
1777889868.5193324,-1.0,-1.0,-78.0
1777889868.5293324,-4.0,3.0,-85.0
1777889868.5393324,-3.0,1.0,-82.0
1777889868.5493324,1.0,1.0,-82.0
1777889868.5593324,2.0,2.0,-83.0
1777889868.5693324,4.0,0.0,-81.0
1777889868.5793324,0.0,-3.0,-77.0
1777889868.5893323,3.0,-1.0,-80.0
1777889868.6003325,5.0,-2.0,-79.0
1777889868.6093323,2.0,-7.0,-80.0
1777889868.6193323,5.0,-6.0,-78.0
1777889868.6293323,3.0,-2.0,-78.0
1777889868.6393323,4.0,1.0,-79.0
1777889868.6493323,4.0,0.0,-77.0
1777889868.6593325,3.0,-1.0,-73.0
1777889868.6693325,5.0,0.0,-71.0
1777889868.6793325,3.0,-3.0,-77.0
1777889868.6893325,2.0,0.0,-79.0
1777889868.6993325,0.0,2.0,-74.0
1777889868.7093325,-1.0,0.0,-81.0
1777889868.7193325,-2.0,0.0,-79.0
1777889868.7293324,-2.0,-4.0,-82.0
1777889868.7393324,0.0,-8.0,-79.0
1777889868.7493324,1.0,-9.0,-74.0
1777889868.7593324,5.0,-9.0,-74.0
1777889868.7693324,9.0,-9.0,-72.0
1777889868.7793324,10.0,-9.0,-78.0
1777889868.7893324,6.0,-10.0,-78.0
1777889868.7993324,2.0,-9.0,-74.0
1777889868.8093324,1.0,-4.0,-68.0
1777889868.8193324,2.0,-2.0,-70.0
1777889868.8293324,3.0,1.0,-71.0
1777889868.8393323,1.0,1.0,-71.0
1777889868.8493323,-3.0,1.0,-74.0
1777889868.8593323,0.0,3.0,-71.0
1777889868.8693323,-3.0,1.0,-73.0
1777889868.8793323,-2.0,5.0,-76.0
1777889868.8893323,-3.0,5.0,-73.0
1777889868.8993323,-2.0,9.0,-68.0
1777889868.9093325,2.0,7.0,-66.0
1777889868.9193325,1.0,3.0,-71.0
1777889868.9293325,0.0,2.0,-72.0
1777889868.9393325,-5.0,3.0,-72.0
1777889868.9493325,-3.0,1.0,-80.0
1777889868.9593325,-3.0,0.0,-79.0
1777889868.9693325,0.0,0.0,-75.0
1777889868.9793324,0.0,-1.0,-70.0
1777889868.9893324,1.0,-3.0,-75.0
1777889868.9993324,3.0,-1.0,-78.0
1777889869.0093324,0.0,0.0,-71.0
1777889869.0193324,-3.0,-1.0,-68.0
1777889869.0293324,0.0,1.0,-72.0
1777889869.0393324,0.0,-3.0,-69.0
1777889869.0493324,2.0,-5.0,-69.0
1777889869.0593324,6.0,-1.0,-76.0
1777889869.0693324,8.0,0.0,-81.0
1777889869.0793324,5.0,-1.0,-80.0
1777889869.0893323,3.0,-1.0,-77.0
1777889869.0993323,4.0,-4.0,-77.0
1777889869.1093323,1.0,-3.0,-79.0
1777889869.1193323,5.0,0.0,-79.0
1777889869.1293323,4.0,-4.0,-87.0
1777889869.1393323,1.0,-1.0,-85.0
1777889869.1493323,0.0,3.0,-84.0
1777889869.1593325,-2.0,1.0,-81.0
1777889869.1693325,2.0,2.0,-78.0
1777889869.1793325,5.0,0.0,-74.0
1777889869.1893325,5.0,0.0,-84.0
1777889869.1993325,5.0,-4.0,-84.0
1777889869.2093325,2.0,-2.0,-79.0
1777889869.2193325,4.0,-3.0,-77.0
1777889869.2293324,7.0,-3.0,-80.0
1777889869.2393324,4.0,0.0,-80.0
1777889869.2493324,2.0,1.0,-80.0
1777889869.2593324,2.0,4.0,-73.0
1777889869.2693324,0.0,2.0,-77.0
1777889869.2793324,-3.0,7.0,-74.0
1777889869.2893324,-6.0,4.0,-76.0
1777889869.2993324,-6.0,0.0,-84.0
1777889869.3093324,-4.0,-3.0,-87.0
1777889869.3193324,-3.0,-4.0,-87.0
1777889869.3293324,-3.0,-2.0,-82.0
1777889869.3393323,-1.0,-4.0,-76.0
1777889869.3493323,1.0,-3.0,-72.0
1777889869.3593323,-1.0,0.0,-80.0
1777889869.3693323,-3.0,2.0,-82.0
1777889869.3803325,-4.0,1.0,-80.0
1777889869.3903325,0.0,0.0,-77.0
1777889869.4003325,-2.0,-4.0,-80.0
1777889869.4103324,-3.0,-2.0,-74.0
1777889869.4203324,-7.0,0.0,-84.0
1777889869.4303324,0.0,2.0,-82.0
1777889869.4403324,1.0,3.0,-79.0
1777889869.4503324,0.0,3.0,-75.0
1777889869.4603324,0.0,1.0,-79.0
1777889869.4703324,1.0,2.0,-80.0
1777889869.4803324,3.0,1.0,-82.0
1777889869.4903324,-5.0,1.0,-76.0
1777889869.5003324,-6.0,3.0,-79.0
1777889869.5103323,-7.0,2.0,-77.0
1777889869.5203323,-7.0,-2.0,-76.0
1777889869.5303323,-5.0,0.0,-72.0
1777889869.5403323,-9.0,-5.0,-68.0
1777889869.5503323,0.0,0.0,-66.0
1777889869.5603323,0.0,3.0,-63.0
1777889869.5703323,4.0,4.0,-63.0
1777889869.5803325,5.0,4.0,-69.0
1777889869.5903325,2.0,1.0,-70.0
1777889869.6003325,1.0,2.0,-77.0
1777889869.6103325,2.0,3.0,-77.0
1777889869.6203325,1.0,1.0,-82.0
1777889869.6303325,0.0,3.0,-81.0
1777889869.6403325,0.0,-1.0,-79.0
1777889869.6503325,0.0,-3.0,-83.0
1777889869.6603324,0.0,-2.0,-75.0
1777889869.6703324,1.0,-4.0,-74.0
1777889869.6803324,-4.0,-5.0,-72.0
1777889869.6903324,0.0,0.0,-72.0
1777889869.7003324,2.0,7.0,-76.0
1777889869.7103324,1.0,6.0,-75.0
1777889869.7203324,1.0,2.0,-69.0
1777889869.7303324,2.0,3.0,-66.0
1777889869.7403324,0.0,0.0,-70.0
1777889869.7503324,-1.0,0.0,-75.0
1777889869.7603323,-4.0,-1.0,-72.0
1777889869.7703323,-6.0,-1.0,-72.0
1777889869.7803323,-5.0,1.0,-74.0
1777889869.7903323,-2.0,3.0,-78.0
1777889869.8003323,0.0,2.0,-74.0
1777889869.8103323,3.0,0.0,-72.0
1777889869.8203323,4.0,-1.0,-69.0
1777889869.8303325,3.0,0.0,-68.0
1777889869.8403325,0.0,2.0,-71.0
1777889869.8503325,0.0,0.0,-72.0
1777889869.8603325,4.0,1.0,-75.0
1777889869.8703325,6.0,2.0,-79.0
1777889869.8803325,5.0,5.0,-84.0
1777889869.8903325,4.0,-1.0,-79.0
1777889869.9003325,6.0,-3.0,-76.0
1777889869.9103324,6.0,-4.0,-78.0
1777889869.9203324,10.0,-1.0,-80.0
1777889869.9303324,10.0,1.0,-82.0
1777889869.9403324,10.0,-3.0,-79.0
1777889869.9503324,7.0,-5.0,-77.0
1777889869.9603324,8.0,-4.0,-73.0
1777889869.9703324,5.0,-7.0,-80.0
1777889869.9803324,5.0,-2.0,-84.0
1777889869.9903324,3.0,0.0,-77.0
1777889870.0003324,3.0,4.0,-81.0
1777889870.0103323,5.0,6.0,-75.0
1777889870.0203323,3.0,6.0,-78.0
1777889870.0303323,6.0,6.0,-76.0
1777889870.0403323,3.0,4.0,-74.0
1777889870.0503323,0.0,-1.0,-74.0
1777889870.0603323,-1.0,-2.0,-81.0
1777889870.0703323,-1.0,0.0,-81.0
1777889870.0803325,0.0,-2.0,-75.0
1777889870.0903325,0.0,-3.0,-70.0
1777889870.1003325,6.0,-2.0,-75.0
1777889870.1103325,7.0,-4.0,-84.0
1777889870.1203325,5.0,-4.0,-86.0
1777889870.1303325,5.0,0.0,-83.0
1777889870.1403325,2.0,-1.0,-80.0
1777889870.1503325,0.0,-2.0,-81.0
1777889870.1603324,1.0,-3.0,-83.0
1777889870.1703324,0.0,-5.0,-80.0
1777889870.1803324,3.0,-8.0,-83.0
1777889870.1903324,0.0,-2.0,-78.0
1777889870.2003324,2.0,0.0,-72.0
1777889870.2103324,3.0,1.0,-67.0
1777889870.2203324,2.0,0.0,-64.0
1777889870.2303324,0.0,0.0,-62.0
1777889870.2403324,-6.0,-3.0,-62.0
1777889870.2503324,-6.0,0.0,-67.0
1777889870.2603323,-4.0,-2.0,-71.0
1777889870.2703323,-1.0,-3.0,-71.0
1777889870.2803323,-3.0,0.0,-77.0
1777889870.2903323,-6.0,1.0,-77.0
1777889870.3003323,-6.0,2.0,-78.0
1777889870.3103323,0.0,1.0,-77.0
1777889870.3203323,0.0,0.0,-71.0
1777889870.3303325,-2.0,-1.0,-75.0
1777889870.3403325,-3.0,-2.0,-75.0
1777889870.3503325,-2.0,0.0,-76.0
1777889870.3603325,-4.0,-3.0,-70.0
1777889870.3703325,-1.0,-3.0,-74.0
1777889870.3803325,3.0,-5.0,-79.0
1777889870.3903325,2.0,-6.0,-75.0
1777889870.4003325,1.0,-7.0,-75.0
1777889870.4103324,2.0,-4.0,-76.0
1777889870.4203324,-1.0,4.0,-75.0
1777889870.4303324,0.0,6.0,-70.0
1777889870.4403324,5.0,5.0,-68.0
1777889870.4503324,3.0,9.0,-72.0
1777889870.4603324,3.0,5.0,-73.0
1777889870.4703324,2.0,8.0,-75.0
1777889870.4803324,1.0,9.0,-79.0
1777889870.4903324,3.0,5.0,-85.0
1777889870.5003324,7.0,5.0,-88.0
1777889870.5103323,6.0,5.0,-83.0
1777889870.5203323,8.0,6.0,-81.0
1777889870.5303323,5.0,-1.0,-77.0
1777889870.5403323,3.0,-1.0,-74.0
1777889870.5503323,1.0,-3.0,-72.0
1777889870.5603323,4.0,-4.0,-70.0
1777889870.5703323,2.0,0.0,-74.0
1777889870.5803325,-1.0,1.0,-74.0
1777889870.5913324,2.0,-2.0,-81.0
1777889870.6003325,-2.0,-2.0,-78.0
1777889870.6103325,-5.0,0.0,-74.0
1777889870.6203325,-4.0,-2.0,-77.0
1777889870.6303325,-7.0,0.0,-80.0
1777889870.6403325,-9.0,-1.0,-80.0
1777889870.6503325,-5.0,-2.0,-81.0
1777889870.6603324,-2.0,0.0,-81.0
1777889870.6703324,-1.0,1.0,-87.0
1777889870.6803324,-1.0,-1.0,-81.0
1777889870.6903324,-2.0,-5.0,-71.0
1777889870.7003324,0.0,-2.0,-72.0
1777889870.7103324,-3.0,-1.0,-72.0
1777889870.7203324,0.0,-5.0,-72.0
1777889870.7303324,2.0,0.0,-76.0
1777889870.7403324,2.0,2.0,-81.0
1777889870.7503324,4.0,0.0,-80.0
1777889870.7603323,3.0,-2.0,-80.0
1777889870.7703323,5.0,-2.0,-78.0
1777889870.7803323,5.0,0.0,-74.0
1777889870.7903323,3.0,0.0,-75.0
1777889870.8003323,2.0,1.0,-70.0
1777889870.8103323,0.0,3.0,-74.0
1777889870.8203323,0.0,3.0,-74.0
1777889870.8303325,0.0,4.0,-81.0
1777889870.8403325,0.0,5.0,-78.0
1777889870.8503325,1.0,2.0,-83.0
1777889870.8603325,-1.0,4.0,-78.0
1777889870.8703325,-4.0,1.0,-74.0
1777889870.8803325,-2.0,-2.0,-77.0
1777889870.8903325,-2.0,-3.0,-79.0
1777889870.9003325,-6.0,0.0,-77.0
1777889870.9103324,-5.0,0.0,-76.0
1777889870.9203324,0.0,-1.0,-74.0
1777889870.9303324,1.0,-4.0,-74.0
1777889870.9403324,0.0,-2.0,-71.0
1777889870.9503324,-5.0,-3.0,-69.0
1777889870.9603324,-5.0,-4.0,-77.0
1777889870.9703324,-4.0,0.0,-74.0
1777889870.9803324,-5.0,0.0,-77.0
1777889870.9903324,-6.0,0.0,-73.0
1777889871.0003324,-8.0,2.0,-76.0
1777889871.0103323,-7.0,1.0,-78.0
1777889871.0203323,-12.0,0.0,-81.0
1777889871.0303323,-9.0,3.0,-78.0
1777889871.0403323,-10.0,0.0,-69.0
1777889871.0503323,-5.0,0.0,-75.0
1777889871.0603323,-1.0,2.0,-71.0
1777889871.0703323,-3.0,2.0,-74.0
1777889871.0803325,-1.0,3.0,-71.0
1777889871.0903325,0.0,4.0,-77.0
1777889871.1003325,2.0,3.0,-76.0
1777889871.1103325,1.0,1.0,-77.0
1777889871.1203325,0.0,3.0,-76.0
1777889871.1303325,5.0,4.0,-75.0
1777889871.1403325,6.0,3.0,-68.0
1777889871.1503325,8.0,2.0,-71.0
1777889871.1603324,8.0,4.0,-67.0
1777889871.1703324,0.0,8.0,-69.0
1777889871.1803324,-2.0,10.0,-72.0
1777889871.1903324,-7.0,11.0,-74.0
1777889871.2003324,-5.0,10.0,-74.0
1777889871.2103324,-1.0,7.0,-77.0
1777889871.2203324,-3.0,8.0,-72.0
1777889871.2303324,0.0,6.0,-67.0
1777889871.2403324,1.0,7.0,-71.0
1777889871.2503324,7.0,6.0,-77.0
1777889871.2603323,4.0,3.0,-74.0
1777889871.2703323,-1.0,3.0,-71.0
1777889871.2803323,-1.0,4.0,-66.0
1777889871.2903323,-3.0,7.0,-71.0
1777889871.3003323,-5.0,3.0,-72.0
1777889871.3103323,-4.0,3.0,-80.0
1777889871.3203323,-1.0,2.0,-81.0
1777889871.3303325,-1.0,0.0,-75.0
1777889871.3403325,-4.0,-2.0,-77.0
1777889871.3503325,-2.0,-3.0,-74.0
1777889871.3613324,-3.0,0.0,-74.0
1777889871.3713324,0.0,0.0,-70.0
1777889871.3813324,0.0,0.0,-77.0
1777889871.3913324,0.0,3.0,-81.0
1777889871.4013324,0.0,3.0,-76.0
1777889871.4113324,0.0,3.0,-79.0
1777889871.4213324,4.0,-1.0,-79.0
1777889871.4313323,5.0,-4.0,-76.0
1777889871.4413323,0.0,-3.0,-77.0
1777889871.4513323,-4.0,-4.0,-71.0
1777889871.4613323,-5.0,-5.0,-77.0
1777889871.4713323,0.0,-2.0,-79.0
1777889871.4813323,2.0,0.0,-80.0
1777889871.4913323,1.0,-4.0,-78.0
1777889871.5013323,1.0,-5.0,-75.0
1777889871.5113325,4.0,0.0,-79.0
1777889871.5213325,7.0,1.0,-73.0
1777889871.5313325,2.0,1.0,-71.0
1777889871.5413325,2.0,1.0,-69.0
1777889871.5513325,3.0,3.0,-69.0
1777889871.5613325,3.0,2.0,-71.0
1777889871.5713325,4.0,3.0,-72.0
1777889871.5813324,1.0,3.0,-67.0
1777889871.5913324,1.0,8.0,-69.0
1777889871.6013324,0.0,7.0,-76.0
1777889871.6113324,0.0,3.0,-75.0
1777889871.6213324,3.0,2.0,-69.0
1777889871.6313324,3.0,1.0,-71.0
1777889871.6413324,5.0,-2.0,-69.0
1777889871.6513324,2.0,-1.0,-72.0
1777889871.6613324,0.0,-2.0,-66.0
1777889871.6713324,2.0,2.0,-75.0
1777889871.6813323,3.0,3.0,-77.0
1777889871.6913323,2.0,7.0,-79.0
1777889871.7013323,-5.0,6.0,-87.0
1777889871.7113323,-1.0,2.0,-81.0
1777889871.7213323,3.0,0.0,-73.0
1777889871.7313323,1.0,0.0,-66.0
1777889871.7413323,0.0,1.0,-67.0
1777889871.7513323,-2.0,8.0,-68.0
1777889871.7613325,-5.0,2.0,-71.0
1777889871.7713325,-7.0,0.0,-73.0
1777889871.7813325,-5.0,-3.0,-74.0
1777889871.7913325,-8.0,-3.0,-73.0
1777889871.8013325,-10.0,0.0,-79.0
1777889871.8113325,-8.0,0.0,-78.0
1777889871.8213325,-10.0,-2.0,-76.0
1777889871.8313324,-6.0,-1.0,-79.0
1777889871.8413324,-4.0,-7.0,-79.0
1777889871.8513324,-2.0,-8.0,-84.0
1777889871.8613324,-2.0,-7.0,-74.0
1777889871.8713324,-7.0,-5.0,-71.0
1777889871.8813324,-5.0,-3.0,-72.0
1777889871.8913324,-4.0,-4.0,-73.0
1777889871.9013324,-4.0,0.0,-72.0
1777889871.9113324,-2.0,-3.0,-81.0
1777889871.9213324,1.0,-3.0,-81.0
1777889871.9313323,2.0,-1.0,-80.0
1777889871.9413323,4.0,-2.0,-73.0
1777889871.9513323,8.0,-5.0,-63.0
1777889871.9613323,6.0,-1.0,-70.0
1777889871.9713323,1.0,0.0,-74.0
1777889871.9813323,0.0,3.0,-71.0
1777889871.9913323,0.0,0.0,-74.0
1777889872.0013323,0.0,-2.0,-72.0
1777889872.0113325,3.0,-3.0,-78.0
1777889872.0213325,0.0,-8.0,-83.0
1777889872.0313325,-2.0,-7.0,-83.0
1777889872.0413325,0.0,-4.0,-80.0
1777889872.0513325,0.0,-3.0,-84.0
1777889872.0613325,-4.0,-3.0,-83.0
1777889872.0713325,2.0,0.0,-80.0
1777889872.0813324,3.0,0.0,-79.0
1777889872.0913324,-1.0,1.0,-83.0
1777889872.1013324,-1.0,0.0,-88.0
1777889872.1113324,-2.0,0.0,-87.0
1777889872.1213324,-1.0,1.0,-86.0
1777889872.1313324,0.0,0.0,-81.0
1777889872.1413324,4.0,-3.0,-82.0
1777889872.1513324,5.0,0.0,-77.0
1777889872.1613324,2.0,-1.0,-85.0
1777889872.1713324,0.0,2.0,-83.0
1777889872.1813323,1.0,5.0,-77.0
1777889872.1913323,0.0,2.0,-72.0
1777889872.2013323,2.0,3.0,-71.0
1777889872.2113323,5.0,0.0,-75.0
1777889872.2213323,5.0,-3.0,-69.0
1777889872.2313323,10.0,-2.0,-68.0
1777889872.2413323,7.0,-2.0,-67.0
1777889872.2513323,3.0,-1.0,-67.0
1777889872.2613325,3.0,-3.0,-76.0
1777889872.2713325,4.0,-3.0,-74.0
1777889872.2813325,3.0,0.0,-78.0
1777889872.2913325,1.0,1.0,-79.0
1777889872.3013325,0.0,-4.0,-71.0
1777889872.3113325,-2.0,-4.0,-72.0
1777889872.3213325,-2.0,-1.0,-67.0
1777889872.3313324,-2.0,1.0,-64.0
1777889872.3413324,1.0,0.0,-67.0
1777889872.3513324,3.0,2.0,-69.0
1777889872.3613324,5.0,3.0,-66.0
1777889872.3713324,4.0,1.0,-64.0
1777889872.3813324,1.0,0.0,-62.0
1777889872.3913324,0.0,0.0,-63.0
1777889872.4013324,-5.0,2.0,-71.0
1777889872.4113324,-4.0,1.0,-70.0
1777889872.4213324,-5.0,2.0,-74.0
1777889872.4313323,0.0,0.0,-79.0
1777889872.4413323,4.0,-3.0,-90.0
1777889872.4513323,2.0,-1.0,-84.0
1777889872.4613323,5.0,-2.0,-78.0
1777889872.4713323,0.0,-3.0,-71.0
1777889872.4813323,-1.0,-3.0,-68.0
1777889872.4913323,-4.0,-1.0,-69.0
1777889872.5013323,-5.0,0.0,-67.0
1777889872.5113325,-2.0,2.0,-67.0
1777889872.5213325,0.0,0.0,-71.0
1777889872.5313325,1.0,2.0,-72.0
1777889872.5413325,-1.0,1.0,-76.0
1777889872.5513325,2.0,0.0,-82.0
1777889872.5613325,0.0,1.0,-80.0
1777889872.5713325,3.0,0.0,-79.0
1777889872.5813324,7.0,0.0,-78.0
1777889872.5913324,6.0,5.0,-77.0
1777889872.6013324,8.0,4.0,-71.0
1777889872.6113324,10.0,5.0,-70.0
1777889872.6213324,9.0,4.0,-67.0
1777889872.6313324,9.0,4.0,-70.0
1777889872.6413324,13.0,4.0,-71.0
1777889872.6513324,10.0,0.0,-75.0
1777889872.6613324,6.0,0.0,-77.0
1777889872.6713324,2.0,-1.0,-83.0
1777889872.6813323,0.0,-1.0,-80.0
1777889872.6913323,-5.0,0.0,-76.0
1777889872.7013323,-4.0,0.0,-72.0
1777889872.7113323,-4.0,1.0,-64.0
1777889872.7213323,0.0,0.0,-60.0
1777889872.7313323,-3.0,0.0,-61.0
1777889872.7413323,0.0,3.0,-58.0
1777889872.7513323,5.0,1.0,-69.0
1777889872.7613325,5.0,0.0,-68.0
1777889872.7713325,4.0,-2.0,-72.0
1777889872.7813325,3.0,-4.0,-80.0
1777889872.7913325,-1.0,-7.0,-80.0
1777889872.8013325,-6.0,-7.0,-77.0
1777889872.8113325,-4.0,-2.0,-65.0
1777889872.8213325,-7.0,1.0,-66.0
1777889872.8313324,-8.0,1.0,-63.0
1777889872.8413324,-3.0,0.0,-69.0
1777889872.8513324,-5.0,-1.0,-77.0
1777889872.8613324,-2.0,-5.0,-83.0
1777889872.8713324,-2.0,-4.0,-78.0
1777889872.8813324,-3.0,-1.0,-77.0
1777889872.8913324,0.0,0.0,-80.0
1777889872.9013324,1.0,0.0,-72.0
1777889872.9113324,4.0,0.0,-73.0
1777889872.9213324,3.0,1.0,-79.0
1777889872.9313323,3.0,-2.0,-77.0
1777889872.9413323,6.0,-3.0,-82.0
1777889872.9513323,7.0,-1.0,-79.0
1777889872.9613323,4.0,-4.0,-76.0
1777889872.9713323,5.0,0.0,-71.0
1777889872.9813323,3.0,0.0,-69.0
1777889872.9913323,0.0,-3.0,-66.0
1777889873.0013323,0.0,-3.0,-65.0
1777889873.0113325,0.0,0.0,-71.0
1777889873.0213325,0.0,0.0,-73.0
1777889873.0313325,0.0,0.0,-66.0
1777889873.0413325,2.0,-1.0,-71.0
1777889873.0513325,2.0,-1.0,-73.0
1777889873.0613325,0.0,3.0,-68.0
1777889873.0713325,4.0,7.0,-75.0
1777889873.0813324,6.0,-2.0,-80.0
1777889873.0913324,9.0,-1.0,-83.0
1777889873.1013324,2.0,0.0,-81.0
1777889873.1113324,0.0,0.0,-84.0
1777889873.1213324,-2.0,1.0,-85.0
1777889873.1313324,0.0,2.0,-81.0
1777889873.1413324,1.0,1.0,-84.0
1777889873.1513324,0.0,-2.0,-79.0
1777889873.1613324,2.0,0.0,-76.0
1777889873.1713324,2.0,-4.0,-81.0
1777889873.1813323,0.0,-6.0,-82.0
1777889873.1913323,-4.0,-6.0,-84.0
1777889873.2013323,-3.0,-5.0,-82.0
1777889873.2113323,-2.0,-3.0,-76.0
1777889873.2213323,1.0,-2.0,-79.0
1777889873.2313323,2.0,-6.0,-82.0
1777889873.2413323,4.0,-7.0,-84.0
1777889873.2513323,5.0,-7.0,-83.0
1777889873.2613325,3.0,-8.0,-81.0
1777889873.2713325,8.0,-8.0,-75.0
1777889873.2813325,7.0,-9.0,-72.0
1777889873.2913325,6.0,-9.0,-74.0
1777889873.3013325,4.0,-8.0,-73.0
1777889873.3113325,4.0,-5.0,-77.0
1777889873.3213325,7.0,-3.0,-85.0
1777889873.3313324,7.0,0.0,-83.0
1777889873.3423324,9.0,0.0,-72.0
1777889873.3523324,10.0,3.0,-68.0
1777889873.3623323,12.0,2.0,-70.0
1777889873.3723323,11.0,0.0,-74.0
1777889873.3823323,10.0,-2.0,-74.0
1777889873.3923323,9.0,-3.0,-72.0
1777889873.4023323,4.0,-4.0,-75.0
1777889873.4123323,0.0,-2.0,-75.0
1777889873.4223323,-2.0,-3.0,-76.0
1777889873.4323325,-2.0,0.0,-72.0
1777889873.4423325,-6.0,2.0,-70.0
1777889873.4523325,-4.0,1.0,-69.0
1777889873.4623325,-4.0,0.0,-69.0
1777889873.4723325,-3.0,-2.0,-81.0
1777889873.4823325,-2.0,-5.0,-85.0
1777889873.4923325,0.0,-8.0,-79.0
1777889873.5023324,0.0,-7.0,-69.0
1777889873.5123324,0.0,-3.0,-71.0
1777889873.5223324,4.0,-4.0,-72.0
1777889873.5323324,7.0,-9.0,-74.0
1777889873.5423324,3.0,-5.0,-75.0
1777889873.5523324,2.0,0.0,-69.0
1777889873.5623324,0.0,2.0,-67.0
1777889873.5723324,1.0,-1.0,-71.0
1777889873.5823324,1.0,-2.0,-74.0
1777889873.5923324,0.0,-4.0,-71.0
1777889873.6023324,0.0,-4.0,-76.0
1777889873.6123323,-4.0,-7.0,-72.0
1777889873.6223323,-4.0,-8.0,-71.0
1777889873.6323323,-3.0,-4.0,-73.0
1777889873.6423323,0.0,-5.0,-72.0
1777889873.6523323,-3.0,-5.0,-68.0
1777889873.6623323,-4.0,-6.0,-74.0
1777889873.6723323,-5.0,-5.0,-78.0
1777889873.6823325,-7.0,-4.0,-77.0
1777889873.6923325,-4.0,-2.0,-80.0
1777889873.7023325,-3.0,0.0,-84.0
1777889873.7123325,-2.0,-1.0,-83.0
1777889873.7223325,-2.0,-5.0,-84.0
1777889873.7323325,-4.0,-6.0,-86.0
1777889873.7423325,-1.0,-8.0,-89.0
1777889873.7523324,0.0,-7.0,-84.0
1777889873.7623324,1.0,0.0,-83.0
1777889873.7723324,0.0,3.0,-79.0
1777889873.7823324,2.0,3.0,-81.0
1777889873.7923324,8.0,7.0,-78.0
1777889873.8023324,9.0,8.0,-80.0
1777889873.8123324,7.0,5.0,-81.0
1777889873.8223324,6.0,8.0,-85.0
1777889873.8323324,1.0,11.0,-90.0
1777889873.8423324,-2.0,8.0,-89.0
1777889873.8523324,-2.0,5.0,-86.0
1777889873.8623323,-7.0,0.0,-83.0
1777889873.8723323,-4.0,1.0,-79.0
1777889873.8823323,-3.0,3.0,-77.0
1777889873.8923323,-1.0,1.0,-75.0
1777889873.9023323,-2.0,0.0,-73.0
1777889873.9123323,-1.0,1.0,-71.0
1777889873.9223323,0.0,-2.0,-66.0
1777889873.9323325,0.0,-2.0,-65.0
1777889873.9423325,4.0,0.0,-67.0
1777889873.9523325,5.0,-2.0,-66.0
1777889873.9623325,1.0,-1.0,-67.0
1777889873.9723325,-2.0,0.0,-65.0
1777889873.9823325,0.0,2.0,-66.0
1777889873.9923325,-1.0,4.0,-69.0
1777889874.0023324,-2.0,4.0,-73.0
1777889874.0123324,1.0,3.0,-70.0
1777889874.0223324,2.0,-1.0,-73.0
1777889874.0323324,1.0,-2.0,-68.0
1777889874.0423324,0.0,-1.0,-75.0
1777889874.0523324,3.0,-4.0,-84.0
1777889874.0623324,0.0,-5.0,-83.0
1777889874.0723324,-2.0,-3.0,-88.0
1777889874.0823324,-5.0,-1.0,-89.0
1777889874.0923324,-5.0,0.0,-84.0
1777889874.1023324,-4.0,1.0,-81.0
1777889874.1123323,-2.0,0.0,-81.0
1777889874.1223323,-1.0,0.0,-77.0
1777889874.1323323,1.0,1.0,-81.0
1777889874.1423323,0.0,1.0,-80.0
1777889874.1523323,5.0,2.0,-76.0
1777889874.1623323,4.0,1.0,-76.0
1777889874.1723323,3.0,1.0,-70.0
1777889874.1823325,2.0,3.0,-70.0
1777889874.1923325,10.0,3.0,-67.0
1777889874.2023325,12.0,3.0,-60.0
1777889874.2123325,13.0,0.0,-61.0
1777889874.2223325,11.0,3.0,-67.0
1777889874.2323325,11.0,7.0,-61.0
1777889874.2423325,8.0,10.0,-64.0
1777889874.2523324,6.0,2.0,-71.0
1777889874.2623324,4.0,-3.0,-70.0
1777889874.2723324,0.0,-3.0,-68.0
1777889874.2823324,3.0,-2.0,-69.0
1777889874.2923324,3.0,-2.0,-75.0
1777889874.3023324,2.0,-1.0,-70.0
1777889874.3123324,2.0,-3.0,-75.0
1777889874.3223324,1.0,0.0,-76.0
1777889874.3323324,2.0,2.0,-76.0
1777889874.3423324,3.0,2.0,-74.0
1777889874.3523324,2.0,1.0,-74.0
1777889874.3623323,4.0,0.0,-68.0
1777889874.3723323,4.0,-1.0,-72.0
1777889874.3823323,4.0,-3.0,-69.0
1777889874.3923323,6.0,-3.0,-69.0
1777889874.4023323,7.0,0.0,-65.0
1777889874.4123323,5.0,1.0,-75.0
1777889874.4223323,7.0,0.0,-79.0
1777889874.4323325,5.0,-5.0,-75.0
1777889874.4423325,4.0,-8.0,-74.0
1777889874.4523325,4.0,-4.0,-73.0
1777889874.4623325,3.0,-1.0,-74.0
1777889874.4723325,5.0,0.0,-82.0
1777889874.4823325,2.0,1.0,-79.0
1777889874.4923325,3.0,-2.0,-76.0
1777889874.5023324,5.0,-4.0,-76.0
1777889874.5123324,3.0,-7.0,-82.0
1777889874.5223324,4.0,-9.0,-81.0
1777889874.5323324,4.0,-5.0,-73.0
1777889874.5423324,1.0,-6.0,-67.0
1777889874.5533323,0.0,-3.0,-63.0
1777889874.5623324,-1.0,-5.0,-60.0
1777889874.5723324,0.0,-8.0,-58.0
1777889874.5823324,-1.0,-7.0,-60.0
1777889874.5923324,3.0,-12.0,-62.0
1777889874.6023324,3.0,-5.0,-70.0
1777889874.6123323,0.0,-7.0,-74.0
1777889874.6223323,0.0,-10.0,-75.0
1777889874.6323323,-1.0,-7.0,-75.0
1777889874.6423323,0.0,-12.0,-83.0
1777889874.6523323,-2.0,-9.0,-82.0
1777889874.6623323,-1.0,-7.0,-81.0
1777889874.6723323,-5.0,-5.0,-79.0
1777889874.6823325,-5.0,-3.0,-78.0
1777889874.6923325,-2.0,-5.0,-76.0
1777889874.7023325,-5.0,-2.0,-76.0
1777889874.7123325,-6.0,-3.0,-70.0
1777889874.7223325,-2.0,-3.0,-74.0
1777889874.7323325,2.0,-4.0,-72.0
1777889874.7423325,2.0,-4.0,-74.0
1777889874.7523324,4.0,-2.0,-77.0
1777889874.7623324,2.0,-1.0,-72.0
1777889874.7723324,3.0,-6.0,-66.0
1777889874.7823324,1.0,-4.0,-71.0
1777889874.7923324,0.0,-5.0,-72.0
1777889874.8023324,1.0,-6.0,-66.0
1777889874.8123324,1.0,-1.0,-62.0
1777889874.8223324,-6.0,-1.0,-59.0
1777889874.8323324,-2.0,2.0,-59.0
1777889874.8423324,-1.0,4.0,-62.0
1777889874.8523324,-1.0,3.0,-60.0
1777889874.8623323,-1.0,0.0,-59.0
1777889874.8723323,-2.0,4.0,-61.0
1777889874.8823323,-7.0,3.0,-63.0
1777889874.8923323,-13.0,0.0,-62.0
1777889874.9023323,-13.0,-2.0,-65.0
1777889874.9123323,-15.0,-5.0,-70.0
1777889874.9223323,-12.0,-10.0,-67.0
1777889874.9323325,-7.0,-9.0,-64.0
1777889874.9423325,-5.0,-5.0,-70.0
1777889874.9523325,-2.0,-3.0,-76.0
1777889874.9623325,-1.0,-1.0,-72.0
1777889874.9723325,-2.0,3.0,-79.0
1777889874.9823325,-1.0,2.0,-78.0
1777889874.9923325,0.0,-1.0,-76.0
1777889875.0023324,4.0,-2.0,-78.0
1777889875.0123324,0.0,-2.0,-78.0
1777889875.0223324,-3.0,0.0,-79.0
1777889875.0323324,-5.0,1.0,-79.0
1777889875.0423324,-1.0,-1.0,-75.0
1777889875.0523324,-1.0,0.0,-75.0
1777889875.0623324,0.0,0.0,-73.0
1777889875.0723324,-2.0,-2.0,-70.0
1777889875.0823324,-4.0,0.0,-79.0
1777889875.0923324,-5.0,4.0,-83.0
1777889875.1023324,-4.0,3.0,-87.0
1777889875.1123323,-5.0,-1.0,-85.0
1777889875.1223323,-5.0,-2.0,-79.0
1777889875.1323323,-3.0,-5.0,-69.0
1777889875.1423323,-7.0,-8.0,-77.0
1777889875.1523323,-4.0,-10.0,-82.0
1777889875.1623323,-4.0,-11.0,-75.0
1777889875.1723323,-7.0,-12.0,-74.0
1777889875.1823325,-4.0,-12.0,-77.0
1777889875.1923325,0.0,-11.0,-84.0
1777889875.2023325,-4.0,-9.0,-83.0
1777889875.2123325,-4.0,-8.0,-84.0
1777889875.2223325,0.0,-9.0,-83.0
1777889875.2323325,-1.0,-9.0,-69.0
1777889875.2423325,-2.0,-12.0,-73.0
1777889875.2523324,-5.0,-11.0,-70.0
1777889875.2623324,0.0,-7.0,-67.0
1777889875.2723324,-2.0,-3.0,-62.0
1777889875.2823324,0.0,-1.0,-62.0
1777889875.2923324,2.0,-3.0,-62.0
1777889875.3023324,1.0,-2.0,-68.0
1777889875.3123324,1.0,-5.0,-70.0
1777889875.3233323,2.0,-4.0,-72.0
1777889875.3323324,-2.0,-6.0,-78.0
1777889875.3433323,-3.0,-4.0,-80.0
1777889875.3533323,-1.0,-3.0,-76.0
1777889875.3633325,0.0,-1.0,-73.0
1777889875.3733325,2.0,-1.0,-72.0
1777889875.3833325,2.0,0.0,-74.0
1777889875.3933325,0.0,0.0,-73.0
1777889875.4033325,5.0,-3.0,-76.0
1777889875.4133325,3.0,-8.0,-81.0
1777889875.4233325,5.0,-7.0,-84.0
1777889875.4333324,4.0,-5.0,-77.0
1777889875.4433324,6.0,-3.0,-76.0
1777889875.4533324,5.0,-1.0,-76.0
1777889875.4633324,2.0,-2.0,-79.0
1777889875.4733324,1.0,-1.0,-74.0
1777889875.4833324,-1.0,-4.0,-69.0
1777889875.4933324,-5.0,-9.0,-63.0
1777889875.5033324,-5.0,-8.0,-70.0
1777889875.5133324,-3.0,-9.0,-76.0
1777889875.5233324,-5.0,-9.0,-84.0
1777889875.5333323,-8.0,-4.0,-79.0
1777889875.5433323,-1.0,-7.0,-78.0
1777889875.5533323,2.0,-10.0,-81.0
1777889875.5633323,1.0,-5.0,-78.0
1777889875.5733323,1.0,-4.0,-77.0
1777889875.5833323,3.0,-2.0,-74.0
1777889875.5933323,9.0,0.0,-72.0
1777889875.6033323,9.0,2.0,-75.0
1777889875.6133325,11.0,2.0,-78.0
1777889875.6233325,6.0,-3.0,-76.0
1777889875.6333325,4.0,-3.0,-74.0
1777889875.6433325,2.0,-4.0,-71.0
1777889875.6533325,-2.0,0.0,-79.0
1777889875.6633325,-3.0,2.0,-81.0
1777889875.6733325,-3.0,5.0,-77.0
1777889875.6833324,0.0,6.0,-77.0
1777889875.6933324,-2.0,5.0,-72.0
1777889875.7033324,1.0,3.0,-77.0
1777889875.7133324,4.0,2.0,-76.0
1777889875.7233324,4.0,0.0,-73.0
1777889875.7333324,4.0,2.0,-73.0
1777889875.7433324,0.0,-1.0,-71.0
1777889875.7533324,-1.0,2.0,-72.0
1777889875.7633324,0.0,2.0,-75.0
1777889875.7733324,1.0,0.0,-74.0
1777889875.7833323,1.0,0.0,-77.0
1777889875.7933323,-2.0,-2.0,-79.0
1777889875.8033323,-1.0,-1.0,-80.0
1777889875.8133323,-3.0,0.0,-78.0
1777889875.8233323,-2.0,0.0,-78.0
1777889875.8333323,5.0,-1.0,-73.0
1777889875.8433323,2.0,-3.0,-76.0
1777889875.8533323,2.0,-4.0,-81.0
1777889875.8633325,1.0,-9.0,-76.0
1777889875.8733325,1.0,-9.0,-76.0
1777889875.8833325,3.0,-8.0,-80.0
1777889875.8933325,1.0,-5.0,-77.0
1777889875.9033325,0.0,-1.0,-79.0
1777889875.9133325,2.0,-4.0,-80.0
1777889875.9233325,4.0,-2.0,-78.0
1777889875.9333324,3.0,-4.0,-69.0
1777889875.9433324,2.0,-2.0,-76.0
1777889875.9533324,4.0,2.0,-72.0
1777889875.9633324,2.0,2.0,-76.0
1777889875.9733324,3.0,-1.0,-78.0
1777889875.9833324,4.0,0.0,-78.0
1777889875.9933324,3.0,0.0,-76.0
1777889876.0033324,-7.0,-4.0,-72.0
1777889876.0133324,-10.0,-2.0,-75.0
1777889876.0233324,-13.0,0.0,-76.0
1777889876.0333323,-11.0,0.0,-72.0
1777889876.0433323,-6.0,3.0,-83.0
1777889876.0533323,-4.0,3.0,-87.0
1777889876.0633323,-8.0,5.0,-84.0
1777889876.0733323,-9.0,5.0,-84.0
1777889876.0833323,-3.0,3.0,-76.0
1777889876.0933323,-1.0,4.0,-76.0
1777889876.1033323,5.0,5.0,-79.0
1777889876.1133325,7.0,3.0,-77.0
1777889876.1233325,2.0,-1.0,-74.0
1777889876.1333325,-2.0,-8.0,-77.0
1777889876.1433325,0.0,-7.0,-85.0
1777889876.1533325,5.0,-7.0,-88.0
1777889876.1633325,4.0,-7.0,-92.0
1777889876.1733325,3.0,-4.0,-91.0
1777889876.1833324,-2.0,-5.0,-86.0
1777889876.1933324,-3.0,-5.0,-92.0
1777889876.2033324,-3.0,-6.0,-98.0
1777889876.2133324,1.0,-5.0,-95.0
1777889876.2233324,3.0,-8.0,-91.0
1777889876.2333324,0.0,-7.0,-86.0
1777889876.2433324,1.0,-7.0,-84.0
1777889876.2533324,1.0,-6.0,-82.0
1777889876.2633324,0.0,-3.0,-82.0
1777889876.2733324,0.0,-5.0,-82.0
1777889876.2833323,-6.0,-9.0,-88.0
1777889876.2933323,-5.0,-3.0,-83.0
1777889876.3033323,-2.0,0.0,-84.0
1777889876.3133323,1.0,3.0,-79.0
1777889876.3233323,3.0,7.0,-79.0
1777889876.3333323,3.0,3.0,-73.0
1777889876.3433323,2.0,3.0,-66.0
1777889876.3533323,1.0,5.0,-69.0
1777889876.3633325,-3.0,2.0,-77.0
1777889876.3733325,-1.0,5.0,-81.0
1777889876.3833325,-1.0,4.0,-79.0
1777889876.3933325,-7.0,0.0,-80.0
1777889876.4033325,-2.0,-2.0,-81.0
1777889876.4133325,0.0,-4.0,-83.0
1777889876.4233325,5.0,-4.0,-81.0
1777889876.4333324,7.0,-6.0,-82.0
1777889876.4433324,10.0,-7.0,-80.0
1777889876.4533324,11.0,-2.0,-76.0
1777889876.4633324,7.0,-6.0,-73.0
1777889876.4733324,5.0,-5.0,-75.0
1777889876.4833324,2.0,-2.0,-76.0
1777889876.4933324,5.0,-4.0,-83.0
1777889876.5033324,2.0,-3.0,-82.0
1777889876.5133324,0.0,0.0,-78.0
1777889876.5233324,6.0,-5.0,-72.0
1777889876.5333323,3.0,-6.0,-75.0
1777889876.5433323,1.0,-1.0,-74.0
1777889876.5533323,0.0,-1.0,-69.0
1777889876.5633323,0.0,2.0,-69.0
1777889876.5733323,0.0,1.0,-76.0
1777889876.5833323,-1.0,0.0,-71.0
1777889876.5933323,1.0,-3.0,-67.0
1777889876.6033323,0.0,-6.0,-61.0
1777889876.6133325,3.0,-8.0,-62.0
1777889876.6233325,5.0,-6.0,-64.0
1777889876.6333325,0.0,-5.0,-64.0
1777889876.6433325,0.0,-4.0,-66.0
1777889876.6533325,2.0,-5.0,-73.0
1777889876.6633325,6.0,-2.0,-69.0
1777889876.6733325,6.0,-1.0,-72.0
1777889876.6833324,7.0,-3.0,-71.0
1777889876.6933324,6.0,-2.0,-80.0
1777889876.7033324,4.0,-4.0,-85.0
1777889876.7133324,2.0,-2.0,-84.0
1777889876.7233324,2.0,0.0,-81.0
1777889876.7333324,3.0,-1.0,-72.0
1777889876.7433324,7.0,0.0,-72.0
1777889876.7533324,8.0,0.0,-79.0
1777889876.7633324,7.0,0.0,-77.0
1777889876.7733324,5.0,4.0,-78.0
1777889876.7833323,8.0,2.0,-75.0
1777889876.7933323,5.0,1.0,-78.0
1777889876.8033323,8.0,6.0,-72.0
1777889876.8133323,4.0,4.0,-67.0
1777889876.8233323,0.0,3.0,-70.0
1777889876.8333323,0.0,2.0,-78.0
1777889876.8433323,-2.0,-2.0,-81.0
1777889876.8533323,0.0,2.0,-82.0
1777889876.8633325,0.0,-1.0,-81.0
1777889876.8733325,0.0,0.0,-82.0
1777889876.8833325,-2.0,1.0,-72.0
1777889876.8933325,1.0,1.0,-69.0
1777889876.9033325,0.0,0.0,-62.0
1777889876.9133325,-3.0,0.0,-62.0
1777889876.9233325,0.0,-3.0,-67.0
1777889876.9333324,1.0,0.0,-66.0
1777889876.9433324,1.0,-3.0,-62.0
1777889876.9533324,2.0,-2.0,-63.0
1777889876.9633324,5.0,-2.0,-63.0
1777889876.9733324,6.0,0.0,-67.0
1777889876.9833324,1.0,0.0,-76.0
1777889876.9933324,-4.0,0.0,-68.0
1777889877.0033324,-5.0,0.0,-68.0
1777889877.0133324,-5.0,0.0,-75.0
1777889877.0233324,-2.0,2.0,-82.0
1777889877.0333323,-3.0,0.0,-85.0
1777889877.0433323,1.0,-3.0,-81.0
1777889877.0533323,-1.0,-4.0,-80.0
1777889877.0633323,0.0,-5.0,-76.0
1777889877.0733323,2.0,-4.0,-80.0
1777889877.0833323,-1.0,-1.0,-77.0
1777889877.0933323,0.0,0.0,-72.0
1777889877.1033323,0.0,-3.0,-71.0
1777889877.1133325,1.0,-6.0,-72.0
1777889877.1233325,1.0,-10.0,-69.0
1777889877.1333325,4.0,-6.0,-73.0
1777889877.1433325,4.0,-5.0,-75.0
1777889877.1533325,0.0,0.0,-81.0
1777889877.1633325,0.0,0.0,-82.0
1777889877.1733325,-1.0,0.0,-78.0
1777889877.1833324,-2.0,0.0,-74.0
1777889877.1933324,0.0,0.0,-75.0
1777889877.2033324,-1.0,-1.0,-76.0
1777889877.2133324,-2.0,-5.0,-75.0
1777889877.2233324,0.0,1.0,-76.0
1777889877.2333324,0.0,1.0,-80.0
1777889877.2433324,1.0,0.0,-76.0
1777889877.2533324,0.0,-2.0,-72.0
1777889877.2633324,-2.0,-1.0,-72.0
1777889877.2733324,1.0,0.0,-77.0
1777889877.2833323,4.0,0.0,-88.0
1777889877.2933323,5.0,-3.0,-92.0
1777889877.3043325,8.0,0.0,-95.0
1777889877.3143325,4.0,2.0,-88.0
1777889877.3233323,4.0,7.0,-84.0
1777889877.3333323,1.0,7.0,-85.0
1777889877.3443325,0.0,9.0,-83.0
1777889877.3543324,-1.0,7.0,-78.0
1777889877.3643324,-3.0,3.0,-76.0
1777889877.3743324,-1.0,3.0,-75.0
1777889877.3843324,4.0,-4.0,-68.0
1777889877.3943324,6.0,-7.0,-64.0
1777889877.4043324,7.0,-7.0,-63.0
1777889877.4143324,5.0,-6.0,-71.0
1777889877.4243324,7.0,-7.0,-76.0
1777889877.4343324,2.0,-5.0,-77.0
1777889877.4443324,3.0,-3.0,-80.0
1777889877.4543324,2.0,-3.0,-81.0
1777889877.4643323,-1.0,-1.0,-84.0
1777889877.4743323,-4.0,1.0,-80.0
1777889877.4843323,-4.0,2.0,-72.0
1777889877.4943323,-2.0,3.0,-76.0
1777889877.5043323,-6.0,3.0,-76.0
1777889877.5143323,-5.0,2.0,-80.0
1777889877.5243323,-7.0,2.0,-77.0
1777889877.5343325,-6.0,0.0,-80.0
1777889877.5443325,-2.0,-1.0,-79.0
1777889877.5543325,-2.0,-6.0,-81.0
1777889877.5643325,-3.0,-6.0,-81.0
1777889877.5743325,4.0,-4.0,-81.0
1777889877.5843325,0.0,-6.0,-82.0
1777889877.5943325,0.0,-6.0,-83.0
1777889877.6043324,3.0,-2.0,-85.0
1777889877.6143324,5.0,0.0,-85.0
1777889877.6243324,4.0,1.0,-83.0
1777889877.6343324,9.0,0.0,-79.0
1777889877.6443324,6.0,-2.0,-71.0
1777889877.6543324,4.0,1.0,-75.0
1777889877.6643324,0.0,3.0,-78.0
1777889877.6743324,2.0,6.0,-80.0
1777889877.6843324,1.0,3.0,-78.0
1777889877.6943324,3.0,4.0,-75.0
1777889877.7043324,5.0,4.0,-72.0
1777889877.7143323,5.0,1.0,-70.0
1777889877.7243323,4.0,-2.0,-68.0
1777889877.7343323,2.0,-2.0,-70.0
1777889877.7443323,3.0,-3.0,-75.0
1777889877.7543323,2.0,-2.0,-76.0
1777889877.7643323,2.0,-3.0,-83.0
1777889877.7743323,1.0,0.0,-91.0
1777889877.7843325,-2.0,0.0,-90.0
1777889877.7943325,0.0,-2.0,-84.0
1777889877.8043325,2.0,-2.0,-83.0
1777889877.8143325,4.0,0.0,-81.0
1777889877.8243325,4.0,-3.0,-76.0
1777889877.8343325,1.0,-2.0,-73.0
1777889877.8443325,4.0,-3.0,-73.0
1777889877.8543324,6.0,-5.0,-76.0
1777889877.8643324,4.0,-4.0,-77.0
1777889877.8743324,1.0,-4.0,-78.0
1777889877.8843324,4.0,-4.0,-81.0
1777889877.8943324,3.0,-6.0,-83.0
1777889877.9043324,0.0,-6.0,-86.0
1777889877.9143324,0.0,-10.0,-82.0
1777889877.9243324,-1.0,-4.0,-85.0
1777889877.9343324,-1.0,-4.0,-82.0
1777889877.9443324,-4.0,-7.0,-78.0
1777889877.9543324,-6.0,-8.0,-78.0
1777889877.9643323,-6.0,-7.0,-77.0
1777889877.9743323,-6.0,-8.0,-74.0
1777889877.9843323,-3.0,-7.0,-80.0
1777889877.9943323,-1.0,-5.0,-82.0
1777889878.0043323,3.0,-1.0,-78.0
1777889878.0143323,6.0,-3.0,-72.0
1777889878.0243323,9.0,1.0,-72.0
1777889878.0343325,6.0,0.0,-73.0
1777889878.0443325,3.0,0.0,-76.0
1777889878.0543325,5.0,-3.0,-77.0
1777889878.0643325,6.0,-3.0,-82.0
1777889878.0743325,1.0,-4.0,-76.0
1777889878.0843325,1.0,-2.0,-70.0
1777889878.0943325,3.0,-2.0,-70.0
1777889878.1043324,6.0,-1.0,-74.0
1777889878.1143324,3.0,-3.0,-73.0
1777889878.1243324,5.0,-5.0,-74.0
1777889878.1343324,5.0,-2.0,-77.0
1777889878.1443324,0.0,-5.0,-73.0
1777889878.1543324,-3.0,-5.0,-71.0
1777889878.1643324,-4.0,-7.0,-69.0
1777889878.1743324,-5.0,-1.0,-75.0
1777889878.1843324,-3.0,-3.0,-68.0
1777889878.1943324,1.0,0.0,-65.0
1777889878.2043324,1.0,-1.0,-66.0
1777889878.2143323,6.0,0.0,-75.0
1777889878.2243323,5.0,-3.0,-76.0
1777889878.2343323,3.0,-1.0,-73.0
1777889878.2443323,6.0,-2.0,-68.0
1777889878.2543323,2.0,-3.0,-69.0
1777889878.2643323,-3.0,-4.0,-68.0
1777889878.2743323,-5.0,-4.0,-64.0
1777889878.2843325,-2.0,-4.0,-71.0
1777889878.2943325,-1.0,-3.0,-68.0
1777889878.3043325,-4.0,0.0,-71.0
1777889878.3143325,-2.0,-1.0,-69.0
1777889878.3243325,0.0,-2.0,-70.0
1777889878.3343325,2.0,-3.0,-71.0
1777889878.3443325,0.0,-5.0,-70.0
1777889878.3543324,0.0,-8.0,-67.0
1777889878.3643324,0.0,-11.0,-65.0
1777889878.3743324,-3.0,-8.0,-64.0
1777889878.3843324,0.0,-4.0,-68.0
1777889878.3943324,3.0,-3.0,-69.0
1777889878.4043324,1.0,-4.0,-71.0
1777889878.4143324,2.0,-5.0,-74.0
1777889878.4243324,3.0,-4.0,-75.0
1777889878.4343324,6.0,-6.0,-77.0
1777889878.4443324,2.0,-7.0,-72.0
1777889878.4543324,-3.0,-3.0,-76.0
1777889878.4643323,-6.0,0.0,-74.0
1777889878.4743323,-5.0,0.0,-71.0
1777889878.4843323,-2.0,0.0,-66.0
1777889878.4943323,-7.0,0.0,-64.0
1777889878.5043323,-4.0,-2.0,-68.0
1777889878.5143323,-3.0,0.0,-71.0
1777889878.5243323,0.0,0.0,-76.0
1777889878.5343325,0.0,0.0,-78.0
1777889878.5443325,0.0,0.0,-78.0
1777889878.5543325,0.0,0.0,-75.0
1777889878.5643325,-1.0,0.0,-71.0
1777889878.5743325,3.0,1.0,-70.0
1777889878.5843325,5.0,-4.0,-69.0
1777889878.5943325,3.0,-4.0,-68.0
1777889878.6043324,0.0,-4.0,-61.0
1777889878.6143324,4.0,-4.0,-67.0
1777889878.6243324,1.0,-4.0,-68.0
1777889878.6343324,-1.0,-2.0,-63.0
1777889878.6443324,-3.0,0.0,-66.0
1777889878.6543324,-4.0,0.0,-71.0
1777889878.6643324,-4.0,-3.0,-79.0
1777889878.6743324,-5.0,-1.0,-80.0
1777889878.6843324,-3.0,-3.0,-76.0
1777889878.6943324,-2.0,-6.0,-66.0
1777889878.7043324,-5.0,-7.0,-70.0
1777889878.7143323,-6.0,-9.0,-75.0
1777889878.7243323,-4.0,-9.0,-72.0
1777889878.7343323,0.0,-10.0,-68.0
1777889878.7443323,-1.0,-10.0,-71.0
1777889878.7543323,0.0,-3.0,-73.0
1777889878.7643323,0.0,-4.0,-78.0
1777889878.7743323,-3.0,-4.0,-78.0
1777889878.7843325,-5.0,-4.0,-82.0
1777889878.7943325,-5.0,-2.0,-81.0
1777889878.8043325,-5.0,1.0,-81.0
1777889878.8143325,-1.0,-3.0,-80.0
1777889878.8243325,-6.0,-6.0,-83.0
1777889878.8343325,-3.0,-4.0,-79.0
1777889878.8443325,0.0,-4.0,-80.0
1777889878.8543324,2.0,-1.0,-84.0
1777889878.8643324,0.0,-1.0,-83.0
1777889878.8743324,-1.0,0.0,-79.0
1777889878.8843324,0.0,-3.0,-80.0
1777889878.8943324,7.0,-8.0,-73.0
1777889878.9043324,0.0,-8.0,-72.0
1777889878.9143324,-1.0,-8.0,-69.0
1777889878.9243324,0.0,-7.0,-76.0
1777889878.9343324,1.0,-3.0,-73.0
1777889878.9443324,0.0,-1.0,-71.0
1777889878.9543324,0.0,-2.0,-72.0
1777889878.9643323,1.0,-1.0,-70.0
1777889878.9743323,2.0,0.0,-74.0
1777889878.9843323,1.0,-4.0,-72.0
1777889878.9943323,3.0,-6.0,-79.0
1777889879.0043323,5.0,-5.0,-83.0
1777889879.0143323,1.0,-4.0,-80.0
1777889879.0243323,-2.0,-4.0,-74.0
1777889879.0343325,2.0,0.0,-76.0
1777889879.0443325,0.0,0.0,-78.0
1777889879.0543325,5.0,1.0,-79.0
1777889879.0643325,4.0,4.0,-84.0
1777889879.0743325,6.0,1.0,-88.0
1777889879.0843325,2.0,2.0,-92.0
1777889879.0943325,-1.0,2.0,-87.0
1777889879.1043324,0.0,1.0,-87.0
1777889879.1143324,6.0,5.0,-82.0
1777889879.1243324,7.0,7.0,-83.0
1777889879.1343324,9.0,5.0,-78.0
1777889879.1443324,10.0,6.0,-72.0
1777889879.1543324,8.0,3.0,-67.0
1777889879.1643324,3.0,1.0,-66.0
1777889879.1743324,3.0,0.0,-70.0
1777889879.1843324,4.0,-1.0,-72.0
1777889879.1943324,3.0,-5.0,-74.0
1777889879.2043324,2.0,-5.0,-76.0
1777889879.2143323,1.0,-2.0,-74.0
1777889879.2243323,0.0,-4.0,-64.0
1777889879.2343323,2.0,-2.0,-73.0
1777889879.2443323,5.0,1.0,-72.0
1777889879.2543323,2.0,2.0,-73.0
1777889879.2643323,2.0,-2.0,-73.0
1777889879.2743323,0.0,0.0,-71.0
1777889879.2843325,0.0,-2.0,-68.0
1777889879.2953324,-2.0,-4.0,-72.0
1777889879.3053324,-3.0,-1.0,-73.0
1777889879.3153324,-7.0,0.0,-76.0
1777889879.3253324,-8.0,0.0,-82.0
1777889879.3353324,-7.0,-3.0,-84.0
1777889879.3453324,-7.0,-1.0,-88.0
1777889879.3553324,-3.0,0.0,-88.0
1777889879.3653324,2.0,3.0,-90.0
1777889879.3753324,6.0,0.0,-84.0
1777889879.3853323,7.0,-2.0,-84.0
1777889879.3953323,6.0,-5.0,-83.0
1777889879.4053323,5.0,-4.0,-83.0
1777889879.4153323,1.0,-2.0,-88.0
1777889879.4253323,-1.0,-5.0,-86.0
1777889879.4353323,1.0,-6.0,-84.0
1777889879.4453323,3.0,-7.0,-89.0
1777889879.4553325,4.0,-5.0,-84.0
1777889879.4653325,2.0,-5.0,-80.0
1777889879.4753325,4.0,-4.0,-79.0
1777889879.4853325,2.0,0.0,-81.0
1777889879.4953325,3.0,-2.0,-81.0
1777889879.5053325,5.0,4.0,-76.0
1777889879.5153325,4.0,6.0,-79.0
1777889879.5253325,2.0,6.0,-74.0
1777889879.5353324,0.0,5.0,-77.0
1777889879.5453324,0.0,3.0,-81.0
1777889879.5553324,9.0,2.0,-83.0
1777889879.5653324,7.0,-2.0,-83.0
1777889879.5753324,6.0,-4.0,-82.0
1777889879.5853324,4.0,-7.0,-81.0
1777889879.5953324,0.0,-6.0,-76.0
1777889879.6053324,-3.0,-4.0,-71.0
1777889879.6153324,-2.0,-5.0,-72.0
1777889879.6253324,-7.0,-5.0,-69.0
1777889879.6353323,-1.0,-4.0,-70.0
1777889879.6453323,1.0,-6.0,-84.0
1777889879.6553323,-2.0,-8.0,-91.0
1777889879.6653323,-3.0,-5.0,-88.0
1777889879.6753323,-3.0,-2.0,-89.0
1777889879.6853323,-3.0,-2.0,-91.0
1777889879.6953323,-2.0,0.0,-92.0
1777889879.7053325,0.0,3.0,-85.0
1777889879.7153325,0.0,2.0,-82.0
1777889879.7253325,-2.0,-1.0,-82.0
1777889879.7353325,-5.0,0.0,-84.0
1777889879.7453325,-4.0,-1.0,-86.0
1777889879.7553325,-4.0,0.0,-83.0
1777889879.7653325,-3.0,3.0,-83.0
1777889879.7753325,3.0,3.0,-83.0
1777889879.7853324,10.0,1.0,-78.0
1777889879.7953324,6.0,-1.0,-84.0
1777889879.8053324,3.0,-1.0,-80.0
1777889879.8153324,2.0,-2.0,-80.0
1777889879.8253324,-2.0,-2.0,-76.0
1777889879.8353324,-2.0,-4.0,-75.0
1777889879.8453324,-4.0,-6.0,-74.0
1777889879.8553324,-5.0,-6.0,-75.0
1777889879.8653324,0.0,-1.0,-72.0
1777889879.8753324,1.0,0.0,-70.0
1777889879.8853323,2.0,0.0,-71.0
1777889879.8953323,2.0,-1.0,-73.0
1777889879.9053323,-1.0,-4.0,-78.0
1777889879.9153323,-1.0,-5.0,-80.0
1777889879.9253323,0.0,-6.0,-77.0
1777889879.9353323,3.0,-5.0,-79.0
1777889879.9453323,1.0,-5.0,-80.0
1777889879.9553325,0.0,-5.0,-79.0
1777889879.9653325,-2.0,-4.0,-79.0
1777889879.9753325,0.0,-4.0,-74.0
1777889879.9853325,3.0,-2.0,-69.0
1777889879.9953325,1.0,-6.0,-68.0
1777889880.0053325,1.0,-4.0,-68.0
1777889880.0153325,0.0,-4.0,-62.0
1777889880.0253325,-1.0,-5.0,-69.0
1777889880.0353324,-5.0,-4.0,-76.0
1777889880.0453324,-5.0,-2.0,-71.0
1777889880.0553324,-7.0,-3.0,-72.0
1777889880.0653324,-3.0,-3.0,-69.0
1777889880.0753324,-2.0,-4.0,-74.0
1777889880.0853324,0.0,-1.0,-75.0
1777889880.0953324,-1.0,1.0,-69.0
1777889880.1053324,-3.0,-4.0,-71.0
1777889880.1153324,0.0,-4.0,-74.0
1777889880.1253324,1.0,-1.0,-72.0
1777889880.1353323,2.0,-1.0,-83.0
1777889880.1453323,0.0,0.0,-84.0
1777889880.1553323,-3.0,-2.0,-82.0
1777889880.1653323,-3.0,2.0,-78.0
1777889880.1753323,-2.0,0.0,-78.0
1777889880.1853323,-3.0,-2.0,-79.0
1777889880.1953323,-2.0,-2.0,-82.0
1777889880.2053325,0.0,-1.0,-82.0
1777889880.2153325,1.0,-1.0,-78.0
1777889880.2253325,-7.0,-2.0,-77.0
1777889880.2353325,-7.0,-6.0,-77.0
1777889880.2453325,-5.0,-10.0,-75.0
1777889880.2553325,-6.0,-8.0,-73.0
1777889880.2653325,-4.0,-5.0,-73.0
1777889880.2753325,2.0,-3.0,-73.0
1777889880.2853324,5.0,-3.0,-68.0
1777889880.2953324,3.0,-3.0,-64.0
1777889880.3053324,0.0,-4.0,-59.0
1777889880.3153324,-6.0,-2.0,-61.0
1777889880.3253324,-5.0,0.0,-68.0
1777889880.3353324,-4.0,0.0,-67.0
1777889880.3453324,-3.0,0.0,-76.0
1777889880.3553324,-2.0,0.0,-77.0
1777889880.3653324,-1.0,3.0,-78.0
1777889880.3753324,-4.0,7.0,-72.0
1777889880.3853323,0.0,5.0,-72.0
1777889880.3953323,3.0,3.0,-75.0
1777889880.4053323,5.0,3.0,-76.0
1777889880.4153323,4.0,2.0,-70.0
1777889880.4253323,2.0,2.0,-73.0
1777889880.4353323,5.0,0.0,-77.0
1777889880.4453323,8.0,-1.0,-73.0
1777889880.4553325,3.0,-1.0,-72.0
1777889880.4653325,0.0,-3.0,-73.0
1777889880.4753325,-2.0,-6.0,-72.0
1777889880.4853325,-9.0,-4.0,-70.0
1777889880.4953325,-6.0,-3.0,-68.0
1777889880.5053325,-6.0,-2.0,-62.0
1777889880.5153325,-6.0,0.0,-64.0
1777889880.5253325,-6.0,-1.0,-69.0
1777889880.5353324,-6.0,-1.0,-61.0
1777889880.5453324,-8.0,-3.0,-62.0
1777889880.5553324,-5.0,-5.0,-63.0
1777889880.5653324,-3.0,-4.0,-72.0
1777889880.5753324,-6.0,-2.0,-75.0
1777889880.5853324,-3.0,-1.0,-77.0
1777889880.5953324,0.0,1.0,-77.0
1777889880.6053324,0.0,1.0,-73.0
1777889880.6153324,0.0,0.0,-75.0
1777889880.6253324,-3.0,1.0,-80.0
1777889880.6353323,-3.0,2.0,-76.0
1777889880.6453323,-1.0,2.0,-75.0
1777889880.6553323,-1.0,4.0,-78.0
1777889880.6653323,-1.0,-1.0,-73.0
1777889880.6753323,1.0,-3.0,-76.0
1777889880.6853323,-1.0,-6.0,-83.0
1777889880.6953323,-1.0,-5.0,-87.0
1777889880.7053325,-4.0,-4.0,-79.0
1777889880.7153325,-5.0,-6.0,-81.0
1777889880.7253325,-7.0,-4.0,-81.0
1777889880.7353325,0.0,-7.0,-78.0
1777889880.7453325,0.0,-7.0,-77.0
1777889880.7553325,2.0,-8.0,-75.0
1777889880.7653325,-2.0,-10.0,-72.0
1777889880.7753325,3.0,-9.0,-75.0
1777889880.7853324,6.0,-10.0,-76.0
1777889880.7953324,3.0,-8.0,-73.0
1777889880.8053324,3.0,-9.0,-70.0
1777889880.8153324,3.0,-8.0,-70.0
1777889880.8253324,6.0,-11.0,-74.0
1777889880.8353324,5.0,-11.0,-77.0
1777889880.8453324,3.0,-12.0,-77.0
1777889880.8553324,1.0,-7.0,-72.0
1777889880.8653324,4.0,-4.0,-74.0
1777889880.8753324,0.0,-1.0,-74.0
1777889880.8853323,0.0,-2.0,-79.0
1777889880.8953323,0.0,-4.0,-80.0
1777889880.9053323,2.0,-2.0,-83.0
1777889880.9153323,3.0,-1.0,-76.0
1777889880.9253323,6.0,1.0,-77.0
1777889880.9353323,3.0,-1.0,-82.0
1777889880.9453323,1.0,-1.0,-76.0
1777889880.9553325,8.0,-3.0,-74.0
1777889880.9653325,10.0,-3.0,-72.0
1777889880.9753325,9.0,-3.0,-70.0
1777889880.9853325,12.0,-3.0,-80.0
1777889880.9953325,13.0,-1.0,-79.0
1777889881.0053325,8.0,0.0,-85.0
1777889881.0153325,4.0,-2.0,-80.0
1777889881.0253325,3.0,-2.0,-76.0
1777889881.0353324,2.0,0.0,-74.0
1777889881.0453324,1.0,-3.0,-73.0
1777889881.0553324,3.0,-3.0,-69.0
1777889881.0653324,3.0,-4.0,-72.0
1777889881.0753324,6.0,-1.0,-70.0
1777889881.0853324,4.0,-4.0,-68.0
1777889881.0953324,7.0,0.0,-69.0
1777889881.1053324,7.0,-4.0,-68.0
1777889881.1153324,6.0,-5.0,-74.0
1777889881.1253324,9.0,-5.0,-77.0
1777889881.1353323,13.0,-4.0,-84.0
1777889881.1453323,6.0,0.0,-87.0
1777889881.1553323,4.0,4.0,-84.0
1777889881.1653323,1.0,2.0,-81.0
1777889881.1753323,0.0,0.0,-80.0
1777889881.1853323,2.0,0.0,-79.0
1777889881.1953323,4.0,-2.0,-74.0
1777889881.2053325,2.0,-7.0,-73.0
1777889881.2153325,8.0,-4.0,-79.0
1777889881.2253325,6.0,-3.0,-73.0
1777889881.2353325,1.0,-1.0,-70.0
1777889881.2453325,-6.0,0.0,-67.0
1777889881.2553325,-3.0,1.0,-65.0
1777889881.2663324,-6.0,-1.0,-71.0
1777889881.2753325,-2.0,-4.0,-78.0
1777889881.2863324,-2.0,-5.0,-85.0
1777889881.2963324,0.0,-3.0,-82.0
1777889881.3063323,-1.0,-4.0,-81.0
1777889881.3163323,-3.0,-3.0,-80.0
1777889881.3263323,3.0,3.0,-79.0
1777889881.3363323,-1.0,0.0,-82.0
1777889881.3463323,-6.0,1.0,-79.0
1777889881.3563323,-1.0,0.0,-78.0
1777889881.3663323,1.0,-2.0,-76.0
1777889881.3763323,2.0,-3.0,-78.0
1777889881.3863325,2.0,-2.0,-76.0
1777889881.3963325,1.0,-3.0,-66.0
1777889881.4063325,7.0,-3.0,-65.0
1777889881.4163325,10.0,-3.0,-71.0
1777889881.4263325,7.0,-1.0,-72.0
1777889881.4363325,7.0,0.0,-77.0
1777889881.4463325,0.0,-4.0,-77.0
1777889881.4563324,-1.0,-6.0,-74.0
1777889881.4663324,-1.0,-4.0,-75.0
1777889881.4763324,-1.0,-7.0,-82.0
1777889881.4863324,-1.0,-8.0,-82.0
1777889881.4963324,0.0,-7.0,-80.0
1777889881.5063324,0.0,-4.0,-77.0
1777889881.5163324,0.0,-4.0,-81.0
1777889881.5263324,1.0,-6.0,-82.0
1777889881.5363324,8.0,-8.0,-82.0
1777889881.5463324,6.0,-5.0,-78.0
1777889881.5563323,7.0,-2.0,-77.0
1777889881.5663323,2.0,-2.0,-78.0
1777889881.5763323,1.0,-1.0,-81.0
1777889881.5863323,1.0,-2.0,-83.0
1777889881.5963323,0.0,-4.0,-81.0
1777889881.6063323,-2.0,-3.0,-84.0
1777889881.6163323,-1.0,-7.0,-83.0
1777889881.6263323,-2.0,-5.0,-80.0
1777889881.6363325,-1.0,-6.0,-77.0
1777889881.6463325,3.0,-4.0,-77.0
1777889881.6563325,4.0,-2.0,-71.0
1777889881.6663325,2.0,-5.0,-72.0
1777889881.6763325,5.0,-2.0,-75.0
1777889881.6863325,1.0,-3.0,-71.0
1777889881.6963325,-2.0,-4.0,-69.0
1777889881.7063324,1.0,0.0,-67.0
1777889881.7163324,-2.0,5.0,-70.0
1777889881.7263324,-3.0,5.0,-78.0
1777889881.7363324,-2.0,10.0,-80.0
1777889881.7463324,-1.0,10.0,-82.0
1777889881.7563324,3.0,9.0,-82.0
1777889881.7663324,-1.0,3.0,-83.0
1777889881.7763324,0.0,0.0,-79.0
1777889881.7863324,1.0,0.0,-83.0
1777889881.7963324,1.0,1.0,-77.0
1777889881.8063323,-1.0,6.0,-72.0
1777889881.8163323,3.0,9.0,-70.0
1777889881.8263323,4.0,3.0,-67.0
1777889881.8363323,3.0,0.0,-70.0
1777889881.8463323,0.0,0.0,-70.0
1777889881.8563323,0.0,0.0,-67.0
1777889881.8663323,1.0,-3.0,-67.0
1777889881.8763323,5.0,-5.0,-67.0
1777889881.8863325,9.0,-4.0,-66.0
1777889881.8963325,7.0,-3.0,-70.0
1777889881.9063325,6.0,-3.0,-66.0
1777889881.9163325,1.0,-3.0,-75.0
1777889881.9263325,-1.0,-4.0,-77.0
1777889881.9363325,-2.0,-5.0,-69.0
1777889881.9463325,-2.0,-4.0,-64.0
1777889881.9563324,-1.0,-4.0,-62.0
1777889881.9663324,-2.0,-1.0,-57.0
1777889881.9763324,-7.0,-1.0,-57.0
1777889881.9863324,-5.0,-2.0,-61.0
1777889881.9963324,0.0,-2.0,-58.0
1777889882.0063324,2.0,-3.0,-58.0
1777889882.0163324,6.0,-2.0,-62.0
1777889882.0263324,2.0,-1.0,-64.0
1777889882.0363324,5.0,-2.0,-69.0
1777889882.0463324,5.0,-6.0,-68.0
1777889882.0563323,-1.0,-8.0,-71.0
1777889882.0663323,-2.0,-10.0,-67.0
1777889882.0763323,-1.0,-9.0,-69.0
1777889882.0863323,5.0,-11.0,-71.0
1777889882.0963323,9.0,-2.0,-75.0
1777889882.1063323,11.0,0.0,-73.0
1777889882.1163323,10.0,3.0,-71.0
1777889882.1263323,10.0,4.0,-69.0
1777889882.1363325,8.0,3.0,-65.0
1777889882.1463325,6.0,3.0,-69.0
1777889882.1563325,8.0,5.0,-76.0
1777889882.1663325,7.0,0.0,-75.0
1777889882.1763325,5.0,0.0,-73.0
1777889882.1863325,3.0,-3.0,-69.0
1777889882.1963325,4.0,-5.0,-75.0
1777889882.2063324,5.0,-4.0,-75.0
1777889882.2163324,2.0,0.0,-72.0
1777889882.2263324,2.0,0.0,-68.0
1777889882.2363324,-1.0,0.0,-73.0
1777889882.2463324,-5.0,-2.0,-80.0
1777889882.2563324,-6.0,-3.0,-79.0
1777889882.2663324,-1.0,-4.0,-79.0
1777889882.2763324,1.0,-6.0,-70.0
1777889882.2863324,0.0,-6.0,-64.0
1777889882.2963324,1.0,-2.0,-64.0
1777889882.3063323,3.0,1.0,-67.0
1777889882.3163323,3.0,0.0,-68.0
1777889882.3263323,0.0,-6.0,-68.0
1777889882.3363323,0.0,-8.0,-75.0
1777889882.3463323,3.0,-9.0,-73.0
1777889882.3563323,6.0,-6.0,-71.0
1777889882.3663323,1.0,-6.0,-75.0
1777889882.3763323,-1.0,-1.0,-70.0
1777889882.3863325,-4.0,0.0,-67.0
1777889882.3963325,-1.0,-1.0,-70.0
1777889882.4063325,-1.0,-2.0,-70.0
1777889882.4163325,0.0,-6.0,-70.0
1777889882.4263325,3.0,-4.0,-65.0
1777889882.4363325,6.0,-3.0,-65.0
1777889882.4463325,7.0,-3.0,-72.0
1777889882.4563324,2.0,-5.0,-70.0
1777889882.4663324,0.0,-4.0,-72.0
1777889882.4763324,-1.0,-6.0,-70.0
1777889882.4863324,-4.0,-7.0,-72.0
1777889882.4963324,2.0,-7.0,-76.0
1777889882.5063324,1.0,-2.0,-76.0
1777889882.5163324,3.0,-2.0,-80.0
1777889882.5263324,2.0,1.0,-78.0
1777889882.5363324,4.0,1.0,-70.0
1777889882.5463324,6.0,3.0,-69.0
1777889882.5563323,7.0,0.0,-75.0
1777889882.5663323,9.0,0.0,-77.0
1777889882.5763323,9.0,0.0,-74.0
1777889882.5863323,9.0,0.0,-72.0
1777889882.5963323,3.0,0.0,-75.0
1777889882.6063323,1.0,2.0,-78.0
1777889882.6163323,2.0,3.0,-73.0
1777889882.6263323,3.0,0.0,-71.0
1777889882.6363325,1.0,0.0,-76.0
1777889882.6463325,-1.0,-1.0,-81.0
1777889882.6563325,-2.0,-5.0,-78.0
1777889882.6663325,2.0,-2.0,-84.0
1777889882.6763325,3.0,-1.0,-84.0
1777889882.6863325,1.0,-4.0,-83.0
1777889882.6963325,0.0,0.0,-85.0
1777889882.7063324,0.0,0.0,-78.0
1777889882.7163324,0.0,-1.0,-73.0
1777889882.7263324,-2.0,0.0,-71.0
1777889882.7363324,-6.0,-1.0,-72.0
1777889882.7463324,-2.0,0.0,-76.0
1777889882.7563324,1.0,-6.0,-80.0
1777889882.7663324,0.0,0.0,-81.0
1777889882.7763324,0.0,-1.0,-73.0
1777889882.7863324,1.0,2.0,-73.0
1777889882.7963324,0.0,1.0,-73.0
1777889882.8063323,-1.0,0.0,-74.0
1777889882.8163323,-1.0,-3.0,-75.0
1777889882.8263323,-2.0,-4.0,-76.0
1777889882.8363323,-3.0,-3.0,-76.0
1777889882.8463323,-4.0,0.0,-78.0
1777889882.8563323,-4.0,-1.0,-71.0
1777889882.8663323,0.0,0.0,-73.0
1777889882.8763323,-2.0,0.0,-80.0
1777889882.8863325,0.0,0.0,-81.0
1777889882.8963325,0.0,0.0,-79.0
1777889882.9063325,3.0,2.0,-82.0
1777889882.9163325,8.0,-1.0,-84.0
1777889882.9263325,5.0,-1.0,-84.0
1777889882.9363325,-1.0,0.0,-78.0
1777889882.9463325,-4.0,0.0,-81.0
1777889882.9563324,-6.0,-2.0,-71.0
1777889882.9663324,-3.0,-1.0,-66.0
1777889882.9763324,0.0,-2.0,-67.0
1777889882.9863324,2.0,-1.0,-65.0
1777889882.9963324,0.0,1.0,-62.0
1777889883.0063324,1.0,2.0,-66.0
1777889883.0163324,0.0,2.0,-69.0
1777889883.0263324,0.0,0.0,-71.0
1777889883.0363324,-2.0,1.0,-71.0
1777889883.0463324,3.0,1.0,-64.0
1777889883.0563323,5.0,0.0,-70.0
1777889883.0663323,3.0,-2.0,-75.0
1777889883.0763323,5.0,-2.0,-78.0
1777889883.0863323,4.0,-1.0,-80.0
1777889883.0963323,3.0,-6.0,-80.0
1777889883.1063323,0.0,0.0,-73.0
1777889883.1163323,-1.0,0.0,-68.0
1777889883.1263323,2.0,1.0,-77.0
1777889883.1363325,7.0,-1.0,-77.0
1777889883.1463325,8.0,-3.0,-73.0
1777889883.1563325,8.0,-3.0,-80.0
1777889883.1663325,7.0,-4.0,-87.0
1777889883.1763325,5.0,-2.0,-78.0
1777889883.1863325,1.0,-2.0,-79.0
1777889883.1963325,-3.0,-1.0,-82.0
1777889883.2063324,-4.0,0.0,-84.0
1777889883.2163324,1.0,3.0,-80.0
1777889883.2263324,2.0,1.0,-84.0
1777889883.2363324,3.0,2.0,-77.0
1777889883.2473323,3.0,-1.0,-70.0
1777889883.2563324,6.0,-2.0,-65.0
1777889883.2673323,10.0,0.0,-61.0
1777889883.2773323,9.0,3.0,-62.0
1777889883.2873323,4.0,2.0,-66.0
1777889883.2973323,5.0,3.0,-75.0
1777889883.3073325,10.0,3.0,-75.0
1777889883.3173325,8.0,2.0,-69.0
1777889883.3273325,6.0,1.0,-67.0
1777889883.3373325,2.0,0.0,-67.0
1777889883.3473325,-1.0,-3.0,-67.0
1777889883.3573325,-2.0,-1.0,-70.0
1777889883.3673325,1.0,6.0,-72.0
1777889883.3773324,0.0,8.0,-72.0
1777889883.3873324,0.0,4.0,-72.0
1777889883.3973324,0.0,3.0,-70.0
1777889883.4073324,-2.0,2.0,-73.0
1777889883.4173324,-3.0,-1.0,-83.0
1777889883.4273324,-3.0,-8.0,-81.0
1777889883.4373324,-3.0,-9.0,-76.0
1777889883.4473324,-5.0,-8.0,-78.0
1777889883.4573324,0.0,-7.0,-74.0
1777889883.4673324,-1.0,-6.0,-82.0
1777889883.4773324,-2.0,-9.0,-82.0
1777889883.4873323,-1.0,-7.0,-85.0
1777889883.4973323,1.0,-6.0,-82.0
1777889883.5073323,4.0,-3.0,-84.0
1777889883.5173323,2.0,-2.0,-83.0
1777889883.5273323,0.0,0.0,-79.0
1777889883.5373323,-1.0,-3.0,-82.0
1777889883.5473323,0.0,-2.0,-77.0
1777889883.5573325,2.0,-2.0,-75.0
1777889883.5673325,2.0,-1.0,-74.0
1777889883.5773325,3.0,-2.0,-70.0
1777889883.5873325,1.0,-1.0,-71.0
1777889883.5973325,0.0,-4.0,-67.0
1777889883.6073325,-2.0,-7.0,-76.0
1777889883.6173325,0.0,-6.0,-78.0
1777889883.6273324,4.0,-7.0,-79.0
1777889883.6373324,2.0,-7.0,-78.0
1777889883.6473324,-1.0,-7.0,-77.0
1777889883.6573324,-3.0,-7.0,-80.0
1777889883.6673324,-5.0,-3.0,-75.0
1777889883.6773324,-6.0,-4.0,-77.0
1777889883.6873324,-6.0,-4.0,-75.0
1777889883.6973324,0.0,-2.0,-70.0
1777889883.7073324,3.0,0.0,-66.0
1777889883.7173324,0.0,1.0,-69.0
1777889883.7273324,0.0,-1.0,-67.0
1777889883.7373323,-2.0,0.0,-72.0
1777889883.7473323,-3.0,3.0,-82.0
1777889883.7573323,-4.0,0.0,-91.0
1777889883.7673323,-3.0,0.0,-88.0
1777889883.7773323,-3.0,1.0,-87.0
1777889883.7873323,-4.0,3.0,-86.0
1777889883.7973323,0.0,3.0,-81.0
1777889883.8073325,-1.0,0.0,-80.0
1777889883.8173325,-2.0,-1.0,-88.0
1777889883.8273325,-2.0,-4.0,-84.0
1777889883.8373325,-4.0,-1.0,-84.0
1777889883.8473325,-1.0,-5.0,-77.0
1777889883.8573325,0.0,-5.0,-80.0
1777889883.8673325,0.0,-5.0,-81.0
1777889883.8773324,0.0,-7.0,-85.0
1777889883.8873324,0.0,-8.0,-84.0
1777889883.8973324,1.0,-7.0,-77.0
1777889883.9073324,4.0,-4.0,-77.0
1777889883.9173324,4.0,-1.0,-74.0
1777889883.9273324,4.0,0.0,-77.0
1777889883.9373324,4.0,1.0,-74.0
1777889883.9473324,1.0,2.0,-73.0
1777889883.9573324,1.0,-1.0,-71.0
1777889883.9673324,0.0,0.0,-70.0
1777889883.9773324,-5.0,3.0,-75.0
1777889883.9873323,-7.0,4.0,-71.0
1777889883.9973323,-5.0,4.0,-67.0
1777889884.0073323,-6.0,3.0,-69.0
1777889884.0173323,-5.0,1.0,-75.0
1777889884.0273323,-1.0,0.0,-71.0
1777889884.0373323,-2.0,1.0,-73.0
1777889884.0473323,-3.0,0.0,-73.0
1777889884.0573325,-2.0,2.0,-72.0
1777889884.0673325,-3.0,2.0,-70.0
1777889884.0773325,-2.0,0.0,-72.0
1777889884.0873325,-2.0,-1.0,-73.0
1777889884.0973325,-4.0,3.0,-70.0
1777889884.1073325,-4.0,6.0,-70.0
1777889884.1173325,-1.0,3.0,-75.0
1777889884.1273324,2.0,2.0,-79.0
1777889884.1373324,0.0,1.0,-82.0
1777889884.1473324,6.0,0.0,-80.0
1777889884.1573324,8.0,-5.0,-78.0
1777889884.1673324,7.0,-7.0,-74.0
1777889884.1773324,4.0,-7.0,-75.0
1777889884.1873324,-2.0,-8.0,-76.0
1777889884.1973324,-6.0,-6.0,-87.0
1777889884.2073324,-6.0,-4.0,-83.0
1777889884.2173324,0.0,-3.0,-88.0
1777889884.2273324,-3.0,-6.0,-83.0
1777889884.2373323,-5.0,-5.0,-85.0
1777889884.2473323,-4.0,-4.0,-81.0
1777889884.2573323,-8.0,-1.0,-83.0
1777889884.2673323,-5.0,0.0,-86.0
1777889884.2773323,-3.0,1.0,-81.0
1777889884.2873323,-2.0,3.0,-78.0
1777889884.2973323,-2.0,0.0,-71.0
1777889884.3073325,2.0,0.0,-65.0
1777889884.3173325,4.0,-3.0,-63.0
1777889884.3273325,4.0,-3.0,-68.0
1777889884.3373325,1.0,0.0,-70.0
1777889884.3473325,-4.0,-1.0,-68.0
1777889884.3573325,-5.0,-2.0,-73.0
1777889884.3673325,-3.0,-4.0,-69.0
1777889884.3773324,1.0,-2.0,-57.0
1777889884.3873324,-1.0,-6.0,-53.0
1777889884.3973324,0.0,-3.0,-56.0
1777889884.4073324,-2.0,1.0,-69.0
1777889884.4173324,0.0,1.0,-72.0
1777889884.4273324,4.0,0.0,-76.0
1777889884.4373324,4.0,-1.0,-71.0
1777889884.4473324,8.0,-2.0,-69.0
1777889884.4573324,10.0,0.0,-68.0
1777889884.4673324,4.0,1.0,-68.0
1777889884.4773324,3.0,1.0,-69.0
1777889884.4873323,4.0,-3.0,-71.0
1777889884.4973323,2.0,0.0,-76.0
1777889884.5073323,0.0,0.0,-81.0
1777889884.5173323,1.0,-1.0,-84.0
1777889884.5273323,1.0,-2.0,-74.0
1777889884.5373323,-3.0,-1.0,-73.0
1777889884.5473323,-2.0,1.0,-70.0
1777889884.5573325,0.0,0.0,-70.0
1777889884.5673325,3.0,3.0,-75.0
1777889884.5773325,2.0,3.0,-75.0
1777889884.5873325,4.0,5.0,-72.0
1777889884.5973325,3.0,9.0,-74.0
1777889884.6073325,1.0,9.0,-73.0
1777889884.6173325,0.0,8.0,-71.0
1777889884.6273324,0.0,3.0,-68.0
1777889884.6373324,0.0,2.0,-66.0
1777889884.6473324,4.0,0.0,-69.0
1777889884.6573324,3.0,-1.0,-70.0
1777889884.6673324,7.0,-2.0,-70.0
1777889884.6773324,8.0,3.0,-72.0
1777889884.6873324,6.0,1.0,-73.0
1777889884.6973324,8.0,4.0,-69.0
1777889884.7073324,8.0,2.0,-72.0
1777889884.7173324,6.0,2.0,-74.0
1777889884.7273324,5.0,2.0,-71.0
1777889884.7373323,5.0,2.0,-71.0
1777889884.7473323,4.0,0.0,-68.0
1777889884.7573323,3.0,0.0,-73.0
1777889884.7673323,6.0,-1.0,-76.0
1777889884.7773323,8.0,-3.0,-74.0
1777889884.7873323,6.0,-3.0,-78.0
1777889884.7973323,5.0,-5.0,-76.0
1777889884.8073325,3.0,-4.0,-72.0
1777889884.8173325,0.0,-7.0,-69.0
1777889884.8273325,2.0,-9.0,-74.0
1777889884.8373325,2.0,-14.0,-82.0
1777889884.8473325,0.0,-11.0,-88.0
1777889884.8573325,1.0,-3.0,-88.0
1777889884.8673325,5.0,-2.0,-88.0
1777889884.8773324,7.0,-1.0,-90.0
1777889884.8873324,4.0,0.0,-86.0
1777889884.8973324,5.0,0.0,-89.0
1777889884.9073324,7.0,-1.0,-91.0
1777889884.9173324,7.0,0.0,-87.0
1777889884.9273324,5.0,-1.0,-85.0
1777889884.9373324,3.0,-2.0,-83.0
1777889884.9473324,6.0,-5.0,-85.0
1777889884.9573324,9.0,-3.0,-88.0
1777889884.9673324,7.0,-4.0,-85.0
1777889884.9773324,3.0,-6.0,-89.0
1777889884.9873323,3.0,-4.0,-83.0
1777889884.9973323,-2.0,-2.0,-82.0
1777889885.0073323,-5.0,-3.0,-83.0
1777889885.0173323,-1.0,-4.0,-81.0
1777889885.0273323,4.0,-5.0,-79.0
1777889885.0373323,7.0,-4.0,-78.0
1777889885.0473323,8.0,-2.0,-69.0
1777889885.0573325,8.0,0.0,-61.0
1777889885.0673325,0.0,4.0,-60.0
1777889885.0773325,-2.0,1.0,-68.0
1777889885.0873325,2.0,3.0,-69.0
1777889885.0973325,4.0,0.0,-73.0
1777889885.1073325,3.0,-4.0,-74.0
1777889885.1173325,1.0,-3.0,-82.0
1777889885.1273324,4.0,-2.0,-84.0
1777889885.1373324,0.0,-4.0,-79.0
1777889885.1473324,-1.0,-5.0,-78.0
1777889885.1573324,0.0,-5.0,-77.0
1777889885.1673324,-1.0,-3.0,-82.0
1777889885.1773324,0.0,3.0,-82.0
1777889885.1873324,0.0,0.0,-83.0
1777889885.1973324,0.0,-5.0,-78.0
1777889885.2073324,2.0,-8.0,-76.0
1777889885.2173324,1.0,-9.0,-82.0
1777889885.2273324,0.0,-7.0,-84.0
1777889885.2383325,-4.0,-3.0,-81.0
1777889885.2483325,-5.0,3.0,-73.0
1777889885.2583325,-6.0,5.0,-69.0
1777889885.2683325,-4.0,4.0,-71.0
1777889885.2783325,1.0,2.0,-72.0
1777889885.2883325,0.0,-1.0,-74.0
1777889885.2983325,0.0,0.0,-69.0
1777889885.3083324,-2.0,-3.0,-74.0
1777889885.3183324,-6.0,-3.0,-76.0
1777889885.3283324,0.0,-3.0,-74.0
1777889885.3383324,2.0,-4.0,-69.0
1777889885.3483324,2.0,-12.0,-71.0
1777889885.3583324,7.0,-13.0,-71.0
1777889885.3683324,12.0,-8.0,-68.0
1777889885.3783324,8.0,-6.0,-72.0
1777889885.3883324,6.0,-2.0,-76.0
1777889885.3983324,7.0,-2.0,-82.0
1777889885.4083323,5.0,-4.0,-80.0
1777889885.4183323,7.0,-3.0,-85.0
1777889885.4283323,2.0,-2.0,-86.0
1777889885.4383323,-1.0,-3.0,-80.0
1777889885.4483323,1.0,-3.0,-75.0
1777889885.4583323,-4.0,-8.0,-73.0
1777889885.4683323,-7.0,-10.0,-74.0
1777889885.4783323,-3.0,-10.0,-74.0
1777889885.4883325,-3.0,-6.0,-72.0
1777889885.4983325,-5.0,-6.0,-65.0
1777889885.5083325,-5.0,-4.0,-74.0
1777889885.5183325,-2.0,-9.0,-74.0
1777889885.5283325,-4.0,-10.0,-65.0
1777889885.5383325,-1.0,-10.0,-60.0
1777889885.5483325,0.0,-13.0,-58.0
1777889885.5583324,-3.0,-12.0,-60.0
1777889885.5683324,0.0,-8.0,-61.0
1777889885.5783324,0.0,-9.0,-67.0
1777889885.5883324,4.0,-8.0,-69.0
1777889885.5983324,1.0,-7.0,-65.0
1777889885.6083324,0.0,-6.0,-71.0
1777889885.6183324,0.0,-3.0,-73.0
1777889885.6283324,-2.0,-5.0,-76.0
1777889885.6383324,-3.0,-7.0,-80.0
1777889885.6483324,-3.0,-7.0,-82.0
1777889885.6583323,-5.0,-5.0,-78.0
1777889885.6683323,-7.0,-1.0,-81.0
1777889885.6783323,-6.0,-3.0,-80.0
1777889885.6883323,-1.0,-6.0,-82.0
1777889885.6983323,-1.0,-8.0,-75.0
1777889885.7083323,0.0,-4.0,-74.0
1777889885.7183323,0.0,-1.0,-74.0
1777889885.7283323,-1.0,2.0,-78.0
1777889885.7383325,2.0,0.0,-78.0
1777889885.7483325,3.0,0.0,-75.0
1777889885.7583325,10.0,0.0,-74.0
1777889885.7683325,7.0,0.0,-75.0
1777889885.7783325,0.0,0.0,-75.0
1777889885.7883325,0.0,2.0,-74.0
1777889885.7983325,4.0,3.0,-74.0
1777889885.8083324,1.0,0.0,-76.0
1777889885.8183324,3.0,-5.0,-68.0
1777889885.8283324,2.0,-5.0,-74.0
1777889885.8383324,2.0,-3.0,-78.0
1777889885.8483324,3.0,-6.0,-77.0
1777889885.8583324,1.0,-5.0,-71.0
1777889885.8683324,0.0,-8.0,-68.0
1777889885.8783324,0.0,-12.0,-65.0
1777889885.8883324,1.0,-7.0,-59.0
1777889885.8983324,-2.0,-3.0,-65.0
1777889885.9083323,-1.0,-5.0,-68.0
1777889885.9183323,0.0,-3.0,-68.0
1777889885.9283323,3.0,1.0,-76.0
1777889885.9383323,2.0,2.0,-76.0
1777889885.9483323,3.0,1.0,-80.0
1777889885.9583323,1.0,-1.0,-77.0
1777889885.9683323,0.0,-4.0,-81.0
1777889885.9783323,2.0,-5.0,-82.0
1777889885.9883325,5.0,-6.0,-85.0
1777889885.9983325,5.0,-8.0,-87.0
1777889886.0083325,2.0,-6.0,-92.0
1777889886.0183325,1.0,-6.0,-87.0
1777889886.0283325,0.0,-6.0,-76.0
1777889886.0383325,-1.0,-3.0,-71.0
1777889886.0483325,-3.0,-6.0,-68.0
1777889886.0583324,-4.0,-8.0,-69.0
1777889886.0683324,-4.0,-7.0,-69.0
1777889886.0783324,-5.0,-5.0,-68.0
1777889886.0883324,2.0,-1.0,-67.0
1777889886.0983324,0.0,0.0,-72.0
1777889886.1083324,0.0,2.0,-72.0
1777889886.1183324,1.0,-1.0,-70.0
1777889886.1283324,1.0,-1.0,-71.0
1777889886.1383324,4.0,0.0,-70.0
1777889886.1483324,4.0,-4.0,-75.0
1777889886.1583323,7.0,-2.0,-77.0
1777889886.1683323,3.0,-4.0,-71.0
1777889886.1783323,2.0,0.0,-72.0
1777889886.1883323,0.0,-2.0,-72.0
1777889886.1983323,0.0,-2.0,-68.0
1777889886.2083323,3.0,-1.0,-63.0
1777889886.2183323,6.0,0.0,-65.0
1777889886.2283323,8.0,0.0,-67.0
1777889886.2383325,3.0,-3.0,-69.0
1777889886.2483325,-3.0,-1.0,-77.0
1777889886.2583325,-3.0,0.0,-74.0
1777889886.2683325,2.0,5.0,-79.0
1777889886.2783325,0.0,8.0,-76.0
1777889886.2883325,-2.0,9.0,-69.0
1777889886.2983325,-6.0,8.0,-71.0
1777889886.3083324,-7.0,4.0,-75.0
1777889886.3183324,-3.0,7.0,-78.0
1777889886.3283324,-2.0,9.0,-82.0
1777889886.3383324,-4.0,8.0,-78.0
1777889886.3483324,-1.0,4.0,-74.0
1777889886.3583324,1.0,4.0,-66.0
1777889886.3683324,-1.0,2.0,-70.0
1777889886.3783324,0.0,0.0,-79.0
1777889886.3883324,0.0,-2.0,-87.0
1777889886.3983324,0.0,-4.0,-81.0
1777889886.4083323,-4.0,-6.0,-83.0
1777889886.4183323,-8.0,-5.0,-81.0
1777889886.4283323,-6.0,-1.0,-76.0
1777889886.4383323,-5.0,-2.0,-81.0
1777889886.4483323,-9.0,-3.0,-85.0
1777889886.4583323,-5.0,-3.0,-80.0
1777889886.4683323,-1.0,-2.0,-80.0
1777889886.4783323,-3.0,-1.0,-72.0
1777889886.4883325,-9.0,0.0,-69.0
1777889886.4983325,-5.0,0.0,-72.0
1777889886.5083325,0.0,0.0,-72.0
1777889886.5183325,-5.0,0.0,-67.0
1777889886.5283325,-7.0,-1.0,-70.0
1777889886.5383325,-5.0,-4.0,-67.0
1777889886.5483325,-1.0,0.0,-72.0
1777889886.5583324,3.0,1.0,-74.0
1777889886.5683324,4.0,0.0,-76.0
1777889886.5783324,-1.0,-3.0,-81.0
1777889886.5883324,0.0,-2.0,-85.0
1777889886.5983324,4.0,-1.0,-87.0
1777889886.6083324,4.0,2.0,-89.0
1777889886.6183324,2.0,3.0,-91.0
1777889886.6283324,3.0,0.0,-87.0
1777889886.6383324,4.0,1.0,-87.0
1777889886.6483324,6.0,2.0,-87.0
1777889886.6583323,3.0,1.0,-82.0
1777889886.6683323,3.0,0.0,-79.0
1777889886.6783323,4.0,-1.0,-70.0
1777889886.6883323,-1.0,-4.0,-77.0
1777889886.6983323,0.0,-5.0,-80.0
1777889886.7083323,3.0,-5.0,-72.0
1777889886.7183323,7.0,-2.0,-70.0
1777889886.7283323,6.0,-5.0,-71.0
1777889886.7393324,8.0,-6.0,-71.0
1777889886.7483325,7.0,-2.0,-78.0
1777889886.7583325,1.0,1.0,-78.0
1777889886.7683325,1.0,4.0,-85.0
1777889886.7783325,3.0,0.0,-86.0
1777889886.7883325,3.0,2.0,-79.0
1777889886.7983325,4.0,2.0,-80.0
1777889886.8083324,3.0,1.0,-85.0
1777889886.8183324,11.0,4.0,-91.0
1777889886.8283324,8.0,0.0,-86.0
1777889886.8383324,11.0,-1.0,-83.0
1777889886.8483324,10.0,-4.0,-82.0
1777889886.8583324,6.0,-2.0,-80.0
1777889886.8683324,5.0,0.0,-77.0
1777889886.8783324,5.0,2.0,-74.0
1777889886.8883324,5.0,3.0,-74.0
1777889886.8983324,0.0,3.0,-74.0
1777889886.9083323,-3.0,2.0,-81.0
1777889886.9183323,-4.0,4.0,-80.0
1777889886.9283323,-4.0,1.0,-80.0
1777889886.9383323,0.0,0.0,-77.0
1777889886.9483323,-1.0,0.0,-81.0
1777889886.9583323,-3.0,0.0,-77.0
1777889886.9683323,-3.0,0.0,-75.0
1777889886.9783323,-3.0,1.0,-74.0
1777889886.9883325,-4.0,3.0,-80.0
1777889886.9983325,-8.0,2.0,-77.0
1777889887.0083325,-2.0,2.0,-75.0
1777889887.0183325,0.0,1.0,-77.0
1777889887.0283325,2.0,0.0,-79.0
1777889887.0383325,3.0,-1.0,-83.0
1777889887.0483325,4.0,-1.0,-79.0
1777889887.0583324,9.0,-1.0,-84.0
1777889887.0683324,12.0,-4.0,-82.0
1777889887.0783324,10.0,-1.0,-79.0
1777889887.0883324,9.0,-3.0,-87.0
1777889887.0983324,4.0,-7.0,-88.0
1777889887.1083324,4.0,-5.0,-94.0
1777889887.1183324,2.0,-3.0,-95.0
1777889887.1283324,4.0,-1.0,-93.0
1777889887.1383324,0.0,-3.0,-89.0
1777889887.1483324,-5.0,-7.0,-91.0
1777889887.1583323,-3.0,-3.0,-82.0
1777889887.1683323,-7.0,-5.0,-84.0
1777889887.1783323,-2.0,-6.0,-79.0
1777889887.1883323,-2.0,-3.0,-76.0
1777889887.1983323,1.0,2.0,-77.0
1777889887.2083323,4.0,6.0,-79.0
1777889887.2193325,6.0,6.0,-79.0
1777889887.2293324,7.0,2.0,-77.0
1777889887.2393324,3.0,0.0,-74.0
1777889887.2493324,2.0,2.0,-80.0
1777889887.2593324,0.0,3.0,-84.0
1777889887.2693324,0.0,3.0,-82.0
1777889887.2793324,-2.0,0.0,-74.0
1777889887.2893324,-2.0,-1.0,-79.0
1777889887.2993324,0.0,-1.0,-81.0
1777889887.3093324,-3.0,-1.0,-72.0
1777889887.3193324,-2.0,4.0,-71.0
1777889887.3293324,2.0,3.0,-64.0
1777889887.3393323,3.0,5.0,-62.0
1777889887.3493323,4.0,6.0,-70.0
1777889887.3593323,3.0,5.0,-72.0
1777889887.3693323,-1.0,9.0,-71.0
1777889887.3793323,0.0,6.0,-76.0
1777889887.3893323,0.0,6.0,-77.0
1777889887.3993323,-1.0,5.0,-81.0
1777889887.4093325,2.0,6.0,-81.0
1777889887.4193325,2.0,3.0,-78.0
1777889887.4293325,5.0,2.0,-70.0
1777889887.4393325,3.0,0.0,-73.0
1777889887.4493325,1.0,0.0,-75.0
1777889887.4593325,3.0,-2.0,-77.0
1777889887.4693325,-2.0,0.0,-82.0
1777889887.4793324,-2.0,1.0,-81.0
1777889887.4893324,2.0,-1.0,-74.0
1777889887.4993324,4.0,-2.0,-75.0
1777889887.5093324,6.0,-1.0,-79.0
1777889887.5193324,7.0,-1.0,-76.0
1777889887.5293324,4.0,-3.0,-69.0
1777889887.5393324,6.0,-5.0,-69.0
1777889887.5493324,1.0,0.0,-71.0
1777889887.5593324,0.0,0.0,-75.0
1777889887.5693324,4.0,-1.0,-81.0
1777889887.5793324,4.0,-1.0,-77.0
1777889887.5893323,7.0,0.0,-85.0
1777889887.5993323,5.0,-6.0,-86.0
1777889887.6093323,7.0,-7.0,-89.0
1777889887.6193323,6.0,-8.0,-83.0
1777889887.6293323,7.0,-5.0,-75.0
1777889887.6393323,10.0,-2.0,-72.0
1777889887.6493323,12.0,-1.0,-76.0
1777889887.6593325,15.0,1.0,-83.0
1777889887.6693325,7.0,1.0,-82.0
1777889887.6793325,2.0,4.0,-79.0
1777889887.6893325,0.0,2.0,-74.0
1777889887.6993325,5.0,2.0,-72.0
1777889887.7093325,5.0,0.0,-78.0
1777889887.7193325,-2.0,2.0,-81.0
1777889887.7293324,0.0,0.0,-78.0
1777889887.7393324,0.0,-1.0,-77.0
1777889887.7493324,2.0,-2.0,-77.0
1777889887.7593324,0.0,-5.0,-80.0
1777889887.7693324,0.0,0.0,-78.0
1777889887.7793324,1.0,0.0,-81.0
1777889887.7893324,1.0,0.0,-80.0
1777889887.7993324,0.0,1.0,-77.0
1777889887.8093324,-4.0,4.0,-71.0
1777889887.8193324,-2.0,3.0,-74.0
1777889887.8293324,-5.0,1.0,-71.0
1777889887.8393323,-6.0,2.0,-71.0
1777889887.8493323,-4.0,0.0,-76.0
1777889887.8593323,-4.0,1.0,-80.0
1777889887.8693323,-2.0,1.0,-75.0
1777889887.8793323,0.0,0.0,-69.0
1777889887.8893323,1.0,-1.0,-73.0
1777889887.8993323,0.0,-1.0,-78.0
1777889887.9093325,6.0,0.0,-76.0
1777889887.9193325,4.0,0.0,-80.0
1777889887.9293325,1.0,-1.0,-78.0
1777889887.9393325,-1.0,0.0,-78.0
1777889887.9493325,0.0,2.0,-76.0
1777889887.9593325,3.0,3.0,-77.0
1777889887.9693325,-1.0,2.0,-77.0
1777889887.9793324,0.0,0.0,-81.0
1777889887.9893324,1.0,-1.0,-79.0
1777889887.9993324,-3.0,-3.0,-75.0
1777889888.0093324,0.0,-3.0,-79.0
1777889888.0193324,0.0,1.0,-82.0
1777889888.0293324,1.0,2.0,-80.0
1777889888.0393324,-1.0,4.0,-74.0
1777889888.0493324,1.0,5.0,-65.0
1777889888.0593324,1.0,2.0,-65.0
1777889888.0693324,3.0,2.0,-69.0
1777889888.0793324,4.0,-2.0,-71.0
1777889888.0893323,0.0,-3.0,-77.0
1777889888.0993323,-2.0,-2.0,-78.0
1777889888.1093323,-1.0,0.0,-77.0
1777889888.1193323,-1.0,-3.0,-76.0
1777889888.1293323,0.0,-1.0,-77.0
1777889888.1393323,0.0,1.0,-77.0
1777889888.1493323,1.0,2.0,-81.0
1777889888.1593325,0.0,0.0,-77.0
1777889888.1693325,-6.0,0.0,-78.0
1777889888.1793325,-1.0,0.0,-75.0
1777889888.1893325,-2.0,0.0,-75.0
1777889888.1993325,0.0,-3.0,-70.0
1777889888.2093325,-1.0,-2.0,-72.0
1777889888.2193325,-5.0,0.0,-73.0
1777889888.2293324,-6.0,4.0,-74.0
1777889888.2393324,-7.0,2.0,-75.0
1777889888.2493324,-2.0,3.0,-86.0
1777889888.2593324,1.0,2.0,-89.0
1777889888.2693324,4.0,5.0,-85.0
1777889888.2793324,1.0,3.0,-91.0
1777889888.2893324,2.0,5.0,-103.0
1777889888.2993324,1.0,4.0,-96.0
1777889888.3093324,-2.0,3.0,-89.0
1777889888.3193324,-2.0,0.0,-75.0
1777889888.3293324,-2.0,-3.0,-71.0
1777889888.3393323,-2.0,1.0,-74.0
1777889888.3493323,2.0,6.0,-78.0
1777889888.3593323,6.0,6.0,-84.0
1777889888.3693323,1.0,4.0,-82.0
1777889888.3793323,3.0,4.0,-78.0
1777889888.3893323,2.0,0.0,-79.0
1777889888.3993323,1.0,0.0,-80.0
1777889888.4093325,1.0,-1.0,-80.0
1777889888.4193325,0.0,-1.0,-75.0
1777889888.4293325,2.0,-3.0,-71.0
1777889888.4393325,2.0,2.0,-69.0
1777889888.4493325,5.0,4.0,-73.0
1777889888.4593325,4.0,2.0,-70.0
1777889888.4693325,1.0,4.0,-71.0
1777889888.4793324,4.0,3.0,-73.0
1777889888.4893324,2.0,0.0,-72.0
1777889888.4993324,1.0,1.0,-76.0
1777889888.5093324,-1.0,0.0,-83.0
1777889888.5193324,-2.0,0.0,-81.0
1777889888.5293324,-1.0,1.0,-86.0
1777889888.5393324,-1.0,0.0,-83.0
1777889888.5493324,-1.0,0.0,-81.0
1777889888.5593324,-3.0,0.0,-82.0
1777889888.5693324,-1.0,0.0,-79.0
1777889888.5793324,0.0,1.0,-84.0
1777889888.5893323,2.0,2.0,-75.0
1777889888.5993323,0.0,0.0,-78.0
1777889888.6093323,4.0,-1.0,-74.0
1777889888.6193323,3.0,1.0,-71.0
1777889888.6293323,1.0,3.0,-70.0
1777889888.6393323,0.0,8.0,-71.0
1777889888.6493323,-3.0,2.0,-75.0
1777889888.6593325,-5.0,4.0,-82.0
1777889888.6693325,-5.0,5.0,-92.0
1777889888.6793325,-9.0,4.0,-93.0
1777889888.6893325,-6.0,5.0,-92.0
1777889888.6993325,-2.0,2.0,-93.0
1777889888.7093325,1.0,3.0,-93.0
1777889888.7193325,1.0,9.0,-86.0
1777889888.7293324,1.0,10.0,-79.0
1777889888.7393324,4.0,9.0,-79.0
1777889888.7493324,1.0,7.0,-74.0
1777889888.7593324,-1.0,4.0,-76.0
1777889888.7693324,-2.0,2.0,-77.0
1777889888.7793324,2.0,2.0,-74.0
1777889888.7893324,3.0,0.0,-76.0
1777889888.7993324,2.0,0.0,-81.0
1777889888.8093324,3.0,5.0,-89.0
1777889888.8193324,-2.0,5.0,-88.0
1777889888.8293324,1.0,5.0,-86.0
1777889888.8393323,3.0,3.0,-87.0
1777889888.8493323,5.0,0.0,-90.0
1777889888.8593323,5.0,0.0,-90.0
1777889888.8693323,2.0,3.0,-86.0
1777889888.8793323,-3.0,4.0,-84.0
1777889888.8893323,-4.0,2.0,-78.0
1777889888.8993323,1.0,2.0,-81.0
1777889888.9093325,-4.0,4.0,-81.0
1777889888.9193325,-3.0,3.0,-81.0
1777889888.9293325,-1.0,3.0,-76.0
1777889888.9393325,-1.0,4.0,-76.0
1777889888.9493325,0.0,0.0,-75.0
1777889888.9593325,0.0,1.0,-72.0
1777889888.9693325,3.0,1.0,-70.0
1777889888.9793324,4.0,0.0,-70.0
1777889888.9893324,0.0,5.0,-72.0
1777889888.9993324,-1.0,5.0,-66.0
1777889889.0093324,-2.0,1.0,-60.0
1777889889.0193324,0.0,1.0,-67.0
1777889889.0293324,1.0,0.0,-68.0
1777889889.0393324,3.0,-2.0,-76.0
1777889889.0493324,2.0,-5.0,-77.0
1777889889.0593324,2.0,-6.0,-75.0
1777889889.0693324,1.0,-5.0,-78.0
1777889889.0793324,0.0,-6.0,-83.0
1777889889.0893323,-1.0,-7.0,-77.0
1777889889.0993323,-2.0,-4.0,-80.0
1777889889.1093323,-6.0,0.0,-73.0
1777889889.1193323,0.0,0.0,-74.0
1777889889.1293323,-4.0,0.0,-70.0
1777889889.1393323,-8.0,2.0,-67.0
1777889889.1493323,-4.0,4.0,-69.0
1777889889.1593325,0.0,4.0,-73.0
1777889889.1693325,0.0,5.0,-75.0
1777889889.1793325,0.0,3.0,-76.0
1777889889.1893325,0.0,3.0,-78.0
1777889889.1993325,1.0,4.0,-71.0
1777889889.2093325,0.0,0.0,-71.0
1777889889.2203324,1.0,-1.0,-77.0
1777889889.2303324,6.0,-4.0,-75.0
1777889889.2403324,9.0,-4.0,-74.0
1777889889.2503324,7.0,-5.0,-75.0
1777889889.2603323,6.0,-5.0,-80.0
1777889889.2703323,4.0,-6.0,-80.0
1777889889.2803323,2.0,-6.0,-82.0
1777889889.2903323,5.0,-8.0,-80.0
1777889889.3003323,5.0,-3.0,-79.0
1777889889.3103323,7.0,-3.0,-76.0
1777889889.3203323,11.0,-2.0,-75.0
1777889889.3303325,11.0,-2.0,-77.0
1777889889.3403325,8.0,-4.0,-78.0
1777889889.3503325,4.0,-1.0,-81.0
1777889889.3603325,0.0,0.0,-83.0
1777889889.3703325,0.0,-2.0,-90.0
1777889889.3803325,6.0,0.0,-92.0
1777889889.3903325,9.0,1.0,-88.0
1777889889.4003325,8.0,2.0,-92.0
1777889889.4103324,6.0,3.0,-94.0
1777889889.4203324,2.0,2.0,-91.0
1777889889.4303324,5.0,2.0,-94.0
1777889889.4403324,1.0,1.0,-89.0
1777889889.4503324,-1.0,1.0,-86.0
1777889889.4603324,-6.0,2.0,-84.0
1777889889.4703324,-11.0,6.0,-76.0
1777889889.4803324,-8.0,3.0,-74.0
1777889889.4903324,-7.0,0.0,-72.0
1777889889.5003324,-6.0,0.0,-72.0
1777889889.5103323,-6.0,0.0,-69.0
1777889889.5203323,-7.0,0.0,-70.0
1777889889.5303323,-4.0,0.0,-69.0
1777889889.5403323,-2.0,0.0,-76.0
1777889889.5503323,-3.0,4.0,-79.0
1777889889.5603323,-8.0,2.0,-76.0
1777889889.5703323,-7.0,0.0,-76.0
1777889889.5803325,-5.0,0.0,-74.0
1777889889.5903325,0.0,0.0,-70.0
1777889889.6003325,0.0,3.0,-75.0
1777889889.6103325,5.0,4.0,-74.0
1777889889.6203325,9.0,2.0,-72.0
1777889889.6303325,9.0,4.0,-72.0
1777889889.6403325,6.0,4.0,-67.0
1777889889.6503325,8.0,0.0,-70.0
1777889889.6603324,3.0,-2.0,-73.0
1777889889.6703324,4.0,0.0,-71.0
1777889889.6803324,5.0,-1.0,-73.0
1777889889.6903324,0.0,-1.0,-69.0
1777889889.7003324,0.0,0.0,-73.0
1777889889.7103324,0.0,0.0,-74.0
1777889889.7203324,-1.0,-1.0,-74.0
1777889889.7303324,3.0,1.0,-76.0
1777889889.7403324,3.0,3.0,-78.0
1777889889.7503324,2.0,2.0,-75.0
1777889889.7603323,0.0,1.0,-74.0
1777889889.7703323,-6.0,4.0,-64.0
1777889889.7803323,-1.0,4.0,-71.0
1777889889.7903323,2.0,4.0,-72.0
1777889889.8003323,6.0,2.0,-73.0
1777889889.8103323,5.0,0.0,-69.0
1777889889.8203323,3.0,0.0,-67.0
1777889889.8303325,2.0,-1.0,-65.0
1777889889.8403325,4.0,-1.0,-64.0
1777889889.8503325,5.0,0.0,-69.0
1777889889.8603325,8.0,2.0,-74.0
1777889889.8703325,8.0,1.0,-71.0
1777889889.8803325,5.0,0.0,-71.0
1777889889.8903325,5.0,-3.0,-69.0
1777889889.9003325,0.0,-5.0,-69.0
1777889889.9103324,-1.0,-4.0,-65.0
1777889889.9203324,-1.0,-4.0,-65.0
1777889889.9303324,1.0,-3.0,-64.0
1777889889.9403324,4.0,-2.0,-67.0
1777889889.9503324,2.0,4.0,-54.0
1777889889.9603324,0.0,2.0,-57.0
1777889889.9703324,-2.0,3.0,-58.0
1777889889.9803324,0.0,7.0,-61.0
1777889889.9903324,0.0,8.0,-55.0
1777889890.0003324,-3.0,6.0,-62.0
1777889890.0103323,-1.0,4.0,-63.0
1777889890.0203323,-3.0,8.0,-64.0
1777889890.0303323,-3.0,6.0,-68.0
1777889890.0403323,-2.0,5.0,-61.0
1777889890.0503323,-1.0,4.0,-64.0
1777889890.0603323,-4.0,1.0,-73.0
1777889890.0703323,-2.0,0.0,-70.0
1777889890.0803325,0.0,2.0,-76.0
1777889890.0903325,1.0,2.0,-73.0
1777889890.1003325,3.0,6.0,-73.0
1777889890.1103325,-1.0,13.0,-72.0
1777889890.1203325,-5.0,7.0,-79.0
1777889890.1303325,0.0,2.0,-85.0
1777889890.1403325,0.0,0.0,-87.0
1777889890.1503325,1.0,1.0,-86.0
1777889890.1603324,6.0,-1.0,-85.0
1777889890.1703324,2.0,-1.0,-90.0
1777889890.1803324,1.0,-5.0,-83.0
1777889890.1903324,5.0,-5.0,-85.0
1777889890.2003324,3.0,0.0,-86.0
1777889890.2103324,4.0,-1.0,-81.0
1777889890.2203324,7.0,0.0,-80.0
1777889890.2303324,9.0,2.0,-69.0
1777889890.2403324,4.0,-1.0,-65.0
1777889890.2503324,0.0,-4.0,-64.0
1777889890.2603323,0.0,-3.0,-61.0
1777889890.2703323,1.0,0.0,-59.0
1777889890.2803323,0.0,-2.0,-62.0
1777889890.2903323,0.0,-3.0,-63.0
1777889890.3003323,-5.0,0.0,-67.0
1777889890.3103323,-7.0,1.0,-73.0
1777889890.3203323,-9.0,0.0,-71.0
1777889890.3303325,-3.0,-1.0,-74.0
1777889890.3403325,0.0,0.0,-75.0
1777889890.3503325,0.0,3.0,-74.0
1777889890.3603325,-1.0,-1.0,-73.0
1777889890.3703325,-1.0,-2.0,-79.0
1777889890.3803325,2.0,-1.0,-78.0
1777889890.3903325,4.0,0.0,-73.0
1777889890.4003325,3.0,1.0,-71.0
1777889890.4103324,-2.0,0.0,-72.0
1777889890.4203324,-2.0,1.0,-72.0
1777889890.4303324,-1.0,2.0,-75.0
1777889890.4403324,-1.0,2.0,-71.0
1777889890.4503324,-2.0,3.0,-64.0
1777889890.4603324,-2.0,6.0,-61.0
1777889890.4703324,-5.0,8.0,-65.0
1777889890.4803324,-6.0,4.0,-69.0
1777889890.4903324,-7.0,1.0,-74.0
1777889890.5003324,-7.0,2.0,-76.0
1777889890.5103323,-7.0,8.0,-77.0
1777889890.5203323,-3.0,2.0,-74.0
1777889890.5303323,3.0,2.0,-70.0
1777889890.5403323,3.0,5.0,-75.0
1777889890.5503323,1.0,1.0,-71.0
1777889890.5603323,-2.0,0.0,-71.0
1777889890.5703323,2.0,-1.0,-74.0
1777889890.5803325,1.0,2.0,-79.0
1777889890.5903325,0.0,0.0,-79.0
1777889890.6003325,-1.0,0.0,-74.0
1777889890.6103325,-1.0,-3.0,-72.0
1777889890.6203325,0.0,-5.0,-74.0
1777889890.6303325,1.0,-6.0,-78.0
1777889890.6403325,3.0,-8.0,-75.0
1777889890.6503325,3.0,-10.0,-72.0
1777889890.6603324,1.0,-13.0,-72.0
1777889890.6703324,0.0,-14.0,-70.0
1777889890.6803324,0.0,-8.0,-69.0
1777889890.6903324,2.0,-9.0,-67.0
1777889890.7003324,-5.0,-8.0,-66.0
1777889890.7103324,-2.0,-5.0,-62.0
1777889890.7203324,2.0,-2.0,-63.0
1777889890.7303324,5.0,0.0,-63.0
1777889890.7403324,3.0,3.0,-57.0
1777889890.7503324,6.0,2.0,-59.0
1777889890.7603323,6.0,-1.0,-66.0
1777889890.7703323,2.0,-2.0,-73.0
1777889890.7803323,5.0,0.0,-74.0
1777889890.7903323,8.0,0.0,-80.0
1777889890.8003323,7.0,-6.0,-77.0
1777889890.8103323,4.0,-5.0,-74.0
1777889890.8203323,3.0,-4.0,-78.0
1777889890.8303325,3.0,-3.0,-79.0
1777889890.8403325,3.0,-1.0,-72.0
1777889890.8503325,4.0,-2.0,-75.0
1777889890.8603325,7.0,-3.0,-79.0
1777889890.8703325,3.0,-5.0,-81.0
1777889890.8803325,5.0,-4.0,-77.0
1777889890.8903325,6.0,-2.0,-74.0
1777889890.9003325,-2.0,-1.0,-77.0
1777889890.9103324,-2.0,-1.0,-76.0
1777889890.9203324,0.0,-1.0,-75.0
1777889890.9303324,0.0,0.0,-69.0
1777889890.9403324,-3.0,-2.0,-70.0
1777889890.9503324,1.0,-5.0,-67.0
1777889890.9603324,2.0,-4.0,-66.0
1777889890.9703324,2.0,-3.0,-69.0
1777889890.9803324,1.0,-3.0,-70.0
1777889890.9903324,-1.0,-2.0,-70.0
1777889891.0003324,-1.0,0.0,-71.0
1777889891.0103323,2.0,1.0,-67.0
1777889891.0203323,1.0,1.0,-70.0
1777889891.0303323,2.0,0.0,-71.0
1777889891.0403323,0.0,0.0,-70.0
1777889891.0503323,0.0,-1.0,-69.0
1777889891.0603323,1.0,0.0,-73.0
1777889891.0703323,3.0,0.0,-75.0
1777889891.0803325,10.0,0.0,-78.0
1777889891.0903325,7.0,0.0,-78.0
1777889891.1003325,6.0,-1.0,-76.0
1777889891.1103325,6.0,0.0,-74.0
1777889891.1203325,4.0,1.0,-65.0
1777889891.1303325,1.0,0.0,-70.0
1777889891.1403325,-2.0,5.0,-65.0
1777889891.1503325,-5.0,9.0,-68.0
1777889891.1603324,-3.0,9.0,-81.0
1777889891.1703324,-3.0,7.0,-74.0
1777889891.1813323,-1.0,3.0,-69.0
1777889891.1903324,-3.0,3.0,-67.0
1777889891.2013323,-6.0,5.0,-71.0
1777889891.2113323,-6.0,3.0,-69.0
1777889891.2213323,-3.0,4.0,-72.0
1777889891.2313323,0.0,4.0,-81.0
1777889891.2413323,0.0,1.0,-77.0
1777889891.2513323,3.0,0.0,-76.0
1777889891.2613325,5.0,-3.0,-70.0
1777889891.2713325,2.0,-6.0,-70.0
1777889891.2813325,0.0,-5.0,-65.0
1777889891.2913325,0.0,-4.0,-69.0
1777889891.3013325,5.0,-1.0,-71.0
1777889891.3113325,2.0,-2.0,-79.0
1777889891.3213325,0.0,-3.0,-83.0
1777889891.3313324,0.0,0.0,-87.0
1777889891.3413324,-3.0,0.0,-83.0
1777889891.3513324,0.0,0.0,-79.0
1777889891.3613324,3.0,-2.0,-86.0
1777889891.3713324,7.0,-2.0,-80.0
1777889891.3813324,8.0,-3.0,-77.0
1777889891.3913324,7.0,-3.0,-81.0
1777889891.4013324,9.0,0.0,-89.0
1777889891.4113324,8.0,4.0,-88.0
1777889891.4213324,5.0,5.0,-81.0
1777889891.4313323,0.0,2.0,-80.0
1777889891.4413323,0.0,2.0,-82.0
1777889891.4513323,-2.0,1.0,-85.0
1777889891.4613323,-4.0,0.0,-85.0
1777889891.4713323,-6.0,0.0,-81.0
1777889891.4813323,-5.0,-1.0,-79.0
1777889891.4913323,-1.0,-2.0,-78.0
1777889891.5013323,0.0,2.0,-83.0
1777889891.5113325,-7.0,0.0,-81.0
1777889891.5213325,-7.0,4.0,-78.0
1777889891.5313325,-3.0,5.0,-79.0
1777889891.5413325,-3.0,8.0,-85.0
1777889891.5523324,-1.0,6.0,-85.0
1777889891.5613325,-3.0,5.0,-77.0
1777889891.5713325,0.0,3.0,-77.0
1777889891.5813324,1.0,4.0,-80.0
1777889891.5913324,5.0,5.0,-85.0
1777889891.6013324,5.0,9.0,-90.0
1777889891.6113324,3.0,9.0,-85.0
1777889891.6213324,0.0,6.0,-83.0
1777889891.6313324,-1.0,1.0,-82.0
1777889891.6413324,-1.0,3.0,-81.0
1777889891.6513324,-1.0,0.0,-75.0
1777889891.6613324,3.0,0.0,-76.0
1777889891.6713324,6.0,0.0,-75.0
1777889891.6813323,3.0,-1.0,-73.0
1777889891.6913323,0.0,0.0,-67.0
1777889891.7013323,2.0,0.0,-68.0
1777889891.7113323,0.0,-1.0,-74.0
1777889891.7213323,0.0,-4.0,-74.0
1777889891.7313323,0.0,-4.0,-74.0
1777889891.7413323,2.0,-8.0,-72.0
1777889891.7513323,3.0,-5.0,-76.0
1777889891.7613325,2.0,0.0,-75.0
1777889891.7713325,2.0,0.0,-78.0
1777889891.7813325,0.0,-2.0,-73.0
1777889891.7913325,3.0,-1.0,-73.0
1777889891.8013325,-1.0,-1.0,-67.0
1777889891.8113325,0.0,-1.0,-62.0
1777889891.8213325,4.0,0.0,-67.0
1777889891.8313324,3.0,0.0,-71.0
1777889891.8413324,6.0,0.0,-73.0
1777889891.8513324,5.0,2.0,-77.0
1777889891.8613324,4.0,0.0,-80.0
1777889891.8713324,2.0,0.0,-79.0
1777889891.8813324,1.0,1.0,-72.0
1777889891.8913324,0.0,-2.0,-69.0
1777889891.9013324,4.0,2.0,-71.0
1777889891.9113324,0.0,-2.0,-67.0
1777889891.9213324,-2.0,-3.0,-64.0
1777889891.9313323,-1.0,-4.0,-67.0
1777889891.9413323,-4.0,-2.0,-68.0
1777889891.9513323,0.0,1.0,-66.0
1777889891.9613323,1.0,1.0,-64.0
1777889891.9713323,1.0,2.0,-67.0
1777889891.9813323,2.0,1.0,-69.0
1777889891.9913323,5.0,1.0,-68.0
1777889892.0013323,1.0,2.0,-62.0
1777889892.0113325,0.0,1.0,-68.0
1777889892.0213325,0.0,2.0,-62.0
1777889892.0313325,-1.0,0.0,-62.0
1777889892.0413325,-2.0,0.0,-70.0
1777889892.0513325,-1.0,-2.0,-77.0
1777889892.0613325,-7.0,0.0,-78.0
1777889892.0713325,-9.0,0.0,-81.0
1777889892.0813324,-12.0,2.0,-72.0
1777889892.0913324,-8.0,2.0,-75.0
1777889892.1013324,-4.0,3.0,-71.0
1777889892.1113324,-5.0,4.0,-72.0
1777889892.1213324,-3.0,2.0,-74.0
1777889892.1313324,-6.0,1.0,-81.0
1777889892.1413324,-9.0,0.0,-82.0
1777889892.1513324,-5.0,-2.0,-83.0
1777889892.1613324,-1.0,-1.0,-83.0
1777889892.1713324,0.0,0.0,-81.0
1777889892.1813323,1.0,-1.0,-86.0
1777889892.1913323,3.0,0.0,-84.0
1777889892.2013323,1.0,1.0,-87.0
1777889892.2113323,-4.0,1.0,-84.0
1777889892.2213323,-5.0,3.0,-87.0
1777889892.2313323,1.0,2.0,-82.0
1777889892.2413323,-1.0,4.0,-75.0
1777889892.2513323,0.0,4.0,-75.0
1777889892.2613325,0.0,8.0,-74.0
1777889892.2713325,1.0,9.0,-75.0
1777889892.2813325,0.0,12.0,-71.0
1777889892.2913325,2.0,8.0,-70.0
1777889892.3013325,4.0,5.0,-71.0
1777889892.3113325,0.0,2.0,-70.0
1777889892.3213325,-1.0,-1.0,-71.0
1777889892.3313324,-2.0,0.0,-76.0
1777889892.3413324,-6.0,2.0,-73.0
1777889892.3513324,-5.0,10.0,-82.0
1777889892.3613324,-2.0,6.0,-83.0
1777889892.3713324,1.0,3.0,-78.0
1777889892.3813324,0.0,3.0,-74.0
1777889892.3913324,2.0,0.0,-75.0
1777889892.4013324,2.0,-1.0,-72.0
1777889892.4113324,4.0,0.0,-68.0
1777889892.4213324,3.0,-1.0,-65.0
1777889892.4313323,2.0,-2.0,-71.0
1777889892.4413323,1.0,1.0,-73.0
1777889892.4513323,2.0,1.0,-72.0
1777889892.4613323,-2.0,1.0,-70.0
1777889892.4713323,-6.0,1.0,-67.0
1777889892.4813323,-6.0,0.0,-70.0
1777889892.4913323,-4.0,2.0,-72.0
1777889892.5013323,-3.0,3.0,-76.0
1777889892.5113325,-3.0,0.0,-75.0
1777889892.5213325,-1.0,2.0,-73.0
1777889892.5313325,0.0,-4.0,-79.0
1777889892.5413325,0.0,-5.0,-80.0
1777889892.5513325,1.0,-6.0,-74.0
1777889892.5613325,0.0,-7.0,-75.0
1777889892.5713325,-1.0,-5.0,-74.0
1777889892.5813324,-5.0,-3.0,-74.0
1777889892.5913324,-6.0,-5.0,-84.0
1777889892.6013324,-4.0,-3.0,-82.0
1777889892.6113324,0.0,-1.0,-76.0
1777889892.6213324,0.0,0.0,-76.0
1777889892.6313324,2.0,4.0,-84.0
1777889892.6413324,2.0,6.0,-84.0
1777889892.6513324,4.0,3.0,-78.0
1777889892.6613324,4.0,0.0,-78.0
1777889892.6713324,4.0,0.0,-78.0
1777889892.6813323,5.0,-2.0,-78.0
1777889892.6913323,5.0,1.0,-78.0
1777889892.7013323,9.0,4.0,-77.0
1777889892.7113323,13.0,3.0,-78.0
1777889892.7213323,11.0,0.0,-84.0
1777889892.7313323,7.0,1.0,-84.0
1777889892.7413323,3.0,0.0,-80.0
1777889892.7513323,1.0,3.0,-76.0
1777889892.7613325,3.0,1.0,-78.0
1777889892.7713325,0.0,2.0,-81.0
1777889892.7813325,-2.0,2.0,-85.0
1777889892.7913325,2.0,4.0,-84.0
1777889892.8013325,2.0,2.0,-86.0
1777889892.8113325,1.0,1.0,-81.0
1777889892.8213325,2.0,2.0,-74.0
1777889892.8313324,2.0,3.0,-72.0
1777889892.8413324,2.0,2.0,-63.0
1777889892.8513324,-1.0,4.0,-58.0
1777889892.8613324,-6.0,4.0,-57.0
1777889892.8713324,-9.0,6.0,-67.0
1777889892.8813324,-2.0,2.0,-72.0
1777889892.8913324,-1.0,1.0,-76.0
1777889892.9013324,-1.0,1.0,-78.0
1777889892.9113324,-4.0,1.0,-76.0
1777889892.9213324,-1.0,0.0,-76.0
1777889892.9313323,2.0,-3.0,-76.0
1777889892.9413323,2.0,0.0,-78.0
1777889892.9513323,1.0,0.0,-80.0
1777889892.9613323,2.0,0.0,-79.0
1777889892.9713323,0.0,0.0,-77.0
1777889892.9813323,-3.0,-1.0,-79.0
1777889892.9913323,-9.0,-3.0,-80.0
1777889893.0013323,-8.0,-2.0,-78.0
1777889893.0113325,-7.0,-4.0,-77.0
1777889893.0213325,-7.0,-3.0,-75.0
1777889893.0313325,-1.0,1.0,-72.0
1777889893.0413325,-3.0,0.0,-64.0
1777889893.0513325,-6.0,-1.0,-64.0
1777889893.0613325,0.0,0.0,-61.0
1777889893.0713325,-4.0,-2.0,-68.0
1777889893.0813324,-1.0,-3.0,-74.0
1777889893.0913324,-1.0,0.0,-78.0
1777889893.1013324,0.0,3.0,-82.0
1777889893.1113324,-1.0,3.0,-85.0
1777889893.1213324,0.0,-3.0,-89.0
1777889893.1313324,2.0,-3.0,-87.0
1777889893.1413324,4.0,-6.0,-83.0
1777889893.1513324,6.0,-6.0,-84.0
1777889893.1613324,0.0,-11.0,-81.0
1777889893.1723323,-1.0,-8.0,-81.0
1777889893.1823325,1.0,-5.0,-84.0
1777889893.1923325,2.0,-2.0,-80.0
1777889893.2023325,4.0,-1.0,-81.0
1777889893.2123325,-1.0,-3.0,-79.0
1777889893.2223325,-3.0,0.0,-81.0
1777889893.2323325,-2.0,0.0,-80.0
1777889893.2423325,0.0,5.0,-83.0
1777889893.2523324,3.0,5.0,-79.0
1777889893.2623324,2.0,4.0,-84.0
1777889893.2723324,1.0,5.0,-82.0
1777889893.2823324,1.0,2.0,-82.0
1777889893.2923324,1.0,0.0,-81.0
1777889893.3023324,0.0,1.0,-77.0
1777889893.3123324,-3.0,0.0,-77.0
1777889893.3223324,-4.0,1.0,-78.0
1777889893.3323324,-1.0,0.0,-78.0
1777889893.3423324,2.0,3.0,-81.0
1777889893.3523324,2.0,4.0,-76.0
1777889893.3623323,0.0,4.0,-71.0
1777889893.3723323,2.0,4.0,-72.0
1777889893.3823323,1.0,3.0,-73.0
1777889893.3923323,2.0,1.0,-71.0
1777889893.4023323,3.0,2.0,-68.0
1777889893.4123323,0.0,7.0,-67.0
1777889893.4223323,0.0,7.0,-71.0
1777889893.4323325,3.0,2.0,-63.0
1777889893.4423325,3.0,4.0,-67.0
1777889893.4523325,5.0,2.0,-72.0
1777889893.4623325,4.0,3.0,-77.0
1777889893.4723325,-1.0,5.0,-75.0
1777889893.4823325,-2.0,3.0,-76.0
1777889893.4923325,0.0,2.0,-77.0
1777889893.5023324,4.0,4.0,-77.0
1777889893.5123324,2.0,7.0,-74.0
1777889893.5223324,0.0,9.0,-72.0
1777889893.5323324,0.0,6.0,-72.0
1777889893.5423324,1.0,6.0,-72.0
1777889893.5523324,1.0,6.0,-74.0
1777889893.5623324,0.0,2.0,-79.0
1777889893.5723324,0.0,1.0,-79.0
1777889893.5823324,-3.0,2.0,-76.0
1777889893.5923324,-1.0,0.0,-80.0
1777889893.6023324,1.0,-1.0,-75.0
1777889893.6123323,0.0,0.0,-73.0
1777889893.6223323,0.0,4.0,-70.0
1777889893.6323323,0.0,7.0,-70.0
1777889893.6423323,1.0,9.0,-74.0
1777889893.6523323,-2.0,3.0,-78.0
1777889893.6623323,-4.0,3.0,-76.0
1777889893.6723323,-2.0,1.0,-76.0
1777889893.6823325,-7.0,0.0,-77.0
1777889893.6923325,-7.0,-1.0,-82.0
1777889893.7023325,-4.0,-1.0,-81.0
1777889893.7123325,-2.0,0.0,-77.0
1777889893.7223325,1.0,3.0,-80.0
1777889893.7323325,5.0,1.0,-84.0
1777889893.7423325,3.0,-2.0,-89.0
1777889893.7523324,1.0,0.0,-82.0
1777889893.7623324,-1.0,-2.0,-80.0
1777889893.7723324,0.0,0.0,-75.0
1777889893.7823324,-3.0,0.0,-64.0
1777889893.7923324,0.0,-4.0,-61.0
1777889893.8023324,3.0,-3.0,-63.0
1777889893.8123324,4.0,0.0,-65.0
1777889893.8223324,5.0,0.0,-71.0
1777889893.8323324,6.0,1.0,-76.0
1777889893.8423324,8.0,-3.0,-73.0
1777889893.8523324,8.0,-4.0,-79.0
1777889893.8623323,6.0,-1.0,-86.0
1777889893.8723323,6.0,0.0,-79.0
1777889893.8823323,5.0,0.0,-73.0
1777889893.8923323,1.0,3.0,-70.0
1777889893.9023323,3.0,1.0,-74.0
1777889893.9123323,6.0,0.0,-74.0
1777889893.9223323,6.0,-1.0,-73.0
1777889893.9323325,9.0,3.0,-76.0
1777889893.9423325,11.0,3.0,-70.0
1777889893.9523325,7.0,3.0,-71.0
1777889893.9623325,4.0,1.0,-68.0
1777889893.9723325,6.0,-1.0,-72.0
1777889893.9823325,3.0,-3.0,-72.0
1777889893.9923325,5.0,-2.0,-70.0
1777889894.0023324,6.0,1.0,-68.0
1777889894.0123324,9.0,5.0,-72.0
1777889894.0223324,5.0,5.0,-73.0
1777889894.0323324,5.0,3.0,-74.0
1777889894.0423324,5.0,1.0,-76.0
1777889894.0523324,3.0,0.0,-74.0
1777889894.0623324,6.0,0.0,-70.0
1777889894.0723324,7.0,-1.0,-71.0
1777889894.0823324,10.0,-4.0,-71.0
1777889894.0923324,10.0,-2.0,-73.0
1777889894.1023324,7.0,-2.0,-75.0
1777889894.1123323,6.0,-4.0,-73.0
1777889894.1223323,3.0,0.0,-77.0
1777889894.1323323,7.0,1.0,-81.0
1777889894.1423323,4.0,1.0,-82.0
1777889894.1523323,0.0,0.0,-80.0
1777889894.1623323,0.0,0.0,-82.0
1777889894.1723323,-2.0,-1.0,-78.0
1777889894.1823325,-8.0,0.0,-79.0
1777889894.1923325,-3.0,-4.0,-69.0
1777889894.2023325,-4.0,-6.0,-61.0
1777889894.2123325,-8.0,-12.0,-67.0
1777889894.2223325,-12.0,-14.0,-61.0
1777889894.2323325,-7.0,-13.0,-65.0
1777889894.2423325,-8.0,-12.0,-67.0
1777889894.2523324,-14.0,-12.0,-77.0
1777889894.2623324,-12.0,-11.0,-73.0
1777889894.2723324,-7.0,-9.0,-70.0
1777889894.2823324,0.0,-8.0,-72.0
1777889894.2923324,-1.0,-3.0,-76.0
1777889894.3023324,1.0,-2.0,-80.0
1777889894.3123324,8.0,-5.0,-78.0
1777889894.3223324,7.0,-3.0,-83.0
1777889894.3323324,1.0,-1.0,-80.0
1777889894.3423324,2.0,-3.0,-78.0
1777889894.3523324,2.0,-5.0,-77.0
1777889894.3623323,5.0,-7.0,-76.0
1777889894.3723323,0.0,-5.0,-80.0
1777889894.3823323,0.0,-8.0,-83.0
1777889894.3923323,-2.0,-10.0,-84.0
1777889894.4023323,2.0,-10.0,-76.0
1777889894.4123323,0.0,-11.0,-73.0
1777889894.4223323,-6.0,-11.0,-81.0
1777889894.4323325,-6.0,-6.0,-85.0
1777889894.4423325,-1.0,-4.0,-83.0
1777889894.4523325,-1.0,-4.0,-88.0
1777889894.4623325,0.0,-3.0,-83.0
1777889894.4723325,2.0,-6.0,-87.0
1777889894.4823325,4.0,-6.0,-76.0
1777889894.4923325,0.0,-5.0,-76.0
1777889894.5023324,5.0,-3.0,-77.0
1777889894.5123324,6.0,0.0,-74.0
1777889894.5223324,0.0,-5.0,-82.0
1777889894.5323324,2.0,-8.0,-82.0
1777889894.5423324,2.0,-3.0,-81.0
1777889894.5523324,0.0,-1.0,-79.0
1777889894.5623324,0.0,0.0,-77.0
1777889894.5723324,-1.0,-2.0,-77.0
1777889894.5823324,-1.0,-2.0,-68.0
1777889894.5923324,-4.0,-1.0,-77.0
1777889894.6023324,0.0,-3.0,-79.0
1777889894.6123323,-2.0,-2.0,-75.0
1777889894.6223323,2.0,3.0,-80.0
1777889894.6323323,0.0,1.0,-85.0
1777889894.6423323,4.0,-1.0,-84.0
1777889894.6523323,2.0,-1.0,-85.0
1777889894.6623323,0.0,-2.0,-81.0
1777889894.6723323,0.0,0.0,-80.0
1777889894.6823325,-3.0,1.0,-79.0
1777889894.6923325,2.0,5.0,-75.0
1777889894.7023325,6.0,2.0,-76.0
1777889894.7123325,5.0,0.0,-68.0
1777889894.7223325,1.0,-4.0,-69.0
1777889894.7323325,-6.0,-5.0,-69.0
1777889894.7423325,-5.0,-7.0,-77.0
1777889894.7523324,-7.0,-10.0,-79.0
1777889894.7623324,-7.0,-8.0,-78.0
1777889894.7723324,-1.0,-9.0,-80.0
1777889894.7823324,-2.0,-5.0,-77.0
1777889894.7923324,-7.0,-2.0,-73.0
1777889894.8023324,-6.0,-4.0,-71.0
1777889894.8123324,-3.0,0.0,-74.0
1777889894.8223324,0.0,2.0,-75.0
1777889894.8323324,5.0,0.0,-73.0
1777889894.8423324,3.0,3.0,-76.0
1777889894.8523324,4.0,2.0,-84.0
1777889894.8623323,4.0,2.0,-79.0
1777889894.8723323,4.0,1.0,-78.0
1777889894.8823323,1.0,1.0,-82.0
1777889894.8923323,0.0,4.0,-86.0
1777889894.9023323,-1.0,3.0,-78.0
1777889894.9123323,-2.0,2.0,-70.0
1777889894.9223323,1.0,0.0,-62.0
1777889894.9323325,0.0,3.0,-64.0
1777889894.9423325,1.0,5.0,-65.0
1777889894.9523325,5.0,5.0,-64.0
1777889894.9623325,8.0,10.0,-67.0
1777889894.9723325,7.0,6.0,-67.0
1777889894.9823325,4.0,5.0,-70.0
1777889894.9923325,0.0,5.0,-65.0
1777889895.0023324,0.0,0.0,-62.0
1777889895.0123324,0.0,-1.0,-63.0
1777889895.0223324,-5.0,-2.0,-59.0
1777889895.0323324,-3.0,-2.0,-70.0
1777889895.0423324,-1.0,-1.0,-77.0
1777889895.0523324,0.0,-4.0,-78.0
1777889895.0623324,-1.0,-8.0,-72.0
1777889895.0723324,-1.0,-8.0,-67.0
1777889895.0823324,-1.0,-6.0,-65.0
1777889895.0923324,1.0,-9.0,-64.0
1777889895.1023324,-3.0,-6.0,-64.0
1777889895.1123323,-2.0,-3.0,-71.0
1777889895.1223323,-1.0,-7.0,-76.0
1777889895.1323323,-1.0,-5.0,-77.0
1777889895.1423323,3.0,-1.0,-76.0
1777889895.1523323,3.0,-2.0,-74.0
1777889895.1623323,-2.0,-7.0,-73.0
1777889895.1733325,-2.0,-4.0,-68.0
1777889895.1833324,-2.0,-4.0,-67.0
1777889895.1933324,0.0,-6.0,-62.0
1777889895.2033324,-1.0,-5.0,-66.0
1777889895.2133324,3.0,-4.0,-73.0
1777889895.2233324,5.0,-4.0,-74.0
1777889895.2333324,4.0,-2.0,-73.0
1777889895.2433324,4.0,-2.0,-73.0
1777889895.2533324,4.0,2.0,-81.0
1777889895.2633324,6.0,4.0,-75.0
1777889895.2733324,7.0,8.0,-68.0
1777889895.2833323,4.0,6.0,-76.0
1777889895.2933323,5.0,6.0,-75.0
1777889895.3033323,1.0,3.0,-76.0
1777889895.3133323,0.0,-1.0,-80.0
1777889895.3233323,-1.0,0.0,-75.0
1777889895.3333323,1.0,0.0,-75.0
1777889895.3433323,0.0,2.0,-77.0
1777889895.3533323,1.0,0.0,-79.0
1777889895.3633325,0.0,3.0,-78.0
1777889895.3733325,-2.0,5.0,-80.0
1777889895.3833325,0.0,1.0,-75.0
1777889895.3933325,5.0,0.0,-81.0
1777889895.4033325,5.0,1.0,-70.0
1777889895.4133325,3.0,1.0,-68.0
1777889895.4233325,6.0,-3.0,-70.0
1777889895.4333324,9.0,-4.0,-67.0
1777889895.4433324,3.0,-3.0,-65.0
1777889895.4533324,-2.0,-3.0,-63.0
1777889895.4633324,-6.0,-2.0,-66.0
1777889895.4733324,-3.0,-5.0,-69.0
1777889895.4833324,0.0,-7.0,-66.0
1777889895.4933324,0.0,-10.0,-65.0
1777889895.5033324,-3.0,-6.0,-62.0
1777889895.5133324,-4.0,-5.0,-64.0
1777889895.5233324,-3.0,-5.0,-66.0
1777889895.5333323,-5.0,-1.0,-65.0
1777889895.5433323,-5.0,2.0,-63.0
1777889895.5533323,0.0,0.0,-71.0
1777889895.5633323,-4.0,-3.0,-70.0
1777889895.5733323,-5.0,0.0,-74.0
1777889895.5833323,-8.0,-2.0,-72.0
1777889895.5933323,-1.0,0.0,-73.0
1777889895.6033323,2.0,0.0,-75.0
1777889895.6133325,3.0,0.0,-78.0
1777889895.6233325,5.0,-5.0,-78.0
1777889895.6333325,3.0,0.0,-74.0
1777889895.6433325,0.0,0.0,-72.0
1777889895.6533325,1.0,-2.0,-63.0
1777889895.6633325,1.0,0.0,-66.0
1777889895.6733325,1.0,2.0,-65.0
1777889895.6833324,5.0,0.0,-64.0
1777889895.6933324,10.0,-2.0,-66.0
1777889895.7033324,5.0,-2.0,-78.0
1777889895.7133324,7.0,1.0,-79.0
1777889895.7233324,5.0,-2.0,-81.0
1777889895.7333324,4.0,-5.0,-77.0
1777889895.7433324,3.0,-4.0,-74.0
1777889895.7533324,4.0,-4.0,-73.0
1777889895.7633324,1.0,-2.0,-74.0
1777889895.7733324,-1.0,-3.0,-74.0
1777889895.7833323,-4.0,-5.0,-71.0
1777889895.7933323,0.0,-4.0,-70.0
1777889895.8033323,1.0,0.0,-67.0
1777889895.8133323,1.0,0.0,-71.0
1777889895.8233323,5.0,-1.0,-69.0
1777889895.8333323,0.0,-4.0,-70.0
1777889895.8433323,1.0,-1.0,-74.0
1777889895.8533323,0.0,0.0,-80.0
1777889895.8633325,1.0,0.0,-78.0
1777889895.8733325,2.0,3.0,-79.0
1777889895.8833325,7.0,1.0,-81.0
1777889895.8933325,4.0,1.0,-78.0
1777889895.9033325,4.0,-1.0,-81.0
1777889895.9133325,2.0,0.0,-75.0
1777889895.9233325,3.0,0.0,-80.0
1777889895.9333324,4.0,1.0,-80.0
1777889895.9433324,1.0,2.0,-83.0
1777889895.9533324,2.0,-3.0,-83.0
1777889895.9633324,1.0,-4.0,-80.0
1777889895.9733324,5.0,-3.0,-81.0
1777889895.9843323,8.0,-2.0,-84.0
1777889895.9933324,6.0,-3.0,-87.0
1777889896.0033324,6.0,-3.0,-89.0
1777889896.0133324,1.0,-4.0,-85.0
1777889896.0233324,-3.0,0.0,-79.0
1777889896.0333323,-3.0,2.0,-78.0
1777889896.0433323,-3.0,0.0,-76.0
1777889896.0533323,2.0,0.0,-73.0
1777889896.0633323,3.0,0.0,-74.0
1777889896.0733323,4.0,5.0,-73.0
1777889896.0833323,2.0,10.0,-76.0
1777889896.0933323,7.0,11.0,-76.0
1777889896.1033323,5.0,9.0,-75.0
1777889896.1133325,6.0,4.0,-70.0
1777889896.1233325,7.0,4.0,-62.0
1777889896.1333325,1.0,0.0,-64.0
1777889896.1433325,0.0,1.0,-72.0
1777889896.1533325,1.0,0.0,-76.0
1777889896.1633325,4.0,-3.0,-79.0
1777889896.1733325,4.0,-6.0,-76.0
1777889896.1833324,4.0,-5.0,-74.0
1777889896.1933324,1.0,-3.0,-77.0
1777889896.2033324,0.0,-3.0,-77.0
1777889896.2133324,0.0,0.0,-74.0
1777889896.2233324,-2.0,0.0,-69.0
1777889896.2333324,-2.0,-1.0,-70.0
1777889896.2433324,0.0,-2.0,-78.0
1777889896.2533324,0.0,0.0,-81.0
1777889896.2633324,-1.0,-2.0,-82.0
1777889896.2733324,0.0,-6.0,-79.0
1777889896.2833323,1.0,-11.0,-83.0
1777889896.2933323,0.0,-8.0,-81.0
1777889896.3033323,-1.0,-6.0,-79.0
1777889896.3133323,-4.0,-3.0,-77.0
1777889896.3233323,-4.0,-2.0,-75.0
1777889896.3333323,-3.0,0.0,-84.0
1777889896.3433323,-1.0,1.0,-89.0
1777889896.3533323,4.0,-2.0,-86.0
1777889896.3633325,9.0,-2.0,-80.0
1777889896.3733325,13.0,0.0,-78.0
1777889896.3833325,13.0,0.0,-74.0
1777889896.3933325,11.0,0.0,-71.0
1777889896.4033325,8.0,-2.0,-72.0
1777889896.4133325,4.0,-5.0,-69.0
1777889896.4233325,4.0,-7.0,-72.0
1777889896.4333324,4.0,-2.0,-74.0
1777889896.4433324,1.0,-5.0,-76.0
1777889896.4533324,-1.0,-6.0,-79.0
1777889896.4633324,0.0,-7.0,-80.0
1777889896.4733324,0.0,-6.0,-79.0
1777889896.4833324,0.0,-4.0,-72.0
1777889896.4933324,-4.0,0.0,-73.0
1777889896.5033324,-3.0,2.0,-76.0
1777889896.5133324,1.0,-5.0,-81.0
1777889896.5233324,1.0,-6.0,-77.0
1777889896.5333323,1.0,-9.0,-81.0
1777889896.5433323,-1.0,-9.0,-80.0
1777889896.5533323,-2.0,-7.0,-76.0
1777889896.5633323,0.0,-4.0,-77.0
1777889896.5733323,-6.0,-5.0,-78.0
1777889896.5833323,-5.0,-1.0,-75.0
1777889896.5933323,-3.0,1.0,-78.0
1777889896.6033323,-4.0,0.0,-76.0
1777889896.6133325,-5.0,0.0,-73.0
1777889896.6233325,-3.0,-1.0,-74.0
1777889896.6333325,0.0,-1.0,-76.0
1777889896.6433325,0.0,0.0,-79.0
1777889896.6533325,0.0,0.0,-75.0
1777889896.6633325,3.0,0.0,-67.0
1777889896.6733325,0.0,-1.0,-68.0
1777889896.6833324,-2.0,-1.0,-67.0
1777889896.6933324,0.0,-1.0,-72.0
1777889896.7033324,0.0,-3.0,-72.0
1777889896.7133324,1.0,4.0,-71.0
1777889896.7233324,0.0,3.0,-74.0
1777889896.7333324,-1.0,4.0,-75.0
1777889896.7433324,3.0,3.0,-77.0
1777889896.7533324,3.0,1.0,-73.0
1777889896.7633324,1.0,0.0,-71.0
1777889896.7733324,0.0,0.0,-73.0
1777889896.7833323,0.0,0.0,-72.0
1777889896.7933323,0.0,-2.0,-78.0
1777889896.8033323,3.0,-4.0,-77.0
1777889896.8133323,6.0,0.0,-79.0
1777889896.8233323,4.0,0.0,-78.0
1777889896.8333323,4.0,0.0,-75.0
1777889896.8433323,3.0,0.0,-78.0
1777889896.8533323,3.0,0.0,-82.0
1777889896.8633325,5.0,1.0,-86.0
1777889896.8733325,5.0,1.0,-81.0
1777889896.8833325,6.0,1.0,-80.0
1777889896.8933325,2.0,2.0,-79.0
1777889896.9033325,1.0,4.0,-78.0
1777889896.9133325,1.0,3.0,-83.0
1777889896.9233325,0.0,1.0,-85.0
1777889896.9333324,7.0,0.0,-75.0
1777889896.9433324,6.0,-2.0,-71.0
1777889896.9533324,3.0,0.0,-67.0
1777889896.9633324,0.0,-1.0,-69.0
1777889896.9733324,4.0,-4.0,-64.0
1777889896.9833324,2.0,-6.0,-66.0
1777889896.9933324,1.0,-8.0,-64.0
1777889897.0033324,4.0,-4.0,-67.0
1777889897.0133324,1.0,-2.0,-77.0
1777889897.0233324,-1.0,0.0,-75.0
1777889897.0333323,0.0,-3.0,-79.0
1777889897.0433323,0.0,-4.0,-77.0
1777889897.0533323,1.0,0.0,-75.0
1777889897.0633323,0.0,2.0,-77.0
1777889897.0733323,3.0,2.0,-70.0
1777889897.0833323,2.0,2.0,-70.0
1777889897.0933323,-2.0,7.0,-75.0
1777889897.1033323,1.0,7.0,-74.0
1777889897.1133325,4.0,2.0,-65.0
1777889897.1233325,2.0,-2.0,-61.0
1777889897.1333325,0.0,-2.0,-68.0
1777889897.1443324,-4.0,-1.0,-71.0
1777889897.1543324,-4.0,-3.0,-73.0
1777889897.1643324,-4.0,2.0,-72.0
1777889897.1743324,-5.0,3.0,-80.0
1777889897.1843324,-6.0,0.0,-80.0
1777889897.1943324,-1.0,0.0,-80.0
1777889897.2043324,0.0,0.0,-79.0
1777889897.2143323,-1.0,0.0,-77.0
1777889897.2243323,1.0,0.0,-77.0
1777889897.2343323,5.0,-1.0,-72.0
1777889897.2443323,1.0,-1.0,-73.0
1777889897.2543323,0.0,-1.0,-80.0
1777889897.2643323,2.0,-5.0,-78.0
1777889897.2743323,7.0,-3.0,-80.0
1777889897.2843325,0.0,-2.0,-82.0
1777889897.2943325,-3.0,2.0,-84.0
1777889897.3043325,-4.0,1.0,-84.0
1777889897.3143325,-3.0,2.0,-87.0
1777889897.3243325,2.0,1.0,-76.0
1777889897.3343325,3.0,0.0,-76.0
1777889897.3443325,3.0,-2.0,-79.0
1777889897.3543324,9.0,-3.0,-82.0
1777889897.3643324,7.0,0.0,-81.0
1777889897.3743324,4.0,2.0,-81.0
1777889897.3843324,8.0,2.0,-77.0
1777889897.3943324,5.0,6.0,-75.0
1777889897.4043324,5.0,6.0,-73.0
1777889897.4143324,5.0,7.0,-76.0
1777889897.4243324,7.0,6.0,-79.0
1777889897.4343324,6.0,4.0,-77.0
1777889897.4443324,5.0,3.0,-85.0
1777889897.4543324,3.0,0.0,-87.0
1777889897.4643323,4.0,-2.0,-82.0
1777889897.4743323,4.0,3.0,-83.0
1777889897.4843323,4.0,2.0,-80.0
1777889897.4943323,3.0,0.0,-77.0
1777889897.5043323,1.0,-3.0,-75.0
1777889897.5143323,-1.0,-2.0,-68.0
1777889897.5243323,-2.0,-2.0,-64.0
1777889897.5343325,-4.0,-5.0,-66.0
1777889897.5443325,-4.0,-2.0,-68.0
1777889897.5543325,-3.0,-4.0,-73.0
1777889897.5643325,0.0,-8.0,-77.0
1777889897.5743325,1.0,-3.0,-79.0
1777889897.5843325,5.0,-3.0,-80.0
1777889897.5943325,4.0,0.0,-78.0
1777889897.6043324,4.0,0.0,-79.0
1777889897.6143324,5.0,-4.0,-83.0
1777889897.6243324,3.0,-2.0,-85.0
1777889897.6343324,5.0,-3.0,-86.0
1777889897.6443324,4.0,-4.0,-84.0
1777889897.6543324,3.0,-9.0,-82.0
1777889897.6643324,0.0,-10.0,-85.0
1777889897.6743324,-4.0,-8.0,-82.0
1777889897.6843324,-3.0,-5.0,-82.0
1777889897.6943324,-4.0,0.0,-75.0
1777889897.7043324,-7.0,-1.0,-67.0
1777889897.7143323,-4.0,-9.0,-66.0
1777889897.7243323,-2.0,-8.0,-68.0
1777889897.7343323,0.0,-5.0,-69.0
1777889897.7443323,-1.0,-5.0,-74.0
1777889897.7543323,-3.0,-3.0,-75.0
1777889897.7643323,-2.0,-1.0,-76.0
1777889897.7743323,-2.0,-1.0,-69.0
1777889897.7843325,-1.0,-3.0,-67.0
1777889897.7943325,-2.0,-2.0,-66.0
1777889897.8043325,-3.0,-2.0,-62.0
1777889897.8143325,-6.0,5.0,-64.0
1777889897.8243325,-8.0,1.0,-68.0
1777889897.8343325,-7.0,-1.0,-75.0
1777889897.8443325,-8.0,0.0,-74.0
1777889897.8543324,-5.0,-2.0,-72.0
1777889897.8643324,-3.0,-3.0,-69.0
1777889897.8743324,0.0,-1.0,-69.0
1777889897.8843324,0.0,-6.0,-68.0
1777889897.8953323,-1.0,-6.0,-68.0
1777889897.9043324,-1.0,-5.0,-69.0
1777889897.9143324,-2.0,-5.0,-68.0
1777889897.9243324,0.0,-4.0,-73.0
1777889897.9343324,-3.0,-5.0,-71.0
1777889897.9443324,-6.0,-3.0,-69.0
1777889897.9543324,-7.0,0.0,-65.0
1777889897.9643323,-4.0,0.0,-70.0
1777889897.9743323,-2.0,-2.0,-79.0
1777889897.9843323,1.0,-4.0,-77.0
1777889897.9943323,3.0,-3.0,-77.0
1777889898.0043323,4.0,-5.0,-74.0
1777889898.0143323,6.0,-9.0,-80.0
1777889898.0243323,4.0,-6.0,-83.0
1777889898.0343325,4.0,-3.0,-82.0
1777889898.0443325,2.0,0.0,-83.0
1777889898.0543325,1.0,-1.0,-79.0
1777889898.0643325,0.0,-1.0,-73.0
1777889898.0743325,3.0,-2.0,-73.0
1777889898.0843325,5.0,0.0,-68.0
1777889898.0943325,4.0,2.0,-73.0
1777889898.1043324,0.0,0.0,-78.0
1777889898.1143324,-2.0,-3.0,-81.0
1777889898.1243324,-1.0,-1.0,-79.0
1777889898.1343324,2.0,0.0,-75.0
1777889898.1443324,3.0,-1.0,-74.0
1777889898.1543324,4.0,-2.0,-69.0
1777889898.1643324,4.0,-3.0,-73.0
1777889898.1743324,4.0,-3.0,-76.0
1777889898.1843324,3.0,0.0,-81.0
1777889898.1943324,1.0,0.0,-80.0
1777889898.2043324,2.0,2.0,-73.0
1777889898.2143323,3.0,1.0,-70.0
1777889898.2243323,3.0,0.0,-72.0
1777889898.2343323,3.0,3.0,-71.0
1777889898.2443323,-3.0,3.0,-76.0
1777889898.2543323,-3.0,2.0,-74.0
1777889898.2643323,-7.0,0.0,-73.0
1777889898.2743323,-8.0,1.0,-78.0
1777889898.2843325,-5.0,-3.0,-82.0
1777889898.2943325,-7.0,-4.0,-75.0
1777889898.3043325,-2.0,-5.0,-72.0
1777889898.3143325,0.0,-9.0,-77.0
1777889898.3243325,2.0,-9.0,-80.0
1777889898.3343325,2.0,-7.0,-79.0
1777889898.3443325,0.0,-2.0,-74.0
1777889898.3543324,1.0,0.0,-79.0
1777889898.3643324,2.0,0.0,-78.0
1777889898.3743324,0.0,-3.0,-77.0
1777889898.3843324,0.0,-7.0,-74.0
1777889898.3943324,0.0,-7.0,-77.0
1777889898.4043324,3.0,-10.0,-81.0
1777889898.4143324,4.0,-9.0,-70.0
1777889898.4243324,-1.0,-5.0,-70.0
1777889898.4343324,-1.0,-6.0,-71.0
1777889898.4443324,-1.0,-3.0,-66.0
1777889898.4543324,0.0,-3.0,-67.0
1777889898.4643323,0.0,-4.0,-72.0
1777889898.4743323,2.0,-3.0,-66.0
1777889898.4843323,0.0,1.0,-69.0
1777889898.4943323,0.0,0.0,-75.0
1777889898.5043323,6.0,-3.0,-74.0
1777889898.5143323,1.0,-7.0,-76.0
1777889898.5243323,0.0,-5.0,-70.0
1777889898.5343325,-1.0,-3.0,-73.0
1777889898.5443325,-1.0,0.0,-73.0
1777889898.5543325,0.0,-1.0,-75.0
1777889898.5643325,0.0,-2.0,-72.0
1777889898.5743325,2.0,-1.0,-74.0
1777889898.5843325,1.0,-4.0,-72.0
1777889898.5943325,5.0,-3.0,-77.0
1777889898.6043324,4.0,-3.0,-71.0
1777889898.6143324,3.0,-3.0,-73.0
1777889898.6243324,5.0,-3.0,-73.0
1777889898.6343324,9.0,-2.0,-72.0
1777889898.6443324,5.0,0.0,-73.0
1777889898.6543324,3.0,0.0,-77.0
1777889898.6643324,5.0,0.0,-83.0
1777889898.6743324,5.0,-4.0,-78.0
1777889898.6843324,2.0,-2.0,-72.0
1777889898.6943324,-1.0,-6.0,-71.0
1777889898.7043324,-2.0,-3.0,-68.0
1777889898.7143323,1.0,-1.0,-66.0
1777889898.7243323,3.0,-2.0,-72.0
1777889898.7343323,6.0,-1.0,-70.0
1777889898.7443323,4.0,-2.0,-75.0
1777889898.7543323,6.0,-4.0,-66.0
1777889898.7643323,9.0,-6.0,-69.0
1777889898.7743323,11.0,-2.0,-72.0
1777889898.7843325,9.0,2.0,-78.0
1777889898.7943325,4.0,3.0,-74.0
1777889898.8043325,2.0,1.0,-79.0
1777889898.8143325,4.0,-1.0,-83.0
1777889898.8243325,4.0,0.0,-80.0
1777889898.8343325,4.0,1.0,-80.0
1777889898.8443325,1.0,2.0,-86.0
1777889898.8543324,0.0,3.0,-89.0
1777889898.8643324,2.0,3.0,-92.0
1777889898.8743324,0.0,5.0,-89.0
1777889898.8843324,1.0,0.0,-89.0
1777889898.8943324,0.0,0.0,-88.0
1777889898.9043324,-1.0,-3.0,-88.0
1777889898.9143324,-1.0,-1.0,-83.0
1777889898.9243324,-2.0,0.0,-75.0
1777889898.9343324,-2.0,0.0,-73.0
1777889898.9443324,-4.0,1.0,-78.0
1777889898.9543324,-1.0,3.0,-81.0
1777889898.9643323,-4.0,6.0,-72.0
1777889898.9743323,-4.0,2.0,-65.0
1777889898.9843323,-3.0,0.0,-62.0
1777889898.9943323,1.0,-1.0,-67.0
1777889899.0043323,3.0,0.0,-75.0
1777889899.0143323,0.0,3.0,-73.0
1777889899.0243323,1.0,2.0,-69.0
1777889899.0343325,0.0,4.0,-74.0
1777889899.0443325,0.0,7.0,-70.0
1777889899.0543325,2.0,5.0,-71.0
1777889899.0643325,-2.0,5.0,-75.0
1777889899.0743325,-7.0,0.0,-75.0
1777889899.0843325,-9.0,1.0,-77.0
1777889899.0943325,-7.0,2.0,-76.0
1777889899.1043324,-5.0,5.0,-72.0
1777889899.1143324,-9.0,0.0,-71.0
1777889899.1253324,-6.0,-2.0,-74.0
1777889899.1353323,-4.0,-1.0,-74.0
1777889899.1453323,0.0,-2.0,-79.0
1777889899.1553323,-2.0,-5.0,-80.0
1777889899.1653323,-4.0,-4.0,-87.0
1777889899.1753323,-2.0,0.0,-87.0
1777889899.1853323,-2.0,5.0,-75.0
1777889899.1953323,0.0,0.0,-73.0
1777889899.2053325,-1.0,0.0,-70.0
1777889899.2153325,0.0,-2.0,-72.0
1777889899.2253325,0.0,-4.0,-66.0
1777889899.2353325,3.0,-4.0,-67.0
1777889899.2453325,4.0,-8.0,-72.0
1777889899.2553325,3.0,-6.0,-71.0
1777889899.2653325,-1.0,-3.0,-71.0
1777889899.2753325,-9.0,-3.0,-73.0
1777889899.2853324,-14.0,-1.0,-77.0
1777889899.2953324,-15.0,-2.0,-75.0
1777889899.3053324,-12.0,1.0,-78.0
1777889899.3153324,-9.0,1.0,-84.0
1777889899.3253324,-8.0,0.0,-80.0
1777889899.3353324,-7.0,0.0,-77.0
1777889899.3453324,-5.0,0.0,-75.0
1777889899.3553324,0.0,2.0,-74.0
1777889899.3653324,4.0,2.0,-70.0
1777889899.3753324,4.0,1.0,-70.0
1777889899.3853323,0.0,-1.0,-82.0
1777889899.3953323,-5.0,-2.0,-79.0
1777889899.4053323,-3.0,-4.0,-80.0
1777889899.4153323,-2.0,-5.0,-75.0
1777889899.4253323,2.0,-3.0,-73.0
1777889899.4353323,0.0,-5.0,-73.0
1777889899.4453323,2.0,-5.0,-79.0
1777889899.4553325,5.0,-7.0,-86.0
1777889899.4653325,6.0,-6.0,-80.0
1777889899.4753325,3.0,-2.0,-80.0
1777889899.4853325,5.0,0.0,-87.0
1777889899.4953325,6.0,-1.0,-92.0
1777889899.5053325,1.0,-1.0,-90.0
1777889899.5153325,-1.0,-3.0,-93.0
1777889899.5253325,-1.0,-1.0,-86.0
1777889899.5353324,-2.0,0.0,-80.0
1777889899.5453324,-1.0,0.0,-78.0
1777889899.5553324,-2.0,1.0,-70.0
1777889899.5653324,1.0,0.0,-66.0
1777889899.5753324,1.0,1.0,-61.0
1777889899.5853324,3.0,-3.0,-65.0
1777889899.5953324,1.0,-3.0,-64.0
1777889899.6053324,4.0,-5.0,-70.0
1777889899.6153324,9.0,-10.0,-73.0
1777889899.6253324,10.0,-10.0,-70.0
1777889899.6353323,7.0,-11.0,-74.0
1777889899.6453323,0.0,-12.0,-71.0
1777889899.6553323,0.0,-12.0,-72.0
1777889899.6653323,1.0,-10.0,-79.0
1777889899.6753323,9.0,-11.0,-79.0
1777889899.6853323,7.0,-10.0,-84.0
1777889899.6953323,6.0,-5.0,-83.0
1777889899.7053325,5.0,-6.0,-80.0
1777889899.7153325,2.0,-4.0,-87.0
1777889899.7253325,1.0,-3.0,-85.0
1777889899.7353325,0.0,-5.0,-81.0
1777889899.7453325,3.0,-6.0,-74.0
1777889899.7553325,0.0,-6.0,-72.0
1777889899.7653325,-3.0,-8.0,-72.0
1777889899.7753325,0.0,-5.0,-71.0
1777889899.7853324,0.0,-3.0,-71.0
1777889899.7953324,0.0,-4.0,-72.0
1777889899.8053324,0.0,-2.0,-78.0
1777889899.8153324,-3.0,-3.0,-79.0
1777889899.8253324,0.0,-3.0,-78.0
1777889899.8353324,2.0,-6.0,-79.0
1777889899.8453324,1.0,-6.0,-80.0
1777889899.8553324,3.0,-4.0,-76.0
1777889899.8653324,1.0,-8.0,-73.0
1777889899.8753324,4.0,-3.0,-74.0
1777889899.8853323,6.0,0.0,-77.0
1777889899.8953323,3.0,2.0,-73.0
1777889899.9053323,5.0,0.0,-77.0
1777889899.9153323,9.0,1.0,-74.0
1777889899.9253323,9.0,0.0,-76.0
1777889899.9353323,10.0,0.0,-82.0
1777889899.9453323,10.0,-3.0,-82.0
1777889899.9553325,7.0,-8.0,-86.0
1777889899.9653325,5.0,-8.0,-88.0
1777889899.9753325,4.0,-3.0,-80.0
1777889899.9853325,7.0,-8.0,-78.0
1777889899.9953325,6.0,-7.0,-70.0
1777889900.0053325,9.0,-6.0,-67.0
1777889900.0153325,3.0,-5.0,-75.0
1777889900.0253325,0.0,-4.0,-76.0
1777889900.0353324,-2.0,-4.0,-72.0
1777889900.0453324,0.0,-6.0,-81.0
1777889900.0553324,2.0,-6.0,-75.0
1777889900.0653324,4.0,-5.0,-72.0
1777889900.0753324,6.0,-2.0,-73.0
1777889900.0853324,5.0,-1.0,-73.0
1777889900.0953324,7.0,-2.0,-79.0
1777889900.1053324,8.0,-4.0,-77.0
1777889900.1153324,4.0,0.0,-77.0
1777889900.1253324,0.0,-1.0,-73.0
1777889900.1353323,0.0,-2.0,-69.0
1777889900.1453323,-2.0,-4.0,-68.0
1777889900.1553323,-3.0,-8.0,-69.0
1777889900.1653323,-4.0,-12.0,-67.0
1777889900.1753323,-2.0,-8.0,-69.0
1777889900.1853323,0.0,-6.0,-68.0
1777889900.1953323,-1.0,-6.0,-67.0
1777889900.2053325,0.0,-10.0,-73.0
1777889900.2153325,1.0,-11.0,-79.0
1777889900.2253325,4.0,-6.0,-81.0
1777889900.2353325,3.0,-2.0,-80.0
1777889900.2453325,0.0,-4.0,-83.0
1777889900.2553325,-4.0,0.0,-87.0
1777889900.2653325,-6.0,2.0,-80.0
1777889900.2753325,-4.0,4.0,-83.0
1777889900.2853324,-1.0,2.0,-84.0
1777889900.2953324,1.0,-2.0,-75.0
1777889900.3053324,3.0,-1.0,-76.0
1777889900.3153324,-3.0,-1.0,-76.0
1777889900.3253324,-3.0,-3.0,-74.0
1777889900.3353324,-2.0,-6.0,-82.0
1777889900.3453324,-2.0,-5.0,-81.0
1777889900.3553324,2.0,2.0,-87.0
1777889900.3653324,4.0,-2.0,-87.0
1777889900.3753324,2.0,-4.0,-86.0
1777889900.3853323,-1.0,-7.0,-83.0
1777889900.3953323,-1.0,-6.0,-82.0
1777889900.4053323,-8.0,-5.0,-80.0
1777889900.4153323,-5.0,-3.0,-79.0
1777889900.4253323,-2.0,1.0,-78.0
1777889900.4353323,3.0,1.0,-72.0
1777889900.4453323,3.0,-2.0,-68.0
1777889900.4553325,2.0,0.0,-69.0
1777889900.4653325,0.0,0.0,-64.0
1777889900.4753325,1.0,-4.0,-66.0
1777889900.4853325,3.0,-3.0,-73.0
1777889900.4953325,6.0,-3.0,-77.0
1777889900.5053325,3.0,-1.0,-77.0
1777889900.5153325,-2.0,0.0,-84.0
1777889900.5253325,1.0,2.0,-81.0
1777889900.5353324,-1.0,4.0,-85.0
1777889900.5453324,-5.0,2.0,-86.0
1777889900.5553324,-3.0,-1.0,-86.0
1777889900.5653324,1.0,-1.0,-79.0
1777889900.5753324,4.0,2.0,-67.0
1777889900.5853324,3.0,-1.0,-70.0
1777889900.5953324,4.0,-2.0,-60.0
1777889900.6053324,6.0,0.0,-61.0
1777889900.6153324,2.0,2.0,-66.0
1777889900.6253324,1.0,1.0,-71.0
1777889900.6353323,0.0,-1.0,-72.0
1777889900.6453323,6.0,-7.0,-63.0
1777889900.6553323,5.0,-5.0,-65.0
1777889900.6653323,7.0,-4.0,-70.0
1777889900.6753323,11.0,-6.0,-68.0
1777889900.6853323,10.0,-3.0,-68.0
1777889900.6953323,14.0,-1.0,-71.0
1777889900.7053325,12.0,-2.0,-69.0
1777889900.7153325,9.0,-2.0,-70.0
1777889900.7253325,3.0,0.0,-76.0
1777889900.7353325,1.0,0.0,-76.0
1777889900.7453325,4.0,-1.0,-72.0
1777889900.7553325,1.0,-1.0,-71.0
1777889900.7653325,4.0,0.0,-74.0
1777889900.7753325,2.0,-1.0,-68.0
1777889900.7853324,-1.0,-3.0,-74.0
1777889900.7953324,-5.0,-1.0,-74.0
1777889900.8053324,-6.0,1.0,-77.0
1777889900.8153324,0.0,-1.0,-87.0
1777889900.8253324,0.0,-2.0,-88.0
1777889900.8353324,0.0,-3.0,-82.0
1777889900.8453324,-1.0,-2.0,-80.0
1777889900.8553324,0.0,-1.0,-73.0
1777889900.8653324,0.0,-1.0,-76.0
1777889900.8753324,2.0,-3.0,-72.0
1777889900.8853323,0.0,-7.0,-71.0
1777889900.8953323,1.0,-8.0,-70.0
1777889900.9053323,0.0,-3.0,-68.0
1777889900.9153323,2.0,-5.0,-68.0
1777889900.9253323,2.0,-5.0,-71.0
1777889900.9353323,6.0,-3.0,-74.0
1777889900.9453323,3.0,-2.0,-73.0
1777889900.9553325,0.0,-2.0,-69.0
1777889900.9653325,4.0,0.0,-68.0
1777889900.9753325,4.0,0.0,-70.0
1777889900.9853325,6.0,0.0,-70.0
1777889900.9953325,11.0,0.0,-78.0
1777889901.0053325,8.0,-2.0,-77.0
1777889901.0153325,7.0,0.0,-79.0
1777889901.0253325,0.0,-2.0,-77.0
1777889901.0353324,1.0,-1.0,-78.0
1777889901.0453324,0.0,-1.0,-77.0
1777889901.0553324,4.0,0.0,-81.0
1777889901.0653324,3.0,3.0,-81.0
1777889901.0753324,-3.0,4.0,-78.0
1777889901.0863323,0.0,3.0,-73.0
1777889901.0963323,1.0,1.0,-73.0
1777889901.1063323,-1.0,-1.0,-77.0
1777889901.1163323,-3.0,-6.0,-76.0
1777889901.1263323,3.0,-7.0,-71.0
1777889901.1363325,4.0,-9.0,-71.0
1777889901.1463325,2.0,-9.0,-78.0
1777889901.1563325,0.0,-7.0,-79.0
1777889901.1663325,4.0,-3.0,-81.0
1777889901.1763325,-1.0,-3.0,-89.0
1777889901.1863325,0.0,-3.0,-91.0
1777889901.1963325,1.0,0.0,-86.0
1777889901.2063324,0.0,1.0,-82.0
1777889901.2163324,-1.0,1.0,-76.0
1777889901.2263324,-5.0,1.0,-75.0
1777889901.2363324,-2.0,0.0,-75.0
1777889901.2463324,0.0,0.0,-78.0
1777889901.2563324,0.0,-2.0,-85.0
1777889901.2663324,5.0,-2.0,-83.0
1777889901.2763324,2.0,2.0,-82.0
1777889901.2863324,2.0,1.0,-79.0
1777889901.2963324,3.0,0.0,-71.0
1777889901.3063323,1.0,-2.0,-65.0
1777889901.3163323,3.0,-1.0,-72.0
1777889901.3263323,-2.0,-4.0,-75.0
1777889901.3363323,1.0,-4.0,-72.0
1777889901.3463323,3.0,-4.0,-62.0
1777889901.3563323,5.0,-2.0,-69.0
1777889901.3663323,7.0,-4.0,-72.0
1777889901.3763323,7.0,-1.0,-75.0
1777889901.3863325,8.0,0.0,-81.0
1777889901.3963325,10.0,-3.0,-78.0
1777889901.4063325,8.0,-2.0,-76.0
1777889901.4163325,16.0,-2.0,-81.0
1777889901.4263325,10.0,1.0,-88.0
1777889901.4363325,4.0,-1.0,-83.0
1777889901.4463325,0.0,0.0,-81.0
1777889901.4563324,-1.0,-3.0,-82.0
1777889901.4663324,-4.0,-5.0,-80.0
1777889901.4763324,0.0,-9.0,-74.0
1777889901.4863324,-1.0,-7.0,-73.0
1777889901.4963324,3.0,-6.0,-75.0
1777889901.5063324,7.0,-9.0,-73.0
1777889901.5163324,6.0,-7.0,-73.0
1777889901.5263324,1.0,-10.0,-78.0
1777889901.5363324,2.0,-9.0,-79.0
1777889901.5463324,8.0,-5.0,-77.0
1777889901.5563323,11.0,1.0,-76.0
1777889901.5663323,10.0,2.0,-81.0
1777889901.5763323,10.0,5.0,-82.0
1777889901.5863323,6.0,1.0,-79.0
1777889901.5963323,4.0,-2.0,-79.0
1777889901.6063323,4.0,-3.0,-77.0
1777889901.6163323,4.0,-4.0,-78.0
1777889901.6263323,4.0,-2.0,-77.0
1777889901.6363325,7.0,2.0,-82.0
1777889901.6463325,6.0,0.0,-83.0
1777889901.6563325,3.0,-1.0,-85.0
1777889901.6663325,4.0,-1.0,-81.0
1777889901.6763325,1.0,-1.0,-83.0
1777889901.6863325,5.0,1.0,-84.0
1777889901.6963325,6.0,2.0,-85.0
1777889901.7063324,5.0,3.0,-81.0
1777889901.7163324,4.0,7.0,-80.0
1777889901.7263324,2.0,4.0,-77.0
1777889901.7363324,4.0,3.0,-76.0
1777889901.7463324,1.0,2.0,-74.0
1777889901.7563324,1.0,-2.0,-79.0
1777889901.7663324,-1.0,-5.0,-75.0
1777889901.7763324,-6.0,-5.0,-70.0
1777889901.7863324,-6.0,0.0,-75.0
1777889901.7963324,-4.0,-1.0,-75.0
1777889901.8063323,-4.0,-5.0,-76.0
1777889901.8163323,-3.0,-7.0,-74.0
1777889901.8263323,-4.0,-5.0,-69.0
1777889901.8363323,-4.0,-6.0,-66.0
1777889901.8463323,-1.0,-4.0,-73.0
1777889901.8563323,0.0,-5.0,-78.0
1777889901.8663323,-4.0,-3.0,-77.0
1777889901.8763323,-3.0,0.0,-75.0
1777889901.8863325,-5.0,3.0,-72.0
1777889901.8963325,-2.0,2.0,-68.0
1777889901.9063325,-5.0,-2.0,-67.0
1777889901.9163325,-4.0,1.0,-74.0
1777889901.9263325,-2.0,0.0,-76.0
1777889901.9363325,2.0,0.0,-79.0
1777889901.9463325,6.0,4.0,-79.0
1777889901.9563324,6.0,4.0,-75.0
1777889901.9663324,10.0,0.0,-78.0
1777889901.9763324,9.0,-2.0,-73.0
1777889901.9863324,7.0,0.0,-71.0
1777889901.9963324,3.0,0.0,-74.0
1777889902.0063324,-2.0,0.0,-80.0
1777889902.0163324,-2.0,-1.0,-79.0
1777889902.0263324,0.0,0.0,-78.0
1777889902.0363324,4.0,1.0,-82.0
1777889902.0463324,3.0,2.0,-82.0
1777889902.0563323,0.0,0.0,-76.0
1777889902.0663323,2.0,0.0,-71.0
1777889902.0763323,0.0,-1.0,-70.0
1777889902.0863323,2.0,0.0,-65.0
1777889902.0963323,0.0,-5.0,-72.0
1777889902.1063323,5.0,0.0,-68.0
1777889902.1163323,0.0,-1.0,-66.0
1777889902.1263323,0.0,-2.0,-69.0
1777889902.1363325,-6.0,-3.0,-64.0
1777889902.1463325,-1.0,-1.0,-64.0
1777889902.1563325,2.0,2.0,-62.0
1777889902.1663325,2.0,1.0,-65.0
1777889902.1763325,-3.0,-1.0,-65.0
1777889902.1863325,-1.0,0.0,-66.0
1777889902.1963325,0.0,-2.0,-69.0
1777889902.2063324,3.0,-3.0,-79.0
1777889902.2163324,1.0,-5.0,-83.0
1777889902.2263324,2.0,-1.0,-79.0
1777889902.2363324,3.0,2.0,-80.0
1777889902.2463324,2.0,0.0,-78.0
1777889902.2563324,2.0,-1.0,-74.0
1777889902.2663324,0.0,3.0,-75.0
1777889902.2763324,-2.0,0.0,-75.0
1777889902.2863324,-4.0,-3.0,-69.0
1777889902.2963324,-3.0,-4.0,-66.0
1777889902.3063323,-2.0,-2.0,-73.0
1777889902.3163323,7.0,-3.0,-78.0
1777889902.3263323,9.0,-7.0,-76.0
1777889902.3363323,2.0,-6.0,-77.0
1777889902.3463323,0.0,-4.0,-78.0
1777889902.3563323,0.0,0.0,-79.0
1777889902.3663323,-3.0,0.0,-82.0
1777889902.3763323,-4.0,-4.0,-76.0
1777889902.3863325,-6.0,-5.0,-82.0
1777889902.3963325,-5.0,-1.0,-82.0
1777889902.4063325,-4.0,-1.0,-73.0
1777889902.4163325,-4.0,0.0,-70.0
1777889902.4263325,-5.0,0.0,-72.0
1777889902.4363325,-5.0,1.0,-77.0
1777889902.4463325,3.0,2.0,-71.0
1777889902.4563324,2.0,2.0,-70.0
1777889902.4663324,5.0,0.0,-74.0
1777889902.4763324,8.0,0.0,-78.0
1777889902.4863324,2.0,-3.0,-84.0
1777889902.4963324,0.0,0.0,-77.0
1777889902.5063324,1.0,5.0,-73.0
1777889902.5163324,0.0,2.0,-76.0
1777889902.5263324,0.0,0.0,-73.0
1777889902.5363324,0.0,-1.0,-71.0
1777889902.5463324,-1.0,0.0,-72.0
1777889902.5563323,2.0,-4.0,-69.0
1777889902.5663323,-1.0,-2.0,-70.0
1777889902.5763323,-3.0,1.0,-74.0
1777889902.5863323,-4.0,3.0,-72.0
1777889902.5963323,0.0,3.0,-76.0
1777889902.6063323,-1.0,3.0,-82.0
1777889902.6163323,0.0,5.0,-81.0
1777889902.6263323,1.0,5.0,-82.0
1777889902.6363325,7.0,4.0,-78.0
1777889902.6463325,4.0,3.0,-77.0
1777889902.6563325,6.0,3.0,-78.0
1777889902.6663325,4.0,1.0,-72.0
1777889902.6763325,5.0,-1.0,-75.0
1777889902.6863325,8.0,0.0,-75.0
1777889902.6963325,8.0,-6.0,-71.0
1777889902.7063324,6.0,-6.0,-67.0
1777889902.7163324,5.0,-5.0,-69.0
1777889902.7263324,-1.0,-5.0,-70.0
1777889902.7363324,0.0,-9.0,-72.0
1777889902.7463324,0.0,-4.0,-78.0
1777889902.7563324,6.0,0.0,-78.0
1777889902.7663324,9.0,0.0,-78.0
1777889902.7763324,7.0,0.0,-75.0
1777889902.7863324,6.0,0.0,-72.0
1777889902.7963324,2.0,-4.0,-76.0
1777889902.8063323,6.0,-1.0,-78.0
1777889902.8163323,-1.0,0.0,-75.0
1777889902.8263323,3.0,1.0,-73.0
1777889902.8363323,7.0,5.0,-79.0
1777889902.8463323,3.0,5.0,-82.0
1777889902.8563323,5.0,5.0,-81.0
1777889902.8663323,3.0,8.0,-85.0
1777889902.8763323,2.0,6.0,-80.0
1777889902.8863325,0.0,5.0,-74.0
1777889902.8963325,0.0,5.0,-76.0
1777889902.9063325,-1.0,-1.0,-77.0
1777889902.9163325,-4.0,-1.0,-75.0
1777889902.9263325,-7.0,-4.0,-69.0
1777889902.9363325,-3.0,0.0,-73.0
1777889902.9463325,-3.0,-1.0,-70.0
1777889902.9563324,-4.0,-2.0,-75.0
1777889902.9663324,-8.0,-2.0,-70.0
1777889902.9763324,-6.0,-6.0,-75.0
1777889902.9863324,-4.0,-4.0,-70.0
1777889902.9963324,-4.0,-2.0,-75.0
1777889903.0063324,-5.0,-2.0,-79.0
1777889903.0163324,-6.0,-1.0,-79.0
1777889903.0263324,-4.0,-1.0,-78.0
1777889903.0363324,2.0,-1.0,-79.0
1777889903.0463324,2.0,-4.0,-87.0
1777889903.0573325,3.0,-3.0,-83.0
1777889903.0663323,5.0,-2.0,-74.0
1777889903.0773325,3.0,0.0,-66.0
1777889903.0873325,1.0,2.0,-66.0
1777889903.0973325,0.0,1.0,-67.0
1777889903.1073325,0.0,2.0,-67.0
1777889903.1173325,-4.0,4.0,-70.0
1777889903.1273324,0.0,3.0,-70.0
1777889903.1373324,0.0,0.0,-63.0
1777889903.1473324,-2.0,1.0,-63.0
1777889903.1573324,-8.0,-1.0,-69.0
1777889903.1673324,-9.0,-5.0,-73.0
1777889903.1773324,-1.0,-7.0,-72.0
1777889903.1873324,-8.0,-1.0,-78.0
1777889903.1973324,-9.0,-1.0,-73.0
1777889903.2073324,-11.0,0.0,-76.0
1777889903.2173324,-7.0,4.0,-79.0
1777889903.2273324,0.0,3.0,-81.0
1777889903.2373323,-2.0,0.0,-82.0
1777889903.2473323,0.0,-3.0,-83.0
1777889903.2573323,-3.0,-2.0,-82.0
1777889903.2673323,0.0,-1.0,-83.0
1777889903.2773323,3.0,-2.0,-76.0
1777889903.2873323,0.0,-2.0,-77.0
1777889903.2973323,2.0,0.0,-76.0
1777889903.3073325,2.0,2.0,-75.0
1777889903.3173325,3.0,5.0,-78.0
1777889903.3273325,5.0,4.0,-80.0
1777889903.3373325,3.0,2.0,-84.0
1777889903.3473325,6.0,3.0,-84.0
1777889903.3573325,8.0,1.0,-82.0
1777889903.3673325,7.0,2.0,-87.0
1777889903.3773324,11.0,4.0,-86.0
1777889903.3873324,10.0,1.0,-87.0
1777889903.3973324,6.0,-3.0,-83.0
1777889903.4073324,6.0,2.0,-81.0
1777889903.4173324,3.0,0.0,-76.0
1777889903.4273324,-3.0,-5.0,-72.0
1777889903.4373324,-5.0,-3.0,-77.0
1777889903.4473324,-6.0,-3.0,-84.0
1777889903.4573324,-9.0,-2.0,-77.0
1777889903.4673324,-6.0,-6.0,-76.0
1777889903.4773324,-4.0,-5.0,-76.0
1777889903.4873323,0.0,-6.0,-68.0
1777889903.4973323,-1.0,-2.0,-66.0
1777889903.5073323,0.0,-3.0,-65.0
1777889903.5173323,1.0,-2.0,-67.0
1777889903.5273323,3.0,-5.0,-71.0
1777889903.5373323,2.0,-9.0,-71.0
1777889903.5473323,1.0,-7.0,-69.0
1777889903.5573325,0.0,-3.0,-75.0
1777889903.5673325,-3.0,-1.0,-81.0
1777889903.5773325,-4.0,4.0,-77.0
1777889903.5873325,-2.0,0.0,-76.0
1777889903.5973325,2.0,0.0,-76.0
1777889903.6073325,0.0,2.0,-83.0
1777889903.6173325,1.0,2.0,-87.0
1777889903.6273324,1.0,0.0,-93.0
1777889903.6373324,2.0,-3.0,-85.0
1777889903.6473324,1.0,-1.0,-89.0
1777889903.6573324,0.0,0.0,-91.0
1777889903.6673324,-1.0,2.0,-79.0
1777889903.6773324,0.0,1.0,-81.0
1777889903.6873324,-2.0,2.0,-84.0
1777889903.6973324,-3.0,3.0,-81.0
1777889903.7073324,-4.0,3.0,-82.0
1777889903.7173324,-2.0,0.0,-81.0
1777889903.7273324,0.0,0.0,-76.0
1777889903.7383325,1.0,0.0,-75.0
1777889903.7473323,-2.0,-2.0,-69.0
1777889903.7573323,-3.0,-1.0,-71.0
1777889903.7673323,-4.0,0.0,-72.0
1777889903.7773323,-3.0,-1.0,-75.0
1777889903.7873323,-2.0,-7.0,-70.0
1777889903.7973323,0.0,-6.0,-72.0
1777889903.8073325,-2.0,-7.0,-73.0
1777889903.8173325,1.0,-8.0,-76.0
1777889903.8273325,5.0,-7.0,-77.0
1777889903.8373325,5.0,-9.0,-80.0
1777889903.8473325,10.0,-7.0,-81.0
1777889903.8573325,2.0,-2.0,-80.0
1777889903.8673325,0.0,-5.0,-77.0
1777889903.8773324,3.0,-8.0,-75.0
1777889903.8873324,4.0,-4.0,-73.0
1777889903.8973324,3.0,-5.0,-78.0
1777889903.9073324,4.0,-7.0,-82.0
1777889903.9173324,0.0,-7.0,-79.0
1777889903.9273324,4.0,-7.0,-80.0
1777889903.9373324,6.0,-8.0,-76.0
1777889903.9473324,8.0,-5.0,-67.0
1777889903.9573324,9.0,-4.0,-71.0
1777889903.9673324,5.0,-4.0,-76.0
1777889903.9773324,0.0,-3.0,-80.0
1777889903.9873323,0.0,-2.0,-79.0
1777889903.9973323,0.0,0.0,-77.0
1777889904.0073323,-1.0,0.0,-75.0
1777889904.0173323,-1.0,1.0,-75.0
1777889904.0273323,0.0,5.0,-79.0
1777889904.0373323,3.0,4.0,-74.0
1777889904.0473323,4.0,1.0,-67.0
1777889904.0573325,0.0,0.0,-70.0
1777889904.0673325,0.0,-7.0,-75.0
1777889904.0773325,-2.0,-5.0,-76.0
1777889904.0873325,-3.0,-1.0,-78.0
1777889904.0973325,-9.0,0.0,-73.0
1777889904.1073325,-11.0,-1.0,-76.0
1777889904.1173325,-12.0,-2.0,-73.0
1777889904.1273324,-10.0,-3.0,-78.0
1777889904.1373324,-5.0,-3.0,-84.0
1777889904.1473324,-5.0,-2.0,-86.0
1777889904.1573324,-2.0,-6.0,-85.0
1777889904.1673324,-6.0,-8.0,-81.0
1777889904.1773324,-1.0,-11.0,-77.0
1777889904.1873324,1.0,-14.0,-67.0
1777889904.1973324,6.0,-13.0,-66.0
1777889904.2073324,5.0,-11.0,-75.0
1777889904.2173324,4.0,-9.0,-79.0
1777889904.2273324,4.0,-3.0,-70.0
1777889904.2373323,1.0,-4.0,-77.0
1777889904.2473323,0.0,-2.0,-75.0
1777889904.2573323,4.0,0.0,-82.0
1777889904.2673323,3.0,-2.0,-78.0
1777889904.2773323,0.0,-2.0,-84.0
1777889904.2873323,-4.0,-2.0,-81.0
1777889904.2973323,-2.0,-2.0,-84.0
1777889904.3073325,0.0,0.0,-82.0
1777889904.3173325,-1.0,0.0,-85.0
1777889904.3273325,1.0,0.0,-84.0
1777889904.3373325,4.0,-1.0,-86.0
1777889904.3473325,9.0,0.0,-83.0
1777889904.3573325,7.0,0.0,-87.0
1777889904.3673325,7.0,-3.0,-81.0
1777889904.3773324,4.0,0.0,-77.0
1777889904.3873324,7.0,0.0,-80.0
1777889904.3973324,7.0,-5.0,-77.0
1777889904.4073324,1.0,-1.0,-79.0
1777889904.4173324,-2.0,0.0,-83.0
1777889904.4273324,1.0,3.0,-86.0
1777889904.4373324,4.0,1.0,-84.0
1777889904.4473324,1.0,1.0,-82.0
1777889904.4573324,1.0,3.0,-71.0
1777889904.4673324,3.0,3.0,-69.0
1777889904.4773324,5.0,-1.0,-71.0
1777889904.4873323,7.0,0.0,-73.0
1777889904.4973323,1.0,0.0,-81.0
1777889904.5073323,-3.0,-3.0,-83.0
1777889904.5173323,-1.0,-1.0,-84.0
1777889904.5273323,3.0,-2.0,-81.0
1777889904.5373323,2.0,-8.0,-83.0
1777889904.5473323,2.0,-5.0,-81.0
1777889904.5573325,3.0,-3.0,-77.0
1777889904.5673325,5.0,-5.0,-75.0
1777889904.5773325,10.0,-3.0,-68.0
1777889904.5873325,5.0,0.0,-64.0
1777889904.5973325,1.0,0.0,-65.0
1777889904.6073325,2.0,0.0,-74.0
1777889904.6173325,2.0,0.0,-74.0
1777889904.6273324,-1.0,-2.0,-75.0
1777889904.6373324,0.0,-2.0,-81.0
1777889904.6473324,-1.0,-2.0,-81.0
1777889904.6573324,-1.0,-5.0,-74.0
1777889904.6673324,-1.0,-4.0,-69.0
1777889904.6773324,0.0,-3.0,-67.0
1777889904.6873324,3.0,-4.0,-73.0
1777889904.6973324,3.0,-2.0,-77.0
1777889904.7073324,3.0,-3.0,-83.0
1777889904.7173324,4.0,-4.0,-82.0
1777889904.7273324,5.0,-1.0,-78.0
1777889904.7373323,5.0,-4.0,-74.0
1777889904.7473323,5.0,-2.0,-71.0
1777889904.7573323,3.0,-3.0,-73.0
1777889904.7673323,0.0,-4.0,-79.0
1777889904.7773323,3.0,-5.0,-78.0
1777889904.7873323,-2.0,-8.0,-74.0
1777889904.7973323,0.0,-8.0,-73.0
1777889904.8073325,0.0,-6.0,-74.0
1777889904.8173325,0.0,-6.0,-74.0
1777889904.8273325,-2.0,-6.0,-76.0
1777889904.8373325,-4.0,-6.0,-72.0
1777889904.8473325,-3.0,-1.0,-72.0
1777889904.8573325,0.0,0.0,-74.0
1777889904.8673325,0.0,1.0,-76.0
1777889904.8773324,-1.0,0.0,-74.0
1777889904.8873324,1.0,0.0,-78.0
1777889904.8973324,5.0,-2.0,-78.0
1777889904.9073324,6.0,-2.0,-77.0
1777889904.9173324,6.0,-4.0,-80.0
1777889904.9273324,6.0,-2.0,-82.0
1777889904.9373324,5.0,0.0,-79.0
1777889904.9473324,3.0,-3.0,-83.0
1777889904.9573324,-1.0,-3.0,-76.0
1777889904.9673324,-2.0,0.0,-72.0
1777889904.9773324,-1.0,1.0,-72.0
1777889904.9873323,3.0,1.0,-76.0
1777889904.9973323,5.0,2.0,-80.0
1777889905.0073323,4.0,1.0,-75.0
1777889905.0173323,5.0,0.0,-67.0
1777889905.0273323,2.0,0.0,-70.0
1777889905.0373323,-1.0,6.0,-65.0
1777889905.0473323,-1.0,0.0,-66.0
1777889905.0573325,-5.0,0.0,-75.0
1777889905.0683324,-2.0,-2.0,-75.0
1777889905.0783324,3.0,-2.0,-75.0
1777889905.0883324,2.0,-1.0,-76.0
1777889905.0983324,2.0,-3.0,-76.0
1777889905.1073325,1.0,-1.0,-76.0
1777889905.1183324,-1.0,-2.0,-74.0
1777889905.1283324,0.0,-5.0,-75.0
1777889905.1383324,-1.0,-6.0,-72.0
1777889905.1483324,0.0,-4.0,-76.0
1777889905.1583323,-1.0,-3.0,-77.0
1777889905.1683323,-1.0,0.0,-70.0
1777889905.1783323,0.0,0.0,-72.0
1777889905.1883323,0.0,1.0,-74.0
1777889905.1983323,-5.0,2.0,-74.0
1777889905.2083323,-3.0,3.0,-77.0
1777889905.2183323,1.0,5.0,-80.0
1777889905.2283323,0.0,1.0,-84.0
1777889905.2383325,-1.0,-1.0,-82.0
1777889905.2483325,2.0,0.0,-81.0
1777889905.2583325,5.0,0.0,-82.0
1777889905.2683325,5.0,-1.0,-81.0
1777889905.2783325,3.0,0.0,-74.0
1777889905.2883325,2.0,-2.0,-76.0
1777889905.2983325,1.0,-3.0,-77.0
1777889905.3083324,2.0,-2.0,-80.0
1777889905.3183324,0.0,-2.0,-85.0
1777889905.3283324,-3.0,-5.0,-83.0
1777889905.3383324,-5.0,-6.0,-79.0
1777889905.3483324,-4.0,-3.0,-78.0
1777889905.3583324,-1.0,-3.0,-79.0
1777889905.3683324,0.0,-4.0,-78.0
1777889905.3783324,1.0,0.0,-83.0
1777889905.3883324,5.0,1.0,-82.0
1777889905.3983324,1.0,3.0,-77.0
1777889905.4083323,3.0,2.0,-76.0
1777889905.4183323,8.0,0.0,-70.0
1777889905.4283323,8.0,0.0,-67.0
1777889905.4383323,4.0,0.0,-68.0
1777889905.4483323,3.0,0.0,-76.0
1777889905.4583323,4.0,-1.0,-75.0
1777889905.4683323,7.0,-2.0,-79.0
1777889905.4783323,2.0,-1.0,-72.0
1777889905.4883325,2.0,1.0,-71.0
1777889905.4983325,2.0,-3.0,-73.0
1777889905.5083325,7.0,-1.0,-77.0
1777889905.5183325,3.0,1.0,-76.0
1777889905.5283325,1.0,0.0,-77.0
1777889905.5383325,-1.0,-1.0,-64.0
1777889905.5483325,0.0,-6.0,-64.0
1777889905.5583324,-1.0,-2.0,-68.0
1777889905.5683324,1.0,-3.0,-72.0
1777889905.5783324,0.0,-3.0,-70.0
1777889905.5883324,2.0,-3.0,-74.0
1777889905.5983324,-1.0,0.0,-80.0
1777889905.6083324,-4.0,0.0,-80.0
1777889905.6183324,-3.0,0.0,-79.0
1777889905.6283324,-6.0,3.0,-79.0
1777889905.6383324,0.0,4.0,-76.0
1777889905.6483324,-2.0,5.0,-78.0
1777889905.6583323,-2.0,6.0,-75.0
1777889905.6683323,-2.0,0.0,-71.0
1777889905.6783323,0.0,-4.0,-68.0
1777889905.6883323,-3.0,-6.0,-70.0
1777889905.6983323,-1.0,-8.0,-66.0
1777889905.7083323,0.0,-6.0,-70.0
1777889905.7183323,-1.0,-4.0,-70.0
1777889905.7283323,-1.0,-4.0,-72.0
1777889905.7383325,-2.0,-5.0,-74.0
1777889905.7483325,1.0,-5.0,-74.0
1777889905.7583325,1.0,-3.0,-75.0
1777889905.7683325,3.0,-1.0,-76.0
1777889905.7783325,4.0,0.0,-75.0
1777889905.7883325,0.0,0.0,-74.0
1777889905.7983325,-4.0,-1.0,-71.0
1777889905.8083324,-4.0,1.0,-74.0
1777889905.8183324,-4.0,2.0,-77.0
1777889905.8283324,-4.0,6.0,-79.0
1777889905.8383324,0.0,4.0,-81.0
1777889905.8483324,0.0,1.0,-78.0
1777889905.8583324,-2.0,0.0,-72.0
1777889905.8683324,-2.0,-1.0,-70.0
1777889905.8783324,-1.0,0.0,-68.0
1777889905.8883324,-3.0,1.0,-68.0
1777889905.8983324,0.0,0.0,-78.0
1777889905.9083323,0.0,0.0,-68.0
1777889905.9183323,1.0,-1.0,-72.0
1777889905.9283323,-3.0,-1.0,-77.0
1777889905.9383323,-5.0,0.0,-72.0
1777889905.9483323,-5.0,0.0,-68.0
1777889905.9583323,-3.0,1.0,-62.0
1777889905.9683323,-1.0,4.0,-70.0
1777889905.9783323,0.0,1.0,-76.0
1777889905.9883325,0.0,3.0,-77.0
1777889905.9983325,3.0,2.0,-82.0
1777889906.0083325,2.0,2.0,-77.0
1777889906.0183325,4.0,2.0,-76.0
1777889906.0283325,4.0,4.0,-77.0
1777889906.0383325,2.0,4.0,-75.0
1777889906.0483325,5.0,3.0,-71.0
1777889906.0583324,5.0,4.0,-69.0
1777889906.0683324,5.0,2.0,-68.0
1777889906.0783324,2.0,3.0,-74.0
1777889906.0883324,3.0,4.0,-77.0
1777889906.0983324,3.0,2.0,-73.0
1777889906.1083324,3.0,0.0,-70.0
1777889906.1183324,2.0,1.0,-71.0
1777889906.1283324,1.0,1.0,-76.0
1777889906.1383324,5.0,2.0,-69.0
1777889906.1483324,5.0,0.0,-73.0
1777889906.1583323,0.0,0.0,-73.0
1777889906.1683323,-4.0,2.0,-75.0
1777889906.1783323,-5.0,4.0,-77.0
1777889906.1883323,-1.0,2.0,-78.0
1777889906.1983323,1.0,2.0,-76.0
1777889906.2083323,5.0,1.0,-77.0
1777889906.2183323,5.0,0.0,-69.0
1777889906.2283323,1.0,-1.0,-72.0
1777889906.2383325,0.0,2.0,-74.0
1777889906.2483325,0.0,0.0,-77.0
1777889906.2583325,-1.0,-4.0,-81.0
1777889906.2683325,0.0,-4.0,-81.0
1777889906.2783325,0.0,-3.0,-75.0
1777889906.2883325,-5.0,-4.0,-76.0
1777889906.2983325,-7.0,-10.0,-77.0
1777889906.3083324,1.0,-8.0,-72.0
1777889906.3183324,3.0,-4.0,-75.0
1777889906.3283324,5.0,-2.0,-72.0
1777889906.3383324,6.0,2.0,-73.0
1777889906.3483324,10.0,0.0,-73.0
1777889906.3583324,11.0,2.0,-72.0
1777889906.3683324,9.0,0.0,-74.0
1777889906.3783324,4.0,-2.0,-71.0
1777889906.3883324,3.0,-1.0,-75.0
1777889906.3983324,2.0,-1.0,-74.0
1777889906.4083323,0.0,-2.0,-75.0
1777889906.4183323,-1.0,-2.0,-77.0
1777889906.4283323,2.0,-3.0,-76.0
1777889906.4383323,6.0,-3.0,-74.0
1777889906.4483323,3.0,-5.0,-78.0
1777889906.4583323,2.0,-2.0,-80.0
1777889906.4683323,-2.0,1.0,-76.0
1777889906.4783323,-1.0,4.0,-76.0
1777889906.4883325,-1.0,4.0,-74.0
1777889906.4983325,-4.0,3.0,-72.0
1777889906.5083325,-4.0,-1.0,-80.0
1777889906.5183325,-4.0,-5.0,-85.0
1777889906.5283325,-1.0,1.0,-86.0
1777889906.5383325,0.0,5.0,-80.0
1777889906.5483325,-2.0,5.0,-77.0
1777889906.5583324,-5.0,0.0,-78.0
1777889906.5683324,-6.0,1.0,-74.0
1777889906.5783324,-5.0,3.0,-77.0
1777889906.5883324,-5.0,4.0,-82.0
1777889906.5983324,-2.0,0.0,-74.0
1777889906.6083324,0.0,-1.0,-73.0
1777889906.6183324,-3.0,1.0,-73.0
1777889906.6283324,-3.0,3.0,-75.0
1777889906.6383324,-5.0,0.0,-79.0
1777889906.6483324,-7.0,2.0,-81.0
1777889906.6583323,-1.0,0.0,-77.0
1777889906.6683323,-7.0,3.0,-81.0
1777889906.6783323,-5.0,4.0,-76.0
1777889906.6883323,4.0,4.0,-77.0
1777889906.6983323,7.0,-1.0,-79.0
1777889906.7083323,3.0,-5.0,-80.0
1777889906.7183323,0.0,-3.0,-70.0
1777889906.7283323,-3.0,0.0,-68.0
1777889906.7383325,0.0,0.0,-68.0
1777889906.7483325,0.0,-1.0,-67.0
1777889906.7583325,-1.0,0.0,-78.0
1777889906.7683325,-1.0,1.0,-71.0
1777889906.7783325,-2.0,0.0,-69.0
1777889906.7883325,-6.0,-2.0,-67.0
1777889906.7983325,-4.0,-2.0,-69.0
1777889906.8083324,0.0,0.0,-77.0
1777889906.8183324,3.0,-1.0,-81.0
1777889906.8283324,0.0,-4.0,-82.0
1777889906.8383324,0.0,-5.0,-82.0
1777889906.8483324,2.0,-2.0,-69.0
1777889906.8583324,2.0,0.0,-70.0
1777889906.8683324,0.0,0.0,-76.0
1777889906.8783324,-2.0,3.0,-76.0
1777889906.8883324,0.0,3.0,-82.0
1777889906.8983324,-5.0,0.0,-76.0
1777889906.9083323,-5.0,-2.0,-75.0
1777889906.9183323,-4.0,-5.0,-69.0
1777889906.9283323,-3.0,-8.0,-74.0
1777889906.9383323,-2.0,-5.0,-75.0
1777889906.9483323,-4.0,-2.0,-74.0
1777889906.9583323,-4.0,-2.0,-77.0
1777889906.9683323,-2.0,-4.0,-74.0
1777889906.9783323,-1.0,0.0,-80.0
1777889906.9883325,-4.0,4.0,-77.0
1777889906.9983325,0.0,8.0,-77.0
1777889907.0083325,3.0,6.0,-79.0
1777889907.0183325,4.0,2.0,-75.0
1777889907.0283325,2.0,-1.0,-82.0
1777889907.0393324,1.0,-1.0,-82.0
1777889907.0493324,0.0,-2.0,-83.0
1777889907.0583324,0.0,0.0,-84.0
1777889907.0693324,1.0,2.0,-80.0
1777889907.0783324,2.0,3.0,-76.0
1777889907.0893323,1.0,2.0,-76.0
1777889907.0993323,-2.0,2.0,-73.0
1777889907.1093323,-2.0,0.0,-80.0
1777889907.1193323,-2.0,0.0,-79.0
1777889907.1293323,-4.0,-1.0,-79.0
1777889907.1393323,-1.0,-3.0,-79.0
1777889907.1493323,1.0,-3.0,-79.0
1777889907.1593325,0.0,-9.0,-74.0
1777889907.1693325,-1.0,-12.0,-65.0
1777889907.1793325,-2.0,-9.0,-64.0
1777889907.1893325,-7.0,-7.0,-68.0
1777889907.1993325,-9.0,-7.0,-70.0
1777889907.2093325,-8.0,-8.0,-72.0
1777889907.2193325,-9.0,-4.0,-74.0
1777889907.2293324,-13.0,-5.0,-71.0
1777889907.2393324,-8.0,-5.0,-74.0
1777889907.2493324,-2.0,-6.0,-76.0
1777889907.2593324,0.0,-3.0,-74.0
1777889907.2693324,4.0,-5.0,-76.0
1777889907.2793324,1.0,-2.0,-76.0
1777889907.2893324,1.0,-1.0,-75.0
1777889907.2993324,0.0,0.0,-75.0
1777889907.3093324,-1.0,0.0,-79.0
1777889907.3193324,-2.0,-2.0,-76.0
1777889907.3293324,-6.0,-4.0,-70.0
1777889907.3393323,-2.0,0.0,-74.0
1777889907.3493323,2.0,-3.0,-71.0
1777889907.3593323,3.0,-5.0,-67.0
1777889907.3693323,4.0,0.0,-67.0
1777889907.3793323,5.0,1.0,-76.0
1777889907.3893323,2.0,0.0,-78.0
1777889907.3993323,6.0,3.0,-79.0
1777889907.4093325,4.0,5.0,-85.0
1777889907.4193325,-1.0,3.0,-81.0
1777889907.4293325,-3.0,3.0,-86.0
1777889907.4393325,1.0,3.0,-85.0
1777889907.4493325,0.0,0.0,-81.0
1777889907.4593325,0.0,-1.0,-80.0
1777889907.4693325,-1.0,-1.0,-81.0
1777889907.4793324,-2.0,-2.0,-84.0
1777889907.4893324,0.0,-1.0,-80.0
1777889907.4993324,-1.0,0.0,-81.0
1777889907.5093324,0.0,2.0,-74.0
1777889907.5193324,-2.0,4.0,-79.0
1777889907.5293324,0.0,3.0,-78.0
1777889907.5393324,0.0,0.0,-78.0
1777889907.5493324,4.0,0.0,-78.0
1777889907.5593324,6.0,4.0,-78.0
1777889907.5693324,6.0,2.0,-79.0
1777889907.5793324,3.0,1.0,-76.0
1777889907.5893323,2.0,1.0,-80.0
1777889907.5993323,4.0,1.0,-85.0
1777889907.6093323,2.0,0.0,-79.0
1777889907.6193323,0.0,2.0,-78.0
1777889907.6293323,1.0,2.0,-77.0
1777889907.6393323,3.0,2.0,-74.0
1777889907.6493323,5.0,2.0,-77.0
1777889907.6593325,3.0,2.0,-77.0
1777889907.6693325,1.0,0.0,-73.0
1777889907.6793325,2.0,1.0,-79.0
1777889907.6893325,3.0,-1.0,-78.0
1777889907.6993325,5.0,-2.0,-79.0
1777889907.7093325,2.0,0.0,-74.0
1777889907.7193325,3.0,0.0,-72.0
1777889907.7293324,5.0,1.0,-78.0
1777889907.7393324,1.0,2.0,-75.0
1777889907.7493324,0.0,0.0,-80.0
1777889907.7593324,0.0,-2.0,-85.0
1777889907.7693324,0.0,-5.0,-79.0
1777889907.7793324,0.0,-6.0,-67.0
1777889907.7893324,2.0,-2.0,-64.0
1777889907.7993324,-1.0,0.0,-66.0
1777889907.8093324,0.0,4.0,-60.0
1777889907.8193324,0.0,1.0,-68.0
1777889907.8293324,-2.0,1.0,-72.0
1777889907.8393323,-4.0,0.0,-75.0
1777889907.8493323,-5.0,0.0,-69.0
1777889907.8593323,-12.0,-1.0,-63.0
1777889907.8693323,-9.0,-2.0,-68.0
1777889907.8793323,0.0,-2.0,-66.0
1777889907.8893323,6.0,-5.0,-70.0
1777889907.8993323,1.0,-4.0,-68.0
1777889907.9093325,-2.0,-2.0,-65.0
1777889907.9193325,-3.0,-2.0,-67.0
1777889907.9293325,-3.0,-3.0,-69.0
1777889907.9393325,-6.0,-4.0,-65.0
1777889907.9493325,-6.0,-4.0,-68.0
1777889907.9593325,-4.0,-7.0,-71.0
1777889907.9693325,0.0,-2.0,-74.0
1777889907.9793324,0.0,-2.0,-77.0
1777889907.9893324,-3.0,-6.0,-79.0
1777889907.9993324,-1.0,-5.0,-77.0
1777889908.0093324,0.0,-6.0,-84.0
1777889908.0193324,-2.0,-4.0,-86.0
1777889908.0293324,-9.0,-3.0,-84.0
1777889908.0393324,-8.0,-2.0,-81.0
1777889908.0493324,-7.0,-2.0,-77.0
1777889908.0593324,0.0,-5.0,-81.0
1777889908.0693324,0.0,-2.0,-79.0
1777889908.0793324,1.0,-1.0,-73.0
1777889908.0893323,0.0,-5.0,-70.0
1777889908.0993323,2.0,-5.0,-73.0
1777889908.1093323,4.0,-3.0,-75.0
1777889908.1193323,1.0,0.0,-76.0
1777889908.1293323,0.0,0.0,-80.0
1777889908.1393323,-3.0,1.0,-80.0
1777889908.1493323,-2.0,4.0,-79.0
1777889908.1593325,-5.0,5.0,-73.0
1777889908.1693325,0.0,3.0,-72.0
1777889908.1793325,2.0,1.0,-75.0
1777889908.1893325,-2.0,0.0,-78.0
1777889908.1993325,-1.0,-3.0,-77.0
1777889908.2093325,-1.0,0.0,-73.0
1777889908.2193325,0.0,0.0,-71.0
1777889908.2293324,5.0,-6.0,-72.0
1777889908.2393324,2.0,-9.0,-74.0
1777889908.2493324,4.0,-7.0,-72.0
1777889908.2593324,-1.0,-7.0,-75.0
1777889908.2693324,3.0,-9.0,-73.0
1777889908.2793324,7.0,-6.0,-69.0
1777889908.2893324,6.0,-4.0,-68.0
1777889908.2993324,1.0,-1.0,-69.0
1777889908.3093324,0.0,-1.0,-73.0
1777889908.3193324,-2.0,0.0,-75.0
1777889908.3293324,-3.0,-2.0,-74.0
1777889908.3393323,-7.0,-3.0,-77.0
1777889908.3493323,-7.0,-2.0,-70.0
1777889908.3593323,-7.0,-1.0,-69.0
1777889908.3693323,-2.0,-4.0,-79.0
1777889908.3793323,-1.0,-3.0,-83.0
1777889908.3893323,-1.0,-2.0,-81.0
1777889908.3993323,-3.0,-3.0,-73.0
1777889908.4093325,-1.0,-2.0,-72.0
1777889908.4193325,5.0,-1.0,-73.0
1777889908.4293325,3.0,-5.0,-72.0
1777889908.4393325,1.0,3.0,-71.0
1777889908.4493325,-2.0,5.0,-78.0
1777889908.4593325,-3.0,8.0,-70.0
1777889908.4693325,-2.0,9.0,-70.0
1777889908.4793324,1.0,8.0,-68.0
1777889908.4893324,2.0,5.0,-74.0
1777889908.4993324,4.0,2.0,-72.0
1777889908.5093324,8.0,6.0,-74.0
1777889908.5193324,6.0,5.0,-78.0
1777889908.5293324,4.0,6.0,-84.0
1777889908.5393324,0.0,3.0,-84.0
1777889908.5493324,0.0,5.0,-76.0
1777889908.5593324,7.0,7.0,-70.0
1777889908.5693324,9.0,9.0,-75.0
1777889908.5793324,11.0,8.0,-77.0
1777889908.5893323,9.0,9.0,-85.0
1777889908.5993323,2.0,1.0,-91.0
1777889908.6093323,-2.0,3.0,-85.0
1777889908.6193323,-2.0,4.0,-84.0
1777889908.6293323,1.0,3.0,-85.0
1777889908.6393323,2.0,-4.0,-86.0
1777889908.6493323,1.0,-5.0,-76.0
1777889908.6593325,1.0,-5.0,-74.0
1777889908.6693325,-1.0,-5.0,-79.0
1777889908.6793325,0.0,-4.0,-82.0
1777889908.6893325,2.0,-2.0,-87.0
1777889908.6993325,1.0,0.0,-82.0
1777889908.7093325,-2.0,6.0,-79.0
1777889908.7193325,-1.0,5.0,-79.0
1777889908.7293324,1.0,5.0,-76.0
1777889908.7393324,-1.0,4.0,-70.0
1777889908.7493324,1.0,4.0,-63.0
1777889908.7593324,0.0,2.0,-70.0
1777889908.7693324,-4.0,0.0,-77.0
1777889908.7793324,-1.0,0.0,-80.0
1777889908.7893324,-1.0,-2.0,-78.0
1777889908.7993324,2.0,-2.0,-77.0
1777889908.8093324,3.0,-1.0,-80.0
1777889908.8193324,9.0,-1.0,-81.0
1777889908.8293324,4.0,2.0,-76.0
1777889908.8393323,0.0,-2.0,-72.0
1777889908.8493323,0.0,-3.0,-70.0
1777889908.8593323,-1.0,0.0,-63.0
1777889908.8693323,-2.0,1.0,-67.0
1777889908.8793323,0.0,2.0,-68.0
1777889908.8893323,2.0,4.0,-65.0
1777889908.8993323,1.0,2.0,-68.0
1777889908.9093325,6.0,0.0,-73.0
1777889908.9193325,2.0,-2.0,-77.0
1777889908.9293325,4.0,-4.0,-74.0
1777889908.9393325,3.0,-4.0,-71.0
1777889908.9493325,1.0,-4.0,-76.0
1777889908.9593325,-2.0,-2.0,-78.0
1777889908.9693325,-3.0,-6.0,-84.0
1777889908.9793324,-1.0,-4.0,-88.0
1777889908.9893324,-2.0,-1.0,-84.0
1777889908.9993324,-5.0,-1.0,-81.0
1777889909.0093324,-10.0,0.0,-74.0
1777889909.0193324,-5.0,0.0,-74.0
1777889909.0303323,-6.0,0.0,-84.0
1777889909.0393324,-2.0,4.0,-90.0
1777889909.0503323,-3.0,4.0,-88.0
1777889909.0603323,4.0,4.0,-81.0
1777889909.0703323,1.0,4.0,-75.0
1777889909.0803325,3.0,4.0,-73.0
1777889909.0903325,4.0,6.0,-76.0
1777889909.1003325,3.0,5.0,-70.0
1777889909.1103325,0.0,5.0,-72.0
1777889909.1203325,0.0,5.0,-72.0
1777889909.1303325,2.0,2.0,-73.0
1777889909.1403325,5.0,0.0,-79.0
1777889909.1503325,4.0,3.0,-74.0
1777889909.1603324,3.0,8.0,-67.0
1777889909.1703324,0.0,2.0,-74.0
1777889909.1803324,-1.0,-2.0,-73.0
1777889909.1903324,1.0,-4.0,-70.0
1777889909.2003324,8.0,-2.0,-63.0
1777889909.2103324,13.0,0.0,-70.0
1777889909.2203324,11.0,2.0,-73.0
1777889909.2303324,8.0,3.0,-78.0
1777889909.2403324,7.0,7.0,-77.0
1777889909.2503324,3.0,4.0,-74.0
1777889909.2603323,2.0,1.0,-76.0
1777889909.2703323,2.0,4.0,-74.0
1777889909.2803323,1.0,5.0,-76.0
1777889909.2903323,0.0,4.0,-79.0
1777889909.3003323,2.0,3.0,-72.0
1777889909.3103323,2.0,4.0,-73.0
1777889909.3203323,0.0,4.0,-77.0
1777889909.3303325,1.0,2.0,-80.0
1777889909.3403325,2.0,0.0,-80.0
1777889909.3503325,0.0,1.0,-81.0
1777889909.3603325,1.0,0.0,-85.0
1777889909.3703325,1.0,1.0,-80.0
1777889909.3803325,2.0,1.0,-79.0
1777889909.3903325,1.0,-1.0,-75.0
1777889909.4003325,0.0,-5.0,-75.0
1777889909.4103324,0.0,-3.0,-72.0
1777889909.4203324,0.0,-2.0,-75.0
1777889909.4303324,0.0,-4.0,-77.0
1777889909.4403324,-5.0,-3.0,-72.0
1777889909.4503324,-5.0,-5.0,-76.0
1777889909.4603324,-8.0,-4.0,-78.0
1777889909.4703324,-8.0,-4.0,-79.0
1777889909.4803324,-5.0,-8.0,-82.0
1777889909.4903324,-4.0,-4.0,-81.0
1777889909.5003324,0.0,-3.0,-84.0
1777889909.5103323,3.0,-3.0,-84.0
1777889909.5203323,3.0,-6.0,-81.0
1777889909.5303323,2.0,-5.0,-79.0
1777889909.5403323,0.0,-4.0,-77.0
1777889909.5503323,-2.0,0.0,-77.0
1777889909.5603323,-3.0,1.0,-75.0
1777889909.5703323,-2.0,2.0,-80.0
1777889909.5803325,-6.0,1.0,-77.0
1777889909.5903325,-5.0,0.0,-76.0
1777889909.6003325,-3.0,-4.0,-77.0
1777889909.6103325,-2.0,-2.0,-79.0
1777889909.6203325,-1.0,-1.0,-74.0
1777889909.6303325,-4.0,-3.0,-78.0
1777889909.6403325,-6.0,0.0,-78.0
1777889909.6503325,-6.0,2.0,-69.0
1777889909.6603324,1.0,2.0,-65.0
1777889909.6703324,4.0,0.0,-69.0
1777889909.6803324,6.0,0.0,-71.0
1777889909.6903324,2.0,-2.0,-73.0
1777889909.7003324,7.0,-2.0,-64.0
1777889909.7103324,3.0,-3.0,-67.0
1777889909.7203324,5.0,-1.0,-67.0
1777889909.7303324,4.0,-5.0,-66.0
1777889909.7403324,5.0,-3.0,-63.0
1777889909.7503324,3.0,-2.0,-68.0
1777889909.7603323,1.0,0.0,-70.0
1777889909.7703323,1.0,0.0,-70.0
1777889909.7803323,-3.0,-1.0,-73.0
1777889909.7903323,-1.0,-1.0,-77.0
1777889909.8003323,1.0,0.0,-75.0
1777889909.8103323,3.0,-1.0,-72.0
1777889909.8203323,4.0,-3.0,-79.0
1777889909.8303325,4.0,-1.0,-87.0
1777889909.8403325,0.0,-4.0,-84.0
1777889909.8503325,1.0,-4.0,-77.0
1777889909.8603325,5.0,-2.0,-74.0
1777889909.8703325,4.0,-4.0,-68.0
1777889909.8803325,6.0,-5.0,-76.0
1777889909.8903325,8.0,-1.0,-76.0
1777889909.9003325,10.0,0.0,-70.0
1777889909.9103324,8.0,-3.0,-79.0
1777889909.9203324,6.0,-2.0,-79.0
1777889909.9303324,3.0,0.0,-83.0
1777889909.9403324,2.0,0.0,-84.0
1777889909.9503324,1.0,-6.0,-77.0
1777889909.9603324,0.0,-8.0,-73.0
1777889909.9703324,0.0,-5.0,-72.0
1777889909.9803324,0.0,-2.0,-69.0
1777889909.9903324,0.0,-5.0,-63.0
1777889910.0003324,-3.0,-6.0,-66.0
1777889910.0103323,-2.0,-5.0,-73.0
1777889910.0203323,-1.0,-1.0,-79.0
1777889910.0313325,0.0,-2.0,-79.0
1777889910.0403323,0.0,0.0,-81.0
1777889910.0503323,0.0,2.0,-77.0
1777889910.0603323,0.0,0.0,-75.0
1777889910.0703323,0.0,0.0,-69.0
1777889910.0803325,0.0,0.0,-76.0
1777889910.0903325,3.0,-4.0,-76.0
1777889910.1003325,3.0,-4.0,-80.0
1777889910.1103325,3.0,-7.0,-74.0
1777889910.1203325,2.0,-3.0,-69.0
1777889910.1303325,-1.0,-3.0,-68.0
1777889910.1403325,0.0,0.0,-76.0
1777889910.1503325,1.0,-1.0,-76.0
1777889910.1603324,4.0,1.0,-77.0
1777889910.1703324,4.0,2.0,-73.0
1777889910.1803324,2.0,3.0,-72.0
1777889910.1903324,3.0,3.0,-70.0
1777889910.2003324,1.0,1.0,-73.0
1777889910.2103324,0.0,1.0,-72.0
1777889910.2203324,0.0,1.0,-70.0
1777889910.2303324,0.0,2.0,-80.0
1777889910.2403324,-1.0,2.0,-84.0
1777889910.2503324,1.0,0.0,-84.0
1777889910.2603323,0.0,-1.0,-75.0
1777889910.2703323,-2.0,-1.0,-64.0
1777889910.2803323,-2.0,-2.0,-66.0
1777889910.2903323,1.0,-5.0,-69.0
1777889910.3003323,2.0,-5.0,-77.0
1777889910.3103323,3.0,-1.0,-67.0
1777889910.3203323,0.0,2.0,-72.0
1777889910.3303325,0.0,3.0,-76.0
1777889910.3403325,0.0,2.0,-82.0
1777889910.3503325,-4.0,-1.0,-84.0
1777889910.3603325,-8.0,-7.0,-78.0
1777889910.3703325,-7.0,-8.0,-82.0
1777889910.3803325,-6.0,-5.0,-76.0
1777889910.3903325,-6.0,-3.0,-83.0
1777889910.4003325,-4.0,-3.0,-86.0
1777889910.4103324,-1.0,-3.0,-83.0
1777889910.4203324,0.0,0.0,-80.0
1777889910.4303324,7.0,0.0,-80.0
1777889910.4403324,9.0,5.0,-75.0
1777889910.4503324,3.0,1.0,-77.0
1777889910.4603324,1.0,2.0,-83.0
1777889910.4703324,5.0,-1.0,-82.0
1777889910.4803324,5.0,-5.0,-79.0
1777889910.4903324,3.0,-8.0,-79.0
1777889910.5003324,3.0,-11.0,-79.0
1777889910.5103323,-2.0,-11.0,-77.0
1777889910.5203323,-3.0,-10.0,-77.0
1777889910.5303323,-4.0,-5.0,-78.0
1777889910.5403323,-3.0,-5.0,-74.0
1777889910.5503323,-3.0,-5.0,-73.0
1777889910.5603323,-6.0,-7.0,-76.0
1777889910.5703323,-7.0,-5.0,-76.0
1777889910.5803325,-3.0,-2.0,-78.0
1777889910.5903325,-6.0,-3.0,-70.0
1777889910.6003325,-4.0,-1.0,-73.0
1777889910.6103325,-4.0,0.0,-74.0
1777889910.6203325,0.0,2.0,-78.0
1777889910.6303325,0.0,0.0,-73.0
1777889910.6403325,-1.0,-4.0,-76.0
1777889910.6503325,0.0,-6.0,-82.0
1777889910.6603324,0.0,-3.0,-75.0
1777889910.6703324,1.0,-6.0,-73.0
1777889910.6803324,4.0,-4.0,-72.0
1777889910.6903324,1.0,-3.0,-76.0
1777889910.7003324,3.0,-4.0,-71.0
1777889910.7103324,0.0,-5.0,-67.0
1777889910.7203324,-2.0,-3.0,-67.0
1777889910.7303324,-4.0,-1.0,-68.0
1777889910.7403324,-4.0,-2.0,-64.0
1777889910.7503324,-3.0,-5.0,-68.0
1777889910.7603323,-1.0,-5.0,-69.0
1777889910.7703323,-1.0,-4.0,-65.0
1777889910.7803323,-4.0,-5.0,-64.0
1777889910.7903323,2.0,-3.0,-62.0
1777889910.8003323,7.0,0.0,-64.0
1777889910.8103323,2.0,1.0,-69.0
1777889910.8203323,-2.0,-1.0,-75.0
1777889910.8303325,0.0,1.0,-72.0
1777889910.8403325,2.0,-1.0,-75.0
1777889910.8503325,5.0,-1.0,-72.0
1777889910.8603325,2.0,-1.0,-72.0
1777889910.8703325,2.0,-7.0,-72.0
1777889910.8803325,3.0,-6.0,-69.0
1777889910.8903325,2.0,-4.0,-70.0
1777889910.9003325,0.0,-3.0,-73.0
1777889910.9103324,5.0,-3.0,-78.0
1777889910.9203324,6.0,-2.0,-75.0
1777889910.9303324,2.0,2.0,-78.0
1777889910.9403324,4.0,1.0,-74.0
1777889910.9503324,2.0,2.0,-74.0
1777889910.9603324,0.0,2.0,-73.0
1777889910.9703324,4.0,3.0,-74.0
1777889910.9803324,8.0,1.0,-75.0
1777889910.9903324,10.0,0.0,-77.0
1777889911.0013323,7.0,-1.0,-74.0
1777889911.0113325,0.0,-4.0,-72.0
1777889911.0213325,2.0,-6.0,-71.0
1777889911.0313325,-1.0,-5.0,-76.0
1777889911.0413325,2.0,-6.0,-73.0
1777889911.0513325,-1.0,-1.0,-69.0
1777889911.0613325,3.0,0.0,-75.0
1777889911.0713325,0.0,2.0,-76.0
1777889911.0813324,9.0,1.0,-74.0
1777889911.0913324,13.0,2.0,-63.0
1777889911.1013324,7.0,1.0,-69.0
1777889911.1113324,2.0,4.0,-68.0
1777889911.1213324,0.0,3.0,-72.0
1777889911.1313324,0.0,0.0,-73.0
1777889911.1413324,2.0,-1.0,-71.0
1777889911.1513324,0.0,-3.0,-67.0
1777889911.1613324,4.0,-4.0,-73.0
1777889911.1713324,10.0,-3.0,-76.0
1777889911.1813323,7.0,-4.0,-76.0
1777889911.1913323,7.0,-3.0,-72.0
1777889911.2013323,2.0,-2.0,-74.0
1777889911.2113323,6.0,0.0,-71.0
1777889911.2213323,6.0,0.0,-70.0
1777889911.2313323,5.0,-1.0,-74.0
1777889911.2413323,5.0,1.0,-71.0
1777889911.2513323,9.0,5.0,-71.0
1777889911.2613325,8.0,8.0,-73.0
1777889911.2713325,8.0,10.0,-73.0
1777889911.2813325,7.0,9.0,-72.0
1777889911.2913325,5.0,8.0,-73.0
1777889911.3013325,3.0,3.0,-77.0
1777889911.3113325,5.0,0.0,-75.0
1777889911.3213325,5.0,0.0,-68.0
1777889911.3313324,6.0,0.0,-66.0
1777889911.3413324,5.0,-1.0,-68.0
1777889911.3513324,4.0,0.0,-67.0
1777889911.3613324,3.0,-2.0,-71.0
1777889911.3713324,4.0,0.0,-74.0
1777889911.3813324,6.0,-1.0,-81.0
1777889911.3913324,7.0,-5.0,-74.0
1777889911.4013324,6.0,-1.0,-74.0
1777889911.4113324,6.0,0.0,-77.0
1777889911.4213324,9.0,-1.0,-75.0
1777889911.4313323,6.0,0.0,-78.0
1777889911.4413323,3.0,3.0,-80.0
1777889911.4513323,1.0,7.0,-77.0
1777889911.4613323,-1.0,4.0,-70.0
1777889911.4713323,-1.0,1.0,-71.0
1777889911.4813323,-1.0,0.0,-67.0
1777889911.4913323,0.0,3.0,-68.0
1777889911.5013323,-6.0,2.0,-72.0
1777889911.5113325,-6.0,-1.0,-66.0
1777889911.5213325,-1.0,-5.0,-64.0
1777889911.5313325,-2.0,-3.0,-59.0
1777889911.5413325,-3.0,0.0,-65.0
1777889911.5513325,-1.0,-1.0,-66.0
1777889911.5613325,-1.0,0.0,-71.0
1777889911.5713325,1.0,1.0,-75.0
1777889911.5813324,-1.0,0.0,-78.0
1777889911.5913324,-5.0,-3.0,-83.0
1777889911.6013324,-5.0,-8.0,-83.0
1777889911.6113324,-9.0,-4.0,-81.0
1777889911.6213324,-8.0,-3.0,-82.0
1777889911.6313324,-7.0,-5.0,-81.0
1777889911.6413324,-6.0,-5.0,-80.0
1777889911.6513324,-7.0,-7.0,-75.0
1777889911.6613324,-5.0,-10.0,-74.0
1777889911.6713324,1.0,0.0,-77.0
1777889911.6813323,-1.0,-1.0,-78.0
1777889911.6913323,-1.0,-2.0,-76.0
1777889911.7013323,2.0,-1.0,-82.0
1777889911.7113323,1.0,-2.0,-80.0
1777889911.7213323,1.0,-2.0,-78.0
1777889911.7313323,2.0,-3.0,-79.0
1777889911.7413323,3.0,-4.0,-79.0
1777889911.7513323,-1.0,-4.0,-74.0
1777889911.7613325,-5.0,-2.0,-72.0
1777889911.7713325,3.0,2.0,-72.0
1777889911.7813325,3.0,-4.0,-77.0
1777889911.7913325,1.0,0.0,-74.0
1777889911.8013325,4.0,3.0,-81.0
1777889911.8113325,1.0,5.0,-77.0
1777889911.8213325,-1.0,7.0,-77.0
1777889911.8313324,-1.0,2.0,-77.0
1777889911.8413324,-1.0,0.0,-79.0
1777889911.8513324,0.0,2.0,-83.0
1777889911.8613324,0.0,4.0,-82.0
1777889911.8713324,2.0,0.0,-76.0
1777889911.8813324,3.0,1.0,-74.0
1777889911.8913324,0.0,0.0,-77.0
1777889911.9013324,-2.0,0.0,-76.0
1777889911.9113324,0.0,-6.0,-72.0
1777889911.9213324,3.0,-5.0,-69.0
1777889911.9313323,4.0,-1.0,-64.0
1777889911.9413323,0.0,-2.0,-62.0
1777889911.9513323,1.0,-3.0,-68.0
1777889911.9613323,0.0,-2.0,-70.0
1777889911.9713323,0.0,0.0,-71.0
1777889911.9813323,1.0,0.0,-74.0
1777889911.9913323,5.0,2.0,-77.0
1777889912.0013323,2.0,1.0,-74.0
1777889912.0113325,0.0,3.0,-76.0
1777889912.0213325,-1.0,5.0,-74.0
1777889912.0313325,0.0,3.0,-77.0
1777889912.0413325,0.0,0.0,-81.0
1777889912.0513325,1.0,1.0,-76.0
1777889912.0613325,1.0,2.0,-74.0
1777889912.0713325,0.0,0.0,-71.0
1777889912.0813324,-2.0,1.0,-77.0
1777889912.0913324,-4.0,0.0,-81.0
1777889912.1013324,0.0,3.0,-82.0
1777889912.1113324,-2.0,2.0,-84.0
1777889912.1213324,-4.0,4.0,-86.0
1777889912.1313324,-2.0,1.0,-80.0
1777889912.1413324,-2.0,1.0,-75.0
1777889912.1513324,-4.0,0.0,-70.0
1777889912.1613324,0.0,0.0,-66.0
1777889912.1713324,-1.0,0.0,-69.0
1777889912.1813323,-3.0,-3.0,-76.0
1777889912.1913323,0.0,-5.0,-80.0
1777889912.2013323,0.0,-7.0,-85.0
1777889912.2113323,3.0,-3.0,-81.0
1777889912.2213323,6.0,-1.0,-82.0
1777889912.2313323,6.0,1.0,-80.0
1777889912.2413323,8.0,4.0,-77.0
1777889912.2513323,7.0,6.0,-81.0
1777889912.2613325,3.0,7.0,-80.0
1777889912.2713325,1.0,4.0,-81.0
1777889912.2813325,1.0,6.0,-79.0
1777889912.2913325,5.0,6.0,-78.0
1777889912.3013325,7.0,1.0,-82.0
1777889912.3113325,7.0,0.0,-84.0
1777889912.3213325,2.0,1.0,-82.0
1777889912.3313324,-3.0,2.0,-81.0
1777889912.3413324,-5.0,1.0,-87.0
1777889912.3513324,-4.0,0.0,-87.0
1777889912.3613324,-6.0,-2.0,-90.0
1777889912.3713324,-2.0,0.0,-87.0
1777889912.3813324,-3.0,3.0,-82.0
1777889912.3913324,-2.0,3.0,-83.0
1777889912.4013324,5.0,0.0,-83.0
1777889912.4113324,5.0,1.0,-74.0
1777889912.4213324,7.0,5.0,-75.0
1777889912.4313323,4.0,5.0,-72.0
1777889912.4413323,4.0,-2.0,-68.0
1777889912.4513323,9.0,-2.0,-70.0
1777889912.4613323,2.0,-5.0,-75.0
1777889912.4713323,2.0,-9.0,-76.0
1777889912.4813323,2.0,-3.0,-75.0
1777889912.4913323,4.0,1.0,-68.0
1777889912.5013323,7.0,2.0,-69.0
1777889912.5113325,5.0,-2.0,-72.0
1777889912.5213325,6.0,-5.0,-68.0
1777889912.5313325,12.0,-7.0,-71.0
1777889912.5413325,9.0,-7.0,-70.0
1777889912.5513325,4.0,-8.0,-65.0
1777889912.5613325,0.0,-4.0,-61.0
1777889912.5713325,0.0,-1.0,-62.0
1777889912.5813324,2.0,-2.0,-65.0
1777889912.5913324,-1.0,2.0,-68.0
1777889912.6013324,-3.0,1.0,-63.0
1777889912.6113324,0.0,6.0,-60.0
1777889912.6213324,0.0,4.0,-71.0
1777889912.6313324,0.0,2.0,-74.0
1777889912.6413324,4.0,2.0,-72.0
1777889912.6513324,4.0,0.0,-73.0
1777889912.6613324,0.0,-3.0,-68.0
1777889912.6713324,0.0,-5.0,-70.0
1777889912.6813323,2.0,-2.0,-69.0
1777889912.6913323,4.0,0.0,-73.0
1777889912.7013323,4.0,2.0,-76.0
1777889912.7113323,7.0,5.0,-73.0
1777889912.7213323,6.0,5.0,-74.0
1777889912.7313323,3.0,5.0,-75.0
1777889912.7413323,4.0,0.0,-80.0
1777889912.7513323,5.0,-4.0,-71.0
1777889912.7613325,6.0,-3.0,-69.0
1777889912.7713325,6.0,-4.0,-74.0
1777889912.7813325,5.0,-4.0,-68.0
1777889912.7913325,4.0,-2.0,-67.0
1777889912.8013325,0.0,1.0,-64.0
1777889912.8113325,-4.0,2.0,-68.0
1777889912.8213325,2.0,0.0,-69.0
1777889912.8313324,0.0,-2.0,-71.0
1777889912.8413324,-1.0,-5.0,-70.0
1777889912.8513324,0.0,-4.0,-65.0
1777889912.8613324,-2.0,-5.0,-70.0
1777889912.8713324,0.0,-11.0,-77.0
1777889912.8813324,-2.0,-10.0,-76.0
1777889912.8913324,-1.0,-12.0,-68.0
1777889912.9013324,0.0,-10.0,-63.0
1777889912.9113324,4.0,-7.0,-64.0
1777889912.9213324,6.0,-7.0,-64.0
1777889912.9313323,2.0,-7.0,-70.0
1777889912.9413323,-1.0,-7.0,-67.0
1777889912.9513323,0.0,-5.0,-65.0
1777889912.9613323,-2.0,-8.0,-66.0
1777889912.9713323,-1.0,-9.0,-65.0
1777889912.9813323,-1.0,-5.0,-65.0
1777889912.9913323,3.0,-5.0,-63.0
1777889913.0023324,0.0,0.0,-69.0
1777889913.0123324,1.0,-2.0,-74.0
1777889913.0223324,6.0,0.0,-76.0
1777889913.0323324,3.0,1.0,-70.0
1777889913.0413325,5.0,-1.0,-74.0
1777889913.0523324,4.0,0.0,-74.0
1777889913.0623324,4.0,0.0,-71.0
1777889913.0723324,2.0,-3.0,-67.0
1777889913.0823324,0.0,-4.0,-71.0
1777889913.0923324,4.0,-2.0,-72.0
1777889913.1023324,5.0,0.0,-75.0
1777889913.1123323,6.0,1.0,-80.0
1777889913.1223323,2.0,2.0,-84.0
1777889913.1323323,0.0,0.0,-82.0
1777889913.1423323,-1.0,0.0,-78.0
1777889913.1523323,-6.0,-3.0,-77.0
1777889913.1623323,-8.0,0.0,-75.0
1777889913.1723323,-6.0,2.0,-80.0
1777889913.1823325,-7.0,-2.0,-81.0
1777889913.1923325,-4.0,-2.0,-83.0
1777889913.2023325,-3.0,1.0,-84.0
1777889913.2123325,0.0,0.0,-76.0
1777889913.2223325,6.0,1.0,-76.0
1777889913.2323325,5.0,-3.0,-79.0
1777889913.2423325,0.0,0.0,-81.0
1777889913.2523324,-4.0,2.0,-81.0
1777889913.2623324,-3.0,-1.0,-81.0
1777889913.2723324,-3.0,-2.0,-83.0
1777889913.2823324,0.0,-1.0,-80.0
1777889913.2923324,5.0,2.0,-81.0
1777889913.3023324,7.0,6.0,-83.0
1777889913.3123324,4.0,4.0,-81.0
1777889913.3223324,3.0,3.0,-81.0
1777889913.3323324,0.0,5.0,-72.0
1777889913.3423324,1.0,7.0,-77.0
1777889913.3523324,2.0,3.0,-79.0
1777889913.3623323,3.0,0.0,-74.0
1777889913.3723323,2.0,-1.0,-74.0
1777889913.3823323,-2.0,-2.0,-68.0
1777889913.3923323,1.0,-3.0,-68.0
1777889913.4023323,0.0,-2.0,-69.0
1777889913.4123323,-2.0,-2.0,-66.0
1777889913.4223323,0.0,0.0,-66.0
1777889913.4323325,1.0,0.0,-72.0
1777889913.4423325,2.0,0.0,-78.0
1777889913.4523325,2.0,-2.0,-81.0
1777889913.4623325,11.0,-4.0,-78.0
1777889913.4723325,10.0,-2.0,-82.0
1777889913.4823325,7.0,-4.0,-79.0
1777889913.4923325,5.0,-1.0,-72.0
1777889913.5023324,4.0,1.0,-75.0
1777889913.5123324,2.0,0.0,-80.0
1777889913.5223324,0.0,-3.0,-82.0
1777889913.5323324,-1.0,-6.0,-81.0
1777889913.5423324,-11.0,-6.0,-83.0
1777889913.5523324,-9.0,-5.0,-78.0
1777889913.5623324,-7.0,-5.0,-77.0
1777889913.5723324,-7.0,-3.0,-74.0
1777889913.5823324,-2.0,-3.0,-76.0
1777889913.5923324,-4.0,-1.0,-73.0
1777889913.6023324,0.0,0.0,-70.0
1777889913.6123323,2.0,0.0,-64.0
1777889913.6223323,0.0,0.0,-66.0
1777889913.6323323,4.0,0.0,-67.0
1777889913.6423323,4.0,-1.0,-64.0
1777889913.6523323,8.0,0.0,-65.0
1777889913.6623323,9.0,1.0,-62.0
1777889913.6723323,10.0,-1.0,-65.0
1777889913.6823325,12.0,-6.0,-73.0
1777889913.6923325,8.0,-6.0,-80.0
1777889913.7023325,-2.0,-11.0,-78.0
1777889913.7123325,-7.0,-9.0,-79.0
1777889913.7223325,-3.0,-7.0,-83.0
1777889913.7323325,-6.0,-5.0,-82.0
1777889913.7423325,-11.0,-2.0,-78.0
1777889913.7523324,-12.0,-3.0,-79.0
1777889913.7623324,-2.0,-1.0,-73.0
1777889913.7723324,0.0,-4.0,-74.0
1777889913.7823324,0.0,-4.0,-78.0
1777889913.7923324,-1.0,-9.0,-79.0
1777889913.8023324,3.0,-5.0,-77.0
1777889913.8123324,7.0,-2.0,-78.0
1777889913.8223324,7.0,-2.0,-75.0
1777889913.8323324,7.0,-1.0,-72.0
1777889913.8423324,4.0,0.0,-70.0
1777889913.8523324,4.0,-1.0,-75.0
1777889913.8623323,2.0,0.0,-79.0
1777889913.8723323,4.0,5.0,-78.0
1777889913.8823323,6.0,8.0,-78.0
1777889913.8923323,0.0,4.0,-82.0
1777889913.9023323,-4.0,3.0,-86.0
1777889913.9123323,-5.0,2.0,-83.0
1777889913.9223323,-6.0,1.0,-84.0
1777889913.9323325,0.0,4.0,-80.0
1777889913.9423325,2.0,0.0,-77.0
1777889913.9523325,6.0,1.0,-70.0
1777889913.9623325,3.0,0.0,-70.0
1777889913.9723325,2.0,1.0,-68.0
1777889913.9823325,1.0,5.0,-74.0
1777889913.9923325,0.0,7.0,-81.0
1777889914.0023324,0.0,3.0,-76.0
1777889914.0123324,-2.0,5.0,-77.0
1777889914.0223324,-2.0,3.0,-85.0
1777889914.0323324,1.0,1.0,-82.0
1777889914.0423324,3.0,-1.0,-72.0
1777889914.0523324,8.0,-1.0,-75.0
1777889914.0623324,5.0,0.0,-70.0
1777889914.0723324,5.0,1.0,-74.0
1777889914.0823324,1.0,0.0,-79.0
1777889914.0923324,0.0,-1.0,-77.0
1777889914.1023324,0.0,1.0,-82.0
1777889914.1123323,1.0,0.0,-87.0
1777889914.1223323,3.0,0.0,-88.0
1777889914.1323323,3.0,-4.0,-86.0
1777889914.1423323,5.0,-1.0,-84.0
1777889914.1523323,4.0,0.0,-74.0
1777889914.1623323,1.0,2.0,-72.0
1777889914.1723323,-1.0,3.0,-69.0
1777889914.1823325,0.0,2.0,-70.0
1777889914.1923325,0.0,7.0,-67.0
1777889914.2023325,4.0,3.0,-71.0
1777889914.2123325,3.0,4.0,-59.0
1777889914.2223325,5.0,3.0,-67.0
1777889914.2323325,2.0,1.0,-77.0
1777889914.2423325,0.0,-1.0,-74.0
1777889914.2523324,-1.0,-3.0,-80.0
1777889914.2623324,-3.0,-1.0,-76.0
1777889914.2723324,-1.0,-5.0,-73.0
1777889914.2823324,-4.0,-3.0,-74.0
1777889914.2923324,-8.0,-2.0,-79.0
1777889914.3023324,-4.0,-2.0,-79.0
1777889914.3123324,-1.0,-1.0,-78.0
1777889914.3223324,-3.0,0.0,-72.0
1777889914.3323324,-5.0,0.0,-70.0
1777889914.3423324,2.0,-5.0,-75.0
1777889914.3523324,4.0,-8.0,-75.0
1777889914.3623323,3.0,-5.0,-69.0
1777889914.3723323,2.0,-4.0,-65.0
1777889914.3823323,2.0,-4.0,-66.0
1777889914.3923323,3.0,-4.0,-66.0
1777889914.4023323,3.0,-6.0,-63.0
1777889914.4123323,3.0,-9.0,-61.0
1777889914.4223323,-1.0,-3.0,-62.0
1777889914.4323325,-6.0,-3.0,-69.0
1777889914.4423325,0.0,1.0,-76.0
1777889914.4523325,-1.0,3.0,-78.0
1777889914.4623325,-2.0,2.0,-79.0
1777889914.4723325,-1.0,0.0,-78.0
1777889914.4823325,0.0,0.0,-74.0
1777889914.4923325,0.0,2.0,-60.0
1777889914.5023324,4.0,0.0,-54.0
1777889914.5123324,6.0,0.0,-54.0
1777889914.5223324,4.0,3.0,-62.0
1777889914.5323324,0.0,0.0,-71.0
1777889914.5423324,-2.0,-3.0,-78.0
1777889914.5523324,0.0,0.0,-77.0
1777889914.5623324,2.0,1.0,-83.0
1777889914.5723324,2.0,1.0,-82.0
1777889914.5823324,-1.0,0.0,-80.0
1777889914.5923324,1.0,-2.0,-80.0
1777889914.6023324,2.0,-3.0,-80.0
1777889914.6123323,-1.0,-8.0,-79.0
1777889914.6223323,2.0,-6.0,-82.0
1777889914.6323323,0.0,-4.0,-82.0
1777889914.6423323,0.0,-1.0,-76.0
1777889914.6523323,0.0,-5.0,-75.0
1777889914.6623323,6.0,-4.0,-69.0
1777889914.6723323,6.0,-4.0,-76.0
1777889914.6823325,4.0,-2.0,-68.0
1777889914.6923325,0.0,-2.0,-67.0
1777889914.7023325,0.0,1.0,-70.0
1777889914.7123325,-1.0,3.0,-75.0
1777889914.7223325,-3.0,3.0,-76.0
1777889914.7323325,-8.0,-2.0,-73.0
1777889914.7423325,-1.0,-4.0,-68.0
1777889914.7523324,4.0,-3.0,-65.0
1777889914.7623324,9.0,-1.0,-72.0
1777889914.7723324,13.0,-1.0,-70.0
1777889914.7823324,14.0,-3.0,-69.0
1777889914.7923324,14.0,-1.0,-66.0
1777889914.8023324,10.0,-1.0,-68.0
1777889914.8123324,4.0,2.0,-69.0
1777889914.8223324,4.0,0.0,-72.0
1777889914.8323324,1.0,-4.0,-77.0
1777889914.8423324,3.0,-10.0,-76.0
1777889914.8523324,-2.0,-6.0,-79.0
1777889914.8623323,1.0,-5.0,-77.0
1777889914.8723323,0.0,-4.0,-78.0
1777889914.8823323,-1.0,-1.0,-83.0
1777889914.8923323,-4.0,0.0,-81.0
1777889914.9023323,0.0,0.0,-87.0
1777889914.9123323,4.0,-1.0,-85.0
1777889914.9223323,6.0,-2.0,-87.0
1777889914.9323325,5.0,-3.0,-81.0
1777889914.9423325,0.0,-4.0,-82.0
1777889914.9523325,-3.0,-2.0,-77.0
1777889914.9633324,0.0,-3.0,-72.0
1777889914.9723325,0.0,3.0,-74.0
1777889914.9823325,0.0,5.0,-77.0
1777889914.9933324,0.0,4.0,-76.0
1777889915.0033324,-2.0,3.0,-74.0
1777889915.0133324,-2.0,8.0,-77.0
1777889915.0233324,-3.0,8.0,-78.0
1777889915.0333323,-1.0,2.0,-78.0
1777889915.0433323,-5.0,0.0,-78.0
1777889915.0533323,-2.0,2.0,-77.0
1777889915.0633323,0.0,0.0,-80.0
1777889915.0733323,1.0,-2.0,-81.0
1777889915.0833323,0.0,2.0,-82.0
1777889915.0933323,0.0,2.0,-86.0
1777889915.1033323,5.0,2.0,-89.0
1777889915.1133325,12.0,5.0,-79.0
1777889915.1233325,12.0,4.0,-75.0
1777889915.1333325,12.0,3.0,-79.0
1777889915.1433325,9.0,7.0,-90.0
1777889915.1533325,4.0,5.0,-88.0
1777889915.1633325,6.0,4.0,-89.0
1777889915.1733325,4.0,2.0,-84.0
1777889915.1833324,4.0,0.0,-78.0
1777889915.1933324,2.0,-1.0,-71.0
1777889915.2033324,3.0,-6.0,-76.0
1777889915.2133324,0.0,0.0,-75.0
1777889915.2233324,-2.0,0.0,-77.0
1777889915.2333324,-5.0,0.0,-72.0
1777889915.2433324,-6.0,-1.0,-71.0
1777889915.2533324,-10.0,-6.0,-66.0
1777889915.2633324,-10.0,-5.0,-65.0
1777889915.2733324,-5.0,-4.0,-67.0
1777889915.2833323,-5.0,-3.0,-69.0
1777889915.2933323,-4.0,0.0,-67.0
1777889915.3033323,0.0,3.0,-66.0
1777889915.3133323,0.0,1.0,-72.0
1777889915.3233323,1.0,1.0,-68.0
1777889915.3333323,2.0,1.0,-67.0
1777889915.3433323,0.0,2.0,-66.0
1777889915.3533323,5.0,1.0,-71.0
1777889915.3633325,2.0,1.0,-71.0
1777889915.3733325,0.0,0.0,-62.0
1777889915.3833325,0.0,-1.0,-64.0
1777889915.3933325,0.0,-4.0,-62.0
1777889915.4033325,1.0,-2.0,-65.0
1777889915.4133325,-1.0,-1.0,-72.0
1777889915.4233325,0.0,0.0,-80.0
1777889915.4333324,4.0,2.0,-85.0
1777889915.4433324,8.0,7.0,-72.0
1777889915.4533324,4.0,8.0,-70.0
1777889915.4633324,0.0,1.0,-68.0
1777889915.4733324,-5.0,0.0,-69.0
1777889915.4833324,-4.0,-3.0,-70.0
1777889915.4933324,-5.0,0.0,-69.0
1777889915.5033324,-6.0,1.0,-68.0
1777889915.5133324,-5.0,0.0,-74.0
1777889915.5233324,-1.0,0.0,-71.0
1777889915.5333323,-1.0,4.0,-69.0
1777889915.5433323,0.0,6.0,-65.0
1777889915.5533323,1.0,6.0,-62.0
1777889915.5633323,5.0,2.0,-73.0
1777889915.5733323,4.0,0.0,-72.0
1777889915.5833323,2.0,2.0,-70.0
1777889915.5933323,6.0,1.0,-71.0
1777889915.6033323,4.0,0.0,-77.0
1777889915.6133325,7.0,-3.0,-82.0
1777889915.6233325,3.0,-1.0,-75.0
1777889915.6333325,0.0,-1.0,-78.0
1777889915.6433325,0.0,0.0,-80.0
1777889915.6533325,-1.0,-2.0,-75.0
1777889915.6633325,-1.0,-4.0,-75.0
1777889915.6733325,-2.0,-5.0,-80.0
1777889915.6833324,0.0,-5.0,-87.0
1777889915.6933324,1.0,-1.0,-85.0
1777889915.7033324,0.0,5.0,-83.0
1777889915.7133324,-1.0,3.0,-82.0
1777889915.7233324,0.0,3.0,-80.0
1777889915.7333324,0.0,0.0,-79.0
1777889915.7433324,2.0,-5.0,-80.0
1777889915.7533324,5.0,-2.0,-78.0
1777889915.7633324,7.0,-5.0,-82.0
1777889915.7733324,7.0,-8.0,-82.0
1777889915.7833323,5.0,-7.0,-74.0
1777889915.7933323,9.0,-4.0,-75.0
1777889915.8033323,8.0,-6.0,-73.0
1777889915.8133323,10.0,-5.0,-74.0
1777889915.8233323,6.0,-2.0,-77.0
1777889915.8333323,3.0,-2.0,-68.0
1777889915.8433323,5.0,-2.0,-69.0
1777889915.8533323,3.0,-3.0,-78.0
1777889915.8633325,5.0,0.0,-83.0
1777889915.8733325,5.0,0.0,-91.0
1777889915.8833325,3.0,-1.0,-84.0
1777889915.8933325,3.0,-3.0,-78.0
1777889915.9033325,1.0,-6.0,-74.0
1777889915.9133325,0.0,-9.0,-83.0
1777889915.9243324,-2.0,-10.0,-79.0
1777889915.9333324,-3.0,-9.0,-71.0
1777889915.9433324,0.0,-7.0,-72.0
1777889915.9533324,4.0,-5.0,-68.0
1777889915.9633324,5.0,-3.0,-70.0
1777889915.9733324,4.0,-1.0,-81.0
1777889915.9833324,3.0,0.0,-85.0
1777889915.9933324,4.0,2.0,-87.0
1777889916.0033324,3.0,4.0,-79.0
1777889916.0133324,1.0,4.0,-75.0
1777889916.0233324,0.0,2.0,-73.0
1777889916.0333323,2.0,1.0,-73.0
1777889916.0433323,9.0,-3.0,-72.0
1777889916.0533323,6.0,-4.0,-79.0
1777889916.0633323,0.0,-5.0,-89.0
1777889916.0733323,-2.0,-6.0,-90.0
1777889916.0833323,-3.0,-7.0,-88.0
1777889916.0933323,-5.0,-2.0,-83.0
1777889916.1033323,-4.0,-4.0,-77.0
1777889916.1133325,-5.0,-2.0,-72.0
1777889916.1233325,-4.0,-4.0,-68.0
1777889916.1333325,-3.0,-4.0,-75.0
1777889916.1433325,3.0,-4.0,-72.0
1777889916.1533325,3.0,-3.0,-73.0
1777889916.1633325,0.0,-3.0,-76.0
1777889916.1733325,0.0,-4.0,-78.0
1777889916.1833324,4.0,-3.0,-74.0
1777889916.1933324,4.0,-5.0,-75.0
1777889916.2033324,3.0,-6.0,-75.0
1777889916.2133324,3.0,-7.0,-82.0
1777889916.2233324,2.0,-7.0,-78.0
1777889916.2333324,3.0,-6.0,-77.0
1777889916.2433324,2.0,-6.0,-74.0
1777889916.2533324,0.0,-6.0,-79.0
1777889916.2633324,-2.0,-4.0,-78.0
1777889916.2733324,-1.0,-2.0,-78.0
1777889916.2833323,0.0,-5.0,-78.0
1777889916.2933323,0.0,-9.0,-83.0
1777889916.3033323,4.0,-4.0,-89.0
1777889916.3133323,2.0,-2.0,-91.0
1777889916.3233323,0.0,-3.0,-90.0
1777889916.3333323,1.0,-6.0,-83.0
1777889916.3433323,3.0,-5.0,-79.0
1777889916.3533323,1.0,-4.0,-68.0
1777889916.3633325,-2.0,-1.0,-68.0
1777889916.3733325,-4.0,-3.0,-64.0
1777889916.3833325,-6.0,-4.0,-69.0
1777889916.3933325,-3.0,-4.0,-72.0
1777889916.4033325,-2.0,-4.0,-79.0
1777889916.4133325,-2.0,-5.0,-80.0
1777889916.4233325,-4.0,-7.0,-75.0
1777889916.4333324,-4.0,-8.0,-75.0
1777889916.4433324,1.0,-7.0,-81.0
1777889916.4533324,0.0,-7.0,-71.0
1777889916.4633324,1.0,-6.0,-72.0
1777889916.4733324,5.0,-4.0,-72.0
1777889916.4833324,5.0,0.0,-74.0
1777889916.4933324,7.0,2.0,-74.0
1777889916.5033324,8.0,5.0,-69.0
1777889916.5133324,7.0,3.0,-66.0
1777889916.5233324,4.0,-2.0,-66.0
1777889916.5333323,5.0,-5.0,-64.0
1777889916.5433323,6.0,-2.0,-54.0
1777889916.5533323,5.0,-4.0,-53.0
1777889916.5633323,-1.0,-1.0,-55.0
1777889916.5733323,-3.0,-3.0,-58.0
1777889916.5833323,-1.0,1.0,-60.0
1777889916.5933323,0.0,5.0,-60.0
1777889916.6033323,-3.0,-2.0,-60.0
1777889916.6133325,1.0,-2.0,-64.0
1777889916.6233325,1.0,-1.0,-69.0
1777889916.6333325,-4.0,0.0,-67.0
1777889916.6433325,-2.0,-3.0,-61.0
1777889916.6533325,0.0,-6.0,-59.0
1777889916.6633325,1.0,-3.0,-65.0
1777889916.6733325,-4.0,-7.0,-66.0
1777889916.6833324,-1.0,-7.0,-70.0
1777889916.6933324,-4.0,-8.0,-74.0
1777889916.7033324,-4.0,-10.0,-79.0
1777889916.7133324,-3.0,-8.0,-77.0
1777889916.7233324,1.0,-6.0,-79.0
1777889916.7333324,2.0,-5.0,-83.0
1777889916.7433324,0.0,-4.0,-81.0
1777889916.7533324,0.0,-4.0,-78.0
1777889916.7633324,2.0,-5.0,-76.0
1777889916.7733324,6.0,-3.0,-73.0
1777889916.7833323,4.0,0.0,-67.0
1777889916.7933323,1.0,3.0,-69.0
1777889916.8033323,2.0,0.0,-72.0
1777889916.8133323,6.0,0.0,-71.0
1777889916.8233323,1.0,0.0,-70.0
1777889916.8333323,0.0,-1.0,-73.0
1777889916.8433323,-1.0,0.0,-77.0
1777889916.8533323,3.0,0.0,-80.0
1777889916.8633325,4.0,4.0,-77.0
1777889916.8733325,3.0,7.0,-78.0
1777889916.8833325,3.0,5.0,-80.0
1777889916.8933325,4.0,6.0,-78.0
1777889916.9033325,2.0,5.0,-81.0
1777889916.9133325,2.0,3.0,-76.0
1777889916.9233325,6.0,0.0,-70.0
1777889916.9333324,3.0,-3.0,-74.0
1777889916.9443324,5.0,-2.0,-83.0
1777889916.9533324,4.0,-4.0,-77.0
1777889916.9643323,3.0,-3.0,-72.0
1777889916.9733324,0.0,-4.0,-73.0
1777889916.9843323,2.0,-4.0,-81.0
1777889916.9943323,6.0,-2.0,-80.0
1777889917.0043323,2.0,0.0,-73.0
1777889917.0143323,-1.0,5.0,-71.0
1777889917.0243323,-2.0,2.0,-67.0
1777889917.0343325,-3.0,2.0,-68.0
1777889917.0443325,-1.0,4.0,-70.0
1777889917.0543325,0.0,5.0,-70.0
1777889917.0643325,-1.0,6.0,-75.0
1777889917.0743325,-4.0,6.0,-74.0
1777889917.0843325,-3.0,3.0,-73.0
1777889917.0943325,0.0,0.0,-66.0
1777889917.1043324,-2.0,-2.0,-67.0
1777889917.1143324,-4.0,-1.0,-70.0
1777889917.1243324,-2.0,-1.0,-69.0
1777889917.1343324,0.0,0.0,-69.0
1777889917.1443324,-2.0,-4.0,-70.0
1777889917.1543324,1.0,-1.0,-71.0
1777889917.1643324,1.0,-3.0,-75.0
1777889917.1743324,2.0,0.0,-73.0
1777889917.1843324,3.0,-2.0,-74.0
1777889917.1943324,7.0,-2.0,-74.0
1777889917.2043324,3.0,-2.0,-72.0
1777889917.2143323,4.0,-1.0,-75.0
1777889917.2243323,8.0,-1.0,-76.0
1777889917.2343323,7.0,-1.0,-78.0
1777889917.2443323,0.0,-1.0,-83.0
1777889917.2543323,0.0,3.0,-84.0
1777889917.2643323,-4.0,1.0,-85.0
1777889917.2743323,-1.0,0.0,-84.0
1777889917.2843325,2.0,-1.0,-80.0
1777889917.2943325,0.0,-2.0,-82.0
1777889917.3043325,-2.0,-2.0,-75.0
1777889917.3143325,0.0,0.0,-72.0
1777889917.3243325,1.0,-1.0,-77.0
1777889917.3343325,4.0,0.0,-76.0
1777889917.3443325,0.0,1.0,-75.0
1777889917.3543324,2.0,3.0,-77.0
1777889917.3643324,1.0,3.0,-74.0
1777889917.3743324,3.0,5.0,-72.0
1777889917.3843324,5.0,4.0,-77.0
1777889917.3943324,2.0,2.0,-70.0
1777889917.4043324,2.0,0.0,-71.0
1777889917.4143324,4.0,2.0,-67.0
1777889917.4243324,3.0,0.0,-67.0
1777889917.4343324,1.0,-1.0,-71.0
1777889917.4443324,4.0,0.0,-74.0
1777889917.4543324,7.0,3.0,-74.0
1777889917.4643323,9.0,5.0,-77.0
1777889917.4743323,9.0,4.0,-77.0
1777889917.4843323,2.0,2.0,-80.0
1777889917.4943323,5.0,2.0,-79.0
1777889917.5043323,5.0,4.0,-82.0
1777889917.5143323,3.0,2.0,-78.0
1777889917.5243323,4.0,0.0,-73.0
1777889917.5343325,8.0,0.0,-70.0
1777889917.5443325,3.0,2.0,-71.0
1777889917.5543325,7.0,1.0,-79.0
1777889917.5643325,5.0,-1.0,-78.0
1777889917.5743325,3.0,3.0,-69.0
1777889917.5843325,0.0,4.0,-65.0
1777889917.5943325,-3.0,5.0,-73.0
1777889917.6043324,-7.0,5.0,-76.0
1777889917.6143324,-2.0,4.0,-73.0
1777889917.6243324,-4.0,1.0,-72.0
1777889917.6343324,0.0,2.0,-72.0
1777889917.6443324,0.0,1.0,-76.0
1777889917.6543324,-1.0,4.0,-81.0
1777889917.6643324,-3.0,4.0,-78.0
1777889917.6743324,-4.0,3.0,-74.0
1777889917.6843324,-4.0,4.0,-74.0
1777889917.6943324,-4.0,5.0,-75.0
1777889917.7043324,3.0,5.0,-69.0
1777889917.7143323,5.0,8.0,-68.0
1777889917.7243323,4.0,7.0,-71.0
1777889917.7343323,0.0,9.0,-78.0
1777889917.7443323,-1.0,12.0,-77.0
1777889917.7543323,0.0,8.0,-84.0
1777889917.7643323,-2.0,3.0,-82.0
1777889917.7743323,-4.0,1.0,-80.0
1777889917.7843325,-5.0,4.0,-79.0
1777889917.7943325,-4.0,2.0,-78.0
1777889917.8043325,-3.0,1.0,-76.0
1777889917.8143325,-1.0,-2.0,-77.0
1777889917.8243325,-2.0,-2.0,-77.0
1777889917.8343325,-6.0,-1.0,-77.0
1777889917.8443325,1.0,-1.0,-83.0
1777889917.8543324,-4.0,-3.0,-82.0
1777889917.8643324,-5.0,-2.0,-82.0
1777889917.8743324,-6.0,-4.0,-73.0
1777889917.8843324,-3.0,1.0,-72.0
1777889917.8943324,-4.0,0.0,-71.0
1777889917.9043324,-6.0,0.0,-75.0
1777889917.9143324,-2.0,-2.0,-82.0
1777889917.9243324,0.0,3.0,-74.0
1777889917.9343324,2.0,3.0,-71.0
1777889917.9443324,0.0,-1.0,-72.0
1777889917.9543324,0.0,0.0,-70.0
1777889917.9643323,0.0,1.0,-67.0
1777889917.9743323,2.0,0.0,-63.0
1777889917.9843323,1.0,0.0,-61.0
1777889917.9943323,0.0,-1.0,-69.0
1777889918.0043323,0.0,0.0,-67.0
1777889918.0143323,0.0,-2.0,-69.0
1777889918.0243323,1.0,0.0,-73.0
1777889918.0343325,-1.0,3.0,-74.0
1777889918.0443325,0.0,3.0,-77.0
1777889918.0543325,0.0,3.0,-81.0
1777889918.0643325,-1.0,1.0,-83.0
1777889918.0743325,0.0,1.0,-88.0
1777889918.0843325,-2.0,4.0,-79.0
1777889918.0943325,0.0,1.0,-76.0
1777889918.1043324,4.0,1.0,-78.0
1777889918.1143324,1.0,-1.0,-80.0
1777889918.1243324,2.0,-4.0,-82.0
1777889918.1343324,-1.0,-2.0,-83.0
1777889918.1443324,-1.0,-1.0,-78.0
1777889918.1543324,5.0,-3.0,-77.0
1777889918.1643324,9.0,-6.0,-67.0
1777889918.1743324,11.0,-6.0,-76.0
1777889918.1843324,8.0,-7.0,-74.0
1777889918.1943324,5.0,-6.0,-69.0
1777889918.2043324,3.0,-2.0,-69.0
1777889918.2143323,0.0,-2.0,-78.0
1777889918.2243323,3.0,0.0,-80.0
1777889918.2343323,3.0,5.0,-89.0
1777889918.2443323,4.0,3.0,-90.0
1777889918.2543323,1.0,3.0,-84.0
1777889918.2643323,2.0,1.0,-87.0
1777889918.2743323,2.0,2.0,-93.0
1777889918.2843325,-2.0,-1.0,-89.0
1777889918.2943325,-8.0,-3.0,-80.0
1777889918.3043325,-9.0,0.0,-77.0
1777889918.3143325,-6.0,-2.0,-87.0
1777889918.3243325,-3.0,-1.0,-82.0
1777889918.3343325,-5.0,-5.0,-75.0
1777889918.3443325,-4.0,-4.0,-75.0
1777889918.3543324,-7.0,-6.0,-78.0
1777889918.3643324,-3.0,-7.0,-80.0
1777889918.3743324,-3.0,-2.0,-84.0
1777889918.3843324,-1.0,-2.0,-84.0
1777889918.3943324,2.0,-3.0,-75.0
1777889918.4043324,3.0,0.0,-70.0
1777889918.4143324,8.0,-1.0,-71.0
1777889918.4243324,7.0,-3.0,-74.0
1777889918.4343324,10.0,-1.0,-79.0
1777889918.4443324,8.0,-4.0,-73.0
1777889918.4543324,7.0,-2.0,-72.0
1777889918.4643323,8.0,0.0,-80.0
1777889918.4743323,5.0,2.0,-80.0
1777889918.4843323,4.0,6.0,-73.0
1777889918.4943323,3.0,5.0,-68.0
1777889918.5043323,0.0,6.0,-70.0
1777889918.5143323,0.0,1.0,-71.0
1777889918.5243323,1.0,2.0,-76.0
1777889918.5343325,1.0,5.0,-74.0
1777889918.5443325,-3.0,4.0,-71.0
1777889918.5543325,-5.0,3.0,-64.0
1777889918.5643325,-3.0,3.0,-68.0
1777889918.5743325,-1.0,3.0,-71.0
1777889918.5843325,-3.0,3.0,-74.0
1777889918.5943325,3.0,5.0,-70.0
1777889918.6043324,3.0,1.0,-69.0
1777889918.6143324,2.0,3.0,-69.0
1777889918.6243324,3.0,2.0,-69.0
1777889918.6343324,5.0,1.0,-71.0
1777889918.6443324,0.0,0.0,-71.0
1777889918.6543324,0.0,-1.0,-74.0
1777889918.6643324,4.0,0.0,-74.0
1777889918.6743324,0.0,0.0,-75.0
1777889918.6843324,-1.0,-1.0,-78.0
1777889918.6943324,-4.0,0.0,-77.0
1777889918.7043324,-6.0,1.0,-75.0
1777889918.7143323,-1.0,3.0,-68.0
1777889918.7243323,0.0,3.0,-63.0
1777889918.7343323,1.0,5.0,-67.0
1777889918.7443323,2.0,2.0,-70.0
1777889918.7543323,0.0,4.0,-67.0
1777889918.7643323,3.0,3.0,-69.0
1777889918.7743323,7.0,0.0,-72.0
1777889918.7843325,4.0,0.0,-69.0
1777889918.7943325,5.0,-1.0,-63.0
1777889918.8043325,6.0,-2.0,-72.0
1777889918.8143325,5.0,-3.0,-79.0
1777889918.8243325,0.0,-6.0,-78.0
1777889918.8343325,3.0,-5.0,-79.0
1777889918.8443325,4.0,-6.0,-72.0
1777889918.8543324,2.0,-8.0,-75.0
1777889918.8643324,2.0,-3.0,-77.0
1777889918.8743324,3.0,-5.0,-78.0
1777889918.8843324,3.0,-5.0,-80.0
1777889918.8943324,8.0,-2.0,-82.0
1777889918.9043324,4.0,-5.0,-84.0
1777889918.9143324,3.0,-6.0,-82.0
1777889918.9243324,-1.0,-7.0,-81.0
1777889918.9343324,-4.0,-7.0,-76.0
1777889918.9453323,-4.0,-6.0,-76.0
1777889918.9553325,-5.0,-4.0,-73.0
1777889918.9653325,-4.0,-4.0,-82.0
1777889918.9753325,-1.0,-1.0,-78.0
1777889918.9853325,-2.0,-2.0,-81.0
1777889918.9953325,0.0,0.0,-74.0
1777889919.0053325,-4.0,0.0,-80.0
1777889919.0153325,-2.0,3.0,-76.0
1777889919.0253325,0.0,1.0,-80.0
1777889919.0353324,5.0,4.0,-79.0
1777889919.0453324,4.0,3.0,-82.0
1777889919.0553324,7.0,3.0,-85.0
1777889919.0653324,7.0,3.0,-81.0
1777889919.0753324,9.0,6.0,-87.0
1777889919.0853324,11.0,3.0,-86.0
1777889919.0963323,9.0,0.0,-84.0
1777889919.1053324,6.0,-2.0,-84.0
1777889919.1153324,5.0,-2.0,-81.0
1777889919.1253324,5.0,-3.0,-80.0
1777889919.1353323,7.0,-1.0,-79.0
1777889919.1453323,9.0,2.0,-77.0
1777889919.1553323,9.0,5.0,-84.0
1777889919.1653323,8.0,2.0,-84.0
1777889919.1753323,8.0,-4.0,-79.0
1777889919.1853323,8.0,-7.0,-72.0
1777889919.1953323,4.0,-7.0,-75.0
1777889919.2053325,2.0,-4.0,-73.0
1777889919.2153325,3.0,-2.0,-76.0
1777889919.2253325,8.0,0.0,-73.0
1777889919.2353325,11.0,2.0,-71.0
1777889919.2453325,12.0,0.0,-75.0
1777889919.2553325,9.0,-4.0,-73.0
1777889919.2653325,9.0,-3.0,-69.0
1777889919.2753325,6.0,0.0,-76.0
1777889919.2853324,5.0,2.0,-81.0
1777889919.2953324,0.0,0.0,-84.0
1777889919.3053324,3.0,4.0,-84.0
1777889919.3153324,5.0,4.0,-86.0
1777889919.3253324,4.0,3.0,-75.0
1777889919.3353324,8.0,1.0,-72.0
1777889919.3453324,7.0,3.0,-72.0
1777889919.3553324,6.0,2.0,-69.0
1777889919.3653324,5.0,2.0,-71.0
1777889919.3753324,0.0,1.0,-69.0
1777889919.3853323,3.0,1.0,-70.0
1777889919.3953323,6.0,1.0,-76.0
1777889919.4053323,11.0,0.0,-77.0
1777889919.4153323,13.0,3.0,-74.0
1777889919.4253323,12.0,3.0,-80.0
1777889919.4353323,9.0,1.0,-83.0
1777889919.4453323,6.0,-1.0,-82.0
1777889919.4553325,9.0,-4.0,-84.0
1777889919.4653325,6.0,-4.0,-79.0
1777889919.4753325,0.0,-5.0,-76.0
1777889919.4853325,-2.0,-5.0,-76.0
1777889919.4953325,2.0,-4.0,-78.0
1777889919.5053325,2.0,-2.0,-77.0
1777889919.5153325,2.0,-2.0,-78.0
1777889919.5253325,4.0,0.0,-84.0
1777889919.5353324,7.0,4.0,-84.0
1777889919.5453324,2.0,2.0,-83.0
1777889919.5553324,0.0,-1.0,-80.0
1777889919.5653324,0.0,-2.0,-79.0
1777889919.5753324,3.0,-4.0,-78.0
1777889919.5853324,4.0,-4.0,-74.0
1777889919.5953324,3.0,-6.0,-76.0
1777889919.6053324,4.0,-2.0,-74.0
1777889919.6153324,6.0,-2.0,-72.0
1777889919.6253324,4.0,-2.0,-71.0
1777889919.6353323,2.0,-2.0,-70.0
1777889919.6453323,0.0,0.0,-75.0
1777889919.6553323,7.0,-1.0,-78.0
1777889919.6653323,6.0,-3.0,-77.0
1777889919.6753323,8.0,-2.0,-76.0
1777889919.6853323,11.0,-1.0,-70.0
1777889919.6953323,11.0,-2.0,-68.0
1777889919.7053325,6.0,-3.0,-69.0
1777889919.7153325,2.0,-2.0,-75.0
1777889919.7253325,3.0,2.0,-72.0
1777889919.7353325,2.0,0.0,-71.0
1777889919.7453325,2.0,-2.0,-74.0
1777889919.7553325,3.0,-1.0,-75.0
1777889919.7653325,3.0,0.0,-73.0
1777889919.7753325,1.0,-1.0,-77.0
1777889919.7853324,-3.0,-2.0,-81.0
1777889919.7953324,-5.0,-4.0,-74.0
1777889919.8053324,-5.0,0.0,-74.0
1777889919.8153324,2.0,-1.0,-73.0
1777889919.8253324,1.0,0.0,-74.0
1777889919.8353324,-2.0,-3.0,-71.0
1777889919.8453324,-1.0,-2.0,-71.0
1777889919.8553324,-1.0,-3.0,-67.0
1777889919.8653324,2.0,2.0,-64.0
1777889919.8753324,1.0,0.0,-67.0
1777889919.8853323,0.0,-4.0,-68.0
1777889919.8953323,2.0,-3.0,-75.0
1777889919.9053323,1.0,-4.0,-78.0
1777889919.9153323,3.0,-2.0,-75.0
1777889919.9253323,-3.0,-2.0,-73.0
1777889919.9353323,-3.0,0.0,-75.0
1777889919.9453323,-2.0,-3.0,-83.0
1777889919.9553325,0.0,-2.0,-89.0
1777889919.9653325,-2.0,0.0,-85.0
1777889919.9753325,-3.0,0.0,-76.0
1777889919.9853325,2.0,0.0,-77.0
1777889919.9953325,3.0,0.0,-79.0
1777889920.0053325,2.0,0.0,-83.0
1777889920.0153325,4.0,-7.0,-75.0
1777889920.0253325,5.0,-9.0,-69.0
1777889920.0353324,0.0,-6.0,-77.0
1777889920.0453324,1.0,-5.0,-78.0
1777889920.0553324,1.0,-2.0,-80.0
1777889920.0653324,6.0,0.0,-73.0
1777889920.0753324,5.0,2.0,-72.0
1777889920.0853324,5.0,5.0,-67.0
1777889920.0953324,3.0,8.0,-69.0
1777889920.1053324,5.0,4.0,-68.0
1777889920.1163323,4.0,6.0,-66.0
1777889920.1253324,1.0,2.0,-69.0
1777889920.1353323,-1.0,2.0,-67.0
1777889920.1453323,-1.0,3.0,-67.0
1777889920.1553323,-3.0,3.0,-63.0
1777889920.1653323,-4.0,0.0,-71.0
1777889920.1753323,-3.0,-2.0,-73.0
1777889920.1853323,-3.0,-4.0,-74.0
1777889920.1953323,-6.0,-3.0,-70.0
1777889920.2053325,0.0,-1.0,-71.0
1777889920.2153325,-1.0,0.0,-72.0
1777889920.2253325,0.0,-2.0,-70.0
1777889920.2353325,-2.0,-6.0,-71.0
1777889920.2453325,-5.0,-4.0,-78.0
1777889920.2553325,-6.0,-5.0,-78.0
1777889920.2653325,0.0,-3.0,-72.0
1777889920.2753325,2.0,-3.0,-70.0
1777889920.2853324,-1.0,-5.0,-72.0
1777889920.2953324,-1.0,-7.0,-81.0
1777889920.3053324,-1.0,-7.0,-78.0
1777889920.3153324,2.0,-4.0,-84.0
1777889920.3253324,3.0,-2.0,-83.0
1777889920.3353324,5.0,0.0,-80.0
1777889920.3453324,2.0,0.0,-76.0
1777889920.3553324,-1.0,0.0,-75.0
1777889920.3653324,-2.0,3.0,-76.0
1777889920.3753324,4.0,2.0,-78.0
1777889920.3853323,2.0,2.0,-73.0
1777889920.3953323,0.0,0.0,-67.0
1777889920.4053323,-5.0,1.0,-66.0
1777889920.4153323,-6.0,0.0,-67.0
1777889920.4253323,-2.0,0.0,-75.0
1777889920.4353323,3.0,0.0,-77.0
1777889920.4453323,2.0,-4.0,-83.0
1777889920.4553325,1.0,-1.0,-82.0
1777889920.4653325,3.0,-4.0,-79.0
1777889920.4753325,2.0,-4.0,-79.0
1777889920.4853325,4.0,-5.0,-74.0
1777889920.4953325,3.0,-4.0,-72.0
1777889920.5053325,1.0,0.0,-77.0
1777889920.5153325,-1.0,-1.0,-77.0
1777889920.5253325,-3.0,-1.0,-75.0
1777889920.5353324,-4.0,0.0,-77.0
1777889920.5453324,-6.0,0.0,-78.0
1777889920.5553324,-6.0,-2.0,-73.0
1777889920.5653324,-1.0,-4.0,-75.0
1777889920.5753324,1.0,-7.0,-69.0
1777889920.5853324,4.0,-7.0,-74.0
1777889920.5953324,1.0,-2.0,-79.0
1777889920.6053324,-2.0,-3.0,-76.0
1777889920.6153324,2.0,-6.0,-76.0
1777889920.6253324,0.0,-6.0,-71.0
1777889920.6353323,2.0,-4.0,-63.0
1777889920.6453323,0.0,-1.0,-67.0
1777889920.6553323,0.0,0.0,-64.0
1777889920.6653323,-1.0,0.0,-63.0
1777889920.6753323,1.0,-4.0,-65.0
1777889920.6853323,2.0,-5.0,-62.0
1777889920.6953323,6.0,-5.0,-63.0
1777889920.7053325,0.0,-5.0,-67.0
1777889920.7153325,0.0,-4.0,-70.0
1777889920.7253325,1.0,-1.0,-68.0
1777889920.7353325,3.0,0.0,-62.0
1777889920.7453325,3.0,-5.0,-60.0
1777889920.7553325,4.0,-3.0,-65.0
1777889920.7653325,0.0,-2.0,-74.0
1777889920.7753325,0.0,-3.0,-74.0
1777889920.7853324,1.0,-2.0,-64.0
1777889920.7953324,0.0,-2.0,-66.0
1777889920.8053324,3.0,0.0,-72.0
1777889920.8153324,4.0,0.0,-74.0
1777889920.8253324,5.0,0.0,-76.0
1777889920.8353324,6.0,-1.0,-80.0
1777889920.8453324,0.0,3.0,-78.0
1777889920.8553324,-1.0,0.0,-82.0
1777889920.8653324,-6.0,-3.0,-81.0
1777889920.8753324,0.0,-4.0,-76.0
1777889920.8853323,2.0,0.0,-80.0
1777889920.8953323,5.0,4.0,-78.0
1777889920.9053323,2.0,5.0,-76.0
1777889920.9153323,0.0,3.0,-75.0
1777889920.9263325,0.0,4.0,-73.0
1777889920.9363325,-3.0,4.0,-72.0
1777889920.9463325,-3.0,5.0,-72.0
1777889920.9563324,-6.0,5.0,-66.0
1777889920.9663324,-1.0,6.0,-69.0
1777889920.9763324,2.0,2.0,-72.0
1777889920.9863324,3.0,2.0,-72.0
1777889920.9963324,5.0,0.0,-77.0
1777889921.0063324,6.0,-2.0,-82.0
1777889921.0163324,8.0,-2.0,-76.0
1777889921.0263324,6.0,0.0,-79.0
1777889921.0363324,1.0,-1.0,-81.0
1777889921.0463324,-4.0,-3.0,-76.0
1777889921.0563323,-4.0,-7.0,-72.0
1777889921.0663323,-1.0,-9.0,-73.0
1777889921.0763323,4.0,-9.0,-71.0
1777889921.0863323,6.0,-7.0,-75.0
1777889921.0963323,4.0,-7.0,-70.0
1777889921.1063323,2.0,-7.0,-70.0
1777889921.1163323,1.0,0.0,-65.0
1777889921.1263323,3.0,-1.0,-64.0
1777889921.1373324,1.0,-2.0,-71.0
1777889921.1463325,1.0,-4.0,-72.0
1777889921.1563325,2.0,-6.0,-73.0
1777889921.1663325,7.0,-4.0,-76.0
1777889921.1763325,8.0,-1.0,-85.0
1777889921.1863325,6.0,-3.0,-86.0
1777889921.1963325,3.0,0.0,-84.0
1777889921.2063324,6.0,-1.0,-84.0
1777889921.2163324,10.0,-2.0,-82.0
1777889921.2263324,9.0,-7.0,-84.0
1777889921.2363324,11.0,-6.0,-82.0
1777889921.2463324,8.0,-4.0,-85.0
1777889921.2563324,5.0,-3.0,-85.0
1777889921.2663324,7.0,-7.0,-83.0
1777889921.2763324,8.0,-6.0,-80.0
1777889921.2863324,10.0,-4.0,-81.0
1777889921.2963324,4.0,0.0,-83.0
1777889921.3063323,3.0,-2.0,-76.0
1777889921.3163323,1.0,-2.0,-79.0
1777889921.3263323,-1.0,-2.0,-73.0
1777889921.3363323,0.0,-4.0,-63.0
1777889921.3463323,2.0,-4.0,-62.0
1777889921.3563323,9.0,-4.0,-63.0
1777889921.3663323,6.0,0.0,-62.0
1777889921.3763323,1.0,-1.0,-72.0
1777889921.3863325,0.0,-1.0,-69.0
1777889921.3963325,-2.0,0.0,-63.0
1777889921.4063325,1.0,1.0,-61.0
1777889921.4163325,0.0,-1.0,-65.0
1777889921.4263325,-3.0,-1.0,-69.0
1777889921.4363325,-4.0,-1.0,-68.0
1777889921.4463325,-7.0,-1.0,-69.0
1777889921.4563324,-3.0,1.0,-76.0
1777889921.4663324,-3.0,2.0,-77.0
1777889921.4763324,-1.0,6.0,-70.0
1777889921.4863324,-4.0,8.0,-74.0
1777889921.4963324,0.0,3.0,-71.0
1777889921.5063324,1.0,0.0,-75.0
1777889921.5163324,-2.0,-2.0,-76.0
1777889921.5263324,-5.0,0.0,-75.0
1777889921.5363324,-8.0,1.0,-77.0
1777889921.5463324,-7.0,1.0,-81.0
1777889921.5563323,-3.0,-3.0,-75.0
1777889921.5663323,-2.0,-7.0,-72.0
1777889921.5763323,-1.0,-2.0,-76.0
1777889921.5863323,-1.0,-3.0,-71.0
1777889921.5963323,5.0,-1.0,-75.0
1777889921.6063323,5.0,-1.0,-74.0
1777889921.6163323,8.0,0.0,-69.0
1777889921.6263323,3.0,0.0,-75.0
1777889921.6363325,2.0,1.0,-78.0
1777889921.6463325,2.0,1.0,-76.0
1777889921.6563325,-2.0,-2.0,-77.0
1777889921.6663325,-5.0,0.0,-76.0
1777889921.6763325,-6.0,-2.0,-75.0
1777889921.6863325,-5.0,-1.0,-76.0
1777889921.6963325,-2.0,0.0,-81.0
1777889921.7063324,0.0,-3.0,-82.0
1777889921.7163324,-5.0,-1.0,-80.0
1777889921.7263324,-5.0,-5.0,-85.0
1777889921.7363324,-3.0,-4.0,-89.0
1777889921.7463324,-2.0,-3.0,-89.0
1777889921.7563324,0.0,0.0,-89.0
1777889921.7663324,2.0,-3.0,-88.0
1777889921.7763324,2.0,-3.0,-91.0
1777889921.7863324,0.0,-3.0,-90.0
1777889921.7963324,-2.0,-4.0,-91.0
1777889921.8063323,-3.0,-3.0,-82.0
1777889921.8163323,-5.0,-2.0,-72.0
1777889921.8263323,-2.0,-3.0,-69.0
1777889921.8363323,-1.0,-4.0,-64.0
1777889921.8463323,0.0,-7.0,-61.0
1777889921.8563323,5.0,-7.0,-74.0
1777889921.8663323,4.0,-8.0,-79.0
1777889921.8763323,0.0,-3.0,-80.0
1777889921.8863325,-7.0,-3.0,-84.0
1777889921.8963325,-6.0,-2.0,-84.0
1777889921.9063325,-7.0,-1.0,-85.0
1777889921.9163325,-10.0,0.0,-88.0
1777889921.9263325,-7.0,0.0,-84.0
1777889921.9363325,-4.0,4.0,-79.0
1777889921.9463325,-2.0,4.0,-80.0
1777889921.9563324,-1.0,2.0,-75.0
1777889921.9663324,0.0,1.0,-73.0
1777889921.9763324,5.0,3.0,-69.0
1777889921.9863324,8.0,0.0,-63.0
1777889921.9963324,8.0,0.0,-70.0
1777889922.0063324,3.0,3.0,-76.0
1777889922.0163324,3.0,0.0,-69.0
1777889922.0263324,4.0,1.0,-66.0
1777889922.0363324,2.0,1.0,-68.0
1777889922.0463324,0.0,0.0,-68.0
1777889922.0563323,1.0,0.0,-69.0
1777889922.0663323,4.0,2.0,-65.0
1777889922.0763323,2.0,2.0,-64.0
1777889922.0863323,5.0,2.0,-66.0
1777889922.0963323,4.0,0.0,-72.0
1777889922.1063323,2.0,0.0,-75.0
1777889922.1163323,2.0,-1.0,-69.0
1777889922.1263323,5.0,-4.0,-66.0
1777889922.1363325,0.0,2.0,-66.0
1777889922.1463325,-2.0,3.0,-68.0
1777889922.1563325,-4.0,0.0,-72.0
1777889922.1663325,0.0,1.0,-71.0
1777889922.1763325,1.0,0.0,-70.0
1777889922.1863325,0.0,0.0,-72.0
1777889922.1963325,8.0,-1.0,-71.0
1777889922.2063324,6.0,-2.0,-72.0
1777889922.2163324,-1.0,-2.0,-77.0
1777889922.2263324,-5.0,-1.0,-72.0
1777889922.2363324,-6.0,0.0,-74.0
1777889922.2463324,-8.0,1.0,-66.0
1777889922.2563324,-3.0,-2.0,-64.0
1777889922.2663324,1.0,-1.0,-66.0
1777889922.2763324,1.0,-7.0,-70.0
1777889922.2863324,10.0,-10.0,-75.0
1777889922.2963324,12.0,-8.0,-71.0
1777889922.3063323,10.0,-8.0,-72.0
1777889922.3163323,7.0,-6.0,-71.0
1777889922.3263323,2.0,-6.0,-72.0
1777889922.3363323,0.0,-3.0,-77.0
1777889922.3463323,6.0,0.0,-68.0
1777889922.3563323,4.0,-1.0,-64.0
1777889922.3663323,4.0,0.0,-71.0
1777889922.3763323,4.0,-3.0,-72.0
1777889922.3863325,10.0,-3.0,-74.0
1777889922.3963325,6.0,-5.0,-75.0
1777889922.4063325,6.0,0.0,-72.0
1777889922.4163325,3.0,4.0,-71.0
1777889922.4263325,2.0,1.0,-70.0
1777889922.4363325,0.0,0.0,-66.0
1777889922.4463325,1.0,-7.0,-61.0
1777889922.4563324,3.0,-3.0,-65.0
1777889922.4663324,4.0,-2.0,-70.0
1777889922.4763324,1.0,-4.0,-70.0
1777889922.4863324,1.0,-1.0,-70.0
1777889922.4963324,1.0,-2.0,-67.0
1777889922.5063324,0.0,-3.0,-63.0
1777889922.5163324,-2.0,-5.0,-61.0
1777889922.5263324,-1.0,-6.0,-60.0
1777889922.5363324,1.0,-3.0,-58.0
1777889922.5463324,-2.0,-2.0,-63.0
1777889922.5563323,0.0,-8.0,-73.0
1777889922.5663323,0.0,-9.0,-71.0
1777889922.5763323,2.0,-4.0,-77.0
1777889922.5863323,5.0,-2.0,-67.0
1777889922.5963323,0.0,0.0,-69.0
1777889922.6063323,-1.0,2.0,-74.0
1777889922.6163323,0.0,-1.0,-78.0
1777889922.6263323,1.0,1.0,-75.0
1777889922.6363325,7.0,0.0,-73.0
1777889922.6463325,8.0,-2.0,-74.0
1777889922.6563325,8.0,-1.0,-77.0
1777889922.6663325,9.0,-2.0,-70.0
1777889922.6763325,11.0,0.0,-65.0
1777889922.6863325,8.0,1.0,-67.0
1777889922.6963325,10.0,2.0,-67.0
1777889922.7063324,8.0,3.0,-65.0
1777889922.7163324,8.0,0.0,-68.0
1777889922.7263324,9.0,0.0,-66.0
1777889922.7363324,14.0,-2.0,-68.0
1777889922.7463324,14.0,-1.0,-72.0
1777889922.7563324,7.0,-2.0,-67.0
1777889922.7663324,4.0,-3.0,-71.0
1777889922.7763324,4.0,-2.0,-73.0
1777889922.7863324,6.0,-4.0,-72.0
1777889922.7963324,8.0,-6.0,-68.0
1777889922.8063323,10.0,-5.0,-68.0
1777889922.8163323,12.0,-4.0,-64.0
1777889922.8263323,12.0,-4.0,-70.0
1777889922.8363323,7.0,-5.0,-75.0
1777889922.8463323,8.0,-6.0,-74.0
1777889922.8563323,9.0,-4.0,-72.0
1777889922.8663323,3.0,-4.0,-73.0
1777889922.8763323,0.0,-1.0,-72.0
1777889922.8863325,-1.0,1.0,-74.0
1777889922.8973324,-3.0,0.0,-72.0
1777889922.9073324,-4.0,0.0,-77.0
1777889922.9163325,2.0,-2.0,-74.0
1777889922.9273324,5.0,0.0,-70.0
1777889922.9373324,5.0,-3.0,-75.0
1777889922.9473324,5.0,-1.0,-80.0
1777889922.9573324,5.0,0.0,-78.0
1777889922.9673324,5.0,0.0,-78.0
1777889922.9773324,2.0,-2.0,-75.0
1777889922.9873323,0.0,0.0,-77.0
1777889922.9973323,4.0,-2.0,-77.0
1777889923.0073323,3.0,0.0,-73.0
1777889923.0173323,1.0,-3.0,-73.0
1777889923.0273323,2.0,-4.0,-71.0
1777889923.0373323,0.0,-1.0,-76.0
1777889923.0473323,8.0,-3.0,-76.0
1777889923.0573325,3.0,-1.0,-77.0
1777889923.0673325,4.0,-2.0,-71.0
1777889923.0773325,6.0,-3.0,-71.0
1777889923.0873325,3.0,0.0,-68.0
1777889923.0973325,1.0,-2.0,-70.0
1777889923.1073325,0.0,-3.0,-77.0
1777889923.1173325,0.0,0.0,-79.0
1777889923.1273324,-1.0,0.0,-78.0
1777889923.1373324,0.0,0.0,-75.0
1777889923.1473324,0.0,0.0,-76.0
1777889923.1573324,1.0,0.0,-68.0
1777889923.1673324,0.0,-2.0,-73.0
1777889923.1773324,0.0,-2.0,-71.0
1777889923.1873324,-1.0,-1.0,-68.0
1777889923.1973324,-1.0,-2.0,-70.0
1777889923.2073324,0.0,0.0,-68.0
1777889923.2173324,1.0,2.0,-75.0
1777889923.2273324,2.0,0.0,-77.0
1777889923.2373323,3.0,0.0,-80.0
1777889923.2473323,1.0,-3.0,-78.0
1777889923.2573323,0.0,-1.0,-80.0
1777889923.2673323,4.0,-3.0,-73.0
1777889923.2773323,2.0,-8.0,-70.0
1777889923.2873323,2.0,-3.0,-68.0
1777889923.2973323,-2.0,0.0,-64.0
1777889923.3073325,0.0,2.0,-68.0
1777889923.3173325,2.0,3.0,-72.0
1777889923.3273325,2.0,6.0,-76.0
1777889923.3373325,1.0,11.0,-70.0
1777889923.3473325,1.0,10.0,-73.0
1777889923.3573325,0.0,5.0,-66.0
1777889923.3673325,-2.0,3.0,-66.0
1777889923.3773324,-3.0,0.0,-69.0
1777889923.3873324,-3.0,-1.0,-72.0
1777889923.3973324,0.0,-1.0,-79.0
1777889923.4073324,-1.0,0.0,-83.0
1777889923.4173324,2.0,-5.0,-79.0
1777889923.4273324,-3.0,-5.0,-81.0
1777889923.4373324,-5.0,-3.0,-78.0
1777889923.4473324,-1.0,-5.0,-73.0
1777889923.4573324,0.0,-4.0,-65.0
1777889923.4673324,-2.0,-2.0,-65.0
1777889923.4773324,-1.0,-2.0,-70.0
1777889923.4873323,-1.0,-4.0,-76.0
1777889923.4973323,-3.0,-2.0,-78.0
1777889923.5073323,-7.0,-3.0,-73.0
1777889923.5173323,-8.0,-2.0,-72.0
1777889923.5273323,-9.0,-1.0,-75.0
1777889923.5373323,-4.0,-1.0,-71.0
1777889923.5473323,-4.0,0.0,-83.0
1777889923.5573325,-4.0,0.0,-84.0
1777889923.5673325,-3.0,0.0,-89.0
1777889923.5773325,0.0,2.0,-92.0
1777889923.5873325,2.0,-1.0,-93.0
1777889923.5973325,-3.0,-2.0,-85.0
1777889923.6073325,3.0,0.0,-79.0
1777889923.6173325,4.0,3.0,-76.0
1777889923.6273324,0.0,0.0,-77.0
1777889923.6373324,-2.0,-1.0,-79.0
1777889923.6473324,-3.0,-2.0,-80.0
1777889923.6573324,-2.0,-6.0,-89.0
1777889923.6673324,-3.0,-4.0,-89.0
1777889923.6773324,-3.0,-1.0,-84.0
1777889923.6873324,-2.0,3.0,-82.0
1777889923.6973324,-1.0,3.0,-75.0
1777889923.7073324,2.0,2.0,-77.0
1777889923.7173324,4.0,-2.0,-77.0
1777889923.7273324,3.0,-2.0,-74.0
1777889923.7373323,3.0,-4.0,-72.0
1777889923.7473323,1.0,-1.0,-67.0
1777889923.7573323,-4.0,0.0,-76.0
1777889923.7673323,0.0,0.0,-74.0
1777889923.7773323,1.0,3.0,-71.0
1777889923.7873323,6.0,3.0,-73.0
1777889923.7973323,9.0,2.0,-76.0
1777889923.8073325,7.0,4.0,-78.0
1777889923.8173325,4.0,3.0,-74.0
1777889923.8273325,-1.0,4.0,-74.0
1777889923.8373325,2.0,6.0,-68.0
1777889923.8473325,2.0,7.0,-75.0
1777889923.8573325,4.0,3.0,-75.0
1777889923.8673325,6.0,0.0,-79.0
1777889923.8773324,10.0,-1.0,-77.0
1777889923.8873324,8.0,0.0,-78.0
1777889923.8973324,3.0,0.0,-80.0
1777889923.9073324,3.0,1.0,-79.0
1777889923.9173324,1.0,0.0,-74.0
1777889923.9273324,0.0,-5.0,-81.0
1777889923.9373324,-1.0,-5.0,-79.0
1777889923.9473324,-1.0,-3.0,-83.0
1777889923.9573324,0.0,-4.0,-89.0
1777889923.9673324,2.0,-3.0,-87.0
1777889923.9773324,5.0,-1.0,-81.0
1777889923.9873323,2.0,-2.0,-81.0
1777889923.9973323,2.0,-2.0,-79.0
1777889924.0073323,1.0,-1.0,-80.0
1777889924.0173323,4.0,1.0,-81.0
1777889924.0273323,7.0,-2.0,-73.0
1777889924.0373323,4.0,-1.0,-69.0
1777889924.0473323,0.0,-1.0,-66.0
1777889924.0573325,-5.0,-1.0,-63.0
1777889924.0673325,-5.0,-3.0,-64.0
1777889924.0773325,0.0,-1.0,-70.0
1777889924.0873325,2.0,0.0,-77.0
1777889924.0973325,-1.0,-3.0,-79.0
1777889924.1073325,-1.0,0.0,-79.0
1777889924.1173325,1.0,1.0,-80.0
1777889924.1273324,3.0,-3.0,-76.0
1777889924.1373324,0.0,-1.0,-78.0
1777889924.1473324,-1.0,-1.0,-83.0
1777889924.1573324,-2.0,0.0,-86.0
1777889924.1673324,-3.0,-5.0,-79.0
1777889924.1773324,-1.0,-5.0,-82.0
1777889924.1873324,0.0,0.0,-77.0
1777889924.1973324,-1.0,-2.0,-75.0
1777889924.2073324,-5.0,-3.0,-75.0
1777889924.2173324,-5.0,-3.0,-75.0
1777889924.2273324,-2.0,-2.0,-74.0
1777889924.2373323,1.0,-3.0,-70.0
1777889924.2473323,0.0,-1.0,-73.0
1777889924.2573323,-3.0,0.0,-77.0
1777889924.2673323,-2.0,-3.0,-68.0
1777889924.2773323,2.0,-6.0,-70.0
1777889924.2873323,3.0,-7.0,-77.0
1777889924.2973323,7.0,-5.0,-69.0
1777889924.3073325,7.0,3.0,-60.0
1777889924.3173325,5.0,2.0,-60.0
1777889924.3273325,2.0,0.0,-66.0
1777889924.3373325,2.0,1.0,-68.0
1777889924.3473325,2.0,5.0,-70.0
1777889924.3573325,1.0,6.0,-70.0
1777889924.3673325,2.0,3.0,-71.0
1777889924.3773324,3.0,1.0,-64.0
1777889924.3873324,0.0,3.0,-58.0
1777889924.3973324,-3.0,-4.0,-65.0
1777889924.4073324,-7.0,0.0,-69.0
1777889924.4173324,-5.0,-7.0,-67.0
1777889924.4273324,-2.0,-7.0,-72.0
1777889924.4373324,0.0,-2.0,-75.0
1777889924.4473324,2.0,0.0,-70.0
1777889924.4573324,-5.0,4.0,-69.0
1777889924.4673324,-3.0,4.0,-70.0
1777889924.4773324,-3.0,1.0,-68.0
1777889924.4873323,0.0,0.0,-67.0
1777889924.4973323,-2.0,2.0,-60.0
1777889924.5073323,1.0,3.0,-64.0
1777889924.5173323,1.0,5.0,-66.0
1777889924.5273323,-1.0,0.0,-67.0
1777889924.5373323,-2.0,-3.0,-67.0
1777889924.5473323,0.0,-4.0,-67.0
1777889924.5573325,-4.0,-3.0,-71.0
1777889924.5673325,-2.0,-5.0,-79.0
1777889924.5773325,0.0,-2.0,-81.0
1777889924.5873325,3.0,1.0,-77.0
1777889924.5973325,1.0,1.0,-76.0
1777889924.6073325,-4.0,0.0,-72.0
1777889924.6173325,-2.0,-2.0,-69.0
1777889924.6273324,0.0,-4.0,-66.0
1777889924.6373324,-1.0,-3.0,-67.0
1777889924.6473324,0.0,-4.0,-65.0
1777889924.6573324,0.0,-4.0,-66.0
1777889924.6673324,3.0,-2.0,-69.0
1777889924.6773324,1.0,-2.0,-72.0
1777889924.6873324,-2.0,0.0,-72.0
1777889924.6973324,-1.0,2.0,-71.0
1777889924.7073324,1.0,4.0,-79.0
1777889924.7173324,2.0,-1.0,-87.0
1777889924.7273324,5.0,-4.0,-93.0
1777889924.7373323,1.0,-3.0,-94.0
1777889924.7473323,-1.0,-4.0,-97.0
1777889924.7573323,0.0,0.0,-92.0
1777889924.7673323,0.0,-1.0,-87.0
1777889924.7773323,-2.0,-1.0,-86.0
1777889924.7873323,-2.0,-1.0,-83.0
1777889924.7973323,-1.0,-4.0,-92.0
1777889924.8073325,0.0,-4.0,-83.0
1777889924.8173325,0.0,-6.0,-77.0
1777889924.8273325,0.0,-8.0,-74.0
1777889924.8373325,0.0,-7.0,-72.0
1777889924.8473325,-1.0,-10.0,-68.0
1777889924.8573325,0.0,-8.0,-73.0
1777889924.8673325,0.0,-2.0,-74.0
1777889924.8773324,2.0,-3.0,-74.0
1777889924.8883324,5.0,-4.0,-74.0
1777889924.8973324,5.0,-8.0,-71.0
1777889924.9083323,5.0,-9.0,-70.0
1777889924.9183323,1.0,-8.0,-73.0
1777889924.9283323,4.0,-9.0,-75.0
1777889924.9383323,4.0,-8.0,-73.0
1777889924.9483323,0.0,-6.0,-77.0
1777889924.9583323,4.0,-9.0,-72.0
1777889924.9683323,0.0,-8.0,-72.0
1777889924.9783323,-5.0,-3.0,-66.0
1777889924.9883325,-3.0,-1.0,-70.0
1777889924.9983325,-2.0,1.0,-78.0
1777889925.0083325,-1.0,0.0,-78.0
1777889925.0183325,-2.0,0.0,-75.0
1777889925.0283325,-7.0,-3.0,-72.0
1777889925.0383325,-8.0,-3.0,-71.0
1777889925.0483325,-5.0,-1.0,-77.0
1777889925.0583324,-5.0,-2.0,-77.0
1777889925.0683324,-5.0,-1.0,-78.0
1777889925.0783324,-1.0,0.0,-77.0
1777889925.0883324,3.0,0.0,-75.0
1777889925.0983324,3.0,3.0,-81.0
1777889925.1083324,4.0,6.0,-84.0
1777889925.1183324,0.0,2.0,-83.0
1777889925.1283324,0.0,1.0,-78.0
1777889925.1383324,0.0,0.0,-74.0
1777889925.1483324,0.0,2.0,-65.0
1777889925.1583323,5.0,-2.0,-69.0
1777889925.1683323,6.0,-1.0,-68.0
1777889925.1783323,4.0,-1.0,-66.0
1777889925.1883323,2.0,-3.0,-63.0
1777889925.1983323,2.0,-2.0,-61.0
1777889925.2083323,6.0,1.0,-62.0
1777889925.2183323,10.0,2.0,-65.0
1777889925.2283323,9.0,2.0,-65.0
1777889925.2383325,6.0,2.0,-69.0
1777889925.2483325,3.0,-3.0,-70.0
1777889925.2583325,5.0,0.0,-76.0
1777889925.2683325,4.0,1.0,-82.0
1777889925.2783325,3.0,2.0,-84.0
1777889925.2883325,5.0,0.0,-75.0
1777889925.2983325,3.0,-6.0,-74.0
1777889925.3083324,5.0,-7.0,-69.0
1777889925.3183324,1.0,-7.0,-70.0
1777889925.3283324,4.0,-4.0,-66.0
1777889925.3383324,6.0,-3.0,-65.0
1777889925.3483324,7.0,0.0,-63.0
1777889925.3583324,9.0,0.0,-60.0
1777889925.3683324,10.0,0.0,-62.0
1777889925.3783324,6.0,-3.0,-61.0
1777889925.3883324,7.0,-5.0,-61.0
1777889925.3983324,1.0,-7.0,-63.0
1777889925.4083323,3.0,-2.0,-64.0
1777889925.4183323,8.0,-2.0,-64.0
1777889925.4283323,8.0,-2.0,-62.0
1777889925.4383323,4.0,1.0,-66.0
1777889925.4483323,2.0,3.0,-66.0
1777889925.4583323,6.0,3.0,-67.0
1777889925.4683323,2.0,0.0,-70.0
1777889925.4783323,2.0,-4.0,-70.0
1777889925.4883325,3.0,-8.0,-66.0
1777889925.4983325,5.0,-6.0,-62.0
1777889925.5083325,3.0,-2.0,-68.0
1777889925.5183325,6.0,-3.0,-72.0
1777889925.5283325,4.0,-4.0,-70.0
1777889925.5383325,2.0,-7.0,-72.0
1777889925.5483325,8.0,-6.0,-65.0
1777889925.5583324,10.0,-1.0,-66.0
1777889925.5683324,10.0,-4.0,-66.0
1777889925.5783324,5.0,-7.0,-71.0
1777889925.5883324,2.0,-9.0,-68.0
1777889925.5983324,4.0,-7.0,-74.0
1777889925.6083324,2.0,-5.0,-85.0
1777889925.6183324,2.0,-7.0,-84.0
1777889925.6283324,0.0,-6.0,-84.0
1777889925.6383324,1.0,-4.0,-82.0
1777889925.6483324,3.0,0.0,-82.0
1777889925.6583323,4.0,0.0,-79.0
1777889925.6683323,0.0,-7.0,-82.0
1777889925.6783323,2.0,-4.0,-86.0
1777889925.6883323,1.0,-3.0,-82.0
1777889925.6983323,1.0,-3.0,-83.0
1777889925.7083323,0.0,-5.0,-83.0
1777889925.7183323,0.0,-5.0,-73.0
1777889925.7283323,0.0,-4.0,-69.0
1777889925.7383325,-2.0,-4.0,-71.0
1777889925.7483325,-2.0,-3.0,-76.0
1777889925.7583325,0.0,-2.0,-76.0
1777889925.7683325,0.0,0.0,-76.0
1777889925.7783325,1.0,0.0,-73.0
1777889925.7883325,0.0,0.0,-75.0
1777889925.7983325,-2.0,1.0,-73.0
1777889925.8083324,-3.0,1.0,-74.0
1777889925.8183324,1.0,2.0,-78.0
1777889925.8283324,0.0,1.0,-73.0
1777889925.8383324,0.0,0.0,-76.0
1777889925.8483324,0.0,-3.0,-79.0
1777889925.8583324,-4.0,-2.0,-77.0
1777889925.8683324,-3.0,2.0,-76.0
1777889925.8783324,-6.0,5.0,-80.0
1777889925.8883324,-6.0,3.0,-83.0
1777889925.8983324,-4.0,2.0,-82.0
1777889925.9083323,-4.0,2.0,-78.0
1777889925.9183323,-3.0,-2.0,-81.0
1777889925.9283323,-7.0,-1.0,-80.0
1777889925.9383323,-7.0,0.0,-73.0
1777889925.9483323,-5.0,-4.0,-73.0
1777889925.9583323,-4.0,-3.0,-77.0
1777889925.9683323,-3.0,-4.0,-75.0
1777889925.9783323,-5.0,-6.0,-78.0
1777889925.9883325,-5.0,-5.0,-78.0
1777889925.9983325,-7.0,-1.0,-76.0
1777889926.0083325,-4.0,-2.0,-80.0
1777889926.0183325,-2.0,0.0,-77.0
1777889926.0283325,-3.0,2.0,-75.0
1777889926.0383325,-4.0,1.0,-76.0
1777889926.0483325,0.0,2.0,-73.0
1777889926.0583324,0.0,2.0,-74.0
1777889926.0683324,-5.0,3.0,-74.0
1777889926.0783324,-3.0,5.0,-73.0
1777889926.0883324,0.0,3.0,-71.0
1777889926.0983324,-3.0,1.0,-69.0
1777889926.1083324,-2.0,0.0,-71.0
1777889926.1183324,3.0,-2.0,-71.0
1777889926.1283324,1.0,-3.0,-76.0
1777889926.1383324,5.0,0.0,-75.0
1777889926.1483324,7.0,-4.0,-75.0
1777889926.1583323,5.0,-4.0,-72.0
1777889926.1683323,1.0,-3.0,-72.0
1777889926.1783323,2.0,0.0,-69.0
1777889926.1883323,4.0,0.0,-69.0
1777889926.1983323,1.0,-1.0,-73.0
1777889926.2083323,5.0,1.0,-74.0
1777889926.2183323,7.0,2.0,-72.0
1777889926.2283323,5.0,0.0,-77.0
1777889926.2383325,5.0,-1.0,-77.0
1777889926.2483325,4.0,0.0,-74.0
1777889926.2583325,0.0,-3.0,-71.0
1777889926.2683325,-4.0,-1.0,-68.0
1777889926.2783325,-2.0,-3.0,-68.0
1777889926.2883325,-5.0,-5.0,-70.0
1777889926.2983325,-4.0,-3.0,-74.0
1777889926.3083324,-4.0,0.0,-73.0
1777889926.3183324,-2.0,0.0,-73.0
1777889926.3283324,1.0,0.0,-77.0
1777889926.3383324,1.0,0.0,-81.0
1777889926.3483324,5.0,0.0,-88.0
1777889926.3583324,8.0,-1.0,-79.0
1777889926.3683324,11.0,-2.0,-83.0
1777889926.3783324,10.0,-4.0,-81.0
1777889926.3883324,9.0,-1.0,-90.0
1777889926.3983324,9.0,0.0,-83.0
1777889926.4083323,13.0,2.0,-83.0
1777889926.4183323,9.0,0.0,-86.0
1777889926.4283323,9.0,-1.0,-89.0
1777889926.4383323,7.0,-1.0,-86.0
1777889926.4483323,7.0,-1.0,-81.0
1777889926.4583323,6.0,-3.0,-75.0
1777889926.4683323,2.0,1.0,-66.0
1777889926.4783323,4.0,2.0,-68.0
1777889926.4883325,4.0,0.0,-70.0
1777889926.4983325,4.0,0.0,-70.0
1777889926.5083325,6.0,0.0,-70.0
1777889926.5183325,4.0,1.0,-74.0
1777889926.5283325,1.0,0.0,-74.0
1777889926.5383325,3.0,0.0,-77.0
1777889926.5483325,0.0,-3.0,-71.0
1777889926.5583324,4.0,-2.0,-69.0
1777889926.5683324,9.0,-1.0,-66.0
1777889926.5783324,8.0,1.0,-59.0
1777889926.5883324,7.0,0.0,-62.0
1777889926.5983324,1.0,2.0,-60.0
1777889926.6083324,1.0,2.0,-66.0
1777889926.6183324,1.0,1.0,-75.0
1777889926.6283324,0.0,4.0,-69.0
1777889926.6383324,-2.0,3.0,-71.0
1777889926.6483324,0.0,3.0,-72.0
1777889926.6583323,0.0,2.0,-76.0
1777889926.6683323,-2.0,0.0,-76.0
1777889926.6783323,-1.0,-1.0,-78.0
1777889926.6883323,1.0,-3.0,-78.0
1777889926.6983323,1.0,-8.0,-79.0
1777889926.7083323,1.0,-7.0,-75.0
1777889926.7183323,2.0,-5.0,-69.0
1777889926.7283323,0.0,-5.0,-65.0
1777889926.7383325,0.0,-3.0,-70.0
1777889926.7483325,-3.0,0.0,-72.0
1777889926.7583325,-3.0,0.0,-74.0
1777889926.7683325,-3.0,-2.0,-71.0
1777889926.7783325,-3.0,-1.0,-75.0
1777889926.7883325,-4.0,0.0,-77.0
1777889926.7983325,2.0,1.0,-77.0
1777889926.8083324,3.0,5.0,-70.0
1777889926.8183324,4.0,6.0,-76.0
1777889926.8283324,6.0,4.0,-76.0
1777889926.8383324,1.0,0.0,-75.0
1777889926.8483324,3.0,-2.0,-73.0
1777889926.8583324,0.0,-1.0,-70.0
1777889926.8683324,-1.0,0.0,-69.0
1777889926.8793323,-1.0,-2.0,-69.0
1777889926.8893323,-1.0,0.0,-70.0
1777889926.8993323,-2.0,0.0,-72.0
1777889926.9093325,-3.0,-6.0,-75.0
1777889926.9193325,0.0,-12.0,-73.0
1777889926.9293325,1.0,-10.0,-72.0
1777889926.9393325,5.0,-7.0,-70.0
1777889926.9493325,8.0,-7.0,-73.0
1777889926.9593325,7.0,-6.0,-72.0
1777889926.9693325,6.0,-4.0,-71.0
1777889926.9793324,11.0,-6.0,-68.0
1777889926.9893324,7.0,-7.0,-72.0
1777889926.9993324,6.0,-5.0,-75.0
1777889927.0093324,6.0,-10.0,-76.0
1777889927.0193324,4.0,-7.0,-78.0
1777889927.0293324,5.0,-1.0,-81.0
1777889927.0393324,1.0,-2.0,-76.0
1777889927.0493324,-2.0,-2.0,-75.0
1777889927.0593324,-1.0,0.0,-66.0
1777889927.0693324,-2.0,-4.0,-66.0
1777889927.0793324,1.0,-2.0,-68.0
1777889927.0893323,-5.0,-1.0,-68.0
1777889927.0993323,-4.0,0.0,-66.0
1777889927.1093323,-2.0,1.0,-68.0
1777889927.1193323,-3.0,0.0,-76.0
1777889927.1293323,0.0,-6.0,-74.0
1777889927.1393323,-2.0,-6.0,-72.0
1777889927.1493323,-1.0,-4.0,-77.0
1777889927.1593325,0.0,-6.0,-82.0
1777889927.1693325,7.0,-8.0,-77.0
1777889927.1793325,9.0,-5.0,-74.0
1777889927.1893325,8.0,0.0,-75.0
1777889927.1993325,8.0,1.0,-77.0
1777889927.2093325,0.0,1.0,-75.0
1777889927.2193325,0.0,-1.0,-76.0
1777889927.2293324,-3.0,-1.0,-73.0
1777889927.2393324,0.0,-3.0,-78.0
1777889927.2493324,1.0,0.0,-77.0
1777889927.2593324,1.0,0.0,-80.0
1777889927.2693324,1.0,0.0,-80.0
1777889927.2793324,0.0,-1.0,-81.0
1777889927.2893324,0.0,0.0,-82.0
1777889927.2993324,0.0,1.0,-77.0
1777889927.3093324,0.0,2.0,-81.0
1777889927.3193324,-2.0,-2.0,-78.0
1777889927.3293324,-4.0,-4.0,-76.0
1777889927.3393323,-4.0,-6.0,-76.0
1777889927.3493323,-1.0,-6.0,-78.0
1777889927.3593323,0.0,-5.0,-71.0
1777889927.3693323,2.0,-2.0,-73.0
1777889927.3793323,1.0,0.0,-73.0
1777889927.3893323,-1.0,1.0,-69.0
1777889927.3993323,-2.0,-2.0,-72.0
1777889927.4093325,1.0,0.0,-83.0
1777889927.4193325,0.0,-1.0,-84.0
1777889927.4293325,-2.0,-3.0,-82.0
1777889927.4393325,4.0,-3.0,-87.0
1777889927.4493325,6.0,0.0,-86.0
1777889927.4593325,1.0,-2.0,-85.0
1777889927.4693325,-2.0,2.0,-79.0
1777889927.4793324,-1.0,0.0,-76.0
1777889927.4893324,-2.0,0.0,-77.0
1777889927.4993324,0.0,-2.0,-78.0
1777889927.5093324,0.0,0.0,-75.0
1777889927.5193324,0.0,1.0,-75.0
1777889927.5293324,0.0,0.0,-76.0
1777889927.5393324,-3.0,0.0,-77.0
1777889927.5493324,-4.0,-1.0,-74.0
1777889927.5593324,-5.0,-3.0,-73.0
1777889927.5693324,-5.0,-5.0,-68.0
1777889927.5793324,-4.0,-6.0,-65.0
1777889927.5893323,-5.0,-7.0,-66.0
1777889927.5993323,-2.0,-5.0,-67.0
1777889927.6093323,1.0,-9.0,-63.0
1777889927.6193323,0.0,-9.0,-69.0
1777889927.6293323,0.0,-6.0,-76.0
1777889927.6393323,-3.0,-5.0,-76.0
1777889927.6493323,-9.0,-2.0,-75.0
1777889927.6593325,-8.0,-3.0,-80.0
1777889927.6693325,-4.0,0.0,-84.0
1777889927.6793325,-3.0,-1.0,-82.0
1777889927.6893325,3.0,-2.0,-85.0
1777889927.6993325,0.0,0.0,-87.0
1777889927.7093325,2.0,1.0,-83.0
1777889927.7193325,2.0,2.0,-81.0
1777889927.7293324,4.0,0.0,-79.0
1777889927.7393324,4.0,2.0,-80.0
1777889927.7493324,4.0,2.0,-81.0
1777889927.7593324,4.0,7.0,-76.0
1777889927.7693324,7.0,5.0,-75.0
1777889927.7793324,2.0,4.0,-81.0
1777889927.7893324,1.0,1.0,-75.0
1777889927.7993324,1.0,0.0,-70.0
1777889927.8093324,6.0,1.0,-61.0
1777889927.8193324,6.0,3.0,-59.0
1777889927.8293324,6.0,-1.0,-62.0
1777889927.8393323,10.0,0.0,-59.0
1777889927.8493323,11.0,-1.0,-62.0
1777889927.8593323,4.0,0.0,-69.0
1777889927.8693323,2.0,0.0,-68.0
1777889927.8793323,-1.0,-2.0,-64.0
1777889927.8893323,-4.0,-4.0,-66.0
1777889927.8993323,-4.0,1.0,-71.0
1777889927.9093325,-2.0,1.0,-68.0
1777889927.9193325,0.0,2.0,-71.0
1777889927.9293325,4.0,-3.0,-71.0
1777889927.9393325,4.0,0.0,-69.0
1777889927.9493325,0.0,5.0,-71.0
1777889927.9593325,1.0,6.0,-75.0
1777889927.9693325,2.0,4.0,-70.0
1777889927.9793324,1.0,1.0,-74.0
1777889927.9893324,0.0,-1.0,-72.0
1777889927.9993324,-1.0,-1.0,-67.0
1777889928.0093324,0.0,-1.0,-77.0
1777889928.0193324,6.0,-6.0,-81.0
1777889928.0293324,4.0,-11.0,-81.0
1777889928.0393324,3.0,-11.0,-81.0
1777889928.0493324,3.0,-8.0,-74.0
1777889928.0593324,6.0,-2.0,-78.0
1777889928.0693324,3.0,-2.0,-75.0
1777889928.0793324,4.0,-4.0,-79.0
1777889928.0893323,5.0,-5.0,-77.0
1777889928.0993323,5.0,-3.0,-80.0
1777889928.1103325,3.0,3.0,-82.0
1777889928.1193323,3.0,2.0,-78.0
1777889928.1293323,3.0,5.0,-73.0
1777889928.1393323,4.0,5.0,-71.0
1777889928.1493323,2.0,5.0,-71.0
1777889928.1593325,-1.0,4.0,-71.0
1777889928.1693325,0.0,5.0,-73.0
1777889928.1793325,3.0,3.0,-71.0
1777889928.1903324,1.0,5.0,-75.0
1777889928.1993325,2.0,5.0,-73.0
1777889928.2093325,5.0,1.0,-74.0
1777889928.2193325,8.0,1.0,-74.0
1777889928.2293324,3.0,4.0,-78.0
1777889928.2393324,5.0,6.0,-83.0
1777889928.2493324,7.0,4.0,-83.0
1777889928.2593324,8.0,2.0,-83.0
1777889928.2693324,8.0,1.0,-84.0
1777889928.2793324,5.0,-2.0,-90.0
1777889928.2893324,6.0,0.0,-87.0
1777889928.2993324,7.0,-4.0,-85.0
1777889928.3093324,6.0,-3.0,-81.0
1777889928.3193324,7.0,-6.0,-82.0
1777889928.3293324,1.0,-5.0,-84.0
1777889928.3393323,0.0,-5.0,-82.0
1777889928.3493323,0.0,-5.0,-81.0
1777889928.3593323,6.0,-4.0,-89.0
1777889928.3693323,3.0,-8.0,-89.0
1777889928.3793323,2.0,-9.0,-82.0
1777889928.3893323,4.0,-7.0,-75.0
1777889928.3993323,5.0,-4.0,-72.0
1777889928.4093325,7.0,-2.0,-68.0
1777889928.4193325,4.0,0.0,-71.0
1777889928.4293325,3.0,-4.0,-68.0
1777889928.4393325,3.0,-3.0,-69.0
1777889928.4493325,4.0,-4.0,-69.0
1777889928.4593325,8.0,-7.0,-77.0
1777889928.4693325,5.0,-7.0,-74.0
1777889928.4793324,3.0,-7.0,-74.0
1777889928.4893324,1.0,-6.0,-76.0
1777889928.4993324,1.0,-5.0,-78.0
1777889928.5093324,2.0,-5.0,-76.0
1777889928.5193324,1.0,-2.0,-75.0
1777889928.5293324,0.0,-2.0,-79.0
1777889928.5393324,0.0,0.0,-74.0
1777889928.5493324,-4.0,0.0,-74.0
1777889928.5593324,-9.0,-1.0,-70.0
1777889928.5693324,-6.0,0.0,-72.0
1777889928.5793324,-1.0,0.0,-76.0
1777889928.5893323,1.0,0.0,-72.0
1777889928.5993323,3.0,-1.0,-73.0
1777889928.6093323,0.0,-2.0,-70.0
1777889928.6193323,-1.0,0.0,-68.0
1777889928.6293323,-2.0,-1.0,-71.0
1777889928.6393323,-4.0,-1.0,-71.0
1777889928.6493323,0.0,-1.0,-80.0
1777889928.6593325,2.0,0.0,-75.0
1777889928.6693325,3.0,0.0,-75.0
1777889928.6793325,0.0,-2.0,-75.0
1777889928.6893325,1.0,-3.0,-77.0
1777889928.6993325,0.0,-6.0,-84.0
1777889928.7093325,1.0,-8.0,-77.0
1777889928.7193325,1.0,-4.0,-80.0
1777889928.7293324,0.0,-1.0,-77.0
1777889928.7393324,3.0,-5.0,-74.0
1777889928.7493324,4.0,-6.0,-72.0
1777889928.7593324,5.0,-4.0,-70.0
1777889928.7693324,-1.0,-3.0,-70.0
1777889928.7793324,-1.0,-1.0,-74.0
1777889928.7893324,0.0,-1.0,-73.0
1777889928.7993324,-1.0,0.0,-77.0
1777889928.8093324,5.0,0.0,-83.0
1777889928.8193324,8.0,1.0,-81.0
1777889928.8293324,6.0,6.0,-77.0
1777889928.8403325,1.0,3.0,-79.0
1777889928.8493323,1.0,-5.0,-80.0
1777889928.8603325,2.0,-7.0,-84.0
1777889928.8703325,2.0,-1.0,-80.0
1777889928.8803325,7.0,0.0,-82.0
1777889928.8903325,4.0,0.0,-81.0
1777889928.9003325,4.0,-1.0,-83.0
1777889928.9103324,4.0,-4.0,-83.0
1777889928.9203324,2.0,-5.0,-79.0
1777889928.9303324,0.0,-5.0,-68.0
1777889928.9403324,0.0,-5.0,-70.0
1777889928.9503324,1.0,-3.0,-69.0
1777889928.9603324,3.0,1.0,-76.0
1777889928.9703324,0.0,1.0,-76.0
1777889928.9803324,0.0,-2.0,-79.0
1777889928.9903324,2.0,-4.0,-79.0
1777889929.0003324,0.0,-4.0,-78.0
1777889929.0103323,1.0,-7.0,-78.0
1777889929.0203323,-7.0,-7.0,-82.0
1777889929.0303323,-4.0,-6.0,-84.0
1777889929.0403323,2.0,-8.0,-80.0
1777889929.0503323,0.0,-6.0,-75.0
1777889929.0603323,0.0,-6.0,-64.0
1777889929.0703323,0.0,-5.0,-62.0
1777889929.0803325,-5.0,-4.0,-68.0
1777889929.0903325,-9.0,-2.0,-67.0
1777889929.1003325,-11.0,0.0,-69.0
1777889929.1103325,-11.0,0.0,-70.0
1777889929.1203325,-8.0,-4.0,-77.0
1777889929.1303325,-3.0,-6.0,-78.0
1777889929.1403325,1.0,-6.0,-76.0
1777889929.1503325,0.0,-4.0,-71.0
1777889929.1603324,-3.0,-6.0,-71.0
1777889929.1703324,0.0,-6.0,-71.0
1777889929.1803324,0.0,-1.0,-73.0
1777889929.1903324,5.0,-1.0,-71.0
1777889929.2003324,8.0,-3.0,-71.0
1777889929.2103324,8.0,-3.0,-72.0
1777889929.2203324,7.0,-4.0,-76.0
1777889929.2303324,6.0,-4.0,-78.0
1777889929.2403324,1.0,-2.0,-76.0
1777889929.2503324,0.0,-3.0,-77.0
1777889929.2603323,0.0,-3.0,-73.0
1777889929.2703323,-1.0,-4.0,-77.0
1777889929.2803323,-2.0,-2.0,-80.0
1777889929.2903323,-2.0,-2.0,-91.0
1777889929.3003323,0.0,-5.0,-91.0
1777889929.3103323,1.0,-1.0,-91.0
1777889929.3203323,5.0,-2.0,-88.0
1777889929.3303325,3.0,-4.0,-85.0
1777889929.3403325,4.0,-2.0,-78.0
1777889929.3503325,6.0,-2.0,-71.0
1777889929.3603325,9.0,-3.0,-69.0
1777889929.3703325,4.0,-3.0,-71.0
1777889929.3803325,1.0,0.0,-75.0
1777889929.3903325,1.0,0.0,-78.0
1777889929.4003325,2.0,1.0,-78.0
1777889929.4103324,6.0,6.0,-75.0
1777889929.4203324,6.0,3.0,-67.0
1777889929.4303324,8.0,0.0,-66.0
1777889929.4403324,8.0,0.0,-69.0
1777889929.4503324,6.0,2.0,-73.0
1777889929.4603324,6.0,1.0,-77.0
1777889929.4703324,4.0,0.0,-73.0
1777889929.4803324,1.0,3.0,-67.0
1777889929.4903324,6.0,3.0,-71.0
1777889929.5003324,0.0,1.0,-68.0
1777889929.5103323,1.0,0.0,-65.0
1777889929.5203323,4.0,2.0,-61.0
1777889929.5303323,3.0,2.0,-61.0
1777889929.5403323,1.0,-6.0,-63.0
1777889929.5503323,5.0,-4.0,-54.0
1777889929.5603323,2.0,-1.0,-65.0
1777889929.5703323,3.0,-3.0,-66.0
1777889929.5803325,1.0,-5.0,-73.0
1777889929.5903325,0.0,0.0,-80.0
1777889929.6003325,-1.0,-1.0,-78.0
1777889929.6103325,-2.0,1.0,-78.0
1777889929.6203325,-6.0,1.0,-80.0
1777889929.6303325,-7.0,-2.0,-77.0
1777889929.6403325,-4.0,-3.0,-72.0
1777889929.6503325,-1.0,-2.0,-71.0
1777889929.6603324,0.0,-1.0,-69.0
1777889929.6703324,3.0,-1.0,-63.0
1777889929.6803324,9.0,-3.0,-66.0
1777889929.6903324,7.0,-1.0,-67.0
1777889929.7003324,5.0,0.0,-63.0
1777889929.7103324,7.0,0.0,-66.0
1777889929.7203324,8.0,0.0,-66.0
1777889929.7303324,5.0,-1.0,-74.0
1777889929.7403324,-1.0,1.0,-77.0
1777889929.7503324,-2.0,0.0,-83.0
1777889929.7603323,-1.0,2.0,-82.0
1777889929.7703323,2.0,3.0,-85.0
1777889929.7803323,2.0,2.0,-88.0
1777889929.7903323,5.0,1.0,-91.0
1777889929.8003323,2.0,1.0,-88.0
1777889929.8103323,3.0,3.0,-83.0
1777889929.8203323,5.0,7.0,-80.0
1777889929.8303325,4.0,5.0,-81.0
1777889929.8403325,2.0,4.0,-80.0
1777889929.8503325,0.0,1.0,-78.0
1777889929.8603325,-4.0,0.0,-85.0
1777889929.8703325,-7.0,-3.0,-80.0
1777889929.8803325,-1.0,0.0,-81.0
1777889929.8903325,2.0,0.0,-77.0
1777889929.9003325,5.0,0.0,-82.0
1777889929.9103324,5.0,2.0,-78.0
1777889929.9203324,5.0,4.0,-77.0
1777889929.9303324,7.0,4.0,-76.0
1777889929.9403324,4.0,0.0,-82.0
1777889929.9503324,4.0,-1.0,-85.0
1777889929.9603324,1.0,2.0,-81.0
1777889929.9703324,-4.0,6.0,-84.0
1777889929.9803324,-6.0,0.0,-78.0
1777889929.9903324,-7.0,-1.0,-77.0
1777889930.0003324,-5.0,1.0,-70.0
1777889930.0103323,-8.0,-2.0,-69.0
1777889930.0203323,-6.0,-6.0,-70.0
1777889930.0303323,-1.0,-5.0,-74.0
1777889930.0403323,-3.0,-6.0,-73.0
1777889930.0503323,-5.0,-3.0,-75.0
1777889930.0603323,-2.0,-4.0,-70.0
1777889930.0703323,0.0,-8.0,-77.0
1777889930.0803325,-1.0,-9.0,-72.0
1777889930.0903325,-1.0,-8.0,-73.0
1777889930.1003325,0.0,-4.0,-67.0
1777889930.1103325,-2.0,-6.0,-65.0
1777889930.1203325,0.0,-5.0,-75.0
1777889930.1303325,0.0,-5.0,-78.0
1777889930.1403325,2.0,-7.0,-74.0
1777889930.1503325,0.0,-8.0,-84.0
1777889930.1603324,-1.0,-10.0,-82.0
1777889930.1703324,0.0,-6.0,-75.0
1777889930.1803324,0.0,-4.0,-80.0
1777889930.1903324,2.0,-1.0,-82.0
1777889930.2003324,1.0,0.0,-80.0
1777889930.2103324,-1.0,-2.0,-81.0
1777889930.2203324,-2.0,0.0,-84.0
1777889930.2303324,-5.0,3.0,-79.0
1777889930.2403324,-4.0,1.0,-78.0
1777889930.2503324,-9.0,0.0,-78.0
1777889930.2603323,-6.0,-4.0,-77.0
1777889930.2703323,-2.0,-4.0,-72.0
1777889930.2803323,-3.0,-9.0,-70.0
1777889930.2903323,-2.0,-7.0,-73.0
1777889930.3003323,0.0,-7.0,-69.0
1777889930.3103323,3.0,-3.0,-69.0
1777889930.3203323,1.0,-6.0,-74.0
1777889930.3303325,0.0,-6.0,-77.0
1777889930.3403325,0.0,-5.0,-81.0
1777889930.3503325,1.0,-2.0,-83.0
1777889930.3603325,4.0,-4.0,-76.0
1777889930.3703325,6.0,-3.0,-71.0
1777889930.3803325,5.0,1.0,-72.0
1777889930.3903325,2.0,-1.0,-73.0
1777889930.4003325,3.0,3.0,-74.0
1777889930.4103324,4.0,-1.0,-72.0
1777889930.4203324,0.0,0.0,-73.0
1777889930.4303324,4.0,0.0,-68.0
1777889930.4403324,0.0,0.0,-67.0
1777889930.4503324,-2.0,-1.0,-72.0
1777889930.4603324,-1.0,6.0,-76.0
1777889930.4703324,-1.0,0.0,-72.0
1777889930.4803324,0.0,-3.0,-66.0
1777889930.4903324,3.0,-1.0,-62.0
1777889930.5003324,3.0,1.0,-72.0
1777889930.5103323,-1.0,-1.0,-72.0
1777889930.5203323,0.0,0.0,-70.0
1777889930.5303323,-1.0,-1.0,-64.0
1777889930.5403323,1.0,-1.0,-62.0
1777889930.5503323,3.0,-1.0,-64.0
1777889930.5603323,3.0,-2.0,-62.0
1777889930.5703323,0.0,0.0,-62.0
1777889930.5803325,1.0,0.0,-62.0
1777889930.5903325,3.0,1.0,-66.0
1777889930.6003325,-1.0,2.0,-67.0
1777889930.6103325,-3.0,4.0,-62.0
1777889930.6203325,4.0,3.0,-63.0
1777889930.6303325,3.0,-3.0,-64.0
1777889930.6403325,3.0,-2.0,-69.0
1777889930.6503325,8.0,-2.0,-72.0
1777889930.6603324,10.0,-4.0,-79.0
1777889930.6703324,8.0,-4.0,-81.0
1777889930.6803324,8.0,0.0,-77.0
1777889930.6903324,7.0,1.0,-73.0
1777889930.7003324,6.0,3.0,-76.0
1777889930.7103324,8.0,1.0,-78.0
1777889930.7203324,8.0,-1.0,-80.0
1777889930.7303324,3.0,0.0,-81.0
1777889930.7403324,-1.0,0.0,-83.0
1777889930.7503324,0.0,-1.0,-85.0
1777889930.7603323,0.0,0.0,-84.0
1777889930.7703323,1.0,2.0,-79.0
1777889930.7803323,4.0,1.0,-81.0
1777889930.7903323,-2.0,1.0,-80.0
1777889930.8003323,1.0,-1.0,-78.0
1777889930.8103323,3.0,-5.0,-84.0
1777889930.8203323,4.0,-5.0,-83.0
1777889930.8303325,7.0,-3.0,-82.0
1777889930.8413324,0.0,-3.0,-79.0
1777889930.8503325,3.0,-5.0,-83.0
1777889930.8613324,5.0,-5.0,-77.0
1777889930.8713324,5.0,-4.0,-73.0
1777889930.8813324,9.0,-3.0,-68.0
1777889930.8913324,7.0,-2.0,-69.0
1777889930.9013324,4.0,0.0,-73.0
1777889930.9113324,1.0,1.0,-69.0
1777889930.9213324,-3.0,0.0,-75.0
1777889930.9313323,-1.0,0.0,-72.0
1777889930.9413323,1.0,0.0,-68.0
1777889930.9513323,1.0,-1.0,-71.0
1777889930.9613323,0.0,0.0,-71.0
1777889930.9713323,-2.0,-1.0,-73.0
1777889930.9813323,-1.0,-2.0,-74.0
1777889930.9913323,-3.0,0.0,-81.0
1777889931.0013323,-4.0,0.0,-82.0
1777889931.0113325,-2.0,0.0,-78.0
1777889931.0213325,-2.0,0.0,-77.0
1777889931.0313325,-2.0,-5.0,-69.0
1777889931.0413325,-5.0,-7.0,-64.0
1777889931.0513325,-1.0,-7.0,-69.0
1777889931.0613325,0.0,-3.0,-78.0
1777889931.0713325,6.0,-4.0,-78.0
1777889931.0813324,6.0,-2.0,-83.0
1777889931.0913324,9.0,-1.0,-83.0
1777889931.1013324,10.0,2.0,-79.0
1777889931.1113324,4.0,1.0,-79.0
1777889931.1213324,7.0,-1.0,-83.0
1777889931.1313324,3.0,-2.0,-81.0
1777889931.1413324,0.0,-1.0,-81.0
1777889931.1513324,2.0,-2.0,-77.0
1777889931.1613324,0.0,-4.0,-87.0
1777889931.1713324,5.0,-3.0,-84.0
1777889931.1813323,4.0,-1.0,-84.0
1777889931.1913323,7.0,3.0,-78.0
1777889931.2013323,4.0,6.0,-75.0
1777889931.2113323,5.0,1.0,-73.0
1777889931.2213323,2.0,2.0,-73.0
1777889931.2313323,2.0,7.0,-73.0
1777889931.2413323,3.0,5.0,-67.0
1777889931.2513323,0.0,6.0,-67.0
1777889931.2613325,-1.0,1.0,-67.0
1777889931.2713325,4.0,4.0,-64.0
1777889931.2813325,4.0,5.0,-72.0
1777889931.2913325,5.0,3.0,-70.0
1777889931.3013325,2.0,2.0,-77.0
1777889931.3113325,0.0,3.0,-79.0
1777889931.3213325,1.0,4.0,-77.0
1777889931.3313324,2.0,2.0,-71.0
1777889931.3413324,4.0,0.0,-75.0
1777889931.3513324,2.0,1.0,-82.0
1777889931.3613324,-2.0,3.0,-78.0
1777889931.3713324,-3.0,2.0,-78.0
1777889931.3813324,1.0,1.0,-78.0
1777889931.3913324,-1.0,1.0,-78.0
1777889931.4013324,0.0,0.0,-83.0
1777889931.4113324,3.0,-1.0,-87.0
1777889931.4213324,0.0,0.0,-85.0
1777889931.4313323,0.0,0.0,-81.0
1777889931.4413323,-1.0,-3.0,-76.0
1777889931.4513323,-6.0,-6.0,-77.0
1777889931.4613323,-3.0,0.0,-80.0
1777889931.4713323,0.0,-1.0,-76.0
1777889931.4813323,0.0,1.0,-76.0
1777889931.4913323,3.0,-3.0,-77.0
1777889931.5013323,3.0,-4.0,-73.0
1777889931.5113325,0.0,-5.0,-79.0
1777889931.5213325,-1.0,-2.0,-79.0
1777889931.5313325,2.0,-4.0,-79.0
1777889931.5413325,1.0,-3.0,-67.0
1777889931.5513325,2.0,-2.0,-62.0
1777889931.5613325,1.0,-3.0,-65.0
1777889931.5713325,4.0,-4.0,-68.0
1777889931.5813324,6.0,-3.0,-72.0
1777889931.5913324,5.0,-3.0,-76.0
1777889931.6013324,0.0,-1.0,-77.0
1777889931.6113324,2.0,-1.0,-79.0
1777889931.6213324,2.0,-3.0,-75.0
1777889931.6313324,0.0,-1.0,-75.0
1777889931.6413324,-2.0,-3.0,-77.0
1777889931.6513324,-2.0,-5.0,-79.0
1777889931.6613324,-4.0,-7.0,-83.0
1777889931.6713324,-6.0,-1.0,-79.0
1777889931.6813323,-3.0,0.0,-77.0
1777889931.6913323,2.0,0.0,-71.0
1777889931.7013323,4.0,-1.0,-71.0
1777889931.7113323,7.0,-4.0,-71.0
1777889931.7213323,5.0,-5.0,-71.0
1777889931.7313323,3.0,-4.0,-68.0
1777889931.7413323,5.0,-4.0,-68.0
1777889931.7513323,6.0,-4.0,-69.0
1777889931.7613325,8.0,-7.0,-67.0
1777889931.7713325,10.0,-8.0,-77.0
1777889931.7813325,6.0,-7.0,-74.0
1777889931.7913325,3.0,-1.0,-79.0
1777889931.8013325,6.0,-1.0,-76.0
1777889931.8113325,9.0,-6.0,-85.0
1777889931.8213325,5.0,-4.0,-77.0
1777889931.8313324,6.0,2.0,-79.0
1777889931.8413324,1.0,0.0,-67.0
1777889931.8513324,0.0,0.0,-67.0
1777889931.8613324,0.0,-2.0,-62.0
1777889931.8713324,0.0,3.0,-61.0
1777889931.8813324,7.0,2.0,-59.0
1777889931.8913324,8.0,1.0,-58.0
1777889931.9013324,7.0,2.0,-63.0
1777889931.9113324,5.0,-4.0,-62.0
1777889931.9213324,6.0,-6.0,-64.0
1777889931.9313323,7.0,-2.0,-59.0
1777889931.9413323,4.0,0.0,-58.0
1777889931.9513323,2.0,-2.0,-61.0
1777889931.9613323,3.0,-2.0,-63.0
1777889931.9713323,4.0,0.0,-69.0
1777889931.9813323,3.0,3.0,-72.0
1777889931.9913323,5.0,0.0,-73.0
1777889932.0013323,0.0,-4.0,-76.0
1777889932.0113325,0.0,-1.0,-79.0
1777889932.0213325,0.0,1.0,-79.0
1777889932.0313325,2.0,0.0,-80.0
1777889932.0413325,4.0,-1.0,-81.0
1777889932.0513325,0.0,-2.0,-81.0
1777889932.0613325,0.0,-2.0,-76.0
1777889932.0713325,1.0,-2.0,-71.0
1777889932.0813324,0.0,-2.0,-75.0
1777889932.0913324,-5.0,0.0,-75.0
1777889932.1013324,-1.0,0.0,-83.0
1777889932.1113324,2.0,0.0,-84.0
1777889932.1213324,1.0,-2.0,-80.0
1777889932.1313324,3.0,0.0,-75.0
1777889932.1413324,4.0,0.0,-77.0
1777889932.1513324,2.0,1.0,-79.0
1777889932.1613324,5.0,0.0,-78.0
1777889932.1713324,9.0,1.0,-83.0
1777889932.1813323,9.0,0.0,-77.0
1777889932.1913323,5.0,2.0,-73.0
1777889932.2013323,0.0,1.0,-76.0
1777889932.2113323,4.0,-1.0,-80.0
1777889932.2213323,6.0,-2.0,-83.0
1777889932.2313323,5.0,0.0,-80.0
1777889932.2413323,4.0,0.0,-80.0
1777889932.2513323,5.0,6.0,-82.0
1777889932.2623324,3.0,6.0,-82.0
1777889932.2713325,5.0,4.0,-84.0
1777889932.2813325,6.0,1.0,-82.0
1777889932.2913325,7.0,2.0,-72.0
1777889932.3013325,5.0,-1.0,-69.0
1777889932.3113325,7.0,1.0,-65.0
1777889932.3213325,6.0,0.0,-72.0
1777889932.3313324,8.0,-3.0,-65.0
1777889932.3413324,7.0,-6.0,-63.0
1777889932.3513324,10.0,-3.0,-68.0
1777889932.3613324,3.0,-2.0,-73.0
1777889932.3713324,0.0,-3.0,-73.0
1777889932.3813324,1.0,-3.0,-68.0
1777889932.3913324,2.0,-8.0,-74.0
1777889932.4013324,-1.0,-5.0,-69.0
1777889932.4113324,-1.0,-2.0,-70.0
1777889932.4213324,-4.0,-4.0,-64.0
1777889932.4313323,-2.0,-4.0,-62.0
1777889932.4413323,0.0,-8.0,-65.0
1777889932.4513323,-3.0,-4.0,-69.0
1777889932.4613323,0.0,-5.0,-75.0
1777889932.4713323,0.0,-6.0,-76.0
1777889932.4813323,0.0,-10.0,-70.0
1777889932.4913323,0.0,-8.0,-72.0
1777889932.5013323,5.0,-10.0,-72.0
1777889932.5113325,6.0,-7.0,-74.0
1777889932.5213325,10.0,-5.0,-74.0
1777889932.5313325,7.0,-3.0,-83.0
1777889932.5413325,1.0,0.0,-87.0
1777889932.5513325,3.0,0.0,-80.0
1777889932.5613325,4.0,-3.0,-80.0
1777889932.5713325,6.0,-1.0,-77.0
1777889932.5813324,2.0,-3.0,-70.0
1777889932.5913324,-3.0,-1.0,-72.0
1777889932.6013324,-8.0,0.0,-77.0
1777889932.6113324,-10.0,2.0,-76.0
1777889932.6213324,-7.0,0.0,-76.0
1777889932.6313324,-6.0,0.0,-78.0
1777889932.6413324,-6.0,0.0,-80.0
1777889932.6513324,-6.0,0.0,-79.0
1777889932.6613324,-7.0,-2.0,-71.0
1777889932.6713324,-8.0,-2.0,-70.0
1777889932.6813323,-6.0,-1.0,-82.0
1777889932.6913323,-6.0,1.0,-84.0
1777889932.7013323,0.0,2.0,-80.0
1777889932.7113323,0.0,2.0,-72.0
1777889932.7213323,-2.0,0.0,-77.0
1777889932.7313323,0.0,0.0,-85.0
1777889932.7413323,-3.0,4.0,-91.0
1777889932.7513323,-5.0,5.0,-88.0
1777889932.7613325,-1.0,2.0,-88.0
1777889932.7713325,0.0,3.0,-88.0
1777889932.7813325,2.0,1.0,-89.0
1777889932.7913325,1.0,5.0,-92.0
1777889932.8013325,-1.0,9.0,-86.0
1777889932.8113325,-4.0,10.0,-94.0
1777889932.8213325,0.0,11.0,-93.0
1777889932.8313324,-1.0,6.0,-89.0
1777889932.8423324,0.0,4.0,-85.0
1777889932.8523324,-5.0,-2.0,-78.0
1777889932.8623323,0.0,-4.0,-76.0
1777889932.8723323,1.0,-5.0,-75.0
1777889932.8823323,5.0,-2.0,-68.0
1777889932.8923323,5.0,-1.0,-74.0
1777889932.9023323,1.0,-3.0,-80.0
1777889932.9123323,3.0,-7.0,-81.0
1777889932.9233325,5.0,-6.0,-69.0
1777889932.9323325,4.0,-6.0,-64.0
1777889932.9423325,0.0,-6.0,-69.0
1777889932.9523325,-1.0,-5.0,-77.0
1777889932.9623325,0.0,-1.0,-76.0
1777889932.9723325,0.0,-4.0,-80.0
1777889932.9823325,0.0,-1.0,-76.0
1777889932.9923325,-1.0,0.0,-81.0
1777889933.0023324,-1.0,0.0,-79.0
1777889933.0123324,0.0,0.0,-74.0
1777889933.0223324,1.0,-5.0,-76.0
1777889933.0323324,0.0,-8.0,-72.0
1777889933.0423324,-2.0,-8.0,-66.0
1777889933.0523324,0.0,-8.0,-62.0
1777889933.0623324,0.0,-14.0,-64.0
1777889933.0723324,0.0,-9.0,-62.0
1777889933.0823324,-2.0,-8.0,-65.0
1777889933.0923324,-3.0,-8.0,-70.0
1777889933.1023324,1.0,-7.0,-71.0
1777889933.1123323,3.0,-7.0,-65.0
1777889933.1223323,4.0,0.0,-61.0
1777889933.1323323,6.0,0.0,-61.0
1777889933.1423323,6.0,1.0,-70.0
1777889933.1523323,7.0,0.0,-71.0
1777889933.1623323,9.0,0.0,-72.0
1777889933.1723323,4.0,-2.0,-76.0
1777889933.1823325,2.0,-2.0,-81.0
1777889933.1923325,5.0,-3.0,-77.0
1777889933.2023325,4.0,0.0,-74.0
1777889933.2123325,5.0,2.0,-76.0
1777889933.2223325,5.0,2.0,-71.0
1777889933.2323325,0.0,5.0,-63.0
1777889933.2423325,1.0,3.0,-59.0
1777889933.2523324,3.0,2.0,-63.0
1777889933.2623324,5.0,-1.0,-68.0
1777889933.2723324,4.0,2.0,-65.0
1777889933.2823324,5.0,-1.0,-73.0
1777889933.2923324,4.0,1.0,-75.0
1777889933.3023324,5.0,2.0,-78.0
1777889933.3123324,1.0,2.0,-74.0
1777889933.3223324,0.0,2.0,-71.0
1777889933.3323324,0.0,4.0,-65.0
1777889933.3423324,1.0,3.0,-63.0
1777889933.3523324,2.0,0.0,-72.0
1777889933.3623323,5.0,-3.0,-71.0
1777889933.3723323,0.0,0.0,-70.0
1777889933.3823323,1.0,0.0,-72.0
1777889933.3923323,0.0,-1.0,-65.0
1777889933.4023323,2.0,1.0,-63.0
1777889933.4123323,4.0,0.0,-57.0
1777889933.4223323,5.0,0.0,-59.0
1777889933.4323325,2.0,-5.0,-65.0
1777889933.4423325,3.0,-9.0,-68.0
1777889933.4523325,5.0,-7.0,-72.0
1777889933.4623325,11.0,-4.0,-72.0
1777889933.4723325,6.0,-3.0,-69.0
1777889933.4823325,8.0,-3.0,-70.0
1777889933.4923325,6.0,-1.0,-71.0
1777889933.5023324,5.0,0.0,-79.0
1777889933.5123324,8.0,4.0,-73.0
1777889933.5223324,8.0,9.0,-78.0
1777889933.5323324,5.0,5.0,-76.0
1777889933.5423324,3.0,2.0,-81.0
1777889933.5523324,3.0,1.0,-77.0
1777889933.5623324,1.0,1.0,-79.0
1777889933.5723324,3.0,0.0,-80.0
1777889933.5823324,4.0,3.0,-78.0
1777889933.5923324,3.0,5.0,-78.0
1777889933.6023324,4.0,3.0,-79.0
1777889933.6123323,0.0,2.0,-79.0
1777889933.6223323,5.0,2.0,-80.0
1777889933.6323323,6.0,4.0,-77.0
1777889933.6423323,6.0,0.0,-71.0
1777889933.6523323,9.0,-3.0,-72.0
1777889933.6623323,4.0,-1.0,-75.0
1777889933.6723323,0.0,-3.0,-75.0
1777889933.6823325,2.0,-1.0,-73.0
1777889933.6923325,1.0,-1.0,-70.0
1777889933.7023325,5.0,-2.0,-66.0
1777889933.7123325,5.0,0.0,-65.0
1777889933.7223325,8.0,0.0,-61.0
1777889933.7323325,6.0,-2.0,-60.0
1777889933.7423325,1.0,0.0,-65.0
1777889933.7523324,-2.0,0.0,-67.0
1777889933.7623324,-4.0,-2.0,-70.0
1777889933.7723324,-6.0,-3.0,-69.0
1777889933.7823324,-5.0,0.0,-72.0
1777889933.7923324,-1.0,0.0,-80.0
1777889933.8023324,0.0,-1.0,-81.0
1777889933.8123324,2.0,0.0,-76.0
1777889933.8223324,0.0,-2.0,-74.0
1777889933.8323324,4.0,-2.0,-76.0
1777889933.8423324,5.0,-2.0,-78.0
1777889933.8523324,2.0,-1.0,-77.0
1777889933.8623323,-1.0,1.0,-78.0
1777889933.8723323,0.0,0.0,-75.0
1777889933.8823323,-1.0,-1.0,-67.0
1777889933.8923323,0.0,-1.0,-72.0
1777889933.9023323,0.0,1.0,-72.0
1777889933.9123323,1.0,0.0,-75.0
1777889933.9223323,2.0,-4.0,-72.0
1777889933.9323325,-1.0,-2.0,-73.0
1777889933.9423325,2.0,0.0,-72.0
1777889933.9523325,2.0,-3.0,-64.0
1777889933.9623325,1.0,-3.0,-60.0
1777889933.9723325,0.0,-5.0,-65.0
1777889933.9823325,-1.0,-3.0,-68.0
1777889933.9923325,-1.0,-3.0,-66.0
1777889934.0023324,-3.0,-1.0,-74.0
1777889934.0123324,-4.0,2.0,-75.0
1777889934.0223324,0.0,4.0,-81.0
1777889934.0323324,-1.0,4.0,-76.0
1777889934.0423324,-4.0,6.0,-73.0
1777889934.0523324,0.0,3.0,-73.0
1777889934.0623324,3.0,1.0,-72.0
1777889934.0723324,0.0,4.0,-73.0
1777889934.0823324,4.0,5.0,-69.0
1777889934.0923324,7.0,1.0,-69.0
1777889934.1023324,10.0,3.0,-66.0
1777889934.1123323,3.0,0.0,-71.0
1777889934.1223323,-2.0,0.0,-75.0
1777889934.1323323,-5.0,-2.0,-71.0
1777889934.1423323,-4.0,-1.0,-69.0
1777889934.1523323,-6.0,-4.0,-71.0
1777889934.1623323,-6.0,-5.0,-73.0
1777889934.1723323,1.0,-3.0,-75.0
1777889934.1823325,0.0,-8.0,-80.0
1777889934.1923325,1.0,-9.0,-83.0
1777889934.2023325,2.0,-10.0,-71.0
1777889934.2123325,0.0,-8.0,-73.0
1777889934.2223325,1.0,-6.0,-71.0
1777889934.2323325,0.0,-5.0,-71.0
1777889934.2423325,-3.0,-1.0,-72.0
1777889934.2523324,-3.0,3.0,-75.0
1777889934.2623324,0.0,2.0,-74.0
1777889934.2723324,-1.0,3.0,-73.0
1777889934.2823324,-5.0,3.0,-70.0
1777889934.2923324,-6.0,4.0,-71.0
1777889934.3023324,-5.0,3.0,-69.0
1777889934.3123324,-5.0,1.0,-73.0
1777889934.3223324,-5.0,3.0,-73.0
1777889934.3323324,-2.0,3.0,-69.0
1777889934.3423324,0.0,2.0,-70.0
1777889934.3523324,-4.0,0.0,-70.0
1777889934.3623323,-7.0,-1.0,-74.0
1777889934.3723323,-2.0,0.0,-71.0
1777889934.3823323,-5.0,0.0,-75.0
1777889934.3923323,-6.0,0.0,-74.0
1777889934.4023323,-5.0,-1.0,-75.0
1777889934.4123323,-1.0,-6.0,-73.0
1777889934.4223323,1.0,-7.0,-76.0
1777889934.4323325,3.0,-5.0,-67.0
1777889934.4423325,8.0,-4.0,-64.0
1777889934.4523325,11.0,-5.0,-74.0
1777889934.4623325,12.0,2.0,-69.0
1777889934.4723325,9.0,-2.0,-61.0
1777889934.4823325,10.0,-5.0,-59.0
1777889934.4923325,8.0,-6.0,-57.0
1777889934.5023324,2.0,-8.0,-61.0
1777889934.5123324,-2.0,-5.0,-69.0
1777889934.5223324,0.0,-3.0,-70.0
1777889934.5323324,2.0,0.0,-70.0
1777889934.5423324,6.0,2.0,-70.0
1777889934.5523324,3.0,2.0,-68.0
1777889934.5623324,-1.0,1.0,-75.0
1777889934.5723324,-2.0,1.0,-71.0
1777889934.5823324,3.0,-1.0,-72.0
1777889934.5923324,11.0,-1.0,-77.0
1777889934.6023324,7.0,-2.0,-75.0
1777889934.6123323,1.0,1.0,-75.0
1777889934.6223323,-3.0,4.0,-77.0
1777889934.6323323,-4.0,4.0,-76.0
1777889934.6423323,-5.0,6.0,-79.0
1777889934.6523323,-1.0,4.0,-78.0
1777889934.6623323,-1.0,3.0,-79.0
1777889934.6723323,-2.0,-1.0,-80.0
1777889934.6823325,-2.0,0.0,-78.0
1777889934.6923325,-6.0,2.0,-79.0
1777889934.7023325,-5.0,2.0,-84.0
1777889934.7123325,-6.0,3.0,-85.0
1777889934.7223325,-5.0,0.0,-85.0
1777889934.7323325,-3.0,2.0,-83.0
1777889934.7423325,0.0,4.0,-85.0
1777889934.7523324,1.0,1.0,-80.0
1777889934.7623324,1.0,2.0,-80.0
1777889934.7723324,4.0,2.0,-86.0
1777889934.7823324,5.0,1.0,-91.0
1777889934.7923324,10.0,1.0,-94.0
1777889934.8023324,10.0,-4.0,-91.0
1777889934.8133323,14.0,-6.0,-88.0
1777889934.8233323,11.0,-2.0,-78.0
1777889934.8333323,3.0,-3.0,-77.0
1777889934.8433323,0.0,-2.0,-80.0
1777889934.8533323,5.0,-2.0,-80.0
1777889934.8633325,4.0,-1.0,-85.0
1777889934.8733325,3.0,1.0,-80.0
1777889934.8833325,0.0,1.0,-80.0
1777889934.8933325,-3.0,0.0,-79.0
1777889934.9033325,-5.0,0.0,-79.0
1777889934.9133325,-5.0,-2.0,-78.0
1777889934.9233325,0.0,-4.0,-66.0
1777889934.9333324,0.0,0.0,-65.0
1777889934.9433324,4.0,-3.0,-64.0
1777889934.9533324,4.0,-3.0,-59.0
1777889934.9633324,4.0,-1.0,-63.0
1777889934.9733324,5.0,1.0,-61.0
1777889934.9833324,9.0,2.0,-65.0
1777889934.9933324,13.0,5.0,-71.0
1777889935.0033324,11.0,6.0,-70.0
1777889935.0133324,7.0,7.0,-69.0
1777889935.0233324,3.0,6.0,-68.0
1777889935.0333323,0.0,5.0,-64.0
1777889935.0433323,-3.0,5.0,-66.0
1777889935.0533323,-5.0,3.0,-63.0
1777889935.0633323,-3.0,7.0,-62.0
1777889935.0733323,-3.0,5.0,-61.0
1777889935.0833323,-5.0,4.0,-66.0
1777889935.0933323,-4.0,1.0,-63.0
1777889935.1033323,-3.0,-1.0,-65.0
1777889935.1133325,0.0,2.0,-74.0
1777889935.1233325,-3.0,2.0,-87.0
1777889935.1333325,-1.0,1.0,-77.0
1777889935.1433325,0.0,0.0,-71.0
1777889935.1533325,-2.0,-2.0,-75.0
1777889935.1633325,-2.0,-4.0,-74.0
1777889935.1733325,-4.0,-6.0,-79.0
1777889935.1833324,-4.0,-5.0,-80.0
1777889935.1933324,1.0,-5.0,-83.0
1777889935.2033324,3.0,-4.0,-78.0
1777889935.2133324,0.0,-3.0,-76.0
1777889935.2233324,3.0,-1.0,-75.0
1777889935.2333324,2.0,2.0,-69.0
1777889935.2433324,3.0,0.0,-71.0
1777889935.2533324,1.0,-2.0,-67.0
1777889935.2633324,-1.0,-2.0,-66.0
1777889935.2733324,-2.0,-3.0,-62.0
1777889935.2833323,-2.0,-2.0,-61.0
1777889935.2933323,-3.0,-2.0,-65.0
1777889935.3033323,2.0,-1.0,-68.0
1777889935.3133323,5.0,-2.0,-64.0
1777889935.3233323,5.0,-6.0,-59.0
1777889935.3333323,0.0,0.0,-66.0
1777889935.3433323,0.0,-2.0,-66.0
1777889935.3533323,0.0,0.0,-68.0
1777889935.3633325,0.0,0.0,-68.0
1777889935.3733325,4.0,-1.0,-71.0
1777889935.3833325,2.0,-2.0,-72.0
1777889935.3933325,-1.0,-3.0,-75.0
1777889935.4033325,-2.0,-5.0,-72.0
1777889935.4133325,2.0,-4.0,-68.0
1777889935.4233325,5.0,-4.0,-76.0
1777889935.4333324,5.0,0.0,-75.0
1777889935.4433324,4.0,4.0,-75.0
1777889935.4533324,3.0,1.0,-69.0
1777889935.4633324,5.0,1.0,-71.0
1777889935.4733324,1.0,0.0,-71.0
1777889935.4833324,3.0,0.0,-74.0
1777889935.4933324,-1.0,3.0,-78.0
1777889935.5033324,-8.0,1.0,-78.0
1777889935.5133324,-7.0,-2.0,-78.0
1777889935.5233324,-4.0,0.0,-80.0
1777889935.5333323,-1.0,-1.0,-83.0
1777889935.5433323,0.0,-3.0,-80.0
1777889935.5533323,2.0,-3.0,-75.0
1777889935.5633323,4.0,-6.0,-76.0
1777889935.5733323,0.0,-2.0,-75.0
1777889935.5833323,-4.0,0.0,-76.0
1777889935.5933323,0.0,0.0,-74.0
1777889935.6033323,4.0,0.0,-70.0
1777889935.6133325,8.0,-2.0,-66.0
1777889935.6233325,7.0,-4.0,-65.0
1777889935.6333325,3.0,-1.0,-73.0
1777889935.6433325,2.0,0.0,-79.0
1777889935.6533325,-3.0,-1.0,-77.0
1777889935.6633325,-3.0,0.0,-80.0
1777889935.6733325,-4.0,-2.0,-75.0
1777889935.6833324,0.0,-3.0,-79.0
1777889935.6933324,3.0,-3.0,-77.0
1777889935.7033324,3.0,-2.0,-78.0
1777889935.7133324,6.0,-3.0,-79.0
1777889935.7233324,12.0,-2.0,-69.0
1777889935.7333324,12.0,-2.0,-69.0
1777889935.7433324,11.0,2.0,-72.0
1777889935.7533324,14.0,5.0,-67.0
1777889935.7633324,12.0,-1.0,-61.0
1777889935.7733324,12.0,-1.0,-61.0
1777889935.7833323,9.0,-3.0,-63.0
1777889935.7933323,9.0,0.0,-70.0
1777889935.8033323,4.0,-2.0,-69.0
1777889935.8133323,4.0,-1.0,-78.0
1777889935.8233323,-2.0,-1.0,-79.0
1777889935.8333323,-3.0,-3.0,-78.0
1777889935.8433323,-1.0,-5.0,-73.0
1777889935.8533323,-4.0,-3.0,-70.0
1777889935.8633325,-4.0,-2.0,-72.0
1777889935.8733325,-6.0,-6.0,-71.0
1777889935.8833325,-6.0,-3.0,-81.0
1777889935.8933325,-7.0,-4.0,-73.0
1777889935.9033325,-5.0,-3.0,-66.0
1777889935.9133325,-6.0,-2.0,-70.0
1777889935.9233325,-1.0,-3.0,-77.0
1777889935.9333324,2.0,-6.0,-81.0
1777889935.9433324,3.0,-4.0,-85.0
1777889935.9533324,-1.0,-1.0,-85.0
1777889935.9633324,-1.0,-3.0,-79.0
1777889935.9733324,-3.0,-3.0,-78.0
1777889935.9833324,0.0,-1.0,-78.0
1777889935.9933324,0.0,5.0,-79.0
1777889936.0033324,-2.0,3.0,-73.0
1777889936.0133324,0.0,3.0,-81.0
1777889936.0233324,1.0,5.0,-75.0
1777889936.0333323,3.0,7.0,-74.0
1777889936.0433323,3.0,5.0,-75.0
1777889936.0533323,3.0,8.0,-85.0
1777889936.0633323,7.0,4.0,-82.0
1777889936.0733323,4.0,0.0,-84.0
1777889936.0833323,3.0,-2.0,-79.0
1777889936.0933323,2.0,-1.0,-74.0
1777889936.1033323,-1.0,1.0,-75.0
1777889936.1133325,-2.0,0.0,-73.0
1777889936.1233325,-5.0,1.0,-77.0
1777889936.1333325,-4.0,2.0,-77.0
1777889936.1433325,-2.0,2.0,-70.0
1777889936.1533325,-5.0,1.0,-73.0
1777889936.1633325,-4.0,0.0,-72.0
1777889936.1733325,-4.0,0.0,-66.0
1777889936.1833324,0.0,2.0,-65.0
1777889936.1933324,8.0,0.0,-64.0
1777889936.2033324,7.0,1.0,-73.0
1777889936.2133324,3.0,4.0,-82.0
1777889936.2233324,2.0,3.0,-81.0
1777889936.2333324,3.0,6.0,-88.0
1777889936.2433324,6.0,5.0,-82.0
1777889936.2533324,6.0,4.0,-82.0
1777889936.2633324,6.0,5.0,-79.0
1777889936.2733324,8.0,3.0,-73.0
1777889936.2833323,8.0,2.0,-67.0
1777889936.2933323,12.0,-4.0,-75.0
1777889936.3033323,13.0,-6.0,-75.0
1777889936.3133323,6.0,-6.0,-77.0
1777889936.3233323,2.0,-1.0,-77.0
1777889936.3333323,1.0,-2.0,-71.0
1777889936.3433323,1.0,-4.0,-71.0
1777889936.3533323,1.0,-6.0,-79.0
1777889936.3633325,2.0,-12.0,-81.0
1777889936.3733325,1.0,-14.0,-76.0
1777889936.3833325,2.0,-12.0,-82.0
1777889936.3933325,2.0,-8.0,-81.0
1777889936.4033325,-2.0,-4.0,-82.0
1777889936.4133325,-4.0,-4.0,-87.0
1777889936.4233325,-4.0,-1.0,-89.0
1777889936.4333324,-4.0,-6.0,-85.0
1777889936.4433324,-6.0,-5.0,-81.0
1777889936.4533324,-6.0,-4.0,-81.0
1777889936.4633324,-7.0,-3.0,-81.0
1777889936.4733324,-5.0,-3.0,-75.0
1777889936.4833324,0.0,-6.0,-74.0
1777889936.4933324,2.0,-4.0,-73.0
1777889936.5033324,4.0,-4.0,-67.0
1777889936.5133324,4.0,-5.0,-65.0
1777889936.5233324,-1.0,-3.0,-69.0
1777889936.5333323,0.0,-4.0,-74.0
1777889936.5433323,-1.0,-4.0,-77.0
1777889936.5533323,-3.0,-3.0,-73.0
1777889936.5633323,-1.0,-2.0,-70.0
1777889936.5733323,0.0,0.0,-78.0
1777889936.5833323,3.0,-2.0,-78.0
1777889936.5933323,1.0,-1.0,-78.0
1777889936.6033323,-1.0,-1.0,-81.0
1777889936.6133325,0.0,-3.0,-83.0
1777889936.6233325,0.0,0.0,-86.0
1777889936.6333325,0.0,-1.0,-88.0
1777889936.6433325,2.0,0.0,-84.0
1777889936.6533325,5.0,1.0,-76.0
1777889936.6633325,12.0,-2.0,-73.0
1777889936.6733325,12.0,-4.0,-76.0
1777889936.6833324,12.0,-6.0,-81.0
1777889936.6933324,13.0,-6.0,-81.0
1777889936.7033324,11.0,-4.0,-76.0
1777889936.7133324,6.0,-4.0,-73.0
1777889936.7233324,3.0,-5.0,-67.0
1777889936.7333324,0.0,-3.0,-68.0
1777889936.7433324,0.0,-5.0,-70.0
1777889936.7533324,-1.0,-3.0,-79.0
1777889936.7643323,0.0,-1.0,-76.0
1777889936.7733324,2.0,0.0,-76.0
1777889936.7843325,8.0,2.0,-79.0
1777889936.7933323,4.0,2.0,-76.0
1777889936.8043325,3.0,0.0,-84.0
1777889936.8143325,3.0,-3.0,-82.0
1777889936.8243325,-2.0,-3.0,-89.0
1777889936.8343325,-2.0,-4.0,-88.0
1777889936.8443325,-7.0,0.0,-85.0
1777889936.8543324,-8.0,0.0,-85.0
1777889936.8643324,-4.0,0.0,-86.0
1777889936.8743324,0.0,2.0,-84.0
1777889936.8843324,-2.0,1.0,-85.0
1777889936.8943324,0.0,2.0,-86.0
1777889936.9043324,0.0,-1.0,-84.0
1777889936.9143324,2.0,-1.0,-78.0
1777889936.9243324,1.0,-1.0,-79.0
1777889936.9343324,5.0,0.0,-73.0
1777889936.9443324,6.0,4.0,-63.0
1777889936.9543324,0.0,6.0,-67.0
1777889936.9643323,0.0,4.0,-72.0
1777889936.9743323,-3.0,7.0,-72.0
1777889936.9843323,-2.0,6.0,-74.0
1777889936.9943323,-3.0,1.0,-77.0
1777889937.0043323,-3.0,-2.0,-75.0
1777889937.0143323,-2.0,0.0,-77.0
1777889937.0243323,-1.0,0.0,-79.0
1777889937.0343325,-3.0,1.0,-75.0
1777889937.0443325,-3.0,3.0,-73.0
1777889937.0543325,-2.0,6.0,-69.0
1777889937.0643325,0.0,5.0,-67.0
1777889937.0743325,-1.0,2.0,-68.0
1777889937.0843325,0.0,2.0,-65.0
1777889937.0943325,2.0,1.0,-67.0
1777889937.1043324,3.0,0.0,-74.0
1777889937.1143324,6.0,1.0,-71.0
1777889937.1243324,8.0,2.0,-70.0
1777889937.1343324,8.0,1.0,-72.0
1777889937.1443324,6.0,0.0,-72.0
1777889937.1543324,5.0,3.0,-70.0
1777889937.1643324,5.0,2.0,-69.0
1777889937.1743324,0.0,6.0,-72.0
1777889937.1843324,-3.0,2.0,-75.0
1777889937.1943324,-9.0,0.0,-80.0
1777889937.2043324,-6.0,0.0,-81.0
1777889937.2143323,-1.0,1.0,-80.0
1777889937.2243323,2.0,1.0,-82.0
1777889937.2343323,2.0,-1.0,-87.0
1777889937.2443323,0.0,4.0,-80.0
1777889937.2543323,0.0,0.0,-77.0
1777889937.2643323,2.0,0.0,-80.0
1777889937.2743323,0.0,0.0,-80.0
1777889937.2843325,-2.0,-3.0,-79.0
1777889937.2943325,-4.0,-3.0,-72.0
1777889937.3043325,-7.0,0.0,-67.0
1777889937.3143325,-3.0,1.0,-61.0
1777889937.3243325,-2.0,2.0,-60.0
1777889937.3343325,-2.0,5.0,-64.0
1777889937.3443325,-5.0,7.0,-69.0
1777889937.3543324,-7.0,2.0,-68.0
1777889937.3643324,-6.0,0.0,-72.0
1777889937.3743324,-5.0,-1.0,-74.0
1777889937.3843324,-2.0,-1.0,-73.0
1777889937.3943324,0.0,-1.0,-73.0
1777889937.4043324,2.0,-6.0,-76.0
1777889937.4143324,3.0,-5.0,-71.0
1777889937.4243324,0.0,-3.0,-74.0
1777889937.4343324,6.0,0.0,-76.0
1777889937.4443324,3.0,2.0,-71.0
1777889937.4543324,6.0,0.0,-73.0
1777889937.4643323,4.0,0.0,-78.0
1777889937.4743323,1.0,-2.0,-78.0
1777889937.4843323,0.0,-4.0,-83.0
1777889937.4943323,2.0,-11.0,-79.0
1777889937.5043323,2.0,-9.0,-80.0
1777889937.5143323,4.0,-6.0,-77.0
1777889937.5243323,6.0,-5.0,-70.0
1777889937.5343325,10.0,-2.0,-64.0
1777889937.5443325,6.0,-2.0,-60.0
1777889937.5543325,8.0,0.0,-65.0
1777889937.5643325,3.0,0.0,-73.0
1777889937.5743325,2.0,-3.0,-73.0
1777889937.5843325,0.0,0.0,-72.0
1777889937.5943325,2.0,5.0,-75.0
1777889937.6043324,2.0,6.0,-80.0
1777889937.6143324,0.0,7.0,-81.0
1777889937.6243324,7.0,5.0,-77.0
1777889937.6343324,3.0,2.0,-72.0
1777889937.6443324,2.0,0.0,-74.0
1777889937.6543324,1.0,0.0,-78.0
1777889937.6643324,4.0,-1.0,-76.0
1777889937.6743324,1.0,-1.0,-73.0
1777889937.6843324,3.0,-3.0,-68.0
1777889937.6943324,5.0,-5.0,-74.0
1777889937.7043324,3.0,-1.0,-74.0
1777889937.7143323,4.0,-2.0,-69.0
1777889937.7243323,2.0,-2.0,-78.0
1777889937.7343323,-1.0,-3.0,-83.0
1777889937.7443323,0.0,-8.0,-88.0
1777889937.7543323,-3.0,-4.0,-86.0
1777889937.7643323,-2.0,-7.0,-81.0
1777889937.7743323,-5.0,-3.0,-77.0
1777889937.7843325,-8.0,2.0,-75.0
1777889937.7943325,-4.0,2.0,-76.0
1777889937.8043325,0.0,5.0,-68.0
1777889937.8143325,0.0,7.0,-70.0
1777889937.8243325,0.0,3.0,-67.0
1777889937.8343325,-1.0,1.0,-69.0
1777889937.8443325,0.0,-3.0,-75.0
1777889937.8543324,6.0,-1.0,-79.0
1777889937.8643324,10.0,0.0,-76.0
1777889937.8743324,10.0,0.0,-79.0
1777889937.8843324,6.0,1.0,-73.0
1777889937.8943324,9.0,0.0,-66.0
1777889937.9043324,12.0,1.0,-70.0
1777889937.9143324,10.0,3.0,-71.0
1777889937.9243324,12.0,1.0,-72.0
1777889937.9343324,9.0,-1.0,-66.0
1777889937.9443324,6.0,1.0,-69.0
1777889937.9543324,0.0,4.0,-72.0
1777889937.9643323,-3.0,3.0,-69.0
1777889937.9743323,0.0,4.0,-70.0
1777889937.9843323,2.0,2.0,-72.0
1777889937.9943323,3.0,3.0,-72.0
1777889938.0043323,4.0,0.0,-66.0
1777889938.0143323,3.0,-1.0,-64.0
1777889938.0243323,2.0,1.0,-61.0
1777889938.0343325,0.0,-1.0,-62.0
1777889938.0443325,3.0,-1.0,-64.0
1777889938.0543325,2.0,-1.0,-66.0
1777889938.0643325,3.0,0.0,-65.0
1777889938.0743325,5.0,0.0,-72.0
1777889938.0843325,5.0,-3.0,-74.0
1777889938.0943325,0.0,-6.0,-77.0
1777889938.1043324,0.0,-8.0,-77.0
1777889938.1143324,6.0,-5.0,-74.0
1777889938.1243324,3.0,-3.0,-78.0
1777889938.1343324,6.0,-3.0,-75.0
1777889938.1443324,7.0,-3.0,-72.0
1777889938.1543324,0.0,1.0,-71.0
1777889938.1643324,-5.0,2.0,-70.0
1777889938.1743324,-1.0,-1.0,-65.0
1777889938.1843324,0.0,0.0,-64.0
1777889938.1943324,0.0,0.0,-72.0
1777889938.2043324,0.0,-1.0,-73.0
1777889938.2143323,-2.0,-4.0,-75.0
1777889938.2243323,-3.0,0.0,-80.0
1777889938.2343323,-2.0,2.0,-73.0
1777889938.2443323,0.0,0.0,-69.0
1777889938.2543323,3.0,1.0,-67.0
1777889938.2643323,2.0,0.0,-71.0
1777889938.2743323,4.0,1.0,-67.0
1777889938.2843325,4.0,0.0,-69.0
1777889938.2943325,2.0,0.0,-68.0
1777889938.3043325,4.0,-4.0,-74.0
1777889938.3143325,7.0,-5.0,-72.0
1777889938.3243325,3.0,-6.0,-74.0
1777889938.3343325,2.0,-4.0,-77.0
1777889938.3443325,0.0,-6.0,-74.0
1777889938.3543324,0.0,-5.0,-70.0
1777889938.3643324,2.0,-6.0,-67.0
1777889938.3743324,4.0,-2.0,-67.0
1777889938.3843324,4.0,-4.0,-65.0
1777889938.3943324,0.0,-4.0,-66.0
1777889938.4043324,-5.0,-10.0,-71.0
1777889938.4143324,-4.0,-11.0,-73.0
1777889938.4243324,0.0,-7.0,-77.0
1777889938.4343324,2.0,-3.0,-73.0
1777889938.4443324,-2.0,-1.0,-79.0
1777889938.4543324,0.0,-2.0,-82.0
1777889938.4643323,-1.0,-2.0,-86.0
1777889938.4743323,-2.0,-2.0,-89.0
1777889938.4843323,0.0,-3.0,-85.0
1777889938.4943323,-3.0,-2.0,-83.0
1777889938.5043323,-2.0,-4.0,-80.0
1777889938.5143323,0.0,-5.0,-77.0
1777889938.5243323,0.0,-7.0,-71.0
1777889938.5343325,0.0,-4.0,-69.0
1777889938.5443325,0.0,-1.0,-74.0
1777889938.5543325,0.0,1.0,-75.0
1777889938.5643325,-1.0,0.0,-75.0
1777889938.5743325,-6.0,0.0,-75.0
1777889938.5843325,-5.0,0.0,-68.0
1777889938.5943325,-2.0,1.0,-67.0
1777889938.6043324,-2.0,6.0,-74.0
1777889938.6143324,-7.0,6.0,-78.0
1777889938.6243324,-10.0,7.0,-81.0
1777889938.6343324,-9.0,8.0,-76.0
1777889938.6443324,-6.0,6.0,-77.0
1777889938.6543324,-9.0,7.0,-74.0
1777889938.6643324,-6.0,2.0,-73.0
1777889938.6743324,-3.0,0.0,-79.0
1777889938.6843324,4.0,0.0,-80.0
1777889938.6943324,3.0,0.0,-75.0
1777889938.7043324,4.0,-2.0,-79.0
1777889938.7143323,6.0,-6.0,-79.0
1777889938.7243323,7.0,-3.0,-79.0
1777889938.7343323,8.0,-7.0,-81.0
1777889938.7443323,8.0,-7.0,-87.0
1777889938.7543323,3.0,-5.0,-88.0
1777889938.7643323,4.0,-1.0,-87.0
1777889938.7743323,3.0,0.0,-82.0
1777889938.7853324,1.0,-2.0,-82.0
1777889938.7943325,3.0,0.0,-86.0
1777889938.8053324,2.0,-3.0,-82.0
1777889938.8153324,0.0,-4.0,-78.0
1777889938.8253324,0.0,-5.0,-72.0
1777889938.8353324,0.0,-3.0,-73.0
1777889938.8453324,2.0,-4.0,-71.0
1777889938.8553324,-2.0,-4.0,-71.0
1777889938.8653324,-1.0,-4.0,-74.0
1777889938.8753324,0.0,-1.0,-76.0
1777889938.8853323,0.0,-5.0,-77.0
1777889938.8953323,4.0,-6.0,-72.0
1777889938.9053323,2.0,-1.0,-79.0
1777889938.9153323,0.0,-2.0,-82.0
1777889938.9253323,-2.0,-3.0,-80.0
1777889938.9353323,-4.0,-2.0,-76.0
1777889938.9453323,-6.0,0.0,-81.0
1777889938.9553325,-5.0,-4.0,-74.0
1777889938.9653325,-3.0,-5.0,-77.0
1777889938.9753325,-5.0,-2.0,-79.0
1777889938.9853325,1.0,-6.0,-81.0
1777889938.9953325,2.0,-2.0,-83.0
1777889939.0053325,8.0,-1.0,-84.0
1777889939.0153325,5.0,-4.0,-85.0
1777889939.0253325,2.0,-3.0,-75.0
1777889939.0353324,0.0,-2.0,-73.0
1777889939.0453324,0.0,0.0,-70.0
1777889939.0553324,0.0,1.0,-76.0
1777889939.0653324,0.0,2.0,-77.0
1777889939.0753324,2.0,4.0,-77.0
1777889939.0853324,-1.0,0.0,-74.0
1777889939.0953324,-5.0,0.0,-74.0
1777889939.1053324,-2.0,1.0,-68.0
1777889939.1153324,-2.0,0.0,-68.0
1777889939.1253324,-4.0,1.0,-71.0
1777889939.1353323,-2.0,2.0,-67.0
1777889939.1453323,0.0,3.0,-68.0
1777889939.1553323,0.0,1.0,-71.0
1777889939.1653323,0.0,3.0,-72.0
1777889939.1753323,-2.0,6.0,-84.0
1777889939.1853323,-3.0,4.0,-80.0
1777889939.1953323,3.0,0.0,-80.0
1777889939.2053325,2.0,-3.0,-84.0
1777889939.2153325,-3.0,-1.0,-80.0
1777889939.2253325,0.0,2.0,-77.0
1777889939.2353325,0.0,6.0,-82.0
1777889939.2453325,4.0,2.0,-82.0
1777889939.2553325,4.0,1.0,-82.0
1777889939.2653325,5.0,0.0,-72.0
1777889939.2753325,3.0,0.0,-65.0
1777889939.2853324,4.0,2.0,-67.0
1777889939.2953324,9.0,2.0,-68.0
1777889939.3053324,8.0,0.0,-77.0
1777889939.3153324,5.0,-1.0,-81.0
1777889939.3253324,1.0,2.0,-78.0
1777889939.3353324,-2.0,0.0,-77.0
1777889939.3453324,-5.0,1.0,-78.0
1777889939.3553324,-4.0,-2.0,-81.0
1777889939.3653324,0.0,-6.0,-77.0
1777889939.3753324,2.0,-4.0,-72.0
1777889939.3853323,3.0,0.0,-70.0
1777889939.3953323,0.0,0.0,-71.0
1777889939.4053323,3.0,-2.0,-72.0
1777889939.4153323,5.0,-3.0,-75.0
1777889939.4253323,7.0,-5.0,-73.0
1777889939.4353323,4.0,-2.0,-70.0
1777889939.4453323,2.0,-3.0,-71.0
1777889939.4553325,5.0,0.0,-66.0
1777889939.4653325,6.0,0.0,-63.0
1777889939.4753325,7.0,0.0,-63.0
1777889939.4853325,3.0,-1.0,-67.0
1777889939.4953325,0.0,-4.0,-77.0
1777889939.5053325,0.0,-3.0,-84.0
1777889939.5153325,4.0,-6.0,-84.0
1777889939.5253325,0.0,-4.0,-81.0
1777889939.5353324,4.0,1.0,-77.0
1777889939.5453324,1.0,2.0,-77.0
1777889939.5553324,3.0,-1.0,-80.0
1777889939.5653324,1.0,2.0,-78.0
1777889939.5753324,2.0,2.0,-82.0
1777889939.5853324,0.0,-1.0,-73.0
1777889939.5953324,2.0,0.0,-77.0
1777889939.6053324,0.0,2.0,-77.0
1777889939.6153324,0.0,0.0,-78.0
1777889939.6253324,-1.0,-1.0,-79.0
1777889939.6353323,1.0,0.0,-78.0
1777889939.6453323,0.0,0.0,-81.0
1777889939.6553323,1.0,-3.0,-82.0
1777889939.6653323,1.0,-4.0,-79.0
1777889939.6753323,-4.0,0.0,-77.0
1777889939.6853323,-5.0,4.0,-79.0
1777889939.6953323,-4.0,2.0,-81.0
1777889939.7053325,0.0,1.0,-79.0
1777889939.7153325,-1.0,5.0,-76.0
1777889939.7253325,-4.0,2.0,-72.0
1777889939.7353325,-2.0,5.0,-79.0
1777889939.7453325,-6.0,7.0,-81.0
1777889939.7553325,-4.0,5.0,-82.0
1777889939.7653325,-6.0,2.0,-84.0
1777889939.7753325,0.0,0.0,-85.0
1777889939.7853324,4.0,-3.0,-81.0
1777889939.7953324,-1.0,-5.0,-76.0
1777889939.8053324,0.0,-4.0,-74.0
1777889939.8153324,-2.0,-5.0,-72.0
1777889939.8253324,2.0,-7.0,-77.0
1777889939.8353324,4.0,-3.0,-80.0
1777889939.8453324,5.0,-7.0,-68.0
1777889939.8553324,3.0,-9.0,-71.0
1777889939.8653324,6.0,-7.0,-71.0
1777889939.8753324,1.0,-5.0,-74.0
1777889939.8853323,0.0,-2.0,-77.0
1777889939.8953323,0.0,-5.0,-76.0
1777889939.9053323,3.0,-5.0,-71.0
1777889939.9153323,10.0,-5.0,-72.0
1777889939.9253323,5.0,-2.0,-73.0
1777889939.9353323,2.0,0.0,-73.0
1777889939.9453323,2.0,2.0,-68.0
1777889939.9553325,0.0,1.0,-68.0
1777889939.9653325,1.0,-1.0,-70.0
1777889939.9753325,2.0,-3.0,-71.0
1777889939.9853325,2.0,-1.0,-75.0
1777889939.9953325,0.0,0.0,-78.0
1777889940.0053325,3.0,3.0,-80.0
1777889940.0153325,3.0,4.0,-74.0
1777889940.0253325,0.0,3.0,-67.0
1777889940.0353324,0.0,2.0,-74.0
1777889940.0453324,4.0,3.0,-76.0
1777889940.0553324,7.0,-1.0,-84.0
1777889940.0653324,6.0,-2.0,-76.0
1777889940.0753324,1.0,-6.0,-75.0
1777889940.0853324,2.0,-2.0,-81.0
1777889940.0953324,0.0,-1.0,-76.0
1777889940.1053324,2.0,0.0,-72.0
1777889940.1153324,2.0,1.0,-73.0
1777889940.1253324,0.0,-1.0,-72.0
1777889940.1353323,0.0,0.0,-76.0
1777889940.1453323,0.0,0.0,-76.0
1777889940.1553323,0.0,-4.0,-78.0
1777889940.1653323,3.0,-4.0,-77.0
1777889940.1753323,3.0,-2.0,-75.0
1777889940.1853323,0.0,0.0,-78.0
1777889940.1953323,-3.0,3.0,-80.0
1777889940.2053325,-3.0,6.0,-84.0
1777889940.2153325,-3.0,2.0,-79.0
1777889940.2253325,-4.0,0.0,-81.0
1777889940.2353325,-2.0,3.0,-80.0
1777889940.2453325,-2.0,0.0,-83.0
1777889940.2553325,0.0,0.0,-83.0
1777889940.2653325,4.0,0.0,-82.0
1777889940.2753325,6.0,0.0,-81.0
1777889940.2853324,10.0,1.0,-72.0
1777889940.2953324,5.0,-2.0,-72.0
1777889940.3053324,0.0,-4.0,-74.0
1777889940.3153324,0.0,-6.0,-71.0
1777889940.3253324,2.0,-4.0,-72.0
1777889940.3353324,0.0,0.0,-76.0
1777889940.3453324,-2.0,2.0,-73.0
1777889940.3553324,-5.0,2.0,-69.0
1777889940.3653324,-4.0,-1.0,-77.0
1777889940.3753324,0.0,0.0,-79.0
1777889940.3853323,-2.0,3.0,-77.0
1777889940.3953323,-2.0,5.0,-68.0
1777889940.4053323,-1.0,2.0,-67.0
1777889940.4153323,-2.0,1.0,-68.0
1777889940.4253323,0.0,3.0,-74.0
1777889940.4353323,0.0,2.0,-77.0
1777889940.4453323,2.0,4.0,-73.0
1777889940.4553325,5.0,2.0,-69.0
1777889940.4653325,5.0,-3.0,-77.0
1777889940.4753325,4.0,0.0,-79.0
1777889940.4853325,4.0,0.0,-75.0
1777889940.4953325,7.0,3.0,-77.0
1777889940.5053325,5.0,3.0,-82.0
1777889940.5153325,2.0,0.0,-82.0
1777889940.5253325,2.0,-4.0,-76.0
1777889940.5353324,2.0,-5.0,-75.0
1777889940.5453324,2.0,-3.0,-76.0
1777889940.5553324,2.0,-4.0,-81.0
1777889940.5653324,3.0,0.0,-78.0
1777889940.5753324,4.0,1.0,-81.0
1777889940.5853324,7.0,0.0,-82.0
1777889940.5953324,8.0,-1.0,-80.0
1777889940.6053324,6.0,-2.0,-74.0
1777889940.6153324,3.0,-4.0,-72.0
1777889940.6253324,4.0,-4.0,-74.0
1777889940.6353323,6.0,0.0,-67.0
1777889940.6453323,3.0,1.0,-65.0
1777889940.6553323,0.0,0.0,-66.0
1777889940.6653323,-2.0,-1.0,-72.0
1777889940.6753323,-7.0,-2.0,-70.0
1777889940.6853323,-9.0,-6.0,-67.0
1777889940.6953323,-9.0,-6.0,-58.0
1777889940.7053325,-3.0,-6.0,-69.0
1777889940.7153325,-8.0,-2.0,-71.0
1777889940.7253325,-8.0,-4.0,-72.0
1777889940.7353325,-7.0,-2.0,-69.0
1777889940.7453325,-10.0,0.0,-71.0
1777889940.7553325,-2.0,-1.0,-73.0
1777889940.7663324,0.0,-3.0,-73.0
1777889940.7753325,-4.0,0.0,-72.0
1777889940.7863324,1.0,3.0,-72.0
1777889940.7963324,6.0,1.0,-75.0
1777889940.8063323,6.0,2.0,-78.0
1777889940.8163323,6.0,0.0,-82.0
1777889940.8263323,1.0,0.0,-84.0
1777889940.8363323,2.0,0.0,-78.0
1777889940.8463323,4.0,0.0,-77.0
1777889940.8563323,3.0,2.0,-75.0
1777889940.8663323,5.0,4.0,-74.0
1777889940.8763323,3.0,0.0,-74.0
1777889940.8863325,0.0,-1.0,-75.0
1777889940.8963325,-1.0,-1.0,-72.0
1777889940.9063325,-2.0,-1.0,-76.0
1777889940.9163325,0.0,0.0,-73.0
1777889940.9263325,5.0,1.0,-68.0
1777889940.9363325,0.0,3.0,-70.0
1777889940.9463325,0.0,7.0,-73.0
1777889940.9563324,0.0,3.0,-73.0
1777889940.9663324,0.0,3.0,-62.0
1777889940.9763324,-5.0,4.0,-63.0
1777889940.9863324,-5.0,0.0,-71.0
1777889940.9963324,0.0,0.0,-71.0
1777889941.0063324,0.0,-2.0,-72.0
1777889941.0163324,0.0,-2.0,-60.0
1777889941.0263324,0.0,-2.0,-64.0
1777889941.0363324,0.0,-1.0,-70.0
1777889941.0463324,2.0,2.0,-74.0
1777889941.0563323,2.0,0.0,-73.0
1777889941.0663323,-1.0,-1.0,-78.0
1777889941.0763323,-3.0,0.0,-78.0
1777889941.0863323,-7.0,-1.0,-77.0
1777889941.0963323,-5.0,-3.0,-67.0
1777889941.1063323,-1.0,-5.0,-66.0
1777889941.1163323,-3.0,-8.0,-72.0
1777889941.1263323,-2.0,-7.0,-79.0
1777889941.1363325,0.0,-7.0,-72.0
1777889941.1463325,0.0,-6.0,-70.0
1777889941.1563325,0.0,-7.0,-72.0
1777889941.1663325,2.0,-7.0,-73.0
1777889941.1763325,6.0,-4.0,-73.0
1777889941.1863325,5.0,-2.0,-71.0
1777889941.1963325,11.0,3.0,-72.0
1777889941.2063324,9.0,3.0,-76.0
1777889941.2163324,6.0,4.0,-83.0
1777889941.2263324,0.0,4.0,-83.0
1777889941.2363324,0.0,1.0,-86.0
1777889941.2463324,5.0,0.0,-82.0
1777889941.2563324,3.0,0.0,-82.0
1777889941.2663324,1.0,-1.0,-79.0
1777889941.2763324,4.0,0.0,-77.0
1777889941.2863324,5.0,-4.0,-73.0
1777889941.2963324,8.0,-6.0,-73.0
1777889941.3063323,1.0,-6.0,-77.0
1777889941.3163323,6.0,-3.0,-72.0
1777889941.3263323,3.0,-2.0,-65.0
1777889941.3363323,4.0,-1.0,-64.0
1777889941.3463323,3.0,-6.0,-67.0
1777889941.3563323,1.0,-3.0,-68.0
1777889941.3663323,-1.0,-3.0,-71.0
1777889941.3763323,-3.0,3.0,-78.0
1777889941.3863325,-4.0,6.0,-79.0
1777889941.3963325,-1.0,4.0,-81.0
1777889941.4063325,-2.0,0.0,-79.0
1777889941.4163325,2.0,-1.0,-81.0
1777889941.4263325,2.0,-5.0,-72.0
1777889941.4363325,0.0,-1.0,-72.0
1777889941.4463325,0.0,1.0,-72.0
1777889941.4563324,0.0,4.0,-76.0
1777889941.4663324,-1.0,3.0,-73.0
1777889941.4763324,0.0,4.0,-73.0
1777889941.4863324,2.0,1.0,-68.0
1777889941.4963324,0.0,-3.0,-70.0
1777889941.5063324,1.0,-7.0,-66.0
1777889941.5163324,0.0,-2.0,-69.0
1777889941.5263324,-3.0,-1.0,-76.0
1777889941.5363324,0.0,-1.0,-82.0
1777889941.5463324,-1.0,-5.0,-87.0
1777889941.5563323,-3.0,-4.0,-86.0
1777889941.5663323,-5.0,-2.0,-85.0
1777889941.5763323,-7.0,-3.0,-84.0
1777889941.5863323,-5.0,0.0,-83.0
1777889941.5963323,-5.0,2.0,-85.0
1777889941.6063323,0.0,0.0,-82.0
1777889941.6163323,-4.0,0.0,-81.0
1777889941.6263323,-2.0,1.0,-79.0
1777889941.6363325,0.0,4.0,-70.0
1777889941.6463325,-1.0,1.0,-64.0
1777889941.6563325,2.0,2.0,-67.0
1777889941.6663325,-3.0,0.0,-64.0
1777889941.6763325,-2.0,-2.0,-67.0
1777889941.6863325,1.0,1.0,-67.0
1777889941.6963325,3.0,2.0,-68.0
1777889941.7063324,0.0,0.0,-68.0
1777889941.7163324,-3.0,-7.0,-73.0
1777889941.7263324,0.0,-7.0,-78.0
1777889941.7363324,1.0,-9.0,-77.0
1777889941.7463324,0.0,-5.0,-75.0
1777889941.7563324,-1.0,-2.0,-73.0
1777889941.7663324,-2.0,-4.0,-71.0
1777889941.7763324,0.0,-6.0,-66.0
1777889941.7863324,6.0,-7.0,-67.0
1777889941.7963324,6.0,-9.0,-66.0
1777889941.8063323,6.0,-11.0,-64.0
1777889941.8163323,8.0,-8.0,-65.0
1777889941.8263323,1.0,-3.0,-67.0
1777889941.8363323,1.0,-1.0,-80.0
1777889941.8463323,0.0,0.0,-79.0
1777889941.8563323,2.0,0.0,-75.0
1777889941.8663323,0.0,-3.0,-78.0
1777889941.8763323,4.0,-2.0,-76.0
1777889941.8863325,0.0,0.0,-80.0
1777889941.8963325,0.0,-1.0,-81.0
1777889941.9063325,0.0,0.0,-76.0
1777889941.9163325,2.0,1.0,-79.0
1777889941.9263325,2.0,0.0,-76.0
1777889941.9363325,0.0,0.0,-82.0
1777889941.9463325,-1.0,1.0,-79.0
1777889941.9563324,0.0,2.0,-81.0
1777889941.9663324,0.0,0.0,-81.0
1777889941.9763324,1.0,0.0,-81.0
1777889941.9863324,0.0,1.0,-83.0
1777889941.9963324,3.0,2.0,-82.0
1777889942.0063324,5.0,5.0,-86.0
1777889942.0163324,0.0,4.0,-75.0
1777889942.0263324,3.0,8.0,-74.0
1777889942.0363324,5.0,6.0,-75.0
1777889942.0463324,3.0,2.0,-73.0
1777889942.0563323,0.0,1.0,-70.0
1777889942.0663323,4.0,0.0,-64.0
1777889942.0763323,6.0,0.0,-68.0
1777889942.0863323,1.0,-4.0,-69.0
1777889942.0963323,3.0,1.0,-72.0
1777889942.1063323,-2.0,0.0,-73.0
1777889942.1163323,0.0,-1.0,-76.0
1777889942.1263323,0.0,0.0,-79.0
1777889942.1363325,3.0,0.0,-77.0
1777889942.1463325,4.0,0.0,-72.0
1777889942.1563325,2.0,0.0,-70.0
1777889942.1663325,2.0,1.0,-75.0
1777889942.1763325,1.0,2.0,-73.0
1777889942.1863325,-1.0,1.0,-82.0
1777889942.1963325,-2.0,-1.0,-84.0
1777889942.2063324,-2.0,0.0,-82.0
1777889942.2163324,-7.0,1.0,-80.0
1777889942.2263324,-2.0,3.0,-86.0
1777889942.2363324,-4.0,5.0,-86.0
1777889942.2463324,-1.0,6.0,-79.0
1777889942.2563324,-1.0,9.0,-78.0
1777889942.2663324,-3.0,2.0,-77.0
1777889942.2763324,-7.0,1.0,-76.0
1777889942.2863324,-5.0,0.0,-71.0
1777889942.2963324,-3.0,-2.0,-71.0
1777889942.3063323,-4.0,-2.0,-75.0
1777889942.3163323,0.0,-2.0,-72.0
1777889942.3263323,0.0,0.0,-76.0
1777889942.3363323,-2.0,0.0,-71.0
1777889942.3463323,1.0,-6.0,-74.0
1777889942.3563323,0.0,-3.0,-78.0
1777889942.3663323,-4.0,-2.0,-77.0
1777889942.3763323,-6.0,-2.0,-72.0
1777889942.3863325,-5.0,-3.0,-70.0
1777889942.3963325,-6.0,-2.0,-70.0
1777889942.4063325,-1.0,-1.0,-70.0
1777889942.4163325,2.0,0.0,-74.0
1777889942.4263325,0.0,-2.0,-75.0
1777889942.4363325,6.0,-4.0,-75.0
1777889942.4463325,6.0,-6.0,-68.0
1777889942.4563324,6.0,-5.0,-68.0
1777889942.4663324,8.0,-3.0,-62.0
1777889942.4763324,8.0,3.0,-67.0
1777889942.4863324,4.0,2.0,-63.0
1777889942.4963324,5.0,3.0,-66.0
1777889942.5063324,9.0,1.0,-68.0
1777889942.5163324,7.0,0.0,-71.0
1777889942.5263324,4.0,1.0,-68.0
1777889942.5363324,4.0,-1.0,-67.0
1777889942.5463324,0.0,-3.0,-67.0
1777889942.5563323,-3.0,0.0,-64.0
1777889942.5663323,-4.0,0.0,-66.0
1777889942.5763323,-4.0,-4.0,-68.0
1777889942.5863323,-3.0,-8.0,-71.0
1777889942.5963323,2.0,-6.0,-74.0
1777889942.6063323,8.0,-5.0,-74.0
1777889942.6163323,11.0,0.0,-73.0
1777889942.6263323,5.0,-3.0,-76.0
1777889942.6363325,2.0,-6.0,-84.0
1777889942.6463325,1.0,-6.0,-80.0
1777889942.6563325,5.0,-5.0,-82.0
1777889942.6663325,2.0,-2.0,-71.0
1777889942.6763325,0.0,-5.0,-66.0
1777889942.6863325,1.0,-2.0,-63.0
1777889942.6963325,0.0,-4.0,-70.0
1777889942.7063324,1.0,-4.0,-70.0
1777889942.7163324,4.0,-2.0,-75.0
1777889942.7263324,2.0,-2.0,-67.0
1777889942.7363324,0.0,-2.0,-68.0
1777889942.7473323,0.0,-5.0,-67.0
1777889942.7573323,0.0,-4.0,-71.0
1777889942.7673323,0.0,-3.0,-70.0
1777889942.7773323,4.0,-3.0,-72.0
1777889942.7873323,4.0,0.0,-66.0
1777889942.7973323,5.0,-2.0,-74.0
1777889942.8073325,4.0,-1.0,-69.0
1777889942.8173325,3.0,-1.0,-72.0
1777889942.8273325,0.0,-1.0,-71.0
1777889942.8373325,4.0,-1.0,-71.0
1777889942.8473325,4.0,0.0,-82.0
1777889942.8573325,2.0,0.0,-81.0
1777889942.8673325,0.0,0.0,-77.0
1777889942.8773324,-2.0,-1.0,-80.0
1777889942.8873324,1.0,-3.0,-76.0
1777889942.8973324,2.0,-3.0,-73.0
1777889942.9073324,2.0,-2.0,-69.0
1777889942.9173324,0.0,-1.0,-68.0
1777889942.9273324,4.0,1.0,-73.0
1777889942.9373324,5.0,0.0,-73.0
1777889942.9473324,3.0,2.0,-79.0
1777889942.9573324,3.0,1.0,-77.0
1777889942.9673324,1.0,-2.0,-74.0
1777889942.9773324,0.0,-6.0,-75.0
1777889942.9873323,0.0,-3.0,-76.0
1777889942.9973323,2.0,-3.0,-80.0
1777889943.0073323,4.0,-3.0,-82.0
1777889943.0173323,6.0,-3.0,-79.0
1777889943.0273323,9.0,-1.0,-79.0
1777889943.0373323,6.0,1.0,-74.0
1777889943.0473323,2.0,0.0,-79.0
1777889943.0573325,0.0,-1.0,-83.0
1777889943.0673325,0.0,-5.0,-87.0
1777889943.0773325,0.0,-4.0,-86.0
1777889943.0873325,4.0,0.0,-86.0
1777889943.0973325,6.0,-1.0,-83.0
1777889943.1073325,4.0,0.0,-79.0
1777889943.1173325,2.0,-3.0,-83.0
1777889943.1273324,6.0,-5.0,-85.0
1777889943.1373324,8.0,-3.0,-85.0
1777889943.1473324,8.0,-7.0,-81.0
1777889943.1573324,5.0,-10.0,-74.0
1777889943.1673324,1.0,-10.0,-70.0
1777889943.1773324,2.0,-9.0,-76.0
1777889943.1873324,0.0,-5.0,-73.0
1777889943.1973324,-4.0,-1.0,-77.0
1777889943.2073324,-4.0,-1.0,-81.0
1777889943.2173324,-4.0,-3.0,-76.0
1777889943.2273324,-2.0,0.0,-77.0
1777889943.2373323,0.0,-5.0,-84.0
1777889943.2473323,-1.0,-6.0,-87.0
1777889943.2573323,-3.0,-4.0,-87.0
1777889943.2673323,-6.0,-9.0,-79.0
1777889943.2773323,0.0,-6.0,-86.0
1777889943.2873323,2.0,-3.0,-95.0
1777889943.2973323,0.0,0.0,-94.0
1777889943.3073325,1.0,-6.0,-94.0
1777889943.3173325,3.0,-5.0,-86.0
1777889943.3273325,2.0,-9.0,-85.0
1777889943.3373325,4.0,-8.0,-85.0
1777889943.3473325,1.0,-6.0,-88.0
1777889943.3573325,-1.0,-8.0,-86.0
1777889943.3673325,4.0,-4.0,-84.0
1777889943.3773324,5.0,-2.0,-83.0
1777889943.3873324,2.0,-2.0,-84.0
1777889943.3973324,0.0,-4.0,-76.0
1777889943.4073324,0.0,-5.0,-71.0
1777889943.4173324,1.0,-5.0,-73.0
1777889943.4273324,0.0,-8.0,-71.0
1777889943.4373324,0.0,-6.0,-78.0
1777889943.4473324,-2.0,-5.0,-82.0
1777889943.4573324,0.0,-2.0,-74.0
1777889943.4673324,0.0,-4.0,-69.0
1777889943.4773324,1.0,-7.0,-68.0
1777889943.4873323,0.0,-1.0,-74.0
1777889943.4973323,0.0,4.0,-74.0
1777889943.5073323,-2.0,1.0,-74.0
1777889943.5173323,0.0,1.0,-75.0
1777889943.5273323,-1.0,2.0,-72.0
1777889943.5373323,0.0,0.0,-71.0
1777889943.5473323,2.0,-1.0,-78.0
1777889943.5573325,2.0,-2.0,-78.0
1777889943.5673325,2.0,-6.0,-78.0
1777889943.5773325,1.0,-7.0,-86.0
1777889943.5873325,3.0,-7.0,-85.0
1777889943.5973325,8.0,-4.0,-86.0
1777889943.6073325,3.0,-6.0,-82.0
1777889943.6173325,2.0,-7.0,-78.0
1777889943.6273324,5.0,-4.0,-79.0
1777889943.6373324,3.0,-4.0,-83.0
1777889943.6473324,5.0,-6.0,-90.0
1777889943.6573324,4.0,-1.0,-86.0
1777889943.6673324,3.0,0.0,-79.0
1777889943.6773324,2.0,0.0,-80.0
1777889943.6873324,2.0,-1.0,-76.0
1777889943.6973324,0.0,0.0,-66.0
1777889943.7073324,0.0,-2.0,-64.0
1777889943.7173324,-2.0,-3.0,-68.0
1777889943.7273324,-3.0,-8.0,-69.0
1777889943.7373323,0.0,-10.0,-70.0
1777889943.7473323,1.0,-9.0,-69.0
1777889943.7573323,-1.0,-7.0,-70.0
1777889943.7673323,-6.0,-8.0,-73.0
1777889943.7773323,-2.0,-9.0,-74.0
1777889943.7873323,-1.0,-4.0,-71.0
1777889943.7973323,1.0,0.0,-73.0
1777889943.8073325,5.0,-1.0,-71.0
1777889943.8173325,3.0,-2.0,-71.0
1777889943.8273325,2.0,0.0,-74.0
1777889943.8373325,0.0,-2.0,-73.0
1777889943.8473325,-2.0,-2.0,-77.0
1777889943.8573325,2.0,-4.0,-76.0
1777889943.8673325,0.0,-7.0,-71.0
1777889943.8773324,0.0,-4.0,-69.0
1777889943.8873324,-2.0,-8.0,-74.0
1777889943.8973324,0.0,-3.0,-69.0
1777889943.9073324,3.0,1.0,-72.0
1777889943.9173324,1.0,1.0,-78.0
1777889943.9273324,3.0,0.0,-73.0
1777889943.9373324,0.0,-2.0,-72.0
1777889943.9473324,1.0,-5.0,-69.0
1777889943.9573324,2.0,-4.0,-74.0
1777889943.9673324,3.0,-4.0,-78.0
1777889943.9773324,0.0,-2.0,-79.0
1777889943.9873323,2.0,1.0,-86.0
1777889943.9973323,3.0,1.0,-79.0
1777889944.0073323,6.0,2.0,-74.0
1777889944.0173323,6.0,0.0,-77.0
1777889944.0273323,3.0,-1.0,-78.0
1777889944.0373323,4.0,-4.0,-74.0
1777889944.0473323,4.0,-4.0,-68.0
1777889944.0573325,1.0,-2.0,-66.0
1777889944.0673325,0.0,0.0,-68.0
1777889944.0773325,5.0,1.0,-72.0
1777889944.0873325,3.0,2.0,-74.0
1777889944.0973325,0.0,0.0,-71.0
1777889944.1073325,1.0,1.0,-69.0
1777889944.1173325,0.0,5.0,-74.0
1777889944.1273324,0.0,6.0,-72.0
1777889944.1373324,0.0,4.0,-71.0
1777889944.1473324,2.0,3.0,-78.0
1777889944.1573324,0.0,1.0,-76.0
1777889944.1673324,1.0,8.0,-68.0
1777889944.1773324,3.0,3.0,-75.0
1777889944.1873324,5.0,3.0,-85.0
1777889944.1973324,8.0,5.0,-79.0
1777889944.2073324,7.0,2.0,-76.0
1777889944.2173324,5.0,0.0,-77.0
1777889944.2273324,4.0,-3.0,-67.0
1777889944.2373323,3.0,-5.0,-67.0
1777889944.2473323,9.0,-9.0,-67.0
1777889944.2573323,5.0,-9.0,-71.0
1777889944.2673323,2.0,-6.0,-74.0
1777889944.2773323,1.0,-7.0,-72.0
1777889944.2873323,4.0,-5.0,-71.0
1777889944.2973323,5.0,0.0,-61.0
1777889944.3073325,4.0,1.0,-64.0
1777889944.3173325,8.0,0.0,-68.0
1777889944.3273325,5.0,0.0,-67.0
1777889944.3373325,7.0,1.0,-69.0
1777889944.3473325,1.0,-2.0,-70.0
1777889944.3573325,1.0,-4.0,-78.0
1777889944.3673325,4.0,-3.0,-79.0
1777889944.3773324,1.0,-5.0,-79.0
1777889944.3873324,-1.0,-1.0,-75.0
1777889944.3973324,2.0,1.0,-84.0
1777889944.4073324,6.0,3.0,-86.0
1777889944.4173324,5.0,3.0,-79.0
1777889944.4273324,-3.0,4.0,-79.0
1777889944.4373324,-7.0,4.0,-77.0
1777889944.4473324,-7.0,5.0,-76.0
1777889944.4573324,-8.0,8.0,-75.0
1777889944.4673324,-9.0,4.0,-74.0
1777889944.4773324,-6.0,-4.0,-80.0
1777889944.4873323,-4.0,-6.0,-73.0
1777889944.4973323,-4.0,-5.0,-72.0
1777889944.5073323,0.0,-3.0,-73.0
1777889944.5173323,0.0,-2.0,-74.0
1777889944.5273323,1.0,-1.0,-82.0
1777889944.5373323,3.0,0.0,-79.0
1777889944.5473323,3.0,0.0,-77.0
1777889944.5573325,4.0,3.0,-79.0
1777889944.5673325,3.0,4.0,-79.0
1777889944.5773325,3.0,4.0,-79.0
1777889944.5873325,1.0,7.0,-79.0
1777889944.5973325,0.0,1.0,-75.0
1777889944.6073325,2.0,-5.0,-71.0
1777889944.6173325,0.0,-7.0,-74.0
1777889944.6273324,0.0,-8.0,-75.0
1777889944.6373324,0.0,-9.0,-74.0
1777889944.6473324,-3.0,-6.0,-76.0
1777889944.6573324,-3.0,-5.0,-78.0
1777889944.6673324,-6.0,-5.0,-81.0
1777889944.6773324,-9.0,-3.0,-83.0
1777889944.6873324,-5.0,-2.0,-78.0
1777889944.6973324,-4.0,0.0,-78.0
1777889944.7083323,-2.0,0.0,-78.0
1777889944.7173324,3.0,-1.0,-75.0
1777889944.7273324,5.0,0.0,-72.0
1777889944.7373323,3.0,0.0,-72.0
1777889944.7483325,3.0,2.0,-75.0
1777889944.7583325,4.0,0.0,-74.0
1777889944.7683325,1.0,2.0,-75.0
1777889944.7783325,0.0,1.0,-79.0
1777889944.7883325,3.0,0.0,-74.0
1777889944.7983325,5.0,0.0,-67.0
1777889944.8083324,6.0,-3.0,-69.0
1777889944.8183324,5.0,-2.0,-74.0
1777889944.8283324,4.0,-1.0,-79.0
1777889944.8383324,3.0,-3.0,-85.0
1777889944.8483324,0.0,-3.0,-86.0
1777889944.8583324,-7.0,-1.0,-85.0
1777889944.8683324,-7.0,6.0,-83.0
1777889944.8783324,-3.0,9.0,-80.0
1777889944.8883324,0.0,9.0,-86.0
1777889944.8983324,4.0,11.0,-86.0
1777889944.9083323,1.0,7.0,-88.0
1777889944.9183323,0.0,4.0,-87.0
1777889944.9283323,0.0,1.0,-89.0
1777889944.9383323,2.0,0.0,-84.0
1777889944.9483323,0.0,3.0,-78.0
1777889944.9583323,1.0,0.0,-79.0
1777889944.9683323,0.0,-1.0,-73.0
1777889944.9783323,1.0,-5.0,-70.0
1777889944.9883325,0.0,-7.0,-73.0
1777889944.9983325,-2.0,-4.0,-81.0
1777889945.0083325,-3.0,0.0,-73.0
1777889945.0183325,1.0,-2.0,-74.0
1777889945.0283325,7.0,-2.0,-75.0
1777889945.0383325,10.0,-3.0,-82.0
1777889945.0483325,5.0,-2.0,-79.0
1777889945.0583324,3.0,-4.0,-80.0
1777889945.0683324,3.0,-3.0,-80.0
1777889945.0783324,2.0,-5.0,-78.0
1777889945.0883324,6.0,-7.0,-80.0
1777889945.0983324,4.0,-3.0,-82.0
1777889945.1093323,2.0,1.0,-83.0
1777889945.1183324,-1.0,1.0,-80.0
1777889945.1283324,0.0,3.0,-81.0
1777889945.1383324,-1.0,0.0,-76.0
1777889945.1483324,4.0,0.0,-76.0
1777889945.1583323,6.0,2.0,-74.0
1777889945.1683323,6.0,3.0,-68.0
1777889945.1783323,3.0,2.0,-72.0
1777889945.1883323,6.0,4.0,-71.0
1777889945.1983323,10.0,5.0,-63.0
1777889945.2083323,11.0,1.0,-57.0
1777889945.2183323,11.0,0.0,-58.0
1777889945.2283323,8.0,1.0,-58.0
1777889945.2383325,4.0,1.0,-65.0
1777889945.2483325,4.0,1.0,-65.0
1777889945.2583325,-1.0,1.0,-74.0
1777889945.2683325,-2.0,1.0,-77.0
1777889945.2783325,-3.0,1.0,-78.0
1777889945.2883325,-7.0,1.0,-75.0
1777889945.2983325,-7.0,0.0,-75.0
1777889945.3083324,-4.0,3.0,-73.0
1777889945.3183324,-5.0,5.0,-73.0
1777889945.3283324,-6.0,7.0,-75.0
1777889945.3383324,0.0,5.0,-80.0
1777889945.3483324,0.0,1.0,-78.0
1777889945.3583324,0.0,-3.0,-78.0
1777889945.3683324,-2.0,-4.0,-73.0
1777889945.3783324,-2.0,-5.0,-69.0
1777889945.3883324,0.0,-3.0,-68.0
1777889945.3983324,1.0,-2.0,-68.0
1777889945.4083323,7.0,-4.0,-61.0
1777889945.4183323,9.0,-5.0,-62.0
1777889945.4283323,12.0,-7.0,-58.0
1777889945.4383323,9.0,-5.0,-68.0
1777889945.4483323,4.0,-4.0,-66.0
1777889945.4583323,2.0,-3.0,-65.0
1777889945.4683323,0.0,-2.0,-67.0
1777889945.4783323,0.0,-4.0,-75.0
1777889945.4883325,2.0,-7.0,-74.0
1777889945.4983325,5.0,-4.0,-71.0
1777889945.5083325,6.0,-2.0,-72.0
1777889945.5183325,4.0,0.0,-75.0
1777889945.5283325,4.0,2.0,-79.0
1777889945.5383325,-4.0,0.0,-82.0
1777889945.5483325,-5.0,0.0,-81.0
1777889945.5583324,-6.0,2.0,-76.0
1777889945.5683324,-11.0,3.0,-66.0
1777889945.5783324,-7.0,1.0,-59.0
1777889945.5883324,-7.0,1.0,-56.0
1777889945.5983324,-11.0,3.0,-58.0
1777889945.6083324,-13.0,5.0,-65.0
1777889945.6183324,-11.0,5.0,-70.0
1777889945.6283324,-4.0,6.0,-70.0
1777889945.6383324,-4.0,3.0,-67.0
1777889945.6483324,-5.0,0.0,-65.0
1777889945.6583323,-2.0,0.0,-61.0
1777889945.6683323,-4.0,-6.0,-61.0
1777889945.6783323,-2.0,-10.0,-64.0
1777889945.6883323,-5.0,-8.0,-71.0
1777889945.6983323,0.0,-7.0,-71.0
1777889945.7083323,1.0,-6.0,-70.0
1777889945.7183323,4.0,-2.0,-69.0
1777889945.7283323,6.0,2.0,-72.0
1777889945.7383325,10.0,5.0,-72.0
1777889945.7483325,7.0,1.0,-70.0
1777889945.7583325,8.0,2.0,-66.0
1777889945.7683325,8.0,-1.0,-63.0
1777889945.7783325,3.0,-5.0,-71.0
1777889945.7883325,5.0,-5.0,-75.0
1777889945.7983325,3.0,-3.0,-78.0
1777889945.8083324,1.0,-2.0,-80.0
1777889945.8183324,2.0,-1.0,-76.0
1777889945.8283324,1.0,-6.0,-69.0
1777889945.8383324,-3.0,-7.0,-67.0
1777889945.8483324,0.0,-10.0,-72.0
1777889945.8583324,-2.0,-7.0,-72.0
1777889945.8683324,-2.0,-9.0,-71.0
1777889945.8783324,-3.0,-7.0,-80.0
1777889945.8883324,-3.0,-4.0,-74.0
1777889945.8983324,-3.0,-8.0,-74.0
1777889945.9083323,-4.0,-6.0,-76.0
1777889945.9183323,-7.0,-4.0,-80.0
1777889945.9283323,-2.0,-9.0,-76.0
1777889945.9383323,0.0,-10.0,-74.0
1777889945.9483323,-4.0,-9.0,-84.0
1777889945.9583323,-5.0,-13.0,-84.0
1777889945.9683323,-8.0,-13.0,-82.0
1777889945.9783323,-6.0,-9.0,-80.0
1777889945.9883325,-4.0,-5.0,-76.0
1777889945.9983325,-4.0,-4.0,-80.0
1777889946.0083325,-8.0,-1.0,-79.0
1777889946.0183325,-5.0,-1.0,-82.0
1777889946.0283325,-5.0,0.0,-84.0
1777889946.0383325,0.0,-1.0,-78.0
1777889946.0483325,2.0,-1.0,-80.0
1777889946.0583324,4.0,0.0,-78.0
1777889946.0683324,0.0,0.0,-80.0
1777889946.0783324,0.0,1.0,-79.0
1777889946.0883324,-2.0,1.0,-77.0
1777889946.0983324,-5.0,0.0,-79.0
1777889946.1083324,-1.0,3.0,-78.0
1777889946.1183324,0.0,1.0,-80.0
1777889946.1283324,1.0,3.0,-86.0
1777889946.1383324,3.0,4.0,-83.0
1777889946.1483324,0.0,2.0,-78.0
1777889946.1583323,0.0,3.0,-79.0
1777889946.1683323,-1.0,5.0,-78.0
1777889946.1783323,1.0,5.0,-87.0
1777889946.1883323,4.0,8.0,-95.0
1777889946.1983323,0.0,5.0,-95.0
1777889946.2083323,1.0,-1.0,-93.0
1777889946.2183323,-1.0,0.0,-87.0
1777889946.2283323,-4.0,-2.0,-88.0
1777889946.2383325,-3.0,-1.0,-84.0
1777889946.2483325,-1.0,-3.0,-90.0
1777889946.2583325,1.0,0.0,-90.0
1777889946.2683325,4.0,-1.0,-84.0
1777889946.2783325,5.0,-1.0,-80.0
1777889946.2883325,6.0,-1.0,-73.0
1777889946.2983325,6.0,-1.0,-71.0
1777889946.3083324,5.0,-2.0,-68.0
1777889946.3183324,3.0,1.0,-75.0
1777889946.3283324,2.0,0.0,-89.0
1777889946.3383324,2.0,3.0,-84.0
1777889946.3483324,-1.0,3.0,-75.0
1777889946.3583324,0.0,0.0,-78.0
1777889946.3683324,-2.0,0.0,-79.0
1777889946.3783324,-2.0,0.0,-82.0
1777889946.3883324,-2.0,1.0,-82.0
1777889946.3983324,-4.0,1.0,-80.0
1777889946.4083323,-1.0,1.0,-79.0
1777889946.4183323,-1.0,0.0,-80.0
1777889946.4283323,-2.0,-2.0,-78.0
1777889946.4383323,-3.0,-5.0,-75.0
1777889946.4483323,-2.0,-7.0,-73.0
1777889946.4583323,1.0,-6.0,-67.0
1777889946.4683323,3.0,-7.0,-70.0
1777889946.4783323,3.0,-4.0,-68.0
1777889946.4883325,-2.0,0.0,-70.0
1777889946.4983325,-6.0,2.0,-73.0
1777889946.5083325,-8.0,0.0,-74.0
1777889946.5183325,-9.0,-1.0,-74.0
1777889946.5283325,-13.0,-3.0,-69.0
1777889946.5383325,-12.0,-6.0,-67.0
1777889946.5483325,-10.0,-5.0,-67.0
1777889946.5583324,-7.0,-4.0,-61.0
1777889946.5683324,-3.0,-4.0,-59.0
1777889946.5783324,4.0,-5.0,-63.0
1777889946.5883324,6.0,-7.0,-58.0
1777889946.5983324,4.0,-8.0,-65.0
1777889946.6083324,0.0,-3.0,-61.0
1777889946.6183324,3.0,-2.0,-65.0
1777889946.6283324,0.0,-2.0,-63.0
1777889946.6383324,-1.0,-4.0,-65.0
1777889946.6483324,3.0,-2.0,-59.0
1777889946.6583323,1.0,2.0,-56.0
1777889946.6683323,3.0,-2.0,-57.0
1777889946.6783323,2.0,-2.0,-63.0
1777889946.6883323,4.0,-2.0,-72.0
1777889946.6993325,10.0,-2.0,-73.0
1777889946.7083323,12.0,0.0,-68.0
1777889946.7193325,11.0,3.0,-74.0
1777889946.7293324,11.0,3.0,-72.0
1777889946.7393324,13.0,2.0,-70.0
1777889946.7493324,6.0,5.0,-68.0
1777889946.7593324,4.0,4.0,-68.0
1777889946.7693324,4.0,6.0,-69.0
1777889946.7793324,3.0,3.0,-67.0
1777889946.7893324,6.0,0.0,-70.0
1777889946.7993324,3.0,1.0,-74.0
1777889946.8093324,5.0,3.0,-77.0
1777889946.8193324,5.0,8.0,-74.0
1777889946.8293324,6.0,8.0,-73.0
1777889946.8393323,2.0,6.0,-72.0
1777889946.8493323,0.0,4.0,-75.0
1777889946.8593323,1.0,2.0,-73.0
1777889946.8693323,6.0,-5.0,-78.0
1777889946.8793323,5.0,-2.0,-70.0
1777889946.8893323,3.0,0.0,-66.0
1777889946.8993323,5.0,-2.0,-67.0
1777889946.9093325,4.0,-1.0,-70.0
1777889946.9193325,2.0,-7.0,-73.0
1777889946.9293325,1.0,-9.0,-71.0
1777889946.9393325,0.0,-5.0,-76.0
1777889946.9493325,-5.0,-2.0,-83.0
1777889946.9593325,0.0,1.0,-84.0
1777889946.9693325,4.0,1.0,-83.0
1777889946.9793324,5.0,3.0,-85.0
1777889946.9893324,5.0,3.0,-87.0
1777889946.9993324,4.0,2.0,-88.0
1777889947.0093324,3.0,0.0,-88.0
1777889947.0193324,-4.0,-6.0,-82.0
1777889947.0293324,-5.0,-7.0,-80.0
1777889947.0393324,-3.0,-10.0,-82.0
1777889947.0493324,-2.0,-14.0,-74.0
1777889947.0593324,-3.0,-14.0,-71.0
1777889947.0693324,-4.0,-9.0,-69.0
1777889947.0793324,-6.0,-5.0,-75.0
1777889947.0893323,0.0,-1.0,-76.0
1777889947.0993323,0.0,0.0,-83.0
1777889947.1093323,-1.0,-2.0,-85.0
1777889947.1193323,0.0,-3.0,-79.0
1777889947.1293323,2.0,-2.0,-77.0
1777889947.1393323,0.0,2.0,-73.0
1777889947.1493323,0.0,2.0,-77.0
1777889947.1593325,0.0,2.0,-74.0
1777889947.1693325,-1.0,0.0,-77.0
1777889947.1793325,0.0,-1.0,-83.0
1777889947.1893325,0.0,-3.0,-79.0
1777889947.1993325,1.0,-5.0,-73.0
1777889947.2093325,0.0,-6.0,-68.0
1777889947.2193325,-4.0,-3.0,-60.0
1777889947.2293324,-3.0,-4.0,-62.0
1777889947.2393324,-1.0,-1.0,-68.0
1777889947.2493324,0.0,1.0,-67.0
1777889947.2593324,2.0,-1.0,-66.0
1777889947.2693324,2.0,0.0,-73.0
1777889947.2793324,1.0,-4.0,-75.0
1777889947.2893324,3.0,-3.0,-79.0
1777889947.2993324,6.0,-2.0,-73.0
1777889947.3093324,6.0,0.0,-63.0
1777889947.3193324,5.0,4.0,-63.0
1777889947.3293324,3.0,1.0,-66.0
1777889947.3393323,1.0,0.0,-68.0
1777889947.3493323,0.0,4.0,-72.0
1777889947.3593323,4.0,0.0,-74.0
1777889947.3693323,2.0,-3.0,-71.0
1777889947.3793323,3.0,-5.0,-70.0
1777889947.3893323,6.0,-4.0,-71.0
1777889947.3993323,3.0,-3.0,-76.0
1777889947.4093325,6.0,0.0,-76.0
1777889947.4193325,5.0,-2.0,-73.0
1777889947.4293325,3.0,-3.0,-78.0
1777889947.4393325,3.0,-2.0,-82.0
1777889947.4493325,3.0,-1.0,-86.0
1777889947.4593325,3.0,0.0,-83.0
1777889947.4693325,2.0,1.0,-78.0
1777889947.4793324,2.0,-1.0,-72.0
1777889947.4893324,2.0,-1.0,-65.0
1777889947.4993324,0.0,2.0,-69.0
1777889947.5093324,0.0,1.0,-72.0
1777889947.5193324,-1.0,-1.0,-77.0
1777889947.5293324,-2.0,-1.0,-72.0
1777889947.5393324,0.0,-1.0,-74.0
1777889947.5493324,0.0,-5.0,-79.0
1777889947.5593324,0.0,-6.0,-73.0
1777889947.5693324,0.0,-4.0,-75.0
1777889947.5793324,1.0,-7.0,-76.0
1777889947.5893323,0.0,-10.0,-71.0
1777889947.5993323,2.0,-13.0,-73.0
1777889947.6093323,2.0,-10.0,-77.0
1777889947.6193323,0.0,-9.0,-72.0
1777889947.6293323,-4.0,-6.0,-73.0
1777889947.6393323,-12.0,-9.0,-72.0
1777889947.6493323,-10.0,-9.0,-73.0
1777889947.6593325,-10.0,-7.0,-77.0
1777889947.6693325,-8.0,-2.0,-84.0
1777889947.6793325,-6.0,-2.0,-84.0
1777889947.6893325,-5.0,-2.0,-89.0
1777889947.6993325,-5.0,-3.0,-96.0
1777889947.7093325,4.0,-6.0,-94.0
1777889947.7193325,8.0,-4.0,-96.0
1777889947.7293324,5.0,-6.0,-93.0
1777889947.7393324,-2.0,-5.0,-92.0
1777889947.7493324,-3.0,-4.0,-88.0
1777889947.7593324,1.0,0.0,-81.0
1777889947.7693324,-1.0,-1.0,-80.0
1777889947.7793324,-3.0,-2.0,-85.0
1777889947.7893324,-2.0,-5.0,-81.0
1777889947.7993324,1.0,-7.0,-77.0
1777889947.8093324,-1.0,-9.0,-79.0
1777889947.8193324,-6.0,-12.0,-78.0
1777889947.8293324,-4.0,-8.0,-85.0
1777889947.8393323,-2.0,-3.0,-90.0
1777889947.8493323,-4.0,-5.0,-86.0
1777889947.8593323,-5.0,-5.0,-77.0
1777889947.8693323,-1.0,-1.0,-71.0
1777889947.8793323,-5.0,-2.0,-73.0
1777889947.8893323,-9.0,-3.0,-69.0
1777889947.8993323,-8.0,-4.0,-75.0
1777889947.9093325,-4.0,-4.0,-75.0
1777889947.9193325,-3.0,-4.0,-76.0
1777889947.9293325,-7.0,-3.0,-69.0
1777889947.9393325,-4.0,-2.0,-66.0
1777889947.9493325,0.0,0.0,-69.0
1777889947.9593325,2.0,0.0,-69.0
1777889947.9693325,3.0,0.0,-70.0
1777889947.9793324,4.0,3.0,-74.0
1777889947.9893324,5.0,1.0,-70.0
1777889947.9993324,6.0,0.0,-74.0
1777889948.0093324,9.0,-3.0,-65.0
1777889948.0193324,12.0,-2.0,-61.0
1777889948.0293324,4.0,-4.0,-67.0
1777889948.0393324,5.0,-5.0,-71.0
1777889948.0493324,3.0,-4.0,-73.0
1777889948.0593324,2.0,0.0,-76.0
1777889948.0693324,3.0,0.0,-72.0
1777889948.0793324,2.0,0.0,-70.0
1777889948.0893323,0.0,2.0,-73.0
1777889948.0993323,2.0,-2.0,-70.0
1777889948.1093323,5.0,-2.0,-65.0
1777889948.1193323,1.0,-1.0,-64.0
1777889948.1293323,-1.0,-2.0,-63.0
1777889948.1393323,-7.0,-7.0,-69.0
1777889948.1493323,-2.0,-7.0,-69.0
1777889948.1593325,0.0,-7.0,-73.0
1777889948.1693325,3.0,-8.0,-74.0
1777889948.1793325,1.0,-6.0,-72.0
1777889948.1893325,-1.0,-4.0,-71.0
1777889948.1993325,-4.0,-3.0,-75.0
1777889948.2093325,2.0,0.0,-81.0
1777889948.2193325,2.0,-3.0,-77.0
1777889948.2293324,5.0,-2.0,-77.0
1777889948.2393324,5.0,0.0,-78.0
1777889948.2493324,6.0,0.0,-84.0
1777889948.2593324,8.0,1.0,-82.0
1777889948.2693324,4.0,1.0,-81.0
1777889948.2793324,5.0,2.0,-67.0
1777889948.2893324,-3.0,2.0,-75.0
1777889948.2993324,-5.0,-3.0,-69.0
1777889948.3093324,-2.0,-4.0,-69.0
1777889948.3193324,0.0,-7.0,-72.0
1777889948.3293324,0.0,-9.0,-75.0
1777889948.3393323,-1.0,-8.0,-76.0
1777889948.3493323,0.0,-9.0,-76.0
1777889948.3593323,0.0,-9.0,-79.0
1777889948.3693323,1.0,-10.0,-77.0
1777889948.3793323,4.0,-9.0,-69.0
1777889948.3893323,1.0,-10.0,-75.0
1777889948.3993323,0.0,-9.0,-75.0
1777889948.4093325,3.0,-5.0,-79.0
1777889948.4193325,1.0,-1.0,-76.0
1777889948.4293325,5.0,0.0,-82.0
1777889948.4393325,11.0,1.0,-86.0
1777889948.4493325,12.0,1.0,-77.0
1777889948.4593325,11.0,3.0,-77.0
1777889948.4693325,7.0,-2.0,-80.0
1777889948.4793324,1.0,-3.0,-80.0
1777889948.4893324,0.0,-3.0,-81.0
1777889948.4993324,2.0,-2.0,-81.0
1777889948.5093324,0.0,-5.0,-83.0
1777889948.5193324,-1.0,-7.0,-87.0
1777889948.5293324,-1.0,-4.0,-91.0
1777889948.5393324,0.0,-7.0,-90.0
1777889948.5493324,1.0,-5.0,-91.0
1777889948.5593324,0.0,0.0,-90.0
1777889948.5693324,-1.0,-1.0,-86.0
1777889948.5793324,-2.0,1.0,-80.0
1777889948.5893323,-11.0,0.0,-80.0
1777889948.5993323,-7.0,-3.0,-80.0
1777889948.6093323,0.0,-4.0,-77.0
1777889948.6193323,0.0,-5.0,-71.0
1777889948.6293323,2.0,1.0,-76.0
1777889948.6393323,2.0,1.0,-80.0
1777889948.6493323,0.0,0.0,-75.0
1777889948.6593325,0.0,-2.0,-72.0
1777889948.6693325,0.0,0.0,-71.0
1777889948.6793325,2.0,-2.0,-75.0
1777889948.6893325,0.0,-5.0,-76.0
1777889948.6993325,3.0,-4.0,-75.0
1777889948.7103324,6.0,-1.0,-73.0
1777889948.7203324,6.0,0.0,-72.0
1777889948.7303324,8.0,0.0,-70.0
1777889948.7403324,9.0,0.0,-72.0
1777889948.7503324,7.0,0.0,-71.0
1777889948.7603323,5.0,1.0,-72.0
1777889948.7703323,4.0,3.0,-68.0
1777889948.7803323,2.0,1.0,-74.0
1777889948.7903323,5.0,0.0,-71.0
1777889948.8003323,8.0,0.0,-74.0
1777889948.8103323,5.0,-2.0,-77.0
1777889948.8203323,3.0,-4.0,-76.0
1777889948.8303325,2.0,0.0,-77.0
1777889948.8403325,3.0,4.0,-80.0
1777889948.8503325,1.0,5.0,-76.0
1777889948.8603325,-1.0,4.0,-72.0
1777889948.8703325,0.0,5.0,-75.0
1777889948.8803325,0.0,1.0,-74.0
1777889948.8903325,-1.0,-1.0,-70.0
1777889948.9003325,-4.0,0.0,-70.0
1777889948.9103324,-2.0,-2.0,-78.0
1777889948.9203324,4.0,-2.0,-77.0
1777889948.9303324,7.0,0.0,-73.0
1777889948.9403324,4.0,0.0,-76.0
1777889948.9503324,6.0,-3.0,-79.0
1777889948.9603324,3.0,-3.0,-70.0
1777889948.9703324,3.0,0.0,-76.0
1777889948.9803324,6.0,0.0,-70.0
1777889948.9903324,2.0,0.0,-75.0
1777889949.0003324,5.0,0.0,-80.0
1777889949.0103323,4.0,0.0,-77.0
1777889949.0203323,5.0,2.0,-77.0
1777889949.0303323,1.0,2.0,-74.0
1777889949.0403323,4.0,0.0,-76.0
1777889949.0503323,7.0,4.0,-80.0
1777889949.0603323,6.0,3.0,-76.0
1777889949.0703323,4.0,5.0,-78.0
1777889949.0803325,4.0,6.0,-73.0
1777889949.0903325,6.0,2.0,-70.0
1777889949.1003325,0.0,4.0,-67.0
1777889949.1103325,0.0,3.0,-62.0
1777889949.1203325,0.0,6.0,-58.0
1777889949.1303325,0.0,6.0,-69.0
1777889949.1403325,-2.0,3.0,-76.0
1777889949.1503325,-1.0,2.0,-79.0
1777889949.1603324,8.0,0.0,-80.0
1777889949.1703324,10.0,3.0,-79.0
1777889949.1803324,8.0,5.0,-72.0
1777889949.1903324,10.0,1.0,-75.0
1777889949.2003324,12.0,1.0,-82.0
1777889949.2103324,9.0,4.0,-71.0
1777889949.2203324,8.0,0.0,-69.0
1777889949.2303324,6.0,0.0,-71.0
1777889949.2403324,0.0,0.0,-79.0
1777889949.2503324,1.0,0.0,-79.0
1777889949.2603323,3.0,-1.0,-76.0
1777889949.2703323,6.0,-7.0,-81.0
1777889949.2803323,8.0,-10.0,-82.0
1777889949.2903323,8.0,-6.0,-87.0
1777889949.3003323,5.0,-5.0,-86.0
1777889949.3103323,2.0,-4.0,-87.0
1777889949.3203323,2.0,-3.0,-84.0
1777889949.3303325,0.0,-5.0,-77.0
1777889949.3403325,0.0,-4.0,-78.0
1777889949.3503325,0.0,-5.0,-79.0
1777889949.3603325,1.0,-6.0,-78.0
1777889949.3703325,2.0,-5.0,-77.0
1777889949.3803325,5.0,-2.0,-75.0
1777889949.3903325,1.0,3.0,-76.0
1777889949.4003325,3.0,2.0,-70.0
1777889949.4103324,0.0,5.0,-73.0
1777889949.4203324,-2.0,0.0,-79.0
1777889949.4303324,0.0,4.0,-75.0
1777889949.4403324,-1.0,2.0,-73.0
1777889949.4503324,-1.0,0.0,-73.0
1777889949.4603324,4.0,2.0,-64.0
1777889949.4703324,6.0,-1.0,-66.0
1777889949.4803324,4.0,0.0,-69.0
1777889949.4903324,7.0,-2.0,-71.0
1777889949.5003324,5.0,-2.0,-71.0
1777889949.5103323,0.0,3.0,-67.0
1777889949.5203323,6.0,3.0,-68.0
1777889949.5303323,4.0,0.0,-69.0
1777889949.5403323,4.0,0.0,-70.0
1777889949.5503323,3.0,0.0,-74.0
1777889949.5603323,4.0,0.0,-81.0
1777889949.5703323,3.0,-4.0,-88.0
1777889949.5803325,4.0,-6.0,-86.0
1777889949.5903325,3.0,-5.0,-81.0
1777889949.6003325,2.0,-1.0,-77.0
1777889949.6103325,0.0,-3.0,-76.0
1777889949.6203325,-1.0,-2.0,-69.0
1777889949.6303325,0.0,-4.0,-72.0
1777889949.6403325,1.0,-4.0,-75.0
1777889949.6503325,5.0,-4.0,-75.0
1777889949.6603324,4.0,-2.0,-78.0
1777889949.6703324,6.0,-1.0,-83.0
1777889949.6803324,3.0,0.0,-90.0
1777889949.6903324,7.0,-2.0,-83.0
1777889949.7003324,8.0,-7.0,-79.0
1777889949.7103324,3.0,-3.0,-79.0
1777889949.7203324,4.0,-4.0,-79.0
1777889949.7303324,3.0,-5.0,-82.0
1777889949.7403324,2.0,-6.0,-82.0
1777889949.7503324,0.0,-2.0,-82.0
1777889949.7603323,-3.0,-1.0,-84.0
1777889949.7703323,-5.0,-5.0,-84.0
1777889949.7803323,-3.0,-5.0,-80.0
1777889949.7903323,2.0,-2.0,-82.0
1777889949.8003323,0.0,-3.0,-81.0
1777889949.8103323,-2.0,-7.0,-80.0
1777889949.8203323,-1.0,-7.0,-78.0
1777889949.8303325,-2.0,-2.0,-73.0
1777889949.8403325,0.0,-2.0,-71.0
1777889949.8503325,0.0,-2.0,-72.0
1777889949.8603325,-4.0,-1.0,-75.0
1777889949.8703325,0.0,-2.0,-67.0
1777889949.8803325,1.0,-5.0,-65.0
1777889949.8903325,1.0,-4.0,-77.0
1777889949.9003325,4.0,-2.0,-73.0
1777889949.9103324,1.0,0.0,-76.0
1777889949.9203324,3.0,-3.0,-75.0
1777889949.9303324,5.0,-2.0,-75.0
1777889949.9403324,5.0,-1.0,-71.0
1777889949.9503324,6.0,-7.0,-68.0
1777889949.9603324,3.0,-11.0,-69.0
1777889949.9703324,5.0,-8.0,-78.0
1777889949.9803324,4.0,-6.0,-79.0
1777889949.9903324,5.0,-3.0,-87.0
1777889950.0003324,7.0,-8.0,-83.0
1777889950.0103323,9.0,-9.0,-76.0
1777889950.0203323,10.0,-4.0,-79.0
1777889950.0303323,7.0,0.0,-74.0
1777889950.0403323,5.0,-2.0,-69.0
1777889950.0503323,2.0,-1.0,-72.0
1777889950.0603323,1.0,-3.0,-72.0
1777889950.0703323,-1.0,-2.0,-73.0
1777889950.0803325,0.0,-4.0,-78.0
1777889950.0903325,-3.0,-1.0,-84.0
1777889950.1003325,0.0,-1.0,-83.0
1777889950.1103325,-3.0,-2.0,-84.0
1777889950.1203325,-4.0,-1.0,-78.0
1777889950.1303325,-2.0,-1.0,-74.0
1777889950.1403325,1.0,-2.0,-72.0
1777889950.1503325,4.0,-5.0,-75.0
1777889950.1603324,5.0,-3.0,-79.0
1777889950.1703324,4.0,0.0,-76.0
1777889950.1803324,5.0,-1.0,-80.0
1777889950.1903324,7.0,-4.0,-78.0
1777889950.2003324,9.0,-2.0,-77.0
1777889950.2103324,5.0,-2.0,-75.0
1777889950.2203324,4.0,-1.0,-72.0
1777889950.2303324,1.0,-1.0,-72.0
1777889950.2403324,1.0,-1.0,-63.0
1777889950.2503324,-1.0,-2.0,-62.0
1777889950.2603323,0.0,-3.0,-64.0
1777889950.2703323,0.0,-1.0,-70.0
1777889950.2803323,-3.0,-1.0,-72.0
1777889950.2903323,-4.0,-2.0,-72.0
1777889950.3003323,-4.0,0.0,-77.0
1777889950.3103323,1.0,-3.0,-76.0
1777889950.3203323,4.0,-2.0,-76.0
1777889950.3303325,0.0,-3.0,-74.0
1777889950.3403325,0.0,-1.0,-82.0
1777889950.3503325,-1.0,-3.0,-81.0
1777889950.3603325,-2.0,-2.0,-81.0
1777889950.3703325,-2.0,-5.0,-72.0
1777889950.3803325,0.0,2.0,-74.0
1777889950.3903325,2.0,2.0,-73.0
1777889950.4003325,3.0,-1.0,-71.0
1777889950.4103324,3.0,-7.0,-75.0
1777889950.4203324,4.0,-3.0,-75.0
1777889950.4303324,3.0,-3.0,-79.0
1777889950.4403324,0.0,-4.0,-87.0
1777889950.4503324,1.0,-2.0,-84.0
1777889950.4603324,3.0,-5.0,-79.0
1777889950.4703324,3.0,-6.0,-78.0
1777889950.4803324,2.0,-2.0,-77.0
1777889950.4903324,3.0,0.0,-80.0
1777889950.5003324,4.0,5.0,-85.0
1777889950.5103323,4.0,3.0,-81.0
1777889950.5203323,5.0,2.0,-84.0
1777889950.5303323,4.0,0.0,-81.0
1777889950.5403323,2.0,-3.0,-82.0
1777889950.5503323,2.0,-2.0,-81.0
1777889950.5603323,0.0,-1.0,-82.0
1777889950.5703323,-1.0,1.0,-81.0
1777889950.5803325,-4.0,2.0,-81.0
1777889950.5903325,-2.0,0.0,-77.0
1777889950.6003325,0.0,-2.0,-75.0
1777889950.6103325,0.0,-4.0,-77.0
1777889950.6203325,1.0,-6.0,-81.0
1777889950.6303325,4.0,-5.0,-76.0
1777889950.6403325,4.0,-7.0,-77.0
1777889950.6503325,3.0,-3.0,-76.0
1777889950.6613324,6.0,0.0,-78.0
1777889950.6703324,4.0,0.0,-82.0
1777889950.6813323,4.0,1.0,-80.0
1777889950.6913323,6.0,3.0,-80.0
1777889950.7013323,2.0,2.0,-78.0
1777889950.7113323,-1.0,2.0,-80.0
1777889950.7203324,-3.0,-2.0,-74.0
1777889950.7313323,-2.0,-2.0,-80.0
1777889950.7413323,-5.0,-3.0,-80.0
1777889950.7513323,-1.0,-7.0,-86.0
1777889950.7613325,-1.0,-6.0,-83.0
1777889950.7713325,-1.0,-3.0,-82.0
1777889950.7813325,-3.0,1.0,-78.0
1777889950.7913325,-4.0,5.0,-73.0
1777889950.8013325,-7.0,2.0,-76.0
1777889950.8113325,-9.0,0.0,-76.0
1777889950.8203323,-10.0,0.0,-72.0
1777889950.8313324,-6.0,0.0,-72.0
1777889950.8413324,-2.0,5.0,-73.0
1777889950.8513324,0.0,3.0,-80.0
1777889950.8613324,1.0,-2.0,-78.0
1777889950.8713324,1.0,0.0,-77.0
1777889950.8813324,4.0,-1.0,-70.0
1777889950.8913324,4.0,-1.0,-69.0
1777889950.9013324,6.0,-3.0,-62.0
1777889950.9113324,3.0,0.0,-65.0
1777889950.9213324,4.0,2.0,-71.0
1777889950.9313323,3.0,0.0,-80.0
1777889950.9413323,1.0,-3.0,-78.0
1777889950.9513323,2.0,-5.0,-80.0
1777889950.9613323,3.0,-4.0,-80.0
1777889950.9713323,4.0,-3.0,-78.0
1777889950.9813323,3.0,-5.0,-80.0
1777889950.9913323,2.0,-3.0,-82.0
1777889951.0013323,-1.0,-1.0,-78.0
1777889951.0113325,-4.0,1.0,-78.0
1777889951.0213325,-6.0,0.0,-80.0
1777889951.0313325,-7.0,-2.0,-79.0
1777889951.0413325,-10.0,0.0,-78.0
1777889951.0513325,-10.0,0.0,-74.0
1777889951.0613325,-5.0,1.0,-80.0
1777889951.0713325,-4.0,2.0,-81.0
1777889951.0813324,-1.0,0.0,-74.0
1777889951.0913324,0.0,1.0,-72.0
1777889951.1013324,0.0,1.0,-70.0
1777889951.1113324,6.0,-2.0,-66.0
1777889951.1213324,6.0,-4.0,-66.0
1777889951.1313324,9.0,0.0,-67.0
1777889951.1413324,8.0,1.0,-64.0
1777889951.1513324,6.0,4.0,-72.0
1777889951.1613324,6.0,0.0,-75.0
1777889951.1713324,5.0,2.0,-68.0
1777889951.1813323,4.0,0.0,-66.0
1777889951.1913323,4.0,0.0,-66.0
1777889951.2013323,3.0,2.0,-72.0
1777889951.2113323,1.0,1.0,-75.0
1777889951.2213323,3.0,0.0,-72.0
1777889951.2313323,4.0,0.0,-68.0
1777889951.2413323,2.0,-1.0,-65.0
1777889951.2513323,4.0,-2.0,-70.0
1777889951.2613325,1.0,0.0,-68.0
1777889951.2713325,2.0,-3.0,-69.0
1777889951.2813325,-1.0,0.0,-64.0
1777889951.2913325,-2.0,-3.0,-71.0
1777889951.3013325,0.0,0.0,-78.0
1777889951.3113325,3.0,0.0,-73.0
1777889951.3213325,-2.0,3.0,-74.0
1777889951.3313324,0.0,2.0,-78.0
1777889951.3413324,1.0,5.0,-76.0
1777889951.3513324,2.0,4.0,-74.0
1777889951.3613324,1.0,0.0,-80.0
1777889951.3713324,0.0,-1.0,-81.0
1777889951.3813324,4.0,0.0,-77.0
1777889951.3913324,2.0,0.0,-79.0
1777889951.4013324,6.0,-3.0,-70.0
1777889951.4113324,0.0,-5.0,-62.0
1777889951.4213324,5.0,-12.0,-63.0
1777889951.4313323,2.0,-11.0,-61.0
1777889951.4413323,4.0,-6.0,-60.0
1777889951.4513323,6.0,-4.0,-60.0
1777889951.4613323,4.0,-5.0,-64.0
1777889951.4713323,0.0,-5.0,-63.0
1777889951.4813323,0.0,-5.0,-59.0
1777889951.4913323,-1.0,-1.0,-63.0
1777889951.5013323,-2.0,0.0,-61.0
1777889951.5113325,0.0,0.0,-61.0
1777889951.5213325,1.0,-1.0,-62.0
1777889951.5313325,1.0,-5.0,-61.0
1777889951.5413325,4.0,-4.0,-65.0
1777889951.5513325,4.0,-6.0,-62.0
1777889951.5613325,6.0,-8.0,-67.0
1777889951.5713325,6.0,-9.0,-71.0
1777889951.5813324,3.0,-7.0,-78.0
1777889951.5913324,-1.0,-6.0,-80.0
1777889951.6013324,2.0,-3.0,-84.0
1777889951.6113324,3.0,-4.0,-83.0
1777889951.6213324,2.0,-3.0,-76.0
1777889951.6313324,0.0,-3.0,-82.0
1777889951.6413324,4.0,-4.0,-87.0
1777889951.6513324,3.0,0.0,-91.0
1777889951.6613324,6.0,3.0,-91.0
1777889951.6713324,6.0,1.0,-94.0
1777889951.6813323,4.0,0.0,-90.0
1777889951.6913323,0.0,-1.0,-82.0
1777889951.7013323,1.0,-1.0,-82.0
1777889951.7113323,6.0,-2.0,-85.0
1777889951.7213323,5.0,1.0,-78.0
1777889951.7313323,7.0,3.0,-78.0
1777889951.7413323,8.0,5.0,-83.0
1777889951.7513323,10.0,4.0,-82.0
1777889951.7613325,10.0,5.0,-76.0
1777889951.7713325,12.0,7.0,-81.0
1777889951.7813325,6.0,4.0,-82.0
1777889951.7913325,3.0,5.0,-77.0
1777889951.8013325,1.0,1.0,-77.0
1777889951.8113325,2.0,3.0,-77.0
1777889951.8213325,1.0,3.0,-74.0
1777889951.8313324,3.0,-1.0,-70.0
1777889951.8413324,0.0,-2.0,-67.0
1777889951.8513324,0.0,-3.0,-67.0
1777889951.8613324,-2.0,-2.0,-75.0
1777889951.8713324,-2.0,-2.0,-74.0
1777889951.8813324,-2.0,-3.0,-73.0
1777889951.8913324,0.0,-5.0,-68.0
1777889951.9013324,0.0,-7.0,-66.0
1777889951.9113324,5.0,-4.0,-69.0
1777889951.9213324,4.0,-5.0,-69.0
1777889951.9313323,6.0,-5.0,-73.0
1777889951.9413323,3.0,-5.0,-75.0
1777889951.9513323,4.0,-3.0,-81.0
1777889951.9613323,4.0,-4.0,-83.0
1777889951.9713323,5.0,0.0,-76.0
1777889951.9813323,5.0,1.0,-70.0
1777889951.9913323,5.0,2.0,-67.0
1777889952.0013323,7.0,-2.0,-61.0
1777889952.0113325,7.0,-4.0,-60.0
1777889952.0213325,3.0,-6.0,-56.0
1777889952.0313325,-4.0,-1.0,-56.0
1777889952.0413325,-7.0,1.0,-59.0
1777889952.0513325,-4.0,3.0,-56.0
1777889952.0613325,-6.0,4.0,-63.0
1777889952.0713325,-4.0,3.0,-69.0
1777889952.0813324,-3.0,1.0,-65.0
1777889952.0913324,-2.0,-2.0,-69.0
1777889952.1013324,0.0,-1.0,-71.0
1777889952.1113324,3.0,-5.0,-71.0
1777889952.1213324,2.0,-6.0,-68.0
1777889952.1313324,6.0,-4.0,-67.0
1777889952.1413324,6.0,-6.0,-68.0
1777889952.1513324,3.0,-8.0,-68.0
1777889952.1613324,2.0,-11.0,-69.0
1777889952.1713324,4.0,-9.0,-75.0
1777889952.1813323,5.0,-10.0,-78.0
1777889952.1913323,5.0,-3.0,-79.0
1777889952.2013323,2.0,1.0,-77.0
1777889952.2113323,1.0,6.0,-77.0
1777889952.2213323,4.0,6.0,-83.0
1777889952.2313323,2.0,4.0,-84.0
1777889952.2413323,2.0,2.0,-77.0
1777889952.2513323,3.0,3.0,-75.0
1777889952.2613325,0.0,2.0,-80.0
1777889952.2713325,1.0,0.0,-78.0
1777889952.2813325,0.0,1.0,-76.0
1777889952.2913325,0.0,0.0,-72.0
1777889952.3013325,2.0,5.0,-73.0
1777889952.3113325,0.0,2.0,-73.0
1777889952.3213325,3.0,5.0,-71.0
1777889952.3313324,1.0,6.0,-69.0
1777889952.3413324,0.0,4.0,-71.0
1777889952.3513324,-8.0,4.0,-72.0
1777889952.3613324,-8.0,2.0,-76.0
1777889952.3713324,-4.0,0.0,-78.0
1777889952.3813324,-8.0,-4.0,-75.0
1777889952.3913324,-9.0,-3.0,-74.0
1777889952.4013324,-8.0,-4.0,-77.0
1777889952.4113324,-3.0,-4.0,-78.0
1777889952.4213324,0.0,-4.0,-78.0
1777889952.4313323,2.0,1.0,-70.0
1777889952.4413323,3.0,4.0,-70.0
1777889952.4513323,4.0,2.0,-66.0
1777889952.4613323,0.0,2.0,-63.0
1777889952.4713323,0.0,2.0,-71.0
1777889952.4813323,3.0,2.0,-75.0
1777889952.4913323,1.0,-2.0,-72.0
1777889952.5013323,2.0,0.0,-72.0
1777889952.5113325,1.0,2.0,-81.0
1777889952.5213325,0.0,0.0,-83.0
1777889952.5313325,1.0,1.0,-78.0
1777889952.5413325,0.0,4.0,-75.0
1777889952.5513325,-1.0,0.0,-74.0
1777889952.5613325,-1.0,-3.0,-67.0
1777889952.5713325,0.0,-1.0,-71.0
1777889952.5813324,0.0,-3.0,-70.0
1777889952.5913324,3.0,-3.0,-74.0
1777889952.6013324,2.0,-1.0,-71.0
1777889952.6113324,0.0,0.0,-70.0
1777889952.6213324,-2.0,0.0,-70.0
1777889952.6313324,8.0,0.0,-73.0
1777889952.6423323,7.0,0.0,-67.0
1777889952.6523323,3.0,1.0,-65.0
1777889952.6623323,3.0,-2.0,-71.0
1777889952.6723323,2.0,-6.0,-80.0
1777889952.6823325,0.0,-3.0,-83.0
1777889952.6923325,-1.0,-2.0,-81.0
1777889952.7023325,0.0,0.0,-84.0
1777889952.7113323,4.0,-1.0,-85.0
1777889952.7223325,-2.0,0.0,-84.0
1777889952.7323325,-2.0,-2.0,-81.0
1777889952.7423325,-1.0,-5.0,-83.0
1777889952.7523324,4.0,-8.0,-87.0
1777889952.7623324,7.0,-6.0,-85.0
1777889952.7723324,2.0,-4.0,-85.0
1777889952.7823324,3.0,0.0,-90.0
1777889952.7923324,1.0,1.0,-89.0
1777889952.8023324,1.0,-2.0,-87.0
1777889952.8123324,2.0,-3.0,-86.0
1777889952.8223324,-1.0,-3.0,-86.0
1777889952.8323324,-2.0,0.0,-86.0
1777889952.8423324,0.0,0.0,-86.0
1777889952.8523324,0.0,-1.0,-80.0
1777889952.8623323,2.0,-6.0,-73.0
1777889952.8723323,4.0,-5.0,-73.0
1777889952.8823323,1.0,-3.0,-74.0
1777889952.8923323,5.0,1.0,-72.0
1777889952.9023323,8.0,0.0,-69.0
1777889952.9123323,2.0,4.0,-66.0
1777889952.9223323,0.0,4.0,-68.0
1777889952.9323325,3.0,2.0,-62.0
1777889952.9423325,1.0,3.0,-66.0
1777889952.9523325,4.0,3.0,-68.0
1777889952.9623325,3.0,3.0,-73.0
1777889952.9723325,2.0,0.0,-71.0
1777889952.9823325,6.0,-1.0,-75.0
1777889952.9923325,7.0,0.0,-77.0
1777889953.0023324,5.0,0.0,-80.0
1777889953.0123324,6.0,2.0,-81.0
1777889953.0223324,9.0,1.0,-77.0
1777889953.0323324,5.0,0.0,-78.0
1777889953.0423324,2.0,-3.0,-73.0
1777889953.0523324,2.0,-1.0,-75.0
1777889953.0623324,2.0,-3.0,-74.0
1777889953.0723324,0.0,-4.0,-74.0
1777889953.0823324,0.0,-1.0,-75.0
1777889953.0923324,0.0,0.0,-75.0
1777889953.1023324,2.0,-1.0,-77.0
1777889953.1123323,3.0,-3.0,-81.0
1777889953.1223323,0.0,0.0,-84.0
1777889953.1323323,0.0,2.0,-75.0
1777889953.1423323,-1.0,6.0,-77.0
1777889953.1523323,0.0,11.0,-78.0
1777889953.1623323,-2.0,7.0,-79.0
1777889953.1723323,-5.0,2.0,-83.0
1777889953.1823325,0.0,0.0,-78.0
1777889953.1923325,0.0,0.0,-72.0
1777889953.2023325,0.0,0.0,-78.0
1777889953.2123325,-1.0,-3.0,-84.0
1777889953.2223325,6.0,-1.0,-79.0
1777889953.2323325,11.0,-4.0,-69.0
1777889953.2423325,8.0,-4.0,-69.0
1777889953.2523324,8.0,-3.0,-70.0
1777889953.2623324,8.0,-5.0,-74.0
1777889953.2723324,1.0,-4.0,-71.0
1777889953.2823324,1.0,-8.0,-74.0
1777889953.2923324,2.0,-5.0,-75.0
1777889953.3023324,6.0,-3.0,-78.0
1777889953.3123324,5.0,-3.0,-69.0
1777889953.3223324,3.0,-3.0,-67.0
1777889953.3323324,1.0,-2.0,-65.0
1777889953.3423324,0.0,-3.0,-66.0
1777889953.3523324,0.0,-2.0,-68.0
1777889953.3623323,0.0,-4.0,-69.0
1777889953.3723323,4.0,-5.0,-67.0
1777889953.3823323,6.0,-4.0,-68.0
1777889953.3923323,5.0,-6.0,-72.0
1777889953.4023323,0.0,-1.0,-78.0
1777889953.4123323,2.0,0.0,-84.0
1777889953.4223323,2.0,0.0,-84.0
1777889953.4323325,0.0,0.0,-78.0
1777889953.4423325,4.0,0.0,-75.0
1777889953.4523325,7.0,-2.0,-71.0
1777889953.4623325,8.0,-6.0,-73.0
1777889953.4723325,4.0,-5.0,-84.0
1777889953.4823325,0.0,-5.0,-88.0
1777889953.4923325,2.0,0.0,-80.0
1777889953.5023324,2.0,2.0,-79.0
1777889953.5123324,1.0,0.0,-76.0
1777889953.5223324,4.0,-2.0,-72.0
1777889953.5323324,0.0,0.0,-79.0
1777889953.5423324,-1.0,5.0,-76.0
1777889953.5523324,-2.0,4.0,-74.0
1777889953.5623324,-1.0,3.0,-86.0
1777889953.5723324,0.0,6.0,-82.0
1777889953.5823324,-1.0,5.0,-78.0
1777889953.5923324,-2.0,6.0,-83.0
1777889953.6023324,3.0,8.0,-74.0
1777889953.6123323,5.0,9.0,-75.0
1777889953.6223323,2.0,6.0,-76.0
1777889953.6323323,1.0,3.0,-73.0
1777889953.6423323,1.0,-5.0,-73.0
1777889953.6523323,0.0,-6.0,-77.0
1777889953.6623323,0.0,-2.0,-79.0
1777889953.6723323,0.0,-5.0,-75.0
1777889953.6823325,1.0,-2.0,-81.0
1777889953.6923325,2.0,-1.0,-84.0
1777889953.7023325,3.0,1.0,-86.0
1777889953.7123325,0.0,2.0,-91.0
1777889953.7223325,2.0,3.0,-88.0
1777889953.7323325,2.0,4.0,-82.0
1777889953.7423325,1.0,0.0,-80.0
1777889953.7523324,0.0,-2.0,-73.0
1777889953.7623324,0.0,-3.0,-64.0
1777889953.7723324,5.0,-1.0,-68.0
1777889953.7823324,6.0,1.0,-76.0
1777889953.7923324,3.0,5.0,-82.0
1777889953.8023324,-1.0,4.0,-81.0
1777889953.8123324,-4.0,5.0,-73.0
1777889953.8223324,-5.0,4.0,-76.0
1777889953.8323324,-6.0,0.0,-77.0
1777889953.8423324,-3.0,0.0,-80.0
1777889953.8523324,0.0,-1.0,-74.0
1777889953.8623323,1.0,-5.0,-75.0
1777889953.8723323,0.0,-6.0,-75.0
1777889953.8823323,-3.0,-5.0,-73.0
1777889953.8923323,-5.0,-7.0,-70.0
1777889953.9023323,-2.0,-5.0,-74.0
1777889953.9123323,1.0,-8.0,-71.0
1777889953.9223323,1.0,-6.0,-78.0
1777889953.9323325,4.0,-7.0,-78.0
1777889953.9423325,4.0,-5.0,-78.0
1777889953.9523325,3.0,-5.0,-75.0
1777889953.9623325,0.0,-7.0,-78.0
1777889953.9723325,4.0,-9.0,-77.0
1777889953.9823325,5.0,-5.0,-85.0
1777889953.9923325,4.0,-5.0,-88.0
1777889954.0023324,6.0,-8.0,-78.0
1777889954.0123324,7.0,-6.0,-78.0
1777889954.0223324,0.0,-6.0,-80.0
1777889954.0323324,-2.0,-5.0,-74.0
1777889954.0423324,0.0,-4.0,-71.0
1777889954.0523324,0.0,-3.0,-66.0
1777889954.0623324,-3.0,-1.0,-65.0
1777889954.0723324,-1.0,-1.0,-63.0
1777889954.0823324,-2.0,-6.0,-65.0
1777889954.0923324,-1.0,-7.0,-71.0
1777889954.1023324,3.0,-9.0,-70.0
1777889954.1123323,0.0,-5.0,-64.0
1777889954.1223323,-1.0,-3.0,-62.0
1777889954.1323323,5.0,0.0,-57.0
1777889954.1423323,6.0,-4.0,-50.0
1777889954.1523323,0.0,-4.0,-48.0
1777889954.1623323,5.0,-5.0,-51.0
1777889954.1723323,4.0,-3.0,-61.0
1777889954.1823325,2.0,0.0,-69.0
1777889954.1923325,8.0,2.0,-72.0
1777889954.2023325,10.0,0.0,-72.0
1777889954.2123325,14.0,0.0,-73.0
1777889954.2233324,14.0,4.0,-73.0
1777889954.2323325,6.0,5.0,-70.0
1777889954.2423325,10.0,3.0,-70.0
1777889954.2523324,10.0,3.0,-67.0
1777889954.2623324,6.0,3.0,-69.0
1777889954.2723324,4.0,3.0,-67.0
1777889954.2823324,3.0,0.0,-62.0
1777889954.2923324,4.0,0.0,-66.0
1777889954.3023324,5.0,-4.0,-66.0
1777889954.3123324,8.0,-6.0,-68.0
1777889954.3223324,4.0,-11.0,-76.0
1777889954.3323324,1.0,-9.0,-75.0
1777889954.3423324,3.0,-5.0,-74.0
1777889954.3523324,3.0,0.0,-74.0
1777889954.3623323,0.0,-1.0,-79.0
1777889954.3723323,4.0,1.0,-79.0
1777889954.3823323,1.0,3.0,-76.0
1777889954.3923323,0.0,2.0,-75.0
1777889954.4023323,-3.0,-1.0,-77.0
1777889954.4123323,-5.0,0.0,-74.0
1777889954.4223323,0.0,-1.0,-78.0
1777889954.4323325,-1.0,0.0,-83.0
1777889954.4423325,2.0,1.0,-74.0
1777889954.4523325,0.0,0.0,-82.0
1777889954.4623325,-2.0,0.0,-82.0
1777889954.4723325,-1.0,0.0,-82.0
1777889954.4823325,-2.0,2.0,-79.0
1777889954.4923325,0.0,4.0,-78.0
1777889954.5033324,-6.0,0.0,-73.0
1777889954.5123324,-9.0,0.0,-70.0
1777889954.5223324,-5.0,0.0,-60.0
1777889954.5323324,-2.0,0.0,-62.0
1777889954.5423324,0.0,0.0,-66.0
1777889954.5523324,3.0,-3.0,-72.0
1777889954.5623324,2.0,0.0,-71.0
1777889954.5723324,4.0,1.0,-71.0
1777889954.5823324,2.0,3.0,-78.0
1777889954.5923324,4.0,2.0,-77.0
1777889954.6023324,1.0,3.0,-81.0
1777889954.6123323,-5.0,2.0,-79.0
1777889954.6223323,2.0,0.0,-78.0
1777889954.6333325,6.0,3.0,-78.0
1777889954.6433325,0.0,0.0,-88.0
1777889954.6533325,-2.0,0.0,-88.0
1777889954.6633325,-2.0,-2.0,-88.0
1777889954.6733325,0.0,-1.0,-87.0
1777889954.6833324,-7.0,-3.0,-81.0
1777889954.6933324,-2.0,-4.0,-75.0
1777889954.7033324,-3.0,-7.0,-70.0
1777889954.7133324,3.0,-7.0,-76.0
1777889954.7233324,7.0,-1.0,-75.0
1777889954.7333324,3.0,-2.0,-73.0
1777889954.7433324,4.0,-4.0,-70.0
1777889954.7533324,3.0,-6.0,-75.0
1777889954.7633324,0.0,-4.0,-78.0
1777889954.7733324,-1.0,-1.0,-75.0
1777889954.7833323,2.0,3.0,-66.0
1777889954.7933323,9.0,3.0,-69.0
1777889954.8033323,9.0,-1.0,-72.0
1777889954.8133323,6.0,1.0,-73.0
1777889954.8233323,7.0,-3.0,-74.0
1777889954.8333323,0.0,-1.0,-79.0
1777889954.8433323,1.0,1.0,-77.0
1777889954.8533323,-1.0,5.0,-81.0
1777889954.8633325,-4.0,5.0,-76.0
1777889954.8733325,-3.0,2.0,-76.0
1777889954.8833325,0.0,9.0,-77.0
1777889954.8933325,2.0,13.0,-79.0
1777889954.9033325,3.0,8.0,-75.0
1777889954.9133325,0.0,1.0,-77.0
1777889954.9233325,-1.0,-1.0,-83.0
1777889954.9333324,-3.0,0.0,-82.0
1777889954.9433324,-4.0,0.0,-85.0
1777889954.9533324,0.0,0.0,-79.0
1777889954.9633324,4.0,4.0,-76.0
1777889954.9733324,2.0,6.0,-82.0
1777889954.9833324,1.0,11.0,-77.0
1777889954.9933324,1.0,6.0,-75.0
1777889955.0033324,3.0,2.0,-72.0
1777889955.0133324,0.0,3.0,-66.0
1777889955.0233324,3.0,1.0,-63.0
1777889955.0333323,9.0,-1.0,-68.0
1777889955.0433323,10.0,-2.0,-75.0
1777889955.0533323,4.0,-2.0,-76.0
1777889955.0633323,3.0,-6.0,-75.0
1777889955.0733323,0.0,-9.0,-74.0
1777889955.0833323,0.0,-7.0,-74.0
1777889955.0933323,0.0,-2.0,-73.0
1777889955.1033323,2.0,-2.0,-78.0
1777889955.1133325,-2.0,-3.0,-77.0
1777889955.1233325,0.0,-5.0,-82.0
1777889955.1333325,0.0,-8.0,-78.0
1777889955.1433325,1.0,-7.0,-79.0
1777889955.1533325,1.0,-6.0,-77.0
1777889955.1633325,1.0,-6.0,-78.0
1777889955.1733325,3.0,-2.0,-79.0
1777889955.1833324,4.0,0.0,-75.0
1777889955.1933324,4.0,1.0,-77.0
1777889955.2033324,5.0,0.0,-70.0
1777889955.2133324,7.0,1.0,-67.0
1777889955.2233324,7.0,0.0,-68.0
1777889955.2333324,12.0,3.0,-69.0
1777889955.2433324,13.0,2.0,-75.0
1777889955.2533324,11.0,1.0,-81.0
1777889955.2633324,8.0,0.0,-79.0
1777889955.2733324,8.0,-3.0,-81.0
1777889955.2833323,7.0,-4.0,-83.0
1777889955.2933323,7.0,-3.0,-84.0
1777889955.3033323,7.0,-1.0,-82.0
1777889955.3133323,4.0,-4.0,-81.0
1777889955.3233323,3.0,-3.0,-78.0
1777889955.3333323,3.0,-4.0,-84.0
1777889955.3433323,4.0,-8.0,-78.0
1777889955.3533323,3.0,-7.0,-77.0
1777889955.3633325,0.0,-5.0,-74.0
1777889955.3733325,1.0,-7.0,-83.0
1777889955.3833325,1.0,-4.0,-81.0
1777889955.3933325,7.0,0.0,-85.0
1777889955.4033325,4.0,1.0,-84.0
1777889955.4133325,8.0,1.0,-84.0
1777889955.4233325,5.0,0.0,-85.0
1777889955.4333324,8.0,3.0,-84.0
1777889955.4433324,11.0,5.0,-75.0
1777889955.4533324,15.0,0.0,-70.0
1777889955.4633324,20.0,0.0,-69.0
1777889955.4733324,18.0,0.0,-64.0
1777889955.4833324,17.0,0.0,-66.0
1777889955.4933324,17.0,-2.0,-66.0
1777889955.5033324,10.0,0.0,-76.0
1777889955.5133324,10.0,0.0,-76.0
1777889955.5233324,8.0,1.0,-83.0
1777889955.5333323,10.0,5.0,-89.0
1777889955.5433323,8.0,3.0,-89.0
1777889955.5533323,8.0,3.0,-88.0
1777889955.5633323,8.0,2.0,-89.0
1777889955.5733323,6.0,2.0,-86.0
1777889955.5833323,7.0,0.0,-83.0
1777889955.5933323,6.0,0.0,-88.0
1777889955.6033323,5.0,0.0,-84.0
1777889955.6133325,3.0,-1.0,-84.0
1777889955.6233325,2.0,-2.0,-81.0
1777889955.6333325,-1.0,1.0,-83.0
1777889955.6433325,-3.0,2.0,-83.0
1777889955.6533325,-2.0,1.0,-78.0
1777889955.6633325,0.0,0.0,-71.0
1777889955.6733325,-4.0,1.0,-67.0
1777889955.6833324,-2.0,0.0,-67.0
1777889955.6933324,2.0,-2.0,-69.0
1777889955.7033324,2.0,-7.0,-64.0
1777889955.7133324,1.0,-10.0,-63.0
1777889955.7233324,0.0,-8.0,-69.0
1777889955.7333324,3.0,-8.0,-70.0
1777889955.7433324,6.0,-9.0,-75.0
1777889955.7533324,2.0,-3.0,-78.0
1777889955.7633324,1.0,0.0,-76.0
1777889955.7733324,1.0,1.0,-73.0
1777889955.7833323,-1.0,0.0,-69.0
1777889955.7933323,-2.0,1.0,-68.0
1777889955.8033323,4.0,1.0,-74.0
1777889955.8133323,5.0,6.0,-74.0
1777889955.8233323,3.0,0.0,-76.0
1777889955.8333323,2.0,0.0,-74.0
1777889955.8433323,4.0,-5.0,-74.0
1777889955.8533323,2.0,-5.0,-73.0
1777889955.8633325,5.0,-4.0,-74.0
1777889955.8733325,4.0,0.0,-71.0
1777889955.8833325,2.0,1.0,-72.0
1777889955.8933325,3.0,0.0,-75.0
1777889955.9033325,4.0,-1.0,-72.0
1777889955.9133325,4.0,0.0,-67.0
1777889955.9233325,5.0,0.0,-66.0
1777889955.9333324,0.0,-3.0,-66.0
1777889955.9433324,5.0,-1.0,-72.0
1777889955.9533324,1.0,-2.0,-77.0
1777889955.9633324,1.0,-2.0,-73.0
1777889955.9733324,-1.0,2.0,-66.0
1777889955.9833324,-1.0,1.0,-70.0
1777889955.9933324,0.0,1.0,-69.0
1777889956.0033324,-4.0,2.0,-74.0
1777889956.0133324,-7.0,7.0,-79.0
1777889956.0233324,-7.0,4.0,-75.0
1777889956.0333323,-6.0,5.0,-70.0
1777889956.0433323,-7.0,7.0,-76.0
1777889956.0533323,-6.0,6.0,-85.0
1777889956.0633323,-2.0,1.0,-83.0
1777889956.0733323,0.0,3.0,-84.0
1777889956.0833323,-4.0,1.0,-85.0
1777889956.0933323,-4.0,3.0,-88.0
1777889956.1033323,-7.0,4.0,-89.0
1777889956.1133325,-7.0,4.0,-84.0
1777889956.1233325,-4.0,6.0,-84.0
1777889956.1333325,-3.0,3.0,-81.0
1777889956.1433325,-2.0,1.0,-84.0
1777889956.1533325,-3.0,0.0,-86.0
1777889956.1633325,0.0,-1.0,-88.0
1777889956.1733325,-3.0,-2.0,-90.0
1777889956.1833324,-1.0,3.0,-88.0
1777889956.1933324,0.0,4.0,-84.0
1777889956.2033324,1.0,2.0,-81.0
1777889956.2133324,5.0,0.0,-83.0
1777889956.2233324,4.0,-3.0,-74.0
1777889956.2333324,5.0,2.0,-71.0
1777889956.2433324,5.0,0.0,-77.0
1777889956.2533324,1.0,0.0,-76.0
1777889956.2633324,1.0,-2.0,-81.0
1777889956.2733324,-1.0,-3.0,-82.0
1777889956.2833323,0.0,-5.0,-74.0
1777889956.2933323,1.0,-2.0,-74.0
1777889956.3033323,3.0,0.0,-73.0
1777889956.3133323,4.0,2.0,-71.0
1777889956.3233323,6.0,0.0,-69.0
1777889956.3333323,3.0,-2.0,-70.0
1777889956.3433323,-2.0,0.0,-66.0
1777889956.3533323,-2.0,-1.0,-70.0
1777889956.3633325,-5.0,-3.0,-72.0
1777889956.3733325,0.0,-1.0,-67.0
1777889956.3833325,2.0,-6.0,-65.0
1777889956.3933325,6.0,-4.0,-64.0
1777889956.4033325,6.0,-2.0,-65.0
1777889956.4133325,0.0,0.0,-75.0
1777889956.4233325,-1.0,-1.0,-77.0
1777889956.4333324,-3.0,-4.0,-78.0
1777889956.4433324,-2.0,-8.0,-76.0
1777889956.4533324,-4.0,-9.0,-72.0
1777889956.4633324,-1.0,-3.0,-69.0
1777889956.4733324,-2.0,-3.0,-73.0
1777889956.4833324,-6.0,-1.0,-75.0
1777889956.4933324,-6.0,-4.0,-69.0
1777889956.5033324,-9.0,-4.0,-68.0
1777889956.5133324,-6.0,-3.0,-66.0
1777889956.5233324,-4.0,-2.0,-67.0
1777889956.5333323,0.0,0.0,-71.0
1777889956.5433323,0.0,3.0,-72.0
1777889956.5533323,-1.0,6.0,-75.0
1777889956.5633323,1.0,2.0,-68.0
1777889956.5733323,2.0,4.0,-75.0
1777889956.5833323,3.0,3.0,-80.0
1777889956.5933323,9.0,5.0,-74.0
1777889956.6033323,5.0,7.0,-77.0
1777889956.6133325,3.0,4.0,-77.0
1777889956.6233325,6.0,2.0,-73.0
1777889956.6343324,4.0,1.0,-71.0
1777889956.6443324,4.0,1.0,-75.0
1777889956.6543324,5.0,-2.0,-77.0
1777889956.6643324,4.0,-5.0,-74.0
1777889956.6743324,3.0,-4.0,-75.0
1777889956.6843324,7.0,-2.0,-70.0
1777889956.6943324,9.0,-1.0,-70.0
1777889956.7043324,7.0,3.0,-69.0
1777889956.7143323,2.0,0.0,-67.0
1777889956.7243323,0.0,-1.0,-63.0
1777889956.7343323,3.0,0.0,-64.0
1777889956.7443323,3.0,1.0,-71.0
1777889956.7543323,-1.0,0.0,-75.0
1777889956.7643323,-3.0,0.0,-77.0
1777889956.7743323,-6.0,0.0,-77.0
1777889956.7843325,-3.0,-2.0,-73.0
1777889956.7943325,-6.0,-2.0,-75.0
1777889956.8043325,-2.0,-7.0,-74.0
1777889956.8143325,0.0,-7.0,-73.0
1777889956.8243325,0.0,-6.0,-76.0
1777889956.8343325,-3.0,-5.0,-84.0
1777889956.8443325,-2.0,-5.0,-83.0
1777889956.8543324,-3.0,-5.0,-82.0
1777889956.8643324,-1.0,-3.0,-77.0
1777889956.8743324,0.0,-2.0,-78.0
1777889956.8843324,-2.0,-2.0,-78.0
1777889956.8943324,-2.0,-2.0,-77.0
1777889956.9043324,-1.0,-3.0,-72.0
1777889956.9143324,-1.0,-3.0,-76.0
1777889956.9243324,1.0,-3.0,-70.0
1777889956.9343324,0.0,-3.0,-77.0
1777889956.9443324,0.0,-3.0,-82.0
1777889956.9543324,3.0,-3.0,-83.0
1777889956.9643323,5.0,0.0,-81.0
1777889956.9743323,0.0,0.0,-80.0
1777889956.9843323,-3.0,0.0,-77.0
1777889956.9943323,-2.0,2.0,-76.0
1777889957.0043323,-7.0,1.0,-73.0
1777889957.0143323,-4.0,0.0,-76.0
1777889957.0243323,-2.0,-3.0,-81.0
1777889957.0343325,-4.0,-5.0,-79.0
1777889957.0443325,0.0,-4.0,-80.0
1777889957.0543325,-2.0,-2.0,-79.0
1777889957.0643325,-4.0,-5.0,-75.0
1777889957.0743325,-5.0,0.0,-74.0
1777889957.0843325,-6.0,1.0,-75.0
1777889957.0943325,-5.0,0.0,-75.0
1777889957.1043324,1.0,3.0,-69.0
1777889957.1143324,3.0,2.0,-74.0
1777889957.1243324,5.0,1.0,-77.0
1777889957.1343324,3.0,-1.0,-81.0
1777889957.1443324,1.0,1.0,-79.0
1777889957.1543324,2.0,2.0,-70.0
1777889957.1643324,4.0,4.0,-76.0
1777889957.1743324,3.0,2.0,-71.0
1777889957.1843324,0.0,6.0,-65.0
1777889957.1943324,2.0,3.0,-67.0
1777889957.2043324,2.0,2.0,-69.0
1777889957.2143323,0.0,0.0,-71.0
1777889957.2243323,2.0,-1.0,-69.0
1777889957.2343323,2.0,-2.0,-74.0
1777889957.2443323,3.0,-2.0,-69.0
1777889957.2543323,4.0,-1.0,-74.0
1777889957.2643323,10.0,-2.0,-76.0
1777889957.2743323,7.0,-2.0,-73.0
1777889957.2843325,3.0,-2.0,-68.0
1777889957.2943325,3.0,-6.0,-67.0
1777889957.3043325,0.0,-4.0,-77.0
1777889957.3143325,1.0,-3.0,-79.0
1777889957.3243325,4.0,-1.0,-82.0
1777889957.3343325,3.0,0.0,-81.0
1777889957.3443325,0.0,1.0,-84.0
1777889957.3543324,-4.0,-2.0,-83.0
1777889957.3643324,-1.0,-4.0,-73.0
1777889957.3743324,0.0,-6.0,-70.0
1777889957.3843324,-1.0,-5.0,-66.0
1777889957.3943324,-6.0,-2.0,-65.0
1777889957.4043324,-9.0,-1.0,-60.0
1777889957.4143324,-7.0,2.0,-61.0
1777889957.4243324,-6.0,2.0,-61.0
1777889957.4343324,-2.0,0.0,-64.0
1777889957.4443324,0.0,0.0,-63.0
1777889957.4543324,-5.0,-1.0,-69.0
1777889957.4643323,-5.0,-1.0,-72.0
1777889957.4743323,-4.0,-3.0,-72.0
1777889957.4843323,-2.0,0.0,-73.0
1777889957.4943323,0.0,1.0,-63.0
1777889957.5043323,-4.0,0.0,-68.0
1777889957.5143323,-7.0,-2.0,-71.0
1777889957.5243323,-8.0,1.0,-67.0
1777889957.5343325,-6.0,0.0,-69.0
1777889957.5443325,0.0,1.0,-69.0
1777889957.5543325,0.0,1.0,-72.0
1777889957.5643325,-1.0,1.0,-68.0
1777889957.5743325,-5.0,0.0,-68.0
1777889957.5843325,-8.0,-3.0,-71.0
1777889957.5943325,-6.0,-2.0,-72.0
1777889957.6043324,-10.0,0.0,-67.0
1777889957.6143324,-4.0,2.0,-60.0
1777889957.6243324,-5.0,2.0,-62.0
1777889957.6343324,0.0,6.0,-58.0
1777889957.6443324,5.0,10.0,-71.0
1777889957.6543324,8.0,12.0,-71.0
1777889957.6643324,6.0,10.0,-75.0
1777889957.6743324,2.0,5.0,-74.0
1777889957.6843324,0.0,0.0,-82.0
1777889957.6943324,0.0,-3.0,-78.0
1777889957.7043324,-3.0,-5.0,-73.0
1777889957.7143323,-6.0,-2.0,-81.0
1777889957.7243323,-8.0,-4.0,-78.0
1777889957.7343323,-6.0,0.0,-81.0
1777889957.7443323,-5.0,2.0,-79.0
1777889957.7543323,-5.0,-1.0,-79.0
1777889957.7643323,-5.0,-5.0,-78.0
1777889957.7743323,-3.0,-8.0,-77.0
1777889957.7843325,-1.0,-9.0,-70.0
1777889957.7943325,2.0,-4.0,-69.0
1777889957.8043325,4.0,-9.0,-72.0
1777889957.8143325,4.0,-9.0,-73.0
1777889957.8243325,3.0,-12.0,-67.0
1777889957.8343325,6.0,-7.0,-75.0
1777889957.8443325,7.0,-6.0,-77.0
1777889957.8543324,5.0,-4.0,-77.0
1777889957.8643324,6.0,-3.0,-75.0
1777889957.8743324,5.0,0.0,-83.0
1777889957.8843324,1.0,5.0,-79.0
1777889957.8943324,0.0,-1.0,-72.0
1777889957.9043324,4.0,-4.0,-67.0
1777889957.9143324,4.0,-2.0,-68.0
1777889957.9243324,1.0,0.0,-71.0
1777889957.9343324,-1.0,-7.0,-77.0
1777889957.9443324,-3.0,-5.0,-74.0
1777889957.9543324,-5.0,-7.0,-68.0
1777889957.9643323,-4.0,-8.0,-70.0
1777889957.9743323,-6.0,-6.0,-79.0
1777889957.9843323,0.0,-3.0,-73.0
1777889957.9943323,2.0,-2.0,-70.0
1777889958.0043323,5.0,-1.0,-69.0
1777889958.0143323,-1.0,0.0,-70.0
1777889958.0243323,0.0,-1.0,-73.0
1777889958.0343325,2.0,-2.0,-74.0
1777889958.0443325,2.0,-4.0,-71.0
1777889958.0543325,0.0,-7.0,-67.0
1777889958.0643325,0.0,-7.0,-71.0
1777889958.0743325,0.0,-6.0,-76.0
1777889958.0843325,1.0,-9.0,-75.0
1777889958.0943325,0.0,-9.0,-76.0
1777889958.1043324,-1.0,-8.0,-77.0
1777889958.1143324,-1.0,-8.0,-75.0
1777889958.1243324,-1.0,-8.0,-72.0
1777889958.1343324,0.0,-5.0,-74.0
1777889958.1443324,3.0,-4.0,-77.0
1777889958.1543324,5.0,-1.0,-70.0
1777889958.1643324,1.0,-2.0,-71.0
1777889958.1743324,0.0,-4.0,-73.0
1777889958.1843324,2.0,-1.0,-78.0
1777889958.1943324,2.0,4.0,-78.0
1777889958.2043324,3.0,3.0,-81.0
1777889958.2143323,2.0,2.0,-79.0
1777889958.2243323,-5.0,1.0,-77.0
1777889958.2343323,-4.0,2.0,-81.0
1777889958.2443323,-4.0,3.0,-81.0
1777889958.2543323,-6.0,0.0,-82.0
1777889958.2643323,-4.0,-2.0,-80.0
1777889958.2743323,-5.0,2.0,-79.0
1777889958.2843325,-8.0,4.0,-83.0
1777889958.2943325,-3.0,0.0,-79.0
1777889958.3043325,1.0,-1.0,-71.0
1777889958.3143325,-2.0,0.0,-71.0
1777889958.3243325,-4.0,-1.0,-74.0
1777889958.3343325,-1.0,-4.0,-77.0
1777889958.3443325,1.0,-3.0,-79.0
1777889958.3543324,1.0,-3.0,-87.0
1777889958.3643324,0.0,-4.0,-86.0
1777889958.3743324,1.0,-6.0,-82.0
1777889958.3843324,-3.0,-4.0,-78.0
1777889958.3943324,-3.0,-5.0,-75.0
1777889958.4043324,2.0,-4.0,-71.0
1777889958.4143324,1.0,-4.0,-70.0
1777889958.4243324,7.0,-6.0,-63.0
1777889958.4343324,8.0,-2.0,-60.0
1777889958.4443324,6.0,-3.0,-70.0
1777889958.4543324,4.0,-5.0,-74.0
1777889958.4643323,7.0,-7.0,-75.0
1777889958.4743323,6.0,-6.0,-76.0
1777889958.4843323,4.0,-2.0,-79.0
1777889958.4943323,4.0,-2.0,-74.0
1777889958.5043323,3.0,-2.0,-77.0
1777889958.5143323,7.0,-3.0,-75.0
1777889958.5243323,4.0,-3.0,-79.0
1777889958.5343325,2.0,0.0,-82.0
1777889958.5443325,5.0,-1.0,-78.0
1777889958.5543325,4.0,0.0,-77.0
1777889958.5643325,1.0,5.0,-81.0
1777889958.5743325,2.0,5.0,-77.0
1777889958.5843325,6.0,6.0,-74.0
1777889958.5943325,4.0,2.0,-77.0
1777889958.6043324,3.0,1.0,-75.0
1777889958.6153324,0.0,2.0,-76.0
1777889958.6253324,-2.0,0.0,-79.0
1777889958.6353323,0.0,0.0,-79.0
1777889958.6453323,1.0,0.0,-76.0
1777889958.6553323,-2.0,-6.0,-76.0
1777889958.6653323,-2.0,-2.0,-77.0
1777889958.6753323,-3.0,3.0,-78.0
1777889958.6853323,0.0,2.0,-84.0
1777889958.6953323,0.0,3.0,-81.0
1777889958.7053325,0.0,2.0,-73.0
1777889958.7153325,0.0,0.0,-78.0
1777889958.7253325,3.0,0.0,-78.0
1777889958.7353325,5.0,-3.0,-78.0
1777889958.7453325,5.0,-3.0,-74.0
1777889958.7553325,0.0,-1.0,-76.0
1777889958.7653325,-1.0,-3.0,-80.0
1777889958.7753325,0.0,0.0,-82.0
1777889958.7853324,2.0,1.0,-80.0
1777889958.7953324,2.0,2.0,-73.0
1777889958.8053324,2.0,4.0,-72.0
1777889958.8153324,6.0,1.0,-68.0
1777889958.8253324,5.0,1.0,-69.0
1777889958.8353324,12.0,-6.0,-74.0
1777889958.8453324,8.0,-5.0,-75.0
1777889958.8553324,9.0,-3.0,-73.0
1777889958.8653324,2.0,-4.0,-75.0
1777889958.8753324,3.0,-1.0,-70.0
1777889958.8853323,4.0,-2.0,-69.0
1777889958.8953323,7.0,1.0,-67.0
1777889958.9053323,5.0,1.0,-79.0
1777889958.9153323,3.0,4.0,-80.0
1777889958.9253323,6.0,3.0,-85.0
1777889958.9353323,5.0,0.0,-82.0
1777889958.9453323,3.0,2.0,-80.0
1777889958.9553325,1.0,1.0,-74.0
1777889958.9653325,0.0,2.0,-72.0
1777889958.9753325,-3.0,6.0,-66.0
1777889958.9853325,-4.0,1.0,-65.0
1777889958.9953325,0.0,4.0,-66.0
1777889959.0053325,-1.0,1.0,-65.0
1777889959.0153325,-3.0,2.0,-72.0
1777889959.0253325,0.0,-2.0,-77.0
1777889959.0353324,2.0,-2.0,-86.0
1777889959.0453324,3.0,-4.0,-89.0
1777889959.0553324,1.0,0.0,-85.0
1777889959.0653324,0.0,0.0,-76.0
1777889959.0753324,-6.0,1.0,-76.0
1777889959.0853324,-4.0,3.0,-76.0
1777889959.0953324,1.0,9.0,-76.0
1777889959.1053324,2.0,7.0,-72.0
1777889959.1153324,0.0,3.0,-71.0
1777889959.1253324,0.0,0.0,-73.0
1777889959.1353323,-4.0,0.0,-78.0
1777889959.1453323,-4.0,-4.0,-84.0
1777889959.1553323,-2.0,-2.0,-83.0
1777889959.1653323,1.0,-3.0,-82.0
1777889959.1753323,1.0,0.0,-72.0
1777889959.1853323,1.0,0.0,-69.0
1777889959.1953323,4.0,0.0,-71.0
1777889959.2053325,4.0,2.0,-76.0
1777889959.2153325,2.0,0.0,-79.0
1777889959.2253325,1.0,0.0,-82.0
1777889959.2353325,-2.0,3.0,-80.0
1777889959.2453325,0.0,2.0,-87.0
1777889959.2553325,-1.0,2.0,-89.0
1777889959.2653325,0.0,-4.0,-84.0
1777889959.2753325,1.0,-6.0,-74.0
1777889959.2853324,-1.0,-7.0,-72.0
1777889959.2953324,0.0,-5.0,-74.0
1777889959.3053324,-1.0,-7.0,-80.0
1777889959.3153324,-5.0,-7.0,-83.0
1777889959.3253324,-3.0,-1.0,-81.0
1777889959.3353324,0.0,-1.0,-77.0
1777889959.3453324,0.0,-8.0,-76.0
1777889959.3553324,6.0,-10.0,-74.0
1777889959.3653324,7.0,-7.0,-76.0
1777889959.3753324,6.0,-3.0,-76.0
1777889959.3853323,4.0,-2.0,-83.0
1777889959.3953323,3.0,-2.0,-88.0
1777889959.4053323,2.0,0.0,-86.0
1777889959.4153323,-1.0,2.0,-87.0
1777889959.4253323,5.0,2.0,-89.0
1777889959.4353323,9.0,5.0,-85.0
1777889959.4453323,13.0,6.0,-87.0
1777889959.4553325,10.0,6.0,-85.0
1777889959.4653325,7.0,5.0,-83.0
1777889959.4753325,1.0,4.0,-78.0
1777889959.4853325,-2.0,3.0,-81.0
1777889959.4953325,0.0,1.0,-81.0
1777889959.5053325,-1.0,1.0,-77.0
1777889959.5153325,-4.0,0.0,-77.0
1777889959.5253325,-1.0,1.0,-78.0
1777889959.5353324,-1.0,3.0,-85.0
1777889959.5453324,0.0,0.0,-83.0
1777889959.5553324,1.0,0.0,-81.0
1777889959.5653324,0.0,-1.0,-78.0
1777889959.5753324,-3.0,-1.0,-67.0
1777889959.5853324,0.0,-2.0,-67.0
1777889959.5953324,1.0,0.0,-72.0
1777889959.6053324,3.0,0.0,-76.0
1777889959.6153324,4.0,-3.0,-78.0
1777889959.6253324,1.0,-3.0,-76.0
1777889959.6353323,-4.0,-4.0,-74.0
1777889959.6453323,-3.0,-4.0,-81.0
1777889959.6553323,-7.0,-4.0,-81.0
1777889959.6653323,-2.0,-3.0,-80.0
1777889959.6753323,1.0,-4.0,-78.0
1777889959.6853323,4.0,-4.0,-80.0
1777889959.6953323,5.0,-3.0,-83.0
1777889959.7053325,0.0,-3.0,-84.0
1777889959.7153325,1.0,-1.0,-76.0
1777889959.7253325,1.0,2.0,-75.0
1777889959.7353325,-3.0,-1.0,-76.0
1777889959.7453325,0.0,-6.0,-83.0
1777889959.7553325,1.0,-7.0,-76.0
1777889959.7653325,0.0,-6.0,-78.0
1777889959.7753325,2.0,-5.0,-76.0
1777889959.7853324,3.0,-2.0,-76.0
1777889959.7953324,1.0,0.0,-73.0
1777889959.8053324,0.0,-1.0,-78.0
1777889959.8153324,0.0,-6.0,-77.0
1777889959.8253324,-4.0,-2.0,-75.0
1777889959.8353324,-3.0,-2.0,-73.0
1777889959.8453324,2.0,-2.0,-75.0
1777889959.8553324,3.0,-6.0,-74.0
1777889959.8653324,9.0,-7.0,-73.0
1777889959.8753324,5.0,-8.0,-66.0
1777889959.8853323,5.0,-8.0,-75.0
1777889959.8953323,4.0,-5.0,-82.0
1777889959.9053323,-1.0,-5.0,-86.0
1777889959.9153323,0.0,-11.0,-84.0
1777889959.9253323,0.0,-10.0,-84.0
1777889959.9353323,-2.0,-11.0,-78.0
1777889959.9453323,-5.0,-12.0,-74.0
1777889959.9553325,-6.0,-8.0,-75.0
1777889959.9653325,-8.0,-7.0,-68.0
1777889959.9753325,-6.0,-6.0,-70.0
1777889959.9853325,-2.0,-7.0,-68.0
1777889959.9953325,-2.0,-6.0,-70.0
1777889960.0053325,0.0,-7.0,-70.0
1777889960.0153325,0.0,-3.0,-70.0
1777889960.0253325,5.0,-3.0,-64.0
1777889960.0353324,6.0,-1.0,-69.0
1777889960.0453324,5.0,-1.0,-63.0
1777889960.0553324,3.0,-1.0,-59.0
1777889960.0653324,0.0,-2.0,-54.0
1777889960.0753324,4.0,-1.0,-61.0
1777889960.0853324,1.0,0.0,-71.0
1777889960.0953324,1.0,-2.0,-78.0
1777889960.1053324,3.0,-3.0,-71.0
1777889960.1153324,4.0,-5.0,-74.0
1777889960.1253324,4.0,-6.0,-79.0
1777889960.1353323,2.0,-6.0,-80.0
1777889960.1453323,2.0,-5.0,-85.0
1777889960.1553323,5.0,-4.0,-85.0
1777889960.1653323,3.0,-4.0,-78.0
1777889960.1753323,0.0,-1.0,-74.0
1777889960.1853323,0.0,-2.0,-70.0
1777889960.1953323,0.0,-4.0,-77.0
1777889960.2053325,2.0,-6.0,-73.0
1777889960.2153325,1.0,-3.0,-76.0
1777889960.2253325,0.0,-2.0,-81.0
1777889960.2353325,2.0,-2.0,-80.0
1777889960.2453325,0.0,-2.0,-75.0
1777889960.2553325,-1.0,-7.0,-73.0
1777889960.2653325,3.0,-4.0,-70.0
1777889960.2753325,2.0,0.0,-65.0
1777889960.2853324,4.0,1.0,-64.0
1777889960.2953324,8.0,-2.0,-67.0
1777889960.3053324,0.0,-3.0,-65.0
1777889960.3153324,-2.0,-4.0,-64.0
1777889960.3253324,-7.0,-5.0,-62.0
1777889960.3353324,-6.0,-3.0,-63.0
1777889960.3453324,-4.0,-2.0,-68.0
1777889960.3553324,-1.0,-3.0,-69.0
1777889960.3653324,-3.0,-6.0,-71.0
1777889960.3753324,0.0,-6.0,-65.0
1777889960.3853323,2.0,-3.0,-73.0
1777889960.3953323,5.0,-3.0,-72.0
1777889960.4053323,10.0,-1.0,-72.0
1777889960.4153323,6.0,-1.0,-77.0
1777889960.4253323,5.0,0.0,-78.0
1777889960.4353323,5.0,-1.0,-75.0
1777889960.4453323,7.0,3.0,-77.0
1777889960.4553325,3.0,-1.0,-74.0
1777889960.4653325,2.0,2.0,-69.0
1777889960.4753325,6.0,4.0,-69.0
1777889960.4853325,7.0,0.0,-70.0
1777889960.4953325,6.0,0.0,-71.0
1777889960.5053325,0.0,-4.0,-72.0
1777889960.5153325,0.0,-6.0,-67.0
1777889960.5253325,1.0,-2.0,-68.0
1777889960.5353324,6.0,0.0,-72.0
1777889960.5453324,4.0,-3.0,-71.0
1777889960.5553324,3.0,-3.0,-77.0
1777889960.5663323,-4.0,-3.0,-79.0
1777889960.5753324,-4.0,-1.0,-78.0
1777889960.5853324,-4.0,-1.0,-76.0
1777889960.5953324,-3.0,-3.0,-69.0
1777889960.6063323,0.0,-2.0,-71.0
1777889960.6163323,2.0,-3.0,-72.0
1777889960.6263323,3.0,-3.0,-70.0
1777889960.6363325,7.0,1.0,-77.0
1777889960.6463325,10.0,0.0,-75.0
1777889960.6563325,7.0,-3.0,-75.0
1777889960.6663325,1.0,-4.0,-70.0
1777889960.6763325,1.0,-5.0,-75.0
1777889960.6863325,-6.0,-5.0,-76.0
1777889960.6963325,-3.0,1.0,-75.0
1777889960.7063324,2.0,1.0,-75.0
1777889960.7163324,2.0,0.0,-77.0
1777889960.7263324,0.0,-1.0,-85.0
1777889960.7363324,0.0,-1.0,-83.0
1777889960.7463324,-2.0,-2.0,-78.0
1777889960.7563324,-2.0,-5.0,-81.0
1777889960.7663324,-2.0,-3.0,-83.0
1777889960.7763324,1.0,-5.0,-81.0
1777889960.7863324,1.0,-6.0,-80.0
1777889960.7963324,-4.0,-3.0,-83.0
1777889960.8063323,-3.0,-3.0,-79.0
1777889960.8163323,-3.0,4.0,-79.0
1777889960.8263323,-2.0,4.0,-78.0
1777889960.8363323,-1.0,3.0,-76.0
1777889960.8463323,-8.0,1.0,-74.0
1777889960.8563323,-4.0,0.0,-82.0
1777889960.8663323,-2.0,1.0,-84.0
1777889960.8763323,-3.0,0.0,-77.0
1777889960.8863325,-5.0,0.0,-72.0
1777889960.8963325,-2.0,0.0,-68.0
1777889960.9063325,0.0,1.0,-67.0
1777889960.9163325,0.0,-1.0,-61.0
1777889960.9263325,3.0,-2.0,-66.0
1777889960.9363325,-2.0,-2.0,-60.0
1777889960.9463325,0.0,0.0,-61.0
1777889960.9563324,-2.0,0.0,-72.0
1777889960.9663324,-5.0,2.0,-67.0
1777889960.9763324,-4.0,0.0,-72.0
1777889960.9863324,-1.0,-4.0,-76.0
1777889960.9963324,0.0,-5.0,-80.0
1777889961.0063324,0.0,0.0,-76.0
1777889961.0163324,-1.0,0.0,-72.0
1777889961.0263324,-2.0,1.0,-71.0
1777889961.0363324,0.0,1.0,-76.0
1777889961.0463324,1.0,2.0,-67.0
1777889961.0563323,3.0,3.0,-67.0
1777889961.0663323,3.0,3.0,-68.0
1777889961.0763323,5.0,1.0,-67.0
1777889961.0863323,3.0,4.0,-72.0
1777889961.0963323,5.0,3.0,-74.0
1777889961.1063323,1.0,1.0,-78.0
1777889961.1163323,4.0,-1.0,-67.0
1777889961.1263323,4.0,1.0,-67.0
1777889961.1363325,4.0,3.0,-71.0
1777889961.1463325,0.0,2.0,-67.0
1777889961.1563325,-1.0,2.0,-71.0
1777889961.1663325,0.0,3.0,-75.0
1777889961.1763325,1.0,1.0,-79.0
1777889961.1863325,4.0,3.0,-77.0
1777889961.1963325,4.0,3.0,-81.0
1777889961.2063324,3.0,2.0,-84.0
1777889961.2163324,2.0,1.0,-85.0
1777889961.2263324,1.0,0.0,-84.0
1777889961.2363324,3.0,-3.0,-82.0
1777889961.2463324,4.0,-1.0,-80.0
1777889961.2563324,3.0,0.0,-83.0
1777889961.2663324,0.0,-2.0,-84.0
1777889961.2763324,0.0,-4.0,-83.0
1777889961.2863324,0.0,-7.0,-80.0
1777889961.2963324,1.0,-7.0,-74.0
1777889961.3063323,2.0,-1.0,-69.0
1777889961.3163323,3.0,0.0,-71.0
1777889961.3263323,6.0,2.0,-68.0
1777889961.3363323,8.0,5.0,-66.0
1777889961.3463323,5.0,0.0,-68.0
1777889961.3563323,3.0,4.0,-68.0
1777889961.3663323,1.0,6.0,-70.0
1777889961.3763323,1.0,2.0,-74.0
1777889961.3863325,1.0,-2.0,-74.0
1777889961.3963325,3.0,-1.0,-74.0
1777889961.4063325,-1.0,-9.0,-75.0
1777889961.4163325,-3.0,-5.0,-71.0
1777889961.4263325,-5.0,-1.0,-71.0
1777889961.4363325,-5.0,0.0,-76.0
1777889961.4463325,-5.0,-2.0,-76.0
1777889961.4563324,-6.0,-2.0,-65.0
1777889961.4663324,-4.0,0.0,-66.0
1777889961.4763324,-1.0,4.0,-66.0
1777889961.4863324,-1.0,9.0,-73.0
1777889961.4963324,-2.0,9.0,-74.0
1777889961.5063324,-5.0,4.0,-71.0
1777889961.5163324,-6.0,1.0,-65.0
1777889961.5263324,-5.0,0.0,-71.0
1777889961.5363324,-7.0,0.0,-72.0
1777889961.5463324,-3.0,2.0,-70.0
1777889961.5563323,-1.0,4.0,-67.0
1777889961.5663323,-3.0,3.0,-60.0
1777889961.5763323,-2.0,0.0,-70.0
1777889961.5863323,-1.0,1.0,-65.0
1777889961.5963323,1.0,6.0,-68.0
1777889961.6063323,2.0,7.0,-66.0
1777889961.6163323,4.0,10.0,-66.0
1777889961.6263323,4.0,5.0,-67.0
1777889961.6363325,-1.0,4.0,-64.0
1777889961.6463325,-6.0,3.0,-68.0
1777889961.6563325,-3.0,-1.0,-72.0
1777889961.6663325,5.0,-5.0,-70.0
1777889961.6763325,4.0,-6.0,-73.0
1777889961.6863325,1.0,-2.0,-75.0
1777889961.6963325,0.0,-3.0,-79.0
1777889961.7063324,-3.0,0.0,-72.0
1777889961.7163324,-4.0,0.0,-71.0
1777889961.7263324,-1.0,2.0,-73.0
1777889961.7363324,1.0,3.0,-66.0
1777889961.7463324,5.0,4.0,-68.0
1777889961.7563324,7.0,1.0,-72.0
1777889961.7663324,5.0,0.0,-70.0
1777889961.7763324,7.0,-2.0,-72.0
1777889961.7863324,6.0,-6.0,-73.0
1777889961.7963324,7.0,-5.0,-72.0
1777889961.8063323,7.0,0.0,-65.0
1777889961.8163323,12.0,0.0,-68.0
1777889961.8263323,14.0,0.0,-72.0
1777889961.8363323,12.0,-3.0,-72.0
1777889961.8463323,16.0,-5.0,-73.0
1777889961.8563323,14.0,-8.0,-75.0
1777889961.8663323,11.0,-10.0,-78.0
1777889961.8763323,7.0,-9.0,-71.0
1777889961.8863325,9.0,-9.0,-67.0
1777889961.8963325,9.0,-5.0,-68.0
1777889961.9063325,9.0,-3.0,-70.0
1777889961.9163325,10.0,-1.0,-72.0
1777889961.9263325,9.0,-3.0,-80.0
1777889961.9363325,15.0,-1.0,-84.0
1777889961.9463325,14.0,-1.0,-77.0
1777889961.9563324,6.0,0.0,-77.0
1777889961.9663324,0.0,-2.0,-78.0
1777889961.9763324,7.0,-4.0,-86.0
1777889961.9863324,6.0,-3.0,-81.0
1777889961.9963324,7.0,-7.0,-86.0
1777889962.0063324,0.0,-5.0,-84.0
1777889962.0163324,0.0,-1.0,-82.0
1777889962.0263324,0.0,0.0,-77.0
1777889962.0363324,0.0,1.0,-74.0
1777889962.0463324,3.0,0.0,-74.0
1777889962.0563323,6.0,-1.0,-77.0
1777889962.0663323,3.0,-1.0,-81.0
1777889962.0763323,2.0,0.0,-77.0
1777889962.0863323,4.0,1.0,-82.0
1777889962.0963323,-1.0,1.0,-79.0
1777889962.1063323,1.0,1.0,-80.0
1777889962.1163323,-2.0,2.0,-79.0
1777889962.1263323,-12.0,1.0,-70.0
1777889962.1363325,-11.0,6.0,-74.0
1777889962.1463325,-5.0,11.0,-74.0
1777889962.1563325,-4.0,8.0,-71.0
1777889962.1663325,-4.0,9.0,-70.0
1777889962.1763325,-1.0,4.0,-69.0
1777889962.1863325,1.0,0.0,-70.0
1777889962.1963325,3.0,0.0,-71.0
1777889962.2063324,2.0,-3.0,-68.0
1777889962.2163324,0.0,-8.0,-70.0
1777889962.2263324,-1.0,-6.0,-63.0
1777889962.2363324,-1.0,0.0,-68.0
1777889962.2463324,1.0,0.0,-69.0
1777889962.2563324,3.0,-3.0,-69.0
1777889962.2663324,3.0,0.0,-75.0
1777889962.2763324,6.0,1.0,-76.0
1777889962.2863324,8.0,2.0,-74.0
1777889962.2963324,2.0,2.0,-75.0
1777889962.3063323,2.0,7.0,-77.0
1777889962.3163323,2.0,6.0,-74.0
1777889962.3263323,0.0,3.0,-73.0
1777889962.3363323,-3.0,0.0,-71.0
1777889962.3463323,-3.0,0.0,-79.0
1777889962.3563323,-1.0,-1.0,-79.0
1777889962.3663323,0.0,-2.0,-82.0
1777889962.3763323,0.0,-1.0,-80.0
1777889962.3863325,1.0,-3.0,-79.0
1777889962.3963325,4.0,-7.0,-77.0
1777889962.4063325,2.0,-7.0,-78.0
1777889962.4163325,6.0,-3.0,-77.0
1777889962.4263325,7.0,-3.0,-74.0
1777889962.4363325,7.0,-7.0,-76.0
1777889962.4463325,4.0,-5.0,-76.0
1777889962.4563324,1.0,-3.0,-72.0
1777889962.4663324,4.0,0.0,-74.0
1777889962.4763324,8.0,-4.0,-73.0
1777889962.4863324,4.0,-2.0,-78.0
1777889962.4963324,5.0,-3.0,-77.0
1777889962.5063324,4.0,-4.0,-78.0
1777889962.5163324,2.0,-4.0,-76.0
1777889962.5263324,5.0,-8.0,-78.0
1777889962.5363324,5.0,-5.0,-74.0
1777889962.5463324,6.0,-2.0,-77.0
1777889962.5563323,8.0,-4.0,-80.0
1777889962.5673325,9.0,0.0,-83.0
1777889962.5763323,9.0,1.0,-78.0
1777889962.5863323,10.0,2.0,-77.0
1777889962.5973325,10.0,1.0,-82.0
1777889962.6073325,10.0,0.0,-84.0
1777889962.6173325,6.0,-1.0,-79.0
1777889962.6273324,5.0,-2.0,-76.0
1777889962.6373324,3.0,-2.0,-73.0
1777889962.6473324,2.0,-3.0,-79.0
1777889962.6573324,6.0,-4.0,-79.0
1777889962.6673324,4.0,-1.0,-82.0
1777889962.6773324,4.0,0.0,-73.0
1777889962.6873324,1.0,1.0,-74.0
1777889962.6973324,1.0,4.0,-80.0
1777889962.7073324,-1.0,5.0,-81.0
1777889962.7173324,0.0,-1.0,-76.0
1777889962.7273324,1.0,0.0,-69.0
1777889962.7373323,1.0,-1.0,-70.0
1777889962.7473323,0.0,-1.0,-68.0
1777889962.7573323,-1.0,-4.0,-70.0
1777889962.7673323,1.0,-5.0,-73.0
1777889962.7773323,3.0,-7.0,-73.0
1777889962.7873323,5.0,-9.0,-72.0
1777889962.7973323,3.0,-6.0,-78.0
1777889962.8073325,2.0,-3.0,-79.0
1777889962.8173325,3.0,-7.0,-81.0
1777889962.8273325,0.0,-8.0,-75.0
1777889962.8373325,-3.0,-4.0,-80.0
1777889962.8473325,-3.0,-2.0,-76.0
1777889962.8573325,0.0,-4.0,-83.0
1777889962.8673325,1.0,-2.0,-82.0
1777889962.8773324,0.0,0.0,-85.0
1777889962.8873324,-1.0,-1.0,-79.0
1777889962.8973324,-1.0,0.0,-72.0
1777889962.9073324,-1.0,-3.0,-69.0
1777889962.9173324,0.0,-5.0,-59.0
1777889962.9273324,0.0,1.0,-59.0
1777889962.9373324,4.0,-1.0,-62.0
1777889962.9473324,4.0,-3.0,-68.0
1777889962.9573324,0.0,-5.0,-71.0
1777889962.9673324,-2.0,-8.0,-73.0
1777889962.9773324,-1.0,-6.0,-71.0
1777889962.9873323,-7.0,-3.0,-77.0
1777889962.9973323,-4.0,0.0,-67.0
1777889963.0073323,-3.0,-1.0,-72.0
1777889963.0173323,-7.0,-2.0,-75.0
1777889963.0273323,-9.0,1.0,-78.0
1777889963.0373323,-9.0,5.0,-72.0
1777889963.0473323,0.0,4.0,-67.0
1777889963.0573325,-1.0,0.0,-66.0
1777889963.0673325,0.0,1.0,-73.0
1777889963.0773325,0.0,2.0,-70.0
1777889963.0873325,4.0,1.0,-70.0
1777889963.0973325,0.0,-1.0,-72.0
1777889963.1073325,-2.0,-4.0,-77.0
1777889963.1173325,-2.0,-2.0,-75.0
1777889963.1273324,0.0,-2.0,-76.0
1777889963.1373324,0.0,0.0,-78.0
1777889963.1473324,2.0,0.0,-82.0
1777889963.1573324,4.0,-5.0,-80.0
1777889963.1673324,2.0,-4.0,-76.0
1777889963.1773324,-1.0,-2.0,-74.0
1777889963.1873324,-7.0,-1.0,-71.0
1777889963.1973324,-5.0,-5.0,-72.0
1777889963.2073324,-2.0,0.0,-75.0
1777889963.2173324,2.0,0.0,-78.0
1777889963.2273324,-1.0,-3.0,-80.0
1777889963.2373323,1.0,-1.0,-90.0
1777889963.2473323,-1.0,-2.0,-88.0
1777889963.2573323,0.0,0.0,-84.0
1777889963.2673323,0.0,0.0,-85.0
1777889963.2773323,-4.0,2.0,-89.0
1777889963.2873323,-6.0,3.0,-86.0
1777889963.2973323,-9.0,3.0,-92.0
1777889963.3073325,-7.0,0.0,-84.0
1777889963.3173325,-4.0,-5.0,-82.0
1777889963.3273325,-4.0,-1.0,-82.0
1777889963.3373325,-4.0,-3.0,-80.0
1777889963.3473325,-4.0,-4.0,-80.0
1777889963.3573325,-3.0,-5.0,-83.0
1777889963.3673325,1.0,-3.0,-82.0
1777889963.3773324,0.0,-3.0,-78.0
1777889963.3873324,-3.0,-2.0,-79.0
1777889963.3973324,0.0,0.0,-87.0
1777889963.4073324,2.0,2.0,-86.0
1777889963.4173324,-2.0,2.0,-82.0
1777889963.4273324,-2.0,0.0,-84.0
1777889963.4373324,-1.0,0.0,-90.0
1777889963.4473324,0.0,1.0,-81.0
1777889963.4573324,0.0,3.0,-79.0
1777889963.4673324,0.0,1.0,-78.0
1777889963.4773324,2.0,1.0,-81.0
1777889963.4873323,0.0,2.0,-87.0
1777889963.4973323,0.0,1.0,-87.0
1777889963.5073323,1.0,-3.0,-88.0
1777889963.5173323,0.0,-2.0,-82.0
1777889963.5273323,-3.0,-1.0,-81.0
1777889963.5373323,-5.0,-3.0,-82.0
1777889963.5473323,-1.0,-1.0,-82.0
1777889963.5573325,-1.0,3.0,-81.0
1777889963.5673325,1.0,1.0,-75.0
1777889963.5773325,2.0,0.0,-70.0
1777889963.5873325,1.0,-1.0,-69.0
1777889963.5973325,0.0,-2.0,-73.0
1777889963.6073325,-3.0,-2.0,-76.0
1777889963.6173325,-7.0,-3.0,-68.0
1777889963.6273324,-5.0,0.0,-74.0
1777889963.6373324,0.0,1.0,-78.0
1777889963.6473324,1.0,3.0,-81.0
1777889963.6573324,1.0,8.0,-84.0
1777889963.6673324,0.0,2.0,-87.0
1777889963.6773324,1.0,3.0,-80.0
1777889963.6873324,3.0,0.0,-78.0
1777889963.6973324,3.0,-3.0,-77.0
1777889963.7073324,5.0,-3.0,-81.0
1777889963.7173324,4.0,-2.0,-82.0
1777889963.7273324,2.0,-4.0,-78.0
1777889963.7373323,4.0,-5.0,-79.0
1777889963.7473323,11.0,-3.0,-78.0
1777889963.7573323,2.0,-1.0,-78.0
1777889963.7673323,-4.0,0.0,-75.0
1777889963.7773323,-8.0,3.0,-76.0
1777889963.7873323,-7.0,2.0,-72.0
1777889963.7973323,-11.0,0.0,-72.0
1777889963.8073325,-5.0,-3.0,-70.0
1777889963.8173325,-3.0,-3.0,-65.0
1777889963.8273325,1.0,-6.0,-69.0
1777889963.8373325,3.0,-2.0,-66.0
1777889963.8473325,-1.0,0.0,-67.0
1777889963.8573325,-6.0,-2.0,-70.0
1777889963.8673325,-7.0,1.0,-72.0
1777889963.8773324,-3.0,6.0,-70.0
1777889963.8873324,0.0,11.0,-69.0
1777889963.8973324,1.0,7.0,-75.0
1777889963.9073324,4.0,2.0,-71.0
1777889963.9173324,9.0,2.0,-70.0
1777889963.9273324,8.0,0.0,-78.0
1777889963.9373324,4.0,0.0,-78.0
1777889963.9473324,-3.0,0.0,-75.0
1777889963.9573324,-6.0,0.0,-78.0
1777889963.9673324,-5.0,1.0,-79.0
1777889963.9773324,-3.0,0.0,-75.0
1777889963.9873323,0.0,1.0,-78.0
1777889963.9973323,-2.0,1.0,-73.0
1777889964.0073323,-4.0,3.0,-75.0
1777889964.0173323,-5.0,2.0,-73.0
1777889964.0273323,-6.0,1.0,-67.0
1777889964.0373323,-6.0,0.0,-63.0
1777889964.0473323,-4.0,-3.0,-63.0
1777889964.0573325,-2.0,-1.0,-66.0
1777889964.0673325,5.0,0.0,-64.0
1777889964.0773325,9.0,-1.0,-65.0
1777889964.0873325,8.0,0.0,-66.0
1777889964.0973325,8.0,-1.0,-65.0
1777889964.1073325,5.0,-1.0,-67.0
1777889964.1173325,2.0,-2.0,-71.0
1777889964.1273324,1.0,0.0,-74.0
1777889964.1373324,0.0,2.0,-75.0
1777889964.1473324,0.0,1.0,-75.0
1777889964.1573324,-2.0,0.0,-76.0
1777889964.1673324,0.0,-2.0,-82.0
1777889964.1773324,-1.0,-1.0,-86.0
1777889964.1873324,-4.0,2.0,-82.0
1777889964.1973324,-3.0,2.0,-85.0
1777889964.2073324,-1.0,0.0,-78.0
1777889964.2173324,0.0,1.0,-71.0
1777889964.2273324,-2.0,1.0,-67.0
1777889964.2373323,-2.0,1.0,-72.0
1777889964.2473323,-1.0,1.0,-74.0
1777889964.2573323,-4.0,3.0,-69.0
1777889964.2673323,-1.0,4.0,-66.0
1777889964.2773323,-3.0,1.0,-67.0
1777889964.2873323,-2.0,3.0,-67.0
1777889964.2973323,1.0,2.0,-71.0
1777889964.3073325,8.0,2.0,-74.0
1777889964.3173325,10.0,2.0,-80.0
1777889964.3273325,12.0,7.0,-78.0
1777889964.3373325,8.0,2.0,-85.0
1777889964.3473325,5.0,-3.0,-75.0
1777889964.3573325,11.0,1.0,-75.0
1777889964.3673325,10.0,0.0,-77.0
1777889964.3773324,9.0,0.0,-80.0
1777889964.3873324,10.0,0.0,-87.0
1777889964.3973324,8.0,0.0,-85.0
1777889964.4073324,8.0,1.0,-86.0
1777889964.4173324,7.0,1.0,-85.0
1777889964.4273324,1.0,1.0,-76.0
1777889964.4373324,0.0,0.0,-80.0
1777889964.4473324,-1.0,-2.0,-76.0
1777889964.4573324,1.0,0.0,-74.0
1777889964.4673324,-2.0,-3.0,-75.0
1777889964.4773324,-8.0,0.0,-71.0
1777889964.4873323,-8.0,2.0,-67.0
1777889964.4973323,-13.0,-2.0,-67.0
1777889964.5073323,-14.0,0.0,-68.0
1777889964.5173323,-9.0,-2.0,-71.0
1777889964.5273323,-3.0,-3.0,-63.0
1777889964.5373323,0.0,1.0,-61.0
1777889964.5473323,-1.0,-1.0,-66.0
1777889964.5573325,-4.0,-2.0,-76.0
1777889964.5683324,0.0,-4.0,-77.0
1777889964.5783324,3.0,1.0,-72.0
1777889964.5883324,2.0,4.0,-73.0
1777889964.5983324,0.0,4.0,-78.0
1777889964.6083324,0.0,2.0,-77.0
1777889964.6183324,1.0,-3.0,-85.0
1777889964.6283324,1.0,0.0,-86.0
1777889964.6383324,5.0,0.0,-79.0
1777889964.6483324,3.0,-3.0,-77.0
1777889964.6583323,0.0,0.0,-72.0
1777889964.6683323,-2.0,5.0,-77.0
1777889964.6783323,-4.0,3.0,-75.0
1777889964.6883323,0.0,1.0,-71.0
1777889964.6983323,4.0,-1.0,-72.0
1777889964.7083323,3.0,-2.0,-76.0
1777889964.7183323,1.0,-3.0,-82.0
1777889964.7283323,2.0,-1.0,-79.0
1777889964.7383325,4.0,2.0,-80.0
1777889964.7483325,7.0,-5.0,-75.0
1777889964.7583325,4.0,-3.0,-71.0
1777889964.7683325,1.0,-3.0,-76.0
1777889964.7783325,0.0,-6.0,-80.0
1777889964.7883325,4.0,-7.0,-75.0
1777889964.7983325,5.0,-5.0,-78.0
1777889964.8083324,6.0,-3.0,-79.0
1777889964.8183324,4.0,-4.0,-77.0
1777889964.8283324,6.0,-4.0,-84.0
1777889964.8383324,6.0,0.0,-83.0
1777889964.8483324,11.0,-2.0,-86.0
1777889964.8583324,12.0,-4.0,-80.0
1777889964.8683324,8.0,-5.0,-79.0
1777889964.8783324,6.0,-6.0,-75.0
1777889964.8883324,4.0,-9.0,-74.0
1777889964.8983324,2.0,-7.0,-78.0
1777889964.9083323,3.0,-2.0,-79.0
1777889964.9183323,6.0,-2.0,-72.0
1777889964.9283323,7.0,-1.0,-71.0
1777889964.9383323,5.0,1.0,-70.0
1777889964.9483323,9.0,0.0,-75.0
1777889964.9583323,10.0,0.0,-69.0
1777889964.9683323,6.0,2.0,-68.0
1777889964.9783323,-1.0,4.0,-67.0
1777889964.9883325,-1.0,6.0,-67.0
1777889964.9983325,-1.0,2.0,-65.0
1777889965.0083325,1.0,-2.0,-62.0
1777889965.0183325,0.0,-3.0,-65.0
1777889965.0283325,2.0,-3.0,-72.0
1777889965.0383325,2.0,0.0,-67.0
1777889965.0483325,-2.0,-2.0,-69.0
1777889965.0583324,-5.0,0.0,-72.0
1777889965.0683324,-1.0,0.0,-67.0
1777889965.0783324,2.0,-2.0,-66.0
1777889965.0883324,2.0,-3.0,-65.0
1777889965.0983324,3.0,-2.0,-67.0
1777889965.1083324,3.0,-3.0,-69.0
1777889965.1183324,-3.0,-8.0,-71.0
1777889965.1283324,-5.0,-4.0,-74.0
1777889965.1383324,-2.0,-8.0,-75.0
1777889965.1483324,-4.0,-2.0,-74.0
1777889965.1583323,0.0,-2.0,-70.0
1777889965.1683323,1.0,0.0,-65.0
1777889965.1783323,-4.0,0.0,-73.0
1777889965.1883323,0.0,-3.0,-75.0
1777889965.1983323,6.0,0.0,-81.0
1777889965.2083323,6.0,0.0,-78.0
1777889965.2183323,6.0,0.0,-77.0
1777889965.2283323,6.0,3.0,-79.0
1777889965.2383325,5.0,4.0,-78.0
1777889965.2483325,4.0,3.0,-79.0
1777889965.2583325,3.0,3.0,-80.0
1777889965.2683325,2.0,3.0,-73.0
1777889965.2783325,-1.0,0.0,-74.0
1777889965.2883325,0.0,-1.0,-83.0
1777889965.2983325,0.0,-3.0,-85.0
1777889965.3083324,0.0,-1.0,-80.0
1777889965.3183324,0.0,-2.0,-74.0
1777889965.3283324,0.0,-4.0,-72.0
1777889965.3383324,2.0,-4.0,-71.0
1777889965.3483324,3.0,-4.0,-76.0
1777889965.3583324,-2.0,-6.0,-80.0
1777889965.3683324,-5.0,1.0,-80.0
1777889965.3783324,-7.0,0.0,-75.0
1777889965.3883324,-10.0,-2.0,-72.0
1777889965.3983324,-7.0,2.0,-73.0
1777889965.4083323,-3.0,0.0,-70.0
1777889965.4183323,-1.0,3.0,-74.0
1777889965.4283323,0.0,2.0,-82.0
1777889965.4383323,3.0,3.0,-85.0
1777889965.4483323,7.0,3.0,-84.0
1777889965.4583323,4.0,0.0,-76.0
1777889965.4683323,8.0,-4.0,-70.0
1777889965.4783323,5.0,-4.0,-73.0
1777889965.4883325,1.0,-1.0,-74.0
1777889965.4983325,3.0,1.0,-67.0
1777889965.5083325,0.0,3.0,-65.0
1777889965.5183325,-1.0,4.0,-70.0
1777889965.5283325,-3.0,1.0,-80.0
1777889965.5383325,-3.0,4.0,-80.0
1777889965.5483325,0.0,1.0,-73.0
1777889965.5583324,0.0,0.0,-74.0
1777889965.5683324,-6.0,-2.0,-72.0
1777889965.5783324,0.0,-6.0,-71.0
1777889965.5883324,-1.0,-5.0,-79.0
1777889965.5983324,2.0,0.0,-74.0
1777889965.6083324,3.0,4.0,-70.0
1777889965.6183324,1.0,4.0,-75.0
1777889965.6283324,0.0,9.0,-71.0
1777889965.6383324,0.0,5.0,-66.0
1777889965.6483324,0.0,4.0,-71.0
1777889965.6583323,0.0,2.0,-75.0
1777889965.6683323,3.0,7.0,-72.0
1777889965.6783323,1.0,6.0,-75.0
1777889965.6883323,-2.0,3.0,-75.0
1777889965.6983323,-2.0,2.0,-72.0
1777889965.7083323,-5.0,4.0,-71.0
1777889965.7183323,-3.0,5.0,-72.0
1777889965.7283323,-1.0,2.0,-72.0
1777889965.7383325,3.0,2.0,-75.0
1777889965.7483325,4.0,3.0,-69.0
1777889965.7583325,6.0,3.0,-72.0
1777889965.7683325,4.0,1.0,-74.0
1777889965.7783325,0.0,1.0,-77.0
1777889965.7883325,-4.0,4.0,-79.0
1777889965.7983325,-4.0,4.0,-76.0
1777889965.8083324,-3.0,2.0,-73.0
1777889965.8183324,3.0,4.0,-72.0
1777889965.8283324,2.0,3.0,-69.0
1777889965.8383324,1.0,3.0,-70.0
1777889965.8483324,0.0,5.0,-67.0
1777889965.8583324,2.0,2.0,-73.0
1777889965.8683324,2.0,4.0,-72.0
1777889965.8783324,1.0,3.0,-72.0
1777889965.8883324,0.0,1.0,-69.0
1777889965.8983324,2.0,0.0,-63.0
1777889965.9083323,2.0,2.0,-66.0
1777889965.9183323,3.0,1.0,-69.0
1777889965.9283323,7.0,3.0,-66.0
1777889965.9383323,1.0,3.0,-67.0
1777889965.9483323,1.0,0.0,-67.0
1777889965.9583323,1.0,0.0,-64.0
1777889965.9683323,1.0,0.0,-63.0
1777889965.9783323,4.0,3.0,-70.0
1777889965.9883325,4.0,0.0,-70.0
1777889965.9983325,0.0,-3.0,-64.0
1777889966.0083325,-6.0,-5.0,-61.0
1777889966.0183325,-8.0,-4.0,-58.0
1777889966.0283325,-11.0,-3.0,-63.0
1777889966.0383325,-7.0,3.0,-65.0
1777889966.0483325,-4.0,2.0,-67.0
1777889966.0583324,-1.0,4.0,-72.0
1777889966.0683324,0.0,4.0,-72.0
1777889966.0783324,0.0,8.0,-72.0
1777889966.0883324,-5.0,9.0,-70.0
1777889966.0983324,-4.0,5.0,-75.0
1777889966.1083324,-3.0,2.0,-75.0
1777889966.1183324,-1.0,-1.0,-71.0
1777889966.1283324,-2.0,2.0,-68.0
1777889966.1383324,1.0,3.0,-70.0
1777889966.1483324,2.0,3.0,-71.0
1777889966.1583323,6.0,3.0,-73.0
1777889966.1683323,5.0,-1.0,-73.0
1777889966.1783323,3.0,0.0,-77.0
1777889966.1883323,1.0,0.0,-72.0
1777889966.1983323,6.0,0.0,-68.0
1777889966.2083323,8.0,-3.0,-73.0
1777889966.2183323,5.0,-3.0,-79.0
1777889966.2283323,0.0,-3.0,-84.0
1777889966.2383325,1.0,0.0,-79.0
1777889966.2483325,0.0,1.0,-75.0
1777889966.2583325,0.0,3.0,-73.0
1777889966.2683325,2.0,1.0,-76.0
1777889966.2783325,-2.0,0.0,-76.0
1777889966.2883325,-6.0,-3.0,-76.0
1777889966.2983325,-6.0,-3.0,-81.0
1777889966.3083324,-6.0,-3.0,-77.0
1777889966.3183324,-6.0,0.0,-72.0
1777889966.3283324,-3.0,4.0,-73.0
1777889966.3383324,-3.0,2.0,-74.0
1777889966.3483324,-4.0,0.0,-75.0
1777889966.3583324,-4.0,1.0,-72.0
1777889966.3683324,0.0,3.0,-78.0
1777889966.3783324,-1.0,2.0,-77.0
1777889966.3883324,-3.0,0.0,-79.0
1777889966.3983324,-1.0,-1.0,-85.0
1777889966.4093325,2.0,2.0,-86.0
1777889966.4183323,1.0,3.0,-86.0
1777889966.4283323,2.0,1.0,-83.0
1777889966.4383323,0.0,-2.0,-75.0
1777889966.4483323,-1.0,-4.0,-71.0
1777889966.4583323,-3.0,-2.0,-76.0
1777889966.4683323,0.0,0.0,-83.0
1777889966.4783323,4.0,0.0,-78.0
1777889966.4883325,1.0,0.0,-84.0
1777889966.4983325,2.0,4.0,-91.0
1777889966.5083325,3.0,4.0,-84.0
1777889966.5183325,3.0,0.0,-84.0
1777889966.5283325,5.0,4.0,-83.0
1777889966.5383325,5.0,3.0,-84.0
1777889966.5493324,2.0,6.0,-75.0
1777889966.5583324,1.0,1.0,-81.0
1777889966.5693324,1.0,-1.0,-75.0
1777889966.5793324,4.0,0.0,-71.0
1777889966.5893323,3.0,3.0,-70.0
1777889966.5993323,2.0,2.0,-70.0
1777889966.6093323,-1.0,3.0,-72.0
1777889966.6193323,0.0,0.0,-74.0
1777889966.6293323,4.0,0.0,-75.0
1777889966.6393323,0.0,-4.0,-76.0
1777889966.6493323,0.0,-3.0,-73.0
1777889966.6593325,3.0,-2.0,-75.0
1777889966.6693325,3.0,-3.0,-79.0
1777889966.6793325,0.0,-7.0,-82.0
1777889966.6893325,-3.0,-7.0,-82.0
1777889966.6993325,-1.0,0.0,-82.0
1777889966.7093325,-2.0,3.0,-79.0
1777889966.7193325,1.0,3.0,-75.0
1777889966.7293324,2.0,-2.0,-77.0
1777889966.7393324,2.0,-3.0,-75.0
1777889966.7493324,-2.0,0.0,-80.0
1777889966.7593324,-6.0,0.0,-74.0
1777889966.7693324,-2.0,-1.0,-69.0
1777889966.7793324,1.0,0.0,-72.0
1777889966.7893324,0.0,2.0,-78.0
1777889966.7993324,2.0,5.0,-69.0
1777889966.8093324,0.0,7.0,-76.0
1777889966.8193324,1.0,5.0,-77.0
1777889966.8293324,2.0,6.0,-77.0
1777889966.8393323,3.0,4.0,-78.0
1777889966.8493323,3.0,1.0,-74.0
1777889966.8593323,0.0,4.0,-71.0
1777889966.8693323,1.0,5.0,-73.0
1777889966.8793323,0.0,3.0,-75.0
1777889966.8893323,0.0,0.0,-74.0
1777889966.8993323,0.0,-1.0,-74.0
1777889966.9093325,0.0,-1.0,-76.0
1777889966.9193325,4.0,-2.0,-73.0
1777889966.9293325,3.0,-3.0,-69.0
1777889966.9393325,5.0,-3.0,-80.0
1777889966.9493325,3.0,-1.0,-79.0
1777889966.9593325,2.0,1.0,-81.0
1777889966.9693325,0.0,4.0,-75.0
1777889966.9793324,2.0,5.0,-73.0
1777889966.9893324,1.0,1.0,-69.0
1777889966.9993324,0.0,4.0,-67.0
1777889967.0093324,0.0,4.0,-65.0
1777889967.0193324,0.0,1.0,-63.0
1777889967.0293324,-1.0,0.0,-63.0
1777889967.0393324,-2.0,-3.0,-63.0
1777889967.0493324,-1.0,-3.0,-63.0
1777889967.0593324,1.0,-2.0,-68.0
1777889967.0693324,0.0,0.0,-71.0
1777889967.0793324,0.0,4.0,-64.0
1777889967.0893323,1.0,4.0,-64.0
1777889967.0993323,1.0,5.0,-69.0
1777889967.1093323,1.0,4.0,-71.0
1777889967.1193323,0.0,8.0,-65.0
1777889967.1293323,1.0,7.0,-69.0
1777889967.1393323,-1.0,10.0,-70.0
1777889967.1493323,-1.0,13.0,-70.0
1777889967.1593325,-3.0,8.0,-72.0
1777889967.1693325,-3.0,8.0,-68.0
1777889967.1793325,-4.0,5.0,-71.0
1777889967.1893325,-2.0,4.0,-70.0
1777889967.1993325,-2.0,7.0,-74.0
1777889967.2093325,-1.0,4.0,-75.0
1777889967.2193325,1.0,0.0,-75.0
1777889967.2293324,-2.0,1.0,-72.0
1777889967.2393324,-6.0,-1.0,-77.0
1777889967.2493324,-4.0,4.0,-75.0
1777889967.2593324,0.0,4.0,-74.0
1777889967.2693324,1.0,7.0,-71.0
1777889967.2793324,3.0,3.0,-79.0
1777889967.2893324,2.0,1.0,-76.0
1777889967.2993324,5.0,-1.0,-82.0
1777889967.3093324,4.0,-1.0,-85.0
1777889967.3193324,3.0,-3.0,-77.0
1777889967.3293324,5.0,-1.0,-75.0
1777889967.3393323,4.0,-3.0,-74.0
1777889967.3493323,-2.0,-3.0,-74.0
1777889967.3593323,-2.0,-3.0,-72.0
1777889967.3693323,0.0,-6.0,-76.0
1777889967.3793323,-1.0,-8.0,-69.0
1777889967.3893323,-1.0,-10.0,-69.0
1777889967.3993323,1.0,-10.0,-66.0
1777889967.4093325,0.0,-8.0,-67.0
1777889967.4193325,0.0,-8.0,-73.0
1777889967.4293325,1.0,-1.0,-78.0
1777889967.4393325,2.0,2.0,-74.0
1777889967.4493325,4.0,5.0,-69.0
1777889967.4593325,7.0,4.0,-62.0
1777889967.4693325,5.0,-2.0,-58.0
1777889967.4793324,1.0,0.0,-61.0
1777889967.4893324,-3.0,0.0,-68.0
1777889967.4993324,0.0,-2.0,-75.0
1777889967.5093324,-1.0,0.0,-83.0
1777889967.5193324,-3.0,2.0,-84.0
1777889967.5293324,-4.0,5.0,-87.0
1777889967.5393324,-2.0,3.0,-82.0
1777889967.5493324,-1.0,4.0,-76.0
1777889967.5593324,0.0,4.0,-77.0
1777889967.5693324,0.0,5.0,-69.0
1777889967.5793324,2.0,0.0,-73.0
1777889967.5893323,0.0,-1.0,-68.0
1777889967.5993323,1.0,-3.0,-73.0
1777889967.6093323,1.0,-5.0,-76.0
1777889967.6193323,2.0,0.0,-80.0
1777889967.6293323,2.0,0.0,-80.0
1777889967.6393323,1.0,-4.0,-80.0
1777889967.6493323,1.0,-3.0,-78.0
1777889967.6593325,3.0,0.0,-74.0
1777889967.6693325,3.0,0.0,-73.0
1777889967.6793325,4.0,1.0,-72.0
1777889967.6893325,3.0,4.0,-65.0
1777889967.6993325,3.0,4.0,-66.0
1777889967.7093325,7.0,-3.0,-66.0
1777889967.7193325,4.0,-2.0,-65.0
1777889967.7293324,4.0,-5.0,-61.0
1777889967.7393324,6.0,-5.0,-62.0
1777889967.7493324,6.0,-7.0,-61.0
1777889967.7593324,2.0,-4.0,-65.0
1777889967.7693324,1.0,1.0,-69.0
1777889967.7793324,0.0,2.0,-71.0
1777889967.7893324,0.0,-2.0,-73.0
1777889967.7993324,4.0,-2.0,-71.0
1777889967.8093324,2.0,-6.0,-75.0
1777889967.8193324,-2.0,-8.0,-78.0
1777889967.8293324,-2.0,-4.0,-79.0
1777889967.8393323,1.0,-5.0,-76.0
1777889967.8493323,-3.0,-4.0,-75.0
1777889967.8593323,-3.0,-1.0,-78.0
1777889967.8693323,0.0,-2.0,-77.0
1777889967.8793323,0.0,-5.0,-78.0
1777889967.8893323,3.0,-4.0,-79.0
1777889967.8993323,4.0,-5.0,-78.0
1777889967.9093325,5.0,0.0,-72.0
1777889967.9193325,7.0,2.0,-74.0
1777889967.9293325,7.0,2.0,-73.0
1777889967.9393325,0.0,2.0,-74.0
1777889967.9493325,2.0,4.0,-67.0
1777889967.9593325,3.0,5.0,-66.0
1777889967.9693325,1.0,3.0,-68.0
1777889967.9793324,1.0,4.0,-71.0
1777889967.9893324,-1.0,1.0,-74.0
1777889967.9993324,-3.0,0.0,-79.0
1777889968.0093324,0.0,0.0,-82.0
1777889968.0193324,3.0,1.0,-83.0
1777889968.0293324,3.0,-2.0,-84.0
1777889968.0393324,0.0,-3.0,-82.0
1777889968.0493324,-2.0,-3.0,-80.0
1777889968.0593324,-1.0,-3.0,-83.0
1777889968.0693324,-2.0,-4.0,-79.0
1777889968.0793324,2.0,-2.0,-76.0
1777889968.0893323,6.0,0.0,-72.0
1777889968.0993323,11.0,0.0,-70.0
1777889968.1093323,8.0,3.0,-67.0
1777889968.1193323,6.0,-2.0,-71.0
1777889968.1293323,4.0,-1.0,-66.0
1777889968.1393323,4.0,-2.0,-67.0
1777889968.1493323,6.0,-1.0,-73.0
1777889968.1593325,7.0,-1.0,-82.0
1777889968.1693325,5.0,0.0,-77.0
1777889968.1793325,2.0,1.0,-68.0
1777889968.1893325,1.0,1.0,-70.0
1777889968.1993325,2.0,2.0,-68.0
1777889968.2093325,3.0,-1.0,-69.0
1777889968.2193325,4.0,-2.0,-70.0
1777889968.2293324,2.0,-6.0,-76.0
1777889968.2393324,3.0,-6.0,-75.0
1777889968.2493324,5.0,-4.0,-76.0
1777889968.2593324,3.0,-5.0,-81.0
1777889968.2693324,0.0,-7.0,-79.0
1777889968.2793324,-5.0,-5.0,-77.0
1777889968.2893324,-6.0,-5.0,-82.0
1777889968.2993324,-1.0,-8.0,-82.0
1777889968.3093324,-4.0,-6.0,-83.0
1777889968.3193324,0.0,-7.0,-82.0
1777889968.3293324,2.0,-7.0,-77.0
1777889968.3393323,1.0,-4.0,-70.0
1777889968.3493323,0.0,0.0,-69.0
1777889968.3593323,1.0,0.0,-63.0
1777889968.3693323,0.0,-5.0,-60.0
1777889968.3793323,0.0,-4.0,-64.0
1777889968.3893323,0.0,-2.0,-66.0
1777889968.3993323,2.0,0.0,-73.0
1777889968.4093325,2.0,3.0,-72.0
1777889968.4193325,0.0,1.0,-74.0
1777889968.4293325,0.0,3.0,-76.0
1777889968.4393325,-2.0,5.0,-79.0
1777889968.4493325,-1.0,8.0,-81.0
1777889968.4593325,0.0,9.0,-84.0
1777889968.4693325,-3.0,5.0,-91.0
1777889968.4793324,-8.0,2.0,-88.0
1777889968.4893324,-7.0,3.0,-88.0
1777889968.4993324,-7.0,0.0,-85.0
1777889968.5103323,-2.0,0.0,-80.0
1777889968.5203323,-3.0,-1.0,-79.0
1777889968.5293324,-2.0,-5.0,-77.0
1777889968.5403323,-6.0,-9.0,-78.0
1777889968.5503323,-3.0,-14.0,-78.0
1777889968.5603323,0.0,-16.0,-71.0
1777889968.5703323,0.0,-14.0,-77.0
1777889968.5803325,0.0,-12.0,-71.0
1777889968.5903325,2.0,-10.0,-80.0
1777889968.6003325,1.0,-8.0,-82.0
1777889968.6103325,4.0,-8.0,-85.0
1777889968.6203325,0.0,-7.0,-82.0
1777889968.6303325,0.0,-7.0,-83.0
1777889968.6403325,-2.0,-7.0,-86.0
1777889968.6503325,-8.0,-6.0,-77.0
1777889968.6603324,-4.0,-6.0,-84.0
1777889968.6703324,-5.0,-7.0,-84.0
1777889968.6803324,-1.0,-5.0,-72.0
1777889968.6903324,-5.0,-3.0,-72.0
1777889968.7003324,-1.0,-3.0,-75.0
1777889968.7103324,0.0,-4.0,-71.0
1777889968.7203324,-2.0,-4.0,-66.0
1777889968.7303324,-1.0,-3.0,-66.0
1777889968.7403324,-9.0,-2.0,-63.0
1777889968.7503324,-2.0,-2.0,-61.0
1777889968.7603323,0.0,0.0,-58.0
1777889968.7703323,0.0,-1.0,-60.0
1777889968.7803323,2.0,0.0,-66.0
1777889968.7903323,1.0,-4.0,-65.0
1777889968.8003323,2.0,-5.0,-67.0
1777889968.8103323,0.0,-6.0,-69.0
1777889968.8203323,0.0,-5.0,-72.0
1777889968.8303325,0.0,-2.0,-76.0
1777889968.8403325,0.0,-1.0,-77.0
1777889968.8503325,0.0,-3.0,-79.0
1777889968.8603325,0.0,-2.0,-79.0
1777889968.8703325,-1.0,1.0,-75.0
1777889968.8803325,2.0,5.0,-75.0
1777889968.8903325,3.0,2.0,-73.0
1777889968.9003325,2.0,7.0,-81.0
1777889968.9103324,1.0,5.0,-76.0
1777889968.9203324,-1.0,6.0,-74.0
1777889968.9303324,0.0,4.0,-79.0
1777889968.9403324,-1.0,6.0,-81.0
1777889968.9503324,2.0,2.0,-87.0
1777889968.9603324,3.0,-1.0,-87.0
1777889968.9703324,3.0,-5.0,-82.0
1777889968.9803324,5.0,-6.0,-80.0
1777889968.9903324,-3.0,-3.0,-76.0
1777889969.0003324,-5.0,-3.0,-67.0
1777889969.0103323,-7.0,0.0,-74.0
1777889969.0203323,-7.0,0.0,-74.0
1777889969.0303323,-4.0,-1.0,-72.0
1777889969.0403323,-1.0,0.0,-70.0
1777889969.0503323,3.0,0.0,-70.0
1777889969.0603323,4.0,0.0,-78.0
1777889969.0703323,3.0,-3.0,-81.0
1777889969.0803325,4.0,-5.0,-86.0
1777889969.0903325,0.0,0.0,-86.0
1777889969.1003325,6.0,-2.0,-88.0
1777889969.1103325,3.0,-2.0,-86.0
1777889969.1203325,5.0,0.0,-85.0
1777889969.1303325,2.0,2.0,-85.0
1777889969.1403325,-3.0,3.0,-83.0
1777889969.1503325,2.0,4.0,-78.0
1777889969.1603324,2.0,6.0,-78.0
1777889969.1703324,0.0,4.0,-72.0
1777889969.1803324,-2.0,0.0,-71.0
1777889969.1903324,-2.0,1.0,-69.0
1777889969.2003324,-2.0,-2.0,-72.0
1777889969.2103324,-7.0,0.0,-72.0
1777889969.2203324,-4.0,0.0,-74.0
1777889969.2303324,0.0,5.0,-77.0
1777889969.2403324,-1.0,6.0,-69.0
1777889969.2503324,-1.0,6.0,-65.0
1777889969.2603323,-3.0,5.0,-66.0
1777889969.2703323,-4.0,0.0,-73.0
1777889969.2803323,0.0,-2.0,-73.0
1777889969.2903323,0.0,-1.0,-79.0
1777889969.3003323,5.0,1.0,-76.0
1777889969.3103323,3.0,-1.0,-73.0
1777889969.3203323,-4.0,-2.0,-76.0
1777889969.3303325,-1.0,0.0,-74.0
1777889969.3403325,-6.0,-10.0,-75.0
1777889969.3503325,0.0,-7.0,-78.0
1777889969.3603325,-3.0,-3.0,-77.0
1777889969.3703325,-5.0,-5.0,-81.0
1777889969.3803325,-5.0,-6.0,-74.0
1777889969.3903325,-6.0,-8.0,-77.0
1777889969.4003325,-1.0,-10.0,-77.0
1777889969.4103324,1.0,-8.0,-72.0
1777889969.4203324,-3.0,-3.0,-73.0
1777889969.4303324,-4.0,-4.0,-70.0
1777889969.4403324,-3.0,-3.0,-72.0
1777889969.4503324,-4.0,-2.0,-77.0
1777889969.4603324,-7.0,-4.0,-74.0
1777889969.4703324,-4.0,-2.0,-72.0
1777889969.4803324,-1.0,-2.0,-77.0
1777889969.4903324,0.0,-6.0,-79.0
1777889969.5003324,-1.0,-3.0,-72.0
1777889969.5103323,-3.0,-6.0,-70.0
1777889969.5203323,-4.0,-2.0,-74.0
1777889969.5303323,-3.0,-5.0,-74.0
1777889969.5403323,-3.0,-5.0,-68.0
1777889969.5503323,-5.0,0.0,-63.0
1777889969.5603323,-8.0,-2.0,-64.0
1777889969.5703323,-7.0,0.0,-65.0
1777889969.5803325,-5.0,-2.0,-63.0
1777889969.5903325,-5.0,-6.0,-70.0
1777889969.6003325,-8.0,-3.0,-64.0
1777889969.6103325,-7.0,-1.0,-70.0
1777889969.6203325,-6.0,-1.0,-75.0
1777889969.6303325,-7.0,-3.0,-78.0
1777889969.6403325,-4.0,-1.0,-76.0
1777889969.6503325,-6.0,2.0,-75.0
1777889969.6613324,-11.0,4.0,-73.0
1777889969.6703324,-4.0,1.0,-68.0
1777889969.6803324,-3.0,3.0,-63.0
1777889969.6903324,-6.0,4.0,-72.0
1777889969.7003324,-9.0,4.0,-79.0
1777889969.7103324,-6.0,0.0,-84.0
1777889969.7203324,0.0,-3.0,-80.0
1777889969.7303324,0.0,-3.0,-76.0
1777889969.7403324,2.0,-2.0,-78.0
1777889969.7503324,3.0,-2.0,-82.0
1777889969.7603323,0.0,0.0,-84.0
1777889969.7703323,0.0,0.0,-79.0
1777889969.7803323,0.0,-1.0,-77.0
1777889969.7903323,0.0,0.0,-77.0
1777889969.8003323,0.0,-1.0,-79.0
1777889969.8103323,8.0,-2.0,-78.0
1777889969.8203323,8.0,-6.0,-70.0
1777889969.8303325,4.0,-5.0,-68.0
1777889969.8403325,0.0,-4.0,-72.0
1777889969.8503325,2.0,-3.0,-71.0
1777889969.8603325,1.0,-6.0,-73.0
1777889969.8703325,5.0,-2.0,-77.0
1777889969.8803325,4.0,-1.0,-79.0
1777889969.8903325,1.0,-4.0,-91.0
1777889969.9003325,1.0,-5.0,-95.0
1777889969.9103324,4.0,-7.0,-91.0
1777889969.9203324,3.0,-5.0,-90.0
1777889969.9303324,1.0,-6.0,-90.0
1777889969.9403324,4.0,-4.0,-88.0
1777889969.9503324,1.0,-4.0,-83.0
1777889969.9603324,0.0,0.0,-83.0
1777889969.9703324,2.0,-3.0,-91.0
1777889969.9803324,-2.0,-1.0,-90.0
1777889969.9903324,-1.0,1.0,-79.0
1777889970.0003324,-2.0,3.0,-77.0
1777889970.0103323,-5.0,4.0,-75.0
1777889970.0203323,-1.0,4.0,-80.0
1777889970.0303323,-2.0,3.0,-78.0
1777889970.0403323,0.0,4.0,-81.0
1777889970.0503323,0.0,3.0,-83.0
1777889970.0603323,-2.0,1.0,-80.0
1777889970.0703323,1.0,2.0,-81.0
1777889970.0803325,8.0,-1.0,-75.0
1777889970.0903325,8.0,-3.0,-67.0
1777889970.1003325,8.0,-2.0,-67.0
1777889970.1103325,1.0,0.0,-70.0
1777889970.1203325,5.0,-1.0,-77.0
1777889970.1303325,8.0,-2.0,-81.0
1777889970.1403325,0.0,-1.0,-78.0
1777889970.1503325,-4.0,-1.0,-75.0
1777889970.1603324,-3.0,-2.0,-73.0
1777889970.1703324,-3.0,-6.0,-79.0
1777889970.1803324,-5.0,-11.0,-77.0
1777889970.1903324,-1.0,-9.0,-70.0
1777889970.2003324,2.0,-10.0,-66.0
1777889970.2103324,6.0,-9.0,-67.0
1777889970.2203324,7.0,-8.0,-67.0
1777889970.2303324,5.0,-6.0,-70.0
1777889970.2403324,3.0,0.0,-73.0
1777889970.2503324,0.0,2.0,-75.0
1777889970.2603323,1.0,3.0,-72.0
1777889970.2703323,2.0,6.0,-74.0
1777889970.2803323,3.0,3.0,-82.0
1777889970.2903323,5.0,3.0,-81.0
1777889970.3003323,5.0,4.0,-81.0
1777889970.3103323,2.0,2.0,-81.0
1777889970.3203323,3.0,1.0,-81.0
1777889970.3303325,1.0,1.0,-74.0
1777889970.3403325,0.0,-2.0,-73.0
1777889970.3503325,-2.0,0.0,-71.0
1777889970.3603325,-3.0,0.0,-71.0
1777889970.3703325,0.0,0.0,-80.0
1777889970.3803325,4.0,-1.0,-75.0
1777889970.3903325,11.0,3.0,-73.0
1777889970.4003325,12.0,1.0,-73.0
1777889970.4103324,8.0,1.0,-72.0
1777889970.4203324,6.0,0.0,-71.0
1777889970.4303324,4.0,-1.0,-78.0
1777889970.4403324,7.0,-1.0,-77.0
1777889970.4503324,4.0,-1.0,-74.0
1777889970.4603324,4.0,-2.0,-77.0
1777889970.4703324,-1.0,-3.0,-75.0
1777889970.4803324,0.0,-4.0,-67.0
1777889970.4903324,-2.0,-6.0,-63.0
1777889970.5003324,-1.0,-13.0,-59.0
1777889970.5103323,0.0,-12.0,-65.0
1777889970.5213325,0.0,-9.0,-69.0
1777889970.5303323,5.0,-6.0,-77.0
1777889970.5403323,9.0,-3.0,-74.0
1777889970.5503323,10.0,-3.0,-75.0
1777889970.5613325,11.0,-2.0,-72.0
1777889970.5713325,9.0,-2.0,-72.0
1777889970.5813324,5.0,0.0,-78.0
1777889970.5913324,3.0,1.0,-79.0
1777889970.6013324,4.0,0.0,-72.0
1777889970.6113324,6.0,-1.0,-75.0
1777889970.6213324,3.0,-2.0,-74.0
1777889970.6313324,2.0,-2.0,-74.0
1777889970.6413324,-2.0,-2.0,-77.0
1777889970.6513324,-2.0,-3.0,-81.0
1777889970.6613324,-10.0,0.0,-74.0
1777889970.6713324,-9.0,-1.0,-73.0
1777889970.6813323,-7.0,1.0,-69.0
1777889970.6913323,-3.0,-1.0,-78.0
1777889970.7013323,0.0,-2.0,-78.0
1777889970.7113323,0.0,-4.0,-83.0
1777889970.7213323,0.0,-3.0,-83.0
1777889970.7313323,-1.0,-2.0,-76.0
1777889970.7413323,0.0,-4.0,-73.0
1777889970.7513323,0.0,-3.0,-76.0
1777889970.7613325,2.0,-1.0,-74.0
1777889970.7713325,4.0,-4.0,-79.0
1777889970.7813325,9.0,-4.0,-82.0
1777889970.7913325,5.0,-3.0,-72.0
1777889970.8013325,3.0,-4.0,-70.0
1777889970.8113325,4.0,-3.0,-68.0
1777889970.8213325,6.0,0.0,-71.0
1777889970.8313324,0.0,0.0,-71.0
1777889970.8413324,3.0,-4.0,-75.0
1777889970.8513324,5.0,-4.0,-76.0
1777889970.8613324,1.0,-4.0,-65.0
1777889970.8713324,0.0,0.0,-61.0
1777889970.8813324,3.0,4.0,-62.0
1777889970.8913324,8.0,0.0,-70.0
1777889970.9013324,3.0,-3.0,-76.0
1777889970.9113324,6.0,-6.0,-80.0
1777889970.9213324,3.0,-9.0,-84.0
1777889970.9313323,3.0,-4.0,-77.0
1777889970.9413323,0.0,-2.0,-74.0
1777889970.9513323,1.0,-1.0,-67.0
1777889970.9613323,1.0,3.0,-67.0
1777889970.9713323,0.0,6.0,-73.0
1777889970.9813323,-2.0,6.0,-79.0
1777889970.9913323,-2.0,10.0,-79.0
1777889971.0013323,-2.0,5.0,-82.0
1777889971.0113325,1.0,3.0,-78.0
1777889971.0213325,2.0,-2.0,-78.0
1777889971.0313325,7.0,-5.0,-80.0
1777889971.0413325,5.0,-3.0,-80.0
1777889971.0513325,2.0,0.0,-76.0
1777889971.0613325,0.0,1.0,-77.0
1777889971.0713325,-2.0,1.0,-80.0
1777889971.0813324,-4.0,0.0,-84.0
1777889971.0913324,-2.0,-2.0,-76.0
1777889971.1013324,-5.0,-7.0,-74.0
1777889971.1113324,-2.0,-5.0,-70.0
1777889971.1213324,2.0,-8.0,-74.0
1777889971.1313324,1.0,-8.0,-76.0
1777889971.1413324,0.0,-8.0,-80.0
1777889971.1513324,-3.0,-6.0,-84.0
1777889971.1613324,-5.0,-6.0,-82.0
1777889971.1713324,-2.0,-5.0,-80.0
1777889971.1813323,2.0,-3.0,-83.0
1777889971.1913323,-2.0,-5.0,-83.0
1777889971.2013323,-2.0,0.0,-79.0
1777889971.2113323,0.0,-2.0,-73.0
1777889971.2223325,0.0,-2.0,-77.0
1777889971.2313323,0.0,0.0,-80.0
1777889971.2413323,-5.0,-2.0,-81.0
1777889971.2513323,-2.0,-5.0,-81.0
1777889971.2613325,0.0,-2.0,-72.0
1777889971.2713325,1.0,-2.0,-67.0
1777889971.2813325,-1.0,1.0,-64.0
1777889971.2913325,-1.0,0.0,-61.0
1777889971.3013325,3.0,-1.0,-69.0
1777889971.3113325,-1.0,0.0,-70.0
1777889971.3213325,4.0,0.0,-80.0
1777889971.3313324,1.0,2.0,-76.0
1777889971.3413324,4.0,6.0,-72.0
1777889971.3513324,4.0,5.0,-68.0
1777889971.3613324,2.0,7.0,-71.0
1777889971.3713324,2.0,3.0,-76.0
1777889971.3813324,0.0,0.0,-73.0
1777889971.3913324,1.0,2.0,-72.0
1777889971.4013324,0.0,0.0,-68.0
1777889971.4113324,1.0,-2.0,-63.0
1777889971.4213324,1.0,-3.0,-62.0
1777889971.4313323,0.0,-4.0,-63.0
1777889971.4413323,0.0,-4.0,-68.0
1777889971.4513323,0.0,-5.0,-77.0
1777889971.4613323,-1.0,-4.0,-74.0
1777889971.4713323,-2.0,-1.0,-73.0
1777889971.4813323,-1.0,0.0,-75.0
1777889971.4913323,-4.0,-3.0,-76.0
1777889971.5013323,-8.0,-5.0,-76.0
1777889971.5113325,-6.0,-2.0,-77.0
1777889971.5213325,-8.0,0.0,-76.0
1777889971.5313325,-7.0,-1.0,-82.0
1777889971.5413325,-1.0,-1.0,-79.0
1777889971.5513325,1.0,-1.0,-78.0
1777889971.5613325,3.0,0.0,-81.0
1777889971.5713325,5.0,-1.0,-87.0
1777889971.5813324,3.0,0.0,-91.0
1777889971.5913324,1.0,-3.0,-84.0
1777889971.6013324,0.0,0.0,-82.0
1777889971.6113324,-1.0,-1.0,-82.0
1777889971.6213324,0.0,0.0,-82.0
1777889971.6313324,-2.0,3.0,-81.0
1777889971.6413324,-3.0,3.0,-77.0
1777889971.6513324,2.0,0.0,-82.0
1777889971.6613324,1.0,2.0,-82.0
1777889971.6713324,-1.0,2.0,-82.0
1777889971.6813323,-3.0,1.0,-79.0
1777889971.6913323,1.0,-3.0,-81.0
1777889971.7013323,3.0,-10.0,-78.0
1777889971.7113323,6.0,-11.0,-76.0
1777889971.7213323,4.0,-9.0,-81.0
1777889971.7313323,4.0,-7.0,-85.0
1777889971.7413323,0.0,-2.0,-84.0
1777889971.7513323,0.0,-2.0,-88.0
1777889971.7613325,0.0,0.0,-89.0
1777889971.7713325,0.0,1.0,-89.0
1777889971.7813325,1.0,4.0,-84.0
1777889971.7913325,2.0,-3.0,-84.0
1777889971.8013325,-1.0,-4.0,-84.0
1777889971.8113325,0.0,-3.0,-83.0
1777889971.8213325,0.0,-3.0,-80.0
1777889971.8313324,1.0,-4.0,-77.0
1777889971.8413324,4.0,-2.0,-72.0
1777889971.8513324,5.0,0.0,-73.0
1777889971.8613324,3.0,2.0,-73.0
1777889971.8713324,-1.0,0.0,-78.0
1777889971.8813324,0.0,0.0,-74.0
1777889971.8913324,4.0,-1.0,-71.0
1777889971.9013324,3.0,0.0,-78.0
1777889971.9113324,0.0,-1.0,-78.0
1777889971.9213324,5.0,1.0,-76.0
1777889971.9313323,4.0,0.0,-80.0
1777889971.9413323,2.0,0.0,-76.0
1777889971.9513323,0.0,-2.0,-67.0
1777889971.9613323,0.0,0.0,-64.0
1777889971.9713323,5.0,0.0,-74.0
1777889971.9813323,8.0,2.0,-77.0
1777889971.9913323,7.0,5.0,-78.0
1777889972.0013323,8.0,2.0,-76.0
1777889972.0113325,10.0,6.0,-76.0
1777889972.0213325,3.0,4.0,-79.0
1777889972.0313325,0.0,0.0,-83.0
1777889972.0413325,0.0,-2.0,-77.0
1777889972.0513325,1.0,-3.0,-81.0
1777889972.0613325,1.0,-4.0,-86.0
1777889972.0713325,4.0,-2.0,-80.0
1777889972.0813324,0.0,1.0,-83.0
1777889972.0913324,-2.0,1.0,-77.0
1777889972.1013324,-4.0,0.0,-75.0
1777889972.1113324,-3.0,1.0,-78.0
1777889972.1213324,-4.0,1.0,-71.0
1777889972.1313324,-4.0,3.0,-76.0
1777889972.1413324,-1.0,1.0,-73.0
1777889972.1513324,-1.0,3.0,-71.0
1777889972.1613324,-1.0,8.0,-67.0
1777889972.1713324,1.0,5.0,-61.0
1777889972.1813323,3.0,8.0,-60.0
1777889972.1913323,0.0,1.0,-61.0
1777889972.2013323,-4.0,0.0,-65.0
1777889972.2113323,-6.0,2.0,-68.0
1777889972.2213323,-5.0,-2.0,-68.0
1777889972.2313323,-3.0,-3.0,-73.0
1777889972.2413323,-4.0,-1.0,-71.0
1777889972.2513323,-7.0,-3.0,-62.0
1777889972.2613325,-6.0,0.0,-61.0
1777889972.2713325,-1.0,3.0,-67.0
1777889972.2813325,0.0,0.0,-65.0
1777889972.2913325,0.0,0.0,-68.0
1777889972.3013325,-1.0,-2.0,-68.0
1777889972.3113325,0.0,-2.0,-75.0
1777889972.3213325,1.0,-8.0,-80.0
1777889972.3313324,0.0,-6.0,-81.0
1777889972.3413324,0.0,-6.0,-80.0
1777889972.3513324,2.0,-4.0,-78.0
1777889972.3613324,4.0,-3.0,-76.0
1777889972.3713324,2.0,-7.0,-83.0
1777889972.3813324,5.0,-7.0,-77.0
1777889972.3913324,13.0,-7.0,-77.0
1777889972.4013324,12.0,-5.0,-76.0
1777889972.4113324,8.0,1.0,-69.0
1777889972.4213324,11.0,1.0,-72.0
1777889972.4313323,12.0,3.0,-69.0
1777889972.4413323,8.0,0.0,-80.0
1777889972.4513323,5.0,-2.0,-79.0
1777889972.4613323,2.0,-2.0,-69.0
1777889972.4713323,1.0,0.0,-72.0
1777889972.4813323,2.0,-1.0,-74.0
1777889972.4913323,0.0,1.0,-71.0
1777889972.5023324,1.0,0.0,-69.0
1777889972.5123324,-1.0,-3.0,-71.0
1777889972.5223324,1.0,-2.0,-70.0
1777889972.5323324,1.0,-3.0,-73.0
1777889972.5423324,-4.0,-1.0,-70.0
1777889972.5523324,-1.0,3.0,-75.0
1777889972.5623324,-3.0,4.0,-77.0
1777889972.5723324,-4.0,2.0,-77.0
1777889972.5823324,-3.0,5.0,-71.0
1777889972.5923324,-2.0,6.0,-72.0
1777889972.6023324,-2.0,3.0,-76.0
1777889972.6123323,-3.0,5.0,-75.0
1777889972.6223323,-2.0,6.0,-72.0
1777889972.6323323,1.0,6.0,-70.0
1777889972.6423323,0.0,3.0,-73.0
1777889972.6523323,0.0,3.0,-75.0
1777889972.6623323,1.0,5.0,-73.0
1777889972.6723323,0.0,0.0,-73.0
1777889972.6823325,4.0,-2.0,-82.0
1777889972.6923325,1.0,-1.0,-85.0
1777889972.7023325,4.0,-3.0,-75.0
1777889972.7123325,-2.0,-4.0,-71.0
1777889972.7223325,0.0,-3.0,-70.0
1777889972.7323325,2.0,0.0,-71.0
1777889972.7423325,5.0,-5.0,-72.0
1777889972.7523324,3.0,-4.0,-80.0
1777889972.7623324,3.0,-1.0,-75.0
1777889972.7723324,3.0,1.0,-76.0
1777889972.7823324,3.0,0.0,-78.0
1777889972.7923324,4.0,-3.0,-80.0
1777889972.8023324,0.0,1.0,-82.0
1777889972.8123324,-1.0,7.0,-84.0
1777889972.8223324,0.0,5.0,-81.0
1777889972.8323324,0.0,2.0,-79.0
1777889972.8423324,-2.0,2.0,-71.0
1777889972.8523324,-5.0,1.0,-73.0
1777889972.8623323,-5.0,0.0,-76.0
1777889972.8723323,-5.0,0.0,-80.0
1777889972.8823323,-4.0,1.0,-81.0
1777889972.8923323,-2.0,0.0,-82.0
1777889972.9023323,0.0,-4.0,-84.0
1777889972.9123323,0.0,-5.0,-80.0
1777889972.9223323,0.0,-4.0,-78.0
1777889972.9323325,2.0,-4.0,-77.0
1777889972.9423325,3.0,-5.0,-76.0
1777889972.9523325,5.0,-4.0,-77.0
1777889972.9623325,2.0,-3.0,-76.0
1777889972.9723325,4.0,-3.0,-70.0
1777889972.9823325,3.0,0.0,-63.0
1777889972.9923325,6.0,2.0,-57.0
1777889973.0023324,7.0,6.0,-64.0
1777889973.0123324,10.0,5.0,-65.0
1777889973.0223324,10.0,4.0,-67.0
1777889973.0323324,9.0,4.0,-66.0
1777889973.0423324,5.0,0.0,-63.0
1777889973.0523324,6.0,-1.0,-68.0
1777889973.0623324,8.0,0.0,-76.0
1777889973.0723324,8.0,0.0,-73.0
1777889973.0823324,5.0,1.0,-79.0
1777889973.0923324,10.0,2.0,-79.0
1777889973.1023324,6.0,4.0,-76.0
1777889973.1123323,7.0,6.0,-71.0
1777889973.1223323,8.0,6.0,-70.0
1777889973.1323323,6.0,4.0,-68.0
1777889973.1423323,1.0,0.0,-72.0
1777889973.1523323,0.0,-6.0,-72.0
1777889973.1623323,0.0,-4.0,-78.0
1777889973.1723323,-1.0,-1.0,-77.0
1777889973.1823325,0.0,1.0,-81.0
1777889973.1923325,4.0,0.0,-81.0
1777889973.2023325,2.0,0.0,-76.0
1777889973.2123325,-5.0,-4.0,-77.0
1777889973.2223325,-9.0,-2.0,-72.0
1777889973.2323325,-7.0,-4.0,-69.0
1777889973.2423325,-7.0,-5.0,-78.0
1777889973.2523324,-3.0,-8.0,-75.0
1777889973.2623324,0.0,-5.0,-77.0
1777889973.2723324,3.0,0.0,-75.0
1777889973.2823324,3.0,0.0,-78.0
1777889973.2923324,1.0,0.0,-72.0
1777889973.3023324,4.0,2.0,-69.0
1777889973.3123324,7.0,3.0,-72.0
1777889973.3223324,3.0,5.0,-75.0
1777889973.3323324,3.0,4.0,-79.0
1777889973.3423324,3.0,1.0,-81.0
1777889973.3523324,4.0,0.0,-73.0
1777889973.3623323,6.0,1.0,-77.0
1777889973.3723323,7.0,2.0,-76.0
1777889973.3823323,3.0,1.0,-87.0
1777889973.3923323,6.0,-1.0,-86.0
1777889973.4023323,12.0,-1.0,-77.0
1777889973.4123323,5.0,-1.0,-67.0
1777889973.4223323,1.0,-2.0,-66.0
1777889973.4323325,0.0,0.0,-63.0
1777889973.4423325,-2.0,0.0,-68.0
1777889973.4523325,-4.0,0.0,-71.0
1777889973.4623325,2.0,-1.0,-76.0
1777889973.4723325,4.0,0.0,-77.0
1777889973.4823325,0.0,-2.0,-77.0
1777889973.4923325,-1.0,-3.0,-76.0
1777889973.5023324,-3.0,-4.0,-79.0
1777889973.5123324,-3.0,-3.0,-78.0
1777889973.5223324,-2.0,-6.0,-74.0
1777889973.5323324,-2.0,-3.0,-76.0
1777889973.5423324,-3.0,-5.0,-72.0
1777889973.5523324,-4.0,-5.0,-67.0
1777889973.5623324,-4.0,-3.0,-72.0
1777889973.5723324,-9.0,-5.0,-76.0
1777889973.5823324,-13.0,-4.0,-80.0
1777889973.5923324,-12.0,-3.0,-75.0
1777889973.6023324,-12.0,-5.0,-70.0
1777889973.6123323,-8.0,-5.0,-65.0
1777889973.6223323,-7.0,-4.0,-66.0
1777889973.6323323,-7.0,-2.0,-62.0
1777889973.6423323,-8.0,-2.0,-65.0
1777889973.6523323,-7.0,0.0,-55.0
1777889973.6623323,-6.0,4.0,-63.0
1777889973.6723323,-6.0,5.0,-62.0
1777889973.6823325,-2.0,7.0,-63.0
1777889973.6923325,-2.0,4.0,-62.0
1777889973.7023325,-1.0,1.0,-67.0
1777889973.7123325,6.0,4.0,-68.0
1777889973.7223325,5.0,3.0,-73.0
1777889973.7323325,1.0,3.0,-77.0
1777889973.7423325,0.0,2.0,-79.0
1777889973.7523324,1.0,1.0,-84.0
1777889973.7623324,2.0,2.0,-85.0
1777889973.7723324,4.0,-2.0,-80.0
1777889973.7823324,1.0,-3.0,-78.0
1777889973.7923324,-2.0,-2.0,-80.0
1777889973.8023324,-4.0,-2.0,-85.0
1777889973.8123324,-2.0,-1.0,-90.0
1777889973.8223324,-1.0,-2.0,-88.0
1777889973.8323324,-6.0,-1.0,-88.0
1777889973.8423324,-5.0,-2.0,-85.0
1777889973.8523324,1.0,0.0,-75.0
1777889973.8623323,1.0,0.0,-72.0
1777889973.8723323,0.0,1.0,-72.0
1777889973.8823323,-3.0,4.0,-67.0
1777889973.8923323,-5.0,2.0,-70.0
1777889973.9023323,-6.0,3.0,-71.0
1777889973.9123323,-6.0,2.0,-76.0
1777889973.9223323,-5.0,4.0,-71.0
1777889973.9323325,-4.0,0.0,-72.0
1777889973.9423325,1.0,0.0,-77.0
1777889973.9523325,2.0,0.0,-80.0
1777889973.9623325,5.0,3.0,-80.0
1777889973.9723325,4.0,4.0,-76.0
1777889973.9823325,2.0,5.0,-76.0
1777889973.9923325,4.0,5.0,-77.0
1777889974.0023324,2.0,2.0,-80.0
1777889974.0123324,4.0,0.0,-76.0
1777889974.0223324,-1.0,2.0,-74.0
1777889974.0323324,-1.0,4.0,-82.0
1777889974.0423324,-1.0,-1.0,-81.0
1777889974.0523324,-1.0,-5.0,-79.0
1777889974.0623324,-4.0,-7.0,-84.0
1777889974.0723324,-4.0,-4.0,-86.0
1777889974.0823324,-7.0,0.0,-82.0
1777889974.0923324,-6.0,1.0,-82.0
1777889974.1023324,-9.0,2.0,-82.0
1777889974.1123323,-9.0,2.0,-76.0
1777889974.1223323,-4.0,3.0,-77.0
1777889974.1323323,-7.0,3.0,-74.0
1777889974.1423323,-7.0,0.0,-80.0
1777889974.1523323,-4.0,0.0,-78.0
1777889974.1623323,-2.0,0.0,-76.0
1777889974.1723323,-2.0,0.0,-79.0
1777889974.1823325,2.0,-3.0,-80.0
1777889974.1923325,3.0,-6.0,-83.0
1777889974.2023325,0.0,-6.0,-80.0
1777889974.2123325,0.0,-12.0,-79.0
1777889974.2223325,-4.0,-6.0,-72.0
1777889974.2323325,-3.0,0.0,-67.0
1777889974.2423325,-4.0,3.0,-67.0
1777889974.2523324,0.0,1.0,-65.0
1777889974.2623324,3.0,1.0,-63.0
1777889974.2723324,2.0,-2.0,-65.0
1777889974.2823324,1.0,-4.0,-62.0
1777889974.2923324,0.0,-7.0,-64.0
1777889974.3023324,-1.0,-6.0,-74.0
1777889974.3123324,0.0,-7.0,-80.0
1777889974.3223324,0.0,-1.0,-80.0
1777889974.3323324,3.0,-6.0,-82.0
1777889974.3423324,-1.0,-11.0,-84.0
1777889974.3523324,-7.0,-9.0,-81.0
1777889974.3623323,-2.0,-7.0,-81.0
1777889974.3723323,-2.0,-6.0,-77.0
1777889974.3823323,1.0,-5.0,-78.0
1777889974.3923323,3.0,-9.0,-74.0
1777889974.4023323,1.0,-5.0,-75.0
1777889974.4123323,-1.0,-5.0,-76.0
1777889974.4223323,0.0,-3.0,-73.0
1777889974.4323325,-1.0,0.0,-73.0
1777889974.4423325,-9.0,3.0,-73.0
1777889974.4523325,-11.0,2.0,-72.0
1777889974.4633324,-11.0,0.0,-74.0
1777889974.4733324,-5.0,3.0,-72.0
1777889974.4833324,-1.0,4.0,-74.0
1777889974.4933324,2.0,3.0,-72.0
1777889974.5033324,-2.0,3.0,-71.0
1777889974.5133324,-7.0,3.0,-74.0
1777889974.5233324,-6.0,1.0,-71.0
1777889974.5333323,-1.0,0.0,-67.0
1777889974.5433323,-2.0,-5.0,-71.0
1777889974.5533323,-2.0,-7.0,-76.0
1777889974.5633323,-2.0,-8.0,-77.0
1777889974.5733323,-3.0,-9.0,-77.0
1777889974.5833323,-2.0,-11.0,-77.0
1777889974.5933323,-2.0,-11.0,-71.0
1777889974.6033323,-3.0,-11.0,-67.0
1777889974.6133325,2.0,-8.0,-74.0
1777889974.6233325,1.0,-3.0,-79.0
1777889974.6333325,3.0,-3.0,-80.0
1777889974.6433325,4.0,-2.0,-76.0
1777889974.6533325,1.0,-7.0,-80.0
1777889974.6633325,0.0,-8.0,-80.0
1777889974.6733325,-1.0,-6.0,-84.0
1777889974.6833324,-2.0,-4.0,-81.0
1777889974.6933324,0.0,-6.0,-84.0
1777889974.7033324,0.0,1.0,-84.0
1777889974.7133324,3.0,6.0,-82.0
1777889974.7233324,0.0,4.0,-82.0
1777889974.7333324,-1.0,3.0,-82.0
1777889974.7433324,-5.0,7.0,-80.0
1777889974.7533324,-4.0,7.0,-76.0
1777889974.7633324,-3.0,8.0,-78.0
1777889974.7733324,2.0,8.0,-74.0
1777889974.7833323,3.0,2.0,-75.0
1777889974.7933323,5.0,3.0,-80.0
1777889974.8033323,7.0,0.0,-81.0
1777889974.8133323,2.0,-1.0,-81.0
1777889974.8233323,0.0,0.0,-74.0
1777889974.8333323,-4.0,-2.0,-66.0
1777889974.8433323,-2.0,-1.0,-66.0
1777889974.8533323,1.0,1.0,-68.0
1777889974.8633325,4.0,-1.0,-71.0
1777889974.8733325,5.0,-3.0,-75.0
1777889974.8833325,6.0,-2.0,-83.0
1777889974.8933325,6.0,-2.0,-77.0
1777889974.9033325,7.0,-2.0,-76.0
1777889974.9133325,8.0,-3.0,-74.0
1777889974.9233325,6.0,-1.0,-71.0
1777889974.9333324,5.0,-1.0,-63.0
1777889974.9433324,3.0,0.0,-62.0
1777889974.9533324,6.0,1.0,-61.0
1777889974.9633324,7.0,-3.0,-71.0
1777889974.9733324,7.0,-2.0,-76.0
1777889974.9833324,3.0,0.0,-77.0
1777889974.9933324,2.0,0.0,-75.0
1777889975.0033324,3.0,1.0,-70.0
1777889975.0133324,5.0,0.0,-71.0
1777889975.0233324,3.0,-1.0,-73.0
1777889975.0333323,1.0,-1.0,-75.0
1777889975.0433323,0.0,0.0,-74.0
1777889975.0533323,0.0,-2.0,-82.0
1777889975.0633323,-4.0,-4.0,-80.0
1777889975.0733323,-3.0,-7.0,-72.0
1777889975.0833323,-7.0,-6.0,-65.0
1777889975.0933323,-10.0,-1.0,-59.0
1777889975.1033323,-13.0,0.0,-60.0
1777889975.1133325,-13.0,-1.0,-59.0
1777889975.1233325,-12.0,-2.0,-62.0
1777889975.1333325,-8.0,-1.0,-66.0
1777889975.1433325,0.0,-1.0,-66.0
1777889975.1533325,-3.0,-2.0,-64.0
1777889975.1633325,0.0,0.0,-70.0
1777889975.1733325,-2.0,0.0,-75.0
1777889975.1833324,0.0,-1.0,-79.0
1777889975.1933324,1.0,-1.0,-85.0
1777889975.2033324,-1.0,-5.0,-77.0
1777889975.2133324,-2.0,-4.0,-80.0
1777889975.2233324,-1.0,-4.0,-79.0
1777889975.2333324,0.0,-5.0,-75.0
1777889975.2433324,-4.0,-3.0,-70.0
1777889975.2533324,-2.0,-4.0,-69.0
1777889975.2633324,-1.0,-3.0,-68.0
1777889975.2733324,3.0,-1.0,-70.0
1777889975.2833323,2.0,3.0,-75.0
1777889975.2933323,2.0,0.0,-77.0
1777889975.3033323,1.0,1.0,-77.0
1777889975.3133323,3.0,-1.0,-76.0
1777889975.3233323,2.0,2.0,-70.0
1777889975.3333323,2.0,3.0,-77.0
1777889975.3433323,7.0,-2.0,-76.0
1777889975.3533323,8.0,0.0,-81.0
1777889975.3633325,5.0,3.0,-84.0
1777889975.3733325,-1.0,1.0,-82.0
1777889975.3833325,3.0,-1.0,-82.0
1777889975.3933325,3.0,-5.0,-82.0
1777889975.4033325,2.0,-3.0,-81.0
1777889975.4133325,5.0,-6.0,-71.0
1777889975.4233325,6.0,-6.0,-68.0
1777889975.4333324,0.0,-5.0,-64.0
1777889975.4433324,0.0,-3.0,-69.0
1777889975.4533324,0.0,-4.0,-73.0
1777889975.4633324,5.0,-1.0,-75.0
1777889975.4733324,6.0,-3.0,-75.0
1777889975.4833324,4.0,-2.0,-79.0
1777889975.4933324,0.0,0.0,-75.0
1777889975.5033324,-1.0,1.0,-75.0
1777889975.5133324,-1.0,5.0,-79.0
1777889975.5233324,-2.0,5.0,-85.0
1777889975.5333323,2.0,5.0,-90.0
1777889975.5433323,10.0,4.0,-89.0
1777889975.5533323,10.0,6.0,-87.0
1777889975.5633323,9.0,3.0,-84.0
1777889975.5733323,6.0,2.0,-78.0
1777889975.5833323,9.0,0.0,-75.0
1777889975.5933323,8.0,3.0,-77.0
1777889975.6033323,6.0,4.0,-73.0
1777889975.6133325,2.0,5.0,-74.0
1777889975.6233325,1.0,5.0,-76.0
1777889975.6333325,-2.0,1.0,-75.0
1777889975.6433325,-3.0,-2.0,-73.0
1777889975.6533325,-2.0,-3.0,-71.0
1777889975.6633325,0.0,-3.0,-71.0
1777889975.6733325,-2.0,-4.0,-80.0
1777889975.6833324,-2.0,-5.0,-78.0
1777889975.6933324,2.0,-4.0,-74.0
1777889975.7033324,2.0,-1.0,-74.0
1777889975.7133324,2.0,-1.0,-71.0
1777889975.7233324,5.0,2.0,-69.0
1777889975.7333324,4.0,0.0,-69.0
1777889975.7433324,5.0,-2.0,-75.0
1777889975.7533324,1.0,-1.0,-81.0
1777889975.7633324,5.0,3.0,-77.0
1777889975.7733324,2.0,2.0,-72.0
1777889975.7833323,0.0,3.0,-78.0
1777889975.7933323,-1.0,8.0,-75.0
1777889975.8033323,3.0,5.0,-77.0
1777889975.8133323,5.0,4.0,-80.0
1777889975.8233323,7.0,1.0,-80.0
1777889975.8333323,7.0,-1.0,-75.0
1777889975.8433323,9.0,1.0,-75.0
1777889975.8533323,8.0,0.0,-72.0
1777889975.8633325,5.0,0.0,-72.0
1777889975.8733325,1.0,-2.0,-73.0
1777889975.8833325,1.0,-8.0,-73.0
1777889975.8933325,-1.0,-5.0,-73.0
1777889975.9033325,-2.0,-1.0,-78.0
1777889975.9133325,1.0,0.0,-80.0
1777889975.9233325,2.0,-1.0,-77.0
1777889975.9333324,2.0,0.0,-80.0
1777889975.9433324,3.0,0.0,-83.0
1777889975.9533324,3.0,0.0,-82.0
1777889975.9633324,2.0,4.0,-75.0
1777889975.9733324,5.0,2.0,-81.0
1777889975.9833324,0.0,-3.0,-81.0
1777889975.9933324,1.0,-4.0,-77.0
1777889976.0033324,0.0,-3.0,-78.0
1777889976.0133324,3.0,-4.0,-82.0
1777889976.0233324,2.0,-3.0,-77.0
1777889976.0333323,0.0,-4.0,-73.0
1777889976.0433323,0.0,-3.0,-70.0
1777889976.0533323,-3.0,-3.0,-77.0
1777889976.0633323,-5.0,-5.0,-82.0
1777889976.0733323,-3.0,-2.0,-82.0
1777889976.0833323,0.0,-5.0,-81.0
1777889976.0933323,5.0,-4.0,-77.0
1777889976.1033323,7.0,0.0,-76.0
1777889976.1133325,0.0,1.0,-79.0
1777889976.1233325,-4.0,2.0,-72.0
1777889976.1333325,-1.0,4.0,-68.0
1777889976.1433325,1.0,-3.0,-67.0
1777889976.1533325,2.0,-5.0,-69.0
1777889976.1633325,5.0,-2.0,-71.0
1777889976.1733325,6.0,-1.0,-70.0
1777889976.1833324,7.0,-1.0,-71.0
1777889976.1933324,6.0,-3.0,-77.0
1777889976.2033324,6.0,-2.0,-85.0
1777889976.2133324,8.0,0.0,-80.0
1777889976.2233324,9.0,-1.0,-80.0
1777889976.2333324,2.0,0.0,-81.0
1777889976.2433324,2.0,2.0,-72.0
1777889976.2533324,2.0,2.0,-67.0
1777889976.2633324,2.0,5.0,-70.0
1777889976.2733324,0.0,3.0,-71.0
1777889976.2833323,-1.0,2.0,-77.0
1777889976.2933323,0.0,2.0,-74.0
1777889976.3033323,0.0,1.0,-76.0
1777889976.3133323,-3.0,7.0,-75.0
1777889976.3233323,-2.0,7.0,-78.0
1777889976.3333323,-3.0,6.0,-78.0
1777889976.3433323,-3.0,3.0,-78.0
1777889976.3533323,-2.0,7.0,-82.0
1777889976.3633325,-4.0,5.0,-87.0
1777889976.3733325,-2.0,3.0,-73.0
1777889976.3833325,-4.0,3.0,-65.0
1777889976.3933325,-5.0,3.0,-73.0
1777889976.4033325,-1.0,5.0,-73.0
1777889976.4133325,-2.0,5.0,-72.0
1777889976.4233325,-3.0,9.0,-71.0
1777889976.4333324,-3.0,5.0,-78.0
1777889976.4433324,-5.0,2.0,-68.0
1777889976.4533324,-2.0,1.0,-66.0
1777889976.4643323,-2.0,1.0,-65.0
1777889976.4743323,-2.0,2.0,-65.0
1777889976.4843323,0.0,6.0,-64.0
1777889976.4943323,-2.0,5.0,-71.0
1777889976.5043323,0.0,2.0,-68.0
1777889976.5143323,-2.0,1.0,-67.0
1777889976.5243323,0.0,1.0,-72.0
1777889976.5343325,3.0,2.0,-68.0
1777889976.5443325,0.0,1.0,-71.0
1777889976.5543325,-1.0,5.0,-74.0
1777889976.5643325,0.0,5.0,-76.0
1777889976.5743325,2.0,3.0,-79.0
1777889976.5843325,4.0,4.0,-75.0
1777889976.5943325,-2.0,-1.0,-71.0
1777889976.6043324,0.0,-6.0,-67.0
1777889976.6143324,3.0,0.0,-64.0
1777889976.6243324,1.0,0.0,-64.0
1777889976.6343324,-2.0,-1.0,-72.0
1777889976.6443324,0.0,0.0,-68.0
1777889976.6543324,1.0,2.0,-66.0
1777889976.6643324,1.0,3.0,-74.0
1777889976.6743324,-3.0,4.0,-79.0
1777889976.6843324,-2.0,3.0,-82.0
1777889976.6943324,-1.0,-1.0,-78.0
1777889976.7043324,-3.0,-2.0,-76.0
1777889976.7143323,-5.0,-6.0,-75.0
1777889976.7243323,-2.0,-11.0,-77.0
1777889976.7343323,-1.0,-6.0,-76.0
1777889976.7443323,0.0,0.0,-78.0
1777889976.7543323,-4.0,2.0,-78.0
1777889976.7643323,-3.0,4.0,-78.0
1777889976.7743323,0.0,0.0,-81.0
1777889976.7843325,2.0,-3.0,-77.0
1777889976.7943325,3.0,-4.0,-77.0
1777889976.8043325,1.0,-5.0,-76.0
1777889976.8143325,-1.0,-3.0,-75.0
1777889976.8243325,-4.0,-3.0,-73.0
1777889976.8343325,-4.0,-3.0,-70.0
1777889976.8443325,-1.0,0.0,-68.0
1777889976.8543324,4.0,0.0,-68.0
1777889976.8643324,1.0,2.0,-73.0
1777889976.8743324,-1.0,0.0,-70.0
1777889976.8843324,-7.0,3.0,-71.0
1777889976.8943324,-3.0,5.0,-65.0
1777889976.9043324,0.0,8.0,-73.0
1777889976.9143324,4.0,8.0,-72.0
1777889976.9243324,5.0,5.0,-67.0
1777889976.9343324,1.0,3.0,-69.0
1777889976.9443324,1.0,-3.0,-66.0
1777889976.9543324,-2.0,-4.0,-68.0
1777889976.9643323,0.0,-2.0,-68.0
1777889976.9743323,1.0,-2.0,-70.0
1777889976.9843323,0.0,-1.0,-70.0
1777889976.9943323,-1.0,0.0,-68.0
1777889977.0043323,-3.0,-3.0,-74.0
1777889977.0143323,-3.0,-4.0,-76.0
1777889977.0243323,-1.0,-1.0,-80.0
1777889977.0343325,2.0,0.0,-79.0
1777889977.0443325,0.0,0.0,-78.0
1777889977.0543325,2.0,-1.0,-78.0
1777889977.0643325,7.0,-1.0,-78.0
1777889977.0743325,3.0,-3.0,-70.0
1777889977.0843325,2.0,-4.0,-67.0
1777889977.0943325,0.0,1.0,-68.0
1777889977.1043324,1.0,4.0,-66.0
1777889977.1143324,0.0,4.0,-63.0
1777889977.1243324,2.0,2.0,-62.0
1777889977.1343324,2.0,-1.0,-66.0
1777889977.1443324,4.0,-1.0,-69.0
1777889977.1543324,2.0,-1.0,-67.0
1777889977.1643324,5.0,0.0,-68.0
1777889977.1743324,3.0,0.0,-72.0
1777889977.1843324,-2.0,0.0,-75.0
1777889977.1943324,-5.0,-3.0,-85.0
1777889977.2043324,-4.0,-2.0,-77.0
1777889977.2143323,-4.0,-1.0,-78.0
1777889977.2243323,-1.0,1.0,-82.0
1777889977.2343323,0.0,1.0,-82.0
1777889977.2443323,0.0,-2.0,-86.0
1777889977.2543323,0.0,-2.0,-86.0
1777889977.2643323,-3.0,2.0,-81.0
1777889977.2743323,-4.0,1.0,-78.0
1777889977.2843325,-2.0,1.0,-77.0
1777889977.2943325,0.0,1.0,-79.0
1777889977.3043325,5.0,2.0,-79.0
1777889977.3143325,8.0,4.0,-81.0
1777889977.3243325,5.0,-1.0,-75.0
1777889977.3343325,-4.0,-1.0,-77.0
1777889977.3443325,-1.0,-1.0,-78.0
1777889977.3543324,-2.0,0.0,-81.0
1777889977.3643324,-1.0,-3.0,-81.0
1777889977.3743324,-1.0,-3.0,-77.0
1777889977.3843324,-1.0,-3.0,-74.0
1777889977.3943324,1.0,-1.0,-75.0
1777889977.4043324,-1.0,-2.0,-75.0
1777889977.4143324,0.0,-1.0,-73.0
1777889977.4243324,-3.0,0.0,-74.0
1777889977.4343324,-3.0,0.0,-71.0
1777889977.4443324,-2.0,-1.0,-71.0
1777889977.4543324,-3.0,-8.0,-72.0
1777889977.4643323,1.0,-8.0,-70.0
1777889977.4743323,4.0,-5.0,-69.0
1777889977.4843323,6.0,-5.0,-71.0
1777889977.4943323,13.0,-1.0,-71.0
1777889977.5043323,12.0,-2.0,-76.0
1777889977.5143323,12.0,1.0,-75.0
1777889977.5243323,12.0,-1.0,-77.0
1777889977.5343325,11.0,-2.0,-77.0
1777889977.5443325,4.0,0.0,-78.0
1777889977.5543325,1.0,-1.0,-75.0
1777889977.5643325,0.0,-4.0,-79.0
1777889977.5743325,1.0,-8.0,-78.0
1777889977.5843325,3.0,-6.0,-79.0
1777889977.5943325,2.0,-7.0,-85.0
1777889977.6043324,0.0,-5.0,-86.0
1777889977.6143324,-3.0,-3.0,-81.0
1777889977.6243324,-1.0,-4.0,-75.0
1777889977.6343324,-1.0,-6.0,-70.0
1777889977.6443324,4.0,-5.0,-67.0
1777889977.6543324,4.0,-4.0,-64.0
1777889977.6643324,4.0,-5.0,-69.0
1777889977.6743324,-1.0,-4.0,-71.0
1777889977.6843324,-5.0,0.0,-76.0
1777889977.6943324,0.0,1.0,-83.0
1777889977.7043324,-1.0,1.0,-82.0
1777889977.7143323,2.0,-4.0,-82.0
1777889977.7243323,3.0,-3.0,-84.0
1777889977.7343323,5.0,-2.0,-84.0
1777889977.7443323,1.0,-4.0,-83.0
1777889977.7543323,0.0,-4.0,-78.0
1777889977.7643323,4.0,-5.0,-75.0
1777889977.7743323,6.0,-6.0,-70.0
1777889977.7843325,4.0,-9.0,-70.0
1777889977.7943325,3.0,-7.0,-71.0
1777889977.8043325,0.0,-8.0,-74.0
1777889977.8143325,0.0,-9.0,-74.0
1777889977.8243325,0.0,-7.0,-80.0
1777889977.8343325,0.0,-6.0,-86.0
1777889977.8443325,3.0,-6.0,-88.0
1777889977.8543324,3.0,-2.0,-83.0
1777889977.8643324,0.0,-2.0,-83.0
1777889977.8743324,0.0,-2.0,-78.0
1777889977.8843324,-1.0,-5.0,-74.0
1777889977.8943324,-2.0,-2.0,-71.0
1777889977.9043324,0.0,-1.0,-71.0
1777889977.9143324,2.0,1.0,-78.0
1777889977.9243324,1.0,7.0,-78.0
1777889977.9343324,0.0,9.0,-85.0
1777889977.9443324,-2.0,9.0,-79.0
1777889977.9543324,0.0,10.0,-77.0
1777889977.9643323,0.0,9.0,-82.0
1777889977.9743323,-4.0,10.0,-80.0
1777889977.9843323,-6.0,7.0,-80.0
1777889977.9943323,-7.0,4.0,-82.0
1777889978.0043323,-4.0,-1.0,-75.0
1777889978.0143323,-3.0,-3.0,-75.0
1777889978.0243323,0.0,-4.0,-70.0
1777889978.0343325,-1.0,-5.0,-73.0
1777889978.0443325,-4.0,0.0,-67.0
1777889978.0543325,-4.0,4.0,-64.0
1777889978.0643325,-8.0,3.0,-65.0
1777889978.0743325,-3.0,3.0,-69.0
1777889978.0843325,2.0,1.0,-71.0
1777889978.0943325,1.0,3.0,-69.0
1777889978.1043324,4.0,6.0,-72.0
1777889978.1143324,10.0,4.0,-73.0
1777889978.1243324,9.0,3.0,-70.0
1777889978.1343324,9.0,1.0,-75.0
1777889978.1443324,8.0,1.0,-74.0
1777889978.1543324,5.0,-3.0,-74.0
1777889978.1643324,1.0,-2.0,-70.0
1777889978.1743324,3.0,1.0,-77.0
1777889978.1843324,0.0,4.0,-71.0
1777889978.1943324,1.0,5.0,-78.0
1777889978.2043324,4.0,2.0,-79.0
1777889978.2143323,6.0,0.0,-79.0
1777889978.2243323,7.0,-2.0,-69.0
1777889978.2343323,6.0,-3.0,-62.0
1777889978.2443323,3.0,-4.0,-71.0
1777889978.2543323,-1.0,-5.0,-70.0
1777889978.2643323,-1.0,-1.0,-68.0
1777889978.2743323,-2.0,-2.0,-67.0
1777889978.2843325,-7.0,-2.0,-73.0
1777889978.2943325,-5.0,0.0,-76.0
1777889978.3043325,-6.0,0.0,-77.0
1777889978.3143325,-9.0,-3.0,-80.0
1777889978.3243325,-5.0,4.0,-82.0
1777889978.3343325,0.0,6.0,-76.0
1777889978.3443325,0.0,7.0,-74.0
1777889978.3543324,4.0,8.0,-73.0
1777889978.3643324,3.0,5.0,-74.0
1777889978.3743324,1.0,6.0,-74.0
1777889978.3843324,0.0,1.0,-75.0
1777889978.3943324,-1.0,4.0,-73.0
1777889978.4043324,0.0,2.0,-76.0
1777889978.4143324,3.0,2.0,-81.0
1777889978.4243324,-2.0,2.0,-84.0
1777889978.4353323,-2.0,0.0,-80.0
1777889978.4443324,-2.0,-2.0,-83.0
1777889978.4553325,-11.0,-5.0,-87.0
1777889978.4653325,-10.0,-7.0,-81.0
1777889978.4743323,-9.0,-2.0,-82.0
1777889978.4853325,-4.0,2.0,-84.0
1777889978.4953325,-7.0,2.0,-79.0
1777889978.5053325,-9.0,0.0,-81.0
1777889978.5153325,-4.0,5.0,-79.0
1777889978.5243323,-5.0,3.0,-71.0
1777889978.5353324,0.0,4.0,-62.0
1777889978.5453324,0.0,3.0,-63.0
1777889978.5553324,3.0,3.0,-65.0
1777889978.5653324,8.0,0.0,-68.0
1777889978.5753324,10.0,-3.0,-63.0
1777889978.5853324,10.0,-8.0,-61.0
1777889978.5953324,7.0,-7.0,-61.0
1777889978.6053324,8.0,-7.0,-62.0
1777889978.6153324,4.0,-10.0,-62.0
1777889978.6253324,3.0,-10.0,-61.0
1777889978.6353323,-1.0,-5.0,-66.0
1777889978.6453323,0.0,-6.0,-67.0
1777889978.6553323,0.0,-10.0,-62.0
1777889978.6653323,-6.0,-7.0,-67.0
1777889978.6753323,-7.0,-5.0,-72.0
1777889978.6853323,-7.0,-6.0,-70.0
1777889978.6953323,0.0,-4.0,-65.0
1777889978.7053325,2.0,-4.0,-61.0
1777889978.7153325,2.0,-6.0,-64.0
1777889978.7253325,0.0,-6.0,-69.0
1777889978.7353325,0.0,-4.0,-69.0
1777889978.7453325,3.0,-3.0,-61.0
1777889978.7553325,6.0,0.0,-62.0
1777889978.7653325,7.0,1.0,-66.0
1777889978.7753325,4.0,0.0,-69.0
1777889978.7853324,1.0,2.0,-72.0
1777889978.7953324,-1.0,2.0,-70.0
1777889978.8053324,0.0,1.0,-72.0
1777889978.8153324,0.0,0.0,-66.0
1777889978.8253324,1.0,1.0,-60.0
1777889978.8353324,3.0,-2.0,-62.0
1777889978.8453324,2.0,-3.0,-70.0
1777889978.8553324,3.0,-2.0,-70.0
1777889978.8653324,5.0,0.0,-67.0
1777889978.8753324,3.0,-1.0,-65.0
1777889978.8853323,2.0,-4.0,-68.0
1777889978.8953323,2.0,0.0,-69.0
1777889978.9053323,2.0,0.0,-69.0
1777889978.9153323,1.0,-2.0,-71.0
1777889978.9253323,0.0,0.0,-64.0
1777889978.9353323,0.0,-4.0,-61.0
1777889978.9453323,-1.0,-1.0,-61.0
1777889978.9553325,-2.0,-5.0,-62.0
1777889978.9653325,-2.0,-5.0,-64.0
1777889978.9753325,-2.0,-3.0,-66.0
1777889978.9853325,0.0,0.0,-73.0
1777889978.9953325,-2.0,3.0,-75.0
1777889979.0053325,-6.0,4.0,-79.0
1777889979.0153325,-1.0,8.0,-80.0
1777889979.0253325,0.0,6.0,-76.0
1777889979.0353324,-2.0,2.0,-69.0
1777889979.0453324,-2.0,0.0,-71.0
1777889979.0553324,-2.0,-1.0,-73.0
1777889979.0653324,-6.0,1.0,-76.0
1777889979.0753324,-6.0,5.0,-68.0
1777889979.0853324,-3.0,0.0,-66.0
1777889979.0953324,0.0,-1.0,-68.0
1777889979.1053324,2.0,-4.0,-70.0
1777889979.1153324,4.0,0.0,-71.0
1777889979.1253324,3.0,2.0,-72.0
1777889979.1353323,1.0,3.0,-73.0
1777889979.1453323,1.0,0.0,-68.0
1777889979.1553323,0.0,0.0,-75.0
1777889979.1653323,2.0,0.0,-76.0
1777889979.1753323,8.0,-3.0,-83.0
1777889979.1853323,4.0,-5.0,-79.0
1777889979.1953323,0.0,-5.0,-77.0
1777889979.2053325,1.0,-3.0,-77.0
1777889979.2153325,2.0,-3.0,-76.0
1777889979.2253325,3.0,-1.0,-75.0
1777889979.2353325,5.0,-4.0,-75.0
1777889979.2453325,4.0,-3.0,-76.0
1777889979.2553325,10.0,-4.0,-79.0
1777889979.2653325,10.0,-2.0,-83.0
1777889979.2753325,2.0,0.0,-86.0
1777889979.2853324,3.0,-1.0,-89.0
1777889979.2953324,2.0,-1.0,-86.0
1777889979.3053324,3.0,-8.0,-85.0
1777889979.3153324,3.0,-5.0,-82.0
1777889979.3253324,7.0,-4.0,-80.0
1777889979.3353324,4.0,-5.0,-83.0
1777889979.3453324,3.0,-4.0,-86.0
1777889979.3553324,2.0,-5.0,-84.0
1777889979.3653324,5.0,-4.0,-82.0
1777889979.3753324,6.0,-6.0,-80.0
1777889979.3853323,4.0,-5.0,-78.0
1777889979.3953323,4.0,-3.0,-73.0
1777889979.4053323,2.0,-1.0,-67.0
1777889979.4153323,0.0,2.0,-62.0
1777889979.4253323,0.0,0.0,-66.0
1777889979.4353323,-2.0,2.0,-74.0
1777889979.4453323,-4.0,3.0,-77.0
1777889979.4553325,-6.0,2.0,-74.0
1777889979.4653325,-2.0,0.0,-82.0
1777889979.4753325,0.0,-3.0,-81.0
1777889979.4853325,0.0,-2.0,-77.0
1777889979.4953325,-4.0,-3.0,-78.0
1777889979.5053325,-5.0,-5.0,-73.0
1777889979.5153325,-5.0,-5.0,-72.0
1777889979.5253325,-4.0,-3.0,-71.0
1777889979.5353324,-1.0,-5.0,-80.0
1777889979.5453324,-2.0,-3.0,-81.0
1777889979.5553324,-6.0,-5.0,-80.0
1777889979.5653324,-6.0,-3.0,-82.0
1777889979.5753324,-2.0,-3.0,-76.0
1777889979.5853324,-3.0,-5.0,-79.0
1777889979.5953324,-3.0,-2.0,-77.0
1777889979.6053324,-2.0,0.0,-73.0
1777889979.6153324,0.0,-1.0,-74.0
1777889979.6253324,0.0,-1.0,-75.0
1777889979.6353323,0.0,-1.0,-78.0
1777889979.6453323,-4.0,-3.0,-79.0
1777889979.6553323,-8.0,-4.0,-84.0
1777889979.6653323,-6.0,0.0,-84.0
1777889979.6753323,2.0,1.0,-83.0
1777889979.6853323,0.0,0.0,-85.0
1777889979.6953323,2.0,0.0,-89.0
1777889979.7053325,1.0,-1.0,-86.0
1777889979.7153325,2.0,0.0,-79.0
1777889979.7253325,2.0,0.0,-74.0
1777889979.7353325,1.0,1.0,-76.0
1777889979.7453325,3.0,2.0,-78.0
1777889979.7553325,4.0,0.0,-84.0
1777889979.7653325,3.0,1.0,-86.0
1777889979.7753325,5.0,-1.0,-79.0
1777889979.7853324,3.0,-5.0,-77.0
1777889979.7953324,7.0,-6.0,-75.0
1777889979.8053324,3.0,-5.0,-74.0
1777889979.8153324,1.0,-5.0,-73.0
1777889979.8253324,3.0,-3.0,-78.0
1777889979.8353324,1.0,0.0,-77.0
1777889979.8453324,0.0,0.0,-79.0
1777889979.8553324,-3.0,0.0,-79.0
1777889979.8653324,-1.0,0.0,-81.0
1777889979.8753324,0.0,1.0,-78.0
1777889979.8853323,-3.0,0.0,-79.0
1777889979.8953323,-3.0,0.0,-78.0
1777889979.9053323,0.0,0.0,-79.0
1777889979.9153323,0.0,4.0,-78.0
1777889979.9253323,-3.0,5.0,-76.0
1777889979.9353323,0.0,3.0,-75.0
1777889979.9453323,-2.0,1.0,-76.0
1777889979.9553325,-2.0,-1.0,-74.0
1777889979.9653325,-3.0,-2.0,-80.0
1777889979.9753325,-4.0,-3.0,-80.0
1777889979.9853325,-6.0,-4.0,-84.0
1777889979.9953325,-6.0,0.0,-80.0
1777889980.0053325,-4.0,1.0,-75.0
1777889980.0153325,-5.0,0.0,-72.0
1777889980.0253325,-5.0,-1.0,-78.0
1777889980.0353324,-5.0,-3.0,-76.0
1777889980.0453324,-1.0,-5.0,-74.0
1777889980.0553324,0.0,-1.0,-80.0
1777889980.0653324,-2.0,2.0,-78.0
1777889980.0753324,-1.0,3.0,-76.0
1777889980.0853324,1.0,5.0,-70.0
1777889980.0953324,1.0,1.0,-75.0
1777889980.1053324,-6.0,0.0,-79.0
1777889980.1153324,-2.0,0.0,-79.0
1777889980.1253324,-2.0,-1.0,-79.0
1777889980.1353323,-1.0,-2.0,-75.0
1777889980.1453323,0.0,-1.0,-76.0
1777889980.1553323,-1.0,-2.0,-72.0
1777889980.1653323,-3.0,0.0,-71.0
1777889980.1753323,-6.0,-1.0,-74.0
1777889980.1853323,-4.0,-2.0,-75.0
1777889980.1953323,-3.0,1.0,-73.0
1777889980.2053325,2.0,0.0,-74.0
1777889980.2153325,5.0,-2.0,-73.0
1777889980.2253325,3.0,0.0,-75.0
1777889980.2353325,-2.0,0.0,-73.0
1777889980.2453325,6.0,3.0,-75.0
1777889980.2553325,3.0,0.0,-78.0
1777889980.2653325,4.0,3.0,-79.0
1777889980.2753325,-1.0,3.0,-79.0
1777889980.2853324,-3.0,3.0,-75.0
1777889980.2953324,1.0,1.0,-73.0
1777889980.3053324,2.0,2.0,-75.0
1777889980.3153324,3.0,1.0,-80.0
1777889980.3253324,2.0,0.0,-78.0
1777889980.3353324,0.0,0.0,-75.0
1777889980.3453324,1.0,-5.0,-75.0
1777889980.3553324,0.0,-3.0,-72.0
1777889980.3653324,-2.0,1.0,-69.0
1777889980.3753324,-1.0,-1.0,-70.0
1777889980.3853323,-4.0,1.0,-74.0
1777889980.3953323,-3.0,2.0,-64.0
1777889980.4053323,0.0,0.0,-68.0
1777889980.4153323,1.0,0.0,-69.0
1777889980.4263325,2.0,-1.0,-73.0
1777889980.4363325,3.0,0.0,-70.0
1777889980.4463325,5.0,0.0,-75.0
1777889980.4563324,6.0,-1.0,-73.0
1777889980.4663324,1.0,0.0,-74.0
1777889980.4763324,4.0,-1.0,-76.0
1777889980.4863324,-1.0,-1.0,-74.0
1777889980.4963324,0.0,0.0,-73.0
1777889980.5063324,0.0,0.0,-74.0
1777889980.5163324,0.0,3.0,-73.0
1777889980.5263324,-1.0,6.0,-72.0
1777889980.5363324,-3.0,3.0,-67.0
1777889980.5463324,-6.0,-1.0,-69.0
1777889980.5563323,-1.0,0.0,-74.0
1777889980.5663323,-1.0,-5.0,-79.0
1777889980.5763323,1.0,-4.0,-86.0
1777889980.5863323,-1.0,-2.0,-83.0
1777889980.5963323,-3.0,0.0,-82.0
1777889980.6063323,-1.0,0.0,-82.0
1777889980.6163323,5.0,0.0,-78.0
1777889980.6263323,6.0,0.0,-79.0
1777889980.6363325,6.0,0.0,-75.0
1777889980.6463325,10.0,1.0,-78.0
1777889980.6563325,7.0,-1.0,-77.0
1777889980.6663325,0.0,0.0,-80.0
1777889980.6763325,2.0,0.0,-79.0
1777889980.6863325,-1.0,-1.0,-70.0
1777889980.6963325,0.0,2.0,-74.0
1777889980.7063324,0.0,4.0,-67.0
1777889980.7163324,1.0,1.0,-70.0
1777889980.7263324,2.0,-2.0,-73.0
1777889980.7363324,3.0,0.0,-71.0
1777889980.7463324,6.0,-1.0,-69.0
1777889980.7563324,11.0,-2.0,-65.0
1777889980.7663324,6.0,1.0,-68.0
1777889980.7763324,3.0,3.0,-71.0
1777889980.7863324,2.0,3.0,-65.0
1777889980.7963324,1.0,1.0,-59.0
1777889980.8063323,-2.0,1.0,-63.0
1777889980.8163323,-4.0,1.0,-69.0
1777889980.8263323,-3.0,1.0,-63.0
1777889980.8363323,0.0,0.0,-72.0
1777889980.8463323,-1.0,3.0,-71.0
1777889980.8563323,5.0,2.0,-66.0
1777889980.8663323,6.0,-2.0,-66.0
1777889980.8763323,6.0,-4.0,-65.0
1777889980.8863325,9.0,-3.0,-64.0
1777889980.8963325,5.0,-4.0,-65.0
1777889980.9063325,7.0,1.0,-64.0
1777889980.9163325,6.0,3.0,-70.0
1777889980.9263325,9.0,6.0,-70.0
1777889980.9363325,1.0,4.0,-68.0
1777889980.9463325,4.0,4.0,-68.0
1777889980.9563324,0.0,3.0,-74.0
1777889980.9663324,-1.0,-3.0,-73.0
1777889980.9763324,0.0,2.0,-69.0
1777889980.9863324,4.0,5.0,-71.0
1777889980.9963324,6.0,4.0,-72.0
1777889981.0063324,9.0,2.0,-72.0
1777889981.0163324,6.0,2.0,-76.0
1777889981.0263324,6.0,2.0,-74.0
1777889981.0363324,6.0,0.0,-69.0
1777889981.0463324,2.0,0.0,-71.0
1777889981.0563323,5.0,2.0,-77.0
1777889981.0663323,3.0,3.0,-74.0
1777889981.0763323,5.0,6.0,-75.0
1777889981.0863323,5.0,8.0,-75.0
1777889981.0963323,-1.0,9.0,-68.0
1777889981.1063323,-3.0,6.0,-72.0
1777889981.1163323,-5.0,5.0,-71.0
1777889981.1263323,-5.0,3.0,-75.0
1777889981.1363325,0.0,0.0,-81.0
1777889981.1463325,-3.0,0.0,-84.0
1777889981.1563325,-2.0,-1.0,-80.0
1777889981.1663325,0.0,-3.0,-77.0
1777889981.1763325,-3.0,-3.0,-71.0
1777889981.1863325,-4.0,3.0,-72.0
1777889981.1963325,-1.0,2.0,-72.0
1777889981.2063324,5.0,1.0,-72.0
1777889981.2163324,2.0,0.0,-75.0
1777889981.2263324,0.0,0.0,-73.0
1777889981.2363324,-1.0,3.0,-71.0
1777889981.2463324,-4.0,9.0,-72.0
1777889981.2563324,-4.0,10.0,-79.0
1777889981.2663324,-5.0,8.0,-86.0
1777889981.2763324,-5.0,8.0,-90.0
1777889981.2863324,-4.0,8.0,-88.0
1777889981.2963324,0.0,5.0,-87.0
1777889981.3063323,1.0,6.0,-87.0
1777889981.3163323,-2.0,5.0,-93.0
1777889981.3263323,-3.0,0.0,-90.0
1777889981.3363323,-2.0,-1.0,-82.0
1777889981.3463323,0.0,-3.0,-86.0
1777889981.3563323,-6.0,-5.0,-86.0
1777889981.3663323,-4.0,-4.0,-81.0
1777889981.3763323,-4.0,-6.0,-77.0
1777889981.3863325,-5.0,-3.0,-75.0
1777889981.3963325,-3.0,-1.0,-75.0
1777889981.4063325,0.0,0.0,-74.0
1777889981.4163325,0.0,-4.0,-75.0
1777889981.4263325,0.0,-5.0,-80.0
1777889981.4363325,3.0,-6.0,-78.0
1777889981.4463325,4.0,-3.0,-81.0
1777889981.4563324,7.0,-7.0,-76.0
1777889981.4663324,5.0,-5.0,-71.0
1777889981.4763324,4.0,-2.0,-74.0
1777889981.4863324,-1.0,-1.0,-77.0
1777889981.4963324,0.0,0.0,-73.0
1777889981.5063324,5.0,0.0,-68.0
1777889981.5163324,6.0,2.0,-72.0
1777889981.5263324,7.0,2.0,-67.0
1777889981.5363324,6.0,0.0,-70.0
1777889981.5463324,6.0,4.0,-80.0
1777889981.5563323,8.0,7.0,-82.0
1777889981.5663323,5.0,6.0,-76.0
1777889981.5763323,4.0,3.0,-73.0
1777889981.5863323,3.0,2.0,-74.0
1777889981.5963323,4.0,-2.0,-74.0
1777889981.6063323,4.0,-3.0,-74.0
1777889981.6163323,6.0,-4.0,-76.0
1777889981.6263323,-2.0,-2.0,-81.0
1777889981.6363325,-8.0,-3.0,-82.0
1777889981.6463325,-6.0,-6.0,-80.0
1777889981.6563325,-9.0,-8.0,-85.0
1777889981.6663325,-4.0,-11.0,-80.0
1777889981.6763325,2.0,-11.0,-83.0
1777889981.6863325,1.0,-9.0,-81.0
1777889981.6963325,0.0,-6.0,-78.0
1777889981.7063324,2.0,-7.0,-75.0
1777889981.7163324,2.0,-8.0,-69.0
1777889981.7263324,3.0,-8.0,-67.0
1777889981.7363324,0.0,-4.0,-74.0
1777889981.7463324,1.0,-2.0,-77.0
1777889981.7563324,5.0,-1.0,-77.0
1777889981.7663324,7.0,-1.0,-68.0
1777889981.7763324,3.0,-1.0,-70.0
1777889981.7863324,7.0,-1.0,-73.0
1777889981.7963324,2.0,-4.0,-76.0
1777889981.8063323,5.0,-3.0,-81.0
1777889981.8163323,7.0,-2.0,-79.0
1777889981.8263323,6.0,-3.0,-78.0
1777889981.8363323,6.0,-1.0,-78.0
1777889981.8463323,8.0,-1.0,-74.0
1777889981.8563323,5.0,-2.0,-73.0
1777889981.8663323,3.0,-4.0,-73.0
1777889981.8763323,-2.0,-1.0,-79.0
1777889981.8863325,0.0,-1.0,-79.0
1777889981.8963325,6.0,-1.0,-80.0
1777889981.9063325,10.0,-4.0,-83.0
1777889981.9163325,4.0,0.0,-82.0
1777889981.9263325,2.0,4.0,-79.0
1777889981.9363325,3.0,1.0,-74.0
1777889981.9463325,4.0,-3.0,-70.0
1777889981.9563324,3.0,-3.0,-67.0
1777889981.9663324,5.0,-4.0,-66.0
1777889981.9763324,2.0,-10.0,-70.0
1777889981.9863324,3.0,-8.0,-70.0
1777889981.9963324,6.0,-6.0,-68.0
1777889982.0063324,3.0,-5.0,-63.0
1777889982.0163324,3.0,-6.0,-62.0
1777889982.0263324,1.0,-8.0,-69.0
1777889982.0363324,0.0,-6.0,-66.0
1777889982.0463324,-3.0,-1.0,-63.0
1777889982.0563323,-5.0,-2.0,-63.0
1777889982.0663323,-1.0,-3.0,-70.0
1777889982.0763323,-2.0,-5.0,-73.0
1777889982.0863323,-7.0,-9.0,-74.0
1777889982.0963323,-6.0,-6.0,-78.0
1777889982.1063323,0.0,-5.0,-81.0
1777889982.1163323,2.0,-5.0,-82.0
1777889982.1263323,3.0,-6.0,-79.0
1777889982.1363325,3.0,-4.0,-86.0
1777889982.1463325,4.0,-1.0,-86.0
1777889982.1563325,4.0,2.0,-84.0
1777889982.1663325,5.0,-2.0,-84.0
1777889982.1763325,5.0,-3.0,-81.0
1777889982.1863325,5.0,-1.0,-75.0
1777889982.1963325,0.0,3.0,-76.0
1777889982.2063324,-2.0,1.0,-75.0
1777889982.2163324,1.0,0.0,-77.0
1777889982.2263324,5.0,0.0,-84.0
1777889982.2363324,9.0,-2.0,-89.0
1777889982.2463324,8.0,-1.0,-91.0
1777889982.2563324,8.0,0.0,-81.0
1777889982.2663324,9.0,-1.0,-84.0
1777889982.2763324,3.0,0.0,-83.0
1777889982.2863324,8.0,0.0,-81.0
1777889982.2963324,8.0,5.0,-81.0
1777889982.3063323,5.0,5.0,-80.0
1777889982.3163323,2.0,3.0,-74.0
1777889982.3263323,3.0,3.0,-70.0
1777889982.3363323,6.0,1.0,-75.0
1777889982.3463323,6.0,0.0,-68.0
1777889982.3563323,4.0,1.0,-70.0
1777889982.3663323,6.0,0.0,-72.0
1777889982.3763323,2.0,-3.0,-70.0
1777889982.3863325,1.0,0.0,-67.0
1777889982.3973324,1.0,0.0,-69.0
1777889982.4063325,0.0,1.0,-75.0
1777889982.4173324,-5.0,7.0,-76.0
1777889982.4273324,-5.0,8.0,-77.0
1777889982.4373324,0.0,4.0,-67.0
1777889982.4473324,2.0,2.0,-69.0
1777889982.4573324,3.0,0.0,-71.0
1777889982.4673324,6.0,-5.0,-71.0
1777889982.4773324,2.0,-6.0,-73.0
1777889982.4873323,1.0,-9.0,-79.0
1777889982.4973323,0.0,-9.0,-84.0
1777889982.5073323,0.0,-5.0,-83.0
1777889982.5173323,-3.0,-2.0,-81.0
1777889982.5273323,-3.0,3.0,-77.0
1777889982.5373323,-6.0,0.0,-77.0
1777889982.5473323,-11.0,0.0,-77.0
1777889982.5573325,-12.0,0.0,-82.0
1777889982.5673325,-8.0,0.0,-81.0
1777889982.5773325,-6.0,-2.0,-77.0
1777889982.5873325,-6.0,0.0,-78.0
1777889982.5973325,-1.0,-2.0,-80.0
1777889982.6073325,1.0,-2.0,-78.0
1777889982.6173325,0.0,-2.0,-81.0
1777889982.6273324,1.0,-3.0,-81.0
1777889982.6373324,1.0,-1.0,-73.0
1777889982.6473324,2.0,-3.0,-73.0
1777889982.6573324,2.0,-3.0,-75.0
1777889982.6673324,2.0,-3.0,-73.0
1777889982.6773324,3.0,-3.0,-68.0
1777889982.6873324,0.0,-3.0,-67.0
1777889982.6973324,-1.0,0.0,-70.0
1777889982.7073324,-2.0,-6.0,-74.0
1777889982.7173324,-2.0,-11.0,-78.0
1777889982.7273324,-7.0,-10.0,-71.0
1777889982.7373323,-4.0,-7.0,-69.0
1777889982.7473323,-7.0,-10.0,-67.0
1777889982.7573323,-8.0,-11.0,-68.0
1777889982.7673323,-7.0,-10.0,-72.0
1777889982.7773323,-10.0,-6.0,-75.0
1777889982.7873323,-13.0,-3.0,-70.0
1777889982.7973323,-9.0,0.0,-69.0
1777889982.8073325,-3.0,-1.0,-73.0
1777889982.8173325,-1.0,-2.0,-75.0
1777889982.8273325,3.0,-1.0,-72.0
1777889982.8373325,6.0,1.0,-74.0
1777889982.8473325,4.0,1.0,-79.0
1777889982.8573325,5.0,-1.0,-74.0
1777889982.8673325,3.0,-1.0,-74.0
1777889982.8773324,2.0,-3.0,-76.0
1777889982.8873324,6.0,-6.0,-77.0
1777889982.8973324,7.0,-2.0,-73.0
1777889982.9073324,3.0,0.0,-79.0
1777889982.9173324,-3.0,0.0,-81.0
1777889982.9273324,-4.0,-3.0,-85.0
1777889982.9373324,-5.0,-4.0,-83.0
1777889982.9473324,1.0,-4.0,-80.0
1777889982.9573324,2.0,-6.0,-80.0
1777889982.9673324,5.0,-7.0,-76.0
1777889982.9773324,5.0,-3.0,-69.0
1777889982.9873323,1.0,-4.0,-66.0
1777889982.9973323,-2.0,-5.0,-70.0
1777889983.0073323,-2.0,0.0,-68.0
1777889983.0173323,0.0,1.0,-74.0
1777889983.0273323,-3.0,0.0,-73.0
1777889983.0373323,-1.0,4.0,-70.0
1777889983.0473323,0.0,0.0,-69.0
1777889983.0573325,0.0,0.0,-77.0
1777889983.0673325,2.0,1.0,-75.0
1777889983.0773325,9.0,0.0,-68.0
1777889983.0873325,5.0,0.0,-74.0
1777889983.0973325,4.0,0.0,-80.0
1777889983.1073325,4.0,-3.0,-81.0
1777889983.1173325,8.0,-7.0,-82.0
1777889983.1273324,9.0,-9.0,-85.0
1777889983.1373324,9.0,-7.0,-90.0
1777889983.1473324,10.0,-6.0,-85.0
1777889983.1573324,9.0,-6.0,-84.0
1777889983.1673324,8.0,-6.0,-80.0
1777889983.1773324,4.0,-7.0,-71.0
1777889983.1873324,6.0,-5.0,-74.0
1777889983.1973324,7.0,0.0,-77.0
1777889983.2073324,8.0,2.0,-77.0
1777889983.2173324,7.0,4.0,-81.0
1777889983.2273324,7.0,3.0,-74.0
1777889983.2373323,3.0,2.0,-66.0
1777889983.2473323,0.0,3.0,-71.0
1777889983.2573323,2.0,6.0,-75.0
1777889983.2673323,0.0,5.0,-74.0
1777889983.2773323,2.0,1.0,-76.0
1777889983.2873323,1.0,2.0,-79.0
1777889983.2973323,0.0,4.0,-77.0
1777889983.3073325,2.0,0.0,-66.0
1777889983.3173325,-1.0,0.0,-70.0
1777889983.3273325,1.0,0.0,-75.0
1777889983.3373325,-1.0,0.0,-75.0
1777889983.3473325,0.0,3.0,-74.0
1777889983.3573325,-1.0,4.0,-76.0
1777889983.3673325,-2.0,4.0,-76.0
1777889983.3773324,-4.0,3.0,-68.0
1777889983.3873324,-3.0,5.0,-76.0
1777889983.3973324,0.0,1.0,-76.0
1777889983.4073324,2.0,4.0,-79.0
1777889983.4173324,4.0,-3.0,-81.0
1777889983.4273324,6.0,-4.0,-77.0
1777889983.4373324,7.0,-4.0,-75.0
1777889983.4473324,4.0,-2.0,-78.0
1777889983.4573324,2.0,-1.0,-85.0
1777889983.4673324,0.0,0.0,-82.0
1777889983.4773324,-1.0,-1.0,-80.0
1777889983.4873323,2.0,-2.0,-81.0
1777889983.4973323,0.0,0.0,-76.0
1777889983.5073323,1.0,0.0,-72.0
1777889983.5173323,1.0,-2.0,-64.0
1777889983.5273323,2.0,-1.0,-69.0
1777889983.5373323,4.0,-6.0,-71.0
1777889983.5473323,2.0,-6.0,-65.0
1777889983.5573325,-1.0,-8.0,-66.0
1777889983.5673325,-2.0,-7.0,-65.0
1777889983.5773325,-5.0,-7.0,-64.0
1777889983.5873325,-1.0,-6.0,-69.0
1777889983.5973325,0.0,-5.0,-67.0
1777889983.6073325,3.0,-2.0,-73.0
1777889983.6173325,4.0,-1.0,-79.0
1777889983.6273324,1.0,-1.0,-75.0
1777889983.6373324,2.0,-1.0,-78.0
1777889983.6473324,6.0,1.0,-77.0
1777889983.6573324,2.0,0.0,-76.0
1777889983.6673324,2.0,4.0,-78.0
1777889983.6773324,1.0,1.0,-77.0
1777889983.6873324,-6.0,0.0,-78.0
1777889983.6973324,-9.0,-2.0,-81.0
1777889983.7073324,-6.0,-2.0,-81.0
1777889983.7173324,-3.0,-2.0,-85.0
1777889983.7273324,-1.0,0.0,-83.0
1777889983.7373323,0.0,2.0,-80.0
1777889983.7473323,3.0,-4.0,-79.0
1777889983.7573323,2.0,-6.0,-74.0
1777889983.7673323,8.0,-8.0,-75.0
1777889983.7773323,6.0,-9.0,-77.0
1777889983.7873323,0.0,-6.0,-84.0
1777889983.7973323,0.0,-3.0,-81.0
1777889983.8073325,-3.0,-2.0,-78.0
1777889983.8173325,-3.0,-4.0,-79.0
1777889983.8273325,-4.0,-6.0,-75.0
1777889983.8373325,-3.0,-4.0,-78.0
1777889983.8473325,-2.0,-2.0,-79.0
1777889983.8573325,0.0,0.0,-74.0
1777889983.8673325,0.0,-1.0,-79.0
1777889983.8773324,0.0,1.0,-81.0
1777889983.8873324,0.0,1.0,-77.0
1777889983.8973324,-2.0,0.0,-83.0
1777889983.9073324,-3.0,-3.0,-83.0
1777889983.9173324,-4.0,-6.0,-80.0
1777889983.9273324,-1.0,-3.0,-85.0
1777889983.9373324,0.0,-5.0,-82.0
1777889983.9473324,-1.0,-5.0,-83.0
1777889983.9573324,-1.0,-4.0,-80.0
1777889983.9673324,-3.0,-6.0,-77.0
1777889983.9773324,-3.0,-6.0,-77.0
1777889983.9873323,-1.0,-2.0,-70.0
1777889983.9973323,0.0,-1.0,-66.0
1777889984.0073323,0.0,-5.0,-69.0
1777889984.0173323,0.0,-6.0,-70.0
1777889984.0273323,-2.0,-6.0,-73.0
1777889984.0373323,-2.0,-3.0,-74.0
1777889984.0473323,-3.0,0.0,-74.0
1777889984.0573325,-2.0,5.0,-79.0
1777889984.0673325,0.0,3.0,-80.0
1777889984.0773325,-2.0,5.0,-83.0
1777889984.0873325,1.0,5.0,-84.0
1777889984.0973325,0.0,4.0,-72.0
1777889984.1073325,3.0,4.0,-72.0
1777889984.1173325,0.0,5.0,-76.0
1777889984.1273324,-2.0,0.0,-73.0
1777889984.1373324,-5.0,0.0,-74.0
1777889984.1473324,-3.0,2.0,-78.0
1777889984.1573324,0.0,3.0,-83.0
1777889984.1673324,0.0,0.0,-83.0
1777889984.1773324,6.0,0.0,-76.0
1777889984.1873324,3.0,3.0,-68.0
1777889984.1973324,-3.0,4.0,-71.0
1777889984.2073324,-6.0,6.0,-75.0
1777889984.2173324,-8.0,1.0,-74.0
1777889984.2273324,-2.0,3.0,-73.0
1777889984.2373323,0.0,0.0,-75.0
1777889984.2473323,4.0,1.0,-80.0
1777889984.2573323,2.0,0.0,-82.0
1777889984.2673323,4.0,-1.0,-82.0
1777889984.2773323,5.0,0.0,-80.0
1777889984.2873323,9.0,3.0,-79.0
1777889984.2973323,5.0,0.0,-74.0
1777889984.3073325,8.0,-4.0,-74.0
1777889984.3173325,6.0,-12.0,-69.0
1777889984.3273325,-1.0,-10.0,-72.0
1777889984.3373325,-1.0,-5.0,-72.0
1777889984.3473325,0.0,-4.0,-71.0
1777889984.3573325,0.0,-1.0,-74.0
1777889984.3673325,0.0,0.0,-72.0
1777889984.3783324,-3.0,0.0,-71.0
1777889984.3873324,-3.0,0.0,-74.0
1777889984.3973324,-2.0,3.0,-76.0
1777889984.4083323,-2.0,0.0,-76.0
1777889984.4183323,-3.0,4.0,-77.0
1777889984.4283323,-4.0,2.0,-73.0
1777889984.4383323,0.0,4.0,-79.0
1777889984.4483323,0.0,4.0,-81.0
1777889984.4583323,-2.0,4.0,-81.0
1777889984.4683323,4.0,2.0,-78.0
1777889984.4783323,9.0,2.0,-62.0
1777889984.4883325,3.0,3.0,-61.0
1777889984.4983325,0.0,2.0,-67.0
1777889984.5083325,1.0,4.0,-73.0
1777889984.5183325,2.0,6.0,-73.0
1777889984.5283325,0.0,7.0,-76.0
1777889984.5383325,3.0,4.0,-73.0
1777889984.5483325,0.0,3.0,-76.0
1777889984.5583324,1.0,0.0,-74.0
1777889984.5683324,2.0,-1.0,-75.0
1777889984.5783324,4.0,-2.0,-79.0
1777889984.5883324,3.0,-4.0,-76.0
1777889984.5983324,4.0,-2.0,-80.0
1777889984.6083324,2.0,-5.0,-83.0
1777889984.6183324,1.0,-4.0,-78.0
1777889984.6283324,0.0,-4.0,-75.0
1777889984.6383324,-3.0,-5.0,-81.0
1777889984.6483324,-4.0,-7.0,-77.0
1777889984.6583323,-5.0,-7.0,-78.0
1777889984.6683323,-9.0,-4.0,-73.0
1777889984.6783323,-9.0,0.0,-63.0
1777889984.6883323,-7.0,0.0,-64.0
1777889984.6983323,-5.0,-3.0,-67.0
1777889984.7083323,-5.0,-2.0,-68.0
1777889984.7183323,-5.0,-1.0,-73.0
1777889984.7283323,1.0,0.0,-70.0
1777889984.7383325,-5.0,-2.0,-75.0
1777889984.7483325,-6.0,0.0,-75.0
1777889984.7583325,-6.0,0.0,-76.0
1777889984.7683325,-11.0,0.0,-77.0
1777889984.7783325,-11.0,0.0,-89.0
1777889984.7883325,-6.0,-1.0,-83.0
1777889984.7983325,-3.0,-3.0,-83.0
1777889984.8083324,-5.0,0.0,-83.0
1777889984.8183324,-3.0,1.0,-79.0
1777889984.8283324,-3.0,-3.0,-69.0
1777889984.8383324,-2.0,-3.0,-62.0
1777889984.8483324,0.0,-2.0,-61.0
1777889984.8583324,0.0,-3.0,-71.0
1777889984.8683324,0.0,-4.0,-72.0
1777889984.8783324,1.0,-2.0,-77.0
1777889984.8883324,5.0,-3.0,-77.0
1777889984.8983324,8.0,-1.0,-72.0
1777889984.9083323,11.0,-1.0,-75.0
1777889984.9183323,8.0,0.0,-80.0
1777889984.9283323,10.0,-1.0,-79.0
1777889984.9383323,8.0,-3.0,-79.0
1777889984.9483323,5.0,-2.0,-84.0
1777889984.9583323,0.0,-4.0,-80.0
1777889984.9683323,3.0,0.0,-80.0
1777889984.9783323,7.0,1.0,-83.0
1777889984.9883325,9.0,0.0,-82.0
1777889984.9983325,8.0,-1.0,-77.0
1777889985.0083325,8.0,-2.0,-83.0
1777889985.0183325,4.0,0.0,-79.0
1777889985.0283325,-1.0,2.0,-72.0
1777889985.0383325,-7.0,4.0,-71.0
1777889985.0483325,-7.0,11.0,-71.0
1777889985.0583324,-4.0,8.0,-77.0
1777889985.0683324,3.0,3.0,-79.0
1777889985.0783324,1.0,2.0,-81.0
1777889985.0883324,4.0,2.0,-73.0
1777889985.0983324,9.0,-2.0,-80.0
1777889985.1083324,10.0,-7.0,-77.0
1777889985.1183324,6.0,-9.0,-78.0
1777889985.1283324,2.0,-8.0,-73.0
1777889985.1383324,5.0,-2.0,-73.0
1777889985.1483324,9.0,-1.0,-75.0
1777889985.1583323,8.0,-4.0,-69.0
1777889985.1683323,9.0,-8.0,-70.0
1777889985.1783323,11.0,-12.0,-78.0
1777889985.1883323,7.0,-9.0,-80.0
1777889985.1983323,2.0,-8.0,-80.0
1777889985.2083323,0.0,-6.0,-75.0
1777889985.2183323,-1.0,-5.0,-69.0
1777889985.2283323,-3.0,-8.0,-67.0
1777889985.2383325,-1.0,-6.0,-70.0
1777889985.2483325,0.0,-6.0,-74.0
1777889985.2583325,7.0,-6.0,-76.0
1777889985.2683325,10.0,0.0,-79.0
1777889985.2783325,6.0,0.0,-85.0
1777889985.2883325,3.0,-2.0,-84.0
1777889985.2983325,2.0,-3.0,-82.0
1777889985.3083324,0.0,-1.0,-83.0
1777889985.3183324,5.0,0.0,-82.0
1777889985.3283324,5.0,-2.0,-77.0
1777889985.3383324,4.0,0.0,-80.0
1777889985.3483324,3.0,3.0,-75.0
1777889985.3583324,6.0,6.0,-73.0
1777889985.3683324,6.0,6.0,-74.0
1777889985.3783324,2.0,8.0,-80.0
1777889985.3883324,3.0,3.0,-77.0
1777889985.3983324,2.0,0.0,-74.0
1777889985.4083323,1.0,0.0,-75.0
1777889985.4183323,0.0,3.0,-75.0
1777889985.4283323,1.0,1.0,-73.0
1777889985.4383323,1.0,3.0,-72.0
1777889985.4483323,2.0,1.0,-69.0
1777889985.4583323,3.0,0.0,-70.0
1777889985.4683323,1.0,-6.0,-74.0
1777889985.4783323,-1.0,-4.0,-70.0
1777889985.4883325,0.0,-6.0,-67.0
1777889985.4983325,-3.0,-5.0,-67.0
1777889985.5083325,1.0,-2.0,-74.0
1777889985.5183325,-3.0,2.0,-75.0
1777889985.5283325,-3.0,4.0,-75.0
1777889985.5383325,0.0,6.0,-72.0
1777889985.5483325,-4.0,5.0,-69.0
1777889985.5583324,-2.0,3.0,-74.0
1777889985.5683324,-1.0,1.0,-76.0
1777889985.5783324,-3.0,0.0,-70.0
1777889985.5883324,-4.0,-4.0,-70.0
1777889985.5983324,0.0,-2.0,-71.0
1777889985.6083324,3.0,-3.0,-69.0
1777889985.6183324,0.0,-4.0,-66.0
1777889985.6283324,0.0,-4.0,-72.0
1777889985.6383324,1.0,0.0,-78.0
1777889985.6483324,0.0,-2.0,-81.0
1777889985.6583323,-3.0,-1.0,-83.0
1777889985.6683323,-5.0,-1.0,-80.0
1777889985.6783323,-11.0,1.0,-75.0
1777889985.6883323,-8.0,4.0,-75.0
1777889985.6983323,-4.0,4.0,-75.0
1777889985.7083323,-3.0,4.0,-72.0
1777889985.7183323,-5.0,3.0,-67.0
1777889985.7283323,0.0,10.0,-63.0
1777889985.7383325,0.0,7.0,-65.0
1777889985.7483325,-4.0,2.0,-67.0
1777889985.7583325,0.0,2.0,-70.0
1777889985.7683325,1.0,1.0,-73.0
1777889985.7783325,1.0,2.0,-70.0
1777889985.7883325,0.0,3.0,-69.0
1777889985.7983325,1.0,0.0,-69.0
1777889985.8083324,-2.0,0.0,-61.0
1777889985.8183324,0.0,0.0,-61.0
1777889985.8283324,0.0,2.0,-64.0
1777889985.8383324,-3.0,1.0,-65.0
1777889985.8483324,-4.0,0.0,-62.0
1777889985.8583324,-5.0,-2.0,-65.0
1777889985.8683324,-2.0,3.0,-60.0
1777889985.8783324,-1.0,0.0,-69.0
1777889985.8883324,0.0,0.0,-75.0
1777889985.8983324,4.0,2.0,-65.0
1777889985.9083323,0.0,4.0,-69.0
1777889985.9183323,-3.0,4.0,-76.0
1777889985.9283323,0.0,0.0,-80.0
1777889985.9383323,-1.0,0.0,-84.0
1777889985.9483323,0.0,-3.0,-93.0
1777889985.9583323,-4.0,-3.0,-88.0
1777889985.9683323,-5.0,-8.0,-85.0
1777889985.9783323,-7.0,-8.0,-78.0
1777889985.9883325,-6.0,-5.0,-75.0
1777889985.9983325,-5.0,-2.0,-76.0
1777889986.0083325,-3.0,-5.0,-71.0
1777889986.0183325,4.0,-5.0,-70.0
1777889986.0283325,-1.0,-4.0,-65.0
1777889986.0383325,0.0,-4.0,-66.0
1777889986.0483325,4.0,-3.0,-70.0
1777889986.0583324,0.0,-3.0,-68.0
1777889986.0683324,1.0,-3.0,-65.0
1777889986.0783324,0.0,0.0,-73.0
1777889986.0883324,2.0,-1.0,-74.0
1777889986.0983324,2.0,-7.0,-66.0
1777889986.1083324,2.0,-7.0,-68.0
1777889986.1183324,6.0,-9.0,-72.0
1777889986.1283324,6.0,-9.0,-69.0
1777889986.1383324,8.0,-8.0,-65.0
1777889986.1483324,1.0,-5.0,-72.0
1777889986.1583323,-1.0,-2.0,-73.0
1777889986.1683323,0.0,-5.0,-72.0
1777889986.1783323,1.0,0.0,-72.0
1777889986.1883323,0.0,0.0,-66.0
1777889986.1983323,-2.0,-5.0,-64.0
1777889986.2083323,0.0,-7.0,-77.0
1777889986.2183323,1.0,-5.0,-80.0
1777889986.2283323,3.0,-4.0,-80.0
1777889986.2383325,1.0,-1.0,-77.0
1777889986.2483325,1.0,-2.0,-77.0
1777889986.2583325,-1.0,0.0,-71.0
1777889986.2683325,-1.0,0.0,-65.0
1777889986.2783325,-1.0,0.0,-64.0
1777889986.2883325,1.0,0.0,-61.0
1777889986.2983325,3.0,2.0,-58.0
1777889986.3083324,1.0,2.0,-61.0
1777889986.3183324,4.0,6.0,-63.0
1777889986.3283324,2.0,5.0,-57.0
1777889986.3383324,0.0,5.0,-61.0
1777889986.3493323,0.0,5.0,-70.0
1777889986.3583324,0.0,4.0,-74.0
1777889986.3683324,1.0,2.0,-76.0
1777889986.3793323,6.0,-2.0,-78.0
1777889986.3883324,7.0,-2.0,-81.0
1777889986.3993323,6.0,-5.0,-81.0
1777889986.4093325,4.0,-3.0,-78.0
1777889986.4183323,5.0,-4.0,-81.0
1777889986.4293325,5.0,-6.0,-87.0
1777889986.4393325,7.0,-3.0,-89.0
1777889986.4493325,4.0,0.0,-88.0
1777889986.4593325,5.0,0.0,-83.0
1777889986.4693325,6.0,2.0,-80.0
1777889986.4793324,3.0,6.0,-80.0
1777889986.4893324,4.0,4.0,-84.0
1777889986.4993324,7.0,0.0,-92.0
1777889986.5093324,7.0,0.0,-87.0
1777889986.5193324,2.0,2.0,-80.0
1777889986.5293324,1.0,4.0,-85.0
1777889986.5393324,-4.0,2.0,-82.0
1777889986.5493324,-7.0,3.0,-78.0
1777889986.5593324,-1.0,2.0,-71.0
1777889986.5693324,1.0,1.0,-74.0
1777889986.5793324,3.0,0.0,-81.0
1777889986.5893323,6.0,1.0,-82.0
1777889986.5993323,1.0,3.0,-89.0
1777889986.6093323,3.0,1.0,-85.0
1777889986.6193323,3.0,0.0,-93.0
1777889986.6293323,-2.0,3.0,-87.0
1777889986.6393323,0.0,4.0,-79.0
1777889986.6493323,-4.0,1.0,-82.0
1777889986.6593325,-6.0,4.0,-83.0
1777889986.6693325,-1.0,0.0,-80.0
1777889986.6793325,3.0,0.0,-76.0
1777889986.6893325,6.0,1.0,-78.0
1777889986.6993325,7.0,-1.0,-77.0
1777889986.7093325,5.0,-3.0,-77.0
1777889986.7193325,8.0,-2.0,-85.0
1777889986.7293324,6.0,-2.0,-81.0
1777889986.7393324,4.0,2.0,-77.0
1777889986.7493324,0.0,1.0,-72.0
1777889986.7593324,1.0,0.0,-60.0
1777889986.7693324,-3.0,0.0,-62.0
1777889986.7793324,-2.0,0.0,-64.0
1777889986.7893324,-1.0,1.0,-64.0
1777889986.7993324,-5.0,0.0,-64.0
1777889986.8093324,-4.0,2.0,-68.0
1777889986.8193324,-5.0,2.0,-74.0
1777889986.8293324,-1.0,-1.0,-72.0
1777889986.8393323,3.0,0.0,-66.0
1777889986.8493323,3.0,-1.0,-69.0
1777889986.8593323,4.0,0.0,-66.0
1777889986.8693323,5.0,1.0,-66.0
1777889986.8793323,4.0,4.0,-70.0
1777889986.8893323,2.0,3.0,-69.0
1777889986.8993323,2.0,3.0,-71.0
1777889986.9093325,5.0,2.0,-76.0
1777889986.9193325,3.0,4.0,-80.0
1777889986.9293325,5.0,6.0,-82.0
1777889986.9393325,8.0,7.0,-83.0
1777889986.9493325,3.0,5.0,-86.0
1777889986.9593325,-3.0,3.0,-86.0
1777889986.9693325,-2.0,1.0,-81.0
1777889986.9793324,-1.0,-2.0,-85.0
1777889986.9893324,0.0,0.0,-81.0
1777889986.9993324,-2.0,-3.0,-84.0
1777889987.0093324,-2.0,0.0,-86.0
1777889987.0193324,-1.0,0.0,-88.0
1777889987.0293324,-2.0,3.0,-84.0
1777889987.0393324,-6.0,2.0,-86.0
1777889987.0493324,-9.0,3.0,-92.0
1777889987.0593324,-7.0,0.0,-86.0
1777889987.0693324,-5.0,0.0,-86.0
1777889987.0793324,-1.0,0.0,-81.0
1777889987.0893323,-1.0,-2.0,-79.0
1777889987.0993323,-2.0,0.0,-80.0
1777889987.1093323,-5.0,-4.0,-84.0
1777889987.1193323,-3.0,-3.0,-82.0
1777889987.1293323,2.0,-4.0,-77.0
1777889987.1393323,2.0,-6.0,-73.0
1777889987.1493323,4.0,-5.0,-74.0
1777889987.1593325,5.0,-1.0,-79.0
1777889987.1693325,3.0,-4.0,-81.0
1777889987.1793325,3.0,-4.0,-86.0
1777889987.1893325,4.0,-2.0,-85.0
1777889987.1993325,-2.0,-3.0,-84.0
1777889987.2093325,-5.0,0.0,-93.0
1777889987.2193325,-4.0,0.0,-86.0
1777889987.2293324,-9.0,2.0,-82.0
1777889987.2393324,-8.0,1.0,-86.0
1777889987.2493324,-6.0,1.0,-82.0
1777889987.2593324,-6.0,4.0,-73.0
1777889987.2693324,-6.0,1.0,-72.0
1777889987.2793324,-6.0,-1.0,-76.0
1777889987.2893324,-7.0,3.0,-78.0
1777889987.2993324,-2.0,5.0,-75.0
1777889987.3093324,-1.0,4.0,-73.0
1777889987.3193324,0.0,0.0,-70.0
1777889987.3293324,-6.0,-1.0,-76.0
1777889987.3393323,-7.0,-8.0,-72.0
1777889987.3493323,-2.0,-5.0,-71.0
1777889987.3593323,-1.0,-6.0,-65.0
1777889987.3693323,-3.0,-4.0,-66.0
1777889987.3793323,-2.0,-2.0,-70.0
1777889987.3893323,2.0,-3.0,-74.0
1777889987.3993323,1.0,-4.0,-77.0
1777889987.4093325,-1.0,-1.0,-77.0
1777889987.4193325,-3.0,0.0,-78.0
1777889987.4293325,-2.0,-1.0,-69.0
1777889987.4393325,-1.0,0.0,-73.0
1777889987.4493325,0.0,-2.0,-70.0
1777889987.4593325,-3.0,0.0,-71.0
1777889987.4693325,-1.0,2.0,-72.0
1777889987.4793324,-3.0,4.0,-72.0
1777889987.4893324,1.0,3.0,-73.0
1777889987.4993324,5.0,3.0,-64.0
1777889987.5093324,0.0,2.0,-61.0
1777889987.5193324,-8.0,4.0,-67.0
1777889987.5293324,-5.0,6.0,-67.0
1777889987.5393324,0.0,8.0,-65.0
1777889987.5493324,0.0,3.0,-67.0
1777889987.5593324,2.0,5.0,-77.0
1777889987.5693324,0.0,5.0,-73.0
1777889987.5793324,-3.0,5.0,-78.0
1777889987.5893323,-1.0,2.0,-82.0
1777889987.5993323,3.0,0.0,-83.0
1777889987.6093323,0.0,2.0,-77.0
1777889987.6193323,0.0,3.0,-78.0
1777889987.6293323,-1.0,5.0,-77.0
1777889987.6393323,0.0,1.0,-76.0
1777889987.6493323,-2.0,-2.0,-76.0
1777889987.6593325,2.0,-4.0,-70.0
1777889987.6693325,2.0,-7.0,-68.0
1777889987.6793325,1.0,-4.0,-66.0
1777889987.6893325,6.0,-1.0,-72.0
1777889987.6993325,7.0,-2.0,-70.0
1777889987.7093325,6.0,-3.0,-68.0
1777889987.7193325,6.0,-5.0,-72.0
1777889987.7293324,4.0,-3.0,-73.0
1777889987.7393324,5.0,-3.0,-78.0
1777889987.7493324,5.0,-2.0,-74.0
1777889987.7593324,3.0,-6.0,-68.0
1777889987.7693324,2.0,-6.0,-75.0
1777889987.7793324,-1.0,-6.0,-76.0
1777889987.7893324,-3.0,-4.0,-79.0
1777889987.7993324,0.0,-7.0,-87.0
1777889987.8093324,5.0,-5.0,-82.0
1777889987.8193324,5.0,-2.0,-85.0
1777889987.8293324,4.0,-1.0,-89.0
1777889987.8393323,5.0,-2.0,-88.0
1777889987.8493323,9.0,-3.0,-78.0
1777889987.8593323,10.0,-3.0,-78.0
1777889987.8693323,9.0,-5.0,-76.0
1777889987.8793323,11.0,-3.0,-76.0
1777889987.8893323,10.0,-2.0,-74.0
1777889987.8993323,7.0,-2.0,-75.0
1777889987.9093325,11.0,-1.0,-73.0
1777889987.9193325,11.0,0.0,-75.0
1777889987.9293325,12.0,-2.0,-71.0
1777889987.9393325,7.0,-1.0,-67.0
1777889987.9493325,6.0,-5.0,-66.0
1777889987.9593325,10.0,-3.0,-61.0
1777889987.9693325,10.0,-1.0,-60.0
1777889987.9793324,4.0,-1.0,-60.0
1777889987.9893324,4.0,-1.0,-65.0
1777889987.9993324,7.0,-5.0,-74.0
1777889988.0093324,4.0,-4.0,-73.0
1777889988.0193324,7.0,-6.0,-70.0
1777889988.0293324,4.0,-5.0,-70.0
1777889988.0393324,8.0,-3.0,-74.0
1777889988.0493324,10.0,-3.0,-74.0
1777889988.0593324,5.0,-2.0,-74.0
1777889988.0693324,7.0,0.0,-76.0
1777889988.0793324,5.0,3.0,-75.0
1777889988.0893323,6.0,1.0,-77.0
1777889988.0993323,6.0,0.0,-76.0
1777889988.1093323,5.0,1.0,-76.0
1777889988.1193323,5.0,1.0,-76.0
1777889988.1293323,7.0,1.0,-61.0
1777889988.1393323,8.0,0.0,-58.0
1777889988.1493323,6.0,-4.0,-61.0
1777889988.1593325,2.0,-1.0,-68.0
1777889988.1693325,-2.0,1.0,-75.0
1777889988.1793325,-1.0,0.0,-72.0
1777889988.1893325,1.0,0.0,-76.0
1777889988.1993325,1.0,0.0,-73.0
1777889988.2093325,0.0,-2.0,-67.0
1777889988.2193325,-1.0,-2.0,-74.0
1777889988.2293324,-6.0,-7.0,-72.0
1777889988.2393324,-1.0,-9.0,-72.0
1777889988.2493324,0.0,0.0,-66.0
1777889988.2593324,-1.0,3.0,-64.0
1777889988.2693324,-2.0,5.0,-67.0
1777889988.2793324,0.0,2.0,-69.0
1777889988.2893324,-2.0,0.0,-69.0
1777889988.2993324,-3.0,0.0,-77.0
1777889988.3093324,-1.0,2.0,-80.0
1777889988.3193324,0.0,4.0,-74.0
1777889988.3293324,-1.0,7.0,-72.0
1777889988.3403325,-2.0,1.0,-69.0
1777889988.3493323,0.0,2.0,-75.0
1777889988.3603325,-2.0,7.0,-76.0
1777889988.3693323,-3.0,5.0,-77.0
1777889988.3793323,1.0,7.0,-75.0
1777889988.3903325,4.0,0.0,-73.0
1777889988.4003325,5.0,1.0,-71.0
1777889988.4103324,4.0,2.0,-69.0
1777889988.4203324,0.0,-1.0,-70.0
1777889988.4303324,-4.0,-4.0,-75.0
1777889988.4403324,0.0,-5.0,-79.0
1777889988.4503324,1.0,-4.0,-78.0
1777889988.4603324,4.0,-1.0,-77.0
1777889988.4703324,5.0,0.0,-76.0
1777889988.4803324,3.0,0.0,-82.0
1777889988.4903324,1.0,2.0,-86.0
1777889988.5003324,-1.0,2.0,-85.0
1777889988.5103323,-1.0,1.0,-83.0
1777889988.5203323,-2.0,2.0,-85.0
1777889988.5303323,-1.0,1.0,-83.0
1777889988.5403323,-2.0,1.0,-80.0
1777889988.5503323,-1.0,-2.0,-77.0
1777889988.5603323,0.0,-2.0,-76.0
1777889988.5703323,1.0,-2.0,-77.0
1777889988.5803325,0.0,-2.0,-77.0
1777889988.5903325,1.0,1.0,-73.0
1777889988.6003325,-1.0,0.0,-67.0
1777889988.6103325,-5.0,-3.0,-65.0
1777889988.6203325,0.0,0.0,-66.0
1777889988.6303325,-1.0,0.0,-69.0
1777889988.6403325,-3.0,-2.0,-69.0
1777889988.6503325,-4.0,-6.0,-68.0
1777889988.6603324,-2.0,-6.0,-75.0
1777889988.6703324,2.0,-6.0,-69.0
1777889988.6803324,5.0,-4.0,-68.0
1777889988.6903324,5.0,-4.0,-64.0
1777889988.7003324,9.0,-1.0,-67.0
1777889988.7103324,7.0,-4.0,-70.0
1777889988.7203324,3.0,-3.0,-71.0
1777889988.7303324,4.0,-7.0,-73.0
1777889988.7403324,3.0,-3.0,-79.0
1777889988.7503324,-3.0,2.0,-78.0
1777889988.7603323,-9.0,1.0,-84.0
1777889988.7703323,-5.0,0.0,-84.0
1777889988.7803323,0.0,-2.0,-84.0
1777889988.7903323,3.0,-1.0,-85.0
1777889988.8003323,6.0,-1.0,-84.0
1777889988.8103323,6.0,1.0,-81.0
1777889988.8203323,1.0,0.0,-82.0
1777889988.8303325,1.0,0.0,-76.0
1777889988.8403325,-3.0,-3.0,-67.0
1777889988.8503325,-2.0,0.0,-72.0
1777889988.8603325,-1.0,-2.0,-80.0
1777889988.8703325,-1.0,-1.0,-81.0
1777889988.8803325,0.0,-1.0,-77.0
1777889988.8903325,-1.0,-5.0,-72.0
1777889988.9003325,-4.0,-6.0,-72.0
1777889988.9103324,-3.0,-3.0,-65.0
1777889988.9203324,0.0,-1.0,-68.0
1777889988.9303324,1.0,-6.0,-66.0
1777889988.9403324,4.0,-3.0,-71.0
1777889988.9503324,5.0,-6.0,-76.0
1777889988.9603324,4.0,-7.0,-73.0
1777889988.9703324,5.0,-3.0,-75.0
1777889988.9803324,4.0,-4.0,-70.0
1777889988.9903324,0.0,-3.0,-78.0
1777889989.0003324,0.0,-3.0,-77.0
1777889989.0103323,1.0,-1.0,-74.0
1777889989.0203323,1.0,-5.0,-80.0
1777889989.0303323,-2.0,-1.0,-86.0
1777889989.0403323,1.0,0.0,-90.0
1777889989.0503323,2.0,1.0,-84.0
1777889989.0603323,0.0,0.0,-84.0
1777889989.0703323,-1.0,0.0,-81.0
1777889989.0803325,0.0,-3.0,-78.0
1777889989.0903325,0.0,-5.0,-85.0
1777889989.1003325,1.0,-3.0,-84.0
1777889989.1103325,-2.0,-6.0,-82.0
1777889989.1203325,-3.0,-7.0,-81.0
1777889989.1303325,3.0,-5.0,-82.0
1777889989.1403325,4.0,-3.0,-81.0
1777889989.1503325,-1.0,-1.0,-80.0
1777889989.1603324,-3.0,-2.0,-74.0
1777889989.1703324,-4.0,-1.0,-67.0
1777889989.1803324,-4.0,-1.0,-70.0
1777889989.1903324,-7.0,0.0,-79.0
1777889989.2003324,-5.0,-3.0,-80.0
1777889989.2103324,-5.0,-1.0,-80.0
1777889989.2203324,-1.0,-1.0,-76.0
1777889989.2303324,2.0,-3.0,-82.0
1777889989.2403324,2.0,0.0,-82.0
1777889989.2503324,1.0,-3.0,-81.0
1777889989.2603323,6.0,-3.0,-81.0
1777889989.2703323,9.0,-4.0,-81.0
1777889989.2803323,7.0,-5.0,-83.0
1777889989.2903323,8.0,-5.0,-83.0
1777889989.3003323,7.0,0.0,-83.0
1777889989.3103323,7.0,0.0,-83.0
1777889989.3203323,7.0,-2.0,-85.0
1777889989.3303325,3.0,-2.0,-83.0
1777889989.3403325,-2.0,1.0,-81.0
1777889989.3503325,-3.0,2.0,-82.0
1777889989.3603325,-3.0,4.0,-77.0
1777889989.3703325,-1.0,3.0,-72.0
1777889989.3803325,-4.0,0.0,-75.0
1777889989.3903325,0.0,-3.0,-71.0
1777889989.4003325,3.0,-2.0,-75.0
1777889989.4103324,3.0,-2.0,-81.0
1777889989.4203324,3.0,-2.0,-81.0
1777889989.4303324,2.0,-7.0,-78.0
1777889989.4403324,0.0,-7.0,-78.0
1777889989.4503324,0.0,-6.0,-72.0
1777889989.4603324,0.0,-6.0,-75.0
1777889989.4703324,0.0,-4.0,-70.0
1777889989.4803324,-4.0,0.0,-76.0
1777889989.4903324,-6.0,-2.0,-78.0
1777889989.5003324,-7.0,0.0,-80.0
1777889989.5103323,-4.0,0.0,-83.0
1777889989.5203323,-1.0,-2.0,-76.0
1777889989.5303323,3.0,-3.0,-73.0
1777889989.5403323,0.0,-3.0,-72.0
1777889989.5503323,1.0,-2.0,-71.0
1777889989.5603323,1.0,-1.0,-75.0
1777889989.5703323,2.0,0.0,-77.0
1777889989.5803325,1.0,0.0,-81.0
1777889989.5903325,0.0,0.0,-76.0
1777889989.6003325,-1.0,2.0,-75.0
1777889989.6103325,-3.0,1.0,-78.0
1777889989.6203325,-4.0,1.0,-81.0
1777889989.6303325,-2.0,-2.0,-75.0
1777889989.6403325,-2.0,-2.0,-72.0
1777889989.6503325,-4.0,0.0,-70.0
1777889989.6603324,-5.0,0.0,-80.0
1777889989.6703324,-1.0,-1.0,-74.0
1777889989.6803324,0.0,-1.0,-75.0
1777889989.6903324,2.0,-1.0,-74.0
1777889989.7003324,0.0,-1.0,-72.0
1777889989.7103324,3.0,-1.0,-74.0
1777889989.7203324,6.0,-2.0,-72.0
1777889989.7303324,7.0,-3.0,-69.0
1777889989.7403324,6.0,-1.0,-73.0
1777889989.7503324,3.0,3.0,-69.0
1777889989.7603323,0.0,3.0,-66.0
1777889989.7703323,2.0,0.0,-68.0
1777889989.7803323,-2.0,-4.0,-71.0
1777889989.7903323,0.0,-2.0,-67.0
1777889989.8003323,1.0,-4.0,-61.0
1777889989.8103323,0.0,4.0,-61.0
1777889989.8203323,1.0,5.0,-58.0
1777889989.8303325,0.0,7.0,-61.0
1777889989.8403325,4.0,1.0,-64.0
1777889989.8503325,3.0,0.0,-64.0
1777889989.8603325,0.0,0.0,-60.0
1777889989.8703325,-1.0,-1.0,-66.0
1777889989.8803325,-4.0,0.0,-73.0
1777889989.8903325,-1.0,0.0,-75.0
1777889989.9003325,-2.0,-1.0,-74.0
1777889989.9103324,-2.0,-1.0,-73.0
1777889989.9203324,0.0,-5.0,-76.0
1777889989.9303324,0.0,-3.0,-77.0
1777889989.9403324,-3.0,0.0,-74.0
1777889989.9503324,2.0,1.0,-70.0
1777889989.9603324,3.0,0.0,-70.0
1777889989.9703324,3.0,1.0,-76.0
1777889989.9803324,2.0,0.0,-76.0
1777889989.9903324,1.0,1.0,-74.0
1777889990.0003324,-1.0,3.0,-78.0
1777889990.0103323,1.0,3.0,-74.0
1777889990.0203323,0.0,2.0,-78.0
1777889990.0303323,2.0,0.0,-77.0
1777889990.0403323,1.0,0.0,-78.0
1777889990.0503323,-4.0,0.0,-81.0
1777889990.0603323,0.0,0.0,-77.0
1777889990.0703323,4.0,-4.0,-72.0
1777889990.0803325,1.0,-4.0,-79.0
1777889990.0903325,-1.0,-6.0,-79.0
1777889990.1003325,0.0,-6.0,-79.0
1777889990.1103325,-2.0,-4.0,-81.0
1777889990.1203325,-4.0,-1.0,-79.0
1777889990.1303325,-2.0,0.0,-78.0
1777889990.1403325,1.0,0.0,-74.0
1777889990.1503325,4.0,3.0,-78.0
1777889990.1603324,1.0,-1.0,-81.0
1777889990.1703324,3.0,0.0,-84.0
1777889990.1803324,4.0,1.0,-84.0
1777889990.1903324,7.0,-3.0,-85.0
1777889990.2003324,7.0,-5.0,-85.0
1777889990.2103324,1.0,-1.0,-85.0
1777889990.2203324,2.0,-1.0,-78.0
1777889990.2303324,0.0,-1.0,-75.0
1777889990.2403324,-1.0,-2.0,-77.0
1777889990.2503324,-1.0,-2.0,-83.0
1777889990.2603323,2.0,-2.0,-80.0
1777889990.2703323,3.0,-6.0,-76.0
1777889990.2803323,5.0,-7.0,-78.0
1777889990.2903323,4.0,-7.0,-76.0
1777889990.3003323,-2.0,-3.0,-73.0
1777889990.3103323,4.0,-3.0,-72.0
1777889990.3203323,4.0,-5.0,-63.0
1777889990.3313324,3.0,-4.0,-65.0
1777889990.3403325,2.0,-2.0,-66.0
1777889990.3503325,0.0,-2.0,-69.0
1777889990.3613324,0.0,-2.0,-67.0
1777889990.3713324,2.0,-1.0,-71.0
1777889990.3813324,3.0,-3.0,-70.0
1777889990.3913324,-1.0,-7.0,-70.0
1777889990.4013324,0.0,-6.0,-75.0
1777889990.4113324,-1.0,1.0,-69.0
1777889990.4213324,0.0,1.0,-69.0
1777889990.4313323,-2.0,-2.0,-73.0
1777889990.4413323,0.0,-2.0,-77.0
1777889990.4513323,1.0,-2.0,-78.0
1777889990.4613323,0.0,-5.0,-72.0
1777889990.4713323,-2.0,-5.0,-72.0
1777889990.4813323,-4.0,-1.0,-72.0
1777889990.4913323,-3.0,0.0,-73.0
1777889990.5013323,-1.0,0.0,-80.0
1777889990.5113325,-2.0,1.0,-80.0
1777889990.5213325,-1.0,0.0,-79.0
1777889990.5313325,1.0,0.0,-78.0
1777889990.5413325,-3.0,-4.0,-74.0
1777889990.5513325,0.0,-6.0,-87.0
1777889990.5613325,3.0,-6.0,-84.0
1777889990.5713325,-1.0,-4.0,-84.0
1777889990.5813324,-2.0,0.0,-93.0
1777889990.5913324,0.0,5.0,-89.0
1777889990.6013324,2.0,3.0,-83.0
1777889990.6113324,3.0,4.0,-83.0
1777889990.6213324,3.0,3.0,-80.0
1777889990.6313324,4.0,2.0,-82.0
1777889990.6413324,4.0,-2.0,-79.0
1777889990.6513324,2.0,-3.0,-77.0
1777889990.6613324,0.0,-5.0,-76.0
1777889990.6713324,0.0,-5.0,-79.0
1777889990.6813323,-3.0,-1.0,-78.0
1777889990.6913323,-2.0,-2.0,-78.0
1777889990.7013323,-1.0,0.0,-73.0
1777889990.7113323,0.0,4.0,-79.0
1777889990.7213323,0.0,3.0,-81.0
1777889990.7313323,1.0,3.0,-79.0
1777889990.7413323,-3.0,0.0,-78.0
1777889990.7513323,-3.0,-4.0,-80.0
1777889990.7613325,0.0,-1.0,-81.0
1777889990.7713325,3.0,-3.0,-82.0
1777889990.7813325,0.0,-5.0,-81.0
1777889990.7913325,-4.0,-3.0,-81.0
1777889990.8013325,1.0,1.0,-80.0
1777889990.8113325,3.0,0.0,-79.0
1777889990.8213325,3.0,-3.0,-78.0
1777889990.8313324,4.0,-1.0,-78.0
1777889990.8413324,4.0,0.0,-74.0
1777889990.8513324,-1.0,0.0,-74.0
1777889990.8613324,-4.0,1.0,-75.0
1777889990.8713324,-3.0,1.0,-73.0
1777889990.8813324,-7.0,-2.0,-73.0
1777889990.8913324,-7.0,-2.0,-71.0
1777889990.9013324,-1.0,-4.0,-73.0
1777889990.9113324,-4.0,-7.0,-74.0
1777889990.9213324,-5.0,-6.0,-65.0
1777889990.9313323,0.0,-3.0,-64.0
1777889990.9413323,-3.0,1.0,-67.0
1777889990.9513323,3.0,7.0,-78.0
1777889990.9613323,5.0,6.0,-74.0
1777889990.9713323,3.0,8.0,-75.0
1777889990.9813323,4.0,6.0,-68.0
1777889990.9913323,2.0,6.0,-75.0
1777889991.0013323,4.0,5.0,-78.0
1777889991.0113325,1.0,1.0,-78.0
1777889991.0213325,-1.0,0.0,-72.0
1777889991.0313325,-1.0,-1.0,-71.0
1777889991.0413325,-2.0,-1.0,-63.0
1777889991.0513325,-1.0,-4.0,-69.0
1777889991.0613325,-1.0,-6.0,-77.0
1777889991.0713325,1.0,-2.0,-79.0
1777889991.0813324,0.0,3.0,-77.0
1777889991.0913324,3.0,3.0,-74.0
1777889991.1013324,6.0,5.0,-76.0
1777889991.1113324,10.0,2.0,-81.0
1777889991.1213324,4.0,1.0,-78.0
1777889991.1313324,5.0,0.0,-80.0
1777889991.1413324,0.0,0.0,-72.0
1777889991.1513324,-1.0,2.0,-71.0
1777889991.1613324,0.0,1.0,-75.0
1777889991.1713324,0.0,1.0,-71.0
1777889991.1813323,0.0,0.0,-67.0
1777889991.1913323,-4.0,-2.0,-71.0
1777889991.2013323,-4.0,-1.0,-78.0
1777889991.2113323,-4.0,-4.0,-83.0
1777889991.2213323,-6.0,-2.0,-82.0
1777889991.2313323,-5.0,1.0,-79.0
1777889991.2413323,0.0,1.0,-69.0
1777889991.2513323,3.0,1.0,-66.0
1777889991.2613325,1.0,0.0,-69.0
1777889991.2713325,5.0,-2.0,-72.0
1777889991.2813325,5.0,-6.0,-80.0
1777889991.2913325,5.0,-4.0,-86.0
1777889991.3013325,2.0,-3.0,-85.0
1777889991.3113325,-1.0,-2.0,-83.0
1777889991.3213325,0.0,0.0,-79.0
1777889991.3313324,2.0,0.0,-82.0
1777889991.3413324,-4.0,0.0,-80.0
1777889991.3513324,-4.0,1.0,-78.0
1777889991.3613324,-2.0,0.0,-81.0
1777889991.3713324,-1.0,1.0,-76.0
1777889991.3813324,-1.0,-2.0,-70.0
1777889991.3913324,1.0,-3.0,-64.0
1777889991.4013324,3.0,-3.0,-70.0
1777889991.4113324,5.0,-1.0,-66.0
1777889991.4213324,0.0,0.0,-64.0
1777889991.4313323,0.0,-2.0,-64.0
1777889991.4413323,0.0,-5.0,-69.0
1777889991.4513323,0.0,-3.0,-70.0
1777889991.4613323,-4.0,-1.0,-66.0
1777889991.4713323,-7.0,-1.0,-66.0
1777889991.4813323,-4.0,0.0,-70.0
1777889991.4913323,-1.0,2.0,-74.0
1777889991.5013323,0.0,1.0,-73.0
1777889991.5113325,-4.0,-3.0,-74.0
1777889991.5213325,-6.0,-4.0,-69.0
1777889991.5313325,-3.0,-6.0,-67.0
1777889991.5413325,-1.0,-3.0,-65.0
1777889991.5513325,-4.0,-1.0,-64.0
1777889991.5613325,5.0,-2.0,-61.0
1777889991.5713325,7.0,-2.0,-62.0
1777889991.5813324,9.0,-1.0,-63.0
1777889991.5913324,7.0,0.0,-67.0
1777889991.6013324,4.0,-2.0,-68.0
1777889991.6113324,3.0,-3.0,-69.0
1777889991.6213324,0.0,-1.0,-70.0
1777889991.6313324,-4.0,-2.0,-73.0
1777889991.6413324,-3.0,-4.0,-75.0
1777889991.6513324,-5.0,-7.0,-69.0
1777889991.6613324,-5.0,-5.0,-74.0
1777889991.6713324,-1.0,-2.0,-63.0
1777889991.6813323,0.0,-1.0,-65.0
1777889991.6913323,1.0,0.0,-80.0
1777889991.7013323,-1.0,2.0,-76.0
1777889991.7113323,-2.0,-1.0,-75.0
1777889991.7213323,2.0,-4.0,-77.0
1777889991.7313323,1.0,-4.0,-73.0
1777889991.7413323,0.0,-1.0,-74.0
1777889991.7513323,4.0,-2.0,-74.0
1777889991.7613325,7.0,-3.0,-69.0
1777889991.7713325,2.0,0.0,-70.0
1777889991.7813325,-2.0,-1.0,-69.0
1777889991.7913325,0.0,-3.0,-67.0
1777889991.8013325,0.0,-6.0,-71.0
1777889991.8113325,2.0,-8.0,-71.0
1777889991.8213325,5.0,-4.0,-71.0
1777889991.8313324,7.0,-3.0,-74.0
1777889991.8413324,6.0,-5.0,-73.0
1777889991.8513324,1.0,-2.0,-68.0
1777889991.8613324,4.0,0.0,-66.0
1777889991.8713324,4.0,1.0,-67.0
1777889991.8813324,0.0,-3.0,-71.0
1777889991.8913324,1.0,-1.0,-66.0
1777889991.9013324,-1.0,0.0,-66.0
1777889991.9113324,1.0,3.0,-68.0
1777889991.9213324,8.0,4.0,-67.0
1777889991.9313323,4.0,4.0,-74.0
1777889991.9413323,0.0,4.0,-75.0
1777889991.9513323,-5.0,4.0,-59.0
1777889991.9613323,-1.0,6.0,-62.0
1777889991.9713323,0.0,5.0,-62.0
1777889991.9813323,-4.0,2.0,-65.0
1777889991.9913323,-7.0,0.0,-67.0
1777889992.0013323,-3.0,1.0,-68.0
1777889992.0113325,-3.0,0.0,-66.0
1777889992.0213325,-3.0,0.0,-72.0
1777889992.0313325,-2.0,-3.0,-82.0
1777889992.0413325,0.0,0.0,-85.0
1777889992.0513325,2.0,0.0,-86.0
1777889992.0613325,5.0,0.0,-83.0
1777889992.0713325,2.0,5.0,-78.0
1777889992.0813324,7.0,3.0,-74.0
1777889992.0913324,10.0,2.0,-66.0
1777889992.1013324,10.0,1.0,-68.0
1777889992.1113324,7.0,-2.0,-65.0
1777889992.1213324,10.0,-3.0,-67.0
1777889992.1313324,5.0,-6.0,-69.0
1777889992.1413324,1.0,-4.0,-74.0
1777889992.1513324,-3.0,0.0,-72.0
1777889992.1613324,-6.0,-1.0,-69.0
1777889992.1713324,-9.0,-4.0,-68.0
1777889992.1813323,-14.0,0.0,-63.0
1777889992.1913323,-12.0,-3.0,-66.0
1777889992.2013323,-10.0,-3.0,-68.0
1777889992.2113323,-8.0,-3.0,-67.0
1777889992.2213323,-9.0,-4.0,-68.0
1777889992.2313323,-6.0,-5.0,-73.0
1777889992.2413323,-7.0,-2.0,-68.0
1777889992.2513323,-5.0,-1.0,-69.0
1777889992.2613325,-4.0,1.0,-72.0
1777889992.2713325,-1.0,4.0,-79.0
1777889992.2813325,0.0,2.0,-77.0
1777889992.2913325,4.0,2.0,-76.0
1777889992.3013325,5.0,2.0,-80.0
1777889992.3113325,3.0,8.0,-83.0
1777889992.3223324,6.0,5.0,-79.0
1777889992.3313324,7.0,0.0,-73.0
1777889992.3413324,7.0,3.0,-75.0
1777889992.3523324,5.0,2.0,-82.0
1777889992.3623323,0.0,-2.0,-88.0
1777889992.3723323,1.0,-2.0,-85.0
1777889992.3823323,2.0,0.0,-83.0
1777889992.3923323,3.0,0.0,-75.0
1777889992.4023323,1.0,1.0,-68.0
1777889992.4123323,0.0,4.0,-71.0
1777889992.4223323,7.0,6.0,-77.0
1777889992.4323325,4.0,5.0,-74.0
1777889992.4423325,7.0,8.0,-74.0
1777889992.4523325,6.0,4.0,-74.0
1777889992.4623325,9.0,0.0,-75.0
1777889992.4723325,8.0,-1.0,-76.0
1777889992.4823325,8.0,0.0,-80.0
1777889992.4923325,5.0,-2.0,-84.0
1777889992.5023324,7.0,-2.0,-83.0
1777889992.5123324,2.0,-3.0,-80.0
1777889992.5223324,-4.0,-4.0,-84.0
1777889992.5323324,-1.0,-5.0,-83.0
1777889992.5423324,1.0,-3.0,-81.0
1777889992.5523324,2.0,-4.0,-75.0
1777889992.5623324,0.0,-9.0,-79.0
1777889992.5723324,-5.0,-8.0,-80.0
1777889992.5823324,-5.0,-10.0,-81.0
1777889992.5923324,-4.0,-10.0,-76.0
1777889992.6023324,-4.0,-8.0,-70.0
1777889992.6123323,-4.0,-7.0,-68.0
1777889992.6223323,-7.0,-8.0,-66.0
1777889992.6323323,-6.0,-2.0,-66.0
1777889992.6423323,0.0,-2.0,-70.0
1777889992.6523323,4.0,-2.0,-80.0
1777889992.6623323,3.0,0.0,-79.0
1777889992.6723323,5.0,0.0,-83.0
1777889992.6823325,3.0,6.0,-84.0
1777889992.6923325,2.0,7.0,-84.0
1777889992.7023325,-2.0,7.0,-77.0
1777889992.7123325,-3.0,5.0,-74.0
1777889992.7223325,-4.0,4.0,-71.0
1777889992.7323325,-4.0,2.0,-71.0
1777889992.7423325,-3.0,0.0,-64.0
1777889992.7523324,-4.0,1.0,-66.0
1777889992.7623324,-2.0,-4.0,-69.0
1777889992.7723324,0.0,-2.0,-69.0
1777889992.7823324,0.0,-2.0,-66.0
1777889992.7923324,2.0,-1.0,-62.0
1777889992.8023324,2.0,3.0,-71.0
1777889992.8123324,2.0,4.0,-76.0
1777889992.8223324,3.0,3.0,-79.0
1777889992.8323324,3.0,2.0,-76.0
1777889992.8423324,0.0,0.0,-72.0
1777889992.8523324,1.0,1.0,-72.0
1777889992.8623323,0.0,4.0,-65.0
1777889992.8723323,1.0,2.0,-66.0
1777889992.8823323,-1.0,0.0,-66.0
1777889992.8923323,0.0,1.0,-63.0
1777889992.9023323,-3.0,0.0,-68.0
1777889992.9123323,-6.0,-5.0,-67.0
1777889992.9223323,-3.0,-5.0,-69.0
1777889992.9323325,0.0,-1.0,-73.0
1777889992.9423325,0.0,-1.0,-70.0
1777889992.9523325,0.0,-1.0,-71.0
1777889992.9623325,0.0,0.0,-69.0
1777889992.9723325,2.0,0.0,-76.0
1777889992.9823325,4.0,1.0,-75.0
1777889992.9923325,1.0,0.0,-80.0
1777889993.0023324,1.0,0.0,-75.0
1777889993.0123324,0.0,0.0,-70.0
1777889993.0223324,0.0,-1.0,-75.0
1777889993.0323324,0.0,2.0,-77.0
1777889993.0423324,6.0,4.0,-77.0
1777889993.0523324,7.0,5.0,-78.0
1777889993.0623324,8.0,1.0,-77.0
1777889993.0723324,7.0,-1.0,-73.0
1777889993.0823324,4.0,0.0,-72.0
1777889993.0923324,5.0,-1.0,-67.0
1777889993.1023324,2.0,0.0,-74.0
1777889993.1123323,0.0,5.0,-73.0
1777889993.1223323,-3.0,-3.0,-69.0
1777889993.1323323,-2.0,-1.0,-71.0
1777889993.1423323,-4.0,-3.0,-67.0
1777889993.1523323,-2.0,-5.0,-72.0
1777889993.1623323,-2.0,-3.0,-73.0
1777889993.1723323,-2.0,-4.0,-77.0
1777889993.1823325,-1.0,-6.0,-77.0
1777889993.1923325,0.0,-2.0,-79.0
1777889993.2023325,-2.0,0.0,-79.0
1777889993.2123325,0.0,0.0,-76.0
1777889993.2223325,2.0,-4.0,-77.0
1777889993.2323325,7.0,-4.0,-76.0
1777889993.2423325,6.0,-3.0,-76.0
1777889993.2523324,10.0,-1.0,-72.0
1777889993.2623324,10.0,1.0,-71.0
1777889993.2723324,12.0,-4.0,-69.0
1777889993.2823324,9.0,-1.0,-67.0
1777889993.2923324,8.0,0.0,-61.0
1777889993.3023324,3.0,-3.0,-64.0
1777889993.3123324,7.0,0.0,-63.0
1777889993.3223324,3.0,2.0,-66.0
1777889993.3323324,1.0,2.0,-65.0
1777889993.3423324,1.0,0.0,-64.0
1777889993.3523324,0.0,0.0,-63.0
1777889993.3623323,-3.0,-1.0,-73.0
1777889993.3723323,-10.0,1.0,-74.0
1777889993.3823323,-13.0,0.0,-68.0
1777889993.3923323,-12.0,-2.0,-71.0
1777889993.4023323,-9.0,0.0,-76.0
1777889993.4123323,-3.0,1.0,-78.0
1777889993.4223323,-5.0,0.0,-79.0
1777889993.4323325,-4.0,0.0,-73.0
1777889993.4423325,0.0,-1.0,-69.0
1777889993.4523325,0.0,-1.0,-68.0
1777889993.4623325,1.0,-3.0,-72.0
1777889993.4723325,0.0,-4.0,-71.0
1777889993.4823325,-2.0,-5.0,-66.0
1777889993.4923325,-2.0,-9.0,-63.0
1777889993.5023324,0.0,-11.0,-57.0
1777889993.5123324,9.0,-9.0,-62.0
1777889993.5223324,8.0,-2.0,-60.0
1777889993.5323324,0.0,-1.0,-61.0
1777889993.5423324,-1.0,-1.0,-70.0
1777889993.5523324,0.0,0.0,-69.0
1777889993.5623324,1.0,1.0,-63.0
1777889993.5723324,3.0,1.0,-55.0
1777889993.5823324,3.0,0.0,-59.0
1777889993.5923324,3.0,0.0,-64.0
1777889993.6023324,1.0,-1.0,-65.0
1777889993.6123323,5.0,-3.0,-64.0
1777889993.6223323,4.0,-4.0,-67.0
1777889993.6323323,2.0,-4.0,-67.0
1777889993.6423323,3.0,0.0,-65.0
1777889993.6523323,3.0,0.0,-65.0
1777889993.6623323,1.0,4.0,-69.0
1777889993.6723323,0.0,3.0,-68.0
1777889993.6823325,-1.0,2.0,-66.0
1777889993.6923325,1.0,0.0,-70.0
1777889993.7023325,3.0,0.0,-77.0
1777889993.7123325,5.0,-1.0,-77.0
1777889993.7223325,8.0,0.0,-74.0
1777889993.7323325,4.0,-1.0,-72.0
1777889993.7423325,2.0,-1.0,-70.0
1777889993.7523324,2.0,0.0,-69.0
1777889993.7623324,1.0,1.0,-76.0
1777889993.7723324,6.0,4.0,-86.0
1777889993.7823324,3.0,5.0,-84.0
1777889993.7923324,4.0,4.0,-77.0
1777889993.8023324,1.0,0.0,-74.0
1777889993.8123324,1.0,0.0,-72.0
1777889993.8223324,-6.0,0.0,-71.0
1777889993.8323324,-9.0,6.0,-71.0
1777889993.8423324,-5.0,3.0,-72.0
1777889993.8523324,-3.0,3.0,-78.0
1777889993.8623323,-5.0,2.0,-80.0
1777889993.8723323,-4.0,2.0,-78.0
1777889993.8823323,0.0,5.0,-82.0
1777889993.8923323,3.0,6.0,-81.0
1777889993.9023323,0.0,2.0,-76.0
1777889993.9123323,-5.0,2.0,-72.0
1777889993.9223323,-7.0,3.0,-72.0
1777889993.9323325,-3.0,1.0,-67.0
1777889993.9423325,-3.0,2.0,-66.0
1777889993.9523325,-4.0,2.0,-69.0
1777889993.9623325,-5.0,2.0,-75.0
1777889993.9723325,-7.0,5.0,-69.0
1777889993.9823325,-5.0,1.0,-72.0
1777889993.9923325,-8.0,3.0,-76.0
1777889994.0023324,-4.0,4.0,-75.0
1777889994.0123324,-2.0,1.0,-73.0
1777889994.0223324,-2.0,-2.0,-76.0
1777889994.0323324,-1.0,-1.0,-75.0
1777889994.0423324,-2.0,-1.0,-79.0
1777889994.0523324,1.0,1.0,-74.0
1777889994.0623324,0.0,2.0,-77.0
1777889994.0723324,-4.0,-1.0,-76.0
1777889994.0823324,-1.0,0.0,-76.0
1777889994.0923324,-3.0,1.0,-81.0
1777889994.1023324,-5.0,3.0,-84.0
1777889994.1123323,0.0,4.0,-81.0
1777889994.1223323,-1.0,-1.0,-83.0
1777889994.1323323,0.0,-3.0,-80.0
1777889994.1423323,0.0,-2.0,-80.0
1777889994.1523323,-1.0,-4.0,-76.0
1777889994.1623323,-2.0,-4.0,-82.0
1777889994.1723323,-3.0,-4.0,-82.0
1777889994.1823325,-1.0,-2.0,-81.0
1777889994.1923325,-2.0,-3.0,-82.0
1777889994.2023325,-3.0,0.0,-78.0
1777889994.2123325,-3.0,1.0,-80.0
1777889994.2223325,-1.0,-1.0,-78.0
1777889994.2323325,0.0,-1.0,-73.0
1777889994.2423325,0.0,-2.0,-65.0
1777889994.2523324,0.0,0.0,-76.0
1777889994.2623324,0.0,0.0,-82.0
1777889994.2723324,-3.0,-3.0,-86.0
1777889994.2823324,-3.0,0.0,-75.0
1777889994.2933323,-2.0,3.0,-79.0
1777889994.3033323,-4.0,3.0,-87.0
1777889994.3133323,-5.0,2.0,-90.0
1777889994.3223324,-8.0,0.0,-89.0
1777889994.3333323,-7.0,-1.0,-81.0
1777889994.3433323,-3.0,-1.0,-80.0
1777889994.3533323,-2.0,0.0,-82.0
1777889994.3633325,-3.0,2.0,-91.0
1777889994.3733325,-1.0,0.0,-90.0
1777889994.3833325,-1.0,0.0,-89.0
1777889994.3933325,-4.0,0.0,-84.0
1777889994.4033325,-8.0,-4.0,-85.0
1777889994.4133325,-4.0,-5.0,-78.0
1777889994.4233325,-5.0,-3.0,-73.0
1777889994.4333324,1.0,0.0,-75.0
1777889994.4433324,0.0,0.0,-77.0
1777889994.4533324,6.0,0.0,-79.0
1777889994.4633324,8.0,1.0,-81.0
1777889994.4733324,10.0,1.0,-88.0
1777889994.4833324,9.0,-1.0,-87.0
1777889994.4933324,3.0,-6.0,-90.0
1777889994.5033324,0.0,-10.0,-84.0
1777889994.5133324,1.0,-4.0,-79.0
1777889994.5233324,1.0,-5.0,-68.0
1777889994.5333323,0.0,-3.0,-61.0
1777889994.5433323,2.0,0.0,-64.0
1777889994.5533323,1.0,0.0,-62.0
1777889994.5633323,3.0,3.0,-61.0
1777889994.5733323,2.0,1.0,-65.0
1777889994.5833323,1.0,0.0,-67.0
1777889994.5933323,6.0,-4.0,-70.0
1777889994.6033323,6.0,-3.0,-73.0
1777889994.6133325,8.0,-1.0,-71.0
1777889994.6233325,3.0,1.0,-69.0
1777889994.6333325,1.0,-2.0,-72.0
1777889994.6433325,0.0,0.0,-69.0
1777889994.6533325,-3.0,0.0,-72.0
1777889994.6633325,-1.0,1.0,-71.0
1777889994.6733325,-3.0,5.0,-69.0
1777889994.6833324,1.0,7.0,-71.0
1777889994.6933324,1.0,11.0,-75.0
1777889994.7033324,1.0,10.0,-73.0
1777889994.7133324,3.0,8.0,-72.0
1777889994.7233324,2.0,12.0,-74.0
1777889994.7333324,3.0,5.0,-85.0
1777889994.7433324,7.0,2.0,-79.0
1777889994.7533324,8.0,3.0,-77.0
1777889994.7633324,2.0,1.0,-75.0
1777889994.7733324,0.0,6.0,-71.0
1777889994.7833323,4.0,6.0,-71.0
1777889994.7933323,7.0,3.0,-74.0
1777889994.8033323,8.0,1.0,-81.0
1777889994.8133323,6.0,2.0,-84.0
1777889994.8233323,6.0,0.0,-90.0
1777889994.8333323,5.0,0.0,-85.0
1777889994.8433323,4.0,-2.0,-83.0
1777889994.8533323,7.0,-3.0,-80.0
1777889994.8633325,5.0,-6.0,-78.0
1777889994.8733325,3.0,-3.0,-77.0
1777889994.8833325,2.0,-5.0,-76.0
1777889994.8933325,-1.0,-4.0,-73.0
1777889994.9033325,0.0,-7.0,-73.0
1777889994.9133325,-1.0,-9.0,-71.0
1777889994.9233325,-6.0,-9.0,-73.0
1777889994.9333324,-6.0,-6.0,-76.0
1777889994.9433324,-3.0,-6.0,-77.0
1777889994.9533324,-4.0,-9.0,-75.0
1777889994.9633324,-2.0,-7.0,-78.0
1777889994.9733324,-6.0,-4.0,-74.0
1777889994.9833324,-7.0,-4.0,-76.0
1777889994.9933324,-10.0,-1.0,-79.0
1777889995.0033324,-7.0,-1.0,-74.0
1777889995.0133324,-6.0,-2.0,-71.0
1777889995.0233324,-8.0,-5.0,-70.0
1777889995.0333323,-7.0,-2.0,-68.0
1777889995.0433323,-1.0,2.0,-77.0
1777889995.0533323,-1.0,1.0,-77.0
1777889995.0633323,-1.0,-2.0,-79.0
1777889995.0733323,-5.0,4.0,-70.0
1777889995.0833323,-1.0,1.0,-69.0
1777889995.0933323,-2.0,-3.0,-70.0
1777889995.1033323,-3.0,0.0,-72.0
1777889995.1133325,-4.0,2.0,-77.0
1777889995.1233325,-2.0,0.0,-78.0
1777889995.1333325,-1.0,-3.0,-72.0
1777889995.1433325,0.0,-4.0,-72.0
1777889995.1533325,0.0,-5.0,-77.0
1777889995.1633325,-5.0,-8.0,-84.0
1777889995.1733325,-7.0,-11.0,-83.0
1777889995.1833324,-4.0,-9.0,-83.0
1777889995.1933324,-2.0,-9.0,-79.0
1777889995.2033324,-1.0,-7.0,-83.0
1777889995.2133324,-3.0,-8.0,-84.0
1777889995.2233324,-1.0,-6.0,-80.0
1777889995.2333324,0.0,-5.0,-77.0
1777889995.2433324,0.0,-5.0,-80.0
1777889995.2533324,-1.0,-4.0,-88.0
1777889995.2633324,-3.0,-5.0,-88.0
1777889995.2733324,-4.0,-3.0,-82.0
1777889995.2833323,1.0,-1.0,-78.0
1777889995.2933323,6.0,-4.0,-79.0
1777889995.3033323,6.0,-7.0,-77.0
1777889995.3133323,7.0,-5.0,-77.0
1777889995.3233323,13.0,-8.0,-75.0
1777889995.3333323,13.0,-9.0,-78.0
1777889995.3433323,10.0,-7.0,-82.0
1777889995.3533323,8.0,-4.0,-76.0
1777889995.3633325,6.0,1.0,-73.0
1777889995.3733325,4.0,3.0,-69.0
1777889995.3833325,2.0,0.0,-73.0
1777889995.3933325,5.0,-4.0,-80.0
1777889995.4033325,2.0,-2.0,-74.0
1777889995.4133325,5.0,0.0,-71.0
1777889995.4233325,5.0,0.0,-69.0
1777889995.4333324,2.0,1.0,-74.0
1777889995.4433324,3.0,0.0,-73.0
1777889995.4533324,3.0,0.0,-71.0
1777889995.4633324,5.0,1.0,-71.0
1777889995.4733324,3.0,3.0,-70.0
1777889995.4833324,-1.0,2.0,-72.0
1777889995.4933324,-3.0,3.0,-73.0
1777889995.5033324,-5.0,0.0,-69.0
1777889995.5133324,1.0,3.0,-59.0
1777889995.5233324,7.0,1.0,-61.0
1777889995.5333323,4.0,0.0,-62.0
1777889995.5433323,5.0,0.0,-64.0
1777889995.5533323,3.0,-3.0,-67.0
1777889995.5633323,2.0,-1.0,-62.0
1777889995.5733323,0.0,-6.0,-64.0
1777889995.5833323,2.0,-5.0,-59.0
1777889995.5943325,3.0,-4.0,-58.0
1777889995.6033323,3.0,-2.0,-61.0
1777889995.6133325,3.0,-4.0,-64.0
1777889995.6233325,3.0,-4.0,-67.0
1777889995.6333325,1.0,-7.0,-72.0
1777889995.6433325,4.0,-3.0,-78.0
1777889995.6533325,5.0,-4.0,-83.0
1777889995.6633325,3.0,-5.0,-78.0
1777889995.6733325,3.0,-2.0,-76.0
1777889995.6833324,5.0,2.0,-75.0
1777889995.6933324,4.0,0.0,-73.0
1777889995.7033324,-2.0,-1.0,-75.0
1777889995.7133324,-3.0,-3.0,-77.0
1777889995.7233324,-2.0,-2.0,-83.0
1777889995.7333324,0.0,-2.0,-84.0
1777889995.7433324,3.0,-1.0,-81.0
1777889995.7533324,4.0,-3.0,-78.0
1777889995.7633324,2.0,-4.0,-76.0
1777889995.7733324,0.0,-4.0,-71.0
1777889995.7833323,1.0,-4.0,-74.0
1777889995.7933323,3.0,-5.0,-81.0
1777889995.8033323,4.0,-3.0,-81.0
1777889995.8133323,9.0,-5.0,-80.0
1777889995.8233323,12.0,-4.0,-78.0
1777889995.8333323,11.0,0.0,-82.0
1777889995.8433323,10.0,-2.0,-75.0
1777889995.8533323,12.0,-1.0,-71.0
1777889995.8633325,8.0,0.0,-75.0
1777889995.8733325,9.0,-3.0,-82.0
1777889995.8833325,6.0,-4.0,-84.0
1777889995.8933325,4.0,0.0,-84.0
1777889995.9033325,0.0,-3.0,-84.0
1777889995.9133325,-3.0,-4.0,-87.0
1777889995.9233325,-7.0,-3.0,-86.0
1777889995.9333324,-9.0,0.0,-84.0
1777889995.9433324,-7.0,1.0,-81.0
1777889995.9533324,-3.0,1.0,-74.0
1777889995.9633324,-2.0,1.0,-66.0
1777889995.9733324,0.0,0.0,-72.0
1777889995.9833324,0.0,-1.0,-76.0
1777889995.9933324,-1.0,0.0,-76.0
1777889996.0033324,-3.0,-6.0,-71.0
1777889996.0133324,2.0,-6.0,-70.0
1777889996.0233324,0.0,-5.0,-75.0
1777889996.0333323,-5.0,-10.0,-72.0
1777889996.0433323,-3.0,-10.0,-74.0
1777889996.0533323,-3.0,-2.0,-71.0
1777889996.0633323,-4.0,0.0,-77.0
1777889996.0733323,-2.0,1.0,-85.0
1777889996.0833323,-3.0,1.0,-87.0
1777889996.0933323,-3.0,-3.0,-82.0
1777889996.1033323,0.0,-5.0,-80.0
1777889996.1133325,3.0,-6.0,-74.0
1777889996.1233325,9.0,-11.0,-74.0
1777889996.1333325,11.0,-6.0,-73.0
1777889996.1433325,11.0,-5.0,-65.0
1777889996.1533325,9.0,-2.0,-69.0
1777889996.1633325,1.0,-1.0,-69.0
1777889996.1733325,-1.0,0.0,-68.0
1777889996.1833324,3.0,0.0,-60.0
1777889996.1933324,6.0,-1.0,-62.0
1777889996.2033324,4.0,-4.0,-67.0
1777889996.2133324,0.0,-5.0,-66.0
1777889996.2233324,1.0,-7.0,-71.0
1777889996.2333324,2.0,-8.0,-70.0
1777889996.2433324,3.0,-7.0,-73.0
1777889996.2533324,2.0,-6.0,-69.0
1777889996.2643323,1.0,-5.0,-69.0
1777889996.2733324,-2.0,-6.0,-70.0
1777889996.2843325,0.0,-1.0,-73.0
1777889996.2933323,-1.0,-3.0,-68.0
1777889996.3043325,-3.0,-7.0,-71.0
1777889996.3143325,0.0,-8.0,-68.0
1777889996.3243325,0.0,-7.0,-70.0
1777889996.3343325,3.0,-4.0,-71.0
1777889996.3443325,0.0,2.0,-76.0
1777889996.3543324,-1.0,4.0,-77.0
1777889996.3643324,0.0,-1.0,-80.0
1777889996.3743324,0.0,-6.0,-78.0
1777889996.3843324,5.0,-7.0,-75.0
1777889996.3943324,1.0,-1.0,-79.0
1777889996.4043324,1.0,2.0,-79.0
1777889996.4143324,2.0,0.0,-85.0
1777889996.4243324,4.0,-1.0,-87.0
1777889996.4343324,3.0,-7.0,-87.0
1777889996.4443324,5.0,-10.0,-80.0
1777889996.4543324,6.0,-7.0,-73.0
1777889996.4643323,9.0,-3.0,-73.0
1777889996.4743323,7.0,-5.0,-81.0
1777889996.4843323,8.0,-4.0,-81.0
1777889996.4943323,7.0,-4.0,-77.0
1777889996.5043323,3.0,-8.0,-79.0
1777889996.5143323,7.0,-5.0,-71.0
1777889996.5243323,7.0,-3.0,-71.0
1777889996.5343325,4.0,-5.0,-74.0
1777889996.5443325,0.0,-2.0,-80.0
1777889996.5543325,-1.0,0.0,-79.0
1777889996.5643325,4.0,0.0,-71.0
1777889996.5743325,6.0,0.0,-72.0
1777889996.5843325,3.0,2.0,-74.0
1777889996.5943325,6.0,2.0,-79.0
1777889996.6043324,12.0,5.0,-78.0
1777889996.6143324,12.0,-1.0,-74.0
1777889996.6243324,7.0,0.0,-79.0
1777889996.6343324,4.0,1.0,-79.0
1777889996.6443324,1.0,2.0,-71.0
1777889996.6543324,-1.0,0.0,-67.0
1777889996.6643324,-2.0,-1.0,-68.0
1777889996.6743324,-6.0,-2.0,-73.0
1777889996.6843324,-8.0,-5.0,-81.0
1777889996.6943324,-4.0,-4.0,-85.0
1777889996.7043324,-2.0,-11.0,-85.0
1777889996.7143323,-1.0,-5.0,-90.0
1777889996.7243323,-1.0,1.0,-92.0
1777889996.7343323,1.0,-2.0,-88.0
1777889996.7443323,5.0,-2.0,-76.0
1777889996.7543323,4.0,-1.0,-74.0
1777889996.7643323,6.0,1.0,-71.0
1777889996.7743323,8.0,3.0,-74.0
1777889996.7843325,5.0,2.0,-71.0
1777889996.7943325,3.0,0.0,-77.0
1777889996.8043325,4.0,0.0,-74.0
1777889996.8143325,2.0,-1.0,-72.0
1777889996.8243325,7.0,-3.0,-75.0
1777889996.8343325,4.0,-6.0,-79.0
1777889996.8443325,4.0,-7.0,-79.0
1777889996.8543324,4.0,-5.0,-72.0
1777889996.8643324,4.0,-7.0,-65.0
1777889996.8743324,1.0,-6.0,-66.0
1777889996.8843324,0.0,-2.0,-67.0
1777889996.8943324,-3.0,-1.0,-70.0
1777889996.9043324,-1.0,0.0,-82.0
1777889996.9143324,1.0,3.0,-79.0
1777889996.9243324,5.0,5.0,-75.0
1777889996.9343324,8.0,2.0,-71.0
1777889996.9443324,13.0,2.0,-70.0
1777889996.9543324,8.0,-3.0,-70.0
1777889996.9643323,8.0,-5.0,-73.0
1777889996.9743323,0.0,-3.0,-76.0
1777889996.9843323,-1.0,-1.0,-86.0
1777889996.9943323,0.0,-4.0,-88.0
1777889997.0043323,1.0,-3.0,-89.0
1777889997.0143323,0.0,-2.0,-85.0
1777889997.0243323,-3.0,-3.0,-92.0
1777889997.0343325,-5.0,-2.0,-86.0
1777889997.0443325,-6.0,0.0,-87.0
1777889997.0543325,-7.0,4.0,-89.0
1777889997.0643325,-2.0,4.0,-84.0
1777889997.0743325,2.0,3.0,-88.0
1777889997.0843325,1.0,4.0,-90.0
1777889997.0943325,4.0,2.0,-84.0
1777889997.1043324,3.0,-1.0,-82.0
1777889997.1143324,6.0,-1.0,-79.0
1777889997.1243324,5.0,0.0,-71.0
1777889997.1343324,6.0,-3.0,-70.0
1777889997.1443324,3.0,0.0,-70.0
1777889997.1543324,2.0,-2.0,-65.0
1777889997.1643324,-1.0,0.0,-62.0
1777889997.1743324,-3.0,-2.0,-59.0
1777889997.1843324,0.0,0.0,-69.0
1777889997.1943324,1.0,0.0,-70.0
1777889997.2043324,0.0,2.0,-68.0
1777889997.2143323,2.0,0.0,-71.0
1777889997.2243323,4.0,2.0,-72.0
1777889997.2343323,5.0,2.0,-77.0
1777889997.2443323,2.0,2.0,-78.0
1777889997.2543323,2.0,1.0,-77.0
1777889997.2643323,0.0,-4.0,-78.0
1777889997.2743323,-2.0,-2.0,-75.0
1777889997.2843325,1.0,-3.0,-80.0
1777889997.2943325,7.0,0.0,-81.0
1777889997.3043325,8.0,0.0,-79.0
1777889997.3143325,6.0,-1.0,-76.0
1777889997.3243325,1.0,-2.0,-69.0
1777889997.3343325,2.0,-2.0,-74.0
1777889997.3443325,0.0,1.0,-72.0
1777889997.3543324,2.0,-1.0,-73.0
1777889997.3643324,1.0,-1.0,-69.0
1777889997.3743324,0.0,0.0,-62.0
1777889997.3843324,0.0,-4.0,-56.0
1777889997.3943324,-2.0,-4.0,-54.0
1777889997.4043324,0.0,-3.0,-59.0
1777889997.4143324,0.0,0.0,-62.0
1777889997.4243324,1.0,0.0,-61.0
1777889997.4343324,1.0,5.0,-61.0
1777889997.4443324,1.0,4.0,-66.0
1777889997.4543324,2.0,3.0,-71.0
1777889997.4643323,0.0,2.0,-71.0
1777889997.4743323,2.0,2.0,-73.0
1777889997.4843323,1.0,-2.0,-72.0
1777889997.4943323,-2.0,-3.0,-74.0
1777889997.5043323,0.0,-7.0,-71.0
1777889997.5143323,-1.0,-3.0,-71.0
1777889997.5243323,-2.0,0.0,-72.0
1777889997.5343325,0.0,-3.0,-75.0
1777889997.5443325,0.0,-2.0,-72.0
1777889997.5543325,-3.0,-6.0,-76.0
1777889997.5643325,-1.0,-2.0,-77.0
1777889997.5743325,-3.0,0.0,-79.0
1777889997.5843325,-4.0,0.0,-79.0
1777889997.5943325,0.0,1.0,-79.0
1777889997.6043324,1.0,6.0,-76.0
1777889997.6143324,-1.0,3.0,-76.0
1777889997.6243324,1.0,3.0,-77.0
1777889997.6343324,2.0,3.0,-78.0
1777889997.6443324,2.0,-1.0,-81.0
1777889997.6543324,0.0,2.0,-71.0
1777889997.6643324,0.0,2.0,-75.0
1777889997.6743324,0.0,0.0,-82.0
1777889997.6843324,3.0,0.0,-83.0
1777889997.6943324,5.0,0.0,-84.0
1777889997.7043324,7.0,1.0,-82.0
1777889997.7143323,9.0,2.0,-83.0
1777889997.7243323,8.0,4.0,-85.0
1777889997.7343323,8.0,-1.0,-85.0
1777889997.7443323,6.0,0.0,-74.0
1777889997.7543323,5.0,1.0,-72.0
1777889997.7643323,8.0,2.0,-72.0
1777889997.7743323,6.0,0.0,-67.0
1777889997.7843325,2.0,-2.0,-65.0
1777889997.7943325,5.0,-2.0,-71.0
1777889997.8043325,2.0,-2.0,-70.0
1777889997.8143325,4.0,-4.0,-75.0
1777889997.8243325,4.0,-4.0,-77.0
1777889997.8343325,7.0,-2.0,-73.0
1777889997.8443325,3.0,-2.0,-75.0
1777889997.8543324,1.0,-2.0,-69.0
1777889997.8643324,2.0,0.0,-74.0
1777889997.8743324,0.0,-1.0,-74.0
1777889997.8843324,0.0,0.0,-71.0
1777889997.8943324,3.0,0.0,-67.0
1777889997.9043324,4.0,1.0,-67.0
1777889997.9143324,7.0,3.0,-71.0
1777889997.9243324,8.0,4.0,-67.0
1777889997.9343324,12.0,5.0,-71.0
1777889997.9443324,17.0,3.0,-75.0
1777889997.9543324,15.0,2.0,-72.0
1777889997.9643323,11.0,2.0,-71.0
1777889997.9743323,11.0,2.0,-69.0
1777889997.9843323,8.0,2.0,-68.0
1777889997.9943323,5.0,0.0,-72.0
1777889998.0043323,3.0,-3.0,-77.0
1777889998.0143323,7.0,-1.0,-77.0
1777889998.0243323,6.0,1.0,-73.0
1777889998.0343325,3.0,2.0,-67.0
1777889998.0443325,1.0,3.0,-66.0
1777889998.0543325,5.0,6.0,-71.0
1777889998.0643325,0.0,3.0,-76.0
1777889998.0743325,1.0,6.0,-85.0
1777889998.0843325,0.0,4.0,-83.0
1777889998.0943325,0.0,2.0,-84.0
1777889998.1043324,0.0,3.0,-81.0
1777889998.1143324,-1.0,2.0,-79.0
1777889998.1243324,-2.0,2.0,-72.0
1777889998.1343324,-2.0,5.0,-68.0
1777889998.1443324,-4.0,2.0,-71.0
1777889998.1543324,-4.0,0.0,-75.0
1777889998.1643324,-3.0,-3.0,-72.0
1777889998.1743324,-1.0,-2.0,-74.0
1777889998.1843324,4.0,-6.0,-71.0
1777889998.1943324,6.0,-1.0,-71.0
1777889998.2043324,11.0,-3.0,-73.0
1777889998.2143323,12.0,0.0,-78.0
1777889998.2243323,10.0,0.0,-77.0
1777889998.2353325,8.0,-2.0,-74.0
1777889998.2443323,6.0,-1.0,-75.0
1777889998.2543323,-1.0,0.0,-76.0
1777889998.2653325,-4.0,-1.0,-71.0
1777889998.2753325,-3.0,3.0,-75.0
1777889998.2853324,-5.0,6.0,-69.0
1777889998.2953324,-4.0,6.0,-73.0
1777889998.3053324,-5.0,6.0,-79.0
1777889998.3153324,-8.0,3.0,-80.0
1777889998.3253324,-9.0,2.0,-75.0
1777889998.3353324,-9.0,0.0,-80.0
1777889998.3453324,-6.0,0.0,-74.0
1777889998.3553324,-2.0,1.0,-65.0
1777889998.3653324,-6.0,-2.0,-63.0
1777889998.3753324,-2.0,-3.0,-65.0
1777889998.3853323,-1.0,-3.0,-63.0
1777889998.3953323,4.0,-6.0,-66.0
1777889998.4053323,1.0,-5.0,-69.0
1777889998.4153323,1.0,-4.0,-70.0
1777889998.4253323,3.0,-2.0,-69.0
1777889998.4353323,4.0,-3.0,-74.0
1777889998.4453323,2.0,0.0,-75.0
1777889998.4553325,3.0,-1.0,-80.0
1777889998.4653325,2.0,0.0,-77.0
1777889998.4753325,1.0,0.0,-82.0
1777889998.4853325,1.0,0.0,-81.0
1777889998.4953325,3.0,-2.0,-76.0
1777889998.5053325,-2.0,-4.0,-82.0
1777889998.5153325,0.0,-4.0,-76.0
1777889998.5253325,0.0,-2.0,-73.0
1777889998.5353324,0.0,-2.0,-69.0
1777889998.5453324,-2.0,-6.0,-65.0
1777889998.5553324,1.0,-5.0,-68.0
1777889998.5653324,8.0,0.0,-71.0
1777889998.5753324,10.0,0.0,-76.0
1777889998.5853324,5.0,2.0,-70.0
1777889998.5953324,5.0,5.0,-70.0
1777889998.6053324,8.0,2.0,-80.0
1777889998.6153324,3.0,0.0,-76.0
1777889998.6253324,1.0,-1.0,-80.0
1777889998.6353323,3.0,-2.0,-79.0
1777889998.6453323,7.0,-3.0,-77.0
1777889998.6553323,0.0,-4.0,-84.0
1777889998.6653323,-2.0,-3.0,-85.0
1777889998.6753323,0.0,-1.0,-78.0
1777889998.6853323,2.0,-2.0,-77.0
1777889998.6953323,1.0,0.0,-67.0
1777889998.7053325,5.0,-2.0,-69.0
1777889998.7153325,2.0,0.0,-74.0
1777889998.7253325,5.0,0.0,-71.0
1777889998.7353325,4.0,-2.0,-71.0
1777889998.7453325,10.0,-4.0,-66.0
1777889998.7553325,9.0,-4.0,-62.0
1777889998.7653325,10.0,-1.0,-72.0
1777889998.7753325,7.0,1.0,-71.0
1777889998.7853324,5.0,-2.0,-74.0
1777889998.7953324,1.0,-4.0,-72.0
1777889998.8053324,0.0,-5.0,-76.0
1777889998.8153324,1.0,-4.0,-86.0
1777889998.8253324,2.0,-3.0,-85.0
1777889998.8353324,0.0,-3.0,-78.0
1777889998.8453324,1.0,0.0,-75.0
1777889998.8553324,1.0,-1.0,-70.0
1777889998.8653324,3.0,-1.0,-75.0
1777889998.8753324,1.0,-3.0,-68.0
1777889998.8853323,1.0,-7.0,-72.0
1777889998.8953323,1.0,-4.0,-62.0
1777889998.9053323,2.0,-2.0,-61.0
1777889998.9153323,2.0,-6.0,-73.0
1777889998.9253323,-1.0,-4.0,-72.0
1777889998.9353323,-1.0,-3.0,-75.0
1777889998.9453323,0.0,-5.0,-79.0
1777889998.9553325,0.0,-5.0,-71.0
1777889998.9653325,4.0,-9.0,-67.0
1777889998.9753325,0.0,-9.0,-67.0
1777889998.9853325,2.0,-10.0,-69.0
1777889998.9953325,9.0,-10.0,-73.0
1777889999.0053325,11.0,-10.0,-80.0
1777889999.0153325,15.0,-10.0,-91.0
1777889999.0253325,16.0,-9.0,-83.0
1777889999.0353324,9.0,-5.0,-79.0
1777889999.0453324,9.0,-3.0,-73.0
1777889999.0553324,9.0,-3.0,-74.0
1777889999.0653324,7.0,-4.0,-72.0
1777889999.0753324,8.0,-2.0,-72.0
1777889999.0853324,8.0,1.0,-69.0
1777889999.0953324,11.0,0.0,-76.0
1777889999.1053324,9.0,-3.0,-79.0
1777889999.1153324,0.0,-1.0,-78.0
1777889999.1253324,-6.0,2.0,-70.0
1777889999.1353323,-3.0,-4.0,-71.0
1777889999.1453323,-4.0,-3.0,-73.0
1777889999.1553323,-6.0,-4.0,-75.0
1777889999.1653323,-5.0,-4.0,-76.0
1777889999.1753323,-2.0,-2.0,-75.0
1777889999.1853323,2.0,-6.0,-83.0
1777889999.1953323,0.0,-10.0,-79.0
1777889999.2053325,0.0,-6.0,-82.0
1777889999.2153325,0.0,-8.0,-80.0
1777889999.2253325,0.0,-4.0,-78.0
1777889999.2353325,-2.0,-4.0,-75.0
1777889999.2453325,-6.0,-2.0,-76.0
1777889999.2553325,-2.0,-6.0,-76.0
1777889999.2653325,-3.0,-7.0,-78.0
1777889999.2753325,-6.0,-4.0,-78.0
1777889999.2853324,-11.0,0.0,-79.0
1777889999.2953324,-5.0,-2.0,-78.0
1777889999.3053324,-2.0,-4.0,-77.0
1777889999.3153324,0.0,-5.0,-76.0
1777889999.3253324,0.0,-6.0,-75.0
1777889999.3353324,5.0,-8.0,-74.0
1777889999.3453324,5.0,-5.0,-74.0
1777889999.3553324,10.0,-2.0,-70.0
1777889999.3653324,8.0,-3.0,-68.0
1777889999.3753324,5.0,0.0,-75.0
1777889999.3853323,4.0,0.0,-70.0
1777889999.3953323,7.0,0.0,-66.0
1777889999.4053323,8.0,0.0,-70.0
1777889999.4153323,5.0,0.0,-83.0
1777889999.4253323,1.0,0.0,-79.0
1777889999.4353323,5.0,-6.0,-78.0
1777889999.4453323,8.0,-6.0,-81.0
1777889999.4553325,9.0,-4.0,-80.0
1777889999.4653325,8.0,-4.0,-70.0
1777889999.4753325,11.0,-5.0,-67.0
1777889999.4853325,13.0,0.0,-64.0
1777889999.4953325,11.0,-1.0,-65.0
1777889999.5053325,12.0,-1.0,-77.0
1777889999.5153325,9.0,0.0,-73.0
1777889999.5253325,5.0,1.0,-76.0
1777889999.5353324,7.0,5.0,-71.0
1777889999.5453324,6.0,4.0,-68.0
1777889999.5553324,7.0,3.0,-66.0
1777889999.5653324,7.0,6.0,-67.0
1777889999.5753324,7.0,6.0,-67.0
1777889999.5853324,5.0,6.0,-75.0
1777889999.5953324,7.0,4.0,-78.0
1777889999.6053324,5.0,5.0,-80.0
1777889999.6153324,0.0,5.0,-83.0
1777889999.6253324,2.0,0.0,-86.0
1777889999.6353323,0.0,0.0,-80.0
1777889999.6453323,0.0,3.0,-76.0
1777889999.6553323,0.0,0.0,-80.0
1777889999.6653323,0.0,-2.0,-85.0
1777889999.6753323,-2.0,-1.0,-81.0
1777889999.6853323,0.0,-3.0,-81.0
1777889999.6953323,1.0,-3.0,-78.0
1777889999.7053325,0.0,-4.0,-75.0
1777889999.7153325,-1.0,-5.0,-66.0
1777889999.7253325,-3.0,-1.0,-61.0
1777889999.7353325,-1.0,0.0,-66.0
1777889999.7453325,0.0,1.0,-78.0
1777889999.7553325,1.0,-1.0,-74.0
1777889999.7653325,2.0,0.0,-71.0
1777889999.7753325,0.0,7.0,-70.0
1777889999.7853324,-2.0,8.0,-73.0
1777889999.7953324,-1.0,11.0,-73.0
1777889999.8053324,-4.0,3.0,-71.0
1777889999.8153324,3.0,4.0,-69.0
1777889999.8253324,5.0,-2.0,-71.0
1777889999.8353324,11.0,-3.0,-62.0
1777889999.8453324,14.0,-5.0,-55.0
1777889999.8553324,10.0,0.0,-59.0
1777889999.8653324,7.0,0.0,-58.0
1777889999.8753324,7.0,2.0,-66.0
1777889999.8853323,6.0,0.0,-70.0
1777889999.8953323,2.0,0.0,-69.0
1777889999.9053323,0.0,-2.0,-65.0
1777889999.9153323,-3.0,-1.0,-71.0
1777889999.9253323,-5.0,3.0,-75.0
1777889999.9353323,-7.0,2.0,-73.0
1777889999.9453323,-4.0,3.0,-68.0
1777889999.9553325,0.0,2.0,-79.0
1777889999.9663324,-2.0,2.0,-76.0
1777889999.9753325,3.0,2.0,-77.0
1777889999.9853325,4.0,0.0,-70.0
1777889999.9953325,5.0,0.0,-71.0
1777890000.0053325,7.0,-6.0,-73.0
1777890000.0153325,4.0,-7.0,-75.0
1777890000.0253325,4.0,-10.0,-74.0
1777890000.0353324,0.0,-7.0,-68.0
1777890000.0453324,5.0,-8.0,-71.0
1777890000.0553324,4.0,-4.0,-77.0
1777890000.0653324,0.0,-1.0,-82.0
1777890000.0753324,-4.0,-2.0,-77.0
1777890000.0853324,-2.0,-4.0,-82.0
1777890000.0953324,2.0,-1.0,-77.0
1777890000.1053324,-1.0,-1.0,-69.0
1777890000.1153324,4.0,1.0,-72.0
1777890000.1253324,6.0,-1.0,-75.0
1777890000.1353323,4.0,-1.0,-76.0
1777890000.1453323,3.0,0.0,-73.0
1777890000.1553323,3.0,-1.0,-71.0
1777890000.1653323,1.0,-3.0,-64.0
1777890000.1753323,3.0,-3.0,-69.0
1777890000.1853323,2.0,-4.0,-64.0
1777890000.1953323,0.0,-6.0,-66.0
1777890000.2053325,-1.0,-6.0,-66.0
1777890000.2153325,2.0,-4.0,-66.0
1777890000.2253325,3.0,-5.0,-67.0
1777890000.2353325,2.0,-4.0,-67.0
1777890000.2463324,3.0,-1.0,-74.0
1777890000.2553325,2.0,2.0,-73.0
1777890000.2663324,2.0,4.0,-79.0
1777890000.2763324,1.0,4.0,-77.0
1777890000.2863324,2.0,0.0,-84.0
1777890000.2963324,3.0,0.0,-84.0
1777890000.3063323,5.0,3.0,-75.0
1777890000.3163323,6.0,0.0,-71.0
1777890000.3263323,1.0,0.0,-72.0
1777890000.3363323,0.0,0.0,-75.0
1777890000.3463323,1.0,-3.0,-79.0
1777890000.3563323,0.0,-2.0,-77.0
1777890000.3663323,2.0,-5.0,-80.0
1777890000.3763323,0.0,-6.0,-79.0
1777890000.3863325,0.0,-8.0,-81.0
1777890000.3963325,1.0,-2.0,-80.0
1777890000.4073324,2.0,-2.0,-79.0
1777890000.4163325,2.0,-6.0,-72.0
1777890000.4263325,4.0,-6.0,-73.0
1777890000.4363325,0.0,-5.0,-63.0
1777890000.4463325,-4.0,-2.0,-68.0
1777890000.4563324,0.0,0.0,-71.0
1777890000.4663324,0.0,0.0,-71.0
1777890000.4763324,1.0,0.0,-71.0
1777890000.4863324,0.0,0.0,-71.0
1777890000.4963324,-3.0,0.0,-72.0
1777890000.5063324,-5.0,3.0,-77.0
1777890000.5163324,-4.0,4.0,-80.0
1777890000.5263324,-4.0,6.0,-77.0
1777890000.5363324,-3.0,3.0,-75.0
1777890000.5463324,-5.0,1.0,-71.0
1777890000.5563323,-2.0,4.0,-74.0
1777890000.5663323,0.0,5.0,-78.0
1777890000.5763323,-6.0,4.0,-77.0
1777890000.5863323,-5.0,3.0,-79.0
1777890000.5963323,-4.0,3.0,-70.0
1777890000.6063323,-5.0,2.0,-70.0
1777890000.6163323,-6.0,-2.0,-76.0
1777890000.6263323,-4.0,0.0,-73.0
1777890000.6363325,-5.0,0.0,-73.0
1777890000.6463325,-10.0,-2.0,-74.0
1777890000.6563325,-12.0,-2.0,-81.0
1777890000.6663325,-6.0,-2.0,-79.0
1777890000.6763325,-1.0,-3.0,-72.0
1777890000.6863325,0.0,-7.0,-69.0
1777890000.6963325,-1.0,-7.0,-65.0
1777890000.7063324,0.0,-6.0,-66.0
1777890000.7163324,-1.0,-3.0,-67.0
1777890000.7263324,-2.0,0.0,-73.0
1777890000.7363324,1.0,0.0,-75.0
1777890000.7463324,3.0,-1.0,-72.0
1777890000.7563324,8.0,0.0,-74.0
1777890000.7663324,5.0,-3.0,-75.0
1777890000.7763324,4.0,-7.0,-70.0
1777890000.7863324,0.0,-5.0,-72.0
1777890000.7963324,-1.0,-6.0,-81.0
1777890000.8063323,-1.0,-6.0,-82.0
1777890000.8163323,-3.0,-4.0,-77.0
1777890000.8263323,0.0,0.0,-78.0
1777890000.8363323,1.0,0.0,-79.0
1777890000.8463323,-2.0,-3.0,-72.0
1777890000.8563323,-3.0,-5.0,-74.0
1777890000.8663323,4.0,-5.0,-76.0
1777890000.8763323,10.0,-5.0,-78.0
1777890000.8863325,5.0,-4.0,-77.0
1777890000.8963325,0.0,-5.0,-81.0
1777890000.9063325,1.0,-3.0,-81.0
1777890000.9163325,0.0,-3.0,-77.0
1777890000.9263325,0.0,-4.0,-79.0
1777890000.9363325,1.0,-6.0,-73.0
1777890000.9463325,3.0,-4.0,-71.0
1777890000.9563324,5.0,-1.0,-70.0
1777890000.9663324,11.0,0.0,-79.0
1777890000.9763324,6.0,-1.0,-79.0
1777890000.9863324,2.0,-3.0,-74.0
1777890000.9963324,3.0,-5.0,-72.0
1777890001.0063324,3.0,-9.0,-77.0
1777890001.0163324,1.0,-6.0,-77.0
1777890001.0263324,-1.0,-2.0,-74.0
1777890001.0363324,1.0,-4.0,-73.0
1777890001.0463324,3.0,-7.0,-70.0
1777890001.0563323,7.0,-8.0,-72.0
1777890001.0663323,7.0,-12.0,-71.0
1777890001.0763323,2.0,-11.0,-67.0
1777890001.0863323,1.0,-9.0,-65.0
1777890001.0963323,1.0,-3.0,-67.0
1777890001.1063323,0.0,-7.0,-67.0
1777890001.1163323,0.0,-7.0,-68.0
1777890001.1263323,0.0,-1.0,-71.0
1777890001.1363325,0.0,-3.0,-74.0
1777890001.1463325,-4.0,-1.0,-75.0
1777890001.1563325,-5.0,4.0,-76.0
1777890001.1663325,-1.0,4.0,-68.0
1777890001.1763325,-1.0,0.0,-70.0
1777890001.1863325,-1.0,-1.0,-66.0
1777890001.1963325,-1.0,-1.0,-72.0
1777890001.2063324,-3.0,-1.0,-71.0
1777890001.2163324,-2.0,-4.0,-72.0
1777890001.2263324,-10.0,-1.0,-75.0
1777890001.2363324,-7.0,-2.0,-77.0
1777890001.2463324,0.0,0.0,-71.0
1777890001.2563324,1.0,1.0,-68.0
1777890001.2663324,3.0,-3.0,-67.0
1777890001.2763324,8.0,-3.0,-74.0
1777890001.2863324,7.0,-6.0,-78.0
1777890001.2963324,1.0,-1.0,-78.0
1777890001.3063323,0.0,0.0,-74.0
1777890001.3163323,-7.0,0.0,-73.0
1777890001.3263323,-3.0,0.0,-74.0
1777890001.3363323,-2.0,-2.0,-78.0
1777890001.3463323,-2.0,-1.0,-75.0
1777890001.3563323,-3.0,-5.0,-78.0
1777890001.3663323,0.0,-5.0,-81.0
1777890001.3763323,3.0,-1.0,-82.0
1777890001.3863325,2.0,0.0,-78.0
1777890001.3963325,1.0,-2.0,-71.0
1777890001.4063325,0.0,0.0,-76.0
1777890001.4163325,0.0,-1.0,-81.0
1777890001.4263325,2.0,-4.0,-77.0
1777890001.4363325,2.0,-2.0,-79.0
1777890001.4463325,3.0,-5.0,-76.0
1777890001.4563324,5.0,-5.0,-69.0
1777890001.4663324,2.0,-1.0,-70.0
1777890001.4763324,0.0,-1.0,-72.0
1777890001.4863324,-1.0,0.0,-70.0
1777890001.4963324,1.0,0.0,-70.0
1777890001.5063324,3.0,0.0,-66.0
1777890001.5163324,2.0,0.0,-70.0
1777890001.5263324,1.0,0.0,-72.0
1777890001.5363324,2.0,-1.0,-70.0
1777890001.5463324,1.0,-2.0,-68.0
1777890001.5563323,0.0,-3.0,-69.0
1777890001.5663323,1.0,-6.0,-69.0
1777890001.5763323,0.0,-5.0,-72.0
1777890001.5863323,0.0,-5.0,-67.0
1777890001.5963323,4.0,-1.0,-66.0
1777890001.6063323,5.0,-4.0,-70.0
1777890001.6163323,4.0,-3.0,-75.0
1777890001.6263323,3.0,-1.0,-76.0
1777890001.6363325,4.0,-2.0,-75.0
1777890001.6463325,2.0,-6.0,-78.0
1777890001.6563325,2.0,-4.0,-84.0
1777890001.6663325,-2.0,-3.0,-83.0
1777890001.6763325,1.0,-1.0,-81.0
1777890001.6863325,7.0,0.0,-84.0
1777890001.6963325,5.0,0.0,-83.0
1777890001.7063324,5.0,-1.0,-82.0
1777890001.7163324,5.0,-1.0,-81.0
1777890001.7263324,3.0,-1.0,-84.0
1777890001.7363324,2.0,-1.0,-85.0
1777890001.7463324,-4.0,-2.0,-87.0
1777890001.7563324,-7.0,0.0,-88.0
1777890001.7663324,-9.0,0.0,-83.0
1777890001.7763324,-6.0,0.0,-91.0
1777890001.7863324,-3.0,0.0,-84.0
1777890001.7963324,-3.0,0.0,-81.0
1777890001.8063323,2.0,0.0,-73.0
1777890001.8163323,0.0,0.0,-76.0
1777890001.8263323,0.0,0.0,-75.0
1777890001.8363323,2.0,0.0,-72.0
1777890001.8463323,2.0,1.0,-68.0
1777890001.8563323,2.0,5.0,-64.0
1777890001.8663323,2.0,6.0,-64.0
1777890001.8763323,3.0,7.0,-68.0
1777890001.8863325,6.0,4.0,-67.0
1777890001.8963325,5.0,2.0,-66.0
1777890001.9063325,0.0,0.0,-74.0
1777890001.9163325,-1.0,1.0,-74.0
1777890001.9263325,1.0,0.0,-70.0
1777890001.9363325,3.0,0.0,-71.0
1777890001.9463325,0.0,1.0,-70.0
1777890001.9563324,-2.0,1.0,-68.0
1777890001.9663324,-5.0,1.0,-72.0
1777890001.9763324,-4.0,3.0,-79.0
1777890001.9863324,-3.0,3.0,-72.0
1777890001.9963324,2.0,1.0,-76.0
1777890002.0063324,0.0,2.0,-72.0
1777890002.0163324,0.0,-3.0,-72.0
1777890002.0263324,-3.0,-2.0,-70.0
1777890002.0363324,-5.0,-6.0,-74.0
1777890002.0463324,-3.0,-5.0,-77.0
1777890002.0563323,-4.0,-2.0,-74.0
1777890002.0663323,-6.0,2.0,-81.0
1777890002.0763323,-6.0,3.0,-79.0
1777890002.0863323,-6.0,6.0,-82.0
1777890002.0963323,-4.0,5.0,-88.0
1777890002.1063323,-8.0,9.0,-87.0
1777890002.1163323,0.0,5.0,-82.0
1777890002.1263323,-2.0,3.0,-81.0
1777890002.1363325,-5.0,0.0,-77.0
1777890002.1463325,-2.0,0.0,-78.0
1777890002.1563325,2.0,-5.0,-74.0
1777890002.1663325,-4.0,-8.0,-73.0
1777890002.1763325,-5.0,-6.0,-76.0
1777890002.1863325,-3.0,-2.0,-83.0
1777890002.1963325,-4.0,-2.0,-81.0
1777890002.2063324,-5.0,0.0,-87.0
1777890002.2163324,-4.0,-1.0,-86.0
1777890002.2263324,-5.0,0.0,-83.0
1777890002.2373323,-5.0,-2.0,-82.0
1777890002.2463324,-5.0,-3.0,-88.0
1777890002.2573323,-3.0,-3.0,-87.0
1777890002.2673323,-4.0,-4.0,-91.0
1777890002.2773323,-10.0,-6.0,-86.0
1777890002.2873323,-6.0,-5.0,-85.0
1777890002.2973323,-3.0,-5.0,-79.0
1777890002.3073325,0.0,-1.0,-84.0
1777890002.3173325,-2.0,-1.0,-81.0
1777890002.3273325,-3.0,0.0,-77.0
1777890002.3373325,-1.0,0.0,-76.0
1777890002.3473325,-1.0,-1.0,-76.0
1777890002.3573325,0.0,-4.0,-70.0
1777890002.3673325,-3.0,-6.0,-71.0
1777890002.3773324,0.0,-3.0,-68.0
1777890002.3873324,0.0,0.0,-62.0
1777890002.3973324,-1.0,-5.0,-60.0
1777890002.4073324,-1.0,-6.0,-64.0
1777890002.4173324,-6.0,1.0,-71.0
1777890002.4273324,-6.0,-1.0,-76.0
1777890002.4373324,-1.0,-1.0,-78.0
1777890002.4473324,0.0,-4.0,-75.0
1777890002.4573324,-2.0,0.0,-70.0
1777890002.4673324,-2.0,-1.0,-71.0
1777890002.4773324,0.0,-3.0,-73.0
1777890002.4873323,-3.0,-9.0,-72.0
1777890002.4973323,-6.0,-9.0,-71.0
1777890002.5073323,-5.0,-4.0,-74.0
1777890002.5173323,-4.0,0.0,-77.0
1777890002.5273323,-6.0,-1.0,-81.0
1777890002.5373323,-2.0,-3.0,-82.0
1777890002.5473323,1.0,-3.0,-82.0
1777890002.5573325,1.0,-3.0,-82.0
1777890002.5673325,0.0,-5.0,-82.0
1777890002.5773325,1.0,-5.0,-82.0
1777890002.5873325,0.0,-6.0,-80.0
1777890002.5973325,-3.0,-5.0,-80.0
1777890002.6073325,0.0,-5.0,-75.0
1777890002.6173325,0.0,-3.0,-76.0
1777890002.6273324,-1.0,-3.0,-85.0
1777890002.6373324,-1.0,-4.0,-86.0
1777890002.6473324,2.0,-5.0,-95.0
1777890002.6573324,2.0,-4.0,-100.0
1777890002.6673324,6.0,-4.0,-92.0
1777890002.6773324,7.0,-4.0,-88.0
1777890002.6873324,8.0,-3.0,-81.0
1777890002.6973324,4.0,-2.0,-83.0
1777890002.7073324,8.0,-2.0,-82.0
1777890002.7173324,6.0,0.0,-78.0
1777890002.7273324,2.0,0.0,-75.0
1777890002.7373323,2.0,-2.0,-74.0
1777890002.7473323,1.0,-1.0,-72.0
1777890002.7573323,0.0,-1.0,-73.0
1777890002.7673323,0.0,3.0,-76.0
1777890002.7773323,-2.0,2.0,-70.0
1777890002.7873323,0.0,0.0,-65.0
1777890002.7973323,-2.0,0.0,-71.0
1777890002.8073325,-5.0,-1.0,-71.0
1777890002.8173325,-3.0,2.0,-74.0
1777890002.8273325,0.0,-3.0,-72.0
1777890002.8373325,-1.0,-4.0,-71.0
1777890002.8473325,0.0,-3.0,-73.0
1777890002.8573325,-1.0,-3.0,-76.0
1777890002.8673325,0.0,-6.0,-77.0
1777890002.8773324,2.0,-8.0,-76.0
1777890002.8873324,7.0,-8.0,-73.0
1777890002.8973324,8.0,-8.0,-76.0
1777890002.9073324,7.0,-10.0,-68.0
1777890002.9173324,2.0,-7.0,-75.0
1777890002.9273324,3.0,-4.0,-81.0
1777890002.9373324,3.0,-4.0,-81.0
1777890002.9473324,1.0,-4.0,-81.0
1777890002.9573324,2.0,-5.0,-87.0
1777890002.9673324,6.0,-8.0,-82.0
1777890002.9773324,4.0,-4.0,-77.0
1777890002.9873323,4.0,-2.0,-77.0
1777890002.9973323,4.0,0.0,-81.0
1777890003.0073323,1.0,-3.0,-83.0
1777890003.0173323,-2.0,-3.0,-83.0
1777890003.0273323,0.0,-3.0,-84.0
1777890003.0373323,0.0,-2.0,-77.0
1777890003.0473323,-6.0,0.0,-73.0
1777890003.0573325,-1.0,0.0,-75.0
1777890003.0673325,-3.0,0.0,-74.0
1777890003.0773325,-1.0,1.0,-74.0
1777890003.0873325,0.0,0.0,-79.0
1777890003.0973325,2.0,0.0,-85.0
1777890003.1073325,2.0,-2.0,-81.0
1777890003.1173325,2.0,0.0,-71.0
1777890003.1273324,2.0,1.0,-67.0
1777890003.1373324,2.0,2.0,-74.0
1777890003.1473324,1.0,-1.0,-74.0
1777890003.1573324,-2.0,0.0,-74.0
1777890003.1673324,-3.0,3.0,-72.0
1777890003.1773324,0.0,4.0,-81.0
1777890003.1873324,-3.0,2.0,-83.0
1777890003.1973324,-4.0,1.0,-74.0
1777890003.2073324,0.0,2.0,-69.0
1777890003.2173324,0.0,1.0,-73.0
1777890003.2273324,-2.0,3.0,-78.0
1777890003.2373323,0.0,-1.0,-83.0
1777890003.2473323,0.0,1.0,-90.0
1777890003.2573323,-1.0,1.0,-87.0
1777890003.2673323,-2.0,0.0,-77.0
1777890003.2773323,0.0,-1.0,-73.0
1777890003.2873323,1.0,1.0,-73.0
1777890003.2973323,2.0,3.0,-80.0
1777890003.3073325,4.0,5.0,-87.0
1777890003.3173325,2.0,6.0,-82.0
1777890003.3273325,3.0,4.0,-86.0
1777890003.3373325,-4.0,5.0,-85.0
1777890003.3473325,-1.0,9.0,-84.0
1777890003.3573325,-1.0,6.0,-79.0
1777890003.3673325,1.0,2.0,-77.0
1777890003.3773324,2.0,0.0,-74.0
1777890003.3873324,-2.0,-1.0,-74.0
1777890003.3973324,-3.0,-6.0,-73.0
1777890003.4073324,0.0,-6.0,-73.0
1777890003.4173324,-3.0,-6.0,-73.0
1777890003.4273324,-8.0,-5.0,-76.0
1777890003.4373324,-6.0,-5.0,-74.0
1777890003.4473324,-4.0,-6.0,-76.0
1777890003.4573324,-3.0,-4.0,-78.0
1777890003.4673324,-1.0,-8.0,-80.0
1777890003.4773324,0.0,-4.0,-76.0
1777890003.4873323,-3.0,2.0,-77.0
1777890003.4973323,-1.0,0.0,-74.0
1777890003.5073323,1.0,1.0,-68.0
1777890003.5173323,1.0,0.0,-73.0
1777890003.5273323,5.0,2.0,-74.0
1777890003.5373323,0.0,5.0,-79.0
1777890003.5473323,-3.0,0.0,-82.0
1777890003.5573325,-2.0,-4.0,-85.0
1777890003.5673325,-4.0,-4.0,-82.0
1777890003.5773325,-3.0,-4.0,-77.0
1777890003.5873325,-2.0,-3.0,-68.0
1777890003.5973325,2.0,-2.0,-67.0
1777890003.6073325,2.0,-4.0,-75.0
1777890003.6173325,4.0,1.0,-75.0
1777890003.6273324,2.0,4.0,-72.0
1777890003.6373324,3.0,0.0,-72.0
1777890003.6473324,9.0,-2.0,-79.0
1777890003.6573324,11.0,-4.0,-75.0
1777890003.6673324,6.0,-2.0,-70.0
1777890003.6773324,2.0,5.0,-72.0
1777890003.6873324,0.0,8.0,-72.0
1777890003.6973324,-2.0,0.0,-77.0
1777890003.7073324,0.0,-1.0,-81.0
1777890003.7173324,1.0,-1.0,-80.0
1777890003.7273324,1.0,-3.0,-74.0
1777890003.7373323,2.0,-1.0,-70.0
1777890003.7473323,6.0,-1.0,-74.0
1777890003.7573323,1.0,1.0,-71.0
1777890003.7673323,-1.0,5.0,-70.0
1777890003.7773323,1.0,2.0,-74.0
1777890003.7873323,1.0,4.0,-79.0
1777890003.7973323,-3.0,0.0,-81.0
1777890003.8073325,-2.0,0.0,-82.0
1777890003.8173325,0.0,2.0,-90.0
1777890003.8273325,2.0,2.0,-87.0
1777890003.8373325,0.0,0.0,-81.0
1777890003.8473325,-1.0,-1.0,-81.0
1777890003.8573325,0.0,-4.0,-79.0
1777890003.8673325,3.0,-4.0,-72.0
1777890003.8773324,0.0,-3.0,-81.0
1777890003.8873324,-3.0,-2.0,-83.0
1777890003.8973324,0.0,0.0,-75.0
1777890003.9073324,0.0,1.0,-72.0
1777890003.9173324,0.0,2.0,-76.0
1777890003.9273324,2.0,-2.0,-76.0
1777890003.9373324,7.0,-6.0,-73.0
1777890003.9473324,2.0,-10.0,-74.0
1777890003.9573324,0.0,-10.0,-80.0
1777890003.9673324,0.0,-5.0,-86.0
1777890003.9773324,-2.0,-4.0,-82.0
1777890003.9873323,-1.0,-4.0,-87.0
1777890003.9973323,-1.0,2.0,-83.0
1777890004.0073323,-2.0,1.0,-81.0
1777890004.0173323,0.0,5.0,-75.0
1777890004.0273323,5.0,6.0,-71.0
1777890004.0373323,9.0,6.0,-64.0
1777890004.0473323,6.0,3.0,-70.0
1777890004.0573325,5.0,0.0,-72.0
1777890004.0673325,2.0,1.0,-75.0
1777890004.0773325,0.0,-2.0,-68.0
1777890004.0873325,1.0,-6.0,-67.0
1777890004.0973325,0.0,-5.0,-56.0
1777890004.1073325,1.0,-3.0,-61.0
1777890004.1173325,1.0,-4.0,-68.0
1777890004.1273324,0.0,-6.0,-65.0
1777890004.1373324,-1.0,-5.0,-63.0
1777890004.1473324,4.0,-6.0,-69.0
1777890004.1573324,7.0,-5.0,-70.0
1777890004.1673324,4.0,-5.0,-73.0
1777890004.1773324,1.0,0.0,-79.0
1777890004.1873324,1.0,4.0,-78.0
1777890004.1973324,-3.0,3.0,-74.0
1777890004.2083323,-4.0,4.0,-78.0
1777890004.2183323,-7.0,4.0,-80.0
1777890004.2283323,-6.0,4.0,-81.0
1777890004.2383325,-6.0,6.0,-77.0
1777890004.2483325,1.0,6.0,-78.0
1777890004.2583325,3.0,0.0,-71.0
1777890004.2683325,4.0,-1.0,-70.0
1777890004.2783325,0.0,-4.0,-76.0
1777890004.2873323,-1.0,-6.0,-75.0
1777890004.2983325,1.0,-5.0,-73.0
1777890004.3083324,0.0,-4.0,-77.0
1777890004.3183324,1.0,-2.0,-75.0
1777890004.3283324,0.0,-2.0,-73.0
1777890004.3383324,0.0,-5.0,-67.0
1777890004.3483324,1.0,-8.0,-65.0
1777890004.3583324,2.0,-9.0,-71.0
1777890004.3683324,4.0,-7.0,-75.0
1777890004.3783324,4.0,-4.0,-69.0
1777890004.3883324,3.0,-4.0,-68.0
1777890004.3983324,5.0,-2.0,-67.0
1777890004.4083323,5.0,0.0,-69.0
1777890004.4183323,7.0,-1.0,-70.0
1777890004.4283323,5.0,-1.0,-69.0
1777890004.4383323,3.0,-1.0,-73.0
1777890004.4483323,5.0,-3.0,-72.0
1777890004.4583323,2.0,-4.0,-72.0
1777890004.4683323,4.0,-6.0,-68.0
1777890004.4783323,10.0,-5.0,-65.0
1777890004.4883325,14.0,-5.0,-62.0
1777890004.4983325,9.0,-7.0,-72.0
1777890004.5083325,6.0,-9.0,-82.0
1777890004.5183325,7.0,-6.0,-84.0
1777890004.5283325,6.0,0.0,-93.0
1777890004.5383325,2.0,-4.0,-82.0
1777890004.5483325,0.0,-3.0,-79.0
1777890004.5583324,0.0,4.0,-75.0
1777890004.5683324,4.0,7.0,-73.0
1777890004.5783324,6.0,6.0,-75.0
1777890004.5883324,7.0,7.0,-78.0
1777890004.5983324,9.0,5.0,-84.0
1777890004.6083324,10.0,8.0,-85.0
1777890004.6183324,10.0,8.0,-81.0
1777890004.6283324,7.0,8.0,-85.0
1777890004.6383324,3.0,8.0,-80.0
1777890004.6483324,4.0,6.0,-76.0
1777890004.6583323,2.0,3.0,-79.0
1777890004.6683323,3.0,7.0,-75.0
1777890004.6783323,2.0,0.0,-75.0
1777890004.6883323,2.0,-4.0,-73.0
1777890004.6983323,1.0,-5.0,-75.0
1777890004.7083323,1.0,-3.0,-68.0
1777890004.7183323,1.0,-1.0,-70.0
1777890004.7283323,0.0,2.0,-71.0
1777890004.7383325,0.0,3.0,-72.0
1777890004.7483325,2.0,0.0,-73.0
1777890004.7583325,1.0,0.0,-67.0
1777890004.7683325,2.0,-1.0,-65.0
1777890004.7783325,0.0,0.0,-65.0
1777890004.7883325,0.0,-2.0,-62.0
1777890004.7983325,1.0,1.0,-64.0
1777890004.8083324,-2.0,4.0,-62.0
1777890004.8183324,0.0,7.0,-72.0
1777890004.8283324,1.0,6.0,-73.0
1777890004.8383324,4.0,6.0,-70.0
1777890004.8483324,6.0,4.0,-69.0
1777890004.8583324,2.0,5.0,-72.0
1777890004.8683324,0.0,6.0,-72.0
1777890004.8783324,-5.0,8.0,-70.0
1777890004.8883324,-6.0,5.0,-70.0
1777890004.8983324,1.0,4.0,-68.0
1777890004.9083323,0.0,6.0,-71.0
1777890004.9183323,4.0,5.0,-70.0
1777890004.9283323,2.0,3.0,-69.0
1777890004.9383323,7.0,5.0,-71.0
1777890004.9483323,10.0,3.0,-75.0
1777890004.9583323,9.0,2.0,-76.0
1777890004.9683323,8.0,1.0,-72.0
1777890004.9783323,5.0,3.0,-73.0
1777890004.9883325,3.0,3.0,-75.0
1777890004.9983325,2.0,0.0,-74.0
1777890005.0083325,5.0,2.0,-75.0
1777890005.0183325,0.0,6.0,-75.0
1777890005.0283325,0.0,2.0,-72.0
1777890005.0383325,4.0,5.0,-75.0
1777890005.0483325,5.0,0.0,-73.0
1777890005.0583324,3.0,1.0,-80.0
1777890005.0683324,5.0,0.0,-83.0
1777890005.0783324,4.0,0.0,-83.0
1777890005.0883324,3.0,0.0,-82.0
1777890005.0983324,1.0,0.0,-76.0
1777890005.1083324,-1.0,-3.0,-67.0
1777890005.1183324,-2.0,-2.0,-64.0
1777890005.1283324,3.0,-1.0,-70.0
1777890005.1383324,3.0,1.0,-68.0
1777890005.1483324,-1.0,5.0,-67.0
1777890005.1583323,-1.0,0.0,-66.0
1777890005.1683323,-1.0,0.0,-63.0
1777890005.1783323,-3.0,0.0,-65.0
1777890005.1883323,-6.0,2.0,-66.0
1777890005.1983323,-7.0,-1.0,-65.0
1777890005.2083323,-4.0,0.0,-66.0
1777890005.2183323,-2.0,-3.0,-58.0
1777890005.2283323,-2.0,-5.0,-56.0
1777890005.2383325,-3.0,-9.0,-59.0
1777890005.2483325,-3.0,-5.0,-65.0
1777890005.2583325,-1.0,-3.0,-64.0
1777890005.2683325,-2.0,-2.0,-67.0
1777890005.2783325,0.0,-6.0,-63.0
1777890005.2883325,-3.0,-6.0,-64.0
1777890005.2983325,2.0,-3.0,-68.0
1777890005.3083324,4.0,-5.0,-71.0
1777890005.3183324,-1.0,-7.0,-65.0
1777890005.3283324,2.0,-4.0,-64.0
1777890005.3383324,8.0,-2.0,-63.0
1777890005.3483324,5.0,-5.0,-65.0
1777890005.3583324,2.0,-4.0,-72.0
1777890005.3683324,0.0,-1.0,-71.0
1777890005.3783324,0.0,1.0,-75.0
1777890005.3883324,-3.0,1.0,-70.0
1777890005.3983324,-5.0,-2.0,-73.0
1777890005.4083323,-1.0,-2.0,-74.0
1777890005.4183323,2.0,-1.0,-75.0
1777890005.4283323,0.0,1.0,-74.0
1777890005.4383323,4.0,5.0,-70.0
1777890005.4483323,2.0,3.0,-68.0
1777890005.4583323,0.0,1.0,-65.0
1777890005.4683323,1.0,1.0,-68.0
1777890005.4783323,4.0,4.0,-70.0
1777890005.4883325,8.0,-2.0,-77.0
1777890005.4983325,10.0,0.0,-79.0
1777890005.5083325,8.0,-1.0,-68.0
1777890005.5183325,3.0,-4.0,-67.0
1777890005.5283325,0.0,-3.0,-67.0
1777890005.5383325,-4.0,-4.0,-64.0
1777890005.5483325,-5.0,-4.0,-62.0
1777890005.5583324,-3.0,-5.0,-68.0
1777890005.5683324,-1.0,-7.0,-78.0
1777890005.5783324,3.0,-8.0,-84.0
1777890005.5883324,4.0,-7.0,-81.0
1777890005.5983324,7.0,-5.0,-76.0
1777890005.6083324,10.0,-2.0,-77.0
1777890005.6183324,6.0,-3.0,-80.0
1777890005.6283324,4.0,-4.0,-81.0
1777890005.6383324,1.0,-5.0,-82.0
1777890005.6483324,1.0,-6.0,-78.0
1777890005.6583323,3.0,-9.0,-79.0
1777890005.6683323,3.0,-4.0,-78.0
1777890005.6783323,1.0,-6.0,-78.0
1777890005.6883323,3.0,2.0,-78.0
1777890005.6983323,1.0,1.0,-77.0
1777890005.7083323,-1.0,-1.0,-72.0
1777890005.7183323,-2.0,-3.0,-78.0
1777890005.7283323,-2.0,-9.0,-77.0
1777890005.7383325,-1.0,-5.0,-75.0
1777890005.7483325,-2.0,0.0,-79.0
1777890005.7583325,-7.0,2.0,-81.0
1777890005.7683325,-6.0,0.0,-76.0
1777890005.7783325,-8.0,0.0,-78.0
1777890005.7883325,-6.0,-1.0,-81.0
1777890005.7983325,-1.0,-3.0,-77.0
1777890005.8083324,-2.0,-1.0,-76.0
1777890005.8183324,-3.0,-1.0,-73.0
1777890005.8283324,-5.0,2.0,-78.0
1777890005.8383324,-4.0,1.0,-73.0
1777890005.8483324,-3.0,5.0,-73.0
1777890005.8583324,-4.0,4.0,-71.0
1777890005.8683324,-5.0,3.0,-67.0
1777890005.8783324,-5.0,1.0,-69.0
1777890005.8883324,0.0,-1.0,-71.0
1777890005.8983324,-1.0,-2.0,-76.0
1777890005.9083323,-2.0,-3.0,-85.0
1777890005.9183323,0.0,-5.0,-88.0
1777890005.9283323,-1.0,-4.0,-87.0
1777890005.9383323,-5.0,-1.0,-90.0
1777890005.9483323,-3.0,0.0,-89.0
1777890005.9583323,-4.0,1.0,-83.0
1777890005.9683323,-3.0,0.0,-80.0
1777890005.9783323,-7.0,0.0,-77.0
1777890005.9883325,-4.0,-6.0,-74.0
1777890005.9983325,1.0,-7.0,-76.0
1777890006.0083325,3.0,-6.0,-71.0
1777890006.0183325,2.0,-6.0,-85.0
1777890006.0283325,-4.0,-8.0,-85.0
1777890006.0383325,-2.0,-8.0,-87.0
1777890006.0483325,0.0,-7.0,-80.0
1777890006.0583324,-1.0,-1.0,-75.0
1777890006.0683324,1.0,2.0,-73.0
1777890006.0783324,-1.0,7.0,-74.0
1777890006.0883324,-2.0,5.0,-78.0
1777890006.0983324,-3.0,5.0,-73.0
1777890006.1083324,0.0,1.0,-71.0
1777890006.1183324,0.0,0.0,-71.0
1777890006.1283324,-3.0,0.0,-72.0
1777890006.1383324,-3.0,1.0,-75.0
1777890006.1483324,0.0,2.0,-77.0
1777890006.1583323,2.0,3.0,-74.0
1777890006.1683323,5.0,4.0,-76.0
1777890006.1793325,6.0,2.0,-80.0
1777890006.1893325,1.0,4.0,-85.0
1777890006.1983323,4.0,2.0,-73.0
1777890006.2093325,1.0,1.0,-72.0
1777890006.2193325,0.0,-3.0,-73.0
1777890006.2293324,-4.0,-2.0,-66.0
1777890006.2393324,-1.0,-1.0,-65.0
1777890006.2493324,0.0,-3.0,-73.0
1777890006.2593324,0.0,-5.0,-78.0
1777890006.2693324,1.0,-3.0,-79.0
1777890006.2793324,0.0,-1.0,-79.0
1777890006.2893324,-3.0,0.0,-77.0
1777890006.2993324,0.0,0.0,-79.0
1777890006.3093324,1.0,0.0,-88.0
1777890006.3193324,1.0,-2.0,-86.0
1777890006.3293324,4.0,-1.0,-78.0
1777890006.3393323,5.0,-2.0,-78.0
1777890006.3493323,6.0,-3.0,-93.0
1777890006.3593323,3.0,-4.0,-90.0
1777890006.3693323,1.0,-1.0,-89.0
1777890006.3793323,-3.0,0.0,-82.0
1777890006.3893323,0.0,0.0,-70.0
1777890006.3993323,-1.0,-4.0,-73.0
1777890006.4093325,-7.0,-2.0,-75.0
1777890006.4193325,-3.0,-5.0,-78.0
1777890006.4293325,3.0,-5.0,-80.0
1777890006.4393325,1.0,-6.0,-80.0
1777890006.4493325,3.0,-6.0,-81.0
1777890006.4593325,-1.0,-11.0,-86.0
1777890006.4693325,-6.0,-8.0,-80.0
1777890006.4793324,-2.0,-10.0,-75.0
1777890006.4893324,-3.0,-7.0,-70.0
1777890006.4993324,-4.0,-7.0,-71.0
1777890006.5093324,-4.0,-8.0,-72.0
1777890006.5193324,-1.0,-8.0,-65.0
1777890006.5293324,0.0,-4.0,-72.0
1777890006.5393324,2.0,-6.0,-76.0
1777890006.5493324,6.0,-5.0,-74.0
1777890006.5593324,2.0,-2.0,-74.0
1777890006.5693324,4.0,-5.0,-79.0
1777890006.5793324,1.0,-4.0,-79.0
1777890006.5893323,1.0,-7.0,-81.0
1777890006.5993323,2.0,-6.0,-74.0
1777890006.6093323,1.0,-5.0,-71.0
1777890006.6193323,3.0,-7.0,-65.0
1777890006.6293323,0.0,-1.0,-68.0
1777890006.6393323,0.0,0.0,-63.0
1777890006.6493323,3.0,2.0,-64.0
1777890006.6593325,2.0,3.0,-73.0
1777890006.6693325,1.0,1.0,-77.0
1777890006.6793325,0.0,2.0,-82.0
1777890006.6893325,-3.0,4.0,-81.0
1777890006.6993325,0.0,-3.0,-79.0
1777890006.7093325,-2.0,-3.0,-74.0
1777890006.7193325,-1.0,-5.0,-74.0
1777890006.7293324,1.0,-8.0,-76.0
1777890006.7393324,4.0,-8.0,-70.0
1777890006.7493324,3.0,-6.0,-65.0
1777890006.7593324,4.0,-2.0,-63.0
1777890006.7693324,0.0,-6.0,-65.0
1777890006.7793324,-5.0,-3.0,-65.0
1777890006.7893324,-6.0,-5.0,-64.0
1777890006.7993324,-6.0,-6.0,-68.0
1777890006.8093324,-4.0,-4.0,-69.0
1777890006.8193324,-3.0,-4.0,-66.0
1777890006.8293324,-5.0,-3.0,-65.0
1777890006.8393323,-8.0,-4.0,-69.0
1777890006.8493323,-7.0,-3.0,-73.0
1777890006.8593323,-1.0,-2.0,-72.0
1777890006.8693323,0.0,-1.0,-77.0
1777890006.8793323,0.0,-1.0,-77.0
1777890006.8893323,4.0,-4.0,-74.0
1777890006.8993323,3.0,-4.0,-80.0
1777890006.9093325,1.0,-1.0,-73.0
1777890006.9193325,1.0,4.0,-70.0
1777890006.9293325,3.0,3.0,-73.0
1777890006.9393325,1.0,2.0,-72.0
1777890006.9493325,0.0,0.0,-77.0
1777890006.9593325,2.0,-1.0,-74.0
1777890006.9693325,-3.0,1.0,-75.0
1777890006.9793324,-6.0,2.0,-69.0
1777890006.9893324,-10.0,3.0,-70.0
1777890006.9993324,-2.0,5.0,-75.0
1777890007.0093324,-2.0,10.0,-76.0
1777890007.0193324,0.0,6.0,-73.0
1777890007.0293324,2.0,2.0,-74.0
1777890007.0393324,6.0,1.0,-76.0
1777890007.0493324,7.0,7.0,-69.0
1777890007.0593324,4.0,9.0,-69.0
1777890007.0693324,3.0,9.0,-69.0
1777890007.0793324,4.0,9.0,-67.0
1777890007.0893323,2.0,9.0,-70.0
1777890007.0993323,-3.0,4.0,-75.0
1777890007.1093323,-3.0,4.0,-73.0
1777890007.1193323,-1.0,1.0,-73.0
1777890007.1293323,0.0,2.0,-67.0
1777890007.1393323,-1.0,0.0,-69.0
1777890007.1493323,-2.0,-1.0,-66.0
1777890007.1593325,-2.0,2.0,-71.0
1777890007.1693325,1.0,3.0,-72.0
1777890007.1793325,1.0,1.0,-76.0
1777890007.1893325,5.0,5.0,-73.0
1777890007.1993325,6.0,5.0,-70.0
1777890007.2093325,4.0,7.0,-67.0
1777890007.2193325,1.0,1.0,-66.0
1777890007.2293324,2.0,-2.0,-71.0
1777890007.2393324,2.0,-3.0,-76.0
1777890007.2493324,1.0,0.0,-81.0
1777890007.2593324,-4.0,2.0,-73.0
1777890007.2693324,-4.0,2.0,-70.0
1777890007.2793324,0.0,0.0,-68.0
1777890007.2893324,0.0,-3.0,-70.0
1777890007.2993324,2.0,-1.0,-71.0
1777890007.3093324,3.0,-5.0,-75.0
1777890007.3193324,7.0,-6.0,-77.0
1777890007.3293324,3.0,-2.0,-78.0
1777890007.3393323,0.0,-3.0,-75.0
1777890007.3493323,-1.0,-3.0,-79.0
1777890007.3593323,-1.0,-4.0,-78.0
1777890007.3693323,1.0,-6.0,-75.0
1777890007.3793323,4.0,-4.0,-80.0
1777890007.3893323,5.0,-3.0,-80.0
1777890007.3993323,0.0,-6.0,-81.0
1777890007.4093325,-1.0,-4.0,-80.0
1777890007.4193325,-6.0,-3.0,-81.0
1777890007.4293325,-6.0,-1.0,-80.0
1777890007.4393325,0.0,-1.0,-78.0
1777890007.4493325,4.0,-1.0,-80.0
1777890007.4593325,1.0,-2.0,-85.0
1777890007.4693325,0.0,-1.0,-83.0
1777890007.4793324,-4.0,0.0,-75.0
1777890007.4893324,0.0,0.0,-74.0
1777890007.4993324,3.0,-1.0,-70.0
1777890007.5093324,4.0,1.0,-69.0
1777890007.5193324,5.0,-1.0,-62.0
1777890007.5293324,5.0,3.0,-65.0
1777890007.5393324,7.0,3.0,-65.0
1777890007.5493324,5.0,1.0,-59.0
1777890007.5593324,3.0,0.0,-65.0
1777890007.5693324,7.0,0.0,-68.0
1777890007.5793324,5.0,2.0,-68.0
1777890007.5893323,2.0,2.0,-68.0
1777890007.5993323,1.0,3.0,-71.0
1777890007.6093323,-2.0,1.0,-74.0
1777890007.6193323,-5.0,4.0,-75.0
1777890007.6293323,-2.0,2.0,-76.0
1777890007.6393323,-3.0,-1.0,-81.0
1777890007.6493323,-5.0,1.0,-79.0
1777890007.6593325,-5.0,4.0,-74.0
1777890007.6693325,-7.0,5.0,-68.0
1777890007.6793325,-12.0,5.0,-70.0
1777890007.6893325,-11.0,0.0,-69.0
1777890007.6993325,-10.0,0.0,-70.0
1777890007.7093325,-10.0,-1.0,-78.0
1777890007.7193325,-8.0,0.0,-82.0
1777890007.7293324,-6.0,0.0,-80.0
1777890007.7393324,-7.0,-2.0,-78.0
1777890007.7493324,-4.0,-3.0,-73.0
1777890007.7593324,-1.0,-6.0,-73.0
1777890007.7693324,2.0,-5.0,-70.0
1777890007.7803323,0.0,-1.0,-74.0
1777890007.7893324,0.0,-3.0,-76.0
1777890007.7993324,-2.0,-4.0,-76.0
1777890007.8093324,-5.0,-6.0,-72.0
1777890007.8193324,-4.0,-7.0,-72.0
1777890007.8293324,-6.0,-6.0,-76.0
1777890007.8393323,-3.0,-8.0,-73.0
1777890007.8493323,-5.0,-5.0,-73.0
1777890007.8593323,-1.0,-6.0,-76.0
1777890007.8693323,0.0,-5.0,-78.0
1777890007.8793323,1.0,-3.0,-77.0
1777890007.8893323,5.0,-5.0,-77.0
1777890007.8993323,3.0,-10.0,-77.0
1777890007.9093325,2.0,-5.0,-81.0
1777890007.9193325,1.0,0.0,-80.0
1777890007.9293325,3.0,3.0,-80.0
1777890007.9393325,4.0,6.0,-74.0
1777890007.9493325,0.0,1.0,-73.0
1777890007.9593325,0.0,3.0,-72.0
1777890007.9693325,-6.0,4.0,-76.0
1777890007.9793324,-3.0,3.0,-75.0
1777890007.9893324,0.0,1.0,-77.0
1777890007.9993324,1.0,2.0,-78.0
1777890008.0093324,2.0,-1.0,-78.0
1777890008.0193324,-2.0,-4.0,-76.0
1777890008.0293324,0.0,-7.0,-79.0
1777890008.0393324,-1.0,-7.0,-75.0
1777890008.0493324,-3.0,-2.0,-75.0
1777890008.0593324,-5.0,-5.0,-75.0
1777890008.0693324,-10.0,-1.0,-78.0
1777890008.0793324,-4.0,-5.0,-83.0
1777890008.0893323,-3.0,-3.0,-74.0
1777890008.0993323,1.0,-1.0,-75.0
1777890008.1093323,6.0,0.0,-78.0
1777890008.1193323,6.0,0.0,-77.0
1777890008.1293323,2.0,2.0,-75.0
1777890008.1393323,-1.0,5.0,-78.0
1777890008.1493323,2.0,0.0,-75.0
1777890008.1593325,5.0,-1.0,-79.0
1777890008.1693325,6.0,0.0,-76.0
1777890008.1793325,5.0,0.0,-83.0
1777890008.1893325,10.0,-1.0,-85.0
1777890008.1993325,6.0,0.0,-85.0
1777890008.2103324,3.0,-1.0,-79.0
1777890008.2203324,5.0,3.0,-85.0
1777890008.2303324,4.0,-1.0,-93.0
1777890008.2403324,4.0,1.0,-95.0
1777890008.2503324,5.0,1.0,-88.0
1777890008.2603323,6.0,0.0,-79.0
1777890008.2703323,6.0,-1.0,-71.0
1777890008.2803323,3.0,0.0,-72.0
1777890008.2903323,2.0,-1.0,-69.0
1777890008.3003323,3.0,-4.0,-73.0
1777890008.3103323,5.0,-5.0,-76.0
1777890008.3203323,4.0,-5.0,-81.0
1777890008.3303325,0.0,-5.0,-79.0
1777890008.3403325,1.0,-5.0,-79.0
1777890008.3503325,7.0,-4.0,-84.0
1777890008.3603325,8.0,-7.0,-77.0
1777890008.3703325,9.0,-4.0,-73.0
1777890008.3803325,5.0,-4.0,-75.0
1777890008.3903325,3.0,-8.0,-78.0
1777890008.4003325,10.0,-7.0,-82.0
1777890008.4103324,8.0,-7.0,-85.0
1777890008.4203324,7.0,-3.0,-85.0
1777890008.4303324,5.0,-3.0,-88.0
1777890008.4403324,7.0,-2.0,-89.0
1777890008.4503324,3.0,-2.0,-86.0
1777890008.4603324,-1.0,-6.0,-81.0
1777890008.4703324,0.0,-2.0,-78.0
1777890008.4803324,0.0,1.0,-74.0
1777890008.4903324,1.0,0.0,-71.0
1777890008.5003324,5.0,-3.0,-63.0
1777890008.5103323,5.0,-2.0,-63.0
1777890008.5203323,7.0,0.0,-71.0
1777890008.5303323,5.0,0.0,-75.0
1777890008.5403323,0.0,-3.0,-80.0
1777890008.5503323,1.0,1.0,-85.0
1777890008.5603323,1.0,2.0,-80.0
1777890008.5703323,2.0,4.0,-77.0
1777890008.5803325,-1.0,3.0,-78.0
1777890008.5903325,-2.0,6.0,-84.0
1777890008.6003325,-2.0,2.0,-83.0
1777890008.6103325,-4.0,0.0,-81.0
1777890008.6203325,-3.0,1.0,-87.0
1777890008.6303325,-4.0,1.0,-92.0
1777890008.6403325,-5.0,1.0,-92.0
1777890008.6503325,-3.0,0.0,-92.0
1777890008.6603324,-5.0,-5.0,-91.0
1777890008.6703324,0.0,-6.0,-81.0
1777890008.6803324,0.0,-1.0,-78.0
1777890008.6903324,-1.0,0.0,-77.0
1777890008.7003324,-5.0,-5.0,-76.0
1777890008.7103324,-7.0,-9.0,-76.0
1777890008.7203324,-5.0,-4.0,-76.0
1777890008.7303324,-7.0,0.0,-79.0
1777890008.7403324,-3.0,3.0,-76.0
1777890008.7503324,-3.0,4.0,-73.0
1777890008.7603323,-4.0,2.0,-78.0
1777890008.7703323,-1.0,1.0,-80.0
1777890008.7803323,0.0,-2.0,-76.0
1777890008.7903323,0.0,-1.0,-74.0
1777890008.8003323,2.0,-1.0,-76.0
1777890008.8103323,3.0,-3.0,-80.0
1777890008.8203323,2.0,-2.0,-77.0
1777890008.8303325,4.0,-1.0,-77.0
1777890008.8403325,1.0,-1.0,-76.0
1777890008.8503325,3.0,-1.0,-65.0
1777890008.8603325,-4.0,-3.0,-71.0
1777890008.8703325,-3.0,-2.0,-73.0
1777890008.8803325,-2.0,-4.0,-75.0
1777890008.8903325,0.0,-6.0,-74.0
1777890008.9003325,8.0,-3.0,-71.0
1777890008.9103324,6.0,-1.0,-72.0
1777890008.9203324,8.0,0.0,-78.0
1777890008.9303324,7.0,1.0,-78.0
1777890008.9403324,4.0,0.0,-75.0
1777890008.9503324,1.0,-2.0,-70.0
1777890008.9603324,-1.0,-1.0,-71.0
1777890008.9703324,2.0,0.0,-67.0
1777890008.9803324,0.0,-1.0,-69.0
1777890008.9903324,0.0,0.0,-73.0
1777890009.0003324,-4.0,0.0,-78.0
1777890009.0103323,-8.0,3.0,-74.0
1777890009.0203323,-1.0,5.0,-75.0
1777890009.0303323,0.0,6.0,-76.0
1777890009.0403323,2.0,7.0,-84.0
1777890009.0503323,0.0,1.0,-83.0
1777890009.0603323,1.0,2.0,-77.0
1777890009.0703323,2.0,2.0,-72.0
1777890009.0803325,-1.0,4.0,-73.0
1777890009.0903325,-2.0,0.0,-76.0
1777890009.1003325,-3.0,3.0,-77.0
1777890009.1103325,-5.0,-1.0,-82.0
1777890009.1203325,-3.0,1.0,-86.0
1777890009.1303325,-3.0,-2.0,-81.0
1777890009.1403325,-1.0,-3.0,-82.0
1777890009.1503325,3.0,-7.0,-74.0
1777890009.1603324,6.0,-11.0,-67.0
1777890009.1703324,5.0,-13.0,-65.0
1777890009.1803324,4.0,-11.0,-72.0
1777890009.1903324,-1.0,-6.0,-72.0
1777890009.2003324,6.0,-2.0,-75.0
1777890009.2103324,6.0,-1.0,-72.0
1777890009.2203324,5.0,0.0,-73.0
1777890009.2303324,3.0,0.0,-74.0
1777890009.2403324,1.0,2.0,-85.0
1777890009.2503324,6.0,3.0,-86.0
1777890009.2603323,10.0,-3.0,-87.0
1777890009.2703323,15.0,-2.0,-89.0
1777890009.2803323,10.0,-7.0,-87.0
1777890009.2903323,10.0,-8.0,-89.0
1777890009.3003323,9.0,-3.0,-89.0
1777890009.3103323,6.0,-4.0,-79.0
1777890009.3203323,4.0,-3.0,-82.0
1777890009.3303325,1.0,-3.0,-80.0
1777890009.3403325,1.0,-4.0,-82.0
1777890009.3503325,-2.0,0.0,-78.0
1777890009.3603325,-5.0,0.0,-78.0
1777890009.3703325,-2.0,-1.0,-76.0
1777890009.3803325,-1.0,0.0,-74.0
1777890009.3903325,0.0,-1.0,-75.0
1777890009.4003325,-2.0,-1.0,-72.0
1777890009.4103324,-5.0,-1.0,-71.0
1777890009.4203324,-3.0,-1.0,-73.0
1777890009.4303324,0.0,-3.0,-71.0
1777890009.4403324,0.0,-2.0,-70.0
1777890009.4503324,1.0,1.0,-72.0
1777890009.4603324,0.0,0.0,-73.0
1777890009.4703324,1.0,-1.0,-74.0
1777890009.4803324,-3.0,1.0,-69.0
1777890009.4903324,-3.0,0.0,-68.0
1777890009.5003324,-6.0,-2.0,-69.0
1777890009.5103323,-6.0,-2.0,-72.0
1777890009.5203323,-3.0,0.0,-70.0
1777890009.5303323,1.0,-3.0,-76.0
1777890009.5403323,4.0,-5.0,-74.0
1777890009.5503323,6.0,-2.0,-65.0
1777890009.5603323,6.0,-3.0,-73.0
1777890009.5703323,0.0,-9.0,-76.0
1777890009.5803325,3.0,-6.0,-73.0
1777890009.5903325,2.0,0.0,-77.0
1777890009.6003325,3.0,-1.0,-77.0
1777890009.6103325,3.0,0.0,-78.0
1777890009.6203325,5.0,0.0,-81.0
1777890009.6303325,0.0,0.0,-86.0
1777890009.6403325,0.0,1.0,-86.0
1777890009.6503325,-5.0,-1.0,-93.0
1777890009.6603324,-6.0,0.0,-92.0
1777890009.6703324,-8.0,0.0,-90.0
1777890009.6803324,-7.0,0.0,-91.0
1777890009.6903324,-6.0,-6.0,-84.0
1777890009.7003324,-2.0,-6.0,-79.0
1777890009.7103324,0.0,-4.0,-76.0
1777890009.7203324,-1.0,0.0,-80.0
1777890009.7303324,0.0,1.0,-77.0
1777890009.7403324,0.0,0.0,-81.0
1777890009.7503324,0.0,1.0,-85.0
1777890009.7603323,0.0,0.0,-84.0
1777890009.7703323,0.0,-2.0,-87.0
1777890009.7803323,2.0,-2.0,-80.0
1777890009.7903323,3.0,-1.0,-79.0
1777890009.8003323,6.0,-1.0,-73.0
1777890009.8103323,8.0,-1.0,-75.0
1777890009.8203323,10.0,0.0,-82.0
1777890009.8303325,10.0,0.0,-82.0
1777890009.8403325,8.0,3.0,-84.0
1777890009.8503325,7.0,3.0,-82.0
1777890009.8603325,4.0,0.0,-81.0
1777890009.8703325,4.0,0.0,-74.0
1777890009.8803325,1.0,0.0,-81.0
1777890009.8903325,4.0,1.0,-84.0
1777890009.9003325,8.0,0.0,-80.0
1777890009.9103324,7.0,-1.0,-80.0
1777890009.9203324,0.0,0.0,-75.0
1777890009.9303324,-3.0,0.0,-72.0
1777890009.9403324,-3.0,-3.0,-72.0
1777890009.9503324,-3.0,3.0,-67.0
1777890009.9603324,-1.0,1.0,-71.0
1777890009.9703324,0.0,-1.0,-80.0
1777890009.9803324,0.0,-1.0,-74.0
1777890009.9903324,1.0,0.0,-74.0
1777890010.0003324,0.0,5.0,-76.0
1777890010.0103323,1.0,3.0,-75.0
1777890010.0203323,3.0,4.0,-73.0
1777890010.0303323,1.0,2.0,-68.0
1777890010.0403323,1.0,0.0,-71.0
1777890010.0503323,-2.0,0.0,-75.0
1777890010.0603323,0.0,0.0,-73.0
1777890010.0703323,1.0,-4.0,-77.0
1777890010.0803325,1.0,-5.0,-75.0
1777890010.0903325,-1.0,-1.0,-81.0
1777890010.1003325,-2.0,-4.0,-85.0
1777890010.1103325,0.0,-2.0,-85.0
1777890010.1203325,-1.0,-6.0,-89.0
1777890010.1303325,0.0,-10.0,-89.0
1777890010.1403325,1.0,-14.0,-89.0
1777890010.1503325,0.0,-13.0,-89.0
1777890010.1603324,0.0,-13.0,-85.0
1777890010.1713324,0.0,-6.0,-81.0
1777890010.1803324,-1.0,-3.0,-77.0
1777890010.1913323,1.0,-6.0,-84.0
1777890010.2013323,1.0,-2.0,-78.0
1777890010.2113323,-4.0,-1.0,-78.0
1777890010.2213323,-2.0,-2.0,-78.0
1777890010.2313323,0.0,-1.0,-82.0
1777890010.2413323,-1.0,1.0,-75.0
1777890010.2513323,-2.0,1.0,-71.0
1777890010.2613325,-1.0,0.0,-69.0
1777890010.2713325,-2.0,-5.0,-75.0
1777890010.2813325,-1.0,-5.0,-75.0
1777890010.2913325,-2.0,0.0,-73.0
1777890010.3013325,0.0,0.0,-80.0
1777890010.3113325,2.0,3.0,-79.0
1777890010.3213325,0.0,5.0,-77.0
1777890010.3313324,2.0,1.0,-74.0
1777890010.3413324,0.0,2.0,-73.0
1777890010.3513324,1.0,5.0,-76.0
1777890010.3613324,5.0,1.0,-75.0
1777890010.3713324,5.0,2.0,-74.0
1777890010.3813324,6.0,-1.0,-76.0
1777890010.3913324,6.0,-3.0,-85.0
1777890010.4013324,3.0,-3.0,-83.0
1777890010.4113324,-3.0,-4.0,-84.0
1777890010.4213324,-4.0,-1.0,-82.0
1777890010.4313323,0.0,-2.0,-81.0
1777890010.4413323,1.0,0.0,-82.0
1777890010.4513323,0.0,1.0,-81.0
1777890010.4613323,0.0,0.0,-82.0
1777890010.4713323,0.0,0.0,-84.0
1777890010.4813323,-2.0,1.0,-84.0
1777890010.4913323,-5.0,4.0,-86.0
1777890010.5013323,0.0,8.0,-82.0
1777890010.5113325,0.0,7.0,-81.0
1777890010.5213325,1.0,6.0,-80.0
1777890010.5313325,-2.0,7.0,-81.0
1777890010.5413325,-1.0,1.0,-78.0
1777890010.5513325,0.0,0.0,-77.0
1777890010.5613325,0.0,1.0,-70.0
1777890010.5713325,0.0,0.0,-67.0
1777890010.5813324,-1.0,-5.0,-69.0
1777890010.5913324,1.0,-5.0,-70.0
1777890010.6013324,3.0,-5.0,-70.0
1777890010.6113324,4.0,-1.0,-68.0
1777890010.6213324,4.0,2.0,-68.0
1777890010.6313324,3.0,1.0,-75.0
1777890010.6413324,7.0,1.0,-79.0
1777890010.6513324,7.0,-1.0,-72.0
1777890010.6613324,1.0,-2.0,-72.0
1777890010.6713324,-1.0,-2.0,-73.0
1777890010.6813323,-1.0,-2.0,-75.0
1777890010.6913323,-3.0,0.0,-71.0
1777890010.7013323,-6.0,0.0,-75.0
1777890010.7113323,-5.0,1.0,-79.0
1777890010.7213323,-2.0,0.0,-75.0
1777890010.7313323,-1.0,0.0,-72.0
1777890010.7413323,-3.0,0.0,-64.0
1777890010.7513323,1.0,0.0,-66.0
1777890010.7613325,4.0,0.0,-68.0
1777890010.7713325,5.0,0.0,-74.0
1777890010.7813325,3.0,-1.0,-79.0
1777890010.7913325,2.0,-3.0,-73.0
1777890010.8013325,0.0,1.0,-70.0
1777890010.8113325,0.0,1.0,-69.0
1777890010.8213325,-2.0,-2.0,-68.0
1777890010.8313324,-1.0,-5.0,-70.0
1777890010.8413324,-5.0,-7.0,-68.0
1777890010.8513324,-1.0,-3.0,-69.0
1777890010.8613324,-2.0,0.0,-73.0
1777890010.8713324,4.0,0.0,-73.0
1777890010.8813324,6.0,-3.0,-74.0
1777890010.8913324,4.0,-1.0,-75.0
1777890010.9013324,1.0,1.0,-72.0
1777890010.9113324,0.0,-1.0,-68.0
1777890010.9213324,0.0,-2.0,-68.0
1777890010.9313323,2.0,-1.0,-72.0
1777890010.9413323,4.0,0.0,-70.0
1777890010.9513323,4.0,0.0,-73.0
1777890010.9613323,0.0,0.0,-76.0
1777890010.9713323,2.0,-1.0,-74.0
1777890010.9813323,0.0,3.0,-78.0
1777890010.9913323,4.0,-3.0,-75.0
1777890011.0013323,3.0,-1.0,-72.0
1777890011.0113325,0.0,2.0,-72.0
1777890011.0213325,-1.0,3.0,-71.0
1777890011.0313325,2.0,3.0,-69.0
1777890011.0413325,2.0,1.0,-72.0
1777890011.0513325,2.0,-1.0,-76.0
1777890011.0613325,1.0,0.0,-75.0
1777890011.0713325,3.0,0.0,-83.0
1777890011.0813324,4.0,-4.0,-90.0
1777890011.0913324,6.0,-3.0,-83.0
1777890011.1013324,7.0,-3.0,-86.0
1777890011.1113324,7.0,0.0,-76.0
1777890011.1213324,8.0,1.0,-81.0
1777890011.1313324,9.0,2.0,-87.0
1777890011.1413324,3.0,0.0,-84.0
1777890011.1513324,3.0,2.0,-80.0
1777890011.1613324,4.0,0.0,-79.0
1777890011.1713324,1.0,-1.0,-79.0
1777890011.1813323,0.0,0.0,-80.0
1777890011.1913323,0.0,1.0,-80.0
1777890011.2013323,-1.0,1.0,-75.0
1777890011.2113323,-2.0,0.0,-71.0
1777890011.2213323,-3.0,-2.0,-67.0
1777890011.2313323,-2.0,-2.0,-73.0
1777890011.2413323,0.0,-3.0,-75.0
1777890011.2513323,-3.0,-1.0,-73.0
1777890011.2613325,-2.0,0.0,-70.0
1777890011.2713325,4.0,1.0,-73.0
1777890011.2813325,3.0,-2.0,-72.0
1777890011.2913325,4.0,-6.0,-76.0
1777890011.3013325,0.0,-5.0,-72.0
1777890011.3113325,-2.0,-2.0,-75.0
1777890011.3213325,1.0,1.0,-72.0
1777890011.3313324,5.0,0.0,-65.0
1777890011.3413324,7.0,2.0,-69.0
1777890011.3513324,1.0,0.0,-76.0
1777890011.3613324,2.0,0.0,-79.0
1777890011.3713324,0.0,4.0,-78.0
1777890011.3813324,4.0,3.0,-74.0
1777890011.3913324,2.0,5.0,-73.0
1777890011.4013324,1.0,1.0,-71.0
1777890011.4113324,0.0,-1.0,-74.0
1777890011.4213324,-2.0,-2.0,-76.0
1777890011.4313323,0.0,-3.0,-83.0
1777890011.4413323,2.0,-1.0,-80.0
1777890011.4513323,-3.0,-7.0,-78.0
1777890011.4613323,-2.0,-10.0,-80.0
1777890011.4713323,-2.0,-8.0,-84.0
1777890011.4813323,0.0,-6.0,-82.0
1777890011.4913323,2.0,-1.0,-77.0
1777890011.5013323,2.0,1.0,-82.0
1777890011.5113325,1.0,3.0,-77.0
1777890011.5213325,0.0,0.0,-81.0
1777890011.5313325,-4.0,-2.0,-79.0
1777890011.5413325,-1.0,-1.0,-80.0
1777890011.5513325,1.0,1.0,-82.0
1777890011.5613325,1.0,0.0,-84.0
1777890011.5713325,2.0,-2.0,-86.0
1777890011.5813324,4.0,-5.0,-76.0
1777890011.5913324,2.0,-1.0,-69.0
1777890011.6013324,0.0,-5.0,-68.0
1777890011.6113324,2.0,-2.0,-67.0
1777890011.6213324,6.0,0.0,-68.0
1777890011.6313324,11.0,2.0,-67.0
1777890011.6413324,16.0,6.0,-74.0
1777890011.6513324,17.0,7.0,-77.0
1777890011.6613324,9.0,3.0,-80.0
1777890011.6713324,6.0,0.0,-81.0
1777890011.6813323,1.0,0.0,-70.0
1777890011.6913323,0.0,-4.0,-66.0
1777890011.7013323,-1.0,0.0,-77.0
1777890011.7113323,-5.0,5.0,-76.0
1777890011.7213323,-8.0,5.0,-75.0
1777890011.7313323,-6.0,3.0,-79.0
1777890011.7413323,-3.0,0.0,-80.0
1777890011.7513323,1.0,0.0,-80.0
1777890011.7613325,3.0,-1.0,-87.0
1777890011.7713325,0.0,-1.0,-91.0
1777890011.7813325,2.0,0.0,-86.0
1777890011.7913325,5.0,1.0,-84.0
1777890011.8013325,1.0,4.0,-84.0
1777890011.8113325,0.0,7.0,-80.0
1777890011.8213325,0.0,6.0,-85.0
1777890011.8313324,1.0,3.0,-86.0
1777890011.8413324,3.0,2.0,-76.0
1777890011.8513324,0.0,1.0,-63.0
1777890011.8613324,0.0,-1.0,-74.0
1777890011.8713324,3.0,-4.0,-73.0
1777890011.8813324,6.0,-3.0,-78.0
1777890011.8913324,3.0,-3.0,-82.0
1777890011.9013324,2.0,-4.0,-80.0
1777890011.9113324,4.0,-6.0,-80.0
1777890011.9213324,8.0,-4.0,-73.0
1777890011.9313323,3.0,-4.0,-68.0
1777890011.9413323,0.0,-5.0,-77.0
1777890011.9513323,0.0,-1.0,-74.0
1777890011.9613323,-2.0,0.0,-71.0
1777890011.9713323,-3.0,2.0,-73.0
1777890011.9813323,0.0,4.0,-75.0
1777890011.9913323,3.0,3.0,-67.0
1777890012.0013323,0.0,4.0,-70.0
1777890012.0113325,-3.0,6.0,-75.0
1777890012.0213325,-3.0,6.0,-77.0
1777890012.0313325,0.0,5.0,-74.0
1777890012.0413325,2.0,4.0,-69.0
1777890012.0513325,1.0,4.0,-68.0
1777890012.0613325,0.0,2.0,-71.0
1777890012.0713325,-2.0,1.0,-72.0
1777890012.0813324,1.0,5.0,-73.0
1777890012.0913324,1.0,8.0,-70.0
1777890012.1013324,0.0,11.0,-67.0
1777890012.1113324,1.0,11.0,-68.0
1777890012.1213324,-2.0,10.0,-69.0
1777890012.1313324,-2.0,9.0,-74.0
1777890012.1413324,4.0,9.0,-76.0
1777890012.1513324,3.0,7.0,-81.0
1777890012.1613324,4.0,4.0,-88.0
1777890012.1723323,4.0,4.0,-83.0
1777890012.1823325,3.0,5.0,-80.0
1777890012.1923325,3.0,6.0,-78.0
1777890012.2023325,-2.0,4.0,-73.0
1777890012.2123325,-1.0,2.0,-78.0
1777890012.2223325,1.0,-1.0,-83.0
1777890012.2323325,3.0,-5.0,-82.0
1777890012.2423325,1.0,-6.0,-85.0
1777890012.2523324,-2.0,-8.0,-80.0
1777890012.2623324,-2.0,-13.0,-82.0
1777890012.2723324,0.0,-17.0,-84.0
1777890012.2823324,-1.0,-17.0,-81.0
1777890012.2923324,-5.0,-13.0,-79.0
1777890012.3023324,-1.0,-9.0,-75.0
1777890012.3123324,-2.0,-5.0,-76.0
1777890012.3223324,-6.0,-5.0,-74.0
1777890012.3323324,-9.0,-4.0,-69.0
1777890012.3423324,-4.0,-11.0,-71.0
1777890012.3523324,-8.0,-7.0,-75.0
1777890012.3623323,-9.0,-5.0,-75.0
1777890012.3723323,-2.0,-6.0,-82.0
1777890012.3823323,1.0,-4.0,-77.0
1777890012.3923323,-3.0,-5.0,-79.0
1777890012.4023323,-2.0,-4.0,-74.0
1777890012.4123323,-1.0,-5.0,-73.0
1777890012.4223323,0.0,-2.0,-70.0
1777890012.4323325,0.0,0.0,-70.0
1777890012.4423325,-2.0,-3.0,-67.0
1777890012.4523325,0.0,-4.0,-76.0
1777890012.4623325,-1.0,-5.0,-74.0
1777890012.4723325,6.0,-5.0,-72.0
1777890012.4823325,9.0,-2.0,-68.0
1777890012.4923325,8.0,-5.0,-68.0
1777890012.5023324,8.0,0.0,-68.0
1777890012.5123324,9.0,-1.0,-66.0
1777890012.5223324,2.0,-1.0,-71.0
1777890012.5323324,2.0,0.0,-77.0
1777890012.5423324,2.0,1.0,-77.0
1777890012.5523324,0.0,3.0,-72.0
1777890012.5623324,-1.0,2.0,-69.0
1777890012.5723324,2.0,2.0,-68.0
1777890012.5823324,2.0,3.0,-71.0
1777890012.5933323,1.0,0.0,-68.0
1777890012.6023324,0.0,-1.0,-65.0
1777890012.6123323,0.0,-2.0,-71.0
1777890012.6223323,-2.0,-3.0,-66.0
1777890012.6323323,-1.0,-5.0,-70.0
1777890012.6423323,1.0,-7.0,-79.0
1777890012.6523323,4.0,-9.0,-85.0
1777890012.6623323,3.0,-7.0,-85.0
1777890012.6723323,5.0,-6.0,-89.0
1777890012.6823325,6.0,-5.0,-87.0
1777890012.6923325,4.0,-5.0,-82.0
1777890012.7023325,0.0,-5.0,-82.0
1777890012.7123325,2.0,-7.0,-87.0
1777890012.7223325,8.0,-7.0,-88.0
1777890012.7323325,3.0,-7.0,-91.0
1777890012.7423325,0.0,-2.0,-88.0
1777890012.7523324,0.0,-7.0,-80.0
1777890012.7623324,4.0,-6.0,-83.0
1777890012.7723324,5.0,-9.0,-83.0
1777890012.7823324,7.0,-9.0,-80.0
1777890012.7923324,5.0,-6.0,-81.0
1777890012.8023324,3.0,-5.0,-84.0
1777890012.8123324,7.0,-4.0,-86.0
1777890012.8223324,7.0,-1.0,-82.0
1777890012.8323324,2.0,-6.0,-81.0
1777890012.8423324,1.0,-3.0,-74.0
1777890012.8523324,2.0,-3.0,-69.0
1777890012.8623323,4.0,3.0,-67.0
1777890012.8723323,4.0,1.0,-67.0
1777890012.8823323,4.0,2.0,-69.0
1777890012.8923323,3.0,3.0,-71.0
1777890012.9023323,7.0,-1.0,-69.0
1777890012.9123323,7.0,-5.0,-74.0
1777890012.9223323,12.0,-6.0,-70.0
1777890012.9323325,12.0,-4.0,-76.0
1777890012.9423325,8.0,0.0,-77.0
1777890012.9523325,4.0,0.0,-83.0
1777890012.9623325,1.0,-2.0,-76.0
1777890012.9723325,1.0,-9.0,-75.0
1777890012.9823325,-3.0,-10.0,-71.0
1777890012.9923325,-4.0,-11.0,-72.0
1777890013.0023324,-4.0,-10.0,-72.0
1777890013.0123324,-4.0,-7.0,-79.0
1777890013.0223324,-1.0,-7.0,-74.0
1777890013.0323324,-3.0,-5.0,-75.0
1777890013.0423324,-3.0,-6.0,-80.0
1777890013.0523324,-6.0,-3.0,-84.0
1777890013.0623324,-1.0,-1.0,-78.0
1777890013.0723324,2.0,6.0,-80.0
1777890013.0823324,1.0,1.0,-76.0
1777890013.0923324,3.0,0.0,-71.0
1777890013.1023324,0.0,-1.0,-71.0
1777890013.1123323,0.0,2.0,-74.0
1777890013.1223323,2.0,-1.0,-77.0
1777890013.1323323,1.0,-3.0,-75.0
1777890013.1423323,-2.0,-4.0,-77.0
1777890013.1523323,-7.0,-4.0,-85.0
1777890013.1623323,-8.0,-4.0,-86.0
1777890013.1723323,-4.0,-5.0,-87.0
1777890013.1823325,4.0,-4.0,-87.0
1777890013.1923325,3.0,-2.0,-84.0
1777890013.2023325,6.0,-1.0,-79.0
1777890013.2123325,4.0,-2.0,-78.0
1777890013.2223325,0.0,-1.0,-83.0
1777890013.2323325,-2.0,0.0,-82.0
1777890013.2423325,0.0,1.0,-75.0
1777890013.2523324,2.0,3.0,-73.0
1777890013.2623324,6.0,4.0,-75.0
1777890013.2723324,9.0,0.0,-76.0
1777890013.2823324,4.0,-2.0,-71.0
1777890013.2923324,4.0,1.0,-71.0
1777890013.3023324,0.0,0.0,-73.0
1777890013.3123324,0.0,-3.0,-71.0
1777890013.3223324,1.0,-3.0,-72.0
1777890013.3323324,4.0,-2.0,-75.0
1777890013.3423324,2.0,-5.0,-74.0
1777890013.3523324,2.0,-4.0,-75.0
1777890013.3623323,1.0,-8.0,-76.0
1777890013.3723323,-4.0,-7.0,-77.0
1777890013.3823323,0.0,-4.0,-79.0
1777890013.3923323,0.0,-4.0,-83.0
1777890013.4023323,-1.0,-6.0,-80.0
1777890013.4123323,-1.0,-2.0,-71.0
1777890013.4223323,0.0,0.0,-68.0
1777890013.4323325,0.0,0.0,-75.0
1777890013.4423325,-1.0,7.0,-75.0
1777890013.4523325,-3.0,4.0,-70.0
1777890013.4623325,-3.0,0.0,-63.0
1777890013.4723325,-2.0,-4.0,-63.0
1777890013.4823325,0.0,-3.0,-62.0
1777890013.4923325,1.0,0.0,-60.0
1777890013.5023324,-3.0,2.0,-64.0
1777890013.5123324,-3.0,5.0,-68.0
1777890013.5223324,-6.0,10.0,-65.0
1777890013.5323324,-4.0,10.0,-67.0
1777890013.5423324,-4.0,6.0,-73.0
1777890013.5523324,0.0,6.0,-71.0
1777890013.5623324,1.0,4.0,-69.0
1777890013.5723324,0.0,7.0,-71.0
1777890013.5823324,0.0,8.0,-74.0
1777890013.5923324,0.0,7.0,-84.0
1777890013.6023324,5.0,10.0,-77.0
1777890013.6123323,0.0,12.0,-75.0
1777890013.6223323,1.0,12.0,-79.0
1777890013.6323323,2.0,6.0,-84.0
1777890013.6423323,3.0,7.0,-82.0
1777890013.6523323,4.0,1.0,-78.0
1777890013.6623323,3.0,-1.0,-76.0
1777890013.6723323,2.0,0.0,-76.0
1777890013.6823325,5.0,-1.0,-73.0
1777890013.6923325,6.0,-3.0,-64.0
1777890013.7023325,9.0,-3.0,-64.0
1777890013.7123325,10.0,-7.0,-61.0
1777890013.7223325,11.0,-5.0,-68.0
1777890013.7323325,10.0,-2.0,-73.0
1777890013.7423325,10.0,0.0,-74.0
1777890013.7523324,5.0,-3.0,-68.0
1777890013.7623324,4.0,-4.0,-72.0
1777890013.7723324,3.0,-4.0,-74.0
1777890013.7823324,0.0,-7.0,-73.0
1777890013.7923324,-1.0,-2.0,-74.0
1777890013.8023324,0.0,-5.0,-75.0
1777890013.8123324,1.0,-7.0,-77.0
1777890013.8223324,-4.0,-8.0,-75.0
1777890013.8323324,-4.0,0.0,-74.0
1777890013.8423324,-4.0,4.0,-74.0
1777890013.8523324,-4.0,5.0,-74.0
1777890013.8623323,-3.0,6.0,-74.0
1777890013.8723323,-2.0,0.0,-78.0
1777890013.8823323,0.0,0.0,-66.0
1777890013.8923323,2.0,0.0,-63.0
1777890013.9023323,3.0,2.0,-66.0
1777890013.9123323,4.0,0.0,-70.0
1777890013.9223323,7.0,1.0,-78.0
1777890013.9323325,11.0,-1.0,-79.0
1777890013.9423325,9.0,0.0,-79.0
1777890013.9523325,6.0,1.0,-79.0
1777890013.9623325,5.0,-2.0,-83.0
1777890013.9723325,4.0,-3.0,-86.0
1777890013.9823325,6.0,1.0,-88.0
1777890013.9923325,11.0,2.0,-86.0
1777890014.0023324,7.0,-2.0,-76.0
1777890014.0123324,5.0,-1.0,-65.0
1777890014.0223324,2.0,0.0,-66.0
1777890014.0323324,0.0,-3.0,-65.0
1777890014.0423324,-1.0,-2.0,-73.0
1777890014.0523324,-2.0,-3.0,-76.0
1777890014.0623324,-3.0,1.0,-81.0
1777890014.0723324,0.0,1.0,-81.0
1777890014.0823324,4.0,2.0,-79.0
1777890014.0923324,2.0,4.0,-75.0
1777890014.1023324,3.0,0.0,-76.0
1777890014.1123323,0.0,0.0,-81.0
1777890014.1223323,3.0,0.0,-84.0
1777890014.1333325,5.0,0.0,-84.0
1777890014.1433325,4.0,2.0,-75.0
1777890014.1533325,4.0,3.0,-71.0
1777890014.1633325,1.0,0.0,-73.0
1777890014.1733325,-3.0,2.0,-73.0
1777890014.1833324,-3.0,1.0,-71.0
1777890014.1933324,-4.0,-1.0,-66.0
1777890014.2033324,-6.0,-2.0,-59.0
1777890014.2133324,-10.0,-1.0,-63.0
1777890014.2233324,-8.0,-3.0,-62.0
1777890014.2333324,-7.0,-4.0,-59.0
1777890014.2433324,-8.0,-9.0,-66.0
1777890014.2533324,-6.0,-9.0,-69.0
1777890014.2633324,-10.0,-5.0,-67.0
1777890014.2733324,-6.0,-3.0,-67.0
1777890014.2833323,-3.0,1.0,-72.0
1777890014.2933323,-2.0,1.0,-80.0
1777890014.3033323,0.0,-2.0,-76.0
1777890014.3133323,0.0,-3.0,-75.0
1777890014.3233323,5.0,-4.0,-81.0
1777890014.3333323,8.0,1.0,-78.0
1777890014.3433323,6.0,3.0,-73.0
1777890014.3533323,6.0,4.0,-81.0
1777890014.3633325,6.0,7.0,-83.0
1777890014.3733325,6.0,4.0,-80.0
1777890014.3833325,5.0,3.0,-78.0
1777890014.3933325,8.0,2.0,-73.0
1777890014.4033325,4.0,-1.0,-81.0
1777890014.4133325,3.0,0.0,-75.0
1777890014.4233325,2.0,4.0,-77.0
1777890014.4333324,4.0,3.0,-76.0
1777890014.4433324,1.0,5.0,-70.0
1777890014.4533324,0.0,6.0,-70.0
1777890014.4633324,-1.0,2.0,-75.0
1777890014.4733324,-1.0,1.0,-76.0
1777890014.4833324,0.0,-3.0,-69.0
1777890014.4933324,-3.0,-5.0,-69.0
1777890014.5033324,-3.0,-4.0,-68.0
1777890014.5133324,-4.0,-6.0,-71.0
1777890014.5233324,3.0,-1.0,-65.0
1777890014.5333323,5.0,-3.0,-68.0
1777890014.5433323,5.0,-4.0,-67.0
1777890014.5533323,6.0,-2.0,-69.0
1777890014.5633323,4.0,-1.0,-71.0
1777890014.5733323,2.0,0.0,-73.0
1777890014.5833323,3.0,7.0,-70.0
1777890014.5933323,-1.0,6.0,-68.0
1777890014.6033323,-1.0,6.0,-66.0
1777890014.6133325,-5.0,5.0,-71.0
1777890014.6233325,-2.0,5.0,-76.0
1777890014.6333325,-4.0,3.0,-73.0
1777890014.6433325,0.0,5.0,-73.0
1777890014.6533325,-4.0,0.0,-72.0
1777890014.6633325,-3.0,0.0,-70.0
1777890014.6733325,1.0,-1.0,-78.0
1777890014.6833324,5.0,-4.0,-76.0
1777890014.6933324,3.0,-6.0,-82.0
1777890014.7033324,4.0,-4.0,-80.0
1777890014.7133324,6.0,-4.0,-82.0
1777890014.7233324,2.0,-5.0,-85.0
1777890014.7333324,0.0,2.0,-88.0
1777890014.7433324,0.0,6.0,-76.0
1777890014.7533324,0.0,3.0,-76.0
1777890014.7633324,-1.0,5.0,-82.0
1777890014.7733324,-1.0,4.0,-82.0
1777890014.7833323,0.0,2.0,-87.0
1777890014.7933323,0.0,1.0,-80.0
1777890014.8033323,0.0,0.0,-82.0
1777890014.8133323,0.0,4.0,-80.0
1777890014.8233323,-2.0,4.0,-80.0
1777890014.8333323,-5.0,2.0,-67.0
1777890014.8433323,-6.0,4.0,-70.0
1777890014.8533323,-5.0,1.0,-76.0
1777890014.8633325,-2.0,2.0,-72.0
1777890014.8733325,2.0,-1.0,-71.0
1777890014.8833325,0.0,0.0,-74.0
1777890014.8933325,0.0,-1.0,-71.0
1777890014.9033325,3.0,1.0,-70.0
1777890014.9133325,2.0,0.0,-79.0
1777890014.9233325,4.0,-1.0,-87.0
1777890014.9333324,3.0,1.0,-88.0
1777890014.9433324,4.0,-3.0,-84.0
1777890014.9533324,2.0,-5.0,-80.0
1777890014.9633324,4.0,-4.0,-81.0
1777890014.9733324,0.0,-1.0,-83.0
1777890014.9833324,2.0,2.0,-79.0
1777890014.9933324,1.0,-2.0,-82.0
1777890015.0033324,2.0,0.0,-83.0
1777890015.0133324,0.0,0.0,-84.0
1777890015.0233324,3.0,4.0,-84.0
1777890015.0333323,3.0,6.0,-84.0
1777890015.0433323,8.0,4.0,-87.0
1777890015.0533323,12.0,2.0,-89.0
1777890015.0633323,10.0,0.0,-79.0
1777890015.0733323,6.0,1.0,-79.0
1777890015.0833323,3.0,0.0,-77.0
1777890015.0933323,2.0,-1.0,-76.0
1777890015.1033323,1.0,2.0,-75.0
1777890015.1133325,2.0,2.0,-74.0
1777890015.1233325,-1.0,1.0,-65.0
1777890015.1333325,0.0,-4.0,-67.0
1777890015.1433325,0.0,-6.0,-65.0
1777890015.1533325,-1.0,-2.0,-66.0
1777890015.1633325,0.0,0.0,-70.0
1777890015.1733325,1.0,1.0,-64.0
1777890015.1833324,1.0,2.0,-63.0
1777890015.1933324,2.0,5.0,-64.0
1777890015.2033324,2.0,2.0,-67.0
1777890015.2133324,0.0,6.0,-67.0
1777890015.2233324,2.0,2.0,-60.0
1777890015.2333324,0.0,2.0,-69.0
1777890015.2433324,0.0,4.0,-66.0
1777890015.2533324,0.0,1.0,-67.0
1777890015.2633324,1.0,0.0,-72.0
1777890015.2733324,6.0,-3.0,-69.0
1777890015.2833323,7.0,2.0,-66.0
1777890015.2933323,4.0,2.0,-62.0
1777890015.3033323,4.0,4.0,-56.0
1777890015.3133323,4.0,6.0,-52.0
1777890015.3233323,5.0,1.0,-61.0
1777890015.3333323,7.0,0.0,-67.0
1777890015.3433323,5.0,0.0,-65.0
1777890015.3533323,1.0,-3.0,-65.0
1777890015.3633325,0.0,-1.0,-67.0
1777890015.3733325,-1.0,0.0,-62.0
1777890015.3833325,1.0,3.0,-55.0
1777890015.3933325,0.0,1.0,-56.0
1777890015.4033325,0.0,0.0,-64.0
1777890015.4133325,-2.0,-1.0,-69.0
1777890015.4233325,2.0,-2.0,-70.0
1777890015.4333324,2.0,-6.0,-69.0
1777890015.4433324,3.0,-7.0,-69.0
1777890015.4533324,6.0,-9.0,-72.0
1777890015.4633324,7.0,-7.0,-71.0
1777890015.4733324,10.0,-3.0,-64.0
1777890015.4833324,11.0,-2.0,-67.0
1777890015.4933324,7.0,-5.0,-64.0
1777890015.5033324,8.0,-8.0,-70.0
1777890015.5133324,11.0,-4.0,-67.0
1777890015.5233324,8.0,-2.0,-76.0
1777890015.5333323,6.0,2.0,-81.0
1777890015.5433323,5.0,3.0,-88.0
1777890015.5533323,5.0,3.0,-83.0
1777890015.5633323,4.0,2.0,-84.0
1777890015.5733323,6.0,0.0,-85.0
1777890015.5833323,5.0,1.0,-80.0
1777890015.5933323,2.0,0.0,-79.0
1777890015.6033323,0.0,-2.0,-85.0
1777890015.6133325,0.0,-1.0,-74.0
1777890015.6233325,0.0,0.0,-81.0
1777890015.6333325,0.0,-2.0,-82.0
1777890015.6433325,-1.0,0.0,-79.0
1777890015.6533325,-1.0,-3.0,-76.0
1777890015.6633325,0.0,-4.0,-72.0
1777890015.6733325,-3.0,-5.0,-73.0
1777890015.6833324,-1.0,0.0,-65.0
1777890015.6933324,-7.0,-1.0,-66.0
1777890015.7033324,-5.0,-4.0,-75.0
1777890015.7133324,-7.0,-5.0,-82.0
1777890015.7233324,-3.0,-5.0,-84.0
1777890015.7333324,0.0,-6.0,-82.0
1777890015.7433324,2.0,-7.0,-77.0
1777890015.7533324,3.0,-6.0,-73.0
1777890015.7633324,5.0,-6.0,-76.0
1777890015.7733324,4.0,-6.0,-72.0
1777890015.7833323,5.0,0.0,-62.0
1777890015.7933323,4.0,0.0,-58.0
1777890015.8033323,3.0,1.0,-56.0
1777890015.8133323,3.0,1.0,-66.0
1777890015.8233323,3.0,1.0,-71.0
1777890015.8333323,4.0,-1.0,-76.0
1777890015.8433323,1.0,-4.0,-74.0
1777890015.8533323,0.0,-4.0,-74.0
1777890015.8633325,5.0,-2.0,-65.0
1777890015.8733325,1.0,0.0,-67.0
1777890015.8833325,2.0,-2.0,-68.0
1777890015.8933325,5.0,-2.0,-69.0
1777890015.9033325,7.0,5.0,-65.0
1777890015.9133325,5.0,4.0,-67.0
1777890015.9233325,1.0,5.0,-69.0
1777890015.9333324,-3.0,2.0,-72.0
1777890015.9433324,-4.0,1.0,-79.0
1777890015.9533324,-4.0,-7.0,-79.0
1777890015.9633324,-4.0,-4.0,-78.0
1777890015.9733324,0.0,-4.0,-76.0
1777890015.9833324,0.0,-2.0,-72.0
1777890015.9933324,1.0,-4.0,-72.0
1777890016.0033324,0.0,-5.0,-78.0
1777890016.0133324,0.0,-6.0,-79.0
1777890016.0233324,3.0,-6.0,-79.0
1777890016.0333323,8.0,-7.0,-82.0
1777890016.0433323,4.0,-5.0,-80.0
1777890016.0533323,5.0,-2.0,-77.0
1777890016.0633323,2.0,1.0,-74.0
1777890016.0733323,5.0,0.0,-73.0
1777890016.0833323,0.0,-1.0,-69.0
1777890016.0933323,-3.0,-1.0,-70.0
1777890016.1033323,-2.0,3.0,-74.0
1777890016.1143324,-2.0,5.0,-83.0
1777890016.1243324,0.0,0.0,-78.0
1777890016.1343324,5.0,0.0,-73.0
1777890016.1443324,5.0,0.0,-69.0
1777890016.1543324,5.0,2.0,-72.0
1777890016.1643324,8.0,5.0,-75.0
1777890016.1743324,6.0,10.0,-72.0
1777890016.1843324,7.0,9.0,-78.0
1777890016.1943324,1.0,6.0,-83.0
1777890016.2043324,2.0,3.0,-76.0
1777890016.2143323,-1.0,0.0,-71.0
1777890016.2243323,-2.0,0.0,-73.0
1777890016.2343323,-1.0,-2.0,-79.0
1777890016.2443323,0.0,1.0,-81.0
1777890016.2543323,0.0,3.0,-79.0
1777890016.2643323,-2.0,3.0,-82.0
1777890016.2743323,0.0,5.0,-87.0
1777890016.2843325,2.0,2.0,-86.0
1777890016.2943325,0.0,0.0,-88.0
1777890016.3043325,-2.0,-2.0,-86.0
1777890016.3143325,-2.0,0.0,-85.0
1777890016.3243325,-4.0,0.0,-88.0
1777890016.3343325,-1.0,0.0,-89.0
1777890016.3443325,2.0,3.0,-83.0
1777890016.3543324,2.0,-1.0,-84.0
1777890016.3643324,1.0,-1.0,-82.0
1777890016.3743324,3.0,0.0,-83.0
1777890016.3843324,4.0,3.0,-84.0
1777890016.3943324,5.0,4.0,-79.0
1777890016.4043324,9.0,1.0,-80.0
1777890016.4143324,2.0,-3.0,-78.0
1777890016.4243324,2.0,-4.0,-84.0
1777890016.4343324,6.0,-2.0,-77.0
1777890016.4443324,4.0,0.0,-69.0
1777890016.4543324,3.0,4.0,-70.0
1777890016.4643323,2.0,3.0,-70.0
1777890016.4743323,-2.0,0.0,-71.0
1777890016.4843323,0.0,-1.0,-71.0
1777890016.4943323,-3.0,0.0,-71.0
1777890016.5043323,-2.0,0.0,-76.0
1777890016.5143323,-1.0,-3.0,-83.0
1777890016.5243323,-1.0,-3.0,-81.0
1777890016.5343325,0.0,-5.0,-84.0
1777890016.5443325,-3.0,-5.0,-79.0
1777890016.5543325,-3.0,-5.0,-72.0
1777890016.5643325,-8.0,-5.0,-76.0
1777890016.5743325,-12.0,-6.0,-80.0
1777890016.5843325,-6.0,-3.0,-87.0
1777890016.5943325,-7.0,-3.0,-81.0
1777890016.6043324,-7.0,-2.0,-73.0
1777890016.6143324,-4.0,-4.0,-70.0
1777890016.6243324,0.0,-1.0,-76.0
1777890016.6343324,0.0,0.0,-74.0
1777890016.6443324,-2.0,2.0,-72.0
1777890016.6543324,-3.0,0.0,-70.0
1777890016.6643324,-1.0,0.0,-68.0
1777890016.6743324,-5.0,-1.0,-71.0
1777890016.6843324,-8.0,-4.0,-73.0
1777890016.6943324,-5.0,-3.0,-71.0
1777890016.7043324,-4.0,-2.0,-70.0
1777890016.7143323,-2.0,-3.0,-69.0
1777890016.7243323,-3.0,-2.0,-73.0
1777890016.7343323,-1.0,-4.0,-77.0
1777890016.7443323,-1.0,-7.0,-72.0
1777890016.7543323,-1.0,-2.0,-72.0
1777890016.7643323,1.0,-3.0,-78.0
1777890016.7743323,4.0,-6.0,-82.0
1777890016.7843325,3.0,-9.0,-76.0
1777890016.7943325,2.0,-9.0,-74.0
1777890016.8043325,-3.0,-12.0,-75.0
1777890016.8143325,-3.0,-7.0,-74.0
1777890016.8243325,-5.0,-7.0,-73.0
1777890016.8343325,-5.0,-11.0,-73.0
1777890016.8443325,-2.0,-6.0,-74.0
1777890016.8543324,-2.0,-7.0,-77.0
1777890016.8643324,-2.0,-4.0,-78.0
1777890016.8743324,-6.0,-4.0,-76.0
1777890016.8843324,-10.0,-1.0,-71.0
1777890016.8943324,-10.0,-2.0,-76.0
1777890016.9043324,-7.0,-5.0,-69.0
1777890016.9143324,-9.0,-7.0,-69.0
1777890016.9243324,-6.0,-7.0,-72.0
1777890016.9343324,-7.0,-4.0,-73.0
1777890016.9443324,-1.0,-4.0,-70.0
1777890016.9543324,-2.0,-2.0,-73.0
1777890016.9643323,-6.0,-3.0,-74.0
1777890016.9743323,-3.0,-6.0,-69.0
1777890016.9843323,2.0,-5.0,-76.0
1777890016.9943323,0.0,-5.0,-80.0
1777890017.0043323,-2.0,0.0,-71.0
1777890017.0143323,-3.0,-2.0,-71.0
1777890017.0243323,-4.0,-1.0,-74.0
1777890017.0343325,-2.0,0.0,-72.0
1777890017.0443325,1.0,2.0,-71.0
1777890017.0543325,0.0,-1.0,-70.0
1777890017.0643325,1.0,-4.0,-67.0
1777890017.0743325,-2.0,-7.0,-72.0
1777890017.0843325,-3.0,-3.0,-74.0
1777890017.0943325,-6.0,-3.0,-66.0
1777890017.1043324,-3.0,-4.0,-68.0
1777890017.1143324,5.0,-10.0,-75.0
1777890017.1243324,3.0,-9.0,-72.0
1777890017.1343324,1.0,-5.0,-75.0
1777890017.1443324,-4.0,-4.0,-79.0
1777890017.1543324,-2.0,-5.0,-79.0
1777890017.1643324,1.0,-3.0,-78.0
1777890017.1743324,2.0,-5.0,-79.0
1777890017.1843324,5.0,-7.0,-84.0
1777890017.1943324,7.0,-4.0,-87.0
1777890017.2043324,4.0,-7.0,-81.0
1777890017.2143323,8.0,-3.0,-74.0
1777890017.2243323,5.0,0.0,-73.0
1777890017.2343323,2.0,1.0,-78.0
1777890017.2443323,0.0,0.0,-83.0
1777890017.2543323,4.0,-2.0,-74.0
1777890017.2643323,6.0,-7.0,-70.0
1777890017.2743323,6.0,-6.0,-73.0
1777890017.2843325,6.0,-5.0,-76.0
1777890017.2943325,0.0,-7.0,-69.0
1777890017.3043325,-1.0,-5.0,-64.0
1777890017.3143325,6.0,-6.0,-68.0
1777890017.3243325,5.0,-2.0,-70.0
1777890017.3343325,3.0,-4.0,-72.0
1777890017.3443325,2.0,-4.0,-79.0
1777890017.3543324,1.0,0.0,-77.0
1777890017.3643324,3.0,-2.0,-81.0
1777890017.3743324,0.0,-1.0,-74.0
1777890017.3843324,0.0,-3.0,-74.0
1777890017.3943324,-2.0,-3.0,-74.0
1777890017.4043324,-3.0,-1.0,-68.0
1777890017.4143324,-1.0,0.0,-71.0
1777890017.4243324,0.0,-2.0,-69.0
1777890017.4343324,2.0,-2.0,-72.0
1777890017.4443324,3.0,0.0,-70.0
1777890017.4543324,0.0,0.0,-75.0
1777890017.4643323,4.0,-2.0,-79.0
1777890017.4743323,2.0,0.0,-80.0
1777890017.4843323,0.0,-1.0,-74.0
1777890017.4943323,1.0,-2.0,-70.0
1777890017.5043323,0.0,-6.0,-74.0
1777890017.5143323,0.0,-4.0,-69.0
1777890017.5243323,0.0,-5.0,-70.0
1777890017.5343325,0.0,1.0,-61.0
1777890017.5443325,0.0,0.0,-67.0
1777890017.5543325,1.0,0.0,-66.0
1777890017.5643325,-1.0,0.0,-66.0
1777890017.5743325,-1.0,1.0,-70.0
1777890017.5843325,4.0,-3.0,-72.0
1777890017.5943325,3.0,-2.0,-70.0
1777890017.6043324,0.0,-2.0,-70.0
1777890017.6143324,4.0,2.0,-72.0
1777890017.6243324,4.0,3.0,-75.0
1777890017.6343324,-1.0,2.0,-77.0
1777890017.6443324,0.0,0.0,-76.0
1777890017.6543324,0.0,-1.0,-78.0
1777890017.6643324,0.0,-3.0,-72.0
1777890017.6743324,-3.0,-2.0,-76.0
1777890017.6843324,-5.0,-3.0,-74.0
1777890017.6943324,-5.0,-2.0,-68.0
1777890017.7043324,-2.0,-2.0,-71.0
1777890017.7143323,-6.0,0.0,-70.0
1777890017.7243323,-7.0,1.0,-71.0
1777890017.7343323,-5.0,3.0,-72.0
1777890017.7443323,-3.0,1.0,-75.0
1777890017.7543323,3.0,0.0,-80.0
1777890017.7643323,1.0,0.0,-79.0
1777890017.7743323,2.0,0.0,-76.0
1777890017.7843325,8.0,0.0,-75.0
1777890017.7943325,5.0,1.0,-72.0
1777890017.8043325,1.0,3.0,-74.0
1777890017.8143325,4.0,0.0,-74.0
1777890017.8243325,4.0,-1.0,-73.0
1777890017.8343325,3.0,-1.0,-75.0
1777890017.8443325,5.0,0.0,-75.0
1777890017.8543324,4.0,0.0,-71.0
1777890017.8643324,1.0,0.0,-68.0
1777890017.8743324,3.0,-1.0,-73.0
1777890017.8843324,2.0,0.0,-77.0
1777890017.8943324,2.0,-4.0,-72.0
1777890017.9043324,3.0,-3.0,-75.0
1777890017.9143324,3.0,-1.0,-75.0
1777890017.9243324,-1.0,0.0,-79.0
1777890017.9343324,-3.0,0.0,-77.0
1777890017.9443324,-3.0,1.0,-76.0
1777890017.9543324,-1.0,0.0,-73.0
1777890017.9643323,-5.0,0.0,-73.0
1777890017.9743323,-3.0,1.0,-74.0
1777890017.9843323,0.0,1.0,-74.0
1777890017.9943323,-1.0,0.0,-75.0
1777890018.0043323,0.0,-3.0,-71.0
1777890018.0143323,0.0,-7.0,-75.0
1777890018.0243323,4.0,-6.0,-78.0
1777890018.0343325,9.0,-2.0,-81.0
1777890018.0443325,8.0,0.0,-80.0
1777890018.0543325,9.0,-1.0,-82.0
1777890018.0643325,6.0,0.0,-76.0
1777890018.0743325,6.0,-1.0,-75.0
1777890018.0843325,4.0,0.0,-77.0
1777890018.0953324,2.0,-1.0,-76.0
1777890018.1053324,1.0,-1.0,-79.0
1777890018.1153324,2.0,-1.0,-78.0
1777890018.1253324,3.0,-3.0,-71.0
1777890018.1343324,3.0,-1.0,-77.0
1777890018.1453323,2.0,1.0,-71.0
1777890018.1553323,1.0,6.0,-76.0
1777890018.1653323,3.0,6.0,-71.0
1777890018.1753323,0.0,0.0,-69.0
1777890018.1853323,-1.0,3.0,-65.0
1777890018.1953323,0.0,2.0,-71.0
1777890018.2053325,1.0,2.0,-71.0
1777890018.2153325,1.0,8.0,-73.0
1777890018.2253325,1.0,8.0,-69.0
1777890018.2353325,0.0,5.0,-78.0
1777890018.2453325,5.0,0.0,-88.0
1777890018.2553325,7.0,0.0,-91.0
1777890018.2653325,5.0,0.0,-87.0
1777890018.2753325,5.0,3.0,-87.0
1777890018.2853324,4.0,1.0,-80.0
1777890018.2953324,5.0,1.0,-70.0
1777890018.3053324,4.0,0.0,-67.0
1777890018.3153324,5.0,0.0,-63.0
1777890018.3253324,8.0,3.0,-68.0
1777890018.3353324,4.0,3.0,-66.0
1777890018.3453324,-2.0,3.0,-63.0
1777890018.3553324,0.0,0.0,-66.0
1777890018.3653324,0.0,1.0,-61.0
1777890018.3753324,-2.0,-1.0,-55.0
1777890018.3853323,0.0,-5.0,-54.0
1777890018.3953323,0.0,-3.0,-57.0
1777890018.4053323,1.0,-3.0,-65.0
1777890018.4153323,1.0,-1.0,-68.0
1777890018.4253323,-5.0,0.0,-66.0
1777890018.4353323,-4.0,3.0,-75.0
1777890018.4453323,-1.0,3.0,-82.0
1777890018.4553325,-4.0,5.0,-81.0
1777890018.4653325,-3.0,5.0,-78.0
1777890018.4753325,1.0,-3.0,-78.0
1777890018.4853325,-2.0,-3.0,-77.0
1777890018.4953325,0.0,-2.0,-72.0
1777890018.5053325,2.0,0.0,-73.0
1777890018.5153325,0.0,-2.0,-73.0
1777890018.5253325,1.0,-3.0,-73.0
1777890018.5353324,1.0,-1.0,-68.0
1777890018.5453324,0.0,1.0,-71.0
1777890018.5553324,1.0,2.0,-62.0
1777890018.5653324,-2.0,1.0,-61.0
1777890018.5753324,-1.0,2.0,-66.0
1777890018.5853324,-2.0,-2.0,-73.0
1777890018.5953324,-6.0,-2.0,-75.0
1777890018.6053324,-7.0,-2.0,-74.0
1777890018.6153324,-3.0,-1.0,-67.0
1777890018.6253324,-3.0,0.0,-63.0
1777890018.6353323,0.0,-4.0,-67.0
1777890018.6453323,1.0,-2.0,-67.0
1777890018.6553323,0.0,0.0,-67.0
1777890018.6653323,-1.0,-1.0,-63.0
1777890018.6753323,0.0,-1.0,-72.0
1777890018.6853323,0.0,0.0,-75.0
1777890018.6953323,3.0,0.0,-75.0
1777890018.7053325,3.0,0.0,-70.0
1777890018.7153325,0.0,0.0,-64.0
1777890018.7253325,5.0,-5.0,-68.0
1777890018.7353325,5.0,-5.0,-75.0
1777890018.7453325,5.0,-2.0,-82.0
1777890018.7553325,0.0,1.0,-80.0
1777890018.7653325,-3.0,0.0,-77.0
1777890018.7753325,-3.0,0.0,-78.0
1777890018.7853324,-1.0,0.0,-84.0
1777890018.7953324,-4.0,2.0,-84.0
1777890018.8053324,0.0,1.0,-76.0
1777890018.8153324,4.0,-1.0,-68.0
1777890018.8253324,2.0,2.0,-68.0
1777890018.8353324,2.0,1.0,-69.0
1777890018.8453324,5.0,3.0,-69.0
1777890018.8553324,7.0,2.0,-75.0
1777890018.8653324,5.0,4.0,-75.0
1777890018.8753324,13.0,3.0,-76.0
1777890018.8853323,17.0,0.0,-75.0
1777890018.8953323,12.0,0.0,-81.0
1777890018.9053323,7.0,-3.0,-77.0
1777890018.9153323,6.0,-3.0,-76.0
1777890018.9253323,0.0,-7.0,-77.0
1777890018.9353323,0.0,-2.0,-77.0
1777890018.9453323,2.0,1.0,-76.0
1777890018.9553325,1.0,1.0,-76.0
1777890018.9653325,-1.0,-3.0,-78.0
1777890018.9753325,0.0,-2.0,-80.0
1777890018.9853325,0.0,-1.0,-84.0
1777890018.9953325,-2.0,0.0,-86.0
1777890019.0053325,-2.0,0.0,-83.0
1777890019.0153325,-2.0,-1.0,-81.0
1777890019.0253325,-2.0,-1.0,-84.0
1777890019.0353324,2.0,1.0,-83.0
1777890019.0453324,0.0,-2.0,-89.0
1777890019.0553324,-5.0,-6.0,-91.0
1777890019.0653324,-3.0,-9.0,-95.0
1777890019.0753324,-5.0,-5.0,-88.0
1777890019.0853324,-5.0,-6.0,-86.0
1777890019.0953324,-3.0,-4.0,-86.0
1777890019.1053324,-1.0,2.0,-87.0
1777890019.1153324,-2.0,4.0,-83.0
1777890019.1253324,-1.0,0.0,-80.0
1777890019.1353323,0.0,2.0,-77.0
1777890019.1453323,0.0,5.0,-79.0
1777890019.1553323,-1.0,3.0,-82.0
1777890019.1653323,-3.0,3.0,-83.0
1777890019.1753323,0.0,2.0,-83.0
1777890019.1853323,2.0,0.0,-77.0
1777890019.1953323,4.0,-4.0,-73.0
1777890019.2053325,6.0,-4.0,-72.0
1777890019.2153325,11.0,-4.0,-66.0
1777890019.2253325,7.0,-4.0,-66.0
1777890019.2353325,2.0,-2.0,-70.0
1777890019.2453325,2.0,0.0,-73.0
1777890019.2553325,5.0,1.0,-73.0
1777890019.2653325,5.0,0.0,-82.0
1777890019.2753325,4.0,0.0,-83.0
1777890019.2853324,1.0,0.0,-79.0
1777890019.2953324,-1.0,0.0,-83.0
1777890019.3053324,-1.0,5.0,-73.0
1777890019.3153324,0.0,7.0,-71.0
1777890019.3253324,1.0,4.0,-74.0
1777890019.3353324,1.0,3.0,-82.0
1777890019.3453324,-4.0,3.0,-81.0
1777890019.3553324,-1.0,3.0,-84.0
1777890019.3653324,-1.0,0.0,-84.0
1777890019.3753324,0.0,-6.0,-79.0
1777890019.3853323,0.0,-3.0,-79.0
1777890019.3953323,1.0,-4.0,-83.0
1777890019.4053323,1.0,-4.0,-90.0
1777890019.4153323,0.0,-5.0,-83.0
1777890019.4253323,0.0,-6.0,-84.0
1777890019.4353323,0.0,-2.0,-82.0
1777890019.4453323,-2.0,-3.0,-83.0
1777890019.4553325,-3.0,-1.0,-78.0
1777890019.4653325,0.0,-2.0,-79.0
1777890019.4753325,3.0,0.0,-73.0
1777890019.4853325,2.0,-1.0,-75.0
1777890019.4953325,0.0,-4.0,-79.0
1777890019.5053325,-3.0,-3.0,-84.0
1777890019.5153325,-2.0,-3.0,-82.0
1777890019.5253325,-7.0,-1.0,-81.0
1777890019.5353324,-4.0,-4.0,-83.0
1777890019.5453324,-9.0,0.0,-79.0
1777890019.5553324,-7.0,5.0,-77.0
1777890019.5653324,-11.0,2.0,-71.0
1777890019.5753324,-10.0,1.0,-71.0
1777890019.5853324,-8.0,-2.0,-74.0
1777890019.5953324,-4.0,-2.0,-78.0
1777890019.6053324,-4.0,-4.0,-77.0
1777890019.6153324,-2.0,-6.0,-80.0
1777890019.6253324,1.0,-7.0,-80.0
1777890019.6353323,-1.0,-9.0,-73.0
1777890019.6453323,1.0,-6.0,-73.0
1777890019.6553323,3.0,-3.0,-71.0
1777890019.6653323,6.0,2.0,-72.0
1777890019.6753323,4.0,2.0,-75.0
1777890019.6853323,2.0,4.0,-75.0
1777890019.6953323,0.0,4.0,-75.0
1777890019.7053325,-1.0,4.0,-82.0
1777890019.7153325,0.0,-1.0,-81.0
1777890019.7253325,-4.0,-1.0,-75.0
1777890019.7353325,-4.0,-1.0,-75.0
1777890019.7453325,-2.0,-2.0,-72.0
1777890019.7553325,0.0,-4.0,-75.0
1777890019.7653325,-2.0,-4.0,-76.0
1777890019.7753325,0.0,-7.0,-69.0
1777890019.7853324,-5.0,-6.0,-73.0
1777890019.7953324,-6.0,-6.0,-77.0
1777890019.8053324,-5.0,-5.0,-82.0
1777890019.8153324,-3.0,-5.0,-83.0
1777890019.8253324,-4.0,-2.0,-76.0
1777890019.8353324,-5.0,-6.0,-68.0
1777890019.8453324,1.0,-6.0,-69.0
1777890019.8553324,5.0,-3.0,-71.0
1777890019.8653324,2.0,-2.0,-74.0
1777890019.8753324,-3.0,-5.0,-78.0
1777890019.8853323,-3.0,-12.0,-80.0
1777890019.8953323,-2.0,-10.0,-85.0
1777890019.9053323,-2.0,-10.0,-81.0
1777890019.9153323,0.0,-7.0,-87.0
1777890019.9253323,-2.0,-2.0,-88.0
1777890019.9353323,-7.0,-3.0,-84.0
1777890019.9453323,-8.0,-1.0,-87.0
1777890019.9553325,-3.0,-2.0,-84.0
1777890019.9663324,0.0,-4.0,-85.0
1777890019.9753325,0.0,-6.0,-81.0
1777890019.9853325,2.0,-2.0,-80.0
1777890019.9953325,-1.0,1.0,-76.0
1777890020.0053325,-3.0,6.0,-71.0
1777890020.0153325,-3.0,9.0,-66.0
1777890020.0253325,3.0,2.0,-63.0
1777890020.0353324,4.0,-1.0,-71.0
1777890020.0453324,0.0,0.0,-74.0
1777890020.0553324,-4.0,-4.0,-70.0
1777890020.0653324,-6.0,-4.0,-76.0
1777890020.0763323,-3.0,-1.0,-78.0
1777890020.0863323,1.0,-1.0,-87.0
1777890020.0963323,1.0,0.0,-87.0
1777890020.1063323,4.0,2.0,-86.0
1777890020.1163323,2.0,3.0,-86.0
1777890020.1263323,6.0,4.0,-83.0
1777890020.1363325,8.0,2.0,-77.0
1777890020.1463325,9.0,2.0,-79.0
1777890020.1563325,8.0,2.0,-76.0
1777890020.1663325,7.0,0.0,-76.0
1777890020.1763325,6.0,-3.0,-75.0
1777890020.1853323,2.0,-2.0,-75.0
1777890020.1963325,1.0,3.0,-74.0
1777890020.2063324,1.0,2.0,-79.0
1777890020.2163324,4.0,4.0,-80.0
1777890020.2263324,4.0,2.0,-82.0
1777890020.2363324,1.0,1.0,-81.0
1777890020.2463324,5.0,-5.0,-72.0
1777890020.2563324,5.0,-8.0,-67.0
1777890020.2663324,3.0,-5.0,-62.0
1777890020.2763324,3.0,-2.0,-62.0
1777890020.2863324,0.0,0.0,-66.0
1777890020.2963324,1.0,0.0,-72.0
1777890020.3063323,-1.0,-1.0,-75.0
1777890020.3163323,-2.0,0.0,-78.0
1777890020.3263323,-5.0,0.0,-76.0
1777890020.3363323,-2.0,-2.0,-68.0
1777890020.3463323,0.0,0.0,-69.0
1777890020.3563323,0.0,0.0,-71.0
1777890020.3663323,-2.0,3.0,-75.0
1777890020.3763323,-2.0,3.0,-74.0
1777890020.3863325,3.0,0.0,-70.0
1777890020.3963325,6.0,0.0,-71.0
1777890020.4063325,9.0,0.0,-74.0
1777890020.4163325,6.0,-4.0,-82.0
1777890020.4263325,7.0,-5.0,-76.0
1777890020.4363325,1.0,-4.0,-78.0
1777890020.4463325,0.0,-7.0,-78.0
1777890020.4563324,-1.0,-4.0,-79.0
1777890020.4663324,0.0,0.0,-87.0
1777890020.4763324,3.0,-1.0,-87.0
1777890020.4863324,5.0,0.0,-80.0
1777890020.4963324,10.0,0.0,-73.0
1777890020.5063324,7.0,0.0,-74.0
1777890020.5163324,7.0,4.0,-74.0
1777890020.5263324,5.0,3.0,-78.0
1777890020.5363324,7.0,2.0,-73.0
1777890020.5463324,7.0,1.0,-70.0
1777890020.5563323,9.0,1.0,-63.0
1777890020.5663323,3.0,-1.0,-67.0
1777890020.5763323,3.0,-1.0,-67.0
1777890020.5863323,2.0,1.0,-69.0
1777890020.5963323,4.0,0.0,-72.0
1777890020.6063323,4.0,2.0,-71.0
1777890020.6163323,6.0,3.0,-75.0
1777890020.6263323,4.0,8.0,-73.0
1777890020.6363325,5.0,4.0,-70.0
1777890020.6463325,5.0,-1.0,-68.0
1777890020.6563325,5.0,-1.0,-66.0
1777890020.6663325,1.0,-2.0,-72.0
1777890020.6763325,0.0,-4.0,-71.0
1777890020.6863325,1.0,-2.0,-76.0
1777890020.6963325,3.0,-2.0,-73.0
1777890020.7063324,1.0,-6.0,-69.0
1777890020.7163324,0.0,-6.0,-68.0
1777890020.7263324,-1.0,-4.0,-74.0
1777890020.7363324,-2.0,-3.0,-75.0
1777890020.7463324,-1.0,-3.0,-67.0
1777890020.7563324,2.0,-3.0,-73.0
1777890020.7663324,8.0,-1.0,-74.0
1777890020.7763324,7.0,0.0,-81.0
1777890020.7863324,5.0,1.0,-85.0
1777890020.7963324,5.0,1.0,-94.0
1777890020.8063323,0.0,0.0,-96.0
1777890020.8163323,-4.0,-2.0,-89.0
1777890020.8263323,-2.0,-2.0,-84.0
1777890020.8363323,4.0,2.0,-81.0
1777890020.8463323,6.0,4.0,-80.0
1777890020.8563323,8.0,-1.0,-83.0
1777890020.8663323,8.0,0.0,-81.0
1777890020.8763323,6.0,-1.0,-77.0
1777890020.8863325,8.0,0.0,-82.0
1777890020.8963325,7.0,1.0,-77.0
1777890020.9063325,7.0,0.0,-78.0
1777890020.9163325,1.0,-2.0,-77.0
1777890020.9263325,-2.0,-3.0,-83.0
1777890020.9363325,-1.0,-2.0,-82.0
1777890020.9463325,-4.0,-2.0,-78.0
1777890020.9563324,-1.0,0.0,-76.0
1777890020.9663324,-4.0,-1.0,-74.0
1777890020.9763324,1.0,-2.0,-75.0
1777890020.9863324,4.0,-4.0,-73.0
1777890020.9963324,2.0,-2.0,-70.0
1777890021.0063324,-1.0,-3.0,-73.0
1777890021.0163324,2.0,-3.0,-78.0
1777890021.0263324,3.0,-4.0,-81.0
1777890021.0363324,1.0,-6.0,-74.0
1777890021.0463324,0.0,-3.0,-69.0
1777890021.0563323,-4.0,-2.0,-75.0
1777890021.0663323,-4.0,-1.0,-73.0
1777890021.0763323,-2.0,-1.0,-77.0
1777890021.0863323,-3.0,-4.0,-75.0
1777890021.0963323,1.0,0.0,-72.0
1777890021.1063323,4.0,0.0,-78.0
1777890021.1163323,3.0,-2.0,-79.0
1777890021.1263323,5.0,-3.0,-80.0
1777890021.1363325,6.0,-2.0,-75.0
1777890021.1463325,6.0,-2.0,-75.0
1777890021.1563325,4.0,0.0,-76.0
1777890021.1663325,5.0,0.0,-81.0
1777890021.1763325,4.0,-3.0,-85.0
1777890021.1863325,3.0,0.0,-79.0
1777890021.1963325,-1.0,0.0,-82.0
1777890021.2063324,-3.0,-1.0,-81.0
1777890021.2163324,-5.0,-2.0,-70.0
1777890021.2263324,-6.0,-2.0,-72.0
1777890021.2363324,-3.0,1.0,-77.0
1777890021.2463324,-4.0,2.0,-83.0
1777890021.2563324,-4.0,5.0,-82.0
1777890021.2663324,-1.0,7.0,-80.0
1777890021.2763324,-4.0,7.0,-86.0
1777890021.2863324,-3.0,6.0,-82.0
1777890021.2963324,-4.0,3.0,-79.0
1777890021.3063323,-4.0,-1.0,-81.0
1777890021.3163323,-9.0,0.0,-78.0
1777890021.3263323,-11.0,-1.0,-76.0
1777890021.3363323,-8.0,3.0,-75.0
1777890021.3463323,-6.0,6.0,-75.0
1777890021.3563323,-3.0,5.0,-74.0
1777890021.3663323,0.0,3.0,-74.0
1777890021.3763323,3.0,4.0,-72.0
1777890021.3863325,6.0,0.0,-77.0
1777890021.3963325,3.0,-6.0,-76.0
1777890021.4063325,0.0,-5.0,-75.0
1777890021.4163325,0.0,-5.0,-80.0
1777890021.4263325,-2.0,-3.0,-81.0
1777890021.4363325,-4.0,-4.0,-75.0
1777890021.4463325,0.0,-5.0,-72.0
1777890021.4563324,0.0,-7.0,-71.0
1777890021.4663324,7.0,-12.0,-75.0
1777890021.4763324,12.0,-12.0,-77.0
1777890021.4863324,15.0,-13.0,-77.0
1777890021.4963324,8.0,-13.0,-76.0
1777890021.5063324,7.0,-8.0,-74.0
1777890021.5163324,3.0,-2.0,-70.0
1777890021.5263324,1.0,-2.0,-71.0
1777890021.5363324,1.0,-2.0,-70.0
1777890021.5463324,0.0,2.0,-73.0
1777890021.5563323,1.0,1.0,-68.0
1777890021.5663323,4.0,0.0,-72.0
1777890021.5763323,7.0,0.0,-69.0
1777890021.5863323,5.0,0.0,-65.0
1777890021.5963323,5.0,-2.0,-70.0
1777890021.6063323,9.0,-2.0,-68.0
1777890021.6163323,11.0,0.0,-68.0
1777890021.6263323,7.0,5.0,-66.0
1777890021.6363325,8.0,2.0,-67.0
1777890021.6463325,4.0,0.0,-62.0
1777890021.6563325,5.0,-1.0,-59.0
1777890021.6663325,7.0,-1.0,-61.0
1777890021.6763325,3.0,1.0,-66.0
1777890021.6863325,-1.0,1.0,-68.0
1777890021.6963325,0.0,1.0,-74.0
1777890021.7063324,5.0,2.0,-72.0
1777890021.7163324,8.0,3.0,-75.0
1777890021.7263324,9.0,2.0,-73.0
1777890021.7363324,9.0,2.0,-81.0
1777890021.7463324,9.0,0.0,-78.0
1777890021.7563324,7.0,3.0,-84.0
1777890021.7663324,9.0,0.0,-78.0
1777890021.7763324,5.0,-2.0,-74.0
1777890021.7863324,5.0,-4.0,-76.0
1777890021.7963324,5.0,0.0,-75.0
1777890021.8063323,5.0,0.0,-72.0
1777890021.8163323,-2.0,2.0,-72.0
1777890021.8263323,-1.0,5.0,-68.0
1777890021.8363323,1.0,1.0,-70.0
1777890021.8463323,0.0,0.0,-77.0
1777890021.8563323,3.0,0.0,-72.0
1777890021.8663323,6.0,2.0,-73.0
1777890021.8763323,10.0,2.0,-69.0
1777890021.8863325,12.0,1.0,-70.0
1777890021.8963325,9.0,-1.0,-67.0
1777890021.9063325,11.0,-4.0,-65.0
1777890021.9163325,8.0,-2.0,-66.0
1777890021.9263325,9.0,-4.0,-69.0
1777890021.9363325,9.0,-4.0,-72.0
1777890021.9463325,9.0,-7.0,-74.0
1777890021.9563324,10.0,-11.0,-72.0
1777890021.9663324,8.0,-6.0,-65.0
1777890021.9763324,6.0,-1.0,-67.0
1777890021.9863324,6.0,-2.0,-73.0
1777890021.9963324,7.0,-3.0,-74.0
1777890022.0063324,4.0,-2.0,-64.0
1777890022.0163324,0.0,0.0,-67.0
1777890022.0263324,2.0,0.0,-70.0
1777890022.0373323,5.0,2.0,-73.0
1777890022.0473323,6.0,4.0,-71.0
1777890022.0563323,2.0,3.0,-70.0
1777890022.0673325,6.0,2.0,-68.0
1777890022.0773325,5.0,3.0,-60.0
1777890022.0873325,3.0,0.0,-64.0
1777890022.0973325,4.0,-2.0,-74.0
1777890022.1073325,1.0,-1.0,-77.0
1777890022.1173325,6.0,-2.0,-75.0
1777890022.1273324,9.0,-1.0,-75.0
1777890022.1373324,12.0,-2.0,-78.0
1777890022.1473324,8.0,1.0,-72.0
1777890022.1573324,9.0,-1.0,-71.0
1777890022.1673324,6.0,0.0,-78.0
1777890022.1773324,6.0,0.0,-75.0
1777890022.1873324,6.0,0.0,-74.0
1777890022.1973324,5.0,0.0,-70.0
1777890022.2073324,0.0,-2.0,-70.0
1777890022.2173324,0.0,-1.0,-69.0
1777890022.2273324,1.0,-3.0,-73.0
1777890022.2373323,2.0,-5.0,-81.0
1777890022.2473323,5.0,-1.0,-78.0
1777890022.2573323,3.0,0.0,-74.0
1777890022.2673323,8.0,-1.0,-71.0
1777890022.2773323,10.0,0.0,-74.0
1777890022.2873323,8.0,1.0,-70.0
1777890022.2973323,7.0,0.0,-74.0
1777890022.3073325,5.0,0.0,-76.0
1777890022.3173325,5.0,-2.0,-69.0
1777890022.3273325,0.0,0.0,-70.0
1777890022.3373325,4.0,0.0,-67.0
1777890022.3473325,1.0,3.0,-65.0
1777890022.3573325,2.0,4.0,-68.0
1777890022.3673325,1.0,-3.0,-72.0
1777890022.3773324,0.0,-5.0,-76.0
1777890022.3873324,-1.0,-5.0,-78.0
1777890022.3973324,-5.0,-6.0,-78.0
1777890022.4073324,-3.0,-4.0,-80.0
1777890022.4173324,0.0,-4.0,-80.0
1777890022.4273324,-2.0,-3.0,-75.0
1777890022.4373324,0.0,-2.0,-76.0
1777890022.4473324,-2.0,-1.0,-78.0
1777890022.4573324,-6.0,0.0,-81.0
1777890022.4673324,-2.0,-2.0,-82.0
1777890022.4773324,0.0,0.0,-80.0
1777890022.4873323,-1.0,1.0,-76.0
1777890022.4973323,-4.0,-2.0,-79.0
1777890022.5073323,0.0,-1.0,-82.0
1777890022.5173323,0.0,0.0,-79.0
1777890022.5273323,0.0,0.0,-69.0
1777890022.5373323,0.0,2.0,-69.0
1777890022.5473323,0.0,-1.0,-78.0
1777890022.5573325,4.0,0.0,-75.0
1777890022.5673325,3.0,-2.0,-72.0
1777890022.5773325,2.0,-2.0,-75.0
1777890022.5873325,5.0,-2.0,-78.0
1777890022.5973325,3.0,-7.0,-77.0
1777890022.6073325,4.0,-5.0,-78.0
1777890022.6173325,5.0,-3.0,-80.0
1777890022.6273324,2.0,-1.0,-81.0
1777890022.6373324,-2.0,0.0,-85.0
1777890022.6473324,1.0,0.0,-82.0
1777890022.6573324,5.0,0.0,-83.0
1777890022.6673324,4.0,1.0,-79.0
1777890022.6773324,5.0,1.0,-77.0
1777890022.6873324,3.0,0.0,-74.0
1777890022.6973324,0.0,-4.0,-73.0
1777890022.7073324,1.0,-5.0,-77.0
1777890022.7173324,0.0,-6.0,-78.0
1777890022.7273324,5.0,-5.0,-79.0
1777890022.7373323,7.0,-5.0,-80.0
1777890022.7473323,8.0,-6.0,-79.0
1777890022.7573323,7.0,0.0,-77.0
1777890022.7673323,6.0,3.0,-73.0
1777890022.7773323,7.0,3.0,-72.0
1777890022.7873323,0.0,5.0,-71.0
1777890022.7973323,2.0,1.0,-70.0
1777890022.8073325,2.0,-1.0,-68.0
1777890022.8173325,-2.0,1.0,-71.0
1777890022.8273325,5.0,0.0,-77.0
1777890022.8373325,8.0,1.0,-83.0
1777890022.8473325,4.0,3.0,-81.0
1777890022.8573325,5.0,3.0,-83.0
1777890022.8673325,2.0,7.0,-82.0
1777890022.8773324,-1.0,5.0,-83.0
1777890022.8873324,-3.0,1.0,-85.0
1777890022.8973324,-5.0,0.0,-83.0
1777890022.9073324,-6.0,-1.0,-88.0
1777890022.9173324,-3.0,-1.0,-83.0
1777890022.9273324,-8.0,0.0,-84.0
1777890022.9373324,-2.0,-1.0,-80.0
1777890022.9473324,-4.0,0.0,-76.0
1777890022.9573324,-3.0,2.0,-76.0
1777890022.9673324,1.0,2.0,-86.0
1777890022.9773324,2.0,6.0,-87.0
1777890022.9873323,1.0,4.0,-82.0
1777890022.9973323,2.0,3.0,-88.0
1777890023.0073323,-2.0,2.0,-86.0
1777890023.0173323,-7.0,2.0,-85.0
1777890023.0273323,-4.0,2.0,-71.0
1777890023.0373323,-2.0,1.0,-70.0
1777890023.0473323,-5.0,-1.0,-72.0
1777890023.0573325,-3.0,-1.0,-71.0
1777890023.0673325,0.0,-2.0,-68.0
1777890023.0773325,-1.0,0.0,-70.0
1777890023.0873325,-3.0,1.0,-70.0
1777890023.0973325,-3.0,-1.0,-69.0
1777890023.1073325,1.0,-3.0,-69.0
1777890023.1173325,1.0,-3.0,-77.0
1777890023.1273324,0.0,-4.0,-74.0
1777890023.1373324,2.0,-4.0,-73.0
1777890023.1473324,0.0,-5.0,-76.0
1777890023.1573324,0.0,-5.0,-75.0
1777890023.1673324,3.0,-5.0,-73.0
1777890023.1773324,5.0,0.0,-71.0
1777890023.1873324,3.0,0.0,-67.0
1777890023.1973324,1.0,-5.0,-72.0
1777890023.2073324,3.0,-6.0,-73.0
1777890023.2173324,9.0,-5.0,-68.0
1777890023.2273324,9.0,-3.0,-67.0
1777890023.2373323,6.0,-2.0,-65.0
1777890023.2473323,4.0,-5.0,-64.0
1777890023.2573323,2.0,-5.0,-63.0
1777890023.2673323,4.0,-4.0,-67.0
1777890023.2773323,5.0,-1.0,-73.0
1777890023.2873323,2.0,-3.0,-75.0
1777890023.2973323,2.0,1.0,-79.0
1777890023.3073325,1.0,1.0,-78.0
1777890023.3173325,0.0,-2.0,-73.0
1777890023.3273325,-2.0,0.0,-78.0
1777890023.3373325,0.0,-2.0,-83.0
1777890023.3473325,-1.0,-3.0,-75.0
1777890023.3573325,-1.0,-2.0,-76.0
1777890023.3673325,1.0,-6.0,-78.0
1777890023.3773324,0.0,-9.0,-70.0
1777890023.3873324,0.0,-7.0,-76.0
1777890023.3973324,2.0,-4.0,-82.0
1777890023.4073324,5.0,-7.0,-86.0
1777890023.4173324,7.0,-3.0,-87.0
1777890023.4273324,7.0,-1.0,-88.0
1777890023.4373324,2.0,0.0,-85.0
1777890023.4473324,2.0,-1.0,-79.0
1777890023.4573324,7.0,-2.0,-72.0
1777890023.4673324,4.0,0.0,-69.0
1777890023.4773324,2.0,-1.0,-70.0
1777890023.4873323,0.0,0.0,-72.0
1777890023.4973323,0.0,0.0,-77.0
1777890023.5073323,-3.0,0.0,-78.0
1777890023.5173323,-2.0,-3.0,-74.0
1777890023.5273323,1.0,-3.0,-75.0
1777890023.5373323,1.0,-4.0,-74.0
1777890023.5473323,4.0,-3.0,-71.0
1777890023.5573325,7.0,0.0,-67.0
1777890023.5673325,4.0,0.0,-69.0
1777890023.5773325,0.0,4.0,-72.0
1777890023.5873325,0.0,0.0,-78.0
1777890023.5973325,3.0,-2.0,-74.0
1777890023.6073325,0.0,-2.0,-73.0
1777890023.6173325,0.0,-1.0,-70.0
1777890023.6273324,3.0,0.0,-60.0
1777890023.6373324,4.0,2.0,-57.0
1777890023.6473324,3.0,2.0,-60.0
1777890023.6573324,-1.0,0.0,-62.0
1777890023.6673324,0.0,-2.0,-63.0
1777890023.6773324,-1.0,0.0,-68.0
1777890023.6873324,-1.0,1.0,-76.0
1777890023.6973324,2.0,0.0,-82.0
1777890023.7073324,5.0,0.0,-81.0
1777890023.7173324,6.0,0.0,-73.0
1777890023.7273324,2.0,-1.0,-83.0
1777890023.7373323,0.0,-1.0,-88.0
1777890023.7473323,2.0,-2.0,-78.0
1777890023.7573323,4.0,-2.0,-73.0
1777890023.7673323,5.0,0.0,-76.0
1777890023.7773323,8.0,1.0,-72.0
1777890023.7873323,6.0,1.0,-75.0
1777890023.7973323,4.0,2.0,-70.0
1777890023.8073325,3.0,2.0,-77.0
1777890023.8173325,1.0,1.0,-80.0
1777890023.8273325,0.0,4.0,-84.0
1777890023.8373325,0.0,7.0,-77.0
1777890023.8473325,-2.0,5.0,-77.0
1777890023.8573325,-6.0,5.0,-76.0
1777890023.8673325,-12.0,4.0,-68.0
1777890023.8773324,-10.0,2.0,-75.0
1777890023.8873324,-4.0,0.0,-74.0
1777890023.8973324,-3.0,-3.0,-73.0
1777890023.9073324,1.0,-4.0,-76.0
1777890023.9173324,-1.0,-3.0,-77.0
1777890023.9273324,0.0,-4.0,-83.0
1777890023.9373324,-1.0,-3.0,-88.0
1777890023.9473324,-3.0,-1.0,-89.0
1777890023.9573324,-2.0,0.0,-86.0
1777890023.9673324,-6.0,4.0,-86.0
1777890023.9773324,-3.0,0.0,-92.0
1777890023.9873323,-1.0,0.0,-89.0
1777890023.9973323,-4.0,4.0,-88.0
1777890024.0073323,-4.0,7.0,-88.0
1777890024.0173323,3.0,7.0,-74.0
1777890024.0273323,5.0,10.0,-69.0
1777890024.0373323,0.0,9.0,-68.0
1777890024.0473323,-2.0,0.0,-67.0
1777890024.0573325,-3.0,-1.0,-71.0
1777890024.0683324,1.0,-5.0,-72.0
1777890024.0783324,-1.0,-4.0,-69.0
1777890024.0883324,-2.0,-2.0,-68.0
1777890024.0983324,-2.0,-6.0,-65.0
1777890024.1083324,-4.0,-3.0,-62.0
1777890024.1183324,0.0,-2.0,-67.0
1777890024.1283324,-2.0,0.0,-70.0
1777890024.1383324,0.0,2.0,-79.0
1777890024.1483324,0.0,4.0,-81.0
1777890024.1583323,-2.0,3.0,-77.0
1777890024.1683323,0.0,3.0,-71.0
1777890024.1783323,0.0,4.0,-66.0
1777890024.1883323,2.0,6.0,-70.0
1777890024.1983323,-2.0,5.0,-61.0
1777890024.2083323,1.0,4.0,-61.0
1777890024.2183323,0.0,7.0,-61.0
1777890024.2283323,0.0,5.0,-55.0
1777890024.2383325,-2.0,2.0,-57.0
1777890024.2483325,0.0,-3.0,-71.0
1777890024.2583325,3.0,-6.0,-75.0
1777890024.2683325,6.0,-5.0,-76.0
1777890024.2783325,7.0,0.0,-74.0
1777890024.2883325,1.0,0.0,-66.0
1777890024.2983325,0.0,0.0,-72.0
1777890024.3083324,4.0,0.0,-71.0
1777890024.3183324,7.0,1.0,-79.0
1777890024.3283324,4.0,2.0,-82.0
1777890024.3383324,4.0,0.0,-81.0
1777890024.3483324,4.0,0.0,-77.0
1777890024.3583324,2.0,0.0,-73.0
1777890024.3683324,5.0,1.0,-74.0
1777890024.3783324,3.0,2.0,-73.0
1777890024.3883324,2.0,1.0,-76.0
1777890024.3983324,4.0,2.0,-75.0
1777890024.4083323,5.0,0.0,-81.0
1777890024.4183323,5.0,0.0,-83.0
1777890024.4283323,6.0,4.0,-79.0
1777890024.4383323,5.0,3.0,-83.0
1777890024.4483323,8.0,2.0,-87.0
1777890024.4583323,7.0,0.0,-90.0
1777890024.4683323,8.0,2.0,-80.0
1777890024.4783323,3.0,3.0,-79.0
1777890024.4883325,4.0,3.0,-82.0
1777890024.4983325,5.0,0.0,-86.0
1777890024.5083325,9.0,-3.0,-82.0
1777890024.5183325,5.0,-4.0,-85.0
1777890024.5283325,2.0,-1.0,-87.0
1777890024.5383325,10.0,0.0,-86.0
1777890024.5483325,10.0,-2.0,-84.0
1777890024.5583324,6.0,-2.0,-81.0
1777890024.5683324,3.0,-2.0,-80.0
1777890024.5783324,2.0,-4.0,-84.0
1777890024.5883324,3.0,-1.0,-79.0
1777890024.5983324,0.0,0.0,-77.0
1777890024.6083324,1.0,0.0,-74.0
1777890024.6183324,0.0,0.0,-72.0
1777890024.6283324,0.0,1.0,-63.0
1777890024.6383324,-4.0,1.0,-63.0
1777890024.6483324,-2.0,2.0,-61.0
1777890024.6583323,0.0,0.0,-65.0
1777890024.6683323,-1.0,-1.0,-70.0
1777890024.6783323,3.0,0.0,-76.0
1777890024.6883323,2.0,0.0,-78.0
1777890024.6983323,1.0,-1.0,-81.0
1777890024.7083323,0.0,-2.0,-76.0
1777890024.7183323,1.0,0.0,-70.0
1777890024.7283323,-1.0,0.0,-70.0
1777890024.7383325,-5.0,0.0,-71.0
1777890024.7483325,-3.0,0.0,-65.0
1777890024.7583325,-7.0,1.0,-69.0
1777890024.7683325,-7.0,3.0,-71.0
1777890024.7793324,-2.0,0.0,-69.0
1777890024.7883325,4.0,-2.0,-72.0
1777890024.7983325,9.0,-3.0,-73.0
1777890024.8083324,9.0,-5.0,-75.0
1777890024.8183324,4.0,-1.0,-72.0
1777890024.8283324,3.0,2.0,-75.0
1777890024.8383324,3.0,0.0,-78.0
1777890024.8483324,7.0,-6.0,-74.0
1777890024.8583324,6.0,-4.0,-75.0
1777890024.8683324,5.0,-6.0,-72.0
1777890024.8783324,3.0,1.0,-74.0
1777890024.8883324,2.0,-4.0,-79.0
1777890024.8983324,3.0,0.0,-86.0
1777890024.9083323,0.0,-5.0,-86.0
1777890024.9183323,0.0,-4.0,-83.0
1777890024.9283323,2.0,-3.0,-79.0
1777890024.9383323,4.0,-4.0,-78.0
1777890024.9483323,1.0,-7.0,-74.0
1777890024.9583323,0.0,-6.0,-70.0
1777890024.9683323,1.0,-2.0,-69.0
1777890024.9783323,1.0,-1.0,-71.0
1777890024.9883325,-3.0,1.0,-71.0
1777890024.9983325,-6.0,3.0,-74.0
1777890025.0083325,-6.0,4.0,-73.0
1777890025.0183325,-10.0,3.0,-73.0
1777890025.0283325,-10.0,1.0,-76.0
1777890025.0383325,-6.0,0.0,-72.0
1777890025.0483325,-8.0,0.0,-68.0
1777890025.0583324,-5.0,0.0,-71.0
1777890025.0683324,-5.0,-1.0,-72.0
1777890025.0783324,-3.0,-3.0,-71.0
1777890025.0883324,-1.0,-2.0,-63.0
1777890025.0983324,-3.0,-4.0,-61.0
1777890025.1083324,-4.0,0.0,-58.0
1777890025.1183324,-5.0,0.0,-60.0
1777890025.1283324,-8.0,-2.0,-62.0
1777890025.1383324,-6.0,0.0,-69.0
1777890025.1483324,-9.0,2.0,-75.0
1777890025.1583323,-10.0,0.0,-73.0
1777890025.1683323,-10.0,-2.0,-80.0
1777890025.1783323,-6.0,-6.0,-75.0
1777890025.1883323,-7.0,-2.0,-72.0
1777890025.1983323,-11.0,-5.0,-70.0
1777890025.2083323,-9.0,-2.0,-74.0
1777890025.2183323,-5.0,-2.0,-80.0
1777890025.2283323,-3.0,-2.0,-83.0
1777890025.2383325,-4.0,-4.0,-85.0
1777890025.2483325,-2.0,0.0,-81.0
1777890025.2583325,4.0,1.0,-78.0
1777890025.2683325,6.0,0.0,-76.0
1777890025.2783325,5.0,-1.0,-76.0
1777890025.2883325,4.0,3.0,-78.0
1777890025.2983325,1.0,2.0,-74.0
1777890025.3083324,0.0,0.0,-76.0
1777890025.3183324,0.0,2.0,-69.0
1777890025.3283324,-1.0,5.0,-59.0
1777890025.3383324,3.0,4.0,-57.0
1777890025.3483324,4.0,4.0,-63.0
1777890025.3583324,3.0,2.0,-59.0
1777890025.3683324,1.0,3.0,-65.0
1777890025.3783324,2.0,0.0,-66.0
1777890025.3883324,0.0,-2.0,-70.0
1777890025.3983324,2.0,2.0,-68.0
1777890025.4083323,0.0,0.0,-67.0
1777890025.4183323,3.0,-1.0,-63.0
1777890025.4283323,-4.0,2.0,-64.0
1777890025.4383323,-6.0,4.0,-59.0
1777890025.4483323,-4.0,2.0,-71.0
1777890025.4583323,-5.0,0.0,-74.0
1777890025.4683323,-3.0,2.0,-78.0
1777890025.4783323,-2.0,3.0,-82.0
1777890025.4883325,-1.0,2.0,-81.0
1777890025.4983325,2.0,2.0,-76.0
1777890025.5083325,1.0,0.0,-66.0
1777890025.5183325,6.0,-4.0,-70.0
1777890025.5283325,8.0,0.0,-73.0
1777890025.5383325,12.0,-4.0,-70.0
1777890025.5483325,8.0,-5.0,-71.0
1777890025.5583324,3.0,-5.0,-75.0
1777890025.5683324,-3.0,-1.0,-79.0
1777890025.5783324,0.0,0.0,-77.0
1777890025.5883324,0.0,4.0,-71.0
1777890025.5983324,0.0,2.0,-74.0
1777890025.6083324,1.0,0.0,-80.0
1777890025.6183324,0.0,0.0,-79.0
1777890025.6283324,-1.0,0.0,-80.0
1777890025.6383324,-5.0,-1.0,-81.0
1777890025.6483324,-3.0,-4.0,-85.0
1777890025.6583323,-4.0,-1.0,-83.0
1777890025.6683323,0.0,0.0,-79.0
1777890025.6783323,0.0,2.0,-78.0
1777890025.6883323,-2.0,-2.0,-74.0
1777890025.6983323,-1.0,1.0,-68.0
1777890025.7083323,0.0,-2.0,-70.0
1777890025.7183323,-4.0,-4.0,-76.0
1777890025.7283323,-6.0,-6.0,-73.0
1777890025.7383325,-3.0,-5.0,-75.0
1777890025.7483325,0.0,-4.0,-81.0
1777890025.7583325,-1.0,-7.0,-87.0
1777890025.7683325,-2.0,-2.0,-86.0
1777890025.7783325,-1.0,-3.0,-85.0
1777890025.7883325,0.0,-1.0,-86.0
1777890025.7983325,0.0,2.0,-76.0
1777890025.8083324,0.0,2.0,-79.0
1777890025.8183324,4.0,3.0,-78.0
1777890025.8283324,0.0,6.0,-73.0
1777890025.8383324,-1.0,5.0,-69.0
1777890025.8483324,-2.0,5.0,-63.0
1777890025.8583324,-2.0,4.0,-69.0
1777890025.8683324,-2.0,6.0,-68.0
1777890025.8783324,-4.0,2.0,-71.0
1777890025.8883324,-2.0,0.0,-71.0
1777890025.8983324,-2.0,-2.0,-74.0
1777890025.9083323,0.0,1.0,-74.0
1777890025.9183323,5.0,2.0,-79.0
1777890025.9283323,1.0,4.0,-84.0
1777890025.9383323,1.0,3.0,-82.0
1777890025.9483323,0.0,0.0,-72.0
1777890025.9583323,1.0,-5.0,-67.0
1777890025.9683323,0.0,-5.0,-66.0
1777890025.9783323,-2.0,-3.0,-70.0
1777890025.9883325,-2.0,-1.0,-70.0
1777890025.9983325,-3.0,-1.0,-73.0
1777890026.0083325,-3.0,0.0,-75.0
1777890026.0183325,1.0,0.0,-76.0
1777890026.0283325,3.0,-4.0,-79.0
1777890026.0383325,-5.0,-5.0,-78.0
1777890026.0493324,-8.0,-6.0,-77.0
1777890026.0583324,-9.0,-4.0,-72.0
1777890026.0693324,-6.0,-5.0,-65.0
1777890026.0793324,-6.0,-3.0,-65.0
1777890026.0893323,-6.0,-1.0,-66.0
1777890026.0993323,-6.0,-7.0,-62.0
1777890026.1083324,-3.0,-9.0,-67.0
1777890026.1193323,2.0,-6.0,-58.0
1777890026.1293323,2.0,-5.0,-58.0
1777890026.1393323,4.0,-4.0,-60.0
1777890026.1493323,-1.0,0.0,-71.0
1777890026.1593325,0.0,-2.0,-69.0
1777890026.1693325,0.0,0.0,-67.0
1777890026.1793325,0.0,1.0,-66.0
1777890026.1893325,0.0,-3.0,-71.0
1777890026.1993325,-4.0,-3.0,-66.0
1777890026.2093325,-4.0,-4.0,-65.0
1777890026.2193325,-4.0,-6.0,-65.0
1777890026.2293324,-2.0,-6.0,-59.0
1777890026.2393324,-4.0,-6.0,-65.0
1777890026.2493324,0.0,-6.0,-69.0
1777890026.2593324,-1.0,-4.0,-70.0
1777890026.2693324,-1.0,-9.0,-72.0
1777890026.2793324,-4.0,-7.0,-70.0
1777890026.2893324,-3.0,-9.0,-73.0
1777890026.2993324,-6.0,-4.0,-73.0
1777890026.3093324,-3.0,-1.0,-71.0
1777890026.3193324,-6.0,-5.0,-69.0
1777890026.3293324,-7.0,-3.0,-61.0
1777890026.3393323,-6.0,0.0,-64.0
1777890026.3493323,-3.0,-4.0,-68.0
1777890026.3593323,2.0,-6.0,-71.0
1777890026.3693323,7.0,-3.0,-75.0
1777890026.3793323,8.0,-1.0,-81.0
1777890026.3893323,6.0,-4.0,-74.0
1777890026.3993323,2.0,-4.0,-70.0
1777890026.4093325,2.0,-4.0,-74.0
1777890026.4193325,2.0,-5.0,-77.0
1777890026.4293325,3.0,-2.0,-79.0
1777890026.4393325,2.0,-3.0,-75.0
1777890026.4493325,-2.0,-4.0,-72.0
1777890026.4593325,-6.0,-4.0,-73.0
1777890026.4693325,-1.0,-1.0,-75.0
1777890026.4793324,0.0,-1.0,-72.0
1777890026.4893324,0.0,0.0,-80.0
1777890026.4993324,0.0,3.0,-79.0
1777890026.5093324,0.0,-2.0,-77.0
1777890026.5193324,4.0,-2.0,-71.0
1777890026.5293324,7.0,0.0,-72.0
1777890026.5393324,7.0,6.0,-69.0
1777890026.5493324,6.0,6.0,-68.0
1777890026.5593324,3.0,2.0,-70.0
1777890026.5693324,0.0,0.0,-72.0
1777890026.5793324,-3.0,0.0,-74.0
1777890026.5893323,-5.0,0.0,-77.0
1777890026.5993323,-9.0,0.0,-72.0
1777890026.6093323,-5.0,-4.0,-72.0
1777890026.6193323,-1.0,0.0,-71.0
1777890026.6293323,-4.0,-1.0,-66.0
1777890026.6393323,-5.0,-3.0,-65.0
1777890026.6493323,-5.0,-1.0,-64.0
1777890026.6593325,-6.0,0.0,-69.0
1777890026.6693325,-7.0,0.0,-72.0
1777890026.6793325,-7.0,0.0,-73.0
1777890026.6893325,-4.0,-1.0,-78.0
1777890026.6993325,-1.0,-1.0,-82.0
1777890026.7093325,0.0,1.0,-85.0
1777890026.7193325,0.0,3.0,-83.0
1777890026.7293324,0.0,1.0,-76.0
1777890026.7393324,3.0,-3.0,-70.0
1777890026.7493324,7.0,-4.0,-63.0
1777890026.7593324,4.0,-4.0,-64.0
1777890026.7693324,1.0,-4.0,-66.0
1777890026.7793324,1.0,-6.0,-66.0
1777890026.7893324,1.0,-7.0,-65.0
1777890026.7993324,0.0,-6.0,-69.0
1777890026.8093324,3.0,-7.0,-66.0
1777890026.8193324,3.0,-10.0,-59.0
1777890026.8293324,2.0,-7.0,-66.0
1777890026.8393323,1.0,-6.0,-64.0
1777890026.8493323,-2.0,-5.0,-65.0
1777890026.8593323,-3.0,-3.0,-62.0
1777890026.8693323,-2.0,-3.0,-67.0
1777890026.8793323,0.0,-4.0,-71.0
1777890026.8893323,3.0,-4.0,-72.0
1777890026.8993323,5.0,-5.0,-79.0
1777890026.9093325,9.0,-4.0,-79.0
1777890026.9193325,12.0,-2.0,-75.0
1777890026.9293325,10.0,-5.0,-79.0
1777890026.9393325,3.0,-6.0,-76.0
1777890026.9493325,3.0,-7.0,-71.0
1777890026.9593325,0.0,-7.0,-74.0
1777890026.9693325,-2.0,-3.0,-76.0
1777890026.9793324,1.0,-1.0,-75.0
1777890026.9893324,7.0,-2.0,-76.0
1777890026.9993324,3.0,1.0,-80.0
1777890027.0093324,1.0,-1.0,-76.0
1777890027.0193324,4.0,-3.0,-75.0
1777890027.0293324,7.0,-4.0,-75.0
1777890027.0393324,4.0,-6.0,-80.0
1777890027.0493324,0.0,-7.0,-82.0
1777890027.0593324,-1.0,-2.0,-79.0
1777890027.0693324,-1.0,-2.0,-77.0
1777890027.0793324,0.0,-6.0,-79.0
1777890027.0893323,-1.0,-7.0,-79.0
1777890027.0993323,0.0,-7.0,-79.0
1777890027.1093323,-1.0,-4.0,-77.0
1777890027.1193323,-2.0,-4.0,-74.0
1777890027.1293323,2.0,-3.0,-75.0
1777890027.1393323,3.0,-4.0,-80.0
1777890027.1493323,0.0,-4.0,-87.0
1777890027.1593325,-1.0,-3.0,-85.0
1777890027.1693325,-2.0,-7.0,-89.0
1777890027.1793325,1.0,-6.0,-84.0
1777890027.1893325,2.0,-4.0,-82.0
1777890027.1993325,-2.0,-5.0,-83.0
1777890027.2093325,-5.0,-5.0,-78.0
1777890027.2193325,-3.0,-1.0,-72.0
1777890027.2293324,-3.0,1.0,-72.0
1777890027.2393324,-5.0,0.0,-71.0
1777890027.2493324,-5.0,0.0,-66.0
1777890027.2593324,-6.0,0.0,-65.0
1777890027.2693324,-6.0,1.0,-69.0
1777890027.2793324,-3.0,1.0,-66.0
1777890027.2893324,-2.0,2.0,-65.0
1777890027.2993324,-1.0,1.0,-69.0
1777890027.3093324,-2.0,2.0,-70.0
1777890027.3193324,0.0,0.0,-78.0
1777890027.3293324,0.0,-2.0,-81.0
1777890027.3393323,-2.0,0.0,-74.0
1777890027.3493323,-1.0,3.0,-78.0
1777890027.3593323,0.0,0.0,-75.0
1777890027.3693323,-1.0,-1.0,-76.0
1777890027.3793323,3.0,-3.0,-76.0
1777890027.3893323,6.0,-7.0,-75.0
1777890027.3993323,8.0,-5.0,-76.0
1777890027.4093325,7.0,-4.0,-74.0
1777890027.4193325,3.0,-6.0,-71.0
1777890027.4293325,5.0,-8.0,-70.0
1777890027.4393325,10.0,-6.0,-74.0
1777890027.4493325,0.0,-7.0,-80.0
1777890027.4593325,-1.0,-5.0,-84.0
1777890027.4693325,0.0,-10.0,-85.0
1777890027.4793324,-1.0,-9.0,-81.0
1777890027.4893324,-4.0,0.0,-79.0
1777890027.4993324,-5.0,-1.0,-79.0
1777890027.5093324,-5.0,-5.0,-75.0
1777890027.5193324,-5.0,-7.0,-72.0
1777890027.5293324,-1.0,-4.0,-71.0
1777890027.5393324,-4.0,-2.0,-68.0
1777890027.5493324,-4.0,-4.0,-66.0
1777890027.5593324,-5.0,-2.0,-76.0
1777890027.5693324,-3.0,-4.0,-74.0
1777890027.5793324,0.0,-5.0,-64.0
1777890027.5893323,1.0,-5.0,-61.0
1777890027.5993323,0.0,-9.0,-60.0
1777890027.6093323,1.0,-6.0,-70.0
1777890027.6193323,0.0,-8.0,-68.0
1777890027.6293323,0.0,-7.0,-67.0
1777890027.6393323,1.0,-4.0,-63.0
1777890027.6493323,-2.0,-5.0,-66.0
1777890027.6593325,-4.0,-4.0,-66.0
1777890027.6693325,-9.0,-4.0,-66.0
1777890027.6793325,-12.0,-7.0,-63.0
1777890027.6893325,-11.0,-6.0,-64.0
1777890027.6993325,-2.0,-2.0,-69.0
1777890027.7093325,-3.0,-4.0,-66.0
1777890027.7193325,-1.0,-6.0,-71.0
1777890027.7293324,-2.0,-5.0,-68.0
1777890027.7393324,0.0,-5.0,-70.0
1777890027.7493324,1.0,-4.0,-77.0
1777890027.7593324,1.0,-3.0,-78.0
1777890027.7693324,1.0,1.0,-79.0
1777890027.7793324,6.0,-2.0,-79.0
1777890027.7893324,8.0,-2.0,-81.0
1777890027.7993324,12.0,-2.0,-78.0
1777890027.8093324,11.0,-1.0,-74.0
1777890027.8193324,10.0,-2.0,-78.0
1777890027.8293324,10.0,-5.0,-84.0
1777890027.8393323,8.0,-4.0,-80.0
1777890027.8493323,5.0,-3.0,-75.0
1777890027.8593323,0.0,-1.0,-66.0
1777890027.8693323,0.0,-2.0,-67.0
1777890027.8793323,1.0,0.0,-66.0
1777890027.8893323,-3.0,2.0,-64.0
1777890027.8993323,0.0,0.0,-60.0
1777890027.9093325,0.0,-3.0,-58.0
1777890027.9193325,1.0,-5.0,-62.0
1777890027.9293325,0.0,-5.0,-64.0
1777890027.9393325,-1.0,-4.0,-59.0
1777890027.9493325,-1.0,-2.0,-72.0
1777890027.9593325,0.0,-2.0,-73.0
1777890027.9693325,4.0,-3.0,-78.0
1777890027.9793324,8.0,-2.0,-79.0
1777890027.9893324,11.0,-2.0,-77.0
1777890027.9993324,9.0,-2.0,-78.0
1777890028.0093324,5.0,-5.0,-84.0
1777890028.0193324,6.0,-2.0,-82.0
1777890028.0293324,5.0,-1.0,-82.0
1777890028.0403323,3.0,-3.0,-82.0
1777890028.0503323,2.0,-2.0,-79.0
1777890028.0593324,5.0,-2.0,-79.0
1777890028.0703323,0.0,-4.0,-79.0
1777890028.0803325,2.0,-5.0,-78.0
1777890028.0903325,0.0,-3.0,-76.0
1777890028.1003325,0.0,-2.0,-82.0
1777890028.1093323,3.0,-4.0,-84.0
1777890028.1203325,3.0,-6.0,-80.0
1777890028.1303325,2.0,-6.0,-84.0
1777890028.1403325,1.0,-1.0,-84.0
1777890028.1503325,-1.0,0.0,-80.0
1777890028.1603324,-4.0,1.0,-78.0
1777890028.1703324,-10.0,-2.0,-82.0
1777890028.1803324,-4.0,-2.0,-87.0
1777890028.1903324,-1.0,-5.0,-90.0
1777890028.2003324,-4.0,-7.0,-86.0
1777890028.2103324,0.0,-3.0,-83.0
1777890028.2203324,-2.0,-1.0,-81.0
1777890028.2303324,-3.0,-1.0,-78.0
1777890028.2403324,-2.0,-3.0,-72.0
1777890028.2503324,-1.0,-3.0,-70.0
1777890028.2603323,-1.0,-3.0,-68.0
1777890028.2703323,0.0,-2.0,-69.0
1777890028.2803323,0.0,0.0,-72.0
1777890028.2903323,0.0,-3.0,-74.0
1777890028.3003323,1.0,-7.0,-78.0
1777890028.3103323,2.0,-3.0,-83.0
1777890028.3203323,1.0,-3.0,-80.0
1777890028.3303325,-1.0,-3.0,-84.0
1777890028.3403325,-3.0,-4.0,-82.0
1777890028.3503325,-2.0,-6.0,-70.0
1777890028.3603325,-2.0,-6.0,-63.0
1777890028.3703325,-1.0,-5.0,-67.0
1777890028.3803325,-2.0,-3.0,-68.0
1777890028.3903325,0.0,-5.0,-69.0
1777890028.4003325,0.0,-3.0,-70.0
1777890028.4103324,-3.0,-5.0,-70.0
1777890028.4203324,-2.0,-4.0,-71.0
1777890028.4303324,0.0,-5.0,-78.0
1777890028.4403324,-5.0,-3.0,-79.0
1777890028.4503324,-7.0,-3.0,-80.0
1777890028.4603324,-4.0,-2.0,-76.0
1777890028.4703324,-6.0,0.0,-72.0
1777890028.4803324,-7.0,0.0,-69.0
1777890028.4903324,-4.0,4.0,-78.0
1777890028.5003324,-2.0,4.0,-84.0
1777890028.5103323,0.0,1.0,-78.0
1777890028.5203323,1.0,1.0,-73.0
1777890028.5303323,2.0,0.0,-80.0
1777890028.5403323,3.0,1.0,-81.0
1777890028.5503323,2.0,0.0,-81.0
1777890028.5603323,3.0,0.0,-78.0
1777890028.5703323,3.0,0.0,-80.0
1777890028.5803325,5.0,-1.0,-81.0
1777890028.5903325,3.0,0.0,-81.0
1777890028.6003325,0.0,0.0,-77.0
1777890028.6103325,-3.0,-1.0,-72.0
1777890028.6203325,-7.0,-3.0,-77.0
1777890028.6303325,-11.0,-4.0,-74.0
1777890028.6403325,-6.0,-4.0,-70.0
1777890028.6503325,-3.0,-2.0,-77.0
1777890028.6603324,-3.0,0.0,-75.0
1777890028.6703324,-4.0,0.0,-72.0
1777890028.6803324,-8.0,-3.0,-66.0
1777890028.6903324,-8.0,-5.0,-70.0
1777890028.7003324,0.0,-7.0,-67.0
1777890028.7103324,0.0,-8.0,-73.0
1777890028.7203324,0.0,-7.0,-72.0
1777890028.7303324,2.0,-3.0,-65.0
1777890028.7403324,1.0,-4.0,-56.0
1777890028.7503324,-3.0,-6.0,-66.0
1777890028.7603323,-1.0,-8.0,-77.0
1777890028.7703323,1.0,-7.0,-74.0
1777890028.7803323,2.0,-7.0,-80.0
1777890028.7903323,3.0,-5.0,-84.0
1777890028.8003323,0.0,-5.0,-76.0
1777890028.8103323,0.0,-3.0,-79.0
1777890028.8203323,5.0,-1.0,-76.0
1777890028.8303325,5.0,-1.0,-82.0
1777890028.8403325,3.0,-2.0,-77.0
1777890028.8503325,3.0,-3.0,-78.0
1777890028.8603325,-1.0,-2.0,-82.0
1777890028.8703325,0.0,-4.0,-82.0
1777890028.8803325,0.0,-3.0,-79.0
1777890028.8903325,5.0,-2.0,-80.0
1777890028.9003325,3.0,-1.0,-78.0
1777890028.9103324,1.0,-1.0,-78.0
1777890028.9203324,2.0,0.0,-78.0
1777890028.9303324,4.0,-3.0,-74.0
1777890028.9403324,3.0,-1.0,-78.0
1777890028.9503324,3.0,-5.0,-81.0
1777890028.9603324,6.0,-4.0,-82.0
1777890028.9703324,3.0,0.0,-78.0
1777890028.9803324,0.0,-1.0,-72.0
1777890028.9903324,2.0,-6.0,-74.0
1777890029.0003324,7.0,-10.0,-76.0
1777890029.0103323,8.0,-9.0,-78.0
1777890029.0203323,6.0,-7.0,-78.0
1777890029.0303323,4.0,-6.0,-79.0
1777890029.0403323,4.0,-4.0,-85.0
1777890029.0503323,3.0,-4.0,-81.0
1777890029.0603323,2.0,-2.0,-77.0
1777890029.0703323,-4.0,-1.0,-72.0
1777890029.0803325,0.0,0.0,-71.0
1777890029.0903325,1.0,1.0,-71.0
1777890029.1003325,4.0,3.0,-75.0
1777890029.1103325,3.0,2.0,-75.0
1777890029.1203325,6.0,1.0,-75.0
1777890029.1303325,10.0,-1.0,-73.0
1777890029.1403325,9.0,0.0,-75.0
1777890029.1503325,8.0,2.0,-77.0
1777890029.1603324,10.0,0.0,-73.0
1777890029.1703324,9.0,1.0,-67.0
1777890029.1803324,11.0,0.0,-64.0
1777890029.1903324,8.0,0.0,-69.0
1777890029.2003324,7.0,-1.0,-79.0
1777890029.2103324,4.0,-6.0,-80.0
1777890029.2203324,0.0,-9.0,-74.0
1777890029.2303324,-2.0,-3.0,-72.0
1777890029.2403324,0.0,0.0,-71.0
1777890029.2503324,2.0,-1.0,-68.0
1777890029.2603323,0.0,4.0,-64.0
1777890029.2703323,0.0,-1.0,-65.0
1777890029.2803323,-4.0,0.0,-71.0
1777890029.2903323,-2.0,2.0,-67.0
1777890029.3003323,0.0,1.0,-69.0
1777890029.3103323,-4.0,0.0,-71.0
1777890029.3203323,-5.0,0.0,-72.0
1777890029.3303325,-6.0,-2.0,-75.0
1777890029.3403325,-3.0,-3.0,-74.0
1777890029.3503325,-2.0,-4.0,-70.0
1777890029.3603325,3.0,-6.0,-69.0
1777890029.3703325,5.0,-3.0,-74.0
1777890029.3803325,2.0,-1.0,-68.0
1777890029.3903325,1.0,-6.0,-67.0
1777890029.4003325,1.0,-4.0,-71.0
1777890029.4103324,0.0,-3.0,-69.0
1777890029.4203324,6.0,-3.0,-71.0
1777890029.4303324,5.0,-6.0,-69.0
1777890029.4403324,3.0,-6.0,-65.0
1777890029.4503324,0.0,-1.0,-73.0
1777890029.4603324,0.0,-5.0,-75.0
1777890029.4703324,2.0,-3.0,-77.0
1777890029.4803324,2.0,0.0,-78.0
1777890029.4903324,0.0,-4.0,-79.0
1777890029.5003324,-2.0,-2.0,-79.0
1777890029.5103323,-2.0,-1.0,-83.0
1777890029.5203323,4.0,0.0,-84.0
1777890029.5303323,7.0,4.0,-83.0
1777890029.5403323,3.0,3.0,-76.0
1777890029.5503323,-1.0,7.0,-73.0
1777890029.5603323,-2.0,4.0,-75.0
1777890029.5703323,-2.0,4.0,-76.0
1777890029.5803325,-4.0,0.0,-79.0
1777890029.5903325,0.0,-2.0,-76.0
1777890029.6003325,4.0,-4.0,-73.0
1777890029.6103325,0.0,-4.0,-70.0
1777890029.6203325,6.0,-1.0,-64.0
1777890029.6303325,0.0,0.0,-67.0
1777890029.6403325,3.0,-1.0,-70.0
1777890029.6503325,3.0,0.0,-77.0
1777890029.6603324,2.0,1.0,-75.0
1777890029.6703324,1.0,-2.0,-74.0
1777890029.6803324,0.0,-2.0,-74.0
1777890029.6903324,1.0,-1.0,-75.0
1777890029.7003324,0.0,2.0,-84.0
1777890029.7103324,0.0,4.0,-85.0
1777890029.7203324,2.0,1.0,-93.0
1777890029.7303324,3.0,-2.0,-89.0
1777890029.7403324,2.0,-1.0,-81.0
1777890029.7503324,5.0,0.0,-68.0
1777890029.7603323,4.0,-2.0,-68.0
1777890029.7703323,3.0,-4.0,-66.0
1777890029.7803323,-5.0,0.0,-65.0
1777890029.7903323,-2.0,3.0,-70.0
1777890029.8003323,-3.0,3.0,-76.0
1777890029.8103323,-3.0,2.0,-68.0
1777890029.8203323,-1.0,2.0,-66.0
1777890029.8303325,0.0,0.0,-68.0
1777890029.8403325,2.0,0.0,-68.0
1777890029.8503325,2.0,-3.0,-66.0
1777890029.8603325,1.0,-9.0,-65.0
1777890029.8703325,0.0,-8.0,-61.0
1777890029.8803325,2.0,-7.0,-63.0
1777890029.8903325,5.0,-2.0,-70.0
1777890029.9003325,3.0,0.0,-66.0
1777890029.9103324,0.0,0.0,-69.0
1777890029.9203324,0.0,2.0,-72.0
1777890029.9303324,0.0,3.0,-78.0
1777890029.9403324,-2.0,0.0,-85.0
1777890029.9503324,-3.0,-6.0,-83.0
1777890029.9603324,-6.0,-6.0,-80.0
1777890029.9703324,-4.0,-6.0,-71.0
1777890029.9803324,-2.0,-6.0,-73.0
1777890029.9913323,0.0,-3.0,-73.0
1777890030.0013323,1.0,-1.0,-71.0
1777890030.0113325,1.0,-1.0,-78.0
1777890030.0213325,-1.0,-8.0,-77.0
1777890030.0313325,0.0,-8.0,-79.0
1777890030.0413325,1.0,-4.0,-84.0
1777890030.0513325,4.0,-3.0,-87.0
1777890030.0613325,1.0,-3.0,-78.0
1777890030.0713325,1.0,-3.0,-81.0
1777890030.0813324,0.0,0.0,-81.0
1777890030.0913324,-2.0,-4.0,-81.0
1777890030.1013324,0.0,-1.0,-85.0
1777890030.1113324,3.0,0.0,-86.0
1777890030.1213324,3.0,-2.0,-82.0
1777890030.1313324,-2.0,-7.0,-76.0
1777890030.1413324,-3.0,-10.0,-73.0
1777890030.1513324,1.0,-11.0,-78.0
1777890030.1613324,-1.0,-8.0,-81.0
1777890030.1713324,-3.0,-3.0,-85.0
1777890030.1813323,-3.0,0.0,-82.0
1777890030.1913323,-3.0,-2.0,-79.0
1777890030.2013323,0.0,-2.0,-85.0
1777890030.2113323,0.0,1.0,-84.0
1777890030.2213323,2.0,0.0,-82.0
1777890030.2313323,1.0,0.0,-84.0
1777890030.2413323,0.0,0.0,-80.0
1777890030.2523324,0.0,5.0,-83.0
1777890030.2613325,1.0,6.0,-81.0
1777890030.2713325,1.0,6.0,-77.0
1777890030.2813325,6.0,5.0,-80.0
1777890030.2913325,6.0,3.0,-82.0
1777890030.3013325,2.0,3.0,-84.0
1777890030.3113325,3.0,2.0,-79.0
1777890030.3213325,3.0,6.0,-78.0
1777890030.3313324,5.0,2.0,-79.0
1777890030.3413324,2.0,0.0,-74.0
1777890030.3513324,-2.0,-2.0,-75.0
1777890030.3613324,-3.0,-2.0,-71.0
1777890030.3713324,0.0,0.0,-75.0
1777890030.3813324,4.0,3.0,-80.0
1777890030.3913324,7.0,-1.0,-81.0
1777890030.4013324,5.0,0.0,-85.0
1777890030.4113324,3.0,-2.0,-83.0
1777890030.4213324,0.0,-2.0,-78.0
1777890030.4313323,0.0,0.0,-75.0
1777890030.4413323,-3.0,0.0,-76.0
1777890030.4513323,-1.0,0.0,-77.0
1777890030.4613323,-4.0,0.0,-74.0
1777890030.4713323,-9.0,1.0,-70.0
1777890030.4813323,-8.0,3.0,-74.0
1777890030.4913323,-4.0,0.0,-78.0
1777890030.5013323,-7.0,0.0,-79.0
1777890030.5113325,-7.0,0.0,-72.0
1777890030.5213325,-7.0,-4.0,-68.0
1777890030.5313325,-8.0,-6.0,-67.0
1777890030.5413325,-1.0,-1.0,-68.0
1777890030.5513325,3.0,-3.0,-68.0
1777890030.5613325,4.0,-1.0,-72.0
1777890030.5713325,4.0,0.0,-69.0
1777890030.5813324,3.0,0.0,-70.0
1777890030.5913324,5.0,1.0,-69.0
1777890030.6013324,0.0,0.0,-69.0
1777890030.6113324,0.0,-1.0,-80.0
1777890030.6213324,0.0,-5.0,-80.0
1777890030.6313324,-1.0,-5.0,-76.0
1777890030.6413324,-1.0,-5.0,-76.0
1777890030.6513324,-2.0,-4.0,-76.0
1777890030.6613324,-7.0,-5.0,-69.0
1777890030.6713324,-9.0,-4.0,-65.0
1777890030.6813323,-3.0,-2.0,-66.0
1777890030.6913323,-2.0,-3.0,-67.0
1777890030.7013323,-3.0,-8.0,-65.0
1777890030.7113323,-4.0,-8.0,-67.0
1777890030.7213323,-3.0,-2.0,-64.0
1777890030.7313323,0.0,0.0,-63.0
1777890030.7413323,-1.0,2.0,-69.0
1777890030.7513323,-4.0,2.0,-70.0
1777890030.7613325,-4.0,0.0,-64.0
1777890030.7713325,0.0,0.0,-69.0
1777890030.7813325,0.0,3.0,-66.0
1777890030.7913325,1.0,0.0,-69.0
1777890030.8013325,-2.0,0.0,-65.0
1777890030.8113325,-4.0,-1.0,-67.0
1777890030.8213325,-6.0,-1.0,-63.0
1777890030.8313324,-6.0,0.0,-65.0
1777890030.8413324,-6.0,-3.0,-63.0
1777890030.8513324,-8.0,-4.0,-66.0
1777890030.8613324,-3.0,-5.0,-72.0
1777890030.8713324,0.0,-7.0,-72.0
1777890030.8813324,7.0,-2.0,-74.0
1777890030.8913324,3.0,-6.0,-74.0
1777890030.9013324,0.0,-6.0,-73.0
1777890030.9113324,2.0,-3.0,-70.0
1777890030.9213324,-1.0,2.0,-66.0
1777890030.9313323,-3.0,2.0,-68.0
1777890030.9413323,-3.0,-4.0,-72.0
1777890030.9513323,0.0,-3.0,-76.0
1777890030.9613323,0.0,-3.0,-77.0
1777890030.9713323,-2.0,-3.0,-76.0
1777890030.9813323,-2.0,-5.0,-74.0
1777890030.9913323,-1.0,0.0,-75.0
1777890031.0013323,-4.0,1.0,-77.0
1777890031.0113325,-2.0,1.0,-78.0
1777890031.0213325,0.0,7.0,-82.0
1777890031.0313325,2.0,5.0,-88.0
1777890031.0413325,-2.0,4.0,-91.0
1777890031.0513325,-7.0,0.0,-84.0
1777890031.0613325,-6.0,4.0,-87.0
1777890031.0713325,-10.0,1.0,-89.0
1777890031.0813324,-10.0,5.0,-83.0
1777890031.0913324,-13.0,4.0,-76.0
1777890031.1013324,-11.0,4.0,-76.0
1777890031.1113324,-8.0,4.0,-75.0
1777890031.1213324,-6.0,6.0,-81.0
1777890031.1313324,-5.0,7.0,-83.0
1777890031.1413324,-6.0,1.0,-80.0
1777890031.1513324,-2.0,3.0,-74.0
1777890031.1613324,-4.0,0.0,-71.0
1777890031.1713324,-2.0,2.0,-71.0
1777890031.1813323,-1.0,0.0,-71.0
1777890031.1913323,3.0,0.0,-81.0
1777890031.2013323,2.0,0.0,-85.0
1777890031.2113323,3.0,2.0,-85.0
1777890031.2213323,4.0,4.0,-90.0
1777890031.2313323,2.0,4.0,-86.0
1777890031.2413323,4.0,2.0,-80.0
1777890031.2513323,-5.0,0.0,-72.0
1777890031.2613325,-8.0,-3.0,-70.0
1777890031.2723324,-11.0,-3.0,-64.0
1777890031.2813325,-11.0,0.0,-74.0
1777890031.2913325,-9.0,-2.0,-77.0
1777890031.3013325,-6.0,0.0,-74.0
1777890031.3113325,-3.0,1.0,-73.0
1777890031.3213325,-1.0,-1.0,-68.0
1777890031.3313324,-1.0,-2.0,-78.0
1777890031.3413324,0.0,0.0,-81.0
1777890031.3513324,-1.0,1.0,-81.0
1777890031.3613324,-1.0,1.0,-74.0
1777890031.3713324,-4.0,0.0,-72.0
1777890031.3813324,-3.0,0.0,-76.0
1777890031.3913324,-2.0,0.0,-75.0
1777890031.4013324,-3.0,-3.0,-72.0
1777890031.4113324,-7.0,-3.0,-77.0
1777890031.4213324,0.0,-3.0,-77.0
1777890031.4313323,4.0,0.0,-76.0
1777890031.4413323,3.0,-1.0,-69.0
1777890031.4513323,7.0,-2.0,-71.0
1777890031.4613323,8.0,-4.0,-72.0
1777890031.4713323,5.0,-2.0,-75.0
1777890031.4813323,-2.0,0.0,-74.0
1777890031.4913323,-2.0,-3.0,-74.0
1777890031.5013323,0.0,-5.0,-75.0
1777890031.5113325,0.0,-3.0,-77.0
1777890031.5213325,1.0,-1.0,-79.0
1777890031.5313325,0.0,-2.0,-77.0
1777890031.5413325,0.0,-1.0,-72.0
1777890031.5513325,3.0,0.0,-70.0
1777890031.5613325,0.0,2.0,-71.0
1777890031.5713325,3.0,0.0,-69.0
1777890031.5813324,11.0,-1.0,-63.0
1777890031.5913324,9.0,0.0,-69.0
1777890031.6013324,10.0,1.0,-72.0
1777890031.6113324,11.0,2.0,-71.0
1777890031.6213324,7.0,3.0,-77.0
1777890031.6313324,6.0,1.0,-79.0
1777890031.6413324,5.0,-2.0,-73.0
1777890031.6513324,2.0,-2.0,-70.0
1777890031.6613324,4.0,-1.0,-67.0
1777890031.6713324,4.0,-2.0,-68.0
1777890031.6813323,1.0,-2.0,-69.0
1777890031.6913323,2.0,3.0,-77.0
1777890031.7013323,2.0,2.0,-80.0
1777890031.7113323,1.0,3.0,-76.0
1777890031.7213323,-3.0,2.0,-78.0
1777890031.7313323,0.0,5.0,-76.0
1777890031.7413323,0.0,6.0,-75.0
1777890031.7513323,0.0,6.0,-75.0
1777890031.7613325,-1.0,4.0,-68.0
1777890031.7713325,0.0,0.0,-75.0
1777890031.7813325,-1.0,0.0,-75.0
1777890031.7913325,2.0,-4.0,-74.0
1777890031.8013325,1.0,-2.0,-74.0
1777890031.8113325,-3.0,1.0,-76.0
1777890031.8213325,0.0,-2.0,-84.0
1777890031.8313324,-1.0,-1.0,-87.0
1777890031.8413324,1.0,-2.0,-85.0
1777890031.8513324,3.0,-3.0,-87.0
1777890031.8613324,0.0,-3.0,-80.0
1777890031.8713324,0.0,-1.0,-79.0
1777890031.8813324,2.0,-1.0,-78.0
1777890031.8913324,0.0,-1.0,-77.0
1777890031.9013324,2.0,3.0,-74.0
1777890031.9113324,4.0,1.0,-78.0
1777890031.9213324,3.0,0.0,-77.0
1777890031.9313323,0.0,-5.0,-74.0
1777890031.9413323,2.0,-5.0,-70.0
1777890031.9513323,3.0,-1.0,-66.0
1777890031.9613323,4.0,-2.0,-69.0
1777890031.9713323,1.0,-3.0,-70.0
1777890031.9823325,0.0,-3.0,-64.0
1777890031.9913323,-2.0,-4.0,-66.0
1777890032.0023324,-4.0,-3.0,-70.0
1777890032.0123324,2.0,0.0,-72.0
1777890032.0223324,3.0,1.0,-77.0
1777890032.0323324,5.0,2.0,-78.0
1777890032.0423324,5.0,1.0,-81.0
1777890032.0523324,3.0,2.0,-78.0
1777890032.0623324,3.0,-1.0,-75.0
1777890032.0723324,4.0,-2.0,-76.0
1777890032.0823324,5.0,-4.0,-76.0
1777890032.0923324,3.0,-4.0,-73.0
1777890032.1023324,1.0,-3.0,-77.0
1777890032.1123323,0.0,0.0,-71.0
1777890032.1223323,-1.0,-1.0,-71.0
1777890032.1323323,3.0,-3.0,-71.0
1777890032.1423323,1.0,-1.0,-70.0
1777890032.1523323,1.0,0.0,-71.0
1777890032.1623323,0.0,0.0,-67.0
1777890032.1723323,0.0,0.0,-72.0
1777890032.1823325,0.0,1.0,-77.0
1777890032.1923325,1.0,3.0,-73.0
1777890032.2023325,3.0,4.0,-74.0
1777890032.2123325,4.0,5.0,-73.0
1777890032.2223325,5.0,1.0,-70.0
1777890032.2323325,4.0,2.0,-73.0
1777890032.2423325,4.0,2.0,-69.0
1777890032.2523324,2.0,3.0,-69.0
1777890032.2623324,3.0,3.0,-69.0
1777890032.2723324,2.0,4.0,-67.0
1777890032.2823324,-2.0,3.0,-62.0
1777890032.2933323,-1.0,0.0,-57.0
1777890032.3023324,-5.0,0.0,-60.0
1777890032.3123324,-11.0,0.0,-60.0
1777890032.3223324,-5.0,-1.0,-59.0
1777890032.3323324,-3.0,-5.0,-62.0
1777890032.3423324,2.0,-4.0,-61.0
1777890032.3523324,2.0,-3.0,-57.0
1777890032.3623323,0.0,0.0,-63.0
1777890032.3723323,0.0,0.0,-68.0
1777890032.3823323,-4.0,4.0,-66.0
1777890032.3923323,-4.0,5.0,-68.0
1777890032.4023323,-6.0,3.0,-74.0
1777890032.4123323,-2.0,1.0,-75.0
1777890032.4223323,1.0,-5.0,-72.0
1777890032.4323325,2.0,-1.0,-72.0
1777890032.4423325,2.0,0.0,-71.0
1777890032.4523325,-1.0,5.0,-71.0
1777890032.4623325,0.0,8.0,-70.0
1777890032.4723325,-4.0,7.0,-63.0
1777890032.4823325,-4.0,5.0,-62.0
1777890032.4923325,-1.0,5.0,-63.0
1777890032.5023324,0.0,2.0,-66.0
1777890032.5123324,1.0,0.0,-70.0
1777890032.5223324,3.0,1.0,-74.0
1777890032.5323324,1.0,4.0,-72.0
1777890032.5423324,0.0,5.0,-73.0
1777890032.5523324,7.0,9.0,-72.0
1777890032.5623324,12.0,8.0,-72.0
1777890032.5723324,12.0,4.0,-77.0
1777890032.5823324,10.0,2.0,-71.0
1777890032.5923324,9.0,0.0,-70.0
1777890032.6023324,8.0,-2.0,-74.0
1777890032.6123323,9.0,-1.0,-67.0
1777890032.6223323,10.0,0.0,-67.0
1777890032.6323323,5.0,1.0,-70.0
1777890032.6423323,4.0,1.0,-74.0
1777890032.6523323,3.0,-1.0,-76.0
1777890032.6623323,0.0,-2.0,-75.0
1777890032.6723323,0.0,-5.0,-76.0
1777890032.6823325,1.0,-3.0,-85.0
1777890032.6923325,2.0,-2.0,-93.0
1777890032.7023325,0.0,-7.0,-85.0
1777890032.7123325,-2.0,-3.0,-84.0
1777890032.7223325,-7.0,-4.0,-82.0
1777890032.7323325,-3.0,-1.0,-76.0
1777890032.7423325,-1.0,-5.0,-81.0
1777890032.7523324,0.0,-5.0,-84.0
1777890032.7623324,-2.0,-4.0,-82.0
1777890032.7723324,0.0,-4.0,-82.0
1777890032.7823324,-2.0,-4.0,-81.0
1777890032.7923324,-1.0,2.0,-81.0
1777890032.8023324,-2.0,6.0,-72.0
1777890032.8123324,-2.0,3.0,-71.0
1777890032.8223324,-1.0,2.0,-62.0
1777890032.8323324,-5.0,3.0,-68.0
1777890032.8423324,1.0,0.0,-75.0
1777890032.8523324,3.0,-1.0,-77.0
1777890032.8623323,6.0,0.0,-72.0
1777890032.8723323,6.0,-1.0,-76.0
1777890032.8823323,2.0,-5.0,-76.0
1777890032.8923323,-1.0,-1.0,-78.0
1777890032.9023323,-2.0,0.0,-70.0
1777890032.9123323,-2.0,0.0,-68.0
1777890032.9223323,1.0,-1.0,-71.0
1777890032.9323325,5.0,4.0,-68.0
1777890032.9423325,7.0,3.0,-69.0
1777890032.9523325,5.0,2.0,-70.0
1777890032.9623325,6.0,-3.0,-71.0
1777890032.9723325,3.0,-2.0,-74.0
1777890032.9823325,0.0,-3.0,-76.0
1777890032.9923325,3.0,-2.0,-67.0
1777890033.0023324,4.0,0.0,-69.0
1777890033.0123324,3.0,-1.0,-71.0
1777890033.0223324,-1.0,0.0,-72.0
1777890033.0323324,-2.0,0.0,-78.0
1777890033.0423324,-3.0,0.0,-82.0
1777890033.0523324,-6.0,0.0,-84.0
1777890033.0623324,0.0,-2.0,-76.0
1777890033.0723324,-1.0,-2.0,-84.0
1777890033.0823324,-1.0,0.0,-81.0
1777890033.0923324,0.0,0.0,-79.0
1777890033.1023324,2.0,2.0,-85.0
1777890033.1123323,2.0,1.0,-84.0
1777890033.1223323,0.0,3.0,-88.0
1777890033.1323323,1.0,2.0,-84.0
1777890033.1423323,1.0,-1.0,-90.0
1777890033.1523323,1.0,-3.0,-85.0
1777890033.1623323,1.0,-2.0,-83.0
1777890033.1723323,5.0,-4.0,-83.0
1777890033.1823325,7.0,0.0,-82.0
1777890033.1923325,6.0,0.0,-74.0
1777890033.2023325,6.0,3.0,-73.0
1777890033.2123325,1.0,0.0,-75.0
1777890033.2223325,0.0,-1.0,-73.0
1777890033.2323325,0.0,-3.0,-76.0
1777890033.2423325,0.0,0.0,-68.0
1777890033.2523324,0.0,0.0,-70.0
1777890033.2623324,-3.0,-2.0,-70.0
1777890033.2723324,3.0,0.0,-68.0
1777890033.2823324,-1.0,1.0,-66.0
1777890033.2923324,-4.0,4.0,-67.0
1777890033.3023324,-6.0,0.0,-69.0
1777890033.3123324,-5.0,0.0,-67.0
1777890033.3223324,-2.0,4.0,-73.0
1777890033.3323324,0.0,1.0,-75.0
1777890033.3423324,-2.0,5.0,-78.0
1777890033.3523324,-2.0,5.0,-82.0
1777890033.3623323,-2.0,5.0,-79.0
1777890033.3723323,-8.0,9.0,-78.0
1777890033.3823323,-7.0,6.0,-81.0
1777890033.3923323,-2.0,5.0,-77.0
1777890033.4023323,0.0,5.0,-70.0
1777890033.4123323,-1.0,1.0,-76.0
1777890033.4223323,-1.0,1.0,-73.0
1777890033.4323325,2.0,4.0,-75.0
1777890033.4423325,1.0,6.0,-78.0
1777890033.4523325,3.0,8.0,-76.0
1777890033.4623325,6.0,8.0,-69.0
1777890033.4723325,6.0,3.0,-65.0
1777890033.4823325,0.0,1.0,-67.0
1777890033.4923325,3.0,0.0,-67.0
1777890033.5023324,-1.0,0.0,-66.0
1777890033.5123324,-4.0,0.0,-73.0
1777890033.5223324,-2.0,2.0,-75.0
1777890033.5323324,1.0,4.0,-72.0
1777890033.5423324,2.0,4.0,-77.0
1777890033.5523324,1.0,2.0,-72.0
1777890033.5623324,4.0,0.0,-83.0
1777890033.5723324,4.0,5.0,-81.0
1777890033.5823324,5.0,5.0,-79.0
1777890033.5923324,6.0,4.0,-75.0
1777890033.6023324,7.0,4.0,-71.0
1777890033.6123323,4.0,2.0,-75.0
1777890033.6223323,5.0,-1.0,-76.0
1777890033.6323323,0.0,0.0,-79.0
1777890033.6423323,0.0,0.0,-86.0
1777890033.6523323,3.0,0.0,-82.0
1777890033.6623323,7.0,0.0,-81.0
1777890033.6723323,9.0,0.0,-84.0
1777890033.6823325,5.0,0.0,-85.0
1777890033.6923325,1.0,-5.0,-88.0
1777890033.7023325,-2.0,-6.0,-86.0
1777890033.7123325,0.0,-3.0,-82.0
1777890033.7223325,0.0,-2.0,-75.0
1777890033.7323325,1.0,-3.0,-77.0
1777890033.7423325,4.0,-2.0,-76.0
1777890033.7523324,2.0,0.0,-76.0
1777890033.7623324,2.0,0.0,-84.0
1777890033.7723324,6.0,1.0,-79.0
1777890033.7823324,5.0,-1.0,-74.0
1777890033.7923324,1.0,-2.0,-74.0
1777890033.8023324,3.0,-2.0,-70.0
1777890033.8123324,1.0,1.0,-72.0
1777890033.8223324,0.0,2.0,-72.0
1777890033.8323324,0.0,3.0,-75.0
1777890033.8423324,0.0,4.0,-74.0
1777890033.8523324,3.0,0.0,-69.0
1777890033.8623323,3.0,1.0,-71.0
1777890033.8723323,7.0,2.0,-67.0
1777890033.8823323,8.0,4.0,-68.0
1777890033.8923323,7.0,0.0,-67.0
1777890033.9023323,7.0,1.0,-70.0
1777890033.9123323,7.0,0.0,-71.0
1777890033.9223323,1.0,2.0,-69.0
1777890033.9323325,0.0,2.0,-71.0
1777890033.9423325,0.0,0.0,-76.0
1777890033.9523325,-4.0,-3.0,-77.0
1777890033.9633324,-7.0,-1.0,-80.0
1777890033.9723325,-3.0,-2.0,-76.0
1777890033.9833324,0.0,-1.0,-79.0
1777890033.9933324,3.0,-4.0,-79.0
1777890034.0033324,1.0,-4.0,-80.0
1777890034.0133324,0.0,-5.0,-79.0
1777890034.0233324,1.0,-3.0,-78.0
1777890034.0333323,0.0,-1.0,-74.0
1777890034.0433323,5.0,-2.0,-74.0
1777890034.0533323,7.0,0.0,-73.0
1777890034.0633323,6.0,-1.0,-71.0
1777890034.0733323,7.0,2.0,-66.0
1777890034.0833323,4.0,4.0,-70.0
1777890034.0933323,2.0,5.0,-71.0
1777890034.1033323,5.0,3.0,-69.0
1777890034.1133325,4.0,1.0,-73.0
1777890034.1233325,7.0,0.0,-69.0
1777890034.1333325,11.0,0.0,-67.0
1777890034.1433325,8.0,-2.0,-73.0
1777890034.1533325,7.0,2.0,-80.0
1777890034.1633325,9.0,0.0,-75.0
1777890034.1733325,3.0,1.0,-80.0
1777890034.1833324,5.0,0.0,-84.0
1777890034.1933324,6.0,1.0,-82.0
1777890034.2033324,2.0,0.0,-78.0
1777890034.2133324,1.0,-2.0,-73.0
1777890034.2233324,-1.0,-1.0,-69.0
1777890034.2333324,-2.0,-1.0,-75.0
1777890034.2433324,0.0,0.0,-76.0
1777890034.2533324,2.0,-1.0,-66.0
1777890034.2633324,1.0,-4.0,-66.0
1777890034.2733324,-1.0,-4.0,-70.0
1777890034.2833323,3.0,0.0,-68.0
1777890034.2933323,4.0,0.0,-59.0
1777890034.3033323,0.0,1.0,-67.0
1777890034.3133323,-3.0,2.0,-73.0
1777890034.3233323,-2.0,0.0,-73.0
1777890034.3333323,-6.0,-1.0,-74.0
1777890034.3433323,-3.0,-4.0,-76.0
1777890034.3533323,-7.0,-6.0,-72.0
1777890034.3633325,-5.0,-5.0,-75.0
1777890034.3733325,-2.0,-6.0,-73.0
1777890034.3833325,2.0,-5.0,-72.0
1777890034.3933325,3.0,-1.0,-73.0
1777890034.4033325,8.0,0.0,-76.0
1777890034.4133325,5.0,1.0,-83.0
1777890034.4233325,5.0,5.0,-80.0
1777890034.4333324,4.0,0.0,-80.0
1777890034.4433324,3.0,0.0,-76.0
1777890034.4533324,0.0,0.0,-75.0
1777890034.4633324,0.0,0.0,-73.0
1777890034.4733324,0.0,3.0,-72.0
1777890034.4833324,2.0,4.0,-70.0
1777890034.4933324,2.0,0.0,-70.0
1777890034.5033324,-5.0,-1.0,-73.0
1777890034.5133324,-5.0,-1.0,-68.0
1777890034.5233324,-3.0,-1.0,-67.0
1777890034.5333323,0.0,-3.0,-63.0
1777890034.5433323,1.0,-3.0,-68.0
1777890034.5533323,-4.0,-2.0,-65.0
1777890034.5633323,-5.0,-1.0,-68.0
1777890034.5733323,-5.0,-1.0,-67.0
1777890034.5833323,-1.0,0.0,-77.0
1777890034.5933323,3.0,0.0,-77.0
1777890034.6033323,10.0,0.0,-76.0
1777890034.6133325,11.0,0.0,-76.0
1777890034.6233325,10.0,0.0,-77.0
1777890034.6333325,13.0,-1.0,-74.0
1777890034.6433325,11.0,-5.0,-79.0
1777890034.6533325,6.0,-4.0,-77.0
1777890034.6633325,5.0,0.0,-76.0
1777890034.6733325,9.0,1.0,-76.0
1777890034.6833324,6.0,3.0,-78.0
1777890034.6933324,10.0,0.0,-75.0
1777890034.7033324,7.0,-6.0,-76.0
1777890034.7133324,3.0,-5.0,-79.0
1777890034.7233324,5.0,0.0,-80.0
1777890034.7333324,3.0,-1.0,-78.0
1777890034.7433324,0.0,-4.0,-77.0
1777890034.7533324,-3.0,-5.0,-67.0
1777890034.7633324,-3.0,-3.0,-67.0
1777890034.7733324,-5.0,-1.0,-72.0
1777890034.7833323,-2.0,-2.0,-76.0
1777890034.7933323,3.0,-3.0,-78.0
1777890034.8033323,1.0,0.0,-82.0
1777890034.8133323,1.0,0.0,-84.0
1777890034.8233323,2.0,0.0,-87.0
1777890034.8333323,8.0,-2.0,-89.0
1777890034.8433323,7.0,0.0,-92.0
1777890034.8533323,5.0,0.0,-89.0
1777890034.8633325,3.0,0.0,-85.0
1777890034.8733325,4.0,-4.0,-74.0
1777890034.8833325,0.0,-1.0,-75.0
1777890034.8933325,-2.0,2.0,-78.0
1777890034.9033325,-1.0,-1.0,-74.0
1777890034.9133325,0.0,1.0,-79.0
1777890034.9233325,6.0,2.0,-76.0
1777890034.9333324,5.0,0.0,-76.0
1777890034.9433324,3.0,0.0,-74.0
1777890034.9533324,0.0,-3.0,-73.0
1777890034.9633324,0.0,-7.0,-76.0
1777890034.9733324,-5.0,-2.0,-78.0
1777890034.9833324,-7.0,0.0,-80.0
1777890034.9933324,-5.0,-1.0,-72.0
1777890035.0033324,-6.0,-3.0,-73.0
1777890035.0133324,-3.0,-2.0,-75.0
1777890035.0233324,1.0,0.0,-72.0
1777890035.0333323,3.0,-2.0,-71.0
1777890035.0433323,7.0,-2.0,-75.0
1777890035.0533323,8.0,0.0,-74.0
1777890035.0633323,2.0,4.0,-68.0
1777890035.0733323,-1.0,2.0,-72.0
1777890035.0833323,-3.0,3.0,-75.0
1777890035.0933323,0.0,1.0,-77.0
1777890035.1033323,-2.0,5.0,-77.0
1777890035.1133325,-3.0,5.0,-70.0
1777890035.1233325,-5.0,4.0,-68.0
1777890035.1333325,-5.0,5.0,-73.0
1777890035.1433325,-3.0,2.0,-75.0
1777890035.1533325,-3.0,0.0,-77.0
1777890035.1633325,-2.0,1.0,-77.0
1777890035.1733325,-3.0,2.0,-78.0
1777890035.1833324,-1.0,-1.0,-75.0
1777890035.1933324,0.0,-4.0,-74.0
1777890035.2033324,2.0,-9.0,-76.0
1777890035.2133324,7.0,-8.0,-75.0
1777890035.2233324,6.0,-5.0,-73.0
1777890035.2333324,4.0,-1.0,-72.0
1777890035.2433324,2.0,2.0,-74.0
1777890035.2533324,-3.0,4.0,-78.0
1777890035.2633324,-1.0,4.0,-75.0
1777890035.2733324,2.0,-1.0,-77.0
1777890035.2833323,2.0,0.0,-80.0
1777890035.2933323,0.0,-5.0,-78.0
1777890035.3033323,1.0,-4.0,-77.0
1777890035.3133323,3.0,-3.0,-73.0
1777890035.3233323,0.0,-5.0,-67.0
1777890035.3333323,3.0,-1.0,-75.0
1777890035.3433323,8.0,-1.0,-82.0
1777890035.3533323,8.0,-1.0,-83.0
1777890035.3633325,11.0,0.0,-83.0
1777890035.3733325,8.0,2.0,-91.0
1777890035.3833325,3.0,1.0,-84.0
1777890035.3933325,0.0,-1.0,-81.0
1777890035.4033325,0.0,-2.0,-78.0
1777890035.4133325,-5.0,0.0,-79.0
1777890035.4233325,-2.0,-1.0,-84.0
1777890035.4333324,0.0,-1.0,-85.0
1777890035.4433324,-3.0,1.0,-89.0
1777890035.4533324,-4.0,0.0,-85.0
1777890035.4633324,0.0,-1.0,-81.0
1777890035.4733324,-3.0,3.0,-76.0
1777890035.4833324,-3.0,5.0,-77.0
1777890035.4933324,0.0,6.0,-75.0
1777890035.5033324,-4.0,3.0,-81.0
1777890035.5133324,-1.0,3.0,-82.0
1777890035.5233324,0.0,1.0,-85.0
1777890035.5333323,1.0,0.0,-90.0
1777890035.5433323,0.0,1.0,-86.0
1777890035.5533323,-3.0,4.0,-83.0
1777890035.5633323,-5.0,8.0,-86.0
1777890035.5733323,-6.0,2.0,-81.0
1777890035.5833323,-1.0,-4.0,-76.0
1777890035.5933323,0.0,-4.0,-76.0
1777890035.6033323,1.0,-4.0,-77.0
1777890035.6133325,2.0,-1.0,-73.0
1777890035.6233325,4.0,-1.0,-69.0
1777890035.6333325,1.0,-5.0,-69.0
1777890035.6433325,-1.0,-7.0,-68.0
1777890035.6533325,-1.0,-7.0,-75.0
1777890035.6633325,-1.0,-4.0,-72.0
1777890035.6733325,1.0,0.0,-72.0
1777890035.6833324,2.0,1.0,-75.0
1777890035.6933324,4.0,4.0,-65.0
1777890035.7033324,2.0,4.0,-65.0
1777890035.7133324,0.0,1.0,-66.0
1777890035.7233324,1.0,-1.0,-65.0
1777890035.7333324,6.0,0.0,-67.0
1777890035.7433324,8.0,3.0,-66.0
1777890035.7533324,0.0,4.0,-68.0
1777890035.7633324,-4.0,4.0,-73.0
1777890035.7733324,0.0,2.0,-71.0
1777890035.7833323,5.0,0.0,-68.0
1777890035.7933323,8.0,0.0,-61.0
1777890035.8033323,7.0,1.0,-66.0
1777890035.8133323,8.0,4.0,-68.0
1777890035.8233323,10.0,5.0,-74.0
1777890035.8333323,14.0,5.0,-80.0
1777890035.8433323,12.0,3.0,-83.0
1777890035.8533323,12.0,4.0,-79.0
1777890035.8633325,15.0,2.0,-77.0
1777890035.8733325,15.0,0.0,-80.0
1777890035.8833325,14.0,0.0,-83.0
1777890035.8933325,5.0,3.0,-79.0
1777890035.9033325,0.0,1.0,-77.0
1777890035.9133325,-1.0,-2.0,-77.0
1777890035.9233325,-3.0,0.0,-76.0
1777890035.9333324,2.0,-4.0,-72.0
1777890035.9433324,4.0,0.0,-69.0
1777890035.9543324,5.0,1.0,-70.0
1777890035.9643323,7.0,-1.0,-75.0
1777890035.9743323,6.0,0.0,-76.0
1777890035.9843323,1.0,1.0,-77.0
1777890035.9943323,3.0,5.0,-80.0
1777890036.0043323,2.0,9.0,-70.0
1777890036.0143323,4.0,7.0,-71.0
1777890036.0243323,7.0,2.0,-74.0
1777890036.0343325,11.0,-1.0,-74.0
1777890036.0443325,9.0,-6.0,-76.0
1777890036.0543325,3.0,-7.0,-79.0
1777890036.0643325,0.0,-3.0,-79.0
1777890036.0743325,2.0,-3.0,-73.0
1777890036.0843325,1.0,-1.0,-69.0
1777890036.0943325,4.0,-6.0,-66.0
1777890036.1043324,7.0,-1.0,-59.0
1777890036.1143324,11.0,-6.0,-63.0
1777890036.1243324,8.0,-6.0,-66.0
1777890036.1343324,6.0,-1.0,-64.0
1777890036.1443324,4.0,-2.0,-65.0
1777890036.1543324,1.0,0.0,-74.0
1777890036.1643324,2.0,-1.0,-81.0
1777890036.1743324,0.0,1.0,-80.0
1777890036.1843324,0.0,-2.0,-78.0
1777890036.1943324,2.0,-2.0,-74.0
1777890036.2043324,-1.0,0.0,-79.0
1777890036.2143323,2.0,4.0,-74.0
1777890036.2243323,-2.0,1.0,-80.0
1777890036.2343323,-3.0,1.0,-83.0
1777890036.2443323,-4.0,2.0,-86.0
1777890036.2543323,-1.0,1.0,-84.0
1777890036.2643323,-1.0,0.0,-87.0
1777890036.2743323,3.0,0.0,-85.0
1777890036.2843325,0.0,2.0,-82.0
1777890036.2943325,0.0,2.0,-78.0
1777890036.3043325,-4.0,4.0,-82.0
1777890036.3143325,-3.0,4.0,-78.0
1777890036.3243325,-1.0,5.0,-78.0
1777890036.3343325,-5.0,4.0,-74.0
1777890036.3443325,-2.0,1.0,-80.0
1777890036.3543324,-1.0,4.0,-80.0
1777890036.3643324,-5.0,0.0,-81.0
1777890036.3743324,-5.0,1.0,-79.0
1777890036.3843324,-4.0,2.0,-81.0
1777890036.3943324,-5.0,1.0,-80.0
1777890036.4043324,-7.0,5.0,-75.0
1777890036.4143324,-4.0,7.0,-78.0
1777890036.4243324,-7.0,4.0,-78.0
1777890036.4343324,-4.0,-2.0,-71.0
1777890036.4443324,-2.0,-4.0,-71.0
1777890036.4543324,0.0,0.0,-78.0
1777890036.4643323,4.0,2.0,-73.0
1777890036.4743323,6.0,3.0,-76.0
1777890036.4843323,5.0,1.0,-73.0
1777890036.4943323,10.0,-2.0,-68.0
1777890036.5043323,4.0,-7.0,-73.0
1777890036.5143323,1.0,-4.0,-73.0
1777890036.5243323,2.0,0.0,-72.0
1777890036.5343325,-2.0,1.0,-73.0
1777890036.5443325,-2.0,-1.0,-73.0
1777890036.5543325,0.0,-3.0,-72.0
1777890036.5643325,-1.0,-6.0,-72.0
1777890036.5743325,2.0,-4.0,-72.0
1777890036.5843325,-1.0,-3.0,-74.0
1777890036.5943325,-7.0,-6.0,-70.0
1777890036.6043324,-9.0,-2.0,-75.0
1777890036.6143324,-7.0,0.0,-77.0
1777890036.6243324,-8.0,-2.0,-69.0
1777890036.6343324,-8.0,-4.0,-73.0
1777890036.6443324,-3.0,-6.0,-75.0
1777890036.6543324,-1.0,-5.0,-77.0
1777890036.6643324,0.0,-5.0,-76.0
1777890036.6743324,3.0,-2.0,-75.0
1777890036.6843324,3.0,-1.0,-76.0
1777890036.6943324,2.0,-2.0,-83.0
1777890036.7043324,2.0,-2.0,-81.0
1777890036.7143323,2.0,1.0,-83.0
1777890036.7243323,2.0,1.0,-81.0
1777890036.7343323,1.0,0.0,-81.0
1777890036.7443323,3.0,0.0,-70.0
1777890036.7543323,4.0,1.0,-69.0
1777890036.7643323,4.0,-1.0,-73.0
1777890036.7743323,5.0,2.0,-74.0
1777890036.7843325,6.0,1.0,-83.0
1777890036.7943325,10.0,5.0,-81.0
1777890036.8043325,10.0,7.0,-76.0
1777890036.8143325,9.0,2.0,-74.0
1777890036.8243325,4.0,1.0,-78.0
1777890036.8343325,3.0,-4.0,-87.0
1777890036.8443325,1.0,-4.0,-86.0
1777890036.8543324,2.0,-3.0,-81.0
1777890036.8643324,2.0,-3.0,-77.0
1777890036.8743324,-1.0,-2.0,-69.0
1777890036.8843324,-3.0,0.0,-68.0
1777890036.8943324,-3.0,1.0,-69.0
1777890036.9043324,-2.0,2.0,-70.0
1777890036.9143324,1.0,1.0,-73.0
1777890036.9243324,1.0,-4.0,-79.0
1777890036.9343324,-1.0,-2.0,-85.0
1777890036.9443324,0.0,0.0,-89.0
1777890036.9543324,1.0,0.0,-82.0
1777890036.9653325,0.0,0.0,-78.0
1777890036.9743323,-1.0,3.0,-79.0
1777890036.9843323,-3.0,0.0,-83.0
1777890036.9943323,-1.0,2.0,-77.0
1777890037.0043323,-3.0,1.0,-74.0
1777890037.0143323,-4.0,5.0,-80.0
1777890037.0243323,-5.0,5.0,-81.0
1777890037.0343325,-4.0,2.0,-84.0
1777890037.0443325,-1.0,1.0,-80.0
1777890037.0543325,-3.0,0.0,-77.0
1777890037.0643325,-6.0,6.0,-74.0
1777890037.0743325,-5.0,7.0,-72.0
1777890037.0843325,-8.0,5.0,-72.0
1777890037.0943325,-6.0,7.0,-73.0
1777890037.1043324,-2.0,12.0,-73.0
1777890037.1143324,0.0,8.0,-78.0
1777890037.1243324,6.0,5.0,-79.0
1777890037.1343324,4.0,2.0,-71.0
1777890037.1443324,3.0,0.0,-73.0
1777890037.1543324,0.0,-4.0,-75.0
1777890037.1643324,-2.0,-3.0,-76.0
1777890037.1743324,2.0,-1.0,-82.0
1777890037.1843324,2.0,0.0,-83.0
1777890037.1943324,0.0,-1.0,-79.0
1777890037.2043324,1.0,1.0,-86.0
1777890037.2143323,1.0,2.0,-87.0
1777890037.2243323,2.0,4.0,-89.0
1777890037.2343323,0.0,1.0,-92.0
1777890037.2443323,2.0,-2.0,-89.0
1777890037.2543323,2.0,0.0,-76.0
1777890037.2643323,0.0,-1.0,-69.0
1777890037.2743323,-2.0,-4.0,-68.0
1777890037.2843325,-3.0,-6.0,-70.0
1777890037.2943325,3.0,-5.0,-70.0
1777890037.3043325,5.0,-2.0,-71.0
1777890037.3143325,2.0,-5.0,-69.0
1777890037.3243325,-3.0,-6.0,-71.0
1777890037.3343325,-3.0,-9.0,-64.0
1777890037.3443325,0.0,-4.0,-61.0
1777890037.3543324,2.0,-2.0,-58.0
1777890037.3643324,0.0,-2.0,-54.0
1777890037.3743324,0.0,0.0,-58.0
1777890037.3843324,3.0,0.0,-66.0
1777890037.3943324,-1.0,-4.0,-63.0
1777890037.4043324,1.0,0.0,-62.0
1777890037.4143324,3.0,-2.0,-67.0
1777890037.4243324,7.0,-1.0,-68.0
1777890037.4343324,1.0,-2.0,-72.0
1777890037.4443324,-2.0,0.0,-70.0
1777890037.4543324,-5.0,-3.0,-76.0
1777890037.4643323,-2.0,-3.0,-78.0
1777890037.4743323,-2.0,-3.0,-72.0
1777890037.4843323,-3.0,-1.0,-70.0
1777890037.4943323,-1.0,1.0,-71.0
1777890037.5043323,-3.0,1.0,-70.0
1777890037.5143323,-6.0,4.0,-73.0
1777890037.5243323,0.0,2.0,-81.0
1777890037.5343325,3.0,1.0,-86.0
1777890037.5443325,-1.0,0.0,-80.0
1777890037.5543325,-3.0,3.0,-73.0
1777890037.5643325,0.0,5.0,-71.0
1777890037.5743325,-1.0,0.0,-73.0
1777890037.5843325,-2.0,4.0,-69.0
1777890037.5943325,-5.0,7.0,-63.0
1777890037.6043324,-4.0,6.0,-61.0
1777890037.6143324,-1.0,5.0,-60.0
1777890037.6243324,-5.0,2.0,-62.0
1777890037.6343324,-3.0,0.0,-70.0
1777890037.6443324,-4.0,-1.0,-73.0
1777890037.6543324,-5.0,-2.0,-79.0
1777890037.6643324,-3.0,0.0,-80.0
1777890037.6743324,-6.0,0.0,-77.0
1777890037.6843324,-3.0,0.0,-75.0
1777890037.6943324,0.0,2.0,-74.0
1777890037.7043324,3.0,2.0,-74.0
1777890037.7143323,7.0,0.0,-72.0
1777890037.7243323,11.0,-2.0,-75.0
1777890037.7343323,9.0,-2.0,-82.0
1777890037.7443323,7.0,-3.0,-78.0
1777890037.7543323,7.0,-2.0,-80.0
1777890037.7643323,9.0,-1.0,-83.0
1777890037.7743323,5.0,-5.0,-81.0
1777890037.7843325,3.0,-3.0,-76.0
1777890037.7943325,0.0,-4.0,-72.0
1777890037.8043325,0.0,-6.0,-76.0
1777890037.8143325,2.0,-6.0,-74.0
1777890037.8243325,3.0,-4.0,-77.0
1777890037.8343325,3.0,-6.0,-71.0
1777890037.8443325,6.0,-5.0,-77.0
1777890037.8543324,4.0,-2.0,-75.0
1777890037.8643324,2.0,0.0,-73.0
1777890037.8743324,2.0,-1.0,-74.0
1777890037.8843324,0.0,0.0,-79.0
1777890037.8943324,5.0,1.0,-76.0
1777890037.9043324,1.0,3.0,-80.0
1777890037.9143324,6.0,2.0,-83.0
1777890037.9243324,3.0,1.0,-80.0
1777890037.9343324,2.0,3.0,-78.0
1777890037.9443324,3.0,0.0,-81.0
1777890037.9553325,3.0,2.0,-77.0
1777890037.9653325,0.0,0.0,-76.0
1777890037.9753325,5.0,0.0,-81.0
1777890037.9853325,4.0,2.0,-81.0
1777890037.9953325,10.0,0.0,-69.0
1777890038.0053325,11.0,-2.0,-61.0
1777890038.0153325,2.0,-3.0,-68.0
1777890038.0253325,-2.0,-3.0,-72.0
1777890038.0353324,-2.0,-4.0,-71.0
1777890038.0453324,-3.0,-4.0,-74.0
1777890038.0553324,3.0,-2.0,-78.0
1777890038.0653324,3.0,-1.0,-77.0
1777890038.0753324,7.0,-3.0,-84.0
1777890038.0853324,4.0,-2.0,-81.0
1777890038.0953324,4.0,0.0,-78.0
1777890038.1053324,3.0,0.0,-81.0
1777890038.1153324,3.0,0.0,-75.0
1777890038.1253324,6.0,-1.0,-76.0
1777890038.1353323,2.0,-5.0,-76.0
1777890038.1453323,4.0,-3.0,-80.0
1777890038.1553323,3.0,-2.0,-75.0
1777890038.1653323,2.0,2.0,-71.0
1777890038.1753323,3.0,0.0,-71.0
1777890038.1853323,4.0,-2.0,-72.0
1777890038.1953323,4.0,-2.0,-78.0
1777890038.2053325,6.0,-4.0,-73.0
1777890038.2153325,4.0,-3.0,-79.0
1777890038.2253325,7.0,-5.0,-82.0
1777890038.2353325,9.0,-5.0,-84.0
1777890038.2453325,5.0,-2.0,-79.0
1777890038.2553325,4.0,0.0,-78.0
1777890038.2653325,7.0,0.0,-81.0
1777890038.2753325,9.0,0.0,-79.0
1777890038.2853324,7.0,0.0,-76.0
1777890038.2953324,2.0,-3.0,-73.0
1777890038.3053324,0.0,-6.0,-72.0
1777890038.3153324,0.0,-7.0,-69.0
1777890038.3253324,0.0,-1.0,-73.0
1777890038.3353324,-1.0,0.0,-76.0
1777890038.3453324,-6.0,0.0,-77.0
1777890038.3553324,-7.0,0.0,-73.0
1777890038.3653324,-1.0,1.0,-73.0
1777890038.3753324,-4.0,2.0,-79.0
1777890038.3853323,-4.0,1.0,-90.0
1777890038.3953323,-7.0,-3.0,-89.0
1777890038.4053323,-3.0,-6.0,-84.0
1777890038.4153323,1.0,-6.0,-82.0
1777890038.4253323,3.0,-7.0,-83.0
1777890038.4353323,3.0,-5.0,-84.0
1777890038.4453323,2.0,0.0,-91.0
1777890038.4553325,-6.0,4.0,-86.0
1777890038.4653325,-10.0,2.0,-80.0
1777890038.4753325,-4.0,1.0,-79.0
1777890038.4853325,-2.0,3.0,-80.0
1777890038.4953325,-2.0,1.0,-82.0
1777890038.5053325,-5.0,2.0,-79.0
1777890038.5153325,-4.0,1.0,-75.0
1777890038.5253325,-2.0,2.0,-76.0
1777890038.5353324,-1.0,1.0,-79.0
1777890038.5453324,-3.0,0.0,-75.0
1777890038.5553324,0.0,-1.0,-75.0
1777890038.5653324,0.0,-2.0,-72.0
1777890038.5753324,0.0,0.0,-73.0
1777890038.5853324,0.0,0.0,-78.0
1777890038.5953324,0.0,1.0,-80.0
1777890038.6053324,0.0,2.0,-74.0
1777890038.6153324,0.0,4.0,-80.0
1777890038.6253324,4.0,5.0,-74.0
1777890038.6353323,2.0,3.0,-74.0
1777890038.6453323,0.0,3.0,-71.0
1777890038.6553323,4.0,0.0,-69.0
1777890038.6653323,5.0,-1.0,-65.0
1777890038.6753323,6.0,-2.0,-69.0
1777890038.6853323,5.0,-6.0,-66.0
1777890038.6953323,5.0,-4.0,-66.0
1777890038.7053325,3.0,0.0,-66.0
1777890038.7153325,0.0,0.0,-70.0
1777890038.7253325,0.0,-2.0,-73.0
1777890038.7353325,0.0,-1.0,-76.0
1777890038.7453325,0.0,2.0,-75.0
1777890038.7553325,0.0,1.0,-78.0
1777890038.7653325,2.0,-1.0,-77.0
1777890038.7753325,5.0,-5.0,-78.0
1777890038.7853324,8.0,-4.0,-84.0
1777890038.7953324,6.0,-9.0,-81.0
1777890038.8053324,5.0,-8.0,-77.0
1777890038.8153324,8.0,-5.0,-78.0
1777890038.8253324,6.0,-3.0,-80.0
1777890038.8353324,2.0,1.0,-78.0
1777890038.8453324,1.0,1.0,-75.0
1777890038.8553324,8.0,0.0,-77.0
1777890038.8653324,8.0,-1.0,-74.0
1777890038.8753324,11.0,-1.0,-73.0
1777890038.8853323,5.0,2.0,-76.0
1777890038.8953323,1.0,2.0,-81.0
1777890038.9053323,0.0,4.0,-76.0
1777890038.9153323,1.0,3.0,-71.0
1777890038.9253323,2.0,1.0,-75.0
1777890038.9353323,-2.0,-4.0,-82.0
1777890038.9453323,-1.0,-2.0,-77.0
1777890038.9553325,3.0,1.0,-74.0
1777890038.9653325,-2.0,-1.0,-68.0
1777890038.9753325,-1.0,0.0,-68.0
1777890038.9853325,2.0,1.0,-74.0
1777890038.9953325,5.0,0.0,-77.0
1777890039.0053325,4.0,2.0,-76.0
1777890039.0153325,3.0,2.0,-70.0
1777890039.0253325,4.0,2.0,-72.0
1777890039.0353324,0.0,0.0,-79.0
1777890039.0453324,-4.0,-1.0,-79.0
1777890039.0553324,-4.0,-3.0,-77.0
1777890039.0653324,-1.0,-3.0,-81.0
1777890039.0753324,0.0,1.0,-72.0
1777890039.0853324,1.0,-1.0,-65.0
1777890039.0953324,1.0,-5.0,-65.0
1777890039.1053324,0.0,0.0,-69.0
1777890039.1153324,0.0,0.0,-70.0
1777890039.1253324,1.0,2.0,-72.0
1777890039.1353323,0.0,0.0,-74.0
1777890039.1453323,-2.0,-3.0,-73.0
1777890039.1553323,-4.0,-4.0,-69.0
1777890039.1653323,-4.0,-4.0,-70.0
1777890039.1753323,0.0,0.0,-76.0
1777890039.1853323,1.0,1.0,-83.0
1777890039.1953323,-3.0,-6.0,-90.0
1777890039.2053325,0.0,-5.0,-83.0
1777890039.2153325,0.0,-1.0,-81.0
1777890039.2253325,0.0,-5.0,-81.0
1777890039.2353325,-7.0,-1.0,-84.0
1777890039.2453325,-4.0,-2.0,-83.0
1777890039.2553325,1.0,0.0,-75.0
1777890039.2653325,1.0,1.0,-70.0
1777890039.2753325,-1.0,2.0,-72.0
1777890039.2853324,-2.0,2.0,-71.0
1777890039.2953324,-1.0,5.0,-73.0
1777890039.3053324,1.0,4.0,-75.0
1777890039.3153324,3.0,6.0,-78.0
1777890039.3253324,-1.0,3.0,-81.0
1777890039.3353324,-4.0,1.0,-72.0
1777890039.3453324,-6.0,0.0,-78.0
1777890039.3553324,-3.0,-2.0,-87.0
1777890039.3653324,-5.0,-5.0,-78.0
1777890039.3753324,-4.0,-2.0,-75.0
1777890039.3853323,-6.0,-2.0,-74.0
1777890039.3953323,-6.0,0.0,-74.0
1777890039.4053323,-2.0,-3.0,-74.0
1777890039.4153323,-1.0,-4.0,-78.0
1777890039.4253323,-5.0,-7.0,-78.0
1777890039.4353323,-1.0,-7.0,-80.0
1777890039.4453323,2.0,-8.0,-80.0
1777890039.4553325,4.0,-7.0,-85.0
1777890039.4653325,5.0,-7.0,-80.0
1777890039.4753325,9.0,-2.0,-76.0
1777890039.4853325,8.0,-5.0,-77.0
1777890039.4953325,6.0,-5.0,-80.0
1777890039.5053325,2.0,-10.0,-78.0
1777890039.5153325,-1.0,-10.0,-75.0
1777890039.5253325,0.0,-5.0,-76.0
1777890039.5353324,1.0,-4.0,-80.0
1777890039.5453324,0.0,-5.0,-80.0
1777890039.5553324,1.0,-4.0,-71.0
1777890039.5653324,1.0,-8.0,-66.0
1777890039.5753324,2.0,-5.0,-64.0
1777890039.5853324,-1.0,-8.0,-63.0
1777890039.5953324,-5.0,-5.0,-67.0
1777890039.6053324,-7.0,-3.0,-75.0
1777890039.6153324,-5.0,0.0,-72.0
1777890039.6253324,0.0,1.0,-68.0
1777890039.6353323,3.0,1.0,-64.0
1777890039.6453323,3.0,2.0,-66.0
1777890039.6553323,0.0,0.0,-70.0
1777890039.6653323,-3.0,0.0,-71.0
1777890039.6753323,-2.0,2.0,-73.0
1777890039.6853323,0.0,4.0,-72.0
1777890039.6953323,0.0,0.0,-68.0
1777890039.7053325,-1.0,0.0,-67.0
1777890039.7153325,-1.0,-1.0,-74.0
1777890039.7253325,-4.0,0.0,-76.0
1777890039.7353325,-4.0,-3.0,-75.0
1777890039.7453325,-5.0,-4.0,-73.0
1777890039.7553325,-4.0,-5.0,-75.0
1777890039.7653325,-1.0,-1.0,-77.0
1777890039.7753325,3.0,0.0,-74.0
1777890039.7853324,8.0,-3.0,-76.0
1777890039.7953324,2.0,-6.0,-77.0
1777890039.8053324,2.0,-1.0,-82.0
1777890039.8153324,0.0,-1.0,-82.0
1777890039.8253324,2.0,-2.0,-85.0
1777890039.8353324,9.0,-2.0,-88.0
1777890039.8453324,7.0,-3.0,-88.0
1777890039.8553324,6.0,-3.0,-79.0
1777890039.8653324,6.0,-5.0,-77.0
1777890039.8753324,4.0,-4.0,-77.0
1777890039.8853323,0.0,-7.0,-75.0
1777890039.8953323,1.0,-4.0,-75.0
1777890039.9063325,-1.0,-4.0,-71.0
1777890039.9153323,-5.0,-3.0,-73.0
1777890039.9253323,-7.0,-2.0,-68.0
1777890039.9363325,-8.0,-4.0,-68.0
1777890039.9463325,-2.0,-4.0,-71.0
1777890039.9563324,-1.0,-4.0,-70.0
1777890039.9663324,-2.0,-6.0,-71.0
1777890039.9763324,-2.0,-5.0,-68.0
1777890039.9863324,-1.0,-4.0,-66.0
1777890039.9963324,-3.0,-4.0,-70.0
1777890040.0063324,-2.0,0.0,-70.0
1777890040.0163324,-4.0,0.0,-64.0
1777890040.0263324,-5.0,2.0,-68.0
1777890040.0363324,0.0,2.0,-71.0
1777890040.0463324,1.0,2.0,-74.0
1777890040.0563323,-1.0,-1.0,-79.0
1777890040.0663323,0.0,-2.0,-83.0
1777890040.0763323,-2.0,-2.0,-75.0
1777890040.0863323,-2.0,-3.0,-76.0
1777890040.0963323,0.0,-3.0,-77.0
1777890040.1063323,0.0,-1.0,-79.0
1777890040.1163323,0.0,-1.0,-82.0
1777890040.1263323,1.0,3.0,-81.0
1777890040.1363325,1.0,2.0,-76.0
1777890040.1463325,4.0,1.0,-86.0
1777890040.1563325,2.0,0.0,-88.0
1777890040.1663325,-1.0,2.0,-91.0
1777890040.1763325,0.0,2.0,-84.0
1777890040.1863325,4.0,-4.0,-86.0
1777890040.1963325,7.0,-7.0,-91.0
1777890040.2063324,8.0,-7.0,-91.0
1777890040.2163324,6.0,-6.0,-84.0
1777890040.2263324,2.0,-2.0,-80.0
1777890040.2363324,0.0,1.0,-78.0
1777890040.2463324,-2.0,2.0,-77.0
1777890040.2563324,0.0,0.0,-78.0
1777890040.2663324,0.0,-3.0,-78.0
1777890040.2763324,0.0,0.0,-72.0
1777890040.2863324,-3.0,-2.0,-72.0
1777890040.2963324,-7.0,-2.0,-72.0
1777890040.3063323,-3.0,-3.0,-72.0
1777890040.3163323,-4.0,-4.0,-66.0
1777890040.3263323,-5.0,-6.0,-62.0
1777890040.3363323,-7.0,-5.0,-61.0
1777890040.3463323,-4.0,-7.0,-65.0
1777890040.3563323,-3.0,-8.0,-72.0
1777890040.3663323,-3.0,-4.0,-75.0
1777890040.3763323,-5.0,4.0,-75.0
1777890040.3873324,-1.0,5.0,-73.0
1777890040.3963325,0.0,6.0,-77.0
1777890040.4063325,-3.0,7.0,-75.0
1777890040.4163325,0.0,4.0,-74.0
1777890040.4263325,-1.0,6.0,-73.0
1777890040.4363325,1.0,6.0,-68.0
1777890040.4463325,1.0,5.0,-71.0
1777890040.4563324,0.0,5.0,-71.0
1777890040.4663324,1.0,3.0,-69.0
1777890040.4763324,4.0,4.0,-64.0
1777890040.4863324,7.0,1.0,-69.0
1777890040.4963324,7.0,-2.0,-75.0
1777890040.5063324,4.0,-1.0,-78.0
1777890040.5163324,2.0,-2.0,-84.0
1777890040.5263324,1.0,-4.0,-83.0
1777890040.5363324,0.0,1.0,-80.0
1777890040.5463324,1.0,0.0,-79.0
1777890040.5563323,1.0,0.0,-75.0
1777890040.5663323,4.0,1.0,-79.0
1777890040.5763323,5.0,3.0,-75.0
1777890040.5863323,7.0,0.0,-73.0
1777890040.5963323,5.0,0.0,-79.0
1777890040.6063323,4.0,0.0,-83.0
1777890040.6163323,0.0,0.0,-77.0
1777890040.6263323,4.0,0.0,-78.0
1777890040.6363325,3.0,1.0,-74.0
1777890040.6463325,1.0,3.0,-78.0
1777890040.6563325,1.0,-2.0,-77.0
1777890040.6663325,-3.0,-4.0,-74.0
1777890040.6763325,-6.0,-5.0,-74.0
1777890040.6863325,-4.0,-4.0,-73.0
1777890040.6963325,-6.0,-4.0,-82.0
1777890040.7063324,-5.0,-10.0,-84.0
1777890040.7163324,-8.0,-6.0,-74.0
1777890040.7263324,-7.0,-2.0,-76.0
1777890040.7363324,-8.0,0.0,-79.0
1777890040.7463324,-8.0,-1.0,-79.0
1777890040.7563324,-8.0,0.0,-78.0
1777890040.7663324,-5.0,1.0,-76.0
1777890040.7763324,-2.0,0.0,-76.0
1777890040.7863324,-3.0,0.0,-83.0
1777890040.7963324,-2.0,-1.0,-76.0
1777890040.8063323,-1.0,1.0,-74.0
1777890040.8163323,0.0,2.0,-71.0
1777890040.8263323,-4.0,0.0,-72.0
1777890040.8363323,-2.0,1.0,-73.0
1777890040.8463323,-5.0,0.0,-71.0
1777890040.8563323,-6.0,1.0,-75.0
1777890040.8663323,-5.0,-2.0,-76.0
1777890040.8763323,5.0,-4.0,-74.0
1777890040.8863325,8.0,-1.0,-74.0
1777890040.8963325,6.0,-5.0,-71.0
1777890040.9063325,7.0,-4.0,-69.0
1777890040.9163325,7.0,-2.0,-76.0
1777890040.9263325,11.0,-5.0,-79.0
1777890040.9363325,10.0,-6.0,-74.0
1777890040.9463325,10.0,-1.0,-76.0
1777890040.9563324,2.0,0.0,-77.0
1777890040.9663324,0.0,0.0,-72.0
1777890040.9763324,2.0,1.0,-70.0
1777890040.9863324,2.0,-2.0,-70.0
1777890040.9963324,4.0,-4.0,-68.0
1777890041.0063324,1.0,-4.0,-76.0
1777890041.0163324,1.0,-7.0,-73.0
1777890041.0263324,1.0,-7.0,-70.0
1777890041.0363324,2.0,-7.0,-71.0
1777890041.0463324,3.0,-6.0,-71.0
1777890041.0563323,2.0,0.0,-72.0
1777890041.0663323,3.0,0.0,-78.0
1777890041.0763323,5.0,-2.0,-81.0
1777890041.0863323,3.0,-6.0,-80.0
1777890041.0963323,0.0,-8.0,-81.0
1777890041.1063323,4.0,-7.0,-78.0
1777890041.1163323,2.0,-5.0,-81.0
1777890041.1263323,0.0,-1.0,-79.0
1777890041.1363325,0.0,-3.0,-77.0
1777890041.1463325,0.0,-1.0,-79.0
1777890041.1563325,1.0,2.0,-79.0
1777890041.1663325,3.0,-2.0,-75.0
1777890041.1763325,5.0,-1.0,-74.0
1777890041.1863325,5.0,-2.0,-68.0
1777890041.1963325,6.0,-4.0,-65.0
1777890041.2063324,7.0,-3.0,-65.0
1777890041.2163324,5.0,0.0,-70.0
1777890041.2263324,5.0,2.0,-74.0
1777890041.2363324,2.0,0.0,-79.0
1777890041.2463324,2.0,-1.0,-80.0
1777890041.2563324,0.0,0.0,-79.0
1777890041.2663324,-1.0,1.0,-74.0
1777890041.2763324,0.0,1.0,-73.0
1777890041.2863324,0.0,2.0,-76.0
1777890041.2963324,0.0,-4.0,-77.0
1777890041.3063323,3.0,-4.0,-76.0
1777890041.3163323,0.0,-4.0,-78.0
1777890041.3263323,0.0,-8.0,-76.0
1777890041.3363323,1.0,-8.0,-72.0
1777890041.3463323,2.0,-5.0,-70.0
1777890041.3563323,4.0,-7.0,-72.0
1777890041.3663323,3.0,-4.0,-77.0
1777890041.3763323,2.0,-4.0,-84.0
1777890041.3863325,3.0,-5.0,-81.0
1777890041.3963325,6.0,-3.0,-82.0
1777890041.4063325,4.0,-2.0,-79.0
1777890041.4163325,8.0,-6.0,-81.0
1777890041.4263325,7.0,-2.0,-91.0
1777890041.4363325,9.0,-3.0,-91.0
1777890041.4463325,10.0,-1.0,-86.0
1777890041.4563324,11.0,-5.0,-88.0
1777890041.4663324,5.0,-1.0,-88.0
1777890041.4763324,4.0,0.0,-82.0
1777890041.4863324,-2.0,0.0,-82.0
1777890041.4963324,0.0,-1.0,-81.0
1777890041.5063324,0.0,1.0,-85.0
1777890041.5163324,4.0,0.0,-89.0
1777890041.5263324,4.0,-1.0,-88.0
1777890041.5363324,7.0,0.0,-78.0
1777890041.5463324,9.0,4.0,-81.0
1777890041.5563323,4.0,2.0,-75.0
1777890041.5663323,0.0,3.0,-77.0
1777890041.5763323,2.0,1.0,-78.0
1777890041.5863323,2.0,-1.0,-77.0
1777890041.5963323,1.0,1.0,-79.0
1777890041.6063323,-2.0,4.0,-82.0
1777890041.6163323,-4.0,3.0,-89.0
1777890041.6263323,-1.0,1.0,-83.0
1777890041.6363325,-6.0,-4.0,-75.0
1777890041.6463325,-8.0,-1.0,-67.0
1777890041.6563325,-5.0,-2.0,-65.0
1777890041.6663325,-7.0,-1.0,-75.0
1777890041.6763325,-4.0,-5.0,-78.0
1777890041.6863325,0.0,-5.0,-72.0
1777890041.6963325,0.0,-4.0,-75.0
1777890041.7063324,-3.0,-3.0,-81.0
1777890041.7163324,-5.0,-2.0,-79.0
1777890041.7263324,-3.0,-1.0,-75.0
1777890041.7363324,1.0,0.0,-73.0
1777890041.7463324,0.0,-1.0,-74.0
1777890041.7563324,2.0,-3.0,-71.0
1777890041.7663324,6.0,0.0,-69.0
1777890041.7763324,7.0,1.0,-63.0
1777890041.7863324,6.0,2.0,-72.0
1777890041.7963324,5.0,4.0,-66.0
1777890041.8063323,2.0,4.0,-67.0
1777890041.8163323,7.0,0.0,-69.0
1777890041.8263323,4.0,-3.0,-72.0
1777890041.8363323,6.0,-3.0,-66.0
1777890041.8463323,5.0,2.0,-74.0
1777890041.8563323,9.0,2.0,-77.0
1777890041.8663323,9.0,1.0,-78.0
1777890041.8763323,5.0,0.0,-73.0
1777890041.8863325,3.0,1.0,-74.0
1777890041.8973324,5.0,2.0,-76.0
1777890041.9063325,6.0,1.0,-77.0
1777890041.9173324,7.0,0.0,-75.0
1777890041.9273324,1.0,2.0,-78.0
1777890041.9373324,-4.0,0.0,-76.0
1777890041.9473324,0.0,2.0,-77.0
1777890041.9573324,0.0,2.0,-75.0
1777890041.9673324,6.0,-1.0,-74.0
1777890041.9773324,7.0,0.0,-81.0
1777890041.9873323,5.0,-1.0,-81.0
1777890041.9973323,0.0,-1.0,-78.0
1777890042.0073323,0.0,-4.0,-77.0
1777890042.0173323,0.0,-2.0,-78.0
1777890042.0273323,2.0,-2.0,-77.0
1777890042.0373323,-1.0,-4.0,-79.0
1777890042.0473323,0.0,-3.0,-79.0
1777890042.0573325,-4.0,-2.0,-78.0
1777890042.0673325,0.0,-3.0,-78.0
1777890042.0773325,-3.0,-3.0,-75.0
1777890042.0873325,0.0,-6.0,-72.0
1777890042.0973325,2.0,-7.0,-74.0
1777890042.1073325,6.0,-6.0,-77.0
1777890042.1173325,5.0,-7.0,-66.0
1777890042.1273324,5.0,-6.0,-67.0
1777890042.1373324,6.0,-3.0,-71.0
1777890042.1473324,5.0,-3.0,-74.0
1777890042.1573324,4.0,-6.0,-72.0
1777890042.1673324,6.0,-5.0,-68.0
1777890042.1773324,6.0,-2.0,-73.0
1777890042.1873324,6.0,1.0,-74.0
1777890042.1973324,7.0,3.0,-78.0
1777890042.2073324,6.0,5.0,-71.0
1777890042.2173324,5.0,1.0,-66.0
1777890042.2273324,9.0,-2.0,-72.0
1777890042.2373323,11.0,-2.0,-76.0
1777890042.2473323,10.0,-3.0,-73.0
1777890042.2573323,6.0,-5.0,-74.0
1777890042.2673323,3.0,-2.0,-70.0
1777890042.2773323,0.0,1.0,-74.0
1777890042.2873323,1.0,0.0,-73.0
1777890042.2973323,4.0,0.0,-70.0
1777890042.3073325,3.0,2.0,-74.0
1777890042.3173325,5.0,1.0,-76.0
1777890042.3273325,5.0,2.0,-76.0
1777890042.3373325,5.0,1.0,-78.0
1777890042.3473325,3.0,4.0,-80.0
1777890042.3573325,4.0,3.0,-80.0
1777890042.3673325,5.0,3.0,-85.0
1777890042.3773324,6.0,6.0,-83.0
1777890042.3873324,0.0,2.0,-84.0
1777890042.3973324,-2.0,2.0,-79.0
1777890042.4073324,-2.0,4.0,-78.0
1777890042.4173324,-3.0,3.0,-80.0
1777890042.4273324,0.0,6.0,-77.0
1777890042.4373324,0.0,2.0,-78.0
1777890042.4473324,1.0,0.0,-78.0
1777890042.4573324,0.0,-1.0,-73.0
1777890042.4673324,3.0,-4.0,-80.0
1777890042.4773324,8.0,-4.0,-82.0
1777890042.4873323,9.0,-2.0,-83.0
1777890042.4973323,6.0,2.0,-85.0
1777890042.5073323,6.0,1.0,-90.0
1777890042.5173323,5.0,1.0,-86.0
1777890042.5273323,4.0,7.0,-85.0
1777890042.5383325,-1.0,3.0,-88.0
1777890042.5473323,-4.0,0.0,-77.0
1777890042.5573325,-1.0,0.0,-74.0
1777890042.5673325,2.0,0.0,-77.0
1777890042.5773325,6.0,-3.0,-80.0
1777890042.5873325,8.0,-7.0,-80.0
1777890042.5973325,13.0,-6.0,-87.0
1777890042.6073325,10.0,-12.0,-84.0
1777890042.6173325,11.0,-10.0,-86.0
1777890042.6273324,5.0,-14.0,-86.0
1777890042.6373324,4.0,-13.0,-85.0
1777890042.6473324,3.0,-9.0,-85.0
1777890042.6573324,0.0,-7.0,-85.0
1777890042.6673324,2.0,-6.0,-83.0
1777890042.6773324,4.0,-3.0,-82.0
1777890042.6873324,1.0,-1.0,-79.0
1777890042.6973324,1.0,2.0,-87.0
1777890042.7073324,0.0,0.0,-88.0
1777890042.7173324,3.0,0.0,-86.0
1777890042.7273324,5.0,0.0,-87.0
1777890042.7373323,6.0,0.0,-85.0
1777890042.7473323,5.0,3.0,-85.0
1777890042.7573323,8.0,-3.0,-82.0
1777890042.7673323,6.0,-6.0,-80.0
1777890042.7773323,2.0,-6.0,-80.0
1777890042.7873323,7.0,-1.0,-76.0
1777890042.7973323,6.0,0.0,-81.0
1777890042.8073325,5.0,-1.0,-81.0
1777890042.8173325,1.0,-2.0,-76.0
1777890042.8273325,3.0,-3.0,-78.0
1777890042.8373325,6.0,-4.0,-78.0
1777890042.8473325,4.0,-4.0,-80.0
1777890042.8573325,6.0,-4.0,-78.0
1777890042.8673325,9.0,-3.0,-80.0
1777890042.8773324,10.0,0.0,-82.0
1777890042.8873324,8.0,0.0,-76.0
1777890042.8973324,10.0,0.0,-77.0
1777890042.9073324,10.0,0.0,-73.0
1777890042.9173324,7.0,-4.0,-73.0
1777890042.9273324,7.0,-6.0,-70.0
1777890042.9373324,13.0,-9.0,-71.0
1777890042.9473324,9.0,-10.0,-77.0
1777890042.9573324,10.0,-10.0,-76.0
1777890042.9673324,5.0,-6.0,-74.0
1777890042.9773324,4.0,-3.0,-78.0
1777890042.9873323,1.0,1.0,-76.0
1777890042.9973323,0.0,-1.0,-72.0
1777890043.0073323,0.0,-3.0,-69.0
1777890043.0173323,1.0,-1.0,-67.0
1777890043.0273323,-1.0,0.0,-76.0
1777890043.0373323,-3.0,-1.0,-78.0
1777890043.0473323,-3.0,-1.0,-87.0
1777890043.0573325,-6.0,0.0,-83.0
1777890043.0673325,-2.0,-3.0,-79.0
1777890043.0773325,0.0,-5.0,-79.0
1777890043.0873325,0.0,-2.0,-82.0
1777890043.0973325,-2.0,0.0,-85.0
1777890043.1073325,0.0,-3.0,-81.0
1777890043.1173325,0.0,-5.0,-84.0
1777890043.1273324,0.0,-2.0,-81.0
1777890043.1373324,1.0,-3.0,-80.0
1777890043.1473324,0.0,0.0,-73.0
1777890043.1573324,-2.0,-1.0,-72.0
1777890043.1673324,-6.0,4.0,-74.0
1777890043.1773324,-8.0,4.0,-73.0
1777890043.1873324,-4.0,5.0,-72.0
1777890043.1973324,-2.0,3.0,-73.0
1777890043.2073324,1.0,2.0,-77.0
1777890043.2173324,0.0,0.0,-69.0
1777890043.2273324,0.0,1.0,-67.0
1777890043.2373323,0.0,6.0,-74.0
1777890043.2473323,1.0,8.0,-69.0
1777890043.2573323,0.0,6.0,-76.0
1777890043.2673323,-2.0,6.0,-74.0
1777890043.2773323,-2.0,12.0,-69.0
1777890043.2873323,-3.0,12.0,-67.0
1777890043.2973323,-3.0,12.0,-73.0
1777890043.3073325,-2.0,15.0,-74.0
1777890043.3173325,-1.0,13.0,-75.0
1777890043.3273325,2.0,9.0,-73.0
1777890043.3373325,3.0,9.0,-70.0
1777890043.3473325,5.0,4.0,-69.0
1777890043.3573325,6.0,2.0,-79.0
1777890043.3673325,3.0,0.0,-79.0
1777890043.3773324,0.0,2.0,-69.0
1777890043.3873324,0.0,5.0,-72.0
1777890043.3973324,0.0,3.0,-80.0
1777890043.4073324,0.0,3.0,-76.0
1777890043.4173324,0.0,6.0,-75.0
1777890043.4273324,0.0,6.0,-75.0
1777890043.4373324,1.0,4.0,-76.0
1777890043.4473324,4.0,2.0,-72.0
1777890043.4573324,8.0,4.0,-70.0
1777890043.4673324,4.0,4.0,-66.0
1777890043.4773324,6.0,0.0,-71.0
1777890043.4873323,1.0,0.0,-70.0
1777890043.4973323,1.0,2.0,-72.0
1777890043.5073323,0.0,0.0,-75.0
1777890043.5173323,1.0,0.0,-67.0
1777890043.5273323,-3.0,-1.0,-66.0
1777890043.5373323,-2.0,-3.0,-65.0
1777890043.5473323,-3.0,-5.0,-72.0
1777890043.5573325,0.0,-5.0,-75.0
1777890043.5673325,5.0,-6.0,-74.0
1777890043.5773325,4.0,-7.0,-71.0
1777890043.5873325,6.0,-5.0,-79.0
1777890043.5973325,2.0,-2.0,-78.0
1777890043.6073325,0.0,-3.0,-81.0
1777890043.6173325,-5.0,-4.0,-78.0
1777890043.6273324,-9.0,-7.0,-77.0
1777890043.6373324,-7.0,-10.0,-77.0
1777890043.6473324,-4.0,-6.0,-77.0
1777890043.6573324,-7.0,-4.0,-77.0
1777890043.6673324,-2.0,-8.0,-74.0
1777890043.6773324,0.0,-6.0,-76.0
1777890043.6873324,0.0,-3.0,-78.0
1777890043.6973324,4.0,-4.0,-76.0
1777890043.7073324,2.0,-2.0,-74.0
1777890043.7173324,2.0,0.0,-75.0
1777890043.7273324,0.0,3.0,-72.0
1777890043.7373323,3.0,2.0,-77.0
1777890043.7473323,5.0,-1.0,-80.0
1777890043.7573323,4.0,-4.0,-78.0
1777890043.7673323,3.0,-5.0,-80.0
1777890043.7773323,0.0,-5.0,-81.0
1777890043.7873323,0.0,-6.0,-78.0
1777890043.7973323,3.0,-7.0,-80.0
1777890043.8073325,7.0,-5.0,-78.0
1777890043.8173325,3.0,-2.0,-71.0
1777890043.8273325,-1.0,-3.0,-75.0
1777890043.8373325,-1.0,-1.0,-71.0
1777890043.8473325,-2.0,-2.0,-66.0
1777890043.8583324,0.0,0.0,-75.0
1777890043.8673325,1.0,-1.0,-85.0
1777890043.8783324,-1.0,-1.0,-85.0
1777890043.8883324,-1.0,0.0,-83.0
1777890043.8983324,0.0,0.0,-84.0
1777890043.9083323,6.0,0.0,-79.0
1777890043.9183323,5.0,0.0,-87.0
1777890043.9283323,3.0,0.0,-90.0
1777890043.9383323,1.0,-2.0,-82.0
1777890043.9483323,-3.0,-7.0,-84.0
1777890043.9583323,-1.0,-7.0,-85.0
1777890043.9683323,-6.0,-2.0,-79.0
1777890043.9783323,-5.0,0.0,-76.0
1777890043.9883325,-1.0,0.0,-79.0
1777890043.9983325,-1.0,1.0,-81.0
1777890044.0083325,-3.0,-1.0,-80.0
1777890044.0183325,-2.0,1.0,-76.0
1777890044.0283325,2.0,0.0,-75.0
1777890044.0383325,0.0,-4.0,-72.0
1777890044.0483325,0.0,-1.0,-77.0
1777890044.0583324,-2.0,-3.0,-75.0
1777890044.0683324,-3.0,-1.0,-73.0
1777890044.0783324,-2.0,-1.0,-80.0
1777890044.0883324,1.0,-1.0,-87.0
1777890044.0983324,0.0,1.0,-93.0
1777890044.1083324,-1.0,-2.0,-91.0
1777890044.1183324,1.0,0.0,-89.0
1777890044.1283324,0.0,-1.0,-86.0
1777890044.1383324,4.0,-3.0,-77.0
1777890044.1483324,3.0,-5.0,-76.0
1777890044.1583323,1.0,-1.0,-76.0
1777890044.1683323,-1.0,2.0,-71.0
1777890044.1783323,1.0,0.0,-62.0
1777890044.1883323,6.0,-4.0,-64.0
1777890044.1983323,4.0,-7.0,-72.0
1777890044.2083323,2.0,-4.0,-78.0
1777890044.2183323,1.0,-3.0,-80.0
1777890044.2283323,0.0,-2.0,-76.0
1777890044.2383325,0.0,-1.0,-79.0
1777890044.2483325,0.0,0.0,-79.0
1777890044.2583325,3.0,1.0,-75.0
1777890044.2683325,0.0,2.0,-83.0
1777890044.2783325,0.0,4.0,-78.0
1777890044.2883325,-6.0,5.0,-78.0
1777890044.2983325,-1.0,1.0,-78.0
1777890044.3083324,-2.0,-1.0,-85.0
1777890044.3183324,-3.0,-6.0,-84.0
1777890044.3283324,-5.0,-4.0,-82.0
1777890044.3383324,-5.0,-2.0,-78.0
1777890044.3483324,-4.0,-4.0,-81.0
1777890044.3583324,-2.0,-3.0,-84.0
1777890044.3683324,-4.0,-5.0,-85.0
1777890044.3783324,2.0,-5.0,-79.0
1777890044.3883324,2.0,-2.0,-73.0
1777890044.3983324,1.0,1.0,-67.0
1777890044.4083323,1.0,2.0,-69.0
1777890044.4183323,0.0,1.0,-73.0
1777890044.4283323,-2.0,-1.0,-75.0
1777890044.4383323,0.0,-3.0,-81.0
1777890044.4483323,0.0,-1.0,-77.0
1777890044.4583323,-2.0,-3.0,-72.0
1777890044.4683323,1.0,-1.0,-73.0
1777890044.4783323,10.0,-2.0,-71.0
1777890044.4883325,5.0,-1.0,-70.0
1777890044.4983325,-1.0,1.0,-69.0
1777890044.5083325,-4.0,0.0,-74.0
1777890044.5183325,0.0,0.0,-73.0
1777890044.5283325,0.0,0.0,-69.0
1777890044.5383325,-1.0,-3.0,-66.0
1777890044.5483325,0.0,0.0,-71.0
1777890044.5583324,0.0,-3.0,-77.0
1777890044.5683324,1.0,-2.0,-82.0
1777890044.5783324,0.0,-4.0,-79.0
1777890044.5883324,0.0,-5.0,-67.0
1777890044.5983324,3.0,-2.0,-65.0
1777890044.6083324,2.0,-4.0,-64.0
1777890044.6183324,0.0,0.0,-63.0
1777890044.6283324,3.0,-3.0,-59.0
1777890044.6383324,0.0,-7.0,-63.0
1777890044.6483324,-2.0,-7.0,-67.0
1777890044.6583323,-3.0,-2.0,-75.0
1777890044.6683323,4.0,0.0,-78.0
1777890044.6783323,1.0,1.0,-81.0
1777890044.6883323,-2.0,0.0,-78.0
1777890044.6983323,-2.0,0.0,-75.0
1777890044.7083323,2.0,-2.0,-70.0
1777890044.7183323,5.0,-2.0,-77.0
1777890044.7283323,1.0,1.0,-80.0
1777890044.7383325,1.0,0.0,-79.0
1777890044.7483325,5.0,1.0,-80.0
1777890044.7583325,5.0,4.0,-80.0
1777890044.7683325,0.0,4.0,-85.0
1777890044.7783325,-1.0,1.0,-80.0
1777890044.7883325,-3.0,0.0,-76.0
1777890044.7983325,-1.0,1.0,-74.0
1777890044.8083324,1.0,3.0,-74.0
1777890044.8183324,-2.0,0.0,-72.0
1777890044.8283324,-1.0,2.0,-73.0
1777890044.8383324,1.0,0.0,-70.0
1777890044.8483324,2.0,0.0,-67.0
1777890044.8583324,7.0,-3.0,-65.0
1777890044.8683324,3.0,2.0,-61.0
1777890044.8783324,5.0,0.0,-60.0
1777890044.8883324,7.0,-3.0,-64.0
1777890044.8983324,1.0,-3.0,-58.0
1777890044.9083323,-1.0,1.0,-65.0
1777890044.9183323,-3.0,2.0,-78.0
1777890044.9283323,-1.0,-1.0,-81.0
1777890044.9383323,-2.0,-3.0,-83.0
1777890044.9483323,0.0,-4.0,-82.0
1777890044.9583323,0.0,-4.0,-79.0
1777890044.9683323,-2.0,-3.0,-70.0
1777890044.9783323,-6.0,0.0,-68.0
1777890044.9883325,-5.0,-3.0,-72.0
1777890044.9983325,-2.0,-2.0,-81.0
1777890045.0083325,1.0,0.0,-80.0
1777890045.0183325,2.0,-3.0,-73.0
1777890045.0283325,4.0,0.0,-67.0
1777890045.0383325,0.0,-1.0,-67.0
1777890045.0483325,-2.0,1.0,-63.0
1777890045.0583324,-2.0,-1.0,-65.0
1777890045.0683324,0.0,-2.0,-57.0
1777890045.0783324,3.0,-5.0,-55.0
1777890045.0883324,-1.0,-4.0,-56.0
1777890045.0983324,-3.0,0.0,-53.0
1777890045.1083324,-1.0,0.0,-53.0
1777890045.1183324,0.0,5.0,-60.0
1777890045.1283324,-4.0,2.0,-64.0
1777890045.1383324,-6.0,1.0,-68.0
1777890045.1483324,-8.0,0.0,-71.0
1777890045.1583323,-8.0,0.0,-65.0
1777890045.1683323,-5.0,-1.0,-64.0
1777890045.1783323,-5.0,1.0,-69.0
1777890045.1883323,-8.0,-2.0,-66.0
1777890045.1983323,-8.0,-4.0,-71.0
1777890045.2083323,-8.0,-4.0,-69.0
1777890045.2183323,-7.0,-5.0,-65.0
1777890045.2283323,-6.0,-2.0,-69.0
1777890045.2383325,-2.0,-2.0,-73.0
1777890045.2483325,0.0,-1.0,-75.0
1777890045.2583325,0.0,-3.0,-74.0
1777890045.2683325,2.0,-2.0,-73.0
1777890045.2783325,0.0,-2.0,-76.0
1777890045.2883325,0.0,-5.0,-78.0
1777890045.2983325,1.0,-8.0,-70.0
1777890045.3083324,6.0,-5.0,-72.0
1777890045.3183324,6.0,-4.0,-76.0
1777890045.3283324,6.0,-8.0,-77.0
1777890045.3383324,7.0,-4.0,-80.0
1777890045.3483324,1.0,0.0,-78.0
1777890045.3583324,0.0,-2.0,-82.0
1777890045.3683324,0.0,0.0,-79.0
1777890045.3783324,-1.0,0.0,-83.0
1777890045.3883324,-2.0,0.0,-87.0
1777890045.3983324,-1.0,0.0,-85.0
1777890045.4083323,-4.0,0.0,-82.0
1777890045.4183323,-5.0,-3.0,-78.0
1777890045.4283323,-4.0,-4.0,-75.0
1777890045.4383323,-3.0,-4.0,-81.0
1777890045.4483323,0.0,0.0,-81.0
1777890045.4583323,1.0,1.0,-83.0
1777890045.4683323,2.0,0.0,-79.0
1777890045.4783323,3.0,2.0,-83.0
1777890045.4883325,0.0,2.0,-82.0
1777890045.4983325,-2.0,0.0,-83.0
1777890045.5083325,0.0,0.0,-90.0
1777890045.5183325,0.0,1.0,-88.0
1777890045.5283325,0.0,0.0,-92.0
1777890045.5383325,4.0,5.0,-78.0
1777890045.5483325,3.0,0.0,-76.0
1777890045.5583324,3.0,-5.0,-73.0
1777890045.5683324,1.0,-6.0,-77.0
1777890045.5783324,1.0,-1.0,-82.0
1777890045.5883324,1.0,-1.0,-78.0
1777890045.5983324,0.0,-1.0,-72.0
1777890045.6083324,-3.0,0.0,-73.0
1777890045.6183324,-1.0,-1.0,-76.0
1777890045.6283324,0.0,0.0,-77.0
1777890045.6383324,2.0,0.0,-74.0
1777890045.6483324,5.0,-2.0,-73.0
1777890045.6583323,3.0,0.0,-69.0
1777890045.6683323,5.0,3.0,-65.0
1777890045.6783323,5.0,6.0,-66.0
1777890045.6883323,5.0,8.0,-68.0
1777890045.6983323,3.0,5.0,-72.0
1777890045.7083323,0.0,0.0,-71.0
1777890045.7183323,0.0,1.0,-69.0
1777890045.7283323,-3.0,1.0,-72.0
1777890045.7383325,-1.0,0.0,-80.0
1777890045.7483325,0.0,5.0,-83.0
1777890045.7583325,0.0,3.0,-85.0
1777890045.7683325,2.0,0.0,-81.0
1777890045.7783325,3.0,-2.0,-79.0
1777890045.7883325,5.0,-4.0,-77.0
1777890045.7983325,7.0,-2.0,-78.0
1777890045.8083324,5.0,0.0,-84.0
1777890045.8183324,0.0,-3.0,-85.0
1777890045.8283324,-3.0,-1.0,-87.0
1777890045.8383324,-5.0,0.0,-83.0
1777890045.8483324,-5.0,0.0,-79.0
1777890045.8583324,-7.0,0.0,-80.0
1777890045.8693323,-4.0,-1.0,-82.0
1777890045.8793323,-1.0,0.0,-79.0
1777890045.8893323,3.0,0.0,-77.0
1777890045.8993323,3.0,4.0,-81.0
1777890045.9093325,2.0,6.0,-81.0
1777890045.9193325,-1.0,10.0,-78.0
1777890045.9293325,0.0,10.0,-76.0
1777890045.9393325,3.0,10.0,-82.0
1777890045.9493325,4.0,8.0,-78.0
1777890045.9593325,4.0,8.0,-75.0
1777890045.9693325,8.0,10.0,-73.0
1777890045.9793324,10.0,9.0,-81.0
1777890045.9893324,7.0,11.0,-81.0
1777890045.9993324,10.0,7.0,-84.0
1777890046.0093324,10.0,7.0,-85.0
1777890046.0193324,7.0,5.0,-82.0
1777890046.0293324,4.0,6.0,-84.0
1777890046.0393324,6.0,4.0,-81.0
1777890046.0493324,5.0,0.0,-73.0
1777890046.0593324,3.0,-2.0,-74.0
1777890046.0693324,5.0,-2.0,-73.0
1777890046.0793324,4.0,-1.0,-73.0
1777890046.0893323,4.0,1.0,-77.0
1777890046.0993323,-1.0,1.0,-79.0
1777890046.1093323,-1.0,0.0,-80.0
1777890046.1193323,-7.0,0.0,-84.0
1777890046.1293323,-2.0,0.0,-84.0
1777890046.1393323,2.0,-1.0,-81.0
1777890046.1493323,6.0,-2.0,-80.0
1777890046.1593325,7.0,1.0,-78.0
1777890046.1693325,7.0,2.0,-73.0
1777890046.1793325,4.0,3.0,-75.0
1777890046.1893325,1.0,4.0,-77.0
1777890046.1993325,3.0,6.0,-69.0
1777890046.2093325,5.0,7.0,-70.0
1777890046.2193325,0.0,6.0,-73.0
1777890046.2293324,2.0,3.0,-72.0
1777890046.2393324,2.0,4.0,-72.0
1777890046.2493324,1.0,5.0,-74.0
1777890046.2593324,1.0,1.0,-76.0
1777890046.2693324,3.0,4.0,-76.0
1777890046.2793324,3.0,4.0,-76.0
1777890046.2893324,5.0,0.0,-76.0
1777890046.2993324,4.0,-4.0,-69.0
1777890046.3093324,5.0,-4.0,-69.0
1777890046.3193324,4.0,-2.0,-73.0
1777890046.3293324,5.0,-4.0,-72.0
1777890046.3393323,1.0,-5.0,-73.0
1777890046.3493323,2.0,-4.0,-71.0
1777890046.3593323,2.0,-1.0,-72.0
1777890046.3693323,0.0,1.0,-76.0
1777890046.3793323,2.0,0.0,-77.0
1777890046.3893323,7.0,2.0,-78.0
1777890046.3993323,7.0,0.0,-76.0
1777890046.4093325,4.0,0.0,-72.0
1777890046.4193325,1.0,0.0,-76.0
1777890046.4293325,-1.0,-1.0,-76.0
1777890046.4393325,-5.0,0.0,-66.0
1777890046.4493325,-6.0,0.0,-61.0
1777890046.4593325,-5.0,-1.0,-62.0
1777890046.4693325,-2.0,-2.0,-65.0
1777890046.4793324,-3.0,1.0,-67.0
1777890046.4893324,0.0,1.0,-74.0
1777890046.4993324,1.0,-2.0,-75.0
1777890046.5093324,-2.0,0.0,-74.0
1777890046.5193324,1.0,2.0,-67.0
1777890046.5293324,6.0,5.0,-64.0
1777890046.5393324,4.0,3.0,-64.0
1777890046.5493324,2.0,0.0,-71.0
1777890046.5593324,0.0,-2.0,-74.0
1777890046.5693324,5.0,-4.0,-68.0
1777890046.5793324,6.0,-2.0,-71.0
1777890046.5893323,2.0,-1.0,-74.0
1777890046.5993323,7.0,-5.0,-65.0
1777890046.6093323,9.0,-4.0,-65.0
1777890046.6193323,7.0,-3.0,-65.0
1777890046.6293323,2.0,-4.0,-66.0
1777890046.6393323,0.0,-3.0,-70.0
1777890046.6493323,-2.0,-1.0,-69.0
1777890046.6593325,0.0,0.0,-73.0
1777890046.6693325,0.0,1.0,-71.0
1777890046.6793325,0.0,0.0,-70.0
1777890046.6893325,0.0,0.0,-71.0
1777890046.6993325,4.0,-3.0,-71.0
1777890046.7093325,2.0,-7.0,-79.0
1777890046.7193325,3.0,-8.0,-83.0
1777890046.7293324,0.0,-8.0,-84.0
1777890046.7393324,5.0,-3.0,-88.0
1777890046.7493324,2.0,0.0,-90.0
1777890046.7593324,1.0,3.0,-83.0
1777890046.7693324,1.0,1.0,-80.0
1777890046.7793324,2.0,1.0,-74.0
1777890046.7893324,4.0,0.0,-70.0
1777890046.7993324,3.0,0.0,-70.0
1777890046.8093324,5.0,-1.0,-79.0
1777890046.8193324,8.0,-1.0,-74.0
1777890046.8293324,11.0,0.0,-74.0
1777890046.8393323,8.0,1.0,-75.0
1777890046.8493323,7.0,0.0,-75.0
1777890046.8593323,2.0,-2.0,-78.0
1777890046.8693323,0.0,-1.0,-72.0
1777890046.8793323,1.0,2.0,-67.0
1777890046.8893323,1.0,0.0,-63.0
1777890046.8993323,1.0,-2.0,-65.0
1777890046.9093325,1.0,0.0,-66.0
1777890046.9193325,4.0,3.0,-63.0
1777890046.9293325,2.0,1.0,-65.0
1777890046.9393325,6.0,1.0,-71.0
1777890046.9493325,4.0,1.0,-75.0
1777890046.9593325,5.0,-1.0,-74.0
1777890046.9693325,5.0,-4.0,-75.0
1777890046.9793324,6.0,-3.0,-72.0
1777890046.9893324,2.0,-5.0,-68.0
1777890046.9993324,1.0,-6.0,-65.0
1777890047.0093324,-2.0,-5.0,-64.0
1777890047.0193324,-1.0,-2.0,-74.0
1777890047.0293324,1.0,0.0,-74.0
1777890047.0393324,5.0,0.0,-75.0
1777890047.0493324,7.0,4.0,-75.0
1777890047.0593324,6.0,1.0,-77.0
1777890047.0693324,7.0,-2.0,-77.0
1777890047.0793324,3.0,-4.0,-73.0
1777890047.0893323,2.0,0.0,-78.0
1777890047.0993323,3.0,-3.0,-75.0
1777890047.1093323,0.0,-1.0,-73.0
1777890047.1193323,3.0,-2.0,-72.0
1777890047.1293323,-3.0,-4.0,-79.0
1777890047.1393323,-5.0,-5.0,-81.0
1777890047.1493323,-2.0,-4.0,-85.0
1777890047.1593325,-1.0,-3.0,-85.0
1777890047.1693325,1.0,0.0,-78.0
1777890047.1793325,7.0,-3.0,-74.0
1777890047.1893325,5.0,-1.0,-74.0
1777890047.1993325,3.0,2.0,-79.0
1777890047.2093325,1.0,1.0,-78.0
1777890047.2193325,2.0,2.0,-77.0
1777890047.2293324,5.0,6.0,-75.0
1777890047.2393324,2.0,6.0,-76.0
1777890047.2493324,0.0,5.0,-75.0
1777890047.2593324,5.0,2.0,-74.0
1777890047.2693324,7.0,4.0,-73.0
1777890047.2793324,10.0,5.0,-69.0
1777890047.2893324,8.0,3.0,-70.0
1777890047.2993324,15.0,1.0,-66.0
1777890047.3093324,14.0,0.0,-59.0
1777890047.3193324,8.0,2.0,-62.0
1777890047.3293324,8.0,6.0,-69.0
1777890047.3393323,7.0,3.0,-65.0
1777890047.3493323,6.0,-1.0,-71.0
1777890047.3593323,5.0,-2.0,-67.0
1777890047.3693323,9.0,-4.0,-65.0
1777890047.3793323,7.0,-4.0,-72.0
1777890047.3893323,2.0,-7.0,-75.0
1777890047.3993323,0.0,-6.0,-74.0
1777890047.4093325,0.0,-5.0,-74.0
1777890047.4193325,2.0,-6.0,-79.0
1777890047.4293325,-2.0,-2.0,-83.0
1777890047.4393325,-4.0,-1.0,-82.0
1777890047.4493325,-3.0,-4.0,-81.0
1777890047.4593325,-1.0,-2.0,-79.0
1777890047.4693325,0.0,-8.0,-78.0
1777890047.4793324,0.0,-5.0,-77.0
1777890047.4893324,1.0,-5.0,-73.0
1777890047.4993324,0.0,-3.0,-71.0
1777890047.5093324,-4.0,-3.0,-76.0
1777890047.5193324,0.0,-1.0,-73.0
1777890047.5293324,4.0,2.0,-79.0
1777890047.5393324,4.0,3.0,-84.0
1777890047.5493324,7.0,1.0,-83.0
1777890047.5593324,4.0,-2.0,-75.0
1777890047.5693324,0.0,-5.0,-68.0
1777890047.5793324,2.0,-2.0,-64.0
1777890047.5893323,2.0,0.0,-67.0
1777890047.5993323,0.0,1.0,-69.0
1777890047.6093323,-2.0,1.0,-64.0
1777890047.6193323,2.0,1.0,-65.0
1777890047.6293323,-1.0,-2.0,-66.0
1777890047.6393323,-1.0,-2.0,-65.0
1777890047.6493323,0.0,-3.0,-65.0
1777890047.6593325,4.0,-5.0,-71.0
1777890047.6693325,7.0,-1.0,-68.0
1777890047.6793325,5.0,-3.0,-72.0
1777890047.6893325,5.0,-2.0,-72.0
1777890047.6993325,4.0,0.0,-68.0
1777890047.7093325,1.0,4.0,-67.0
1777890047.7193325,-1.0,4.0,-65.0
1777890047.7293324,0.0,4.0,-75.0
1777890047.7393324,-5.0,2.0,-73.0
1777890047.7493324,0.0,3.0,-75.0
1777890047.7593324,3.0,1.0,-82.0
1777890047.7693324,2.0,2.0,-79.0
1777890047.7793324,2.0,-1.0,-78.0
1777890047.7893324,0.0,0.0,-79.0
1777890047.7993324,-2.0,5.0,-77.0
1777890047.8093324,-1.0,7.0,-74.0
1777890047.8193324,1.0,6.0,-76.0
1777890047.8293324,5.0,13.0,-81.0
1777890047.8393323,7.0,8.0,-88.0
1777890047.8493323,9.0,9.0,-87.0
1777890047.8593323,6.0,5.0,-80.0
1777890047.8703325,3.0,2.0,-81.0
1777890047.8803325,2.0,0.0,-84.0
1777890047.8903325,2.0,4.0,-82.0
1777890047.9003325,-1.0,1.0,-80.0
1777890047.9103324,-4.0,-4.0,-82.0
1777890047.9203324,-4.0,-5.0,-83.0
1777890047.9303324,-1.0,0.0,-81.0
1777890047.9403324,2.0,-1.0,-75.0
1777890047.9503324,0.0,0.0,-65.0
1777890047.9603324,0.0,0.0,-67.0
1777890047.9703324,0.0,1.0,-73.0
1777890047.9803324,1.0,1.0,-73.0
1777890047.9903324,3.0,2.0,-81.0
1777890048.0003324,4.0,0.0,-72.0
1777890048.0103323,5.0,-4.0,-76.0
1777890048.0203323,3.0,-2.0,-76.0
1777890048.0303323,3.0,3.0,-77.0
1777890048.0403323,0.0,4.0,-74.0
1777890048.0503323,0.0,4.0,-76.0
1777890048.0603323,2.0,1.0,-70.0
1777890048.0703323,0.0,-2.0,-70.0
1777890048.0803325,2.0,-1.0,-72.0
1777890048.0903325,0.0,-3.0,-67.0
1777890048.1003325,2.0,-5.0,-63.0
1777890048.1103325,2.0,-1.0,-61.0
1777890048.1203325,-2.0,-1.0,-63.0
1777890048.1303325,0.0,-3.0,-68.0
1777890048.1403325,1.0,-2.0,-76.0
1777890048.1503325,6.0,-6.0,-77.0
1777890048.1603324,4.0,-4.0,-77.0
1777890048.1703324,3.0,-5.0,-74.0
1777890048.1803324,6.0,-2.0,-85.0
1777890048.1903324,6.0,-4.0,-84.0
1777890048.2003324,6.0,-2.0,-80.0
1777890048.2103324,5.0,-1.0,-81.0
1777890048.2203324,4.0,0.0,-83.0
1777890048.2303324,5.0,0.0,-78.0
1777890048.2403324,1.0,-1.0,-82.0
1777890048.2503324,0.0,-3.0,-79.0
1777890048.2603323,0.0,-1.0,-78.0
1777890048.2703323,1.0,0.0,-75.0
1777890048.2803323,-1.0,-1.0,-72.0
1777890048.2903323,0.0,-1.0,-72.0
1777890048.3003323,2.0,-3.0,-73.0
1777890048.3103323,0.0,-3.0,-68.0
1777890048.3203323,-2.0,1.0,-68.0
1777890048.3303325,1.0,0.0,-72.0
1777890048.3403325,1.0,-2.0,-75.0
1777890048.3503325,3.0,-4.0,-65.0
1777890048.3603325,7.0,-3.0,-66.0
1777890048.3703325,9.0,-1.0,-67.0
1777890048.3803325,11.0,-6.0,-68.0
1777890048.3903325,13.0,-3.0,-76.0
1777890048.4003325,13.0,-3.0,-78.0
1777890048.4103324,9.0,0.0,-80.0
1777890048.4203324,9.0,0.0,-73.0
1777890048.4303324,10.0,3.0,-76.0
1777890048.4403324,5.0,3.0,-81.0
1777890048.4503324,8.0,0.0,-83.0
1777890048.4603324,7.0,0.0,-82.0
1777890048.4703324,6.0,0.0,-87.0
1777890048.4803324,8.0,0.0,-88.0
1777890048.4903324,10.0,1.0,-83.0
1777890048.5003324,3.0,0.0,-80.0
1777890048.5103323,2.0,1.0,-88.0
1777890048.5203323,-2.0,1.0,-85.0
1777890048.5303323,0.0,-1.0,-82.0
1777890048.5403323,1.0,-3.0,-76.0
1777890048.5503323,1.0,-5.0,-69.0
1777890048.5603323,2.0,-2.0,-70.0
1777890048.5703323,2.0,-3.0,-69.0
1777890048.5803325,1.0,-3.0,-71.0
1777890048.5903325,3.0,-2.0,-72.0
1777890048.6003325,-1.0,2.0,-74.0
1777890048.6103325,-2.0,2.0,-81.0
1777890048.6203325,0.0,6.0,-81.0
1777890048.6303325,-1.0,3.0,-74.0
1777890048.6403325,-1.0,3.0,-72.0
1777890048.6503325,0.0,0.0,-76.0
1777890048.6603324,4.0,0.0,-80.0
1777890048.6703324,6.0,-1.0,-77.0
1777890048.6803324,2.0,0.0,-83.0
1777890048.6903324,0.0,0.0,-78.0
1777890048.7003324,3.0,0.0,-78.0
1777890048.7103324,3.0,0.0,-75.0
1777890048.7203324,1.0,1.0,-76.0
1777890048.7303324,-3.0,2.0,-74.0
1777890048.7403324,-3.0,0.0,-75.0
1777890048.7503324,-3.0,0.0,-75.0
1777890048.7603323,1.0,1.0,-77.0
1777890048.7703323,3.0,3.0,-80.0
1777890048.7803323,2.0,4.0,-75.0
1777890048.7903323,3.0,5.0,-66.0
1777890048.8003323,3.0,3.0,-63.0
1777890048.8103323,6.0,3.0,-66.0
1777890048.8203323,4.0,0.0,-71.0
1777890048.8303325,6.0,0.0,-71.0
1777890048.8403325,4.0,-1.0,-77.0
1777890048.8503325,5.0,-3.0,-79.0
1777890048.8603325,7.0,-2.0,-75.0
1777890048.8703325,8.0,-4.0,-76.0
1777890048.8803325,9.0,-7.0,-76.0
1777890048.8903325,11.0,-10.0,-77.0
1777890048.9003325,9.0,-9.0,-81.0
1777890048.9103324,8.0,-8.0,-77.0
1777890048.9203324,7.0,-6.0,-78.0
1777890048.9303324,3.0,-7.0,-71.0
1777890048.9403324,4.0,-6.0,-75.0
1777890048.9503324,1.0,-3.0,-75.0
1777890048.9603324,2.0,0.0,-81.0
1777890048.9703324,0.0,0.0,-80.0
1777890048.9803324,0.0,0.0,-71.0
1777890048.9903324,0.0,1.0,-70.0
1777890049.0003324,0.0,2.0,-67.0
1777890049.0103323,-1.0,5.0,-76.0
1777890049.0203323,-3.0,2.0,-79.0
1777890049.0303323,-1.0,-3.0,-73.0
1777890049.0403323,-2.0,-8.0,-78.0
1777890049.0503323,0.0,-11.0,-77.0
1777890049.0603323,0.0,-6.0,-74.0
1777890049.0703323,1.0,-6.0,-78.0
1777890049.0803325,2.0,-4.0,-85.0
1777890049.0903325,5.0,-5.0,-83.0
1777890049.1003325,0.0,-3.0,-80.0
1777890049.1103325,-2.0,0.0,-77.0
1777890049.1203325,-2.0,-2.0,-83.0
1777890049.1303325,-2.0,0.0,-81.0
1777890049.1403325,0.0,0.0,-83.0
1777890049.1503325,0.0,-1.0,-77.0
1777890049.1603324,-1.0,-2.0,-73.0
1777890049.1703324,-2.0,-1.0,-78.0
1777890049.1803324,1.0,-4.0,-77.0
1777890049.1903324,3.0,-4.0,-75.0
1777890049.2003324,1.0,-4.0,-78.0
1777890049.2103324,1.0,-4.0,-84.0
1777890049.2203324,1.0,1.0,-76.0
1777890049.2303324,0.0,0.0,-76.0
1777890049.2403324,1.0,-1.0,-76.0
1777890049.2503324,-1.0,-4.0,-71.0
1777890049.2603323,2.0,-4.0,-67.0
1777890049.2703323,3.0,0.0,-66.0
1777890049.2803323,3.0,-2.0,-68.0
1777890049.2903323,0.0,-1.0,-67.0
1777890049.3003323,4.0,-4.0,-71.0
1777890049.3103323,3.0,-5.0,-73.0
1777890049.3203323,0.0,-2.0,-78.0
1777890049.3303325,-2.0,-2.0,-79.0
1777890049.3403325,1.0,0.0,-69.0
1777890049.3503325,6.0,1.0,-67.0
1777890049.3603325,7.0,-1.0,-69.0
1777890049.3703325,6.0,2.0,-68.0
1777890049.3803325,7.0,3.0,-67.0
1777890049.3903325,6.0,-2.0,-66.0
1777890049.4003325,9.0,-2.0,-72.0
1777890049.4103324,7.0,-3.0,-66.0
1777890049.4203324,6.0,-1.0,-68.0
1777890049.4303324,8.0,0.0,-72.0
1777890049.4403324,7.0,-2.0,-77.0
1777890049.4503324,4.0,-1.0,-75.0
1777890049.4603324,4.0,0.0,-74.0
1777890049.4703324,0.0,0.0,-75.0
1777890049.4803324,0.0,-1.0,-72.0
1777890049.4903324,-2.0,-1.0,-67.0
1777890049.5003324,-4.0,-1.0,-67.0
1777890049.5103323,-3.0,0.0,-69.0
1777890049.5203323,-4.0,-4.0,-66.0
1777890049.5303323,-3.0,-1.0,-64.0
1777890049.5403323,-4.0,-3.0,-63.0
1777890049.5503323,-3.0,-1.0,-60.0
1777890049.5603323,-2.0,0.0,-61.0
1777890049.5703323,-1.0,1.0,-58.0
1777890049.5803325,-1.0,0.0,-64.0
1777890049.5903325,0.0,-1.0,-72.0
1777890049.6003325,1.0,-3.0,-74.0
1777890049.6103325,3.0,-3.0,-78.0
1777890049.6203325,7.0,1.0,-80.0
1777890049.6303325,10.0,5.0,-78.0
1777890049.6403325,5.0,7.0,-74.0
1777890049.6503325,0.0,2.0,-76.0
1777890049.6603324,-1.0,3.0,-75.0
1777890049.6703324,0.0,4.0,-75.0
1777890049.6803324,0.0,0.0,-76.0
1777890049.6903324,0.0,-3.0,-74.0
1777890049.7003324,0.0,-2.0,-73.0
1777890049.7103324,-3.0,-3.0,-78.0
1777890049.7203324,-2.0,0.0,-81.0
1777890049.7303324,2.0,3.0,-74.0
1777890049.7403324,6.0,-2.0,-76.0
1777890049.7503324,2.0,-3.0,-72.0
1777890049.7603323,1.0,-1.0,-68.0
1777890049.7703323,5.0,-6.0,-70.0
1777890049.7803323,4.0,-7.0,-72.0
1777890049.7903323,4.0,-7.0,-70.0
1777890049.8003323,6.0,-6.0,-70.0
1777890049.8103323,8.0,-4.0,-72.0
1777890049.8203323,7.0,-2.0,-70.0
1777890049.8313324,2.0,0.0,-73.0
1777890049.8413324,-2.0,-2.0,-74.0
1777890049.8513324,4.0,-1.0,-72.0
1777890049.8613324,9.0,-4.0,-69.0
1777890049.8713324,3.0,-6.0,-63.0
1777890049.8813324,1.0,-5.0,-67.0
1777890049.8913324,-1.0,-2.0,-67.0
1777890049.9013324,0.0,-2.0,-66.0
1777890049.9113324,0.0,-4.0,-72.0
1777890049.9213324,-2.0,-6.0,-73.0
1777890049.9313323,2.0,-8.0,-75.0
1777890049.9413323,2.0,-7.0,-73.0
1777890049.9513323,7.0,-7.0,-70.0
1777890049.9613323,6.0,-4.0,-72.0
1777890049.9713323,5.0,-5.0,-73.0
1777890049.9813323,6.0,-2.0,-75.0
1777890049.9913323,4.0,0.0,-77.0
1777890050.0013323,2.0,0.0,-75.0
1777890050.0113325,7.0,-2.0,-76.0
1777890050.0213325,5.0,-1.0,-75.0
1777890050.0313325,3.0,-1.0,-76.0
1777890050.0413325,0.0,-1.0,-82.0
1777890050.0513325,0.0,0.0,-79.0
1777890050.0613325,1.0,0.0,-81.0
1777890050.0713325,2.0,3.0,-86.0
1777890050.0813324,1.0,5.0,-82.0
1777890050.0913324,-1.0,5.0,-83.0
1777890050.1013324,-5.0,6.0,-88.0
1777890050.1113324,-2.0,3.0,-89.0
1777890050.1213324,1.0,-1.0,-92.0
1777890050.1313324,4.0,0.0,-99.0
1777890050.1413324,5.0,-1.0,-94.0
1777890050.1513324,5.0,-4.0,-92.0
1777890050.1613324,-2.0,-6.0,-90.0
1777890050.1713324,0.0,-4.0,-84.0
1777890050.1813323,4.0,0.0,-80.0
1777890050.1913323,2.0,-3.0,-82.0
1777890050.2013323,2.0,-6.0,-77.0
1777890050.2113323,1.0,-5.0,-74.0
1777890050.2213323,0.0,0.0,-71.0
1777890050.2313323,1.0,4.0,-67.0
1777890050.2413323,-2.0,2.0,-72.0
1777890050.2513323,0.0,1.0,-72.0
1777890050.2613325,0.0,1.0,-77.0
1777890050.2713325,-2.0,1.0,-72.0
1777890050.2813325,-3.0,1.0,-76.0
1777890050.2913325,-6.0,2.0,-73.0
1777890050.3013325,-6.0,5.0,-67.0
1777890050.3113325,-4.0,1.0,-72.0
1777890050.3213325,-4.0,0.0,-78.0
1777890050.3313324,-6.0,1.0,-75.0
1777890050.3413324,0.0,0.0,-73.0
1777890050.3513324,0.0,2.0,-73.0
1777890050.3613324,0.0,2.0,-74.0
1777890050.3713324,-1.0,5.0,-79.0
1777890050.3813324,-1.0,1.0,-75.0
1777890050.3913324,-3.0,-1.0,-75.0
1777890050.4013324,-3.0,-6.0,-76.0
1777890050.4113324,-4.0,-4.0,-73.0
1777890050.4213324,-3.0,-2.0,-71.0
1777890050.4313323,-1.0,-1.0,-78.0
1777890050.4413323,0.0,-2.0,-76.0
1777890050.4513323,-1.0,2.0,-79.0
1777890050.4613323,0.0,0.0,-76.0
1777890050.4713323,-1.0,-2.0,-75.0
1777890050.4813323,0.0,-3.0,-76.0
1777890050.4913323,2.0,-5.0,-76.0
1777890050.5013323,3.0,-7.0,-79.0
1777890050.5113325,2.0,-7.0,-77.0
1777890050.5213325,-1.0,-1.0,-73.0
1777890050.5313325,0.0,2.0,-74.0
1777890050.5413325,2.0,1.0,-76.0
1777890050.5513325,0.0,5.0,-75.0
1777890050.5613325,0.0,4.0,-78.0
1777890050.5713325,0.0,3.0,-73.0
1777890050.5813324,0.0,1.0,-67.0
1777890050.5913324,6.0,-2.0,-75.0
1777890050.6013324,5.0,-5.0,-77.0
1777890050.6113324,6.0,-8.0,-70.0
1777890050.6213324,7.0,-4.0,-67.0
1777890050.6313324,6.0,-3.0,-73.0
1777890050.6413324,6.0,-1.0,-76.0
1777890050.6513324,2.0,0.0,-76.0
1777890050.6613324,5.0,2.0,-70.0
1777890050.6713324,4.0,2.0,-61.0
1777890050.6813323,1.0,4.0,-63.0
1777890050.6913323,3.0,3.0,-66.0
1777890050.7013323,2.0,7.0,-69.0
1777890050.7113323,3.0,8.0,-76.0
1777890050.7213323,0.0,8.0,-77.0
1777890050.7313323,1.0,7.0,-85.0
1777890050.7413323,-1.0,7.0,-82.0
1777890050.7513323,-4.0,4.0,-79.0
1777890050.7613325,-1.0,5.0,-74.0
1777890050.7713325,-1.0,6.0,-78.0
1777890050.7813325,1.0,5.0,-75.0
1777890050.7913325,5.0,0.0,-79.0
1777890050.8013325,0.0,-2.0,-74.0
1777890050.8113325,1.0,-6.0,-75.0
1777890050.8213325,4.0,-3.0,-76.0
1777890050.8313324,4.0,0.0,-71.0
1777890050.8413324,4.0,0.0,-75.0
1777890050.8513324,3.0,1.0,-80.0
1777890050.8613324,0.0,0.0,-83.0
1777890050.8713324,2.0,0.0,-79.0
1777890050.8813324,3.0,2.0,-79.0
1777890050.8923323,2.0,0.0,-76.0
1777890050.9013324,2.0,-2.0,-79.0
1777890050.9113324,5.0,-2.0,-73.0
1777890050.9213324,7.0,-1.0,-73.0
1777890050.9313323,7.0,0.0,-80.0
1777890050.9413323,7.0,-2.0,-84.0
1777890050.9513323,7.0,-6.0,-81.0
1777890050.9613323,2.0,-4.0,-81.0
1777890050.9713323,6.0,-5.0,-75.0
1777890050.9813323,7.0,-3.0,-71.0
1777890050.9913323,9.0,-2.0,-68.0
1777890051.0013323,4.0,0.0,-68.0
1777890051.0113325,0.0,1.0,-66.0
1777890051.0213325,-5.0,5.0,-70.0
1777890051.0313325,-7.0,2.0,-73.0
1777890051.0413325,-3.0,1.0,-76.0
1777890051.0513325,1.0,0.0,-66.0
1777890051.0613325,4.0,-3.0,-71.0
1777890051.0713325,6.0,0.0,-72.0
1777890051.0813324,10.0,0.0,-72.0
1777890051.0913324,11.0,1.0,-72.0
1777890051.1013324,10.0,1.0,-70.0
1777890051.1113324,11.0,-2.0,-74.0
1777890051.1213324,10.0,-4.0,-80.0
1777890051.1313324,6.0,-4.0,-76.0
1777890051.1413324,2.0,-4.0,-77.0
1777890051.1513324,2.0,-4.0,-73.0
1777890051.1613324,5.0,0.0,-75.0
1777890051.1713324,4.0,4.0,-72.0
1777890051.1813323,1.0,4.0,-74.0
1777890051.1913323,1.0,-1.0,-73.0
1777890051.2013323,0.0,-5.0,-73.0
1777890051.2113323,-1.0,-3.0,-79.0
1777890051.2213323,-5.0,-5.0,-93.0
1777890051.2313323,-1.0,-6.0,-88.0
1777890051.2413323,0.0,-5.0,-87.0
1777890051.2513323,2.0,-3.0,-84.0
1777890051.2613325,0.0,0.0,-79.0
1777890051.2713325,0.0,0.0,-77.0
1777890051.2813325,-2.0,0.0,-77.0
1777890051.2913325,-4.0,-3.0,-77.0
1777890051.3013325,-6.0,-6.0,-74.0
1777890051.3113325,-2.0,-6.0,-67.0
1777890051.3213325,0.0,-6.0,-63.0
1777890051.3313324,0.0,-6.0,-68.0
1777890051.3413324,-3.0,-8.0,-70.0
1777890051.3513324,2.0,-8.0,-78.0
1777890051.3613324,2.0,-9.0,-79.0
1777890051.3713324,3.0,-7.0,-82.0
1777890051.3813324,5.0,-6.0,-83.0
1777890051.3913324,10.0,-8.0,-78.0
1777890051.4013324,9.0,-10.0,-83.0
1777890051.4113324,5.0,-5.0,-83.0
1777890051.4213324,5.0,-6.0,-83.0
1777890051.4313323,2.0,-4.0,-77.0
1777890051.4413323,1.0,-2.0,-77.0
1777890051.4513323,7.0,1.0,-76.0
1777890051.4613323,6.0,0.0,-76.0
1777890051.4713323,3.0,-4.0,-79.0
1777890051.4813323,0.0,-8.0,-77.0
1777890051.4913323,-3.0,-8.0,-72.0
1777890051.5013323,-3.0,-6.0,-71.0
1777890051.5113325,-6.0,-7.0,-71.0
1777890051.5213325,-4.0,-3.0,-73.0
1777890051.5313325,-7.0,-7.0,-75.0
1777890051.5413325,-6.0,-7.0,-76.0
1777890051.5513325,-3.0,-4.0,-74.0
1777890051.5613325,-2.0,-6.0,-75.0
1777890051.5713325,-4.0,-11.0,-74.0
1777890051.5813324,-2.0,-9.0,-70.0
1777890051.5913324,-2.0,-4.0,-71.0
1777890051.6013324,-1.0,-6.0,-65.0
1777890051.6113324,0.0,-5.0,-62.0
1777890051.6213324,0.0,-1.0,-69.0
1777890051.6313324,0.0,0.0,-68.0
1777890051.6413324,0.0,-2.0,-75.0
1777890051.6513324,-2.0,0.0,-70.0
1777890051.6613324,-4.0,1.0,-68.0
1777890051.6713324,-4.0,-1.0,-63.0
1777890051.6813323,-6.0,1.0,-69.0
1777890051.6913323,-7.0,0.0,-71.0
1777890051.7013323,-7.0,2.0,-70.0
1777890051.7113323,-6.0,6.0,-68.0
1777890051.7213323,-3.0,3.0,-67.0
1777890051.7313323,3.0,1.0,-65.0
1777890051.7413323,4.0,0.0,-67.0
1777890051.7513323,-1.0,-3.0,-80.0
1777890051.7613325,-1.0,0.0,-73.0
1777890051.7713325,-4.0,2.0,-71.0
1777890051.7813325,-6.0,1.0,-66.0
1777890051.7913325,0.0,-1.0,-68.0
1777890051.8013325,2.0,-1.0,-66.0
1777890051.8113325,1.0,-2.0,-65.0
1777890051.8213325,5.0,-2.0,-64.0
1777890051.8313324,7.0,0.0,-70.0
1777890051.8423324,3.0,0.0,-67.0
1777890051.8523324,0.0,-6.0,-73.0
1777890051.8623323,-2.0,-6.0,-76.0
1777890051.8723323,-3.0,-9.0,-74.0
1777890051.8823323,-4.0,-7.0,-71.0
1777890051.8923323,-2.0,-2.0,-75.0
1777890051.9023323,0.0,0.0,-81.0
1777890051.9123323,1.0,0.0,-87.0
1777890051.9223323,3.0,-1.0,-87.0
1777890051.9323325,2.0,1.0,-83.0
1777890051.9423325,2.0,0.0,-79.0
1777890051.9523325,-1.0,0.0,-84.0
1777890051.9623325,-1.0,-6.0,-78.0
1777890051.9723325,1.0,-7.0,-78.0
1777890051.9823325,7.0,-4.0,-72.0
1777890051.9923325,5.0,-5.0,-72.0
1777890052.0023324,4.0,-5.0,-69.0
1777890052.0123324,3.0,-2.0,-68.0
1777890052.0223324,6.0,0.0,-74.0
1777890052.0323324,2.0,3.0,-69.0
1777890052.0423324,0.0,0.0,-74.0
1777890052.0523324,-4.0,2.0,-69.0
1777890052.0623324,-3.0,-1.0,-65.0
1777890052.0723324,-4.0,0.0,-71.0
1777890052.0823324,-2.0,-1.0,-73.0
1777890052.0923324,-3.0,-5.0,-70.0
1777890052.1023324,-2.0,-5.0,-70.0
1777890052.1123323,1.0,-6.0,-76.0
1777890052.1223323,3.0,-6.0,-71.0
1777890052.1323323,0.0,-3.0,-76.0
1777890052.1423323,2.0,-1.0,-70.0
1777890052.1523323,9.0,-3.0,-73.0
1777890052.1623323,3.0,-2.0,-68.0
1777890052.1723323,4.0,-2.0,-67.0
1777890052.1823325,8.0,0.0,-70.0
1777890052.1923325,6.0,-1.0,-74.0
1777890052.2023325,5.0,-2.0,-78.0
1777890052.2123325,2.0,-6.0,-74.0
1777890052.2223325,5.0,-5.0,-74.0
1777890052.2323325,1.0,-3.0,-78.0
1777890052.2423325,-3.0,-1.0,-75.0
1777890052.2523324,0.0,2.0,-78.0
1777890052.2623324,-1.0,5.0,-75.0
1777890052.2723324,2.0,4.0,-78.0
1777890052.2823324,2.0,7.0,-77.0
1777890052.2923324,6.0,11.0,-71.0
1777890052.3023324,2.0,7.0,-62.0
1777890052.3123324,5.0,8.0,-65.0
1777890052.3223324,2.0,11.0,-67.0
1777890052.3323324,5.0,9.0,-67.0
1777890052.3423324,2.0,7.0,-69.0
1777890052.3523324,1.0,5.0,-78.0
1777890052.3623323,3.0,5.0,-82.0
1777890052.3723323,2.0,7.0,-78.0
1777890052.3823323,2.0,6.0,-73.0
1777890052.3923323,4.0,2.0,-74.0
1777890052.4023323,2.0,-3.0,-74.0
1777890052.4123323,4.0,-4.0,-74.0
1777890052.4223323,2.0,-3.0,-74.0
1777890052.4323325,2.0,-1.0,-86.0
1777890052.4423325,0.0,0.0,-90.0
1777890052.4523325,0.0,0.0,-89.0
1777890052.4623325,-3.0,2.0,-85.0
1777890052.4723325,2.0,5.0,-80.0
1777890052.4823325,3.0,6.0,-73.0
1777890052.4923325,7.0,4.0,-70.0
1777890052.5023324,14.0,0.0,-73.0
1777890052.5123324,10.0,-3.0,-72.0
1777890052.5223324,7.0,-6.0,-75.0
1777890052.5323324,7.0,-2.0,-77.0
1777890052.5423324,0.0,-2.0,-69.0
1777890052.5523324,-2.0,0.0,-76.0
1777890052.5623324,0.0,2.0,-76.0
1777890052.5723324,-2.0,3.0,-72.0
1777890052.5823324,-6.0,3.0,-71.0
1777890052.5923324,0.0,0.0,-73.0
1777890052.6023324,-2.0,0.0,-77.0
1777890052.6123323,-3.0,-1.0,-81.0
1777890052.6223323,0.0,-2.0,-84.0
1777890052.6323323,0.0,1.0,-82.0
1777890052.6423323,1.0,1.0,-82.0
1777890052.6523323,0.0,0.0,-78.0
1777890052.6623323,2.0,-1.0,-72.0
1777890052.6723323,0.0,0.0,-70.0
1777890052.6823325,2.0,-2.0,-74.0
1777890052.6923325,4.0,-4.0,-71.0
1777890052.7023325,4.0,-3.0,-65.0
1777890052.7123325,0.0,-4.0,-73.0
1777890052.7223325,0.0,1.0,-72.0
1777890052.7323325,1.0,0.0,-71.0
1777890052.7423325,0.0,0.0,-74.0
1777890052.7523324,0.0,-1.0,-76.0
1777890052.7623324,-2.0,-1.0,-76.0
1777890052.7723324,-2.0,-4.0,-75.0
1777890052.7823324,-3.0,-6.0,-70.0
1777890052.7923324,-3.0,-7.0,-71.0
1777890052.8023324,-4.0,-5.0,-71.0
1777890052.8123324,0.0,-4.0,-72.0
1777890052.8223324,2.0,-1.0,-75.0
1777890052.8323324,0.0,0.0,-73.0
1777890052.8423324,-2.0,-3.0,-74.0
1777890052.8523324,-3.0,-4.0,-75.0
1777890052.8623323,0.0,-4.0,-80.0
1777890052.8723323,-2.0,-3.0,-78.0
1777890052.8823323,-3.0,-1.0,-77.0
1777890052.8923323,-5.0,4.0,-83.0
1777890052.9023323,0.0,2.0,-79.0
1777890052.9123323,-2.0,2.0,-74.0
1777890052.9223323,-3.0,1.0,-75.0
1777890052.9323325,0.0,0.0,-74.0
1777890052.9423325,0.0,-1.0,-79.0
1777890052.9523325,2.0,-2.0,-80.0
1777890052.9623325,4.0,-1.0,-77.0
1777890052.9723325,0.0,0.0,-77.0
1777890052.9823325,-1.0,3.0,-77.0
1777890052.9923325,0.0,5.0,-68.0
1777890053.0023324,4.0,0.0,-77.0
1777890053.0123324,0.0,1.0,-83.0
1777890053.0223324,2.0,5.0,-83.0
1777890053.0323324,5.0,2.0,-81.0
1777890053.0423324,2.0,1.0,-82.0
1777890053.0523324,0.0,0.0,-77.0
1777890053.0623324,3.0,-3.0,-71.0
1777890053.0723324,0.0,-7.0,-75.0
1777890053.0823324,1.0,-7.0,-74.0
1777890053.0923324,0.0,-8.0,-68.0
1777890053.1023324,2.0,-4.0,-70.0
1777890053.1123323,2.0,-1.0,-68.0
1777890053.1223323,3.0,-1.0,-77.0
1777890053.1323323,6.0,-3.0,-75.0
1777890053.1423323,3.0,-3.0,-72.0
1777890053.1523323,7.0,-2.0,-66.0
1777890053.1623323,6.0,-4.0,-68.0
1777890053.1723323,5.0,-5.0,-72.0
1777890053.1823325,3.0,-4.0,-71.0
1777890053.1923325,1.0,-7.0,-73.0
1777890053.2023325,-1.0,-5.0,-73.0
1777890053.2123325,-1.0,-9.0,-70.0
1777890053.2223325,2.0,-6.0,-70.0
1777890053.2323325,2.0,-4.0,-74.0
1777890053.2423325,1.0,-4.0,-76.0
1777890053.2523324,-2.0,-4.0,-79.0
1777890053.2623324,-2.0,-5.0,-79.0
1777890053.2723324,0.0,-3.0,-75.0
1777890053.2823324,1.0,0.0,-74.0
1777890053.2923324,1.0,2.0,-73.0
1777890053.3023324,6.0,1.0,-75.0
1777890053.3123324,7.0,4.0,-74.0
1777890053.3223324,4.0,3.0,-74.0
1777890053.3323324,8.0,2.0,-69.0
1777890053.3423324,9.0,2.0,-66.0
1777890053.3523324,4.0,-1.0,-64.0
1777890053.3623323,8.0,-5.0,-69.0
1777890053.3723323,10.0,-6.0,-68.0
1777890053.3823323,14.0,-1.0,-73.0
1777890053.3923323,12.0,-3.0,-75.0
1777890053.4023323,7.0,2.0,-77.0
1777890053.4123323,0.0,0.0,-73.0
1777890053.4223323,-1.0,-2.0,-70.0
1777890053.4323325,-1.0,-2.0,-77.0
1777890053.4423325,-4.0,0.0,-78.0
1777890053.4523325,-7.0,-2.0,-72.0
1777890053.4623325,-8.0,0.0,-71.0
1777890053.4723325,-8.0,0.0,-67.0
1777890053.4823325,-1.0,-2.0,-69.0
1777890053.4923325,-4.0,-1.0,-69.0
1777890053.5023324,-4.0,-5.0,-71.0
1777890053.5123324,0.0,-5.0,-69.0
1777890053.5223324,4.0,-1.0,-65.0
1777890053.5323324,-1.0,3.0,-65.0
1777890053.5423324,-1.0,3.0,-67.0
1777890053.5523324,-3.0,1.0,-70.0
1777890053.5623324,-4.0,2.0,-65.0
1777890053.5723324,-3.0,-1.0,-66.0
1777890053.5823324,-3.0,-4.0,-74.0
1777890053.5923324,-4.0,-6.0,-70.0
1777890053.6023324,0.0,-7.0,-66.0
1777890053.6123323,-4.0,-9.0,-61.0
1777890053.6223323,-4.0,-7.0,-61.0
1777890053.6323323,0.0,-8.0,-71.0
1777890053.6423323,4.0,-1.0,-71.0
1777890053.6523323,2.0,0.0,-69.0
1777890053.6623323,2.0,2.0,-77.0
1777890053.6723323,6.0,3.0,-79.0
1777890053.6823325,9.0,0.0,-74.0
1777890053.6923325,8.0,1.0,-63.0
1777890053.7023325,3.0,2.0,-70.0
1777890053.7123325,1.0,3.0,-72.0
1777890053.7223325,0.0,5.0,-76.0
1777890053.7323325,2.0,3.0,-73.0
1777890053.7423325,0.0,2.0,-79.0
1777890053.7523324,3.0,2.0,-78.0
1777890053.7623324,7.0,2.0,-75.0
1777890053.7723324,6.0,0.0,-69.0
1777890053.7833323,9.0,3.0,-69.0
1777890053.7923324,9.0,3.0,-69.0
1777890053.8023324,7.0,1.0,-67.0
1777890053.8133323,7.0,0.0,-71.0
1777890053.8233323,6.0,3.0,-68.0
1777890053.8333323,5.0,5.0,-64.0
1777890053.8433323,7.0,7.0,-61.0
1777890053.8533323,9.0,3.0,-69.0
1777890053.8633325,13.0,1.0,-73.0
1777890053.8733325,9.0,-6.0,-74.0
1777890053.8833325,6.0,-6.0,-72.0
1777890053.8933325,3.0,-2.0,-80.0
1777890053.9033325,-3.0,-1.0,-84.0
1777890053.9133325,0.0,-2.0,-82.0
1777890053.9233325,-4.0,-4.0,-80.0
1777890053.9333324,-6.0,-9.0,-78.0
1777890053.9433324,-3.0,-6.0,-78.0
1777890053.9533324,2.0,1.0,-73.0
1777890053.9643323,6.0,4.0,-70.0
1777890053.9733324,2.0,4.0,-73.0
1777890053.9833324,5.0,1.0,-73.0
1777890053.9933324,4.0,0.0,-78.0
1777890054.0033324,4.0,-2.0,-82.0
1777890054.0133324,-1.0,-1.0,-86.0
1777890054.0233324,1.0,-2.0,-86.0
1777890054.0333323,5.0,1.0,-83.0
1777890054.0433323,3.0,0.0,-82.0
1777890054.0533323,5.0,0.0,-84.0
1777890054.0633323,3.0,-1.0,-83.0
1777890054.0733323,1.0,-5.0,-80.0
1777890054.0833323,2.0,-7.0,-77.0
1777890054.0933323,1.0,-7.0,-75.0
1777890054.1033323,2.0,-6.0,-76.0
1777890054.1133325,0.0,-6.0,-71.0
1777890054.1233325,-5.0,-2.0,-68.0
1777890054.1333325,-8.0,-2.0,-67.0
1777890054.1433325,-4.0,-1.0,-66.0
1777890054.1533325,-1.0,1.0,-65.0
1777890054.1633325,2.0,0.0,-63.0
1777890054.1733325,5.0,-5.0,-63.0
1777890054.1833324,6.0,-3.0,-64.0
1777890054.1933324,7.0,-2.0,-69.0
1777890054.2033324,7.0,-1.0,-76.0
1777890054.2133324,4.0,1.0,-74.0
1777890054.2233324,10.0,-1.0,-68.0
1777890054.2333324,8.0,-1.0,-70.0
1777890054.2433324,4.0,0.0,-76.0
1777890054.2533324,1.0,1.0,-75.0
1777890054.2633324,6.0,4.0,-79.0
1777890054.2733324,10.0,8.0,-76.0
1777890054.2833323,9.0,4.0,-75.0
1777890054.2933323,4.0,7.0,-74.0
1777890054.3033323,4.0,6.0,-75.0
1777890054.3133323,6.0,1.0,-73.0
1777890054.3233323,6.0,2.0,-70.0
1777890054.3333323,4.0,1.0,-71.0
1777890054.3433323,4.0,1.0,-74.0
1777890054.3533323,7.0,6.0,-74.0
1777890054.3633325,6.0,5.0,-75.0
1777890054.3733325,7.0,4.0,-69.0
1777890054.3833325,3.0,-4.0,-64.0
1777890054.3933325,3.0,-6.0,-66.0
1777890054.4033325,4.0,0.0,-67.0
1777890054.4133325,2.0,3.0,-66.0
1777890054.4233325,0.0,-1.0,-75.0
1777890054.4333324,0.0,-1.0,-76.0
1777890054.4433324,-6.0,2.0,-81.0
1777890054.4533324,-1.0,4.0,-85.0
1777890054.4633324,1.0,-1.0,-82.0
1777890054.4733324,2.0,-3.0,-80.0
1777890054.4833324,3.0,-5.0,-75.0
1777890054.4933324,3.0,-2.0,-71.0
1777890054.5033324,5.0,-5.0,-67.0
1777890054.5133324,6.0,-9.0,-74.0
1777890054.5233324,9.0,-11.0,-75.0
1777890054.5333323,8.0,-6.0,-73.0
1777890054.5433323,6.0,0.0,-73.0
1777890054.5533323,5.0,-3.0,-76.0
1777890054.5633323,6.0,-5.0,-73.0
1777890054.5733323,2.0,-3.0,-72.0
1777890054.5833323,0.0,-3.0,-77.0
1777890054.5933323,-1.0,-3.0,-72.0
1777890054.6033323,-1.0,-1.0,-73.0
1777890054.6133325,1.0,-3.0,-81.0
1777890054.6233325,5.0,-3.0,-87.0
1777890054.6333325,7.0,0.0,-82.0
1777890054.6433325,3.0,-2.0,-80.0
1777890054.6533325,0.0,-3.0,-80.0
1777890054.6633325,3.0,-3.0,-86.0
1777890054.6733325,5.0,-5.0,-89.0
1777890054.6833324,1.0,-1.0,-88.0
1777890054.6933324,0.0,-1.0,-80.0
1777890054.7033324,-4.0,-3.0,-74.0
1777890054.7133324,-3.0,2.0,-73.0
1777890054.7233324,1.0,2.0,-77.0
1777890054.7333324,3.0,4.0,-72.0
1777890054.7433324,4.0,5.0,-72.0
1777890054.7533324,4.0,7.0,-81.0
1777890054.7633324,4.0,6.0,-82.0
1777890054.7733324,3.0,5.0,-80.0
1777890054.7833323,0.0,3.0,-77.0
1777890054.7933323,0.0,3.0,-80.0
1777890054.8033323,0.0,4.0,-85.0
1777890054.8133323,-8.0,0.0,-79.0
1777890054.8233323,-7.0,-2.0,-82.0
1777890054.8333323,-3.0,-2.0,-77.0
1777890054.8433323,0.0,-1.0,-82.0
1777890054.8533323,3.0,-6.0,-82.0
1777890054.8633325,7.0,-7.0,-85.0
1777890054.8733325,6.0,-3.0,-88.0
1777890054.8833325,5.0,-2.0,-85.0
1777890054.8933325,6.0,-1.0,-81.0
1777890054.9033325,7.0,1.0,-86.0
1777890054.9133325,8.0,0.0,-81.0
1777890054.9233325,5.0,0.0,-75.0
1777890054.9333324,7.0,4.0,-75.0
1777890054.9433324,10.0,0.0,-72.0
1777890054.9533324,5.0,2.0,-71.0
1777890054.9633324,4.0,6.0,-65.0
1777890054.9733324,5.0,8.0,-69.0
1777890054.9833324,7.0,6.0,-77.0
1777890054.9933324,4.0,8.0,-78.0
1777890055.0033324,5.0,4.0,-75.0
1777890055.0133324,2.0,3.0,-76.0
1777890055.0233324,1.0,5.0,-74.0
1777890055.0333323,1.0,3.0,-78.0
1777890055.0433323,5.0,4.0,-82.0
1777890055.0533323,8.0,5.0,-77.0
1777890055.0633323,8.0,5.0,-87.0
1777890055.0733323,6.0,3.0,-84.0
1777890055.0833323,7.0,1.0,-76.0
1777890055.0933323,4.0,0.0,-72.0
1777890055.1033323,4.0,3.0,-72.0
1777890055.1133325,2.0,3.0,-72.0
1777890055.1233325,2.0,2.0,-70.0
1777890055.1333325,7.0,0.0,-66.0
1777890055.1433325,6.0,-2.0,-66.0
1777890055.1533325,7.0,0.0,-68.0
1777890055.1633325,9.0,-2.0,-69.0
1777890055.1733325,11.0,-1.0,-70.0
1777890055.1833324,10.0,-3.0,-77.0
1777890055.1933324,7.0,1.0,-79.0
1777890055.2033324,6.0,0.0,-79.0
1777890055.2133324,2.0,0.0,-78.0
1777890055.2233324,1.0,-3.0,-80.0
1777890055.2333324,1.0,-2.0,-80.0
1777890055.2433324,1.0,-3.0,-78.0
1777890055.2533324,2.0,-6.0,-72.0
1777890055.2633324,3.0,0.0,-73.0
1777890055.2733324,3.0,4.0,-72.0
1777890055.2833323,5.0,3.0,-73.0
1777890055.2933323,4.0,5.0,-74.0
1777890055.3033323,5.0,4.0,-69.0
1777890055.3133323,7.0,7.0,-72.0
1777890055.3233323,3.0,5.0,-71.0
1777890055.3333323,6.0,8.0,-76.0
1777890055.3433323,7.0,9.0,-77.0
1777890055.3533323,3.0,5.0,-80.0
1777890055.3633325,4.0,3.0,-79.0
1777890055.3733325,1.0,8.0,-73.0
1777890055.3833325,3.0,9.0,-72.0
1777890055.3933325,1.0,6.0,-78.0
1777890055.4033325,2.0,4.0,-77.0
1777890055.4133325,-1.0,6.0,-74.0
1777890055.4233325,-3.0,4.0,-80.0
1777890055.4333324,-5.0,3.0,-84.0
1777890055.4433324,-3.0,3.0,-78.0
1777890055.4533324,-6.0,0.0,-76.0
1777890055.4633324,-2.0,2.0,-77.0
1777890055.4733324,-1.0,0.0,-81.0
1777890055.4833324,-6.0,-2.0,-82.0
1777890055.4933324,0.0,-4.0,-79.0
1777890055.5033324,1.0,-1.0,-77.0
1777890055.5133324,1.0,2.0,-79.0
1777890055.5233324,0.0,2.0,-83.0
1777890055.5333323,0.0,6.0,-81.0
1777890055.5433323,0.0,6.0,-75.0
1777890055.5533323,-2.0,6.0,-75.0
1777890055.5633323,-1.0,3.0,-75.0
1777890055.5733323,1.0,-1.0,-79.0
1777890055.5833323,-1.0,-2.0,-82.0
1777890055.5933323,-3.0,2.0,-77.0
1777890055.6033323,-4.0,2.0,-77.0
1777890055.6133325,-3.0,0.0,-80.0
1777890055.6233325,-6.0,1.0,-77.0
1777890055.6333325,-4.0,-1.0,-69.0
1777890055.6433325,-1.0,-8.0,-71.0
1777890055.6533325,-1.0,-8.0,-67.0
1777890055.6633325,0.0,-9.0,-69.0
1777890055.6733325,-4.0,-7.0,-70.0
1777890055.6833324,-4.0,-5.0,-65.0
1777890055.6933324,0.0,-5.0,-68.0
1777890055.7033324,4.0,-4.0,-70.0
1777890055.7133324,3.0,-7.0,-70.0
1777890055.7233324,-3.0,-6.0,-66.0
1777890055.7333324,-6.0,-2.0,-69.0
1777890055.7433324,-5.0,-6.0,-56.0
1777890055.7533324,-6.0,-6.0,-63.0
1777890055.7633324,-4.0,-4.0,-62.0
1777890055.7733324,-2.0,-2.0,-70.0
1777890055.7843325,0.0,0.0,-73.0
1777890055.7943325,-2.0,-3.0,-67.0
1777890055.8043325,-1.0,-2.0,-66.0
1777890055.8143325,-3.0,3.0,-68.0
1777890055.8243325,-2.0,0.0,-72.0
1777890055.8343325,1.0,7.0,-70.0
1777890055.8443325,0.0,6.0,-78.0
1777890055.8543324,1.0,2.0,-78.0
1777890055.8643324,0.0,-1.0,-79.0
1777890055.8743324,3.0,-3.0,-80.0
1777890055.8843324,5.0,-1.0,-80.0
1777890055.8943324,6.0,-5.0,-81.0
1777890055.9043324,5.0,-2.0,-72.0
1777890055.9143324,7.0,-2.0,-75.0
1777890055.9243324,5.0,-6.0,-71.0
1777890055.9343324,10.0,-5.0,-69.0
1777890055.9443324,6.0,-9.0,-64.0
1777890055.9543324,2.0,-9.0,-67.0
1777890055.9643323,3.0,-7.0,-67.0
1777890055.9743323,1.0,-5.0,-77.0
1777890055.9843323,4.0,-7.0,-77.0
1777890055.9943323,0.0,-8.0,-76.0
1777890056.0043323,0.0,-11.0,-84.0
1777890056.0143323,3.0,-3.0,-84.0
1777890056.0243323,5.0,-5.0,-79.0
1777890056.0343325,6.0,-3.0,-85.0
1777890056.0443325,2.0,0.0,-78.0
1777890056.0543325,1.0,0.0,-82.0
1777890056.0643325,3.0,-3.0,-78.0
1777890056.0743325,5.0,-3.0,-75.0
1777890056.0843325,7.0,-1.0,-76.0
1777890056.0943325,7.0,0.0,-75.0
1777890056.1043324,8.0,-2.0,-80.0
1777890056.1143324,7.0,-5.0,-82.0
1777890056.1243324,1.0,-4.0,-83.0
1777890056.1343324,1.0,-3.0,-87.0
1777890056.1443324,4.0,-3.0,-81.0
1777890056.1543324,7.0,-7.0,-73.0
1777890056.1643324,6.0,-5.0,-71.0
1777890056.1743324,4.0,-2.0,-75.0
1777890056.1843324,3.0,-2.0,-74.0
1777890056.1943324,6.0,-5.0,-76.0
1777890056.2043324,4.0,-1.0,-84.0
1777890056.2143323,4.0,1.0,-83.0
1777890056.2243323,0.0,-1.0,-84.0
1777890056.2343323,0.0,0.0,-79.0
1777890056.2443323,-2.0,-1.0,-84.0
1777890056.2543323,1.0,0.0,-82.0
1777890056.2643323,-1.0,3.0,-78.0
1777890056.2743323,-4.0,0.0,-75.0
1777890056.2843325,-6.0,-1.0,-77.0
1777890056.2943325,-2.0,-4.0,-74.0
1777890056.3043325,-3.0,-5.0,-80.0
1777890056.3143325,0.0,0.0,-81.0
1777890056.3243325,0.0,2.0,-81.0
1777890056.3343325,0.0,1.0,-71.0
1777890056.3443325,-1.0,1.0,-67.0
1777890056.3543324,-2.0,4.0,-64.0
1777890056.3643324,-2.0,0.0,-65.0
1777890056.3743324,-9.0,-3.0,-67.0
1777890056.3843324,-6.0,-5.0,-69.0
1777890056.3943324,-3.0,-3.0,-74.0
1777890056.4043324,-1.0,0.0,-74.0
1777890056.4143324,0.0,0.0,-77.0
1777890056.4243324,-1.0,0.0,-71.0
1777890056.4343324,-4.0,0.0,-65.0
1777890056.4443324,-8.0,0.0,-66.0
1777890056.4543324,-7.0,4.0,-68.0
1777890056.4643323,-1.0,4.0,-71.0
1777890056.4743323,0.0,2.0,-74.0
1777890056.4843323,-1.0,-2.0,-74.0
1777890056.4943323,-3.0,-5.0,-75.0
1777890056.5043323,-4.0,-8.0,-77.0
1777890056.5143323,0.0,-7.0,-71.0
1777890056.5243323,-3.0,-5.0,-74.0
1777890056.5343325,0.0,-7.0,-72.0
1777890056.5443325,-1.0,0.0,-66.0
1777890056.5543325,-4.0,-1.0,-71.0
1777890056.5653324,-2.0,1.0,-72.0
1777890056.5743325,-2.0,0.0,-71.0
1777890056.5843325,-2.0,-3.0,-68.0
1777890056.5943325,3.0,-4.0,-67.0
1777890056.6043324,4.0,-6.0,-67.0
1777890056.6143324,1.0,-5.0,-64.0
1777890056.6243324,-3.0,-1.0,-66.0
1777890056.6343324,0.0,0.0,-66.0
1777890056.6443324,0.0,-1.0,-73.0
1777890056.6543324,2.0,-3.0,-76.0
1777890056.6643324,2.0,-4.0,-67.0
1777890056.6743324,-1.0,-5.0,-66.0
1777890056.6843324,0.0,-2.0,-72.0
1777890056.6943324,0.0,-2.0,-73.0
1777890056.7043324,1.0,1.0,-74.0
1777890056.7143323,2.0,3.0,-80.0
1777890056.7243323,4.0,9.0,-72.0
1777890056.7343323,0.0,5.0,-70.0
1777890056.7443323,-1.0,3.0,-71.0
1777890056.7543323,-3.0,4.0,-80.0
1777890056.7643323,-4.0,-1.0,-85.0
1777890056.7743323,-2.0,0.0,-84.0
1777890056.7843325,0.0,0.0,-80.0
1777890056.7943325,1.0,5.0,-80.0
1777890056.8043325,1.0,3.0,-78.0
1777890056.8143325,5.0,1.0,-84.0
1777890056.8243325,4.0,0.0,-85.0
1777890056.8343325,0.0,2.0,-86.0
1777890056.8443325,4.0,9.0,-86.0
1777890056.8543324,5.0,6.0,-82.0
1777890056.8643324,6.0,4.0,-83.0
1777890056.8743324,7.0,6.0,-82.0
1777890056.8843324,5.0,4.0,-85.0
1777890056.8943324,7.0,5.0,-84.0
1777890056.9043324,2.0,2.0,-84.0
1777890056.9143324,1.0,5.0,-75.0
1777890056.9243324,3.0,1.0,-73.0
1777890056.9343324,4.0,-5.0,-72.0
1777890056.9443324,3.0,-8.0,-73.0
1777890056.9543324,2.0,-7.0,-73.0
1777890056.9643323,4.0,-7.0,-73.0
1777890056.9743323,1.0,-6.0,-66.0
1777890056.9843323,-6.0,-5.0,-63.0
1777890056.9943323,-6.0,-3.0,-68.0
1777890057.0043323,-6.0,-3.0,-69.0
1777890057.0143323,-3.0,-3.0,-66.0
1777890057.0243323,-2.0,-2.0,-68.0
1777890057.0343325,0.0,-2.0,-67.0
1777890057.0443325,-3.0,-3.0,-73.0
1777890057.0543325,-3.0,-6.0,-72.0
1777890057.0643325,-2.0,-7.0,-72.0
1777890057.0743325,0.0,-3.0,-71.0
1777890057.0843325,-1.0,0.0,-73.0
1777890057.0943325,0.0,0.0,-71.0
1777890057.1043324,0.0,-1.0,-77.0
1777890057.1143324,0.0,0.0,-77.0
1777890057.1243324,-3.0,-4.0,-76.0
1777890057.1343324,-2.0,0.0,-75.0
1777890057.1443324,-1.0,2.0,-76.0
1777890057.1543324,2.0,3.0,-79.0
1777890057.1643324,1.0,3.0,-84.0
1777890057.1743324,1.0,1.0,-75.0
1777890057.1843324,-2.0,1.0,-72.0
1777890057.1943324,-3.0,0.0,-70.0
1777890057.2043324,-3.0,0.0,-75.0
1777890057.2143323,-1.0,0.0,-74.0
1777890057.2243323,-1.0,-2.0,-75.0
1777890057.2343323,-3.0,0.0,-69.0
1777890057.2443323,-4.0,0.0,-70.0
1777890057.2543323,-1.0,-4.0,-67.0
1777890057.2643323,1.0,0.0,-69.0
1777890057.2743323,1.0,-2.0,-75.0
1777890057.2843325,0.0,-3.0,-77.0
1777890057.2943325,-1.0,1.0,-76.0
1777890057.3043325,0.0,4.0,-71.0
1777890057.3143325,-3.0,4.0,-76.0
1777890057.3243325,-2.0,4.0,-71.0
1777890057.3343325,-5.0,-1.0,-73.0
1777890057.3443325,-2.0,-5.0,-75.0
1777890057.3543324,1.0,-10.0,-75.0
1777890057.3643324,4.0,-4.0,-77.0
1777890057.3743324,8.0,-5.0,-74.0
1777890057.3843324,6.0,-3.0,-77.0
1777890057.3943324,3.0,-2.0,-78.0
1777890057.4043324,0.0,-3.0,-76.0
1777890057.4143324,-1.0,-9.0,-75.0
1777890057.4243324,2.0,-8.0,-78.0
1777890057.4343324,5.0,-4.0,-78.0
1777890057.4443324,1.0,-3.0,-84.0
1777890057.4543324,-2.0,-6.0,-91.0
1777890057.4643323,1.0,-4.0,-85.0
1777890057.4743323,1.0,-1.0,-79.0
1777890057.4843323,7.0,-3.0,-81.0
1777890057.4943323,4.0,-2.0,-76.0
1777890057.5043323,4.0,-3.0,-71.0
1777890057.5143323,7.0,-4.0,-78.0
1777890057.5243323,6.0,-6.0,-74.0
1777890057.5343325,10.0,-2.0,-74.0
1777890057.5443325,10.0,0.0,-77.0
1777890057.5543325,4.0,-4.0,-78.0
1777890057.5643325,5.0,-4.0,-75.0
1777890057.5743325,1.0,-5.0,-72.0
1777890057.5843325,-1.0,0.0,-74.0
1777890057.5943325,0.0,1.0,-76.0
1777890057.6043324,1.0,1.0,-79.0
1777890057.6143324,0.0,0.0,-78.0
1777890057.6243324,0.0,1.0,-76.0
1777890057.6343324,3.0,5.0,-76.0
1777890057.6443324,3.0,1.0,-78.0
1777890057.6543324,2.0,1.0,-77.0
1777890057.6643324,6.0,0.0,-70.0
1777890057.6743324,9.0,-4.0,-78.0
1777890057.6843324,9.0,-3.0,-75.0
1777890057.6943324,8.0,-3.0,-74.0
1777890057.7043324,5.0,-3.0,-71.0
1777890057.7143323,4.0,-1.0,-72.0
1777890057.7243323,0.0,-3.0,-74.0
1777890057.7343323,0.0,-2.0,-70.0
1777890057.7443323,0.0,-3.0,-68.0
1777890057.7553325,3.0,-3.0,-68.0
1777890057.7653325,3.0,-1.0,-68.0
1777890057.7743323,5.0,-4.0,-69.0
1777890057.7853324,8.0,-5.0,-74.0
1777890057.7953324,4.0,-4.0,-78.0
1777890057.8053324,3.0,-6.0,-78.0
1777890057.8153324,1.0,-3.0,-77.0
1777890057.8253324,2.0,0.0,-72.0
1777890057.8353324,-3.0,2.0,-77.0
1777890057.8453324,-4.0,0.0,-77.0
1777890057.8553324,-1.0,-2.0,-75.0
1777890057.8653324,0.0,-4.0,-73.0
1777890057.8753324,0.0,-2.0,-71.0
1777890057.8853323,4.0,-5.0,-75.0
1777890057.8953323,3.0,-1.0,-78.0
1777890057.9053323,0.0,-1.0,-74.0
1777890057.9153323,-2.0,1.0,-73.0
1777890057.9253323,-1.0,0.0,-69.0
1777890057.9353323,-1.0,-1.0,-73.0
1777890057.9453323,-6.0,2.0,-73.0
1777890057.9553325,-5.0,1.0,-68.0
1777890057.9653325,-5.0,1.0,-62.0
1777890057.9753325,-5.0,2.0,-62.0
1777890057.9853325,-4.0,1.0,-62.0
1777890057.9953325,-3.0,0.0,-63.0
1777890058.0053325,-1.0,1.0,-70.0
1777890058.0153325,3.0,0.0,-73.0
1777890058.0253325,-3.0,3.0,-80.0
1777890058.0353324,-6.0,5.0,-82.0
1777890058.0453324,-2.0,3.0,-81.0
1777890058.0553324,0.0,1.0,-74.0
1777890058.0653324,0.0,3.0,-73.0
1777890058.0753324,0.0,4.0,-74.0
1777890058.0853324,-1.0,3.0,-72.0
1777890058.0953324,0.0,2.0,-76.0
1777890058.1053324,1.0,0.0,-77.0
1777890058.1153324,-1.0,0.0,-80.0
1777890058.1253324,0.0,0.0,-87.0
1777890058.1353323,-2.0,-4.0,-83.0
1777890058.1453323,-5.0,-4.0,-75.0
1777890058.1553323,-7.0,-6.0,-73.0
1777890058.1653323,-11.0,-5.0,-73.0
1777890058.1753323,-10.0,-5.0,-75.0
1777890058.1853323,-7.0,-4.0,-78.0
1777890058.1953323,-7.0,0.0,-72.0
1777890058.2053325,-6.0,0.0,-73.0
1777890058.2153325,-4.0,-1.0,-72.0
1777890058.2253325,-1.0,-1.0,-63.0
1777890058.2353325,1.0,1.0,-61.0
1777890058.2453325,2.0,1.0,-63.0
1777890058.2553325,4.0,2.0,-61.0
1777890058.2653325,2.0,0.0,-63.0
1777890058.2753325,4.0,-1.0,-73.0
1777890058.2853324,6.0,4.0,-71.0
1777890058.2953324,7.0,3.0,-73.0
1777890058.3053324,2.0,0.0,-72.0
1777890058.3153324,-1.0,1.0,-77.0
1777890058.3253324,-2.0,0.0,-77.0
1777890058.3353324,0.0,2.0,-76.0
1777890058.3453324,3.0,0.0,-77.0
1777890058.3553324,0.0,1.0,-79.0
1777890058.3653324,0.0,3.0,-76.0
1777890058.3753324,-1.0,0.0,-82.0
1777890058.3853323,2.0,0.0,-86.0
1777890058.3953323,3.0,0.0,-83.0
1777890058.4053323,8.0,0.0,-76.0
1777890058.4153323,11.0,1.0,-72.0
1777890058.4253323,7.0,0.0,-73.0
1777890058.4353323,0.0,1.0,-73.0
1777890058.4453323,-2.0,0.0,-70.0
1777890058.4553325,-6.0,-2.0,-69.0
1777890058.4653325,-8.0,-1.0,-67.0
1777890058.4753325,-3.0,-1.0,-68.0
1777890058.4853325,0.0,0.0,-70.0
1777890058.4953325,0.0,1.0,-69.0
1777890058.5053325,1.0,3.0,-67.0
1777890058.5153325,1.0,4.0,-63.0
1777890058.5253325,1.0,6.0,-63.0
1777890058.5353324,-1.0,3.0,-67.0
1777890058.5453324,0.0,3.0,-72.0
1777890058.5553324,0.0,1.0,-71.0
1777890058.5653324,0.0,0.0,-73.0
1777890058.5753324,0.0,-2.0,-82.0
1777890058.5853324,-2.0,-4.0,-78.0
1777890058.5953324,-5.0,-3.0,-74.0
1777890058.6053324,4.0,-2.0,-77.0
1777890058.6153324,2.0,0.0,-83.0
1777890058.6253324,3.0,0.0,-78.0
1777890058.6353323,1.0,-3.0,-79.0
1777890058.6453323,-2.0,0.0,-80.0
1777890058.6553323,-5.0,-2.0,-77.0
1777890058.6653323,-3.0,-4.0,-63.0
1777890058.6753323,1.0,-2.0,-67.0
1777890058.6853323,7.0,-2.0,-72.0
1777890058.6953323,7.0,-4.0,-77.0
1777890058.7053325,8.0,-4.0,-77.0
1777890058.7153325,6.0,-1.0,-69.0
1777890058.7253325,1.0,0.0,-69.0
1777890058.7353325,1.0,2.0,-70.0
1777890058.7453325,3.0,-1.0,-67.0
1777890058.7553325,1.0,1.0,-70.0
1777890058.7653325,-2.0,0.0,-68.0
1777890058.7753325,-3.0,-2.0,-68.0
1777890058.7853324,0.0,0.0,-68.0
1777890058.7953324,0.0,0.0,-70.0
1777890058.8053324,2.0,1.0,-73.0
1777890058.8153324,1.0,0.0,-77.0
1777890058.8253324,2.0,-1.0,-77.0
1777890058.8353324,6.0,2.0,-76.0
1777890058.8453324,3.0,2.0,-76.0
1777890058.8553324,2.0,3.0,-69.0
1777890058.8653324,2.0,2.0,-70.0
1777890058.8753324,3.0,1.0,-76.0
1777890058.8853323,0.0,-4.0,-70.0
1777890058.8953323,-5.0,-6.0,-75.0
1777890058.9053323,-2.0,-1.0,-79.0
1777890058.9153323,-3.0,-3.0,-77.0
1777890058.9253323,1.0,-1.0,-79.0
1777890058.9353323,2.0,-1.0,-83.0
1777890058.9453323,2.0,1.0,-79.0
1777890058.9553325,0.0,3.0,-87.0
1777890058.9653325,-1.0,3.0,-81.0
1777890058.9753325,-6.0,3.0,-76.0
1777890058.9853325,-6.0,4.0,-75.0
1777890058.9953325,-4.0,3.0,-78.0
1777890059.0053325,0.0,1.0,-78.0
1777890059.0153325,1.0,2.0,-80.0
1777890059.0253325,-1.0,0.0,-76.0
1777890059.0353324,-2.0,4.0,-75.0
1777890059.0453324,-7.0,0.0,-76.0
1777890059.0553324,-7.0,0.0,-79.0
1777890059.0653324,-7.0,-1.0,-80.0
1777890059.0753324,0.0,-2.0,-82.0
1777890059.0853324,0.0,-5.0,-83.0
1777890059.0953324,2.0,-8.0,-78.0
1777890059.1053324,-2.0,-7.0,-81.0
1777890059.1153324,0.0,-3.0,-78.0
1777890059.1253324,0.0,-4.0,-73.0
1777890059.1353323,0.0,-2.0,-73.0
1777890059.1453323,3.0,-4.0,-70.0
1777890059.1553323,5.0,-5.0,-68.0
1777890059.1653323,3.0,-4.0,-75.0
1777890059.1753323,-4.0,-5.0,-80.0
1777890059.1853323,-2.0,-7.0,-82.0
1777890059.1953323,1.0,-5.0,-76.0
1777890059.2053325,2.0,-6.0,-69.0
1777890059.2153325,3.0,-7.0,-71.0
1777890059.2253325,1.0,-7.0,-72.0
1777890059.2353325,-3.0,-3.0,-69.0
1777890059.2453325,-4.0,-1.0,-67.0
1777890059.2553325,-4.0,3.0,-68.0
1777890059.2653325,-3.0,0.0,-68.0
1777890059.2753325,-1.0,-1.0,-73.0
1777890059.2853324,4.0,-4.0,-68.0
1777890059.2953324,6.0,-4.0,-67.0
1777890059.3053324,8.0,-4.0,-66.0
1777890059.3153324,9.0,-2.0,-68.0
1777890059.3253324,11.0,-1.0,-69.0
1777890059.3353324,6.0,0.0,-73.0
1777890059.3453324,7.0,0.0,-71.0
1777890059.3553324,2.0,3.0,-67.0
1777890059.3653324,-3.0,3.0,-71.0
1777890059.3753324,-4.0,0.0,-68.0
1777890059.3853323,-1.0,0.0,-73.0
1777890059.3953323,0.0,2.0,-74.0
1777890059.4053323,-1.0,6.0,-77.0
1777890059.4153323,-5.0,6.0,-80.0
1777890059.4253323,-1.0,4.0,-80.0
1777890059.4353323,-3.0,6.0,-78.0
1777890059.4453323,-3.0,6.0,-74.0
1777890059.4553325,-2.0,7.0,-70.0
1777890059.4653325,-3.0,4.0,-72.0
1777890059.4753325,1.0,6.0,-72.0
1777890059.4853325,3.0,6.0,-68.0
1777890059.4953325,0.0,5.0,-64.0
1777890059.5053325,-1.0,0.0,-67.0
1777890059.5153325,-1.0,1.0,-64.0
1777890059.5253325,1.0,0.0,-66.0
1777890059.5353324,0.0,1.0,-65.0
1777890059.5453324,-2.0,3.0,-67.0
1777890059.5553324,-3.0,4.0,-64.0
1777890059.5653324,-2.0,3.0,-63.0
1777890059.5753324,-1.0,5.0,-66.0
1777890059.5853324,-5.0,3.0,-65.0
1777890059.5953324,-6.0,5.0,-64.0
1777890059.6053324,-4.0,11.0,-62.0
1777890059.6153324,-2.0,9.0,-67.0
1777890059.6253324,0.0,7.0,-71.0
1777890059.6353323,0.0,2.0,-73.0
1777890059.6453323,-4.0,0.0,-71.0
1777890059.6553323,-3.0,2.0,-77.0
1777890059.6653323,0.0,0.0,-76.0
1777890059.6753323,2.0,1.0,-82.0
1777890059.6853323,-3.0,-1.0,-77.0
1777890059.6953323,-3.0,-2.0,-80.0
1777890059.7053325,-5.0,1.0,-68.0
1777890059.7153325,-4.0,0.0,-67.0
1777890059.7253325,-7.0,0.0,-75.0
1777890059.7353325,-4.0,3.0,-81.0
1777890059.7453325,-3.0,-1.0,-83.0
1777890059.7563324,-6.0,-1.0,-83.0
1777890059.7663324,-8.0,-1.0,-80.0
1777890059.7763324,-7.0,-1.0,-81.0
1777890059.7863324,-7.0,0.0,-77.0
1777890059.7963324,-6.0,0.0,-73.0
1777890059.8063323,-4.0,0.0,-75.0
1777890059.8163323,-4.0,0.0,-73.0
1777890059.8263323,-3.0,-1.0,-64.0
1777890059.8363323,-5.0,0.0,-68.0
1777890059.8463323,-5.0,-3.0,-70.0
1777890059.8563323,0.0,-2.0,-72.0
1777890059.8663323,2.0,-4.0,-66.0
1777890059.8763323,4.0,-6.0,-68.0
1777890059.8863325,2.0,-9.0,-67.0
1777890059.8963325,1.0,-7.0,-67.0
1777890059.9063325,0.0,-6.0,-67.0
1777890059.9163325,-1.0,-4.0,-60.0
1777890059.9263325,0.0,-2.0,-64.0
1777890059.9363325,-2.0,0.0,-68.0
1777890059.9463325,-2.0,-2.0,-71.0
1777890059.9563324,-3.0,-2.0,-73.0
1777890059.9663324,-6.0,0.0,-71.0
1777890059.9763324,-5.0,0.0,-71.0
1777890059.9863324,-4.0,-2.0,-69.0
1777890059.9963324,-2.0,-6.0,-67.0
1777890060.0063324,0.0,-4.0,-67.0
1777890060.0163324,-2.0,0.0,-64.0
1777890060.0263324,-2.0,-4.0,-67.0
1777890060.0363324,-3.0,-4.0,-69.0
1777890060.0463324,-2.0,-5.0,-69.0
1777890060.0563323,-1.0,-5.0,-71.0
1777890060.0663323,-3.0,-4.0,-68.0
1777890060.0763323,-2.0,-3.0,-65.0
1777890060.0863323,0.0,-3.0,-68.0
1777890060.0963323,4.0,-2.0,-69.0
1777890060.1063323,4.0,-5.0,-76.0
1777890060.1163323,0.0,-8.0,-79.0
1777890060.1263323,-3.0,-8.0,-82.0
1777890060.1363325,0.0,-2.0,-77.0
1777890060.1463325,-1.0,3.0,-75.0
1777890060.1563325,-1.0,1.0,-79.0
1777890060.1663325,-1.0,1.0,-71.0
1777890060.1763325,-1.0,1.0,-68.0
1777890060.1863325,-4.0,0.0,-66.0
1777890060.1963325,-5.0,2.0,-61.0
1777890060.2063324,-4.0,2.0,-67.0
1777890060.2163324,-4.0,0.0,-68.0
1777890060.2263324,-2.0,3.0,-73.0
1777890060.2363324,-1.0,4.0,-77.0
1777890060.2463324,0.0,5.0,-79.0
1777890060.2563324,-2.0,4.0,-78.0
1777890060.2663324,3.0,3.0,-73.0
1777890060.2763324,5.0,5.0,-67.0
1777890060.2863324,6.0,4.0,-69.0
1777890060.2963324,3.0,2.0,-75.0
1777890060.3063323,4.0,0.0,-80.0
1777890060.3163323,6.0,4.0,-75.0
1777890060.3263323,3.0,3.0,-75.0
1777890060.3363323,5.0,-1.0,-74.0
1777890060.3463323,5.0,-2.0,-67.0
1777890060.3563323,1.0,-1.0,-66.0
1777890060.3663323,0.0,-2.0,-68.0
1777890060.3763323,1.0,-5.0,-67.0
1777890060.3863325,5.0,-5.0,-71.0
1777890060.3963325,0.0,-3.0,-74.0
1777890060.4063325,4.0,0.0,-70.0
1777890060.4163325,6.0,-3.0,-78.0
1777890060.4263325,0.0,-5.0,-74.0
1777890060.4363325,-6.0,-8.0,-77.0
1777890060.4463325,-8.0,-6.0,-73.0
1777890060.4563324,-8.0,-3.0,-67.0
1777890060.4663324,-8.0,-1.0,-67.0
1777890060.4763324,-3.0,1.0,-73.0
1777890060.4863324,0.0,2.0,-74.0
1777890060.4963324,0.0,1.0,-75.0
1777890060.5063324,1.0,0.0,-72.0
1777890060.5163324,-3.0,-1.0,-84.0
1777890060.5263324,-2.0,0.0,-81.0
1777890060.5363324,-6.0,0.0,-79.0
1777890060.5463324,-1.0,2.0,-74.0
1777890060.5563323,0.0,1.0,-79.0
1777890060.5663323,0.0,2.0,-78.0
1777890060.5763323,-3.0,0.0,-73.0
1777890060.5863323,-1.0,2.0,-74.0
1777890060.5963323,-3.0,3.0,-75.0
1777890060.6063323,-3.0,0.0,-72.0
1777890060.6163323,-1.0,3.0,-69.0
1777890060.6263323,-3.0,4.0,-74.0
1777890060.6363325,-6.0,2.0,-72.0
1777890060.6463325,-4.0,2.0,-68.0
1777890060.6563325,-1.0,3.0,-65.0
1777890060.6663325,0.0,3.0,-67.0
1777890060.6763325,0.0,1.0,-72.0
1777890060.6863325,0.0,6.0,-78.0
1777890060.6963325,0.0,5.0,-80.0
1777890060.7063324,0.0,1.0,-79.0
1777890060.7163324,0.0,0.0,-80.0
1777890060.7263324,0.0,0.0,-77.0
1777890060.7363324,-2.0,-4.0,-80.0
1777890060.7463324,-2.0,-3.0,-77.0
1777890060.7563324,0.0,-6.0,-80.0
1777890060.7663324,0.0,-9.0,-74.0
1777890060.7763324,1.0,-11.0,-65.0
1777890060.7863324,0.0,-8.0,-71.0
1777890060.7963324,-3.0,-8.0,-70.0
1777890060.8063323,-2.0,-6.0,-71.0
1777890060.8163323,0.0,-2.0,-73.0
1777890060.8263323,1.0,-2.0,-74.0
1777890060.8363323,-2.0,-1.0,-71.0
1777890060.8463323,-4.0,-2.0,-68.0
1777890060.8563323,0.0,1.0,-70.0
1777890060.8663323,2.0,0.0,-71.0
1777890060.8763323,0.0,-3.0,-81.0
1777890060.8863325,-1.0,-1.0,-80.0
1777890060.8963325,-5.0,0.0,-85.0
1777890060.9063325,-9.0,1.0,-89.0
1777890060.9163325,-7.0,-1.0,-87.0
1777890060.9263325,-6.0,-1.0,-81.0
1777890060.9363325,-9.0,1.0,-72.0
1777890060.9463325,-8.0,-4.0,-71.0
1777890060.9563324,-8.0,-4.0,-71.0
1777890060.9663324,-4.0,-5.0,-69.0
1777890060.9763324,-4.0,-5.0,-74.0
1777890060.9863324,-1.0,-6.0,-70.0
1777890060.9963324,1.0,-7.0,-64.0
1777890061.0063324,-5.0,-8.0,-66.0
1777890061.0163324,-5.0,-7.0,-69.0
1777890061.0263324,-3.0,-5.0,-69.0
1777890061.0363324,-4.0,-5.0,-72.0
1777890061.0463324,-4.0,-8.0,-68.0
1777890061.0563323,-3.0,-8.0,-66.0
1777890061.0663323,-4.0,-6.0,-68.0
1777890061.0763323,0.0,-5.0,-71.0
1777890061.0863323,0.0,-3.0,-71.0
1777890061.0963323,-3.0,-2.0,-67.0
1777890061.1063323,-1.0,-2.0,-74.0
1777890061.1163323,3.0,-7.0,-76.0
1777890061.1263323,2.0,-8.0,-73.0
1777890061.1363325,2.0,-7.0,-74.0
1777890061.1463325,8.0,-4.0,-77.0
1777890061.1563325,5.0,-3.0,-75.0
1777890061.1663325,5.0,-2.0,-75.0
1777890061.1763325,6.0,-1.0,-71.0
1777890061.1863325,5.0,2.0,-80.0
1777890061.1963325,2.0,0.0,-79.0
1777890061.2063324,0.0,4.0,-75.0
1777890061.2163324,5.0,-2.0,-76.0
1777890061.2263324,6.0,-8.0,-81.0
1777890061.2363324,2.0,-5.0,-80.0
1777890061.2463324,0.0,-5.0,-81.0
1777890061.2563324,0.0,-9.0,-84.0
1777890061.2663324,-5.0,-7.0,-75.0
1777890061.2763324,-9.0,-7.0,-79.0
1777890061.2863324,-8.0,-8.0,-77.0
1777890061.2963324,-10.0,-5.0,-81.0
1777890061.3063323,-8.0,-5.0,-71.0
1777890061.3163323,-6.0,-3.0,-65.0
1777890061.3263323,-5.0,-2.0,-70.0
1777890061.3363323,-2.0,-2.0,-71.0
1777890061.3463323,0.0,-5.0,-73.0
1777890061.3563323,0.0,-5.0,-80.0
1777890061.3663323,1.0,-4.0,-76.0
1777890061.3763323,-2.0,3.0,-73.0
1777890061.3863325,-3.0,4.0,-73.0
1777890061.3963325,-5.0,9.0,-73.0
1777890061.4063325,0.0,3.0,-77.0
1777890061.4163325,-1.0,0.0,-82.0
1777890061.4263325,-1.0,2.0,-80.0
1777890061.4363325,0.0,1.0,-77.0
1777890061.4463325,-3.0,0.0,-83.0
1777890061.4563324,-5.0,-1.0,-84.0
1777890061.4663324,-7.0,0.0,-81.0
1777890061.4763324,-4.0,0.0,-84.0
1777890061.4863324,-5.0,3.0,-92.0
1777890061.4963324,-3.0,1.0,-86.0
1777890061.5063324,1.0,3.0,-79.0
1777890061.5163324,2.0,3.0,-80.0
1777890061.5263324,3.0,0.0,-81.0
1777890061.5363324,0.0,1.0,-81.0
1777890061.5463324,2.0,3.0,-86.0
1777890061.5563323,2.0,0.0,-79.0
1777890061.5663323,4.0,0.0,-84.0
1777890061.5763323,-3.0,-1.0,-86.0
1777890061.5863323,-2.0,0.0,-88.0
1777890061.5963323,2.0,-1.0,-82.0
1777890061.6063323,2.0,2.0,-78.0
1777890061.6163323,6.0,1.0,-71.0
1777890061.6263323,4.0,0.0,-77.0
1777890061.6363325,3.0,0.0,-80.0
1777890061.6463325,4.0,-7.0,-79.0
1777890061.6563325,2.0,-6.0,-72.0
1777890061.6663325,7.0,0.0,-74.0
1777890061.6763325,6.0,1.0,-81.0
1777890061.6863325,9.0,1.0,-78.0
1777890061.6963325,12.0,1.0,-70.0
1777890061.7063324,10.0,0.0,-72.0
1777890061.7163324,5.0,0.0,-72.0
1777890061.7263324,4.0,0.0,-74.0
1777890061.7373323,6.0,-1.0,-73.0
1777890061.7463324,8.0,0.0,-74.0
1777890061.7563324,3.0,0.0,-73.0
1777890061.7673323,4.0,-1.0,-71.0
1777890061.7773323,2.0,1.0,-67.0
1777890061.7873323,4.0,0.0,-65.0
1777890061.7973323,5.0,1.0,-63.0
1777890061.8073325,6.0,1.0,-64.0
1777890061.8173325,11.0,0.0,-65.0
1777890061.8273325,6.0,0.0,-68.0
1777890061.8373325,6.0,0.0,-71.0
1777890061.8473325,5.0,-1.0,-74.0
1777890061.8573325,5.0,1.0,-74.0
1777890061.8673325,4.0,1.0,-70.0
1777890061.8773324,1.0,-4.0,-67.0
1777890061.8873324,3.0,-4.0,-69.0
1777890061.8973324,6.0,-5.0,-71.0
1777890061.9073324,4.0,-3.0,-69.0
1777890061.9173324,7.0,-4.0,-70.0
1777890061.9273324,4.0,-3.0,-68.0
1777890061.9373324,5.0,-5.0,-64.0
1777890061.9473324,2.0,-2.0,-61.0
1777890061.9573324,0.0,-3.0,-60.0
1777890061.9673324,-5.0,-4.0,-63.0
1777890061.9773324,0.0,-6.0,-67.0
1777890061.9873323,2.0,-9.0,-72.0
1777890061.9973323,4.0,-6.0,-75.0
1777890062.0073323,4.0,-2.0,-76.0
1777890062.0173323,4.0,-1.0,-79.0
1777890062.0273323,4.0,0.0,-78.0
1777890062.0373323,4.0,-1.0,-72.0
1777890062.0473323,2.0,0.0,-71.0
1777890062.0573325,1.0,0.0,-79.0
1777890062.0673325,1.0,1.0,-85.0
1777890062.0773325,1.0,0.0,-79.0
1777890062.0873325,2.0,0.0,-71.0
1777890062.0973325,5.0,1.0,-65.0
1777890062.1073325,9.0,6.0,-64.0
1777890062.1173325,11.0,7.0,-71.0
1777890062.1273324,8.0,3.0,-68.0
1777890062.1373324,7.0,4.0,-61.0
1777890062.1473324,5.0,-1.0,-64.0
1777890062.1573324,5.0,-2.0,-70.0
1777890062.1673324,6.0,0.0,-66.0
1777890062.1773324,4.0,-3.0,-69.0
1777890062.1873324,5.0,0.0,-70.0
1777890062.1973324,5.0,1.0,-67.0
1777890062.2073324,3.0,2.0,-71.0
1777890062.2173324,3.0,2.0,-79.0
1777890062.2273324,2.0,4.0,-78.0
1777890062.2373323,2.0,4.0,-77.0
1777890062.2473323,0.0,2.0,-78.0
1777890062.2573323,-2.0,1.0,-79.0
1777890062.2673323,0.0,1.0,-76.0
1777890062.2773323,1.0,0.0,-76.0
1777890062.2873323,4.0,0.0,-77.0
1777890062.2973323,7.0,0.0,-72.0
1777890062.3073325,5.0,0.0,-74.0
1777890062.3173325,4.0,-3.0,-77.0
1777890062.3273325,7.0,-5.0,-76.0
1777890062.3373325,8.0,-4.0,-68.0
1777890062.3473325,2.0,-1.0,-69.0
1777890062.3573325,4.0,0.0,-69.0
1777890062.3673325,5.0,0.0,-69.0
1777890062.3773324,2.0,0.0,-72.0
1777890062.3873324,5.0,0.0,-73.0
1777890062.3973324,5.0,0.0,-68.0
1777890062.4073324,6.0,0.0,-73.0
1777890062.4173324,7.0,0.0,-81.0
1777890062.4273324,4.0,1.0,-77.0
1777890062.4373324,0.0,5.0,-75.0
1777890062.4473324,0.0,6.0,-72.0
1777890062.4573324,1.0,3.0,-76.0
1777890062.4673324,4.0,0.0,-74.0
1777890062.4773324,5.0,0.0,-78.0
1777890062.4873323,2.0,0.0,-77.0
1777890062.4973323,4.0,0.0,-72.0
1777890062.5073323,5.0,4.0,-73.0
1777890062.5173323,2.0,-2.0,-73.0
1777890062.5273323,-1.0,-4.0,-69.0
1777890062.5373323,-3.0,-4.0,-70.0
1777890062.5473323,0.0,-3.0,-72.0
1777890062.5573325,0.0,-4.0,-76.0
1777890062.5673325,-2.0,-1.0,-74.0
1777890062.5773325,0.0,-1.0,-71.0
1777890062.5873325,2.0,0.0,-75.0
1777890062.5973325,2.0,3.0,-73.0
1777890062.6073325,5.0,2.0,-72.0
1777890062.6173325,6.0,0.0,-74.0
1777890062.6273324,6.0,0.0,-76.0
1777890062.6373324,6.0,1.0,-79.0
1777890062.6473324,2.0,-1.0,-78.0
1777890062.6573324,3.0,0.0,-81.0
1777890062.6673324,3.0,-2.0,-76.0
1777890062.6773324,5.0,-2.0,-75.0
1777890062.6873324,2.0,0.0,-72.0
1777890062.6973324,2.0,-1.0,-67.0
1777890062.7073324,0.0,-4.0,-70.0
1777890062.7173324,5.0,-2.0,-69.0
1777890062.7273324,10.0,-1.0,-70.0
1777890062.7373323,8.0,0.0,-71.0
1777890062.7473323,5.0,-1.0,-74.0
1777890062.7573323,1.0,-4.0,-73.0
1777890062.7673323,-3.0,1.0,-73.0
1777890062.7773323,-1.0,5.0,-75.0
1777890062.7873323,-2.0,0.0,-78.0
1777890062.7973323,-2.0,1.0,-75.0
1777890062.8073325,-1.0,5.0,-78.0
1777890062.8173325,2.0,7.0,-75.0
1777890062.8273325,2.0,5.0,-73.0
1777890062.8373325,-1.0,5.0,-78.0
1777890062.8473325,-2.0,0.0,-81.0
1777890062.8573325,-2.0,1.0,-84.0
1777890062.8673325,-3.0,0.0,-83.0
1777890062.8773324,-2.0,-2.0,-74.0
1777890062.8873324,-3.0,-3.0,-77.0
1777890062.8973324,-1.0,-6.0,-74.0
1777890062.9073324,-1.0,-1.0,-77.0
1777890062.9173324,-2.0,4.0,-82.0
1777890062.9273324,-1.0,1.0,-81.0
1777890062.9373324,0.0,2.0,-80.0
1777890062.9473324,-2.0,-1.0,-79.0
1777890062.9573324,-2.0,-3.0,-82.0
1777890062.9673324,0.0,1.0,-77.0
1777890062.9773324,0.0,1.0,-70.0
1777890062.9873323,0.0,-2.0,-70.0
1777890062.9973323,2.0,-6.0,-77.0
1777890063.0073323,2.0,-4.0,-80.0
1777890063.0173323,0.0,0.0,-84.0
1777890063.0273323,1.0,0.0,-86.0
1777890063.0373323,7.0,0.0,-84.0
1777890063.0473323,7.0,0.0,-76.0
1777890063.0573325,5.0,0.0,-71.0
1777890063.0673325,2.0,0.0,-80.0
1777890063.0783324,1.0,0.0,-85.0
1777890063.0873325,-3.0,-1.0,-82.0
1777890063.0973325,-3.0,0.0,-74.0
1777890063.1073325,-4.0,0.0,-72.0
1777890063.1173325,-8.0,-4.0,-75.0
1777890063.1273324,-4.0,-8.0,-78.0
1777890063.1373324,-1.0,-6.0,-77.0
1777890063.1473324,2.0,-1.0,-76.0
1777890063.1573324,-2.0,0.0,-76.0
1777890063.1673324,-2.0,2.0,-82.0
1777890063.1773324,0.0,1.0,-89.0
1777890063.1873324,4.0,-3.0,-92.0
1777890063.1973324,2.0,-9.0,-88.0
1777890063.2073324,2.0,-7.0,-81.0
1777890063.2173324,4.0,-1.0,-75.0
1777890063.2273324,1.0,3.0,-74.0
1777890063.2373323,1.0,3.0,-82.0
1777890063.2473323,0.0,-1.0,-83.0
1777890063.2573323,-3.0,0.0,-85.0
1777890063.2673323,-2.0,-1.0,-82.0
1777890063.2773323,1.0,-3.0,-82.0
1777890063.2873323,-2.0,0.0,-84.0
1777890063.2973323,-6.0,8.0,-74.0
1777890063.3073325,0.0,6.0,-66.0
1777890063.3173325,0.0,8.0,-70.0
1777890063.3273325,-1.0,0.0,-68.0
1777890063.3373325,-8.0,0.0,-74.0
1777890063.3473325,-2.0,-1.0,-69.0
1777890063.3573325,-5.0,-2.0,-73.0
1777890063.3673325,-3.0,0.0,-75.0
1777890063.3773324,-4.0,-2.0,-77.0
1777890063.3873324,-2.0,0.0,-79.0
1777890063.3973324,-1.0,1.0,-75.0
1777890063.4073324,1.0,2.0,-73.0
1777890063.4173324,0.0,1.0,-75.0
1777890063.4273324,-2.0,-2.0,-74.0
1777890063.4373324,-3.0,-6.0,-76.0
1777890063.4473324,-6.0,-9.0,-83.0
1777890063.4573324,-2.0,-6.0,-84.0
1777890063.4673324,-1.0,-7.0,-80.0
1777890063.4773324,-2.0,-5.0,-82.0
1777890063.4873323,-1.0,-6.0,-75.0
1777890063.4973323,1.0,-5.0,-80.0
1777890063.5073323,0.0,-4.0,-81.0
1777890063.5173323,2.0,0.0,-78.0
1777890063.5273323,1.0,0.0,-69.0
1777890063.5373323,-1.0,-2.0,-68.0
1777890063.5473323,-2.0,-3.0,-76.0
1777890063.5573325,-4.0,-4.0,-73.0
1777890063.5673325,-5.0,-2.0,-75.0
1777890063.5773325,2.0,-1.0,-70.0
1777890063.5873325,3.0,1.0,-71.0
1777890063.5973325,5.0,3.0,-68.0
1777890063.6083324,0.0,1.0,-70.0
1777890063.6173325,0.0,0.0,-72.0
1777890063.6273324,1.0,1.0,-71.0
1777890063.6373324,1.0,1.0,-68.0
1777890063.6473324,-2.0,4.0,-65.0
1777890063.6573324,1.0,6.0,-63.0
1777890063.6673324,0.0,7.0,-66.0
1777890063.6773324,0.0,7.0,-72.0
1777890063.6873324,1.0,1.0,-80.0
1777890063.6973324,0.0,4.0,-77.0
1777890063.7073324,-1.0,7.0,-75.0
1777890063.7173324,-4.0,6.0,-74.0
1777890063.7283323,-6.0,5.0,-76.0
1777890063.7383325,-3.0,3.0,-84.0
1777890063.7483325,-4.0,0.0,-85.0
1777890063.7583325,-3.0,1.0,-78.0
1777890063.7683325,1.0,2.0,-76.0
1777890063.7783325,0.0,0.0,-73.0
1777890063.7883325,2.0,-3.0,-71.0
1777890063.7983325,3.0,-4.0,-76.0
1777890063.8083324,6.0,-4.0,-78.0
1777890063.8183324,7.0,-3.0,-80.0
1777890063.8283324,3.0,-4.0,-73.0
1777890063.8383324,5.0,-3.0,-77.0
1777890063.8483324,1.0,-3.0,-81.0
1777890063.8583324,2.0,-3.0,-85.0
1777890063.8683324,1.0,0.0,-80.0
1777890063.8783324,0.0,-1.0,-71.0
1777890063.8883324,-1.0,-5.0,-71.0
1777890063.8983324,5.0,-5.0,-69.0
1777890063.9083323,7.0,-8.0,-70.0
1777890063.9183323,2.0,-8.0,-67.0
1777890063.9283323,5.0,-10.0,-66.0
1777890063.9383323,8.0,-2.0,-68.0
1777890063.9483323,9.0,-2.0,-78.0
1777890063.9583323,5.0,-8.0,-83.0
1777890063.9683323,1.0,-6.0,-94.0
1777890063.9783323,1.0,-5.0,-91.0
1777890063.9883325,1.0,0.0,-89.0
1777890063.9983325,6.0,0.0,-91.0
1777890064.0083325,3.0,0.0,-87.0
1777890064.0183325,0.0,1.0,-77.0
1777890064.0283325,0.0,-2.0,-81.0
1777890064.0383325,0.0,-1.0,-79.0
1777890064.0483325,-2.0,-2.0,-79.0
1777890064.0583324,0.0,-2.0,-79.0
1777890064.0683324,3.0,3.0,-68.0
1777890064.0783324,4.0,1.0,-67.0
1777890064.0883324,1.0,1.0,-64.0
1777890064.0983324,0.0,0.0,-61.0
1777890064.1083324,0.0,0.0,-65.0
1777890064.1183324,0.0,0.0,-71.0
1777890064.1283324,0.0,0.0,-71.0
1777890064.1383324,-1.0,1.0,-70.0
1777890064.1483324,0.0,4.0,-77.0
1777890064.1583323,3.0,3.0,-79.0
1777890064.1683323,-2.0,1.0,-78.0
1777890064.1783323,-7.0,0.0,-78.0
1777890064.1883323,-10.0,-3.0,-79.0
1777890064.1983323,-9.0,-2.0,-75.0
1777890064.2083323,-3.0,-1.0,-74.0
1777890064.2183323,0.0,0.0,-66.0
1777890064.2283323,0.0,0.0,-65.0
1777890064.2383325,6.0,1.0,-66.0
1777890064.2483325,7.0,4.0,-75.0
1777890064.2583325,5.0,0.0,-76.0
1777890064.2683325,4.0,1.0,-77.0
1777890064.2783325,1.0,1.0,-83.0
1777890064.2883325,3.0,-3.0,-85.0
1777890064.2983325,4.0,-5.0,-80.0
1777890064.3083324,4.0,-4.0,-76.0
1777890064.3183324,2.0,-4.0,-73.0
1777890064.3283324,5.0,-4.0,-72.0
1777890064.3383324,4.0,-6.0,-71.0
1777890064.3483324,1.0,-3.0,-66.0
1777890064.3583324,-1.0,-4.0,-69.0
1777890064.3683324,-3.0,-3.0,-72.0
1777890064.3783324,-1.0,-5.0,-73.0
1777890064.3883324,0.0,-8.0,-70.0
1777890064.3983324,1.0,-7.0,-75.0
1777890064.4083323,7.0,-4.0,-76.0
1777890064.4183323,2.0,-4.0,-71.0
1777890064.4283323,-3.0,0.0,-71.0
1777890064.4383323,-2.0,0.0,-70.0
1777890064.4483323,-1.0,-1.0,-69.0
1777890064.4583323,-2.0,1.0,-78.0
1777890064.4683323,-1.0,0.0,-73.0
1777890064.4783323,0.0,-2.0,-72.0
1777890064.4883325,1.0,-1.0,-72.0
1777890064.4983325,1.0,1.0,-67.0
1777890064.5083325,-1.0,0.0,-73.0
1777890064.5183325,0.0,2.0,-75.0
1777890064.5283325,0.0,0.0,-79.0
1777890064.5383325,6.0,-3.0,-76.0
1777890064.5483325,6.0,-4.0,-76.0
1777890064.5583324,6.0,-4.0,-74.0
1777890064.5683324,7.0,-4.0,-73.0
1777890064.5783324,6.0,-1.0,-72.0
1777890064.5883324,2.0,-1.0,-77.0
1777890064.5983324,4.0,1.0,-81.0
1777890064.6083324,1.0,1.0,-81.0
1777890064.6183324,0.0,-3.0,-77.0
1777890064.6293323,-1.0,-4.0,-71.0
1777890064.6383324,-2.0,-8.0,-73.0
1777890064.6483324,-5.0,-10.0,-72.0
1777890064.6583323,-4.0,-10.0,-70.0
1777890064.6683323,-4.0,-11.0,-68.0
1777890064.6783323,-2.0,-8.0,-70.0
1777890064.6883323,5.0,-9.0,-67.0
1777890064.6983323,4.0,-6.0,-64.0
1777890064.7083323,1.0,-6.0,-72.0
1777890064.7183323,-2.0,-5.0,-74.0
1777890064.7283323,0.0,0.0,-74.0
1777890064.7383325,-2.0,3.0,-73.0
1777890064.7483325,0.0,2.0,-72.0
1777890064.7583325,-3.0,2.0,-67.0
1777890064.7683325,0.0,5.0,-70.0
1777890064.7783325,-4.0,4.0,-75.0
1777890064.7883325,-10.0,3.0,-73.0
1777890064.7983325,-9.0,3.0,-69.0
1777890064.8083324,-3.0,5.0,-66.0
1777890064.8183324,-3.0,4.0,-69.0
1777890064.8283324,-3.0,3.0,-70.0
1777890064.8383324,-2.0,1.0,-66.0
1777890064.8483324,-2.0,5.0,-63.0
1777890064.8583324,0.0,3.0,-68.0
1777890064.8683324,-1.0,4.0,-72.0
1777890064.8783324,-1.0,0.0,-71.0
1777890064.8883324,-3.0,-2.0,-71.0
1777890064.8983324,-3.0,-2.0,-74.0
1777890064.9083323,-5.0,0.0,-75.0
1777890064.9183323,-3.0,0.0,-79.0
1777890064.9283323,-3.0,-2.0,-81.0
1777890064.9383323,3.0,-2.0,-79.0
1777890064.9483323,3.0,-3.0,-78.0
1777890064.9583323,3.0,-2.0,-78.0
1777890064.9683323,-1.0,0.0,-80.0
1777890064.9783323,1.0,0.0,-82.0
1777890064.9883325,2.0,0.0,-78.0
1777890064.9983325,2.0,1.0,-78.0
1777890065.0083325,0.0,2.0,-72.0
1777890065.0183325,1.0,6.0,-73.0
1777890065.0283325,2.0,8.0,-71.0
1777890065.0383325,0.0,8.0,-69.0
1777890065.0483325,0.0,7.0,-72.0
1777890065.0583324,3.0,3.0,-71.0
1777890065.0683324,4.0,4.0,-70.0
1777890065.0783324,6.0,0.0,-69.0
1777890065.0883324,7.0,1.0,-73.0
1777890065.0983324,4.0,1.0,-74.0
1777890065.1083324,0.0,-2.0,-70.0
1777890065.1183324,0.0,-7.0,-74.0
1777890065.1283324,-6.0,-2.0,-82.0
1777890065.1383324,-6.0,3.0,-87.0
1777890065.1483324,-7.0,0.0,-82.0
1777890065.1583323,-5.0,0.0,-84.0
1777890065.1683323,1.0,2.0,-77.0
1777890065.1783323,1.0,-3.0,-72.0
1777890065.1883323,3.0,-3.0,-75.0
1777890065.1983323,3.0,-2.0,-74.0
1777890065.2083323,4.0,-2.0,-69.0
1777890065.2183323,4.0,-1.0,-75.0
1777890065.2283323,3.0,1.0,-77.0
1777890065.2383325,-1.0,2.0,-80.0
1777890065.2483325,-1.0,4.0,-80.0
1777890065.2583325,-2.0,5.0,-73.0
1777890065.2683325,-1.0,1.0,-71.0
1777890065.2783325,-4.0,0.0,-70.0
1777890065.2883325,-4.0,3.0,-71.0
1777890065.2983325,-6.0,2.0,-68.0
1777890065.3083324,-6.0,0.0,-77.0
1777890065.3183324,-1.0,-1.0,-74.0
1777890065.3283324,2.0,0.0,-72.0
1777890065.3383324,0.0,-2.0,-73.0
1777890065.3483324,0.0,-1.0,-75.0
1777890065.3583324,1.0,1.0,-77.0
1777890065.3683324,-3.0,-2.0,-81.0
1777890065.3783324,-4.0,-2.0,-82.0
1777890065.3883324,-3.0,-2.0,-78.0
1777890065.3983324,-3.0,0.0,-83.0
1777890065.4083323,-1.0,0.0,-89.0
1777890065.4183323,0.0,0.0,-83.0
1777890065.4283323,2.0,1.0,-79.0
1777890065.4383323,0.0,3.0,-80.0
1777890065.4483323,2.0,0.0,-92.0
1777890065.4583323,2.0,0.0,-88.0
1777890065.4683323,4.0,0.0,-86.0
1777890065.4783323,4.0,-1.0,-86.0
1777890065.4883325,0.0,-1.0,-79.0
1777890065.4983325,0.0,0.0,-75.0
1777890065.5083325,3.0,2.0,-68.0
1777890065.5183325,5.0,1.0,-64.0
1777890065.5283325,8.0,0.0,-63.0
1777890065.5383325,8.0,0.0,-66.0
1777890065.5483325,5.0,-1.0,-68.0
1777890065.5583324,2.0,0.0,-66.0
1777890065.5683324,-1.0,0.0,-63.0
1777890065.5783324,-3.0,2.0,-63.0
1777890065.5883324,-4.0,3.0,-68.0
1777890065.5983324,2.0,4.0,-69.0
1777890065.6083324,-1.0,5.0,-74.0
1777890065.6183324,-5.0,5.0,-75.0
1777890065.6283324,-5.0,4.0,-76.0
1777890065.6383324,-4.0,5.0,-67.0
1777890065.6483324,-5.0,1.0,-65.0
1777890065.6593325,-4.0,-1.0,-70.0
1777890065.6683323,0.0,0.0,-78.0
1777890065.6783323,0.0,4.0,-81.0
1777890065.6883323,1.0,0.0,-85.0
1777890065.6983323,3.0,0.0,-83.0
1777890065.7093325,3.0,1.0,-87.0
1777890065.7193325,4.0,0.0,-84.0
1777890065.7293324,4.0,-1.0,-86.0
1777890065.7393324,5.0,-1.0,-80.0
1777890065.7493324,6.0,-2.0,-70.0
1777890065.7593324,8.0,-3.0,-72.0
1777890065.7693324,8.0,-2.0,-74.0
1777890065.7793324,10.0,3.0,-77.0
1777890065.7893324,8.0,0.0,-73.0
1777890065.7993324,8.0,-4.0,-73.0
1777890065.8093324,3.0,-2.0,-76.0
1777890065.8193324,1.0,-1.0,-74.0
1777890065.8293324,-1.0,-2.0,-70.0
1777890065.8393323,-3.0,1.0,-75.0
1777890065.8493323,-1.0,0.0,-77.0
1777890065.8593323,1.0,0.0,-76.0
1777890065.8693323,4.0,0.0,-78.0
1777890065.8793323,6.0,-6.0,-77.0
1777890065.8893323,4.0,-7.0,-83.0
1777890065.8993323,6.0,-7.0,-83.0
1777890065.9093325,4.0,-2.0,-87.0
1777890065.9193325,4.0,1.0,-89.0
1777890065.9293325,1.0,-2.0,-82.0
1777890065.9393325,0.0,-2.0,-74.0
1777890065.9493325,1.0,-4.0,-73.0
1777890065.9593325,2.0,-4.0,-71.0
1777890065.9693325,4.0,-1.0,-68.0
1777890065.9793324,2.0,0.0,-70.0
1777890065.9893324,3.0,0.0,-77.0
1777890065.9993324,5.0,0.0,-82.0
1777890066.0093324,4.0,-2.0,-87.0
1777890066.0193324,5.0,0.0,-81.0
1777890066.0293324,4.0,4.0,-71.0
1777890066.0393324,1.0,4.0,-73.0
1777890066.0493324,1.0,-1.0,-72.0
1777890066.0593324,0.0,2.0,-74.0
1777890066.0693324,-4.0,2.0,-78.0
1777890066.0793324,-5.0,6.0,-74.0
1777890066.0893323,-2.0,5.0,-70.0
1777890066.0993323,-2.0,3.0,-74.0
1777890066.1093323,-2.0,0.0,-74.0
1777890066.1193323,2.0,1.0,-76.0
1777890066.1293323,0.0,-1.0,-78.0
1777890066.1393323,-1.0,-2.0,-79.0
1777890066.1503325,-4.0,0.0,-73.0
1777890066.1593325,-2.0,0.0,-68.0
1777890066.1693325,-2.0,3.0,-72.0
1777890066.1793325,0.0,3.0,-79.0
1777890066.1893325,-3.0,3.0,-78.0
1777890066.1993325,-1.0,0.0,-77.0
1777890066.2093325,0.0,0.0,-78.0
1777890066.2193325,-4.0,0.0,-84.0
1777890066.2293324,-4.0,1.0,-89.0
1777890066.2393324,-1.0,1.0,-89.0
1777890066.2493324,-1.0,0.0,-91.0
1777890066.2593324,-1.0,0.0,-83.0
1777890066.2693324,0.0,-1.0,-76.0
1777890066.2793324,4.0,0.0,-72.0
1777890066.2893324,1.0,-1.0,-65.0
1777890066.2993324,3.0,-1.0,-69.0
1777890066.3093324,1.0,-6.0,-74.0
1777890066.3193324,4.0,-5.0,-77.0
1777890066.3293324,2.0,-4.0,-76.0
1777890066.3393323,0.0,-2.0,-79.0
1777890066.3493323,-1.0,-2.0,-78.0
1777890066.3593323,-3.0,-3.0,-71.0
1777890066.3693323,-6.0,-3.0,-67.0
1777890066.3793323,-9.0,0.0,-66.0
1777890066.3893323,-14.0,-4.0,-65.0
1777890066.3993323,-13.0,-3.0,-67.0
1777890066.4093325,-11.0,-5.0,-70.0
1777890066.4193325,-10.0,-5.0,-64.0
1777890066.4293325,-8.0,-5.0,-69.0
1777890066.4393325,-5.0,0.0,-77.0
1777890066.4493325,-6.0,2.0,-79.0
1777890066.4593325,-3.0,-4.0,-76.0
1777890066.4693325,-6.0,-6.0,-77.0
1777890066.4793324,-2.0,0.0,-72.0
1777890066.4893324,-9.0,3.0,-76.0
1777890066.4993324,-4.0,5.0,-83.0
1777890066.5093324,-2.0,5.0,-74.0
1777890066.5193324,-2.0,2.0,-69.0
1777890066.5293324,0.0,-1.0,-72.0
1777890066.5393324,1.0,-4.0,-71.0
1777890066.5493324,5.0,-3.0,-72.0
1777890066.5593324,4.0,-3.0,-75.0
1777890066.5693324,0.0,-1.0,-72.0
1777890066.5793324,0.0,0.0,-77.0
1777890066.5893323,0.0,3.0,-76.0
1777890066.5993323,-6.0,3.0,-82.0
1777890066.6093323,-7.0,2.0,-73.0
1777890066.6193323,-8.0,2.0,-73.0
1777890066.6293323,-7.0,7.0,-76.0
1777890066.6393323,-10.0,7.0,-73.0
1777890066.6493323,-12.0,3.0,-66.0
1777890066.6593325,-12.0,2.0,-68.0
1777890066.6693325,-9.0,-2.0,-65.0
1777890066.6793325,-7.0,-4.0,-63.0
1777890066.6893325,-4.0,-2.0,-72.0
1777890066.6993325,-1.0,4.0,-70.0
1777890066.7093325,0.0,5.0,-71.0
1777890066.7193325,-1.0,5.0,-69.0
1777890066.7293324,-1.0,-1.0,-71.0
1777890066.7393324,3.0,1.0,-68.0
1777890066.7493324,2.0,0.0,-67.0
1777890066.7593324,5.0,1.0,-67.0
1777890066.7693324,4.0,-3.0,-66.0
1777890066.7793324,5.0,-4.0,-73.0
1777890066.7893324,11.0,-3.0,-75.0
1777890066.7993324,13.0,-2.0,-79.0
1777890066.8093324,5.0,-3.0,-72.0
1777890066.8193324,7.0,-2.0,-73.0
1777890066.8293324,8.0,-2.0,-69.0
1777890066.8393323,10.0,-1.0,-76.0
1777890066.8493323,7.0,-4.0,-78.0
1777890066.8593323,5.0,-6.0,-78.0
1777890066.8693323,4.0,-6.0,-79.0
1777890066.8793323,4.0,-6.0,-77.0
1777890066.8893323,5.0,-5.0,-81.0
1777890066.8993323,6.0,-4.0,-73.0
1777890066.9093325,7.0,-2.0,-75.0
1777890066.9193325,3.0,1.0,-71.0
1777890066.9293325,1.0,2.0,-67.0
1777890066.9393325,2.0,-2.0,-65.0
1777890066.9493325,4.0,-4.0,-65.0
1777890066.9593325,4.0,-1.0,-68.0
1777890066.9693325,5.0,-3.0,-63.0
1777890066.9793324,7.0,0.0,-61.0
1777890066.9893324,4.0,0.0,-57.0
1777890066.9993324,0.0,0.0,-61.0
1777890067.0093324,2.0,3.0,-59.0
1777890067.0193324,1.0,5.0,-59.0
1777890067.0293324,0.0,0.0,-63.0
1777890067.0393324,0.0,0.0,-65.0
1777890067.0493324,0.0,0.0,-75.0
1777890067.0593324,2.0,-1.0,-79.0
1777890067.0693324,-1.0,2.0,-78.0
1777890067.0793324,0.0,3.0,-72.0
1777890067.0893323,0.0,1.0,-67.0
1777890067.0993323,0.0,-1.0,-63.0
1777890067.1093323,6.0,0.0,-58.0
1777890067.1193323,7.0,1.0,-57.0
1777890067.1293323,4.0,0.0,-56.0
1777890067.1393323,2.0,1.0,-62.0
1777890067.1493323,0.0,-2.0,-68.0
1777890067.1593325,0.0,-4.0,-67.0
1777890067.1693325,0.0,-2.0,-65.0
1777890067.1793325,2.0,0.0,-69.0
1777890067.1893325,4.0,-5.0,-78.0
1777890067.1993325,2.0,-8.0,-89.0
1777890067.2093325,0.0,-11.0,-90.0
1777890067.2193325,0.0,-10.0,-84.0
1777890067.2293324,-1.0,-8.0,-84.0
1777890067.2393324,0.0,-3.0,-83.0
1777890067.2493324,1.0,-6.0,-76.0
1777890067.2593324,2.0,-6.0,-77.0
1777890067.2693324,0.0,-4.0,-71.0
1777890067.2793324,2.0,-1.0,-69.0
1777890067.2893324,1.0,0.0,-69.0
1777890067.2993324,-2.0,1.0,-76.0
1777890067.3093324,-1.0,0.0,-80.0
1777890067.3193324,-2.0,0.0,-84.0
1777890067.3293324,-2.0,-2.0,-84.0
1777890067.3393323,0.0,-3.0,-84.0
1777890067.3493323,-3.0,-1.0,-87.0
1777890067.3593323,-3.0,-1.0,-86.0
1777890067.3693323,-5.0,-2.0,-84.0
1777890067.3793323,-4.0,-3.0,-81.0
1777890067.3893323,-8.0,-2.0,-81.0
1777890067.3993323,-4.0,0.0,-77.0
1777890067.4093325,-3.0,-1.0,-76.0
1777890067.4193325,-6.0,0.0,-75.0
1777890067.4293325,-5.0,-2.0,-83.0
1777890067.4393325,-6.0,-5.0,-80.0
1777890067.4493325,0.0,-4.0,-84.0
1777890067.4593325,1.0,-6.0,-84.0
1777890067.4693325,-1.0,-5.0,-78.0
1777890067.4793324,1.0,0.0,-80.0
1777890067.4893324,4.0,2.0,-80.0
1777890067.4993324,1.0,3.0,-80.0
1777890067.5093324,-3.0,4.0,-81.0
1777890067.5193324,-9.0,2.0,-80.0
1777890067.5293324,-4.0,4.0,-74.0
1777890067.5393324,0.0,4.0,-72.0
1777890067.5493324,-1.0,4.0,-71.0
1777890067.5593324,0.0,3.0,-72.0
1777890067.5693324,-4.0,-1.0,-74.0
1777890067.5793324,-4.0,-2.0,-76.0
1777890067.5893323,-2.0,0.0,-79.0
1777890067.5993323,-7.0,1.0,-80.0
1777890067.6093323,-4.0,2.0,-82.0
1777890067.6193323,-4.0,0.0,-79.0
1777890067.6293323,-4.0,-2.0,-80.0
1777890067.6393323,-3.0,1.0,-79.0
1777890067.6493323,-1.0,4.0,-80.0
1777890067.6593325,-5.0,0.0,-82.0
1777890067.6693325,-4.0,-1.0,-84.0
1777890067.6793325,-6.0,-2.0,-83.0
1777890067.6893325,-2.0,-3.0,-81.0
1777890067.6993325,-2.0,-5.0,-73.0
1777890067.7103324,-2.0,-6.0,-67.0
1777890067.7203324,-3.0,-4.0,-62.0
1777890067.7303324,-3.0,-1.0,-68.0
1777890067.7403324,-1.0,-3.0,-70.0
1777890067.7503324,-1.0,-2.0,-69.0
1777890067.7603323,-2.0,0.0,-66.0
1777890067.7703323,-6.0,-1.0,-68.0
1777890067.7803323,-3.0,0.0,-70.0
1777890067.7903323,-2.0,0.0,-68.0
1777890067.7993324,-4.0,1.0,-65.0
1777890067.8103323,-5.0,2.0,-67.0
1777890067.8203323,-8.0,2.0,-73.0
1777890067.8303325,-9.0,4.0,-72.0
1777890067.8403325,-6.0,6.0,-73.0
1777890067.8503325,-10.0,5.0,-74.0
1777890067.8603325,-8.0,6.0,-74.0
1777890067.8703325,-2.0,3.0,-76.0
1777890067.8803325,0.0,-2.0,-76.0
1777890067.8903325,0.0,-7.0,-70.0
1777890067.9003325,2.0,-7.0,-73.0
1777890067.9103324,3.0,-6.0,-77.0
1777890067.9203324,0.0,-7.0,-81.0
1777890067.9303324,0.0,-7.0,-78.0
1777890067.9403324,-1.0,-1.0,-72.0
1777890067.9503324,-3.0,-3.0,-71.0
1777890067.9603324,0.0,-2.0,-69.0
1777890067.9703324,1.0,-2.0,-65.0
1777890067.9803324,-3.0,0.0,-65.0
1777890067.9903324,0.0,-2.0,-68.0
1777890068.0003324,0.0,0.0,-69.0
1777890068.0103323,1.0,6.0,-68.0
1777890068.0203323,3.0,4.0,-73.0
1777890068.0303323,5.0,9.0,-75.0
1777890068.0403323,5.0,9.0,-73.0
1777890068.0503323,0.0,6.0,-72.0
1777890068.0603323,-2.0,3.0,-75.0
1777890068.0703323,-3.0,-2.0,-77.0
1777890068.0803325,2.0,-4.0,-73.0
1777890068.0903325,5.0,-4.0,-73.0
1777890068.1003325,6.0,-2.0,-77.0
1777890068.1103325,1.0,-3.0,-69.0
1777890068.1203325,-3.0,-5.0,-68.0
1777890068.1303325,-5.0,-5.0,-66.0
1777890068.1403325,-3.0,-3.0,-71.0
1777890068.1503325,-7.0,-4.0,-80.0
1777890068.1603324,-4.0,-5.0,-80.0
1777890068.1703324,-3.0,-3.0,-78.0
1777890068.1803324,-4.0,-6.0,-82.0
1777890068.1903324,0.0,-6.0,-78.0
1777890068.2003324,0.0,-4.0,-78.0
1777890068.2103324,2.0,-2.0,-74.0
1777890068.2203324,-3.0,0.0,-73.0
1777890068.2303324,-3.0,-4.0,-72.0
1777890068.2403324,-2.0,0.0,-71.0
1777890068.2503324,-2.0,-2.0,-77.0
1777890068.2603323,0.0,-4.0,-78.0
1777890068.2703323,4.0,-5.0,-79.0
1777890068.2803323,3.0,-4.0,-80.0
1777890068.2903323,1.0,-3.0,-81.0
1777890068.3003323,0.0,-3.0,-80.0
1777890068.3103323,0.0,1.0,-85.0
1777890068.3203323,4.0,4.0,-83.0
1777890068.3303325,6.0,2.0,-81.0
1777890068.3403325,3.0,0.0,-73.0
1777890068.3503325,-6.0,0.0,-77.0
1777890068.3603325,-6.0,0.0,-73.0
1777890068.3703325,-6.0,0.0,-68.0
1777890068.3803325,-5.0,0.0,-70.0
1777890068.3903325,-6.0,0.0,-69.0
1777890068.4003325,-5.0,-1.0,-74.0
1777890068.4103324,-4.0,2.0,-73.0
1777890068.4203324,-5.0,0.0,-73.0
1777890068.4303324,-6.0,-1.0,-71.0
1777890068.4403324,-2.0,4.0,-75.0
1777890068.4503324,0.0,0.0,-76.0
1777890068.4603324,0.0,0.0,-75.0
1777890068.4703324,1.0,-4.0,-70.0
1777890068.4803324,3.0,0.0,-60.0
1777890068.4903324,4.0,-1.0,-65.0
1777890068.5003324,5.0,-5.0,-63.0
1777890068.5103323,4.0,-6.0,-63.0
1777890068.5203323,0.0,-5.0,-60.0
1777890068.5303323,-2.0,-5.0,-62.0
1777890068.5403323,-2.0,-7.0,-66.0
1777890068.5503323,-5.0,-4.0,-67.0
1777890068.5603323,-4.0,-4.0,-68.0
1777890068.5703323,-2.0,-1.0,-69.0
1777890068.5803325,-2.0,0.0,-70.0
1777890068.5903325,-4.0,2.0,-67.0
1777890068.6003325,-5.0,7.0,-70.0
1777890068.6103325,-2.0,9.0,-70.0
1777890068.6203325,-4.0,10.0,-69.0
1777890068.6303325,-1.0,5.0,-74.0
1777890068.6403325,5.0,5.0,-77.0
1777890068.6503325,3.0,3.0,-80.0
1777890068.6603324,4.0,2.0,-78.0
1777890068.6703324,6.0,1.0,-78.0
1777890068.6803324,3.0,4.0,-90.0
1777890068.6903324,5.0,6.0,-89.0
1777890068.7003324,6.0,5.0,-82.0
1777890068.7103324,1.0,6.0,-84.0
1777890068.7203324,3.0,8.0,-83.0
1777890068.7303324,1.0,5.0,-82.0
1777890068.7403324,1.0,0.0,-79.0
1777890068.7503324,1.0,0.0,-80.0
1777890068.7603323,1.0,0.0,-78.0
1777890068.7703323,2.0,2.0,-78.0
1777890068.7803323,-1.0,5.0,-80.0
1777890068.7903323,0.0,4.0,-76.0
1777890068.8003323,2.0,1.0,-80.0
1777890068.8103323,-2.0,-5.0,-86.0
1777890068.8203323,1.0,-9.0,-83.0
1777890068.8303325,4.0,-5.0,-81.0
1777890068.8403325,3.0,-3.0,-80.0
1777890068.8503325,6.0,0.0,-83.0
1777890068.8603325,9.0,-2.0,-82.0
1777890068.8703325,10.0,1.0,-77.0
1777890068.8803325,10.0,1.0,-81.0
1777890068.8903325,7.0,0.0,-81.0
1777890068.9003325,10.0,-2.0,-77.0
1777890068.9103324,9.0,-5.0,-69.0
1777890068.9203324,7.0,-5.0,-70.0
1777890068.9303324,7.0,-4.0,-68.0
1777890068.9403324,6.0,-5.0,-72.0
1777890068.9503324,1.0,-5.0,-78.0
1777890068.9603324,1.0,-3.0,-78.0
1777890068.9703324,-1.0,-3.0,-76.0
1777890068.9803324,0.0,-3.0,-72.0
1777890068.9903324,3.0,1.0,-70.0
1777890069.0003324,2.0,4.0,-77.0
1777890069.0103323,4.0,4.0,-80.0
1777890069.0203323,9.0,-2.0,-76.0
1777890069.0303323,11.0,-4.0,-78.0
1777890069.0403323,9.0,-7.0,-75.0
1777890069.0503323,8.0,-1.0,-73.0
1777890069.0603323,5.0,-1.0,-69.0
1777890069.0703323,4.0,0.0,-69.0
1777890069.0803325,5.0,0.0,-71.0
1777890069.0903325,3.0,0.0,-78.0
1777890069.1003325,0.0,-4.0,-80.0
1777890069.1103325,0.0,0.0,-77.0
1777890069.1203325,0.0,-1.0,-80.0
1777890069.1303325,-3.0,0.0,-80.0
1777890069.1403325,-5.0,1.0,-84.0
1777890069.1503325,-7.0,2.0,-76.0
1777890069.1603324,-3.0,0.0,-79.0
1777890069.1703324,-2.0,1.0,-74.0
1777890069.1803324,0.0,1.0,-73.0
1777890069.1903324,3.0,6.0,-72.0
1777890069.2003324,3.0,3.0,-71.0
1777890069.2103324,6.0,3.0,-73.0
1777890069.2203324,4.0,4.0,-77.0
1777890069.2303324,6.0,4.0,-83.0
1777890069.2403324,4.0,1.0,-76.0
1777890069.2503324,6.0,2.0,-81.0
1777890069.2603323,2.0,4.0,-88.0
1777890069.2703323,1.0,3.0,-85.0
1777890069.2803323,3.0,7.0,-79.0
1777890069.2903323,4.0,8.0,-72.0
1777890069.3003323,4.0,5.0,-75.0
1777890069.3103323,3.0,2.0,-67.0
1777890069.3203323,6.0,0.0,-66.0
1777890069.3303325,10.0,-3.0,-67.0
1777890069.3403325,6.0,-4.0,-62.0
1777890069.3503325,4.0,-5.0,-57.0
1777890069.3603325,2.0,-7.0,-61.0
1777890069.3703325,0.0,-1.0,-62.0
1777890069.3803325,0.0,-3.0,-60.0
1777890069.3903325,2.0,-3.0,-60.0
1777890069.4003325,0.0,2.0,-64.0
1777890069.4103324,-2.0,-3.0,-73.0
1777890069.4203324,-1.0,0.0,-81.0
1777890069.4303324,-1.0,4.0,-79.0
1777890069.4403324,0.0,0.0,-81.0
1777890069.4503324,1.0,0.0,-77.0
1777890069.4603324,3.0,1.0,-70.0
1777890069.4703324,7.0,-1.0,-72.0
1777890069.4803324,7.0,0.0,-73.0
1777890069.4903324,2.0,3.0,-74.0
1777890069.5003324,0.0,0.0,-80.0
1777890069.5103323,-1.0,3.0,-86.0
1777890069.5203323,1.0,2.0,-78.0
1777890069.5303323,3.0,-1.0,-71.0
1777890069.5403323,6.0,-4.0,-65.0
1777890069.5503323,7.0,-5.0,-66.0
1777890069.5603323,5.0,-6.0,-67.0
1777890069.5703323,9.0,-5.0,-67.0
1777890069.5803325,5.0,-2.0,-73.0
1777890069.5903325,3.0,-1.0,-70.0
1777890069.6003325,4.0,1.0,-71.0
1777890069.6103325,8.0,0.0,-74.0
1777890069.6203325,6.0,0.0,-70.0
1777890069.6303325,6.0,0.0,-65.0
1777890069.6403325,8.0,0.0,-62.0
1777890069.6513324,8.0,0.0,-62.0
1777890069.6603324,4.0,-2.0,-63.0
1777890069.6713324,4.0,-5.0,-70.0
1777890069.6813323,3.0,-5.0,-79.0
1777890069.6903324,-4.0,-7.0,-78.0
1777890069.7013323,-4.0,-9.0,-76.0
1777890069.7113323,-6.0,-13.0,-74.0
1777890069.7213323,0.0,-9.0,-74.0
1777890069.7313323,-4.0,-10.0,-78.0
1777890069.7413323,-5.0,-7.0,-77.0
1777890069.7513323,-1.0,-9.0,-73.0
1777890069.7613325,0.0,-7.0,-73.0
1777890069.7713325,-3.0,-6.0,-71.0
1777890069.7813325,-5.0,-5.0,-71.0
1777890069.7913325,-4.0,-7.0,-68.0
1777890069.8013325,-3.0,-6.0,-67.0
1777890069.8113325,-5.0,-4.0,-66.0
1777890069.8213325,-2.0,1.0,-68.0
1777890069.8313324,-1.0,4.0,-67.0
1777890069.8413324,-1.0,4.0,-70.0
1777890069.8513324,3.0,3.0,-75.0
1777890069.8613324,2.0,6.0,-81.0
1777890069.8713324,-1.0,4.0,-78.0
1777890069.8813324,-1.0,5.0,-80.0
1777890069.8913324,-5.0,2.0,-76.0
1777890069.9013324,-7.0,3.0,-77.0
1777890069.9113324,-1.0,0.0,-77.0
1777890069.9213324,-1.0,-3.0,-79.0
1777890069.9313323,0.0,0.0,-80.0
1777890069.9413323,-1.0,0.0,-84.0
1777890069.9513323,0.0,-5.0,-87.0
1777890069.9613323,2.0,-8.0,-92.0
1777890069.9713323,1.0,-8.0,-88.0
1777890069.9813323,0.0,-8.0,-82.0
1777890069.9913323,-5.0,-7.0,-78.0
1777890070.0013323,-4.0,-6.0,-73.0
1777890070.0113325,-1.0,-7.0,-63.0
1777890070.0213325,0.0,-2.0,-68.0
1777890070.0313325,-1.0,1.0,-68.0
1777890070.0413325,-2.0,-1.0,-73.0
1777890070.0513325,-1.0,0.0,-71.0
1777890070.0613325,1.0,1.0,-71.0
1777890070.0713325,0.0,3.0,-79.0
1777890070.0813324,0.0,1.0,-88.0
1777890070.0913324,0.0,1.0,-82.0
1777890070.1013324,-4.0,1.0,-71.0
1777890070.1113324,-3.0,4.0,-64.0
1777890070.1213324,-1.0,6.0,-64.0
1777890070.1313324,-1.0,9.0,-64.0
1777890070.1413324,-5.0,6.0,-66.0
1777890070.1513324,-5.0,3.0,-71.0
1777890070.1613324,-4.0,0.0,-69.0
1777890070.1713324,-5.0,0.0,-65.0
1777890070.1813323,-7.0,-1.0,-65.0
1777890070.1913323,-2.0,0.0,-58.0
1777890070.2013323,3.0,0.0,-59.0
1777890070.2113323,4.0,-2.0,-66.0
1777890070.2213323,0.0,-4.0,-64.0
1777890070.2313323,2.0,-2.0,-69.0
1777890070.2413323,4.0,-3.0,-65.0
1777890070.2513323,8.0,0.0,-66.0
1777890070.2613325,6.0,0.0,-69.0
1777890070.2713325,3.0,0.0,-74.0
1777890070.2813325,1.0,-1.0,-70.0
1777890070.2913325,-2.0,-2.0,-69.0
1777890070.3013325,0.0,0.0,-71.0
1777890070.3113325,-1.0,0.0,-76.0
1777890070.3213325,-5.0,0.0,-76.0
1777890070.3313324,-1.0,-2.0,-76.0
1777890070.3413324,-6.0,-4.0,-67.0
1777890070.3513324,-7.0,-5.0,-64.0
1777890070.3613324,-6.0,-3.0,-67.0
1777890070.3713324,-4.0,-4.0,-66.0
1777890070.3813324,-3.0,-4.0,-65.0
1777890070.3913324,-2.0,-7.0,-69.0
1777890070.4013324,-3.0,-8.0,-69.0
1777890070.4113324,2.0,-6.0,-70.0
1777890070.4213324,4.0,-3.0,-72.0
1777890070.4313323,0.0,0.0,-79.0
1777890070.4413323,1.0,3.0,-74.0
1777890070.4513323,1.0,0.0,-73.0
1777890070.4613323,3.0,3.0,-76.0
1777890070.4713323,-1.0,9.0,-70.0
1777890070.4813323,-1.0,6.0,-66.0
1777890070.4913323,2.0,3.0,-70.0
1777890070.5013323,1.0,1.0,-65.0
1777890070.5113325,-3.0,4.0,-66.0
1777890070.5213325,-7.0,2.0,-63.0
1777890070.5313325,-6.0,2.0,-65.0
1777890070.5413325,0.0,1.0,-69.0
1777890070.5513325,0.0,-1.0,-71.0
1777890070.5613325,0.0,-3.0,-71.0
1777890070.5713325,0.0,-1.0,-73.0
1777890070.5813324,0.0,0.0,-75.0
1777890070.5913324,-1.0,-1.0,-78.0
1777890070.6013324,-5.0,0.0,-85.0
1777890070.6113324,-2.0,1.0,-80.0
1777890070.6213324,-1.0,0.0,-81.0
1777890070.6313324,0.0,1.0,-83.0
1777890070.6413324,0.0,0.0,-79.0
1777890070.6513324,0.0,-5.0,-80.0
1777890070.6613324,-3.0,-8.0,-73.0
1777890070.6713324,-3.0,-10.0,-84.0
1777890070.6813323,-2.0,-8.0,-83.0
1777890070.6913323,1.0,-6.0,-79.0
1777890070.7013323,1.0,-8.0,-77.0
1777890070.7113323,-1.0,-6.0,-76.0
1777890070.7213323,0.0,-8.0,-76.0
1777890070.7313323,1.0,-4.0,-77.0
1777890070.7413323,4.0,-4.0,-73.0
1777890070.7513323,12.0,-3.0,-71.0
1777890070.7613325,11.0,-5.0,-72.0
1777890070.7713325,11.0,-10.0,-70.0
1777890070.7813325,10.0,-11.0,-72.0
1777890070.7913325,13.0,-11.0,-74.0
1777890070.8013325,13.0,-7.0,-75.0
1777890070.8113325,8.0,0.0,-76.0
1777890070.8213325,4.0,0.0,-69.0
1777890070.8313324,3.0,-2.0,-74.0
1777890070.8413324,3.0,-1.0,-77.0
1777890070.8513324,-1.0,0.0,-75.0
1777890070.8613324,0.0,0.0,-79.0
1777890070.8713324,7.0,0.0,-88.0
1777890070.8813324,8.0,0.0,-95.0
1777890070.8913324,9.0,-2.0,-87.0
1777890070.9013324,7.0,-1.0,-82.0
1777890070.9113324,7.0,2.0,-80.0
1777890070.9213324,7.0,2.0,-81.0
1777890070.9313323,5.0,3.0,-76.0
1777890070.9413323,9.0,1.0,-73.0
1777890070.9513323,9.0,1.0,-74.0
1777890070.9613323,6.0,1.0,-77.0
1777890070.9713323,7.0,3.0,-73.0
1777890070.9813323,3.0,3.0,-72.0
1777890070.9913323,-1.0,2.0,-68.0
1777890071.0013323,0.0,-1.0,-64.0
1777890071.0113325,3.0,0.0,-64.0
1777890071.0213325,4.0,2.0,-66.0
1777890071.0313325,3.0,1.0,-67.0
1777890071.0413325,5.0,0.0,-68.0
1777890071.0513325,0.0,-1.0,-65.0
1777890071.0613325,2.0,3.0,-67.0
1777890071.0713325,3.0,6.0,-67.0
1777890071.0813324,5.0,6.0,-70.0
1777890071.0913324,1.0,1.0,-74.0
1777890071.1013324,1.0,2.0,-79.0
1777890071.1113324,0.0,-1.0,-82.0
1777890071.1213324,-6.0,-9.0,-78.0
1777890071.1313324,-6.0,-7.0,-77.0
1777890071.1413324,-7.0,-7.0,-80.0
1777890071.1513324,-4.0,-5.0,-85.0
1777890071.1613324,1.0,-1.0,-83.0
1777890071.1713324,3.0,0.0,-82.0
1777890071.1813323,-1.0,0.0,-78.0
1777890071.1913323,0.0,1.0,-78.0
1777890071.2013323,2.0,-1.0,-80.0
1777890071.2113323,5.0,-3.0,-85.0
1777890071.2213323,0.0,-5.0,-89.0
1777890071.2313323,1.0,-9.0,-88.0
1777890071.2413323,1.0,-4.0,-85.0
1777890071.2513323,1.0,-4.0,-87.0
1777890071.2613325,3.0,-4.0,-80.0
1777890071.2713325,1.0,-6.0,-77.0
1777890071.2813325,-2.0,-7.0,-73.0
1777890071.2913325,3.0,-7.0,-78.0
1777890071.3013325,6.0,-9.0,-75.0
1777890071.3113325,1.0,-12.0,-71.0
1777890071.3213325,1.0,-9.0,-75.0
1777890071.3313324,1.0,-9.0,-73.0
1777890071.3413324,0.0,-6.0,-69.0
1777890071.3513324,3.0,-3.0,-66.0
1777890071.3613324,0.0,-2.0,-70.0
1777890071.3713324,1.0,-3.0,-68.0
1777890071.3813324,5.0,-4.0,-60.0
1777890071.3913324,6.0,-5.0,-67.0
1777890071.4013324,2.0,0.0,-68.0
1777890071.4113324,5.0,0.0,-70.0
1777890071.4213324,-1.0,0.0,-71.0
1777890071.4313323,-3.0,1.0,-76.0
1777890071.4413323,0.0,0.0,-80.0
1777890071.4513323,-1.0,2.0,-73.0
1777890071.4613323,-2.0,3.0,-75.0
1777890071.4713323,-4.0,6.0,-76.0
1777890071.4813323,-4.0,6.0,-75.0
1777890071.4913323,-2.0,0.0,-77.0
1777890071.5013323,-1.0,1.0,-81.0
1777890071.5113325,0.0,2.0,-83.0
1777890071.5213325,-1.0,1.0,-86.0
1777890071.5313325,-3.0,4.0,-78.0
1777890071.5413325,-5.0,4.0,-78.0
1777890071.5513325,-3.0,6.0,-83.0
1777890071.5613325,-5.0,5.0,-83.0
1777890071.5713325,2.0,10.0,-76.0
1777890071.5813324,2.0,8.0,-74.0
1777890071.5913324,2.0,5.0,-78.0
1777890071.6013324,5.0,2.0,-74.0
1777890071.6113324,8.0,-1.0,-73.0
1777890071.6223323,8.0,3.0,-72.0
1777890071.6323323,7.0,3.0,-75.0
1777890071.6413324,4.0,7.0,-78.0
1777890071.6513324,3.0,4.0,-85.0
1777890071.6623323,4.0,3.0,-89.0
1777890071.6723323,1.0,3.0,-85.0
1777890071.6823325,2.0,6.0,-82.0
1777890071.6923325,1.0,7.0,-82.0
1777890071.7023325,1.0,4.0,-77.0
1777890071.7123325,2.0,3.0,-77.0
1777890071.7223325,5.0,3.0,-79.0
1777890071.7323325,1.0,1.0,-74.0
1777890071.7423325,0.0,-3.0,-80.0
1777890071.7523324,0.0,-3.0,-77.0
1777890071.7623324,-1.0,-2.0,-79.0
1777890071.7723324,0.0,1.0,-81.0
1777890071.7823324,-4.0,2.0,-78.0
1777890071.7923324,-3.0,0.0,-74.0
1777890071.8023324,1.0,0.0,-68.0
1777890071.8123324,3.0,1.0,-70.0
1777890071.8223324,0.0,3.0,-75.0
1777890071.8323324,-6.0,2.0,-69.0
1777890071.8423324,-6.0,1.0,-65.0
1777890071.8523324,0.0,2.0,-63.0
1777890071.8623323,6.0,4.0,-70.0
1777890071.8723323,4.0,0.0,-72.0
1777890071.8823323,6.0,-1.0,-72.0
1777890071.8923323,3.0,2.0,-73.0
1777890071.9023323,0.0,3.0,-73.0
1777890071.9123323,4.0,5.0,-76.0
1777890071.9223323,5.0,3.0,-82.0
1777890071.9323325,9.0,6.0,-76.0
1777890071.9423325,12.0,6.0,-73.0
1777890071.9523325,11.0,2.0,-70.0
1777890071.9623325,6.0,0.0,-67.0
1777890071.9723325,0.0,0.0,-71.0
1777890071.9823325,1.0,0.0,-75.0
1777890071.9923325,2.0,-3.0,-76.0
1777890072.0023324,3.0,-4.0,-80.0
1777890072.0123324,4.0,-2.0,-84.0
1777890072.0223324,4.0,0.0,-92.0
1777890072.0323324,5.0,0.0,-81.0
1777890072.0423324,2.0,0.0,-76.0
1777890072.0523324,1.0,3.0,-71.0
1777890072.0623324,3.0,2.0,-68.0
1777890072.0723324,0.0,-3.0,-72.0
1777890072.0823324,-4.0,-6.0,-69.0
1777890072.0923324,-6.0,-4.0,-76.0
1777890072.1023324,-3.0,-2.0,-76.0
1777890072.1123323,-2.0,-2.0,-78.0
1777890072.1223323,-4.0,-3.0,-71.0
1777890072.1323323,-5.0,-7.0,-76.0
1777890072.1423323,2.0,-8.0,-69.0
1777890072.1523323,2.0,-6.0,-71.0
1777890072.1623323,4.0,-3.0,-71.0
1777890072.1723323,11.0,-2.0,-70.0
1777890072.1823325,8.0,0.0,-76.0
1777890072.1923325,7.0,-2.0,-75.0
1777890072.2023325,4.0,0.0,-72.0
1777890072.2123325,4.0,-3.0,-73.0
1777890072.2223325,3.0,-3.0,-69.0
1777890072.2323325,6.0,-1.0,-71.0
1777890072.2423325,7.0,0.0,-74.0
1777890072.2523324,6.0,0.0,-70.0
1777890072.2623324,6.0,0.0,-69.0
1777890072.2723324,8.0,-1.0,-67.0
1777890072.2823324,6.0,0.0,-66.0
1777890072.2923324,5.0,-2.0,-71.0
1777890072.3023324,1.0,-3.0,-69.0
1777890072.3123324,2.0,0.0,-68.0
1777890072.3223324,0.0,-3.0,-77.0
1777890072.3323324,-4.0,-5.0,-75.0
1777890072.3423324,-3.0,-5.0,-70.0
1777890072.3523324,-4.0,-3.0,-72.0
1777890072.3623323,-1.0,0.0,-74.0
1777890072.3723323,2.0,-5.0,-72.0
1777890072.3823323,-2.0,-7.0,-69.0
1777890072.3923323,0.0,-5.0,-73.0
1777890072.4023323,0.0,2.0,-70.0
1777890072.4123323,3.0,6.0,-63.0
1777890072.4223323,6.0,2.0,-62.0
1777890072.4323325,7.0,2.0,-66.0
1777890072.4423325,7.0,-3.0,-71.0
1777890072.4523325,10.0,-5.0,-75.0
1777890072.4623325,12.0,-7.0,-75.0
1777890072.4723325,6.0,-3.0,-72.0
1777890072.4823325,5.0,1.0,-71.0
1777890072.4923325,7.0,-3.0,-77.0
1777890072.5023324,4.0,0.0,-71.0
1777890072.5123324,2.0,0.0,-75.0
1777890072.5223324,5.0,0.0,-75.0
1777890072.5323324,7.0,1.0,-80.0
1777890072.5423324,1.0,-1.0,-73.0
1777890072.5523324,-2.0,-1.0,-73.0
1777890072.5623324,-2.0,-1.0,-74.0
1777890072.5723324,-6.0,-1.0,-73.0
1777890072.5823324,-4.0,-2.0,-77.0
1777890072.5923324,-1.0,-1.0,-72.0
1777890072.6023324,-3.0,1.0,-68.0
1777890072.6123323,-5.0,0.0,-61.0
1777890072.6223323,-2.0,0.0,-68.0
1777890072.6323323,-2.0,0.0,-68.0
1777890072.6423323,-8.0,-5.0,-73.0
1777890072.6523323,-8.0,-2.0,-71.0
1777890072.6623323,-7.0,1.0,-75.0
1777890072.6723323,-3.0,4.0,-78.0
1777890072.6823325,0.0,2.0,-72.0
1777890072.6923325,2.0,2.0,-70.0
1777890072.7023325,0.0,-2.0,-74.0
1777890072.7123325,-1.0,-6.0,-71.0
1777890072.7223325,-1.0,-5.0,-78.0
1777890072.7323325,0.0,-5.0,-79.0
1777890072.7423325,-3.0,-5.0,-78.0
1777890072.7523324,-4.0,-3.0,-76.0
1777890072.7623324,-5.0,1.0,-75.0
1777890072.7723324,0.0,1.0,-75.0
1777890072.7823324,0.0,0.0,-69.0
1777890072.7923324,-1.0,2.0,-70.0
1777890072.8023324,2.0,-1.0,-71.0
1777890072.8123324,1.0,-4.0,-65.0
1777890072.8223324,4.0,-5.0,-67.0
1777890072.8323324,5.0,-3.0,-68.0
1777890072.8423324,2.0,-1.0,-66.0
1777890072.8523324,3.0,1.0,-70.0
1777890072.8623323,1.0,-1.0,-67.0
1777890072.8723323,1.0,-1.0,-70.0
1777890072.8823323,3.0,1.0,-74.0
1777890072.8923323,2.0,3.0,-72.0
1777890072.9023323,0.0,4.0,-77.0
1777890072.9123323,-2.0,0.0,-77.0
1777890072.9223323,2.0,0.0,-78.0
1777890072.9323325,2.0,3.0,-84.0
1777890072.9423325,-4.0,5.0,-81.0
1777890072.9523325,-3.0,2.0,-80.0
1777890072.9623325,-6.0,0.0,-81.0
1777890072.9723325,-4.0,-2.0,-84.0
1777890072.9823325,-5.0,-3.0,-86.0
1777890072.9923325,-3.0,-3.0,-83.0
1777890073.0023324,-4.0,0.0,-83.0
1777890073.0123324,-1.0,1.0,-85.0
1777890073.0223324,-1.0,0.0,-78.0
1777890073.0323324,-1.0,0.0,-81.0
1777890073.0423324,0.0,0.0,-79.0
1777890073.0523324,1.0,-5.0,-78.0
1777890073.0623324,4.0,-7.0,-80.0
1777890073.0723324,8.0,-2.0,-80.0
1777890073.0823324,10.0,-2.0,-74.0
1777890073.0923324,10.0,-5.0,-76.0
1777890073.1023324,10.0,-8.0,-80.0
1777890073.1123323,6.0,-9.0,-75.0
1777890073.1223323,9.0,-6.0,-73.0
1777890073.1323323,8.0,-6.0,-69.0
1777890073.1423323,4.0,-7.0,-65.0
1777890073.1523323,2.0,-11.0,-59.0
1777890073.1623323,2.0,-12.0,-60.0
1777890073.1723323,4.0,-15.0,-62.0
1777890073.1823325,4.0,-11.0,-69.0
1777890073.1923325,0.0,-9.0,-75.0
1777890073.2023325,0.0,-8.0,-69.0
1777890073.2123325,2.0,-7.0,-68.0
1777890073.2223325,4.0,-3.0,-66.0
1777890073.2323325,1.0,-3.0,-71.0
1777890073.2423325,-3.0,-5.0,-73.0
1777890073.2523324,-6.0,-7.0,-76.0
1777890073.2623324,-4.0,-5.0,-76.0
1777890073.2723324,-1.0,-2.0,-71.0
1777890073.2823324,0.0,-6.0,-65.0
1777890073.2923324,-1.0,-5.0,-64.0
1777890073.3023324,-4.0,-5.0,-66.0
1777890073.3123324,-5.0,0.0,-59.0
1777890073.3223324,-1.0,5.0,-56.0
1777890073.3323324,0.0,2.0,-63.0
1777890073.3423324,-1.0,2.0,-73.0
1777890073.3523324,-1.0,2.0,-73.0
1777890073.3623323,4.0,-1.0,-76.0
1777890073.3723323,2.0,-5.0,-80.0
1777890073.3823323,3.0,-1.0,-78.0
1777890073.3923323,9.0,-4.0,-76.0
1777890073.4023323,8.0,-7.0,-74.0
1777890073.4123323,9.0,-8.0,-73.0
1777890073.4223323,9.0,-6.0,-73.0
1777890073.4323325,8.0,-5.0,-75.0
1777890073.4423325,6.0,-2.0,-79.0
1777890073.4523325,5.0,-4.0,-87.0
1777890073.4623325,-1.0,-4.0,-80.0
1777890073.4723325,-1.0,-3.0,-76.0
1777890073.4823325,0.0,-8.0,-73.0
1777890073.4923325,-1.0,-8.0,-69.0
1777890073.5023324,-5.0,-6.0,-68.0
1777890073.5123324,-4.0,-3.0,-73.0
1777890073.5223324,-4.0,-1.0,-73.0
1777890073.5323324,0.0,0.0,-76.0
1777890073.5423324,3.0,2.0,-84.0
1777890073.5523324,2.0,0.0,-82.0
1777890073.5623324,0.0,-2.0,-86.0
1777890073.5723324,-2.0,-6.0,-82.0
1777890073.5823324,2.0,-9.0,-86.0
1777890073.5923324,4.0,-11.0,-87.0
1777890073.6023324,7.0,-7.0,-85.0
1777890073.6123323,9.0,-3.0,-80.0
1777890073.6223323,10.0,-3.0,-78.0
1777890073.6323323,12.0,0.0,-71.0
1777890073.6433325,7.0,0.0,-69.0
1777890073.6533325,0.0,3.0,-70.0
1777890073.6633325,3.0,3.0,-68.0
1777890073.6733325,4.0,2.0,-75.0
1777890073.6833324,0.0,-2.0,-82.0
1777890073.6933324,0.0,-4.0,-77.0
1777890073.7033324,0.0,-1.0,-73.0
1777890073.7133324,0.0,-3.0,-75.0
1777890073.7233324,3.0,-2.0,-77.0
1777890073.7333324,5.0,-1.0,-75.0
1777890073.7433324,1.0,-8.0,-77.0
1777890073.7533324,2.0,-7.0,-79.0
1777890073.7633324,1.0,-7.0,-73.0
1777890073.7733324,1.0,-6.0,-81.0
1777890073.7833323,0.0,-3.0,-81.0
1777890073.7933323,-1.0,-7.0,-82.0
1777890073.8033323,-5.0,-7.0,-76.0
1777890073.8133323,-3.0,-7.0,-81.0
1777890073.8233323,-4.0,-6.0,-76.0
1777890073.8333323,-4.0,0.0,-75.0
1777890073.8433323,-2.0,0.0,-74.0
1777890073.8533323,0.0,-4.0,-74.0
1777890073.8633325,1.0,-3.0,-80.0
1777890073.8733325,2.0,-4.0,-78.0
1777890073.8833325,0.0,-5.0,-81.0
1777890073.8933325,1.0,-4.0,-76.0
1777890073.9033325,2.0,-1.0,-70.0
1777890073.9133325,0.0,0.0,-71.0
1777890073.9233325,1.0,-3.0,-74.0
1777890073.9333324,-2.0,-3.0,-76.0
1777890073.9433324,3.0,-3.0,-77.0
1777890073.9533324,4.0,0.0,-80.0
1777890073.9633324,2.0,0.0,-83.0
1777890073.9733324,2.0,0.0,-79.0
1777890073.9833324,1.0,-3.0,-80.0
1777890073.9933324,4.0,-4.0,-74.0
1777890074.0033324,0.0,-5.0,-76.0
1777890074.0133324,2.0,-4.0,-83.0
1777890074.0233324,3.0,-1.0,-79.0
1777890074.0333323,3.0,-1.0,-75.0
1777890074.0433323,7.0,2.0,-79.0
1777890074.0533323,2.0,0.0,-81.0
1777890074.0633323,3.0,-1.0,-80.0
1777890074.0733323,-1.0,2.0,-75.0
1777890074.0833323,-4.0,0.0,-81.0
1777890074.0933323,-3.0,0.0,-83.0
1777890074.1033323,-4.0,-2.0,-81.0
1777890074.1133325,-2.0,-3.0,-79.0
1777890074.1233325,-1.0,-3.0,-77.0
1777890074.1333325,0.0,-4.0,-76.0
1777890074.1433325,4.0,-4.0,-77.0
1777890074.1533325,3.0,-2.0,-75.0
1777890074.1633325,0.0,1.0,-75.0
1777890074.1733325,2.0,-1.0,-77.0
1777890074.1833324,3.0,0.0,-71.0
1777890074.1933324,-3.0,-3.0,-69.0
1777890074.2033324,-5.0,-1.0,-73.0
1777890074.2133324,-6.0,-1.0,-69.0
1777890074.2233324,-6.0,-1.0,-72.0
1777890074.2333324,-7.0,-2.0,-68.0
1777890074.2433324,-8.0,-3.0,-70.0
1777890074.2533324,-1.0,0.0,-68.0
1777890074.2633324,0.0,-1.0,-69.0
1777890074.2733324,-1.0,-5.0,-69.0
1777890074.2833323,0.0,-4.0,-71.0
1777890074.2933323,2.0,-2.0,-69.0
1777890074.3033323,-1.0,0.0,-72.0
1777890074.3133323,1.0,0.0,-77.0
1777890074.3233323,4.0,1.0,-72.0
1777890074.3333323,6.0,2.0,-69.0
1777890074.3433323,7.0,0.0,-70.0
1777890074.3533323,9.0,1.0,-65.0
1777890074.3633325,9.0,-2.0,-57.0
1777890074.3733325,8.0,-4.0,-61.0
1777890074.3833325,9.0,-3.0,-59.0
1777890074.3933325,4.0,-4.0,-61.0
1777890074.4033325,0.0,-1.0,-61.0
1777890074.4133325,2.0,-2.0,-69.0
1777890074.4233325,3.0,-4.0,-73.0
1777890074.4333324,4.0,0.0,-73.0
1777890074.4433324,0.0,5.0,-77.0
1777890074.4533324,0.0,0.0,-78.0
1777890074.4633324,4.0,-1.0,-84.0
1777890074.4733324,1.0,-1.0,-85.0
1777890074.4833324,0.0,-3.0,-81.0
1777890074.4933324,-3.0,-2.0,-79.0
1777890074.5033324,-2.0,-1.0,-83.0
1777890074.5133324,-3.0,0.0,-86.0
1777890074.5233324,-2.0,2.0,-86.0
1777890074.5333323,-3.0,2.0,-80.0
1777890074.5433323,-3.0,3.0,-77.0
1777890074.5533323,-7.0,0.0,-80.0
1777890074.5633323,0.0,0.0,-87.0
1777890074.5733323,0.0,0.0,-91.0
1777890074.5833323,-1.0,-2.0,-91.0
1777890074.5933323,2.0,0.0,-83.0
1777890074.6033323,5.0,0.0,-75.0
1777890074.6133325,4.0,0.0,-76.0
1777890074.6233325,3.0,1.0,-76.0
1777890074.6333325,3.0,2.0,-76.0
1777890074.6433325,4.0,3.0,-79.0
1777890074.6533325,4.0,-1.0,-78.0
1777890074.6633325,1.0,-4.0,-82.0
1777890074.6733325,2.0,1.0,-79.0
1777890074.6833324,3.0,1.0,-78.0
1777890074.6933324,5.0,-2.0,-75.0
1777890074.7033324,4.0,1.0,-71.0
1777890074.7133324,3.0,3.0,-67.0
1777890074.7233324,1.0,-1.0,-64.0
1777890074.7333324,5.0,-1.0,-68.0
1777890074.7433324,1.0,1.0,-71.0
1777890074.7533324,-2.0,0.0,-75.0
1777890074.7633324,2.0,-2.0,-76.0
1777890074.7733324,1.0,-2.0,-71.0
1777890074.7833323,4.0,-1.0,-71.0
1777890074.7933323,7.0,-4.0,-78.0
1777890074.8033323,7.0,-6.0,-78.0
1777890074.8133323,7.0,-5.0,-75.0
1777890074.8233323,8.0,-5.0,-76.0
1777890074.8333323,12.0,-5.0,-78.0
1777890074.8433323,9.0,-2.0,-77.0
1777890074.8533323,4.0,0.0,-79.0
1777890074.8633325,6.0,1.0,-73.0
1777890074.8733325,8.0,1.0,-65.0
1777890074.8833325,5.0,3.0,-60.0
1777890074.8933325,3.0,3.0,-64.0
1777890074.9033325,9.0,0.0,-69.0
1777890074.9133325,10.0,-2.0,-67.0
1777890074.9233325,2.0,3.0,-70.0
1777890074.9333324,0.0,2.0,-73.0
1777890074.9433324,-1.0,-1.0,-74.0
1777890074.9533324,-3.0,1.0,-73.0
1777890074.9633324,-1.0,1.0,-67.0
1777890074.9733324,0.0,0.0,-74.0
1777890074.9833324,-3.0,0.0,-76.0
1777890074.9933324,-3.0,-3.0,-80.0
1777890075.0033324,-3.0,-4.0,-81.0
1777890075.0133324,0.0,-7.0,-75.0
1777890075.0233324,0.0,-1.0,-78.0
1777890075.0333323,-1.0,-1.0,-75.0
1777890075.0433323,2.0,0.0,-75.0
1777890075.0533323,4.0,1.0,-71.0
1777890075.0633323,5.0,0.0,-69.0
1777890075.0733323,5.0,0.0,-71.0
1777890075.0833323,5.0,0.0,-69.0
1777890075.0933323,6.0,4.0,-66.0
1777890075.1033323,3.0,2.0,-71.0
1777890075.1133325,5.0,0.0,-71.0
1777890075.1233325,2.0,-1.0,-66.0
1777890075.1333325,2.0,1.0,-68.0
1777890075.1433325,6.0,0.0,-67.0
1777890075.1533325,5.0,-1.0,-64.0
1777890075.1633325,6.0,-5.0,-64.0
1777890075.1733325,6.0,-4.0,-68.0
1777890075.1833324,0.0,-6.0,-68.0
1777890075.1933324,1.0,-3.0,-62.0
1777890075.2033324,3.0,-4.0,-66.0
1777890075.2133324,3.0,-4.0,-57.0
1777890075.2233324,0.0,-3.0,-57.0
1777890075.2333324,-1.0,-3.0,-62.0
1777890075.2433324,0.0,-1.0,-68.0
1777890075.2533324,0.0,-5.0,-77.0
1777890075.2643323,-2.0,-6.0,-80.0
1777890075.2733324,-2.0,-4.0,-79.0
1777890075.2833323,4.0,0.0,-75.0
1777890075.2933323,4.0,-1.0,-76.0
1777890075.3033323,4.0,-2.0,-79.0
1777890075.3133323,2.0,-2.0,-82.0
1777890075.3233323,0.0,1.0,-84.0
1777890075.3333323,5.0,0.0,-82.0
1777890075.3433323,5.0,0.0,-81.0
1777890075.3533323,2.0,0.0,-87.0
1777890075.3633325,2.0,0.0,-80.0
1777890075.3733325,1.0,0.0,-77.0
1777890075.3833325,0.0,-5.0,-77.0
1777890075.3933325,1.0,-4.0,-79.0
1777890075.4033325,3.0,-6.0,-82.0
1777890075.4133325,4.0,-11.0,-86.0
1777890075.4233325,6.0,-9.0,-85.0
1777890075.4333324,2.0,-10.0,-78.0
1777890075.4433324,0.0,-9.0,-78.0
1777890075.4533324,-3.0,-13.0,-78.0
1777890075.4633324,0.0,-6.0,-78.0
1777890075.4733324,-2.0,-6.0,-73.0
1777890075.4833324,-2.0,-6.0,-72.0
1777890075.4933324,-3.0,-7.0,-72.0
1777890075.5033324,-1.0,-5.0,-67.0
1777890075.5133324,-4.0,-3.0,-63.0
1777890075.5233324,-2.0,0.0,-55.0
1777890075.5333323,-5.0,0.0,-64.0
1777890075.5433323,-2.0,3.0,-72.0
1777890075.5533323,-4.0,3.0,-68.0
1777890075.5633323,0.0,-2.0,-65.0
1777890075.5733323,-4.0,-4.0,-63.0
1777890075.5833323,-1.0,-5.0,-62.0
1777890075.5933323,5.0,-6.0,-65.0
1777890075.6043324,8.0,-6.0,-71.0
1777890075.6143324,4.0,0.0,-72.0
1777890075.6243324,0.0,4.0,-73.0
1777890075.6343324,0.0,0.0,-66.0
1777890075.6443324,-1.0,-3.0,-71.0
1777890075.6543324,-3.0,-4.0,-72.0
1777890075.6643324,-2.0,-6.0,-69.0
1777890075.6743324,0.0,-10.0,-68.0
1777890075.6843324,6.0,-9.0,-70.0
1777890075.6943324,7.0,-7.0,-67.0
1777890075.7043324,2.0,-5.0,-68.0
1777890075.7143323,2.0,-5.0,-71.0
1777890075.7243323,-1.0,0.0,-69.0
1777890075.7343323,0.0,1.0,-65.0
1777890075.7443323,0.0,-3.0,-65.0
1777890075.7543323,6.0,-8.0,-63.0
1777890075.7643323,7.0,-11.0,-55.0
1777890075.7743323,5.0,-7.0,-53.0
1777890075.7843325,0.0,-2.0,-59.0
1777890075.7943325,-2.0,0.0,-59.0
1777890075.8043325,0.0,5.0,-67.0
1777890075.8143325,0.0,9.0,-73.0
1777890075.8243325,1.0,6.0,-76.0
1777890075.8343325,2.0,4.0,-75.0
1777890075.8443325,3.0,5.0,-73.0
1777890075.8543324,8.0,6.0,-73.0
1777890075.8643324,8.0,5.0,-67.0
1777890075.8743324,6.0,2.0,-69.0
1777890075.8843324,8.0,2.0,-78.0
1777890075.8943324,9.0,-2.0,-71.0
1777890075.9043324,7.0,-1.0,-62.0
1777890075.9143324,5.0,-2.0,-62.0
1777890075.9243324,2.0,0.0,-63.0
1777890075.9343324,2.0,1.0,-62.0
1777890075.9443324,1.0,-1.0,-66.0
1777890075.9543324,0.0,0.0,-67.0
1777890075.9643323,1.0,0.0,-74.0
1777890075.9743323,1.0,-2.0,-72.0
1777890075.9843323,0.0,-4.0,-73.0
1777890075.9943323,-4.0,-7.0,-73.0
1777890076.0043323,-2.0,-5.0,-77.0
1777890076.0143323,0.0,-1.0,-80.0
1777890076.0243323,-3.0,2.0,-83.0
1777890076.0343325,0.0,0.0,-81.0
1777890076.0443325,-3.0,0.0,-81.0
1777890076.0543325,-4.0,0.0,-75.0
1777890076.0643325,-1.0,-2.0,-72.0
1777890076.0743325,-2.0,-1.0,-72.0
1777890076.0843325,-3.0,0.0,-77.0
1777890076.0943325,1.0,0.0,-77.0
1777890076.1043324,2.0,1.0,-76.0
1777890076.1143324,4.0,2.0,-78.0
1777890076.1243324,2.0,2.0,-82.0
1777890076.1343324,1.0,0.0,-80.0
1777890076.1443324,-1.0,1.0,-76.0
1777890076.1543324,-3.0,-1.0,-77.0
1777890076.1643324,-4.0,-5.0,-78.0
1777890076.1743324,-4.0,-3.0,-83.0
1777890076.1843324,-5.0,-2.0,-79.0
1777890076.1943324,-6.0,1.0,-75.0
1777890076.2043324,-4.0,1.0,-72.0
1777890076.2143323,-5.0,0.0,-62.0
1777890076.2243323,-6.0,-1.0,-56.0
1777890076.2343323,-4.0,-4.0,-60.0
1777890076.2443323,-2.0,-7.0,-65.0
1777890076.2543323,-5.0,-6.0,-65.0
1777890076.2643323,-8.0,-5.0,-69.0
1777890076.2743323,-6.0,-7.0,-70.0
1777890076.2843325,-5.0,-4.0,-72.0
1777890076.2943325,-3.0,-2.0,-75.0
1777890076.3043325,-1.0,-4.0,-82.0
1777890076.3143325,0.0,-6.0,-79.0
1777890076.3243325,0.0,-3.0,-79.0
1777890076.3343325,6.0,-7.0,-78.0
1777890076.3443325,5.0,-8.0,-77.0
1777890076.3543324,7.0,-7.0,-75.0
1777890076.3643324,7.0,-6.0,-71.0
1777890076.3743324,11.0,-7.0,-77.0
1777890076.3843324,9.0,-7.0,-76.0
1777890076.3943324,8.0,-5.0,-71.0
1777890076.4043324,6.0,-3.0,-69.0
1777890076.4143324,8.0,-1.0,-71.0
1777890076.4243324,7.0,-1.0,-76.0
1777890076.4343324,4.0,-2.0,-78.0
1777890076.4443324,4.0,-2.0,-78.0
1777890076.4543324,3.0,-3.0,-77.0
1777890076.4643323,11.0,-4.0,-73.0
1777890076.4743323,10.0,-7.0,-79.0
1777890076.4843323,3.0,-4.0,-76.0
1777890076.4943323,2.0,-5.0,-80.0
1777890076.5043323,-1.0,-1.0,-71.0
1777890076.5143323,0.0,3.0,-79.0
1777890076.5243323,-6.0,4.0,-80.0
1777890076.5343325,-6.0,-1.0,-75.0
1777890076.5443325,-1.0,-1.0,-78.0
1777890076.5543325,-3.0,1.0,-76.0
1777890076.5643325,-3.0,2.0,-72.0
1777890076.5743325,-1.0,0.0,-70.0
1777890076.5843325,-3.0,3.0,-70.0
1777890076.5943325,-4.0,-1.0,-67.0
1777890076.6043324,-5.0,-3.0,-73.0
1777890076.6143324,-1.0,-1.0,-83.0
1777890076.6243324,-1.0,0.0,-84.0
1777890076.6343324,0.0,0.0,-84.0
1777890076.6443324,1.0,0.0,-74.0
1777890076.6543324,0.0,0.0,-72.0
1777890076.6643324,6.0,1.0,-75.0
1777890076.6743324,6.0,-6.0,-74.0
1777890076.6843324,7.0,-8.0,-68.0
1777890076.6943324,2.0,-6.0,-64.0
1777890076.7043324,2.0,-3.0,-69.0
1777890076.7143323,0.0,-7.0,-77.0
1777890076.7243323,4.0,-6.0,-83.0
1777890076.7343323,1.0,-4.0,-80.0
1777890076.7443323,6.0,-4.0,-76.0
1777890076.7543323,3.0,-1.0,-78.0
1777890076.7643323,3.0,-3.0,-81.0
1777890076.7743323,2.0,-3.0,-73.0
1777890076.7843325,5.0,1.0,-77.0
1777890076.7943325,5.0,2.0,-77.0
1777890076.8043325,4.0,5.0,-78.0
1777890076.8143325,-1.0,3.0,-78.0
1777890076.8243325,0.0,0.0,-74.0
1777890076.8343325,1.0,3.0,-71.0
1777890076.8443325,4.0,1.0,-67.0
1777890076.8543324,1.0,0.0,-65.0
1777890076.8643324,-1.0,-2.0,-73.0
1777890076.8743324,0.0,-4.0,-76.0
1777890076.8843324,0.0,0.0,-78.0
1777890076.8943324,0.0,1.0,-78.0
1777890076.9043324,-5.0,0.0,-72.0
1777890076.9143324,-2.0,0.0,-69.0
1777890076.9243324,-2.0,-3.0,-68.0
1777890076.9343324,1.0,-1.0,-63.0
1777890076.9443324,2.0,-2.0,-60.0
1777890076.9543324,6.0,0.0,-64.0
1777890076.9643323,6.0,-3.0,-71.0
1777890076.9743323,0.0,-1.0,-76.0
1777890076.9843323,0.0,0.0,-78.0
1777890076.9943323,-2.0,0.0,-80.0
1777890077.0043323,-3.0,3.0,-79.0
1777890077.0143323,-2.0,0.0,-76.0
1777890077.0243323,-2.0,2.0,-77.0
1777890077.0343325,0.0,0.0,-68.0
1777890077.0443325,0.0,3.0,-63.0
1777890077.0543325,-1.0,2.0,-64.0
1777890077.0643325,-3.0,1.0,-65.0
1777890077.0743325,-4.0,2.0,-66.0
1777890077.0843325,-7.0,0.0,-67.0
1777890077.0943325,-4.0,3.0,-73.0
1777890077.1043324,1.0,7.0,-74.0
1777890077.1143324,-1.0,4.0,-80.0
1777890077.1243324,-1.0,6.0,-83.0
1777890077.1343324,0.0,4.0,-81.0
1777890077.1443324,4.0,0.0,-83.0
1777890077.1543324,0.0,0.0,-82.0
1777890077.1643324,-8.0,-2.0,-80.0
1777890077.1743324,-11.0,-4.0,-83.0
1777890077.1843324,-9.0,-4.0,-81.0
1777890077.1943324,-3.0,-3.0,-84.0
1777890077.2043324,0.0,-3.0,-83.0
1777890077.2143323,5.0,-7.0,-77.0
1777890077.2243323,3.0,-7.0,-80.0
1777890077.2343323,2.0,-6.0,-85.0
1777890077.2443323,1.0,-6.0,-87.0
1777890077.2543323,2.0,-8.0,-90.0
1777890077.2643323,7.0,-5.0,-94.0
1777890077.2743323,10.0,-5.0,-93.0
1777890077.2843325,10.0,-3.0,-90.0
1777890077.2943325,8.0,-4.0,-88.0
1777890077.3043325,6.0,-7.0,-83.0
1777890077.3143325,4.0,-11.0,-81.0
1777890077.3243325,3.0,-14.0,-82.0
1777890077.3343325,3.0,-10.0,-80.0
1777890077.3443325,6.0,-7.0,-76.0
1777890077.3543324,8.0,-8.0,-74.0
1777890077.3643324,8.0,-6.0,-78.0
1777890077.3743324,4.0,-3.0,-78.0
1777890077.3843324,6.0,0.0,-72.0
1777890077.3943324,3.0,-2.0,-79.0
1777890077.4043324,-4.0,-3.0,-75.0
1777890077.4143324,-3.0,-1.0,-71.0
1777890077.4243324,-3.0,-2.0,-70.0
1777890077.4343324,0.0,0.0,-75.0
1777890077.4443324,-3.0,0.0,-70.0
1777890077.4543324,-7.0,3.0,-65.0
1777890077.4643323,-5.0,2.0,-69.0
1777890077.4743323,-3.0,-2.0,-70.0
1777890077.4843323,-5.0,-4.0,-68.0
1777890077.4943323,-1.0,-1.0,-73.0
1777890077.5043323,-1.0,-3.0,-71.0
1777890077.5143323,0.0,0.0,-69.0
1777890077.5243323,0.0,-1.0,-69.0
1777890077.5343325,0.0,-1.0,-71.0
1777890077.5443325,0.0,-4.0,-75.0
1777890077.5553324,2.0,-4.0,-75.0
1777890077.5643325,2.0,-5.0,-74.0
1777890077.5743325,0.0,-4.0,-77.0
1777890077.5853324,6.0,-7.0,-79.0
1777890077.5943325,8.0,-6.0,-75.0
1777890077.6053324,10.0,-4.0,-73.0
1777890077.6143324,13.0,0.0,-74.0
1777890077.6253324,13.0,0.0,-76.0
1777890077.6353323,10.0,-3.0,-74.0
1777890077.6453323,10.0,-4.0,-74.0
1777890077.6553323,8.0,-2.0,-71.0
1777890077.6653323,3.0,-1.0,-73.0
1777890077.6753323,0.0,-3.0,-68.0
1777890077.6853323,-1.0,-1.0,-63.0
1777890077.6953323,-4.0,3.0,-64.0
1777890077.7053325,-1.0,3.0,-73.0
1777890077.7153325,0.0,4.0,-72.0
1777890077.7253325,1.0,4.0,-74.0
1777890077.7353325,1.0,3.0,-71.0
1777890077.7453325,0.0,1.0,-68.0
1777890077.7553325,2.0,-3.0,-74.0
1777890077.7653325,0.0,-2.0,-74.0
1777890077.7753325,-1.0,2.0,-77.0
1777890077.7853324,1.0,0.0,-75.0
1777890077.7953324,2.0,-4.0,-79.0
1777890077.8053324,4.0,-6.0,-77.0
1777890077.8153324,3.0,-2.0,-83.0
1777890077.8253324,7.0,-2.0,-78.0
1777890077.8353324,3.0,-4.0,-69.0
1777890077.8453324,4.0,0.0,-74.0
1777890077.8553324,6.0,-3.0,-70.0
1777890077.8653324,6.0,0.0,-68.0
1777890077.8753324,4.0,0.0,-68.0
1777890077.8853323,6.0,-7.0,-64.0
1777890077.8953323,2.0,-5.0,-63.0
1777890077.9053323,-2.0,-7.0,-68.0
1777890077.9153323,-6.0,-4.0,-71.0
1777890077.9253323,-9.0,-3.0,-74.0
1777890077.9353323,-8.0,-4.0,-76.0
1777890077.9453323,-9.0,-6.0,-78.0
1777890077.9553325,-11.0,-5.0,-77.0
1777890077.9653325,-5.0,-3.0,-84.0
1777890077.9753325,-8.0,-5.0,-81.0
1777890077.9853325,-4.0,-2.0,-83.0
1777890077.9953325,2.0,-3.0,-84.0
1777890078.0053325,1.0,-4.0,-78.0
1777890078.0153325,0.0,-3.0,-76.0
1777890078.0253325,0.0,1.0,-82.0
1777890078.0353324,0.0,0.0,-76.0
1777890078.0453324,0.0,2.0,-71.0
1777890078.0553324,0.0,-1.0,-72.0
1777890078.0653324,-1.0,-2.0,-78.0
1777890078.0753324,0.0,0.0,-83.0
1777890078.0853324,3.0,1.0,-82.0
1777890078.0953324,6.0,1.0,-79.0
1777890078.1053324,4.0,2.0,-88.0
1777890078.1153324,8.0,2.0,-89.0
1777890078.1253324,3.0,3.0,-88.0
1777890078.1353323,-1.0,0.0,-87.0
1777890078.1453323,-3.0,-2.0,-75.0
1777890078.1553323,-6.0,-2.0,-76.0
1777890078.1653323,-4.0,2.0,-71.0
1777890078.1753323,0.0,2.0,-73.0
1777890078.1853323,3.0,4.0,-70.0
1777890078.1953323,0.0,6.0,-66.0
1777890078.2053325,0.0,6.0,-69.0
1777890078.2153325,2.0,6.0,-68.0
1777890078.2253325,0.0,8.0,-65.0
1777890078.2353325,-3.0,4.0,-71.0
1777890078.2453325,-6.0,1.0,-70.0
1777890078.2553325,-6.0,-4.0,-66.0
1777890078.2653325,-7.0,-4.0,-72.0
1777890078.2753325,-6.0,-2.0,-74.0
1777890078.2853324,-5.0,-1.0,-77.0
1777890078.2953324,-2.0,0.0,-83.0
1777890078.3053324,0.0,-2.0,-85.0
1777890078.3153324,2.0,-4.0,-79.0
1777890078.3253324,4.0,-7.0,-71.0
1777890078.3353324,5.0,-6.0,-76.0
1777890078.3453324,2.0,-8.0,-75.0
1777890078.3553324,-2.0,-8.0,-82.0
1777890078.3653324,-3.0,-9.0,-84.0
1777890078.3753324,0.0,-9.0,-79.0
1777890078.3853323,10.0,-6.0,-78.0
1777890078.3953323,10.0,-7.0,-80.0
1777890078.4053323,4.0,-4.0,-77.0
1777890078.4153323,3.0,-1.0,-78.0
1777890078.4253323,0.0,-6.0,-76.0
1777890078.4353323,1.0,-5.0,-73.0
1777890078.4453323,-4.0,-3.0,-79.0
1777890078.4553325,0.0,-3.0,-80.0
1777890078.4653325,-2.0,-2.0,-78.0
1777890078.4753325,-1.0,-4.0,-72.0
1777890078.4853325,2.0,-4.0,-72.0
1777890078.4953325,0.0,-5.0,-72.0
1777890078.5053325,-2.0,-2.0,-79.0
1777890078.5153325,-1.0,-1.0,-79.0
1777890078.5253325,-3.0,0.0,-71.0
1777890078.5353324,-4.0,-1.0,-64.0
1777890078.5453324,-5.0,1.0,-67.0
1777890078.5553324,-1.0,-1.0,-67.0
1777890078.5653324,2.0,0.0,-65.0
1777890078.5753324,2.0,0.0,-65.0
1777890078.5853324,5.0,-1.0,-67.0
1777890078.5953324,5.0,-3.0,-69.0
1777890078.6053324,4.0,0.0,-69.0
1777890078.6153324,1.0,-2.0,-71.0
1777890078.6253324,-3.0,-4.0,-68.0
1777890078.6353323,-3.0,-1.0,-76.0
1777890078.6453323,-2.0,1.0,-72.0
1777890078.6553323,-1.0,1.0,-73.0
1777890078.6653323,-1.0,4.0,-74.0
1777890078.6753323,0.0,3.0,-74.0
1777890078.6853323,-2.0,3.0,-75.0
1777890078.6953323,-2.0,0.0,-85.0
1777890078.7053325,-3.0,-4.0,-82.0
1777890078.7153325,-1.0,-4.0,-84.0
1777890078.7253325,1.0,-3.0,-74.0
1777890078.7353325,3.0,-5.0,-76.0
1777890078.7453325,3.0,-1.0,-83.0
1777890078.7553325,0.0,-1.0,-88.0
1777890078.7653325,0.0,3.0,-83.0
1777890078.7753325,-3.0,0.0,-80.0
1777890078.7853324,-2.0,1.0,-75.0
1777890078.7953324,1.0,2.0,-68.0
1777890078.8053324,2.0,2.0,-76.0
1777890078.8153324,3.0,3.0,-75.0
1777890078.8253324,5.0,5.0,-74.0
1777890078.8353324,4.0,7.0,-83.0
1777890078.8453324,7.0,6.0,-87.0
1777890078.8553324,5.0,5.0,-84.0
1777890078.8653324,9.0,0.0,-82.0
1777890078.8753324,10.0,-2.0,-74.0
1777890078.8853323,11.0,-5.0,-77.0
1777890078.8953323,13.0,-6.0,-74.0
1777890078.9053323,13.0,-7.0,-76.0
1777890078.9153323,13.0,-8.0,-75.0
1777890078.9253323,9.0,-8.0,-71.0
1777890078.9353323,6.0,-11.0,-73.0
1777890078.9453323,5.0,-8.0,-82.0
1777890078.9553325,3.0,-7.0,-81.0
1777890078.9653325,2.0,-4.0,-80.0
1777890078.9753325,6.0,-6.0,-80.0
1777890078.9853325,6.0,-4.0,-77.0
1777890078.9953325,5.0,0.0,-75.0
1777890079.0053325,0.0,-2.0,-79.0
1777890079.0153325,-5.0,0.0,-86.0
1777890079.0253325,-3.0,0.0,-89.0
1777890079.0353324,0.0,0.0,-87.0
1777890079.0453324,1.0,1.0,-83.0
1777890079.0553324,0.0,1.0,-80.0
1777890079.0653324,0.0,0.0,-82.0
1777890079.0753324,-1.0,-1.0,-84.0
1777890079.0853324,-2.0,-2.0,-83.0
1777890079.0953324,-5.0,0.0,-81.0
1777890079.1053324,-9.0,0.0,-77.0
1777890079.1153324,-1.0,-4.0,-68.0
1777890079.1253324,1.0,-6.0,-70.0
1777890079.1353323,6.0,-5.0,-65.0
1777890079.1453323,5.0,-5.0,-67.0
1777890079.1553323,4.0,-2.0,-66.0
1777890079.1653323,2.0,-2.0,-65.0
1777890079.1753323,3.0,1.0,-72.0
1777890079.1853323,7.0,1.0,-71.0
1777890079.1953323,5.0,-3.0,-72.0
1777890079.2053325,5.0,-2.0,-78.0
1777890079.2153325,4.0,-3.0,-76.0
1777890079.2253325,1.0,-1.0,-75.0
1777890079.2353325,1.0,-1.0,-81.0
1777890079.2453325,-2.0,-2.0,-79.0
1777890079.2553325,1.0,-5.0,-78.0
1777890079.2653325,1.0,-7.0,-84.0
1777890079.2753325,0.0,-7.0,-80.0
1777890079.2853324,2.0,-4.0,-75.0
1777890079.2953324,1.0,-3.0,-80.0
1777890079.3053324,3.0,-2.0,-86.0
1777890079.3153324,0.0,-2.0,-83.0
1777890079.3253324,-1.0,2.0,-83.0
1777890079.3353324,-2.0,2.0,-80.0
1777890079.3453324,-4.0,0.0,-75.0
1777890079.3553324,0.0,0.0,-73.0
1777890079.3653324,-2.0,-4.0,-69.0
1777890079.3753324,-3.0,-7.0,-64.0
1777890079.3853323,-2.0,-10.0,-61.0
1777890079.3953323,0.0,-7.0,-64.0
1777890079.4053323,-2.0,-10.0,-69.0
1777890079.4153323,-7.0,-11.0,-68.0
1777890079.4253323,-3.0,-12.0,-62.0
1777890079.4353323,-1.0,-9.0,-57.0
1777890079.4453323,0.0,-16.0,-56.0
1777890079.4553325,0.0,-11.0,-57.0
1777890079.4653325,2.0,-6.0,-62.0
1777890079.4753325,-1.0,-4.0,-67.0
1777890079.4853325,0.0,-4.0,-68.0
1777890079.4953325,1.0,-1.0,-66.0
1777890079.5053325,-1.0,-3.0,-68.0
1777890079.5153325,4.0,-6.0,-70.0
1777890079.5253325,10.0,-4.0,-73.0
1777890079.5353324,10.0,-5.0,-83.0
1777890079.5453324,4.0,0.0,-78.0
1777890079.5553324,1.0,0.0,-85.0
1777890079.5663323,0.0,0.0,-85.0
1777890079.5763323,0.0,-3.0,-86.0
1777890079.5853324,4.0,-6.0,-86.0
1777890079.5953324,2.0,-5.0,-84.0
1777890079.6053324,4.0,-3.0,-79.0
1777890079.6163323,4.0,-5.0,-77.0
1777890079.6263323,8.0,-4.0,-70.0
1777890079.6363325,9.0,-3.0,-70.0
1777890079.6463325,6.0,-3.0,-70.0
1777890079.6563325,5.0,-2.0,-66.0
1777890079.6663325,4.0,1.0,-66.0
1777890079.6763325,8.0,1.0,-68.0
1777890079.6863325,9.0,1.0,-69.0
1777890079.6963325,5.0,0.0,-67.0
1777890079.7063324,3.0,-4.0,-65.0
1777890079.7163324,3.0,-3.0,-73.0
1777890079.7263324,6.0,0.0,-78.0
1777890079.7363324,1.0,-2.0,-78.0
1777890079.7463324,0.0,1.0,-78.0
1777890079.7563324,1.0,1.0,-82.0
1777890079.7663324,0.0,3.0,-86.0
1777890079.7763324,-2.0,5.0,-87.0
1777890079.7863324,-6.0,2.0,-82.0
1777890079.7963324,-6.0,-1.0,-81.0
1777890079.8063323,-7.0,-3.0,-77.0
1777890079.8163323,-6.0,0.0,-72.0
1777890079.8263323,-8.0,-3.0,-70.0
1777890079.8363323,-5.0,-4.0,-77.0
1777890079.8463323,-2.0,-4.0,-79.0
1777890079.8563323,0.0,-4.0,-74.0
1777890079.8663323,0.0,-1.0,-73.0
1777890079.8763323,0.0,0.0,-73.0
1777890079.8863325,-2.0,0.0,-75.0
1777890079.8963325,-1.0,0.0,-74.0
1777890079.9063325,2.0,3.0,-71.0
1777890079.9163325,-2.0,1.0,-74.0
1777890079.9263325,-3.0,0.0,-73.0
1777890079.9363325,0.0,2.0,-71.0
1777890079.9463325,-1.0,-1.0,-66.0
1777890079.9563324,-1.0,-1.0,-74.0
1777890079.9663324,0.0,0.0,-78.0
1777890079.9763324,-2.0,1.0,-77.0
1777890079.9863324,1.0,-3.0,-74.0
1777890079.9963324,0.0,0.0,-73.0
1777890080.0063324,-2.0,2.0,-73.0
1777890080.0163324,-3.0,2.0,-80.0
1777890080.0263324,3.0,-1.0,-82.0
1777890080.0363324,1.0,2.0,-80.0
1777890080.0463324,1.0,3.0,-77.0
1777890080.0563323,3.0,-3.0,-75.0
1777890080.0663323,5.0,0.0,-71.0
1777890080.0763323,4.0,2.0,-71.0
1777890080.0863323,4.0,-2.0,-74.0
1777890080.0963323,0.0,-2.0,-70.0
1777890080.1063323,-1.0,-3.0,-75.0
1777890080.1163323,-4.0,-3.0,-76.0
1777890080.1263323,-5.0,-1.0,-76.0
1777890080.1363325,0.0,-1.0,-78.0
1777890080.1463325,-1.0,-2.0,-76.0
1777890080.1563325,-4.0,-2.0,-78.0
1777890080.1663325,-1.0,0.0,-80.0
1777890080.1763325,1.0,2.0,-82.0
1777890080.1863325,0.0,1.0,-83.0
1777890080.1963325,2.0,-1.0,-80.0
1777890080.2063324,4.0,-2.0,-81.0
1777890080.2163324,4.0,0.0,-75.0
1777890080.2263324,6.0,1.0,-81.0
1777890080.2363324,3.0,0.0,-76.0
1777890080.2463324,1.0,3.0,-68.0
1777890080.2563324,-1.0,-1.0,-65.0
1777890080.2663324,0.0,-1.0,-67.0
1777890080.2763324,2.0,-3.0,-72.0
1777890080.2863324,5.0,-8.0,-76.0
1777890080.2963324,1.0,-10.0,-77.0
1777890080.3063323,0.0,-4.0,-73.0
1777890080.3163323,2.0,-5.0,-71.0
1777890080.3263323,1.0,-5.0,-69.0
1777890080.3363323,3.0,-5.0,-65.0
1777890080.3463323,2.0,-7.0,-63.0
1777890080.3563323,1.0,-9.0,-71.0
1777890080.3663323,2.0,-10.0,-76.0
1777890080.3763323,-1.0,-7.0,-76.0
1777890080.3863325,0.0,-3.0,-74.0
1777890080.3963325,1.0,-3.0,-70.0
1777890080.4063325,-2.0,-1.0,-68.0
1777890080.4163325,-1.0,-1.0,-70.0
1777890080.4263325,-3.0,-1.0,-70.0
1777890080.4363325,-5.0,0.0,-71.0
1777890080.4463325,-5.0,0.0,-74.0
1777890080.4563324,-5.0,1.0,-75.0
1777890080.4663324,-2.0,0.0,-78.0
1777890080.4763324,-3.0,-5.0,-79.0
1777890080.4863324,-2.0,0.0,-81.0
1777890080.4963324,-3.0,2.0,-85.0
1777890080.5063324,-3.0,2.0,-86.0
1777890080.5163324,-4.0,2.0,-88.0
1777890080.5263324,-3.0,1.0,-83.0
1777890080.5363324,-2.0,3.0,-77.0
1777890080.5463324,1.0,2.0,-80.0
1777890080.5563323,1.0,7.0,-83.0
1777890080.5663323,-2.0,8.0,-83.0
1777890080.5763323,-4.0,4.0,-84.0
1777890080.5863323,-4.0,0.0,-80.0
1777890080.5963323,-4.0,1.0,-81.0
1777890080.6063323,0.0,0.0,-81.0
1777890080.6163323,0.0,-2.0,-77.0
1777890080.6263323,0.0,-1.0,-72.0
1777890080.6363325,-2.0,-1.0,-71.0
1777890080.6463325,-4.0,-4.0,-75.0
1777890080.6563325,0.0,-4.0,-75.0
1777890080.6663325,3.0,-4.0,-73.0
1777890080.6763325,5.0,-7.0,-73.0
1777890080.6863325,3.0,-5.0,-75.0
1777890080.6963325,4.0,-2.0,-74.0
1777890080.7063324,-1.0,0.0,-74.0
1777890080.7163324,-2.0,1.0,-67.0
1777890080.7263324,0.0,0.0,-66.0
1777890080.7363324,-2.0,0.0,-72.0
1777890080.7463324,-3.0,-2.0,-67.0
1777890080.7563324,0.0,-3.0,-72.0
1777890080.7663324,1.0,-4.0,-75.0
1777890080.7763324,2.0,-5.0,-72.0
1777890080.7863324,4.0,-4.0,-73.0
1777890080.7963324,0.0,-6.0,-76.0
1777890080.8063323,-4.0,-7.0,-78.0
1777890080.8163323,0.0,-8.0,-74.0
1777890080.8263323,1.0,-4.0,-68.0
1777890080.8363323,1.0,0.0,-72.0
1777890080.8463323,0.0,1.0,-78.0
1777890080.8563323,0.0,2.0,-77.0
1777890080.8663323,0.0,0.0,-76.0
1777890080.8763323,0.0,-1.0,-76.0
1777890080.8863325,2.0,-3.0,-72.0
1777890080.8963325,11.0,-3.0,-73.0
1777890080.9063325,12.0,-8.0,-72.0
1777890080.9163325,8.0,-9.0,-68.0
1777890080.9263325,6.0,-9.0,-64.0
1777890080.9363325,9.0,-11.0,-69.0
1777890080.9463325,3.0,-5.0,-66.0
1777890080.9563324,3.0,-3.0,-65.0
1777890080.9663324,6.0,-5.0,-73.0
1777890080.9763324,6.0,-5.0,-75.0
1777890080.9863324,8.0,-5.0,-71.0
1777890080.9963324,2.0,-8.0,-73.0
1777890081.0063324,-2.0,-3.0,-69.0
1777890081.0163324,0.0,-1.0,-66.0
1777890081.0263324,0.0,-3.0,-67.0
1777890081.0363324,-7.0,0.0,-69.0
1777890081.0463324,-10.0,-1.0,-77.0
1777890081.0563323,-6.0,-2.0,-83.0
1777890081.0663323,-3.0,0.0,-83.0
1777890081.0763323,0.0,-3.0,-85.0
1777890081.0863323,-1.0,0.0,-92.0
1777890081.0963323,0.0,2.0,-78.0
1777890081.1063323,-1.0,1.0,-82.0
1777890081.1163323,-3.0,3.0,-89.0
1777890081.1263323,-2.0,4.0,-90.0
1777890081.1363325,2.0,1.0,-89.0
1777890081.1463325,5.0,-1.0,-80.0
1777890081.1563325,9.0,-4.0,-76.0
1777890081.1663325,10.0,-1.0,-78.0
1777890081.1763325,7.0,-1.0,-79.0
1777890081.1863325,6.0,0.0,-79.0
1777890081.1963325,2.0,0.0,-82.0
1777890081.2063324,1.0,1.0,-79.0
1777890081.2163324,2.0,0.0,-82.0
1777890081.2263324,0.0,0.0,-84.0
1777890081.2363324,-1.0,-2.0,-91.0
1777890081.2463324,3.0,-3.0,-84.0
1777890081.2563324,7.0,-4.0,-84.0
1777890081.2663324,4.0,-4.0,-78.0
1777890081.2763324,5.0,-5.0,-79.0
1777890081.2863324,4.0,-5.0,-75.0
1777890081.2963324,3.0,-4.0,-77.0
1777890081.3063323,3.0,-4.0,-77.0
1777890081.3163323,1.0,-7.0,-74.0
1777890081.3263323,0.0,-8.0,-73.0
1777890081.3363323,-4.0,-8.0,-72.0
1777890081.3463323,-2.0,-6.0,-71.0
1777890081.3563323,-2.0,-6.0,-69.0
1777890081.3663323,-2.0,-4.0,-71.0
1777890081.3763323,0.0,0.0,-67.0
1777890081.3863325,-1.0,0.0,-68.0
1777890081.3963325,0.0,-1.0,-70.0
1777890081.4063325,-2.0,2.0,-62.0
1777890081.4163325,0.0,0.0,-60.0
1777890081.4263325,0.0,2.0,-55.0
1777890081.4363325,0.0,2.0,-60.0
1777890081.4463325,-1.0,5.0,-64.0
1777890081.4563324,2.0,2.0,-62.0
1777890081.4663324,6.0,4.0,-68.0
1777890081.4763324,4.0,3.0,-68.0
1777890081.4863324,5.0,-2.0,-67.0
1777890081.4963324,4.0,-2.0,-64.0
1777890081.5063324,5.0,-3.0,-61.0
1777890081.5163324,4.0,-2.0,-71.0
1777890081.5263324,-1.0,0.0,-68.0
1777890081.5363324,-3.0,0.0,-66.0
1777890081.5463324,2.0,1.0,-70.0
1777890081.5573325,0.0,2.0,-71.0
1777890081.5673325,-1.0,-1.0,-76.0
1777890081.5773325,-2.0,-3.0,-72.0
1777890081.5873325,0.0,0.0,-75.0
1777890081.5963323,-4.0,0.0,-74.0
1777890081.6073325,0.0,1.0,-68.0
1777890081.6173325,-1.0,3.0,-64.0
1777890081.6273324,-1.0,2.0,-71.0
1777890081.6373324,0.0,4.0,-73.0
1777890081.6473324,0.0,5.0,-74.0
1777890081.6573324,0.0,7.0,-77.0
1777890081.6673324,2.0,5.0,-76.0
1777890081.6773324,5.0,3.0,-80.0
1777890081.6873324,7.0,2.0,-82.0
1777890081.6973324,6.0,-1.0,-84.0
1777890081.7073324,6.0,-5.0,-76.0
1777890081.7173324,3.0,-3.0,-79.0
1777890081.7273324,3.0,-3.0,-81.0
1777890081.7373323,3.0,-6.0,-81.0
1777890081.7473323,3.0,-7.0,-80.0
1777890081.7573323,8.0,-4.0,-78.0
1777890081.7673323,7.0,-1.0,-72.0
1777890081.7773323,2.0,1.0,-71.0
1777890081.7873323,-1.0,1.0,-72.0
1777890081.7973323,-1.0,-1.0,-74.0
1777890081.8073325,-1.0,-3.0,-74.0
1777890081.8173325,0.0,-4.0,-76.0
1777890081.8273325,2.0,-1.0,-74.0
1777890081.8373325,3.0,-1.0,-75.0
1777890081.8473325,0.0,-4.0,-75.0
1777890081.8573325,0.0,-5.0,-75.0
1777890081.8673325,-1.0,-4.0,-75.0
1777890081.8773324,-6.0,-2.0,-75.0
1777890081.8873324,-2.0,-4.0,-77.0
1777890081.8973324,-2.0,-1.0,-76.0
1777890081.9073324,-1.0,-1.0,-81.0
1777890081.9173324,0.0,0.0,-90.0
1777890081.9273324,3.0,0.0,-93.0
1777890081.9373324,2.0,-6.0,-90.0
1777890081.9473324,3.0,-4.0,-84.0
1777890081.9573324,2.0,-6.0,-80.0
1777890081.9673324,4.0,-7.0,-75.0
1777890081.9773324,8.0,-4.0,-79.0
1777890081.9873323,6.0,0.0,-79.0
1777890081.9973323,3.0,0.0,-73.0
1777890082.0073323,2.0,0.0,-71.0
1777890082.0173323,6.0,-1.0,-73.0
1777890082.0273323,7.0,-1.0,-74.0
1777890082.0373323,3.0,1.0,-81.0
1777890082.0473323,1.0,3.0,-87.0
1777890082.0573325,0.0,3.0,-87.0
1777890082.0673325,1.0,3.0,-81.0
1777890082.0773325,2.0,2.0,-77.0
1777890082.0873325,1.0,-1.0,-70.0
1777890082.0973325,-1.0,1.0,-70.0
1777890082.1073325,-4.0,0.0,-71.0
1777890082.1173325,1.0,-1.0,-72.0
1777890082.1273324,3.0,-2.0,-75.0
1777890082.1373324,3.0,-6.0,-78.0
1777890082.1473324,3.0,-5.0,-80.0
1777890082.1573324,6.0,-2.0,-66.0
1777890082.1673324,5.0,-2.0,-69.0
1777890082.1773324,6.0,-2.0,-75.0
1777890082.1873324,7.0,0.0,-81.0
1777890082.1973324,2.0,-1.0,-85.0
1777890082.2073324,1.0,-4.0,-85.0
1777890082.2173324,-3.0,-2.0,-71.0
1777890082.2273324,-3.0,-3.0,-71.0
1777890082.2373323,0.0,-4.0,-72.0
1777890082.2473323,0.0,-3.0,-68.0
1777890082.2573323,-2.0,1.0,-72.0
1777890082.2673323,-1.0,1.0,-76.0
1777890082.2773323,2.0,1.0,-74.0
1777890082.2873323,4.0,0.0,-70.0
1777890082.2973323,1.0,3.0,-67.0
1777890082.3073325,5.0,3.0,-71.0
1777890082.3173325,4.0,3.0,-74.0
1777890082.3273325,7.0,0.0,-74.0
1777890082.3373325,6.0,0.0,-77.0
1777890082.3473325,7.0,1.0,-73.0
1777890082.3573325,6.0,0.0,-65.0
1777890082.3673325,7.0,0.0,-70.0
1777890082.3773324,6.0,0.0,-69.0
1777890082.3873324,4.0,-4.0,-65.0
1777890082.3973324,3.0,-3.0,-64.0
1777890082.4073324,5.0,-5.0,-58.0
1777890082.4173324,1.0,-4.0,-63.0
1777890082.4273324,2.0,-7.0,-65.0
1777890082.4373324,3.0,-5.0,-63.0
1777890082.4473324,4.0,-4.0,-59.0
1777890082.4573324,2.0,-5.0,-50.0
1777890082.4673324,4.0,-7.0,-57.0
1777890082.4773324,5.0,-7.0,-70.0
1777890082.4873323,7.0,-9.0,-72.0
1777890082.4973323,3.0,-12.0,-69.0
1777890082.5073323,3.0,-15.0,-63.0
1777890082.5173323,-3.0,-12.0,-67.0
1777890082.5273323,-3.0,-11.0,-64.0
1777890082.5373323,0.0,-6.0,-67.0
1777890082.5473323,-1.0,-10.0,-72.0
1777890082.5573325,-3.0,-12.0,-78.0
1777890082.5673325,-5.0,-10.0,-80.0
1777890082.5773325,2.0,-8.0,-78.0
1777890082.5873325,1.0,-9.0,-75.0
1777890082.5973325,3.0,-9.0,-76.0
1777890082.6073325,1.0,-5.0,-70.0
1777890082.6173325,0.0,-5.0,-64.0
1777890082.6273324,-1.0,-11.0,-65.0
1777890082.6373324,4.0,-13.0,-65.0
1777890082.6473324,6.0,-7.0,-67.0
1777890082.6573324,5.0,-6.0,-69.0
1777890082.6673324,5.0,-5.0,-77.0
1777890082.6773324,4.0,-4.0,-76.0
1777890082.6873324,4.0,0.0,-72.0
1777890082.6973324,0.0,4.0,-70.0
1777890082.7073324,-3.0,2.0,-72.0
1777890082.7173324,-7.0,2.0,-64.0
1777890082.7273324,-3.0,0.0,-65.0
1777890082.7373323,-7.0,-4.0,-69.0
1777890082.7473323,-5.0,-5.0,-71.0
1777890082.7573323,-4.0,-2.0,-72.0
1777890082.7673323,0.0,-2.0,-72.0
1777890082.7773323,2.0,-5.0,-78.0
1777890082.7873323,2.0,-1.0,-76.0
1777890082.7973323,2.0,0.0,-78.0
1777890082.8073325,3.0,4.0,-76.0
1777890082.8173325,-1.0,2.0,-78.0
1777890082.8273325,1.0,-1.0,-83.0
1777890082.8373325,5.0,-1.0,-80.0
1777890082.8473325,7.0,-2.0,-76.0
1777890082.8573325,8.0,-5.0,-73.0
1777890082.8673325,5.0,-4.0,-73.0
1777890082.8773324,2.0,-2.0,-71.0
1777890082.8873324,2.0,-2.0,-63.0
1777890082.8973324,-1.0,-1.0,-63.0
1777890082.9073324,0.0,-2.0,-65.0
1777890082.9173324,0.0,-4.0,-73.0
1777890082.9273324,-3.0,-5.0,-70.0
1777890082.9373324,-3.0,-1.0,-69.0
1777890082.9473324,-1.0,3.0,-72.0
1777890082.9573324,-1.0,2.0,-66.0
1777890082.9673324,0.0,3.0,-63.0
1777890082.9773324,-4.0,5.0,-64.0
1777890082.9873323,-7.0,7.0,-60.0
1777890082.9973323,-7.0,6.0,-65.0
1777890083.0073323,-8.0,5.0,-61.0
1777890083.0173323,-5.0,1.0,-69.0
1777890083.0273323,-4.0,-1.0,-71.0
1777890083.0373323,-5.0,0.0,-73.0
1777890083.0473323,-5.0,2.0,-75.0
1777890083.0573325,-6.0,2.0,-77.0
1777890083.0673325,-5.0,7.0,-75.0
1777890083.0773325,1.0,6.0,-76.0
1777890083.0873325,3.0,4.0,-81.0
1777890083.0973325,5.0,0.0,-84.0
1777890083.1073325,3.0,-1.0,-85.0
1777890083.1173325,6.0,-1.0,-86.0
1777890083.1273324,10.0,-1.0,-87.0
1777890083.1373324,4.0,-3.0,-85.0
1777890083.1473324,4.0,0.0,-85.0
1777890083.1573324,4.0,1.0,-76.0
1777890083.1673324,3.0,0.0,-74.0
1777890083.1773324,3.0,-4.0,-73.0
1777890083.1873324,4.0,-2.0,-76.0
1777890083.1973324,0.0,0.0,-74.0
1777890083.2073324,2.0,0.0,-73.0
1777890083.2173324,0.0,4.0,-74.0
1777890083.2273324,0.0,3.0,-81.0
1777890083.2373323,-2.0,2.0,-86.0
1777890083.2473323,-4.0,-1.0,-82.0
1777890083.2573323,-3.0,0.0,-82.0
1777890083.2673323,-6.0,1.0,-73.0
1777890083.2773323,-4.0,0.0,-75.0
1777890083.2873323,-1.0,1.0,-79.0
1777890083.2973323,-1.0,1.0,-73.0
1777890083.3073325,-4.0,3.0,-72.0
1777890083.3173325,-1.0,1.0,-69.0
1777890083.3273325,1.0,-1.0,-71.0
1777890083.3373325,3.0,-3.0,-70.0
1777890083.3473325,-1.0,-3.0,-65.0
1777890083.3573325,-4.0,-3.0,-61.0
1777890083.3673325,-10.0,-4.0,-65.0
1777890083.3773324,-2.0,-8.0,-62.0
1777890083.3873324,0.0,-7.0,-66.0
1777890083.3973324,2.0,-5.0,-65.0
1777890083.4073324,2.0,-4.0,-68.0
1777890083.4173324,2.0,-6.0,-65.0
1777890083.4273324,2.0,-7.0,-62.0
1777890083.4373324,4.0,-6.0,-69.0
1777890083.4473324,3.0,-2.0,-71.0
1777890083.4573324,3.0,2.0,-74.0
1777890083.4673324,4.0,1.0,-75.0
1777890083.4773324,3.0,0.0,-75.0
1777890083.4873323,0.0,-1.0,-70.0
1777890083.4973323,-1.0,0.0,-68.0
1777890083.5073323,0.0,1.0,-77.0
1777890083.5173323,0.0,3.0,-71.0
1777890083.5273323,1.0,-2.0,-70.0
1777890083.5373323,1.0,-2.0,-70.0
1777890083.5483325,0.0,-1.0,-73.0
1777890083.5583324,3.0,-1.0,-78.0
1777890083.5683324,4.0,0.0,-74.0
1777890083.5783324,4.0,-1.0,-75.0
1777890083.5883324,2.0,0.0,-74.0
1777890083.5983324,1.0,1.0,-75.0
1777890083.6083324,-2.0,0.0,-79.0
1777890083.6183324,0.0,0.0,-77.0
1777890083.6283324,-1.0,0.0,-72.0
1777890083.6383324,-3.0,-3.0,-72.0
1777890083.6483324,-1.0,-1.0,-72.0
1777890083.6583323,0.0,0.0,-68.0
1777890083.6683323,1.0,-2.0,-69.0
1777890083.6783323,1.0,1.0,-63.0
1777890083.6883323,4.0,2.0,-64.0
1777890083.6983323,5.0,0.0,-70.0
1777890083.7083323,2.0,-2.0,-68.0
1777890083.7183323,-5.0,0.0,-66.0
1777890083.7283323,-5.0,-3.0,-62.0
1777890083.7383325,-6.0,-2.0,-58.0
1777890083.7483325,-5.0,-3.0,-64.0
1777890083.7583325,-4.0,-2.0,-69.0
1777890083.7683325,-3.0,-3.0,-66.0
1777890083.7783325,-2.0,-3.0,-74.0
1777890083.7883325,-7.0,-2.0,-74.0
1777890083.7983325,-5.0,-5.0,-79.0
1777890083.8083324,-5.0,-5.0,-73.0
1777890083.8183324,-5.0,-1.0,-80.0
1777890083.8283324,-4.0,-4.0,-79.0
1777890083.8383324,-1.0,-1.0,-80.0
1777890083.8483324,0.0,-2.0,-75.0
1777890083.8583324,3.0,-3.0,-77.0
1777890083.8683324,4.0,-5.0,-75.0
1777890083.8783324,2.0,-1.0,-79.0
1777890083.8883324,3.0,0.0,-83.0
1777890083.8983324,0.0,2.0,-78.0
1777890083.9083323,0.0,4.0,-78.0
1777890083.9183323,1.0,2.0,-75.0
1777890083.9283323,0.0,0.0,-73.0
1777890083.9383323,2.0,-1.0,-68.0
1777890083.9483323,4.0,-3.0,-60.0
1777890083.9583323,4.0,0.0,-64.0
1777890083.9683323,4.0,3.0,-72.0
1777890083.9783323,6.0,5.0,-71.0
1777890083.9883325,6.0,5.0,-74.0
1777890083.9983325,5.0,-2.0,-75.0
1777890084.0083325,5.0,-2.0,-79.0
1777890084.0183325,7.0,-4.0,-84.0
1777890084.0283325,9.0,-7.0,-81.0
1777890084.0383325,4.0,-8.0,-77.0
1777890084.0483325,5.0,-6.0,-77.0
1777890084.0583324,6.0,-5.0,-77.0
1777890084.0683324,7.0,-5.0,-75.0
1777890084.0783324,4.0,-5.0,-70.0
1777890084.0883324,4.0,-6.0,-69.0
1777890084.0983324,0.0,-5.0,-68.0
1777890084.1083324,-3.0,-5.0,-71.0
1777890084.1183324,-4.0,-1.0,-70.0
1777890084.1283324,-5.0,2.0,-74.0
1777890084.1383324,0.0,0.0,-79.0
1777890084.1483324,-1.0,0.0,-79.0
1777890084.1583323,0.0,0.0,-80.0
1777890084.1683323,-2.0,-1.0,-84.0
1777890084.1783323,0.0,-1.0,-85.0
1777890084.1883323,-1.0,-4.0,-72.0
1777890084.1983323,0.0,-4.0,-79.0
1777890084.2083323,-3.0,-5.0,-75.0
1777890084.2183323,-4.0,-4.0,-74.0
1777890084.2283323,-5.0,-3.0,-73.0
1777890084.2383325,-2.0,0.0,-70.0
1777890084.2483325,-5.0,2.0,-75.0
1777890084.2583325,-5.0,0.0,-75.0
1777890084.2683325,-3.0,0.0,-77.0
1777890084.2783325,0.0,0.0,-80.0
1777890084.2883325,0.0,0.0,-83.0
1777890084.2983325,2.0,0.0,-73.0
1777890084.3083324,1.0,0.0,-74.0
1777890084.3183324,1.0,0.0,-74.0
1777890084.3283324,2.0,0.0,-76.0
1777890084.3383324,2.0,-1.0,-78.0
1777890084.3483324,1.0,0.0,-79.0
1777890084.3583324,3.0,-1.0,-76.0
1777890084.3683324,3.0,3.0,-74.0
1777890084.3783324,4.0,1.0,-69.0
1777890084.3883324,8.0,-4.0,-72.0
1777890084.3983324,5.0,-5.0,-72.0
1777890084.4083323,1.0,-5.0,-77.0
1777890084.4183323,4.0,-5.0,-75.0
1777890084.4283323,4.0,-5.0,-76.0
1777890084.4383323,3.0,-3.0,-75.0
1777890084.4483323,3.0,-3.0,-80.0
1777890084.4583323,7.0,-3.0,-82.0
1777890084.4683323,11.0,0.0,-82.0
1777890084.4783323,8.0,0.0,-76.0
1777890084.4883325,5.0,0.0,-74.0
1777890084.4983325,4.0,0.0,-73.0
1777890084.5083325,2.0,0.0,-78.0
1777890084.5183325,1.0,0.0,-68.0
1777890084.5283325,0.0,-2.0,-71.0
1777890084.5383325,1.0,-5.0,-73.0
1777890084.5483325,-1.0,-4.0,-70.0
1777890084.5583324,-5.0,-4.0,-72.0
1777890084.5683324,-2.0,-7.0,-68.0
1777890084.5783324,1.0,-3.0,-62.0
1777890084.5883324,5.0,-7.0,-62.0
1777890084.5983324,9.0,-7.0,-70.0
1777890084.6083324,4.0,-4.0,-66.0
1777890084.6183324,3.0,-5.0,-65.0
1777890084.6283324,4.0,-5.0,-69.0
1777890084.6383324,1.0,-2.0,-72.0
1777890084.6483324,-2.0,-1.0,-69.0
1777890084.6583323,0.0,0.0,-71.0
1777890084.6683323,2.0,1.0,-73.0
1777890084.6783323,6.0,0.0,-79.0
1777890084.6883323,6.0,2.0,-74.0
1777890084.6983323,4.0,2.0,-75.0
1777890084.7083323,5.0,3.0,-74.0
1777890084.7183323,7.0,3.0,-75.0
1777890084.7283323,7.0,4.0,-72.0
1777890084.7383325,11.0,8.0,-68.0
1777890084.7483325,16.0,5.0,-70.0
1777890084.7583325,7.0,6.0,-76.0
1777890084.7683325,2.0,4.0,-78.0
1777890084.7783325,2.0,2.0,-77.0
1777890084.7883325,4.0,-2.0,-74.0
1777890084.7983325,3.0,-5.0,-73.0
1777890084.8083324,4.0,-5.0,-77.0
1777890084.8183324,4.0,-4.0,-76.0
1777890084.8283324,3.0,-2.0,-79.0
1777890084.8383324,0.0,-6.0,-76.0
1777890084.8483324,-4.0,-7.0,-76.0
1777890084.8583324,-5.0,-6.0,-77.0
1777890084.8683324,-3.0,-6.0,-82.0
1777890084.8783324,-2.0,-7.0,-82.0
1777890084.8883324,-2.0,-9.0,-72.0
1777890084.8983324,-6.0,-6.0,-72.0
1777890084.9083323,-1.0,-6.0,-77.0
1777890084.9183323,0.0,-4.0,-78.0
1777890084.9283323,-1.0,0.0,-79.0
1777890084.9383323,0.0,0.0,-80.0
1777890084.9483323,1.0,-1.0,-82.0
1777890084.9583323,0.0,-2.0,-79.0
1777890084.9683323,0.0,-4.0,-76.0
1777890084.9783323,9.0,-3.0,-68.0
1777890084.9883325,7.0,-2.0,-63.0
1777890084.9983325,3.0,-4.0,-64.0
1777890085.0083325,-1.0,-7.0,-67.0
1777890085.0183325,-2.0,-5.0,-66.0
1777890085.0283325,-3.0,-3.0,-64.0
1777890085.0383325,-7.0,-3.0,-68.0
1777890085.0483325,-2.0,-3.0,-72.0
1777890085.0583324,-1.0,3.0,-71.0
1777890085.0683324,0.0,5.0,-64.0
1777890085.0783324,0.0,0.0,-70.0
1777890085.0883324,-1.0,-4.0,-73.0
1777890085.0983324,2.0,-3.0,-75.0
1777890085.1083324,2.0,-1.0,-72.0
1777890085.1183324,2.0,-3.0,-68.0
1777890085.1283324,-5.0,-2.0,-68.0
1777890085.1383324,-3.0,-4.0,-66.0
1777890085.1483324,-5.0,-2.0,-71.0
1777890085.1583323,-2.0,-2.0,-78.0
1777890085.1683323,-6.0,-2.0,-75.0
1777890085.1783323,-1.0,-6.0,-72.0
1777890085.1883323,-1.0,-3.0,-75.0
1777890085.1983323,3.0,-6.0,-78.0
1777890085.2083323,2.0,-4.0,-77.0
1777890085.2183323,0.0,1.0,-73.0
1777890085.2283323,-2.0,2.0,-80.0
1777890085.2383325,0.0,-1.0,-75.0
1777890085.2483325,-1.0,0.0,-77.0
1777890085.2583325,0.0,-1.0,-71.0
1777890085.2683325,2.0,-1.0,-66.0
1777890085.2783325,0.0,0.0,-69.0
1777890085.2883325,2.0,2.0,-75.0
1777890085.2983325,1.0,-1.0,-71.0
1777890085.3083324,0.0,-3.0,-75.0
1777890085.3183324,-1.0,0.0,-78.0
1777890085.3283324,-2.0,0.0,-81.0
1777890085.3383324,0.0,4.0,-79.0
1777890085.3483324,-4.0,4.0,-79.0
1777890085.3583324,-6.0,3.0,-81.0
1777890085.3683324,-3.0,1.0,-75.0
1777890085.3783324,0.0,3.0,-72.0
1777890085.3883324,-1.0,-2.0,-71.0
1777890085.3983324,2.0,0.0,-77.0
1777890085.4083323,2.0,2.0,-75.0
1777890085.4183323,4.0,0.0,-75.0
1777890085.4283323,3.0,-1.0,-75.0
1777890085.4383323,0.0,2.0,-73.0
1777890085.4483323,-2.0,0.0,-78.0
1777890085.4583323,-7.0,-2.0,-74.0
1777890085.4683323,-2.0,-5.0,-71.0
1777890085.4783323,-4.0,-5.0,-72.0
1777890085.4883325,-3.0,-2.0,-73.0
1777890085.4983325,-2.0,1.0,-71.0
1777890085.5083325,0.0,5.0,-69.0
1777890085.5183325,0.0,4.0,-71.0
1777890085.5283325,-3.0,1.0,-75.0
1777890085.5393324,-3.0,-1.0,-75.0
1777890085.5483325,-8.0,-4.0,-73.0
1777890085.5593324,-7.0,0.0,-75.0
1777890085.5693324,-7.0,0.0,-74.0
1777890085.5793324,-6.0,1.0,-75.0
1777890085.5893323,-5.0,7.0,-77.0
1777890085.5993323,-9.0,2.0,-75.0
1777890085.6093323,-8.0,-3.0,-81.0
1777890085.6193323,-2.0,-2.0,-83.0
1777890085.6293323,-2.0,0.0,-79.0
1777890085.6393323,-1.0,-1.0,-82.0
1777890085.6493323,-3.0,0.0,-87.0
1777890085.6593325,-6.0,-3.0,-81.0
1777890085.6693325,-4.0,-9.0,-82.0
1777890085.6793325,-2.0,-8.0,-75.0
1777890085.6893325,-2.0,-10.0,-75.0
1777890085.6993325,-8.0,-10.0,-68.0
1777890085.7093325,-5.0,-13.0,-64.0
1777890085.7193325,-6.0,-9.0,-65.0
1777890085.7293324,-4.0,-5.0,-68.0
1777890085.7393324,0.0,-1.0,-73.0
1777890085.7493324,3.0,0.0,-75.0
1777890085.7593324,5.0,-3.0,-76.0
1777890085.7693324,2.0,0.0,-68.0
1777890085.7793324,-1.0,0.0,-71.0
1777890085.7893324,-7.0,-1.0,-71.0
1777890085.7993324,-5.0,1.0,-73.0
1777890085.8093324,-3.0,-1.0,-75.0
1777890085.8193324,0.0,1.0,-67.0
1777890085.8293324,0.0,8.0,-71.0
1777890085.8393323,0.0,8.0,-72.0
1777890085.8493323,1.0,5.0,-75.0
1777890085.8593323,-5.0,1.0,-70.0
1777890085.8693323,-6.0,-4.0,-71.0
1777890085.8793323,-2.0,-5.0,-75.0
1777890085.8893323,-3.0,-5.0,-70.0
1777890085.8993323,0.0,-7.0,-69.0
1777890085.9093325,0.0,-5.0,-76.0
1777890085.9193325,0.0,-4.0,-81.0
1777890085.9293325,-2.0,0.0,-80.0
1777890085.9393325,-4.0,0.0,-80.0
1777890085.9493325,-4.0,0.0,-83.0
1777890085.9593325,-7.0,0.0,-80.0
1777890085.9693325,-4.0,1.0,-76.0
1777890085.9793324,-5.0,0.0,-74.0
1777890085.9893324,-8.0,0.0,-74.0
1777890085.9993324,-3.0,3.0,-78.0
1777890086.0093324,1.0,0.0,-75.0
1777890086.0193324,7.0,-5.0,-66.0
1777890086.0293324,7.0,-8.0,-69.0
1777890086.0393324,2.0,-7.0,-66.0
1777890086.0493324,7.0,-5.0,-68.0
1777890086.0593324,6.0,0.0,-70.0
1777890086.0693324,4.0,2.0,-75.0
1777890086.0793324,4.0,-1.0,-74.0
1777890086.0893323,2.0,-1.0,-69.0
1777890086.0993323,1.0,0.0,-69.0
1777890086.1093323,3.0,-2.0,-71.0
1777890086.1193323,4.0,-3.0,-76.0
1777890086.1293323,5.0,-2.0,-70.0
1777890086.1393323,1.0,-2.0,-77.0
1777890086.1493323,2.0,-1.0,-81.0
1777890086.1593325,3.0,-3.0,-79.0
1777890086.1693325,9.0,0.0,-77.0
1777890086.1793325,8.0,-3.0,-77.0
1777890086.1893325,7.0,0.0,-77.0
1777890086.1993325,2.0,-2.0,-76.0
1777890086.2093325,0.0,-1.0,-70.0
1777890086.2193325,-4.0,0.0,-78.0
1777890086.2293324,-5.0,1.0,-75.0
1777890086.2393324,-3.0,1.0,-73.0
1777890086.2493324,0.0,5.0,-68.0
1777890086.2593324,0.0,3.0,-66.0
1777890086.2693324,0.0,6.0,-66.0
1777890086.2793324,2.0,2.0,-62.0
1777890086.2893324,-1.0,-7.0,-65.0
1777890086.2993324,0.0,-6.0,-72.0
1777890086.3093324,1.0,-6.0,-78.0
1777890086.3193324,4.0,-7.0,-77.0
1777890086.3293324,5.0,-2.0,-77.0
1777890086.3393323,1.0,-1.0,-76.0
1777890086.3493323,4.0,-6.0,-74.0
1777890086.3593323,2.0,-6.0,-72.0
1777890086.3693323,2.0,-7.0,-72.0
1777890086.3793323,4.0,-7.0,-77.0
1777890086.3893323,5.0,-6.0,-80.0
1777890086.3993323,8.0,-2.0,-76.0
1777890086.4093325,12.0,-5.0,-71.0
1777890086.4193325,9.0,-1.0,-74.0
1777890086.4293325,5.0,0.0,-77.0
1777890086.4393325,3.0,0.0,-74.0
1777890086.4493325,1.0,-1.0,-74.0
1777890086.4593325,-2.0,-2.0,-70.0
1777890086.4693325,-1.0,-1.0,-72.0
1777890086.4793324,-3.0,0.0,-73.0
1777890086.4893324,-1.0,0.0,-82.0
1777890086.4993324,0.0,3.0,-90.0
1777890086.5093324,-1.0,2.0,-92.0
1777890086.5193324,-3.0,-2.0,-85.0
1777890086.5293324,3.0,-7.0,-79.0
1777890086.5393324,10.0,-8.0,-81.0
1777890086.5493324,8.0,-4.0,-72.0
1777890086.5593324,6.0,-3.0,-73.0
1777890086.5693324,5.0,-3.0,-73.0
1777890086.5793324,3.0,-8.0,-75.0
1777890086.5893323,0.0,-6.0,-79.0
1777890086.5993323,3.0,-4.0,-76.0
1777890086.6093323,6.0,-2.0,-68.0
1777890086.6193323,6.0,0.0,-67.0
1777890086.6293323,2.0,3.0,-63.0
1777890086.6393323,3.0,1.0,-72.0
1777890086.6493323,5.0,0.0,-78.0
1777890086.6593325,8.0,2.0,-78.0
1777890086.6693325,2.0,6.0,-76.0
1777890086.6793325,-1.0,3.0,-75.0
1777890086.6893325,-2.0,0.0,-79.0
1777890086.6993325,-2.0,-1.0,-80.0
1777890086.7093325,2.0,-2.0,-84.0
1777890086.7193325,3.0,-2.0,-84.0
1777890086.7293324,1.0,-3.0,-84.0
1777890086.7393324,4.0,-2.0,-81.0
1777890086.7493324,-3.0,-3.0,-80.0
1777890086.7593324,-3.0,-3.0,-80.0
1777890086.7693324,-2.0,-1.0,-83.0
1777890086.7793324,-2.0,0.0,-82.0
1777890086.7893324,0.0,2.0,-78.0
1777890086.7993324,0.0,5.0,-77.0
1777890086.8093324,0.0,4.0,-79.0
1777890086.8193324,-1.0,1.0,-88.0
1777890086.8293324,-5.0,0.0,-82.0
1777890086.8393323,0.0,-1.0,-81.0
1777890086.8493323,1.0,0.0,-76.0
1777890086.8593323,3.0,2.0,-71.0
1777890086.8693323,2.0,3.0,-73.0
1777890086.8793323,3.0,0.0,-76.0
1777890086.8893323,3.0,-3.0,-74.0
1777890086.8993323,-1.0,-3.0,-72.0
1777890086.9093325,0.0,-2.0,-74.0
1777890086.9193325,-2.0,-3.0,-77.0
1777890086.9293325,0.0,-3.0,-78.0
1777890086.9393325,1.0,0.0,-80.0
1777890086.9493325,0.0,2.0,-87.0
1777890086.9593325,0.0,3.0,-85.0
1777890086.9693325,4.0,-3.0,-85.0
1777890086.9793324,1.0,-3.0,-82.0
1777890086.9893324,4.0,-3.0,-73.0
1777890086.9993324,5.0,0.0,-67.0
1777890087.0093324,7.0,2.0,-65.0
1777890087.0193324,12.0,-1.0,-68.0
1777890087.0293324,9.0,0.0,-69.0
1777890087.0393324,5.0,-1.0,-69.0
1777890087.0493324,5.0,-1.0,-69.0
1777890087.0593324,4.0,0.0,-76.0
1777890087.0693324,6.0,-1.0,-72.0
1777890087.0793324,3.0,0.0,-71.0
1777890087.0893323,0.0,0.0,-74.0
1777890087.0993323,-1.0,1.0,-76.0
1777890087.1093323,1.0,2.0,-76.0
1777890087.1193323,7.0,0.0,-77.0
1777890087.1293323,1.0,-1.0,-81.0
1777890087.1393323,0.0,3.0,-80.0
1777890087.1493323,-1.0,4.0,-74.0
1777890087.1593325,0.0,4.0,-70.0
1777890087.1693325,-1.0,4.0,-70.0
1777890087.1793325,-4.0,4.0,-65.0
1777890087.1893325,-3.0,1.0,-63.0
1777890087.1993325,-2.0,0.0,-69.0
1777890087.2093325,-2.0,2.0,-74.0
1777890087.2193325,-4.0,0.0,-76.0
1777890087.2293324,-2.0,1.0,-77.0
1777890087.2393324,-3.0,1.0,-78.0
1777890087.2493324,-3.0,1.0,-75.0
1777890087.2593324,-1.0,1.0,-71.0
1777890087.2693324,-2.0,0.0,-68.0
1777890087.2793324,1.0,3.0,-64.0
1777890087.2893324,-1.0,4.0,-75.0
1777890087.2993324,-1.0,5.0,-79.0
1777890087.3093324,0.0,1.0,-80.0
1777890087.3193324,0.0,0.0,-77.0
1777890087.3293324,6.0,-1.0,-73.0
1777890087.3393323,8.0,1.0,-67.0
1777890087.3493323,4.0,3.0,-60.0
1777890087.3593323,-2.0,6.0,-59.0
1777890087.3693323,-1.0,6.0,-58.0
1777890087.3793323,0.0,1.0,-62.0
1777890087.3893323,-3.0,0.0,-63.0
1777890087.3993323,-3.0,2.0,-59.0
1777890087.4093325,1.0,0.0,-64.0
1777890087.4193325,8.0,0.0,-67.0
1777890087.4293325,10.0,0.0,-71.0
1777890087.4393325,11.0,1.0,-72.0
1777890087.4503324,7.0,2.0,-72.0
1777890087.4593325,4.0,3.0,-69.0
1777890087.4693325,2.0,3.0,-72.0
1777890087.4793324,0.0,6.0,-74.0
1777890087.4893324,3.0,9.0,-69.0
1777890087.4993324,6.0,7.0,-68.0
1777890087.5103323,7.0,9.0,-68.0
1777890087.5193324,3.0,3.0,-69.0
1777890087.5303323,2.0,0.0,-76.0
1777890087.5403323,6.0,-1.0,-73.0
1777890087.5503323,6.0,0.0,-65.0
1777890087.5603323,7.0,2.0,-65.0
1777890087.5693324,7.0,1.0,-65.0
1777890087.5803325,9.0,1.0,-66.0
1777890087.5903325,5.0,4.0,-64.0
1777890087.6003325,1.0,0.0,-66.0
1777890087.6103325,5.0,-2.0,-71.0
1777890087.6203325,5.0,-3.0,-73.0
1777890087.6303325,1.0,0.0,-74.0
1777890087.6403325,0.0,4.0,-74.0
1777890087.6503325,-1.0,-2.0,-82.0
1777890087.6603324,3.0,-5.0,-81.0
1777890087.6703324,2.0,-4.0,-79.0
1777890087.6803324,2.0,-7.0,-70.0
1777890087.6903324,0.0,-4.0,-66.0
1777890087.7003324,-5.0,-4.0,-72.0
1777890087.7103324,-2.0,-2.0,-79.0
1777890087.7203324,-2.0,-7.0,-77.0
1777890087.7303324,-2.0,-7.0,-78.0
1777890087.7403324,-2.0,-9.0,-79.0
1777890087.7503324,2.0,-9.0,-79.0
1777890087.7603323,6.0,-5.0,-78.0
1777890087.7703323,4.0,-4.0,-78.0
1777890087.7803323,0.0,-6.0,-77.0
1777890087.7903323,2.0,-5.0,-72.0
1777890087.8003323,1.0,-5.0,-67.0
1777890087.8103323,1.0,-6.0,-65.0
1777890087.8203323,0.0,-7.0,-69.0
1777890087.8303325,0.0,-6.0,-71.0
1777890087.8403325,-2.0,-8.0,-77.0
1777890087.8503325,-3.0,-9.0,-78.0
1777890087.8603325,-2.0,-4.0,-80.0
1777890087.8703325,-1.0,-1.0,-81.0
1777890087.8803325,-2.0,0.0,-80.0
1777890087.8903325,3.0,0.0,-70.0
1777890087.9003325,0.0,0.0,-73.0
1777890087.9103324,-2.0,0.0,-77.0
1777890087.9203324,-3.0,0.0,-77.0
1777890087.9303324,-4.0,-1.0,-79.0
1777890087.9403324,0.0,-4.0,-80.0
1777890087.9503324,5.0,-3.0,-82.0
1777890087.9603324,7.0,0.0,-78.0
1777890087.9703324,7.0,-1.0,-79.0
1777890087.9803324,2.0,-1.0,-79.0
1777890087.9903324,-1.0,-1.0,-80.0
1777890088.0003324,1.0,1.0,-82.0
1777890088.0103323,2.0,-3.0,-79.0
1777890088.0203323,2.0,-5.0,-79.0
1777890088.0303323,6.0,-4.0,-77.0
1777890088.0403323,6.0,-2.0,-73.0
1777890088.0503323,8.0,1.0,-71.0
1777890088.0603323,6.0,-1.0,-69.0
1777890088.0703323,2.0,-1.0,-67.0
1777890088.0803325,1.0,0.0,-68.0
1777890088.0903325,3.0,-1.0,-66.0
1777890088.1003325,-3.0,-2.0,-60.0
1777890088.1103325,-4.0,0.0,-68.0
1777890088.1203325,1.0,0.0,-76.0
1777890088.1303325,1.0,2.0,-73.0
1777890088.1403325,3.0,-3.0,-82.0
1777890088.1503325,5.0,-3.0,-82.0
1777890088.1603324,1.0,-3.0,-85.0
1777890088.1703324,-3.0,-3.0,-84.0
1777890088.1803324,-4.0,-4.0,-81.0
1777890088.1903324,-1.0,-2.0,-81.0
1777890088.2003324,-1.0,-4.0,-81.0
1777890088.2103324,-4.0,-5.0,-79.0
1777890088.2203324,-2.0,-4.0,-80.0
1777890088.2303324,-5.0,-5.0,-74.0
1777890088.2403324,-8.0,2.0,-66.0
1777890088.2503324,-8.0,6.0,-70.0
1777890088.2603323,-5.0,10.0,-66.0
1777890088.2703323,-5.0,11.0,-71.0
1777890088.2803323,-1.0,6.0,-78.0
1777890088.2903323,2.0,5.0,-78.0
1777890088.3003323,2.0,5.0,-76.0
1777890088.3103323,3.0,6.0,-74.0
1777890088.3203323,6.0,3.0,-77.0
1777890088.3303325,3.0,1.0,-76.0
1777890088.3403325,4.0,0.0,-78.0
1777890088.3503325,4.0,-2.0,-78.0
1777890088.3603325,6.0,-4.0,-77.0
1777890088.3703325,9.0,-4.0,-70.0
1777890088.3803325,5.0,-1.0,-67.0
1777890088.3903325,5.0,4.0,-70.0
1777890088.4003325,7.0,3.0,-73.0
1777890088.4103324,8.0,2.0,-69.0
1777890088.4203324,5.0,1.0,-73.0
1777890088.4303324,4.0,-1.0,-74.0
1777890088.4403324,0.0,3.0,-72.0
1777890088.4503324,2.0,3.0,-78.0
1777890088.4603324,-4.0,3.0,-77.0
1777890088.4703324,0.0,7.0,-77.0
1777890088.4803324,0.0,6.0,-67.0
1777890088.4903324,-3.0,5.0,-66.0
1777890088.5003324,0.0,7.0,-67.0
1777890088.5103323,0.0,6.0,-69.0
1777890088.5203323,-2.0,8.0,-68.0
1777890088.5303323,0.0,3.0,-72.0
1777890088.5403323,2.0,0.0,-78.0
1777890088.5503323,6.0,-2.0,-79.0
1777890088.5603323,7.0,-1.0,-82.0
1777890088.5703323,7.0,3.0,-83.0
1777890088.5803325,5.0,4.0,-77.0
1777890088.5903325,0.0,1.0,-78.0
1777890088.6003325,0.0,1.0,-82.0
1777890088.6103325,0.0,0.0,-79.0
1777890088.6203325,-1.0,4.0,-78.0
1777890088.6303325,1.0,4.0,-80.0
1777890088.6403325,1.0,4.0,-82.0
1777890088.6503325,-7.0,3.0,-79.0
1777890088.6603324,-5.0,3.0,-75.0
1777890088.6703324,-3.0,5.0,-79.0
1777890088.6803324,-4.0,4.0,-78.0
1777890088.6903324,-4.0,2.0,-83.0
1777890088.7003324,-6.0,1.0,-82.0
1777890088.7103324,-1.0,2.0,-84.0
1777890088.7203324,-1.0,0.0,-81.0
1777890088.7303324,-1.0,-3.0,-81.0
1777890088.7403324,-1.0,-3.0,-78.0
1777890088.7503324,-2.0,-1.0,-73.0
1777890088.7603323,0.0,0.0,-70.0
1777890088.7703323,0.0,-3.0,-75.0
1777890088.7803323,0.0,-3.0,-69.0
1777890088.7903323,0.0,3.0,-71.0
1777890088.8003323,-1.0,7.0,-71.0
1777890088.8103323,-2.0,1.0,-71.0
1777890088.8203323,-2.0,1.0,-73.0
1777890088.8303325,0.0,2.0,-76.0
1777890088.8403325,-1.0,1.0,-72.0
1777890088.8503325,0.0,3.0,-67.0
1777890088.8603325,-4.0,0.0,-66.0
1777890088.8703325,-6.0,0.0,-75.0
1777890088.8803325,-9.0,3.0,-74.0
1777890088.8903325,-6.0,6.0,-75.0
1777890088.9003325,-6.0,4.0,-74.0
1777890088.9103324,-2.0,3.0,-69.0
1777890088.9203324,-1.0,2.0,-65.0
1777890088.9303324,-2.0,0.0,-67.0
1777890088.9403324,-4.0,-1.0,-61.0
1777890088.9503324,-5.0,0.0,-61.0
1777890088.9603324,-5.0,0.0,-62.0
1777890088.9703324,-9.0,-1.0,-65.0
1777890088.9803324,-12.0,-8.0,-70.0
1777890088.9903324,-8.0,-12.0,-66.0
1777890089.0003324,-8.0,-10.0,-73.0
1777890089.0103323,-10.0,-10.0,-78.0
1777890089.0203323,-9.0,-10.0,-72.0
1777890089.0303323,-8.0,-10.0,-80.0
1777890089.0403323,-6.0,-5.0,-83.0
1777890089.0503323,-5.0,-6.0,-83.0
1777890089.0603323,-4.0,-4.0,-78.0
1777890089.0703323,0.0,-3.0,-75.0
1777890089.0803325,2.0,-3.0,-78.0
1777890089.0903325,0.0,0.0,-77.0
1777890089.1003325,-1.0,1.0,-83.0
1777890089.1103325,-2.0,3.0,-85.0
1777890089.1203325,-4.0,1.0,-86.0
1777890089.1303325,-2.0,0.0,-83.0
1777890089.1403325,1.0,-3.0,-81.0
1777890089.1503325,0.0,-5.0,-79.0
1777890089.1603324,0.0,-3.0,-74.0
1777890089.1703324,-5.0,-6.0,-78.0
1777890089.1803324,-7.0,-5.0,-72.0
1777890089.1903324,-6.0,-7.0,-74.0
1777890089.2003324,-4.0,-7.0,-75.0
1777890089.2103324,-8.0,-5.0,-73.0
1777890089.2203324,-9.0,-4.0,-72.0
1777890089.2303324,-12.0,1.0,-70.0
1777890089.2403324,-10.0,2.0,-70.0
1777890089.2503324,-6.0,4.0,-72.0
1777890089.2603323,2.0,4.0,-73.0
1777890089.2703323,3.0,2.0,-73.0
1777890089.2803323,2.0,0.0,-81.0
1777890089.2903323,7.0,-6.0,-75.0
1777890089.3003323,9.0,-5.0,-77.0
1777890089.3103323,11.0,-5.0,-77.0
1777890089.3203323,10.0,-3.0,-72.0
1777890089.3303325,6.0,-5.0,-69.0
1777890089.3403325,3.0,-7.0,-74.0
1777890089.3503325,3.0,-6.0,-73.0
1777890089.3603325,6.0,-4.0,-81.0
1777890089.3703325,7.0,-2.0,-87.0
1777890089.3803325,4.0,0.0,-90.0
1777890089.3903325,3.0,0.0,-84.0
1777890089.4003325,4.0,-2.0,-75.0
1777890089.4103324,0.0,-1.0,-74.0
1777890089.4203324,0.0,0.0,-77.0
1777890089.4303324,1.0,1.0,-80.0
1777890089.4403324,6.0,3.0,-73.0
1777890089.4503324,2.0,4.0,-73.0
1777890089.4603324,0.0,3.0,-79.0
1777890089.4703324,2.0,3.0,-81.0
1777890089.4803324,1.0,0.0,-85.0
1777890089.4913323,3.0,5.0,-79.0
1777890089.5013323,1.0,8.0,-78.0
1777890089.5113325,1.0,9.0,-75.0
1777890089.5213325,7.0,7.0,-77.0
1777890089.5313325,9.0,5.0,-80.0
1777890089.5413325,10.0,6.0,-78.0
1777890089.5513325,12.0,0.0,-73.0
1777890089.5613325,13.0,-1.0,-75.0
1777890089.5713325,7.0,2.0,-76.0
1777890089.5813324,9.0,3.0,-76.0
1777890089.5913324,7.0,2.0,-71.0
1777890089.6013324,3.0,2.0,-68.0
1777890089.6113324,4.0,4.0,-70.0
1777890089.6213324,3.0,0.0,-78.0
1777890089.6313324,2.0,-2.0,-74.0
1777890089.6413324,2.0,0.0,-75.0
1777890089.6513324,3.0,-1.0,-77.0
1777890089.6613324,2.0,0.0,-73.0
1777890089.6713324,4.0,3.0,-70.0
1777890089.6813323,3.0,1.0,-69.0
1777890089.6913323,0.0,-2.0,-69.0
1777890089.7013323,0.0,2.0,-64.0
1777890089.7113323,0.0,5.0,-64.0
1777890089.7213323,-3.0,4.0,-69.0
1777890089.7313323,-3.0,5.0,-76.0
1777890089.7413323,-1.0,8.0,-78.0
1777890089.7513323,-2.0,7.0,-67.0
1777890089.7613325,-3.0,6.0,-65.0
1777890089.7713325,-2.0,2.0,-72.0
1777890089.7813325,-1.0,2.0,-78.0
1777890089.7913325,4.0,0.0,-86.0
1777890089.8013325,5.0,0.0,-86.0
1777890089.8113325,9.0,0.0,-86.0
1777890089.8213325,9.0,0.0,-84.0
1777890089.8313324,10.0,-3.0,-77.0
1777890089.8413324,6.0,-3.0,-75.0
1777890089.8513324,7.0,0.0,-72.0
1777890089.8613324,3.0,0.0,-75.0
1777890089.8713324,3.0,0.0,-76.0
1777890089.8813324,5.0,0.0,-73.0
1777890089.8913324,6.0,-2.0,-79.0
1777890089.9013324,4.0,-4.0,-78.0
1777890089.9113324,5.0,-5.0,-80.0
1777890089.9213324,5.0,0.0,-78.0
1777890089.9313323,4.0,-2.0,-71.0
1777890089.9413323,3.0,-2.0,-70.0
1777890089.9513323,1.0,0.0,-70.0
1777890089.9613323,-2.0,0.0,-68.0
1777890089.9713323,-5.0,-3.0,-71.0
1777890089.9813323,-9.0,-1.0,-69.0
1777890089.9913323,-5.0,0.0,-66.0
1777890090.0013323,-7.0,1.0,-68.0
1777890090.0113325,-5.0,0.0,-71.0
1777890090.0213325,-3.0,0.0,-72.0
1777890090.0313325,-3.0,0.0,-70.0
1777890090.0413325,-1.0,3.0,-62.0
1777890090.0513325,3.0,-1.0,-70.0
1777890090.0613325,2.0,-3.0,-71.0
1777890090.0713325,3.0,0.0,-65.0
1777890090.0813324,5.0,-1.0,-69.0
1777890090.0913324,3.0,3.0,-74.0
1777890090.1013324,7.0,2.0,-77.0
1777890090.1113324,4.0,-1.0,-79.0
1777890090.1213324,8.0,-3.0,-84.0
1777890090.1313324,5.0,-5.0,-73.0
1777890090.1413324,9.0,-7.0,-74.0
1777890090.1513324,7.0,-4.0,-78.0
1777890090.1613324,3.0,-2.0,-74.0
1777890090.1713324,1.0,-4.0,-79.0
1777890090.1813323,-2.0,-3.0,-81.0
1777890090.1913323,-3.0,-2.0,-83.0
1777890090.2013323,-1.0,-2.0,-78.0
1777890090.2113323,3.0,-4.0,-81.0
1777890090.2213323,6.0,-6.0,-77.0
1777890090.2313323,7.0,0.0,-73.0
1777890090.2413323,4.0,1.0,-71.0
1777890090.2513323,1.0,5.0,-71.0
1777890090.2613325,1.0,2.0,-75.0
1777890090.2713325,5.0,0.0,-75.0
1777890090.2813325,3.0,2.0,-72.0
1777890090.2913325,1.0,5.0,-73.0
1777890090.3013325,0.0,4.0,-78.0
1777890090.3113325,0.0,8.0,-74.0
1777890090.3213325,0.0,6.0,-67.0
1777890090.3313324,-2.0,6.0,-69.0
1777890090.3413324,1.0,7.0,-68.0
1777890090.3513324,2.0,3.0,-67.0
1777890090.3613324,3.0,3.0,-69.0
1777890090.3713324,0.0,0.0,-69.0
1777890090.3813324,-3.0,0.0,-73.0
1777890090.3913324,-4.0,-3.0,-79.0
1777890090.4013324,-3.0,-3.0,-79.0
1777890090.4113324,-2.0,-2.0,-77.0
1777890090.4213324,-3.0,0.0,-79.0
1777890090.4313323,1.0,2.0,-71.0
1777890090.4413323,2.0,4.0,-71.0
1777890090.4513323,-1.0,3.0,-71.0
1777890090.4613323,5.0,0.0,-72.0
1777890090.4713323,5.0,2.0,-64.0
1777890090.4813323,2.0,3.0,-69.0
1777890090.4913323,-2.0,5.0,-71.0
1777890090.5013323,-4.0,2.0,-71.0
1777890090.5113325,-6.0,2.0,-75.0
1777890090.5213325,-7.0,3.0,-78.0
1777890090.5313325,-2.0,7.0,-74.0
1777890090.5413325,-1.0,6.0,-76.0
1777890090.5513325,0.0,6.0,-76.0
1777890090.5613325,5.0,6.0,-80.0
1777890090.5713325,5.0,7.0,-85.0
1777890090.5813324,8.0,4.0,-88.0
1777890090.5913324,5.0,2.0,-86.0
1777890090.6013324,2.0,0.0,-77.0
1777890090.6113324,0.0,-1.0,-74.0
1777890090.6213324,2.0,0.0,-74.0
1777890090.6313324,3.0,0.0,-74.0
1777890090.6413324,5.0,0.0,-74.0
1777890090.6513324,1.0,0.0,-75.0
1777890090.6613324,3.0,-1.0,-69.0
1777890090.6713324,3.0,-1.0,-73.0
1777890090.6813323,-1.0,-6.0,-73.0
1777890090.6913323,1.0,-6.0,-68.0
1777890090.7013323,2.0,-5.0,-68.0
1777890090.7113323,5.0,0.0,-67.0
1777890090.7213323,2.0,3.0,-76.0
1777890090.7313323,3.0,0.0,-75.0
1777890090.7413323,6.0,-4.0,-73.0
1777890090.7513323,4.0,-3.0,-70.0
1777890090.7613325,1.0,3.0,-65.0
1777890090.7713325,0.0,0.0,-68.0
1777890090.7813325,3.0,2.0,-67.0
1777890090.7913325,0.0,1.0,-69.0
1777890090.8013325,1.0,2.0,-69.0
1777890090.8113325,0.0,0.0,-68.0
1777890090.8213325,1.0,-5.0,-69.0
1777890090.8313324,2.0,-2.0,-77.0
1777890090.8413324,1.0,-4.0,-79.0
1777890090.8513324,3.0,-3.0,-78.0
1777890090.8613324,0.0,-4.0,-79.0
1777890090.8713324,-4.0,0.0,-74.0
1777890090.8813324,1.0,-1.0,-73.0
1777890090.8913324,-1.0,-3.0,-66.0
1777890090.9013324,0.0,-6.0,-67.0
1777890090.9113324,0.0,-2.0,-72.0
1777890090.9213324,2.0,-2.0,-81.0
1777890090.9313323,2.0,-2.0,-81.0
1777890090.9413323,2.0,-6.0,-77.0
1777890090.9513323,5.0,-3.0,-80.0
1777890090.9613323,0.0,-1.0,-85.0
1777890090.9713323,1.0,-1.0,-85.0
1777890090.9813323,0.0,-3.0,-93.0
1777890090.9913323,-1.0,-3.0,-90.0
1777890091.0013323,-3.0,-3.0,-91.0
1777890091.0113325,-1.0,2.0,-87.0
1777890091.0213325,0.0,0.0,-91.0
1777890091.0313325,0.0,2.0,-94.0
1777890091.0413325,0.0,7.0,-84.0
1777890091.0513325,5.0,4.0,-78.0
1777890091.0613325,6.0,7.0,-79.0
1777890091.0713325,5.0,7.0,-78.0
1777890091.0813324,3.0,3.0,-82.0
1777890091.0913324,0.0,3.0,-75.0
1777890091.1013324,-4.0,4.0,-82.0
1777890091.1113324,0.0,3.0,-82.0
1777890091.1213324,-3.0,0.0,-84.0
1777890091.1313324,1.0,-2.0,-82.0
1777890091.1413324,7.0,-3.0,-76.0
1777890091.1513324,6.0,-2.0,-70.0
1777890091.1613324,5.0,1.0,-74.0
1777890091.1713324,4.0,2.0,-78.0
1777890091.1813323,4.0,2.0,-75.0
1777890091.1913323,2.0,1.0,-75.0
1777890091.2013323,4.0,5.0,-77.0
1777890091.2113323,0.0,4.0,-76.0
1777890091.2213323,-2.0,1.0,-72.0
1777890091.2313323,-1.0,-4.0,-64.0
1777890091.2413323,-2.0,-3.0,-66.0
1777890091.2513323,-2.0,-1.0,-62.0
1777890091.2613325,0.0,-1.0,-64.0
1777890091.2713325,2.0,3.0,-66.0
1777890091.2813325,3.0,3.0,-66.0
1777890091.2913325,5.0,1.0,-75.0
1777890091.3013325,6.0,3.0,-78.0
1777890091.3113325,2.0,-1.0,-76.0
1777890091.3213325,0.0,-4.0,-73.0
1777890091.3313324,2.0,-5.0,-74.0
1777890091.3413324,1.0,-4.0,-75.0
1777890091.3513324,2.0,-4.0,-80.0
1777890091.3613324,1.0,-4.0,-88.0
1777890091.3713324,5.0,-3.0,-87.0
1777890091.3813324,8.0,-2.0,-81.0
1777890091.3913324,7.0,-3.0,-82.0
1777890091.4013324,8.0,-2.0,-84.0
1777890091.4113324,5.0,-3.0,-76.0
1777890091.4213324,7.0,-4.0,-75.0
1777890091.4313323,5.0,0.0,-70.0
1777890091.4413323,4.0,0.0,-71.0
1777890091.4513323,2.0,1.0,-74.0
1777890091.4613323,5.0,4.0,-70.0
1777890091.4713323,2.0,5.0,-73.0
1777890091.4813323,0.0,3.0,-75.0
1777890091.4913323,-4.0,6.0,-69.0
1777890091.5013323,-6.0,8.0,-64.0
1777890091.5123324,-4.0,8.0,-67.0
1777890091.5223324,-1.0,2.0,-63.0
1777890091.5323324,0.0,1.0,-71.0
1777890091.5423324,0.0,-3.0,-72.0
1777890091.5523324,0.0,-1.0,-73.0
1777890091.5623324,3.0,-3.0,-74.0
1777890091.5723324,1.0,-7.0,-81.0
1777890091.5823324,0.0,-5.0,-82.0
1777890091.5923324,-3.0,0.0,-78.0
1777890091.6023324,0.0,-2.0,-75.0
1777890091.6123323,-2.0,-4.0,-72.0
1777890091.6223323,0.0,-2.0,-76.0
1777890091.6323323,2.0,-2.0,-75.0
1777890091.6423323,7.0,-5.0,-73.0
1777890091.6523323,11.0,-2.0,-74.0
1777890091.6623323,7.0,-1.0,-78.0
1777890091.6723323,3.0,-6.0,-78.0
1777890091.6823325,5.0,-8.0,-74.0
1777890091.6923325,6.0,-6.0,-73.0
1777890091.7023325,5.0,-7.0,-78.0
1777890091.7123325,5.0,0.0,-88.0
1777890091.7223325,5.0,1.0,-82.0
1777890091.7323325,3.0,0.0,-72.0
1777890091.7423325,6.0,1.0,-77.0
1777890091.7523324,5.0,3.0,-80.0
1777890091.7623324,3.0,1.0,-87.0
1777890091.7723324,0.0,0.0,-85.0
1777890091.7823324,-2.0,-2.0,-80.0
1777890091.7923324,-5.0,-4.0,-78.0
1777890091.8023324,-4.0,-5.0,-80.0
1777890091.8123324,-6.0,-3.0,-87.0
1777890091.8223324,-2.0,-1.0,-89.0
1777890091.8323324,-2.0,0.0,-84.0
1777890091.8423324,-1.0,0.0,-80.0
1777890091.8523324,1.0,-2.0,-78.0
1777890091.8623323,0.0,0.0,-77.0
1777890091.8723323,0.0,0.0,-75.0
1777890091.8823323,0.0,1.0,-76.0
1777890091.8923323,0.0,-3.0,-72.0
1777890091.9023323,0.0,0.0,-75.0
1777890091.9123323,0.0,0.0,-74.0
1777890091.9223323,-3.0,1.0,-78.0
1777890091.9323325,-2.0,3.0,-79.0
1777890091.9423325,-5.0,4.0,-80.0
1777890091.9523325,-8.0,2.0,-77.0
1777890091.9623325,-4.0,1.0,-79.0
1777890091.9723325,-1.0,-1.0,-81.0
1777890091.9823325,2.0,0.0,-76.0
1777890091.9923325,3.0,1.0,-72.0
1777890092.0023324,2.0,4.0,-74.0
1777890092.0123324,2.0,3.0,-74.0
1777890092.0223324,0.0,0.0,-75.0
1777890092.0323324,2.0,-1.0,-72.0
1777890092.0423324,0.0,-3.0,-68.0
1777890092.0523324,1.0,0.0,-62.0
1777890092.0623324,3.0,-1.0,-63.0
1777890092.0723324,1.0,0.0,-62.0
1777890092.0823324,-1.0,-2.0,-67.0
1777890092.0923324,-7.0,-2.0,-71.0
1777890092.1023324,-5.0,-1.0,-70.0
1777890092.1123323,-5.0,1.0,-74.0
1777890092.1223323,0.0,4.0,-81.0
1777890092.1323323,1.0,4.0,-82.0
1777890092.1423323,0.0,7.0,-82.0
1777890092.1523323,-1.0,7.0,-83.0
1777890092.1623323,-2.0,5.0,-83.0
1777890092.1723323,-2.0,1.0,-84.0
1777890092.1823325,-3.0,0.0,-82.0
1777890092.1923325,-3.0,0.0,-75.0
1777890092.2023325,-2.0,0.0,-75.0
1777890092.2123325,0.0,1.0,-78.0
1777890092.2223325,0.0,2.0,-78.0
1777890092.2323325,1.0,6.0,-81.0
1777890092.2423325,5.0,3.0,-79.0
1777890092.2523324,4.0,6.0,-84.0
1777890092.2633324,3.0,1.0,-79.0
1777890092.2723324,-2.0,1.0,-81.0
1777890092.2823324,-5.0,1.0,-80.0
1777890092.2923324,-4.0,2.0,-76.0
1777890092.3023324,-2.0,6.0,-75.0
1777890092.3123324,-3.0,8.0,-77.0
1777890092.3223324,-6.0,3.0,-84.0
1777890092.3323324,-10.0,0.0,-76.0
1777890092.3423324,-8.0,3.0,-72.0
1777890092.3523324,-11.0,0.0,-71.0
1777890092.3623323,-12.0,-1.0,-74.0
1777890092.3723323,-7.0,0.0,-73.0
1777890092.3823323,-1.0,5.0,-73.0
1777890092.3923323,-2.0,5.0,-76.0
1777890092.4023323,-4.0,4.0,-79.0
1777890092.4123323,-4.0,6.0,-80.0
1777890092.4223323,-5.0,6.0,-74.0
1777890092.4323325,-3.0,5.0,-70.0
1777890092.4423325,-5.0,3.0,-82.0
1777890092.4523325,-5.0,5.0,-78.0
1777890092.4623325,-4.0,3.0,-73.0
1777890092.4723325,-5.0,0.0,-75.0
1777890092.4823325,-6.0,2.0,-74.0
1777890092.4923325,2.0,3.0,-76.0
1777890092.5023324,2.0,2.0,-73.0
1777890092.5123324,3.0,1.0,-71.0
1777890092.5223324,0.0,4.0,-76.0
1777890092.5323324,1.0,3.0,-78.0
1777890092.5423324,6.0,2.0,-83.0
1777890092.5523324,4.0,0.0,-83.0
1777890092.5623324,6.0,3.0,-83.0
1777890092.5723324,3.0,3.0,-81.0
1777890092.5823324,3.0,0.0,-76.0
1777890092.5923324,0.0,0.0,-72.0
1777890092.6023324,-2.0,1.0,-80.0
1777890092.6123323,-3.0,0.0,-86.0
1777890092.6223323,0.0,2.0,-88.0
1777890092.6323323,2.0,2.0,-88.0
1777890092.6423323,4.0,3.0,-86.0
1777890092.6523323,2.0,3.0,-84.0
1777890092.6623323,0.0,2.0,-87.0
1777890092.6723323,1.0,0.0,-89.0
1777890092.6823325,2.0,0.0,-87.0
1777890092.6923325,0.0,0.0,-81.0
1777890092.7023325,-2.0,2.0,-68.0
1777890092.7123325,-4.0,2.0,-64.0
1777890092.7223325,-4.0,1.0,-68.0
1777890092.7323325,-2.0,0.0,-73.0
1777890092.7423325,-6.0,-1.0,-72.0
1777890092.7523324,-6.0,0.0,-71.0
1777890092.7623324,-7.0,0.0,-76.0
1777890092.7723324,-6.0,5.0,-75.0
1777890092.7823324,-3.0,5.0,-73.0
1777890092.7923324,0.0,4.0,-67.0
1777890092.8023324,-1.0,6.0,-67.0
1777890092.8123324,4.0,3.0,-72.0
1777890092.8223324,4.0,1.0,-71.0
1777890092.8323324,0.0,2.0,-68.0
1777890092.8423324,0.0,1.0,-74.0
1777890092.8523324,1.0,2.0,-79.0
1777890092.8623323,0.0,0.0,-79.0
1777890092.8723323,0.0,1.0,-77.0
1777890092.8823323,-1.0,1.0,-74.0
1777890092.8923323,-2.0,-1.0,-74.0
1777890092.9023323,-1.0,-1.0,-69.0
1777890092.9123323,-1.0,0.0,-65.0
1777890092.9223323,0.0,0.0,-74.0
1777890092.9323325,2.0,-2.0,-82.0
1777890092.9423325,0.0,1.0,-78.0
1777890092.9523325,1.0,4.0,-71.0
1777890092.9623325,-1.0,2.0,-72.0
1777890092.9723325,-2.0,0.0,-72.0
1777890092.9823325,-4.0,-4.0,-76.0
1777890092.9923325,-5.0,-5.0,-75.0
1777890093.0023324,-1.0,-4.0,-75.0
1777890093.0123324,3.0,-3.0,-67.0
1777890093.0223324,1.0,-3.0,-68.0
1777890093.0323324,1.0,1.0,-60.0
1777890093.0423324,2.0,-2.0,-65.0
1777890093.0523324,0.0,0.0,-68.0
1777890093.0623324,-2.0,0.0,-71.0
1777890093.0723324,-2.0,0.0,-71.0
1777890093.0823324,2.0,0.0,-72.0
1777890093.0923324,2.0,0.0,-76.0
1777890093.1023324,3.0,-4.0,-76.0
1777890093.1123323,2.0,-5.0,-77.0
1777890093.1223323,-2.0,-2.0,-69.0
1777890093.1323323,0.0,-8.0,-69.0
1777890093.1423323,3.0,-5.0,-71.0
1777890093.1523323,4.0,0.0,-68.0
1777890093.1623323,2.0,0.0,-72.0
1777890093.1723323,4.0,0.0,-76.0
1777890093.1823325,3.0,-2.0,-79.0
1777890093.1923325,2.0,-2.0,-85.0
1777890093.2023325,6.0,1.0,-81.0
1777890093.2123325,3.0,-5.0,-77.0
1777890093.2223325,2.0,-9.0,-81.0
1777890093.2323325,2.0,-5.0,-73.0
1777890093.2423325,1.0,0.0,-71.0
1777890093.2523324,-1.0,0.0,-68.0
1777890093.2623324,-2.0,0.0,-72.0
1777890093.2723324,-4.0,0.0,-76.0
1777890093.2823324,1.0,-2.0,-76.0
1777890093.2923324,0.0,-8.0,-69.0
1777890093.3023324,1.0,-8.0,-70.0
1777890093.3123324,4.0,-4.0,-71.0
1777890093.3223324,8.0,-8.0,-73.0
1777890093.3323324,5.0,-8.0,-69.0
1777890093.3423324,1.0,-7.0,-67.0
1777890093.3523324,0.0,-7.0,-70.0
1777890093.3623323,0.0,-4.0,-73.0
1777890093.3723323,-3.0,-4.0,-74.0
1777890093.3823323,1.0,-2.0,-77.0
1777890093.3923323,1.0,-3.0,-85.0
1777890093.4023323,2.0,-3.0,-82.0
1777890093.4123323,3.0,-3.0,-85.0
1777890093.4223323,5.0,-5.0,-84.0
1777890093.4323325,5.0,-3.0,-87.0
1777890093.4423325,2.0,-2.0,-77.0
1777890093.4533324,1.0,0.0,-71.0
1777890093.4623325,6.0,-2.0,-71.0
1777890093.4733324,0.0,0.0,-71.0
1777890093.4823325,-2.0,0.0,-71.0
1777890093.4933324,0.0,1.0,-73.0
1777890093.5033324,1.0,2.0,-72.0
1777890093.5133324,-3.0,1.0,-72.0
1777890093.5233324,-3.0,1.0,-71.0
1777890093.5333323,-5.0,-1.0,-77.0
1777890093.5433323,-3.0,1.0,-80.0
1777890093.5533323,-1.0,4.0,-79.0
1777890093.5633323,-2.0,2.0,-76.0
1777890093.5733323,0.0,-1.0,-76.0
1777890093.5833323,0.0,-1.0,-75.0
1777890093.5933323,0.0,0.0,-73.0
1777890093.6033323,0.0,0.0,-74.0
1777890093.6133325,2.0,0.0,-75.0
1777890093.6233325,1.0,0.0,-72.0
1777890093.6333325,-1.0,-2.0,-76.0
1777890093.6433325,-2.0,-4.0,-75.0
1777890093.6533325,-1.0,-4.0,-79.0
1777890093.6633325,0.0,-3.0,-80.0
1777890093.6733325,-2.0,-2.0,-79.0
1777890093.6833324,-4.0,0.0,-74.0
1777890093.6933324,-5.0,0.0,-78.0
1777890093.7033324,-4.0,-2.0,-75.0
1777890093.7133324,-7.0,-3.0,-75.0
1777890093.7233324,-7.0,-2.0,-74.0
1777890093.7333324,-3.0,-3.0,-77.0
1777890093.7433324,-5.0,-4.0,-78.0
1777890093.7533324,-4.0,-3.0,-77.0
1777890093.7633324,-3.0,-4.0,-79.0
1777890093.7733324,-5.0,-8.0,-77.0
1777890093.7833323,-4.0,-7.0,-77.0
1777890093.7933323,-1.0,-4.0,-69.0
1777890093.8033323,-6.0,-5.0,-69.0
1777890093.8133323,-8.0,-1.0,-72.0
1777890093.8233323,-7.0,2.0,-70.0
1777890093.8333323,-6.0,5.0,-68.0
1777890093.8433323,-1.0,0.0,-66.0
1777890093.8533323,-2.0,-2.0,-70.0
1777890093.8633325,-5.0,-3.0,-69.0
1777890093.8733325,0.0,-4.0,-69.0
1777890093.8833325,-1.0,-4.0,-72.0
1777890093.8933325,0.0,-3.0,-77.0
1777890093.9033325,-3.0,-4.0,-77.0
1777890093.9133325,-3.0,-3.0,-72.0
1777890093.9233325,0.0,-2.0,-72.0
1777890093.9333324,0.0,-4.0,-65.0
1777890093.9433324,3.0,-2.0,-65.0
1777890093.9533324,4.0,0.0,-70.0
1777890093.9633324,3.0,0.0,-63.0
1777890093.9733324,1.0,-1.0,-68.0
1777890093.9833324,0.0,3.0,-75.0
1777890093.9933324,-1.0,1.0,-83.0
1777890094.0033324,-1.0,2.0,-77.0
1777890094.0133324,3.0,-2.0,-73.0
1777890094.0233324,10.0,1.0,-61.0
1777890094.0333323,12.0,-2.0,-63.0
1777890094.0433323,15.0,-1.0,-67.0
1777890094.0533323,11.0,-1.0,-64.0
1777890094.0633323,11.0,-1.0,-68.0
1777890094.0733323,9.0,1.0,-75.0
1777890094.0833323,7.0,-1.0,-77.0
1777890094.0933323,3.0,0.0,-75.0
1777890094.1033323,4.0,-2.0,-81.0
1777890094.1133325,4.0,-3.0,-73.0
1777890094.1233325,4.0,-3.0,-67.0
1777890094.1333325,2.0,-1.0,-62.0
1777890094.1433325,6.0,-4.0,-62.0
1777890094.1533325,-1.0,-2.0,-59.0
1777890094.1633325,-1.0,-2.0,-64.0
1777890094.1733325,0.0,-2.0,-66.0
1777890094.1833324,2.0,1.0,-70.0
1777890094.1933324,6.0,6.0,-71.0
1777890094.2033324,5.0,3.0,-69.0
1777890094.2133324,0.0,2.0,-69.0
1777890094.2233324,0.0,7.0,-72.0
1777890094.2333324,-4.0,4.0,-80.0
1777890094.2433324,-4.0,0.0,-84.0
1777890094.2533324,-4.0,2.0,-81.0
1777890094.2633324,-2.0,4.0,-78.0
1777890094.2733324,2.0,8.0,-78.0
1777890094.2833323,-1.0,6.0,-80.0
1777890094.2933323,-4.0,5.0,-79.0
1777890094.3033323,-2.0,3.0,-79.0
1777890094.3133323,0.0,2.0,-81.0
1777890094.3233323,-2.0,4.0,-81.0
1777890094.3333323,-2.0,4.0,-86.0
1777890094.3433323,-3.0,2.0,-90.0
1777890094.3533323,-4.0,-2.0,-89.0
1777890094.3633325,-5.0,-1.0,-78.0
1777890094.3733325,-3.0,-4.0,-75.0
1777890094.3833325,0.0,-5.0,-74.0
1777890094.3933325,-2.0,-3.0,-72.0
1777890094.4033325,-5.0,-5.0,-74.0
1777890094.4133325,-1.0,-5.0,-74.0
1777890094.4233325,2.0,0.0,-71.0
1777890094.4333324,1.0,-2.0,-78.0
1777890094.4433324,2.0,-8.0,-83.0
1777890094.4533324,3.0,-5.0,-80.0
1777890094.4633324,4.0,-4.0,-79.0
1777890094.4733324,8.0,-7.0,-79.0
1777890094.4833324,4.0,-7.0,-78.0
1777890094.4933324,1.0,-7.0,-70.0
1777890094.5033324,0.0,-4.0,-66.0
1777890094.5133324,0.0,-2.0,-64.0
1777890094.5233324,0.0,2.0,-63.0
1777890094.5333323,0.0,-1.0,-66.0
1777890094.5433323,1.0,-2.0,-68.0
1777890094.5533323,2.0,0.0,-71.0
1777890094.5633323,1.0,0.0,-73.0
1777890094.5733323,3.0,2.0,-70.0
1777890094.5833323,5.0,1.0,-69.0
1777890094.5933323,6.0,0.0,-71.0
1777890094.6033323,6.0,0.0,-76.0
1777890094.6133325,3.0,0.0,-83.0
1777890094.6233325,0.0,-1.0,-81.0
1777890094.6333325,2.0,-1.0,-83.0
1777890094.6433325,-1.0,-4.0,-81.0
1777890094.6533325,0.0,-7.0,-79.0
1777890094.6633325,1.0,-5.0,-78.0
1777890094.6733325,3.0,0.0,-81.0
1777890094.6833324,0.0,1.0,-84.0
1777890094.6933324,-2.0,-1.0,-80.0
1777890094.7033324,-4.0,-1.0,-79.0
1777890094.7133324,0.0,3.0,-81.0
1777890094.7233324,2.0,0.0,-76.0
1777890094.7333324,1.0,1.0,-75.0
1777890094.7433324,0.0,0.0,-75.0
1777890094.7533324,-1.0,0.0,-77.0
1777890094.7633324,-1.0,-5.0,-73.0
1777890094.7733324,-1.0,-8.0,-68.0
1777890094.7833323,-1.0,-1.0,-64.0
1777890094.7933323,-1.0,2.0,-64.0
1777890094.8033323,-8.0,3.0,-68.0
1777890094.8133323,-7.0,2.0,-65.0
1777890094.8233323,-4.0,4.0,-69.0
1777890094.8333323,-7.0,5.0,-68.0
1777890094.8433323,-3.0,3.0,-75.0
1777890094.8533323,3.0,0.0,-70.0
1777890094.8633325,5.0,-2.0,-68.0
1777890094.8733325,5.0,-1.0,-70.0
1777890094.8833325,7.0,1.0,-70.0
1777890094.8933325,2.0,0.0,-73.0
1777890094.9033325,1.0,1.0,-78.0
1777890094.9133325,0.0,2.0,-70.0
1777890094.9243324,-1.0,2.0,-74.0
1777890094.9333324,0.0,2.0,-80.0
1777890094.9433324,0.0,-1.0,-83.0
1777890094.9533324,2.0,0.0,-82.0
1777890094.9633324,0.0,-1.0,-78.0
1777890094.9733324,2.0,-2.0,-84.0
1777890094.9833324,1.0,-3.0,-88.0
1777890094.9933324,5.0,-4.0,-76.0
1777890095.0033324,1.0,-6.0,-75.0
1777890095.0133324,2.0,-6.0,-75.0
1777890095.0233324,4.0,-3.0,-73.0
1777890095.0333323,7.0,-2.0,-69.0
1777890095.0433323,6.0,-1.0,-73.0
1777890095.0533323,8.0,0.0,-68.0
1777890095.0633323,6.0,0.0,-71.0
1777890095.0733323,3.0,0.0,-70.0
1777890095.0833323,-2.0,1.0,-72.0
1777890095.0933323,-1.0,0.0,-74.0
1777890095.1033323,0.0,2.0,-77.0
1777890095.1133325,0.0,-1.0,-74.0
1777890095.1233325,0.0,0.0,-77.0
1777890095.1333325,1.0,-3.0,-82.0
1777890095.1433325,1.0,1.0,-81.0
1777890095.1533325,2.0,0.0,-80.0
1777890095.1633325,0.0,2.0,-78.0
1777890095.1733325,-2.0,1.0,-69.0
1777890095.1833324,-3.0,0.0,-68.0
1777890095.1933324,-3.0,0.0,-70.0
1777890095.2033324,0.0,1.0,-78.0
1777890095.2133324,-1.0,-1.0,-83.0
1777890095.2233324,1.0,-1.0,-79.0
1777890095.2333324,2.0,-1.0,-77.0
1777890095.2433324,1.0,-3.0,-79.0
1777890095.2533324,-1.0,0.0,-80.0
1777890095.2633324,-1.0,-2.0,-77.0
1777890095.2733324,0.0,-1.0,-76.0
1777890095.2833323,5.0,0.0,-74.0
1777890095.2933323,2.0,-2.0,-70.0
1777890095.3033323,1.0,-1.0,-75.0
1777890095.3133323,2.0,-2.0,-76.0
1777890095.3233323,1.0,0.0,-80.0
1777890095.3333323,-5.0,2.0,-72.0
1777890095.3433323,-7.0,1.0,-64.0
1777890095.3533323,-7.0,0.0,-63.0
1777890095.3633325,-2.0,-1.0,-67.0
1777890095.3733325,0.0,2.0,-76.0
1777890095.3833325,0.0,2.0,-78.0
1777890095.3933325,0.0,3.0,-74.0
1777890095.4033325,1.0,1.0,-73.0
1777890095.4133325,-1.0,-2.0,-76.0
1777890095.4233325,-4.0,-5.0,-76.0
1777890095.4333324,0.0,-6.0,-79.0
1777890095.4433324,-4.0,-1.0,-82.0
1777890095.4533324,-4.0,4.0,-83.0
1777890095.4633324,-2.0,4.0,-85.0
1777890095.4743323,-1.0,5.0,-77.0
1777890095.4843323,-5.0,-1.0,-77.0
1777890095.4943323,-4.0,-1.0,-74.0
1777890095.5043323,-5.0,-5.0,-75.0
1777890095.5143323,-6.0,-5.0,-77.0
1777890095.5243323,-6.0,-1.0,-72.0
1777890095.5343325,-8.0,2.0,-69.0
1777890095.5443325,-4.0,2.0,-73.0
1777890095.5543325,-7.0,2.0,-68.0
1777890095.5643325,-7.0,0.0,-70.0
1777890095.5743325,-4.0,1.0,-76.0
1777890095.5843325,1.0,-2.0,-81.0
1777890095.5943325,4.0,-3.0,-81.0
1777890095.6043324,1.0,-8.0,-75.0
1777890095.6143324,4.0,-2.0,-69.0
1777890095.6243324,10.0,-4.0,-70.0
1777890095.6343324,13.0,-3.0,-75.0
1777890095.6443324,11.0,-1.0,-80.0
1777890095.6543324,8.0,-2.0,-78.0
1777890095.6643324,6.0,-4.0,-76.0
1777890095.6743324,4.0,-5.0,-80.0
1777890095.6843324,3.0,0.0,-81.0
1777890095.6943324,5.0,1.0,-79.0
1777890095.7043324,3.0,2.0,-80.0
1777890095.7143323,6.0,1.0,-78.0
1777890095.7243323,7.0,0.0,-79.0
1777890095.7343323,9.0,-4.0,-69.0
1777890095.7443323,6.0,-2.0,-68.0
1777890095.7543323,4.0,-5.0,-75.0
1777890095.7643323,6.0,-3.0,-74.0
1777890095.7743323,7.0,0.0,-79.0
1777890095.7843325,10.0,-3.0,-85.0
1777890095.7943325,10.0,-2.0,-78.0
1777890095.8043325,13.0,-3.0,-79.0
1777890095.8143325,4.0,-9.0,-77.0
1777890095.8243325,3.0,-9.0,-70.0
1777890095.8343325,-1.0,-8.0,-68.0
1777890095.8443325,2.0,-8.0,-66.0
1777890095.8543324,0.0,-10.0,-64.0
1777890095.8643324,-3.0,-13.0,-70.0
1777890095.8743324,-3.0,-12.0,-77.0
1777890095.8843324,0.0,-12.0,-78.0
1777890095.8943324,1.0,-12.0,-72.0
1777890095.9043324,0.0,-11.0,-75.0
1777890095.9143324,-1.0,-8.0,-83.0
1777890095.9243324,-4.0,-8.0,-86.0
1777890095.9343324,-2.0,-7.0,-87.0
1777890095.9443324,-3.0,-6.0,-83.0
1777890095.9543324,1.0,-4.0,-80.0
1777890095.9643323,3.0,-3.0,-83.0
1777890095.9743323,1.0,-6.0,-84.0
1777890095.9843323,3.0,-8.0,-78.0
1777890095.9943323,0.0,-8.0,-83.0
1777890096.0043323,-2.0,-7.0,-89.0
1777890096.0143323,0.0,-7.0,-81.0
1777890096.0243323,0.0,-8.0,-77.0
1777890096.0343325,-2.0,-6.0,-75.0
1777890096.0443325,1.0,-1.0,-76.0
1777890096.0543325,-1.0,0.0,-78.0
1777890096.0643325,-1.0,-5.0,-78.0
1777890096.0743325,2.0,-3.0,-75.0
1777890096.0843325,4.0,-1.0,-80.0
1777890096.0943325,7.0,0.0,-77.0
1777890096.1043324,1.0,-5.0,-75.0
1777890096.1143324,0.0,-4.0,-76.0
1777890096.1243324,-3.0,-4.0,-81.0
1777890096.1343324,1.0,-1.0,-76.0
1777890096.1443324,0.0,-1.0,-78.0
1777890096.1543324,-5.0,-2.0,-76.0
1777890096.1643324,0.0,-4.0,-75.0
1777890096.1743324,4.0,-6.0,-78.0
1777890096.1843324,0.0,-9.0,-79.0
1777890096.1943324,-2.0,-6.0,-76.0
1777890096.2043324,-4.0,-5.0,-75.0
1777890096.2143323,-7.0,-9.0,-72.0
1777890096.2243323,-1.0,-10.0,-68.0
1777890096.2343323,0.0,-7.0,-69.0
1777890096.2443323,-6.0,-1.0,-68.0
1777890096.2543323,-8.0,0.0,-73.0
1777890096.2643323,-3.0,-3.0,-78.0
1777890096.2743323,0.0,-1.0,-79.0
1777890096.2843325,-2.0,1.0,-74.0
1777890096.2943325,-2.0,1.0,-62.0
1777890096.3043325,-2.0,-2.0,-61.0
1777890096.3143325,0.0,-1.0,-65.0
1777890096.3243325,-1.0,0.0,-67.0
1777890096.3343325,-2.0,0.0,-68.0
1777890096.3443325,0.0,0.0,-68.0
1777890096.3543324,0.0,0.0,-75.0
1777890096.3643324,-2.0,0.0,-80.0
1777890096.3743324,-3.0,0.0,-78.0
1777890096.3843324,-3.0,2.0,-79.0
1777890096.3943324,0.0,1.0,-74.0
1777890096.4043324,3.0,1.0,-80.0
1777890096.4143324,3.0,5.0,-75.0
1777890096.4243324,3.0,6.0,-71.0
1777890096.4343324,1.0,5.0,-68.0
1777890096.4443324,0.0,2.0,-66.0
1777890096.4543324,4.0,2.0,-70.0
1777890096.4643323,0.0,1.0,-76.0
1777890096.4743323,0.0,0.0,-79.0
1777890096.4843323,0.0,0.0,-77.0
1777890096.4943323,-3.0,1.0,-76.0
1777890096.5043323,-1.0,3.0,-72.0
1777890096.5143323,1.0,3.0,-71.0
1777890096.5243323,-1.0,3.0,-75.0
1777890096.5343325,-4.0,3.0,-70.0
1777890096.5443325,-1.0,2.0,-68.0
1777890096.5543325,-2.0,4.0,-72.0
1777890096.5643325,0.0,4.0,-74.0
1777890096.5743325,2.0,1.0,-78.0
1777890096.5843325,1.0,0.0,-76.0
1777890096.5943325,5.0,0.0,-74.0
1777890096.6043324,7.0,0.0,-75.0
1777890096.6143324,10.0,2.0,-75.0
1777890096.6243324,8.0,0.0,-74.0
1777890096.6343324,5.0,-2.0,-75.0
1777890096.6443324,5.0,-3.0,-71.0
1777890096.6543324,0.0,-3.0,-67.0
1777890096.6643324,0.0,-3.0,-61.0
1777890096.6743324,2.0,0.0,-66.0
1777890096.6843324,3.0,-3.0,-68.0
1777890096.6943324,0.0,0.0,-74.0
1777890096.7043324,2.0,2.0,-72.0
1777890096.7143323,0.0,0.0,-74.0
1777890096.7243323,-1.0,-2.0,-74.0
1777890096.7343323,0.0,0.0,-70.0
1777890096.7443323,3.0,-2.0,-72.0
1777890096.7543323,-2.0,-3.0,-76.0
1777890096.7643323,-4.0,-6.0,-80.0
1777890096.7743323,-6.0,-6.0,-78.0
1777890096.7843325,-6.0,-5.0,-74.0
1777890096.7943325,-6.0,-1.0,-77.0
1777890096.8043325,-3.0,-2.0,-73.0
1777890096.8143325,-1.0,-2.0,-81.0
1777890096.8243325,-1.0,0.0,-76.0
1777890096.8343325,0.0,4.0,-77.0
1777890096.8443325,1.0,6.0,-79.0
1777890096.8543324,0.0,5.0,-77.0
1777890096.8643324,0.0,5.0,-70.0
1777890096.8743324,3.0,1.0,-72.0
1777890096.8843324,3.0,1.0,-73.0
1777890096.8943324,3.0,3.0,-82.0
1777890096.9043324,3.0,3.0,-86.0
1777890096.9143324,3.0,3.0,-87.0
1777890096.9243324,6.0,2.0,-84.0
1777890096.9343324,4.0,0.0,-78.0
1777890096.9443324,1.0,-2.0,-82.0
1777890096.9543324,0.0,0.0,-83.0
1777890096.9643323,-1.0,3.0,-76.0
1777890096.9743323,-4.0,8.0,-75.0
1777890096.9843323,-4.0,6.0,-67.0
1777890096.9943323,-3.0,3.0,-68.0
1777890097.0043323,1.0,2.0,-65.0
1777890097.0143323,4.0,0.0,-64.0
1777890097.0243323,3.0,-2.0,-64.0
1777890097.0343325,6.0,-5.0,-63.0
1777890097.0443325,5.0,-5.0,-62.0
1777890097.0543325,3.0,-4.0,-66.0
1777890097.0643325,0.0,0.0,-64.0
1777890097.0743325,-4.0,0.0,-70.0
1777890097.0843325,-7.0,0.0,-73.0
1777890097.0943325,-3.0,-3.0,-70.0
1777890097.1043324,-5.0,-2.0,-70.0
1777890097.1143324,-2.0,0.0,-72.0
1777890097.1243324,1.0,0.0,-76.0
1777890097.1343324,0.0,1.0,-77.0
1777890097.1443324,-1.0,1.0,-83.0
1777890097.1543324,0.0,-2.0,-85.0
1777890097.1643324,-2.0,-4.0,-89.0
1777890097.1743324,-9.0,-4.0,-90.0
1777890097.1843324,-10.0,-2.0,-83.0
1777890097.1943324,-6.0,-4.0,-83.0
1777890097.2043324,-1.0,-7.0,-81.0
1777890097.2143323,1.0,-6.0,-79.0
1777890097.2243323,-1.0,-7.0,-77.0
1777890097.2343323,-5.0,-6.0,-78.0
1777890097.2443323,-3.0,-3.0,-74.0
1777890097.2543323,-5.0,-1.0,-73.0
1777890097.2643323,-4.0,-2.0,-70.0
1777890097.2743323,-2.0,-1.0,-74.0
1777890097.2843325,-1.0,-1.0,-80.0
1777890097.2943325,2.0,0.0,-88.0
1777890097.3043325,-2.0,-3.0,-92.0
1777890097.3143325,-2.0,-4.0,-88.0
1777890097.3243325,-1.0,-9.0,-91.0
1777890097.3343325,-5.0,-10.0,-88.0
1777890097.3443325,-2.0,-8.0,-84.0
1777890097.3543324,-3.0,-12.0,-83.0
1777890097.3643324,-4.0,-8.0,-81.0
1777890097.3743324,0.0,-4.0,-78.0
1777890097.3843324,-1.0,-4.0,-78.0
1777890097.3943324,-1.0,-6.0,-72.0
1777890097.4043324,1.0,-3.0,-71.0
1777890097.4153323,2.0,-6.0,-77.0
1777890097.4243324,-1.0,-6.0,-78.0
1777890097.4343324,-1.0,-5.0,-81.0
1777890097.4453323,0.0,-2.0,-81.0
1777890097.4553325,7.0,-8.0,-80.0
1777890097.4653325,4.0,-4.0,-82.0
1777890097.4753325,4.0,-2.0,-80.0
1777890097.4853325,3.0,0.0,-78.0
1777890097.4953325,2.0,1.0,-81.0
1777890097.5053325,2.0,0.0,-85.0
1777890097.5153325,1.0,0.0,-87.0
1777890097.5253325,2.0,1.0,-85.0
1777890097.5353324,1.0,0.0,-86.0
1777890097.5453324,7.0,0.0,-89.0
1777890097.5553324,10.0,-1.0,-90.0
1777890097.5653324,9.0,-4.0,-87.0
1777890097.5753324,9.0,-5.0,-84.0
1777890097.5853324,9.0,-4.0,-85.0
1777890097.5953324,9.0,-4.0,-77.0
1777890097.6053324,4.0,-6.0,-75.0
1777890097.6153324,3.0,-7.0,-72.0
1777890097.6253324,0.0,-4.0,-70.0
1777890097.6353323,-1.0,-5.0,-68.0
1777890097.6453323,2.0,-5.0,-62.0
1777890097.6553323,1.0,-7.0,-61.0
1777890097.6653323,2.0,-5.0,-63.0
1777890097.6753323,0.0,-5.0,-61.0
1777890097.6853323,-2.0,-6.0,-61.0
1777890097.6953323,-2.0,-3.0,-69.0
1777890097.7053325,-3.0,0.0,-74.0
1777890097.7153325,0.0,0.0,-69.0
1777890097.7253325,2.0,0.0,-70.0
1777890097.7353325,2.0,0.0,-77.0
1777890097.7453325,0.0,0.0,-78.0
1777890097.7553325,-5.0,0.0,-77.0
1777890097.7653325,-4.0,-1.0,-76.0
1777890097.7753325,-1.0,-4.0,-75.0
1777890097.7853324,-3.0,-1.0,-79.0
1777890097.7953324,-3.0,0.0,-80.0
1777890097.8053324,-7.0,1.0,-88.0
1777890097.8153324,-6.0,0.0,-92.0
1777890097.8253324,-4.0,-1.0,-80.0
1777890097.8353324,-4.0,-7.0,-74.0
1777890097.8453324,-3.0,-13.0,-67.0
1777890097.8553324,0.0,-11.0,-69.0
1777890097.8653324,-2.0,-10.0,-73.0
1777890097.8753324,-4.0,-12.0,-72.0
1777890097.8853323,-1.0,-7.0,-78.0
1777890097.8953323,-2.0,-8.0,-81.0
1777890097.9053323,0.0,-4.0,-76.0
1777890097.9153323,-1.0,-2.0,-75.0
1777890097.9253323,-2.0,-2.0,-77.0
1777890097.9353323,-2.0,0.0,-83.0
1777890097.9453323,1.0,-2.0,-82.0
1777890097.9553325,0.0,-1.0,-81.0
1777890097.9653325,0.0,-7.0,-84.0
1777890097.9753325,2.0,-10.0,-79.0
1777890097.9853325,0.0,-8.0,-77.0
1777890097.9953325,-1.0,-6.0,-70.0
1777890098.0053325,-5.0,-3.0,-82.0
1777890098.0153325,0.0,-1.0,-80.0
1777890098.0253325,0.0,-3.0,-77.0
1777890098.0353324,0.0,-2.0,-84.0
1777890098.0453324,0.0,-3.0,-94.0
1777890098.0553324,1.0,-2.0,-90.0
1777890098.0653324,7.0,-7.0,-78.0
1777890098.0753324,2.0,-8.0,-75.0
1777890098.0853324,5.0,-7.0,-74.0
1777890098.0953324,3.0,-4.0,-75.0
1777890098.1053324,1.0,-4.0,-78.0
1777890098.1153324,1.0,-4.0,-80.0
1777890098.1253324,-2.0,-4.0,-74.0
1777890098.1353323,-6.0,2.0,-74.0
1777890098.1453323,-1.0,2.0,-72.0
1777890098.1553323,3.0,0.0,-70.0
1777890098.1653323,0.0,0.0,-68.0
1777890098.1753323,0.0,-2.0,-73.0
1777890098.1853323,3.0,-4.0,-70.0
1777890098.1953323,6.0,-3.0,-77.0
1777890098.2053325,4.0,-4.0,-76.0
1777890098.2153325,4.0,-4.0,-67.0
1777890098.2253325,4.0,-5.0,-68.0
1777890098.2353325,2.0,-8.0,-72.0
1777890098.2453325,0.0,-7.0,-66.0
1777890098.2553325,-1.0,-10.0,-64.0
1777890098.2653325,0.0,-5.0,-64.0
1777890098.2753325,-1.0,-8.0,-66.0
1777890098.2853324,-1.0,-6.0,-64.0
1777890098.2953324,0.0,-7.0,-64.0
1777890098.3053324,5.0,-2.0,-63.0
1777890098.3153324,4.0,-5.0,-63.0
1777890098.3253324,5.0,-6.0,-66.0
1777890098.3353324,3.0,-3.0,-67.0
1777890098.3453324,2.0,-2.0,-69.0
1777890098.3553324,1.0,-1.0,-67.0
1777890098.3653324,2.0,0.0,-69.0
1777890098.3753324,0.0,3.0,-65.0
1777890098.3853323,3.0,1.0,-65.0
1777890098.3953323,4.0,-2.0,-67.0
1777890098.4053323,4.0,-7.0,-72.0
1777890098.4153323,7.0,-4.0,-83.0
1777890098.4253323,2.0,-4.0,-78.0
1777890098.4353323,0.0,-6.0,-83.0
1777890098.4453323,0.0,-5.0,-92.0
1777890098.4553325,-1.0,-8.0,-87.0
1777890098.4653325,1.0,-2.0,-79.0
1777890098.4753325,-2.0,-2.0,-73.0
1777890098.4853325,1.0,0.0,-77.0
1777890098.4953325,6.0,-3.0,-72.0
1777890098.5053325,7.0,-5.0,-69.0
1777890098.5153325,3.0,-7.0,-69.0
1777890098.5253325,3.0,-9.0,-65.0
1777890098.5353324,3.0,-8.0,-65.0
1777890098.5453324,5.0,-5.0,-64.0
1777890098.5553324,4.0,-6.0,-64.0
1777890098.5653324,2.0,-4.0,-66.0
1777890098.5753324,4.0,-3.0,-72.0
1777890098.5853324,5.0,-6.0,-72.0
1777890098.5953324,10.0,-1.0,-72.0
1777890098.6053324,5.0,1.0,-76.0
1777890098.6153324,2.0,0.0,-80.0
1777890098.6253324,2.0,0.0,-79.0
1777890098.6353323,0.0,0.0,-72.0
1777890098.6453323,0.0,0.0,-73.0
1777890098.6553323,0.0,4.0,-73.0
1777890098.6653323,2.0,3.0,-77.0
1777890098.6753323,3.0,0.0,-77.0
1777890098.6853323,4.0,2.0,-77.0
1777890098.6953323,2.0,3.0,-73.0
1777890098.7053325,0.0,4.0,-78.0
1777890098.7153325,-2.0,5.0,-75.0
1777890098.7253325,-3.0,7.0,-78.0
1777890098.7353325,-3.0,4.0,-77.0
1777890098.7453325,0.0,6.0,-73.0
1777890098.7553325,0.0,3.0,-77.0
1777890098.7653325,-1.0,1.0,-83.0
1777890098.7753325,0.0,-3.0,-76.0
1777890098.7853324,-1.0,-9.0,-73.0
1777890098.7953324,-4.0,-8.0,-71.0
1777890098.8053324,-1.0,-7.0,-71.0
1777890098.8153324,-3.0,-4.0,-72.0
1777890098.8253324,0.0,-1.0,-73.0
1777890098.8353324,0.0,-2.0,-72.0
1777890098.8453324,2.0,-5.0,-75.0
1777890098.8553324,2.0,-6.0,-76.0
1777890098.8653324,0.0,-6.0,-70.0
1777890098.8753324,0.0,-6.0,-70.0
1777890098.8853323,-1.0,-3.0,-66.0
1777890098.8953323,-3.0,-4.0,-71.0
1777890098.9053323,-2.0,-6.0,-72.0
1777890098.9153323,-5.0,-7.0,-76.0
1777890098.9253323,-1.0,-4.0,-76.0
1777890098.9353323,0.0,-2.0,-74.0
1777890098.9453323,0.0,-2.0,-73.0
1777890098.9553325,0.0,-3.0,-75.0
1777890098.9653325,1.0,-1.0,-80.0
1777890098.9753325,4.0,-2.0,-80.0
1777890098.9853325,5.0,-6.0,-87.0
1777890098.9953325,3.0,-4.0,-89.0
1777890099.0063324,1.0,-5.0,-87.0
1777890099.0153325,2.0,-2.0,-80.0
1777890099.0253325,2.0,-2.0,-86.0
1777890099.0353324,4.0,0.0,-87.0
1777890099.0453324,3.0,-1.0,-89.0
1777890099.0553324,6.0,0.0,-87.0
1777890099.0653324,2.0,-3.0,-81.0
1777890099.0753324,4.0,-3.0,-79.0
1777890099.0853324,2.0,-4.0,-71.0
1777890099.0953324,0.0,-3.0,-69.0
1777890099.1053324,1.0,-3.0,-68.0
1777890099.1153324,6.0,-3.0,-65.0
1777890099.1253324,5.0,-5.0,-68.0
1777890099.1353323,3.0,-2.0,-68.0
1777890099.1453323,1.0,-1.0,-71.0
1777890099.1553323,-1.0,-5.0,-73.0
1777890099.1653323,-1.0,-7.0,-76.0
1777890099.1753323,0.0,-8.0,-76.0
1777890099.1853323,-3.0,-10.0,-77.0
1777890099.1953323,-4.0,-5.0,-80.0
1777890099.2053325,-7.0,-4.0,-84.0
1777890099.2153325,-1.0,0.0,-84.0
1777890099.2253325,-5.0,2.0,-73.0
1777890099.2353325,0.0,0.0,-72.0
1777890099.2453325,0.0,1.0,-70.0
1777890099.2553325,-3.0,3.0,-80.0
1777890099.2653325,0.0,4.0,-70.0
1777890099.2753325,0.0,5.0,-61.0
1777890099.2853324,-2.0,6.0,-64.0
1777890099.2953324,0.0,2.0,-66.0
1777890099.3053324,-2.0,2.0,-66.0
1777890099.3153324,3.0,1.0,-73.0
1777890099.3253324,7.0,-1.0,-72.0
1777890099.3353324,8.0,-3.0,-72.0
1777890099.3453324,5.0,-5.0,-74.0
1777890099.3553324,2.0,-3.0,-70.0
1777890099.3653324,2.0,-1.0,-68.0
1777890099.3753324,7.0,-1.0,-73.0
1777890099.3853323,7.0,-5.0,-74.0
1777890099.3953323,4.0,-3.0,-74.0
1777890099.4053323,5.0,-2.0,-75.0
1777890099.4153323,5.0,-4.0,-80.0
1777890099.4263325,4.0,-7.0,-82.0
1777890099.4363325,3.0,-6.0,-76.0
1777890099.4463325,0.0,-9.0,-82.0
1777890099.4563324,-2.0,-6.0,-83.0
1777890099.4663324,-2.0,-8.0,-79.0
1777890099.4763324,0.0,-9.0,-80.0
1777890099.4863324,2.0,-11.0,-83.0
1777890099.4963324,1.0,-8.0,-81.0
1777890099.5063324,4.0,-2.0,-78.0
1777890099.5163324,4.0,0.0,-76.0
1777890099.5263324,3.0,4.0,-76.0
1777890099.5363324,-2.0,5.0,-77.0
1777890099.5463324,1.0,2.0,-81.0
1777890099.5563323,3.0,0.0,-82.0
1777890099.5663323,-1.0,-1.0,-77.0
1777890099.5763323,0.0,-2.0,-82.0
1777890099.5863323,-3.0,1.0,-73.0
1777890099.5963323,-2.0,-1.0,-71.0
1777890099.6063323,2.0,-1.0,-65.0
1777890099.6163323,3.0,-4.0,-67.0
1777890099.6263323,2.0,-6.0,-71.0
1777890099.6363325,-4.0,-7.0,-72.0
1777890099.6463325,-5.0,-7.0,-73.0
1777890099.6563325,-6.0,-6.0,-75.0
1777890099.6663325,-3.0,-5.0,-71.0
1777890099.6763325,-5.0,-4.0,-69.0
1777890099.6863325,-4.0,-1.0,-68.0
1777890099.6963325,0.0,-1.0,-74.0
1777890099.7063324,-1.0,-1.0,-70.0
1777890099.7163324,-1.0,-3.0,-74.0
1777890099.7263324,3.0,0.0,-75.0
1777890099.7363324,1.0,-2.0,-76.0
1777890099.7463324,1.0,0.0,-68.0
1777890099.7563324,1.0,4.0,-72.0
1777890099.7663324,0.0,4.0,-71.0
1777890099.7763324,-2.0,3.0,-75.0
1777890099.7863324,-3.0,4.0,-66.0
1777890099.7963324,-4.0,1.0,-74.0
1777890099.8063323,-7.0,1.0,-83.0
1777890099.8163323,-2.0,-3.0,-86.0
1777890099.8263323,0.0,-9.0,-83.0
1777890099.8363323,2.0,-4.0,-81.0
1777890099.8463323,7.0,-6.0,-85.0
1777890099.8563323,3.0,-6.0,-85.0
1777890099.8663323,6.0,-1.0,-84.0
1777890099.8763323,9.0,-6.0,-77.0
1777890099.8863325,1.0,-7.0,-79.0
1777890099.8963325,2.0,-2.0,-78.0
1777890099.9063325,2.0,-1.0,-77.0
1777890099.9163325,1.0,-3.0,-73.0
1777890099.9263325,0.0,-1.0,-77.0
1777890099.9363325,-2.0,-1.0,-81.0
1777890099.9463325,1.0,0.0,-82.0
1777890099.9563324,2.0,-1.0,-82.0
1777890099.9663324,1.0,-1.0,-79.0
1777890099.9763324,0.0,0.0,-76.0
1777890099.9863324,-3.0,2.0,-75.0
1777890099.9963324,0.0,1.0,-75.0
1777890100.0063324,-5.0,1.0,-76.0
1777890100.0163324,0.0,-1.0,-85.0
1777890100.0263324,1.0,0.0,-86.0
1777890100.0363324,2.0,2.0,-84.0
1777890100.0463324,5.0,0.0,-79.0
1777890100.0563323,5.0,0.0,-79.0
1777890100.0663323,5.0,-4.0,-74.0
1777890100.0763323,5.0,-4.0,-69.0
1777890100.0863323,2.0,-5.0,-65.0
1777890100.0963323,4.0,-4.0,-66.0
1777890100.1063323,0.0,-8.0,-74.0
1777890100.1163323,0.0,-6.0,-72.0
1777890100.1263323,-4.0,-4.0,-76.0
1777890100.1363325,-3.0,-3.0,-73.0
1777890100.1463325,3.0,-1.0,-71.0
1777890100.1563325,4.0,-3.0,-69.0
1777890100.1663325,5.0,-5.0,-77.0
1777890100.1763325,5.0,-4.0,-73.0
1777890100.1863325,6.0,-5.0,-66.0
1777890100.1963325,3.0,-5.0,-71.0
1777890100.2063324,1.0,1.0,-78.0
1777890100.2163324,-3.0,0.0,-75.0
1777890100.2263324,-7.0,-2.0,-80.0
1777890100.2363324,-8.0,-6.0,-82.0
1777890100.2463324,-12.0,-8.0,-82.0
1777890100.2563324,-9.0,-13.0,-82.0
1777890100.2663324,-7.0,-11.0,-79.0
1777890100.2763324,-3.0,-8.0,-85.0
1777890100.2863324,0.0,-10.0,-77.0
1777890100.2963324,2.0,-4.0,-87.0
1777890100.3063323,-2.0,0.0,-85.0
1777890100.3163323,0.0,0.0,-89.0
1777890100.3263323,2.0,-2.0,-90.0
1777890100.3363323,0.0,-2.0,-91.0
1777890100.3463323,-7.0,0.0,-84.0
1777890100.3563323,-8.0,-3.0,-79.0
1777890100.3663323,-6.0,-5.0,-78.0
1777890100.3763323,-9.0,-11.0,-76.0
1777890100.3863325,-9.0,-7.0,-78.0
1777890100.3963325,-9.0,-10.0,-70.0
1777890100.4063325,0.0,-11.0,-62.0
1777890100.4163325,2.0,-5.0,-65.0
1777890100.4263325,1.0,0.0,-71.0
1777890100.4363325,1.0,0.0,-80.0
1777890100.4463325,5.0,0.0,-75.0
1777890100.4563324,2.0,0.0,-69.0
1777890100.4663324,2.0,0.0,-74.0
1777890100.4763324,3.0,3.0,-79.0
1777890100.4863324,10.0,3.0,-77.0
1777890100.4963324,11.0,0.0,-80.0
1777890100.5063324,11.0,-1.0,-79.0
1777890100.5163324,11.0,-2.0,-78.0
1777890100.5263324,7.0,1.0,-77.0
1777890100.5363324,2.0,-2.0,-74.0
1777890100.5463324,0.0,0.0,-77.0
1777890100.5563323,4.0,3.0,-73.0
1777890100.5663323,2.0,3.0,-68.0
1777890100.5763323,4.0,6.0,-67.0
1777890100.5863323,2.0,8.0,-65.0
1777890100.5963323,0.0,11.0,-62.0
1777890100.6063323,0.0,6.0,-69.0
1777890100.6163323,-3.0,8.0,-73.0
1777890100.6263323,-1.0,9.0,-70.0
1777890100.6363325,2.0,8.0,-73.0
1777890100.6463325,2.0,11.0,-74.0
1777890100.6563325,4.0,8.0,-74.0
1777890100.6663325,4.0,2.0,-74.0
1777890100.6763325,4.0,5.0,-68.0
1777890100.6863325,5.0,9.0,-64.0
1777890100.6963325,9.0,10.0,-62.0
1777890100.7063324,6.0,12.0,-72.0
1777890100.7163324,8.0,9.0,-74.0
1777890100.7263324,3.0,5.0,-70.0
1777890100.7363324,5.0,4.0,-72.0
1777890100.7463324,4.0,-1.0,-70.0
1777890100.7563324,7.0,0.0,-68.0
1777890100.7663324,2.0,-1.0,-62.0
1777890100.7763324,5.0,-5.0,-59.0
1777890100.7863324,6.0,-8.0,-61.0
1777890100.7963324,11.0,-6.0,-67.0
1777890100.8063323,5.0,-4.0,-70.0
1777890100.8163323,7.0,-2.0,-71.0
1777890100.8263323,6.0,-1.0,-75.0
1777890100.8363323,4.0,0.0,-74.0
1777890100.8463323,4.0,-4.0,-71.0
1777890100.8563323,5.0,-4.0,-76.0
1777890100.8663323,5.0,-1.0,-76.0
1777890100.8763323,2.0,0.0,-80.0
1777890100.8863325,5.0,0.0,-77.0
1777890100.8963325,2.0,-1.0,-82.0
1777890100.9063325,0.0,0.0,-85.0
1777890100.9163325,-5.0,2.0,-84.0
1777890100.9263325,-3.0,5.0,-85.0
1777890100.9363325,-4.0,5.0,-85.0
1777890100.9463325,-5.0,2.0,-81.0
1777890100.9563324,-8.0,-1.0,-74.0
1777890100.9663324,-10.0,-2.0,-73.0
1777890100.9763324,-5.0,-5.0,-74.0
1777890100.9863324,-8.0,-5.0,-66.0
1777890100.9963324,-11.0,-7.0,-66.0
1777890101.0063324,-10.0,-8.0,-69.0
1777890101.0163324,-12.0,-6.0,-70.0
1777890101.0263324,-7.0,-5.0,-74.0
1777890101.0363324,-7.0,-7.0,-76.0
1777890101.0463324,-6.0,-6.0,-72.0
1777890101.0563323,-8.0,-7.0,-73.0
1777890101.0663323,-5.0,-5.0,-69.0
1777890101.0763323,-4.0,-6.0,-72.0
1777890101.0863323,-1.0,-8.0,-74.0
1777890101.0963323,-1.0,-7.0,-77.0
1777890101.1063323,2.0,-8.0,-78.0
1777890101.1163323,0.0,-10.0,-74.0
1777890101.1263323,-1.0,-6.0,-76.0
1777890101.1363325,-1.0,-10.0,-79.0
1777890101.1463325,2.0,-4.0,-69.0
1777890101.1563325,3.0,-1.0,-71.0
1777890101.1663325,3.0,-3.0,-70.0
1777890101.1763325,3.0,-6.0,-69.0
1777890101.1863325,0.0,-5.0,-72.0
1777890101.1963325,0.0,-5.0,-68.0
1777890101.2063324,0.0,-2.0,-69.0
1777890101.2163324,-2.0,-6.0,-74.0
1777890101.2263324,-4.0,-4.0,-78.0
1777890101.2363324,-6.0,-2.0,-78.0
1777890101.2463324,-9.0,-2.0,-85.0
1777890101.2563324,-10.0,-2.0,-81.0
1777890101.2663324,-9.0,-1.0,-76.0
1777890101.2763324,-10.0,-1.0,-73.0
1777890101.2863324,-10.0,2.0,-72.0
1777890101.2963324,-10.0,4.0,-71.0
1777890101.3063323,-7.0,2.0,-71.0
1777890101.3163323,-4.0,4.0,-67.0
1777890101.3263323,-5.0,2.0,-69.0
1777890101.3363323,-3.0,3.0,-70.0
1777890101.3463323,-1.0,0.0,-68.0
1777890101.3563323,-5.0,-5.0,-66.0
1777890101.3663323,-5.0,-2.0,-74.0
1777890101.3763323,-1.0,-3.0,-80.0
1777890101.3863325,2.0,0.0,-77.0
1777890101.3963325,0.0,5.0,-75.0
1777890101.4073324,-3.0,8.0,-70.0
1777890101.4173324,-3.0,7.0,-76.0
1777890101.4273324,-7.0,2.0,-81.0
1777890101.4373324,-7.0,0.0,-85.0
1777890101.4473324,-5.0,-6.0,-85.0
1777890101.4573324,-7.0,-5.0,-84.0
1777890101.4673324,-8.0,-9.0,-83.0
1777890101.4773324,-7.0,-11.0,-81.0
1777890101.4873323,-2.0,-4.0,-79.0
1777890101.4973323,-2.0,-3.0,-79.0
1777890101.5073323,0.0,1.0,-87.0
1777890101.5173323,0.0,-1.0,-87.0
1777890101.5273323,4.0,0.0,-85.0
1777890101.5373323,4.0,0.0,-78.0
1777890101.5473323,0.0,2.0,-73.0
1777890101.5573325,-1.0,0.0,-70.0
1777890101.5673325,-6.0,-1.0,-74.0
1777890101.5773325,-4.0,-3.0,-73.0
1777890101.5873325,-1.0,-2.0,-72.0
1777890101.5973325,1.0,0.0,-75.0
1777890101.6073325,2.0,1.0,-80.0
1777890101.6173325,4.0,4.0,-79.0
1777890101.6273324,0.0,6.0,-82.0
1777890101.6373324,-2.0,6.0,-80.0
1777890101.6473324,-1.0,3.0,-83.0
1777890101.6573324,0.0,2.0,-87.0
1777890101.6673324,0.0,6.0,-89.0
1777890101.6773324,-2.0,5.0,-91.0
1777890101.6873324,0.0,0.0,-88.0
1777890101.6973324,0.0,0.0,-82.0
1777890101.7073324,-1.0,1.0,-74.0
1777890101.7173324,0.0,0.0,-74.0
1777890101.7273324,2.0,0.0,-78.0
1777890101.7373323,-1.0,0.0,-74.0
1777890101.7473323,-3.0,0.0,-73.0
1777890101.7573323,-1.0,4.0,-72.0
1777890101.7673323,-3.0,0.0,-77.0
1777890101.7773323,3.0,0.0,-74.0
1777890101.7873323,1.0,-3.0,-64.0
1777890101.7973323,0.0,-2.0,-64.0
1777890101.8073325,0.0,0.0,-62.0
1777890101.8173325,-3.0,-1.0,-60.0
1777890101.8273325,0.0,0.0,-68.0
1777890101.8373325,0.0,-5.0,-66.0
1777890101.8473325,2.0,-7.0,-66.0
1777890101.8573325,1.0,-3.0,-66.0
1777890101.8673325,1.0,0.0,-68.0
1777890101.8773324,2.0,0.0,-78.0
1777890101.8873324,0.0,-6.0,-79.0
1777890101.8973324,0.0,-5.0,-79.0
1777890101.9073324,1.0,-2.0,-76.0
1777890101.9173324,-2.0,1.0,-75.0
1777890101.9273324,-9.0,4.0,-72.0
1777890101.9373324,-9.0,-1.0,-71.0
1777890101.9473324,-8.0,-1.0,-71.0
1777890101.9573324,-7.0,-3.0,-70.0
1777890101.9673324,-5.0,0.0,-76.0
1777890101.9773324,-4.0,0.0,-81.0
1777890101.9873323,-1.0,4.0,-85.0
1777890101.9973323,-4.0,4.0,-85.0
1777890102.0073323,-5.0,6.0,-83.0
1777890102.0173323,-3.0,2.0,-82.0
1777890102.0273323,-3.0,-2.0,-81.0
1777890102.0373323,-7.0,-3.0,-75.0
1777890102.0473323,-7.0,-3.0,-76.0
1777890102.0573325,-12.0,-3.0,-79.0
1777890102.0673325,-10.0,-4.0,-78.0
1777890102.0773325,-7.0,-4.0,-75.0
1777890102.0873325,-6.0,0.0,-70.0
1777890102.0973325,-10.0,0.0,-72.0
1777890102.1073325,-6.0,-3.0,-64.0
1777890102.1173325,0.0,0.0,-63.0
1777890102.1273324,0.0,1.0,-72.0
1777890102.1373324,-1.0,1.0,-68.0
1777890102.1473324,-3.0,-2.0,-70.0
1777890102.1573324,-2.0,-1.0,-68.0
1777890102.1673324,4.0,-3.0,-69.0
1777890102.1773324,2.0,-3.0,-73.0
1777890102.1873324,-2.0,-8.0,-76.0
1777890102.1973324,0.0,-8.0,-74.0
1777890102.2073324,1.0,-7.0,-73.0
1777890102.2173324,3.0,-6.0,-68.0
1777890102.2273324,5.0,-5.0,-69.0
1777890102.2373323,4.0,-2.0,-73.0
1777890102.2473323,6.0,1.0,-78.0
1777890102.2573323,7.0,-1.0,-79.0
1777890102.2673323,7.0,0.0,-82.0
1777890102.2773323,5.0,0.0,-74.0
1777890102.2873323,0.0,0.0,-74.0
1777890102.2973323,-1.0,-4.0,-78.0
1777890102.3073325,-2.0,0.0,-80.0
1777890102.3173325,2.0,0.0,-79.0
1777890102.3273325,5.0,0.0,-71.0
1777890102.3373325,8.0,2.0,-66.0
1777890102.3473325,7.0,0.0,-64.0
1777890102.3573325,6.0,-2.0,-67.0
1777890102.3673325,0.0,0.0,-70.0
1777890102.3773324,0.0,0.0,-69.0
1777890102.3873324,0.0,-1.0,-73.0
1777890102.3973324,1.0,-2.0,-78.0
1777890102.4073324,-2.0,-5.0,-80.0
1777890102.4173324,-1.0,-5.0,-86.0
1777890102.4273324,2.0,-1.0,-81.0
1777890102.4373324,5.0,-1.0,-77.0
1777890102.4473324,3.0,1.0,-78.0
1777890102.4573324,2.0,-2.0,-76.0
1777890102.4673324,2.0,-7.0,-75.0
1777890102.4773324,1.0,-7.0,-73.0
1777890102.4873323,4.0,-6.0,-73.0
1777890102.4973323,3.0,-6.0,-81.0
1777890102.5073323,2.0,-9.0,-89.0
1777890102.5173323,2.0,-5.0,-83.0
1777890102.5273323,2.0,-8.0,-84.0
1777890102.5373323,0.0,-5.0,-86.0
1777890102.5473323,-3.0,-3.0,-88.0
1777890102.5573325,-7.0,0.0,-85.0
1777890102.5673325,-7.0,1.0,-76.0
1777890102.5773325,-6.0,3.0,-74.0
1777890102.5873325,-3.0,0.0,-76.0
1777890102.5973325,0.0,3.0,-74.0
1777890102.6073325,2.0,5.0,-69.0
1777890102.6173325,0.0,5.0,-73.0
1777890102.6273324,0.0,3.0,-86.0
1777890102.6373324,3.0,4.0,-79.0
1777890102.6473324,5.0,2.0,-79.0
1777890102.6573324,6.0,-1.0,-78.0
1777890102.6673324,2.0,-3.0,-76.0
1777890102.6773324,4.0,-4.0,-78.0
1777890102.6873324,9.0,-2.0,-78.0
1777890102.6973324,10.0,-5.0,-81.0
1777890102.7073324,4.0,0.0,-85.0
1777890102.7173324,0.0,2.0,-84.0
1777890102.7273324,-1.0,-2.0,-80.0
1777890102.7373323,0.0,-1.0,-77.0
1777890102.7473323,0.0,0.0,-68.0
1777890102.7573323,0.0,-3.0,-61.0
1777890102.7673323,-3.0,0.0,-63.0
1777890102.7773323,-4.0,-5.0,-62.0
1777890102.7873323,-2.0,-2.0,-65.0
1777890102.7973323,0.0,-2.0,-62.0
1777890102.8073325,1.0,-1.0,-65.0
1777890102.8173325,-2.0,-3.0,-68.0
1777890102.8273325,-1.0,-4.0,-66.0
1777890102.8373325,0.0,0.0,-67.0
1777890102.8473325,0.0,1.0,-68.0
1777890102.8573325,11.0,5.0,-72.0
1777890102.8673325,12.0,3.0,-78.0
1777890102.8773324,9.0,3.0,-75.0
1777890102.8873324,6.0,0.0,-76.0
1777890102.8973324,8.0,1.0,-78.0
1777890102.9073324,6.0,-1.0,-76.0
1777890102.9173324,5.0,1.0,-74.0
1777890102.9273324,0.0,-1.0,-73.0
1777890102.9373324,-1.0,-2.0,-74.0
1777890102.9473324,0.0,-6.0,-71.0
1777890102.9573324,-1.0,-4.0,-73.0
1777890102.9673324,-4.0,-8.0,-71.0
1777890102.9773324,1.0,-4.0,-77.0
1777890102.9873323,3.0,-6.0,-73.0
1777890102.9973323,5.0,-1.0,-72.0
1777890103.0073323,2.0,0.0,-68.0
1777890103.0173323,2.0,0.0,-69.0
1777890103.0273323,0.0,-2.0,-68.0
1777890103.0373323,4.0,-2.0,-62.0
1777890103.0473323,4.0,0.0,-71.0
1777890103.0573325,2.0,1.0,-77.0
1777890103.0673325,0.0,2.0,-76.0
1777890103.0773325,1.0,2.0,-77.0
1777890103.0873325,1.0,0.0,-76.0
1777890103.0973325,0.0,2.0,-75.0
1777890103.1073325,-4.0,4.0,-78.0
1777890103.1173325,-4.0,0.0,-73.0
1777890103.1273324,0.0,0.0,-72.0
1777890103.1373324,-2.0,-1.0,-73.0
1777890103.1473324,0.0,-4.0,-73.0
1777890103.1573324,0.0,-5.0,-75.0
1777890103.1673324,0.0,-11.0,-71.0
1777890103.1773324,4.0,-13.0,-63.0
1777890103.1873324,4.0,-8.0,-63.0
1777890103.1973324,3.0,-5.0,-68.0
1777890103.2073324,5.0,-2.0,-80.0
1777890103.2173324,2.0,0.0,-84.0
1777890103.2273324,2.0,1.0,-83.0
1777890103.2373323,0.0,4.0,-88.0
1777890103.2473323,-3.0,7.0,-90.0
1777890103.2573323,-8.0,7.0,-88.0
1777890103.2673323,-3.0,8.0,-81.0
1777890103.2773323,-3.0,9.0,-76.0
1777890103.2873323,-2.0,8.0,-78.0
1777890103.2973323,-1.0,6.0,-80.0
1777890103.3073325,2.0,3.0,-79.0
1777890103.3173325,2.0,0.0,-77.0
1777890103.3273325,-4.0,0.0,-72.0
1777890103.3373325,-5.0,1.0,-73.0
1777890103.3473325,-10.0,-1.0,-74.0
1777890103.3583324,-5.0,-1.0,-79.0
1777890103.3683324,0.0,-4.0,-79.0
1777890103.3783324,2.0,-4.0,-79.0
1777890103.3883324,5.0,-6.0,-74.0
1777890103.3983324,8.0,-8.0,-77.0
1777890103.4083323,7.0,-6.0,-84.0
1777890103.4183323,9.0,-4.0,-73.0
1777890103.4283323,5.0,-3.0,-71.0
1777890103.4383323,1.0,-1.0,-71.0
1777890103.4483323,0.0,2.0,-71.0
1777890103.4583323,-1.0,-1.0,-76.0
1777890103.4683323,-2.0,-4.0,-73.0
1777890103.4783323,1.0,-5.0,-72.0
1777890103.4883325,3.0,-9.0,-70.0
1777890103.4983325,5.0,-6.0,-68.0
1777890103.5083325,0.0,-8.0,-72.0
1777890103.5183325,-1.0,-3.0,-75.0
1777890103.5283325,0.0,-5.0,-76.0
1777890103.5383325,3.0,-7.0,-77.0
1777890103.5483325,5.0,-7.0,-74.0
1777890103.5583324,3.0,-6.0,-74.0
1777890103.5683324,2.0,-2.0,-75.0
1777890103.5783324,5.0,-1.0,-81.0
1777890103.5883324,10.0,-3.0,-78.0
1777890103.5983324,6.0,-1.0,-76.0
1777890103.6083324,5.0,-5.0,-70.0
1777890103.6183324,4.0,-4.0,-69.0
1777890103.6283324,4.0,-6.0,-70.0
1777890103.6383324,0.0,-3.0,-71.0
1777890103.6483324,-3.0,-1.0,-74.0
1777890103.6583323,-3.0,-1.0,-74.0
1777890103.6683323,0.0,-4.0,-72.0
1777890103.6783323,-3.0,-5.0,-70.0
1777890103.6883323,-2.0,-2.0,-66.0
1777890103.6983323,-1.0,-1.0,-67.0
1777890103.7083323,3.0,0.0,-74.0
1777890103.7183323,4.0,0.0,-80.0
1777890103.7283323,6.0,1.0,-80.0
1777890103.7383325,0.0,3.0,-79.0
1777890103.7483325,-1.0,2.0,-76.0
1777890103.7583325,-5.0,4.0,-76.0
1777890103.7683325,-5.0,1.0,-79.0
1777890103.7783325,-5.0,0.0,-74.0
1777890103.7883325,-1.0,-1.0,-73.0
1777890103.7983325,0.0,0.0,-71.0
1777890103.8083324,2.0,-3.0,-66.0
1777890103.8183324,3.0,-1.0,-63.0
1777890103.8283324,-1.0,-2.0,-62.0
1777890103.8383324,-3.0,-3.0,-61.0
1777890103.8483324,-1.0,-3.0,-63.0
1777890103.8583324,0.0,-1.0,-67.0
1777890103.8683324,-1.0,1.0,-72.0
1777890103.8783324,5.0,-2.0,-74.0
1777890103.8883324,6.0,-3.0,-72.0
1777890103.8983324,7.0,-7.0,-73.0
1777890103.9083323,2.0,0.0,-73.0
1777890103.9183323,4.0,-2.0,-71.0
1777890103.9283323,5.0,-2.0,-71.0
1777890103.9383323,0.0,-3.0,-73.0
1777890103.9483323,5.0,-2.0,-70.0
1777890103.9583323,5.0,-1.0,-73.0
1777890103.9683323,5.0,4.0,-79.0
1777890103.9783323,5.0,0.0,-79.0
1777890103.9883325,3.0,-1.0,-74.0
1777890103.9983325,5.0,0.0,-76.0
1777890104.0083325,0.0,-1.0,-79.0
1777890104.0183325,-1.0,-1.0,-74.0
1777890104.0283325,-2.0,0.0,-72.0
1777890104.0383325,-4.0,1.0,-73.0
1777890104.0483325,-4.0,-3.0,-65.0
1777890104.0583324,-5.0,-6.0,-65.0
1777890104.0683324,-2.0,-2.0,-66.0
1777890104.0783324,5.0,1.0,-66.0
1777890104.0883324,6.0,-1.0,-71.0
1777890104.0983324,10.0,-2.0,-69.0
1777890104.1083324,6.0,-7.0,-67.0
1777890104.1183324,3.0,-8.0,-72.0
1777890104.1283324,2.0,-8.0,-76.0
1777890104.1383324,0.0,-2.0,-74.0
1777890104.1483324,0.0,6.0,-74.0
1777890104.1583323,3.0,6.0,-74.0
1777890104.1683323,5.0,2.0,-68.0
1777890104.1783323,3.0,4.0,-61.0
1777890104.1883323,-3.0,2.0,-65.0
1777890104.1983323,-10.0,0.0,-72.0
1777890104.2083323,-5.0,-1.0,-70.0
1777890104.2183323,-2.0,5.0,-71.0
1777890104.2283323,-7.0,6.0,-77.0
1777890104.2383325,-9.0,2.0,-80.0
1777890104.2483325,-5.0,0.0,-75.0
1777890104.2583325,-3.0,-1.0,-78.0
1777890104.2683325,-7.0,0.0,-84.0
1777890104.2783325,-1.0,2.0,-80.0
1777890104.2883325,-5.0,4.0,-80.0
1777890104.2983325,-9.0,3.0,-73.0
1777890104.3083324,-7.0,0.0,-71.0
1777890104.3183324,-5.0,0.0,-70.0
1777890104.3283324,-11.0,-3.0,-72.0
1777890104.3383324,-13.0,-1.0,-72.0
1777890104.3483324,-7.0,-2.0,-66.0
1777890104.3583324,-3.0,-1.0,-66.0
1777890104.3683324,-3.0,0.0,-70.0
1777890104.3783324,-6.0,0.0,-70.0
1777890104.3883324,-5.0,-4.0,-68.0
1777890104.3983324,-6.0,-6.0,-65.0
1777890104.4083323,0.0,-7.0,-70.0
1777890104.4183323,5.0,-3.0,-73.0
1777890104.4283323,1.0,0.0,-72.0
1777890104.4383323,1.0,0.0,-78.0
1777890104.4493325,3.0,2.0,-83.0
1777890104.4583323,7.0,2.0,-87.0
1777890104.4683323,5.0,3.0,-81.0
1777890104.4783323,3.0,1.0,-78.0
1777890104.4883325,4.0,-2.0,-79.0
1777890104.4983325,6.0,-5.0,-80.0
1777890104.5083325,3.0,-6.0,-80.0
1777890104.5183325,2.0,0.0,-75.0
1777890104.5283325,1.0,1.0,-70.0
1777890104.5383325,-1.0,1.0,-71.0
1777890104.5483325,0.0,0.0,-78.0
1777890104.5583324,-2.0,5.0,-80.0
1777890104.5683324,-4.0,2.0,-80.0
1777890104.5783324,-6.0,1.0,-78.0
1777890104.5883324,-4.0,0.0,-77.0
1777890104.5983324,-5.0,-1.0,-77.0
1777890104.6083324,-3.0,-2.0,-80.0
1777890104.6183324,-1.0,-7.0,-79.0
1777890104.6283324,-1.0,-7.0,-75.0
1777890104.6383324,2.0,-3.0,-73.0
1777890104.6483324,2.0,-2.0,-78.0
1777890104.6583323,-1.0,1.0,-75.0
1777890104.6683323,0.0,5.0,-76.0
1777890104.6783323,3.0,6.0,-78.0
1777890104.6883323,1.0,3.0,-78.0
1777890104.6983323,1.0,6.0,-80.0
1777890104.7083323,0.0,12.0,-67.0
1777890104.7183323,0.0,8.0,-79.0
1777890104.7283323,0.0,6.0,-83.0
1777890104.7383325,-2.0,1.0,-87.0
1777890104.7483325,4.0,0.0,-81.0
1777890104.7583325,0.0,2.0,-76.0
1777890104.7683325,0.0,1.0,-71.0
1777890104.7783325,2.0,2.0,-72.0
1777890104.7883325,6.0,0.0,-69.0
1777890104.7983325,5.0,2.0,-65.0
1777890104.8083324,2.0,3.0,-58.0
1777890104.8183324,1.0,3.0,-61.0
1777890104.8283324,-2.0,6.0,-66.0
1777890104.8383324,-5.0,2.0,-72.0
1777890104.8483324,-6.0,0.0,-73.0
1777890104.8583324,-4.0,2.0,-69.0
1777890104.8683324,-6.0,1.0,-72.0
1777890104.8783324,-2.0,2.0,-70.0
1777890104.8883324,-2.0,2.0,-66.0
1777890104.8983324,-1.0,3.0,-63.0
1777890104.9083323,2.0,5.0,-67.0
1777890104.9183323,2.0,6.0,-63.0
1777890104.9283323,4.0,8.0,-71.0
1777890104.9383323,2.0,9.0,-72.0
1777890104.9483323,1.0,5.0,-76.0
1777890104.9583323,0.0,7.0,-75.0
1777890104.9683323,0.0,5.0,-75.0
1777890104.9783323,-1.0,4.0,-70.0
1777890104.9883325,-1.0,-1.0,-75.0
1777890104.9983325,0.0,0.0,-81.0
1777890105.0083325,3.0,-1.0,-88.0
1777890105.0183325,3.0,-3.0,-86.0
1777890105.0283325,4.0,0.0,-80.0
1777890105.0383325,0.0,0.0,-79.0
1777890105.0483325,-3.0,0.0,-77.0
1777890105.0583324,-5.0,1.0,-77.0
1777890105.0683324,-6.0,0.0,-73.0
1777890105.0783324,-2.0,0.0,-67.0
1777890105.0883324,-2.0,1.0,-66.0
1777890105.0983324,-1.0,0.0,-63.0
1777890105.1083324,-4.0,0.0,-66.0
1777890105.1183324,-4.0,-2.0,-76.0
1777890105.1283324,-4.0,-3.0,-75.0
1777890105.1383324,0.0,-1.0,-72.0
1777890105.1483324,3.0,1.0,-60.0
1777890105.1583323,5.0,1.0,-69.0
1777890105.1683323,3.0,-3.0,-70.0
1777890105.1783323,1.0,-5.0,-68.0
1777890105.1883323,0.0,-3.0,-64.0
1777890105.1983323,-2.0,0.0,-68.0
1777890105.2083323,-2.0,0.0,-66.0
1777890105.2183323,-2.0,1.0,-68.0
1777890105.2283323,3.0,0.0,-73.0
1777890105.2383325,7.0,0.0,-72.0
1777890105.2483325,7.0,0.0,-73.0
1777890105.2583325,6.0,0.0,-81.0
1777890105.2683325,0.0,-1.0,-82.0
1777890105.2783325,0.0,-2.0,-81.0
1777890105.2883325,0.0,0.0,-85.0
1777890105.2983325,-2.0,0.0,-82.0
1777890105.3083324,0.0,-1.0,-81.0
1777890105.3183324,-5.0,-2.0,-76.0
1777890105.3283324,-6.0,0.0,-88.0
1777890105.3383324,-4.0,2.0,-82.0
1777890105.3483324,-4.0,1.0,-81.0
1777890105.3583324,-3.0,1.0,-85.0
1777890105.3693323,-6.0,2.0,-79.0
1777890105.3793323,-3.0,1.0,-75.0
1777890105.3893323,-2.0,0.0,-77.0
1777890105.3993323,2.0,0.0,-78.0
1777890105.4093325,6.0,-1.0,-80.0
1777890105.4193325,4.0,-3.0,-82.0
1777890105.4293325,1.0,-4.0,-86.0
1777890105.4393325,-3.0,-5.0,-86.0
1777890105.4493325,-6.0,-4.0,-79.0
1777890105.4593325,-6.0,-3.0,-76.0
1777890105.4693325,-3.0,-6.0,-72.0
1777890105.4793324,0.0,-9.0,-67.0
1777890105.4893324,0.0,-5.0,-68.0
1777890105.4993324,-1.0,-4.0,-73.0
1777890105.5093324,2.0,-7.0,-75.0
1777890105.5193324,1.0,-7.0,-82.0
1777890105.5293324,-1.0,-8.0,-82.0
1777890105.5393324,0.0,-6.0,-79.0
1777890105.5493324,0.0,-8.0,-72.0
1777890105.5593324,-1.0,-6.0,-80.0
1777890105.5693324,0.0,-4.0,-79.0
1777890105.5793324,0.0,-2.0,-79.0
1777890105.5893323,6.0,-1.0,-80.0
1777890105.5993323,4.0,0.0,-77.0
1777890105.6093323,3.0,2.0,-74.0
1777890105.6193323,1.0,6.0,-70.0
1777890105.6293323,0.0,6.0,-66.0
1777890105.6393323,-2.0,7.0,-66.0
1777890105.6493323,-1.0,5.0,-68.0
1777890105.6593325,0.0,-1.0,-66.0
1777890105.6693325,3.0,-5.0,-66.0
1777890105.6793325,3.0,-1.0,-70.0
1777890105.6893325,4.0,1.0,-68.0
1777890105.6993325,0.0,-1.0,-67.0
1777890105.7093325,0.0,-5.0,-60.0
1777890105.7193325,5.0,-5.0,-66.0
1777890105.7293324,4.0,-1.0,-70.0
1777890105.7393324,1.0,0.0,-73.0
1777890105.7493324,2.0,1.0,-66.0
1777890105.7593324,0.0,0.0,-69.0
1777890105.7693324,0.0,1.0,-71.0
1777890105.7793324,-1.0,-3.0,-72.0
1777890105.7893324,-6.0,-6.0,-70.0
1777890105.7993324,-3.0,-8.0,-75.0
1777890105.8093324,-1.0,-6.0,-72.0
1777890105.8193324,-3.0,-6.0,-73.0
1777890105.8293324,-3.0,-3.0,-71.0
1777890105.8393323,-11.0,-5.0,-70.0
1777890105.8493323,-11.0,-2.0,-76.0
1777890105.8593323,-5.0,0.0,-77.0
1777890105.8693323,0.0,-2.0,-74.0
1777890105.8793323,-3.0,-4.0,-67.0
1777890105.8893323,-1.0,-2.0,-63.0
1777890105.8993323,3.0,0.0,-66.0
1777890105.9093325,3.0,2.0,-67.0
1777890105.9193325,2.0,2.0,-73.0
1777890105.9293325,5.0,0.0,-74.0
1777890105.9393325,2.0,-3.0,-72.0
1777890105.9493325,1.0,-2.0,-72.0
1777890105.9593325,1.0,2.0,-72.0
1777890105.9693325,-1.0,5.0,-75.0
1777890105.9793324,-4.0,4.0,-74.0
1777890105.9893324,-2.0,6.0,-79.0
1777890105.9993324,0.0,6.0,-78.0
1777890106.0093324,0.0,4.0,-72.0
1777890106.0193324,1.0,4.0,-70.0
1777890106.0293324,0.0,6.0,-77.0
1777890106.0393324,-2.0,8.0,-78.0
1777890106.0493324,-2.0,3.0,-77.0
1777890106.0593324,0.0,0.0,-75.0
1777890106.0693324,0.0,2.0,-81.0
1777890106.0793324,4.0,0.0,-81.0
1777890106.0893323,3.0,-1.0,-80.0
1777890106.0993323,4.0,-3.0,-82.0
1777890106.1093323,4.0,-4.0,-81.0
1777890106.1193323,0.0,0.0,-83.0
1777890106.1293323,3.0,-3.0,-80.0
1777890106.1393323,0.0,0.0,-84.0
1777890106.1493323,0.0,-2.0,-86.0
1777890106.1593325,0.0,-2.0,-83.0
1777890106.1693325,-1.0,-5.0,-76.0
1777890106.1793325,-2.0,-8.0,-76.0
1777890106.1893325,-5.0,-10.0,-78.0
1777890106.1993325,-4.0,-11.0,-82.0
1777890106.2093325,-1.0,-11.0,-80.0
1777890106.2193325,1.0,-9.0,-81.0
1777890106.2293324,0.0,-9.0,-84.0
1777890106.2393324,0.0,-8.0,-82.0
1777890106.2493324,2.0,-2.0,-84.0
1777890106.2593324,3.0,1.0,-76.0
1777890106.2693324,2.0,2.0,-74.0
1777890106.2793324,0.0,1.0,-69.0
1777890106.2893324,-2.0,3.0,-74.0
1777890106.2993324,0.0,5.0,-79.0
1777890106.3093324,3.0,3.0,-79.0
1777890106.3193324,0.0,1.0,-76.0
1777890106.3293324,2.0,2.0,-81.0
1777890106.3393323,-3.0,0.0,-82.0
1777890106.3493323,-1.0,-2.0,-80.0
1777890106.3593323,4.0,-1.0,-79.0
1777890106.3693323,2.0,-2.0,-84.0
1777890106.3793323,6.0,-1.0,-78.0
1777890106.3893323,4.0,0.0,-73.0
1777890106.3993323,0.0,-1.0,-80.0
1777890106.4093325,-1.0,-3.0,-83.0
1777890106.4193325,-3.0,-4.0,-83.0
1777890106.4293325,-1.0,-6.0,-77.0
1777890106.4393325,-4.0,-5.0,-80.0
1777890106.4493325,0.0,-4.0,-77.0
1777890106.4593325,-4.0,-7.0,-75.0
1777890106.4693325,-3.0,-8.0,-77.0
1777890106.4793324,-1.0,-9.0,-75.0
1777890106.4893324,0.0,-6.0,-77.0
1777890106.4993324,0.0,-8.0,-74.0
1777890106.5093324,0.0,-9.0,-78.0
1777890106.5193324,0.0,-8.0,-74.0
1777890106.5293324,0.0,-5.0,-77.0
1777890106.5393324,2.0,-3.0,-81.0
1777890106.5493324,4.0,-1.0,-78.0
1777890106.5593324,3.0,-2.0,-77.0
1777890106.5693324,5.0,-1.0,-72.0
1777890106.5793324,6.0,0.0,-72.0
1777890106.5893323,8.0,2.0,-74.0
1777890106.5993323,5.0,3.0,-78.0
1777890106.6093323,5.0,4.0,-81.0
1777890106.6193323,4.0,1.0,-80.0
1777890106.6293323,1.0,1.0,-73.0
1777890106.6393323,-1.0,1.0,-77.0
1777890106.6493323,6.0,0.0,-81.0
1777890106.6593325,7.0,-2.0,-86.0
1777890106.6693325,8.0,3.0,-78.0
1777890106.6793325,5.0,2.0,-81.0
1777890106.6893325,4.0,0.0,-84.0
1777890106.6993325,6.0,0.0,-83.0
1777890106.7093325,9.0,0.0,-79.0
1777890106.7193325,5.0,1.0,-76.0
1777890106.7293324,6.0,3.0,-78.0
1777890106.7393324,2.0,1.0,-82.0
1777890106.7493324,5.0,-2.0,-76.0
1777890106.7593324,4.0,-2.0,-77.0
1777890106.7693324,6.0,0.0,-83.0
1777890106.7793324,6.0,0.0,-81.0
1777890106.7893324,1.0,-3.0,-78.0
1777890106.7993324,5.0,-4.0,-77.0
1777890106.8093324,6.0,-7.0,-72.0
1777890106.8193324,5.0,-8.0,-69.0
1777890106.8293324,8.0,-8.0,-70.0
1777890106.8393323,8.0,-4.0,-73.0
1777890106.8493323,9.0,-6.0,-76.0
1777890106.8593323,6.0,-4.0,-80.0
1777890106.8693323,3.0,-4.0,-81.0
1777890106.8793323,2.0,-4.0,-75.0
1777890106.8893323,1.0,0.0,-73.0
1777890106.8993323,2.0,0.0,-71.0
1777890106.9093325,-1.0,3.0,-72.0
1777890106.9193325,-2.0,5.0,-70.0
1777890106.9293325,-4.0,3.0,-61.0
1777890106.9393325,-4.0,3.0,-64.0
1777890106.9493325,-5.0,1.0,-63.0
1777890106.9593325,-4.0,-1.0,-69.0
1777890106.9693325,-6.0,-2.0,-74.0
1777890106.9793324,-1.0,-5.0,-78.0
1777890106.9893324,0.0,-9.0,-82.0
1777890106.9993324,0.0,-8.0,-73.0
1777890107.0093324,-6.0,-5.0,-66.0
1777890107.0193324,-2.0,-5.0,-74.0
1777890107.0293324,-2.0,-1.0,-72.0
1777890107.0393324,2.0,-3.0,-69.0
1777890107.0493324,1.0,-4.0,-62.0
1777890107.0593324,-1.0,-1.0,-63.0
1777890107.0693324,3.0,0.0,-62.0
1777890107.0793324,1.0,-1.0,-64.0
1777890107.0893323,0.0,-3.0,-75.0
1777890107.0993323,0.0,-2.0,-80.0
1777890107.1093323,-3.0,-1.0,-81.0
1777890107.1193323,-4.0,3.0,-73.0
1777890107.1293323,-4.0,1.0,-68.0
1777890107.1393323,-2.0,2.0,-65.0
1777890107.1493323,-3.0,2.0,-72.0
1777890107.1593325,0.0,-2.0,-74.0
1777890107.1693325,-3.0,-3.0,-72.0
1777890107.1793325,-1.0,0.0,-68.0
1777890107.1893325,-4.0,1.0,-73.0
1777890107.1993325,0.0,0.0,-71.0
1777890107.2093325,-1.0,0.0,-79.0
1777890107.2193325,-2.0,0.0,-86.0
1777890107.2293324,0.0,1.0,-88.0
1777890107.2393324,0.0,2.0,-88.0
1777890107.2493324,4.0,6.0,-82.0
1777890107.2593324,4.0,6.0,-80.0
1777890107.2693324,3.0,1.0,-78.0
1777890107.2793324,2.0,-2.0,-83.0
1777890107.2893324,0.0,-1.0,-82.0
1777890107.2993324,1.0,-3.0,-80.0
1777890107.3093324,1.0,-5.0,-87.0
1777890107.3193324,5.0,-7.0,-87.0
1777890107.3293324,5.0,-3.0,-79.0
1777890107.3393323,4.0,-3.0,-79.0
1777890107.3503325,5.0,-2.0,-80.0
1777890107.3593323,5.0,-5.0,-75.0
1777890107.3703325,6.0,-1.0,-74.0
1777890107.3803325,8.0,0.0,-75.0
1777890107.3903325,8.0,-1.0,-77.0
1777890107.4003325,4.0,0.0,-74.0
1777890107.4093325,4.0,-2.0,-72.0
1777890107.4203324,3.0,-4.0,-69.0
1777890107.4303324,3.0,-2.0,-70.0
1777890107.4403324,2.0,1.0,-77.0
1777890107.4503324,-3.0,2.0,-69.0
1777890107.4603324,0.0,1.0,-74.0
1777890107.4703324,0.0,6.0,-81.0
1777890107.4803324,2.0,8.0,-79.0
1777890107.4903324,-2.0,8.0,-76.0
1777890107.5003324,0.0,10.0,-74.0
1777890107.5103323,-1.0,4.0,-72.0
1777890107.5203323,-6.0,2.0,-72.0
1777890107.5303323,-2.0,4.0,-69.0
1777890107.5403323,0.0,0.0,-66.0
1777890107.5503323,0.0,-4.0,-63.0
1777890107.5603323,-1.0,-1.0,-60.0
1777890107.5703323,-6.0,1.0,-68.0
1777890107.5803325,-5.0,3.0,-69.0
1777890107.5903325,-6.0,4.0,-74.0
1777890107.6003325,-1.0,5.0,-72.0
1777890107.6103325,0.0,5.0,-69.0
1777890107.6203325,0.0,6.0,-66.0
1777890107.6303325,1.0,3.0,-70.0
1777890107.6403325,0.0,1.0,-72.0
1777890107.6503325,0.0,1.0,-75.0
1777890107.6603324,0.0,2.0,-79.0
1777890107.6703324,-2.0,0.0,-78.0
1777890107.6803324,0.0,0.0,-81.0
1777890107.6903324,1.0,3.0,-77.0
1777890107.7003324,6.0,5.0,-74.0
1777890107.7103324,5.0,5.0,-73.0
1777890107.7203324,5.0,6.0,-74.0
1777890107.7303324,3.0,3.0,-76.0
1777890107.7403324,-1.0,2.0,-75.0
1777890107.7503324,-1.0,4.0,-76.0
1777890107.7603323,-1.0,4.0,-78.0
1777890107.7703323,0.0,2.0,-79.0
1777890107.7803323,-5.0,1.0,-83.0
1777890107.7903323,-4.0,1.0,-87.0
1777890107.8003323,-2.0,3.0,-81.0
1777890107.8103323,-3.0,5.0,-79.0
1777890107.8203323,1.0,7.0,-81.0
1777890107.8303325,0.0,7.0,-78.0
1777890107.8403325,2.0,5.0,-80.0
1777890107.8503325,7.0,3.0,-69.0
1777890107.8603325,7.0,3.0,-75.0
1777890107.8703325,6.0,0.0,-79.0
1777890107.8803325,5.0,-1.0,-76.0
1777890107.8903325,6.0,-3.0,-73.0
1777890107.9003325,4.0,1.0,-70.0
1777890107.9103324,5.0,1.0,-66.0
1777890107.9203324,5.0,-1.0,-64.0
1777890107.9303324,0.0,-1.0,-65.0
1777890107.9403324,0.0,-1.0,-69.0
1777890107.9503324,2.0,0.0,-66.0
1777890107.9603324,1.0,3.0,-61.0
1777890107.9703324,3.0,2.0,-71.0
1777890107.9803324,4.0,0.0,-75.0
1777890107.9903324,2.0,-1.0,-79.0
1777890108.0003324,3.0,-1.0,-80.0
1777890108.0103323,2.0,0.0,-81.0
1777890108.0203323,2.0,0.0,-79.0
1777890108.0303323,5.0,-3.0,-74.0
1777890108.0403323,8.0,0.0,-76.0
1777890108.0503323,9.0,0.0,-72.0
1777890108.0603323,5.0,-2.0,-66.0
1777890108.0703323,2.0,2.0,-70.0
1777890108.0803325,0.0,1.0,-79.0
1777890108.0903325,0.0,-3.0,-76.0
1777890108.1003325,5.0,-3.0,-71.0
1777890108.1103325,5.0,-3.0,-69.0
1777890108.1203325,1.0,-4.0,-67.0
1777890108.1303325,0.0,-2.0,-72.0
1777890108.1403325,-1.0,-1.0,-79.0
1777890108.1503325,-2.0,0.0,-72.0
1777890108.1603324,-2.0,-1.0,-71.0
1777890108.1703324,-3.0,0.0,-67.0
1777890108.1803324,-5.0,0.0,-63.0
1777890108.1903324,-8.0,0.0,-63.0
1777890108.2003324,-4.0,1.0,-68.0
1777890108.2103324,-1.0,0.0,-67.0
1777890108.2203324,0.0,-1.0,-65.0
1777890108.2303324,1.0,-2.0,-66.0
1777890108.2403324,3.0,-5.0,-66.0
1777890108.2503324,6.0,-5.0,-69.0
1777890108.2603323,4.0,-2.0,-75.0
1777890108.2703323,1.0,0.0,-77.0
1777890108.2803323,4.0,0.0,-71.0
1777890108.2903323,5.0,3.0,-74.0
1777890108.3003323,2.0,-3.0,-81.0
1777890108.3103323,0.0,0.0,-82.0
1777890108.3203323,-2.0,4.0,-83.0
1777890108.3303325,0.0,2.0,-77.0
1777890108.3403325,3.0,6.0,-76.0
1777890108.3503325,0.0,2.0,-77.0
1777890108.3603325,2.0,5.0,-76.0
1777890108.3703325,-3.0,3.0,-77.0
1777890108.3803325,-2.0,1.0,-70.0
1777890108.3903325,-4.0,2.0,-72.0
1777890108.4003325,-3.0,1.0,-72.0
1777890108.4103324,-3.0,3.0,-73.0
1777890108.4203324,-1.0,3.0,-75.0
1777890108.4303324,-1.0,0.0,-77.0
1777890108.4403324,0.0,0.0,-79.0
1777890108.4503324,-3.0,-3.0,-75.0
1777890108.4603324,0.0,-3.0,-72.0
1777890108.4703324,1.0,-3.0,-72.0
1777890108.4803324,2.0,1.0,-72.0
1777890108.4903324,4.0,1.0,-71.0
1777890108.5003324,8.0,1.0,-70.0
1777890108.5103323,10.0,2.0,-74.0
1777890108.5203323,7.0,4.0,-73.0
1777890108.5303323,7.0,0.0,-72.0
1777890108.5403323,0.0,2.0,-67.0
1777890108.5503323,0.0,1.0,-73.0
1777890108.5603323,5.0,-2.0,-77.0
1777890108.5703323,4.0,1.0,-78.0
1777890108.5803325,7.0,0.0,-80.0
1777890108.5903325,2.0,-6.0,-78.0
1777890108.6003325,0.0,-5.0,-75.0
1777890108.6103325,1.0,-3.0,-71.0
1777890108.6203325,1.0,-1.0,-73.0
1777890108.6303325,0.0,1.0,-79.0
1777890108.6403325,4.0,2.0,-74.0
1777890108.6503325,7.0,-1.0,-70.0
1777890108.6603324,8.0,-1.0,-75.0
1777890108.6703324,6.0,-3.0,-74.0
1777890108.6803324,1.0,0.0,-75.0
1777890108.6903324,0.0,2.0,-71.0
1777890108.7003324,-5.0,0.0,-75.0
1777890108.7103324,-6.0,-1.0,-69.0
1777890108.7203324,-6.0,-3.0,-70.0
1777890108.7303324,-4.0,-2.0,-72.0
1777890108.7403324,-2.0,-4.0,-78.0
1777890108.7503324,-4.0,-6.0,-75.0
1777890108.7603323,-4.0,-1.0,-77.0
1777890108.7703323,0.0,1.0,-83.0
1777890108.7803323,1.0,-2.0,-84.0
1777890108.7903323,5.0,-5.0,-80.0
1777890108.8003323,3.0,-3.0,-80.0
1777890108.8103323,-1.0,-5.0,-82.0
1777890108.8203323,-1.0,-5.0,-82.0
1777890108.8303325,0.0,-3.0,-80.0
1777890108.8403325,-1.0,0.0,-79.0
1777890108.8503325,-3.0,2.0,-83.0
1777890108.8603325,-2.0,2.0,-74.0
1777890108.8703325,-1.0,5.0,-71.0
1777890108.8803325,-5.0,2.0,-73.0
1777890108.8903325,-3.0,-1.0,-72.0
1777890108.9003325,-2.0,-1.0,-69.0
1777890108.9103324,-1.0,-2.0,-67.0
1777890108.9203324,0.0,-2.0,-67.0
1777890108.9303324,2.0,0.0,-71.0
1777890108.9403324,3.0,4.0,-81.0
1777890108.9503324,2.0,4.0,-86.0
1777890108.9603324,5.0,4.0,-82.0
1777890108.9703324,5.0,6.0,-84.0
1777890108.9803324,8.0,7.0,-86.0
1777890108.9903324,5.0,5.0,-83.0
1777890109.0003324,7.0,3.0,-81.0
1777890109.0103323,8.0,0.0,-83.0
1777890109.0203323,8.0,-1.0,-87.0
1777890109.0303323,8.0,-1.0,-86.0
1777890109.0403323,3.0,-5.0,-82.0
1777890109.0503323,-1.0,-5.0,-83.0
1777890109.0603323,-2.0,-4.0,-79.0
1777890109.0703323,0.0,-1.0,-78.0
1777890109.0803325,0.0,-5.0,-73.0
1777890109.0903325,-2.0,-2.0,-70.0
1777890109.1013324,-2.0,-2.0,-76.0
1777890109.1103325,-5.0,-2.0,-86.0
1777890109.1203325,0.0,-1.0,-79.0
1777890109.1303325,-1.0,0.0,-77.0
1777890109.1403325,0.0,-3.0,-81.0
1777890109.1503325,0.0,-6.0,-86.0
1777890109.1603324,2.0,-6.0,-80.0
1777890109.1703324,2.0,-7.0,-77.0
1777890109.1803324,3.0,-8.0,-78.0
1777890109.1903324,3.0,-7.0,-80.0
1777890109.2003324,0.0,-6.0,-71.0
1777890109.2103324,0.0,-6.0,-64.0
1777890109.2203324,1.0,-3.0,-61.0
1777890109.2303324,1.0,-4.0,-65.0
1777890109.2403324,2.0,0.0,-75.0
1777890109.2503324,1.0,1.0,-75.0
1777890109.2603323,5.0,2.0,-76.0
1777890109.2703323,0.0,3.0,-79.0
1777890109.2803323,-2.0,5.0,-80.0
1777890109.2903323,-2.0,2.0,-87.0
1777890109.3003323,-6.0,3.0,-93.0
1777890109.3113325,-5.0,1.0,-87.0
1777890109.3213325,-4.0,2.0,-86.0
1777890109.3303325,0.0,3.0,-83.0
1777890109.3413324,2.0,5.0,-81.0
1777890109.3503325,1.0,2.0,-79.0
1777890109.3613324,0.0,7.0,-80.0
1777890109.3713324,0.0,7.0,-75.0
1777890109.3813324,0.0,8.0,-78.0
1777890109.3913324,0.0,7.0,-69.0
1777890109.4013324,2.0,7.0,-69.0
1777890109.4113324,3.0,1.0,-72.0
1777890109.4213324,4.0,1.0,-70.0
1777890109.4313323,4.0,2.0,-69.0
1777890109.4413323,0.0,-4.0,-75.0
1777890109.4513323,-1.0,-7.0,-74.0
1777890109.4613323,-3.0,-8.0,-75.0
1777890109.4713323,-6.0,-1.0,-74.0
1777890109.4813323,-3.0,-2.0,-75.0
1777890109.4913323,1.0,-4.0,-73.0
1777890109.5013323,3.0,-10.0,-71.0
1777890109.5113325,0.0,-9.0,-75.0
1777890109.5213325,1.0,-7.0,-74.0
1777890109.5313325,-2.0,-9.0,-73.0
1777890109.5413325,-3.0,-9.0,-71.0
1777890109.5513325,-2.0,-5.0,-75.0
1777890109.5613325,-5.0,0.0,-74.0
1777890109.5713325,-2.0,0.0,-70.0
1777890109.5813324,0.0,-1.0,-75.0
1777890109.5913324,-2.0,2.0,-78.0
1777890109.6013324,2.0,0.0,-80.0
1777890109.6113324,0.0,-1.0,-71.0
1777890109.6213324,-3.0,2.0,-73.0
1777890109.6313324,0.0,2.0,-75.0
1777890109.6413324,-2.0,-4.0,-73.0
1777890109.6513324,-1.0,-5.0,-78.0
1777890109.6613324,0.0,-7.0,-81.0
1777890109.6713324,0.0,-3.0,-80.0
1777890109.6813323,2.0,-3.0,-79.0
1777890109.6913323,2.0,-7.0,-81.0
1777890109.7013323,5.0,-7.0,-84.0
1777890109.7113323,2.0,-8.0,-93.0
1777890109.7213323,2.0,-4.0,-94.0
1777890109.7313323,2.0,-5.0,-97.0
1777890109.7413323,0.0,-10.0,-91.0
1777890109.7513323,2.0,-8.0,-88.0
1777890109.7613325,3.0,-6.0,-81.0
1777890109.7713325,5.0,-4.0,-74.0
1777890109.7813325,10.0,-2.0,-67.0
1777890109.7913325,7.0,-4.0,-69.0
1777890109.8013325,9.0,-5.0,-70.0
1777890109.8113325,5.0,-5.0,-71.0
1777890109.8213325,3.0,-5.0,-72.0
1777890109.8313324,2.0,0.0,-82.0
1777890109.8413324,0.0,1.0,-84.0
1777890109.8513324,0.0,0.0,-81.0
1777890109.8613324,-1.0,0.0,-83.0
1777890109.8713324,0.0,-1.0,-84.0
1777890109.8813324,0.0,-1.0,-85.0
1777890109.8913324,-3.0,-3.0,-80.0
1777890109.9013324,-6.0,2.0,-78.0
1777890109.9113324,-11.0,3.0,-76.0
1777890109.9213324,-7.0,3.0,-80.0
1777890109.9313323,0.0,4.0,-78.0
1777890109.9413323,-1.0,3.0,-85.0
1777890109.9513323,-2.0,1.0,-85.0
1777890109.9613323,-3.0,1.0,-81.0
1777890109.9713323,-4.0,2.0,-82.0
1777890109.9813323,-2.0,2.0,-81.0
1777890109.9913323,-3.0,1.0,-80.0
1777890110.0013323,-3.0,2.0,-82.0
1777890110.0113325,-4.0,0.0,-82.0
1777890110.0213325,-1.0,-1.0,-78.0
1777890110.0313325,1.0,0.0,-79.0
1777890110.0413325,3.0,-2.0,-71.0
1777890110.0513325,4.0,0.0,-68.0
1777890110.0613325,0.0,-5.0,-65.0
1777890110.0713325,0.0,-4.0,-66.0
1777890110.0813324,-1.0,-3.0,-70.0
1777890110.0913324,-2.0,1.0,-75.0
1777890110.1013324,-1.0,1.0,-72.0
1777890110.1113324,-2.0,1.0,-73.0
1777890110.1213324,1.0,1.0,-70.0
1777890110.1313324,6.0,5.0,-74.0
1777890110.1413324,3.0,0.0,-71.0
1777890110.1513324,3.0,1.0,-68.0
1777890110.1613324,2.0,0.0,-71.0
1777890110.1713324,1.0,-2.0,-70.0
1777890110.1813323,2.0,-1.0,-72.0
1777890110.1913323,2.0,-1.0,-74.0
1777890110.2013323,2.0,-2.0,-78.0
1777890110.2113323,0.0,-3.0,-76.0
1777890110.2213323,-2.0,-4.0,-82.0
1777890110.2313323,-2.0,-4.0,-76.0
1777890110.2413323,-3.0,-3.0,-78.0
1777890110.2513323,-7.0,-4.0,-75.0
1777890110.2613325,0.0,-6.0,-80.0
1777890110.2713325,-1.0,-8.0,-81.0
1777890110.2813325,-1.0,-8.0,-83.0
1777890110.2913325,0.0,-9.0,-79.0
1777890110.3013325,-3.0,-6.0,-77.0
1777890110.3113325,-4.0,-8.0,-75.0
1777890110.3213325,-4.0,-6.0,-80.0
1777890110.3313324,-5.0,-3.0,-78.0
1777890110.3413324,-4.0,-3.0,-78.0
1777890110.3513324,-2.0,-2.0,-72.0
1777890110.3613324,0.0,-6.0,-74.0
1777890110.3713324,0.0,-7.0,-75.0
1777890110.3813324,3.0,-3.0,-75.0
1777890110.3913324,4.0,-1.0,-80.0
1777890110.4013324,1.0,0.0,-80.0
1777890110.4113324,2.0,1.0,-86.0
1777890110.4213324,2.0,0.0,-77.0
1777890110.4313323,8.0,0.0,-74.0
1777890110.4413323,7.0,1.0,-80.0
1777890110.4513323,6.0,0.0,-82.0
1777890110.4613323,7.0,-1.0,-81.0
1777890110.4713323,7.0,-3.0,-85.0
1777890110.4813323,6.0,0.0,-82.0
1777890110.4913323,4.0,-3.0,-72.0
1777890110.5013323,2.0,-1.0,-64.0
1777890110.5113325,-1.0,-3.0,-63.0
1777890110.5213325,0.0,-3.0,-67.0
1777890110.5313325,-2.0,-2.0,-70.0
1777890110.5413325,-3.0,-4.0,-69.0
1777890110.5513325,-2.0,-6.0,-66.0
1777890110.5613325,-2.0,-6.0,-59.0
1777890110.5713325,1.0,-8.0,-70.0
1777890110.5813324,-1.0,-5.0,-80.0
1777890110.5913324,0.0,-4.0,-83.0
1777890110.6013324,-5.0,-10.0,-84.0
1777890110.6113324,-10.0,-9.0,-86.0
1777890110.6213324,-12.0,-10.0,-84.0
1777890110.6313324,-8.0,-6.0,-83.0
1777890110.6413324,-2.0,-3.0,-74.0
1777890110.6513324,-1.0,-5.0,-74.0
1777890110.6613324,-1.0,-3.0,-73.0
1777890110.6713324,-4.0,-3.0,-72.0
1777890110.6813323,-4.0,-3.0,-72.0
1777890110.6913323,0.0,0.0,-77.0
1777890110.7013323,0.0,-1.0,-82.0
1777890110.7113323,1.0,-2.0,-75.0
1777890110.7213323,2.0,-3.0,-67.0
1777890110.7313323,1.0,-8.0,-65.0
1777890110.7413323,0.0,-5.0,-71.0
1777890110.7513323,1.0,-6.0,-73.0
1777890110.7613325,2.0,-6.0,-72.0
1777890110.7713325,1.0,-6.0,-77.0
1777890110.7813325,3.0,-8.0,-78.0
1777890110.7913325,5.0,-7.0,-80.0
1777890110.8013325,4.0,-9.0,-74.0
1777890110.8113325,4.0,-9.0,-73.0
1777890110.8213325,-1.0,-10.0,-71.0
1777890110.8313324,0.0,-8.0,-68.0
1777890110.8413324,1.0,-3.0,-74.0
1777890110.8513324,1.0,0.0,-72.0
1777890110.8613324,4.0,0.0,-74.0
1777890110.8713324,3.0,0.0,-69.0
1777890110.8813324,0.0,2.0,-73.0
1777890110.8913324,0.0,2.0,-75.0
1777890110.9013324,-1.0,4.0,-80.0
1777890110.9113324,1.0,1.0,-80.0
1777890110.9213324,4.0,6.0,-81.0
1777890110.9313323,3.0,6.0,-80.0
1777890110.9413323,6.0,7.0,-76.0
1777890110.9513323,6.0,6.0,-82.0
1777890110.9613323,0.0,4.0,-89.0
1777890110.9713323,8.0,4.0,-85.0
1777890110.9813323,8.0,1.0,-77.0
1777890110.9913323,9.0,1.0,-73.0
1777890111.0013323,10.0,-2.0,-71.0
1777890111.0113325,6.0,-4.0,-73.0
1777890111.0213325,4.0,-2.0,-67.0
1777890111.0313325,1.0,-3.0,-64.0
1777890111.0413325,0.0,-8.0,-62.0
1777890111.0513325,2.0,-6.0,-59.0
1777890111.0613325,2.0,-6.0,-61.0
1777890111.0713325,7.0,-5.0,-66.0
1777890111.0813324,3.0,1.0,-65.0
1777890111.0913324,3.0,1.0,-70.0
1777890111.1013324,6.0,1.0,-74.0
1777890111.1113324,5.0,0.0,-71.0
1777890111.1213324,3.0,0.0,-67.0
1777890111.1323323,2.0,0.0,-64.0
1777890111.1413324,3.0,-1.0,-69.0
1777890111.1513324,2.0,1.0,-71.0
1777890111.1613324,4.0,0.0,-73.0
1777890111.1713324,2.0,-1.0,-79.0
1777890111.1813323,0.0,-1.0,-82.0
1777890111.1913323,-5.0,0.0,-84.0
1777890111.2013323,-3.0,2.0,-83.0
1777890111.2113323,-6.0,1.0,-82.0
1777890111.2213323,-2.0,0.0,-84.0
1777890111.2313323,-2.0,3.0,-84.0
1777890111.2413323,0.0,1.0,-82.0
1777890111.2513323,-1.0,2.0,-83.0
1777890111.2613325,-2.0,-1.0,-89.0
1777890111.2713325,-4.0,-1.0,-92.0
1777890111.2813325,-3.0,-5.0,-89.0
1777890111.2913325,-4.0,-11.0,-90.0
1777890111.3013325,-3.0,-12.0,-87.0
1777890111.3123324,-2.0,-9.0,-90.0
1777890111.3213325,-2.0,-7.0,-87.0
1777890111.3323324,-2.0,-13.0,-86.0
1777890111.3423324,-7.0,-13.0,-85.0
1777890111.3523324,-6.0,-12.0,-83.0
1777890111.3623323,-1.0,-10.0,-85.0
1777890111.3723323,0.0,-9.0,-83.0
1777890111.3823323,3.0,-9.0,-80.0
1777890111.3923323,4.0,-5.0,-77.0
1777890111.4023323,9.0,-5.0,-75.0
1777890111.4123323,7.0,-4.0,-70.0
1777890111.4223323,0.0,-3.0,-70.0
1777890111.4323325,-3.0,0.0,-63.0
1777890111.4423325,-1.0,1.0,-65.0
1777890111.4523325,0.0,3.0,-78.0
1777890111.4623325,-3.0,2.0,-72.0
1777890111.4723325,-5.0,0.0,-66.0
1777890111.4823325,-2.0,0.0,-64.0
1777890111.4923325,-4.0,-1.0,-69.0
1777890111.5023324,0.0,-3.0,-71.0
1777890111.5123324,-1.0,0.0,-73.0
1777890111.5223324,0.0,-1.0,-70.0
1777890111.5323324,0.0,-3.0,-71.0
1777890111.5423324,1.0,-3.0,-71.0
1777890111.5523324,4.0,-4.0,-68.0
1777890111.5623324,7.0,-4.0,-76.0
1777890111.5723324,9.0,-2.0,-72.0
1777890111.5823324,7.0,-2.0,-75.0
1777890111.5923324,1.0,-4.0,-69.0
1777890111.6023324,0.0,-5.0,-70.0
1777890111.6123323,0.0,-7.0,-66.0
1777890111.6223323,0.0,-5.0,-65.0
1777890111.6323323,-3.0,-5.0,-71.0
1777890111.6423323,-1.0,1.0,-75.0
1777890111.6523323,4.0,5.0,-71.0
1777890111.6623323,6.0,5.0,-74.0
1777890111.6723323,1.0,7.0,-73.0
1777890111.6823325,1.0,7.0,-76.0
1777890111.6923325,4.0,2.0,-75.0
1777890111.7023325,5.0,2.0,-82.0
1777890111.7123325,3.0,-1.0,-80.0
1777890111.7223325,0.0,1.0,-79.0
1777890111.7323325,0.0,0.0,-80.0
1777890111.7423325,1.0,-4.0,-77.0
1777890111.7523324,-7.0,-6.0,-75.0
1777890111.7623324,-6.0,-9.0,-77.0
1777890111.7723324,-2.0,-9.0,-76.0
1777890111.7823324,-2.0,-8.0,-77.0
1777890111.7923324,-1.0,-10.0,-80.0
1777890111.8023324,-5.0,-5.0,-77.0
1777890111.8123324,-5.0,-3.0,-75.0
1777890111.8223324,-4.0,-8.0,-76.0
1777890111.8323324,-3.0,-5.0,-69.0
1777890111.8423324,2.0,-1.0,-68.0
1777890111.8523324,3.0,-2.0,-75.0
1777890111.8623323,3.0,-5.0,-76.0
1777890111.8723323,0.0,-2.0,-77.0
1777890111.8823323,0.0,-2.0,-75.0
1777890111.8923323,-3.0,-3.0,-79.0
1777890111.9023323,-7.0,0.0,-75.0
1777890111.9123323,-4.0,0.0,-75.0
1777890111.9223323,-4.0,2.0,-72.0
1777890111.9323325,-5.0,0.0,-71.0
1777890111.9423325,1.0,0.0,-76.0
1777890111.9523325,1.0,0.0,-77.0
1777890111.9623325,1.0,0.0,-77.0
1777890111.9723325,2.0,-1.0,-75.0
1777890111.9823325,3.0,0.0,-84.0
1777890111.9923325,4.0,0.0,-80.0
1777890112.0023324,5.0,0.0,-79.0
1777890112.0123324,3.0,-1.0,-74.0
1777890112.0223324,5.0,0.0,-76.0
1777890112.0323324,0.0,0.0,-81.0
1777890112.0423324,0.0,0.0,-89.0
1777890112.0523324,-4.0,-2.0,-87.0
1777890112.0623324,-3.0,0.0,-86.0
1777890112.0723324,0.0,-5.0,-81.0
1777890112.0823324,0.0,-7.0,-77.0
1777890112.0923324,-2.0,-7.0,-77.0
1777890112.1023324,-2.0,-5.0,-74.0
1777890112.1123323,-6.0,-6.0,-76.0
1777890112.1223323,-5.0,-1.0,-80.0
1777890112.1323323,-7.0,0.0,-78.0
1777890112.1423323,-4.0,-3.0,-84.0
1777890112.1523323,-3.0,-2.0,-89.0
1777890112.1623323,-1.0,-3.0,-89.0
1777890112.1723323,-1.0,-1.0,-85.0
1777890112.1823325,-1.0,1.0,-81.0
1777890112.1923325,0.0,0.0,-83.0
1777890112.2023325,1.0,0.0,-80.0
1777890112.2123325,0.0,-3.0,-81.0
1777890112.2223325,0.0,-1.0,-73.0
1777890112.2323325,4.0,0.0,-70.0
1777890112.2423325,4.0,-5.0,-72.0
1777890112.2523324,0.0,-1.0,-79.0
1777890112.2623324,0.0,-3.0,-77.0
1777890112.2723324,0.0,-3.0,-72.0
1777890112.2823324,-2.0,-4.0,-77.0
1777890112.2923324,0.0,-4.0,-77.0
1777890112.3023324,0.0,-4.0,-70.0
1777890112.3123324,-2.0,-5.0,-76.0
1777890112.3223324,-4.0,-7.0,-85.0
1777890112.3323324,-3.0,-5.0,-86.0
1777890112.3423324,-2.0,-5.0,-79.0
1777890112.3523324,-4.0,-3.0,-80.0
1777890112.3623323,-4.0,-2.0,-81.0
1777890112.3723323,-5.0,-8.0,-83.0
1777890112.3823323,-5.0,-7.0,-80.0
1777890112.3923323,0.0,-4.0,-82.0
1777890112.4023323,-2.0,-6.0,-81.0
1777890112.4123323,-2.0,-7.0,-83.0
1777890112.4223323,-1.0,-5.0,-84.0
1777890112.4323325,5.0,-3.0,-88.0
1777890112.4423325,6.0,1.0,-80.0
1777890112.4523325,6.0,-2.0,-76.0
1777890112.4623325,8.0,-6.0,-73.0
1777890112.4723325,8.0,-3.0,-75.0
1777890112.4823325,3.0,-3.0,-75.0
1777890112.4923325,0.0,0.0,-78.0
1777890112.5023324,-2.0,-1.0,-78.0
1777890112.5123324,-1.0,-3.0,-71.0
1777890112.5223324,1.0,-2.0,-71.0
1777890112.5323324,3.0,-2.0,-66.0
1777890112.5423324,8.0,-2.0,-70.0
1777890112.5523324,9.0,-5.0,-67.0
1777890112.5623324,7.0,-6.0,-69.0
1777890112.5723324,8.0,-3.0,-62.0
1777890112.5823324,6.0,-3.0,-65.0
1777890112.5923324,5.0,-6.0,-68.0
1777890112.6023324,0.0,-4.0,-76.0
1777890112.6123323,0.0,-3.0,-76.0
1777890112.6223323,0.0,-3.0,-74.0
1777890112.6323323,4.0,-3.0,-66.0
1777890112.6423323,5.0,-3.0,-62.0
1777890112.6523323,5.0,0.0,-68.0
1777890112.6623323,6.0,-2.0,-77.0
1777890112.6723323,2.0,-2.0,-79.0
1777890112.6823325,3.0,-1.0,-81.0
1777890112.6923325,4.0,-3.0,-82.0
1777890112.7023325,1.0,-6.0,-85.0
1777890112.7123325,-1.0,-4.0,-90.0
1777890112.7223325,-2.0,-7.0,-84.0
1777890112.7323325,0.0,0.0,-81.0
1777890112.7423325,3.0,0.0,-84.0
1777890112.7523324,4.0,-1.0,-74.0
1777890112.7623324,2.0,1.0,-66.0
1777890112.7723324,2.0,3.0,-65.0
1777890112.7823324,6.0,3.0,-69.0
1777890112.7923324,6.0,4.0,-69.0
1777890112.8023324,6.0,1.0,-77.0
1777890112.8123324,4.0,-3.0,-77.0
1777890112.8223324,0.0,-3.0,-73.0
1777890112.8323324,0.0,-1.0,-81.0
1777890112.8423324,-1.0,0.0,-79.0
1777890112.8523324,3.0,1.0,-78.0
1777890112.8623323,3.0,-1.0,-77.0
1777890112.8723323,2.0,-4.0,-73.0
1777890112.8823323,-1.0,-2.0,-61.0
1777890112.8923323,1.0,-4.0,-64.0
1777890112.9023323,-1.0,-2.0,-64.0
1777890112.9123323,1.0,-5.0,-70.0
1777890112.9223323,-2.0,-3.0,-68.0
1777890112.9323325,1.0,-5.0,-66.0
1777890112.9423325,6.0,-4.0,-75.0
1777890112.9523325,4.0,-8.0,-73.0
1777890112.9623325,2.0,-11.0,-70.0
1777890112.9723325,8.0,-11.0,-73.0
1777890112.9823325,8.0,-9.0,-78.0
1777890112.9923325,8.0,-7.0,-76.0
1777890113.0023324,6.0,-5.0,-74.0
1777890113.0123324,5.0,-2.0,-71.0
1777890113.0223324,3.0,-7.0,-79.0
1777890113.0323324,-1.0,-8.0,-78.0
1777890113.0423324,-6.0,-1.0,-81.0
1777890113.0523324,-5.0,0.0,-79.0
1777890113.0623324,0.0,0.0,-76.0
1777890113.0723324,2.0,0.0,-76.0
1777890113.0823324,-2.0,0.0,-76.0
1777890113.0923324,-4.0,-2.0,-75.0
1777890113.1023324,0.0,-1.0,-73.0
1777890113.1123323,-1.0,-3.0,-69.0
1777890113.1223323,-2.0,-2.0,-75.0
1777890113.1323323,-2.0,-3.0,-74.0
1777890113.1423323,0.0,-6.0,-69.0
1777890113.1523323,2.0,-5.0,-66.0
1777890113.1623323,1.0,-3.0,-67.0
1777890113.1723323,0.0,-7.0,-72.0
1777890113.1823325,4.0,-7.0,-70.0
1777890113.1923325,4.0,-5.0,-75.0
1777890113.2023325,3.0,-7.0,-80.0
1777890113.2123325,4.0,-10.0,-80.0
1777890113.2223325,0.0,-8.0,-81.0
1777890113.2323325,3.0,-7.0,-79.0
1777890113.2423325,0.0,-6.0,-81.0
1777890113.2523324,-3.0,-2.0,-76.0
1777890113.2623324,-6.0,0.0,-77.0
1777890113.2723324,-3.0,-1.0,-81.0
1777890113.2823324,-2.0,-4.0,-82.0
1777890113.2933323,0.0,-6.0,-81.0
1777890113.3023324,0.0,-5.0,-82.0
1777890113.3123324,2.0,-3.0,-81.0
1777890113.3233323,2.0,-1.0,-80.0
1777890113.3333323,3.0,2.0,-91.0
1777890113.3433323,3.0,3.0,-95.0
1777890113.3533323,2.0,7.0,-89.0
1777890113.3633325,3.0,6.0,-82.0
1777890113.3733325,6.0,3.0,-77.0
1777890113.3833325,6.0,0.0,-73.0
1777890113.3933325,6.0,-3.0,-82.0
1777890113.4033325,0.0,0.0,-85.0
1777890113.4133325,-3.0,1.0,-86.0
1777890113.4233325,-1.0,2.0,-81.0
1777890113.4333324,0.0,0.0,-83.0
1777890113.4433324,3.0,-1.0,-93.0
1777890113.4533324,2.0,-5.0,-91.0
1777890113.4633324,2.0,-8.0,-91.0
1777890113.4733324,4.0,-10.0,-91.0
1777890113.4833324,6.0,-9.0,-90.0
1777890113.4933324,7.0,-3.0,-91.0
1777890113.5033324,6.0,1.0,-89.0
1777890113.5133324,3.0,3.0,-82.0
1777890113.5233324,4.0,4.0,-79.0
1777890113.5333323,3.0,0.0,-76.0
1777890113.5433323,6.0,1.0,-77.0
1777890113.5533323,10.0,3.0,-71.0
1777890113.5633323,11.0,0.0,-66.0
1777890113.5733323,10.0,0.0,-67.0
1777890113.5833323,11.0,0.0,-65.0
1777890113.5933323,7.0,-2.0,-64.0
1777890113.6033323,6.0,-1.0,-68.0
1777890113.6133325,3.0,-3.0,-67.0
1777890113.6233325,2.0,-4.0,-69.0
1777890113.6333325,5.0,0.0,-71.0
1777890113.6433325,2.0,-1.0,-74.0
1777890113.6533325,0.0,5.0,-76.0
1777890113.6633325,-3.0,3.0,-79.0
1777890113.6733325,-9.0,0.0,-71.0
1777890113.6833324,-8.0,2.0,-71.0
1777890113.6933324,-10.0,2.0,-67.0
1777890113.7033324,-6.0,1.0,-72.0
1777890113.7133324,-10.0,0.0,-67.0
1777890113.7233324,-4.0,-1.0,-66.0
1777890113.7333324,0.0,-3.0,-67.0
1777890113.7433324,1.0,-6.0,-71.0
1777890113.7533324,4.0,-5.0,-76.0
1777890113.7633324,8.0,-3.0,-78.0
1777890113.7733324,5.0,-3.0,-78.0
1777890113.7833323,6.0,-6.0,-82.0
1777890113.7933323,4.0,0.0,-83.0
1777890113.8033323,0.0,-1.0,-78.0
1777890113.8133323,0.0,-3.0,-77.0
1777890113.8233323,0.0,0.0,-76.0
1777890113.8333323,-2.0,1.0,-80.0
1777890113.8433323,-4.0,3.0,-85.0
1777890113.8533323,-6.0,0.0,-88.0
1777890113.8633325,-1.0,-1.0,-91.0
1777890113.8733325,2.0,-3.0,-87.0
1777890113.8833325,3.0,-5.0,-87.0
1777890113.8933325,4.0,-2.0,-86.0
1777890113.9033325,2.0,1.0,-86.0
1777890113.9133325,0.0,1.0,-87.0
1777890113.9233325,0.0,3.0,-82.0
1777890113.9333324,-2.0,0.0,-82.0
1777890113.9433324,-2.0,2.0,-83.0
1777890113.9533324,0.0,0.0,-82.0
1777890113.9633324,5.0,0.0,-85.0
1777890113.9733324,2.0,0.0,-81.0
1777890113.9833324,2.0,0.0,-85.0
1777890113.9933324,1.0,-1.0,-79.0
1777890114.0033324,0.0,-2.0,-68.0
1777890114.0133324,1.0,-3.0,-72.0
1777890114.0233324,4.0,-4.0,-73.0
1777890114.0333323,1.0,-7.0,-74.0
1777890114.0433323,0.0,-4.0,-77.0
1777890114.0533323,0.0,-1.0,-76.0
1777890114.0633323,1.0,0.0,-76.0
1777890114.0733323,0.0,-6.0,-76.0
1777890114.0833323,2.0,-4.0,-74.0
1777890114.0933323,5.0,0.0,-68.0
1777890114.1033323,6.0,3.0,-68.0
1777890114.1133325,6.0,1.0,-66.0
1777890114.1233325,9.0,2.0,-62.0
1777890114.1333325,15.0,0.0,-67.0
1777890114.1433325,11.0,0.0,-77.0
1777890114.1533325,7.0,2.0,-81.0
1777890114.1633325,2.0,4.0,-82.0
1777890114.1733325,2.0,5.0,-77.0
1777890114.1833324,2.0,7.0,-75.0
1777890114.1933324,-1.0,4.0,-70.0
1777890114.2033324,0.0,4.0,-67.0
1777890114.2133324,-1.0,4.0,-66.0
1777890114.2233324,-1.0,3.0,-66.0
1777890114.2333324,2.0,4.0,-66.0
1777890114.2433324,4.0,2.0,-69.0
1777890114.2533324,3.0,0.0,-74.0
1777890114.2633324,4.0,-2.0,-82.0
1777890114.2733324,1.0,-3.0,-80.0
1777890114.2833323,-3.0,-4.0,-76.0
1777890114.2933323,0.0,-3.0,-71.0
1777890114.3033323,0.0,-8.0,-62.0
1777890114.3133323,-2.0,-9.0,-67.0
1777890114.3233323,0.0,-11.0,-70.0
1777890114.3333323,0.0,-9.0,-71.0
1777890114.3433323,0.0,-9.0,-77.0
1777890114.3533323,3.0,-4.0,-72.0
1777890114.3633325,1.0,-3.0,-73.0
1777890114.3733325,-1.0,-3.0,-72.0
1777890114.3833325,0.0,-2.0,-77.0
1777890114.3933325,0.0,-1.0,-72.0
1777890114.4033325,0.0,0.0,-65.0
1777890114.4133325,-2.0,1.0,-66.0
1777890114.4233325,0.0,2.0,-65.0
1777890114.4333324,0.0,0.0,-62.0
1777890114.4433324,1.0,0.0,-65.0
1777890114.4533324,0.0,0.0,-70.0
1777890114.4633324,1.0,-1.0,-70.0
1777890114.4733324,1.0,0.0,-73.0
1777890114.4833324,1.0,0.0,-70.0
1777890114.4933324,4.0,-4.0,-73.0
1777890114.5033324,9.0,-5.0,-80.0
1777890114.5133324,8.0,-9.0,-82.0
1777890114.5233324,3.0,-6.0,-77.0
1777890114.5333323,6.0,-3.0,-80.0
1777890114.5433323,6.0,-5.0,-78.0
1777890114.5533323,5.0,-4.0,-73.0
1777890114.5633323,2.0,-2.0,-72.0
1777890114.5733323,-2.0,-3.0,-69.0
1777890114.5833323,0.0,0.0,-66.0
1777890114.5933323,1.0,0.0,-71.0
1777890114.6033323,-2.0,-2.0,-66.0
1777890114.6133325,-2.0,-1.0,-65.0
1777890114.6233325,-2.0,0.0,-55.0
1777890114.6333325,0.0,0.0,-51.0
1777890114.6433325,2.0,0.0,-66.0
1777890114.6533325,3.0,3.0,-71.0
1777890114.6633325,1.0,2.0,-72.0
1777890114.6733325,-2.0,0.0,-74.0
1777890114.6833324,-5.0,1.0,-73.0
1777890114.6933324,-6.0,-1.0,-78.0
1777890114.7033324,-2.0,-3.0,-74.0
1777890114.7133324,0.0,-4.0,-80.0
1777890114.7233324,0.0,-7.0,-86.0
1777890114.7333324,2.0,-6.0,-84.0
1777890114.7433324,0.0,-9.0,-76.0
1777890114.7533324,-1.0,-10.0,-80.0
1777890114.7633324,-2.0,-5.0,-74.0
1777890114.7733324,0.0,-3.0,-72.0
1777890114.7833323,-2.0,-2.0,-70.0
1777890114.7933323,-2.0,-3.0,-70.0
1777890114.8033323,1.0,-6.0,-65.0
1777890114.8133323,0.0,-8.0,-61.0
1777890114.8233323,0.0,-4.0,-64.0
1777890114.8333323,2.0,-6.0,-66.0
1777890114.8433323,1.0,-7.0,-74.0
1777890114.8533323,1.0,-4.0,-75.0
1777890114.8633325,1.0,-5.0,-76.0
1777890114.8733325,0.0,-2.0,-76.0
1777890114.8833325,-1.0,-4.0,-78.0
1777890114.8933325,-5.0,-7.0,-72.0
1777890114.9033325,-7.0,-9.0,-71.0
1777890114.9133325,-6.0,-7.0,-73.0
1777890114.9233325,-6.0,-9.0,-68.0
1777890114.9333324,-1.0,-9.0,-68.0
1777890114.9433324,1.0,-6.0,-64.0
1777890114.9533324,0.0,0.0,-68.0
1777890114.9633324,0.0,-1.0,-69.0
1777890114.9733324,0.0,-1.0,-67.0
1777890114.9833324,-4.0,-2.0,-70.0
1777890114.9933324,3.0,-1.0,-73.0
1777890115.0033324,5.0,-1.0,-67.0
1777890115.0133324,3.0,0.0,-69.0
1777890115.0233324,4.0,2.0,-69.0
1777890115.0333323,6.0,3.0,-75.0
1777890115.0433323,4.0,3.0,-77.0
1777890115.0533323,3.0,2.0,-66.0
1777890115.0633323,5.0,0.0,-63.0
1777890115.0733323,8.0,2.0,-64.0
1777890115.0833323,4.0,3.0,-67.0
1777890115.0933323,7.0,3.0,-69.0
1777890115.1033323,4.0,1.0,-74.0
1777890115.1133325,2.0,1.0,-74.0
1777890115.1233325,2.0,-1.0,-67.0
1777890115.1333325,2.0,-5.0,-71.0
1777890115.1433325,0.0,-3.0,-70.0
1777890115.1533325,4.0,0.0,-73.0
1777890115.1633325,6.0,0.0,-78.0
1777890115.1733325,4.0,0.0,-75.0
1777890115.1833324,0.0,-2.0,-77.0
1777890115.1933324,-2.0,-3.0,-73.0
1777890115.2033324,-1.0,0.0,-73.0
1777890115.2133324,0.0,3.0,-74.0
1777890115.2233324,-2.0,0.0,-75.0
1777890115.2333324,-5.0,-1.0,-79.0
1777890115.2433324,-6.0,-3.0,-77.0
1777890115.2533324,-1.0,-1.0,-76.0
1777890115.2643323,1.0,2.0,-77.0
1777890115.2733324,4.0,4.0,-84.0
1777890115.2843325,0.0,6.0,-81.0
1777890115.2943325,3.0,5.0,-82.0
1777890115.3033323,7.0,2.0,-88.0
1777890115.3143325,4.0,2.0,-87.0
1777890115.3243325,-1.0,2.0,-83.0
1777890115.3343325,-1.0,1.0,-85.0
1777890115.3443325,0.0,-1.0,-83.0
1777890115.3543324,-3.0,-4.0,-86.0
1777890115.3643324,-6.0,-4.0,-82.0
1777890115.3743324,0.0,-7.0,-87.0
1777890115.3843324,3.0,-7.0,-91.0
1777890115.3943324,7.0,-5.0,-85.0
1777890115.4043324,6.0,-6.0,-78.0
1777890115.4143324,4.0,-3.0,-83.0
1777890115.4243324,5.0,-3.0,-81.0
1777890115.4343324,11.0,-3.0,-81.0
1777890115.4443324,9.0,-2.0,-74.0
1777890115.4543324,12.0,0.0,-77.0
1777890115.4643323,9.0,-3.0,-73.0
1777890115.4743323,8.0,-2.0,-64.0
1777890115.4843323,4.0,-3.0,-63.0
1777890115.4943323,1.0,-5.0,-62.0
1777890115.5043323,4.0,-4.0,-64.0
1777890115.5143323,1.0,-7.0,-67.0
1777890115.5243323,1.0,-6.0,-72.0
1777890115.5343325,1.0,-3.0,-70.0
1777890115.5443325,5.0,-6.0,-70.0
1777890115.5543325,6.0,-3.0,-69.0
1777890115.5643325,7.0,-4.0,-60.0
1777890115.5743325,5.0,-4.0,-59.0
1777890115.5843325,2.0,-4.0,-67.0
1777890115.5943325,3.0,-3.0,-74.0
1777890115.6043324,1.0,-4.0,-73.0
1777890115.6143324,1.0,-7.0,-73.0
1777890115.6243324,2.0,-5.0,-78.0
1777890115.6343324,4.0,-7.0,-82.0
1777890115.6443324,-5.0,-7.0,-84.0
1777890115.6543324,-7.0,-2.0,-79.0
1777890115.6643324,-6.0,-1.0,-81.0
1777890115.6743324,-2.0,0.0,-78.0
1777890115.6843324,-3.0,0.0,-75.0
1777890115.6943324,0.0,-1.0,-71.0
1777890115.7043324,3.0,1.0,-74.0
1777890115.7143323,-1.0,1.0,-76.0
1777890115.7243323,-5.0,0.0,-84.0
1777890115.7343323,-4.0,1.0,-79.0
1777890115.7443323,-4.0,1.0,-85.0
1777890115.7543323,-2.0,2.0,-78.0
1777890115.7643323,2.0,4.0,-66.0
1777890115.7743323,2.0,2.0,-65.0
1777890115.7843325,0.0,1.0,-66.0
1777890115.7943325,-4.0,2.0,-68.0
1777890115.8043325,0.0,0.0,-72.0
1777890115.8143325,0.0,0.0,-77.0
1777890115.8243325,0.0,-1.0,-71.0
1777890115.8343325,2.0,0.0,-71.0
1777890115.8443325,0.0,0.0,-68.0
1777890115.8543324,0.0,1.0,-72.0
1777890115.8643324,0.0,3.0,-74.0
1777890115.8743324,1.0,3.0,-77.0
1777890115.8843324,0.0,-3.0,-76.0
1777890115.8943324,4.0,-4.0,-70.0
1777890115.9043324,9.0,-4.0,-72.0
1777890115.9143324,8.0,-5.0,-77.0
1777890115.9243324,2.0,0.0,-75.0
1777890115.9343324,1.0,0.0,-82.0
1777890115.9443324,-1.0,-1.0,-75.0
1777890115.9543324,-3.0,2.0,-71.0
1777890115.9643323,-1.0,1.0,-69.0
1777890115.9743323,2.0,0.0,-66.0
1777890115.9843323,1.0,0.0,-68.0
1777890115.9943323,2.0,0.0,-74.0
1777890116.0043323,2.0,0.0,-80.0
1777890116.0143323,0.0,1.0,-77.0
1777890116.0243323,1.0,2.0,-69.0
1777890116.0343325,1.0,0.0,-66.0
1777890116.0443325,0.0,-2.0,-66.0
1777890116.0543325,-1.0,-6.0,-62.0
1777890116.0643325,0.0,-2.0,-68.0
1777890116.0743325,0.0,-11.0,-81.0
1777890116.0843325,-3.0,-9.0,-88.0
1777890116.0943325,-4.0,-9.0,-90.0
1777890116.1043324,-2.0,-5.0,-80.0
1777890116.1143324,-6.0,-3.0,-76.0
1777890116.1243324,-5.0,-4.0,-74.0
1777890116.1343324,-6.0,-9.0,-78.0
1777890116.1443324,-8.0,-15.0,-77.0
1777890116.1543324,-3.0,-14.0,-72.0
1777890116.1643324,-4.0,-8.0,-79.0
1777890116.1743324,-2.0,0.0,-80.0
1777890116.1843324,0.0,0.0,-85.0
1777890116.1943324,0.0,-2.0,-82.0
1777890116.2043324,2.0,1.0,-82.0
1777890116.2143323,-2.0,2.0,-84.0
1777890116.2243323,4.0,0.0,-84.0
1777890116.2343323,7.0,1.0,-77.0
1777890116.2443323,2.0,0.0,-69.0
1777890116.2543323,1.0,2.0,-67.0
1777890116.2643323,-1.0,0.0,-70.0
1777890116.2743323,0.0,0.0,-71.0
1777890116.2843325,0.0,0.0,-72.0
1777890116.2943325,0.0,0.0,-74.0
1777890116.3043325,3.0,-1.0,-75.0
1777890116.3143325,10.0,3.0,-76.0
1777890116.3243325,10.0,2.0,-83.0
1777890116.3343325,9.0,1.0,-86.0
1777890116.3443325,6.0,-1.0,-75.0
1777890116.3543324,5.0,1.0,-77.0
1777890116.3643324,0.0,0.0,-75.0
1777890116.3743324,-4.0,-1.0,-68.0
1777890116.3843324,0.0,-1.0,-68.0
1777890116.3943324,-1.0,0.0,-74.0
1777890116.4043324,0.0,-2.0,-67.0
1777890116.4143324,4.0,0.0,-66.0
1777890116.4243324,5.0,1.0,-62.0
1777890116.4343324,4.0,-2.0,-72.0
1777890116.4443324,6.0,-2.0,-72.0
1777890116.4543324,5.0,-2.0,-67.0
1777890116.4643323,3.0,-3.0,-74.0
1777890116.4743323,0.0,-4.0,-78.0
1777890116.4843323,1.0,-2.0,-75.0
1777890116.4943323,0.0,-2.0,-72.0
1777890116.5043323,0.0,-3.0,-73.0
1777890116.5143323,0.0,-7.0,-79.0
1777890116.5243323,0.0,-5.0,-79.0
1777890116.5343325,0.0,0.0,-77.0
1777890116.5443325,1.0,0.0,-76.0
1777890116.5543325,2.0,-2.0,-79.0
1777890116.5643325,0.0,-8.0,-83.0
1777890116.5743325,6.0,-6.0,-82.0
1777890116.5843325,5.0,-7.0,-74.0
1777890116.5943325,2.0,-7.0,-68.0
1777890116.6043324,0.0,-6.0,-73.0
1777890116.6143324,-1.0,-6.0,-76.0
1777890116.6243324,0.0,-4.0,-75.0
1777890116.6353323,0.0,-5.0,-71.0
1777890116.6443324,4.0,-1.0,-75.0
1777890116.6543324,6.0,-1.0,-77.0
1777890116.6643324,5.0,0.0,-80.0
1777890116.6743324,5.0,0.0,-70.0
1777890116.6843324,2.0,0.0,-69.0
1777890116.6943324,1.0,3.0,-66.0
1777890116.7043324,-2.0,1.0,-71.0
1777890116.7143323,-3.0,0.0,-71.0
1777890116.7243323,-2.0,2.0,-72.0
1777890116.7343323,-3.0,1.0,-79.0
1777890116.7443323,-9.0,0.0,-72.0
1777890116.7543323,-11.0,-1.0,-70.0
1777890116.7643323,-11.0,1.0,-77.0
1777890116.7743323,-6.0,-2.0,-82.0
1777890116.7843325,0.0,-5.0,-85.0
1777890116.7943325,0.0,-7.0,-77.0
1777890116.8043325,-4.0,-7.0,-76.0
1777890116.8143325,-4.0,-5.0,-75.0
1777890116.8243325,-1.0,-1.0,-77.0
1777890116.8343325,-3.0,0.0,-75.0
1777890116.8443325,-4.0,2.0,-76.0
1777890116.8543324,-2.0,1.0,-77.0
1777890116.8643324,1.0,-3.0,-75.0
1777890116.8743324,3.0,-1.0,-74.0
1777890116.8843324,3.0,-2.0,-73.0
1777890116.8943324,3.0,0.0,-74.0
1777890116.9043324,3.0,-1.0,-70.0
1777890116.9143324,1.0,3.0,-80.0
1777890116.9243324,0.0,5.0,-80.0
1777890116.9343324,0.0,7.0,-78.0
1777890116.9443324,-1.0,7.0,-76.0
1777890116.9543324,-5.0,5.0,-72.0
1777890116.9643323,-8.0,6.0,-72.0
1777890116.9743323,-9.0,1.0,-72.0
1777890116.9843323,-4.0,0.0,-76.0
1777890116.9943323,2.0,2.0,-74.0
1777890117.0043323,5.0,5.0,-79.0
1777890117.0143323,9.0,3.0,-79.0
1777890117.0243323,6.0,2.0,-74.0
1777890117.0343325,1.0,1.0,-76.0
1777890117.0443325,-1.0,6.0,-78.0
1777890117.0543325,0.0,5.0,-68.0
1777890117.0643325,6.0,2.0,-71.0
1777890117.0743325,6.0,2.0,-79.0
1777890117.0843325,1.0,0.0,-76.0
1777890117.0943325,1.0,1.0,-70.0
1777890117.1043324,3.0,-4.0,-74.0
1777890117.1143324,2.0,-3.0,-76.0
1777890117.1243324,2.0,0.0,-79.0
1777890117.1343324,6.0,0.0,-82.0
1777890117.1443324,4.0,2.0,-78.0
1777890117.1543324,2.0,6.0,-82.0
1777890117.1643324,0.0,2.0,-79.0
1777890117.1743324,2.0,1.0,-76.0
1777890117.1843324,0.0,1.0,-75.0
1777890117.1943324,-3.0,3.0,-80.0
1777890117.2043324,0.0,3.0,-76.0
1777890117.2143323,-2.0,3.0,-73.0
1777890117.2243323,-3.0,3.0,-73.0
1777890117.2343323,-1.0,4.0,-74.0
1777890117.2453325,0.0,2.0,-75.0
1777890117.2543323,3.0,5.0,-80.0
1777890117.2643323,-1.0,2.0,-83.0
1777890117.2753325,-1.0,3.0,-78.0
1777890117.2853324,-1.0,0.0,-72.0
1777890117.2953324,-1.0,-3.0,-75.0
1777890117.3043325,0.0,-5.0,-76.0
1777890117.3153324,0.0,-4.0,-70.0
1777890117.3253324,1.0,-1.0,-70.0
1777890117.3353324,0.0,-5.0,-69.0
1777890117.3453324,2.0,-5.0,-69.0
1777890117.3553324,0.0,-6.0,-68.0
1777890117.3653324,-5.0,-1.0,-67.0
1777890117.3753324,-5.0,-2.0,-73.0
1777890117.3853323,-7.0,-2.0,-65.0
1777890117.3953323,-4.0,-6.0,-67.0
1777890117.4053323,-6.0,-4.0,-73.0
1777890117.4153323,-3.0,-3.0,-75.0
1777890117.4253323,-2.0,-3.0,-68.0
1777890117.4353323,3.0,-1.0,-73.0
1777890117.4453323,3.0,2.0,-76.0
1777890117.4553325,2.0,2.0,-79.0
1777890117.4653325,2.0,0.0,-82.0
1777890117.4753325,0.0,-3.0,-79.0
1777890117.4853325,2.0,0.0,-79.0
1777890117.4953325,4.0,1.0,-81.0
1777890117.5053325,4.0,1.0,-81.0
1777890117.5153325,4.0,0.0,-78.0
1777890117.5253325,4.0,0.0,-82.0
1777890117.5353324,2.0,0.0,-80.0
1777890117.5453324,0.0,5.0,-73.0
1777890117.5553324,0.0,10.0,-75.0
1777890117.5653324,4.0,3.0,-75.0
1777890117.5753324,1.0,0.0,-80.0
1777890117.5853324,1.0,-1.0,-75.0
1777890117.5953324,3.0,0.0,-72.0
1777890117.6053324,2.0,0.0,-75.0
1777890117.6153324,6.0,-4.0,-79.0
1777890117.6253324,5.0,-4.0,-79.0
1777890117.6353323,5.0,-4.0,-74.0
1777890117.6453323,5.0,0.0,-79.0
1777890117.6553323,4.0,-1.0,-76.0
1777890117.6653323,1.0,0.0,-72.0
1777890117.6753323,2.0,-2.0,-74.0
1777890117.6853323,1.0,-3.0,-76.0
1777890117.6953323,1.0,0.0,-72.0
1777890117.7053325,-2.0,1.0,-71.0
1777890117.7153325,-4.0,0.0,-70.0
1777890117.7253325,-6.0,1.0,-69.0
1777890117.7353325,-7.0,0.0,-68.0
1777890117.7453325,-7.0,3.0,-68.0
1777890117.7553325,0.0,0.0,-63.0
1777890117.7653325,-2.0,-1.0,-65.0
1777890117.7753325,-1.0,-1.0,-64.0
1777890117.7853324,0.0,-4.0,-71.0
1777890117.7953324,0.0,-2.0,-65.0
1777890117.8053324,-1.0,2.0,-66.0
1777890117.8153324,-1.0,0.0,-74.0
1777890117.8253324,0.0,-2.0,-73.0
1777890117.8353324,-3.0,1.0,-74.0
1777890117.8453324,-6.0,-1.0,-73.0
1777890117.8553324,-8.0,-6.0,-78.0
1777890117.8653324,-7.0,-7.0,-77.0
1777890117.8753324,-2.0,-4.0,-74.0
1777890117.8853323,-3.0,-7.0,-73.0
1777890117.8953323,-5.0,-5.0,-69.0
1777890117.9053323,-4.0,-5.0,-70.0
1777890117.9153323,-6.0,-5.0,-67.0
1777890117.9253323,-4.0,-2.0,-67.0
1777890117.9353323,-4.0,0.0,-69.0
1777890117.9453323,-1.0,1.0,-72.0
1777890117.9553325,0.0,0.0,-73.0
1777890117.9653325,-4.0,1.0,-76.0
1777890117.9753325,-5.0,0.0,-73.0
1777890117.9853325,-8.0,-1.0,-74.0
1777890117.9953325,-4.0,-1.0,-76.0
1777890118.0053325,-1.0,-4.0,-79.0
1777890118.0153325,-2.0,-1.0,-81.0
1777890118.0253325,0.0,0.0,-74.0
1777890118.0353324,0.0,0.0,-72.0
1777890118.0453324,1.0,3.0,-73.0
1777890118.0553324,1.0,0.0,-71.0
1777890118.0653324,1.0,-1.0,-74.0
1777890118.0753324,2.0,-3.0,-71.0
1777890118.0853324,0.0,-6.0,-73.0
1777890118.0953324,-1.0,-3.0,-68.0
1777890118.1053324,-2.0,-1.0,-67.0
1777890118.1153324,0.0,0.0,-64.0
1777890118.1253324,4.0,-1.0,-67.0
1777890118.1353323,0.0,0.0,-71.0
1777890118.1453323,0.0,0.0,-67.0
1777890118.1553323,-1.0,-2.0,-62.0
1777890118.1653323,-7.0,-2.0,-68.0
1777890118.1753323,-5.0,-4.0,-69.0
1777890118.1853323,-6.0,-2.0,-68.0
1777890118.1953323,-4.0,1.0,-71.0
1777890118.2053325,0.0,3.0,-69.0
1777890118.2153325,0.0,0.0,-74.0
1777890118.2253325,1.0,1.0,-74.0
1777890118.2353325,-3.0,0.0,-77.0
1777890118.2453325,-6.0,-2.0,-78.0
1777890118.2553325,-2.0,-3.0,-79.0
1777890118.2653325,-1.0,-3.0,-82.0
1777890118.2753325,2.0,-4.0,-80.0
1777890118.2853324,4.0,-7.0,-89.0
1777890118.2953324,2.0,-5.0,-91.0
1777890118.3053324,2.0,-4.0,-82.0
1777890118.3153324,2.0,0.0,-82.0
1777890118.3253324,5.0,4.0,-76.0
1777890118.3353324,3.0,2.0,-75.0
1777890118.3453324,-1.0,0.0,-74.0
1777890118.3553324,2.0,0.0,-73.0
1777890118.3653324,1.0,-2.0,-79.0
1777890118.3753324,4.0,0.0,-79.0
1777890118.3853323,4.0,-2.0,-78.0
1777890118.3953323,1.0,1.0,-71.0
1777890118.4053323,1.0,3.0,-68.0
1777890118.4153323,0.0,1.0,-71.0
1777890118.4253323,-3.0,0.0,-76.0
1777890118.4353323,-1.0,0.0,-79.0
1777890118.4453323,-2.0,0.0,-79.0
1777890118.4553325,-3.0,3.0,-87.0
1777890118.4653325,-5.0,1.0,-81.0
1777890118.4753325,-5.0,0.0,-72.0
1777890118.4853325,-1.0,-2.0,-64.0
1777890118.4953325,0.0,-1.0,-70.0
1777890118.5053325,3.0,-2.0,-69.0
1777890118.5153325,3.0,3.0,-73.0
1777890118.5253325,0.0,4.0,-71.0
1777890118.5353324,2.0,6.0,-74.0
1777890118.5453324,6.0,5.0,-71.0
1777890118.5553324,7.0,5.0,-69.0
1777890118.5653324,4.0,4.0,-66.0
1777890118.5753324,2.0,1.0,-63.0
1777890118.5853324,-2.0,0.0,-64.0
1777890118.5953324,-3.0,3.0,-70.0
1777890118.6053324,1.0,5.0,-65.0
1777890118.6153324,2.0,7.0,-66.0
1777890118.6253324,-2.0,2.0,-69.0
1777890118.6353323,-2.0,1.0,-71.0
1777890118.6453323,-4.0,0.0,-75.0
1777890118.6553323,-4.0,-3.0,-73.0
1777890118.6653323,-6.0,-5.0,-68.0
1777890118.6753323,-9.0,-4.0,-73.0
1777890118.6853323,-10.0,-2.0,-61.0
1777890118.6953323,-8.0,1.0,-71.0
1777890118.7053325,-4.0,6.0,-76.0
1777890118.7153325,2.0,4.0,-81.0
1777890118.7253325,3.0,4.0,-80.0
1777890118.7353325,3.0,3.0,-78.0
1777890118.7453325,3.0,2.0,-79.0
1777890118.7553325,3.0,4.0,-80.0
1777890118.7653325,2.0,8.0,-81.0
1777890118.7753325,0.0,4.0,-78.0
1777890118.7853324,-5.0,5.0,-80.0
1777890118.7953324,-6.0,3.0,-80.0
1777890118.8053324,-6.0,2.0,-77.0
1777890118.8153324,0.0,0.0,-79.0
1777890118.8253324,1.0,0.0,-79.0
1777890118.8353324,6.0,0.0,-81.0
1777890118.8453324,10.0,-2.0,-76.0
1777890118.8553324,9.0,-2.0,-74.0
1777890118.8653324,6.0,-1.0,-73.0
1777890118.8753324,5.0,-2.0,-78.0
1777890118.8853323,3.0,-4.0,-70.0
1777890118.8953323,3.0,-7.0,-69.0
1777890118.9053323,-3.0,-6.0,-73.0
1777890118.9153323,-1.0,-7.0,-78.0
1777890118.9253323,1.0,-6.0,-79.0
1777890118.9353323,-3.0,-5.0,-74.0
1777890118.9453323,-3.0,0.0,-76.0
1777890118.9553325,-2.0,-2.0,-70.0
1777890118.9653325,-3.0,-2.0,-66.0
1777890118.9753325,-2.0,0.0,-73.0
1777890118.9853325,0.0,2.0,-77.0
1777890118.9953325,2.0,1.0,-70.0
1777890119.0053325,0.0,0.0,-70.0
1777890119.0153325,-6.0,0.0,-68.0
1777890119.0253325,-6.0,0.0,-65.0
1777890119.0353324,0.0,-1.0,-65.0
1777890119.0453324,-4.0,0.0,-68.0
1777890119.0553324,-4.0,0.0,-71.0
1777890119.0653324,-4.0,1.0,-78.0
1777890119.0753324,0.0,-3.0,-82.0
1777890119.0853324,0.0,0.0,-80.0
1777890119.0953324,0.0,-4.0,-81.0
1777890119.1053324,-3.0,-5.0,-80.0
1777890119.1153324,0.0,-5.0,-76.0
1777890119.1253324,1.0,-6.0,-81.0
1777890119.1353323,-1.0,-3.0,-79.0
1777890119.1453323,-1.0,-2.0,-80.0
1777890119.1553323,-2.0,-2.0,-75.0
1777890119.1653323,-5.0,-2.0,-68.0
1777890119.1753323,-2.0,-2.0,-65.0
1777890119.1853323,-1.0,-3.0,-70.0
1777890119.1953323,-3.0,-6.0,-80.0
1777890119.2053325,-6.0,-4.0,-83.0
1777890119.2153325,-7.0,-4.0,-84.0
1777890119.2253325,-5.0,-5.0,-81.0
1777890119.2363324,-2.0,-2.0,-83.0
1777890119.2463324,-1.0,-3.0,-80.0
1777890119.2553325,0.0,-5.0,-78.0
1777890119.2653325,2.0,-5.0,-77.0
1777890119.2763324,-5.0,-3.0,-82.0
1777890119.2863324,-6.0,-3.0,-81.0
1777890119.2963324,-1.0,0.0,-84.0
1777890119.3063323,2.0,0.0,-83.0
1777890119.3163323,-2.0,0.0,-81.0
1777890119.3263323,-2.0,-2.0,-75.0
1777890119.3363323,1.0,-3.0,-78.0
1777890119.3463323,1.0,-4.0,-70.0
1777890119.3563323,-2.0,-2.0,-72.0
1777890119.3663323,-1.0,0.0,-77.0
1777890119.3763323,5.0,-4.0,-79.0
1777890119.3863325,4.0,-3.0,-77.0
1777890119.3963325,2.0,-3.0,-74.0
1777890119.4063325,3.0,-7.0,-73.0
1777890119.4163325,6.0,-3.0,-73.0
1777890119.4263325,1.0,-1.0,-75.0
1777890119.4363325,1.0,2.0,-76.0
1777890119.4463325,3.0,1.0,-69.0
1777890119.4563324,-2.0,1.0,-59.0
1777890119.4663324,-3.0,2.0,-64.0
1777890119.4763324,-3.0,3.0,-60.0
1777890119.4863324,-8.0,1.0,-59.0
1777890119.4963324,-7.0,0.0,-54.0
1777890119.5063324,-4.0,0.0,-53.0
1777890119.5163324,-3.0,0.0,-52.0
1777890119.5263324,-2.0,2.0,-48.0
1777890119.5363324,-2.0,0.0,-56.0
1777890119.5463324,0.0,0.0,-74.0
1777890119.5563323,1.0,-2.0,-75.0
1777890119.5663323,6.0,-5.0,-78.0
1777890119.5763323,9.0,0.0,-82.0
1777890119.5863323,4.0,0.0,-75.0
1777890119.5963323,7.0,-5.0,-73.0
1777890119.6063323,9.0,-5.0,-70.0
1777890119.6163323,5.0,-10.0,-69.0
1777890119.6263323,2.0,-8.0,-79.0
1777890119.6363325,2.0,-7.0,-79.0
1777890119.6463325,2.0,-6.0,-77.0
1777890119.6563325,0.0,-3.0,-76.0
1777890119.6663325,0.0,-1.0,-81.0
1777890119.6763325,-3.0,-1.0,-77.0
1777890119.6863325,-1.0,-1.0,-75.0
1777890119.6963325,-4.0,2.0,-79.0
1777890119.7063324,-3.0,2.0,-81.0
1777890119.7163324,1.0,2.0,-78.0
1777890119.7263324,1.0,5.0,-76.0
1777890119.7363324,2.0,3.0,-78.0
1777890119.7463324,0.0,6.0,-81.0
1777890119.7563324,-4.0,9.0,-85.0
1777890119.7663324,-7.0,10.0,-90.0
1777890119.7763324,-11.0,9.0,-86.0
1777890119.7863324,-8.0,8.0,-86.0
1777890119.7963324,-1.0,1.0,-82.0
1777890119.8063323,3.0,2.0,-76.0
1777890119.8163323,0.0,0.0,-75.0
1777890119.8263323,0.0,-1.0,-71.0
1777890119.8363323,2.0,-3.0,-70.0
1777890119.8463323,-1.0,-4.0,-67.0
1777890119.8563323,0.0,-6.0,-72.0
1777890119.8663323,0.0,-4.0,-72.0
1777890119.8763323,-1.0,-7.0,-70.0
1777890119.8863325,-4.0,-4.0,-65.0
1777890119.8963325,-1.0,-2.0,-65.0
1777890119.9063325,-1.0,-3.0,-70.0
1777890119.9163325,-4.0,-2.0,-65.0
1777890119.9263325,-3.0,1.0,-61.0
1777890119.9363325,0.0,4.0,-67.0
1777890119.9463325,-1.0,2.0,-65.0
1777890119.9563324,0.0,0.0,-62.0
1777890119.9663324,4.0,1.0,-73.0
1777890119.9763324,4.0,1.0,-82.0
1777890119.9863324,8.0,2.0,-83.0
1777890119.9963324,8.0,1.0,-85.0
1777890120.0063324,8.0,0.0,-83.0
1777890120.0163324,5.0,2.0,-83.0
1777890120.0263324,4.0,0.0,-84.0
1777890120.0363324,3.0,0.0,-85.0
1777890120.0463324,-1.0,3.0,-81.0
1777890120.0563323,-3.0,-1.0,-84.0
1777890120.0663323,-1.0,0.0,-81.0
1777890120.0763323,-5.0,0.0,-77.0
1777890120.0863323,0.0,-1.0,-69.0
1777890120.0963323,2.0,-1.0,-70.0
1777890120.1063323,0.0,-2.0,-70.0
1777890120.1163323,-1.0,-3.0,-75.0
1777890120.1263323,1.0,1.0,-79.0
1777890120.1363325,0.0,0.0,-82.0
1777890120.1463325,-5.0,3.0,-83.0
1777890120.1563325,-5.0,3.0,-83.0
1777890120.1663325,-2.0,6.0,-87.0
1777890120.1763325,-5.0,8.0,-83.0
1777890120.1863325,-4.0,7.0,-78.0
1777890120.1963325,-3.0,3.0,-73.0
1777890120.2063324,-3.0,4.0,-73.0
1777890120.2163324,-9.0,0.0,-74.0
1777890120.2263324,-4.0,0.0,-76.0
1777890120.2363324,-4.0,2.0,-89.0
1777890120.2463324,-1.0,1.0,-86.0
1777890120.2563324,-1.0,-2.0,-82.0
1777890120.2663324,-1.0,-3.0,-83.0
1777890120.2763324,2.0,-2.0,-81.0
1777890120.2863324,2.0,0.0,-87.0
1777890120.2963324,5.0,0.0,-91.0
1777890120.3063323,2.0,1.0,-86.0
1777890120.3163323,0.0,0.0,-88.0
1777890120.3263323,3.0,0.0,-88.0
1777890120.3363323,0.0,1.0,-81.0
1777890120.3463323,-4.0,3.0,-83.0
1777890120.3563323,-5.0,2.0,-79.0
1777890120.3663323,-7.0,-1.0,-79.0
1777890120.3763323,-13.0,0.0,-81.0
1777890120.3863325,-14.0,0.0,-78.0
1777890120.3963325,-12.0,2.0,-82.0
1777890120.4063325,-6.0,8.0,-84.0
1777890120.4163325,-7.0,5.0,-83.0
1777890120.4263325,0.0,3.0,-81.0
1777890120.4363325,-2.0,9.0,-81.0
1777890120.4463325,-4.0,8.0,-86.0
1777890120.4563324,-5.0,2.0,-82.0
1777890120.4663324,-4.0,-2.0,-79.0
1777890120.4763324,-4.0,0.0,-77.0
1777890120.4863324,-4.0,-1.0,-75.0
1777890120.4963324,0.0,-1.0,-72.0
1777890120.5063324,0.0,1.0,-71.0
1777890120.5163324,1.0,0.0,-74.0
1777890120.5263324,0.0,-3.0,-73.0
1777890120.5363324,3.0,-7.0,-78.0
1777890120.5463324,5.0,-4.0,-76.0
1777890120.5563323,1.0,-5.0,-73.0
1777890120.5663323,-1.0,-5.0,-77.0
1777890120.5763323,0.0,-4.0,-78.0
1777890120.5863323,-2.0,-1.0,-74.0
1777890120.5963323,-3.0,-2.0,-68.0
1777890120.6063323,0.0,-2.0,-73.0
1777890120.6163323,1.0,-4.0,-86.0
1777890120.6263323,0.0,-2.0,-91.0
1777890120.6363325,0.0,-1.0,-94.0
1777890120.6463325,2.0,1.0,-94.0
1777890120.6563325,2.0,0.0,-93.0
1777890120.6663325,4.0,2.0,-84.0
1777890120.6763325,7.0,3.0,-88.0
1777890120.6863325,4.0,2.0,-85.0
1777890120.6963325,5.0,2.0,-83.0
1777890120.7063324,5.0,2.0,-78.0
1777890120.7163324,7.0,2.0,-85.0
1777890120.7263324,10.0,2.0,-89.0
1777890120.7363324,8.0,0.0,-84.0
1777890120.7463324,3.0,0.0,-82.0
1777890120.7563324,3.0,0.0,-77.0
1777890120.7663324,7.0,0.0,-72.0
1777890120.7763324,7.0,-7.0,-70.0
1777890120.7863324,5.0,-3.0,-68.0
1777890120.7963324,2.0,-1.0,-69.0
1777890120.8063323,0.0,-2.0,-69.0
1777890120.8163323,0.0,0.0,-64.0
1777890120.8263323,4.0,0.0,-64.0
1777890120.8363323,2.0,0.0,-73.0
1777890120.8463323,1.0,2.0,-71.0
1777890120.8563323,-1.0,1.0,-66.0
1777890120.8663323,-1.0,0.0,-62.0
1777890120.8763323,-3.0,0.0,-67.0
1777890120.8863325,-2.0,-2.0,-67.0
1777890120.8963325,0.0,0.0,-61.0
1777890120.9063325,0.0,0.0,-64.0
1777890120.9163325,-2.0,1.0,-68.0
1777890120.9263325,-4.0,3.0,-73.0
1777890120.9363325,-4.0,3.0,-76.0
1777890120.9463325,-4.0,2.0,-86.0
1777890120.9563324,-3.0,2.0,-84.0
1777890120.9663324,-1.0,3.0,-84.0
1777890120.9763324,-2.0,4.0,-82.0
1777890120.9863324,-3.0,3.0,-74.0
1777890120.9963324,0.0,3.0,-70.0
1777890121.0063324,1.0,0.0,-72.0
1777890121.0163324,3.0,0.0,-73.0
1777890121.0263324,1.0,0.0,-74.0
1777890121.0363324,3.0,1.0,-72.0
1777890121.0463324,7.0,1.0,-69.0
1777890121.0563323,8.0,5.0,-71.0
1777890121.0663323,11.0,7.0,-69.0
1777890121.0763323,6.0,8.0,-67.0
1777890121.0863323,3.0,7.0,-67.0
1777890121.0963323,-1.0,4.0,-68.0
1777890121.1063323,-2.0,1.0,-73.0
1777890121.1163323,-1.0,-2.0,-72.0
1777890121.1263323,-1.0,1.0,-78.0
1777890121.1363325,-2.0,4.0,-73.0
1777890121.1463325,0.0,0.0,-71.0
1777890121.1563325,0.0,-2.0,-73.0
1777890121.1663325,1.0,-1.0,-72.0
1777890121.1763325,4.0,4.0,-71.0
1777890121.1863325,5.0,3.0,-69.0
1777890121.1963325,5.0,4.0,-77.0
1777890121.2063324,0.0,2.0,-76.0
1777890121.2163324,0.0,-1.0,-79.0
1777890121.2263324,-2.0,0.0,-81.0
1777890121.2373323,-2.0,-3.0,-85.0
1777890121.2473323,1.0,-6.0,-83.0
1777890121.2573323,2.0,-5.0,-86.0
1777890121.2673323,4.0,-6.0,-88.0
1777890121.2773323,1.0,-5.0,-84.0
1777890121.2873323,0.0,-6.0,-89.0
1777890121.2973323,1.0,-5.0,-77.0
1777890121.3073325,0.0,0.0,-72.0
1777890121.3173325,-1.0,-3.0,-64.0
1777890121.3273325,0.0,-3.0,-65.0
1777890121.3373325,0.0,-3.0,-67.0
1777890121.3473325,-2.0,-5.0,-72.0
1777890121.3573325,-3.0,-1.0,-81.0
1777890121.3673325,-8.0,2.0,-87.0
1777890121.3773324,-8.0,4.0,-89.0
1777890121.3873324,-8.0,4.0,-86.0
1777890121.3973324,-9.0,0.0,-84.0
1777890121.4073324,-5.0,0.0,-90.0
1777890121.4173324,-4.0,0.0,-86.0
1777890121.4273324,-1.0,-1.0,-84.0
1777890121.4373324,2.0,-1.0,-85.0
1777890121.4483323,-4.0,0.0,-78.0
1777890121.4573324,-5.0,0.0,-69.0
1777890121.4673324,-4.0,-3.0,-71.0
1777890121.4773324,2.0,-9.0,-71.0
1777890121.4873323,-2.0,-7.0,-69.0
1777890121.4973323,-1.0,-3.0,-68.0
1777890121.5073323,0.0,-3.0,-78.0
1777890121.5173323,0.0,-4.0,-76.0
1777890121.5273323,0.0,1.0,-76.0
1777890121.5373323,-6.0,0.0,-71.0
1777890121.5473323,-6.0,1.0,-68.0
1777890121.5573325,-4.0,2.0,-70.0
1777890121.5673325,-2.0,4.0,-76.0
1777890121.5773325,-3.0,5.0,-76.0
1777890121.5873325,-1.0,1.0,-76.0
1777890121.5973325,-2.0,3.0,-72.0
1777890121.6073325,0.0,1.0,-75.0
1777890121.6173325,2.0,0.0,-74.0
1777890121.6273324,6.0,-1.0,-76.0
1777890121.6373324,6.0,0.0,-78.0
1777890121.6473324,6.0,-2.0,-76.0
1777890121.6573324,6.0,-6.0,-81.0
1777890121.6673324,5.0,-4.0,-79.0
1777890121.6773324,4.0,0.0,-77.0
1777890121.6873324,5.0,0.0,-75.0
1777890121.6973324,2.0,3.0,-71.0
1777890121.7073324,3.0,6.0,-74.0
1777890121.7173324,5.0,5.0,-73.0
1777890121.7273324,5.0,4.0,-74.0
1777890121.7373323,6.0,2.0,-76.0
1777890121.7473323,7.0,0.0,-74.0
1777890121.7573323,7.0,0.0,-71.0
1777890121.7673323,6.0,-1.0,-72.0
1777890121.7773323,6.0,0.0,-69.0
1777890121.7873323,5.0,0.0,-70.0
1777890121.7973323,4.0,1.0,-75.0
1777890121.8073325,0.0,4.0,-69.0
1777890121.8173325,0.0,4.0,-76.0
1777890121.8273325,0.0,6.0,-79.0
1777890121.8373325,-1.0,6.0,-76.0
1777890121.8473325,0.0,3.0,-67.0
1777890121.8573325,4.0,0.0,-71.0
1777890121.8673325,0.0,0.0,-70.0
1777890121.8773324,0.0,1.0,-72.0
1777890121.8873324,0.0,1.0,-78.0
1777890121.8973324,-4.0,-4.0,-77.0
1777890121.9073324,-7.0,-6.0,-77.0
1777890121.9173324,-10.0,-2.0,-81.0
1777890121.9273324,-11.0,-3.0,-80.0
1777890121.9373324,-10.0,-2.0,-78.0
1777890121.9473324,-4.0,-1.0,-77.0
1777890121.9573324,-6.0,0.0,-77.0
1777890121.9673324,-5.0,-4.0,-78.0
1777890121.9773324,0.0,-2.0,-87.0
1777890121.9873323,4.0,-3.0,-85.0
1777890121.9973323,0.0,-3.0,-80.0
1777890122.0073323,-2.0,-4.0,-81.0
1777890122.0173323,0.0,-6.0,-81.0
1777890122.0273323,2.0,-7.0,-82.0
1777890122.0373323,5.0,-5.0,-80.0
1777890122.0473323,5.0,-3.0,-72.0
1777890122.0573325,5.0,-3.0,-70.0
1777890122.0673325,4.0,-6.0,-75.0
1777890122.0773325,5.0,-4.0,-75.0
1777890122.0873325,7.0,-5.0,-73.0
1777890122.0973325,0.0,-5.0,-74.0
1777890122.1073325,1.0,-5.0,-72.0
1777890122.1173325,0.0,-3.0,-69.0
1777890122.1273324,-4.0,-1.0,-68.0
1777890122.1373324,4.0,-1.0,-73.0
1777890122.1473324,4.0,0.0,-68.0
1777890122.1573324,4.0,1.0,-69.0
1777890122.1673324,4.0,0.0,-70.0
1777890122.1773324,2.0,-3.0,-69.0
1777890122.1873324,0.0,0.0,-63.0
1777890122.1973324,3.0,3.0,-69.0
1777890122.2073324,8.0,1.0,-69.0
1777890122.2173324,3.0,1.0,-68.0
1777890122.2273324,8.0,-2.0,-67.0
1777890122.2373323,8.0,0.0,-66.0
1777890122.2473323,4.0,1.0,-71.0
1777890122.2573323,1.0,0.0,-71.0
1777890122.2673323,-3.0,-1.0,-72.0
1777890122.2773323,-6.0,-3.0,-76.0
1777890122.2873323,-5.0,-7.0,-78.0
1777890122.2973323,-3.0,-2.0,-82.0
1777890122.3073325,-5.0,-2.0,-73.0
1777890122.3173325,-7.0,-2.0,-72.0
1777890122.3273325,-4.0,-5.0,-63.0
1777890122.3373325,-2.0,0.0,-64.0
1777890122.3473325,-8.0,0.0,-71.0
1777890122.3573325,-9.0,0.0,-75.0
1777890122.3673325,-4.0,-1.0,-79.0
1777890122.3773324,-5.0,0.0,-75.0
1777890122.3873324,-4.0,0.0,-82.0
1777890122.3973324,0.0,0.0,-78.0
1777890122.4073324,0.0,-2.0,-79.0
1777890122.4173324,-1.0,-4.0,-80.0
1777890122.4273324,0.0,-4.0,-73.0
1777890122.4373324,-1.0,-3.0,-73.0
1777890122.4473324,-3.0,1.0,-69.0
1777890122.4573324,-1.0,-2.0,-70.0
1777890122.4673324,1.0,0.0,-66.0
1777890122.4773324,3.0,0.0,-59.0
1777890122.4873323,5.0,-1.0,-55.0
1777890122.4973323,3.0,-2.0,-53.0
1777890122.5073323,5.0,-2.0,-63.0
1777890122.5173323,6.0,2.0,-68.0
1777890122.5273323,6.0,6.0,-69.0
1777890122.5373323,7.0,5.0,-71.0
1777890122.5473323,9.0,6.0,-76.0
1777890122.5573325,9.0,5.0,-80.0
1777890122.5673325,9.0,3.0,-77.0
1777890122.5773325,13.0,3.0,-72.0
1777890122.5873325,14.0,3.0,-72.0
1777890122.5973325,7.0,2.0,-82.0
1777890122.6073325,11.0,5.0,-86.0
1777890122.6173325,8.0,5.0,-81.0
1777890122.6273324,7.0,7.0,-79.0
1777890122.6373324,4.0,7.0,-69.0
1777890122.6473324,5.0,4.0,-66.0
1777890122.6573324,2.0,0.0,-64.0
1777890122.6673324,3.0,-2.0,-69.0
1777890122.6773324,2.0,0.0,-70.0
1777890122.6873324,2.0,0.0,-74.0
1777890122.6973324,3.0,-3.0,-67.0
1777890122.7073324,1.0,-5.0,-63.0
1777890122.7173324,2.0,-7.0,-66.0
1777890122.7273324,3.0,-7.0,-66.0
1777890122.7373323,3.0,-9.0,-69.0
1777890122.7473323,8.0,-9.0,-73.0
1777890122.7573323,6.0,-7.0,-75.0
1777890122.7673323,2.0,-6.0,-80.0
1777890122.7773323,0.0,-8.0,-80.0
1777890122.7873323,5.0,-5.0,-80.0
1777890122.7973323,8.0,-7.0,-75.0
1777890122.8073325,3.0,-5.0,-79.0
1777890122.8173325,4.0,-6.0,-75.0
1777890122.8273325,4.0,-9.0,-75.0
1777890122.8373325,6.0,-7.0,-72.0
1777890122.8473325,4.0,-8.0,-72.0
1777890122.8573325,4.0,-5.0,-72.0
1777890122.8673325,1.0,-4.0,-74.0
1777890122.8773324,-2.0,-1.0,-76.0
1777890122.8873324,-5.0,-2.0,-73.0
1777890122.8973324,-2.0,-5.0,-68.0
1777890122.9073324,2.0,0.0,-68.0
1777890122.9173324,2.0,2.0,-69.0
1777890122.9273324,4.0,2.0,-74.0
1777890122.9373324,5.0,2.0,-77.0
1777890122.9473324,0.0,1.0,-82.0
1777890122.9573324,-1.0,-1.0,-80.0
1777890122.9673324,-4.0,-3.0,-75.0
1777890122.9773324,-13.0,-2.0,-77.0
1777890122.9873323,-11.0,0.0,-77.0
1777890122.9973323,-7.0,-2.0,-82.0
1777890123.0073323,-3.0,0.0,-84.0
1777890123.0173323,-5.0,-3.0,-77.0
1777890123.0273323,-6.0,-1.0,-76.0
1777890123.0373323,-5.0,-3.0,-77.0
1777890123.0473323,-2.0,-5.0,-75.0
1777890123.0573325,-2.0,-3.0,-75.0
1777890123.0673325,3.0,0.0,-72.0
1777890123.0773325,3.0,-1.0,-73.0
1777890123.0873325,1.0,-1.0,-66.0
1777890123.0973325,0.0,2.0,-72.0
1777890123.1073325,-1.0,0.0,-70.0
1777890123.1173325,-2.0,0.0,-75.0
1777890123.1273324,-1.0,-1.0,-75.0
1777890123.1373324,-1.0,0.0,-70.0
1777890123.1473324,-5.0,1.0,-69.0
1777890123.1573324,-6.0,-1.0,-77.0
1777890123.1673324,-5.0,-2.0,-78.0
1777890123.1773324,-4.0,-2.0,-76.0
1777890123.1873324,0.0,0.0,-71.0
1777890123.1973324,0.0,2.0,-69.0
1777890123.2073324,0.0,4.0,-69.0
1777890123.2183323,5.0,6.0,-62.0
1777890123.2283323,4.0,3.0,-67.0
1777890123.2383325,8.0,3.0,-70.0
1777890123.2483325,11.0,-2.0,-73.0
1777890123.2583325,14.0,0.0,-68.0
1777890123.2683325,9.0,2.0,-77.0
1777890123.2783325,8.0,4.0,-76.0
1777890123.2883325,9.0,5.0,-67.0
1777890123.2983325,6.0,6.0,-71.0
1777890123.3083324,4.0,5.0,-76.0
1777890123.3183324,6.0,4.0,-76.0
1777890123.3283324,3.0,8.0,-78.0
1777890123.3383324,1.0,6.0,-81.0
1777890123.3483324,-3.0,0.0,-82.0
1777890123.3583324,-5.0,2.0,-83.0
1777890123.3683324,-2.0,0.0,-82.0
1777890123.3783324,-2.0,-2.0,-86.0
1777890123.3883324,-4.0,-7.0,-83.0
1777890123.3983324,-3.0,-3.0,-83.0
1777890123.4083323,0.0,-4.0,-84.0
1777890123.4183323,0.0,-4.0,-79.0
1777890123.4283323,0.0,-5.0,-73.0
1777890123.4383323,1.0,-3.0,-77.0
1777890123.4483323,-1.0,-3.0,-75.0
1777890123.4583323,-4.0,-1.0,-74.0
1777890123.4683323,-3.0,-1.0,-70.0
1777890123.4783323,-2.0,1.0,-81.0
1777890123.4883325,0.0,0.0,-79.0
1777890123.4983325,-2.0,0.0,-72.0
1777890123.5083325,-1.0,0.0,-76.0
1777890123.5183325,-2.0,-3.0,-78.0
1777890123.5283325,-1.0,-4.0,-74.0
1777890123.5383325,2.0,-4.0,-67.0
1777890123.5483325,2.0,0.0,-67.0
1777890123.5583324,0.0,-4.0,-72.0
1777890123.5683324,-7.0,-7.0,-75.0
1777890123.5783324,-3.0,-6.0,-73.0
1777890123.5883324,1.0,-4.0,-72.0
1777890123.5983324,3.0,-5.0,-73.0
1777890123.6083324,-1.0,-8.0,-74.0
1777890123.6183324,-3.0,-6.0,-71.0
1777890123.6283324,0.0,-3.0,-72.0
1777890123.6383324,-1.0,-2.0,-68.0
1777890123.6483324,0.0,-1.0,-70.0
1777890123.6583323,0.0,5.0,-67.0
1777890123.6683323,0.0,1.0,-72.0
1777890123.6783323,5.0,-3.0,-69.0
1777890123.6883323,0.0,-6.0,-70.0
1777890123.6983323,5.0,-5.0,-70.0
1777890123.7083323,2.0,-5.0,-67.0
1777890123.7183323,2.0,-9.0,-75.0
1777890123.7283323,2.0,-7.0,-76.0
1777890123.7383325,4.0,-7.0,-78.0
1777890123.7483325,8.0,-4.0,-75.0
1777890123.7583325,6.0,0.0,-68.0
1777890123.7683325,1.0,2.0,-70.0
1777890123.7783325,-1.0,1.0,-73.0
1777890123.7883325,3.0,0.0,-74.0
1777890123.7983325,4.0,-2.0,-64.0
1777890123.8083324,3.0,0.0,-69.0
1777890123.8183324,4.0,-1.0,-73.0
1777890123.8283324,2.0,0.0,-74.0
1777890123.8383324,5.0,0.0,-80.0
1777890123.8483324,4.0,3.0,-78.0
1777890123.8583324,7.0,4.0,-77.0
1777890123.8683324,10.0,0.0,-76.0
1777890123.8783324,8.0,-1.0,-73.0
1777890123.8883324,3.0,-2.0,-73.0
1777890123.8983324,0.0,-1.0,-76.0
1777890123.9083323,-2.0,1.0,-83.0
1777890123.9183323,0.0,3.0,-84.0
1777890123.9283323,4.0,-1.0,-82.0
1777890123.9383323,2.0,-1.0,-74.0
1777890123.9483323,2.0,1.0,-71.0
1777890123.9583323,-1.0,2.0,-75.0
1777890123.9683323,1.0,-2.0,-80.0
1777890123.9783323,3.0,0.0,-76.0
1777890123.9883325,1.0,-5.0,-74.0
1777890123.9983325,2.0,-3.0,-75.0
1777890124.0083325,7.0,-6.0,-65.0
1777890124.0183325,9.0,-5.0,-63.0
1777890124.0283325,6.0,-3.0,-63.0
1777890124.0383325,9.0,-3.0,-65.0
1777890124.0483325,12.0,-4.0,-67.0
1777890124.0583324,6.0,0.0,-72.0
1777890124.0683324,5.0,1.0,-74.0
1777890124.0783324,4.0,0.0,-69.0
1777890124.0883324,6.0,-1.0,-72.0
1777890124.0983324,7.0,-2.0,-72.0
1777890124.1083324,12.0,-2.0,-68.0
1777890124.1183324,9.0,0.0,-68.0
1777890124.1283324,8.0,-2.0,-70.0
1777890124.1383324,5.0,-1.0,-65.0
1777890124.1483324,6.0,1.0,-65.0
1777890124.1583323,3.0,4.0,-66.0
1777890124.1683323,2.0,1.0,-68.0
1777890124.1783323,1.0,2.0,-75.0
1777890124.1883323,-1.0,-4.0,-78.0
1777890124.1983323,-2.0,-3.0,-84.0
1777890124.2083323,-1.0,0.0,-86.0
1777890124.2183323,0.0,-3.0,-89.0
1777890124.2283323,-3.0,0.0,-89.0
1777890124.2383325,-2.0,-1.0,-86.0
1777890124.2483325,-1.0,-2.0,-80.0
1777890124.2583325,2.0,0.0,-76.0
1777890124.2683325,1.0,0.0,-76.0
1777890124.2783325,0.0,-1.0,-80.0
1777890124.2883325,0.0,-3.0,-73.0
1777890124.2983325,-5.0,-6.0,-65.0
1777890124.3083324,-3.0,-8.0,-73.0
1777890124.3183324,-3.0,-4.0,-71.0
1777890124.3283324,-5.0,-1.0,-76.0
1777890124.3383324,-5.0,2.0,-77.0
1777890124.3483324,-8.0,2.0,-77.0
1777890124.3583324,-7.0,0.0,-77.0
1777890124.3683324,-8.0,1.0,-75.0
1777890124.3783324,-5.0,2.0,-77.0
1777890124.3883324,-5.0,5.0,-77.0
1777890124.3983324,-5.0,6.0,-75.0
1777890124.4083323,-4.0,5.0,-67.0
1777890124.4183323,0.0,1.0,-65.0
1777890124.4283323,-2.0,0.0,-70.0
1777890124.4383323,-2.0,-3.0,-79.0
1777890124.4483323,-5.0,-3.0,-89.0
1777890124.4583323,-6.0,-1.0,-87.0
1777890124.4683323,-5.0,-4.0,-81.0
1777890124.4783323,-2.0,0.0,-74.0
1777890124.4883325,2.0,-1.0,-74.0
1777890124.4983325,1.0,0.0,-77.0
1777890124.5083325,2.0,0.0,-80.0
1777890124.5183325,-4.0,1.0,-80.0
1777890124.5283325,-7.0,0.0,-82.0
1777890124.5383325,-7.0,-4.0,-83.0
1777890124.5483325,-4.0,-7.0,-82.0
1777890124.5583324,-5.0,-2.0,-83.0
1777890124.5683324,-8.0,0.0,-78.0
1777890124.5783324,0.0,4.0,-74.0
1777890124.5883324,4.0,2.0,-74.0
1777890124.5983324,5.0,0.0,-81.0
1777890124.6083324,1.0,-1.0,-83.0
1777890124.6183324,5.0,-2.0,-85.0
1777890124.6283324,6.0,-7.0,-85.0
1777890124.6383324,4.0,-5.0,-85.0
1777890124.6483324,3.0,0.0,-80.0
1777890124.6583323,1.0,4.0,-82.0
1777890124.6683323,1.0,8.0,-78.0
1777890124.6783323,0.0,7.0,-77.0
1777890124.6883323,1.0,9.0,-70.0
1777890124.6983323,3.0,2.0,-71.0
1777890124.7083323,4.0,0.0,-70.0
1777890124.7183323,4.0,2.0,-69.0
1777890124.7283323,7.0,2.0,-65.0
1777890124.7383325,9.0,3.0,-62.0
1777890124.7483325,6.0,2.0,-64.0
1777890124.7583325,3.0,0.0,-61.0
1777890124.7683325,2.0,-1.0,-60.0
1777890124.7783325,2.0,-1.0,-66.0
1777890124.7883325,1.0,-1.0,-67.0
1777890124.7983325,-1.0,-4.0,-64.0
1777890124.8083324,-3.0,-3.0,-72.0
1777890124.8183324,-5.0,-6.0,-74.0
1777890124.8283324,-1.0,-3.0,-74.0
1777890124.8383324,-5.0,-3.0,-76.0
1777890124.8483324,-8.0,-3.0,-80.0
1777890124.8583324,-9.0,-4.0,-75.0
1777890124.8683324,-6.0,-10.0,-71.0
1777890124.8783324,-6.0,-9.0,-77.0
1777890124.8883324,-8.0,-10.0,-80.0
1777890124.8983324,-6.0,-8.0,-75.0
1777890124.9083323,-9.0,-6.0,-73.0
1777890124.9183323,-5.0,-4.0,-71.0
1777890124.9283323,-6.0,-5.0,-76.0
1777890124.9383323,-5.0,-5.0,-80.0
1777890124.9483323,-2.0,-3.0,-79.0
1777890124.9583323,0.0,-3.0,-83.0
1777890124.9683323,0.0,-2.0,-83.0
1777890124.9783323,1.0,1.0,-85.0
1777890124.9883325,0.0,2.0,-80.0
1777890124.9983325,1.0,3.0,-83.0
1777890125.0083325,2.0,3.0,-84.0
1777890125.0183325,1.0,0.0,-83.0
1777890125.0283325,2.0,0.0,-79.0
1777890125.0383325,3.0,0.0,-76.0
1777890125.0483325,5.0,1.0,-69.0
1777890125.0583324,3.0,2.0,-72.0
1777890125.0683324,5.0,2.0,-77.0
1777890125.0783324,0.0,3.0,-80.0
1777890125.0883324,1.0,3.0,-81.0
1777890125.0983324,1.0,2.0,-83.0
1777890125.1083324,0.0,0.0,-80.0
1777890125.1183324,-1.0,2.0,-72.0
1777890125.1283324,-3.0,0.0,-70.0
1777890125.1383324,-1.0,0.0,-68.0
1777890125.1483324,0.0,-1.0,-71.0
1777890125.1583323,1.0,0.0,-74.0
1777890125.1683323,5.0,2.0,-77.0
1777890125.1783323,6.0,0.0,-76.0
1777890125.1893325,4.0,-4.0,-80.0
1777890125.1993325,6.0,0.0,-74.0
1777890125.2093325,6.0,1.0,-77.0
1777890125.2193325,6.0,3.0,-75.0
1777890125.2293324,3.0,4.0,-72.0
1777890125.2393324,4.0,0.0,-73.0
1777890125.2493324,4.0,-2.0,-69.0
1777890125.2593324,3.0,-1.0,-71.0
1777890125.2693324,7.0,-2.0,-76.0
1777890125.2793324,4.0,-5.0,-77.0
1777890125.2893324,2.0,-3.0,-75.0
1777890125.2993324,1.0,-3.0,-66.0
1777890125.3093324,0.0,-7.0,-74.0
1777890125.3193324,-1.0,-6.0,-75.0
1777890125.3293324,0.0,-8.0,-73.0
1777890125.3393323,-3.0,-10.0,-77.0
1777890125.3493323,-5.0,-7.0,-80.0
1777890125.3593323,0.0,-3.0,-77.0
1777890125.3693323,2.0,1.0,-74.0
1777890125.3793323,3.0,4.0,-73.0
1777890125.3893323,1.0,1.0,-82.0
1777890125.3993323,-1.0,0.0,-80.0
1777890125.4093325,-2.0,-1.0,-83.0
1777890125.4193325,-3.0,0.0,-81.0
1777890125.4293325,-3.0,0.0,-78.0
1777890125.4393325,-2.0,-4.0,-79.0
1777890125.4493325,-4.0,-2.0,-78.0
1777890125.4593325,2.0,1.0,-73.0
1777890125.4693325,2.0,1.0,-77.0
1777890125.4793324,0.0,6.0,-76.0
1777890125.4893324,2.0,4.0,-76.0
1777890125.4993324,2.0,1.0,-72.0
1777890125.5093324,0.0,-3.0,-74.0
1777890125.5193324,2.0,-6.0,-71.0
1777890125.5293324,5.0,-4.0,-71.0
1777890125.5393324,5.0,-5.0,-86.0
1777890125.5493324,5.0,-5.0,-89.0
1777890125.5593324,8.0,-1.0,-86.0
1777890125.5693324,4.0,-1.0,-79.0
1777890125.5793324,3.0,-2.0,-75.0
1777890125.5893323,1.0,0.0,-69.0
1777890125.5993323,6.0,-3.0,-68.0
1777890125.6093323,4.0,-3.0,-68.0
1777890125.6193323,3.0,-1.0,-68.0
1777890125.6293323,5.0,-2.0,-67.0
1777890125.6393323,9.0,-5.0,-68.0
1777890125.6493323,8.0,-3.0,-67.0
1777890125.6593325,2.0,-2.0,-70.0
1777890125.6693325,1.0,0.0,-68.0
1777890125.6793325,-2.0,-1.0,-65.0
1777890125.6893325,-1.0,0.0,-62.0
1777890125.6993325,3.0,-2.0,-66.0
1777890125.7093325,8.0,0.0,-64.0
1777890125.7193325,9.0,0.0,-70.0
1777890125.7293324,4.0,-5.0,-70.0
1777890125.7393324,4.0,-3.0,-72.0
1777890125.7493324,0.0,-2.0,-70.0
1777890125.7593324,1.0,-4.0,-74.0
1777890125.7693324,0.0,-5.0,-72.0
1777890125.7793324,-3.0,-5.0,-67.0
1777890125.7893324,-4.0,0.0,-66.0
1777890125.7993324,-4.0,2.0,-63.0
1777890125.8093324,-5.0,-1.0,-60.0
1777890125.8193324,-6.0,-3.0,-64.0
1777890125.8293324,-4.0,-5.0,-66.0
1777890125.8393323,-4.0,-1.0,-63.0
1777890125.8493323,1.0,-1.0,-63.0
1777890125.8593323,1.0,-1.0,-66.0
1777890125.8693323,2.0,0.0,-66.0
1777890125.8793323,4.0,2.0,-66.0
1777890125.8893323,4.0,0.0,-70.0
1777890125.8993323,2.0,0.0,-73.0
1777890125.9093325,5.0,4.0,-73.0
1777890125.9193325,3.0,0.0,-72.0
1777890125.9293325,1.0,1.0,-68.0
1777890125.9393325,0.0,0.0,-64.0
1777890125.9493325,-4.0,3.0,-63.0
1777890125.9593325,-8.0,8.0,-72.0
1777890125.9693325,-3.0,3.0,-71.0
1777890125.9793324,-2.0,0.0,-65.0
1777890125.9893324,0.0,-2.0,-66.0
1777890125.9993324,7.0,-2.0,-77.0
1777890126.0093324,11.0,1.0,-80.0
1777890126.0193324,9.0,2.0,-87.0
1777890126.0293324,11.0,0.0,-86.0
1777890126.0393324,7.0,0.0,-82.0
1777890126.0493324,8.0,2.0,-73.0
1777890126.0593324,3.0,1.0,-75.0
1777890126.0693324,5.0,-3.0,-68.0
1777890126.0793324,2.0,-3.0,-62.0
1777890126.0893323,3.0,-3.0,-62.0
1777890126.0993323,7.0,2.0,-66.0
1777890126.1093323,6.0,2.0,-67.0
1777890126.1193323,7.0,0.0,-74.0
1777890126.1293323,6.0,3.0,-77.0
1777890126.1393323,10.0,5.0,-81.0
1777890126.1493323,9.0,2.0,-87.0
1777890126.1593325,5.0,0.0,-83.0
1777890126.1693325,9.0,2.0,-76.0
1777890126.1793325,10.0,6.0,-70.0
1777890126.1893325,7.0,4.0,-73.0
1777890126.1993325,9.0,2.0,-74.0
1777890126.2093325,9.0,0.0,-79.0
1777890126.2193325,7.0,-1.0,-74.0
1777890126.2293324,4.0,-1.0,-76.0
1777890126.2393324,7.0,-7.0,-72.0
1777890126.2493324,8.0,-7.0,-66.0
1777890126.2593324,4.0,-7.0,-66.0
1777890126.2693324,6.0,-6.0,-69.0
1777890126.2793324,11.0,-3.0,-72.0
1777890126.2893324,14.0,-6.0,-63.0
1777890126.2993324,12.0,-4.0,-72.0
1777890126.3093324,15.0,-1.0,-69.0
1777890126.3193324,11.0,-1.0,-72.0
1777890126.3293324,9.0,0.0,-77.0
1777890126.3393323,10.0,-1.0,-73.0
1777890126.3493323,9.0,0.0,-70.0
1777890126.3593323,12.0,0.0,-72.0
1777890126.3693323,13.0,-2.0,-72.0
1777890126.3793323,13.0,-3.0,-68.0
1777890126.3893323,12.0,-1.0,-66.0
1777890126.3993323,10.0,0.0,-69.0
1777890126.4093325,9.0,0.0,-73.0
1777890126.4193325,8.0,0.0,-69.0
1777890126.4293325,6.0,1.0,-69.0
1777890126.4393325,3.0,1.0,-78.0
1777890126.4493325,-1.0,1.0,-77.0
1777890126.4593325,-3.0,0.0,-69.0
1777890126.4693325,-6.0,0.0,-69.0
1777890126.4793324,-7.0,1.0,-78.0
1777890126.4893324,-8.0,0.0,-78.0
1777890126.4993324,-4.0,0.0,-82.0
1777890126.5093324,-1.0,1.0,-79.0
1777890126.5193324,-1.0,-2.0,-77.0
1777890126.5293324,-1.0,-1.0,-76.0
1777890126.5393324,-2.0,-2.0,-72.0
1777890126.5493324,-2.0,-3.0,-64.0
1777890126.5593324,0.0,0.0,-67.0
1777890126.5693324,2.0,0.0,-74.0
1777890126.5793324,2.0,1.0,-76.0
1777890126.5893323,1.0,0.0,-78.0
1777890126.5993323,7.0,-2.0,-79.0
1777890126.6093323,7.0,1.0,-73.0
1777890126.6193323,4.0,1.0,-68.0
1777890126.6293323,2.0,0.0,-70.0
1777890126.6393323,0.0,-2.0,-75.0
1777890126.6493323,0.0,-1.0,-79.0
1777890126.6593325,-1.0,0.0,-81.0
1777890126.6693325,0.0,5.0,-83.0
1777890126.6793325,0.0,1.0,-78.0
1777890126.6893325,0.0,2.0,-75.0
1777890126.6993325,1.0,0.0,-73.0
1777890126.7093325,4.0,-1.0,-70.0
1777890126.7193325,5.0,0.0,-69.0
1777890126.7293324,1.0,4.0,-68.0
1777890126.7393324,1.0,1.0,-65.0
1777890126.7493324,2.0,-2.0,-69.0
1777890126.7593324,2.0,-2.0,-77.0
1777890126.7693324,0.0,0.0,-76.0
1777890126.7793324,0.0,0.0,-76.0
1777890126.7893324,0.0,-2.0,-81.0
1777890126.7993324,-1.0,3.0,-80.0
1777890126.8093324,-2.0,4.0,-75.0
1777890126.8193324,-1.0,3.0,-83.0
1777890126.8293324,-3.0,5.0,-87.0
1777890126.8393323,-1.0,3.0,-90.0
1777890126.8493323,2.0,3.0,-88.0
1777890126.8593323,4.0,3.0,-89.0
1777890126.8693323,3.0,2.0,-89.0
1777890126.8793323,10.0,1.0,-83.0
1777890126.8893323,6.0,0.0,-78.0
1777890126.8993323,7.0,5.0,-83.0
1777890126.9093325,5.0,2.0,-82.0
1777890126.9193325,4.0,4.0,-77.0
1777890126.9293325,7.0,3.0,-83.0
1777890126.9393325,4.0,2.0,-85.0
1777890126.9493325,0.0,2.0,-79.0
1777890126.9593325,1.0,-1.0,-79.0
1777890126.9693325,0.0,-3.0,-75.0
1777890126.9793324,3.0,-2.0,-74.0
1777890126.9893324,5.0,-4.0,-79.0
1777890126.9993324,3.0,-1.0,-77.0
1777890127.0093324,2.0,3.0,-80.0
1777890127.0193324,4.0,0.0,-78.0
1777890127.0293324,8.0,-3.0,-76.0
1777890127.0393324,6.0,-4.0,-71.0
1777890127.0493324,4.0,-3.0,-72.0
1777890127.0593324,4.0,-4.0,-72.0
1777890127.0693324,4.0,0.0,-69.0
1777890127.0793324,1.0,3.0,-67.0
1777890127.0893323,5.0,7.0,-72.0
1777890127.0993323,6.0,9.0,-72.0
1777890127.1093323,0.0,6.0,-68.0
1777890127.1193323,1.0,4.0,-67.0
1777890127.1293323,-1.0,0.0,-71.0
1777890127.1393323,1.0,0.0,-81.0
1777890127.1493323,-3.0,0.0,-77.0
1777890127.1603324,-5.0,-1.0,-81.0
1777890127.1693325,-7.0,-2.0,-74.0
1777890127.1793325,-3.0,-6.0,-67.0
1777890127.1893325,0.0,0.0,-67.0
1777890127.2003324,2.0,0.0,-64.0
1777890127.2103324,0.0,-4.0,-62.0
1777890127.2193325,0.0,-3.0,-67.0
1777890127.2303324,1.0,-3.0,-65.0
1777890127.2403324,0.0,-5.0,-68.0
1777890127.2503324,-2.0,0.0,-71.0
1777890127.2603323,1.0,2.0,-77.0
1777890127.2703323,7.0,4.0,-77.0
1777890127.2803323,5.0,0.0,-73.0
1777890127.2903323,6.0,1.0,-79.0
1777890127.3003323,4.0,-1.0,-81.0
1777890127.3103323,3.0,1.0,-82.0
1777890127.3203323,-2.0,-1.0,-85.0
1777890127.3303325,-3.0,-2.0,-78.0
1777890127.3403325,-2.0,-1.0,-72.0
1777890127.3503325,-3.0,-5.0,-70.0
1777890127.3603325,0.0,0.0,-72.0
1777890127.3703325,3.0,0.0,-69.0
1777890127.3803325,4.0,-2.0,-66.0
1777890127.3903325,6.0,0.0,-68.0
1777890127.4003325,4.0,1.0,-71.0
1777890127.4103324,6.0,2.0,-70.0
1777890127.4203324,1.0,1.0,-68.0
1777890127.4303324,4.0,3.0,-67.0
1777890127.4403324,6.0,2.0,-69.0
1777890127.4503324,0.0,-3.0,-68.0
1777890127.4603324,0.0,-2.0,-68.0
1777890127.4703324,0.0,-3.0,-69.0
1777890127.4803324,0.0,-3.0,-72.0
1777890127.4903324,-6.0,-2.0,-76.0
1777890127.5003324,-9.0,-3.0,-83.0
1777890127.5103323,-7.0,-4.0,-82.0
1777890127.5203323,-7.0,-5.0,-87.0
1777890127.5303323,-8.0,-7.0,-87.0
1777890127.5403323,-6.0,-7.0,-87.0
1777890127.5503323,-1.0,-7.0,-89.0
1777890127.5603323,0.0,-6.0,-86.0
1777890127.5703323,3.0,-5.0,-84.0
1777890127.5803325,9.0,-5.0,-87.0
1777890127.5903325,5.0,-9.0,-83.0
1777890127.6003325,6.0,-10.0,-84.0
1777890127.6103325,3.0,-7.0,-86.0
1777890127.6203325,1.0,-3.0,-83.0
1777890127.6303325,-2.0,-4.0,-82.0
1777890127.6403325,0.0,0.0,-85.0
1777890127.6503325,-1.0,0.0,-81.0
1777890127.6603324,1.0,-2.0,-75.0
1777890127.6703324,4.0,-3.0,-78.0
1777890127.6803324,4.0,2.0,-81.0
1777890127.6903324,-1.0,0.0,-77.0
1777890127.7003324,-1.0,-1.0,-81.0
1777890127.7103324,0.0,-2.0,-84.0
1777890127.7203324,0.0,0.0,-80.0
1777890127.7303324,0.0,7.0,-81.0
1777890127.7403324,0.0,7.0,-80.0
1777890127.7503324,-3.0,5.0,-74.0
1777890127.7603323,-3.0,0.0,-78.0
1777890127.7703323,-1.0,0.0,-80.0
1777890127.7803323,-4.0,2.0,-86.0
1777890127.7903323,-3.0,0.0,-87.0
1777890127.8003323,-1.0,5.0,-86.0
1777890127.8103323,2.0,6.0,-79.0
1777890127.8203323,0.0,4.0,-78.0
1777890127.8303325,0.0,0.0,-84.0
1777890127.8403325,-3.0,1.0,-81.0
1777890127.8503325,-5.0,0.0,-81.0
1777890127.8603325,-1.0,-2.0,-77.0
1777890127.8703325,-1.0,-4.0,-72.0
1777890127.8803325,-4.0,-8.0,-79.0
1777890127.8903325,-5.0,-6.0,-79.0
1777890127.9003325,-3.0,-7.0,-82.0
1777890127.9103324,-3.0,-6.0,-79.0
1777890127.9203324,0.0,-10.0,-72.0
1777890127.9303324,0.0,-10.0,-71.0
1777890127.9403324,-1.0,-9.0,-69.0
1777890127.9503324,-2.0,-6.0,-69.0
1777890127.9603324,-2.0,-5.0,-66.0
1777890127.9703324,0.0,-6.0,-71.0
1777890127.9803324,1.0,-3.0,-75.0
1777890127.9903324,2.0,-3.0,-75.0
1777890128.0003324,1.0,-4.0,-76.0
1777890128.0103323,1.0,-2.0,-77.0
1777890128.0203323,5.0,-6.0,-72.0
1777890128.0303323,4.0,-4.0,-72.0
1777890128.0403323,2.0,-2.0,-69.0
1777890128.0503323,-1.0,-6.0,-67.0
1777890128.0603323,-1.0,-4.0,-69.0
1777890128.0703323,2.0,-1.0,-81.0
1777890128.0803325,1.0,1.0,-79.0
1777890128.0903325,-2.0,1.0,-75.0
1777890128.1003325,-3.0,2.0,-79.0
1777890128.1103325,-4.0,0.0,-82.0
1777890128.1203325,-4.0,-4.0,-79.0
1777890128.1303325,0.0,-4.0,-79.0
1777890128.1403325,0.0,-2.0,-84.0
1777890128.1503325,0.0,-2.0,-84.0
1777890128.1603324,5.0,-1.0,-87.0
1777890128.1703324,3.0,1.0,-85.0
1777890128.1803324,3.0,1.0,-84.0
1777890128.1903324,1.0,-3.0,-78.0
1777890128.2003324,3.0,-1.0,-68.0
1777890128.2103324,6.0,2.0,-73.0
1777890128.2203324,6.0,5.0,-72.0
1777890128.2303324,3.0,4.0,-75.0
1777890128.2403324,0.0,0.0,-72.0
1777890128.2503324,-4.0,0.0,-74.0
1777890128.2603323,-2.0,1.0,-71.0
1777890128.2703323,-1.0,1.0,-69.0
1777890128.2803323,1.0,1.0,-74.0
1777890128.2903323,3.0,-4.0,-77.0
1777890128.3003323,2.0,-7.0,-72.0
1777890128.3103323,4.0,-9.0,-74.0
1777890128.3203323,5.0,-2.0,-77.0
1777890128.3303325,1.0,-5.0,-71.0
1777890128.3403325,2.0,-5.0,-65.0
1777890128.3503325,2.0,2.0,-65.0
1777890128.3603325,3.0,4.0,-68.0
1777890128.3703325,4.0,3.0,-74.0
1777890128.3803325,7.0,2.0,-76.0
1777890128.3903325,5.0,2.0,-70.0
1777890128.4003325,5.0,4.0,-73.0
1777890128.4103324,4.0,4.0,-72.0
1777890128.4203324,5.0,2.0,-74.0
1777890128.4303324,3.0,0.0,-72.0
1777890128.4403324,1.0,-6.0,-72.0
1777890128.4503324,1.0,-6.0,-80.0
1777890128.4603324,1.0,-5.0,-85.0
1777890128.4703324,2.0,-4.0,-87.0
1777890128.4803324,1.0,-5.0,-86.0
1777890128.4903324,3.0,-2.0,-83.0
1777890128.5003324,2.0,3.0,-87.0
1777890128.5103323,4.0,3.0,-85.0
1777890128.5203323,8.0,0.0,-82.0
1777890128.5303323,11.0,-1.0,-81.0
1777890128.5403323,9.0,-3.0,-81.0
1777890128.5503323,3.0,0.0,-77.0
1777890128.5603323,0.0,3.0,-79.0
1777890128.5703323,1.0,-2.0,-74.0
1777890128.5803325,0.0,-4.0,-69.0
1777890128.5903325,0.0,-4.0,-69.0
1777890128.6003325,0.0,-3.0,-74.0
1777890128.6103325,-5.0,-1.0,-74.0
1777890128.6203325,-5.0,0.0,-79.0
1777890128.6303325,-2.0,3.0,-82.0
1777890128.6403325,0.0,1.0,-78.0
1777890128.6503325,2.0,4.0,-77.0
1777890128.6603324,6.0,1.0,-78.0
1777890128.6703324,9.0,0.0,-71.0
1777890128.6803324,6.0,1.0,-70.0
1777890128.6903324,4.0,3.0,-70.0
1777890128.7003324,5.0,2.0,-68.0
1777890128.7103324,10.0,2.0,-72.0
1777890128.7203324,10.0,2.0,-73.0
1777890128.7303324,5.0,1.0,-75.0
1777890128.7403324,5.0,7.0,-77.0
1777890128.7503324,3.0,1.0,-76.0
1777890128.7603323,4.0,2.0,-79.0
1777890128.7703323,8.0,1.0,-85.0
1777890128.7803323,8.0,3.0,-77.0
1777890128.7903323,12.0,1.0,-78.0
1777890128.8003323,12.0,0.0,-77.0
1777890128.8103323,9.0,-6.0,-79.0
1777890128.8213325,10.0,-6.0,-81.0
1777890128.8303325,6.0,-6.0,-84.0
1777890128.8403325,-1.0,-7.0,-86.0
1777890128.8503325,0.0,-8.0,-89.0
1777890128.8603325,2.0,-6.0,-88.0
1777890128.8703325,0.0,-6.0,-87.0
1777890128.8803325,0.0,-10.0,-83.0
1777890128.8903325,-1.0,-12.0,-78.0
1777890128.9003325,-3.0,-13.0,-78.0
1777890128.9103324,-5.0,-11.0,-82.0
1777890128.9203324,-7.0,-7.0,-84.0
1777890128.9303324,-6.0,0.0,-85.0
1777890128.9403324,-5.0,1.0,-79.0
1777890128.9503324,-3.0,-1.0,-76.0
1777890128.9603324,-3.0,-2.0,-78.0
1777890128.9703324,-2.0,-6.0,-80.0
1777890128.9803324,-3.0,-5.0,-77.0
1777890128.9903324,-2.0,-2.0,-76.0
1777890129.0003324,-2.0,-8.0,-72.0
1777890129.0103323,0.0,-8.0,-74.0
1777890129.0203323,3.0,-3.0,-75.0
1777890129.0303323,6.0,-2.0,-70.0
1777890129.0403323,6.0,0.0,-72.0
1777890129.0503323,3.0,0.0,-73.0
1777890129.0603323,9.0,-1.0,-69.0
1777890129.0703323,6.0,0.0,-72.0
1777890129.0803325,1.0,2.0,-70.0
1777890129.0903325,1.0,-2.0,-68.0
1777890129.1003325,0.0,-3.0,-69.0
1777890129.1103325,-2.0,-2.0,-72.0
1777890129.1203325,2.0,-4.0,-77.0
1777890129.1303325,0.0,-4.0,-70.0
1777890129.1403325,0.0,-2.0,-76.0
1777890129.1503325,0.0,-1.0,-79.0
1777890129.1603324,-2.0,0.0,-75.0
1777890129.1703324,1.0,2.0,-72.0
1777890129.1813323,4.0,1.0,-69.0
1777890129.1913323,8.0,0.0,-72.0
1777890129.2013323,10.0,2.0,-68.0
1777890129.2113323,7.0,0.0,-63.0
1777890129.2203324,7.0,0.0,-61.0
1777890129.2313323,9.0,0.0,-70.0
1777890129.2413323,4.0,0.0,-73.0
1777890129.2513323,4.0,-2.0,-70.0
1777890129.2613325,5.0,-1.0,-75.0
1777890129.2713325,1.0,-1.0,-81.0
1777890129.2813325,0.0,0.0,-83.0
1777890129.2913325,4.0,-1.0,-73.0
1777890129.3013325,5.0,-1.0,-73.0
1777890129.3113325,2.0,-2.0,-79.0
1777890129.3213325,6.0,0.0,-77.0
1777890129.3313324,1.0,1.0,-78.0
1777890129.3413324,1.0,3.0,-70.0
1777890129.3513324,0.0,4.0,-72.0
1777890129.3613324,1.0,2.0,-74.0
1777890129.3713324,2.0,0.0,-79.0
1777890129.3813324,3.0,3.0,-80.0
1777890129.3913324,7.0,5.0,-77.0
1777890129.4013324,3.0,2.0,-82.0
1777890129.4113324,3.0,2.0,-86.0
1777890129.4213324,1.0,0.0,-82.0
1777890129.4313323,-1.0,0.0,-86.0
1777890129.4413323,0.0,0.0,-86.0
1777890129.4513323,-4.0,0.0,-81.0
1777890129.4613323,-3.0,-2.0,-82.0
1777890129.4713323,-2.0,-5.0,-86.0
1777890129.4813323,-3.0,-1.0,-88.0
1777890129.4913323,0.0,-2.0,-80.0
1777890129.5013323,2.0,1.0,-80.0
1777890129.5113325,3.0,3.0,-83.0
1777890129.5213325,4.0,5.0,-82.0
1777890129.5313325,5.0,5.0,-80.0
1777890129.5413325,7.0,6.0,-82.0
1777890129.5513325,9.0,3.0,-85.0
1777890129.5613325,8.0,4.0,-81.0
1777890129.5713325,7.0,8.0,-76.0
1777890129.5813324,7.0,5.0,-77.0
1777890129.5913324,7.0,-2.0,-76.0
1777890129.6013324,10.0,-4.0,-71.0
1777890129.6113324,7.0,-4.0,-67.0
1777890129.6213324,5.0,0.0,-73.0
1777890129.6313324,5.0,1.0,-73.0
1777890129.6413324,3.0,-3.0,-69.0
1777890129.6513324,7.0,-2.0,-69.0
1777890129.6613324,1.0,-1.0,-73.0
1777890129.6713324,0.0,-1.0,-70.0
1777890129.6813323,0.0,0.0,-74.0
1777890129.6913323,2.0,2.0,-70.0
1777890129.7013323,2.0,1.0,-68.0
1777890129.7113323,-1.0,6.0,-72.0
1777890129.7213323,-3.0,7.0,-70.0
1777890129.7313323,-6.0,7.0,-70.0
1777890129.7413323,-3.0,7.0,-69.0
1777890129.7513323,-3.0,0.0,-73.0
1777890129.7613325,-1.0,0.0,-74.0
1777890129.7713325,-3.0,-2.0,-78.0
1777890129.7813325,0.0,-3.0,-82.0
1777890129.7913325,8.0,1.0,-73.0
1777890129.8013325,9.0,-2.0,-68.0
1777890129.8113325,6.0,-2.0,-73.0
1777890129.8213325,4.0,-3.0,-73.0
1777890129.8313324,3.0,-4.0,-74.0
1777890129.8413324,1.0,0.0,-77.0
1777890129.8513324,-1.0,-1.0,-77.0
1777890129.8613324,0.0,-6.0,-73.0
1777890129.8713324,0.0,-4.0,-64.0
1777890129.8813324,3.0,-8.0,-68.0
1777890129.8913324,2.0,-6.0,-64.0
1777890129.9013324,-1.0,-12.0,-64.0
1777890129.9113324,0.0,-7.0,-67.0
1777890129.9213324,1.0,-5.0,-69.0
1777890129.9313323,3.0,0.0,-71.0
1777890129.9413323,5.0,-5.0,-69.0
1777890129.9513323,9.0,-7.0,-68.0
1777890129.9613323,8.0,-4.0,-69.0
1777890129.9713323,6.0,0.0,-67.0
1777890129.9813323,6.0,-3.0,-74.0
1777890129.9913323,7.0,-1.0,-79.0
1777890130.0013323,7.0,-4.0,-82.0
1777890130.0113325,4.0,0.0,-80.0
1777890130.0213325,-1.0,0.0,-75.0
1777890130.0313325,-2.0,1.0,-76.0
1777890130.0413325,3.0,2.0,-77.0
1777890130.0513325,9.0,0.0,-77.0
1777890130.0613325,13.0,0.0,-78.0
1777890130.0713325,13.0,0.0,-78.0
1777890130.0813324,10.0,2.0,-73.0
1777890130.0913324,8.0,4.0,-73.0
1777890130.1013324,9.0,5.0,-69.0
1777890130.1113324,8.0,1.0,-67.0
1777890130.1213324,9.0,2.0,-68.0
1777890130.1313324,4.0,0.0,-65.0
1777890130.1413324,4.0,3.0,-68.0
1777890130.1513324,6.0,1.0,-70.0
1777890130.1613324,2.0,1.0,-67.0
1777890130.1713324,5.0,0.0,-63.0
1777890130.1813323,1.0,-4.0,-60.0
1777890130.1913323,5.0,-2.0,-63.0
1777890130.2013323,3.0,0.0,-67.0
1777890130.2113323,3.0,0.0,-70.0
1777890130.2213323,3.0,0.0,-68.0
1777890130.2313323,0.0,-3.0,-69.0
1777890130.2413323,3.0,-3.0,-76.0
1777890130.2513323,4.0,-3.0,-76.0
1777890130.2613325,7.0,-4.0,-71.0
1777890130.2713325,5.0,-3.0,-65.0
1777890130.2813325,5.0,0.0,-63.0
1777890130.2913325,0.0,0.0,-65.0
1777890130.3013325,0.0,2.0,-67.0
1777890130.3113325,2.0,0.0,-65.0
1777890130.3213325,2.0,0.0,-70.0
1777890130.3313324,1.0,-1.0,-71.0
1777890130.3413324,1.0,0.0,-70.0
1777890130.3513324,2.0,0.0,-65.0
1777890130.3613324,5.0,1.0,-73.0
1777890130.3713324,5.0,0.0,-74.0
1777890130.3813324,3.0,-2.0,-70.0
1777890130.3913324,3.0,0.0,-70.0
1777890130.4013324,7.0,1.0,-76.0
1777890130.4113324,8.0,-1.0,-74.0
1777890130.4213324,6.0,-3.0,-77.0
1777890130.4313323,8.0,-4.0,-78.0
1777890130.4413323,4.0,-6.0,-84.0
1777890130.4513323,2.0,-4.0,-81.0
1777890130.4613323,0.0,-6.0,-78.0
1777890130.4713323,2.0,-7.0,-71.0
1777890130.4813323,3.0,-7.0,-71.0
1777890130.4913323,-2.0,-7.0,-77.0
1777890130.5013323,-3.0,-6.0,-80.0
1777890130.5113325,2.0,-4.0,-80.0
1777890130.5213325,2.0,-1.0,-72.0
1777890130.5313325,-4.0,-1.0,-73.0
1777890130.5413325,-1.0,1.0,-75.0
1777890130.5513325,-2.0,1.0,-71.0
1777890130.5613325,-1.0,3.0,-69.0
1777890130.5713325,0.0,1.0,-66.0
1777890130.5813324,3.0,3.0,-67.0
1777890130.5913324,4.0,5.0,-66.0
1777890130.6013324,6.0,3.0,-68.0
1777890130.6113324,1.0,2.0,-70.0
1777890130.6213324,1.0,0.0,-74.0
1777890130.6313324,0.0,0.0,-76.0
1777890130.6413324,0.0,0.0,-69.0
1777890130.6513324,1.0,2.0,-73.0
1777890130.6613324,0.0,6.0,-65.0
1777890130.6713324,2.0,4.0,-71.0
1777890130.6813323,3.0,3.0,-76.0
1777890130.6913323,6.0,1.0,-70.0
1777890130.7013323,5.0,3.0,-72.0
1777890130.7113323,7.0,5.0,-75.0
1777890130.7213323,10.0,1.0,-75.0
1777890130.7313323,10.0,2.0,-77.0
1777890130.7413323,9.0,0.0,-75.0
1777890130.7513323,5.0,3.0,-80.0
1777890130.7613325,6.0,3.0,-83.0
1777890130.7713325,6.0,2.0,-82.0
1777890130.7813325,7.0,4.0,-81.0
1777890130.7913325,9.0,-1.0,-86.0
1777890130.8013325,8.0,0.0,-85.0
1777890130.8113325,6.0,-1.0,-79.0
1777890130.8213325,5.0,-1.0,-80.0
1777890130.8313324,7.0,-1.0,-73.0
1777890130.8413324,6.0,0.0,-74.0
1777890130.8513324,2.0,-1.0,-78.0
1777890130.8613324,2.0,0.0,-76.0
1777890130.8713324,4.0,0.0,-80.0
1777890130.8813324,2.0,-4.0,-83.0
1777890130.8913324,4.0,-2.0,-78.0
1777890130.9013324,6.0,1.0,-70.0
1777890130.9113324,5.0,-1.0,-67.0
1777890130.9213324,4.0,-4.0,-67.0
1777890130.9313323,5.0,-3.0,-73.0
1777890130.9413323,6.0,-5.0,-65.0
1777890130.9513323,4.0,-2.0,-71.0
1777890130.9613323,1.0,-5.0,-75.0
1777890130.9713323,-1.0,-4.0,-72.0
1777890130.9813323,-1.0,-6.0,-67.0
1777890130.9913323,-2.0,-5.0,-72.0
1777890131.0013323,0.0,-3.0,-75.0
1777890131.0113325,1.0,-2.0,-74.0
1777890131.0213325,0.0,0.0,-72.0
1777890131.0313325,1.0,0.0,-73.0
1777890131.0413325,3.0,1.0,-76.0
1777890131.0513325,4.0,1.0,-75.0
1777890131.0613325,2.0,0.0,-74.0
1777890131.0713325,3.0,-1.0,-76.0
1777890131.0813324,0.0,-1.0,-76.0
1777890131.0913324,-2.0,-1.0,-72.0
1777890131.1013324,-3.0,-5.0,-71.0
1777890131.1113324,-1.0,-2.0,-77.0
1777890131.1213324,0.0,-2.0,-78.0
1777890131.1313324,1.0,-5.0,-78.0
1777890131.1413324,5.0,0.0,-76.0
1777890131.1513324,8.0,0.0,-77.0
1777890131.1623323,3.0,-3.0,-76.0
1777890131.1723323,-1.0,-2.0,-73.0
1777890131.1823325,0.0,-4.0,-74.0
1777890131.1923325,-5.0,-1.0,-75.0
1777890131.2023325,-3.0,0.0,-73.0
1777890131.2123325,0.0,1.0,-71.0
1777890131.2223325,0.0,0.0,-68.0
1777890131.2323325,1.0,0.0,-69.0
1777890131.2423325,2.0,4.0,-74.0
1777890131.2523324,3.0,2.0,-77.0
1777890131.2623324,2.0,0.0,-77.0
1777890131.2723324,2.0,0.0,-73.0
1777890131.2823324,5.0,-1.0,-68.0
1777890131.2923324,2.0,-3.0,-72.0
1777890131.3023324,4.0,-2.0,-83.0
1777890131.3123324,8.0,-3.0,-86.0
1777890131.3223324,4.0,-6.0,-86.0
1777890131.3323324,2.0,-6.0,-83.0
1777890131.3423324,5.0,-2.0,-83.0
1777890131.3523324,6.0,-4.0,-79.0
1777890131.3623323,7.0,-3.0,-80.0
1777890131.3723323,5.0,-7.0,-73.0
1777890131.3823323,0.0,-6.0,-78.0
1777890131.3923323,-6.0,-6.0,-74.0
1777890131.4023323,0.0,-4.0,-71.0
1777890131.4123323,5.0,-6.0,-73.0
1777890131.4223323,0.0,-8.0,-77.0
1777890131.4323325,-3.0,-6.0,-77.0
1777890131.4423325,2.0,-7.0,-84.0
1777890131.4523325,1.0,-4.0,-85.0
1777890131.4623325,2.0,-9.0,-84.0
1777890131.4723325,0.0,-8.0,-87.0
1777890131.4823325,0.0,-6.0,-79.0
1777890131.4923325,-2.0,1.0,-79.0
1777890131.5023324,2.0,3.0,-77.0
1777890131.5123324,11.0,3.0,-80.0
1777890131.5223324,9.0,2.0,-81.0
1777890131.5323324,6.0,0.0,-81.0
1777890131.5423324,1.0,-2.0,-80.0
1777890131.5523324,3.0,-3.0,-83.0
1777890131.5623324,5.0,1.0,-81.0
1777890131.5723324,4.0,0.0,-83.0
1777890131.5823324,7.0,0.0,-83.0
1777890131.5923324,8.0,0.0,-82.0
1777890131.6023324,7.0,0.0,-86.0
1777890131.6123323,5.0,-2.0,-87.0
1777890131.6223323,3.0,-5.0,-84.0
1777890131.6323323,-1.0,-2.0,-79.0
1777890131.6423323,0.0,0.0,-76.0
1777890131.6523323,1.0,0.0,-83.0
1777890131.6623323,0.0,-3.0,-76.0
1777890131.6723323,2.0,-4.0,-70.0
1777890131.6823325,6.0,-1.0,-73.0
1777890131.6923325,6.0,2.0,-73.0
1777890131.7023325,8.0,4.0,-75.0
1777890131.7123325,8.0,5.0,-76.0
1777890131.7223325,12.0,2.0,-73.0
1777890131.7323325,10.0,2.0,-71.0
1777890131.7423325,9.0,4.0,-69.0
1777890131.7523324,8.0,5.0,-75.0
1777890131.7623324,2.0,0.0,-79.0
1777890131.7723324,0.0,1.0,-80.0
1777890131.7823324,4.0,2.0,-85.0
1777890131.7923324,3.0,2.0,-85.0
1777890131.8023324,5.0,1.0,-79.0
1777890131.8123324,7.0,0.0,-82.0
1777890131.8223324,6.0,0.0,-73.0
1777890131.8323324,9.0,1.0,-68.0
1777890131.8423324,4.0,2.0,-66.0
1777890131.8523324,0.0,5.0,-69.0
1777890131.8623323,2.0,2.0,-70.0
1777890131.8723323,1.0,6.0,-65.0
1777890131.8823323,2.0,6.0,-66.0
1777890131.8923323,0.0,8.0,-73.0
1777890131.9023323,0.0,8.0,-70.0
1777890131.9123323,2.0,6.0,-65.0
1777890131.9223323,-7.0,6.0,-68.0
1777890131.9323325,-10.0,5.0,-71.0
1777890131.9423325,-7.0,-1.0,-66.0
1777890131.9523325,-4.0,-4.0,-64.0
1777890131.9623325,0.0,-5.0,-68.0
1777890131.9723325,1.0,-6.0,-70.0
1777890131.9823325,3.0,-5.0,-72.0
1777890131.9923325,3.0,-4.0,-75.0
1777890132.0023324,0.0,-2.0,-78.0
1777890132.0123324,2.0,-4.0,-73.0
1777890132.0223324,-3.0,0.0,-73.0
1777890132.0323324,0.0,0.0,-73.0
1777890132.0423324,6.0,0.0,-71.0
1777890132.0523324,6.0,-1.0,-71.0
1777890132.0623324,7.0,-2.0,-69.0
1777890132.0723324,6.0,-4.0,-67.0
1777890132.0823324,6.0,-6.0,-69.0
1777890132.0923324,1.0,-7.0,-75.0
1777890132.1023324,-3.0,-8.0,-79.0
1777890132.1123323,-2.0,-6.0,-83.0
1777890132.1223323,-3.0,-7.0,-83.0
1777890132.1323323,-1.0,-7.0,-74.0
1777890132.1423323,2.0,-3.0,-71.0
1777890132.1523323,3.0,-4.0,-65.0
1777890132.1623323,0.0,-3.0,-67.0
1777890132.1723323,-3.0,-3.0,-68.0
1777890132.1823325,-1.0,1.0,-70.0
1777890132.1923325,2.0,0.0,-69.0
1777890132.2023325,1.0,1.0,-73.0
1777890132.2123325,5.0,0.0,-77.0
1777890132.2223325,5.0,-1.0,-79.0
1777890132.2323325,7.0,1.0,-80.0
1777890132.2423325,9.0,1.0,-75.0
1777890132.2523324,7.0,1.0,-73.0
1777890132.2623324,6.0,0.0,-67.0
1777890132.2723324,6.0,0.0,-73.0
1777890132.2823324,6.0,0.0,-76.0
1777890132.2923324,7.0,0.0,-67.0
1777890132.3023324,5.0,3.0,-75.0
1777890132.3123324,4.0,2.0,-75.0
1777890132.3223324,7.0,0.0,-71.0
1777890132.3323324,8.0,-3.0,-66.0
1777890132.3423324,5.0,-7.0,-66.0
1777890132.3523324,3.0,-8.0,-68.0
1777890132.3623323,0.0,-4.0,-76.0
1777890132.3723323,-2.0,-2.0,-76.0
1777890132.3823323,0.0,-2.0,-81.0
1777890132.3923323,2.0,-3.0,-79.0
1777890132.4023323,0.0,0.0,-77.0
1777890132.4123323,3.0,3.0,-74.0
1777890132.4223323,2.0,6.0,-72.0
1777890132.4323325,4.0,5.0,-75.0
1777890132.4423325,1.0,3.0,-67.0
1777890132.4523325,-1.0,1.0,-68.0
1777890132.4623325,-1.0,2.0,-71.0
1777890132.4723325,2.0,1.0,-75.0
1777890132.4823325,0.0,0.0,-73.0
1777890132.4923325,-2.0,2.0,-70.0
1777890132.5023324,0.0,5.0,-75.0
1777890132.5123324,3.0,0.0,-76.0
1777890132.5223324,1.0,1.0,-77.0
1777890132.5323324,2.0,0.0,-75.0
1777890132.5423324,-2.0,-3.0,-73.0
1777890132.5523324,0.0,0.0,-73.0
1777890132.5623324,5.0,0.0,-78.0
1777890132.5723324,6.0,1.0,-77.0
1777890132.5823324,3.0,3.0,-77.0
1777890132.5923324,3.0,0.0,-79.0
1777890132.6023324,4.0,-1.0,-77.0
1777890132.6123323,2.0,-4.0,-68.0
1777890132.6223323,0.0,-7.0,-77.0
1777890132.6323323,0.0,-6.0,-74.0
1777890132.6423323,0.0,-2.0,-76.0
1777890132.6523323,-4.0,-2.0,-78.0
1777890132.6623323,0.0,1.0,-74.0
1777890132.6723323,-2.0,3.0,-78.0
1777890132.6823325,-2.0,2.0,-65.0
1777890132.6923325,0.0,0.0,-68.0
1777890132.7023325,2.0,-1.0,-74.0
1777890132.7123325,0.0,-5.0,-70.0
1777890132.7223325,-2.0,-2.0,-72.0
1777890132.7323325,0.0,-1.0,-80.0
1777890132.7423325,2.0,1.0,-78.0
1777890132.7523324,5.0,-1.0,-68.0
1777890132.7623324,2.0,0.0,-67.0
1777890132.7723324,0.0,0.0,-69.0
1777890132.7823324,-3.0,0.0,-66.0
1777890132.7923324,-1.0,0.0,-72.0
1777890132.8023324,-2.0,0.0,-74.0
1777890132.8123324,0.0,0.0,-79.0
1777890132.8223324,3.0,1.0,-80.0
1777890132.8323324,4.0,0.0,-78.0
1777890132.8423324,5.0,-2.0,-74.0
1777890132.8523324,7.0,-1.0,-72.0
1777890132.8623323,7.0,0.0,-74.0
1777890132.8723323,3.0,0.0,-68.0
1777890132.8823323,2.0,0.0,-70.0
1777890132.8923323,5.0,0.0,-75.0
1777890132.9023323,4.0,0.0,-74.0
1777890132.9123323,0.0,-3.0,-68.0
1777890132.9223323,-1.0,-4.0,-64.0
1777890132.9323325,0.0,-6.0,-66.0
1777890132.9423325,5.0,-2.0,-70.0
1777890132.9523325,6.0,-2.0,-70.0
1777890132.9623325,3.0,-4.0,-70.0
1777890132.9723325,2.0,-7.0,-74.0
1777890132.9823325,3.0,-7.0,-77.0
1777890132.9923325,4.0,-4.0,-76.0
1777890133.0023324,5.0,-4.0,-72.0
1777890133.0123324,0.0,-1.0,-70.0
1777890133.0223324,0.0,2.0,-70.0
1777890133.0323324,-1.0,3.0,-68.0
1777890133.0423324,0.0,2.0,-69.0
1777890133.0523324,2.0,4.0,-70.0
1777890133.0623324,0.0,0.0,-71.0
1777890133.0723324,-7.0,-4.0,-71.0
1777890133.0823324,-7.0,-5.0,-76.0
1777890133.0923324,-7.0,-4.0,-73.0
1777890133.1023324,-7.0,-5.0,-67.0
1777890133.1123323,-7.0,-1.0,-63.0
1777890133.1223323,-6.0,0.0,-63.0
1777890133.1333325,-3.0,-1.0,-65.0
1777890133.1433325,1.0,0.0,-60.0
1777890133.1533325,0.0,-2.0,-64.0
1777890133.1633325,1.0,-1.0,-71.0
1777890133.1733325,0.0,-4.0,-79.0
1777890133.1833324,0.0,-4.0,-90.0
1777890133.1933324,1.0,-2.0,-79.0
1777890133.2033324,3.0,0.0,-78.0
1777890133.2133324,5.0,-4.0,-76.0
1777890133.2233324,6.0,-4.0,-74.0
1777890133.2333324,5.0,-3.0,-70.0
1777890133.2433324,8.0,-1.0,-69.0
1777890133.2533324,4.0,-6.0,-72.0
1777890133.2633324,-1.0,-7.0,-74.0
1777890133.2733324,0.0,-7.0,-71.0
1777890133.2833323,4.0,-3.0,-74.0
1777890133.2933323,3.0,-3.0,-77.0
1777890133.3033323,0.0,-5.0,-84.0
1777890133.3133323,-2.0,-6.0,-81.0
1777890133.3233323,-4.0,0.0,-83.0
1777890133.3333323,-1.0,-1.0,-84.0
1777890133.3433323,4.0,0.0,-86.0
1777890133.3533323,3.0,0.0,-81.0
1777890133.3633325,1.0,1.0,-80.0
1777890133.3733325,-1.0,2.0,-78.0
1777890133.3833325,0.0,4.0,-75.0
1777890133.3933325,3.0,1.0,-78.0
1777890133.4033325,2.0,0.0,-81.0
1777890133.4133325,4.0,1.0,-80.0
1777890133.4233325,3.0,2.0,-79.0
1777890133.4333324,3.0,4.0,-79.0
1777890133.4433324,6.0,1.0,-81.0
1777890133.4533324,5.0,0.0,-77.0
1777890133.4633324,4.0,3.0,-80.0
1777890133.4733324,3.0,1.0,-74.0
1777890133.4833324,1.0,0.0,-65.0
1777890133.4933324,2.0,1.0,-64.0
1777890133.5033324,5.0,3.0,-69.0
1777890133.5133324,6.0,-3.0,-72.0
1777890133.5233324,7.0,-2.0,-68.0
1777890133.5333323,1.0,0.0,-72.0
1777890133.5433323,0.0,0.0,-82.0
1777890133.5533323,0.0,0.0,-86.0
1777890133.5633323,0.0,0.0,-87.0
1777890133.5733323,0.0,0.0,-80.0
1777890133.5833323,0.0,-2.0,-80.0
1777890133.5933323,-2.0,-2.0,-75.0
1777890133.6033323,-1.0,1.0,-75.0
1777890133.6133325,-2.0,-1.0,-75.0
1777890133.6233325,-1.0,-1.0,-73.0
1777890133.6333325,0.0,1.0,-70.0
1777890133.6433325,-2.0,0.0,-70.0
1777890133.6533325,-5.0,0.0,-69.0
1777890133.6633325,-4.0,-5.0,-74.0
1777890133.6733325,-7.0,-5.0,-76.0
1777890133.6833324,-7.0,0.0,-83.0
1777890133.6933324,-9.0,2.0,-82.0
1777890133.7033324,-6.0,-2.0,-79.0
1777890133.7133324,-2.0,-2.0,-76.0
1777890133.7233324,-5.0,-3.0,-74.0
1777890133.7333324,-8.0,-2.0,-74.0
1777890133.7433324,-6.0,-1.0,-75.0
1777890133.7533324,-10.0,0.0,-79.0
1777890133.7633324,-3.0,-3.0,-81.0
1777890133.7733324,-3.0,-3.0,-75.0
1777890133.7833323,-1.0,-1.0,-68.0
1777890133.7933323,-2.0,-2.0,-64.0
1777890133.8033323,-1.0,-4.0,-65.0
1777890133.8133323,-1.0,-4.0,-67.0
1777890133.8233323,1.0,-5.0,-68.0
1777890133.8333323,5.0,-2.0,-68.0
1777890133.8433323,3.0,-5.0,-72.0
1777890133.8533323,1.0,0.0,-76.0
1777890133.8633325,5.0,-2.0,-83.0
1777890133.8733325,5.0,-2.0,-91.0
1777890133.8833325,4.0,1.0,-84.0
1777890133.8933325,4.0,3.0,-79.0
1777890133.9033325,3.0,3.0,-80.0
1777890133.9133325,0.0,10.0,-80.0
1777890133.9233325,0.0,11.0,-83.0
1777890133.9333324,-1.0,9.0,-80.0
1777890133.9433324,-1.0,7.0,-77.0
1777890133.9533324,0.0,-1.0,-77.0
1777890133.9633324,-1.0,-1.0,-73.0
1777890133.9733324,0.0,0.0,-72.0
1777890133.9833324,-2.0,-4.0,-77.0
1777890133.9933324,-1.0,-6.0,-76.0
1777890134.0033324,-3.0,-3.0,-74.0
1777890134.0133324,0.0,-1.0,-73.0
1777890134.0233324,0.0,-1.0,-77.0
1777890134.0333323,0.0,-4.0,-77.0
1777890134.0433323,3.0,-4.0,-73.0
1777890134.0533323,3.0,-2.0,-69.0
1777890134.0633323,6.0,-1.0,-67.0
1777890134.0733323,3.0,-3.0,-63.0
1777890134.0833323,3.0,-1.0,-65.0
1777890134.0933323,5.0,2.0,-68.0
1777890134.1033323,4.0,4.0,-69.0
1777890134.1133325,5.0,-1.0,-62.0
1777890134.1233325,6.0,0.0,-64.0
1777890134.1333325,1.0,0.0,-73.0
1777890134.1433325,0.0,0.0,-78.0
1777890134.1533325,1.0,1.0,-79.0
1777890134.1633325,3.0,-3.0,-77.0
1777890134.1733325,3.0,-2.0,-76.0
1777890134.1833324,5.0,-2.0,-79.0
1777890134.1933324,2.0,0.0,-79.0
1777890134.2033324,3.0,1.0,-86.0
1777890134.2133324,3.0,-2.0,-89.0
1777890134.2233324,2.0,-2.0,-88.0
1777890134.2333324,0.0,-3.0,-94.0
1777890134.2433324,2.0,0.0,-94.0
1777890134.2533324,1.0,-1.0,-88.0
1777890134.2633324,-3.0,-2.0,-86.0
1777890134.2733324,0.0,-4.0,-83.0
1777890134.2833323,-3.0,-3.0,-83.0
1777890134.2933323,-2.0,-2.0,-84.0
1777890134.3033323,2.0,-5.0,-85.0
1777890134.3133323,4.0,-5.0,-81.0
1777890134.3233323,3.0,-1.0,-71.0
1777890134.3333323,9.0,0.0,-79.0
1777890134.3433323,8.0,-3.0,-82.0
1777890134.3533323,7.0,-1.0,-82.0
1777890134.3633325,5.0,-2.0,-79.0
1777890134.3733325,4.0,-1.0,-84.0
1777890134.3833325,5.0,0.0,-81.0
1777890134.3933325,0.0,0.0,-76.0
1777890134.4033325,-2.0,2.0,-73.0
1777890134.4133325,-1.0,3.0,-70.0
1777890134.4233325,2.0,-3.0,-69.0
1777890134.4333324,-5.0,-1.0,-76.0
1777890134.4433324,-6.0,0.0,-77.0
1777890134.4533324,-8.0,1.0,-78.0
1777890134.4633324,-4.0,0.0,-75.0
1777890134.4733324,0.0,-2.0,-80.0
1777890134.4833324,2.0,0.0,-85.0
1777890134.4933324,0.0,-2.0,-82.0
1777890134.5033324,2.0,0.0,-81.0
1777890134.5133324,4.0,-2.0,-78.0
1777890134.5233324,6.0,3.0,-70.0
1777890134.5333323,1.0,5.0,-69.0
1777890134.5433323,0.0,4.0,-70.0
1777890134.5533323,1.0,-2.0,-73.0
1777890134.5633323,1.0,-3.0,-78.0
1777890134.5733323,5.0,-4.0,-77.0
1777890134.5833323,2.0,-1.0,-67.0
1777890134.5933323,2.0,-2.0,-71.0
1777890134.6033323,3.0,-5.0,-69.0
1777890134.6133325,1.0,-3.0,-69.0
1777890134.6233325,0.0,-3.0,-70.0
1777890134.6333325,3.0,-6.0,-72.0
1777890134.6433325,0.0,-6.0,-72.0
1777890134.6533325,1.0,-7.0,-75.0
1777890134.6633325,6.0,-3.0,-87.0
1777890134.6733325,4.0,0.0,-84.0
1777890134.6833324,4.0,0.0,-86.0
1777890134.6933324,3.0,0.0,-80.0
1777890134.7033324,4.0,-4.0,-81.0
1777890134.7133324,4.0,-5.0,-84.0
1777890134.7233324,3.0,-4.0,-86.0
1777890134.7333324,2.0,-2.0,-81.0
1777890134.7433324,0.0,-1.0,-79.0
1777890134.7533324,-1.0,-4.0,-74.0
1777890134.7633324,0.0,-1.0,-74.0
1777890134.7733324,0.0,0.0,-76.0
1777890134.7833323,3.0,-3.0,-75.0
1777890134.7933323,1.0,-3.0,-69.0
1777890134.8033323,-3.0,0.0,-62.0
1777890134.8133323,-1.0,-1.0,-65.0
1777890134.8233323,-1.0,2.0,-71.0
1777890134.8333323,-5.0,3.0,-71.0
1777890134.8433323,-1.0,1.0,-65.0
1777890134.8533323,-6.0,1.0,-69.0
1777890134.8633325,0.0,3.0,-78.0
1777890134.8733325,3.0,5.0,-79.0
1777890134.8833325,2.0,4.0,-81.0
1777890134.8933325,-1.0,1.0,-81.0
1777890134.9033325,-7.0,-1.0,-79.0
1777890134.9133325,-6.0,-2.0,-74.0
1777890134.9233325,-6.0,0.0,-80.0
1777890134.9333324,-7.0,1.0,-81.0
1777890134.9433324,-1.0,1.0,-73.0
1777890134.9533324,-4.0,0.0,-73.0
1777890134.9633324,-2.0,2.0,-72.0
1777890134.9733324,4.0,-1.0,-68.0
1777890134.9833324,3.0,2.0,-71.0
1777890134.9933324,2.0,1.0,-67.0
1777890135.0033324,6.0,0.0,-73.0
1777890135.0133324,5.0,-2.0,-80.0
1777890135.0233324,3.0,-4.0,-73.0
1777890135.0333323,1.0,-4.0,-66.0
1777890135.0433323,4.0,-5.0,-70.0
1777890135.0533323,10.0,-5.0,-74.0
1777890135.0633323,11.0,-9.0,-69.0
1777890135.0733323,8.0,-5.0,-71.0
1777890135.0833323,5.0,0.0,-73.0
1777890135.0933323,7.0,3.0,-73.0
1777890135.1033323,8.0,3.0,-72.0
1777890135.1143324,5.0,6.0,-70.0
1777890135.1243324,0.0,4.0,-71.0
1777890135.1343324,-1.0,4.0,-67.0
1777890135.1443324,-7.0,0.0,-66.0
1777890135.1543324,-5.0,0.0,-61.0
1777890135.1643324,-1.0,-3.0,-57.0
1777890135.1743324,0.0,-1.0,-57.0
1777890135.1843324,-2.0,-5.0,-57.0
1777890135.1943324,6.0,-4.0,-68.0
1777890135.2043324,4.0,-1.0,-73.0
1777890135.2143323,8.0,0.0,-73.0
1777890135.2243323,3.0,1.0,-70.0
1777890135.2343323,4.0,-1.0,-67.0
1777890135.2443323,2.0,-1.0,-63.0
1777890135.2543323,2.0,-4.0,-62.0
1777890135.2643323,0.0,0.0,-61.0
1777890135.2743323,-1.0,-1.0,-59.0
1777890135.2843325,-2.0,0.0,-61.0
1777890135.2943325,-2.0,0.0,-68.0
1777890135.3043325,2.0,-1.0,-68.0
1777890135.3143325,-2.0,-1.0,-67.0
1777890135.3243325,0.0,-1.0,-70.0
1777890135.3343325,-4.0,-2.0,-73.0
1777890135.3443325,-1.0,0.0,-76.0
1777890135.3543324,-1.0,3.0,-75.0
1777890135.3643324,-5.0,3.0,-80.0
1777890135.3743324,0.0,0.0,-81.0
1777890135.3843324,0.0,2.0,-72.0
1777890135.3943324,1.0,0.0,-70.0
1777890135.4043324,0.0,-1.0,-76.0
1777890135.4143324,3.0,1.0,-78.0
1777890135.4243324,0.0,0.0,-81.0
1777890135.4343324,-1.0,2.0,-79.0
1777890135.4443324,1.0,5.0,-77.0
1777890135.4543324,0.0,1.0,-80.0
1777890135.4643323,0.0,-3.0,-77.0
1777890135.4743323,-2.0,-1.0,-80.0
1777890135.4843323,-2.0,0.0,-68.0
1777890135.4943323,-2.0,-3.0,-68.0
1777890135.5043323,0.0,-2.0,-74.0
1777890135.5143323,-1.0,-2.0,-78.0
1777890135.5243323,0.0,-1.0,-71.0
1777890135.5343325,-3.0,1.0,-74.0
1777890135.5443325,-5.0,5.0,-75.0
1777890135.5543325,-9.0,2.0,-73.0
1777890135.5643325,-7.0,-1.0,-74.0
1777890135.5743325,-7.0,-2.0,-70.0
1777890135.5843325,-3.0,0.0,-75.0
1777890135.5943325,-2.0,4.0,-77.0
1777890135.6043324,-6.0,4.0,-79.0
1777890135.6143324,-6.0,3.0,-78.0
1777890135.6243324,-4.0,0.0,-74.0
1777890135.6343324,-1.0,0.0,-73.0
1777890135.6443324,0.0,3.0,-74.0
1777890135.6543324,1.0,0.0,-69.0
1777890135.6643324,0.0,-4.0,-75.0
1777890135.6743324,1.0,-5.0,-75.0
1777890135.6843324,1.0,0.0,-73.0
1777890135.6943324,1.0,-2.0,-69.0
1777890135.7043324,0.0,-3.0,-72.0
1777890135.7143323,2.0,-1.0,-75.0
1777890135.7243323,-1.0,-4.0,-73.0
1777890135.7343323,0.0,-1.0,-69.0
1777890135.7443323,2.0,-2.0,-67.0
1777890135.7543323,1.0,-2.0,-63.0
1777890135.7643323,0.0,0.0,-62.0
1777890135.7743323,4.0,1.0,-65.0
1777890135.7843325,2.0,3.0,-71.0
1777890135.7943325,-1.0,5.0,-70.0
1777890135.8043325,-3.0,4.0,-69.0
1777890135.8143325,-3.0,2.0,-70.0
1777890135.8243325,-5.0,2.0,-62.0
1777890135.8343325,-3.0,-3.0,-63.0
1777890135.8443325,-1.0,-2.0,-65.0
1777890135.8543324,0.0,0.0,-66.0
1777890135.8643324,-2.0,1.0,-65.0
1777890135.8743324,-2.0,-1.0,-66.0
1777890135.8843324,0.0,-2.0,-65.0
1777890135.8943324,6.0,-3.0,-66.0
1777890135.9043324,4.0,2.0,-70.0
1777890135.9143324,7.0,0.0,-69.0
1777890135.9243324,11.0,-4.0,-66.0
1777890135.9343324,8.0,0.0,-69.0
1777890135.9443324,5.0,0.0,-67.0
1777890135.9543324,3.0,2.0,-71.0
1777890135.9643323,5.0,2.0,-75.0
1777890135.9743323,3.0,0.0,-69.0
1777890135.9843323,0.0,0.0,-82.0
1777890135.9943323,1.0,0.0,-82.0
1777890136.0043323,1.0,-1.0,-78.0
1777890136.0143323,2.0,0.0,-78.0
1777890136.0243323,-2.0,-1.0,-75.0
1777890136.0343325,-3.0,0.0,-73.0
1777890136.0443325,1.0,0.0,-71.0
1777890136.0543325,2.0,-3.0,-68.0
1777890136.0643325,1.0,-5.0,-68.0
1777890136.0743325,1.0,-2.0,-72.0
1777890136.0843325,3.0,-2.0,-74.0
1777890136.0943325,3.0,1.0,-75.0
1777890136.1043324,-3.0,3.0,-79.0
1777890136.1143324,-7.0,6.0,-78.0
1777890136.1243324,-2.0,0.0,-70.0
1777890136.1343324,-3.0,-1.0,-63.0
1777890136.1443324,-3.0,-3.0,-59.0
1777890136.1543324,-3.0,-2.0,-62.0
1777890136.1643324,2.0,0.0,-64.0
1777890136.1743324,3.0,0.0,-68.0
1777890136.1843324,-1.0,0.0,-78.0
1777890136.1943324,0.0,-2.0,-70.0
1777890136.2043324,2.0,-3.0,-73.0
1777890136.2143323,3.0,-4.0,-75.0
1777890136.2243323,0.0,-9.0,-73.0
1777890136.2343323,-1.0,-7.0,-76.0
1777890136.2443323,-2.0,-8.0,-84.0
1777890136.2543323,-5.0,-5.0,-83.0
1777890136.2643323,0.0,-4.0,-76.0
1777890136.2743323,-6.0,-3.0,-73.0
1777890136.2843325,-7.0,0.0,-70.0
1777890136.2943325,-1.0,0.0,-67.0
1777890136.3043325,0.0,-5.0,-71.0
1777890136.3143325,-2.0,-4.0,-73.0
1777890136.3243325,-5.0,-1.0,-71.0
1777890136.3343325,-1.0,-1.0,-68.0
1777890136.3443325,2.0,0.0,-72.0
1777890136.3543324,0.0,2.0,-77.0
1777890136.3643324,0.0,2.0,-77.0
1777890136.3743324,3.0,0.0,-72.0
1777890136.3843324,3.0,-3.0,-75.0
1777890136.3943324,3.0,1.0,-82.0
1777890136.4043324,1.0,0.0,-80.0
1777890136.4143324,0.0,0.0,-75.0
1777890136.4243324,3.0,0.0,-69.0
1777890136.4343324,3.0,0.0,-65.0
1777890136.4443324,3.0,0.0,-67.0
1777890136.4543324,8.0,-4.0,-63.0
1777890136.4643323,4.0,-2.0,-66.0
1777890136.4743323,1.0,0.0,-70.0
1777890136.4843323,3.0,3.0,-75.0
1777890136.4943323,1.0,1.0,-82.0
1777890136.5043323,-1.0,0.0,-78.0
1777890136.5143323,-7.0,0.0,-75.0
1777890136.5243323,-6.0,-4.0,-70.0
1777890136.5343325,-10.0,-6.0,-72.0
1777890136.5443325,-13.0,-3.0,-71.0
1777890136.5543325,-10.0,-3.0,-76.0
1777890136.5643325,-5.0,-3.0,-80.0
1777890136.5743325,-7.0,0.0,-80.0
1777890136.5843325,-4.0,0.0,-81.0
1777890136.5943325,-3.0,0.0,-78.0
1777890136.6043324,-3.0,0.0,-79.0
1777890136.6143324,-4.0,3.0,-75.0
1777890136.6243324,-6.0,-3.0,-72.0
1777890136.6343324,-9.0,-5.0,-69.0
1777890136.6443324,-7.0,-6.0,-67.0
1777890136.6543324,-7.0,-8.0,-60.0
1777890136.6643324,-3.0,-5.0,-64.0
1777890136.6743324,-2.0,-1.0,-57.0
1777890136.6843324,0.0,2.0,-65.0
1777890136.6943324,0.0,0.0,-66.0
1777890136.7043324,0.0,0.0,-69.0
1777890136.7143323,4.0,0.0,-65.0
1777890136.7243323,2.0,-5.0,-63.0
1777890136.7343323,1.0,-6.0,-66.0
1777890136.7443323,5.0,-7.0,-65.0
1777890136.7543323,6.0,-7.0,-66.0
1777890136.7643323,1.0,-4.0,-62.0
1777890136.7743323,4.0,0.0,-62.0
1777890136.7843325,7.0,7.0,-63.0
1777890136.7943325,3.0,3.0,-70.0
1777890136.8043325,0.0,0.0,-70.0
1777890136.8143325,0.0,-1.0,-68.0
1777890136.8243325,0.0,1.0,-75.0
1777890136.8343325,3.0,3.0,-74.0
1777890136.8443325,2.0,1.0,-74.0
1777890136.8543324,0.0,1.0,-71.0
1777890136.8643324,-3.0,2.0,-72.0
1777890136.8743324,-3.0,3.0,-75.0
1777890136.8843324,0.0,3.0,-77.0
1777890136.8943324,-3.0,4.0,-77.0
1777890136.9043324,3.0,4.0,-73.0
1777890136.9143324,6.0,7.0,-76.0
1777890136.9243324,4.0,7.0,-76.0
1777890136.9343324,4.0,4.0,-70.0
1777890136.9443324,4.0,1.0,-68.0
1777890136.9543324,4.0,-5.0,-74.0
1777890136.9643323,1.0,-3.0,-77.0
1777890136.9743323,2.0,-6.0,-80.0
1777890136.9843323,2.0,-3.0,-75.0
1777890136.9943323,0.0,-5.0,-70.0
1777890137.0043323,0.0,-3.0,-73.0
1777890137.0143323,5.0,-4.0,-74.0
1777890137.0243323,7.0,-3.0,-78.0
1777890137.0343325,1.0,-3.0,-78.0
1777890137.0443325,4.0,-3.0,-83.0
1777890137.0543325,2.0,-5.0,-83.0
1777890137.0643325,1.0,-3.0,-76.0
1777890137.0743325,-2.0,-4.0,-77.0
1777890137.0843325,1.0,-3.0,-77.0
1777890137.0953324,0.0,2.0,-81.0
1777890137.1043324,-1.0,3.0,-75.0
1777890137.1153324,-5.0,6.0,-73.0
1777890137.1243324,-8.0,5.0,-77.0
1777890137.1353323,-9.0,6.0,-77.0
1777890137.1453323,-8.0,10.0,-74.0
1777890137.1553323,-7.0,4.0,-72.0
1777890137.1653323,-5.0,0.0,-70.0
1777890137.1753323,-5.0,2.0,-78.0
1777890137.1853323,-3.0,0.0,-80.0
1777890137.1953323,-2.0,0.0,-86.0
1777890137.2053325,-4.0,3.0,-80.0
1777890137.2153325,-4.0,5.0,-82.0
1777890137.2253325,-4.0,1.0,-75.0
1777890137.2353325,0.0,-3.0,-70.0
1777890137.2453325,0.0,-2.0,-74.0
1777890137.2553325,0.0,0.0,-78.0
1777890137.2653325,0.0,1.0,-77.0
1777890137.2753325,0.0,1.0,-72.0
1777890137.2853324,4.0,2.0,-77.0
1777890137.2953324,3.0,3.0,-75.0
1777890137.3053324,6.0,0.0,-75.0
1777890137.3153324,9.0,1.0,-77.0
1777890137.3253324,7.0,-3.0,-67.0
1777890137.3353324,7.0,-1.0,-67.0
1777890137.3453324,6.0,1.0,-72.0
1777890137.3553324,4.0,1.0,-70.0
1777890137.3653324,1.0,-1.0,-67.0
1777890137.3753324,-9.0,-1.0,-63.0
1777890137.3853323,-6.0,-2.0,-73.0
1777890137.3953323,-5.0,0.0,-77.0
1777890137.4053323,-1.0,7.0,-75.0
1777890137.4153323,1.0,5.0,-70.0
1777890137.4253323,4.0,5.0,-67.0
1777890137.4353323,5.0,5.0,-65.0
1777890137.4453323,3.0,6.0,-71.0
1777890137.4553325,0.0,0.0,-70.0
1777890137.4653325,-5.0,-2.0,-72.0
1777890137.4753325,-5.0,-3.0,-75.0
1777890137.4853325,-1.0,-5.0,-76.0
1777890137.4953325,0.0,-3.0,-73.0
1777890137.5053325,-1.0,-3.0,-68.0
1777890137.5153325,-4.0,-5.0,-74.0
1777890137.5253325,-3.0,-5.0,-74.0
1777890137.5353324,-5.0,-3.0,-73.0
1777890137.5453324,-4.0,-5.0,-80.0
1777890137.5553324,-2.0,-6.0,-76.0
1777890137.5653324,1.0,-6.0,-70.0
1777890137.5753324,0.0,-5.0,-76.0
1777890137.5853324,0.0,-5.0,-76.0
1777890137.5953324,0.0,-5.0,-75.0
1777890137.6053324,2.0,-1.0,-72.0
1777890137.6153324,0.0,0.0,-57.0
1777890137.6253324,-3.0,0.0,-61.0
1777890137.6353323,-2.0,0.0,-65.0
1777890137.6453323,-4.0,-1.0,-70.0
1777890137.6553323,-8.0,0.0,-66.0
1777890137.6653323,-6.0,0.0,-69.0
1777890137.6753323,-4.0,1.0,-68.0
1777890137.6853323,-2.0,-1.0,-61.0
1777890137.6953323,-4.0,-1.0,-60.0
1777890137.7053325,-5.0,0.0,-58.0
1777890137.7153325,3.0,5.0,-63.0
1777890137.7253325,1.0,2.0,-54.0
1777890137.7353325,0.0,4.0,-65.0
1777890137.7453325,1.0,4.0,-74.0
1777890137.7553325,2.0,3.0,-81.0
1777890137.7653325,4.0,2.0,-84.0
1777890137.7753325,3.0,2.0,-91.0
1777890137.7853324,0.0,0.0,-88.0
1777890137.7953324,0.0,2.0,-86.0
1777890137.8053324,-1.0,-5.0,-91.0
1777890137.8153324,-5.0,0.0,-90.0
1777890137.8253324,-1.0,1.0,-86.0
1777890137.8353324,-1.0,0.0,-81.0
1777890137.8453324,0.0,-5.0,-79.0
1777890137.8553324,4.0,-6.0,-78.0
1777890137.8653324,4.0,-2.0,-80.0
1777890137.8753324,5.0,-3.0,-80.0
1777890137.8853323,9.0,1.0,-90.0
1777890137.8953323,5.0,7.0,-88.0
1777890137.9053323,1.0,4.0,-87.0
1777890137.9153323,0.0,4.0,-86.0
1777890137.9253323,-3.0,2.0,-80.0
1777890137.9353323,-6.0,-1.0,-78.0
1777890137.9453323,-3.0,2.0,-82.0
1777890137.9553325,-3.0,7.0,-80.0
1777890137.9653325,-2.0,6.0,-84.0
1777890137.9753325,0.0,5.0,-80.0
1777890137.9853325,-2.0,5.0,-79.0
1777890137.9953325,-6.0,5.0,-82.0
1777890138.0053325,-10.0,1.0,-86.0
1777890138.0153325,-11.0,2.0,-87.0
1777890138.0253325,-10.0,2.0,-80.0
1777890138.0353324,-6.0,4.0,-85.0
1777890138.0453324,-6.0,1.0,-86.0
1777890138.0553324,-2.0,0.0,-84.0
1777890138.0653324,5.0,-1.0,-86.0
1777890138.0753324,6.0,0.0,-82.0
1777890138.0853324,3.0,0.0,-81.0
1777890138.0953324,2.0,2.0,-83.0
1777890138.1053324,0.0,8.0,-90.0
1777890138.1153324,-3.0,7.0,-88.0
1777890138.1253324,-8.0,7.0,-85.0
1777890138.1353323,-6.0,8.0,-86.0
1777890138.1453323,-12.0,9.0,-81.0
1777890138.1553323,-9.0,6.0,-85.0
1777890138.1653323,-5.0,4.0,-80.0
1777890138.1753323,1.0,0.0,-79.0
1777890138.1853323,0.0,0.0,-77.0
1777890138.1953323,5.0,2.0,-77.0
1777890138.2053325,4.0,2.0,-80.0
1777890138.2153325,0.0,1.0,-75.0
1777890138.2253325,-3.0,0.0,-66.0
1777890138.2353325,-4.0,0.0,-63.0
1777890138.2453325,-7.0,0.0,-70.0
1777890138.2553325,-8.0,2.0,-72.0
1777890138.2653325,-4.0,0.0,-71.0
1777890138.2753325,-5.0,-1.0,-70.0
1777890138.2853324,1.0,0.0,-71.0
1777890138.2953324,0.0,0.0,-76.0
1777890138.3053324,0.0,-3.0,-78.0
1777890138.3153324,2.0,-3.0,-72.0
1777890138.3253324,3.0,-2.0,-66.0
1777890138.3353324,3.0,-6.0,-67.0
1777890138.3453324,0.0,-6.0,-67.0
1777890138.3553324,0.0,-3.0,-68.0
1777890138.3653324,0.0,-3.0,-66.0
1777890138.3753324,-3.0,0.0,-68.0
1777890138.3853323,-4.0,0.0,-65.0
1777890138.3953323,-1.0,-2.0,-60.0
1777890138.4053323,1.0,0.0,-65.0
1777890138.4153323,0.0,-2.0,-70.0
1777890138.4253323,1.0,-4.0,-73.0
1777890138.4353323,7.0,-1.0,-77.0
1777890138.4453323,7.0,0.0,-72.0
1777890138.4553325,6.0,0.0,-68.0
1777890138.4653325,4.0,1.0,-71.0
1777890138.4753325,1.0,-3.0,-66.0
1777890138.4853325,4.0,-3.0,-70.0
1777890138.4953325,3.0,-3.0,-68.0
1777890138.5053325,4.0,0.0,-78.0
1777890138.5153325,4.0,-4.0,-78.0
1777890138.5253325,1.0,-2.0,-75.0
1777890138.5353324,1.0,0.0,-64.0
1777890138.5453324,2.0,0.0,-63.0
1777890138.5553324,0.0,-2.0,-68.0
1777890138.5653324,-3.0,-3.0,-71.0
1777890138.5753324,-2.0,-2.0,-72.0
1777890138.5853324,-2.0,-6.0,-77.0
1777890138.5953324,-8.0,-4.0,-78.0
1777890138.6053324,-7.0,-3.0,-80.0
1777890138.6153324,-4.0,-2.0,-77.0
1777890138.6253324,-4.0,0.0,-70.0
1777890138.6353323,-8.0,-4.0,-68.0
1777890138.6453323,-3.0,-2.0,-68.0
1777890138.6553323,0.0,0.0,-70.0
1777890138.6653323,-2.0,0.0,-68.0
1777890138.6753323,-6.0,0.0,-64.0
1777890138.6853323,-6.0,5.0,-57.0
1777890138.6953323,-11.0,3.0,-61.0
1777890138.7053325,-5.0,4.0,-60.0
1777890138.7153325,-2.0,6.0,-70.0
1777890138.7253325,4.0,5.0,-69.0
1777890138.7353325,4.0,2.0,-75.0
1777890138.7453325,5.0,0.0,-79.0
1777890138.7553325,0.0,0.0,-84.0
1777890138.7653325,-1.0,2.0,-87.0
1777890138.7753325,-7.0,4.0,-82.0
1777890138.7853324,-7.0,4.0,-84.0
1777890138.7953324,-3.0,3.0,-81.0
1777890138.8053324,4.0,5.0,-77.0
1777890138.8153324,7.0,3.0,-83.0
1777890138.8253324,6.0,3.0,-77.0
1777890138.8353324,9.0,2.0,-75.0
1777890138.8453324,4.0,4.0,-75.0
1777890138.8553324,6.0,2.0,-75.0
1777890138.8653324,5.0,2.0,-76.0
1777890138.8753324,4.0,5.0,-77.0
1777890138.8853323,3.0,7.0,-74.0
1777890138.8953323,8.0,3.0,-70.0
1777890138.9053323,7.0,3.0,-73.0
1777890138.9153323,0.0,1.0,-76.0
1777890138.9253323,-5.0,4.0,-79.0
1777890138.9353323,-6.0,4.0,-79.0
1777890138.9453323,-5.0,0.0,-84.0
1777890138.9553325,-4.0,0.0,-83.0
1777890138.9653325,-5.0,3.0,-78.0
1777890138.9753325,-2.0,0.0,-80.0
1777890138.9853325,-5.0,6.0,-77.0
1777890138.9953325,-4.0,13.0,-80.0
1777890139.0053325,0.0,12.0,-81.0
1777890139.0153325,0.0,10.0,-83.0
1777890139.0253325,4.0,7.0,-83.0
1777890139.0353324,0.0,6.0,-83.0
1777890139.0453324,0.0,1.0,-79.0
1777890139.0553324,1.0,-3.0,-78.0
1777890139.0653324,1.0,-4.0,-75.0
1777890139.0753324,0.0,-5.0,-70.0
1777890139.0853324,-3.0,-7.0,-65.0
1777890139.0963323,-4.0,-9.0,-68.0
1777890139.1063323,-3.0,-6.0,-69.0
1777890139.1163323,-2.0,-3.0,-79.0
1777890139.1263323,0.0,-4.0,-81.0
1777890139.1363325,-1.0,-3.0,-74.0
1777890139.1463325,0.0,-1.0,-74.0
1777890139.1563325,0.0,-3.0,-76.0
1777890139.1663325,-2.0,-1.0,-77.0
1777890139.1763325,-4.0,1.0,-80.0
1777890139.1863325,0.0,0.0,-80.0
1777890139.1963325,0.0,-1.0,-79.0
1777890139.2063324,2.0,1.0,-70.0
1777890139.2163324,3.0,5.0,-66.0
1777890139.2263324,-1.0,4.0,-69.0
1777890139.2363324,0.0,5.0,-72.0
1777890139.2463324,-1.0,4.0,-75.0
1777890139.2563324,1.0,0.0,-73.0
1777890139.2663324,3.0,1.0,-71.0
1777890139.2763324,5.0,3.0,-68.0
1777890139.2863324,2.0,2.0,-70.0
1777890139.2963324,5.0,0.0,-73.0
1777890139.3063323,5.0,1.0,-82.0
1777890139.3163323,2.0,0.0,-84.0
1777890139.3263323,1.0,3.0,-89.0
1777890139.3363323,0.0,5.0,-93.0
1777890139.3463323,0.0,0.0,-95.0
1777890139.3563323,6.0,5.0,-88.0
1777890139.3663323,4.0,3.0,-84.0
1777890139.3763323,3.0,2.0,-81.0
1777890139.3863325,4.0,0.0,-76.0
1777890139.3963325,2.0,-3.0,-76.0
1777890139.4063325,7.0,0.0,-78.0
1777890139.4163325,7.0,0.0,-73.0
1777890139.4263325,5.0,0.0,-70.0
1777890139.4363325,0.0,-1.0,-82.0
1777890139.4463325,-1.0,-4.0,-87.0
1777890139.4563324,0.0,-4.0,-91.0
1777890139.4663324,5.0,-2.0,-85.0
1777890139.4763324,3.0,-2.0,-82.0
1777890139.4863324,4.0,0.0,-84.0
1777890139.4963324,4.0,0.0,-80.0
1777890139.5063324,0.0,2.0,-81.0
1777890139.5163324,-2.0,2.0,-77.0
1777890139.5263324,-3.0,0.0,-70.0
1777890139.5363324,0.0,0.0,-69.0
1777890139.5463324,1.0,-3.0,-69.0
1777890139.5563323,0.0,-2.0,-72.0
1777890139.5663323,-4.0,0.0,-66.0
1777890139.5763323,-1.0,-5.0,-68.0
1777890139.5863323,0.0,-3.0,-66.0
1777890139.5963323,3.0,0.0,-64.0
1777890139.6063323,7.0,-1.0,-69.0
1777890139.6163323,4.0,0.0,-71.0
1777890139.6263323,2.0,-5.0,-72.0
1777890139.6363325,-2.0,0.0,-70.0
1777890139.6463325,0.0,-1.0,-66.0
1777890139.6563325,2.0,-1.0,-70.0
1777890139.6663325,4.0,0.0,-76.0
1777890139.6763325,-3.0,0.0,-76.0
1777890139.6863325,-3.0,0.0,-70.0
1777890139.6963325,-5.0,3.0,-73.0
1777890139.7063324,-3.0,0.0,-74.0
1777890139.7163324,-3.0,-1.0,-80.0
1777890139.7263324,0.0,-1.0,-81.0
1777890139.7363324,1.0,3.0,-81.0
1777890139.7463324,2.0,1.0,-81.0
1777890139.7563324,0.0,0.0,-79.0
1777890139.7663324,2.0,-6.0,-71.0
1777890139.7763324,9.0,-8.0,-74.0
1777890139.7863324,7.0,-6.0,-66.0
1777890139.7963324,5.0,-4.0,-67.0
1777890139.8063323,-1.0,-2.0,-67.0
1777890139.8163323,-5.0,-6.0,-68.0
1777890139.8263323,-3.0,-7.0,-66.0
1777890139.8363323,2.0,-3.0,-63.0
1777890139.8463323,5.0,0.0,-67.0
1777890139.8563323,4.0,3.0,-73.0
1777890139.8663323,1.0,1.0,-75.0
1777890139.8763323,2.0,-1.0,-75.0
1777890139.8863325,2.0,-1.0,-76.0
1777890139.8963325,0.0,-2.0,-80.0
1777890139.9063325,0.0,0.0,-80.0
1777890139.9163325,-1.0,-1.0,-81.0
1777890139.9263325,2.0,-1.0,-82.0
1777890139.9363325,3.0,-5.0,-80.0
1777890139.9463325,2.0,-7.0,-73.0
1777890139.9563324,0.0,-2.0,-71.0
1777890139.9663324,0.0,1.0,-70.0
1777890139.9763324,0.0,4.0,-70.0
1777890139.9863324,0.0,7.0,-69.0
1777890139.9963324,4.0,5.0,-68.0
1777890140.0063324,6.0,1.0,-73.0
1777890140.0163324,5.0,-1.0,-76.0
1777890140.0263324,6.0,1.0,-73.0
1777890140.0363324,7.0,0.0,-66.0
1777890140.0463324,7.0,-2.0,-70.0
1777890140.0563323,12.0,-2.0,-73.0
1777890140.0663323,6.0,-1.0,-74.0
1777890140.0763323,3.0,1.0,-77.0
1777890140.0863323,0.0,-1.0,-75.0
1777890140.0963323,1.0,-5.0,-75.0
1777890140.1063323,0.0,-4.0,-74.0
1777890140.1163323,0.0,-6.0,-71.0
1777890140.1263323,-2.0,-2.0,-78.0
1777890140.1363325,-1.0,-4.0,-80.0
1777890140.1463325,0.0,-4.0,-87.0
1777890140.1563325,0.0,-2.0,-88.0
1777890140.1663325,-1.0,-3.0,-87.0
1777890140.1763325,1.0,-2.0,-91.0
1777890140.1863325,2.0,-2.0,-89.0
1777890140.1963325,3.0,-5.0,-88.0
1777890140.2063324,2.0,0.0,-82.0
1777890140.2163324,4.0,-3.0,-77.0
1777890140.2263324,2.0,-8.0,-74.0
1777890140.2363324,4.0,-6.0,-73.0
1777890140.2463324,2.0,-7.0,-72.0
1777890140.2563324,1.0,-5.0,-68.0
1777890140.2663324,0.0,0.0,-70.0
1777890140.2763324,0.0,-3.0,-76.0
1777890140.2863324,1.0,-1.0,-74.0
1777890140.2963324,6.0,0.0,-82.0
1777890140.3063323,10.0,-2.0,-83.0
1777890140.3163323,5.0,-3.0,-82.0
1777890140.3263323,4.0,-6.0,-69.0
1777890140.3363323,4.0,-3.0,-69.0
1777890140.3463323,3.0,-1.0,-69.0
1777890140.3563323,1.0,1.0,-75.0
1777890140.3663323,1.0,4.0,-76.0
1777890140.3763323,1.0,3.0,-79.0
1777890140.3863325,1.0,1.0,-83.0
1777890140.3963325,1.0,0.0,-80.0
1777890140.4063325,-1.0,-2.0,-77.0
1777890140.4163325,-3.0,-2.0,-72.0
1777890140.4263325,-3.0,0.0,-71.0
1777890140.4363325,0.0,-2.0,-76.0
1777890140.4463325,0.0,-1.0,-80.0
1777890140.4563324,0.0,-1.0,-70.0
1777890140.4663324,1.0,-4.0,-65.0
1777890140.4763324,1.0,-9.0,-67.0
1777890140.4863324,3.0,-3.0,-65.0
1777890140.4963324,4.0,-2.0,-66.0
1777890140.5063324,0.0,-1.0,-66.0
1777890140.5163324,-2.0,0.0,-77.0
1777890140.5263324,1.0,0.0,-80.0
1777890140.5363324,2.0,-1.0,-79.0
1777890140.5463324,0.0,-2.0,-81.0
1777890140.5563323,2.0,-2.0,-79.0
1777890140.5663323,0.0,3.0,-79.0
1777890140.5763323,-1.0,6.0,-72.0
1777890140.5863323,-3.0,6.0,-73.0
1777890140.5963323,-5.0,0.0,-77.0
1777890140.6063323,-4.0,-2.0,-75.0
1777890140.6163323,-3.0,-4.0,-77.0
1777890140.6263323,-3.0,-3.0,-74.0
1777890140.6363325,-3.0,0.0,-80.0
1777890140.6463325,-5.0,2.0,-79.0
1777890140.6563325,-3.0,0.0,-75.0
1777890140.6663325,-3.0,0.0,-72.0
1777890140.6763325,-2.0,0.0,-65.0
1777890140.6863325,0.0,-1.0,-68.0
1777890140.6963325,0.0,1.0,-70.0
1777890140.7063324,1.0,0.0,-73.0
1777890140.7163324,-4.0,0.0,-73.0
1777890140.7263324,-3.0,-2.0,-75.0
1777890140.7363324,-2.0,-5.0,-74.0
1777890140.7463324,-1.0,-2.0,-76.0
1777890140.7563324,-5.0,-6.0,-66.0
1777890140.7663324,-4.0,-5.0,-64.0
1777890140.7763324,-2.0,-3.0,-68.0
1777890140.7863324,1.0,-6.0,-66.0
1777890140.7963324,1.0,-6.0,-66.0
1777890140.8063323,6.0,-4.0,-70.0
1777890140.8163323,10.0,-1.0,-72.0
1777890140.8263323,6.0,2.0,-75.0
1777890140.8363323,0.0,-2.0,-68.0
1777890140.8463323,-2.0,-2.0,-58.0
1777890140.8563323,-4.0,1.0,-62.0
1777890140.8663323,-3.0,0.0,-68.0
1777890140.8763323,-4.0,-4.0,-72.0
1777890140.8863325,-3.0,-7.0,-72.0
1777890140.8963325,1.0,-5.0,-72.0
1777890140.9063325,0.0,-3.0,-65.0
1777890140.9163325,0.0,-3.0,-73.0
1777890140.9263325,0.0,-3.0,-69.0
1777890140.9363325,2.0,-4.0,-66.0
1777890140.9463325,3.0,-3.0,-72.0
1777890140.9563324,-1.0,-3.0,-76.0
1777890140.9663324,-2.0,0.0,-76.0
1777890140.9763324,0.0,3.0,-76.0
1777890140.9863324,1.0,2.0,-79.0
1777890140.9963324,0.0,-2.0,-76.0
1777890141.0063324,1.0,-1.0,-76.0
1777890141.0163324,2.0,0.0,-71.0
1777890141.0263324,3.0,-3.0,-74.0
1777890141.0363324,0.0,-4.0,-68.0
1777890141.0463324,-1.0,-2.0,-72.0
1777890141.0563323,-2.0,-3.0,-73.0
1777890141.0663323,-2.0,-1.0,-73.0
1777890141.0773325,-2.0,-2.0,-74.0
1777890141.0873325,-7.0,0.0,-85.0
1777890141.0973325,-2.0,0.0,-84.0
1777890141.1073325,2.0,4.0,-79.0
1777890141.1173325,4.0,3.0,-78.0
1777890141.1273324,5.0,4.0,-78.0
1777890141.1373324,4.0,4.0,-75.0
1777890141.1473324,3.0,1.0,-67.0
1777890141.1573324,0.0,0.0,-66.0
1777890141.1673324,-3.0,-1.0,-72.0
1777890141.1773324,-3.0,0.0,-65.0
1777890141.1873324,-6.0,0.0,-69.0
1777890141.1973324,-6.0,1.0,-67.0
1777890141.2073324,-5.0,1.0,-72.0
1777890141.2173324,-6.0,-2.0,-69.0
1777890141.2273324,-2.0,0.0,-71.0
1777890141.2373323,-4.0,0.0,-76.0
1777890141.2473323,-1.0,0.0,-75.0
1777890141.2573323,-2.0,1.0,-75.0
1777890141.2673323,-1.0,-3.0,-76.0
1777890141.2773323,-2.0,-6.0,-72.0
1777890141.2873323,-2.0,-5.0,-67.0
1777890141.2973323,-2.0,-5.0,-72.0
1777890141.3073325,-1.0,-5.0,-75.0
1777890141.3173325,-4.0,-6.0,-77.0
1777890141.3273325,-2.0,-7.0,-81.0
1777890141.3373325,-3.0,-4.0,-87.0
1777890141.3473325,-3.0,-6.0,-95.0
1777890141.3573325,-1.0,-5.0,-88.0
1777890141.3673325,1.0,-8.0,-80.0
1777890141.3773324,2.0,-6.0,-77.0
1777890141.3873324,5.0,-9.0,-75.0
1777890141.3973324,6.0,-7.0,-71.0
1777890141.4073324,3.0,-5.0,-75.0
1777890141.4173324,3.0,1.0,-68.0
1777890141.4273324,5.0,2.0,-68.0
1777890141.4373324,1.0,0.0,-68.0
1777890141.4473324,-3.0,2.0,-71.0
1777890141.4573324,-2.0,0.0,-73.0
1777890141.4673324,-10.0,0.0,-74.0
1777890141.4773324,-8.0,0.0,-72.0
1777890141.4873323,-6.0,1.0,-73.0
1777890141.4973323,-9.0,4.0,-75.0
1777890141.5073323,-10.0,0.0,-73.0
1777890141.5173323,-8.0,0.0,-71.0
1777890141.5273323,-1.0,0.0,-70.0
1777890141.5373323,4.0,2.0,-71.0
1777890141.5473323,4.0,6.0,-68.0
1777890141.5573325,6.0,5.0,-63.0
1777890141.5673325,6.0,6.0,-71.0
1777890141.5773325,6.0,5.0,-74.0
1777890141.5873325,4.0,5.0,-70.0
1777890141.5973325,1.0,3.0,-72.0
1777890141.6073325,-1.0,2.0,-75.0
1777890141.6173325,0.0,0.0,-72.0
1777890141.6273324,-1.0,1.0,-73.0
1777890141.6373324,0.0,0.0,-74.0
1777890141.6473324,4.0,0.0,-72.0
1777890141.6573324,4.0,0.0,-73.0
1777890141.6673324,4.0,1.0,-72.0
1777890141.6773324,3.0,-2.0,-72.0
1777890141.6873324,1.0,-5.0,-68.0
1777890141.6973324,0.0,-7.0,-68.0
1777890141.7073324,-3.0,-4.0,-75.0
1777890141.7173324,-6.0,-2.0,-79.0
1777890141.7273324,-6.0,0.0,-76.0
1777890141.7373323,-3.0,0.0,-76.0
1777890141.7473323,-2.0,1.0,-75.0
1777890141.7573323,-3.0,4.0,-76.0
1777890141.7673323,-3.0,4.0,-78.0
1777890141.7773323,-3.0,7.0,-74.0
1777890141.7873323,-1.0,7.0,-79.0
1777890141.7973323,-8.0,9.0,-82.0
1777890141.8073325,-10.0,6.0,-79.0
1777890141.8173325,-5.0,7.0,-77.0
1777890141.8273325,-4.0,6.0,-73.0
1777890141.8373325,-3.0,3.0,-81.0
1777890141.8473325,0.0,2.0,-78.0
1777890141.8573325,-1.0,3.0,-72.0
1777890141.8673325,0.0,0.0,-73.0
1777890141.8773324,2.0,0.0,-74.0
1777890141.8873324,3.0,-2.0,-79.0
1777890141.8973324,-2.0,-4.0,-80.0
1777890141.9073324,-2.0,-3.0,-78.0
1777890141.9173324,4.0,-1.0,-80.0
1777890141.9273324,-1.0,0.0,-80.0
1777890141.9373324,-1.0,-5.0,-79.0
1777890141.9473324,-2.0,-2.0,-77.0
1777890141.9573324,0.0,-7.0,-76.0
1777890141.9673324,0.0,-4.0,-71.0
1777890141.9773324,-9.0,-2.0,-70.0
1777890141.9873323,-11.0,-4.0,-70.0
1777890141.9973323,-10.0,1.0,-74.0
1777890142.0073323,-13.0,4.0,-70.0
1777890142.0173323,-8.0,-1.0,-69.0
1777890142.0273323,-1.0,-1.0,-66.0
1777890142.0373323,-1.0,1.0,-71.0
1777890142.0473323,1.0,1.0,-72.0
1777890142.0573325,6.0,2.0,-70.0
1777890142.0673325,6.0,1.0,-70.0
1777890142.0773325,5.0,1.0,-68.0
1777890142.0873325,6.0,3.0,-67.0
1777890142.0973325,4.0,4.0,-75.0
1777890142.1073325,3.0,6.0,-85.0
1777890142.1173325,2.0,5.0,-87.0
1777890142.1273324,-1.0,1.0,-84.0
1777890142.1373324,-6.0,-3.0,-95.0
1777890142.1473324,-9.0,0.0,-91.0
1777890142.1573324,-10.0,2.0,-86.0
1777890142.1673324,-9.0,1.0,-75.0
1777890142.1773324,-6.0,-2.0,-73.0
1777890142.1873324,-5.0,-1.0,-70.0
1777890142.1973324,-5.0,0.0,-66.0
1777890142.2073324,-5.0,-1.0,-70.0
1777890142.2173324,-5.0,1.0,-72.0
1777890142.2273324,-6.0,1.0,-71.0
1777890142.2373323,-7.0,2.0,-68.0
1777890142.2473323,-8.0,0.0,-72.0
1777890142.2573323,-3.0,0.0,-79.0
1777890142.2673323,0.0,0.0,-74.0
1777890142.2773323,-2.0,-2.0,-77.0
1777890142.2873323,2.0,-1.0,-81.0
1777890142.2973323,1.0,-2.0,-74.0
1777890142.3073325,7.0,2.0,-71.0
1777890142.3173325,8.0,2.0,-67.0
1777890142.3273325,8.0,1.0,-63.0
1777890142.3373325,10.0,1.0,-53.0
1777890142.3473325,6.0,1.0,-52.0
1777890142.3573325,8.0,2.0,-62.0
1777890142.3673325,4.0,5.0,-70.0
1777890142.3773324,1.0,2.0,-69.0
1777890142.3873324,5.0,1.0,-71.0
1777890142.3973324,5.0,6.0,-73.0
1777890142.4073324,5.0,4.0,-72.0
1777890142.4173324,2.0,2.0,-68.0
1777890142.4273324,4.0,5.0,-65.0
1777890142.4373324,7.0,3.0,-70.0
1777890142.4473324,8.0,1.0,-79.0
1777890142.4573324,7.0,0.0,-74.0
1777890142.4673324,1.0,-3.0,-73.0
1777890142.4773324,0.0,-1.0,-66.0
1777890142.4873323,0.0,-2.0,-60.0
1777890142.4973323,0.0,-2.0,-60.0
1777890142.5073323,0.0,-2.0,-62.0
1777890142.5173323,0.0,0.0,-65.0
1777890142.5273323,0.0,-2.0,-71.0
1777890142.5373323,-2.0,-3.0,-75.0
1777890142.5473323,2.0,0.0,-80.0
1777890142.5573325,0.0,-7.0,-83.0
1777890142.5673325,2.0,-8.0,-77.0
1777890142.5773325,1.0,-4.0,-78.0
1777890142.5873325,0.0,-5.0,-73.0
1777890142.5973325,2.0,-2.0,-78.0
1777890142.6073325,2.0,-1.0,-79.0
1777890142.6173325,2.0,-2.0,-81.0
1777890142.6273324,2.0,-5.0,-77.0
1777890142.6373324,1.0,0.0,-74.0
1777890142.6473324,-2.0,-1.0,-78.0
1777890142.6573324,-1.0,-1.0,-80.0
1777890142.6673324,-3.0,-4.0,-74.0
1777890142.6773324,1.0,-5.0,-73.0
1777890142.6873324,3.0,-2.0,-76.0
1777890142.6973324,2.0,-5.0,-67.0
1777890142.7073324,0.0,-2.0,-68.0
1777890142.7173324,-3.0,1.0,-66.0
1777890142.7273324,0.0,2.0,-68.0
1777890142.7373323,0.0,2.0,-65.0
1777890142.7473323,-3.0,3.0,-60.0
1777890142.7573323,-3.0,0.0,-67.0
1777890142.7673323,-2.0,-2.0,-68.0
1777890142.7773323,-1.0,-4.0,-67.0
1777890142.7873323,0.0,-4.0,-66.0
1777890142.7973323,0.0,-6.0,-72.0
1777890142.8073325,-1.0,-3.0,-73.0
1777890142.8173325,0.0,-2.0,-78.0
1777890142.8273325,1.0,-1.0,-80.0
1777890142.8373325,1.0,-2.0,-82.0
1777890142.8473325,1.0,-4.0,-78.0
1777890142.8573325,-1.0,-6.0,-73.0
1777890142.8673325,0.0,-6.0,-68.0
1777890142.8773324,0.0,-3.0,-67.0
1777890142.8873324,-1.0,0.0,-70.0
1777890142.8973324,-2.0,3.0,-71.0
1777890142.9073324,0.0,1.0,-74.0
1777890142.9173324,-2.0,3.0,-75.0
1777890142.9273324,-2.0,2.0,-73.0
1777890142.9373324,-3.0,6.0,-68.0
1777890142.9473324,0.0,8.0,-62.0
1777890142.9573324,4.0,3.0,-60.0
1777890142.9673324,6.0,3.0,-70.0
1777890142.9773324,6.0,4.0,-75.0
1777890142.9873323,3.0,7.0,-76.0
1777890142.9973323,1.0,7.0,-85.0
1777890143.0073323,2.0,5.0,-88.0
1777890143.0173323,3.0,7.0,-88.0
1777890143.0273323,1.0,9.0,-88.0
1777890143.0373323,-2.0,8.0,-88.0
1777890143.0483325,-1.0,7.0,-83.0
1777890143.0583324,-3.0,4.0,-79.0
1777890143.0673325,-4.0,3.0,-83.0
1777890143.0783324,-8.0,6.0,-85.0
1777890143.0883324,-8.0,5.0,-87.0
1777890143.0983324,-7.0,3.0,-87.0
1777890143.1083324,-3.0,2.0,-84.0
1777890143.1183324,0.0,3.0,-86.0
1777890143.1283324,0.0,3.0,-82.0
1777890143.1383324,1.0,8.0,-78.0
1777890143.1483324,-2.0,11.0,-78.0
1777890143.1583323,-3.0,11.0,-79.0
1777890143.1683323,0.0,5.0,-84.0
1777890143.1783323,3.0,2.0,-84.0
1777890143.1883323,2.0,0.0,-85.0
1777890143.1983323,2.0,0.0,-83.0
1777890143.2083323,4.0,-2.0,-80.0
1777890143.2183323,6.0,0.0,-83.0
1777890143.2283323,5.0,0.0,-83.0
1777890143.2383325,6.0,1.0,-84.0
1777890143.2483325,8.0,0.0,-84.0
1777890143.2583325,10.0,-3.0,-84.0
1777890143.2683325,8.0,-6.0,-85.0
1777890143.2783325,3.0,-7.0,-81.0
1777890143.2883325,-2.0,-6.0,-79.0
1777890143.2983325,-5.0,-5.0,-76.0
1777890143.3083324,-6.0,-6.0,-77.0
1777890143.3183324,-6.0,-4.0,-80.0
1777890143.3283324,-5.0,-7.0,-77.0
1777890143.3383324,-3.0,-7.0,-81.0
1777890143.3483324,-2.0,-5.0,-78.0
1777890143.3583324,1.0,-6.0,-74.0
1777890143.3683324,0.0,-1.0,-65.0
1777890143.3783324,0.0,-6.0,-67.0
1777890143.3883324,0.0,-4.0,-73.0
1777890143.3983324,-1.0,-3.0,-76.0
1777890143.4083323,-4.0,-2.0,-79.0
1777890143.4183323,-5.0,-1.0,-81.0
1777890143.4283323,-3.0,0.0,-80.0
1777890143.4383323,-2.0,0.0,-81.0
1777890143.4483323,-7.0,1.0,-82.0
1777890143.4583323,-7.0,3.0,-80.0
1777890143.4683323,-4.0,5.0,-85.0
1777890143.4783323,0.0,8.0,-82.0
1777890143.4883325,-1.0,8.0,-79.0
1777890143.4983325,0.0,0.0,-83.0
1777890143.5083325,-1.0,0.0,-79.0
1777890143.5183325,-1.0,4.0,-75.0
1777890143.5283325,-2.0,6.0,-74.0
1777890143.5383325,-7.0,5.0,-72.0
1777890143.5483325,0.0,5.0,-71.0
1777890143.5583324,-1.0,4.0,-74.0
1777890143.5683324,-1.0,5.0,-74.0
1777890143.5783324,0.0,4.0,-70.0
1777890143.5883324,0.0,4.0,-66.0
1777890143.5983324,5.0,3.0,-68.0
1777890143.6083324,2.0,0.0,-71.0
1777890143.6183324,1.0,-1.0,-71.0
1777890143.6283324,0.0,3.0,-71.0
1777890143.6383324,1.0,2.0,-69.0
1777890143.6483324,0.0,4.0,-64.0
1777890143.6583323,-3.0,5.0,-66.0
1777890143.6683323,-1.0,0.0,-71.0
1777890143.6783323,-5.0,2.0,-71.0
1777890143.6883323,-7.0,-1.0,-73.0
1777890143.6983323,-3.0,1.0,-77.0
1777890143.7083323,0.0,1.0,-78.0
1777890143.7183323,0.0,3.0,-77.0
1777890143.7283323,4.0,1.0,-84.0
1777890143.7383325,3.0,3.0,-80.0
1777890143.7483325,4.0,3.0,-82.0
1777890143.7583325,5.0,2.0,-78.0
1777890143.7683325,5.0,2.0,-78.0
1777890143.7783325,2.0,-1.0,-75.0
1777890143.7883325,7.0,0.0,-79.0
1777890143.7983325,5.0,4.0,-76.0
1777890143.8083324,10.0,6.0,-78.0
1777890143.8183324,6.0,7.0,-75.0
1777890143.8283324,7.0,4.0,-78.0
1777890143.8383324,1.0,3.0,-82.0
1777890143.8483324,7.0,4.0,-76.0
1777890143.8583324,1.0,3.0,-69.0
1777890143.8683324,-2.0,5.0,-72.0
1777890143.8783324,-2.0,0.0,-78.0
1777890143.8883324,2.0,0.0,-80.0
1777890143.8983324,4.0,3.0,-77.0
1777890143.9083323,1.0,3.0,-72.0
1777890143.9183323,-1.0,0.0,-72.0
1777890143.9283323,-2.0,0.0,-74.0
1777890143.9383323,-3.0,0.0,-71.0
1777890143.9483323,-2.0,0.0,-79.0
1777890143.9583323,-1.0,2.0,-74.0
1777890143.9683323,0.0,8.0,-73.0
1777890143.9783323,0.0,9.0,-72.0
1777890143.9883325,1.0,7.0,-74.0
1777890143.9983325,0.0,0.0,-79.0
1777890144.0083325,0.0,-2.0,-87.0
1777890144.0183325,0.0,0.0,-87.0
1777890144.0283325,-6.0,2.0,-84.0
1777890144.0383325,-3.0,-1.0,-86.0
1777890144.0483325,-2.0,-3.0,-79.0
1777890144.0583324,0.0,-1.0,-88.0
1777890144.0683324,0.0,-2.0,-89.0
1777890144.0783324,0.0,0.0,-86.0
1777890144.0883324,0.0,2.0,-82.0
1777890144.0983324,-1.0,0.0,-82.0
1777890144.1083324,-5.0,-3.0,-84.0
1777890144.1183324,-6.0,-5.0,-83.0
1777890144.1283324,-9.0,-4.0,-73.0
1777890144.1383324,-9.0,-3.0,-78.0
1777890144.1483324,-8.0,-2.0,-79.0
1777890144.1583323,-6.0,0.0,-74.0
1777890144.1683323,-3.0,1.0,-73.0
1777890144.1783323,-1.0,2.0,-73.0
1777890144.1883323,1.0,0.0,-79.0
1777890144.1983323,0.0,-5.0,-78.0
1777890144.2083323,-3.0,-4.0,-73.0
1777890144.2183323,-4.0,-5.0,-80.0
1777890144.2283323,0.0,-3.0,-85.0
1777890144.2383325,6.0,0.0,-79.0
1777890144.2483325,7.0,-3.0,-83.0
1777890144.2583325,6.0,1.0,-87.0
1777890144.2683325,8.0,3.0,-83.0
1777890144.2783325,7.0,3.0,-77.0
1777890144.2883325,7.0,5.0,-69.0
1777890144.2983325,3.0,1.0,-71.0
1777890144.3083324,1.0,2.0,-74.0
1777890144.3183324,2.0,-1.0,-78.0
1777890144.3283324,3.0,-3.0,-77.0
1777890144.3383324,5.0,-2.0,-79.0
1777890144.3483324,3.0,0.0,-76.0
1777890144.3583324,2.0,0.0,-84.0
1777890144.3683324,3.0,1.0,-85.0
1777890144.3783324,8.0,5.0,-79.0
1777890144.3883324,6.0,11.0,-79.0
1777890144.3983324,0.0,7.0,-75.0
1777890144.4083323,-2.0,3.0,-74.0
1777890144.4183323,-1.0,6.0,-67.0
1777890144.4283323,-3.0,4.0,-67.0
1777890144.4383323,0.0,4.0,-74.0
1777890144.4483323,0.0,0.0,-75.0
1777890144.4583323,0.0,-3.0,-75.0
1777890144.4683323,-1.0,-7.0,-75.0
1777890144.4783323,-2.0,-5.0,-70.0
1777890144.4883325,2.0,0.0,-71.0
1777890144.4983325,3.0,-2.0,-71.0
1777890144.5083325,3.0,-3.0,-71.0
1777890144.5183325,0.0,-4.0,-73.0
1777890144.5283325,-4.0,-7.0,-77.0
1777890144.5383325,-7.0,-5.0,-84.0
1777890144.5483325,-5.0,-1.0,-85.0
1777890144.5583324,-4.0,0.0,-77.0
1777890144.5683324,-3.0,0.0,-77.0
1777890144.5783324,0.0,0.0,-74.0
1777890144.5883324,7.0,-1.0,-75.0
1777890144.5983324,8.0,-2.0,-79.0
1777890144.6083324,5.0,-4.0,-71.0
1777890144.6183324,5.0,-6.0,-75.0
1777890144.6283324,2.0,-6.0,-75.0
1777890144.6383324,-1.0,-7.0,-75.0
1777890144.6483324,0.0,-5.0,-80.0
1777890144.6583323,0.0,-4.0,-81.0
1777890144.6683323,0.0,0.0,-82.0
1777890144.6783323,-2.0,2.0,-81.0
1777890144.6883323,-6.0,2.0,-76.0
1777890144.6983323,-3.0,-1.0,-75.0
1777890144.7083323,-4.0,-3.0,-68.0
1777890144.7183323,-2.0,-9.0,-70.0
1777890144.7283323,-3.0,-7.0,-74.0
1777890144.7383325,-3.0,0.0,-74.0
1777890144.7483325,-1.0,0.0,-78.0
1777890144.7583325,-5.0,0.0,-73.0
1777890144.7683325,-9.0,2.0,-68.0
1777890144.7783325,-7.0,1.0,-67.0
1777890144.7883325,-4.0,0.0,-66.0
1777890144.7983325,0.0,-4.0,-62.0
1777890144.8083324,2.0,1.0,-64.0
1777890144.8183324,2.0,-2.0,-68.0
1777890144.8283324,5.0,-1.0,-74.0
1777890144.8383324,6.0,-2.0,-81.0
1777890144.8483324,5.0,-5.0,-78.0
1777890144.8583324,2.0,-2.0,-77.0
1777890144.8683324,3.0,1.0,-79.0
1777890144.8783324,-2.0,-1.0,-84.0
1777890144.8883324,-2.0,4.0,-81.0
1777890144.8983324,0.0,3.0,-76.0
1777890144.9083323,0.0,4.0,-68.0
1777890144.9183323,1.0,5.0,-74.0
1777890144.9283323,2.0,6.0,-74.0
1777890144.9383323,3.0,-1.0,-69.0
1777890144.9483323,0.0,-3.0,-73.0
1777890144.9583323,-5.0,-3.0,-79.0
1777890144.9683323,0.0,-1.0,-82.0
1777890144.9783323,0.0,2.0,-81.0
1777890144.9883325,-1.0,6.0,-86.0
1777890144.9983325,-4.0,9.0,-89.0
1777890145.0093324,-1.0,3.0,-88.0
1777890145.0193324,-2.0,-1.0,-85.0
1777890145.0293324,0.0,-3.0,-85.0
1777890145.0383325,2.0,-1.0,-79.0
1777890145.0493324,4.0,2.0,-74.0
1777890145.0593324,1.0,1.0,-83.0
1777890145.0693324,-2.0,0.0,-87.0
1777890145.0793324,0.0,0.0,-90.0
1777890145.0893323,0.0,-2.0,-85.0
1777890145.0993323,4.0,-3.0,-86.0
1777890145.1093323,2.0,-2.0,-85.0
1777890145.1193323,2.0,0.0,-84.0
1777890145.1293323,1.0,0.0,-81.0
1777890145.1393323,0.0,2.0,-73.0
1777890145.1493323,0.0,2.0,-71.0
1777890145.1593325,0.0,2.0,-70.0
1777890145.1693325,-2.0,0.0,-68.0
1777890145.1793325,0.0,-3.0,-69.0
1777890145.1893325,0.0,-9.0,-73.0
1777890145.1993325,4.0,-8.0,-74.0
1777890145.2093325,3.0,-6.0,-68.0
1777890145.2193325,-4.0,-5.0,-63.0
1777890145.2293324,-3.0,-2.0,-65.0
1777890145.2393324,-1.0,-3.0,-72.0
1777890145.2493324,2.0,-1.0,-73.0
1777890145.2593324,1.0,4.0,-68.0
1777890145.2693324,0.0,4.0,-71.0
1777890145.2793324,0.0,5.0,-67.0
1777890145.2893324,-2.0,7.0,-68.0
1777890145.2993324,0.0,4.0,-71.0
1777890145.3093324,3.0,0.0,-76.0
1777890145.3193324,3.0,-3.0,-78.0
1777890145.3293324,5.0,0.0,-72.0
1777890145.3393323,6.0,0.0,-64.0
1777890145.3493323,2.0,0.0,-70.0
1777890145.3593323,1.0,3.0,-73.0
1777890145.3693323,4.0,0.0,-74.0
1777890145.3793323,1.0,-3.0,-72.0
1777890145.3893323,-1.0,-5.0,-64.0
1777890145.3993323,1.0,0.0,-64.0
1777890145.4093325,4.0,3.0,-69.0
1777890145.4193325,1.0,-4.0,-74.0
1777890145.4293325,0.0,-3.0,-74.0
1777890145.4393325,-7.0,0.0,-82.0
1777890145.4493325,-7.0,-2.0,-84.0
1777890145.4593325,-5.0,-2.0,-90.0
1777890145.4693325,-1.0,-1.0,-82.0
1777890145.4793324,2.0,0.0,-82.0
1777890145.4893324,1.0,-2.0,-80.0
1777890145.4993324,-1.0,1.0,-79.0
1777890145.5093324,-1.0,0.0,-78.0
1777890145.5193324,2.0,2.0,-74.0
1777890145.5293324,0.0,4.0,-77.0
1777890145.5393324,2.0,1.0,-75.0
1777890145.5493324,0.0,0.0,-79.0
1777890145.5593324,1.0,-2.0,-80.0
1777890145.5693324,4.0,-5.0,-79.0
1777890145.5793324,0.0,-7.0,-81.0
1777890145.5893323,6.0,-6.0,-82.0
1777890145.5993323,5.0,-7.0,-82.0
1777890145.6093323,-1.0,-3.0,-76.0
1777890145.6193323,0.0,-3.0,-75.0
1777890145.6293323,-1.0,-4.0,-70.0
1777890145.6393323,1.0,-4.0,-58.0
1777890145.6493323,2.0,-1.0,-60.0
1777890145.6593325,1.0,0.0,-66.0
1777890145.6693325,2.0,-1.0,-73.0
1777890145.6793325,3.0,0.0,-72.0
1777890145.6893325,5.0,0.0,-66.0
1777890145.6993325,4.0,0.0,-68.0
1777890145.7093325,2.0,2.0,-71.0
1777890145.7193325,-3.0,2.0,-67.0
1777890145.7293324,0.0,-2.0,-67.0
1777890145.7393324,0.0,-4.0,-66.0
1777890145.7493324,-4.0,-1.0,-69.0
1777890145.7593324,-6.0,-1.0,-76.0
1777890145.7693324,-1.0,0.0,-81.0
1777890145.7793324,-2.0,2.0,-77.0
1777890145.7893324,0.0,4.0,-78.0
1777890145.7993324,0.0,4.0,-77.0
1777890145.8093324,0.0,2.0,-72.0
1777890145.8203323,0.0,3.0,-67.0
1777890145.8293324,3.0,4.0,-67.0
1777890145.8393323,7.0,0.0,-73.0
1777890145.8493323,6.0,-3.0,-71.0
1777890145.8593323,4.0,-1.0,-72.0
1777890145.8693323,6.0,0.0,-72.0
1777890145.8793323,5.0,0.0,-73.0
1777890145.8893323,-2.0,-3.0,-75.0
1777890145.8993323,-5.0,-3.0,-79.0
1777890145.9093325,-2.0,-1.0,-82.0
1777890145.9193325,-1.0,1.0,-78.0
1777890145.9293325,3.0,5.0,-69.0
1777890145.9393325,3.0,7.0,-69.0
1777890145.9493325,0.0,7.0,-73.0
1777890145.9593325,0.0,7.0,-71.0
1777890145.9693325,-1.0,8.0,-78.0
1777890145.9793324,0.0,3.0,-77.0
1777890145.9893324,0.0,1.0,-77.0
1777890145.9993324,2.0,0.0,-78.0
1777890146.0093324,1.0,1.0,-76.0
1777890146.0193324,5.0,6.0,-72.0
1777890146.0293324,8.0,8.0,-73.0
1777890146.0393324,7.0,8.0,-74.0
1777890146.0493324,3.0,6.0,-80.0
1777890146.0593324,6.0,3.0,-81.0
1777890146.0693324,4.0,6.0,-79.0
1777890146.0793324,5.0,7.0,-73.0
1777890146.0893323,7.0,10.0,-76.0
1777890146.0993323,8.0,7.0,-83.0
1777890146.1093323,7.0,8.0,-84.0
1777890146.1193323,1.0,6.0,-88.0
1777890146.1293323,4.0,1.0,-80.0
1777890146.1393323,2.0,7.0,-81.0
1777890146.1493323,0.0,6.0,-81.0
1777890146.1593325,1.0,6.0,-75.0
1777890146.1693325,0.0,4.0,-76.0
1777890146.1793325,-3.0,0.0,-79.0
1777890146.1893325,-6.0,4.0,-86.0
1777890146.1993325,-8.0,4.0,-85.0
1777890146.2093325,-6.0,2.0,-78.0
1777890146.2193325,-2.0,2.0,-77.0
1777890146.2293324,-3.0,2.0,-77.0
1777890146.2393324,-1.0,-1.0,-78.0
1777890146.2493324,-1.0,0.0,-74.0
1777890146.2593324,0.0,0.0,-72.0
1777890146.2693324,4.0,-2.0,-69.0
1777890146.2793324,4.0,0.0,-77.0
1777890146.2893324,2.0,0.0,-72.0
1777890146.2993324,2.0,-2.0,-71.0
1777890146.3093324,-1.0,-6.0,-74.0
1777890146.3193324,2.0,-4.0,-72.0
1777890146.3293324,-1.0,-6.0,-76.0
1777890146.3393323,1.0,-9.0,-77.0
1777890146.3493323,3.0,-6.0,-76.0
1777890146.3593323,5.0,-2.0,-79.0
1777890146.3693323,5.0,-3.0,-75.0
1777890146.3793323,5.0,-1.0,-69.0
1777890146.3893323,4.0,-3.0,-68.0
1777890146.3993323,0.0,-5.0,-66.0
1777890146.4093325,0.0,-6.0,-68.0
1777890146.4193325,4.0,0.0,-70.0
1777890146.4293325,7.0,0.0,-74.0
1777890146.4393325,4.0,0.0,-86.0
1777890146.4493325,-3.0,0.0,-80.0
1777890146.4593325,-1.0,-3.0,-78.0
1777890146.4693325,-1.0,-8.0,-78.0
1777890146.4793324,-1.0,-8.0,-81.0
1777890146.4893324,-2.0,-3.0,-80.0
1777890146.4993324,-3.0,-6.0,-78.0
1777890146.5093324,-3.0,-5.0,-72.0
1777890146.5193324,-7.0,-6.0,-76.0
1777890146.5293324,-10.0,-3.0,-75.0
1777890146.5393324,-3.0,-1.0,-73.0
1777890146.5493324,0.0,-1.0,-65.0
1777890146.5593324,-3.0,-1.0,-72.0
1777890146.5693324,-8.0,-1.0,-80.0
1777890146.5793324,-5.0,-4.0,-74.0
1777890146.5893323,-4.0,-8.0,-78.0
1777890146.5993323,-2.0,-10.0,-72.0
1777890146.6093323,-1.0,-8.0,-69.0
1777890146.6193323,0.0,-5.0,-69.0
1777890146.6293323,-2.0,-3.0,-73.0
1777890146.6393323,1.0,0.0,-76.0
1777890146.6493323,1.0,0.0,-76.0
1777890146.6593325,0.0,1.0,-74.0
1777890146.6693325,3.0,2.0,-82.0
1777890146.6793325,3.0,1.0,-88.0
1777890146.6893325,4.0,0.0,-74.0
1777890146.6993325,3.0,0.0,-64.0
1777890146.7093325,1.0,1.0,-61.0
1777890146.7193325,2.0,0.0,-58.0
1777890146.7293324,6.0,0.0,-59.0
1777890146.7393324,9.0,0.0,-62.0
1777890146.7493324,6.0,2.0,-57.0
1777890146.7593324,2.0,2.0,-62.0
1777890146.7693324,1.0,0.0,-65.0
1777890146.7793324,4.0,1.0,-71.0
1777890146.7893324,2.0,1.0,-69.0
1777890146.7993324,1.0,6.0,-74.0
1777890146.8093324,-1.0,7.0,-79.0
1777890146.8193324,-3.0,1.0,-78.0
1777890146.8293324,-8.0,0.0,-76.0
1777890146.8393323,-11.0,-4.0,-77.0
1777890146.8493323,-9.0,-3.0,-70.0
1777890146.8593323,-10.0,-3.0,-74.0
1777890146.8693323,-6.0,-5.0,-73.0
1777890146.8793323,-5.0,-3.0,-71.0
1777890146.8893323,-3.0,-5.0,-74.0
1777890146.8993323,-1.0,-3.0,-73.0
1777890146.9093325,-6.0,-3.0,-73.0
1777890146.9193325,-7.0,-3.0,-75.0
1777890146.9293325,-6.0,-3.0,-72.0
1777890146.9393325,-7.0,-6.0,-72.0
1777890146.9493325,-5.0,-4.0,-68.0
1777890146.9593325,0.0,-2.0,-78.0
1777890146.9693325,2.0,0.0,-80.0
1777890146.9793324,4.0,4.0,-78.0
1777890146.9893324,2.0,6.0,-78.0
1777890146.9993324,0.0,9.0,-79.0
1777890147.0093324,0.0,4.0,-78.0
1777890147.0193324,-1.0,3.0,-77.0
1777890147.0293324,-3.0,2.0,-72.0
1777890147.0403323,-7.0,0.0,-71.0
1777890147.0503323,-6.0,2.0,-71.0
1777890147.0603323,-3.0,4.0,-72.0
1777890147.0703323,-2.0,5.0,-74.0
1777890147.0803325,-1.0,7.0,-74.0
1777890147.0903325,-4.0,0.0,-78.0
1777890147.1003325,-2.0,-2.0,-80.0
1777890147.1103325,3.0,-4.0,-87.0
1777890147.1203325,4.0,-4.0,-86.0
1777890147.1303325,3.0,-6.0,-83.0
1777890147.1403325,0.0,-5.0,-83.0
1777890147.1503325,2.0,-4.0,-86.0
1777890147.1603324,5.0,-2.0,-91.0
1777890147.1703324,9.0,-5.0,-88.0
1777890147.1803324,9.0,-6.0,-84.0
1777890147.1903324,5.0,-2.0,-88.0
1777890147.2003324,5.0,0.0,-77.0
1777890147.2103324,3.0,3.0,-76.0
1777890147.2203324,0.0,-1.0,-74.0
1777890147.2303324,-1.0,0.0,-70.0
1777890147.2403324,0.0,2.0,-71.0
1777890147.2503324,-2.0,0.0,-69.0
1777890147.2603323,0.0,-1.0,-81.0
1777890147.2703323,2.0,-3.0,-87.0
1777890147.2803323,2.0,-1.0,-87.0
1777890147.2903323,4.0,-4.0,-92.0
1777890147.3003323,3.0,-8.0,-87.0
1777890147.3103323,2.0,-9.0,-78.0
1777890147.3203323,3.0,-5.0,-73.0
1777890147.3303325,2.0,-3.0,-71.0
1777890147.3403325,4.0,0.0,-72.0
1777890147.3503325,4.0,1.0,-71.0
1777890147.3603325,6.0,0.0,-60.0
1777890147.3703325,3.0,3.0,-59.0
1777890147.3803325,7.0,0.0,-64.0
1777890147.3903325,6.0,0.0,-62.0
1777890147.4003325,4.0,0.0,-65.0
1777890147.4103324,3.0,2.0,-68.0
1777890147.4203324,2.0,2.0,-68.0
1777890147.4303324,1.0,-4.0,-75.0
1777890147.4403324,0.0,-3.0,-79.0
1777890147.4503324,-3.0,-4.0,-83.0
1777890147.4603324,-3.0,-1.0,-78.0
1777890147.4703324,-3.0,0.0,-76.0
1777890147.4803324,-6.0,2.0,-79.0
1777890147.4903324,-4.0,1.0,-79.0
1777890147.5003324,-5.0,0.0,-76.0
1777890147.5093324,-7.0,-2.0,-69.0
1777890147.5203323,-10.0,0.0,-61.0
1777890147.5303323,-5.0,-3.0,-61.0
1777890147.5403323,0.0,-2.0,-62.0
1777890147.5503323,1.0,0.0,-64.0
1777890147.5603323,0.0,0.0,-62.0
1777890147.5703323,-1.0,0.0,-67.0
1777890147.5803325,-2.0,0.0,-74.0
1777890147.5903325,0.0,-1.0,-83.0
1777890147.6003325,0.0,-1.0,-80.0
1777890147.6103325,1.0,-4.0,-77.0
1777890147.6203325,3.0,-7.0,-71.0
1777890147.6303325,1.0,-3.0,-75.0
1777890147.6403325,0.0,-3.0,-75.0
1777890147.6503325,-1.0,-3.0,-70.0
1777890147.6603324,2.0,-3.0,-68.0
1777890147.6703324,2.0,-4.0,-73.0
1777890147.6803324,0.0,-4.0,-80.0
1777890147.6903324,3.0,-5.0,-79.0
1777890147.7003324,4.0,-2.0,-83.0
1777890147.7103324,4.0,-1.0,-83.0
1777890147.7203324,-1.0,-1.0,-72.0
1777890147.7303324,-4.0,1.0,-61.0
1777890147.7403324,-1.0,0.0,-62.0
1777890147.7503324,-1.0,-1.0,-68.0
1777890147.7603323,-1.0,0.0,-77.0
1777890147.7703323,-1.0,0.0,-80.0
1777890147.7803323,2.0,4.0,-85.0
1777890147.7903323,0.0,5.0,-84.0
1777890147.8003323,0.0,4.0,-80.0
1777890147.8103323,6.0,0.0,-79.0
1777890147.8203323,5.0,0.0,-75.0
1777890147.8303325,4.0,-1.0,-77.0
1777890147.8403325,5.0,0.0,-82.0
1777890147.8503325,2.0,0.0,-83.0
1777890147.8603325,1.0,-2.0,-76.0
1777890147.8703325,1.0,-1.0,-71.0
1777890147.8803325,-1.0,-4.0,-71.0
1777890147.8903325,2.0,-5.0,-77.0
1777890147.9003325,4.0,-4.0,-75.0
1777890147.9103324,6.0,-9.0,-79.0
1777890147.9203324,6.0,-4.0,-80.0
1777890147.9303324,4.0,-5.0,-78.0
1777890147.9403324,1.0,-5.0,-79.0
1777890147.9503324,-1.0,-2.0,-76.0
1777890147.9603324,1.0,1.0,-71.0
1777890147.9703324,6.0,6.0,-73.0
1777890147.9803324,7.0,7.0,-76.0
1777890147.9903324,9.0,1.0,-70.0
1777890148.0003324,8.0,0.0,-74.0
1777890148.0103323,8.0,-2.0,-73.0
1777890148.0203323,6.0,-3.0,-71.0
1777890148.0303323,6.0,-4.0,-74.0
1777890148.0403323,6.0,-4.0,-67.0
1777890148.0503323,7.0,1.0,-66.0
1777890148.0603323,8.0,3.0,-67.0
1777890148.0703323,5.0,3.0,-72.0
1777890148.0803325,3.0,2.0,-69.0
1777890148.0903325,0.0,-1.0,-71.0
1777890148.1003325,0.0,3.0,-71.0
1777890148.1103325,-1.0,5.0,-67.0
1777890148.1203325,2.0,2.0,-80.0
1777890148.1303325,0.0,0.0,-77.0
1777890148.1403325,0.0,2.0,-84.0
1777890148.1503325,6.0,2.0,-82.0
1777890148.1603324,9.0,2.0,-86.0
1777890148.1703324,6.0,4.0,-90.0
1777890148.1803324,6.0,0.0,-91.0
1777890148.1903324,6.0,0.0,-84.0
1777890148.2003324,3.0,-1.0,-80.0
1777890148.2103324,2.0,-3.0,-81.0
1777890148.2203324,3.0,1.0,-88.0
1777890148.2303324,4.0,0.0,-89.0
1777890148.2403324,7.0,0.0,-90.0
1777890148.2503324,9.0,1.0,-87.0
1777890148.2603323,10.0,-2.0,-80.0
1777890148.2703323,10.0,-6.0,-76.0
1777890148.2803323,10.0,-5.0,-74.0
1777890148.2903323,12.0,-2.0,-75.0
1777890148.3003323,8.0,-3.0,-75.0
1777890148.3103323,8.0,-6.0,-68.0
1777890148.3203323,10.0,-8.0,-65.0
1777890148.3303325,7.0,-6.0,-69.0
1777890148.3403325,6.0,-6.0,-70.0
1777890148.3503325,3.0,-5.0,-69.0
1777890148.3603325,0.0,-7.0,-73.0
1777890148.3703325,0.0,-9.0,-74.0
1777890148.3803325,1.0,-6.0,-73.0
1777890148.3903325,-2.0,-4.0,-67.0
1777890148.4003325,-7.0,0.0,-72.0
1777890148.4103324,-10.0,1.0,-66.0
1777890148.4203324,-6.0,0.0,-63.0
1777890148.4303324,-5.0,-6.0,-69.0
1777890148.4403324,-5.0,-5.0,-72.0
1777890148.4503324,-5.0,-7.0,-71.0
1777890148.4603324,0.0,-5.0,-69.0
1777890148.4703324,3.0,-2.0,-75.0
1777890148.4803324,2.0,-5.0,-78.0
1777890148.4903324,5.0,-6.0,-73.0
1777890148.5003324,4.0,-8.0,-69.0
1777890148.5103323,1.0,-11.0,-66.0
1777890148.5203323,2.0,-4.0,-69.0
1777890148.5303323,1.0,-3.0,-68.0
1777890148.5403323,1.0,-3.0,-67.0
1777890148.5503323,0.0,-2.0,-72.0
1777890148.5603323,2.0,-3.0,-71.0
1777890148.5703323,2.0,-2.0,-69.0
1777890148.5803325,4.0,-2.0,-63.0
1777890148.5903325,3.0,-6.0,-66.0
1777890148.6003325,5.0,-9.0,-64.0
1777890148.6103325,4.0,-8.0,-67.0
1777890148.6203325,2.0,-10.0,-62.0
1777890148.6303325,1.0,-9.0,-71.0
1777890148.6403325,1.0,-8.0,-72.0
1777890148.6503325,-4.0,-9.0,-74.0
1777890148.6603324,-3.0,-8.0,-72.0
1777890148.6703324,-3.0,-1.0,-71.0
1777890148.6803324,-2.0,3.0,-68.0
1777890148.6903324,-1.0,1.0,-69.0
1777890148.7003324,-1.0,0.0,-73.0
1777890148.7103324,0.0,3.0,-79.0
1777890148.7203324,-3.0,0.0,-71.0
1777890148.7303324,0.0,-4.0,-69.0
1777890148.7403324,2.0,-3.0,-68.0
1777890148.7503324,-4.0,-3.0,-75.0
1777890148.7603323,2.0,2.0,-77.0
1777890148.7703323,1.0,1.0,-77.0
1777890148.7803323,-2.0,-1.0,-71.0
1777890148.7903323,-4.0,-1.0,-70.0
1777890148.8003323,-8.0,-1.0,-69.0
1777890148.8103323,-8.0,-1.0,-69.0
1777890148.8203323,-6.0,-2.0,-74.0
1777890148.8303325,-1.0,-3.0,-74.0
1777890148.8403325,1.0,-1.0,-71.0
1777890148.8503325,1.0,3.0,-77.0
1777890148.8603325,1.0,-1.0,-75.0
1777890148.8703325,0.0,-3.0,-73.0
1777890148.8803325,2.0,-1.0,-78.0
1777890148.8903325,2.0,-4.0,-75.0
1777890148.9003325,4.0,-9.0,-71.0
1777890148.9103324,3.0,-10.0,-73.0
1777890148.9203324,0.0,-3.0,-71.0
1777890148.9303324,-4.0,-4.0,-78.0
1777890148.9403324,-2.0,-5.0,-74.0
1777890148.9503324,-2.0,-8.0,-80.0
1777890148.9603324,-1.0,-6.0,-80.0
1777890148.9703324,-1.0,-4.0,-77.0
1777890148.9803324,0.0,-3.0,-77.0
1777890148.9903324,-3.0,-3.0,-76.0
1777890149.0003324,-1.0,-4.0,-69.0
1777890149.0103323,0.0,-3.0,-74.0
1777890149.0213325,2.0,-1.0,-82.0
1777890149.0313325,2.0,-5.0,-86.0
1777890149.0413325,2.0,-3.0,-80.0
1777890149.0513325,7.0,-4.0,-80.0
1777890149.0613325,5.0,-3.0,-77.0
1777890149.0713325,0.0,-1.0,-72.0
1777890149.0813324,0.0,0.0,-78.0
1777890149.0913324,3.0,2.0,-77.0
1777890149.1013324,-1.0,1.0,-82.0
1777890149.1113324,-4.0,-4.0,-87.0
1777890149.1213324,-1.0,-2.0,-84.0
1777890149.1313324,-6.0,-5.0,-82.0
1777890149.1413324,-8.0,-6.0,-80.0
1777890149.1513324,-8.0,-8.0,-77.0
1777890149.1613324,-9.0,-4.0,-82.0
1777890149.1713324,-10.0,-1.0,-82.0
1777890149.1813323,-4.0,-1.0,-79.0
1777890149.1913323,-5.0,-3.0,-78.0
1777890149.2013323,-4.0,-3.0,-81.0
1777890149.2113323,-6.0,-1.0,-84.0
1777890149.2213323,-4.0,4.0,-83.0
1777890149.2313323,-6.0,5.0,-81.0
1777890149.2413323,-1.0,4.0,-75.0
1777890149.2513323,-6.0,3.0,-69.0
1777890149.2613325,-5.0,0.0,-70.0
1777890149.2713325,-5.0,1.0,-77.0
1777890149.2813325,-1.0,6.0,-77.0
1777890149.2913325,0.0,3.0,-80.0
1777890149.3013325,0.0,0.0,-78.0
1777890149.3113325,4.0,-2.0,-76.0
1777890149.3213325,7.0,-2.0,-77.0
1777890149.3313324,7.0,-1.0,-77.0
1777890149.3413324,6.0,-1.0,-75.0
1777890149.3513324,6.0,-4.0,-74.0
1777890149.3613324,3.0,-2.0,-77.0
1777890149.3713324,0.0,-3.0,-74.0
1777890149.3813324,-4.0,-2.0,-74.0
1777890149.3913324,-5.0,-3.0,-77.0
1777890149.4013324,0.0,-5.0,-83.0
1777890149.4113324,1.0,-5.0,-83.0
1777890149.4213324,2.0,-10.0,-77.0
1777890149.4313323,-1.0,-11.0,-80.0
1777890149.4413323,0.0,-7.0,-76.0
1777890149.4513323,1.0,-6.0,-73.0
1777890149.4613323,0.0,-10.0,-71.0
1777890149.4713323,-2.0,-7.0,-74.0
1777890149.4813323,-1.0,-6.0,-69.0
1777890149.4913323,-4.0,-3.0,-63.0
1777890149.5013323,0.0,0.0,-62.0
1777890149.5113325,-1.0,3.0,-59.0
1777890149.5213325,-1.0,4.0,-59.0
1777890149.5313325,-1.0,0.0,-61.0
1777890149.5413325,0.0,4.0,-65.0
1777890149.5513325,1.0,1.0,-62.0
1777890149.5613325,1.0,0.0,-60.0
1777890149.5713325,0.0,0.0,-64.0
1777890149.5813324,1.0,-1.0,-72.0
1777890149.5913324,0.0,-3.0,-73.0
1777890149.6013324,4.0,-5.0,-72.0
1777890149.6113324,1.0,-4.0,-75.0
1777890149.6213324,2.0,-5.0,-72.0
1777890149.6313324,0.0,-2.0,-82.0
1777890149.6413324,1.0,0.0,-84.0
1777890149.6513324,-1.0,2.0,-80.0
1777890149.6613324,-3.0,2.0,-79.0
1777890149.6713324,0.0,2.0,-78.0
1777890149.6813323,6.0,-3.0,-73.0
1777890149.6913323,5.0,-4.0,-66.0
1777890149.7013323,1.0,-4.0,-68.0
1777890149.7113323,3.0,-3.0,-72.0
1777890149.7213323,2.0,-5.0,-64.0
1777890149.7313323,3.0,-1.0,-59.0
1777890149.7413323,1.0,-1.0,-59.0
1777890149.7513323,0.0,-2.0,-67.0
1777890149.7613325,0.0,-3.0,-64.0
1777890149.7713325,1.0,-4.0,-72.0
1777890149.7813325,0.0,-4.0,-71.0
1777890149.7913325,6.0,0.0,-72.0
1777890149.8013325,11.0,1.0,-73.0
1777890149.8113325,11.0,0.0,-69.0
1777890149.8213325,7.0,-1.0,-75.0
1777890149.8313324,5.0,-1.0,-83.0
1777890149.8413324,0.0,2.0,-81.0
1777890149.8513324,1.0,2.0,-77.0
1777890149.8613324,-6.0,-3.0,-78.0
1777890149.8713324,-7.0,-2.0,-78.0
1777890149.8813324,-8.0,-3.0,-77.0
1777890149.8913324,-6.0,-6.0,-77.0
1777890149.9013324,-8.0,-3.0,-79.0
1777890149.9113324,-7.0,-2.0,-75.0
1777890149.9213324,-4.0,0.0,-78.0
1777890149.9313323,-1.0,0.0,-79.0
1777890149.9413323,4.0,2.0,-72.0
1777890149.9513323,3.0,3.0,-64.0
1777890149.9613323,-2.0,5.0,-77.0
1777890149.9713323,-4.0,5.0,-84.0
1777890149.9813323,-1.0,1.0,-79.0
1777890149.9913323,-1.0,2.0,-79.0
1777890150.0013323,0.0,3.0,-87.0
1777890150.0113325,2.0,1.0,-86.0
1777890150.0213325,2.0,2.0,-77.0
1777890150.0313325,2.0,-3.0,-73.0
1777890150.0413325,2.0,-1.0,-73.0
1777890150.0513325,3.0,-1.0,-69.0
1777890150.0613325,7.0,-2.0,-71.0
1777890150.0713325,7.0,1.0,-71.0
1777890150.0813324,3.0,0.0,-67.0
1777890150.0913324,1.0,5.0,-73.0
1777890150.1013324,1.0,1.0,-72.0
1777890150.1113324,0.0,2.0,-74.0
1777890150.1213324,2.0,4.0,-79.0
1777890150.1313324,-1.0,0.0,-80.0
1777890150.1413324,0.0,0.0,-76.0
1777890150.1513324,5.0,-4.0,-74.0
1777890150.1613324,4.0,-2.0,-71.0
1777890150.1713324,2.0,-6.0,-73.0
1777890150.1813323,0.0,-7.0,-76.0
1777890150.1913323,-2.0,-5.0,-82.0
1777890150.2013323,3.0,-6.0,-70.0
1777890150.2113323,1.0,-8.0,-72.0
1777890150.2213323,1.0,-7.0,-68.0
1777890150.2313323,2.0,-10.0,-67.0
1777890150.2413323,0.0,-10.0,-70.0
1777890150.2513323,-2.0,-7.0,-68.0
1777890150.2613325,-1.0,-8.0,-61.0
1777890150.2713325,-6.0,-7.0,-63.0
1777890150.2813325,-6.0,-7.0,-64.0
1777890150.2913325,-2.0,-7.0,-61.0
1777890150.3013325,0.0,-8.0,-62.0
1777890150.3113325,3.0,-4.0,-68.0
1777890150.3213325,1.0,-4.0,-73.0
1777890150.3313324,-3.0,-5.0,-67.0
1777890150.3413324,-6.0,-5.0,-65.0
1777890150.3513324,-5.0,-7.0,-63.0
1777890150.3613324,-6.0,-7.0,-59.0
1777890150.3713324,-6.0,-2.0,-61.0
1777890150.3813324,-6.0,-1.0,-62.0
1777890150.3913324,-8.0,-1.0,-66.0
1777890150.4013324,-8.0,-1.0,-72.0
1777890150.4113324,-11.0,0.0,-77.0
1777890150.4213324,-10.0,-5.0,-81.0
1777890150.4313323,-6.0,-7.0,-79.0
1777890150.4413323,-3.0,-6.0,-74.0
1777890150.4513323,-1.0,-2.0,-70.0
1777890150.4613323,-4.0,-1.0,-69.0
1777890150.4713323,-5.0,-2.0,-69.0
1777890150.4813323,-1.0,-6.0,-70.0
1777890150.4913323,-1.0,-5.0,-72.0
1777890150.5013323,1.0,-1.0,-73.0
1777890150.5123324,-1.0,1.0,-75.0
1777890150.5213325,-4.0,2.0,-66.0
1777890150.5313325,-2.0,2.0,-65.0
1777890150.5413325,3.0,3.0,-66.0
1777890150.5513325,3.0,0.0,-68.0
1777890150.5613325,2.0,-3.0,-65.0
1777890150.5713325,0.0,-5.0,-67.0
1777890150.5813324,0.0,-5.0,-76.0
1777890150.5913324,-2.0,-4.0,-78.0
1777890150.6013324,-1.0,-2.0,-85.0
1777890150.6113324,3.0,-2.0,-72.0
1777890150.6213324,2.0,-1.0,-71.0
1777890150.6313324,2.0,0.0,-74.0
1777890150.6413324,2.0,1.0,-66.0
1777890150.6513324,0.0,0.0,-68.0
1777890150.6613324,0.0,2.0,-77.0
1777890150.6713324,0.0,1.0,-79.0
1777890150.6813323,0.0,0.0,-76.0
1777890150.6913323,-1.0,3.0,-77.0
1777890150.7013323,-4.0,3.0,-86.0
1777890150.7113323,-5.0,2.0,-75.0
1777890150.7213323,0.0,4.0,-71.0
1777890150.7313323,5.0,4.0,-68.0
1777890150.7413323,3.0,0.0,-71.0
1777890150.7513323,1.0,3.0,-67.0
1777890150.7613325,1.0,5.0,-64.0
1777890150.7713325,3.0,0.0,-61.0
1777890150.7813325,1.0,0.0,-61.0
1777890150.7913325,2.0,0.0,-55.0
1777890150.8013325,4.0,-1.0,-57.0
1777890150.8113325,6.0,2.0,-62.0
1777890150.8213325,7.0,1.0,-65.0
1777890150.8313324,5.0,0.0,-73.0
1777890150.8413324,2.0,2.0,-75.0
1777890150.8513324,3.0,-1.0,-79.0
1777890150.8613324,7.0,0.0,-82.0
1777890150.8713324,3.0,0.0,-82.0
1777890150.8813324,0.0,0.0,-82.0
1777890150.8913324,-2.0,-3.0,-76.0
1777890150.9013324,-3.0,-2.0,-73.0
1777890150.9113324,-2.0,3.0,-76.0
1777890150.9213324,0.0,4.0,-74.0
1777890150.9313323,-2.0,7.0,-75.0
1777890150.9413323,0.0,7.0,-68.0
1777890150.9513323,-4.0,1.0,-74.0
1777890150.9613323,-1.0,1.0,-71.0
1777890150.9713323,5.0,-1.0,-66.0
1777890150.9823325,9.0,-1.0,-72.0
1777890150.9923325,8.0,-1.0,-75.0
1777890151.0023324,11.0,-5.0,-76.0
1777890151.0123324,9.0,-6.0,-73.0
1777890151.0223324,9.0,-6.0,-69.0
1777890151.0323324,7.0,-9.0,-69.0
1777890151.0423324,5.0,-9.0,-79.0
1777890151.0523324,1.0,-7.0,-81.0
1777890151.0623324,0.0,-4.0,-84.0
1777890151.0723324,0.0,0.0,-81.0
1777890151.0823324,0.0,1.0,-81.0
1777890151.0923324,-1.0,0.0,-79.0
1777890151.1023324,-1.0,-3.0,-82.0
1777890151.1123323,0.0,-6.0,-84.0
1777890151.1223323,0.0,-5.0,-81.0
1777890151.1323323,3.0,-7.0,-74.0
1777890151.1423323,-2.0,-6.0,-71.0
1777890151.1523323,-2.0,-4.0,-75.0
1777890151.1623323,0.0,-2.0,-74.0
1777890151.1723323,4.0,0.0,-78.0
1777890151.1823325,6.0,2.0,-73.0
1777890151.1923325,1.0,0.0,-75.0
1777890151.2023325,0.0,0.0,-75.0
1777890151.2123325,0.0,1.0,-80.0
1777890151.2223325,2.0,-4.0,-82.0
1777890151.2323325,5.0,-5.0,-78.0
1777890151.2423325,9.0,-2.0,-83.0
1777890151.2523324,9.0,0.0,-84.0
1777890151.2623324,6.0,2.0,-89.0
1777890151.2723324,0.0,2.0,-92.0
1777890151.2823324,5.0,3.0,-83.0
1777890151.2923324,3.0,4.0,-73.0
1777890151.3023324,2.0,2.0,-78.0
1777890151.3123324,3.0,2.0,-81.0
1777890151.3223324,2.0,0.0,-83.0
1777890151.3323324,2.0,3.0,-82.0
1777890151.3423324,-5.0,-1.0,-84.0
1777890151.3523324,-4.0,-6.0,-82.0
1777890151.3623323,-4.0,-6.0,-82.0
1777890151.3723323,-9.0,-4.0,-81.0
1777890151.3823323,-6.0,-6.0,-74.0
1777890151.3923323,-1.0,-5.0,-68.0
1777890151.4023323,2.0,-6.0,-65.0
1777890151.4123323,1.0,-4.0,-66.0
1777890151.4223323,3.0,-1.0,-63.0
1777890151.4323325,3.0,-2.0,-68.0
1777890151.4423325,4.0,-5.0,-69.0
1777890151.4523325,6.0,-2.0,-64.0
1777890151.4623325,2.0,0.0,-69.0
1777890151.4723325,0.0,-1.0,-68.0
1777890151.4823325,1.0,-2.0,-67.0
1777890151.4923325,0.0,1.0,-62.0
1777890151.5023324,5.0,-2.0,-62.0
1777890151.5123324,8.0,-1.0,-75.0
1777890151.5223324,7.0,3.0,-82.0
1777890151.5323324,5.0,1.0,-80.0
1777890151.5423324,4.0,0.0,-80.0
1777890151.5523324,5.0,0.0,-76.0
1777890151.5623324,6.0,0.0,-76.0
1777890151.5723324,9.0,-3.0,-74.0
1777890151.5823324,6.0,-3.0,-70.0
1777890151.5923324,7.0,-6.0,-75.0
1777890151.6023324,6.0,-6.0,-77.0
1777890151.6123323,5.0,-5.0,-78.0
1777890151.6223323,-1.0,-2.0,-81.0
1777890151.6323323,-4.0,-1.0,-84.0
1777890151.6423323,-5.0,-3.0,-84.0
1777890151.6523323,0.0,-6.0,-83.0
1777890151.6623323,1.0,-7.0,-76.0
1777890151.6723323,-1.0,-8.0,-75.0
1777890151.6823325,-2.0,-5.0,-69.0
1777890151.6923325,-4.0,0.0,-69.0
1777890151.7023325,-6.0,0.0,-79.0
1777890151.7123325,-2.0,-2.0,-81.0
1777890151.7223325,-1.0,-1.0,-77.0
1777890151.7323325,-1.0,0.0,-75.0
1777890151.7423325,-1.0,0.0,-71.0
1777890151.7523324,0.0,0.0,-65.0
1777890151.7623324,-1.0,2.0,-63.0
1777890151.7723324,0.0,1.0,-63.0
1777890151.7823324,1.0,2.0,-65.0
1777890151.7923324,2.0,0.0,-67.0
1777890151.8023324,3.0,2.0,-64.0
1777890151.8123324,4.0,1.0,-61.0
1777890151.8223324,0.0,0.0,-69.0
1777890151.8323324,-2.0,-1.0,-74.0
1777890151.8423324,-1.0,0.0,-68.0
1777890151.8523324,3.0,0.0,-68.0
1777890151.8623323,5.0,-2.0,-67.0
1777890151.8723323,0.0,-1.0,-72.0
1777890151.8823323,-3.0,0.0,-76.0
1777890151.8923323,-3.0,-4.0,-73.0
1777890151.9023323,0.0,-4.0,-76.0
1777890151.9123323,0.0,-1.0,-81.0
1777890151.9223323,0.0,-2.0,-79.0
1777890151.9323325,3.0,0.0,-74.0
1777890151.9423325,8.0,1.0,-68.0
1777890151.9523325,3.0,-1.0,-64.0
1777890151.9623325,0.0,-4.0,-65.0
1777890151.9723325,-3.0,-4.0,-69.0
1777890151.9823325,-6.0,-3.0,-70.0
1777890151.9923325,-10.0,0.0,-70.0
1777890152.0023324,-13.0,3.0,-67.0
1777890152.0123324,-13.0,0.0,-67.0
1777890152.0223324,-11.0,-2.0,-58.0
1777890152.0323324,-10.0,-1.0,-58.0
1777890152.0423324,-6.0,1.0,-62.0
1777890152.0523324,-1.0,3.0,-62.0
1777890152.0623324,4.0,-1.0,-66.0
1777890152.0723324,0.0,-2.0,-68.0
1777890152.0823324,2.0,-1.0,-66.0
1777890152.0923324,1.0,3.0,-68.0
1777890152.1023324,5.0,-1.0,-72.0
1777890152.1123323,2.0,-1.0,-64.0
1777890152.1223323,-3.0,0.0,-62.0
1777890152.1323323,-8.0,1.0,-69.0
1777890152.1423323,-4.0,0.0,-64.0
1777890152.1523323,1.0,1.0,-64.0
1777890152.1623323,3.0,0.0,-74.0
1777890152.1723323,3.0,1.0,-70.0
1777890152.1823325,1.0,1.0,-70.0
1777890152.1923325,1.0,1.0,-70.0
1777890152.2023325,-1.0,-2.0,-72.0
1777890152.2123325,-2.0,-3.0,-64.0
1777890152.2223325,-1.0,-4.0,-64.0
1777890152.2323325,-1.0,0.0,-61.0
1777890152.2423325,0.0,0.0,-61.0
1777890152.2523324,-3.0,1.0,-64.0
1777890152.2623324,-1.0,3.0,-70.0
1777890152.2723324,1.0,1.0,-75.0
1777890152.2823324,-1.0,0.0,-73.0
1777890152.2923324,3.0,0.0,-72.0
1777890152.3023324,7.0,0.0,-79.0
1777890152.3123324,5.0,-1.0,-79.0
1777890152.3223324,2.0,-2.0,-70.0
1777890152.3323324,2.0,-3.0,-60.0
1777890152.3423324,-1.0,-1.0,-59.0
1777890152.3523324,0.0,-3.0,-64.0
1777890152.3623323,-4.0,-1.0,-65.0
1777890152.3723323,-3.0,-3.0,-69.0
1777890152.3823323,0.0,-4.0,-71.0
1777890152.3923323,0.0,0.0,-72.0
1777890152.4023323,0.0,-1.0,-74.0
1777890152.4123323,1.0,-1.0,-76.0
1777890152.4223323,0.0,-2.0,-79.0
1777890152.4323325,0.0,-1.0,-74.0
1777890152.4423325,1.0,0.0,-78.0
1777890152.4523325,5.0,4.0,-80.0
1777890152.4623325,2.0,3.0,-84.0
1777890152.4723325,1.0,6.0,-82.0
1777890152.4823325,0.0,4.0,-80.0
1777890152.4923325,1.0,1.0,-78.0
1777890152.5023324,-1.0,1.0,-73.0
1777890152.5123324,-2.0,-1.0,-66.0
1777890152.5223324,-2.0,-2.0,-63.0
1777890152.5323324,-2.0,0.0,-67.0
1777890152.5423324,2.0,-5.0,-66.0
1777890152.5523324,5.0,-8.0,-63.0
1777890152.5623324,9.0,-5.0,-57.0
1777890152.5723324,7.0,-2.0,-56.0
1777890152.5823324,3.0,-5.0,-60.0
1777890152.5923324,3.0,-8.0,-68.0
1777890152.6023324,1.0,-7.0,-63.0
1777890152.6123323,3.0,-5.0,-60.0
1777890152.6223323,6.0,-4.0,-60.0
1777890152.6323323,6.0,-7.0,-64.0
1777890152.6423323,5.0,-7.0,-69.0
1777890152.6523323,3.0,-11.0,-70.0
1777890152.6623323,4.0,-12.0,-69.0
1777890152.6723323,3.0,-15.0,-70.0
1777890152.6823325,3.0,-9.0,-71.0
1777890152.6923325,2.0,-5.0,-75.0
1777890152.7023325,3.0,-5.0,-79.0
1777890152.7123325,4.0,-6.0,-80.0
1777890152.7223325,2.0,-4.0,-81.0
1777890152.7323325,0.0,-3.0,-77.0
1777890152.7423325,-1.0,-6.0,-77.0
1777890152.7523324,0.0,-8.0,-77.0
1777890152.7623324,1.0,-10.0,-82.0
1777890152.7723324,-1.0,-7.0,-75.0
1777890152.7823324,-2.0,-4.0,-75.0
1777890152.7923324,-2.0,-4.0,-78.0
1777890152.8023324,-2.0,-4.0,-78.0
1777890152.8123324,-1.0,-3.0,-79.0
1777890152.8223324,-2.0,0.0,-74.0
1777890152.8323324,-7.0,-2.0,-79.0
1777890152.8423324,-4.0,-1.0,-74.0
1777890152.8523324,-1.0,-2.0,-69.0
1777890152.8623323,1.0,-1.0,-75.0
1777890152.8723323,-1.0,1.0,-74.0
1777890152.8823323,-2.0,-1.0,-69.0
1777890152.8923323,-3.0,-3.0,-64.0
1777890152.9023323,0.0,-5.0,-66.0
1777890152.9123323,-2.0,-3.0,-70.0
1777890152.9223323,-2.0,-5.0,-75.0
1777890152.9323325,0.0,-1.0,-75.0
1777890152.9423325,0.0,0.0,-76.0
1777890152.9533324,0.0,2.0,-81.0
1777890152.9633324,-4.0,2.0,-80.0
1777890152.9723325,-10.0,1.0,-78.0
1777890152.9833324,-10.0,1.0,-85.0
1777890152.9923325,-2.0,-2.0,-81.0
1777890153.0033324,-3.0,0.0,-78.0
1777890153.0133324,-2.0,-2.0,-78.0
1777890153.0233324,-1.0,-2.0,-74.0
1777890153.0333323,1.0,0.0,-76.0
1777890153.0433323,0.0,0.0,-84.0
1777890153.0533323,2.0,-2.0,-83.0
1777890153.0633323,0.0,-3.0,-85.0
1777890153.0733323,4.0,-2.0,-84.0
1777890153.0833323,4.0,-3.0,-86.0
1777890153.0933323,5.0,0.0,-83.0
1777890153.1033323,7.0,2.0,-76.0
1777890153.1133325,8.0,0.0,-75.0
1777890153.1233325,5.0,-1.0,-70.0
1777890153.1333325,4.0,0.0,-65.0
1777890153.1433325,7.0,-3.0,-74.0
1777890153.1533325,3.0,-5.0,-73.0
1777890153.1633325,0.0,0.0,-71.0
1777890153.1733325,0.0,-3.0,-76.0
1777890153.1833324,0.0,0.0,-78.0
1777890153.1933324,-1.0,1.0,-81.0
1777890153.2033324,-4.0,-2.0,-79.0
1777890153.2133324,-1.0,1.0,-81.0
1777890153.2233324,-1.0,0.0,-83.0
1777890153.2333324,5.0,-4.0,-78.0
1777890153.2433324,4.0,-3.0,-74.0
1777890153.2533324,0.0,0.0,-77.0
1777890153.2633324,-3.0,0.0,-78.0
1777890153.2733324,-4.0,-1.0,-80.0
1777890153.2833323,-3.0,-1.0,-81.0
1777890153.2933323,-7.0,0.0,-76.0
1777890153.3033323,-6.0,2.0,-76.0
1777890153.3133323,-7.0,8.0,-78.0
1777890153.3233323,-3.0,9.0,-79.0
1777890153.3333323,-1.0,11.0,-79.0
1777890153.3433323,3.0,7.0,-85.0
1777890153.3533323,3.0,5.0,-86.0
1777890153.3633325,0.0,6.0,-84.0
1777890153.3733325,4.0,2.0,-75.0
1777890153.3833325,5.0,5.0,-78.0
1777890153.3933325,5.0,10.0,-79.0
1777890153.4033325,3.0,7.0,-84.0
1777890153.4133325,5.0,3.0,-86.0
1777890153.4233325,6.0,4.0,-86.0
1777890153.4333324,4.0,3.0,-87.0
1777890153.4433324,0.0,0.0,-78.0
1777890153.4533324,-1.0,-2.0,-77.0
1777890153.4633324,0.0,-4.0,-81.0
1777890153.4733324,-1.0,-4.0,-79.0
1777890153.4833324,-5.0,-2.0,-76.0
1777890153.4933324,-3.0,-2.0,-73.0
1777890153.5033324,-3.0,-1.0,-73.0
1777890153.5133324,0.0,-2.0,-77.0
1777890153.5233324,0.0,0.0,-78.0
1777890153.5333323,-1.0,-1.0,-78.0
1777890153.5433323,0.0,0.0,-80.0
1777890153.5533323,2.0,-3.0,-75.0
1777890153.5633323,5.0,-4.0,-63.0
1777890153.5733323,8.0,-5.0,-62.0
1777890153.5833323,3.0,-4.0,-65.0
1777890153.5933323,1.0,-4.0,-69.0
1777890153.6033323,-3.0,-4.0,-70.0
1777890153.6133325,-3.0,-2.0,-71.0
1777890153.6233325,-3.0,-1.0,-72.0
1777890153.6333325,-1.0,0.0,-78.0
1777890153.6433325,0.0,0.0,-78.0
1777890153.6533325,2.0,-3.0,-73.0
1777890153.6633325,2.0,-2.0,-69.0
1777890153.6733325,-2.0,-3.0,-65.0
1777890153.6833324,-3.0,-5.0,-67.0
1777890153.6933324,-5.0,-4.0,-71.0
1777890153.7033324,-3.0,-4.0,-73.0
1777890153.7133324,-3.0,-3.0,-72.0
1777890153.7233324,-1.0,-3.0,-76.0
1777890153.7333324,0.0,-4.0,-76.0
1777890153.7433324,-1.0,-4.0,-81.0
1777890153.7533324,-2.0,-1.0,-80.0
1777890153.7633324,-2.0,-5.0,-82.0
1777890153.7733324,-7.0,-5.0,-78.0
1777890153.7833323,-4.0,-3.0,-79.0
1777890153.7933323,-1.0,-2.0,-81.0
1777890153.8033323,2.0,0.0,-77.0
1777890153.8133323,3.0,4.0,-82.0
1777890153.8233323,9.0,7.0,-78.0
1777890153.8333323,12.0,2.0,-83.0
1777890153.8433323,8.0,0.0,-86.0
1777890153.8533323,3.0,1.0,-75.0
1777890153.8633325,-2.0,0.0,-79.0
1777890153.8733325,0.0,-2.0,-77.0
1777890153.8833325,0.0,-5.0,-81.0
1777890153.8933325,2.0,-4.0,-68.0
1777890153.9033325,0.0,-4.0,-69.0
1777890153.9133325,1.0,-2.0,-70.0
1777890153.9233325,-4.0,-1.0,-70.0
1777890153.9333324,-6.0,2.0,-73.0
1777890153.9433324,-3.0,0.0,-75.0
1777890153.9533324,0.0,-1.0,-73.0
1777890153.9633324,2.0,-1.0,-69.0
1777890153.9733324,2.0,1.0,-65.0
1777890153.9833324,3.0,1.0,-65.0
1777890153.9933324,6.0,-1.0,-57.0
1777890154.0033324,5.0,-3.0,-61.0
1777890154.0133324,5.0,-4.0,-68.0
1777890154.0233324,1.0,-1.0,-75.0
1777890154.0333323,0.0,0.0,-78.0
1777890154.0433323,0.0,-2.0,-74.0
1777890154.0533323,-2.0,-4.0,-76.0
1777890154.0633323,0.0,-2.0,-79.0
1777890154.0733323,2.0,2.0,-78.0
1777890154.0833323,-5.0,4.0,-75.0
1777890154.0933323,-3.0,5.0,-72.0
1777890154.1033323,0.0,0.0,-77.0
1777890154.1133325,1.0,-2.0,-83.0
1777890154.1233325,2.0,-3.0,-81.0
1777890154.1333325,1.0,2.0,-78.0
1777890154.1433325,1.0,4.0,-79.0
1777890154.1533325,5.0,6.0,-80.0
1777890154.1633325,5.0,10.0,-79.0
1777890154.1733325,4.0,9.0,-76.0
1777890154.1833324,7.0,8.0,-77.0
1777890154.1933324,9.0,8.0,-73.0
1777890154.2033324,6.0,7.0,-74.0
1777890154.2133324,4.0,5.0,-74.0
1777890154.2233324,1.0,1.0,-71.0
1777890154.2333324,3.0,0.0,-78.0
1777890154.2433324,0.0,3.0,-78.0
1777890154.2533324,-1.0,3.0,-74.0
1777890154.2633324,1.0,4.0,-71.0
1777890154.2733324,0.0,0.0,-67.0
1777890154.2833323,1.0,-1.0,-70.0
1777890154.2933323,2.0,0.0,-77.0
1777890154.3033323,3.0,1.0,-80.0
1777890154.3133323,0.0,0.0,-75.0
1777890154.3233323,-2.0,4.0,-74.0
1777890154.3333323,-5.0,6.0,-76.0
1777890154.3433323,-2.0,5.0,-72.0
1777890154.3533323,1.0,6.0,-73.0
1777890154.3633325,1.0,3.0,-76.0
1777890154.3733325,5.0,0.0,-76.0
1777890154.3833325,8.0,2.0,-79.0
1777890154.3933325,6.0,3.0,-77.0
1777890154.4033325,3.0,1.0,-74.0
1777890154.4133325,-3.0,2.0,-75.0
1777890154.4233325,-2.0,0.0,-71.0
1777890154.4333324,0.0,3.0,-66.0
1777890154.4433324,-4.0,0.0,-64.0
1777890154.4533324,-5.0,-2.0,-69.0
1777890154.4633324,-4.0,0.0,-67.0
1777890154.4733324,-3.0,-5.0,-74.0
1777890154.4833324,1.0,-4.0,-81.0
1777890154.4933324,-2.0,-3.0,-81.0
1777890154.5033324,-1.0,-3.0,-83.0
1777890154.5133324,2.0,0.0,-80.0
1777890154.5233324,3.0,1.0,-75.0
1777890154.5333323,2.0,2.0,-70.0
1777890154.5433323,3.0,4.0,-73.0
1777890154.5533323,3.0,5.0,-69.0
1777890154.5633323,9.0,4.0,-72.0
1777890154.5733323,7.0,2.0,-76.0
1777890154.5833323,6.0,2.0,-77.0
1777890154.5933323,3.0,0.0,-81.0
1777890154.6033323,3.0,0.0,-76.0
1777890154.6133325,2.0,-1.0,-69.0
1777890154.6233325,4.0,-2.0,-67.0
1777890154.6333325,-2.0,1.0,-69.0
1777890154.6433325,-2.0,-1.0,-72.0
1777890154.6533325,-2.0,-1.0,-77.0
1777890154.6633325,-2.0,0.0,-76.0
1777890154.6733325,-3.0,-5.0,-74.0
1777890154.6833324,-5.0,-5.0,-78.0
1777890154.6933324,-4.0,0.0,-69.0
1777890154.7033324,-2.0,0.0,-69.0
1777890154.7133324,-4.0,-2.0,-65.0
1777890154.7233324,-2.0,-4.0,-67.0
1777890154.7333324,-2.0,-4.0,-68.0
1777890154.7433324,1.0,-6.0,-79.0
1777890154.7533324,0.0,-2.0,-81.0
1777890154.7633324,-1.0,-1.0,-83.0
1777890154.7733324,3.0,0.0,-84.0
1777890154.7833323,0.0,0.0,-81.0
1777890154.7933323,0.0,2.0,-76.0
1777890154.8033323,1.0,0.0,-75.0
1777890154.8133323,0.0,-1.0,-75.0
1777890154.8233323,-2.0,-2.0,-72.0
1777890154.8333323,0.0,-6.0,-76.0
1777890154.8433323,6.0,-1.0,-81.0
1777890154.8533323,4.0,1.0,-79.0
1777890154.8633325,7.0,1.0,-74.0
1777890154.8733325,8.0,0.0,-72.0
1777890154.8833325,11.0,9.0,-71.0
1777890154.8933325,8.0,9.0,-71.0
1777890154.9033325,7.0,2.0,-73.0
1777890154.9133325,5.0,0.0,-80.0
1777890154.9233325,6.0,1.0,-85.0
1777890154.9343324,4.0,-1.0,-90.0
1777890154.9433324,2.0,0.0,-85.0
1777890154.9543324,0.0,1.0,-81.0
1777890154.9633324,3.0,0.0,-76.0
1777890154.9743323,2.0,-1.0,-75.0
1777890154.9843323,1.0,-3.0,-68.0
1777890154.9943323,-2.0,-3.0,-71.0
1777890155.0033324,-3.0,-5.0,-78.0
1777890155.0143323,0.0,-6.0,-76.0
1777890155.0243323,0.0,-4.0,-75.0
1777890155.0343325,0.0,-4.0,-76.0
1777890155.0443325,0.0,-1.0,-80.0
1777890155.0543325,-2.0,-2.0,-82.0
1777890155.0643325,-6.0,-3.0,-87.0
1777890155.0743325,-5.0,-1.0,-92.0
1777890155.0843325,-4.0,-4.0,-86.0
1777890155.0943325,0.0,-6.0,-85.0
1777890155.1043324,0.0,-8.0,-84.0
1777890155.1143324,1.0,-7.0,-81.0
1777890155.1243324,2.0,-5.0,-80.0
1777890155.1343324,-2.0,-6.0,-81.0
1777890155.1443324,-5.0,-7.0,-78.0
1777890155.1543324,0.0,-7.0,-80.0
1777890155.1643324,-6.0,-1.0,-78.0
1777890155.1743324,-7.0,-3.0,-82.0
1777890155.1843324,-6.0,-7.0,-80.0
1777890155.1943324,-3.0,-7.0,-72.0
1777890155.2043324,2.0,-6.0,-72.0
1777890155.2143323,-1.0,-2.0,-71.0
1777890155.2243323,0.0,-2.0,-74.0
1777890155.2343323,-1.0,-3.0,-85.0
1777890155.2443323,1.0,-3.0,-80.0
1777890155.2543323,4.0,-3.0,-79.0
1777890155.2643323,2.0,-2.0,-73.0
1777890155.2743323,2.0,0.0,-75.0
1777890155.2843325,8.0,3.0,-76.0
1777890155.2943325,10.0,1.0,-74.0
1777890155.3043325,2.0,-1.0,-67.0
1777890155.3143325,1.0,0.0,-69.0
1777890155.3243325,1.0,3.0,-65.0
1777890155.3343325,0.0,1.0,-68.0
1777890155.3443325,-4.0,0.0,-67.0
1777890155.3543324,-7.0,-3.0,-68.0
1777890155.3643324,-2.0,-6.0,-69.0
1777890155.3743324,-2.0,-9.0,-70.0
1777890155.3843324,-2.0,-7.0,-73.0
1777890155.3943324,-3.0,-3.0,-71.0
1777890155.4043324,2.0,-3.0,-75.0
1777890155.4143324,3.0,-4.0,-78.0
1777890155.4243324,0.0,-3.0,-75.0
1777890155.4343324,-3.0,-4.0,-78.0
1777890155.4443324,-1.0,-7.0,-75.0
1777890155.4543324,-3.0,-4.0,-74.0
1777890155.4643323,1.0,-5.0,-75.0
1777890155.4743323,-2.0,-8.0,-82.0
1777890155.4843323,-1.0,-5.0,-84.0
1777890155.4943323,4.0,-4.0,-83.0
1777890155.5043323,6.0,-5.0,-80.0
1777890155.5143323,6.0,-7.0,-85.0
1777890155.5243323,8.0,-10.0,-86.0
1777890155.5343325,10.0,-4.0,-87.0
1777890155.5443325,7.0,0.0,-81.0
1777890155.5543325,-1.0,-5.0,-78.0
1777890155.5643325,1.0,-8.0,-80.0
1777890155.5743325,0.0,-4.0,-84.0
1777890155.5843325,0.0,0.0,-87.0
1777890155.5943325,-2.0,0.0,-81.0
1777890155.6043324,-2.0,1.0,-70.0
1777890155.6143324,0.0,2.0,-74.0
1777890155.6243324,2.0,0.0,-75.0
1777890155.6343324,2.0,-3.0,-76.0
1777890155.6443324,2.0,-2.0,-74.0
1777890155.6543324,-1.0,-1.0,-71.0
1777890155.6643324,-3.0,0.0,-66.0
1777890155.6743324,0.0,-1.0,-72.0
1777890155.6843324,-2.0,-1.0,-76.0
1777890155.6943324,-4.0,-1.0,-73.0
1777890155.7043324,-2.0,-4.0,-72.0
1777890155.7143323,0.0,-4.0,-70.0
1777890155.7243323,-4.0,-4.0,-74.0
1777890155.7343323,-5.0,-4.0,-73.0
1777890155.7443323,-3.0,-5.0,-69.0
1777890155.7543323,-1.0,-6.0,-69.0
1777890155.7643323,0.0,-9.0,-75.0
1777890155.7743323,0.0,-9.0,-73.0
1777890155.7843325,-1.0,-7.0,-73.0
1777890155.7943325,-4.0,-6.0,-76.0
1777890155.8043325,-5.0,-2.0,-78.0
1777890155.8143325,-6.0,-5.0,-81.0
1777890155.8243325,-3.0,-3.0,-81.0
1777890155.8343325,0.0,-1.0,-77.0
1777890155.8443325,0.0,0.0,-71.0
1777890155.8543324,3.0,0.0,-68.0
1777890155.8643324,1.0,1.0,-70.0
1777890155.8743324,4.0,0.0,-65.0
1777890155.8843324,4.0,0.0,-68.0
1777890155.8943324,6.0,-4.0,-76.0
1777890155.9043324,7.0,-5.0,-80.0
1777890155.9143324,6.0,-3.0,-84.0
1777890155.9243324,6.0,-1.0,-83.0
1777890155.9343324,0.0,1.0,-77.0
1777890155.9443324,-1.0,2.0,-77.0
1777890155.9543324,-2.0,6.0,-85.0
1777890155.9643323,-1.0,2.0,-81.0
1777890155.9743323,-3.0,1.0,-77.0
1777890155.9843323,-1.0,4.0,-73.0
1777890155.9943323,2.0,1.0,-70.0
1777890156.0043323,1.0,-2.0,-73.0
1777890156.0143323,-1.0,-3.0,-72.0
1777890156.0243323,-3.0,1.0,-71.0
1777890156.0343325,-3.0,2.0,-77.0
1777890156.0443325,0.0,4.0,-79.0
1777890156.0543325,-2.0,5.0,-77.0
1777890156.0643325,-5.0,1.0,-80.0
1777890156.0743325,-3.0,2.0,-79.0
1777890156.0843325,-4.0,0.0,-80.0
1777890156.0943325,-3.0,0.0,-77.0
1777890156.1043324,-1.0,1.0,-75.0
1777890156.1143324,1.0,0.0,-72.0
1777890156.1243324,1.0,2.0,-72.0
1777890156.1343324,2.0,2.0,-80.0
1777890156.1443324,4.0,0.0,-79.0
1777890156.1543324,7.0,3.0,-72.0
1777890156.1643324,5.0,2.0,-72.0
1777890156.1743324,6.0,2.0,-69.0
1777890156.1843324,2.0,3.0,-71.0
1777890156.1943324,2.0,-2.0,-66.0
1777890156.2043324,1.0,-4.0,-65.0
1777890156.2143323,0.0,-1.0,-71.0
1777890156.2243323,0.0,-1.0,-75.0
1777890156.2343323,-3.0,-1.0,-84.0
1777890156.2443323,-2.0,-3.0,-85.0
1777890156.2543323,-3.0,-6.0,-81.0
1777890156.2643323,-1.0,-5.0,-84.0
1777890156.2743323,0.0,-3.0,-82.0
1777890156.2843325,-4.0,-5.0,-72.0
1777890156.2943325,-3.0,-5.0,-76.0
1777890156.3043325,-3.0,-2.0,-81.0
1777890156.3143325,-4.0,-2.0,-78.0
1777890156.3243325,-1.0,-2.0,-77.0
1777890156.3343325,1.0,-5.0,-77.0
1777890156.3443325,-2.0,-7.0,-71.0
1777890156.3543324,-2.0,-10.0,-73.0
1777890156.3643324,0.0,-7.0,-77.0
1777890156.3743324,3.0,-4.0,-75.0
1777890156.3843324,5.0,1.0,-64.0
1777890156.3943324,4.0,0.0,-59.0
1777890156.4043324,5.0,0.0,-62.0
1777890156.4143324,6.0,0.0,-68.0
1777890156.4243324,4.0,0.0,-65.0
1777890156.4343324,8.0,2.0,-64.0
1777890156.4443324,2.0,1.0,-69.0
1777890156.4543324,4.0,0.0,-70.0
1777890156.4643323,3.0,1.0,-69.0
1777890156.4743323,4.0,0.0,-63.0
1777890156.4843323,6.0,5.0,-64.0
1777890156.4943323,0.0,4.0,-66.0
1777890156.5043323,0.0,3.0,-71.0
1777890156.5143323,0.0,4.0,-74.0
1777890156.5243323,-5.0,8.0,-76.0
1777890156.5343325,-9.0,7.0,-82.0
1777890156.5443325,-6.0,11.0,-81.0
1777890156.5543325,-7.0,6.0,-81.0
1777890156.5643325,-6.0,2.0,-79.0
1777890156.5743325,-3.0,1.0,-76.0
1777890156.5843325,0.0,0.0,-72.0
1777890156.5943325,0.0,-2.0,-71.0
1777890156.6043324,-2.0,-1.0,-73.0
1777890156.6143324,3.0,0.0,-81.0
1777890156.6243324,6.0,1.0,-80.0
1777890156.6343324,5.0,-1.0,-75.0
1777890156.6443324,3.0,0.0,-69.0
1777890156.6543324,4.0,0.0,-71.0
1777890156.6643324,4.0,-1.0,-78.0
1777890156.6743324,4.0,0.0,-82.0
1777890156.6843324,3.0,-1.0,-80.0
1777890156.6943324,0.0,1.0,-74.0
1777890156.7043324,-3.0,0.0,-74.0
1777890156.7143323,0.0,0.0,-71.0
1777890156.7243323,0.0,0.0,-77.0
1777890156.7343323,0.0,0.0,-76.0
1777890156.7443323,1.0,2.0,-71.0
1777890156.7543323,2.0,1.0,-73.0
1777890156.7643323,2.0,0.0,-79.0
1777890156.7743323,2.0,4.0,-80.0
1777890156.7843325,8.0,5.0,-77.0
1777890156.7943325,6.0,3.0,-77.0
1777890156.8043325,6.0,4.0,-64.0
1777890156.8143325,1.0,3.0,-63.0
1777890156.8243325,1.0,2.0,-67.0
1777890156.8343325,0.0,-2.0,-70.0
1777890156.8443325,-4.0,-4.0,-73.0
1777890156.8543324,-5.0,-8.0,-76.0
1777890156.8643324,-11.0,-6.0,-79.0
1777890156.8743324,-12.0,-2.0,-76.0
1777890156.8843324,-12.0,0.0,-80.0
1777890156.8943324,-9.0,0.0,-86.0
1777890156.9043324,-10.0,1.0,-83.0
1777890156.9143324,-14.0,-3.0,-83.0
1777890156.9243324,-16.0,0.0,-82.0
1777890156.9343324,-14.0,-2.0,-80.0
1777890156.9453323,-13.0,-1.0,-74.0
1777890156.9543324,-10.0,1.0,-80.0
1777890156.9653325,-5.0,0.0,-82.0
1777890156.9753325,0.0,0.0,-78.0
1777890156.9853325,3.0,-5.0,-73.0
1777890156.9953325,4.0,-5.0,-77.0
1777890157.0053325,0.0,-5.0,-76.0
1777890157.0153325,2.0,-3.0,-78.0
1777890157.0253325,-3.0,0.0,-76.0
1777890157.0353324,-5.0,-1.0,-68.0
1777890157.0453324,0.0,0.0,-71.0
1777890157.0553324,-1.0,0.0,-64.0
1777890157.0653324,-3.0,0.0,-67.0
1777890157.0753324,-2.0,2.0,-68.0
1777890157.0853324,-2.0,1.0,-72.0
1777890157.0953324,3.0,-4.0,-66.0
1777890157.1053324,6.0,-5.0,-73.0
1777890157.1153324,9.0,-7.0,-78.0
1777890157.1253324,7.0,-5.0,-81.0
1777890157.1353323,4.0,-5.0,-83.0
1777890157.1453323,5.0,-4.0,-81.0
1777890157.1553323,5.0,-5.0,-79.0
1777890157.1653323,5.0,-7.0,-81.0
1777890157.1753323,4.0,-7.0,-80.0
1777890157.1853323,3.0,-4.0,-84.0
1777890157.1953323,3.0,-4.0,-83.0
1777890157.2053325,4.0,-5.0,-82.0
1777890157.2153325,5.0,-3.0,-84.0
1777890157.2253325,2.0,-5.0,-84.0
1777890157.2353325,4.0,-3.0,-83.0
1777890157.2453325,7.0,-1.0,-81.0
1777890157.2553325,3.0,0.0,-76.0
1777890157.2653325,5.0,-3.0,-82.0
1777890157.2753325,4.0,-4.0,-78.0
1777890157.2853324,5.0,-6.0,-76.0
1777890157.2953324,6.0,-5.0,-74.0
1777890157.3053324,3.0,-5.0,-69.0
1777890157.3153324,6.0,-6.0,-62.0
1777890157.3253324,1.0,-8.0,-63.0
1777890157.3353324,-4.0,-9.0,-63.0
1777890157.3453324,-4.0,-13.0,-62.0
1777890157.3553324,-6.0,-8.0,-68.0
1777890157.3653324,-4.0,-6.0,-66.0
1777890157.3753324,-4.0,-7.0,-67.0
1777890157.3853323,1.0,-11.0,-66.0
1777890157.3953323,0.0,-9.0,-68.0
1777890157.4053323,3.0,-6.0,-69.0
1777890157.4153323,1.0,-7.0,-70.0
1777890157.4253323,2.0,-3.0,-73.0
1777890157.4353323,0.0,-2.0,-80.0
1777890157.4453323,1.0,0.0,-83.0
1777890157.4553325,7.0,2.0,-82.0
1777890157.4653325,6.0,3.0,-82.0
1777890157.4753325,9.0,7.0,-80.0
1777890157.4853325,9.0,0.0,-79.0
1777890157.4953325,6.0,0.0,-76.0
1777890157.5053325,4.0,0.0,-79.0
1777890157.5153325,1.0,2.0,-79.0
1777890157.5253325,2.0,0.0,-81.0
1777890157.5353324,-1.0,2.0,-80.0
1777890157.5453324,-1.0,2.0,-77.0
1777890157.5553324,-3.0,-2.0,-77.0
1777890157.5653324,-5.0,-1.0,-81.0
1777890157.5753324,-2.0,0.0,-88.0
1777890157.5853324,1.0,-1.0,-86.0
1777890157.5953324,5.0,1.0,-79.0
1777890157.6053324,6.0,2.0,-77.0
1777890157.6153324,6.0,2.0,-70.0
1777890157.6253324,6.0,3.0,-68.0
1777890157.6353323,2.0,1.0,-63.0
1777890157.6453323,0.0,-1.0,-63.0
1777890157.6553323,-3.0,-4.0,-67.0
1777890157.6653323,-3.0,-7.0,-66.0
1777890157.6753323,0.0,-5.0,-69.0
1777890157.6853323,0.0,-5.0,-70.0
1777890157.6953323,3.0,-3.0,-67.0
1777890157.7053325,0.0,-7.0,-66.0
1777890157.7153325,-1.0,-9.0,-71.0
1777890157.7253325,-2.0,-8.0,-69.0
1777890157.7353325,-2.0,-10.0,-74.0
1777890157.7453325,-2.0,-8.0,-70.0
1777890157.7553325,-4.0,-6.0,-68.0
1777890157.7653325,-3.0,-5.0,-68.0
1777890157.7753325,0.0,-4.0,-69.0
1777890157.7853324,0.0,-4.0,-68.0
1777890157.7953324,1.0,-4.0,-68.0
1777890157.8053324,1.0,-8.0,-72.0
1777890157.8153324,3.0,-8.0,-75.0
1777890157.8253324,4.0,-10.0,-66.0
1777890157.8353324,7.0,-13.0,-67.0
1777890157.8453324,6.0,-9.0,-74.0
1777890157.8553324,2.0,-7.0,-76.0
1777890157.8653324,-6.0,-5.0,-77.0
1777890157.8753324,-4.0,-2.0,-78.0
1777890157.8853323,-6.0,-6.0,-79.0
1777890157.8953323,-5.0,-7.0,-73.0
1777890157.9053323,-1.0,-2.0,-67.0
1777890157.9153323,4.0,3.0,-68.0
1777890157.9253323,5.0,1.0,-64.0
1777890157.9353323,3.0,-7.0,-65.0
1777890157.9453323,1.0,-8.0,-62.0
1777890157.9553325,0.0,-5.0,-64.0
1777890157.9653325,1.0,-7.0,-67.0
1777890157.9753325,1.0,-9.0,-69.0
1777890157.9853325,1.0,-7.0,-70.0
1777890157.9953325,4.0,-9.0,-72.0
1777890158.0053325,6.0,-7.0,-78.0
1777890158.0153325,-1.0,-11.0,-80.0
1777890158.0253325,-7.0,-7.0,-74.0
1777890158.0353324,-7.0,-7.0,-76.0
1777890158.0453324,-7.0,-3.0,-65.0
1777890158.0553324,-7.0,-3.0,-65.0
1777890158.0653324,-3.0,-2.0,-69.0
1777890158.0753324,-2.0,-5.0,-69.0
1777890158.0853324,0.0,-1.0,-72.0
1777890158.0953324,2.0,-2.0,-72.0
1777890158.1053324,4.0,0.0,-73.0
1777890158.1153324,3.0,-1.0,-72.0
1777890158.1253324,7.0,-3.0,-75.0
1777890158.1353323,6.0,-1.0,-71.0
1777890158.1453323,7.0,0.0,-69.0
1777890158.1553323,4.0,-6.0,-70.0
1777890158.1653323,5.0,-10.0,-69.0
1777890158.1753323,3.0,-10.0,-68.0
1777890158.1853323,0.0,-5.0,-70.0
1777890158.1953323,1.0,-5.0,-75.0
1777890158.2053325,4.0,-5.0,-73.0
1777890158.2153325,6.0,-8.0,-71.0
1777890158.2253325,5.0,-7.0,-70.0
1777890158.2353325,0.0,-7.0,-71.0
1777890158.2453325,1.0,-10.0,-65.0
1777890158.2553325,1.0,-11.0,-64.0
1777890158.2653325,0.0,-10.0,-66.0
1777890158.2753325,-1.0,-6.0,-65.0
1777890158.2853324,0.0,-3.0,-68.0
1777890158.2953324,1.0,-3.0,-77.0
1777890158.3053324,0.0,-3.0,-74.0
1777890158.3153324,-4.0,-8.0,-73.0
1777890158.3253324,-2.0,-4.0,-75.0
1777890158.3353324,0.0,-2.0,-75.0
1777890158.3453324,-3.0,0.0,-68.0
1777890158.3553324,-2.0,1.0,-76.0
1777890158.3653324,-4.0,1.0,-75.0
1777890158.3753324,0.0,0.0,-75.0
1777890158.3853323,2.0,2.0,-76.0
1777890158.3953323,4.0,3.0,-78.0
1777890158.4053323,0.0,-1.0,-80.0
1777890158.4153323,-2.0,-6.0,-78.0
1777890158.4253323,-3.0,-10.0,-75.0
1777890158.4353323,1.0,-14.0,-78.0
1777890158.4453323,-2.0,-12.0,-76.0
1777890158.4553325,-6.0,-9.0,-63.0
1777890158.4653325,-4.0,-8.0,-61.0
1777890158.4753325,2.0,-8.0,-61.0
1777890158.4853325,5.0,-7.0,-59.0
1777890158.4953325,6.0,-6.0,-63.0
1777890158.5053325,8.0,-5.0,-70.0
1777890158.5153325,2.0,-4.0,-68.0
1777890158.5253325,2.0,-4.0,-77.0
1777890158.5353324,3.0,-4.0,-80.0
1777890158.5453324,10.0,1.0,-77.0
1777890158.5553324,5.0,4.0,-78.0
1777890158.5653324,8.0,2.0,-81.0
1777890158.5753324,6.0,0.0,-80.0
1777890158.5853324,3.0,-1.0,-78.0
1777890158.5953324,2.0,-3.0,-75.0
1777890158.6053324,1.0,-7.0,-83.0
1777890158.6153324,4.0,-9.0,-78.0
1777890158.6253324,2.0,-5.0,-76.0
1777890158.6353323,0.0,-5.0,-78.0
1777890158.6453323,0.0,-9.0,-84.0
1777890158.6553323,-2.0,-5.0,-80.0
1777890158.6653323,1.0,-1.0,-78.0
1777890158.6753323,5.0,-2.0,-77.0
1777890158.6853323,0.0,-1.0,-76.0
1777890158.6953323,0.0,0.0,-75.0
1777890158.7053325,-2.0,1.0,-78.0
1777890158.7153325,-2.0,7.0,-78.0
1777890158.7253325,1.0,5.0,-70.0
1777890158.7353325,4.0,0.0,-77.0
1777890158.7453325,-1.0,-1.0,-81.0
1777890158.7553325,2.0,0.0,-71.0
1777890158.7653325,0.0,-2.0,-72.0
1777890158.7753325,-3.0,-3.0,-69.0
1777890158.7853324,-3.0,-10.0,-67.0
1777890158.7953324,0.0,-9.0,-78.0
1777890158.8053324,0.0,-8.0,-85.0
1777890158.8153324,-2.0,-7.0,-89.0
1777890158.8253324,-2.0,-10.0,-86.0
1777890158.8353324,-4.0,-8.0,-88.0
1777890158.8453324,-5.0,-4.0,-84.0
1777890158.8553324,-4.0,-2.0,-79.0
1777890158.8653324,-1.0,-2.0,-78.0
1777890158.8753324,1.0,-2.0,-85.0
1777890158.8853323,0.0,-1.0,-86.0
1777890158.8953323,0.0,1.0,-90.0
1777890158.9053323,3.0,0.0,-84.0
1777890158.9163325,3.0,3.0,-75.0
1777890158.9263325,7.0,3.0,-69.0
1777890158.9363325,7.0,1.0,-66.0
1777890158.9463325,5.0,0.0,-69.0
1777890158.9553325,1.0,-2.0,-74.0
1777890158.9663324,0.0,0.0,-78.0
1777890158.9763324,1.0,0.0,-80.0
1777890158.9863324,6.0,0.0,-76.0
1777890158.9963324,5.0,-3.0,-73.0
1777890159.0063324,11.0,-2.0,-77.0
1777890159.0163324,7.0,0.0,-80.0
1777890159.0263324,4.0,-2.0,-83.0
1777890159.0363324,2.0,0.0,-80.0
1777890159.0463324,1.0,-2.0,-77.0
1777890159.0563323,4.0,-4.0,-80.0
1777890159.0663323,1.0,-6.0,-79.0
1777890159.0763323,2.0,-2.0,-75.0
1777890159.0863323,1.0,-4.0,-74.0
1777890159.0963323,8.0,-6.0,-72.0
1777890159.1063323,6.0,-5.0,-74.0
1777890159.1163323,4.0,-4.0,-75.0
1777890159.1263323,4.0,-6.0,-80.0
1777890159.1363325,3.0,-7.0,-77.0
1777890159.1463325,5.0,-8.0,-73.0
1777890159.1563325,6.0,-6.0,-73.0
1777890159.1663325,4.0,-6.0,-77.0
1777890159.1763325,3.0,-7.0,-77.0
1777890159.1863325,5.0,-3.0,-72.0
1777890159.1963325,4.0,-4.0,-70.0
1777890159.2063324,2.0,0.0,-73.0
1777890159.2163324,0.0,0.0,-77.0
1777890159.2263324,0.0,4.0,-74.0
1777890159.2363324,-2.0,3.0,-74.0
1777890159.2463324,-1.0,2.0,-73.0
1777890159.2563324,0.0,0.0,-68.0
1777890159.2663324,4.0,0.0,-67.0
1777890159.2763324,0.0,-3.0,-67.0
1777890159.2863324,0.0,-2.0,-67.0
1777890159.2963324,2.0,-3.0,-68.0
1777890159.3063323,1.0,-4.0,-67.0
1777890159.3163323,3.0,-4.0,-70.0
1777890159.3263323,2.0,-3.0,-78.0
1777890159.3363323,3.0,-2.0,-72.0
1777890159.3463323,2.0,0.0,-82.0
1777890159.3563323,-1.0,3.0,-82.0
1777890159.3663323,-4.0,6.0,-75.0
1777890159.3763323,-2.0,5.0,-76.0
1777890159.3863325,0.0,1.0,-72.0
1777890159.3963325,-1.0,0.0,-70.0
1777890159.4063325,0.0,-2.0,-69.0
1777890159.4163325,0.0,-2.0,-70.0
1777890159.4263325,3.0,2.0,-72.0
1777890159.4363325,4.0,0.0,-70.0
1777890159.4463325,4.0,-3.0,-68.0
1777890159.4563324,5.0,-2.0,-73.0
1777890159.4663324,5.0,-3.0,-74.0
1777890159.4763324,4.0,-1.0,-75.0
1777890159.4863324,5.0,0.0,-72.0
1777890159.4963324,3.0,-1.0,-72.0
1777890159.5063324,1.0,-1.0,-74.0
1777890159.5163324,0.0,-3.0,-80.0
1777890159.5263324,0.0,-3.0,-81.0
1777890159.5363324,2.0,-7.0,-73.0
1777890159.5463324,1.0,-13.0,-73.0
1777890159.5563323,3.0,-12.0,-70.0
1777890159.5663323,2.0,-11.0,-67.0
1777890159.5763323,3.0,-12.0,-65.0
1777890159.5863323,6.0,-6.0,-67.0
1777890159.5963323,6.0,-1.0,-68.0
1777890159.6063323,4.0,0.0,-69.0
1777890159.6163323,5.0,-1.0,-72.0
1777890159.6263323,7.0,-2.0,-71.0
1777890159.6363325,2.0,-2.0,-75.0
1777890159.6463325,-1.0,0.0,-75.0
1777890159.6563325,-3.0,0.0,-76.0
1777890159.6663325,-5.0,-1.0,-73.0
1777890159.6763325,-7.0,-5.0,-72.0
1777890159.6863325,-5.0,-8.0,-68.0
1777890159.6963325,0.0,-10.0,-70.0
1777890159.7063324,0.0,-6.0,-70.0
1777890159.7163324,0.0,-8.0,-70.0
1777890159.7263324,3.0,-7.0,-76.0
1777890159.7363324,5.0,-1.0,-76.0
1777890159.7473323,7.0,-3.0,-78.0
1777890159.7563324,4.0,-4.0,-77.0
1777890159.7663324,4.0,0.0,-73.0
1777890159.7763324,3.0,-2.0,-77.0
1777890159.7863324,2.0,-5.0,-75.0
1777890159.7963324,-4.0,-6.0,-78.0
1777890159.8063323,-1.0,-9.0,-77.0
1777890159.8163323,1.0,-11.0,-78.0
1777890159.8263323,-5.0,-11.0,-80.0
1777890159.8363323,-4.0,-9.0,-76.0
1777890159.8463323,-4.0,-6.0,-74.0
1777890159.8563323,-4.0,-7.0,-73.0
1777890159.8663323,-3.0,-8.0,-78.0
1777890159.8763323,-4.0,-5.0,-77.0
1777890159.8863325,-7.0,-4.0,-71.0
1777890159.8963325,-5.0,-5.0,-66.0
1777890159.9063325,0.0,-8.0,-69.0
1777890159.9163325,4.0,-9.0,-72.0
1777890159.9263325,4.0,-11.0,-75.0
1777890159.9363325,6.0,-7.0,-76.0
1777890159.9463325,2.0,-9.0,-84.0
1777890159.9563324,-3.0,-9.0,-76.0
1777890159.9663324,0.0,-6.0,-79.0
1777890159.9763324,1.0,-6.0,-81.0
1777890159.9863324,7.0,-8.0,-83.0
1777890159.9963324,2.0,-9.0,-77.0
1777890160.0063324,1.0,-3.0,-73.0
1777890160.0163324,1.0,0.0,-79.0
1777890160.0263324,-2.0,2.0,-71.0
1777890160.0363324,-3.0,3.0,-62.0
1777890160.0463324,-4.0,6.0,-60.0
1777890160.0563323,-5.0,6.0,-72.0
1777890160.0663323,0.0,8.0,-76.0
1777890160.0763323,1.0,4.0,-74.0
1777890160.0863323,7.0,3.0,-70.0
1777890160.0963323,8.0,5.0,-79.0
1777890160.1063323,8.0,0.0,-80.0
1777890160.1163323,4.0,0.0,-82.0
1777890160.1263323,2.0,1.0,-77.0
1777890160.1363325,2.0,5.0,-76.0
1777890160.1463325,1.0,5.0,-76.0
1777890160.1563325,1.0,8.0,-72.0
1777890160.1663325,0.0,11.0,-68.0
1777890160.1763325,0.0,8.0,-64.0
1777890160.1863325,6.0,7.0,-61.0
1777890160.1963325,6.0,6.0,-63.0
1777890160.2063324,6.0,3.0,-67.0
1777890160.2163324,9.0,3.0,-73.0
1777890160.2263324,4.0,0.0,-80.0
1777890160.2363324,4.0,-1.0,-85.0
1777890160.2463324,1.0,0.0,-82.0
1777890160.2563324,0.0,0.0,-76.0
1777890160.2663324,2.0,3.0,-79.0
1777890160.2763324,1.0,1.0,-77.0
1777890160.2863324,4.0,1.0,-72.0
1777890160.2963324,2.0,2.0,-72.0
1777890160.3063323,0.0,4.0,-81.0
1777890160.3163323,-2.0,2.0,-74.0
1777890160.3263323,0.0,0.0,-72.0
1777890160.3363323,-1.0,-1.0,-76.0
1777890160.3463323,-2.0,0.0,-75.0
1777890160.3563323,-2.0,0.0,-72.0
1777890160.3663323,0.0,-3.0,-69.0
1777890160.3763323,-4.0,0.0,-74.0
1777890160.3863325,-6.0,1.0,-77.0
1777890160.3963325,-10.0,-2.0,-72.0
1777890160.4063325,0.0,-5.0,-71.0
1777890160.4163325,7.0,-5.0,-70.0
1777890160.4263325,5.0,-8.0,-66.0
1777890160.4363325,1.0,-6.0,-69.0
1777890160.4463325,3.0,-6.0,-70.0
1777890160.4563324,5.0,-8.0,-67.0
1777890160.4663324,4.0,-9.0,-65.0
1777890160.4763324,4.0,-6.0,-66.0
1777890160.4863324,4.0,-4.0,-70.0
1777890160.4963324,0.0,-2.0,-76.0
1777890160.5063324,1.0,0.0,-75.0
1777890160.5163324,1.0,3.0,-73.0
1777890160.5263324,1.0,1.0,-68.0
1777890160.5363324,2.0,-2.0,-69.0
1777890160.5463324,0.0,0.0,-73.0
1777890160.5563323,0.0,1.0,-70.0
1777890160.5663323,0.0,0.0,-64.0
1777890160.5763323,-1.0,0.0,-74.0
1777890160.5863323,1.0,-5.0,-76.0
1777890160.5963323,3.0,-1.0,-82.0
1777890160.6063323,4.0,-3.0,-85.0
1777890160.6163323,-3.0,-8.0,-86.0
1777890160.6263323,-3.0,-11.0,-87.0
1777890160.6363325,-4.0,-9.0,-87.0
1777890160.6463325,-6.0,-8.0,-83.0
1777890160.6563325,-4.0,-6.0,-81.0
1777890160.6663325,-2.0,-7.0,-79.0
1777890160.6763325,-3.0,-2.0,-75.0
1777890160.6863325,-1.0,-1.0,-76.0
1777890160.6963325,4.0,-5.0,-72.0
1777890160.7063324,5.0,-5.0,-74.0
1777890160.7163324,6.0,-7.0,-71.0
1777890160.7263324,3.0,-6.0,-62.0
1777890160.7363324,1.0,-5.0,-64.0
1777890160.7463324,4.0,-2.0,-63.0
1777890160.7563324,0.0,1.0,-72.0
1777890160.7663324,2.0,2.0,-75.0
1777890160.7763324,4.0,6.0,-77.0
1777890160.7863324,1.0,2.0,-73.0
1777890160.7963324,3.0,0.0,-69.0
1777890160.8063323,4.0,-1.0,-71.0
1777890160.8163323,4.0,-4.0,-68.0
1777890160.8263323,5.0,-8.0,-62.0
1777890160.8363323,1.0,-9.0,-60.0
1777890160.8463323,2.0,-14.0,-60.0
1777890160.8563323,3.0,-9.0,-64.0
1777890160.8663323,5.0,-5.0,-70.0
1777890160.8763323,6.0,-1.0,-72.0
1777890160.8873324,4.0,-4.0,-75.0
1777890160.8973324,6.0,-4.0,-74.0
1777890160.9063325,7.0,-5.0,-71.0
1777890160.9173324,8.0,-4.0,-74.0
1777890160.9273324,8.0,-4.0,-70.0
1777890160.9373324,9.0,-6.0,-70.0
1777890160.9473324,6.0,-3.0,-70.0
1777890160.9573324,4.0,-4.0,-71.0
1777890160.9673324,5.0,-4.0,-72.0
1777890160.9773324,6.0,0.0,-72.0
1777890160.9873323,7.0,-3.0,-73.0
1777890160.9973323,10.0,0.0,-77.0
1777890161.0073323,6.0,3.0,-82.0
1777890161.0173323,3.0,1.0,-79.0
1777890161.0273323,1.0,0.0,-80.0
1777890161.0373323,2.0,-2.0,-77.0
1777890161.0473323,6.0,-2.0,-68.0
1777890161.0573325,1.0,2.0,-64.0
1777890161.0673325,-3.0,0.0,-71.0
1777890161.0773325,-2.0,-1.0,-71.0
1777890161.0873325,0.0,0.0,-75.0
1777890161.0973325,0.0,-1.0,-78.0
1777890161.1073325,2.0,0.0,-75.0
1777890161.1173325,2.0,-2.0,-70.0
1777890161.1273324,3.0,-7.0,-66.0
1777890161.1373324,0.0,-1.0,-64.0
1777890161.1473324,-1.0,0.0,-65.0
1777890161.1573324,0.0,-2.0,-70.0
1777890161.1673324,-2.0,-6.0,-70.0
1777890161.1773324,2.0,-6.0,-63.0
1777890161.1873324,11.0,-4.0,-63.0
1777890161.1973324,11.0,-6.0,-72.0
1777890161.2073324,6.0,-9.0,-78.0
1777890161.2173324,4.0,-7.0,-74.0
1777890161.2273324,5.0,-8.0,-74.0
1777890161.2373323,-1.0,-8.0,-73.0
1777890161.2473323,-3.0,-1.0,-71.0
1777890161.2573323,-3.0,0.0,-74.0
1777890161.2673323,0.0,0.0,-68.0
1777890161.2773323,0.0,0.0,-71.0
1777890161.2873323,5.0,1.0,-73.0
1777890161.2973323,2.0,1.0,-73.0
1777890161.3073325,0.0,-1.0,-74.0
1777890161.3173325,2.0,0.0,-77.0
1777890161.3273325,4.0,0.0,-78.0
1777890161.3373325,8.0,-3.0,-80.0
1777890161.3473325,8.0,-2.0,-78.0
1777890161.3573325,7.0,-5.0,-76.0
1777890161.3673325,6.0,0.0,-74.0
1777890161.3773324,2.0,4.0,-72.0
1777890161.3873324,0.0,2.0,-77.0
1777890161.3973324,1.0,1.0,-75.0
1777890161.4073324,-2.0,0.0,-76.0
1777890161.4173324,-3.0,-3.0,-77.0
1777890161.4273324,-4.0,-7.0,-83.0
1777890161.4373324,-7.0,-3.0,-86.0
1777890161.4473324,-8.0,-1.0,-83.0
1777890161.4573324,-4.0,-6.0,-85.0
1777890161.4673324,0.0,-3.0,-89.0
1777890161.4773324,0.0,-5.0,-88.0
1777890161.4873323,-1.0,-2.0,-85.0
1777890161.4973323,1.0,-3.0,-80.0
1777890161.5073323,2.0,-3.0,-84.0
1777890161.5173323,2.0,-3.0,-88.0
1777890161.5273323,0.0,-2.0,-87.0
1777890161.5373323,-2.0,0.0,-89.0
1777890161.5473323,-3.0,0.0,-91.0
1777890161.5573325,-1.0,-2.0,-88.0
1777890161.5673325,2.0,-2.0,-82.0
1777890161.5773325,-1.0,-6.0,-76.0
1777890161.5873325,-3.0,-4.0,-82.0
1777890161.5973325,-4.0,-4.0,-82.0
1777890161.6073325,0.0,0.0,-77.0
1777890161.6173325,5.0,0.0,-70.0
1777890161.6273324,6.0,0.0,-71.0
1777890161.6373324,0.0,0.0,-74.0
1777890161.6473324,-1.0,0.0,-68.0
1777890161.6573324,-2.0,-1.0,-71.0
1777890161.6673324,-1.0,-4.0,-79.0
1777890161.6773324,0.0,-1.0,-79.0
1777890161.6873324,0.0,0.0,-71.0
1777890161.6973324,1.0,2.0,-68.0
1777890161.7073324,1.0,4.0,-68.0
1777890161.7173324,0.0,3.0,-71.0
1777890161.7273324,0.0,1.0,-79.0
1777890161.7373323,-4.0,-1.0,-78.0
1777890161.7473323,-4.0,-3.0,-79.0
1777890161.7573323,-7.0,-1.0,-70.0
1777890161.7673323,-6.0,2.0,-75.0
1777890161.7773323,-2.0,2.0,-79.0
1777890161.7873323,1.0,0.0,-83.0
1777890161.7973323,3.0,-3.0,-79.0
1777890161.8073325,2.0,-2.0,-73.0
1777890161.8173325,-1.0,-1.0,-69.0
1777890161.8273325,2.0,0.0,-76.0
1777890161.8373325,0.0,-4.0,-76.0
1777890161.8473325,3.0,-3.0,-76.0
1777890161.8573325,3.0,0.0,-76.0
1777890161.8673325,4.0,0.0,-78.0
1777890161.8773324,3.0,0.0,-78.0
1777890161.8873324,1.0,-5.0,-73.0
1777890161.8973324,2.0,-3.0,-69.0
1777890161.9073324,6.0,-5.0,-71.0
1777890161.9173324,8.0,-2.0,-71.0
1777890161.9273324,6.0,-2.0,-62.0
1777890161.9373324,8.0,-1.0,-66.0
1777890161.9473324,6.0,-2.0,-67.0
1777890161.9573324,5.0,0.0,-73.0
1777890161.9673324,2.0,-1.0,-79.0
1777890161.9773324,0.0,-1.0,-83.0
1777890161.9873323,-2.0,-7.0,-80.0
1777890161.9973323,1.0,-1.0,-76.0
1777890162.0073323,5.0,1.0,-74.0
1777890162.0173323,6.0,3.0,-71.0
1777890162.0273323,4.0,3.0,-73.0
1777890162.0373323,0.0,3.0,-72.0
1777890162.0473323,-3.0,2.0,-76.0
1777890162.0573325,-4.0,3.0,-72.0
1777890162.0673325,0.0,2.0,-65.0
1777890162.0773325,-4.0,1.0,-63.0
1777890162.0873325,3.0,1.0,-61.0
1777890162.0973325,5.0,-3.0,-63.0
1777890162.1073325,10.0,-4.0,-70.0
1777890162.1173325,5.0,-10.0,-68.0
1777890162.1273324,-2.0,-13.0,-69.0
1777890162.1373324,-4.0,-11.0,-69.0
1777890162.1473324,-8.0,-7.0,-62.0
1777890162.1573324,-4.0,-9.0,-63.0
1777890162.1673324,-1.0,-8.0,-60.0
1777890162.1773324,0.0,-2.0,-58.0
1777890162.1873324,1.0,-5.0,-65.0
1777890162.1973324,0.0,-4.0,-65.0
1777890162.2073324,3.0,-4.0,-68.0
1777890162.2173324,3.0,-7.0,-67.0
1777890162.2273324,2.0,-5.0,-65.0
1777890162.2373323,4.0,-4.0,-68.0
1777890162.2473323,3.0,-3.0,-70.0
1777890162.2573323,4.0,-2.0,-72.0
1777890162.2673323,5.0,0.0,-69.0
1777890162.2773323,3.0,-1.0,-72.0
1777890162.2873323,2.0,3.0,-74.0
1777890162.2973323,3.0,6.0,-80.0
1777890162.3073325,2.0,3.0,-76.0
1777890162.3173325,3.0,2.0,-75.0
1777890162.3273325,5.0,0.0,-72.0
1777890162.3373325,7.0,3.0,-75.0
1777890162.3473325,11.0,6.0,-70.0
1777890162.3573325,3.0,6.0,-70.0
1777890162.3673325,2.0,7.0,-76.0
1777890162.3773324,2.0,6.0,-79.0
1777890162.3873324,4.0,4.0,-75.0
1777890162.3973324,6.0,2.0,-68.0
1777890162.4073324,6.0,1.0,-65.0
1777890162.4173324,8.0,4.0,-70.0
1777890162.4273324,3.0,2.0,-70.0
1777890162.4373324,3.0,-1.0,-78.0
1777890162.4473324,7.0,-5.0,-74.0
1777890162.4573324,2.0,-5.0,-73.0
1777890162.4673324,2.0,-7.0,-74.0
1777890162.4773324,3.0,-7.0,-71.0
1777890162.4873323,6.0,-6.0,-77.0
1777890162.4973323,4.0,-5.0,-70.0
1777890162.5073323,3.0,-6.0,-70.0
1777890162.5173323,5.0,-7.0,-77.0
1777890162.5273323,5.0,-3.0,-83.0
1777890162.5373323,5.0,-4.0,-82.0
1777890162.5473323,3.0,-6.0,-85.0
1777890162.5573325,4.0,-5.0,-77.0
1777890162.5673325,0.0,-1.0,-80.0
1777890162.5773325,0.0,-3.0,-79.0
1777890162.5873325,2.0,-1.0,-82.0
1777890162.5973325,-4.0,0.0,-80.0
1777890162.6073325,-6.0,-4.0,-80.0
1777890162.6173325,-10.0,-2.0,-81.0
1777890162.6273324,-9.0,2.0,-75.0
1777890162.6373324,-5.0,-2.0,-67.0
1777890162.6473324,-1.0,0.0,-71.0
1777890162.6573324,-1.0,0.0,-77.0
1777890162.6673324,1.0,3.0,-74.0
1777890162.6773324,-1.0,3.0,-79.0
1777890162.6873324,4.0,7.0,-83.0
1777890162.6973324,4.0,4.0,-86.0
1777890162.7073324,3.0,1.0,-81.0
1777890162.7173324,4.0,3.0,-83.0
1777890162.7273324,5.0,1.0,-85.0
1777890162.7373323,2.0,0.0,-86.0
1777890162.7473323,2.0,1.0,-85.0
1777890162.7573323,0.0,1.0,-83.0
1777890162.7673323,-1.0,3.0,-79.0
1777890162.7773323,0.0,5.0,-70.0
1777890162.7873323,-1.0,4.0,-68.0
1777890162.7973323,1.0,0.0,-61.0
1777890162.8073325,0.0,0.0,-62.0
1777890162.8173325,0.0,1.0,-60.0
1777890162.8273325,1.0,0.0,-66.0
1777890162.8373325,3.0,0.0,-62.0
1777890162.8473325,0.0,0.0,-62.0
1777890162.8573325,0.0,4.0,-62.0
1777890162.8673325,-3.0,5.0,-64.0
1777890162.8783324,0.0,4.0,-68.0
1777890162.8883324,0.0,4.0,-69.0
1777890162.8983324,2.0,2.0,-69.0
1777890162.9073324,-2.0,3.0,-66.0
1777890162.9183323,0.0,7.0,-71.0
1777890162.9283323,2.0,10.0,-67.0
1777890162.9383323,1.0,6.0,-70.0
1777890162.9483323,3.0,3.0,-75.0
1777890162.9583323,2.0,1.0,-79.0
1777890162.9683323,0.0,2.0,-82.0
1777890162.9783323,3.0,4.0,-85.0
1777890162.9883325,1.0,5.0,-85.0
1777890162.9983325,1.0,5.0,-85.0
1777890163.0083325,1.0,3.0,-84.0
1777890163.0183325,1.0,1.0,-84.0
1777890163.0283325,1.0,2.0,-79.0
1777890163.0383325,2.0,0.0,-70.0
1777890163.0483325,4.0,-2.0,-73.0
1777890163.0583324,6.0,-1.0,-79.0
1777890163.0683324,0.0,-2.0,-74.0
1777890163.0783324,-1.0,1.0,-74.0
1777890163.0883324,-1.0,0.0,-74.0
1777890163.0983324,3.0,-4.0,-77.0
1777890163.1083324,0.0,0.0,-77.0
1777890163.1183324,-1.0,0.0,-78.0
1777890163.1283324,0.0,-2.0,-77.0
1777890163.1383324,-1.0,-1.0,-75.0
1777890163.1483324,-7.0,0.0,-76.0
1777890163.1583323,-2.0,0.0,-79.0
1777890163.1683323,1.0,-3.0,-83.0
1777890163.1783323,0.0,-6.0,-81.0
1777890163.1883323,-1.0,-6.0,-70.0
1777890163.1983323,-3.0,-6.0,-72.0
1777890163.2083323,-4.0,-1.0,-72.0
1777890163.2183323,-4.0,2.0,-69.0
1777890163.2283323,0.0,5.0,-72.0
1777890163.2383325,4.0,4.0,-70.0
1777890163.2483325,3.0,4.0,-68.0
1777890163.2583325,7.0,7.0,-63.0
1777890163.2683325,4.0,1.0,-58.0
1777890163.2783325,-2.0,0.0,-61.0
1777890163.2883325,0.0,5.0,-63.0
1777890163.2983325,4.0,4.0,-65.0
1777890163.3083324,0.0,4.0,-72.0
1777890163.3183324,0.0,4.0,-71.0
1777890163.3283324,0.0,0.0,-76.0
1777890163.3383324,-2.0,0.0,-74.0
1777890163.3483324,-2.0,0.0,-69.0
1777890163.3583324,-1.0,1.0,-66.0
1777890163.3683324,-1.0,1.0,-72.0
1777890163.3783324,0.0,-1.0,-76.0
1777890163.3883324,-2.0,0.0,-80.0
1777890163.3983324,-1.0,0.0,-77.0
1777890163.4083323,-4.0,1.0,-76.0
1777890163.4183323,0.0,0.0,-76.0
1777890163.4283323,0.0,-6.0,-77.0
1777890163.4383323,0.0,-10.0,-78.0
1777890163.4483323,1.0,-14.0,-81.0
1777890163.4583323,0.0,-7.0,-76.0
1777890163.4683323,-4.0,-8.0,-76.0
1777890163.4783323,-4.0,-8.0,-77.0
1777890163.4883325,0.0,-5.0,-71.0
1777890163.4983325,0.0,-4.0,-73.0
1777890163.5083325,1.0,-1.0,-70.0
1777890163.5183325,-3.0,-5.0,-68.0
1777890163.5283325,-2.0,1.0,-66.0
1777890163.5383325,-2.0,0.0,-67.0
1777890163.5483325,3.0,0.0,-66.0
1777890163.5583324,10.0,1.0,-59.0
1777890163.5683324,7.0,0.0,-68.0
1777890163.5783324,3.0,0.0,-71.0
1777890163.5883324,2.0,-1.0,-67.0
1777890163.5983324,7.0,2.0,-73.0
1777890163.6083324,4.0,3.0,-79.0
1777890163.6183324,4.0,0.0,-73.0
1777890163.6283324,8.0,0.0,-77.0
1777890163.6383324,5.0,0.0,-80.0
1777890163.6483324,1.0,1.0,-78.0
1777890163.6583323,1.0,-2.0,-75.0
1777890163.6683323,3.0,-1.0,-75.0
1777890163.6783323,2.0,1.0,-74.0
1777890163.6883323,3.0,-3.0,-68.0
1777890163.6983323,0.0,-5.0,-70.0
1777890163.7083323,0.0,-2.0,-71.0
1777890163.7183323,-4.0,-4.0,-68.0
1777890163.7283323,-5.0,-6.0,-68.0
1777890163.7383325,0.0,-3.0,-72.0
1777890163.7483325,1.0,0.0,-77.0
1777890163.7583325,2.0,0.0,-81.0
1777890163.7683325,6.0,-2.0,-76.0
1777890163.7783325,5.0,-5.0,-75.0
1777890163.7883325,1.0,-2.0,-73.0
1777890163.7983325,0.0,0.0,-75.0
1777890163.8083324,1.0,-1.0,-67.0
1777890163.8183324,0.0,0.0,-64.0
1777890163.8283324,0.0,-5.0,-67.0
1777890163.8383324,-5.0,-9.0,-72.0
1777890163.8483324,-6.0,-8.0,-76.0
1777890163.8583324,-2.0,-5.0,-78.0
1777890163.8683324,0.0,-5.0,-74.0
1777890163.8783324,0.0,0.0,-80.0
1777890163.8883324,1.0,-2.0,-77.0
1777890163.8983324,0.0,0.0,-84.0
1777890163.9083323,-2.0,-1.0,-87.0
1777890163.9183323,-3.0,-2.0,-82.0
1777890163.9283323,3.0,-3.0,-87.0
1777890163.9383323,3.0,-3.0,-87.0
1777890163.9483323,1.0,-3.0,-79.0
1777890163.9583323,1.0,-5.0,-72.0
1777890163.9683323,1.0,-6.0,-74.0
1777890163.9783323,0.0,-2.0,-77.0
1777890163.9883325,-1.0,-1.0,-73.0
1777890163.9983325,-2.0,-3.0,-81.0
1777890164.0083325,-2.0,-7.0,-84.0
1777890164.0183325,-4.0,-4.0,-77.0
1777890164.0283325,-1.0,-5.0,-78.0
1777890164.0383325,2.0,-2.0,-71.0
1777890164.0483325,2.0,-3.0,-66.0
1777890164.0583324,0.0,-8.0,-67.0
1777890164.0683324,-1.0,-6.0,-70.0
1777890164.0783324,0.0,-3.0,-74.0
1777890164.0883324,2.0,-5.0,-77.0
1777890164.0983324,2.0,-3.0,-73.0
1777890164.1083324,0.0,-3.0,-71.0
1777890164.1183324,-1.0,-3.0,-76.0
1777890164.1283324,1.0,0.0,-77.0
1777890164.1383324,7.0,0.0,-72.0
1777890164.1483324,7.0,-3.0,-75.0
1777890164.1583323,7.0,-5.0,-72.0
1777890164.1683323,3.0,-5.0,-74.0
1777890164.1783323,5.0,-5.0,-74.0
1777890164.1883323,2.0,-5.0,-72.0
1777890164.1983323,2.0,-4.0,-73.0
1777890164.2083323,4.0,-3.0,-82.0
1777890164.2183323,7.0,-5.0,-83.0
1777890164.2283323,7.0,-3.0,-83.0
1777890164.2383325,2.0,1.0,-79.0
1777890164.2483325,-2.0,0.0,-79.0
1777890164.2583325,1.0,3.0,-76.0
1777890164.2683325,-1.0,1.0,-75.0
1777890164.2783325,0.0,1.0,-80.0
1777890164.2883325,0.0,2.0,-79.0
1777890164.2983325,3.0,4.0,-83.0
1777890164.3083324,6.0,4.0,-87.0
1777890164.3183324,5.0,4.0,-85.0
1777890164.3283324,2.0,0.0,-82.0
1777890164.3383324,5.0,1.0,-78.0
1777890164.3483324,7.0,1.0,-70.0
1777890164.3583324,0.0,-1.0,-72.0
1777890164.3683324,-1.0,-2.0,-67.0
1777890164.3783324,-2.0,-4.0,-70.0
1777890164.3883324,1.0,-5.0,-70.0
1777890164.3983324,6.0,-6.0,-69.0
1777890164.4083323,7.0,-5.0,-66.0
1777890164.4183323,5.0,-3.0,-73.0
1777890164.4283323,0.0,-5.0,-75.0
1777890164.4383323,2.0,-7.0,-85.0
1777890164.4483323,4.0,-5.0,-79.0
1777890164.4583323,10.0,1.0,-75.0
1777890164.4683323,5.0,0.0,-73.0
1777890164.4783323,2.0,-3.0,-77.0
1777890164.4883325,2.0,-4.0,-79.0
1777890164.4983325,3.0,-2.0,-77.0
1777890164.5083325,1.0,0.0,-73.0
1777890164.5183325,1.0,1.0,-70.0
1777890164.5283325,-1.0,3.0,-70.0
1777890164.5383325,-1.0,2.0,-68.0
1777890164.5483325,0.0,2.0,-70.0
1777890164.5583324,0.0,-2.0,-72.0
1777890164.5683324,3.0,0.0,-68.0
1777890164.5783324,4.0,0.0,-68.0
1777890164.5883324,7.0,-1.0,-65.0
1777890164.5983324,9.0,-2.0,-65.0
1777890164.6083324,10.0,2.0,-69.0
1777890164.6183324,7.0,0.0,-71.0
1777890164.6283324,5.0,0.0,-70.0
1777890164.6383324,4.0,2.0,-70.0
1777890164.6483324,7.0,2.0,-70.0
1777890164.6583323,4.0,3.0,-70.0
1777890164.6683323,-3.0,2.0,-72.0
1777890164.6783323,-2.0,3.0,-70.0
1777890164.6883323,0.0,6.0,-73.0
1777890164.6983323,0.0,4.0,-66.0
1777890164.7083323,-2.0,9.0,-73.0
1777890164.7183323,2.0,3.0,-76.0
1777890164.7283323,3.0,0.0,-77.0
1777890164.7383325,0.0,0.0,-81.0
1777890164.7483325,0.0,-1.0,-73.0
1777890164.7583325,0.0,1.0,-64.0
1777890164.7683325,1.0,6.0,-68.0
1777890164.7783325,-6.0,4.0,-68.0
1777890164.7883325,-4.0,-3.0,-65.0
1777890164.7983325,0.0,-1.0,-68.0
1777890164.8083324,0.0,-1.0,-68.0
1777890164.8183324,2.0,-1.0,-71.0
1777890164.8283324,3.0,-2.0,-69.0
1777890164.8383324,6.0,-4.0,-75.0
1777890164.8493323,9.0,-5.0,-75.0
1777890164.8583324,10.0,-7.0,-74.0
1777890164.8683324,4.0,-8.0,-78.0
1777890164.8793323,1.0,-4.0,-77.0
1777890164.8893323,1.0,-2.0,-74.0
1777890164.8983324,1.0,-1.0,-75.0
1777890164.9083323,0.0,-2.0,-79.0
1777890164.9193325,0.0,0.0,-78.0
1777890164.9293325,0.0,0.0,-78.0
1777890164.9393325,2.0,-1.0,-77.0
1777890164.9493325,4.0,0.0,-77.0
1777890164.9583323,0.0,4.0,-76.0
1777890164.9693325,1.0,1.0,-80.0
1777890164.9793324,6.0,-3.0,-79.0
1777890164.9893324,5.0,-4.0,-75.0
1777890164.9993324,4.0,0.0,-78.0
1777890165.0093324,3.0,0.0,-82.0
1777890165.0193324,3.0,-4.0,-85.0
1777890165.0293324,5.0,-2.0,-77.0
1777890165.0393324,0.0,1.0,-71.0
1777890165.0493324,-5.0,3.0,-70.0
1777890165.0593324,-4.0,1.0,-69.0
1777890165.0693324,-2.0,0.0,-71.0
1777890165.0793324,0.0,0.0,-70.0
1777890165.0893323,-1.0,0.0,-68.0
1777890165.0993323,0.0,1.0,-67.0
1777890165.1093323,6.0,-1.0,-76.0
1777890165.1193323,5.0,0.0,-74.0
1777890165.1293323,9.0,2.0,-77.0
1777890165.1393323,4.0,-1.0,-80.0
1777890165.1493323,1.0,2.0,-76.0
1777890165.1593325,2.0,2.0,-70.0
1777890165.1693325,0.0,1.0,-73.0
1777890165.1793325,4.0,-1.0,-75.0
1777890165.1893325,0.0,-3.0,-79.0
1777890165.1993325,-1.0,-2.0,-78.0
1777890165.2093325,1.0,-2.0,-72.0
1777890165.2193325,6.0,-5.0,-84.0
1777890165.2293324,12.0,-4.0,-86.0
1777890165.2393324,7.0,-3.0,-89.0
1777890165.2493324,7.0,-2.0,-86.0
1777890165.2593324,3.0,0.0,-82.0
1777890165.2693324,2.0,2.0,-81.0
1777890165.2793324,2.0,3.0,-80.0
1777890165.2893324,3.0,2.0,-80.0
1777890165.2993324,0.0,1.0,-82.0
1777890165.3093324,-2.0,0.0,-83.0
1777890165.3193324,0.0,-1.0,-76.0
1777890165.3293324,2.0,-3.0,-76.0
1777890165.3393323,4.0,-6.0,-78.0
1777890165.3493323,1.0,-2.0,-77.0
1777890165.3593323,0.0,-1.0,-77.0
1777890165.3693323,1.0,0.0,-77.0
1777890165.3793323,3.0,0.0,-76.0
1777890165.3893323,3.0,0.0,-75.0
1777890165.3993323,5.0,0.0,-77.0
1777890165.4093325,3.0,-3.0,-79.0
1777890165.4193325,0.0,-8.0,-80.0
1777890165.4293325,2.0,-8.0,-78.0
1777890165.4393325,5.0,-8.0,-80.0
1777890165.4493325,6.0,-5.0,-83.0
1777890165.4593325,5.0,-4.0,-77.0
1777890165.4693325,4.0,-2.0,-78.0
1777890165.4793324,6.0,0.0,-81.0
1777890165.4893324,0.0,-6.0,-81.0
1777890165.4993324,0.0,-4.0,-79.0
1777890165.5093324,1.0,-5.0,-85.0
1777890165.5193324,1.0,-3.0,-87.0
1777890165.5293324,0.0,-4.0,-81.0
1777890165.5393324,1.0,-5.0,-79.0
1777890165.5493324,3.0,0.0,-85.0
1777890165.5593324,5.0,4.0,-87.0
1777890165.5693324,4.0,3.0,-86.0
1777890165.5793324,7.0,3.0,-84.0
1777890165.5893323,12.0,0.0,-81.0
1777890165.5993323,8.0,-2.0,-81.0
1777890165.6093323,5.0,-1.0,-80.0
1777890165.6193323,7.0,-5.0,-75.0
1777890165.6293323,4.0,-2.0,-76.0
1777890165.6393323,2.0,-4.0,-74.0
1777890165.6493323,4.0,0.0,-76.0
1777890165.6593325,6.0,0.0,-76.0
1777890165.6693325,5.0,-2.0,-72.0
1777890165.6793325,7.0,-4.0,-67.0
1777890165.6893325,7.0,-2.0,-67.0
1777890165.6993325,5.0,-5.0,-70.0
1777890165.7093325,2.0,-5.0,-71.0
1777890165.7193325,0.0,-7.0,-68.0
1777890165.7293324,-1.0,-5.0,-59.0
1777890165.7393324,4.0,-5.0,-64.0
1777890165.7493324,2.0,-6.0,-67.0
1777890165.7593324,5.0,-9.0,-68.0
1777890165.7693324,1.0,-4.0,-69.0
1777890165.7793324,2.0,0.0,-68.0
1777890165.7893324,0.0,1.0,-68.0
1777890165.7993324,-2.0,1.0,-71.0
1777890165.8093324,-2.0,0.0,-72.0
1777890165.8193324,1.0,1.0,-69.0
1777890165.8293324,6.0,-2.0,-73.0
1777890165.8393323,6.0,-7.0,-74.0
1777890165.8493323,7.0,-5.0,-75.0
1777890165.8593323,11.0,-9.0,-73.0
1777890165.8693323,9.0,-7.0,-71.0
1777890165.8793323,4.0,-3.0,-69.0
1777890165.8893323,4.0,0.0,-68.0
1777890165.8993323,5.0,3.0,-77.0
1777890165.9093325,5.0,2.0,-79.0
1777890165.9193325,4.0,3.0,-79.0
1777890165.9293325,3.0,0.0,-83.0
1777890165.9393325,8.0,5.0,-76.0
1777890165.9493325,7.0,5.0,-78.0
1777890165.9593325,5.0,2.0,-80.0
1777890165.9693325,4.0,0.0,-80.0
1777890165.9793324,9.0,0.0,-72.0
1777890165.9893324,8.0,-2.0,-64.0
1777890165.9993324,9.0,-2.0,-62.0
1777890166.0093324,13.0,-1.0,-57.0
1777890166.0193324,11.0,0.0,-55.0
1777890166.0293324,13.0,0.0,-60.0
1777890166.0393324,9.0,3.0,-66.0
1777890166.0493324,8.0,2.0,-64.0
1777890166.0593324,8.0,0.0,-69.0
1777890166.0693324,8.0,-1.0,-71.0
1777890166.0793324,9.0,0.0,-73.0
1777890166.0893323,7.0,1.0,-72.0
1777890166.0993323,2.0,-6.0,-73.0
1777890166.1093323,-3.0,-1.0,-73.0
1777890166.1193323,-5.0,0.0,-78.0
1777890166.1293323,-11.0,-2.0,-79.0
1777890166.1393323,-11.0,-1.0,-80.0
1777890166.1493323,-5.0,0.0,-80.0
1777890166.1593325,-8.0,0.0,-86.0
1777890166.1693325,-7.0,1.0,-82.0
1777890166.1793325,-3.0,0.0,-80.0
1777890166.1893325,0.0,-1.0,-78.0
1777890166.1993325,-3.0,0.0,-69.0
1777890166.2093325,0.0,0.0,-66.0
1777890166.2193325,0.0,-3.0,-71.0
1777890166.2293324,1.0,-3.0,-71.0
1777890166.2393324,-1.0,-7.0,-68.0
1777890166.2493324,2.0,-2.0,-66.0
1777890166.2593324,1.0,-4.0,-69.0
1777890166.2693324,-5.0,-6.0,-74.0
1777890166.2793324,-6.0,-6.0,-69.0
1777890166.2893324,-8.0,-3.0,-73.0
1777890166.2993324,-5.0,-4.0,-68.0
1777890166.3093324,-5.0,-2.0,-67.0
1777890166.3193324,-2.0,0.0,-71.0
1777890166.3293324,3.0,0.0,-73.0
1777890166.3393323,4.0,1.0,-69.0
1777890166.3493323,-1.0,1.0,-71.0
1777890166.3593323,0.0,3.0,-68.0
1777890166.3693323,2.0,3.0,-65.0
1777890166.3793323,1.0,0.0,-55.0
1777890166.3893323,5.0,0.0,-66.0
1777890166.3993323,8.0,2.0,-77.0
1777890166.4093325,9.0,0.0,-77.0
1777890166.4193325,7.0,0.0,-82.0
1777890166.4293325,6.0,0.0,-83.0
1777890166.4393325,7.0,1.0,-81.0
1777890166.4493325,7.0,1.0,-79.0
1777890166.4593325,3.0,1.0,-83.0
1777890166.4693325,1.0,-1.0,-74.0
1777890166.4793324,-1.0,3.0,-73.0
1777890166.4893324,-1.0,3.0,-69.0
1777890166.4993324,0.0,-2.0,-63.0
1777890166.5093324,2.0,-4.0,-69.0
1777890166.5193324,2.0,-4.0,-78.0
1777890166.5293324,1.0,-4.0,-74.0
1777890166.5393324,4.0,-3.0,-75.0
1777890166.5493324,3.0,-4.0,-78.0
1777890166.5593324,0.0,-2.0,-82.0
1777890166.5693324,-1.0,-1.0,-78.0
1777890166.5793324,-2.0,-2.0,-81.0
1777890166.5893323,0.0,-1.0,-74.0
1777890166.5993323,4.0,0.0,-73.0
1777890166.6093323,5.0,-1.0,-72.0
1777890166.6193323,7.0,-1.0,-77.0
1777890166.6293323,4.0,-2.0,-78.0
1777890166.6393323,0.0,-2.0,-77.0
1777890166.6493323,0.0,-3.0,-78.0
1777890166.6593325,0.0,-3.0,-77.0
1777890166.6693325,7.0,-2.0,-72.0
1777890166.6793325,2.0,-5.0,-77.0
1777890166.6893325,1.0,-2.0,-79.0
1777890166.6993325,3.0,0.0,-74.0
1777890166.7093325,5.0,3.0,-73.0
1777890166.7193325,7.0,-1.0,-77.0
1777890166.7293324,3.0,-1.0,-79.0
1777890166.7393324,1.0,-3.0,-67.0
1777890166.7493324,0.0,-3.0,-64.0
1777890166.7593324,1.0,-7.0,-67.0
1777890166.7693324,0.0,-6.0,-71.0
1777890166.7793324,-2.0,-13.0,-70.0
1777890166.7893324,0.0,-6.0,-66.0
1777890166.7993324,0.0,-5.0,-63.0
1777890166.8093324,0.0,-6.0,-62.0
1777890166.8193324,0.0,-1.0,-60.0
1777890166.8293324,-2.0,0.0,-61.0
1777890166.8393323,-1.0,-1.0,-59.0
1777890166.8503325,-1.0,0.0,-64.0
1777890166.8593323,0.0,7.0,-69.0
1777890166.8703325,-1.0,5.0,-74.0
1777890166.8803325,1.0,5.0,-73.0
1777890166.8903325,-1.0,6.0,-69.0
1777890166.8993323,-4.0,2.0,-69.0
1777890166.9103324,-4.0,1.0,-69.0
1777890166.9203324,-1.0,0.0,-73.0
1777890166.9303324,1.0,0.0,-72.0
1777890166.9403324,1.0,-2.0,-75.0
1777890166.9503324,3.0,-8.0,-80.0
1777890166.9603324,3.0,-9.0,-80.0
1777890166.9703324,0.0,-7.0,-83.0
1777890166.9803324,2.0,-5.0,-83.0
1777890166.9903324,3.0,-1.0,-80.0
1777890167.0003324,3.0,-1.0,-83.0
1777890167.0103323,1.0,1.0,-86.0
1777890167.0203323,0.0,-1.0,-85.0
1777890167.0303323,0.0,-3.0,-79.0
1777890167.0403323,-1.0,-2.0,-74.0
1777890167.0503323,-1.0,2.0,-73.0
1777890167.0603323,1.0,2.0,-73.0
1777890167.0703323,1.0,2.0,-71.0
1777890167.0803325,1.0,2.0,-74.0
1777890167.0903325,2.0,1.0,-73.0
1777890167.1003325,6.0,1.0,-71.0
1777890167.1103325,6.0,3.0,-73.0
1777890167.1203325,8.0,0.0,-78.0
1777890167.1303325,10.0,0.0,-73.0
1777890167.1403325,5.0,0.0,-72.0
1777890167.1503325,6.0,0.0,-71.0
1777890167.1603324,8.0,-3.0,-73.0
1777890167.1703324,5.0,-1.0,-73.0
1777890167.1803324,5.0,1.0,-80.0
1777890167.1903324,4.0,0.0,-80.0
1777890167.2003324,0.0,-2.0,-81.0
1777890167.2103324,-1.0,-6.0,-86.0
1777890167.2203324,-1.0,-9.0,-84.0
1777890167.2303324,0.0,-7.0,-86.0
1777890167.2403324,3.0,-5.0,-89.0
1777890167.2503324,2.0,-2.0,-84.0
1777890167.2603323,-3.0,2.0,-76.0
1777890167.2703323,-4.0,1.0,-79.0
1777890167.2803323,-5.0,0.0,-79.0
1777890167.2903323,-5.0,-1.0,-78.0
1777890167.3003323,-7.0,-2.0,-82.0
1777890167.3103323,-10.0,0.0,-82.0
1777890167.3203323,-8.0,0.0,-86.0
1777890167.3303325,-4.0,1.0,-84.0
1777890167.3403325,-5.0,2.0,-79.0
1777890167.3503325,-4.0,2.0,-71.0
1777890167.3603325,-1.0,6.0,-71.0
1777890167.3703325,0.0,9.0,-71.0
1777890167.3803325,-3.0,9.0,-67.0
1777890167.3903325,0.0,12.0,-67.0
1777890167.4003325,1.0,14.0,-70.0
1777890167.4103324,4.0,12.0,-67.0
1777890167.4203324,1.0,12.0,-64.0
1777890167.4303324,0.0,10.0,-65.0
1777890167.4403324,0.0,10.0,-64.0
1777890167.4503324,0.0,5.0,-72.0
1777890167.4603324,3.0,4.0,-74.0
1777890167.4703324,1.0,4.0,-74.0
1777890167.4803324,0.0,1.0,-78.0
1777890167.4903324,-1.0,0.0,-70.0
1777890167.5003324,2.0,3.0,-71.0
1777890167.5103323,2.0,3.0,-79.0
1777890167.5203323,1.0,5.0,-83.0
1777890167.5303323,3.0,3.0,-82.0
1777890167.5403323,4.0,4.0,-79.0
1777890167.5503323,0.0,4.0,-78.0
1777890167.5603323,-3.0,0.0,-78.0
1777890167.5703323,0.0,0.0,-78.0
1777890167.5803325,2.0,0.0,-77.0
1777890167.5903325,3.0,-1.0,-72.0
1777890167.6003325,4.0,1.0,-66.0
1777890167.6103325,1.0,1.0,-62.0
1777890167.6203325,2.0,1.0,-62.0
1777890167.6303325,5.0,-1.0,-63.0
1777890167.6403325,3.0,1.0,-63.0
1777890167.6503325,5.0,2.0,-58.0
1777890167.6603324,6.0,0.0,-62.0
1777890167.6703324,6.0,0.0,-59.0
1777890167.6803324,1.0,-2.0,-64.0
1777890167.6903324,0.0,-2.0,-71.0
1777890167.7003324,-1.0,-5.0,-72.0
1777890167.7103324,-1.0,-3.0,-74.0
1777890167.7203324,-2.0,-1.0,-72.0
1777890167.7303324,-2.0,5.0,-68.0
1777890167.7403324,2.0,2.0,-65.0
1777890167.7503324,8.0,1.0,-67.0
1777890167.7603323,6.0,2.0,-73.0
1777890167.7703323,6.0,3.0,-74.0
1777890167.7803323,8.0,4.0,-68.0
1777890167.7903323,8.0,7.0,-68.0
1777890167.8003323,9.0,7.0,-68.0
1777890167.8103323,8.0,9.0,-64.0
1777890167.8203323,4.0,10.0,-59.0
1777890167.8303325,4.0,6.0,-57.0
1777890167.8403325,2.0,3.0,-65.0
1777890167.8503325,-1.0,0.0,-73.0
1777890167.8603325,-2.0,4.0,-77.0
1777890167.8703325,1.0,0.0,-74.0
1777890167.8803325,2.0,1.0,-73.0
1777890167.8903325,1.0,3.0,-78.0
1777890167.9003325,4.0,0.0,-78.0
1777890167.9103324,4.0,-2.0,-85.0
1777890167.9203324,5.0,0.0,-88.0
1777890167.9303324,2.0,-3.0,-88.0
1777890167.9403324,0.0,-2.0,-83.0
1777890167.9503324,0.0,-1.0,-76.0
1777890167.9603324,0.0,-3.0,-76.0
1777890167.9703324,0.0,-1.0,-80.0
1777890167.9803324,-1.0,-1.0,-83.0
1777890167.9903324,-3.0,-4.0,-81.0
1777890168.0003324,-5.0,-3.0,-82.0
1777890168.0103323,-6.0,-2.0,-88.0
1777890168.0203323,-7.0,-4.0,-83.0
1777890168.0303323,-3.0,-1.0,-84.0
1777890168.0403323,-2.0,-2.0,-85.0
1777890168.0503323,3.0,-1.0,-81.0
1777890168.0603323,4.0,-1.0,-84.0
1777890168.0703323,2.0,-4.0,-83.0
1777890168.0803325,6.0,-3.0,-81.0
1777890168.0903325,8.0,-3.0,-80.0
1777890168.1003325,9.0,-3.0,-82.0
1777890168.1103325,11.0,0.0,-80.0
1777890168.1203325,12.0,4.0,-78.0
1777890168.1303325,13.0,5.0,-76.0
1777890168.1403325,10.0,8.0,-73.0
1777890168.1503325,12.0,6.0,-76.0
1777890168.1603324,10.0,3.0,-76.0
1777890168.1703324,7.0,3.0,-80.0
1777890168.1803324,5.0,4.0,-83.0
1777890168.1903324,3.0,3.0,-82.0
1777890168.2003324,4.0,1.0,-79.0
1777890168.2103324,5.0,0.0,-81.0
1777890168.2203324,6.0,-5.0,-72.0
1777890168.2303324,7.0,-3.0,-78.0
1777890168.2403324,8.0,3.0,-79.0
1777890168.2503324,4.0,3.0,-83.0
1777890168.2603323,0.0,5.0,-79.0
1777890168.2703323,4.0,3.0,-76.0
1777890168.2803323,8.0,1.0,-71.0
1777890168.2903323,6.0,-2.0,-71.0
1777890168.3003323,5.0,-3.0,-76.0
1777890168.3103323,8.0,0.0,-80.0
1777890168.3203323,10.0,2.0,-79.0
1777890168.3303325,5.0,3.0,-71.0
1777890168.3403325,2.0,7.0,-71.0
1777890168.3503325,2.0,6.0,-75.0
1777890168.3603325,5.0,8.0,-78.0
1777890168.3703325,2.0,10.0,-79.0
1777890168.3803325,4.0,11.0,-76.0
1777890168.3903325,2.0,11.0,-70.0
1777890168.4003325,1.0,8.0,-65.0
1777890168.4103324,-4.0,9.0,-75.0
1777890168.4203324,-6.0,6.0,-80.0
1777890168.4303324,-5.0,1.0,-69.0
1777890168.4403324,-1.0,-3.0,-65.0
1777890168.4503324,0.0,-1.0,-68.0
1777890168.4603324,1.0,-4.0,-68.0
1777890168.4703324,1.0,-3.0,-68.0
1777890168.4803324,6.0,-3.0,-71.0
1777890168.4903324,7.0,-1.0,-70.0
1777890168.5003324,5.0,0.0,-66.0
1777890168.5103323,2.0,-2.0,-70.0
1777890168.5203323,1.0,-2.0,-66.0
1777890168.5303323,-1.0,-1.0,-68.0
1777890168.5403323,0.0,-3.0,-74.0
1777890168.5503323,-2.0,-1.0,-69.0
1777890168.5603323,0.0,0.0,-74.0
1777890168.5703323,-2.0,0.0,-71.0
1777890168.5803325,1.0,0.0,-68.0
1777890168.5903325,0.0,0.0,-68.0
1777890168.6003325,-1.0,2.0,-79.0
1777890168.6103325,-1.0,2.0,-81.0
1777890168.6203325,0.0,4.0,-87.0
1777890168.6303325,-1.0,1.0,-81.0
1777890168.6403325,0.0,0.0,-80.0
1777890168.6503325,0.0,-2.0,-82.0
1777890168.6603324,4.0,-1.0,-78.0
1777890168.6703324,8.0,0.0,-77.0
1777890168.6813323,4.0,2.0,-78.0
1777890168.6903324,0.0,0.0,-76.0
1777890168.7003324,-4.0,1.0,-75.0
1777890168.7103324,-5.0,2.0,-69.0
1777890168.7203324,-8.0,-1.0,-68.0
1777890168.7303324,-5.0,1.0,-72.0
1777890168.7403324,-4.0,3.0,-68.0
1777890168.7503324,-4.0,6.0,-72.0
1777890168.7603323,-9.0,7.0,-69.0
1777890168.7703323,-9.0,5.0,-71.0
1777890168.7803323,-5.0,0.0,-68.0
1777890168.7903323,0.0,0.0,-72.0
1777890168.8003323,1.0,0.0,-74.0
1777890168.8103323,0.0,2.0,-71.0
1777890168.8203323,5.0,6.0,-73.0
1777890168.8303325,2.0,11.0,-72.0
1777890168.8403325,-1.0,11.0,-68.0
1777890168.8513324,0.0,7.0,-75.0
1777890168.8603325,0.0,6.0,-71.0
1777890168.8713324,-1.0,5.0,-73.0
1777890168.8813324,3.0,5.0,-70.0
1777890168.8913324,0.0,1.0,-75.0
1777890168.9013324,1.0,1.0,-77.0
1777890168.9113324,0.0,4.0,-75.0
1777890168.9213324,-1.0,0.0,-79.0
1777890168.9313323,-4.0,-2.0,-75.0
1777890168.9413323,-2.0,-1.0,-69.0
1777890168.9513323,0.0,0.0,-73.0
1777890168.9613323,0.0,0.0,-70.0
1777890168.9713323,-1.0,-2.0,-71.0
1777890168.9813323,0.0,-6.0,-67.0
1777890168.9913323,0.0,-6.0,-61.0
1777890169.0013323,2.0,-5.0,-65.0
1777890169.0113325,1.0,-4.0,-68.0
1777890169.0213325,1.0,-6.0,-70.0
1777890169.0313325,1.0,-2.0,-74.0
1777890169.0413325,0.0,0.0,-81.0
1777890169.0513325,0.0,-2.0,-75.0
1777890169.0613325,1.0,-1.0,-79.0
1777890169.0713325,3.0,0.0,-80.0
1777890169.0813324,7.0,-5.0,-85.0
1777890169.0913324,6.0,-4.0,-83.0
1777890169.1013324,0.0,-1.0,-76.0
1777890169.1113324,1.0,1.0,-76.0
1777890169.1213324,2.0,0.0,-84.0
1777890169.1313324,1.0,0.0,-79.0
1777890169.1413324,0.0,0.0,-78.0
1777890169.1513324,-2.0,2.0,-80.0
1777890169.1613324,-2.0,4.0,-76.0
1777890169.1713324,0.0,0.0,-69.0
1777890169.1813323,-3.0,-3.0,-71.0
1777890169.1913323,-3.0,-3.0,-70.0
1777890169.2013323,-3.0,-5.0,-69.0
1777890169.2113323,0.0,-6.0,-67.0
1777890169.2213323,0.0,-3.0,-65.0
1777890169.2313323,-4.0,-5.0,-68.0
1777890169.2413323,-2.0,-2.0,-67.0
1777890169.2513323,-3.0,0.0,-69.0
1777890169.2613325,-5.0,2.0,-66.0
1777890169.2713325,-3.0,0.0,-71.0
1777890169.2813325,0.0,0.0,-65.0
1777890169.2913325,1.0,3.0,-72.0
1777890169.3013325,4.0,3.0,-71.0
1777890169.3113325,5.0,6.0,-63.0
1777890169.3213325,6.0,1.0,-60.0
1777890169.3313324,7.0,-4.0,-66.0
1777890169.3413324,6.0,-5.0,-67.0
1777890169.3513324,6.0,-4.0,-70.0
1777890169.3613324,3.0,-3.0,-67.0
1777890169.3713324,3.0,-7.0,-70.0
1777890169.3813324,0.0,-6.0,-77.0
1777890169.3913324,5.0,-6.0,-77.0
1777890169.4013324,7.0,-6.0,-77.0
1777890169.4113324,5.0,-6.0,-80.0
1777890169.4213324,9.0,-2.0,-82.0
1777890169.4313323,5.0,0.0,-80.0
1777890169.4413323,3.0,0.0,-82.0
1777890169.4513323,-2.0,-3.0,-82.0
1777890169.4613323,-4.0,-3.0,-78.0
1777890169.4713323,-6.0,-4.0,-73.0
1777890169.4813323,-1.0,-1.0,-73.0
1777890169.4913323,2.0,-4.0,-73.0
1777890169.5013323,3.0,-1.0,-76.0
1777890169.5113325,4.0,-3.0,-80.0
1777890169.5213325,3.0,0.0,-84.0
1777890169.5313325,0.0,-3.0,-84.0
1777890169.5413325,-1.0,-3.0,-80.0
1777890169.5513325,0.0,-5.0,-76.0
1777890169.5613325,-4.0,-7.0,-74.0
1777890169.5713325,-3.0,-7.0,-70.0
1777890169.5813324,0.0,-7.0,-72.0
1777890169.5913324,-1.0,-5.0,-68.0
1777890169.6013324,-1.0,-4.0,-64.0
1777890169.6113324,-5.0,-8.0,-65.0
1777890169.6213324,-5.0,-11.0,-71.0
1777890169.6313324,-2.0,-10.0,-75.0
1777890169.6413324,-1.0,-8.0,-72.0
1777890169.6513324,-3.0,-7.0,-71.0
1777890169.6613324,-3.0,-7.0,-65.0
1777890169.6713324,2.0,-5.0,-75.0
1777890169.6813323,7.0,-2.0,-73.0
1777890169.6913323,11.0,2.0,-74.0
1777890169.7013323,5.0,-1.0,-59.0
1777890169.7113323,1.0,-7.0,-56.0
1777890169.7213323,4.0,-6.0,-58.0
1777890169.7313323,1.0,-1.0,-58.0
1777890169.7413323,1.0,0.0,-70.0
1777890169.7513323,-3.0,2.0,-73.0
1777890169.7613325,-3.0,3.0,-77.0
1777890169.7713325,-6.0,3.0,-78.0
1777890169.7813325,-5.0,2.0,-77.0
1777890169.7913325,-4.0,6.0,-77.0
1777890169.8013325,-4.0,8.0,-77.0
1777890169.8113325,1.0,9.0,-77.0
1777890169.8213325,3.0,1.0,-78.0
1777890169.8313324,3.0,3.0,-79.0
1777890169.8413324,6.0,3.0,-78.0
1777890169.8513324,4.0,2.0,-76.0
1777890169.8613324,0.0,2.0,-75.0
1777890169.8713324,0.0,4.0,-76.0
1777890169.8813324,-3.0,4.0,-80.0
1777890169.8913324,-1.0,0.0,-82.0
1777890169.9013324,2.0,-5.0,-75.0
1777890169.9113324,0.0,-2.0,-79.0
1777890169.9213324,-2.0,-3.0,-81.0
1777890169.9313323,0.0,-2.0,-70.0
1777890169.9413323,2.0,4.0,-70.0
1777890169.9513323,-2.0,5.0,-68.0
1777890169.9613323,-2.0,3.0,-67.0
1777890169.9713323,-2.0,0.0,-71.0
1777890169.9813323,-4.0,0.0,-73.0
1777890169.9913323,-5.0,2.0,-71.0
1777890170.0013323,-6.0,1.0,-69.0
1777890170.0113325,-3.0,-1.0,-73.0
1777890170.0213325,-3.0,1.0,-74.0
1777890170.0313325,-2.0,1.0,-68.0
1777890170.0413325,0.0,5.0,-65.0
1777890170.0513325,1.0,3.0,-69.0
1777890170.0613325,7.0,5.0,-70.0
1777890170.0713325,2.0,7.0,-69.0
1777890170.0813324,0.0,6.0,-76.0
1777890170.0913324,1.0,7.0,-76.0
1777890170.1013324,-1.0,5.0,-72.0
1777890170.1113324,-3.0,3.0,-72.0
1777890170.1213324,-4.0,0.0,-78.0
1777890170.1313324,0.0,2.0,-81.0
1777890170.1413324,3.0,0.0,-80.0
1777890170.1513324,3.0,1.0,-77.0
1777890170.1613324,3.0,-1.0,-72.0
1777890170.1713324,7.0,0.0,-73.0
1777890170.1813323,9.0,2.0,-71.0
1777890170.1913323,5.0,0.0,-71.0
1777890170.2013323,3.0,0.0,-76.0
1777890170.2113323,0.0,0.0,-82.0
1777890170.2213323,2.0,-2.0,-91.0
1777890170.2313323,0.0,-1.0,-89.0
1777890170.2413323,0.0,-3.0,-92.0
1777890170.2513323,-1.0,-4.0,-88.0
1777890170.2613325,-2.0,-6.0,-86.0
1777890170.2713325,-1.0,-7.0,-79.0
1777890170.2813325,-1.0,-1.0,-76.0
1777890170.2913325,-4.0,0.0,-73.0
1777890170.3013325,1.0,0.0,-74.0
1777890170.3113325,-2.0,2.0,-75.0
1777890170.3213325,-2.0,1.0,-78.0
1777890170.3313324,-5.0,0.0,-76.0
1777890170.3413324,-4.0,0.0,-75.0
1777890170.3513324,-4.0,-2.0,-76.0
1777890170.3613324,-4.0,-2.0,-71.0
1777890170.3713324,-3.0,0.0,-68.0
1777890170.3813324,0.0,1.0,-62.0
1777890170.3913324,4.0,7.0,-69.0
1777890170.4013324,6.0,8.0,-69.0
1777890170.4113324,1.0,7.0,-69.0
1777890170.4213324,0.0,0.0,-70.0
1777890170.4313323,-6.0,-2.0,-70.0
1777890170.4413323,-6.0,-1.0,-76.0
1777890170.4513323,-5.0,-1.0,-73.0
1777890170.4613323,-1.0,-4.0,-75.0
1777890170.4713323,5.0,-3.0,-81.0
1777890170.4813323,5.0,-1.0,-76.0
1777890170.4913323,0.0,-3.0,-78.0
1777890170.5013323,0.0,-4.0,-76.0
1777890170.5113325,1.0,-6.0,-78.0
1777890170.5213325,0.0,-10.0,-76.0
1777890170.5313325,0.0,-11.0,-73.0
1777890170.5413325,0.0,-10.0,-75.0
1777890170.5513325,-3.0,-11.0,-77.0
1777890170.5613325,-1.0,-13.0,-73.0
1777890170.5713325,-2.0,-15.0,-70.0
1777890170.5813324,0.0,-13.0,-66.0
1777890170.5913324,-5.0,-10.0,-64.0
1777890170.6013324,-6.0,-8.0,-72.0
1777890170.6113324,-2.0,-3.0,-74.0
1777890170.6213324,-2.0,-3.0,-75.0
1777890170.6313324,-5.0,-5.0,-77.0
1777890170.6413324,0.0,-2.0,-79.0
1777890170.6513324,0.0,0.0,-78.0
1777890170.6613324,0.0,2.0,-85.0
1777890170.6713324,0.0,0.0,-84.0
1777890170.6813323,-1.0,1.0,-83.0
1777890170.6913323,-1.0,0.0,-83.0
1777890170.7013323,-2.0,0.0,-80.0
1777890170.7113323,1.0,3.0,-81.0
1777890170.7213323,0.0,3.0,-76.0
1777890170.7313323,-1.0,0.0,-72.0
1777890170.7413323,-6.0,-1.0,-84.0
1777890170.7513323,-9.0,-2.0,-76.0
1777890170.7613325,-4.0,0.0,-77.0
1777890170.7713325,-1.0,1.0,-75.0
1777890170.7813325,-2.0,2.0,-79.0
1777890170.7913325,0.0,0.0,-82.0
1777890170.8013325,-4.0,0.0,-85.0
1777890170.8113325,-6.0,-2.0,-81.0
1777890170.8223324,-7.0,-4.0,-82.0
1777890170.8323324,-6.0,-4.0,-78.0
1777890170.8423324,-5.0,-3.0,-70.0
1777890170.8523324,-3.0,-7.0,-64.0
1777890170.8623323,-4.0,-7.0,-63.0
1777890170.8723323,-5.0,-5.0,-71.0
1777890170.8823323,-4.0,-4.0,-76.0
1777890170.8923323,-4.0,-4.0,-74.0
1777890170.9023323,-1.0,-1.0,-82.0
1777890170.9123323,2.0,0.0,-79.0
1777890170.9223323,2.0,0.0,-80.0
1777890170.9323325,1.0,-7.0,-85.0
1777890170.9423325,3.0,-4.0,-85.0
1777890170.9523325,3.0,-1.0,-83.0
1777890170.9623325,3.0,5.0,-79.0
1777890170.9723325,6.0,7.0,-79.0
1777890170.9823325,5.0,7.0,-78.0
1777890170.9923325,0.0,6.0,-77.0
1777890171.0023324,0.0,6.0,-73.0
1777890171.0123324,2.0,4.0,-76.0
1777890171.0223324,1.0,4.0,-78.0
1777890171.0323324,3.0,3.0,-75.0
1777890171.0423324,3.0,6.0,-74.0
1777890171.0523324,3.0,8.0,-68.0
1777890171.0623324,1.0,9.0,-71.0
1777890171.0723324,5.0,8.0,-77.0
1777890171.0823324,1.0,8.0,-76.0
1777890171.0923324,0.0,7.0,-75.0
1777890171.1023324,-3.0,6.0,-76.0
1777890171.1123323,-3.0,7.0,-77.0
1777890171.1223323,0.0,4.0,-75.0
1777890171.1323323,1.0,6.0,-75.0
1777890171.1423323,-1.0,5.0,-74.0
1777890171.1523323,2.0,1.0,-75.0
1777890171.1623323,4.0,1.0,-73.0
1777890171.1723323,3.0,3.0,-83.0
1777890171.1823325,2.0,3.0,-85.0
1777890171.1923325,0.0,3.0,-78.0
1777890171.2023325,-3.0,1.0,-74.0
1777890171.2123325,0.0,4.0,-70.0
1777890171.2223325,2.0,0.0,-74.0
1777890171.2323325,4.0,3.0,-76.0
1777890171.2423325,6.0,2.0,-73.0
1777890171.2523324,7.0,-3.0,-72.0
1777890171.2623324,7.0,-1.0,-73.0
1777890171.2723324,5.0,2.0,-72.0
1777890171.2823324,5.0,0.0,-76.0
1777890171.2923324,6.0,-4.0,-74.0
1777890171.3023324,6.0,-2.0,-74.0
1777890171.3123324,5.0,3.0,-78.0
1777890171.3223324,3.0,3.0,-76.0
1777890171.3323324,3.0,7.0,-76.0
1777890171.3423324,5.0,5.0,-76.0
1777890171.3523324,1.0,1.0,-81.0
1777890171.3623323,0.0,-1.0,-81.0
1777890171.3723323,3.0,0.0,-85.0
1777890171.3823323,0.0,3.0,-85.0
1777890171.3923323,4.0,7.0,-82.0
1777890171.4023323,7.0,5.0,-79.0
1777890171.4123323,-1.0,3.0,-69.0
1777890171.4223323,-8.0,2.0,-69.0
1777890171.4323325,-10.0,4.0,-71.0
1777890171.4423325,-7.0,0.0,-76.0
1777890171.4523325,-3.0,-1.0,-69.0
1777890171.4623325,-1.0,0.0,-65.0
1777890171.4723325,-1.0,1.0,-71.0
1777890171.4823325,0.0,4.0,-75.0
1777890171.4923325,1.0,3.0,-77.0
1777890171.5023324,4.0,1.0,-77.0
1777890171.5123324,-1.0,0.0,-77.0
1777890171.5223324,0.0,0.0,-73.0
1777890171.5323324,0.0,0.0,-72.0
1777890171.5423324,1.0,0.0,-73.0
1777890171.5523324,0.0,-4.0,-74.0
1777890171.5623324,-1.0,-5.0,-81.0
1777890171.5723324,-1.0,-3.0,-80.0
1777890171.5823324,-2.0,0.0,-80.0
1777890171.5923324,-1.0,2.0,-88.0
1777890171.6023324,-1.0,5.0,-83.0
1777890171.6123323,0.0,2.0,-79.0
1777890171.6223323,2.0,0.0,-75.0
1777890171.6323323,1.0,1.0,-77.0
1777890171.6423323,-3.0,8.0,-77.0
1777890171.6523323,1.0,10.0,-76.0
1777890171.6623323,-1.0,11.0,-74.0
1777890171.6723323,-5.0,8.0,-76.0
1777890171.6823325,-1.0,2.0,-77.0
1777890171.6923325,-1.0,-1.0,-76.0
1777890171.7023325,1.0,-2.0,-68.0
1777890171.7123325,1.0,-2.0,-71.0
1777890171.7223325,-1.0,-4.0,-68.0
1777890171.7323325,1.0,-5.0,-76.0
1777890171.7423325,7.0,-2.0,-76.0
1777890171.7523324,4.0,-4.0,-79.0
1777890171.7623324,1.0,-6.0,-75.0
1777890171.7723324,-1.0,-7.0,-75.0
1777890171.7823324,0.0,-1.0,-74.0
1777890171.7923324,0.0,-1.0,-70.0
1777890171.8023324,1.0,-1.0,-76.0
1777890171.8123324,1.0,-5.0,-74.0
1777890171.8223324,3.0,-7.0,-71.0
1777890171.8323324,-1.0,0.0,-78.0
1777890171.8423324,2.0,0.0,-78.0
1777890171.8523324,4.0,1.0,-74.0
1777890171.8623323,3.0,0.0,-72.0
1777890171.8723323,2.0,0.0,-72.0
1777890171.8823323,5.0,-1.0,-72.0
1777890171.8923323,5.0,-1.0,-72.0
1777890171.9023323,6.0,0.0,-68.0
1777890171.9123323,5.0,-2.0,-70.0
1777890171.9223323,7.0,-1.0,-74.0
1777890171.9323325,2.0,0.0,-75.0
1777890171.9423325,0.0,2.0,-75.0
1777890171.9523325,1.0,2.0,-79.0
1777890171.9623325,2.0,6.0,-81.0
1777890171.9723325,0.0,5.0,-79.0
1777890171.9823325,1.0,4.0,-78.0
1777890171.9923325,3.0,4.0,-86.0
1777890172.0023324,6.0,5.0,-85.0
1777890172.0123324,7.0,3.0,-83.0
1777890172.0223324,4.0,4.0,-88.0
1777890172.0323324,4.0,2.0,-82.0
1777890172.0423324,7.0,-3.0,-77.0
1777890172.0523324,2.0,-1.0,-77.0
1777890172.0623324,4.0,-1.0,-79.0
1777890172.0723324,0.0,-4.0,-79.0
1777890172.0823324,2.0,0.0,-75.0
1777890172.0923324,7.0,1.0,-73.0
1777890172.1023324,3.0,-2.0,-75.0
1777890172.1123323,7.0,-2.0,-78.0
1777890172.1223323,5.0,-4.0,-77.0
1777890172.1323323,0.0,-2.0,-73.0
1777890172.1423323,4.0,0.0,-71.0
1777890172.1523323,5.0,-2.0,-67.0
1777890172.1623323,2.0,-1.0,-77.0
1777890172.1723323,-2.0,2.0,-81.0
1777890172.1823325,-2.0,1.0,-81.0
1777890172.1923325,0.0,0.0,-85.0
1777890172.2023325,0.0,-1.0,-86.0
1777890172.2123325,2.0,-3.0,-87.0
1777890172.2223325,0.0,0.0,-92.0
1777890172.2323325,0.0,-2.0,-95.0
1777890172.2423325,4.0,-4.0,-93.0
1777890172.2523324,7.0,-3.0,-84.0
1777890172.2623324,6.0,-3.0,-78.0
1777890172.2723324,2.0,-4.0,-78.0
1777890172.2823324,3.0,-2.0,-83.0
1777890172.2923324,0.0,-2.0,-84.0
1777890172.3023324,1.0,-2.0,-80.0
1777890172.3123324,0.0,-3.0,-74.0
1777890172.3223324,0.0,-10.0,-72.0
1777890172.3323324,2.0,-10.0,-77.0
1777890172.3423324,-1.0,-8.0,-71.0
1777890172.3523324,-3.0,-8.0,-78.0
1777890172.3623323,-3.0,-12.0,-81.0
1777890172.3723323,1.0,-8.0,-79.0
1777890172.3823323,1.0,-8.0,-73.0
1777890172.3923323,0.0,-9.0,-77.0
1777890172.4023323,4.0,-11.0,-78.0
1777890172.4123323,4.0,-11.0,-78.0
1777890172.4223323,3.0,-10.0,-80.0
1777890172.4323325,0.0,-6.0,-79.0
1777890172.4423325,5.0,-5.0,-80.0
1777890172.4523325,4.0,-4.0,-81.0
1777890172.4623325,5.0,-4.0,-76.0
1777890172.4723325,5.0,-6.0,-70.0
1777890172.4823325,3.0,-7.0,-78.0
1777890172.4923325,2.0,-8.0,-78.0
1777890172.5023324,2.0,-7.0,-76.0
1777890172.5123324,1.0,-11.0,-83.0
1777890172.5223324,-1.0,-10.0,-80.0
1777890172.5323324,-3.0,-11.0,-79.0
1777890172.5423324,-1.0,-6.0,-75.0
1777890172.5523324,-1.0,-6.0,-75.0
1777890172.5623324,1.0,-5.0,-78.0
1777890172.5723324,1.0,-8.0,-69.0
1777890172.5823324,1.0,-7.0,-71.0
1777890172.5923324,-2.0,-5.0,-73.0
1777890172.6023324,-4.0,-6.0,-82.0
1777890172.6123323,-6.0,-2.0,-86.0
1777890172.6223323,-1.0,0.0,-79.0
1777890172.6323323,-1.0,-3.0,-79.0
1777890172.6423323,-3.0,2.0,-79.0
1777890172.6523323,-6.0,3.0,-86.0
1777890172.6623323,-3.0,2.0,-92.0
1777890172.6723323,0.0,-1.0,-88.0
1777890172.6823325,3.0,-6.0,-83.0
1777890172.6923325,3.0,-8.0,-74.0
1777890172.7023325,4.0,-4.0,-75.0
1777890172.7123325,0.0,-2.0,-75.0
1777890172.7223325,0.0,-1.0,-76.0
1777890172.7323325,-1.0,-6.0,-80.0
1777890172.7423325,-2.0,0.0,-81.0
1777890172.7523324,-1.0,-1.0,-78.0
1777890172.7623324,-1.0,-2.0,-81.0
1777890172.7723324,-2.0,0.0,-75.0
1777890172.7823324,0.0,2.0,-72.0
1777890172.7923324,2.0,0.0,-72.0
1777890172.8023324,0.0,-1.0,-65.0
1777890172.8133323,0.0,1.0,-66.0
1777890172.8223324,3.0,0.0,-66.0
1777890172.8333323,1.0,1.0,-74.0
1777890172.8433323,3.0,1.0,-76.0
1777890172.8533323,0.0,0.0,-75.0
1777890172.8633325,-4.0,2.0,-74.0
1777890172.8733325,-5.0,1.0,-76.0
1777890172.8833325,-7.0,-2.0,-79.0
1777890172.8933325,-5.0,-5.0,-82.0
1777890172.9033325,-6.0,-5.0,-82.0
1777890172.9133325,-5.0,-9.0,-86.0
1777890172.9233325,-4.0,-8.0,-86.0
1777890172.9333324,-4.0,-7.0,-80.0
1777890172.9433324,-1.0,-2.0,-75.0
1777890172.9533324,-2.0,0.0,-67.0
1777890172.9633324,0.0,2.0,-67.0
1777890172.9733324,-3.0,3.0,-76.0
1777890172.9833324,-4.0,3.0,-69.0
1777890172.9933324,-3.0,4.0,-76.0
1777890173.0033324,0.0,2.0,-76.0
1777890173.0133324,-1.0,2.0,-76.0
1777890173.0233324,0.0,0.0,-75.0
1777890173.0333323,0.0,0.0,-78.0
1777890173.0433323,2.0,-1.0,-78.0
1777890173.0533323,0.0,-2.0,-76.0
1777890173.0633323,7.0,0.0,-72.0
1777890173.0733323,6.0,-1.0,-72.0
1777890173.0833323,3.0,4.0,-74.0
1777890173.0933323,7.0,4.0,-72.0
1777890173.1033323,8.0,7.0,-74.0
1777890173.1133325,5.0,3.0,-71.0
1777890173.1233325,7.0,4.0,-67.0
1777890173.1333325,4.0,4.0,-66.0
1777890173.1433325,1.0,1.0,-69.0
1777890173.1533325,2.0,0.0,-70.0
1777890173.1633325,-2.0,1.0,-70.0
1777890173.1733325,2.0,0.0,-68.0
1777890173.1833324,4.0,1.0,-72.0
1777890173.1933324,3.0,0.0,-75.0
1777890173.2033324,0.0,1.0,-74.0
1777890173.2133324,2.0,0.0,-74.0
1777890173.2233324,0.0,-2.0,-71.0
1777890173.2333324,0.0,-5.0,-72.0
1777890173.2433324,-1.0,-2.0,-73.0
1777890173.2533324,1.0,0.0,-72.0
1777890173.2633324,0.0,0.0,-69.0
1777890173.2733324,-1.0,0.0,-67.0
1777890173.2833323,4.0,-3.0,-76.0
1777890173.2933323,4.0,-1.0,-79.0
1777890173.3033323,4.0,-2.0,-84.0
1777890173.3133323,9.0,-1.0,-86.0
1777890173.3233323,6.0,0.0,-83.0
1777890173.3333323,6.0,1.0,-79.0
1777890173.3433323,6.0,3.0,-75.0
1777890173.3533323,5.0,3.0,-67.0
1777890173.3633325,4.0,3.0,-68.0
1777890173.3733325,0.0,3.0,-68.0
1777890173.3833325,-3.0,2.0,-72.0
1777890173.3933325,-1.0,2.0,-71.0
1777890173.4033325,-1.0,0.0,-68.0
1777890173.4133325,-1.0,0.0,-67.0
1777890173.4233325,0.0,0.0,-66.0
1777890173.4333324,-1.0,-2.0,-63.0
1777890173.4433324,0.0,1.0,-72.0
1777890173.4533324,-5.0,0.0,-76.0
1777890173.4633324,-6.0,0.0,-78.0
1777890173.4733324,-3.0,-1.0,-79.0
1777890173.4833324,0.0,0.0,-75.0
1777890173.4933324,2.0,2.0,-71.0
1777890173.5033324,4.0,5.0,-67.0
1777890173.5133324,1.0,4.0,-71.0
1777890173.5233324,-2.0,0.0,-65.0
1777890173.5333323,2.0,2.0,-66.0
1777890173.5433323,0.0,3.0,-65.0
1777890173.5533323,-1.0,6.0,-67.0
1777890173.5633323,0.0,4.0,-65.0
1777890173.5733323,0.0,-1.0,-70.0
1777890173.5833323,1.0,1.0,-72.0
1777890173.5933323,0.0,2.0,-72.0
1777890173.6033323,0.0,1.0,-76.0
1777890173.6133325,2.0,1.0,-79.0
1777890173.6233325,6.0,0.0,-74.0
1777890173.6333325,7.0,1.0,-71.0
1777890173.6433325,2.0,3.0,-73.0
1777890173.6533325,3.0,8.0,-71.0
1777890173.6633325,5.0,6.0,-71.0
1777890173.6733325,8.0,2.0,-68.0
1777890173.6833324,4.0,0.0,-68.0
1777890173.6933324,2.0,5.0,-72.0
1777890173.7033324,-2.0,2.0,-72.0
1777890173.7133324,-3.0,0.0,-68.0
1777890173.7233324,3.0,2.0,-74.0
1777890173.7333324,6.0,2.0,-73.0
1777890173.7433324,7.0,3.0,-79.0
1777890173.7533324,2.0,0.0,-77.0
1777890173.7633324,1.0,3.0,-78.0
1777890173.7733324,3.0,5.0,-80.0
1777890173.7833323,-1.0,-1.0,-80.0
1777890173.7933323,0.0,1.0,-81.0
1777890173.8033323,2.0,-1.0,-84.0
1777890173.8133323,3.0,-1.0,-81.0
1777890173.8233323,2.0,0.0,-77.0
1777890173.8333323,0.0,0.0,-75.0
1777890173.8433323,-5.0,-4.0,-77.0
1777890173.8533323,-4.0,-4.0,-75.0
1777890173.8633325,-5.0,-3.0,-82.0
1777890173.8733325,-5.0,-4.0,-75.0
1777890173.8833325,-7.0,-5.0,-73.0
1777890173.8933325,-4.0,-2.0,-75.0
1777890173.9033325,-2.0,-4.0,-70.0
1777890173.9133325,-1.0,2.0,-72.0
1777890173.9233325,-4.0,0.0,-72.0
1777890173.9333324,-5.0,1.0,-71.0
1777890173.9433324,-10.0,0.0,-72.0
1777890173.9533324,-9.0,0.0,-75.0
1777890173.9633324,-4.0,-2.0,-83.0
1777890173.9733324,-4.0,0.0,-83.0
1777890173.9833324,-2.0,1.0,-76.0
1777890173.9933324,0.0,2.0,-72.0
1777890174.0033324,-3.0,-1.0,-75.0
1777890174.0133324,-2.0,3.0,-77.0
1777890174.0233324,0.0,3.0,-76.0
1777890174.0333323,-3.0,1.0,-77.0
1777890174.0433323,0.0,1.0,-73.0
1777890174.0533323,-3.0,-2.0,-71.0
1777890174.0633323,-4.0,-1.0,-79.0
1777890174.0733323,0.0,-1.0,-66.0
1777890174.0833323,3.0,0.0,-62.0
1777890174.0933323,2.0,-1.0,-66.0
1777890174.1033323,-1.0,1.0,-71.0
1777890174.1133325,-2.0,0.0,-72.0
1777890174.1233325,4.0,-6.0,-75.0
1777890174.1333325,6.0,-4.0,-73.0
1777890174.1433325,2.0,-2.0,-74.0
1777890174.1533325,0.0,-5.0,-68.0
1777890174.1633325,-1.0,-5.0,-65.0
1777890174.1733325,0.0,-6.0,-66.0
1777890174.1833324,-3.0,-4.0,-69.0
1777890174.1933324,-1.0,-3.0,-70.0
1777890174.2033324,-2.0,-3.0,-63.0
1777890174.2133324,-2.0,1.0,-60.0
1777890174.2233324,-2.0,-1.0,-58.0
1777890174.2333324,-3.0,-3.0,-58.0
1777890174.2433324,-4.0,0.0,-67.0
1777890174.2533324,0.0,0.0,-69.0
1777890174.2633324,3.0,-1.0,-65.0
1777890174.2733324,3.0,0.0,-66.0
1777890174.2833323,7.0,0.0,-72.0
1777890174.2933323,6.0,-1.0,-78.0
1777890174.3033323,4.0,-5.0,-82.0
1777890174.3133323,6.0,-8.0,-80.0
1777890174.3233323,9.0,-6.0,-84.0
1777890174.3333323,11.0,-6.0,-80.0
1777890174.3433323,10.0,-4.0,-79.0
1777890174.3533323,6.0,-5.0,-74.0
1777890174.3633325,5.0,-8.0,-73.0
1777890174.3733325,3.0,-10.0,-75.0
1777890174.3833325,2.0,-13.0,-78.0
1777890174.3933325,2.0,-11.0,-78.0
1777890174.4033325,0.0,-5.0,-75.0
1777890174.4133325,3.0,-5.0,-73.0
1777890174.4233325,-2.0,-1.0,-69.0
1777890174.4333324,-3.0,0.0,-69.0
1777890174.4433324,-4.0,-3.0,-73.0
1777890174.4533324,-5.0,-2.0,-71.0
1777890174.4633324,-5.0,-1.0,-73.0
1777890174.4733324,-4.0,1.0,-71.0
1777890174.4833324,-2.0,3.0,-68.0
1777890174.4933324,-12.0,3.0,-69.0
1777890174.5033324,-13.0,0.0,-69.0
1777890174.5133324,-7.0,5.0,-63.0
1777890174.5233324,0.0,5.0,-62.0
1777890174.5333323,-1.0,3.0,-66.0
1777890174.5433323,4.0,0.0,-73.0
1777890174.5533323,-2.0,1.0,-76.0
1777890174.5633323,1.0,-1.0,-78.0
1777890174.5733323,2.0,-5.0,-72.0
1777890174.5833323,6.0,-9.0,-76.0
1777890174.5933323,4.0,-10.0,-75.0
1777890174.6033323,1.0,-8.0,-77.0
1777890174.6133325,1.0,-5.0,-76.0
1777890174.6233325,0.0,-5.0,-78.0
1777890174.6333325,-4.0,-2.0,-81.0
1777890174.6433325,-6.0,-1.0,-80.0
1777890174.6533325,-8.0,-1.0,-82.0
1777890174.6633325,-6.0,0.0,-77.0
1777890174.6733325,-8.0,2.0,-74.0
1777890174.6833324,-1.0,0.0,-74.0
1777890174.6933324,-4.0,-1.0,-77.0
1777890174.7033324,-7.0,-4.0,-77.0
1777890174.7133324,-7.0,-3.0,-74.0
1777890174.7233324,-3.0,-6.0,-81.0
1777890174.7333324,-1.0,-4.0,-73.0
1777890174.7433324,-2.0,0.0,-77.0
1777890174.7533324,0.0,0.0,-81.0
1777890174.7633324,0.0,-3.0,-86.0
1777890174.7733324,2.0,-6.0,-85.0
1777890174.7833323,2.0,-5.0,-86.0
1777890174.7933323,-4.0,-4.0,-76.0
1777890174.8043325,-7.0,-3.0,-68.0
1777890174.8143325,0.0,-1.0,-65.0
1777890174.8243325,6.0,0.0,-77.0
1777890174.8343325,1.0,0.0,-76.0
1777890174.8443325,1.0,-5.0,-79.0
1777890174.8543324,-1.0,-3.0,-79.0
1777890174.8643324,-2.0,-1.0,-75.0
1777890174.8743324,1.0,-1.0,-77.0
1777890174.8843324,1.0,0.0,-76.0
1777890174.8943324,0.0,-1.0,-77.0
1777890174.9043324,0.0,-4.0,-81.0
1777890174.9143324,-6.0,-2.0,-77.0
1777890174.9243324,-6.0,-1.0,-80.0
1777890174.9343324,-2.0,0.0,-82.0
1777890174.9443324,0.0,-5.0,-78.0
1777890174.9543324,2.0,-3.0,-74.0
1777890174.9643323,1.0,2.0,-74.0
1777890174.9743323,-1.0,5.0,-77.0
1777890174.9843323,-5.0,1.0,-80.0
1777890174.9943323,-3.0,3.0,-79.0
1777890175.0053325,3.0,3.0,-77.0
1777890175.0143323,8.0,1.0,-75.0
1777890175.0243323,5.0,2.0,-70.0
1777890175.0343325,0.0,3.0,-71.0
1777890175.0443325,0.0,0.0,-70.0
1777890175.0543325,0.0,-1.0,-76.0
1777890175.0643325,4.0,-2.0,-78.0
1777890175.0743325,2.0,0.0,-73.0
1777890175.0843325,1.0,-4.0,-74.0
1777890175.0943325,5.0,-5.0,-75.0
1777890175.1043324,5.0,-1.0,-73.0
1777890175.1143324,5.0,-4.0,-73.0
1777890175.1243324,3.0,-5.0,-71.0
1777890175.1343324,0.0,-2.0,-77.0
1777890175.1443324,0.0,0.0,-79.0
1777890175.1543324,-1.0,2.0,-80.0
1777890175.1643324,0.0,4.0,-80.0
1777890175.1743324,0.0,1.0,-77.0
1777890175.1843324,-4.0,0.0,-81.0
1777890175.1943324,-1.0,0.0,-77.0
1777890175.2043324,-4.0,-4.0,-75.0
1777890175.2143323,-2.0,-3.0,-78.0
1777890175.2243323,-4.0,-2.0,-75.0
1777890175.2343323,-2.0,-2.0,-73.0
1777890175.2443323,-1.0,-3.0,-74.0
1777890175.2543323,-1.0,-1.0,-72.0
1777890175.2643323,-3.0,-2.0,-76.0
1777890175.2743323,-3.0,-4.0,-74.0
1777890175.2843325,0.0,-4.0,-78.0
1777890175.2943325,-2.0,-1.0,-80.0
1777890175.3043325,1.0,1.0,-78.0
1777890175.3143325,0.0,1.0,-77.0
1777890175.3243325,0.0,0.0,-74.0
1777890175.3343325,0.0,1.0,-81.0
1777890175.3443325,2.0,1.0,-81.0
1777890175.3543324,0.0,5.0,-77.0
1777890175.3643324,1.0,4.0,-77.0
1777890175.3743324,-3.0,4.0,-81.0
1777890175.3843324,0.0,1.0,-77.0
1777890175.3943324,-2.0,-2.0,-80.0
1777890175.4043324,0.0,-5.0,-78.0
1777890175.4143324,-1.0,-5.0,-83.0
1777890175.4243324,0.0,-6.0,-80.0
1777890175.4343324,3.0,-6.0,-86.0
1777890175.4443324,-3.0,-4.0,-85.0
1777890175.4543324,-4.0,-1.0,-79.0
1777890175.4643323,-1.0,-2.0,-73.0
1777890175.4743323,-1.0,-7.0,-67.0
1777890175.4843323,-4.0,-6.0,-63.0
1777890175.4943323,4.0,-2.0,-58.0
1777890175.5043323,4.0,4.0,-60.0
1777890175.5143323,4.0,0.0,-64.0
1777890175.5243323,8.0,0.0,-69.0
1777890175.5343325,5.0,-2.0,-72.0
1777890175.5443325,7.0,0.0,-76.0
1777890175.5543325,3.0,-3.0,-83.0
1777890175.5643325,0.0,-2.0,-84.0
1777890175.5743325,-3.0,-1.0,-79.0
1777890175.5843325,0.0,0.0,-74.0
1777890175.5943325,-2.0,4.0,-72.0
1777890175.6043324,-4.0,2.0,-75.0
1777890175.6143324,-1.0,1.0,-74.0
1777890175.6243324,-1.0,-1.0,-71.0
1777890175.6343324,0.0,0.0,-68.0
1777890175.6443324,6.0,0.0,-66.0
1777890175.6543324,8.0,0.0,-69.0
1777890175.6643324,2.0,2.0,-69.0
1777890175.6743324,0.0,2.0,-80.0
1777890175.6843324,0.0,-2.0,-75.0
1777890175.6943324,-2.0,-4.0,-74.0
1777890175.7043324,0.0,-2.0,-75.0
1777890175.7143323,0.0,2.0,-80.0
1777890175.7243323,1.0,4.0,-80.0
1777890175.7343323,8.0,4.0,-85.0
1777890175.7443323,2.0,0.0,-85.0
1777890175.7543323,-4.0,-3.0,-83.0
1777890175.7643323,-1.0,-4.0,-85.0
1777890175.7743323,0.0,-3.0,-86.0
1777890175.7843325,4.0,-1.0,-79.0
1777890175.7943325,4.0,-1.0,-74.0
1777890175.8043325,4.0,0.0,-72.0
1777890175.8143325,1.0,-2.0,-75.0
1777890175.8243325,-4.0,-2.0,-72.0
1777890175.8343325,-4.0,-3.0,-72.0
1777890175.8443325,-9.0,-2.0,-73.0
1777890175.8543324,-8.0,2.0,-66.0
1777890175.8643324,-9.0,2.0,-64.0
1777890175.8743324,-2.0,1.0,-64.0
1777890175.8843324,-6.0,-1.0,-66.0
1777890175.8943324,-9.0,1.0,-68.0
1777890175.9043324,-3.0,0.0,-67.0
1777890175.9143324,-3.0,0.0,-70.0
1777890175.9243324,-3.0,0.0,-74.0
1777890175.9343324,-1.0,-3.0,-82.0
1777890175.9443324,-2.0,-2.0,-88.0
1777890175.9543324,-3.0,1.0,-88.0
1777890175.9643323,1.0,3.0,-90.0
1777890175.9743323,1.0,-2.0,-87.0
1777890175.9843323,0.0,1.0,-75.0
1777890175.9943323,0.0,1.0,-68.0
1777890176.0043323,0.0,2.0,-66.0
1777890176.0143323,3.0,1.0,-68.0
1777890176.0243323,0.0,0.0,-70.0
1777890176.0343325,3.0,-3.0,-70.0
1777890176.0443325,2.0,-3.0,-70.0
1777890176.0543325,4.0,-1.0,-72.0
1777890176.0643325,7.0,1.0,-75.0
1777890176.0743325,7.0,3.0,-74.0
1777890176.0843325,5.0,4.0,-73.0
1777890176.0943325,1.0,7.0,-68.0
1777890176.1043324,1.0,5.0,-66.0
1777890176.1143324,7.0,4.0,-66.0
1777890176.1243324,4.0,3.0,-64.0
1777890176.1343324,2.0,3.0,-65.0
1777890176.1443324,5.0,0.0,-70.0
1777890176.1543324,2.0,-6.0,-74.0
1777890176.1643324,3.0,-7.0,-70.0
1777890176.1743324,4.0,-8.0,-71.0
1777890176.1843324,1.0,-9.0,-76.0
1777890176.1943324,2.0,-13.0,-74.0
1777890176.2043324,1.0,-8.0,-72.0
1777890176.2143323,0.0,-1.0,-71.0
1777890176.2243323,0.0,-2.0,-68.0
1777890176.2343323,1.0,0.0,-67.0
1777890176.2443323,0.0,2.0,-68.0
1777890176.2543323,1.0,6.0,-70.0
1777890176.2643323,1.0,6.0,-63.0
1777890176.2743323,-1.0,2.0,-62.0
1777890176.2843325,-6.0,0.0,-68.0
1777890176.2943325,-12.0,-5.0,-71.0
1777890176.3043325,-10.0,-5.0,-74.0
1777890176.3143325,-8.0,-7.0,-77.0
1777890176.3243325,-6.0,-4.0,-83.0
1777890176.3343325,-2.0,-2.0,-86.0
1777890176.3443325,-7.0,-2.0,-87.0
1777890176.3543324,-5.0,-4.0,-81.0
1777890176.3643324,-2.0,-2.0,-77.0
1777890176.3743324,-7.0,-2.0,-79.0
1777890176.3843324,-5.0,-1.0,-80.0
1777890176.3943324,0.0,-1.0,-78.0
1777890176.4043324,-2.0,0.0,-78.0
1777890176.4143324,1.0,0.0,-79.0
1777890176.4243324,2.0,0.0,-76.0
1777890176.4343324,4.0,-7.0,-75.0
1777890176.4443324,5.0,-8.0,-74.0
1777890176.4543324,1.0,-4.0,-77.0
1777890176.4643323,0.0,-4.0,-75.0
1777890176.4743323,2.0,-6.0,-74.0
1777890176.4843323,4.0,-6.0,-74.0
1777890176.4943323,0.0,-1.0,-73.0
1777890176.5043323,2.0,-4.0,-73.0
1777890176.5143323,4.0,-4.0,-79.0
1777890176.5243323,8.0,-3.0,-82.0
1777890176.5343325,3.0,-2.0,-76.0
1777890176.5443325,-1.0,-1.0,-78.0
1777890176.5543325,0.0,2.0,-83.0
1777890176.5643325,0.0,0.0,-79.0
1777890176.5743325,-1.0,3.0,-76.0
1777890176.5843325,2.0,3.0,-71.0
1777890176.5943325,1.0,2.0,-60.0
1777890176.6043324,1.0,0.0,-62.0
1777890176.6143324,0.0,2.0,-63.0
1777890176.6243324,0.0,4.0,-68.0
1777890176.6343324,-4.0,3.0,-74.0
1777890176.6443324,-4.0,1.0,-79.0
1777890176.6543324,0.0,1.0,-82.0
1777890176.6643324,3.0,2.0,-77.0
1777890176.6743324,2.0,4.0,-69.0
1777890176.6843324,0.0,7.0,-71.0
1777890176.6943324,-1.0,5.0,-75.0
1777890176.7043324,-1.0,6.0,-67.0
1777890176.7143323,-1.0,4.0,-67.0
1777890176.7243323,0.0,3.0,-68.0
1777890176.7343323,1.0,1.0,-64.0
1777890176.7443323,1.0,4.0,-63.0
1777890176.7553325,0.0,0.0,-70.0
1777890176.7653325,2.0,0.0,-72.0
1777890176.7753325,0.0,1.0,-73.0
1777890176.7853324,-3.0,-3.0,-78.0
1777890176.7943325,-3.0,-3.0,-80.0
1777890176.8053324,0.0,-5.0,-81.0
1777890176.8153324,0.0,-6.0,-88.0
1777890176.8253324,0.0,0.0,-92.0
1777890176.8353324,-1.0,1.0,-89.0
1777890176.8453324,0.0,0.0,-94.0
1777890176.8553324,4.0,0.0,-89.0
1777890176.8653324,4.0,-1.0,-82.0
1777890176.8753324,3.0,1.0,-76.0
1777890176.8853323,1.0,1.0,-76.0
1777890176.8953323,7.0,0.0,-74.0
1777890176.9053323,8.0,1.0,-73.0
1777890176.9153323,8.0,8.0,-74.0
1777890176.9253323,5.0,5.0,-73.0
1777890176.9353323,2.0,-1.0,-78.0
1777890176.9453323,2.0,-4.0,-76.0
1777890176.9553325,0.0,0.0,-78.0
1777890176.9653325,1.0,3.0,-71.0
1777890176.9753325,1.0,0.0,-75.0
1777890176.9853325,3.0,0.0,-75.0
1777890176.9953325,4.0,-1.0,-70.0
1777890177.0053325,4.0,-1.0,-69.0
1777890177.0153325,4.0,-2.0,-70.0
1777890177.0253325,5.0,-6.0,-66.0
1777890177.0353324,0.0,-7.0,-67.0
1777890177.0453324,0.0,-6.0,-67.0
1777890177.0553324,0.0,-5.0,-72.0
1777890177.0653324,1.0,-2.0,-72.0
1777890177.0753324,1.0,0.0,-79.0
1777890177.0853324,2.0,4.0,-76.0
1777890177.0953324,-3.0,7.0,-80.0
1777890177.1053324,-2.0,4.0,-75.0
1777890177.1153324,0.0,3.0,-73.0
1777890177.1253324,-2.0,5.0,-67.0
1777890177.1353323,0.0,1.0,-62.0
1777890177.1453323,-1.0,0.0,-62.0
1777890177.1553323,-1.0,2.0,-59.0
1777890177.1653323,0.0,3.0,-69.0
1777890177.1753323,-1.0,3.0,-69.0
1777890177.1853323,-3.0,0.0,-72.0
1777890177.1953323,-6.0,3.0,-74.0
1777890177.2053325,-4.0,5.0,-82.0
1777890177.2153325,-3.0,2.0,-86.0
1777890177.2253325,-1.0,0.0,-83.0
1777890177.2353325,-2.0,-1.0,-73.0
1777890177.2453325,0.0,-1.0,-76.0
1777890177.2553325,3.0,-1.0,-71.0
1777890177.2653325,3.0,0.0,-70.0
1777890177.2753325,4.0,0.0,-71.0
1777890177.2853324,8.0,3.0,-71.0
1777890177.2953324,11.0,6.0,-65.0
1777890177.3053324,10.0,4.0,-69.0
1777890177.3153324,7.0,3.0,-67.0
1777890177.3253324,3.0,4.0,-70.0
1777890177.3353324,3.0,1.0,-72.0
1777890177.3453324,1.0,2.0,-70.0
1777890177.3553324,0.0,0.0,-74.0
1777890177.3653324,0.0,0.0,-74.0
1777890177.3753324,2.0,-1.0,-73.0
1777890177.3853323,4.0,-2.0,-72.0
1777890177.3953323,7.0,-1.0,-64.0
1777890177.4053323,4.0,-5.0,-63.0
1777890177.4153323,5.0,-8.0,-59.0
1777890177.4253323,2.0,-11.0,-61.0
1777890177.4353323,-4.0,-8.0,-52.0
1777890177.4453323,-7.0,-8.0,-59.0
1777890177.4553325,-6.0,-5.0,-64.0
1777890177.4653325,-4.0,-4.0,-73.0
1777890177.4753325,0.0,-2.0,-68.0
1777890177.4853325,-2.0,-2.0,-72.0
1777890177.4953325,-3.0,3.0,-78.0
1777890177.5053325,-1.0,5.0,-77.0
1777890177.5153325,-2.0,5.0,-75.0
1777890177.5253325,-1.0,4.0,-67.0
1777890177.5353324,0.0,6.0,-69.0
1777890177.5453324,-4.0,2.0,-69.0
1777890177.5553324,-5.0,4.0,-77.0
1777890177.5653324,-6.0,5.0,-82.0
1777890177.5753324,-5.0,6.0,-79.0
1777890177.5853324,-1.0,6.0,-77.0
1777890177.5953324,0.0,3.0,-78.0
1777890177.6053324,-1.0,0.0,-78.0
1777890177.6153324,0.0,0.0,-69.0
1777890177.6253324,0.0,1.0,-66.0
1777890177.6353323,4.0,3.0,-70.0
1777890177.6453323,0.0,7.0,-78.0
1777890177.6553323,-1.0,5.0,-74.0
1777890177.6653323,2.0,3.0,-73.0
1777890177.6753323,0.0,1.0,-74.0
1777890177.6853323,2.0,-1.0,-77.0
1777890177.6953323,3.0,2.0,-76.0
1777890177.7053325,2.0,4.0,-77.0
1777890177.7153325,0.0,5.0,-77.0
1777890177.7253325,2.0,4.0,-74.0
1777890177.7353325,1.0,7.0,-73.0
1777890177.7453325,0.0,1.0,-66.0
1777890177.7553325,1.0,1.0,-61.0
1777890177.7653325,3.0,-1.0,-64.0
1777890177.7753325,0.0,-2.0,-67.0
1777890177.7853324,3.0,-2.0,-67.0
1777890177.7953324,3.0,-6.0,-71.0
1777890177.8053324,-1.0,-3.0,-74.0
1777890177.8153324,-3.0,-5.0,-67.0
1777890177.8253324,-3.0,-7.0,-66.0
1777890177.8353324,2.0,-6.0,-70.0
1777890177.8453324,2.0,-3.0,-70.0
1777890177.8553324,-3.0,-2.0,-73.0
1777890177.8653324,-3.0,-2.0,-72.0
1777890177.8753324,-1.0,-4.0,-75.0
1777890177.8853323,-1.0,-4.0,-78.0
1777890177.8953323,-1.0,-1.0,-83.0
1777890177.9053323,-1.0,0.0,-93.0
1777890177.9153323,-1.0,2.0,-86.0
1777890177.9253323,0.0,0.0,-80.0
1777890177.9353323,0.0,0.0,-81.0
1777890177.9453323,1.0,-2.0,-78.0
1777890177.9553325,5.0,-1.0,-77.0
1777890177.9653325,4.0,-5.0,-78.0
1777890177.9753325,5.0,-6.0,-75.0
1777890177.9853325,2.0,-4.0,-71.0
1777890177.9953325,0.0,-1.0,-69.0
1777890178.0053325,-5.0,-1.0,-73.0
1777890178.0153325,0.0,0.0,-78.0
1777890178.0253325,1.0,1.0,-77.0
1777890178.0353324,0.0,2.0,-72.0
1777890178.0453324,2.0,5.0,-70.0
1777890178.0553324,-2.0,2.0,-68.0
1777890178.0653324,-1.0,0.0,-65.0
1777890178.0753324,0.0,-5.0,-61.0
1777890178.0853324,0.0,-6.0,-66.0
1777890178.0953324,1.0,-7.0,-69.0
1777890178.1053324,5.0,-6.0,-75.0
1777890178.1153324,7.0,-1.0,-78.0
1777890178.1253324,1.0,-5.0,-76.0
1777890178.1353323,2.0,-3.0,-73.0
1777890178.1453323,1.0,0.0,-77.0
1777890178.1553323,2.0,5.0,-79.0
1777890178.1653323,4.0,8.0,-79.0
1777890178.1753323,-1.0,7.0,-77.0
1777890178.1853323,-3.0,5.0,-78.0
1777890178.1953323,-3.0,7.0,-71.0
1777890178.2053325,0.0,3.0,-74.0
1777890178.2153325,1.0,2.0,-79.0
1777890178.2253325,-1.0,3.0,-78.0
1777890178.2353325,0.0,6.0,-79.0
1777890178.2453325,0.0,5.0,-77.0
1777890178.2553325,2.0,3.0,-85.0
1777890178.2653325,5.0,1.0,-84.0
1777890178.2753325,5.0,-3.0,-78.0
1777890178.2853324,6.0,0.0,-78.0
1777890178.2953324,6.0,-2.0,-73.0
1777890178.3053324,5.0,0.0,-68.0
1777890178.3153324,5.0,-2.0,-71.0
1777890178.3253324,9.0,-2.0,-70.0
1777890178.3353324,6.0,2.0,-74.0
1777890178.3453324,4.0,3.0,-81.0
1777890178.3553324,2.0,2.0,-76.0
1777890178.3653324,6.0,0.0,-79.0
1777890178.3753324,6.0,-1.0,-75.0
1777890178.3853323,2.0,0.0,-75.0
1777890178.3953323,-2.0,-4.0,-74.0
1777890178.4053323,-6.0,-3.0,-71.0
1777890178.4153323,-8.0,0.0,-71.0
1777890178.4253323,-3.0,0.0,-69.0
1777890178.4353323,-5.0,0.0,-73.0
1777890178.4453323,-3.0,-2.0,-67.0
1777890178.4553325,-1.0,-1.0,-66.0
1777890178.4653325,-6.0,-1.0,-67.0
1777890178.4753325,-3.0,-4.0,-73.0
1777890178.4853325,-3.0,1.0,-81.0
1777890178.4953325,-2.0,1.0,-82.0
1777890178.5053325,-8.0,5.0,-82.0
1777890178.5153325,-6.0,2.0,-78.0
1777890178.5253325,-8.0,3.0,-80.0
1777890178.5353324,-2.0,3.0,-77.0
1777890178.5453324,-2.0,4.0,-77.0
1777890178.5553324,0.0,2.0,-76.0
1777890178.5653324,0.0,1.0,-72.0
1777890178.5753324,3.0,3.0,-68.0
1777890178.5853324,8.0,3.0,-67.0
1777890178.5953324,4.0,2.0,-67.0
1777890178.6053324,3.0,3.0,-74.0
1777890178.6153324,4.0,3.0,-75.0
1777890178.6253324,2.0,1.0,-75.0
1777890178.6353323,2.0,-1.0,-76.0
1777890178.6453323,1.0,-4.0,-74.0
1777890178.6553323,2.0,-5.0,-77.0
1777890178.6653323,5.0,-4.0,-82.0
1777890178.6753323,4.0,-8.0,-81.0
1777890178.6853323,4.0,-6.0,-79.0
1777890178.6953323,0.0,-4.0,-78.0
1777890178.7053325,-1.0,0.0,-76.0
1777890178.7153325,-2.0,4.0,-74.0
1777890178.7253325,-2.0,0.0,-74.0
1777890178.7353325,-1.0,0.0,-73.0
1777890178.7453325,0.0,-2.0,-69.0
1777890178.7553325,2.0,0.0,-70.0
1777890178.7653325,5.0,0.0,-71.0
1777890178.7753325,6.0,1.0,-72.0
1777890178.7863324,1.0,2.0,-72.0
1777890178.7963324,-1.0,3.0,-75.0
1777890178.8063323,0.0,2.0,-77.0
1777890178.8163323,-1.0,1.0,-76.0
1777890178.8263323,-1.0,-1.0,-72.0
1777890178.8363323,-5.0,1.0,-72.0
1777890178.8463323,-1.0,0.0,-70.0
1777890178.8563323,2.0,-1.0,-71.0
1777890178.8663323,0.0,-2.0,-65.0
1777890178.8753324,-3.0,1.0,-70.0
1777890178.8863325,-5.0,1.0,-73.0
1777890178.8963325,-3.0,1.0,-72.0
1777890178.9063325,-1.0,0.0,-74.0
1777890178.9163325,0.0,-1.0,-75.0
1777890178.9263325,-1.0,-3.0,-68.0
1777890178.9363325,-1.0,-3.0,-70.0
1777890178.9463325,-3.0,-6.0,-69.0
1777890178.9563324,-1.0,-4.0,-67.0
1777890178.9663324,-2.0,-4.0,-66.0
1777890178.9763324,0.0,-2.0,-63.0
1777890178.9863324,-4.0,0.0,-63.0
1777890178.9963324,-4.0,-3.0,-64.0
1777890179.0063324,0.0,-4.0,-63.0
1777890179.0163324,0.0,1.0,-63.0
1777890179.0263324,0.0,2.0,-69.0
1777890179.0363324,-1.0,0.0,-69.0
1777890179.0463324,0.0,-5.0,-67.0
1777890179.0563323,-1.0,-2.0,-66.0
1777890179.0663323,0.0,-1.0,-60.0
1777890179.0763323,0.0,-4.0,-59.0
1777890179.0863323,-2.0,-10.0,-66.0
1777890179.0963323,-1.0,-5.0,-70.0
1777890179.1063323,1.0,-4.0,-68.0
1777890179.1163323,5.0,-3.0,-70.0
1777890179.1263323,2.0,-1.0,-70.0
1777890179.1363325,4.0,0.0,-66.0
1777890179.1463325,4.0,-4.0,-70.0
1777890179.1563325,-1.0,-1.0,-69.0
1777890179.1663325,-1.0,1.0,-64.0
1777890179.1763325,-2.0,1.0,-66.0
1777890179.1863325,0.0,1.0,-67.0
1777890179.1963325,4.0,0.0,-68.0
1777890179.2063324,6.0,0.0,-78.0
1777890179.2163324,3.0,-2.0,-73.0
1777890179.2263324,1.0,-6.0,-66.0
1777890179.2363324,4.0,-4.0,-61.0
1777890179.2463324,8.0,-2.0,-58.0
1777890179.2563324,2.0,-4.0,-63.0
1777890179.2663324,0.0,-5.0,-59.0
1777890179.2763324,-1.0,-3.0,-58.0
1777890179.2863324,0.0,-3.0,-60.0
1777890179.2963324,0.0,-2.0,-67.0
1777890179.3063323,-4.0,-3.0,-66.0
1777890179.3163323,-2.0,0.0,-62.0
1777890179.3263323,0.0,-2.0,-63.0
1777890179.3363323,-1.0,-2.0,-70.0
1777890179.3463323,1.0,-3.0,-67.0
1777890179.3563323,4.0,0.0,-70.0
1777890179.3663323,0.0,0.0,-65.0
1777890179.3763323,-1.0,0.0,-64.0
1777890179.3863325,0.0,1.0,-66.0
1777890179.3963325,2.0,0.0,-73.0
1777890179.4063325,1.0,0.0,-77.0
1777890179.4163325,2.0,2.0,-71.0
1777890179.4263325,3.0,-1.0,-63.0
1777890179.4363325,4.0,0.0,-69.0
1777890179.4463325,0.0,1.0,-79.0
1777890179.4563324,-2.0,1.0,-77.0
1777890179.4663324,1.0,0.0,-73.0
1777890179.4763324,0.0,-2.0,-75.0
1777890179.4863324,-2.0,-4.0,-69.0
1777890179.4963324,-1.0,-5.0,-71.0
1777890179.5063324,0.0,-2.0,-73.0
1777890179.5163324,1.0,-2.0,-66.0
1777890179.5263324,-3.0,0.0,-72.0
1777890179.5363324,-3.0,-2.0,-74.0
1777890179.5463324,-5.0,-4.0,-78.0
1777890179.5563323,-5.0,-5.0,-80.0
1777890179.5663323,-7.0,-5.0,-80.0
1777890179.5763323,-6.0,0.0,-73.0
1777890179.5863323,-5.0,0.0,-73.0
1777890179.5963323,-1.0,0.0,-70.0
1777890179.6063323,0.0,0.0,-71.0
1777890179.6163323,0.0,0.0,-73.0
1777890179.6263323,0.0,-3.0,-75.0
1777890179.6363325,0.0,-1.0,-72.0
1777890179.6463325,-1.0,-2.0,-71.0
1777890179.6563325,-3.0,-2.0,-74.0
1777890179.6663325,-6.0,-2.0,-73.0
1777890179.6763325,-3.0,-3.0,-74.0
1777890179.6863325,-3.0,-3.0,-71.0
1777890179.6963325,-6.0,-1.0,-73.0
1777890179.7063324,-7.0,3.0,-77.0
1777890179.7163324,-4.0,0.0,-74.0
1777890179.7263324,-5.0,0.0,-72.0
1777890179.7363324,-2.0,4.0,-73.0
1777890179.7463324,1.0,1.0,-78.0
1777890179.7563324,0.0,0.0,-74.0
1777890179.7663324,-2.0,-1.0,-76.0
1777890179.7763324,-3.0,-1.0,-77.0
1777890179.7863324,-3.0,-2.0,-83.0
1777890179.7963324,0.0,-5.0,-86.0
1777890179.8063323,0.0,-8.0,-87.0
1777890179.8163323,0.0,-6.0,-81.0
1777890179.8263323,4.0,-5.0,-82.0
1777890179.8363323,6.0,-4.0,-84.0
1777890179.8463323,6.0,1.0,-85.0
1777890179.8563323,3.0,2.0,-79.0
1777890179.8663323,3.0,-3.0,-83.0
1777890179.8763323,5.0,1.0,-87.0
1777890179.8863325,5.0,0.0,-84.0
1777890179.8963325,3.0,1.0,-75.0
1777890179.9063325,1.0,1.0,-72.0
1777890179.9163325,3.0,2.0,-73.0
1777890179.9263325,1.0,2.0,-71.0
1777890179.9363325,-3.0,1.0,-82.0
1777890179.9463325,-3.0,0.0,-77.0
1777890179.9563324,-4.0,-4.0,-69.0
1777890179.9663324,-2.0,-8.0,-66.0
1777890179.9763324,0.0,-7.0,-65.0
1777890179.9863324,5.0,-8.0,-66.0
1777890179.9963324,1.0,-8.0,-68.0
1777890180.0063324,0.0,-5.0,-72.0
1777890180.0163324,0.0,-5.0,-75.0
1777890180.0263324,-2.0,0.0,-73.0
1777890180.0363324,-3.0,0.0,-64.0
1777890180.0463324,0.0,0.0,-64.0
1777890180.0563323,2.0,4.0,-63.0
1777890180.0663323,4.0,0.0,-58.0
1777890180.0763323,3.0,-1.0,-63.0
1777890180.0863323,1.0,1.0,-63.0
1777890180.0963323,1.0,0.0,-67.0
1777890180.1063323,2.0,-2.0,-66.0
1777890180.1163323,2.0,-2.0,-62.0
1777890180.1263323,2.0,0.0,-64.0
1777890180.1363325,1.0,-3.0,-68.0
1777890180.1463325,4.0,-3.0,-66.0
1777890180.1563325,6.0,0.0,-73.0
1777890180.1663325,5.0,0.0,-71.0
1777890180.1763325,2.0,0.0,-72.0
1777890180.1863325,-1.0,-4.0,-73.0
1777890180.1963325,-4.0,-4.0,-73.0
1777890180.2063324,0.0,-2.0,-78.0
1777890180.2163324,7.0,1.0,-78.0
1777890180.2263324,11.0,0.0,-73.0
1777890180.2363324,7.0,0.0,-71.0
1777890180.2463324,3.0,0.0,-75.0
1777890180.2563324,1.0,5.0,-75.0
1777890180.2663324,1.0,4.0,-69.0
1777890180.2763324,8.0,-1.0,-66.0
1777890180.2863324,6.0,-2.0,-69.0
1777890180.2963324,5.0,-1.0,-76.0
1777890180.3063323,3.0,-2.0,-79.0
1777890180.3163323,-1.0,2.0,-74.0
1777890180.3263323,1.0,0.0,-72.0
1777890180.3363323,-1.0,0.0,-72.0
1777890180.3463323,2.0,-1.0,-79.0
1777890180.3563323,3.0,2.0,-83.0
1777890180.3663323,5.0,1.0,-83.0
1777890180.3763323,3.0,-1.0,-85.0
1777890180.3863325,1.0,0.0,-83.0
1777890180.3963325,-2.0,-1.0,-79.0
1777890180.4063325,-4.0,-3.0,-81.0
1777890180.4163325,-9.0,-5.0,-77.0
1777890180.4263325,-5.0,-3.0,-77.0
1777890180.4363325,-6.0,-3.0,-86.0
1777890180.4463325,-2.0,-3.0,-86.0
1777890180.4563324,0.0,-4.0,-78.0
1777890180.4663324,-1.0,-2.0,-75.0
1777890180.4763324,-2.0,-1.0,-82.0
1777890180.4863324,3.0,0.0,-76.0
1777890180.4963324,1.0,-2.0,-67.0
1777890180.5063324,1.0,-1.0,-68.0
1777890180.5163324,2.0,-2.0,-65.0
1777890180.5263324,0.0,-4.0,-74.0
1777890180.5363324,0.0,-3.0,-79.0
1777890180.5463324,2.0,-5.0,-77.0
1777890180.5563323,0.0,-3.0,-80.0
1777890180.5663323,-4.0,0.0,-82.0
1777890180.5763323,-4.0,-2.0,-84.0
1777890180.5863323,-1.0,-3.0,-84.0
1777890180.5963323,1.0,-7.0,-81.0
1777890180.6063323,0.0,-10.0,-74.0
1777890180.6163323,0.0,-8.0,-73.0
1777890180.6263323,-1.0,-6.0,-73.0
1777890180.6363325,-4.0,-2.0,-80.0
1777890180.6463325,-2.0,0.0,-73.0
1777890180.6563325,0.0,0.0,-73.0
1777890180.6663325,0.0,1.0,-70.0
1777890180.6763325,-5.0,1.0,-68.0
1777890180.6863325,-1.0,3.0,-74.0
1777890180.6963325,-2.0,3.0,-77.0
1777890180.7063324,-9.0,0.0,-69.0
1777890180.7163324,-5.0,3.0,-65.0
1777890180.7263324,0.0,1.0,-71.0
1777890180.7363324,0.0,0.0,-73.0
1777890180.7463324,1.0,1.0,-73.0
1777890180.7563324,-1.0,2.0,-70.0
1777890180.7673323,0.0,0.0,-73.0
1777890180.7773323,0.0,3.0,-73.0
1777890180.7873323,0.0,1.0,-74.0
1777890180.7973323,3.0,0.0,-74.0
1777890180.8073325,4.0,0.0,-75.0
1777890180.8173325,4.0,0.0,-71.0
1777890180.8273325,6.0,-7.0,-74.0
1777890180.8373325,2.0,-3.0,-71.0
1777890180.8473325,2.0,-6.0,-64.0
1777890180.8573325,6.0,-6.0,-68.0
1777890180.8673325,4.0,-6.0,-68.0
1777890180.8773324,6.0,-3.0,-66.0
1777890180.8873324,3.0,-3.0,-65.0
1777890180.8973324,6.0,-2.0,-69.0
1777890180.9073324,5.0,-6.0,-71.0
1777890180.9173324,7.0,-3.0,-66.0
1777890180.9273324,5.0,-4.0,-69.0
1777890180.9373324,6.0,-2.0,-66.0
1777890180.9473324,5.0,2.0,-68.0
1777890180.9573324,3.0,4.0,-67.0
1777890180.9673324,7.0,1.0,-73.0
1777890180.9773324,6.0,1.0,-71.0
1777890180.9873323,6.0,0.0,-79.0
1777890180.9973323,6.0,1.0,-74.0
1777890181.0073323,7.0,2.0,-74.0
1777890181.0173323,4.0,2.0,-75.0
1777890181.0273323,-1.0,-2.0,-75.0
1777890181.0373323,-7.0,-1.0,-72.0
1777890181.0473323,-8.0,0.0,-77.0
1777890181.0573325,-6.0,2.0,-76.0
1777890181.0673325,-1.0,8.0,-75.0
1777890181.0773325,-1.0,15.0,-72.0
1777890181.0873325,1.0,13.0,-72.0
1777890181.0973325,0.0,9.0,-76.0
1777890181.1073325,-2.0,5.0,-78.0
1777890181.1173325,0.0,3.0,-76.0
1777890181.1273324,0.0,0.0,-78.0
1777890181.1373324,0.0,-1.0,-81.0
1777890181.1473324,0.0,-3.0,-79.0
1777890181.1573324,1.0,-7.0,-81.0
1777890181.1673324,0.0,-5.0,-74.0
1777890181.1773324,1.0,-7.0,-77.0
1777890181.1873324,4.0,-4.0,-74.0
1777890181.1973324,2.0,-5.0,-72.0
1777890181.2073324,0.0,-1.0,-71.0
1777890181.2173324,3.0,-2.0,-80.0
1777890181.2273324,4.0,-3.0,-78.0
1777890181.2373323,1.0,-2.0,-82.0
1777890181.2473323,-1.0,-1.0,-73.0
1777890181.2573323,-4.0,-3.0,-73.0
1777890181.2673323,-1.0,2.0,-78.0
1777890181.2773323,-2.0,1.0,-74.0
1777890181.2873323,-2.0,0.0,-74.0
1777890181.2973323,0.0,-1.0,-75.0
1777890181.3073325,2.0,-2.0,-76.0
1777890181.3173325,2.0,-3.0,-81.0
1777890181.3273325,2.0,-1.0,-82.0
1777890181.3373325,5.0,0.0,-78.0
1777890181.3473325,6.0,-2.0,-79.0
1777890181.3573325,5.0,-3.0,-78.0
1777890181.3673325,2.0,-3.0,-80.0
1777890181.3773324,0.0,-1.0,-74.0
1777890181.3873324,3.0,-4.0,-71.0
1777890181.3973324,0.0,0.0,-67.0
1777890181.4073324,0.0,-1.0,-73.0
1777890181.4173324,3.0,-1.0,-78.0
1777890181.4273324,8.0,-2.0,-70.0
1777890181.4373324,6.0,-3.0,-70.0
1777890181.4473324,5.0,-4.0,-72.0
1777890181.4573324,1.0,-5.0,-75.0
1777890181.4673324,-3.0,-3.0,-78.0
1777890181.4773324,-3.0,2.0,-73.0
1777890181.4873323,0.0,-1.0,-68.0
1777890181.4973323,2.0,-2.0,-71.0
1777890181.5073323,0.0,-2.0,-71.0
1777890181.5173323,5.0,2.0,-77.0
1777890181.5273323,4.0,2.0,-80.0
1777890181.5373323,2.0,2.0,-73.0
1777890181.5473323,2.0,0.0,-64.0
1777890181.5573325,-2.0,-3.0,-67.0
1777890181.5673325,-1.0,-1.0,-68.0
1777890181.5773325,1.0,-3.0,-70.0
1777890181.5873325,0.0,-3.0,-67.0
1777890181.5973325,-1.0,-2.0,-67.0
1777890181.6073325,-2.0,0.0,-68.0
1777890181.6173325,0.0,5.0,-76.0
1777890181.6273324,-3.0,1.0,-88.0
1777890181.6373324,-4.0,1.0,-81.0
1777890181.6473324,-5.0,2.0,-81.0
1777890181.6573324,-2.0,4.0,-76.0
1777890181.6673324,-1.0,3.0,-77.0
1777890181.6773324,-1.0,9.0,-74.0
1777890181.6873324,2.0,5.0,-74.0
1777890181.6973324,1.0,1.0,-77.0
1777890181.7073324,2.0,1.0,-80.0
1777890181.7173324,-1.0,0.0,-83.0
1777890181.7273324,-2.0,2.0,-81.0
1777890181.7373323,-2.0,1.0,-80.0
1777890181.7473323,0.0,-2.0,-79.0
1777890181.7573323,0.0,-2.0,-75.0
1777890181.7673323,1.0,-3.0,-73.0
1777890181.7773323,2.0,-1.0,-73.0
1777890181.7873323,5.0,0.0,-74.0
1777890181.7973323,2.0,-2.0,-74.0
1777890181.8073325,1.0,0.0,-68.0
1777890181.8173325,1.0,-2.0,-71.0
1777890181.8273325,0.0,3.0,-68.0
1777890181.8383324,0.0,2.0,-64.0
1777890181.8473325,0.0,-2.0,-64.0
1777890181.8573325,5.0,-2.0,-61.0
1777890181.8673325,0.0,0.0,-57.0
1777890181.8773324,0.0,0.0,-60.0
1777890181.8873324,-2.0,-3.0,-62.0
1777890181.8973324,-1.0,-4.0,-66.0
1777890181.9073324,-4.0,-3.0,-77.0
1777890181.9173324,-5.0,-3.0,-82.0
1777890181.9273324,-4.0,-2.0,-85.0
1777890181.9373324,-2.0,-2.0,-79.0
1777890181.9473324,-2.0,0.0,-83.0
1777890181.9573324,1.0,-1.0,-77.0
1777890181.9673324,5.0,-3.0,-77.0
1777890181.9773324,5.0,-2.0,-73.0
1777890181.9873323,7.0,-3.0,-70.0
1777890181.9973323,2.0,-1.0,-77.0
1777890182.0073323,-2.0,-1.0,-77.0
1777890182.0173323,-4.0,-1.0,-77.0
1777890182.0273323,-2.0,2.0,-73.0
1777890182.0373323,-1.0,5.0,-72.0
1777890182.0473323,0.0,3.0,-69.0
1777890182.0573325,0.0,0.0,-72.0
1777890182.0673325,2.0,0.0,-67.0
1777890182.0773325,1.0,2.0,-64.0
1777890182.0873325,-1.0,3.0,-64.0
1777890182.0973325,0.0,4.0,-62.0
1777890182.1073325,2.0,2.0,-66.0
1777890182.1173325,-2.0,1.0,-71.0
1777890182.1273324,-2.0,1.0,-76.0
1777890182.1373324,-2.0,-2.0,-76.0
1777890182.1473324,0.0,0.0,-74.0
1777890182.1573324,0.0,0.0,-71.0
1777890182.1673324,0.0,0.0,-73.0
1777890182.1773324,-2.0,0.0,-71.0
1777890182.1873324,0.0,-5.0,-76.0
1777890182.1973324,2.0,-7.0,-77.0
1777890182.2073324,7.0,-4.0,-71.0
1777890182.2173324,10.0,-4.0,-77.0
1777890182.2273324,11.0,-3.0,-74.0
1777890182.2373323,6.0,-1.0,-78.0
1777890182.2473323,6.0,-2.0,-82.0
1777890182.2573323,5.0,-3.0,-76.0
1777890182.2673323,5.0,-1.0,-77.0
1777890182.2773323,7.0,-1.0,-76.0
1777890182.2873323,3.0,-1.0,-70.0
1777890182.2973323,4.0,0.0,-70.0
1777890182.3073325,9.0,1.0,-67.0
1777890182.3173325,7.0,-2.0,-72.0
1777890182.3273325,1.0,0.0,-76.0
1777890182.3373325,1.0,-1.0,-76.0
1777890182.3473325,1.0,2.0,-73.0
1777890182.3573325,0.0,2.0,-75.0
1777890182.3673325,0.0,2.0,-71.0
1777890182.3773324,0.0,0.0,-72.0
1777890182.3873324,1.0,-1.0,-78.0
1777890182.3973324,-1.0,-2.0,-76.0
1777890182.4073324,1.0,2.0,-80.0
1777890182.4173324,2.0,5.0,-84.0
1777890182.4273324,2.0,2.0,-86.0
1777890182.4373324,1.0,0.0,-88.0
1777890182.4473324,0.0,0.0,-86.0
1777890182.4573324,-4.0,1.0,-81.0
1777890182.4673324,0.0,-2.0,-75.0
1777890182.4773324,1.0,-4.0,-74.0
1777890182.4873323,5.0,0.0,-70.0
1777890182.4973323,2.0,-2.0,-68.0
1777890182.5073323,0.0,-5.0,-65.0
1777890182.5173323,-1.0,-7.0,-66.0
1777890182.5273323,1.0,-7.0,-65.0
1777890182.5373323,4.0,-6.0,-68.0
1777890182.5473323,6.0,-4.0,-64.0
1777890182.5573325,8.0,-6.0,-69.0
1777890182.5673325,3.0,-5.0,-73.0
1777890182.5773325,1.0,-1.0,-71.0
1777890182.5873325,0.0,5.0,-75.0
1777890182.5973325,0.0,6.0,-75.0
1777890182.6073325,1.0,2.0,-81.0
1777890182.6173325,0.0,0.0,-85.0
1777890182.6273324,2.0,0.0,-80.0
1777890182.6373324,0.0,0.0,-77.0
1777890182.6473324,-2.0,0.0,-74.0
1777890182.6573324,6.0,-3.0,-75.0
1777890182.6673324,5.0,-5.0,-74.0
1777890182.6773324,2.0,-4.0,-73.0
1777890182.6873324,1.0,-8.0,-69.0
1777890182.6973324,2.0,-11.0,-68.0
1777890182.7073324,-1.0,-10.0,-69.0
1777890182.7173324,0.0,-8.0,-72.0
1777890182.7273324,-1.0,-4.0,-76.0
1777890182.7383325,2.0,-5.0,-68.0
1777890182.7483325,5.0,-3.0,-70.0
1777890182.7583325,2.0,-2.0,-77.0
1777890182.7683325,3.0,1.0,-85.0
1777890182.7783325,5.0,4.0,-74.0
1777890182.7883325,3.0,3.0,-72.0
1777890182.7983325,3.0,2.0,-72.0
1777890182.8083324,1.0,4.0,-74.0
1777890182.8183324,-3.0,0.0,-69.0
1777890182.8283324,-4.0,-3.0,-78.0
1777890182.8383324,-5.0,-9.0,-80.0
1777890182.8483324,-5.0,-10.0,-81.0
1777890182.8583324,-4.0,-12.0,-88.0
1777890182.8683324,-1.0,-14.0,-88.0
1777890182.8783324,1.0,-9.0,-86.0
1777890182.8883324,-2.0,-5.0,-86.0
1777890182.8983324,-5.0,0.0,-85.0
1777890182.9083323,-5.0,-4.0,-88.0
1777890182.9183323,-2.0,-6.0,-88.0
1777890182.9283323,2.0,-2.0,-85.0
1777890182.9383323,0.0,-1.0,-93.0
1777890182.9483323,1.0,-2.0,-84.0
1777890182.9583323,0.0,0.0,-79.0
1777890182.9683323,2.0,2.0,-71.0
1777890182.9783323,5.0,2.0,-73.0
1777890182.9883325,9.0,1.0,-76.0
1777890182.9983325,9.0,2.0,-76.0
1777890183.0083325,7.0,4.0,-80.0
1777890183.0183325,2.0,2.0,-82.0
1777890183.0283325,3.0,0.0,-84.0
1777890183.0383325,3.0,0.0,-83.0
1777890183.0483325,3.0,0.0,-82.0
1777890183.0583324,3.0,0.0,-77.0
1777890183.0683324,-1.0,-2.0,-73.0
1777890183.0783324,-3.0,-5.0,-75.0
1777890183.0883324,-8.0,-8.0,-78.0
1777890183.0983324,-6.0,-9.0,-86.0
1777890183.1083324,-4.0,-6.0,-82.0
1777890183.1183324,0.0,-4.0,-76.0
1777890183.1283324,0.0,-4.0,-73.0
1777890183.1383324,0.0,-2.0,-74.0
1777890183.1483324,-3.0,-1.0,-63.0
1777890183.1583323,-2.0,-1.0,-67.0
1777890183.1683323,-2.0,2.0,-66.0
1777890183.1783323,1.0,2.0,-65.0
1777890183.1883323,1.0,3.0,-58.0
1777890183.1983323,4.0,1.0,-60.0
1777890183.2083323,1.0,0.0,-66.0
1777890183.2183323,5.0,-3.0,-65.0
1777890183.2283323,0.0,-4.0,-67.0
1777890183.2383325,-2.0,-2.0,-74.0
1777890183.2483325,0.0,-1.0,-71.0
1777890183.2583325,0.0,0.0,-75.0
1777890183.2683325,0.0,0.0,-75.0
1777890183.2783325,3.0,1.0,-77.0
1777890183.2883325,3.0,3.0,-77.0
1777890183.2983325,3.0,1.0,-79.0
1777890183.3083324,-1.0,1.0,-81.0
1777890183.3183324,-3.0,0.0,-78.0
1777890183.3283324,-2.0,-3.0,-75.0
1777890183.3383324,-1.0,-4.0,-70.0
1777890183.3483324,-3.0,-4.0,-70.0
1777890183.3583324,-3.0,-3.0,-73.0
1777890183.3683324,-2.0,-4.0,-71.0
1777890183.3783324,-7.0,-1.0,-71.0
1777890183.3883324,-9.0,0.0,-74.0
1777890183.3983324,-7.0,0.0,-66.0
1777890183.4083323,-2.0,-1.0,-67.0
1777890183.4183323,-8.0,2.0,-70.0
1777890183.4283323,-2.0,3.0,-76.0
1777890183.4383323,-2.0,8.0,-79.0
1777890183.4483323,1.0,7.0,-79.0
1777890183.4583323,0.0,8.0,-69.0
1777890183.4683323,-2.0,5.0,-74.0
1777890183.4783323,0.0,4.0,-77.0
1777890183.4883325,5.0,2.0,-74.0
1777890183.4983325,4.0,2.0,-71.0
1777890183.5083325,4.0,2.0,-75.0
1777890183.5183325,5.0,1.0,-74.0
1777890183.5283325,0.0,-4.0,-74.0
1777890183.5383325,-1.0,-3.0,-69.0
1777890183.5483325,-3.0,-2.0,-74.0
1777890183.5583324,-1.0,-2.0,-72.0
1777890183.5683324,1.0,0.0,-78.0
1777890183.5783324,4.0,2.0,-77.0
1777890183.5883324,3.0,3.0,-81.0
1777890183.5983324,0.0,1.0,-86.0
1777890183.6083324,2.0,5.0,-78.0
1777890183.6183324,1.0,7.0,-70.0
1777890183.6283324,3.0,6.0,-66.0
1777890183.6383324,-1.0,7.0,-59.0
1777890183.6483324,0.0,10.0,-61.0
1777890183.6583323,3.0,9.0,-67.0
1777890183.6683323,5.0,7.0,-73.0
1777890183.6783323,6.0,5.0,-73.0
1777890183.6883323,7.0,3.0,-73.0
1777890183.6983323,3.0,2.0,-66.0
1777890183.7083323,2.0,0.0,-62.0
1777890183.7183323,0.0,0.0,-67.0
1777890183.7283323,-1.0,1.0,-71.0
1777890183.7383325,-1.0,0.0,-71.0
1777890183.7483325,0.0,-2.0,-70.0
1777890183.7583325,3.0,-3.0,-72.0
1777890183.7683325,1.0,-4.0,-76.0
1777890183.7783325,2.0,-4.0,-71.0
1777890183.7883325,5.0,-3.0,-77.0
1777890183.7983325,7.0,-5.0,-76.0
1777890183.8083324,7.0,-2.0,-72.0
1777890183.8183324,8.0,-1.0,-66.0
1777890183.8283324,4.0,0.0,-65.0
1777890183.8383324,1.0,1.0,-64.0
1777890183.8483324,0.0,2.0,-66.0
1777890183.8583324,-1.0,-2.0,-64.0
1777890183.8683324,-1.0,-6.0,-73.0
1777890183.8783324,0.0,-6.0,-76.0
1777890183.8883324,-2.0,-7.0,-75.0
1777890183.8983324,1.0,-7.0,-72.0
1777890183.9083323,3.0,-10.0,-70.0
1777890183.9183323,0.0,-4.0,-71.0
1777890183.9283323,-4.0,-4.0,-76.0
1777890183.9383323,-9.0,-5.0,-69.0
1777890183.9483323,-10.0,-6.0,-66.0
1777890183.9583323,-8.0,-8.0,-64.0
1777890183.9683323,-8.0,-11.0,-69.0
1777890183.9783323,-7.0,-7.0,-64.0
1777890183.9883325,-5.0,-6.0,-69.0
1777890183.9983325,-7.0,-4.0,-80.0
1777890184.0083325,-7.0,-3.0,-82.0
1777890184.0183325,-7.0,-4.0,-80.0
1777890184.0283325,-6.0,-5.0,-77.0
1777890184.0383325,-8.0,-1.0,-75.0
1777890184.0483325,-4.0,0.0,-73.0
1777890184.0583324,-1.0,0.0,-78.0
1777890184.0683324,0.0,-1.0,-85.0
1777890184.0783324,0.0,1.0,-90.0
1777890184.0883324,1.0,2.0,-93.0
1777890184.0983324,4.0,4.0,-84.0
1777890184.1083324,2.0,3.0,-78.0
1777890184.1183324,0.0,0.0,-78.0
1777890184.1283324,-3.0,0.0,-78.0
1777890184.1383324,-4.0,2.0,-78.0
1777890184.1483324,-7.0,8.0,-72.0
1777890184.1583323,-4.0,11.0,-70.0
1777890184.1683323,-5.0,10.0,-74.0
1777890184.1783323,0.0,8.0,-67.0
1777890184.1883323,2.0,4.0,-76.0
1777890184.1983323,8.0,-2.0,-76.0
1777890184.2083323,9.0,-6.0,-82.0
1777890184.2183323,5.0,-2.0,-77.0
1777890184.2283323,2.0,0.0,-72.0
1777890184.2383325,1.0,0.0,-72.0
1777890184.2483325,1.0,-2.0,-70.0
1777890184.2583325,1.0,-6.0,-68.0
1777890184.2683325,6.0,-1.0,-71.0
1777890184.2783325,7.0,0.0,-64.0
1777890184.2883325,9.0,0.0,-73.0
1777890184.2983325,9.0,0.0,-78.0
1777890184.3083324,2.0,0.0,-77.0
1777890184.3183324,4.0,1.0,-78.0
1777890184.3283324,3.0,1.0,-79.0
1777890184.3383324,4.0,-4.0,-79.0
1777890184.3483324,2.0,-4.0,-80.0
1777890184.3583324,-1.0,-3.0,-79.0
1777890184.3683324,1.0,-1.0,-77.0
1777890184.3783324,3.0,-2.0,-78.0
1777890184.3883324,5.0,-1.0,-81.0
1777890184.3983324,1.0,0.0,-82.0
1777890184.4083323,2.0,-3.0,-85.0
1777890184.4183323,0.0,-6.0,-82.0
1777890184.4283323,0.0,-7.0,-78.0
1777890184.4383323,2.0,-6.0,-74.0
1777890184.4483323,2.0,-5.0,-78.0
1777890184.4583323,-2.0,-6.0,-73.0
1777890184.4683323,0.0,-7.0,-73.0
1777890184.4783323,2.0,-9.0,-74.0
1777890184.4883325,4.0,-11.0,-74.0
1777890184.4983325,0.0,-9.0,-80.0
1777890184.5083325,2.0,-5.0,-72.0
1777890184.5183325,7.0,-8.0,-74.0
1777890184.5283325,8.0,-3.0,-76.0
1777890184.5383325,8.0,2.0,-79.0
1777890184.5483325,11.0,4.0,-79.0
1777890184.5583324,8.0,2.0,-79.0
1777890184.5683324,14.0,4.0,-80.0
1777890184.5783324,12.0,0.0,-75.0
1777890184.5883324,10.0,0.0,-72.0
1777890184.5983324,6.0,3.0,-69.0
1777890184.6083324,7.0,4.0,-72.0
1777890184.6183324,6.0,8.0,-71.0
1777890184.6283324,0.0,7.0,-71.0
1777890184.6383324,-5.0,5.0,-73.0
1777890184.6483324,-2.0,5.0,-75.0
1777890184.6583323,-2.0,0.0,-78.0
1777890184.6683323,-4.0,-1.0,-69.0
1777890184.6783323,-4.0,-4.0,-68.0
1777890184.6883323,0.0,-3.0,-70.0
1777890184.6983323,1.0,-1.0,-71.0
1777890184.7083323,0.0,1.0,-72.0
1777890184.7183323,-4.0,0.0,-69.0
1777890184.7293324,-5.0,0.0,-66.0
1777890184.7393324,-3.0,2.0,-61.0
1777890184.7493324,-2.0,0.0,-66.0
1777890184.7593324,-3.0,0.0,-66.0
1777890184.7693324,-5.0,2.0,-63.0
1777890184.7793324,-7.0,0.0,-65.0
1777890184.7893324,-2.0,-2.0,-59.0
1777890184.7993324,0.0,-2.0,-65.0
1777890184.8093324,-1.0,-3.0,-72.0
1777890184.8193324,-3.0,-3.0,-70.0
1777890184.8293324,0.0,-5.0,-69.0
1777890184.8393323,6.0,-7.0,-76.0
1777890184.8493323,7.0,-4.0,-74.0
1777890184.8593323,2.0,-4.0,-71.0
1777890184.8693323,1.0,-2.0,-77.0
1777890184.8793323,2.0,-4.0,-85.0
1777890184.8893323,3.0,-3.0,-86.0
1777890184.8993323,0.0,-5.0,-83.0
1777890184.9093325,-1.0,-9.0,-79.0
1777890184.9193325,-1.0,-8.0,-78.0
1777890184.9293325,-3.0,-5.0,-78.0
1777890184.9393325,1.0,-7.0,-75.0
1777890184.9493325,0.0,-5.0,-74.0
1777890184.9593325,0.0,-7.0,-78.0
1777890184.9693325,2.0,-4.0,-80.0
1777890184.9793324,-3.0,-4.0,-78.0
1777890184.9893324,2.0,-4.0,-81.0
1777890184.9993324,2.0,-4.0,-83.0
1777890185.0093324,1.0,-4.0,-80.0
1777890185.0193324,1.0,-5.0,-80.0
1777890185.0293324,0.0,-2.0,-77.0
1777890185.0393324,-2.0,-1.0,-80.0
1777890185.0493324,0.0,0.0,-78.0
1777890185.0593324,3.0,-3.0,-73.0
1777890185.0693324,5.0,-5.0,-70.0
1777890185.0793324,3.0,-8.0,-67.0
1777890185.0893323,2.0,-7.0,-67.0
1777890185.0993323,5.0,-4.0,-67.0
1777890185.1093323,5.0,-6.0,-67.0
1777890185.1193323,6.0,-6.0,-67.0
1777890185.1293323,0.0,-5.0,-62.0
1777890185.1393323,-5.0,-4.0,-71.0
1777890185.1493323,-5.0,-5.0,-67.0
1777890185.1593325,-2.0,-5.0,-67.0
1777890185.1693325,0.0,2.0,-69.0
1777890185.1793325,0.0,4.0,-68.0
1777890185.1893325,1.0,3.0,-68.0
1777890185.1993325,-1.0,5.0,-69.0
1777890185.2093325,0.0,5.0,-77.0
1777890185.2193325,5.0,3.0,-80.0
1777890185.2293324,4.0,3.0,-74.0
1777890185.2393324,4.0,-1.0,-72.0
1777890185.2493324,2.0,-3.0,-72.0
1777890185.2593324,-1.0,0.0,-75.0
1777890185.2693324,-4.0,2.0,-76.0
1777890185.2793324,-1.0,-1.0,-72.0
1777890185.2893324,-1.0,-1.0,-74.0
1777890185.2993324,1.0,-1.0,-73.0
1777890185.3093324,1.0,-1.0,-74.0
1777890185.3193324,0.0,0.0,-72.0
1777890185.3293324,-5.0,3.0,-68.0
1777890185.3393323,-3.0,0.0,-75.0
1777890185.3493323,-3.0,0.0,-75.0
1777890185.3593323,2.0,-1.0,-87.0
1777890185.3693323,9.0,-1.0,-84.0
1777890185.3793323,13.0,-3.0,-90.0
1777890185.3893323,12.0,-7.0,-84.0
1777890185.3993323,12.0,-8.0,-87.0
1777890185.4093325,13.0,-10.0,-83.0
1777890185.4193325,10.0,-4.0,-73.0
1777890185.4293325,16.0,-5.0,-75.0
1777890185.4393325,13.0,-10.0,-74.0
1777890185.4493325,14.0,-6.0,-81.0
1777890185.4593325,7.0,-3.0,-87.0
1777890185.4693325,4.0,0.0,-88.0
1777890185.4793324,4.0,0.0,-87.0
1777890185.4893324,6.0,1.0,-83.0
1777890185.4993324,1.0,3.0,-77.0
1777890185.5093324,-1.0,3.0,-79.0
1777890185.5193324,1.0,4.0,-81.0
1777890185.5293324,2.0,2.0,-80.0
1777890185.5393324,2.0,4.0,-85.0
1777890185.5493324,4.0,0.0,-82.0
1777890185.5593324,8.0,-1.0,-74.0
1777890185.5693324,5.0,-1.0,-74.0
1777890185.5793324,0.0,2.0,-73.0
1777890185.5893323,-2.0,1.0,-65.0
1777890185.5993323,0.0,2.0,-64.0
1777890185.6093323,-3.0,3.0,-66.0
1777890185.6193323,0.0,1.0,-68.0
1777890185.6293323,2.0,1.0,-76.0
1777890185.6393323,6.0,0.0,-76.0
1777890185.6493323,8.0,-3.0,-70.0
1777890185.6593325,2.0,-5.0,-71.0
1777890185.6693325,-3.0,-6.0,-77.0
1777890185.6793325,0.0,-6.0,-85.0
1777890185.6893325,1.0,-3.0,-79.0
1777890185.6993325,2.0,-5.0,-75.0
1777890185.7093325,-3.0,-7.0,-80.0
1777890185.7193325,-5.0,-8.0,-80.0
1777890185.7293324,-1.0,-4.0,-76.0
1777890185.7393324,-3.0,-2.0,-75.0
1777890185.7493324,-5.0,1.0,-77.0
1777890185.7593324,-5.0,0.0,-77.0
1777890185.7693324,-6.0,1.0,-72.0
1777890185.7793324,3.0,2.0,-68.0
1777890185.7893324,5.0,2.0,-69.0
1777890185.7993324,7.0,-2.0,-68.0
1777890185.8093324,5.0,-2.0,-68.0
1777890185.8193324,0.0,-5.0,-73.0
1777890185.8293324,-1.0,-4.0,-71.0
1777890185.8393323,1.0,-2.0,-74.0
1777890185.8493323,5.0,-5.0,-74.0
1777890185.8593323,3.0,-2.0,-70.0
1777890185.8693323,4.0,0.0,-69.0
1777890185.8793323,1.0,0.0,-73.0
1777890185.8893323,3.0,2.0,-77.0
1777890185.8993323,1.0,1.0,-77.0
1777890185.9093325,-1.0,0.0,-79.0
1777890185.9193325,-8.0,0.0,-83.0
1777890185.9293325,-3.0,-4.0,-82.0
1777890185.9393325,-3.0,-1.0,-78.0
1777890185.9493325,-4.0,-4.0,-80.0
1777890185.9593325,-5.0,-3.0,-73.0
1777890185.9693325,-4.0,0.0,-72.0
1777890185.9793324,0.0,-1.0,-74.0
1777890185.9893324,2.0,0.0,-80.0
1777890185.9993324,3.0,-2.0,-82.0
1777890186.0093324,1.0,-1.0,-82.0
1777890186.0193324,-2.0,-1.0,-77.0
1777890186.0293324,-5.0,-4.0,-77.0
1777890186.0393324,-2.0,-4.0,-74.0
1777890186.0493324,3.0,-4.0,-78.0
1777890186.0593324,0.0,-5.0,-75.0
1777890186.0693324,5.0,-2.0,-74.0
1777890186.0793324,5.0,4.0,-75.0
1777890186.0893323,5.0,3.0,-78.0
1777890186.0993323,0.0,1.0,-80.0
1777890186.1093323,0.0,-2.0,-83.0
1777890186.1193323,-2.0,-3.0,-81.0
1777890186.1293323,-4.0,-3.0,-73.0
1777890186.1393323,-1.0,0.0,-72.0
1777890186.1493323,0.0,-6.0,-74.0
1777890186.1593325,-1.0,-6.0,-82.0
1777890186.1693325,-2.0,0.0,-77.0
1777890186.1793325,-5.0,-1.0,-78.0
1777890186.1893325,-4.0,1.0,-81.0
1777890186.1993325,-3.0,2.0,-84.0
1777890186.2093325,-1.0,-2.0,-75.0
1777890186.2193325,0.0,-4.0,-70.0
1777890186.2293324,2.0,-5.0,-73.0
1777890186.2393324,5.0,-6.0,-76.0
1777890186.2493324,2.0,-4.0,-80.0
1777890186.2593324,-4.0,-1.0,-87.0
1777890186.2693324,-1.0,-2.0,-82.0
1777890186.2793324,0.0,-3.0,-83.0
1777890186.2893324,0.0,0.0,-81.0
1777890186.2993324,-1.0,-1.0,-75.0
1777890186.3093324,1.0,1.0,-81.0
1777890186.3193324,5.0,-3.0,-87.0
1777890186.3293324,5.0,-5.0,-91.0
1777890186.3393323,1.0,-5.0,-86.0
1777890186.3493323,3.0,-8.0,-82.0
1777890186.3593323,-3.0,-8.0,-84.0
1777890186.3693323,-6.0,-5.0,-94.0
1777890186.3793323,-3.0,-6.0,-95.0
1777890186.3893323,-2.0,-6.0,-81.0
1777890186.3993323,-1.0,-5.0,-81.0
1777890186.4093325,-4.0,-7.0,-78.0
1777890186.4193325,-3.0,-6.0,-82.0
1777890186.4293325,0.0,-4.0,-78.0
1777890186.4393325,0.0,-4.0,-75.0
1777890186.4493325,0.0,-6.0,-79.0
1777890186.4593325,-1.0,-2.0,-78.0
1777890186.4693325,0.0,0.0,-69.0
1777890186.4793324,-3.0,0.0,-71.0
1777890186.4893324,-4.0,-2.0,-66.0
1777890186.4993324,-3.0,0.0,-62.0
1777890186.5093324,-4.0,-3.0,-63.0
1777890186.5193324,-2.0,0.0,-69.0
1777890186.5293324,0.0,-1.0,-70.0
1777890186.5393324,0.0,-2.0,-69.0
1777890186.5493324,0.0,0.0,-76.0
1777890186.5593324,0.0,0.0,-78.0
1777890186.5693324,1.0,0.0,-85.0
1777890186.5793324,0.0,-3.0,-92.0
1777890186.5893323,-1.0,-1.0,-89.0
1777890186.5993323,-6.0,-1.0,-92.0
1777890186.6093323,-6.0,-1.0,-85.0
1777890186.6193323,-8.0,0.0,-79.0
1777890186.6293323,-10.0,2.0,-81.0
1777890186.6393323,-11.0,5.0,-78.0
1777890186.6493323,-5.0,10.0,-83.0
1777890186.6593325,-6.0,7.0,-78.0
1777890186.6693325,-6.0,7.0,-75.0
1777890186.6793325,-7.0,6.0,-74.0
1777890186.6893325,-7.0,4.0,-76.0
1777890186.6993325,-5.0,3.0,-77.0
1777890186.7093325,-6.0,3.0,-74.0
1777890186.7203324,-2.0,5.0,-79.0
1777890186.7303324,-1.0,5.0,-81.0
1777890186.7403324,0.0,-1.0,-77.0
1777890186.7503324,-3.0,-3.0,-74.0
1777890186.7603323,0.0,-5.0,-75.0
1777890186.7703323,0.0,-8.0,-79.0
1777890186.7803323,0.0,-7.0,-77.0
1777890186.7903323,0.0,-3.0,-72.0
1777890186.8003323,0.0,-6.0,-76.0
1777890186.8103323,0.0,-7.0,-79.0
1777890186.8203323,-3.0,-8.0,-80.0
1777890186.8303325,0.0,-3.0,-74.0
1777890186.8403325,0.0,-1.0,-75.0
1777890186.8503325,0.0,-3.0,-74.0
1777890186.8603325,0.0,0.0,-80.0
1777890186.8703325,2.0,0.0,-76.0
1777890186.8803325,-1.0,1.0,-75.0
1777890186.8903325,-3.0,1.0,-75.0
1777890186.9003325,2.0,-1.0,-75.0
1777890186.9103324,-3.0,0.0,-70.0
1777890186.9213324,-5.0,-5.0,-74.0
1777890186.9303324,-3.0,-4.0,-78.0
1777890186.9403324,0.0,-4.0,-78.0
1777890186.9503324,0.0,-2.0,-73.0
1777890186.9603324,-1.0,0.0,-80.0
1777890186.9703324,3.0,-1.0,-82.0
1777890186.9803324,4.0,-1.0,-82.0
1777890186.9903324,8.0,2.0,-69.0
1777890187.0003324,8.0,2.0,-63.0
1777890187.0103323,5.0,-1.0,-66.0
1777890187.0203323,5.0,-5.0,-74.0
1777890187.0303323,5.0,-3.0,-77.0
1777890187.0403323,3.0,0.0,-81.0
1777890187.0503323,0.0,-1.0,-81.0
1777890187.0603323,0.0,0.0,-76.0
1777890187.0703323,5.0,0.0,-77.0
1777890187.0803325,7.0,0.0,-76.0
1777890187.0903325,2.0,0.0,-73.0
1777890187.1003325,-4.0,-1.0,-73.0
1777890187.1103325,-1.0,1.0,-77.0
1777890187.1203325,7.0,0.0,-77.0
1777890187.1303325,13.0,3.0,-76.0
1777890187.1403325,17.0,3.0,-75.0
1777890187.1503325,8.0,0.0,-74.0
1777890187.1603324,6.0,0.0,-72.0
1777890187.1703324,5.0,-3.0,-76.0
1777890187.1803324,5.0,-4.0,-76.0
1777890187.1903324,8.0,-3.0,-75.0
1777890187.2003324,8.0,-3.0,-75.0
1777890187.2103324,6.0,-3.0,-71.0
1777890187.2203324,10.0,-4.0,-64.0
1777890187.2303324,9.0,-3.0,-70.0
1777890187.2403324,1.0,-1.0,-69.0
1777890187.2503324,-1.0,-1.0,-72.0
1777890187.2603323,-1.0,2.0,-69.0
1777890187.2703323,0.0,2.0,-66.0
1777890187.2803323,-4.0,0.0,-67.0
1777890187.2903323,-5.0,0.0,-69.0
1777890187.3003323,-5.0,0.0,-75.0
1777890187.3103323,-5.0,-1.0,-84.0
1777890187.3203323,0.0,-2.0,-89.0
1777890187.3303325,2.0,-2.0,-88.0
1777890187.3403325,0.0,0.0,-87.0
1777890187.3503325,-1.0,-1.0,-90.0
1777890187.3603325,1.0,-1.0,-95.0
1777890187.3703325,0.0,-3.0,-90.0
1777890187.3803325,3.0,0.0,-89.0
1777890187.3903325,2.0,-1.0,-84.0
1777890187.4003325,0.0,0.0,-83.0
1777890187.4103324,3.0,-1.0,-80.0
1777890187.4203324,-2.0,1.0,-69.0
1777890187.4303324,-9.0,1.0,-69.0
1777890187.4403324,-10.0,0.0,-68.0
1777890187.4503324,-9.0,0.0,-75.0
1777890187.4603324,-4.0,0.0,-79.0
1777890187.4703324,-5.0,-1.0,-77.0
1777890187.4803324,0.0,-2.0,-70.0
1777890187.4903324,-1.0,-2.0,-68.0
1777890187.5003324,2.0,-5.0,-80.0
1777890187.5103323,1.0,-6.0,-82.0
1777890187.5203323,3.0,-6.0,-77.0
1777890187.5303323,4.0,-4.0,-79.0
1777890187.5403323,5.0,-3.0,-80.0
1777890187.5503323,6.0,-3.0,-75.0
1777890187.5603323,9.0,-5.0,-69.0
1777890187.5703323,4.0,-6.0,-71.0
1777890187.5803325,1.0,-5.0,-64.0
1777890187.5903325,0.0,-8.0,-64.0
1777890187.6003325,-1.0,-9.0,-69.0
1777890187.6103325,0.0,-9.0,-69.0
1777890187.6203325,3.0,-5.0,-67.0
1777890187.6303325,-3.0,-6.0,-65.0
1777890187.6403325,-6.0,-5.0,-60.0
1777890187.6503325,-4.0,-5.0,-63.0
1777890187.6603324,-5.0,-5.0,-63.0
1777890187.6703324,-4.0,-6.0,-68.0
1777890187.6803324,-3.0,-5.0,-72.0
1777890187.6903324,-2.0,-2.0,-73.0
1777890187.7003324,-2.0,-5.0,-75.0
1777890187.7103324,-2.0,-7.0,-81.0
1777890187.7203324,0.0,-8.0,-81.0
1777890187.7303324,1.0,-6.0,-77.0
1777890187.7403324,0.0,-2.0,-77.0
1777890187.7503324,2.0,-1.0,-82.0
1777890187.7603323,3.0,-7.0,-86.0
1777890187.7703323,0.0,-7.0,-84.0
1777890187.7803323,0.0,-4.0,-81.0
1777890187.7903323,0.0,-8.0,-80.0
1777890187.8003323,-1.0,-10.0,-82.0
1777890187.8103323,-2.0,-8.0,-76.0
1777890187.8203323,-2.0,-8.0,-72.0
1777890187.8303325,3.0,-7.0,-70.0
1777890187.8403325,5.0,-3.0,-76.0
1777890187.8503325,3.0,-6.0,-71.0
1777890187.8603325,0.0,-5.0,-76.0
1777890187.8703325,1.0,-1.0,-73.0
1777890187.8803325,0.0,-1.0,-77.0
1777890187.8903325,0.0,-2.0,-77.0
1777890187.9003325,2.0,-2.0,-76.0
1777890187.9103324,3.0,-1.0,-77.0
1777890187.9203324,0.0,-2.0,-78.0
1777890187.9303324,0.0,-2.0,-70.0
1777890187.9403324,-2.0,0.0,-77.0
1777890187.9503324,-2.0,0.0,-85.0
1777890187.9603324,-1.0,4.0,-76.0
1777890187.9703324,-6.0,0.0,-75.0
1777890187.9803324,-4.0,2.0,-78.0
1777890187.9903324,2.0,5.0,-74.0
1777890188.0003324,0.0,-3.0,-75.0
1777890188.0103323,4.0,-2.0,-77.0
1777890188.0203323,4.0,-2.0,-78.0
1777890188.0303323,-1.0,-4.0,-83.0
1777890188.0403323,1.0,-4.0,-78.0
1777890188.0503323,-1.0,-1.0,-72.0
1777890188.0603323,1.0,4.0,-73.0
1777890188.0703323,3.0,0.0,-80.0
1777890188.0803325,3.0,-1.0,-85.0
1777890188.0903325,-1.0,-3.0,-82.0
1777890188.1003325,1.0,-1.0,-80.0
1777890188.1103325,2.0,-1.0,-75.0
1777890188.1203325,4.0,-5.0,-68.0
1777890188.1303325,1.0,-4.0,-70.0
1777890188.1403325,-3.0,-6.0,-73.0
1777890188.1503325,0.0,-3.0,-72.0
1777890188.1603324,0.0,0.0,-70.0
1777890188.1703324,0.0,-2.0,-69.0
1777890188.1803324,1.0,-4.0,-66.0
1777890188.1903324,2.0,0.0,-69.0
1777890188.2003324,3.0,0.0,-67.0
1777890188.2103324,5.0,-7.0,-66.0
1777890188.2203324,5.0,-4.0,-67.0
1777890188.2303324,3.0,-3.0,-71.0
1777890188.2403324,0.0,-5.0,-73.0
1777890188.2503324,0.0,-4.0,-71.0
1777890188.2603323,0.0,-3.0,-69.0
1777890188.2703323,-4.0,-3.0,-72.0
1777890188.2803323,-4.0,-1.0,-73.0
1777890188.2903323,-2.0,-1.0,-71.0
1777890188.3003323,1.0,-1.0,-75.0
1777890188.3103323,1.0,-2.0,-79.0
1777890188.3203323,0.0,-2.0,-75.0
1777890188.3303325,-4.0,-4.0,-76.0
1777890188.3403325,-1.0,-2.0,-76.0
1777890188.3503325,0.0,2.0,-76.0
1777890188.3603325,0.0,0.0,-80.0
1777890188.3703325,-3.0,-3.0,-85.0
1777890188.3803325,0.0,-2.0,-90.0
1777890188.3903325,2.0,-3.0,-89.0
1777890188.4003325,4.0,-1.0,-89.0
1777890188.4103324,0.0,1.0,-89.0
1777890188.4203324,3.0,0.0,-85.0
1777890188.4303324,0.0,0.0,-88.0
1777890188.4403324,2.0,-2.0,-85.0
1777890188.4503324,5.0,-2.0,-85.0
1777890188.4603324,6.0,-3.0,-79.0
1777890188.4703324,3.0,-5.0,-77.0
1777890188.4803324,1.0,-2.0,-79.0
1777890188.4903324,0.0,0.0,-90.0
1777890188.5003324,0.0,3.0,-89.0
1777890188.5103323,5.0,-1.0,-89.0
1777890188.5203323,9.0,-4.0,-86.0
1777890188.5303323,8.0,-7.0,-84.0
1777890188.5403323,6.0,-8.0,-82.0
1777890188.5503323,11.0,-6.0,-90.0
1777890188.5603323,6.0,-3.0,-88.0
1777890188.5703323,-1.0,-1.0,-80.0
1777890188.5803325,-5.0,-2.0,-81.0
1777890188.5903325,-2.0,0.0,-85.0
1777890188.6003325,-4.0,1.0,-85.0
1777890188.6103325,-4.0,0.0,-82.0
1777890188.6203325,-1.0,0.0,-80.0
1777890188.6303325,0.0,-1.0,-74.0
1777890188.6403325,-4.0,1.0,-77.0
1777890188.6503325,-4.0,5.0,-76.0
1777890188.6603324,-5.0,2.0,-83.0
1777890188.6703324,-4.0,0.0,-82.0
1777890188.6803324,-7.0,0.0,-86.0
1777890188.6913323,-1.0,0.0,-76.0
1777890188.7013323,-2.0,0.0,-73.0
1777890188.7113323,0.0,0.0,-78.0
1777890188.7213323,1.0,0.0,-72.0
1777890188.7313323,0.0,0.0,-70.0
1777890188.7413323,1.0,-5.0,-76.0
1777890188.7513323,0.0,-1.0,-78.0
1777890188.7613325,-1.0,0.0,-77.0
1777890188.7713325,-10.0,-2.0,-72.0
1777890188.7813325,-9.0,-1.0,-79.0
1777890188.7913325,-8.0,-1.0,-80.0
1777890188.8013325,-12.0,0.0,-81.0
1777890188.8113325,-10.0,2.0,-80.0
1777890188.8213325,-6.0,3.0,-75.0
1777890188.8313324,-2.0,2.0,-73.0
1777890188.8413324,0.0,-2.0,-70.0
1777890188.8513324,0.0,0.0,-70.0
1777890188.8613324,0.0,0.0,-76.0
1777890188.8713324,4.0,0.0,-80.0
1777890188.8813324,4.0,1.0,-77.0
1777890188.8913324,10.0,4.0,-78.0
1777890188.9013324,16.0,2.0,-78.0
1777890188.9113324,15.0,1.0,-78.0
1777890188.9213324,11.0,1.0,-81.0
1777890188.9313323,7.0,2.0,-81.0
1777890188.9413323,7.0,4.0,-86.0
1777890188.9513323,2.0,1.0,-84.0
1777890188.9613323,-1.0,-2.0,-83.0
1777890188.9713323,0.0,0.0,-79.0
1777890188.9813323,-1.0,1.0,-83.0
1777890188.9913323,-3.0,4.0,-89.0
1777890189.0013323,-5.0,1.0,-78.0
1777890189.0113325,-2.0,-5.0,-77.0
1777890189.0213325,-6.0,-2.0,-81.0
1777890189.0313325,-7.0,-4.0,-86.0
1777890189.0413325,-5.0,-3.0,-80.0
1777890189.0513325,-7.0,-2.0,-84.0
1777890189.0613325,-7.0,-3.0,-85.0
1777890189.0713325,-2.0,-1.0,-82.0
1777890189.0813324,-1.0,-3.0,-80.0
1777890189.0913324,-1.0,-3.0,-75.0
1777890189.1013324,3.0,-5.0,-72.0
1777890189.1113324,1.0,-4.0,-72.0
1777890189.1213324,0.0,-1.0,-73.0
1777890189.1313324,-4.0,-1.0,-74.0
1777890189.1413324,-9.0,0.0,-69.0
1777890189.1513324,-9.0,1.0,-70.0
1777890189.1613324,-3.0,1.0,-74.0
1777890189.1713324,0.0,2.0,-69.0
1777890189.1813323,0.0,1.0,-67.0
1777890189.1913323,-1.0,0.0,-66.0
1777890189.2013323,-2.0,0.0,-69.0
1777890189.2113323,0.0,-2.0,-66.0
1777890189.2213323,1.0,-4.0,-65.0
1777890189.2313323,2.0,-2.0,-66.0
1777890189.2413323,2.0,-3.0,-65.0
1777890189.2513323,-4.0,-2.0,-69.0
1777890189.2613325,-3.0,0.0,-63.0
1777890189.2713325,0.0,0.0,-61.0
1777890189.2813325,3.0,1.0,-64.0
1777890189.2913325,9.0,7.0,-64.0
1777890189.3013325,3.0,3.0,-68.0
1777890189.3113325,6.0,2.0,-70.0
1777890189.3213325,8.0,4.0,-71.0
1777890189.3313324,6.0,5.0,-72.0
1777890189.3413324,3.0,7.0,-72.0
1777890189.3513324,3.0,1.0,-70.0
1777890189.3613324,1.0,2.0,-70.0
1777890189.3713324,6.0,0.0,-69.0
1777890189.3813324,7.0,1.0,-75.0
1777890189.3913324,10.0,-1.0,-74.0
1777890189.4013324,9.0,-4.0,-75.0
1777890189.4113324,7.0,-5.0,-76.0
1777890189.4213324,7.0,-3.0,-82.0
1777890189.4313323,7.0,0.0,-81.0
1777890189.4413323,6.0,0.0,-75.0
1777890189.4513323,7.0,-2.0,-72.0
1777890189.4613323,10.0,-1.0,-69.0
1777890189.4713323,5.0,0.0,-69.0
1777890189.4813323,4.0,0.0,-71.0
1777890189.4913323,1.0,0.0,-73.0
1777890189.5013323,3.0,-1.0,-68.0
1777890189.5113325,0.0,-1.0,-66.0
1777890189.5213325,7.0,0.0,-66.0
1777890189.5313325,9.0,-2.0,-71.0
1777890189.5413325,5.0,-3.0,-72.0
1777890189.5513325,0.0,-1.0,-73.0
1777890189.5613325,3.0,-2.0,-73.0
1777890189.5713325,2.0,-3.0,-70.0
1777890189.5813324,4.0,-4.0,-70.0
1777890189.5913324,0.0,-4.0,-66.0
1777890189.6013324,-3.0,-5.0,-65.0
1777890189.6113324,-7.0,-4.0,-68.0
1777890189.6213324,-7.0,-2.0,-73.0
1777890189.6313324,-5.0,-4.0,-70.0
1777890189.6413324,-5.0,-5.0,-69.0
1777890189.6513324,-3.0,-7.0,-67.0
1777890189.6613324,4.0,-5.0,-70.0
1777890189.6713324,5.0,-10.0,-72.0
1777890189.6813323,0.0,-13.0,-78.0
1777890189.6913323,4.0,-9.0,-72.0
1777890189.7013323,4.0,-8.0,-70.0
1777890189.7113323,1.0,-6.0,-67.0
1777890189.7213323,0.0,-3.0,-76.0
1777890189.7313323,1.0,0.0,-71.0
1777890189.7413323,0.0,4.0,-74.0
1777890189.7513323,4.0,3.0,-78.0
1777890189.7613325,3.0,2.0,-78.0
1777890189.7713325,3.0,3.0,-76.0
1777890189.7813325,8.0,1.0,-74.0
1777890189.7913325,10.0,1.0,-71.0
1777890189.8013325,8.0,1.0,-72.0
1777890189.8113325,5.0,0.0,-74.0
1777890189.8213325,7.0,-1.0,-69.0
1777890189.8313324,5.0,-3.0,-65.0
1777890189.8413324,4.0,-1.0,-67.0
1777890189.8513324,2.0,-2.0,-71.0
1777890189.8613324,0.0,-4.0,-70.0
1777890189.8713324,-1.0,-5.0,-72.0
1777890189.8813324,-6.0,-5.0,-71.0
1777890189.8913324,-5.0,-4.0,-69.0
1777890189.9013324,0.0,-3.0,-72.0
1777890189.9113324,1.0,0.0,-71.0
1777890189.9213324,1.0,1.0,-78.0
1777890189.9313323,1.0,1.0,-76.0
1777890189.9413323,1.0,-4.0,-83.0
1777890189.9513323,-3.0,-7.0,-82.0
1777890189.9613323,-3.0,-8.0,-79.0
1777890189.9713323,-4.0,-9.0,-82.0
1777890189.9813323,-5.0,-7.0,-80.0
1777890189.9913323,-3.0,-7.0,-80.0
1777890190.0013323,-9.0,-6.0,-81.0
1777890190.0113325,-10.0,-4.0,-79.0
1777890190.0213325,-8.0,-4.0,-73.0
1777890190.0313325,0.0,-3.0,-67.0
1777890190.0413325,6.0,-5.0,-68.0
1777890190.0513325,8.0,-7.0,-66.0
1777890190.0613325,7.0,-3.0,-70.0
1777890190.0713325,9.0,-4.0,-69.0
1777890190.0813324,10.0,-2.0,-67.0
1777890190.0913324,5.0,-4.0,-73.0
1777890190.1013324,4.0,-5.0,-74.0
1777890190.1113324,4.0,-9.0,-73.0
1777890190.1213324,1.0,-7.0,-72.0
1777890190.1313324,-1.0,-1.0,-73.0
1777890190.1413324,-4.0,0.0,-77.0
1777890190.1513324,0.0,3.0,-75.0
1777890190.1613324,4.0,1.0,-83.0
1777890190.1713324,8.0,0.0,-85.0
1777890190.1813323,9.0,-4.0,-79.0
1777890190.1913323,3.0,-4.0,-75.0
1777890190.2013323,2.0,-5.0,-79.0
1777890190.2113323,2.0,-7.0,-80.0
1777890190.2213323,2.0,-6.0,-81.0
1777890190.2313323,5.0,-7.0,-75.0
1777890190.2413323,2.0,-5.0,-78.0
1777890190.2513323,2.0,-5.0,-77.0
1777890190.2613325,2.0,-7.0,-77.0
1777890190.2713325,2.0,-7.0,-72.0
1777890190.2813325,0.0,-7.0,-75.0
1777890190.2913325,-2.0,0.0,-76.0
1777890190.3013325,-4.0,1.0,-69.0
1777890190.3113325,-4.0,-2.0,-71.0
1777890190.3213325,-3.0,0.0,-69.0
1777890190.3313324,-4.0,2.0,-68.0
1777890190.3413324,0.0,1.0,-67.0
1777890190.3513324,1.0,0.0,-68.0
1777890190.3613324,2.0,-2.0,-66.0
1777890190.3713324,1.0,-1.0,-68.0
1777890190.3813324,1.0,1.0,-72.0
1777890190.3913324,-1.0,1.0,-71.0
1777890190.4013324,-4.0,0.0,-77.0
1777890190.4113324,-3.0,-1.0,-80.0
1777890190.4213324,0.0,-2.0,-81.0
1777890190.4313323,3.0,-4.0,-81.0
1777890190.4413323,3.0,-7.0,-80.0
1777890190.4513323,5.0,-7.0,-74.0
1777890190.4613323,1.0,-7.0,-72.0
1777890190.4713323,1.0,-5.0,-77.0
1777890190.4813323,0.0,-8.0,-79.0
1777890190.4913323,-1.0,-8.0,-82.0
1777890190.5013323,-3.0,-5.0,-85.0
1777890190.5113325,-3.0,-8.0,-87.0
1777890190.5213325,-3.0,-7.0,-87.0
1777890190.5313325,-7.0,-7.0,-88.0
1777890190.5413325,-1.0,-6.0,-88.0
1777890190.5513325,0.0,-5.0,-90.0
1777890190.5613325,2.0,-1.0,-83.0
1777890190.5713325,-1.0,0.0,-81.0
1777890190.5813324,1.0,0.0,-74.0
1777890190.5913324,-1.0,0.0,-80.0
1777890190.6013324,0.0,-1.0,-78.0
1777890190.6113324,3.0,-4.0,-78.0
1777890190.6213324,8.0,-4.0,-74.0
1777890190.6313324,9.0,-5.0,-77.0
1777890190.6413324,8.0,-3.0,-76.0
1777890190.6523323,10.0,-3.0,-76.0
1777890190.6613324,7.0,-2.0,-71.0
1777890190.6713324,6.0,-2.0,-72.0
1777890190.6823325,9.0,-1.0,-74.0
1777890190.6923325,6.0,-4.0,-71.0
1777890190.7023325,3.0,-4.0,-78.0
1777890190.7123325,4.0,-2.0,-82.0
1777890190.7223325,3.0,1.0,-79.0
1777890190.7323325,5.0,6.0,-73.0
1777890190.7423325,7.0,7.0,-76.0
1777890190.7523324,9.0,1.0,-77.0
1777890190.7623324,9.0,1.0,-85.0
1777890190.7723324,6.0,1.0,-87.0
1777890190.7823324,2.0,0.0,-84.0
1777890190.7923324,0.0,0.0,-89.0
1777890190.8023324,1.0,0.0,-84.0
1777890190.8123324,2.0,-3.0,-83.0
1777890190.8223324,0.0,-2.0,-79.0
1777890190.8323324,0.0,-3.0,-73.0
1777890190.8423324,0.0,-3.0,-67.0
1777890190.8523324,2.0,-3.0,-75.0
1777890190.8623323,1.0,-5.0,-77.0
1777890190.8723323,-1.0,-8.0,-79.0
1777890190.8823323,-1.0,-9.0,-82.0
1777890190.8923323,2.0,-5.0,-86.0
1777890190.9023323,3.0,-1.0,-81.0
1777890190.9123323,1.0,3.0,-84.0
1777890190.9223323,5.0,0.0,-84.0
1777890190.9323325,3.0,2.0,-84.0
1777890190.9423325,-2.0,-1.0,-81.0
1777890190.9523325,0.0,-1.0,-81.0
1777890190.9623325,2.0,-2.0,-80.0
1777890190.9723325,4.0,-8.0,-76.0
1777890190.9823325,2.0,-6.0,-76.0
1777890190.9923325,0.0,-5.0,-80.0
1777890191.0023324,-4.0,0.0,-80.0
1777890191.0123324,-2.0,1.0,-76.0
1777890191.0223324,-3.0,2.0,-74.0
1777890191.0323324,-6.0,2.0,-78.0
1777890191.0423324,-1.0,1.0,-83.0
1777890191.0523324,-4.0,0.0,-80.0
1777890191.0623324,-2.0,0.0,-80.0
1777890191.0723324,0.0,-2.0,-78.0
1777890191.0823324,2.0,-6.0,-71.0
1777890191.0923324,2.0,-6.0,-74.0
1777890191.1023324,0.0,-7.0,-80.0
1777890191.1123323,1.0,-9.0,-85.0
1777890191.1223323,2.0,-8.0,-84.0
1777890191.1323323,1.0,-5.0,-85.0
1777890191.1423323,1.0,-1.0,-76.0
1777890191.1523323,1.0,-1.0,-66.0
1777890191.1623323,3.0,0.0,-64.0
1777890191.1723323,5.0,0.0,-60.0
1777890191.1823325,3.0,-1.0,-67.0
1777890191.1923325,1.0,0.0,-70.0
1777890191.2023325,0.0,0.0,-76.0
1777890191.2123325,1.0,-1.0,-84.0
1777890191.2223325,2.0,0.0,-79.0
1777890191.2323325,0.0,0.0,-78.0
1777890191.2423325,-3.0,-1.0,-68.0
1777890191.2523324,-1.0,-3.0,-76.0
1777890191.2623324,0.0,-2.0,-79.0
1777890191.2723324,6.0,-2.0,-77.0
1777890191.2823324,2.0,-1.0,-82.0
1777890191.2923324,1.0,0.0,-84.0
1777890191.3023324,2.0,0.0,-88.0
1777890191.3123324,5.0,-2.0,-84.0
1777890191.3223324,1.0,-2.0,-82.0
1777890191.3323324,-4.0,-2.0,-79.0
1777890191.3423324,-2.0,-4.0,-75.0
1777890191.3523324,-5.0,-3.0,-78.0
1777890191.3623323,-7.0,-7.0,-80.0
1777890191.3723323,-7.0,-10.0,-78.0
1777890191.3823323,-8.0,-11.0,-78.0
1777890191.3923323,-5.0,-7.0,-71.0
1777890191.4023323,-3.0,-3.0,-70.0
1777890191.4123323,-3.0,-2.0,-68.0
1777890191.4223323,-6.0,-1.0,-71.0
1777890191.4323325,-6.0,-1.0,-69.0
1777890191.4423325,-2.0,0.0,-66.0
1777890191.4523325,-4.0,1.0,-62.0
1777890191.4623325,-2.0,3.0,-65.0
1777890191.4723325,-2.0,3.0,-71.0
1777890191.4823325,0.0,6.0,-75.0
1777890191.4923325,-2.0,10.0,-72.0
1777890191.5023324,-3.0,10.0,-67.0
1777890191.5123324,-3.0,5.0,-67.0
1777890191.5223324,-1.0,0.0,-75.0
1777890191.5323324,-3.0,-7.0,-78.0
1777890191.5423324,-4.0,-10.0,-74.0
1777890191.5523324,-4.0,-10.0,-77.0
1777890191.5623324,-2.0,-8.0,-76.0
1777890191.5723324,-4.0,-6.0,-76.0
1777890191.5823324,0.0,-9.0,-78.0
1777890191.5923324,-3.0,-10.0,-77.0
1777890191.6023324,0.0,-11.0,-84.0
1777890191.6123323,-1.0,-14.0,-86.0
1777890191.6223323,-2.0,-7.0,-77.0
1777890191.6323323,-2.0,-6.0,-74.0
1777890191.6423323,0.0,-8.0,-82.0
1777890191.6523323,0.0,-7.0,-77.0
1777890191.6623323,-3.0,-8.0,-73.0
1777890191.6723323,3.0,-4.0,-65.0
1777890191.6823325,2.0,1.0,-62.0
1777890191.6923325,2.0,3.0,-68.0
1777890191.7023325,-1.0,0.0,-71.0
1777890191.7123325,-4.0,-4.0,-71.0
1777890191.7223325,-2.0,-8.0,-70.0
1777890191.7323325,0.0,-5.0,-73.0
1777890191.7423325,1.0,-4.0,-75.0
1777890191.7523324,0.0,-2.0,-80.0
1777890191.7623324,-2.0,-6.0,-81.0
1777890191.7723324,0.0,-1.0,-84.0
1777890191.7823324,1.0,-7.0,-88.0
1777890191.7923324,0.0,-8.0,-88.0
1777890191.8023324,2.0,-7.0,-86.0
1777890191.8123324,2.0,-5.0,-88.0
1777890191.8223324,0.0,-6.0,-81.0
1777890191.8323324,1.0,-2.0,-72.0
1777890191.8423324,0.0,0.0,-77.0
1777890191.8523324,0.0,1.0,-84.0
1777890191.8623323,0.0,4.0,-84.0
1777890191.8723323,-2.0,5.0,-92.0
1777890191.8823323,-4.0,2.0,-90.0
1777890191.8923323,-3.0,0.0,-79.0
1777890191.9023323,0.0,-4.0,-81.0
1777890191.9123323,0.0,-3.0,-80.0
1777890191.9223323,0.0,-1.0,-81.0
1777890191.9323325,0.0,-4.0,-78.0
1777890191.9423325,1.0,-5.0,-77.0
1777890191.9523325,-1.0,-4.0,-85.0
1777890191.9623325,3.0,-1.0,-82.0
1777890191.9723325,1.0,2.0,-82.0
1777890191.9823325,0.0,1.0,-86.0
1777890191.9923325,-2.0,-2.0,-90.0
1777890192.0023324,-3.0,-2.0,-89.0
1777890192.0123324,-6.0,1.0,-88.0
1777890192.0223324,-6.0,1.0,-81.0
1777890192.0323324,-3.0,1.0,-76.0
1777890192.0423324,-1.0,-2.0,-76.0
1777890192.0523324,-1.0,-1.0,-78.0
1777890192.0623324,-1.0,0.0,-82.0
1777890192.0723324,-1.0,2.0,-78.0
1777890192.0823324,0.0,0.0,-73.0
1777890192.0923324,0.0,0.0,-73.0
1777890192.1023324,0.0,-2.0,-79.0
1777890192.1123323,3.0,-2.0,-83.0
1777890192.1223323,3.0,-1.0,-79.0
1777890192.1323323,-1.0,-1.0,-80.0
1777890192.1423323,-5.0,-5.0,-77.0
1777890192.1523323,-7.0,-2.0,-73.0
1777890192.1623323,-6.0,-1.0,-66.0
1777890192.1723323,-3.0,-3.0,-64.0
1777890192.1823325,-3.0,-5.0,-62.0
1777890192.1923325,-2.0,-7.0,-63.0
1777890192.2023325,0.0,-3.0,-67.0
1777890192.2123325,-1.0,-5.0,-75.0
1777890192.2223325,-4.0,-7.0,-76.0
1777890192.2323325,-4.0,-7.0,-81.0
1777890192.2423325,-4.0,-3.0,-85.0
1777890192.2523324,-7.0,-2.0,-83.0
1777890192.2623324,-2.0,0.0,-87.0
1777890192.2723324,0.0,5.0,-87.0
1777890192.2823324,0.0,8.0,-80.0
1777890192.2923324,4.0,7.0,-80.0
1777890192.3023324,5.0,6.0,-79.0
1777890192.3123324,4.0,0.0,-81.0
1777890192.3223324,1.0,0.0,-81.0
1777890192.3323324,-2.0,-4.0,-74.0
1777890192.3423324,-5.0,-2.0,-68.0
1777890192.3523324,-7.0,-3.0,-75.0
1777890192.3623323,-7.0,-3.0,-75.0
1777890192.3723323,-4.0,-6.0,-74.0
1777890192.3823323,-3.0,-8.0,-77.0
1777890192.3923323,-3.0,-2.0,-79.0
1777890192.4023323,-7.0,0.0,-82.0
1777890192.4123323,-8.0,0.0,-84.0
1777890192.4223323,-1.0,2.0,-85.0
1777890192.4323325,-1.0,4.0,-85.0
1777890192.4423325,-1.0,5.0,-82.0
1777890192.4523325,-2.0,0.0,-78.0
1777890192.4623325,-3.0,0.0,-72.0
1777890192.4723325,-1.0,-5.0,-78.0
1777890192.4823325,-4.0,-2.0,-70.0
1777890192.4923325,0.0,0.0,-74.0
1777890192.5023324,2.0,0.0,-75.0
1777890192.5123324,3.0,-2.0,-72.0
1777890192.5223324,0.0,-5.0,-77.0
1777890192.5323324,0.0,-5.0,-78.0
1777890192.5423324,3.0,-2.0,-73.0
1777890192.5523324,3.0,-1.0,-74.0
1777890192.5623324,4.0,-2.0,-78.0
1777890192.5723324,5.0,-6.0,-77.0
1777890192.5823324,7.0,-5.0,-78.0
1777890192.5923324,11.0,-3.0,-80.0
1777890192.6023324,8.0,-4.0,-82.0
1777890192.6123323,9.0,-5.0,-81.0
1777890192.6223323,7.0,-7.0,-73.0
1777890192.6323323,7.0,0.0,-72.0
1777890192.6423323,7.0,1.0,-71.0
1777890192.6533325,7.0,1.0,-72.0
1777890192.6623323,9.0,3.0,-74.0
1777890192.6733325,9.0,1.0,-74.0
1777890192.6833324,10.0,0.0,-77.0
1777890192.6933324,10.0,2.0,-79.0
1777890192.7033324,11.0,2.0,-76.0
1777890192.7133324,10.0,0.0,-69.0
1777890192.7233324,5.0,-1.0,-66.0
1777890192.7333324,5.0,-4.0,-60.0
1777890192.7433324,5.0,-4.0,-61.0
1777890192.7533324,2.0,-3.0,-72.0
1777890192.7633324,3.0,-1.0,-67.0
1777890192.7733324,3.0,0.0,-68.0
1777890192.7833323,-1.0,-2.0,-66.0
1777890192.7933323,0.0,1.0,-63.0
1777890192.8033323,0.0,2.0,-61.0
1777890192.8133323,-2.0,-1.0,-67.0
1777890192.8233323,0.0,-6.0,-63.0
1777890192.8333323,0.0,-7.0,-73.0
1777890192.8433323,6.0,-7.0,-76.0
1777890192.8533323,5.0,-6.0,-74.0
1777890192.8633325,5.0,-4.0,-67.0
1777890192.8733325,4.0,-1.0,-67.0
1777890192.8833325,3.0,-2.0,-71.0
1777890192.8933325,3.0,-3.0,-64.0
1777890192.9033325,1.0,-2.0,-68.0
1777890192.9133325,0.0,1.0,-67.0
1777890192.9233325,-2.0,2.0,-70.0
1777890192.9333324,-2.0,0.0,-68.0
1777890192.9433324,-1.0,1.0,-63.0
1777890192.9533324,-1.0,2.0,-61.0
1777890192.9633324,1.0,-1.0,-64.0
1777890192.9733324,4.0,-1.0,-65.0
1777890192.9833324,1.0,-1.0,-68.0
1777890192.9933324,0.0,-2.0,-74.0
1777890193.0033324,0.0,-3.0,-70.0
1777890193.0133324,0.0,-2.0,-77.0
1777890193.0233324,-5.0,-2.0,-84.0
1777890193.0333323,-7.0,1.0,-79.0
1777890193.0433323,-6.0,2.0,-79.0
1777890193.0533323,-4.0,5.0,-83.0
1777890193.0633323,-1.0,1.0,-79.0
1777890193.0733323,1.0,2.0,-71.0
1777890193.0833323,5.0,4.0,-79.0
1777890193.0933323,8.0,2.0,-77.0
1777890193.1033323,7.0,-1.0,-77.0
1777890193.1133325,6.0,0.0,-81.0
1777890193.1233325,11.0,1.0,-80.0
1777890193.1333325,11.0,3.0,-71.0
1777890193.1433325,8.0,3.0,-74.0
1777890193.1533325,4.0,0.0,-76.0
1777890193.1633325,4.0,0.0,-82.0
1777890193.1733325,6.0,1.0,-87.0
1777890193.1833324,6.0,0.0,-83.0
1777890193.1933324,1.0,4.0,-87.0
1777890193.2033324,5.0,0.0,-90.0
1777890193.2133324,0.0,0.0,-82.0
1777890193.2233324,1.0,2.0,-83.0
1777890193.2333324,0.0,-1.0,-85.0
1777890193.2433324,1.0,1.0,-82.0
1777890193.2533324,0.0,0.0,-79.0
1777890193.2633324,2.0,-1.0,-74.0
1777890193.2733324,0.0,-3.0,-69.0
1777890193.2833323,-5.0,0.0,-68.0
1777890193.2933323,-3.0,0.0,-70.0
1777890193.3033323,1.0,-1.0,-71.0
1777890193.3133323,0.0,-2.0,-75.0
1777890193.3233323,3.0,-4.0,-67.0
1777890193.3333323,1.0,-5.0,-71.0
1777890193.3433323,0.0,-5.0,-66.0
1777890193.3533323,-2.0,-7.0,-64.0
1777890193.3633325,-7.0,-3.0,-65.0
1777890193.3733325,-4.0,-7.0,-60.0
1777890193.3833325,-3.0,-6.0,-64.0
1777890193.3933325,-1.0,-5.0,-67.0
1777890193.4033325,-2.0,-5.0,-74.0
1777890193.4133325,1.0,-3.0,-83.0
1777890193.4233325,6.0,0.0,-83.0
1777890193.4333324,1.0,-3.0,-79.0
1777890193.4433324,0.0,-5.0,-77.0
1777890193.4533324,-4.0,-6.0,-71.0
1777890193.4633324,-3.0,-5.0,-72.0
1777890193.4733324,-3.0,-2.0,-73.0
1777890193.4833324,-2.0,1.0,-74.0
1777890193.4933324,0.0,1.0,-68.0
1777890193.5033324,-2.0,1.0,-64.0
1777890193.5133324,0.0,-3.0,-72.0
1777890193.5233324,3.0,0.0,-76.0
1777890193.5333323,0.0,-2.0,-73.0
1777890193.5433323,-6.0,-4.0,-78.0
1777890193.5533323,-4.0,-2.0,-74.0
1777890193.5633323,-4.0,-2.0,-71.0
1777890193.5733323,-4.0,-3.0,-63.0
1777890193.5833323,-2.0,-7.0,-61.0
1777890193.5933323,-1.0,-5.0,-60.0
1777890193.6033323,3.0,-4.0,-61.0
1777890193.6133325,0.0,-3.0,-60.0
1777890193.6233325,-2.0,3.0,-63.0
1777890193.6333325,2.0,1.0,-68.0
1777890193.6433325,3.0,4.0,-63.0
1777890193.6533325,1.0,1.0,-58.0
1777890193.6633325,5.0,1.0,-62.0
1777890193.6733325,7.0,1.0,-61.0
1777890193.6833324,7.0,-1.0,-61.0
1777890193.6933324,10.0,1.0,-67.0
1777890193.7033324,3.0,1.0,-65.0
1777890193.7133324,1.0,-2.0,-62.0
1777890193.7233324,6.0,-3.0,-65.0
1777890193.7333324,7.0,-2.0,-66.0
1777890193.7433324,4.0,0.0,-71.0
1777890193.7533324,2.0,0.0,-83.0
1777890193.7633324,2.0,0.0,-78.0
1777890193.7733324,3.0,-2.0,-77.0
1777890193.7833323,7.0,-1.0,-79.0
1777890193.7933323,7.0,0.0,-75.0
1777890193.8033323,2.0,-3.0,-75.0
1777890193.8133323,-1.0,-5.0,-76.0
1777890193.8233323,-2.0,-1.0,-75.0
1777890193.8333323,0.0,0.0,-67.0
1777890193.8433323,0.0,-1.0,-65.0
1777890193.8533323,0.0,-1.0,-64.0
1777890193.8633325,2.0,-2.0,-69.0
1777890193.8733325,0.0,-5.0,-71.0
1777890193.8833325,-4.0,-4.0,-73.0
1777890193.8933325,-4.0,-8.0,-71.0
1777890193.9033325,-9.0,-7.0,-64.0
1777890193.9133325,-9.0,-7.0,-65.0
1777890193.9233325,-1.0,-4.0,-67.0
1777890193.9333324,3.0,-4.0,-66.0
1777890193.9433324,5.0,-3.0,-65.0
1777890193.9533324,5.0,-2.0,-72.0
1777890193.9633324,3.0,-1.0,-75.0
1777890193.9743323,5.0,-1.0,-68.0
1777890193.9833324,6.0,-1.0,-71.0
1777890193.9933324,3.0,-2.0,-74.0
1777890194.0033324,2.0,-4.0,-79.0
1777890194.0133324,1.0,-6.0,-81.0
1777890194.0233324,4.0,-4.0,-90.0
1777890194.0333323,4.0,-2.0,-85.0
1777890194.0433323,3.0,-6.0,-76.0
1777890194.0533323,0.0,-4.0,-71.0
1777890194.0633323,4.0,0.0,-73.0
1777890194.0733323,3.0,0.0,-73.0
1777890194.0833323,6.0,0.0,-69.0
1777890194.0933323,6.0,0.0,-69.0
1777890194.1033323,5.0,-1.0,-68.0
1777890194.1133325,6.0,-1.0,-74.0
1777890194.1233325,5.0,0.0,-75.0
1777890194.1333325,2.0,0.0,-76.0
1777890194.1433325,0.0,0.0,-83.0
1777890194.1533325,-3.0,1.0,-83.0
1777890194.1633325,-2.0,-2.0,-79.0
1777890194.1733325,-6.0,0.0,-69.0
1777890194.1833324,-6.0,-3.0,-68.0
1777890194.1933324,-2.0,0.0,-75.0
1777890194.2033324,-4.0,1.0,-74.0
1777890194.2133324,-10.0,1.0,-73.0
1777890194.2233324,-6.0,5.0,-71.0
1777890194.2333324,-4.0,0.0,-78.0
1777890194.2433324,-4.0,7.0,-77.0
1777890194.2533324,-2.0,5.0,-71.0
1777890194.2633324,-1.0,0.0,-74.0
1777890194.2733324,-1.0,-1.0,-72.0
1777890194.2833323,0.0,0.0,-76.0
1777890194.2933323,0.0,-4.0,-81.0
1777890194.3033323,3.0,-5.0,-80.0
1777890194.3133323,3.0,0.0,-76.0
1777890194.3233323,5.0,0.0,-78.0
1777890194.3333323,8.0,1.0,-80.0
1777890194.3433323,2.0,3.0,-78.0
1777890194.3533323,6.0,2.0,-77.0
1777890194.3633325,1.0,0.0,-78.0
1777890194.3733325,-1.0,0.0,-78.0
1777890194.3833325,-5.0,-4.0,-81.0
1777890194.3933325,-2.0,2.0,-79.0
1777890194.4033325,0.0,3.0,-75.0
1777890194.4133325,0.0,6.0,-75.0
1777890194.4233325,-2.0,3.0,-71.0
1777890194.4333324,2.0,3.0,-70.0
1777890194.4433324,4.0,4.0,-74.0
1777890194.4533324,-1.0,0.0,-76.0
1777890194.4633324,0.0,2.0,-76.0
1777890194.4733324,-1.0,4.0,-74.0
1777890194.4833324,-6.0,4.0,-75.0
1777890194.4933324,-4.0,0.0,-74.0
1777890194.5033324,-1.0,-2.0,-74.0
1777890194.5133324,2.0,-2.0,-66.0
1777890194.5233324,3.0,-1.0,-62.0
1777890194.5333323,5.0,-2.0,-65.0
1777890194.5433323,4.0,-3.0,-61.0
1777890194.5533323,4.0,-1.0,-67.0
1777890194.5633323,2.0,-2.0,-71.0
1777890194.5733323,-2.0,0.0,-71.0
1777890194.5833323,-5.0,-2.0,-78.0
1777890194.5933323,-4.0,1.0,-82.0
1777890194.6033323,-5.0,1.0,-73.0
1777890194.6133325,-6.0,-1.0,-64.0
1777890194.6233325,-2.0,-2.0,-68.0
1777890194.6333325,-5.0,-2.0,-71.0
1777890194.6433325,0.0,-1.0,-70.0
1777890194.6543324,1.0,-5.0,-69.0
1777890194.6643324,2.0,-3.0,-72.0
1777890194.6743324,4.0,-5.0,-78.0
1777890194.6843324,4.0,-6.0,-77.0
1777890194.6943324,6.0,-6.0,-79.0
1777890194.7043324,4.0,-5.0,-71.0
1777890194.7143323,7.0,-4.0,-69.0
1777890194.7243323,11.0,-7.0,-66.0
1777890194.7343323,11.0,-9.0,-61.0
1777890194.7443323,4.0,-11.0,-65.0
1777890194.7543323,3.0,-5.0,-69.0
1777890194.7643323,5.0,-1.0,-66.0
1777890194.7743323,2.0,0.0,-66.0
1777890194.7843325,-6.0,-3.0,-68.0
1777890194.7943325,-6.0,-1.0,-64.0
1777890194.8043325,-7.0,-2.0,-61.0
1777890194.8143325,-3.0,-4.0,-65.0
1777890194.8243325,-1.0,-2.0,-64.0
1777890194.8343325,0.0,0.0,-62.0
1777890194.8443325,5.0,-3.0,-61.0
1777890194.8543324,5.0,-4.0,-59.0
1777890194.8643324,0.0,-1.0,-55.0
1777890194.8743324,3.0,0.0,-53.0
1777890194.8843324,5.0,0.0,-53.0
1777890194.8943324,5.0,0.0,-58.0
1777890194.9043324,0.0,2.0,-54.0
1777890194.9143324,0.0,3.0,-54.0
1777890194.9243324,-8.0,3.0,-66.0
1777890194.9343324,-12.0,3.0,-72.0
1777890194.9443324,-7.0,2.0,-73.0
1777890194.9543324,-10.0,-2.0,-78.0
1777890194.9643323,-8.0,-3.0,-69.0
1777890194.9743323,0.0,0.0,-72.0
1777890194.9843323,5.0,1.0,-79.0
1777890194.9943323,0.0,1.0,-80.0
1777890195.0043323,-1.0,-3.0,-74.0
1777890195.0143323,-1.0,0.0,-76.0
1777890195.0243323,1.0,-3.0,-76.0
1777890195.0343325,0.0,-3.0,-71.0
1777890195.0443325,-2.0,-6.0,-79.0
1777890195.0543325,0.0,-3.0,-81.0
1777890195.0643325,2.0,-6.0,-80.0
1777890195.0743325,1.0,-5.0,-84.0
1777890195.0843325,2.0,-3.0,-86.0
1777890195.0943325,1.0,-5.0,-77.0
1777890195.1043324,0.0,-4.0,-75.0
1777890195.1143324,0.0,-3.0,-81.0
1777890195.1243324,-3.0,0.0,-80.0
1777890195.1343324,-2.0,0.0,-88.0
1777890195.1443324,-1.0,-4.0,-80.0
1777890195.1543324,0.0,-5.0,-77.0
1777890195.1643324,0.0,-9.0,-81.0
1777890195.1743324,0.0,-6.0,-82.0
1777890195.1843324,-1.0,-3.0,-75.0
1777890195.1943324,-2.0,3.0,-76.0
1777890195.2043324,2.0,2.0,-71.0
1777890195.2143323,4.0,-2.0,-71.0
1777890195.2243323,3.0,-2.0,-67.0
1777890195.2343323,5.0,-2.0,-65.0
1777890195.2443323,2.0,-1.0,-71.0
1777890195.2543323,4.0,-1.0,-69.0
1777890195.2643323,0.0,0.0,-74.0
1777890195.2743323,1.0,-3.0,-76.0
1777890195.2843325,2.0,1.0,-76.0
1777890195.2943325,2.0,-2.0,-85.0
1777890195.3043325,-2.0,-1.0,-87.0
1777890195.3143325,0.0,-1.0,-81.0
1777890195.3243325,0.0,0.0,-83.0
1777890195.3343325,-2.0,-3.0,-75.0
1777890195.3443325,-5.0,-1.0,-66.0
1777890195.3543324,-2.0,0.0,-71.0
1777890195.3643324,0.0,-3.0,-73.0
1777890195.3743324,0.0,-6.0,-72.0
1777890195.3843324,1.0,-7.0,-70.0
1777890195.3943324,0.0,-4.0,-70.0
1777890195.4043324,-3.0,5.0,-67.0
1777890195.4143324,-2.0,5.0,-66.0
1777890195.4243324,1.0,1.0,-69.0
1777890195.4343324,-3.0,1.0,-74.0
1777890195.4443324,-1.0,3.0,-80.0
1777890195.4543324,0.0,4.0,-81.0
1777890195.4643323,1.0,3.0,-84.0
1777890195.4743323,4.0,5.0,-86.0
1777890195.4843323,4.0,2.0,-82.0
1777890195.4943323,1.0,1.0,-81.0
1777890195.5043323,0.0,1.0,-79.0
1777890195.5143323,0.0,1.0,-85.0
1777890195.5243323,3.0,4.0,-77.0
1777890195.5343325,5.0,8.0,-71.0
1777890195.5443325,1.0,4.0,-71.0
1777890195.5543325,0.0,0.0,-72.0
1777890195.5643325,1.0,0.0,-64.0
1777890195.5743325,4.0,-1.0,-61.0
1777890195.5843325,4.0,4.0,-65.0
1777890195.5943325,0.0,2.0,-70.0
1777890195.6043324,-1.0,2.0,-73.0
1777890195.6143324,2.0,3.0,-79.0
1777890195.6243324,0.0,1.0,-83.0
1777890195.6343324,0.0,0.0,-79.0
1777890195.6443324,0.0,2.0,-77.0
1777890195.6543324,4.0,3.0,-77.0
1777890195.6643324,7.0,2.0,-79.0
1777890195.6743324,3.0,-2.0,-74.0
1777890195.6843324,2.0,2.0,-77.0
1777890195.6943324,1.0,1.0,-71.0
1777890195.7043324,1.0,-1.0,-73.0
1777890195.7143323,-3.0,0.0,-76.0
1777890195.7243323,-6.0,0.0,-81.0
1777890195.7343323,-6.0,-2.0,-82.0
1777890195.7443323,-6.0,-3.0,-75.0
1777890195.7543323,-7.0,-5.0,-76.0
1777890195.7643323,-10.0,-1.0,-71.0
1777890195.7743323,-10.0,-1.0,-73.0
1777890195.7843325,-12.0,0.0,-70.0
1777890195.7943325,-6.0,0.0,-64.0
1777890195.8043325,-4.0,4.0,-70.0
1777890195.8143325,0.0,3.0,-70.0
1777890195.8243325,1.0,4.0,-71.0
1777890195.8343325,4.0,5.0,-73.0
1777890195.8443325,1.0,5.0,-72.0
1777890195.8543324,1.0,4.0,-69.0
1777890195.8643324,0.0,1.0,-67.0
1777890195.8743324,-1.0,0.0,-65.0
1777890195.8843324,-5.0,0.0,-69.0
1777890195.8943324,-2.0,2.0,-71.0
1777890195.9043324,0.0,0.0,-68.0
1777890195.9143324,1.0,0.0,-69.0
1777890195.9243324,0.0,0.0,-69.0
1777890195.9343324,-2.0,-3.0,-69.0
1777890195.9443324,-1.0,-2.0,-73.0
1777890195.9543324,0.0,-2.0,-75.0
1777890195.9643323,-1.0,-3.0,-86.0
1777890195.9743323,0.0,-3.0,-87.0
1777890195.9843323,0.0,-5.0,-90.0
1777890195.9943323,3.0,0.0,-84.0
1777890196.0043323,4.0,1.0,-84.0
1777890196.0143323,5.0,2.0,-89.0
1777890196.0243323,3.0,2.0,-84.0
1777890196.0343325,0.0,0.0,-87.0
1777890196.0443325,1.0,1.0,-82.0
1777890196.0543325,-2.0,2.0,-79.0
1777890196.0643325,-2.0,2.0,-75.0
1777890196.0743325,-2.0,0.0,-70.0
1777890196.0843325,-1.0,-1.0,-84.0
1777890196.0943325,-5.0,-2.0,-79.0
1777890196.1043324,0.0,1.0,-81.0
1777890196.1143324,3.0,3.0,-77.0
1777890196.1243324,1.0,4.0,-76.0
1777890196.1343324,2.0,0.0,-73.0
1777890196.1443324,1.0,-2.0,-74.0
1777890196.1543324,-2.0,-2.0,-72.0
1777890196.1643324,-4.0,-2.0,-70.0
1777890196.1743324,-3.0,0.0,-67.0
1777890196.1843324,-1.0,0.0,-69.0
1777890196.1943324,-2.0,1.0,-66.0
1777890196.2043324,0.0,1.0,-72.0
1777890196.2143323,2.0,1.0,-75.0
1777890196.2243323,0.0,2.0,-86.0
1777890196.2343323,-1.0,1.0,-87.0
1777890196.2443323,-4.0,0.0,-84.0
1777890196.2543323,-5.0,0.0,-86.0
1777890196.2643323,-1.0,2.0,-83.0
1777890196.2743323,1.0,3.0,-80.0
1777890196.2843325,-4.0,3.0,-79.0
1777890196.2943325,-4.0,0.0,-83.0
1777890196.3053324,-2.0,-1.0,-79.0
1777890196.3143325,0.0,0.0,-77.0
1777890196.3243325,0.0,0.0,-78.0
1777890196.3343325,-3.0,2.0,-80.0
1777890196.3443325,-5.0,0.0,-80.0
1777890196.3543324,0.0,3.0,-72.0
1777890196.3643324,2.0,3.0,-67.0
1777890196.3743324,9.0,2.0,-73.0
1777890196.3843324,9.0,4.0,-71.0
1777890196.3943324,4.0,7.0,-74.0
1777890196.4043324,4.0,5.0,-72.0
1777890196.4143324,4.0,5.0,-79.0
1777890196.4243324,5.0,3.0,-80.0
1777890196.4343324,3.0,1.0,-71.0
1777890196.4443324,-1.0,2.0,-78.0
1777890196.4543324,-4.0,1.0,-72.0
1777890196.4643323,-6.0,0.0,-73.0
1777890196.4743323,-4.0,-1.0,-73.0
1777890196.4843323,-2.0,0.0,-71.0
1777890196.4943323,-2.0,2.0,-70.0
1777890196.5043323,-4.0,4.0,-65.0
1777890196.5143323,-2.0,7.0,-61.0
1777890196.5243323,-2.0,6.0,-67.0
1777890196.5343325,-1.0,0.0,-69.0
1777890196.5443325,-2.0,-1.0,-72.0
1777890196.5543325,4.0,0.0,-63.0
1777890196.5643325,8.0,6.0,-66.0
1777890196.5743325,8.0,4.0,-73.0
1777890196.5843325,7.0,3.0,-76.0
1777890196.5943325,1.0,2.0,-74.0
1777890196.6043324,1.0,-1.0,-74.0
1777890196.6143324,6.0,-5.0,-76.0
1777890196.6243324,7.0,-5.0,-81.0
1777890196.6353323,3.0,-6.0,-81.0
1777890196.6443324,0.0,-2.0,-81.0
1777890196.6553323,0.0,-2.0,-81.0
1777890196.6653323,6.0,-5.0,-80.0
1777890196.6753323,9.0,-2.0,-75.0
1777890196.6853323,3.0,-5.0,-71.0
1777890196.6953323,5.0,-2.0,-70.0
1777890196.7053325,7.0,-4.0,-61.0
1777890196.7153325,6.0,-5.0,-65.0
1777890196.7253325,7.0,-6.0,-65.0
1777890196.7353325,4.0,-8.0,-66.0
1777890196.7453325,4.0,-6.0,-70.0
1777890196.7553325,6.0,-4.0,-73.0
1777890196.7653325,6.0,-2.0,-70.0
1777890196.7753325,5.0,0.0,-69.0
1777890196.7853324,2.0,-3.0,-69.0
1777890196.7953324,0.0,-2.0,-72.0
1777890196.8053324,-2.0,-1.0,-69.0
1777890196.8153324,0.0,-4.0,-70.0
1777890196.8253324,-3.0,-2.0,-69.0
1777890196.8353324,1.0,-2.0,-69.0
1777890196.8453324,-1.0,-5.0,-74.0
1777890196.8553324,-2.0,-8.0,-70.0
1777890196.8653324,-4.0,-6.0,-71.0
1777890196.8753324,0.0,-6.0,-74.0
1777890196.8853323,3.0,-1.0,-72.0
1777890196.8953323,-1.0,0.0,-76.0
1777890196.9053323,-3.0,-1.0,-77.0
1777890196.9153323,-7.0,0.0,-73.0
1777890196.9253323,-5.0,1.0,-74.0
1777890196.9353323,-1.0,0.0,-70.0
1777890196.9453323,2.0,0.0,-72.0
1777890196.9553325,-3.0,3.0,-74.0
1777890196.9653325,-2.0,8.0,-78.0
1777890196.9753325,0.0,4.0,-77.0
1777890196.9863324,0.0,2.0,-78.0
1777890196.9953325,3.0,2.0,-74.0
1777890197.0053325,1.0,5.0,-65.0
1777890197.0153325,4.0,2.0,-67.0
1777890197.0253325,1.0,2.0,-71.0
1777890197.0353324,5.0,-2.0,-72.0
1777890197.0453324,6.0,-4.0,-77.0
1777890197.0553324,8.0,-2.0,-77.0
1777890197.0653324,8.0,1.0,-76.0
1777890197.0753324,3.0,3.0,-80.0
1777890197.0853324,2.0,0.0,-86.0
1777890197.0953324,3.0,-1.0,-86.0
1777890197.1053324,1.0,-7.0,-90.0
1777890197.1153324,1.0,-8.0,-80.0
1777890197.1253324,3.0,-6.0,-74.0
1777890197.1353323,5.0,-6.0,-78.0
1777890197.1453323,4.0,-5.0,-84.0
1777890197.1553323,3.0,-5.0,-84.0
1777890197.1653323,2.0,-2.0,-82.0
1777890197.1753323,4.0,-1.0,-78.0
1777890197.1853323,4.0,1.0,-81.0
1777890197.1953323,3.0,-1.0,-80.0
1777890197.2053325,5.0,1.0,-74.0
1777890197.2153325,7.0,0.0,-69.0
1777890197.2253325,6.0,-2.0,-71.0
1777890197.2353325,7.0,-3.0,-76.0
1777890197.2453325,8.0,-1.0,-81.0
1777890197.2553325,5.0,-2.0,-84.0
1777890197.2653325,3.0,-2.0,-77.0
1777890197.2753325,6.0,-5.0,-80.0
1777890197.2853324,4.0,-6.0,-87.0
1777890197.2953324,1.0,-11.0,-88.0
1777890197.3053324,1.0,-10.0,-91.0
1777890197.3153324,0.0,-11.0,-92.0
1777890197.3253324,-5.0,-7.0,-95.0
1777890197.3353324,-8.0,-4.0,-91.0
1777890197.3453324,-4.0,-1.0,-90.0
1777890197.3553324,-2.0,1.0,-90.0
1777890197.3653324,3.0,0.0,-82.0
1777890197.3753324,3.0,0.0,-83.0
1777890197.3853323,5.0,0.0,-81.0
1777890197.3953323,6.0,1.0,-78.0
1777890197.4053323,10.0,0.0,-77.0
1777890197.4153323,8.0,1.0,-77.0
1777890197.4253323,5.0,2.0,-78.0
1777890197.4353323,7.0,1.0,-71.0
1777890197.4453323,5.0,-6.0,-73.0
1777890197.4553325,2.0,-4.0,-77.0
1777890197.4653325,5.0,2.0,-74.0
1777890197.4753325,5.0,4.0,-80.0
1777890197.4853325,6.0,0.0,-81.0
1777890197.4953325,8.0,-3.0,-88.0
1777890197.5053325,1.0,-4.0,-83.0
1777890197.5153325,3.0,-1.0,-81.0
1777890197.5253325,2.0,2.0,-80.0
1777890197.5353324,3.0,1.0,-79.0
1777890197.5453324,0.0,0.0,-74.0
1777890197.5553324,-1.0,-1.0,-70.0
1777890197.5653324,6.0,0.0,-68.0
1777890197.5753324,2.0,0.0,-66.0
1777890197.5853324,1.0,3.0,-71.0
1777890197.5953324,0.0,0.0,-75.0
1777890197.6053324,0.0,-5.0,-83.0
1777890197.6153324,2.0,-5.0,-89.0
1777890197.6253324,0.0,-5.0,-85.0
1777890197.6353323,5.0,-5.0,-86.0
1777890197.6453323,4.0,-1.0,-90.0
1777890197.6553323,2.0,0.0,-83.0
1777890197.6653323,-2.0,-3.0,-71.0
1777890197.6753323,-5.0,-5.0,-74.0
1777890197.6853323,-2.0,-3.0,-74.0
1777890197.6953323,-3.0,-6.0,-80.0
1777890197.7053325,-4.0,-4.0,-82.0
1777890197.7153325,0.0,-2.0,-81.0
1777890197.7253325,1.0,-3.0,-80.0
1777890197.7353325,2.0,-4.0,-78.0
1777890197.7453325,3.0,0.0,-70.0
1777890197.7553325,2.0,1.0,-69.0
1777890197.7653325,1.0,1.0,-71.0
1777890197.7753325,4.0,3.0,-66.0
1777890197.7853324,3.0,-3.0,-66.0
1777890197.7953324,1.0,-2.0,-72.0
1777890197.8053324,3.0,1.0,-70.0
1777890197.8153324,6.0,0.0,-72.0
1777890197.8253324,9.0,1.0,-70.0
1777890197.8353324,12.0,-1.0,-66.0
1777890197.8453324,7.0,-2.0,-70.0
1777890197.8553324,12.0,0.0,-72.0
1777890197.8653324,6.0,-1.0,-78.0
1777890197.8753324,4.0,2.0,-81.0
1777890197.8853323,1.0,0.0,-81.0
1777890197.8953323,-1.0,-4.0,-80.0
1777890197.9053323,0.0,-3.0,-78.0
1777890197.9153323,-3.0,-2.0,-76.0
1777890197.9253323,-3.0,0.0,-76.0
1777890197.9353323,-1.0,2.0,-80.0
1777890197.9453323,0.0,2.0,-78.0
1777890197.9553325,-1.0,1.0,-75.0
1777890197.9653325,-10.0,1.0,-73.0
1777890197.9753325,-11.0,1.0,-74.0
1777890197.9853325,-6.0,0.0,-81.0
1777890197.9953325,-4.0,2.0,-75.0
1777890198.0053325,0.0,3.0,-72.0
1777890198.0153325,1.0,4.0,-70.0
1777890198.0253325,1.0,0.0,-72.0
1777890198.0353324,5.0,0.0,-75.0
1777890198.0453324,2.0,-3.0,-75.0
1777890198.0553324,-1.0,0.0,-74.0
1777890198.0653324,4.0,-2.0,-79.0
1777890198.0753324,4.0,-2.0,-79.0
1777890198.0853324,1.0,1.0,-81.0
1777890198.0953324,0.0,3.0,-82.0
1777890198.1053324,1.0,0.0,-79.0
1777890198.1153324,3.0,0.0,-77.0
1777890198.1253324,9.0,1.0,-80.0
1777890198.1353323,9.0,-3.0,-79.0
1777890198.1453323,8.0,0.0,-73.0
1777890198.1553323,6.0,4.0,-72.0
1777890198.1653323,3.0,0.0,-69.0
1777890198.1753323,0.0,0.0,-78.0
1777890198.1853323,0.0,0.0,-77.0
1777890198.1953323,0.0,3.0,-81.0
1777890198.2053325,3.0,4.0,-76.0
1777890198.2153325,5.0,0.0,-74.0
1777890198.2253325,9.0,0.0,-73.0
1777890198.2353325,5.0,-1.0,-77.0
1777890198.2453325,2.0,-1.0,-80.0
1777890198.2553325,6.0,-6.0,-67.0
1777890198.2653325,2.0,-1.0,-61.0
1777890198.2753325,5.0,-2.0,-65.0
1777890198.2853324,4.0,0.0,-69.0
1777890198.2953324,1.0,0.0,-81.0
1777890198.3053324,4.0,-2.0,-77.0
1777890198.3153324,3.0,-5.0,-72.0
1777890198.3253324,2.0,-8.0,-67.0
1777890198.3353324,1.0,-9.0,-63.0
1777890198.3453324,1.0,-4.0,-68.0
1777890198.3553324,1.0,-3.0,-74.0
1777890198.3653324,3.0,0.0,-73.0
1777890198.3753324,3.0,0.0,-80.0
1777890198.3853323,3.0,0.0,-78.0
1777890198.3953323,4.0,0.0,-82.0
1777890198.4053323,2.0,-4.0,-88.0
1777890198.4153323,3.0,-2.0,-88.0
1777890198.4253323,2.0,0.0,-86.0
1777890198.4353323,0.0,3.0,-89.0
1777890198.4453323,2.0,6.0,-85.0
1777890198.4553325,5.0,4.0,-81.0
1777890198.4653325,4.0,1.0,-79.0
1777890198.4753325,3.0,2.0,-89.0
1777890198.4853325,-4.0,-1.0,-86.0
1777890198.4953325,-1.0,-1.0,-81.0
1777890198.5053325,2.0,0.0,-80.0
1777890198.5153325,2.0,0.0,-87.0
1777890198.5253325,2.0,-1.0,-89.0
1777890198.5353324,-3.0,-3.0,-80.0
1777890198.5453324,-1.0,-4.0,-79.0
1777890198.5553324,-5.0,-8.0,-86.0
1777890198.5653324,-6.0,-4.0,-84.0
1777890198.5753324,-4.0,-2.0,-76.0
1777890198.5853324,0.0,-6.0,-70.0
1777890198.5953324,0.0,-5.0,-71.0
1777890198.6063323,1.0,-7.0,-71.0
1777890198.6163323,0.0,-2.0,-69.0
1777890198.6263323,3.0,-2.0,-66.0
1777890198.6363325,1.0,-3.0,-69.0
1777890198.6463325,0.0,-2.0,-68.0
1777890198.6563325,0.0,0.0,-80.0
1777890198.6663325,3.0,-1.0,-78.0
1777890198.6763325,1.0,0.0,-83.0
1777890198.6863325,0.0,-2.0,-84.0
1777890198.6963325,1.0,-5.0,-84.0
1777890198.7063324,0.0,-8.0,-77.0
1777890198.7163324,0.0,-4.0,-70.0
1777890198.7263324,-3.0,0.0,-66.0
1777890198.7363324,-3.0,-4.0,-66.0
1777890198.7463324,-8.0,0.0,-69.0
1777890198.7563324,-3.0,4.0,-69.0
1777890198.7663324,-1.0,3.0,-64.0
1777890198.7763324,-1.0,0.0,-66.0
1777890198.7863324,-3.0,1.0,-75.0
1777890198.7963324,-6.0,0.0,-78.0
1777890198.8063323,-4.0,1.0,-78.0
1777890198.8163323,-4.0,0.0,-78.0
1777890198.8263323,-3.0,0.0,-73.0
1777890198.8363323,-3.0,2.0,-74.0
1777890198.8463323,-3.0,2.0,-73.0
1777890198.8563323,0.0,-2.0,-70.0
1777890198.8663323,1.0,0.0,-73.0
1777890198.8763323,0.0,4.0,-75.0
1777890198.8863325,-3.0,3.0,-78.0
1777890198.8963325,0.0,1.0,-73.0
1777890198.9063325,1.0,1.0,-79.0
1777890198.9163325,-1.0,3.0,-72.0
1777890198.9263325,-1.0,4.0,-75.0
1777890198.9363325,2.0,4.0,-81.0
1777890198.9463325,4.0,5.0,-80.0
1777890198.9563324,-1.0,4.0,-79.0
1777890198.9663324,0.0,2.0,-76.0
1777890198.9763324,6.0,4.0,-72.0
1777890198.9863324,5.0,1.0,-63.0
1777890198.9963324,0.0,-2.0,-63.0
1777890199.0063324,0.0,-4.0,-63.0
1777890199.0163324,-2.0,0.0,-65.0
1777890199.0263324,-1.0,1.0,-68.0
1777890199.0363324,-2.0,0.0,-70.0
1777890199.0463324,-1.0,0.0,-73.0
1777890199.0563323,-4.0,-2.0,-75.0
1777890199.0663323,-4.0,-1.0,-75.0
1777890199.0763323,-1.0,1.0,-72.0
1777890199.0863323,-4.0,0.0,-67.0
1777890199.0963323,-4.0,-2.0,-66.0
1777890199.1063323,-5.0,-3.0,-69.0
1777890199.1163323,-2.0,0.0,-78.0
1777890199.1263323,0.0,0.0,-81.0
1777890199.1363325,2.0,-1.0,-77.0
1777890199.1463325,2.0,0.0,-73.0
1777890199.1563325,0.0,-1.0,-73.0
1777890199.1663325,2.0,0.0,-76.0
1777890199.1763325,-2.0,-1.0,-74.0
1777890199.1863325,-4.0,3.0,-74.0
1777890199.1963325,-1.0,2.0,-81.0
1777890199.2063324,-1.0,-2.0,-82.0
1777890199.2163324,-2.0,-3.0,-77.0
1777890199.2263324,-3.0,-1.0,-76.0
1777890199.2363324,-4.0,0.0,-77.0
1777890199.2463324,-4.0,0.0,-78.0
1777890199.2563324,-4.0,3.0,-76.0
1777890199.2663324,-5.0,0.0,-74.0
1777890199.2763324,-3.0,-2.0,-71.0
1777890199.2863324,-3.0,-8.0,-69.0
1777890199.2963324,0.0,-6.0,-69.0
1777890199.3063323,0.0,-4.0,-68.0
1777890199.3163323,1.0,-5.0,-71.0
1777890199.3263323,5.0,-5.0,-75.0
1777890199.3363323,2.0,-3.0,-77.0
1777890199.3463323,2.0,0.0,-76.0
1777890199.3563323,1.0,0.0,-75.0
1777890199.3663323,-1.0,2.0,-73.0
1777890199.3763323,-2.0,0.0,-72.0
1777890199.3863325,0.0,2.0,-73.0
1777890199.3963325,-3.0,2.0,-77.0
1777890199.4063325,-1.0,1.0,-75.0
1777890199.4163325,0.0,-4.0,-74.0
1777890199.4263325,0.0,-3.0,-77.0
1777890199.4363325,-1.0,-1.0,-80.0
1777890199.4463325,-2.0,0.0,-75.0
1777890199.4563324,1.0,2.0,-68.0
1777890199.4663324,6.0,5.0,-74.0
1777890199.4763324,3.0,0.0,-76.0
1777890199.4863324,3.0,-3.0,-78.0
1777890199.4963324,4.0,-5.0,-79.0
1777890199.5063324,3.0,-1.0,-83.0
1777890199.5163324,0.0,2.0,-82.0
1777890199.5263324,3.0,-2.0,-79.0
1777890199.5363324,0.0,-1.0,-80.0
1777890199.5463324,-1.0,0.0,-82.0
1777890199.5563323,6.0,-5.0,-83.0
1777890199.5663323,4.0,-8.0,-84.0
1777890199.5763323,6.0,-9.0,-79.0
1777890199.5863323,4.0,-10.0,-76.0
1777890199.5963323,5.0,-8.0,-71.0
1777890199.6063323,4.0,-4.0,-71.0
1777890199.6163323,8.0,0.0,-66.0
1777890199.6263323,4.0,0.0,-73.0
1777890199.6363325,2.0,2.0,-73.0
1777890199.6463325,4.0,0.0,-74.0
1777890199.6563325,1.0,-3.0,-76.0
1777890199.6663325,1.0,-7.0,-70.0
1777890199.6763325,1.0,-7.0,-69.0
1777890199.6863325,3.0,-6.0,-69.0
1777890199.6963325,2.0,0.0,-66.0
1777890199.7063324,0.0,2.0,-70.0
1777890199.7163324,-5.0,1.0,-70.0
1777890199.7263324,-7.0,-4.0,-70.0
1777890199.7363324,-7.0,-4.0,-68.0
1777890199.7463324,-4.0,-3.0,-73.0
1777890199.7563324,2.0,-1.0,-73.0
1777890199.7663324,0.0,1.0,-70.0
1777890199.7763324,-7.0,0.0,-73.0
1777890199.7863324,-9.0,1.0,-69.0
1777890199.7963324,-6.0,1.0,-67.0
1777890199.8063323,-5.0,3.0,-66.0
1777890199.8163323,-1.0,1.0,-67.0
1777890199.8263323,0.0,1.0,-73.0
1777890199.8363323,2.0,4.0,-76.0
1777890199.8463323,0.0,4.0,-77.0
1777890199.8563323,-3.0,5.0,-78.0
1777890199.8663323,-6.0,6.0,-83.0
1777890199.8763323,-6.0,3.0,-86.0
1777890199.8863325,-1.0,3.0,-77.0
1777890199.8963325,-1.0,0.0,-74.0
1777890199.9063325,-3.0,1.0,-72.0
1777890199.9163325,-4.0,3.0,-77.0
1777890199.9263325,-2.0,4.0,-79.0
1777890199.9363325,3.0,0.0,-72.0
1777890199.9463325,0.0,0.0,-67.0
1777890199.9563324,4.0,0.0,-65.0
1777890199.9663324,7.0,1.0,-64.0
1777890199.9763324,5.0,0.0,-66.0
1777890199.9863324,3.0,0.0,-60.0
1777890199.9963324,4.0,-1.0,-57.0
1777890200.0063324,7.0,0.0,-60.0
1777890200.0163324,6.0,1.0,-63.0
1777890200.0263324,3.0,1.0,-60.0
1777890200.0363324,0.0,1.0,-62.0
1777890200.0463324,-4.0,2.0,-68.0
1777890200.0563323,-3.0,4.0,-73.0
1777890200.0663323,-1.0,4.0,-68.0
1777890200.0763323,3.0,6.0,-72.0
1777890200.0863323,2.0,4.0,-74.0
1777890200.0963323,1.0,1.0,-70.0
1777890200.1063323,2.0,0.0,-70.0
1777890200.1163323,3.0,0.0,-67.0
1777890200.1263323,2.0,-2.0,-67.0
1777890200.1363325,4.0,-2.0,-73.0
1777890200.1463325,1.0,-4.0,-75.0
1777890200.1563325,-4.0,-4.0,-76.0
1777890200.1663325,-2.0,-3.0,-74.0
1777890200.1763325,-4.0,-6.0,-79.0
1777890200.1863325,-6.0,-5.0,-72.0
1777890200.1963325,-5.0,0.0,-69.0
1777890200.2063324,-1.0,1.0,-73.0
1777890200.2163324,0.0,7.0,-73.0
1777890200.2263324,-1.0,5.0,-75.0
1777890200.2363324,-1.0,1.0,-75.0
1777890200.2463324,0.0,-1.0,-83.0
1777890200.2563324,0.0,0.0,-83.0
1777890200.2663324,0.0,2.0,-80.0
1777890200.2763324,0.0,7.0,-73.0
1777890200.2863324,-3.0,8.0,-71.0
1777890200.2963324,-7.0,2.0,-70.0
1777890200.3063323,-5.0,1.0,-74.0
1777890200.3163323,-5.0,-2.0,-74.0
1777890200.3263323,-3.0,-4.0,-78.0
1777890200.3363323,1.0,-1.0,-80.0
1777890200.3463323,-1.0,0.0,-84.0
1777890200.3563323,-4.0,-5.0,-80.0
1777890200.3663323,-5.0,-7.0,-82.0
1777890200.3763323,-7.0,0.0,-81.0
1777890200.3863325,-10.0,2.0,-73.0
1777890200.3963325,-9.0,4.0,-70.0
1777890200.4063325,-6.0,5.0,-73.0
1777890200.4163325,-5.0,2.0,-74.0
1777890200.4263325,-6.0,4.0,-74.0
1777890200.4363325,-5.0,0.0,-77.0
1777890200.4463325,-2.0,1.0,-81.0
1777890200.4563324,3.0,6.0,-78.0
1777890200.4663324,2.0,8.0,-74.0
1777890200.4763324,5.0,8.0,-73.0
1777890200.4863324,0.0,10.0,-71.0
1777890200.4963324,0.0,9.0,-73.0
1777890200.5063324,3.0,1.0,-70.0
1777890200.5163324,2.0,-1.0,-62.0
1777890200.5263324,0.0,-1.0,-64.0
1777890200.5363324,-3.0,-4.0,-69.0
1777890200.5473323,-4.0,-2.0,-77.0
1777890200.5563323,-6.0,0.0,-77.0
1777890200.5663323,-5.0,0.0,-73.0
1777890200.5763323,-4.0,0.0,-79.0
1777890200.5873325,-7.0,0.0,-78.0
1777890200.5973325,-4.0,0.0,-80.0
1777890200.6073325,-1.0,0.0,-80.0
1777890200.6173325,0.0,-3.0,-82.0
1777890200.6263323,0.0,0.0,-81.0
1777890200.6373324,-3.0,-2.0,-81.0
1777890200.6473324,-3.0,-2.0,-78.0
1777890200.6573324,-6.0,0.0,-80.0
1777890200.6673324,-4.0,2.0,-80.0
1777890200.6773324,-2.0,0.0,-70.0
1777890200.6873324,-1.0,-1.0,-69.0
1777890200.6973324,-3.0,-1.0,-68.0
1777890200.7073324,-4.0,-3.0,-62.0
1777890200.7173324,-6.0,-3.0,-66.0
1777890200.7273324,-5.0,1.0,-70.0
1777890200.7373323,0.0,-2.0,-70.0
1777890200.7473323,1.0,-4.0,-72.0
1777890200.7573323,0.0,-1.0,-71.0
1777890200.7673323,-1.0,0.0,-76.0
1777890200.7773323,0.0,0.0,-82.0
1777890200.7873323,-1.0,5.0,-83.0
1777890200.7973323,1.0,4.0,-85.0
1777890200.8073325,2.0,3.0,-82.0
1777890200.8173325,1.0,2.0,-86.0
1777890200.8273325,1.0,0.0,-83.0
1777890200.8373325,6.0,-4.0,-82.0
1777890200.8473325,7.0,-8.0,-85.0
1777890200.8573325,8.0,-9.0,-80.0
1777890200.8673325,4.0,-6.0,-80.0
1777890200.8773324,2.0,-7.0,-85.0
1777890200.8873324,2.0,-5.0,-79.0
1777890200.8973324,2.0,0.0,-78.0
1777890200.9073324,2.0,0.0,-77.0
1777890200.9173324,-2.0,2.0,-77.0
1777890200.9273324,0.0,5.0,-69.0
1777890200.9373324,-3.0,6.0,-69.0
1777890200.9473324,-2.0,0.0,-72.0
1777890200.9573324,0.0,2.0,-74.0
1777890200.9673324,5.0,0.0,-72.0
1777890200.9773324,4.0,0.0,-73.0
1777890200.9873323,1.0,-1.0,-73.0
1777890200.9973323,-2.0,-3.0,-68.0
1777890201.0073323,-1.0,-5.0,-67.0
1777890201.0173323,-2.0,-1.0,-77.0
1777890201.0273323,-5.0,1.0,-74.0
1777890201.0373323,-8.0,1.0,-73.0
1777890201.0473323,-5.0,0.0,-67.0
1777890201.0573325,0.0,0.0,-65.0
1777890201.0673325,5.0,3.0,-66.0
1777890201.0773325,3.0,5.0,-69.0
1777890201.0873325,0.0,5.0,-70.0
1777890201.0973325,3.0,4.0,-71.0
1777890201.1073325,0.0,0.0,-72.0
1777890201.1173325,0.0,0.0,-73.0
1777890201.1273324,0.0,1.0,-75.0
1777890201.1373324,0.0,4.0,-83.0
1777890201.1473324,6.0,3.0,-81.0
1777890201.1573324,1.0,-2.0,-82.0
1777890201.1673324,-3.0,-3.0,-83.0
1777890201.1773324,-1.0,-4.0,-84.0
1777890201.1873324,-1.0,-5.0,-86.0
1777890201.1973324,4.0,-1.0,-78.0
1777890201.2073324,7.0,0.0,-76.0
1777890201.2173324,8.0,2.0,-75.0
1777890201.2273324,8.0,4.0,-73.0
1777890201.2373323,6.0,7.0,-72.0
1777890201.2473323,3.0,7.0,-74.0
1777890201.2573323,4.0,3.0,-76.0
1777890201.2673323,4.0,2.0,-79.0
1777890201.2773323,-1.0,2.0,-78.0
1777890201.2873323,0.0,1.0,-77.0
1777890201.2973323,-1.0,0.0,-80.0
1777890201.3073325,0.0,-1.0,-77.0
1777890201.3173325,4.0,-2.0,-87.0
1777890201.3273325,6.0,-3.0,-80.0
1777890201.3373325,2.0,-4.0,-74.0
1777890201.3473325,1.0,-4.0,-75.0
1777890201.3573325,-2.0,-3.0,-78.0
1777890201.3673325,2.0,-3.0,-76.0
1777890201.3773324,0.0,-8.0,-66.0
1777890201.3873324,0.0,-6.0,-68.0
1777890201.3973324,0.0,-10.0,-73.0
1777890201.4073324,-2.0,-4.0,-78.0
1777890201.4173324,4.0,0.0,-78.0
1777890201.4273324,3.0,-2.0,-79.0
1777890201.4373324,1.0,-4.0,-77.0
1777890201.4473324,1.0,-2.0,-83.0
1777890201.4573324,0.0,0.0,-79.0
1777890201.4673324,0.0,0.0,-80.0
1777890201.4773324,-1.0,1.0,-71.0
1777890201.4873323,-1.0,1.0,-75.0
1777890201.4973323,-1.0,-1.0,-76.0
1777890201.5073323,4.0,-1.0,-77.0
1777890201.5173323,4.0,-3.0,-69.0
1777890201.5273323,3.0,-2.0,-65.0
1777890201.5373323,0.0,-4.0,-71.0
1777890201.5473323,1.0,-1.0,-76.0
1777890201.5573325,3.0,0.0,-77.0
1777890201.5673325,6.0,-2.0,-77.0
1777890201.5773325,3.0,-3.0,-68.0
1777890201.5873325,2.0,-4.0,-65.0
1777890201.5973325,1.0,-1.0,-70.0
1777890201.6073325,3.0,-5.0,-66.0
1777890201.6173325,3.0,-6.0,-64.0
1777890201.6273324,4.0,-5.0,-64.0
1777890201.6373324,4.0,0.0,-67.0
1777890201.6473324,2.0,0.0,-76.0
1777890201.6573324,0.0,-1.0,-70.0
1777890201.6673324,0.0,-3.0,-73.0
1777890201.6773324,0.0,0.0,-73.0
1777890201.6873324,0.0,-3.0,-76.0
1777890201.6973324,0.0,-5.0,-79.0
1777890201.7073324,-3.0,-7.0,-71.0
1777890201.7173324,-2.0,-7.0,-68.0
1777890201.7273324,-4.0,-8.0,-78.0
1777890201.7373323,-6.0,-9.0,-80.0
1777890201.7473323,-4.0,-10.0,-80.0
1777890201.7573323,0.0,-6.0,-86.0
1777890201.7673323,0.0,-7.0,-88.0
1777890201.7773323,-2.0,-4.0,-77.0
1777890201.7873323,-6.0,-4.0,-80.0
1777890201.7973323,-1.0,-6.0,-83.0
1777890201.8073325,-6.0,-6.0,-79.0
1777890201.8173325,-6.0,-6.0,-78.0
1777890201.8273325,-4.0,-1.0,-79.0
1777890201.8373325,-2.0,-3.0,-82.0
1777890201.8473325,-1.0,-5.0,-82.0
1777890201.8573325,-5.0,-3.0,-80.0
1777890201.8673325,-2.0,0.0,-80.0
1777890201.8773324,4.0,2.0,-82.0
1777890201.8873324,0.0,-2.0,-84.0
1777890201.8973324,1.0,-4.0,-86.0
1777890201.9073324,0.0,-6.0,-82.0
1777890201.9173324,-5.0,-9.0,-75.0
1777890201.9273324,-7.0,-8.0,-76.0
1777890201.9373324,-1.0,-13.0,-79.0
1777890201.9473324,-5.0,-10.0,-83.0
1777890201.9573324,-5.0,-8.0,-87.0
1777890201.9673324,-5.0,-4.0,-84.0
1777890201.9773324,0.0,-3.0,-78.0
1777890201.9873323,1.0,-4.0,-78.0
1777890201.9973323,4.0,-1.0,-81.0
1777890202.0073323,7.0,-4.0,-85.0
1777890202.0173323,3.0,-4.0,-82.0
1777890202.0273323,1.0,-9.0,-75.0
1777890202.0373323,0.0,-8.0,-73.0
1777890202.0473323,0.0,-5.0,-71.0
1777890202.0573325,0.0,-4.0,-67.0
1777890202.0673325,2.0,2.0,-62.0
1777890202.0773325,1.0,3.0,-61.0
1777890202.0873325,0.0,1.0,-59.0
1777890202.0973325,0.0,0.0,-58.0
1777890202.1073325,0.0,0.0,-57.0
1777890202.1173325,4.0,1.0,-64.0
1777890202.1273324,5.0,3.0,-68.0
1777890202.1373324,2.0,2.0,-73.0
1777890202.1473324,3.0,4.0,-76.0
1777890202.1573324,5.0,4.0,-74.0
1777890202.1673324,0.0,6.0,-79.0
1777890202.1773324,2.0,4.0,-68.0
1777890202.1873324,1.0,2.0,-67.0
1777890202.1973324,-1.0,1.0,-76.0
1777890202.2073324,1.0,0.0,-70.0
1777890202.2173324,0.0,5.0,-69.0
1777890202.2273324,-1.0,1.0,-61.0
1777890202.2373323,0.0,-1.0,-65.0
1777890202.2473323,-1.0,-1.0,-70.0
1777890202.2573323,-2.0,-3.0,-75.0
1777890202.2673323,1.0,-1.0,-78.0
1777890202.2773323,0.0,2.0,-85.0
1777890202.2873323,2.0,3.0,-84.0
1777890202.2973323,2.0,0.0,-83.0
1777890202.3073325,3.0,-3.0,-79.0
1777890202.3173325,1.0,0.0,-86.0
1777890202.3273325,4.0,-3.0,-88.0
1777890202.3373325,4.0,-1.0,-76.0
1777890202.3473325,6.0,-4.0,-71.0
1777890202.3573325,6.0,-5.0,-71.0
1777890202.3673325,11.0,-5.0,-73.0
1777890202.3773324,9.0,-2.0,-66.0
1777890202.3873324,12.0,0.0,-66.0
1777890202.3973324,8.0,0.0,-63.0
1777890202.4073324,4.0,-3.0,-65.0
1777890202.4173324,5.0,-3.0,-61.0
1777890202.4273324,-1.0,-4.0,-66.0
1777890202.4373324,1.0,-1.0,-69.0
1777890202.4473324,1.0,1.0,-71.0
1777890202.4573324,3.0,4.0,-78.0
1777890202.4673324,3.0,5.0,-80.0
1777890202.4773324,1.0,6.0,-85.0
1777890202.4873323,5.0,4.0,-86.0
1777890202.4973323,5.0,2.0,-85.0
1777890202.5073323,2.0,0.0,-79.0
1777890202.5173323,-4.0,0.0,-73.0
1777890202.5273323,-2.0,-4.0,-77.0
1777890202.5373323,-2.0,-4.0,-71.0
1777890202.5473323,-2.0,-7.0,-73.0
1777890202.5573325,-3.0,-10.0,-72.0
1777890202.5673325,1.0,-9.0,-68.0
1777890202.5773325,3.0,-4.0,-72.0
1777890202.5883324,0.0,-6.0,-73.0
1777890202.5983324,-2.0,-3.0,-74.0
1777890202.6083324,-3.0,-3.0,-81.0
1777890202.6183324,-1.0,0.0,-75.0
1777890202.6283324,-4.0,1.0,-76.0
1777890202.6383324,-1.0,2.0,-73.0
1777890202.6483324,0.0,-1.0,-75.0
1777890202.6583323,2.0,-2.0,-75.0
1777890202.6683323,0.0,-1.0,-77.0
1777890202.6783323,-2.0,-4.0,-72.0
1777890202.6883323,-3.0,-3.0,-74.0
1777890202.6983323,-2.0,-4.0,-78.0
1777890202.7083323,-3.0,-5.0,-79.0
1777890202.7183323,0.0,-1.0,-77.0
1777890202.7283323,1.0,-5.0,-79.0
1777890202.7383325,2.0,-4.0,-71.0
1777890202.7483325,0.0,-6.0,-74.0
1777890202.7583325,2.0,-5.0,-77.0
1777890202.7683325,5.0,-2.0,-86.0
1777890202.7783325,2.0,-1.0,-93.0
1777890202.7883325,1.0,0.0,-96.0
1777890202.7983325,2.0,-1.0,-93.0
1777890202.8083324,1.0,5.0,-93.0
1777890202.8183324,2.0,4.0,-91.0
1777890202.8283324,4.0,2.0,-92.0
1777890202.8383324,2.0,2.0,-89.0
1777890202.8483324,8.0,4.0,-84.0
1777890202.8583324,5.0,-1.0,-79.0
1777890202.8683324,4.0,-6.0,-78.0
1777890202.8783324,3.0,-3.0,-75.0
1777890202.8883324,3.0,-1.0,-80.0
1777890202.8983324,2.0,1.0,-84.0
1777890202.9083323,1.0,0.0,-90.0
1777890202.9183323,0.0,2.0,-85.0
1777890202.9283323,1.0,4.0,-75.0
1777890202.9383323,-2.0,5.0,-77.0
1777890202.9483323,0.0,5.0,-72.0
1777890202.9583323,2.0,0.0,-74.0
1777890202.9683323,3.0,-1.0,-69.0
1777890202.9783323,4.0,0.0,-67.0
1777890202.9883325,0.0,-2.0,-69.0
1777890202.9983325,0.0,-5.0,-67.0
1777890203.0083325,-3.0,-8.0,-64.0
1777890203.0183325,1.0,-7.0,-65.0
1777890203.0283325,0.0,-6.0,-66.0
1777890203.0383325,-1.0,-5.0,-65.0
1777890203.0483325,0.0,-3.0,-69.0
1777890203.0583324,-1.0,-2.0,-67.0
1777890203.0683324,0.0,-1.0,-72.0
1777890203.0783324,-2.0,-1.0,-68.0
1777890203.0883324,-4.0,-4.0,-76.0
1777890203.0983324,-3.0,-6.0,-76.0
1777890203.1083324,-2.0,-3.0,-76.0
1777890203.1183324,-3.0,-1.0,-76.0
1777890203.1283324,0.0,-3.0,-78.0
1777890203.1383324,0.0,-3.0,-77.0
1777890203.1483324,-2.0,-1.0,-73.0
1777890203.1583323,-1.0,4.0,-74.0
1777890203.1683323,0.0,4.0,-74.0
1777890203.1783323,1.0,4.0,-77.0
1777890203.1883323,1.0,3.0,-82.0
1777890203.1983323,2.0,1.0,-81.0
1777890203.2083323,5.0,0.0,-76.0
1777890203.2183323,5.0,5.0,-76.0
1777890203.2283323,4.0,0.0,-72.0
1777890203.2383325,-1.0,1.0,-77.0
1777890203.2483325,0.0,0.0,-82.0
1777890203.2583325,0.0,-3.0,-80.0
1777890203.2683325,0.0,-2.0,-78.0
1777890203.2783325,-1.0,-1.0,-77.0
1777890203.2883325,0.0,-2.0,-81.0
1777890203.2983325,1.0,-2.0,-82.0
1777890203.3083324,3.0,-5.0,-84.0
1777890203.3183324,4.0,-10.0,-78.0
1777890203.3283324,3.0,-12.0,-76.0
1777890203.3383324,1.0,-13.0,-71.0
1777890203.3483324,0.0,-8.0,-70.0
1777890203.3583324,-1.0,-6.0,-71.0
1777890203.3683324,-3.0,-6.0,-74.0
1777890203.3783324,-2.0,-6.0,-70.0
1777890203.3883324,-3.0,-2.0,-76.0
1777890203.3983324,-1.0,0.0,-75.0
1777890203.4083323,-6.0,4.0,-73.0
1777890203.4183323,-3.0,0.0,-73.0
1777890203.4283323,0.0,2.0,-76.0
1777890203.4383323,3.0,1.0,-72.0
1777890203.4483323,0.0,0.0,-73.0
1777890203.4583323,0.0,1.0,-76.0
1777890203.4683323,-3.0,1.0,-81.0
1777890203.4783323,-4.0,5.0,-83.0
1777890203.4883325,-2.0,3.0,-85.0
1777890203.4983325,-5.0,4.0,-88.0
1777890203.5083325,-3.0,4.0,-90.0
1777890203.5183325,-2.0,0.0,-91.0
1777890203.5283325,-2.0,0.0,-91.0
1777890203.5383325,-3.0,1.0,-78.0
1777890203.5483325,-4.0,4.0,-84.0
1777890203.5583324,-4.0,8.0,-88.0
1777890203.5683324,-4.0,5.0,-84.0
1777890203.5783324,-3.0,4.0,-91.0
1777890203.5883324,-2.0,1.0,-85.0
1777890203.5983324,1.0,0.0,-83.0
1777890203.6083324,1.0,0.0,-85.0
1777890203.6183324,1.0,-2.0,-80.0
1777890203.6283324,3.0,1.0,-71.0
1777890203.6383324,1.0,3.0,-66.0
1777890203.6483324,3.0,1.0,-62.0
1777890203.6583323,5.0,2.0,-66.0
1777890203.6683323,3.0,2.0,-71.0
1777890203.6783323,6.0,2.0,-76.0
1777890203.6883323,3.0,6.0,-75.0
1777890203.6983323,3.0,6.0,-76.0
1777890203.7083323,0.0,4.0,-79.0
1777890203.7183323,2.0,5.0,-78.0
1777890203.7283323,-3.0,2.0,-79.0
1777890203.7383325,0.0,1.0,-75.0
1777890203.7483325,0.0,0.0,-74.0
1777890203.7583325,0.0,2.0,-76.0
1777890203.7683325,3.0,3.0,-78.0
1777890203.7783325,5.0,3.0,-73.0
1777890203.7883325,2.0,4.0,-76.0
1777890203.7983325,-2.0,8.0,-74.0
1777890203.8083324,-5.0,10.0,-70.0
1777890203.8183324,0.0,9.0,-72.0
1777890203.8283324,0.0,4.0,-71.0
1777890203.8383324,-2.0,6.0,-76.0
1777890203.8483324,-3.0,6.0,-77.0
1777890203.8583324,-2.0,2.0,-75.0
1777890203.8683324,0.0,-1.0,-68.0
1777890203.8783324,1.0,0.0,-68.0
1777890203.8883324,0.0,3.0,-68.0
1777890203.8983324,0.0,2.0,-68.0
1777890203.9083323,3.0,7.0,-63.0
1777890203.9183323,6.0,11.0,-63.0
1777890203.9283323,11.0,11.0,-65.0
1777890203.9383323,5.0,9.0,-68.0
1777890203.9483323,5.0,10.0,-72.0
1777890203.9583323,2.0,9.0,-74.0
1777890203.9683323,-1.0,7.0,-77.0
1777890203.9783323,-6.0,8.0,-75.0
1777890203.9883325,0.0,3.0,-77.0
1777890203.9983325,3.0,0.0,-80.0
1777890204.0083325,2.0,-2.0,-82.0
1777890204.0183325,1.0,-4.0,-79.0
1777890204.0283325,1.0,-2.0,-78.0
1777890204.0383325,3.0,-3.0,-82.0
1777890204.0483325,1.0,-4.0,-80.0
1777890204.0583324,0.0,0.0,-76.0
1777890204.0683324,-1.0,2.0,-75.0
1777890204.0783324,-2.0,0.0,-74.0
1777890204.0883324,0.0,-1.0,-70.0
1777890204.0983324,1.0,-2.0,-74.0
1777890204.1083324,-1.0,-2.0,-76.0
1777890204.1183324,-3.0,-2.0,-80.0
1777890204.1283324,-4.0,-1.0,-77.0
1777890204.1383324,-7.0,-3.0,-82.0
1777890204.1483324,-1.0,-3.0,-76.0
1777890204.1583323,-3.0,-3.0,-82.0
1777890204.1683323,3.0,-3.0,-87.0
1777890204.1783323,4.0,-5.0,-87.0
1777890204.1883323,3.0,-2.0,-85.0
1777890204.1983323,3.0,-4.0,-93.0
1777890204.2083323,3.0,0.0,-88.0
1777890204.2183323,2.0,0.0,-82.0
1777890204.2283323,3.0,-2.0,-83.0
1777890204.2383325,7.0,-3.0,-80.0
1777890204.2483325,4.0,-7.0,-84.0
1777890204.2583325,-1.0,-5.0,-79.0
1777890204.2683325,-3.0,-6.0,-82.0
1777890204.2783325,-4.0,-5.0,-79.0
1777890204.2883325,-3.0,-4.0,-78.0
1777890204.2983325,-2.0,-6.0,-79.0
1777890204.3083324,-4.0,-3.0,-80.0
1777890204.3183324,-2.0,0.0,-78.0
1777890204.3283324,-5.0,-1.0,-71.0
1777890204.3383324,-7.0,-2.0,-64.0
1777890204.3483324,-6.0,-4.0,-59.0
1777890204.3583324,-4.0,-5.0,-59.0
1777890204.3683324,-3.0,-5.0,-68.0
1777890204.3783324,-1.0,-1.0,-69.0
1777890204.3883324,2.0,-4.0,-72.0
1777890204.3983324,2.0,-3.0,-74.0
1777890204.4083323,0.0,0.0,-68.0
1777890204.4183323,2.0,-1.0,-65.0
1777890204.4283323,0.0,-3.0,-67.0
1777890204.4383323,2.0,-5.0,-62.0
1777890204.4483323,6.0,-7.0,-67.0
1777890204.4583323,1.0,-8.0,-72.0
1777890204.4683323,0.0,-8.0,-72.0
1777890204.4783323,-4.0,-8.0,-77.0
1777890204.4883325,-4.0,-5.0,-73.0
1777890204.4983325,-2.0,-3.0,-69.0
1777890204.5083325,-3.0,1.0,-72.0
1777890204.5183325,-3.0,3.0,-75.0
1777890204.5283325,-4.0,1.0,-69.0
1777890204.5383325,-3.0,0.0,-66.0
1777890204.5493324,5.0,1.0,-78.0
1777890204.5593324,9.0,0.0,-74.0
1777890204.5693324,5.0,-1.0,-73.0
1777890204.5793324,3.0,0.0,-65.0
1777890204.5893323,0.0,0.0,-69.0
1777890204.5993323,-1.0,-1.0,-71.0
1777890204.6093323,1.0,0.0,-75.0
1777890204.6193323,-3.0,-6.0,-75.0
1777890204.6293323,-1.0,-2.0,-76.0
1777890204.6393323,0.0,-5.0,-69.0
1777890204.6493323,-3.0,-9.0,-73.0
1777890204.6593325,1.0,-10.0,-71.0
1777890204.6693325,3.0,-10.0,-73.0
1777890204.6793325,3.0,-7.0,-73.0
1777890204.6893325,-1.0,-5.0,-77.0
1777890204.6993325,0.0,-2.0,-77.0
1777890204.7093325,0.0,-1.0,-76.0
1777890204.7193325,-6.0,1.0,-74.0
1777890204.7293324,-3.0,2.0,-72.0
1777890204.7393324,2.0,4.0,-78.0
1777890204.7493324,0.0,5.0,-80.0
1777890204.7593324,0.0,1.0,-80.0
1777890204.7693324,0.0,3.0,-80.0
1777890204.7793324,0.0,3.0,-81.0
1777890204.7893324,-2.0,3.0,-81.0
1777890204.7993324,-2.0,2.0,-78.0
1777890204.8093324,-3.0,2.0,-74.0
1777890204.8193324,0.0,4.0,-81.0
1777890204.8293324,4.0,4.0,-82.0
1777890204.8393323,9.0,2.0,-74.0
1777890204.8493323,9.0,3.0,-72.0
1777890204.8593323,2.0,5.0,-71.0
1777890204.8693323,0.0,4.0,-78.0
1777890204.8793323,0.0,6.0,-81.0
1777890204.8893323,-4.0,8.0,-80.0
1777890204.8993323,-4.0,4.0,-80.0
1777890204.9093325,-3.0,2.0,-78.0
1777890204.9193325,-4.0,2.0,-81.0
1777890204.9293325,-3.0,-2.0,-75.0
1777890204.9393325,-3.0,0.0,-74.0
1777890204.9493325,-3.0,0.0,-72.0
1777890204.9593325,-3.0,1.0,-68.0
1777890204.9693325,4.0,1.0,-67.0
1777890204.9793324,3.0,0.0,-67.0
1777890204.9893324,5.0,-2.0,-70.0
1777890204.9993324,5.0,-5.0,-72.0
1777890205.0093324,0.0,-6.0,-76.0
1777890205.0193324,0.0,-4.0,-72.0
1777890205.0293324,-2.0,-6.0,-75.0
1777890205.0393324,-4.0,-5.0,-71.0
1777890205.0493324,-4.0,-4.0,-76.0
1777890205.0593324,0.0,-6.0,-72.0
1777890205.0693324,-1.0,-4.0,-72.0
1777890205.0793324,2.0,0.0,-67.0
1777890205.0893323,0.0,1.0,-70.0
1777890205.0993323,0.0,2.0,-68.0
1777890205.1093323,1.0,-3.0,-69.0
1777890205.1193323,1.0,-1.0,-76.0
1777890205.1293323,-1.0,2.0,-75.0
1777890205.1393323,-1.0,3.0,-71.0
1777890205.1493323,0.0,3.0,-73.0
1777890205.1593325,-2.0,4.0,-71.0
1777890205.1693325,-4.0,5.0,-64.0
1777890205.1793325,1.0,4.0,-66.0
1777890205.1893325,0.0,6.0,-65.0
1777890205.1993325,5.0,3.0,-63.0
1777890205.2093325,7.0,0.0,-70.0
1777890205.2193325,3.0,-3.0,-63.0
1777890205.2293324,6.0,0.0,-67.0
1777890205.2393324,6.0,0.0,-69.0
1777890205.2493324,6.0,2.0,-74.0
1777890205.2593324,6.0,0.0,-79.0
1777890205.2693324,0.0,0.0,-77.0
1777890205.2793324,5.0,2.0,-81.0
1777890205.2893324,2.0,0.0,-84.0
1777890205.2993324,3.0,-3.0,-78.0
1777890205.3093324,2.0,-5.0,-79.0
1777890205.3193324,2.0,-1.0,-79.0
1777890205.3293324,2.0,1.0,-79.0
1777890205.3393323,1.0,2.0,-78.0
1777890205.3493323,-1.0,5.0,-81.0
1777890205.3593323,4.0,5.0,-82.0
1777890205.3693323,6.0,1.0,-83.0
1777890205.3793323,4.0,0.0,-76.0
1777890205.3893323,3.0,-3.0,-76.0
1777890205.3993323,2.0,-1.0,-74.0
1777890205.4093325,0.0,0.0,-77.0
1777890205.4193325,-1.0,-1.0,-81.0
1777890205.4293325,-4.0,2.0,-83.0
1777890205.4393325,-8.0,0.0,-76.0
1777890205.4493325,-9.0,0.0,-73.0
1777890205.4593325,-10.0,-1.0,-73.0
1777890205.4693325,-5.0,-2.0,-71.0
1777890205.4793324,-6.0,-3.0,-73.0
1777890205.4893324,0.0,0.0,-76.0
1777890205.4993324,4.0,-4.0,-74.0
1777890205.5093324,4.0,-5.0,-72.0
1777890205.5193324,1.0,-6.0,-65.0
1777890205.5293324,0.0,-3.0,-67.0
1777890205.5393324,1.0,-2.0,-75.0
1777890205.5493324,1.0,-1.0,-76.0
1777890205.5593324,0.0,3.0,-80.0
1777890205.5693324,-2.0,4.0,-75.0
1777890205.5793324,0.0,3.0,-72.0
1777890205.5893323,2.0,4.0,-78.0
1777890205.5993323,2.0,7.0,-79.0
1777890205.6093323,1.0,6.0,-74.0
1777890205.6193323,3.0,8.0,-69.0
1777890205.6293323,6.0,8.0,-66.0
1777890205.6393323,5.0,4.0,-74.0
1777890205.6493323,7.0,6.0,-78.0
1777890205.6593325,7.0,4.0,-74.0
1777890205.6693325,4.0,2.0,-67.0
1777890205.6793325,0.0,1.0,-64.0
1777890205.6893325,-1.0,1.0,-66.0
1777890205.6993325,-2.0,0.0,-64.0
1777890205.7093325,-2.0,0.0,-68.0
1777890205.7193325,0.0,-3.0,-68.0
1777890205.7293324,1.0,-2.0,-63.0
1777890205.7393324,0.0,-5.0,-72.0
1777890205.7493324,-2.0,-7.0,-72.0
1777890205.7593324,0.0,-10.0,-69.0
1777890205.7693324,1.0,-9.0,-68.0
1777890205.7793324,-1.0,-8.0,-70.0
1777890205.7893324,1.0,-6.0,-69.0
1777890205.7993324,4.0,-9.0,-66.0
1777890205.8093324,10.0,-9.0,-70.0
1777890205.8193324,10.0,-9.0,-67.0
1777890205.8293324,9.0,-9.0,-69.0
1777890205.8393323,0.0,-11.0,-72.0
1777890205.8493323,3.0,-11.0,-69.0
1777890205.8593323,2.0,-7.0,-74.0
1777890205.8693323,1.0,-5.0,-72.0
1777890205.8793323,0.0,0.0,-72.0
1777890205.8893323,-5.0,-2.0,-73.0
1777890205.8993323,-7.0,-6.0,-70.0
1777890205.9093325,-8.0,-4.0,-74.0
1777890205.9193325,-7.0,-6.0,-74.0
1777890205.9293325,-6.0,-5.0,-82.0
1777890205.9393325,-7.0,-8.0,-83.0
1777890205.9493325,-7.0,-6.0,-82.0
1777890205.9593325,-3.0,-4.0,-76.0
1777890205.9693325,1.0,-3.0,-78.0
1777890205.9793324,4.0,-1.0,-79.0
1777890205.9893324,2.0,0.0,-75.0
1777890205.9993324,2.0,0.0,-72.0
1777890206.0093324,5.0,0.0,-72.0
1777890206.0193324,4.0,0.0,-72.0
1777890206.0293324,10.0,-1.0,-75.0
1777890206.0393324,7.0,2.0,-74.0
1777890206.0493324,4.0,1.0,-77.0
1777890206.0593324,4.0,2.0,-77.0
1777890206.0693324,7.0,1.0,-78.0
1777890206.0793324,2.0,0.0,-82.0
1777890206.0893323,1.0,0.0,-90.0
1777890206.0993323,3.0,1.0,-84.0
1777890206.1093323,3.0,-1.0,-87.0
1777890206.1193323,3.0,1.0,-88.0
1777890206.1293323,3.0,3.0,-88.0
1777890206.1393323,-1.0,5.0,-86.0
1777890206.1493323,0.0,5.0,-88.0
1777890206.1593325,1.0,5.0,-85.0
1777890206.1693325,3.0,5.0,-73.0
1777890206.1793325,5.0,0.0,-76.0
1777890206.1893325,5.0,0.0,-79.0
1777890206.1993325,1.0,-2.0,-74.0
1777890206.2093325,-4.0,0.0,-75.0
1777890206.2193325,-4.0,-4.0,-75.0
1777890206.2293324,1.0,-5.0,-75.0
1777890206.2393324,0.0,-9.0,-77.0
1777890206.2493324,3.0,-8.0,-73.0
1777890206.2593324,5.0,-6.0,-64.0
1777890206.2693324,5.0,-4.0,-61.0
1777890206.2793324,8.0,-4.0,-65.0
1777890206.2893324,7.0,-2.0,-65.0
1777890206.2993324,7.0,-2.0,-65.0
1777890206.3093324,3.0,0.0,-76.0
1777890206.3193324,3.0,-2.0,-71.0
1777890206.3293324,5.0,-3.0,-68.0
1777890206.3393323,5.0,-9.0,-63.0
1777890206.3493323,3.0,-9.0,-69.0
1777890206.3593323,4.0,-6.0,-68.0
1777890206.3693323,4.0,-2.0,-80.0
1777890206.3793323,5.0,-3.0,-79.0
1777890206.3893323,5.0,-3.0,-80.0
1777890206.3993323,1.0,-2.0,-80.0
1777890206.4093325,2.0,1.0,-74.0
1777890206.4193325,0.0,0.0,-74.0
1777890206.4293325,0.0,0.0,-72.0
1777890206.4393325,1.0,0.0,-68.0
1777890206.4493325,-3.0,0.0,-71.0
1777890206.4593325,-4.0,0.0,-71.0
1777890206.4693325,-7.0,-1.0,-78.0
1777890206.4793324,-7.0,0.0,-77.0
1777890206.4893324,-6.0,0.0,-80.0
1777890206.4993324,-6.0,2.0,-79.0
1777890206.5093324,-1.0,0.0,-72.0
1777890206.5193324,-5.0,0.0,-72.0
1777890206.5303323,-3.0,-1.0,-71.0
1777890206.5403323,-6.0,-2.0,-74.0
1777890206.5493324,-6.0,-3.0,-77.0
1777890206.5603323,-6.0,-3.0,-77.0
1777890206.5703323,-6.0,0.0,-73.0
1777890206.5803325,-6.0,3.0,-73.0
1777890206.5903325,-4.0,2.0,-69.0
1777890206.6003325,-3.0,8.0,-74.0
1777890206.6103325,0.0,8.0,-79.0
1777890206.6203325,3.0,4.0,-82.0
1777890206.6303325,5.0,2.0,-81.0
1777890206.6403325,8.0,0.0,-75.0
1777890206.6503325,5.0,-1.0,-71.0
1777890206.6603324,3.0,2.0,-80.0
1777890206.6703324,4.0,2.0,-77.0
1777890206.6803324,1.0,0.0,-71.0
1777890206.6903324,0.0,0.0,-71.0
1777890206.7003324,0.0,2.0,-71.0
1777890206.7103324,-1.0,0.0,-71.0
1777890206.7203324,0.0,-1.0,-67.0
1777890206.7303324,0.0,0.0,-67.0
1777890206.7403324,-3.0,-1.0,-63.0
1777890206.7503324,-5.0,-2.0,-67.0
1777890206.7603323,-6.0,0.0,-67.0
1777890206.7703323,-6.0,-2.0,-63.0
1777890206.7803323,-1.0,-3.0,-65.0
1777890206.7903323,1.0,-7.0,-69.0
1777890206.8003323,0.0,-7.0,-81.0
1777890206.8103323,0.0,-5.0,-72.0
1777890206.8203323,-4.0,-8.0,-71.0
1777890206.8303325,-3.0,-7.0,-65.0
1777890206.8403325,-2.0,-4.0,-66.0
1777890206.8503325,2.0,-5.0,-78.0
1777890206.8603325,0.0,-6.0,-76.0
1777890206.8703325,3.0,-4.0,-76.0
1777890206.8803325,3.0,-1.0,-73.0
1777890206.8903325,4.0,-4.0,-75.0
1777890206.9003325,4.0,-5.0,-71.0
1777890206.9103324,6.0,-1.0,-69.0
1777890206.9203324,5.0,0.0,-72.0
1777890206.9303324,0.0,0.0,-72.0
1777890206.9403324,-2.0,0.0,-69.0
1777890206.9503324,-5.0,0.0,-72.0
1777890206.9603324,-4.0,0.0,-67.0
1777890206.9703324,0.0,-1.0,-68.0
1777890206.9803324,2.0,0.0,-69.0
1777890206.9903324,0.0,0.0,-76.0
1777890207.0003324,3.0,-2.0,-81.0
1777890207.0103323,0.0,-3.0,-83.0
1777890207.0203323,0.0,0.0,-73.0
1777890207.0303323,0.0,0.0,-73.0
1777890207.0403323,0.0,2.0,-77.0
1777890207.0503323,1.0,1.0,-84.0
1777890207.0603323,-1.0,5.0,-83.0
1777890207.0703323,-5.0,4.0,-87.0
1777890207.0803325,-2.0,3.0,-91.0
1777890207.0903325,1.0,6.0,-97.0
1777890207.1003325,0.0,4.0,-94.0
1777890207.1103325,1.0,5.0,-96.0
1777890207.1203325,4.0,5.0,-91.0
1777890207.1303325,4.0,0.0,-84.0
1777890207.1403325,1.0,0.0,-84.0
1777890207.1503325,7.0,-3.0,-82.0
1777890207.1603324,8.0,-3.0,-86.0
1777890207.1703324,8.0,-5.0,-84.0
1777890207.1803324,7.0,-6.0,-83.0
1777890207.1903324,3.0,-7.0,-81.0
1777890207.2003324,5.0,-9.0,-81.0
1777890207.2103324,3.0,-7.0,-75.0
1777890207.2203324,1.0,0.0,-79.0
1777890207.2303324,5.0,-2.0,-80.0
1777890207.2403324,4.0,-6.0,-84.0
1777890207.2503324,8.0,-8.0,-90.0
1777890207.2603323,2.0,-3.0,-89.0
1777890207.2703323,5.0,0.0,-95.0
1777890207.2803323,0.0,5.0,-86.0
1777890207.2903323,-3.0,2.0,-83.0
1777890207.3003323,0.0,0.0,-82.0
1777890207.3103323,2.0,0.0,-84.0
1777890207.3203323,4.0,0.0,-74.0
1777890207.3303325,0.0,1.0,-75.0
1777890207.3403325,-2.0,1.0,-77.0
1777890207.3503325,-1.0,-1.0,-71.0
1777890207.3603325,-3.0,1.0,-73.0
1777890207.3703325,0.0,-2.0,-77.0
1777890207.3803325,-4.0,-4.0,-75.0
1777890207.3903325,-5.0,-5.0,-74.0
1777890207.4003325,-3.0,-6.0,-73.0
1777890207.4103324,-6.0,-5.0,-72.0
1777890207.4203324,-6.0,-6.0,-68.0
1777890207.4303324,-7.0,-5.0,-71.0
1777890207.4403324,-6.0,-4.0,-75.0
1777890207.4503324,-8.0,-3.0,-78.0
1777890207.4603324,-7.0,-7.0,-80.0
1777890207.4703324,-9.0,-4.0,-70.0
1777890207.4803324,-7.0,-4.0,-69.0
1777890207.4903324,-6.0,-5.0,-71.0
1777890207.5003324,-4.0,-7.0,-70.0
1777890207.5103323,-3.0,-6.0,-70.0
1777890207.5203323,-1.0,-3.0,-73.0
1777890207.5303323,-3.0,-3.0,-72.0
1777890207.5403323,2.0,-4.0,-68.0
1777890207.5503323,2.0,-6.0,-70.0
1777890207.5603323,-1.0,0.0,-69.0
1777890207.5703323,0.0,-2.0,-75.0
1777890207.5803325,0.0,-6.0,-76.0
1777890207.5903325,5.0,-4.0,-77.0
1777890207.6003325,5.0,-4.0,-75.0
1777890207.6103325,5.0,-6.0,-81.0
1777890207.6203325,5.0,-6.0,-85.0
1777890207.6303325,4.0,-3.0,-83.0
1777890207.6403325,0.0,-3.0,-82.0
1777890207.6503325,4.0,-3.0,-76.0
1777890207.6603324,1.0,0.0,-82.0
1777890207.6703324,0.0,-4.0,-77.0
1777890207.6803324,-3.0,0.0,-77.0
1777890207.6903324,-6.0,-1.0,-72.0
1777890207.7003324,-6.0,-1.0,-67.0
1777890207.7103324,-1.0,-2.0,-71.0
1777890207.7203324,0.0,2.0,-80.0
1777890207.7303324,-1.0,3.0,-77.0
1777890207.7403324,0.0,4.0,-69.0
1777890207.7503324,-1.0,5.0,-68.0
1777890207.7603323,0.0,4.0,-67.0
1777890207.7703323,1.0,3.0,-67.0
1777890207.7803323,0.0,4.0,-65.0
1777890207.7903323,-2.0,5.0,-68.0
1777890207.8003323,-2.0,9.0,-70.0
1777890207.8103323,-1.0,7.0,-65.0
1777890207.8203323,-4.0,1.0,-64.0
1777890207.8303325,-3.0,2.0,-68.0
1777890207.8403325,-1.0,5.0,-80.0
1777890207.8503325,2.0,6.0,-79.0
1777890207.8603325,1.0,12.0,-76.0
1777890207.8703325,0.0,13.0,-78.0
1777890207.8803325,1.0,9.0,-71.0
1777890207.8903325,0.0,9.0,-68.0
1777890207.9003325,-4.0,6.0,-72.0
1777890207.9103324,-7.0,1.0,-68.0
1777890207.9203324,-8.0,1.0,-71.0
1777890207.9303324,-7.0,0.0,-70.0
1777890207.9403324,-8.0,-5.0,-73.0
1777890207.9503324,-7.0,-3.0,-75.0
1777890207.9603324,-6.0,-4.0,-65.0
1777890207.9703324,-7.0,-3.0,-63.0
1777890207.9803324,-3.0,2.0,-65.0
1777890207.9903324,-4.0,4.0,-67.0
1777890208.0003324,-4.0,4.0,-65.0
1777890208.0103323,1.0,2.0,-65.0
1777890208.0203323,2.0,0.0,-64.0
1777890208.0303323,3.0,0.0,-64.0
1777890208.0403323,3.0,3.0,-69.0
1777890208.0503323,2.0,1.0,-75.0
1777890208.0603323,-1.0,-2.0,-73.0
1777890208.0703323,-2.0,4.0,-75.0
1777890208.0803325,0.0,2.0,-76.0
1777890208.0903325,-4.0,0.0,-81.0
1777890208.1003325,2.0,-2.0,-82.0
1777890208.1103325,2.0,0.0,-79.0
1777890208.1213324,4.0,0.0,-84.0
1777890208.1303325,4.0,2.0,-85.0
1777890208.1403325,-1.0,4.0,-77.0
1777890208.1503325,-2.0,2.0,-75.0
1777890208.1603324,-2.0,0.0,-75.0
1777890208.1703324,-5.0,0.0,-77.0
1777890208.1803324,-5.0,-3.0,-74.0
1777890208.1903324,-3.0,-3.0,-73.0
1777890208.2003324,0.0,-3.0,-67.0
1777890208.2103324,4.0,-6.0,-59.0
1777890208.2203324,2.0,-4.0,-57.0
1777890208.2303324,2.0,-5.0,-62.0
1777890208.2403324,3.0,0.0,-62.0
1777890208.2503324,4.0,2.0,-61.0
1777890208.2603323,3.0,3.0,-68.0
1777890208.2703323,3.0,0.0,-69.0
1777890208.2803323,6.0,-2.0,-70.0
1777890208.2903323,10.0,-4.0,-69.0
1777890208.3003323,10.0,-8.0,-73.0
1777890208.3103323,8.0,-5.0,-76.0
1777890208.3203323,5.0,-4.0,-79.0
1777890208.3303325,0.0,-1.0,-76.0
1777890208.3403325,0.0,-1.0,-70.0
1777890208.3503325,0.0,-2.0,-77.0
1777890208.3603325,1.0,-6.0,-78.0
1777890208.3703325,0.0,-5.0,-80.0
1777890208.3803325,4.0,-5.0,-79.0
1777890208.3903325,4.0,-1.0,-75.0
1777890208.4003325,-2.0,-1.0,-74.0
1777890208.4103324,-5.0,1.0,-71.0
1777890208.4203324,-7.0,5.0,-67.0
1777890208.4303324,-7.0,5.0,-71.0
1777890208.4403324,-3.0,5.0,-69.0
1777890208.4503324,-4.0,0.0,-70.0
1777890208.4603324,-6.0,-1.0,-69.0
1777890208.4703324,-2.0,-1.0,-72.0
1777890208.4803324,-3.0,0.0,-68.0
1777890208.4913323,0.0,1.0,-72.0
1777890208.5003324,0.0,3.0,-76.0
1777890208.5103323,3.0,4.0,-79.0
1777890208.5203323,3.0,1.0,-70.0
1777890208.5303323,0.0,0.0,-66.0
1777890208.5413325,0.0,-5.0,-67.0
1777890208.5513325,-2.0,-4.0,-68.0
1777890208.5613325,2.0,-3.0,-67.0
1777890208.5713325,3.0,-4.0,-77.0
1777890208.5813324,-2.0,-5.0,-83.0
1777890208.5913324,-4.0,-5.0,-85.0
1777890208.6013324,0.0,-2.0,-77.0
1777890208.6113324,0.0,0.0,-77.0
1777890208.6213324,0.0,0.0,-77.0
1777890208.6313324,2.0,3.0,-78.0
1777890208.6413324,0.0,0.0,-79.0
1777890208.6513324,0.0,-1.0,-81.0
1777890208.6613324,0.0,-2.0,-78.0
1777890208.6713324,1.0,0.0,-73.0
1777890208.6813323,0.0,-1.0,-76.0
1777890208.6913323,-1.0,-2.0,-74.0
1777890208.7013323,0.0,-4.0,-69.0
1777890208.7113323,0.0,-5.0,-71.0
1777890208.7213323,-4.0,-4.0,-78.0
1777890208.7313323,-5.0,-3.0,-80.0
1777890208.7413323,-3.0,-6.0,-83.0
1777890208.7513323,0.0,-9.0,-80.0
1777890208.7613325,-1.0,-7.0,-68.0
1777890208.7713325,0.0,-5.0,-65.0
1777890208.7813325,4.0,-7.0,-68.0
1777890208.7913325,4.0,-9.0,-70.0
1777890208.8013325,3.0,-7.0,-67.0
1777890208.8113325,1.0,-3.0,-69.0
1777890208.8213325,1.0,0.0,-71.0
1777890208.8313324,0.0,0.0,-75.0
1777890208.8413324,-3.0,0.0,-75.0
1777890208.8513324,-3.0,-1.0,-87.0
1777890208.8613324,-4.0,-2.0,-90.0
1777890208.8713324,-3.0,-3.0,-83.0
1777890208.8813324,-3.0,1.0,-80.0
1777890208.8913324,-4.0,3.0,-78.0
1777890208.9013324,-5.0,0.0,-79.0
1777890208.9113324,-5.0,0.0,-76.0
1777890208.9213324,-5.0,2.0,-72.0
1777890208.9313323,-6.0,2.0,-75.0
1777890208.9413323,-2.0,0.0,-72.0
1777890208.9513323,0.0,0.0,-69.0
1777890208.9613323,5.0,-1.0,-77.0
1777890208.9713323,7.0,-3.0,-71.0
1777890208.9813323,10.0,-3.0,-69.0
1777890208.9913323,6.0,-4.0,-71.0
1777890209.0013323,8.0,-3.0,-69.0
1777890209.0113325,6.0,0.0,-69.0
1777890209.0213325,10.0,-1.0,-71.0
1777890209.0313325,8.0,-4.0,-73.0
1777890209.0413325,5.0,-5.0,-73.0
1777890209.0513325,3.0,0.0,-69.0
1777890209.0613325,1.0,2.0,-67.0
1777890209.0713325,2.0,2.0,-71.0
1777890209.0813324,4.0,0.0,-68.0
1777890209.0913324,4.0,-2.0,-65.0
1777890209.1013324,0.0,-1.0,-63.0
1777890209.1113324,2.0,-5.0,-59.0
1777890209.1213324,5.0,-5.0,-60.0
1777890209.1313324,10.0,-3.0,-69.0
1777890209.1413324,4.0,-4.0,-71.0
1777890209.1513324,3.0,-4.0,-70.0
1777890209.1613324,0.0,-1.0,-72.0
1777890209.1713324,0.0,-4.0,-74.0
1777890209.1813323,-1.0,0.0,-79.0
1777890209.1913323,-1.0,-2.0,-86.0
1777890209.2013323,-1.0,0.0,-85.0
1777890209.2113323,0.0,0.0,-82.0
1777890209.2213323,-5.0,1.0,-84.0
1777890209.2313323,-7.0,4.0,-84.0
1777890209.2413323,-7.0,4.0,-86.0
1777890209.2513323,-5.0,6.0,-81.0
1777890209.2613325,-5.0,6.0,-80.0
1777890209.2713325,-2.0,8.0,-84.0
1777890209.2813325,0.0,5.0,-81.0
1777890209.2913325,2.0,6.0,-80.0
1777890209.3013325,6.0,3.0,-76.0
1777890209.3113325,10.0,4.0,-78.0
1777890209.3213325,9.0,5.0,-80.0
1777890209.3313324,5.0,3.0,-74.0
1777890209.3413324,2.0,2.0,-77.0
1777890209.3513324,0.0,1.0,-84.0
1777890209.3613324,0.0,-2.0,-78.0
1777890209.3713324,0.0,2.0,-74.0
1777890209.3813324,2.0,4.0,-75.0
1777890209.3913324,6.0,1.0,-73.0
1777890209.4013324,4.0,0.0,-69.0
1777890209.4113324,0.0,5.0,-66.0
1777890209.4213324,-1.0,4.0,-70.0
1777890209.4313323,-7.0,0.0,-75.0
1777890209.4413323,-5.0,0.0,-78.0
1777890209.4513323,0.0,4.0,-72.0
1777890209.4613323,1.0,6.0,-71.0
1777890209.4713323,-5.0,2.0,-75.0
1777890209.4813323,-9.0,0.0,-71.0
1777890209.4913323,-4.0,1.0,-69.0
1777890209.5013323,-3.0,1.0,-70.0
1777890209.5113325,-1.0,5.0,-73.0
1777890209.5213325,0.0,8.0,-72.0
1777890209.5313325,-1.0,3.0,-76.0
1777890209.5413325,0.0,3.0,-81.0
1777890209.5513325,5.0,-1.0,-82.0
1777890209.5613325,7.0,-5.0,-80.0
1777890209.5713325,2.0,-4.0,-87.0
1777890209.5813324,3.0,0.0,-83.0
1777890209.5913324,5.0,2.0,-88.0
1777890209.6013324,2.0,0.0,-82.0
1777890209.6113324,-1.0,-4.0,-80.0
1777890209.6213324,1.0,-5.0,-82.0
1777890209.6313324,0.0,-5.0,-81.0
1777890209.6413324,2.0,-3.0,-78.0
1777890209.6513324,0.0,-5.0,-80.0
1777890209.6613324,0.0,-3.0,-76.0
1777890209.6713324,-1.0,-1.0,-76.0
1777890209.6813323,-1.0,2.0,-78.0
1777890209.6913323,-4.0,3.0,-73.0
1777890209.7013323,-5.0,2.0,-69.0
1777890209.7113323,-6.0,0.0,-74.0
1777890209.7213323,-5.0,-1.0,-75.0
1777890209.7313323,-5.0,-1.0,-70.0
1777890209.7413323,-2.0,-2.0,-67.0
1777890209.7513323,-1.0,-3.0,-62.0
1777890209.7613325,2.0,-2.0,-53.0
1777890209.7713325,6.0,-1.0,-54.0
1777890209.7813325,9.0,-5.0,-54.0
1777890209.7913325,6.0,-3.0,-61.0
1777890209.8013325,7.0,-4.0,-65.0
1777890209.8113325,5.0,-2.0,-71.0
1777890209.8213325,0.0,1.0,-73.0
1777890209.8313324,-1.0,5.0,-70.0
1777890209.8413324,0.0,5.0,-71.0
1777890209.8513324,1.0,2.0,-65.0
1777890209.8613324,5.0,0.0,-63.0
1777890209.8713324,8.0,-5.0,-66.0
1777890209.8813324,4.0,-5.0,-67.0
1777890209.8913324,3.0,0.0,-68.0
1777890209.9013324,4.0,3.0,-73.0
1777890209.9113324,3.0,1.0,-67.0
1777890209.9213324,-1.0,0.0,-74.0
1777890209.9313323,4.0,0.0,-75.0
1777890209.9413323,2.0,-2.0,-77.0
1777890209.9513323,0.0,0.0,-87.0
1777890209.9613323,0.0,4.0,-85.0
1777890209.9713323,-3.0,1.0,-76.0
1777890209.9813323,-5.0,4.0,-74.0
1777890209.9913323,-5.0,3.0,-76.0
1777890210.0013323,-4.0,0.0,-78.0
1777890210.0113325,-3.0,-2.0,-82.0
1777890210.0213325,-2.0,-4.0,-80.0
1777890210.0313325,0.0,0.0,-76.0
1777890210.0413325,-1.0,-1.0,-71.0
1777890210.0513325,-5.0,-1.0,-76.0
1777890210.0613325,-4.0,0.0,-76.0
1777890210.0713325,-1.0,0.0,-66.0
1777890210.0813324,-1.0,-4.0,-65.0
1777890210.0913324,0.0,-6.0,-64.0
1777890210.1013324,-4.0,-8.0,-68.0
1777890210.1113324,-10.0,-6.0,-70.0
1777890210.1213324,-6.0,-4.0,-72.0
1777890210.1313324,-7.0,-3.0,-70.0
1777890210.1413324,0.0,-2.0,-71.0
1777890210.1513324,0.0,-5.0,-71.0
1777890210.1613324,0.0,0.0,-68.0
1777890210.1713324,0.0,-1.0,-73.0
1777890210.1813323,-2.0,0.0,-73.0
1777890210.1913323,-3.0,-1.0,-76.0
1777890210.2013323,-5.0,-2.0,-75.0
1777890210.2113323,-3.0,-2.0,-72.0
1777890210.2213323,-5.0,-1.0,-70.0
1777890210.2313323,-1.0,0.0,-75.0
1777890210.2413323,-3.0,1.0,-82.0
1777890210.2513323,-2.0,1.0,-72.0
1777890210.2613325,-2.0,1.0,-71.0
1777890210.2713325,0.0,1.0,-71.0
1777890210.2813325,1.0,-1.0,-77.0
1777890210.2913325,2.0,4.0,-79.0
1777890210.3013325,3.0,4.0,-81.0
1777890210.3113325,7.0,6.0,-86.0
1777890210.3213325,6.0,1.0,-80.0
1777890210.3313324,2.0,1.0,-79.0
1777890210.3413324,1.0,4.0,-71.0
1777890210.3513324,0.0,0.0,-71.0
1777890210.3613324,1.0,3.0,-78.0
1777890210.3713324,-2.0,1.0,-84.0
1777890210.3813324,-2.0,0.0,-86.0
1777890210.3913324,-2.0,-1.0,-86.0
1777890210.4013324,-4.0,-2.0,-88.0
1777890210.4113324,-1.0,-4.0,-83.0
1777890210.4213324,1.0,-3.0,-81.0
1777890210.4313323,-1.0,-7.0,-68.0
1777890210.4413323,-6.0,-4.0,-69.0
1777890210.4513323,-7.0,-3.0,-70.0
1777890210.4613323,-4.0,-1.0,-72.0
1777890210.4713323,0.0,0.0,-73.0
1777890210.4813323,-2.0,3.0,-73.0
1777890210.4913323,-6.0,3.0,-69.0
1777890210.5023324,-6.0,0.0,-67.0
1777890210.5123324,-2.0,-2.0,-70.0
1777890210.5213325,-3.0,-1.0,-74.0
1777890210.5323324,0.0,0.0,-72.0
1777890210.5423324,1.0,0.0,-62.0
1777890210.5523324,3.0,4.0,-64.0
1777890210.5623324,0.0,3.0,-64.0
1777890210.5713325,3.0,1.0,-62.0
1777890210.5823324,2.0,0.0,-59.0
1777890210.5923324,5.0,0.0,-62.0
1777890210.6023324,3.0,-1.0,-65.0
1777890210.6123323,1.0,0.0,-73.0
1777890210.6223323,1.0,0.0,-69.0
1777890210.6323323,0.0,4.0,-61.0
1777890210.6423323,0.0,4.0,-70.0
1777890210.6523323,0.0,6.0,-76.0
1777890210.6623323,2.0,4.0,-83.0
1777890210.6723323,-4.0,2.0,-78.0
1777890210.6823325,-7.0,1.0,-78.0
1777890210.6923325,-8.0,0.0,-81.0
1777890210.7023325,-7.0,-1.0,-74.0
1777890210.7123325,-8.0,0.0,-72.0
1777890210.7223325,-7.0,-1.0,-75.0
1777890210.7323325,-11.0,0.0,-77.0
1777890210.7423325,-13.0,-2.0,-72.0
1777890210.7523324,-13.0,-2.0,-70.0
1777890210.7623324,-9.0,0.0,-71.0
1777890210.7723324,-9.0,0.0,-75.0
1777890210.7823324,-7.0,2.0,-81.0
1777890210.7923324,-5.0,-1.0,-84.0
1777890210.8023324,-5.0,-2.0,-82.0
1777890210.8123324,-3.0,-4.0,-79.0
1777890210.8223324,-5.0,-5.0,-81.0
1777890210.8323324,0.0,-6.0,-77.0
1777890210.8423324,-1.0,-11.0,-72.0
1777890210.8523324,2.0,-9.0,-77.0
1777890210.8623323,3.0,-7.0,-79.0
1777890210.8723323,3.0,-3.0,-82.0
1777890210.8823323,5.0,0.0,-80.0
1777890210.8923323,5.0,-1.0,-76.0
1777890210.9023323,5.0,0.0,-79.0
1777890210.9123323,2.0,-1.0,-89.0
1777890210.9223323,0.0,2.0,-88.0
1777890210.9323325,2.0,0.0,-87.0
1777890210.9423325,3.0,0.0,-85.0
1777890210.9523325,0.0,1.0,-79.0
1777890210.9623325,5.0,-3.0,-73.0
1777890210.9723325,3.0,-7.0,-74.0
1777890210.9823325,0.0,-5.0,-74.0
1777890210.9923325,3.0,-2.0,-72.0
1777890211.0023324,2.0,-2.0,-80.0
1777890211.0123324,3.0,1.0,-77.0
1777890211.0223324,4.0,0.0,-79.0
1777890211.0323324,5.0,-2.0,-75.0
1777890211.0423324,2.0,-1.0,-73.0
1777890211.0523324,6.0,-3.0,-75.0
1777890211.0623324,2.0,-4.0,-76.0
1777890211.0723324,1.0,-7.0,-68.0
1777890211.0823324,1.0,-11.0,-66.0
1777890211.0923324,-1.0,-8.0,-66.0
1777890211.1023324,-2.0,-5.0,-73.0
1777890211.1123323,-2.0,-6.0,-75.0
1777890211.1223323,-3.0,-8.0,-74.0
1777890211.1323323,-4.0,-7.0,-71.0
1777890211.1423323,-4.0,-5.0,-78.0
1777890211.1523323,0.0,-3.0,-71.0
1777890211.1623323,-3.0,-4.0,-64.0
1777890211.1723323,-3.0,-1.0,-62.0
1777890211.1823325,-2.0,-1.0,-65.0
1777890211.1923325,-1.0,0.0,-68.0
1777890211.2023325,-1.0,0.0,-65.0
1777890211.2123325,-1.0,0.0,-65.0
1777890211.2223325,-2.0,0.0,-69.0
1777890211.2323325,-2.0,0.0,-66.0
1777890211.2423325,-2.0,0.0,-70.0
1777890211.2523324,-3.0,-1.0,-75.0
1777890211.2623324,1.0,-3.0,-73.0
1777890211.2723324,-1.0,-4.0,-72.0
1777890211.2823324,-1.0,-2.0,-70.0
1777890211.2923324,1.0,-6.0,-69.0
1777890211.3023324,-1.0,-4.0,-67.0
1777890211.3123324,1.0,-4.0,-69.0
1777890211.3223324,3.0,-3.0,-76.0
1777890211.3323324,3.0,-5.0,-77.0
1777890211.3423324,1.0,-4.0,-77.0
1777890211.3523324,-1.0,-2.0,-76.0
1777890211.3623323,-3.0,0.0,-75.0
1777890211.3723323,-4.0,0.0,-73.0
1777890211.3823323,0.0,0.0,-71.0
1777890211.3923323,-1.0,0.0,-76.0
1777890211.4023323,0.0,0.0,-76.0
1777890211.4123323,0.0,2.0,-82.0
1777890211.4223323,-4.0,0.0,-70.0
1777890211.4323325,-6.0,0.0,-71.0
1777890211.4423325,-1.0,-1.0,-74.0
1777890211.4523325,-3.0,1.0,-74.0
1777890211.4623325,-1.0,2.0,-73.0
1777890211.4723325,0.0,0.0,-70.0
1777890211.4823325,5.0,-1.0,-71.0
1777890211.4923325,2.0,0.0,-78.0
1777890211.5023324,0.0,-1.0,-80.0
1777890211.5123324,3.0,-6.0,-83.0
1777890211.5223324,6.0,-4.0,-80.0
1777890211.5323324,5.0,-2.0,-79.0
1777890211.5423324,0.0,-3.0,-80.0
1777890211.5523324,4.0,-1.0,-77.0
1777890211.5623324,6.0,-2.0,-70.0
1777890211.5723324,5.0,-4.0,-67.0
1777890211.5823324,5.0,-4.0,-72.0
1777890211.5923324,6.0,-4.0,-72.0
1777890211.6023324,8.0,0.0,-74.0
1777890211.6123323,4.0,1.0,-75.0
1777890211.6223323,3.0,1.0,-72.0
1777890211.6323323,0.0,0.0,-77.0
1777890211.6423323,0.0,-1.0,-80.0
1777890211.6523323,-2.0,-1.0,-80.0
1777890211.6623323,-1.0,-1.0,-78.0
1777890211.6723323,-7.0,-2.0,-84.0
1777890211.6823325,-6.0,1.0,-75.0
1777890211.6923325,-3.0,-1.0,-73.0
1777890211.7023325,0.0,0.0,-70.0
1777890211.7123325,0.0,0.0,-67.0
1777890211.7223325,3.0,0.0,-67.0
1777890211.7323325,3.0,-2.0,-69.0
1777890211.7423325,1.0,-5.0,-71.0
1777890211.7523324,4.0,-6.0,-72.0
1777890211.7623324,2.0,-4.0,-70.0
1777890211.7723324,3.0,-3.0,-77.0
1777890211.7823324,2.0,-1.0,-77.0
1777890211.7923324,0.0,0.0,-78.0
1777890211.8023324,5.0,7.0,-72.0
1777890211.8123324,6.0,6.0,-69.0
1777890211.8223324,6.0,9.0,-71.0
1777890211.8323324,3.0,6.0,-69.0
1777890211.8423324,3.0,4.0,-70.0
1777890211.8523324,0.0,3.0,-70.0
1777890211.8623323,-5.0,0.0,-73.0
1777890211.8723323,-3.0,0.0,-76.0
1777890211.8823323,0.0,0.0,-81.0
1777890211.8923323,-3.0,-3.0,-81.0
1777890211.9023323,-9.0,0.0,-71.0
1777890211.9123323,-7.0,1.0,-69.0
1777890211.9223323,-3.0,0.0,-72.0
1777890211.9323325,-1.0,0.0,-74.0
1777890211.9423325,0.0,-2.0,-74.0
1777890211.9523325,-1.0,-1.0,-80.0
1777890211.9623325,0.0,0.0,-74.0
1777890211.9723325,-4.0,1.0,-69.0
1777890211.9823325,0.0,-1.0,-70.0
1777890211.9923325,-3.0,3.0,-65.0
1777890212.0023324,-4.0,7.0,-66.0
1777890212.0123324,-1.0,4.0,-71.0
1777890212.0223324,2.0,-1.0,-79.0
1777890212.0323324,5.0,-2.0,-82.0
1777890212.0423324,2.0,-5.0,-81.0
1777890212.0523324,2.0,0.0,-86.0
1777890212.0623324,3.0,-1.0,-85.0
1777890212.0723324,5.0,-1.0,-89.0
1777890212.0823324,7.0,1.0,-86.0
1777890212.0923324,6.0,4.0,-74.0
1777890212.1023324,3.0,4.0,-69.0
1777890212.1123323,2.0,6.0,-68.0
1777890212.1223323,4.0,5.0,-71.0
1777890212.1323323,7.0,3.0,-72.0
1777890212.1423323,6.0,6.0,-79.0
1777890212.1523323,8.0,3.0,-79.0
1777890212.1623323,4.0,0.0,-79.0
1777890212.1723323,4.0,0.0,-81.0
1777890212.1823325,-2.0,0.0,-77.0
1777890212.1923325,0.0,0.0,-79.0
1777890212.2023325,1.0,3.0,-80.0
1777890212.2123325,1.0,3.0,-72.0
1777890212.2223325,5.0,4.0,-69.0
1777890212.2323325,8.0,0.0,-71.0
1777890212.2423325,11.0,-1.0,-69.0
1777890212.2523324,9.0,-1.0,-69.0
1777890212.2623324,4.0,0.0,-77.0
1777890212.2723324,5.0,-2.0,-78.0
1777890212.2823324,0.0,-2.0,-71.0
1777890212.2923324,-1.0,-4.0,-68.0
1777890212.3023324,-2.0,-4.0,-67.0
1777890212.3123324,3.0,-3.0,-68.0
1777890212.3223324,4.0,0.0,-72.0
1777890212.3323324,1.0,0.0,-72.0
1777890212.3423324,-1.0,-1.0,-70.0
1777890212.3523324,1.0,0.0,-72.0
1777890212.3623323,0.0,0.0,-66.0
1777890212.3723323,-2.0,-2.0,-78.0
1777890212.3823323,-2.0,-1.0,-84.0
1777890212.3923323,-2.0,1.0,-83.0
1777890212.4023323,-1.0,2.0,-81.0
1777890212.4123323,-1.0,0.0,-79.0
1777890212.4223323,-4.0,0.0,-80.0
1777890212.4323325,-4.0,-2.0,-77.0
1777890212.4423325,-5.0,0.0,-84.0
1777890212.4523325,-2.0,0.0,-89.0
1777890212.4623325,2.0,1.0,-84.0
1777890212.4723325,0.0,1.0,-82.0
1777890212.4823325,0.0,2.0,-79.0
1777890212.4923325,5.0,0.0,-80.0
1777890212.5023324,6.0,-2.0,-80.0
1777890212.5133324,5.0,2.0,-77.0
1777890212.5233324,4.0,2.0,-74.0
1777890212.5333323,1.0,5.0,-78.0
1777890212.5433323,0.0,8.0,-70.0
1777890212.5533323,0.0,5.0,-69.0
1777890212.5633323,-4.0,0.0,-71.0
1777890212.5733323,-4.0,0.0,-70.0
1777890212.5833323,0.0,0.0,-78.0
1777890212.5933323,0.0,-2.0,-76.0
1777890212.6033323,0.0,-4.0,-76.0
1777890212.6133325,2.0,-2.0,-72.0
1777890212.6233325,0.0,-2.0,-72.0
1777890212.6333325,-3.0,-2.0,-65.0
1777890212.6433325,-4.0,-4.0,-72.0
1777890212.6533325,-6.0,-1.0,-83.0
1777890212.6633325,-4.0,0.0,-78.0
1777890212.6733325,-5.0,4.0,-74.0
1777890212.6833324,-5.0,4.0,-74.0
1777890212.6933324,-2.0,5.0,-74.0
1777890212.7033324,-2.0,5.0,-76.0
1777890212.7133324,-1.0,4.0,-73.0
1777890212.7233324,-4.0,4.0,-71.0
1777890212.7333324,-5.0,5.0,-71.0
1777890212.7433324,-7.0,-2.0,-72.0
1777890212.7533324,-7.0,0.0,-73.0
1777890212.7633324,-5.0,-2.0,-70.0
1777890212.7733324,-7.0,0.0,-74.0
1777890212.7833323,-7.0,-5.0,-72.0
1777890212.7933323,0.0,-5.0,-74.0
1777890212.8033323,0.0,-6.0,-70.0
1777890212.8133323,-1.0,-7.0,-68.0
1777890212.8233323,1.0,-3.0,-66.0
1777890212.8333323,0.0,-1.0,-66.0
1777890212.8433323,0.0,-2.0,-66.0
1777890212.8533323,0.0,-2.0,-64.0
1777890212.8633325,-4.0,-3.0,-70.0
1777890212.8733325,-4.0,-4.0,-70.0
1777890212.8833325,-5.0,-3.0,-74.0
1777890212.8933325,-3.0,-5.0,-82.0
1777890212.9033325,-4.0,-6.0,-83.0
1777890212.9133325,-7.0,-5.0,-78.0
1777890212.9233325,-7.0,0.0,-75.0
1777890212.9333324,-6.0,1.0,-69.0
1777890212.9433324,-11.0,1.0,-68.0
1777890212.9533324,-4.0,4.0,-65.0
1777890212.9633324,0.0,5.0,-67.0
1777890212.9733324,0.0,1.0,-74.0
1777890212.9833324,0.0,-2.0,-73.0
1777890212.9933324,-2.0,-2.0,-69.0
1777890213.0033324,0.0,-1.0,-71.0
1777890213.0133324,0.0,0.0,-71.0
1777890213.0233324,1.0,2.0,-66.0
1777890213.0333323,1.0,0.0,-73.0
1777890213.0433323,3.0,-5.0,-75.0
1777890213.0533323,4.0,-3.0,-69.0
1777890213.0633323,3.0,-2.0,-69.0
1777890213.0733323,0.0,-2.0,-73.0
1777890213.0833323,-2.0,0.0,-67.0
1777890213.0933323,0.0,1.0,-64.0
1777890213.1033323,0.0,-1.0,-67.0
1777890213.1133325,0.0,-8.0,-68.0
1777890213.1233325,1.0,-6.0,-73.0
1777890213.1333325,0.0,-4.0,-69.0
1777890213.1433325,2.0,-8.0,-71.0
1777890213.1533325,2.0,-10.0,-76.0
1777890213.1633325,0.0,-7.0,-76.0
1777890213.1733325,-2.0,-5.0,-77.0
1777890213.1833324,0.0,-1.0,-78.0
1777890213.1933324,1.0,0.0,-75.0
1777890213.2033324,3.0,1.0,-70.0
1777890213.2133324,6.0,0.0,-73.0
1777890213.2233324,7.0,-4.0,-64.0
1777890213.2333324,7.0,0.0,-60.0
1777890213.2433324,0.0,-1.0,-62.0
1777890213.2533324,-4.0,3.0,-67.0
1777890213.2633324,0.0,9.0,-76.0
1777890213.2733324,0.0,9.0,-75.0
1777890213.2833323,2.0,7.0,-71.0
1777890213.2933323,4.0,4.0,-69.0
1777890213.3043325,4.0,1.0,-69.0
1777890213.3133323,1.0,-1.0,-64.0
1777890213.3233323,2.0,0.0,-61.0
1777890213.3333323,2.0,0.0,-64.0
1777890213.3433323,1.0,2.0,-64.0
1777890213.3533323,3.0,2.0,-72.0
1777890213.3633325,1.0,6.0,-71.0
1777890213.3733325,0.0,6.0,-65.0
1777890213.3833325,-2.0,4.0,-69.0
1777890213.3933325,0.0,0.0,-68.0
1777890213.4033325,8.0,0.0,-75.0
1777890213.4133325,7.0,0.0,-76.0
1777890213.4233325,5.0,-3.0,-82.0
1777890213.4333324,1.0,0.0,-82.0
1777890213.4433324,3.0,2.0,-76.0
1777890213.4533324,4.0,1.0,-75.0
1777890213.4633324,1.0,3.0,-74.0
1777890213.4733324,0.0,5.0,-67.0
1777890213.4833324,-2.0,3.0,-69.0
1777890213.4933324,-3.0,0.0,-66.0
1777890213.5033324,0.0,0.0,-68.0
1777890213.5133324,4.0,3.0,-62.0
1777890213.5233324,7.0,0.0,-68.0
1777890213.5333323,7.0,-4.0,-72.0
1777890213.5433323,7.0,-2.0,-70.0
1777890213.5533323,2.0,4.0,-71.0
1777890213.5633323,3.0,3.0,-68.0
1777890213.5733323,3.0,4.0,-71.0
1777890213.5833323,3.0,1.0,-71.0
1777890213.5933323,2.0,0.0,-66.0
1777890213.6033323,3.0,-3.0,-67.0
1777890213.6133325,5.0,-7.0,-67.0
1777890213.6233325,3.0,-10.0,-67.0
1777890213.6333325,0.0,-11.0,-69.0
1777890213.6433325,0.0,-11.0,-68.0
1777890213.6533325,0.0,-9.0,-67.0
1777890213.6633325,3.0,-6.0,-74.0
1777890213.6733325,4.0,-8.0,-79.0
1777890213.6833324,7.0,-7.0,-78.0
1777890213.6933324,3.0,-4.0,-74.0
1777890213.7033324,-2.0,1.0,-71.0
1777890213.7133324,0.0,4.0,-66.0
1777890213.7233324,3.0,5.0,-66.0
1777890213.7333324,4.0,3.0,-64.0
1777890213.7433324,2.0,0.0,-70.0
1777890213.7533324,4.0,-3.0,-72.0
1777890213.7633324,1.0,-4.0,-76.0
1777890213.7733324,1.0,-2.0,-76.0
1777890213.7833323,1.0,-1.0,-78.0
1777890213.7933323,1.0,-2.0,-76.0
1777890213.8033323,0.0,-7.0,-75.0
1777890213.8133323,4.0,-10.0,-75.0
1777890213.8233323,4.0,-11.0,-75.0
1777890213.8333323,3.0,-4.0,-75.0
1777890213.8433323,6.0,-3.0,-70.0
1777890213.8533323,2.0,-1.0,-68.0
1777890213.8633325,0.0,-4.0,-66.0
1777890213.8733325,-2.0,-5.0,-68.0
1777890213.8833325,-2.0,-6.0,-69.0
1777890213.8933325,0.0,-1.0,-69.0
1777890213.9033325,0.0,0.0,-61.0
1777890213.9133325,1.0,3.0,-64.0
1777890213.9233325,2.0,1.0,-70.0
1777890213.9333324,2.0,1.0,-66.0
1777890213.9433324,2.0,-3.0,-64.0
1777890213.9533324,0.0,-2.0,-69.0
1777890213.9633324,0.0,-7.0,-73.0
1777890213.9733324,0.0,-6.0,-69.0
1777890213.9833324,1.0,-6.0,-66.0
1777890213.9933324,-1.0,-7.0,-68.0
1777890214.0033324,0.0,-8.0,-65.0
1777890214.0133324,0.0,-7.0,-69.0
1777890214.0233324,-3.0,-5.0,-74.0
1777890214.0333323,4.0,-4.0,-75.0
1777890214.0433323,7.0,-1.0,-76.0
1777890214.0533323,7.0,0.0,-82.0
1777890214.0633323,4.0,0.0,-80.0
1777890214.0733323,0.0,-3.0,-75.0
1777890214.0833323,2.0,-2.0,-72.0
1777890214.0933323,2.0,-1.0,-73.0
1777890214.1033323,1.0,0.0,-78.0
1777890214.1133325,-1.0,-1.0,-84.0
1777890214.1233325,0.0,-1.0,-87.0
1777890214.1333325,2.0,-3.0,-83.0
1777890214.1433325,4.0,-3.0,-81.0
1777890214.1533325,1.0,-3.0,-86.0
1777890214.1633325,0.0,-2.0,-84.0
1777890214.1733325,-1.0,-4.0,-80.0
1777890214.1833324,-1.0,-3.0,-89.0
1777890214.1933324,-4.0,1.0,-91.0
1777890214.2033324,-1.0,5.0,-90.0
1777890214.2133324,-1.0,-1.0,-84.0
1777890214.2233324,0.0,-5.0,-82.0
1777890214.2333324,0.0,-4.0,-85.0
1777890214.2433324,-3.0,-5.0,-84.0
1777890214.2533324,-1.0,-4.0,-76.0
1777890214.2633324,0.0,-3.0,-72.0
1777890214.2733324,2.0,-1.0,-68.0
1777890214.2833323,3.0,-1.0,-68.0
1777890214.2933323,3.0,-3.0,-71.0
1777890214.3033323,-1.0,-4.0,-75.0
1777890214.3133323,0.0,-3.0,-80.0
1777890214.3233323,0.0,0.0,-76.0
1777890214.3333323,-1.0,1.0,-76.0
1777890214.3433323,-2.0,-2.0,-84.0
1777890214.3533323,-6.0,1.0,-79.0
1777890214.3633325,-6.0,0.0,-79.0
1777890214.3733325,0.0,0.0,-81.0
1777890214.3833325,0.0,1.0,-75.0
1777890214.3933325,-1.0,0.0,-70.0
1777890214.4033325,0.0,0.0,-74.0
1777890214.4133325,2.0,0.0,-72.0
1777890214.4233325,0.0,-1.0,-70.0
1777890214.4333324,-4.0,4.0,-68.0
1777890214.4433324,-9.0,5.0,-67.0
1777890214.4533324,-9.0,2.0,-67.0
1777890214.4633324,-9.0,3.0,-64.0
1777890214.4743323,-10.0,0.0,-69.0
1777890214.4843323,-9.0,2.0,-74.0
1777890214.4943323,-4.0,4.0,-80.0
1777890214.5043323,0.0,3.0,-79.0
1777890214.5143323,0.0,0.0,-78.0
1777890214.5243323,-2.0,0.0,-74.0
1777890214.5343325,-2.0,0.0,-71.0
1777890214.5443325,-1.0,4.0,-66.0
1777890214.5543325,-2.0,4.0,-69.0
1777890214.5643325,0.0,3.0,-67.0
1777890214.5743325,0.0,0.0,-73.0
1777890214.5843325,2.0,1.0,-71.0
1777890214.5943325,3.0,0.0,-66.0
1777890214.6043324,2.0,-2.0,-63.0
1777890214.6143324,2.0,0.0,-67.0
1777890214.6243324,0.0,-1.0,-68.0
1777890214.6343324,-1.0,3.0,-69.0
1777890214.6443324,-3.0,1.0,-69.0
1777890214.6543324,-4.0,3.0,-74.0
1777890214.6643324,-3.0,2.0,-74.0
1777890214.6743324,-2.0,0.0,-74.0
1777890214.6843324,0.0,0.0,-80.0
1777890214.6943324,3.0,-1.0,-79.0
1777890214.7043324,0.0,0.0,-73.0
1777890214.7143323,-1.0,0.0,-76.0
1777890214.7243323,2.0,0.0,-72.0
1777890214.7343323,4.0,2.0,-74.0
1777890214.7443323,0.0,4.0,-71.0
1777890214.7543323,-2.0,5.0,-65.0
1777890214.7643323,-3.0,5.0,-68.0
1777890214.7743323,0.0,6.0,-72.0
1777890214.7843325,4.0,3.0,-73.0
1777890214.7943325,3.0,0.0,-68.0
1777890214.8043325,4.0,0.0,-79.0
1777890214.8143325,2.0,-1.0,-75.0
1777890214.8243325,5.0,-1.0,-75.0
1777890214.8343325,7.0,-3.0,-70.0
1777890214.8443325,9.0,-2.0,-64.0
1777890214.8543324,9.0,-4.0,-71.0
1777890214.8643324,6.0,-3.0,-68.0
1777890214.8743324,0.0,-7.0,-64.0
1777890214.8843324,-2.0,-8.0,-68.0
1777890214.8943324,-3.0,-9.0,-70.0
1777890214.9043324,-4.0,-5.0,-76.0
1777890214.9143324,1.0,-5.0,-74.0
1777890214.9243324,1.0,-3.0,-74.0
1777890214.9343324,4.0,-3.0,-80.0
1777890214.9443324,8.0,-2.0,-77.0
1777890214.9543324,4.0,-2.0,-71.0
1777890214.9643323,2.0,-7.0,-71.0
1777890214.9743323,-1.0,-7.0,-75.0
1777890214.9843323,0.0,-7.0,-79.0
1777890214.9943323,2.0,-4.0,-72.0
1777890215.0043323,-4.0,-5.0,-68.0
1777890215.0143323,-1.0,-1.0,-72.0
1777890215.0243323,-2.0,0.0,-72.0
1777890215.0343325,1.0,-1.0,-66.0
1777890215.0443325,0.0,-1.0,-66.0
1777890215.0543325,-1.0,-2.0,-67.0
1777890215.0643325,-4.0,1.0,-68.0
1777890215.0743325,-2.0,-1.0,-72.0
1777890215.0843325,-2.0,-1.0,-74.0
1777890215.0943325,1.0,-3.0,-73.0
1777890215.1043324,0.0,-1.0,-69.0
1777890215.1143324,-2.0,0.0,-69.0
1777890215.1243324,-3.0,-1.0,-74.0
1777890215.1343324,2.0,-2.0,-75.0
1777890215.1443324,4.0,-2.0,-80.0
1777890215.1543324,2.0,-3.0,-75.0
1777890215.1643324,3.0,-4.0,-77.0
1777890215.1743324,5.0,-4.0,-76.0
1777890215.1843324,2.0,-7.0,-76.0
1777890215.1943324,-1.0,-4.0,-74.0
1777890215.2043324,0.0,-3.0,-80.0
1777890215.2143323,-2.0,2.0,-80.0
1777890215.2243323,-7.0,2.0,-77.0
1777890215.2343323,-6.0,1.0,-80.0
1777890215.2443323,-6.0,0.0,-79.0
1777890215.2543323,-9.0,-1.0,-80.0
1777890215.2643323,-8.0,0.0,-69.0
1777890215.2743323,-9.0,2.0,-73.0
1777890215.2843325,-2.0,0.0,-77.0
1777890215.2943325,-2.0,0.0,-75.0
1777890215.3043325,-4.0,0.0,-76.0
1777890215.3143325,-8.0,1.0,-74.0
1777890215.3243325,-7.0,0.0,-72.0
1777890215.3343325,-2.0,-3.0,-67.0
1777890215.3443325,0.0,-2.0,-70.0
1777890215.3543324,-1.0,-2.0,-68.0
1777890215.3643324,-2.0,-3.0,-67.0
1777890215.3743324,-1.0,-1.0,-73.0
1777890215.3843324,4.0,-3.0,-77.0
1777890215.3943324,2.0,-5.0,-78.0
1777890215.4043324,-3.0,-3.0,-82.0
1777890215.4143324,-5.0,-2.0,-88.0
1777890215.4243324,-2.0,-1.0,-88.0
1777890215.4343324,-2.0,1.0,-89.0
1777890215.4443324,-2.0,1.0,-86.0
1777890215.4543324,-1.0,-2.0,-86.0
1777890215.4643323,0.0,-3.0,-90.0
1777890215.4743323,4.0,0.0,-84.0
1777890215.4843323,3.0,0.0,-78.0
1777890215.4943323,5.0,1.0,-74.0
1777890215.5043323,3.0,1.0,-72.0
1777890215.5143323,4.0,3.0,-73.0
1777890215.5243323,3.0,3.0,-70.0
1777890215.5343325,5.0,4.0,-73.0
1777890215.5443325,0.0,8.0,-72.0
1777890215.5543325,4.0,8.0,-74.0
1777890215.5643325,3.0,5.0,-70.0
1777890215.5743325,2.0,0.0,-64.0
1777890215.5843325,0.0,0.0,-64.0
1777890215.5943325,0.0,0.0,-63.0
1777890215.6043324,0.0,0.0,-65.0
1777890215.6143324,-3.0,1.0,-64.0
1777890215.6243324,-3.0,4.0,-64.0
1777890215.6343324,-5.0,2.0,-64.0
1777890215.6443324,-5.0,4.0,-63.0
1777890215.6543324,-5.0,6.0,-68.0
1777890215.6643324,-5.0,2.0,-67.0
1777890215.6743324,-6.0,1.0,-71.0
1777890215.6843324,-7.0,-3.0,-76.0
1777890215.6943324,-3.0,-7.0,-74.0
1777890215.7043324,1.0,-13.0,-72.0
1777890215.7143323,4.0,-12.0,-73.0
1777890215.7243323,4.0,-11.0,-73.0
1777890215.7343323,5.0,-10.0,-73.0
1777890215.7443323,1.0,-14.0,-77.0
1777890215.7543323,2.0,-9.0,-82.0
1777890215.7643323,-1.0,-5.0,-86.0
1777890215.7743323,0.0,-3.0,-85.0
1777890215.7843325,4.0,-1.0,-81.0
1777890215.7943325,2.0,-2.0,-77.0
1777890215.8043325,0.0,-2.0,-73.0
1777890215.8143325,1.0,-4.0,-67.0
1777890215.8243325,2.0,-2.0,-68.0
1777890215.8343325,3.0,-4.0,-69.0
1777890215.8443325,2.0,-8.0,-71.0
1777890215.8543324,2.0,-6.0,-79.0
1777890215.8643324,0.0,-5.0,-81.0
1777890215.8743324,0.0,4.0,-78.0
1777890215.8843324,0.0,4.0,-80.0
1777890215.8943324,-1.0,4.0,-80.0
1777890215.9043324,0.0,4.0,-76.0
1777890215.9143324,5.0,1.0,-74.0
1777890215.9243324,1.0,2.0,-70.0
1777890215.9343324,5.0,2.0,-70.0
1777890215.9443324,3.0,2.0,-70.0
1777890215.9543324,1.0,0.0,-70.0
1777890215.9643323,4.0,-1.0,-71.0
1777890215.9743323,2.0,-3.0,-71.0
1777890215.9843323,0.0,0.0,-70.0
1777890215.9943323,-3.0,-5.0,-75.0
1777890216.0043323,-5.0,-5.0,-73.0
1777890216.0143323,-8.0,-4.0,-76.0
1777890216.0243323,-9.0,-4.0,-74.0
1777890216.0343325,-7.0,-4.0,-74.0
1777890216.0443325,-7.0,-5.0,-72.0
1777890216.0543325,-6.0,0.0,-73.0
1777890216.0643325,-4.0,-3.0,-81.0
1777890216.0743325,-6.0,-5.0,-84.0
1777890216.0843325,-3.0,-8.0,-86.0
1777890216.0943325,4.0,-6.0,-81.0
1777890216.1043324,8.0,-10.0,-81.0
1777890216.1143324,4.0,-7.0,-71.0
1777890216.1243324,3.0,-6.0,-74.0
1777890216.1343324,0.0,-3.0,-71.0
1777890216.1443324,4.0,0.0,-77.0
1777890216.1543324,7.0,2.0,-79.0
1777890216.1643324,5.0,1.0,-77.0
1777890216.1743324,5.0,-3.0,-81.0
1777890216.1843324,4.0,-2.0,-77.0
1777890216.1943324,1.0,-2.0,-80.0
1777890216.2043324,0.0,1.0,-74.0
1777890216.2143323,0.0,1.0,-73.0
1777890216.2243323,4.0,3.0,-73.0
1777890216.2343323,8.0,3.0,-73.0
1777890216.2443323,4.0,4.0,-69.0
1777890216.2543323,5.0,2.0,-69.0
1777890216.2643323,0.0,2.0,-73.0
1777890216.2743323,2.0,0.0,-75.0
1777890216.2843325,2.0,1.0,-77.0
1777890216.2943325,1.0,4.0,-73.0
1777890216.3043325,-3.0,-1.0,-75.0
1777890216.3143325,3.0,-1.0,-72.0
1777890216.3243325,7.0,-3.0,-73.0
1777890216.3343325,5.0,1.0,-71.0
1777890216.3443325,6.0,2.0,-70.0
1777890216.3543324,8.0,1.0,-74.0
1777890216.3643324,10.0,3.0,-70.0
1777890216.3743324,10.0,1.0,-66.0
1777890216.3843324,6.0,-1.0,-63.0
1777890216.3943324,5.0,-4.0,-66.0
1777890216.4043324,5.0,-3.0,-70.0
1777890216.4143324,0.0,-2.0,-70.0
1777890216.4243324,-1.0,3.0,-64.0
1777890216.4343324,-1.0,5.0,-65.0
1777890216.4443324,-1.0,6.0,-71.0
1777890216.4543324,-1.0,5.0,-72.0
1777890216.4653325,0.0,5.0,-79.0
1777890216.4753325,3.0,7.0,-78.0
1777890216.4853325,3.0,4.0,-71.0
1777890216.4953325,1.0,2.0,-71.0
1777890216.5053325,4.0,2.0,-73.0
1777890216.5153325,1.0,-1.0,-72.0
1777890216.5253325,-1.0,0.0,-72.0
1777890216.5353324,2.0,-1.0,-68.0
1777890216.5453324,0.0,1.0,-74.0
1777890216.5553324,5.0,0.0,-69.0
1777890216.5653324,5.0,-2.0,-69.0
1777890216.5753324,5.0,0.0,-73.0
1777890216.5853324,6.0,0.0,-73.0
1777890216.5953324,4.0,0.0,-73.0
1777890216.6053324,1.0,-1.0,-74.0
1777890216.6153324,2.0,-2.0,-75.0
1777890216.6253324,0.0,0.0,-77.0
1777890216.6353323,-2.0,0.0,-76.0
1777890216.6453323,-2.0,0.0,-79.0
1777890216.6553323,-5.0,2.0,-78.0
1777890216.6653323,-1.0,5.0,-77.0
1777890216.6753323,-1.0,10.0,-80.0
1777890216.6853323,-3.0,10.0,-79.0
1777890216.6953323,-4.0,8.0,-73.0
1777890216.7053325,-6.0,10.0,-75.0
1777890216.7153325,-5.0,7.0,-72.0
1777890216.7253325,-6.0,7.0,-68.0
1777890216.7353325,-2.0,7.0,-67.0
1777890216.7453325,-2.0,8.0,-64.0
1777890216.7553325,-1.0,8.0,-66.0
1777890216.7653325,0.0,8.0,-67.0
1777890216.7753325,4.0,5.0,-67.0
1777890216.7853324,2.0,1.0,-67.0
1777890216.7953324,-1.0,0.0,-66.0
1777890216.8053324,-2.0,-2.0,-71.0
1777890216.8153324,-1.0,0.0,-69.0
1777890216.8253324,0.0,1.0,-70.0
1777890216.8353324,-4.0,4.0,-69.0
1777890216.8453324,-1.0,5.0,-74.0
1777890216.8553324,0.0,9.0,-74.0
1777890216.8653324,3.0,6.0,-76.0
1777890216.8753324,1.0,3.0,-77.0
1777890216.8853323,1.0,4.0,-77.0
1777890216.8953323,-1.0,0.0,-69.0
1777890216.9053323,-2.0,-2.0,-67.0
1777890216.9153323,0.0,-2.0,-70.0
1777890216.9253323,0.0,-2.0,-65.0
1777890216.9353323,-1.0,-2.0,-68.0
1777890216.9453323,0.0,1.0,-71.0
1777890216.9553325,-2.0,0.0,-72.0
1777890216.9653325,-5.0,2.0,-71.0
1777890216.9753325,-2.0,3.0,-73.0
1777890216.9853325,0.0,2.0,-74.0
1777890216.9953325,-1.0,0.0,-75.0
1777890217.0053325,0.0,1.0,-75.0
1777890217.0153325,0.0,0.0,-73.0
1777890217.0253325,-1.0,-1.0,-71.0
1777890217.0353324,0.0,-2.0,-68.0
1777890217.0453324,-2.0,-3.0,-74.0
1777890217.0553324,0.0,-3.0,-82.0
1777890217.0653324,0.0,0.0,-78.0
1777890217.0753324,3.0,0.0,-76.0
1777890217.0853324,0.0,-2.0,-70.0
1777890217.0953324,-3.0,-1.0,-76.0
1777890217.1053324,-3.0,-1.0,-70.0
1777890217.1153324,-4.0,0.0,-74.0
1777890217.1253324,-2.0,3.0,-74.0
1777890217.1353323,1.0,4.0,-72.0
1777890217.1453323,-2.0,8.0,-85.0
1777890217.1553323,-3.0,9.0,-84.0
1777890217.1653323,-2.0,8.0,-82.0
1777890217.1753323,-2.0,1.0,-74.0
1777890217.1853323,-3.0,-1.0,-73.0
1777890217.1953323,0.0,-1.0,-70.0
1777890217.2053325,0.0,-1.0,-72.0
1777890217.2153325,2.0,-5.0,-74.0
1777890217.2253325,-2.0,-3.0,-71.0
1777890217.2353325,-3.0,-4.0,-74.0
1777890217.2453325,-4.0,-3.0,-66.0
1777890217.2553325,-1.0,-4.0,-62.0
1777890217.2653325,0.0,-2.0,-61.0
1777890217.2753325,-2.0,-2.0,-66.0
1777890217.2853324,-4.0,-3.0,-64.0
1777890217.2953324,-3.0,-4.0,-68.0
1777890217.3053324,-3.0,-4.0,-66.0
1777890217.3153324,-2.0,-2.0,-74.0
1777890217.3253324,0.0,2.0,-76.0
1777890217.3353324,-3.0,3.0,-77.0
1777890217.3453324,-2.0,3.0,-75.0
1777890217.3553324,-1.0,0.0,-75.0
1777890217.3653324,1.0,-2.0,-76.0
1777890217.3753324,0.0,-3.0,-71.0
1777890217.3853323,-2.0,0.0,-68.0
1777890217.3953323,1.0,1.0,-71.0
1777890217.4053323,2.0,3.0,-67.0
1777890217.4153323,1.0,0.0,-71.0
1777890217.4253323,0.0,0.0,-76.0
1777890217.4353323,-1.0,-2.0,-75.0
1777890217.4453323,3.0,-4.0,-76.0
1777890217.4553325,4.0,-6.0,-80.0
1777890217.4653325,4.0,-10.0,-84.0
1777890217.4753325,2.0,-7.0,-81.0
1777890217.4853325,4.0,-9.0,-82.0
1777890217.4953325,2.0,-7.0,-84.0
1777890217.5053325,1.0,-4.0,-88.0
1777890217.5153325,-1.0,-7.0,-83.0
1777890217.5253325,-1.0,-4.0,-79.0
1777890217.5353324,2.0,-1.0,-77.0
1777890217.5453324,8.0,0.0,-78.0
1777890217.5553324,5.0,0.0,-77.0
1777890217.5653324,8.0,0.0,-81.0
1777890217.5753324,6.0,-1.0,-77.0
1777890217.5853324,8.0,-5.0,-76.0
1777890217.5953324,7.0,-6.0,-75.0
1777890217.6053324,7.0,-9.0,-77.0
1777890217.6153324,7.0,-7.0,-81.0
1777890217.6253324,4.0,-6.0,-89.0
1777890217.6353323,4.0,-4.0,-80.0
1777890217.6453323,0.0,-5.0,-76.0
1777890217.6553323,1.0,-3.0,-76.0
1777890217.6653323,0.0,-2.0,-71.0
1777890217.6753323,0.0,-3.0,-70.0
1777890217.6853323,-3.0,-2.0,-73.0
1777890217.6953323,0.0,2.0,-76.0
1777890217.7053325,5.0,1.0,-73.0
1777890217.7153325,9.0,0.0,-71.0
1777890217.7253325,8.0,-1.0,-79.0
1777890217.7353325,1.0,-2.0,-78.0
1777890217.7453325,-1.0,-6.0,-85.0
1777890217.7553325,0.0,-5.0,-84.0
1777890217.7653325,4.0,0.0,-81.0
1777890217.7753325,5.0,0.0,-79.0
1777890217.7853324,3.0,1.0,-81.0
1777890217.7953324,4.0,0.0,-75.0
1777890217.8053324,2.0,0.0,-76.0
1777890217.8153324,-1.0,0.0,-75.0
1777890217.8253324,-1.0,0.0,-74.0
1777890217.8353324,-1.0,-1.0,-74.0
1777890217.8453324,0.0,0.0,-80.0
1777890217.8553324,2.0,-2.0,-77.0
1777890217.8653324,0.0,-3.0,-69.0
1777890217.8753324,-3.0,-4.0,-65.0
1777890217.8853323,-7.0,-1.0,-65.0
1777890217.8953323,-6.0,-3.0,-67.0
1777890217.9053323,-5.0,0.0,-72.0
1777890217.9153323,-3.0,4.0,-74.0
1777890217.9253323,0.0,7.0,-70.0
1777890217.9353323,-2.0,5.0,-73.0
1777890217.9453323,0.0,8.0,-71.0
1777890217.9553325,5.0,8.0,-67.0
1777890217.9653325,3.0,7.0,-66.0
1777890217.9753325,3.0,3.0,-73.0
1777890217.9853325,1.0,3.0,-71.0
1777890217.9953325,-7.0,1.0,-74.0
1777890218.0053325,-5.0,5.0,-74.0
1777890218.0153325,-5.0,0.0,-75.0
1777890218.0253325,-3.0,-1.0,-77.0
1777890218.0353324,-2.0,-4.0,-70.0
1777890218.0453324,-1.0,0.0,-70.0
1777890218.0553324,2.0,0.0,-75.0
1777890218.0653324,2.0,2.0,-75.0
1777890218.0753324,-1.0,-6.0,-73.0
1777890218.0853324,3.0,-6.0,-76.0
1777890218.0953324,0.0,0.0,-69.0
1777890218.1053324,2.0,-5.0,-73.0
1777890218.1153324,5.0,-4.0,-75.0
1777890218.1253324,4.0,-3.0,-75.0
1777890218.1353323,8.0,-1.0,-69.0
1777890218.1453323,12.0,0.0,-67.0
1777890218.1553323,9.0,-1.0,-71.0
1777890218.1653323,7.0,-1.0,-75.0
1777890218.1753323,6.0,-1.0,-79.0
1777890218.1853323,4.0,3.0,-76.0
1777890218.1953323,4.0,0.0,-74.0
1777890218.2053325,7.0,1.0,-79.0
1777890218.2153325,4.0,4.0,-75.0
1777890218.2253325,4.0,9.0,-75.0
1777890218.2353325,3.0,7.0,-80.0
1777890218.2453325,-1.0,8.0,-81.0
1777890218.2553325,0.0,6.0,-76.0
1777890218.2653325,3.0,6.0,-78.0
1777890218.2753325,5.0,2.0,-71.0
1777890218.2853324,4.0,1.0,-70.0
1777890218.2953324,3.0,-3.0,-80.0
1777890218.3053324,4.0,-4.0,-82.0
1777890218.3153324,6.0,0.0,-84.0
1777890218.3253324,5.0,0.0,-81.0
1777890218.3353324,3.0,1.0,-83.0
1777890218.3453324,1.0,0.0,-86.0
1777890218.3553324,0.0,4.0,-91.0
1777890218.3653324,-1.0,6.0,-88.0
1777890218.3753324,1.0,7.0,-92.0
1777890218.3853323,0.0,0.0,-90.0
1777890218.3953323,0.0,2.0,-96.0
1777890218.4053323,1.0,3.0,-89.0
1777890218.4153323,1.0,0.0,-86.0
1777890218.4263325,3.0,-3.0,-82.0
1777890218.4363325,6.0,0.0,-77.0
1777890218.4463325,1.0,1.0,-76.0
1777890218.4553325,3.0,-3.0,-78.0
1777890218.4663324,2.0,-2.0,-78.0
1777890218.4763324,-2.0,-1.0,-81.0
1777890218.4863324,-3.0,0.0,-77.0
1777890218.4963324,-2.0,-2.0,-71.0
1777890218.5063324,-2.0,-3.0,-64.0
1777890218.5163324,-3.0,-1.0,-68.0
1777890218.5263324,1.0,1.0,-76.0
1777890218.5363324,3.0,-1.0,-83.0
1777890218.5463324,7.0,-9.0,-76.0
1777890218.5563323,5.0,-8.0,-71.0
1777890218.5663323,3.0,-7.0,-72.0
1777890218.5763323,3.0,-9.0,-68.0
1777890218.5863323,3.0,-4.0,-67.0
1777890218.5963323,2.0,-4.0,-72.0
1777890218.6063323,5.0,-3.0,-73.0
1777890218.6163323,8.0,-6.0,-72.0
1777890218.6263323,5.0,-2.0,-71.0
1777890218.6363325,10.0,-3.0,-69.0
1777890218.6463325,8.0,-3.0,-75.0
1777890218.6563325,7.0,-3.0,-74.0
1777890218.6663325,7.0,-3.0,-71.0
1777890218.6763325,4.0,-4.0,-69.0
1777890218.6863325,6.0,-8.0,-72.0
1777890218.6963325,6.0,-7.0,-79.0
1777890218.7063324,8.0,-5.0,-78.0
1777890218.7163324,6.0,-5.0,-77.0
1777890218.7263324,6.0,-3.0,-70.0
1777890218.7363324,5.0,-3.0,-69.0
1777890218.7463324,7.0,-2.0,-68.0
1777890218.7563324,10.0,-3.0,-68.0
1777890218.7663324,7.0,0.0,-69.0
1777890218.7763324,8.0,1.0,-71.0
1777890218.7863324,7.0,-3.0,-69.0
1777890218.7963324,6.0,-4.0,-69.0
1777890218.8063323,3.0,-4.0,-71.0
1777890218.8163323,0.0,-3.0,-74.0
1777890218.8263323,1.0,-5.0,-75.0
1777890218.8363323,1.0,-4.0,-71.0
1777890218.8463323,1.0,-4.0,-76.0
1777890218.8563323,5.0,-4.0,-80.0
1777890218.8663323,2.0,0.0,-77.0
1777890218.8763323,3.0,2.0,-76.0
1777890218.8863325,2.0,0.0,-74.0
1777890218.8963325,6.0,0.0,-72.0
1777890218.9063325,5.0,-2.0,-75.0
1777890218.9163325,7.0,-4.0,-73.0
1777890218.9263325,0.0,-4.0,-68.0
1777890218.9363325,2.0,-6.0,-65.0
1777890218.9463325,0.0,-3.0,-66.0
1777890218.9563324,-2.0,-6.0,-71.0
1777890218.9663324,-4.0,-7.0,-72.0
1777890218.9763324,-5.0,-3.0,-75.0
1777890218.9863324,-7.0,0.0,-68.0
1777890218.9963324,-1.0,2.0,-59.0
1777890219.0063324,1.0,0.0,-64.0
1777890219.0163324,0.0,1.0,-71.0
1777890219.0263324,3.0,2.0,-78.0
1777890219.0363324,2.0,4.0,-75.0
1777890219.0463324,5.0,0.0,-68.0
1777890219.0563323,5.0,-2.0,-61.0
1777890219.0663323,3.0,-1.0,-59.0
1777890219.0763323,-2.0,-2.0,-62.0
1777890219.0863323,-2.0,-3.0,-66.0
1777890219.0963323,-1.0,-5.0,-71.0
1777890219.1063323,-2.0,-3.0,-71.0
1777890219.1163323,0.0,-3.0,-60.0
1777890219.1263323,-3.0,-1.0,-60.0
1777890219.1363325,-2.0,-4.0,-68.0
1777890219.1463325,-6.0,-4.0,-67.0
1777890219.1563325,-3.0,-5.0,-63.0
1777890219.1663325,-2.0,-8.0,-66.0
1777890219.1763325,-5.0,-4.0,-77.0
1777890219.1863325,-5.0,-2.0,-76.0
1777890219.1963325,-3.0,-1.0,-69.0
1777890219.2063324,-4.0,0.0,-68.0
1777890219.2163324,-3.0,0.0,-73.0
1777890219.2263324,1.0,-1.0,-80.0
1777890219.2363324,0.0,-2.0,-83.0
1777890219.2463324,-1.0,-3.0,-76.0
1777890219.2563324,-5.0,-2.0,-76.0
1777890219.2663324,-4.0,-5.0,-74.0
1777890219.2763324,-5.0,-7.0,-70.0
1777890219.2863324,-2.0,-4.0,-75.0
1777890219.2963324,0.0,-4.0,-67.0
1777890219.3063323,-3.0,-5.0,-69.0
1777890219.3163323,-7.0,-4.0,-70.0
1777890219.3263323,-2.0,-4.0,-68.0
1777890219.3363323,0.0,-1.0,-68.0
1777890219.3463323,0.0,0.0,-71.0
1777890219.3563323,5.0,2.0,-71.0
1777890219.3663323,6.0,0.0,-71.0
1777890219.3763323,6.0,-1.0,-70.0
1777890219.3863325,3.0,0.0,-73.0
1777890219.3963325,5.0,3.0,-75.0
1777890219.4063325,8.0,3.0,-80.0
1777890219.4163325,4.0,0.0,-75.0
1777890219.4263325,7.0,3.0,-79.0
1777890219.4363325,9.0,7.0,-82.0
1777890219.4463325,6.0,7.0,-82.0
1777890219.4563324,0.0,4.0,-82.0
1777890219.4663324,1.0,2.0,-73.0
1777890219.4763324,2.0,7.0,-76.0
1777890219.4863324,1.0,7.0,-77.0
1777890219.4963324,-2.0,5.0,-78.0
1777890219.5063324,-1.0,4.0,-76.0
1777890219.5163324,-3.0,4.0,-78.0
1777890219.5263324,-2.0,0.0,-75.0
1777890219.5363324,0.0,0.0,-72.0
1777890219.5463324,1.0,3.0,-74.0
1777890219.5563323,-2.0,2.0,-73.0
1777890219.5663323,-3.0,0.0,-78.0
1777890219.5763323,-7.0,-2.0,-78.0
1777890219.5863323,-8.0,2.0,-77.0
1777890219.5963323,-10.0,4.0,-75.0
1777890219.6063323,-4.0,7.0,-77.0
1777890219.6163323,-3.0,7.0,-77.0
1777890219.6263323,-2.0,7.0,-74.0
1777890219.6363325,-2.0,7.0,-75.0
1777890219.6463325,-2.0,3.0,-67.0
1777890219.6563325,0.0,5.0,-64.0
1777890219.6663325,4.0,6.0,-66.0
1777890219.6763325,4.0,3.0,-65.0
1777890219.6863325,5.0,2.0,-66.0
1777890219.6963325,5.0,3.0,-68.0
1777890219.7063324,5.0,4.0,-74.0
1777890219.7163324,2.0,2.0,-79.0
1777890219.7263324,-2.0,2.0,-77.0
1777890219.7363324,-3.0,0.0,-81.0
1777890219.7463324,-1.0,-3.0,-78.0
1777890219.7563324,-2.0,-5.0,-70.0
1777890219.7663324,-3.0,-4.0,-71.0
1777890219.7763324,-1.0,-3.0,-81.0
1777890219.7863324,-1.0,-1.0,-80.0
1777890219.7963324,0.0,-1.0,-80.0
1777890219.8063323,-1.0,-1.0,-76.0
1777890219.8163323,3.0,0.0,-68.0
1777890219.8263323,4.0,2.0,-75.0
1777890219.8363323,2.0,0.0,-75.0
1777890219.8463323,3.0,1.0,-78.0
1777890219.8563323,-2.0,4.0,-74.0
1777890219.8663323,-1.0,4.0,-73.0
1777890219.8763323,-1.0,6.0,-67.0
1777890219.8863325,-1.0,4.0,-73.0
1777890219.8963325,0.0,0.0,-68.0
1777890219.9063325,7.0,-2.0,-63.0
1777890219.9163325,3.0,0.0,-62.0
1777890219.9263325,7.0,0.0,-64.0
1777890219.9363325,10.0,0.0,-66.0
1777890219.9463325,13.0,0.0,-71.0
1777890219.9563324,8.0,3.0,-68.0
1777890219.9663324,4.0,2.0,-73.0
1777890219.9763324,5.0,0.0,-77.0
1777890219.9863324,5.0,-2.0,-74.0
1777890219.9963324,7.0,-4.0,-73.0
1777890220.0063324,8.0,-5.0,-74.0
1777890220.0163324,6.0,-2.0,-75.0
1777890220.0263324,2.0,-4.0,-72.0
1777890220.0363324,0.0,-5.0,-70.0
1777890220.0463324,1.0,-4.0,-72.0
1777890220.0563323,-2.0,-8.0,-74.0
1777890220.0663323,-2.0,-6.0,-72.0
1777890220.0763323,-4.0,-4.0,-71.0
1777890220.0863323,-2.0,-5.0,-70.0
1777890220.0963323,-3.0,-6.0,-69.0
1777890220.1063323,-5.0,-7.0,-71.0
1777890220.1163323,-4.0,-8.0,-74.0
1777890220.1263323,-6.0,-11.0,-70.0
1777890220.1363325,-6.0,-9.0,-68.0
1777890220.1463325,-5.0,-8.0,-71.0
1777890220.1563325,0.0,-6.0,-67.0
1777890220.1663325,-3.0,-6.0,-78.0
1777890220.1763325,-3.0,-1.0,-76.0
1777890220.1863325,0.0,-1.0,-76.0
1777890220.1963325,5.0,-1.0,-78.0
1777890220.2063324,7.0,-2.0,-73.0
1777890220.2163324,1.0,-5.0,-66.0
1777890220.2263324,0.0,-5.0,-67.0
1777890220.2363324,0.0,-3.0,-71.0
1777890220.2463324,-1.0,-1.0,-67.0
1777890220.2563324,-1.0,1.0,-68.0
1777890220.2663324,0.0,1.0,-68.0
1777890220.2763324,0.0,4.0,-72.0
1777890220.2863324,0.0,5.0,-74.0
1777890220.2963324,-4.0,0.0,-74.0
1777890220.3063323,0.0,-1.0,-73.0
1777890220.3163323,-1.0,-3.0,-72.0
1777890220.3263323,2.0,0.0,-75.0
1777890220.3363323,1.0,-2.0,-78.0
1777890220.3463323,-1.0,-2.0,-76.0
1777890220.3563323,-2.0,0.0,-77.0
1777890220.3663323,0.0,0.0,-83.0
1777890220.3763323,1.0,-2.0,-84.0
1777890220.3863325,3.0,-7.0,-86.0
1777890220.3963325,4.0,-6.0,-92.0
1777890220.4063325,2.0,-2.0,-90.0
1777890220.4173324,0.0,-3.0,-89.0
1777890220.4263325,-2.0,-2.0,-96.0
1777890220.4373324,-1.0,-2.0,-94.0
1777890220.4473324,0.0,-2.0,-86.0
1777890220.4573324,5.0,1.0,-84.0
1777890220.4673324,5.0,1.0,-83.0
1777890220.4773324,4.0,4.0,-80.0
1777890220.4873323,4.0,3.0,-77.0
1777890220.4973323,8.0,1.0,-67.0
1777890220.5073323,5.0,3.0,-68.0
1777890220.5163324,3.0,0.0,-68.0
1777890220.5273323,1.0,1.0,-71.0
1777890220.5373323,4.0,4.0,-66.0
1777890220.5473323,0.0,4.0,-62.0
1777890220.5573325,-6.0,6.0,-61.0
1777890220.5673325,-6.0,3.0,-59.0
1777890220.5773325,-9.0,4.0,-60.0
1777890220.5873325,-8.0,4.0,-64.0
1777890220.5973325,-7.0,2.0,-67.0
1777890220.6073325,-6.0,5.0,-74.0
1777890220.6173325,0.0,3.0,-81.0
1777890220.6273324,-2.0,2.0,-79.0
1777890220.6373324,-4.0,-1.0,-81.0
1777890220.6473324,-7.0,-1.0,-83.0
1777890220.6573324,-12.0,-3.0,-81.0
1777890220.6673324,-7.0,-3.0,-80.0
1777890220.6773324,-6.0,-1.0,-82.0
1777890220.6873324,0.0,-1.0,-80.0
1777890220.6973324,0.0,3.0,-75.0
1777890220.7073324,3.0,3.0,-78.0
1777890220.7173324,4.0,0.0,-84.0
1777890220.7273324,1.0,0.0,-87.0
1777890220.7373323,5.0,0.0,-89.0
1777890220.7473323,6.0,-3.0,-85.0
1777890220.7573323,7.0,-5.0,-83.0
1777890220.7673323,3.0,-3.0,-86.0
1777890220.7773323,5.0,0.0,-89.0
1777890220.7873323,4.0,-1.0,-84.0
1777890220.7973323,1.0,-6.0,-83.0
1777890220.8073325,5.0,-7.0,-78.0
1777890220.8173325,2.0,-6.0,-76.0
1777890220.8273325,0.0,-6.0,-76.0
1777890220.8373325,4.0,-6.0,-79.0
1777890220.8473325,4.0,-3.0,-76.0
1777890220.8573325,2.0,-1.0,-78.0
1777890220.8673325,1.0,-1.0,-84.0
1777890220.8773324,6.0,-1.0,-85.0
1777890220.8873324,8.0,3.0,-76.0
1777890220.8973324,4.0,5.0,-77.0
1777890220.9073324,-1.0,8.0,-79.0
1777890220.9173324,-5.0,2.0,-76.0
1777890220.9273324,-4.0,-1.0,-67.0
1777890220.9373324,0.0,-1.0,-69.0
1777890220.9473324,0.0,0.0,-73.0
1777890220.9573324,-2.0,2.0,-71.0
1777890220.9673324,-2.0,4.0,-71.0
1777890220.9773324,0.0,3.0,-67.0
1777890220.9873323,3.0,1.0,-67.0
1777890220.9973323,3.0,1.0,-68.0
1777890221.0073323,0.0,1.0,-73.0
1777890221.0173323,0.0,0.0,-71.0
1777890221.0273323,0.0,0.0,-74.0
1777890221.0373323,0.0,0.0,-74.0
1777890221.0473323,3.0,0.0,-74.0
1777890221.0573325,3.0,-2.0,-76.0
1777890221.0673325,0.0,-5.0,-71.0
1777890221.0773325,1.0,-4.0,-70.0
1777890221.0873325,-2.0,-1.0,-73.0
1777890221.0973325,-5.0,-1.0,-77.0
1777890221.1073325,-8.0,0.0,-78.0
1777890221.1173325,-8.0,-1.0,-81.0
1777890221.1273324,-8.0,-2.0,-79.0
1777890221.1373324,-4.0,-6.0,-75.0
1777890221.1473324,0.0,-8.0,-73.0
1777890221.1573324,0.0,-4.0,-72.0
1777890221.1673324,0.0,-6.0,-75.0
1777890221.1773324,-5.0,-3.0,-75.0
1777890221.1873324,-4.0,0.0,-72.0
1777890221.1973324,-7.0,0.0,-73.0
1777890221.2073324,-2.0,2.0,-73.0
1777890221.2173324,-1.0,8.0,-70.0
1777890221.2273324,1.0,2.0,-76.0
1777890221.2373323,2.0,0.0,-81.0
1777890221.2473323,1.0,0.0,-86.0
1777890221.2573323,1.0,0.0,-81.0
1777890221.2673323,5.0,2.0,-83.0
1777890221.2783325,10.0,-1.0,-87.0
1777890221.2873323,6.0,-2.0,-82.0
1777890221.2973323,8.0,1.0,-80.0
1777890221.3073325,11.0,0.0,-83.0
1777890221.3173325,11.0,1.0,-89.0
1777890221.3273325,7.0,2.0,-84.0
1777890221.3373325,5.0,3.0,-84.0
1777890221.3473325,3.0,5.0,-84.0
1777890221.3573325,3.0,5.0,-81.0
1777890221.3673325,-1.0,6.0,-72.0
1777890221.3773324,0.0,5.0,-72.0
1777890221.3873324,-2.0,7.0,-76.0
1777890221.3973324,-2.0,9.0,-79.0
1777890221.4073324,0.0,5.0,-85.0
1777890221.4173324,1.0,7.0,-79.0
1777890221.4273324,0.0,4.0,-70.0
1777890221.4373324,-4.0,4.0,-75.0
1777890221.4473324,-6.0,5.0,-71.0
1777890221.4573324,-4.0,6.0,-73.0
1777890221.4673324,-6.0,4.0,-72.0
1777890221.4773324,-2.0,4.0,-73.0
1777890221.4873323,0.0,2.0,-69.0
1777890221.4973323,2.0,1.0,-76.0
1777890221.5073323,4.0,0.0,-79.0
1777890221.5173323,5.0,3.0,-82.0
1777890221.5273323,4.0,4.0,-80.0
1777890221.5373323,3.0,3.0,-74.0
1777890221.5473323,1.0,0.0,-77.0
1777890221.5573325,1.0,1.0,-73.0
1777890221.5673325,1.0,0.0,-75.0
1777890221.5773325,1.0,1.0,-75.0
1777890221.5873325,1.0,2.0,-77.0
1777890221.5973325,0.0,0.0,-76.0
1777890221.6073325,5.0,1.0,-79.0
1777890221.6173325,2.0,1.0,-82.0
1777890221.6273324,1.0,0.0,-82.0
1777890221.6373324,-1.0,2.0,-92.0
1777890221.6473324,4.0,3.0,-95.0
1777890221.6573324,6.0,0.0,-94.0
1777890221.6673324,7.0,3.0,-94.0
1777890221.6773324,7.0,2.0,-93.0
1777890221.6873324,7.0,4.0,-90.0
1777890221.6973324,5.0,3.0,-82.0
1777890221.7073324,5.0,-2.0,-84.0
1777890221.7173324,2.0,-1.0,-81.0
1777890221.7273324,0.0,-1.0,-80.0
1777890221.7373323,1.0,0.0,-75.0
1777890221.7473323,0.0,0.0,-80.0
1777890221.7573323,2.0,-4.0,-73.0
1777890221.7673323,0.0,-2.0,-77.0
1777890221.7773323,-7.0,-1.0,-82.0
1777890221.7873323,-10.0,2.0,-83.0
1777890221.7973323,-10.0,2.0,-80.0
1777890221.8073325,-7.0,0.0,-76.0
1777890221.8173325,0.0,4.0,-72.0
1777890221.8273325,2.0,1.0,-71.0
1777890221.8373325,0.0,2.0,-72.0
1777890221.8473325,-3.0,-2.0,-77.0
1777890221.8573325,0.0,-4.0,-79.0
1777890221.8673325,-3.0,-5.0,-76.0
1777890221.8773324,-5.0,-4.0,-78.0
1777890221.8873324,-4.0,-1.0,-74.0
1777890221.8973324,-3.0,2.0,-75.0
1777890221.9073324,5.0,0.0,-84.0
1777890221.9173324,6.0,1.0,-77.0
1777890221.9273324,4.0,1.0,-76.0
1777890221.9373324,4.0,2.0,-72.0
1777890221.9473324,4.0,0.0,-78.0
1777890221.9573324,2.0,-3.0,-80.0
1777890221.9673324,6.0,-2.0,-74.0
1777890221.9773324,1.0,-2.0,-75.0
1777890221.9873323,1.0,-3.0,-72.0
1777890221.9973323,0.0,-3.0,-75.0
1777890222.0073323,0.0,-2.0,-77.0
1777890222.0173323,-4.0,-3.0,-82.0
1777890222.0273323,-1.0,-3.0,-77.0
1777890222.0373323,0.0,-1.0,-81.0
1777890222.0473323,5.0,0.0,-81.0
1777890222.0573325,6.0,0.0,-80.0
1777890222.0673325,10.0,3.0,-81.0
1777890222.0773325,10.0,4.0,-85.0
1777890222.0873325,10.0,3.0,-85.0
1777890222.0973325,5.0,0.0,-76.0
1777890222.1073325,4.0,-3.0,-73.0
1777890222.1173325,6.0,-2.0,-77.0
1777890222.1273324,7.0,-1.0,-77.0
1777890222.1373324,10.0,-1.0,-79.0
1777890222.1473324,5.0,0.0,-83.0
1777890222.1573324,4.0,2.0,-83.0
1777890222.1673324,5.0,3.0,-85.0
1777890222.1773324,7.0,2.0,-87.0
1777890222.1873324,6.0,4.0,-88.0
1777890222.1973324,9.0,4.0,-92.0
1777890222.2073324,10.0,2.0,-88.0
1777890222.2173324,7.0,0.0,-84.0
1777890222.2273324,3.0,-3.0,-81.0
1777890222.2373323,1.0,-4.0,-79.0
1777890222.2473323,1.0,-1.0,-81.0
1777890222.2573323,6.0,4.0,-87.0
1777890222.2673323,6.0,0.0,-82.0
1777890222.2773323,10.0,-4.0,-86.0
1777890222.2873323,9.0,-4.0,-82.0
1777890222.2973323,7.0,-1.0,-84.0
1777890222.3073325,2.0,2.0,-81.0
1777890222.3173325,4.0,2.0,-72.0
1777890222.3273325,6.0,1.0,-68.0
1777890222.3373325,5.0,3.0,-68.0
1777890222.3473325,7.0,1.0,-69.0
1777890222.3573325,7.0,-1.0,-72.0
1777890222.3673325,4.0,-3.0,-78.0
1777890222.3783324,3.0,-3.0,-76.0
1777890222.3873324,5.0,0.0,-79.0
1777890222.3973324,7.0,-3.0,-80.0
1777890222.4073324,8.0,0.0,-72.0
1777890222.4183323,3.0,-5.0,-78.0
1777890222.4283323,3.0,-6.0,-78.0
1777890222.4383323,6.0,-6.0,-76.0
1777890222.4483323,5.0,-6.0,-80.0
1777890222.4583323,1.0,-4.0,-79.0
1777890222.4683323,1.0,0.0,-81.0
1777890222.4783323,2.0,-5.0,-80.0
1777890222.4883325,0.0,-6.0,-84.0
1777890222.4983325,2.0,-5.0,-86.0
1777890222.5083325,0.0,-1.0,-88.0
1777890222.5183325,2.0,0.0,-82.0
1777890222.5283325,5.0,-3.0,-78.0
1777890222.5383325,6.0,0.0,-77.0
1777890222.5483325,4.0,4.0,-77.0
1777890222.5583324,5.0,2.0,-73.0
1777890222.5683324,6.0,3.0,-72.0
1777890222.5783324,2.0,1.0,-77.0
1777890222.5883324,1.0,0.0,-81.0
1777890222.5983324,0.0,0.0,-74.0
1777890222.6083324,3.0,-1.0,-70.0
1777890222.6183324,6.0,0.0,-68.0
1777890222.6283324,3.0,1.0,-73.0
1777890222.6383324,7.0,0.0,-70.0
1777890222.6483324,6.0,0.0,-68.0
1777890222.6583323,5.0,-1.0,-70.0
1777890222.6683323,5.0,-3.0,-71.0
1777890222.6783323,6.0,-3.0,-64.0
1777890222.6883323,5.0,-3.0,-59.0
1777890222.6983323,9.0,-4.0,-71.0
1777890222.7083323,4.0,-7.0,-75.0
1777890222.7183323,1.0,-3.0,-66.0
1777890222.7283323,1.0,-5.0,-65.0
1777890222.7383325,-1.0,0.0,-71.0
1777890222.7483325,1.0,3.0,-76.0
1777890222.7583325,2.0,3.0,-77.0
1777890222.7683325,2.0,5.0,-81.0
1777890222.7783325,0.0,4.0,-76.0
1777890222.7883325,0.0,5.0,-78.0
1777890222.7983325,-1.0,2.0,-76.0
1777890222.8083324,0.0,-4.0,-78.0
1777890222.8183324,5.0,-2.0,-75.0
1777890222.8283324,11.0,2.0,-77.0
1777890222.8383324,7.0,1.0,-76.0
1777890222.8483324,4.0,2.0,-67.0
1777890222.8583324,2.0,0.0,-67.0
1777890222.8683324,1.0,1.0,-71.0
1777890222.8783324,1.0,-3.0,-77.0
1777890222.8883324,3.0,-4.0,-73.0
1777890222.8983324,4.0,-2.0,-70.0
1777890222.9083323,5.0,2.0,-75.0
1777890222.9183323,3.0,5.0,-74.0
1777890222.9283323,3.0,8.0,-77.0
1777890222.9383323,7.0,10.0,-77.0
1777890222.9483323,7.0,6.0,-81.0
1777890222.9583323,6.0,2.0,-81.0
1777890222.9683323,3.0,5.0,-80.0
1777890222.9783323,7.0,1.0,-78.0
1777890222.9883325,5.0,-1.0,-73.0
1777890222.9983325,0.0,1.0,-67.0
1777890223.0083325,1.0,1.0,-60.0
1777890223.0183325,3.0,0.0,-61.0
1777890223.0283325,3.0,-1.0,-65.0
1777890223.0383325,0.0,0.0,-71.0
1777890223.0483325,-2.0,0.0,-71.0
1777890223.0583324,-1.0,1.0,-68.0
1777890223.0683324,-3.0,2.0,-70.0
1777890223.0783324,-2.0,0.0,-68.0
1777890223.0883324,-2.0,0.0,-65.0
1777890223.0983324,1.0,2.0,-69.0
1777890223.1083324,7.0,1.0,-72.0
1777890223.1183324,4.0,-1.0,-74.0
1777890223.1283324,1.0,-1.0,-78.0
1777890223.1383324,0.0,-3.0,-78.0
1777890223.1483324,0.0,-6.0,-77.0
1777890223.1583323,3.0,-5.0,-72.0
1777890223.1683323,8.0,-5.0,-72.0
1777890223.1783323,3.0,-4.0,-74.0
1777890223.1883323,3.0,-1.0,-69.0
1777890223.1983323,2.0,0.0,-72.0
1777890223.2083323,0.0,-2.0,-69.0
1777890223.2183323,0.0,-2.0,-70.0
1777890223.2283323,0.0,-2.0,-71.0
1777890223.2383325,0.0,0.0,-69.0
1777890223.2483325,1.0,2.0,-67.0
1777890223.2583325,0.0,4.0,-69.0
1777890223.2683325,1.0,7.0,-76.0
1777890223.2783325,0.0,7.0,-85.0
1777890223.2883325,0.0,6.0,-78.0
1777890223.2983325,2.0,4.0,-76.0
1777890223.3083324,3.0,0.0,-82.0
1777890223.3183324,5.0,4.0,-78.0
1777890223.3283324,1.0,0.0,-74.0
1777890223.3383324,3.0,-5.0,-70.0
1777890223.3483324,6.0,-2.0,-66.0
1777890223.3583324,6.0,-1.0,-64.0
1777890223.3683324,7.0,-1.0,-65.0
1777890223.3783324,5.0,-2.0,-64.0
1777890223.3883324,9.0,-1.0,-59.0
1777890223.3983324,9.0,0.0,-57.0
1777890223.4083323,8.0,-3.0,-65.0
1777890223.4183323,10.0,-6.0,-65.0
1777890223.4283323,12.0,-6.0,-70.0
1777890223.4383323,11.0,-6.0,-77.0
1777890223.4483323,12.0,-5.0,-73.0
1777890223.4583323,8.0,-3.0,-73.0
1777890223.4683323,6.0,-3.0,-80.0
1777890223.4783323,4.0,0.0,-77.0
1777890223.4883325,6.0,-2.0,-74.0
1777890223.4983325,6.0,0.0,-73.0
1777890223.5083325,5.0,0.0,-74.0
1777890223.5183325,3.0,1.0,-79.0
1777890223.5283325,0.0,0.0,-79.0
1777890223.5383325,0.0,0.0,-80.0
1777890223.5483325,-1.0,-1.0,-79.0
1777890223.5583324,2.0,0.0,-73.0
1777890223.5683324,2.0,-4.0,-76.0
1777890223.5783324,-1.0,-2.0,-85.0
1777890223.5883324,-3.0,-1.0,-82.0
1777890223.5983324,1.0,-8.0,-85.0
1777890223.6083324,-1.0,-9.0,-78.0
1777890223.6183324,-4.0,-4.0,-85.0
1777890223.6283324,-3.0,-3.0,-83.0
1777890223.6383324,-3.0,-3.0,-79.0
1777890223.6483324,-4.0,-8.0,-78.0
1777890223.6583323,-2.0,-5.0,-71.0
1777890223.6683323,-3.0,-9.0,-75.0
1777890223.6783323,0.0,-4.0,-82.0
1777890223.6883323,0.0,-4.0,-78.0
1777890223.6983323,0.0,-5.0,-81.0
1777890223.7083323,1.0,-4.0,-75.0
1777890223.7183323,1.0,-5.0,-80.0
1777890223.7283323,4.0,-8.0,-80.0
1777890223.7383325,5.0,-6.0,-70.0
1777890223.7483325,-1.0,-4.0,-67.0
1777890223.7583325,2.0,-2.0,-64.0
1777890223.7683325,2.0,-5.0,-66.0
1777890223.7783325,7.0,-4.0,-64.0
1777890223.7883325,10.0,-5.0,-66.0
1777890223.7983325,10.0,-3.0,-65.0
1777890223.8083324,13.0,0.0,-61.0
1777890223.8183324,11.0,2.0,-65.0
1777890223.8283324,2.0,5.0,-67.0
1777890223.8383324,4.0,4.0,-70.0
1777890223.8483324,3.0,0.0,-72.0
1777890223.8583324,2.0,-2.0,-67.0
1777890223.8683324,0.0,0.0,-66.0
1777890223.8783324,-2.0,0.0,-71.0
1777890223.8883324,-3.0,0.0,-76.0
1777890223.8983324,0.0,2.0,-76.0
1777890223.9083323,3.0,1.0,-77.0
1777890223.9183323,2.0,1.0,-78.0
1777890223.9283323,1.0,-3.0,-78.0
1777890223.9383323,2.0,-5.0,-84.0
1777890223.9483323,-2.0,-4.0,-77.0
1777890223.9583323,1.0,0.0,-76.0
1777890223.9683323,2.0,3.0,-74.0
1777890223.9783323,1.0,2.0,-75.0
1777890223.9883325,3.0,2.0,-74.0
1777890223.9983325,3.0,0.0,-64.0
1777890224.0083325,5.0,-2.0,-65.0
1777890224.0183325,6.0,1.0,-66.0
1777890224.0283325,2.0,2.0,-67.0
1777890224.0383325,-1.0,5.0,-64.0
1777890224.0483325,0.0,6.0,-66.0
1777890224.0583324,0.0,4.0,-63.0
1777890224.0683324,2.0,7.0,-67.0
1777890224.0783324,0.0,2.0,-72.0
1777890224.0883324,0.0,0.0,-76.0
1777890224.0983324,3.0,0.0,-74.0
1777890224.1083324,5.0,-1.0,-73.0
1777890224.1183324,4.0,0.0,-70.0
1777890224.1283324,1.0,-1.0,-68.0
1777890224.1383324,2.0,-1.0,-75.0
1777890224.1483324,0.0,0.0,-78.0
1777890224.1583323,0.0,2.0,-79.0
1777890224.1683323,-4.0,0.0,-83.0
1777890224.1783323,-3.0,1.0,-85.0
1777890224.1883323,0.0,-2.0,-88.0
1777890224.1983323,3.0,-2.0,-89.0
1777890224.2083323,5.0,2.0,-87.0
1777890224.2183323,2.0,-2.0,-89.0
1777890224.2283323,5.0,-1.0,-85.0
1777890224.2383325,4.0,-4.0,-88.0
1777890224.2483325,6.0,-5.0,-83.0
1777890224.2583325,0.0,-5.0,-84.0
1777890224.2683325,0.0,-6.0,-84.0
1777890224.2783325,1.0,-6.0,-81.0
1777890224.2883325,5.0,-3.0,-78.0
1777890224.2993324,7.0,0.0,-77.0
1777890224.3083324,6.0,0.0,-81.0
1777890224.3183324,7.0,-1.0,-82.0
1777890224.3283324,8.0,-6.0,-81.0
1777890224.3383324,7.0,-6.0,-83.0
1777890224.3483324,3.0,-4.0,-87.0
1777890224.3583324,2.0,-4.0,-86.0
1777890224.3683324,0.0,-3.0,-80.0
1777890224.3793323,-3.0,-3.0,-83.0
1777890224.3893323,-4.0,1.0,-80.0
1777890224.3993323,-2.0,0.0,-80.0
1777890224.4083323,5.0,0.0,-80.0
1777890224.4183323,6.0,1.0,-80.0
1777890224.4293325,7.0,2.0,-79.0
1777890224.4393325,9.0,0.0,-82.0
1777890224.4493325,4.0,1.0,-80.0
1777890224.4593325,0.0,-4.0,-80.0
1777890224.4693325,0.0,-4.0,-80.0
1777890224.4793324,-1.0,-6.0,-78.0
1777890224.4893324,-6.0,-7.0,-77.0
1777890224.4993324,-5.0,-5.0,-75.0
1777890224.5093324,-3.0,0.0,-76.0
1777890224.5193324,-2.0,1.0,-75.0
1777890224.5293324,-6.0,2.0,-73.0
1777890224.5393324,-5.0,0.0,-70.0
1777890224.5493324,-5.0,-1.0,-70.0
1777890224.5593324,-6.0,-2.0,-74.0
1777890224.5693324,-5.0,-4.0,-70.0
1777890224.5793324,0.0,-5.0,-72.0
1777890224.5893323,1.0,0.0,-74.0
1777890224.5993323,1.0,3.0,-73.0
1777890224.6093323,-3.0,1.0,-80.0
1777890224.6193323,-1.0,4.0,-72.0
1777890224.6293323,-2.0,1.0,-74.0
1777890224.6393323,-5.0,1.0,-71.0
1777890224.6493323,-4.0,0.0,-74.0
1777890224.6593325,-4.0,2.0,-82.0
1777890224.6693325,-7.0,-3.0,-82.0
1777890224.6793325,-6.0,-3.0,-78.0
1777890224.6893325,-1.0,2.0,-78.0
1777890224.6993325,-3.0,0.0,-75.0
1777890224.7093325,-3.0,-1.0,-76.0
1777890224.7193325,-5.0,-2.0,-79.0
1777890224.7293324,-8.0,-2.0,-77.0
1777890224.7393324,-11.0,2.0,-75.0
1777890224.7493324,-9.0,2.0,-71.0
1777890224.7593324,-6.0,5.0,-68.0
1777890224.7693324,-4.0,4.0,-71.0
1777890224.7793324,-5.0,2.0,-69.0
1777890224.7893324,-7.0,2.0,-61.0
1777890224.7993324,-8.0,0.0,-68.0
1777890224.8093324,-9.0,0.0,-73.0
1777890224.8193324,-6.0,3.0,-78.0
1777890224.8293324,-7.0,1.0,-75.0
1777890224.8393323,-5.0,1.0,-74.0
1777890224.8493323,0.0,0.0,-71.0
1777890224.8593323,8.0,-2.0,-67.0
1777890224.8693323,9.0,-2.0,-69.0
1777890224.8793323,12.0,-3.0,-76.0
1777890224.8893323,9.0,-4.0,-77.0
1777890224.8993323,6.0,-3.0,-75.0
1777890224.9093325,4.0,-6.0,-79.0
1777890224.9193325,5.0,-9.0,-84.0
1777890224.9293325,2.0,-8.0,-83.0
1777890224.9393325,3.0,-8.0,-80.0
1777890224.9493325,6.0,-8.0,-82.0
1777890224.9593325,7.0,-11.0,-81.0
1777890224.9693325,6.0,-9.0,-86.0
1777890224.9793324,1.0,-8.0,-85.0
1777890224.9893324,-1.0,-4.0,-84.0
1777890224.9993324,-3.0,-2.0,-86.0
1777890225.0093324,0.0,-2.0,-76.0
1777890225.0193324,4.0,0.0,-67.0
1777890225.0293324,5.0,2.0,-69.0
1777890225.0393324,5.0,-2.0,-72.0
1777890225.0493324,1.0,-6.0,-76.0
1777890225.0593324,1.0,-4.0,-77.0
1777890225.0693324,0.0,-1.0,-75.0
1777890225.0793324,0.0,-1.0,-73.0
1777890225.0893323,3.0,-6.0,-77.0
1777890225.0993323,4.0,-7.0,-80.0
1777890225.1093323,4.0,-2.0,-79.0
1777890225.1193323,7.0,-3.0,-77.0
1777890225.1293323,7.0,0.0,-75.0
1777890225.1393323,7.0,-1.0,-75.0
1777890225.1493323,2.0,0.0,-73.0
1777890225.1593325,0.0,-4.0,-72.0
1777890225.1693325,-1.0,-4.0,-75.0
1777890225.1793325,0.0,-4.0,-76.0
1777890225.1893325,0.0,-2.0,-77.0
1777890225.1993325,0.0,-4.0,-72.0
1777890225.2093325,0.0,-3.0,-71.0
1777890225.2193325,0.0,-7.0,-67.0
1777890225.2293324,1.0,-8.0,-69.0
1777890225.2393324,-1.0,-11.0,-73.0
1777890225.2493324,-2.0,-8.0,-74.0
1777890225.2593324,-3.0,-9.0,-74.0
1777890225.2693324,-1.0,-2.0,-71.0
1777890225.2793324,0.0,-2.0,-72.0
1777890225.2893324,0.0,-1.0,-64.0
1777890225.2993324,0.0,-5.0,-65.0
1777890225.3093324,1.0,-3.0,-67.0
1777890225.3193324,-2.0,-1.0,-71.0
1777890225.3293324,-3.0,0.0,-72.0
1777890225.3393323,1.0,-1.0,-74.0
1777890225.3493323,0.0,0.0,-77.0
1777890225.3593323,4.0,0.0,-83.0
1777890225.3693323,2.0,2.0,-84.0
1777890225.3793323,0.0,-2.0,-91.0
1777890225.3893323,0.0,-2.0,-92.0
1777890225.3993323,-1.0,-4.0,-89.0
1777890225.4093325,-2.0,-5.0,-95.0
1777890225.4193325,0.0,0.0,-84.0
1777890225.4293325,1.0,-2.0,-83.0
1777890225.4393325,3.0,-5.0,-84.0
1777890225.4493325,5.0,-6.0,-78.0
1777890225.4593325,6.0,-7.0,-78.0
1777890225.4693325,7.0,-3.0,-81.0
1777890225.4793324,2.0,0.0,-84.0
1777890225.4903324,0.0,-3.0,-81.0
1777890225.4993324,3.0,1.0,-82.0
1777890225.5093324,0.0,2.0,-88.0
1777890225.5193324,-3.0,6.0,-91.0
1777890225.5293324,-1.0,2.0,-88.0
1777890225.5393324,2.0,1.0,-82.0
1777890225.5493324,0.0,0.0,-84.0
1777890225.5593324,-4.0,0.0,-84.0
1777890225.5693324,-5.0,-1.0,-88.0
1777890225.5793324,-2.0,-4.0,-84.0
1777890225.5893323,1.0,-9.0,-87.0
1777890225.5993323,0.0,-9.0,-88.0
1777890225.6093323,1.0,-12.0,-93.0
1777890225.6193323,6.0,-9.0,-87.0
1777890225.6293323,2.0,-11.0,-85.0
1777890225.6393323,2.0,-3.0,-87.0
1777890225.6493323,0.0,-3.0,-81.0
1777890225.6593325,0.0,-2.0,-79.0
1777890225.6693325,-1.0,-4.0,-81.0
1777890225.6793325,2.0,-5.0,-85.0
1777890225.6893325,3.0,-1.0,-83.0
1777890225.6993325,0.0,-1.0,-78.0
1777890225.7093325,-2.0,-2.0,-81.0
1777890225.7193325,-5.0,0.0,-83.0
1777890225.7293324,-5.0,0.0,-85.0
1777890225.7393324,-4.0,-3.0,-87.0
1777890225.7493324,-5.0,-5.0,-83.0
1777890225.7593324,-1.0,-6.0,-83.0
1777890225.7693324,-3.0,-4.0,-80.0
1777890225.7793324,-5.0,-5.0,-74.0
1777890225.7893324,-1.0,-7.0,-66.0
1777890225.7993324,-4.0,-5.0,-61.0
1777890225.8093324,-3.0,-8.0,-61.0
1777890225.8193324,-2.0,-9.0,-60.0
1777890225.8293324,-7.0,-6.0,-60.0
1777890225.8393323,-4.0,-5.0,-68.0
1777890225.8493323,-2.0,-1.0,-76.0
1777890225.8593323,4.0,-5.0,-77.0
1777890225.8693323,5.0,-3.0,-75.0
1777890225.8793323,3.0,-5.0,-73.0
1777890225.8893323,5.0,-4.0,-71.0
1777890225.8993323,0.0,-6.0,-74.0
1777890225.9093325,2.0,-1.0,-72.0
1777890225.9193325,0.0,1.0,-70.0
1777890225.9293325,-4.0,0.0,-68.0
1777890225.9393325,-4.0,0.0,-71.0
1777890225.9493325,-4.0,1.0,-72.0
1777890225.9593325,-6.0,1.0,-75.0
1777890225.9693325,-8.0,1.0,-73.0
1777890225.9793324,-5.0,3.0,-77.0
1777890225.9893324,0.0,1.0,-80.0
1777890225.9993324,2.0,2.0,-83.0
1777890226.0093324,0.0,3.0,-89.0
1777890226.0193324,1.0,1.0,-85.0
1777890226.0293324,-1.0,-2.0,-78.0
1777890226.0393324,0.0,0.0,-74.0
1777890226.0493324,0.0,0.0,-68.0
1777890226.0593324,0.0,1.0,-67.0
1777890226.0693324,3.0,4.0,-70.0
1777890226.0793324,1.0,0.0,-66.0
1777890226.0893323,1.0,0.0,-70.0
1777890226.0993323,2.0,-2.0,-70.0
1777890226.1093323,0.0,-2.0,-68.0
1777890226.1193323,3.0,-2.0,-71.0
1777890226.1293323,4.0,-1.0,-71.0
1777890226.1393323,10.0,-1.0,-65.0
1777890226.1493323,8.0,-2.0,-62.0
1777890226.1593325,9.0,-1.0,-69.0
1777890226.1693325,6.0,-2.0,-68.0
1777890226.1793325,1.0,-1.0,-71.0
1777890226.1893325,0.0,-5.0,-82.0
1777890226.1993325,-2.0,-4.0,-79.0
1777890226.2093325,-1.0,-2.0,-79.0
1777890226.2193325,-3.0,-1.0,-79.0
1777890226.2293324,-3.0,0.0,-80.0
1777890226.2393324,-1.0,0.0,-86.0
1777890226.2493324,-1.0,-1.0,-87.0
1777890226.2593324,-2.0,-4.0,-81.0
1777890226.2693324,-2.0,-1.0,-78.0
1777890226.2793324,0.0,-1.0,-79.0
1777890226.2893324,1.0,-1.0,-75.0
1777890226.2993324,-2.0,0.0,-75.0
1777890226.3093324,-2.0,1.0,-71.0
1777890226.3193324,3.0,3.0,-67.0
1777890226.3293324,0.0,1.0,-68.0
1777890226.3393323,-1.0,0.0,-59.0
1777890226.3493323,1.0,1.0,-56.0
1777890226.3603325,1.0,0.0,-67.0
1777890226.3693323,0.0,-1.0,-72.0
1777890226.3793323,-2.0,3.0,-74.0
1777890226.3903325,-1.0,0.0,-75.0
1777890226.4003325,0.0,0.0,-72.0
1777890226.4103324,3.0,5.0,-70.0
1777890226.4203324,4.0,1.0,-71.0
1777890226.4303324,5.0,0.0,-84.0
1777890226.4403324,6.0,-1.0,-80.0
1777890226.4503324,5.0,-1.0,-77.0
1777890226.4603324,2.0,1.0,-75.0
1777890226.4703324,3.0,2.0,-74.0
1777890226.4803324,2.0,3.0,-78.0
1777890226.4903324,0.0,0.0,-83.0
1777890226.5003324,-1.0,0.0,-83.0
1777890226.5103323,-1.0,-1.0,-86.0
1777890226.5203323,1.0,-1.0,-82.0
1777890226.5303323,3.0,3.0,-91.0
1777890226.5403323,4.0,2.0,-88.0
1777890226.5503323,6.0,0.0,-86.0
1777890226.5603323,7.0,-2.0,-81.0
1777890226.5703323,0.0,-2.0,-73.0
1777890226.5803325,-1.0,-3.0,-65.0
1777890226.5903325,-1.0,-3.0,-69.0
1777890226.6003325,0.0,-2.0,-77.0
1777890226.6103325,4.0,-3.0,-69.0
1777890226.6203325,5.0,-4.0,-69.0
1777890226.6303325,3.0,-6.0,-69.0
1777890226.6403325,2.0,-1.0,-67.0
1777890226.6503325,2.0,0.0,-69.0
1777890226.6603324,6.0,-2.0,-73.0
1777890226.6703324,3.0,0.0,-81.0
1777890226.6803324,2.0,0.0,-87.0
1777890226.6903324,1.0,0.0,-85.0
1777890226.7003324,0.0,0.0,-81.0
1777890226.7103324,-4.0,-4.0,-73.0
1777890226.7203324,-6.0,-4.0,-69.0
1777890226.7303324,0.0,-4.0,-75.0
1777890226.7403324,2.0,-7.0,-80.0
1777890226.7503324,4.0,-8.0,-76.0
1777890226.7603323,4.0,-4.0,-68.0
1777890226.7703323,5.0,-6.0,-71.0
1777890226.7803323,4.0,-5.0,-69.0
1777890226.7903323,0.0,0.0,-63.0
1777890226.8003323,1.0,2.0,-66.0
1777890226.8103323,0.0,0.0,-64.0
1777890226.8203323,-3.0,0.0,-66.0
1777890226.8303325,-3.0,0.0,-69.0
1777890226.8403325,0.0,-3.0,-64.0
1777890226.8503325,1.0,-5.0,-70.0
1777890226.8603325,3.0,-7.0,-71.0
1777890226.8703325,2.0,-5.0,-69.0
1777890226.8803325,4.0,0.0,-69.0
1777890226.8903325,3.0,-2.0,-71.0
1777890226.9003325,-2.0,-1.0,-76.0
1777890226.9103324,-2.0,-4.0,-81.0
1777890226.9203324,-2.0,-3.0,-75.0
1777890226.9303324,-2.0,-9.0,-70.0
1777890226.9403324,0.0,-6.0,-67.0
1777890226.9503324,-1.0,-3.0,-64.0
1777890226.9603324,1.0,-5.0,-68.0
1777890226.9703324,2.0,-4.0,-69.0
1777890226.9803324,0.0,-2.0,-63.0
1777890226.9903324,0.0,0.0,-65.0
1777890227.0003324,3.0,0.0,-70.0
1777890227.0103323,5.0,0.0,-71.0
1777890227.0203323,4.0,0.0,-70.0
1777890227.0303323,0.0,1.0,-74.0
1777890227.0403323,1.0,1.0,-75.0
1777890227.0503323,2.0,0.0,-78.0
1777890227.0603323,2.0,0.0,-73.0
1777890227.0703323,3.0,0.0,-72.0
1777890227.0803325,5.0,0.0,-72.0
1777890227.0903325,1.0,0.0,-75.0
1777890227.1003325,3.0,2.0,-74.0
1777890227.1103325,2.0,2.0,-79.0
1777890227.1203325,-4.0,2.0,-80.0
1777890227.1303325,-10.0,3.0,-85.0
1777890227.1403325,-10.0,-2.0,-85.0
1777890227.1503325,-9.0,-1.0,-77.0
1777890227.1603324,-14.0,-3.0,-79.0
1777890227.1703324,-11.0,-3.0,-73.0
1777890227.1803324,-8.0,1.0,-75.0
1777890227.1903324,-8.0,0.0,-77.0
1777890227.2003324,-8.0,0.0,-77.0
1777890227.2103324,-11.0,0.0,-71.0
1777890227.2203324,-6.0,2.0,-70.0
1777890227.2303324,-5.0,3.0,-70.0
1777890227.2403324,-6.0,-1.0,-78.0
1777890227.2503324,-2.0,-5.0,-88.0
1777890227.2603323,2.0,-7.0,-89.0
1777890227.2703323,0.0,-6.0,-84.0
1777890227.2803323,7.0,-8.0,-85.0
1777890227.2903323,6.0,-11.0,-84.0
1777890227.3003323,4.0,-7.0,-86.0
1777890227.3103323,1.0,-9.0,-87.0
1777890227.3203323,1.0,-3.0,-74.0
1777890227.3303325,-4.0,-2.0,-71.0
1777890227.3403325,-2.0,-3.0,-69.0
1777890227.3503325,0.0,-4.0,-70.0
1777890227.3603325,4.0,-2.0,-66.0
1777890227.3703325,2.0,3.0,-70.0
1777890227.3803325,2.0,1.0,-79.0
1777890227.3903325,7.0,2.0,-85.0
1777890227.4003325,6.0,9.0,-85.0
1777890227.4103324,5.0,10.0,-81.0
1777890227.4203324,4.0,7.0,-82.0
1777890227.4303324,2.0,2.0,-82.0
1777890227.4403324,1.0,0.0,-81.0
1777890227.4503324,6.0,1.0,-76.0
1777890227.4603324,9.0,1.0,-77.0
1777890227.4703324,9.0,4.0,-79.0
1777890227.4803324,10.0,4.0,-73.0
1777890227.4903324,12.0,0.0,-76.0
1777890227.5003324,6.0,0.0,-83.0
1777890227.5103323,4.0,0.0,-82.0
1777890227.5203323,2.0,-5.0,-82.0
1777890227.5303323,2.0,-5.0,-81.0
1777890227.5403323,4.0,-2.0,-84.0
1777890227.5503323,0.0,-1.0,-79.0
1777890227.5603323,-1.0,0.0,-77.0
1777890227.5703323,1.0,-2.0,-75.0
1777890227.5803325,1.0,-3.0,-72.0
1777890227.5903325,3.0,-6.0,-73.0
1777890227.6003325,1.0,-4.0,-76.0
1777890227.6103325,2.0,-1.0,-78.0
1777890227.6203325,4.0,-2.0,-76.0
1777890227.6303325,2.0,-2.0,-75.0
1777890227.6403325,-1.0,2.0,-75.0
1777890227.6503325,0.0,3.0,-84.0
1777890227.6603324,2.0,2.0,-83.0
1777890227.6703324,0.0,0.0,-80.0
1777890227.6803324,1.0,-1.0,-79.0
1777890227.6903324,3.0,-3.0,-70.0
1777890227.7003324,2.0,-1.0,-67.0
1777890227.7103324,3.0,-1.0,-67.0
1777890227.7203324,0.0,-2.0,-76.0
1777890227.7303324,0.0,-3.0,-79.0
1777890227.7403324,0.0,-4.0,-79.0
1777890227.7503324,-2.0,0.0,-85.0
1777890227.7603323,-4.0,1.0,-86.0
1777890227.7703323,-4.0,2.0,-84.0
1777890227.7803323,-3.0,-4.0,-77.0
1777890227.7903323,-1.0,-5.0,-77.0
1777890227.8003323,-2.0,0.0,-74.0
1777890227.8103323,1.0,0.0,-73.0
1777890227.8203323,1.0,-1.0,-69.0
1777890227.8303325,0.0,-1.0,-72.0
1777890227.8403325,0.0,-1.0,-73.0
1777890227.8503325,3.0,-5.0,-73.0
1777890227.8603325,4.0,-1.0,-73.0
1777890227.8703325,6.0,-2.0,-74.0
1777890227.8803325,4.0,-2.0,-77.0
1777890227.8903325,1.0,-3.0,-83.0
1777890227.9003325,1.0,0.0,-85.0
1777890227.9103324,0.0,-3.0,-83.0
1777890227.9203324,-3.0,0.0,-78.0
1777890227.9303324,-3.0,3.0,-78.0
1777890227.9403324,-5.0,4.0,-77.0
1777890227.9503324,-3.0,3.0,-73.0
1777890227.9603324,-6.0,2.0,-62.0
1777890227.9703324,-7.0,0.0,-70.0
1777890227.9803324,-4.0,1.0,-68.0
1777890227.9903324,-6.0,0.0,-72.0
1777890228.0003324,-3.0,-5.0,-75.0
1777890228.0103323,-5.0,-6.0,-78.0
1777890228.0203323,-3.0,-7.0,-80.0
1777890228.0303323,0.0,-7.0,-84.0
1777890228.0403323,0.0,-8.0,-77.0
1777890228.0503323,0.0,-7.0,-80.0
1777890228.0603323,3.0,-8.0,-78.0
1777890228.0703323,0.0,-6.0,-80.0
1777890228.0803325,3.0,-10.0,-79.0
1777890228.0903325,-4.0,-7.0,-78.0
1777890228.1003325,-5.0,-7.0,-81.0
1777890228.1103325,-6.0,-7.0,-79.0
1777890228.1203325,-5.0,-7.0,-79.0
1777890228.1303325,-5.0,-4.0,-79.0
1777890228.1403325,-6.0,-3.0,-78.0
1777890228.1503325,-6.0,-4.0,-83.0
1777890228.1603324,-2.0,-3.0,-82.0
1777890228.1703324,-3.0,0.0,-83.0
1777890228.1803324,1.0,0.0,-81.0
1777890228.1903324,-1.0,1.0,-81.0
1777890228.2003324,-1.0,4.0,-76.0
1777890228.2103324,1.0,2.0,-71.0
1777890228.2203324,7.0,-3.0,-73.0
1777890228.2303324,9.0,-3.0,-72.0
1777890228.2403324,6.0,-3.0,-72.0
1777890228.2503324,9.0,-1.0,-75.0
1777890228.2603323,7.0,-2.0,-75.0
1777890228.2703323,6.0,0.0,-80.0
1777890228.2803323,4.0,0.0,-74.0
1777890228.2903323,4.0,-1.0,-72.0
1777890228.3003323,1.0,-2.0,-66.0
1777890228.3103323,0.0,-2.0,-65.0
1777890228.3203323,6.0,-1.0,-68.0
1777890228.3313324,4.0,-1.0,-71.0
1777890228.3403325,2.0,-1.0,-75.0
1777890228.3513324,0.0,-3.0,-80.0
1777890228.3613324,-2.0,-3.0,-81.0
1777890228.3703325,-6.0,0.0,-82.0
1777890228.3813324,0.0,-4.0,-84.0
1777890228.3913324,0.0,-7.0,-77.0
1777890228.4013324,0.0,-5.0,-76.0
1777890228.4113324,1.0,-3.0,-74.0
1777890228.4213324,0.0,-6.0,-74.0
1777890228.4313323,-2.0,-3.0,-71.0
1777890228.4413323,0.0,0.0,-77.0
1777890228.4513323,0.0,4.0,-81.0
1777890228.4613323,-3.0,3.0,-76.0
1777890228.4713323,-3.0,-1.0,-78.0
1777890228.4813323,-4.0,-2.0,-85.0
1777890228.4913323,-4.0,1.0,-83.0
1777890228.5013323,-3.0,-4.0,-84.0
1777890228.5113325,-10.0,-3.0,-87.0
1777890228.5213325,-2.0,-2.0,-86.0
1777890228.5313325,-1.0,-1.0,-85.0
1777890228.5413325,-5.0,-1.0,-81.0
1777890228.5513325,-7.0,0.0,-82.0
1777890228.5613325,-7.0,-5.0,-82.0
1777890228.5713325,-6.0,-6.0,-89.0
1777890228.5813324,0.0,-4.0,-84.0
1777890228.5913324,0.0,-2.0,-81.0
1777890228.6013324,0.0,-4.0,-79.0
1777890228.6113324,0.0,-4.0,-73.0
1777890228.6213324,0.0,0.0,-74.0
1777890228.6313324,2.0,0.0,-75.0
1777890228.6413324,5.0,-1.0,-80.0
1777890228.6513324,6.0,-3.0,-77.0
1777890228.6613324,4.0,-4.0,-79.0
1777890228.6713324,2.0,-1.0,-80.0
1777890228.6813323,2.0,-1.0,-80.0
1777890228.6913323,3.0,-2.0,-78.0
1777890228.7013323,1.0,1.0,-76.0
1777890228.7113323,2.0,0.0,-75.0
1777890228.7213323,3.0,-2.0,-74.0
1777890228.7313323,1.0,-3.0,-75.0
1777890228.7413323,0.0,-3.0,-76.0
1777890228.7513323,-5.0,-6.0,-70.0
1777890228.7613325,-3.0,-4.0,-71.0
1777890228.7713325,-4.0,-1.0,-76.0
1777890228.7813325,-3.0,-3.0,-79.0
1777890228.7913325,0.0,-3.0,-77.0
1777890228.8013325,0.0,-2.0,-73.0
1777890228.8113325,0.0,-6.0,-68.0
1777890228.8213325,0.0,-4.0,-75.0
1777890228.8313324,0.0,-3.0,-81.0
1777890228.8413324,-2.0,-6.0,-78.0
1777890228.8513324,0.0,-7.0,-72.0
1777890228.8613324,2.0,-3.0,-72.0
1777890228.8713324,7.0,-1.0,-70.0
1777890228.8813324,7.0,-1.0,-71.0
1777890228.8913324,6.0,-3.0,-68.0
1777890228.9013324,3.0,-3.0,-72.0
1777890228.9113324,8.0,-1.0,-68.0
1777890228.9213324,3.0,0.0,-71.0
1777890228.9313323,5.0,-4.0,-68.0
1777890228.9413323,1.0,-9.0,-74.0
1777890228.9513323,0.0,-4.0,-69.0
1777890228.9613323,-3.0,-3.0,-63.0
1777890228.9713323,-4.0,-3.0,-66.0
1777890228.9813323,0.0,-6.0,-71.0
1777890228.9913323,2.0,-2.0,-75.0
1777890229.0013323,-3.0,-1.0,-75.0
1777890229.0113325,-4.0,-2.0,-81.0
1777890229.0213325,-3.0,0.0,-86.0
1777890229.0313325,-3.0,-4.0,-81.0
1777890229.0413325,0.0,-3.0,-80.0
1777890229.0513325,0.0,-5.0,-75.0
1777890229.0613325,-2.0,-6.0,-79.0
1777890229.0713325,-5.0,-6.0,-79.0
1777890229.0813324,-4.0,-4.0,-77.0
1777890229.0913324,-3.0,-4.0,-74.0
1777890229.1013324,0.0,-5.0,-71.0
1777890229.1113324,1.0,-5.0,-74.0
1777890229.1213324,4.0,-9.0,-74.0
1777890229.1313324,2.0,-6.0,-70.0
1777890229.1413324,-4.0,-8.0,-66.0
1777890229.1513324,-3.0,-13.0,-64.0
1777890229.1613324,0.0,-11.0,-63.0
1777890229.1713324,-6.0,-10.0,-67.0
1777890229.1813323,-6.0,-9.0,-72.0
1777890229.1913323,-1.0,-7.0,-69.0
1777890229.2013323,5.0,-7.0,-79.0
1777890229.2113323,8.0,-7.0,-73.0
1777890229.2213323,8.0,-7.0,-71.0
1777890229.2313323,5.0,-5.0,-75.0
1777890229.2413323,3.0,-6.0,-71.0
1777890229.2513323,3.0,-5.0,-67.0
1777890229.2613325,1.0,-3.0,-65.0
1777890229.2713325,2.0,-2.0,-67.0
1777890229.2813325,0.0,-3.0,-72.0
1777890229.2913325,-1.0,-9.0,-73.0
1777890229.3013325,-3.0,-8.0,-80.0
1777890229.3113325,-5.0,-9.0,-81.0
1777890229.3213325,-4.0,-7.0,-84.0
1777890229.3313324,0.0,-5.0,-80.0
1777890229.3413324,1.0,-4.0,-74.0
1777890229.3513324,7.0,-6.0,-75.0
1777890229.3613324,3.0,-10.0,-73.0
1777890229.3713324,3.0,-8.0,-80.0
1777890229.3813324,4.0,-7.0,-74.0
1777890229.3913324,2.0,-6.0,-73.0
1777890229.4013324,0.0,-5.0,-75.0
1777890229.4113324,3.0,-7.0,-74.0
1777890229.4213324,5.0,-3.0,-74.0
1777890229.4313323,1.0,-1.0,-75.0
1777890229.4413323,2.0,0.0,-78.0
1777890229.4513323,-2.0,1.0,-87.0
1777890229.4613323,1.0,0.0,-88.0
1777890229.4713323,5.0,-5.0,-88.0
1777890229.4813323,7.0,-4.0,-84.0
1777890229.4913323,5.0,0.0,-76.0
1777890229.5013323,4.0,0.0,-77.0
1777890229.5113325,4.0,0.0,-71.0
1777890229.5213325,2.0,1.0,-64.0
1777890229.5313325,1.0,0.0,-63.0
1777890229.5413325,5.0,0.0,-70.0
1777890229.5513325,5.0,0.0,-68.0
1777890229.5613325,3.0,2.0,-70.0
1777890229.5713325,1.0,5.0,-71.0
1777890229.5813324,0.0,3.0,-65.0
1777890229.5913324,1.0,3.0,-66.0
1777890229.6013324,0.0,3.0,-65.0
1777890229.6113324,1.0,-1.0,-69.0
1777890229.6213324,0.0,-2.0,-68.0
1777890229.6313324,0.0,-2.0,-64.0
1777890229.6413324,-1.0,-2.0,-65.0
1777890229.6513324,-3.0,-1.0,-72.0
1777890229.6613324,-2.0,-1.0,-71.0
1777890229.6713324,1.0,-4.0,-72.0
1777890229.6813323,-1.0,-5.0,-72.0
1777890229.6913323,2.0,-4.0,-75.0
1777890229.7013323,1.0,-5.0,-76.0
1777890229.7113323,-3.0,-3.0,-80.0
1777890229.7213323,0.0,-3.0,-83.0
1777890229.7313323,-4.0,-6.0,-82.0
1777890229.7413323,-5.0,-8.0,-79.0
1777890229.7513323,-4.0,-4.0,-72.0
1777890229.7613325,-6.0,-1.0,-70.0
1777890229.7713325,-7.0,-1.0,-73.0
1777890229.7813325,-5.0,-1.0,-71.0
1777890229.7913325,-7.0,-1.0,-75.0
1777890229.8013325,-2.0,-1.0,-73.0
1777890229.8113325,-2.0,-6.0,-74.0
1777890229.8213325,-2.0,-3.0,-75.0
1777890229.8313324,0.0,0.0,-70.0
1777890229.8413324,2.0,-1.0,-75.0
1777890229.8513324,1.0,-2.0,-73.0
1777890229.8613324,3.0,-3.0,-71.0
1777890229.8713324,-2.0,-1.0,-69.0
1777890229.8813324,-2.0,0.0,-72.0
1777890229.8913324,0.0,-1.0,-69.0
1777890229.9013324,0.0,-3.0,-72.0
1777890229.9113324,-1.0,-7.0,-74.0
1777890229.9213324,0.0,-5.0,-80.0
1777890229.9313323,1.0,-7.0,-78.0
1777890229.9413323,-1.0,-6.0,-78.0
1777890229.9513323,0.0,-4.0,-79.0
1777890229.9613323,0.0,0.0,-81.0
1777890229.9713323,-5.0,-1.0,-80.0
1777890229.9813323,-4.0,0.0,-80.0
1777890229.9913323,-4.0,0.0,-78.0
1777890230.0013323,-5.0,-2.0,-77.0
1777890230.0113325,-6.0,-6.0,-76.0
1777890230.0213325,-6.0,-6.0,-78.0
1777890230.0313325,-6.0,-6.0,-80.0
1777890230.0413325,-5.0,-2.0,-78.0
1777890230.0513325,-7.0,-2.0,-85.0
1777890230.0613325,-5.0,-4.0,-85.0
1777890230.0713325,-1.0,-3.0,-84.0
1777890230.0813324,-4.0,-3.0,-85.0
1777890230.0913324,-7.0,-3.0,-86.0
1777890230.1013324,-6.0,-6.0,-84.0
1777890230.1113324,0.0,-9.0,-83.0
1777890230.1213324,-2.0,-5.0,-84.0
1777890230.1313324,-3.0,-1.0,-83.0
1777890230.1413324,-8.0,-3.0,-84.0
1777890230.1513324,-6.0,-3.0,-83.0
1777890230.1613324,-6.0,0.0,-74.0
1777890230.1713324,-8.0,0.0,-72.0
1777890230.1813323,-5.0,0.0,-79.0
1777890230.1913323,-4.0,0.0,-76.0
1777890230.2013323,-5.0,1.0,-78.0
1777890230.2113323,-1.0,-1.0,-80.0
1777890230.2213323,-1.0,0.0,-77.0
1777890230.2313323,-2.0,0.0,-76.0
1777890230.2413323,0.0,-2.0,-77.0
1777890230.2513323,0.0,-1.0,-83.0
1777890230.2613325,-1.0,-1.0,-75.0
1777890230.2713325,-2.0,0.0,-67.0
1777890230.2813325,-3.0,-4.0,-70.0
1777890230.2913325,-3.0,-5.0,-77.0
1777890230.3013325,-6.0,-5.0,-78.0
1777890230.3113325,-4.0,-4.0,-76.0
1777890230.3213325,0.0,-5.0,-72.0
1777890230.3313324,-3.0,-5.0,-71.0
1777890230.3413324,-3.0,-7.0,-73.0
1777890230.3513324,-4.0,-4.0,-70.0
1777890230.3623323,-1.0,-4.0,-72.0
1777890230.3723323,0.0,-6.0,-66.0
1777890230.3823323,-2.0,-7.0,-68.0
1777890230.3923323,-4.0,-7.0,-73.0
1777890230.4023323,-1.0,-5.0,-78.0
1777890230.4123323,0.0,-9.0,-78.0
1777890230.4223323,-2.0,-7.0,-73.0
1777890230.4323325,-4.0,-5.0,-71.0
1777890230.4423325,-7.0,-2.0,-76.0
1777890230.4523325,-5.0,0.0,-80.0
1777890230.4623325,-3.0,-2.0,-74.0
1777890230.4723325,-3.0,-3.0,-73.0
1777890230.4823325,-2.0,-1.0,-68.0
1777890230.4923325,-4.0,0.0,-61.0
1777890230.5023324,-3.0,-1.0,-59.0
1777890230.5123324,0.0,-2.0,-67.0
1777890230.5223324,0.0,-4.0,-66.0
1777890230.5323324,1.0,-3.0,-62.0
1777890230.5423324,1.0,-1.0,-64.0
1777890230.5523324,3.0,0.0,-68.0
1777890230.5623324,5.0,-3.0,-67.0
1777890230.5723324,2.0,0.0,-68.0
1777890230.5823324,2.0,-2.0,-69.0
1777890230.5923324,0.0,0.0,-71.0
1777890230.6023324,2.0,0.0,-71.0
1777890230.6123323,0.0,1.0,-68.0
1777890230.6223323,3.0,1.0,-66.0
1777890230.6323323,1.0,0.0,-65.0
1777890230.6423323,-1.0,1.0,-67.0
1777890230.6523323,0.0,0.0,-71.0
1777890230.6623323,0.0,-2.0,-69.0
1777890230.6723323,2.0,-1.0,-67.0
1777890230.6823325,3.0,-1.0,-64.0
1777890230.6923325,1.0,0.0,-65.0
1777890230.7023325,0.0,-3.0,-66.0
1777890230.7123325,-5.0,0.0,-67.0
1777890230.7223325,-4.0,2.0,-67.0
1777890230.7323325,-2.0,1.0,-67.0
1777890230.7423325,-2.0,2.0,-74.0
1777890230.7523324,1.0,0.0,-82.0
1777890230.7623324,2.0,2.0,-81.0
1777890230.7723324,4.0,-1.0,-85.0
1777890230.7823324,5.0,-4.0,-86.0
1777890230.7923324,6.0,-3.0,-84.0
1777890230.8023324,2.0,0.0,-85.0
1777890230.8123324,2.0,0.0,-87.0
1777890230.8223324,0.0,-4.0,-84.0
1777890230.8323324,2.0,-3.0,-81.0
1777890230.8423324,4.0,-6.0,-79.0
1777890230.8523324,5.0,-6.0,-75.0
1777890230.8623323,1.0,-4.0,-78.0
1777890230.8723323,0.0,0.0,-82.0
1777890230.8823323,2.0,1.0,-79.0
1777890230.8923323,0.0,0.0,-76.0
1777890230.9023323,3.0,0.0,-75.0
1777890230.9123323,5.0,1.0,-73.0
1777890230.9223323,2.0,0.0,-75.0
1777890230.9323325,1.0,-4.0,-79.0
1777890230.9423325,-2.0,-2.0,-75.0
1777890230.9523325,3.0,-2.0,-71.0
1777890230.9623325,3.0,0.0,-71.0
1777890230.9723325,1.0,-1.0,-75.0
1777890230.9823325,8.0,-4.0,-80.0
1777890230.9923325,5.0,-4.0,-81.0
1777890231.0023324,4.0,-6.0,-74.0
1777890231.0123324,-1.0,-3.0,-71.0
1777890231.0223324,0.0,-2.0,-80.0
1777890231.0323324,-2.0,1.0,-89.0
1777890231.0423324,-1.0,0.0,-88.0
1777890231.0523324,-2.0,2.0,-90.0
1777890231.0623324,-1.0,4.0,-85.0
1777890231.0723324,2.0,3.0,-74.0
1777890231.0823324,3.0,4.0,-78.0
1777890231.0923324,2.0,2.0,-85.0
1777890231.1023324,4.0,1.0,-86.0
1777890231.1123323,-4.0,0.0,-88.0
1777890231.1223323,-5.0,-1.0,-83.0
1777890231.1323323,-8.0,0.0,-78.0
1777890231.1423323,-7.0,0.0,-79.0
1777890231.1523323,-4.0,4.0,-82.0
1777890231.1623323,-5.0,6.0,-86.0
1777890231.1723323,-2.0,4.0,-78.0
1777890231.1823325,-3.0,2.0,-76.0
1777890231.1923325,0.0,3.0,-79.0
1777890231.2023325,3.0,3.0,-78.0
1777890231.2123325,1.0,2.0,-85.0
1777890231.2223325,0.0,-1.0,-81.0
1777890231.2323325,4.0,0.0,-85.0
1777890231.2423325,5.0,1.0,-80.0
1777890231.2523324,0.0,0.0,-82.0
1777890231.2623324,-2.0,-5.0,-76.0
1777890231.2723324,0.0,-4.0,-78.0
1777890231.2823324,3.0,-7.0,-79.0
1777890231.2923324,-2.0,-7.0,-84.0
1777890231.3023324,-4.0,-6.0,-89.0
1777890231.3123324,-4.0,-6.0,-80.0
1777890231.3223324,-2.0,-5.0,-83.0
1777890231.3323324,-5.0,-3.0,-75.0
1777890231.3423324,-5.0,0.0,-81.0
1777890231.3523324,-1.0,2.0,-77.0
1777890231.3623323,-2.0,1.0,-77.0
1777890231.3723323,0.0,0.0,-80.0
1777890231.3823323,1.0,0.0,-86.0
1777890231.3923323,2.0,-2.0,-84.0
1777890231.4023323,2.0,-2.0,-84.0
1777890231.4123323,5.0,0.0,-84.0
1777890231.4223323,3.0,-1.0,-84.0
1777890231.4323325,2.0,-5.0,-81.0
1777890231.4423325,0.0,-5.0,-82.0
1777890231.4523325,0.0,-5.0,-79.0
1777890231.4623325,2.0,-4.0,-82.0
1777890231.4723325,0.0,-1.0,-78.0
1777890231.4823325,-4.0,1.0,-74.0
1777890231.4923325,0.0,5.0,-78.0
1777890231.5023324,-5.0,6.0,-79.0
1777890231.5123324,-7.0,2.0,-85.0
1777890231.5223324,-5.0,2.0,-86.0
1777890231.5323324,-7.0,0.0,-88.0
1777890231.5423324,-3.0,0.0,-84.0
1777890231.5523324,0.0,4.0,-82.0
1777890231.5623324,0.0,4.0,-77.0
1777890231.5723324,1.0,5.0,-78.0
1777890231.5823324,2.0,6.0,-82.0
1777890231.5923324,2.0,7.0,-82.0
1777890231.6023324,0.0,8.0,-80.0
1777890231.6123323,6.0,8.0,-77.0
1777890231.6223323,4.0,8.0,-73.0
1777890231.6323323,1.0,5.0,-68.0
1777890231.6423323,0.0,3.0,-67.0
1777890231.6523323,1.0,4.0,-70.0
1777890231.6623323,0.0,1.0,-73.0
1777890231.6723323,0.0,-3.0,-70.0
1777890231.6823325,1.0,-4.0,-68.0
1777890231.6923325,0.0,-2.0,-72.0
1777890231.7023325,1.0,-1.0,-71.0
1777890231.7123325,2.0,-3.0,-66.0
1777890231.7223325,3.0,0.0,-70.0
1777890231.7323325,7.0,0.0,-71.0
1777890231.7423325,6.0,0.0,-70.0
1777890231.7523324,4.0,0.0,-71.0
1777890231.7623324,2.0,-1.0,-73.0
1777890231.7723324,1.0,-4.0,-74.0
1777890231.7823324,4.0,-5.0,-82.0
1777890231.7923324,3.0,-6.0,-83.0
1777890231.8023324,2.0,0.0,-83.0
1777890231.8123324,1.0,-4.0,-84.0
1777890231.8223324,2.0,0.0,-82.0
1777890231.8323324,6.0,3.0,-70.0
1777890231.8423324,10.0,1.0,-73.0
1777890231.8523324,13.0,1.0,-66.0
1777890231.8623323,12.0,2.0,-55.0
1777890231.8723323,9.0,1.0,-56.0
1777890231.8823323,4.0,0.0,-60.0
1777890231.8923323,1.0,1.0,-63.0
1777890231.9023323,-5.0,4.0,-74.0
1777890231.9123323,-7.0,3.0,-74.0
1777890231.9223323,-7.0,-3.0,-80.0
1777890231.9323325,-3.0,-7.0,-78.0
1777890231.9423325,-1.0,-5.0,-75.0
1777890231.9523325,4.0,-2.0,-72.0
1777890231.9623325,6.0,-5.0,-74.0
1777890231.9723325,6.0,-8.0,-77.0
1777890231.9823325,1.0,-2.0,-84.0
1777890231.9923325,2.0,-6.0,-76.0
1777890232.0023324,3.0,-5.0,-75.0
1777890232.0123324,3.0,-2.0,-70.0
1777890232.0223324,5.0,-1.0,-72.0
1777890232.0323324,2.0,-1.0,-71.0
1777890232.0423324,-1.0,0.0,-64.0
1777890232.0523324,-4.0,0.0,-62.0
1777890232.0623324,-2.0,0.0,-64.0
1777890232.0723324,0.0,1.0,-65.0
1777890232.0823324,2.0,0.0,-67.0
1777890232.0923324,1.0,1.0,-77.0
1777890232.1023324,0.0,-5.0,-72.0
1777890232.1123323,-3.0,-5.0,-72.0
1777890232.1223323,-4.0,-2.0,-68.0
1777890232.1323323,-1.0,-1.0,-69.0
1777890232.1423323,-2.0,-1.0,-70.0
1777890232.1523323,1.0,2.0,-74.0
1777890232.1623323,0.0,3.0,-73.0
1777890232.1723323,-1.0,0.0,-77.0
1777890232.1823325,-2.0,-1.0,-73.0
1777890232.1923325,0.0,-3.0,-77.0
1777890232.2023325,-1.0,-3.0,-75.0
1777890232.2123325,0.0,0.0,-69.0
1777890232.2223325,-3.0,0.0,-66.0
1777890232.2323325,-2.0,-3.0,-64.0
1777890232.2423325,1.0,-2.0,-61.0
1777890232.2523324,0.0,-2.0,-61.0
1777890232.2623324,0.0,-3.0,-64.0
1777890232.2723324,-1.0,-3.0,-66.0
1777890232.2823324,0.0,-6.0,-70.0
1777890232.2923324,4.0,0.0,-81.0
1777890232.3023324,5.0,4.0,-83.0
1777890232.3123324,-1.0,1.0,-81.0
1777890232.3223324,-2.0,1.0,-82.0
1777890232.3333323,-10.0,0.0,-82.0
1777890232.3433323,-10.0,-2.0,-83.0
1777890232.3523324,-3.0,-2.0,-85.0
1777890232.3633325,0.0,-6.0,-79.0
1777890232.3733325,5.0,-7.0,-73.0
1777890232.3833325,5.0,-11.0,-79.0
1777890232.3933325,5.0,-11.0,-88.0
1777890232.4033325,0.0,-8.0,-86.0
1777890232.4133325,1.0,-10.0,-82.0
1777890232.4233325,1.0,-7.0,-82.0
1777890232.4333324,-2.0,-8.0,-81.0
1777890232.4433324,1.0,-3.0,-81.0
1777890232.4533324,-3.0,-1.0,-78.0
1777890232.4633324,0.0,-2.0,-80.0
1777890232.4733324,1.0,0.0,-77.0
1777890232.4833324,2.0,1.0,-76.0
1777890232.4933324,-3.0,1.0,-78.0
1777890232.5033324,3.0,2.0,-75.0
1777890232.5133324,4.0,2.0,-72.0
1777890232.5233324,7.0,4.0,-72.0
1777890232.5333323,8.0,6.0,-75.0
1777890232.5433323,10.0,5.0,-78.0
1777890232.5533323,11.0,3.0,-86.0
1777890232.5633323,3.0,2.0,-88.0
1777890232.5733323,0.0,2.0,-89.0
1777890232.5833323,-2.0,4.0,-82.0
1777890232.5933323,-3.0,0.0,-78.0
1777890232.6033323,-4.0,1.0,-80.0
1777890232.6133325,-2.0,-3.0,-80.0
1777890232.6233325,-6.0,-4.0,-79.0
1777890232.6333325,-6.0,-4.0,-73.0
1777890232.6433325,-5.0,0.0,-69.0
1777890232.6533325,0.0,2.0,-66.0
1777890232.6633325,4.0,3.0,-69.0
1777890232.6733325,4.0,5.0,-70.0
1777890232.6833324,5.0,3.0,-67.0
1777890232.6933324,2.0,0.0,-65.0
1777890232.7033324,1.0,-3.0,-64.0
1777890232.7133324,3.0,-4.0,-67.0
1777890232.7233324,6.0,-10.0,-71.0
1777890232.7333324,6.0,-11.0,-77.0
1777890232.7433324,4.0,-11.0,-71.0
1777890232.7533324,0.0,-8.0,-66.0
1777890232.7633324,2.0,-6.0,-60.0
1777890232.7733324,4.0,-1.0,-60.0
1777890232.7833323,8.0,-4.0,-60.0
1777890232.7933323,9.0,-1.0,-59.0
1777890232.8033323,2.0,-3.0,-61.0
1777890232.8133323,1.0,-1.0,-59.0
1777890232.8233323,0.0,-4.0,-65.0
1777890232.8333323,0.0,-7.0,-73.0
1777890232.8433323,7.0,-10.0,-77.0
1777890232.8533323,7.0,-9.0,-82.0
1777890232.8633325,4.0,-6.0,-77.0
1777890232.8733325,7.0,-3.0,-76.0
1777890232.8833325,8.0,-3.0,-69.0
1777890232.8933325,6.0,-1.0,-68.0
1777890232.9033325,3.0,1.0,-77.0
1777890232.9133325,0.0,2.0,-69.0
1777890232.9233325,4.0,1.0,-67.0
1777890232.9333324,5.0,0.0,-65.0
1777890232.9433324,6.0,4.0,-66.0
1777890232.9533324,8.0,4.0,-69.0
1777890232.9633324,6.0,2.0,-69.0
1777890232.9733324,1.0,4.0,-67.0
1777890232.9833324,2.0,2.0,-69.0
1777890232.9933324,3.0,1.0,-67.0
1777890233.0033324,3.0,0.0,-72.0
1777890233.0133324,4.0,-3.0,-71.0
1777890233.0233324,7.0,-2.0,-69.0
1777890233.0333323,7.0,-4.0,-74.0
1777890233.0433323,0.0,-5.0,-77.0
1777890233.0533323,-4.0,-3.0,-76.0
1777890233.0633323,-7.0,-6.0,-82.0
1777890233.0733323,-3.0,-9.0,-80.0
1777890233.0833323,0.0,-5.0,-75.0
1777890233.0933323,3.0,-1.0,-71.0
1777890233.1033323,0.0,-1.0,-70.0
1777890233.1133325,-1.0,-2.0,-69.0
1777890233.1233325,-1.0,-2.0,-73.0
1777890233.1333325,2.0,-3.0,-80.0
1777890233.1433325,1.0,-6.0,-83.0
1777890233.1533325,-3.0,-8.0,-79.0
1777890233.1633325,-1.0,-10.0,-78.0
1777890233.1733325,0.0,-9.0,-73.0
1777890233.1833324,1.0,-7.0,-74.0
1777890233.1933324,2.0,-5.0,-67.0
1777890233.2033324,2.0,0.0,-63.0
1777890233.2133324,5.0,3.0,-69.0
1777890233.2233324,7.0,2.0,-66.0
1777890233.2333324,6.0,-1.0,-62.0
1777890233.2433324,6.0,0.0,-60.0
1777890233.2533324,5.0,3.0,-66.0
1777890233.2633324,3.0,3.0,-65.0
1777890233.2733324,0.0,2.0,-73.0
1777890233.2833323,-3.0,4.0,-76.0
1777890233.2933323,1.0,2.0,-74.0
1777890233.3033323,0.0,-1.0,-79.0
1777890233.3133323,1.0,-1.0,-81.0
1777890233.3233323,4.0,-1.0,-76.0
1777890233.3333323,5.0,0.0,-74.0
1777890233.3433323,-1.0,4.0,-76.0
1777890233.3533323,0.0,0.0,-83.0
1777890233.3633325,0.0,0.0,-79.0
1777890233.3733325,3.0,0.0,-78.0
1777890233.3833325,0.0,2.0,-74.0
1777890233.3933325,-1.0,0.0,-70.0
1777890233.4033325,-3.0,0.0,-78.0
1777890233.4133325,-3.0,-2.0,-77.0
1777890233.4233325,-7.0,-3.0,-76.0
1777890233.4333324,-4.0,-5.0,-75.0
1777890233.4433324,-1.0,0.0,-79.0
1777890233.4533324,0.0,2.0,-78.0
1777890233.4633324,1.0,2.0,-84.0
1777890233.4733324,-2.0,1.0,-83.0
1777890233.4833324,-1.0,-2.0,-84.0
1777890233.4933324,-3.0,0.0,-78.0
1777890233.5033324,-3.0,-2.0,-78.0
1777890233.5133324,-4.0,0.0,-77.0
1777890233.5233324,-4.0,-2.0,-76.0
1777890233.5333323,-6.0,-1.0,-75.0
1777890233.5433323,-6.0,-1.0,-76.0
1777890233.5533323,-3.0,2.0,-74.0
1777890233.5633323,-2.0,2.0,-72.0
1777890233.5733323,-2.0,3.0,-73.0
1777890233.5833323,0.0,3.0,-75.0
1777890233.5933323,0.0,2.0,-72.0
1777890233.6033323,0.0,1.0,-72.0
1777890233.6133325,-1.0,0.0,-66.0
1777890233.6233325,0.0,1.0,-71.0
1777890233.6333325,4.0,2.0,-71.0
1777890233.6433325,5.0,5.0,-78.0
1777890233.6533325,0.0,5.0,-80.0
1777890233.6633325,-1.0,3.0,-75.0
1777890233.6733325,-1.0,-1.0,-70.0
1777890233.6833324,-5.0,-7.0,-69.0
1777890233.6933324,-7.0,-7.0,-71.0
1777890233.7033324,-5.0,-4.0,-68.0
1777890233.7133324,-6.0,-3.0,-65.0
1777890233.7233324,-3.0,1.0,-61.0
1777890233.7333324,-4.0,1.0,-61.0
1777890233.7433324,-5.0,-2.0,-65.0
1777890233.7533324,-3.0,-3.0,-72.0
1777890233.7633324,-1.0,-2.0,-75.0
1777890233.7733324,0.0,-2.0,-80.0
1777890233.7833323,-4.0,-4.0,-78.0
1777890233.7933323,-3.0,-3.0,-78.0
1777890233.8033323,3.0,-1.0,-80.0
1777890233.8133323,0.0,-3.0,-81.0
1777890233.8233323,4.0,0.0,-81.0
1777890233.8333323,2.0,0.0,-75.0
1777890233.8433323,4.0,-3.0,-69.0
1777890233.8533323,5.0,-2.0,-67.0
1777890233.8633325,5.0,0.0,-74.0
1777890233.8733325,4.0,-1.0,-72.0
1777890233.8833325,0.0,0.0,-68.0
1777890233.8933325,-6.0,-1.0,-68.0
1777890233.9033325,-4.0,1.0,-71.0
1777890233.9133325,-7.0,2.0,-70.0
1777890233.9233325,-3.0,0.0,-72.0
1777890233.9333324,1.0,-4.0,-82.0
1777890233.9433324,5.0,-5.0,-83.0
1777890233.9533324,0.0,-5.0,-77.0
1777890233.9633324,-5.0,-5.0,-75.0
1777890233.9733324,-2.0,-2.0,-68.0
1777890233.9833324,3.0,-3.0,-67.0
1777890233.9933324,8.0,-1.0,-64.0
1777890234.0033324,8.0,-1.0,-76.0
1777890234.0133324,8.0,-2.0,-76.0
1777890234.0233324,7.0,-2.0,-74.0
1777890234.0333323,6.0,-6.0,-78.0
1777890234.0433323,1.0,-5.0,-82.0
1777890234.0533323,4.0,-3.0,-81.0
1777890234.0633323,-1.0,-2.0,-79.0
1777890234.0733323,0.0,-1.0,-71.0
1777890234.0833323,0.0,-1.0,-71.0
1777890234.0933323,2.0,0.0,-70.0
1777890234.1033323,2.0,0.0,-70.0
1777890234.1133325,0.0,2.0,-74.0
1777890234.1233325,0.0,5.0,-74.0
1777890234.1333325,3.0,0.0,-74.0
1777890234.1433325,4.0,-3.0,-71.0
1777890234.1533325,2.0,-3.0,-70.0
1777890234.1633325,0.0,-5.0,-72.0
1777890234.1733325,-3.0,-6.0,-67.0
1777890234.1833324,-1.0,-3.0,-60.0
1777890234.1933324,0.0,-1.0,-55.0
1777890234.2033324,0.0,0.0,-55.0
1777890234.2133324,0.0,2.0,-60.0
1777890234.2233324,0.0,2.0,-60.0
1777890234.2333324,4.0,0.0,-64.0
1777890234.2433324,3.0,-4.0,-72.0
1777890234.2533324,-2.0,-5.0,-69.0
1777890234.2633324,-3.0,-2.0,-69.0
1777890234.2733324,-2.0,0.0,-67.0
1777890234.2833323,-1.0,2.0,-71.0
1777890234.2933323,0.0,2.0,-80.0
1777890234.3043325,-2.0,2.0,-82.0
1777890234.3133323,0.0,3.0,-85.0
1777890234.3233323,0.0,2.0,-79.0
1777890234.3343325,-1.0,0.0,-79.0
1777890234.3443325,-1.0,-2.0,-80.0
1777890234.3543324,0.0,-2.0,-83.0
1777890234.3643324,-1.0,0.0,-79.0
1777890234.3743324,4.0,0.0,-74.0
1777890234.3843324,6.0,-2.0,-73.0
1777890234.3943324,8.0,0.0,-75.0
1777890234.4043324,8.0,-1.0,-76.0
1777890234.4143324,7.0,0.0,-76.0
1777890234.4243324,3.0,3.0,-77.0
1777890234.4343324,4.0,3.0,-76.0
1777890234.4443324,4.0,1.0,-79.0
1777890234.4543324,3.0,3.0,-79.0
1777890234.4643323,5.0,3.0,-77.0
1777890234.4743323,8.0,3.0,-75.0
1777890234.4843323,9.0,0.0,-80.0
1777890234.4943323,11.0,-1.0,-81.0
1777890234.5043323,14.0,0.0,-81.0
1777890234.5143323,10.0,1.0,-77.0
1777890234.5243323,15.0,-2.0,-76.0
1777890234.5343325,14.0,0.0,-77.0
1777890234.5443325,11.0,0.0,-79.0
1777890234.5543325,3.0,0.0,-77.0
1777890234.5643325,4.0,-1.0,-78.0
1777890234.5743325,2.0,0.0,-69.0
1777890234.5843325,0.0,-2.0,-69.0
1777890234.5943325,0.0,-4.0,-63.0
1777890234.6043324,3.0,-6.0,-62.0
1777890234.6143324,1.0,-4.0,-63.0
1777890234.6243324,-6.0,0.0,-69.0
1777890234.6343324,-9.0,1.0,-72.0
1777890234.6443324,-6.0,0.0,-70.0
1777890234.6543324,-3.0,-1.0,-77.0
1777890234.6643324,-2.0,2.0,-77.0
1777890234.6743324,0.0,-2.0,-74.0
1777890234.6843324,-1.0,-4.0,-79.0
1777890234.6943324,1.0,-4.0,-78.0
1777890234.7043324,-1.0,-1.0,-82.0
1777890234.7143323,-1.0,0.0,-84.0
1777890234.7243323,-1.0,4.0,-81.0
1777890234.7343323,-1.0,1.0,-83.0
1777890234.7443323,0.0,-1.0,-78.0
1777890234.7543323,2.0,1.0,-82.0
1777890234.7643323,3.0,2.0,-86.0
1777890234.7743323,0.0,0.0,-81.0
1777890234.7843325,-2.0,0.0,-83.0
1777890234.7943325,-3.0,0.0,-84.0
1777890234.8043325,-2.0,0.0,-90.0
1777890234.8143325,1.0,3.0,-92.0
1777890234.8243325,3.0,2.0,-91.0
1777890234.8343325,0.0,2.0,-88.0
1777890234.8443325,0.0,2.0,-86.0
1777890234.8543324,0.0,5.0,-84.0
1777890234.8643324,0.0,3.0,-82.0
1777890234.8743324,0.0,4.0,-84.0
1777890234.8843324,0.0,4.0,-79.0
1777890234.8943324,3.0,3.0,-77.0
1777890234.9043324,2.0,4.0,-77.0
1777890234.9143324,3.0,0.0,-77.0
1777890234.9243324,7.0,-3.0,-79.0
1777890234.9343324,0.0,0.0,-86.0
1777890234.9443324,0.0,-2.0,-86.0
1777890234.9543324,9.0,-3.0,-81.0
1777890234.9643323,9.0,-4.0,-80.0
1777890234.9743323,5.0,-5.0,-76.0
1777890234.9843323,1.0,-4.0,-77.0
1777890234.9943323,-2.0,-5.0,-76.0
1777890235.0043323,-3.0,-1.0,-69.0
1777890235.0143323,-4.0,-1.0,-73.0
1777890235.0243323,-1.0,-1.0,-74.0
1777890235.0343325,-2.0,0.0,-65.0
1777890235.0443325,5.0,3.0,-66.0
1777890235.0543325,10.0,3.0,-68.0
1777890235.0643325,15.0,2.0,-69.0
1777890235.0743325,7.0,0.0,-67.0
1777890235.0843325,5.0,-5.0,-72.0
1777890235.0943325,6.0,-6.0,-73.0
1777890235.1043324,5.0,-6.0,-68.0
1777890235.1143324,1.0,-3.0,-64.0
1777890235.1243324,0.0,-3.0,-60.0
1777890235.1343324,1.0,-2.0,-63.0
1777890235.1443324,-4.0,1.0,-68.0
1777890235.1543324,-3.0,2.0,-74.0
1777890235.1643324,-1.0,6.0,-74.0
1777890235.1743324,-1.0,4.0,-63.0
1777890235.1843324,2.0,3.0,-65.0
1777890235.1943324,3.0,3.0,-65.0
1777890235.2043324,1.0,2.0,-69.0
1777890235.2143323,6.0,0.0,-60.0
1777890235.2243323,0.0,2.0,-64.0
1777890235.2343323,-1.0,5.0,-68.0
1777890235.2443323,0.0,3.0,-72.0
1777890235.2543323,-1.0,5.0,-74.0
1777890235.2643323,-2.0,5.0,-72.0
1777890235.2743323,-5.0,3.0,-75.0
1777890235.2843325,-3.0,7.0,-72.0
1777890235.2943325,0.0,5.0,-74.0
1777890235.3043325,0.0,7.0,-79.0
1777890235.3143325,-4.0,6.0,-83.0
1777890235.3243325,0.0,3.0,-84.0
1777890235.3343325,3.0,6.0,-86.0
1777890235.3443325,5.0,8.0,-88.0
1777890235.3543324,2.0,4.0,-87.0
1777890235.3643324,2.0,2.0,-83.0
1777890235.3743324,4.0,3.0,-77.0
1777890235.3843324,6.0,6.0,-77.0
1777890235.3943324,5.0,6.0,-71.0
1777890235.4043324,8.0,4.0,-74.0
1777890235.4143324,5.0,5.0,-75.0
1777890235.4243324,1.0,3.0,-74.0
1777890235.4343324,-1.0,4.0,-71.0
1777890235.4443324,-2.0,2.0,-71.0
1777890235.4543324,-1.0,0.0,-74.0
1777890235.4643323,-2.0,-2.0,-74.0
1777890235.4743323,0.0,-1.0,-78.0
1777890235.4843323,-6.0,-7.0,-78.0
1777890235.4943323,-8.0,-4.0,-80.0
1777890235.5043323,-5.0,-1.0,-79.0
1777890235.5143323,-4.0,-2.0,-81.0
1777890235.5243323,-5.0,-4.0,-79.0
1777890235.5343325,-4.0,-6.0,-79.0
1777890235.5443325,-7.0,-3.0,-77.0
1777890235.5543325,0.0,-4.0,-84.0
1777890235.5643325,3.0,0.0,-79.0
1777890235.5743325,0.0,0.0,-74.0
1777890235.5843325,-7.0,-3.0,-73.0
1777890235.5943325,-5.0,-2.0,-68.0
1777890235.6043324,-8.0,1.0,-72.0
1777890235.6143324,-6.0,-3.0,-76.0
1777890235.6243324,0.0,-6.0,-77.0
1777890235.6343324,1.0,-4.0,-80.0
1777890235.6443324,-2.0,-3.0,-79.0
1777890235.6543324,-3.0,-3.0,-79.0
1777890235.6643324,-6.0,-5.0,-78.0
1777890235.6743324,-1.0,-11.0,-77.0
1777890235.6843324,1.0,-11.0,-74.0
1777890235.6943324,0.0,-12.0,-75.0
1777890235.7043324,-5.0,-6.0,-76.0
1777890235.7143323,-4.0,-5.0,-76.0
1777890235.7243323,-4.0,-2.0,-69.0
1777890235.7343323,0.0,-4.0,-67.0
1777890235.7443323,1.0,0.0,-69.0
1777890235.7543323,3.0,-3.0,-64.0
1777890235.7643323,2.0,-5.0,-64.0
1777890235.7743323,4.0,-3.0,-69.0
1777890235.7843325,1.0,-7.0,-65.0
1777890235.7943325,1.0,-4.0,-60.0
1777890235.8043325,2.0,0.0,-59.0
1777890235.8143325,5.0,1.0,-63.0
1777890235.8243325,3.0,3.0,-64.0
1777890235.8343325,3.0,2.0,-62.0
1777890235.8443325,0.0,0.0,-60.0
1777890235.8543324,-1.0,-2.0,-68.0
1777890235.8643324,-4.0,-2.0,-71.0
1777890235.8743324,-10.0,-2.0,-71.0
1777890235.8843324,-11.0,-4.0,-79.0
1777890235.8943324,-8.0,-1.0,-82.0
1777890235.9043324,-1.0,-1.0,-83.0
1777890235.9143324,-5.0,0.0,-84.0
1777890235.9243324,-4.0,0.0,-84.0
1777890235.9343324,0.0,0.0,-77.0
1777890235.9443324,0.0,-4.0,-76.0
1777890235.9543324,-4.0,-3.0,-75.0
1777890235.9643323,-2.0,-4.0,-79.0
1777890235.9743323,-3.0,-3.0,-82.0
1777890235.9843323,-2.0,0.0,-82.0
1777890235.9943323,-1.0,0.0,-81.0
1777890236.0043323,0.0,2.0,-79.0
1777890236.0143323,5.0,4.0,-76.0
1777890236.0243323,9.0,0.0,-78.0
1777890236.0343325,8.0,-4.0,-75.0
1777890236.0443325,9.0,-5.0,-76.0
1777890236.0543325,8.0,-4.0,-76.0
1777890236.0643325,8.0,-5.0,-72.0
1777890236.0743325,9.0,-3.0,-67.0
1777890236.0843325,6.0,0.0,-69.0
1777890236.0943325,5.0,2.0,-70.0
1777890236.1043324,4.0,2.0,-76.0
1777890236.1143324,-2.0,0.0,-76.0
1777890236.1243324,-7.0,0.0,-79.0
1777890236.1343324,-5.0,1.0,-77.0
1777890236.1443324,-3.0,0.0,-77.0
1777890236.1543324,-4.0,-5.0,-79.0
1777890236.1643324,-2.0,-4.0,-72.0
1777890236.1743324,1.0,-5.0,-72.0
1777890236.1843324,-4.0,-5.0,-68.0
1777890236.1943324,-3.0,-6.0,-67.0
1777890236.2043324,-4.0,-5.0,-70.0
1777890236.2143323,0.0,0.0,-72.0
1777890236.2243323,0.0,0.0,-71.0
1777890236.2343323,-2.0,-3.0,-67.0
1777890236.2443323,3.0,-4.0,-69.0
1777890236.2543323,3.0,-4.0,-73.0
1777890236.2643323,6.0,-6.0,-76.0
1777890236.2743323,2.0,-5.0,-82.0
1777890236.2853324,4.0,0.0,-79.0
1777890236.2953324,0.0,-1.0,-73.0
1777890236.3053324,4.0,-1.0,-76.0
1777890236.3143325,0.0,-3.0,-80.0
1777890236.3253324,-3.0,-5.0,-82.0
1777890236.3353324,-5.0,-3.0,-87.0
1777890236.3453324,-4.0,-5.0,-91.0
1777890236.3553324,-5.0,-2.0,-88.0
1777890236.3653324,-6.0,0.0,-88.0
1777890236.3753324,-3.0,0.0,-87.0
1777890236.3853323,1.0,0.0,-86.0
1777890236.3943324,2.0,-1.0,-86.0
1777890236.4053323,8.0,-5.0,-83.0
1777890236.4153323,6.0,-4.0,-76.0
1777890236.4253323,3.0,-1.0,-73.0
1777890236.4353323,2.0,0.0,-72.0
1777890236.4453323,1.0,-1.0,-68.0
1777890236.4553325,2.0,-8.0,-68.0
1777890236.4653325,8.0,-6.0,-72.0
1777890236.4753325,5.0,-8.0,-75.0
1777890236.4853325,2.0,-7.0,-81.0
1777890236.4953325,-2.0,-7.0,-80.0
1777890236.5053325,0.0,-7.0,-75.0
1777890236.5153325,-1.0,-3.0,-87.0
1777890236.5253325,-5.0,-2.0,-85.0
1777890236.5353324,-3.0,-4.0,-87.0
1777890236.5453324,1.0,-3.0,-78.0
1777890236.5553324,1.0,-4.0,-76.0
1777890236.5653324,2.0,-4.0,-70.0
1777890236.5753324,0.0,-6.0,-71.0
1777890236.5853324,1.0,-1.0,-73.0
1777890236.5953324,3.0,-2.0,-66.0
1777890236.6053324,6.0,-1.0,-66.0
1777890236.6153324,-1.0,0.0,-73.0
1777890236.6253324,0.0,0.0,-66.0
1777890236.6353323,1.0,2.0,-67.0
1777890236.6453323,3.0,1.0,-71.0
1777890236.6553323,1.0,0.0,-72.0
1777890236.6653323,3.0,2.0,-74.0
1777890236.6753323,3.0,1.0,-68.0
1777890236.6853323,-2.0,2.0,-69.0
1777890236.6953323,-1.0,0.0,-80.0
1777890236.7053325,1.0,0.0,-79.0
1777890236.7153325,-1.0,1.0,-74.0
1777890236.7253325,0.0,1.0,-72.0
1777890236.7353325,-2.0,5.0,-67.0
1777890236.7453325,0.0,2.0,-64.0
1777890236.7553325,0.0,-2.0,-69.0
1777890236.7653325,-1.0,1.0,-64.0
1777890236.7753325,0.0,0.0,-62.0
1777890236.7853324,0.0,-2.0,-63.0
1777890236.7953324,-1.0,1.0,-63.0
1777890236.8053324,-1.0,0.0,-64.0
1777890236.8153324,-1.0,0.0,-67.0
1777890236.8253324,-1.0,0.0,-66.0
1777890236.8353324,2.0,3.0,-65.0
1777890236.8453324,-3.0,6.0,-67.0
1777890236.8553324,-4.0,6.0,-70.0
1777890236.8653324,0.0,2.0,-72.0
1777890236.8753324,0.0,4.0,-76.0
1777890236.8853323,0.0,2.0,-82.0
1777890236.8953323,1.0,6.0,-79.0
1777890236.9053323,0.0,3.0,-75.0
1777890236.9153323,-3.0,4.0,-71.0
1777890236.9253323,-1.0,1.0,-65.0
1777890236.9353323,-4.0,-2.0,-67.0
1777890236.9453323,-6.0,1.0,-73.0
1777890236.9553325,-9.0,1.0,-75.0
1777890236.9653325,-10.0,3.0,-73.0
1777890236.9753325,-8.0,6.0,-71.0
1777890236.9853325,-4.0,1.0,-74.0
1777890236.9953325,-3.0,-4.0,-76.0
1777890237.0053325,-1.0,-1.0,-79.0
1777890237.0153325,-2.0,4.0,-77.0
1777890237.0253325,0.0,6.0,-72.0
1777890237.0353324,2.0,4.0,-74.0
1777890237.0453324,7.0,4.0,-73.0
1777890237.0553324,6.0,3.0,-78.0
1777890237.0653324,5.0,0.0,-73.0
1777890237.0753324,2.0,-2.0,-73.0
1777890237.0853324,0.0,-3.0,-75.0
1777890237.0953324,2.0,-2.0,-82.0
1777890237.1053324,0.0,1.0,-81.0
1777890237.1153324,0.0,2.0,-79.0
1777890237.1253324,1.0,0.0,-82.0
1777890237.1353323,1.0,1.0,-81.0
1777890237.1453323,4.0,-2.0,-80.0
1777890237.1553323,2.0,0.0,-83.0
1777890237.1653323,4.0,-1.0,-76.0
1777890237.1753323,5.0,6.0,-70.0
1777890237.1853323,5.0,7.0,-70.0
1777890237.1953323,-2.0,9.0,-70.0
1777890237.2053325,-7.0,8.0,-67.0
1777890237.2153325,-9.0,5.0,-68.0
1777890237.2253325,-6.0,3.0,-73.0
1777890237.2353325,-7.0,2.0,-70.0
1777890237.2453325,-11.0,-2.0,-73.0
1777890237.2553325,-6.0,-3.0,-70.0
1777890237.2653325,-5.0,-8.0,-77.0
1777890237.2753325,-2.0,-8.0,-78.0
1777890237.2853324,-4.0,-7.0,-75.0
1777890237.2953324,-2.0,-6.0,-83.0
1777890237.3053324,-3.0,0.0,-80.0
1777890237.3153324,-1.0,1.0,-82.0
1777890237.3253324,-2.0,0.0,-82.0
1777890237.3353324,3.0,-4.0,-85.0
1777890237.3453324,2.0,0.0,-82.0
1777890237.3553324,4.0,-1.0,-80.0
1777890237.3653324,4.0,-1.0,-80.0
1777890237.3753324,4.0,-3.0,-78.0
1777890237.3853323,5.0,-2.0,-77.0
1777890237.3953323,7.0,0.0,-75.0
1777890237.4053323,5.0,5.0,-73.0
1777890237.4153323,10.0,6.0,-74.0
1777890237.4253323,12.0,5.0,-71.0
1777890237.4353323,6.0,3.0,-72.0
1777890237.4453323,5.0,7.0,-73.0
1777890237.4553325,8.0,7.0,-69.0
1777890237.4653325,2.0,3.0,-68.0
1777890237.4753325,-1.0,3.0,-64.0
1777890237.4853325,2.0,4.0,-70.0
1777890237.4953325,-1.0,3.0,-68.0
1777890237.5053325,-1.0,3.0,-69.0
1777890237.5153325,-1.0,1.0,-71.0
1777890237.5253325,-2.0,1.0,-72.0
1777890237.5353324,-2.0,-1.0,-77.0
1777890237.5453324,-3.0,0.0,-79.0
1777890237.5553324,-2.0,2.0,-79.0
1777890237.5653324,1.0,6.0,-82.0
1777890237.5753324,-3.0,1.0,-83.0
1777890237.5853324,-10.0,-1.0,-79.0
1777890237.5953324,-8.0,-5.0,-79.0
1777890237.6053324,-5.0,0.0,-80.0
1777890237.6153324,-8.0,-2.0,-84.0
1777890237.6253324,-7.0,0.0,-79.0
1777890237.6353323,-5.0,0.0,-75.0
1777890237.6453323,-3.0,1.0,-76.0
1777890237.6553323,-3.0,4.0,-78.0
1777890237.6653323,-4.0,5.0,-82.0
1777890237.6763325,-6.0,9.0,-81.0
1777890237.6853323,-2.0,8.0,-74.0
1777890237.6953323,1.0,6.0,-70.0
1777890237.7053325,3.0,4.0,-67.0
1777890237.7153325,4.0,2.0,-70.0
1777890237.7253325,0.0,1.0,-76.0
1777890237.7353325,-2.0,6.0,-79.0
1777890237.7453325,1.0,1.0,-82.0
1777890237.7553325,-2.0,-1.0,-76.0
1777890237.7653325,-6.0,-3.0,-76.0
1777890237.7753325,-5.0,-7.0,-74.0
1777890237.7853324,-5.0,-7.0,-69.0
1777890237.7953324,-3.0,-6.0,-69.0
1777890237.8053324,-2.0,-6.0,-70.0
1777890237.8153324,-3.0,-9.0,-76.0
1777890237.8253324,-3.0,-5.0,-80.0
1777890237.8353324,-6.0,-4.0,-78.0
1777890237.8453324,-3.0,-3.0,-80.0
1777890237.8553324,-1.0,0.0,-77.0
1777890237.8653324,0.0,0.0,-76.0
1777890237.8753324,1.0,0.0,-73.0
1777890237.8853323,0.0,3.0,-74.0
1777890237.8953323,0.0,0.0,-66.0
1777890237.9053323,0.0,0.0,-66.0
1777890237.9153323,3.0,0.0,-66.0
1777890237.9253323,1.0,-1.0,-70.0
1777890237.9353323,1.0,-3.0,-66.0
1777890237.9453323,0.0,-2.0,-75.0
1777890237.9553325,0.0,0.0,-69.0
1777890237.9653325,1.0,2.0,-69.0
1777890237.9753325,4.0,-2.0,-71.0
1777890237.9853325,0.0,0.0,-74.0
1777890237.9953325,0.0,-2.0,-80.0
1777890238.0053325,0.0,-4.0,-78.0
1777890238.0153325,-3.0,-7.0,-77.0
1777890238.0253325,-6.0,-8.0,-74.0
1777890238.0353324,-7.0,-6.0,-72.0
1777890238.0453324,-4.0,-8.0,-77.0
1777890238.0553324,-1.0,-5.0,-79.0
1777890238.0653324,0.0,-3.0,-80.0
1777890238.0753324,0.0,0.0,-79.0
1777890238.0853324,2.0,-2.0,-81.0
1777890238.0953324,3.0,2.0,-85.0
1777890238.1053324,4.0,5.0,-79.0
1777890238.1153324,1.0,1.0,-87.0
1777890238.1253324,1.0,1.0,-87.0
1777890238.1353323,1.0,6.0,-81.0
1777890238.1453323,2.0,9.0,-74.0
1777890238.1553323,4.0,8.0,-70.0
1777890238.1653323,9.0,4.0,-71.0
1777890238.1753323,7.0,7.0,-72.0
1777890238.1853323,7.0,8.0,-75.0
1777890238.1953323,8.0,8.0,-78.0
1777890238.2053325,3.0,8.0,-78.0
1777890238.2153325,-1.0,3.0,-71.0
1777890238.2253325,1.0,2.0,-65.0
1777890238.2353325,3.0,-4.0,-62.0
1777890238.2453325,2.0,-6.0,-59.0
1777890238.2563324,0.0,-6.0,-61.0
1777890238.2653325,0.0,0.0,-67.0
1777890238.2753325,0.0,-2.0,-66.0
1777890238.2863324,0.0,-3.0,-64.0
1777890238.2963324,-1.0,-1.0,-69.0
1777890238.3063323,-2.0,-1.0,-70.0
1777890238.3163323,0.0,0.0,-69.0
1777890238.3263323,4.0,1.0,-63.0
1777890238.3363323,5.0,3.0,-64.0
1777890238.3463323,2.0,0.0,-70.0
1777890238.3563323,-1.0,0.0,-69.0
1777890238.3663323,-3.0,-3.0,-66.0
1777890238.3763323,-1.0,-4.0,-72.0
1777890238.3863325,-1.0,0.0,-71.0
1777890238.3963325,1.0,6.0,-76.0
1777890238.4063325,0.0,9.0,-78.0
1777890238.4163325,0.0,7.0,-77.0
1777890238.4263325,1.0,1.0,-72.0
1777890238.4363325,3.0,0.0,-71.0
1777890238.4463325,5.0,0.0,-67.0
1777890238.4563324,4.0,-5.0,-70.0
1777890238.4663324,1.0,-8.0,-74.0
1777890238.4763324,-2.0,-7.0,-81.0
1777890238.4863324,0.0,-9.0,-77.0
1777890238.4963324,2.0,-6.0,-83.0
1777890238.5063324,0.0,-8.0,-85.0
1777890238.5163324,2.0,-7.0,-87.0
1777890238.5263324,5.0,-5.0,-87.0
1777890238.5363324,3.0,-6.0,-93.0
1777890238.5463324,4.0,-4.0,-89.0
1777890238.5563323,1.0,-9.0,-84.0
1777890238.5663323,5.0,-6.0,-84.0
1777890238.5763323,3.0,-3.0,-79.0
1777890238.5863323,-1.0,-3.0,-82.0
1777890238.5963323,0.0,-1.0,-79.0
1777890238.6063323,-2.0,0.0,-72.0
1777890238.6163323,-2.0,0.0,-76.0
1777890238.6263323,2.0,-1.0,-77.0
1777890238.6363325,4.0,-3.0,-78.0
1777890238.6463325,0.0,-1.0,-77.0
1777890238.6563325,-3.0,-2.0,-75.0
1777890238.6663325,-4.0,-6.0,-73.0
1777890238.6763325,-6.0,-2.0,-77.0
1777890238.6863325,-1.0,1.0,-80.0
1777890238.6963325,1.0,4.0,-82.0
1777890238.7063324,4.0,1.0,-81.0
1777890238.7163324,5.0,-1.0,-80.0
1777890238.7263324,2.0,-5.0,-73.0
1777890238.7363324,0.0,-6.0,-72.0
1777890238.7463324,-4.0,-2.0,-64.0
1777890238.7563324,-2.0,0.0,-62.0
1777890238.7663324,-2.0,1.0,-66.0
1777890238.7763324,-3.0,2.0,-70.0
1777890238.7863324,3.0,0.0,-72.0
1777890238.7963324,5.0,1.0,-67.0
1777890238.8063323,5.0,0.0,-68.0
1777890238.8163323,1.0,2.0,-73.0
1777890238.8263323,1.0,4.0,-73.0
1777890238.8363323,-1.0,2.0,-76.0
1777890238.8463323,-3.0,2.0,-77.0
1777890238.8563323,-2.0,4.0,-72.0
1777890238.8663323,-2.0,1.0,-74.0
1777890238.8763323,-3.0,-2.0,-79.0
1777890238.8863325,-1.0,-3.0,-81.0
1777890238.8963325,-2.0,-7.0,-78.0
1777890238.9063325,-1.0,-6.0,-73.0
1777890238.9163325,0.0,-3.0,-76.0
1777890238.9263325,-1.0,-1.0,-70.0
1777890238.9363325,-2.0,1.0,-70.0
1777890238.9463325,0.0,2.0,-69.0
1777890238.9563324,0.0,3.0,-68.0
1777890238.9663324,3.0,5.0,-68.0
1777890238.9763324,3.0,5.0,-66.0
1777890238.9863324,5.0,5.0,-70.0
1777890238.9963324,8.0,9.0,-68.0
1777890239.0063324,9.0,4.0,-68.0
1777890239.0163324,6.0,5.0,-71.0
1777890239.0263324,6.0,3.0,-68.0
1777890239.0363324,4.0,3.0,-64.0
1777890239.0463324,4.0,0.0,-65.0
1777890239.0563323,6.0,-1.0,-65.0
1777890239.0663323,4.0,-1.0,-68.0
1777890239.0763323,4.0,-1.0,-71.0
1777890239.0863323,3.0,-4.0,-70.0
1777890239.0963323,3.0,-4.0,-72.0
1777890239.1063323,1.0,-5.0,-76.0
1777890239.1163323,-1.0,-4.0,-75.0
1777890239.1263323,0.0,-5.0,-71.0
1777890239.1363325,0.0,0.0,-73.0
1777890239.1463325,3.0,-3.0,-75.0
1777890239.1563325,4.0,-4.0,-66.0
1777890239.1663325,0.0,-8.0,-66.0
1777890239.1763325,0.0,-5.0,-71.0
1777890239.1863325,0.0,-2.0,-76.0
1777890239.1963325,-2.0,-2.0,-75.0
1777890239.2063324,-1.0,-4.0,-74.0
1777890239.2163324,2.0,-6.0,-68.0
1777890239.2263324,4.0,-4.0,-70.0
1777890239.2363324,3.0,0.0,-72.0
1777890239.2463324,3.0,0.0,-68.0
1777890239.2563324,4.0,-2.0,-71.0
1777890239.2663324,4.0,-3.0,-81.0
1777890239.2763324,1.0,-2.0,-82.0
1777890239.2863324,0.0,-1.0,-80.0
1777890239.2963324,2.0,2.0,-79.0
1777890239.3063323,4.0,0.0,-74.0
1777890239.3163323,2.0,2.0,-68.0
1777890239.3263323,0.0,5.0,-72.0
1777890239.3363323,1.0,6.0,-71.0
1777890239.3463323,2.0,4.0,-72.0
1777890239.3563323,0.0,1.0,-76.0
1777890239.3663323,2.0,4.0,-80.0
1777890239.3763323,1.0,6.0,-78.0
1777890239.3863325,0.0,4.0,-77.0
1777890239.3963325,0.0,0.0,-74.0
1777890239.4063325,0.0,2.0,-71.0
1777890239.4163325,-4.0,0.0,-74.0
1777890239.4263325,-3.0,1.0,-78.0
1777890239.4363325,-2.0,4.0,-79.0
1777890239.4463325,-3.0,2.0,-76.0
1777890239.4563324,-1.0,-2.0,-75.0
1777890239.4663324,0.0,-3.0,-80.0
1777890239.4763324,2.0,-3.0,-76.0
1777890239.4863324,-2.0,-2.0,-76.0
1777890239.4963324,-5.0,-7.0,-79.0
1777890239.5063324,-2.0,-11.0,-73.0
1777890239.5163324,0.0,-9.0,-72.0
1777890239.5263324,0.0,-6.0,-74.0
1777890239.5363324,0.0,-7.0,-72.0
1777890239.5463324,-2.0,-7.0,-77.0
1777890239.5563323,-1.0,-1.0,-75.0
1777890239.5663323,-3.0,-4.0,-76.0
1777890239.5763323,-1.0,-5.0,-74.0
1777890239.5863323,3.0,-4.0,-71.0
1777890239.5963323,-2.0,-6.0,-66.0
1777890239.6063323,-2.0,-4.0,-68.0
1777890239.6163323,-1.0,-2.0,-73.0
1777890239.6263323,1.0,0.0,-72.0
1777890239.6363325,4.0,0.0,-77.0
1777890239.6463325,3.0,-1.0,-75.0
1777890239.6563325,2.0,-1.0,-80.0
1777890239.6663325,5.0,0.0,-78.0
1777890239.6763325,6.0,-4.0,-76.0
1777890239.6863325,1.0,-2.0,-78.0
1777890239.6963325,-1.0,-3.0,-78.0
1777890239.7063324,-1.0,-2.0,-77.0
1777890239.7163324,2.0,1.0,-74.0
1777890239.7263324,5.0,4.0,-73.0
1777890239.7363324,2.0,4.0,-74.0
1777890239.7463324,4.0,5.0,-74.0
1777890239.7563324,4.0,5.0,-72.0
1777890239.7663324,7.0,4.0,-73.0
1777890239.7763324,4.0,1.0,-77.0
1777890239.7863324,3.0,1.0,-81.0
1777890239.7963324,4.0,0.0,-74.0
1777890239.8063323,5.0,0.0,-74.0
1777890239.8163323,4.0,1.0,-73.0
1777890239.8263323,-1.0,3.0,-72.0
1777890239.8363323,0.0,3.0,-74.0
1777890239.8463323,0.0,0.0,-68.0
1777890239.8563323,-1.0,3.0,-80.0
1777890239.8663323,-1.0,6.0,-85.0
1777890239.8763323,0.0,1.0,-83.0
1777890239.8863325,4.0,3.0,-80.0
1777890239.8963325,2.0,2.0,-77.0
1777890239.9063325,1.0,-3.0,-80.0
1777890239.9163325,0.0,0.0,-75.0
1777890239.9263325,0.0,0.0,-74.0
1777890239.9363325,-2.0,-1.0,-76.0
1777890239.9463325,-1.0,-4.0,-77.0
1777890239.9563324,-5.0,-6.0,-70.0
1777890239.9663324,-6.0,-1.0,-66.0
1777890239.9763324,-7.0,0.0,-67.0
1777890239.9863324,-4.0,2.0,-68.0
1777890239.9963324,-9.0,4.0,-71.0
1777890240.0063324,-8.0,1.0,-77.0
1777890240.0163324,-8.0,0.0,-83.0
1777890240.0263324,-8.0,4.0,-80.0
1777890240.0363324,-3.0,3.0,-72.0
1777890240.0463324,-3.0,3.0,-71.0
1777890240.0563323,-1.0,3.0,-63.0
1777890240.0663323,-2.0,7.0,-61.0
1777890240.0763323,-1.0,4.0,-60.0
1777890240.0863323,0.0,5.0,-57.0
1777890240.0963323,5.0,5.0,-54.0
1777890240.1063323,3.0,11.0,-58.0
1777890240.1163323,0.0,11.0,-61.0
1777890240.1263323,-1.0,10.0,-66.0
1777890240.1363325,-1.0,4.0,-70.0
1777890240.1463325,-1.0,3.0,-77.0
1777890240.1563325,-2.0,2.0,-80.0
1777890240.1663325,-2.0,3.0,-81.0
1777890240.1763325,-3.0,3.0,-77.0
1777890240.1863325,-6.0,1.0,-75.0
1777890240.1963325,-2.0,1.0,-81.0
1777890240.2063324,-3.0,-1.0,-76.0
1777890240.2163324,-5.0,-4.0,-71.0
1777890240.2263324,-7.0,-2.0,-74.0
1777890240.2363324,-7.0,0.0,-72.0
1777890240.2463324,-2.0,2.0,-74.0
1777890240.2563324,0.0,3.0,-76.0
1777890240.2663324,-1.0,7.0,-82.0
1777890240.2773323,0.0,5.0,-79.0
1777890240.2873323,3.0,7.0,-73.0
1777890240.2973323,3.0,3.0,-71.0
1777890240.3073325,8.0,-2.0,-69.0
1777890240.3173325,7.0,-3.0,-75.0
1777890240.3273325,5.0,-1.0,-73.0
1777890240.3373325,4.0,0.0,-74.0
1777890240.3473325,5.0,1.0,-73.0
1777890240.3573325,3.0,4.0,-77.0
1777890240.3673325,7.0,3.0,-79.0
1777890240.3773324,5.0,-2.0,-85.0
1777890240.3873324,2.0,-2.0,-89.0
1777890240.3973324,0.0,0.0,-89.0
1777890240.4073324,1.0,0.0,-90.0
1777890240.4173324,2.0,3.0,-83.0
1777890240.4273324,1.0,5.0,-79.0
1777890240.4373324,0.0,0.0,-70.0
1777890240.4473324,-1.0,-3.0,-73.0
1777890240.4573324,-1.0,-1.0,-76.0
1777890240.4673324,-2.0,-4.0,-82.0
1777890240.4773324,-7.0,-1.0,-77.0
1777890240.4873323,-4.0,-4.0,-78.0
1777890240.4973323,-5.0,0.0,-78.0
1777890240.5073323,-5.0,4.0,-81.0
1777890240.5173323,-5.0,1.0,-78.0
1777890240.5273323,-2.0,0.0,-80.0
1777890240.5373323,1.0,0.0,-74.0
1777890240.5473323,4.0,0.0,-72.0
1777890240.5573325,5.0,4.0,-70.0
1777890240.5673325,6.0,7.0,-74.0
1777890240.5773325,1.0,8.0,-73.0
1777890240.5873325,2.0,5.0,-68.0
1777890240.5973325,0.0,0.0,-67.0
1777890240.6073325,-2.0,-1.0,-60.0
1777890240.6173325,4.0,-4.0,-68.0
1777890240.6273324,3.0,-4.0,-71.0
1777890240.6373324,3.0,-4.0,-74.0
1777890240.6473324,1.0,-3.0,-69.0
1777890240.6573324,0.0,-2.0,-66.0
1777890240.6673324,3.0,-1.0,-65.0
1777890240.6773324,6.0,0.0,-65.0
1777890240.6873324,5.0,0.0,-72.0
1777890240.6973324,4.0,-2.0,-69.0
1777890240.7073324,1.0,0.0,-73.0
1777890240.7173324,2.0,0.0,-81.0
1777890240.7273324,1.0,0.0,-77.0
1777890240.7373323,2.0,-1.0,-72.0
1777890240.7473323,-1.0,1.0,-72.0
1777890240.7573323,-4.0,1.0,-73.0
1777890240.7673323,-2.0,3.0,-74.0
1777890240.7773323,-1.0,4.0,-76.0
1777890240.7873323,1.0,5.0,-76.0
1777890240.7973323,6.0,5.0,-78.0
1777890240.8073325,5.0,6.0,-77.0
1777890240.8173325,2.0,6.0,-77.0
1777890240.8273325,4.0,3.0,-76.0
1777890240.8373325,0.0,-3.0,-80.0
1777890240.8473325,2.0,-5.0,-75.0
1777890240.8573325,-1.0,-2.0,-69.0
1777890240.8673325,-5.0,-4.0,-69.0
1777890240.8773324,-10.0,-2.0,-70.0
1777890240.8873324,-4.0,-4.0,-74.0
1777890240.8973324,-2.0,-6.0,-78.0
1777890240.9073324,-2.0,-5.0,-79.0
1777890240.9173324,-3.0,0.0,-87.0
1777890240.9273324,-6.0,0.0,-87.0
1777890240.9373324,-2.0,-2.0,-83.0
1777890240.9473324,-3.0,1.0,-76.0
1777890240.9573324,-4.0,0.0,-77.0
1777890240.9673324,2.0,0.0,-86.0
1777890240.9773324,5.0,0.0,-86.0
1777890240.9873323,5.0,-2.0,-80.0
1777890240.9973323,3.0,-8.0,-75.0
1777890241.0073323,0.0,-11.0,-67.0
1777890241.0173323,1.0,-11.0,-70.0
1777890241.0273323,5.0,-9.0,-72.0
1777890241.0373323,7.0,-4.0,-74.0
1777890241.0473323,5.0,-3.0,-78.0
1777890241.0573325,0.0,2.0,-74.0
1777890241.0673325,-4.0,6.0,-79.0
1777890241.0773325,-4.0,1.0,-89.0
1777890241.0873325,-1.0,0.0,-87.0
1777890241.0973325,-2.0,0.0,-81.0
1777890241.1073325,-1.0,1.0,-77.0
1777890241.1173325,4.0,1.0,-74.0
1777890241.1273324,2.0,2.0,-71.0
1777890241.1373324,5.0,1.0,-71.0
1777890241.1473324,1.0,1.0,-69.0
1777890241.1573324,1.0,4.0,-75.0
1777890241.1673324,-5.0,3.0,-72.0
1777890241.1773324,-3.0,3.0,-74.0
1777890241.1873324,0.0,5.0,-77.0
1777890241.1973324,0.0,1.0,-81.0
1777890241.2073324,-4.0,0.0,-77.0
1777890241.2173324,-4.0,0.0,-72.0
1777890241.2273324,-2.0,0.0,-74.0
1777890241.2373323,-4.0,0.0,-71.0
1777890241.2473323,-2.0,-3.0,-64.0
1777890241.2573323,-1.0,-3.0,-66.0
1777890241.2673323,-4.0,-1.0,-68.0
1777890241.2773323,-1.0,1.0,-72.0
1777890241.2873323,-1.0,0.0,-78.0
1777890241.2973323,-1.0,-2.0,-77.0
1777890241.3073325,0.0,-2.0,-76.0
1777890241.3173325,3.0,-4.0,-81.0
1777890241.3273325,3.0,-4.0,-75.0
1777890241.3373325,1.0,-6.0,-70.0
1777890241.3473325,3.0,-7.0,-67.0
1777890241.3573325,1.0,-7.0,-76.0
1777890241.3673325,1.0,-8.0,-77.0
1777890241.3773324,-2.0,-5.0,-80.0
1777890241.3873324,-2.0,-4.0,-85.0
1777890241.3973324,-1.0,-2.0,-77.0
1777890241.4073324,-2.0,-2.0,-86.0
1777890241.4173324,-2.0,-4.0,-87.0
1777890241.4273324,4.0,-2.0,-83.0
1777890241.4373324,3.0,0.0,-85.0
1777890241.4473324,5.0,1.0,-82.0
1777890241.4573324,6.0,-1.0,-81.0
1777890241.4673324,6.0,-1.0,-80.0
1777890241.4773324,9.0,0.0,-75.0
1777890241.4873323,13.0,2.0,-69.0
1777890241.4973323,14.0,2.0,-68.0
1777890241.5073323,7.0,2.0,-70.0
1777890241.5173323,5.0,1.0,-65.0
1777890241.5273323,-1.0,2.0,-57.0
1777890241.5373323,0.0,2.0,-55.0
1777890241.5473323,2.0,3.0,-66.0
1777890241.5573325,7.0,0.0,-74.0
1777890241.5673325,5.0,0.0,-85.0
1777890241.5773325,5.0,-4.0,-84.0
1777890241.5873325,3.0,-6.0,-87.0
1777890241.5973325,4.0,-4.0,-82.0
1777890241.6073325,3.0,-2.0,-83.0
1777890241.6173325,2.0,0.0,-89.0
1777890241.6273324,4.0,1.0,-87.0
1777890241.6373324,4.0,0.0,-82.0
1777890241.6473324,3.0,-8.0,-80.0
1777890241.6573324,-3.0,-7.0,-83.0
1777890241.6673324,0.0,-8.0,-84.0
1777890241.6773324,1.0,-9.0,-81.0
1777890241.6873324,4.0,-10.0,-83.0
1777890241.6973324,6.0,-8.0,-88.0
1777890241.7073324,5.0,-3.0,-87.0
1777890241.7173324,-1.0,-6.0,-79.0
1777890241.7273324,-1.0,-8.0,-74.0
1777890241.7373323,2.0,-8.0,-69.0
1777890241.7473323,5.0,-6.0,-66.0
1777890241.7573323,-1.0,-4.0,-68.0
1777890241.7673323,1.0,-7.0,-71.0
1777890241.7773323,4.0,-10.0,-66.0
1777890241.7873323,5.0,-4.0,-69.0
1777890241.7973323,4.0,-2.0,-73.0
1777890241.8073325,1.0,0.0,-70.0
1777890241.8173325,3.0,3.0,-74.0
1777890241.8273325,7.0,3.0,-75.0
1777890241.8373325,7.0,2.0,-72.0
1777890241.8473325,5.0,0.0,-70.0
1777890241.8573325,5.0,-2.0,-65.0
1777890241.8673325,6.0,-2.0,-77.0
1777890241.8773324,8.0,-1.0,-78.0
1777890241.8873324,3.0,0.0,-78.0
1777890241.8973324,2.0,0.0,-81.0
1777890241.9073324,7.0,2.0,-75.0
1777890241.9173324,6.0,-2.0,-72.0
1777890241.9273324,1.0,0.0,-69.0
1777890241.9373324,0.0,0.0,-76.0
1777890241.9473324,-1.0,6.0,-78.0
1777890241.9573324,0.0,2.0,-76.0
1777890241.9673324,1.0,3.0,-76.0
1777890241.9773324,0.0,4.0,-77.0
1777890241.9873323,0.0,0.0,-77.0
1777890241.9973323,0.0,-3.0,-81.0
1777890242.0073323,0.0,-6.0,-87.0
1777890242.0173323,2.0,-6.0,-86.0
1777890242.0273323,1.0,-5.0,-87.0
1777890242.0373323,1.0,-4.0,-86.0
1777890242.0473323,2.0,-4.0,-76.0
1777890242.0573325,1.0,-2.0,-76.0
1777890242.0673325,-1.0,-1.0,-73.0
1777890242.0773325,-7.0,-1.0,-72.0
1777890242.0873325,-7.0,2.0,-75.0
1777890242.0973325,-5.0,2.0,-71.0
1777890242.1073325,-4.0,0.0,-77.0
1777890242.1173325,-3.0,0.0,-78.0
1777890242.1273324,-2.0,-3.0,-83.0
1777890242.1373324,-1.0,-3.0,-82.0
1777890242.1473324,0.0,-2.0,-80.0
1777890242.1573324,5.0,1.0,-76.0
1777890242.1673324,3.0,0.0,-69.0
1777890242.1773324,2.0,0.0,-77.0
1777890242.1873324,2.0,0.0,-71.0
1777890242.1973324,5.0,4.0,-75.0
1777890242.2073324,8.0,4.0,-74.0
1777890242.2173324,6.0,1.0,-75.0
1777890242.2273324,1.0,0.0,-75.0
1777890242.2373323,3.0,-1.0,-75.0
1777890242.2473323,5.0,-2.0,-73.0
1777890242.2573323,7.0,0.0,-72.0
1777890242.2683325,5.0,-5.0,-72.0
1777890242.2783325,3.0,-5.0,-71.0
1777890242.2883325,4.0,-2.0,-69.0
1777890242.2983325,11.0,-1.0,-64.0
1777890242.3083324,8.0,0.0,-65.0
1777890242.3183324,6.0,1.0,-68.0
1777890242.3283324,5.0,-1.0,-77.0
1777890242.3383324,7.0,0.0,-81.0
1777890242.3483324,4.0,-3.0,-82.0
1777890242.3583324,6.0,3.0,-83.0
1777890242.3683324,2.0,4.0,-80.0
1777890242.3783324,0.0,0.0,-74.0
1777890242.3883324,-2.0,0.0,-74.0
1777890242.3983324,-1.0,-1.0,-77.0
1777890242.4083323,-2.0,-5.0,-80.0
1777890242.4183323,-1.0,-6.0,-81.0
1777890242.4283323,0.0,-4.0,-72.0
1777890242.4383323,1.0,-5.0,-67.0
1777890242.4483323,5.0,-8.0,-65.0
1777890242.4583323,1.0,-11.0,-64.0
1777890242.4683323,-2.0,-6.0,-71.0
1777890242.4783323,-2.0,-6.0,-73.0
1777890242.4883325,-3.0,-4.0,-71.0
1777890242.4983325,0.0,-3.0,-72.0
1777890242.5083325,5.0,-5.0,-67.0
1777890242.5183325,4.0,-6.0,-69.0
1777890242.5283325,5.0,-5.0,-69.0
1777890242.5383325,8.0,-2.0,-76.0
1777890242.5483325,10.0,-4.0,-72.0
1777890242.5583324,4.0,-8.0,-75.0
1777890242.5683324,2.0,-8.0,-71.0
1777890242.5783324,-2.0,-4.0,-66.0
1777890242.5883324,0.0,-4.0,-68.0
1777890242.5983324,3.0,-3.0,-67.0
1777890242.6083324,0.0,-1.0,-69.0
1777890242.6183324,0.0,-3.0,-70.0
1777890242.6283324,1.0,0.0,-74.0
1777890242.6383324,1.0,-3.0,-75.0
1777890242.6483324,0.0,-6.0,-75.0
1777890242.6583323,-1.0,-5.0,-79.0
1777890242.6683323,-3.0,-6.0,-81.0
1777890242.6783323,-5.0,-4.0,-76.0
1777890242.6883323,-2.0,-2.0,-69.0
1777890242.6983323,-3.0,-1.0,-66.0
1777890242.7083323,-2.0,0.0,-68.0
1777890242.7183323,0.0,2.0,-72.0
1777890242.7283323,0.0,1.0,-69.0
1777890242.7383325,2.0,1.0,-72.0
1777890242.7483325,2.0,1.0,-72.0
1777890242.7583325,3.0,2.0,-73.0
1777890242.7683325,2.0,4.0,-73.0
1777890242.7783325,3.0,4.0,-71.0
1777890242.7883325,3.0,7.0,-70.0
1777890242.7983325,1.0,5.0,-69.0
1777890242.8083324,-2.0,2.0,-69.0
1777890242.8183324,1.0,3.0,-71.0
1777890242.8283324,0.0,3.0,-72.0
1777890242.8383324,-1.0,3.0,-75.0
1777890242.8483324,-1.0,3.0,-75.0
1777890242.8583324,0.0,5.0,-78.0
1777890242.8683324,1.0,4.0,-80.0
1777890242.8783324,0.0,7.0,-76.0
1777890242.8883324,3.0,0.0,-78.0
1777890242.8983324,7.0,-1.0,-85.0
1777890242.9083323,3.0,0.0,-86.0
1777890242.9183323,0.0,-2.0,-85.0
1777890242.9283323,-1.0,-3.0,-83.0
1777890242.9383323,-2.0,0.0,-81.0
1777890242.9483323,0.0,0.0,-82.0
1777890242.9583323,4.0,-4.0,-79.0
1777890242.9683323,3.0,2.0,-81.0
1777890242.9783323,4.0,0.0,-71.0
1777890242.9883325,9.0,-3.0,-76.0
1777890242.9983325,3.0,-4.0,-71.0
1777890243.0083325,5.0,-3.0,-75.0
1777890243.0183325,6.0,-5.0,-78.0
1777890243.0283325,1.0,-1.0,-87.0
1777890243.0383325,-4.0,-2.0,-90.0
1777890243.0483325,-4.0,-5.0,-77.0
1777890243.0583324,-7.0,-7.0,-72.0
1777890243.0683324,-7.0,-8.0,-74.0
1777890243.0783324,-7.0,-8.0,-70.0
1777890243.0883324,-2.0,-6.0,-75.0
1777890243.0983324,-3.0,-7.0,-69.0
1777890243.1083324,2.0,-3.0,-71.0
1777890243.1183324,0.0,0.0,-71.0
1777890243.1283324,0.0,0.0,-69.0
1777890243.1383324,-4.0,-1.0,-72.0
1777890243.1483324,-3.0,-3.0,-74.0
1777890243.1583323,-5.0,-7.0,-78.0
1777890243.1683323,-4.0,-3.0,-74.0
1777890243.1783323,-1.0,-1.0,-71.0
1777890243.1883323,0.0,-6.0,-74.0
1777890243.1983323,4.0,-11.0,-82.0
1777890243.2083323,9.0,-9.0,-85.0
1777890243.2183323,6.0,-5.0,-79.0
1777890243.2283323,6.0,-5.0,-79.0
1777890243.2383325,0.0,-1.0,-71.0
1777890243.2483325,-2.0,0.0,-64.0
1777890243.2583325,1.0,3.0,-60.0
1777890243.2683325,-4.0,0.0,-64.0
1777890243.2783325,-3.0,2.0,-61.0
1777890243.2883325,0.0,1.0,-60.0
1777890243.2983325,0.0,5.0,-62.0
1777890243.3083324,0.0,7.0,-63.0
1777890243.3183324,2.0,7.0,-66.0
1777890243.3283324,4.0,4.0,-71.0
1777890243.3383324,0.0,5.0,-73.0
1777890243.3483324,-2.0,9.0,-62.0
1777890243.3583324,-1.0,6.0,-60.0
1777890243.3683324,0.0,2.0,-60.0
1777890243.3783324,0.0,0.0,-59.0
1777890243.3883324,0.0,0.0,-67.0
1777890243.3983324,0.0,0.0,-74.0
1777890243.4083323,0.0,0.0,-78.0
1777890243.4183323,1.0,0.0,-74.0
1777890243.4283323,1.0,1.0,-77.0
1777890243.4383323,0.0,-2.0,-74.0
1777890243.4483323,-1.0,-3.0,-66.0
1777890243.4583323,1.0,-5.0,-67.0
1777890243.4683323,0.0,-8.0,-71.0
1777890243.4783323,0.0,-10.0,-73.0
1777890243.4883325,1.0,-8.0,-73.0
1777890243.4983325,0.0,-4.0,-74.0
1777890243.5083325,2.0,-3.0,-70.0
1777890243.5183325,1.0,0.0,-70.0
1777890243.5283325,2.0,2.0,-72.0
1777890243.5383325,5.0,1.0,-77.0
1777890243.5483325,5.0,0.0,-83.0
1777890243.5583324,0.0,1.0,-75.0
1777890243.5683324,0.0,-4.0,-74.0
1777890243.5783324,5.0,-9.0,-74.0
1777890243.5883324,6.0,-6.0,-75.0
1777890243.5983324,9.0,-8.0,-78.0
1777890243.6083324,5.0,-9.0,-82.0
1777890243.6183324,3.0,-3.0,-81.0
1777890243.6283324,0.0,-1.0,-75.0
1777890243.6383324,-6.0,-1.0,-73.0
1777890243.6483324,-3.0,0.0,-66.0
1777890243.6583323,-1.0,0.0,-62.0
1777890243.6683323,-5.0,0.0,-59.0
1777890243.6783323,-6.0,2.0,-61.0
1777890243.6883323,-5.0,0.0,-60.0
1777890243.6983323,-2.0,0.0,-57.0
1777890243.7083323,-2.0,0.0,-63.0
1777890243.7183323,0.0,0.0,-66.0
1777890243.7283323,2.0,2.0,-68.0
1777890243.7383325,3.0,0.0,-69.0
1777890243.7483325,2.0,-2.0,-73.0
1777890243.7583325,0.0,-1.0,-75.0
1777890243.7683325,1.0,-1.0,-81.0
1777890243.7783325,3.0,0.0,-83.0
1777890243.7883325,2.0,1.0,-84.0
1777890243.7983325,1.0,0.0,-80.0
1777890243.8083324,0.0,1.0,-83.0
1777890243.8183324,-2.0,1.0,-84.0
1777890243.8283324,-1.0,-1.0,-78.0
1777890243.8383324,1.0,0.0,-77.0
1777890243.8483324,2.0,0.0,-76.0
1777890243.8583324,-1.0,-1.0,-73.0
1777890243.8683324,3.0,-2.0,-69.0
1777890243.8783324,1.0,0.0,-68.0
1777890243.8883324,0.0,-2.0,-69.0
1777890243.8983324,1.0,-4.0,-66.0
1777890243.9083323,-1.0,-4.0,-72.0
1777890243.9183323,-6.0,-5.0,-73.0
1777890243.9283323,-7.0,-8.0,-75.0
1777890243.9383323,-4.0,-4.0,-77.0
1777890243.9483323,0.0,0.0,-84.0
1777890243.9583323,7.0,0.0,-79.0
1777890243.9683323,7.0,-2.0,-73.0
1777890243.9783323,8.0,0.0,-75.0
1777890243.9883325,3.0,0.0,-78.0
1777890243.9983325,3.0,1.0,-68.0
1777890244.0083325,1.0,1.0,-71.0
1777890244.0183325,6.0,-1.0,-66.0
1777890244.0283325,6.0,-6.0,-70.0
1777890244.0383325,5.0,-5.0,-74.0
1777890244.0483325,4.0,-10.0,-70.0
1777890244.0583324,4.0,-4.0,-72.0
1777890244.0683324,3.0,-1.0,-74.0
1777890244.0783324,0.0,-3.0,-73.0
1777890244.0883324,2.0,-1.0,-73.0
1777890244.0983324,4.0,2.0,-74.0
1777890244.1083324,2.0,2.0,-73.0
1777890244.1183324,0.0,3.0,-76.0
1777890244.1283324,3.0,2.0,-78.0
1777890244.1383324,2.0,2.0,-82.0
1777890244.1483324,5.0,5.0,-78.0
1777890244.1583323,5.0,5.0,-84.0
1777890244.1683323,3.0,6.0,-86.0
1777890244.1783323,0.0,3.0,-83.0
1777890244.1883323,0.0,5.0,-79.0
1777890244.1983323,0.0,6.0,-83.0
1777890244.2083323,2.0,3.0,-80.0
1777890244.2193325,-1.0,2.0,-78.0
1777890244.2293324,0.0,0.0,-78.0
1777890244.2393324,0.0,0.0,-73.0
1777890244.2493324,-2.0,-1.0,-64.0
1777890244.2593324,-3.0,1.0,-66.0
1777890244.2693324,1.0,3.0,-71.0
1777890244.2793324,5.0,3.0,-70.0
1777890244.2893324,5.0,3.0,-73.0
1777890244.2993324,0.0,4.0,-77.0
1777890244.3093324,0.0,5.0,-75.0
1777890244.3193324,1.0,7.0,-77.0
1777890244.3293324,-3.0,1.0,-75.0
1777890244.3393323,-4.0,0.0,-71.0
1777890244.3493323,1.0,-2.0,-73.0
1777890244.3593323,2.0,-1.0,-77.0
1777890244.3693323,-3.0,0.0,-87.0
1777890244.3793323,-4.0,4.0,-94.0
1777890244.3893323,-8.0,1.0,-92.0
1777890244.3993323,-3.0,1.0,-91.0
1777890244.4093325,-5.0,1.0,-84.0
1777890244.4193325,-2.0,0.0,-80.0
1777890244.4293325,-7.0,-1.0,-90.0
1777890244.4393325,-8.0,-4.0,-88.0
1777890244.4493325,-6.0,-5.0,-88.0
1777890244.4593325,-2.0,-6.0,-84.0
1777890244.4693325,-1.0,-9.0,-82.0
1777890244.4803324,4.0,-9.0,-77.0
1777890244.4893324,4.0,-6.0,-78.0
1777890244.4993324,4.0,-9.0,-80.0
1777890244.5093324,5.0,-12.0,-77.0
1777890244.5193324,2.0,-8.0,-74.0
1777890244.5293324,4.0,-7.0,-74.0
1777890244.5393324,3.0,-5.0,-73.0
1777890244.5493324,4.0,-1.0,-78.0
1777890244.5593324,3.0,0.0,-82.0
1777890244.5693324,0.0,-2.0,-82.0
1777890244.5793324,-4.0,-6.0,-78.0
1777890244.5893323,-4.0,-6.0,-81.0
1777890244.5993323,-4.0,0.0,-80.0
1777890244.6093323,-2.0,0.0,-75.0
1777890244.6193323,0.0,1.0,-71.0
1777890244.6293323,3.0,2.0,-74.0
1777890244.6393323,5.0,4.0,-71.0
1777890244.6493323,4.0,3.0,-72.0
1777890244.6593325,11.0,-1.0,-73.0
1777890244.6693325,10.0,0.0,-72.0
1777890244.6793325,6.0,0.0,-77.0
1777890244.6893325,6.0,-3.0,-78.0
1777890244.6993325,5.0,-3.0,-73.0
1777890244.7093325,1.0,-1.0,-72.0
1777890244.7193325,2.0,-3.0,-67.0
1777890244.7293324,6.0,-11.0,-69.0
1777890244.7393324,1.0,-11.0,-64.0
1777890244.7493324,-3.0,-7.0,-66.0
1777890244.7593324,-4.0,-5.0,-64.0
1777890244.7693324,-3.0,-5.0,-64.0
1777890244.7793324,-1.0,-4.0,-71.0
1777890244.7893324,-3.0,-1.0,-70.0
1777890244.7993324,-1.0,-1.0,-79.0
1777890244.8093324,0.0,-2.0,-78.0
1777890244.8193324,1.0,-4.0,-78.0
1777890244.8293324,0.0,-3.0,-83.0
1777890244.8393323,0.0,0.0,-83.0
1777890244.8493323,-5.0,-1.0,-84.0
1777890244.8593323,-5.0,-3.0,-82.0
1777890244.8693323,-4.0,1.0,-78.0
1777890244.8793323,0.0,6.0,-79.0
1777890244.8893323,3.0,5.0,-71.0
1777890244.8993323,7.0,5.0,-67.0
1777890244.9093325,4.0,6.0,-72.0
1777890244.9193325,3.0,2.0,-74.0
1777890244.9293325,-3.0,0.0,-78.0
1777890244.9393325,-4.0,-1.0,-71.0
1777890244.9493325,0.0,0.0,-66.0
1777890244.9593325,0.0,0.0,-72.0
1777890244.9693325,0.0,0.0,-71.0
1777890244.9793324,-1.0,5.0,-68.0
1777890244.9893324,6.0,4.0,-66.0
1777890244.9993324,5.0,0.0,-68.0
1777890245.0093324,0.0,2.0,-65.0
1777890245.0193324,-3.0,0.0,-72.0
1777890245.0293324,-2.0,-1.0,-75.0
1777890245.0393324,0.0,-1.0,-72.0
1777890245.0493324,2.0,-3.0,-74.0
1777890245.0593324,0.0,-4.0,-79.0
1777890245.0693324,3.0,-5.0,-87.0
1777890245.0793324,2.0,-6.0,-89.0
1777890245.0893323,0.0,-6.0,-95.0
1777890245.0993323,-4.0,-5.0,-93.0
1777890245.1093323,3.0,-7.0,-90.0
1777890245.1193323,9.0,-7.0,-86.0
1777890245.1293323,4.0,-7.0,-85.0
1777890245.1393323,2.0,-7.0,-77.0
1777890245.1493323,3.0,-8.0,-81.0
1777890245.1593325,4.0,-9.0,-86.0
1777890245.1693325,6.0,-6.0,-86.0
1777890245.1793325,-1.0,-2.0,-88.0
1777890245.1893325,0.0,-3.0,-86.0
1777890245.1993325,0.0,-3.0,-81.0
1777890245.2093325,2.0,-2.0,-81.0
1777890245.2193325,1.0,-3.0,-81.0
1777890245.2293324,0.0,-4.0,-77.0
1777890245.2393324,0.0,-3.0,-74.0
1777890245.2493324,1.0,-4.0,-78.0
1777890245.2593324,0.0,-2.0,-81.0
1777890245.2693324,0.0,-1.0,-81.0
1777890245.2793324,0.0,0.0,-79.0
1777890245.2893324,0.0,5.0,-79.0
1777890245.2993324,-3.0,0.0,-82.0
1777890245.3093324,-4.0,-2.0,-77.0
1777890245.3193324,-1.0,-1.0,-78.0
1777890245.3293324,-3.0,-2.0,-86.0
1777890245.3393323,0.0,0.0,-88.0
1777890245.3493323,-2.0,1.0,-92.0
1777890245.3593323,1.0,2.0,-86.0
1777890245.3693323,0.0,-1.0,-83.0
1777890245.3793323,-3.0,-3.0,-76.0
1777890245.3893323,0.0,-4.0,-73.0
1777890245.3993323,0.0,-7.0,-70.0
1777890245.4093325,-1.0,-8.0,-70.0
1777890245.4193325,0.0,-9.0,-69.0
1777890245.4293325,-3.0,-6.0,-67.0
1777890245.4393325,-2.0,-7.0,-79.0
1777890245.4493325,-3.0,-2.0,-78.0
1777890245.4593325,1.0,-1.0,-69.0
1777890245.4693325,3.0,2.0,-67.0
1777890245.4793324,0.0,1.0,-64.0
1777890245.4893324,1.0,3.0,-68.0
1777890245.4993324,0.0,0.0,-66.0
1777890245.5093324,0.0,-2.0,-66.0
1777890245.5193324,2.0,-3.0,-70.0
1777890245.5293324,0.0,-3.0,-72.0
1777890245.5393324,-2.0,-3.0,-78.0
1777890245.5493324,0.0,-3.0,-78.0
1777890245.5593324,-2.0,-2.0,-71.0
1777890245.5693324,-2.0,1.0,-68.0
1777890245.5793324,1.0,1.0,-75.0
1777890245.5893323,5.0,4.0,-75.0
1777890245.5993323,3.0,0.0,-73.0
1777890245.6093323,0.0,-2.0,-81.0
1777890245.6193323,3.0,0.0,-84.0
1777890245.6293323,5.0,3.0,-80.0
1777890245.6393323,1.0,0.0,-85.0
1777890245.6493323,-3.0,-3.0,-81.0
1777890245.6593325,-3.0,-6.0,-83.0
1777890245.6693325,-3.0,-8.0,-79.0
1777890245.6793325,-3.0,-1.0,-85.0
1777890245.6893325,-6.0,-3.0,-88.0
1777890245.6993325,0.0,-5.0,-83.0
1777890245.7093325,-1.0,-4.0,-77.0
1777890245.7193325,4.0,-3.0,-72.0
1777890245.7293324,7.0,-4.0,-71.0
1777890245.7393324,3.0,0.0,-69.0
1777890245.7493324,2.0,0.0,-76.0
1777890245.7593324,1.0,0.0,-75.0
1777890245.7693324,1.0,3.0,-75.0
1777890245.7793324,0.0,6.0,-78.0
1777890245.7893324,2.0,3.0,-73.0
1777890245.7993324,5.0,3.0,-74.0
1777890245.8093324,6.0,1.0,-80.0
1777890245.8193324,3.0,4.0,-84.0
1777890245.8293324,5.0,6.0,-83.0
1777890245.8393323,5.0,6.0,-78.0
1777890245.8493323,4.0,7.0,-75.0
1777890245.8593323,4.0,3.0,-79.0
1777890245.8693323,2.0,0.0,-75.0
1777890245.8793323,0.0,0.0,-78.0
1777890245.8893323,2.0,3.0,-83.0
1777890245.8993323,2.0,1.0,-78.0
1777890245.9093325,0.0,6.0,-75.0
1777890245.9193325,3.0,5.0,-71.0
1777890245.9293325,2.0,3.0,-68.0
1777890245.9393325,2.0,2.0,-67.0
1777890245.9493325,6.0,0.0,-71.0
1777890245.9593325,0.0,2.0,-69.0
1777890245.9693325,0.0,0.0,-74.0
1777890245.9793324,3.0,1.0,-72.0
1777890245.9893324,7.0,0.0,-69.0
1777890245.9993324,7.0,-1.0,-71.0
1777890246.0093324,3.0,-1.0,-74.0
1777890246.0193324,0.0,0.0,-75.0
1777890246.0293324,0.0,-3.0,-70.0
1777890246.0393324,-3.0,-3.0,-73.0
1777890246.0493324,0.0,-1.0,-74.0
1777890246.0593324,0.0,0.0,-78.0
1777890246.0693324,-2.0,2.0,-79.0
1777890246.0793324,-3.0,1.0,-80.0
1777890246.0893323,-3.0,0.0,-75.0
1777890246.0993323,0.0,3.0,-68.0
1777890246.1093323,-1.0,1.0,-67.0
1777890246.1193323,-1.0,0.0,-71.0
1777890246.1293323,-1.0,-2.0,-78.0
1777890246.1393323,0.0,-2.0,-82.0
1777890246.1493323,0.0,-4.0,-83.0
1777890246.1593325,1.0,-7.0,-79.0
1777890246.1693325,1.0,-4.0,-68.0
1777890246.1803324,0.0,0.0,-67.0
1777890246.1893325,-2.0,1.0,-71.0
1777890246.1993325,-4.0,4.0,-67.0
1777890246.2103324,-3.0,3.0,-69.0
1777890246.2193325,-2.0,0.0,-68.0
1777890246.2293324,-3.0,4.0,-70.0
1777890246.2403324,0.0,4.0,-77.0
1777890246.2503324,3.0,7.0,-82.0
1777890246.2603323,7.0,9.0,-80.0
1777890246.2703323,8.0,9.0,-74.0
1777890246.2803323,2.0,7.0,-77.0
1777890246.2903323,3.0,5.0,-77.0
1777890246.3003323,2.0,3.0,-76.0
1777890246.3103323,2.0,3.0,-71.0
1777890246.3203323,2.0,0.0,-84.0
1777890246.3303325,2.0,0.0,-82.0
1777890246.3403325,4.0,2.0,-73.0
1777890246.3503325,7.0,-1.0,-73.0
1777890246.3603325,2.0,-1.0,-79.0
1777890246.3703325,4.0,-2.0,-78.0
1777890246.3803325,7.0,-1.0,-82.0
1777890246.3903325,2.0,0.0,-81.0
1777890246.4003325,1.0,-2.0,-84.0
1777890246.4103324,-3.0,-1.0,-79.0
1777890246.4203324,0.0,0.0,-68.0
1777890246.4303324,-1.0,0.0,-68.0
1777890246.4403324,5.0,2.0,-67.0
1777890246.4503324,4.0,5.0,-66.0
1777890246.4603324,7.0,5.0,-68.0
1777890246.4703324,5.0,1.0,-69.0
1777890246.4803324,6.0,-1.0,-72.0
1777890246.4903324,8.0,-1.0,-62.0
1777890246.5003324,8.0,0.0,-72.0
1777890246.5103323,10.0,1.0,-80.0
1777890246.5203323,5.0,1.0,-70.0
1777890246.5303323,4.0,2.0,-72.0
1777890246.5403323,6.0,0.0,-70.0
1777890246.5503323,3.0,2.0,-73.0
1777890246.5603323,4.0,1.0,-73.0
1777890246.5703323,4.0,-1.0,-73.0
1777890246.5803325,3.0,-1.0,-73.0
1777890246.5903325,1.0,0.0,-76.0
1777890246.6003325,3.0,-3.0,-75.0
1777890246.6103325,3.0,-3.0,-71.0
1777890246.6203325,1.0,0.0,-74.0
1777890246.6303325,0.0,0.0,-68.0
1777890246.6403325,-1.0,0.0,-66.0
1777890246.6503325,1.0,-2.0,-71.0
1777890246.6603324,2.0,1.0,-79.0
1777890246.6703324,0.0,5.0,-84.0
1777890246.6803324,3.0,7.0,-84.0
1777890246.6903324,3.0,6.0,-80.0
1777890246.7003324,-2.0,9.0,-80.0
1777890246.7103324,-3.0,7.0,-82.0
1777890246.7203324,-3.0,6.0,-81.0
1777890246.7303324,-5.0,4.0,-87.0
1777890246.7403324,-6.0,6.0,-77.0
1777890246.7503324,-2.0,6.0,-75.0
1777890246.7603323,4.0,6.0,-83.0
1777890246.7703323,8.0,7.0,-84.0
1777890246.7803323,12.0,8.0,-82.0
1777890246.7903323,10.0,6.0,-86.0
1777890246.8003323,9.0,0.0,-80.0
1777890246.8103323,10.0,-1.0,-79.0
1777890246.8203323,3.0,0.0,-71.0
1777890246.8303325,-3.0,0.0,-63.0
1777890246.8403325,-1.0,0.0,-63.0
1777890246.8503325,2.0,0.0,-66.0
1777890246.8603325,1.0,4.0,-61.0
1777890246.8703325,7.0,5.0,-66.0
1777890246.8803325,8.0,4.0,-68.0
1777890246.8903325,6.0,0.0,-68.0
1777890246.9003325,6.0,-2.0,-70.0
1777890246.9103324,5.0,-1.0,-73.0
1777890246.9203324,3.0,-5.0,-79.0
1777890246.9303324,-1.0,-5.0,-76.0
1777890246.9403324,-1.0,-6.0,-74.0
1777890246.9503324,-4.0,-6.0,-76.0
1777890246.9603324,-1.0,-6.0,-74.0
1777890246.9703324,-4.0,-6.0,-72.0
1777890246.9803324,-1.0,1.0,-69.0
1777890246.9903324,-1.0,5.0,-81.0
1777890247.0003324,-1.0,8.0,-76.0
1777890247.0103323,-3.0,6.0,-66.0
1777890247.0203323,0.0,4.0,-62.0
1777890247.0303323,1.0,5.0,-57.0
1777890247.0403323,0.0,4.0,-62.0
1777890247.0503323,0.0,0.0,-66.0
1777890247.0603323,-2.0,-3.0,-70.0
1777890247.0703323,-4.0,-3.0,-69.0
1777890247.0803325,1.0,-5.0,-68.0
1777890247.0903325,0.0,-4.0,-73.0
1777890247.1003325,-4.0,-2.0,-74.0
1777890247.1103325,-5.0,0.0,-76.0
1777890247.1203325,-5.0,0.0,-76.0
1777890247.1303325,-10.0,0.0,-76.0
1777890247.1403325,-8.0,3.0,-77.0
1777890247.1503325,-10.0,4.0,-80.0
1777890247.1603324,-10.0,1.0,-80.0
1777890247.1703324,-10.0,0.0,-78.0
1777890247.1803324,-7.0,-1.0,-75.0
1777890247.1903324,-7.0,0.0,-76.0
1777890247.2003324,-3.0,-1.0,-76.0
1777890247.2103324,0.0,0.0,-82.0
1777890247.2203324,2.0,2.0,-89.0
1777890247.2303324,-4.0,6.0,-81.0
1777890247.2403324,-7.0,5.0,-79.0
1777890247.2503324,-4.0,3.0,-82.0
1777890247.2603323,-1.0,4.0,-76.0
1777890247.2703323,-1.0,4.0,-76.0
1777890247.2803323,0.0,5.0,-84.0
1777890247.2903323,-1.0,4.0,-84.0
1777890247.3003323,0.0,0.0,-85.0
1777890247.3103323,-1.0,-4.0,-81.0
1777890247.3203323,0.0,-4.0,-83.0
1777890247.3303325,1.0,-5.0,-77.0
1777890247.3403325,0.0,-4.0,-84.0
1777890247.3503325,1.0,-2.0,-85.0
1777890247.3603325,3.0,-4.0,-80.0
1777890247.3703325,3.0,-2.0,-79.0
1777890247.3803325,2.0,1.0,-77.0
1777890247.3903325,2.0,1.0,-82.0
1777890247.4003325,1.0,3.0,-85.0
1777890247.4103324,-4.0,-1.0,-87.0
1777890247.4203324,-6.0,-1.0,-84.0
1777890247.4303324,-2.0,-1.0,-84.0
1777890247.4403324,2.0,1.0,-78.0
1777890247.4503324,2.0,3.0,-71.0
1777890247.4603324,2.0,0.0,-72.0
1777890247.4703324,4.0,0.0,-68.0
1777890247.4803324,7.0,1.0,-67.0
1777890247.4903324,11.0,4.0,-67.0
1777890247.5003324,4.0,4.0,-70.0
1777890247.5103323,4.0,9.0,-67.0
1777890247.5203323,1.0,6.0,-63.0
1777890247.5303323,5.0,7.0,-66.0
1777890247.5403323,3.0,3.0,-59.0
1777890247.5503323,0.0,5.0,-62.0
1777890247.5603323,0.0,3.0,-63.0
1777890247.5703323,0.0,2.0,-67.0
1777890247.5803325,-2.0,2.0,-77.0
1777890247.5903325,0.0,3.0,-74.0
1777890247.6003325,0.0,2.0,-81.0
1777890247.6103325,0.0,1.0,-82.0
1777890247.6203325,0.0,0.0,-84.0
1777890247.6303325,3.0,1.0,-81.0
1777890247.6403325,0.0,0.0,-79.0
1777890247.6503325,0.0,-2.0,-88.0
1777890247.6603324,-3.0,-4.0,-87.0
1777890247.6703324,-1.0,-8.0,-90.0
1777890247.6803324,-5.0,-4.0,-83.0
1777890247.6903324,-3.0,-4.0,-76.0
1777890247.7003324,-2.0,-1.0,-73.0
1777890247.7103324,1.0,-1.0,-71.0
1777890247.7203324,7.0,-5.0,-74.0
1777890247.7303324,11.0,-3.0,-75.0
1777890247.7403324,9.0,-3.0,-69.0
1777890247.7503324,6.0,-2.0,-66.0
1777890247.7603323,0.0,1.0,-68.0
1777890247.7703323,1.0,-1.0,-64.0
1777890247.7803323,3.0,-2.0,-58.0
1777890247.7903323,0.0,-3.0,-62.0
1777890247.8003323,3.0,-2.0,-66.0
1777890247.8103323,1.0,-1.0,-75.0
1777890247.8203323,2.0,-6.0,-77.0
1777890247.8303325,-2.0,-3.0,-72.0
1777890247.8403325,-1.0,0.0,-68.0
1777890247.8503325,-1.0,0.0,-73.0
1777890247.8603325,0.0,-2.0,-83.0
1777890247.8703325,-3.0,0.0,-78.0
1777890247.8803325,-1.0,1.0,-76.0
1777890247.8903325,-2.0,0.0,-78.0
1777890247.9003325,1.0,-3.0,-83.0
1777890247.9103324,5.0,0.0,-78.0
1777890247.9203324,1.0,0.0,-79.0
1777890247.9303324,-2.0,1.0,-78.0
1777890247.9403324,0.0,1.0,-75.0
1777890247.9503324,0.0,2.0,-75.0
1777890247.9603324,-1.0,0.0,-77.0
1777890247.9703324,-4.0,0.0,-71.0
1777890247.9803324,-1.0,0.0,-68.0
1777890247.9903324,0.0,-3.0,-70.0
1777890248.0003324,0.0,-5.0,-66.0
1777890248.0103323,0.0,-9.0,-68.0
1777890248.0203323,0.0,-7.0,-73.0
1777890248.0303323,0.0,-9.0,-70.0
1777890248.0403323,-1.0,-6.0,-70.0
1777890248.0503323,0.0,-6.0,-79.0
1777890248.0603323,1.0,0.0,-82.0
1777890248.0703323,0.0,-2.0,-85.0
1777890248.0803325,1.0,-4.0,-82.0
1777890248.0903325,8.0,-3.0,-80.0
1777890248.1003325,8.0,0.0,-82.0
1777890248.1103325,7.0,-3.0,-76.0
1777890248.1203325,5.0,-4.0,-72.0
1777890248.1303325,5.0,-3.0,-68.0
1777890248.1403325,0.0,-5.0,-66.0
1777890248.1503325,-4.0,-1.0,-68.0
1777890248.1603324,-2.0,0.0,-68.0
1777890248.1703324,-2.0,0.0,-76.0
1777890248.1803324,2.0,-3.0,-80.0
1777890248.1913323,1.0,-1.0,-73.0
1777890248.2003324,-1.0,-1.0,-76.0
1777890248.2113323,-4.0,-1.0,-76.0
1777890248.2213323,-5.0,-4.0,-70.0
1777890248.2313323,-5.0,-3.0,-68.0
1777890248.2413323,-2.0,-2.0,-66.0
1777890248.2513323,-2.0,-3.0,-69.0
1777890248.2613325,-3.0,-3.0,-74.0
1777890248.2713325,-3.0,-4.0,-70.0
1777890248.2813325,-2.0,-4.0,-73.0
1777890248.2913325,-2.0,-4.0,-72.0
1777890248.3013325,0.0,-6.0,-72.0
1777890248.3113325,0.0,-5.0,-71.0
1777890248.3213325,1.0,0.0,-78.0
1777890248.3313324,0.0,-1.0,-86.0
1777890248.3413324,2.0,0.0,-85.0
1777890248.3513324,6.0,-2.0,-80.0
1777890248.3613324,6.0,-6.0,-84.0
1777890248.3713324,7.0,-2.0,-76.0
1777890248.3813324,4.0,-5.0,-70.0
1777890248.3913324,8.0,-4.0,-75.0
1777890248.4013324,5.0,-5.0,-72.0
1777890248.4113324,4.0,-5.0,-76.0
1777890248.4213324,3.0,0.0,-72.0
1777890248.4313323,1.0,3.0,-67.0
1777890248.4413323,2.0,0.0,-71.0
1777890248.4513323,6.0,1.0,-70.0
1777890248.4613323,3.0,3.0,-71.0
1777890248.4713323,6.0,3.0,-70.0
1777890248.4813323,5.0,2.0,-74.0
1777890248.4913323,4.0,1.0,-75.0
1777890248.5013323,2.0,1.0,-73.0
1777890248.5113325,0.0,0.0,-74.0
1777890248.5213325,-4.0,-1.0,-74.0
1777890248.5313325,-3.0,-1.0,-76.0
1777890248.5413325,-1.0,0.0,-74.0
1777890248.5513325,-4.0,1.0,-75.0
1777890248.5613325,-5.0,5.0,-76.0
1777890248.5713325,-2.0,2.0,-80.0
1777890248.5813324,-3.0,2.0,-86.0
1777890248.5913324,-3.0,1.0,-84.0
1777890248.6013324,-2.0,5.0,-79.0
1777890248.6113324,0.0,6.0,-73.0
1777890248.6213324,3.0,-1.0,-76.0
1777890248.6313324,0.0,-3.0,-75.0
1777890248.6413324,-6.0,0.0,-71.0
1777890248.6513324,-10.0,2.0,-73.0
1777890248.6613324,-7.0,2.0,-75.0
1777890248.6713324,-7.0,1.0,-76.0
1777890248.6813323,-5.0,2.0,-68.0
1777890248.6913323,-5.0,0.0,-67.0
1777890248.7013323,0.0,-1.0,-72.0
1777890248.7113323,0.0,-2.0,-80.0
1777890248.7213323,-2.0,0.0,-85.0
1777890248.7313323,0.0,-1.0,-74.0
1777890248.7413323,1.0,2.0,-74.0
1777890248.7513323,7.0,-1.0,-77.0
1777890248.7613325,6.0,-5.0,-75.0
1777890248.7713325,5.0,-3.0,-71.0
1777890248.7813325,8.0,-2.0,-74.0
1777890248.7913325,7.0,-1.0,-71.0
1777890248.8013325,2.0,-5.0,-69.0
1777890248.8113325,4.0,-5.0,-71.0
1777890248.8213325,6.0,-4.0,-73.0
1777890248.8313324,7.0,-5.0,-75.0
1777890248.8413324,8.0,0.0,-74.0
1777890248.8513324,10.0,2.0,-75.0
1777890248.8613324,9.0,5.0,-71.0
1777890248.8713324,13.0,5.0,-66.0
1777890248.8813324,17.0,2.0,-64.0
1777890248.8913324,15.0,1.0,-67.0
1777890248.9013324,8.0,0.0,-65.0
1777890248.9113324,7.0,0.0,-66.0
1777890248.9213324,7.0,-1.0,-67.0
1777890248.9313323,5.0,-4.0,-71.0
1777890248.9413323,1.0,-4.0,-74.0
1777890248.9513323,2.0,-1.0,-73.0
1777890248.9613323,3.0,0.0,-75.0
1777890248.9713323,3.0,0.0,-80.0
1777890248.9813323,6.0,0.0,-76.0
1777890248.9913323,2.0,-3.0,-76.0
1777890249.0013323,-2.0,-5.0,-85.0
1777890249.0113325,1.0,-8.0,-87.0
1777890249.0213325,5.0,-4.0,-87.0
1777890249.0313325,3.0,-6.0,-84.0
1777890249.0413325,1.0,-8.0,-84.0
1777890249.0513325,-1.0,-7.0,-83.0
1777890249.0613325,-2.0,-7.0,-74.0
1777890249.0713325,0.0,-1.0,-70.0
1777890249.0813324,-3.0,-2.0,-73.0
1777890249.0913324,-3.0,0.0,-74.0
1777890249.1013324,-4.0,5.0,-73.0
1777890249.1113324,-5.0,6.0,-78.0
1777890249.1213324,-3.0,3.0,-78.0
1777890249.1313324,-2.0,5.0,-76.0
1777890249.1413324,0.0,5.0,-76.0
1777890249.1513324,-1.0,4.0,-75.0
1777890249.1613324,-2.0,2.0,-73.0
1777890249.1713324,1.0,2.0,-70.0
1777890249.1813323,1.0,4.0,-76.0
1777890249.1913323,5.0,2.0,-79.0
1777890249.2013323,3.0,1.0,-77.0
1777890249.2113323,2.0,-1.0,-67.0
1777890249.2213323,3.0,-1.0,-63.0
1777890249.2313323,0.0,1.0,-67.0
1777890249.2413323,1.0,1.0,-66.0
1777890249.2513323,3.0,4.0,-68.0
1777890249.2613325,5.0,5.0,-74.0
1777890249.2713325,6.0,1.0,-75.0
1777890249.2813325,7.0,1.0,-75.0
1777890249.2913325,5.0,-2.0,-72.0
1777890249.3013325,1.0,1.0,-75.0
1777890249.3113325,0.0,0.0,-78.0
1777890249.3213325,1.0,0.0,-75.0
1777890249.3313324,2.0,1.0,-84.0
1777890249.3413324,2.0,-1.0,-84.0
1777890249.3513324,-2.0,0.0,-82.0
1777890249.3613324,1.0,-3.0,-82.0
1777890249.3713324,2.0,0.0,-86.0
1777890249.3813324,-2.0,0.0,-88.0
1777890249.3913324,0.0,-1.0,-82.0
1777890249.4013324,2.0,0.0,-72.0
1777890249.4113324,8.0,5.0,-68.0
1777890249.4213324,11.0,7.0,-66.0
1777890249.4313323,7.0,4.0,-68.0
1777890249.4413323,5.0,1.0,-72.0
1777890249.4513323,4.0,2.0,-75.0
1777890249.4613323,5.0,5.0,-75.0
1777890249.4713323,3.0,7.0,-72.0
1777890249.4813323,1.0,6.0,-70.0
1777890249.4913323,2.0,7.0,-66.0
1777890249.5013323,2.0,4.0,-73.0
1777890249.5113325,4.0,4.0,-76.0
1777890249.5213325,5.0,4.0,-69.0
1777890249.5313325,5.0,0.0,-68.0
1777890249.5413325,9.0,1.0,-66.0
1777890249.5513325,8.0,0.0,-62.0
1777890249.5613325,8.0,0.0,-60.0
1777890249.5713325,6.0,4.0,-62.0
1777890249.5813324,7.0,2.0,-68.0
1777890249.5913324,11.0,0.0,-74.0
1777890249.6013324,6.0,8.0,-79.0
1777890249.6113324,5.0,5.0,-79.0
1777890249.6213324,1.0,7.0,-79.0
1777890249.6313324,3.0,4.0,-85.0
1777890249.6413324,5.0,0.0,-91.0
1777890249.6513324,0.0,-1.0,-84.0
1777890249.6613324,0.0,-1.0,-88.0
1777890249.6713324,-3.0,-3.0,-85.0
1777890249.6813323,-5.0,-4.0,-87.0
1777890249.6913323,-4.0,-1.0,-85.0
1777890249.7013323,-5.0,-2.0,-79.0
1777890249.7113323,0.0,-3.0,-76.0
1777890249.7213323,0.0,0.0,-73.0
1777890249.7313323,-2.0,0.0,-72.0
1777890249.7413323,-3.0,1.0,-72.0
1777890249.7513323,0.0,-1.0,-68.0
1777890249.7613325,5.0,-3.0,-71.0
1777890249.7713325,7.0,-1.0,-71.0
1777890249.7813325,3.0,1.0,-71.0
1777890249.7913325,-1.0,3.0,-64.0
1777890249.8013325,-9.0,0.0,-72.0
1777890249.8113325,-5.0,-6.0,-75.0
1777890249.8213325,-7.0,-4.0,-78.0
1777890249.8313324,-9.0,-1.0,-82.0
1777890249.8413324,0.0,-1.0,-80.0
1777890249.8513324,-3.0,3.0,-80.0
1777890249.8613324,-1.0,1.0,-83.0
1777890249.8713324,-1.0,1.0,-84.0
1777890249.8813324,0.0,3.0,-82.0
1777890249.8913324,-1.0,4.0,-79.0
1777890249.9013324,0.0,0.0,-80.0
1777890249.9113324,2.0,-4.0,-79.0
1777890249.9213324,0.0,-1.0,-77.0
1777890249.9313323,6.0,5.0,-70.0
1777890249.9413323,8.0,6.0,-69.0
1777890249.9513323,8.0,7.0,-68.0
1777890249.9613323,3.0,6.0,-64.0
1777890249.9713323,2.0,2.0,-60.0
1777890249.9813323,0.0,-3.0,-62.0
1777890249.9913323,-3.0,-1.0,-68.0
1777890250.0013323,-4.0,-1.0,-72.0
1777890250.0113325,-3.0,-1.0,-67.0
1777890250.0213325,-1.0,-2.0,-68.0
1777890250.0313325,0.0,-2.0,-63.0
1777890250.0413325,3.0,-3.0,-64.0
1777890250.0513325,1.0,-4.0,-67.0
1777890250.0613325,-5.0,-4.0,-73.0
1777890250.0713325,-5.0,-2.0,-74.0
1777890250.0813324,-1.0,0.0,-81.0
1777890250.0913324,-1.0,0.0,-88.0
1777890250.1013324,0.0,0.0,-88.0
1777890250.1113324,3.0,-1.0,-85.0
1777890250.1213324,2.0,3.0,-79.0
1777890250.1313324,-1.0,1.0,-75.0
1777890250.1413324,0.0,3.0,-76.0
1777890250.1513324,1.0,2.0,-72.0
1777890250.1613324,0.0,3.0,-64.0
1777890250.1713324,2.0,3.0,-72.0
1777890250.1813323,-1.0,3.0,-75.0
1777890250.1923325,-5.0,2.0,-71.0
1777890250.2023325,-2.0,-3.0,-65.0
1777890250.2123325,-1.0,-5.0,-69.0
1777890250.2223325,1.0,-7.0,-71.0
1777890250.2323325,0.0,-8.0,-76.0
1777890250.2423325,0.0,-1.0,-79.0
1777890250.2523324,0.0,0.0,-83.0
1777890250.2623324,0.0,-2.0,-88.0
1777890250.2723324,4.0,-3.0,-88.0
1777890250.2823324,4.0,-4.0,-82.0
1777890250.2923324,8.0,-4.0,-77.0
1777890250.3023324,7.0,-5.0,-71.0
1777890250.3123324,8.0,-5.0,-81.0
1777890250.3223324,7.0,-8.0,-76.0
1777890250.3323324,0.0,-7.0,-71.0
1777890250.3423324,0.0,-7.0,-77.0
1777890250.3523324,3.0,-3.0,-78.0
1777890250.3623323,2.0,-5.0,-86.0
1777890250.3723323,1.0,-5.0,-79.0
1777890250.3823323,4.0,-6.0,-79.0
1777890250.3923323,6.0,-7.0,-68.0
1777890250.4023323,1.0,-4.0,-67.0
1777890250.4123323,0.0,-2.0,-62.0
1777890250.4223323,-3.0,-3.0,-56.0
1777890250.4323325,-3.0,-2.0,-65.0
1777890250.4423325,-1.0,0.0,-65.0
1777890250.4523325,0.0,-4.0,-68.0
1777890250.4623325,0.0,-3.0,-73.0
1777890250.4723325,1.0,-2.0,-82.0
1777890250.4823325,6.0,2.0,-77.0
1777890250.4923325,6.0,6.0,-70.0
1777890250.5023324,7.0,3.0,-70.0
1777890250.5123324,6.0,4.0,-70.0
1777890250.5223324,6.0,4.0,-72.0
1777890250.5323324,5.0,3.0,-72.0
1777890250.5423324,7.0,0.0,-70.0
1777890250.5523324,8.0,-1.0,-72.0
1777890250.5623324,9.0,-3.0,-69.0
1777890250.5723324,3.0,-4.0,-66.0
1777890250.5823324,0.0,-4.0,-69.0
1777890250.5923324,0.0,-5.0,-72.0
1777890250.6023324,1.0,-6.0,-75.0
1777890250.6123323,0.0,-4.0,-74.0
1777890250.6223323,1.0,-6.0,-73.0
1777890250.6323323,2.0,-2.0,-68.0
1777890250.6423323,3.0,-4.0,-63.0
1777890250.6523323,0.0,-5.0,-67.0
1777890250.6623323,-2.0,-5.0,-64.0
1777890250.6723323,-4.0,-2.0,-67.0
1777890250.6823325,-6.0,1.0,-73.0
1777890250.6923325,-5.0,4.0,-82.0
1777890250.7023325,-3.0,0.0,-83.0
1777890250.7123325,-5.0,-1.0,-76.0
1777890250.7223325,-1.0,-2.0,-69.0
1777890250.7323325,-1.0,-2.0,-69.0
1777890250.7423325,-2.0,-1.0,-73.0
1777890250.7523324,-2.0,-1.0,-78.0
1777890250.7623324,-5.0,0.0,-80.0
1777890250.7723324,-4.0,-2.0,-78.0
1777890250.7823324,-8.0,-4.0,-80.0
1777890250.7923324,-3.0,0.0,-79.0
1777890250.8023324,-8.0,0.0,-78.0
1777890250.8123324,-7.0,-2.0,-84.0
1777890250.8223324,-10.0,-2.0,-87.0
1777890250.8323324,-9.0,0.0,-86.0
1777890250.8423324,-5.0,0.0,-82.0
1777890250.8523324,-4.0,-1.0,-79.0
1777890250.8623323,0.0,0.0,-74.0
1777890250.8723323,0.0,3.0,-71.0
1777890250.8823323,1.0,5.0,-72.0
1777890250.8923323,7.0,6.0,-76.0
1777890250.9023323,11.0,5.0,-82.0
1777890250.9123323,10.0,5.0,-89.0
1777890250.9223323,4.0,7.0,-89.0
1777890250.9323325,-1.0,4.0,-80.0
1777890250.9423325,0.0,3.0,-77.0
1777890250.9523325,-3.0,5.0,-75.0
1777890250.9623325,-7.0,2.0,-77.0
1777890250.9723325,-5.0,0.0,-80.0
1777890250.9823325,-2.0,-1.0,-84.0
1777890250.9923325,-7.0,0.0,-79.0
1777890251.0023324,-5.0,0.0,-84.0
1777890251.0123324,0.0,-4.0,-74.0
1777890251.0223324,0.0,-6.0,-73.0
1777890251.0323324,-5.0,-3.0,-74.0
1777890251.0423324,-4.0,-2.0,-73.0
1777890251.0523324,0.0,-2.0,-72.0
1777890251.0623324,0.0,-2.0,-65.0
1777890251.0723324,0.0,-2.0,-60.0
1777890251.0823324,-4.0,-5.0,-71.0
1777890251.0923324,-2.0,-5.0,-83.0
1777890251.1023324,1.0,-5.0,-87.0
1777890251.1123323,1.0,-8.0,-86.0
1777890251.1223323,8.0,-4.0,-84.0
1777890251.1323323,5.0,-6.0,-84.0
1777890251.1423323,-2.0,-7.0,-79.0
1777890251.1523323,0.0,-2.0,-75.0
1777890251.1623323,-1.0,-4.0,-77.0
1777890251.1723323,1.0,-2.0,-79.0
1777890251.1823325,1.0,-4.0,-75.0
1777890251.1923325,3.0,-3.0,-73.0
1777890251.2023325,1.0,-3.0,-72.0
1777890251.2123325,2.0,-4.0,-75.0
1777890251.2223325,7.0,-4.0,-74.0
1777890251.2323325,4.0,-5.0,-74.0
1777890251.2423325,1.0,0.0,-77.0
1777890251.2523324,-1.0,0.0,-80.0
1777890251.2623324,3.0,2.0,-77.0
1777890251.2723324,0.0,0.0,-75.0
1777890251.2823324,-3.0,-2.0,-77.0
1777890251.2923324,-4.0,-7.0,-80.0
1777890251.3023324,-2.0,-9.0,-81.0
1777890251.3123324,2.0,-5.0,-72.0
1777890251.3223324,2.0,-7.0,-69.0
1777890251.3323324,4.0,-9.0,-70.0
1777890251.3423324,2.0,-10.0,-73.0
1777890251.3523324,2.0,-9.0,-76.0
1777890251.3623323,1.0,-9.0,-80.0
1777890251.3723323,1.0,-3.0,-74.0
1777890251.3823323,1.0,-5.0,-77.0
1777890251.3923323,2.0,-10.0,-81.0
1777890251.4023323,0.0,-9.0,-86.0
1777890251.4123323,-1.0,-2.0,-84.0
1777890251.4223323,1.0,-1.0,-73.0
1777890251.4323325,1.0,0.0,-74.0
1777890251.4423325,4.0,2.0,-85.0
1777890251.4523325,5.0,0.0,-82.0
1777890251.4623325,3.0,-1.0,-83.0
1777890251.4723325,4.0,0.0,-86.0
1777890251.4823325,2.0,-3.0,-88.0
1777890251.4923325,0.0,-8.0,-74.0
1777890251.5023324,4.0,-3.0,-75.0
1777890251.5123324,4.0,0.0,-77.0
1777890251.5223324,2.0,-2.0,-77.0
1777890251.5323324,6.0,-2.0,-70.0
1777890251.5423324,5.0,-2.0,-75.0
1777890251.5523324,7.0,-1.0,-75.0
1777890251.5623324,11.0,-3.0,-74.0
1777890251.5723324,14.0,-3.0,-68.0
1777890251.5823324,10.0,-6.0,-68.0
1777890251.5923324,3.0,-10.0,-67.0
1777890251.6023324,5.0,-13.0,-76.0
1777890251.6123323,4.0,-14.0,-72.0
1777890251.6223323,3.0,-14.0,-69.0
1777890251.6323323,0.0,-9.0,-69.0
1777890251.6423323,-3.0,-4.0,-71.0
1777890251.6523323,-1.0,-1.0,-72.0
1777890251.6623323,0.0,0.0,-75.0
1777890251.6723323,-1.0,4.0,-79.0
1777890251.6823325,-3.0,0.0,-76.0
1777890251.6923325,0.0,3.0,-78.0
1777890251.7023325,1.0,6.0,-81.0
1777890251.7123325,1.0,4.0,-80.0
1777890251.7223325,1.0,0.0,-77.0
1777890251.7323325,1.0,-4.0,-78.0
1777890251.7423325,3.0,-6.0,-89.0
1777890251.7523324,3.0,-5.0,-91.0
1777890251.7623324,4.0,-2.0,-89.0
1777890251.7723324,3.0,0.0,-84.0
1777890251.7823324,2.0,-4.0,-76.0
1777890251.7923324,4.0,-2.0,-78.0
1777890251.8023324,8.0,-2.0,-75.0
1777890251.8123324,4.0,-2.0,-66.0
1777890251.8223324,0.0,-6.0,-61.0
1777890251.8323324,0.0,-4.0,-66.0
1777890251.8423324,0.0,-3.0,-70.0
1777890251.8523324,0.0,0.0,-77.0
1777890251.8623323,-1.0,1.0,-76.0
1777890251.8723323,-3.0,1.0,-78.0
1777890251.8823323,-4.0,-1.0,-79.0
1777890251.8923323,0.0,-4.0,-75.0
1777890251.9023323,4.0,-4.0,-72.0
1777890251.9123323,-1.0,-1.0,-76.0
1777890251.9223323,-2.0,-2.0,-75.0
1777890251.9323325,-2.0,-5.0,-79.0
1777890251.9423325,-3.0,-6.0,-84.0
1777890251.9523325,-2.0,-4.0,-75.0
1777890251.9623325,0.0,-2.0,-76.0
1777890251.9723325,2.0,1.0,-76.0
1777890251.9823325,2.0,3.0,-75.0
1777890251.9923325,1.0,3.0,-80.0
1777890252.0023324,2.0,2.0,-81.0
1777890252.0123324,4.0,3.0,-77.0
1777890252.0223324,0.0,3.0,-69.0
1777890252.0323324,1.0,0.0,-65.0
1777890252.0423324,1.0,-2.0,-70.0
1777890252.0523324,4.0,3.0,-75.0
1777890252.0623324,3.0,0.0,-82.0
1777890252.0723324,5.0,-1.0,-84.0
1777890252.0823324,8.0,-5.0,-86.0
1777890252.0923324,6.0,-8.0,-84.0
1777890252.1023324,3.0,-7.0,-81.0
1777890252.1123323,0.0,-8.0,-82.0
1777890252.1223323,-2.0,-9.0,-78.0
1777890252.1323323,-2.0,-7.0,-73.0
1777890252.1423323,0.0,-6.0,-71.0
1777890252.1523323,2.0,-1.0,-70.0
1777890252.1623323,4.0,2.0,-65.0
1777890252.1723323,-1.0,2.0,-60.0
1777890252.1833324,-2.0,3.0,-65.0
1777890252.1933324,-3.0,3.0,-66.0
1777890252.2033324,0.0,5.0,-65.0
1777890252.2133324,-3.0,3.0,-65.0
1777890252.2233324,-2.0,-1.0,-72.0
1777890252.2333324,-5.0,-7.0,-76.0
1777890252.2433324,-9.0,-6.0,-79.0
1777890252.2533324,-12.0,-7.0,-79.0
1777890252.2633324,-8.0,-5.0,-76.0
1777890252.2733324,1.0,-3.0,-73.0
1777890252.2833323,0.0,-6.0,-61.0
1777890252.2933323,-4.0,-6.0,-62.0
1777890252.3033323,-4.0,-3.0,-64.0
1777890252.3133323,-10.0,-5.0,-72.0
1777890252.3233323,-6.0,-5.0,-71.0
1777890252.3333323,0.0,-1.0,-71.0
1777890252.3433323,-3.0,0.0,-72.0
1777890252.3533323,-6.0,2.0,-67.0
1777890252.3633325,-2.0,4.0,-72.0
1777890252.3733325,-1.0,0.0,-75.0
1777890252.3833325,-5.0,1.0,-74.0
1777890252.3933325,-1.0,-2.0,-74.0
1777890252.4033325,-2.0,-1.0,-77.0
1777890252.4133325,-5.0,-6.0,-76.0
1777890252.4233325,-7.0,-9.0,-79.0
1777890252.4333324,-5.0,-7.0,-84.0
1777890252.4433324,-4.0,-9.0,-86.0
1777890252.4533324,-2.0,-6.0,-85.0
1777890252.4633324,-2.0,-7.0,-88.0
1777890252.4733324,0.0,-5.0,-82.0
1777890252.4833324,-2.0,-9.0,-80.0
1777890252.4933324,-1.0,-9.0,-81.0
1777890252.5033324,1.0,-6.0,-85.0
1777890252.5133324,3.0,-3.0,-83.0
1777890252.5233324,4.0,-4.0,-76.0
1777890252.5333323,6.0,-5.0,-70.0
1777890252.5433323,4.0,-2.0,-65.0
1777890252.5533323,2.0,0.0,-64.0
1777890252.5633323,0.0,-2.0,-66.0
1777890252.5733323,-4.0,-3.0,-63.0
1777890252.5833323,-9.0,2.0,-61.0
1777890252.5933323,-3.0,4.0,-62.0
1777890252.6033323,-8.0,6.0,-66.0
1777890252.6133325,-7.0,2.0,-70.0
1777890252.6233325,-8.0,-1.0,-72.0
1777890252.6333325,-6.0,-2.0,-66.0
1777890252.6433325,-2.0,-4.0,-67.0
1777890252.6533325,-3.0,-2.0,-61.0
1777890252.6633325,-1.0,-2.0,-63.0
1777890252.6733325,0.0,-2.0,-70.0
1777890252.6833324,-1.0,-4.0,-68.0
1777890252.6933324,-1.0,-3.0,-74.0
1777890252.7033324,-3.0,-2.0,-69.0
1777890252.7133324,0.0,0.0,-72.0
1777890252.7233324,-1.0,5.0,-75.0
1777890252.7333324,0.0,2.0,-73.0
1777890252.7433324,4.0,0.0,-75.0
1777890252.7533324,5.0,1.0,-75.0
1777890252.7633324,5.0,0.0,-81.0
1777890252.7733324,5.0,-3.0,-75.0
1777890252.7833323,1.0,-2.0,-74.0
1777890252.7933323,0.0,4.0,-74.0
1777890252.8033323,8.0,0.0,-73.0
1777890252.8133323,8.0,4.0,-76.0
1777890252.8233323,7.0,3.0,-82.0
1777890252.8333323,3.0,0.0,-85.0
1777890252.8433323,2.0,0.0,-88.0
1777890252.8533323,2.0,3.0,-86.0
1777890252.8633325,0.0,7.0,-82.0
1777890252.8733325,0.0,1.0,-78.0
1777890252.8833325,1.0,-1.0,-80.0
1777890252.8933325,2.0,-4.0,-68.0
1777890252.9033325,3.0,-8.0,-67.0
1777890252.9133325,1.0,-4.0,-69.0
1777890252.9233325,0.0,-3.0,-69.0
1777890252.9333324,0.0,-2.0,-72.0
1777890252.9433324,0.0,-2.0,-75.0
1777890252.9533324,7.0,5.0,-82.0
1777890252.9633324,8.0,8.0,-77.0
1777890252.9733324,5.0,7.0,-73.0
1777890252.9833324,2.0,3.0,-74.0
1777890252.9933324,0.0,4.0,-75.0
1777890253.0033324,-4.0,11.0,-78.0
1777890253.0133324,-2.0,5.0,-74.0
1777890253.0233324,-2.0,0.0,-73.0
1777890253.0333323,2.0,-2.0,-77.0
1777890253.0433323,1.0,-4.0,-76.0
1777890253.0533323,2.0,-1.0,-72.0
1777890253.0633323,5.0,-4.0,-67.0
1777890253.0733323,7.0,-5.0,-69.0
1777890253.0833323,10.0,-7.0,-69.0
1777890253.0933323,9.0,-7.0,-73.0
1777890253.1033323,15.0,0.0,-82.0
1777890253.1133325,13.0,2.0,-81.0
1777890253.1233325,10.0,-1.0,-84.0
1777890253.1333325,6.0,-1.0,-77.0
1777890253.1433325,8.0,-3.0,-84.0
1777890253.1533325,5.0,-3.0,-84.0
1777890253.1633325,1.0,0.0,-78.0
1777890253.1733325,3.0,2.0,-75.0
1777890253.1833324,1.0,2.0,-71.0
1777890253.1933324,0.0,1.0,-62.0
1777890253.2033324,3.0,0.0,-66.0
1777890253.2133324,-1.0,-1.0,-69.0
1777890253.2233324,-2.0,2.0,-68.0
1777890253.2333324,-1.0,0.0,-76.0
1777890253.2433324,-2.0,0.0,-75.0
1777890253.2533324,-4.0,-1.0,-74.0
1777890253.2633324,0.0,-2.0,-81.0
1777890253.2733324,0.0,-4.0,-84.0
1777890253.2833323,2.0,-3.0,-85.0
1777890253.2933323,2.0,-2.0,-79.0
1777890253.3033323,3.0,-2.0,-75.0
1777890253.3133323,4.0,2.0,-77.0
1777890253.3233323,0.0,2.0,-81.0
1777890253.3333323,0.0,2.0,-82.0
1777890253.3433323,-4.0,1.0,-78.0
1777890253.3533323,0.0,2.0,-85.0
1777890253.3633325,3.0,0.0,-86.0
1777890253.3733325,3.0,1.0,-87.0
1777890253.3833325,3.0,0.0,-87.0
1777890253.3933325,3.0,0.0,-86.0
1777890253.4033325,0.0,0.0,-84.0
1777890253.4133325,0.0,0.0,-84.0
1777890253.4233325,2.0,-3.0,-84.0
1777890253.4333324,6.0,-8.0,-83.0
1777890253.4433324,9.0,-10.0,-75.0
1777890253.4533324,10.0,-5.0,-73.0
1777890253.4633324,12.0,-4.0,-75.0
1777890253.4733324,11.0,-2.0,-71.0
1777890253.4833324,5.0,-4.0,-70.0
1777890253.4933324,5.0,-4.0,-65.0
1777890253.5033324,5.0,-3.0,-66.0
1777890253.5133324,3.0,0.0,-66.0
1777890253.5233324,-2.0,0.0,-68.0
1777890253.5333323,-2.0,-2.0,-70.0
1777890253.5433323,-4.0,-3.0,-72.0
1777890253.5533323,0.0,-1.0,-70.0
1777890253.5633323,-3.0,0.0,-76.0
1777890253.5733323,0.0,-3.0,-79.0
1777890253.5833323,-2.0,-5.0,-79.0
1777890253.5933323,-2.0,-2.0,-79.0
1777890253.6033323,-1.0,-6.0,-81.0
1777890253.6133325,1.0,-7.0,-80.0
1777890253.6233325,0.0,-8.0,-80.0
1777890253.6333325,-1.0,-8.0,-81.0
1777890253.6433325,-1.0,-2.0,-83.0
1777890253.6533325,-1.0,0.0,-84.0
1777890253.6633325,3.0,-3.0,-86.0
1777890253.6733325,-1.0,-1.0,-86.0
1777890253.6833324,1.0,3.0,-79.0
1777890253.6933324,-2.0,0.0,-75.0
1777890253.7033324,-2.0,0.0,-70.0
1777890253.7133324,1.0,2.0,-71.0
1777890253.7233324,-3.0,2.0,-73.0
1777890253.7333324,-4.0,2.0,-81.0
1777890253.7433324,0.0,1.0,-80.0
1777890253.7533324,0.0,-4.0,-78.0
1777890253.7633324,1.0,-1.0,-78.0
1777890253.7733324,0.0,-3.0,-71.0
1777890253.7833323,-1.0,-5.0,-69.0
1777890253.7933323,-2.0,-4.0,-75.0
1777890253.8033323,-4.0,-4.0,-76.0
1777890253.8133323,0.0,-4.0,-79.0
1777890253.8233323,0.0,2.0,-80.0
1777890253.8333323,5.0,3.0,-79.0
1777890253.8433323,5.0,4.0,-80.0
1777890253.8533323,4.0,0.0,-87.0
1777890253.8633325,7.0,-4.0,-81.0
1777890253.8733325,7.0,-3.0,-82.0
1777890253.8833325,4.0,-1.0,-84.0
1777890253.8933325,0.0,2.0,-80.0
1777890253.9033325,-1.0,0.0,-80.0
1777890253.9133325,2.0,-4.0,-74.0
1777890253.9233325,1.0,-7.0,-71.0
1777890253.9333324,2.0,-5.0,-70.0
1777890253.9433324,3.0,-3.0,-66.0
1777890253.9533324,2.0,-7.0,-69.0
1777890253.9633324,0.0,-6.0,-73.0
1777890253.9733324,-4.0,-1.0,-76.0
1777890253.9833324,-3.0,-3.0,-81.0
1777890253.9933324,-4.0,-5.0,-82.0
1777890254.0033324,-5.0,-3.0,-77.0
1777890254.0133324,0.0,-3.0,-73.0
1777890254.0233324,0.0,-1.0,-79.0
1777890254.0333323,-1.0,-4.0,-80.0
1777890254.0433323,1.0,-4.0,-81.0
1777890254.0533323,-1.0,-2.0,-77.0
1777890254.0633323,-2.0,0.0,-81.0
1777890254.0733323,-5.0,2.0,-76.0
1777890254.0833323,1.0,3.0,-75.0
1777890254.0933323,3.0,4.0,-77.0
1777890254.1033323,4.0,1.0,-76.0
1777890254.1133325,7.0,-1.0,-70.0
1777890254.1233325,4.0,-1.0,-69.0
1777890254.1343324,-1.0,-2.0,-68.0
1777890254.1433325,-3.0,-2.0,-73.0
1777890254.1533325,-3.0,-5.0,-75.0
1777890254.1643324,-3.0,-3.0,-74.0
1777890254.1733325,-4.0,-7.0,-76.0
1777890254.1843324,0.0,-10.0,-77.0
1777890254.1943324,1.0,-7.0,-73.0
1777890254.2043324,4.0,-3.0,-74.0
1777890254.2143323,0.0,1.0,-73.0
1777890254.2243323,-3.0,0.0,-72.0
1777890254.2343323,-10.0,-1.0,-71.0
1777890254.2443323,-10.0,-2.0,-69.0
1777890254.2543323,-7.0,2.0,-72.0
1777890254.2643323,-8.0,1.0,-69.0
1777890254.2743323,-8.0,0.0,-67.0
1777890254.2843325,-4.0,-2.0,-64.0
1777890254.2943325,-2.0,1.0,-66.0
1777890254.3043325,-1.0,0.0,-62.0
1777890254.3143325,0.0,1.0,-62.0
1777890254.3243325,-5.0,5.0,-72.0
1777890254.3343325,-6.0,5.0,-75.0
1777890254.3443325,-9.0,2.0,-75.0
1777890254.3543324,-2.0,4.0,-80.0
1777890254.3643324,-1.0,-2.0,-79.0
1777890254.3733325,-5.0,-2.0,-68.0
1777890254.3843324,-2.0,-4.0,-62.0
1777890254.3943324,-3.0,-4.0,-72.0
1777890254.4043324,-1.0,-7.0,-78.0
1777890254.4143324,3.0,-10.0,-78.0
1777890254.4243324,2.0,-9.0,-74.0
1777890254.4343324,0.0,-11.0,-67.0
1777890254.4443324,0.0,-14.0,-64.0
1777890254.4543324,-1.0,-6.0,-63.0
1777890254.4643323,1.0,-2.0,-69.0
1777890254.4743323,2.0,0.0,-72.0
1777890254.4843323,2.0,1.0,-69.0
1777890254.4943323,0.0,1.0,-67.0
1777890254.5043323,0.0,3.0,-62.0
1777890254.5143323,0.0,1.0,-69.0
1777890254.5243323,-1.0,1.0,-73.0
1777890254.5343325,3.0,1.0,-78.0
1777890254.5443325,6.0,0.0,-74.0
1777890254.5543325,5.0,3.0,-72.0
1777890254.5643325,0.0,7.0,-74.0
1777890254.5743325,-6.0,7.0,-76.0
1777890254.5843325,-1.0,0.0,-77.0
1777890254.5943325,0.0,0.0,-78.0
1777890254.6043324,1.0,0.0,-78.0
1777890254.6143324,-2.0,0.0,-83.0
1777890254.6243324,-6.0,1.0,-82.0
1777890254.6343324,-8.0,6.0,-84.0
1777890254.6443324,-2.0,4.0,-90.0
1777890254.6543324,-1.0,5.0,-83.0
1777890254.6643324,1.0,7.0,-79.0
1777890254.6743324,4.0,9.0,-81.0
1777890254.6843324,0.0,9.0,-72.0
1777890254.6943324,0.0,1.0,-76.0
1777890254.7043324,1.0,-2.0,-80.0
1777890254.7143323,5.0,1.0,-75.0
1777890254.7243323,3.0,4.0,-70.0
1777890254.7343323,4.0,3.0,-66.0
1777890254.7443323,0.0,0.0,-69.0
1777890254.7543323,0.0,3.0,-71.0
1777890254.7643323,0.0,2.0,-80.0
1777890254.7743323,3.0,0.0,-82.0
1777890254.7843325,1.0,0.0,-77.0
1777890254.7943325,-1.0,0.0,-77.0
1777890254.8043325,4.0,-1.0,-81.0
1777890254.8143325,5.0,-3.0,-86.0
1777890254.8243325,3.0,-5.0,-87.0
1777890254.8343325,3.0,-3.0,-82.0
1777890254.8443325,0.0,4.0,-80.0
1777890254.8543324,1.0,6.0,-77.0
1777890254.8643324,7.0,1.0,-82.0
1777890254.8743324,6.0,0.0,-76.0
1777890254.8843324,7.0,1.0,-80.0
1777890254.8943324,8.0,4.0,-86.0
1777890254.9043324,4.0,2.0,-79.0
1777890254.9143324,7.0,1.0,-74.0
1777890254.9243324,3.0,0.0,-69.0
1777890254.9343324,0.0,2.0,-72.0
1777890254.9443324,0.0,0.0,-73.0
1777890254.9543324,0.0,-2.0,-74.0
1777890254.9643323,0.0,0.0,-77.0
1777890254.9743323,2.0,-4.0,-75.0
1777890254.9843323,1.0,-3.0,-75.0
1777890254.9943323,0.0,0.0,-82.0
1777890255.0043323,-3.0,0.0,-84.0
1777890255.0143323,-1.0,0.0,-86.0
1777890255.0243323,-3.0,1.0,-87.0
1777890255.0343325,0.0,0.0,-83.0
1777890255.0443325,1.0,-2.0,-78.0
1777890255.0543325,-1.0,-1.0,-76.0
1777890255.0643325,0.0,0.0,-73.0
1777890255.0743325,2.0,3.0,-70.0
1777890255.0843325,1.0,6.0,-75.0
1777890255.0943325,4.0,6.0,-77.0
1777890255.1043324,4.0,4.0,-80.0
1777890255.1143324,4.0,1.0,-77.0
1777890255.1243324,0.0,1.0,-74.0
1777890255.1343324,0.0,3.0,-68.0
1777890255.1443324,2.0,1.0,-73.0
1777890255.1543324,1.0,0.0,-75.0
1777890255.1643324,1.0,1.0,-80.0
1777890255.1743324,0.0,1.0,-80.0
1777890255.1843324,-1.0,-1.0,-84.0
1777890255.1943324,1.0,1.0,-80.0
1777890255.2043324,0.0,2.0,-83.0
1777890255.2143323,-6.0,2.0,-80.0
1777890255.2243323,-4.0,3.0,-76.0
1777890255.2343323,0.0,6.0,-78.0
1777890255.2443323,-1.0,5.0,-79.0
1777890255.2543323,-7.0,3.0,-81.0
1777890255.2643323,-6.0,4.0,-80.0
1777890255.2743323,-3.0,2.0,-71.0
1777890255.2843325,-4.0,-1.0,-71.0
1777890255.2943325,1.0,-4.0,-70.0
1777890255.3043325,0.0,-5.0,-70.0
1777890255.3143325,0.0,-4.0,-69.0
1777890255.3243325,-5.0,-1.0,-70.0
1777890255.3343325,-2.0,-1.0,-69.0
1777890255.3443325,3.0,-5.0,-66.0
1777890255.3543324,4.0,-9.0,-69.0
1777890255.3643324,0.0,-7.0,-68.0
1777890255.3743324,-4.0,-6.0,-72.0
1777890255.3843324,0.0,-11.0,-68.0
1777890255.3943324,-1.0,-8.0,-68.0
1777890255.4043324,0.0,-2.0,-68.0
1777890255.4143324,-2.0,3.0,-72.0
1777890255.4243324,0.0,4.0,-68.0
1777890255.4343324,2.0,1.0,-69.0
1777890255.4443324,5.0,0.0,-69.0
1777890255.4543324,9.0,-1.0,-80.0
1777890255.4643323,7.0,-2.0,-81.0
1777890255.4743323,5.0,-5.0,-76.0
1777890255.4843323,2.0,-4.0,-71.0
1777890255.4943323,1.0,-3.0,-70.0
1777890255.5043323,1.0,-2.0,-71.0
1777890255.5143323,6.0,0.0,-74.0
1777890255.5243323,8.0,-1.0,-76.0
1777890255.5343325,6.0,-2.0,-76.0
1777890255.5443325,7.0,0.0,-83.0
1777890255.5543325,6.0,2.0,-88.0
1777890255.5643325,3.0,2.0,-84.0
1777890255.5743325,-1.0,4.0,-81.0
1777890255.5843325,0.0,4.0,-78.0
1777890255.5943325,0.0,1.0,-67.0
1777890255.6043324,4.0,0.0,-70.0
1777890255.6143324,4.0,3.0,-69.0
1777890255.6243324,0.0,2.0,-73.0
1777890255.6343324,6.0,1.0,-73.0
1777890255.6443324,2.0,1.0,-73.0
1777890255.6543324,-1.0,1.0,-72.0
1777890255.6643324,2.0,2.0,-73.0
1777890255.6743324,5.0,-1.0,-70.0
1777890255.6843324,5.0,-2.0,-72.0
1777890255.6943324,1.0,-3.0,-73.0
1777890255.7043324,1.0,0.0,-71.0
1777890255.7143323,2.0,-3.0,-68.0
1777890255.7243323,1.0,-4.0,-70.0
1777890255.7343323,0.0,-4.0,-71.0
1777890255.7443323,-1.0,-4.0,-73.0
1777890255.7543323,-4.0,-7.0,-76.0
1777890255.7643323,-6.0,-8.0,-89.0
1777890255.7743323,-7.0,-7.0,-85.0
1777890255.7843325,-4.0,-3.0,-81.0
1777890255.7943325,-7.0,-4.0,-81.0
1777890255.8043325,-5.0,-5.0,-77.0
1777890255.8143325,-6.0,-5.0,-78.0
1777890255.8243325,-5.0,-4.0,-78.0
1777890255.8343325,-3.0,-1.0,-69.0
1777890255.8443325,-3.0,0.0,-68.0
1777890255.8543324,-3.0,2.0,-61.0
1777890255.8643324,-2.0,4.0,-62.0
1777890255.8743324,-3.0,6.0,-62.0
1777890255.8843324,-1.0,4.0,-66.0
1777890255.8943324,2.0,0.0,-72.0
1777890255.9043324,2.0,0.0,-74.0
1777890255.9143324,5.0,-1.0,-76.0
1777890255.9243324,2.0,-4.0,-75.0
1777890255.9343324,-1.0,-3.0,-81.0
1777890255.9443324,-5.0,-2.0,-79.0
1777890255.9543324,-5.0,0.0,-79.0
1777890255.9643323,-3.0,5.0,-73.0
1777890255.9743323,0.0,6.0,-73.0
1777890255.9843323,0.0,3.0,-69.0
1777890255.9943323,2.0,2.0,-71.0
1777890256.0043323,2.0,-1.0,-74.0
1777890256.0143323,0.0,-6.0,-77.0
1777890256.0243323,0.0,-6.0,-70.0
1777890256.0343325,1.0,-8.0,-71.0
1777890256.0443325,0.0,-5.0,-71.0
1777890256.0543325,1.0,-5.0,-70.0
1777890256.0643325,1.0,-1.0,-69.0
1777890256.0743325,0.0,0.0,-69.0
1777890256.0843325,1.0,-1.0,-75.0
1777890256.0943325,1.0,0.0,-86.0
1777890256.1043324,1.0,3.0,-80.0
1777890256.1143324,-2.0,1.0,-79.0
1777890256.1243324,-1.0,-5.0,-74.0
1777890256.1353323,-1.0,-7.0,-75.0
1777890256.1453323,1.0,-8.0,-71.0
1777890256.1543324,-4.0,-4.0,-73.0
1777890256.1653323,-7.0,-3.0,-74.0
1777890256.1753323,-9.0,-2.0,-78.0
1777890256.1853323,-6.0,0.0,-81.0
1777890256.1953323,-6.0,2.0,-75.0
1777890256.2053325,-9.0,5.0,-74.0
1777890256.2153325,-10.0,3.0,-77.0
1777890256.2253325,-7.0,3.0,-71.0
1777890256.2353325,-4.0,5.0,-69.0
1777890256.2453325,0.0,6.0,-71.0
1777890256.2553325,1.0,2.0,-76.0
1777890256.2653325,1.0,2.0,-80.0
1777890256.2753325,-1.0,2.0,-86.0
1777890256.2853324,-5.0,0.0,-89.0
1777890256.2953324,-7.0,-3.0,-90.0
1777890256.3053324,-10.0,2.0,-90.0
1777890256.3153324,-8.0,-1.0,-97.0
1777890256.3253324,-6.0,-4.0,-95.0
1777890256.3353324,-4.0,-3.0,-84.0
1777890256.3453324,1.0,-1.0,-83.0
1777890256.3553324,0.0,0.0,-78.0
1777890256.3653324,0.0,-1.0,-78.0
1777890256.3753324,-5.0,-1.0,-73.0
1777890256.3853323,-5.0,-1.0,-79.0
1777890256.3953323,-5.0,-1.0,-88.0
1777890256.4053323,-8.0,-4.0,-85.0
1777890256.4153323,-6.0,-8.0,-76.0
1777890256.4253323,-9.0,-6.0,-80.0
1777890256.4353323,-11.0,-6.0,-78.0
1777890256.4453323,-10.0,-9.0,-82.0
1777890256.4553325,-3.0,-8.0,-85.0
1777890256.4653325,-4.0,0.0,-79.0
1777890256.4753325,-1.0,-7.0,-82.0
1777890256.4853325,1.0,-4.0,-75.0
1777890256.4953325,5.0,-3.0,-73.0
1777890256.5053325,5.0,-1.0,-71.0
1777890256.5153325,1.0,-5.0,-75.0
1777890256.5253325,1.0,-5.0,-82.0
1777890256.5353324,0.0,-3.0,-70.0
1777890256.5453324,1.0,0.0,-71.0
1777890256.5553324,3.0,-1.0,-74.0
1777890256.5653324,7.0,0.0,-70.0
1777890256.5753324,3.0,0.0,-70.0
1777890256.5853324,9.0,-3.0,-70.0
1777890256.5953324,11.0,-6.0,-64.0
1777890256.6053324,8.0,-6.0,-65.0
1777890256.6153324,5.0,-2.0,-70.0
1777890256.6253324,1.0,-3.0,-73.0
1777890256.6353323,0.0,-6.0,-74.0
1777890256.6453323,0.0,-6.0,-74.0
1777890256.6553323,0.0,-3.0,-75.0
1777890256.6653323,2.0,1.0,-74.0
1777890256.6753323,0.0,7.0,-70.0
1777890256.6853323,-1.0,8.0,-78.0
1777890256.6953323,0.0,3.0,-81.0
1777890256.7053325,4.0,0.0,-72.0
1777890256.7153325,11.0,-2.0,-72.0
1777890256.7253325,7.0,-3.0,-77.0
1777890256.7353325,4.0,-4.0,-77.0
1777890256.7453325,1.0,-2.0,-84.0
1777890256.7553325,3.0,-1.0,-83.0
1777890256.7653325,8.0,-2.0,-80.0
1777890256.7753325,6.0,-2.0,-80.0
1777890256.7853324,0.0,0.0,-76.0
1777890256.7953324,0.0,-2.0,-72.0
1777890256.8053324,1.0,1.0,-72.0
1777890256.8153324,0.0,2.0,-71.0
1777890256.8253324,-3.0,0.0,-67.0
1777890256.8353324,0.0,-1.0,-67.0
1777890256.8453324,-1.0,-3.0,-70.0
1777890256.8553324,0.0,-1.0,-72.0
1777890256.8653324,2.0,-1.0,-69.0
1777890256.8753324,2.0,-2.0,-68.0
1777890256.8853323,7.0,-1.0,-73.0
1777890256.8953323,7.0,1.0,-78.0
1777890256.9053323,4.0,4.0,-77.0
1777890256.9153323,5.0,0.0,-80.0
1777890256.9253323,8.0,0.0,-79.0
1777890256.9353323,4.0,-1.0,-81.0
1777890256.9453323,0.0,0.0,-84.0
1777890256.9553325,1.0,1.0,-83.0
1777890256.9653325,-2.0,1.0,-83.0
1777890256.9753325,1.0,3.0,-82.0
1777890256.9853325,1.0,3.0,-79.0
1777890256.9953325,1.0,1.0,-79.0
1777890257.0053325,-1.0,-1.0,-77.0
1777890257.0153325,-6.0,-2.0,-84.0
1777890257.0253325,0.0,-3.0,-84.0
1777890257.0353324,1.0,-3.0,-81.0
1777890257.0453324,0.0,-2.0,-84.0
1777890257.0553324,3.0,-5.0,-82.0
1777890257.0653324,5.0,-4.0,-77.0
1777890257.0753324,5.0,-6.0,-71.0
1777890257.0853324,6.0,-6.0,-73.0
1777890257.0953324,11.0,-6.0,-69.0
1777890257.1053324,16.0,-1.0,-70.0
1777890257.1153324,14.0,-2.0,-73.0
1777890257.1253324,10.0,-3.0,-70.0
1777890257.1353323,12.0,-3.0,-69.0
1777890257.1453323,9.0,-6.0,-72.0
1777890257.1553323,10.0,-4.0,-68.0
1777890257.1653323,9.0,0.0,-70.0
1777890257.1753323,7.0,0.0,-71.0
1777890257.1853323,7.0,1.0,-68.0
1777890257.1953323,4.0,0.0,-65.0
1777890257.2053325,3.0,0.0,-64.0
1777890257.2153325,0.0,1.0,-72.0
1777890257.2253325,-6.0,0.0,-71.0
1777890257.2353325,-4.0,0.0,-73.0
1777890257.2453325,-5.0,0.0,-72.0
1777890257.2553325,-2.0,2.0,-72.0
1777890257.2653325,-3.0,-1.0,-75.0
1777890257.2753325,-6.0,0.0,-73.0
1777890257.2853324,-5.0,0.0,-70.0
1777890257.2953324,-3.0,1.0,-70.0
1777890257.3053324,-5.0,2.0,-68.0
1777890257.3153324,-5.0,1.0,-73.0
1777890257.3253324,-8.0,-1.0,-79.0
1777890257.3353324,-6.0,-3.0,-80.0
1777890257.3453324,-3.0,-9.0,-80.0
1777890257.3553324,-3.0,-6.0,-79.0
1777890257.3653324,-2.0,-2.0,-77.0
1777890257.3753324,0.0,-2.0,-78.0
1777890257.3853323,0.0,-1.0,-75.0
1777890257.3953323,0.0,-3.0,-67.0
1777890257.4053323,1.0,-5.0,-69.0
1777890257.4153323,0.0,-3.0,-72.0
1777890257.4253323,3.0,-3.0,-76.0
1777890257.4353323,1.0,-6.0,-75.0
1777890257.4453323,4.0,-6.0,-74.0
1777890257.4553325,6.0,-1.0,-73.0
1777890257.4653325,5.0,3.0,-70.0
1777890257.4753325,3.0,0.0,-64.0
1777890257.4853325,1.0,0.0,-65.0
1777890257.4953325,-2.0,-3.0,-62.0
1777890257.5053325,-1.0,-3.0,-65.0
1777890257.5153325,-2.0,1.0,-70.0
1777890257.5253325,-3.0,0.0,-73.0
1777890257.5353324,1.0,-1.0,-72.0
1777890257.5453324,0.0,-3.0,-72.0
1777890257.5553324,0.0,-4.0,-77.0
1777890257.5653324,3.0,-2.0,-74.0
1777890257.5753324,1.0,-2.0,-70.0
1777890257.5853324,0.0,-1.0,-65.0
1777890257.5953324,-1.0,-3.0,-68.0
1777890257.6053324,-3.0,-5.0,-72.0
1777890257.6153324,-2.0,-4.0,-77.0
1777890257.6253324,0.0,-1.0,-73.0
1777890257.6353323,2.0,-2.0,-72.0
1777890257.6453323,3.0,0.0,-73.0
1777890257.6553323,2.0,0.0,-83.0
1777890257.6653323,0.0,0.0,-84.0
1777890257.6753323,-3.0,-1.0,-80.0
1777890257.6853323,-4.0,0.0,-76.0
1777890257.6953323,-3.0,0.0,-77.0
1777890257.7053325,-1.0,-2.0,-79.0
1777890257.7153325,-1.0,0.0,-73.0
1777890257.7253325,-3.0,-1.0,-77.0
1777890257.7353325,-4.0,2.0,-79.0
1777890257.7453325,-5.0,0.0,-76.0
1777890257.7553325,-5.0,-1.0,-74.0
1777890257.7653325,-5.0,-1.0,-69.0
1777890257.7753325,-1.0,0.0,-71.0
1777890257.7853324,4.0,0.0,-72.0
1777890257.7953324,5.0,0.0,-77.0
1777890257.8053324,9.0,-6.0,-78.0
1777890257.8153324,13.0,-5.0,-87.0
1777890257.8253324,11.0,-3.0,-84.0
1777890257.8353324,11.0,-5.0,-77.0
1777890257.8453324,6.0,-3.0,-82.0
1777890257.8553324,6.0,-3.0,-80.0
1777890257.8653324,3.0,-1.0,-79.0
1777890257.8753324,0.0,0.0,-74.0
1777890257.8853323,-2.0,0.0,-66.0
1777890257.8953323,-1.0,0.0,-65.0
1777890257.9053323,-5.0,1.0,-64.0
1777890257.9153323,-2.0,4.0,-65.0
1777890257.9253323,0.0,4.0,-61.0
1777890257.9353323,1.0,5.0,-65.0
1777890257.9453323,1.0,0.0,-64.0
1777890257.9553325,0.0,0.0,-71.0
1777890257.9653325,0.0,-3.0,-65.0
1777890257.9753325,5.0,-4.0,-63.0
1777890257.9853325,5.0,-3.0,-61.0
1777890257.9953325,2.0,1.0,-69.0
1777890258.0053325,0.0,2.0,-68.0
1777890258.0153325,6.0,0.0,-62.0
1777890258.0253325,3.0,2.0,-62.0
1777890258.0353324,2.0,3.0,-59.0
1777890258.0453324,4.0,4.0,-61.0
1777890258.0553324,1.0,7.0,-64.0
1777890258.0653324,-1.0,9.0,-67.0
1777890258.0753324,2.0,5.0,-66.0
1777890258.0853324,0.0,8.0,-67.0
1777890258.0963323,0.0,7.0,-67.0
1777890258.1063323,2.0,0.0,-69.0
1777890258.1163323,5.0,1.0,-76.0
1777890258.1263323,3.0,0.0,-71.0
1777890258.1363325,2.0,-2.0,-79.0
1777890258.1463325,1.0,-1.0,-83.0
1777890258.1563325,4.0,-2.0,-85.0
1777890258.1663325,2.0,-3.0,-80.0
1777890258.1763325,2.0,-1.0,-81.0
1777890258.1863325,2.0,-3.0,-77.0
1777890258.1963325,0.0,-8.0,-79.0
1777890258.2063324,2.0,-9.0,-84.0
1777890258.2163324,0.0,-8.0,-81.0
1777890258.2263324,0.0,-8.0,-79.0
1777890258.2363324,0.0,-11.0,-78.0
1777890258.2463324,0.0,-11.0,-83.0
1777890258.2563324,0.0,-13.0,-81.0
1777890258.2663324,5.0,-13.0,-75.0
1777890258.2763324,8.0,-7.0,-73.0
1777890258.2863324,6.0,-8.0,-75.0
1777890258.2963324,8.0,-8.0,-79.0
1777890258.3063323,4.0,-10.0,-77.0
1777890258.3163323,3.0,-12.0,-72.0
1777890258.3263323,3.0,-14.0,-72.0
1777890258.3363323,5.0,-10.0,-70.0
1777890258.3463323,2.0,-9.0,-65.0
1777890258.3563323,-1.0,-7.0,-69.0
1777890258.3663323,-2.0,-5.0,-75.0
1777890258.3763323,-3.0,0.0,-74.0
1777890258.3863325,0.0,0.0,-76.0
1777890258.3963325,1.0,5.0,-77.0
1777890258.4063325,0.0,5.0,-69.0
1777890258.4163325,1.0,8.0,-63.0
1777890258.4263325,-2.0,4.0,-70.0
1777890258.4363325,-2.0,0.0,-76.0
1777890258.4463325,-2.0,1.0,-75.0
1777890258.4563324,-1.0,0.0,-73.0
1777890258.4663324,4.0,-2.0,-75.0
1777890258.4763324,2.0,-5.0,-75.0
1777890258.4863324,-4.0,-2.0,-76.0
1777890258.4963324,-6.0,0.0,-77.0
1777890258.5063324,-7.0,0.0,-76.0
1777890258.5163324,-6.0,0.0,-76.0
1777890258.5263324,-7.0,-1.0,-73.0
1777890258.5363324,-8.0,-2.0,-71.0
1777890258.5463324,-4.0,-1.0,-66.0
1777890258.5563323,-5.0,1.0,-59.0
1777890258.5663323,-5.0,3.0,-63.0
1777890258.5763323,-3.0,1.0,-61.0
1777890258.5863323,-6.0,-3.0,-66.0
1777890258.5963323,-3.0,-4.0,-67.0
1777890258.6063323,-3.0,0.0,-68.0
1777890258.6163323,-4.0,-1.0,-72.0
1777890258.6263323,-2.0,-1.0,-77.0
1777890258.6363325,-4.0,0.0,-84.0
1777890258.6463325,-2.0,0.0,-80.0
1777890258.6563325,0.0,1.0,-79.0
1777890258.6663325,-1.0,0.0,-77.0
1777890258.6763325,-1.0,1.0,-79.0
1777890258.6863325,0.0,1.0,-78.0
1777890258.6963325,-2.0,-2.0,-78.0
1777890258.7063324,-4.0,-4.0,-83.0
1777890258.7163324,-4.0,-4.0,-86.0
1777890258.7263324,-4.0,-2.0,-81.0
1777890258.7363324,-3.0,0.0,-77.0
1777890258.7463324,-3.0,1.0,-68.0
1777890258.7563324,0.0,0.0,-69.0
1777890258.7663324,-2.0,1.0,-72.0
1777890258.7763324,-1.0,-2.0,-71.0
1777890258.7863324,-1.0,-4.0,-66.0
1777890258.7963324,0.0,-1.0,-70.0
1777890258.8063323,0.0,0.0,-72.0
1777890258.8163323,2.0,0.0,-71.0
1777890258.8263323,2.0,-3.0,-75.0
1777890258.8363323,1.0,-4.0,-79.0
1777890258.8463323,2.0,-5.0,-72.0
1777890258.8563323,1.0,-5.0,-74.0
1777890258.8663323,3.0,-4.0,-71.0
1777890258.8763323,1.0,-2.0,-69.0
1777890258.8863325,-1.0,0.0,-67.0
1777890258.8963325,0.0,-2.0,-71.0
1777890258.9063325,0.0,-3.0,-72.0
1777890258.9163325,5.0,-2.0,-80.0
1777890258.9263325,7.0,1.0,-87.0
1777890258.9363325,6.0,4.0,-83.0
1777890258.9463325,2.0,3.0,-76.0
1777890258.9563324,7.0,6.0,-75.0
1777890258.9663324,3.0,6.0,-73.0
1777890258.9763324,3.0,5.0,-75.0
1777890258.9863324,0.0,2.0,-69.0
1777890258.9963324,-2.0,5.0,-70.0
1777890259.0063324,5.0,5.0,-76.0
1777890259.0163324,8.0,1.0,-76.0
1777890259.0263324,6.0,0.0,-73.0
1777890259.0363324,5.0,1.0,-76.0
1777890259.0463324,1.0,0.0,-75.0
1777890259.0563323,1.0,0.0,-77.0
1777890259.0663323,-1.0,0.0,-82.0
1777890259.0763323,-1.0,-1.0,-76.0
1777890259.0863323,4.0,-1.0,-69.0
1777890259.0963323,5.0,2.0,-72.0
1777890259.1063323,3.0,4.0,-73.0
1777890259.1163323,1.0,4.0,-74.0
1777890259.1263323,1.0,6.0,-79.0
1777890259.1363325,4.0,3.0,-76.0
1777890259.1463325,3.0,3.0,-74.0
1777890259.1563325,1.0,2.0,-68.0
1777890259.1663325,3.0,1.0,-66.0
1777890259.1763325,5.0,0.0,-67.0
1777890259.1863325,10.0,-2.0,-62.0
1777890259.1963325,9.0,1.0,-64.0
1777890259.2063324,11.0,0.0,-69.0
1777890259.2163324,12.0,0.0,-67.0
1777890259.2263324,9.0,-1.0,-67.0
1777890259.2363324,6.0,-1.0,-69.0
1777890259.2463324,5.0,-3.0,-75.0
1777890259.2563324,2.0,0.0,-76.0
1777890259.2663324,-2.0,0.0,-72.0
1777890259.2763324,2.0,0.0,-82.0
1777890259.2863324,0.0,1.0,-80.0
1777890259.2963324,0.0,4.0,-74.0
1777890259.3063323,0.0,2.0,-73.0
1777890259.3163323,-1.0,0.0,-83.0
1777890259.3263323,0.0,3.0,-86.0
1777890259.3363323,0.0,3.0,-78.0
1777890259.3463323,3.0,0.0,-79.0
1777890259.3563323,1.0,-4.0,-85.0
1777890259.3663323,0.0,-6.0,-83.0
1777890259.3763323,2.0,-9.0,-86.0
1777890259.3863325,3.0,-9.0,-84.0
1777890259.3963325,-3.0,-8.0,-79.0
1777890259.4063325,-1.0,-3.0,-81.0
1777890259.4163325,0.0,0.0,-73.0
1777890259.4263325,0.0,0.0,-72.0
1777890259.4363325,2.0,2.0,-69.0
1777890259.4463325,1.0,4.0,-65.0
1777890259.4563324,0.0,6.0,-71.0
1777890259.4663324,-2.0,5.0,-83.0
1777890259.4763324,0.0,0.0,-82.0
1777890259.4863324,1.0,0.0,-87.0
1777890259.4963324,2.0,0.0,-87.0
1777890259.5063324,1.0,-1.0,-90.0
1777890259.5163324,2.0,0.0,-86.0
1777890259.5263324,-1.0,0.0,-71.0
1777890259.5363324,0.0,1.0,-70.0
1777890259.5463324,1.0,3.0,-75.0
1777890259.5563323,0.0,1.0,-71.0
1777890259.5663323,3.0,0.0,-69.0
1777890259.5763323,-2.0,1.0,-65.0
1777890259.5863323,-4.0,-1.0,-68.0
1777890259.5963323,1.0,-1.0,-68.0
1777890259.6063323,6.0,-4.0,-70.0
1777890259.6163323,3.0,1.0,-74.0
1777890259.6263323,-2.0,0.0,-71.0
1777890259.6363325,-3.0,-2.0,-75.0
1777890259.6463325,0.0,-2.0,-79.0
1777890259.6563325,0.0,-1.0,-81.0
1777890259.6663325,-1.0,-3.0,-83.0
1777890259.6763325,-4.0,0.0,-82.0
1777890259.6863325,-5.0,1.0,-81.0
1777890259.6963325,0.0,2.0,-77.0
1777890259.7063324,-4.0,4.0,-73.0
1777890259.7163324,-4.0,4.0,-71.0
1777890259.7263324,-7.0,2.0,-74.0
1777890259.7363324,-3.0,4.0,-75.0
1777890259.7463324,1.0,0.0,-79.0
1777890259.7563324,1.0,-1.0,-80.0
1777890259.7663324,0.0,0.0,-78.0
1777890259.7763324,-2.0,0.0,-72.0
1777890259.7863324,1.0,2.0,-71.0
1777890259.7963324,2.0,0.0,-67.0
1777890259.8063323,5.0,0.0,-65.0
1777890259.8163323,4.0,-3.0,-64.0
1777890259.8263323,1.0,-1.0,-62.0
1777890259.8363323,-6.0,0.0,-67.0
1777890259.8463323,-4.0,0.0,-65.0
1777890259.8563323,-3.0,0.0,-67.0
1777890259.8663323,0.0,4.0,-74.0
1777890259.8763323,0.0,3.0,-74.0
1777890259.8863325,0.0,3.0,-74.0
1777890259.8963325,5.0,-1.0,-71.0
1777890259.9063325,-1.0,-3.0,-67.0
1777890259.9163325,0.0,-5.0,-70.0
1777890259.9263325,0.0,-6.0,-67.0
1777890259.9363325,4.0,-6.0,-75.0
1777890259.9463325,8.0,-4.0,-78.0
1777890259.9563324,8.0,0.0,-82.0
1777890259.9663324,9.0,2.0,-81.0
1777890259.9763324,6.0,0.0,-81.0
1777890259.9863324,6.0,0.0,-84.0
1777890259.9963324,9.0,-4.0,-81.0
1777890260.0063324,10.0,-6.0,-76.0
1777890260.0163324,12.0,-2.0,-74.0
1777890260.0263324,11.0,-5.0,-79.0
1777890260.0363324,11.0,-3.0,-84.0
1777890260.0463324,8.0,-3.0,-79.0
1777890260.0563323,4.0,-2.0,-78.0
1777890260.0663323,3.0,-1.0,-76.0
1777890260.0763323,1.0,-4.0,-75.0
1777890260.0863323,0.0,-3.0,-78.0
1777890260.0963323,1.0,-5.0,-71.0
1777890260.1063323,0.0,-6.0,-70.0
1777890260.1173325,0.0,-3.0,-72.0
1777890260.1273324,3.0,-1.0,-83.0
1777890260.1373324,5.0,-1.0,-80.0
1777890260.1473324,6.0,0.0,-79.0
1777890260.1573324,1.0,1.0,-75.0
1777890260.1673324,0.0,1.0,-79.0
1777890260.1773324,2.0,1.0,-82.0
1777890260.1873324,2.0,3.0,-83.0
1777890260.1973324,3.0,3.0,-80.0
1777890260.2073324,1.0,6.0,-78.0
1777890260.2173324,5.0,2.0,-84.0
1777890260.2273324,5.0,5.0,-80.0
1777890260.2373323,4.0,2.0,-80.0
1777890260.2473323,3.0,3.0,-80.0
1777890260.2573323,6.0,2.0,-82.0
1777890260.2673323,4.0,4.0,-80.0
1777890260.2773323,9.0,6.0,-81.0
1777890260.2873323,10.0,3.0,-81.0
1777890260.2973323,12.0,2.0,-83.0
1777890260.3073325,14.0,2.0,-75.0
1777890260.3173325,5.0,-3.0,-78.0
1777890260.3273325,3.0,-5.0,-73.0
1777890260.3373325,2.0,-4.0,-67.0
1777890260.3473325,3.0,-3.0,-71.0
1777890260.3573325,3.0,-6.0,-70.0
1777890260.3673325,5.0,-8.0,-68.0
1777890260.3773324,3.0,-8.0,-69.0
1777890260.3873324,1.0,-6.0,-74.0
1777890260.3973324,0.0,-5.0,-79.0
1777890260.4073324,4.0,-5.0,-80.0
1777890260.4173324,0.0,-8.0,-81.0
1777890260.4273324,1.0,-2.0,-75.0
1777890260.4373324,-1.0,-3.0,-74.0
1777890260.4473324,-1.0,0.0,-77.0
1777890260.4573324,0.0,-1.0,-77.0
1777890260.4673324,0.0,-3.0,-80.0
1777890260.4773324,2.0,-6.0,-77.0
1777890260.4873323,1.0,-3.0,-73.0
1777890260.4973323,0.0,-4.0,-78.0
1777890260.5073323,1.0,-5.0,-80.0
1777890260.5173323,1.0,-2.0,-81.0
1777890260.5273323,4.0,0.0,-79.0
1777890260.5373323,3.0,-1.0,-79.0
1777890260.5473323,5.0,1.0,-83.0
1777890260.5573325,1.0,0.0,-80.0
1777890260.5673325,1.0,3.0,-77.0
1777890260.5773325,3.0,3.0,-72.0
1777890260.5873325,2.0,4.0,-68.0
1777890260.5973325,2.0,2.0,-68.0
1777890260.6073325,4.0,-6.0,-68.0
1777890260.6173325,1.0,-5.0,-76.0
1777890260.6273324,-1.0,-1.0,-84.0
1777890260.6373324,-1.0,2.0,-86.0
1777890260.6473324,0.0,0.0,-85.0
1777890260.6573324,-3.0,0.0,-82.0
1777890260.6673324,-4.0,-1.0,-81.0
1777890260.6773324,-4.0,2.0,-81.0
1777890260.6873324,-1.0,0.0,-79.0
1777890260.6973324,1.0,0.0,-84.0
1777890260.7073324,-1.0,3.0,-84.0
1777890260.7173324,1.0,2.0,-85.0
1777890260.7273324,6.0,1.0,-76.0
1777890260.7373323,8.0,-1.0,-74.0
1777890260.7473323,8.0,-3.0,-78.0
1777890260.7573323,11.0,-7.0,-83.0
1777890260.7673323,9.0,-7.0,-81.0
1777890260.7773323,9.0,-2.0,-78.0
1777890260.7873323,8.0,-6.0,-78.0
1777890260.7973323,3.0,-8.0,-72.0
1777890260.8073325,1.0,-4.0,-72.0
1777890260.8173325,0.0,-6.0,-71.0
1777890260.8273325,9.0,-5.0,-65.0
1777890260.8373325,3.0,0.0,-69.0
1777890260.8473325,0.0,3.0,-73.0
1777890260.8573325,0.0,4.0,-74.0
1777890260.8673325,-1.0,5.0,-80.0
1777890260.8773324,0.0,3.0,-79.0
1777890260.8873324,-3.0,0.0,-76.0
1777890260.8973324,-4.0,-2.0,-75.0
1777890260.9073324,-2.0,-2.0,-79.0
1777890260.9173324,-3.0,-4.0,-81.0
1777890260.9273324,-1.0,-3.0,-72.0
1777890260.9373324,0.0,-2.0,-67.0
1777890260.9473324,0.0,-1.0,-62.0
1777890260.9573324,0.0,-2.0,-67.0
1777890260.9673324,2.0,-2.0,-67.0
1777890260.9773324,2.0,-7.0,-69.0
1777890260.9873323,-4.0,-8.0,-73.0
1777890260.9973323,-7.0,-7.0,-78.0
1777890261.0073323,-5.0,-8.0,-80.0
1777890261.0173323,-6.0,-9.0,-77.0
1777890261.0273323,-4.0,-6.0,-76.0
1777890261.0373323,0.0,-1.0,-72.0
1777890261.0473323,0.0,-1.0,-71.0
1777890261.0573325,2.0,0.0,-70.0
1777890261.0673325,3.0,1.0,-67.0
1777890261.0773325,1.0,2.0,-75.0
1777890261.0873325,2.0,1.0,-77.0
1777890261.0973325,1.0,-1.0,-79.0
1777890261.1073325,4.0,1.0,-79.0
1777890261.1173325,3.0,0.0,-82.0
1777890261.1273324,0.0,0.0,-77.0
1777890261.1373324,0.0,0.0,-74.0
1777890261.1473324,-2.0,-4.0,-76.0
1777890261.1573324,-2.0,-10.0,-76.0
1777890261.1673324,0.0,-12.0,-73.0
1777890261.1773324,0.0,-9.0,-72.0
1777890261.1873324,3.0,-7.0,-78.0
1777890261.1973324,-1.0,-4.0,-82.0
1777890261.2073324,1.0,-3.0,-81.0
1777890261.2173324,0.0,1.0,-75.0
1777890261.2273324,-2.0,0.0,-71.0
1777890261.2373323,1.0,-3.0,-73.0
1777890261.2473323,1.0,-2.0,-75.0
1777890261.2573323,4.0,-3.0,-79.0
1777890261.2673323,4.0,-6.0,-82.0
1777890261.2773323,-2.0,-6.0,-74.0
1777890261.2873323,1.0,-1.0,-70.0
1777890261.2973323,3.0,0.0,-65.0
1777890261.3073325,3.0,1.0,-61.0
1777890261.3173325,8.0,-2.0,-68.0
1777890261.3273325,9.0,-4.0,-69.0
1777890261.3373325,7.0,-6.0,-68.0
1777890261.3473325,0.0,-2.0,-73.0
1777890261.3573325,2.0,0.0,-77.0
1777890261.3673325,3.0,6.0,-79.0
1777890261.3773324,5.0,3.0,-79.0
1777890261.3873324,4.0,4.0,-78.0
1777890261.3973324,0.0,0.0,-82.0
1777890261.4073324,2.0,-3.0,-86.0
1777890261.4173324,0.0,-5.0,-85.0
1777890261.4273324,0.0,-7.0,-83.0
1777890261.4373324,-2.0,-5.0,-80.0
1777890261.4473324,0.0,-2.0,-73.0
1777890261.4573324,1.0,0.0,-65.0
1777890261.4673324,5.0,0.0,-71.0
1777890261.4773324,9.0,-1.0,-75.0
1777890261.4873323,4.0,-1.0,-76.0
1777890261.4973323,1.0,-2.0,-76.0
1777890261.5073323,-3.0,-6.0,-76.0
1777890261.5173323,-2.0,-6.0,-74.0
1777890261.5273323,0.0,-1.0,-74.0
1777890261.5373323,2.0,4.0,-67.0
1777890261.5473323,4.0,6.0,-68.0
1777890261.5573325,4.0,4.0,-74.0
1777890261.5673325,3.0,1.0,-81.0
1777890261.5773325,2.0,-2.0,-84.0
1777890261.5873325,2.0,-1.0,-77.0
1777890261.5973325,4.0,-1.0,-73.0
1777890261.6073325,5.0,0.0,-74.0
1777890261.6173325,5.0,-1.0,-77.0
1777890261.6273324,5.0,1.0,-70.0
1777890261.6373324,2.0,0.0,-74.0
1777890261.6473324,-1.0,-1.0,-72.0
1777890261.6573324,0.0,0.0,-75.0
1777890261.6673324,-2.0,0.0,-70.0
1777890261.6773324,-2.0,0.0,-70.0
1777890261.6873324,-4.0,0.0,-73.0
1777890261.6973324,2.0,4.0,-69.0
1777890261.7073324,4.0,4.0,-71.0
1777890261.7173324,5.0,6.0,-66.0
1777890261.7273324,7.0,11.0,-70.0
1777890261.7373323,3.0,8.0,-69.0
1777890261.7473323,1.0,7.0,-68.0
1777890261.7573323,1.0,5.0,-68.0
1777890261.7673323,-1.0,3.0,-61.0
1777890261.7773323,-2.0,-1.0,-62.0
1777890261.7873323,-4.0,-4.0,-67.0
1777890261.7973323,1.0,-6.0,-69.0
1777890261.8073325,1.0,-5.0,-68.0
1777890261.8173325,0.0,-4.0,-68.0
1777890261.8273325,-2.0,-2.0,-67.0
1777890261.8373325,-1.0,3.0,-67.0
1777890261.8473325,-5.0,5.0,-64.0
1777890261.8573325,0.0,5.0,-65.0
1777890261.8673325,-1.0,5.0,-66.0
1777890261.8773324,0.0,3.0,-71.0
1777890261.8873324,5.0,3.0,-71.0
1777890261.8973324,9.0,1.0,-73.0
1777890261.9073324,11.0,0.0,-76.0
1777890261.9173324,7.0,0.0,-80.0
1777890261.9273324,4.0,-1.0,-83.0
1777890261.9373324,1.0,-4.0,-86.0
1777890261.9473324,0.0,-5.0,-80.0
1777890261.9573324,1.0,-6.0,-77.0
1777890261.9673324,0.0,-3.0,-77.0
1777890261.9773324,1.0,-7.0,-73.0
1777890261.9873323,1.0,-4.0,-67.0
1777890261.9973323,5.0,-6.0,-66.0
1777890262.0073323,0.0,-6.0,-66.0
1777890262.0173323,0.0,-5.0,-67.0
1777890262.0273323,0.0,-4.0,-67.0
1777890262.0373323,-2.0,-3.0,-62.0
1777890262.0473323,0.0,-2.0,-62.0
1777890262.0573325,0.0,0.0,-61.0
1777890262.0683324,0.0,0.0,-60.0
1777890262.0783324,0.0,-2.0,-69.0
1777890262.0873325,1.0,-3.0,-70.0
1777890262.0983324,1.0,-3.0,-66.0
1777890262.1083324,1.0,-2.0,-63.0
1777890262.1183324,-1.0,-2.0,-64.0
1777890262.1283324,3.0,-1.0,-65.0
1777890262.1383324,7.0,-1.0,-67.0
1777890262.1483324,2.0,-4.0,-70.0
1777890262.1583323,0.0,-5.0,-70.0
1777890262.1683323,-2.0,-9.0,-70.0
1777890262.1783323,0.0,-8.0,-68.0
1777890262.1883323,2.0,-6.0,-66.0
1777890262.1983323,1.0,-5.0,-67.0
1777890262.2083323,0.0,-7.0,-67.0
1777890262.2183323,5.0,-6.0,-73.0
1777890262.2283323,6.0,-1.0,-77.0
1777890262.2383325,9.0,1.0,-85.0
1777890262.2483325,8.0,0.0,-85.0
1777890262.2583325,8.0,-7.0,-80.0
1777890262.2683325,5.0,-10.0,-71.0
1777890262.2783325,6.0,-8.0,-72.0
1777890262.2883325,2.0,-6.0,-70.0
1777890262.2983325,0.0,-7.0,-73.0
1777890262.3083324,1.0,-2.0,-72.0
1777890262.3183324,3.0,-5.0,-70.0
1777890262.3283324,3.0,-6.0,-74.0
1777890262.3383324,-4.0,-7.0,-73.0
1777890262.3483324,-8.0,-4.0,-83.0
1777890262.3583324,-9.0,-1.0,-90.0
1777890262.3683324,-6.0,-1.0,-88.0
1777890262.3783324,-1.0,-2.0,-86.0
1777890262.3883324,0.0,-3.0,-81.0
1777890262.3983324,-2.0,-1.0,-81.0
1777890262.4083323,-5.0,1.0,-77.0
1777890262.4183323,-3.0,1.0,-74.0
1777890262.4283323,-1.0,-1.0,-79.0
1777890262.4383323,-2.0,0.0,-83.0
1777890262.4483323,1.0,0.0,-81.0
1777890262.4583323,0.0,0.0,-83.0
1777890262.4683323,-5.0,0.0,-81.0
1777890262.4783323,-6.0,2.0,-81.0
1777890262.4883325,-7.0,-1.0,-83.0
1777890262.4983325,-5.0,-1.0,-77.0
1777890262.5083325,-3.0,0.0,-81.0
1777890262.5183325,-2.0,0.0,-75.0
1777890262.5283325,1.0,2.0,-74.0
1777890262.5383325,4.0,2.0,-80.0
1777890262.5483325,7.0,1.0,-77.0
1777890262.5583324,9.0,4.0,-82.0
1777890262.5683324,5.0,4.0,-85.0
1777890262.5783324,3.0,10.0,-84.0
1777890262.5883324,7.0,7.0,-78.0
1777890262.5983324,4.0,1.0,-79.0
1777890262.6083324,5.0,0.0,-83.0
1777890262.6183324,3.0,1.0,-83.0
1777890262.6283324,1.0,-1.0,-81.0
1777890262.6383324,0.0,-2.0,-80.0
1777890262.6483324,0.0,-1.0,-85.0
1777890262.6583323,3.0,0.0,-75.0
1777890262.6683323,4.0,0.0,-76.0
1777890262.6783323,7.0,-1.0,-76.0
1777890262.6883323,1.0,0.0,-71.0
1777890262.6983323,0.0,1.0,-74.0
1777890262.7083323,-5.0,0.0,-80.0
1777890262.7183323,-5.0,0.0,-79.0
1777890262.7283323,-4.0,-2.0,-76.0
1777890262.7383325,0.0,-6.0,-70.0
1777890262.7483325,0.0,-5.0,-64.0
1777890262.7583325,0.0,-3.0,-71.0
1777890262.7683325,-1.0,1.0,-74.0
1777890262.7783325,-5.0,3.0,-73.0
1777890262.7883325,-5.0,-3.0,-78.0
1777890262.7983325,-6.0,-5.0,-81.0
1777890262.8083324,0.0,-2.0,-81.0
1777890262.8183324,1.0,1.0,-76.0
1777890262.8283324,-2.0,1.0,-77.0
1777890262.8383324,1.0,1.0,-74.0
1777890262.8483324,0.0,1.0,-76.0
1777890262.8583324,-1.0,4.0,-70.0
1777890262.8683324,-1.0,0.0,-73.0
1777890262.8783324,-2.0,3.0,-76.0
1777890262.8883324,-3.0,0.0,-75.0
1777890262.8983324,-3.0,-4.0,-73.0
1777890262.9083323,0.0,-1.0,-67.0
1777890262.9183323,6.0,-1.0,-69.0
1777890262.9283323,5.0,0.0,-71.0
1777890262.9383323,3.0,-6.0,-72.0
1777890262.9483323,0.0,-4.0,-69.0
1777890262.9583323,0.0,-6.0,-71.0
1777890262.9683323,2.0,-3.0,-74.0
1777890262.9783323,1.0,-2.0,-72.0
1777890262.9883325,1.0,-6.0,-67.0
1777890262.9983325,3.0,-5.0,-64.0
1777890263.0083325,3.0,-7.0,-62.0
1777890263.0183325,0.0,-7.0,-63.0
1777890263.0283325,2.0,-5.0,-63.0
1777890263.0383325,0.0,-3.0,-71.0
1777890263.0483325,2.0,-2.0,-71.0
1777890263.0583324,3.0,0.0,-70.0
1777890263.0683324,0.0,0.0,-73.0
1777890263.0783324,0.0,-4.0,-77.0
1777890263.0883324,3.0,-4.0,-78.0
1777890263.0983324,5.0,-4.0,-71.0
1777890263.1083324,3.0,-7.0,-70.0
1777890263.1183324,7.0,-3.0,-80.0
1777890263.1283324,5.0,0.0,-82.0
1777890263.1383324,4.0,-2.0,-79.0
1777890263.1483324,0.0,-3.0,-77.0
1777890263.1583323,-3.0,-5.0,-79.0
1777890263.1683323,4.0,-5.0,-80.0
1777890263.1783323,2.0,-6.0,-77.0
1777890263.1883323,4.0,-5.0,-73.0
1777890263.1983323,1.0,-7.0,-70.0
1777890263.2083323,0.0,0.0,-69.0
1777890263.2183323,2.0,3.0,-67.0
1777890263.2283323,1.0,5.0,-67.0
1777890263.2383325,1.0,6.0,-72.0
1777890263.2483325,1.0,1.0,-69.0
1777890263.2583325,0.0,2.0,-70.0
1777890263.2683325,-2.0,1.0,-68.0
1777890263.2783325,-3.0,2.0,-68.0
1777890263.2883325,2.0,3.0,-68.0
1777890263.2983325,2.0,0.0,-68.0
1777890263.3083324,3.0,-1.0,-68.0
1777890263.3183324,0.0,0.0,-76.0
1777890263.3283324,0.0,3.0,-83.0
1777890263.3383324,0.0,-4.0,-86.0
1777890263.3483324,1.0,-7.0,-88.0
1777890263.3583324,2.0,0.0,-86.0
1777890263.3683324,-2.0,0.0,-81.0
1777890263.3783324,-2.0,1.0,-88.0
1777890263.3883324,-4.0,0.0,-83.0
1777890263.3983324,-1.0,0.0,-79.0
1777890263.4083323,4.0,3.0,-71.0
1777890263.4183323,7.0,1.0,-78.0
1777890263.4283323,6.0,0.0,-73.0
1777890263.4383323,4.0,0.0,-77.0
1777890263.4483323,4.0,-3.0,-71.0
1777890263.4583323,7.0,-3.0,-73.0
1777890263.4683323,7.0,-1.0,-71.0
1777890263.4783323,4.0,2.0,-70.0
1777890263.4883325,1.0,1.0,-72.0
1777890263.4983325,0.0,1.0,-74.0
1777890263.5083325,0.0,2.0,-79.0
1777890263.5183325,0.0,3.0,-73.0
1777890263.5283325,-4.0,6.0,-73.0
1777890263.5383325,-1.0,4.0,-66.0
1777890263.5483325,-2.0,8.0,-66.0
1777890263.5583324,-1.0,6.0,-67.0
1777890263.5683324,0.0,0.0,-72.0
1777890263.5783324,-2.0,-3.0,-78.0
1777890263.5883324,-2.0,-8.0,-73.0
1777890263.5983324,0.0,-8.0,-78.0
1777890263.6083324,2.0,-3.0,-80.0
1777890263.6183324,1.0,5.0,-76.0
1777890263.6283324,-2.0,4.0,-76.0
1777890263.6383324,-4.0,2.0,-74.0
1777890263.6483324,-3.0,0.0,-71.0
1777890263.6583323,-2.0,-1.0,-68.0
1777890263.6683323,2.0,0.0,-68.0
1777890263.6783323,1.0,-1.0,-63.0
1777890263.6883323,-3.0,-1.0,-66.0
1777890263.6983323,-7.0,0.0,-63.0
1777890263.7083323,-7.0,-1.0,-68.0
1777890263.7183323,-3.0,-1.0,-71.0
1777890263.7283323,0.0,-2.0,-75.0
1777890263.7383325,-1.0,1.0,-78.0
1777890263.7483325,2.0,1.0,-80.0
1777890263.7583325,3.0,-1.0,-82.0
1777890263.7683325,1.0,1.0,-80.0
1777890263.7783325,2.0,0.0,-86.0
1777890263.7883325,2.0,-1.0,-78.0
1777890263.7983325,6.0,0.0,-70.0
1777890263.8083324,6.0,0.0,-67.0
1777890263.8183324,8.0,-1.0,-69.0
1777890263.8283324,6.0,-3.0,-74.0
1777890263.8383324,6.0,-3.0,-70.0
1777890263.8483324,5.0,-2.0,-74.0
1777890263.8583324,3.0,-4.0,-75.0
1777890263.8683324,1.0,-1.0,-68.0
1777890263.8783324,-2.0,2.0,-64.0
1777890263.8883324,3.0,6.0,-70.0
1777890263.8983324,0.0,4.0,-69.0
1777890263.9083323,0.0,5.0,-71.0
1777890263.9183323,3.0,4.0,-72.0
1777890263.9283323,0.0,4.0,-76.0
1777890263.9383323,0.0,3.0,-73.0
1777890263.9483323,-3.0,1.0,-79.0
1777890263.9583323,0.0,-2.0,-80.0
1777890263.9683323,0.0,1.0,-77.0
1777890263.9783323,1.0,0.0,-76.0
1777890263.9883325,-1.0,0.0,-68.0
1777890263.9983325,-2.0,0.0,-64.0
1777890264.0083325,2.0,-2.0,-57.0
1777890264.0183325,2.0,-2.0,-54.0
1777890264.0283325,3.0,0.0,-51.0
1777890264.0383325,7.0,-4.0,-54.0
1777890264.0483325,7.0,0.0,-53.0
1777890264.0583324,0.0,-2.0,-57.0
1777890264.0693324,-6.0,-5.0,-59.0
1777890264.0793324,0.0,-2.0,-70.0
1777890264.0893323,0.0,-2.0,-73.0
1777890264.0993323,-1.0,-1.0,-66.0
1777890264.1093323,-3.0,1.0,-67.0
1777890264.1193323,-3.0,3.0,-68.0
1777890264.1293323,-3.0,1.0,-71.0
1777890264.1393323,-4.0,-2.0,-70.0
1777890264.1493323,-4.0,-2.0,-68.0
1777890264.1593325,-1.0,-1.0,-74.0
1777890264.1693325,-2.0,-1.0,-77.0
1777890264.1793325,-6.0,-2.0,-79.0
1777890264.1893325,-4.0,0.0,-75.0
1777890264.1993325,0.0,0.0,-71.0
1777890264.2093325,0.0,-3.0,-73.0
1777890264.2193325,0.0,-3.0,-74.0
1777890264.2293324,1.0,-5.0,-86.0
1777890264.2393324,-1.0,-7.0,-85.0
1777890264.2493324,-5.0,-5.0,-91.0
1777890264.2593324,-3.0,-4.0,-90.0
1777890264.2693324,0.0,-8.0,-89.0
1777890264.2793324,0.0,-11.0,-85.0
1777890264.2893324,3.0,-9.0,-80.0
1777890264.2993324,3.0,-10.0,-82.0
1777890264.3093324,4.0,-9.0,-82.0
1777890264.3193324,1.0,-7.0,-82.0
1777890264.3293324,2.0,-7.0,-85.0
1777890264.3393323,2.0,-8.0,-83.0
1777890264.3493323,1.0,-5.0,-89.0
1777890264.3593323,4.0,-6.0,-86.0
1777890264.3693323,4.0,-4.0,-79.0
1777890264.3793323,3.0,-4.0,-80.0
1777890264.3893323,4.0,0.0,-83.0
1777890264.3993323,2.0,2.0,-80.0
1777890264.4093325,1.0,0.0,-72.0
1777890264.4193325,1.0,0.0,-76.0
1777890264.4293325,2.0,0.0,-79.0
1777890264.4393325,5.0,0.0,-82.0
1777890264.4493325,0.0,0.0,-81.0
1777890264.4593325,0.0,-4.0,-79.0
1777890264.4693325,2.0,-5.0,-80.0
1777890264.4793324,2.0,-4.0,-75.0
1777890264.4893324,1.0,-2.0,-77.0
1777890264.4993324,5.0,-7.0,-78.0
1777890264.5093324,5.0,-3.0,-73.0
1777890264.5193324,2.0,-2.0,-76.0
1777890264.5293324,0.0,1.0,-82.0
1777890264.5393324,0.0,3.0,-85.0
1777890264.5493324,-2.0,0.0,-84.0
1777890264.5593324,-2.0,1.0,-83.0
1777890264.5693324,-2.0,1.0,-84.0
1777890264.5793324,1.0,0.0,-89.0
1777890264.5893323,-1.0,-5.0,-86.0
1777890264.5993323,-4.0,-3.0,-83.0
1777890264.6093323,-11.0,-1.0,-81.0
1777890264.6193323,-12.0,0.0,-73.0
1777890264.6293323,-9.0,0.0,-71.0
1777890264.6393323,-6.0,2.0,-74.0
1777890264.6493323,-5.0,3.0,-70.0
1777890264.6593325,0.0,3.0,-68.0
1777890264.6693325,2.0,-1.0,-76.0
1777890264.6793325,1.0,-3.0,-79.0
1777890264.6893325,2.0,-4.0,-84.0
1777890264.6993325,3.0,-2.0,-79.0
1777890264.7093325,3.0,-1.0,-75.0
1777890264.7193325,1.0,0.0,-71.0
1777890264.7293324,1.0,3.0,-62.0
1777890264.7393324,-1.0,0.0,-55.0
1777890264.7493324,1.0,0.0,-56.0
1777890264.7593324,4.0,-1.0,-63.0
1777890264.7693324,6.0,-1.0,-67.0
1777890264.7793324,5.0,0.0,-69.0
1777890264.7893324,6.0,-5.0,-71.0
1777890264.7993324,3.0,-3.0,-75.0
1777890264.8093324,5.0,-5.0,-76.0
1777890264.8193324,5.0,-3.0,-81.0
1777890264.8293324,1.0,0.0,-83.0
1777890264.8393323,2.0,-1.0,-76.0
1777890264.8493323,6.0,-2.0,-82.0
1777890264.8593323,4.0,-2.0,-85.0
1777890264.8693323,3.0,3.0,-78.0
1777890264.8793323,1.0,2.0,-80.0
1777890264.8893323,1.0,0.0,-80.0
1777890264.8993323,7.0,-1.0,-76.0
1777890264.9093325,7.0,0.0,-75.0
1777890264.9193325,8.0,6.0,-77.0
1777890264.9293325,6.0,5.0,-82.0
1777890264.9393325,3.0,4.0,-77.0
1777890264.9493325,-4.0,3.0,-74.0
1777890264.9593325,-1.0,3.0,-76.0
1777890264.9693325,0.0,3.0,-77.0
1777890264.9793324,0.0,0.0,-82.0
1777890264.9893324,0.0,0.0,-84.0
1777890264.9993324,0.0,-7.0,-78.0
1777890265.0093324,0.0,-10.0,-79.0
1777890265.0193324,1.0,-9.0,-79.0
1777890265.0293324,1.0,-2.0,-87.0
1777890265.0393324,-1.0,-5.0,-84.0
1777890265.0493324,-2.0,-7.0,-81.0
1777890265.0593324,-3.0,-3.0,-79.0
1777890265.0693324,-6.0,-4.0,-87.0
1777890265.0793324,-7.0,-1.0,-88.0
1777890265.0893323,-8.0,0.0,-83.0
1777890265.0993323,-9.0,0.0,-77.0
1777890265.1093323,-7.0,1.0,-78.0
1777890265.1193323,-8.0,6.0,-72.0
1777890265.1293323,-8.0,6.0,-75.0
1777890265.1393323,-6.0,5.0,-76.0
1777890265.1493323,1.0,2.0,-69.0
1777890265.1593325,3.0,-2.0,-66.0
1777890265.1693325,4.0,-3.0,-62.0
1777890265.1793325,4.0,-4.0,-60.0
1777890265.1893325,0.0,-7.0,-63.0
1777890265.1993325,-1.0,-6.0,-63.0
1777890265.2093325,0.0,-6.0,-60.0
1777890265.2193325,2.0,-5.0,-65.0
1777890265.2293324,0.0,-8.0,-66.0
1777890265.2393324,2.0,-7.0,-64.0
1777890265.2493324,6.0,-6.0,-65.0
1777890265.2593324,3.0,-4.0,-73.0
1777890265.2693324,0.0,0.0,-74.0
1777890265.2793324,2.0,1.0,-78.0
1777890265.2893324,0.0,1.0,-73.0
1777890265.2993324,-2.0,0.0,-80.0
1777890265.3093324,-1.0,-1.0,-78.0
1777890265.3193324,2.0,-1.0,-78.0
1777890265.3293324,3.0,1.0,-77.0
1777890265.3393323,0.0,0.0,-77.0
1777890265.3493323,4.0,-4.0,-76.0
1777890265.3593323,1.0,-2.0,-79.0
1777890265.3693323,3.0,-3.0,-83.0
1777890265.3793323,1.0,-3.0,-75.0
1777890265.3893323,4.0,1.0,-72.0
1777890265.3993323,3.0,0.0,-74.0
1777890265.4093325,3.0,0.0,-73.0
1777890265.4193325,1.0,1.0,-74.0
1777890265.4293325,-4.0,0.0,-76.0
1777890265.4393325,-4.0,-2.0,-80.0
1777890265.4493325,-5.0,0.0,-80.0
1777890265.4593325,-9.0,-2.0,-76.0
1777890265.4693325,-12.0,-3.0,-77.0
1777890265.4793324,-11.0,-1.0,-72.0
1777890265.4893324,-9.0,-3.0,-78.0
1777890265.4993324,-6.0,-6.0,-77.0
1777890265.5093324,-8.0,-5.0,-73.0
1777890265.5193324,-5.0,-4.0,-76.0
1777890265.5293324,-4.0,-3.0,-73.0
1777890265.5393324,-1.0,-5.0,-74.0
1777890265.5493324,-4.0,-6.0,-70.0
1777890265.5593324,-1.0,-5.0,-70.0
1777890265.5693324,-1.0,-5.0,-67.0
1777890265.5793324,0.0,-7.0,-66.0
1777890265.5893323,0.0,-5.0,-68.0
1777890265.5993323,6.0,-5.0,-67.0
1777890265.6093323,7.0,-3.0,-66.0
1777890265.6193323,4.0,-4.0,-63.0
1777890265.6293323,-1.0,0.0,-64.0
1777890265.6393323,-1.0,-1.0,-72.0
1777890265.6493323,1.0,0.0,-70.0
1777890265.6593325,2.0,0.0,-75.0
1777890265.6693325,0.0,1.0,-72.0
1777890265.6793325,-1.0,0.0,-76.0
1777890265.6893325,-7.0,1.0,-74.0
1777890265.6993325,-5.0,0.0,-73.0
1777890265.7093325,0.0,3.0,-72.0
1777890265.7193325,0.0,2.0,-70.0
1777890265.7293324,1.0,0.0,-68.0
1777890265.7393324,0.0,0.0,-65.0
1777890265.7493324,-3.0,2.0,-69.0
1777890265.7593324,-4.0,4.0,-75.0
1777890265.7693324,-1.0,3.0,-84.0
1777890265.7793324,0.0,2.0,-81.0
1777890265.7893324,-1.0,0.0,-70.0
1777890265.7993324,0.0,-3.0,-63.0
1777890265.8093324,5.0,-4.0,-63.0
1777890265.8193324,4.0,-3.0,-65.0
1777890265.8293324,2.0,-4.0,-73.0
1777890265.8393323,0.0,-1.0,-73.0
1777890265.8493323,-3.0,0.0,-75.0
1777890265.8593323,-4.0,-2.0,-76.0
1777890265.8693323,-2.0,-1.0,-73.0
1777890265.8793323,0.0,-5.0,-64.0
1777890265.8893323,2.0,-5.0,-69.0
1777890265.8993323,2.0,-5.0,-71.0
1777890265.9093325,0.0,-2.0,-73.0
1777890265.9193325,0.0,0.0,-72.0
1777890265.9293325,0.0,-2.0,-73.0
1777890265.9393325,1.0,0.0,-75.0
1777890265.9493325,0.0,2.0,-72.0
1777890265.9593325,-3.0,0.0,-77.0
1777890265.9693325,0.0,0.0,-76.0
1777890265.9793324,-3.0,-1.0,-78.0
1777890265.9893324,-4.0,-3.0,-80.0
1777890265.9993324,-3.0,-1.0,-76.0
1777890266.0093324,0.0,0.0,-74.0
1777890266.0193324,0.0,1.0,-76.0
1777890266.0293324,-2.0,2.0,-68.0
1777890266.0393324,-3.0,1.0,-71.0
1777890266.0493324,2.0,2.0,-79.0
1777890266.0603323,3.0,1.0,-76.0
1777890266.0703323,6.0,1.0,-72.0
1777890266.0803325,4.0,0.0,-71.0
1777890266.0903325,4.0,2.0,-74.0
1777890266.1003325,4.0,6.0,-80.0
1777890266.1103325,3.0,0.0,-73.0
1777890266.1203325,4.0,0.0,-67.0
1777890266.1303325,1.0,-2.0,-67.0
1777890266.1403325,1.0,-4.0,-66.0
1777890266.1503325,-3.0,-5.0,-62.0
1777890266.1603324,1.0,-5.0,-69.0
1777890266.1703324,4.0,-4.0,-69.0
1777890266.1803324,2.0,-3.0,-72.0
1777890266.1903324,0.0,-1.0,-75.0
1777890266.2003324,0.0,2.0,-73.0
1777890266.2103324,-5.0,1.0,-77.0
1777890266.2203324,-5.0,3.0,-76.0
1777890266.2303324,-5.0,-1.0,-72.0
1777890266.2403324,-6.0,-7.0,-72.0
1777890266.2503324,0.0,-6.0,-71.0
1777890266.2603323,5.0,-7.0,-74.0
1777890266.2703323,2.0,-8.0,-70.0
1777890266.2803323,-1.0,-4.0,-75.0
1777890266.2903323,-2.0,-3.0,-75.0
1777890266.3003323,-1.0,-2.0,-66.0
1777890266.3103323,0.0,-5.0,-62.0
1777890266.3203323,-6.0,-2.0,-63.0
1777890266.3303325,0.0,-4.0,-71.0
1777890266.3403325,1.0,-2.0,-75.0
1777890266.3503325,1.0,-2.0,-76.0
1777890266.3603325,-2.0,-2.0,-72.0
1777890266.3703325,-1.0,0.0,-75.0
1777890266.3803325,-2.0,-2.0,-75.0
1777890266.3903325,-7.0,0.0,-72.0
1777890266.4003325,-8.0,5.0,-74.0
1777890266.4103324,-6.0,7.0,-73.0
1777890266.4203324,-3.0,7.0,-68.0
1777890266.4303324,-4.0,6.0,-67.0
1777890266.4403324,-4.0,5.0,-67.0
1777890266.4503324,-4.0,3.0,-66.0
1777890266.4603324,-4.0,4.0,-66.0
1777890266.4703324,-3.0,5.0,-66.0
1777890266.4803324,-2.0,3.0,-72.0
1777890266.4903324,0.0,4.0,-77.0
1777890266.5003324,-1.0,5.0,-71.0
1777890266.5103323,0.0,5.0,-74.0
1777890266.5203323,-1.0,4.0,-80.0
1777890266.5303323,-2.0,3.0,-81.0
1777890266.5403323,-4.0,5.0,-78.0
1777890266.5503323,-4.0,1.0,-75.0
1777890266.5603323,-4.0,2.0,-78.0
1777890266.5703323,-6.0,5.0,-81.0
1777890266.5803325,-10.0,3.0,-75.0
1777890266.5903325,-8.0,3.0,-77.0
1777890266.6003325,-1.0,2.0,-86.0
1777890266.6103325,2.0,2.0,-81.0
1777890266.6203325,1.0,-2.0,-80.0
1777890266.6303325,0.0,-2.0,-73.0
1777890266.6403325,0.0,-5.0,-73.0
1777890266.6503325,0.0,-7.0,-78.0
1777890266.6603324,-2.0,-6.0,-76.0
1777890266.6703324,-5.0,-8.0,-78.0
1777890266.6803324,0.0,-4.0,-75.0
1777890266.6903324,2.0,-4.0,-75.0
1777890266.7003324,3.0,0.0,-73.0
1777890266.7103324,0.0,-1.0,-69.0
1777890266.7203324,-1.0,-3.0,-63.0
1777890266.7303324,0.0,0.0,-65.0
1777890266.7403324,-1.0,1.0,-67.0
1777890266.7503324,0.0,1.0,-71.0
1777890266.7603323,-3.0,0.0,-67.0
1777890266.7703323,-1.0,0.0,-68.0
1777890266.7803323,-2.0,-1.0,-64.0
1777890266.7903323,-1.0,-1.0,-70.0
1777890266.8003323,0.0,-3.0,-72.0
1777890266.8103323,0.0,-5.0,-73.0
1777890266.8203323,2.0,-3.0,-73.0
1777890266.8303325,2.0,-4.0,-72.0
1777890266.8403325,3.0,-1.0,-74.0
1777890266.8503325,4.0,0.0,-73.0
1777890266.8613324,2.0,-5.0,-73.0
1777890266.8703325,0.0,-8.0,-65.0
1777890266.8803325,0.0,-5.0,-69.0
1777890266.8903325,0.0,-2.0,-72.0
1777890266.9003325,5.0,-2.0,-73.0
1777890266.9103324,8.0,0.0,-73.0
1777890266.9203324,4.0,3.0,-77.0
1777890266.9303324,1.0,5.0,-81.0
1777890266.9403324,1.0,1.0,-80.0
1777890266.9503324,2.0,-2.0,-82.0
1777890266.9603324,1.0,-3.0,-78.0
1777890266.9703324,-4.0,-2.0,-83.0
1777890266.9803324,-1.0,-6.0,-79.0
1777890266.9903324,0.0,-10.0,-77.0
1777890267.0003324,0.0,-10.0,-79.0
1777890267.0103323,4.0,-9.0,-77.0
1777890267.0203323,5.0,-8.0,-78.0
1777890267.0303323,5.0,-9.0,-77.0
1777890267.0403323,-2.0,-4.0,-74.0
1777890267.0503323,-4.0,0.0,-74.0
1777890267.0603323,-4.0,0.0,-79.0
1777890267.0703323,-5.0,4.0,-74.0
1777890267.0803325,-2.0,5.0,-73.0
1777890267.0903325,3.0,1.0,-67.0
1777890267.1003325,2.0,3.0,-60.0
1777890267.1103325,-3.0,-1.0,-68.0
1777890267.1203325,0.0,1.0,-66.0
1777890267.1303325,2.0,6.0,-70.0
1777890267.1403325,0.0,5.0,-70.0
1777890267.1503325,-1.0,4.0,-66.0
1777890267.1603324,-3.0,3.0,-65.0
1777890267.1703324,-2.0,4.0,-65.0
1777890267.1803324,-1.0,2.0,-69.0
1777890267.1903324,-5.0,-1.0,-72.0
1777890267.2003324,-3.0,-6.0,-65.0
1777890267.2103324,-1.0,-6.0,-62.0
1777890267.2203324,0.0,-5.0,-65.0
1777890267.2303324,4.0,-7.0,-70.0
1777890267.2403324,5.0,-4.0,-65.0
1777890267.2503324,5.0,-2.0,-60.0
1777890267.2603323,5.0,-2.0,-62.0
1777890267.2703323,4.0,1.0,-65.0
1777890267.2803323,4.0,1.0,-66.0
1777890267.2903323,1.0,-2.0,-76.0
1777890267.3003323,0.0,0.0,-75.0
1777890267.3103323,0.0,-3.0,-74.0
1777890267.3203323,2.0,-1.0,-71.0
1777890267.3303325,-1.0,-4.0,-78.0
1777890267.3403325,1.0,-4.0,-75.0
1777890267.3503325,6.0,0.0,-70.0
1777890267.3603325,5.0,-3.0,-75.0
1777890267.3703325,6.0,0.0,-76.0
1777890267.3803325,4.0,0.0,-75.0
1777890267.3903325,2.0,2.0,-72.0
1777890267.4003325,-1.0,0.0,-73.0
1777890267.4103324,0.0,0.0,-71.0
1777890267.4203324,-1.0,-1.0,-71.0
1777890267.4303324,-1.0,0.0,-77.0
1777890267.4403324,-3.0,0.0,-77.0
1777890267.4503324,-7.0,-3.0,-72.0
1777890267.4603324,-2.0,-6.0,-66.0
1777890267.4703324,-3.0,-5.0,-63.0
1777890267.4803324,-5.0,-5.0,-65.0
1777890267.4903324,-10.0,-4.0,-65.0
1777890267.5003324,-9.0,-5.0,-66.0
1777890267.5103323,-5.0,-6.0,-69.0
1777890267.5203323,-1.0,-8.0,-70.0
1777890267.5303323,-2.0,-6.0,-66.0
1777890267.5403323,0.0,-9.0,-68.0
1777890267.5503323,-2.0,-8.0,-76.0
1777890267.5603323,-2.0,-6.0,-78.0
1777890267.5703323,-5.0,-5.0,-78.0
1777890267.5803325,-4.0,-3.0,-75.0
1777890267.5903325,-2.0,-2.0,-79.0
1777890267.6003325,0.0,3.0,-77.0
1777890267.6103325,4.0,3.0,-80.0
1777890267.6203325,4.0,5.0,-76.0
1777890267.6303325,-2.0,5.0,-72.0
1777890267.6403325,-4.0,1.0,-72.0
1777890267.6503325,0.0,0.0,-74.0
1777890267.6603324,0.0,1.0,-72.0
1777890267.6703324,3.0,-2.0,-78.0
1777890267.6803324,5.0,-2.0,-73.0
1777890267.6903324,0.0,-4.0,-67.0
1777890267.7003324,2.0,-3.0,-69.0
1777890267.7103324,0.0,-4.0,-65.0
1777890267.7203324,-1.0,-5.0,-69.0
1777890267.7303324,1.0,-6.0,-71.0
1777890267.7403324,0.0,-4.0,-73.0
1777890267.7503324,-4.0,-6.0,-68.0
1777890267.7603323,-11.0,-6.0,-73.0
1777890267.7703323,-2.0,-6.0,-75.0
1777890267.7803323,1.0,-4.0,-68.0
1777890267.7903323,-1.0,-2.0,-64.0
1777890267.8003323,-1.0,-7.0,-63.0
1777890267.8103323,0.0,-5.0,-66.0
1777890267.8203323,5.0,-6.0,-67.0
1777890267.8303325,6.0,-4.0,-68.0
1777890267.8403325,5.0,-3.0,-68.0
1777890267.8503325,8.0,-9.0,-66.0
1777890267.8603325,5.0,-11.0,-74.0
1777890267.8703325,5.0,-5.0,-75.0
1777890267.8803325,12.0,-5.0,-82.0
1777890267.8903325,13.0,-3.0,-86.0
1777890267.9003325,15.0,-3.0,-78.0
1777890267.9103324,13.0,-3.0,-77.0
1777890267.9203324,9.0,0.0,-79.0
1777890267.9303324,7.0,0.0,-78.0
1777890267.9403324,4.0,0.0,-83.0
1777890267.9503324,2.0,5.0,-89.0
1777890267.9603324,-5.0,3.0,-85.0
1777890267.9703324,-5.0,-2.0,-80.0
1777890267.9803324,-5.0,-1.0,-79.0
1777890267.9903324,-5.0,-3.0,-77.0
1777890268.0003324,-5.0,-3.0,-86.0
1777890268.0103323,0.0,0.0,-85.0
1777890268.0203323,0.0,0.0,-80.0
1777890268.0303323,-2.0,5.0,-76.0
1777890268.0403323,-4.0,7.0,-71.0
1777890268.0513325,0.0,6.0,-68.0
1777890268.0603323,0.0,4.0,-71.0
1777890268.0713325,1.0,4.0,-76.0
1777890268.0813324,3.0,8.0,-73.0
1777890268.0913324,2.0,9.0,-76.0
1777890268.1013324,2.0,7.0,-74.0
1777890268.1113324,0.0,4.0,-66.0
1777890268.1213324,-1.0,2.0,-67.0
1777890268.1313324,0.0,0.0,-73.0
1777890268.1413324,0.0,1.0,-68.0
1777890268.1513324,-3.0,0.0,-68.0
1777890268.1613324,-5.0,3.0,-69.0
1777890268.1713324,-8.0,1.0,-69.0
1777890268.1813323,-10.0,2.0,-66.0
1777890268.1913323,-6.0,-2.0,-73.0
1777890268.2013323,-5.0,-5.0,-73.0
1777890268.2113323,-3.0,-1.0,-80.0
1777890268.2213323,-2.0,4.0,-81.0
1777890268.2313323,0.0,3.0,-74.0
1777890268.2413323,1.0,-1.0,-69.0
1777890268.2513323,1.0,-1.0,-69.0
1777890268.2613325,0.0,-2.0,-69.0
1777890268.2713325,0.0,0.0,-72.0
1777890268.2813325,-3.0,0.0,-74.0
1777890268.2913325,-4.0,3.0,-68.0
1777890268.3013325,0.0,0.0,-79.0
1777890268.3113325,2.0,3.0,-80.0
1777890268.3213325,0.0,6.0,-79.0
1777890268.3313324,1.0,2.0,-77.0
1777890268.3413324,0.0,0.0,-82.0
1777890268.3513324,1.0,0.0,-86.0
1777890268.3613324,4.0,0.0,-78.0
1777890268.3713324,5.0,0.0,-76.0
1777890268.3813324,0.0,-2.0,-71.0
1777890268.3913324,-2.0,-1.0,-65.0
1777890268.4013324,1.0,-3.0,-61.0
1777890268.4113324,0.0,-6.0,-64.0
1777890268.4213324,5.0,-2.0,-73.0
1777890268.4313323,10.0,3.0,-80.0
1777890268.4413323,11.0,0.0,-78.0
1777890268.4513323,12.0,-7.0,-80.0
1777890268.4613323,7.0,-6.0,-78.0
1777890268.4713323,1.0,-2.0,-73.0
1777890268.4813323,1.0,-3.0,-73.0
1777890268.4913323,3.0,-4.0,-73.0
1777890268.5013323,6.0,-9.0,-78.0
1777890268.5113325,0.0,-8.0,-83.0
1777890268.5213325,-1.0,-4.0,-81.0
1777890268.5313325,-1.0,-3.0,-79.0
1777890268.5413325,0.0,-2.0,-77.0
1777890268.5513325,1.0,2.0,-74.0
1777890268.5613325,0.0,4.0,-75.0
1777890268.5713325,0.0,-2.0,-76.0
1777890268.5813324,-2.0,-3.0,-73.0
1777890268.5913324,-2.0,-6.0,-78.0
1777890268.6013324,-7.0,-4.0,-75.0
1777890268.6113324,-4.0,0.0,-80.0
1777890268.6213324,-4.0,0.0,-76.0
1777890268.6313324,0.0,-2.0,-72.0
1777890268.6413324,-3.0,-2.0,-74.0
1777890268.6513324,-5.0,-3.0,-73.0
1777890268.6613324,-4.0,-3.0,-76.0
1777890268.6713324,-1.0,0.0,-75.0
1777890268.6813323,-1.0,0.0,-77.0
1777890268.6913323,-1.0,-1.0,-77.0
1777890268.7013323,0.0,0.0,-80.0
1777890268.7113323,4.0,0.0,-80.0
1777890268.7213323,2.0,-2.0,-80.0
1777890268.7313323,4.0,-5.0,-81.0
1777890268.7423325,5.0,-4.0,-80.0
1777890268.7513323,7.0,-3.0,-79.0
1777890268.7613325,4.0,-7.0,-73.0
1777890268.7713325,1.0,-8.0,-74.0
1777890268.7813325,3.0,-7.0,-73.0
1777890268.7913325,-2.0,-9.0,-67.0
1777890268.8013325,-2.0,-1.0,-67.0
1777890268.8113325,-5.0,0.0,-74.0
1777890268.8213325,-2.0,2.0,-72.0
1777890268.8313324,-1.0,2.0,-67.0
1777890268.8413324,-2.0,0.0,-65.0
1777890268.8513324,0.0,0.0,-70.0
1777890268.8613324,-2.0,1.0,-73.0
1777890268.8713324,-3.0,0.0,-70.0
1777890268.8813324,-1.0,0.0,-71.0
1777890268.8913324,-2.0,-5.0,-74.0
1777890268.9013324,-1.0,-5.0,-79.0
1777890268.9113324,-2.0,-3.0,-82.0
1777890268.9213324,-1.0,-1.0,-76.0
1777890268.9313323,1.0,3.0,-76.0
1777890268.9413323,-1.0,4.0,-76.0
1777890268.9513323,2.0,3.0,-76.0
1777890268.9613323,1.0,2.0,-80.0
1777890268.9713323,2.0,2.0,-81.0
1777890268.9813323,4.0,6.0,-76.0
1777890268.9913323,2.0,5.0,-79.0
1777890269.0013323,6.0,3.0,-83.0
1777890269.0113325,3.0,7.0,-81.0
1777890269.0213325,2.0,5.0,-82.0
1777890269.0313325,0.0,3.0,-83.0
1777890269.0413325,-1.0,2.0,-83.0
1777890269.0513325,0.0,-2.0,-76.0
1777890269.0613325,0.0,0.0,-74.0
1777890269.0713325,0.0,0.0,-64.0
1777890269.0813324,2.0,2.0,-67.0
1777890269.0913324,5.0,2.0,-73.0
1777890269.1013324,3.0,0.0,-69.0
1777890269.1113324,5.0,-1.0,-75.0
1777890269.1213324,2.0,-1.0,-80.0
1777890269.1313324,0.0,4.0,-71.0
1777890269.1413324,0.0,1.0,-70.0
1777890269.1513324,3.0,0.0,-73.0
1777890269.1613324,4.0,0.0,-74.0
1777890269.1713324,4.0,0.0,-77.0
1777890269.1813323,4.0,0.0,-76.0
1777890269.1913323,0.0,0.0,-78.0
1777890269.2013323,0.0,2.0,-76.0
1777890269.2113323,2.0,4.0,-76.0
1777890269.2213323,1.0,1.0,-71.0
1777890269.2313323,0.0,1.0,-69.0
1777890269.2413323,0.0,1.0,-71.0
1777890269.2513323,-2.0,-1.0,-73.0
1777890269.2613325,-8.0,0.0,-70.0
1777890269.2713325,-9.0,3.0,-72.0
1777890269.2813325,-6.0,0.0,-69.0
1777890269.2913325,-6.0,-1.0,-70.0
1777890269.3013325,-3.0,0.0,-70.0
1777890269.3113325,-7.0,-1.0,-65.0
1777890269.3213325,-4.0,1.0,-72.0
1777890269.3313324,-3.0,1.0,-77.0
1777890269.3413324,-2.0,4.0,-72.0
1777890269.3513324,0.0,2.0,-71.0
1777890269.3613324,0.0,4.0,-61.0
1777890269.3713324,-1.0,1.0,-60.0
1777890269.3813324,-2.0,1.0,-57.0
1777890269.3913324,1.0,-1.0,-55.0
1777890269.4013324,-2.0,0.0,-61.0
1777890269.4113324,-3.0,2.0,-62.0
1777890269.4213324,-4.0,2.0,-70.0
1777890269.4313323,-8.0,0.0,-80.0
1777890269.4413323,-6.0,-2.0,-76.0
1777890269.4513323,0.0,2.0,-78.0
1777890269.4613323,0.0,-2.0,-77.0
1777890269.4713323,1.0,1.0,-74.0
1777890269.4813323,0.0,2.0,-85.0
1777890269.4913323,0.0,1.0,-79.0
1777890269.5013323,2.0,1.0,-75.0
1777890269.5113325,9.0,1.0,-72.0
1777890269.5213325,7.0,1.0,-66.0
1777890269.5313325,4.0,2.0,-67.0
1777890269.5413325,0.0,0.0,-68.0
1777890269.5513325,1.0,1.0,-68.0
1777890269.5613325,0.0,1.0,-72.0
1777890269.5713325,0.0,-2.0,-71.0
1777890269.5813324,4.0,0.0,-71.0
1777890269.5913324,4.0,4.0,-76.0
1777890269.6013324,5.0,4.0,-77.0
1777890269.6113324,4.0,2.0,-75.0
1777890269.6213324,5.0,5.0,-70.0
1777890269.6313324,4.0,5.0,-70.0
1777890269.6413324,0.0,0.0,-67.0
1777890269.6513324,-1.0,2.0,-63.0
1777890269.6613324,0.0,-2.0,-65.0
1777890269.6713324,1.0,-1.0,-62.0
1777890269.6813323,0.0,-1.0,-63.0
1777890269.6913323,-2.0,-4.0,-64.0
1777890269.7013323,-1.0,-5.0,-73.0
1777890269.7113323,2.0,-6.0,-69.0
1777890269.7213323,3.0,-1.0,-77.0
1777890269.7313323,1.0,1.0,-78.0
1777890269.7413323,3.0,0.0,-79.0
1777890269.7523324,3.0,1.0,-74.0
1777890269.7613325,0.0,1.0,-73.0
1777890269.7713325,0.0,0.0,-78.0
1777890269.7813325,1.0,-2.0,-76.0
1777890269.7913325,1.0,-2.0,-73.0
1777890269.8013325,3.0,0.0,-74.0
1777890269.8113325,2.0,1.0,-78.0
1777890269.8213325,-1.0,-2.0,-80.0
1777890269.8313324,-1.0,-1.0,-86.0
1777890269.8413324,-4.0,-1.0,-87.0
1777890269.8513324,-4.0,-2.0,-82.0
1777890269.8613324,-2.0,0.0,-79.0
1777890269.8713324,0.0,3.0,-74.0
1777890269.8813324,0.0,2.0,-72.0
1777890269.8913324,1.0,3.0,-74.0
1777890269.9013324,3.0,0.0,-74.0
1777890269.9113324,1.0,0.0,-72.0
1777890269.9213324,7.0,0.0,-74.0
1777890269.9313323,0.0,0.0,-81.0
1777890269.9413323,6.0,0.0,-76.0
1777890269.9513323,5.0,-1.0,-70.0
1777890269.9613323,0.0,-2.0,-65.0
1777890269.9713323,1.0,0.0,-68.0
1777890269.9813323,1.0,-2.0,-63.0
1777890269.9923325,1.0,-3.0,-74.0
1777890270.0013323,0.0,-7.0,-74.0
1777890270.0113325,2.0,-6.0,-76.0
1777890270.0213325,4.0,-6.0,-77.0
1777890270.0323324,6.0,-4.0,-73.0
1777890270.0423324,7.0,-4.0,-67.0
1777890270.0523324,4.0,-8.0,-62.0
1777890270.0613325,0.0,-8.0,-62.0
1777890270.0723324,4.0,-9.0,-70.0
1777890270.0823324,4.0,-12.0,-76.0
1777890270.0923324,2.0,-11.0,-77.0
1777890270.1023324,4.0,-7.0,-77.0
1777890270.1113324,5.0,-2.0,-71.0
1777890270.1223323,0.0,0.0,-71.0
1777890270.1323323,1.0,5.0,-75.0
1777890270.1423323,-3.0,7.0,-75.0
1777890270.1523323,-4.0,4.0,-73.0
1777890270.1623323,-2.0,7.0,-79.0
1777890270.1723323,5.0,7.0,-85.0
1777890270.1823325,1.0,0.0,-81.0
1777890270.1923325,0.0,2.0,-78.0
1777890270.2023325,0.0,5.0,-75.0
1777890270.2123325,5.0,4.0,-71.0
1777890270.2223325,9.0,2.0,-66.0
1777890270.2323325,8.0,2.0,-64.0
1777890270.2423325,15.0,1.0,-71.0
1777890270.2523324,12.0,0.0,-66.0
1777890270.2623324,9.0,1.0,-65.0
1777890270.2723324,6.0,1.0,-68.0
1777890270.2823324,1.0,2.0,-64.0
1777890270.2923324,-5.0,0.0,-61.0
1777890270.3023324,-2.0,0.0,-63.0
1777890270.3123324,-1.0,-2.0,-63.0
1777890270.3223324,0.0,0.0,-64.0
1777890270.3323324,0.0,0.0,-62.0
1777890270.3423324,1.0,-1.0,-62.0
1777890270.3523324,5.0,3.0,-63.0
1777890270.3623323,4.0,7.0,-64.0
1777890270.3723323,6.0,4.0,-65.0
1777890270.3823323,4.0,3.0,-75.0
1777890270.3923323,2.0,0.0,-82.0
1777890270.4023323,5.0,3.0,-87.0
1777890270.4123323,3.0,0.0,-85.0
1777890270.4223323,4.0,0.0,-83.0
1777890270.4323325,2.0,0.0,-85.0
1777890270.4423325,5.0,4.0,-82.0
1777890270.4523325,9.0,3.0,-79.0
1777890270.4623325,3.0,3.0,-72.0
1777890270.4723325,2.0,1.0,-71.0
1777890270.4823325,-1.0,1.0,-78.0
1777890270.4923325,0.0,4.0,-80.0
1777890270.5023324,0.0,3.0,-76.0
1777890270.5123324,4.0,1.0,-82.0
1777890270.5223324,3.0,0.0,-81.0
1777890270.5323324,2.0,3.0,-86.0
1777890270.5423324,3.0,2.0,-80.0
1777890270.5523324,6.0,0.0,-73.0
1777890270.5623324,7.0,2.0,-70.0
1777890270.5723324,2.0,2.0,-69.0
1777890270.5823324,2.0,3.0,-73.0
1777890270.5923324,3.0,4.0,-69.0
1777890270.6023324,0.0,1.0,-74.0
1777890270.6123323,0.0,-5.0,-79.0
1777890270.6223323,-1.0,-5.0,-83.0
1777890270.6323323,-5.0,-5.0,-84.0
1777890270.6423323,-4.0,-5.0,-82.0
1777890270.6523323,-1.0,-5.0,-75.0
1777890270.6623323,2.0,-2.0,-72.0
1777890270.6723323,0.0,-2.0,-76.0
1777890270.6823325,-2.0,-2.0,-79.0
1777890270.6923325,-4.0,0.0,-79.0
1777890270.7023325,-4.0,4.0,-79.0
1777890270.7123325,-5.0,4.0,-83.0
1777890270.7223325,1.0,3.0,-87.0
1777890270.7323325,0.0,0.0,-88.0
1777890270.7423325,1.0,1.0,-81.0
1777890270.7523324,5.0,4.0,-82.0
1777890270.7623324,3.0,6.0,-78.0
1777890270.7723324,1.0,5.0,-83.0
1777890270.7823324,-4.0,7.0,-88.0
1777890270.7923324,-4.0,5.0,-84.0
1777890270.8023324,-3.0,6.0,-85.0
1777890270.8123324,-1.0,6.0,-85.0
1777890270.8223324,0.0,3.0,-86.0
1777890270.8323324,-4.0,1.0,-86.0
1777890270.8423324,-4.0,0.0,-78.0
1777890270.8523324,-5.0,-4.0,-82.0
1777890270.8623323,-2.0,0.0,-80.0
1777890270.8723323,0.0,3.0,-80.0
1777890270.8823323,1.0,1.0,-75.0
1777890270.8923323,0.0,0.0,-75.0
1777890270.9023323,0.0,-3.0,-72.0
1777890270.9123323,-4.0,1.0,-71.0
1777890270.9223323,0.0,0.0,-64.0
1777890270.9323325,1.0,0.0,-64.0
1777890270.9423325,2.0,3.0,-66.0
1777890270.9523325,5.0,3.0,-61.0
1777890270.9623325,6.0,1.0,-64.0
1777890270.9723325,0.0,2.0,-67.0
1777890270.9823325,0.0,-3.0,-66.0
1777890270.9923325,-2.0,-3.0,-64.0
1777890271.0023324,-2.0,-3.0,-68.0
1777890271.0123324,4.0,-1.0,-69.0
1777890271.0223324,8.0,-2.0,-70.0
1777890271.0323324,8.0,-2.0,-73.0
1777890271.0423324,10.0,0.0,-75.0
1777890271.0523324,4.0,0.0,-78.0
1777890271.0623324,2.0,0.0,-82.0
1777890271.0723324,-3.0,1.0,-77.0
1777890271.0823324,-4.0,7.0,-73.0
1777890271.0923324,-6.0,4.0,-80.0
1777890271.1023324,-2.0,6.0,-85.0
1777890271.1123323,0.0,3.0,-87.0
1777890271.1223323,2.0,1.0,-82.0
1777890271.1323323,1.0,4.0,-81.0
1777890271.1423323,2.0,0.0,-81.0
1777890271.1523323,3.0,0.0,-79.0
1777890271.1623323,4.0,-3.0,-78.0
1777890271.1723323,1.0,-4.0,-75.0
1777890271.1823325,0.0,-2.0,-78.0
1777890271.1923325,0.0,0.0,-71.0
1777890271.2023325,1.0,-3.0,-70.0
1777890271.2123325,0.0,-2.0,-71.0
1777890271.2223325,6.0,0.0,-75.0
1777890271.2323325,5.0,2.0,-74.0
1777890271.2423325,3.0,0.0,-70.0
1777890271.2523324,2.0,-3.0,-69.0
1777890271.2623324,0.0,-2.0,-60.0
1777890271.2723324,-3.0,-4.0,-59.0
1777890271.2823324,0.0,-3.0,-57.0
1777890271.2923324,1.0,-1.0,-63.0
1777890271.3023324,0.0,0.0,-65.0
1777890271.3123324,-3.0,0.0,-65.0
1777890271.3223324,-2.0,1.0,-67.0
1777890271.3323324,2.0,2.0,-63.0
1777890271.3423324,3.0,2.0,-68.0
1777890271.3523324,5.0,0.0,-74.0
1777890271.3623323,4.0,0.0,-74.0
1777890271.3723323,0.0,4.0,-77.0
1777890271.3823323,-3.0,5.0,-69.0
1777890271.3923323,-2.0,7.0,-67.0
1777890271.4023323,-4.0,2.0,-66.0
1777890271.4123323,-3.0,2.0,-68.0
1777890271.4223323,-2.0,2.0,-74.0
1777890271.4323325,0.0,1.0,-77.0
1777890271.4423325,1.0,0.0,-81.0
1777890271.4523325,0.0,1.0,-74.0
1777890271.4623325,0.0,1.0,-72.0
1777890271.4723325,3.0,0.0,-72.0
1777890271.4823325,6.0,1.0,-73.0
1777890271.4923325,4.0,5.0,-72.0
1777890271.5023324,-1.0,3.0,-63.0
1777890271.5123324,-3.0,6.0,-59.0
1777890271.5223324,-3.0,0.0,-66.0
1777890271.5323324,-1.0,0.0,-69.0
1777890271.5423324,1.0,0.0,-72.0
1777890271.5523324,0.0,2.0,-74.0
1777890271.5623324,-1.0,2.0,-82.0
1777890271.5723324,-2.0,0.0,-82.0
1777890271.5823324,-1.0,-1.0,-75.0
1777890271.5923324,1.0,2.0,-78.0
1777890271.6023324,4.0,5.0,-75.0
1777890271.6123323,5.0,3.0,-70.0
1777890271.6223323,5.0,0.0,-73.0
1777890271.6323323,4.0,0.0,-82.0
1777890271.6423323,6.0,0.0,-76.0
1777890271.6523323,6.0,2.0,-82.0
1777890271.6623323,3.0,3.0,-85.0
1777890271.6723323,-3.0,1.0,-82.0
1777890271.6823325,-4.0,-2.0,-78.0
1777890271.6923325,-3.0,-3.0,-75.0
1777890271.7023325,-5.0,-4.0,-72.0
1777890271.7123325,-1.0,-4.0,-71.0
1777890271.7223325,-1.0,-1.0,-67.0
1777890271.7323325,-3.0,-1.0,-76.0
1777890271.7423325,0.0,1.0,-74.0
1777890271.7523324,-2.0,-4.0,-75.0
1777890271.7623324,1.0,0.0,-72.0
1777890271.7723324,-2.0,1.0,-65.0
1777890271.7823324,0.0,2.0,-69.0
1777890271.7923324,-2.0,5.0,-73.0
1777890271.8023324,-2.0,7.0,-71.0
1777890271.8123324,1.0,7.0,-74.0
1777890271.8223324,2.0,10.0,-76.0
1777890271.8323324,3.0,4.0,-72.0
1777890271.8423324,1.0,2.0,-78.0
1777890271.8523324,2.0,6.0,-78.0
1777890271.8623323,4.0,2.0,-79.0
1777890271.8723323,0.0,0.0,-78.0
1777890271.8823323,-1.0,0.0,-71.0
1777890271.8923323,-6.0,-1.0,-68.0
1777890271.9023323,-6.0,0.0,-68.0
1777890271.9123323,-3.0,0.0,-74.0
1777890271.9223323,-1.0,0.0,-75.0
1777890271.9323325,0.0,-3.0,-71.0
1777890271.9423325,0.0,-4.0,-75.0
1777890271.9523325,-3.0,-3.0,-77.0
1777890271.9623325,-2.0,-4.0,-75.0
1777890271.9723325,-2.0,-3.0,-74.0
1777890271.9823325,1.0,-4.0,-80.0
1777890271.9933324,1.0,-7.0,-77.0
1777890272.0033324,2.0,-4.0,-71.0
1777890272.0133324,2.0,-5.0,-75.0
1777890272.0233324,0.0,-7.0,-76.0
1777890272.0323324,-1.0,-9.0,-79.0
1777890272.0433323,0.0,-6.0,-85.0
1777890272.0533323,0.0,-7.0,-91.0
1777890272.0633323,-1.0,-10.0,-90.0
1777890272.0733323,0.0,-4.0,-94.0
1777890272.0833323,0.0,-4.0,-93.0
1777890272.0933323,3.0,-2.0,-88.0
1777890272.1033323,3.0,0.0,-90.0
1777890272.1133325,3.0,-4.0,-93.0
1777890272.1233325,-2.0,-3.0,-93.0
1777890272.1333325,-4.0,-6.0,-90.0
1777890272.1433325,-8.0,-7.0,-92.0
1777890272.1533325,-2.0,-8.0,-84.0
1777890272.1633325,0.0,-4.0,-83.0
1777890272.1733325,1.0,-6.0,-80.0
1777890272.1833324,3.0,-4.0,-76.0
1777890272.1933324,3.0,-7.0,-74.0
1777890272.2033324,1.0,-7.0,-75.0
1777890272.2133324,0.0,-7.0,-73.0
1777890272.2233324,-4.0,-5.0,-68.0
1777890272.2333324,-2.0,0.0,-71.0
1777890272.2433324,-2.0,1.0,-72.0
1777890272.2533324,-1.0,2.0,-67.0
1777890272.2633324,2.0,3.0,-66.0
1777890272.2733324,-1.0,2.0,-71.0
1777890272.2833323,-3.0,0.0,-73.0
1777890272.2933323,-1.0,2.0,-75.0
1777890272.3033323,-2.0,5.0,-76.0
1777890272.3133323,0.0,4.0,-76.0
1777890272.3233323,0.0,6.0,-78.0
1777890272.3333323,-1.0,10.0,-72.0
1777890272.3433323,-5.0,7.0,-75.0
1777890272.3533323,-6.0,4.0,-79.0
1777890272.3633325,-4.0,2.0,-80.0
1777890272.3733325,-8.0,0.0,-80.0
1777890272.3833325,-6.0,-2.0,-82.0
1777890272.3933325,-2.0,0.0,-79.0
1777890272.4033325,-2.0,1.0,-78.0
1777890272.4133325,0.0,4.0,-79.0
1777890272.4233325,0.0,4.0,-76.0
1777890272.4333324,1.0,0.0,-78.0
1777890272.4433324,0.0,2.0,-75.0
1777890272.4533324,-1.0,1.0,-70.0
1777890272.4633324,-2.0,0.0,-70.0
1777890272.4733324,-1.0,3.0,-68.0
1777890272.4833324,0.0,1.0,-66.0
1777890272.4933324,0.0,-1.0,-72.0
1777890272.5033324,4.0,-2.0,-75.0
1777890272.5133324,1.0,-1.0,-78.0
1777890272.5233324,4.0,1.0,-77.0
1777890272.5333323,5.0,1.0,-89.0
1777890272.5433323,5.0,-1.0,-94.0
1777890272.5533323,6.0,-7.0,-93.0
1777890272.5633323,5.0,-6.0,-91.0
1777890272.5733323,5.0,-3.0,-90.0
1777890272.5833323,5.0,-2.0,-78.0
1777890272.5933323,5.0,0.0,-72.0
1777890272.6033323,3.0,-2.0,-71.0
1777890272.6133325,7.0,-5.0,-68.0
1777890272.6233325,7.0,-7.0,-73.0
1777890272.6333325,1.0,-7.0,-75.0
1777890272.6433325,0.0,-6.0,-80.0
1777890272.6533325,1.0,-7.0,-88.0
1777890272.6633325,4.0,-3.0,-84.0
1777890272.6733325,4.0,-2.0,-81.0
1777890272.6833324,2.0,-9.0,-87.0
1777890272.6933324,1.0,-8.0,-82.0
1777890272.7033324,0.0,-4.0,-84.0
1777890272.7133324,4.0,-5.0,-80.0
1777890272.7233324,6.0,-6.0,-85.0
1777890272.7333324,5.0,-3.0,-80.0
1777890272.7433324,1.0,0.0,-81.0
1777890272.7533324,0.0,-2.0,-86.0
1777890272.7633324,0.0,-5.0,-82.0
1777890272.7733324,2.0,-7.0,-77.0
1777890272.7833323,3.0,-4.0,-72.0
1777890272.7933323,0.0,-7.0,-70.0
1777890272.8033323,-2.0,-1.0,-70.0
1777890272.8133323,-1.0,0.0,-73.0
1777890272.8233323,0.0,-4.0,-75.0
1777890272.8333323,0.0,-3.0,-73.0
1777890272.8433323,0.0,0.0,-68.0
1777890272.8533323,0.0,1.0,-67.0
1777890272.8633325,0.0,4.0,-67.0
1777890272.8733325,-1.0,2.0,-67.0
1777890272.8833325,2.0,0.0,-71.0
1777890272.8933325,2.0,1.0,-72.0
1777890272.9033325,2.0,2.0,-71.0
1777890272.9133325,6.0,1.0,-76.0
1777890272.9233325,9.0,3.0,-78.0
1777890272.9333324,5.0,-1.0,-77.0
1777890272.9433324,3.0,-1.0,-77.0
1777890272.9533324,0.0,0.0,-79.0
1777890272.9633324,3.0,0.0,-76.0
1777890272.9733324,4.0,-1.0,-74.0
1777890272.9833324,0.0,1.0,-70.0
1777890272.9933324,1.0,3.0,-68.0
1777890273.0033324,1.0,3.0,-71.0
1777890273.0133324,4.0,5.0,-70.0
1777890273.0233324,5.0,0.0,-66.0
1777890273.0333323,1.0,-2.0,-72.0
1777890273.0433323,-1.0,-3.0,-76.0
1777890273.0533323,-1.0,-3.0,-87.0
1777890273.0633323,-4.0,-3.0,-84.0
1777890273.0733323,-5.0,-3.0,-77.0
1777890273.0833323,-6.0,-2.0,-68.0
1777890273.0933323,-6.0,-1.0,-66.0
1777890273.1033323,-5.0,2.0,-72.0
1777890273.1133325,-3.0,2.0,-75.0
1777890273.1233325,-5.0,1.0,-82.0
1777890273.1333325,-4.0,-1.0,-90.0
1777890273.1433325,-3.0,-1.0,-81.0
1777890273.1533325,-7.0,-2.0,-71.0
1777890273.1633325,-5.0,2.0,-70.0
1777890273.1733325,-6.0,0.0,-72.0
1777890273.1833324,-5.0,-6.0,-65.0
1777890273.1933324,-4.0,-10.0,-64.0
1777890273.2033324,-3.0,-7.0,-65.0
1777890273.2133324,0.0,-10.0,-66.0
1777890273.2233324,-4.0,-2.0,-67.0
1777890273.2333324,-4.0,4.0,-67.0
1777890273.2433324,-3.0,2.0,-64.0
1777890273.2533324,-4.0,3.0,-65.0
1777890273.2633324,-2.0,0.0,-70.0
1777890273.2733324,-2.0,0.0,-75.0
1777890273.2833323,0.0,-4.0,-73.0
1777890273.2933323,0.0,-5.0,-73.0
1777890273.3033323,1.0,-1.0,-67.0
1777890273.3133323,5.0,2.0,-63.0
1777890273.3233323,4.0,6.0,-66.0
1777890273.3333323,0.0,5.0,-65.0
1777890273.3433323,-4.0,5.0,-72.0
1777890273.3533323,-5.0,6.0,-69.0
1777890273.3633325,-8.0,9.0,-68.0
1777890273.3733325,-7.0,10.0,-70.0
1777890273.3833325,0.0,8.0,-81.0
1777890273.3933325,-7.0,4.0,-86.0
1777890273.4033325,-4.0,4.0,-82.0
1777890273.4133325,0.0,2.0,-81.0
1777890273.4233325,0.0,0.0,-68.0
1777890273.4333324,-6.0,2.0,-70.0
1777890273.4433324,-5.0,2.0,-75.0
1777890273.4533324,-3.0,3.0,-73.0
1777890273.4633324,1.0,-1.0,-79.0
1777890273.4733324,4.0,0.0,-84.0
1777890273.4833324,2.0,2.0,-83.0
1777890273.4933324,1.0,5.0,-79.0
1777890273.5033324,4.0,1.0,-78.0
1777890273.5133324,10.0,1.0,-75.0
1777890273.5233324,10.0,0.0,-73.0
1777890273.5333323,6.0,3.0,-68.0
1777890273.5433323,5.0,3.0,-66.0
1777890273.5533323,4.0,0.0,-63.0
1777890273.5633323,4.0,-2.0,-66.0
1777890273.5733323,-1.0,0.0,-74.0
1777890273.5833323,3.0,-1.0,-78.0
1777890273.5933323,-1.0,-7.0,-80.0
1777890273.6033323,-2.0,-10.0,-71.0
1777890273.6133325,0.0,-8.0,-72.0
1777890273.6233325,-5.0,-2.0,-82.0
1777890273.6333325,-5.0,0.0,-76.0
1777890273.6433325,-5.0,3.0,-74.0
1777890273.6533325,-2.0,4.0,-76.0
1777890273.6633325,-6.0,2.0,-77.0
1777890273.6733325,-8.0,1.0,-83.0
1777890273.6833324,-5.0,4.0,-81.0
1777890273.6933324,-5.0,2.0,-73.0
1777890273.7033324,0.0,-2.0,-68.0
1777890273.7133324,2.0,-3.0,-78.0
1777890273.7233324,0.0,-2.0,-72.0
1777890273.7333324,-3.0,-1.0,-86.0
1777890273.7433324,-5.0,1.0,-87.0
1777890273.7533324,-8.0,-1.0,-77.0
1777890273.7633324,-7.0,-2.0,-80.0
1777890273.7733324,-6.0,-4.0,-85.0
1777890273.7833323,-6.0,-3.0,-89.0
1777890273.7933323,-8.0,-5.0,-88.0
1777890273.8033323,-7.0,1.0,-85.0
1777890273.8133323,-5.0,2.0,-86.0
1777890273.8233323,-3.0,0.0,-81.0
1777890273.8333323,0.0,-2.0,-88.0
1777890273.8433323,1.0,-7.0,-81.0
1777890273.8533323,-2.0,-5.0,-74.0
1777890273.8633325,-5.0,-1.0,-74.0
1777890273.8733325,-3.0,-2.0,-71.0
1777890273.8833325,-3.0,-3.0,-70.0
1777890273.8933325,0.0,0.0,-76.0
1777890273.9033325,0.0,0.0,-67.0
1777890273.9133325,-1.0,0.0,-71.0
1777890273.9233325,-1.0,1.0,-74.0
1777890273.9333324,-1.0,2.0,-66.0
1777890273.9433324,1.0,3.0,-69.0
1777890273.9533324,3.0,6.0,-69.0
1777890273.9633324,-2.0,3.0,-68.0
1777890273.9733324,-3.0,6.0,-64.0
1777890273.9833324,-4.0,5.0,-60.0
1777890273.9933324,0.0,-1.0,-60.0
1777890274.0043323,-3.0,-2.0,-75.0
1777890274.0143323,-1.0,-6.0,-76.0
1777890274.0243323,0.0,-4.0,-75.0
1777890274.0343325,0.0,2.0,-75.0
1777890274.0443325,1.0,6.0,-75.0
1777890274.0543325,0.0,4.0,-72.0
1777890274.0643325,-3.0,1.0,-69.0
1777890274.0743325,-7.0,3.0,-68.0
1777890274.0843325,-6.0,1.0,-69.0
1777890274.0943325,-6.0,-2.0,-65.0
1777890274.1043324,-7.0,0.0,-71.0
1777890274.1143324,-9.0,1.0,-70.0
1777890274.1243324,-4.0,0.0,-78.0
1777890274.1343324,-4.0,2.0,-82.0
1777890274.1443324,-4.0,5.0,-75.0
1777890274.1543324,0.0,2.0,-77.0
1777890274.1643324,-1.0,3.0,-75.0
1777890274.1743324,-3.0,0.0,-74.0
1777890274.1843324,-3.0,3.0,-81.0
1777890274.1943324,-1.0,4.0,-79.0
1777890274.2043324,-2.0,0.0,-79.0
1777890274.2143323,-1.0,-4.0,-83.0
1777890274.2243323,0.0,0.0,-84.0
1777890274.2343323,2.0,1.0,-79.0
1777890274.2443323,3.0,0.0,-75.0
1777890274.2543323,6.0,0.0,-77.0
1777890274.2643323,8.0,-2.0,-78.0
1777890274.2743323,10.0,-1.0,-74.0
1777890274.2843325,5.0,-3.0,-78.0
1777890274.2943325,5.0,0.0,-78.0
1777890274.3043325,4.0,-2.0,-72.0
1777890274.3143325,0.0,-3.0,-73.0
1777890274.3243325,-1.0,-2.0,-71.0
1777890274.3343325,0.0,-3.0,-78.0
1777890274.3443325,2.0,-2.0,-73.0
1777890274.3543324,2.0,-3.0,-68.0
1777890274.3643324,3.0,-4.0,-68.0
1777890274.3743324,0.0,-5.0,-69.0
1777890274.3843324,-1.0,0.0,-76.0
1777890274.3943324,0.0,1.0,-78.0
1777890274.4043324,2.0,2.0,-74.0
1777890274.4143324,3.0,3.0,-70.0
1777890274.4243324,1.0,9.0,-73.0
1777890274.4343324,0.0,5.0,-76.0
1777890274.4443324,-2.0,2.0,-75.0
1777890274.4543324,-4.0,0.0,-71.0
1777890274.4643323,-4.0,0.0,-65.0
1777890274.4743323,-6.0,0.0,-68.0
1777890274.4843323,-7.0,3.0,-71.0
1777890274.4943323,-6.0,5.0,-68.0
1777890274.5043323,-2.0,0.0,-77.0
1777890274.5143323,-4.0,-4.0,-77.0
1777890274.5243323,-6.0,-4.0,-70.0
1777890274.5343325,-3.0,0.0,-68.0
1777890274.5443325,-5.0,-1.0,-71.0
1777890274.5543325,-1.0,-1.0,-73.0
1777890274.5643325,0.0,0.0,-78.0
1777890274.5743325,-2.0,0.0,-79.0
1777890274.5843325,-8.0,0.0,-83.0
1777890274.5943325,-4.0,-2.0,-83.0
1777890274.6043324,-6.0,-1.0,-74.0
1777890274.6143324,-5.0,1.0,-76.0
1777890274.6243324,-5.0,0.0,-76.0
1777890274.6343324,-6.0,2.0,-71.0
1777890274.6443324,-3.0,1.0,-73.0
1777890274.6543324,0.0,2.0,-72.0
1777890274.6643324,-4.0,0.0,-75.0
1777890274.6743324,-5.0,-1.0,-74.0
1777890274.6843324,-4.0,2.0,-77.0
1777890274.6943324,-1.0,0.0,-81.0
1777890274.7043324,0.0,-2.0,-75.0
1777890274.7143323,-4.0,-1.0,-74.0
1777890274.7243323,-2.0,0.0,-75.0
1777890274.7343323,-4.0,-3.0,-75.0
1777890274.7443323,0.0,0.0,-75.0
1777890274.7543323,1.0,2.0,-68.0
1777890274.7643323,0.0,0.0,-71.0
1777890274.7743323,1.0,-2.0,-73.0
1777890274.7843325,0.0,2.0,-73.0
1777890274.7943325,2.0,0.0,-71.0
1777890274.8043325,6.0,0.0,-73.0
1777890274.8143325,4.0,-2.0,-73.0
1777890274.8243325,2.0,1.0,-74.0
1777890274.8343325,-1.0,3.0,-74.0
1777890274.8443325,0.0,4.0,-75.0
1777890274.8543324,-1.0,6.0,-70.0
1777890274.8643324,-3.0,5.0,-68.0
1777890274.8743324,-3.0,4.0,-74.0
1777890274.8843324,1.0,0.0,-76.0
1777890274.8943324,2.0,0.0,-71.0
1777890274.9043324,0.0,-8.0,-74.0
1777890274.9143324,4.0,-11.0,-72.0
1777890274.9243324,3.0,-10.0,-73.0
1777890274.9343324,4.0,-9.0,-77.0
1777890274.9443324,3.0,-7.0,-76.0
1777890274.9543324,3.0,-6.0,-72.0
1777890274.9643323,3.0,-3.0,-73.0
1777890274.9743323,1.0,-5.0,-74.0
1777890274.9843323,0.0,-7.0,-76.0
1777890274.9943323,-2.0,-3.0,-72.0
1777890275.0043323,-7.0,-1.0,-71.0
1777890275.0143323,-10.0,-6.0,-71.0
1777890275.0243323,-11.0,-6.0,-73.0
1777890275.0343325,-11.0,0.0,-77.0
1777890275.0443325,-6.0,-7.0,-75.0
1777890275.0543325,-3.0,-7.0,-74.0
1777890275.0643325,1.0,-4.0,-77.0
1777890275.0743325,2.0,0.0,-80.0
1777890275.0843325,0.0,-1.0,-78.0
1777890275.0943325,0.0,0.0,-80.0
1777890275.1043324,5.0,-2.0,-80.0
1777890275.1143324,0.0,-1.0,-77.0
1777890275.1243324,0.0,0.0,-73.0
1777890275.1343324,0.0,-2.0,-72.0
1777890275.1443324,-1.0,-5.0,-68.0
1777890275.1543324,-2.0,-2.0,-76.0
1777890275.1643324,-1.0,0.0,-84.0
1777890275.1743324,0.0,3.0,-83.0
1777890275.1843324,0.0,0.0,-76.0
1777890275.1943324,5.0,-2.0,-72.0
1777890275.2043324,7.0,-1.0,-69.0
1777890275.2143323,9.0,-2.0,-66.0
1777890275.2243323,5.0,-4.0,-78.0
1777890275.2343323,6.0,-4.0,-78.0
1777890275.2443323,2.0,-5.0,-78.0
1777890275.2543323,0.0,-5.0,-75.0
1777890275.2643323,0.0,0.0,-74.0
1777890275.2743323,-4.0,-1.0,-79.0
1777890275.2843325,-4.0,0.0,-73.0
1777890275.2943325,-5.0,0.0,-73.0
1777890275.3043325,-4.0,0.0,-70.0
1777890275.3143325,-6.0,-1.0,-67.0
1777890275.3243325,-6.0,2.0,-69.0
1777890275.3343325,-9.0,0.0,-72.0
1777890275.3443325,-6.0,-4.0,-74.0
1777890275.3543324,-3.0,-4.0,-79.0
1777890275.3643324,-3.0,-6.0,-85.0
1777890275.3743324,-3.0,-2.0,-93.0
1777890275.3843324,1.0,-3.0,-89.0
1777890275.3943324,0.0,-6.0,-86.0
1777890275.4043324,3.0,-3.0,-81.0
1777890275.4143324,2.0,-4.0,-85.0
1777890275.4243324,1.0,-4.0,-86.0
1777890275.4343324,1.0,-3.0,-79.0
1777890275.4443324,-4.0,-1.0,-77.0
1777890275.4543324,-3.0,-2.0,-73.0
1777890275.4643323,-4.0,-3.0,-67.0
1777890275.4743323,0.0,0.0,-69.0
1777890275.4843323,3.0,-2.0,-68.0
1777890275.4943323,1.0,0.0,-68.0
1777890275.5043323,6.0,0.0,-67.0
1777890275.5143323,6.0,-2.0,-61.0
1777890275.5243323,8.0,0.0,-59.0
1777890275.5343325,9.0,0.0,-56.0
1777890275.5443325,4.0,-3.0,-65.0
1777890275.5543325,-3.0,-6.0,-67.0
1777890275.5643325,-4.0,-8.0,-70.0
1777890275.5743325,-3.0,-5.0,-76.0
1777890275.5843325,-5.0,-4.0,-75.0
1777890275.5943325,-6.0,0.0,-73.0
1777890275.6043324,-3.0,5.0,-73.0
1777890275.6143324,-6.0,4.0,-67.0
1777890275.6243324,-1.0,4.0,-75.0
1777890275.6343324,0.0,9.0,-76.0
1777890275.6443324,2.0,8.0,-82.0
1777890275.6543324,4.0,4.0,-83.0
1777890275.6643324,8.0,6.0,-88.0
1777890275.6743324,8.0,4.0,-90.0
1777890275.6843324,2.0,2.0,-86.0
1777890275.6943324,1.0,-1.0,-79.0
1777890275.7043324,-1.0,-2.0,-76.0
1777890275.7143323,-2.0,0.0,-73.0
1777890275.7243323,-1.0,1.0,-71.0
1777890275.7343323,-3.0,2.0,-70.0
1777890275.7443323,1.0,0.0,-68.0
1777890275.7543323,-3.0,0.0,-73.0
1777890275.7643323,-1.0,2.0,-73.0
1777890275.7743323,1.0,1.0,-78.0
1777890275.7843325,7.0,-2.0,-75.0
1777890275.7943325,4.0,-2.0,-79.0
1777890275.8043325,8.0,-3.0,-77.0
1777890275.8143325,6.0,-2.0,-76.0
1777890275.8243325,5.0,0.0,-71.0
1777890275.8343325,6.0,1.0,-69.0
1777890275.8443325,8.0,0.0,-71.0
1777890275.8543324,9.0,0.0,-73.0
1777890275.8643324,7.0,0.0,-73.0
1777890275.8743324,2.0,-1.0,-74.0
1777890275.8843324,0.0,0.0,-72.0
1777890275.8943324,-2.0,-4.0,-68.0
1777890275.9043324,-1.0,-3.0,-71.0
1777890275.9143324,-2.0,-4.0,-67.0
1777890275.9243324,-5.0,0.0,-67.0
1777890275.9353323,-6.0,0.0,-73.0
1777890275.9453323,-3.0,0.0,-76.0
1777890275.9543324,-1.0,-2.0,-82.0
1777890275.9643323,-1.0,0.0,-77.0
1777890275.9753325,-1.0,-2.0,-77.0
1777890275.9843323,0.0,0.0,-78.0
1777890275.9953325,-2.0,-3.0,-80.0
1777890276.0053325,0.0,-1.0,-81.0
1777890276.0153325,5.0,0.0,-81.0
1777890276.0253325,0.0,1.0,-87.0
1777890276.0353324,-1.0,2.0,-77.0
1777890276.0453324,-6.0,0.0,-81.0
1777890276.0553324,-7.0,4.0,-86.0
1777890276.0653324,-4.0,5.0,-81.0
1777890276.0753324,0.0,1.0,-79.0
1777890276.0853324,-3.0,0.0,-79.0
1777890276.0953324,-2.0,-2.0,-81.0
1777890276.1053324,0.0,0.0,-80.0
1777890276.1153324,4.0,-3.0,-75.0
1777890276.1253324,2.0,-6.0,-74.0
1777890276.1353323,3.0,0.0,-71.0
1777890276.1453323,6.0,2.0,-74.0
1777890276.1553323,1.0,2.0,-81.0
1777890276.1653323,0.0,5.0,-79.0
1777890276.1753323,0.0,5.0,-80.0
1777890276.1853323,0.0,6.0,-79.0
1777890276.1953323,1.0,2.0,-78.0
1777890276.2053325,2.0,3.0,-78.0
1777890276.2153325,2.0,0.0,-74.0
1777890276.2253325,2.0,-5.0,-77.0
1777890276.2353325,2.0,-4.0,-75.0
1777890276.2453325,4.0,-2.0,-72.0
1777890276.2553325,3.0,0.0,-75.0
1777890276.2653325,0.0,-2.0,-76.0
1777890276.2753325,-3.0,-3.0,-73.0
1777890276.2853324,-4.0,-2.0,-74.0
1777890276.2953324,-2.0,-4.0,-72.0
1777890276.3053324,-1.0,-1.0,-72.0
1777890276.3153324,0.0,-1.0,-72.0
1777890276.3253324,3.0,0.0,-70.0
1777890276.3353324,7.0,3.0,-73.0
1777890276.3453324,6.0,2.0,-73.0
1777890276.3553324,8.0,0.0,-78.0
1777890276.3653324,7.0,-2.0,-77.0
1777890276.3753324,6.0,-2.0,-75.0
1777890276.3853323,2.0,-1.0,-72.0
1777890276.3953323,-4.0,-2.0,-71.0
1777890276.4053323,-3.0,-7.0,-78.0
1777890276.4153323,1.0,-8.0,-81.0
1777890276.4253323,-2.0,-6.0,-81.0
1777890276.4353323,0.0,0.0,-79.0
1777890276.4453323,0.0,-1.0,-79.0
1777890276.4553325,-2.0,0.0,-83.0
1777890276.4653325,-5.0,2.0,-81.0
1777890276.4753325,-7.0,3.0,-80.0
1777890276.4853325,-4.0,5.0,-80.0
1777890276.4953325,-3.0,5.0,-80.0
1777890276.5053325,-2.0,1.0,-85.0
1777890276.5153325,-2.0,2.0,-85.0
1777890276.5253325,-1.0,-2.0,-76.0
1777890276.5353324,-1.0,-5.0,-74.0
1777890276.5453324,-3.0,-8.0,-70.0
1777890276.5553324,-4.0,-9.0,-75.0
1777890276.5653324,-1.0,-7.0,-78.0
1777890276.5753324,-3.0,-7.0,-78.0
1777890276.5853324,-1.0,-1.0,-80.0
1777890276.5953324,-1.0,0.0,-79.0
1777890276.6053324,0.0,-3.0,-79.0
1777890276.6153324,-1.0,0.0,-86.0
1777890276.6253324,0.0,-3.0,-90.0
1777890276.6353323,4.0,-2.0,-94.0
1777890276.6453323,6.0,-2.0,-89.0
1777890276.6553323,5.0,-2.0,-82.0
1777890276.6653323,1.0,-1.0,-75.0
1777890276.6753323,0.0,1.0,-66.0
1777890276.6853323,1.0,0.0,-71.0
1777890276.6953323,-2.0,0.0,-71.0
1777890276.7053325,-4.0,1.0,-73.0
1777890276.7153325,-4.0,0.0,-74.0
1777890276.7253325,-9.0,1.0,-65.0
1777890276.7353325,-7.0,0.0,-68.0
1777890276.7453325,-7.0,0.0,-75.0
1777890276.7553325,-9.0,0.0,-74.0
1777890276.7653325,-7.0,-5.0,-74.0
1777890276.7753325,-6.0,-5.0,-77.0
1777890276.7853324,-3.0,-6.0,-75.0
1777890276.7953324,-4.0,-12.0,-73.0
1777890276.8053324,0.0,-10.0,-72.0
1777890276.8153324,1.0,-5.0,-72.0
1777890276.8253324,0.0,-1.0,-75.0
1777890276.8353324,-1.0,-4.0,-73.0
1777890276.8453324,-2.0,-3.0,-69.0
1777890276.8553324,1.0,-8.0,-72.0
1777890276.8653324,-4.0,-8.0,-73.0
1777890276.8753324,-6.0,2.0,-73.0
1777890276.8853323,-3.0,4.0,-72.0
1777890276.8953323,0.0,2.0,-73.0
1777890276.9053323,-3.0,2.0,-67.0
1777890276.9153323,-3.0,1.0,-68.0
1777890276.9253323,-4.0,4.0,-74.0
1777890276.9353323,-4.0,3.0,-82.0
1777890276.9453323,-5.0,1.0,-81.0
1777890276.9553325,-6.0,-2.0,-83.0
1777890276.9653325,-4.0,-5.0,-89.0
1777890276.9753325,-2.0,-2.0,-83.0
1777890276.9853325,-1.0,-4.0,-75.0
1777890276.9953325,3.0,-6.0,-77.0
1777890277.0053325,6.0,-13.0,-73.0
1777890277.0153325,2.0,-9.0,-71.0
1777890277.0253325,2.0,-9.0,-69.0
1777890277.0353324,2.0,-9.0,-79.0
1777890277.0453324,2.0,-4.0,-72.0
1777890277.0553324,0.0,-2.0,-69.0
1777890277.0653324,4.0,-3.0,-68.0
1777890277.0753324,7.0,-2.0,-65.0
1777890277.0853324,10.0,-1.0,-68.0
1777890277.0953324,8.0,0.0,-66.0
1777890277.1053324,6.0,-3.0,-72.0
1777890277.1153324,-1.0,-5.0,-76.0
1777890277.1253324,-4.0,-6.0,-80.0
1777890277.1353323,-4.0,-5.0,-79.0
1777890277.1453323,-3.0,-12.0,-84.0
1777890277.1553323,-3.0,-8.0,-85.0
1777890277.1653323,-2.0,-7.0,-87.0
1777890277.1753323,-4.0,-8.0,-84.0
1777890277.1853323,0.0,-11.0,-83.0
1777890277.1953323,0.0,-2.0,-79.0
1777890277.2053325,-4.0,-2.0,-77.0
1777890277.2153325,-5.0,-1.0,-72.0
1777890277.2253325,-3.0,0.0,-74.0
1777890277.2353325,2.0,-1.0,-77.0
1777890277.2453325,0.0,2.0,-76.0
1777890277.2553325,0.0,0.0,-85.0
1777890277.2653325,1.0,-1.0,-88.0
1777890277.2753325,1.0,-1.0,-86.0
1777890277.2853324,-3.0,-2.0,-78.0
1777890277.2953324,-2.0,-3.0,-78.0
1777890277.3053324,-2.0,-6.0,-76.0
1777890277.3153324,-4.0,-11.0,-81.0
1777890277.3253324,-7.0,-9.0,-81.0
1777890277.3353324,-3.0,-2.0,-80.0
1777890277.3453324,-3.0,0.0,-78.0
1777890277.3553324,4.0,0.0,-76.0
1777890277.3653324,1.0,0.0,-70.0
1777890277.3753324,3.0,-2.0,-69.0
1777890277.3853323,2.0,-3.0,-69.0
1777890277.3953323,0.0,-2.0,-69.0
1777890277.4053323,4.0,-8.0,-69.0
1777890277.4153323,2.0,-6.0,-69.0
1777890277.4253323,1.0,-3.0,-70.0
1777890277.4353323,5.0,-5.0,-67.0
1777890277.4453323,1.0,-8.0,-66.0
1777890277.4553325,0.0,-5.0,-67.0
1777890277.4653325,0.0,-4.0,-68.0
1777890277.4753325,2.0,-6.0,-70.0
1777890277.4853325,-2.0,-6.0,-65.0
1777890277.4953325,-2.0,-9.0,-67.0
1777890277.5053325,-2.0,-3.0,-67.0
1777890277.5153325,-6.0,-2.0,-72.0
1777890277.5253325,-10.0,0.0,-75.0
1777890277.5353324,-6.0,-3.0,-67.0
1777890277.5453324,-4.0,-4.0,-68.0
1777890277.5553324,-4.0,-1.0,-70.0
1777890277.5653324,-8.0,-3.0,-77.0
1777890277.5753324,-5.0,-7.0,-69.0
1777890277.5853324,-1.0,-2.0,-67.0
1777890277.5953324,-1.0,0.0,-66.0
1777890277.6053324,2.0,0.0,-67.0
1777890277.6153324,4.0,3.0,-65.0
1777890277.6253324,4.0,2.0,-68.0
1777890277.6353323,1.0,1.0,-70.0
1777890277.6453323,7.0,-1.0,-73.0
1777890277.6553323,10.0,-3.0,-68.0
1777890277.6653323,10.0,-2.0,-71.0
1777890277.6753323,7.0,-5.0,-72.0
1777890277.6853323,5.0,-9.0,-75.0
1777890277.6953323,6.0,-3.0,-79.0
1777890277.7053325,5.0,-7.0,-80.0
1777890277.7153325,6.0,-7.0,-74.0
1777890277.7253325,5.0,-5.0,-70.0
1777890277.7353325,3.0,-3.0,-74.0
1777890277.7453325,6.0,0.0,-82.0
1777890277.7553325,5.0,-1.0,-80.0
1777890277.7653325,2.0,4.0,-76.0
1777890277.7753325,1.0,3.0,-76.0
1777890277.7853324,1.0,3.0,-72.0
1777890277.7953324,4.0,0.0,-70.0
1777890277.8053324,4.0,-1.0,-73.0
1777890277.8153324,9.0,-2.0,-66.0
1777890277.8253324,5.0,0.0,-65.0
1777890277.8353324,3.0,1.0,-64.0
1777890277.8453324,2.0,0.0,-69.0
1777890277.8563323,-2.0,1.0,-77.0
1777890277.8653324,-4.0,-3.0,-76.0
1777890277.8753324,-2.0,-5.0,-72.0
1777890277.8853323,1.0,-6.0,-75.0
1777890277.8953323,0.0,-3.0,-77.0
1777890277.9053323,0.0,-3.0,-74.0
1777890277.9153323,0.0,-4.0,-76.0
1777890277.9253323,-6.0,0.0,-77.0
1777890277.9353323,-4.0,1.0,-80.0
1777890277.9453323,-5.0,0.0,-79.0
1777890277.9563324,-2.0,-2.0,-80.0
1777890277.9653325,-2.0,-6.0,-79.0
1777890277.9753325,-7.0,-5.0,-75.0
1777890277.9863324,-4.0,-6.0,-67.0
1777890277.9963324,0.0,-8.0,-68.0
1777890278.0063324,5.0,-4.0,-74.0
1777890278.0163324,7.0,-9.0,-75.0
1777890278.0263324,3.0,-7.0,-71.0
1777890278.0363324,1.0,-1.0,-69.0
1777890278.0463324,1.0,0.0,-69.0
1777890278.0563323,2.0,0.0,-70.0
1777890278.0663323,2.0,-1.0,-75.0
1777890278.0763323,2.0,-2.0,-81.0
1777890278.0863323,0.0,-2.0,-80.0
1777890278.0963323,4.0,-3.0,-73.0
1777890278.1063323,1.0,-2.0,-76.0
1777890278.1163323,-1.0,-3.0,-82.0
1777890278.1263323,0.0,-1.0,-81.0
1777890278.1363325,4.0,-5.0,-79.0
1777890278.1463325,5.0,0.0,-75.0
1777890278.1563325,6.0,-1.0,-66.0
1777890278.1663325,8.0,-4.0,-69.0
1777890278.1763325,5.0,-1.0,-79.0
1777890278.1863325,6.0,-2.0,-80.0
1777890278.1963325,1.0,1.0,-76.0
1777890278.2063324,0.0,2.0,-80.0
1777890278.2163324,2.0,1.0,-89.0
1777890278.2263324,0.0,0.0,-85.0
1777890278.2363324,2.0,0.0,-84.0
1777890278.2463324,3.0,0.0,-84.0
1777890278.2563324,5.0,2.0,-85.0
1777890278.2663324,5.0,3.0,-84.0
1777890278.2763324,4.0,5.0,-87.0
1777890278.2863324,2.0,3.0,-82.0
1777890278.2963324,0.0,2.0,-82.0
1777890278.3063323,-1.0,0.0,-80.0
1777890278.3163323,0.0,-1.0,-82.0
1777890278.3263323,4.0,0.0,-84.0
1777890278.3363323,1.0,4.0,-87.0
1777890278.3463323,-2.0,8.0,-80.0
1777890278.3563323,-1.0,3.0,-80.0
1777890278.3663323,-1.0,-1.0,-85.0
1777890278.3763323,0.0,0.0,-86.0
1777890278.3863325,0.0,4.0,-84.0
1777890278.3963325,1.0,5.0,-81.0
1777890278.4063325,0.0,11.0,-80.0
1777890278.4163325,-2.0,9.0,-70.0
1777890278.4263325,-3.0,4.0,-72.0
1777890278.4363325,-3.0,4.0,-74.0
1777890278.4463325,-2.0,4.0,-76.0
1777890278.4563324,-1.0,5.0,-81.0
1777890278.4663324,-1.0,4.0,-77.0
1777890278.4763324,-1.0,2.0,-78.0
1777890278.4863324,0.0,-1.0,-77.0
1777890278.4963324,-4.0,0.0,-69.0
1777890278.5063324,-2.0,-1.0,-76.0
1777890278.5163324,-2.0,-3.0,-74.0
1777890278.5263324,-1.0,-8.0,-71.0
1777890278.5363324,0.0,-7.0,-67.0
1777890278.5463324,0.0,-7.0,-72.0
1777890278.5563323,-2.0,-6.0,-73.0
1777890278.5663323,0.0,-5.0,-71.0
1777890278.5763323,-1.0,-6.0,-70.0
1777890278.5863323,0.0,-5.0,-73.0
1777890278.5963323,5.0,-8.0,-71.0
1777890278.6063323,8.0,-7.0,-69.0
1777890278.6163323,8.0,-7.0,-70.0
1777890278.6263323,10.0,-10.0,-69.0
1777890278.6363325,7.0,-8.0,-67.0
1777890278.6463325,4.0,-6.0,-65.0
1777890278.6563325,2.0,-7.0,-65.0
1777890278.6663325,0.0,-5.0,-68.0
1777890278.6763325,4.0,-4.0,-78.0
1777890278.6863325,2.0,-4.0,-74.0
1777890278.6963325,3.0,-7.0,-69.0
1777890278.7063324,4.0,-4.0,-63.0
1777890278.7163324,4.0,-1.0,-63.0
1777890278.7263324,7.0,-4.0,-67.0
1777890278.7363324,9.0,3.0,-72.0
1777890278.7463324,6.0,2.0,-80.0
1777890278.7563324,4.0,-3.0,-71.0
1777890278.7663324,6.0,-1.0,-73.0
1777890278.7763324,4.0,-2.0,-81.0
1777890278.7863324,4.0,-2.0,-80.0
1777890278.7963324,6.0,-3.0,-79.0
1777890278.8063323,5.0,0.0,-77.0
1777890278.8163323,0.0,-3.0,-78.0
1777890278.8263323,-6.0,-6.0,-76.0
1777890278.8363323,-8.0,-1.0,-78.0
1777890278.8463323,-5.0,1.0,-82.0
1777890278.8563323,-3.0,0.0,-80.0
1777890278.8663323,-6.0,-1.0,-82.0
1777890278.8763323,-7.0,-2.0,-82.0
1777890278.8863325,-8.0,-4.0,-76.0
1777890278.8963325,-11.0,-5.0,-79.0
1777890278.9063325,-8.0,-4.0,-86.0
1777890278.9163325,-4.0,2.0,-79.0
1777890278.9263325,0.0,0.0,-75.0
1777890278.9363325,-4.0,-1.0,-78.0
1777890278.9463325,-8.0,-1.0,-75.0
1777890278.9563324,-7.0,-4.0,-74.0
1777890278.9663324,-1.0,-3.0,-83.0
1777890278.9763324,-4.0,0.0,-83.0
1777890278.9863324,-5.0,-3.0,-84.0
1777890278.9963324,-7.0,-8.0,-86.0
1777890279.0063324,-2.0,-7.0,-85.0
1777890279.0163324,1.0,-4.0,-82.0
1777890279.0263324,4.0,-1.0,-81.0
1777890279.0363324,4.0,-3.0,-76.0
1777890279.0463324,2.0,-4.0,-69.0
1777890279.0563323,0.0,-4.0,-72.0
1777890279.0663323,2.0,-5.0,-76.0
1777890279.0763323,2.0,-4.0,-81.0
1777890279.0863323,7.0,-7.0,-81.0
1777890279.0963323,9.0,-5.0,-81.0
1777890279.1063323,9.0,0.0,-76.0
1777890279.1163323,11.0,2.0,-76.0
1777890279.1263323,9.0,4.0,-74.0
1777890279.1363325,7.0,3.0,-79.0
1777890279.1463325,7.0,2.0,-75.0
1777890279.1563325,5.0,2.0,-61.0
1777890279.1663325,5.0,1.0,-64.0
1777890279.1763325,3.0,4.0,-69.0
1777890279.1863325,0.0,3.0,-79.0
1777890279.1963325,-2.0,0.0,-81.0
1777890279.2063324,-1.0,-3.0,-79.0
1777890279.2163324,-4.0,-7.0,-75.0
1777890279.2263324,-5.0,-8.0,-70.0
1777890279.2363324,-7.0,-9.0,-63.0
1777890279.2463324,-4.0,-1.0,-65.0
1777890279.2563324,-2.0,-1.0,-71.0
1777890279.2663324,0.0,0.0,-80.0
1777890279.2763324,-3.0,-4.0,-76.0
1777890279.2863324,1.0,-6.0,-73.0
1777890279.2963324,0.0,-4.0,-70.0
1777890279.3063323,-1.0,-6.0,-68.0
1777890279.3163323,-2.0,-8.0,-67.0
1777890279.3263323,-3.0,-2.0,-73.0
1777890279.3363323,-2.0,0.0,-70.0
1777890279.3463323,0.0,3.0,-71.0
1777890279.3563323,4.0,2.0,-71.0
1777890279.3663323,6.0,0.0,-70.0
1777890279.3763323,0.0,-1.0,-68.0
1777890279.3863325,2.0,-1.0,-66.0
1777890279.3963325,0.0,0.0,-74.0
1777890279.4063325,2.0,0.0,-75.0
1777890279.4163325,6.0,4.0,-73.0
1777890279.4263325,1.0,4.0,-73.0
1777890279.4363325,0.0,1.0,-76.0
1777890279.4463325,0.0,-1.0,-76.0
1777890279.4563324,6.0,-5.0,-73.0
1777890279.4663324,7.0,-3.0,-71.0
1777890279.4763324,8.0,0.0,-72.0
1777890279.4863324,6.0,-1.0,-74.0
1777890279.4963324,3.0,-1.0,-77.0
1777890279.5063324,4.0,-1.0,-79.0
1777890279.5163324,3.0,-4.0,-79.0
1777890279.5263324,-1.0,-5.0,-75.0
1777890279.5363324,0.0,-8.0,-73.0
1777890279.5463324,3.0,-8.0,-67.0
1777890279.5563323,10.0,-7.0,-66.0
1777890279.5663323,11.0,-11.0,-65.0
1777890279.5763323,9.0,-12.0,-66.0
1777890279.5863323,6.0,-14.0,-63.0
1777890279.5963323,5.0,-13.0,-73.0
1777890279.6063323,5.0,-11.0,-75.0
1777890279.6163323,7.0,-7.0,-72.0
1777890279.6263323,3.0,-7.0,-73.0
1777890279.6363325,1.0,-6.0,-65.0
1777890279.6463325,1.0,-7.0,-65.0
1777890279.6563325,-3.0,-7.0,-65.0
1777890279.6663325,-2.0,-12.0,-73.0
1777890279.6763325,-2.0,-10.0,-75.0
1777890279.6863325,-1.0,-10.0,-77.0
1777890279.6963325,0.0,-7.0,-77.0
1777890279.7063324,-1.0,-3.0,-74.0
1777890279.7163324,-4.0,-1.0,-70.0
1777890279.7263324,-4.0,-1.0,-64.0
1777890279.7363324,-8.0,0.0,-62.0
1777890279.7463324,-9.0,3.0,-58.0
1777890279.7563324,-6.0,4.0,-53.0
1777890279.7663324,-2.0,3.0,-54.0
1777890279.7763324,-1.0,1.0,-66.0
1777890279.7863324,0.0,0.0,-70.0
1777890279.7963324,1.0,2.0,-68.0
1777890279.8063323,4.0,5.0,-68.0
1777890279.8163323,3.0,6.0,-68.0
1777890279.8263323,3.0,9.0,-68.0
1777890279.8363323,5.0,7.0,-65.0
1777890279.8463323,6.0,5.0,-63.0
1777890279.8563323,4.0,3.0,-67.0
1777890279.8663323,4.0,5.0,-65.0
1777890279.8763323,5.0,7.0,-70.0
1777890279.8863325,5.0,0.0,-70.0
1777890279.8963325,8.0,1.0,-70.0
1777890279.9063325,7.0,2.0,-78.0
1777890279.9163325,3.0,1.0,-73.0
1777890279.9263325,0.0,-2.0,-75.0
1777890279.9373324,0.0,1.0,-72.0
1777890279.9463325,1.0,2.0,-74.0
1777890279.9573324,2.0,1.0,-78.0
1777890279.9673324,4.0,0.0,-75.0
1777890279.9773324,8.0,0.0,-75.0
1777890279.9873323,7.0,-5.0,-80.0
1777890279.9973323,4.0,-10.0,-86.0
1777890280.0073323,0.0,-9.0,-89.0
1777890280.0173323,-1.0,-7.0,-84.0
1777890280.0273323,0.0,-6.0,-80.0
1777890280.0373323,0.0,-8.0,-81.0
1777890280.0473323,4.0,-4.0,-85.0
1777890280.0573325,0.0,-4.0,-78.0
1777890280.0673325,3.0,-3.0,-70.0
1777890280.0773325,1.0,-2.0,-70.0
1777890280.0873325,-1.0,-4.0,-63.0
1777890280.0973325,-1.0,-1.0,-57.0
1777890280.1073325,4.0,-2.0,-62.0
1777890280.1173325,6.0,-4.0,-64.0
1777890280.1273324,3.0,-5.0,-62.0
1777890280.1373324,1.0,-4.0,-66.0
1777890280.1473324,-2.0,-3.0,-72.0
1777890280.1573324,-5.0,-4.0,-76.0
1777890280.1673324,-9.0,-6.0,-78.0
1777890280.1773324,-12.0,-3.0,-83.0
1777890280.1873324,-10.0,-2.0,-82.0
1777890280.1973324,-1.0,-2.0,-82.0
1777890280.2073324,-2.0,-6.0,-80.0
1777890280.2173324,-2.0,-6.0,-79.0
1777890280.2273324,-3.0,-6.0,-81.0
1777890280.2373323,-6.0,-6.0,-77.0
1777890280.2473323,-3.0,-12.0,-79.0
1777890280.2573323,1.0,-11.0,-74.0
1777890280.2673323,7.0,-8.0,-77.0
1777890280.2773323,4.0,-7.0,-79.0
1777890280.2873323,5.0,0.0,-81.0
1777890280.2973323,4.0,1.0,-82.0
1777890280.3073325,4.0,1.0,-77.0
1777890280.3173325,2.0,0.0,-75.0
1777890280.3273325,2.0,-2.0,-71.0
1777890280.3373325,3.0,1.0,-69.0
1777890280.3473325,8.0,0.0,-67.0
1777890280.3573325,7.0,0.0,-58.0
1777890280.3673325,5.0,-1.0,-56.0
1777890280.3773324,5.0,0.0,-62.0
1777890280.3873324,8.0,0.0,-68.0
1777890280.3973324,5.0,-1.0,-71.0
1777890280.4073324,1.0,-2.0,-71.0
1777890280.4173324,0.0,-3.0,-72.0
1777890280.4273324,0.0,3.0,-68.0
1777890280.4373324,1.0,4.0,-67.0
1777890280.4473324,-3.0,4.0,-65.0
1777890280.4573324,-1.0,2.0,-69.0
1777890280.4673324,2.0,0.0,-63.0
1777890280.4773324,4.0,2.0,-69.0
1777890280.4873323,0.0,1.0,-77.0
1777890280.4973323,-7.0,2.0,-71.0
1777890280.5073323,-3.0,4.0,-62.0
1777890280.5173323,-1.0,0.0,-60.0
1777890280.5273323,-2.0,0.0,-66.0
1777890280.5373323,0.0,1.0,-73.0
1777890280.5473323,5.0,3.0,-73.0
1777890280.5573325,5.0,2.0,-71.0
1777890280.5673325,1.0,2.0,-74.0
1777890280.5773325,2.0,0.0,-80.0
1777890280.5873325,2.0,-2.0,-82.0
1777890280.5973325,4.0,1.0,-83.0
1777890280.6073325,5.0,2.0,-84.0
1777890280.6173325,8.0,5.0,-76.0
1777890280.6273324,9.0,6.0,-69.0
1777890280.6373324,13.0,4.0,-61.0
1777890280.6473324,12.0,-1.0,-66.0
1777890280.6573324,7.0,-2.0,-67.0
1777890280.6673324,4.0,-2.0,-69.0
1777890280.6773324,6.0,-1.0,-70.0
1777890280.6873324,9.0,0.0,-70.0
1777890280.6973324,4.0,-3.0,-76.0
1777890280.7073324,7.0,-3.0,-67.0
1777890280.7173324,4.0,-2.0,-68.0
1777890280.7273324,6.0,2.0,-70.0
1777890280.7373323,3.0,0.0,-68.0
1777890280.7473323,2.0,0.0,-63.0
1777890280.7573323,2.0,-6.0,-66.0
1777890280.7673323,0.0,-5.0,-69.0
1777890280.7773323,2.0,-4.0,-74.0
1777890280.7873323,1.0,-7.0,-74.0
1777890280.7973323,1.0,-5.0,-74.0
1777890280.8073325,2.0,-7.0,-71.0
1777890280.8173325,4.0,-6.0,-76.0
1777890280.8273325,6.0,-5.0,-75.0
1777890280.8373325,7.0,-4.0,-77.0
1777890280.8473325,7.0,-6.0,-73.0
1777890280.8573325,5.0,-4.0,-73.0
1777890280.8673325,6.0,-3.0,-73.0
1777890280.8773324,6.0,-4.0,-72.0
1777890280.8873324,7.0,-1.0,-75.0
1777890280.8973324,8.0,-7.0,-78.0
1777890280.9073324,6.0,-8.0,-77.0
1777890280.9173324,9.0,-3.0,-81.0
1777890280.9273324,4.0,-1.0,-81.0
1777890280.9373324,3.0,-1.0,-77.0
1777890280.9473324,6.0,-3.0,-76.0
1777890280.9573324,6.0,-6.0,-80.0
1777890280.9673324,4.0,-5.0,-86.0
1777890280.9773324,4.0,0.0,-81.0
1777890280.9873323,4.0,1.0,-83.0
1777890280.9973323,2.0,-2.0,-80.0
1777890281.0073323,3.0,-6.0,-70.0
1777890281.0173323,3.0,-5.0,-75.0
1777890281.0273323,5.0,-7.0,-80.0
1777890281.0373323,6.0,-5.0,-79.0
1777890281.0473323,6.0,-1.0,-81.0
1777890281.0573325,9.0,0.0,-83.0
1777890281.0673325,7.0,-1.0,-81.0
1777890281.0773325,4.0,-2.0,-75.0
1777890281.0873325,9.0,-2.0,-72.0
1777890281.0973325,7.0,-1.0,-73.0
1777890281.1073325,6.0,0.0,-75.0
1777890281.1173325,7.0,-2.0,-84.0
1777890281.1273324,7.0,0.0,-82.0
1777890281.1373324,3.0,-1.0,-80.0
1777890281.1473324,8.0,0.0,-75.0
1777890281.1573324,6.0,0.0,-77.0
1777890281.1673324,5.0,-2.0,-73.0
1777890281.1773324,4.0,-2.0,-75.0
1777890281.1873324,1.0,-5.0,-75.0
1777890281.1973324,4.0,-3.0,-69.0
1777890281.2073324,5.0,-4.0,-68.0
1777890281.2173324,6.0,-4.0,-71.0
1777890281.2273324,2.0,-4.0,-77.0
1777890281.2373323,1.0,-2.0,-79.0
1777890281.2473323,-1.0,-1.0,-76.0
1777890281.2573323,1.0,-3.0,-73.0
1777890281.2673323,4.0,-4.0,-66.0
1777890281.2773323,6.0,-1.0,-67.0
1777890281.2873323,8.0,0.0,-71.0
1777890281.2973323,6.0,0.0,-72.0
1777890281.3073325,5.0,-2.0,-72.0
1777890281.3173325,5.0,0.0,-75.0
1777890281.3273325,6.0,-2.0,-72.0
1777890281.3373325,6.0,-2.0,-73.0
1777890281.3473325,5.0,2.0,-74.0
1777890281.3573325,3.0,2.0,-77.0
1777890281.3673325,4.0,3.0,-69.0
1777890281.3773324,4.0,5.0,-65.0
1777890281.3873324,2.0,6.0,-75.0
1777890281.3973324,-1.0,4.0,-74.0
1777890281.4073324,1.0,2.0,-73.0
1777890281.4173324,0.0,4.0,-76.0
1777890281.4273324,0.0,2.0,-75.0
1777890281.4373324,-1.0,1.0,-72.0
1777890281.4473324,-2.0,0.0,-73.0
1777890281.4573324,2.0,0.0,-66.0
1777890281.4673324,0.0,0.0,-70.0
1777890281.4773324,1.0,0.0,-76.0
1777890281.4873323,1.0,4.0,-76.0
1777890281.4973323,3.0,2.0,-77.0
1777890281.5073323,3.0,-1.0,-78.0
1777890281.5173323,0.0,0.0,-80.0
1777890281.5273323,0.0,3.0,-77.0
1777890281.5373323,2.0,4.0,-79.0
1777890281.5473323,1.0,2.0,-87.0
1777890281.5573325,-1.0,0.0,-87.0
1777890281.5673325,-2.0,-1.0,-86.0
1777890281.5773325,-1.0,-1.0,-94.0
1777890281.5873325,-2.0,0.0,-92.0
1777890281.5973325,-1.0,1.0,-88.0
1777890281.6073325,-3.0,-1.0,-81.0
1777890281.6173325,-3.0,-4.0,-85.0
1777890281.6273324,-2.0,-4.0,-86.0
1777890281.6373324,-2.0,-3.0,-87.0
1777890281.6473324,0.0,0.0,-83.0
1777890281.6573324,1.0,0.0,-82.0
1777890281.6673324,-1.0,0.0,-82.0
1777890281.6773324,-4.0,0.0,-78.0
1777890281.6873324,0.0,-3.0,-74.0
1777890281.6973324,7.0,-5.0,-75.0
1777890281.7073324,8.0,-3.0,-77.0
1777890281.7173324,9.0,-3.0,-78.0
1777890281.7273324,4.0,-2.0,-77.0
1777890281.7373323,2.0,-2.0,-72.0
1777890281.7473323,1.0,-2.0,-70.0
1777890281.7573323,8.0,-2.0,-62.0
1777890281.7673323,6.0,-2.0,-65.0
1777890281.7773323,3.0,-1.0,-74.0
1777890281.7873323,2.0,-3.0,-70.0
1777890281.7973323,1.0,-2.0,-63.0
1777890281.8073325,6.0,-2.0,-68.0
1777890281.8173325,4.0,-1.0,-74.0
1777890281.8273325,1.0,0.0,-67.0
1777890281.8373325,-2.0,-1.0,-69.0
1777890281.8473325,-2.0,-2.0,-70.0
1777890281.8573325,-3.0,1.0,-72.0
1777890281.8673325,-3.0,1.0,-73.0
1777890281.8773324,1.0,1.0,-74.0
1777890281.8873324,4.0,0.0,-66.0
1777890281.8973324,7.0,-1.0,-64.0
1777890281.9083323,5.0,0.0,-61.0
1777890281.9173324,4.0,-3.0,-68.0
1777890281.9273324,6.0,-3.0,-64.0
1777890281.9383323,4.0,-4.0,-71.0
1777890281.9483323,3.0,-1.0,-74.0
1777890281.9583323,3.0,0.0,-67.0
1777890281.9683323,0.0,0.0,-67.0
1777890281.9783323,0.0,1.0,-66.0
1777890281.9883325,0.0,-1.0,-67.0
1777890281.9983325,-5.0,-4.0,-62.0
1777890282.0083325,-6.0,-5.0,-61.0
1777890282.0183325,-6.0,-5.0,-58.0
1777890282.0283325,-4.0,-1.0,-60.0
1777890282.0383325,-3.0,3.0,-69.0
1777890282.0483325,-4.0,2.0,-74.0
1777890282.0583324,0.0,2.0,-74.0
1777890282.0683324,0.0,4.0,-71.0
1777890282.0783324,-6.0,2.0,-77.0
1777890282.0883324,-5.0,0.0,-77.0
1777890282.0983324,-1.0,1.0,-79.0
1777890282.1083324,1.0,0.0,-83.0
1777890282.1183324,-1.0,-4.0,-80.0
1777890282.1283324,2.0,-6.0,-78.0
1777890282.1383324,3.0,-5.0,-77.0
1777890282.1483324,3.0,-1.0,-74.0
1777890282.1583323,2.0,0.0,-72.0
1777890282.1683323,-2.0,-3.0,-69.0
1777890282.1783323,0.0,-1.0,-72.0
1777890282.1883323,0.0,-1.0,-68.0
1777890282.1983323,4.0,-1.0,-67.0
1777890282.2083323,6.0,2.0,-67.0
1777890282.2183323,3.0,6.0,-67.0
1777890282.2283323,2.0,6.0,-60.0
1777890282.2383325,1.0,6.0,-64.0
1777890282.2483325,0.0,0.0,-71.0
1777890282.2583325,1.0,-3.0,-75.0
1777890282.2683325,4.0,-3.0,-77.0
1777890282.2783325,5.0,-8.0,-77.0
1777890282.2883325,2.0,-4.0,-75.0
1777890282.2983325,5.0,-4.0,-68.0
1777890282.3083324,4.0,-4.0,-70.0
1777890282.3183324,8.0,-1.0,-71.0
1777890282.3283324,4.0,0.0,-79.0
1777890282.3383324,7.0,-1.0,-82.0
1777890282.3483324,13.0,-1.0,-77.0
1777890282.3583324,13.0,1.0,-71.0
1777890282.3683324,7.0,0.0,-69.0
1777890282.3783324,7.0,0.0,-68.0
1777890282.3883324,7.0,-4.0,-70.0
1777890282.3983324,8.0,-7.0,-78.0
1777890282.4083323,6.0,-5.0,-72.0
1777890282.4183323,6.0,-3.0,-71.0
1777890282.4283323,2.0,-3.0,-69.0
1777890282.4383323,3.0,-2.0,-71.0
1777890282.4483323,0.0,-4.0,-66.0
1777890282.4583323,0.0,-5.0,-63.0
1777890282.4683323,4.0,-6.0,-64.0
1777890282.4783323,6.0,-3.0,-62.0
1777890282.4883325,7.0,-1.0,-69.0
1777890282.4983325,0.0,-4.0,-66.0
1777890282.5083325,0.0,-8.0,-68.0
1777890282.5183325,2.0,-2.0,-73.0
1777890282.5283325,4.0,0.0,-77.0
1777890282.5383325,6.0,1.0,-67.0
1777890282.5483325,5.0,6.0,-65.0
1777890282.5583324,4.0,3.0,-65.0
1777890282.5683324,2.0,3.0,-65.0
1777890282.5783324,2.0,3.0,-72.0
1777890282.5883324,3.0,7.0,-70.0
1777890282.5983324,3.0,4.0,-76.0
1777890282.6083324,0.0,2.0,-80.0
1777890282.6183324,-2.0,2.0,-80.0
1777890282.6283324,-1.0,1.0,-85.0
1777890282.6383324,0.0,-1.0,-81.0
1777890282.6483324,2.0,0.0,-81.0
1777890282.6583323,1.0,-5.0,-74.0
1777890282.6683323,1.0,-5.0,-79.0
1777890282.6783323,1.0,-5.0,-82.0
1777890282.6883323,4.0,-3.0,-86.0
1777890282.6983323,0.0,-3.0,-84.0
1777890282.7083323,0.0,1.0,-82.0
1777890282.7183323,4.0,-2.0,-83.0
1777890282.7283323,5.0,-2.0,-85.0
1777890282.7383325,0.0,-8.0,-84.0
1777890282.7483325,-3.0,-11.0,-81.0
1777890282.7583325,-6.0,-11.0,-85.0
1777890282.7683325,-5.0,-9.0,-83.0
1777890282.7783325,-3.0,-6.0,-81.0
1777890282.7883325,0.0,-7.0,-81.0
1777890282.7983325,0.0,-3.0,-71.0
1777890282.8083324,0.0,-5.0,-81.0
1777890282.8183324,5.0,-2.0,-77.0
1777890282.8283324,6.0,-2.0,-71.0
1777890282.8383324,6.0,-1.0,-72.0
1777890282.8483324,4.0,0.0,-69.0
1777890282.8583324,2.0,-1.0,-73.0
1777890282.8683324,2.0,0.0,-71.0
1777890282.8783324,0.0,1.0,-75.0
1777890282.8883324,-1.0,0.0,-76.0
1777890282.8983324,4.0,0.0,-75.0
1777890282.9083323,5.0,0.0,-80.0
1777890282.9183323,4.0,-4.0,-80.0
1777890282.9283323,3.0,-6.0,-89.0
1777890282.9383323,0.0,-5.0,-79.0
1777890282.9483323,-3.0,-7.0,-73.0
1777890282.9583323,-1.0,-4.0,-79.0
1777890282.9683323,0.0,-3.0,-74.0
1777890282.9783323,-2.0,-3.0,-73.0
1777890282.9883325,2.0,0.0,-72.0
1777890282.9983325,3.0,1.0,-75.0
1777890283.0083325,1.0,-2.0,-77.0
1777890283.0183325,4.0,-2.0,-69.0
1777890283.0283325,5.0,-1.0,-70.0
1777890283.0383325,6.0,-1.0,-69.0
1777890283.0483325,6.0,-1.0,-63.0
1777890283.0583324,0.0,0.0,-62.0
1777890283.0683324,-7.0,0.0,-64.0
1777890283.0783324,-7.0,-1.0,-71.0
1777890283.0883324,-10.0,0.0,-72.0
1777890283.0983324,-7.0,0.0,-80.0
1777890283.1083324,-7.0,-3.0,-76.0
1777890283.1183324,-4.0,-3.0,-71.0
1777890283.1283324,0.0,-4.0,-72.0
1777890283.1383324,-2.0,-8.0,-69.0
1777890283.1483324,-3.0,-9.0,-67.0
1777890283.1583323,0.0,-7.0,-71.0
1777890283.1683323,-2.0,-4.0,-72.0
1777890283.1783323,0.0,-2.0,-80.0
1777890283.1883323,-2.0,0.0,-81.0
1777890283.1983323,-4.0,0.0,-87.0
1777890283.2083323,-5.0,0.0,-86.0
1777890283.2183323,-5.0,2.0,-80.0
1777890283.2283323,-1.0,4.0,-76.0
1777890283.2383325,3.0,0.0,-71.0
1777890283.2483325,5.0,-3.0,-69.0
1777890283.2583325,0.0,0.0,-68.0
1777890283.2683325,-3.0,-2.0,-69.0
1777890283.2783325,-1.0,1.0,-75.0
1777890283.2883325,2.0,2.0,-76.0
1777890283.2983325,3.0,0.0,-76.0
1777890283.3083324,5.0,0.0,-75.0
1777890283.3183324,6.0,1.0,-75.0
1777890283.3283324,7.0,0.0,-73.0
1777890283.3383324,2.0,0.0,-75.0
1777890283.3483324,1.0,2.0,-77.0
1777890283.3583324,-3.0,6.0,-80.0
1777890283.3683324,-2.0,6.0,-81.0
1777890283.3783324,1.0,3.0,-91.0
1777890283.3883324,0.0,-4.0,-91.0
1777890283.3983324,-1.0,-6.0,-89.0
1777890283.4083323,-5.0,-6.0,-87.0
1777890283.4183323,-8.0,-8.0,-79.0
1777890283.4283323,-9.0,-8.0,-81.0
1777890283.4383323,-7.0,-12.0,-80.0
1777890283.4483323,-5.0,-9.0,-78.0
1777890283.4583323,-7.0,-9.0,-75.0
1777890283.4683323,-3.0,-9.0,-71.0
1777890283.4783323,-2.0,-10.0,-73.0
1777890283.4883325,0.0,-10.0,-72.0
1777890283.4983325,-3.0,-11.0,-75.0
1777890283.5083325,-7.0,-7.0,-75.0
1777890283.5183325,-8.0,-4.0,-77.0
1777890283.5283325,-6.0,-2.0,-73.0
1777890283.5383325,0.0,-1.0,-67.0
1777890283.5483325,6.0,0.0,-75.0
1777890283.5583324,5.0,-2.0,-74.0
1777890283.5683324,0.0,-1.0,-82.0
1777890283.5783324,-2.0,0.0,-80.0
1777890283.5883324,-2.0,-4.0,-80.0
1777890283.5983324,1.0,-1.0,-79.0
1777890283.6083324,3.0,-1.0,-83.0
1777890283.6183324,0.0,0.0,-83.0
1777890283.6283324,-1.0,-4.0,-80.0
1777890283.6383324,1.0,-10.0,-85.0
1777890283.6483324,0.0,-9.0,-84.0
1777890283.6583323,-4.0,-9.0,-79.0
1777890283.6683323,-2.0,-10.0,-67.0
1777890283.6783323,-2.0,-7.0,-65.0
1777890283.6883323,3.0,-4.0,-62.0
1777890283.6983323,4.0,-2.0,-64.0
1777890283.7083323,0.0,-3.0,-70.0
1777890283.7183323,-3.0,-6.0,-68.0
1777890283.7283323,0.0,-3.0,-69.0
1777890283.7383325,-1.0,-1.0,-74.0
1777890283.7483325,-4.0,-2.0,-82.0
1777890283.7583325,-5.0,0.0,-82.0
1777890283.7683325,-2.0,1.0,-83.0
1777890283.7783325,-2.0,-2.0,-81.0
1777890283.7883325,-2.0,-5.0,-77.0
1777890283.7983325,-1.0,-3.0,-76.0
1777890283.8083324,0.0,-6.0,-73.0
1777890283.8183324,0.0,-3.0,-70.0
1777890283.8283324,1.0,-4.0,-62.0
1777890283.8383324,1.0,-5.0,-62.0
1777890283.8483324,-1.0,-8.0,-59.0
1777890283.8583324,0.0,-8.0,-59.0
1777890283.8683324,1.0,-4.0,-64.0
1777890283.8783324,5.0,0.0,-61.0
1777890283.8883324,6.0,3.0,-64.0
1777890283.8983324,7.0,-2.0,-75.0
1777890283.9083323,5.0,-8.0,-80.0
1777890283.9183323,4.0,-11.0,-80.0
1777890283.9293325,7.0,-11.0,-83.0
1777890283.9393325,3.0,-7.0,-82.0
1777890283.9493325,0.0,-5.0,-90.0
1777890283.9593325,-8.0,3.0,-82.0
1777890283.9683323,-4.0,7.0,-77.0
1777890283.9793324,0.0,6.0,-75.0
1777890283.9893324,0.0,7.0,-72.0
1777890283.9993324,0.0,1.0,-80.0
1777890284.0093324,-4.0,-1.0,-80.0
1777890284.0193324,-3.0,0.0,-76.0
1777890284.0293324,-1.0,-3.0,-74.0
1777890284.0393324,1.0,0.0,-80.0
1777890284.0493324,0.0,-2.0,-82.0
1777890284.0593324,-1.0,-3.0,-76.0
1777890284.0693324,1.0,-1.0,-72.0
1777890284.0793324,-4.0,0.0,-71.0
1777890284.0893323,-1.0,3.0,-73.0
1777890284.0993323,0.0,3.0,-71.0
1777890284.1093323,-1.0,1.0,-77.0
1777890284.1193323,-1.0,1.0,-79.0
1777890284.1293323,2.0,2.0,-86.0
1777890284.1393323,2.0,1.0,-86.0
1777890284.1493323,0.0,2.0,-81.0
1777890284.1593325,-2.0,0.0,-81.0
1777890284.1693325,0.0,-4.0,-82.0
1777890284.1793325,0.0,-7.0,-88.0
1777890284.1893325,3.0,-7.0,-84.0
1777890284.1993325,0.0,-8.0,-86.0
1777890284.2093325,2.0,-8.0,-85.0
1777890284.2193325,3.0,-9.0,-82.0
1777890284.2293324,3.0,-12.0,-74.0
1777890284.2393324,-1.0,-10.0,-72.0
1777890284.2493324,-3.0,-9.0,-68.0
1777890284.2593324,-6.0,-8.0,-66.0
1777890284.2693324,-5.0,-9.0,-72.0
1777890284.2793324,-8.0,-6.0,-74.0
1777890284.2893324,-6.0,-4.0,-75.0
1777890284.2993324,-6.0,-6.0,-73.0
1777890284.3093324,-4.0,-4.0,-75.0
1777890284.3193324,-4.0,-1.0,-72.0
1777890284.3293324,-3.0,1.0,-78.0
1777890284.3393323,2.0,2.0,-80.0
1777890284.3493323,4.0,1.0,-76.0
1777890284.3593323,2.0,1.0,-77.0
1777890284.3693323,6.0,1.0,-77.0
1777890284.3793323,4.0,4.0,-79.0
1777890284.3893323,5.0,1.0,-78.0
1777890284.3993323,4.0,5.0,-75.0
1777890284.4093325,5.0,0.0,-80.0
1777890284.4193325,5.0,-3.0,-82.0
1777890284.4293325,3.0,-2.0,-79.0
1777890284.4393325,5.0,-1.0,-75.0
1777890284.4493325,1.0,0.0,-67.0
1777890284.4593325,-2.0,-3.0,-67.0
1777890284.4693325,0.0,-2.0,-66.0
1777890284.4793324,-1.0,-6.0,-68.0
1777890284.4893324,-2.0,-4.0,-69.0
1777890284.4993324,0.0,-2.0,-76.0
1777890284.5093324,2.0,-6.0,-76.0
1777890284.5193324,2.0,-5.0,-71.0
1777890284.5293324,2.0,-4.0,-70.0
1777890284.5393324,4.0,-4.0,-79.0
1777890284.5493324,2.0,0.0,-72.0
1777890284.5593324,0.0,0.0,-72.0
1777890284.5693324,-1.0,0.0,-74.0
1777890284.5793324,-4.0,0.0,-76.0
1777890284.5893323,0.0,1.0,-76.0
1777890284.5993323,6.0,3.0,-71.0
1777890284.6093323,8.0,3.0,-68.0
1777890284.6193323,7.0,0.0,-72.0
1777890284.6293323,6.0,-3.0,-64.0
1777890284.6393323,5.0,0.0,-64.0
1777890284.6493323,2.0,0.0,-63.0
1777890284.6593325,5.0,0.0,-72.0
1777890284.6693325,7.0,-2.0,-73.0
1777890284.6793325,9.0,-4.0,-75.0
1777890284.6893325,4.0,-7.0,-86.0
1777890284.6993325,3.0,-6.0,-90.0
1777890284.7093325,0.0,0.0,-85.0
1777890284.7193325,0.0,-2.0,-84.0
1777890284.7293324,1.0,-6.0,-81.0
1777890284.7393324,2.0,-9.0,-74.0
1777890284.7493324,-1.0,-8.0,-72.0
1777890284.7593324,1.0,-10.0,-78.0
1777890284.7693324,0.0,-9.0,-80.0
1777890284.7793324,0.0,-5.0,-83.0
1777890284.7893324,3.0,-1.0,-87.0
1777890284.7993324,1.0,-1.0,-88.0
1777890284.8093324,8.0,0.0,-85.0
1777890284.8193324,4.0,0.0,-82.0
1777890284.8293324,3.0,-1.0,-80.0
1777890284.8393323,-4.0,-5.0,-78.0
1777890284.8493323,-8.0,-5.0,-82.0
1777890284.8593323,-11.0,-5.0,-78.0
1777890284.8693323,-7.0,-4.0,-81.0
1777890284.8793323,-5.0,-5.0,-86.0
1777890284.8893323,-4.0,-5.0,-90.0
1777890284.8993323,-5.0,-8.0,-90.0
1777890284.9093325,-4.0,-10.0,-86.0
1777890284.9193325,-2.0,-7.0,-79.0
1777890284.9293325,-1.0,-7.0,-77.0
1777890284.9393325,-3.0,-4.0,-79.0
1777890284.9493325,-1.0,-2.0,-81.0
1777890284.9593325,2.0,-4.0,-84.0
1777890284.9693325,0.0,-2.0,-83.0
1777890284.9793324,5.0,-4.0,-75.0
1777890284.9893324,12.0,-3.0,-72.0
1777890284.9993324,7.0,0.0,-76.0
1777890285.0093324,5.0,3.0,-78.0
1777890285.0193324,2.0,0.0,-75.0
1777890285.0293324,1.0,-1.0,-75.0
1777890285.0393324,-2.0,-4.0,-75.0
1777890285.0493324,0.0,-3.0,-77.0
1777890285.0593324,-2.0,0.0,-77.0
1777890285.0693324,-4.0,0.0,-73.0
1777890285.0793324,-5.0,-1.0,-77.0
1777890285.0893323,-8.0,-4.0,-72.0
1777890285.0993323,-8.0,-8.0,-77.0
1777890285.1093323,-16.0,-1.0,-82.0
1777890285.1193323,-14.0,-1.0,-84.0
1777890285.1293323,-8.0,-2.0,-78.0
1777890285.1393323,-4.0,-3.0,-77.0
1777890285.1493323,-2.0,-2.0,-77.0
1777890285.1593325,-4.0,0.0,-75.0
1777890285.1693325,-2.0,-4.0,-75.0
1777890285.1793325,-3.0,-4.0,-73.0
1777890285.1893325,-5.0,-5.0,-77.0
1777890285.1993325,-3.0,-5.0,-72.0
1777890285.2093325,0.0,-4.0,-65.0
1777890285.2193325,-1.0,-3.0,-63.0
1777890285.2293324,-2.0,0.0,-65.0
1777890285.2393324,-2.0,-3.0,-63.0
1777890285.2493324,0.0,-3.0,-65.0
1777890285.2593324,1.0,-1.0,-67.0
1777890285.2693324,0.0,-3.0,-65.0
1777890285.2793324,0.0,0.0,-61.0
1777890285.2893324,-2.0,0.0,-69.0
1777890285.2993324,-3.0,-1.0,-73.0
1777890285.3093324,-4.0,-1.0,-71.0
1777890285.3193324,-3.0,0.0,-74.0
1777890285.3293324,-2.0,1.0,-77.0
1777890285.3393323,0.0,5.0,-74.0
1777890285.3493323,0.0,4.0,-81.0
1777890285.3593323,2.0,5.0,-82.0
1777890285.3693323,1.0,2.0,-81.0
1777890285.3793323,2.0,0.0,-83.0
1777890285.3893323,1.0,0.0,-86.0
1777890285.3993323,2.0,1.0,-80.0
1777890285.4093325,5.0,2.0,-73.0
1777890285.4193325,5.0,3.0,-71.0
1777890285.4293325,3.0,-1.0,-67.0
1777890285.4393325,2.0,0.0,-69.0
1777890285.4493325,0.0,-1.0,-69.0
1777890285.4593325,3.0,-4.0,-70.0
1777890285.4693325,3.0,-8.0,-71.0
1777890285.4793324,1.0,-11.0,-72.0
1777890285.4893324,3.0,-7.0,-67.0
1777890285.4993324,4.0,-5.0,-67.0
1777890285.5093324,1.0,-4.0,-62.0
1777890285.5193324,1.0,-5.0,-63.0
1777890285.5293324,0.0,-6.0,-62.0
1777890285.5393324,-2.0,0.0,-65.0
1777890285.5493324,-4.0,-2.0,-71.0
1777890285.5593324,-3.0,-2.0,-80.0
1777890285.5693324,-4.0,-2.0,-88.0
1777890285.5793324,-5.0,-2.0,-80.0
1777890285.5893323,-5.0,-2.0,-73.0
1777890285.5993323,-5.0,-3.0,-73.0
1777890285.6093323,-4.0,-8.0,-73.0
1777890285.6193323,1.0,-6.0,-81.0
1777890285.6293323,5.0,-9.0,-89.0
1777890285.6393323,4.0,-12.0,-80.0
1777890285.6493323,3.0,-10.0,-76.0
1777890285.6593325,0.0,-4.0,-67.0
1777890285.6693325,2.0,-1.0,-66.0
1777890285.6793325,0.0,0.0,-64.0
1777890285.6893325,0.0,-1.0,-61.0
1777890285.6993325,0.0,-1.0,-66.0
1777890285.7093325,4.0,-7.0,-69.0
1777890285.7193325,2.0,-8.0,-69.0
1777890285.7293324,4.0,-5.0,-70.0
1777890285.7393324,1.0,-4.0,-72.0
1777890285.7493324,-1.0,-3.0,-76.0
1777890285.7593324,-1.0,-4.0,-73.0
1777890285.7693324,-2.0,-3.0,-74.0
1777890285.7793324,-6.0,-2.0,-73.0
1777890285.7893324,-3.0,3.0,-66.0
1777890285.7993324,0.0,4.0,-72.0
1777890285.8093324,0.0,1.0,-76.0
1777890285.8193324,0.0,4.0,-78.0
1777890285.8293324,6.0,6.0,-78.0
1777890285.8393323,9.0,6.0,-78.0
1777890285.8493323,4.0,6.0,-82.0
1777890285.8593323,1.0,3.0,-78.0
1777890285.8693323,-2.0,-1.0,-75.0
1777890285.8793323,-2.0,-2.0,-78.0
1777890285.8893323,0.0,-4.0,-84.0
1777890285.9003325,0.0,-7.0,-87.0
1777890285.9103324,1.0,-10.0,-85.0
1777890285.9203324,0.0,-5.0,-77.0
1777890285.9303324,1.0,-4.0,-81.0
1777890285.9403324,1.0,-2.0,-76.0
1777890285.9503324,7.0,-1.0,-75.0
1777890285.9603324,5.0,-3.0,-79.0
1777890285.9703324,0.0,-6.0,-79.0
1777890285.9803324,-2.0,-8.0,-78.0
1777890285.9903324,1.0,-7.0,-77.0
1777890286.0003324,4.0,-5.0,-82.0
1777890286.0103323,4.0,-3.0,-80.0
1777890286.0203323,0.0,-3.0,-78.0
1777890286.0303323,-6.0,-6.0,-69.0
1777890286.0403323,-2.0,-5.0,-60.0
1777890286.0503323,-3.0,-7.0,-64.0
1777890286.0603323,-3.0,-8.0,-69.0
1777890286.0703323,0.0,-4.0,-70.0
1777890286.0803325,0.0,-4.0,-72.0
1777890286.0903325,0.0,-3.0,-73.0
1777890286.1003325,3.0,-8.0,-69.0
1777890286.1103325,2.0,-9.0,-60.0
1777890286.1203325,2.0,-5.0,-62.0
1777890286.1303325,3.0,-3.0,-58.0
1777890286.1403325,4.0,-2.0,-60.0
1777890286.1503325,3.0,-5.0,-69.0
1777890286.1603324,7.0,-3.0,-70.0
1777890286.1703324,8.0,-4.0,-71.0
1777890286.1803324,5.0,-3.0,-70.0
1777890286.1903324,4.0,0.0,-66.0
1777890286.2003324,3.0,-4.0,-69.0
1777890286.2103324,-1.0,-5.0,-70.0
1777890286.2203324,0.0,-3.0,-65.0
1777890286.2303324,0.0,-3.0,-64.0
1777890286.2403324,0.0,-3.0,-63.0
1777890286.2503324,0.0,-1.0,-63.0
1777890286.2603323,0.0,-6.0,-64.0
1777890286.2703323,3.0,-10.0,-60.0
1777890286.2803323,3.0,-10.0,-63.0
1777890286.2903323,5.0,-14.0,-69.0
1777890286.3003323,3.0,-11.0,-76.0
1777890286.3103323,2.0,-12.0,-75.0
1777890286.3203323,2.0,-12.0,-76.0
1777890286.3303325,8.0,-8.0,-78.0
1777890286.3403325,7.0,-9.0,-75.0
1777890286.3503325,5.0,-9.0,-74.0
1777890286.3603325,6.0,-5.0,-70.0
1777890286.3703325,4.0,-5.0,-78.0
1777890286.3803325,0.0,-6.0,-78.0
1777890286.3903325,-1.0,-7.0,-70.0
1777890286.4003325,2.0,-4.0,-64.0
1777890286.4103324,1.0,-3.0,-59.0
1777890286.4203324,-1.0,-5.0,-65.0
1777890286.4303324,-3.0,-1.0,-68.0
1777890286.4403324,-4.0,-4.0,-70.0
1777890286.4503324,-4.0,-3.0,-67.0
1777890286.4603324,0.0,-8.0,-69.0
1777890286.4703324,-5.0,-6.0,-75.0
1777890286.4803324,-1.0,-7.0,-76.0
1777890286.4903324,-1.0,-9.0,-73.0
1777890286.5003324,0.0,-9.0,-73.0
1777890286.5103323,0.0,-4.0,-81.0
1777890286.5203323,4.0,-5.0,-81.0
1777890286.5303323,3.0,-4.0,-82.0
1777890286.5403323,5.0,-4.0,-83.0
1777890286.5503323,6.0,-3.0,-78.0
1777890286.5603323,7.0,0.0,-77.0
1777890286.5703323,6.0,-2.0,-74.0
1777890286.5803325,7.0,-3.0,-61.0
1777890286.5903325,1.0,-3.0,-66.0
1777890286.6003325,0.0,-3.0,-68.0
1777890286.6103325,1.0,-2.0,-67.0
1777890286.6203325,6.0,1.0,-72.0
1777890286.6303325,4.0,1.0,-74.0
1777890286.6403325,0.0,0.0,-71.0
1777890286.6503325,-5.0,0.0,-75.0
1777890286.6603324,-2.0,0.0,-80.0
1777890286.6703324,-4.0,-3.0,-74.0
1777890286.6803324,-2.0,0.0,-77.0
1777890286.6903324,0.0,-1.0,-72.0
1777890286.7003324,0.0,-1.0,-78.0
1777890286.7103324,7.0,-2.0,-80.0
1777890286.7203324,10.0,-2.0,-86.0
1777890286.7303324,9.0,-1.0,-79.0
1777890286.7403324,11.0,-3.0,-76.0
1777890286.7503324,6.0,0.0,-71.0
1777890286.7603323,3.0,1.0,-70.0
1777890286.7703323,1.0,-2.0,-68.0
1777890286.7803323,3.0,1.0,-70.0
1777890286.7903323,1.0,0.0,-71.0
1777890286.8003323,4.0,0.0,-73.0
1777890286.8103323,0.0,2.0,-70.0
1777890286.8203323,-2.0,6.0,-69.0
1777890286.8303325,-3.0,6.0,-64.0
1777890286.8403325,0.0,6.0,-72.0
1777890286.8503325,2.0,1.0,-71.0
1777890286.8603325,0.0,0.0,-73.0
1777890286.8703325,3.0,-1.0,-68.0
1777890286.8803325,2.0,3.0,-73.0
1777890286.8903325,7.0,5.0,-80.0
1777890286.9003325,2.0,5.0,-74.0
1777890286.9103324,0.0,3.0,-74.0
1777890286.9203324,-1.0,2.0,-71.0
1777890286.9303324,0.0,1.0,-70.0
1777890286.9403324,-2.0,-1.0,-69.0
1777890286.9503324,-1.0,0.0,-67.0
1777890286.9603324,-3.0,-4.0,-76.0
1777890286.9703324,0.0,-2.0,-76.0
1777890286.9803324,0.0,0.0,-76.0
1777890286.9903324,0.0,4.0,-76.0
1777890287.0003324,0.0,4.0,-77.0
1777890287.0103323,4.0,2.0,-76.0
1777890287.0203323,0.0,0.0,-68.0
1777890287.0303323,-2.0,-2.0,-77.0
1777890287.0403323,-2.0,0.0,-78.0
1777890287.0503323,4.0,-6.0,-81.0
1777890287.0603323,1.0,-10.0,-82.0
1777890287.0703323,0.0,-9.0,-76.0
1777890287.0803325,2.0,-8.0,-78.0
1777890287.0903325,8.0,-4.0,-79.0
1777890287.1003325,3.0,-1.0,-77.0
1777890287.1103325,3.0,-3.0,-78.0
1777890287.1203325,3.0,2.0,-74.0
1777890287.1303325,1.0,5.0,-67.0
1777890287.1403325,0.0,2.0,-67.0
1777890287.1503325,3.0,3.0,-71.0
1777890287.1603324,4.0,1.0,-68.0
1777890287.1703324,4.0,3.0,-66.0
1777890287.1803324,0.0,0.0,-67.0
1777890287.1903324,-1.0,-1.0,-77.0
1777890287.2003324,0.0,1.0,-79.0
1777890287.2103324,-3.0,0.0,-82.0
1777890287.2203324,-3.0,-1.0,-79.0
1777890287.2303324,-4.0,0.0,-80.0
1777890287.2403324,-5.0,-2.0,-83.0
1777890287.2503324,1.0,-4.0,-81.0
1777890287.2603323,0.0,-1.0,-75.0
1777890287.2703323,0.0,0.0,-76.0
1777890287.2803323,2.0,1.0,-75.0
1777890287.2903323,1.0,-1.0,-75.0
1777890287.3003323,4.0,0.0,-72.0
1777890287.3103323,6.0,0.0,-66.0
1777890287.3203323,10.0,-3.0,-67.0
1777890287.3303325,10.0,1.0,-73.0
1777890287.3403325,14.0,1.0,-66.0
1777890287.3503325,14.0,-2.0,-63.0
1777890287.3603325,8.0,-2.0,-64.0
1777890287.3703325,6.0,-2.0,-69.0
1777890287.3803325,3.0,0.0,-76.0
1777890287.3903325,4.0,0.0,-79.0
1777890287.4003325,7.0,0.0,-77.0
1777890287.4103324,4.0,1.0,-79.0
1777890287.4203324,1.0,1.0,-83.0
1777890287.4303324,0.0,0.0,-83.0
1777890287.4403324,-3.0,-3.0,-88.0
1777890287.4503324,0.0,-3.0,-83.0
1777890287.4603324,0.0,-2.0,-86.0
1777890287.4703324,-2.0,-6.0,-79.0
1777890287.4803324,-1.0,-5.0,-80.0
1777890287.4903324,0.0,-6.0,-82.0
1777890287.5003324,3.0,-4.0,-80.0
1777890287.5103323,8.0,-3.0,-78.0
1777890287.5203323,3.0,0.0,-81.0
1777890287.5303323,5.0,-1.0,-79.0
1777890287.5403323,4.0,-4.0,-78.0
1777890287.5503323,1.0,-6.0,-83.0
1777890287.5603323,3.0,-3.0,-83.0
1777890287.5703323,4.0,-2.0,-86.0
1777890287.5803325,3.0,-4.0,-84.0
1777890287.5903325,3.0,-1.0,-86.0
1777890287.6003325,2.0,-4.0,-81.0
1777890287.6103325,7.0,-7.0,-76.0
1777890287.6203325,7.0,-7.0,-76.0
1777890287.6303325,2.0,-4.0,-77.0
1777890287.6403325,0.0,-2.0,-80.0
1777890287.6503325,-1.0,-7.0,-76.0
1777890287.6603324,-1.0,-8.0,-77.0
1777890287.6703324,-3.0,-4.0,-82.0
1777890287.6803324,-2.0,-3.0,-80.0
1777890287.6903324,1.0,-2.0,-74.0
1777890287.7003324,2.0,-5.0,-69.0
1777890287.7103324,7.0,-2.0,-72.0
1777890287.7203324,3.0,-5.0,-77.0
1777890287.7303324,0.0,-5.0,-80.0
1777890287.7403324,0.0,-3.0,-78.0
1777890287.7503324,2.0,-1.0,-75.0
1777890287.7603323,0.0,0.0,-74.0
1777890287.7703323,0.0,-3.0,-77.0
1777890287.7803323,0.0,-6.0,-75.0
1777890287.7903323,0.0,-2.0,-74.0
1777890287.8003323,-1.0,-3.0,-76.0
1777890287.8103323,0.0,-5.0,-78.0
1777890287.8203323,3.0,-2.0,-77.0
1777890287.8303325,3.0,-2.0,-80.0
1777890287.8403325,1.0,-3.0,-78.0
1777890287.8503325,8.0,-1.0,-72.0
1777890287.8603325,9.0,0.0,-70.0
1777890287.8713324,8.0,-1.0,-75.0
1777890287.8813324,9.0,-2.0,-74.0
1777890287.8913324,1.0,-1.0,-72.0
1777890287.9013324,2.0,0.0,-70.0
1777890287.9113324,2.0,1.0,-75.0
1777890287.9213324,0.0,1.0,-75.0
1777890287.9313323,1.0,1.0,-74.0
1777890287.9403324,4.0,2.0,-72.0
1777890287.9513323,3.0,-1.0,-79.0
1777890287.9613323,5.0,-3.0,-78.0
1777890287.9713323,8.0,-6.0,-75.0
1777890287.9813323,4.0,-4.0,-74.0
1777890287.9913323,4.0,-7.0,-78.0
1777890288.0013323,3.0,-6.0,-77.0
1777890288.0113325,2.0,-6.0,-77.0
1777890288.0213325,2.0,-6.0,-77.0
1777890288.0313325,8.0,-5.0,-78.0
1777890288.0413325,12.0,-5.0,-80.0
1777890288.0513325,17.0,-4.0,-82.0
1777890288.0613325,14.0,-3.0,-81.0
1777890288.0713325,10.0,0.0,-80.0
1777890288.0813324,9.0,-1.0,-77.0
1777890288.0913324,7.0,0.0,-78.0
1777890288.1013324,12.0,0.0,-82.0
1777890288.1113324,10.0,0.0,-80.0
1777890288.1213324,11.0,3.0,-78.0
1777890288.1313324,9.0,4.0,-77.0
1777890288.1413324,3.0,5.0,-72.0
1777890288.1513324,1.0,2.0,-64.0
1777890288.1613324,1.0,2.0,-67.0
1777890288.1713324,3.0,0.0,-72.0
1777890288.1813323,1.0,4.0,-82.0
1777890288.1913323,0.0,6.0,-83.0
1777890288.2013323,0.0,4.0,-72.0
1777890288.2113323,2.0,2.0,-75.0
1777890288.2213323,0.0,-3.0,-82.0
1777890288.2313323,1.0,-3.0,-80.0
1777890288.2413323,6.0,-2.0,-71.0
1777890288.2513323,5.0,0.0,-71.0
1777890288.2613325,1.0,-2.0,-77.0
1777890288.2713325,2.0,-5.0,-81.0
1777890288.2813325,1.0,-2.0,-79.0
1777890288.2913325,1.0,1.0,-80.0
1777890288.3013325,6.0,1.0,-78.0
1777890288.3113325,4.0,2.0,-76.0
1777890288.3213325,2.0,4.0,-69.0
1777890288.3313324,6.0,2.0,-67.0
1777890288.3413324,6.0,3.0,-66.0
1777890288.3513324,9.0,4.0,-67.0
1777890288.3613324,6.0,3.0,-72.0
1777890288.3713324,1.0,2.0,-73.0
1777890288.3813324,2.0,0.0,-76.0
1777890288.3913324,-1.0,1.0,-75.0
1777890288.4013324,-2.0,1.0,-74.0
1777890288.4113324,-2.0,-1.0,-79.0
1777890288.4213324,-5.0,-2.0,-76.0
1777890288.4313323,-6.0,-3.0,-77.0
1777890288.4413323,-1.0,-2.0,-80.0
1777890288.4513323,-3.0,-3.0,-75.0
1777890288.4613323,-5.0,-4.0,-74.0
1777890288.4713323,-4.0,-3.0,-69.0
1777890288.4813323,0.0,0.0,-70.0
1777890288.4913323,2.0,5.0,-65.0
1777890288.5013323,5.0,2.0,-62.0
1777890288.5113325,8.0,0.0,-68.0
1777890288.5213325,5.0,-2.0,-73.0
1777890288.5313325,6.0,-5.0,-71.0
1777890288.5413325,4.0,-4.0,-72.0
1777890288.5513325,2.0,-2.0,-69.0
1777890288.5613325,2.0,-4.0,-66.0
1777890288.5713325,3.0,-8.0,-69.0
1777890288.5813324,1.0,-10.0,-65.0
1777890288.5913324,4.0,-12.0,-65.0
1777890288.6013324,1.0,-11.0,-74.0
1777890288.6113324,3.0,-8.0,-72.0
1777890288.6213324,3.0,-4.0,-69.0
1777890288.6313324,4.0,1.0,-68.0
1777890288.6413324,4.0,5.0,-70.0
1777890288.6513324,5.0,0.0,-72.0
1777890288.6613324,2.0,-1.0,-72.0
1777890288.6713324,1.0,3.0,-66.0
1777890288.6813323,3.0,3.0,-73.0
1777890288.6913323,1.0,4.0,-78.0
1777890288.7013323,2.0,5.0,-77.0
1777890288.7113323,4.0,4.0,-77.0
1777890288.7213323,4.0,2.0,-76.0
1777890288.7313323,4.0,0.0,-74.0
1777890288.7413323,5.0,0.0,-75.0
1777890288.7513323,6.0,2.0,-74.0
1777890288.7613325,6.0,7.0,-72.0
1777890288.7713325,1.0,5.0,-72.0
1777890288.7813325,3.0,4.0,-74.0
1777890288.7913325,1.0,-1.0,-73.0
1777890288.8013325,0.0,-4.0,-69.0
1777890288.8113325,-5.0,-1.0,-73.0
1777890288.8213325,-7.0,1.0,-74.0
1777890288.8313324,-3.0,-2.0,-75.0
1777890288.8413324,-4.0,0.0,-71.0
1777890288.8513324,-1.0,1.0,-65.0
1777890288.8613324,-5.0,0.0,-57.0
1777890288.8713324,-5.0,0.0,-60.0
1777890288.8813324,0.0,-4.0,-63.0
1777890288.8913324,1.0,-1.0,-63.0
1777890288.9013324,2.0,-1.0,-64.0
1777890288.9113324,0.0,-6.0,-64.0
1777890288.9213324,0.0,-3.0,-62.0
1777890288.9313323,-3.0,-4.0,-64.0
1777890288.9413323,-4.0,-4.0,-68.0
1777890288.9513323,-4.0,-1.0,-72.0
1777890288.9613323,-3.0,0.0,-75.0
1777890288.9713323,-1.0,0.0,-73.0
1777890288.9813323,4.0,0.0,-73.0
1777890288.9913323,5.0,0.0,-80.0
1777890289.0013323,5.0,-4.0,-84.0
1777890289.0113325,6.0,-3.0,-78.0
1777890289.0213325,9.0,-1.0,-71.0
1777890289.0313325,6.0,0.0,-73.0
1777890289.0413325,2.0,1.0,-79.0
1777890289.0513325,1.0,4.0,-81.0
1777890289.0613325,2.0,2.0,-82.0
1777890289.0713325,6.0,-1.0,-82.0
1777890289.0813324,7.0,-3.0,-87.0
1777890289.0913324,8.0,-2.0,-77.0
1777890289.1013324,7.0,-2.0,-74.0
1777890289.1113324,5.0,0.0,-78.0
1777890289.1213324,3.0,-1.0,-80.0
1777890289.1313324,5.0,1.0,-88.0
1777890289.1413324,7.0,1.0,-86.0
1777890289.1513324,9.0,2.0,-88.0
1777890289.1613324,5.0,-1.0,-83.0
1777890289.1713324,4.0,0.0,-88.0
1777890289.1813323,5.0,-2.0,-82.0
1777890289.1913323,6.0,-6.0,-77.0
1777890289.2013323,2.0,-6.0,-72.0
1777890289.2113323,-1.0,-4.0,-70.0
1777890289.2213323,-5.0,-4.0,-73.0
1777890289.2313323,-1.0,-3.0,-75.0
1777890289.2413323,0.0,-4.0,-73.0
1777890289.2513323,1.0,-5.0,-72.0
1777890289.2613325,1.0,-6.0,-72.0
1777890289.2713325,3.0,-6.0,-72.0
1777890289.2813325,5.0,-7.0,-71.0
1777890289.2913325,6.0,-6.0,-62.0
1777890289.3013325,4.0,-3.0,-65.0
1777890289.3113325,7.0,-1.0,-67.0
1777890289.3213325,3.0,1.0,-76.0
1777890289.3313324,0.0,1.0,-84.0
1777890289.3413324,2.0,1.0,-84.0
1777890289.3513324,6.0,3.0,-87.0
1777890289.3613324,6.0,0.0,-80.0
1777890289.3713324,4.0,0.0,-79.0
1777890289.3813324,3.0,3.0,-76.0
1777890289.3913324,5.0,4.0,-76.0
1777890289.4013324,10.0,2.0,-69.0
1777890289.4113324,11.0,0.0,-71.0
1777890289.4213324,11.0,2.0,-74.0
1777890289.4313323,10.0,0.0,-74.0
1777890289.4413323,6.0,-4.0,-66.0
1777890289.4513323,3.0,-5.0,-61.0
1777890289.4613323,5.0,-3.0,-64.0
1777890289.4713323,8.0,-1.0,-71.0
1777890289.4813323,10.0,3.0,-65.0
1777890289.4913323,7.0,2.0,-66.0
1777890289.5013323,6.0,5.0,-59.0
1777890289.5113325,7.0,6.0,-63.0
1777890289.5213325,6.0,2.0,-69.0
1777890289.5313325,7.0,2.0,-67.0
1777890289.5413325,6.0,1.0,-64.0
1777890289.5513325,5.0,1.0,-67.0
1777890289.5613325,5.0,1.0,-67.0
1777890289.5713325,3.0,-1.0,-69.0
1777890289.5813324,7.0,-2.0,-66.0
1777890289.5913324,4.0,0.0,-62.0
1777890289.6013324,0.0,0.0,-61.0
1777890289.6113324,-2.0,-3.0,-58.0
1777890289.6213324,0.0,-2.0,-62.0
1777890289.6313324,0.0,0.0,-68.0
1777890289.6413324,0.0,-2.0,-72.0
1777890289.6513324,-7.0,0.0,-75.0
1777890289.6613324,-9.0,-1.0,-79.0
1777890289.6713324,-7.0,-3.0,-77.0
1777890289.6813323,0.0,-2.0,-72.0
1777890289.6913323,3.0,-3.0,-72.0
1777890289.7013323,2.0,0.0,-65.0
1777890289.7113323,1.0,-2.0,-65.0
1777890289.7213323,2.0,2.0,-66.0
1777890289.7313323,0.0,4.0,-67.0
1777890289.7413323,1.0,4.0,-72.0
1777890289.7513323,2.0,4.0,-74.0
1777890289.7613325,0.0,6.0,-77.0
1777890289.7713325,0.0,3.0,-73.0
1777890289.7813325,2.0,0.0,-74.0
1777890289.7913325,2.0,0.0,-68.0
1777890289.8013325,2.0,-1.0,-67.0
1777890289.8113325,2.0,2.0,-75.0
1777890289.8213325,-1.0,4.0,-73.0
1777890289.8313324,2.0,5.0,-80.0
1777890289.8413324,5.0,7.0,-77.0
1777890289.8513324,4.0,6.0,-78.0
1777890289.8613324,6.0,2.0,-83.0
1777890289.8713324,5.0,-2.0,-87.0
1777890289.8813324,2.0,-1.0,-86.0
1777890289.8923323,0.0,0.0,-83.0
1777890289.9023323,-3.0,-2.0,-79.0
1777890289.9123323,-3.0,-3.0,-75.0
1777890289.9223323,-1.0,0.0,-74.0
1777890289.9323325,-5.0,5.0,-74.0
1777890289.9423325,-7.0,1.0,-71.0
1777890289.9523325,-5.0,-2.0,-71.0
1777890289.9623325,-3.0,-3.0,-69.0
1777890289.9723325,0.0,-1.0,-76.0
1777890289.9823325,-5.0,1.0,-77.0
1777890289.9923325,-2.0,0.0,-75.0
1777890290.0023324,0.0,0.0,-72.0
1777890290.0123324,0.0,-1.0,-71.0
1777890290.0223324,-1.0,-5.0,-69.0
1777890290.0323324,0.0,-4.0,-70.0
1777890290.0423324,0.0,-4.0,-65.0
1777890290.0523324,-1.0,-3.0,-69.0
1777890290.0623324,-5.0,0.0,-70.0
1777890290.0723324,-4.0,-5.0,-64.0
1777890290.0823324,-5.0,-3.0,-67.0
1777890290.0923324,-5.0,-5.0,-70.0
1777890290.1023324,0.0,-4.0,-69.0
1777890290.1123323,3.0,-3.0,-67.0
1777890290.1223323,2.0,-5.0,-75.0
1777890290.1323323,4.0,-7.0,-71.0
1777890290.1423323,0.0,-8.0,-68.0
1777890290.1523323,0.0,-4.0,-68.0
1777890290.1623323,3.0,-3.0,-69.0
1777890290.1723323,1.0,0.0,-75.0
1777890290.1823325,2.0,-1.0,-68.0
1777890290.1923325,6.0,-1.0,-73.0
1777890290.2023325,13.0,-5.0,-74.0
1777890290.2123325,11.0,-7.0,-78.0
1777890290.2223325,6.0,-4.0,-82.0
1777890290.2323325,10.0,-1.0,-69.0
1777890290.2423325,12.0,-2.0,-60.0
1777890290.2523324,10.0,0.0,-58.0
1777890290.2623324,9.0,-1.0,-62.0
1777890290.2723324,7.0,0.0,-67.0
1777890290.2823324,3.0,0.0,-74.0
1777890290.2923324,3.0,0.0,-73.0
1777890290.3023324,4.0,2.0,-78.0
1777890290.3123324,4.0,1.0,-87.0
1777890290.3223324,-1.0,0.0,-87.0
1777890290.3323324,-2.0,-1.0,-79.0
1777890290.3423324,1.0,-3.0,-82.0
1777890290.3523324,5.0,-1.0,-83.0
1777890290.3623323,5.0,-2.0,-85.0
1777890290.3723323,2.0,-2.0,-83.0
1777890290.3823323,0.0,-2.0,-90.0
1777890290.3923323,0.0,-1.0,-88.0
1777890290.4023323,3.0,-2.0,-87.0
1777890290.4123323,8.0,-1.0,-81.0
1777890290.4223323,3.0,0.0,-71.0
1777890290.4323325,2.0,6.0,-69.0
1777890290.4423325,3.0,9.0,-72.0
1777890290.4523325,3.0,10.0,-75.0
1777890290.4623325,6.0,9.0,-78.0
1777890290.4723325,4.0,7.0,-84.0
1777890290.4823325,3.0,1.0,-80.0
1777890290.4923325,4.0,-2.0,-79.0
1777890290.5023324,4.0,-1.0,-79.0
1777890290.5123324,4.0,3.0,-82.0
1777890290.5223324,7.0,0.0,-77.0
1777890290.5323324,8.0,-2.0,-67.0
1777890290.5423324,6.0,3.0,-64.0
1777890290.5523324,5.0,4.0,-71.0
1777890290.5623324,7.0,2.0,-66.0
1777890290.5723324,8.0,-1.0,-70.0
1777890290.5823324,8.0,0.0,-75.0
1777890290.5923324,9.0,-1.0,-72.0
1777890290.6023324,5.0,-4.0,-77.0
1777890290.6123323,2.0,-4.0,-72.0
1777890290.6223323,3.0,0.0,-74.0
1777890290.6323323,5.0,0.0,-80.0
1777890290.6423323,3.0,-2.0,-78.0
1777890290.6523323,5.0,-9.0,-77.0
1777890290.6623323,4.0,-10.0,-73.0
1777890290.6723323,3.0,-13.0,-75.0
1777890290.6823325,-1.0,-11.0,-73.0
1777890290.6923325,0.0,-9.0,-71.0
1777890290.7023325,2.0,-14.0,-75.0
1777890290.7123325,5.0,-13.0,-75.0
1777890290.7223325,3.0,-14.0,-82.0
1777890290.7323325,4.0,-12.0,-82.0
1777890290.7423325,1.0,-11.0,-84.0
1777890290.7523324,1.0,-9.0,-85.0
1777890290.7623324,0.0,-6.0,-81.0
1777890290.7723324,-2.0,-7.0,-76.0
1777890290.7823324,4.0,-5.0,-75.0
1777890290.7923324,1.0,-9.0,-82.0
1777890290.8023324,-3.0,-8.0,-83.0
1777890290.8123324,-1.0,-8.0,-73.0
1777890290.8223324,2.0,-8.0,-67.0
1777890290.8323324,5.0,-9.0,-68.0
1777890290.8423324,3.0,-13.0,-72.0
1777890290.8523324,1.0,-11.0,-73.0
1777890290.8623323,5.0,-13.0,-72.0
1777890290.8723323,0.0,-8.0,-66.0
1777890290.8823323,1.0,-2.0,-64.0
1777890290.8923323,2.0,-3.0,-66.0
1777890290.9023323,1.0,-2.0,-70.0
1777890290.9123323,2.0,0.0,-68.0
1777890290.9223323,4.0,-3.0,-68.0
1777890290.9323325,0.0,-1.0,-69.0
1777890290.9423325,0.0,-1.0,-78.0
1777890290.9523325,-4.0,-2.0,-77.0
1777890290.9623325,-3.0,-1.0,-82.0
1777890290.9723325,-1.0,1.0,-75.0
1777890290.9823325,-3.0,0.0,-71.0
1777890290.9923325,-1.0,-1.0,-71.0
1777890291.0023324,1.0,-1.0,-77.0
1777890291.0123324,-2.0,-4.0,-77.0
1777890291.0223324,-3.0,-5.0,-75.0
1777890291.0323324,-2.0,-4.0,-72.0
1777890291.0423324,0.0,0.0,-75.0
1777890291.0523324,-1.0,-3.0,-81.0
1777890291.0623324,-4.0,-5.0,-79.0
1777890291.0723324,-2.0,-6.0,-77.0
1777890291.0823324,4.0,-5.0,-79.0
1777890291.0923324,2.0,-2.0,-78.0
1777890291.1023324,0.0,-3.0,-76.0
1777890291.1123323,-5.0,0.0,-79.0
1777890291.1223323,-3.0,-3.0,-80.0
1777890291.1323323,0.0,-10.0,-73.0
1777890291.1423323,1.0,-9.0,-68.0
1777890291.1523323,10.0,-8.0,-71.0
1777890291.1623323,7.0,-3.0,-68.0
1777890291.1723323,7.0,-2.0,-72.0
1777890291.1823325,9.0,-2.0,-74.0
1777890291.1923325,6.0,-1.0,-75.0
1777890291.2023325,8.0,0.0,-77.0
1777890291.2123325,9.0,-1.0,-76.0
1777890291.2223325,6.0,1.0,-75.0
1777890291.2323325,5.0,2.0,-68.0
1777890291.2423325,9.0,0.0,-63.0
1777890291.2523324,10.0,-2.0,-71.0
1777890291.2623324,12.0,-5.0,-78.0
1777890291.2723324,10.0,-6.0,-80.0
1777890291.2823324,8.0,-4.0,-77.0
1777890291.2923324,7.0,-4.0,-77.0
1777890291.3023324,5.0,-2.0,-83.0
1777890291.3123324,6.0,0.0,-85.0
1777890291.3223324,6.0,0.0,-81.0
1777890291.3323324,2.0,-4.0,-77.0
1777890291.3423324,0.0,-6.0,-75.0
1777890291.3523324,4.0,-5.0,-81.0
1777890291.3623323,1.0,-4.0,-77.0
1777890291.3723323,2.0,-4.0,-78.0
1777890291.3823323,7.0,-2.0,-81.0
1777890291.3923323,9.0,0.0,-77.0
1777890291.4023323,8.0,4.0,-79.0
1777890291.4123323,9.0,1.0,-77.0
1777890291.4223323,5.0,0.0,-82.0
1777890291.4323325,2.0,0.0,-87.0
1777890291.4423325,0.0,1.0,-82.0
1777890291.4523325,-5.0,4.0,-80.0
1777890291.4623325,-4.0,5.0,-83.0
1777890291.4723325,-1.0,3.0,-83.0
1777890291.4823325,0.0,0.0,-77.0
1777890291.4923325,-6.0,0.0,-70.0
1777890291.5023324,-5.0,1.0,-67.0
1777890291.5123324,-1.0,-4.0,-68.0
1777890291.5223324,0.0,-7.0,-74.0
1777890291.5323324,-2.0,-2.0,-66.0
1777890291.5423324,-5.0,-2.0,-66.0
1777890291.5523324,-5.0,-2.0,-67.0
1777890291.5623324,-5.0,-1.0,-66.0
1777890291.5723324,-5.0,0.0,-65.0
1777890291.5823324,-4.0,3.0,-65.0
1777890291.5923324,-1.0,3.0,-68.0
1777890291.6023324,-1.0,-2.0,-63.0
1777890291.6123323,-2.0,-2.0,-68.0
1777890291.6223323,1.0,0.0,-70.0
1777890291.6323323,7.0,1.0,-71.0
1777890291.6423323,8.0,-2.0,-73.0
1777890291.6523323,11.0,-2.0,-78.0
1777890291.6623323,11.0,-2.0,-83.0
1777890291.6723323,7.0,-3.0,-82.0
1777890291.6823325,7.0,-3.0,-82.0
1777890291.6923325,8.0,3.0,-77.0
1777890291.7023325,7.0,4.0,-74.0
1777890291.7123325,-1.0,8.0,-72.0
1777890291.7223325,-2.0,5.0,-76.0
1777890291.7323325,-2.0,4.0,-72.0
1777890291.7423325,-2.0,9.0,-72.0
1777890291.7523324,0.0,7.0,-68.0
1777890291.7623324,2.0,6.0,-72.0
1777890291.7723324,0.0,4.0,-69.0
1777890291.7823324,-2.0,4.0,-74.0
1777890291.7923324,-6.0,5.0,-75.0
1777890291.8023324,-3.0,5.0,-80.0
1777890291.8123324,0.0,2.0,-80.0
1777890291.8223324,3.0,-2.0,-78.0
1777890291.8323324,1.0,-1.0,-78.0
1777890291.8423324,0.0,-4.0,-74.0
1777890291.8523324,-4.0,-4.0,-80.0
1777890291.8633325,1.0,-6.0,-77.0
1777890291.8733325,2.0,-6.0,-78.0
1777890291.8833325,5.0,-5.0,-77.0
1777890291.8933325,5.0,-3.0,-83.0
1777890291.9033325,6.0,0.0,-86.0
1777890291.9133325,8.0,0.0,-82.0
1777890291.9233325,6.0,-2.0,-76.0
1777890291.9333324,6.0,-4.0,-71.0
1777890291.9433324,9.0,-1.0,-72.0
1777890291.9533324,11.0,0.0,-72.0
1777890291.9633324,10.0,0.0,-76.0
1777890291.9733324,9.0,-1.0,-81.0
1777890291.9833324,11.0,-7.0,-76.0
1777890291.9933324,8.0,-7.0,-76.0
1777890292.0033324,0.0,-2.0,-76.0
1777890292.0133324,3.0,0.0,-85.0
1777890292.0233324,6.0,0.0,-85.0
1777890292.0333323,11.0,4.0,-83.0
1777890292.0433323,10.0,2.0,-80.0
1777890292.0533323,3.0,0.0,-77.0
1777890292.0633323,1.0,1.0,-72.0
1777890292.0733323,4.0,-3.0,-68.0
1777890292.0833323,7.0,0.0,-70.0
1777890292.0933323,8.0,-4.0,-74.0
1777890292.1033323,8.0,-5.0,-71.0
1777890292.1133325,10.0,-7.0,-72.0
1777890292.1233325,8.0,-9.0,-72.0
1777890292.1333325,9.0,-4.0,-69.0
1777890292.1433325,7.0,-2.0,-72.0
1777890292.1533325,3.0,1.0,-75.0
1777890292.1633325,-2.0,-1.0,-71.0
1777890292.1733325,1.0,0.0,-71.0
1777890292.1833324,4.0,3.0,-74.0
1777890292.1933324,5.0,4.0,-78.0
1777890292.2033324,1.0,3.0,-75.0
1777890292.2133324,-1.0,0.0,-74.0
1777890292.2233324,1.0,-1.0,-74.0
1777890292.2333324,2.0,0.0,-69.0
1777890292.2433324,1.0,0.0,-70.0
1777890292.2533324,0.0,-3.0,-72.0
1777890292.2633324,-4.0,0.0,-67.0
1777890292.2733324,-1.0,3.0,-65.0
1777890292.2833323,-3.0,3.0,-66.0
1777890292.2933323,-7.0,1.0,-72.0
1777890292.3033323,-1.0,1.0,-71.0
1777890292.3133323,1.0,0.0,-72.0
1777890292.3233323,2.0,1.0,-68.0
1777890292.3333323,5.0,5.0,-69.0
1777890292.3433323,7.0,7.0,-64.0
1777890292.3533323,4.0,4.0,-68.0
1777890292.3633325,5.0,1.0,-68.0
1777890292.3733325,6.0,-2.0,-77.0
1777890292.3833325,8.0,0.0,-86.0
1777890292.3933325,9.0,0.0,-94.0
1777890292.4033325,9.0,-1.0,-92.0
1777890292.4133325,6.0,0.0,-88.0
1777890292.4233325,5.0,2.0,-82.0
1777890292.4333324,4.0,0.0,-78.0
1777890292.4433324,5.0,0.0,-72.0
1777890292.4533324,1.0,1.0,-72.0
1777890292.4633324,3.0,0.0,-69.0
1777890292.4733324,6.0,2.0,-73.0
1777890292.4833324,7.0,1.0,-75.0
1777890292.4933324,7.0,-1.0,-77.0
1777890292.5033324,9.0,-1.0,-76.0
1777890292.5133324,6.0,-2.0,-71.0
1777890292.5233324,8.0,-3.0,-68.0
1777890292.5333323,6.0,-2.0,-69.0
1777890292.5433323,7.0,0.0,-71.0
1777890292.5533323,2.0,2.0,-72.0
1777890292.5633323,5.0,4.0,-76.0
1777890292.5733323,4.0,0.0,-74.0
1777890292.5833323,10.0,0.0,-71.0
1777890292.5933323,6.0,0.0,-75.0
1777890292.6033323,3.0,0.0,-78.0
1777890292.6133325,0.0,-1.0,-83.0
1777890292.6233325,0.0,-1.0,-78.0
1777890292.6333325,-2.0,0.0,-71.0
1777890292.6433325,-2.0,-1.0,-67.0
1777890292.6533325,2.0,-3.0,-66.0
1777890292.6633325,5.0,-2.0,-62.0
1777890292.6733325,2.0,0.0,-65.0
1777890292.6833324,0.0,-3.0,-71.0
1777890292.6933324,-1.0,-6.0,-73.0
1777890292.7033324,3.0,-7.0,-72.0
1777890292.7133324,4.0,-3.0,-69.0
1777890292.7233324,-2.0,-3.0,-64.0
1777890292.7333324,-4.0,-5.0,-67.0
1777890292.7433324,-2.0,-3.0,-72.0
1777890292.7533324,-3.0,-1.0,-69.0
1777890292.7633324,0.0,-4.0,-71.0
1777890292.7733324,0.0,-3.0,-67.0
1777890292.7833323,0.0,-3.0,-72.0
1777890292.7933323,1.0,-3.0,-72.0
1777890292.8033323,8.0,-2.0,-73.0
1777890292.8133323,8.0,1.0,-69.0
1777890292.8233323,4.0,0.0,-65.0
1777890292.8333323,5.0,0.0,-68.0
1777890292.8433323,6.0,0.0,-69.0
1777890292.8533323,0.0,0.0,-72.0
1777890292.8633325,0.0,4.0,-77.0
1777890292.8733325,1.0,1.0,-81.0
1777890292.8833325,1.0,3.0,-80.0
1777890292.8933325,3.0,8.0,-78.0
1777890292.9033325,6.0,10.0,-75.0
1777890292.9133325,2.0,12.0,-78.0
1777890292.9233325,3.0,11.0,-74.0
1777890292.9333324,2.0,10.0,-74.0
1777890292.9433324,0.0,11.0,-69.0
1777890292.9533324,0.0,12.0,-72.0
1777890292.9633324,0.0,11.0,-71.0
1777890292.9743323,-5.0,6.0,-73.0
1777890292.9833324,-4.0,3.0,-80.0
1777890292.9933324,-1.0,0.0,-76.0
1777890293.0033324,-2.0,0.0,-74.0
1777890293.0133324,-3.0,-2.0,-72.0
1777890293.0233324,0.0,-3.0,-76.0
1777890293.0333323,1.0,0.0,-76.0
1777890293.0433323,2.0,3.0,-71.0
1777890293.0533323,0.0,-1.0,-64.0
1777890293.0633323,4.0,-3.0,-59.0
1777890293.0733323,2.0,-1.0,-61.0
1777890293.0833323,1.0,-1.0,-68.0
1777890293.0933323,-3.0,0.0,-69.0
1777890293.1033323,-1.0,-1.0,-69.0
1777890293.1133325,-1.0,1.0,-75.0
1777890293.1233325,2.0,2.0,-80.0
1777890293.1333325,4.0,8.0,-82.0
1777890293.1433325,3.0,6.0,-77.0
1777890293.1533325,3.0,1.0,-79.0
1777890293.1633325,-1.0,0.0,-74.0
1777890293.1733325,-2.0,0.0,-71.0
1777890293.1833324,-5.0,0.0,-71.0
1777890293.1933324,0.0,2.0,-69.0
1777890293.2033324,3.0,-5.0,-61.0
1777890293.2133324,3.0,-4.0,-68.0
1777890293.2233324,3.0,-1.0,-69.0
1777890293.2333324,7.0,-5.0,-78.0
1777890293.2433324,10.0,-8.0,-77.0
1777890293.2533324,5.0,-11.0,-64.0
1777890293.2633324,4.0,-9.0,-63.0
1777890293.2733324,1.0,-10.0,-65.0
1777890293.2833323,0.0,-5.0,-65.0
1777890293.2933323,0.0,-7.0,-65.0
1777890293.3033323,-3.0,-7.0,-59.0
1777890293.3133323,0.0,-7.0,-67.0
1777890293.3233323,1.0,-6.0,-69.0
1777890293.3333323,0.0,-6.0,-68.0
1777890293.3433323,-2.0,-4.0,-70.0
1777890293.3533323,0.0,-5.0,-70.0
1777890293.3633325,0.0,-2.0,-73.0
1777890293.3733325,1.0,-1.0,-77.0
1777890293.3833325,0.0,-2.0,-76.0
1777890293.3933325,-2.0,-1.0,-78.0
1777890293.4033325,-2.0,-3.0,-76.0
1777890293.4133325,0.0,0.0,-82.0
1777890293.4233325,2.0,1.0,-81.0
1777890293.4333324,-2.0,0.0,-74.0
1777890293.4433324,-1.0,-2.0,-65.0
1777890293.4533324,-3.0,-3.0,-67.0
1777890293.4633324,-2.0,0.0,-73.0
1777890293.4733324,-2.0,-1.0,-77.0
1777890293.4833324,-4.0,-4.0,-74.0
1777890293.4933324,-2.0,-7.0,-74.0
1777890293.5033324,-1.0,-2.0,-67.0
1777890293.5133324,1.0,0.0,-62.0
1777890293.5233324,3.0,0.0,-59.0
1777890293.5333323,5.0,1.0,-65.0
1777890293.5433323,5.0,2.0,-69.0
1777890293.5533323,6.0,5.0,-71.0
1777890293.5633323,6.0,3.0,-73.0
1777890293.5733323,8.0,1.0,-71.0
1777890293.5833323,3.0,0.0,-73.0
1777890293.5933323,1.0,-2.0,-72.0
1777890293.6033323,-2.0,-3.0,-68.0
1777890293.6133325,-1.0,0.0,-72.0
1777890293.6233325,-2.0,0.0,-65.0
1777890293.6333325,-4.0,0.0,-70.0
1777890293.6433325,-5.0,-1.0,-65.0
1777890293.6533325,-2.0,-1.0,-64.0
1777890293.6633325,-3.0,1.0,-67.0
1777890293.6733325,0.0,2.0,-69.0
1777890293.6833324,2.0,4.0,-69.0
1777890293.6933324,-2.0,2.0,-71.0
1777890293.7033324,-6.0,0.0,-80.0
1777890293.7133324,0.0,-1.0,-73.0
1777890293.7233324,0.0,-3.0,-66.0
1777890293.7333324,3.0,0.0,-69.0
1777890293.7433324,2.0,0.0,-64.0
1777890293.7533324,0.0,0.0,-68.0
1777890293.7633324,-1.0,-1.0,-69.0
1777890293.7733324,-1.0,1.0,-70.0
1777890293.7833323,0.0,0.0,-69.0
1777890293.7933323,0.0,0.0,-71.0
1777890293.8033323,3.0,-2.0,-68.0
1777890293.8133323,3.0,-3.0,-69.0
1777890293.8233323,7.0,-1.0,-69.0
1777890293.8343325,8.0,-1.0,-69.0
1777890293.8443325,8.0,-3.0,-70.0
1777890293.8533323,7.0,-5.0,-69.0
1777890293.8643324,4.0,-4.0,-68.0
1777890293.8743324,3.0,-5.0,-66.0
1777890293.8843324,1.0,-2.0,-72.0
1777890293.8943324,1.0,0.0,-74.0
1777890293.9043324,3.0,4.0,-74.0
1777890293.9143324,3.0,6.0,-73.0
1777890293.9243324,0.0,2.0,-81.0
1777890293.9343324,-2.0,3.0,-76.0
1777890293.9443324,-4.0,-1.0,-75.0
1777890293.9543324,-3.0,-5.0,-76.0
1777890293.9643323,0.0,-2.0,-78.0
1777890293.9743323,1.0,0.0,-75.0
1777890293.9843323,-1.0,2.0,-76.0
1777890293.9943323,1.0,-2.0,-71.0
1777890294.0043323,2.0,-3.0,-72.0
1777890294.0143323,4.0,-5.0,-67.0
1777890294.0243323,0.0,-3.0,-70.0
1777890294.0343325,0.0,-3.0,-71.0
1777890294.0443325,-3.0,-1.0,-73.0
1777890294.0543325,-5.0,1.0,-69.0
1777890294.0643325,-6.0,1.0,-70.0
1777890294.0743325,-5.0,1.0,-69.0
1777890294.0843325,-7.0,0.0,-69.0
1777890294.0943325,-7.0,-3.0,-75.0
1777890294.1043324,-2.0,-1.0,-73.0
1777890294.1143324,2.0,-3.0,-70.0
1777890294.1243324,0.0,-3.0,-71.0
1777890294.1343324,-3.0,-3.0,-76.0
1777890294.1443324,0.0,-2.0,-73.0
1777890294.1543324,-2.0,-4.0,-74.0
1777890294.1643324,-4.0,-2.0,-71.0
1777890294.1743324,-1.0,0.0,-70.0
1777890294.1843324,4.0,-5.0,-73.0
1777890294.1943324,1.0,-2.0,-70.0
1777890294.2043324,6.0,-2.0,-74.0
1777890294.2143323,8.0,0.0,-75.0
1777890294.2243323,6.0,0.0,-85.0
1777890294.2343323,7.0,0.0,-88.0
1777890294.2443323,5.0,1.0,-81.0
1777890294.2543323,10.0,0.0,-89.0
1777890294.2643323,9.0,0.0,-89.0
1777890294.2743323,7.0,5.0,-82.0
1777890294.2843325,7.0,5.0,-81.0
1777890294.2943325,1.0,8.0,-80.0
1777890294.3043325,-2.0,6.0,-84.0
1777890294.3143325,-2.0,2.0,-82.0
1777890294.3243325,0.0,0.0,-79.0
1777890294.3343325,-3.0,3.0,-73.0
1777890294.3443325,-1.0,0.0,-69.0
1777890294.3543324,-3.0,1.0,-67.0
1777890294.3643324,2.0,3.0,-76.0
1777890294.3743324,3.0,0.0,-80.0
1777890294.3843324,5.0,-3.0,-76.0
1777890294.3943324,4.0,-1.0,-77.0
1777890294.4043324,2.0,-1.0,-76.0
1777890294.4143324,-1.0,-3.0,-68.0
1777890294.4243324,0.0,-3.0,-69.0
1777890294.4343324,5.0,-3.0,-64.0
1777890294.4443324,5.0,-5.0,-68.0
1777890294.4543324,4.0,-5.0,-71.0
1777890294.4643323,0.0,-4.0,-73.0
1777890294.4743323,-1.0,-7.0,-71.0
1777890294.4843323,0.0,-8.0,-75.0
1777890294.4943323,-2.0,-1.0,-77.0
1777890294.5043323,-1.0,-4.0,-78.0
1777890294.5143323,-1.0,-6.0,-79.0
1777890294.5243323,0.0,-7.0,-80.0
1777890294.5343325,-3.0,-2.0,-81.0
1777890294.5443325,-5.0,0.0,-83.0
1777890294.5543325,-5.0,0.0,-83.0
1777890294.5643325,-3.0,2.0,-84.0
1777890294.5743325,-3.0,8.0,-80.0
1777890294.5843325,0.0,7.0,-80.0
1777890294.5943325,0.0,5.0,-79.0
1777890294.6043324,-2.0,5.0,-74.0
1777890294.6143324,-4.0,5.0,-73.0
1777890294.6243324,-6.0,2.0,-74.0
1777890294.6343324,-8.0,1.0,-72.0
1777890294.6443324,-5.0,0.0,-77.0
1777890294.6543324,-9.0,-2.0,-79.0
1777890294.6643324,-9.0,-3.0,-83.0
1777890294.6743324,-3.0,-4.0,-85.0
1777890294.6843324,-2.0,-1.0,-78.0
1777890294.6943324,-3.0,0.0,-77.0
1777890294.7043324,-2.0,3.0,-83.0
1777890294.7143323,1.0,-1.0,-87.0
1777890294.7243323,0.0,-1.0,-81.0
1777890294.7343323,3.0,-3.0,-71.0
1777890294.7443323,4.0,-4.0,-67.0
1777890294.7543323,1.0,-4.0,-65.0
1777890294.7643323,0.0,-1.0,-63.0
1777890294.7743323,0.0,0.0,-66.0
1777890294.7843325,-1.0,5.0,-60.0
1777890294.7943325,-2.0,4.0,-66.0
1777890294.8043325,0.0,0.0,-74.0
1777890294.8143325,-2.0,0.0,-73.0
1777890294.8243325,-2.0,-2.0,-72.0
1777890294.8343325,1.0,1.0,-68.0
1777890294.8443325,5.0,1.0,-72.0
1777890294.8543324,10.0,-4.0,-74.0
1777890294.8643324,7.0,0.0,-77.0
1777890294.8743324,6.0,-1.0,-74.0
1777890294.8843324,3.0,-1.0,-69.0
1777890294.8943324,1.0,1.0,-70.0
1777890294.9043324,2.0,1.0,-73.0
1777890294.9143324,0.0,-2.0,-76.0
1777890294.9243324,0.0,-2.0,-66.0
1777890294.9343324,0.0,-5.0,-66.0
1777890294.9443324,6.0,-4.0,-69.0
1777890294.9543324,9.0,-2.0,-62.0
1777890294.9643323,6.0,-3.0,-65.0
1777890294.9743323,5.0,0.0,-64.0
1777890294.9843323,4.0,1.0,-66.0
1777890294.9943323,0.0,-4.0,-70.0
1777890295.0043323,3.0,-7.0,-68.0
1777890295.0143323,5.0,-6.0,-68.0
1777890295.0243323,3.0,-4.0,-62.0
1777890295.0343325,7.0,-3.0,-61.0
1777890295.0443325,5.0,-5.0,-63.0
1777890295.0543325,2.0,-6.0,-67.0
1777890295.0643325,0.0,-3.0,-69.0
1777890295.0743325,3.0,-5.0,-68.0
1777890295.0843325,2.0,-7.0,-69.0
1777890295.0943325,6.0,-2.0,-65.0
1777890295.1043324,4.0,3.0,-69.0
1777890295.1143324,3.0,4.0,-69.0
1777890295.1243324,1.0,4.0,-63.0
1777890295.1343324,3.0,4.0,-64.0
1777890295.1443324,5.0,1.0,-70.0
1777890295.1543324,9.0,-3.0,-64.0
1777890295.1643324,8.0,-1.0,-67.0
1777890295.1743324,4.0,-1.0,-68.0
1777890295.1843324,0.0,-6.0,-71.0
1777890295.1943324,1.0,-6.0,-71.0
1777890295.2043324,0.0,-4.0,-72.0
1777890295.2143323,1.0,-3.0,-71.0
1777890295.2243323,1.0,-4.0,-67.0
1777890295.2343323,6.0,6.0,-55.0
1777890295.2443323,13.0,4.0,-56.0
1777890295.2543323,11.0,4.0,-57.0
1777890295.2643323,8.0,0.0,-61.0
1777890295.2743323,4.0,2.0,-63.0
1777890295.2843325,2.0,3.0,-68.0
1777890295.2943325,3.0,0.0,-74.0
1777890295.3043325,1.0,-3.0,-75.0
1777890295.3143325,0.0,-3.0,-73.0
1777890295.3243325,-1.0,-2.0,-75.0
1777890295.3343325,0.0,-5.0,-74.0
1777890295.3443325,4.0,-6.0,-77.0
1777890295.3543324,8.0,-4.0,-76.0
1777890295.3643324,8.0,1.0,-76.0
1777890295.3743324,3.0,0.0,-76.0
1777890295.3843324,2.0,-2.0,-69.0
1777890295.3943324,2.0,-2.0,-74.0
1777890295.4043324,2.0,-4.0,-70.0
1777890295.4143324,-1.0,-4.0,-74.0
1777890295.4243324,-4.0,-3.0,-73.0
1777890295.4343324,-4.0,-1.0,-77.0
1777890295.4443324,0.0,-3.0,-76.0
1777890295.4543324,-2.0,-4.0,-75.0
1777890295.4643323,-4.0,-6.0,-70.0
1777890295.4743323,-3.0,-2.0,-78.0
1777890295.4843323,-2.0,-4.0,-74.0
1777890295.4943323,0.0,-5.0,-69.0
1777890295.5043323,0.0,-9.0,-69.0
1777890295.5143323,2.0,-7.0,-68.0
1777890295.5243323,3.0,-6.0,-71.0
1777890295.5343325,2.0,-4.0,-71.0
1777890295.5443325,4.0,0.0,-66.0
1777890295.5543325,0.0,0.0,-72.0
1777890295.5643325,0.0,-1.0,-76.0
1777890295.5743325,-2.0,-3.0,-79.0
1777890295.5843325,-2.0,-4.0,-80.0
1777890295.5943325,0.0,-3.0,-79.0
1777890295.6043324,-3.0,-4.0,-80.0
1777890295.6143324,-2.0,-3.0,-83.0
1777890295.6243324,0.0,-3.0,-79.0
1777890295.6343324,3.0,0.0,-76.0
1777890295.6443324,3.0,-1.0,-85.0
1777890295.6543324,4.0,0.0,-86.0
1777890295.6643324,2.0,0.0,-86.0
1777890295.6743324,-4.0,0.0,-85.0
1777890295.6843324,-3.0,-4.0,-82.0
1777890295.6943324,-4.0,-2.0,-79.0
1777890295.7043324,-2.0,3.0,-79.0
1777890295.7143323,-3.0,-1.0,-80.0
1777890295.7243323,-1.0,-2.0,-77.0
1777890295.7343323,0.0,-2.0,-76.0
1777890295.7443323,-1.0,-2.0,-73.0
1777890295.7543323,0.0,-4.0,-72.0
1777890295.7643323,0.0,-4.0,-69.0
1777890295.7743323,2.0,-3.0,-63.0
1777890295.7843325,2.0,-4.0,-66.0
1777890295.7943325,3.0,-6.0,-69.0
1777890295.8053324,1.0,-3.0,-68.0
1777890295.8143325,0.0,-4.0,-71.0
1777890295.8253324,2.0,-1.0,-78.0
1777890295.8343325,2.0,-5.0,-72.0
1777890295.8453324,8.0,-3.0,-75.0
1777890295.8553324,8.0,-5.0,-80.0
1777890295.8653324,3.0,-5.0,-75.0
1777890295.8753324,-1.0,-5.0,-72.0
1777890295.8853323,2.0,-8.0,-70.0
1777890295.8953323,3.0,-3.0,-70.0
1777890295.9053323,0.0,0.0,-67.0
1777890295.9153323,3.0,0.0,-70.0
1777890295.9253323,9.0,0.0,-72.0
1777890295.9353323,9.0,-2.0,-74.0
1777890295.9453323,13.0,-6.0,-74.0
1777890295.9553325,12.0,-6.0,-81.0
1777890295.9653325,9.0,-3.0,-78.0
1777890295.9753325,10.0,-3.0,-66.0
1777890295.9853325,9.0,-2.0,-62.0
1777890295.9953325,8.0,-1.0,-65.0
1777890296.0053325,7.0,1.0,-64.0
1777890296.0153325,6.0,1.0,-66.0
1777890296.0253325,5.0,0.0,-67.0
1777890296.0353324,4.0,0.0,-72.0
1777890296.0453324,6.0,3.0,-76.0
1777890296.0553324,4.0,0.0,-73.0
1777890296.0653324,6.0,4.0,-72.0
1777890296.0753324,5.0,3.0,-63.0
1777890296.0853324,2.0,0.0,-61.0
1777890296.0953324,3.0,-1.0,-62.0
1777890296.1053324,8.0,-3.0,-64.0
1777890296.1153324,4.0,-1.0,-66.0
1777890296.1253324,4.0,1.0,-70.0
1777890296.1353323,2.0,1.0,-73.0
1777890296.1453323,2.0,-2.0,-81.0
1777890296.1553323,4.0,0.0,-74.0
1777890296.1653323,5.0,-3.0,-71.0
1777890296.1753323,10.0,-6.0,-78.0
1777890296.1853323,8.0,-4.0,-75.0
1777890296.1953323,7.0,-4.0,-73.0
1777890296.2053325,6.0,-4.0,-76.0
1777890296.2153325,2.0,-4.0,-72.0
1777890296.2253325,0.0,-6.0,-72.0
1777890296.2353325,-3.0,-4.0,-76.0
1777890296.2453325,0.0,-2.0,-79.0
1777890296.2553325,3.0,1.0,-85.0
1777890296.2653325,-1.0,3.0,-78.0
1777890296.2753325,-3.0,3.0,-74.0
1777890296.2853324,0.0,1.0,-69.0
1777890296.2953324,4.0,0.0,-64.0
1777890296.3053324,2.0,-3.0,-65.0
1777890296.3153324,2.0,0.0,-61.0
1777890296.3253324,3.0,1.0,-65.0
1777890296.3353324,3.0,0.0,-72.0
1777890296.3453324,2.0,2.0,-79.0
1777890296.3553324,1.0,-4.0,-79.0
1777890296.3653324,1.0,-5.0,-71.0
1777890296.3753324,-3.0,-6.0,-67.0
1777890296.3853323,-2.0,-5.0,-68.0
1777890296.3953323,0.0,-7.0,-70.0
1777890296.4053323,0.0,-9.0,-72.0
1777890296.4153323,2.0,-8.0,-60.0
1777890296.4253323,2.0,-6.0,-65.0
1777890296.4353323,0.0,-6.0,-69.0
1777890296.4453323,-3.0,-7.0,-71.0
1777890296.4553325,-4.0,-8.0,-69.0
1777890296.4653325,-3.0,-10.0,-72.0
1777890296.4753325,0.0,-10.0,-76.0
1777890296.4853325,1.0,-13.0,-76.0
1777890296.4953325,3.0,-8.0,-71.0
1777890296.5053325,1.0,-7.0,-73.0
1777890296.5153325,0.0,-8.0,-71.0
1777890296.5253325,1.0,-8.0,-71.0
1777890296.5353324,4.0,-4.0,-80.0
1777890296.5453324,-1.0,-5.0,-71.0
1777890296.5553324,0.0,-2.0,-65.0
1777890296.5653324,-2.0,-1.0,-61.0
1777890296.5753324,0.0,0.0,-61.0
1777890296.5853324,2.0,1.0,-64.0
1777890296.5953324,7.0,-3.0,-64.0
1777890296.6053324,5.0,-2.0,-65.0
1777890296.6153324,5.0,-2.0,-64.0
1777890296.6253324,-2.0,0.0,-70.0
1777890296.6353323,-6.0,5.0,-78.0
1777890296.6453323,-5.0,2.0,-80.0
1777890296.6553323,-8.0,3.0,-79.0
1777890296.6653323,-7.0,8.0,-73.0
1777890296.6753323,-1.0,7.0,-78.0
1777890296.6853323,0.0,3.0,-77.0
1777890296.6953323,-4.0,2.0,-75.0
1777890296.7053325,2.0,1.0,-74.0
1777890296.7153325,8.0,1.0,-74.0
1777890296.7253325,6.0,-3.0,-80.0
1777890296.7353325,4.0,-4.0,-82.0
1777890296.7453325,3.0,-5.0,-86.0
1777890296.7553325,7.0,-7.0,-82.0
1777890296.7653325,6.0,-6.0,-81.0
1777890296.7753325,0.0,-7.0,-84.0
1777890296.7853324,-3.0,-1.0,-84.0
1777890296.7953324,0.0,-1.0,-84.0
1777890296.8053324,0.0,-6.0,-82.0
1777890296.8153324,9.0,-4.0,-80.0
1777890296.8253324,8.0,-2.0,-79.0
1777890296.8353324,7.0,2.0,-78.0
1777890296.8453324,6.0,5.0,-81.0
1777890296.8553324,7.0,2.0,-83.0
1777890296.8653324,3.0,2.0,-87.0
1777890296.8753324,0.0,4.0,-84.0
1777890296.8853323,5.0,2.0,-84.0
1777890296.8953323,5.0,1.0,-89.0
1777890296.9053323,6.0,1.0,-90.0
1777890296.9153323,6.0,3.0,-82.0
1777890296.9253323,5.0,2.0,-82.0
1777890296.9353323,3.0,1.0,-69.0
1777890296.9453323,0.0,-2.0,-71.0
1777890296.9553325,1.0,-3.0,-76.0
1777890296.9653325,5.0,-4.0,-77.0
1777890296.9753325,4.0,-5.0,-77.0
1777890296.9853325,1.0,-2.0,-78.0
1777890296.9953325,1.0,-2.0,-83.0
1777890297.0053325,4.0,-3.0,-76.0
1777890297.0153325,4.0,1.0,-78.0
1777890297.0253325,7.0,3.0,-81.0
1777890297.0353324,3.0,1.0,-89.0
1777890297.0453324,2.0,3.0,-91.0
1777890297.0553324,0.0,3.0,-84.0
1777890297.0653324,0.0,6.0,-79.0
1777890297.0753324,0.0,1.0,-78.0
1777890297.0853324,0.0,2.0,-73.0
1777890297.0953324,0.0,0.0,-72.0
1777890297.1053324,3.0,-2.0,-74.0
1777890297.1153324,2.0,-4.0,-83.0
1777890297.1253324,1.0,-5.0,-82.0
1777890297.1353323,7.0,-6.0,-72.0
1777890297.1453323,12.0,-2.0,-75.0
1777890297.1553323,10.0,-4.0,-81.0
1777890297.1653323,7.0,-8.0,-78.0
1777890297.1753323,0.0,-7.0,-73.0
1777890297.1853323,0.0,-7.0,-77.0
1777890297.1953323,0.0,-4.0,-75.0
1777890297.2053325,-1.0,-7.0,-69.0
1777890297.2153325,1.0,-5.0,-64.0
1777890297.2253325,2.0,-8.0,-66.0
1777890297.2353325,2.0,-6.0,-66.0
1777890297.2453325,1.0,-4.0,-63.0
1777890297.2553325,4.0,-4.0,-62.0
1777890297.2653325,3.0,-7.0,-62.0
1777890297.2753325,0.0,-6.0,-58.0
1777890297.2853324,0.0,-5.0,-58.0
1777890297.2953324,4.0,-6.0,-67.0
1777890297.3053324,4.0,-5.0,-69.0
1777890297.3153324,3.0,-5.0,-73.0
1777890297.3253324,4.0,-6.0,-78.0
1777890297.3353324,8.0,-7.0,-75.0
1777890297.3453324,3.0,-3.0,-70.0
1777890297.3553324,3.0,-2.0,-67.0
1777890297.3653324,-1.0,-1.0,-67.0
1777890297.3753324,-1.0,-8.0,-73.0
1777890297.3853323,0.0,-10.0,-79.0
1777890297.3953323,1.0,-5.0,-82.0
1777890297.4053323,0.0,-5.0,-82.0
1777890297.4153323,0.0,-1.0,-88.0
1777890297.4253323,2.0,-6.0,-82.0
1777890297.4353323,1.0,-4.0,-80.0
1777890297.4453323,-3.0,2.0,-83.0
1777890297.4553325,-4.0,2.0,-77.0
1777890297.4653325,0.0,0.0,-83.0
1777890297.4753325,0.0,-1.0,-82.0
1777890297.4853325,0.0,-1.0,-82.0
1777890297.4953325,2.0,-1.0,-78.0
1777890297.5053325,6.0,-2.0,-76.0
1777890297.5153325,6.0,-4.0,-80.0
1777890297.5253325,3.0,-5.0,-77.0
1777890297.5353324,0.0,-4.0,-86.0
1777890297.5453324,-5.0,-2.0,-85.0
1777890297.5553324,-3.0,-1.0,-84.0
1777890297.5653324,-4.0,0.0,-85.0
1777890297.5753324,-3.0,-1.0,-81.0
1777890297.5853324,-1.0,-4.0,-80.0
1777890297.5953324,-1.0,0.0,-75.0
1777890297.6053324,2.0,0.0,-72.0
1777890297.6153324,0.0,0.0,-75.0
1777890297.6253324,-1.0,-1.0,-72.0
1777890297.6353323,0.0,1.0,-77.0
1777890297.6453323,2.0,2.0,-75.0
1777890297.6553323,2.0,0.0,-65.0
1777890297.6653323,4.0,-1.0,-69.0
1777890297.6753323,2.0,-5.0,-67.0
1777890297.6853323,1.0,-1.0,-71.0
1777890297.6953323,2.0,-1.0,-68.0
1777890297.7053325,1.0,0.0,-65.0
1777890297.7153325,-1.0,-3.0,-66.0
1777890297.7253325,-3.0,-3.0,-65.0
1777890297.7353325,-5.0,-5.0,-70.0
1777890297.7453325,-3.0,-7.0,-73.0
1777890297.7553325,-3.0,-7.0,-77.0
1777890297.7653325,-7.0,-6.0,-73.0
1777890297.7753325,-5.0,-7.0,-73.0
1777890297.7853324,0.0,-4.0,-72.0
1777890297.7953324,-1.0,3.0,-74.0
1777890297.8053324,0.0,3.0,-71.0
1777890297.8163323,0.0,2.0,-72.0
1777890297.8263323,2.0,-1.0,-69.0
1777890297.8363323,6.0,-2.0,-69.0
1777890297.8463323,4.0,-2.0,-76.0
1777890297.8563323,7.0,-2.0,-82.0
1777890297.8663323,8.0,-3.0,-88.0
1777890297.8763323,9.0,0.0,-92.0
1777890297.8863325,8.0,-4.0,-88.0
1777890297.8963325,8.0,-4.0,-90.0
1777890297.9063325,6.0,-10.0,-82.0
1777890297.9163325,5.0,-7.0,-74.0
1777890297.9263325,1.0,-5.0,-71.0
1777890297.9363325,0.0,0.0,-70.0
1777890297.9463325,2.0,0.0,-70.0
1777890297.9563324,2.0,-3.0,-72.0
1777890297.9663324,-3.0,-3.0,-68.0
1777890297.9763324,-6.0,-3.0,-65.0
1777890297.9863324,-7.0,-2.0,-68.0
1777890297.9963324,-1.0,-1.0,-72.0
1777890298.0063324,-1.0,0.0,-82.0
1777890298.0163324,0.0,-5.0,-77.0
1777890298.0263324,3.0,-3.0,-77.0
1777890298.0363324,0.0,-6.0,-77.0
1777890298.0463324,0.0,-4.0,-79.0
1777890298.0563323,0.0,-3.0,-75.0
1777890298.0663323,-3.0,-1.0,-81.0
1777890298.0763323,-3.0,0.0,-78.0
1777890298.0863323,-5.0,1.0,-74.0
1777890298.0963323,-1.0,2.0,-74.0
1777890298.1063323,-2.0,3.0,-75.0
1777890298.1163323,-1.0,5.0,-79.0
1777890298.1263323,-1.0,2.0,-86.0
1777890298.1363325,0.0,1.0,-87.0
1777890298.1463325,0.0,0.0,-92.0
1777890298.1563325,2.0,-4.0,-89.0
1777890298.1663325,1.0,-6.0,-85.0
1777890298.1763325,1.0,-5.0,-81.0
1777890298.1863325,-4.0,-4.0,-79.0
1777890298.1963325,-3.0,-4.0,-80.0
1777890298.2063324,-4.0,-6.0,-77.0
1777890298.2163324,0.0,-6.0,-74.0
1777890298.2263324,-1.0,-3.0,-71.0
1777890298.2363324,2.0,-2.0,-77.0
1777890298.2463324,2.0,-4.0,-75.0
1777890298.2563324,1.0,-5.0,-78.0
1777890298.2663324,0.0,-2.0,-79.0
1777890298.2763324,2.0,-3.0,-81.0
1777890298.2863324,-1.0,-2.0,-72.0
1777890298.2963324,-2.0,-3.0,-74.0
1777890298.3063323,2.0,-9.0,-76.0
1777890298.3163323,0.0,-8.0,-77.0
1777890298.3263323,-7.0,-9.0,-78.0
1777890298.3363323,-1.0,-4.0,-81.0
1777890298.3463323,1.0,-1.0,-81.0
1777890298.3563323,2.0,0.0,-82.0
1777890298.3663323,2.0,-2.0,-77.0
1777890298.3763323,-5.0,-3.0,-79.0
1777890298.3863325,-4.0,-1.0,-76.0
1777890298.3963325,-4.0,1.0,-78.0
1777890298.4063325,-6.0,1.0,-84.0
1777890298.4163325,-4.0,0.0,-85.0
1777890298.4263325,-3.0,0.0,-76.0
1777890298.4363325,-1.0,-3.0,-77.0
1777890298.4463325,-2.0,-1.0,-76.0
1777890298.4563324,0.0,-4.0,-73.0
1777890298.4663324,-2.0,-5.0,-69.0
1777890298.4763324,-6.0,-5.0,-72.0
1777890298.4863324,-9.0,0.0,-71.0
1777890298.4963324,-9.0,-4.0,-71.0
1777890298.5063324,-5.0,-4.0,-77.0
1777890298.5163324,-4.0,-4.0,-75.0
1777890298.5263324,-2.0,-4.0,-72.0
1777890298.5363324,1.0,-5.0,-74.0
1777890298.5463324,0.0,-6.0,-79.0
1777890298.5563323,0.0,-4.0,-81.0
1777890298.5663323,-1.0,-5.0,-79.0
1777890298.5763323,0.0,-7.0,-75.0
1777890298.5863323,0.0,-5.0,-70.0
1777890298.5963323,0.0,-6.0,-66.0
1777890298.6063323,-4.0,-3.0,-74.0
1777890298.6163323,-3.0,-2.0,-70.0
1777890298.6263323,2.0,-5.0,-70.0
1777890298.6363325,6.0,-4.0,-65.0
1777890298.6463325,3.0,-9.0,-63.0
1777890298.6563325,-1.0,-4.0,-60.0
1777890298.6663325,-1.0,-5.0,-63.0
1777890298.6763325,2.0,-6.0,-62.0
1777890298.6863325,-1.0,-3.0,-60.0
1777890298.6963325,-4.0,0.0,-67.0
1777890298.7063324,-2.0,0.0,-71.0
1777890298.7163324,0.0,-4.0,-74.0
1777890298.7263324,2.0,-2.0,-71.0
1777890298.7363324,2.0,-2.0,-79.0
1777890298.7463324,4.0,0.0,-76.0
1777890298.7563324,1.0,0.0,-74.0
1777890298.7663324,-3.0,-2.0,-78.0
1777890298.7763324,-2.0,0.0,-73.0
1777890298.7863324,-1.0,0.0,-69.0
1777890298.7963324,-2.0,-4.0,-75.0
1777890298.8063323,-4.0,-2.0,-73.0
1777890298.8163323,-2.0,0.0,-76.0
1777890298.8263323,1.0,-4.0,-80.0
1777890298.8363323,-1.0,-7.0,-79.0
1777890298.8463323,-2.0,-7.0,-75.0
1777890298.8563323,0.0,-3.0,-68.0
1777890298.8663323,0.0,-9.0,-70.0
1777890298.8763323,0.0,-9.0,-74.0
1777890298.8863325,2.0,-8.0,-86.0
1777890298.8963325,2.0,-6.0,-76.0
1777890298.9063325,-1.0,-5.0,-78.0
1777890298.9163325,-4.0,-6.0,-73.0
1777890298.9263325,-2.0,-8.0,-73.0
1777890298.9363325,-3.0,-7.0,-73.0
1777890298.9463325,2.0,-3.0,-85.0
1777890298.9563324,3.0,-1.0,-79.0
1777890298.9663324,0.0,1.0,-72.0
1777890298.9763324,0.0,-5.0,-74.0
1777890298.9863324,0.0,-3.0,-78.0
1777890298.9963324,-2.0,-4.0,-77.0
1777890299.0063324,-1.0,-6.0,-74.0
1777890299.0163324,-3.0,-7.0,-74.0
1777890299.0263324,-3.0,-6.0,-72.0
1777890299.0363324,-3.0,-4.0,-78.0
1777890299.0463324,-3.0,-3.0,-79.0
1777890299.0563323,-3.0,-4.0,-77.0
1777890299.0663323,-3.0,-3.0,-81.0
1777890299.0763323,-1.0,-2.0,-80.0
1777890299.0863323,3.0,-4.0,-80.0
1777890299.0963323,6.0,-4.0,-80.0
1777890299.1063323,5.0,-5.0,-80.0
1777890299.1163323,4.0,-4.0,-83.0
1777890299.1263323,0.0,-3.0,-78.0
1777890299.1363325,-1.0,-5.0,-81.0
1777890299.1463325,-1.0,-2.0,-85.0
1777890299.1563325,0.0,-7.0,-83.0
1777890299.1663325,0.0,-8.0,-81.0
1777890299.1763325,0.0,-3.0,-74.0
1777890299.1863325,-2.0,-5.0,-70.0
1777890299.1963325,0.0,-4.0,-72.0
1777890299.2063324,0.0,0.0,-71.0
1777890299.2163324,3.0,1.0,-66.0
1777890299.2263324,-1.0,-1.0,-72.0
1777890299.2363324,-4.0,-1.0,-69.0
1777890299.2463324,-2.0,-1.0,-71.0
1777890299.2563324,-1.0,1.0,-71.0
1777890299.2663324,4.0,1.0,-72.0
1777890299.2763324,0.0,-1.0,-75.0
1777890299.2863324,1.0,-3.0,-74.0
1777890299.2963324,1.0,-2.0,-74.0
1777890299.3063323,5.0,-3.0,-76.0
1777890299.3163323,0.0,-1.0,-80.0
1777890299.3263323,4.0,0.0,-86.0
1777890299.3363323,6.0,2.0,-81.0
1777890299.3463323,5.0,1.0,-78.0
1777890299.3563323,2.0,0.0,-77.0
1777890299.3663323,6.0,3.0,-76.0
1777890299.3763323,6.0,-1.0,-73.0
1777890299.3863325,5.0,-2.0,-77.0
1777890299.3963325,4.0,-7.0,-75.0
1777890299.4063325,5.0,-5.0,-71.0
1777890299.4163325,1.0,-3.0,-69.0
1777890299.4263325,-3.0,-4.0,-64.0
1777890299.4363325,-5.0,-6.0,-61.0
1777890299.4463325,-3.0,-6.0,-65.0
1777890299.4563324,-3.0,-5.0,-66.0
1777890299.4663324,-2.0,0.0,-75.0
1777890299.4763324,-2.0,-4.0,-79.0
1777890299.4863324,-2.0,-5.0,-78.0
1777890299.4963324,-1.0,-5.0,-74.0
1777890299.5063324,-2.0,-6.0,-69.0
1777890299.5163324,-4.0,-9.0,-65.0
1777890299.5263324,-4.0,-8.0,-60.0
1777890299.5363324,-6.0,-3.0,-61.0
1777890299.5463324,-5.0,-3.0,-63.0
1777890299.5563323,-5.0,-5.0,-61.0
1777890299.5663323,-6.0,-3.0,-65.0
1777890299.5763323,-4.0,-6.0,-73.0
1777890299.5863323,-10.0,-5.0,-79.0
1777890299.5963323,-9.0,-3.0,-80.0
1777890299.6063323,-7.0,1.0,-81.0
1777890299.6163323,-2.0,0.0,-79.0
1777890299.6263323,-2.0,-3.0,-81.0
1777890299.6363325,-2.0,0.0,-81.0
1777890299.6463325,0.0,0.0,-80.0
1777890299.6563325,-4.0,1.0,-81.0
1777890299.6663325,-8.0,3.0,-78.0
1777890299.6763325,-7.0,1.0,-80.0
1777890299.6863325,-5.0,0.0,-78.0
1777890299.6963325,-5.0,0.0,-77.0
1777890299.7063324,-8.0,0.0,-74.0
1777890299.7163324,-4.0,-2.0,-86.0
1777890299.7263324,-2.0,-3.0,-82.0
1777890299.7363324,-1.0,1.0,-77.0
1777890299.7463324,1.0,1.0,-75.0
1777890299.7563324,0.0,1.0,-74.0
1777890299.7673323,0.0,-1.0,-73.0
1777890299.7763324,-3.0,-2.0,-76.0
1777890299.7873323,-3.0,-1.0,-78.0
1777890299.7973323,-3.0,-4.0,-78.0
1777890299.8073325,-5.0,-9.0,-81.0
1777890299.8173325,-4.0,-6.0,-81.0
1777890299.8273325,-6.0,-4.0,-85.0
1777890299.8373325,-3.0,-3.0,-84.0
1777890299.8473325,-2.0,-2.0,-74.0
1777890299.8573325,0.0,-4.0,-83.0
1777890299.8673325,0.0,-4.0,-81.0
1777890299.8773324,0.0,-4.0,-76.0
1777890299.8873324,3.0,-4.0,-78.0
1777890299.8973324,1.0,-3.0,-75.0
1777890299.9073324,1.0,-3.0,-70.0
1777890299.9173324,4.0,-4.0,-67.0
1777890299.9273324,5.0,-4.0,-63.0
1777890299.9373324,4.0,-5.0,-63.0
1777890299.9473324,4.0,0.0,-69.0
1777890299.9573324,1.0,-2.0,-78.0
1777890299.9673324,0.0,-2.0,-71.0
1777890299.9773324,1.0,-4.0,-72.0
1777890299.9873323,4.0,-1.0,-70.0
1777890299.9973323,6.0,-3.0,-71.0
1777890300.0073323,5.0,-2.0,-72.0
1777890300.0173323,5.0,-3.0,-73.0
1777890300.0273323,3.0,-6.0,-72.0
1777890300.0373323,2.0,-4.0,-77.0
1777890300.0473323,5.0,-6.0,-76.0
1777890300.0573325,5.0,-7.0,-80.0
1777890300.0673325,4.0,-2.0,-73.0
1777890300.0773325,1.0,0.0,-72.0
1777890300.0873325,3.0,0.0,-76.0
1777890300.0973325,0.0,2.0,-82.0
1777890300.1073325,1.0,3.0,-78.0
1777890300.1173325,0.0,0.0,-74.0
1777890300.1273324,-2.0,0.0,-76.0
1777890300.1373324,0.0,1.0,-71.0
1777890300.1473324,-2.0,1.0,-71.0
1777890300.1573324,-4.0,0.0,-66.0
1777890300.1673324,-5.0,-3.0,-69.0
1777890300.1773324,0.0,0.0,-80.0
1777890300.1873324,0.0,-2.0,-84.0
1777890300.1973324,10.0,-1.0,-80.0
1777890300.2073324,7.0,-1.0,-72.0
1777890300.2173324,4.0,-4.0,-78.0
1777890300.2273324,7.0,-5.0,-80.0
1777890300.2373323,6.0,-3.0,-87.0
1777890300.2473323,3.0,0.0,-87.0
1777890300.2573323,0.0,0.0,-85.0
1777890300.2673323,2.0,-2.0,-84.0
1777890300.2773323,1.0,-2.0,-84.0
1777890300.2873323,4.0,0.0,-81.0
1777890300.2973323,4.0,7.0,-73.0
1777890300.3073325,3.0,6.0,-71.0
1777890300.3173325,2.0,4.0,-74.0
1777890300.3273325,0.0,0.0,-77.0
1777890300.3373325,-1.0,-6.0,-82.0
1777890300.3473325,-1.0,-8.0,-78.0
1777890300.3573325,-1.0,-7.0,-79.0
1777890300.3673325,-3.0,-6.0,-71.0
1777890300.3773324,-3.0,-6.0,-73.0
1777890300.3873324,5.0,-3.0,-72.0
1777890300.3973324,7.0,-1.0,-71.0
1777890300.4073324,3.0,-4.0,-64.0
1777890300.4173324,2.0,-4.0,-65.0
1777890300.4273324,-1.0,-3.0,-64.0
1777890300.4373324,-1.0,-2.0,-61.0
1777890300.4473324,0.0,-1.0,-57.0
1777890300.4573324,3.0,-1.0,-70.0
1777890300.4673324,1.0,5.0,-71.0
1777890300.4773324,4.0,4.0,-69.0
1777890300.4873323,0.0,3.0,-68.0
1777890300.4973323,-4.0,1.0,-69.0
1777890300.5073323,-5.0,1.0,-75.0
1777890300.5173323,-2.0,1.0,-77.0
1777890300.5273323,-2.0,-2.0,-80.0
1777890300.5373323,0.0,-3.0,-73.0
1777890300.5473323,1.0,-3.0,-78.0
1777890300.5573325,0.0,-1.0,-80.0
1777890300.5673325,4.0,-3.0,-76.0
1777890300.5773325,3.0,-3.0,-78.0
1777890300.5873325,4.0,-4.0,-77.0
1777890300.5973325,2.0,-2.0,-75.0
1777890300.6073325,7.0,-3.0,-79.0
1777890300.6173325,12.0,-1.0,-84.0
1777890300.6273324,9.0,-3.0,-85.0
1777890300.6373324,8.0,-5.0,-85.0
1777890300.6473324,7.0,-7.0,-73.0
1777890300.6573324,9.0,-4.0,-63.0
1777890300.6673324,11.0,0.0,-59.0
1777890300.6773324,11.0,-1.0,-58.0
1777890300.6873324,11.0,-1.0,-72.0
1777890300.6973324,7.0,-3.0,-74.0
1777890300.7073324,1.0,-4.0,-74.0
1777890300.7173324,-1.0,-2.0,-74.0
1777890300.7273324,-2.0,-4.0,-78.0
1777890300.7373323,-1.0,-2.0,-78.0
1777890300.7473323,-1.0,-3.0,-77.0
1777890300.7573323,1.0,0.0,-82.0
1777890300.7673323,8.0,-4.0,-76.0
1777890300.7773323,8.0,-2.0,-72.0
1777890300.7873323,8.0,-3.0,-78.0
1777890300.7973323,3.0,-3.0,-72.0
1777890300.8073325,0.0,0.0,-77.0
1777890300.8173325,-2.0,-2.0,-75.0
1777890300.8273325,-3.0,-3.0,-73.0
1777890300.8373325,-8.0,-1.0,-69.0
1777890300.8473325,-7.0,-2.0,-70.0
1777890300.8573325,-5.0,-5.0,-71.0
1777890300.8673325,-2.0,-6.0,-77.0
1777890300.8773324,0.0,-3.0,-80.0
1777890300.8873324,0.0,-2.0,-80.0
1777890300.8973324,0.0,-2.0,-77.0
1777890300.9073324,0.0,-3.0,-77.0
1777890300.9173324,3.0,-7.0,-78.0
1777890300.9273324,6.0,-1.0,-82.0
1777890300.9373324,5.0,1.0,-83.0
1777890300.9473324,1.0,1.0,-78.0
1777890300.9573324,2.0,-1.0,-77.0
1777890300.9673324,1.0,-6.0,-71.0
1777890300.9773324,3.0,-10.0,-66.0
1777890300.9873323,0.0,-7.0,-64.0
1777890300.9973323,0.0,-5.0,-64.0
1777890301.0073323,3.0,-3.0,-63.0
1777890301.0173323,3.0,1.0,-59.0
1777890301.0273323,6.0,2.0,-63.0
1777890301.0373323,3.0,4.0,-66.0
1777890301.0473323,1.0,3.0,-66.0
1777890301.0573325,-4.0,0.0,-74.0
1777890301.0673325,-8.0,0.0,-76.0
1777890301.0773325,-8.0,1.0,-80.0
1777890301.0873325,-5.0,3.0,-73.0
1777890301.0973325,-5.0,6.0,-72.0
1777890301.1073325,-1.0,4.0,-71.0
1777890301.1173325,0.0,1.0,-73.0
1777890301.1273324,0.0,3.0,-75.0
1777890301.1373324,-2.0,3.0,-78.0
1777890301.1473324,-2.0,1.0,-77.0
1777890301.1573324,0.0,0.0,-71.0
1777890301.1673324,-1.0,2.0,-69.0
1777890301.1773324,1.0,-1.0,-67.0
1777890301.1873324,1.0,-2.0,-64.0
1777890301.1973324,0.0,-2.0,-70.0
1777890301.2073324,1.0,-2.0,-73.0
1777890301.2173324,-1.0,0.0,-74.0
1777890301.2273324,0.0,1.0,-75.0
1777890301.2373323,0.0,1.0,-73.0
1777890301.2473323,-1.0,0.0,-66.0
1777890301.2573323,-1.0,-6.0,-60.0
1777890301.2673323,-6.0,-10.0,-59.0
1777890301.2773323,0.0,-8.0,-66.0
1777890301.2873323,0.0,-6.0,-66.0
1777890301.2973323,0.0,-7.0,-71.0
1777890301.3073325,-3.0,-2.0,-70.0
1777890301.3173325,0.0,0.0,-72.0
1777890301.3273325,-1.0,-2.0,-74.0
1777890301.3373325,1.0,3.0,-71.0
1777890301.3473325,-2.0,1.0,-71.0
1777890301.3573325,-3.0,-2.0,-71.0
1777890301.3673325,-2.0,0.0,-65.0
1777890301.3773324,-4.0,-5.0,-67.0
1777890301.3873324,-7.0,-5.0,-72.0
1777890301.3973324,-12.0,-1.0,-73.0
1777890301.4073324,-13.0,0.0,-69.0
1777890301.4173324,-9.0,0.0,-75.0
1777890301.4273324,-7.0,-1.0,-79.0
1777890301.4373324,-2.0,-1.0,-74.0
1777890301.4473324,3.0,0.0,-70.0
1777890301.4573324,5.0,0.0,-68.0
1777890301.4673324,5.0,0.0,-77.0
1777890301.4773324,3.0,-1.0,-73.0
1777890301.4873323,6.0,-2.0,-75.0
1777890301.4973323,2.0,-3.0,-74.0
1777890301.5073323,4.0,1.0,-72.0
1777890301.5173323,2.0,0.0,-70.0
1777890301.5273323,7.0,-6.0,-71.0
1777890301.5373323,1.0,-6.0,-76.0
1777890301.5473323,3.0,-7.0,-81.0
1777890301.5573325,1.0,-10.0,-78.0
1777890301.5673325,-2.0,-7.0,-78.0
1777890301.5773325,-5.0,-5.0,-75.0
1777890301.5873325,-1.0,-6.0,-76.0
1777890301.5973325,2.0,-4.0,-68.0
1777890301.6073325,3.0,-4.0,-68.0
1777890301.6173325,2.0,-1.0,-71.0
1777890301.6273324,0.0,1.0,-72.0
1777890301.6373324,2.0,0.0,-66.0
1777890301.6473324,2.0,2.0,-67.0
1777890301.6573324,1.0,2.0,-72.0
1777890301.6673324,3.0,5.0,-76.0
1777890301.6773324,0.0,5.0,-75.0
1777890301.6873324,0.0,3.0,-76.0
1777890301.6973324,-2.0,4.0,-80.0
1777890301.7073324,0.0,4.0,-86.0
1777890301.7173324,-4.0,4.0,-86.0
1777890301.7273324,-4.0,4.0,-82.0
1777890301.7373323,-5.0,4.0,-80.0
1777890301.7473323,-7.0,2.0,-72.0
1777890301.7573323,-3.0,0.0,-72.0
1777890301.7683325,-1.0,0.0,-80.0
1777890301.7773323,-1.0,0.0,-79.0
1777890301.7883325,0.0,-2.0,-76.0
1777890301.7983325,-3.0,-2.0,-79.0
1777890301.8083324,-5.0,0.0,-83.0
1777890301.8183324,-6.0,0.0,-78.0
1777890301.8283324,-9.0,0.0,-77.0
1777890301.8383324,-5.0,-1.0,-78.0
1777890301.8483324,-6.0,-2.0,-84.0
1777890301.8583324,-6.0,-7.0,-77.0
1777890301.8683324,-5.0,-5.0,-77.0
1777890301.8783324,-2.0,-6.0,-78.0
1777890301.8883324,2.0,-4.0,-65.0
1777890301.8983324,5.0,-3.0,-62.0
1777890301.9083323,3.0,-4.0,-67.0
1777890301.9183323,0.0,-4.0,-75.0
1777890301.9283323,2.0,-1.0,-73.0
1777890301.9383323,0.0,-5.0,-74.0
1777890301.9483323,4.0,-5.0,-75.0
1777890301.9583323,-2.0,-5.0,-68.0
1777890301.9683323,-4.0,-3.0,-76.0
1777890301.9783323,-6.0,-6.0,-78.0
1777890301.9883325,-5.0,-3.0,-75.0
1777890301.9983325,2.0,-4.0,-76.0
1777890302.0083325,1.0,-3.0,-73.0
1777890302.0183325,4.0,-5.0,-73.0
1777890302.0283325,3.0,-4.0,-78.0
1777890302.0383325,6.0,-6.0,-69.0
1777890302.0483325,2.0,-10.0,-67.0
1777890302.0583324,-2.0,-8.0,-67.0
1777890302.0683324,0.0,-11.0,-71.0
1777890302.0783324,1.0,-12.0,-72.0
1777890302.0883324,1.0,-11.0,-67.0
1777890302.0983324,1.0,-6.0,-64.0
1777890302.1083324,3.0,-4.0,-65.0
1777890302.1183324,2.0,-7.0,-78.0
1777890302.1283324,5.0,-4.0,-79.0
1777890302.1383324,6.0,-4.0,-83.0
1777890302.1483324,8.0,0.0,-83.0
1777890302.1583323,4.0,3.0,-81.0
1777890302.1683323,3.0,8.0,-74.0
1777890302.1783323,0.0,10.0,-74.0
1777890302.1883323,-3.0,6.0,-69.0
1777890302.1983323,-5.0,5.0,-68.0
1777890302.2083323,-5.0,1.0,-70.0
1777890302.2183323,-2.0,-2.0,-75.0
1777890302.2283323,-2.0,-2.0,-77.0
1777890302.2383325,1.0,-1.0,-80.0
1777890302.2483325,3.0,0.0,-79.0
1777890302.2583325,4.0,-2.0,-78.0
1777890302.2683325,5.0,-5.0,-76.0
1777890302.2783325,4.0,-4.0,-76.0
1777890302.2883325,1.0,-3.0,-77.0
1777890302.2983325,1.0,-1.0,-78.0
1777890302.3083324,-2.0,-3.0,-77.0
1777890302.3183324,-2.0,-2.0,-73.0
1777890302.3283324,-2.0,-4.0,-76.0
1777890302.3383324,-3.0,-2.0,-76.0
1777890302.3483324,-2.0,-5.0,-71.0
1777890302.3583324,-3.0,-3.0,-72.0
1777890302.3683324,0.0,-1.0,-65.0
1777890302.3783324,-2.0,-1.0,-75.0
1777890302.3883324,-9.0,-5.0,-75.0
1777890302.3983324,-6.0,-3.0,-76.0
1777890302.4083323,0.0,-2.0,-77.0
1777890302.4183323,0.0,-3.0,-74.0
1777890302.4283323,-4.0,1.0,-72.0
1777890302.4383323,-7.0,5.0,-77.0
1777890302.4483323,-10.0,6.0,-79.0
1777890302.4583323,-7.0,7.0,-70.0
1777890302.4683323,-1.0,5.0,-72.0
1777890302.4783323,-2.0,6.0,-76.0
1777890302.4883325,-3.0,7.0,-77.0
1777890302.4983325,-2.0,4.0,-78.0
1777890302.5083325,-3.0,3.0,-73.0
1777890302.5183325,-4.0,7.0,-68.0
1777890302.5283325,-1.0,7.0,-67.0
1777890302.5383325,-1.0,4.0,-65.0
1777890302.5483325,1.0,4.0,-68.0
1777890302.5583324,3.0,5.0,-68.0
1777890302.5683324,1.0,4.0,-62.0
1777890302.5783324,0.0,4.0,-61.0
1777890302.5883324,0.0,-2.0,-66.0
1777890302.5983324,1.0,0.0,-63.0
1777890302.6083324,-1.0,-1.0,-63.0
1777890302.6183324,-5.0,0.0,-68.0
1777890302.6283324,-2.0,-2.0,-75.0
1777890302.6383324,0.0,-1.0,-77.0
1777890302.6483324,0.0,-6.0,-82.0
1777890302.6583323,0.0,-7.0,-79.0
1777890302.6683323,-2.0,-5.0,-71.0
1777890302.6783323,5.0,-6.0,-74.0
1777890302.6883323,3.0,-9.0,-74.0
1777890302.6983323,4.0,-7.0,-76.0
1777890302.7083323,5.0,-7.0,-83.0
1777890302.7183323,2.0,-5.0,-88.0
1777890302.7283323,1.0,-6.0,-89.0
1777890302.7383325,1.0,-8.0,-89.0
1777890302.7483325,5.0,-7.0,-83.0
1777890302.7583325,6.0,-12.0,-82.0
1777890302.7683325,9.0,-12.0,-85.0
1777890302.7783325,6.0,-8.0,-82.0
1777890302.7883325,3.0,-4.0,-76.0
1777890302.7983325,2.0,0.0,-79.0
1777890302.8083324,4.0,-4.0,-76.0
1777890302.8183324,4.0,-2.0,-80.0
1777890302.8283324,6.0,0.0,-79.0
1777890302.8383324,5.0,-4.0,-77.0
1777890302.8483324,2.0,-6.0,-77.0
1777890302.8583324,1.0,-7.0,-76.0
1777890302.8683324,2.0,-10.0,-84.0
1777890302.8783324,4.0,-10.0,-84.0
1777890302.8883324,3.0,-14.0,-81.0
1777890302.8983324,0.0,-12.0,-80.0
1777890302.9083323,-2.0,-11.0,-79.0
1777890302.9183323,-1.0,-7.0,-78.0
1777890302.9283323,2.0,-4.0,-75.0
1777890302.9383323,2.0,-1.0,-78.0
1777890302.9483323,3.0,-1.0,-84.0
1777890302.9583323,2.0,-1.0,-85.0
1777890302.9683323,-1.0,-1.0,-81.0
1777890302.9783323,-4.0,-3.0,-78.0
1777890302.9883325,-7.0,-6.0,-80.0
1777890302.9983325,-6.0,-7.0,-72.0
1777890303.0083325,-5.0,-5.0,-73.0
1777890303.0183325,-2.0,-7.0,-74.0
1777890303.0283325,-1.0,-8.0,-76.0
1777890303.0383325,-1.0,-4.0,-73.0
1777890303.0483325,-1.0,-4.0,-75.0
1777890303.0583324,2.0,-7.0,-75.0
1777890303.0683324,5.0,-4.0,-80.0
1777890303.0783324,3.0,0.0,-84.0
1777890303.0883324,2.0,5.0,-81.0
1777890303.0983324,2.0,6.0,-81.0
1777890303.1083324,0.0,1.0,-85.0
1777890303.1183324,1.0,1.0,-83.0
1777890303.1283324,2.0,0.0,-76.0
1777890303.1383324,2.0,0.0,-70.0
1777890303.1483324,3.0,3.0,-70.0
1777890303.1583323,4.0,3.0,-76.0
1777890303.1683323,5.0,2.0,-78.0
1777890303.1783323,0.0,2.0,-65.0
1777890303.1883323,-1.0,2.0,-61.0
1777890303.1983323,2.0,5.0,-59.0
1777890303.2083323,7.0,6.0,-62.0
1777890303.2183323,2.0,8.0,-67.0
1777890303.2283323,2.0,3.0,-73.0
1777890303.2383325,4.0,5.0,-80.0
1777890303.2483325,7.0,2.0,-76.0
1777890303.2583325,8.0,0.0,-70.0
1777890303.2683325,6.0,3.0,-73.0
1777890303.2783325,5.0,2.0,-80.0
1777890303.2883325,4.0,0.0,-81.0
1777890303.2983325,-1.0,-1.0,-82.0
1777890303.3083324,1.0,2.0,-88.0
1777890303.3183324,2.0,0.0,-83.0
1777890303.3283324,2.0,1.0,-82.0
1777890303.3383324,2.0,0.0,-86.0
1777890303.3483324,-1.0,0.0,-83.0
1777890303.3583324,0.0,-2.0,-75.0
1777890303.3683324,-3.0,0.0,-86.0
1777890303.3783324,0.0,2.0,-84.0
1777890303.3883324,0.0,1.0,-83.0
1777890303.3983324,0.0,3.0,-79.0
1777890303.4083323,-6.0,0.0,-72.0
1777890303.4183323,-9.0,-3.0,-76.0
1777890303.4283323,-8.0,-2.0,-77.0
1777890303.4383323,-6.0,0.0,-68.0
1777890303.4483323,-5.0,-1.0,-71.0
1777890303.4583323,-6.0,-1.0,-75.0
1777890303.4683323,-2.0,0.0,-74.0
1777890303.4783323,3.0,-3.0,-75.0
1777890303.4883325,2.0,0.0,-73.0
1777890303.4983325,0.0,-2.0,-70.0
1777890303.5083325,-5.0,-3.0,-73.0
1777890303.5183325,-2.0,-5.0,-80.0
1777890303.5283325,-2.0,-6.0,-79.0
1777890303.5383325,0.0,-7.0,-72.0
1777890303.5483325,3.0,-5.0,-75.0
1777890303.5583324,4.0,-6.0,-81.0
1777890303.5683324,1.0,-6.0,-84.0
1777890303.5783324,0.0,-3.0,-76.0
1777890303.5883324,-2.0,-6.0,-77.0
1777890303.5983324,-3.0,-2.0,-76.0
1777890303.6083324,-5.0,-2.0,-75.0
1777890303.6183324,-6.0,-4.0,-78.0
1777890303.6283324,-4.0,-3.0,-75.0
1777890303.6383324,-2.0,-6.0,-71.0
1777890303.6483324,-2.0,-3.0,-66.0
1777890303.6583323,-1.0,-1.0,-70.0
1777890303.6683323,2.0,-6.0,-75.0
1777890303.6783323,-1.0,-4.0,-67.0
1777890303.6883323,0.0,0.0,-69.0
1777890303.6983323,-4.0,2.0,-64.0
1777890303.7083323,-2.0,1.0,-64.0
1777890303.7183323,-3.0,5.0,-68.0
1777890303.7283323,0.0,0.0,-65.0
1777890303.7393324,3.0,0.0,-65.0
1777890303.7493324,1.0,0.0,-66.0
1777890303.7583325,2.0,-3.0,-63.0
1777890303.7693324,-1.0,-4.0,-61.0
1777890303.7793324,1.0,-7.0,-64.0
1777890303.7893324,0.0,-4.0,-66.0
1777890303.7993324,-2.0,0.0,-70.0
1777890303.8093324,-2.0,-2.0,-70.0
1777890303.8193324,0.0,-5.0,-72.0
1777890303.8293324,-5.0,-8.0,-74.0
1777890303.8393323,-5.0,-4.0,-72.0
1777890303.8493323,-8.0,-2.0,-79.0
1777890303.8593323,-5.0,-2.0,-81.0
1777890303.8693323,-1.0,0.0,-86.0
1777890303.8793323,0.0,-2.0,-87.0
1777890303.8893323,2.0,-6.0,-87.0
1777890303.8993323,0.0,-5.0,-88.0
1777890303.9093325,0.0,-2.0,-84.0
1777890303.9193325,0.0,-3.0,-91.0
1777890303.9293325,3.0,0.0,-94.0
1777890303.9393325,3.0,-3.0,-86.0
1777890303.9493325,4.0,-3.0,-80.0
1777890303.9593325,2.0,-5.0,-79.0
1777890303.9693325,0.0,-3.0,-83.0
1777890303.9793324,4.0,-2.0,-83.0
1777890303.9893324,0.0,-4.0,-81.0
1777890303.9993324,-1.0,-3.0,-76.0
1777890304.0093324,0.0,-1.0,-75.0
1777890304.0193324,2.0,0.0,-83.0
1777890304.0293324,1.0,-5.0,-83.0
1777890304.0393324,4.0,-6.0,-76.0
1777890304.0493324,6.0,-2.0,-74.0
1777890304.0593324,4.0,0.0,-71.0
1777890304.0693324,4.0,-1.0,-80.0
1777890304.0793324,4.0,-2.0,-77.0
1777890304.0893323,4.0,-1.0,-76.0
1777890304.0993323,4.0,-2.0,-74.0
1777890304.1093323,3.0,0.0,-75.0
1777890304.1193323,1.0,1.0,-79.0
1777890304.1293323,-1.0,1.0,-81.0
1777890304.1393323,-1.0,1.0,-88.0
1777890304.1493323,-1.0,-2.0,-87.0
1777890304.1593325,-3.0,-1.0,-81.0
1777890304.1693325,-1.0,0.0,-80.0
1777890304.1793325,-3.0,0.0,-81.0
1777890304.1893325,-1.0,0.0,-85.0
1777890304.1993325,-4.0,0.0,-87.0
1777890304.2093325,-5.0,1.0,-85.0
1777890304.2193325,-5.0,3.0,-80.0
1777890304.2293324,0.0,5.0,-77.0
1777890304.2393324,2.0,2.0,-72.0
1777890304.2493324,3.0,1.0,-73.0
1777890304.2593324,2.0,1.0,-69.0
1777890304.2693324,1.0,0.0,-74.0
1777890304.2793324,-2.0,3.0,-77.0
1777890304.2893324,-4.0,-3.0,-81.0
1777890304.2993324,-4.0,-3.0,-84.0
1777890304.3093324,-6.0,-4.0,-76.0
1777890304.3193324,-7.0,0.0,-77.0
1777890304.3293324,-6.0,-1.0,-73.0
1777890304.3393323,-5.0,-1.0,-74.0
1777890304.3493323,-5.0,-5.0,-75.0
1777890304.3593323,-4.0,-3.0,-79.0
1777890304.3693323,-4.0,-3.0,-78.0
1777890304.3793323,0.0,0.0,-82.0
1777890304.3893323,0.0,1.0,-88.0
1777890304.3993323,6.0,2.0,-84.0
1777890304.4093325,2.0,2.0,-83.0
1777890304.4193325,5.0,2.0,-77.0
1777890304.4293325,-1.0,2.0,-71.0
1777890304.4393325,-4.0,0.0,-72.0
1777890304.4493325,0.0,-1.0,-77.0
1777890304.4593325,0.0,-5.0,-72.0
1777890304.4693325,1.0,-4.0,-76.0
1777890304.4793324,-1.0,-4.0,-72.0
1777890304.4893324,-2.0,-5.0,-75.0
1777890304.4993324,0.0,-6.0,-78.0
1777890304.5093324,-2.0,-9.0,-82.0
1777890304.5193324,-6.0,-4.0,-86.0
1777890304.5293324,-5.0,-5.0,-83.0
1777890304.5393324,-4.0,-5.0,-80.0
1777890304.5493324,-4.0,-4.0,-76.0
1777890304.5593324,1.0,-6.0,-67.0
1777890304.5693324,4.0,-7.0,-73.0
1777890304.5793324,5.0,-3.0,-72.0
1777890304.5893323,0.0,3.0,-65.0
1777890304.5993323,1.0,3.0,-66.0
1777890304.6093323,2.0,5.0,-70.0
1777890304.6193323,4.0,4.0,-75.0
1777890304.6293323,3.0,1.0,-80.0
1777890304.6393323,0.0,2.0,-79.0
1777890304.6493323,2.0,0.0,-76.0
1777890304.6593325,4.0,0.0,-76.0
1777890304.6693325,0.0,0.0,-76.0
1777890304.6793325,0.0,2.0,-67.0
1777890304.6893325,-1.0,7.0,-68.0
1777890304.6993325,1.0,5.0,-65.0
1777890304.7093325,1.0,4.0,-60.0
1777890304.7193325,2.0,3.0,-60.0
1777890304.7293324,0.0,6.0,-63.0
1777890304.7393324,-1.0,3.0,-66.0
1777890304.7493324,0.0,2.0,-66.0
1777890304.7593324,-3.0,3.0,-69.0
1777890304.7693324,-1.0,1.0,-79.0
1777890304.7793324,3.0,2.0,-90.0
1777890304.7893324,4.0,-2.0,-88.0
1777890304.7993324,1.0,-1.0,-83.0
1777890304.8093324,-1.0,0.0,-79.0
1777890304.8193324,-2.0,3.0,-81.0
1777890304.8293324,-4.0,0.0,-86.0
1777890304.8393323,-2.0,2.0,-80.0
1777890304.8493323,-6.0,0.0,-76.0
1777890304.8593323,-2.0,-1.0,-77.0
1777890304.8693323,-3.0,0.0,-78.0
1777890304.8793323,-2.0,-1.0,-74.0
1777890304.8893323,-4.0,-2.0,-77.0
1777890304.8993323,-2.0,0.0,-78.0
1777890304.9093325,0.0,0.0,-76.0
1777890304.9193325,1.0,0.0,-80.0
1777890304.9293325,0.0,0.0,-79.0
1777890304.9393325,2.0,-2.0,-78.0
1777890304.9493325,1.0,-4.0,-67.0
1777890304.9593325,1.0,-3.0,-69.0
1777890304.9693325,2.0,-3.0,-75.0
1777890304.9793324,-3.0,-2.0,-77.0
1777890304.9893324,-4.0,0.0,-78.0
1777890304.9993324,-4.0,2.0,-85.0
1777890305.0093324,-5.0,0.0,-92.0
1777890305.0193324,-5.0,0.0,-91.0
1777890305.0293324,0.0,0.0,-85.0
1777890305.0393324,4.0,-2.0,-87.0
1777890305.0493324,5.0,-4.0,-82.0
1777890305.0593324,9.0,-1.0,-77.0
1777890305.0693324,7.0,0.0,-79.0
1777890305.0793324,3.0,-5.0,-69.0
1777890305.0893323,3.0,-3.0,-67.0
1777890305.0993323,2.0,-3.0,-71.0
1777890305.1093323,4.0,-3.0,-69.0
1777890305.1193323,1.0,-2.0,-64.0
1777890305.1293323,4.0,-3.0,-63.0
1777890305.1393323,7.0,-3.0,-72.0
1777890305.1493323,5.0,-4.0,-71.0
1777890305.1593325,2.0,-1.0,-70.0
1777890305.1693325,0.0,-4.0,-74.0
1777890305.1793325,-5.0,-10.0,-74.0
1777890305.1893325,-2.0,-7.0,-78.0
1777890305.1993325,0.0,-4.0,-74.0
1777890305.2093325,-2.0,-3.0,-71.0
1777890305.2193325,-1.0,-1.0,-71.0
1777890305.2293324,-4.0,-3.0,-71.0
1777890305.2393324,-5.0,-3.0,-64.0
1777890305.2493324,-9.0,-1.0,-72.0
1777890305.2593324,-6.0,-1.0,-71.0
1777890305.2693324,-3.0,-6.0,-76.0
1777890305.2793324,-3.0,-6.0,-82.0
1777890305.2893324,0.0,-5.0,-83.0
1777890305.2993324,3.0,-2.0,-77.0
1777890305.3093324,0.0,0.0,-75.0
1777890305.3193324,-1.0,1.0,-78.0
1777890305.3293324,-4.0,-1.0,-82.0
1777890305.3393323,-2.0,-9.0,-81.0
1777890305.3493323,-3.0,-10.0,-79.0
1777890305.3593323,-5.0,-9.0,-77.0
1777890305.3693323,-4.0,-8.0,-73.0
1777890305.3793323,0.0,-3.0,-72.0
1777890305.3893323,2.0,-6.0,-72.0
1777890305.3993323,3.0,-1.0,-69.0
1777890305.4093325,4.0,0.0,-75.0
1777890305.4193325,4.0,0.0,-75.0
1777890305.4293325,4.0,0.0,-70.0
1777890305.4393325,3.0,-3.0,-66.0
1777890305.4493325,3.0,-3.0,-58.0
1777890305.4593325,0.0,-6.0,-62.0
1777890305.4693325,2.0,-6.0,-64.0
1777890305.4793324,1.0,-7.0,-72.0
1777890305.4893324,-1.0,-7.0,-76.0
1777890305.4993324,-1.0,-4.0,-75.0
1777890305.5093324,0.0,-4.0,-73.0
1777890305.5193324,2.0,-3.0,-73.0
1777890305.5293324,1.0,-4.0,-74.0
1777890305.5393324,-1.0,-3.0,-71.0
1777890305.5493324,0.0,0.0,-74.0
1777890305.5593324,-7.0,0.0,-72.0
1777890305.5693324,-9.0,0.0,-71.0
1777890305.5793324,-8.0,0.0,-76.0
1777890305.5893323,-1.0,-3.0,-77.0
1777890305.5993323,-1.0,-2.0,-77.0
1777890305.6093323,3.0,0.0,-78.0
1777890305.6193323,1.0,0.0,-82.0
1777890305.6293323,2.0,-1.0,-84.0
1777890305.6393323,0.0,-4.0,-84.0
1777890305.6493323,-5.0,-5.0,-88.0
1777890305.6593325,-2.0,-6.0,-81.0
1777890305.6693325,-1.0,-4.0,-83.0
1777890305.6793325,1.0,-1.0,-73.0
1777890305.6893325,0.0,-4.0,-68.0
1777890305.6993325,2.0,-2.0,-69.0
1777890305.7093325,1.0,-4.0,-68.0
1777890305.7193325,-3.0,-4.0,-67.0
1777890305.7293324,-3.0,-4.0,-62.0
1777890305.7403324,-3.0,-3.0,-64.0
1777890305.7503324,-4.0,-2.0,-74.0
1777890305.7603323,-2.0,-2.0,-75.0
1777890305.7703323,0.0,-1.0,-82.0
1777890305.7803323,1.0,-1.0,-77.0
1777890305.7903323,2.0,1.0,-73.0
1777890305.8003323,-3.0,-3.0,-75.0
1777890305.8103323,-5.0,0.0,-78.0
1777890305.8203323,-7.0,0.0,-75.0
1777890305.8303325,-5.0,1.0,-75.0
1777890305.8403325,-6.0,1.0,-74.0
1777890305.8503325,-6.0,0.0,-75.0
1777890305.8603325,-1.0,0.0,-79.0
1777890305.8703325,0.0,-2.0,-81.0
1777890305.8803325,1.0,2.0,-81.0
1777890305.8903325,0.0,-1.0,-77.0
1777890305.9003325,0.0,-3.0,-79.0
1777890305.9103324,0.0,-2.0,-80.0
1777890305.9203324,-6.0,0.0,-79.0
1777890305.9303324,-6.0,-3.0,-79.0
1777890305.9403324,-6.0,-6.0,-75.0
1777890305.9503324,-6.0,-6.0,-71.0
1777890305.9603324,-8.0,-5.0,-71.0
1777890305.9703324,-8.0,-5.0,-73.0
1777890305.9803324,-1.0,-2.0,-69.0
1777890305.9903324,-2.0,-4.0,-72.0
1777890306.0003324,-4.0,-5.0,-75.0
1777890306.0103323,-6.0,-5.0,-68.0
1777890306.0203323,-4.0,0.0,-69.0
1777890306.0303323,-1.0,-1.0,-74.0
1777890306.0403323,1.0,6.0,-78.0
1777890306.0503323,4.0,3.0,-73.0
1777890306.0603323,8.0,-3.0,-72.0
1777890306.0703323,7.0,-3.0,-73.0
1777890306.0803325,7.0,-5.0,-79.0
1777890306.0903325,4.0,-4.0,-77.0
1777890306.1003325,4.0,-2.0,-81.0
1777890306.1103325,3.0,2.0,-73.0
1777890306.1203325,0.0,0.0,-74.0
1777890306.1303325,-3.0,1.0,-75.0
1777890306.1403325,-4.0,-1.0,-73.0
1777890306.1503325,0.0,-3.0,-71.0
1777890306.1603324,-1.0,-3.0,-79.0
1777890306.1703324,-2.0,-2.0,-83.0
1777890306.1803324,-1.0,1.0,-83.0
1777890306.1903324,-3.0,2.0,-77.0
1777890306.2003324,-2.0,3.0,-74.0
1777890306.2103324,-1.0,0.0,-78.0
1777890306.2203324,-2.0,-3.0,-76.0
1777890306.2303324,-4.0,-2.0,-72.0
1777890306.2403324,-1.0,0.0,-70.0
1777890306.2503324,2.0,-2.0,-71.0
1777890306.2603323,4.0,-4.0,-75.0
1777890306.2703323,4.0,-4.0,-75.0
1777890306.2803323,4.0,-2.0,-80.0
1777890306.2903323,4.0,-3.0,-75.0
1777890306.3003323,1.0,-7.0,-72.0
1777890306.3103323,-1.0,-6.0,-77.0
1777890306.3203323,0.0,-2.0,-79.0
1777890306.3303325,2.0,-4.0,-83.0
1777890306.3403325,3.0,-4.0,-83.0
1777890306.3503325,2.0,-2.0,-74.0
1777890306.3603325,1.0,-8.0,-82.0
1777890306.3703325,3.0,-7.0,-85.0
1777890306.3803325,2.0,-6.0,-80.0
1777890306.3903325,3.0,-9.0,-81.0
1777890306.4003325,2.0,-9.0,-83.0
1777890306.4103324,-1.0,-8.0,-79.0
1777890306.4203324,-3.0,-5.0,-82.0
1777890306.4303324,-2.0,-1.0,-87.0
1777890306.4403324,-3.0,-1.0,-88.0
1777890306.4503324,-2.0,-2.0,-87.0
1777890306.4603324,1.0,-4.0,-91.0
1777890306.4703324,1.0,0.0,-93.0
1777890306.4803324,6.0,-3.0,-92.0
1777890306.4903324,0.0,-3.0,-91.0
1777890306.5003324,0.0,0.0,-86.0
1777890306.5103323,0.0,-3.0,-86.0
1777890306.5203323,1.0,-5.0,-86.0
1777890306.5303323,-2.0,-4.0,-84.0
1777890306.5403323,-8.0,-2.0,-80.0
1777890306.5503323,-4.0,-2.0,-73.0
1777890306.5603323,-3.0,0.0,-77.0
1777890306.5703323,-1.0,-3.0,-81.0
1777890306.5803325,0.0,-4.0,-83.0
1777890306.5903325,4.0,-7.0,-78.0
1777890306.6003325,2.0,-6.0,-77.0
1777890306.6103325,2.0,-7.0,-79.0
1777890306.6203325,0.0,-6.0,-78.0
1777890306.6303325,-1.0,0.0,-80.0
1777890306.6403325,0.0,2.0,-79.0
1777890306.6503325,-2.0,-1.0,-73.0
1777890306.6603324,-4.0,-4.0,-81.0
1777890306.6703324,-7.0,-2.0,-83.0
1777890306.6803324,-2.0,0.0,-89.0
1777890306.6903324,0.0,0.0,-84.0
1777890306.7003324,2.0,0.0,-81.0
1777890306.7103324,0.0,-5.0,-79.0
1777890306.7203324,0.0,-5.0,-72.0
1777890306.7303324,0.0,-7.0,-70.0
1777890306.7403324,-4.0,-8.0,-71.0
1777890306.7503324,-3.0,-8.0,-73.0
1777890306.7603323,0.0,-8.0,-71.0
1777890306.7703323,2.0,-4.0,-60.0
1777890306.7803323,1.0,0.0,-67.0
1777890306.7903323,0.0,-3.0,-64.0
1777890306.8003323,-1.0,-4.0,-64.0
1777890306.8103323,-7.0,-4.0,-72.0
1777890306.8203323,-9.0,1.0,-76.0
1777890306.8303325,-4.0,0.0,-78.0
1777890306.8403325,-1.0,1.0,-78.0
1777890306.8503325,-2.0,0.0,-80.0
1777890306.8603325,-4.0,4.0,-81.0
1777890306.8703325,0.0,3.0,-83.0
1777890306.8803325,4.0,3.0,-72.0
1777890306.8903325,5.0,0.0,-71.0
1777890306.9003325,8.0,-1.0,-78.0
1777890306.9103324,3.0,-4.0,-73.0
1777890306.9203324,-1.0,-10.0,-72.0
1777890306.9303324,1.0,-8.0,-71.0
1777890306.9403324,4.0,-10.0,-71.0
1777890306.9503324,-1.0,-11.0,-72.0
1777890306.9603324,1.0,-10.0,-69.0
1777890306.9703324,5.0,-3.0,-73.0
1777890306.9803324,5.0,-3.0,-75.0
1777890306.9903324,5.0,-3.0,-77.0
1777890307.0003324,2.0,-2.0,-74.0
1777890307.0103323,-3.0,-3.0,-77.0
1777890307.0203323,-5.0,-2.0,-76.0
1777890307.0303323,-4.0,-3.0,-69.0
1777890307.0403323,-3.0,-2.0,-74.0
1777890307.0503323,-7.0,-2.0,-75.0
1777890307.0603323,-4.0,1.0,-76.0
1777890307.0703323,-3.0,3.0,-74.0
1777890307.0803325,-6.0,1.0,-72.0
1777890307.0903325,0.0,-2.0,-73.0
1777890307.1003325,0.0,-4.0,-74.0
1777890307.1103325,1.0,0.0,-68.0
1777890307.1203325,0.0,-1.0,-71.0
1777890307.1303325,1.0,0.0,-74.0
1777890307.1403325,0.0,0.0,-74.0
1777890307.1503325,-3.0,-2.0,-76.0
1777890307.1603324,-3.0,-3.0,-78.0
1777890307.1703324,-1.0,-4.0,-72.0
1777890307.1803324,0.0,-7.0,-72.0
1777890307.1903324,1.0,-7.0,-76.0
1777890307.2003324,3.0,-3.0,-76.0
1777890307.2103324,6.0,-5.0,-80.0
1777890307.2203324,0.0,0.0,-77.0
1777890307.2303324,-1.0,2.0,-77.0
1777890307.2403324,2.0,2.0,-74.0
1777890307.2503324,7.0,0.0,-69.0
1777890307.2603323,4.0,1.0,-75.0
1777890307.2703323,6.0,-2.0,-78.0
1777890307.2803323,7.0,2.0,-80.0
1777890307.2903323,8.0,1.0,-79.0
1777890307.3003323,5.0,-2.0,-74.0
1777890307.3103323,5.0,-2.0,-78.0
1777890307.3203323,7.0,-1.0,-81.0
1777890307.3303325,5.0,-5.0,-75.0
1777890307.3403325,4.0,-6.0,-73.0
1777890307.3503325,-1.0,-5.0,-82.0
1777890307.3603325,-5.0,-7.0,-74.0
1777890307.3703325,-5.0,-5.0,-73.0
1777890307.3803325,0.0,-5.0,-64.0
1777890307.3903325,0.0,-7.0,-65.0
1777890307.4003325,-5.0,0.0,-68.0
1777890307.4103324,-2.0,0.0,-70.0
1777890307.4203324,0.0,1.0,-74.0
1777890307.4303324,5.0,0.0,-75.0
1777890307.4403324,0.0,0.0,-72.0
1777890307.4503324,-2.0,0.0,-75.0
1777890307.4603324,-3.0,1.0,-77.0
1777890307.4703324,-5.0,-2.0,-76.0
1777890307.4803324,-5.0,-3.0,-80.0
1777890307.4903324,-3.0,-5.0,-83.0
1777890307.5003324,-5.0,-11.0,-84.0
1777890307.5103323,-4.0,-6.0,-89.0
1777890307.5203323,-6.0,-3.0,-82.0
1777890307.5303323,-3.0,-3.0,-84.0
1777890307.5403323,-1.0,-4.0,-84.0
1777890307.5503323,0.0,-2.0,-79.0
1777890307.5603323,2.0,-3.0,-83.0
1777890307.5703323,3.0,1.0,-85.0
1777890307.5803325,2.0,0.0,-84.0
1777890307.5903325,2.0,2.0,-83.0
1777890307.6003325,4.0,-1.0,-81.0
1777890307.6103325,6.0,0.0,-82.0
1777890307.6203325,4.0,3.0,-78.0
1777890307.6303325,5.0,1.0,-79.0
1777890307.6403325,2.0,-1.0,-76.0
1777890307.6503325,4.0,-1.0,-71.0
1777890307.6603324,4.0,-2.0,-74.0
1777890307.6703324,2.0,-3.0,-80.0
1777890307.6803324,0.0,-1.0,-79.0
1777890307.6903324,1.0,-1.0,-79.0
1777890307.7003324,6.0,1.0,-77.0
1777890307.7103324,3.0,4.0,-76.0
1777890307.7203324,3.0,6.0,-79.0
1777890307.7303324,4.0,6.0,-70.0
1777890307.7413323,9.0,5.0,-67.0
1777890307.7513323,8.0,4.0,-65.0
1777890307.7613325,3.0,2.0,-65.0
1777890307.7713325,3.0,0.0,-65.0
1777890307.7813325,0.0,-1.0,-67.0
1777890307.7913325,1.0,1.0,-76.0
1777890307.8013325,4.0,-4.0,-76.0
1777890307.8113325,7.0,-1.0,-69.0
1777890307.8213325,4.0,1.0,-67.0
1777890307.8313324,3.0,4.0,-69.0
1777890307.8413324,7.0,7.0,-68.0
1777890307.8513324,8.0,9.0,-69.0
1777890307.8613324,7.0,3.0,-72.0
1777890307.8713324,4.0,-1.0,-72.0
1777890307.8813324,3.0,-2.0,-76.0
1777890307.8913324,6.0,-4.0,-74.0
1777890307.9013324,5.0,-5.0,-77.0
1777890307.9113324,3.0,-8.0,-72.0
1777890307.9213324,1.0,-8.0,-69.0
1777890307.9313323,0.0,-5.0,-70.0
1777890307.9413323,1.0,-1.0,-74.0
1777890307.9513323,3.0,-1.0,-76.0
1777890307.9613323,1.0,-2.0,-83.0
1777890307.9713323,-1.0,-3.0,-90.0
1777890307.9813323,-4.0,-2.0,-88.0
1777890307.9913323,-2.0,-4.0,-81.0
1777890308.0013323,0.0,-5.0,-73.0
1777890308.0113325,0.0,-6.0,-78.0
1777890308.0213325,-2.0,-3.0,-75.0
1777890308.0313325,-4.0,-3.0,-81.0
1777890308.0413325,-3.0,-3.0,-80.0
1777890308.0513325,-2.0,-1.0,-77.0
1777890308.0613325,0.0,1.0,-76.0
1777890308.0713325,-2.0,1.0,-78.0
1777890308.0813324,-3.0,0.0,-77.0
1777890308.0913324,0.0,0.0,-77.0
1777890308.1013324,2.0,1.0,-72.0
1777890308.1113324,7.0,1.0,-73.0
1777890308.1213324,3.0,2.0,-72.0
1777890308.1313324,5.0,0.0,-78.0
1777890308.1413324,4.0,0.0,-82.0
1777890308.1513324,3.0,-1.0,-87.0
1777890308.1613324,1.0,0.0,-87.0
1777890308.1713324,-3.0,3.0,-80.0
1777890308.1813323,-3.0,4.0,-77.0
1777890308.1913323,-2.0,4.0,-75.0
1777890308.2013323,1.0,2.0,-73.0
1777890308.2113323,6.0,1.0,-71.0
1777890308.2213323,5.0,0.0,-73.0
1777890308.2313323,5.0,1.0,-72.0
1777890308.2413323,9.0,1.0,-74.0
1777890308.2513323,8.0,-3.0,-76.0
1777890308.2613325,7.0,-2.0,-77.0
1777890308.2713325,3.0,-2.0,-74.0
1777890308.2813325,4.0,-2.0,-81.0
1777890308.2913325,4.0,-3.0,-86.0
1777890308.3013325,1.0,0.0,-87.0
1777890308.3113325,4.0,0.0,-83.0
1777890308.3213325,5.0,0.0,-75.0
1777890308.3313324,4.0,1.0,-76.0
1777890308.3413324,1.0,-1.0,-86.0
1777890308.3513324,-1.0,-5.0,-87.0
1777890308.3613324,-7.0,-2.0,-78.0
1777890308.3713324,-6.0,0.0,-80.0
1777890308.3813324,-6.0,2.0,-82.0
1777890308.3913324,-3.0,3.0,-79.0
1777890308.4013324,-2.0,5.0,-75.0
1777890308.4113324,0.0,6.0,-73.0
1777890308.4213324,0.0,8.0,-71.0
1777890308.4313323,-2.0,6.0,-71.0
1777890308.4413323,0.0,6.0,-72.0
1777890308.4513323,-1.0,5.0,-69.0
1777890308.4613323,5.0,7.0,-65.0
1777890308.4713323,3.0,1.0,-67.0
1777890308.4813323,7.0,0.0,-77.0
1777890308.4913323,9.0,0.0,-76.0
1777890308.5013323,5.0,0.0,-70.0
1777890308.5113325,4.0,-1.0,-72.0
1777890308.5213325,0.0,0.0,-73.0
1777890308.5313325,0.0,1.0,-70.0
1777890308.5413325,2.0,4.0,-69.0
1777890308.5513325,0.0,7.0,-73.0
1777890308.5613325,-1.0,9.0,-68.0
1777890308.5713325,1.0,4.0,-67.0
1777890308.5813324,0.0,4.0,-72.0
1777890308.5913324,0.0,-2.0,-75.0
1777890308.6013324,1.0,0.0,-73.0
1777890308.6113324,-4.0,0.0,-73.0
1777890308.6213324,-2.0,0.0,-74.0
1777890308.6313324,-3.0,1.0,-77.0
1777890308.6413324,-2.0,0.0,-85.0
1777890308.6513324,-3.0,-1.0,-76.0
1777890308.6613324,-6.0,1.0,-74.0
1777890308.6713324,-5.0,0.0,-67.0
1777890308.6813323,-3.0,0.0,-66.0
1777890308.6913323,-1.0,0.0,-68.0
1777890308.7013323,-2.0,0.0,-70.0
1777890308.7113323,-1.0,1.0,-73.0
1777890308.7213323,0.0,1.0,-66.0
1777890308.7313323,2.0,-4.0,-63.0
1777890308.7413323,2.0,-3.0,-65.0
1777890308.7513323,3.0,-4.0,-62.0
1777890308.7613325,-6.0,-3.0,-60.0
1777890308.7713325,-9.0,-4.0,-63.0
1777890308.7813325,-5.0,-3.0,-65.0
1777890308.7913325,-6.0,0.0,-69.0
1777890308.8013325,-7.0,-1.0,-66.0
1777890308.8113325,-2.0,3.0,-65.0
1777890308.8213325,0.0,4.0,-65.0
1777890308.8313324,0.0,7.0,-71.0
1777890308.8413324,2.0,7.0,-73.0
1777890308.8513324,9.0,4.0,-78.0
1777890308.8613324,5.0,3.0,-76.0
1777890308.8713324,2.0,1.0,-81.0
1777890308.8813324,0.0,-2.0,-83.0
1777890308.8913324,0.0,-1.0,-80.0
1777890308.9013324,2.0,0.0,-78.0
1777890308.9113324,3.0,1.0,-78.0
1777890308.9213324,1.0,-2.0,-75.0
1777890308.9313323,-1.0,-4.0,-68.0
1777890308.9413323,-4.0,-8.0,-73.0
1777890308.9513323,-4.0,-3.0,-76.0
1777890308.9613323,-2.0,0.0,-77.0
1777890308.9713323,-3.0,-1.0,-82.0
1777890308.9813323,-3.0,0.0,-82.0
1777890308.9913323,3.0,-1.0,-78.0
1777890309.0013323,2.0,0.0,-75.0
1777890309.0113325,0.0,-1.0,-66.0
1777890309.0213325,-3.0,-2.0,-64.0
1777890309.0313325,-2.0,-3.0,-64.0
1777890309.0413325,-9.0,0.0,-69.0
1777890309.0513325,-12.0,2.0,-66.0
1777890309.0613325,-6.0,0.0,-71.0
1777890309.0713325,-5.0,-1.0,-74.0
1777890309.0813324,0.0,-2.0,-76.0
1777890309.0913324,0.0,-2.0,-72.0
1777890309.1013324,3.0,-2.0,-68.0
1777890309.1113324,6.0,-3.0,-71.0
1777890309.1213324,5.0,1.0,-76.0
1777890309.1313324,3.0,4.0,-74.0
1777890309.1413324,1.0,4.0,-74.0
1777890309.1513324,0.0,0.0,-74.0
1777890309.1613324,-4.0,-2.0,-73.0
1777890309.1713324,-2.0,-4.0,-72.0
1777890309.1813323,0.0,-1.0,-75.0
1777890309.1913323,-2.0,-1.0,-71.0
1777890309.2013323,2.0,0.0,-72.0
1777890309.2113323,1.0,-2.0,-72.0
1777890309.2213323,4.0,-3.0,-67.0
1777890309.2313323,6.0,-4.0,-72.0
1777890309.2413323,1.0,-2.0,-82.0
1777890309.2513323,1.0,0.0,-80.0
1777890309.2613325,3.0,0.0,-83.0
1777890309.2713325,3.0,3.0,-73.0
1777890309.2813325,4.0,-1.0,-75.0
1777890309.2913325,6.0,-1.0,-77.0
1777890309.3013325,4.0,-1.0,-79.0
1777890309.3113325,0.0,-2.0,-75.0
1777890309.3213325,4.0,-3.0,-77.0
1777890309.3313324,1.0,-4.0,-83.0
1777890309.3413324,0.0,-3.0,-81.0
1777890309.3513324,-1.0,-2.0,-79.0
1777890309.3613324,-2.0,0.0,-79.0
1777890309.3713324,-6.0,0.0,-79.0
1777890309.3813324,-5.0,0.0,-84.0
1777890309.3913324,-3.0,0.0,-84.0
1777890309.4013324,-2.0,0.0,-78.0
1777890309.4113324,3.0,-1.0,-74.0
1777890309.4213324,3.0,-1.0,-77.0
1777890309.4313323,4.0,-1.0,-79.0
1777890309.4413323,4.0,-2.0,-77.0
1777890309.4513323,2.0,0.0,-74.0
1777890309.4613323,5.0,1.0,-73.0
1777890309.4713323,8.0,-1.0,-71.0
1777890309.4813323,7.0,-4.0,-71.0
1777890309.4913323,10.0,-4.0,-73.0
1777890309.5013323,3.0,-5.0,-75.0
1777890309.5113325,7.0,-8.0,-76.0
1777890309.5213325,4.0,-5.0,-78.0
1777890309.5313325,2.0,-4.0,-79.0
1777890309.5413325,0.0,0.0,-75.0
1777890309.5513325,2.0,0.0,-66.0
1777890309.5613325,8.0,0.0,-70.0
1777890309.5713325,5.0,0.0,-70.0
1777890309.5813324,0.0,2.0,-72.0
1777890309.5913324,0.0,3.0,-67.0
1777890309.6013324,-2.0,2.0,-66.0
1777890309.6113324,-2.0,0.0,-58.0
1777890309.6213324,-3.0,1.0,-52.0
1777890309.6313324,1.0,-1.0,-63.0
1777890309.6413324,4.0,-3.0,-66.0
1777890309.6513324,11.0,0.0,-67.0
1777890309.6613324,9.0,-4.0,-63.0
1777890309.6713324,6.0,-1.0,-69.0
1777890309.6813323,4.0,1.0,-72.0
1777890309.6913323,4.0,2.0,-65.0
1777890309.7013323,0.0,3.0,-68.0
1777890309.7123325,4.0,1.0,-79.0
1777890309.7223325,8.0,3.0,-77.0
1777890309.7323325,7.0,2.0,-77.0
1777890309.7423325,5.0,1.0,-74.0
1777890309.7523324,9.0,-1.0,-70.0
1777890309.7623324,9.0,-4.0,-70.0
1777890309.7723324,7.0,-3.0,-76.0
1777890309.7823324,8.0,0.0,-75.0
1777890309.7923324,6.0,3.0,-76.0
1777890309.8023324,8.0,6.0,-72.0
1777890309.8123324,8.0,5.0,-76.0
1777890309.8223324,11.0,0.0,-75.0
1777890309.8323324,9.0,0.0,-67.0
1777890309.8423324,6.0,1.0,-71.0
1777890309.8523324,6.0,1.0,-71.0
1777890309.8623323,-2.0,0.0,-75.0
1777890309.8723323,-1.0,-1.0,-72.0
1777890309.8823323,-2.0,2.0,-69.0
1777890309.8923323,-1.0,1.0,-65.0
1777890309.9023323,-2.0,0.0,-66.0
1777890309.9123323,-4.0,-1.0,-73.0
1777890309.9223323,-5.0,1.0,-83.0
1777890309.9323325,-1.0,1.0,-82.0
1777890309.9423325,0.0,1.0,-83.0
1777890309.9523325,1.0,1.0,-83.0
1777890309.9623325,5.0,3.0,-79.0
1777890309.9733324,6.0,1.0,-77.0
1777890309.9823325,8.0,0.0,-81.0
1777890309.9923325,10.0,2.0,-85.0
1777890310.0023324,11.0,0.0,-82.0
1777890310.0123324,7.0,0.0,-82.0
1777890310.0223324,6.0,-2.0,-79.0
1777890310.0323324,4.0,-2.0,-80.0
1777890310.0423324,1.0,-1.0,-82.0
1777890310.0523324,-1.0,-2.0,-89.0
1777890310.0623324,0.0,-1.0,-90.0
1777890310.0723324,2.0,0.0,-88.0
1777890310.0823324,1.0,-3.0,-82.0
1777890310.0923324,6.0,-2.0,-78.0
1777890310.1023324,5.0,-1.0,-80.0
1777890310.1123323,4.0,-1.0,-77.0
1777890310.1223323,3.0,0.0,-76.0
1777890310.1323323,1.0,-2.0,-80.0
1777890310.1423323,3.0,-2.0,-75.0
1777890310.1523323,0.0,-2.0,-67.0
1777890310.1623323,5.0,-3.0,-71.0
1777890310.1723323,8.0,-3.0,-74.0
1777890310.1823325,9.0,-2.0,-75.0
1777890310.1923325,11.0,-3.0,-69.0
1777890310.2013323,7.0,-1.0,-71.0
1777890310.2123325,12.0,0.0,-75.0
1777890310.2223325,10.0,-5.0,-82.0
1777890310.2323325,8.0,-7.0,-84.0
1777890310.2423325,10.0,-2.0,-83.0
1777890310.2523324,12.0,-4.0,-79.0
1777890310.2623324,14.0,-2.0,-72.0
1777890310.2723324,7.0,-5.0,-75.0
1777890310.2823324,1.0,-2.0,-73.0
1777890310.2923324,3.0,-2.0,-79.0
1777890310.3023324,2.0,4.0,-84.0
1777890310.3123324,5.0,2.0,-83.0
1777890310.3223324,5.0,-1.0,-83.0
1777890310.3323324,0.0,1.0,-82.0
1777890310.3423324,2.0,4.0,-74.0
1777890310.3523324,0.0,3.0,-70.0
1777890310.3623323,6.0,1.0,-75.0
1777890310.3723323,6.0,-2.0,-78.0
1777890310.3823323,4.0,-2.0,-74.0
1777890310.3923323,2.0,-1.0,-73.0
1777890310.4023323,0.0,0.0,-79.0
1777890310.4123323,3.0,0.0,-68.0
1777890310.4223323,3.0,0.0,-73.0
1777890310.4323325,3.0,0.0,-76.0
1777890310.4423325,1.0,-4.0,-80.0
1777890310.4523325,2.0,-6.0,-84.0
1777890310.4623325,0.0,-6.0,-84.0
1777890310.4723325,-6.0,-7.0,-87.0
1777890310.4823325,-12.0,-6.0,-80.0
1777890310.4923325,-10.0,-9.0,-76.0
1777890310.5023324,-12.0,-7.0,-74.0
1777890310.5123324,-9.0,-10.0,-74.0
1777890310.5223324,-7.0,-11.0,-72.0
1777890310.5323324,-4.0,-11.0,-72.0
1777890310.5423324,-3.0,-8.0,-77.0
1777890310.5523324,0.0,-6.0,-77.0
1777890310.5623324,-1.0,-2.0,-76.0
1777890310.5723324,0.0,-4.0,-74.0
1777890310.5823324,0.0,-1.0,-72.0
1777890310.5923324,0.0,-2.0,-74.0
1777890310.6023324,6.0,-1.0,-68.0
1777890310.6123323,4.0,1.0,-64.0
1777890310.6223323,0.0,3.0,-68.0
1777890310.6323323,-3.0,3.0,-62.0
1777890310.6423323,-4.0,2.0,-62.0
1777890310.6523323,-1.0,2.0,-65.0
1777890310.6623323,-2.0,3.0,-69.0
1777890310.6723323,-3.0,2.0,-70.0
1777890310.6823325,-2.0,-2.0,-69.0
1777890310.6923325,1.0,0.0,-68.0
1777890310.7023325,7.0,4.0,-68.0
1777890310.7123325,6.0,0.0,-74.0
1777890310.7223325,1.0,0.0,-74.0
1777890310.7323325,-2.0,-3.0,-79.0
1777890310.7423325,1.0,-7.0,-84.0
1777890310.7523324,2.0,-7.0,-79.0
1777890310.7623324,2.0,-4.0,-75.0
1777890310.7723324,3.0,0.0,-75.0
1777890310.7823324,0.0,1.0,-79.0
1777890310.7923324,0.0,0.0,-78.0
1777890310.8023324,-1.0,-3.0,-74.0
1777890310.8123324,0.0,-1.0,-76.0
1777890310.8223324,2.0,-2.0,-80.0
1777890310.8323324,1.0,0.0,-86.0
1777890310.8423324,4.0,0.0,-80.0
1777890310.8523324,4.0,-3.0,-74.0
1777890310.8623323,1.0,-2.0,-69.0
1777890310.8723323,-1.0,-2.0,-70.0
1777890310.8823323,-6.0,0.0,-74.0
1777890310.8923323,-1.0,1.0,-74.0
1777890310.9023323,0.0,5.0,-70.0
1777890310.9123323,0.0,3.0,-75.0
1777890310.9223323,-1.0,-2.0,-79.0
1777890310.9323325,2.0,-1.0,-83.0
1777890310.9423325,1.0,0.0,-83.0
1777890310.9523325,0.0,0.0,-82.0
1777890310.9623325,0.0,0.0,-84.0
1777890310.9723325,-1.0,0.0,-85.0
1777890310.9823325,3.0,1.0,-82.0
1777890310.9923325,3.0,0.0,-79.0
1777890311.0023324,2.0,0.0,-69.0
1777890311.0123324,-1.0,0.0,-76.0
1777890311.0223324,-2.0,-3.0,-73.0
1777890311.0323324,-1.0,-1.0,-67.0
1777890311.0423324,1.0,-3.0,-66.0
1777890311.0523324,3.0,-1.0,-69.0
1777890311.0623324,2.0,0.0,-78.0
1777890311.0723324,3.0,1.0,-75.0
1777890311.0823324,2.0,1.0,-74.0
1777890311.0923324,2.0,3.0,-69.0
1777890311.1023324,6.0,6.0,-70.0
1777890311.1123323,9.0,3.0,-72.0
1777890311.1223323,6.0,-1.0,-74.0
1777890311.1323323,3.0,0.0,-77.0
1777890311.1423323,1.0,2.0,-82.0
1777890311.1523323,-1.0,-3.0,-85.0
1777890311.1623323,-3.0,0.0,-81.0
1777890311.1723323,-2.0,0.0,-77.0
1777890311.1823325,-3.0,-1.0,-75.0
1777890311.1923325,0.0,-4.0,-71.0
1777890311.2023325,4.0,-2.0,-73.0
1777890311.2123325,4.0,-2.0,-73.0
1777890311.2223325,6.0,-4.0,-79.0
1777890311.2323325,1.0,-1.0,-78.0
1777890311.2423325,0.0,-1.0,-83.0
1777890311.2523324,1.0,1.0,-86.0
1777890311.2623324,0.0,2.0,-82.0
1777890311.2723324,3.0,6.0,-79.0
1777890311.2823324,6.0,3.0,-86.0
1777890311.2923324,4.0,1.0,-78.0
1777890311.3023324,5.0,-2.0,-71.0
1777890311.3123324,5.0,-3.0,-74.0
1777890311.3223324,-1.0,-3.0,-73.0
1777890311.3323324,0.0,-6.0,-78.0
1777890311.3423324,-3.0,-3.0,-73.0
1777890311.3523324,-6.0,-6.0,-72.0
1777890311.3623323,-9.0,-5.0,-70.0
1777890311.3723323,-9.0,-2.0,-69.0
1777890311.3823323,-10.0,-6.0,-70.0
1777890311.3923323,-7.0,-10.0,-65.0
1777890311.4023323,-5.0,-12.0,-62.0
1777890311.4123323,-3.0,-12.0,-60.0
1777890311.4223323,-2.0,-9.0,-58.0
1777890311.4323325,-4.0,-9.0,-56.0
1777890311.4423325,-3.0,-8.0,-53.0
1777890311.4523325,-1.0,-6.0,-57.0
1777890311.4623325,-3.0,-6.0,-54.0
1777890311.4723325,-4.0,-4.0,-60.0
1777890311.4823325,-4.0,-3.0,-61.0
1777890311.4923325,-7.0,-2.0,-62.0
1777890311.5023324,-6.0,-3.0,-62.0
1777890311.5123324,-4.0,-5.0,-59.0
1777890311.5223324,-4.0,-3.0,-58.0
1777890311.5323324,1.0,0.0,-57.0
1777890311.5423324,0.0,1.0,-69.0
1777890311.5523324,-1.0,0.0,-73.0
1777890311.5623324,0.0,1.0,-73.0
1777890311.5723324,1.0,2.0,-81.0
1777890311.5823324,0.0,0.0,-75.0
1777890311.5923324,2.0,-1.0,-80.0
1777890311.6023324,3.0,-2.0,-74.0
1777890311.6123323,4.0,-6.0,-74.0
1777890311.6223323,4.0,-4.0,-71.0
1777890311.6323323,4.0,-5.0,-75.0
1777890311.6423323,0.0,-1.0,-76.0
1777890311.6523323,-2.0,-2.0,-73.0
1777890311.6623323,0.0,-3.0,-79.0
1777890311.6723323,-5.0,-1.0,-88.0
1777890311.6823325,1.0,-2.0,-80.0
1777890311.6933324,0.0,-6.0,-83.0
1777890311.7033324,0.0,-3.0,-81.0
1777890311.7133324,0.0,-2.0,-80.0
1777890311.7233324,0.0,3.0,-88.0
1777890311.7333324,4.0,1.0,-83.0
1777890311.7433324,0.0,2.0,-80.0
1777890311.7533324,0.0,1.0,-78.0
1777890311.7633324,-1.0,2.0,-78.0
1777890311.7733324,0.0,2.0,-79.0
1777890311.7833323,-3.0,6.0,-76.0
1777890311.7933323,-3.0,3.0,-78.0
1777890311.8033323,-6.0,4.0,-81.0
1777890311.8133323,-5.0,1.0,-79.0
1777890311.8233323,0.0,1.0,-76.0
1777890311.8333323,1.0,0.0,-71.0
1777890311.8433323,0.0,2.0,-76.0
1777890311.8533323,2.0,-1.0,-74.0
1777890311.8633325,4.0,0.0,-66.0
1777890311.8733325,4.0,3.0,-65.0
1777890311.8833325,2.0,1.0,-63.0
1777890311.8933325,-1.0,4.0,-65.0
1777890311.9033325,2.0,8.0,-71.0
1777890311.9133325,-3.0,7.0,-74.0
1777890311.9233325,-7.0,7.0,-70.0
1777890311.9333324,-10.0,3.0,-73.0
1777890311.9433324,-13.0,1.0,-74.0
1777890311.9533324,-7.0,3.0,-67.0
1777890311.9633324,-4.0,2.0,-67.0
1777890311.9733324,1.0,0.0,-73.0
1777890311.9833324,-2.0,0.0,-76.0
1777890311.9933324,0.0,-1.0,-80.0
1777890312.0033324,2.0,1.0,-76.0
1777890312.0133324,4.0,-1.0,-70.0
1777890312.0233324,1.0,-2.0,-70.0
1777890312.0333323,1.0,1.0,-74.0
1777890312.0433323,-1.0,0.0,-74.0
1777890312.0533323,-4.0,-3.0,-74.0
1777890312.0633323,-3.0,-3.0,-74.0
1777890312.0733323,-3.0,-2.0,-77.0
1777890312.0833323,5.0,3.0,-73.0
1777890312.0933323,3.0,5.0,-70.0
1777890312.1033323,0.0,3.0,-67.0
1777890312.1133325,5.0,5.0,-71.0
1777890312.1233325,7.0,8.0,-72.0
1777890312.1333325,7.0,7.0,-79.0
1777890312.1433325,3.0,4.0,-71.0
1777890312.1533325,5.0,4.0,-70.0
1777890312.1633325,4.0,5.0,-74.0
1777890312.1733325,6.0,2.0,-75.0
1777890312.1833324,4.0,-1.0,-72.0
1777890312.1933324,4.0,-5.0,-70.0
1777890312.2033324,4.0,-2.0,-63.0
1777890312.2133324,6.0,0.0,-60.0
1777890312.2233324,7.0,0.0,-63.0
1777890312.2333324,4.0,-1.0,-67.0
1777890312.2433324,0.0,0.0,-61.0
1777890312.2533324,-2.0,-1.0,-65.0
1777890312.2633324,-2.0,-2.0,-71.0
1777890312.2733324,-2.0,-5.0,-71.0
1777890312.2833323,-4.0,-4.0,-72.0
1777890312.2933323,-2.0,-1.0,-77.0
1777890312.3033323,0.0,-4.0,-75.0
1777890312.3133323,-2.0,-10.0,-78.0
1777890312.3233323,0.0,-6.0,-79.0
1777890312.3333323,-1.0,-6.0,-70.0
1777890312.3433323,-1.0,-1.0,-66.0
1777890312.3533323,-4.0,-3.0,-67.0
1777890312.3633325,2.0,-6.0,-70.0
1777890312.3733325,5.0,-7.0,-70.0
1777890312.3833325,6.0,-8.0,-77.0
1777890312.3933325,3.0,-2.0,-75.0
1777890312.4033325,6.0,0.0,-77.0
1777890312.4133325,-2.0,1.0,-75.0
1777890312.4233325,-1.0,-1.0,-74.0
1777890312.4333324,-1.0,0.0,-78.0
1777890312.4433324,-2.0,-1.0,-83.0
1777890312.4533324,-4.0,-1.0,-79.0
1777890312.4633324,-5.0,0.0,-78.0
1777890312.4733324,-6.0,-1.0,-75.0
1777890312.4833324,-6.0,1.0,-77.0
1777890312.4933324,-3.0,4.0,-72.0
1777890312.5033324,-4.0,1.0,-70.0
1777890312.5133324,-4.0,0.0,-68.0
1777890312.5233324,-4.0,0.0,-66.0
1777890312.5333323,-7.0,0.0,-73.0
1777890312.5433323,-9.0,2.0,-78.0
1777890312.5533323,-5.0,3.0,-81.0
1777890312.5633323,-1.0,2.0,-82.0
1777890312.5733323,0.0,1.0,-86.0
1777890312.5833323,1.0,0.0,-83.0
1777890312.5933323,0.0,1.0,-80.0
1777890312.6033323,-5.0,1.0,-79.0
1777890312.6133325,-6.0,0.0,-71.0
1777890312.6233325,-6.0,5.0,-68.0
1777890312.6333325,-5.0,0.0,-61.0
1777890312.6433325,0.0,1.0,-65.0
1777890312.6533325,-3.0,0.0,-68.0
1777890312.6633325,-2.0,-3.0,-70.0
1777890312.6733325,0.0,-3.0,-76.0
1777890312.6833324,3.0,-4.0,-77.0
1777890312.6933324,4.0,0.0,-75.0
1777890312.7033324,2.0,0.0,-69.0
1777890312.7133324,1.0,-2.0,-66.0
1777890312.7233324,0.0,-2.0,-69.0
1777890312.7333324,-3.0,-1.0,-70.0
1777890312.7433324,0.0,-1.0,-72.0
1777890312.7533324,-6.0,3.0,-73.0
1777890312.7633324,-6.0,4.0,-73.0
1777890312.7733324,-4.0,3.0,-74.0
1777890312.7833323,-7.0,4.0,-77.0
1777890312.7933323,-5.0,2.0,-79.0
1777890312.8033323,-3.0,3.0,-80.0
1777890312.8133323,-4.0,0.0,-82.0
1777890312.8233323,0.0,-3.0,-73.0
1777890312.8333323,4.0,0.0,-75.0
1777890312.8433323,6.0,6.0,-74.0
1777890312.8533323,9.0,5.0,-72.0
1777890312.8633325,8.0,9.0,-68.0
1777890312.8733325,7.0,5.0,-73.0
1777890312.8833325,8.0,3.0,-78.0
1777890312.8933325,8.0,3.0,-76.0
1777890312.9033325,5.0,0.0,-82.0
1777890312.9133325,3.0,0.0,-76.0
1777890312.9233325,6.0,-2.0,-74.0
1777890312.9333324,8.0,-5.0,-64.0
1777890312.9433324,6.0,-6.0,-64.0
1777890312.9533324,5.0,-9.0,-70.0
1777890312.9633324,8.0,-10.0,-71.0
1777890312.9733324,5.0,-7.0,-69.0
1777890312.9833324,6.0,-7.0,-72.0
1777890312.9933324,6.0,-4.0,-78.0
1777890313.0033324,5.0,2.0,-77.0
1777890313.0133324,0.0,2.0,-76.0
1777890313.0233324,-6.0,-1.0,-75.0
1777890313.0333323,-3.0,-6.0,-70.0
1777890313.0433323,-3.0,-3.0,-70.0
1777890313.0533323,-2.0,2.0,-66.0
1777890313.0633323,2.0,0.0,-66.0
1777890313.0733323,2.0,3.0,-68.0
1777890313.0833323,-1.0,1.0,-68.0
1777890313.0933323,-3.0,0.0,-64.0
1777890313.1033323,0.0,4.0,-60.0
1777890313.1133325,4.0,8.0,-62.0
1777890313.1233325,2.0,4.0,-68.0
1777890313.1333325,6.0,2.0,-74.0
1777890313.1433325,5.0,2.0,-75.0
1777890313.1533325,4.0,2.0,-77.0
1777890313.1633325,4.0,1.0,-76.0
1777890313.1733325,6.0,0.0,-72.0
1777890313.1833324,2.0,0.0,-67.0
1777890313.1933324,-2.0,1.0,-72.0
1777890313.2033324,-5.0,1.0,-74.0
1777890313.2133324,-5.0,3.0,-64.0
1777890313.2233324,-2.0,4.0,-65.0
1777890313.2333324,-4.0,5.0,-74.0
1777890313.2433324,-1.0,7.0,-70.0
1777890313.2533324,0.0,0.0,-70.0
1777890313.2633324,-1.0,-3.0,-70.0
1777890313.2733324,3.0,0.0,-72.0
1777890313.2833323,5.0,4.0,-72.0
1777890313.2933323,6.0,0.0,-70.0
1777890313.3033323,4.0,0.0,-73.0
1777890313.3133323,2.0,-3.0,-71.0
1777890313.3233323,2.0,-4.0,-72.0
1777890313.3333323,-2.0,-5.0,-72.0
1777890313.3433323,-2.0,-3.0,-68.0
1777890313.3533323,-2.0,-7.0,-67.0
1777890313.3633325,-1.0,-6.0,-67.0
1777890313.3733325,-4.0,-3.0,-70.0
1777890313.3833325,-1.0,-1.0,-74.0
1777890313.3933325,-6.0,-2.0,-74.0
1777890313.4033325,-5.0,-2.0,-74.0
1777890313.4133325,0.0,-5.0,-74.0
1777890313.4233325,4.0,-8.0,-69.0
1777890313.4333324,5.0,-7.0,-68.0
1777890313.4433324,12.0,-6.0,-79.0
1777890313.4533324,12.0,-6.0,-84.0
1777890313.4633324,4.0,-6.0,-87.0
1777890313.4733324,2.0,-7.0,-88.0
1777890313.4833324,4.0,-7.0,-86.0
1777890313.4933324,5.0,-1.0,-85.0
1777890313.5033324,2.0,0.0,-85.0
1777890313.5133324,3.0,0.0,-82.0
1777890313.5233324,1.0,0.0,-76.0
1777890313.5333323,0.0,-4.0,-76.0
1777890313.5433323,1.0,-3.0,-73.0
1777890313.5533323,2.0,-7.0,-68.0
1777890313.5633323,0.0,-8.0,-68.0
1777890313.5733323,0.0,-8.0,-69.0
1777890313.5833323,0.0,-3.0,-77.0
1777890313.5933323,2.0,-8.0,-73.0
1777890313.6033323,-1.0,-4.0,-71.0
1777890313.6133325,-1.0,-6.0,-64.0
1777890313.6233325,-1.0,-1.0,-62.0
1777890313.6333325,3.0,0.0,-68.0
1777890313.6433325,2.0,0.0,-69.0
1777890313.6533325,0.0,2.0,-71.0
1777890313.6633325,1.0,3.0,-69.0
1777890313.6733325,3.0,4.0,-69.0
1777890313.6833324,1.0,1.0,-72.0
1777890313.6943324,-6.0,0.0,-72.0
1777890313.7043324,-3.0,2.0,-74.0
1777890313.7133324,-3.0,2.0,-77.0
1777890313.7243323,-1.0,0.0,-72.0
1777890313.7343323,-3.0,0.0,-73.0
1777890313.7443323,-7.0,1.0,-74.0
1777890313.7543323,-7.0,-2.0,-79.0
1777890313.7643323,-7.0,0.0,-76.0
1777890313.7743323,-3.0,1.0,-74.0
1777890313.7843325,-4.0,4.0,-71.0
1777890313.7943325,3.0,3.0,-69.0
1777890313.8043325,6.0,4.0,-70.0
1777890313.8143325,10.0,4.0,-77.0
1777890313.8243325,7.0,3.0,-77.0
1777890313.8343325,4.0,0.0,-78.0
1777890313.8443325,4.0,2.0,-79.0
1777890313.8543324,0.0,0.0,-85.0
1777890313.8643324,-4.0,0.0,-82.0
1777890313.8743324,0.0,1.0,-79.0
1777890313.8843324,-1.0,-3.0,-75.0
1777890313.8943324,-2.0,0.0,-75.0
1777890313.9043324,0.0,0.0,-80.0
1777890313.9143324,0.0,0.0,-78.0
1777890313.9243324,2.0,4.0,-79.0
1777890313.9343324,0.0,2.0,-75.0
1777890313.9443324,0.0,2.0,-78.0
1777890313.9543324,-1.0,0.0,-80.0
1777890313.9643323,-2.0,-1.0,-81.0
1777890313.9743323,-2.0,0.0,-74.0
1777890313.9843323,-2.0,3.0,-74.0
1777890313.9943323,-3.0,1.0,-67.0
1777890314.0043323,-2.0,-1.0,-67.0
1777890314.0143323,-4.0,-3.0,-62.0
1777890314.0243323,-2.0,-1.0,-60.0
1777890314.0343325,-3.0,2.0,-61.0
1777890314.0443325,-3.0,0.0,-61.0
1777890314.0543325,0.0,-1.0,-64.0
1777890314.0643325,0.0,-3.0,-63.0
1777890314.0743325,-2.0,-8.0,-66.0
1777890314.0843325,-4.0,-6.0,-63.0
1777890314.0943325,-2.0,-4.0,-64.0
1777890314.1043324,0.0,-5.0,-63.0
1777890314.1143324,2.0,-6.0,-67.0
1777890314.1243324,3.0,-8.0,-69.0
1777890314.1343324,2.0,-7.0,-69.0
1777890314.1443324,5.0,-7.0,-73.0
1777890314.1543324,6.0,-7.0,-76.0
1777890314.1643324,6.0,-9.0,-77.0
1777890314.1743324,2.0,-7.0,-74.0
1777890314.1843324,0.0,-3.0,-81.0
1777890314.1943324,0.0,-2.0,-81.0
1777890314.2043324,-2.0,-5.0,-76.0
1777890314.2143323,-3.0,-4.0,-74.0
1777890314.2243323,-4.0,-2.0,-87.0
1777890314.2343323,-3.0,0.0,-87.0
1777890314.2443323,-4.0,2.0,-76.0
1777890314.2543323,-7.0,2.0,-83.0
1777890314.2643323,-5.0,0.0,-79.0
1777890314.2743323,3.0,-1.0,-81.0
1777890314.2843325,8.0,0.0,-87.0
1777890314.2943325,4.0,1.0,-71.0
1777890314.3043325,6.0,1.0,-68.0
1777890314.3143325,5.0,2.0,-73.0
1777890314.3243325,10.0,1.0,-75.0
1777890314.3343325,6.0,4.0,-76.0
1777890314.3443325,8.0,2.0,-81.0
1777890314.3543324,2.0,-1.0,-88.0
1777890314.3643324,1.0,-4.0,-89.0
1777890314.3743324,-1.0,-4.0,-91.0
1777890314.3843324,-3.0,-1.0,-87.0
1777890314.3943324,-1.0,-1.0,-87.0
1777890314.4043324,-3.0,-3.0,-88.0
1777890314.4143324,-6.0,-3.0,-84.0
1777890314.4243324,-4.0,1.0,-86.0
1777890314.4343324,-3.0,3.0,-84.0
1777890314.4443324,-1.0,3.0,-81.0
1777890314.4543324,-2.0,0.0,-76.0
1777890314.4643323,-5.0,3.0,-80.0
1777890314.4743323,-3.0,5.0,-75.0
1777890314.4843323,0.0,3.0,-81.0
1777890314.4943323,-1.0,7.0,-80.0
1777890314.5043323,1.0,5.0,-78.0
1777890314.5143323,0.0,2.0,-74.0
1777890314.5243323,0.0,0.0,-73.0
1777890314.5343325,0.0,-1.0,-72.0
1777890314.5443325,1.0,-1.0,-68.0
1777890314.5543325,0.0,-2.0,-71.0
1777890314.5643325,0.0,-4.0,-74.0
1777890314.5743325,0.0,-2.0,-82.0
1777890314.5843325,1.0,-1.0,-82.0
1777890314.5943325,1.0,-1.0,-86.0
1777890314.6043324,-1.0,-1.0,-86.0
1777890314.6143324,0.0,-2.0,-87.0
1777890314.6243324,2.0,-5.0,-89.0
1777890314.6343324,4.0,-3.0,-79.0
1777890314.6443324,2.0,-1.0,-75.0
1777890314.6543324,-1.0,0.0,-65.0
1777890314.6643324,-2.0,0.0,-68.0
1777890314.6743324,-3.0,0.0,-70.0
1777890314.6843324,-4.0,0.0,-71.0
1777890314.6943324,0.0,0.0,-80.0
1777890314.7043324,2.0,0.0,-81.0
1777890314.7143323,2.0,-4.0,-79.0
1777890314.7243323,4.0,-1.0,-86.0
1777890314.7343323,2.0,-1.0,-85.0
1777890314.7443323,1.0,-1.0,-82.0
1777890314.7543323,4.0,-1.0,-78.0
1777890314.7643323,3.0,-4.0,-75.0
1777890314.7743323,5.0,-1.0,-76.0
1777890314.7843325,8.0,-2.0,-79.0
1777890314.7943325,6.0,-6.0,-77.0
1777890314.8043325,7.0,-7.0,-80.0
1777890314.8143325,5.0,-8.0,-75.0
1777890314.8243325,0.0,-8.0,-75.0
1777890314.8343325,2.0,-8.0,-81.0
1777890314.8443325,4.0,-6.0,-80.0
1777890314.8543324,1.0,-6.0,-75.0
1777890314.8643324,2.0,-8.0,-76.0
1777890314.8743324,3.0,-8.0,-77.0
1777890314.8843324,5.0,-4.0,-80.0
1777890314.8943324,6.0,-5.0,-85.0
1777890314.9043324,5.0,-7.0,-82.0
1777890314.9143324,4.0,-5.0,-80.0
1777890314.9243324,4.0,-3.0,-83.0
1777890314.9343324,5.0,-3.0,-86.0
1777890314.9443324,3.0,-5.0,-78.0
1777890314.9543324,3.0,-6.0,-76.0
1777890314.9643323,5.0,-5.0,-82.0
1777890314.9743323,6.0,-2.0,-76.0
1777890314.9843323,8.0,-3.0,-72.0
1777890314.9943323,5.0,-6.0,-73.0
1777890315.0043323,0.0,-1.0,-80.0
1777890315.0143323,-2.0,-1.0,-84.0
1777890315.0243323,-4.0,-3.0,-80.0
1777890315.0343325,0.0,-1.0,-81.0
1777890315.0443325,1.0,-3.0,-86.0
1777890315.0543325,1.0,-1.0,-83.0
1777890315.0643325,2.0,-4.0,-81.0
1777890315.0743325,2.0,1.0,-80.0
1777890315.0843325,2.0,0.0,-78.0
1777890315.0943325,5.0,0.0,-78.0
1777890315.1043324,7.0,0.0,-74.0
1777890315.1143324,9.0,0.0,-78.0
1777890315.1243324,3.0,0.0,-72.0
1777890315.1343324,4.0,0.0,-75.0
1777890315.1443324,3.0,1.0,-78.0
1777890315.1543324,0.0,2.0,-82.0
1777890315.1643324,-1.0,0.0,-80.0
1777890315.1743324,0.0,-2.0,-75.0
1777890315.1843324,1.0,-3.0,-71.0
1777890315.1943324,5.0,0.0,-75.0
1777890315.2043324,6.0,0.0,-76.0
1777890315.2143323,3.0,-1.0,-71.0
1777890315.2253325,2.0,1.0,-72.0
1777890315.2343323,8.0,6.0,-67.0
1777890315.2443323,7.0,5.0,-67.0
1777890315.2543323,0.0,3.0,-72.0
1777890315.2643323,2.0,3.0,-77.0
1777890315.2743323,6.0,2.0,-78.0
1777890315.2843325,3.0,2.0,-68.0
1777890315.2943325,2.0,2.0,-71.0
1777890315.3043325,7.0,2.0,-70.0
1777890315.3143325,4.0,1.0,-71.0
1777890315.3243325,3.0,1.0,-71.0
1777890315.3343325,0.0,0.0,-77.0
1777890315.3443325,-1.0,0.0,-81.0
1777890315.3543324,4.0,-1.0,-81.0
1777890315.3643324,3.0,-3.0,-76.0
1777890315.3743324,4.0,-4.0,-82.0
1777890315.3843324,9.0,1.0,-83.0
1777890315.3943324,9.0,5.0,-78.0
1777890315.4043324,7.0,1.0,-71.0
1777890315.4143324,8.0,-1.0,-70.0
1777890315.4243324,2.0,1.0,-70.0
1777890315.4343324,1.0,-2.0,-69.0
1777890315.4443324,0.0,-5.0,-74.0
1777890315.4543324,1.0,0.0,-82.0
1777890315.4643323,4.0,-3.0,-80.0
1777890315.4743323,4.0,-3.0,-81.0
1777890315.4843323,4.0,-1.0,-81.0
1777890315.4943323,2.0,-3.0,-74.0
1777890315.5043323,4.0,2.0,-69.0
1777890315.5143323,6.0,-2.0,-74.0
1777890315.5243323,8.0,0.0,-75.0
1777890315.5343325,9.0,0.0,-83.0
1777890315.5443325,8.0,0.0,-86.0
1777890315.5543325,6.0,1.0,-85.0
1777890315.5643325,4.0,1.0,-83.0
1777890315.5743325,1.0,5.0,-77.0
1777890315.5843325,0.0,2.0,-77.0
1777890315.5943325,-3.0,0.0,-81.0
1777890315.6043324,-3.0,-2.0,-79.0
1777890315.6143324,-1.0,-4.0,-79.0
1777890315.6243324,0.0,0.0,-80.0
1777890315.6343324,0.0,-1.0,-70.0
1777890315.6453323,1.0,1.0,-67.0
1777890315.6543324,6.0,0.0,-65.0
1777890315.6653323,8.0,-2.0,-67.0
1777890315.6743324,10.0,-2.0,-69.0
1777890315.6853323,10.0,2.0,-73.0
1777890315.6953323,8.0,3.0,-74.0
1777890315.7053325,6.0,2.0,-67.0
1777890315.7153325,6.0,-1.0,-63.0
1777890315.7253325,9.0,-2.0,-73.0
1777890315.7353325,2.0,-4.0,-73.0
1777890315.7453325,4.0,-3.0,-70.0
1777890315.7553325,2.0,-3.0,-72.0
1777890315.7653325,2.0,0.0,-69.0
1777890315.7753325,-3.0,2.0,-77.0
1777890315.7853324,-4.0,2.0,-77.0
1777890315.7953324,-2.0,0.0,-77.0
1777890315.8053324,-5.0,2.0,-76.0
1777890315.8153324,-5.0,4.0,-77.0
1777890315.8253324,-6.0,3.0,-79.0
1777890315.8353324,-5.0,4.0,-79.0
1777890315.8453324,-1.0,3.0,-74.0
1777890315.8553324,2.0,6.0,-77.0
1777890315.8653324,6.0,7.0,-76.0
1777890315.8753324,7.0,5.0,-77.0
1777890315.8853323,6.0,1.0,-79.0
1777890315.8953323,3.0,-4.0,-80.0
1777890315.9053323,2.0,-3.0,-77.0
1777890315.9153323,3.0,0.0,-72.0
1777890315.9253323,0.0,0.0,-77.0
1777890315.9353323,1.0,-2.0,-74.0
1777890315.9453323,3.0,-1.0,-75.0
1777890315.9553325,2.0,1.0,-64.0
1777890315.9653325,2.0,0.0,-67.0
1777890315.9753325,-1.0,4.0,-66.0
1777890315.9853325,0.0,4.0,-67.0
1777890315.9953325,1.0,3.0,-67.0
1777890316.0053325,2.0,4.0,-74.0
1777890316.0153325,4.0,5.0,-80.0
1777890316.0253325,3.0,2.0,-78.0
1777890316.0353324,4.0,0.0,-82.0
1777890316.0453324,4.0,2.0,-73.0
1777890316.0553324,7.0,1.0,-70.0
1777890316.0653324,6.0,2.0,-68.0
1777890316.0753324,4.0,3.0,-62.0
1777890316.0853324,5.0,0.0,-60.0
1777890316.0953324,1.0,3.0,-63.0
1777890316.1053324,0.0,2.0,-71.0
1777890316.1153324,-1.0,4.0,-71.0
1777890316.1253324,-2.0,5.0,-71.0
1777890316.1353323,0.0,0.0,-75.0
1777890316.1453323,1.0,0.0,-70.0
1777890316.1553323,0.0,-3.0,-67.0
1777890316.1653323,-4.0,-4.0,-62.0
1777890316.1753323,-3.0,-5.0,-63.0
1777890316.1853323,-1.0,-3.0,-66.0
1777890316.1953323,-4.0,-1.0,-67.0
1777890316.2053325,-8.0,0.0,-69.0
1777890316.2153325,-13.0,-2.0,-65.0
1777890316.2253325,-11.0,-1.0,-74.0
1777890316.2353325,-5.0,0.0,-68.0
1777890316.2453325,-4.0,-2.0,-72.0
1777890316.2553325,-1.0,-1.0,-75.0
1777890316.2653325,0.0,-4.0,-76.0
1777890316.2753325,-3.0,-6.0,-72.0
1777890316.2853324,-1.0,-6.0,-67.0
1777890316.2953324,0.0,-3.0,-75.0
1777890316.3053324,-7.0,-1.0,-79.0
1777890316.3153324,-8.0,-2.0,-82.0
1777890316.3253324,-3.0,-2.0,-87.0
1777890316.3353324,0.0,1.0,-86.0
1777890316.3453324,5.0,-2.0,-82.0
1777890316.3553324,4.0,-3.0,-79.0
1777890316.3653324,7.0,-3.0,-70.0
1777890316.3753324,0.0,-7.0,-74.0
1777890316.3853323,-3.0,-8.0,-84.0
1777890316.3953323,-1.0,-6.0,-84.0
1777890316.4053323,4.0,-5.0,-87.0
1777890316.4153323,1.0,0.0,-83.0
1777890316.4253323,0.0,0.0,-87.0
1777890316.4353323,0.0,0.0,-86.0
1777890316.4453323,-4.0,0.0,-82.0
1777890316.4553325,-9.0,1.0,-78.0
1777890316.4653325,-10.0,5.0,-72.0
1777890316.4753325,-7.0,0.0,-64.0
1777890316.4853325,-8.0,0.0,-65.0
1777890316.4953325,-8.0,1.0,-68.0
1777890316.5053325,-2.0,-1.0,-70.0
1777890316.5153325,0.0,-8.0,-71.0
1777890316.5253325,0.0,-9.0,-72.0
1777890316.5353324,-1.0,-5.0,-72.0
1777890316.5453324,-2.0,-2.0,-71.0
1777890316.5553324,-3.0,-4.0,-79.0
1777890316.5653324,-2.0,-8.0,-83.0
1777890316.5753324,-5.0,-4.0,-83.0
1777890316.5853324,-4.0,-4.0,-85.0
1777890316.5953324,-3.0,0.0,-85.0
1777890316.6053324,-1.0,-2.0,-79.0
1777890316.6153324,-3.0,-1.0,-88.0
1777890316.6253324,-8.0,3.0,-84.0
1777890316.6353323,-5.0,5.0,-82.0
1777890316.6453323,-4.0,5.0,-85.0
1777890316.6553323,-3.0,5.0,-78.0
1777890316.6653323,-3.0,7.0,-82.0
1777890316.6753323,-1.0,7.0,-82.0
1777890316.6853323,-2.0,5.0,-79.0
1777890316.6953323,0.0,1.0,-71.0
1777890316.7053325,1.0,2.0,-73.0
1777890316.7153325,1.0,4.0,-75.0
1777890316.7253325,4.0,8.0,-75.0
1777890316.7353325,2.0,6.0,-66.0
1777890316.7453325,0.0,3.0,-65.0
1777890316.7553325,1.0,1.0,-63.0
1777890316.7653325,3.0,-4.0,-69.0
1777890316.7753325,-1.0,0.0,-68.0
1777890316.7853324,-2.0,0.0,-75.0
1777890316.7953324,-2.0,0.0,-72.0
1777890316.8053324,2.0,-3.0,-72.0
1777890316.8153324,4.0,-4.0,-73.0
1777890316.8253324,1.0,-6.0,-67.0
1777890316.8353324,-1.0,-6.0,-68.0
1777890316.8453324,-1.0,-2.0,-71.0
1777890316.8553324,0.0,-3.0,-76.0
1777890316.8653324,2.0,-6.0,-76.0
1777890316.8753324,2.0,-7.0,-79.0
1777890316.8853323,2.0,-6.0,-85.0
1777890316.8953323,2.0,-10.0,-78.0
1777890316.9053323,5.0,-10.0,-83.0
1777890316.9153323,7.0,-10.0,-75.0
1777890316.9253323,2.0,-11.0,-69.0
1777890316.9353323,3.0,-5.0,-67.0
1777890316.9453323,2.0,-8.0,-65.0
1777890316.9553325,2.0,-7.0,-68.0
1777890316.9653325,-1.0,-5.0,-72.0
1777890316.9753325,-2.0,1.0,-69.0
1777890316.9853325,-1.0,-1.0,-65.0
1777890316.9953325,-1.0,0.0,-66.0
1777890317.0053325,2.0,-1.0,-65.0
1777890317.0153325,6.0,-5.0,-63.0
1777890317.0253325,8.0,-6.0,-63.0
1777890317.0353324,4.0,-2.0,-63.0
1777890317.0453324,5.0,-6.0,-70.0
1777890317.0553324,0.0,-6.0,-69.0
1777890317.0653324,-1.0,-3.0,-66.0
1777890317.0753324,-1.0,0.0,-67.0
1777890317.0853324,5.0,0.0,-70.0
1777890317.0953324,3.0,0.0,-67.0
1777890317.1053324,1.0,-2.0,-62.0
1777890317.1153324,4.0,-3.0,-65.0
1777890317.1253324,4.0,-4.0,-69.0
1777890317.1353323,4.0,-1.0,-70.0
1777890317.1453323,6.0,0.0,-77.0
1777890317.1553323,2.0,0.0,-78.0
1777890317.1653323,-1.0,2.0,-78.0
1777890317.1753323,0.0,2.0,-76.0
1777890317.1853323,-1.0,0.0,-78.0
1777890317.1953323,-4.0,-1.0,-73.0
1777890317.2053325,1.0,0.0,-72.0
1777890317.2153325,-5.0,3.0,-68.0
1777890317.2253325,2.0,3.0,-73.0
1777890317.2353325,3.0,2.0,-76.0
1777890317.2453325,-2.0,0.0,-74.0
1777890317.2553325,-6.0,-1.0,-75.0
1777890317.2653325,-6.0,-1.0,-74.0
1777890317.2753325,-5.0,-3.0,-72.0
1777890317.2853324,-2.0,-2.0,-71.0
1777890317.2953324,0.0,-3.0,-70.0
1777890317.3053324,0.0,-3.0,-75.0
1777890317.3153324,-1.0,-2.0,-76.0
1777890317.3253324,0.0,0.0,-80.0
1777890317.3353324,0.0,0.0,-76.0
1777890317.3463323,0.0,0.0,-83.0
1777890317.3553324,-1.0,0.0,-81.0
1777890317.3653324,-1.0,0.0,-74.0
1777890317.3753324,-3.0,0.0,-64.0
1777890317.3853323,-3.0,-5.0,-60.0
1777890317.3953323,0.0,-7.0,-67.0
1777890317.4053323,2.0,-3.0,-71.0
1777890317.4153323,1.0,-5.0,-75.0
1777890317.4253323,3.0,0.0,-76.0
1777890317.4353323,8.0,0.0,-76.0
1777890317.4453323,5.0,0.0,-79.0
1777890317.4553325,6.0,1.0,-81.0
1777890317.4653325,4.0,0.0,-80.0
1777890317.4753325,8.0,2.0,-73.0
1777890317.4853325,6.0,0.0,-65.0
1777890317.4953325,4.0,0.0,-65.0
1777890317.5053325,5.0,-1.0,-72.0
1777890317.5153325,8.0,-2.0,-69.0
1777890317.5253325,5.0,-3.0,-72.0
1777890317.5353324,-1.0,-5.0,-82.0
1777890317.5453324,-2.0,-7.0,-80.0
1777890317.5553324,-1.0,-10.0,-72.0
1777890317.5653324,-4.0,-4.0,-71.0
1777890317.5753324,-2.0,-3.0,-69.0
1777890317.5853324,-4.0,-2.0,-76.0
1777890317.5953324,-4.0,-3.0,-74.0
1777890317.6053324,-5.0,-3.0,-67.0
1777890317.6153324,-5.0,-5.0,-67.0
1777890317.6253324,-5.0,-1.0,-69.0
1777890317.6353323,-5.0,0.0,-73.0
1777890317.6463325,-2.0,0.0,-76.0
1777890317.6553323,1.0,-2.0,-75.0
1777890317.6663325,1.0,-3.0,-76.0
1777890317.6763325,1.0,0.0,-76.0
1777890317.6863325,2.0,0.0,-76.0
1777890317.6963325,1.0,-4.0,-77.0
1777890317.7063324,-1.0,-5.0,-79.0
1777890317.7163324,0.0,-2.0,-73.0
1777890317.7263324,2.0,2.0,-70.0
1777890317.7363324,7.0,0.0,-67.0
1777890317.7463324,10.0,-6.0,-71.0
1777890317.7563324,11.0,-4.0,-77.0
1777890317.7663324,10.0,-4.0,-83.0
1777890317.7763324,7.0,-4.0,-83.0
1777890317.7863324,2.0,-1.0,-81.0
1777890317.7963324,1.0,2.0,-79.0
1777890317.8063323,-1.0,4.0,-75.0
1777890317.8163323,-2.0,1.0,-67.0
1777890317.8263323,0.0,2.0,-73.0
1777890317.8363323,-4.0,0.0,-76.0
1777890317.8463323,0.0,-2.0,-76.0
1777890317.8563323,2.0,0.0,-73.0
1777890317.8663323,1.0,3.0,-71.0
1777890317.8763323,1.0,7.0,-70.0
1777890317.8863325,0.0,4.0,-71.0
1777890317.8963325,2.0,4.0,-77.0
1777890317.9063325,0.0,1.0,-74.0
1777890317.9163325,4.0,0.0,-74.0
1777890317.9263325,7.0,1.0,-70.0
1777890317.9363325,3.0,1.0,-71.0
1777890317.9463325,6.0,0.0,-69.0
1777890317.9563324,7.0,1.0,-68.0
1777890317.9663324,0.0,1.0,-67.0
1777890317.9763324,-1.0,0.0,-66.0
1777890317.9863324,-4.0,-5.0,-77.0
1777890317.9963324,-1.0,-8.0,-74.0
1777890318.0063324,0.0,-4.0,-81.0
1777890318.0163324,-1.0,-4.0,-77.0
1777890318.0263324,0.0,1.0,-78.0
1777890318.0363324,0.0,0.0,-77.0
1777890318.0463324,-1.0,1.0,-81.0
1777890318.0563323,0.0,1.0,-81.0
1777890318.0663323,0.0,-5.0,-82.0
1777890318.0763323,3.0,-5.0,-79.0
1777890318.0863323,6.0,-5.0,-75.0
1777890318.0963323,5.0,-2.0,-77.0
1777890318.1063323,2.0,0.0,-76.0
1777890318.1163323,2.0,-1.0,-79.0
1777890318.1263323,2.0,-3.0,-84.0
1777890318.1363325,7.0,2.0,-80.0
1777890318.1463325,9.0,1.0,-74.0
1777890318.1563325,7.0,0.0,-72.0
1777890318.1663325,4.0,-2.0,-68.0
1777890318.1763325,1.0,-2.0,-62.0
1777890318.1863325,4.0,-4.0,-60.0
1777890318.1963325,4.0,-5.0,-60.0
1777890318.2063324,-2.0,-7.0,-59.0
1777890318.2163324,-1.0,-9.0,-67.0
1777890318.2263324,-1.0,-7.0,-66.0
1777890318.2363324,0.0,-6.0,-63.0
1777890318.2463324,-1.0,-7.0,-67.0
1777890318.2563324,-2.0,-2.0,-72.0
1777890318.2663324,0.0,-4.0,-74.0
1777890318.2763324,0.0,-2.0,-79.0
1777890318.2863324,0.0,-2.0,-76.0
1777890318.2963324,2.0,-4.0,-80.0
1777890318.3063323,4.0,-4.0,-82.0
1777890318.3163323,3.0,-1.0,-81.0
1777890318.3263323,3.0,-5.0,-76.0
1777890318.3363323,-1.0,-3.0,-80.0
1777890318.3463323,0.0,1.0,-81.0
1777890318.3563323,-1.0,4.0,-85.0
1777890318.3663323,-6.0,3.0,-84.0
1777890318.3763323,-6.0,0.0,-80.0
1777890318.3863325,0.0,-1.0,-79.0
1777890318.3963325,-1.0,0.0,-77.0
1777890318.4063325,-2.0,3.0,-83.0
1777890318.4163325,-1.0,2.0,-87.0
1777890318.4263325,-2.0,0.0,-81.0
1777890318.4363325,0.0,-1.0,-76.0
1777890318.4463325,-1.0,1.0,-83.0
1777890318.4563324,1.0,0.0,-88.0
1777890318.4663324,-3.0,-1.0,-88.0
1777890318.4763324,-2.0,-1.0,-84.0
1777890318.4863324,-1.0,0.0,-75.0
1777890318.4963324,0.0,1.0,-77.0
1777890318.5063324,5.0,0.0,-78.0
1777890318.5163324,6.0,0.0,-75.0
1777890318.5263324,1.0,0.0,-69.0
1777890318.5363324,3.0,5.0,-68.0
1777890318.5463324,3.0,5.0,-73.0
1777890318.5563323,1.0,6.0,-77.0
1777890318.5663323,1.0,3.0,-84.0
1777890318.5763323,1.0,3.0,-82.0
1777890318.5863323,0.0,7.0,-78.0
1777890318.5963323,2.0,8.0,-83.0
1777890318.6063323,0.0,8.0,-79.0
1777890318.6163323,-1.0,7.0,-73.0
1777890318.6263323,-2.0,6.0,-74.0
1777890318.6363325,-8.0,3.0,-71.0
1777890318.6463325,-6.0,1.0,-66.0
1777890318.6563325,-5.0,2.0,-62.0
1777890318.6663325,-5.0,-1.0,-62.0
1777890318.6763325,-1.0,-5.0,-67.0
1777890318.6863325,1.0,-2.0,-68.0
1777890318.6963325,2.0,1.0,-67.0
1777890318.7063324,-2.0,1.0,-72.0
1777890318.7163324,-6.0,0.0,-70.0
1777890318.7263324,-6.0,0.0,-66.0
1777890318.7363324,-5.0,0.0,-63.0
1777890318.7463324,-1.0,-2.0,-60.0
1777890318.7563324,4.0,-4.0,-63.0
1777890318.7663324,2.0,1.0,-70.0
1777890318.7763324,1.0,1.0,-72.0
1777890318.7863324,-1.0,0.0,-78.0
1777890318.7963324,-1.0,0.0,-78.0
1777890318.8063323,-1.0,-1.0,-86.0
1777890318.8163323,-3.0,-1.0,-80.0
1777890318.8263323,-3.0,-3.0,-83.0
1777890318.8363323,-5.0,-3.0,-83.0
1777890318.8463323,-9.0,-8.0,-82.0
1777890318.8563323,-7.0,-4.0,-88.0
1777890318.8663323,-6.0,0.0,-84.0
1777890318.8763323,-3.0,0.0,-84.0
1777890318.8863325,-5.0,1.0,-80.0
1777890318.8963325,-2.0,0.0,-74.0
1777890318.9063325,-2.0,-1.0,-74.0
1777890318.9163325,-1.0,0.0,-66.0
1777890318.9263325,-3.0,4.0,-68.0
1777890318.9363325,-5.0,3.0,-67.0
1777890318.9463325,-2.0,3.0,-70.0
1777890318.9563324,-1.0,1.0,-71.0
1777890318.9663324,0.0,0.0,-74.0
1777890318.9763324,0.0,-4.0,-75.0
1777890318.9863324,0.0,-1.0,-77.0
1777890318.9963324,-4.0,-1.0,-73.0
1777890319.0063324,-3.0,0.0,-72.0
1777890319.0163324,-1.0,0.0,-81.0
1777890319.0263324,0.0,3.0,-86.0
1777890319.0363324,0.0,2.0,-89.0
1777890319.0463324,3.0,1.0,-88.0
1777890319.0563323,4.0,1.0,-79.0
1777890319.0663323,3.0,3.0,-76.0
1777890319.0763323,0.0,1.0,-75.0
1777890319.0863323,-4.0,0.0,-73.0
1777890319.0963323,-2.0,1.0,-72.0
1777890319.1063323,-5.0,-1.0,-71.0
1777890319.1163323,-6.0,0.0,-69.0
1777890319.1263323,0.0,-1.0,-73.0
1777890319.1363325,3.0,1.0,-70.0
1777890319.1463325,0.0,-4.0,-73.0
1777890319.1563325,3.0,-2.0,-68.0
1777890319.1663325,-1.0,0.0,-61.0
1777890319.1763325,-4.0,1.0,-58.0
1777890319.1863325,-2.0,0.0,-59.0
1777890319.1963325,-1.0,0.0,-61.0
1777890319.2063324,-1.0,-2.0,-67.0
1777890319.2163324,-3.0,-8.0,-67.0
1777890319.2263324,-4.0,-5.0,-64.0
1777890319.2363324,-4.0,-3.0,-66.0
1777890319.2463324,-3.0,0.0,-63.0
1777890319.2573323,-8.0,-2.0,-52.0
1777890319.2663324,-2.0,-6.0,-52.0
1777890319.2763324,1.0,-7.0,-50.0
1777890319.2863324,1.0,-8.0,-56.0
1777890319.2963324,2.0,-8.0,-63.0
1777890319.3063323,3.0,-11.0,-63.0
1777890319.3163323,5.0,-10.0,-71.0
1777890319.3263323,4.0,-10.0,-70.0
1777890319.3363323,9.0,-6.0,-66.0
1777890319.3463323,12.0,-5.0,-64.0
1777890319.3563323,15.0,-3.0,-66.0
1777890319.3663323,10.0,-3.0,-66.0
1777890319.3763323,8.0,-2.0,-67.0
1777890319.3863325,10.0,0.0,-67.0
1777890319.3963325,10.0,0.0,-62.0
1777890319.4063325,7.0,-2.0,-68.0
1777890319.4163325,4.0,-6.0,-71.0
1777890319.4263325,3.0,1.0,-80.0
1777890319.4363325,1.0,1.0,-83.0
1777890319.4463325,0.0,0.0,-83.0
1777890319.4563324,-1.0,-3.0,-75.0
1777890319.4663324,-1.0,-5.0,-76.0
1777890319.4763324,2.0,-1.0,-74.0
1777890319.4863324,5.0,-2.0,-74.0
1777890319.4963324,2.0,-7.0,-73.0
1777890319.5063324,0.0,-7.0,-71.0
1777890319.5163324,0.0,-4.0,-65.0
1777890319.5263324,0.0,-2.0,-63.0
1777890319.5363324,-3.0,-6.0,-65.0
1777890319.5463324,-1.0,-6.0,-66.0
1777890319.5563323,-1.0,-5.0,-78.0
1777890319.5663323,-3.0,-4.0,-75.0
1777890319.5763323,-1.0,0.0,-78.0
1777890319.5863323,0.0,2.0,-72.0
1777890319.5963323,5.0,2.0,-71.0
1777890319.6073325,9.0,0.0,-64.0
1777890319.6163323,8.0,0.0,-65.0
1777890319.6263323,7.0,2.0,-72.0
1777890319.6373324,9.0,1.0,-71.0
1777890319.6463325,3.0,-1.0,-71.0
1777890319.6573324,7.0,-2.0,-70.0
1777890319.6673324,4.0,-4.0,-65.0
1777890319.6773324,-1.0,-2.0,-69.0
1777890319.6873324,1.0,1.0,-66.0
1777890319.6973324,-6.0,-2.0,-68.0
1777890319.7073324,-7.0,-1.0,-74.0
1777890319.7173324,-9.0,-1.0,-79.0
1777890319.7273324,-11.0,1.0,-82.0
1777890319.7373323,-11.0,4.0,-77.0
1777890319.7473323,-4.0,4.0,-74.0
1777890319.7573323,-5.0,3.0,-75.0
1777890319.7673323,-3.0,1.0,-73.0
1777890319.7773323,0.0,3.0,-73.0
1777890319.7873323,0.0,1.0,-71.0
1777890319.7973323,-4.0,1.0,-78.0
1777890319.8073325,-6.0,-1.0,-76.0
1777890319.8173325,-1.0,-4.0,-74.0
1777890319.8273325,2.0,-6.0,-73.0
1777890319.8373325,-4.0,-5.0,-70.0
1777890319.8473325,-6.0,-5.0,-74.0
1777890319.8573325,-8.0,-6.0,-72.0
1777890319.8673325,-7.0,-2.0,-69.0
1777890319.8773324,-1.0,-5.0,-65.0
1777890319.8873324,-3.0,-5.0,-61.0
1777890319.8973324,-6.0,-6.0,-64.0
1777890319.9073324,-11.0,0.0,-73.0
1777890319.9173324,-7.0,0.0,-80.0
1777890319.9273324,-5.0,2.0,-74.0
1777890319.9373324,-3.0,0.0,-69.0
1777890319.9473324,-2.0,0.0,-72.0
1777890319.9573324,-1.0,4.0,-77.0
1777890319.9673324,-2.0,4.0,-76.0
1777890319.9773324,-5.0,2.0,-66.0
1777890319.9873323,-3.0,2.0,-64.0
1777890319.9973323,-5.0,4.0,-59.0
1777890320.0073323,-4.0,3.0,-55.0
1777890320.0173323,-5.0,0.0,-58.0
1777890320.0273323,-5.0,0.0,-57.0
1777890320.0373323,-4.0,0.0,-62.0
1777890320.0473323,0.0,0.0,-68.0
1777890320.0573325,-2.0,1.0,-64.0
1777890320.0673325,-4.0,0.0,-64.0
1777890320.0773325,-5.0,1.0,-60.0
1777890320.0873325,-7.0,-1.0,-62.0
1777890320.0973325,-10.0,-3.0,-62.0
1777890320.1073325,-5.0,-5.0,-66.0
1777890320.1173325,-6.0,-5.0,-65.0
1777890320.1273324,-4.0,-4.0,-66.0
1777890320.1373324,-4.0,-3.0,-60.0
1777890320.1473324,-5.0,-3.0,-62.0
1777890320.1573324,0.0,-3.0,-63.0
1777890320.1673324,1.0,-3.0,-59.0
1777890320.1773324,0.0,-6.0,-67.0
1777890320.1873324,-3.0,-3.0,-70.0
1777890320.1973324,-2.0,-5.0,-71.0
1777890320.2073324,0.0,-2.0,-71.0
1777890320.2173324,0.0,0.0,-70.0
1777890320.2273324,4.0,-4.0,-77.0
1777890320.2373323,5.0,-5.0,-72.0
1777890320.2473323,2.0,-5.0,-68.0
1777890320.2573323,2.0,-6.0,-66.0
1777890320.2673323,0.0,-1.0,-74.0
1777890320.2773323,0.0,-1.0,-81.0
1777890320.2873323,4.0,-6.0,-78.0
1777890320.2973323,3.0,-5.0,-82.0
1777890320.3073325,6.0,-1.0,-85.0
1777890320.3173325,8.0,1.0,-85.0
1777890320.3273325,5.0,-1.0,-78.0
1777890320.3373325,8.0,-5.0,-70.0
1777890320.3473325,8.0,-3.0,-70.0
1777890320.3573325,13.0,-2.0,-69.0
1777890320.3673325,11.0,-3.0,-67.0
1777890320.3773324,8.0,2.0,-70.0
1777890320.3873324,3.0,4.0,-71.0
1777890320.3973324,5.0,5.0,-65.0
1777890320.4073324,1.0,2.0,-68.0
1777890320.4173324,1.0,-1.0,-71.0
1777890320.4273324,0.0,-4.0,-64.0
1777890320.4373324,0.0,-2.0,-64.0
1777890320.4473324,-1.0,2.0,-65.0
1777890320.4573324,1.0,3.0,-61.0
1777890320.4673324,-2.0,-1.0,-65.0
1777890320.4773324,0.0,-6.0,-63.0
1777890320.4873323,0.0,-5.0,-66.0
1777890320.4973323,3.0,-6.0,-68.0
1777890320.5073323,1.0,-5.0,-72.0
1777890320.5173323,-1.0,-5.0,-79.0
1777890320.5273323,-4.0,-2.0,-77.0
1777890320.5373323,-4.0,-1.0,-68.0
1777890320.5473323,-5.0,3.0,-67.0
1777890320.5573325,-6.0,3.0,-73.0
1777890320.5673325,-8.0,5.0,-77.0
1777890320.5773325,-12.0,3.0,-75.0
1777890320.5873325,-2.0,3.0,-65.0
1777890320.5973325,-4.0,3.0,-67.0
1777890320.6073325,0.0,0.0,-72.0
1777890320.6173325,0.0,0.0,-78.0
1777890320.6273324,1.0,0.0,-71.0
1777890320.6373324,2.0,1.0,-72.0
1777890320.6473324,2.0,0.0,-78.0
1777890320.6573324,2.0,-2.0,-77.0
1777890320.6673324,6.0,-2.0,-74.0
1777890320.6773324,1.0,-1.0,-73.0
1777890320.6873324,2.0,0.0,-77.0
1777890320.6973324,-3.0,-3.0,-76.0
1777890320.7073324,-3.0,1.0,-82.0
1777890320.7173324,-5.0,0.0,-84.0
1777890320.7273324,-3.0,0.0,-80.0
1777890320.7373323,-2.0,-2.0,-81.0
1777890320.7473323,0.0,0.0,-72.0
1777890320.7573323,3.0,1.0,-67.0
1777890320.7673323,10.0,0.0,-62.0
1777890320.7773323,9.0,-2.0,-68.0
1777890320.7873323,6.0,-6.0,-67.0
1777890320.7973323,3.0,-3.0,-71.0
1777890320.8073325,3.0,-6.0,-71.0
1777890320.8173325,5.0,-9.0,-76.0
1777890320.8273325,3.0,-7.0,-72.0
1777890320.8373325,5.0,-4.0,-70.0
1777890320.8473325,3.0,-6.0,-72.0
1777890320.8573325,-2.0,-6.0,-75.0
1777890320.8673325,-6.0,-7.0,-80.0
1777890320.8773324,-9.0,-8.0,-75.0
1777890320.8873324,-6.0,-4.0,-72.0
1777890320.8973324,-6.0,-4.0,-69.0
1777890320.9073324,-5.0,-2.0,-69.0
1777890320.9173324,-5.0,-1.0,-70.0
1777890320.9273324,-6.0,-1.0,-75.0
1777890320.9373324,-7.0,0.0,-80.0
1777890320.9473324,-6.0,0.0,-82.0
1777890320.9573324,-2.0,-1.0,-82.0
1777890320.9673324,-1.0,0.0,-81.0
1777890320.9773324,-2.0,1.0,-81.0
1777890320.9873323,0.0,0.0,-79.0
1777890320.9973323,1.0,0.0,-80.0
1777890321.0073323,1.0,6.0,-76.0
1777890321.0173323,2.0,6.0,-80.0
1777890321.0273323,3.0,2.0,-83.0
1777890321.0373323,0.0,4.0,-79.0
1777890321.0473323,1.0,8.0,-80.0
1777890321.0573325,0.0,8.0,-83.0
1777890321.0673325,5.0,6.0,-76.0
1777890321.0773325,5.0,7.0,-76.0
1777890321.0873325,0.0,4.0,-75.0
1777890321.0973325,-4.0,0.0,-68.0
1777890321.1073325,0.0,0.0,-74.0
1777890321.1173325,3.0,1.0,-73.0
1777890321.1273324,2.0,-3.0,-72.0
1777890321.1373324,-1.0,0.0,-70.0
1777890321.1473324,-4.0,2.0,-73.0
1777890321.1573324,0.0,2.0,-72.0
1777890321.1673324,3.0,0.0,-66.0
1777890321.1773324,3.0,0.0,-65.0
1777890321.1873324,2.0,-3.0,-68.0
1777890321.1973324,3.0,0.0,-71.0
1777890321.2073324,2.0,6.0,-67.0
1777890321.2173324,0.0,0.0,-63.0
1777890321.2273324,-2.0,-4.0,-63.0
1777890321.2373323,-3.0,-4.0,-73.0
1777890321.2473323,-1.0,-3.0,-72.0
1777890321.2573323,3.0,-4.0,-67.0
1777890321.2673323,1.0,-7.0,-65.0
1777890321.2773323,0.0,-6.0,-62.0
1777890321.2873323,1.0,-6.0,-66.0
1777890321.2973323,0.0,-3.0,-71.0
1777890321.3073325,1.0,-4.0,-74.0
1777890321.3173325,8.0,-2.0,-68.0
1777890321.3273325,5.0,3.0,-64.0
1777890321.3373325,7.0,4.0,-62.0
1777890321.3473325,7.0,4.0,-65.0
1777890321.3573325,6.0,4.0,-68.0
1777890321.3673325,4.0,5.0,-67.0
1777890321.3773324,7.0,3.0,-75.0
1777890321.3873324,3.0,0.0,-71.0
1777890321.3973324,4.0,0.0,-71.0
1777890321.4073324,0.0,-1.0,-71.0
1777890321.4173324,4.0,4.0,-71.0
1777890321.4273324,4.0,8.0,-68.0
1777890321.4373324,2.0,5.0,-70.0
1777890321.4473324,-1.0,0.0,-76.0
1777890321.4573324,4.0,-3.0,-86.0
1777890321.4673324,5.0,-2.0,-87.0
1777890321.4773324,7.0,-6.0,-77.0
1777890321.4873323,4.0,-4.0,-76.0
1777890321.4973323,1.0,-8.0,-84.0
1777890321.5073323,-2.0,-9.0,-84.0
1777890321.5173323,0.0,-8.0,-81.0
1777890321.5273323,4.0,-7.0,-71.0
1777890321.5373323,2.0,-7.0,-73.0
1777890321.5473323,0.0,-7.0,-72.0
1777890321.5573325,-1.0,-5.0,-74.0
1777890321.5673325,-5.0,-1.0,-74.0
1777890321.5773325,-7.0,-5.0,-72.0
1777890321.5873325,-10.0,-6.0,-74.0
1777890321.5973325,-7.0,-2.0,-75.0
1777890321.6083324,-10.0,-1.0,-74.0
1777890321.6173325,-8.0,-4.0,-73.0
1777890321.6283324,-6.0,-5.0,-75.0
1777890321.6383324,-4.0,-6.0,-68.0
1777890321.6483324,-1.0,-2.0,-69.0
1777890321.6583323,-1.0,-1.0,-73.0
1777890321.6683323,3.0,-3.0,-68.0
1777890321.6783323,6.0,-1.0,-66.0
1777890321.6883323,3.0,0.0,-70.0
1777890321.6983323,5.0,1.0,-70.0
1777890321.7083323,8.0,0.0,-75.0
1777890321.7183323,6.0,-3.0,-73.0
1777890321.7283323,2.0,0.0,-73.0
1777890321.7383325,2.0,0.0,-71.0
1777890321.7483325,1.0,0.0,-75.0
1777890321.7583325,-2.0,-1.0,-75.0
1777890321.7683325,-1.0,1.0,-68.0
1777890321.7783325,-4.0,0.0,-69.0
1777890321.7883325,0.0,-1.0,-75.0
1777890321.7983325,1.0,-4.0,-73.0
1777890321.8083324,7.0,-5.0,-71.0
1777890321.8183324,6.0,-1.0,-76.0
1777890321.8283324,5.0,1.0,-73.0
1777890321.8383324,3.0,-1.0,-75.0
1777890321.8483324,-1.0,-1.0,-73.0
1777890321.8583324,-1.0,-1.0,-77.0
1777890321.8683324,1.0,-4.0,-77.0
1777890321.8783324,-3.0,-4.0,-82.0
1777890321.8883324,0.0,0.0,-79.0
1777890321.8983324,0.0,0.0,-76.0
1777890321.9083323,1.0,-1.0,-68.0
1777890321.9183323,2.0,-1.0,-64.0
1777890321.9283323,0.0,-2.0,-71.0
1777890321.9383323,-1.0,2.0,-67.0
1777890321.9483323,-4.0,3.0,-69.0
1777890321.9583323,-1.0,1.0,-67.0
1777890321.9683323,0.0,0.0,-68.0
1777890321.9783323,0.0,-3.0,-69.0
1777890321.9883325,-1.0,-3.0,-71.0
1777890321.9983325,0.0,0.0,-71.0
1777890322.0083325,0.0,0.0,-69.0
1777890322.0183325,0.0,5.0,-72.0
1777890322.0283325,1.0,4.0,-74.0
1777890322.0383325,1.0,4.0,-77.0
1777890322.0483325,4.0,0.0,-73.0
1777890322.0583324,3.0,1.0,-67.0
1777890322.0683324,5.0,-2.0,-65.0
1777890322.0783324,4.0,-5.0,-63.0
1777890322.0883324,1.0,-2.0,-66.0
1777890322.0983324,1.0,-4.0,-61.0
1777890322.1083324,-2.0,-5.0,-58.0
1777890322.1183324,-6.0,-5.0,-53.0
1777890322.1283324,-6.0,-4.0,-54.0
1777890322.1383324,0.0,-7.0,-59.0
1777890322.1483324,4.0,-5.0,-60.0
1777890322.1593325,6.0,-4.0,-61.0
1777890322.1683323,5.0,-1.0,-64.0
1777890322.1783323,5.0,0.0,-69.0
1777890322.1883323,4.0,2.0,-73.0
1777890322.1983323,4.0,3.0,-74.0
1777890322.2083323,4.0,3.0,-70.0
1777890322.2183323,0.0,3.0,-71.0
1777890322.2283323,3.0,1.0,-70.0
1777890322.2383325,2.0,0.0,-78.0
1777890322.2483325,5.0,-6.0,-80.0
1777890322.2583325,0.0,-5.0,-86.0
1777890322.2683325,0.0,-6.0,-82.0
1777890322.2783325,2.0,-5.0,-79.0
1777890322.2883325,0.0,-1.0,-72.0
1777890322.2983325,0.0,1.0,-67.0
1777890322.3083324,1.0,0.0,-66.0
1777890322.3183324,5.0,-1.0,-73.0
1777890322.3283324,3.0,-1.0,-75.0
1777890322.3383324,1.0,-3.0,-70.0
1777890322.3483324,1.0,-3.0,-71.0
1777890322.3583324,1.0,-3.0,-71.0
1777890322.3683324,-2.0,-3.0,-71.0
1777890322.3783324,-4.0,-1.0,-67.0
1777890322.3883324,-6.0,0.0,-60.0
1777890322.3983324,-5.0,0.0,-56.0
1777890322.4083323,-6.0,0.0,-58.0
1777890322.4183323,-4.0,4.0,-59.0
1777890322.4283323,-4.0,3.0,-66.0
1777890322.4383323,2.0,0.0,-67.0
1777890322.4483323,8.0,-5.0,-70.0
1777890322.4583323,9.0,-5.0,-69.0
1777890322.4683323,9.0,-2.0,-69.0
1777890322.4783323,10.0,0.0,-75.0
1777890322.4883325,9.0,-1.0,-75.0
1777890322.4983325,5.0,0.0,-73.0
1777890322.5083325,7.0,3.0,-75.0
1777890322.5183325,0.0,5.0,-72.0
1777890322.5283325,-1.0,3.0,-71.0
1777890322.5383325,-3.0,3.0,-71.0
1777890322.5483325,-6.0,0.0,-70.0
1777890322.5583324,1.0,-1.0,-68.0
1777890322.5683324,2.0,-4.0,-66.0
1777890322.5783324,-4.0,-5.0,-65.0
1777890322.5883324,-1.0,-5.0,-68.0
1777890322.5983324,-2.0,-7.0,-66.0
1777890322.6083324,0.0,-7.0,-66.0
1777890322.6183324,6.0,-5.0,-67.0
1777890322.6283324,7.0,-2.0,-72.0
1777890322.6383324,6.0,-5.0,-73.0
1777890322.6483324,3.0,-4.0,-71.0
1777890322.6583323,6.0,-1.0,-73.0
1777890322.6683323,4.0,-1.0,-71.0
1777890322.6783323,5.0,-1.0,-71.0
1777890322.6883323,4.0,3.0,-72.0
1777890322.6983323,3.0,2.0,-75.0
1777890322.7083323,0.0,0.0,-82.0
1777890322.7183323,-1.0,-1.0,-81.0
1777890322.7283323,-1.0,-1.0,-82.0
1777890322.7383325,0.0,-4.0,-77.0
1777890322.7483325,0.0,-4.0,-76.0
1777890322.7583325,0.0,0.0,-83.0
1777890322.7683325,0.0,-1.0,-75.0
1777890322.7783325,0.0,-2.0,-77.0
1777890322.7883325,-1.0,-1.0,-79.0
1777890322.7983325,-7.0,-1.0,-78.0
1777890322.8083324,-6.0,-8.0,-80.0
1777890322.8183324,-5.0,-10.0,-80.0
1777890322.8283324,-4.0,-8.0,-79.0
1777890322.8383324,-4.0,-1.0,-79.0
1777890322.8483324,0.0,0.0,-77.0
1777890322.8583324,0.0,0.0,-73.0
1777890322.8683324,-9.0,2.0,-73.0
1777890322.8783324,-7.0,1.0,-78.0
1777890322.8883324,-1.0,-1.0,-73.0
1777890322.8983324,0.0,0.0,-73.0
1777890322.9083323,-1.0,4.0,-68.0
1777890322.9183323,-1.0,3.0,-66.0
1777890322.9283323,-1.0,-3.0,-73.0
1777890322.9383323,1.0,-2.0,-82.0
1777890322.9483323,2.0,-1.0,-83.0
1777890322.9583323,-2.0,-2.0,-84.0
1777890322.9683323,-4.0,-4.0,-84.0
1777890322.9783323,-6.0,-6.0,-84.0
1777890322.9883325,-2.0,-3.0,-79.0
1777890322.9983325,4.0,-2.0,-76.0
1777890323.0083325,4.0,-3.0,-78.0
1777890323.0183325,0.0,-6.0,-81.0
1777890323.0283325,0.0,-7.0,-78.0
1777890323.0383325,0.0,-5.0,-78.0
1777890323.0483325,4.0,-4.0,-83.0
1777890323.0583324,2.0,-2.0,-82.0
1777890323.0683324,2.0,0.0,-78.0
1777890323.0783324,0.0,1.0,-82.0
1777890323.0883324,0.0,3.0,-86.0
1777890323.0983324,0.0,1.0,-87.0
1777890323.1083324,-3.0,0.0,-86.0
1777890323.1183324,-8.0,0.0,-89.0
1777890323.1283324,-5.0,1.0,-81.0
1777890323.1383324,0.0,-1.0,-74.0
1777890323.1483324,0.0,1.0,-73.0
1777890323.1583323,4.0,1.0,-77.0
1777890323.1683323,2.0,0.0,-81.0
1777890323.1783323,-2.0,0.0,-84.0
1777890323.1883323,-2.0,1.0,-83.0
1777890323.1983323,-2.0,0.0,-85.0
1777890323.2083323,0.0,0.0,-89.0
1777890323.2183323,1.0,-2.0,-93.0
1777890323.2283323,0.0,0.0,-86.0
1777890323.2383325,2.0,6.0,-83.0
1777890323.2483325,0.0,1.0,-81.0
1777890323.2583325,-1.0,3.0,-79.0
1777890323.2683325,-3.0,1.0,-79.0
1777890323.2783325,-5.0,0.0,-75.0
1777890323.2883325,-8.0,5.0,-78.0
1777890323.2983325,-3.0,4.0,-83.0
1777890323.3083324,-5.0,4.0,-85.0
1777890323.3183324,-7.0,4.0,-81.0
1777890323.3283324,1.0,4.0,-77.0
1777890323.3383324,1.0,2.0,-77.0
1777890323.3483324,0.0,2.0,-75.0
1777890323.3583324,-6.0,4.0,-68.0
1777890323.3683324,-5.0,5.0,-77.0
1777890323.3783324,-1.0,2.0,-74.0
1777890323.3883324,0.0,-2.0,-71.0
1777890323.3983324,0.0,-6.0,-77.0
1777890323.4083323,0.0,-5.0,-82.0
1777890323.4183323,-1.0,-4.0,-77.0
1777890323.4283323,-3.0,-7.0,-77.0
1777890323.4383323,-3.0,-6.0,-85.0
1777890323.4483323,-1.0,-3.0,-82.0
1777890323.4583323,0.0,1.0,-78.0
1777890323.4683323,0.0,2.0,-81.0
1777890323.4783323,-1.0,1.0,-80.0
1777890323.4883325,0.0,0.0,-74.0
1777890323.4983325,-1.0,-1.0,-72.0
1777890323.5083325,-4.0,-3.0,-69.0
1777890323.5183325,-3.0,-4.0,-70.0
1777890323.5283325,-1.0,-6.0,-68.0
1777890323.5383325,0.0,1.0,-69.0
1777890323.5483325,1.0,-1.0,-80.0
1777890323.5583324,2.0,-4.0,-82.0
1777890323.5693324,1.0,-6.0,-79.0
1777890323.5783324,1.0,-3.0,-79.0
1777890323.5883324,0.0,-3.0,-83.0
1777890323.5983324,0.0,-2.0,-81.0
1777890323.6083324,0.0,-1.0,-76.0
1777890323.6193323,-1.0,0.0,-76.0
1777890323.6293323,0.0,0.0,-77.0
1777890323.6393323,-2.0,0.0,-73.0
1777890323.6493323,7.0,-2.0,-75.0
1777890323.6593325,8.0,-5.0,-74.0
1777890323.6693325,2.0,-4.0,-78.0
1777890323.6793325,7.0,-2.0,-78.0
1777890323.6893325,6.0,0.0,-77.0
1777890323.6993325,6.0,-1.0,-72.0
1777890323.7093325,5.0,-1.0,-71.0
1777890323.7193325,0.0,1.0,-68.0
1777890323.7293324,3.0,-1.0,-72.0
1777890323.7393324,3.0,-3.0,-71.0
1777890323.7493324,0.0,-5.0,-71.0
1777890323.7593324,-3.0,-8.0,-76.0
1777890323.7693324,-2.0,-3.0,-81.0
1777890323.7793324,-2.0,-4.0,-82.0
1777890323.7893324,3.0,-7.0,-77.0
1777890323.7993324,6.0,-4.0,-75.0
1777890323.8093324,4.0,-3.0,-73.0
1777890323.8193324,7.0,-3.0,-68.0
1777890323.8293324,2.0,-6.0,-66.0
1777890323.8393323,0.0,-2.0,-66.0
1777890323.8493323,0.0,-2.0,-69.0
1777890323.8593323,0.0,-2.0,-66.0
1777890323.8693323,0.0,-4.0,-68.0
1777890323.8793323,0.0,-5.0,-63.0
1777890323.8893323,-4.0,0.0,-70.0
1777890323.8993323,-2.0,2.0,-81.0
1777890323.9093325,-2.0,0.0,-79.0
1777890323.9193325,0.0,-2.0,-75.0
1777890323.9293325,-2.0,-1.0,-70.0
1777890323.9393325,-4.0,1.0,-69.0
1777890323.9493325,-3.0,2.0,-70.0
1777890323.9593325,-4.0,0.0,-73.0
1777890323.9693325,-5.0,-1.0,-69.0
1777890323.9793324,-5.0,3.0,-70.0
1777890323.9893324,-5.0,3.0,-76.0
1777890323.9993324,-4.0,1.0,-77.0
1777890324.0093324,-2.0,0.0,-75.0
1777890324.0193324,-5.0,-2.0,-73.0
1777890324.0293324,-4.0,1.0,-71.0
1777890324.0393324,-2.0,0.0,-67.0
1777890324.0493324,-4.0,-4.0,-73.0
1777890324.0593324,-3.0,-6.0,-86.0
1777890324.0693324,-3.0,-10.0,-87.0
1777890324.0793324,0.0,-12.0,-83.0
1777890324.0893323,0.0,-10.0,-84.0
1777890324.0993323,-1.0,-7.0,-83.0
1777890324.1093323,0.0,-10.0,-76.0
1777890324.1193323,0.0,-12.0,-79.0
1777890324.1293323,3.0,-11.0,-73.0
1777890324.1393323,4.0,-7.0,-69.0
1777890324.1493323,7.0,-3.0,-66.0
1777890324.1593325,3.0,0.0,-66.0
1777890324.1693325,7.0,-3.0,-58.0
1777890324.1793325,7.0,-6.0,-61.0
1777890324.1893325,9.0,-7.0,-57.0
1777890324.1993325,5.0,-4.0,-57.0
1777890324.2093325,4.0,0.0,-62.0
1777890324.2193325,5.0,-2.0,-74.0
1777890324.2293324,4.0,-2.0,-75.0
1777890324.2393324,4.0,-4.0,-78.0
1777890324.2493324,2.0,-2.0,-75.0
1777890324.2593324,0.0,3.0,-73.0
1777890324.2693324,0.0,5.0,-72.0
1777890324.2793324,0.0,6.0,-80.0
1777890324.2893324,2.0,6.0,-80.0
1777890324.2993324,2.0,2.0,-78.0
1777890324.3093324,1.0,0.0,-74.0
1777890324.3203323,4.0,-6.0,-72.0
1777890324.3293324,4.0,-5.0,-72.0
1777890324.3393323,2.0,-4.0,-77.0
1777890324.3493323,0.0,-5.0,-73.0
1777890324.3593323,1.0,-2.0,-76.0
1777890324.3693323,-2.0,-2.0,-77.0
1777890324.3793323,-4.0,-4.0,-78.0
1777890324.3893323,-1.0,-4.0,-75.0
1777890324.3993323,0.0,-7.0,-72.0
1777890324.4093325,1.0,-4.0,-70.0
1777890324.4193325,3.0,-2.0,-67.0
1777890324.4293325,1.0,0.0,-69.0
1777890324.4393325,3.0,1.0,-67.0
1777890324.4493325,8.0,1.0,-75.0
1777890324.4593325,6.0,0.0,-71.0
1777890324.4693325,-1.0,-1.0,-70.0
1777890324.4793324,-1.0,-3.0,-71.0
1777890324.4893324,-1.0,-1.0,-73.0
1777890324.4993324,-1.0,0.0,-72.0
1777890324.5093324,-3.0,-4.0,-77.0
1777890324.5193324,-3.0,-4.0,-76.0
1777890324.5293324,-5.0,-5.0,-73.0
1777890324.5393324,-4.0,-5.0,-71.0
1777890324.5493324,-5.0,-5.0,-67.0
1777890324.5593324,-1.0,-8.0,-66.0
1777890324.5693324,-2.0,-3.0,-68.0
1777890324.5793324,0.0,-4.0,-73.0
1777890324.5893323,0.0,-2.0,-73.0
1777890324.5993323,-4.0,-4.0,-71.0
1777890324.6093323,-7.0,0.0,-70.0
1777890324.6193323,-9.0,0.0,-68.0
1777890324.6293323,-7.0,-3.0,-73.0
1777890324.6393323,-10.0,-2.0,-79.0
1777890324.6493323,-10.0,0.0,-80.0
1777890324.6593325,-8.0,5.0,-79.0
1777890324.6693325,-8.0,5.0,-76.0
1777890324.6793325,-3.0,1.0,-81.0
1777890324.6893325,0.0,0.0,-82.0
1777890324.6993325,0.0,2.0,-84.0
1777890324.7093325,1.0,1.0,-81.0
1777890324.7193325,-1.0,4.0,-79.0
1777890324.7293324,2.0,1.0,-80.0
1777890324.7393324,6.0,0.0,-80.0
1777890324.7493324,8.0,0.0,-78.0
1777890324.7593324,3.0,-5.0,-69.0
1777890324.7693324,5.0,-2.0,-71.0
1777890324.7793324,2.0,-1.0,-73.0
1777890324.7893324,0.0,-5.0,-77.0
1777890324.7993324,-1.0,-6.0,-71.0
1777890324.8093324,-5.0,-6.0,-69.0
1777890324.8193324,-3.0,0.0,-73.0
1777890324.8293324,-2.0,0.0,-75.0
1777890324.8393323,-2.0,2.0,-72.0
1777890324.8493323,-1.0,1.0,-78.0
1777890324.8593323,-1.0,2.0,-80.0
1777890324.8693323,2.0,3.0,-79.0
1777890324.8793323,6.0,1.0,-70.0
1777890324.8893323,2.0,1.0,-64.0
1777890324.8993323,0.0,2.0,-70.0
1777890324.9093325,5.0,6.0,-73.0
1777890324.9193325,4.0,2.0,-78.0
1777890324.9293325,2.0,0.0,-79.0
1777890324.9393325,-2.0,-2.0,-78.0
1777890324.9493325,0.0,-4.0,-80.0
1777890324.9593325,-3.0,-9.0,-78.0
1777890324.9693325,-3.0,-5.0,-80.0
1777890324.9793324,-4.0,-5.0,-85.0
1777890324.9893324,-4.0,-3.0,-79.0
1777890324.9993324,-2.0,-4.0,-69.0
1777890325.0093324,0.0,-3.0,-69.0
1777890325.0193324,1.0,-5.0,-69.0
1777890325.0293324,2.0,-6.0,-69.0
1777890325.0393324,2.0,-7.0,-74.0
1777890325.0493324,4.0,-6.0,-80.0
1777890325.0593324,1.0,-3.0,-87.0
1777890325.0693324,2.0,-3.0,-81.0
1777890325.0793324,6.0,1.0,-79.0
1777890325.0893323,5.0,4.0,-85.0
1777890325.0993323,4.0,7.0,-87.0
1777890325.1093323,5.0,9.0,-82.0
1777890325.1193323,6.0,6.0,-81.0
1777890325.1293323,7.0,1.0,-81.0
1777890325.1393323,5.0,-6.0,-77.0
1777890325.1493323,3.0,-4.0,-68.0
1777890325.1593325,0.0,-4.0,-64.0
1777890325.1693325,-3.0,-4.0,-65.0
1777890325.1793325,-2.0,-6.0,-72.0
1777890325.1893325,-2.0,-6.0,-68.0
1777890325.1993325,-1.0,-5.0,-70.0
1777890325.2093325,-2.0,-2.0,-73.0
1777890325.2193325,-1.0,0.0,-74.0
1777890325.2293324,-4.0,2.0,-70.0
1777890325.2393324,-4.0,2.0,-76.0
1777890325.2493324,-7.0,0.0,-75.0
1777890325.2593324,-7.0,-3.0,-71.0
1777890325.2693324,-6.0,0.0,-78.0
1777890325.2793324,-4.0,-2.0,-75.0
1777890325.2893324,-1.0,0.0,-78.0
1777890325.2993324,-1.0,1.0,-74.0
1777890325.3093324,-2.0,-1.0,-71.0
1777890325.3193324,-1.0,-2.0,-73.0
1777890325.3293324,-2.0,-4.0,-69.0
1777890325.3393323,-2.0,-2.0,-67.0
1777890325.3493323,-2.0,0.0,-69.0
1777890325.3593323,-8.0,3.0,-67.0
1777890325.3693323,-4.0,2.0,-61.0
1777890325.3793323,-2.0,2.0,-66.0
1777890325.3893323,0.0,0.0,-67.0
1777890325.3993323,-8.0,-3.0,-70.0
1777890325.4093325,-8.0,-4.0,-64.0
1777890325.4193325,-4.0,-5.0,-62.0
1777890325.4293325,-3.0,-6.0,-70.0
1777890325.4393325,-3.0,-4.0,-72.0
1777890325.4493325,-2.0,0.0,-73.0
1777890325.4593325,-2.0,1.0,-71.0
1777890325.4693325,-1.0,-3.0,-77.0
1777890325.4793324,0.0,-7.0,-73.0
1777890325.4893324,0.0,-5.0,-73.0
1777890325.4993324,4.0,-3.0,-74.0
1777890325.5093324,0.0,-5.0,-82.0
1777890325.5193324,3.0,-2.0,-78.0
1777890325.5293324,1.0,0.0,-76.0
1777890325.5393324,0.0,0.0,-68.0
1777890325.5493324,0.0,-1.0,-73.0
1777890325.5593324,3.0,-6.0,-71.0
1777890325.5693324,1.0,-6.0,-70.0
1777890325.5793324,1.0,-5.0,-67.0
1777890325.5893323,0.0,-2.0,-59.0
1777890325.6003325,2.0,-5.0,-65.0
1777890325.6103325,4.0,-2.0,-67.0
1777890325.6203325,3.0,-7.0,-70.0
1777890325.6303325,2.0,-3.0,-73.0
1777890325.6403325,0.0,0.0,-71.0
1777890325.6503325,-1.0,1.0,-74.0
1777890325.6603324,-1.0,2.0,-74.0
1777890325.6703324,2.0,4.0,-72.0
1777890325.6803324,1.0,2.0,-71.0
1777890325.6903324,0.0,1.0,-69.0
1777890325.7003324,2.0,0.0,-69.0
1777890325.7103324,5.0,-3.0,-66.0
1777890325.7203324,2.0,-3.0,-64.0
1777890325.7303324,-6.0,-4.0,-67.0
1777890325.7403324,-4.0,-8.0,-68.0
1777890325.7503324,-4.0,-8.0,-63.0
1777890325.7603323,-4.0,-3.0,-68.0
1777890325.7703323,0.0,-1.0,-73.0
1777890325.7803323,0.0,2.0,-70.0
1777890325.7903323,-1.0,1.0,-69.0
1777890325.8003323,-3.0,3.0,-63.0
1777890325.8103323,-2.0,5.0,-64.0
1777890325.8203323,-7.0,5.0,-59.0
1777890325.8303325,-8.0,8.0,-74.0
1777890325.8403325,-6.0,4.0,-76.0
1777890325.8503325,-7.0,1.0,-76.0
1777890325.8603325,-6.0,3.0,-76.0
1777890325.8703325,-9.0,7.0,-72.0
1777890325.8803325,-10.0,1.0,-76.0
1777890325.8903325,-7.0,0.0,-76.0
1777890325.9003325,-4.0,-3.0,-80.0
1777890325.9103324,0.0,-1.0,-79.0
1777890325.9203324,2.0,-6.0,-77.0
1777890325.9303324,1.0,-8.0,-77.0
1777890325.9403324,2.0,-7.0,-72.0
1777890325.9503324,3.0,-5.0,-72.0
1777890325.9603324,0.0,-3.0,-75.0
1777890325.9703324,-2.0,-4.0,-72.0
1777890325.9803324,-4.0,-2.0,-78.0
1777890325.9903324,-9.0,-4.0,-77.0
1777890326.0003324,-7.0,-5.0,-71.0
1777890326.0103323,-9.0,-6.0,-70.0
1777890326.0203323,-6.0,-1.0,-72.0
1777890326.0303323,-8.0,-3.0,-78.0
1777890326.0403323,-1.0,-3.0,-74.0
1777890326.0503323,0.0,0.0,-86.0
1777890326.0603323,2.0,1.0,-87.0
1777890326.0703323,3.0,4.0,-81.0
1777890326.0803325,6.0,0.0,-80.0
1777890326.0903325,5.0,-2.0,-83.0
1777890326.1003325,7.0,0.0,-83.0
1777890326.1103325,6.0,1.0,-75.0
1777890326.1203325,6.0,-1.0,-76.0
1777890326.1303325,7.0,-2.0,-77.0
1777890326.1403325,9.0,-2.0,-79.0
1777890326.1503325,7.0,-3.0,-77.0
1777890326.1603324,5.0,-4.0,-69.0
1777890326.1703324,3.0,0.0,-67.0
1777890326.1803324,0.0,3.0,-66.0
1777890326.1903324,0.0,4.0,-72.0
1777890326.2003324,-2.0,0.0,-73.0
1777890326.2103324,0.0,0.0,-76.0
1777890326.2203324,0.0,0.0,-76.0
1777890326.2303324,3.0,1.0,-70.0
1777890326.2403324,1.0,3.0,-73.0
1777890326.2503324,2.0,3.0,-72.0
1777890326.2603323,6.0,-1.0,-76.0
1777890326.2703323,7.0,0.0,-72.0
1777890326.2803323,9.0,4.0,-72.0
1777890326.2903323,6.0,2.0,-69.0
1777890326.3003323,6.0,2.0,-67.0
1777890326.3103323,6.0,1.0,-68.0
1777890326.3203323,8.0,0.0,-70.0
1777890326.3303325,6.0,1.0,-70.0
1777890326.3403325,5.0,-2.0,-73.0
1777890326.3503325,5.0,0.0,-69.0
1777890326.3603325,4.0,0.0,-67.0
1777890326.3703325,2.0,3.0,-63.0
1777890326.3803325,3.0,0.0,-68.0
1777890326.3903325,3.0,-1.0,-70.0
1777890326.4003325,3.0,2.0,-72.0
1777890326.4103324,2.0,1.0,-65.0
1777890326.4203324,-1.0,-1.0,-71.0
1777890326.4303324,3.0,1.0,-70.0
1777890326.4403324,2.0,-1.0,-73.0
1777890326.4503324,6.0,-1.0,-75.0
1777890326.4603324,6.0,0.0,-74.0
1777890326.4703324,5.0,-1.0,-74.0
1777890326.4803324,8.0,0.0,-81.0
1777890326.4903324,9.0,0.0,-84.0
1777890326.5003324,9.0,-3.0,-87.0
1777890326.5103323,7.0,2.0,-80.0
1777890326.5203323,11.0,0.0,-73.0
1777890326.5303323,13.0,2.0,-67.0
1777890326.5403323,7.0,4.0,-72.0
1777890326.5503323,3.0,6.0,-77.0
1777890326.5603323,1.0,7.0,-78.0
1777890326.5703323,3.0,3.0,-78.0
1777890326.5803325,5.0,3.0,-72.0
1777890326.5903325,2.0,0.0,-76.0
1777890326.6003325,4.0,0.0,-75.0
1777890326.6103325,6.0,0.0,-74.0
1777890326.6203325,2.0,3.0,-71.0
1777890326.6303325,3.0,2.0,-72.0
1777890326.6403325,0.0,1.0,-72.0
1777890326.6503325,2.0,0.0,-72.0
1777890326.6603324,6.0,-1.0,-70.0
1777890326.6703324,5.0,0.0,-66.0
1777890326.6803324,1.0,-2.0,-69.0
1777890326.6903324,0.0,0.0,-72.0
1777890326.7003324,1.0,-2.0,-83.0
1777890326.7103324,2.0,-4.0,-83.0
1777890326.7203324,-1.0,-3.0,-73.0
1777890326.7303324,-4.0,-5.0,-75.0
1777890326.7403324,-3.0,-4.0,-72.0
1777890326.7503324,-4.0,-5.0,-73.0
1777890326.7603323,-1.0,-4.0,-78.0
1777890326.7703323,1.0,-2.0,-73.0
1777890326.7803323,5.0,-4.0,-68.0
1777890326.7903323,1.0,0.0,-66.0
1777890326.8003323,7.0,0.0,-66.0
1777890326.8103323,10.0,4.0,-65.0
1777890326.8203323,8.0,4.0,-65.0
1777890326.8303325,2.0,4.0,-71.0
1777890326.8403325,2.0,3.0,-71.0
1777890326.8503325,2.0,3.0,-72.0
1777890326.8603325,-2.0,2.0,-75.0
1777890326.8703325,-3.0,0.0,-75.0
1777890326.8803325,-2.0,0.0,-72.0
1777890326.8903325,-1.0,0.0,-69.0
1777890326.9003325,-2.0,-6.0,-73.0
1777890326.9103324,-3.0,-2.0,-79.0
1777890326.9203324,4.0,-1.0,-84.0
1777890326.9303324,7.0,-2.0,-85.0
1777890326.9403324,3.0,-4.0,-80.0
1777890326.9503324,3.0,-4.0,-71.0
1777890326.9603324,0.0,-3.0,-69.0
1777890326.9703324,1.0,-2.0,-69.0
1777890326.9803324,6.0,1.0,-67.0
1777890326.9903324,7.0,4.0,-64.0
1777890327.0003324,11.0,0.0,-63.0
1777890327.0103323,8.0,-1.0,-68.0
1777890327.0203323,6.0,0.0,-72.0
1777890327.0303323,3.0,4.0,-72.0
1777890327.0403323,0.0,3.0,-75.0
1777890327.0503323,3.0,0.0,-73.0
1777890327.0603323,3.0,-1.0,-72.0
1777890327.0703323,4.0,0.0,-78.0
1777890327.0803325,3.0,3.0,-70.0
1777890327.0903325,5.0,2.0,-72.0
1777890327.1003325,0.0,1.0,-78.0
1777890327.1103325,-1.0,2.0,-76.0
1777890327.1203325,3.0,2.0,-73.0
1777890327.1303325,4.0,-3.0,-73.0
1777890327.1403325,2.0,-1.0,-67.0
1777890327.1503325,1.0,-3.0,-66.0
1777890327.1603324,0.0,-7.0,-69.0
1777890327.1703324,-1.0,-7.0,-72.0
1777890327.1803324,-3.0,-6.0,-76.0
1777890327.1903324,0.0,-4.0,-77.0
1777890327.2003324,4.0,0.0,-74.0
1777890327.2103324,1.0,1.0,-76.0
1777890327.2203324,0.0,-1.0,-82.0
1777890327.2303324,2.0,-1.0,-86.0
1777890327.2403324,-1.0,2.0,-80.0
1777890327.2503324,0.0,5.0,-78.0
1777890327.2603323,3.0,1.0,-82.0
1777890327.2703323,3.0,-1.0,-78.0
1777890327.2803323,3.0,-4.0,-77.0
1777890327.2903323,0.0,-6.0,-72.0
1777890327.3003323,2.0,-8.0,-74.0
1777890327.3103323,5.0,-8.0,-74.0
1777890327.3203323,6.0,-5.0,-68.0
1777890327.3303325,3.0,-7.0,-69.0
1777890327.3403325,1.0,-8.0,-61.0
1777890327.3503325,4.0,-6.0,-63.0
1777890327.3603325,1.0,-1.0,-66.0
1777890327.3703325,5.0,0.0,-68.0
1777890327.3803325,4.0,0.0,-70.0
1777890327.3903325,7.0,0.0,-71.0
1777890327.4003325,8.0,1.0,-70.0
1777890327.4103324,8.0,4.0,-67.0
1777890327.4203324,7.0,2.0,-69.0
1777890327.4303324,6.0,-3.0,-74.0
1777890327.4403324,1.0,-3.0,-77.0
1777890327.4503324,0.0,-3.0,-75.0
1777890327.4603324,-4.0,0.0,-72.0
1777890327.4703324,-5.0,2.0,-70.0
1777890327.4803324,-4.0,-4.0,-72.0
1777890327.4903324,-5.0,-5.0,-79.0
1777890327.5003324,-4.0,-1.0,-78.0
1777890327.5103323,-5.0,0.0,-80.0
1777890327.5203323,-4.0,0.0,-78.0
1777890327.5303323,-1.0,0.0,-77.0
1777890327.5403323,2.0,0.0,-67.0
1777890327.5503323,1.0,3.0,-62.0
1777890327.5603323,-3.0,0.0,-68.0
1777890327.5703323,-2.0,0.0,-70.0
1777890327.5813324,-1.0,-4.0,-72.0
1777890327.5913324,-6.0,-3.0,-74.0
1777890327.6013324,-4.0,-1.0,-77.0
1777890327.6113324,-3.0,-3.0,-76.0
1777890327.6213324,-6.0,-1.0,-75.0
1777890327.6313324,-7.0,1.0,-73.0
1777890327.6413324,-6.0,0.0,-73.0
1777890327.6513324,-3.0,-1.0,-67.0
1777890327.6613324,2.0,-3.0,-70.0
1777890327.6713324,6.0,-5.0,-71.0
1777890327.6813323,6.0,-7.0,-64.0
1777890327.6913323,6.0,-9.0,-61.0
1777890327.7013323,3.0,-8.0,-57.0
1777890327.7113323,1.0,-10.0,-64.0
1777890327.7213323,0.0,-5.0,-68.0
1777890327.7313323,2.0,-2.0,-66.0
1777890327.7413323,0.0,0.0,-64.0
1777890327.7513323,0.0,-2.0,-59.0
1777890327.7613325,-1.0,-6.0,-59.0
1777890327.7713325,-4.0,-4.0,-67.0
1777890327.7813325,-1.0,-4.0,-70.0
1777890327.7913325,-2.0,-4.0,-71.0
1777890327.8013325,-1.0,-7.0,-70.0
1777890327.8113325,0.0,-3.0,-72.0
1777890327.8213325,0.0,-2.0,-74.0
1777890327.8313324,0.0,0.0,-77.0
1777890327.8413324,0.0,2.0,-82.0
1777890327.8513324,0.0,0.0,-83.0
1777890327.8613324,1.0,-2.0,-83.0
1777890327.8713324,0.0,-6.0,-83.0
1777890327.8813324,1.0,-1.0,-87.0
1777890327.8913324,0.0,0.0,-83.0
1777890327.9013324,-5.0,-2.0,-81.0
1777890327.9113324,-1.0,0.0,-83.0
1777890327.9213324,0.0,0.0,-81.0
1777890327.9313323,-1.0,0.0,-80.0
1777890327.9413323,-1.0,0.0,-82.0
1777890327.9513323,1.0,2.0,-77.0
1777890327.9613323,-2.0,4.0,-80.0
1777890327.9713323,0.0,3.0,-81.0
1777890327.9813323,-3.0,3.0,-75.0
1777890327.9913323,-1.0,0.0,-73.0
1777890328.0013323,0.0,-3.0,-70.0
1777890328.0113325,3.0,-2.0,-66.0
1777890328.0213325,0.0,2.0,-74.0
1777890328.0313325,-1.0,-1.0,-78.0
1777890328.0413325,3.0,-4.0,-78.0
1777890328.0513325,-1.0,-3.0,-80.0
1777890328.0613325,-3.0,1.0,-78.0
1777890328.0713325,-2.0,0.0,-80.0
1777890328.0813324,-1.0,0.0,-84.0
1777890328.0913324,1.0,-1.0,-89.0
1777890328.1013324,3.0,-2.0,-90.0
1777890328.1113324,4.0,-5.0,-85.0
1777890328.1213324,3.0,-1.0,-77.0
1777890328.1313324,3.0,-3.0,-75.0
1777890328.1413324,-2.0,-1.0,-73.0
1777890328.1513324,-4.0,0.0,-74.0
1777890328.1613324,-4.0,0.0,-77.0
1777890328.1713324,0.0,-2.0,-81.0
1777890328.1813323,1.0,-1.0,-81.0
1777890328.1913323,0.0,0.0,-79.0
1777890328.2013323,2.0,1.0,-82.0
1777890328.2113323,3.0,0.0,-82.0
1777890328.2213323,1.0,1.0,-77.0
1777890328.2313323,3.0,4.0,-79.0
1777890328.2413323,3.0,3.0,-71.0
1777890328.2513323,4.0,0.0,-73.0
1777890328.2613325,2.0,-2.0,-77.0
1777890328.2713325,4.0,-2.0,-74.0
1777890328.2813325,1.0,0.0,-74.0
1777890328.2913325,0.0,-3.0,-68.0
1777890328.3013325,3.0,-1.0,-65.0
1777890328.3113325,5.0,2.0,-64.0
1777890328.3213325,6.0,0.0,-65.0
1777890328.3313324,7.0,-2.0,-73.0
1777890328.3413324,5.0,-4.0,-77.0
1777890328.3513324,2.0,-2.0,-82.0
1777890328.3613324,2.0,0.0,-77.0
1777890328.3713324,1.0,-1.0,-76.0
1777890328.3813324,-4.0,0.0,-73.0
1777890328.3913324,-1.0,0.0,-74.0
1777890328.4013324,-4.0,4.0,-72.0
1777890328.4113324,-5.0,6.0,-75.0
1777890328.4213324,-6.0,3.0,-76.0
1777890328.4313323,-8.0,1.0,-76.0
1777890328.4413323,-5.0,-1.0,-76.0
1777890328.4513323,-4.0,-5.0,-83.0
1777890328.4613323,0.0,-4.0,-79.0
1777890328.4713323,-1.0,-3.0,-76.0
1777890328.4813323,-3.0,0.0,-76.0
1777890328.4913323,-6.0,0.0,-74.0
1777890328.5013323,-2.0,0.0,-78.0
1777890328.5113325,-1.0,2.0,-77.0
1777890328.5213325,0.0,0.0,-77.0
1777890328.5313325,0.0,0.0,-75.0
1777890328.5413325,0.0,-1.0,-80.0
1777890328.5513325,-2.0,-1.0,-75.0
1777890328.5613325,-2.0,0.0,-75.0
1777890328.5713325,-6.0,1.0,-78.0
1777890328.5813324,-7.0,4.0,-82.0
1777890328.5913324,-9.0,7.0,-76.0
1777890328.6013324,-5.0,5.0,-73.0
1777890328.6113324,0.0,2.0,-71.0
1777890328.6213324,2.0,1.0,-71.0
1777890328.6313324,-1.0,0.0,-70.0
1777890328.6413324,-1.0,-1.0,-69.0
1777890328.6513324,5.0,0.0,-57.0
1777890328.6613324,2.0,2.0,-60.0
1777890328.6713324,4.0,0.0,-66.0
1777890328.6813323,3.0,-1.0,-66.0
1777890328.6913323,3.0,-1.0,-70.0
1777890328.7013323,2.0,-4.0,-78.0
1777890328.7113323,7.0,-5.0,-72.0
1777890328.7213323,9.0,0.0,-79.0
1777890328.7313323,7.0,0.0,-78.0
1777890328.7413323,5.0,0.0,-70.0
1777890328.7513323,2.0,-1.0,-71.0
1777890328.7613325,-1.0,-7.0,-71.0
1777890328.7713325,2.0,-8.0,-68.0
1777890328.7813325,2.0,-5.0,-71.0
1777890328.7913325,5.0,-6.0,-70.0
1777890328.8013325,8.0,-8.0,-71.0
1777890328.8113325,10.0,-6.0,-67.0
1777890328.8213325,14.0,-5.0,-73.0
1777890328.8313324,14.0,-6.0,-69.0
1777890328.8413324,12.0,-7.0,-72.0
1777890328.8513324,9.0,-10.0,-79.0
1777890328.8613324,11.0,-9.0,-73.0
1777890328.8713324,5.0,-10.0,-72.0
1777890328.8813324,0.0,-10.0,-70.0
1777890328.8913324,-1.0,-2.0,-77.0
1777890328.9013324,0.0,-3.0,-85.0
1777890328.9113324,-1.0,0.0,-76.0
1777890328.9213324,0.0,-2.0,-76.0
1777890328.9313323,0.0,-3.0,-77.0
1777890328.9413323,-1.0,-6.0,-74.0
1777890328.9513323,0.0,-6.0,-71.0
1777890328.9613323,-1.0,-4.0,-70.0
1777890328.9713323,0.0,-3.0,-70.0
1777890328.9813323,0.0,0.0,-61.0
1777890328.9913323,-1.0,-2.0,-68.0
1777890329.0013323,1.0,-1.0,-68.0
1777890329.0113325,2.0,3.0,-75.0
1777890329.0213325,1.0,6.0,-72.0
1777890329.0313325,2.0,4.0,-79.0
1777890329.0413325,-1.0,5.0,-80.0
1777890329.0513325,0.0,4.0,-82.0
1777890329.0613325,0.0,7.0,-81.0
1777890329.0713325,-6.0,7.0,-84.0
1777890329.0813324,-6.0,4.0,-78.0
1777890329.0913324,1.0,2.0,-74.0
1777890329.1013324,5.0,-3.0,-73.0
1777890329.1113324,2.0,0.0,-64.0
1777890329.1213324,0.0,3.0,-61.0
1777890329.1313324,-1.0,0.0,-62.0
1777890329.1413324,-4.0,-2.0,-59.0
1777890329.1513324,-5.0,-7.0,-60.0
1777890329.1613324,1.0,-9.0,-62.0
1777890329.1713324,2.0,-8.0,-58.0
1777890329.1813323,0.0,-9.0,-62.0
1777890329.1913323,0.0,-10.0,-61.0
1777890329.2013323,-2.0,-8.0,-60.0
1777890329.2113323,-7.0,-4.0,-62.0
1777890329.2213323,-4.0,-1.0,-58.0
1777890329.2313323,-7.0,0.0,-61.0
1777890329.2413323,-8.0,2.0,-64.0
1777890329.2513323,-5.0,3.0,-70.0
1777890329.2613325,-3.0,3.0,-71.0
1777890329.2713325,-3.0,1.0,-71.0
1777890329.2813325,0.0,0.0,-70.0
1777890329.2913325,-3.0,-5.0,-77.0
1777890329.3013325,0.0,-4.0,-75.0
1777890329.3113325,1.0,-2.0,-72.0
1777890329.3213325,6.0,-3.0,-67.0
1777890329.3313324,5.0,-4.0,-68.0
1777890329.3413324,6.0,-4.0,-71.0
1777890329.3513324,4.0,-5.0,-77.0
1777890329.3613324,3.0,-4.0,-78.0
1777890329.3713324,5.0,-4.0,-82.0
1777890329.3813324,7.0,-7.0,-81.0
1777890329.3913324,6.0,0.0,-82.0
1777890329.4013324,6.0,1.0,-77.0
1777890329.4113324,7.0,-1.0,-80.0
1777890329.4213324,6.0,-3.0,-76.0
1777890329.4313323,6.0,-6.0,-73.0
1777890329.4413323,6.0,-5.0,-80.0
1777890329.4513323,3.0,-5.0,-86.0
1777890329.4613323,3.0,-5.0,-84.0
1777890329.4713323,5.0,-3.0,-88.0
1777890329.4813323,0.0,-4.0,-86.0
1777890329.4913323,-1.0,-9.0,-79.0
1777890329.5013323,0.0,-9.0,-70.0
1777890329.5113325,0.0,-5.0,-66.0
1777890329.5223324,3.0,-4.0,-65.0
1777890329.5323324,4.0,-3.0,-65.0
1777890329.5413325,2.0,-2.0,-67.0
1777890329.5523324,7.0,-5.0,-68.0
1777890329.5623324,7.0,-5.0,-64.0
1777890329.5723324,7.0,-7.0,-69.0
1777890329.5823324,9.0,-5.0,-69.0
1777890329.5923324,10.0,2.0,-71.0
1777890329.6023324,11.0,0.0,-71.0
1777890329.6123323,13.0,0.0,-66.0
1777890329.6223323,9.0,1.0,-65.0
1777890329.6323323,7.0,4.0,-65.0
1777890329.6423323,6.0,3.0,-66.0
1777890329.6523323,6.0,1.0,-66.0
1777890329.6623323,5.0,-1.0,-74.0
1777890329.6723323,1.0,-4.0,-70.0
1777890329.6823325,0.0,0.0,-66.0
1777890329.6923325,1.0,-1.0,-61.0
1777890329.7023325,4.0,-3.0,-56.0
1777890329.7123325,2.0,-4.0,-59.0
1777890329.7223325,0.0,-3.0,-61.0
1777890329.7323325,-1.0,-3.0,-67.0
1777890329.7423325,-4.0,-2.0,-63.0
1777890329.7523324,-6.0,-3.0,-65.0
1777890329.7623324,-5.0,-4.0,-65.0
1777890329.7723324,-3.0,-2.0,-70.0
1777890329.7823324,-2.0,-6.0,-74.0
1777890329.7923324,-1.0,-6.0,-71.0
1777890329.8023324,3.0,-1.0,-71.0
1777890329.8123324,-3.0,3.0,-73.0
1777890329.8223324,0.0,4.0,-66.0
1777890329.8323324,0.0,3.0,-66.0
1777890329.8423324,0.0,0.0,-72.0
1777890329.8523324,2.0,2.0,-73.0
1777890329.8623323,3.0,-2.0,-71.0
1777890329.8723323,8.0,-7.0,-67.0
1777890329.8823323,3.0,-5.0,-65.0
1777890329.8923323,0.0,-6.0,-72.0
1777890329.9023323,1.0,-8.0,-73.0
1777890329.9123323,3.0,-7.0,-73.0
1777890329.9223323,2.0,-8.0,-70.0
1777890329.9323325,-1.0,-6.0,-73.0
1777890329.9423325,-2.0,-4.0,-70.0
1777890329.9523325,-8.0,-4.0,-68.0
1777890329.9623325,-4.0,-1.0,-66.0
1777890329.9723325,-1.0,0.0,-73.0
1777890329.9823325,0.0,0.0,-67.0
1777890329.9923325,2.0,-2.0,-63.0
1777890330.0023324,-1.0,-3.0,-67.0
1777890330.0123324,-1.0,-1.0,-66.0
1777890330.0223324,-1.0,-3.0,-67.0
1777890330.0323324,-1.0,-2.0,-66.0
1777890330.0423324,-2.0,-3.0,-68.0
1777890330.0523324,-4.0,1.0,-71.0
1777890330.0623324,-3.0,-1.0,-70.0
1777890330.0723324,-4.0,-4.0,-73.0
1777890330.0823324,-3.0,-8.0,-70.0
1777890330.0923324,-2.0,-8.0,-73.0
1777890330.1023324,-1.0,-4.0,-71.0
1777890330.1123323,-3.0,-1.0,-71.0
1777890330.1223323,-5.0,-2.0,-64.0
1777890330.1323323,-4.0,-3.0,-66.0
1777890330.1423323,-5.0,-4.0,-71.0
1777890330.1523323,-3.0,-1.0,-73.0
1777890330.1623323,-4.0,-2.0,-68.0
1777890330.1723323,-5.0,-1.0,-71.0
1777890330.1823325,-4.0,-3.0,-73.0
1777890330.1923325,-4.0,0.0,-78.0
1777890330.2023325,-3.0,0.0,-77.0
1777890330.2123325,-2.0,-7.0,-74.0
1777890330.2223325,0.0,-4.0,-66.0
1777890330.2323325,0.0,-5.0,-59.0
1777890330.2423325,3.0,-2.0,-60.0
1777890330.2523324,4.0,-2.0,-62.0
1777890330.2623324,6.0,0.0,-57.0
1777890330.2723324,4.0,-1.0,-59.0
1777890330.2823324,-1.0,-1.0,-64.0
1777890330.2923324,0.0,-3.0,-66.0
1777890330.3023324,0.0,-5.0,-67.0
1777890330.3123324,2.0,-2.0,-66.0
1777890330.3223324,1.0,-1.0,-60.0
1777890330.3323324,3.0,-1.0,-66.0
1777890330.3423324,3.0,-1.0,-73.0
1777890330.3523324,3.0,2.0,-79.0
1777890330.3623323,0.0,2.0,-77.0
1777890330.3723323,5.0,-2.0,-73.0
1777890330.3823323,6.0,-4.0,-59.0
1777890330.3923323,3.0,-4.0,-64.0
1777890330.4023323,0.0,-5.0,-65.0
1777890330.4123323,2.0,-4.0,-69.0
1777890330.4223323,0.0,0.0,-72.0
1777890330.4323325,3.0,2.0,-76.0
1777890330.4423325,3.0,3.0,-77.0
1777890330.4523325,1.0,3.0,-76.0
1777890330.4623325,3.0,4.0,-71.0
1777890330.4723325,5.0,-1.0,-75.0
1777890330.4823325,5.0,-1.0,-86.0
1777890330.4923325,1.0,-2.0,-82.0
1777890330.5023324,0.0,-3.0,-76.0
1777890330.5123324,1.0,-2.0,-76.0
1777890330.5223324,-1.0,-2.0,-78.0
1777890330.5323324,0.0,-2.0,-78.0
1777890330.5423324,0.0,-3.0,-71.0
1777890330.5523324,2.0,2.0,-72.0
1777890330.5623324,1.0,3.0,-72.0
1777890330.5723324,0.0,5.0,-67.0
1777890330.5823324,-2.0,8.0,-68.0
1777890330.5923324,-3.0,6.0,-72.0
1777890330.6023324,-4.0,7.0,-65.0
1777890330.6123323,0.0,5.0,-63.0
1777890330.6223323,5.0,2.0,-68.0
1777890330.6323323,0.0,6.0,-71.0
1777890330.6423323,-2.0,8.0,-81.0
1777890330.6523323,3.0,9.0,-79.0
1777890330.6623323,0.0,9.0,-75.0
1777890330.6723323,1.0,5.0,-83.0
1777890330.6823325,7.0,4.0,-84.0
1777890330.6923325,4.0,3.0,-81.0
1777890330.7023325,5.0,0.0,-79.0
1777890330.7123325,3.0,4.0,-82.0
1777890330.7223325,2.0,2.0,-80.0
1777890330.7323325,3.0,3.0,-76.0
1777890330.7423325,2.0,1.0,-75.0
1777890330.7523324,0.0,2.0,-78.0
1777890330.7623324,0.0,1.0,-74.0
1777890330.7723324,-1.0,-1.0,-71.0
1777890330.7823324,-1.0,-2.0,-68.0
1777890330.7923324,1.0,-3.0,-64.0
1777890330.8023324,2.0,0.0,-67.0
1777890330.8123324,2.0,2.0,-71.0
1777890330.8223324,5.0,3.0,-76.0
1777890330.8323324,2.0,3.0,-72.0
1777890330.8423324,4.0,0.0,-72.0
1777890330.8523324,4.0,1.0,-68.0
1777890330.8623323,4.0,0.0,-74.0
1777890330.8723323,-4.0,2.0,-77.0
1777890330.8823323,-8.0,0.0,-71.0
1777890330.8923323,-4.0,-2.0,-72.0
1777890330.9023323,-1.0,1.0,-72.0
1777890330.9123323,-1.0,3.0,-69.0
1777890330.9223323,-2.0,1.0,-67.0
1777890330.9323325,-3.0,-3.0,-73.0
1777890330.9423325,-1.0,0.0,-78.0
1777890330.9523325,1.0,1.0,-71.0
1777890330.9623325,0.0,4.0,-73.0
1777890330.9723325,0.0,5.0,-73.0
1777890330.9823325,4.0,3.0,-79.0
1777890330.9923325,7.0,2.0,-83.0
1777890331.0023324,3.0,0.0,-78.0
1777890331.0123324,1.0,3.0,-77.0
1777890331.0223324,0.0,3.0,-75.0
1777890331.0323324,0.0,2.0,-79.0
1777890331.0423324,0.0,1.0,-79.0
1777890331.0523324,0.0,0.0,-78.0
1777890331.0623324,0.0,8.0,-75.0
1777890331.0723324,-3.0,6.0,-73.0
1777890331.0823324,-2.0,3.0,-69.0
1777890331.0923324,0.0,2.0,-72.0
1777890331.1023324,2.0,1.0,-73.0
1777890331.1123323,-3.0,0.0,-68.0
1777890331.1223323,-1.0,0.0,-64.0
1777890331.1323323,-3.0,0.0,-73.0
1777890331.1423323,-2.0,2.0,-76.0
1777890331.1523323,-1.0,3.0,-81.0
1777890331.1623323,0.0,2.0,-75.0
1777890331.1723323,4.0,2.0,-79.0
1777890331.1823325,4.0,3.0,-72.0
1777890331.1923325,0.0,1.0,-74.0
1777890331.2023325,-1.0,1.0,-79.0
1777890331.2123325,2.0,2.0,-75.0
1777890331.2223325,2.0,1.0,-70.0
1777890331.2323325,1.0,-1.0,-60.0
1777890331.2423325,1.0,0.0,-59.0
1777890331.2523324,2.0,-2.0,-58.0
1777890331.2623324,-1.0,-2.0,-62.0
1777890331.2723324,0.0,-1.0,-62.0
1777890331.2823324,-1.0,0.0,-69.0
1777890331.2923324,2.0,1.0,-77.0
1777890331.3023324,5.0,1.0,-76.0
1777890331.3123324,5.0,6.0,-78.0
1777890331.3223324,1.0,5.0,-85.0
1777890331.3323324,1.0,4.0,-79.0
1777890331.3423324,-4.0,5.0,-82.0
1777890331.3523324,-10.0,5.0,-83.0
1777890331.3623323,-7.0,6.0,-80.0
1777890331.3723323,-3.0,0.0,-81.0
1777890331.3823323,0.0,-1.0,-81.0
1777890331.3923323,0.0,-4.0,-79.0
1777890331.4023323,4.0,-4.0,-81.0
1777890331.4123323,0.0,-1.0,-78.0
1777890331.4223323,0.0,0.0,-68.0
1777890331.4323325,0.0,4.0,-73.0
1777890331.4423325,-3.0,3.0,-74.0
1777890331.4523325,0.0,4.0,-81.0
1777890331.4623325,3.0,0.0,-80.0
1777890331.4723325,0.0,0.0,-76.0
1777890331.4823325,-1.0,3.0,-77.0
1777890331.4923325,0.0,2.0,-80.0
1777890331.5023324,3.0,0.0,-78.0
1777890331.5123324,-1.0,0.0,-76.0
1777890331.5223324,2.0,-3.0,-84.0
1777890331.5323324,3.0,-4.0,-84.0
1777890331.5433323,8.0,0.0,-82.0
1777890331.5533323,6.0,1.0,-82.0
1777890331.5633323,3.0,0.0,-83.0
1777890331.5733323,3.0,0.0,-81.0
1777890331.5833323,5.0,-1.0,-75.0
1777890331.5933323,6.0,-3.0,-68.0
1777890331.6033323,2.0,-7.0,-67.0
1777890331.6133325,-2.0,-5.0,-73.0
1777890331.6233325,0.0,-4.0,-76.0
1777890331.6333325,3.0,-4.0,-73.0
1777890331.6433325,6.0,-1.0,-67.0
1777890331.6533325,5.0,1.0,-64.0
1777890331.6633325,-1.0,3.0,-67.0
1777890331.6733325,0.0,5.0,-65.0
1777890331.6833324,-2.0,2.0,-74.0
1777890331.6933324,-5.0,-1.0,-72.0
1777890331.7033324,-3.0,-3.0,-78.0
1777890331.7133324,-5.0,-6.0,-77.0
1777890331.7233324,-4.0,-4.0,-76.0
1777890331.7333324,-7.0,1.0,-71.0
1777890331.7433324,-9.0,0.0,-72.0
1777890331.7533324,-2.0,0.0,-68.0
1777890331.7633324,-1.0,0.0,-74.0
1777890331.7733324,-1.0,-1.0,-77.0
1777890331.7833323,-1.0,-3.0,-81.0
1777890331.7933323,0.0,-1.0,-80.0
1777890331.8033323,2.0,-3.0,-79.0
1777890331.8133323,5.0,-8.0,-81.0
1777890331.8233323,6.0,-7.0,-80.0
1777890331.8333323,1.0,-4.0,-79.0
1777890331.8433323,3.0,1.0,-82.0
1777890331.8533323,3.0,0.0,-77.0
1777890331.8633325,2.0,1.0,-79.0
1777890331.8733325,1.0,0.0,-80.0
1777890331.8833325,0.0,0.0,-84.0
1777890331.8933325,-2.0,-1.0,-80.0
1777890331.9033325,-2.0,-4.0,-80.0
1777890331.9133325,-3.0,-5.0,-73.0
1777890331.9233325,-5.0,-6.0,-70.0
1777890331.9333324,-7.0,-6.0,-68.0
1777890331.9433324,-9.0,-8.0,-74.0
1777890331.9533324,-5.0,-6.0,-63.0
1777890331.9633324,-8.0,-5.0,-65.0
1777890331.9733324,-6.0,-2.0,-67.0
1777890331.9833324,-4.0,-4.0,-63.0
1777890331.9933324,-3.0,-1.0,-67.0
1777890332.0033324,-5.0,-2.0,-67.0
1777890332.0133324,-7.0,-4.0,-68.0
1777890332.0233324,-5.0,-4.0,-64.0
1777890332.0333323,-7.0,-4.0,-64.0
1777890332.0433323,-6.0,-8.0,-69.0
1777890332.0533323,-2.0,-5.0,-72.0
1777890332.0633323,-1.0,-7.0,-73.0
1777890332.0733323,-1.0,-7.0,-76.0
1777890332.0833323,0.0,-5.0,-80.0
1777890332.0933323,-4.0,-5.0,-78.0
1777890332.1033323,-5.0,-4.0,-75.0
1777890332.1133325,-2.0,-4.0,-68.0
1777890332.1233325,2.0,-7.0,-67.0
1777890332.1333325,0.0,-9.0,-61.0
1777890332.1433325,-3.0,-9.0,-66.0
1777890332.1533325,-7.0,-5.0,-67.0
1777890332.1633325,-2.0,-8.0,-65.0
1777890332.1733325,-3.0,-7.0,-61.0
1777890332.1833324,0.0,-6.0,-59.0
1777890332.1933324,3.0,-10.0,-61.0
1777890332.2033324,3.0,-13.0,-66.0
1777890332.2133324,7.0,-8.0,-76.0
1777890332.2233324,7.0,-4.0,-75.0
1777890332.2333324,2.0,-5.0,-74.0
1777890332.2433324,0.0,-3.0,-75.0
1777890332.2533324,0.0,-1.0,-80.0
1777890332.2633324,1.0,-1.0,-77.0
1777890332.2733324,-1.0,0.0,-77.0
1777890332.2833323,-1.0,3.0,-66.0
1777890332.2933323,-11.0,6.0,-69.0
1777890332.3033323,-10.0,6.0,-64.0
1777890332.3133323,-10.0,8.0,-69.0
1777890332.3233323,-4.0,5.0,-70.0
1777890332.3333323,-2.0,4.0,-72.0
1777890332.3433323,0.0,5.0,-78.0
1777890332.3533323,-1.0,4.0,-78.0
1777890332.3633325,-1.0,9.0,-74.0
1777890332.3733325,0.0,6.0,-81.0
1777890332.3833325,-3.0,6.0,-80.0
1777890332.3933325,-1.0,4.0,-82.0
1777890332.4033325,1.0,2.0,-81.0
1777890332.4133325,0.0,2.0,-86.0
1777890332.4233325,1.0,1.0,-81.0
1777890332.4333324,1.0,0.0,-87.0
1777890332.4433324,4.0,0.0,-88.0
1777890332.4533324,7.0,-1.0,-83.0
1777890332.4633324,1.0,3.0,-86.0
1777890332.4733324,-2.0,0.0,-87.0
1777890332.4833324,0.0,-4.0,-75.0
1777890332.4933324,1.0,0.0,-82.0
1777890332.5033324,2.0,0.0,-83.0
1777890332.5133324,0.0,0.0,-80.0
1777890332.5233324,0.0,0.0,-77.0
1777890332.5333323,-4.0,0.0,-77.0
1777890332.5433323,-1.0,0.0,-74.0
1777890332.5533323,-1.0,-1.0,-76.0
1777890332.5633323,3.0,-1.0,-72.0
1777890332.5733323,1.0,0.0,-72.0
1777890332.5833323,1.0,0.0,-73.0
1777890332.5933323,1.0,-1.0,-77.0
1777890332.6033323,0.0,-4.0,-79.0
1777890332.6133325,0.0,-4.0,-75.0
1777890332.6233325,-2.0,-5.0,-68.0
1777890332.6333325,-3.0,-4.0,-67.0
1777890332.6433325,-1.0,-3.0,-71.0
1777890332.6533325,4.0,-3.0,-69.0
1777890332.6633325,2.0,0.0,-72.0
1777890332.6733325,5.0,3.0,-71.0
1777890332.6833324,4.0,2.0,-70.0
1777890332.6933324,0.0,0.0,-71.0
1777890332.7033324,2.0,2.0,-65.0
1777890332.7133324,4.0,4.0,-70.0
1777890332.7233324,3.0,3.0,-72.0
1777890332.7333324,6.0,-2.0,-67.0
1777890332.7433324,6.0,-1.0,-64.0
1777890332.7533324,7.0,0.0,-68.0
1777890332.7633324,4.0,1.0,-71.0
1777890332.7733324,3.0,1.0,-65.0
1777890332.7833323,1.0,0.0,-73.0
1777890332.7933323,-2.0,0.0,-75.0
1777890332.8033323,-3.0,-1.0,-79.0
1777890332.8133323,2.0,0.0,-72.0
1777890332.8233323,3.0,-4.0,-63.0
1777890332.8333323,3.0,-7.0,-69.0
1777890332.8433323,2.0,-3.0,-75.0
1777890332.8533323,1.0,-7.0,-76.0
1777890332.8633325,1.0,-9.0,-77.0
1777890332.8733325,0.0,-5.0,-76.0
1777890332.8833325,-2.0,-7.0,-79.0
1777890332.8933325,-2.0,-10.0,-81.0
1777890332.9033325,2.0,-7.0,-80.0
1777890332.9133325,2.0,-7.0,-68.0
1777890332.9233325,3.0,-10.0,-68.0
1777890332.9333324,3.0,-8.0,-61.0
1777890332.9433324,5.0,-6.0,-58.0
1777890332.9533324,2.0,-5.0,-63.0
1777890332.9633324,1.0,1.0,-66.0
1777890332.9733324,2.0,4.0,-67.0
1777890332.9833324,7.0,2.0,-59.0
1777890332.9933324,7.0,7.0,-60.0
1777890333.0033324,1.0,7.0,-61.0
1777890333.0133324,3.0,3.0,-60.0
1777890333.0233324,0.0,2.0,-70.0
1777890333.0333323,-5.0,0.0,-71.0
1777890333.0433323,0.0,1.0,-70.0
1777890333.0533323,2.0,2.0,-72.0
1777890333.0633323,-1.0,3.0,-68.0
1777890333.0733323,1.0,2.0,-64.0
1777890333.0833323,3.0,0.0,-64.0
1777890333.0933323,5.0,2.0,-67.0
1777890333.1033323,7.0,2.0,-67.0
1777890333.1133325,6.0,0.0,-76.0
1777890333.1233325,3.0,-2.0,-71.0
1777890333.1333325,6.0,-2.0,-67.0
1777890333.1433325,0.0,-1.0,-72.0
1777890333.1533325,-2.0,3.0,-80.0
1777890333.1633325,-5.0,5.0,-82.0
1777890333.1733325,-2.0,8.0,-83.0
1777890333.1833324,0.0,7.0,-76.0
1777890333.1933324,-6.0,4.0,-70.0
1777890333.2033324,-1.0,0.0,-71.0
1777890333.2133324,0.0,-1.0,-72.0
1777890333.2233324,6.0,-3.0,-69.0
1777890333.2333324,7.0,-2.0,-68.0
1777890333.2433324,6.0,-3.0,-70.0
1777890333.2533324,5.0,-3.0,-73.0
1777890333.2633324,5.0,0.0,-72.0
1777890333.2733324,5.0,2.0,-75.0
1777890333.2833323,5.0,3.0,-76.0
1777890333.2933323,0.0,1.0,-69.0
1777890333.3033323,-5.0,2.0,-67.0
1777890333.3133323,-6.0,3.0,-68.0
1777890333.3233323,-8.0,3.0,-76.0
1777890333.3333323,-7.0,0.0,-73.0
1777890333.3433323,-3.0,0.0,-71.0
1777890333.3533323,-1.0,0.0,-65.0
1777890333.3633325,1.0,0.0,-62.0
1777890333.3733325,2.0,0.0,-66.0
1777890333.3833325,4.0,-2.0,-64.0
1777890333.3933325,2.0,-1.0,-64.0
1777890333.4033325,1.0,-2.0,-62.0
1777890333.4133325,0.0,-3.0,-63.0
1777890333.4233325,-1.0,0.0,-67.0
1777890333.4333324,-4.0,-2.0,-76.0
1777890333.4433324,-3.0,-5.0,-71.0
1777890333.4533324,-1.0,-2.0,-77.0
1777890333.4633324,0.0,0.0,-74.0
1777890333.4733324,0.0,0.0,-77.0
1777890333.4833324,0.0,0.0,-73.0
1777890333.4933324,-3.0,-1.0,-76.0
1777890333.5033324,-3.0,0.0,-78.0
1777890333.5133324,-7.0,1.0,-79.0
1777890333.5233324,-8.0,3.0,-81.0
1777890333.5333323,-12.0,1.0,-82.0
1777890333.5443325,-7.0,2.0,-78.0
1777890333.5543325,-4.0,4.0,-73.0
1777890333.5643325,-6.0,5.0,-70.0
1777890333.5743325,-5.0,1.0,-71.0
1777890333.5843325,-1.0,-1.0,-64.0
1777890333.5943325,-2.0,0.0,-62.0
1777890333.6043324,0.0,0.0,-69.0
1777890333.6143324,4.0,-1.0,-75.0
1777890333.6243324,4.0,-4.0,-73.0
1777890333.6343324,2.0,-8.0,-73.0
1777890333.6443324,3.0,-6.0,-74.0
1777890333.6543324,5.0,-5.0,-71.0
1777890333.6643324,0.0,-5.0,-72.0
1777890333.6743324,4.0,-5.0,-75.0
1777890333.6843324,2.0,-2.0,-75.0
1777890333.6943324,2.0,-1.0,-68.0
1777890333.7043324,0.0,-1.0,-71.0
1777890333.7143323,0.0,0.0,-74.0
1777890333.7243323,0.0,-1.0,-75.0
1777890333.7343323,-1.0,1.0,-77.0
1777890333.7443323,0.0,1.0,-83.0
1777890333.7543323,1.0,1.0,-73.0
1777890333.7643323,2.0,-3.0,-69.0
1777890333.7743323,4.0,-3.0,-70.0
1777890333.7843325,2.0,-2.0,-70.0
1777890333.7943325,1.0,1.0,-73.0
1777890333.8043325,0.0,0.0,-74.0
1777890333.8143325,-2.0,0.0,-75.0
1777890333.8243325,-4.0,0.0,-79.0
1777890333.8343325,-5.0,-1.0,-85.0
1777890333.8443325,-7.0,-1.0,-84.0
1777890333.8543324,-4.0,1.0,-79.0
1777890333.8643324,-4.0,4.0,-71.0
1777890333.8743324,-3.0,0.0,-70.0
1777890333.8843324,-1.0,3.0,-74.0
1777890333.8943324,1.0,0.0,-78.0
1777890333.9043324,0.0,-2.0,-79.0
1777890333.9143324,1.0,-1.0,-78.0
1777890333.9243324,-3.0,-3.0,-75.0
1777890333.9343324,-4.0,-4.0,-72.0
1777890333.9443324,-3.0,-1.0,-74.0
1777890333.9543324,1.0,-1.0,-78.0
1777890333.9643323,3.0,-2.0,-78.0
1777890333.9743323,1.0,-6.0,-78.0
1777890333.9843323,2.0,-3.0,-75.0
1777890333.9943323,5.0,-2.0,-79.0
1777890334.0043323,8.0,-2.0,-76.0
1777890334.0143323,3.0,-2.0,-70.0
1777890334.0243323,1.0,0.0,-75.0
1777890334.0343325,3.0,0.0,-81.0
1777890334.0443325,5.0,-1.0,-81.0
1777890334.0543325,6.0,-4.0,-76.0
1777890334.0643325,8.0,-1.0,-79.0
1777890334.0743325,9.0,-4.0,-77.0
1777890334.0843325,4.0,-3.0,-74.0
1777890334.0943325,3.0,-1.0,-70.0
1777890334.1043324,1.0,-4.0,-69.0
1777890334.1143324,3.0,-3.0,-70.0
1777890334.1243324,6.0,0.0,-70.0
1777890334.1343324,8.0,0.0,-69.0
1777890334.1443324,5.0,-3.0,-73.0
1777890334.1543324,6.0,-6.0,-79.0
1777890334.1643324,2.0,-3.0,-74.0
1777890334.1743324,3.0,-2.0,-71.0
1777890334.1843324,3.0,-5.0,-74.0
1777890334.1943324,5.0,-4.0,-73.0
1777890334.2043324,3.0,-2.0,-72.0
1777890334.2143323,-1.0,-4.0,-67.0
1777890334.2243323,-2.0,-5.0,-66.0
1777890334.2343323,-2.0,-4.0,-66.0
1777890334.2443323,0.0,-2.0,-65.0
1777890334.2543323,-3.0,1.0,-66.0
1777890334.2643323,-5.0,3.0,-66.0
1777890334.2743323,-5.0,0.0,-68.0
1777890334.2843325,-4.0,-2.0,-70.0
1777890334.2943325,-4.0,-4.0,-78.0
1777890334.3043325,-5.0,-3.0,-76.0
1777890334.3143325,-6.0,-3.0,-76.0
1777890334.3243325,0.0,2.0,-76.0
1777890334.3343325,-1.0,6.0,-74.0
1777890334.3453324,-1.0,8.0,-75.0
1777890334.3543324,1.0,7.0,-79.0
1777890334.3643324,3.0,1.0,-79.0
1777890334.3743324,0.0,-2.0,-73.0
1777890334.3843324,0.0,-4.0,-75.0
1777890334.3943324,0.0,-4.0,-75.0
1777890334.4043324,-6.0,-5.0,-75.0
1777890334.4143324,-5.0,-4.0,-75.0
1777890334.4243324,-2.0,-2.0,-80.0
1777890334.4343324,-4.0,-5.0,-78.0
1777890334.4443324,-1.0,-6.0,-81.0
1777890334.4543324,0.0,-1.0,-78.0
1777890334.4643323,0.0,1.0,-73.0
1777890334.4743323,0.0,1.0,-66.0
1777890334.4843323,-1.0,-1.0,-72.0
1777890334.4943323,-2.0,0.0,-77.0
1777890334.5043323,-4.0,1.0,-78.0
1777890334.5143323,-10.0,6.0,-76.0
1777890334.5243323,-8.0,4.0,-77.0
1777890334.5343325,-5.0,7.0,-76.0
1777890334.5443325,-1.0,9.0,-77.0
1777890334.5543325,-1.0,7.0,-77.0
1777890334.5643325,-3.0,1.0,-80.0
1777890334.5743325,-7.0,4.0,-77.0
1777890334.5843325,-4.0,0.0,-74.0
1777890334.5943325,-7.0,0.0,-71.0
1777890334.6043324,-2.0,2.0,-69.0
1777890334.6143324,-5.0,-2.0,-73.0
1777890334.6243324,-5.0,-2.0,-77.0
1777890334.6343324,-2.0,-5.0,-79.0
1777890334.6443324,0.0,-2.0,-78.0
1777890334.6543324,-3.0,-3.0,-71.0
1777890334.6643324,-1.0,-6.0,-73.0
1777890334.6743324,0.0,-2.0,-71.0
1777890334.6843324,-6.0,0.0,-80.0
1777890334.6943324,0.0,1.0,-79.0
1777890334.7043324,3.0,5.0,-78.0
1777890334.7143323,7.0,6.0,-76.0
1777890334.7243323,2.0,7.0,-77.0
1777890334.7343323,2.0,4.0,-66.0
1777890334.7443323,3.0,4.0,-67.0
1777890334.7543323,-1.0,6.0,-66.0
1777890334.7643323,-3.0,2.0,-68.0
1777890334.7743323,0.0,1.0,-67.0
1777890334.7843325,-3.0,0.0,-64.0
1777890334.7943325,-1.0,0.0,-72.0
1777890334.8043325,5.0,0.0,-74.0
1777890334.8143325,3.0,4.0,-71.0
1777890334.8243325,-1.0,8.0,-71.0
1777890334.8343325,2.0,8.0,-65.0
1777890334.8443325,6.0,6.0,-65.0
1777890334.8543324,8.0,3.0,-66.0
1777890334.8643324,2.0,0.0,-69.0
1777890334.8743324,3.0,1.0,-67.0
1777890334.8843324,4.0,-1.0,-72.0
1777890334.8943324,6.0,-6.0,-73.0
1777890334.9043324,3.0,-9.0,-79.0
1777890334.9143324,1.0,-5.0,-72.0
1777890334.9243324,0.0,-5.0,-72.0
1777890334.9343324,2.0,-3.0,-78.0
1777890334.9443324,-1.0,-4.0,-79.0
1777890334.9543324,-2.0,-3.0,-79.0
1777890334.9643323,-2.0,-4.0,-81.0
1777890334.9743323,-3.0,-8.0,-75.0
1777890334.9843323,1.0,-8.0,-78.0
1777890334.9943323,7.0,-7.0,-80.0
1777890335.0043323,7.0,-1.0,-82.0
1777890335.0143323,6.0,-2.0,-80.0
1777890335.0243323,1.0,-1.0,-80.0
1777890335.0343325,2.0,-2.0,-79.0
1777890335.0443325,-1.0,-2.0,-75.0
1777890335.0543325,3.0,-8.0,-76.0
1777890335.0643325,3.0,-4.0,-80.0
1777890335.0743325,5.0,0.0,-80.0
1777890335.0843325,7.0,2.0,-79.0
1777890335.0943325,8.0,1.0,-73.0
1777890335.1043324,2.0,0.0,-75.0
1777890335.1143324,0.0,-1.0,-76.0
1777890335.1243324,1.0,-2.0,-75.0
1777890335.1343324,1.0,-1.0,-75.0
1777890335.1443324,3.0,0.0,-71.0
1777890335.1543324,4.0,0.0,-75.0
1777890335.1643324,2.0,0.0,-78.0
1777890335.1743324,0.0,-1.0,-78.0
1777890335.1843324,0.0,-3.0,-76.0
1777890335.1943324,0.0,0.0,-78.0
1777890335.2043324,0.0,0.0,-78.0
1777890335.2143323,0.0,1.0,-80.0
1777890335.2243323,0.0,-1.0,-84.0
1777890335.2343323,-3.0,-3.0,-79.0
1777890335.2443323,-3.0,-4.0,-84.0
1777890335.2543323,-5.0,-8.0,-84.0
1777890335.2643323,-3.0,-11.0,-78.0
1777890335.2743323,-5.0,-10.0,-76.0
1777890335.2843325,-4.0,-9.0,-73.0
1777890335.2943325,-7.0,-9.0,-75.0
1777890335.3043325,-3.0,-7.0,-73.0
1777890335.3143325,1.0,-7.0,-73.0
1777890335.3243325,0.0,-3.0,-70.0
1777890335.3343325,2.0,0.0,-65.0
1777890335.3443325,3.0,1.0,-64.0
1777890335.3543324,0.0,4.0,-69.0
1777890335.3643324,-3.0,3.0,-70.0
1777890335.3743324,-1.0,0.0,-66.0
1777890335.3843324,-4.0,0.0,-70.0
1777890335.3943324,-6.0,-4.0,-68.0
1777890335.4043324,-4.0,-1.0,-70.0
1777890335.4143324,-4.0,0.0,-75.0
1777890335.4243324,-3.0,-2.0,-72.0
1777890335.4343324,0.0,-6.0,-61.0
1777890335.4443324,0.0,-3.0,-60.0
1777890335.4543324,0.0,-2.0,-65.0
1777890335.4643323,-3.0,-3.0,-68.0
1777890335.4743323,0.0,-4.0,-65.0
1777890335.4843323,-1.0,-10.0,-69.0
1777890335.4943323,-1.0,-8.0,-71.0
1777890335.5053325,0.0,-8.0,-69.0
1777890335.5153325,-1.0,-9.0,-63.0
1777890335.5253325,0.0,-4.0,-64.0
1777890335.5353324,3.0,-3.0,-76.0
1777890335.5453324,3.0,0.0,-75.0
1777890335.5553324,1.0,1.0,-81.0
1777890335.5653324,2.0,0.0,-68.0
1777890335.5753324,5.0,1.0,-60.0
1777890335.5853324,6.0,-1.0,-61.0
1777890335.5953324,5.0,-1.0,-64.0
1777890335.6053324,2.0,-1.0,-65.0
1777890335.6153324,0.0,-7.0,-67.0
1777890335.6253324,3.0,-7.0,-58.0
1777890335.6353323,5.0,-5.0,-58.0
1777890335.6453323,5.0,-6.0,-62.0
1777890335.6553323,5.0,0.0,-65.0
1777890335.6653323,4.0,-1.0,-70.0
1777890335.6753323,-1.0,-4.0,-67.0
1777890335.6853323,-3.0,-5.0,-64.0
1777890335.6953323,-4.0,-1.0,-70.0
1777890335.7053325,2.0,-4.0,-76.0
1777890335.7153325,4.0,-1.0,-72.0
1777890335.7253325,4.0,2.0,-73.0
1777890335.7353325,4.0,5.0,-75.0
1777890335.7453325,1.0,3.0,-78.0
1777890335.7553325,-1.0,3.0,-74.0
1777890335.7653325,-2.0,1.0,-73.0
1777890335.7753325,0.0,1.0,-78.0
1777890335.7853324,1.0,-5.0,-77.0
1777890335.7953324,0.0,-6.0,-81.0
1777890335.8053324,0.0,-6.0,-75.0
1777890335.8153324,-1.0,-8.0,-81.0
1777890335.8253324,-2.0,-9.0,-76.0
1777890335.8353324,-1.0,-10.0,-78.0
1777890335.8453324,0.0,-9.0,-83.0
1777890335.8553324,0.0,-10.0,-82.0
1777890335.8653324,0.0,-7.0,-79.0
1777890335.8753324,0.0,-4.0,-79.0
1777890335.8853323,0.0,-2.0,-77.0
1777890335.8953323,0.0,-3.0,-67.0
1777890335.9053323,0.0,-7.0,-62.0
1777890335.9153323,0.0,-5.0,-63.0
1777890335.9253323,1.0,-5.0,-58.0
1777890335.9353323,4.0,-6.0,-49.0
1777890335.9453323,3.0,-6.0,-52.0
1777890335.9553325,6.0,-5.0,-60.0
1777890335.9653325,2.0,-2.0,-67.0
1777890335.9753325,4.0,-2.0,-70.0
1777890335.9853325,4.0,1.0,-66.0
1777890335.9953325,7.0,0.0,-65.0
1777890336.0053325,11.0,2.0,-68.0
1777890336.0153325,12.0,7.0,-69.0
1777890336.0253325,12.0,7.0,-74.0
1777890336.0353324,11.0,9.0,-69.0
1777890336.0453324,9.0,4.0,-64.0
1777890336.0553324,8.0,2.0,-66.0
1777890336.0653324,8.0,2.0,-70.0
1777890336.0753324,6.0,3.0,-66.0
1777890336.0853324,1.0,0.0,-68.0
1777890336.0953324,-5.0,0.0,-68.0
1777890336.1053324,-8.0,2.0,-72.0
1777890336.1153324,-6.0,1.0,-71.0
1777890336.1253324,-4.0,3.0,-74.0
1777890336.1353323,-4.0,4.0,-73.0
1777890336.1453323,-1.0,5.0,-71.0
1777890336.1553323,-5.0,2.0,-61.0
1777890336.1653323,0.0,-1.0,-60.0
1777890336.1753323,0.0,-6.0,-59.0
1777890336.1853323,1.0,-3.0,-59.0
1777890336.1953323,0.0,-2.0,-64.0
1777890336.2053325,0.0,1.0,-61.0
1777890336.2153325,-6.0,-1.0,-64.0
1777890336.2253325,-5.0,-1.0,-67.0
1777890336.2353325,-5.0,-4.0,-68.0
1777890336.2453325,-3.0,-7.0,-70.0
1777890336.2553325,-2.0,-5.0,-78.0
1777890336.2653325,0.0,-5.0,-78.0
1777890336.2753325,3.0,-4.0,-77.0
1777890336.2853324,4.0,0.0,-70.0
1777890336.2953324,7.0,-3.0,-73.0
1777890336.3053324,5.0,-2.0,-74.0
1777890336.3153324,6.0,1.0,-69.0
1777890336.3253324,3.0,0.0,-67.0
1777890336.3353324,6.0,0.0,-61.0
1777890336.3453324,5.0,-1.0,-61.0
1777890336.3553324,3.0,-3.0,-62.0
1777890336.3653324,5.0,-2.0,-64.0
1777890336.3753324,3.0,3.0,-70.0
1777890336.3853323,0.0,0.0,-72.0
1777890336.3953323,-3.0,-4.0,-69.0
1777890336.4053323,-3.0,-7.0,-71.0
1777890336.4153323,-4.0,-5.0,-72.0
1777890336.4253323,-5.0,-6.0,-74.0
1777890336.4353323,-5.0,-10.0,-79.0
1777890336.4453323,-3.0,-7.0,-78.0
1777890336.4553325,-1.0,-1.0,-69.0
1777890336.4653325,1.0,-4.0,-73.0
1777890336.4753325,2.0,-6.0,-67.0
1777890336.4853325,-2.0,0.0,-69.0
1777890336.4953325,-3.0,0.0,-67.0
1777890336.5053325,-3.0,3.0,-73.0
1777890336.5153325,0.0,3.0,-73.0
1777890336.5253325,3.0,1.0,-73.0
1777890336.5353324,2.0,1.0,-72.0
1777890336.5453324,6.0,2.0,-74.0
1777890336.5553324,8.0,5.0,-77.0
1777890336.5653324,10.0,1.0,-74.0
1777890336.5753324,4.0,3.0,-74.0
1777890336.5853324,4.0,0.0,-70.0
1777890336.5953324,-1.0,-4.0,-69.0
1777890336.6053324,3.0,-3.0,-70.0
1777890336.6153324,1.0,-1.0,-73.0
1777890336.6253324,1.0,-1.0,-77.0
1777890336.6353323,0.0,0.0,-78.0
1777890336.6453323,0.0,2.0,-81.0
1777890336.6553323,4.0,2.0,-88.0
1777890336.6653323,2.0,0.0,-82.0
1777890336.6753323,0.0,-1.0,-81.0
1777890336.6853323,1.0,0.0,-81.0
1777890336.6953323,0.0,-1.0,-81.0
1777890336.7053325,-2.0,-3.0,-79.0
1777890336.7153325,2.0,-4.0,-73.0
1777890336.7253325,0.0,0.0,-74.0
1777890336.7353325,2.0,1.0,-70.0
1777890336.7453325,6.0,1.0,-71.0
1777890336.7553325,4.0,0.0,-67.0
1777890336.7653325,3.0,1.0,-73.0
1777890336.7753325,0.0,-3.0,-74.0
1777890336.7853324,0.0,-4.0,-72.0
1777890336.7953324,4.0,-3.0,-71.0
1777890336.8053324,5.0,-3.0,-70.0
1777890336.8153324,2.0,-3.0,-69.0
1777890336.8253324,0.0,-3.0,-68.0
1777890336.8353324,-3.0,-3.0,-66.0
1777890336.8453324,-4.0,-4.0,-68.0
1777890336.8553324,-6.0,-9.0,-69.0
1777890336.8653324,-6.0,-7.0,-67.0
1777890336.8753324,-5.0,-6.0,-69.0
1777890336.8853323,0.0,-8.0,-71.0
1777890336.8953323,1.0,-7.0,-74.0
1777890336.9053323,3.0,-5.0,-69.0
1777890336.9153323,2.0,0.0,-74.0
1777890336.9253323,3.0,-3.0,-77.0
1777890336.9353323,6.0,-6.0,-77.0
1777890336.9453323,8.0,-4.0,-75.0
1777890336.9553325,7.0,-2.0,-72.0
1777890336.9653325,7.0,-7.0,-79.0
1777890336.9753325,4.0,-3.0,-82.0
1777890336.9853325,3.0,-1.0,-77.0
1777890336.9953325,1.0,0.0,-71.0
1777890337.0053325,-1.0,2.0,-68.0
1777890337.0153325,2.0,0.0,-71.0
1777890337.0253325,6.0,-2.0,-72.0
1777890337.0353324,3.0,-3.0,-74.0
1777890337.0453324,2.0,0.0,-70.0
1777890337.0553324,3.0,2.0,-71.0
1777890337.0653324,5.0,0.0,-73.0
1777890337.0753324,5.0,0.0,-75.0
1777890337.0853324,4.0,-2.0,-72.0
1777890337.0953324,-2.0,-1.0,-73.0
1777890337.1053324,-4.0,-1.0,-73.0
1777890337.1153324,-3.0,-2.0,-77.0
1777890337.1253324,0.0,3.0,-77.0
1777890337.1353323,2.0,2.0,-84.0
1777890337.1453323,6.0,-1.0,-87.0
1777890337.1553323,8.0,-1.0,-84.0
1777890337.1653323,9.0,-4.0,-81.0
1777890337.1753323,7.0,-7.0,-74.0
1777890337.1853323,4.0,-6.0,-72.0
1777890337.1953323,2.0,-6.0,-70.0
1777890337.2053325,-1.0,-1.0,-67.0
1777890337.2153325,-4.0,-3.0,-74.0
1777890337.2253325,-3.0,-4.0,-75.0
1777890337.2353325,-3.0,-3.0,-70.0
1777890337.2453325,-3.0,-2.0,-68.0
1777890337.2553325,-2.0,-3.0,-71.0
1777890337.2653325,-2.0,-4.0,-73.0
1777890337.2753325,-3.0,-3.0,-70.0
1777890337.2853324,-3.0,-5.0,-65.0
1777890337.2953324,2.0,0.0,-59.0
1777890337.3053324,3.0,-3.0,-66.0
1777890337.3153324,3.0,-4.0,-77.0
1777890337.3253324,2.0,-5.0,-80.0
1777890337.3353324,5.0,0.0,-85.0
1777890337.3453324,3.0,0.0,-93.0
1777890337.3553324,5.0,3.0,-95.0
1777890337.3653324,7.0,1.0,-93.0
1777890337.3753324,2.0,2.0,-86.0
1777890337.3853323,2.0,0.0,-87.0
1777890337.3953323,6.0,2.0,-85.0
1777890337.4053323,9.0,4.0,-85.0
1777890337.4153323,3.0,4.0,-78.0
1777890337.4253323,3.0,6.0,-69.0
1777890337.4353323,6.0,-2.0,-70.0
1777890337.4453323,5.0,0.0,-66.0
1777890337.4553325,4.0,0.0,-62.0
1777890337.4653325,11.0,1.0,-67.0
1777890337.4753325,12.0,0.0,-68.0
1777890337.4853325,9.0,4.0,-65.0
1777890337.4963324,11.0,5.0,-63.0
1777890337.5053325,9.0,1.0,-68.0
1777890337.5163324,8.0,-4.0,-71.0
1777890337.5263324,8.0,-4.0,-75.0
1777890337.5363324,2.0,-3.0,-76.0
1777890337.5463324,-2.0,-3.0,-71.0
1777890337.5553324,-6.0,-2.0,-69.0
1777890337.5663323,-5.0,0.0,-70.0
1777890337.5763323,-4.0,-4.0,-68.0
1777890337.5863323,-2.0,-5.0,-70.0
1777890337.5963323,0.0,0.0,-69.0
1777890337.6063323,-5.0,3.0,-70.0
1777890337.6163323,-2.0,3.0,-76.0
1777890337.6263323,-4.0,4.0,-76.0
1777890337.6363325,-3.0,4.0,-81.0
1777890337.6463325,-4.0,0.0,-82.0
1777890337.6563325,-1.0,2.0,-81.0
1777890337.6663325,1.0,5.0,-78.0
1777890337.6763325,3.0,8.0,-74.0
1777890337.6863325,0.0,9.0,-75.0
1777890337.6963325,0.0,8.0,-75.0
1777890337.7063324,-2.0,5.0,-78.0
1777890337.7163324,-6.0,3.0,-76.0
1777890337.7263324,-4.0,1.0,-77.0
1777890337.7363324,5.0,2.0,-74.0
1777890337.7463324,12.0,1.0,-68.0
1777890337.7563324,9.0,1.0,-65.0
1777890337.7663324,7.0,1.0,-66.0
1777890337.7763324,6.0,-3.0,-65.0
1777890337.7863324,5.0,-3.0,-63.0
1777890337.7963324,4.0,-3.0,-71.0
1777890337.8063323,2.0,0.0,-79.0
1777890337.8163323,3.0,1.0,-73.0
1777890337.8263323,3.0,0.0,-73.0
1777890337.8363323,-1.0,1.0,-77.0
1777890337.8463323,4.0,0.0,-78.0
1777890337.8563323,2.0,0.0,-85.0
1777890337.8663323,0.0,1.0,-80.0
1777890337.8763323,0.0,0.0,-78.0
1777890337.8863325,2.0,3.0,-75.0
1777890337.8963325,0.0,1.0,-78.0
1777890337.9063325,0.0,2.0,-72.0
1777890337.9163325,0.0,5.0,-73.0
1777890337.9263325,-3.0,2.0,-73.0
1777890337.9363325,-2.0,0.0,-75.0
1777890337.9463325,0.0,-2.0,-73.0
1777890337.9563324,1.0,1.0,-70.0
1777890337.9663324,3.0,2.0,-71.0
1777890337.9763324,8.0,2.0,-63.0
1777890337.9863324,1.0,-1.0,-66.0
1777890337.9963324,-1.0,-1.0,-65.0
1777890338.0063324,-5.0,3.0,-60.0
1777890338.0163324,-3.0,6.0,-64.0
1777890338.0263324,-6.0,4.0,-66.0
1777890338.0363324,-3.0,3.0,-69.0
1777890338.0463324,-5.0,3.0,-69.0
1777890338.0563323,0.0,2.0,-74.0
1777890338.0663323,3.0,3.0,-77.0
1777890338.0763323,3.0,-2.0,-74.0
1777890338.0863323,4.0,-3.0,-71.0
1777890338.0963323,3.0,-4.0,-67.0
1777890338.1063323,-1.0,-4.0,-69.0
1777890338.1163323,-2.0,-1.0,-66.0
1777890338.1263323,-3.0,-1.0,-65.0
1777890338.1363325,-6.0,-5.0,-72.0
1777890338.1463325,-6.0,-5.0,-66.0
1777890338.1563325,-5.0,-5.0,-67.0
1777890338.1663325,-4.0,-8.0,-68.0
1777890338.1763325,-4.0,-12.0,-67.0
1777890338.1863325,-2.0,-13.0,-62.0
1777890338.1963325,-1.0,-10.0,-63.0
1777890338.2063324,2.0,-4.0,-70.0
1777890338.2163324,5.0,-3.0,-67.0
1777890338.2263324,0.0,-4.0,-62.0
1777890338.2363324,1.0,-4.0,-64.0
1777890338.2463324,2.0,-3.0,-61.0
1777890338.2563324,0.0,-4.0,-66.0
1777890338.2663324,2.0,-6.0,-72.0
1777890338.2763324,5.0,-8.0,-75.0
1777890338.2863324,8.0,-6.0,-71.0
1777890338.2963324,4.0,0.0,-74.0
1777890338.3063323,0.0,0.0,-72.0
1777890338.3163323,1.0,-1.0,-72.0
1777890338.3263323,0.0,0.0,-80.0
1777890338.3363323,0.0,-1.0,-81.0
1777890338.3463323,-1.0,0.0,-83.0
1777890338.3563323,-3.0,-1.0,-75.0
1777890338.3663323,0.0,-3.0,-74.0
1777890338.3763323,-5.0,-2.0,-74.0
1777890338.3863325,-4.0,-4.0,-80.0
1777890338.3963325,-7.0,-4.0,-85.0
1777890338.4063325,-8.0,-4.0,-86.0
1777890338.4163325,-3.0,-5.0,-79.0
1777890338.4263325,0.0,-6.0,-73.0
1777890338.4363325,0.0,-5.0,-74.0
1777890338.4463325,0.0,-5.0,-72.0
1777890338.4563324,2.0,-3.0,-65.0
1777890338.4663324,0.0,1.0,-65.0
1777890338.4763324,-5.0,-1.0,-69.0
1777890338.4863324,-5.0,-2.0,-64.0
1777890338.4963324,-1.0,0.0,-65.0
1777890338.5063324,0.0,0.0,-65.0
1777890338.5163324,1.0,-2.0,-63.0
1777890338.5263324,-1.0,-4.0,-66.0
1777890338.5363324,3.0,-6.0,-70.0
1777890338.5463324,6.0,-7.0,-68.0
1777890338.5563323,7.0,-4.0,-65.0
1777890338.5663323,3.0,-2.0,-67.0
1777890338.5763323,5.0,-5.0,-70.0
1777890338.5863323,3.0,-3.0,-73.0
1777890338.5963323,0.0,1.0,-71.0
1777890338.6063323,-1.0,1.0,-71.0
1777890338.6163323,-3.0,-2.0,-67.0
1777890338.6263323,0.0,0.0,-69.0
1777890338.6363325,4.0,-2.0,-75.0
1777890338.6463325,1.0,-3.0,-83.0
1777890338.6563325,0.0,-5.0,-80.0
1777890338.6663325,2.0,-2.0,-87.0
1777890338.6763325,2.0,1.0,-85.0
1777890338.6863325,0.0,2.0,-82.0
1777890338.6963325,1.0,1.0,-88.0
1777890338.7063324,6.0,0.0,-82.0
1777890338.7163324,0.0,1.0,-82.0
1777890338.7263324,2.0,-1.0,-88.0
1777890338.7363324,3.0,0.0,-83.0
1777890338.7463324,4.0,4.0,-84.0
1777890338.7563324,-1.0,4.0,-81.0
1777890338.7663324,-3.0,1.0,-80.0
1777890338.7763324,0.0,0.0,-73.0
1777890338.7863324,-2.0,-3.0,-76.0
1777890338.7963324,-6.0,-6.0,-70.0
1777890338.8063323,-6.0,-9.0,-67.0
1777890338.8163323,0.0,-5.0,-71.0
1777890338.8263323,1.0,-3.0,-72.0
1777890338.8363323,2.0,0.0,-74.0
1777890338.8463323,2.0,0.0,-68.0
1777890338.8563323,1.0,-1.0,-77.0
1777890338.8663323,0.0,-1.0,-70.0
1777890338.8763323,2.0,-2.0,-69.0
1777890338.8863325,3.0,-4.0,-73.0
1777890338.8963325,1.0,-4.0,-67.0
1777890338.9063325,0.0,-1.0,-69.0
1777890338.9163325,-1.0,5.0,-75.0
1777890338.9263325,-1.0,2.0,-75.0
1777890338.9363325,0.0,0.0,-80.0
1777890338.9463325,3.0,-2.0,-83.0
1777890338.9563324,3.0,0.0,-78.0
1777890338.9663324,4.0,0.0,-78.0
1777890338.9763324,2.0,0.0,-78.0
1777890338.9863324,4.0,4.0,-73.0
1777890338.9963324,7.0,2.0,-72.0
1777890339.0063324,4.0,2.0,-73.0
1777890339.0163324,0.0,0.0,-74.0
1777890339.0263324,-3.0,-3.0,-69.0
1777890339.0363324,-3.0,1.0,-69.0
1777890339.0463324,-1.0,3.0,-72.0
1777890339.0563323,1.0,1.0,-75.0
1777890339.0663323,3.0,1.0,-78.0
1777890339.0763323,1.0,1.0,-76.0
1777890339.0863323,-1.0,0.0,-72.0
1777890339.0963323,-2.0,-1.0,-70.0
1777890339.1063323,-2.0,5.0,-79.0
1777890339.1163323,-5.0,8.0,-79.0
1777890339.1263323,-7.0,3.0,-77.0
1777890339.1363325,-6.0,1.0,-79.0
1777890339.1463325,0.0,3.0,-79.0
1777890339.1563325,9.0,1.0,-72.0
1777890339.1663325,14.0,-1.0,-74.0
1777890339.1763325,9.0,-2.0,-75.0
1777890339.1863325,9.0,-1.0,-80.0
1777890339.1963325,9.0,-2.0,-79.0
1777890339.2063324,10.0,-6.0,-76.0
1777890339.2163324,3.0,-4.0,-77.0
1777890339.2263324,1.0,-1.0,-78.0
1777890339.2363324,2.0,-3.0,-71.0
1777890339.2463324,2.0,-3.0,-70.0
1777890339.2563324,2.0,0.0,-78.0
1777890339.2663324,3.0,0.0,-77.0
1777890339.2763324,1.0,1.0,-78.0
1777890339.2863324,2.0,0.0,-76.0
1777890339.2963324,3.0,-2.0,-76.0
1777890339.3063323,7.0,-9.0,-67.0
1777890339.3163323,4.0,-9.0,-67.0
1777890339.3263323,3.0,-8.0,-66.0
1777890339.3363323,2.0,-6.0,-65.0
1777890339.3463323,-1.0,-5.0,-72.0
1777890339.3563323,-6.0,-1.0,-71.0
1777890339.3663323,-6.0,3.0,-71.0
1777890339.3763323,-4.0,4.0,-74.0
1777890339.3863325,-4.0,4.0,-72.0
1777890339.3963325,-3.0,5.0,-70.0
1777890339.4063325,-8.0,3.0,-74.0
1777890339.4163325,-7.0,3.0,-73.0
1777890339.4263325,-6.0,-2.0,-74.0
1777890339.4363325,-8.0,-3.0,-73.0
1777890339.4463325,-7.0,-1.0,-75.0
1777890339.4563324,-4.0,-3.0,-75.0
1777890339.4673324,-1.0,-3.0,-81.0
1777890339.4763324,-1.0,-4.0,-77.0
1777890339.4863324,-1.0,-3.0,-82.0
1777890339.4973323,-6.0,2.0,-83.0
1777890339.5073323,-5.0,2.0,-84.0
1777890339.5173323,-5.0,0.0,-86.0
1777890339.5273323,-1.0,-1.0,-87.0
1777890339.5373323,0.0,0.0,-84.0
1777890339.5473323,0.0,-2.0,-81.0
1777890339.5573325,-3.0,-1.0,-84.0
1777890339.5673325,-1.0,-3.0,-77.0
1777890339.5773325,3.0,-5.0,-75.0
1777890339.5873325,0.0,-7.0,-74.0
1777890339.5973325,2.0,-7.0,-75.0
1777890339.6073325,3.0,-5.0,-81.0
1777890339.6173325,4.0,-3.0,-83.0
1777890339.6273324,5.0,-8.0,-88.0
1777890339.6373324,5.0,-7.0,-85.0
1777890339.6473324,2.0,-8.0,-85.0
1777890339.6573324,5.0,-9.0,-87.0
1777890339.6673324,5.0,-2.0,-81.0
1777890339.6773324,5.0,-2.0,-78.0
1777890339.6873324,1.0,-2.0,-78.0
1777890339.6973324,2.0,-3.0,-72.0
1777890339.7073324,5.0,-1.0,-68.0
1777890339.7173324,4.0,0.0,-69.0
1777890339.7273324,2.0,1.0,-75.0
1777890339.7373323,0.0,-1.0,-85.0
1777890339.7473323,1.0,0.0,-90.0
1777890339.7573323,0.0,0.0,-87.0
1777890339.7673323,-2.0,0.0,-87.0
1777890339.7773323,1.0,-1.0,-84.0
1777890339.7873323,2.0,-2.0,-80.0
1777890339.7973323,5.0,-4.0,-79.0
1777890339.8073325,5.0,-3.0,-75.0
1777890339.8173325,2.0,-3.0,-76.0
1777890339.8273325,2.0,0.0,-72.0
1777890339.8373325,-3.0,-1.0,-78.0
1777890339.8473325,-8.0,0.0,-80.0
1777890339.8573325,-5.0,2.0,-74.0
1777890339.8673325,-5.0,0.0,-74.0
1777890339.8773324,-2.0,-2.0,-74.0
1777890339.8873324,-1.0,-6.0,-74.0
1777890339.8973324,-4.0,-5.0,-72.0
1777890339.9073324,0.0,0.0,-71.0
1777890339.9173324,-1.0,3.0,-76.0
1777890339.9273324,0.0,1.0,-79.0
1777890339.9373324,3.0,-3.0,-78.0
1777890339.9473324,4.0,-1.0,-75.0
1777890339.9573324,5.0,2.0,-76.0
1777890339.9673324,7.0,2.0,-79.0
1777890339.9773324,4.0,1.0,-75.0
1777890339.9873323,4.0,-1.0,-74.0
1777890339.9973323,1.0,-4.0,-74.0
1777890340.0073323,-2.0,0.0,-71.0
1777890340.0173323,-7.0,-2.0,-71.0
1777890340.0273323,-10.0,0.0,-74.0
1777890340.0373323,-9.0,-4.0,-74.0
1777890340.0473323,-5.0,-4.0,-73.0
1777890340.0573325,0.0,-1.0,-75.0
1777890340.0673325,1.0,-3.0,-79.0
1777890340.0773325,3.0,-4.0,-75.0
1777890340.0873325,7.0,0.0,-74.0
1777890340.0973325,5.0,0.0,-76.0
1777890340.1073325,9.0,-1.0,-78.0
1777890340.1173325,7.0,0.0,-79.0
1777890340.1273324,6.0,1.0,-79.0
1777890340.1373324,1.0,0.0,-79.0
1777890340.1473324,2.0,-1.0,-75.0
1777890340.1573324,0.0,-1.0,-70.0
1777890340.1673324,1.0,1.0,-68.0
1777890340.1773324,1.0,0.0,-64.0
1777890340.1873324,2.0,-2.0,-63.0
1777890340.1973324,2.0,-1.0,-72.0
1777890340.2073324,4.0,-4.0,-75.0
1777890340.2173324,5.0,-2.0,-74.0
1777890340.2273324,8.0,-2.0,-76.0
1777890340.2373323,3.0,-3.0,-73.0
1777890340.2473323,0.0,-4.0,-69.0
1777890340.2573323,1.0,-4.0,-67.0
1777890340.2673323,0.0,-2.0,-72.0
1777890340.2773323,0.0,0.0,-71.0
1777890340.2873323,2.0,4.0,-67.0
1777890340.2973323,-1.0,8.0,-64.0
1777890340.3073325,1.0,6.0,-65.0
1777890340.3173325,-1.0,4.0,-72.0
1777890340.3273325,1.0,4.0,-65.0
1777890340.3373325,-3.0,4.0,-71.0
1777890340.3473325,-3.0,4.0,-75.0
1777890340.3573325,-3.0,-1.0,-78.0
1777890340.3673325,2.0,-3.0,-77.0
1777890340.3773324,1.0,-6.0,-79.0
1777890340.3873324,-2.0,-8.0,-79.0
1777890340.3973324,-4.0,-7.0,-81.0
1777890340.4073324,-7.0,-7.0,-84.0
1777890340.4173324,-7.0,-8.0,-93.0
1777890340.4273324,-9.0,-9.0,-92.0
1777890340.4373324,-7.0,-9.0,-88.0
1777890340.4473324,-10.0,-4.0,-88.0
1777890340.4573324,-13.0,-1.0,-86.0
1777890340.4673324,-11.0,-4.0,-86.0
1777890340.4773324,-9.0,-6.0,-78.0
1777890340.4873323,-3.0,0.0,-78.0
1777890340.4973323,-7.0,5.0,-84.0
1777890340.5073323,-7.0,4.0,-85.0
1777890340.5173323,-4.0,4.0,-83.0
1777890340.5273323,0.0,4.0,-75.0
1777890340.5373323,-5.0,-1.0,-76.0
1777890340.5473323,0.0,0.0,-75.0
1777890340.5573325,3.0,-4.0,-78.0
1777890340.5673325,4.0,-5.0,-72.0
1777890340.5773325,0.0,-6.0,-71.0
1777890340.5873325,-1.0,-9.0,-73.0
1777890340.5973325,-1.0,-10.0,-83.0
1777890340.6073325,0.0,-11.0,-80.0
1777890340.6173325,-2.0,-6.0,-79.0
1777890340.6273324,-5.0,-7.0,-79.0
1777890340.6373324,-6.0,-5.0,-77.0
1777890340.6473324,0.0,-2.0,-77.0
1777890340.6573324,3.0,-5.0,-79.0
1777890340.6673324,2.0,-4.0,-79.0
1777890340.6773324,2.0,-5.0,-75.0
1777890340.6873324,-2.0,0.0,-73.0
1777890340.6973324,-7.0,0.0,-71.0
1777890340.7073324,-4.0,-4.0,-69.0
1777890340.7173324,-3.0,-4.0,-72.0
1777890340.7273324,3.0,-3.0,-66.0
1777890340.7373323,7.0,-4.0,-69.0
1777890340.7473323,6.0,0.0,-71.0
1777890340.7573323,5.0,-2.0,-71.0
1777890340.7673323,5.0,-5.0,-69.0
1777890340.7773323,3.0,-11.0,-68.0
1777890340.7873323,4.0,-12.0,-72.0
1777890340.7973323,5.0,-8.0,-75.0
1777890340.8073325,4.0,-10.0,-74.0
1777890340.8173325,5.0,-4.0,-75.0
1777890340.8273325,4.0,-3.0,-69.0
1777890340.8373325,2.0,2.0,-64.0
1777890340.8473325,3.0,2.0,-56.0
1777890340.8573325,-1.0,1.0,-56.0
1777890340.8673325,-3.0,1.0,-59.0
1777890340.8773324,-5.0,0.0,-67.0
1777890340.8873324,-8.0,-2.0,-71.0
1777890340.8973324,-9.0,2.0,-71.0
1777890340.9073324,-2.0,0.0,-65.0
1777890340.9173324,-1.0,-4.0,-69.0
1777890340.9273324,-4.0,-4.0,-70.0
1777890340.9373324,-4.0,-3.0,-73.0
1777890340.9473324,-2.0,-6.0,-70.0
1777890340.9573324,-3.0,-8.0,-72.0
1777890340.9673324,-4.0,-6.0,-76.0
1777890340.9773324,-4.0,-7.0,-78.0
1777890340.9873323,-3.0,-5.0,-73.0
1777890340.9973323,-3.0,-2.0,-70.0
1777890341.0073323,1.0,-1.0,-70.0
1777890341.0173323,2.0,-1.0,-71.0
1777890341.0273323,2.0,-2.0,-65.0
1777890341.0373323,-1.0,-4.0,-67.0
1777890341.0473323,-6.0,-2.0,-65.0
1777890341.0573325,0.0,1.0,-68.0
1777890341.0673325,2.0,2.0,-62.0
1777890341.0773325,3.0,3.0,-61.0
1777890341.0873325,3.0,-1.0,-63.0
1777890341.0973325,2.0,-4.0,-62.0
1777890341.1073325,0.0,-3.0,-69.0
1777890341.1173325,0.0,-1.0,-73.0
1777890341.1273324,-4.0,2.0,-69.0
1777890341.1373324,-5.0,0.0,-70.0
1777890341.1473324,-1.0,0.0,-76.0
1777890341.1573324,-1.0,0.0,-77.0
1777890341.1673324,-1.0,2.0,-79.0
1777890341.1773324,-3.0,3.0,-85.0
1777890341.1873324,-3.0,0.0,-84.0
1777890341.1973324,-1.0,-2.0,-82.0
1777890341.2073324,1.0,-3.0,-73.0
1777890341.2173324,0.0,-6.0,-70.0
1777890341.2273324,-2.0,-4.0,-67.0
1777890341.2373323,-2.0,-6.0,-61.0
1777890341.2473323,1.0,-3.0,-65.0
1777890341.2573323,2.0,-7.0,-69.0
1777890341.2673323,4.0,-7.0,-72.0
1777890341.2773323,3.0,-5.0,-77.0
1777890341.2873323,1.0,-5.0,-83.0
1777890341.2973323,-2.0,-5.0,-90.0
1777890341.3073325,-5.0,-7.0,-89.0
1777890341.3173325,-8.0,-9.0,-84.0
1777890341.3273325,-7.0,-7.0,-86.0
1777890341.3373325,-6.0,-4.0,-82.0
1777890341.3473325,-6.0,-2.0,-83.0
1777890341.3573325,-3.0,0.0,-85.0
1777890341.3673325,-2.0,0.0,-90.0
1777890341.3773324,-1.0,0.0,-89.0
1777890341.3873324,1.0,1.0,-86.0
1777890341.3973324,0.0,1.0,-83.0
1777890341.4073324,0.0,5.0,-78.0
1777890341.4173324,-1.0,5.0,-78.0
1777890341.4273324,1.0,6.0,-81.0
1777890341.4383323,0.0,6.0,-77.0
1777890341.4483323,-3.0,6.0,-72.0
1777890341.4573324,-6.0,3.0,-70.0
1777890341.4683323,0.0,1.0,-70.0
1777890341.4783323,2.0,0.0,-76.0
1777890341.4883325,4.0,0.0,-69.0
1777890341.4983325,5.0,0.0,-65.0
1777890341.5083325,5.0,0.0,-64.0
1777890341.5183325,0.0,0.0,-65.0
1777890341.5283325,1.0,-1.0,-67.0
1777890341.5383325,5.0,-1.0,-69.0
1777890341.5483325,2.0,-1.0,-73.0
1777890341.5583324,6.0,-4.0,-68.0
1777890341.5683324,5.0,-4.0,-72.0
1777890341.5783324,3.0,-4.0,-69.0
1777890341.5883324,7.0,-4.0,-64.0
1777890341.5983324,6.0,-6.0,-70.0
1777890341.6083324,3.0,-3.0,-66.0
1777890341.6183324,0.0,0.0,-71.0
1777890341.6283324,-2.0,-2.0,-76.0
1777890341.6383324,-2.0,-4.0,-71.0
1777890341.6483324,0.0,-3.0,-66.0
1777890341.6583323,4.0,-3.0,-63.0
1777890341.6683323,3.0,-2.0,-68.0
1777890341.6783323,6.0,0.0,-64.0
1777890341.6883323,2.0,0.0,-67.0
1777890341.6983323,2.0,0.0,-71.0
1777890341.7083323,0.0,1.0,-74.0
1777890341.7183323,1.0,0.0,-75.0
1777890341.7283323,1.0,-1.0,-75.0
1777890341.7383325,0.0,-1.0,-79.0
1777890341.7483325,-1.0,-1.0,-76.0
1777890341.7583325,0.0,0.0,-81.0
1777890341.7683325,0.0,2.0,-78.0
1777890341.7783325,0.0,0.0,-76.0
1777890341.7883325,3.0,2.0,-83.0
1777890341.7983325,3.0,4.0,-79.0
1777890341.8083324,5.0,5.0,-75.0
1777890341.8183324,9.0,2.0,-80.0
1777890341.8283324,8.0,2.0,-77.0
1777890341.8383324,9.0,0.0,-77.0
1777890341.8483324,7.0,-2.0,-79.0
1777890341.8583324,7.0,-3.0,-74.0
1777890341.8683324,5.0,-1.0,-72.0
1777890341.8783324,1.0,2.0,-79.0
1777890341.8883324,-2.0,2.0,-74.0
1777890341.8983324,-1.0,0.0,-67.0
1777890341.9083323,0.0,-1.0,-66.0
1777890341.9183323,1.0,-5.0,-64.0
1777890341.9283323,0.0,-3.0,-70.0
1777890341.9383323,-1.0,-2.0,-73.0
1777890341.9483323,5.0,-3.0,-71.0
1777890341.9583323,6.0,-6.0,-77.0
1777890341.9683323,-1.0,1.0,-82.0
1777890341.9783323,0.0,2.0,-79.0
1777890341.9883325,3.0,2.0,-72.0
1777890341.9983325,5.0,-2.0,-65.0
1777890342.0083325,5.0,-1.0,-71.0
1777890342.0183325,7.0,-2.0,-73.0
1777890342.0283325,8.0,-5.0,-70.0
1777890342.0383325,4.0,-1.0,-69.0
1777890342.0483325,3.0,0.0,-69.0
1777890342.0583324,4.0,0.0,-73.0
1777890342.0683324,6.0,0.0,-68.0
1777890342.0783324,2.0,1.0,-74.0
1777890342.0883324,0.0,1.0,-75.0
1777890342.0983324,2.0,-1.0,-69.0
1777890342.1083324,1.0,2.0,-73.0
1777890342.1183324,2.0,2.0,-80.0
1777890342.1283324,1.0,-3.0,-83.0
1777890342.1383324,-1.0,-5.0,-82.0
1777890342.1483324,0.0,-4.0,-78.0
1777890342.1583323,0.0,0.0,-77.0
1777890342.1683323,0.0,-3.0,-74.0
1777890342.1783323,-1.0,-2.0,-68.0
1777890342.1883323,-1.0,-7.0,-65.0
1777890342.1983323,-1.0,-7.0,-68.0
1777890342.2083323,3.0,-5.0,-65.0
1777890342.2183323,2.0,-4.0,-65.0
1777890342.2283323,0.0,-9.0,-62.0
1777890342.2383325,-1.0,-6.0,-61.0
1777890342.2483325,0.0,-8.0,-65.0
1777890342.2583325,2.0,-8.0,-59.0
1777890342.2683325,7.0,-9.0,-67.0
1777890342.2783325,7.0,-5.0,-68.0
1777890342.2883325,6.0,-5.0,-74.0
1777890342.2983325,6.0,-5.0,-77.0
1777890342.3083324,6.0,-6.0,-79.0
1777890342.3183324,4.0,-2.0,-72.0
1777890342.3283324,-1.0,-2.0,-68.0
1777890342.3383324,2.0,0.0,-61.0
1777890342.3483324,2.0,-1.0,-58.0
1777890342.3583324,-4.0,2.0,-61.0
1777890342.3683324,-5.0,0.0,-69.0
1777890342.3783324,-3.0,-1.0,-72.0
1777890342.3883324,-4.0,3.0,-76.0
1777890342.3983324,-6.0,1.0,-76.0
1777890342.4083323,-2.0,2.0,-73.0
1777890342.4183323,1.0,1.0,-74.0
1777890342.4283323,4.0,2.0,-73.0
1777890342.4383323,5.0,2.0,-76.0
1777890342.4483323,4.0,1.0,-84.0
1777890342.4583323,-1.0,-1.0,-82.0
1777890342.4683323,-4.0,-1.0,-89.0
1777890342.4783323,0.0,0.0,-84.0
1777890342.4883325,2.0,0.0,-83.0
1777890342.4983325,1.0,-3.0,-82.0
1777890342.5083325,1.0,-1.0,-76.0
1777890342.5183325,1.0,3.0,-72.0
1777890342.5283325,2.0,4.0,-77.0
1777890342.5383325,3.0,0.0,-78.0
1777890342.5483325,0.0,1.0,-74.0
1777890342.5583324,-2.0,3.0,-69.0
1777890342.5683324,0.0,4.0,-75.0
1777890342.5783324,-1.0,3.0,-76.0
1777890342.5883324,0.0,0.0,-75.0
1777890342.5983324,-5.0,-1.0,-73.0
1777890342.6083324,-9.0,-1.0,-71.0
1777890342.6183324,-8.0,-2.0,-68.0
1777890342.6283324,-6.0,-5.0,-70.0
1777890342.6383324,-3.0,-9.0,-76.0
1777890342.6483324,-1.0,-11.0,-83.0
1777890342.6583323,0.0,-10.0,-85.0
1777890342.6683323,0.0,-8.0,-83.0
1777890342.6783323,2.0,-5.0,-80.0
1777890342.6883323,6.0,-1.0,-81.0
1777890342.6983323,7.0,-1.0,-79.0
1777890342.7083323,5.0,-1.0,-80.0
1777890342.7183323,7.0,-4.0,-76.0
1777890342.7283323,7.0,-8.0,-72.0
1777890342.7383325,7.0,-9.0,-71.0
1777890342.7483325,11.0,-6.0,-72.0
1777890342.7583325,13.0,-5.0,-69.0
1777890342.7683325,8.0,-4.0,-74.0
1777890342.7783325,3.0,-6.0,-69.0
1777890342.7883325,2.0,-6.0,-73.0
1777890342.7983325,0.0,-6.0,-74.0
1777890342.8083324,0.0,-3.0,-75.0
1777890342.8183324,-1.0,-2.0,-74.0
1777890342.8283324,-2.0,-3.0,-76.0
1777890342.8383324,-3.0,2.0,-78.0
1777890342.8483324,-1.0,0.0,-74.0
1777890342.8583324,1.0,-1.0,-75.0
1777890342.8683324,1.0,0.0,-82.0
1777890342.8783324,0.0,-1.0,-81.0
1777890342.8883324,0.0,1.0,-87.0
1777890342.8983324,0.0,2.0,-93.0
1777890342.9083323,-3.0,3.0,-95.0
1777890342.9183323,-3.0,3.0,-95.0
1777890342.9283323,-2.0,-2.0,-89.0
1777890342.9383323,-4.0,-3.0,-82.0
1777890342.9483323,-2.0,-3.0,-78.0
1777890342.9583323,-2.0,-1.0,-77.0
1777890342.9683323,-2.0,-1.0,-79.0
1777890342.9783323,-5.0,2.0,-82.0
1777890342.9883325,-9.0,5.0,-81.0
1777890342.9983325,-6.0,2.0,-75.0
1777890343.0083325,-3.0,-3.0,-77.0
1777890343.0183325,-1.0,-2.0,-75.0
1777890343.0283325,0.0,-1.0,-75.0
1777890343.0383325,3.0,0.0,-77.0
1777890343.0483325,0.0,-2.0,-76.0
1777890343.0583324,0.0,-1.0,-80.0
1777890343.0683324,0.0,-1.0,-82.0
1777890343.0783324,-2.0,-1.0,-81.0
1777890343.0883324,0.0,-1.0,-77.0
1777890343.0983324,1.0,0.0,-77.0
1777890343.1083324,1.0,0.0,-78.0
1777890343.1183324,0.0,-1.0,-84.0
1777890343.1283324,-4.0,-3.0,-85.0
1777890343.1383324,0.0,0.0,-79.0
1777890343.1483324,-3.0,4.0,-75.0
1777890343.1583323,0.0,5.0,-73.0
1777890343.1683323,1.0,3.0,-74.0
1777890343.1783323,-1.0,2.0,-70.0
1777890343.1883323,-1.0,3.0,-61.0
1777890343.1983323,-4.0,10.0,-73.0
1777890343.2083323,-3.0,6.0,-70.0
1777890343.2183323,-2.0,0.0,-63.0
1777890343.2283323,0.0,-2.0,-64.0
1777890343.2383325,2.0,-1.0,-69.0
1777890343.2483325,2.0,-2.0,-68.0
1777890343.2583325,0.0,-1.0,-75.0
1777890343.2683325,0.0,1.0,-79.0
1777890343.2783325,-2.0,-1.0,-75.0
1777890343.2883325,-5.0,-1.0,-76.0
1777890343.2983325,-2.0,-4.0,-73.0
1777890343.3083324,-4.0,-2.0,-70.0
1777890343.3183324,-4.0,0.0,-75.0
1777890343.3283324,-3.0,0.0,-77.0
1777890343.3383324,-3.0,2.0,-80.0
1777890343.3483324,-4.0,1.0,-85.0
1777890343.3583324,-4.0,3.0,-83.0
1777890343.3683324,-6.0,0.0,-84.0
1777890343.3783324,-11.0,0.0,-80.0
1777890343.3883324,-8.0,-5.0,-80.0
1777890343.3983324,-6.0,-9.0,-80.0
1777890343.4083323,-5.0,-9.0,-81.0
1777890343.4183323,-2.0,-9.0,-85.0
1777890343.4283323,-4.0,-12.0,-75.0
1777890343.4383323,0.0,-8.0,-73.0
1777890343.4493325,-1.0,-1.0,-67.0
1777890343.4583323,-1.0,-2.0,-63.0
1777890343.4693325,-3.0,-4.0,-65.0
1777890343.4793324,0.0,0.0,-69.0
1777890343.4893324,1.0,0.0,-63.0
1777890343.4993324,1.0,-2.0,-69.0
1777890343.5093324,3.0,-4.0,-69.0
1777890343.5193324,8.0,-6.0,-66.0
1777890343.5293324,7.0,-1.0,-64.0
1777890343.5393324,3.0,1.0,-71.0
1777890343.5493324,3.0,0.0,-76.0
1777890343.5593324,2.0,0.0,-79.0
1777890343.5693324,1.0,-1.0,-80.0
1777890343.5793324,-2.0,-4.0,-81.0
1777890343.5893323,-3.0,-2.0,-79.0
1777890343.5993323,0.0,-5.0,-76.0
1777890343.6093323,2.0,-7.0,-73.0
1777890343.6193323,0.0,-4.0,-75.0
1777890343.6293323,-3.0,-4.0,-70.0
1777890343.6393323,-3.0,-6.0,-67.0
1777890343.6493323,-2.0,-2.0,-66.0
1777890343.6593325,0.0,0.0,-66.0
1777890343.6693325,0.0,0.0,-68.0
1777890343.6793325,0.0,-1.0,-66.0
1777890343.6893325,0.0,-1.0,-62.0
1777890343.6993325,2.0,2.0,-61.0
1777890343.7093325,1.0,0.0,-58.0
1777890343.7193325,0.0,2.0,-62.0
1777890343.7293324,0.0,3.0,-66.0
1777890343.7393324,2.0,1.0,-69.0
1777890343.7493324,2.0,1.0,-63.0
1777890343.7593324,0.0,0.0,-64.0
1777890343.7693324,-1.0,0.0,-61.0
1777890343.7793324,0.0,-1.0,-69.0
1777890343.7893324,-2.0,-1.0,-73.0
1777890343.7993324,-4.0,-5.0,-68.0
1777890343.8093324,-3.0,-5.0,-62.0
1777890343.8193324,-4.0,-1.0,-69.0
1777890343.8293324,-7.0,1.0,-68.0
1777890343.8393323,-8.0,6.0,-66.0
1777890343.8493323,-11.0,8.0,-68.0
1777890343.8593323,-10.0,10.0,-72.0
1777890343.8693323,-9.0,3.0,-73.0
1777890343.8793323,-8.0,0.0,-76.0
1777890343.8893323,-6.0,0.0,-82.0
1777890343.8993323,-4.0,1.0,-77.0
1777890343.9093325,-2.0,-2.0,-81.0
1777890343.9193325,-4.0,1.0,-78.0
1777890343.9293325,-3.0,3.0,-78.0
1777890343.9393325,1.0,-2.0,-77.0
1777890343.9493325,0.0,3.0,-79.0
1777890343.9593325,2.0,6.0,-81.0
1777890343.9693325,7.0,1.0,-75.0
1777890343.9793324,2.0,1.0,-72.0
1777890343.9893324,-3.0,0.0,-66.0
1777890343.9993324,0.0,1.0,-68.0
1777890344.0093324,-1.0,4.0,-68.0
1777890344.0193324,-3.0,2.0,-72.0
1777890344.0293324,-5.0,0.0,-83.0
1777890344.0393324,-2.0,0.0,-83.0
1777890344.0493324,-5.0,0.0,-79.0
1777890344.0593324,-11.0,3.0,-80.0
1777890344.0693324,-7.0,0.0,-71.0
1777890344.0793324,-6.0,1.0,-72.0
1777890344.0893323,-5.0,-1.0,-76.0
1777890344.0993323,-3.0,-2.0,-79.0
1777890344.1093323,-1.0,-2.0,-78.0
1777890344.1193323,-1.0,-1.0,-69.0
1777890344.1293323,-1.0,0.0,-72.0
1777890344.1393323,2.0,0.0,-71.0
1777890344.1493323,5.0,4.0,-74.0
1777890344.1593325,1.0,1.0,-70.0
1777890344.1693325,-2.0,1.0,-64.0
1777890344.1793325,-3.0,0.0,-75.0
1777890344.1893325,-1.0,3.0,-81.0
1777890344.1993325,-4.0,3.0,-79.0
1777890344.2093325,-4.0,1.0,-78.0
1777890344.2193325,0.0,7.0,-82.0
1777890344.2293324,-1.0,7.0,-80.0
1777890344.2393324,1.0,7.0,-80.0
1777890344.2493324,0.0,7.0,-81.0
1777890344.2593324,1.0,5.0,-77.0
1777890344.2693324,2.0,6.0,-75.0
1777890344.2793324,1.0,3.0,-79.0
1777890344.2893324,3.0,2.0,-76.0
1777890344.2993324,0.0,0.0,-71.0
1777890344.3093324,-4.0,0.0,-72.0
1777890344.3193324,-4.0,0.0,-79.0
1777890344.3293324,-3.0,-1.0,-83.0
1777890344.3393323,-6.0,-2.0,-77.0
1777890344.3493323,-14.0,0.0,-81.0
1777890344.3593323,-13.0,2.0,-80.0
1777890344.3693323,-15.0,5.0,-74.0
1777890344.3793323,-11.0,4.0,-80.0
1777890344.3893323,-8.0,0.0,-76.0
1777890344.3993323,-8.0,0.0,-74.0
1777890344.4093325,-11.0,-2.0,-74.0
1777890344.4193325,-7.0,0.0,-74.0
1777890344.4293325,-4.0,-1.0,-73.0
1777890344.4393325,-3.0,-4.0,-79.0
1777890344.4493325,-3.0,-8.0,-85.0
1777890344.4593325,-3.0,-10.0,-84.0
1777890344.4693325,-6.0,-6.0,-83.0
1777890344.4793324,-8.0,-4.0,-84.0
1777890344.4893324,-5.0,-4.0,-77.0
1777890344.4993324,-5.0,-6.0,-78.0
1777890344.5093324,-4.0,-5.0,-80.0
1777890344.5193324,-8.0,-3.0,-79.0
1777890344.5293324,-10.0,-4.0,-80.0
1777890344.5393324,-6.0,-1.0,-77.0
1777890344.5493324,-3.0,-3.0,-74.0
1777890344.5593324,-1.0,-5.0,-74.0
1777890344.5693324,2.0,-3.0,-73.0
1777890344.5793324,1.0,-3.0,-74.0
1777890344.5893323,2.0,-4.0,-75.0
1777890344.5993323,4.0,-2.0,-79.0
1777890344.6093323,6.0,0.0,-75.0
1777890344.6193323,4.0,0.0,-72.0
1777890344.6293323,3.0,0.0,-74.0
1777890344.6393323,10.0,1.0,-78.0
1777890344.6493323,11.0,0.0,-76.0
1777890344.6593325,11.0,0.0,-73.0
1777890344.6693325,2.0,-3.0,-67.0
1777890344.6793325,2.0,-7.0,-69.0
1777890344.6893325,7.0,-2.0,-79.0
1777890344.6993325,3.0,-1.0,-83.0
1777890344.7093325,4.0,0.0,-89.0
1777890344.7193325,6.0,-3.0,-91.0
1777890344.7293324,6.0,-6.0,-88.0
1777890344.7393324,6.0,-7.0,-85.0
1777890344.7493324,8.0,-4.0,-79.0
1777890344.7593324,8.0,-1.0,-76.0
1777890344.7693324,4.0,-1.0,-80.0
1777890344.7793324,2.0,-4.0,-78.0
1777890344.7893324,-1.0,-9.0,-79.0
1777890344.7993324,-2.0,-11.0,-79.0
1777890344.8093324,-3.0,-8.0,-79.0
1777890344.8193324,-4.0,-6.0,-77.0
1777890344.8293324,-4.0,-1.0,-89.0
1777890344.8393323,-4.0,-3.0,-80.0
1777890344.8493323,-4.0,-3.0,-70.0
1777890344.8593323,0.0,-2.0,-67.0
1777890344.8693323,1.0,0.0,-67.0
1777890344.8793323,0.0,6.0,-75.0
1777890344.8893323,2.0,9.0,-75.0
1777890344.8993323,-3.0,6.0,-73.0
1777890344.9093325,-4.0,4.0,-72.0
1777890344.9193325,-6.0,4.0,-77.0
1777890344.9293325,-3.0,3.0,-84.0
1777890344.9393325,-3.0,6.0,-76.0
1777890344.9493325,-4.0,5.0,-78.0
1777890344.9593325,-2.0,3.0,-84.0
1777890344.9693325,-5.0,3.0,-80.0
1777890344.9793324,-2.0,5.0,-87.0
1777890344.9893324,2.0,4.0,-88.0
1777890344.9993324,0.0,6.0,-84.0
1777890345.0093324,1.0,6.0,-81.0
1777890345.0193324,1.0,0.0,-76.0
1777890345.0293324,2.0,0.0,-72.0
1777890345.0393324,4.0,1.0,-69.0
1777890345.0493324,0.0,2.0,-72.0
1777890345.0593324,0.0,3.0,-73.0
1777890345.0693324,0.0,0.0,-76.0
1777890345.0793324,-1.0,0.0,-74.0
1777890345.0893323,-2.0,-2.0,-77.0
1777890345.0993323,3.0,-4.0,-80.0
1777890345.1093323,6.0,-1.0,-73.0
1777890345.1193323,7.0,-1.0,-69.0
1777890345.1293323,3.0,-4.0,-69.0
1777890345.1393323,0.0,-5.0,-71.0
1777890345.1493323,-2.0,-2.0,-70.0
1777890345.1593325,1.0,-6.0,-71.0
1777890345.1693325,0.0,-6.0,-72.0
1777890345.1793325,-1.0,-3.0,-78.0
1777890345.1893325,-5.0,-2.0,-77.0
1777890345.1993325,-1.0,-5.0,-78.0
1777890345.2093325,-1.0,-7.0,-78.0
1777890345.2193325,0.0,-7.0,-77.0
1777890345.2293324,0.0,-3.0,-73.0
1777890345.2393324,0.0,0.0,-73.0
1777890345.2493324,-3.0,3.0,-71.0
1777890345.2593324,0.0,4.0,-66.0
1777890345.2693324,3.0,0.0,-67.0
1777890345.2793324,4.0,0.0,-72.0
1777890345.2893324,1.0,0.0,-74.0
1777890345.2993324,2.0,2.0,-71.0
1777890345.3093324,0.0,0.0,-73.0
1777890345.3193324,1.0,-4.0,-81.0
1777890345.3293324,0.0,-4.0,-84.0
1777890345.3393323,0.0,-3.0,-82.0
1777890345.3493323,5.0,-2.0,-83.0
1777890345.3593323,0.0,-1.0,-86.0
1777890345.3693323,-1.0,-4.0,-85.0
1777890345.3793323,1.0,-3.0,-79.0
1777890345.3893323,4.0,-1.0,-81.0
1777890345.3993323,1.0,-2.0,-78.0
1777890345.4103324,-2.0,-3.0,-75.0
1777890345.4193325,0.0,-8.0,-73.0
1777890345.4293325,6.0,-5.0,-73.0
1777890345.4403324,0.0,-3.0,-71.0
1777890345.4503324,-1.0,-8.0,-66.0
1777890345.4603324,-6.0,-6.0,-72.0
1777890345.4703324,0.0,-5.0,-75.0
1777890345.4803324,1.0,-4.0,-78.0
1777890345.4903324,1.0,-5.0,-75.0
1777890345.5003324,1.0,-5.0,-75.0
1777890345.5103323,0.0,-7.0,-72.0
1777890345.5203323,-2.0,-9.0,-70.0
1777890345.5303323,-7.0,-4.0,-75.0
1777890345.5403323,-6.0,-2.0,-74.0
1777890345.5503323,1.0,1.0,-72.0
1777890345.5603323,4.0,4.0,-74.0
1777890345.5703323,5.0,0.0,-77.0
1777890345.5803325,5.0,-3.0,-83.0
1777890345.5903325,6.0,-5.0,-80.0
1777890345.6003325,2.0,-4.0,-81.0
1777890345.6103325,0.0,-2.0,-76.0
1777890345.6203325,-1.0,-5.0,-73.0
1777890345.6303325,-3.0,-4.0,-70.0
1777890345.6403325,0.0,-3.0,-71.0
1777890345.6503325,0.0,0.0,-79.0
1777890345.6603324,0.0,1.0,-77.0
1777890345.6703324,-4.0,-1.0,-76.0
1777890345.6803324,-4.0,0.0,-74.0
1777890345.6903324,-3.0,3.0,-74.0
1777890345.7003324,-2.0,5.0,-75.0
1777890345.7103324,0.0,7.0,-77.0
1777890345.7203324,-2.0,2.0,-76.0
1777890345.7303324,0.0,-5.0,-79.0
1777890345.7403324,4.0,-1.0,-85.0
1777890345.7503324,4.0,-1.0,-81.0
1777890345.7603323,0.0,-2.0,-78.0
1777890345.7703323,-1.0,-6.0,-75.0
1777890345.7803323,-3.0,-10.0,-72.0
1777890345.7903323,-2.0,-9.0,-70.0
1777890345.8003323,-4.0,-9.0,-71.0
1777890345.8103323,-2.0,-4.0,-74.0
1777890345.8203323,-3.0,0.0,-74.0
1777890345.8303325,-1.0,-3.0,-70.0
1777890345.8403325,0.0,-4.0,-67.0
1777890345.8503325,-3.0,-4.0,-62.0
1777890345.8603325,1.0,-3.0,-59.0
1777890345.8703325,4.0,-3.0,-60.0
1777890345.8803325,3.0,-3.0,-61.0
1777890345.8903325,2.0,-6.0,-69.0
1777890345.9003325,3.0,-6.0,-68.0
1777890345.9103324,4.0,-7.0,-70.0
1777890345.9203324,2.0,-4.0,-67.0
1777890345.9303324,3.0,-3.0,-68.0
1777890345.9403324,0.0,0.0,-73.0
1777890345.9503324,-6.0,-3.0,-77.0
1777890345.9603324,-4.0,-4.0,-75.0
1777890345.9703324,-2.0,-6.0,-74.0
1777890345.9803324,-2.0,-3.0,-77.0
1777890345.9903324,-5.0,-2.0,-82.0
1777890346.0003324,-6.0,-2.0,-79.0
1777890346.0103323,-8.0,2.0,-81.0
1777890346.0203323,-4.0,2.0,-81.0
1777890346.0303323,-6.0,2.0,-78.0
1777890346.0403323,-3.0,1.0,-81.0
1777890346.0503323,0.0,1.0,-73.0
1777890346.0603323,1.0,1.0,-70.0
1777890346.0703323,1.0,-1.0,-69.0
1777890346.0803325,0.0,0.0,-70.0
1777890346.0903325,-1.0,0.0,-76.0
1777890346.1003325,1.0,1.0,-73.0
1777890346.1103325,2.0,1.0,-79.0
1777890346.1203325,3.0,0.0,-75.0
1777890346.1303325,0.0,0.0,-73.0
1777890346.1403325,1.0,-2.0,-64.0
1777890346.1503325,-1.0,-4.0,-70.0
1777890346.1603324,-1.0,-4.0,-77.0
1777890346.1703324,0.0,-6.0,-77.0
1777890346.1803324,0.0,-7.0,-78.0
1777890346.1903324,0.0,-7.0,-77.0
1777890346.2003324,4.0,-4.0,-75.0
1777890346.2103324,3.0,1.0,-71.0
1777890346.2203324,4.0,1.0,-63.0
1777890346.2303324,2.0,-2.0,-68.0
1777890346.2403324,1.0,1.0,-71.0
1777890346.2503324,6.0,-1.0,-70.0
1777890346.2603323,2.0,-3.0,-65.0
1777890346.2703323,2.0,-2.0,-69.0
1777890346.2803323,-4.0,-4.0,-72.0
1777890346.2903323,-7.0,-2.0,-76.0
1777890346.3003323,-6.0,1.0,-73.0
1777890346.3103323,-1.0,2.0,-68.0
1777890346.3203323,0.0,4.0,-72.0
1777890346.3303325,0.0,6.0,-71.0
1777890346.3403325,0.0,4.0,-66.0
1777890346.3503325,-4.0,1.0,-70.0
1777890346.3603325,-6.0,-1.0,-74.0
1777890346.3703325,-4.0,1.0,-71.0
1777890346.3803325,-6.0,1.0,-70.0
1777890346.3903325,-4.0,-2.0,-72.0
1777890346.4003325,-2.0,0.0,-73.0
1777890346.4103324,0.0,0.0,-78.0
1777890346.4203324,-3.0,1.0,-77.0
1777890346.4303324,-2.0,0.0,-69.0
1777890346.4403324,-3.0,-2.0,-72.0
1777890346.4503324,1.0,0.0,-71.0
1777890346.4603324,0.0,-1.0,-78.0
1777890346.4703324,4.0,-2.0,-73.0
1777890346.4803324,8.0,-3.0,-67.0
1777890346.4903324,8.0,-5.0,-72.0
1777890346.5003324,5.0,-6.0,-71.0
1777890346.5103323,11.0,-5.0,-75.0
1777890346.5203323,16.0,0.0,-75.0
1777890346.5313325,13.0,-3.0,-69.0
1777890346.5403323,9.0,0.0,-61.0
1777890346.5503323,7.0,1.0,-63.0
1777890346.5603323,0.0,0.0,-63.0
1777890346.5703323,3.0,-2.0,-67.0
1777890346.5803325,4.0,-1.0,-74.0
1777890346.5903325,6.0,-2.0,-75.0
1777890346.6003325,10.0,-1.0,-76.0
1777890346.6103325,12.0,-2.0,-70.0
1777890346.6203325,7.0,-3.0,-73.0
1777890346.6303325,5.0,-3.0,-70.0
1777890346.6403325,1.0,-1.0,-73.0
1777890346.6503325,0.0,0.0,-73.0
1777890346.6603324,0.0,-1.0,-71.0
1777890346.6703324,2.0,2.0,-72.0
1777890346.6803324,2.0,3.0,-70.0
1777890346.6903324,3.0,0.0,-73.0
1777890346.7003324,4.0,0.0,-76.0
1777890346.7103324,2.0,1.0,-76.0
1777890346.7203324,4.0,5.0,-73.0
1777890346.7303324,1.0,2.0,-79.0
1777890346.7403324,-1.0,7.0,-75.0
1777890346.7503324,-1.0,5.0,-81.0
1777890346.7603323,-2.0,2.0,-88.0
1777890346.7703323,-2.0,-1.0,-86.0
1777890346.7803323,-2.0,2.0,-78.0
1777890346.7903323,2.0,-3.0,-73.0
1777890346.8003323,4.0,-5.0,-71.0
1777890346.8103323,3.0,0.0,-68.0
1777890346.8203323,5.0,0.0,-75.0
1777890346.8303325,5.0,-2.0,-77.0
1777890346.8403325,3.0,0.0,-78.0
1777890346.8503325,2.0,-4.0,-80.0
1777890346.8603325,4.0,-7.0,-75.0
1777890346.8703325,3.0,-6.0,-79.0
1777890346.8803325,2.0,-8.0,-73.0
1777890346.8903325,1.0,-4.0,-70.0
1777890346.9003325,1.0,-3.0,-74.0
1777890346.9103324,3.0,-7.0,-77.0
1777890346.9203324,3.0,-3.0,-74.0
1777890346.9303324,5.0,0.0,-75.0
1777890346.9403324,7.0,2.0,-72.0
1777890346.9503324,5.0,0.0,-70.0
1777890346.9603324,8.0,-1.0,-73.0
1777890346.9703324,5.0,0.0,-68.0
1777890346.9803324,4.0,0.0,-72.0
1777890346.9903324,5.0,-4.0,-75.0
1777890347.0003324,8.0,-6.0,-80.0
1777890347.0103323,4.0,-8.0,-86.0
1777890347.0203323,8.0,-7.0,-84.0
1777890347.0303323,3.0,-6.0,-81.0
1777890347.0403323,1.0,-3.0,-87.0
1777890347.0503323,-1.0,-7.0,-78.0
1777890347.0603323,1.0,-11.0,-70.0
1777890347.0703323,0.0,-3.0,-66.0
1777890347.0803325,0.0,-4.0,-68.0
1777890347.0903325,4.0,1.0,-69.0
1777890347.1003325,1.0,0.0,-68.0
1777890347.1103325,0.0,2.0,-68.0
1777890347.1203325,0.0,0.0,-68.0
1777890347.1303325,-3.0,-4.0,-69.0
1777890347.1403325,-4.0,-2.0,-75.0
1777890347.1503325,-6.0,-1.0,-77.0
1777890347.1603324,-6.0,-4.0,-79.0
1777890347.1703324,-4.0,-2.0,-77.0
1777890347.1803324,0.0,-4.0,-85.0
1777890347.1903324,0.0,-4.0,-83.0
1777890347.2003324,-4.0,-1.0,-81.0
1777890347.2103324,-6.0,-3.0,-74.0
1777890347.2203324,-4.0,-2.0,-73.0
1777890347.2303324,-6.0,-1.0,-74.0
1777890347.2403324,-6.0,2.0,-77.0
1777890347.2503324,-3.0,0.0,-74.0
1777890347.2603323,-4.0,0.0,-80.0
1777890347.2703323,-4.0,-1.0,-77.0
1777890347.2803323,-3.0,2.0,-72.0
1777890347.2903323,-2.0,2.0,-72.0
1777890347.3003323,0.0,2.0,-76.0
1777890347.3103323,0.0,1.0,-72.0
1777890347.3203323,0.0,1.0,-72.0
1777890347.3303325,1.0,1.0,-74.0
1777890347.3403325,2.0,0.0,-77.0
1777890347.3503325,-3.0,4.0,-77.0
1777890347.3603325,0.0,5.0,-73.0
1777890347.3703325,-1.0,7.0,-74.0
1777890347.3803325,-7.0,10.0,-75.0
1777890347.3903325,-6.0,9.0,-75.0
1777890347.4003325,-6.0,6.0,-77.0
1777890347.4113324,-1.0,4.0,-89.0
1777890347.4213324,3.0,1.0,-89.0
1777890347.4313323,6.0,0.0,-84.0
1777890347.4413323,6.0,0.0,-79.0
1777890347.4513323,9.0,2.0,-73.0
1777890347.4613323,5.0,4.0,-65.0
1777890347.4713323,1.0,6.0,-69.0
1777890347.4813323,4.0,9.0,-76.0
1777890347.4913323,8.0,7.0,-75.0
1777890347.5013323,10.0,8.0,-72.0
1777890347.5113325,9.0,7.0,-73.0
1777890347.5213325,10.0,6.0,-73.0
1777890347.5313325,7.0,4.0,-76.0
1777890347.5413325,10.0,6.0,-78.0
1777890347.5513325,9.0,7.0,-79.0
1777890347.5613325,9.0,3.0,-75.0
1777890347.5713325,6.0,1.0,-74.0
1777890347.5813324,0.0,0.0,-73.0
1777890347.5913324,-3.0,-1.0,-81.0
1777890347.6013324,0.0,-5.0,-80.0
1777890347.6113324,2.0,-3.0,-80.0
1777890347.6213324,5.0,-3.0,-82.0
1777890347.6313324,7.0,-3.0,-84.0
1777890347.6413324,2.0,-2.0,-91.0
1777890347.6513324,5.0,-3.0,-87.0
1777890347.6613324,5.0,-3.0,-85.0
1777890347.6713324,3.0,1.0,-84.0
1777890347.6813323,1.0,0.0,-91.0
1777890347.6913323,2.0,4.0,-91.0
1777890347.7013323,3.0,1.0,-86.0
1777890347.7113323,1.0,-1.0,-78.0
1777890347.7213323,7.0,-6.0,-80.0
1777890347.7313323,3.0,-3.0,-80.0
1777890347.7413323,0.0,-3.0,-77.0
1777890347.7513323,1.0,-6.0,-75.0
1777890347.7613325,1.0,-8.0,-78.0
1777890347.7713325,0.0,-7.0,-78.0
1777890347.7813325,0.0,-5.0,-77.0
1777890347.7913325,0.0,-3.0,-72.0
1777890347.8013325,0.0,-3.0,-67.0
1777890347.8113325,0.0,-2.0,-65.0
1777890347.8213325,-3.0,-2.0,-72.0
1777890347.8313324,-4.0,-8.0,-67.0
1777890347.8413324,0.0,-8.0,-63.0
1777890347.8513324,0.0,-4.0,-64.0
1777890347.8613324,-1.0,1.0,-65.0
1777890347.8713324,-4.0,0.0,-63.0
1777890347.8813324,-1.0,1.0,-64.0
1777890347.8913324,0.0,5.0,-66.0
1777890347.9013324,0.0,1.0,-70.0
1777890347.9113324,-1.0,0.0,-64.0
1777890347.9213324,0.0,0.0,-65.0
1777890347.9313323,3.0,2.0,-70.0
1777890347.9413323,3.0,0.0,-74.0
1777890347.9513323,3.0,-6.0,-77.0
1777890347.9613323,3.0,-4.0,-76.0
1777890347.9713323,11.0,0.0,-74.0
1777890347.9813323,11.0,2.0,-70.0
1777890347.9913323,8.0,5.0,-66.0
1777890348.0013323,3.0,3.0,-61.0
1777890348.0113325,5.0,0.0,-60.0
1777890348.0213325,5.0,1.0,-61.0
1777890348.0313325,7.0,0.0,-65.0
1777890348.0413325,2.0,-1.0,-72.0
1777890348.0513325,1.0,0.0,-78.0
1777890348.0613325,0.0,-1.0,-79.0
1777890348.0713325,4.0,0.0,-79.0
1777890348.0813324,4.0,-1.0,-75.0
1777890348.0913324,1.0,-3.0,-80.0
1777890348.1013324,0.0,2.0,-82.0
1777890348.1113324,2.0,0.0,-80.0
1777890348.1213324,2.0,-1.0,-82.0
1777890348.1313324,3.0,0.0,-87.0
1777890348.1413324,4.0,0.0,-92.0
1777890348.1513324,2.0,0.0,-82.0
1777890348.1613324,5.0,0.0,-76.0
1777890348.1713324,6.0,0.0,-76.0
1777890348.1813323,5.0,0.0,-78.0
1777890348.1913323,5.0,0.0,-77.0
1777890348.2013323,2.0,-2.0,-80.0
1777890348.2113323,5.0,-3.0,-81.0
1777890348.2213323,3.0,-6.0,-84.0
1777890348.2313323,-2.0,-4.0,-79.0
1777890348.2413323,0.0,0.0,-80.0
1777890348.2513323,2.0,2.0,-84.0
1777890348.2613325,4.0,1.0,-74.0
1777890348.2713325,2.0,4.0,-73.0
1777890348.2813325,-1.0,4.0,-75.0
1777890348.2913325,0.0,8.0,-74.0
1777890348.3013325,1.0,5.0,-80.0
1777890348.3113325,0.0,1.0,-78.0
1777890348.3213325,4.0,1.0,-72.0
1777890348.3313324,5.0,0.0,-80.0
1777890348.3413324,1.0,0.0,-86.0
1777890348.3513324,5.0,-3.0,-87.0
1777890348.3613324,5.0,-5.0,-82.0
1777890348.3713324,7.0,-7.0,-73.0
1777890348.3813324,3.0,-5.0,-69.0
1777890348.3913324,4.0,-5.0,-70.0
1777890348.4013324,5.0,-4.0,-74.0
1777890348.4113324,0.0,-2.0,-81.0
1777890348.4213324,2.0,-4.0,-81.0
1777890348.4313323,4.0,0.0,-81.0
1777890348.4413323,1.0,2.0,-73.0
1777890348.4513323,2.0,2.0,-72.0
1777890348.4613323,8.0,1.0,-64.0
1777890348.4713323,9.0,1.0,-64.0
1777890348.4813323,6.0,5.0,-67.0
1777890348.4913323,5.0,4.0,-71.0
1777890348.5013323,6.0,3.0,-73.0
1777890348.5113325,0.0,4.0,-75.0
1777890348.5213325,2.0,-1.0,-76.0
1777890348.5313325,3.0,-8.0,-77.0
1777890348.5413325,0.0,-10.0,-72.0
1777890348.5513325,-2.0,-12.0,-75.0
1777890348.5613325,0.0,-12.0,-76.0
1777890348.5713325,0.0,-9.0,-79.0
1777890348.5813324,-3.0,-5.0,-76.0
1777890348.5913324,-4.0,-6.0,-78.0
1777890348.6013324,-3.0,-5.0,-82.0
1777890348.6113324,-3.0,0.0,-86.0
1777890348.6213324,-1.0,0.0,-85.0
1777890348.6313324,0.0,-1.0,-77.0
1777890348.6413324,0.0,-3.0,-79.0
1777890348.6513324,-1.0,-3.0,-74.0
1777890348.6613324,-5.0,2.0,-80.0
1777890348.6713324,-1.0,6.0,-81.0
1777890348.6813323,0.0,4.0,-82.0
1777890348.6913323,1.0,6.0,-83.0
1777890348.7013323,2.0,3.0,-85.0
1777890348.7113323,0.0,0.0,-78.0
1777890348.7213323,-1.0,-1.0,-78.0
1777890348.7313323,-2.0,0.0,-76.0
1777890348.7413323,4.0,-2.0,-82.0
1777890348.7513323,2.0,-4.0,-76.0
1777890348.7613325,0.0,-4.0,-75.0
1777890348.7713325,3.0,-4.0,-75.0
1777890348.7813325,4.0,-5.0,-83.0
1777890348.7913325,5.0,-4.0,-83.0
1777890348.8013325,3.0,-1.0,-87.0
1777890348.8113325,4.0,-1.0,-90.0
1777890348.8213325,9.0,-1.0,-89.0
1777890348.8313324,8.0,-3.0,-86.0
1777890348.8413324,5.0,-3.0,-84.0
1777890348.8513324,2.0,-2.0,-85.0
1777890348.8613324,3.0,0.0,-82.0
1777890348.8713324,-1.0,5.0,-75.0
1777890348.8813324,3.0,3.0,-71.0
1777890348.8913324,5.0,1.0,-75.0
1777890348.9013324,5.0,0.0,-77.0
1777890348.9113324,0.0,2.0,-76.0
1777890348.9213324,-3.0,3.0,-75.0
1777890348.9313323,-6.0,1.0,-75.0
1777890348.9413323,-6.0,0.0,-78.0
1777890348.9513323,-10.0,2.0,-84.0
1777890348.9613323,-4.0,0.0,-82.0
1777890348.9713323,0.0,-1.0,-88.0
1777890348.9813323,3.0,-2.0,-77.0
1777890348.9913323,4.0,-5.0,-71.0
1777890349.0013323,5.0,-4.0,-71.0
1777890349.0113325,4.0,0.0,-75.0
1777890349.0213325,0.0,0.0,-79.0
1777890349.0313325,0.0,2.0,-69.0
1777890349.0413325,0.0,3.0,-70.0
1777890349.0513325,4.0,3.0,-66.0
1777890349.0613325,7.0,0.0,-75.0
1777890349.0713325,9.0,-2.0,-69.0
1777890349.0813324,9.0,-2.0,-78.0
1777890349.0913324,3.0,-5.0,-80.0
1777890349.1013324,-2.0,-2.0,-79.0
1777890349.1113324,-1.0,0.0,-75.0
1777890349.1213324,1.0,-1.0,-80.0
1777890349.1313324,1.0,1.0,-78.0
1777890349.1413324,4.0,0.0,-83.0
1777890349.1513324,0.0,-2.0,-86.0
1777890349.1613324,-5.0,-4.0,-85.0
1777890349.1713324,-3.0,-7.0,-79.0
1777890349.1813323,-5.0,-6.0,-78.0
1777890349.1913323,-6.0,-2.0,-75.0
1777890349.2013323,-6.0,-4.0,-72.0
1777890349.2113323,-7.0,-4.0,-71.0
1777890349.2213323,-5.0,-6.0,-66.0
1777890349.2313323,-1.0,-7.0,-67.0
1777890349.2413323,-1.0,-8.0,-67.0
1777890349.2513323,0.0,-10.0,-68.0
1777890349.2613325,0.0,-10.0,-66.0
1777890349.2713325,0.0,-12.0,-65.0
1777890349.2813325,0.0,-12.0,-63.0
1777890349.2913325,2.0,-11.0,-65.0
1777890349.3013325,1.0,-11.0,-66.0
1777890349.3113325,0.0,-10.0,-72.0
1777890349.3213325,-2.0,-13.0,-74.0
1777890349.3313324,-5.0,-15.0,-77.0
1777890349.3413324,-6.0,-12.0,-78.0
1777890349.3513324,-1.0,-3.0,-87.0
1777890349.3613324,0.0,-3.0,-89.0
1777890349.3723323,2.0,0.0,-85.0
1777890349.3813324,0.0,-1.0,-78.0
1777890349.3913324,-1.0,1.0,-79.0
1777890349.4013324,-4.0,0.0,-86.0
1777890349.4123323,-4.0,0.0,-82.0
1777890349.4223323,-9.0,-2.0,-81.0
1777890349.4323325,-9.0,0.0,-80.0
1777890349.4423325,-5.0,-4.0,-81.0
1777890349.4523325,-5.0,-4.0,-78.0
1777890349.4623325,-4.0,-4.0,-70.0
1777890349.4723325,-3.0,-2.0,-73.0
1777890349.4823325,-3.0,-2.0,-71.0
1777890349.4923325,-1.0,-4.0,-68.0
1777890349.5023324,-2.0,-5.0,-72.0
1777890349.5123324,0.0,-6.0,-72.0
1777890349.5223324,-2.0,-6.0,-72.0
1777890349.5323324,1.0,-4.0,-75.0
1777890349.5423324,7.0,-5.0,-77.0
1777890349.5523324,13.0,-3.0,-75.0
1777890349.5623324,11.0,-2.0,-77.0
1777890349.5723324,9.0,-2.0,-77.0
1777890349.5823324,4.0,-3.0,-73.0
1777890349.5923324,4.0,-5.0,-73.0
1777890349.6023324,3.0,-2.0,-79.0
1777890349.6123323,1.0,-3.0,-77.0
1777890349.6223323,-1.0,-5.0,-78.0
1777890349.6323323,0.0,0.0,-84.0
1777890349.6423323,-2.0,1.0,-78.0
1777890349.6523323,0.0,0.0,-77.0
1777890349.6623323,1.0,0.0,-76.0
1777890349.6723323,2.0,1.0,-69.0
1777890349.6823325,3.0,2.0,-73.0
1777890349.6923325,2.0,-1.0,-73.0
1777890349.7023325,5.0,0.0,-71.0
1777890349.7123325,1.0,-4.0,-68.0
1777890349.7223325,0.0,-3.0,-71.0
1777890349.7323325,0.0,-4.0,-73.0
1777890349.7423325,0.0,-3.0,-75.0
1777890349.7523324,0.0,-5.0,-81.0
1777890349.7623324,0.0,-1.0,-83.0
1777890349.7723324,6.0,-1.0,-77.0
1777890349.7823324,12.0,-3.0,-70.0
1777890349.7923324,9.0,-5.0,-70.0
1777890349.8023324,7.0,-1.0,-68.0
1777890349.8123324,0.0,-3.0,-71.0
1777890349.8223324,-1.0,-3.0,-65.0
1777890349.8323324,0.0,-1.0,-70.0
1777890349.8423324,-2.0,3.0,-80.0
1777890349.8523324,-1.0,4.0,-80.0
1777890349.8623323,0.0,2.0,-75.0
1777890349.8723323,1.0,2.0,-69.0
1777890349.8823323,-4.0,4.0,-73.0
1777890349.8923323,-4.0,4.0,-70.0
1777890349.9023323,-5.0,5.0,-73.0
1777890349.9123323,-3.0,5.0,-76.0
1777890349.9223323,0.0,3.0,-77.0
1777890349.9323325,0.0,1.0,-75.0
1777890349.9423325,1.0,0.0,-69.0
1777890349.9523325,0.0,1.0,-67.0
1777890349.9623325,-1.0,2.0,-70.0
1777890349.9723325,0.0,2.0,-67.0
1777890349.9823325,4.0,2.0,-67.0
1777890349.9923325,2.0,-1.0,-66.0
1777890350.0023324,1.0,-1.0,-73.0
1777890350.0123324,-2.0,-4.0,-73.0
1777890350.0223324,-5.0,-3.0,-82.0
1777890350.0323324,-8.0,-2.0,-76.0
1777890350.0423324,-7.0,3.0,-80.0
1777890350.0523324,-5.0,0.0,-78.0
1777890350.0623324,0.0,-3.0,-79.0
1777890350.0723324,-2.0,-4.0,-70.0
1777890350.0823324,-8.0,-4.0,-74.0
1777890350.0923324,-7.0,0.0,-75.0
1777890350.1023324,-4.0,2.0,-79.0
1777890350.1123323,-4.0,-3.0,-79.0
1777890350.1223323,-1.0,-5.0,-83.0
1777890350.1323323,0.0,-5.0,-80.0
1777890350.1423323,-1.0,-6.0,-73.0
1777890350.1523323,0.0,-4.0,-78.0
1777890350.1623323,0.0,-2.0,-72.0
1777890350.1723323,4.0,-1.0,-71.0
1777890350.1823325,4.0,-2.0,-82.0
1777890350.1923325,2.0,0.0,-86.0
1777890350.2023325,1.0,-2.0,-84.0
1777890350.2123325,3.0,-5.0,-84.0
1777890350.2223325,0.0,-8.0,-82.0
1777890350.2323325,0.0,-8.0,-81.0
1777890350.2423325,2.0,-6.0,-78.0
1777890350.2523324,5.0,-8.0,-80.0
1777890350.2623324,6.0,-9.0,-84.0
1777890350.2723324,5.0,-14.0,-76.0
1777890350.2823324,1.0,-11.0,-77.0
1777890350.2923324,-1.0,-5.0,-76.0
1777890350.3023324,0.0,-6.0,-76.0
1777890350.3123324,2.0,-7.0,-78.0
1777890350.3223324,2.0,-11.0,-81.0
1777890350.3323324,0.0,-8.0,-71.0
1777890350.3423324,2.0,-8.0,-68.0
1777890350.3523324,-1.0,-9.0,-67.0
1777890350.3623323,-3.0,-8.0,-70.0
1777890350.3723323,-6.0,-9.0,-67.0
1777890350.3823323,-1.0,-4.0,-69.0
1777890350.3923323,3.0,-2.0,-71.0
1777890350.4023323,7.0,-1.0,-66.0
1777890350.4123323,7.0,2.0,-63.0
1777890350.4223323,9.0,0.0,-66.0
1777890350.4323325,9.0,3.0,-67.0
1777890350.4423325,10.0,4.0,-68.0
1777890350.4523325,10.0,3.0,-71.0
1777890350.4623325,7.0,4.0,-66.0
1777890350.4723325,2.0,3.0,-63.0
1777890350.4823325,0.0,3.0,-65.0
1777890350.4923325,4.0,0.0,-62.0
1777890350.5023324,5.0,-1.0,-64.0
1777890350.5123324,4.0,-2.0,-67.0
1777890350.5223324,3.0,-2.0,-70.0
1777890350.5323324,5.0,-1.0,-73.0
1777890350.5423324,1.0,4.0,-75.0
1777890350.5523324,0.0,0.0,-73.0
1777890350.5623324,5.0,1.0,-80.0
1777890350.5723324,4.0,2.0,-84.0
1777890350.5823324,3.0,0.0,-83.0
1777890350.5923324,1.0,-2.0,-82.0
1777890350.6023324,4.0,-3.0,-81.0
1777890350.6123323,4.0,0.0,-86.0
1777890350.6223323,1.0,0.0,-77.0
1777890350.6323323,1.0,0.0,-73.0
1777890350.6423323,0.0,0.0,-78.0
1777890350.6523323,0.0,1.0,-82.0
1777890350.6623323,-2.0,-1.0,-79.0
1777890350.6723323,-2.0,-4.0,-74.0
1777890350.6823325,-2.0,-2.0,-69.0
1777890350.6923325,-3.0,-5.0,-66.0
1777890350.7023325,0.0,-9.0,-72.0
1777890350.7123325,-2.0,-5.0,-74.0
1777890350.7223325,3.0,-7.0,-71.0
1777890350.7323325,2.0,-5.0,-75.0
1777890350.7423325,0.0,-1.0,-84.0
1777890350.7523324,1.0,0.0,-87.0
1777890350.7623324,1.0,1.0,-86.0
1777890350.7723324,2.0,-1.0,-81.0
1777890350.7823324,2.0,-2.0,-77.0
1777890350.7923324,6.0,-1.0,-78.0
1777890350.8023324,3.0,-4.0,-81.0
1777890350.8123324,-1.0,-7.0,-79.0
1777890350.8223324,-1.0,-5.0,-71.0
1777890350.8323324,-2.0,-2.0,-66.0
1777890350.8423324,-1.0,-2.0,-65.0
1777890350.8523324,-3.0,-1.0,-62.0
1777890350.8623323,-4.0,-3.0,-66.0
1777890350.8723323,-4.0,0.0,-62.0
1777890350.8823323,0.0,0.0,-65.0
1777890350.8923323,0.0,0.0,-75.0
1777890350.9023323,0.0,2.0,-77.0
1777890350.9123323,0.0,1.0,-82.0
1777890350.9223323,-1.0,0.0,-87.0
1777890350.9323325,-1.0,-1.0,-89.0
1777890350.9423325,-1.0,-3.0,-78.0
1777890350.9523325,-1.0,-5.0,-73.0
1777890350.9623325,-1.0,-8.0,-76.0
1777890350.9723325,-1.0,-8.0,-80.0
1777890350.9823325,0.0,-6.0,-74.0
1777890350.9923325,-3.0,-7.0,-76.0
1777890351.0023324,-3.0,-6.0,-76.0
1777890351.0123324,0.0,-3.0,-72.0
1777890351.0223324,0.0,-1.0,-74.0
1777890351.0323324,0.0,-1.0,-75.0
1777890351.0423324,-3.0,-5.0,-74.0
1777890351.0523324,-1.0,-7.0,-70.0
1777890351.0623324,0.0,-6.0,-67.0
1777890351.0723324,0.0,-7.0,-76.0
1777890351.0823324,-1.0,-7.0,-80.0
1777890351.0923324,1.0,-1.0,-79.0
1777890351.1023324,1.0,0.0,-83.0
1777890351.1123323,-1.0,-1.0,-86.0
1777890351.1223323,1.0,0.0,-80.0
1777890351.1323323,3.0,1.0,-77.0
1777890351.1423323,0.0,2.0,-74.0
1777890351.1523323,0.0,-5.0,-74.0
1777890351.1623323,-1.0,1.0,-80.0
1777890351.1723323,0.0,2.0,-86.0
1777890351.1823325,-2.0,1.0,-85.0
1777890351.1923325,2.0,-2.0,-84.0
1777890351.2023325,6.0,-3.0,-83.0
1777890351.2123325,5.0,-3.0,-83.0
1777890351.2223325,5.0,-2.0,-77.0
1777890351.2323325,2.0,1.0,-73.0
1777890351.2423325,-1.0,2.0,-69.0
1777890351.2523324,-2.0,1.0,-67.0
1777890351.2623324,2.0,1.0,-70.0
1777890351.2723324,2.0,0.0,-67.0
1777890351.2823324,7.0,3.0,-58.0
1777890351.2923324,3.0,0.0,-63.0
1777890351.3023324,2.0,-2.0,-64.0
1777890351.3123324,7.0,0.0,-70.0
1777890351.3223324,10.0,2.0,-78.0
1777890351.3323324,12.0,3.0,-80.0
1777890351.3423324,7.0,5.0,-74.0
1777890351.3533323,3.0,10.0,-81.0
1777890351.3623323,4.0,5.0,-80.0
1777890351.3723323,3.0,1.0,-77.0
1777890351.3823323,1.0,0.0,-78.0
1777890351.3933325,0.0,1.0,-78.0
1777890351.4033325,3.0,4.0,-79.0
1777890351.4133325,4.0,0.0,-81.0
1777890351.4233325,8.0,-1.0,-76.0
1777890351.4333324,4.0,-9.0,-79.0
1777890351.4433324,2.0,-12.0,-78.0
1777890351.4533324,2.0,-7.0,-74.0
1777890351.4633324,3.0,-5.0,-73.0
1777890351.4733324,3.0,-3.0,-74.0
1777890351.4833324,5.0,0.0,-75.0
1777890351.4933324,5.0,0.0,-80.0
1777890351.5033324,5.0,0.0,-84.0
1777890351.5133324,1.0,0.0,-74.0
1777890351.5233324,4.0,0.0,-72.0
1777890351.5333323,3.0,0.0,-75.0
1777890351.5433323,2.0,-2.0,-67.0
1777890351.5533323,1.0,0.0,-66.0
1777890351.5633323,4.0,0.0,-60.0
1777890351.5733323,3.0,0.0,-61.0
1777890351.5833323,2.0,2.0,-62.0
1777890351.5933323,0.0,7.0,-66.0
1777890351.6033323,0.0,4.0,-73.0
1777890351.6133325,1.0,2.0,-72.0
1777890351.6233325,0.0,3.0,-72.0
1777890351.6333325,-1.0,4.0,-75.0
1777890351.6433325,-5.0,4.0,-75.0
1777890351.6533325,-2.0,2.0,-71.0
1777890351.6633325,-2.0,3.0,-77.0
1777890351.6733325,-2.0,7.0,-77.0
1777890351.6833324,0.0,7.0,-75.0
1777890351.6933324,0.0,9.0,-75.0
1777890351.7033324,0.0,10.0,-76.0
1777890351.7133324,-1.0,5.0,-71.0
1777890351.7233324,4.0,3.0,-75.0
1777890351.7333324,5.0,1.0,-79.0
1777890351.7433324,1.0,3.0,-85.0
1777890351.7533324,1.0,6.0,-85.0
1777890351.7633324,-2.0,2.0,-87.0
1777890351.7733324,0.0,0.0,-82.0
1777890351.7833323,2.0,-1.0,-84.0
1777890351.7933323,1.0,-3.0,-83.0
1777890351.8033323,0.0,-3.0,-84.0
1777890351.8133323,1.0,-7.0,-75.0
1777890351.8233323,0.0,-5.0,-79.0
1777890351.8333323,4.0,-3.0,-75.0
1777890351.8433323,1.0,-1.0,-77.0
1777890351.8533323,0.0,-1.0,-83.0
1777890351.8633325,-1.0,-2.0,-82.0
1777890351.8733325,2.0,-2.0,-77.0
1777890351.8833325,0.0,-2.0,-79.0
1777890351.8933325,-2.0,-1.0,-74.0
1777890351.9033325,2.0,-4.0,-71.0
1777890351.9133325,0.0,-2.0,-73.0
1777890351.9233325,0.0,0.0,-70.0
1777890351.9333324,0.0,0.0,-74.0
1777890351.9433324,2.0,1.0,-77.0
1777890351.9533324,0.0,3.0,-73.0
1777890351.9633324,-1.0,0.0,-68.0
1777890351.9733324,0.0,-2.0,-69.0
1777890351.9833324,0.0,1.0,-74.0
1777890351.9933324,-1.0,-3.0,-68.0
1777890352.0033324,-5.0,-5.0,-69.0
1777890352.0133324,-6.0,-4.0,-64.0
1777890352.0233324,-9.0,-3.0,-60.0
1777890352.0333323,-7.0,-1.0,-60.0
1777890352.0433323,-7.0,1.0,-67.0
1777890352.0533323,-2.0,0.0,-70.0
1777890352.0633323,-6.0,0.0,-61.0
1777890352.0733323,-3.0,0.0,-67.0
1777890352.0833323,-6.0,1.0,-75.0
1777890352.0933323,-1.0,1.0,-77.0
1777890352.1033323,4.0,-1.0,-69.0
1777890352.1133325,6.0,-3.0,-64.0
1777890352.1233325,6.0,1.0,-68.0
1777890352.1333325,5.0,1.0,-69.0
1777890352.1433325,6.0,-1.0,-72.0
1777890352.1533325,-1.0,-1.0,-69.0
1777890352.1633325,-2.0,0.0,-75.0
1777890352.1733325,-1.0,-1.0,-81.0
1777890352.1833324,0.0,-3.0,-86.0
1777890352.1933324,-3.0,-4.0,-82.0
1777890352.2033324,1.0,-3.0,-83.0
1777890352.2133324,-2.0,0.0,-77.0
1777890352.2233324,0.0,-1.0,-67.0
1777890352.2333324,0.0,1.0,-71.0
1777890352.2433324,1.0,6.0,-63.0
1777890352.2533324,3.0,8.0,-65.0
1777890352.2633324,6.0,6.0,-70.0
1777890352.2733324,5.0,7.0,-76.0
1777890352.2833323,6.0,4.0,-77.0
1777890352.2933323,0.0,3.0,-76.0
1777890352.3033323,2.0,0.0,-72.0
1777890352.3133323,4.0,-2.0,-69.0
1777890352.3233323,2.0,-2.0,-68.0
1777890352.3333323,2.0,-5.0,-72.0
1777890352.3433323,6.0,-2.0,-79.0
1777890352.3533323,0.0,-1.0,-78.0
1777890352.3633325,-4.0,1.0,-80.0
1777890352.3733325,-3.0,4.0,-80.0
1777890352.3833325,-1.0,5.0,-77.0
1777890352.3933325,0.0,2.0,-84.0
1777890352.4033325,0.0,2.0,-82.0
1777890352.4133325,0.0,6.0,-77.0
1777890352.4233325,-1.0,6.0,-68.0
1777890352.4333324,3.0,5.0,-63.0
1777890352.4433324,4.0,8.0,-72.0
1777890352.4533324,1.0,4.0,-67.0
1777890352.4633324,2.0,0.0,-71.0
1777890352.4733324,-3.0,2.0,-64.0
1777890352.4833324,-4.0,2.0,-69.0
1777890352.4933324,-3.0,0.0,-65.0
1777890352.5033324,-3.0,-5.0,-68.0
1777890352.5133324,-9.0,-4.0,-65.0
1777890352.5233324,-4.0,-5.0,-63.0
1777890352.5333323,-2.0,-6.0,-71.0
1777890352.5433323,1.0,-4.0,-76.0
1777890352.5533323,2.0,-5.0,-74.0
1777890352.5633323,4.0,-1.0,-74.0
1777890352.5733323,4.0,1.0,-78.0
1777890352.5833323,3.0,0.0,-70.0
1777890352.5933323,1.0,-1.0,-70.0
1777890352.6033323,0.0,0.0,-69.0
1777890352.6133325,-5.0,1.0,-66.0
1777890352.6233325,-8.0,0.0,-63.0
1777890352.6333325,-8.0,1.0,-67.0
1777890352.6433325,-4.0,-4.0,-70.0
1777890352.6533325,-1.0,-5.0,-68.0
1777890352.6633325,-3.0,-5.0,-65.0
1777890352.6733325,-5.0,-1.0,-65.0
1777890352.6833324,-6.0,3.0,-66.0
1777890352.6933324,-5.0,2.0,-66.0
1777890352.7033324,1.0,3.0,-72.0
1777890352.7133324,0.0,4.0,-77.0
1777890352.7233324,1.0,5.0,-74.0
1777890352.7333324,0.0,3.0,-68.0
1777890352.7433324,0.0,-4.0,-64.0
1777890352.7533324,-2.0,-6.0,-65.0
1777890352.7633324,0.0,-5.0,-69.0
1777890352.7733324,3.0,-5.0,-71.0
1777890352.7833323,1.0,-5.0,-73.0
1777890352.7933323,1.0,-3.0,-78.0
1777890352.8033323,2.0,-4.0,-81.0
1777890352.8133323,2.0,-2.0,-85.0
1777890352.8233323,3.0,-1.0,-88.0
1777890352.8333323,5.0,-2.0,-84.0
1777890352.8433323,5.0,-2.0,-87.0
1777890352.8533323,7.0,-3.0,-83.0
1777890352.8633325,1.0,-4.0,-81.0
1777890352.8733325,4.0,-6.0,-82.0
1777890352.8833325,0.0,-4.0,-83.0
1777890352.8933325,1.0,-3.0,-69.0
1777890352.9033325,-1.0,0.0,-71.0
1777890352.9133325,-7.0,3.0,-74.0
1777890352.9233325,-6.0,2.0,-71.0
1777890352.9333324,-9.0,1.0,-74.0
1777890352.9433324,-6.0,2.0,-68.0
1777890352.9533324,-8.0,4.0,-67.0
1777890352.9633324,-9.0,-2.0,-62.0
1777890352.9733324,-7.0,-3.0,-60.0
1777890352.9833324,-7.0,-6.0,-67.0
1777890352.9933324,-10.0,-4.0,-65.0
1777890353.0033324,-6.0,-6.0,-68.0
1777890353.0133324,-4.0,-6.0,-60.0
1777890353.0233324,-3.0,-8.0,-65.0
1777890353.0333323,-5.0,-6.0,-61.0
1777890353.0433323,-2.0,-6.0,-68.0
1777890353.0533323,-2.0,-7.0,-72.0
1777890353.0633323,-4.0,-8.0,-72.0
1777890353.0733323,-3.0,-9.0,-75.0
1777890353.0833323,-3.0,-7.0,-73.0
1777890353.0933323,-5.0,-5.0,-78.0
1777890353.1033323,-5.0,-6.0,-87.0
1777890353.1133325,-2.0,-9.0,-83.0
1777890353.1233325,0.0,-10.0,-88.0
1777890353.1333325,0.0,-9.0,-85.0
1777890353.1433325,-1.0,-13.0,-79.0
1777890353.1533325,0.0,-8.0,-73.0
1777890353.1633325,-2.0,-5.0,-71.0
1777890353.1733325,-4.0,-3.0,-68.0
1777890353.1833324,-2.0,-2.0,-65.0
1777890353.1933324,0.0,0.0,-63.0
1777890353.2033324,1.0,2.0,-63.0
1777890353.2133324,-1.0,3.0,-67.0
1777890353.2233324,-1.0,1.0,-63.0
1777890353.2333324,-1.0,1.0,-65.0
1777890353.2433324,-3.0,0.0,-69.0
1777890353.2533324,-2.0,-3.0,-72.0
1777890353.2633324,1.0,-2.0,-71.0
1777890353.2733324,0.0,-2.0,-72.0
1777890353.2833323,-1.0,0.0,-73.0
1777890353.2933323,2.0,-2.0,-71.0
1777890353.3033323,0.0,1.0,-70.0
1777890353.3133323,0.0,1.0,-66.0
1777890353.3233323,1.0,-4.0,-68.0
1777890353.3333323,2.0,-6.0,-68.0
1777890353.3433323,4.0,-3.0,-65.0
1777890353.3533323,5.0,0.0,-68.0
1777890353.3643324,3.0,0.0,-70.0
1777890353.3743324,3.0,-2.0,-65.0
1777890353.3843324,0.0,-3.0,-65.0
1777890353.3943324,-2.0,-2.0,-63.0
1777890353.4043324,-1.0,0.0,-69.0
1777890353.4143324,0.0,2.0,-69.0
1777890353.4243324,2.0,5.0,-64.0
1777890353.4343324,0.0,3.0,-60.0
1777890353.4443324,5.0,4.0,-62.0
1777890353.4543324,3.0,3.0,-67.0
1777890353.4643323,4.0,-1.0,-69.0
1777890353.4743323,2.0,-3.0,-65.0
1777890353.4843323,3.0,-5.0,-67.0
1777890353.4943323,3.0,0.0,-70.0
1777890353.5043323,1.0,1.0,-65.0
1777890353.5143323,-1.0,2.0,-68.0
1777890353.5243323,0.0,-3.0,-73.0
1777890353.5343325,0.0,-7.0,-79.0
1777890353.5443325,-1.0,-6.0,-76.0
1777890353.5543325,0.0,-8.0,-74.0
1777890353.5643325,0.0,-6.0,-73.0
1777890353.5743325,-2.0,-4.0,-72.0
1777890353.5843325,-2.0,-5.0,-75.0
1777890353.5943325,-1.0,-1.0,-73.0
1777890353.6043324,-1.0,-3.0,-69.0
1777890353.6143324,2.0,-4.0,-67.0
1777890353.6243324,1.0,0.0,-70.0
1777890353.6343324,3.0,5.0,-79.0
1777890353.6443324,8.0,7.0,-79.0
1777890353.6543324,5.0,9.0,-82.0
1777890353.6643324,7.0,7.0,-76.0
1777890353.6743324,0.0,3.0,-74.0
1777890353.6843324,6.0,2.0,-71.0
1777890353.6943324,2.0,5.0,-66.0
1777890353.7043324,-2.0,0.0,-71.0
1777890353.7143323,-6.0,-4.0,-72.0
1777890353.7243323,-6.0,-6.0,-69.0
1777890353.7343323,-2.0,-7.0,-60.0
1777890353.7443323,-5.0,-8.0,-55.0
1777890353.7543323,1.0,-5.0,-59.0
1777890353.7643323,9.0,-5.0,-66.0
1777890353.7743323,12.0,-4.0,-72.0
1777890353.7843325,13.0,-1.0,-70.0
1777890353.7943325,12.0,1.0,-61.0
1777890353.8043325,10.0,0.0,-70.0
1777890353.8143325,5.0,0.0,-65.0
1777890353.8243325,0.0,-1.0,-64.0
1777890353.8343325,0.0,3.0,-64.0
1777890353.8443325,0.0,6.0,-62.0
1777890353.8543324,0.0,1.0,-59.0
1777890353.8643324,0.0,2.0,-56.0
1777890353.8743324,-1.0,6.0,-68.0
1777890353.8843324,-2.0,5.0,-75.0
1777890353.8943324,-3.0,5.0,-76.0
1777890353.9043324,-6.0,6.0,-80.0
1777890353.9143324,-6.0,9.0,-85.0
1777890353.9243324,-3.0,8.0,-88.0
1777890353.9343324,2.0,5.0,-79.0
1777890353.9443324,0.0,5.0,-67.0
1777890353.9543324,2.0,3.0,-71.0
1777890353.9643323,0.0,5.0,-73.0
1777890353.9743323,-3.0,5.0,-75.0
1777890353.9843323,0.0,0.0,-73.0
1777890353.9943323,3.0,2.0,-71.0
1777890354.0043323,0.0,1.0,-70.0
1777890354.0143323,-1.0,3.0,-69.0
1777890354.0243323,-1.0,4.0,-72.0
1777890354.0343325,0.0,2.0,-72.0
1777890354.0443325,-5.0,0.0,-77.0
1777890354.0543325,-4.0,-3.0,-82.0
1777890354.0643325,-2.0,-5.0,-93.0
1777890354.0743325,-2.0,-7.0,-89.0
1777890354.0843325,-1.0,-5.0,-86.0
1777890354.0943325,0.0,-7.0,-85.0
1777890354.1043324,0.0,-5.0,-79.0
1777890354.1143324,0.0,-4.0,-72.0
1777890354.1243324,0.0,-3.0,-69.0
1777890354.1343324,0.0,-1.0,-69.0
1777890354.1443324,1.0,2.0,-70.0
1777890354.1543324,0.0,1.0,-69.0
1777890354.1643324,1.0,1.0,-78.0
1777890354.1743324,5.0,0.0,-79.0
1777890354.1843324,8.0,3.0,-76.0
1777890354.1943324,3.0,4.0,-77.0
1777890354.2043324,5.0,7.0,-78.0
1777890354.2143323,0.0,7.0,-73.0
1777890354.2243323,-1.0,9.0,-80.0
1777890354.2343323,-3.0,4.0,-83.0
1777890354.2443323,-6.0,0.0,-83.0
1777890354.2543323,-1.0,0.0,-79.0
1777890354.2643323,0.0,0.0,-79.0
1777890354.2743323,2.0,2.0,-76.0
1777890354.2843325,1.0,0.0,-78.0
1777890354.2943325,4.0,-1.0,-75.0
1777890354.3043325,3.0,-8.0,-70.0
1777890354.3143325,1.0,-8.0,-71.0
1777890354.3243325,3.0,-2.0,-76.0
1777890354.3343325,2.0,-3.0,-78.0
1777890354.3443325,-1.0,-1.0,-77.0
1777890354.3543324,-4.0,-4.0,-71.0
1777890354.3643324,-2.0,-5.0,-75.0
1777890354.3743324,-4.0,-3.0,-74.0
1777890354.3843324,-8.0,-7.0,-77.0
1777890354.3943324,-6.0,-7.0,-85.0
1777890354.4043324,-5.0,-6.0,-82.0
1777890354.4143324,-1.0,-5.0,-74.0
1777890354.4243324,2.0,-4.0,-73.0
1777890354.4343324,3.0,-2.0,-69.0
1777890354.4443324,2.0,-10.0,-65.0
1777890354.4543324,2.0,-8.0,-60.0
1777890354.4643323,5.0,-5.0,-62.0
1777890354.4743323,1.0,-8.0,-67.0
1777890354.4843323,-3.0,-10.0,-59.0
1777890354.4943323,-5.0,-8.0,-58.0
1777890354.5043323,-7.0,-7.0,-58.0
1777890354.5143323,-7.0,-7.0,-71.0
1777890354.5243323,-3.0,-7.0,-72.0
1777890354.5343325,-2.0,-9.0,-71.0
1777890354.5443325,-3.0,-7.0,-66.0
1777890354.5543325,-4.0,-5.0,-68.0
1777890354.5643325,-4.0,1.0,-67.0
1777890354.5743325,-5.0,-2.0,-72.0
1777890354.5843325,-5.0,-3.0,-76.0
1777890354.5943325,-4.0,-5.0,-75.0
1777890354.6043324,-2.0,-3.0,-69.0
1777890354.6143324,-1.0,-1.0,-71.0
1777890354.6243324,1.0,-1.0,-74.0
1777890354.6343324,0.0,0.0,-72.0
1777890354.6443324,0.0,0.0,-80.0
1777890354.6543324,-2.0,0.0,-76.0
1777890354.6643324,0.0,0.0,-79.0
1777890354.6743324,7.0,-5.0,-77.0
1777890354.6843324,8.0,-6.0,-71.0
1777890354.6943324,7.0,-6.0,-77.0
1777890354.7043324,7.0,0.0,-74.0
1777890354.7143323,6.0,-2.0,-74.0
1777890354.7243323,4.0,3.0,-71.0
1777890354.7343323,8.0,5.0,-66.0
1777890354.7443323,9.0,1.0,-69.0
1777890354.7543323,6.0,-2.0,-68.0
1777890354.7643323,10.0,-2.0,-69.0
1777890354.7743323,8.0,-3.0,-70.0
1777890354.7843325,2.0,-4.0,-64.0
1777890354.7943325,0.0,-2.0,-67.0
1777890354.8043325,2.0,0.0,-72.0
1777890354.8143325,0.0,0.0,-69.0
1777890354.8243325,0.0,-2.0,-69.0
1777890354.8343325,3.0,-2.0,-68.0
1777890354.8443325,1.0,0.0,-73.0
1777890354.8543324,-1.0,-8.0,-74.0
1777890354.8643324,-1.0,-6.0,-74.0
1777890354.8743324,1.0,-4.0,-74.0
1777890354.8843324,0.0,-1.0,-73.0
1777890354.8943324,-1.0,-2.0,-72.0
1777890354.9043324,-4.0,-2.0,-75.0
1777890354.9143324,-3.0,-4.0,-78.0
1777890354.9243324,4.0,0.0,-79.0
1777890354.9343324,5.0,-1.0,-75.0
1777890354.9443324,3.0,-5.0,-75.0
1777890354.9543324,7.0,-3.0,-77.0
1777890354.9643323,1.0,-6.0,-75.0
1777890354.9743323,0.0,-9.0,-73.0
1777890354.9843323,-1.0,-6.0,-71.0
1777890354.9943323,-4.0,-7.0,-71.0
1777890355.0043323,-9.0,-7.0,-72.0
1777890355.0143323,-5.0,-3.0,-72.0
1777890355.0243323,-5.0,0.0,-71.0
1777890355.0343325,-4.0,0.0,-71.0
1777890355.0443325,-5.0,0.0,-65.0
1777890355.0543325,-1.0,0.0,-68.0
1777890355.0643325,1.0,-3.0,-70.0
1777890355.0743325,-1.0,0.0,-76.0
1777890355.0843325,0.0,-1.0,-71.0
1777890355.0943325,0.0,0.0,-66.0
1777890355.1043324,0.0,0.0,-69.0
1777890355.1143324,-2.0,0.0,-63.0
1777890355.1243324,-2.0,2.0,-65.0
1777890355.1343324,3.0,3.0,-66.0
1777890355.1443324,6.0,2.0,-67.0
1777890355.1543324,4.0,2.0,-72.0
1777890355.1643324,6.0,3.0,-75.0
1777890355.1743324,2.0,3.0,-77.0
1777890355.1843324,2.0,2.0,-81.0
1777890355.1943324,5.0,4.0,-83.0
1777890355.2043324,4.0,3.0,-83.0
1777890355.2143323,2.0,-1.0,-84.0
1777890355.2243323,0.0,0.0,-82.0
1777890355.2343323,-3.0,-1.0,-79.0
1777890355.2443323,1.0,0.0,-71.0
1777890355.2543323,0.0,-3.0,-68.0
1777890355.2643323,2.0,-5.0,-68.0
1777890355.2743323,11.0,-3.0,-68.0
1777890355.2843325,13.0,-6.0,-72.0
1777890355.2943325,9.0,-3.0,-73.0
1777890355.3043325,5.0,1.0,-70.0
1777890355.3143325,1.0,-1.0,-72.0
1777890355.3243325,1.0,2.0,-72.0
1777890355.3343325,-1.0,4.0,-78.0
1777890355.3453324,2.0,5.0,-73.0
1777890355.3553324,4.0,3.0,-66.0
1777890355.3653324,1.0,3.0,-73.0
1777890355.3753324,1.0,3.0,-72.0
1777890355.3853323,-1.0,-1.0,-75.0
1777890355.3953323,-3.0,-1.0,-73.0
1777890355.4053323,-7.0,1.0,-75.0
1777890355.4153323,-7.0,2.0,-78.0
1777890355.4253323,-3.0,0.0,-80.0
1777890355.4353323,0.0,-1.0,-83.0
1777890355.4453323,0.0,-3.0,-80.0
1777890355.4553325,2.0,-2.0,-71.0
1777890355.4653325,-3.0,-3.0,-74.0
1777890355.4753325,0.0,-4.0,-73.0
1777890355.4853325,-3.0,-4.0,-69.0
1777890355.4953325,-5.0,0.0,-60.0
1777890355.5053325,-6.0,3.0,-65.0
1777890355.5153325,-4.0,1.0,-59.0
1777890355.5253325,0.0,-3.0,-54.0
1777890355.5353324,3.0,-6.0,-55.0
1777890355.5453324,3.0,-4.0,-55.0
1777890355.5553324,6.0,-3.0,-56.0
1777890355.5653324,4.0,-10.0,-64.0
1777890355.5753324,5.0,-11.0,-66.0
1777890355.5853324,3.0,-9.0,-65.0
1777890355.5953324,3.0,-7.0,-66.0
1777890355.6053324,2.0,-7.0,-65.0
1777890355.6153324,0.0,-7.0,-63.0
1777890355.6253324,0.0,-5.0,-68.0
1777890355.6353323,0.0,-7.0,-73.0
1777890355.6453323,1.0,-1.0,-71.0
1777890355.6553323,2.0,-4.0,-72.0
1777890355.6653323,3.0,-3.0,-77.0
1777890355.6753323,0.0,-2.0,-79.0
1777890355.6853323,-3.0,-3.0,-76.0
1777890355.6953323,-4.0,-4.0,-67.0
1777890355.7053325,-5.0,-2.0,-65.0
1777890355.7153325,-2.0,-2.0,-63.0
1777890355.7253325,-4.0,-2.0,-66.0
1777890355.7353325,-3.0,0.0,-64.0
1777890355.7453325,-1.0,-3.0,-66.0
1777890355.7553325,-1.0,0.0,-69.0
1777890355.7653325,1.0,3.0,-73.0
1777890355.7753325,5.0,3.0,-77.0
1777890355.7853324,6.0,0.0,-79.0
1777890355.7953324,2.0,2.0,-80.0
1777890355.8053324,2.0,3.0,-76.0
1777890355.8153324,1.0,2.0,-82.0
1777890355.8253324,3.0,0.0,-84.0
1777890355.8353324,0.0,-1.0,-83.0
1777890355.8453324,0.0,-1.0,-80.0
1777890355.8553324,-4.0,-4.0,-81.0
1777890355.8653324,-4.0,-8.0,-86.0
1777890355.8753324,0.0,-6.0,-88.0
1777890355.8853323,-5.0,-6.0,-87.0
1777890355.8953323,-2.0,-8.0,-86.0
1777890355.9053323,-2.0,-6.0,-80.0
1777890355.9153323,0.0,-3.0,-77.0
1777890355.9253323,2.0,-1.0,-75.0
1777890355.9353323,4.0,-1.0,-77.0
1777890355.9453323,6.0,1.0,-71.0
1777890355.9553325,8.0,1.0,-68.0
1777890355.9653325,6.0,2.0,-70.0
1777890355.9753325,10.0,1.0,-77.0
1777890355.9853325,8.0,3.0,-75.0
1777890355.9953325,9.0,6.0,-69.0
1777890356.0053325,4.0,4.0,-70.0
1777890356.0153325,0.0,4.0,-62.0
1777890356.0253325,-1.0,-1.0,-63.0
1777890356.0353324,-1.0,0.0,-66.0
1777890356.0453324,-2.0,-3.0,-68.0
1777890356.0553324,1.0,-2.0,-71.0
1777890356.0653324,0.0,-5.0,-72.0
1777890356.0753324,-4.0,-8.0,-74.0
1777890356.0853324,-1.0,-4.0,-74.0
1777890356.0953324,-3.0,-2.0,-76.0
1777890356.1053324,-3.0,0.0,-79.0
1777890356.1153324,-2.0,2.0,-80.0
1777890356.1253324,-3.0,1.0,-74.0
1777890356.1353323,0.0,3.0,-72.0
1777890356.1453323,2.0,2.0,-71.0
1777890356.1553323,1.0,0.0,-64.0
1777890356.1653323,1.0,-5.0,-64.0
1777890356.1753323,0.0,-5.0,-66.0
1777890356.1853323,2.0,-1.0,-69.0
1777890356.1953323,5.0,-6.0,-73.0
1777890356.2053325,2.0,-4.0,-75.0
1777890356.2153325,1.0,-1.0,-77.0
1777890356.2253325,1.0,2.0,-80.0
1777890356.2353325,0.0,2.0,-75.0
1777890356.2453325,0.0,0.0,-74.0
1777890356.2553325,0.0,0.0,-70.0
1777890356.2653325,1.0,1.0,-73.0
1777890356.2753325,-1.0,-1.0,-75.0
1777890356.2853324,0.0,1.0,-75.0
1777890356.2953324,0.0,3.0,-78.0
1777890356.3053324,0.0,-1.0,-88.0
1777890356.3153324,0.0,0.0,-88.0
1777890356.3253324,-1.0,-4.0,-87.0
1777890356.3353324,-2.0,0.0,-87.0
1777890356.3453324,-6.0,0.0,-83.0
1777890356.3553324,-5.0,-1.0,-73.0
1777890356.3653324,-2.0,0.0,-69.0
1777890356.3753324,0.0,0.0,-70.0
1777890356.3853323,0.0,-2.0,-72.0
1777890356.3953323,-1.0,-3.0,-73.0
1777890356.4053323,0.0,0.0,-67.0
1777890356.4153323,-2.0,-4.0,-72.0
1777890356.4253323,-2.0,-8.0,-68.0
1777890356.4353323,-4.0,-3.0,-72.0
1777890356.4453323,0.0,-5.0,-68.0
1777890356.4553325,2.0,-1.0,-64.0
1777890356.4653325,3.0,-2.0,-64.0
1777890356.4753325,-1.0,0.0,-64.0
1777890356.4853325,-1.0,-1.0,-65.0
1777890356.4953325,1.0,-3.0,-71.0
1777890356.5053325,0.0,-1.0,-74.0
1777890356.5153325,4.0,-3.0,-78.0
1777890356.5253325,2.0,-5.0,-74.0
1777890356.5353324,4.0,-1.0,-64.0
1777890356.5453324,1.0,0.0,-63.0
1777890356.5553324,0.0,0.0,-68.0
1777890356.5653324,-2.0,-2.0,-69.0
1777890356.5753324,-1.0,-2.0,-71.0
1777890356.5853324,-5.0,-4.0,-67.0
1777890356.5953324,-7.0,-5.0,-62.0
1777890356.6053324,-5.0,-7.0,-61.0
1777890356.6153324,-4.0,-9.0,-64.0
1777890356.6253324,1.0,-7.0,-63.0
1777890356.6353323,-1.0,-5.0,-71.0
1777890356.6453323,-6.0,-8.0,-76.0
1777890356.6553323,-7.0,-11.0,-68.0
1777890356.6653323,0.0,-13.0,-78.0
1777890356.6753323,0.0,-9.0,-71.0
1777890356.6853323,0.0,-8.0,-71.0
1777890356.6953323,0.0,-6.0,-72.0
1777890356.7053325,0.0,-4.0,-79.0
1777890356.7153325,-1.0,-4.0,-76.0
1777890356.7253325,-2.0,-4.0,-73.0
1777890356.7353325,-6.0,-5.0,-75.0
1777890356.7453325,-1.0,-4.0,-69.0
1777890356.7553325,2.0,-1.0,-77.0
1777890356.7653325,-4.0,-2.0,-83.0
1777890356.7753325,-7.0,2.0,-86.0
1777890356.7853324,-5.0,3.0,-81.0
1777890356.7953324,-1.0,5.0,-87.0
1777890356.8053324,0.0,4.0,-79.0
1777890356.8153324,2.0,0.0,-67.0
1777890356.8253324,1.0,-1.0,-68.0
1777890356.8353324,-1.0,-1.0,-68.0
1777890356.8453324,0.0,0.0,-64.0
1777890356.8553324,2.0,2.0,-62.0
1777890356.8653324,2.0,6.0,-66.0
1777890356.8753324,3.0,4.0,-75.0
1777890356.8853323,0.0,4.0,-68.0
1777890356.8953323,1.0,3.0,-69.0
1777890356.9053323,2.0,1.0,-70.0
1777890356.9153323,0.0,1.0,-69.0
1777890356.9253323,-1.0,4.0,-69.0
1777890356.9353323,4.0,3.0,-67.0
1777890356.9453323,5.0,3.0,-69.0
1777890356.9553325,4.0,3.0,-70.0
1777890356.9653325,8.0,1.0,-70.0
1777890356.9753325,13.0,0.0,-74.0
1777890356.9853325,11.0,0.0,-74.0
1777890356.9953325,7.0,-1.0,-72.0
1777890357.0053325,3.0,0.0,-75.0
1777890357.0153325,6.0,0.0,-70.0
1777890357.0253325,5.0,-2.0,-72.0
1777890357.0353324,4.0,2.0,-72.0
1777890357.0453324,5.0,-2.0,-73.0
1777890357.0553324,0.0,-3.0,-74.0
1777890357.0653324,-2.0,-4.0,-73.0
1777890357.0753324,1.0,-3.0,-80.0
1777890357.0853324,4.0,-5.0,-80.0
1777890357.0953324,3.0,-3.0,-81.0
1777890357.1053324,1.0,-3.0,-77.0
1777890357.1153324,-1.0,-4.0,-69.0
1777890357.1253324,-5.0,0.0,-70.0
1777890357.1353323,-2.0,-3.0,-71.0
1777890357.1453323,1.0,0.0,-71.0
1777890357.1553323,1.0,0.0,-76.0
1777890357.1653323,2.0,0.0,-71.0
1777890357.1753323,4.0,0.0,-69.0
1777890357.1853323,1.0,-2.0,-72.0
1777890357.1953323,0.0,-2.0,-71.0
1777890357.2053325,1.0,-6.0,-71.0
1777890357.2153325,3.0,0.0,-78.0
1777890357.2253325,8.0,0.0,-83.0
1777890357.2353325,7.0,0.0,-85.0
1777890357.2453325,9.0,-7.0,-81.0
1777890357.2553325,9.0,-7.0,-78.0
1777890357.2653325,12.0,-7.0,-78.0
1777890357.2753325,9.0,-3.0,-74.0
1777890357.2853324,7.0,-4.0,-76.0
1777890357.2953324,9.0,2.0,-78.0
1777890357.3053324,2.0,6.0,-74.0
1777890357.3153324,0.0,4.0,-68.0
1777890357.3253324,-2.0,4.0,-67.0
1777890357.3363323,-5.0,5.0,-68.0
1777890357.3463323,-6.0,1.0,-70.0
1777890357.3563323,1.0,-1.0,-74.0
1777890357.3663323,4.0,-5.0,-78.0
1777890357.3763323,3.0,-6.0,-74.0
1777890357.3863325,4.0,-3.0,-67.0
1777890357.3963325,7.0,-3.0,-72.0
1777890357.4063325,5.0,-5.0,-74.0
1777890357.4163325,6.0,-4.0,-80.0
1777890357.4263325,8.0,-5.0,-81.0
1777890357.4363325,7.0,-6.0,-81.0
1777890357.4463325,2.0,-8.0,-81.0
1777890357.4563324,-3.0,-5.0,-76.0
1777890357.4663324,-5.0,-4.0,-78.0
1777890357.4763324,-1.0,-8.0,-76.0
1777890357.4863324,2.0,-8.0,-80.0
1777890357.4963324,0.0,-9.0,-77.0
1777890357.5063324,0.0,-3.0,-80.0
1777890357.5163324,6.0,0.0,-77.0
1777890357.5263324,9.0,-1.0,-75.0
1777890357.5363324,5.0,-4.0,-76.0
1777890357.5463324,6.0,-3.0,-72.0
1777890357.5563323,8.0,0.0,-76.0
1777890357.5663323,9.0,0.0,-75.0
1777890357.5763323,9.0,0.0,-80.0
1777890357.5863323,3.0,-1.0,-79.0
1777890357.5963323,0.0,-5.0,-76.0
1777890357.6063323,1.0,-6.0,-73.0
1777890357.6163323,2.0,-6.0,-82.0
1777890357.6263323,3.0,-1.0,-84.0
1777890357.6363325,1.0,-1.0,-85.0
1777890357.6463325,-1.0,-4.0,-73.0
1777890357.6563325,0.0,-2.0,-71.0
1777890357.6663325,2.0,-1.0,-68.0
1777890357.6763325,1.0,-2.0,-70.0
1777890357.6873324,4.0,-2.0,-69.0
1777890357.6963325,0.0,-4.0,-63.0
1777890357.7063324,-4.0,1.0,-68.0
1777890357.7163324,-4.0,3.0,-72.0
1777890357.7263324,-2.0,3.0,-80.0
1777890357.7363324,0.0,0.0,-84.0
1777890357.7463324,-1.0,1.0,-82.0
1777890357.7563324,3.0,2.0,-79.0
1777890357.7663324,4.0,1.0,-76.0
1777890357.7763324,2.0,-1.0,-81.0
1777890357.7863324,-6.0,1.0,-81.0
1777890357.7963324,-8.0,0.0,-77.0
1777890357.8063323,-4.0,0.0,-74.0
1777890357.8163323,-5.0,-1.0,-74.0
1777890357.8263323,3.0,-1.0,-72.0
1777890357.8363323,6.0,-5.0,-70.0
1777890357.8463323,9.0,-2.0,-67.0
1777890357.8563323,8.0,-1.0,-64.0
1777890357.8663323,5.0,1.0,-68.0
1777890357.8763323,3.0,-1.0,-74.0
1777890357.8863325,6.0,-1.0,-72.0
1777890357.8963325,5.0,0.0,-69.0
1777890357.9063325,0.0,-2.0,-66.0
1777890357.9163325,0.0,-2.0,-66.0
1777890357.9263325,-2.0,0.0,-68.0
1777890357.9363325,-2.0,-8.0,-72.0
1777890357.9463325,-2.0,-10.0,-76.0
1777890357.9563324,0.0,-9.0,-74.0
1777890357.9663324,0.0,-6.0,-71.0
1777890357.9763324,5.0,-6.0,-69.0
1777890357.9863324,8.0,-1.0,-73.0
1777890357.9963324,9.0,0.0,-67.0
1777890358.0063324,7.0,6.0,-60.0
1777890358.0163324,0.0,3.0,-65.0
1777890358.0263324,-2.0,5.0,-66.0
1777890358.0363324,-1.0,3.0,-76.0
1777890358.0463324,0.0,0.0,-75.0
1777890358.0563323,4.0,0.0,-78.0
1777890358.0663323,4.0,0.0,-87.0
1777890358.0763323,8.0,-1.0,-85.0
1777890358.0863323,7.0,1.0,-85.0
1777890358.0963323,2.0,3.0,-87.0
1777890358.1063323,0.0,4.0,-83.0
1777890358.1163323,0.0,3.0,-84.0
1777890358.1263323,1.0,3.0,-83.0
1777890358.1363325,0.0,5.0,-80.0
1777890358.1463325,1.0,1.0,-79.0
1777890358.1563325,2.0,0.0,-74.0
1777890358.1663325,0.0,-2.0,-76.0
1777890358.1763325,-3.0,-4.0,-72.0
1777890358.1863325,-1.0,-6.0,-78.0
1777890358.1963325,0.0,-3.0,-76.0
1777890358.2063324,0.0,-5.0,-80.0
1777890358.2163324,1.0,-5.0,-84.0
1777890358.2263324,1.0,-4.0,-85.0
1777890358.2363324,3.0,0.0,-74.0
1777890358.2463324,7.0,-1.0,-68.0
1777890358.2563324,6.0,-5.0,-67.0
1777890358.2663324,2.0,-7.0,-77.0
1777890358.2763324,1.0,-5.0,-74.0
1777890358.2863324,-1.0,-4.0,-67.0
1777890358.2963324,-1.0,-5.0,-68.0
1777890358.3063323,0.0,-2.0,-63.0
1777890358.3163323,5.0,0.0,-62.0
1777890358.3263323,7.0,-1.0,-69.0
1777890358.3363323,5.0,-1.0,-73.0
1777890358.3463323,3.0,0.0,-75.0
1777890358.3563323,0.0,0.0,-71.0
1777890358.3663323,-1.0,0.0,-70.0
1777890358.3763323,2.0,3.0,-77.0
1777890358.3863325,0.0,5.0,-76.0
1777890358.3963325,2.0,3.0,-72.0
1777890358.4063325,2.0,0.0,-71.0
1777890358.4163325,-1.0,1.0,-70.0
1777890358.4263325,-3.0,-2.0,-71.0
1777890358.4363325,-3.0,-2.0,-70.0
1777890358.4463325,-6.0,-2.0,-72.0
1777890358.4563324,-5.0,-1.0,-76.0
1777890358.4663324,-1.0,0.0,-78.0
1777890358.4763324,-1.0,-2.0,-77.0
1777890358.4863324,-4.0,-5.0,-76.0
1777890358.4963324,-3.0,-4.0,-85.0
1777890358.5063324,-3.0,-3.0,-89.0
1777890358.5163324,1.0,-6.0,-90.0
1777890358.5263324,2.0,-4.0,-90.0
1777890358.5363324,3.0,-5.0,-85.0
1777890358.5463324,4.0,-4.0,-89.0
1777890358.5563323,1.0,-5.0,-83.0
1777890358.5663323,-1.0,-4.0,-80.0
1777890358.5763323,-3.0,-1.0,-80.0
1777890358.5863323,-1.0,3.0,-82.0
1777890358.5963323,0.0,6.0,-78.0
1777890358.6063323,2.0,5.0,-78.0
1777890358.6163323,2.0,3.0,-79.0
1777890358.6263323,6.0,3.0,-81.0
1777890358.6363325,6.0,-3.0,-74.0
1777890358.6463325,7.0,-3.0,-69.0
1777890358.6563325,6.0,-4.0,-69.0
1777890358.6663325,8.0,-2.0,-70.0
1777890358.6763325,9.0,-5.0,-76.0
1777890358.6863325,6.0,-3.0,-71.0
1777890358.6963325,4.0,0.0,-68.0
1777890358.7063324,7.0,-3.0,-73.0
1777890358.7163324,4.0,0.0,-73.0
1777890358.7263324,1.0,2.0,-70.0
1777890358.7363324,3.0,-2.0,-71.0
1777890358.7463324,3.0,-2.0,-61.0
1777890358.7563324,2.0,-2.0,-64.0
1777890358.7663324,4.0,2.0,-62.0
1777890358.7763324,-1.0,4.0,-59.0
1777890358.7863324,-3.0,3.0,-62.0
1777890358.7963324,-1.0,1.0,-63.0
1777890358.8063323,0.0,-2.0,-63.0
1777890358.8163323,0.0,-3.0,-67.0
1777890358.8263323,0.0,-6.0,-63.0
1777890358.8363323,2.0,-8.0,-68.0
1777890358.8463323,6.0,-4.0,-70.0
1777890358.8563323,2.0,-1.0,-72.0
1777890358.8663323,2.0,2.0,-70.0
1777890358.8763323,0.0,-1.0,-71.0
1777890358.8863325,-5.0,-3.0,-71.0
1777890358.8963325,4.0,-5.0,-72.0
1777890358.9063325,6.0,-4.0,-74.0
1777890358.9163325,4.0,-4.0,-71.0
1777890358.9263325,2.0,-5.0,-72.0
1777890358.9363325,3.0,-3.0,-73.0
1777890358.9463325,7.0,-4.0,-76.0
1777890358.9563324,6.0,-8.0,-75.0
1777890358.9663324,5.0,-6.0,-74.0
1777890358.9763324,3.0,-9.0,-76.0
1777890358.9863324,2.0,-6.0,-69.0
1777890358.9963324,4.0,-4.0,-65.0
1777890359.0063324,3.0,-1.0,-64.0
1777890359.0163324,1.0,0.0,-68.0
1777890359.0263324,0.0,-2.0,-70.0
1777890359.0363324,-1.0,-1.0,-67.0
1777890359.0463324,0.0,2.0,-71.0
1777890359.0563323,-1.0,3.0,-80.0
1777890359.0663323,-5.0,-3.0,-80.0
1777890359.0763323,1.0,-3.0,-85.0
1777890359.0863323,3.0,-4.0,-90.0
1777890359.0963323,-2.0,-8.0,-89.0
1777890359.1063323,-5.0,-8.0,-84.0
1777890359.1163323,-2.0,-11.0,-79.0
1777890359.1263323,-3.0,-8.0,-80.0
1777890359.1363325,0.0,-9.0,-77.0
1777890359.1463325,-2.0,-7.0,-70.0
1777890359.1563325,-2.0,-3.0,-73.0
1777890359.1663325,-1.0,-5.0,-68.0
1777890359.1763325,0.0,-6.0,-62.0
1777890359.1863325,0.0,-8.0,-67.0
1777890359.1963325,-6.0,-7.0,-63.0
1777890359.2063324,-4.0,-4.0,-61.0
1777890359.2163324,-2.0,0.0,-61.0
1777890359.2263324,0.0,0.0,-65.0
1777890359.2363324,1.0,3.0,-68.0
1777890359.2463324,1.0,3.0,-70.0
1777890359.2563324,5.0,0.0,-74.0
1777890359.2663324,3.0,0.0,-71.0
1777890359.2763324,2.0,4.0,-77.0
1777890359.2863324,1.0,1.0,-74.0
1777890359.2963324,5.0,0.0,-77.0
1777890359.3063323,7.0,-2.0,-72.0
1777890359.3163323,8.0,-2.0,-85.0
1777890359.3273325,7.0,-5.0,-88.0
1777890359.3373325,2.0,2.0,-87.0
1777890359.3473325,3.0,0.0,-82.0
1777890359.3573325,0.0,1.0,-79.0
1777890359.3673325,0.0,-2.0,-72.0
1777890359.3773324,-3.0,0.0,-73.0
1777890359.3873324,-1.0,0.0,-77.0
1777890359.3973324,-1.0,0.0,-83.0
1777890359.4073324,-1.0,-1.0,-79.0
1777890359.4173324,-1.0,-1.0,-76.0
1777890359.4273324,0.0,-4.0,-65.0
1777890359.4373324,-1.0,-5.0,-69.0
1777890359.4473324,-3.0,-3.0,-70.0
1777890359.4573324,-5.0,-7.0,-68.0
1777890359.4673324,-2.0,-5.0,-66.0
1777890359.4773324,-1.0,-3.0,-69.0
1777890359.4873323,2.0,-1.0,-71.0
1777890359.4973323,1.0,1.0,-71.0
1777890359.5073323,1.0,-1.0,-67.0
1777890359.5173323,0.0,-2.0,-70.0
1777890359.5273323,1.0,-2.0,-67.0
1777890359.5373323,0.0,1.0,-72.0
1777890359.5473323,0.0,1.0,-70.0
1777890359.5573325,-3.0,-4.0,-71.0
1777890359.5673325,-4.0,-5.0,-69.0
1777890359.5773325,0.0,-1.0,-79.0
1777890359.5873325,3.0,3.0,-81.0
1777890359.5973325,3.0,2.0,-78.0
1777890359.6073325,0.0,4.0,-81.0
1777890359.6173325,-2.0,2.0,-75.0
1777890359.6273324,-2.0,3.0,-76.0
1777890359.6373324,-1.0,1.0,-75.0
1777890359.6473324,0.0,-1.0,-76.0
1777890359.6573324,0.0,-2.0,-74.0
1777890359.6673324,-1.0,-4.0,-73.0
1777890359.6773324,-1.0,-3.0,-80.0
1777890359.6873324,-4.0,-7.0,-86.0
1777890359.6973324,-6.0,-15.0,-82.0
1777890359.7073324,-4.0,-13.0,-77.0
1777890359.7173324,-4.0,-11.0,-84.0
1777890359.7273324,1.0,-11.0,-80.0
1777890359.7373323,-5.0,-13.0,-79.0
1777890359.7473323,0.0,-8.0,-78.0
1777890359.7573323,4.0,-6.0,-81.0
1777890359.7673323,8.0,-6.0,-89.0
1777890359.7773323,12.0,-5.0,-84.0
1777890359.7873323,11.0,-4.0,-78.0
1777890359.7973323,9.0,-2.0,-69.0
1777890359.8073325,5.0,-3.0,-70.0
1777890359.8173325,-2.0,-2.0,-78.0
1777890359.8273325,-1.0,-1.0,-76.0
1777890359.8373325,-3.0,0.0,-73.0
1777890359.8473325,0.0,1.0,-72.0
1777890359.8573325,1.0,2.0,-68.0
1777890359.8673325,0.0,5.0,-67.0
1777890359.8773324,0.0,2.0,-71.0
1777890359.8873324,0.0,1.0,-71.0
1777890359.8973324,0.0,3.0,-74.0
1777890359.9073324,2.0,3.0,-73.0
1777890359.9173324,5.0,3.0,-72.0
1777890359.9273324,4.0,3.0,-70.0
1777890359.9373324,6.0,0.0,-78.0
1777890359.9473324,3.0,-1.0,-72.0
1777890359.9573324,4.0,-1.0,-79.0
1777890359.9673324,6.0,-2.0,-84.0
1777890359.9773324,5.0,0.0,-85.0
1777890359.9873323,8.0,0.0,-76.0
1777890359.9973323,7.0,-5.0,-73.0
1777890360.0073323,6.0,-5.0,-76.0
1777890360.0173323,8.0,-1.0,-77.0
1777890360.0273323,8.0,-1.0,-70.0
1777890360.0373323,5.0,-2.0,-72.0
1777890360.0473323,4.0,-2.0,-69.0
1777890360.0573325,1.0,1.0,-77.0
1777890360.0673325,3.0,0.0,-79.0
1777890360.0773325,4.0,0.0,-83.0
1777890360.0873325,2.0,0.0,-81.0
1777890360.0973325,-2.0,1.0,-83.0
1777890360.1073325,0.0,3.0,-82.0
1777890360.1173325,2.0,-1.0,-86.0
1777890360.1273324,1.0,-3.0,-79.0
1777890360.1373324,-2.0,-1.0,-78.0
1777890360.1473324,-3.0,0.0,-78.0
1777890360.1573324,-1.0,6.0,-76.0
1777890360.1673324,-2.0,10.0,-75.0
1777890360.1773324,-2.0,5.0,-79.0
1777890360.1873324,-1.0,-1.0,-84.0
1777890360.1973324,-4.0,-3.0,-85.0
1777890360.2073324,-3.0,-5.0,-80.0
1777890360.2173324,-3.0,-5.0,-80.0
1777890360.2273324,-1.0,-3.0,-68.0
1777890360.2373323,0.0,-2.0,-72.0
1777890360.2473323,1.0,-2.0,-70.0
1777890360.2573323,3.0,0.0,-73.0
1777890360.2673323,1.0,-5.0,-71.0
1777890360.2773323,1.0,-7.0,-66.0
1777890360.2873323,4.0,-10.0,-63.0
1777890360.2973323,5.0,-5.0,-65.0
1777890360.3073325,6.0,-6.0,-69.0
1777890360.3173325,6.0,-5.0,-64.0
1777890360.3273325,6.0,-1.0,-69.0
1777890360.3373325,7.0,2.0,-75.0
1777890360.3473325,4.0,3.0,-81.0
1777890360.3573325,3.0,-2.0,-76.0
1777890360.3673325,-2.0,-1.0,-73.0
1777890360.3773324,0.0,0.0,-79.0
1777890360.3873324,-4.0,-3.0,-74.0
1777890360.3973324,-2.0,1.0,-73.0
1777890360.4073324,-2.0,0.0,-75.0
1777890360.4173324,0.0,-3.0,-75.0
1777890360.4273324,-1.0,-5.0,-69.0
1777890360.4373324,-3.0,-4.0,-70.0
1777890360.4473324,-2.0,-3.0,-72.0
1777890360.4573324,0.0,0.0,-77.0
1777890360.4673324,-5.0,-2.0,-79.0
1777890360.4773324,-6.0,-8.0,-73.0
1777890360.4873323,-8.0,-9.0,-67.0
1777890360.4973323,-8.0,-7.0,-66.0
1777890360.5073323,-7.0,-4.0,-69.0
1777890360.5173323,-3.0,-4.0,-65.0
1777890360.5273323,-3.0,-1.0,-71.0
1777890360.5373323,-10.0,4.0,-70.0
1777890360.5473323,-10.0,7.0,-68.0
1777890360.5573325,-5.0,5.0,-61.0
1777890360.5673325,-3.0,2.0,-60.0
1777890360.5773325,-2.0,4.0,-67.0
1777890360.5873325,-2.0,5.0,-72.0
1777890360.5973325,-4.0,3.0,-77.0
1777890360.6073325,0.0,2.0,-81.0
1777890360.6173325,0.0,3.0,-79.0
1777890360.6273324,3.0,2.0,-79.0
1777890360.6373324,4.0,3.0,-79.0
1777890360.6473324,6.0,0.0,-78.0
1777890360.6573324,2.0,-1.0,-74.0
1777890360.6673324,2.0,0.0,-75.0
1777890360.6773324,0.0,-1.0,-76.0
1777890360.6873324,0.0,-2.0,-77.0
1777890360.6973324,1.0,-1.0,-77.0
1777890360.7073324,5.0,-1.0,-73.0
1777890360.7173324,5.0,-1.0,-75.0
1777890360.7273324,7.0,-3.0,-70.0
1777890360.7373323,6.0,-2.0,-73.0
1777890360.7473323,5.0,0.0,-70.0
1777890360.7573323,5.0,0.0,-74.0
1777890360.7673323,5.0,-2.0,-73.0
1777890360.7773323,6.0,-2.0,-74.0
1777890360.7873323,3.0,-1.0,-76.0
1777890360.7973323,-2.0,-3.0,-73.0
1777890360.8073325,-3.0,-3.0,-71.0
1777890360.8173325,-6.0,-2.0,-79.0
1777890360.8273325,-2.0,-3.0,-74.0
1777890360.8373325,-1.0,-3.0,-78.0
1777890360.8473325,0.0,-1.0,-72.0
1777890360.8573325,0.0,-4.0,-75.0
1777890360.8673325,-2.0,-4.0,-72.0
1777890360.8773324,0.0,-2.0,-71.0
1777890360.8873324,1.0,-4.0,-75.0
1777890360.8973324,2.0,-4.0,-78.0
1777890360.9073324,1.0,0.0,-76.0
1777890360.9173324,-2.0,0.0,-79.0
1777890360.9273324,0.0,0.0,-78.0
1777890360.9373324,0.0,-2.0,-84.0
1777890360.9473324,3.0,-1.0,-85.0
1777890360.9573324,7.0,-4.0,-76.0
1777890360.9673324,5.0,-5.0,-71.0
1777890360.9773324,8.0,-4.0,-79.0
1777890360.9873323,5.0,-7.0,-80.0
1777890360.9973323,4.0,-4.0,-83.0
1777890361.0073323,7.0,-2.0,-86.0
1777890361.0173323,5.0,0.0,-84.0
1777890361.0273323,0.0,0.0,-76.0
1777890361.0373323,5.0,0.0,-71.0
1777890361.0473323,3.0,0.0,-64.0
1777890361.0573325,-4.0,1.0,-70.0
1777890361.0673325,-3.0,-1.0,-78.0
1777890361.0773325,-3.0,-1.0,-81.0
1777890361.0873325,-5.0,3.0,-86.0
1777890361.0973325,-6.0,4.0,-87.0
1777890361.1073325,-4.0,5.0,-81.0
1777890361.1173325,3.0,3.0,-78.0
1777890361.1273324,7.0,3.0,-76.0
1777890361.1373324,9.0,0.0,-75.0
1777890361.1473324,9.0,0.0,-72.0
1777890361.1573324,10.0,0.0,-70.0
1777890361.1673324,13.0,1.0,-70.0
1777890361.1773324,10.0,2.0,-76.0
1777890361.1873324,1.0,5.0,-78.0
1777890361.1973324,0.0,3.0,-74.0
1777890361.2073324,-4.0,0.0,-75.0
1777890361.2173324,-1.0,0.0,-68.0
1777890361.2273324,0.0,0.0,-70.0
1777890361.2373323,0.0,-1.0,-60.0
1777890361.2473323,0.0,1.0,-66.0
1777890361.2573323,0.0,1.0,-70.0
1777890361.2673323,0.0,-1.0,-72.0
1777890361.2773323,-1.0,-4.0,-70.0
1777890361.2883325,-3.0,-5.0,-73.0
1777890361.2973323,-1.0,-5.0,-77.0
1777890361.3073325,-3.0,-1.0,-76.0
1777890361.3183324,0.0,-1.0,-71.0
1777890361.3283324,-1.0,-4.0,-74.0
1777890361.3383324,0.0,-3.0,-75.0
1777890361.3483324,-1.0,-5.0,-75.0
1777890361.3583324,-3.0,-5.0,-68.0
1777890361.3683324,-6.0,1.0,-66.0
1777890361.3783324,-5.0,-1.0,-69.0
1777890361.3883324,-6.0,0.0,-76.0
1777890361.3983324,-4.0,0.0,-69.0
1777890361.4083323,-7.0,0.0,-70.0
1777890361.4183323,-7.0,1.0,-73.0
1777890361.4283323,-3.0,0.0,-76.0
1777890361.4383323,-2.0,-4.0,-74.0
1777890361.4483323,0.0,0.0,-67.0
1777890361.4583323,0.0,-1.0,-70.0
1777890361.4683323,0.0,-2.0,-74.0
1777890361.4783323,2.0,-1.0,-72.0
1777890361.4883325,5.0,0.0,-73.0
1777890361.4983325,2.0,0.0,-73.0
1777890361.5083325,2.0,0.0,-72.0
1777890361.5183325,6.0,2.0,-69.0
1777890361.5283325,0.0,2.0,-63.0
1777890361.5383325,-2.0,8.0,-69.0
1777890361.5483325,-1.0,4.0,-73.0
1777890361.5583324,-1.0,3.0,-73.0
1777890361.5683324,0.0,2.0,-74.0
1777890361.5783324,0.0,1.0,-74.0
1777890361.5883324,-2.0,-1.0,-74.0
1777890361.5983324,-3.0,-2.0,-70.0
1777890361.6083324,-5.0,0.0,-71.0
1777890361.6183324,-6.0,0.0,-70.0
1777890361.6283324,0.0,0.0,-70.0
1777890361.6383324,2.0,0.0,-70.0
1777890361.6483324,3.0,3.0,-71.0
1777890361.6583323,6.0,-1.0,-72.0
1777890361.6683323,2.0,-3.0,-75.0
1777890361.6783323,0.0,-7.0,-73.0
1777890361.6883323,-1.0,-8.0,-75.0
1777890361.6983323,0.0,-4.0,-76.0
1777890361.7083323,3.0,-2.0,-74.0
1777890361.7183323,5.0,-2.0,-72.0
1777890361.7283323,6.0,-1.0,-59.0
1777890361.7383325,7.0,0.0,-62.0
1777890361.7483325,11.0,-1.0,-63.0
1777890361.7583325,13.0,0.0,-63.0
1777890361.7683325,16.0,1.0,-63.0
1777890361.7783325,6.0,5.0,-63.0
1777890361.7883325,4.0,1.0,-69.0
1777890361.7983325,2.0,-1.0,-72.0
1777890361.8083324,3.0,-3.0,-69.0
1777890361.8183324,0.0,-2.0,-68.0
1777890361.8283324,0.0,0.0,-68.0
1777890361.8383324,2.0,1.0,-67.0
1777890361.8483324,4.0,0.0,-71.0
1777890361.8583324,4.0,1.0,-71.0
1777890361.8683324,3.0,-4.0,-75.0
1777890361.8783324,5.0,-1.0,-78.0
1777890361.8883324,5.0,-1.0,-79.0
1777890361.8983324,5.0,0.0,-82.0
1777890361.9083323,3.0,3.0,-83.0
1777890361.9183323,3.0,2.0,-70.0
1777890361.9283323,4.0,5.0,-65.0
1777890361.9383323,1.0,6.0,-63.0
1777890361.9483323,1.0,5.0,-68.0
1777890361.9583323,-2.0,6.0,-69.0
1777890361.9683323,2.0,9.0,-70.0
1777890361.9783323,2.0,12.0,-67.0
1777890361.9883325,2.0,14.0,-70.0
1777890361.9983325,-1.0,13.0,-73.0
1777890362.0083325,2.0,7.0,-76.0
1777890362.0183325,-4.0,-1.0,-73.0
1777890362.0283325,-3.0,-5.0,-77.0
1777890362.0383325,0.0,-3.0,-78.0
1777890362.0483325,-3.0,1.0,-77.0
1777890362.0583324,0.0,0.0,-75.0
1777890362.0683324,-1.0,0.0,-79.0
1777890362.0783324,0.0,0.0,-78.0
1777890362.0883324,0.0,0.0,-76.0
1777890362.0983324,-1.0,3.0,-80.0
1777890362.1083324,-1.0,3.0,-83.0
1777890362.1183324,1.0,2.0,-76.0
1777890362.1283324,0.0,1.0,-74.0
1777890362.1383324,3.0,-1.0,-76.0
1777890362.1483324,2.0,-1.0,-81.0
1777890362.1583323,-1.0,-7.0,-84.0
1777890362.1683323,-3.0,-6.0,-80.0
1777890362.1783323,-1.0,-8.0,-78.0
1777890362.1883323,-2.0,-10.0,-79.0
1777890362.1983323,-3.0,-4.0,-82.0
1777890362.2083323,-3.0,-5.0,-82.0
1777890362.2183323,-1.0,-3.0,-89.0
1777890362.2283323,0.0,-3.0,-88.0
1777890362.2383325,0.0,-4.0,-88.0
1777890362.2483325,-4.0,-2.0,-83.0
1777890362.2583325,-4.0,1.0,-79.0
1777890362.2683325,-8.0,0.0,-81.0
1777890362.2783325,-6.0,0.0,-78.0
1777890362.2883325,-3.0,-7.0,-74.0
1777890362.2983325,0.0,-2.0,-73.0
1777890362.3083324,1.0,-4.0,-77.0
1777890362.3183324,4.0,-7.0,-76.0
1777890362.3283324,9.0,-7.0,-78.0
1777890362.3383324,10.0,-5.0,-81.0
1777890362.3483324,10.0,-4.0,-83.0
1777890362.3583324,10.0,-5.0,-83.0
1777890362.3683324,13.0,-5.0,-77.0
1777890362.3783324,9.0,-6.0,-70.0
1777890362.3883324,13.0,-1.0,-76.0
1777890362.3983324,10.0,0.0,-80.0
1777890362.4083323,7.0,2.0,-74.0
1777890362.4183323,12.0,4.0,-68.0
1777890362.4283323,17.0,3.0,-65.0
1777890362.4383323,16.0,0.0,-68.0
1777890362.4483323,12.0,-1.0,-67.0
1777890362.4583323,6.0,-1.0,-64.0
1777890362.4683323,5.0,0.0,-65.0
1777890362.4783323,2.0,2.0,-67.0
1777890362.4883325,-3.0,0.0,-65.0
1777890362.4983325,-3.0,-1.0,-69.0
1777890362.5083325,0.0,-4.0,-74.0
1777890362.5183325,1.0,-3.0,-79.0
1777890362.5283325,1.0,0.0,-80.0
1777890362.5383325,0.0,0.0,-75.0
1777890362.5483325,0.0,0.0,-68.0
1777890362.5583324,1.0,0.0,-65.0
1777890362.5683324,4.0,-2.0,-64.0
1777890362.5783324,3.0,-6.0,-67.0
1777890362.5883324,4.0,0.0,-74.0
1777890362.5983324,7.0,2.0,-76.0
1777890362.6083324,6.0,2.0,-79.0
1777890362.6183324,5.0,3.0,-79.0
1777890362.6283324,4.0,1.0,-84.0
1777890362.6383324,4.0,0.0,-83.0
1777890362.6483324,2.0,-3.0,-86.0
1777890362.6583323,0.0,-2.0,-84.0
1777890362.6683323,2.0,0.0,-82.0
1777890362.6783323,5.0,0.0,-75.0
1777890362.6883323,4.0,1.0,-75.0
1777890362.6983323,0.0,-2.0,-76.0
1777890362.7083323,2.0,-3.0,-79.0
1777890362.7183323,4.0,-3.0,-81.0
1777890362.7283323,3.0,-1.0,-80.0
1777890362.7383325,-4.0,-1.0,-73.0
1777890362.7483325,-5.0,-5.0,-72.0
1777890362.7583325,-2.0,-9.0,-73.0
1777890362.7683325,3.0,-11.0,-66.0
1777890362.7783325,7.0,-12.0,-64.0
1777890362.7883325,10.0,-9.0,-63.0
1777890362.7983325,9.0,-4.0,-65.0
1777890362.8083324,5.0,-4.0,-63.0
1777890362.8183324,0.0,-2.0,-65.0
1777890362.8283324,-3.0,1.0,-70.0
1777890362.8383324,0.0,1.0,-72.0
1777890362.8483324,-3.0,3.0,-76.0
1777890362.8583324,-4.0,2.0,-79.0
1777890362.8683324,-3.0,2.0,-88.0
1777890362.8783324,-1.0,0.0,-78.0
1777890362.8883324,2.0,-2.0,-80.0
1777890362.8983324,0.0,0.0,-77.0
1777890362.9083323,0.0,3.0,-75.0
1777890362.9183323,-1.0,5.0,-72.0
1777890362.9283323,-3.0,2.0,-76.0
1777890362.9383323,2.0,1.0,-86.0
1777890362.9483323,1.0,-2.0,-86.0
1777890362.9583323,0.0,-5.0,-85.0
1777890362.9683323,4.0,-3.0,-79.0
1777890362.9783323,2.0,0.0,-73.0
1777890362.9883325,3.0,1.0,-74.0
1777890362.9983325,6.0,-4.0,-76.0
1777890363.0083325,3.0,-2.0,-78.0
1777890363.0183325,5.0,-2.0,-77.0
1777890363.0283325,3.0,-6.0,-81.0
1777890363.0383325,4.0,-4.0,-79.0
1777890363.0483325,1.0,-3.0,-82.0
1777890363.0583324,0.0,-1.0,-78.0
1777890363.0683324,0.0,0.0,-78.0
1777890363.0783324,-2.0,1.0,-71.0
1777890363.0883324,-2.0,-1.0,-69.0
1777890363.0983324,-2.0,-3.0,-64.0
1777890363.1083324,-1.0,-6.0,-67.0
1777890363.1183324,-2.0,0.0,-64.0
1777890363.1283324,0.0,-3.0,-60.0
1777890363.1383324,6.0,-1.0,-65.0
1777890363.1483324,7.0,0.0,-65.0
1777890363.1583323,4.0,2.0,-67.0
1777890363.1683323,0.0,0.0,-72.0
1777890363.1783323,-1.0,-1.0,-76.0
1777890363.1883323,-2.0,2.0,-83.0
1777890363.1983323,-2.0,0.0,-86.0
1777890363.2083323,0.0,0.0,-81.0
1777890363.2183323,4.0,3.0,-77.0
1777890363.2283323,5.0,0.0,-75.0
1777890363.2383325,10.0,1.0,-70.0
1777890363.2483325,12.0,0.0,-74.0
1777890363.2583325,7.0,0.0,-78.0
1777890363.2683325,5.0,3.0,-72.0
1777890363.2783325,0.0,-2.0,-71.0
1777890363.2883325,3.0,1.0,-73.0
1777890363.2983325,2.0,-3.0,-77.0
1777890363.3083324,2.0,-2.0,-77.0
1777890363.3193324,-2.0,-1.0,-83.0
1777890363.3293324,-2.0,0.0,-81.0
1777890363.3393323,-2.0,2.0,-79.0
1777890363.3493323,0.0,-1.0,-81.0
1777890363.3593323,-1.0,-3.0,-74.0
1777890363.3693323,-2.0,0.0,-72.0
1777890363.3793323,0.0,-3.0,-68.0
1777890363.3893323,5.0,-2.0,-70.0
1777890363.3993323,5.0,-1.0,-72.0
1777890363.4093325,4.0,0.0,-71.0
1777890363.4193325,4.0,3.0,-71.0
1777890363.4293325,7.0,4.0,-68.0
1777890363.4393325,5.0,1.0,-68.0
1777890363.4493325,6.0,2.0,-65.0
1777890363.4593325,7.0,0.0,-64.0
1777890363.4693325,6.0,0.0,-69.0
1777890363.4793324,2.0,0.0,-69.0
1777890363.4893324,-1.0,1.0,-70.0
1777890363.4993324,-1.0,1.0,-73.0
1777890363.5093324,-4.0,-4.0,-75.0
1777890363.5193324,0.0,-5.0,-78.0
1777890363.5303323,3.0,-5.0,-82.0
1777890363.5393324,4.0,-3.0,-80.0
1777890363.5493324,7.0,-4.0,-80.0
1777890363.5593324,6.0,-5.0,-76.0
1777890363.5693324,2.0,-5.0,-79.0
1777890363.5793324,5.0,-4.0,-75.0
1777890363.5893323,4.0,-8.0,-82.0
1777890363.5993323,3.0,-8.0,-89.0
1777890363.6093323,2.0,-8.0,-87.0
1777890363.6193323,3.0,-4.0,-84.0
1777890363.6293323,2.0,-4.0,-80.0
1777890363.6393323,1.0,-2.0,-75.0
1777890363.6493323,1.0,-6.0,-77.0
1777890363.6593325,1.0,-4.0,-82.0
1777890363.6693325,-2.0,-5.0,-74.0
1777890363.6793325,3.0,-5.0,-71.0
1777890363.6893325,2.0,-5.0,-69.0
1777890363.6993325,0.0,-6.0,-68.0
1777890363.7093325,2.0,-1.0,-72.0
1777890363.7193325,-3.0,-3.0,-72.0
1777890363.7293324,-7.0,-5.0,-74.0
1777890363.7393324,-4.0,-5.0,-77.0
1777890363.7493324,-4.0,-3.0,-77.0
1777890363.7593324,-2.0,2.0,-77.0
1777890363.7693324,-5.0,3.0,-78.0
1777890363.7793324,-2.0,5.0,-81.0
1777890363.7893324,-2.0,1.0,-84.0
1777890363.7993324,-5.0,4.0,-88.0
1777890363.8093324,-1.0,2.0,-93.0
1777890363.8193324,-2.0,3.0,-90.0
1777890363.8293324,0.0,5.0,-76.0
1777890363.8393323,-2.0,5.0,-67.0
1777890363.8493323,3.0,4.0,-74.0
1777890363.8593323,4.0,3.0,-76.0
1777890363.8693323,0.0,10.0,-83.0
1777890363.8793323,1.0,6.0,-80.0
1777890363.8893323,1.0,3.0,-82.0
1777890363.8993323,3.0,6.0,-77.0
1777890363.9093325,4.0,1.0,-76.0
1777890363.9193325,4.0,0.0,-74.0
1777890363.9293325,3.0,0.0,-72.0
1777890363.9393325,4.0,3.0,-70.0
1777890363.9493325,4.0,0.0,-70.0
1777890363.9593325,7.0,2.0,-70.0
1777890363.9693325,8.0,0.0,-79.0
1777890363.9793324,3.0,1.0,-86.0
1777890363.9893324,1.0,1.0,-86.0
1777890363.9993324,1.0,-4.0,-84.0
1777890364.0093324,0.0,-5.0,-80.0
1777890364.0193324,0.0,-5.0,-79.0
1777890364.0293324,4.0,0.0,-76.0
1777890364.0393324,3.0,0.0,-73.0
1777890364.0493324,4.0,5.0,-66.0
1777890364.0593324,2.0,1.0,-67.0
1777890364.0693324,0.0,0.0,-76.0
1777890364.0793324,0.0,2.0,-75.0
1777890364.0893323,3.0,4.0,-75.0
1777890364.0993323,2.0,0.0,-73.0
1777890364.1093323,1.0,0.0,-74.0
1777890364.1193323,0.0,2.0,-74.0
1777890364.1293323,-1.0,1.0,-79.0
1777890364.1393323,0.0,2.0,-81.0
1777890364.1493323,-1.0,2.0,-79.0
1777890364.1593325,0.0,3.0,-74.0
1777890364.1693325,-3.0,2.0,-80.0
1777890364.1793325,-6.0,2.0,-79.0
1777890364.1893325,-5.0,0.0,-75.0
1777890364.1993325,-8.0,4.0,-73.0
1777890364.2093325,-7.0,3.0,-73.0
1777890364.2193325,-6.0,1.0,-72.0
1777890364.2293324,-5.0,1.0,-72.0
1777890364.2393324,-4.0,3.0,-73.0
1777890364.2493324,-3.0,2.0,-74.0
1777890364.2593324,-7.0,-3.0,-74.0
1777890364.2693324,-8.0,-1.0,-72.0
1777890364.2793324,-8.0,-4.0,-83.0
1777890364.2893324,-9.0,-7.0,-79.0
1777890364.2993324,-9.0,-7.0,-76.0
1777890364.3093324,-7.0,-4.0,-82.0
1777890364.3193324,-8.0,-1.0,-79.0
1777890364.3293324,-7.0,-1.0,-78.0
1777890364.3393323,-2.0,-2.0,-72.0
1777890364.3493323,1.0,-1.0,-65.0
1777890364.3593323,3.0,2.0,-61.0
1777890364.3693323,2.0,6.0,-60.0
1777890364.3793323,0.0,8.0,-63.0
1777890364.3893323,0.0,7.0,-56.0
1777890364.3993323,2.0,4.0,-50.0
1777890364.4093325,5.0,0.0,-51.0
1777890364.4193325,5.0,1.0,-58.0
1777890364.4293325,5.0,3.0,-64.0
1777890364.4393325,5.0,3.0,-70.0
1777890364.4493325,0.0,2.0,-68.0
1777890364.4593325,-1.0,3.0,-70.0
1777890364.4693325,-2.0,8.0,-68.0
1777890364.4793324,-1.0,2.0,-73.0
1777890364.4893324,3.0,0.0,-72.0
1777890364.4993324,6.0,-2.0,-77.0
1777890364.5093324,1.0,-2.0,-84.0
1777890364.5193324,4.0,-5.0,-80.0
1777890364.5293324,6.0,-3.0,-70.0
1777890364.5393324,4.0,-1.0,-65.0
1777890364.5493324,2.0,0.0,-68.0
1777890364.5593324,-1.0,-1.0,-72.0
1777890364.5693324,0.0,-1.0,-72.0
1777890364.5793324,0.0,-3.0,-74.0
1777890364.5893323,1.0,-4.0,-79.0
1777890364.5993323,1.0,-2.0,-75.0
1777890364.6093323,0.0,-2.0,-72.0
1777890364.6193323,4.0,0.0,-71.0
1777890364.6293323,6.0,0.0,-69.0
1777890364.6393323,4.0,0.0,-77.0
1777890364.6493323,3.0,-3.0,-82.0
1777890364.6593325,0.0,-4.0,-80.0
1777890364.6693325,-2.0,-8.0,-78.0
1777890364.6793325,-4.0,-11.0,-78.0
1777890364.6893325,-6.0,-9.0,-83.0
1777890364.6993325,-5.0,-3.0,-84.0
1777890364.7093325,-1.0,1.0,-76.0
1777890364.7193325,-3.0,3.0,-77.0
1777890364.7293324,-4.0,2.0,-83.0
1777890364.7393324,-3.0,4.0,-90.0
1777890364.7493324,-1.0,2.0,-93.0
1777890364.7593324,-1.0,-1.0,-89.0
1777890364.7693324,2.0,-6.0,-83.0
1777890364.7793324,3.0,-7.0,-79.0
1777890364.7893324,2.0,-4.0,-79.0
1777890364.7993324,1.0,-3.0,-76.0
1777890364.8093324,0.0,-4.0,-65.0
1777890364.8193324,1.0,-8.0,-60.0
1777890364.8293324,1.0,-9.0,-64.0
1777890364.8393323,6.0,-6.0,-67.0
1777890364.8493323,1.0,-4.0,-57.0
1777890364.8593323,1.0,-1.0,-60.0
1777890364.8693323,7.0,-1.0,-61.0
1777890364.8793323,3.0,0.0,-60.0
1777890364.8893323,1.0,-2.0,-67.0
1777890364.8993323,3.0,-2.0,-74.0
1777890364.9093325,0.0,-2.0,-76.0
1777890364.9193325,0.0,0.0,-81.0
1777890364.9293325,1.0,2.0,-79.0
1777890364.9393325,3.0,2.0,-76.0
1777890364.9493325,2.0,1.0,-73.0
1777890364.9593325,0.0,1.0,-71.0
1777890364.9693325,0.0,5.0,-71.0
1777890364.9793324,-2.0,5.0,-72.0
1777890364.9893324,0.0,3.0,-75.0
1777890364.9993324,-4.0,0.0,-72.0
1777890365.0093324,-7.0,0.0,-73.0
1777890365.0193324,-4.0,2.0,-81.0
1777890365.0293324,-2.0,0.0,-79.0
1777890365.0393324,-3.0,0.0,-82.0
1777890365.0493324,-5.0,3.0,-79.0
1777890365.0593324,-3.0,7.0,-77.0
1777890365.0693324,0.0,8.0,-82.0
1777890365.0793324,0.0,8.0,-77.0
1777890365.0893323,-5.0,5.0,-74.0
1777890365.0993323,-2.0,4.0,-77.0
1777890365.1093323,1.0,4.0,-69.0
1777890365.1193323,1.0,0.0,-71.0
1777890365.1293323,1.0,0.0,-70.0
1777890365.1393323,2.0,0.0,-69.0
1777890365.1493323,2.0,0.0,-72.0
1777890365.1593325,0.0,0.0,-74.0
1777890365.1693325,0.0,-2.0,-79.0
1777890365.1793325,5.0,-1.0,-78.0
1777890365.1893325,8.0,-1.0,-80.0
1777890365.1993325,6.0,3.0,-78.0
1777890365.2093325,8.0,8.0,-80.0
1777890365.2193325,8.0,7.0,-70.0
1777890365.2293324,4.0,4.0,-75.0
1777890365.2393324,6.0,3.0,-70.0
1777890365.2503324,6.0,0.0,-72.0
1777890365.2603323,1.0,-5.0,-70.0
1777890365.2693324,0.0,-3.0,-75.0
1777890365.2803323,1.0,-2.0,-79.0
1777890365.2903323,2.0,-5.0,-79.0
1777890365.3003323,-4.0,-6.0,-83.0
1777890365.3103323,-7.0,-9.0,-89.0
1777890365.3203323,-4.0,-11.0,-77.0
1777890365.3303325,-1.0,-10.0,-71.0
1777890365.3403325,1.0,-5.0,-73.0
1777890365.3503325,-1.0,-5.0,-70.0
1777890365.3603325,0.0,0.0,-72.0
1777890365.3703325,-4.0,0.0,-67.0
1777890365.3803325,-5.0,0.0,-68.0
1777890365.3903325,-6.0,3.0,-74.0
1777890365.4003325,-4.0,2.0,-74.0
1777890365.4103324,-1.0,3.0,-75.0
1777890365.4203324,-4.0,3.0,-75.0
1777890365.4303324,-4.0,0.0,-79.0
1777890365.4403324,-6.0,3.0,-78.0
1777890365.4503324,-6.0,0.0,-80.0
1777890365.4603324,-2.0,3.0,-76.0
1777890365.4703324,-2.0,8.0,-78.0
1777890365.4803324,-1.0,4.0,-75.0
1777890365.4903324,2.0,2.0,-71.0
1777890365.5003324,5.0,0.0,-65.0
1777890365.5103323,5.0,-2.0,-79.0
1777890365.5203323,3.0,0.0,-81.0
1777890365.5303323,-2.0,0.0,-78.0
1777890365.5403323,0.0,0.0,-79.0
1777890365.5503323,-1.0,-1.0,-78.0
1777890365.5603323,0.0,1.0,-71.0
1777890365.5703323,-4.0,0.0,-76.0
1777890365.5803325,-6.0,0.0,-78.0
1777890365.5903325,-6.0,-2.0,-78.0
1777890365.6003325,-7.0,-1.0,-74.0
1777890365.6103325,-4.0,0.0,-80.0
1777890365.6203325,2.0,-2.0,-80.0
1777890365.6303325,3.0,-5.0,-84.0
1777890365.6403325,1.0,-6.0,-85.0
1777890365.6503325,2.0,-6.0,-88.0
1777890365.6603324,1.0,-2.0,-88.0
1777890365.6703324,4.0,-4.0,-88.0
1777890365.6803324,2.0,-7.0,-78.0
1777890365.6903324,2.0,-9.0,-73.0
1777890365.7003324,5.0,-8.0,-73.0
1777890365.7103324,7.0,-5.0,-78.0
1777890365.7203324,0.0,-5.0,-80.0
1777890365.7303324,1.0,-5.0,-77.0
1777890365.7403324,3.0,-3.0,-79.0
1777890365.7503324,-1.0,-1.0,-84.0
1777890365.7603323,-4.0,0.0,-83.0
1777890365.7703323,-2.0,0.0,-83.0
1777890365.7803323,0.0,1.0,-80.0
1777890365.7903323,-3.0,0.0,-79.0
1777890365.8003323,-2.0,1.0,-80.0
1777890365.8103323,-1.0,2.0,-82.0
1777890365.8203323,3.0,2.0,-81.0
1777890365.8303325,4.0,4.0,-78.0
1777890365.8403325,-3.0,4.0,-78.0
1777890365.8503325,0.0,1.0,-79.0
1777890365.8603325,3.0,0.0,-75.0
1777890365.8703325,6.0,-5.0,-74.0
1777890365.8803325,8.0,2.0,-67.0
1777890365.8903325,7.0,2.0,-63.0
1777890365.9003325,7.0,3.0,-63.0
1777890365.9103324,6.0,5.0,-63.0
1777890365.9203324,2.0,6.0,-66.0
1777890365.9303324,3.0,8.0,-73.0
1777890365.9403324,5.0,6.0,-74.0
1777890365.9503324,5.0,7.0,-74.0
1777890365.9603324,7.0,2.0,-69.0
1777890365.9703324,8.0,-4.0,-67.0
1777890365.9803324,10.0,-4.0,-71.0
1777890365.9903324,10.0,-2.0,-76.0
1777890366.0003324,11.0,-5.0,-78.0
1777890366.0103323,10.0,-5.0,-80.0
1777890366.0203323,6.0,-3.0,-75.0
1777890366.0303323,4.0,-8.0,-80.0
1777890366.0403323,6.0,-9.0,-78.0
1777890366.0503323,9.0,-6.0,-78.0
1777890366.0603323,14.0,-3.0,-77.0
1777890366.0703323,9.0,-5.0,-74.0
1777890366.0803325,6.0,-6.0,-77.0
1777890366.0903325,2.0,-6.0,-77.0
1777890366.1003325,0.0,-8.0,-78.0
1777890366.1103325,3.0,-6.0,-80.0
1777890366.1203325,2.0,-6.0,-82.0
1777890366.1303325,0.0,0.0,-81.0
1777890366.1403325,1.0,0.0,-83.0
1777890366.1503325,-1.0,3.0,-79.0
1777890366.1603324,1.0,4.0,-78.0
1777890366.1703324,3.0,2.0,-72.0
1777890366.1803324,4.0,1.0,-72.0
1777890366.1903324,3.0,-1.0,-77.0
1777890366.2003324,5.0,0.0,-74.0
1777890366.2103324,4.0,-1.0,-72.0
1777890366.2203324,5.0,-1.0,-68.0
1777890366.2303324,5.0,-2.0,-66.0
1777890366.2403324,5.0,1.0,-66.0
1777890366.2503324,6.0,0.0,-73.0
1777890366.2603323,2.0,1.0,-73.0
1777890366.2703323,2.0,2.0,-75.0
1777890366.2803323,0.0,5.0,-79.0
1777890366.2903323,4.0,6.0,-81.0
1777890366.3003323,0.0,7.0,-79.0
1777890366.3103323,-2.0,6.0,-79.0
1777890366.3203323,-2.0,5.0,-79.0
1777890366.3303325,-5.0,5.0,-81.0
1777890366.3403325,-1.0,3.0,-85.0
1777890366.3503325,0.0,-1.0,-80.0
1777890366.3603325,2.0,-3.0,-75.0
1777890366.3703325,3.0,-5.0,-75.0
1777890366.3803325,2.0,-5.0,-68.0
1777890366.3903325,0.0,-6.0,-63.0
1777890366.4003325,3.0,-5.0,-61.0
1777890366.4103324,5.0,-9.0,-73.0
1777890366.4203324,7.0,-9.0,-76.0
1777890366.4303324,4.0,-8.0,-79.0
1777890366.4403324,2.0,-5.0,-84.0
1777890366.4503324,5.0,-6.0,-83.0
1777890366.4603324,5.0,-8.0,-75.0
1777890366.4703324,2.0,-7.0,-66.0
1777890366.4803324,1.0,-5.0,-72.0
1777890366.4903324,2.0,-3.0,-71.0
1777890366.5003324,-1.0,-2.0,-71.0
1777890366.5103323,0.0,-1.0,-84.0
1777890366.5203323,-2.0,0.0,-80.0
1777890366.5303323,0.0,-4.0,-77.0
1777890366.5403323,-3.0,-6.0,-83.0
1777890366.5503323,-2.0,-8.0,-84.0
1777890366.5603323,2.0,-6.0,-82.0
1777890366.5703323,4.0,-8.0,-77.0
1777890366.5803325,5.0,-9.0,-85.0
1777890366.5903325,2.0,-10.0,-82.0
1777890366.6003325,-1.0,-4.0,-83.0
1777890366.6103325,5.0,-2.0,-82.0
1777890366.6203325,4.0,0.0,-74.0
1777890366.6303325,1.0,-3.0,-77.0
1777890366.6403325,4.0,-2.0,-74.0
1777890366.6503325,3.0,-3.0,-71.0
1777890366.6603324,2.0,-3.0,-75.0
1777890366.6703324,3.0,0.0,-76.0
1777890366.6803324,3.0,-4.0,-75.0
1777890366.6903324,4.0,-2.0,-67.0
1777890366.7003324,4.0,0.0,-71.0
1777890366.7103324,4.0,-1.0,-71.0
1777890366.7203324,5.0,0.0,-67.0
1777890366.7303324,3.0,0.0,-66.0
1777890366.7403324,2.0,-2.0,-70.0
1777890366.7503324,0.0,0.0,-72.0
1777890366.7603323,4.0,1.0,-71.0
1777890366.7703323,5.0,2.0,-65.0
1777890366.7803323,4.0,-4.0,-68.0
1777890366.7903323,2.0,-4.0,-66.0
1777890366.8003323,2.0,-3.0,-61.0
1777890366.8103323,4.0,-4.0,-63.0
1777890366.8203323,3.0,-5.0,-64.0
1777890366.8303325,0.0,-5.0,-66.0
1777890366.8403325,-6.0,-4.0,-73.0
1777890366.8503325,-5.0,-4.0,-77.0
1777890366.8603325,-6.0,-1.0,-79.0
1777890366.8703325,-3.0,2.0,-73.0
1777890366.8803325,-4.0,2.0,-65.0
1777890366.8903325,-3.0,6.0,-64.0
1777890366.9003325,-7.0,9.0,-67.0
1777890366.9103324,-7.0,5.0,-69.0
1777890366.9203324,-6.0,2.0,-71.0
1777890366.9303324,-3.0,0.0,-76.0
1777890366.9403324,-2.0,-2.0,-65.0
1777890366.9503324,0.0,-3.0,-65.0
1777890366.9603324,-4.0,-6.0,-65.0
1777890366.9703324,-3.0,-5.0,-56.0
1777890366.9803324,-6.0,-1.0,-48.0
1777890366.9903324,-6.0,-2.0,-54.0
1777890367.0003324,-5.0,-2.0,-61.0
1777890367.0103323,-5.0,-7.0,-63.0
1777890367.0203323,-7.0,-7.0,-67.0
1777890367.0303323,-3.0,-6.0,-64.0
1777890367.0403323,-1.0,-3.0,-62.0
1777890367.0503323,-3.0,-1.0,-70.0
1777890367.0603323,0.0,-3.0,-69.0
1777890367.0703323,-2.0,0.0,-70.0
1777890367.0803325,-1.0,3.0,-70.0
1777890367.0903325,-1.0,3.0,-75.0
1777890367.1003325,-3.0,3.0,-80.0
1777890367.1103325,-1.0,3.0,-80.0
1777890367.1203325,-1.0,2.0,-84.0
1777890367.1303325,-2.0,5.0,-83.0
1777890367.1403325,-2.0,5.0,-77.0
1777890367.1503325,-1.0,3.0,-75.0
1777890367.1603324,0.0,3.0,-81.0
1777890367.1703324,-3.0,0.0,-85.0
1777890367.1803324,-2.0,-2.0,-81.0
1777890367.1903324,0.0,-3.0,-80.0
1777890367.2003324,0.0,-3.0,-75.0
1777890367.2103324,2.0,-2.0,-81.0
1777890367.2203324,0.0,0.0,-81.0
1777890367.2303324,2.0,-3.0,-74.0
1777890367.2403324,1.0,-8.0,-71.0
1777890367.2513323,1.0,-10.0,-74.0
1777890367.2613325,1.0,-2.0,-74.0
1777890367.2713325,3.0,-2.0,-74.0
1777890367.2813325,2.0,-4.0,-70.0
1777890367.2913325,0.0,1.0,-68.0
1777890367.3013325,0.0,2.0,-64.0
1777890367.3113325,3.0,-1.0,-73.0
1777890367.3213325,2.0,0.0,-73.0
1777890367.3313324,-2.0,2.0,-73.0
1777890367.3413324,-4.0,4.0,-65.0
1777890367.3513324,-4.0,2.0,-55.0
1777890367.3613324,-2.0,-2.0,-58.0
1777890367.3713324,2.0,-4.0,-60.0
1777890367.3813324,0.0,-9.0,-60.0
1777890367.3913324,0.0,-8.0,-64.0
1777890367.4013324,5.0,-11.0,-67.0
1777890367.4113324,-1.0,-9.0,-69.0
1777890367.4213324,1.0,-9.0,-74.0
1777890367.4313323,-2.0,-5.0,-73.0
1777890367.4413323,-3.0,-5.0,-67.0
1777890367.4513323,-1.0,-6.0,-64.0
1777890367.4613323,0.0,-2.0,-72.0
1777890367.4713323,0.0,-1.0,-73.0
1777890367.4813323,0.0,0.0,-72.0
1777890367.4913323,2.0,0.0,-70.0
1777890367.5013323,3.0,0.0,-76.0
1777890367.5113325,4.0,3.0,-73.0
1777890367.5213325,2.0,0.0,-70.0
1777890367.5313325,2.0,-1.0,-77.0
1777890367.5413325,0.0,-1.0,-79.0
1777890367.5513325,-2.0,-3.0,-78.0
1777890367.5613325,1.0,-4.0,-78.0
1777890367.5713325,1.0,-6.0,-76.0
1777890367.5813324,5.0,-2.0,-74.0
1777890367.5913324,5.0,1.0,-76.0
1777890367.6013324,6.0,2.0,-82.0
1777890367.6113324,7.0,3.0,-88.0
1777890367.6213324,1.0,1.0,-84.0
1777890367.6313324,3.0,-4.0,-84.0
1777890367.6413324,7.0,-2.0,-83.0
1777890367.6513324,8.0,-2.0,-84.0
1777890367.6613324,8.0,-5.0,-82.0
1777890367.6713324,1.0,-6.0,-85.0
1777890367.6813323,3.0,-9.0,-88.0
1777890367.6913323,6.0,-11.0,-76.0
1777890367.7013323,5.0,-9.0,-68.0
1777890367.7113323,5.0,-4.0,-66.0
1777890367.7213323,6.0,-3.0,-66.0
1777890367.7313323,4.0,-3.0,-71.0
1777890367.7413323,5.0,-4.0,-77.0
1777890367.7513323,6.0,-7.0,-84.0
1777890367.7613325,5.0,-4.0,-81.0
1777890367.7713325,4.0,1.0,-76.0
1777890367.7813325,0.0,0.0,-76.0
1777890367.7913325,-1.0,-2.0,-74.0
1777890367.8013325,0.0,-1.0,-76.0
1777890367.8113325,-2.0,0.0,-74.0
1777890367.8213325,1.0,-1.0,-72.0
1777890367.8313324,5.0,0.0,-67.0
1777890367.8413324,1.0,0.0,-73.0
1777890367.8513324,-1.0,0.0,-73.0
1777890367.8613324,-3.0,0.0,-71.0
1777890367.8713324,-4.0,1.0,-70.0
1777890367.8813324,-2.0,0.0,-74.0
1777890367.8913324,0.0,-3.0,-78.0
1777890367.9013324,1.0,-4.0,-73.0
1777890367.9113324,-5.0,-6.0,-69.0
1777890367.9213324,-9.0,-7.0,-66.0
1777890367.9313323,-4.0,-5.0,-72.0
1777890367.9413323,-5.0,-9.0,-75.0
1777890367.9513323,-3.0,-6.0,-68.0
1777890367.9613323,-4.0,-6.0,-64.0
1777890367.9713323,0.0,-6.0,-62.0
1777890367.9813323,1.0,-3.0,-69.0
1777890367.9913323,1.0,0.0,-72.0
1777890368.0013323,4.0,0.0,-76.0
1777890368.0113325,1.0,3.0,-78.0
1777890368.0213325,4.0,3.0,-79.0
1777890368.0313325,6.0,6.0,-76.0
1777890368.0413325,2.0,4.0,-74.0
1777890368.0513325,3.0,1.0,-75.0
1777890368.0613325,3.0,1.0,-75.0
1777890368.0713325,3.0,1.0,-73.0
1777890368.0813324,3.0,0.0,-75.0
1777890368.0913324,3.0,0.0,-77.0
1777890368.1013324,6.0,0.0,-82.0
1777890368.1113324,7.0,-1.0,-81.0
1777890368.1213324,4.0,-2.0,-79.0
1777890368.1313324,4.0,-5.0,-73.0
1777890368.1413324,2.0,-5.0,-71.0
1777890368.1513324,5.0,-5.0,-76.0
1777890368.1613324,5.0,-7.0,-66.0
1777890368.1713324,3.0,-4.0,-62.0
1777890368.1813323,4.0,0.0,-69.0
1777890368.1913323,3.0,1.0,-70.0
1777890368.2013323,3.0,2.0,-70.0
1777890368.2113323,4.0,-4.0,-66.0
1777890368.2213323,1.0,-3.0,-68.0
1777890368.2313323,3.0,-4.0,-67.0
1777890368.2413323,8.0,-5.0,-67.0
1777890368.2513323,5.0,-3.0,-70.0
1777890368.2613325,2.0,-2.0,-76.0
1777890368.2713325,3.0,-5.0,-76.0
1777890368.2813325,1.0,-10.0,-75.0
1777890368.2913325,0.0,-11.0,-77.0
1777890368.3013325,-2.0,-12.0,-79.0
1777890368.3113325,-2.0,-10.0,-75.0
1777890368.3213325,-1.0,-7.0,-76.0
1777890368.3313324,-1.0,-6.0,-66.0
1777890368.3413324,-1.0,-5.0,-67.0
1777890368.3513324,-2.0,-4.0,-75.0
1777890368.3613324,-1.0,-3.0,-77.0
1777890368.3713324,2.0,-2.0,-79.0
1777890368.3813324,3.0,-3.0,-75.0
1777890368.3913324,2.0,-1.0,-75.0
1777890368.4013324,1.0,-2.0,-77.0
1777890368.4113324,0.0,-6.0,-79.0
1777890368.4213324,-2.0,-6.0,-78.0
1777890368.4313323,-1.0,-2.0,-80.0
1777890368.4413323,-3.0,1.0,-81.0
1777890368.4513323,0.0,1.0,-86.0
1777890368.4613323,-2.0,-3.0,-78.0
1777890368.4713323,-2.0,-4.0,-72.0
1777890368.4813323,-3.0,-2.0,-72.0
1777890368.4913323,-1.0,-3.0,-76.0
1777890368.5013323,-1.0,-5.0,-78.0
1777890368.5113325,-2.0,0.0,-76.0
1777890368.5213325,-3.0,-1.0,-78.0
1777890368.5313325,-2.0,0.0,-73.0
1777890368.5413325,-4.0,1.0,-73.0
1777890368.5513325,-8.0,7.0,-72.0
1777890368.5613325,-9.0,3.0,-70.0
1777890368.5713325,-12.0,1.0,-73.0
1777890368.5813324,-6.0,1.0,-72.0
1777890368.5913324,-4.0,-2.0,-70.0
1777890368.6013324,4.0,-3.0,-74.0
1777890368.6113324,1.0,-2.0,-77.0
1777890368.6213324,2.0,0.0,-79.0
1777890368.6313324,0.0,2.0,-74.0
1777890368.6413324,2.0,5.0,-73.0
1777890368.6513324,0.0,8.0,-69.0
1777890368.6613324,1.0,6.0,-68.0
1777890368.6713324,0.0,7.0,-74.0
1777890368.6813323,-5.0,8.0,-75.0
1777890368.6913323,-4.0,9.0,-72.0
1777890368.7013323,1.0,5.0,-68.0
1777890368.7113323,1.0,2.0,-64.0
1777890368.7213323,3.0,5.0,-63.0
1777890368.7313323,4.0,5.0,-57.0
1777890368.7413323,6.0,-1.0,-59.0
1777890368.7513323,5.0,2.0,-66.0
1777890368.7613325,4.0,1.0,-69.0
1777890368.7713325,3.0,-1.0,-73.0
1777890368.7813325,0.0,0.0,-75.0
1777890368.7913325,1.0,-5.0,-81.0
1777890368.8013325,0.0,-4.0,-84.0
1777890368.8113325,0.0,-5.0,-80.0
1777890368.8213325,-1.0,-5.0,-72.0
1777890368.8313324,-1.0,-2.0,-73.0
1777890368.8413324,0.0,0.0,-79.0
1777890368.8513324,0.0,1.0,-75.0
1777890368.8613324,-2.0,1.0,-70.0
1777890368.8713324,-2.0,2.0,-74.0
1777890368.8813324,0.0,-1.0,-74.0
1777890368.8913324,3.0,-1.0,-78.0
1777890368.9013324,0.0,2.0,-81.0
1777890368.9113324,0.0,1.0,-85.0
1777890368.9213324,-1.0,0.0,-86.0
1777890368.9313323,2.0,3.0,-80.0
1777890368.9413323,5.0,1.0,-84.0
1777890368.9513323,9.0,0.0,-80.0
1777890368.9613323,9.0,1.0,-80.0
1777890368.9713323,7.0,5.0,-83.0
1777890368.9813323,6.0,5.0,-85.0
1777890368.9913323,4.0,6.0,-88.0
1777890369.0013323,2.0,8.0,-81.0
1777890369.0113325,3.0,10.0,-81.0
1777890369.0213325,2.0,8.0,-76.0
1777890369.0313325,0.0,9.0,-73.0
1777890369.0413325,0.0,7.0,-78.0
1777890369.0513325,-1.0,5.0,-81.0
1777890369.0613325,-1.0,8.0,-80.0
1777890369.0713325,1.0,2.0,-80.0
1777890369.0813324,4.0,0.0,-80.0
1777890369.0913324,3.0,-2.0,-76.0
1777890369.1013324,0.0,-4.0,-77.0
1777890369.1113324,1.0,-4.0,-79.0
1777890369.1213324,-2.0,-1.0,-79.0
1777890369.1313324,1.0,-2.0,-76.0
1777890369.1413324,0.0,-2.0,-78.0
1777890369.1513324,2.0,-6.0,-80.0
1777890369.1613324,-1.0,-1.0,-76.0
1777890369.1713324,0.0,-1.0,-79.0
1777890369.1813323,0.0,0.0,-76.0
1777890369.1913323,3.0,-4.0,-78.0
1777890369.2013323,3.0,-6.0,-78.0
1777890369.2113323,4.0,0.0,-78.0
1777890369.2213323,-2.0,0.0,-75.0
1777890369.2313323,-2.0,3.0,-68.0
1777890369.2413323,-4.0,7.0,-69.0
1777890369.2523324,-1.0,6.0,-66.0
1777890369.2623324,-1.0,3.0,-69.0
1777890369.2723324,-1.0,0.0,-73.0
1777890369.2823324,0.0,3.0,-80.0
1777890369.2923324,-4.0,0.0,-76.0
1777890369.3023324,-1.0,0.0,-80.0
1777890369.3123324,-1.0,-6.0,-89.0
1777890369.3223324,-1.0,-9.0,-87.0
1777890369.3323324,0.0,-7.0,-86.0
1777890369.3423324,-3.0,-1.0,-85.0
1777890369.3523324,-4.0,1.0,-87.0
1777890369.3623323,-1.0,3.0,-83.0
1777890369.3723323,-5.0,0.0,-82.0
1777890369.3823323,-1.0,-2.0,-87.0
1777890369.3923323,2.0,0.0,-87.0
1777890369.4023323,5.0,2.0,-86.0
1777890369.4123323,7.0,0.0,-74.0
1777890369.4223323,4.0,0.0,-76.0
1777890369.4323325,6.0,1.0,-80.0
1777890369.4423325,7.0,-3.0,-81.0
1777890369.4523325,5.0,0.0,-81.0
1777890369.4623325,3.0,0.0,-77.0
1777890369.4723325,0.0,0.0,-74.0
1777890369.4823325,-1.0,-1.0,-73.0
1777890369.4923325,0.0,-4.0,-72.0
1777890369.5023324,3.0,-6.0,-66.0
1777890369.5123324,1.0,-7.0,-62.0
1777890369.5223324,2.0,-3.0,-65.0
1777890369.5323324,0.0,-5.0,-73.0
1777890369.5423324,0.0,-5.0,-74.0
1777890369.5523324,0.0,-3.0,-75.0
1777890369.5623324,-2.0,-6.0,-69.0
1777890369.5723324,-5.0,-1.0,-67.0
1777890369.5823324,-6.0,0.0,-74.0
1777890369.5923324,-6.0,-1.0,-76.0
1777890369.6023324,-4.0,-2.0,-81.0
1777890369.6123323,-3.0,-4.0,-82.0
1777890369.6223323,1.0,0.0,-83.0
1777890369.6323323,1.0,-2.0,-76.0
1777890369.6423323,2.0,-6.0,-71.0
1777890369.6523323,3.0,-9.0,-69.0
1777890369.6623323,0.0,-6.0,-68.0
1777890369.6723323,-1.0,-5.0,-68.0
1777890369.6823325,1.0,-2.0,-67.0
1777890369.6923325,-4.0,0.0,-70.0
1777890369.7023325,0.0,4.0,-68.0
1777890369.7123325,-4.0,3.0,-73.0
1777890369.7223325,-5.0,0.0,-71.0
1777890369.7323325,-5.0,5.0,-74.0
1777890369.7423325,0.0,-2.0,-73.0
1777890369.7523324,1.0,-2.0,-71.0
1777890369.7623324,-1.0,0.0,-74.0
1777890369.7723324,0.0,2.0,-68.0
1777890369.7823324,-2.0,2.0,-71.0
1777890369.7923324,1.0,3.0,-71.0
1777890369.8023324,7.0,2.0,-70.0
1777890369.8123324,8.0,0.0,-73.0
1777890369.8223324,7.0,0.0,-77.0
1777890369.8323324,6.0,-1.0,-79.0
1777890369.8423324,8.0,0.0,-81.0
1777890369.8523324,4.0,0.0,-79.0
1777890369.8623323,-2.0,-1.0,-82.0
1777890369.8723323,-6.0,-2.0,-79.0
1777890369.8823323,-2.0,-3.0,-75.0
1777890369.8923323,0.0,0.0,-75.0
1777890369.9023323,-2.0,3.0,-70.0
1777890369.9123323,0.0,2.0,-69.0
1777890369.9223323,3.0,0.0,-67.0
1777890369.9323325,5.0,-2.0,-66.0
1777890369.9423325,7.0,-1.0,-73.0
1777890369.9523325,3.0,0.0,-74.0
1777890369.9623325,3.0,2.0,-82.0
1777890369.9723325,8.0,3.0,-85.0
1777890369.9823325,8.0,0.0,-90.0
1777890369.9923325,3.0,-2.0,-88.0
1777890370.0023324,3.0,-3.0,-83.0
1777890370.0123324,2.0,-2.0,-78.0
1777890370.0223324,0.0,0.0,-79.0
1777890370.0323324,6.0,1.0,-76.0
1777890370.0423324,4.0,0.0,-74.0
1777890370.0523324,4.0,0.0,-73.0
1777890370.0623324,3.0,5.0,-74.0
1777890370.0723324,-1.0,7.0,-75.0
1777890370.0823324,-7.0,5.0,-75.0
1777890370.0923324,-4.0,5.0,-77.0
1777890370.1023324,-2.0,5.0,-76.0
1777890370.1123323,0.0,9.0,-75.0
1777890370.1223323,-4.0,6.0,-74.0
1777890370.1323323,-4.0,4.0,-75.0
1777890370.1423323,-1.0,2.0,-77.0
1777890370.1523323,5.0,0.0,-76.0
1777890370.1623323,5.0,0.0,-71.0
1777890370.1723323,0.0,2.0,-81.0
1777890370.1823325,2.0,3.0,-85.0
1777890370.1923325,3.0,0.0,-78.0
1777890370.2023325,5.0,-1.0,-79.0
1777890370.2123325,0.0,-2.0,-79.0
1777890370.2223325,-3.0,-3.0,-76.0
1777890370.2323325,0.0,0.0,-81.0
1777890370.2423325,8.0,0.0,-81.0
1777890370.2523324,6.0,-3.0,-85.0
1777890370.2623324,5.0,-4.0,-83.0
1777890370.2723324,6.0,-7.0,-74.0
1777890370.2823324,5.0,-6.0,-73.0
1777890370.2923324,3.0,-6.0,-74.0
1777890370.3023324,3.0,-5.0,-82.0
1777890370.3123324,2.0,-3.0,-86.0
1777890370.3223324,2.0,-4.0,-88.0
1777890370.3323324,1.0,-2.0,-81.0
1777890370.3423324,3.0,1.0,-87.0
1777890370.3523324,3.0,-2.0,-86.0
1777890370.3623323,0.0,-4.0,-85.0
1777890370.3723323,-1.0,-8.0,-75.0
1777890370.3823323,0.0,-9.0,-73.0
1777890370.3923323,0.0,-11.0,-73.0
1777890370.4023323,-1.0,-11.0,-70.0
1777890370.4123323,-2.0,-8.0,-72.0
1777890370.4223323,-3.0,-8.0,-72.0
1777890370.4323325,1.0,-7.0,-71.0
1777890370.4423325,1.0,-5.0,-66.0
1777890370.4523325,2.0,-2.0,-65.0
1777890370.4623325,2.0,-6.0,-68.0
1777890370.4723325,3.0,-3.0,-79.0
1777890370.4823325,2.0,-2.0,-78.0
1777890370.4923325,5.0,0.0,-72.0
1777890370.5023324,1.0,0.0,-70.0
1777890370.5123324,0.0,1.0,-70.0
1777890370.5223324,2.0,4.0,-74.0
1777890370.5323324,3.0,4.0,-76.0
1777890370.5423324,2.0,6.0,-79.0
1777890370.5523324,4.0,6.0,-79.0
1777890370.5623324,6.0,4.0,-77.0
1777890370.5723324,4.0,3.0,-65.0
1777890370.5823324,3.0,6.0,-64.0
1777890370.5923324,3.0,4.0,-61.0
1777890370.6023324,-2.0,4.0,-67.0
1777890370.6123323,0.0,3.0,-72.0
1777890370.6223323,-1.0,1.0,-71.0
1777890370.6323323,-1.0,0.0,-76.0
1777890370.6423323,1.0,0.0,-74.0
1777890370.6523323,0.0,-1.0,-77.0
1777890370.6623323,0.0,0.0,-71.0
1777890370.6723323,0.0,3.0,-64.0
1777890370.6823325,6.0,3.0,-60.0
1777890370.6923325,3.0,5.0,-67.0
1777890370.7023325,0.0,4.0,-74.0
1777890370.7123325,6.0,3.0,-79.0
1777890370.7223325,5.0,2.0,-79.0
1777890370.7323325,7.0,2.0,-78.0
1777890370.7423325,8.0,0.0,-76.0
1777890370.7523324,5.0,-1.0,-70.0
1777890370.7623324,3.0,-3.0,-72.0
1777890370.7723324,-1.0,-2.0,-71.0
1777890370.7823324,0.0,-2.0,-67.0
1777890370.7923324,1.0,-3.0,-72.0
1777890370.8023324,1.0,-4.0,-72.0
1777890370.8123324,1.0,-1.0,-70.0
1777890370.8223324,2.0,-2.0,-72.0
1777890370.8323324,-2.0,0.0,-75.0
1777890370.8423324,-4.0,-3.0,-72.0
1777890370.8523324,-4.0,-3.0,-78.0
1777890370.8623323,-5.0,0.0,-75.0
1777890370.8723323,0.0,-1.0,-65.0
1777890370.8823323,2.0,-4.0,-62.0
1777890370.8923323,3.0,-4.0,-62.0
1777890370.9023323,3.0,-4.0,-66.0
1777890370.9123323,2.0,2.0,-70.0
1777890370.9223323,1.0,-3.0,-71.0
1777890370.9323325,-1.0,-6.0,-75.0
1777890370.9423325,0.0,-6.0,-77.0
1777890370.9523325,-1.0,-4.0,-82.0
1777890370.9623325,-1.0,-1.0,-86.0
1777890370.9723325,1.0,-2.0,-85.0
1777890370.9823325,-1.0,-3.0,-81.0
1777890370.9923325,0.0,-3.0,-82.0
1777890371.0023324,4.0,-1.0,-83.0
1777890371.0123324,1.0,-2.0,-83.0
1777890371.0223324,3.0,-6.0,-80.0
1777890371.0323324,7.0,-4.0,-77.0
1777890371.0423324,6.0,-9.0,-79.0
1777890371.0523324,5.0,-9.0,-80.0
1777890371.0623324,6.0,-7.0,-75.0
1777890371.0723324,6.0,-7.0,-75.0
1777890371.0823324,3.0,-11.0,-74.0
1777890371.0923324,0.0,-9.0,-74.0
1777890371.1023324,-1.0,-5.0,-75.0
1777890371.1123323,2.0,-7.0,-76.0
1777890371.1223323,3.0,-8.0,-77.0
1777890371.1323323,4.0,0.0,-76.0
1777890371.1423323,5.0,1.0,-80.0
1777890371.1523323,10.0,0.0,-76.0
1777890371.1623323,6.0,0.0,-72.0
1777890371.1723323,6.0,-1.0,-72.0
1777890371.1823325,6.0,-1.0,-69.0
1777890371.1923325,5.0,0.0,-71.0
1777890371.2023325,7.0,1.0,-75.0
1777890371.2123325,5.0,1.0,-78.0
1777890371.2233324,6.0,-1.0,-73.0
1777890371.2333324,6.0,-2.0,-78.0
1777890371.2433324,7.0,-2.0,-77.0
1777890371.2533324,7.0,0.0,-78.0
1777890371.2633324,7.0,-1.0,-75.0
1777890371.2733324,4.0,-2.0,-71.0
1777890371.2833323,5.0,-3.0,-72.0
1777890371.2933323,5.0,-4.0,-74.0
1777890371.3033323,-2.0,-4.0,-75.0
1777890371.3133323,0.0,-4.0,-82.0
1777890371.3233323,0.0,-3.0,-80.0
1777890371.3333323,0.0,-1.0,-80.0
1777890371.3433323,2.0,0.0,-78.0
1777890371.3533323,1.0,1.0,-71.0
1777890371.3633325,0.0,4.0,-72.0
1777890371.3733325,4.0,4.0,-76.0
1777890371.3833325,3.0,0.0,-77.0
1777890371.3933325,5.0,-1.0,-73.0
1777890371.4033325,3.0,0.0,-74.0
1777890371.4133325,9.0,0.0,-69.0
1777890371.4233325,7.0,1.0,-63.0
1777890371.4333324,4.0,-3.0,-57.0
1777890371.4433324,5.0,-3.0,-56.0
1777890371.4533324,2.0,-1.0,-69.0
1777890371.4633324,3.0,2.0,-70.0
1777890371.4733324,0.0,0.0,-70.0
1777890371.4833324,3.0,4.0,-68.0
1777890371.4933324,1.0,-1.0,-72.0
1777890371.5033324,-2.0,-9.0,-72.0
1777890371.5133324,-3.0,-9.0,-69.0
1777890371.5233324,-1.0,-9.0,-60.0
1777890371.5333323,0.0,-8.0,-58.0
1777890371.5433323,0.0,-7.0,-62.0
1777890371.5533323,-1.0,-8.0,-62.0
1777890371.5633323,0.0,-9.0,-64.0
1777890371.5733323,2.0,-6.0,-69.0
1777890371.5833323,6.0,-1.0,-69.0
1777890371.5933323,7.0,1.0,-70.0
1777890371.6033323,10.0,4.0,-70.0
1777890371.6133325,7.0,2.0,-67.0
1777890371.6233325,6.0,0.0,-72.0
1777890371.6333325,4.0,2.0,-74.0
1777890371.6433325,3.0,2.0,-72.0
1777890371.6533325,-1.0,3.0,-74.0
1777890371.6633325,-3.0,3.0,-74.0
1777890371.6733325,0.0,2.0,-75.0
1777890371.6833324,2.0,4.0,-74.0
1777890371.6933324,2.0,0.0,-80.0
1777890371.7033324,0.0,0.0,-72.0
1777890371.7133324,0.0,0.0,-70.0
1777890371.7233324,0.0,4.0,-70.0
1777890371.7333324,0.0,1.0,-66.0
1777890371.7433324,0.0,2.0,-68.0
1777890371.7533324,0.0,1.0,-67.0
1777890371.7633324,0.0,-2.0,-64.0
1777890371.7733324,0.0,-2.0,-68.0
1777890371.7833323,0.0,0.0,-70.0
1777890371.7933323,2.0,0.0,-71.0
1777890371.8033323,2.0,-1.0,-71.0
1777890371.8133323,3.0,0.0,-70.0
1777890371.8233323,8.0,-5.0,-69.0
1777890371.8333323,1.0,-5.0,-72.0
1777890371.8433323,-2.0,-5.0,-69.0
1777890371.8533323,2.0,-2.0,-74.0
1777890371.8633325,2.0,-1.0,-77.0
1777890371.8733325,0.0,-3.0,-82.0
1777890371.8833325,-4.0,-4.0,-84.0
1777890371.8933325,-1.0,-6.0,-76.0
1777890371.9033325,2.0,-4.0,-71.0
1777890371.9133325,1.0,-2.0,-70.0
1777890371.9233325,0.0,-2.0,-78.0
1777890371.9333324,1.0,5.0,-77.0
1777890371.9433324,2.0,7.0,-78.0
1777890371.9533324,2.0,10.0,-78.0
1777890371.9633324,3.0,12.0,-73.0
1777890371.9733324,0.0,10.0,-74.0
1777890371.9833324,0.0,5.0,-72.0
1777890371.9933324,-1.0,4.0,-73.0
1777890372.0033324,0.0,4.0,-78.0
1777890372.0133324,-1.0,3.0,-83.0
1777890372.0233324,1.0,-1.0,-74.0
1777890372.0333323,4.0,-1.0,-71.0
1777890372.0433323,2.0,-3.0,-67.0
1777890372.0533323,4.0,-2.0,-72.0
1777890372.0633323,7.0,-2.0,-77.0
1777890372.0733323,12.0,-5.0,-82.0
1777890372.0833323,7.0,-3.0,-84.0
1777890372.0933323,0.0,-4.0,-78.0
1777890372.1033323,-1.0,-7.0,-76.0
1777890372.1133325,1.0,-5.0,-78.0
1777890372.1233325,3.0,-3.0,-71.0
1777890372.1333325,3.0,0.0,-70.0
1777890372.1433325,-1.0,3.0,-75.0
1777890372.1533325,0.0,6.0,-74.0
1777890372.1633325,3.0,3.0,-79.0
1777890372.1733325,0.0,3.0,-82.0
1777890372.1833324,0.0,3.0,-78.0
1777890372.1933324,-4.0,5.0,-80.0
1777890372.2033324,-2.0,7.0,-85.0
1777890372.2133324,-1.0,5.0,-87.0
1777890372.2233324,-5.0,5.0,-83.0
1777890372.2333324,-2.0,4.0,-83.0
1777890372.2433324,0.0,5.0,-79.0
1777890372.2533324,0.0,2.0,-77.0
1777890372.2633324,3.0,4.0,-76.0
1777890372.2733324,1.0,4.0,-79.0
1777890372.2833323,0.0,3.0,-74.0
1777890372.2933323,-2.0,2.0,-76.0
1777890372.3033323,-2.0,-5.0,-74.0
1777890372.3133323,-4.0,-5.0,-70.0
1777890372.3233323,-2.0,-3.0,-70.0
1777890372.3333323,-3.0,-4.0,-71.0
1777890372.3433323,-3.0,-3.0,-63.0
1777890372.3533323,-1.0,0.0,-65.0
1777890372.3633325,0.0,1.0,-67.0
1777890372.3733325,2.0,2.0,-65.0
1777890372.3833325,4.0,3.0,-67.0
1777890372.3933325,8.0,4.0,-73.0
1777890372.4033325,5.0,0.0,-73.0
1777890372.4133325,5.0,0.0,-71.0
1777890372.4233325,3.0,-2.0,-73.0
1777890372.4333324,1.0,-4.0,-79.0
1777890372.4433324,-4.0,-6.0,-82.0
1777890372.4533324,-1.0,0.0,-84.0
1777890372.4633324,-1.0,0.0,-79.0
1777890372.4733324,-1.0,2.0,-76.0
1777890372.4833324,-1.0,2.0,-80.0
1777890372.4933324,-3.0,0.0,-76.0
1777890372.5033324,-6.0,0.0,-74.0
1777890372.5133324,-6.0,-4.0,-72.0
1777890372.5233324,-3.0,-3.0,-71.0
1777890372.5333323,-7.0,-4.0,-73.0
1777890372.5433323,-6.0,-1.0,-76.0
1777890372.5533323,-2.0,-1.0,-73.0
1777890372.5633323,-4.0,-4.0,-71.0
1777890372.5733323,0.0,-7.0,-73.0
1777890372.5833323,2.0,-9.0,-71.0
1777890372.5933323,2.0,-4.0,-68.0
1777890372.6033323,7.0,0.0,-70.0
1777890372.6133325,7.0,-1.0,-69.0
1777890372.6233325,2.0,-2.0,-71.0
1777890372.6333325,0.0,-6.0,-66.0
1777890372.6433325,0.0,-6.0,-67.0
1777890372.6533325,1.0,-6.0,-74.0
1777890372.6633325,1.0,-7.0,-74.0
1777890372.6733325,0.0,-5.0,-75.0
1777890372.6833324,0.0,-7.0,-84.0
1777890372.6933324,0.0,-9.0,-80.0
1777890372.7033324,-2.0,-5.0,-81.0
1777890372.7133324,1.0,-4.0,-77.0
1777890372.7233324,1.0,0.0,-76.0
1777890372.7333324,-1.0,-1.0,-79.0
1777890372.7433324,0.0,-2.0,-77.0
1777890372.7533324,-4.0,-6.0,-68.0
1777890372.7633324,-2.0,-7.0,-66.0
1777890372.7733324,1.0,-5.0,-68.0
1777890372.7833323,5.0,-4.0,-67.0
1777890372.7933323,7.0,0.0,-65.0
1777890372.8033323,2.0,-3.0,-67.0
1777890372.8133323,-2.0,1.0,-62.0
1777890372.8233323,-2.0,0.0,-64.0
1777890372.8333323,-3.0,-2.0,-72.0
1777890372.8433323,-4.0,-3.0,-70.0
1777890372.8533323,-7.0,-3.0,-70.0
1777890372.8633325,-7.0,-2.0,-71.0
1777890372.8733325,-7.0,-5.0,-75.0
1777890372.8833325,-5.0,-4.0,-73.0
1777890372.8933325,0.0,-4.0,-77.0
1777890372.9033325,3.0,-1.0,-77.0
1777890372.9133325,7.0,-3.0,-76.0
1777890372.9233325,4.0,-4.0,-75.0
1777890372.9333324,2.0,-3.0,-77.0
1777890372.9433324,3.0,-8.0,-80.0
1777890372.9533324,2.0,-9.0,-83.0
1777890372.9633324,0.0,-8.0,-80.0
1777890372.9733324,-1.0,-2.0,-82.0
1777890372.9833324,-2.0,-1.0,-77.0
1777890372.9933324,-2.0,-5.0,-71.0
1777890373.0033324,0.0,-7.0,-65.0
1777890373.0133324,1.0,-7.0,-67.0
1777890373.0233324,-2.0,-7.0,-72.0
1777890373.0333323,0.0,-2.0,-77.0
1777890373.0433323,0.0,-2.0,-72.0
1777890373.0533323,1.0,-1.0,-67.0
1777890373.0633323,2.0,-2.0,-71.0
1777890373.0733323,4.0,0.0,-72.0
1777890373.0833323,3.0,0.0,-70.0
1777890373.0933323,6.0,-3.0,-72.0
1777890373.1033323,6.0,-3.0,-75.0
1777890373.1133325,7.0,-2.0,-78.0
1777890373.1233325,0.0,0.0,-72.0
1777890373.1333325,0.0,0.0,-74.0
1777890373.1433325,2.0,2.0,-66.0
1777890373.1533325,4.0,0.0,-71.0
1777890373.1633325,5.0,0.0,-67.0
1777890373.1733325,3.0,1.0,-69.0
1777890373.1833324,2.0,-2.0,-64.0
1777890373.1933324,0.0,-4.0,-65.0
1777890373.2033324,-1.0,-4.0,-65.0
1777890373.2143323,1.0,-6.0,-62.0
1777890373.2243323,1.0,0.0,-66.0
1777890373.2333324,4.0,1.0,-69.0
1777890373.2443323,5.0,1.0,-72.0
1777890373.2543323,6.0,0.0,-78.0
1777890373.2643323,4.0,-2.0,-75.0
1777890373.2743323,2.0,-4.0,-80.0
1777890373.2843325,0.0,0.0,-75.0
1777890373.2943325,0.0,0.0,-72.0
1777890373.3043325,0.0,-3.0,-79.0
1777890373.3143325,2.0,-4.0,-70.0
1777890373.3243325,5.0,-3.0,-72.0
1777890373.3343325,5.0,-6.0,-76.0
1777890373.3443325,0.0,-7.0,-70.0
1777890373.3543324,6.0,-3.0,-65.0
1777890373.3643324,4.0,-1.0,-61.0
1777890373.3743324,6.0,5.0,-60.0
1777890373.3843324,6.0,2.0,-66.0
1777890373.3943324,6.0,1.0,-71.0
1777890373.4043324,3.0,0.0,-66.0
1777890373.4143324,3.0,0.0,-70.0
1777890373.4243324,3.0,5.0,-70.0
1777890373.4343324,2.0,1.0,-67.0
1777890373.4443324,0.0,2.0,-76.0
1777890373.4543324,7.0,3.0,-76.0
1777890373.4643323,3.0,0.0,-78.0
1777890373.4743323,-1.0,0.0,-76.0
1777890373.4843323,-2.0,0.0,-72.0
1777890373.4943323,2.0,-1.0,-71.0
1777890373.5043323,4.0,-2.0,-77.0
1777890373.5143323,3.0,-3.0,-77.0
1777890373.5243323,2.0,-1.0,-79.0
1777890373.5343325,5.0,0.0,-76.0
1777890373.5443325,6.0,0.0,-78.0
1777890373.5543325,3.0,-1.0,-78.0
1777890373.5643325,3.0,0.0,-79.0
1777890373.5743325,6.0,0.0,-78.0
1777890373.5843325,6.0,2.0,-77.0
1777890373.5943325,8.0,0.0,-69.0
1777890373.6043324,7.0,0.0,-69.0
1777890373.6143324,1.0,0.0,-74.0
1777890373.6243324,0.0,1.0,-83.0
1777890373.6343324,-3.0,2.0,-79.0
1777890373.6443324,-1.0,0.0,-75.0
1777890373.6543324,2.0,0.0,-73.0
1777890373.6643324,3.0,-1.0,-71.0
1777890373.6743324,-1.0,2.0,-65.0
1777890373.6843324,-1.0,3.0,-69.0
1777890373.6943324,-1.0,2.0,-74.0
1777890373.7043324,-2.0,4.0,-78.0
1777890373.7143323,-5.0,7.0,-75.0
1777890373.7243323,0.0,6.0,-74.0
1777890373.7343323,1.0,7.0,-71.0
1777890373.7443323,0.0,7.0,-77.0
1777890373.7543323,0.0,11.0,-77.0
1777890373.7643323,0.0,7.0,-74.0
1777890373.7743323,2.0,5.0,-74.0
1777890373.7843325,5.0,5.0,-78.0
1777890373.7943325,0.0,6.0,-86.0
1777890373.8043325,0.0,0.0,-82.0
1777890373.8143325,3.0,-2.0,-81.0
1777890373.8243325,6.0,-3.0,-77.0
1777890373.8343325,6.0,-3.0,-88.0
1777890373.8443325,6.0,-2.0,-86.0
1777890373.8543324,3.0,-4.0,-82.0
1777890373.8643324,3.0,-6.0,-79.0
1777890373.8743324,3.0,-9.0,-73.0
1777890373.8843324,0.0,-7.0,-78.0
1777890373.8943324,-3.0,-5.0,-76.0
1777890373.9043324,0.0,-6.0,-78.0
1777890373.9143324,0.0,-3.0,-78.0
1777890373.9243324,0.0,-5.0,-78.0
1777890373.9343324,-1.0,-4.0,-77.0
1777890373.9443324,-2.0,-2.0,-75.0
1777890373.9543324,4.0,-3.0,-76.0
1777890373.9643323,2.0,-2.0,-72.0
1777890373.9743323,-1.0,-1.0,-69.0
1777890373.9843323,0.0,-3.0,-72.0
1777890373.9943323,1.0,-2.0,-75.0
1777890374.0043323,1.0,-4.0,-85.0
1777890374.0143323,2.0,-9.0,-78.0
1777890374.0243323,0.0,-3.0,-80.0
1777890374.0343325,0.0,-3.0,-82.0
1777890374.0443325,3.0,-5.0,-81.0
1777890374.0543325,3.0,-5.0,-78.0
1777890374.0643325,0.0,-4.0,-69.0
1777890374.0743325,1.0,-1.0,-80.0
1777890374.0843325,4.0,-3.0,-76.0
1777890374.0943325,5.0,-4.0,-75.0
1777890374.1043324,5.0,-4.0,-80.0
1777890374.1143324,5.0,-1.0,-79.0
1777890374.1243324,4.0,0.0,-76.0
1777890374.1343324,3.0,-1.0,-82.0
1777890374.1443324,0.0,8.0,-84.0
1777890374.1543324,1.0,9.0,-76.0
1777890374.1643324,0.0,4.0,-80.0
1777890374.1743324,1.0,0.0,-79.0
1777890374.1843324,5.0,-2.0,-81.0
1777890374.1943324,5.0,-6.0,-78.0
1777890374.2043324,4.0,-3.0,-71.0
1777890374.2143323,7.0,-3.0,-71.0
1777890374.2243323,10.0,-1.0,-69.0
1777890374.2343323,7.0,-1.0,-71.0
1777890374.2443323,4.0,3.0,-73.0
1777890374.2543323,8.0,4.0,-69.0
1777890374.2643323,6.0,0.0,-71.0
1777890374.2743323,5.0,1.0,-66.0
1777890374.2843325,4.0,2.0,-71.0
1777890374.2943325,1.0,5.0,-68.0
1777890374.3043325,3.0,5.0,-70.0
1777890374.3143325,3.0,9.0,-70.0
1777890374.3243325,5.0,7.0,-75.0
1777890374.3343325,7.0,5.0,-75.0
1777890374.3443325,5.0,7.0,-75.0
1777890374.3543324,-1.0,6.0,-76.0
1777890374.3643324,0.0,0.0,-71.0
1777890374.3743324,0.0,0.0,-78.0
1777890374.3843324,-2.0,-6.0,-81.0
1777890374.3943324,-2.0,-5.0,-78.0
1777890374.4043324,-2.0,-2.0,-78.0
1777890374.4143324,0.0,0.0,-75.0
1777890374.4243324,2.0,0.0,-77.0
1777890374.4343324,0.0,3.0,-73.0
1777890374.4443324,0.0,4.0,-71.0
1777890374.4543324,3.0,2.0,-77.0
1777890374.4643323,5.0,-1.0,-79.0
1777890374.4743323,5.0,0.0,-74.0
1777890374.4843323,9.0,1.0,-78.0
1777890374.4943323,7.0,-1.0,-81.0
1777890374.5043323,4.0,-1.0,-84.0
1777890374.5143323,6.0,1.0,-88.0
1777890374.5243323,7.0,1.0,-84.0
1777890374.5343325,5.0,0.0,-83.0
1777890374.5443325,2.0,3.0,-75.0
1777890374.5543325,0.0,5.0,-74.0
1777890374.5643325,0.0,7.0,-76.0
1777890374.5743325,0.0,8.0,-78.0
1777890374.5843325,3.0,5.0,-71.0
1777890374.5943325,1.0,4.0,-70.0
1777890374.6043324,-1.0,0.0,-72.0
1777890374.6143324,-3.0,-3.0,-72.0
1777890374.6243324,-6.0,-4.0,-74.0
1777890374.6343324,-6.0,-2.0,-79.0
1777890374.6443324,-5.0,-2.0,-75.0
1777890374.6543324,0.0,-2.0,-74.0
1777890374.6643324,-1.0,-5.0,-77.0
1777890374.6743324,0.0,-3.0,-71.0
1777890374.6843324,0.0,1.0,-72.0
1777890374.6943324,-4.0,2.0,-79.0
1777890374.7043324,-3.0,1.0,-85.0
1777890374.7143323,-3.0,0.0,-85.0
1777890374.7243323,-1.0,2.0,-83.0
1777890374.7343323,0.0,0.0,-75.0
1777890374.7443323,6.0,-2.0,-70.0
1777890374.7543323,8.0,-4.0,-80.0
1777890374.7643323,6.0,-5.0,-84.0
1777890374.7743323,7.0,-6.0,-89.0
1777890374.7843325,6.0,-6.0,-86.0
1777890374.7943325,8.0,-1.0,-86.0
1777890374.8043325,13.0,4.0,-81.0
1777890374.8143325,6.0,4.0,-77.0
1777890374.8243325,3.0,2.0,-73.0
1777890374.8343325,3.0,4.0,-74.0
1777890374.8443325,5.0,5.0,-74.0
1777890374.8543324,6.0,2.0,-77.0
1777890374.8643324,9.0,3.0,-81.0
1777890374.8743324,6.0,5.0,-74.0
1777890374.8843324,6.0,6.0,-73.0
1777890374.8943324,7.0,5.0,-68.0
1777890374.9043324,9.0,2.0,-69.0
1777890374.9143324,4.0,-4.0,-75.0
1777890374.9243324,7.0,-6.0,-80.0
1777890374.9343324,5.0,-7.0,-81.0
1777890374.9443324,4.0,-7.0,-87.0
1777890374.9543324,7.0,-12.0,-86.0
1777890374.9643323,13.0,-14.0,-88.0
1777890374.9743323,14.0,-9.0,-86.0
1777890374.9843323,13.0,-7.0,-84.0
1777890374.9943323,6.0,-5.0,-85.0
1777890375.0043323,10.0,-2.0,-75.0
1777890375.0143323,9.0,0.0,-72.0
1777890375.0243323,5.0,2.0,-79.0
1777890375.0343325,0.0,0.0,-81.0
1777890375.0443325,1.0,-5.0,-80.0
1777890375.0543325,0.0,-2.0,-75.0
1777890375.0643325,4.0,-3.0,-71.0
1777890375.0743325,4.0,-4.0,-68.0
1777890375.0843325,1.0,-9.0,-83.0
1777890375.0943325,-1.0,-7.0,-82.0
1777890375.1043324,-3.0,-6.0,-82.0
1777890375.1143324,-2.0,-5.0,-81.0
1777890375.1243324,-3.0,-3.0,-71.0
1777890375.1343324,-2.0,0.0,-72.0
1777890375.1443324,-1.0,1.0,-73.0
1777890375.1543324,0.0,-2.0,-75.0
1777890375.1643324,1.0,-4.0,-82.0
1777890375.1753323,6.0,-7.0,-80.0
1777890375.1843324,4.0,-8.0,-72.0
1777890375.1943324,4.0,-7.0,-68.0
1777890375.2053325,2.0,-8.0,-66.0
1777890375.2153325,3.0,-2.0,-73.0
1777890375.2253325,-3.0,0.0,-76.0
1777890375.2353325,0.0,-3.0,-74.0
1777890375.2453325,1.0,-4.0,-75.0
1777890375.2553325,2.0,-3.0,-74.0
1777890375.2653325,0.0,-1.0,-79.0
1777890375.2753325,3.0,-2.0,-75.0
1777890375.2853324,3.0,-2.0,-76.0
1777890375.2953324,1.0,-4.0,-74.0
1777890375.3053324,4.0,-8.0,-76.0
1777890375.3153324,2.0,-4.0,-74.0
1777890375.3253324,1.0,-1.0,-69.0
1777890375.3353324,6.0,-6.0,-68.0
1777890375.3453324,2.0,-4.0,-78.0
1777890375.3553324,5.0,-8.0,-76.0
1777890375.3653324,4.0,-9.0,-78.0
1777890375.3753324,1.0,-7.0,-74.0
1777890375.3853323,2.0,-2.0,-81.0
1777890375.3953323,-1.0,0.0,-75.0
1777890375.4053323,1.0,0.0,-67.0
1777890375.4153323,3.0,0.0,-60.0
1777890375.4253323,7.0,-4.0,-59.0
1777890375.4353323,8.0,-1.0,-67.0
1777890375.4453323,10.0,1.0,-73.0
1777890375.4553325,7.0,5.0,-69.0
1777890375.4653325,3.0,2.0,-69.0
1777890375.4753325,0.0,5.0,-78.0
1777890375.4853325,5.0,4.0,-84.0
1777890375.4953325,3.0,0.0,-85.0
1777890375.5053325,1.0,0.0,-82.0
1777890375.5153325,3.0,1.0,-79.0
1777890375.5253325,2.0,1.0,-78.0
1777890375.5353324,3.0,0.0,-77.0
1777890375.5453324,2.0,-3.0,-80.0
1777890375.5553324,2.0,-4.0,-81.0
1777890375.5653324,1.0,-6.0,-83.0
1777890375.5753324,-4.0,-4.0,-88.0
1777890375.5853324,-3.0,-1.0,-83.0
1777890375.5953324,-3.0,0.0,-76.0
1777890375.6053324,-8.0,2.0,-79.0
1777890375.6153324,-7.0,1.0,-78.0
1777890375.6253324,-7.0,0.0,-74.0
1777890375.6353323,-8.0,1.0,-74.0
1777890375.6453323,-8.0,1.0,-73.0
1777890375.6553323,-6.0,1.0,-74.0
1777890375.6653323,-2.0,-2.0,-74.0
1777890375.6753323,-2.0,0.0,-76.0
1777890375.6853323,-2.0,-1.0,-76.0
1777890375.6953323,-3.0,0.0,-80.0
1777890375.7053325,-3.0,0.0,-83.0
1777890375.7153325,1.0,0.0,-81.0
1777890375.7253325,3.0,0.0,-75.0
1777890375.7353325,0.0,-1.0,-73.0
1777890375.7453325,0.0,0.0,-74.0
1777890375.7553325,-3.0,-2.0,-77.0
1777890375.7653325,-3.0,-1.0,-79.0
1777890375.7753325,-3.0,-1.0,-89.0
1777890375.7853324,0.0,4.0,-78.0
1777890375.7953324,0.0,3.0,-83.0
1777890375.8053324,0.0,5.0,-87.0
1777890375.8153324,0.0,4.0,-85.0
1777890375.8253324,4.0,1.0,-82.0
1777890375.8353324,8.0,-3.0,-72.0
1777890375.8453324,6.0,-4.0,-68.0
1777890375.8553324,7.0,0.0,-70.0
1777890375.8653324,5.0,0.0,-73.0
1777890375.8753324,8.0,1.0,-76.0
1777890375.8853323,6.0,3.0,-73.0
1777890375.8953323,3.0,0.0,-76.0
1777890375.9053323,4.0,-1.0,-67.0
1777890375.9153323,8.0,2.0,-68.0
1777890375.9253323,3.0,4.0,-70.0
1777890375.9353323,0.0,3.0,-65.0
1777890375.9453323,-2.0,2.0,-63.0
1777890375.9553325,1.0,0.0,-70.0
1777890375.9653325,2.0,-1.0,-72.0
1777890375.9753325,-1.0,-1.0,-70.0
1777890375.9853325,-1.0,2.0,-72.0
1777890375.9953325,1.0,1.0,-69.0
1777890376.0053325,4.0,3.0,-74.0
1777890376.0153325,5.0,3.0,-75.0
1777890376.0253325,6.0,4.0,-78.0
1777890376.0353324,5.0,5.0,-76.0
1777890376.0453324,8.0,6.0,-77.0
1777890376.0553324,13.0,1.0,-68.0
1777890376.0653324,12.0,-1.0,-71.0
1777890376.0753324,3.0,-2.0,-71.0
1777890376.0853324,7.0,-1.0,-70.0
1777890376.0953324,6.0,-2.0,-71.0
1777890376.1053324,2.0,-2.0,-74.0
1777890376.1153324,0.0,-4.0,-71.0
1777890376.1253324,-1.0,-6.0,-68.0
1777890376.1353323,1.0,-6.0,-74.0
1777890376.1453323,4.0,-4.0,-72.0
1777890376.1553323,4.0,0.0,-72.0
1777890376.1653323,1.0,2.0,-76.0
1777890376.1753323,0.0,6.0,-79.0
1777890376.1853323,0.0,3.0,-82.0
1777890376.1953323,-3.0,2.0,-88.0
1777890376.2053325,-5.0,0.0,-81.0
1777890376.2153325,-4.0,0.0,-81.0
1777890376.2253325,1.0,0.0,-71.0
1777890376.2353325,1.0,-6.0,-66.0
1777890376.2453325,4.0,-6.0,-70.0
1777890376.2553325,4.0,-3.0,-70.0
1777890376.2653325,7.0,-1.0,-68.0
1777890376.2753325,10.0,-4.0,-72.0
1777890376.2853324,10.0,-3.0,-70.0
1777890376.2953324,8.0,-2.0,-70.0
1777890376.3053324,8.0,-1.0,-68.0
1777890376.3153324,7.0,-1.0,-72.0
1777890376.3253324,5.0,0.0,-74.0
1777890376.3353324,4.0,4.0,-77.0
1777890376.3453324,5.0,8.0,-78.0
1777890376.3553324,0.0,3.0,-81.0
1777890376.3653324,0.0,6.0,-85.0
1777890376.3753324,1.0,6.0,-81.0
1777890376.3853323,0.0,4.0,-87.0
1777890376.3953323,4.0,2.0,-81.0
1777890376.4053323,5.0,0.0,-76.0
1777890376.4153323,1.0,4.0,-73.0
1777890376.4253323,2.0,2.0,-74.0
1777890376.4353323,2.0,3.0,-68.0
1777890376.4453323,0.0,1.0,-72.0
1777890376.4553325,0.0,3.0,-79.0
1777890376.4653325,-2.0,6.0,-82.0
1777890376.4753325,-5.0,6.0,-84.0
1777890376.4853325,-9.0,3.0,-87.0
1777890376.4953325,-5.0,2.0,-87.0
1777890376.5053325,-4.0,2.0,-85.0
1777890376.5153325,-5.0,5.0,-84.0
1777890376.5253325,1.0,4.0,-84.0
1777890376.5353324,3.0,5.0,-81.0
1777890376.5453324,4.0,3.0,-80.0
1777890376.5553324,1.0,3.0,-78.0
1777890376.5653324,2.0,3.0,-79.0
1777890376.5753324,-2.0,1.0,-76.0
1777890376.5853324,-2.0,-3.0,-74.0
1777890376.5953324,0.0,-1.0,-68.0
1777890376.6053324,0.0,-1.0,-66.0
1777890376.6153324,1.0,1.0,-69.0
1777890376.6253324,3.0,2.0,-73.0
1777890376.6353323,1.0,2.0,-73.0
1777890376.6453323,-1.0,0.0,-71.0
1777890376.6553323,3.0,0.0,-67.0
1777890376.6653323,4.0,-1.0,-67.0
1777890376.6753323,3.0,-2.0,-71.0
1777890376.6853323,2.0,1.0,-71.0
1777890376.6953323,-1.0,-1.0,-79.0
1777890376.7053325,-1.0,-3.0,-69.0
1777890376.7153325,0.0,-7.0,-74.0
1777890376.7253325,3.0,-5.0,-75.0
1777890376.7353325,8.0,0.0,-72.0
1777890376.7453325,5.0,-4.0,-69.0
1777890376.7553325,2.0,-1.0,-63.0
1777890376.7653325,1.0,4.0,-70.0
1777890376.7753325,0.0,7.0,-69.0
1777890376.7853324,-1.0,5.0,-65.0
1777890376.7953324,-2.0,-1.0,-64.0
1777890376.8053324,-1.0,0.0,-66.0
1777890376.8153324,-4.0,0.0,-71.0
1777890376.8253324,-4.0,1.0,-73.0
1777890376.8353324,-5.0,4.0,-71.0
1777890376.8453324,-1.0,4.0,-69.0
1777890376.8553324,-5.0,0.0,-64.0
1777890376.8653324,-2.0,0.0,-69.0
1777890376.8753324,-3.0,-2.0,-66.0
1777890376.8853323,0.0,-1.0,-69.0
1777890376.8953323,0.0,-6.0,-70.0
1777890376.9053323,3.0,-4.0,-74.0
1777890376.9153323,3.0,-7.0,-73.0
1777890376.9253323,4.0,-4.0,-72.0
1777890376.9353323,4.0,-4.0,-73.0
1777890376.9453323,3.0,-4.0,-72.0
1777890376.9553325,10.0,-2.0,-69.0
1777890376.9653325,10.0,0.0,-72.0
1777890376.9753325,10.0,-2.0,-74.0
1777890376.9853325,6.0,-5.0,-77.0
1777890376.9953325,4.0,-5.0,-76.0
1777890377.0053325,8.0,-4.0,-77.0
1777890377.0153325,9.0,-4.0,-74.0
1777890377.0253325,9.0,-4.0,-82.0
1777890377.0353324,3.0,-4.0,-80.0
1777890377.0453324,1.0,-6.0,-83.0
1777890377.0553324,2.0,-7.0,-78.0
1777890377.0653324,0.0,-5.0,-74.0
1777890377.0753324,-2.0,-5.0,-72.0
1777890377.0853324,0.0,1.0,-71.0
1777890377.0953324,-1.0,9.0,-69.0
1777890377.1053324,0.0,6.0,-65.0
1777890377.1153324,2.0,5.0,-70.0
1777890377.1253324,7.0,5.0,-69.0
1777890377.1353323,13.0,1.0,-71.0
1777890377.1453323,14.0,1.0,-69.0
1777890377.1553323,10.0,3.0,-68.0
1777890377.1653323,7.0,0.0,-66.0
1777890377.1763325,6.0,0.0,-66.0
1777890377.1863325,4.0,-2.0,-69.0
1777890377.1963325,8.0,-3.0,-73.0
1777890377.2063324,9.0,-6.0,-70.0
1777890377.2163324,6.0,-5.0,-70.0
1777890377.2263324,7.0,-4.0,-78.0
1777890377.2363324,7.0,-2.0,-73.0
1777890377.2463324,6.0,0.0,-74.0
1777890377.2563324,3.0,0.0,-72.0
1777890377.2663324,0.0,2.0,-73.0
1777890377.2763324,0.0,2.0,-66.0
1777890377.2863324,1.0,1.0,-68.0
1777890377.2963324,4.0,-1.0,-68.0
1777890377.3063323,6.0,1.0,-73.0
1777890377.3163323,5.0,2.0,-73.0
1777890377.3263323,6.0,1.0,-71.0
1777890377.3363323,6.0,0.0,-77.0
1777890377.3463323,0.0,-2.0,-71.0
1777890377.3563323,3.0,-3.0,-66.0
1777890377.3663323,7.0,0.0,-72.0
1777890377.3763323,7.0,0.0,-70.0
1777890377.3863325,4.0,-2.0,-73.0
1777890377.3963325,6.0,-1.0,-76.0
1777890377.4063325,4.0,-2.0,-83.0
1777890377.4163325,6.0,-5.0,-80.0
1777890377.4263325,5.0,-6.0,-80.0
1777890377.4363325,2.0,-3.0,-78.0
1777890377.4463325,2.0,1.0,-75.0
1777890377.4563324,-1.0,0.0,-80.0
1777890377.4663324,-4.0,0.0,-80.0
1777890377.4763324,-3.0,0.0,-74.0
1777890377.4863324,-3.0,2.0,-75.0
1777890377.4963324,0.0,1.0,-75.0
1777890377.5063324,-2.0,1.0,-71.0
1777890377.5163324,-8.0,0.0,-73.0
1777890377.5263324,-9.0,-1.0,-69.0
1777890377.5363324,-4.0,-1.0,-69.0
1777890377.5463324,0.0,0.0,-65.0
1777890377.5563323,0.0,-2.0,-73.0
1777890377.5663323,0.0,-2.0,-76.0
1777890377.5763323,-2.0,-2.0,-81.0
1777890377.5863323,-3.0,-1.0,-80.0
1777890377.5963323,-2.0,0.0,-74.0
1777890377.6063323,-2.0,0.0,-71.0
1777890377.6163323,-1.0,2.0,-74.0
1777890377.6263323,7.0,0.0,-74.0
1777890377.6363325,9.0,-1.0,-72.0
1777890377.6463325,3.0,1.0,-73.0
1777890377.6563325,1.0,-1.0,-72.0
1777890377.6663325,1.0,-4.0,-75.0
1777890377.6763325,5.0,-1.0,-75.0
1777890377.6863325,4.0,3.0,-74.0
1777890377.6963325,5.0,0.0,-66.0
1777890377.7063324,5.0,1.0,-63.0
1777890377.7163324,5.0,3.0,-69.0
1777890377.7263324,-3.0,0.0,-68.0
1777890377.7363324,-4.0,2.0,-71.0
1777890377.7463324,-1.0,0.0,-65.0
1777890377.7563324,-1.0,-5.0,-68.0
1777890377.7663324,0.0,-2.0,-77.0
1777890377.7763324,3.0,-4.0,-79.0
1777890377.7863324,1.0,-3.0,-82.0
1777890377.7963324,4.0,-10.0,-86.0
1777890377.8063323,9.0,-6.0,-90.0
1777890377.8163323,9.0,-1.0,-84.0
1777890377.8263323,7.0,-5.0,-83.0
1777890377.8363323,9.0,-3.0,-75.0
1777890377.8463323,9.0,-2.0,-70.0
1777890377.8563323,5.0,-6.0,-73.0
1777890377.8663323,4.0,-4.0,-75.0
1777890377.8763323,4.0,-2.0,-73.0
1777890377.8863325,3.0,2.0,-73.0
1777890377.8973324,4.0,0.0,-78.0
1777890377.9063325,7.0,0.0,-77.0
1777890377.9163325,5.0,-1.0,-73.0
1777890377.9263325,5.0,0.0,-68.0
1777890377.9363325,1.0,1.0,-65.0
1777890377.9463325,5.0,1.0,-55.0
1777890377.9563324,8.0,1.0,-62.0
1777890377.9663324,3.0,2.0,-65.0
1777890377.9763324,1.0,2.0,-63.0
1777890377.9863324,0.0,0.0,-67.0
1777890377.9963324,-4.0,0.0,-69.0
1777890378.0063324,-8.0,0.0,-76.0
1777890378.0163324,-5.0,2.0,-81.0
1777890378.0263324,-3.0,0.0,-86.0
1777890378.0363324,-4.0,0.0,-79.0
1777890378.0463324,-1.0,0.0,-70.0
1777890378.0563323,-1.0,-4.0,-74.0
1777890378.0663323,4.0,-1.0,-67.0
1777890378.0763323,4.0,0.0,-72.0
1777890378.0863323,0.0,0.0,-71.0
1777890378.0963323,-5.0,0.0,-76.0
1777890378.1063323,0.0,0.0,-79.0
1777890378.1163323,0.0,0.0,-76.0
1777890378.1263323,5.0,-1.0,-76.0
1777890378.1363325,3.0,-1.0,-76.0
1777890378.1463325,7.0,-1.0,-69.0
1777890378.1563325,2.0,0.0,-71.0
1777890378.1663325,4.0,0.0,-68.0
1777890378.1763325,5.0,3.0,-75.0
1777890378.1863325,7.0,3.0,-71.0
1777890378.1963325,8.0,0.0,-70.0
1777890378.2063324,2.0,4.0,-70.0
1777890378.2163324,3.0,0.0,-73.0
1777890378.2263324,1.0,0.0,-73.0
1777890378.2363324,5.0,-2.0,-73.0
1777890378.2463324,0.0,-2.0,-74.0
1777890378.2563324,-4.0,1.0,-71.0
1777890378.2663324,-2.0,0.0,-75.0
1777890378.2763324,-2.0,-1.0,-77.0
1777890378.2863324,-2.0,2.0,-77.0
1777890378.2963324,-4.0,1.0,-77.0
1777890378.3063323,-5.0,0.0,-76.0
1777890378.3163323,-6.0,0.0,-78.0
1777890378.3263323,-4.0,-1.0,-82.0
1777890378.3363323,3.0,-4.0,-82.0
1777890378.3463323,5.0,-6.0,-80.0
1777890378.3563323,4.0,-6.0,-73.0
1777890378.3663323,2.0,-6.0,-68.0
1777890378.3763323,2.0,-6.0,-69.0
1777890378.3863325,0.0,-1.0,-76.0
1777890378.3963325,0.0,2.0,-86.0
1777890378.4063325,-2.0,1.0,-89.0
1777890378.4163325,0.0,0.0,-83.0
1777890378.4263325,0.0,0.0,-84.0
1777890378.4363325,0.0,0.0,-84.0
1777890378.4463325,0.0,-1.0,-85.0
1777890378.4563324,0.0,-3.0,-88.0
1777890378.4663324,2.0,-4.0,-79.0
1777890378.4763324,0.0,-5.0,-81.0
1777890378.4863324,-1.0,-2.0,-77.0
1777890378.4963324,0.0,0.0,-75.0
1777890378.5063324,2.0,1.0,-68.0
1777890378.5163324,2.0,3.0,-68.0
1777890378.5263324,0.0,0.0,-71.0
1777890378.5363324,1.0,0.0,-77.0
1777890378.5463324,3.0,2.0,-81.0
1777890378.5563323,0.0,4.0,-74.0
1777890378.5663323,2.0,2.0,-75.0
1777890378.5763323,6.0,1.0,-73.0
1777890378.5863323,7.0,0.0,-70.0
1777890378.5963323,0.0,-4.0,-73.0
1777890378.6063323,3.0,0.0,-76.0
1777890378.6163323,3.0,0.0,-73.0
1777890378.6263323,7.0,-3.0,-74.0
1777890378.6363325,5.0,-3.0,-68.0
1777890378.6463325,5.0,-4.0,-69.0
1777890378.6563325,3.0,-3.0,-73.0
1777890378.6663325,6.0,0.0,-74.0
1777890378.6763325,0.0,0.0,-74.0
1777890378.6863325,-3.0,0.0,-74.0
1777890378.6963325,-5.0,0.0,-69.0
1777890378.7063324,-1.0,-3.0,-71.0
1777890378.7163324,-2.0,0.0,-74.0
1777890378.7263324,-1.0,0.0,-78.0
1777890378.7363324,-2.0,0.0,-81.0
1777890378.7463324,-1.0,1.0,-79.0
1777890378.7563324,0.0,-4.0,-84.0
1777890378.7663324,3.0,-4.0,-75.0
1777890378.7763324,5.0,-3.0,-70.0
1777890378.7863324,2.0,-1.0,-69.0
1777890378.7963324,-3.0,3.0,-66.0
1777890378.8063323,-7.0,0.0,-69.0
1777890378.8163323,-7.0,-2.0,-63.0
1777890378.8263323,-4.0,3.0,-61.0
1777890378.8363323,0.0,3.0,-64.0
1777890378.8463323,4.0,0.0,-65.0
1777890378.8563323,6.0,0.0,-68.0
1777890378.8663323,4.0,-4.0,-69.0
1777890378.8763323,1.0,-3.0,-60.0
1777890378.8863325,0.0,-4.0,-65.0
1777890378.8963325,3.0,-7.0,-70.0
1777890378.9063325,1.0,-4.0,-69.0
1777890378.9163325,1.0,-2.0,-69.0
1777890378.9263325,1.0,0.0,-68.0
1777890378.9363325,7.0,-4.0,-76.0
1777890378.9463325,7.0,-3.0,-80.0
1777890378.9563324,2.0,-5.0,-82.0
1777890378.9663324,1.0,-4.0,-78.0
1777890378.9763324,1.0,0.0,-78.0
1777890378.9863324,3.0,1.0,-75.0
1777890378.9963324,7.0,0.0,-71.0
1777890379.0063324,7.0,0.0,-77.0
1777890379.0163324,6.0,0.0,-78.0
1777890379.0263324,7.0,1.0,-78.0
1777890379.0363324,7.0,0.0,-81.0
1777890379.0463324,5.0,-2.0,-76.0
1777890379.0563323,6.0,-1.0,-78.0
1777890379.0663323,5.0,0.0,-85.0
1777890379.0763323,6.0,-4.0,-89.0
1777890379.0863323,6.0,-2.0,-86.0
1777890379.0963323,4.0,0.0,-75.0
1777890379.1063323,0.0,0.0,-75.0
1777890379.1163323,-2.0,0.0,-71.0
1777890379.1263323,-3.0,1.0,-70.0
1777890379.1363325,1.0,0.0,-62.0
1777890379.1463325,1.0,0.0,-63.0
1777890379.1563325,3.0,0.0,-76.0
1777890379.1663325,0.0,-1.0,-73.0
1777890379.1773324,-5.0,-2.0,-69.0
1777890379.1873324,-3.0,-4.0,-62.0
1777890379.1973324,-8.0,-8.0,-65.0
1777890379.2073324,-9.0,-4.0,-66.0
1777890379.2173324,-10.0,-2.0,-66.0
1777890379.2273324,-4.0,-2.0,-68.0
1777890379.2373323,-3.0,-3.0,-72.0
1777890379.2473323,0.0,-5.0,-80.0
1777890379.2573323,-6.0,-4.0,-83.0
1777890379.2673323,-7.0,-2.0,-76.0
1777890379.2773323,-10.0,-3.0,-78.0
1777890379.2873323,-10.0,0.0,-76.0
1777890379.2973323,-7.0,0.0,-71.0
1777890379.3073325,-7.0,0.0,-65.0
1777890379.3173325,-4.0,-1.0,-66.0
1777890379.3273325,-6.0,-2.0,-73.0
1777890379.3373325,-4.0,-2.0,-77.0
1777890379.3473325,0.0,1.0,-75.0
1777890379.3573325,-3.0,3.0,-74.0
1777890379.3673325,-3.0,0.0,-73.0
1777890379.3773324,-2.0,2.0,-78.0
1777890379.3873324,-2.0,3.0,-75.0
1777890379.3973324,0.0,4.0,-71.0
1777890379.4073324,-5.0,0.0,-74.0
1777890379.4173324,-3.0,0.0,-75.0
1777890379.4273324,-5.0,2.0,-78.0
1777890379.4373324,-2.0,0.0,-77.0
1777890379.4473324,-1.0,0.0,-72.0
1777890379.4573324,0.0,-2.0,-67.0
1777890379.4673324,0.0,-5.0,-67.0
1777890379.4773324,1.0,-6.0,-64.0
1777890379.4873323,-1.0,-7.0,-62.0
1777890379.4973323,2.0,-2.0,-66.0
1777890379.5073323,6.0,-1.0,-64.0
1777890379.5173323,6.0,-5.0,-63.0
1777890379.5273323,4.0,-5.0,-66.0
1777890379.5373323,5.0,-5.0,-69.0
1777890379.5473323,4.0,-1.0,-67.0
1777890379.5573325,4.0,-4.0,-66.0
1777890379.5673325,0.0,-5.0,-66.0
1777890379.5773325,0.0,-4.0,-72.0
1777890379.5873325,2.0,-5.0,-68.0
1777890379.5973325,7.0,-2.0,-68.0
1777890379.6073325,8.0,0.0,-71.0
1777890379.6173325,8.0,0.0,-71.0
1777890379.6273324,8.0,-1.0,-71.0
1777890379.6373324,7.0,-1.0,-72.0
1777890379.6473324,12.0,0.0,-65.0
1777890379.6573324,9.0,-3.0,-65.0
1777890379.6673324,6.0,0.0,-67.0
1777890379.6773324,5.0,-4.0,-69.0
1777890379.6873324,4.0,-2.0,-73.0
1777890379.6973324,3.0,0.0,-73.0
1777890379.7073324,3.0,0.0,-68.0
1777890379.7173324,6.0,-5.0,-69.0
1777890379.7273324,3.0,-7.0,-72.0
1777890379.7373323,4.0,-6.0,-81.0
1777890379.7473323,6.0,-10.0,-80.0
1777890379.7573323,7.0,-11.0,-82.0
1777890379.7673323,9.0,-11.0,-82.0
1777890379.7773323,6.0,-11.0,-79.0
1777890379.7873323,3.0,-10.0,-79.0
1777890379.7973323,1.0,-8.0,-77.0
1777890379.8073325,1.0,-9.0,-72.0
1777890379.8173325,1.0,-10.0,-71.0
1777890379.8273325,-1.0,-9.0,-74.0
1777890379.8373325,-3.0,-5.0,-77.0
1777890379.8473325,-3.0,-11.0,-79.0
1777890379.8573325,-1.0,-10.0,-83.0
1777890379.8673325,-2.0,-4.0,-79.0
1777890379.8773324,-2.0,0.0,-82.0
1777890379.8873324,-1.0,2.0,-79.0
1777890379.8973324,1.0,0.0,-81.0
1777890379.9073324,2.0,-2.0,-83.0
1777890379.9173324,4.0,-4.0,-81.0
1777890379.9273324,4.0,-3.0,-75.0
1777890379.9373324,5.0,-2.0,-71.0
1777890379.9473324,4.0,1.0,-72.0
1777890379.9573324,0.0,2.0,-70.0
1777890379.9673324,1.0,1.0,-72.0
1777890379.9773324,4.0,1.0,-75.0
1777890379.9873323,3.0,4.0,-76.0
1777890379.9973323,-2.0,0.0,-78.0
1777890380.0073323,-7.0,-7.0,-77.0
1777890380.0173323,-7.0,-8.0,-79.0
1777890380.0273323,-10.0,-8.0,-78.0
1777890380.0373323,-14.0,-7.0,-77.0
1777890380.0473323,-7.0,-6.0,-77.0
1777890380.0573325,-5.0,-2.0,-77.0
1777890380.0673325,-3.0,-1.0,-76.0
1777890380.0773325,-2.0,-5.0,-77.0
1777890380.0873325,1.0,-5.0,-75.0
1777890380.0973325,1.0,-3.0,-67.0
1777890380.1073325,2.0,-9.0,-68.0
1777890380.1173325,2.0,-13.0,-75.0
1777890380.1273324,3.0,-8.0,-73.0
1777890380.1373324,4.0,-11.0,-74.0
1777890380.1473324,4.0,-10.0,-81.0
1777890380.1573324,2.0,-7.0,-76.0
1777890380.1673324,0.0,-6.0,-77.0
1777890380.1773324,0.0,-4.0,-72.0
1777890380.1873324,0.0,-4.0,-68.0
1777890380.1973324,1.0,-7.0,-71.0
1777890380.2073324,-1.0,-6.0,-74.0
1777890380.2173324,0.0,-6.0,-68.0
1777890380.2273324,-1.0,-2.0,-70.0
1777890380.2373323,-5.0,0.0,-74.0
1777890380.2473323,-2.0,0.0,-74.0
1777890380.2573323,0.0,0.0,-71.0
1777890380.2673323,-1.0,-1.0,-65.0
1777890380.2773323,-4.0,-1.0,-66.0
1777890380.2873323,2.0,-1.0,-67.0
1777890380.2973323,7.0,-2.0,-63.0
1777890380.3073325,4.0,-5.0,-67.0
1777890380.3173325,4.0,-3.0,-64.0
1777890380.3273325,4.0,1.0,-66.0
1777890380.3373325,2.0,0.0,-69.0
1777890380.3473325,1.0,-4.0,-73.0
1777890380.3573325,-1.0,-5.0,-79.0
1777890380.3673325,-1.0,-3.0,-79.0
1777890380.3773324,-1.0,0.0,-75.0
1777890380.3873324,-1.0,0.0,-70.0
1777890380.3973324,0.0,2.0,-69.0
1777890380.4073324,0.0,3.0,-71.0
1777890380.4173324,0.0,4.0,-78.0
1777890380.4273324,2.0,0.0,-78.0
1777890380.4373324,3.0,-4.0,-78.0
1777890380.4473324,1.0,-3.0,-84.0
1777890380.4573324,-1.0,-3.0,-81.0
1777890380.4673324,0.0,-4.0,-82.0
1777890380.4773324,1.0,-7.0,-83.0
1777890380.4873323,4.0,-6.0,-84.0
1777890380.4973323,6.0,-6.0,-80.0
1777890380.5073323,3.0,-4.0,-75.0
1777890380.5173323,1.0,-3.0,-78.0
1777890380.5273323,-1.0,0.0,-81.0
1777890380.5373323,-3.0,-3.0,-75.0
1777890380.5473323,1.0,-3.0,-67.0
1777890380.5573325,3.0,0.0,-65.0
1777890380.5673325,5.0,0.0,-68.0
1777890380.5773325,7.0,-1.0,-77.0
1777890380.5873325,1.0,0.0,-73.0
1777890380.5973325,-2.0,1.0,-67.0
1777890380.6073325,-3.0,-1.0,-66.0
1777890380.6173325,-1.0,-4.0,-75.0
1777890380.6273324,1.0,-4.0,-74.0
1777890380.6373324,4.0,-8.0,-81.0
1777890380.6473324,3.0,-15.0,-80.0
1777890380.6573324,1.0,-13.0,-84.0
1777890380.6673324,1.0,-11.0,-88.0
1777890380.6773324,4.0,-1.0,-80.0
1777890380.6873324,2.0,-6.0,-79.0
1777890380.6973324,2.0,-7.0,-75.0
1777890380.7073324,2.0,-6.0,-73.0
1777890380.7173324,2.0,-5.0,-77.0
1777890380.7273324,4.0,0.0,-73.0
1777890380.7373323,8.0,2.0,-76.0
1777890380.7473323,9.0,3.0,-79.0
1777890380.7573323,6.0,1.0,-76.0
1777890380.7673323,5.0,2.0,-77.0
1777890380.7773323,6.0,1.0,-81.0
1777890380.7873323,7.0,2.0,-74.0
1777890380.7973323,7.0,-2.0,-76.0
1777890380.8073325,3.0,-4.0,-78.0
1777890380.8173325,5.0,-1.0,-78.0
1777890380.8273325,6.0,0.0,-73.0
1777890380.8373325,6.0,-1.0,-70.0
1777890380.8473325,2.0,-3.0,-74.0
1777890380.8573325,0.0,-4.0,-71.0
1777890380.8673325,1.0,-5.0,-77.0
1777890380.8773324,-2.0,-9.0,-80.0
1777890380.8873324,-2.0,-6.0,-79.0
1777890380.8973324,1.0,-9.0,-78.0
1777890380.9073324,4.0,-5.0,-78.0
1777890380.9173324,5.0,-7.0,-81.0
1777890380.9273324,3.0,-6.0,-82.0
1777890380.9373324,4.0,-12.0,-88.0
1777890380.9473324,1.0,-12.0,-87.0
1777890380.9573324,0.0,-10.0,-85.0
1777890380.9673324,0.0,-6.0,-89.0
1777890380.9773324,0.0,-1.0,-84.0
1777890380.9873323,2.0,2.0,-83.0
1777890380.9973323,1.0,3.0,-76.0
1777890381.0073323,-2.0,4.0,-78.0
1777890381.0173323,3.0,0.0,-86.0
1777890381.0273323,6.0,-2.0,-88.0
1777890381.0373323,3.0,-2.0,-88.0
1777890381.0473323,0.0,-2.0,-89.0
1777890381.0573325,1.0,-3.0,-88.0
1777890381.0673325,0.0,-3.0,-88.0
1777890381.0773325,0.0,0.0,-79.0
1777890381.0873325,0.0,3.0,-76.0
1777890381.0973325,1.0,0.0,-76.0
1777890381.1073325,-1.0,1.0,-72.0
1777890381.1173325,0.0,2.0,-67.0
1777890381.1283324,-3.0,1.0,-65.0
1777890381.1383324,0.0,0.0,-69.0
1777890381.1473324,1.0,1.0,-71.0
1777890381.1583323,3.0,-2.0,-68.0
1777890381.1683323,3.0,-1.0,-70.0
1777890381.1783323,4.0,-2.0,-69.0
1777890381.1883323,6.0,-2.0,-74.0
1777890381.1983323,3.0,-3.0,-73.0
1777890381.2083323,1.0,-1.0,-80.0
1777890381.2183323,1.0,0.0,-77.0
1777890381.2283323,-1.0,-2.0,-76.0
1777890381.2383325,0.0,-4.0,-73.0
1777890381.2483325,-1.0,-5.0,-66.0
1777890381.2583325,1.0,-1.0,-64.0
1777890381.2683325,0.0,-1.0,-64.0
1777890381.2783325,5.0,-1.0,-62.0
1777890381.2883325,6.0,0.0,-58.0
1777890381.2983325,10.0,2.0,-64.0
1777890381.3083324,7.0,0.0,-68.0
1777890381.3183324,3.0,-2.0,-68.0
1777890381.3283324,-2.0,-2.0,-71.0
1777890381.3383324,1.0,-2.0,-72.0
1777890381.3483324,-3.0,-4.0,-72.0
1777890381.3583324,-6.0,-4.0,-74.0
1777890381.3683324,-3.0,-4.0,-76.0
1777890381.3783324,-5.0,-2.0,-79.0
1777890381.3883324,-6.0,0.0,-84.0
1777890381.3983324,-9.0,-1.0,-79.0
1777890381.4083323,-11.0,-2.0,-83.0
1777890381.4183323,-8.0,-1.0,-79.0
1777890381.4283323,-8.0,0.0,-74.0
1777890381.4383323,-11.0,2.0,-71.0
1777890381.4483323,-9.0,1.0,-74.0
1777890381.4583323,-8.0,2.0,-78.0
1777890381.4683323,-3.0,1.0,-89.0
1777890381.4783323,2.0,-3.0,-83.0
1777890381.4883325,1.0,-4.0,-81.0
1777890381.4983325,2.0,0.0,-75.0
1777890381.5083325,2.0,6.0,-80.0
1777890381.5183325,-4.0,5.0,-78.0
1777890381.5283325,-8.0,2.0,-87.0
1777890381.5383325,-7.0,1.0,-80.0
1777890381.5483325,-5.0,-1.0,-80.0
1777890381.5583324,-1.0,-4.0,-81.0
1777890381.5683324,-1.0,0.0,-77.0
1777890381.5783324,-5.0,3.0,-81.0
1777890381.5883324,-5.0,1.0,-75.0
1777890381.5983324,-3.0,4.0,-78.0
1777890381.6083324,-1.0,1.0,-78.0
1777890381.6183324,-4.0,-2.0,-77.0
1777890381.6283324,2.0,-5.0,-75.0
1777890381.6383324,2.0,-2.0,-83.0
1777890381.6483324,5.0,0.0,-80.0
1777890381.6583323,5.0,0.0,-74.0
1777890381.6683323,1.0,2.0,-76.0
1777890381.6783323,2.0,4.0,-77.0
1777890381.6883323,5.0,3.0,-76.0
1777890381.6983323,7.0,1.0,-80.0
1777890381.7083323,5.0,-4.0,-77.0
1777890381.7183323,0.0,-4.0,-75.0
1777890381.7283323,4.0,-1.0,-76.0
1777890381.7383325,6.0,1.0,-77.0
1777890381.7483325,5.0,0.0,-78.0
1777890381.7583325,8.0,1.0,-76.0
1777890381.7683325,8.0,3.0,-74.0
1777890381.7783325,6.0,2.0,-66.0
1777890381.7883325,6.0,1.0,-61.0
1777890381.7983325,7.0,-1.0,-68.0
1777890381.8083324,5.0,-5.0,-72.0
1777890381.8183324,6.0,-4.0,-77.0
1777890381.8283324,13.0,-2.0,-75.0
1777890381.8383324,10.0,0.0,-71.0
1777890381.8483324,5.0,1.0,-77.0
1777890381.8583324,3.0,5.0,-68.0
1777890381.8683324,2.0,1.0,-69.0
1777890381.8783324,3.0,0.0,-72.0
1777890381.8883324,2.0,0.0,-72.0
1777890381.8983324,1.0,1.0,-72.0
1777890381.9083323,2.0,3.0,-73.0
1777890381.9183323,4.0,2.0,-73.0
1777890381.9283323,4.0,1.0,-76.0
1777890381.9383323,2.0,1.0,-74.0
1777890381.9483323,3.0,3.0,-82.0
1777890381.9583323,3.0,4.0,-80.0
1777890381.9683323,3.0,4.0,-79.0
1777890381.9783323,2.0,4.0,-81.0
1777890381.9883325,0.0,4.0,-80.0
1777890381.9983325,-4.0,0.0,-75.0
1777890382.0083325,-4.0,-3.0,-76.0
1777890382.0183325,-1.0,-5.0,-73.0
1777890382.0283325,-1.0,-5.0,-76.0
1777890382.0383325,-4.0,-4.0,-81.0
1777890382.0483325,-7.0,0.0,-84.0
1777890382.0583324,-10.0,2.0,-78.0
1777890382.0683324,-9.0,0.0,-76.0
1777890382.0783324,-13.0,-3.0,-79.0
1777890382.0883324,-10.0,1.0,-78.0
1777890382.0983324,-8.0,6.0,-74.0
1777890382.1083324,-8.0,6.0,-76.0
1777890382.1183324,-4.0,5.0,-75.0
1777890382.1283324,-3.0,2.0,-72.0
1777890382.1383324,-2.0,0.0,-75.0
1777890382.1483324,-1.0,0.0,-76.0
1777890382.1583323,0.0,0.0,-76.0
1777890382.1683323,-1.0,-2.0,-74.0
1777890382.1783323,-1.0,-3.0,-69.0
1777890382.1883323,-1.0,-1.0,-67.0
1777890382.1983323,-3.0,-3.0,-70.0
1777890382.2083323,-9.0,0.0,-73.0
1777890382.2183323,-9.0,4.0,-79.0
1777890382.2283323,-5.0,3.0,-79.0
1777890382.2383325,-4.0,4.0,-76.0
1777890382.2483325,-4.0,2.0,-82.0
1777890382.2583325,-3.0,-2.0,-78.0
1777890382.2683325,-5.0,-3.0,-71.0
1777890382.2783325,0.0,-1.0,-65.0
1777890382.2883325,3.0,-2.0,-69.0
1777890382.2983325,8.0,-7.0,-70.0
1777890382.3083324,8.0,-6.0,-67.0
1777890382.3183324,2.0,-6.0,-67.0
1777890382.3283324,-1.0,-6.0,-68.0
1777890382.3383324,-1.0,-6.0,-76.0
1777890382.3483324,-4.0,-4.0,-70.0
1777890382.3583324,-5.0,-3.0,-72.0
1777890382.3683324,-3.0,-4.0,-64.0
1777890382.3783324,-1.0,-3.0,-66.0
1777890382.3883324,3.0,-2.0,-73.0
1777890382.3983324,2.0,-4.0,-74.0
1777890382.4083323,0.0,-4.0,-70.0
1777890382.4183323,1.0,-2.0,-67.0
1777890382.4283323,2.0,-3.0,-68.0
1777890382.4383323,2.0,-5.0,-77.0
1777890382.4483323,6.0,-5.0,-77.0
1777890382.4583323,4.0,-2.0,-75.0
1777890382.4683323,-1.0,0.0,-85.0
1777890382.4783323,1.0,1.0,-84.0
1777890382.4883325,-4.0,4.0,-84.0
1777890382.4983325,-1.0,5.0,-80.0
1777890382.5083325,2.0,5.0,-77.0
1777890382.5183325,4.0,1.0,-76.0
1777890382.5283325,7.0,0.0,-80.0
1777890382.5383325,3.0,2.0,-84.0
1777890382.5483325,3.0,0.0,-75.0
1777890382.5583324,3.0,-2.0,-74.0
1777890382.5683324,-2.0,2.0,-73.0
1777890382.5783324,-5.0,3.0,-78.0
1777890382.5883324,-4.0,-1.0,-81.0
1777890382.5983324,-1.0,-1.0,-77.0
1777890382.6083324,0.0,-2.0,-81.0
1777890382.6183324,0.0,0.0,-85.0
1777890382.6283324,3.0,-4.0,-92.0
1777890382.6383324,5.0,-3.0,-91.0
1777890382.6483324,5.0,-7.0,-94.0
1777890382.6583323,3.0,-9.0,-93.0
1777890382.6683323,2.0,-6.0,-90.0
1777890382.6783323,2.0,-5.0,-92.0
1777890382.6883323,2.0,-3.0,-88.0
1777890382.6983323,3.0,-5.0,-89.0
1777890382.7083323,2.0,-5.0,-88.0
1777890382.7183323,2.0,-6.0,-84.0
1777890382.7283323,3.0,-5.0,-76.0
1777890382.7383325,3.0,-6.0,-76.0
1777890382.7483325,2.0,-5.0,-72.0
1777890382.7583325,0.0,-6.0,-73.0
1777890382.7683325,0.0,-6.0,-68.0
1777890382.7783325,0.0,0.0,-70.0
1777890382.7883325,0.0,2.0,-74.0
1777890382.7983325,-1.0,5.0,-71.0
1777890382.8083324,0.0,4.0,-72.0
1777890382.8183324,2.0,0.0,-74.0
1777890382.8283324,5.0,4.0,-76.0
1777890382.8383324,2.0,0.0,-73.0
1777890382.8483324,6.0,0.0,-71.0
1777890382.8583324,3.0,0.0,-71.0
1777890382.8683324,3.0,0.0,-76.0
1777890382.8783324,4.0,0.0,-80.0
1777890382.8883324,1.0,-1.0,-84.0
1777890382.8983324,0.0,-1.0,-84.0
1777890382.9083323,-1.0,-4.0,-75.0
1777890382.9183323,0.0,-3.0,-70.0
1777890382.9283323,-1.0,0.0,-59.0
1777890382.9383323,0.0,3.0,-63.0
1777890382.9483323,1.0,3.0,-58.0
1777890382.9583323,2.0,-1.0,-61.0
1777890382.9683323,5.0,-2.0,-63.0
1777890382.9783323,2.0,-1.0,-75.0
1777890382.9883325,1.0,0.0,-78.0
1777890382.9983325,0.0,-1.0,-77.0
1777890383.0083325,5.0,-2.0,-78.0
1777890383.0183325,0.0,-1.0,-75.0
1777890383.0283325,0.0,-2.0,-77.0
1777890383.0383325,5.0,-6.0,-77.0
1777890383.0483325,4.0,-6.0,-74.0
1777890383.0583324,0.0,-5.0,-80.0
1777890383.0683324,2.0,-2.0,-81.0
1777890383.0783324,0.0,3.0,-76.0
1777890383.0883324,-1.0,3.0,-80.0
1777890383.0983324,-2.0,0.0,-79.0
1777890383.1083324,0.0,-3.0,-77.0
1777890383.1183324,-1.0,-1.0,-82.0
1777890383.1283324,2.0,-1.0,-79.0
1777890383.1393323,2.0,-3.0,-79.0
1777890383.1493323,4.0,-5.0,-83.0
1777890383.1593325,7.0,-8.0,-80.0
1777890383.1693325,4.0,-7.0,-82.0
1777890383.1793325,7.0,-8.0,-79.0
1777890383.1893325,7.0,-9.0,-79.0
1777890383.1993325,5.0,-9.0,-78.0
1777890383.2093325,5.0,-8.0,-70.0
1777890383.2193325,5.0,-10.0,-75.0
1777890383.2293324,8.0,-11.0,-85.0
1777890383.2393324,8.0,-8.0,-87.0
1777890383.2493324,4.0,-8.0,-82.0
1777890383.2593324,4.0,-7.0,-78.0
1777890383.2693324,4.0,-7.0,-76.0
1777890383.2793324,7.0,-6.0,-80.0
1777890383.2893324,0.0,-6.0,-83.0
1777890383.2993324,4.0,-3.0,-78.0
1777890383.3093324,2.0,-7.0,-77.0
1777890383.3193324,-2.0,-9.0,-79.0
1777890383.3293324,-2.0,-10.0,-76.0
1777890383.3393323,-3.0,-9.0,-75.0
1777890383.3493323,-4.0,-7.0,-76.0
1777890383.3593323,-6.0,-3.0,-72.0
1777890383.3693323,-10.0,-2.0,-71.0
1777890383.3793323,-8.0,0.0,-77.0
1777890383.3893323,-3.0,-4.0,-68.0
1777890383.3993323,-5.0,-2.0,-62.0
1777890383.4093325,-2.0,-1.0,-62.0
1777890383.4193325,-3.0,-1.0,-65.0
1777890383.4293325,-6.0,0.0,-64.0
1777890383.4393325,-6.0,-3.0,-73.0
1777890383.4493325,-3.0,0.0,-69.0
1777890383.4593325,-4.0,2.0,-72.0
1777890383.4693325,-1.0,0.0,-70.0
1777890383.4793324,0.0,0.0,-67.0
1777890383.4893324,2.0,3.0,-73.0
1777890383.4993324,0.0,-1.0,-77.0
1777890383.5093324,-2.0,-2.0,-80.0
1777890383.5193324,-3.0,0.0,-84.0
1777890383.5293324,-4.0,-1.0,-78.0
1777890383.5393324,-3.0,0.0,-78.0
1777890383.5493324,0.0,1.0,-70.0
1777890383.5593324,9.0,6.0,-76.0
1777890383.5693324,10.0,6.0,-79.0
1777890383.5793324,6.0,0.0,-75.0
1777890383.5893323,4.0,3.0,-75.0
1777890383.5993323,5.0,-1.0,-74.0
1777890383.6093323,2.0,-1.0,-73.0
1777890383.6193323,-1.0,-3.0,-73.0
1777890383.6293323,0.0,-7.0,-71.0
1777890383.6393323,1.0,-7.0,-74.0
1777890383.6493323,0.0,-6.0,-76.0
1777890383.6593325,2.0,-2.0,-70.0
1777890383.6693325,5.0,0.0,-71.0
1777890383.6793325,0.0,0.0,-76.0
1777890383.6893325,0.0,0.0,-82.0
1777890383.6993325,0.0,0.0,-88.0
1777890383.7093325,0.0,3.0,-89.0
1777890383.7193325,0.0,0.0,-88.0
1777890383.7293324,-1.0,-2.0,-90.0
1777890383.7393324,-1.0,-5.0,-91.0
1777890383.7493324,-3.0,-6.0,-84.0
1777890383.7593324,-4.0,-5.0,-83.0
1777890383.7693324,-5.0,-4.0,-82.0
1777890383.7793324,-5.0,-5.0,-78.0
1777890383.7893324,-5.0,-5.0,-73.0
1777890383.7993324,0.0,-7.0,-70.0
1777890383.8093324,3.0,-9.0,-67.0
1777890383.8193324,4.0,-8.0,-76.0
1777890383.8293324,0.0,-3.0,-76.0
1777890383.8393323,3.0,0.0,-74.0
1777890383.8493323,2.0,0.0,-72.0
1777890383.8593323,2.0,1.0,-74.0
1777890383.8693323,4.0,2.0,-67.0
1777890383.8793323,8.0,1.0,-68.0
1777890383.8893323,2.0,-3.0,-69.0
1777890383.8993323,2.0,-3.0,-71.0
1777890383.9093325,1.0,-3.0,-72.0
1777890383.9193325,6.0,0.0,-71.0
1777890383.9293325,3.0,1.0,-72.0
1777890383.9393325,-3.0,-1.0,-65.0
1777890383.9493325,-4.0,1.0,-65.0
1777890383.9593325,-1.0,0.0,-65.0
1777890383.9693325,-3.0,-1.0,-62.0
1777890383.9793324,-4.0,-3.0,-68.0
1777890383.9893324,-2.0,1.0,-66.0
1777890383.9993324,-2.0,3.0,-68.0
1777890384.0093324,-2.0,-2.0,-73.0
1777890384.0193324,-1.0,0.0,-69.0
1777890384.0293324,-2.0,2.0,-72.0
1777890384.0393324,0.0,-1.0,-72.0
1777890384.0493324,1.0,-6.0,-61.0
1777890384.0593324,0.0,-5.0,-57.0
1777890384.0693324,-2.0,-1.0,-62.0
1777890384.0793324,1.0,0.0,-62.0
1777890384.0893323,5.0,-1.0,-66.0
1777890384.0993323,2.0,1.0,-68.0
1777890384.1093323,1.0,2.0,-72.0
1777890384.1193323,6.0,-2.0,-74.0
1777890384.1293323,7.0,-4.0,-72.0
1777890384.1393323,7.0,-2.0,-77.0
1777890384.1493323,8.0,-8.0,-74.0
1777890384.1593325,7.0,-7.0,-78.0
1777890384.1693325,5.0,-7.0,-73.0
1777890384.1793325,8.0,-2.0,-69.0
1777890384.1893325,6.0,-1.0,-72.0
1777890384.1993325,1.0,-2.0,-67.0
1777890384.2093325,0.0,-4.0,-69.0
1777890384.2193325,-1.0,-5.0,-72.0
1777890384.2293324,0.0,-7.0,-75.0
1777890384.2393324,-2.0,-7.0,-70.0
1777890384.2493324,-8.0,-5.0,-67.0
1777890384.2593324,-7.0,-3.0,-66.0
1777890384.2693324,-5.0,-4.0,-64.0
1777890384.2793324,-4.0,-7.0,-61.0
1777890384.2893324,-10.0,-6.0,-67.0
1777890384.2993324,-4.0,-6.0,-75.0
1777890384.3093324,-2.0,-7.0,-75.0
1777890384.3193324,0.0,-2.0,-80.0
1777890384.3293324,-1.0,-1.0,-78.0
1777890384.3393323,-3.0,-3.0,-77.0
1777890384.3493323,-1.0,-3.0,-73.0
1777890384.3593323,-2.0,-4.0,-77.0
1777890384.3693323,-1.0,-7.0,-76.0
1777890384.3793323,2.0,-8.0,-75.0
1777890384.3893323,3.0,-6.0,-78.0
1777890384.3993323,4.0,-5.0,-74.0
1777890384.4093325,4.0,-3.0,-74.0
1777890384.4193325,0.0,-2.0,-72.0
1777890384.4293325,0.0,-2.0,-65.0
1777890384.4393325,3.0,-2.0,-70.0
1777890384.4493325,4.0,-4.0,-65.0
1777890384.4593325,4.0,-7.0,-72.0
1777890384.4693325,7.0,-5.0,-75.0
1777890384.4793324,7.0,-5.0,-74.0
1777890384.4893324,11.0,-7.0,-71.0
1777890384.4993324,7.0,-6.0,-74.0
1777890384.5093324,3.0,-4.0,-77.0
1777890384.5193324,0.0,-5.0,-74.0
1777890384.5293324,-5.0,-3.0,-69.0
1777890384.5393324,-3.0,1.0,-72.0
1777890384.5493324,-4.0,0.0,-75.0
1777890384.5593324,0.0,4.0,-75.0
1777890384.5693324,0.0,3.0,-80.0
1777890384.5793324,0.0,-1.0,-81.0
1777890384.5893323,2.0,1.0,-77.0
1777890384.5993323,3.0,2.0,-70.0
1777890384.6093323,1.0,0.0,-67.0
1777890384.6193323,5.0,0.0,-70.0
1777890384.6293323,5.0,-1.0,-69.0
1777890384.6393323,4.0,0.0,-68.0
1777890384.6493323,-2.0,0.0,-68.0
1777890384.6593325,-4.0,1.0,-66.0
1777890384.6693325,-2.0,5.0,-62.0
1777890384.6793325,0.0,6.0,-66.0
1777890384.6893325,-1.0,6.0,-71.0
1777890384.6993325,2.0,5.0,-69.0
1777890384.7093325,3.0,3.0,-67.0
1777890384.7193325,0.0,3.0,-61.0
1777890384.7293324,-2.0,1.0,-69.0
1777890384.7393324,1.0,-2.0,-71.0
1777890384.7493324,2.0,-5.0,-78.0
1777890384.7593324,-1.0,-3.0,-77.0
1777890384.7693324,-2.0,-2.0,-74.0
1777890384.7793324,0.0,-4.0,-77.0
1777890384.7893324,3.0,-5.0,-75.0
1777890384.7993324,0.0,0.0,-72.0
1777890384.8093324,0.0,-1.0,-67.0
1777890384.8193324,4.0,-3.0,-74.0
1777890384.8303325,3.0,-1.0,-71.0
1777890384.8393323,6.0,2.0,-68.0
1777890384.8493323,2.0,0.0,-64.0
1777890384.8593323,2.0,0.0,-70.0
1777890384.8693323,-1.0,-2.0,-73.0
1777890384.8793323,0.0,-1.0,-76.0
1777890384.8893323,0.0,0.0,-80.0
1777890384.8993323,1.0,5.0,-86.0
1777890384.9093325,2.0,8.0,-88.0
1777890384.9193325,-2.0,0.0,-86.0
1777890384.9293325,-8.0,0.0,-85.0
1777890384.9393325,-6.0,-1.0,-88.0
1777890384.9493325,-5.0,-1.0,-86.0
1777890384.9593325,-4.0,-2.0,-93.0
1777890384.9693325,-3.0,-4.0,-88.0
1777890384.9793324,-5.0,-5.0,-89.0
1777890384.9893324,-1.0,-5.0,-87.0
1777890384.9993324,0.0,-3.0,-86.0
1777890385.0093324,-3.0,-3.0,-89.0
1777890385.0193324,-2.0,-2.0,-83.0
1777890385.0293324,1.0,0.0,-78.0
1777890385.0393324,3.0,0.0,-83.0
1777890385.0493324,-2.0,-1.0,-84.0
1777890385.0593324,-4.0,1.0,-81.0
1777890385.0693324,-2.0,3.0,-85.0
1777890385.0793324,0.0,2.0,-90.0
1777890385.0893323,0.0,-1.0,-78.0
1777890385.0993323,0.0,-3.0,-81.0
1777890385.1093323,2.0,-7.0,-76.0
1777890385.1193323,2.0,-9.0,-65.0
1777890385.1303325,1.0,-7.0,-63.0
1777890385.1403325,0.0,-9.0,-58.0
1777890385.1503325,1.0,-9.0,-63.0
1777890385.1603324,3.0,-8.0,-69.0
1777890385.1703324,4.0,-6.0,-66.0
1777890385.1803324,1.0,-5.0,-62.0
1777890385.1903324,1.0,-7.0,-68.0
1777890385.2003324,1.0,-5.0,-67.0
1777890385.2103324,9.0,-2.0,-65.0
1777890385.2203324,8.0,1.0,-66.0
1777890385.2303324,7.0,2.0,-67.0
1777890385.2403324,4.0,2.0,-63.0
1777890385.2503324,6.0,3.0,-65.0
1777890385.2603323,5.0,2.0,-67.0
1777890385.2703323,6.0,0.0,-73.0
1777890385.2803323,3.0,0.0,-71.0
1777890385.2903323,0.0,1.0,-72.0
1777890385.3003323,0.0,3.0,-72.0
1777890385.3103323,3.0,1.0,-70.0
1777890385.3203323,2.0,-1.0,-69.0
1777890385.3303325,2.0,-2.0,-68.0
1777890385.3403325,4.0,-4.0,-69.0
1777890385.3503325,0.0,-3.0,-71.0
1777890385.3603325,3.0,-1.0,-69.0
1777890385.3703325,4.0,-2.0,-67.0
1777890385.3803325,0.0,-1.0,-61.0
1777890385.3903325,-2.0,3.0,-58.0
1777890385.4003325,-5.0,1.0,-60.0
1777890385.4103324,-2.0,0.0,-56.0
1777890385.4203324,0.0,0.0,-58.0
1777890385.4303324,-2.0,-4.0,-60.0
1777890385.4403324,0.0,-2.0,-66.0
1777890385.4503324,2.0,-6.0,-64.0
1777890385.4603324,1.0,-3.0,-66.0
1777890385.4703324,-3.0,-1.0,-74.0
1777890385.4803324,1.0,-2.0,-85.0
1777890385.4903324,7.0,0.0,-86.0
1777890385.5003324,1.0,-1.0,-80.0
1777890385.5103323,5.0,0.0,-74.0
1777890385.5203323,4.0,-2.0,-70.0
1777890385.5303323,3.0,-2.0,-70.0
1777890385.5403323,2.0,-1.0,-71.0
1777890385.5503323,2.0,-2.0,-75.0
1777890385.5603323,0.0,0.0,-79.0
1777890385.5703323,0.0,0.0,-82.0
1777890385.5803325,-1.0,0.0,-82.0
1777890385.5903325,-4.0,-3.0,-84.0
1777890385.6003325,0.0,-8.0,-82.0
1777890385.6103325,0.0,-6.0,-82.0
1777890385.6203325,0.0,-4.0,-80.0
1777890385.6303325,0.0,-4.0,-77.0
1777890385.6403325,-1.0,-5.0,-77.0
1777890385.6503325,0.0,-5.0,-74.0
1777890385.6603324,0.0,-6.0,-70.0
1777890385.6703324,2.0,-9.0,-73.0
1777890385.6803324,3.0,-7.0,-70.0
1777890385.6903324,3.0,-6.0,-72.0
1777890385.7003324,3.0,-2.0,-75.0
1777890385.7103324,3.0,-4.0,-72.0
1777890385.7203324,2.0,-1.0,-66.0
1777890385.7303324,0.0,3.0,-62.0
1777890385.7403324,-5.0,2.0,-62.0
1777890385.7503324,-3.0,2.0,-57.0
1777890385.7603323,2.0,1.0,-59.0
1777890385.7703323,2.0,1.0,-57.0
1777890385.7803323,0.0,4.0,-60.0
1777890385.7903323,-4.0,5.0,-65.0
1777890385.8003323,-3.0,6.0,-68.0
1777890385.8103323,-2.0,3.0,-71.0
1777890385.8203323,-2.0,3.0,-68.0
1777890385.8303325,0.0,4.0,-68.0
1777890385.8403325,-1.0,3.0,-68.0
1777890385.8503325,6.0,-1.0,-72.0
1777890385.8603325,7.0,2.0,-64.0
1777890385.8703325,3.0,4.0,-61.0
1777890385.8803325,1.0,0.0,-67.0
1777890385.8903325,-1.0,-3.0,-66.0
1777890385.9003325,-1.0,-4.0,-66.0
1777890385.9103324,0.0,-2.0,-63.0
1777890385.9203324,0.0,-3.0,-66.0
1777890385.9303324,-2.0,-4.0,-67.0
1777890385.9403324,-5.0,-1.0,-73.0
1777890385.9503324,-2.0,-1.0,-66.0
1777890385.9603324,-1.0,0.0,-72.0
1777890385.9703324,-2.0,-5.0,-74.0
1777890385.9803324,-2.0,-7.0,-72.0
1777890385.9903324,-4.0,-5.0,-75.0
1777890386.0003324,-2.0,-5.0,-78.0
1777890386.0103323,0.0,-1.0,-79.0
1777890386.0203323,0.0,-1.0,-75.0
1777890386.0303323,-2.0,0.0,-71.0
1777890386.0403323,0.0,0.0,-70.0
1777890386.0503323,-2.0,0.0,-72.0
1777890386.0603323,0.0,0.0,-72.0
1777890386.0703323,0.0,-4.0,-72.0
1777890386.0803325,2.0,-6.0,-77.0
1777890386.0903325,0.0,-7.0,-79.0
1777890386.1003325,2.0,-8.0,-80.0
1777890386.1103325,0.0,-9.0,-76.0
1777890386.1203325,3.0,-6.0,-74.0
1777890386.1303325,4.0,-2.0,-71.0
1777890386.1403325,0.0,-2.0,-68.0
1777890386.1503325,2.0,-2.0,-70.0
1777890386.1603324,0.0,-3.0,-73.0
1777890386.1703324,1.0,-2.0,-70.0
1777890386.1803324,3.0,0.0,-75.0
1777890386.1903324,0.0,2.0,-71.0
1777890386.2003324,-2.0,3.0,-62.0
1777890386.2103324,-1.0,4.0,-62.0
1777890386.2203324,2.0,0.0,-69.0
1777890386.2303324,1.0,0.0,-70.0
1777890386.2403324,2.0,-5.0,-72.0
1777890386.2503324,4.0,-5.0,-70.0
1777890386.2603323,0.0,-3.0,-70.0
1777890386.2703323,2.0,-4.0,-79.0
1777890386.2803323,0.0,-9.0,-77.0
1777890386.2903323,1.0,-9.0,-73.0
1777890386.3003323,-2.0,-9.0,-69.0
1777890386.3103323,-3.0,-5.0,-74.0
1777890386.3203323,5.0,-1.0,-81.0
1777890386.3303325,4.0,0.0,-80.0
1777890386.3403325,5.0,1.0,-78.0
1777890386.3503325,1.0,0.0,-74.0
1777890386.3603325,0.0,-1.0,-69.0
1777890386.3703325,-4.0,-6.0,-71.0
1777890386.3803325,-5.0,-6.0,-70.0
1777890386.3903325,-3.0,-5.0,-68.0
1777890386.4003325,-5.0,-7.0,-71.0
1777890386.4103324,-6.0,-6.0,-68.0
1777890386.4203324,-1.0,-10.0,-71.0
1777890386.4303324,-4.0,-6.0,-74.0
1777890386.4403324,-4.0,-1.0,-74.0
1777890386.4503324,0.0,-1.0,-82.0
1777890386.4603324,4.0,-4.0,-76.0
1777890386.4703324,5.0,-3.0,-77.0
1777890386.4803324,10.0,-5.0,-80.0
1777890386.4903324,8.0,-4.0,-84.0
1777890386.5003324,1.0,-3.0,-78.0
1777890386.5103323,-4.0,-4.0,-71.0
1777890386.5203323,-4.0,-1.0,-67.0
1777890386.5303323,-5.0,0.0,-77.0
1777890386.5403323,-4.0,-4.0,-74.0
1777890386.5503323,-3.0,0.0,-77.0
1777890386.5603323,-6.0,-4.0,-78.0
1777890386.5703323,-7.0,-5.0,-79.0
1777890386.5803325,-6.0,-3.0,-81.0
1777890386.5903325,-1.0,-1.0,-82.0
1777890386.6003325,0.0,-3.0,-82.0
1777890386.6103325,0.0,-3.0,-75.0
1777890386.6203325,-3.0,-7.0,-77.0
1777890386.6303325,-3.0,-8.0,-80.0
1777890386.6403325,3.0,-10.0,-82.0
1777890386.6503325,5.0,-7.0,-81.0
1777890386.6603324,4.0,-3.0,-77.0
1777890386.6703324,4.0,-3.0,-74.0
1777890386.6803324,-2.0,0.0,-71.0
1777890386.6903324,-1.0,-1.0,-73.0
1777890386.7003324,-4.0,-4.0,-70.0
1777890386.7103324,-5.0,-6.0,-74.0
1777890386.7203324,-1.0,-1.0,-79.0
1777890386.7303324,-1.0,-3.0,-75.0
1777890386.7403324,0.0,-1.0,-73.0
1777890386.7503324,2.0,-4.0,-79.0
1777890386.7603323,4.0,-5.0,-78.0
1777890386.7703323,5.0,-1.0,-74.0
1777890386.7803323,6.0,5.0,-80.0
1777890386.7903323,9.0,5.0,-79.0
1777890386.8003323,3.0,8.0,-77.0
1777890386.8103323,2.0,5.0,-73.0
1777890386.8203323,5.0,1.0,-70.0
1777890386.8303325,3.0,-3.0,-74.0
1777890386.8403325,1.0,-5.0,-80.0
1777890386.8503325,3.0,-5.0,-82.0
1777890386.8603325,4.0,-4.0,-74.0
1777890386.8703325,5.0,-1.0,-76.0
1777890386.8803325,0.0,-2.0,-71.0
1777890386.8903325,-1.0,-3.0,-71.0
1777890386.9003325,-5.0,-2.0,-73.0
1777890386.9103324,-8.0,1.0,-72.0
1777890386.9203324,-3.0,4.0,-67.0
1777890386.9303324,0.0,7.0,-65.0
1777890386.9403324,-3.0,2.0,-65.0
1777890386.9503324,-1.0,5.0,-70.0
1777890386.9603324,1.0,7.0,-72.0
1777890386.9703324,0.0,3.0,-76.0
1777890386.9803324,7.0,2.0,-77.0
1777890386.9903324,6.0,-2.0,-72.0
1777890387.0003324,3.0,-8.0,-74.0
1777890387.0103323,1.0,-7.0,-77.0
1777890387.0203323,1.0,-5.0,-82.0
1777890387.0303323,-1.0,-2.0,-79.0
1777890387.0403323,-3.0,0.0,-75.0
1777890387.0503323,-3.0,4.0,-77.0
1777890387.0603323,-2.0,1.0,-76.0
1777890387.0703323,1.0,0.0,-69.0
1777890387.0803325,-3.0,0.0,-65.0
1777890387.0903325,-5.0,1.0,-65.0
1777890387.1003325,-5.0,-1.0,-67.0
1777890387.1103325,-2.0,0.0,-70.0
1777890387.1213324,-1.0,-1.0,-73.0
1777890387.1313324,-1.0,0.0,-74.0
1777890387.1413324,1.0,-3.0,-69.0
1777890387.1513324,6.0,0.0,-75.0
1777890387.1613324,11.0,-1.0,-71.0
1777890387.1713324,11.0,-5.0,-71.0
1777890387.1813323,12.0,-3.0,-67.0
1777890387.1913323,3.0,-3.0,-78.0
1777890387.2013323,2.0,-2.0,-78.0
1777890387.2113323,1.0,1.0,-78.0
1777890387.2213323,0.0,0.0,-75.0
1777890387.2313323,0.0,2.0,-75.0
1777890387.2413323,0.0,0.0,-75.0
1777890387.2513323,0.0,-1.0,-71.0
1777890387.2613325,-1.0,-3.0,-75.0
1777890387.2713325,-1.0,0.0,-78.0
1777890387.2813325,-4.0,1.0,-75.0
1777890387.2913325,-3.0,0.0,-77.0
1777890387.3013325,-1.0,3.0,-84.0
1777890387.3113325,-4.0,5.0,-84.0
1777890387.3213325,-1.0,3.0,-84.0
1777890387.3313324,-2.0,-1.0,-79.0
1777890387.3413324,-2.0,0.0,-81.0
1777890387.3513324,-2.0,3.0,-77.0
1777890387.3613324,-7.0,4.0,-75.0
1777890387.3713324,-9.0,7.0,-82.0
1777890387.3813324,-10.0,7.0,-78.0
1777890387.3913324,-10.0,4.0,-76.0
1777890387.4013324,-7.0,3.0,-82.0
1777890387.4113324,-1.0,1.0,-74.0
1777890387.4213324,-1.0,-1.0,-71.0
1777890387.4313323,-5.0,0.0,-69.0
1777890387.4413323,-1.0,0.0,-76.0
1777890387.4513323,-4.0,0.0,-78.0
1777890387.4613323,0.0,3.0,-76.0
1777890387.4713323,3.0,6.0,-69.0
1777890387.4813323,4.0,7.0,-74.0
1777890387.4913323,2.0,4.0,-76.0
1777890387.5013323,0.0,0.0,-72.0
1777890387.5113325,0.0,-3.0,-73.0
1777890387.5213325,1.0,-5.0,-73.0
1777890387.5313325,1.0,-4.0,-71.0
1777890387.5413325,2.0,-1.0,-73.0
1777890387.5513325,8.0,0.0,-72.0
1777890387.5613325,8.0,0.0,-74.0
1777890387.5713325,9.0,-3.0,-75.0
1777890387.5813324,9.0,-5.0,-73.0
1777890387.5913324,6.0,-4.0,-75.0
1777890387.6013324,11.0,-4.0,-74.0
1777890387.6113324,5.0,-4.0,-74.0
1777890387.6213324,4.0,-7.0,-70.0
1777890387.6313324,5.0,-12.0,-76.0
1777890387.6413324,5.0,-11.0,-71.0
1777890387.6513324,4.0,-11.0,-77.0
1777890387.6613324,5.0,-11.0,-78.0
1777890387.6713324,3.0,-9.0,-76.0
1777890387.6813323,4.0,-6.0,-63.0
1777890387.6913323,4.0,-4.0,-66.0
1777890387.7013323,8.0,-5.0,-72.0
1777890387.7113323,7.0,-3.0,-77.0
1777890387.7213323,5.0,-2.0,-79.0
1777890387.7313323,-1.0,-7.0,-77.0
1777890387.7413323,-1.0,-8.0,-75.0
1777890387.7513323,0.0,-6.0,-74.0
1777890387.7613325,0.0,-5.0,-67.0
1777890387.7713325,0.0,-9.0,-77.0
1777890387.7813325,-1.0,-8.0,-75.0
1777890387.7913325,0.0,-7.0,-79.0
1777890387.8013325,2.0,-2.0,-75.0
1777890387.8113325,2.0,4.0,-80.0
1777890387.8213325,2.0,2.0,-80.0
1777890387.8313324,3.0,0.0,-76.0
1777890387.8413324,5.0,0.0,-80.0
1777890387.8513324,8.0,1.0,-80.0
1777890387.8613324,4.0,1.0,-76.0
1777890387.8713324,8.0,3.0,-81.0
1777890387.8813324,6.0,1.0,-74.0
1777890387.8913324,5.0,2.0,-77.0
1777890387.9013324,4.0,2.0,-81.0
1777890387.9113324,-1.0,5.0,-84.0
1777890387.9213324,0.0,0.0,-85.0
1777890387.9313323,2.0,3.0,-80.0
1777890387.9413323,5.0,2.0,-81.0
1777890387.9513323,-2.0,4.0,-87.0
1777890387.9613323,-3.0,1.0,-82.0
1777890387.9713323,-3.0,0.0,-87.0
1777890387.9813323,0.0,-4.0,-85.0
1777890387.9913323,1.0,-3.0,-80.0
1777890388.0013323,0.0,-3.0,-83.0
1777890388.0113325,-4.0,3.0,-79.0
1777890388.0213325,-6.0,1.0,-78.0
1777890388.0313325,-8.0,3.0,-82.0
1777890388.0413325,-7.0,5.0,-85.0
1777890388.0513325,0.0,2.0,-85.0
1777890388.0613325,-1.0,5.0,-82.0
1777890388.0713325,-2.0,1.0,-83.0
1777890388.0813324,-1.0,0.0,-87.0
1777890388.0913324,0.0,1.0,-82.0
1777890388.1013324,-1.0,4.0,-74.0
1777890388.1113324,0.0,2.0,-69.0
1777890388.1213324,0.0,4.0,-68.0
1777890388.1313324,-3.0,3.0,-71.0
1777890388.1413324,0.0,2.0,-67.0
1777890388.1513324,-1.0,2.0,-58.0
1777890388.1613324,0.0,2.0,-61.0
1777890388.1713324,2.0,1.0,-66.0
1777890388.1813323,4.0,0.0,-70.0
1777890388.1913323,3.0,-1.0,-65.0
1777890388.2013323,3.0,-1.0,-66.0
1777890388.2113323,1.0,0.0,-68.0
1777890388.2213323,0.0,0.0,-69.0
1777890388.2313323,-2.0,0.0,-67.0
1777890388.2413323,-2.0,3.0,-68.0
1777890388.2513323,-5.0,3.0,-70.0
1777890388.2613325,-4.0,1.0,-70.0
1777890388.2713325,-4.0,-2.0,-68.0
1777890388.2813325,-4.0,-2.0,-64.0
1777890388.2913325,-6.0,0.0,-68.0
1777890388.3013325,-7.0,0.0,-68.0
1777890388.3113325,-10.0,0.0,-74.0
1777890388.3213325,-8.0,1.0,-70.0
1777890388.3313324,-6.0,-2.0,-64.0
1777890388.3413324,-1.0,0.0,-70.0
1777890388.3513324,-2.0,-1.0,-73.0
1777890388.3613324,0.0,3.0,-71.0
1777890388.3713324,-3.0,6.0,-70.0
1777890388.3813324,0.0,2.0,-70.0
1777890388.3913324,-1.0,2.0,-70.0
1777890388.4013324,2.0,0.0,-70.0
1777890388.4113324,1.0,-5.0,-74.0
1777890388.4213324,1.0,-9.0,-79.0
1777890388.4313323,4.0,-12.0,-75.0
1777890388.4413323,7.0,-10.0,-79.0
1777890388.4513323,5.0,-4.0,-73.0
1777890388.4613323,7.0,0.0,-75.0
1777890388.4713323,6.0,-2.0,-71.0
1777890388.4813323,2.0,-2.0,-72.0
1777890388.4913323,5.0,-1.0,-66.0
1777890388.5013323,6.0,0.0,-65.0
1777890388.5113325,0.0,-1.0,-69.0
1777890388.5213325,0.0,0.0,-73.0
1777890388.5313325,0.0,3.0,-70.0
1777890388.5413325,-2.0,7.0,-68.0
1777890388.5513325,-2.0,10.0,-71.0
1777890388.5613325,-5.0,8.0,-70.0
1777890388.5713325,-3.0,6.0,-69.0
1777890388.5813324,0.0,5.0,-64.0
1777890388.5913324,0.0,5.0,-60.0
1777890388.6013324,3.0,3.0,-60.0
1777890388.6113324,1.0,4.0,-67.0
1777890388.6213324,0.0,7.0,-68.0
1777890388.6313324,4.0,11.0,-74.0
1777890388.6413324,5.0,9.0,-74.0
1777890388.6513324,2.0,7.0,-72.0
1777890388.6613324,3.0,8.0,-75.0
1777890388.6713324,0.0,8.0,-71.0
1777890388.6813323,0.0,7.0,-68.0
1777890388.6913323,-3.0,3.0,-66.0
1777890388.7013323,-5.0,0.0,-67.0
1777890388.7113323,-3.0,3.0,-74.0
1777890388.7213323,-5.0,5.0,-69.0
1777890388.7313323,-9.0,4.0,-70.0
1777890388.7413323,-2.0,1.0,-72.0
1777890388.7513323,0.0,2.0,-83.0
1777890388.7613325,0.0,1.0,-84.0
1777890388.7713325,0.0,-3.0,-85.0
1777890388.7813325,-2.0,-1.0,-92.0
1777890388.7913325,4.0,0.0,-91.0
1777890388.8013325,1.0,-1.0,-91.0
1777890388.8113325,1.0,0.0,-87.0
1777890388.8213325,3.0,-2.0,-87.0
1777890388.8313324,7.0,-3.0,-76.0
1777890388.8413324,0.0,-2.0,-77.0
1777890388.8513324,3.0,0.0,-74.0
1777890388.8613324,1.0,2.0,-74.0
1777890388.8713324,0.0,0.0,-68.0
1777890388.8813324,5.0,0.0,-69.0
1777890388.8913324,4.0,0.0,-70.0
1777890388.9013324,2.0,0.0,-71.0
1777890388.9113324,4.0,-2.0,-72.0
1777890388.9213324,0.0,-4.0,-76.0
1777890388.9313323,2.0,-8.0,-82.0
1777890388.9413323,4.0,-13.0,-79.0
1777890388.9513323,8.0,-9.0,-77.0
1777890388.9613323,7.0,-7.0,-78.0
1777890388.9713323,4.0,-4.0,-77.0
1777890388.9813323,3.0,-6.0,-73.0
1777890388.9913323,4.0,-4.0,-75.0
1777890389.0013323,7.0,-4.0,-73.0
1777890389.0113325,4.0,-5.0,-71.0
1777890389.0213325,0.0,-3.0,-71.0
1777890389.0313325,0.0,-5.0,-76.0
1777890389.0413325,0.0,-4.0,-72.0
1777890389.0523324,1.0,-4.0,-71.0
1777890389.0613325,0.0,-5.0,-68.0
1777890389.0713325,0.0,-5.0,-66.0
1777890389.0823324,0.0,-5.0,-63.0
1777890389.0923324,-1.0,-3.0,-69.0
1777890389.1023324,-1.0,-1.0,-71.0
1777890389.1123323,-2.0,0.0,-73.0
1777890389.1223323,-3.0,-1.0,-68.0
1777890389.1323323,0.0,-1.0,-67.0
1777890389.1423323,3.0,0.0,-62.0
1777890389.1523323,7.0,2.0,-62.0
1777890389.1623323,6.0,3.0,-65.0
1777890389.1723323,7.0,1.0,-71.0
1777890389.1823325,4.0,6.0,-71.0
1777890389.1923325,1.0,10.0,-74.0
1777890389.2023325,0.0,8.0,-74.0
1777890389.2123325,2.0,5.0,-72.0
1777890389.2223325,10.0,2.0,-70.0
1777890389.2323325,11.0,3.0,-77.0
1777890389.2423325,17.0,8.0,-77.0
1777890389.2523324,14.0,7.0,-76.0
1777890389.2623324,10.0,2.0,-72.0
1777890389.2723324,11.0,0.0,-68.0
1777890389.2823324,15.0,-3.0,-71.0
1777890389.2923324,9.0,-5.0,-69.0
1777890389.3023324,8.0,-2.0,-70.0
1777890389.3123324,12.0,-1.0,-64.0
1777890389.3223324,7.0,-1.0,-71.0
1777890389.3323324,6.0,-1.0,-70.0
1777890389.3423324,2.0,-5.0,-74.0
1777890389.3523324,1.0,-5.0,-78.0
1777890389.3623323,5.0,-2.0,-83.0
1777890389.3723323,8.0,-2.0,-84.0
1777890389.3823323,6.0,-6.0,-82.0
1777890389.3923323,5.0,-6.0,-77.0
1777890389.4023323,4.0,-6.0,-77.0
1777890389.4123323,3.0,-4.0,-78.0
1777890389.4223323,2.0,-6.0,-80.0
1777890389.4323325,0.0,-4.0,-78.0
1777890389.4423325,-1.0,0.0,-78.0
1777890389.4523325,-3.0,0.0,-75.0
1777890389.4623325,-1.0,0.0,-73.0
1777890389.4723325,-2.0,1.0,-68.0
1777890389.4823325,-3.0,1.0,-69.0
1777890389.4923325,0.0,2.0,-74.0
1777890389.5023324,2.0,0.0,-74.0
1777890389.5123324,1.0,-2.0,-74.0
1777890389.5223324,6.0,-6.0,-74.0
1777890389.5323324,7.0,-5.0,-72.0
1777890389.5423324,7.0,-7.0,-74.0
1777890389.5523324,6.0,-5.0,-66.0
1777890389.5623324,2.0,-3.0,-66.0
1777890389.5723324,0.0,-5.0,-62.0
1777890389.5823324,-7.0,-5.0,-63.0
1777890389.5923324,-6.0,-4.0,-57.0
1777890389.6023324,-9.0,-4.0,-61.0
1777890389.6123323,-7.0,-4.0,-60.0
1777890389.6223323,-10.0,0.0,-68.0
1777890389.6323323,-8.0,-2.0,-68.0
1777890389.6423323,-8.0,0.0,-66.0
1777890389.6523323,-4.0,-3.0,-67.0
1777890389.6623323,-2.0,-7.0,-69.0
1777890389.6723323,2.0,-8.0,-66.0
1777890389.6823325,-1.0,-7.0,-61.0
1777890389.6923325,2.0,-4.0,-60.0
1777890389.7023325,5.0,0.0,-68.0
1777890389.7123325,0.0,-1.0,-66.0
1777890389.7223325,2.0,-3.0,-65.0
1777890389.7323325,2.0,-2.0,-67.0
1777890389.7423325,3.0,-4.0,-73.0
1777890389.7523324,3.0,-2.0,-76.0
1777890389.7623324,0.0,-6.0,-83.0
1777890389.7723324,0.0,-4.0,-82.0
1777890389.7823324,-2.0,-6.0,-77.0
1777890389.7923324,-2.0,-7.0,-73.0
1777890389.8023324,-1.0,-6.0,-66.0
1777890389.8123324,2.0,-1.0,-66.0
1777890389.8223324,2.0,1.0,-67.0
1777890389.8323324,2.0,0.0,-71.0
1777890389.8423324,0.0,-3.0,-76.0
1777890389.8523324,5.0,-2.0,-76.0
1777890389.8623323,2.0,-1.0,-78.0
1777890389.8723323,6.0,-1.0,-71.0
1777890389.8823323,6.0,-2.0,-67.0
1777890389.8923323,4.0,2.0,-64.0
1777890389.9023323,2.0,1.0,-67.0
1777890389.9123323,2.0,4.0,-70.0
1777890389.9223323,3.0,1.0,-81.0
1777890389.9323325,3.0,-2.0,-83.0
1777890389.9423325,2.0,0.0,-84.0
1777890389.9523325,2.0,1.0,-80.0
1777890389.9623325,4.0,0.0,-77.0
1777890389.9723325,5.0,-1.0,-72.0
1777890389.9823325,7.0,-2.0,-72.0
1777890389.9923325,5.0,-5.0,-66.0
1777890390.0023324,2.0,-4.0,-68.0
1777890390.0123324,3.0,-2.0,-64.0
1777890390.0223324,4.0,0.0,-72.0
1777890390.0323324,2.0,0.0,-67.0
1777890390.0423324,1.0,4.0,-71.0
1777890390.0523324,2.0,2.0,-65.0
1777890390.0623324,7.0,4.0,-69.0
1777890390.0723324,6.0,1.0,-73.0
1777890390.0823324,9.0,1.0,-74.0
1777890390.0923324,11.0,0.0,-68.0
1777890390.1023324,8.0,3.0,-66.0
1777890390.1123323,10.0,5.0,-67.0
1777890390.1223323,10.0,0.0,-67.0
1777890390.1323323,14.0,-1.0,-72.0
1777890390.1423323,9.0,2.0,-68.0
1777890390.1523323,7.0,0.0,-69.0
1777890390.1623323,9.0,7.0,-63.0
1777890390.1723323,10.0,7.0,-63.0
1777890390.1823325,2.0,6.0,-71.0
1777890390.1923325,1.0,1.0,-70.0
1777890390.2023325,4.0,1.0,-72.0
1777890390.2123325,1.0,2.0,-76.0
1777890390.2223325,6.0,1.0,-79.0
1777890390.2323325,6.0,0.0,-79.0
1777890390.2423325,5.0,-1.0,-73.0
1777890390.2523324,3.0,-2.0,-72.0
1777890390.2623324,6.0,-4.0,-67.0
1777890390.2723324,9.0,-7.0,-72.0
1777890390.2823324,9.0,-5.0,-76.0
1777890390.2923324,5.0,-3.0,-73.0
1777890390.3023324,0.0,-3.0,-74.0
1777890390.3123324,3.0,-2.0,-76.0
1777890390.3223324,5.0,0.0,-76.0
1777890390.3323324,2.0,0.0,-74.0
1777890390.3423324,-2.0,4.0,-79.0
1777890390.3523324,-5.0,8.0,-77.0
1777890390.3623323,-5.0,6.0,-76.0
1777890390.3723323,0.0,4.0,-82.0
1777890390.3823323,2.0,2.0,-84.0
1777890390.3923323,1.0,2.0,-79.0
1777890390.4023323,0.0,0.0,-73.0
1777890390.4123323,0.0,1.0,-69.0
1777890390.4223323,3.0,1.0,-78.0
1777890390.4323325,6.0,0.0,-76.0
1777890390.4423325,3.0,-1.0,-83.0
1777890390.4523325,7.0,3.0,-85.0
1777890390.4623325,8.0,5.0,-84.0
1777890390.4723325,4.0,3.0,-78.0
1777890390.4823325,7.0,3.0,-83.0
1777890390.4923325,7.0,2.0,-84.0
1777890390.5023324,5.0,3.0,-88.0
1777890390.5123324,4.0,5.0,-88.0
1777890390.5223324,3.0,6.0,-83.0
1777890390.5323324,2.0,1.0,-79.0
1777890390.5423324,-1.0,2.0,-71.0
1777890390.5523324,0.0,3.0,-67.0
1777890390.5623324,2.0,3.0,-67.0
1777890390.5723324,2.0,2.0,-64.0
1777890390.5823324,7.0,-1.0,-59.0
1777890390.5923324,5.0,0.0,-61.0
1777890390.6023324,4.0,1.0,-67.0
1777890390.6123323,6.0,5.0,-80.0
1777890390.6223323,5.0,10.0,-84.0
1777890390.6323323,2.0,8.0,-86.0
1777890390.6423323,3.0,3.0,-86.0
1777890390.6523323,4.0,3.0,-88.0
1777890390.6623323,3.0,0.0,-83.0
1777890390.6723323,1.0,-4.0,-77.0
1777890390.6823325,0.0,-4.0,-77.0
1777890390.6923325,-4.0,-7.0,-73.0
1777890390.7023325,-4.0,-2.0,-74.0
1777890390.7123325,-2.0,-5.0,-75.0
1777890390.7223325,0.0,-6.0,-79.0
1777890390.7323325,2.0,-4.0,-84.0
1777890390.7423325,-3.0,-3.0,-82.0
1777890390.7523324,-6.0,1.0,-83.0
1777890390.7623324,-7.0,-2.0,-82.0
1777890390.7723324,-5.0,0.0,-77.0
1777890390.7823324,-4.0,0.0,-80.0
1777890390.7923324,-2.0,-2.0,-74.0
1777890390.8023324,2.0,1.0,-74.0
1777890390.8123324,2.0,0.0,-75.0
1777890390.8223324,6.0,0.0,-71.0
1777890390.8323324,7.0,0.0,-80.0
1777890390.8423324,0.0,-5.0,-86.0
1777890390.8523324,0.0,-2.0,-81.0
1777890390.8623323,-3.0,-2.0,-80.0
1777890390.8723323,0.0,-1.0,-83.0
1777890390.8823323,2.0,-1.0,-79.0
1777890390.8923323,3.0,-2.0,-75.0
1777890390.9023323,2.0,-2.0,-78.0
1777890390.9123323,1.0,0.0,-84.0
1777890390.9223323,1.0,1.0,-84.0
1777890390.9323325,-3.0,0.0,-79.0
1777890390.9423325,-4.0,1.0,-81.0
1777890390.9523325,-4.0,3.0,-81.0
1777890390.9623325,-1.0,6.0,-81.0
1777890390.9723325,3.0,3.0,-76.0
1777890390.9823325,1.0,5.0,-76.0
1777890390.9923325,0.0,7.0,-78.0
1777890391.0023324,-2.0,1.0,-79.0
1777890391.0123324,-4.0,-1.0,-80.0
1777890391.0223324,-3.0,-2.0,-75.0
1777890391.0323324,-6.0,-5.0,-73.0
1777890391.0423324,-5.0,-2.0,-74.0
1777890391.0523324,-2.0,-4.0,-72.0
1777890391.0633323,-1.0,-2.0,-75.0
1777890391.0733323,3.0,-2.0,-71.0
1777890391.0823324,1.0,-2.0,-65.0
1777890391.0933323,2.0,-5.0,-68.0
1777890391.1033323,4.0,-5.0,-70.0
1777890391.1133325,5.0,-2.0,-68.0
1777890391.1233325,2.0,-1.0,-72.0
1777890391.1333325,1.0,1.0,-77.0
1777890391.1433325,1.0,1.0,-78.0
1777890391.1533325,0.0,0.0,-79.0
1777890391.1633325,-3.0,2.0,-78.0
1777890391.1733325,-1.0,1.0,-73.0
1777890391.1833324,-2.0,1.0,-71.0
1777890391.1933324,5.0,1.0,-76.0
1777890391.2033324,4.0,0.0,-84.0
1777890391.2133324,5.0,1.0,-82.0
1777890391.2233324,6.0,-3.0,-77.0
1777890391.2333324,4.0,-8.0,-69.0
1777890391.2433324,1.0,-12.0,-76.0
1777890391.2533324,3.0,-11.0,-75.0
1777890391.2633324,8.0,-10.0,-71.0
1777890391.2733324,7.0,-6.0,-68.0
1777890391.2833323,6.0,-5.0,-71.0
1777890391.2933323,2.0,-5.0,-69.0
1777890391.3033323,6.0,-8.0,-70.0
1777890391.3133323,3.0,-9.0,-73.0
1777890391.3233323,1.0,-7.0,-71.0
1777890391.3333323,-4.0,-6.0,-74.0
1777890391.3433323,-4.0,-2.0,-70.0
1777890391.3533323,0.0,0.0,-67.0
1777890391.3633325,2.0,0.0,-67.0
1777890391.3733325,3.0,2.0,-77.0
1777890391.3833325,2.0,3.0,-76.0
1777890391.3933325,6.0,1.0,-72.0
1777890391.4033325,8.0,1.0,-75.0
1777890391.4133325,2.0,-1.0,-71.0
1777890391.4233325,-2.0,-2.0,-75.0
1777890391.4333324,-5.0,-5.0,-77.0
1777890391.4433324,-10.0,-3.0,-74.0
1777890391.4533324,-11.0,-4.0,-81.0
1777890391.4633324,-10.0,0.0,-74.0
1777890391.4733324,-11.0,2.0,-78.0
1777890391.4833324,-13.0,0.0,-76.0
1777890391.4933324,-16.0,0.0,-72.0
1777890391.5033324,-7.0,0.0,-75.0
1777890391.5133324,-5.0,-2.0,-78.0
1777890391.5233324,-2.0,-2.0,-78.0
1777890391.5333323,0.0,-3.0,-82.0
1777890391.5433323,0.0,1.0,-84.0
1777890391.5533323,0.0,1.0,-80.0
1777890391.5633323,-3.0,-1.0,-86.0
1777890391.5733323,-8.0,-3.0,-75.0
1777890391.5833323,-14.0,-7.0,-73.0
1777890391.5933323,-13.0,-5.0,-78.0
1777890391.6033323,-9.0,-5.0,-78.0
1777890391.6133325,-7.0,-7.0,-78.0
1777890391.6233325,-9.0,-5.0,-72.0
1777890391.6333325,-6.0,-4.0,-74.0
1777890391.6433325,-5.0,-3.0,-72.0
1777890391.6533325,-3.0,-4.0,-72.0
1777890391.6633325,0.0,-3.0,-76.0
1777890391.6733325,3.0,-4.0,-78.0
1777890391.6833324,1.0,-4.0,-81.0
1777890391.6933324,0.0,-3.0,-81.0
1777890391.7033324,0.0,-2.0,-82.0
1777890391.7133324,-1.0,-4.0,-86.0
1777890391.7233324,0.0,-1.0,-85.0
1777890391.7333324,-3.0,0.0,-76.0
1777890391.7433324,-2.0,0.0,-74.0
1777890391.7533324,0.0,0.0,-79.0
1777890391.7633324,-2.0,-1.0,-77.0
1777890391.7733324,0.0,-1.0,-70.0
1777890391.7833323,2.0,-1.0,-72.0
1777890391.7933323,3.0,0.0,-71.0
1777890391.8033323,3.0,-1.0,-79.0
1777890391.8133323,3.0,0.0,-81.0
1777890391.8233323,1.0,4.0,-79.0
1777890391.8333323,-2.0,2.0,-71.0
1777890391.8433323,0.0,0.0,-72.0
1777890391.8533323,0.0,-1.0,-71.0
1777890391.8633325,1.0,-2.0,-72.0
1777890391.8733325,2.0,-3.0,-80.0
1777890391.8833325,0.0,-4.0,-86.0
1777890391.8933325,1.0,-5.0,-88.0
1777890391.9033325,3.0,-2.0,-75.0
1777890391.9133325,4.0,0.0,-74.0
1777890391.9233325,0.0,-4.0,-70.0
1777890391.9333324,0.0,-5.0,-71.0
1777890391.9433324,0.0,-6.0,-71.0
1777890391.9533324,-1.0,-3.0,-70.0
1777890391.9633324,3.0,-5.0,-71.0
1777890391.9733324,0.0,-6.0,-65.0
1777890391.9833324,-3.0,-4.0,-64.0
1777890391.9933324,-3.0,1.0,-69.0
1777890392.0033324,-6.0,-2.0,-66.0
1777890392.0133324,-3.0,-2.0,-65.0
1777890392.0233324,0.0,0.0,-67.0
1777890392.0333323,-3.0,4.0,-69.0
1777890392.0433323,3.0,5.0,-71.0
1777890392.0533323,7.0,3.0,-72.0
1777890392.0633323,10.0,2.0,-79.0
1777890392.0733323,10.0,0.0,-81.0
1777890392.0833323,6.0,0.0,-79.0
1777890392.0933323,3.0,3.0,-74.0
1777890392.1033323,6.0,3.0,-74.0
1777890392.1133325,3.0,1.0,-73.0
1777890392.1233325,3.0,5.0,-74.0
1777890392.1333325,-2.0,5.0,-78.0
1777890392.1433325,0.0,5.0,-79.0
1777890392.1533325,0.0,0.0,-81.0
1777890392.1633325,0.0,0.0,-77.0
1777890392.1733325,0.0,0.0,-86.0
1777890392.1833324,-2.0,0.0,-79.0
1777890392.1933324,-1.0,-1.0,-76.0
1777890392.2033324,-1.0,0.0,-72.0
1777890392.2133324,1.0,-1.0,-68.0
1777890392.2233324,2.0,-1.0,-70.0
1777890392.2333324,0.0,-4.0,-67.0
1777890392.2433324,-1.0,-2.0,-74.0
1777890392.2533324,-3.0,-2.0,-70.0
1777890392.2633324,-3.0,-4.0,-71.0
1777890392.2733324,-4.0,-3.0,-76.0
1777890392.2833323,-5.0,1.0,-75.0
1777890392.2933323,-4.0,3.0,-75.0
1777890392.3033323,0.0,-1.0,-76.0
1777890392.3133323,1.0,-5.0,-76.0
1777890392.3233323,1.0,-8.0,-73.0
1777890392.3333323,4.0,-7.0,-79.0
1777890392.3433323,6.0,-4.0,-78.0
1777890392.3533323,4.0,-4.0,-71.0
1777890392.3633325,0.0,-9.0,-71.0
1777890392.3733325,-2.0,-9.0,-75.0
1777890392.3833325,-5.0,-5.0,-80.0
1777890392.3933325,-3.0,-1.0,-86.0
1777890392.4033325,-3.0,1.0,-85.0
1777890392.4133325,-7.0,0.0,-80.0
1777890392.4233325,-5.0,0.0,-72.0
1777890392.4333324,-6.0,-1.0,-78.0
1777890392.4433324,-2.0,-4.0,-73.0
1777890392.4533324,-2.0,-3.0,-68.0
1777890392.4633324,-3.0,-3.0,-77.0
1777890392.4733324,-6.0,-6.0,-81.0
1777890392.4833324,-2.0,-3.0,-77.0
1777890392.4933324,0.0,-6.0,-78.0
1777890392.5033324,-2.0,-5.0,-80.0
1777890392.5133324,-3.0,-2.0,-78.0
1777890392.5233324,0.0,0.0,-73.0
1777890392.5333323,-3.0,1.0,-77.0
1777890392.5433323,-3.0,1.0,-71.0
1777890392.5533323,0.0,0.0,-69.0
1777890392.5633323,1.0,0.0,-69.0
1777890392.5733323,3.0,-3.0,-65.0
1777890392.5833323,1.0,2.0,-66.0
1777890392.5933323,0.0,4.0,-70.0
1777890392.6033323,0.0,3.0,-73.0
1777890392.6133325,2.0,0.0,-76.0
1777890392.6233325,3.0,0.0,-79.0
1777890392.6333325,-1.0,0.0,-83.0
1777890392.6433325,2.0,-2.0,-88.0
1777890392.6533325,2.0,-3.0,-82.0
1777890392.6633325,0.0,-6.0,-76.0
1777890392.6733325,0.0,-6.0,-72.0
1777890392.6833324,3.0,-5.0,-70.0
1777890392.6933324,1.0,-5.0,-72.0
1777890392.7033324,-1.0,-6.0,-73.0
1777890392.7133324,-5.0,-4.0,-71.0
1777890392.7233324,-1.0,-4.0,-74.0
1777890392.7333324,0.0,-2.0,-75.0
1777890392.7433324,-1.0,0.0,-73.0
1777890392.7533324,-2.0,0.0,-74.0
1777890392.7633324,0.0,-6.0,-75.0
1777890392.7733324,6.0,-5.0,-74.0
1777890392.7833323,8.0,-9.0,-72.0
1777890392.7933323,6.0,-7.0,-66.0
1777890392.8033323,5.0,-4.0,-64.0
1777890392.8133323,6.0,-6.0,-71.0
1777890392.8233323,5.0,-11.0,-70.0
1777890392.8333323,0.0,-11.0,-72.0
1777890392.8433323,0.0,-11.0,-78.0
1777890392.8533323,-3.0,-12.0,-78.0
1777890392.8633325,-5.0,-6.0,-80.0
1777890392.8733325,-7.0,-5.0,-81.0
1777890392.8833325,-4.0,-6.0,-80.0
1777890392.8933325,-2.0,-7.0,-79.0
1777890392.9033325,0.0,-6.0,-82.0
1777890392.9133325,0.0,-6.0,-81.0
1777890392.9233325,1.0,-8.0,-81.0
1777890392.9333324,0.0,-7.0,-85.0
1777890392.9433324,0.0,-8.0,-80.0
1777890392.9533324,2.0,-4.0,-84.0
1777890392.9633324,0.0,-1.0,-77.0
1777890392.9733324,2.0,0.0,-72.0
1777890392.9833324,0.0,1.0,-63.0
1777890392.9933324,0.0,3.0,-65.0
1777890393.0033324,4.0,3.0,-64.0
1777890393.0133324,-2.0,5.0,-70.0
1777890393.0233324,0.0,1.0,-69.0
1777890393.0333323,2.0,-4.0,-71.0
1777890393.0433323,-2.0,0.0,-70.0
1777890393.0543325,0.0,-3.0,-67.0
1777890393.0643325,-2.0,-2.0,-68.0
1777890393.0743325,-1.0,0.0,-68.0
1777890393.0843325,-1.0,-3.0,-72.0
1777890393.0943325,0.0,0.0,-70.0
1777890393.1043324,1.0,0.0,-64.0
1777890393.1143324,-4.0,-2.0,-59.0
1777890393.1243324,-2.0,-4.0,-63.0
1777890393.1343324,0.0,-5.0,-71.0
1777890393.1443324,0.0,0.0,-74.0
1777890393.1543324,0.0,-1.0,-66.0
1777890393.1643324,2.0,1.0,-72.0
1777890393.1743324,5.0,2.0,-81.0
1777890393.1843324,6.0,0.0,-80.0
1777890393.1943324,1.0,0.0,-80.0
1777890393.2043324,-1.0,-4.0,-83.0
1777890393.2143323,-2.0,-2.0,-77.0
1777890393.2243323,-3.0,0.0,-78.0
1777890393.2343323,-4.0,-1.0,-75.0
1777890393.2443323,-4.0,0.0,-75.0
1777890393.2543323,-3.0,-3.0,-76.0
1777890393.2643323,-3.0,0.0,-74.0
1777890393.2743323,0.0,0.0,-81.0
1777890393.2843325,-3.0,0.0,-80.0
1777890393.2943325,0.0,0.0,-79.0
1777890393.3043325,-1.0,0.0,-78.0
1777890393.3143325,-4.0,0.0,-75.0
1777890393.3243325,-1.0,0.0,-66.0
1777890393.3343325,-4.0,-1.0,-67.0
1777890393.3443325,-3.0,-4.0,-66.0
1777890393.3543324,2.0,-4.0,-68.0
1777890393.3643324,2.0,-4.0,-67.0
1777890393.3743324,-4.0,-2.0,-70.0
1777890393.3843324,-9.0,-1.0,-73.0
1777890393.3943324,-8.0,-1.0,-71.0
1777890393.4043324,-7.0,2.0,-77.0
1777890393.4143324,-6.0,5.0,-77.0
1777890393.4243324,0.0,3.0,-75.0
1777890393.4343324,-2.0,1.0,-64.0
1777890393.4443324,0.0,-1.0,-61.0
1777890393.4543324,1.0,0.0,-63.0
1777890393.4643323,2.0,-3.0,-64.0
1777890393.4743323,2.0,0.0,-70.0
1777890393.4843323,-1.0,-2.0,-74.0
1777890393.4943323,-1.0,-3.0,-74.0
1777890393.5043323,-5.0,-1.0,-77.0
1777890393.5143323,-4.0,2.0,-71.0
1777890393.5243323,-5.0,4.0,-66.0
1777890393.5343325,-5.0,4.0,-65.0
1777890393.5443325,-6.0,0.0,-68.0
1777890393.5543325,-7.0,0.0,-74.0
1777890393.5643325,-7.0,2.0,-79.0
1777890393.5743325,-5.0,2.0,-85.0
1777890393.5843325,4.0,3.0,-85.0
1777890393.5943325,7.0,2.0,-84.0
1777890393.6043324,0.0,-4.0,-74.0
1777890393.6143324,0.0,-4.0,-71.0
1777890393.6243324,0.0,1.0,-77.0
1777890393.6343324,1.0,2.0,-80.0
1777890393.6443324,-3.0,0.0,-74.0
1777890393.6543324,-1.0,0.0,-67.0
1777890393.6643324,-3.0,0.0,-72.0
1777890393.6743324,-6.0,0.0,-79.0
1777890393.6843324,-3.0,0.0,-68.0
1777890393.6943324,0.0,0.0,-68.0
1777890393.7043324,2.0,0.0,-78.0
1777890393.7143323,0.0,0.0,-80.0
1777890393.7243323,-1.0,0.0,-82.0
1777890393.7343323,2.0,-1.0,-81.0
1777890393.7443323,2.0,-1.0,-82.0
1777890393.7543323,4.0,0.0,-81.0
1777890393.7643323,0.0,-3.0,-83.0
1777890393.7743323,-2.0,-4.0,-78.0
1777890393.7843325,-8.0,-1.0,-72.0
1777890393.7943325,-4.0,-2.0,-71.0
1777890393.8043325,3.0,2.0,-68.0
1777890393.8143325,3.0,1.0,-70.0
1777890393.8243325,-1.0,0.0,-65.0
1777890393.8343325,-2.0,-3.0,-72.0
1777890393.8443325,0.0,-3.0,-80.0
1777890393.8543324,2.0,-5.0,-77.0
1777890393.8643324,1.0,-2.0,-81.0
1777890393.8743324,2.0,-3.0,-81.0
1777890393.8843324,3.0,-5.0,-77.0
1777890393.8943324,6.0,-10.0,-72.0
1777890393.9043324,6.0,-11.0,-74.0
1777890393.9143324,6.0,-13.0,-76.0
1777890393.9243324,7.0,-6.0,-77.0
1777890393.9343324,7.0,-6.0,-77.0
1777890393.9443324,6.0,-4.0,-73.0
1777890393.9543324,11.0,-4.0,-73.0
1777890393.9643323,12.0,-1.0,-71.0
1777890393.9743323,11.0,0.0,-65.0
1777890393.9843323,12.0,0.0,-71.0
1777890393.9943323,9.0,1.0,-72.0
1777890394.0043323,5.0,-4.0,-76.0
1777890394.0143323,7.0,-3.0,-83.0
1777890394.0243323,9.0,-1.0,-83.0
1777890394.0343325,5.0,-1.0,-81.0
1777890394.0443325,4.0,-1.0,-76.0
1777890394.0543325,2.0,-2.0,-80.0
1777890394.0643325,0.0,0.0,-74.0
1777890394.0743325,0.0,0.0,-72.0
1777890394.0843325,-3.0,-2.0,-77.0
1777890394.0943325,-1.0,-2.0,-78.0
1777890394.1043324,0.0,-3.0,-70.0
1777890394.1143324,-2.0,-2.0,-68.0
1777890394.1243324,-8.0,-2.0,-72.0
1777890394.1343324,-8.0,-3.0,-81.0
1777890394.1443324,-5.0,-6.0,-82.0
1777890394.1543324,-3.0,-4.0,-84.0
1777890394.1643324,0.0,-3.0,-83.0
1777890394.1743324,4.0,-3.0,-85.0
1777890394.1843324,1.0,-5.0,-82.0
1777890394.1943324,4.0,-7.0,-79.0
1777890394.2043324,3.0,-8.0,-75.0
1777890394.2143323,3.0,-6.0,-77.0
1777890394.2243323,3.0,-6.0,-75.0
1777890394.2343323,1.0,-1.0,-73.0
1777890394.2443323,-1.0,-3.0,-77.0
1777890394.2543323,3.0,-2.0,-73.0
1777890394.2643323,4.0,3.0,-75.0
1777890394.2743323,5.0,3.0,-71.0
1777890394.2843325,3.0,0.0,-72.0
1777890394.2943325,3.0,-2.0,-77.0
1777890394.3043325,5.0,-5.0,-74.0
1777890394.3143325,2.0,-2.0,-75.0
1777890394.3243325,1.0,0.0,-75.0
1777890394.3343325,0.0,-4.0,-74.0
1777890394.3443325,2.0,-5.0,-71.0
1777890394.3543324,1.0,-3.0,-69.0
1777890394.3643324,2.0,-3.0,-68.0
1777890394.3743324,1.0,-2.0,-70.0
1777890394.3843324,1.0,-7.0,-70.0
1777890394.3943324,3.0,-6.0,-65.0
1777890394.4043324,4.0,-8.0,-61.0
1777890394.4143324,2.0,-10.0,-63.0
1777890394.4243324,0.0,-6.0,-69.0
1777890394.4343324,3.0,-7.0,-69.0
1777890394.4443324,-1.0,-5.0,-70.0
1777890394.4543324,-5.0,-3.0,-76.0
1777890394.4643323,-6.0,0.0,-75.0
1777890394.4743323,-4.0,0.0,-85.0
1777890394.4843323,0.0,6.0,-82.0
1777890394.4943323,-1.0,9.0,-84.0
1777890394.5043323,1.0,5.0,-76.0
1777890394.5143323,-1.0,0.0,-74.0
1777890394.5243323,0.0,-4.0,-72.0
1777890394.5343325,-3.0,-5.0,-68.0
1777890394.5443325,-7.0,-4.0,-70.0
1777890394.5543325,-4.0,-3.0,-76.0
1777890394.5643325,1.0,0.0,-68.0
1777890394.5743325,3.0,0.0,-66.0
1777890394.5843325,3.0,-1.0,-67.0
1777890394.5943325,5.0,-2.0,-64.0
1777890394.6043324,2.0,0.0,-64.0
1777890394.6143324,1.0,2.0,-67.0
1777890394.6243324,2.0,2.0,-65.0
1777890394.6343324,5.0,-1.0,-64.0
1777890394.6443324,5.0,-6.0,-70.0
1777890394.6543324,9.0,-8.0,-73.0
1777890394.6643324,6.0,-11.0,-70.0
1777890394.6743324,8.0,-13.0,-67.0
1777890394.6843324,8.0,-10.0,-75.0
1777890394.6943324,7.0,-5.0,-72.0
1777890394.7043324,9.0,-2.0,-77.0
1777890394.7143323,7.0,1.0,-72.0
1777890394.7243323,4.0,-1.0,-76.0
1777890394.7343323,2.0,-7.0,-78.0
1777890394.7443323,2.0,-1.0,-77.0
1777890394.7543323,3.0,2.0,-82.0
1777890394.7643323,3.0,6.0,-75.0
1777890394.7743323,3.0,2.0,-68.0
1777890394.7843325,6.0,0.0,-76.0
1777890394.7943325,5.0,-2.0,-78.0
1777890394.8043325,7.0,-1.0,-79.0
1777890394.8143325,3.0,0.0,-74.0
1777890394.8243325,0.0,0.0,-70.0
1777890394.8343325,-1.0,1.0,-68.0
1777890394.8443325,1.0,2.0,-70.0
1777890394.8543324,4.0,1.0,-72.0
1777890394.8643324,0.0,-3.0,-77.0
1777890394.8743324,3.0,0.0,-74.0
1777890394.8843324,8.0,-1.0,-72.0
1777890394.8943324,9.0,3.0,-76.0
1777890394.9043324,5.0,3.0,-77.0
1777890394.9143324,2.0,3.0,-76.0
1777890394.9243324,7.0,0.0,-80.0
1777890394.9343324,8.0,1.0,-84.0
1777890394.9443324,4.0,3.0,-85.0
1777890394.9543324,4.0,0.0,-83.0
1777890394.9643323,3.0,-1.0,-76.0
1777890394.9743323,3.0,0.0,-80.0
1777890394.9843323,6.0,0.0,-77.0
1777890394.9943323,0.0,1.0,-67.0
1777890395.0053325,-3.0,1.0,-68.0
1777890395.0143323,-2.0,3.0,-63.0
1777890395.0243323,-2.0,-2.0,-63.0
1777890395.0343325,2.0,0.0,-64.0
1777890395.0443325,3.0,-1.0,-75.0
1777890395.0543325,3.0,-4.0,-79.0
1777890395.0653324,6.0,0.0,-73.0
1777890395.0753324,3.0,1.0,-72.0
1777890395.0853324,0.0,0.0,-70.0
1777890395.0953324,0.0,-1.0,-70.0
1777890395.1053324,1.0,1.0,-71.0
1777890395.1153324,0.0,1.0,-71.0
1777890395.1253324,-2.0,6.0,-75.0
1777890395.1353323,0.0,4.0,-75.0
1777890395.1453323,-2.0,2.0,-74.0
1777890395.1553323,-1.0,3.0,-71.0
1777890395.1653323,-2.0,0.0,-74.0
1777890395.1753323,-5.0,-2.0,-67.0
1777890395.1853323,-3.0,-1.0,-70.0
1777890395.1953323,0.0,-4.0,-82.0
1777890395.2053325,1.0,-2.0,-83.0
1777890395.2153325,0.0,-6.0,-79.0
1777890395.2253325,4.0,-4.0,-78.0
1777890395.2353325,8.0,-4.0,-72.0
1777890395.2453325,4.0,-5.0,-68.0
1777890395.2553325,5.0,-4.0,-64.0
1777890395.2653325,6.0,-4.0,-69.0
1777890395.2753325,8.0,-3.0,-72.0
1777890395.2853324,4.0,1.0,-70.0
1777890395.2953324,2.0,3.0,-60.0
1777890395.3053324,2.0,0.0,-63.0
1777890395.3153324,4.0,0.0,-66.0
1777890395.3253324,2.0,0.0,-70.0
1777890395.3353324,3.0,1.0,-67.0
1777890395.3453324,4.0,0.0,-71.0
1777890395.3553324,5.0,-4.0,-70.0
1777890395.3653324,4.0,-4.0,-71.0
1777890395.3753324,-2.0,-5.0,-72.0
1777890395.3853323,0.0,-4.0,-76.0
1777890395.3953323,1.0,-4.0,-76.0
1777890395.4053323,3.0,-4.0,-79.0
1777890395.4153323,0.0,-9.0,-73.0
1777890395.4253323,1.0,-9.0,-70.0
1777890395.4353323,0.0,-4.0,-63.0
1777890395.4453323,0.0,-3.0,-60.0
1777890395.4553325,0.0,-5.0,-62.0
1777890395.4653325,-2.0,-2.0,-62.0
1777890395.4753325,-1.0,0.0,-59.0
1777890395.4853325,3.0,3.0,-65.0
1777890395.4953325,1.0,0.0,-68.0
1777890395.5053325,3.0,1.0,-61.0
1777890395.5153325,5.0,0.0,-64.0
1777890395.5253325,6.0,0.0,-66.0
1777890395.5353324,6.0,0.0,-67.0
1777890395.5453324,2.0,0.0,-70.0
1777890395.5553324,3.0,1.0,-64.0
1777890395.5653324,-3.0,7.0,-63.0
1777890395.5753324,1.0,7.0,-57.0
1777890395.5853324,1.0,5.0,-57.0
1777890395.5953324,6.0,4.0,-64.0
1777890395.6053324,3.0,5.0,-63.0
1777890395.6153324,5.0,6.0,-67.0
1777890395.6253324,1.0,3.0,-73.0
1777890395.6353323,0.0,0.0,-72.0
1777890395.6453323,-3.0,-4.0,-74.0
1777890395.6553323,0.0,0.0,-72.0
1777890395.6653323,-3.0,-2.0,-66.0
1777890395.6753323,-5.0,-2.0,-71.0
1777890395.6853323,0.0,-2.0,-74.0
1777890395.6953323,0.0,-8.0,-79.0
1777890395.7053325,0.0,-3.0,-74.0
1777890395.7153325,1.0,-1.0,-73.0
1777890395.7253325,-1.0,-2.0,-73.0
1777890395.7353325,-6.0,-1.0,-82.0
1777890395.7453325,-1.0,1.0,-81.0
1777890395.7553325,-2.0,1.0,-74.0
1777890395.7653325,-4.0,2.0,-78.0
1777890395.7753325,-2.0,1.0,-82.0
1777890395.7853324,-3.0,1.0,-81.0
1777890395.7953324,0.0,0.0,-73.0
1777890395.8053324,-2.0,0.0,-70.0
1777890395.8153324,4.0,-1.0,-65.0
1777890395.8253324,8.0,-4.0,-64.0
1777890395.8353324,8.0,-9.0,-61.0
1777890395.8453324,6.0,-2.0,-59.0
1777890395.8553324,2.0,0.0,-61.0
1777890395.8653324,-4.0,-2.0,-68.0
1777890395.8753324,-5.0,-5.0,-68.0
1777890395.8853323,-4.0,0.0,-67.0
1777890395.8953323,-3.0,0.0,-79.0
1777890395.9053323,0.0,2.0,-73.0
1777890395.9153323,0.0,0.0,-68.0
1777890395.9253323,1.0,-1.0,-67.0
1777890395.9353323,-3.0,2.0,-66.0
1777890395.9453323,-2.0,0.0,-68.0
1777890395.9553325,-5.0,1.0,-68.0
1777890395.9653325,-7.0,1.0,-73.0
1777890395.9753325,-7.0,1.0,-68.0
1777890395.9853325,-4.0,3.0,-73.0
1777890395.9953325,-1.0,3.0,-71.0
1777890396.0053325,-2.0,0.0,-77.0
1777890396.0153325,1.0,-3.0,-77.0
1777890396.0253325,1.0,-6.0,-70.0
1777890396.0353324,3.0,-1.0,-68.0
1777890396.0453324,2.0,-1.0,-68.0
1777890396.0553324,3.0,0.0,-67.0
1777890396.0653324,2.0,-1.0,-67.0
1777890396.0753324,0.0,2.0,-66.0
1777890396.0853324,3.0,0.0,-65.0
1777890396.0953324,5.0,-4.0,-61.0
1777890396.1053324,0.0,-7.0,-62.0
1777890396.1153324,1.0,-6.0,-65.0
1777890396.1253324,0.0,-8.0,-72.0
1777890396.1353323,-1.0,-4.0,-81.0
1777890396.1453323,0.0,-5.0,-76.0
1777890396.1553323,0.0,0.0,-69.0
1777890396.1653323,3.0,0.0,-60.0
1777890396.1753323,6.0,2.0,-62.0
1777890396.1853323,8.0,1.0,-64.0
1777890396.1953323,8.0,0.0,-67.0
1777890396.2053325,9.0,2.0,-66.0
1777890396.2153325,7.0,0.0,-64.0
1777890396.2253325,6.0,1.0,-70.0
1777890396.2353325,6.0,1.0,-80.0
1777890396.2453325,5.0,-1.0,-82.0
1777890396.2553325,0.0,0.0,-84.0
1777890396.2653325,1.0,-2.0,-82.0
1777890396.2753325,1.0,-3.0,-76.0
1777890396.2853324,0.0,-5.0,-73.0
1777890396.2953324,0.0,-4.0,-70.0
1777890396.3053324,0.0,-2.0,-61.0
1777890396.3153324,0.0,-2.0,-57.0
1777890396.3253324,0.0,0.0,-60.0
1777890396.3353324,0.0,1.0,-67.0
1777890396.3453324,2.0,1.0,-73.0
1777890396.3553324,-3.0,0.0,-79.0
1777890396.3653324,-1.0,-2.0,-76.0
1777890396.3753324,0.0,-7.0,-77.0
1777890396.3853323,0.0,-6.0,-75.0
1777890396.3953323,0.0,-6.0,-83.0
1777890396.4053323,4.0,-3.0,-83.0
1777890396.4153323,1.0,-5.0,-84.0
1777890396.4253323,0.0,-4.0,-81.0
1777890396.4353323,-2.0,-1.0,-89.0
1777890396.4453323,-6.0,-1.0,-81.0
1777890396.4553325,-2.0,1.0,-80.0
1777890396.4653325,-3.0,4.0,-76.0
1777890396.4753325,-5.0,0.0,-81.0
1777890396.4853325,-5.0,0.0,-78.0
1777890396.4953325,0.0,-5.0,-81.0
1777890396.5053325,6.0,-5.0,-79.0
1777890396.5153325,3.0,-3.0,-83.0
1777890396.5253325,0.0,0.0,-81.0
1777890396.5353324,3.0,6.0,-74.0
1777890396.5453324,2.0,6.0,-76.0
1777890396.5553324,-5.0,1.0,-82.0
1777890396.5653324,-4.0,0.0,-87.0
1777890396.5753324,-4.0,-2.0,-81.0
1777890396.5853324,-5.0,-2.0,-73.0
1777890396.5953324,-7.0,2.0,-77.0
1777890396.6053324,0.0,2.0,-72.0
1777890396.6153324,-1.0,2.0,-74.0
1777890396.6253324,4.0,0.0,-78.0
1777890396.6353323,4.0,-5.0,-76.0
1777890396.6453323,0.0,-5.0,-70.0
1777890396.6553323,0.0,-4.0,-64.0
1777890396.6653323,1.0,-5.0,-68.0
1777890396.6753323,0.0,-5.0,-66.0
1777890396.6853323,0.0,-8.0,-67.0
1777890396.6953323,1.0,-5.0,-71.0
1777890396.7053325,1.0,-2.0,-69.0
1777890396.7153325,1.0,0.0,-73.0
1777890396.7253325,0.0,0.0,-73.0
1777890396.7353325,-2.0,-2.0,-70.0
1777890396.7453325,-2.0,0.0,-70.0
1777890396.7553325,0.0,1.0,-71.0
1777890396.7653325,-1.0,3.0,-70.0
1777890396.7753325,-3.0,1.0,-78.0
1777890396.7853324,-5.0,0.0,-78.0
1777890396.7953324,-6.0,0.0,-80.0
1777890396.8053324,0.0,1.0,-77.0
1777890396.8153324,-1.0,1.0,-74.0
1777890396.8253324,1.0,3.0,-71.0
1777890396.8353324,4.0,8.0,-72.0
1777890396.8453324,2.0,4.0,-73.0
1777890396.8553324,-2.0,3.0,-76.0
1777890396.8653324,0.0,1.0,-74.0
1777890396.8753324,0.0,1.0,-76.0
1777890396.8853323,4.0,0.0,-77.0
1777890396.8953323,1.0,-1.0,-76.0
1777890396.9053323,-1.0,0.0,-71.0
1777890396.9153323,0.0,3.0,-72.0
1777890396.9253323,0.0,7.0,-70.0
1777890396.9353323,4.0,6.0,-77.0
1777890396.9453323,1.0,7.0,-80.0
1777890396.9553325,3.0,4.0,-80.0
1777890396.9653325,3.0,6.0,-84.0
1777890396.9753325,2.0,0.0,-77.0
1777890396.9853325,1.0,-3.0,-77.0
1777890396.9953325,3.0,0.0,-75.0
1777890397.0063324,0.0,5.0,-81.0
1777890397.0163324,-2.0,0.0,-86.0
1777890397.0263324,-3.0,0.0,-84.0
1777890397.0363324,-5.0,-2.0,-88.0
1777890397.0463324,-2.0,-3.0,-81.0
1777890397.0563323,3.0,-3.0,-86.0
1777890397.0663323,-4.0,-5.0,-79.0
1777890397.0763323,-7.0,-3.0,-77.0
1777890397.0863323,-4.0,-7.0,-76.0
1777890397.0963323,-4.0,-9.0,-75.0
1777890397.1063323,-1.0,-9.0,-74.0
1777890397.1163323,0.0,-9.0,-66.0
1777890397.1263323,2.0,-8.0,-64.0
1777890397.1363325,-1.0,-6.0,-63.0
1777890397.1463325,-1.0,-2.0,-65.0
1777890397.1563325,0.0,0.0,-62.0
1777890397.1663325,1.0,0.0,-61.0
1777890397.1763325,0.0,1.0,-66.0
1777890397.1863325,3.0,1.0,-75.0
1777890397.1963325,3.0,3.0,-75.0
1777890397.2063324,1.0,1.0,-70.0
1777890397.2163324,-2.0,1.0,-76.0
1777890397.2263324,-3.0,-2.0,-72.0
1777890397.2363324,-4.0,-1.0,-69.0
1777890397.2463324,-2.0,-4.0,-64.0
1777890397.2563324,-5.0,-2.0,-65.0
1777890397.2663324,-3.0,-1.0,-65.0
1777890397.2763324,-1.0,1.0,-70.0
1777890397.2863324,0.0,1.0,-73.0
1777890397.2963324,0.0,0.0,-68.0
1777890397.3063323,3.0,0.0,-73.0
1777890397.3163323,4.0,-1.0,-78.0
1777890397.3263323,3.0,0.0,-74.0
1777890397.3363323,3.0,1.0,-66.0
1777890397.3463323,3.0,-1.0,-64.0
1777890397.3563323,3.0,-2.0,-55.0
1777890397.3663323,3.0,-3.0,-62.0
1777890397.3763323,5.0,0.0,-60.0
1777890397.3863325,5.0,1.0,-60.0
1777890397.3963325,0.0,1.0,-70.0
1777890397.4063325,0.0,0.0,-69.0
1777890397.4163325,-1.0,1.0,-64.0
1777890397.4263325,-5.0,0.0,-66.0
1777890397.4363325,-9.0,-2.0,-68.0
1777890397.4463325,-5.0,1.0,-69.0
1777890397.4563324,-4.0,1.0,-70.0
1777890397.4663324,-5.0,1.0,-61.0
1777890397.4763324,-8.0,0.0,-59.0
1777890397.4863324,-5.0,6.0,-65.0
1777890397.4963324,-7.0,8.0,-66.0
1777890397.5063324,-5.0,9.0,-66.0
1777890397.5163324,-2.0,6.0,-72.0
1777890397.5263324,1.0,7.0,-74.0
1777890397.5363324,2.0,1.0,-74.0
1777890397.5463324,3.0,5.0,-73.0
1777890397.5563323,4.0,7.0,-70.0
1777890397.5663323,1.0,5.0,-73.0
1777890397.5763323,0.0,0.0,-70.0
1777890397.5863323,-2.0,0.0,-64.0
1777890397.5963323,2.0,-3.0,-58.0
1777890397.6063323,1.0,0.0,-67.0
1777890397.6163323,0.0,-4.0,-72.0
1777890397.6263323,2.0,-5.0,-70.0
1777890397.6363325,-1.0,-2.0,-75.0
1777890397.6463325,0.0,-1.0,-68.0
1777890397.6563325,3.0,-5.0,-70.0
1777890397.6663325,1.0,-4.0,-66.0
1777890397.6763325,-2.0,-1.0,-71.0
1777890397.6863325,-2.0,1.0,-69.0
1777890397.6963325,2.0,5.0,-65.0
1777890397.7063324,5.0,0.0,-62.0
1777890397.7163324,5.0,3.0,-66.0
1777890397.7263324,6.0,4.0,-69.0
1777890397.7363324,2.0,1.0,-74.0
1777890397.7463324,-2.0,2.0,-77.0
1777890397.7563324,-2.0,2.0,-77.0
1777890397.7663324,1.0,0.0,-74.0
1777890397.7763324,2.0,0.0,-70.0
1777890397.7863324,0.0,-3.0,-73.0
1777890397.7963324,2.0,-2.0,-72.0
1777890397.8063323,5.0,2.0,-69.0
1777890397.8163323,3.0,3.0,-71.0
1777890397.8263323,0.0,4.0,-73.0
1777890397.8363323,2.0,2.0,-73.0
1777890397.8463323,3.0,1.0,-71.0
1777890397.8563323,4.0,0.0,-73.0
1777890397.8663323,3.0,-2.0,-73.0
1777890397.8763323,3.0,0.0,-77.0
1777890397.8863325,7.0,4.0,-76.0
1777890397.8963325,6.0,5.0,-82.0
1777890397.9063325,6.0,0.0,-80.0
1777890397.9163325,3.0,-4.0,-86.0
1777890397.9263325,5.0,-1.0,-85.0
1777890397.9363325,5.0,1.0,-90.0
1777890397.9463325,3.0,1.0,-83.0
1777890397.9563324,4.0,0.0,-77.0
1777890397.9663324,2.0,0.0,-75.0
1777890397.9763324,0.0,0.0,-79.0
1777890397.9863324,0.0,-3.0,-78.0
1777890397.9963324,1.0,-4.0,-67.0
1777890398.0063324,0.0,-4.0,-62.0
1777890398.0163324,1.0,-2.0,-62.0
1777890398.0263324,1.0,1.0,-61.0
1777890398.0363324,0.0,5.0,-58.0
1777890398.0463324,1.0,0.0,-63.0
1777890398.0563323,2.0,-4.0,-66.0
1777890398.0663323,1.0,-3.0,-73.0
1777890398.0763323,2.0,-5.0,-76.0
1777890398.0863323,1.0,-5.0,-78.0
1777890398.0963323,2.0,-4.0,-82.0
1777890398.1063323,0.0,-8.0,-77.0
1777890398.1163323,0.0,-7.0,-67.0
1777890398.1263323,0.0,-11.0,-69.0
1777890398.1363325,0.0,-9.0,-73.0
1777890398.1463325,0.0,-5.0,-70.0
1777890398.1563325,-1.0,-6.0,-66.0
1777890398.1663325,0.0,-6.0,-67.0
1777890398.1763325,0.0,-3.0,-69.0
1777890398.1863325,0.0,-5.0,-75.0
1777890398.1963325,-1.0,0.0,-77.0
1777890398.2063324,-2.0,0.0,-72.0
1777890398.2163324,0.0,0.0,-68.0
1777890398.2263324,2.0,1.0,-74.0
1777890398.2363324,0.0,0.0,-70.0
1777890398.2463324,2.0,0.0,-63.0
1777890398.2563324,4.0,1.0,-66.0
1777890398.2663324,3.0,-4.0,-67.0
1777890398.2763324,3.0,-3.0,-67.0
1777890398.2863324,8.0,-8.0,-67.0
1777890398.2963324,5.0,-8.0,-68.0
1777890398.3063323,2.0,-6.0,-72.0
1777890398.3163323,3.0,-4.0,-77.0
1777890398.3263323,0.0,-4.0,-82.0
1777890398.3363323,-1.0,0.0,-86.0
1777890398.3463323,-1.0,-2.0,-83.0
1777890398.3563323,3.0,-1.0,-82.0
1777890398.3663323,6.0,-2.0,-76.0
1777890398.3763323,3.0,-1.0,-71.0
1777890398.3863325,-2.0,-3.0,-64.0
1777890398.3963325,-2.0,-2.0,-63.0
1777890398.4063325,1.0,0.0,-59.0
1777890398.4163325,5.0,1.0,-62.0
1777890398.4263325,3.0,1.0,-73.0
1777890398.4363325,-1.0,6.0,-76.0
1777890398.4463325,1.0,1.0,-76.0
1777890398.4563324,2.0,0.0,-78.0
1777890398.4663324,3.0,3.0,-80.0
1777890398.4763324,5.0,2.0,-83.0
1777890398.4863324,3.0,0.0,-78.0
1777890398.4963324,4.0,1.0,-78.0
1777890398.5063324,5.0,-1.0,-81.0
1777890398.5163324,2.0,0.0,-80.0
1777890398.5263324,3.0,2.0,-73.0
1777890398.5363324,4.0,0.0,-70.0
1777890398.5463324,2.0,-2.0,-71.0
1777890398.5563323,6.0,-3.0,-72.0
1777890398.5663323,7.0,-6.0,-68.0
1777890398.5763323,6.0,1.0,-63.0
1777890398.5863323,5.0,2.0,-68.0
1777890398.5963323,0.0,-2.0,-72.0
1777890398.6063323,2.0,-3.0,-69.0
1777890398.6163323,6.0,-4.0,-68.0
1777890398.6263323,2.0,3.0,-63.0
1777890398.6363325,0.0,3.0,-61.0
1777890398.6463325,-1.0,2.0,-69.0
1777890398.6563325,-1.0,0.0,-66.0
1777890398.6663325,0.0,-2.0,-65.0
1777890398.6763325,3.0,-3.0,-65.0
1777890398.6863325,2.0,-3.0,-67.0
1777890398.6963325,0.0,-2.0,-60.0
1777890398.7063324,1.0,-1.0,-57.0
1777890398.7163324,1.0,-4.0,-59.0
1777890398.7263324,0.0,-3.0,-65.0
1777890398.7363324,0.0,-2.0,-68.0
1777890398.7463324,3.0,-4.0,-70.0
1777890398.7563324,-1.0,0.0,-71.0
1777890398.7663324,0.0,0.0,-72.0
1777890398.7763324,0.0,1.0,-71.0
1777890398.7863324,0.0,0.0,-74.0
1777890398.7963324,0.0,-5.0,-72.0
1777890398.8063323,-2.0,-6.0,-76.0
1777890398.8163323,-3.0,0.0,-71.0
1777890398.8263323,-8.0,2.0,-65.0
1777890398.8363323,-8.0,0.0,-68.0
1777890398.8463323,-6.0,-1.0,-72.0
1777890398.8563323,-3.0,-2.0,-64.0
1777890398.8663323,0.0,-3.0,-64.0
1777890398.8763323,-2.0,-3.0,-64.0
1777890398.8863325,-4.0,0.0,-72.0
1777890398.8963325,-3.0,-3.0,-73.0
1777890398.9063325,-1.0,-2.0,-69.0
1777890398.9163325,-5.0,-1.0,-72.0
1777890398.9263325,-3.0,0.0,-71.0
1777890398.9363325,0.0,1.0,-67.0
1777890398.9463325,0.0,2.0,-70.0
1777890398.9563324,1.0,2.0,-67.0
1777890398.9663324,0.0,3.0,-68.0
1777890398.9773324,1.0,0.0,-68.0
1777890398.9863324,4.0,-2.0,-73.0
1777890398.9973323,7.0,-3.0,-78.0
1777890399.0063324,6.0,-4.0,-79.0
1777890399.0173323,3.0,-2.0,-77.0
1777890399.0273323,1.0,-3.0,-74.0
1777890399.0373323,3.0,-4.0,-78.0
1777890399.0473323,3.0,-5.0,-75.0
1777890399.0573325,0.0,-1.0,-78.0
1777890399.0673325,-3.0,0.0,-82.0
1777890399.0773325,0.0,-4.0,-83.0
1777890399.0873325,0.0,-3.0,-84.0
1777890399.0973325,0.0,-4.0,-79.0
1777890399.1073325,-2.0,-5.0,-82.0
1777890399.1173325,-6.0,-7.0,-89.0
1777890399.1273324,-7.0,-8.0,-88.0
1777890399.1373324,-5.0,-4.0,-92.0
1777890399.1473324,-6.0,-2.0,-92.0
1777890399.1573324,-6.0,0.0,-86.0
1777890399.1673324,-1.0,-3.0,-86.0
1777890399.1773324,0.0,-7.0,-80.0
1777890399.1873324,0.0,-9.0,-79.0
1777890399.1973324,2.0,-10.0,-79.0
1777890399.2073324,2.0,-11.0,-75.0
1777890399.2173324,0.0,-5.0,-77.0
1777890399.2273324,-1.0,-4.0,-79.0
1777890399.2373323,2.0,-3.0,-71.0
1777890399.2473323,5.0,-3.0,-70.0
1777890399.2573323,7.0,-1.0,-69.0
1777890399.2673323,6.0,2.0,-71.0
1777890399.2773323,8.0,2.0,-67.0
1777890399.2873323,6.0,0.0,-71.0
1777890399.2973323,4.0,0.0,-73.0
1777890399.3073325,2.0,-2.0,-72.0
1777890399.3173325,2.0,-2.0,-72.0
1777890399.3273325,-2.0,3.0,-69.0
1777890399.3373325,0.0,1.0,-75.0
1777890399.3473325,0.0,0.0,-72.0
1777890399.3573325,0.0,-1.0,-72.0
1777890399.3673325,-7.0,-2.0,-72.0
1777890399.3773324,-10.0,0.0,-76.0
1777890399.3873324,-9.0,1.0,-72.0
1777890399.3973324,-11.0,-2.0,-70.0
1777890399.4073324,-11.0,-2.0,-68.0
1777890399.4173324,-8.0,-3.0,-71.0
1777890399.4273324,-7.0,-3.0,-68.0
1777890399.4373324,-5.0,-2.0,-72.0
1777890399.4473324,-3.0,2.0,-73.0
1777890399.4573324,-4.0,0.0,-77.0
1777890399.4673324,0.0,0.0,-76.0
1777890399.4773324,-1.0,-1.0,-77.0
1777890399.4873323,0.0,0.0,-78.0
1777890399.4973323,0.0,-3.0,-82.0
1777890399.5073323,-5.0,-3.0,-86.0
1777890399.5173323,-6.0,-5.0,-84.0
1777890399.5273323,-5.0,-8.0,-75.0
1777890399.5373323,-4.0,-5.0,-76.0
1777890399.5473323,-5.0,-9.0,-76.0
1777890399.5573325,-7.0,-9.0,-68.0
1777890399.5673325,-4.0,-6.0,-71.0
1777890399.5773325,-2.0,-4.0,-72.0
1777890399.5873325,-3.0,-6.0,-71.0
1777890399.5973325,-4.0,-6.0,-76.0
1777890399.6073325,0.0,-5.0,-76.0
1777890399.6173325,0.0,-9.0,-69.0
1777890399.6273324,1.0,-8.0,-72.0
1777890399.6373324,0.0,-5.0,-72.0
1777890399.6473324,-1.0,-4.0,-69.0
1777890399.6573324,-3.0,-1.0,-75.0
1777890399.6673324,-5.0,-4.0,-76.0
1777890399.6773324,-6.0,-6.0,-81.0
1777890399.6873324,-4.0,-5.0,-85.0
1777890399.6973324,0.0,-6.0,-83.0
1777890399.7073324,-5.0,-9.0,-84.0
1777890399.7173324,-6.0,-9.0,-82.0
1777890399.7273324,-5.0,-9.0,-84.0
1777890399.7373323,0.0,-9.0,-76.0
1777890399.7473323,0.0,-8.0,-74.0
1777890399.7573323,-6.0,-9.0,-79.0
1777890399.7673323,-2.0,-9.0,-75.0
1777890399.7773323,2.0,-10.0,-74.0
1777890399.7873323,3.0,-10.0,-81.0
1777890399.7973323,3.0,-10.0,-69.0
1777890399.8073325,2.0,-13.0,-63.0
1777890399.8173325,3.0,-8.0,-64.0
1777890399.8273325,6.0,-4.0,-63.0
1777890399.8373325,5.0,-5.0,-63.0
1777890399.8473325,3.0,-2.0,-62.0
1777890399.8573325,1.0,-4.0,-65.0
1777890399.8673325,3.0,-5.0,-67.0
1777890399.8773324,0.0,0.0,-69.0
1777890399.8873324,0.0,3.0,-78.0
1777890399.8973324,2.0,3.0,-79.0
1777890399.9073324,0.0,3.0,-80.0
1777890399.9173324,2.0,4.0,-81.0
1777890399.9273324,3.0,5.0,-82.0
1777890399.9373324,3.0,6.0,-81.0
1777890399.9473324,2.0,8.0,-82.0
1777890399.9573324,0.0,7.0,-78.0
1777890399.9673324,2.0,3.0,-83.0
1777890399.9773324,2.0,2.0,-86.0
1777890399.9873323,7.0,4.0,-76.0
1777890399.9973323,9.0,1.0,-78.0
1777890400.0073323,6.0,1.0,-77.0
1777890400.0173323,5.0,2.0,-80.0
1777890400.0273323,5.0,1.0,-75.0
1777890400.0373323,1.0,-1.0,-69.0
1777890400.0473323,5.0,-2.0,-75.0
1777890400.0573325,5.0,-5.0,-76.0
1777890400.0673325,5.0,-5.0,-65.0
1777890400.0773325,1.0,-3.0,-66.0
1777890400.0873325,-2.0,-4.0,-65.0
1777890400.0973325,-2.0,-5.0,-64.0
1777890400.1073325,5.0,-2.0,-62.0
1777890400.1173325,3.0,-1.0,-55.0
1777890400.1273324,7.0,1.0,-59.0
1777890400.1373324,4.0,1.0,-63.0
1777890400.1473324,0.0,0.0,-63.0
1777890400.1573324,4.0,0.0,-62.0
1777890400.1673324,9.0,-2.0,-68.0
1777890400.1773324,10.0,0.0,-77.0
1777890400.1873324,10.0,1.0,-81.0
1777890400.1973324,6.0,0.0,-80.0
1777890400.2073324,6.0,0.0,-75.0
1777890400.2173324,2.0,-2.0,-71.0
1777890400.2273324,0.0,-2.0,-77.0
1777890400.2373323,0.0,-1.0,-78.0
1777890400.2473323,0.0,-1.0,-75.0
1777890400.2573323,0.0,-3.0,-72.0
1777890400.2673323,-4.0,-2.0,-74.0
1777890400.2773323,0.0,-7.0,-70.0
1777890400.2873323,-1.0,-3.0,-72.0
1777890400.2973323,-1.0,-3.0,-71.0
1777890400.3073325,0.0,0.0,-70.0
1777890400.3173325,-3.0,-5.0,-82.0
1777890400.3273325,-4.0,2.0,-84.0
1777890400.3373325,-5.0,2.0,-78.0
1777890400.3473325,-6.0,1.0,-74.0
1777890400.3573325,-6.0,0.0,-74.0
1777890400.3673325,-4.0,0.0,-77.0
1777890400.3773324,-5.0,0.0,-82.0
1777890400.3873324,-4.0,-4.0,-76.0
1777890400.3973324,0.0,-4.0,-70.0
1777890400.4073324,4.0,-4.0,-79.0
1777890400.4173324,4.0,-6.0,-84.0
1777890400.4273324,6.0,-3.0,-77.0
1777890400.4373324,1.0,0.0,-74.0
1777890400.4473324,0.0,-1.0,-73.0
1777890400.4573324,-3.0,-3.0,-80.0
1777890400.4673324,-3.0,-3.0,-76.0
1777890400.4773324,2.0,-3.0,-73.0
1777890400.4873323,1.0,0.0,-77.0
1777890400.4973323,0.0,1.0,-79.0
1777890400.5073323,0.0,0.0,-73.0
1777890400.5173323,1.0,-5.0,-73.0
1777890400.5273323,0.0,-3.0,-69.0
1777890400.5373323,-2.0,0.0,-60.0
1777890400.5473323,-1.0,2.0,-59.0
1777890400.5573325,0.0,0.0,-59.0
1777890400.5673325,1.0,-3.0,-67.0
1777890400.5773325,0.0,-7.0,-69.0
1777890400.5873325,1.0,-3.0,-73.0
1777890400.5973325,0.0,-5.0,-78.0
1777890400.6073325,-9.0,-5.0,-72.0
1777890400.6173325,-11.0,-6.0,-67.0
1777890400.6273324,-9.0,-6.0,-70.0
1777890400.6373324,-6.0,-5.0,-71.0
1777890400.6473324,-4.0,0.0,-73.0
1777890400.6573324,-1.0,1.0,-74.0
1777890400.6673324,-1.0,-2.0,-76.0
1777890400.6773324,-1.0,-3.0,-80.0
1777890400.6873324,1.0,0.0,-79.0
1777890400.6973324,3.0,2.0,-81.0
1777890400.7073324,5.0,-2.0,-79.0
1777890400.7173324,1.0,0.0,-77.0
1777890400.7273324,0.0,2.0,-77.0
1777890400.7373323,-1.0,1.0,-74.0
1777890400.7473323,-3.0,3.0,-75.0
1777890400.7573323,1.0,1.0,-70.0
1777890400.7673323,5.0,0.0,-68.0
1777890400.7773323,1.0,0.0,-66.0
1777890400.7873323,-3.0,0.0,-72.0
1777890400.7973323,-2.0,-1.0,-74.0
1777890400.8073325,0.0,0.0,-79.0
1777890400.8173325,0.0,2.0,-80.0
1777890400.8273325,-3.0,4.0,-78.0
1777890400.8373325,-3.0,0.0,-80.0
1777890400.8473325,-4.0,-2.0,-77.0
1777890400.8573325,2.0,-6.0,-74.0
1777890400.8673325,4.0,-6.0,-76.0
1777890400.8773324,6.0,-3.0,-70.0
1777890400.8873324,5.0,-4.0,-70.0
1777890400.8973324,2.0,-6.0,-66.0
1777890400.9073324,0.0,-2.0,-68.0
1777890400.9173324,-1.0,-1.0,-62.0
1777890400.9273324,0.0,0.0,-67.0
1777890400.9373324,-1.0,-3.0,-65.0
1777890400.9473324,-1.0,-2.0,-65.0
1777890400.9583323,-3.0,-1.0,-69.0
1777890400.9673324,0.0,-2.0,-71.0
1777890400.9773324,2.0,-5.0,-66.0
1777890400.9883325,2.0,-4.0,-74.0
1777890400.9983325,5.0,-4.0,-82.0
1777890401.0083325,5.0,-3.0,-84.0
1777890401.0183325,12.0,-7.0,-83.0
1777890401.0283325,11.0,-2.0,-77.0
1777890401.0383325,9.0,1.0,-78.0
1777890401.0483325,7.0,-2.0,-80.0
1777890401.0583324,6.0,-3.0,-76.0
1777890401.0683324,3.0,-3.0,-75.0
1777890401.0783324,2.0,-1.0,-74.0
1777890401.0883324,-3.0,1.0,-73.0
1777890401.0983324,0.0,0.0,-80.0
1777890401.1083324,0.0,0.0,-85.0
1777890401.1183324,2.0,0.0,-81.0
1777890401.1283324,0.0,5.0,-80.0
1777890401.1383324,-2.0,7.0,-77.0
1777890401.1483324,-4.0,4.0,-78.0
1777890401.1583323,-7.0,0.0,-77.0
1777890401.1683323,-5.0,3.0,-73.0
1777890401.1783323,-3.0,7.0,-74.0
1777890401.1883323,0.0,5.0,-75.0
1777890401.1983323,0.0,0.0,-72.0
1777890401.2083323,-2.0,0.0,-67.0
1777890401.2183323,3.0,-2.0,-69.0
1777890401.2283323,7.0,1.0,-76.0
1777890401.2383325,8.0,-1.0,-75.0
1777890401.2483325,7.0,-5.0,-75.0
1777890401.2583325,9.0,-2.0,-77.0
1777890401.2683325,7.0,-1.0,-76.0
1777890401.2783325,10.0,2.0,-75.0
1777890401.2883325,9.0,8.0,-80.0
1777890401.2983325,5.0,6.0,-84.0
1777890401.3083324,3.0,3.0,-81.0
1777890401.3183324,0.0,2.0,-80.0
1777890401.3283324,6.0,1.0,-71.0
1777890401.3383324,3.0,0.0,-73.0
1777890401.3483324,-2.0,-1.0,-69.0
1777890401.3583324,-1.0,-2.0,-65.0
1777890401.3683324,-3.0,0.0,-62.0
1777890401.3783324,2.0,3.0,-72.0
1777890401.3883324,3.0,3.0,-75.0
1777890401.3983324,3.0,3.0,-76.0
1777890401.4083323,3.0,0.0,-77.0
1777890401.4183323,1.0,0.0,-80.0
1777890401.4283323,-4.0,0.0,-81.0
1777890401.4383323,-5.0,1.0,-76.0
1777890401.4483323,-1.0,0.0,-73.0
1777890401.4583323,-5.0,-3.0,-75.0
1777890401.4683323,-5.0,3.0,-72.0
1777890401.4783323,-3.0,1.0,-64.0
1777890401.4883325,-2.0,1.0,-69.0
1777890401.4983325,0.0,2.0,-68.0
1777890401.5083325,2.0,0.0,-67.0
1777890401.5183325,0.0,0.0,-69.0
1777890401.5283325,2.0,-1.0,-64.0
1777890401.5383325,-1.0,-2.0,-63.0
1777890401.5483325,-2.0,-4.0,-66.0
1777890401.5583324,-4.0,-3.0,-72.0
1777890401.5683324,-1.0,-2.0,-75.0
1777890401.5783324,2.0,2.0,-72.0
1777890401.5883324,2.0,3.0,-77.0
1777890401.5983324,4.0,4.0,-77.0
1777890401.6083324,4.0,3.0,-80.0
1777890401.6183324,6.0,2.0,-80.0
1777890401.6283324,5.0,0.0,-73.0
1777890401.6383324,1.0,-3.0,-65.0
1777890401.6483324,0.0,-4.0,-63.0
1777890401.6583323,0.0,-5.0,-67.0
1777890401.6683323,-2.0,-5.0,-63.0
1777890401.6783323,0.0,-2.0,-67.0
1777890401.6883323,2.0,-7.0,-68.0
1777890401.6983323,4.0,-3.0,-73.0
1777890401.7083323,1.0,-7.0,-70.0
1777890401.7183323,1.0,-3.0,-67.0
1777890401.7283323,1.0,-2.0,-67.0
1777890401.7383325,1.0,-1.0,-66.0
1777890401.7483325,2.0,-1.0,-72.0
1777890401.7583325,1.0,1.0,-67.0
1777890401.7683325,1.0,3.0,-60.0
1777890401.7783325,0.0,4.0,-69.0
1777890401.7883325,2.0,2.0,-68.0
1777890401.7983325,0.0,0.0,-69.0
1777890401.8083324,0.0,-1.0,-70.0
1777890401.8183324,4.0,0.0,-69.0
1777890401.8293324,2.0,-4.0,-68.0
1777890401.8383324,3.0,-6.0,-67.0
1777890401.8483324,1.0,0.0,-73.0
1777890401.8583324,-1.0,-2.0,-69.0
1777890401.8683324,-3.0,-5.0,-72.0
1777890401.8783324,0.0,-8.0,-75.0
1777890401.8883324,4.0,-9.0,-78.0
1777890401.8983324,3.0,-4.0,-73.0
1777890401.9083323,0.0,-3.0,-69.0
1777890401.9183323,3.0,-6.0,-61.0
1777890401.9283323,0.0,-3.0,-57.0
1777890401.9383323,-2.0,-8.0,-66.0
1777890401.9483323,1.0,-9.0,-68.0
1777890401.9583323,1.0,-4.0,-68.0
1777890401.9683323,2.0,-5.0,-65.0
1777890401.9783323,0.0,-5.0,-71.0
1777890401.9883325,4.0,-6.0,-75.0
1777890401.9983325,4.0,0.0,-73.0
1777890402.0083325,7.0,-4.0,-65.0
1777890402.0183325,7.0,-5.0,-73.0
1777890402.0283325,6.0,0.0,-68.0
1777890402.0383325,2.0,0.0,-65.0
1777890402.0483325,4.0,-4.0,-71.0
1777890402.0583324,5.0,-1.0,-74.0
1777890402.0683324,5.0,1.0,-67.0
1777890402.0783324,3.0,0.0,-74.0
1777890402.0883324,2.0,-1.0,-73.0
1777890402.0983324,3.0,-4.0,-72.0
1777890402.1083324,2.0,-5.0,-80.0
1777890402.1183324,-3.0,-7.0,-80.0
1777890402.1283324,-2.0,-4.0,-75.0
1777890402.1383324,-5.0,-4.0,-77.0
1777890402.1483324,-3.0,-4.0,-75.0
1777890402.1583323,-2.0,-3.0,-79.0
1777890402.1683323,2.0,0.0,-78.0
1777890402.1783323,0.0,1.0,-71.0
1777890402.1883323,-1.0,4.0,-73.0
1777890402.1983323,-5.0,4.0,-76.0
1777890402.2083323,-3.0,3.0,-80.0
1777890402.2183323,-1.0,2.0,-74.0
1777890402.2283323,-1.0,1.0,-76.0
1777890402.2383325,-2.0,0.0,-85.0
1777890402.2483325,-3.0,1.0,-81.0
1777890402.2583325,-2.0,0.0,-80.0
1777890402.2683325,-3.0,-1.0,-73.0
1777890402.2783325,-2.0,-2.0,-64.0
1777890402.2883325,-3.0,-6.0,-65.0
1777890402.2983325,2.0,-5.0,-69.0
1777890402.3083324,0.0,-2.0,-70.0
1777890402.3183324,0.0,1.0,-78.0
1777890402.3283324,-2.0,0.0,-76.0
1777890402.3383324,-6.0,-2.0,-75.0
1777890402.3483324,-10.0,-3.0,-78.0
1777890402.3583324,-10.0,-1.0,-72.0
1777890402.3683324,-8.0,0.0,-74.0
1777890402.3783324,-7.0,0.0,-71.0
1777890402.3883324,-7.0,6.0,-71.0
1777890402.3983324,-5.0,-1.0,-74.0
1777890402.4083323,-6.0,-5.0,-76.0
1777890402.4183323,-4.0,-7.0,-76.0
1777890402.4283323,1.0,-6.0,-80.0
1777890402.4383323,0.0,-3.0,-75.0
1777890402.4483323,0.0,-3.0,-68.0
1777890402.4583323,0.0,-3.0,-63.0
1777890402.4683323,-2.0,-2.0,-67.0
1777890402.4783323,0.0,-5.0,-64.0
1777890402.4883325,2.0,-5.0,-76.0
1777890402.4983325,5.0,-6.0,-71.0
1777890402.5083325,0.0,-6.0,-74.0
1777890402.5183325,4.0,-5.0,-75.0
1777890402.5283325,3.0,-2.0,-69.0
1777890402.5383325,4.0,-1.0,-74.0
1777890402.5483325,2.0,2.0,-74.0
1777890402.5583324,0.0,1.0,-71.0
1777890402.5683324,2.0,0.0,-68.0
1777890402.5783324,3.0,1.0,-68.0
1777890402.5883324,3.0,3.0,-66.0
1777890402.5983324,2.0,1.0,-66.0
1777890402.6083324,2.0,-2.0,-71.0
1777890402.6183324,3.0,-3.0,-74.0
1777890402.6283324,1.0,-5.0,-72.0
1777890402.6383324,-2.0,-9.0,-73.0
1777890402.6483324,-5.0,-4.0,-69.0
1777890402.6583323,0.0,0.0,-75.0
1777890402.6683323,0.0,2.0,-74.0
1777890402.6783323,1.0,6.0,-69.0
1777890402.6883323,5.0,4.0,-66.0
1777890402.6983323,3.0,0.0,-71.0
1777890402.7083323,1.0,-2.0,-70.0
1777890402.7183323,0.0,-3.0,-72.0
1777890402.7283323,0.0,-5.0,-74.0
1777890402.7383325,2.0,-3.0,-74.0
1777890402.7483325,2.0,-5.0,-78.0
1777890402.7583325,3.0,-5.0,-77.0
1777890402.7683325,4.0,-10.0,-68.0
1777890402.7783325,0.0,-5.0,-70.0
1777890402.7883325,2.0,-5.0,-76.0
1777890402.7983325,1.0,-6.0,-81.0
1777890402.8083324,0.0,-7.0,-76.0
1777890402.8183324,0.0,-7.0,-78.0
1777890402.8283324,-2.0,-10.0,-78.0
1777890402.8383324,-1.0,-11.0,-73.0
1777890402.8483324,2.0,-11.0,-81.0
1777890402.8583324,-1.0,-11.0,-84.0
1777890402.8683324,-5.0,-10.0,-85.0
1777890402.8783324,-9.0,-7.0,-82.0
1777890402.8883324,-8.0,-6.0,-81.0
1777890402.8983324,0.0,-4.0,-76.0
1777890402.9083323,1.0,-2.0,-77.0
1777890402.9183323,0.0,-2.0,-72.0
1777890402.9283323,0.0,0.0,-70.0
1777890402.9383323,2.0,3.0,-66.0
1777890402.9483323,2.0,2.0,-72.0
1777890402.9583323,3.0,1.0,-71.0
1777890402.9683323,2.0,0.0,-66.0
1777890402.9783323,1.0,1.0,-79.0
1777890402.9893324,5.0,1.0,-80.0
1777890402.9993324,7.0,-3.0,-81.0
1777890403.0093324,7.0,-2.0,-83.0
1777890403.0193324,9.0,-2.0,-80.0
1777890403.0293324,11.0,-3.0,-81.0
1777890403.0393324,3.0,-6.0,-83.0
1777890403.0493324,0.0,-8.0,-82.0
1777890403.0593324,0.0,-6.0,-80.0
1777890403.0693324,0.0,-5.0,-80.0
1777890403.0793324,-2.0,-4.0,-75.0
1777890403.0893323,-4.0,-2.0,-72.0
1777890403.0993323,-7.0,1.0,-73.0
1777890403.1093323,-1.0,-2.0,-74.0
1777890403.1193323,1.0,-2.0,-73.0
1777890403.1293323,0.0,0.0,-67.0
1777890403.1393323,3.0,-3.0,-68.0
1777890403.1493323,-1.0,-7.0,-69.0
1777890403.1593325,-4.0,-4.0,-69.0
1777890403.1693325,1.0,-5.0,-74.0
1777890403.1793325,4.0,-3.0,-74.0
1777890403.1893325,3.0,-2.0,-78.0
1777890403.1993325,0.0,-1.0,-71.0
1777890403.2093325,2.0,-3.0,-73.0
1777890403.2193325,0.0,3.0,-70.0
1777890403.2293324,4.0,0.0,-73.0
1777890403.2393324,4.0,-4.0,-73.0
1777890403.2493324,2.0,-7.0,-70.0
1777890403.2593324,3.0,-4.0,-72.0
1777890403.2693324,0.0,-2.0,-67.0
1777890403.2793324,0.0,0.0,-69.0
1777890403.2893324,1.0,-3.0,-72.0
1777890403.2993324,4.0,-6.0,-74.0
1777890403.3093324,5.0,-5.0,-70.0
1777890403.3193324,1.0,-5.0,-68.0
1777890403.3293324,0.0,-3.0,-64.0
1777890403.3393323,1.0,-1.0,-59.0
1777890403.3493323,0.0,0.0,-63.0
1777890403.3593323,1.0,3.0,-68.0
1777890403.3693323,2.0,2.0,-75.0
1777890403.3793323,0.0,2.0,-77.0
1777890403.3893323,2.0,0.0,-74.0
1777890403.3993323,3.0,1.0,-75.0
1777890403.4093325,1.0,-3.0,-74.0
1777890403.4193325,1.0,-4.0,-74.0
1777890403.4293325,-1.0,-2.0,-66.0
1777890403.4393325,1.0,-5.0,-69.0
1777890403.4493325,-2.0,-4.0,-67.0
1777890403.4593325,-3.0,-2.0,-66.0
1777890403.4693325,-1.0,0.0,-68.0
1777890403.4793324,2.0,-1.0,-67.0
1777890403.4893324,2.0,5.0,-73.0
1777890403.4993324,0.0,2.0,-82.0
1777890403.5093324,3.0,0.0,-86.0
1777890403.5193324,1.0,0.0,-89.0
1777890403.5293324,-4.0,-2.0,-77.0
1777890403.5393324,-5.0,-6.0,-68.0
1777890403.5493324,-5.0,-5.0,-61.0
1777890403.5593324,-1.0,-3.0,-56.0
1777890403.5693324,0.0,-1.0,-58.0
1777890403.5793324,3.0,-1.0,-66.0
1777890403.5893323,2.0,0.0,-66.0
1777890403.5993323,-2.0,4.0,-70.0
1777890403.6093323,-5.0,4.0,-77.0
1777890403.6193323,-5.0,1.0,-76.0
1777890403.6293323,-1.0,-1.0,-79.0
1777890403.6393323,-2.0,0.0,-84.0
1777890403.6493323,-2.0,0.0,-79.0
1777890403.6593325,-4.0,0.0,-77.0
1777890403.6693325,-3.0,1.0,-78.0
1777890403.6793325,-1.0,0.0,-75.0
1777890403.6893325,-1.0,2.0,-74.0
1777890403.6993325,3.0,0.0,-70.0
1777890403.7093325,6.0,3.0,-69.0
1777890403.7193325,4.0,5.0,-75.0
1777890403.7293324,0.0,5.0,-77.0
1777890403.7393324,1.0,5.0,-75.0
1777890403.7493324,4.0,3.0,-72.0
1777890403.7593324,1.0,1.0,-70.0
1777890403.7693324,1.0,0.0,-79.0
1777890403.7793324,3.0,0.0,-76.0
1777890403.7893324,3.0,2.0,-70.0
1777890403.7993324,7.0,3.0,-61.0
1777890403.8093324,7.0,-3.0,-58.0
1777890403.8193324,6.0,-2.0,-68.0
1777890403.8293324,4.0,2.0,-71.0
1777890403.8393323,1.0,4.0,-72.0
1777890403.8493323,-2.0,1.0,-67.0
1777890403.8593323,-2.0,0.0,-67.0
1777890403.8693323,0.0,-4.0,-66.0
1777890403.8793323,0.0,-2.0,-65.0
1777890403.8893323,-4.0,-2.0,-61.0
1777890403.8993323,-3.0,-5.0,-63.0
1777890403.9093325,0.0,-4.0,-63.0
1777890403.9193325,-3.0,0.0,-65.0
1777890403.9293325,-2.0,3.0,-66.0
1777890403.9393325,-4.0,1.0,-73.0
1777890403.9493325,-4.0,1.0,-79.0
1777890403.9593325,-2.0,3.0,-79.0
1777890403.9693325,-3.0,5.0,-77.0
1777890403.9793324,-3.0,4.0,-71.0
1777890403.9893324,-2.0,0.0,-75.0
1777890403.9993324,-2.0,-2.0,-75.0
1777890404.0093324,0.0,0.0,-71.0
1777890404.0193324,-2.0,0.0,-70.0
1777890404.0293324,-3.0,0.0,-69.0
1777890404.0393324,-1.0,3.0,-70.0
1777890404.0493324,1.0,0.0,-77.0
1777890404.0593324,0.0,-2.0,-75.0
1777890404.0693324,3.0,-6.0,-76.0
1777890404.0793324,5.0,-6.0,-78.0
1777890404.0893323,2.0,-7.0,-73.0
1777890404.0993323,0.0,0.0,-66.0
1777890404.1093323,0.0,-3.0,-66.0
1777890404.1193323,2.0,-6.0,-63.0
1777890404.1293323,4.0,-4.0,-66.0
1777890404.1393323,0.0,0.0,-71.0
1777890404.1493323,-6.0,3.0,-74.0
1777890404.1593325,-3.0,0.0,-72.0
1777890404.1693325,-7.0,1.0,-75.0
1777890404.1793325,-2.0,0.0,-80.0
1777890404.1893325,-2.0,0.0,-76.0
1777890404.1993325,1.0,0.0,-74.0
1777890404.2093325,2.0,0.0,-66.0
1777890404.2193325,4.0,4.0,-63.0
1777890404.2293324,2.0,3.0,-72.0
1777890404.2393324,2.0,0.0,-76.0
1777890404.2493324,1.0,-1.0,-71.0
1777890404.2593324,2.0,0.0,-69.0
1777890404.2693324,0.0,-1.0,-69.0
1777890404.2793324,2.0,-3.0,-74.0
1777890404.2893324,1.0,-1.0,-74.0
1777890404.2993324,0.0,-1.0,-74.0
1777890404.3093324,-4.0,0.0,-73.0
1777890404.3193324,2.0,0.0,-71.0
1777890404.3293324,0.0,0.0,-73.0
1777890404.3393323,2.0,-1.0,-74.0
1777890404.3493323,2.0,0.0,-77.0
1777890404.3593323,0.0,0.0,-72.0
1777890404.3693323,1.0,1.0,-73.0
1777890404.3793323,1.0,0.0,-68.0
1777890404.3893323,4.0,-3.0,-61.0
1777890404.3993323,4.0,-3.0,-56.0
1777890404.4093325,3.0,-4.0,-60.0
1777890404.4193325,6.0,0.0,-65.0
1777890404.4293325,2.0,-1.0,-70.0
1777890404.4393325,-1.0,-3.0,-73.0
1777890404.4493325,-1.0,-4.0,-80.0
1777890404.4593325,-2.0,-6.0,-82.0
1777890404.4693325,1.0,-7.0,-78.0
1777890404.4793324,7.0,-9.0,-75.0
1777890404.4893324,7.0,-4.0,-73.0
1777890404.4993324,8.0,-8.0,-71.0
1777890404.5093324,3.0,-6.0,-73.0
1777890404.5193324,4.0,-5.0,-68.0
1777890404.5293324,0.0,-5.0,-72.0
1777890404.5393324,0.0,-6.0,-73.0
1777890404.5493324,0.0,-2.0,-81.0
1777890404.5593324,-2.0,0.0,-82.0
1777890404.5693324,2.0,0.0,-82.0
1777890404.5793324,0.0,1.0,-83.0
1777890404.5893323,6.0,0.0,-75.0
1777890404.5993323,7.0,1.0,-75.0
1777890404.6093323,2.0,0.0,-77.0
1777890404.6193323,2.0,5.0,-76.0
1777890404.6293323,1.0,0.0,-83.0
1777890404.6393323,-2.0,0.0,-88.0
1777890404.6493323,-3.0,0.0,-89.0
1777890404.6593325,-2.0,1.0,-86.0
1777890404.6693325,-4.0,0.0,-83.0
1777890404.6793325,-4.0,-1.0,-85.0
1777890404.6893325,-7.0,0.0,-88.0
1777890404.6993325,-4.0,-1.0,-80.0
1777890404.7093325,-5.0,-3.0,-76.0
1777890404.7193325,-5.0,2.0,-74.0
1777890404.7293324,-4.0,3.0,-74.0
1777890404.7393324,0.0,1.0,-80.0
1777890404.7493324,0.0,-1.0,-80.0
1777890404.7593324,-3.0,0.0,-76.0
1777890404.7693324,-5.0,-3.0,-74.0
1777890404.7793324,-3.0,-1.0,-69.0
1777890404.7893324,-4.0,-3.0,-70.0
1777890404.7993324,-4.0,-4.0,-67.0
1777890404.8093324,-1.0,-5.0,-69.0
1777890404.8193324,1.0,-5.0,-72.0
1777890404.8293324,0.0,-5.0,-72.0
1777890404.8393323,-1.0,-4.0,-78.0
1777890404.8493323,1.0,-7.0,-80.0
1777890404.8593323,2.0,-5.0,-84.0
1777890404.8693323,1.0,-4.0,-83.0
1777890404.8793323,-2.0,-4.0,-71.0
1777890404.8893323,-2.0,1.0,-69.0
1777890404.8993323,0.0,2.0,-69.0
1777890404.9093325,2.0,1.0,-71.0
1777890404.9193325,1.0,0.0,-75.0
1777890404.9293325,6.0,-1.0,-80.0
1777890404.9393325,4.0,-4.0,-87.0
1777890404.9503324,1.0,-6.0,-84.0
1777890404.9593325,5.0,-6.0,-80.0
1777890404.9693325,3.0,-6.0,-76.0
1777890404.9803324,4.0,-3.0,-79.0
1777890404.9903324,4.0,-1.0,-72.0
1777890405.0003324,6.0,0.0,-74.0
1777890405.0103323,3.0,0.0,-76.0
1777890405.0203323,0.0,-6.0,-76.0
1777890405.0303323,2.0,-3.0,-69.0
1777890405.0403323,3.0,-1.0,-71.0
1777890405.0503323,1.0,0.0,-61.0
1777890405.0603323,-1.0,0.0,-66.0
1777890405.0703323,-3.0,-3.0,-68.0
1777890405.0803325,-3.0,-6.0,-72.0
1777890405.0903325,0.0,-6.0,-81.0
1777890405.1003325,7.0,-4.0,-83.0
1777890405.1103325,3.0,-1.0,-83.0
1777890405.1203325,4.0,-2.0,-85.0
1777890405.1303325,3.0,-7.0,-83.0
1777890405.1403325,0.0,-5.0,-86.0
1777890405.1503325,-2.0,-2.0,-86.0
1777890405.1603324,-4.0,-2.0,-87.0
1777890405.1703324,-5.0,-3.0,-84.0
1777890405.1803324,-6.0,0.0,-75.0
1777890405.1903324,-2.0,0.0,-69.0
1777890405.2003324,-6.0,2.0,-68.0
1777890405.2103324,-2.0,3.0,-73.0
1777890405.2203324,0.0,2.0,-74.0
1777890405.2303324,-4.0,2.0,-74.0
1777890405.2403324,-5.0,-1.0,-77.0
1777890405.2503324,-3.0,-1.0,-65.0
1777890405.2603323,-4.0,-3.0,-59.0
1777890405.2703323,-2.0,-1.0,-59.0
1777890405.2803323,-3.0,-4.0,-61.0
1777890405.2903323,0.0,-5.0,-61.0
1777890405.3003323,2.0,-3.0,-63.0
1777890405.3103323,6.0,0.0,-70.0
1777890405.3203323,0.0,0.0,-73.0
1777890405.3303325,0.0,-5.0,-77.0
1777890405.3403325,2.0,-8.0,-77.0
1777890405.3503325,2.0,-5.0,-77.0
1777890405.3603325,2.0,-6.0,-76.0
1777890405.3703325,3.0,-2.0,-77.0
1777890405.3803325,0.0,-1.0,-76.0
1777890405.3903325,6.0,-1.0,-75.0
1777890405.4003325,1.0,0.0,-73.0
1777890405.4103324,1.0,1.0,-76.0
1777890405.4203324,0.0,0.0,-83.0
1777890405.4303324,3.0,1.0,-86.0
1777890405.4403324,1.0,3.0,-77.0
1777890405.4503324,1.0,6.0,-78.0
1777890405.4603324,2.0,4.0,-72.0
1777890405.4703324,0.0,1.0,-67.0
1777890405.4803324,-4.0,0.0,-72.0
1777890405.4903324,-5.0,0.0,-71.0
1777890405.5003324,-3.0,4.0,-73.0
1777890405.5103323,-7.0,5.0,-71.0
1777890405.5203323,-6.0,2.0,-76.0
1777890405.5303323,0.0,4.0,-73.0
1777890405.5403323,2.0,3.0,-71.0
1777890405.5503323,5.0,2.0,-84.0
1777890405.5603323,4.0,1.0,-86.0
1777890405.5703323,3.0,0.0,-89.0
1777890405.5803325,3.0,0.0,-83.0
1777890405.5903325,3.0,0.0,-80.0
1777890405.6003325,7.0,2.0,-80.0
1777890405.6103325,1.0,1.0,-77.0
1777890405.6203325,5.0,0.0,-77.0
1777890405.6303325,0.0,-1.0,-80.0
1777890405.6403325,0.0,-2.0,-80.0
1777890405.6503325,-1.0,-4.0,-80.0
1777890405.6603324,-3.0,-2.0,-79.0
1777890405.6703324,-1.0,-1.0,-84.0
1777890405.6803324,1.0,1.0,-81.0
1777890405.6903324,2.0,-4.0,-79.0
1777890405.7003324,3.0,-8.0,-78.0
1777890405.7103324,3.0,-8.0,-77.0
1777890405.7203324,2.0,-8.0,-71.0
1777890405.7303324,2.0,-9.0,-70.0
1777890405.7403324,4.0,-11.0,-69.0
1777890405.7503324,5.0,-10.0,-65.0
1777890405.7603323,4.0,-9.0,-70.0
1777890405.7703323,1.0,-7.0,-74.0
1777890405.7803323,0.0,-2.0,-75.0
1777890405.7903323,3.0,-6.0,-72.0
1777890405.8003323,4.0,-5.0,-75.0
1777890405.8103323,-1.0,-1.0,-75.0
1777890405.8203323,-2.0,-1.0,-66.0
1777890405.8303325,0.0,-3.0,-66.0
1777890405.8403325,-1.0,-9.0,-71.0
1777890405.8503325,-6.0,-5.0,-68.0
1777890405.8603325,-7.0,-1.0,-69.0
1777890405.8703325,-3.0,0.0,-78.0
1777890405.8803325,-2.0,0.0,-74.0
1777890405.8903325,-2.0,0.0,-69.0
1777890405.9003325,0.0,-6.0,-61.0
1777890405.9103324,1.0,-8.0,-64.0
1777890405.9203324,5.0,-4.0,-66.0
1777890405.9303324,5.0,-6.0,-63.0
1777890405.9403324,2.0,-5.0,-64.0
1777890405.9503324,-3.0,-6.0,-68.0
1777890405.9603324,-4.0,-10.0,-74.0
1777890405.9703324,-1.0,-6.0,-79.0
1777890405.9803324,0.0,-3.0,-81.0
1777890405.9903324,5.0,-5.0,-82.0
1777890406.0003324,4.0,-6.0,-82.0
1777890406.0103323,-3.0,-4.0,-78.0
1777890406.0203323,0.0,-3.0,-74.0
1777890406.0303323,-8.0,-4.0,-73.0
1777890406.0403323,-7.0,-5.0,-68.0
1777890406.0503323,-7.0,-4.0,-56.0
1777890406.0603323,-3.0,-2.0,-58.0
1777890406.0703323,-3.0,-2.0,-63.0
1777890406.0803325,-3.0,-4.0,-75.0
1777890406.0903325,-3.0,-4.0,-75.0
1777890406.1003325,-1.0,-7.0,-75.0
1777890406.1103325,-4.0,-5.0,-77.0
1777890406.1203325,0.0,-7.0,-81.0
1777890406.1303325,-4.0,-4.0,-77.0
1777890406.1403325,0.0,-4.0,-73.0
1777890406.1503325,0.0,-3.0,-69.0
1777890406.1603324,1.0,-3.0,-68.0
1777890406.1703324,-3.0,-4.0,-72.0
1777890406.1803324,-4.0,-3.0,-66.0
1777890406.1903324,-3.0,-5.0,-64.0
1777890406.2003324,-5.0,-8.0,-69.0
1777890406.2103324,-5.0,-8.0,-66.0
1777890406.2203324,-9.0,-8.0,-71.0
1777890406.2303324,-2.0,-8.0,-67.0
1777890406.2403324,-4.0,-8.0,-69.0
1777890406.2503324,-8.0,-8.0,-72.0
1777890406.2603323,-5.0,-4.0,-81.0
1777890406.2703323,2.0,-6.0,-69.0
1777890406.2803323,1.0,-7.0,-66.0
1777890406.2903323,2.0,-7.0,-61.0
1777890406.3003323,0.0,-7.0,-55.0
1777890406.3103323,0.0,-6.0,-55.0
1777890406.3203323,1.0,-1.0,-64.0
1777890406.3303325,1.0,-3.0,-64.0
1777890406.3403325,-1.0,-6.0,-71.0
1777890406.3503325,-2.0,-5.0,-76.0
1777890406.3603325,0.0,-3.0,-78.0
1777890406.3703325,1.0,-4.0,-74.0
1777890406.3803325,3.0,-2.0,-70.0
1777890406.3903325,4.0,-3.0,-71.0
1777890406.4003325,0.0,-3.0,-71.0
1777890406.4103324,0.0,-4.0,-75.0
1777890406.4203324,-2.0,-6.0,-70.0
1777890406.4303324,-1.0,-6.0,-66.0
1777890406.4403324,0.0,-3.0,-69.0
1777890406.4503324,4.0,-1.0,-75.0
1777890406.4603324,4.0,-1.0,-75.0
1777890406.4703324,2.0,0.0,-78.0
1777890406.4803324,8.0,1.0,-79.0
1777890406.4903324,6.0,7.0,-84.0
1777890406.5003324,3.0,5.0,-88.0
1777890406.5103323,2.0,5.0,-81.0
1777890406.5203323,0.0,1.0,-77.0
1777890406.5303323,0.0,0.0,-76.0
1777890406.5403323,4.0,2.0,-78.0
1777890406.5503323,-1.0,-1.0,-89.0
1777890406.5603323,0.0,-3.0,-87.0
1777890406.5703323,1.0,-2.0,-81.0
1777890406.5803325,3.0,0.0,-81.0
1777890406.5903325,8.0,-1.0,-78.0
1777890406.6003325,8.0,-4.0,-78.0
1777890406.6103325,4.0,-3.0,-69.0
1777890406.6203325,3.0,2.0,-75.0
1777890406.6303325,0.0,3.0,-77.0
1777890406.6403325,0.0,4.0,-75.0
1777890406.6503325,-4.0,5.0,-74.0
1777890406.6603324,-2.0,3.0,-74.0
1777890406.6703324,-2.0,3.0,-72.0
1777890406.6803324,-6.0,6.0,-75.0
1777890406.6903324,-5.0,0.0,-71.0
1777890406.7003324,-7.0,0.0,-67.0
1777890406.7103324,-10.0,4.0,-65.0
1777890406.7203324,-7.0,0.0,-75.0
1777890406.7303324,-2.0,2.0,-77.0
1777890406.7403324,1.0,1.0,-77.0
1777890406.7503324,-3.0,5.0,-80.0
1777890406.7603323,-1.0,5.0,-75.0
1777890406.7703323,2.0,1.0,-82.0
1777890406.7803323,2.0,1.0,-86.0
1777890406.7903323,-1.0,3.0,-77.0
1777890406.8003323,-1.0,5.0,-69.0
1777890406.8103323,4.0,4.0,-61.0
1777890406.8203323,4.0,1.0,-62.0
1777890406.8303325,7.0,2.0,-63.0
1777890406.8403325,5.0,4.0,-62.0
1777890406.8503325,7.0,2.0,-64.0
1777890406.8603325,5.0,3.0,-68.0
1777890406.8703325,3.0,1.0,-63.0
1777890406.8803325,3.0,0.0,-69.0
1777890406.8903325,1.0,0.0,-75.0
1777890406.9003325,-1.0,-3.0,-83.0
1777890406.9103324,-3.0,0.0,-81.0
1777890406.9203324,-4.0,-2.0,-78.0
1777890406.9303324,0.0,0.0,-72.0
1777890406.9403324,1.0,-2.0,-69.0
1777890406.9513323,0.0,-2.0,-64.0
1777890406.9613323,1.0,-1.0,-62.0
1777890406.9713323,2.0,-1.0,-66.0
1777890406.9813323,-2.0,1.0,-69.0
1777890406.9913323,-3.0,0.0,-68.0
1777890407.0013323,-2.0,0.0,-70.0
1777890407.0113325,1.0,1.0,-73.0
1777890407.0213325,0.0,0.0,-74.0
1777890407.0313325,-4.0,3.0,-73.0
1777890407.0413325,-8.0,2.0,-76.0
1777890407.0513325,-5.0,2.0,-72.0
1777890407.0613325,-4.0,2.0,-75.0
1777890407.0713325,-4.0,-1.0,-75.0
1777890407.0813324,-6.0,-6.0,-79.0
1777890407.0913324,-8.0,-10.0,-82.0
1777890407.1013324,-7.0,-8.0,-87.0
1777890407.1113324,-4.0,-2.0,-76.0
1777890407.1213324,-6.0,-1.0,-72.0
1777890407.1313324,-6.0,2.0,-71.0
1777890407.1413324,-4.0,0.0,-64.0
1777890407.1513324,-2.0,-2.0,-61.0
1777890407.1613324,3.0,-4.0,-61.0
1777890407.1713324,4.0,-2.0,-61.0
1777890407.1813323,1.0,-3.0,-58.0
1777890407.1913323,2.0,-4.0,-61.0
1777890407.2013323,6.0,-1.0,-63.0
1777890407.2113323,6.0,5.0,-63.0
1777890407.2213323,1.0,6.0,-70.0
1777890407.2313323,5.0,5.0,-69.0
1777890407.2413323,4.0,2.0,-74.0
1777890407.2513323,6.0,1.0,-76.0
1777890407.2613325,5.0,0.0,-74.0
1777890407.2713325,3.0,0.0,-72.0
1777890407.2813325,2.0,1.0,-69.0
1777890407.2913325,3.0,-1.0,-66.0
1777890407.3013325,0.0,-6.0,-69.0
1777890407.3113325,-2.0,-4.0,-71.0
1777890407.3213325,0.0,-6.0,-74.0
1777890407.3313324,-2.0,-8.0,-72.0
1777890407.3413324,-4.0,-6.0,-72.0
1777890407.3513324,-2.0,-3.0,-79.0
1777890407.3613324,-5.0,-7.0,-76.0
1777890407.3713324,-9.0,0.0,-77.0
1777890407.3813324,-8.0,0.0,-72.0
1777890407.3913324,-9.0,0.0,-67.0
1777890407.4013324,-6.0,0.0,-71.0
1777890407.4113324,-4.0,-1.0,-66.0
1777890407.4213324,-6.0,1.0,-73.0
1777890407.4313323,-4.0,2.0,-69.0
1777890407.4413323,0.0,0.0,-64.0
1777890407.4513323,0.0,0.0,-58.0
1777890407.4613323,-2.0,1.0,-65.0
1777890407.4713323,-9.0,3.0,-65.0
1777890407.4813323,-8.0,2.0,-64.0
1777890407.4913323,-7.0,4.0,-66.0
1777890407.5013323,0.0,3.0,-72.0
1777890407.5113325,0.0,-1.0,-79.0
1777890407.5213325,2.0,-5.0,-83.0
1777890407.5313325,1.0,-5.0,-81.0
1777890407.5413325,-6.0,-2.0,-79.0
1777890407.5513325,-8.0,-2.0,-80.0
1777890407.5613325,-5.0,-1.0,-78.0
1777890407.5713325,-4.0,-3.0,-83.0
1777890407.5813324,-6.0,0.0,-77.0
1777890407.5913324,-5.0,2.0,-70.0
1777890407.6013324,-5.0,0.0,-71.0
1777890407.6113324,-4.0,-1.0,-74.0
1777890407.6213324,-6.0,-1.0,-70.0
1777890407.6313324,-5.0,-7.0,-72.0
1777890407.6413324,-7.0,-6.0,-66.0
1777890407.6513324,-2.0,-6.0,-66.0
1777890407.6613324,-3.0,-6.0,-58.0
1777890407.6713324,-3.0,-8.0,-61.0
1777890407.6813323,0.0,-7.0,-64.0
1777890407.6913323,0.0,-2.0,-67.0
1777890407.7013323,2.0,-1.0,-69.0
1777890407.7113323,3.0,-4.0,-69.0
1777890407.7213323,0.0,-1.0,-67.0
1777890407.7313323,0.0,-1.0,-71.0
1777890407.7413323,-2.0,0.0,-72.0
1777890407.7513323,-1.0,0.0,-68.0
1777890407.7613325,0.0,-2.0,-65.0
1777890407.7713325,3.0,1.0,-70.0
1777890407.7813325,5.0,7.0,-75.0
1777890407.7913325,0.0,4.0,-78.0
1777890407.8013325,2.0,1.0,-79.0
1777890407.8113325,-1.0,3.0,-81.0
1777890407.8213325,-3.0,1.0,-74.0
1777890407.8313324,-3.0,0.0,-76.0
1777890407.8413324,0.0,-3.0,-81.0
1777890407.8513324,2.0,-5.0,-74.0
1777890407.8613324,3.0,-4.0,-79.0
1777890407.8713324,3.0,-4.0,-80.0
1777890407.8813324,4.0,-7.0,-74.0
1777890407.8913324,6.0,-7.0,-70.0
1777890407.9013324,3.0,-8.0,-69.0
1777890407.9113324,2.0,-11.0,-67.0
1777890407.9213324,4.0,-7.0,-65.0
1777890407.9313323,2.0,-7.0,-69.0
1777890407.9413323,7.0,-7.0,-70.0
1777890407.9513323,10.0,-4.0,-71.0
1777890407.9613323,8.0,-7.0,-68.0
1777890407.9713323,8.0,-8.0,-68.0
1777890407.9813323,6.0,-6.0,-71.0
1777890407.9913323,3.0,-3.0,-75.0
1777890408.0013323,5.0,-3.0,-70.0
1777890408.0113325,2.0,-4.0,-71.0
1777890408.0213325,5.0,-3.0,-68.0
1777890408.0313325,5.0,-5.0,-67.0
1777890408.0413325,2.0,-4.0,-70.0
1777890408.0513325,1.0,0.0,-69.0
1777890408.0613325,4.0,0.0,-72.0
1777890408.0713325,3.0,1.0,-79.0
1777890408.0813324,3.0,-1.0,-79.0
1777890408.0913324,4.0,-1.0,-81.0
1777890408.1013324,0.0,2.0,-84.0
1777890408.1113324,-1.0,-1.0,-83.0
1777890408.1213324,0.0,-3.0,-77.0
1777890408.1313324,5.0,-4.0,-72.0
1777890408.1413324,3.0,-2.0,-79.0
1777890408.1513324,0.0,-5.0,-75.0
1777890408.1613324,0.0,-7.0,-71.0
1777890408.1713324,2.0,-4.0,-76.0
1777890408.1813323,3.0,-3.0,-74.0
1777890408.1913323,5.0,0.0,-68.0
1777890408.2013323,0.0,-1.0,-70.0
1777890408.2113323,-1.0,2.0,-73.0
1777890408.2213323,0.0,0.0,-78.0
1777890408.2313323,6.0,0.0,-85.0
1777890408.2413323,8.0,-4.0,-80.0
1777890408.2513323,10.0,-2.0,-75.0
1777890408.2613325,6.0,-5.0,-78.0
1777890408.2713325,1.0,-6.0,-79.0
1777890408.2813325,-1.0,-6.0,-78.0
1777890408.2913325,-6.0,-7.0,-80.0
1777890408.3013325,-6.0,-2.0,-73.0
1777890408.3113325,-6.0,0.0,-68.0
1777890408.3213325,-7.0,0.0,-68.0
1777890408.3313324,-6.0,4.0,-70.0
1777890408.3413324,-1.0,1.0,-71.0
1777890408.3513324,2.0,-2.0,-75.0
1777890408.3613324,2.0,0.0,-75.0
1777890408.3713324,0.0,-1.0,-78.0
1777890408.3813324,-1.0,-4.0,-77.0
1777890408.3913324,-2.0,-4.0,-74.0
1777890408.4013324,-3.0,-4.0,-75.0
1777890408.4113324,-2.0,-3.0,-79.0
1777890408.4213324,0.0,-2.0,-84.0
1777890408.4313323,0.0,-5.0,-80.0
1777890408.4413323,-1.0,-5.0,-78.0
1777890408.4513323,1.0,-7.0,-74.0
1777890408.4613323,5.0,-7.0,-80.0
1777890408.4713323,6.0,-6.0,-80.0
1777890408.4813323,6.0,-4.0,-81.0
1777890408.4913323,3.0,-4.0,-90.0
1777890408.5013323,1.0,-3.0,-89.0
1777890408.5113325,0.0,-4.0,-82.0
1777890408.5213325,1.0,-4.0,-74.0
1777890408.5313325,1.0,-3.0,-74.0
1777890408.5413325,1.0,-10.0,-77.0
1777890408.5513325,0.0,-12.0,-78.0
1777890408.5613325,2.0,-10.0,-82.0
1777890408.5713325,1.0,-6.0,-75.0
1777890408.5813324,0.0,-3.0,-73.0
1777890408.5913324,-3.0,-1.0,-74.0
1777890408.6013324,-3.0,0.0,-73.0
1777890408.6113324,-7.0,0.0,-70.0
1777890408.6213324,-9.0,0.0,-71.0
1777890408.6313324,-13.0,-3.0,-64.0
1777890408.6413324,-10.0,-5.0,-71.0
1777890408.6513324,-2.0,-4.0,-68.0
1777890408.6613324,2.0,-3.0,-73.0
1777890408.6713324,0.0,-3.0,-71.0
1777890408.6813323,0.0,-1.0,-70.0
1777890408.6913323,1.0,0.0,-65.0
1777890408.7013323,0.0,1.0,-68.0
1777890408.7113323,-1.0,2.0,-73.0
1777890408.7213323,0.0,1.0,-76.0
1777890408.7313323,1.0,0.0,-76.0
1777890408.7413323,4.0,0.0,-77.0
1777890408.7513323,4.0,1.0,-75.0
1777890408.7613325,-1.0,2.0,-73.0
1777890408.7713325,0.0,-1.0,-68.0
1777890408.7813325,0.0,-5.0,-65.0
1777890408.7913325,0.0,-3.0,-70.0
1777890408.8013325,2.0,-4.0,-74.0
1777890408.8113325,3.0,-7.0,-77.0
1777890408.8213325,7.0,-6.0,-78.0
1777890408.8313324,11.0,-6.0,-79.0
1777890408.8413324,11.0,-9.0,-80.0
1777890408.8513324,11.0,-6.0,-78.0
1777890408.8613324,8.0,-5.0,-77.0
1777890408.8713324,7.0,-3.0,-76.0
1777890408.8813324,3.0,0.0,-74.0
1777890408.8913324,0.0,-1.0,-87.0
1777890408.9013324,-1.0,-2.0,-88.0
1777890408.9113324,0.0,-1.0,-87.0
1777890408.9223323,-1.0,0.0,-84.0
1777890408.9313323,-1.0,4.0,-84.0
1777890408.9413323,2.0,4.0,-81.0
1777890408.9513323,3.0,5.0,-74.0
1777890408.9623325,3.0,3.0,-70.0
1777890408.9723325,3.0,4.0,-68.0
1777890408.9823325,0.0,2.0,-68.0
1777890408.9923325,-3.0,1.0,-73.0
1777890409.0023324,0.0,-3.0,-69.0
1777890409.0123324,0.0,0.0,-68.0
1777890409.0223324,0.0,1.0,-64.0
1777890409.0323324,1.0,2.0,-75.0
1777890409.0423324,-1.0,1.0,-78.0
1777890409.0523324,-1.0,1.0,-70.0
1777890409.0623324,-4.0,-1.0,-73.0
1777890409.0723324,-1.0,0.0,-81.0
1777890409.0823324,0.0,1.0,-83.0
1777890409.0923324,0.0,1.0,-80.0
1777890409.1023324,-1.0,1.0,-73.0
1777890409.1123323,1.0,0.0,-71.0
1777890409.1223323,0.0,-1.0,-65.0
1777890409.1323323,-2.0,-3.0,-60.0
1777890409.1423323,-1.0,-5.0,-58.0
1777890409.1523323,-2.0,-2.0,-61.0
1777890409.1623323,-4.0,-2.0,-61.0
1777890409.1723323,-3.0,-3.0,-66.0
1777890409.1823325,-1.0,-3.0,-66.0
1777890409.1923325,-1.0,-3.0,-67.0
1777890409.2023325,-4.0,-4.0,-69.0
1777890409.2123325,-3.0,-2.0,-69.0
1777890409.2223325,-4.0,0.0,-74.0
1777890409.2323325,-3.0,1.0,-83.0
1777890409.2423325,0.0,1.0,-91.0
1777890409.2523324,0.0,-2.0,-84.0
1777890409.2623324,-8.0,-6.0,-78.0
1777890409.2723324,-7.0,-4.0,-76.0
1777890409.2823324,-3.0,-3.0,-76.0
1777890409.2923324,-3.0,-1.0,-80.0
1777890409.3023324,0.0,-1.0,-72.0
1777890409.3123324,-6.0,0.0,-74.0
1777890409.3223324,-3.0,-1.0,-77.0
1777890409.3323324,-2.0,-2.0,-76.0
1777890409.3423324,-6.0,-8.0,-71.0
1777890409.3523324,-9.0,-5.0,-71.0
1777890409.3623323,-6.0,-6.0,-70.0
1777890409.3723323,0.0,-5.0,-70.0
1777890409.3823323,1.0,-4.0,-65.0
1777890409.3923323,4.0,-1.0,-62.0
1777890409.4023323,2.0,0.0,-68.0
1777890409.4123323,0.0,-1.0,-78.0
1777890409.4223323,5.0,2.0,-74.0
1777890409.4323325,6.0,2.0,-70.0
1777890409.4423325,1.0,1.0,-67.0
1777890409.4523325,2.0,0.0,-64.0
1777890409.4623325,3.0,1.0,-63.0
1777890409.4723325,0.0,1.0,-68.0
1777890409.4823325,0.0,0.0,-75.0
1777890409.4923325,0.0,-7.0,-74.0
1777890409.5023324,3.0,-4.0,-72.0
1777890409.5123324,5.0,-1.0,-74.0
1777890409.5223324,3.0,-4.0,-72.0
1777890409.5323324,5.0,-1.0,-71.0
1777890409.5423324,3.0,0.0,-77.0
1777890409.5523324,2.0,1.0,-76.0
1777890409.5623324,0.0,3.0,-79.0
1777890409.5723324,-3.0,2.0,-77.0
1777890409.5823324,0.0,3.0,-74.0
1777890409.5923324,0.0,4.0,-77.0
1777890409.6023324,-2.0,4.0,-77.0
1777890409.6123323,0.0,-1.0,-78.0
1777890409.6223323,0.0,-2.0,-80.0
1777890409.6323323,0.0,-5.0,-81.0
1777890409.6423323,6.0,-2.0,-74.0
1777890409.6523323,7.0,-1.0,-77.0
1777890409.6623323,6.0,0.0,-78.0
1777890409.6723323,3.0,-1.0,-82.0
1777890409.6823325,6.0,0.0,-78.0
1777890409.6923325,7.0,0.0,-76.0
1777890409.7023325,4.0,1.0,-78.0
1777890409.7123325,3.0,1.0,-84.0
1777890409.7223325,2.0,2.0,-83.0
1777890409.7323325,2.0,5.0,-76.0
1777890409.7423325,3.0,3.0,-82.0
1777890409.7523324,3.0,-1.0,-80.0
1777890409.7623324,3.0,0.0,-77.0
1777890409.7723324,5.0,5.0,-75.0
1777890409.7823324,3.0,4.0,-76.0
1777890409.7923324,4.0,1.0,-70.0
1777890409.8023324,8.0,0.0,-70.0
1777890409.8123324,4.0,0.0,-81.0
1777890409.8223324,3.0,2.0,-77.0
1777890409.8323324,-2.0,0.0,-78.0
1777890409.8423324,0.0,1.0,-71.0
1777890409.8523324,4.0,2.0,-68.0
1777890409.8623323,4.0,2.0,-76.0
1777890409.8723323,3.0,1.0,-83.0
1777890409.8823323,-1.0,-1.0,-86.0
1777890409.8923323,-1.0,-2.0,-86.0
1777890409.9023323,0.0,-2.0,-81.0
1777890409.9123323,-2.0,-1.0,-81.0
1777890409.9223323,-4.0,-1.0,-75.0
1777890409.9323325,-7.0,-3.0,-73.0
1777890409.9423325,-6.0,-6.0,-73.0
1777890409.9523325,-4.0,-9.0,-77.0
1777890409.9623325,-6.0,-8.0,-77.0
1777890409.9723325,-9.0,-5.0,-78.0
1777890409.9823325,-6.0,-4.0,-74.0
1777890409.9923325,-3.0,-4.0,-71.0
1777890410.0023324,-1.0,-6.0,-67.0
1777890410.0123324,0.0,-8.0,-76.0
1777890410.0223324,7.0,-5.0,-79.0
1777890410.0323324,4.0,-8.0,-69.0
1777890410.0423324,7.0,-9.0,-69.0
1777890410.0523324,5.0,-9.0,-69.0
1777890410.0623324,1.0,-8.0,-69.0
1777890410.0723324,-1.0,-7.0,-72.0
1777890410.0823324,-1.0,-8.0,-74.0
1777890410.0923324,0.0,-5.0,-69.0
1777890410.1023324,1.0,-3.0,-65.0
1777890410.1123323,4.0,-4.0,-62.0
1777890410.1223323,8.0,-3.0,-67.0
1777890410.1323323,8.0,-3.0,-71.0
1777890410.1423323,9.0,-4.0,-69.0
1777890410.1523323,11.0,-7.0,-75.0
1777890410.1623323,8.0,-2.0,-73.0
1777890410.1723323,5.0,1.0,-80.0
1777890410.1823325,5.0,1.0,-86.0
1777890410.1923325,5.0,-2.0,-78.0
1777890410.2023325,1.0,-3.0,-71.0
1777890410.2123325,-1.0,-8.0,-74.0
1777890410.2223325,-2.0,-8.0,-74.0
1777890410.2323325,-2.0,-6.0,-70.0
1777890410.2423325,4.0,-5.0,-67.0
1777890410.2523324,3.0,-3.0,-67.0
1777890410.2623324,-1.0,1.0,-67.0
1777890410.2723324,-1.0,2.0,-64.0
1777890410.2823324,0.0,1.0,-63.0
1777890410.2923324,-3.0,4.0,-64.0
1777890410.3023324,1.0,0.0,-76.0
1777890410.3123324,3.0,-3.0,-82.0
1777890410.3223324,1.0,-7.0,-80.0
1777890410.3323324,-2.0,-7.0,-78.0
1777890410.3423324,0.0,-4.0,-69.0
1777890410.3523324,5.0,-2.0,-70.0
1777890410.3623323,4.0,0.0,-76.0
1777890410.3723323,2.0,0.0,-77.0
1777890410.3823323,4.0,1.0,-76.0
1777890410.3923323,1.0,0.0,-75.0
1777890410.4023323,4.0,-1.0,-69.0
1777890410.4123323,4.0,1.0,-64.0
1777890410.4223323,2.0,0.0,-65.0
1777890410.4323325,4.0,-2.0,-66.0
1777890410.4423325,2.0,-4.0,-70.0
1777890410.4523325,5.0,-5.0,-70.0
1777890410.4623325,5.0,0.0,-69.0
1777890410.4723325,4.0,0.0,-65.0
1777890410.4823325,1.0,0.0,-65.0
1777890410.4923325,0.0,2.0,-64.0
1777890410.5023324,-1.0,0.0,-64.0
1777890410.5123324,2.0,0.0,-67.0
1777890410.5223324,3.0,0.0,-67.0
1777890410.5323324,0.0,-1.0,-71.0
1777890410.5423324,3.0,0.0,-76.0
1777890410.5523324,4.0,-4.0,-80.0
1777890410.5623324,10.0,-2.0,-85.0
1777890410.5723324,9.0,1.0,-85.0
1777890410.5823324,10.0,0.0,-85.0
1777890410.5923324,6.0,6.0,-83.0
1777890410.6023324,6.0,2.0,-76.0
1777890410.6123323,12.0,1.0,-67.0
1777890410.6223323,12.0,2.0,-66.0
1777890410.6323323,11.0,-2.0,-65.0
1777890410.6423323,7.0,0.0,-69.0
1777890410.6523323,6.0,2.0,-58.0
1777890410.6623323,8.0,3.0,-55.0
1777890410.6723323,8.0,-1.0,-60.0
1777890410.6823325,6.0,0.0,-68.0
1777890410.6923325,5.0,3.0,-70.0
1777890410.7023325,0.0,5.0,-71.0
1777890410.7123325,2.0,6.0,-70.0
1777890410.7223325,5.0,4.0,-71.0
1777890410.7323325,5.0,5.0,-69.0
1777890410.7423325,7.0,3.0,-72.0
1777890410.7523324,6.0,2.0,-75.0
1777890410.7623324,2.0,7.0,-75.0
1777890410.7723324,5.0,6.0,-76.0
1777890410.7823324,2.0,6.0,-70.0
1777890410.7923324,1.0,6.0,-73.0
1777890410.8023324,0.0,7.0,-79.0
1777890410.8123324,1.0,7.0,-81.0
1777890410.8223324,4.0,8.0,-77.0
1777890410.8323324,4.0,2.0,-78.0
1777890410.8423324,3.0,3.0,-79.0
1777890410.8523324,1.0,4.0,-83.0
1777890410.8623323,0.0,0.0,-81.0
1777890410.8723323,-2.0,2.0,-87.0
1777890410.8823323,-2.0,4.0,-82.0
1777890410.8923323,-1.0,5.0,-73.0
1777890410.9033325,0.0,6.0,-71.0
1777890410.9123323,1.0,9.0,-69.0
1777890410.9233325,3.0,6.0,-66.0
1777890410.9333324,3.0,6.0,-67.0
1777890410.9433324,0.0,7.0,-71.0
1777890410.9533324,-2.0,6.0,-71.0
1777890410.9633324,0.0,7.0,-69.0
1777890410.9733324,2.0,5.0,-75.0
1777890410.9833324,5.0,4.0,-81.0
1777890410.9933324,7.0,5.0,-80.0
1777890411.0033324,13.0,4.0,-75.0
1777890411.0133324,9.0,0.0,-65.0
1777890411.0233324,8.0,3.0,-61.0
1777890411.0333323,11.0,2.0,-67.0
1777890411.0433323,10.0,1.0,-67.0
1777890411.0533323,5.0,0.0,-73.0
1777890411.0633323,3.0,-2.0,-72.0
1777890411.0733323,5.0,-6.0,-70.0
1777890411.0833323,4.0,-9.0,-72.0
1777890411.0933323,0.0,-13.0,-71.0
1777890411.1033323,0.0,-12.0,-76.0
1777890411.1133325,0.0,-9.0,-75.0
1777890411.1233325,-1.0,-6.0,-77.0
1777890411.1333325,-3.0,-6.0,-80.0
1777890411.1433325,0.0,-2.0,-73.0
1777890411.1533325,3.0,-1.0,-66.0
1777890411.1633325,2.0,-4.0,-71.0
1777890411.1733325,4.0,-5.0,-71.0
1777890411.1833324,5.0,0.0,-67.0
1777890411.1933324,8.0,0.0,-72.0
1777890411.2033324,8.0,-2.0,-71.0
1777890411.2133324,10.0,-4.0,-74.0
1777890411.2233324,12.0,-1.0,-73.0
1777890411.2333324,9.0,0.0,-76.0
1777890411.2433324,8.0,0.0,-80.0
1777890411.2533324,7.0,4.0,-80.0
1777890411.2633324,5.0,2.0,-79.0
1777890411.2733324,6.0,-1.0,-72.0
1777890411.2833323,4.0,-5.0,-71.0
1777890411.2933323,0.0,-2.0,-77.0
1777890411.3033323,-1.0,-1.0,-77.0
1777890411.3133323,-2.0,-2.0,-80.0
1777890411.3233323,0.0,0.0,-76.0
1777890411.3333323,-2.0,4.0,-75.0
1777890411.3433323,-1.0,1.0,-68.0
1777890411.3533323,0.0,-2.0,-67.0
1777890411.3633325,2.0,-1.0,-64.0
1777890411.3733325,2.0,-1.0,-72.0
1777890411.3833325,0.0,2.0,-76.0
1777890411.3933325,-5.0,1.0,-72.0
1777890411.4033325,-1.0,-1.0,-69.0
1777890411.4133325,1.0,-4.0,-66.0
1777890411.4233325,1.0,-5.0,-66.0
1777890411.4333324,9.0,-4.0,-71.0
1777890411.4433324,5.0,-7.0,-74.0
1777890411.4533324,5.0,-8.0,-74.0
1777890411.4633324,4.0,-7.0,-78.0
1777890411.4733324,0.0,-6.0,-82.0
1777890411.4833324,0.0,-9.0,-74.0
1777890411.4933324,-3.0,-6.0,-71.0
1777890411.5033324,-4.0,-4.0,-67.0
1777890411.5133324,-4.0,-5.0,-70.0
1777890411.5233324,-2.0,-5.0,-70.0
1777890411.5333323,-3.0,-6.0,-73.0
1777890411.5433323,-4.0,-7.0,-77.0
1777890411.5533323,0.0,-12.0,-75.0
1777890411.5633323,2.0,-6.0,-72.0
1777890411.5733323,2.0,-3.0,-69.0
1777890411.5833323,5.0,1.0,-64.0
1777890411.5933323,4.0,-1.0,-62.0
1777890411.6033323,2.0,-6.0,-60.0
1777890411.6133325,1.0,-5.0,-57.0
1777890411.6233325,3.0,-7.0,-57.0
1777890411.6333325,-3.0,-4.0,-62.0
1777890411.6433325,-1.0,-2.0,-68.0
1777890411.6533325,-10.0,-1.0,-68.0
1777890411.6633325,-8.0,-1.0,-70.0
1777890411.6733325,-6.0,-2.0,-69.0
1777890411.6833324,-7.0,-5.0,-80.0
1777890411.6933324,-6.0,-7.0,-86.0
1777890411.7033324,-9.0,-4.0,-91.0
1777890411.7133324,-2.0,0.0,-83.0
1777890411.7233324,-3.0,2.0,-81.0
1777890411.7333324,-4.0,2.0,-84.0
1777890411.7433324,0.0,4.0,-83.0
1777890411.7533324,-1.0,0.0,-83.0
1777890411.7633324,-3.0,0.0,-81.0
1777890411.7733324,0.0,1.0,-76.0
1777890411.7833323,-4.0,0.0,-76.0
1777890411.7933323,-4.0,-3.0,-69.0
1777890411.8033323,1.0,-3.0,-72.0
1777890411.8133323,6.0,-3.0,-76.0
1777890411.8233323,0.0,0.0,-72.0
1777890411.8333323,5.0,0.0,-77.0
1777890411.8433323,5.0,0.0,-69.0
1777890411.8533323,0.0,2.0,-71.0
1777890411.8633325,1.0,0.0,-71.0
1777890411.8733325,2.0,0.0,-76.0
1777890411.8833325,1.0,-2.0,-78.0
1777890411.8933325,-2.0,-1.0,-72.0
1777890411.9033325,0.0,-6.0,-66.0
1777890411.9133325,2.0,-4.0,-70.0
1777890411.9233325,0.0,-7.0,-75.0
1777890411.9333324,4.0,-3.0,-76.0
1777890411.9433324,0.0,-3.0,-74.0
1777890411.9533324,-4.0,-1.0,-72.0
1777890411.9633324,-7.0,-6.0,-75.0
1777890411.9733324,-5.0,-1.0,-76.0
1777890411.9833324,-7.0,-4.0,-77.0
1777890411.9933324,-4.0,-6.0,-80.0
1777890412.0033324,-3.0,-5.0,-75.0
1777890412.0133324,-5.0,-6.0,-67.0
1777890412.0233324,-7.0,-9.0,-66.0
1777890412.0333323,-1.0,-5.0,-71.0
1777890412.0433323,1.0,-7.0,-65.0
1777890412.0533323,3.0,-6.0,-58.0
1777890412.0633323,0.0,-6.0,-63.0
1777890412.0733323,0.0,-4.0,-72.0
1777890412.0833323,1.0,-2.0,-72.0
1777890412.0933323,0.0,0.0,-70.0
1777890412.1033323,-1.0,2.0,-66.0
1777890412.1133325,0.0,1.0,-65.0
1777890412.1233325,-2.0,1.0,-65.0
1777890412.1333325,-6.0,0.0,-63.0
1777890412.1433325,-2.0,-1.0,-61.0
1777890412.1533325,-2.0,4.0,-61.0
1777890412.1633325,0.0,6.0,-64.0
1777890412.1733325,-2.0,2.0,-69.0
1777890412.1833324,-4.0,0.0,-72.0
1777890412.1933324,-3.0,3.0,-71.0
1777890412.2033324,-2.0,4.0,-70.0
1777890412.2133324,-2.0,1.0,-63.0
1777890412.2233324,-6.0,2.0,-56.0
1777890412.2333324,-3.0,0.0,-59.0
1777890412.2433324,-1.0,-3.0,-64.0
1777890412.2533324,1.0,-2.0,-64.0
1777890412.2633324,-1.0,-2.0,-61.0
1777890412.2733324,0.0,1.0,-67.0
1777890412.2833323,0.0,-2.0,-71.0
1777890412.2933323,-2.0,-2.0,-73.0
1777890412.3033323,-4.0,-3.0,-69.0
1777890412.3133323,0.0,-2.0,-68.0
1777890412.3233323,6.0,0.0,-66.0
1777890412.3333323,7.0,1.0,-66.0
1777890412.3433323,2.0,3.0,-70.0
1777890412.3533323,4.0,7.0,-66.0
1777890412.3633325,2.0,4.0,-68.0
1777890412.3733325,3.0,3.0,-71.0
1777890412.3833325,3.0,3.0,-71.0
1777890412.3933325,2.0,2.0,-77.0
1777890412.4033325,1.0,1.0,-82.0
1777890412.4133325,2.0,2.0,-75.0
1777890412.4233325,5.0,1.0,-77.0
1777890412.4333324,4.0,-3.0,-82.0
1777890412.4433324,4.0,-5.0,-79.0
1777890412.4533324,4.0,-4.0,-82.0
1777890412.4633324,2.0,-3.0,-76.0
1777890412.4733324,4.0,-3.0,-78.0
1777890412.4833324,7.0,0.0,-82.0
1777890412.4933324,7.0,-4.0,-84.0
1777890412.5033324,7.0,-3.0,-83.0
1777890412.5133324,2.0,-1.0,-70.0
1777890412.5233324,1.0,0.0,-65.0
1777890412.5333323,0.0,-4.0,-68.0
1777890412.5433323,0.0,-3.0,-70.0
1777890412.5533323,0.0,0.0,-69.0
1777890412.5633323,-2.0,-2.0,-76.0
1777890412.5733323,-3.0,0.0,-72.0
1777890412.5833323,-4.0,4.0,-73.0
1777890412.5933323,-4.0,6.0,-78.0
1777890412.6033323,-1.0,5.0,-78.0
1777890412.6133325,2.0,2.0,-78.0
1777890412.6233325,5.0,-1.0,-85.0
1777890412.6333325,7.0,-2.0,-83.0
1777890412.6433325,2.0,2.0,-84.0
1777890412.6533325,2.0,3.0,-88.0
1777890412.6633325,5.0,3.0,-90.0
1777890412.6733325,2.0,4.0,-89.0
1777890412.6833324,1.0,-2.0,-89.0
1777890412.6933324,0.0,-2.0,-83.0
1777890412.7033324,1.0,-2.0,-80.0
1777890412.7133324,5.0,-1.0,-82.0
1777890412.7233324,2.0,-1.0,-85.0
1777890412.7333324,-1.0,-3.0,-86.0
1777890412.7433324,-1.0,0.0,-80.0
1777890412.7533324,2.0,-4.0,-73.0
1777890412.7633324,0.0,-1.0,-70.0
1777890412.7733324,6.0,2.0,-68.0
1777890412.7833323,6.0,5.0,-71.0
1777890412.7933323,6.0,3.0,-72.0
1777890412.8033323,7.0,0.0,-65.0
1777890412.8133323,2.0,-1.0,-64.0
1777890412.8233323,0.0,-7.0,-72.0
1777890412.8333323,-2.0,-7.0,-72.0
1777890412.8433323,-3.0,-6.0,-72.0
1777890412.8533323,-5.0,-8.0,-69.0
1777890412.8633325,-4.0,-9.0,-71.0
1777890412.8733325,-5.0,-4.0,-74.0
1777890412.8833325,-4.0,-7.0,-73.0
1777890412.8933325,0.0,-7.0,-74.0
1777890412.9033325,-2.0,-6.0,-74.0
1777890412.9143324,-4.0,-5.0,-79.0
1777890412.9243324,-5.0,-7.0,-79.0
1777890412.9343324,-6.0,-5.0,-75.0
1777890412.9443324,-4.0,-3.0,-73.0
1777890412.9543324,-2.0,-3.0,-69.0
1777890412.9643323,0.0,0.0,-76.0
1777890412.9743323,0.0,0.0,-70.0
1777890412.9843323,-1.0,0.0,-68.0
1777890412.9943323,0.0,-1.0,-66.0
1777890413.0043323,3.0,0.0,-69.0
1777890413.0143323,2.0,-1.0,-70.0
1777890413.0243323,1.0,0.0,-70.0
1777890413.0343325,0.0,0.0,-70.0
1777890413.0443325,-1.0,0.0,-66.0
1777890413.0543325,-2.0,5.0,-67.0
1777890413.0643325,-4.0,6.0,-63.0
1777890413.0743325,0.0,12.0,-62.0
1777890413.0843325,2.0,10.0,-59.0
1777890413.0943325,0.0,9.0,-59.0
1777890413.1043324,3.0,3.0,-62.0
1777890413.1143324,-1.0,4.0,-63.0
1777890413.1243324,0.0,5.0,-62.0
1777890413.1343324,1.0,3.0,-66.0
1777890413.1443324,-5.0,1.0,-75.0
1777890413.1543324,-5.0,0.0,-75.0
1777890413.1643324,-2.0,-2.0,-70.0
1777890413.1743324,0.0,-3.0,-69.0
1777890413.1843324,1.0,0.0,-71.0
1777890413.1943324,2.0,0.0,-74.0
1777890413.2043324,0.0,0.0,-71.0
1777890413.2143323,6.0,0.0,-74.0
1777890413.2243323,6.0,0.0,-76.0
1777890413.2343323,0.0,1.0,-81.0
1777890413.2443323,6.0,0.0,-80.0
1777890413.2543323,8.0,-1.0,-81.0
1777890413.2643323,8.0,3.0,-74.0
1777890413.2743323,11.0,-1.0,-70.0
1777890413.2843325,14.0,-3.0,-67.0
1777890413.2943325,9.0,-1.0,-65.0
1777890413.3043325,7.0,-6.0,-63.0
1777890413.3143325,6.0,-4.0,-70.0
1777890413.3243325,3.0,0.0,-72.0
1777890413.3343325,0.0,3.0,-78.0
1777890413.3443325,0.0,1.0,-74.0
1777890413.3543324,-3.0,1.0,-73.0
1777890413.3643324,1.0,0.0,-72.0
1777890413.3743324,6.0,0.0,-73.0
1777890413.3843324,2.0,0.0,-75.0
1777890413.3943324,0.0,-4.0,-74.0
1777890413.4043324,3.0,0.0,-75.0
1777890413.4143324,7.0,0.0,-76.0
1777890413.4243324,6.0,0.0,-75.0
1777890413.4343324,3.0,0.0,-73.0
1777890413.4443324,4.0,-5.0,-77.0
1777890413.4543324,0.0,-6.0,-77.0
1777890413.4643323,4.0,-5.0,-74.0
1777890413.4743323,7.0,-5.0,-76.0
1777890413.4843323,13.0,-5.0,-76.0
1777890413.4943323,13.0,-5.0,-72.0
1777890413.5043323,11.0,-2.0,-72.0
1777890413.5143323,6.0,-2.0,-77.0
1777890413.5243323,2.0,-1.0,-80.0
1777890413.5343325,0.0,-4.0,-78.0
1777890413.5443325,1.0,-3.0,-73.0
1777890413.5543325,0.0,-1.0,-69.0
1777890413.5643325,0.0,-1.0,-65.0
1777890413.5743325,1.0,0.0,-75.0
1777890413.5843325,3.0,0.0,-76.0
1777890413.5943325,6.0,0.0,-80.0
1777890413.6043324,5.0,0.0,-83.0
1777890413.6143324,0.0,-3.0,-83.0
1777890413.6243324,-2.0,-3.0,-88.0
1777890413.6343324,-1.0,-1.0,-85.0
1777890413.6443324,0.0,0.0,-77.0
1777890413.6543324,0.0,0.0,-79.0
1777890413.6643324,0.0,-2.0,-80.0
1777890413.6743324,1.0,-1.0,-83.0
1777890413.6843324,0.0,-2.0,-82.0
1777890413.6943324,-3.0,-3.0,-76.0
1777890413.7043324,-2.0,-7.0,-79.0
1777890413.7143323,-3.0,-5.0,-73.0
1777890413.7243323,-2.0,-6.0,-68.0
1777890413.7343323,-5.0,-7.0,-70.0
1777890413.7443323,-1.0,-10.0,-69.0
1777890413.7543323,0.0,-10.0,-71.0
1777890413.7643323,1.0,-6.0,-74.0
1777890413.7743323,-3.0,-3.0,-77.0
1777890413.7843325,-1.0,-4.0,-73.0
1777890413.7943325,4.0,-4.0,-75.0
1777890413.8043325,5.0,-1.0,-69.0
1777890413.8143325,5.0,-2.0,-64.0
1777890413.8243325,5.0,-4.0,-57.0
1777890413.8343325,10.0,-3.0,-57.0
1777890413.8443325,5.0,0.0,-62.0
1777890413.8543324,4.0,-2.0,-70.0
1777890413.8643324,2.0,-1.0,-74.0
1777890413.8743324,2.0,-3.0,-69.0
1777890413.8843324,3.0,-4.0,-75.0
1777890413.8943324,6.0,-5.0,-76.0
1777890413.9043324,5.0,-10.0,-80.0
1777890413.9143324,0.0,-7.0,-78.0
1777890413.9243324,-5.0,-7.0,-74.0
1777890413.9343324,-5.0,-6.0,-69.0
1777890413.9443324,-6.0,-3.0,-66.0
1777890413.9543324,-2.0,-3.0,-66.0
1777890413.9643323,-1.0,-2.0,-71.0
1777890413.9743323,-1.0,-1.0,-73.0
1777890413.9843323,-7.0,4.0,-74.0
1777890413.9943323,-10.0,3.0,-71.0
1777890414.0043323,-3.0,0.0,-76.0
1777890414.0153325,-3.0,3.0,-84.0
1777890414.0243323,0.0,6.0,-79.0
1777890414.0343325,0.0,2.0,-82.0
1777890414.0443325,1.0,2.0,-77.0
1777890414.0543325,3.0,3.0,-75.0
1777890414.0643325,-1.0,6.0,-75.0
1777890414.0743325,-1.0,1.0,-75.0
1777890414.0843325,0.0,-2.0,-75.0
1777890414.0943325,3.0,-5.0,-75.0
1777890414.1043324,0.0,-1.0,-78.0
1777890414.1143324,0.0,0.0,-80.0
1777890414.1243324,1.0,2.0,-82.0
1777890414.1343324,2.0,4.0,-76.0
1777890414.1443324,3.0,5.0,-75.0
1777890414.1543324,0.0,2.0,-73.0
1777890414.1643324,0.0,2.0,-72.0
1777890414.1743324,-1.0,3.0,-70.0
1777890414.1843324,-4.0,2.0,-70.0
1777890414.1943324,-3.0,0.0,-77.0
1777890414.2043324,0.0,0.0,-79.0
1777890414.2143323,1.0,-3.0,-73.0
1777890414.2243323,0.0,-6.0,-71.0
1777890414.2343323,-2.0,-4.0,-73.0
1777890414.2443323,2.0,-2.0,-73.0
1777890414.2543323,4.0,0.0,-71.0
1777890414.2643323,0.0,0.0,-79.0
1777890414.2743323,2.0,0.0,-75.0
1777890414.2843325,-1.0,4.0,-77.0
1777890414.2943325,-3.0,9.0,-74.0
1777890414.3043325,-1.0,8.0,-73.0
1777890414.3143325,-4.0,5.0,-72.0
1777890414.3243325,-1.0,5.0,-68.0
1777890414.3343325,0.0,6.0,-73.0
1777890414.3443325,-5.0,3.0,-71.0
1777890414.3543324,-9.0,2.0,-76.0
1777890414.3643324,-8.0,3.0,-73.0
1777890414.3743324,-7.0,6.0,-76.0
1777890414.3843324,-5.0,6.0,-79.0
1777890414.3943324,-4.0,4.0,-83.0
1777890414.4043324,-1.0,4.0,-77.0
1777890414.4143324,-1.0,2.0,-74.0
1777890414.4243324,-2.0,2.0,-66.0
1777890414.4343324,0.0,2.0,-63.0
1777890414.4443324,-4.0,1.0,-69.0
1777890414.4543324,-4.0,2.0,-67.0
1777890414.4643323,0.0,2.0,-74.0
1777890414.4743323,1.0,0.0,-69.0
1777890414.4843323,3.0,3.0,-75.0
1777890414.4943323,0.0,3.0,-71.0
1777890414.5043323,0.0,5.0,-67.0
1777890414.5143323,-3.0,3.0,-72.0
1777890414.5243323,-5.0,4.0,-70.0
1777890414.5343325,-3.0,1.0,-68.0
1777890414.5443325,-3.0,0.0,-75.0
1777890414.5543325,-3.0,0.0,-75.0
1777890414.5643325,-4.0,-3.0,-72.0
1777890414.5743325,-3.0,-3.0,-76.0
1777890414.5843325,0.0,-1.0,-73.0
1777890414.5943325,-1.0,1.0,-75.0
1777890414.6043324,-4.0,1.0,-71.0
1777890414.6143324,-5.0,4.0,-71.0
1777890414.6243324,-2.0,5.0,-70.0
1777890414.6343324,0.0,3.0,-69.0
1777890414.6443324,-4.0,2.0,-64.0
1777890414.6543324,-3.0,1.0,-65.0
1777890414.6643324,-1.0,2.0,-64.0
1777890414.6743324,0.0,1.0,-60.0
1777890414.6843324,0.0,0.0,-67.0
1777890414.6943324,0.0,1.0,-72.0
1777890414.7043324,0.0,0.0,-74.0
1777890414.7143323,-1.0,0.0,-71.0
1777890414.7243323,-3.0,2.0,-68.0
1777890414.7343323,-3.0,4.0,-77.0
1777890414.7443323,1.0,5.0,-80.0
1777890414.7543323,7.0,0.0,-82.0
1777890414.7643323,3.0,-1.0,-85.0
1777890414.7743323,4.0,-3.0,-85.0
1777890414.7843325,7.0,-2.0,-82.0
1777890414.7943325,8.0,2.0,-82.0
1777890414.8043325,9.0,3.0,-79.0
1777890414.8143325,0.0,1.0,-72.0
1777890414.8243325,3.0,0.0,-73.0
1777890414.8343325,2.0,1.0,-73.0
1777890414.8443325,0.0,3.0,-71.0
1777890414.8543324,0.0,5.0,-68.0
1777890414.8643324,-2.0,0.0,-71.0
1777890414.8743324,-5.0,-5.0,-73.0
1777890414.8853323,-2.0,-2.0,-74.0
1777890414.8953323,-1.0,0.0,-76.0
1777890414.9043324,-6.0,0.0,-74.0
1777890414.9153323,-3.0,-3.0,-78.0
1777890414.9253323,0.0,-2.0,-74.0
1777890414.9353323,1.0,-3.0,-67.0
1777890414.9453323,-2.0,-1.0,-70.0
1777890414.9553325,2.0,0.0,-72.0
1777890414.9653325,4.0,0.0,-69.0
1777890414.9753325,2.0,1.0,-74.0
1777890414.9853325,2.0,1.0,-72.0
1777890414.9953325,5.0,2.0,-79.0
1777890415.0053325,1.0,0.0,-77.0
1777890415.0153325,1.0,-2.0,-68.0
1777890415.0253325,8.0,-3.0,-69.0
1777890415.0353324,3.0,-5.0,-74.0
1777890415.0453324,0.0,-6.0,-77.0
1777890415.0553324,-4.0,-3.0,-80.0
1777890415.0653324,-2.0,-3.0,-82.0
1777890415.0753324,-6.0,-2.0,-78.0
1777890415.0853324,-4.0,0.0,-73.0
1777890415.0953324,1.0,0.0,-71.0
1777890415.1053324,2.0,-2.0,-68.0
1777890415.1153324,1.0,-3.0,-71.0
1777890415.1253324,4.0,-1.0,-69.0
1777890415.1353323,7.0,0.0,-68.0
1777890415.1453323,3.0,0.0,-65.0
1777890415.1553323,4.0,0.0,-68.0
1777890415.1653323,7.0,-2.0,-67.0
1777890415.1753323,2.0,-4.0,-70.0
1777890415.1853323,4.0,-3.0,-72.0
1777890415.1953323,4.0,-3.0,-69.0
1777890415.2053325,4.0,-1.0,-71.0
1777890415.2153325,3.0,-6.0,-70.0
1777890415.2253325,2.0,-2.0,-79.0
1777890415.2353325,2.0,-8.0,-79.0
1777890415.2453325,2.0,-4.0,-69.0
1777890415.2553325,2.0,-4.0,-67.0
1777890415.2653325,1.0,-6.0,-69.0
1777890415.2753325,-3.0,-5.0,-72.0
1777890415.2853324,0.0,-4.0,-73.0
1777890415.2953324,0.0,-3.0,-67.0
1777890415.3053324,1.0,0.0,-71.0
1777890415.3153324,3.0,-2.0,-77.0
1777890415.3253324,4.0,-1.0,-78.0
1777890415.3353324,4.0,2.0,-79.0
1777890415.3453324,1.0,2.0,-81.0
1777890415.3553324,0.0,8.0,-80.0
1777890415.3653324,-2.0,5.0,-74.0
1777890415.3753324,0.0,1.0,-77.0
1777890415.3853323,-4.0,4.0,-75.0
1777890415.3953323,-4.0,5.0,-72.0
1777890415.4053323,-4.0,3.0,-70.0
1777890415.4153323,-8.0,4.0,-68.0
1777890415.4253323,-10.0,1.0,-68.0
1777890415.4353323,-9.0,2.0,-76.0
1777890415.4453323,-5.0,-1.0,-77.0
1777890415.4553325,0.0,-3.0,-77.0
1777890415.4653325,1.0,-8.0,-77.0
1777890415.4753325,1.0,-3.0,-74.0
1777890415.4853325,-1.0,-4.0,-71.0
1777890415.4953325,2.0,-5.0,-74.0
1777890415.5053325,8.0,-6.0,-71.0
1777890415.5153325,6.0,-3.0,-69.0
1777890415.5253325,1.0,-3.0,-66.0
1777890415.5353324,-2.0,1.0,-72.0
1777890415.5453324,-1.0,2.0,-74.0
1777890415.5553324,0.0,4.0,-70.0
1777890415.5653324,-1.0,3.0,-59.0
1777890415.5753324,-3.0,3.0,-63.0
1777890415.5853324,-4.0,0.0,-66.0
1777890415.5953324,-4.0,-1.0,-74.0
1777890415.6053324,0.0,-4.0,-76.0
1777890415.6153324,-3.0,-6.0,-79.0
1777890415.6253324,-6.0,-4.0,-82.0
1777890415.6353323,-4.0,-4.0,-82.0
1777890415.6453323,-1.0,0.0,-76.0
1777890415.6553323,1.0,-1.0,-76.0
1777890415.6653323,2.0,-1.0,-77.0
1777890415.6753323,6.0,-3.0,-74.0
1777890415.6853323,4.0,0.0,-78.0
1777890415.6953323,3.0,0.0,-77.0
1777890415.7053325,2.0,-1.0,-75.0
1777890415.7153325,1.0,-1.0,-77.0
1777890415.7253325,0.0,-4.0,-72.0
1777890415.7353325,3.0,-1.0,-78.0
1777890415.7453325,5.0,6.0,-75.0
1777890415.7553325,3.0,1.0,-74.0
1777890415.7653325,3.0,-3.0,-74.0
1777890415.7753325,2.0,-2.0,-72.0
1777890415.7853324,3.0,1.0,-76.0
1777890415.7953324,0.0,2.0,-74.0
1777890415.8053324,-2.0,0.0,-72.0
1777890415.8153324,0.0,1.0,-75.0
1777890415.8253324,-4.0,-1.0,-72.0
1777890415.8353324,-5.0,-2.0,-79.0
1777890415.8453324,-3.0,-3.0,-88.0
1777890415.8553324,-2.0,-4.0,-86.0
1777890415.8653324,-3.0,-5.0,-83.0
1777890415.8753324,-1.0,-4.0,-75.0
1777890415.8853323,3.0,-3.0,-75.0
1777890415.8953323,6.0,-1.0,-72.0
1777890415.9053323,7.0,-5.0,-73.0
1777890415.9153323,8.0,-4.0,-71.0
1777890415.9253323,2.0,1.0,-72.0
1777890415.9353323,4.0,0.0,-70.0
1777890415.9453323,2.0,0.0,-70.0
1777890415.9553325,2.0,-1.0,-67.0
1777890415.9653325,1.0,0.0,-72.0
1777890415.9753325,2.0,-6.0,-70.0
1777890415.9853325,0.0,-4.0,-65.0
1777890415.9953325,0.0,-8.0,-66.0
1777890416.0053325,2.0,-9.0,-69.0
1777890416.0153325,2.0,-8.0,-71.0
1777890416.0253325,1.0,-2.0,-73.0
1777890416.0353324,-1.0,4.0,-71.0
1777890416.0453324,0.0,4.0,-77.0
1777890416.0553324,2.0,3.0,-83.0
1777890416.0653324,3.0,7.0,-84.0
1777890416.0753324,5.0,3.0,-76.0
1777890416.0853324,4.0,0.0,-80.0
1777890416.0953324,10.0,-2.0,-83.0
1777890416.1053324,7.0,-3.0,-79.0
1777890416.1153324,1.0,-3.0,-78.0
1777890416.1253324,1.0,-2.0,-77.0
1777890416.1353323,1.0,-1.0,-78.0
1777890416.1453323,1.0,-6.0,-74.0
1777890416.1553323,3.0,-9.0,-75.0
1777890416.1653323,3.0,-6.0,-79.0
1777890416.1753323,3.0,-3.0,-76.0
1777890416.1853323,3.0,0.0,-76.0
1777890416.1953323,0.0,5.0,-74.0
1777890416.2053325,3.0,1.0,-76.0
1777890416.2153325,9.0,-6.0,-82.0
1777890416.2253325,6.0,-9.0,-88.0
1777890416.2353325,6.0,-5.0,-84.0
1777890416.2453325,5.0,-5.0,-78.0
1777890416.2553325,2.0,-7.0,-72.0
1777890416.2653325,3.0,-8.0,-76.0
1777890416.2753325,4.0,-4.0,-74.0
1777890416.2853324,3.0,-4.0,-72.0
1777890416.2953324,1.0,-4.0,-74.0
1777890416.3053324,2.0,-2.0,-73.0
1777890416.3153324,3.0,0.0,-77.0
1777890416.3253324,6.0,1.0,-79.0
1777890416.3353324,5.0,0.0,-82.0
1777890416.3453324,5.0,0.0,-77.0
1777890416.3553324,5.0,-2.0,-71.0
1777890416.3653324,11.0,-2.0,-69.0
1777890416.3753324,6.0,3.0,-70.0
1777890416.3853323,4.0,0.0,-64.0
1777890416.3953323,5.0,-2.0,-56.0
1777890416.4053323,1.0,-4.0,-58.0
1777890416.4153323,-1.0,-4.0,-56.0
1777890416.4253323,-2.0,0.0,-48.0
1777890416.4353323,-1.0,-1.0,-57.0
1777890416.4453323,0.0,0.0,-67.0
1777890416.4553325,-1.0,0.0,-69.0
1777890416.4653325,0.0,1.0,-71.0
1777890416.4753325,0.0,2.0,-67.0
1777890416.4853325,0.0,5.0,-67.0
1777890416.4953325,0.0,5.0,-74.0
1777890416.5053325,2.0,6.0,-78.0
1777890416.5153325,3.0,3.0,-71.0
1777890416.5253325,2.0,1.0,-71.0
1777890416.5353324,1.0,3.0,-76.0
1777890416.5453324,5.0,0.0,-79.0
1777890416.5553324,2.0,3.0,-70.0
1777890416.5653324,2.0,11.0,-66.0
1777890416.5753324,4.0,9.0,-70.0
1777890416.5853324,2.0,7.0,-67.0
1777890416.5953324,1.0,3.0,-66.0
1777890416.6053324,-4.0,0.0,-65.0
1777890416.6153324,-5.0,-2.0,-64.0
1777890416.6253324,-7.0,-2.0,-70.0
1777890416.6353323,0.0,-3.0,-66.0
1777890416.6453323,1.0,-1.0,-63.0
1777890416.6553323,0.0,0.0,-58.0
1777890416.6653323,4.0,-1.0,-58.0
1777890416.6753323,3.0,-2.0,-63.0
1777890416.6853323,-1.0,2.0,-63.0
1777890416.6953323,2.0,3.0,-70.0
1777890416.7053325,4.0,2.0,-70.0
1777890416.7153325,2.0,0.0,-72.0
1777890416.7253325,0.0,0.0,-72.0
1777890416.7353325,0.0,-1.0,-73.0
1777890416.7453325,-1.0,0.0,-73.0
1777890416.7553325,-2.0,0.0,-76.0
1777890416.7653325,-2.0,-3.0,-79.0
1777890416.7753325,-3.0,-1.0,-82.0
1777890416.7853324,-4.0,-2.0,-77.0
1777890416.7953324,-5.0,0.0,-77.0
1777890416.8053324,-3.0,0.0,-75.0
1777890416.8153324,-6.0,2.0,-84.0
1777890416.8253324,-7.0,0.0,-77.0
1777890416.8353324,-4.0,-3.0,-81.0
1777890416.8463323,0.0,0.0,-80.0
1777890416.8563323,2.0,0.0,-83.0
1777890416.8653324,2.0,0.0,-86.0
1777890416.8753324,1.0,2.0,-84.0
1777890416.8863325,0.0,2.0,-85.0
1777890416.8963325,3.0,0.0,-80.0
1777890416.9063325,8.0,-2.0,-75.0
1777890416.9163325,9.0,-3.0,-68.0
1777890416.9263325,7.0,-3.0,-75.0
1777890416.9363325,3.0,-3.0,-82.0
1777890416.9463325,2.0,-2.0,-77.0
1777890416.9563324,4.0,-7.0,-70.0
1777890416.9663324,3.0,-3.0,-65.0
1777890416.9763324,5.0,-4.0,-64.0
1777890416.9863324,6.0,-7.0,-67.0
1777890416.9963324,4.0,-6.0,-66.0
1777890417.0063324,0.0,-7.0,-71.0
1777890417.0163324,2.0,-11.0,-75.0
1777890417.0263324,-1.0,-9.0,-75.0
1777890417.0363324,0.0,-6.0,-82.0
1777890417.0463324,-4.0,-3.0,-80.0
1777890417.0563323,-8.0,-3.0,-78.0
1777890417.0663323,-10.0,0.0,-73.0
1777890417.0763323,-4.0,0.0,-72.0
1777890417.0863323,-5.0,-2.0,-78.0
1777890417.0963323,-3.0,-4.0,-77.0
1777890417.1063323,-8.0,-4.0,-77.0
1777890417.1163323,-4.0,-8.0,-79.0
1777890417.1263323,2.0,-11.0,-79.0
1777890417.1363325,3.0,-6.0,-76.0
1777890417.1463325,5.0,-4.0,-78.0
1777890417.1563325,9.0,-6.0,-73.0
1777890417.1663325,8.0,1.0,-72.0
1777890417.1763325,6.0,0.0,-70.0
1777890417.1863325,5.0,0.0,-71.0
1777890417.1963325,5.0,1.0,-73.0
1777890417.2063324,5.0,5.0,-71.0
1777890417.2163324,4.0,3.0,-73.0
1777890417.2263324,3.0,-1.0,-79.0
1777890417.2363324,3.0,1.0,-76.0
1777890417.2463324,0.0,5.0,-81.0
1777890417.2563324,0.0,5.0,-77.0
1777890417.2663324,0.0,3.0,-79.0
1777890417.2763324,5.0,2.0,-74.0
1777890417.2863324,7.0,-3.0,-68.0
1777890417.2963324,8.0,0.0,-70.0
1777890417.3063323,4.0,-2.0,-71.0
1777890417.3163323,3.0,-9.0,-74.0
1777890417.3263323,0.0,-10.0,-74.0
1777890417.3363323,0.0,-4.0,-78.0
1777890417.3463323,-3.0,-1.0,-78.0
1777890417.3563323,0.0,-2.0,-80.0
1777890417.3663323,-1.0,-5.0,-74.0
1777890417.3763323,1.0,-5.0,-75.0
1777890417.3863325,1.0,-9.0,-76.0
1777890417.3963325,1.0,-8.0,-76.0
1777890417.4063325,1.0,-9.0,-77.0
1777890417.4163325,0.0,-5.0,-71.0
1777890417.4263325,1.0,-4.0,-67.0
1777890417.4363325,0.0,-4.0,-65.0
1777890417.4463325,1.0,-6.0,-67.0
1777890417.4563324,6.0,-5.0,-69.0
1777890417.4663324,2.0,-3.0,-66.0
1777890417.4763324,2.0,0.0,-68.0
1777890417.4863324,0.0,1.0,-72.0
1777890417.4963324,0.0,0.0,-73.0
1777890417.5063324,5.0,0.0,-77.0
1777890417.5163324,4.0,0.0,-76.0
1777890417.5263324,3.0,0.0,-74.0
1777890417.5363324,1.0,0.0,-76.0
1777890417.5463324,4.0,0.0,-74.0
1777890417.5563323,4.0,-4.0,-71.0
1777890417.5663323,5.0,-5.0,-76.0
1777890417.5763323,7.0,0.0,-81.0
1777890417.5863323,3.0,3.0,-78.0
1777890417.5963323,1.0,0.0,-75.0
1777890417.6063323,0.0,-1.0,-72.0
1777890417.6163323,-1.0,-1.0,-74.0
1777890417.6263323,-2.0,-4.0,-72.0
1777890417.6363325,-4.0,-1.0,-69.0
1777890417.6463325,-2.0,-4.0,-68.0
1777890417.6563325,-3.0,0.0,-69.0
1777890417.6663325,-1.0,0.0,-73.0
1777890417.6763325,0.0,-1.0,-70.0
1777890417.6863325,3.0,-2.0,-73.0
1777890417.6963325,4.0,-5.0,-78.0
1777890417.7063324,3.0,-2.0,-79.0
1777890417.7163324,4.0,-1.0,-83.0
1777890417.7263324,4.0,-5.0,-81.0
1777890417.7363324,1.0,-5.0,-74.0
1777890417.7463324,1.0,-3.0,-75.0
1777890417.7563324,8.0,-4.0,-76.0
1777890417.7663324,9.0,-4.0,-81.0
1777890417.7763324,9.0,-4.0,-80.0
1777890417.7863324,7.0,-3.0,-76.0
1777890417.7963324,5.0,1.0,-76.0
1777890417.8063323,1.0,-1.0,-76.0
1777890417.8163323,3.0,2.0,-74.0
1777890417.8263323,5.0,-2.0,-79.0
1777890417.8363323,7.0,-5.0,-80.0
1777890417.8463323,6.0,-1.0,-75.0
1777890417.8563323,6.0,0.0,-76.0
1777890417.8663323,7.0,-3.0,-81.0
1777890417.8763323,7.0,0.0,-79.0
1777890417.8863325,4.0,-1.0,-75.0
1777890417.8963325,6.0,-1.0,-79.0
1777890417.9063325,5.0,-3.0,-79.0
1777890417.9163325,3.0,-3.0,-74.0
1777890417.9263325,3.0,-2.0,-83.0
1777890417.9363325,0.0,0.0,-87.0
1777890417.9463325,0.0,4.0,-90.0
1777890417.9563324,-2.0,1.0,-79.0
1777890417.9663324,2.0,2.0,-78.0
1777890417.9763324,5.0,0.0,-82.0
1777890417.9863324,3.0,2.0,-84.0
1777890417.9963324,1.0,1.0,-82.0
1777890418.0063324,2.0,3.0,-79.0
1777890418.0163324,2.0,5.0,-72.0
1777890418.0263324,4.0,0.0,-70.0
1777890418.0363324,6.0,0.0,-68.0
1777890418.0463324,2.0,1.0,-70.0
1777890418.0563323,-4.0,-1.0,-72.0
1777890418.0663323,-3.0,-1.0,-67.0
1777890418.0763323,-2.0,0.0,-69.0
1777890418.0863323,0.0,2.0,-66.0
1777890418.0963323,2.0,0.0,-70.0
1777890418.1063323,3.0,5.0,-69.0
1777890418.1163323,2.0,4.0,-71.0
1777890418.1263323,1.0,0.0,-72.0
1777890418.1363325,-1.0,1.0,-74.0
1777890418.1463325,-2.0,5.0,-69.0
1777890418.1563325,-1.0,2.0,-70.0
1777890418.1663325,-2.0,-3.0,-70.0
1777890418.1763325,0.0,-1.0,-71.0
1777890418.1863325,0.0,0.0,-76.0
1777890418.1963325,-3.0,-1.0,-73.0
1777890418.2063324,0.0,0.0,-70.0
1777890418.2163324,0.0,2.0,-71.0
1777890418.2263324,4.0,0.0,-68.0
1777890418.2363324,3.0,-3.0,-62.0
1777890418.2463324,8.0,-1.0,-67.0
1777890418.2563324,2.0,0.0,-64.0
1777890418.2663324,4.0,-3.0,-70.0
1777890418.2763324,6.0,-3.0,-72.0
1777890418.2863324,4.0,-4.0,-73.0
1777890418.2963324,2.0,-4.0,-69.0
1777890418.3063323,0.0,-5.0,-67.0
1777890418.3163323,-2.0,-6.0,-72.0
1777890418.3263323,2.0,-3.0,-74.0
1777890418.3363323,0.0,-4.0,-76.0
1777890418.3463323,0.0,-4.0,-70.0
1777890418.3563323,1.0,-2.0,-64.0
1777890418.3663323,1.0,-8.0,-72.0
1777890418.3763323,3.0,-3.0,-77.0
1777890418.3863325,0.0,-6.0,-83.0
1777890418.3963325,0.0,-6.0,-76.0
1777890418.4063325,0.0,-3.0,-70.0
1777890418.4163325,-1.0,-5.0,-74.0
1777890418.4263325,-1.0,-4.0,-76.0
1777890418.4363325,2.0,-3.0,-82.0
1777890418.4463325,2.0,-3.0,-74.0
1777890418.4563324,1.0,-5.0,-74.0
1777890418.4663324,-1.0,-6.0,-75.0
1777890418.4763324,-4.0,-7.0,-73.0
1777890418.4863324,-3.0,-6.0,-72.0
1777890418.4963324,0.0,-4.0,-72.0
1777890418.5063324,1.0,-4.0,-71.0
1777890418.5163324,0.0,-2.0,-77.0
1777890418.5263324,0.0,0.0,-74.0
1777890418.5363324,-1.0,0.0,-73.0
1777890418.5463324,0.0,3.0,-69.0
1777890418.5563323,3.0,1.0,-74.0
1777890418.5663323,3.0,3.0,-71.0
1777890418.5763323,0.0,3.0,-66.0
1777890418.5863323,5.0,1.0,-73.0
1777890418.5963323,7.0,1.0,-75.0
1777890418.6063323,8.0,0.0,-77.0
1777890418.6163323,7.0,-1.0,-76.0
1777890418.6263323,4.0,-2.0,-79.0
1777890418.6363325,6.0,-3.0,-77.0
1777890418.6463325,4.0,0.0,-73.0
1777890418.6563325,5.0,3.0,-67.0
1777890418.6663325,1.0,1.0,-74.0
1777890418.6763325,1.0,1.0,-65.0
1777890418.6863325,1.0,-2.0,-57.0
1777890418.6963325,1.0,-4.0,-67.0
1777890418.7063324,1.0,-3.0,-73.0
1777890418.7163324,2.0,-5.0,-79.0
1777890418.7263324,-3.0,0.0,-84.0
1777890418.7363324,-8.0,-1.0,-76.0
1777890418.7463324,-8.0,-4.0,-73.0
1777890418.7563324,-6.0,-6.0,-69.0
1777890418.7663324,-3.0,-4.0,-72.0
1777890418.7763324,-7.0,-3.0,-71.0
1777890418.7863324,-5.0,-1.0,-69.0
1777890418.7963324,-7.0,-3.0,-68.0
1777890418.8063323,-5.0,-2.0,-60.0
1777890418.8163323,-8.0,-2.0,-61.0
1777890418.8263323,-3.0,-5.0,-61.0
1777890418.8363323,-4.0,-5.0,-61.0
1777890418.8473325,-6.0,-3.0,-64.0
1777890418.8573325,-4.0,-4.0,-59.0
1777890418.8673325,-6.0,-6.0,-62.0
1777890418.8773324,-3.0,-3.0,-61.0
1777890418.8873324,-8.0,-5.0,-64.0
1777890418.8973324,-7.0,-9.0,-62.0
1777890418.9073324,-4.0,-8.0,-61.0
1777890418.9173324,-1.0,-6.0,-67.0
1777890418.9273324,-5.0,-5.0,-68.0
1777890418.9373324,-3.0,-2.0,-71.0
1777890418.9473324,-4.0,1.0,-74.0
1777890418.9573324,-6.0,2.0,-71.0
1777890418.9673324,-3.0,3.0,-71.0
1777890418.9773324,0.0,-1.0,-76.0
1777890418.9873323,0.0,-2.0,-79.0
1777890418.9973323,9.0,-2.0,-77.0
1777890419.0073323,9.0,-4.0,-75.0
1777890419.0173323,8.0,-3.0,-77.0
1777890419.0273323,5.0,-3.0,-72.0
1777890419.0373323,3.0,-2.0,-77.0
1777890419.0473323,1.0,-1.0,-74.0
1777890419.0573325,3.0,-1.0,-76.0
1777890419.0673325,2.0,0.0,-76.0
1777890419.0773325,4.0,-3.0,-78.0
1777890419.0873325,8.0,-7.0,-76.0
1777890419.0973325,8.0,-6.0,-71.0
1777890419.1073325,2.0,-7.0,-75.0
1777890419.1173325,0.0,-7.0,-78.0
1777890419.1273324,2.0,-7.0,-78.0
1777890419.1373324,4.0,-9.0,-78.0
1777890419.1473324,1.0,-6.0,-78.0
1777890419.1573324,0.0,-7.0,-80.0
1777890419.1673324,2.0,-5.0,-86.0
1777890419.1773324,0.0,-6.0,-80.0
1777890419.1873324,1.0,-4.0,-73.0
1777890419.1973324,4.0,-6.0,-70.0
1777890419.2073324,4.0,-6.0,-66.0
1777890419.2173324,3.0,-1.0,-72.0
1777890419.2273324,2.0,0.0,-80.0
1777890419.2373323,4.0,-2.0,-83.0
1777890419.2473323,2.0,0.0,-78.0
1777890419.2573323,0.0,1.0,-77.0
1777890419.2673323,-1.0,3.0,-74.0
1777890419.2773323,-1.0,5.0,-70.0
1777890419.2873323,0.0,4.0,-71.0
1777890419.2973323,0.0,1.0,-70.0
1777890419.3073325,0.0,0.0,-71.0
1777890419.3173325,5.0,0.0,-82.0
1777890419.3273325,2.0,0.0,-80.0
1777890419.3373325,6.0,-1.0,-79.0
1777890419.3473325,6.0,-1.0,-74.0
1777890419.3573325,3.0,-5.0,-73.0
1777890419.3673325,0.0,-4.0,-78.0
1777890419.3773324,-1.0,-4.0,-79.0
1777890419.3873324,-3.0,-6.0,-76.0
1777890419.3973324,-5.0,0.0,-70.0
1777890419.4073324,-2.0,0.0,-68.0
1777890419.4173324,-1.0,-1.0,-69.0
1777890419.4273324,-3.0,0.0,-69.0
1777890419.4373324,-2.0,6.0,-70.0
1777890419.4473324,-3.0,8.0,-70.0
1777890419.4573324,-1.0,8.0,-68.0
1777890419.4673324,-1.0,5.0,-72.0
1777890419.4773324,5.0,4.0,-70.0
1777890419.4873323,5.0,2.0,-74.0
1777890419.4973323,8.0,3.0,-73.0
1777890419.5073323,4.0,4.0,-77.0
1777890419.5173323,5.0,5.0,-77.0
1777890419.5273323,1.0,6.0,-81.0
1777890419.5373323,2.0,-1.0,-77.0
1777890419.5473323,-1.0,0.0,-73.0
1777890419.5573325,-9.0,5.0,-71.0
1777890419.5673325,-12.0,2.0,-73.0
1777890419.5773325,-13.0,5.0,-69.0
1777890419.5873325,-9.0,6.0,-67.0
1777890419.5973325,-3.0,2.0,-70.0
1777890419.6073325,2.0,-1.0,-72.0
1777890419.6173325,4.0,0.0,-74.0
1777890419.6273324,0.0,-1.0,-70.0
1777890419.6373324,0.0,-3.0,-77.0
1777890419.6473324,-1.0,-5.0,-72.0
1777890419.6573324,6.0,-5.0,-77.0
1777890419.6673324,4.0,-1.0,-84.0
1777890419.6773324,6.0,-2.0,-89.0
1777890419.6873324,3.0,0.0,-90.0
1777890419.6973324,3.0,0.0,-88.0
1777890419.7073324,1.0,-1.0,-77.0
1777890419.7173324,0.0,-1.0,-77.0
1777890419.7273324,-1.0,-1.0,-72.0
1777890419.7373323,-1.0,1.0,-66.0
1777890419.7473323,0.0,-3.0,-60.0
1777890419.7573323,2.0,-2.0,-63.0
1777890419.7673323,5.0,-2.0,-72.0
1777890419.7773323,6.0,0.0,-75.0
1777890419.7873323,5.0,3.0,-78.0
1777890419.7973323,6.0,4.0,-76.0
1777890419.8073325,4.0,3.0,-73.0
1777890419.8173325,0.0,2.0,-73.0
1777890419.8273325,0.0,3.0,-67.0
1777890419.8373325,0.0,0.0,-72.0
1777890419.8473325,4.0,-2.0,-76.0
1777890419.8573325,1.0,-2.0,-84.0
1777890419.8673325,0.0,-6.0,-83.0
1777890419.8773324,4.0,-7.0,-83.0
1777890419.8873324,8.0,-8.0,-74.0
1777890419.8973324,8.0,-6.0,-68.0
1777890419.9073324,3.0,-8.0,-59.0
1777890419.9173324,4.0,-7.0,-63.0
1777890419.9273324,7.0,-3.0,-67.0
1777890419.9373324,5.0,-3.0,-73.0
1777890419.9473324,5.0,-2.0,-75.0
1777890419.9573324,2.0,-3.0,-79.0
1777890419.9673324,0.0,-2.0,-73.0
1777890419.9773324,-5.0,0.0,-75.0
1777890419.9873323,-4.0,3.0,-69.0
1777890419.9973323,-1.0,1.0,-60.0
1777890420.0073323,0.0,3.0,-65.0
1777890420.0173323,0.0,7.0,-69.0
1777890420.0273323,3.0,9.0,-74.0
1777890420.0373323,0.0,6.0,-75.0
1777890420.0473323,-3.0,1.0,-67.0
1777890420.0573325,-1.0,-3.0,-69.0
1777890420.0673325,-7.0,-1.0,-70.0
1777890420.0773325,-7.0,-1.0,-72.0
1777890420.0873325,-3.0,0.0,-73.0
1777890420.0973325,0.0,5.0,-66.0
1777890420.1073325,-3.0,2.0,-67.0
1777890420.1173325,1.0,2.0,-66.0
1777890420.1273324,1.0,1.0,-69.0
1777890420.1373324,8.0,5.0,-72.0
1777890420.1473324,4.0,4.0,-74.0
1777890420.1573324,0.0,4.0,-74.0
1777890420.1673324,-1.0,8.0,-70.0
1777890420.1773324,-2.0,4.0,-71.0
1777890420.1873324,-2.0,3.0,-73.0
1777890420.1973324,2.0,3.0,-72.0
1777890420.2073324,-2.0,2.0,-70.0
1777890420.2173324,0.0,0.0,-69.0
1777890420.2273324,-5.0,0.0,-64.0
1777890420.2373323,-6.0,0.0,-62.0
1777890420.2473323,-6.0,0.0,-63.0
1777890420.2573323,-4.0,2.0,-63.0
1777890420.2673323,0.0,6.0,-63.0
1777890420.2773323,-4.0,5.0,-58.0
1777890420.2873323,-4.0,3.0,-63.0
1777890420.2973323,-5.0,0.0,-72.0
1777890420.3073325,-1.0,-1.0,-75.0
1777890420.3173325,0.0,-1.0,-81.0
1777890420.3273325,3.0,-2.0,-79.0
1777890420.3373325,0.0,-4.0,-78.0
1777890420.3473325,0.0,0.0,-82.0
1777890420.3573325,2.0,0.0,-73.0
1777890420.3673325,0.0,1.0,-78.0
1777890420.3773324,0.0,-1.0,-80.0
1777890420.3873324,0.0,0.0,-83.0
1777890420.3973324,-3.0,0.0,-85.0
1777890420.4073324,-6.0,0.0,-82.0
1777890420.4173324,-6.0,-1.0,-85.0
1777890420.4273324,-2.0,-1.0,-81.0
1777890420.4373324,3.0,1.0,-80.0
1777890420.4473324,8.0,4.0,-76.0
1777890420.4573324,13.0,1.0,-78.0
1777890420.4673324,8.0,5.0,-78.0
1777890420.4773324,6.0,0.0,-79.0
1777890420.4873323,11.0,2.0,-77.0
1777890420.4973323,8.0,0.0,-80.0
1777890420.5073323,6.0,0.0,-83.0
1777890420.5173323,11.0,-1.0,-78.0
1777890420.5273323,6.0,-2.0,-76.0
1777890420.5373323,0.0,0.0,-73.0
1777890420.5473323,0.0,-3.0,-76.0
1777890420.5573325,1.0,-3.0,-66.0
1777890420.5673325,0.0,0.0,-61.0
1777890420.5773325,1.0,-1.0,-65.0
1777890420.5873325,2.0,-1.0,-71.0
1777890420.5973325,-3.0,-5.0,-75.0
1777890420.6073325,-1.0,-7.0,-77.0
1777890420.6173325,0.0,-7.0,-80.0
1777890420.6273324,4.0,-8.0,-74.0
1777890420.6373324,2.0,-7.0,-70.0
1777890420.6473324,1.0,-2.0,-64.0
1777890420.6573324,4.0,-3.0,-66.0
1777890420.6673324,5.0,-6.0,-69.0
1777890420.6773324,0.0,-7.0,-66.0
1777890420.6873324,-1.0,-5.0,-65.0
1777890420.6973324,-1.0,0.0,-68.0
1777890420.7073324,0.0,-3.0,-67.0
1777890420.7173324,-2.0,-4.0,-72.0
1777890420.7273324,0.0,-3.0,-66.0
1777890420.7373323,-2.0,-4.0,-64.0
1777890420.7473323,-1.0,-5.0,-63.0
1777890420.7573323,-5.0,-2.0,-65.0
1777890420.7673323,0.0,-1.0,-64.0
1777890420.7773323,4.0,0.0,-63.0
1777890420.7873323,1.0,0.0,-69.0
1777890420.7973323,4.0,0.0,-69.0
1777890420.8073325,8.0,0.0,-66.0
1777890420.8173325,11.0,2.0,-64.0
1777890420.8283324,9.0,-1.0,-67.0
1777890420.8383324,7.0,0.0,-67.0
1777890420.8483324,2.0,0.0,-69.0
1777890420.8583324,1.0,2.0,-66.0
1777890420.8683324,-1.0,0.0,-63.0
1777890420.8783324,-3.0,-5.0,-66.0
1777890420.8883324,-2.0,-3.0,-65.0
1777890420.8983324,-1.0,-6.0,-72.0
1777890420.9083323,-4.0,-7.0,-72.0
1777890420.9183323,-1.0,-7.0,-71.0
1777890420.9283323,0.0,-8.0,-75.0
1777890420.9383323,-1.0,-6.0,-75.0
1777890420.9483323,1.0,-6.0,-81.0
1777890420.9583323,0.0,-5.0,-83.0
1777890420.9683323,0.0,-7.0,-80.0
1777890420.9783323,3.0,-9.0,-79.0
1777890420.9883325,2.0,-2.0,-78.0
1777890420.9983325,3.0,-1.0,-74.0
1777890421.0083325,-1.0,0.0,-71.0
1777890421.0183325,0.0,-4.0,-71.0
1777890421.0283325,-2.0,-6.0,-69.0
1777890421.0383325,-3.0,-4.0,-71.0
1777890421.0483325,-6.0,-6.0,-75.0
1777890421.0583324,-2.0,-7.0,-70.0
1777890421.0683324,2.0,-10.0,-69.0
1777890421.0783324,-1.0,-9.0,-75.0
1777890421.0883324,-6.0,-7.0,-72.0
1777890421.0983324,-3.0,-5.0,-69.0
1777890421.1083324,-5.0,-2.0,-69.0
1777890421.1183324,-4.0,-2.0,-63.0
1777890421.1283324,-3.0,0.0,-64.0
1777890421.1383324,-5.0,2.0,-69.0
1777890421.1483324,-9.0,4.0,-63.0
1777890421.1583323,-3.0,5.0,-64.0
1777890421.1683323,-6.0,4.0,-67.0
1777890421.1783323,-8.0,2.0,-69.0
1777890421.1883323,-2.0,2.0,-69.0
1777890421.1983323,0.0,5.0,-69.0
1777890421.2083323,0.0,0.0,-67.0
1777890421.2183323,-2.0,0.0,-70.0
1777890421.2283323,0.0,4.0,-74.0
1777890421.2383325,-2.0,0.0,-69.0
1777890421.2483325,-3.0,1.0,-71.0
1777890421.2583325,-3.0,1.0,-77.0
1777890421.2683325,-3.0,2.0,-78.0
1777890421.2783325,0.0,2.0,-79.0
1777890421.2883325,1.0,0.0,-75.0
1777890421.2983325,1.0,-2.0,-84.0
1777890421.3083324,1.0,-3.0,-86.0
1777890421.3183324,1.0,-5.0,-82.0
1777890421.3283324,0.0,-9.0,-82.0
1777890421.3383324,3.0,-10.0,-88.0
1777890421.3483324,2.0,-4.0,-84.0
1777890421.3583324,5.0,-4.0,-86.0
1777890421.3683324,0.0,-2.0,-84.0
1777890421.3783324,-1.0,-2.0,-79.0
1777890421.3883324,-1.0,0.0,-88.0
1777890421.3983324,-5.0,-1.0,-82.0
1777890421.4083323,-5.0,0.0,-80.0
1777890421.4183323,-2.0,-1.0,-79.0
1777890421.4283323,-4.0,-2.0,-75.0
1777890421.4383323,-1.0,-5.0,-76.0
1777890421.4483323,4.0,-5.0,-76.0
1777890421.4583323,9.0,-4.0,-71.0
1777890421.4683323,10.0,-5.0,-75.0
1777890421.4783323,9.0,-4.0,-67.0
1777890421.4883325,3.0,-2.0,-68.0
1777890421.4983325,3.0,1.0,-68.0
1777890421.5083325,1.0,2.0,-66.0
1777890421.5183325,-1.0,2.0,-68.0
1777890421.5283325,-4.0,-2.0,-71.0
1777890421.5383325,-6.0,0.0,-67.0
1777890421.5483325,-1.0,3.0,-68.0
1777890421.5583324,0.0,0.0,-63.0
1777890421.5683324,-2.0,1.0,-61.0
1777890421.5783324,5.0,4.0,-55.0
1777890421.5883324,1.0,3.0,-55.0
1777890421.5983324,-1.0,1.0,-64.0
1777890421.6083324,-1.0,3.0,-69.0
1777890421.6183324,-4.0,2.0,-73.0
1777890421.6283324,-7.0,-1.0,-71.0
1777890421.6383324,-3.0,-1.0,-75.0
1777890421.6483324,-5.0,0.0,-71.0
1777890421.6583323,-4.0,3.0,-68.0
1777890421.6683323,-3.0,3.0,-68.0
1777890421.6783323,-2.0,-1.0,-66.0
1777890421.6883323,-4.0,1.0,-71.0
1777890421.6983323,-5.0,3.0,-74.0
1777890421.7083323,-3.0,3.0,-76.0
1777890421.7183323,0.0,6.0,-77.0
1777890421.7283323,0.0,5.0,-74.0
1777890421.7383325,1.0,4.0,-69.0
1777890421.7483325,2.0,4.0,-68.0
1777890421.7583325,0.0,5.0,-72.0
1777890421.7683325,0.0,5.0,-70.0
1777890421.7783325,4.0,2.0,-72.0
1777890421.7883325,3.0,0.0,-73.0
1777890421.7983325,1.0,-2.0,-75.0
1777890421.8083324,-1.0,-6.0,-79.0
1777890421.8183324,-1.0,-4.0,-82.0
1777890421.8283324,-2.0,0.0,-77.0
1777890421.8383324,-3.0,4.0,-78.0
1777890421.8483324,-1.0,2.0,-73.0
1777890421.8583324,2.0,0.0,-63.0
1777890421.8683324,0.0,0.0,-64.0
1777890421.8783324,-4.0,-1.0,-66.0
1777890421.8883324,0.0,-2.0,-69.0
1777890421.8983324,4.0,-2.0,-65.0
1777890421.9083323,5.0,-4.0,-63.0
1777890421.9183323,6.0,-7.0,-68.0
1777890421.9283323,4.0,-6.0,-68.0
1777890421.9383323,5.0,-9.0,-67.0
1777890421.9483323,0.0,-6.0,-69.0
1777890421.9583323,0.0,-4.0,-71.0
1777890421.9683323,4.0,0.0,-71.0
1777890421.9783323,7.0,0.0,-71.0
1777890421.9883325,0.0,1.0,-77.0
1777890421.9983325,-5.0,0.0,-79.0
1777890422.0083325,-9.0,2.0,-74.0
1777890422.0183325,-7.0,0.0,-75.0
1777890422.0283325,-9.0,-4.0,-77.0
1777890422.0383325,-3.0,-6.0,-73.0
1777890422.0483325,-4.0,-2.0,-68.0
1777890422.0583324,-7.0,-2.0,-68.0
1777890422.0683324,-6.0,-2.0,-75.0
1777890422.0783324,-2.0,-5.0,-74.0
1777890422.0883324,-5.0,-1.0,-72.0
1777890422.0983324,-7.0,-1.0,-65.0
1777890422.1083324,-4.0,-6.0,-70.0
1777890422.1183324,0.0,-6.0,-72.0
1777890422.1283324,-2.0,-8.0,-67.0
1777890422.1383324,0.0,-8.0,-75.0
1777890422.1483324,-4.0,-8.0,-81.0
1777890422.1583323,-8.0,-7.0,-80.0
1777890422.1683323,-8.0,-9.0,-82.0
1777890422.1783323,-5.0,-10.0,-81.0
1777890422.1883323,-1.0,-9.0,-78.0
1777890422.1983323,-2.0,-9.0,-84.0
1777890422.2083323,0.0,-9.0,-89.0
1777890422.2183323,2.0,-12.0,-86.0
1777890422.2283323,-1.0,-12.0,-83.0
1777890422.2383325,0.0,-8.0,-80.0
1777890422.2483325,2.0,-5.0,-80.0
1777890422.2583325,4.0,-6.0,-86.0
1777890422.2683325,2.0,-5.0,-80.0
1777890422.2783325,1.0,-4.0,-74.0
1777890422.2883325,-2.0,0.0,-73.0
1777890422.2983325,0.0,-2.0,-74.0
1777890422.3083324,0.0,-2.0,-73.0
1777890422.3183324,2.0,0.0,-73.0
1777890422.3283324,1.0,0.0,-75.0
1777890422.3383324,-2.0,1.0,-75.0
1777890422.3483324,-8.0,3.0,-73.0
1777890422.3583324,-8.0,1.0,-66.0
1777890422.3683324,-7.0,0.0,-67.0
1777890422.3783324,-13.0,0.0,-70.0
1777890422.3883324,-9.0,-1.0,-70.0
1777890422.3983324,-1.0,-1.0,-71.0
1777890422.4083323,0.0,-1.0,-66.0
1777890422.4183323,0.0,-4.0,-65.0
1777890422.4283323,2.0,-7.0,-68.0
1777890422.4383323,3.0,-6.0,-70.0
1777890422.4483323,3.0,-1.0,-65.0
1777890422.4583323,3.0,2.0,-68.0
1777890422.4683323,1.0,3.0,-65.0
1777890422.4783323,-2.0,-1.0,-67.0
1777890422.4883325,-8.0,1.0,-71.0
1777890422.4983325,-3.0,1.0,-71.0
1777890422.5083325,1.0,4.0,-78.0
1777890422.5183325,-3.0,3.0,-82.0
1777890422.5283325,-1.0,5.0,-77.0
1777890422.5383325,-1.0,5.0,-74.0
1777890422.5483325,-4.0,5.0,-76.0
1777890422.5583324,-3.0,7.0,-79.0
1777890422.5683324,-5.0,1.0,-83.0
1777890422.5783324,-4.0,3.0,-85.0
1777890422.5883324,-2.0,7.0,-87.0
1777890422.5983324,0.0,5.0,-84.0
1777890422.6083324,-1.0,1.0,-81.0
1777890422.6183324,-1.0,2.0,-74.0
1777890422.6283324,-3.0,1.0,-74.0
1777890422.6383324,-7.0,2.0,-67.0
1777890422.6483324,-5.0,3.0,-70.0
1777890422.6583323,-6.0,0.0,-70.0
1777890422.6683323,-3.0,-1.0,-70.0
1777890422.6783323,-6.0,5.0,-76.0
1777890422.6883323,-6.0,7.0,-73.0
1777890422.6983323,-7.0,4.0,-73.0
1777890422.7083323,-6.0,3.0,-79.0
1777890422.7183323,-6.0,4.0,-75.0
1777890422.7283323,-8.0,2.0,-69.0
1777890422.7383325,-3.0,-2.0,-71.0
1777890422.7483325,-3.0,-1.0,-70.0
1777890422.7583325,-2.0,0.0,-70.0
1777890422.7683325,0.0,1.0,-68.0
1777890422.7783325,-5.0,0.0,-74.0
1777890422.7883325,-5.0,5.0,-75.0
1777890422.7993324,-4.0,2.0,-71.0
1777890422.8083324,-6.0,0.0,-69.0
1777890422.8183324,-7.0,0.0,-67.0
1777890422.8293324,-7.0,-1.0,-59.0
1777890422.8393323,-8.0,-3.0,-57.0
1777890422.8493323,-3.0,-1.0,-55.0
1777890422.8593323,-1.0,2.0,-57.0
1777890422.8693323,3.0,0.0,-58.0
1777890422.8793323,5.0,1.0,-63.0
1777890422.8893323,4.0,0.0,-68.0
1777890422.8993323,1.0,-3.0,-65.0
1777890422.9093325,-2.0,0.0,-63.0
1777890422.9193325,-2.0,1.0,-65.0
1777890422.9293325,-3.0,1.0,-65.0
1777890422.9393325,-5.0,1.0,-68.0
1777890422.9493325,-3.0,-1.0,-68.0
1777890422.9593325,-3.0,0.0,-69.0
1777890422.9693325,-4.0,0.0,-80.0
1777890422.9793324,-5.0,-1.0,-76.0
1777890422.9893324,1.0,1.0,-75.0
1777890422.9993324,-1.0,1.0,-78.0
1777890423.0093324,0.0,1.0,-78.0
1777890423.0193324,2.0,2.0,-79.0
1777890423.0293324,0.0,1.0,-77.0
1777890423.0393324,-3.0,4.0,-80.0
1777890423.0493324,-2.0,2.0,-78.0
1777890423.0593324,-7.0,4.0,-78.0
1777890423.0693324,-4.0,7.0,-78.0
1777890423.0793324,-2.0,4.0,-80.0
1777890423.0893323,-1.0,2.0,-76.0
1777890423.0993323,-2.0,0.0,-72.0
1777890423.1093323,4.0,0.0,-72.0
1777890423.1193323,7.0,1.0,-72.0
1777890423.1293323,5.0,4.0,-79.0
1777890423.1393323,7.0,8.0,-74.0
1777890423.1493323,6.0,5.0,-76.0
1777890423.1593325,11.0,6.0,-72.0
1777890423.1693325,11.0,4.0,-72.0
1777890423.1793325,10.0,1.0,-72.0
1777890423.1893325,5.0,-2.0,-73.0
1777890423.1993325,4.0,-2.0,-73.0
1777890423.2093325,1.0,0.0,-75.0
1777890423.2193325,4.0,0.0,-84.0
1777890423.2293324,5.0,0.0,-85.0
1777890423.2393324,3.0,-2.0,-81.0
1777890423.2493324,-1.0,-2.0,-81.0
1777890423.2593324,-2.0,-2.0,-83.0
1777890423.2693324,0.0,-3.0,-79.0
1777890423.2793324,0.0,-4.0,-72.0
1777890423.2893324,-4.0,-5.0,-82.0
1777890423.2993324,-4.0,-2.0,-78.0
1777890423.3093324,0.0,5.0,-73.0
1777890423.3193324,0.0,6.0,-76.0
1777890423.3293324,3.0,4.0,-78.0
1777890423.3393323,3.0,3.0,-72.0
1777890423.3493323,4.0,4.0,-75.0
1777890423.3593323,2.0,3.0,-70.0
1777890423.3693323,0.0,1.0,-66.0
1777890423.3793323,-2.0,2.0,-72.0
1777890423.3893323,-5.0,0.0,-74.0
1777890423.3993323,-4.0,0.0,-76.0
1777890423.4093325,-4.0,3.0,-77.0
1777890423.4193325,-1.0,3.0,-85.0
1777890423.4293325,-4.0,2.0,-83.0
1777890423.4393325,1.0,4.0,-80.0
1777890423.4493325,1.0,2.0,-77.0
1777890423.4593325,2.0,1.0,-75.0
1777890423.4693325,0.0,-3.0,-72.0
1777890423.4793324,-1.0,-3.0,-72.0
1777890423.4893324,-1.0,0.0,-75.0
1777890423.4993324,1.0,-1.0,-67.0
1777890423.5093324,3.0,-4.0,-69.0
1777890423.5193324,2.0,-6.0,-73.0
1777890423.5293324,2.0,0.0,-69.0
1777890423.5393324,0.0,0.0,-69.0
1777890423.5493324,3.0,2.0,-72.0
1777890423.5593324,0.0,3.0,-73.0
1777890423.5693324,-3.0,2.0,-74.0
1777890423.5793324,0.0,0.0,-78.0
1777890423.5893323,1.0,1.0,-81.0
1777890423.5993323,3.0,0.0,-76.0
1777890423.6093323,3.0,0.0,-80.0
1777890423.6193323,2.0,0.0,-84.0
1777890423.6293323,0.0,1.0,-78.0
1777890423.6393323,0.0,2.0,-69.0
1777890423.6493323,0.0,4.0,-65.0
1777890423.6593325,3.0,-2.0,-69.0
1777890423.6693325,4.0,-2.0,-71.0
1777890423.6793325,1.0,0.0,-71.0
1777890423.6893325,7.0,1.0,-71.0
1777890423.6993325,7.0,1.0,-72.0
1777890423.7093325,5.0,1.0,-70.0
1777890423.7193325,11.0,0.0,-73.0
1777890423.7293324,7.0,2.0,-72.0
1777890423.7393324,6.0,0.0,-67.0
1777890423.7493324,8.0,-2.0,-66.0
1777890423.7593324,5.0,-6.0,-74.0
1777890423.7693324,3.0,-4.0,-70.0
1777890423.7793324,4.0,0.0,-68.0
1777890423.7893324,2.0,0.0,-67.0
1777890423.7993324,3.0,0.0,-71.0
1777890423.8093324,5.0,-1.0,-74.0
1777890423.8193324,6.0,0.0,-70.0
1777890423.8293324,8.0,-2.0,-72.0
1777890423.8393323,5.0,-4.0,-73.0
1777890423.8493323,3.0,-4.0,-73.0
1777890423.8593323,1.0,-2.0,-73.0
1777890423.8693323,2.0,-1.0,-76.0
1777890423.8793323,3.0,-6.0,-77.0
1777890423.8893323,6.0,-1.0,-74.0
1777890423.8993323,3.0,0.0,-69.0
1777890423.9093325,4.0,2.0,-72.0
1777890423.9193325,5.0,3.0,-75.0
1777890423.9293325,3.0,2.0,-67.0
1777890423.9393325,3.0,1.0,-69.0
1777890423.9493325,4.0,0.0,-68.0
1777890423.9593325,6.0,-3.0,-73.0
1777890423.9693325,7.0,-5.0,-73.0
1777890423.9793324,2.0,-4.0,-73.0
1777890423.9893324,4.0,-3.0,-80.0
1777890423.9993324,5.0,-3.0,-78.0
1777890424.0093324,8.0,-1.0,-73.0
1777890424.0193324,3.0,0.0,-71.0
1777890424.0293324,4.0,2.0,-78.0
1777890424.0393324,4.0,-2.0,-74.0
1777890424.0493324,6.0,0.0,-72.0
1777890424.0593324,6.0,0.0,-73.0
1777890424.0693324,7.0,-2.0,-68.0
1777890424.0793324,6.0,-6.0,-69.0
1777890424.0893323,9.0,-6.0,-69.0
1777890424.0993323,7.0,-2.0,-67.0
1777890424.1093323,7.0,0.0,-64.0
1777890424.1193323,8.0,0.0,-69.0
1777890424.1293323,8.0,3.0,-66.0
1777890424.1393323,9.0,5.0,-69.0
1777890424.1493323,8.0,5.0,-75.0
1777890424.1593325,7.0,7.0,-73.0
1777890424.1693325,5.0,10.0,-72.0
1777890424.1793325,1.0,6.0,-73.0
1777890424.1893325,3.0,4.0,-73.0
1777890424.1993325,0.0,0.0,-73.0
1777890424.2093325,-1.0,1.0,-67.0
1777890424.2193325,-4.0,-4.0,-62.0
1777890424.2293324,0.0,-5.0,-60.0
1777890424.2393324,0.0,-9.0,-63.0
1777890424.2493324,-2.0,-5.0,-67.0
1777890424.2593324,0.0,-7.0,-74.0
1777890424.2693324,-1.0,-6.0,-81.0
1777890424.2793324,-1.0,-2.0,-76.0
1777890424.2893324,3.0,-6.0,-68.0
1777890424.2993324,3.0,-6.0,-70.0
1777890424.3093324,4.0,-5.0,-74.0
1777890424.3193324,3.0,-3.0,-72.0
1777890424.3293324,2.0,-3.0,-73.0
1777890424.3393323,6.0,-1.0,-71.0
1777890424.3493323,8.0,-3.0,-69.0
1777890424.3593323,10.0,1.0,-66.0
1777890424.3693323,8.0,-2.0,-65.0
1777890424.3793323,8.0,-1.0,-70.0
1777890424.3893323,8.0,-4.0,-70.0
1777890424.3993323,9.0,-5.0,-75.0
1777890424.4093325,7.0,-6.0,-79.0
1777890424.4193325,10.0,-2.0,-78.0
1777890424.4293325,8.0,-2.0,-75.0
1777890424.4393325,8.0,-6.0,-71.0
1777890424.4493325,4.0,-5.0,-73.0
1777890424.4593325,3.0,-5.0,-74.0
1777890424.4693325,0.0,-6.0,-70.0
1777890424.4793324,-3.0,-6.0,-61.0
1777890424.4893324,-5.0,-4.0,-59.0
1777890424.4993324,-3.0,-5.0,-63.0
1777890424.5093324,0.0,-2.0,-69.0
1777890424.5193324,0.0,-1.0,-70.0
1777890424.5293324,-1.0,0.0,-67.0
1777890424.5393324,-1.0,0.0,-72.0
1777890424.5493324,0.0,1.0,-72.0
1777890424.5593324,-3.0,5.0,-70.0
1777890424.5693324,-2.0,0.0,-71.0
1777890424.5793324,0.0,0.0,-74.0
1777890424.5893323,7.0,1.0,-79.0
1777890424.5993323,7.0,0.0,-78.0
1777890424.6093323,6.0,-1.0,-72.0
1777890424.6193323,8.0,-3.0,-73.0
1777890424.6293323,6.0,0.0,-77.0
1777890424.6393323,6.0,0.0,-79.0
1777890424.6493323,1.0,1.0,-76.0
1777890424.6593325,1.0,3.0,-73.0
1777890424.6693325,7.0,1.0,-83.0
1777890424.6793325,2.0,0.0,-81.0
1777890424.6893325,4.0,1.0,-85.0
1777890424.6993325,3.0,-2.0,-81.0
1777890424.7093325,0.0,-6.0,-76.0
1777890424.7193325,0.0,-6.0,-75.0
1777890424.7293324,-5.0,-5.0,-74.0
1777890424.7393324,-3.0,-3.0,-82.0
1777890424.7493324,0.0,0.0,-74.0
1777890424.7593324,0.0,0.0,-68.0
1777890424.7693324,-1.0,0.0,-68.0
1777890424.7793324,2.0,-4.0,-73.0
1777890424.7903323,3.0,-3.0,-68.0
1777890424.7993324,2.0,-3.0,-72.0
1777890424.8103323,4.0,-4.0,-75.0
1777890424.8203323,5.0,-3.0,-78.0
1777890424.8303325,1.0,-4.0,-79.0
1777890424.8403325,-2.0,-5.0,-84.0
1777890424.8503325,-3.0,1.0,-79.0
1777890424.8603325,4.0,1.0,-75.0
1777890424.8703325,3.0,0.0,-75.0
1777890424.8803325,2.0,0.0,-78.0
1777890424.8903325,6.0,2.0,-78.0
1777890424.9003325,1.0,1.0,-76.0
1777890424.9103324,4.0,1.0,-83.0
1777890424.9203324,-1.0,2.0,-87.0
1777890424.9303324,-1.0,2.0,-80.0
1777890424.9403324,-3.0,-2.0,-75.0
1777890424.9503324,-1.0,-6.0,-80.0
1777890424.9603324,0.0,-6.0,-82.0
1777890424.9703324,2.0,-6.0,-81.0
1777890424.9803324,1.0,-9.0,-76.0
1777890424.9903324,-1.0,-9.0,-73.0
1777890425.0003324,0.0,-7.0,-74.0
1777890425.0103323,-2.0,-8.0,-72.0
1777890425.0203323,-2.0,-2.0,-82.0
1777890425.0303323,-5.0,-1.0,-83.0
1777890425.0403323,-6.0,-3.0,-86.0
1777890425.0503323,-7.0,-3.0,-81.0
1777890425.0603323,-11.0,0.0,-78.0
1777890425.0703323,-6.0,3.0,-83.0
1777890425.0803325,-5.0,-1.0,-87.0
1777890425.0903325,-3.0,-2.0,-88.0
1777890425.1003325,-5.0,-3.0,-92.0
1777890425.1103325,-4.0,-7.0,-87.0
1777890425.1203325,-4.0,-2.0,-86.0
1777890425.1303325,-9.0,-3.0,-90.0
1777890425.1403325,-11.0,-2.0,-92.0
1777890425.1503325,-5.0,0.0,-95.0
1777890425.1603324,1.0,-1.0,-88.0
1777890425.1703324,0.0,-4.0,-82.0
1777890425.1803324,2.0,0.0,-75.0
1777890425.1903324,0.0,-2.0,-69.0
1777890425.2003324,0.0,-5.0,-63.0
1777890425.2103324,2.0,0.0,-81.0
1777890425.2203324,0.0,-1.0,-82.0
1777890425.2303324,0.0,-3.0,-75.0
1777890425.2403324,2.0,-4.0,-74.0
1777890425.2503324,0.0,-7.0,-71.0
1777890425.2603323,2.0,-8.0,-73.0
1777890425.2703323,2.0,-9.0,-74.0
1777890425.2803323,-1.0,-11.0,-70.0
1777890425.2903323,-1.0,-12.0,-78.0
1777890425.3003323,2.0,-9.0,-74.0
1777890425.3103323,0.0,-8.0,-68.0
1777890425.3203323,-2.0,-6.0,-61.0
1777890425.3303325,-5.0,-3.0,-65.0
1777890425.3403325,-5.0,0.0,-68.0
1777890425.3503325,-7.0,1.0,-70.0
1777890425.3603325,-4.0,0.0,-70.0
1777890425.3703325,-4.0,0.0,-73.0
1777890425.3803325,-2.0,0.0,-69.0
1777890425.3903325,-2.0,0.0,-70.0
1777890425.4003325,-4.0,1.0,-71.0
1777890425.4103324,-1.0,0.0,-76.0
1777890425.4203324,0.0,-3.0,-77.0
1777890425.4303324,2.0,-6.0,-78.0
1777890425.4403324,6.0,-6.0,-84.0
1777890425.4503324,8.0,-3.0,-82.0
1777890425.4603324,5.0,-1.0,-84.0
1777890425.4703324,0.0,2.0,-66.0
1777890425.4803324,0.0,3.0,-69.0
1777890425.4903324,-1.0,-1.0,-74.0
1777890425.5003324,-3.0,-1.0,-80.0
1777890425.5103323,-4.0,2.0,-76.0
1777890425.5203323,-3.0,2.0,-72.0
1777890425.5303323,0.0,-1.0,-71.0
1777890425.5403323,2.0,0.0,-76.0
1777890425.5503323,5.0,-6.0,-82.0
1777890425.5603323,2.0,-7.0,-76.0
1777890425.5703323,7.0,-2.0,-70.0
1777890425.5803325,11.0,0.0,-68.0
1777890425.5903325,7.0,-1.0,-80.0
1777890425.6003325,0.0,-1.0,-82.0
1777890425.6103325,-1.0,0.0,-82.0
1777890425.6203325,-3.0,2.0,-74.0
1777890425.6303325,-4.0,4.0,-75.0
1777890425.6403325,1.0,3.0,-78.0
1777890425.6503325,1.0,3.0,-75.0
1777890425.6603324,0.0,3.0,-76.0
1777890425.6703324,0.0,-3.0,-78.0
1777890425.6803324,2.0,-2.0,-78.0
1777890425.6903324,1.0,-2.0,-77.0
1777890425.7003324,-5.0,-3.0,-73.0
1777890425.7103324,0.0,-4.0,-69.0
1777890425.7203324,4.0,-5.0,-68.0
1777890425.7303324,3.0,-4.0,-62.0
1777890425.7403324,1.0,0.0,-62.0
1777890425.7503324,0.0,-3.0,-56.0
1777890425.7603323,0.0,-2.0,-57.0
1777890425.7703323,1.0,-2.0,-53.0
1777890425.7803323,3.0,2.0,-51.0
1777890425.7903323,5.0,2.0,-57.0
1777890425.8003323,5.0,0.0,-63.0
1777890425.8103323,-1.0,0.0,-66.0
1777890425.8203323,0.0,-4.0,-67.0
1777890425.8303325,-3.0,-1.0,-67.0
1777890425.8403325,0.0,-4.0,-71.0
1777890425.8503325,1.0,-3.0,-70.0
1777890425.8603325,3.0,-5.0,-68.0
1777890425.8703325,4.0,-1.0,-65.0
1777890425.8803325,0.0,-1.0,-66.0
1777890425.8903325,-1.0,-3.0,-65.0
1777890425.9003325,-4.0,-7.0,-77.0
1777890425.9103324,-8.0,-7.0,-79.0
1777890425.9203324,-10.0,-5.0,-74.0
1777890425.9303324,-10.0,-5.0,-76.0
1777890425.9403324,-9.0,-4.0,-75.0
1777890425.9503324,-7.0,0.0,-73.0
1777890425.9603324,-5.0,0.0,-73.0
1777890425.9703324,-1.0,3.0,-74.0
1777890425.9803324,0.0,0.0,-71.0
1777890425.9903324,-3.0,-2.0,-72.0
1777890426.0003324,-4.0,-3.0,-72.0
1777890426.0103323,-4.0,-2.0,-72.0
1777890426.0203323,-6.0,-4.0,-73.0
1777890426.0303323,-4.0,0.0,-74.0
1777890426.0403323,-5.0,-4.0,-78.0
1777890426.0503323,-5.0,-1.0,-76.0
1777890426.0603323,-6.0,0.0,-83.0
1777890426.0703323,-6.0,0.0,-83.0
1777890426.0803325,-5.0,-5.0,-83.0
1777890426.0903325,-2.0,-3.0,-76.0
1777890426.1003325,-6.0,-8.0,-77.0
1777890426.1103325,-6.0,-7.0,-79.0
1777890426.1203325,-8.0,-5.0,-80.0
1777890426.1303325,-2.0,-4.0,-81.0
1777890426.1403325,0.0,-1.0,-75.0
1777890426.1503325,2.0,1.0,-78.0
1777890426.1603324,0.0,0.0,-78.0
1777890426.1703324,-2.0,0.0,-75.0
1777890426.1803324,-1.0,0.0,-69.0
1777890426.1903324,1.0,1.0,-69.0
1777890426.2013323,4.0,2.0,-69.0
1777890426.2103324,2.0,3.0,-73.0
1777890426.2203324,5.0,0.0,-71.0
1777890426.2303324,7.0,-1.0,-73.0
1777890426.2403324,4.0,1.0,-76.0
1777890426.2503324,4.0,0.0,-73.0
1777890426.2603323,8.0,2.0,-76.0
1777890426.2703323,3.0,-2.0,-69.0
1777890426.2803323,0.0,1.0,-68.0
1777890426.2903323,0.0,0.0,-69.0
1777890426.3003323,1.0,3.0,-71.0
1777890426.3103323,0.0,0.0,-75.0
1777890426.3203323,0.0,1.0,-70.0
1777890426.3303325,0.0,2.0,-73.0
1777890426.3403325,-1.0,5.0,-70.0
1777890426.3503325,-1.0,4.0,-70.0
1777890426.3603325,1.0,0.0,-72.0
1777890426.3703325,0.0,-3.0,-69.0
1777890426.3803325,2.0,-3.0,-73.0
1777890426.3913324,8.0,0.0,-71.0
1777890426.4003325,7.0,-4.0,-67.0
1777890426.4103324,4.0,0.0,-65.0
1777890426.4203324,4.0,-1.0,-67.0
1777890426.4303324,5.0,0.0,-65.0
1777890426.4403324,4.0,-1.0,-59.0
1777890426.4503324,5.0,-3.0,-54.0
1777890426.4603324,7.0,-7.0,-59.0
1777890426.4703324,7.0,-7.0,-65.0
1777890426.4803324,6.0,-8.0,-61.0
1777890426.4903324,8.0,-6.0,-62.0
1777890426.5003324,7.0,-2.0,-66.0
1777890426.5103323,3.0,-1.0,-66.0
1777890426.5203323,2.0,-5.0,-68.0
1777890426.5303323,0.0,-3.0,-65.0
1777890426.5403323,-1.0,-4.0,-72.0
1777890426.5503323,-3.0,-3.0,-73.0
1777890426.5603323,-2.0,-4.0,-72.0
1777890426.5703323,-2.0,-2.0,-75.0
1777890426.5803325,-2.0,-4.0,-80.0
1777890426.5903325,-1.0,-4.0,-84.0
1777890426.6003325,1.0,-4.0,-86.0
1777890426.6103325,-3.0,-2.0,-87.0
1777890426.6203325,-1.0,0.0,-86.0
1777890426.6303325,2.0,-1.0,-92.0
1777890426.6403325,5.0,-4.0,-90.0
1777890426.6503325,3.0,-2.0,-82.0
1777890426.6603324,0.0,-2.0,-80.0
1777890426.6703324,0.0,-2.0,-80.0
1777890426.6803324,0.0,-3.0,-79.0
1777890426.6903324,-2.0,-4.0,-80.0
1777890426.7003324,-2.0,-3.0,-85.0
1777890426.7103324,-4.0,-4.0,-81.0
1777890426.7203324,-1.0,-2.0,-83.0
1777890426.7303324,2.0,0.0,-78.0
1777890426.7403324,3.0,-1.0,-81.0
1777890426.7503324,6.0,-3.0,-83.0
1777890426.7603323,5.0,-5.0,-78.0
1777890426.7703323,3.0,-1.0,-76.0
1777890426.7813325,2.0,0.0,-81.0
1777890426.7913325,1.0,-4.0,-85.0
1777890426.8013325,0.0,-4.0,-83.0
1777890426.8103323,-4.0,-7.0,-89.0
1777890426.8213325,-2.0,-6.0,-83.0
1777890426.8313324,-1.0,-6.0,-86.0
1777890426.8413324,5.0,-2.0,-84.0
1777890426.8513324,9.0,-4.0,-79.0
1777890426.8613324,4.0,-6.0,-78.0
1777890426.8713324,4.0,-7.0,-75.0
1777890426.8813324,5.0,-7.0,-76.0
1777890426.8913324,3.0,-6.0,-74.0
1777890426.9013324,4.0,-4.0,-75.0
1777890426.9113324,3.0,-4.0,-77.0
1777890426.9213324,5.0,-2.0,-74.0
1777890426.9313323,9.0,0.0,-70.0
1777890426.9413323,9.0,-3.0,-68.0
1777890426.9513323,7.0,-1.0,-66.0
1777890426.9613323,3.0,-3.0,-65.0
1777890426.9713323,-3.0,-4.0,-61.0
1777890426.9813323,0.0,-4.0,-68.0
1777890426.9913323,1.0,-5.0,-73.0
1777890427.0013323,0.0,-6.0,-76.0
1777890427.0113325,-1.0,0.0,-77.0
1777890427.0213325,0.0,1.0,-79.0
1777890427.0313325,-2.0,2.0,-86.0
1777890427.0413325,0.0,0.0,-80.0
1777890427.0513325,-3.0,2.0,-76.0
1777890427.0613325,-5.0,3.0,-78.0
1777890427.0713325,0.0,5.0,-87.0
1777890427.0813324,2.0,2.0,-82.0
1777890427.0913324,-3.0,0.0,-80.0
1777890427.1013324,-1.0,-2.0,-79.0
1777890427.1113324,1.0,-2.0,-79.0
1777890427.1213324,0.0,-1.0,-79.0
1777890427.1313324,0.0,2.0,-76.0
1777890427.1413324,-2.0,4.0,-76.0
1777890427.1513324,0.0,3.0,-73.0
1777890427.1613324,6.0,5.0,-67.0
1777890427.1713324,1.0,3.0,-68.0
1777890427.1813323,3.0,-1.0,-71.0
1777890427.1913323,6.0,-1.0,-76.0
1777890427.2013323,6.0,-4.0,-78.0
1777890427.2113323,5.0,-11.0,-81.0
1777890427.2213323,3.0,-11.0,-83.0
1777890427.2313323,6.0,-7.0,-83.0
1777890427.2413323,0.0,-1.0,-85.0
1777890427.2513323,0.0,1.0,-80.0
1777890427.2613325,-3.0,1.0,-81.0
1777890427.2713325,0.0,3.0,-82.0
1777890427.2813325,3.0,6.0,-70.0
1777890427.2913325,5.0,5.0,-70.0
1777890427.3013325,0.0,6.0,-74.0
1777890427.3113325,4.0,3.0,-75.0
1777890427.3213325,0.0,2.0,-72.0
1777890427.3313324,-2.0,1.0,-72.0
1777890427.3413324,2.0,1.0,-70.0
1777890427.3513324,0.0,3.0,-79.0
1777890427.3613324,-2.0,2.0,-79.0
1777890427.3713324,0.0,0.0,-73.0
1777890427.3813324,2.0,-4.0,-72.0
1777890427.3913324,4.0,0.0,-75.0
1777890427.4013324,6.0,3.0,-71.0
1777890427.4113324,6.0,4.0,-72.0
1777890427.4213324,2.0,5.0,-74.0
1777890427.4313323,-2.0,5.0,-72.0
1777890427.4413323,-2.0,3.0,-83.0
1777890427.4513323,-2.0,2.0,-89.0
1777890427.4613323,-1.0,5.0,-90.0
1777890427.4713323,2.0,7.0,-91.0
1777890427.4813323,3.0,3.0,-83.0
1777890427.4913323,4.0,0.0,-75.0
1777890427.5013323,6.0,2.0,-78.0
1777890427.5113325,4.0,1.0,-73.0
1777890427.5213325,7.0,2.0,-69.0
1777890427.5313325,10.0,0.0,-68.0
1777890427.5413325,10.0,0.0,-69.0
1777890427.5513325,6.0,-4.0,-70.0
1777890427.5613325,5.0,-7.0,-72.0
1777890427.5713325,5.0,-3.0,-72.0
1777890427.5813324,4.0,0.0,-77.0
1777890427.5913324,2.0,-1.0,-73.0
1777890427.6013324,0.0,0.0,-74.0
1777890427.6113324,0.0,0.0,-77.0
1777890427.6213324,-3.0,-1.0,-80.0
1777890427.6313324,-4.0,1.0,-81.0
1777890427.6413324,-2.0,6.0,-79.0
1777890427.6513324,-4.0,6.0,-79.0
1777890427.6613324,-5.0,6.0,-77.0
1777890427.6713324,-1.0,10.0,-74.0
1777890427.6813323,-1.0,12.0,-74.0
1777890427.6913323,0.0,11.0,-74.0
1777890427.7013323,0.0,9.0,-80.0
1777890427.7113323,-2.0,8.0,-84.0
1777890427.7213323,-3.0,3.0,-86.0
1777890427.7313323,-4.0,1.0,-81.0
1777890427.7413323,-6.0,-4.0,-81.0
1777890427.7513323,-10.0,-2.0,-76.0
1777890427.7613325,-9.0,-2.0,-77.0
1777890427.7713325,-7.0,0.0,-77.0
1777890427.7813325,-5.0,-1.0,-68.0
1777890427.7913325,-3.0,-3.0,-64.0
1777890427.8013325,-6.0,-6.0,-65.0
1777890427.8113325,-3.0,-3.0,-71.0
1777890427.8213325,0.0,-5.0,-73.0
1777890427.8313324,1.0,-3.0,-77.0
1777890427.8413324,4.0,-3.0,-83.0
1777890427.8513324,0.0,-5.0,-79.0
1777890427.8613324,0.0,-7.0,-74.0
1777890427.8713324,-1.0,-5.0,-71.0
1777890427.8813324,1.0,-4.0,-69.0
1777890427.8913324,0.0,-2.0,-70.0
1777890427.9013324,0.0,-1.0,-70.0
1777890427.9113324,1.0,-2.0,-82.0
1777890427.9213324,0.0,-4.0,-85.0
1777890427.9313323,6.0,-3.0,-84.0
1777890427.9413323,2.0,-3.0,-87.0
1777890427.9513323,0.0,-2.0,-83.0
1777890427.9613323,-3.0,-1.0,-83.0
1777890427.9713323,-1.0,0.0,-82.0
1777890427.9813323,1.0,0.0,-81.0
1777890427.9913323,2.0,0.0,-76.0
1777890428.0013323,0.0,1.0,-68.0
1777890428.0113325,-1.0,1.0,-66.0
1777890428.0213325,-3.0,-1.0,-67.0
1777890428.0313325,3.0,-1.0,-65.0
1777890428.0413325,2.0,2.0,-64.0
1777890428.0513325,7.0,3.0,-71.0
1777890428.0613325,3.0,3.0,-71.0
1777890428.0713325,7.0,3.0,-70.0
1777890428.0813324,4.0,6.0,-60.0
1777890428.0913324,0.0,5.0,-55.0
1777890428.1013324,1.0,2.0,-55.0
1777890428.1113324,2.0,4.0,-60.0
1777890428.1213324,1.0,1.0,-68.0
1777890428.1313324,1.0,-1.0,-68.0
1777890428.1413324,2.0,0.0,-65.0
1777890428.1513324,4.0,0.0,-62.0
1777890428.1613324,6.0,4.0,-70.0
1777890428.1713324,1.0,0.0,-69.0
1777890428.1813323,3.0,-4.0,-66.0
1777890428.1913323,5.0,-1.0,-72.0
1777890428.2013323,1.0,-2.0,-77.0
1777890428.2113323,0.0,-1.0,-72.0
1777890428.2213323,3.0,2.0,-71.0
1777890428.2313323,5.0,2.0,-69.0
1777890428.2413323,4.0,1.0,-68.0
1777890428.2513323,4.0,0.0,-67.0
1777890428.2613325,7.0,0.0,-71.0
1777890428.2713325,9.0,0.0,-68.0
1777890428.2813325,6.0,2.0,-57.0
1777890428.2913325,1.0,0.0,-55.0
1777890428.3013325,1.0,0.0,-61.0
1777890428.3113325,4.0,0.0,-69.0
1777890428.3213325,4.0,-3.0,-67.0
1777890428.3313324,3.0,-6.0,-57.0
1777890428.3413324,4.0,-3.0,-58.0
1777890428.3513324,3.0,-2.0,-59.0
1777890428.3613324,-1.0,-3.0,-61.0
1777890428.3713324,5.0,-4.0,-70.0
1777890428.3813324,4.0,-7.0,-76.0
1777890428.3913324,-2.0,-6.0,-74.0
1777890428.4013324,0.0,-5.0,-72.0
1777890428.4113324,4.0,-4.0,-70.0
1777890428.4213324,0.0,0.0,-66.0
1777890428.4313323,-2.0,0.0,-67.0
1777890428.4413323,0.0,-2.0,-72.0
1777890428.4513323,1.0,-5.0,-84.0
1777890428.4613323,2.0,-2.0,-79.0
1777890428.4713323,-1.0,-5.0,-78.0
1777890428.4813323,-5.0,-9.0,-73.0
1777890428.4913323,0.0,-3.0,-72.0
1777890428.5013323,-4.0,-5.0,-79.0
1777890428.5113325,-7.0,-3.0,-75.0
1777890428.5213325,-6.0,0.0,-76.0
1777890428.5313325,0.0,0.0,-76.0
1777890428.5413325,2.0,1.0,-75.0
1777890428.5513325,0.0,0.0,-72.0
1777890428.5613325,1.0,0.0,-64.0
1777890428.5713325,3.0,0.0,-62.0
1777890428.5813324,5.0,-1.0,-65.0
1777890428.5913324,5.0,-3.0,-70.0
1777890428.6013324,1.0,-1.0,-66.0
1777890428.6113324,3.0,0.0,-70.0
1777890428.6213324,7.0,-1.0,-68.0
1777890428.6313324,8.0,-4.0,-70.0
1777890428.6413324,8.0,-3.0,-67.0
1777890428.6513324,4.0,-5.0,-69.0
1777890428.6613324,3.0,0.0,-68.0
1777890428.6713324,3.0,-2.0,-70.0
1777890428.6813323,0.0,0.0,-76.0
1777890428.6913323,0.0,0.0,-76.0
1777890428.7013323,0.0,-1.0,-77.0
1777890428.7113323,1.0,-2.0,-72.0
1777890428.7213323,0.0,-5.0,-78.0
1777890428.7313323,2.0,-9.0,-76.0
1777890428.7413323,2.0,-8.0,-72.0
1777890428.7523324,3.0,-6.0,-79.0
1777890428.7613325,6.0,-6.0,-77.0
1777890428.7723324,6.0,-5.0,-73.0
1777890428.7823324,3.0,-2.0,-66.0
1777890428.7923324,3.0,-4.0,-66.0
1777890428.8023324,4.0,-1.0,-65.0
1777890428.8123324,10.0,-2.0,-70.0
1777890428.8223324,5.0,-6.0,-69.0
1777890428.8323324,4.0,-4.0,-74.0
1777890428.8423324,1.0,0.0,-74.0
1777890428.8523324,0.0,1.0,-77.0
1777890428.8623323,1.0,2.0,-77.0
1777890428.8723323,3.0,0.0,-62.0
1777890428.8823323,2.0,-2.0,-63.0
1777890428.8923323,0.0,-2.0,-60.0
1777890428.9023323,2.0,-3.0,-65.0
1777890428.9123323,0.0,-7.0,-67.0
1777890428.9223323,0.0,-5.0,-70.0
1777890428.9323325,0.0,-4.0,-66.0
1777890428.9423325,-2.0,-5.0,-69.0
1777890428.9523325,1.0,-3.0,-74.0
1777890428.9623325,0.0,-1.0,-79.0
1777890428.9723325,0.0,-2.0,-78.0
1777890428.9823325,2.0,-4.0,-79.0
1777890428.9923325,2.0,-7.0,-77.0
1777890429.0023324,3.0,-10.0,-66.0
1777890429.0123324,1.0,-8.0,-70.0
1777890429.0223324,0.0,-9.0,-73.0
1777890429.0323324,-3.0,-5.0,-66.0
1777890429.0423324,-6.0,-1.0,-64.0
1777890429.0523324,-4.0,0.0,-59.0
1777890429.0623324,0.0,-2.0,-48.0
1777890429.0723324,3.0,-4.0,-54.0
1777890429.0823324,2.0,-6.0,-63.0
1777890429.0923324,5.0,-11.0,-65.0
1777890429.1023324,7.0,-8.0,-65.0
1777890429.1123323,10.0,-6.0,-64.0
1777890429.1223323,5.0,-4.0,-61.0
1777890429.1323323,4.0,-5.0,-62.0
1777890429.1423323,4.0,-11.0,-60.0
1777890429.1523323,1.0,-10.0,-59.0
1777890429.1623323,1.0,-6.0,-60.0
1777890429.1723323,-1.0,-4.0,-59.0
1777890429.1823325,0.0,-1.0,-69.0
1777890429.1923325,2.0,1.0,-70.0
1777890429.2023325,6.0,3.0,-72.0
1777890429.2123325,9.0,0.0,-81.0
1777890429.2223325,9.0,-2.0,-81.0
1777890429.2323325,9.0,0.0,-80.0
1777890429.2423325,15.0,0.0,-83.0
1777890429.2523324,15.0,3.0,-85.0
1777890429.2623324,11.0,-1.0,-81.0
1777890429.2723324,8.0,-4.0,-84.0
1777890429.2823324,7.0,-1.0,-82.0
1777890429.2923324,0.0,-2.0,-80.0
1777890429.3023324,-5.0,2.0,-79.0
1777890429.3123324,-5.0,0.0,-80.0
1777890429.3223324,-4.0,0.0,-81.0
1777890429.3323324,-3.0,0.0,-78.0
1777890429.3423324,1.0,-1.0,-78.0
1777890429.3523324,4.0,0.0,-76.0
1777890429.3623323,4.0,-1.0,-75.0
1777890429.3723323,2.0,-1.0,-72.0
1777890429.3823323,0.0,-3.0,-69.0
1777890429.3923323,3.0,-2.0,-68.0
1777890429.4023323,3.0,0.0,-76.0
1777890429.4123323,-1.0,1.0,-78.0
1777890429.4223323,-2.0,0.0,-77.0
1777890429.4323325,-4.0,-3.0,-82.0
1777890429.4423325,-4.0,-3.0,-83.0
1777890429.4523325,-6.0,-9.0,-84.0
1777890429.4623325,-3.0,-10.0,-83.0
1777890429.4723325,-4.0,-11.0,-79.0
1777890429.4823325,-3.0,-7.0,-74.0
1777890429.4923325,0.0,-5.0,-75.0
1777890429.5023324,4.0,-5.0,-74.0
1777890429.5123324,4.0,0.0,-71.0
1777890429.5223324,2.0,1.0,-69.0
1777890429.5323324,9.0,0.0,-68.0
1777890429.5423324,13.0,0.0,-70.0
1777890429.5523324,15.0,3.0,-70.0
1777890429.5623324,12.0,5.0,-73.0
1777890429.5723324,5.0,6.0,-75.0
1777890429.5823324,4.0,4.0,-69.0
1777890429.5923324,2.0,4.0,-69.0
1777890429.6023324,0.0,0.0,-66.0
1777890429.6123323,3.0,2.0,-63.0
1777890429.6223323,0.0,2.0,-65.0
1777890429.6323323,1.0,0.0,-74.0
1777890429.6423323,3.0,-2.0,-78.0
1777890429.6523323,5.0,-2.0,-69.0
1777890429.6623323,6.0,1.0,-67.0
1777890429.6723323,5.0,3.0,-71.0
1777890429.6823325,6.0,5.0,-69.0
1777890429.6923325,6.0,7.0,-69.0
1777890429.7023325,1.0,8.0,-68.0
1777890429.7123325,2.0,6.0,-70.0
1777890429.7223325,1.0,3.0,-69.0
1777890429.7323325,4.0,3.0,-73.0
1777890429.7423325,-1.0,3.0,-70.0
1777890429.7523324,-1.0,1.0,-68.0
1777890429.7623324,-1.0,1.0,-70.0
1777890429.7723324,-2.0,2.0,-70.0
1777890429.7823324,-1.0,-1.0,-69.0
1777890429.7923324,0.0,-3.0,-71.0
1777890429.8023324,2.0,-4.0,-74.0
1777890429.8123324,6.0,-6.0,-71.0
1777890429.8223324,7.0,-7.0,-71.0
1777890429.8323324,8.0,-5.0,-75.0
1777890429.8423324,7.0,-1.0,-81.0
1777890429.8523324,6.0,2.0,-77.0
1777890429.8623323,8.0,0.0,-72.0
1777890429.8723323,8.0,0.0,-71.0
1777890429.8823323,4.0,-1.0,-69.0
1777890429.8923323,4.0,-1.0,-66.0
1777890429.9023323,2.0,-2.0,-67.0
1777890429.9123323,2.0,2.0,-72.0
1777890429.9223323,3.0,-1.0,-65.0
1777890429.9323325,5.0,0.0,-66.0
1777890429.9423325,-1.0,-3.0,-71.0
1777890429.9523325,-3.0,-5.0,-75.0
1777890429.9623325,-4.0,-5.0,-78.0
1777890429.9723325,-2.0,-6.0,-75.0
1777890429.9823325,-2.0,-4.0,-78.0
1777890429.9923325,-5.0,2.0,-74.0
1777890430.0023324,-2.0,1.0,-73.0
1777890430.0123324,-2.0,-2.0,-75.0
1777890430.0223324,1.0,-3.0,-78.0
1777890430.0323324,2.0,-2.0,-66.0
1777890430.0423324,3.0,-1.0,-71.0
1777890430.0523324,4.0,-1.0,-80.0
1777890430.0623324,2.0,0.0,-66.0
1777890430.0723324,0.0,1.0,-69.0
1777890430.0823324,2.0,2.0,-76.0
1777890430.0923324,1.0,1.0,-77.0
1777890430.1023324,3.0,-1.0,-75.0
1777890430.1123323,5.0,-3.0,-84.0
1777890430.1223323,4.0,-3.0,-78.0
1777890430.1323323,5.0,-2.0,-76.0
1777890430.1423323,4.0,-1.0,-72.0
1777890430.1523323,5.0,0.0,-71.0
1777890430.1623323,3.0,-2.0,-73.0
1777890430.1723323,2.0,-2.0,-72.0
1777890430.1823325,4.0,-1.0,-75.0
1777890430.1923325,7.0,-1.0,-78.0
1777890430.2023325,6.0,-1.0,-83.0
1777890430.2123325,6.0,3.0,-78.0
1777890430.2223325,3.0,2.0,-74.0
1777890430.2323325,3.0,1.0,-68.0
1777890430.2423325,1.0,0.0,-69.0
1777890430.2523324,2.0,-2.0,-68.0
1777890430.2623324,1.0,-3.0,-67.0
1777890430.2723324,1.0,-3.0,-69.0
1777890430.2823324,-2.0,-1.0,-71.0
1777890430.2923324,-1.0,0.0,-72.0
1777890430.3023324,2.0,0.0,-74.0
1777890430.3123324,1.0,-2.0,-74.0
1777890430.3223324,0.0,0.0,-71.0
1777890430.3323324,-4.0,0.0,-66.0
1777890430.3423324,-4.0,2.0,-69.0
1777890430.3523324,-4.0,4.0,-67.0
1777890430.3623323,0.0,-2.0,-67.0
1777890430.3723323,0.0,-1.0,-68.0
1777890430.3823323,4.0,-3.0,-67.0
1777890430.3923323,2.0,-3.0,-76.0
1777890430.4023323,7.0,-5.0,-79.0
1777890430.4123323,6.0,-5.0,-78.0
1777890430.4223323,6.0,-4.0,-74.0
1777890430.4323325,7.0,-4.0,-74.0
1777890430.4423325,7.0,-2.0,-73.0
1777890430.4523325,10.0,-2.0,-74.0
1777890430.4623325,11.0,-2.0,-77.0
1777890430.4723325,7.0,-2.0,-83.0
1777890430.4823325,3.0,-1.0,-81.0
1777890430.4923325,6.0,-3.0,-83.0
1777890430.5023324,8.0,-2.0,-78.0
1777890430.5123324,7.0,-2.0,-70.0
1777890430.5223324,5.0,0.0,-73.0
1777890430.5323324,5.0,-2.0,-70.0
1777890430.5423324,4.0,0.0,-73.0
1777890430.5523324,3.0,0.0,-71.0
1777890430.5623324,1.0,3.0,-76.0
1777890430.5723324,4.0,3.0,-75.0
1777890430.5823324,2.0,0.0,-73.0
1777890430.5923324,2.0,-4.0,-72.0
1777890430.6023324,5.0,-3.0,-73.0
1777890430.6123323,5.0,1.0,-73.0
1777890430.6223323,4.0,1.0,-70.0
1777890430.6323323,4.0,2.0,-74.0
1777890430.6423323,0.0,2.0,-77.0
1777890430.6523323,0.0,2.0,-71.0
1777890430.6623323,1.0,2.0,-73.0
1777890430.6723323,-1.0,5.0,-79.0
1777890430.6823325,2.0,4.0,-77.0
1777890430.6923325,2.0,2.0,-77.0
1777890430.7023325,1.0,2.0,-75.0
1777890430.7123325,2.0,3.0,-72.0
1777890430.7223325,4.0,2.0,-77.0
1777890430.7323325,0.0,0.0,-76.0
1777890430.7423325,3.0,-4.0,-78.0
1777890430.7533324,-1.0,-3.0,-75.0
1777890430.7633324,0.0,0.0,-72.0
1777890430.7733324,3.0,-3.0,-75.0
1777890430.7833323,0.0,-4.0,-79.0
1777890430.7933323,-1.0,0.0,-81.0
1777890430.8033323,-2.0,-4.0,-79.0
1777890430.8133323,-2.0,-3.0,-73.0
1777890430.8233323,0.0,-6.0,-71.0
1777890430.8333323,-1.0,-2.0,-66.0
1777890430.8433323,-1.0,-1.0,-71.0
1777890430.8533323,2.0,-3.0,-74.0
1777890430.8633325,7.0,0.0,-80.0
1777890430.8733325,1.0,1.0,-73.0
1777890430.8833325,-3.0,-3.0,-78.0
1777890430.8933325,-2.0,-2.0,-83.0
1777890430.9033325,-1.0,0.0,-85.0
1777890430.9133325,-2.0,1.0,-85.0
1777890430.9233325,0.0,3.0,-87.0
1777890430.9333324,-1.0,4.0,-83.0
1777890430.9433324,0.0,5.0,-81.0
1777890430.9533324,0.0,5.0,-84.0
1777890430.9633324,4.0,3.0,-81.0
1777890430.9733324,8.0,0.0,-78.0
1777890430.9833324,10.0,0.0,-73.0
1777890430.9933324,10.0,-4.0,-66.0
1777890431.0033324,15.0,-1.0,-66.0
1777890431.0143323,14.0,-1.0,-69.0
1777890431.0233324,9.0,2.0,-70.0
1777890431.0333323,6.0,5.0,-72.0
1777890431.0433323,3.0,0.0,-68.0
1777890431.0533323,2.0,0.0,-63.0
1777890431.0633323,3.0,2.0,-67.0
1777890431.0733323,3.0,1.0,-64.0
1777890431.0833323,1.0,-2.0,-66.0
1777890431.0933323,-1.0,0.0,-73.0
1777890431.1033323,-1.0,-1.0,-76.0
1777890431.1133325,1.0,-5.0,-81.0
1777890431.1233325,1.0,-5.0,-79.0
1777890431.1333325,1.0,-5.0,-75.0
1777890431.1433325,3.0,-2.0,-75.0
1777890431.1533325,8.0,1.0,-66.0
1777890431.1633325,11.0,0.0,-69.0
1777890431.1733325,9.0,0.0,-68.0
1777890431.1833324,8.0,-1.0,-64.0
1777890431.1933324,6.0,-5.0,-68.0
1777890431.2033324,7.0,-5.0,-73.0
1777890431.2133324,8.0,-3.0,-71.0
1777890431.2233324,10.0,-3.0,-71.0
1777890431.2333324,7.0,-1.0,-67.0
1777890431.2433324,6.0,-4.0,-67.0
1777890431.2533324,4.0,-5.0,-67.0
1777890431.2633324,7.0,0.0,-75.0
1777890431.2733324,8.0,-3.0,-77.0
1777890431.2833323,9.0,-4.0,-73.0
1777890431.2933323,5.0,-5.0,-72.0
1777890431.3033323,6.0,-2.0,-75.0
1777890431.3133323,4.0,0.0,-78.0
1777890431.3233323,5.0,0.0,-79.0
1777890431.3333323,2.0,0.0,-81.0
1777890431.3433323,1.0,-5.0,-77.0
1777890431.3533323,1.0,-6.0,-73.0
1777890431.3633325,0.0,-6.0,-78.0
1777890431.3733325,-3.0,-8.0,-81.0
1777890431.3833325,-1.0,-12.0,-76.0
1777890431.3933325,-2.0,-9.0,-73.0
1777890431.4033325,-2.0,-4.0,-73.0
1777890431.4133325,3.0,-1.0,-77.0
1777890431.4233325,0.0,-3.0,-77.0
1777890431.4333324,0.0,-9.0,-70.0
1777890431.4433324,2.0,-5.0,-68.0
1777890431.4533324,2.0,-8.0,-75.0
1777890431.4633324,5.0,-7.0,-80.0
1777890431.4733324,6.0,-6.0,-82.0
1777890431.4833324,9.0,-6.0,-78.0
1777890431.4933324,9.0,-9.0,-71.0
1777890431.5033324,4.0,-7.0,-72.0
1777890431.5133324,4.0,-6.0,-74.0
1777890431.5233324,2.0,-3.0,-75.0
1777890431.5333323,-2.0,-1.0,-73.0
1777890431.5433323,-6.0,0.0,-69.0
1777890431.5533323,-8.0,0.0,-70.0
1777890431.5633323,-3.0,3.0,-69.0
1777890431.5733323,-3.0,1.0,-64.0
1777890431.5833323,-2.0,0.0,-61.0
1777890431.5933323,-3.0,2.0,-71.0
1777890431.6033323,-2.0,0.0,-74.0
1777890431.6133325,4.0,0.0,-74.0
1777890431.6233325,0.0,2.0,-70.0
1777890431.6333325,1.0,4.0,-68.0
1777890431.6433325,1.0,3.0,-66.0
1777890431.6533325,0.0,-2.0,-66.0
1777890431.6633325,1.0,-3.0,-68.0
1777890431.6733325,0.0,0.0,-66.0
1777890431.6833324,2.0,0.0,-66.0
1777890431.6933324,5.0,-4.0,-72.0
1777890431.7033324,3.0,-1.0,-77.0
1777890431.7133324,2.0,-5.0,-74.0
1777890431.7233324,-1.0,-3.0,-69.0
1777890431.7333324,0.0,0.0,-68.0
1777890431.7433324,-2.0,0.0,-69.0
1777890431.7533324,-2.0,-3.0,-71.0
1777890431.7633324,0.0,0.0,-71.0
1777890431.7733324,-1.0,1.0,-75.0
1777890431.7833323,-2.0,0.0,-79.0
1777890431.7933323,-2.0,0.0,-79.0
1777890431.8033323,2.0,-2.0,-81.0
1777890431.8133323,7.0,-2.0,-82.0
1777890431.8233323,2.0,0.0,-76.0
1777890431.8333323,0.0,0.0,-80.0
1777890431.8433323,0.0,1.0,-77.0
1777890431.8533323,-1.0,2.0,-79.0
1777890431.8633325,-1.0,0.0,-77.0
1777890431.8733325,-2.0,-1.0,-72.0
1777890431.8833325,0.0,-6.0,-74.0
1777890431.8933325,-1.0,-6.0,-71.0
1777890431.9033325,0.0,-2.0,-73.0
1777890431.9133325,-1.0,0.0,-71.0
1777890431.9233325,-1.0,-2.0,-66.0
1777890431.9333324,-1.0,3.0,-67.0
1777890431.9433324,-2.0,4.0,-71.0
1777890431.9533324,0.0,4.0,-73.0
1777890431.9633324,0.0,2.0,-70.0
1777890431.9733324,6.0,4.0,-66.0
1777890431.9833324,1.0,-2.0,-66.0
1777890431.9933324,3.0,0.0,-69.0
1777890432.0033324,-1.0,-1.0,-67.0
1777890432.0133324,-2.0,-2.0,-62.0
1777890432.0233324,-2.0,0.0,-64.0
1777890432.0333323,-7.0,0.0,-63.0
1777890432.0433323,-7.0,6.0,-70.0
1777890432.0533323,-3.0,8.0,-71.0
1777890432.0633323,-3.0,9.0,-71.0
1777890432.0733323,-4.0,6.0,-73.0
1777890432.0833323,-5.0,3.0,-70.0
1777890432.0933323,-3.0,1.0,-69.0
1777890432.1033323,0.0,-3.0,-74.0
1777890432.1133325,-1.0,0.0,-81.0
1777890432.1233325,1.0,-2.0,-81.0
1777890432.1333325,6.0,-2.0,-87.0
1777890432.1433325,6.0,-1.0,-81.0
1777890432.1533325,6.0,0.0,-79.0
1777890432.1633325,7.0,-1.0,-77.0
1777890432.1733325,7.0,-4.0,-86.0
1777890432.1833324,2.0,-8.0,-90.0
1777890432.1933324,1.0,-6.0,-89.0
1777890432.2033324,0.0,0.0,-81.0
1777890432.2133324,1.0,3.0,-78.0
1777890432.2233324,0.0,2.0,-81.0
1777890432.2333324,-5.0,1.0,-83.0
1777890432.2433324,-7.0,0.0,-82.0
1777890432.2533324,-4.0,2.0,-85.0
1777890432.2633324,-4.0,1.0,-81.0
1777890432.2733324,-8.0,-2.0,-81.0
1777890432.2833323,-4.0,-2.0,-82.0
1777890432.2933323,-5.0,-4.0,-77.0
1777890432.3033323,-5.0,-4.0,-78.0
1777890432.3133323,-7.0,-3.0,-75.0
1777890432.3233323,-6.0,-3.0,-73.0
1777890432.3333323,-3.0,-2.0,-73.0
1777890432.3433323,-2.0,-2.0,-75.0
1777890432.3533323,2.0,-3.0,-74.0
1777890432.3633325,2.0,-7.0,-68.0
1777890432.3733325,5.0,-10.0,-76.0
1777890432.3833325,7.0,-9.0,-77.0
1777890432.3933325,9.0,-5.0,-73.0
1777890432.4033325,4.0,-5.0,-76.0
1777890432.4133325,5.0,-3.0,-77.0
1777890432.4233325,5.0,3.0,-77.0
1777890432.4333324,0.0,1.0,-81.0
1777890432.4433324,1.0,-1.0,-80.0
1777890432.4533324,-1.0,4.0,-76.0
1777890432.4633324,-3.0,4.0,-75.0
1777890432.4733324,-3.0,4.0,-75.0
1777890432.4833324,0.0,6.0,-73.0
1777890432.4933324,3.0,8.0,-69.0
1777890432.5033324,0.0,0.0,-67.0
1777890432.5133324,5.0,-3.0,-68.0
1777890432.5233324,8.0,-3.0,-74.0
1777890432.5333323,4.0,-2.0,-71.0
1777890432.5433323,1.0,-6.0,-68.0
1777890432.5533323,1.0,-4.0,-66.0
1777890432.5633323,1.0,-4.0,-70.0
1777890432.5733323,4.0,-4.0,-71.0
1777890432.5833323,7.0,-1.0,-76.0
1777890432.5933323,3.0,0.0,-76.0
1777890432.6033323,8.0,3.0,-79.0
1777890432.6133325,12.0,0.0,-77.0
1777890432.6233325,12.0,0.0,-77.0
1777890432.6333325,12.0,1.0,-75.0
1777890432.6433325,9.0,0.0,-68.0
1777890432.6533325,9.0,0.0,-65.0
1777890432.6633325,9.0,-2.0,-62.0
1777890432.6733325,10.0,-2.0,-60.0
1777890432.6833324,2.0,0.0,-55.0
1777890432.6933324,3.0,0.0,-51.0
1777890432.7033324,3.0,-1.0,-52.0
1777890432.7143323,3.0,0.0,-55.0
1777890432.7243323,0.0,0.0,-64.0
1777890432.7343323,0.0,0.0,-69.0
1777890432.7443323,-7.0,0.0,-77.0
1777890432.7543323,-3.0,0.0,-80.0
1777890432.7643323,-1.0,-1.0,-77.0
1777890432.7743323,0.0,0.0,-78.0
1777890432.7843325,-3.0,0.0,-79.0
1777890432.7943325,-3.0,2.0,-82.0
1777890432.8043325,-3.0,1.0,-78.0
1777890432.8143325,0.0,0.0,-79.0
1777890432.8243325,2.0,-2.0,-73.0
1777890432.8343325,1.0,-1.0,-71.0
1777890432.8443325,1.0,1.0,-72.0
1777890432.8543324,0.0,2.0,-76.0
1777890432.8643324,1.0,0.0,-79.0
1777890432.8743324,-4.0,-2.0,-76.0
1777890432.8843324,-3.0,0.0,-80.0
1777890432.8943324,-3.0,2.0,-84.0
1777890432.9043324,0.0,1.0,-78.0
1777890432.9143324,-1.0,0.0,-77.0
1777890432.9243324,-5.0,1.0,-71.0
1777890432.9343324,-2.0,0.0,-75.0
1777890432.9443324,-5.0,-4.0,-73.0
1777890432.9543324,-4.0,-5.0,-72.0
1777890432.9643323,-4.0,-1.0,-66.0
1777890432.9743323,-5.0,-1.0,-64.0
1777890432.9843323,-5.0,-2.0,-62.0
1777890432.9943323,-2.0,-7.0,-72.0
1777890433.0043323,-4.0,-8.0,-71.0
1777890433.0143323,-4.0,-4.0,-75.0
1777890433.0243323,-2.0,-2.0,-73.0
1777890433.0343325,0.0,-1.0,-72.0
1777890433.0443325,0.0,-5.0,-76.0
1777890433.0543325,3.0,-11.0,-78.0
1777890433.0643325,4.0,-8.0,-79.0
1777890433.0743325,7.0,-7.0,-82.0
1777890433.0843325,7.0,-5.0,-84.0
1777890433.0943325,5.0,-7.0,-75.0
1777890433.1043324,1.0,-3.0,-73.0
1777890433.1143324,2.0,-5.0,-71.0
1777890433.1243324,1.0,-5.0,-72.0
1777890433.1343324,2.0,-6.0,-74.0
1777890433.1443324,-2.0,-5.0,-82.0
1777890433.1543324,-3.0,-3.0,-80.0
1777890433.1643324,-5.0,-4.0,-77.0
1777890433.1743324,-6.0,-3.0,-76.0
1777890433.1843324,-2.0,0.0,-70.0
1777890433.1943324,-3.0,0.0,-69.0
1777890433.2043324,-6.0,1.0,-71.0
1777890433.2143323,-4.0,1.0,-72.0
1777890433.2243323,-5.0,2.0,-73.0
1777890433.2343323,-5.0,0.0,-75.0
1777890433.2443323,-4.0,2.0,-76.0
1777890433.2543323,-6.0,1.0,-78.0
1777890433.2643323,-4.0,-1.0,-82.0
1777890433.2743323,-6.0,-3.0,-85.0
1777890433.2843325,-3.0,-7.0,-82.0
1777890433.2943325,-6.0,-8.0,-79.0
1777890433.3043325,0.0,-8.0,-74.0
1777890433.3143325,2.0,-6.0,-73.0
1777890433.3243325,0.0,-7.0,-74.0
1777890433.3343325,-3.0,-4.0,-74.0
1777890433.3443325,-4.0,-3.0,-75.0
1777890433.3543324,1.0,-2.0,-75.0
1777890433.3643324,3.0,-1.0,-76.0
1777890433.3743324,3.0,-2.0,-70.0
1777890433.3843324,1.0,-4.0,-66.0
1777890433.3943324,1.0,-1.0,-71.0
1777890433.4043324,1.0,-3.0,-70.0
1777890433.4143324,2.0,-4.0,-68.0
1777890433.4243324,2.0,-3.0,-67.0
1777890433.4343324,0.0,-4.0,-68.0
1777890433.4443324,0.0,-3.0,-69.0
1777890433.4543324,-1.0,-1.0,-66.0
1777890433.4643323,0.0,0.0,-73.0
1777890433.4743323,-3.0,6.0,-74.0
1777890433.4843323,-1.0,8.0,-74.0
1777890433.4943323,0.0,8.0,-70.0
1777890433.5043323,-1.0,6.0,-77.0
1777890433.5143323,2.0,3.0,-75.0
1777890433.5243323,-1.0,1.0,-75.0
1777890433.5343325,2.0,1.0,-70.0
1777890433.5443325,5.0,1.0,-68.0
1777890433.5543325,1.0,2.0,-72.0
1777890433.5643325,2.0,1.0,-71.0
1777890433.5743325,0.0,0.0,-70.0
1777890433.5843325,1.0,0.0,-69.0
1777890433.5943325,2.0,0.0,-69.0
1777890433.6043324,3.0,0.0,-77.0
1777890433.6143324,1.0,-2.0,-77.0
1777890433.6243324,1.0,1.0,-74.0
1777890433.6343324,0.0,2.0,-69.0
1777890433.6443324,-1.0,0.0,-64.0
1777890433.6543324,-5.0,-2.0,-67.0
1777890433.6643324,-1.0,-1.0,-70.0
1777890433.6743324,5.0,0.0,-72.0
1777890433.6843324,3.0,-1.0,-73.0
1777890433.6943324,0.0,-3.0,-71.0
1777890433.7043324,0.0,-5.0,-68.0
1777890433.7143323,0.0,-3.0,-65.0
1777890433.7243323,-1.0,0.0,-67.0
1777890433.7343323,-1.0,6.0,-70.0
1777890433.7443323,-6.0,2.0,-69.0
1777890433.7543323,-6.0,2.0,-76.0
1777890433.7643323,-1.0,0.0,-77.0
1777890433.7743323,-4.0,-1.0,-77.0
1777890433.7843325,1.0,3.0,-76.0
1777890433.7943325,-1.0,2.0,-75.0
1777890433.8043325,0.0,2.0,-73.0
1777890433.8143325,-2.0,0.0,-77.0
1777890433.8243325,-1.0,2.0,-73.0
1777890433.8343325,-6.0,2.0,-72.0
1777890433.8443325,-7.0,0.0,-79.0
1777890433.8543324,-2.0,0.0,-77.0
1777890433.8643324,0.0,1.0,-75.0
1777890433.8743324,-2.0,0.0,-78.0
1777890433.8843324,-9.0,-1.0,-72.0
1777890433.8943324,-6.0,0.0,-73.0
1777890433.9043324,-3.0,-4.0,-74.0
1777890433.9143324,-3.0,0.0,-74.0
1777890433.9243324,-4.0,-1.0,-73.0
1777890433.9343324,-4.0,-4.0,-75.0
1777890433.9443324,-3.0,-4.0,-78.0
1777890433.9543324,-4.0,-2.0,-77.0
1777890433.9643323,-5.0,1.0,-80.0
1777890433.9743323,-8.0,0.0,-84.0
1777890433.9843323,-7.0,-4.0,-85.0
1777890433.9943323,-6.0,-4.0,-78.0
1777890434.0043323,-3.0,-8.0,-79.0
1777890434.0143323,-3.0,-5.0,-72.0
1777890434.0243323,-7.0,-7.0,-67.0
1777890434.0343325,-4.0,-4.0,-65.0
1777890434.0443325,-2.0,0.0,-57.0
1777890434.0543325,0.0,3.0,-57.0
1777890434.0643325,0.0,8.0,-55.0
1777890434.0743325,1.0,9.0,-56.0
1777890434.0843325,0.0,3.0,-62.0
1777890434.0943325,-3.0,2.0,-66.0
1777890434.1043324,-6.0,3.0,-67.0
1777890434.1143324,-3.0,0.0,-70.0
1777890434.1243324,0.0,3.0,-71.0
1777890434.1343324,-1.0,6.0,-75.0
1777890434.1443324,-1.0,3.0,-76.0
1777890434.1543324,-4.0,0.0,-77.0
1777890434.1643324,-4.0,1.0,-81.0
1777890434.1743324,0.0,3.0,-86.0
1777890434.1843324,0.0,-2.0,-88.0
1777890434.1943324,1.0,1.0,-84.0
1777890434.2043324,0.0,-2.0,-83.0
1777890434.2143323,3.0,0.0,-80.0
1777890434.2243323,3.0,0.0,-70.0
1777890434.2343323,3.0,-1.0,-67.0
1777890434.2443323,3.0,0.0,-71.0
1777890434.2543323,2.0,-1.0,-77.0
1777890434.2643323,2.0,-5.0,-76.0
1777890434.2743323,5.0,-5.0,-77.0
1777890434.2843325,5.0,-1.0,-69.0
1777890434.2943325,6.0,2.0,-66.0
1777890434.3043325,7.0,3.0,-67.0
1777890434.3143325,5.0,2.0,-72.0
1777890434.3243325,3.0,1.0,-67.0
1777890434.3343325,0.0,2.0,-71.0
1777890434.3443325,0.0,-1.0,-77.0
1777890434.3543324,0.0,0.0,-78.0
1777890434.3643324,-3.0,4.0,-81.0
1777890434.3743324,-2.0,6.0,-79.0
1777890434.3843324,-7.0,6.0,-82.0
1777890434.3943324,-6.0,0.0,-76.0
1777890434.4043324,-4.0,2.0,-83.0
1777890434.4143324,-3.0,0.0,-90.0
1777890434.4243324,-1.0,-1.0,-92.0
1777890434.4343324,0.0,-6.0,-87.0
1777890434.4443324,-3.0,-7.0,-81.0
1777890434.4543324,-8.0,-1.0,-82.0
1777890434.4643323,-8.0,0.0,-74.0
1777890434.4743323,-4.0,-1.0,-71.0
1777890434.4843323,1.0,-3.0,-65.0
1777890434.4943323,5.0,-2.0,-68.0
1777890434.5043323,7.0,-3.0,-74.0
1777890434.5143323,7.0,-1.0,-72.0
1777890434.5243323,4.0,-2.0,-77.0
1777890434.5343325,3.0,-8.0,-77.0
1777890434.5443325,8.0,-9.0,-76.0
1777890434.5543325,12.0,-11.0,-74.0
1777890434.5643325,12.0,-7.0,-78.0
1777890434.5743325,13.0,-4.0,-73.0
1777890434.5843325,8.0,-1.0,-69.0
1777890434.5943325,7.0,0.0,-70.0
1777890434.6043324,4.0,-3.0,-69.0
1777890434.6143324,5.0,-2.0,-65.0
1777890434.6243324,2.0,0.0,-70.0
1777890434.6343324,0.0,-4.0,-68.0
1777890434.6443324,0.0,-3.0,-70.0
1777890434.6543324,-2.0,-4.0,-69.0
1777890434.6643324,-7.0,-3.0,-66.0
1777890434.6743324,-7.0,0.0,-68.0
1777890434.6843324,-2.0,1.0,-69.0
1777890434.6943324,-1.0,-1.0,-68.0
1777890434.7043324,0.0,0.0,-67.0
1777890434.7143323,0.0,3.0,-73.0
1777890434.7253325,3.0,4.0,-70.0
1777890434.7343323,0.0,0.0,-64.0
1777890434.7453325,-2.0,-2.0,-63.0
1777890434.7553325,-4.0,-1.0,-69.0
1777890434.7653325,-4.0,0.0,-65.0
1777890434.7753325,0.0,1.0,-68.0
1777890434.7853324,1.0,0.0,-75.0
1777890434.7953324,0.0,-5.0,-71.0
1777890434.8053324,0.0,-5.0,-68.0
1777890434.8153324,-3.0,-1.0,-63.0
1777890434.8253324,0.0,-2.0,-60.0
1777890434.8353324,5.0,-1.0,-60.0
1777890434.8453324,2.0,0.0,-62.0
1777890434.8553324,-3.0,-1.0,-68.0
1777890434.8653324,-1.0,-5.0,-70.0
1777890434.8753324,0.0,-2.0,-72.0
1777890434.8853323,0.0,0.0,-69.0
1777890434.8953323,0.0,-5.0,-65.0
1777890434.9053323,5.0,-4.0,-61.0
1777890434.9153323,3.0,-7.0,-69.0
1777890434.9253323,0.0,-8.0,-78.0
1777890434.9353323,1.0,-7.0,-76.0
1777890434.9453323,1.0,-7.0,-73.0
1777890434.9553325,3.0,-6.0,-73.0
1777890434.9653325,3.0,-3.0,-73.0
1777890434.9753325,1.0,-5.0,-74.0
1777890434.9853325,5.0,-3.0,-70.0
1777890434.9953325,6.0,-2.0,-73.0
1777890435.0053325,0.0,0.0,-75.0
1777890435.0153325,0.0,-3.0,-78.0
1777890435.0253325,0.0,-3.0,-76.0
1777890435.0353324,0.0,-2.0,-76.0
1777890435.0453324,-5.0,-2.0,-79.0
1777890435.0553324,-7.0,-4.0,-68.0
1777890435.0653324,-9.0,-6.0,-69.0
1777890435.0753324,-7.0,-10.0,-68.0
1777890435.0853324,-10.0,-7.0,-65.0
1777890435.0953324,-7.0,-6.0,-65.0
1777890435.1053324,-8.0,-10.0,-65.0
1777890435.1153324,-6.0,-5.0,-68.0
1777890435.1253324,-6.0,-1.0,-76.0
1777890435.1353323,-8.0,-2.0,-69.0
1777890435.1453323,-5.0,-4.0,-68.0
1777890435.1553323,0.0,-3.0,-64.0
1777890435.1653323,3.0,1.0,-61.0
1777890435.1753323,2.0,0.0,-67.0
1777890435.1853323,1.0,2.0,-71.0
1777890435.1953323,-2.0,2.0,-77.0
1777890435.2053325,0.0,0.0,-76.0
1777890435.2153325,2.0,-5.0,-81.0
1777890435.2253325,2.0,-5.0,-81.0
1777890435.2353325,0.0,-3.0,-69.0
1777890435.2453325,5.0,0.0,-64.0
1777890435.2553325,4.0,1.0,-67.0
1777890435.2653325,5.0,2.0,-65.0
1777890435.2753325,4.0,0.0,-69.0
1777890435.2853324,3.0,0.0,-77.0
1777890435.2953324,2.0,1.0,-85.0
1777890435.3053324,3.0,3.0,-78.0
1777890435.3153324,1.0,2.0,-74.0
1777890435.3253324,7.0,0.0,-73.0
1777890435.3353324,9.0,-4.0,-70.0
1777890435.3453324,7.0,-4.0,-67.0
1777890435.3553324,5.0,-3.0,-70.0
1777890435.3653324,1.0,-2.0,-67.0
1777890435.3753324,2.0,-1.0,-68.0
1777890435.3853323,9.0,-1.0,-73.0
1777890435.3953323,8.0,-4.0,-71.0
1777890435.4053323,6.0,0.0,-73.0
1777890435.4153323,9.0,-6.0,-72.0
1777890435.4253323,9.0,-9.0,-73.0
1777890435.4353323,4.0,-5.0,-81.0
1777890435.4453323,3.0,-4.0,-73.0
1777890435.4553325,7.0,-2.0,-73.0
1777890435.4653325,4.0,-1.0,-76.0
1777890435.4753325,1.0,4.0,-76.0
1777890435.4853325,3.0,2.0,-78.0
1777890435.4953325,0.0,1.0,-80.0
1777890435.5053325,1.0,-2.0,-81.0
1777890435.5153325,2.0,0.0,-76.0
1777890435.5253325,3.0,0.0,-80.0
1777890435.5353324,3.0,-3.0,-84.0
1777890435.5453324,2.0,-3.0,-86.0
1777890435.5553324,5.0,0.0,-77.0
1777890435.5653324,10.0,-3.0,-74.0
1777890435.5753324,12.0,-6.0,-73.0
1777890435.5853324,14.0,-6.0,-71.0
1777890435.5953324,14.0,-2.0,-73.0
1777890435.6053324,13.0,0.0,-69.0
1777890435.6153324,11.0,-1.0,-74.0
1777890435.6253324,5.0,-4.0,-70.0
1777890435.6353323,4.0,-4.0,-66.0
1777890435.6453323,7.0,-1.0,-72.0
1777890435.6553323,5.0,0.0,-77.0
1777890435.6653323,4.0,0.0,-78.0
1777890435.6753323,3.0,-1.0,-74.0
1777890435.6853323,4.0,2.0,-73.0
1777890435.6953323,2.0,1.0,-71.0
1777890435.7053325,4.0,-1.0,-69.0
1777890435.7153325,6.0,-3.0,-75.0
1777890435.7253325,9.0,-5.0,-75.0
1777890435.7353325,7.0,-3.0,-74.0
1777890435.7453325,8.0,0.0,-71.0
1777890435.7553325,10.0,2.0,-73.0
1777890435.7653325,7.0,2.0,-75.0
1777890435.7753325,5.0,0.0,-75.0
1777890435.7853324,0.0,2.0,-74.0
1777890435.7953324,-1.0,8.0,-79.0
1777890435.8053324,-2.0,6.0,-76.0
1777890435.8153324,-6.0,9.0,-74.0
1777890435.8253324,-2.0,7.0,-74.0
1777890435.8353324,-4.0,5.0,-78.0
1777890435.8453324,-4.0,3.0,-85.0
1777890435.8553324,-3.0,-3.0,-76.0
1777890435.8653324,-4.0,-3.0,-72.0
1777890435.8753324,0.0,-1.0,-72.0
1777890435.8853323,-1.0,0.0,-78.0
1777890435.8953323,-1.0,-1.0,-82.0
1777890435.9053323,8.0,-1.0,-82.0
1777890435.9153323,10.0,0.0,-82.0
1777890435.9253323,6.0,-1.0,-80.0
1777890435.9353323,3.0,0.0,-81.0
1777890435.9453323,2.0,0.0,-79.0
1777890435.9553325,4.0,4.0,-76.0
1777890435.9653325,6.0,2.0,-70.0
1777890435.9753325,4.0,2.0,-76.0
1777890435.9853325,7.0,1.0,-75.0
1777890435.9953325,7.0,0.0,-72.0
1777890436.0053325,4.0,0.0,-73.0
1777890436.0153325,2.0,-2.0,-73.0
1777890436.0253325,0.0,-2.0,-72.0
1777890436.0353324,0.0,2.0,-72.0
1777890436.0453324,1.0,3.0,-82.0
1777890436.0553324,3.0,5.0,-84.0
1777890436.0653324,1.0,0.0,-79.0
1777890436.0753324,0.0,1.0,-82.0
1777890436.0853324,0.0,2.0,-82.0
1777890436.0953324,-3.0,1.0,-84.0
1777890436.1053324,-2.0,0.0,-86.0
1777890436.1153324,-2.0,-2.0,-79.0
1777890436.1253324,1.0,-1.0,-71.0
1777890436.1353323,2.0,1.0,-68.0
1777890436.1453323,0.0,1.0,-65.0
1777890436.1553323,2.0,0.0,-65.0
1777890436.1653323,0.0,-3.0,-70.0
1777890436.1753323,0.0,-2.0,-74.0
1777890436.1853323,0.0,0.0,-70.0
1777890436.1953323,4.0,0.0,-66.0
1777890436.2053325,0.0,2.0,-72.0
1777890436.2153325,1.0,9.0,-70.0
1777890436.2253325,4.0,5.0,-73.0
1777890436.2353325,3.0,2.0,-67.0
1777890436.2453325,4.0,1.0,-61.0
1777890436.2553325,6.0,1.0,-61.0
1777890436.2653325,11.0,1.0,-69.0
1777890436.2753325,3.0,0.0,-68.0
1777890436.2853324,2.0,-2.0,-70.0
1777890436.2953324,5.0,2.0,-74.0
1777890436.3053324,6.0,4.0,-74.0
1777890436.3153324,7.0,2.0,-76.0
1777890436.3253324,6.0,4.0,-76.0
1777890436.3353324,4.0,0.0,-77.0
1777890436.3453324,1.0,4.0,-75.0
1777890436.3553324,0.0,2.0,-75.0
1777890436.3653324,1.0,0.0,-71.0
1777890436.3753324,1.0,-2.0,-69.0
1777890436.3853323,-3.0,-6.0,-71.0
1777890436.3953323,0.0,-3.0,-70.0
1777890436.4053323,2.0,-2.0,-75.0
1777890436.4153323,7.0,-3.0,-65.0
1777890436.4253323,8.0,-5.0,-69.0
1777890436.4353323,6.0,-3.0,-71.0
1777890436.4453323,4.0,-1.0,-80.0
1777890436.4553325,5.0,-1.0,-81.0
1777890436.4653325,0.0,-1.0,-83.0
1777890436.4753325,1.0,3.0,-86.0
1777890436.4853325,-1.0,0.0,-77.0
1777890436.4953325,-6.0,-1.0,-72.0
1777890436.5053325,0.0,0.0,-74.0
1777890436.5153325,-1.0,5.0,-78.0
1777890436.5253325,-2.0,6.0,-75.0
1777890436.5353324,0.0,1.0,-72.0
1777890436.5453324,3.0,-1.0,-63.0
1777890436.5553324,2.0,0.0,-73.0
1777890436.5653324,3.0,2.0,-73.0
1777890436.5753324,6.0,-1.0,-74.0
1777890436.5853324,4.0,-5.0,-68.0
1777890436.5953324,5.0,-6.0,-70.0
1777890436.6053324,2.0,-4.0,-71.0
1777890436.6153324,0.0,-2.0,-74.0
1777890436.6253324,4.0,0.0,-69.0
1777890436.6353323,7.0,4.0,-68.0
1777890436.6453323,8.0,9.0,-65.0
1777890436.6553323,9.0,5.0,-59.0
1777890436.6653323,10.0,3.0,-65.0
1777890436.6753323,5.0,3.0,-69.0
1777890436.6853323,6.0,4.0,-63.0
1777890436.6953323,5.0,1.0,-63.0
1777890436.7053325,1.0,0.0,-61.0
1777890436.7163324,3.0,-1.0,-63.0
1777890436.7263324,5.0,-5.0,-61.0
1777890436.7363324,3.0,-9.0,-65.0
1777890436.7463324,0.0,-4.0,-61.0
1777890436.7563324,0.0,-1.0,-59.0
1777890436.7663324,0.0,-2.0,-64.0
1777890436.7763324,0.0,0.0,-70.0
1777890436.7863324,0.0,0.0,-73.0
1777890436.7963324,0.0,2.0,-73.0
1777890436.8063323,1.0,0.0,-76.0
1777890436.8163323,3.0,-2.0,-78.0
1777890436.8263323,3.0,0.0,-72.0
1777890436.8363323,9.0,-1.0,-72.0
1777890436.8463323,10.0,0.0,-72.0
1777890436.8563323,7.0,6.0,-67.0
1777890436.8663323,4.0,5.0,-66.0
1777890436.8763323,9.0,3.0,-69.0
1777890436.8863325,7.0,4.0,-76.0
1777890436.8963325,4.0,4.0,-81.0
1777890436.9063325,2.0,4.0,-79.0
1777890436.9163325,0.0,1.0,-73.0
1777890436.9263325,-2.0,2.0,-61.0
1777890436.9363325,0.0,1.0,-60.0
1777890436.9463325,0.0,0.0,-66.0
1777890436.9563324,0.0,1.0,-63.0
1777890436.9663324,1.0,0.0,-67.0
1777890436.9763324,0.0,0.0,-63.0
1777890436.9863324,-3.0,3.0,-60.0
1777890436.9963324,-5.0,1.0,-64.0
1777890437.0063324,-5.0,3.0,-70.0
1777890437.0163324,-4.0,1.0,-67.0
1777890437.0263324,-2.0,-1.0,-64.0
1777890437.0363324,0.0,-1.0,-62.0
1777890437.0463324,1.0,0.0,-62.0
1777890437.0563323,3.0,0.0,-61.0
1777890437.0663323,5.0,-2.0,-61.0
1777890437.0763323,8.0,-4.0,-63.0
1777890437.0863323,0.0,-5.0,-60.0
1777890437.0963323,2.0,-8.0,-54.0
1777890437.1063323,2.0,-6.0,-64.0
1777890437.1163323,0.0,-5.0,-72.0
1777890437.1263323,0.0,0.0,-73.0
1777890437.1363325,4.0,1.0,-73.0
1777890437.1463325,6.0,2.0,-79.0
1777890437.1563325,2.0,4.0,-74.0
1777890437.1663325,3.0,4.0,-73.0
1777890437.1763325,-2.0,0.0,-66.0
1777890437.1863325,-2.0,-4.0,-63.0
1777890437.1963325,0.0,-2.0,-66.0
1777890437.2063324,2.0,0.0,-71.0
1777890437.2163324,-3.0,1.0,-75.0
1777890437.2263324,-3.0,0.0,-73.0
1777890437.2363324,-2.0,0.0,-70.0
1777890437.2463324,-4.0,0.0,-67.0
1777890437.2563324,-3.0,0.0,-69.0
1777890437.2663324,-1.0,1.0,-72.0
1777890437.2763324,0.0,3.0,-74.0
1777890437.2863324,0.0,3.0,-76.0
1777890437.2963324,0.0,7.0,-69.0
1777890437.3063323,0.0,5.0,-72.0
1777890437.3163323,0.0,2.0,-69.0
1777890437.3263323,0.0,4.0,-65.0
1777890437.3363323,-3.0,-1.0,-66.0
1777890437.3463323,0.0,0.0,-74.0
1777890437.3563323,-1.0,-1.0,-77.0
1777890437.3663323,0.0,-3.0,-69.0
1777890437.3763323,-5.0,-1.0,-78.0
1777890437.3863325,-4.0,2.0,-80.0
1777890437.3963325,-3.0,0.0,-75.0
1777890437.4063325,-1.0,2.0,-78.0
1777890437.4163325,0.0,4.0,-81.0
1777890437.4263325,-1.0,6.0,-79.0
1777890437.4363325,-4.0,5.0,-80.0
1777890437.4463325,-5.0,5.0,-80.0
1777890437.4563324,1.0,3.0,-81.0
1777890437.4663324,-1.0,1.0,-81.0
1777890437.4763324,-2.0,1.0,-83.0
1777890437.4863324,0.0,-2.0,-83.0
1777890437.4963324,-4.0,-1.0,-82.0
1777890437.5063324,-2.0,0.0,-80.0
1777890437.5163324,-3.0,1.0,-84.0
1777890437.5263324,-2.0,0.0,-86.0
1777890437.5363324,3.0,-6.0,-76.0
1777890437.5463324,4.0,-8.0,-70.0
1777890437.5563323,5.0,-5.0,-75.0
1777890437.5663323,3.0,-4.0,-76.0
1777890437.5763323,2.0,-4.0,-74.0
1777890437.5863323,0.0,-2.0,-75.0
1777890437.5963323,0.0,-1.0,-77.0
1777890437.6063323,6.0,2.0,-76.0
1777890437.6163323,4.0,-3.0,-73.0
1777890437.6263323,0.0,-8.0,-73.0
1777890437.6363325,-1.0,-5.0,-72.0
1777890437.6463325,-1.0,-7.0,-67.0
1777890437.6563325,-1.0,-5.0,-68.0
1777890437.6663325,0.0,-3.0,-70.0
1777890437.6763325,1.0,-3.0,-66.0
1777890437.6863325,2.0,-2.0,-67.0
1777890437.6963325,6.0,-1.0,-65.0
1777890437.7063324,7.0,-2.0,-62.0
1777890437.7163324,5.0,-1.0,-67.0
1777890437.7263324,2.0,0.0,-66.0
1777890437.7363324,0.0,0.0,-67.0
1777890437.7463324,0.0,-4.0,-74.0
1777890437.7563324,0.0,-3.0,-74.0
1777890437.7663324,0.0,-3.0,-78.0
1777890437.7763324,0.0,0.0,-78.0
1777890437.7863324,-2.0,1.0,-73.0
1777890437.7963324,-3.0,0.0,-74.0
1777890437.8063323,-2.0,1.0,-71.0
1777890437.8163323,0.0,2.0,-70.0
1777890437.8263323,1.0,0.0,-64.0
1777890437.8363323,4.0,-7.0,-64.0
1777890437.8463323,0.0,-3.0,-59.0
1777890437.8563323,2.0,-5.0,-61.0
1777890437.8663323,0.0,-1.0,-60.0
1777890437.8763323,3.0,2.0,-64.0
1777890437.8863325,1.0,2.0,-62.0
1777890437.8963325,4.0,0.0,-67.0
1777890437.9063325,1.0,2.0,-70.0
1777890437.9163325,-1.0,4.0,-65.0
1777890437.9263325,-6.0,0.0,-71.0
1777890437.9363325,-6.0,-3.0,-72.0
1777890437.9463325,-7.0,-1.0,-74.0
1777890437.9563324,1.0,0.0,-77.0
1777890437.9663324,4.0,-2.0,-71.0
1777890437.9763324,4.0,-1.0,-78.0
1777890437.9863324,6.0,-9.0,-80.0
1777890437.9963324,3.0,-9.0,-77.0
1777890438.0063324,1.0,-6.0,-76.0
1777890438.0163324,0.0,-5.0,-86.0
1777890438.0263324,1.0,-1.0,-81.0
1777890438.0363324,-2.0,-3.0,-81.0
1777890438.0463324,-1.0,-4.0,-75.0
1777890438.0563323,1.0,-4.0,-82.0
1777890438.0663323,1.0,-3.0,-82.0
1777890438.0763323,1.0,-3.0,-84.0
1777890438.0863323,0.0,1.0,-74.0
1777890438.0963323,-4.0,0.0,-80.0
1777890438.1063323,-4.0,1.0,-78.0
1777890438.1163323,2.0,0.0,-74.0
1777890438.1263323,0.0,0.0,-79.0
1777890438.1363325,-1.0,-1.0,-85.0
1777890438.1463325,-3.0,-2.0,-83.0
1777890438.1563325,-9.0,-3.0,-77.0
1777890438.1663325,-8.0,-7.0,-76.0
1777890438.1763325,-8.0,-5.0,-82.0
1777890438.1863325,-7.0,-6.0,-83.0
1777890438.1963325,-7.0,-5.0,-79.0
1777890438.2063324,-6.0,-7.0,-74.0
1777890438.2163324,-4.0,-4.0,-76.0
1777890438.2263324,-4.0,-3.0,-73.0
1777890438.2363324,-1.0,-2.0,-71.0
1777890438.2463324,-3.0,-2.0,-71.0
1777890438.2563324,-2.0,1.0,-76.0
1777890438.2663324,1.0,0.0,-77.0
1777890438.2763324,3.0,0.0,-79.0
1777890438.2863324,3.0,-2.0,-79.0
1777890438.2963324,3.0,-3.0,-71.0
1777890438.3063323,4.0,-2.0,-70.0
1777890438.3163323,0.0,0.0,-70.0
1777890438.3263323,1.0,0.0,-68.0
1777890438.3363323,6.0,-6.0,-69.0
1777890438.3463323,2.0,-9.0,-69.0
1777890438.3563323,1.0,-7.0,-72.0
1777890438.3663323,3.0,-2.0,-66.0
1777890438.3763323,6.0,-1.0,-64.0
1777890438.3873324,3.0,-2.0,-72.0
1777890438.3963325,3.0,-2.0,-73.0
1777890438.4063325,1.0,0.0,-70.0
1777890438.4163325,-2.0,3.0,-72.0
1777890438.4263325,-4.0,0.0,-74.0
1777890438.4363325,0.0,0.0,-75.0
1777890438.4463325,3.0,-4.0,-72.0
1777890438.4563324,4.0,-6.0,-73.0
1777890438.4663324,2.0,-3.0,-79.0
1777890438.4763324,4.0,0.0,-84.0
1777890438.4863324,3.0,0.0,-89.0
1777890438.4963324,0.0,0.0,-89.0
1777890438.5063324,-6.0,2.0,-83.0
1777890438.5163324,-6.0,0.0,-84.0
1777890438.5263324,-7.0,0.0,-90.0
1777890438.5363324,-4.0,2.0,-81.0
1777890438.5463324,-5.0,5.0,-80.0
1777890438.5563323,-11.0,9.0,-78.0
1777890438.5663323,-11.0,5.0,-76.0
1777890438.5763323,-5.0,2.0,-80.0
1777890438.5863323,-5.0,2.0,-81.0
1777890438.5963323,-6.0,4.0,-83.0
1777890438.6063323,-5.0,2.0,-78.0
1777890438.6163323,-7.0,0.0,-81.0
1777890438.6263323,-5.0,-1.0,-81.0
1777890438.6363325,-3.0,-3.0,-85.0
1777890438.6463325,-2.0,-1.0,-83.0
1777890438.6563325,-1.0,-1.0,-79.0
1777890438.6663325,-4.0,0.0,-84.0
1777890438.6763325,0.0,0.0,-83.0
1777890438.6863325,4.0,2.0,-81.0
1777890438.6963325,2.0,3.0,-78.0
1777890438.7063324,1.0,2.0,-75.0
1777890438.7173324,0.0,1.0,-82.0
1777890438.7273324,-3.0,1.0,-81.0
1777890438.7373323,-2.0,-2.0,-81.0
1777890438.7473323,-6.0,-8.0,-78.0
1777890438.7573323,-7.0,-7.0,-78.0
1777890438.7673323,-5.0,-4.0,-74.0
1777890438.7773323,0.0,-6.0,-75.0
1777890438.7873323,0.0,-6.0,-78.0
1777890438.7973323,-1.0,-3.0,-82.0
1777890438.8073325,0.0,0.0,-79.0
1777890438.8173325,0.0,0.0,-75.0
1777890438.8273325,1.0,-1.0,-80.0
1777890438.8373325,0.0,0.0,-78.0
1777890438.8473325,-4.0,-1.0,-72.0
1777890438.8573325,-6.0,-5.0,-74.0
1777890438.8673325,-5.0,-6.0,-72.0
1777890438.8773324,-6.0,0.0,-66.0
1777890438.8873324,-2.0,-1.0,-68.0
1777890438.8973324,-2.0,0.0,-66.0
1777890438.9073324,-4.0,-1.0,-65.0
1777890438.9173324,-5.0,-2.0,-66.0
1777890438.9273324,-4.0,-2.0,-68.0
1777890438.9373324,0.0,0.0,-62.0
1777890438.9473324,0.0,0.0,-70.0
1777890438.9573324,2.0,2.0,-75.0
1777890438.9673324,7.0,0.0,-79.0
1777890438.9773324,7.0,-4.0,-70.0
1777890438.9873323,5.0,-5.0,-71.0
1777890438.9973323,5.0,-4.0,-68.0
1777890439.0073323,1.0,-3.0,-66.0
1777890439.0173323,-3.0,-3.0,-66.0
1777890439.0273323,-4.0,-4.0,-69.0
1777890439.0373323,-1.0,-3.0,-76.0
1777890439.0473323,-1.0,-6.0,-77.0
1777890439.0573325,1.0,-7.0,-77.0
1777890439.0673325,4.0,-5.0,-75.0
1777890439.0773325,3.0,-3.0,-78.0
1777890439.0873325,1.0,-3.0,-85.0
1777890439.0973325,5.0,-5.0,-82.0
1777890439.1073325,5.0,-5.0,-81.0
1777890439.1173325,4.0,0.0,-77.0
1777890439.1273324,1.0,-3.0,-80.0
1777890439.1373324,0.0,-10.0,-80.0
1777890439.1473324,6.0,-13.0,-74.0
1777890439.1573324,1.0,-11.0,-76.0
1777890439.1673324,1.0,-10.0,-81.0
1777890439.1773324,0.0,-6.0,-74.0
1777890439.1873324,0.0,-5.0,-79.0
1777890439.1973324,0.0,-6.0,-77.0
1777890439.2073324,1.0,-4.0,-80.0
1777890439.2173324,2.0,-4.0,-77.0
1777890439.2273324,4.0,-3.0,-76.0
1777890439.2373323,4.0,-6.0,-72.0
1777890439.2473323,4.0,-8.0,-77.0
1777890439.2573323,4.0,-7.0,-78.0
1777890439.2673323,7.0,-4.0,-73.0
1777890439.2773323,7.0,2.0,-78.0
1777890439.2873323,6.0,1.0,-77.0
1777890439.2973323,1.0,5.0,-78.0
1777890439.3073325,0.0,4.0,-77.0
1777890439.3173325,2.0,0.0,-78.0
1777890439.3273325,2.0,1.0,-78.0
1777890439.3373325,-1.0,0.0,-82.0
1777890439.3473325,-4.0,-1.0,-77.0
1777890439.3573325,-3.0,0.0,-79.0
1777890439.3673325,-1.0,0.0,-77.0
1777890439.3773324,-5.0,1.0,-74.0
1777890439.3873324,-2.0,-1.0,-74.0
1777890439.3973324,-1.0,0.0,-81.0
1777890439.4073324,-6.0,-1.0,-77.0
1777890439.4173324,-5.0,-4.0,-78.0
1777890439.4273324,-4.0,-6.0,-80.0
1777890439.4373324,0.0,-2.0,-77.0
1777890439.4473324,0.0,-1.0,-75.0
1777890439.4573324,-1.0,-1.0,-79.0
1777890439.4673324,0.0,-1.0,-82.0
1777890439.4773324,0.0,2.0,-81.0
1777890439.4873323,4.0,0.0,-73.0
1777890439.4973323,4.0,0.0,-72.0
1777890439.5073323,6.0,2.0,-71.0
1777890439.5173323,6.0,3.0,-75.0
1777890439.5273323,4.0,1.0,-74.0
1777890439.5373323,2.0,-1.0,-75.0
1777890439.5473323,9.0,-2.0,-68.0
1777890439.5573325,1.0,-2.0,-70.0
1777890439.5673325,0.0,-2.0,-76.0
1777890439.5773325,0.0,-2.0,-70.0
1777890439.5873325,0.0,-3.0,-69.0
1777890439.5973325,0.0,-3.0,-58.0
1777890439.6073325,0.0,-2.0,-58.0
1777890439.6173325,0.0,-2.0,-54.0
1777890439.6273324,-1.0,0.0,-61.0
1777890439.6373324,-5.0,0.0,-69.0
1777890439.6473324,-8.0,-2.0,-70.0
1777890439.6573324,-3.0,0.0,-71.0
1777890439.6673324,0.0,-1.0,-72.0
1777890439.6773324,-2.0,-1.0,-71.0
1777890439.6873324,0.0,2.0,-70.0
1777890439.6973324,4.0,0.0,-74.0
1777890439.7073324,7.0,0.0,-69.0
1777890439.7173324,4.0,-1.0,-61.0
1777890439.7273324,3.0,-1.0,-63.0
1777890439.7373323,6.0,-1.0,-58.0
1777890439.7473323,6.0,1.0,-58.0
1777890439.7573323,4.0,0.0,-63.0
1777890439.7673323,2.0,0.0,-72.0
1777890439.7773323,2.0,2.0,-73.0
1777890439.7873323,5.0,0.0,-68.0
1777890439.7973323,1.0,0.0,-72.0
1777890439.8073325,-2.0,0.0,-71.0
1777890439.8173325,-2.0,0.0,-73.0
1777890439.8273325,2.0,0.0,-76.0
1777890439.8373325,2.0,-3.0,-78.0
1777890439.8473325,2.0,-3.0,-74.0
1777890439.8573325,0.0,-1.0,-73.0
1777890439.8673325,2.0,-1.0,-73.0
1777890439.8773324,-1.0,5.0,-73.0
1777890439.8873324,2.0,2.0,-74.0
1777890439.8973324,2.0,0.0,-77.0
1777890439.9073324,2.0,-1.0,-78.0
1777890439.9173324,1.0,-4.0,-81.0
1777890439.9273324,2.0,-8.0,-83.0
1777890439.9373324,3.0,-7.0,-88.0
1777890439.9473324,2.0,-6.0,-86.0
1777890439.9573324,2.0,-6.0,-78.0
1777890439.9673324,5.0,-7.0,-78.0
1777890439.9773324,4.0,-2.0,-77.0
1777890439.9873323,1.0,-3.0,-80.0
1777890439.9973323,0.0,0.0,-78.0
1777890440.0073323,0.0,-2.0,-76.0
1777890440.0173323,3.0,-1.0,-79.0
1777890440.0273323,3.0,-4.0,-80.0
1777890440.0373323,3.0,-1.0,-75.0
1777890440.0473323,-1.0,0.0,-75.0
1777890440.0573325,-3.0,-2.0,-70.0
1777890440.0673325,3.0,-5.0,-79.0
1777890440.0773325,2.0,-5.0,-80.0
1777890440.0873325,0.0,-2.0,-77.0
1777890440.0973325,0.0,-5.0,-76.0
1777890440.1073325,0.0,-3.0,-77.0
1777890440.1173325,0.0,-2.0,-76.0
1777890440.1273324,0.0,0.0,-73.0
1777890440.1373324,0.0,1.0,-73.0
1777890440.1473324,4.0,-2.0,-72.0
1777890440.1573324,10.0,-3.0,-77.0
1777890440.1673324,12.0,-6.0,-72.0
1777890440.1773324,13.0,-2.0,-74.0
1777890440.1873324,12.0,-5.0,-77.0
1777890440.1973324,9.0,-7.0,-77.0
1777890440.2073324,4.0,-8.0,-75.0
1777890440.2173324,3.0,-6.0,-74.0
1777890440.2273324,4.0,-2.0,-78.0
1777890440.2373323,2.0,-1.0,-81.0
1777890440.2473323,3.0,-3.0,-73.0
1777890440.2573323,2.0,-7.0,-72.0
1777890440.2673323,0.0,-9.0,-66.0
1777890440.2773323,0.0,-5.0,-62.0
1777890440.2873323,0.0,-4.0,-61.0
1777890440.2973323,5.0,-6.0,-67.0
1777890440.3073325,5.0,-6.0,-71.0
1777890440.3173325,4.0,-4.0,-72.0
1777890440.3273325,1.0,-5.0,-65.0
1777890440.3373325,4.0,-3.0,-67.0
1777890440.3473325,8.0,-5.0,-65.0
1777890440.3573325,6.0,-1.0,-64.0
1777890440.3673325,4.0,-2.0,-64.0
1777890440.3773324,1.0,-1.0,-62.0
1777890440.3873324,1.0,-2.0,-69.0
1777890440.3973324,-4.0,-2.0,-72.0
1777890440.4073324,-4.0,-5.0,-71.0
1777890440.4173324,1.0,-4.0,-72.0
1777890440.4273324,-2.0,-3.0,-64.0
1777890440.4373324,-5.0,-2.0,-65.0
1777890440.4473324,-5.0,-1.0,-65.0
1777890440.4573324,-2.0,0.0,-64.0
1777890440.4673324,-3.0,4.0,-70.0
1777890440.4773324,-3.0,6.0,-72.0
1777890440.4873323,-2.0,4.0,-69.0
1777890440.4973323,-4.0,2.0,-69.0
1777890440.5073323,-1.0,4.0,-73.0
1777890440.5173323,4.0,3.0,-78.0
1777890440.5273323,3.0,1.0,-86.0
1777890440.5373323,0.0,0.0,-84.0
1777890440.5473323,-1.0,0.0,-82.0
1777890440.5573325,-2.0,0.0,-81.0
1777890440.5673325,3.0,0.0,-87.0
1777890440.5773325,3.0,-2.0,-83.0
1777890440.5873325,6.0,-4.0,-81.0
1777890440.5973325,6.0,-2.0,-85.0
1777890440.6073325,1.0,0.0,-81.0
1777890440.6173325,1.0,4.0,-72.0
1777890440.6273324,0.0,4.0,-72.0
1777890440.6373324,2.0,4.0,-73.0
1777890440.6473324,0.0,4.0,-79.0
1777890440.6573324,-1.0,2.0,-81.0
1777890440.6673324,1.0,-5.0,-81.0
1777890440.6783323,1.0,-3.0,-76.0
1777890440.6883323,4.0,-2.0,-72.0
1777890440.6983323,8.0,-2.0,-74.0
1777890440.7083323,2.0,-1.0,-73.0
1777890440.7183323,-2.0,-6.0,-72.0
1777890440.7283323,-1.0,-5.0,-71.0
1777890440.7383325,0.0,-5.0,-71.0
1777890440.7483325,0.0,-4.0,-73.0
1777890440.7583325,3.0,-2.0,-71.0
1777890440.7683325,1.0,-2.0,-81.0
1777890440.7783325,4.0,-1.0,-81.0
1777890440.7883325,4.0,4.0,-88.0
1777890440.7983325,2.0,4.0,-85.0
1777890440.8083324,4.0,1.0,-80.0
1777890440.8183324,2.0,0.0,-74.0
1777890440.8283324,2.0,2.0,-74.0
1777890440.8383324,5.0,4.0,-67.0
1777890440.8483324,4.0,4.0,-67.0
1777890440.8583324,1.0,2.0,-74.0
1777890440.8683324,2.0,0.0,-82.0
1777890440.8783324,4.0,-2.0,-82.0
1777890440.8883324,5.0,-5.0,-79.0
1777890440.8983324,2.0,-3.0,-76.0
1777890440.9083323,2.0,-2.0,-67.0
1777890440.9183323,6.0,-1.0,-65.0
1777890440.9283323,7.0,-3.0,-66.0
1777890440.9383323,5.0,-6.0,-72.0
1777890440.9483323,7.0,-4.0,-75.0
1777890440.9583323,7.0,-1.0,-68.0
1777890440.9683323,7.0,1.0,-67.0
1777890440.9783323,6.0,2.0,-76.0
1777890440.9883325,4.0,-1.0,-79.0
1777890440.9983325,7.0,-6.0,-77.0
1777890441.0083325,5.0,-7.0,-77.0
1777890441.0183325,2.0,-4.0,-78.0
1777890441.0283325,0.0,-2.0,-78.0
1777890441.0383325,-1.0,0.0,-79.0
1777890441.0483325,0.0,-4.0,-79.0
1777890441.0583324,2.0,-2.0,-85.0
1777890441.0683324,1.0,-2.0,-84.0
1777890441.0783324,0.0,-2.0,-85.0
1777890441.0883324,-2.0,-1.0,-86.0
1777890441.0983324,-1.0,6.0,-84.0
1777890441.1083324,-3.0,6.0,-81.0
1777890441.1183324,-1.0,6.0,-76.0
1777890441.1283324,2.0,4.0,-75.0
1777890441.1383324,2.0,-1.0,-75.0
1777890441.1483324,-4.0,-8.0,-70.0
1777890441.1583323,-3.0,-8.0,-68.0
1777890441.1683323,1.0,-2.0,-73.0
1777890441.1783323,0.0,-1.0,-76.0
1777890441.1883323,0.0,0.0,-76.0
1777890441.1983323,1.0,0.0,-74.0
1777890441.2083323,1.0,1.0,-72.0
1777890441.2183323,-2.0,0.0,-80.0
1777890441.2283323,-2.0,-2.0,-78.0
1777890441.2383325,-2.0,0.0,-72.0
1777890441.2483325,-1.0,0.0,-73.0
1777890441.2583325,-3.0,1.0,-77.0
1777890441.2683325,-1.0,1.0,-72.0
1777890441.2783325,-3.0,0.0,-76.0
1777890441.2883325,-2.0,-1.0,-74.0
1777890441.2983325,1.0,0.0,-76.0
1777890441.3083324,-1.0,0.0,-77.0
1777890441.3183324,-3.0,2.0,-71.0
1777890441.3283324,1.0,2.0,-68.0
1777890441.3383324,3.0,3.0,-69.0
1777890441.3483324,-1.0,3.0,-63.0
1777890441.3583324,0.0,-2.0,-65.0
1777890441.3683324,-1.0,-1.0,-68.0
1777890441.3783324,0.0,-6.0,-70.0
1777890441.3883324,0.0,-7.0,-81.0
1777890441.3983324,-4.0,-9.0,-86.0
1777890441.4083323,-2.0,-8.0,-82.0
1777890441.4183323,-3.0,-7.0,-79.0
1777890441.4283323,-5.0,-10.0,-77.0
1777890441.4383323,-1.0,-7.0,-81.0
1777890441.4483323,1.0,-3.0,-83.0
1777890441.4583323,3.0,-1.0,-89.0
1777890441.4683323,1.0,-2.0,-89.0
1777890441.4783323,5.0,-3.0,-84.0
1777890441.4883325,2.0,-1.0,-75.0
1777890441.4983325,4.0,-4.0,-70.0
1777890441.5083325,4.0,-6.0,-68.0
1777890441.5183325,3.0,-8.0,-68.0
1777890441.5283325,3.0,-5.0,-72.0
1777890441.5383325,6.0,0.0,-73.0
1777890441.5483325,8.0,0.0,-73.0
1777890441.5583324,7.0,-2.0,-65.0
1777890441.5683324,1.0,0.0,-59.0
1777890441.5783324,3.0,-1.0,-65.0
1777890441.5883324,1.0,1.0,-71.0
1777890441.5983324,0.0,-1.0,-71.0
1777890441.6083324,1.0,0.0,-70.0
1777890441.6183324,1.0,0.0,-73.0
1777890441.6283324,-2.0,-2.0,-77.0
1777890441.6383324,0.0,-7.0,-73.0
1777890441.6483324,5.0,-4.0,-72.0
1777890441.6583323,4.0,-2.0,-75.0
1777890441.6683323,1.0,0.0,-71.0
1777890441.6783323,0.0,0.0,-73.0
1777890441.6883323,2.0,-2.0,-78.0
1777890441.6983323,4.0,-3.0,-78.0
1777890441.7083323,8.0,4.0,-67.0
1777890441.7183323,6.0,5.0,-64.0
1777890441.7283323,5.0,3.0,-64.0
1777890441.7383325,10.0,2.0,-63.0
1777890441.7483325,7.0,0.0,-69.0
1777890441.7583325,7.0,0.0,-69.0
1777890441.7683325,7.0,3.0,-65.0
1777890441.7783325,10.0,2.0,-63.0
1777890441.7883325,3.0,5.0,-65.0
1777890441.7983325,1.0,7.0,-70.0
1777890441.8083324,-1.0,8.0,-69.0
1777890441.8183324,0.0,4.0,-75.0
1777890441.8283324,0.0,0.0,-79.0
1777890441.8383324,0.0,-1.0,-77.0
1777890441.8483324,-2.0,-1.0,-72.0
1777890441.8583324,-4.0,-4.0,-67.0
1777890441.8683324,-3.0,-4.0,-70.0
1777890441.8783324,-5.0,-4.0,-63.0
1777890441.8883324,-8.0,-6.0,-68.0
1777890441.8983324,-6.0,-4.0,-72.0
1777890441.9083323,-3.0,-4.0,-68.0
1777890441.9183323,-2.0,-4.0,-64.0
1777890441.9283323,4.0,-2.0,-67.0
1777890441.9383323,6.0,-2.0,-74.0
1777890441.9483323,4.0,-2.0,-70.0
1777890441.9583323,3.0,-5.0,-71.0
1777890441.9683323,3.0,-1.0,-63.0
1777890441.9783323,5.0,0.0,-68.0
1777890441.9883325,2.0,-4.0,-69.0
1777890441.9983325,1.0,-4.0,-69.0
1777890442.0083325,2.0,-2.0,-70.0
1777890442.0183325,4.0,1.0,-80.0
1777890442.0283325,6.0,0.0,-81.0
1777890442.0383325,2.0,-6.0,-80.0
1777890442.0483325,1.0,-4.0,-83.0
1777890442.0583324,1.0,-4.0,-82.0
1777890442.0683324,0.0,-1.0,-84.0
1777890442.0783324,0.0,-2.0,-77.0
1777890442.0883324,3.0,-4.0,-65.0
1777890442.0983324,3.0,-6.0,-71.0
1777890442.1083324,2.0,-5.0,-73.0
1777890442.1183324,1.0,-7.0,-71.0
1777890442.1283324,1.0,-10.0,-67.0
1777890442.1383324,4.0,-9.0,-72.0
1777890442.1483324,0.0,-7.0,-66.0
1777890442.1583323,0.0,-3.0,-67.0
1777890442.1683323,2.0,0.0,-72.0
1777890442.1783323,-1.0,-1.0,-72.0
1777890442.1883323,-1.0,-3.0,-75.0
1777890442.1983323,-6.0,-9.0,-68.0
1777890442.2083323,-9.0,-1.0,-67.0
1777890442.2183323,-7.0,2.0,-63.0
1777890442.2283323,-10.0,3.0,-73.0
1777890442.2383325,-10.0,6.0,-77.0
1777890442.2483325,-4.0,-1.0,-82.0
1777890442.2583325,-3.0,2.0,-79.0
1777890442.2683325,-1.0,2.0,-79.0
1777890442.2783325,1.0,1.0,-80.0
1777890442.2883325,-3.0,0.0,-79.0
1777890442.2983325,-2.0,-1.0,-75.0
1777890442.3083324,-6.0,-2.0,-72.0
1777890442.3183324,-2.0,-1.0,-73.0
1777890442.3283324,0.0,5.0,-69.0
1777890442.3383324,1.0,3.0,-76.0
1777890442.3483324,4.0,7.0,-77.0
1777890442.3583324,2.0,6.0,-73.0
1777890442.3683324,2.0,4.0,-78.0
1777890442.3783324,2.0,1.0,-76.0
1777890442.3883324,2.0,0.0,-72.0
1777890442.3983324,-3.0,0.0,-61.0
1777890442.4083323,0.0,0.0,-67.0
1777890442.4183323,-1.0,-1.0,-69.0
1777890442.4283323,-1.0,-2.0,-74.0
1777890442.4383323,1.0,-4.0,-82.0
1777890442.4483323,2.0,-3.0,-75.0
1777890442.4583323,0.0,-2.0,-74.0
1777890442.4683323,1.0,-3.0,-71.0
1777890442.4783323,2.0,1.0,-69.0
1777890442.4883325,3.0,2.0,-73.0
1777890442.4983325,4.0,4.0,-73.0
1777890442.5083325,0.0,3.0,-77.0
1777890442.5183325,1.0,2.0,-77.0
1777890442.5283325,2.0,0.0,-77.0
1777890442.5383325,-1.0,-5.0,-77.0
1777890442.5483325,-7.0,-6.0,-78.0
1777890442.5583324,0.0,-3.0,-78.0
1777890442.5683324,-5.0,-2.0,-82.0
1777890442.5783324,0.0,-2.0,-77.0
1777890442.5883324,-4.0,0.0,-69.0
1777890442.5983324,-6.0,2.0,-67.0
1777890442.6083324,-7.0,1.0,-69.0
1777890442.6183324,-5.0,2.0,-73.0
1777890442.6283324,-6.0,0.0,-73.0
1777890442.6383324,-4.0,0.0,-71.0
1777890442.6483324,-1.0,0.0,-66.0
1777890442.6593325,-2.0,0.0,-73.0
1777890442.6683323,0.0,-1.0,-80.0
1777890442.6793325,0.0,0.0,-82.0
1777890442.6893325,3.0,1.0,-88.0
1777890442.6983323,3.0,0.0,-86.0
1777890442.7093325,3.0,0.0,-85.0
1777890442.7193325,4.0,0.0,-85.0
1777890442.7293324,3.0,0.0,-88.0
1777890442.7393324,-2.0,1.0,-83.0
1777890442.7483325,-3.0,5.0,-84.0
1777890442.7593324,-2.0,6.0,-86.0
1777890442.7693324,0.0,6.0,-86.0
1777890442.7793324,2.0,4.0,-81.0
1777890442.7893324,6.0,4.0,-80.0
1777890442.7993324,3.0,2.0,-74.0
1777890442.8093324,1.0,0.0,-71.0
1777890442.8193324,6.0,-4.0,-73.0
1777890442.8293324,4.0,-6.0,-76.0
1777890442.8393323,2.0,-5.0,-66.0
1777890442.8493323,5.0,0.0,-62.0
1777890442.8593323,3.0,1.0,-63.0
1777890442.8693323,0.0,0.0,-66.0
1777890442.8793323,-3.0,1.0,-71.0
1777890442.8893323,-2.0,-2.0,-75.0
1777890442.8993323,-4.0,2.0,-75.0
1777890442.9093325,0.0,0.0,-70.0
1777890442.9193325,2.0,0.0,-70.0
1777890442.9293325,1.0,2.0,-73.0
1777890442.9393325,4.0,4.0,-76.0
1777890442.9493325,7.0,6.0,-76.0
1777890442.9593325,0.0,4.0,-74.0
1777890442.9693325,-7.0,0.0,-70.0
1777890442.9793324,-7.0,0.0,-81.0
1777890442.9893324,-3.0,1.0,-84.0
1777890442.9993324,1.0,5.0,-82.0
1777890443.0093324,1.0,6.0,-79.0
1777890443.0193324,0.0,4.0,-78.0
1777890443.0293324,0.0,2.0,-77.0
1777890443.0393324,-1.0,0.0,-74.0
1777890443.0493324,4.0,2.0,-73.0
1777890443.0593324,0.0,-3.0,-80.0
1777890443.0693324,2.0,-6.0,-76.0
1777890443.0793324,2.0,-6.0,-74.0
1777890443.0893323,3.0,-6.0,-72.0
1777890443.0993323,2.0,-8.0,-66.0
1777890443.1093323,4.0,-10.0,-66.0
1777890443.1193323,0.0,-12.0,-66.0
1777890443.1293323,0.0,-7.0,-72.0
1777890443.1393323,-2.0,-7.0,-74.0
1777890443.1493323,1.0,-5.0,-71.0
1777890443.1593325,5.0,-4.0,-77.0
1777890443.1693325,0.0,-2.0,-74.0
1777890443.1793325,-2.0,-4.0,-72.0
1777890443.1893325,0.0,-7.0,-73.0
1777890443.2003324,2.0,-9.0,-82.0
1777890443.2093325,4.0,-8.0,-80.0
1777890443.2193325,1.0,-7.0,-71.0
1777890443.2293324,-1.0,-5.0,-75.0
1777890443.2393324,0.0,-3.0,-75.0
1777890443.2493324,3.0,-4.0,-74.0
1777890443.2593324,6.0,-4.0,-70.0
1777890443.2693324,5.0,-6.0,-72.0
1777890443.2793324,2.0,-5.0,-71.0
1777890443.2893324,4.0,0.0,-71.0
1777890443.2993324,3.0,0.0,-73.0
1777890443.3093324,3.0,0.0,-73.0
1777890443.3193324,3.0,1.0,-84.0
1777890443.3293324,5.0,3.0,-77.0
1777890443.3393323,3.0,0.0,-75.0
1777890443.3493323,2.0,0.0,-79.0
1777890443.3593323,6.0,-1.0,-73.0
1777890443.3693323,8.0,-4.0,-74.0
1777890443.3793323,12.0,-3.0,-79.0
1777890443.3893323,14.0,-5.0,-82.0
1777890443.3993323,11.0,-2.0,-79.0
1777890443.4093325,6.0,-4.0,-82.0
1777890443.4193325,10.0,-3.0,-78.0
1777890443.4293325,8.0,0.0,-78.0
1777890443.4393325,6.0,-3.0,-71.0
1777890443.4493325,3.0,-5.0,-66.0
1777890443.4593325,5.0,-9.0,-60.0
1777890443.4693325,8.0,-10.0,-64.0
1777890443.4793324,10.0,-5.0,-66.0
1777890443.4893324,5.0,-4.0,-68.0
1777890443.4993324,6.0,-6.0,-67.0
1777890443.5093324,4.0,-2.0,-65.0
1777890443.5193324,5.0,-5.0,-64.0
1777890443.5293324,8.0,-6.0,-72.0
1777890443.5393324,5.0,-9.0,-75.0
1777890443.5493324,1.0,-6.0,-70.0
1777890443.5593324,5.0,-4.0,-71.0
1777890443.5693324,9.0,-6.0,-69.0
1777890443.5793324,4.0,-5.0,-62.0
1777890443.5893323,1.0,0.0,-63.0
1777890443.5993323,4.0,0.0,-65.0
1777890443.6093323,4.0,4.0,-69.0
1777890443.6193323,3.0,4.0,-67.0
1777890443.6293323,3.0,4.0,-62.0
1777890443.6393323,3.0,1.0,-64.0
1777890443.6493323,2.0,0.0,-64.0
1777890443.6593325,0.0,-1.0,-62.0
1777890443.6693325,3.0,-1.0,-71.0
1777890443.6793325,3.0,-2.0,-77.0
1777890443.6893325,1.0,-1.0,-76.0
1777890443.6993325,1.0,0.0,-71.0
1777890443.7093325,2.0,-4.0,-73.0
1777890443.7193325,0.0,-3.0,-72.0
1777890443.7293324,2.0,-6.0,-67.0
1777890443.7393324,5.0,-1.0,-70.0
1777890443.7493324,4.0,-4.0,-65.0
1777890443.7593324,3.0,-2.0,-66.0
1777890443.7693324,0.0,-1.0,-73.0
1777890443.7793324,0.0,-5.0,-84.0
1777890443.7893324,0.0,-6.0,-79.0
1777890443.7993324,0.0,-3.0,-73.0
1777890443.8093324,2.0,-7.0,-71.0
1777890443.8193324,2.0,-3.0,-70.0
1777890443.8293324,6.0,1.0,-69.0
1777890443.8393323,5.0,3.0,-68.0
1777890443.8493323,7.0,0.0,-73.0
1777890443.8593323,2.0,3.0,-73.0
1777890443.8693323,-1.0,2.0,-74.0
1777890443.8793323,-1.0,3.0,-76.0
1777890443.8893323,-2.0,1.0,-78.0
1777890443.8993323,-3.0,3.0,-76.0
1777890443.9093325,-2.0,4.0,-66.0
1777890443.9193325,-3.0,8.0,-64.0
1777890443.9293325,-2.0,2.0,-67.0
1777890443.9393325,-3.0,-2.0,-68.0
1777890443.9493325,-6.0,-1.0,-72.0
1777890443.9593325,-1.0,0.0,-71.0
1777890443.9693325,-4.0,2.0,-70.0
1777890443.9793324,-4.0,3.0,-70.0
1777890443.9893324,-3.0,2.0,-73.0
1777890443.9993324,-2.0,0.0,-65.0
1777890444.0093324,-5.0,-3.0,-74.0
1777890444.0193324,-4.0,-3.0,-71.0
1777890444.0293324,-8.0,-3.0,-68.0
1777890444.0393324,-11.0,-6.0,-70.0
1777890444.0493324,-6.0,-3.0,-77.0
1777890444.0593324,-1.0,-3.0,-68.0
1777890444.0693324,1.0,-4.0,-72.0
1777890444.0793324,7.0,0.0,-67.0
1777890444.0893323,3.0,1.0,-66.0
1777890444.0993323,9.0,2.0,-74.0
1777890444.1093323,5.0,0.0,-76.0
1777890444.1193323,5.0,0.0,-77.0
1777890444.1293323,4.0,3.0,-78.0
1777890444.1393323,0.0,3.0,-76.0
1777890444.1493323,-2.0,0.0,-69.0
1777890444.1593325,-4.0,-4.0,-67.0
1777890444.1693325,-7.0,-2.0,-64.0
1777890444.1793325,-7.0,2.0,-65.0
1777890444.1893325,-5.0,2.0,-68.0
1777890444.1993325,-5.0,2.0,-67.0
1777890444.2093325,-3.0,2.0,-69.0
1777890444.2193325,-3.0,0.0,-73.0
1777890444.2293324,0.0,-2.0,-79.0
1777890444.2393324,-2.0,0.0,-75.0
1777890444.2493324,-2.0,-2.0,-72.0
1777890444.2593324,-2.0,-5.0,-63.0
1777890444.2693324,-3.0,-3.0,-59.0
1777890444.2793324,-2.0,-1.0,-64.0
1777890444.2893324,0.0,-3.0,-68.0
1777890444.2993324,0.0,-2.0,-77.0
1777890444.3093324,0.0,-1.0,-80.0
1777890444.3193324,-1.0,-3.0,-73.0
1777890444.3293324,-4.0,-1.0,-74.0
1777890444.3393323,-5.0,2.0,-76.0
1777890444.3493323,1.0,1.0,-78.0
1777890444.3593323,4.0,3.0,-69.0
1777890444.3693323,4.0,4.0,-66.0
1777890444.3793323,3.0,4.0,-74.0
1777890444.3893323,0.0,2.0,-76.0
1777890444.3993323,-7.0,4.0,-78.0
1777890444.4093325,-6.0,6.0,-77.0
1777890444.4193325,-5.0,3.0,-70.0
1777890444.4293325,-5.0,0.0,-64.0
1777890444.4393325,-3.0,1.0,-63.0
1777890444.4493325,-6.0,-1.0,-64.0
1777890444.4593325,-5.0,0.0,-64.0
1777890444.4693325,-3.0,0.0,-67.0
1777890444.4793324,-3.0,2.0,-72.0
1777890444.4893324,2.0,0.0,-67.0
1777890444.4993324,3.0,-2.0,-71.0
1777890444.5093324,2.0,-1.0,-77.0
1777890444.5193324,0.0,0.0,-70.0
1777890444.5293324,3.0,0.0,-67.0
1777890444.5393324,0.0,0.0,-68.0
1777890444.5493324,-2.0,0.0,-76.0
1777890444.5593324,-2.0,-1.0,-79.0
1777890444.5693324,-1.0,0.0,-72.0
1777890444.5793324,0.0,1.0,-65.0
1777890444.5893323,3.0,3.0,-66.0
1777890444.5993323,6.0,6.0,-71.0
1777890444.6093323,8.0,2.0,-73.0
1777890444.6193323,6.0,6.0,-73.0
1777890444.6293323,2.0,8.0,-75.0
1777890444.6393323,3.0,8.0,-79.0
1777890444.6493323,4.0,5.0,-78.0
1777890444.6593325,-2.0,2.0,-77.0
1777890444.6703324,0.0,0.0,-84.0
1777890444.6803324,0.0,0.0,-85.0
1777890444.6903324,0.0,0.0,-77.0
1777890444.7003324,4.0,0.0,-75.0
1777890444.7103324,6.0,-1.0,-72.0
1777890444.7203324,6.0,-3.0,-75.0
1777890444.7303324,6.0,-2.0,-70.0
1777890444.7403324,8.0,-1.0,-67.0
1777890444.7503324,10.0,-5.0,-65.0
1777890444.7603323,6.0,-4.0,-66.0
1777890444.7703323,7.0,-4.0,-70.0
1777890444.7803323,10.0,-7.0,-63.0
1777890444.7903323,10.0,-8.0,-61.0
1777890444.8003323,5.0,-7.0,-78.0
1777890444.8103323,2.0,-8.0,-74.0
1777890444.8203323,3.0,-8.0,-74.0
1777890444.8303325,0.0,-2.0,-68.0
1777890444.8403325,-2.0,-2.0,-70.0
1777890444.8503325,-3.0,0.0,-67.0
1777890444.8603325,1.0,1.0,-69.0
1777890444.8703325,3.0,-1.0,-73.0
1777890444.8803325,0.0,1.0,-72.0
1777890444.8903325,-2.0,0.0,-72.0
1777890444.9003325,-5.0,0.0,-70.0
1777890444.9103324,-4.0,-1.0,-73.0
1777890444.9203324,-3.0,0.0,-78.0
1777890444.9303324,-1.0,2.0,-73.0
1777890444.9403324,-3.0,2.0,-76.0
1777890444.9503324,-7.0,2.0,-78.0
1777890444.9603324,-3.0,6.0,-81.0
1777890444.9703324,-3.0,8.0,-81.0
1777890444.9803324,0.0,6.0,-86.0
1777890444.9903324,0.0,1.0,-81.0
1777890445.0003324,-2.0,2.0,-76.0
1777890445.0103323,0.0,0.0,-71.0
1777890445.0203323,-1.0,-6.0,-71.0
1777890445.0303323,-2.0,-9.0,-71.0
1777890445.0403323,-1.0,-11.0,-76.0
1777890445.0503323,-2.0,-5.0,-76.0
1777890445.0603323,-4.0,-4.0,-83.0
1777890445.0703323,0.0,-4.0,-77.0
1777890445.0803325,0.0,-7.0,-69.0
1777890445.0903325,-6.0,-6.0,-73.0
1777890445.1003325,-7.0,-6.0,-74.0
1777890445.1103325,-10.0,-4.0,-75.0
1777890445.1203325,-7.0,0.0,-80.0
1777890445.1303325,0.0,1.0,-82.0
1777890445.1403325,1.0,3.0,-80.0
1777890445.1503325,-1.0,4.0,-75.0
1777890445.1603324,1.0,4.0,-78.0
1777890445.1703324,5.0,7.0,-82.0
1777890445.1803324,1.0,9.0,-84.0
1777890445.1903324,0.0,0.0,-81.0
1777890445.2003324,0.0,2.0,-81.0
1777890445.2103324,-2.0,3.0,-82.0
1777890445.2203324,-3.0,2.0,-76.0
1777890445.2303324,-2.0,3.0,-70.0
1777890445.2403324,-1.0,1.0,-78.0
1777890445.2503324,-1.0,1.0,-84.0
1777890445.2603323,3.0,0.0,-77.0
1777890445.2703323,6.0,2.0,-80.0
1777890445.2803323,5.0,-1.0,-85.0
1777890445.2903323,0.0,-4.0,-88.0
1777890445.3003323,0.0,-2.0,-86.0
1777890445.3103323,0.0,-1.0,-85.0
1777890445.3203323,0.0,-1.0,-77.0
1777890445.3303325,2.0,3.0,-83.0
1777890445.3403325,0.0,0.0,-85.0
1777890445.3503325,-1.0,0.0,-81.0
1777890445.3603325,-1.0,1.0,-83.0
1777890445.3703325,-4.0,6.0,-77.0
1777890445.3803325,-4.0,6.0,-78.0
1777890445.3903325,-1.0,2.0,-78.0
1777890445.4003325,-2.0,0.0,-77.0
1777890445.4103324,4.0,-1.0,-75.0
1777890445.4203324,6.0,4.0,-71.0
1777890445.4303324,5.0,0.0,-66.0
1777890445.4403324,-2.0,0.0,-63.0
1777890445.4503324,-6.0,6.0,-61.0
1777890445.4603324,-8.0,5.0,-65.0
1777890445.4703324,-7.0,1.0,-71.0
1777890445.4803324,-3.0,0.0,-69.0
1777890445.4903324,-6.0,3.0,-64.0
1777890445.5003324,-3.0,5.0,-59.0
1777890445.5103323,-4.0,4.0,-62.0
1777890445.5203323,-3.0,4.0,-64.0
1777890445.5303323,0.0,1.0,-69.0
1777890445.5403323,-1.0,-1.0,-70.0
1777890445.5503323,-4.0,-1.0,-70.0
1777890445.5603323,-2.0,3.0,-69.0
1777890445.5703323,-2.0,6.0,-74.0
1777890445.5803325,-4.0,7.0,-77.0
1777890445.5903325,-2.0,7.0,-76.0
1777890445.6003325,-2.0,4.0,-74.0
1777890445.6103325,-2.0,4.0,-78.0
1777890445.6203325,-5.0,3.0,-72.0
1777890445.6303325,-6.0,3.0,-68.0
1777890445.6403325,-5.0,2.0,-66.0
1777890445.6503325,-5.0,4.0,-74.0
1777890445.6603324,-4.0,2.0,-75.0
1777890445.6703324,-6.0,3.0,-72.0
1777890445.6803324,-3.0,4.0,-73.0
1777890445.6903324,-8.0,2.0,-72.0
1777890445.7003324,-7.0,3.0,-75.0
1777890445.7103324,-4.0,3.0,-74.0
1777890445.7203324,-3.0,1.0,-68.0
1777890445.7303324,0.0,1.0,-67.0
1777890445.7403324,0.0,1.0,-68.0
1777890445.7503324,2.0,0.0,-63.0
1777890445.7603323,0.0,0.0,-75.0
1777890445.7703323,3.0,3.0,-75.0
1777890445.7803323,4.0,4.0,-76.0
1777890445.7903323,1.0,2.0,-80.0
1777890445.8003323,4.0,2.0,-78.0
1777890445.8103323,6.0,0.0,-79.0
1777890445.8203323,6.0,-2.0,-77.0
1777890445.8303325,7.0,-4.0,-76.0
1777890445.8403325,2.0,-2.0,-77.0
1777890445.8503325,0.0,-1.0,-78.0
1777890445.8603325,-1.0,0.0,-75.0
1777890445.8703325,7.0,-2.0,-71.0
1777890445.8803325,8.0,-4.0,-74.0
1777890445.8903325,4.0,-1.0,-76.0
1777890445.9003325,-1.0,-2.0,-79.0
1777890445.9103324,3.0,-1.0,-83.0
1777890445.9203324,-2.0,0.0,-85.0
1777890445.9303324,-1.0,-3.0,-83.0
1777890445.9403324,-5.0,-4.0,-79.0
1777890445.9503324,0.0,-4.0,-73.0
1777890445.9603324,-1.0,0.0,-73.0
1777890445.9703324,-2.0,0.0,-75.0
1777890445.9803324,0.0,-4.0,-74.0
1777890445.9903324,1.0,-6.0,-71.0
1777890446.0003324,3.0,-7.0,-63.0
1777890446.0103323,3.0,-6.0,-63.0
1777890446.0203323,3.0,-3.0,-66.0
1777890446.0303323,1.0,-2.0,-72.0
1777890446.0403323,2.0,-1.0,-77.0
1777890446.0503323,0.0,-6.0,-73.0
1777890446.0603323,-1.0,-5.0,-71.0
1777890446.0703323,7.0,-4.0,-70.0
1777890446.0803325,8.0,-5.0,-73.0
1777890446.0903325,7.0,-3.0,-76.0
1777890446.1003325,5.0,-3.0,-75.0
1777890446.1103325,4.0,-4.0,-76.0
1777890446.1203325,4.0,-6.0,-75.0
1777890446.1303325,6.0,-4.0,-83.0
1777890446.1403325,9.0,0.0,-81.0
1777890446.1503325,10.0,-1.0,-80.0
1777890446.1603324,5.0,-4.0,-87.0
1777890446.1703324,4.0,-1.0,-83.0
1777890446.1803324,0.0,0.0,-79.0
1777890446.1903324,3.0,-3.0,-79.0
1777890446.2003324,5.0,0.0,-76.0
1777890446.2103324,9.0,-1.0,-73.0
1777890446.2203324,11.0,-3.0,-71.0
1777890446.2303324,9.0,-2.0,-76.0
1777890446.2403324,5.0,-3.0,-78.0
1777890446.2503324,5.0,-8.0,-76.0
1777890446.2603323,2.0,-9.0,-77.0
1777890446.2703323,2.0,-7.0,-77.0
1777890446.2803323,1.0,-6.0,-73.0
1777890446.2903323,0.0,0.0,-73.0
1777890446.3003323,0.0,0.0,-73.0
1777890446.3103323,0.0,0.0,-74.0
1777890446.3203323,-2.0,-2.0,-78.0
1777890446.3303325,-1.0,-6.0,-70.0
1777890446.3403325,2.0,-1.0,-68.0
1777890446.3503325,3.0,-2.0,-70.0
1777890446.3603325,3.0,-3.0,-71.0
1777890446.3703325,0.0,-2.0,-73.0
1777890446.3803325,-2.0,-1.0,-74.0
1777890446.3903325,0.0,0.0,-75.0
1777890446.4003325,3.0,0.0,-81.0
1777890446.4103324,1.0,3.0,-74.0
1777890446.4203324,-1.0,3.0,-80.0
1777890446.4303324,1.0,1.0,-76.0
1777890446.4403324,1.0,0.0,-71.0
1777890446.4503324,0.0,0.0,-77.0
1777890446.4603324,0.0,3.0,-81.0
1777890446.4703324,0.0,0.0,-76.0
1777890446.4803324,2.0,3.0,-78.0
1777890446.4903324,1.0,1.0,-75.0
1777890446.5003324,4.0,-1.0,-77.0
1777890446.5103323,3.0,0.0,-73.0
1777890446.5203323,2.0,1.0,-76.0
1777890446.5303323,7.0,1.0,-71.0
1777890446.5403323,5.0,0.0,-66.0
1777890446.5503323,6.0,0.0,-69.0
1777890446.5603323,10.0,0.0,-74.0
1777890446.5703323,9.0,-6.0,-74.0
1777890446.5803325,5.0,-5.0,-75.0
1777890446.5903325,2.0,-1.0,-74.0
1777890446.6003325,-2.0,0.0,-69.0
1777890446.6103325,-1.0,-1.0,-68.0
1777890446.6203325,0.0,-2.0,-71.0
1777890446.6303325,-2.0,-5.0,-71.0
1777890446.6403325,-4.0,-4.0,-75.0
1777890446.6503325,-1.0,-3.0,-79.0
1777890446.6613324,0.0,-5.0,-81.0
1777890446.6713324,-1.0,-4.0,-78.0
1777890446.6803324,-3.0,-6.0,-77.0
1777890446.6913323,-4.0,-5.0,-75.0
1777890446.7013323,-3.0,-5.0,-69.0
1777890446.7113323,0.0,-6.0,-70.0
1777890446.7213323,4.0,-8.0,-76.0
1777890446.7313323,5.0,-3.0,-78.0
1777890446.7413323,0.0,0.0,-76.0
1777890446.7513323,3.0,-4.0,-73.0
1777890446.7613325,-2.0,0.0,-66.0
1777890446.7713325,-2.0,2.0,-68.0
1777890446.7813325,-5.0,0.0,-71.0
1777890446.7913325,-9.0,-3.0,-71.0
1777890446.8013325,-7.0,-4.0,-66.0
1777890446.8113325,-7.0,-7.0,-69.0
1777890446.8213325,-3.0,-6.0,-71.0
1777890446.8313324,-3.0,-3.0,-74.0
1777890446.8413324,-1.0,-6.0,-71.0
1777890446.8513324,0.0,-3.0,-74.0
1777890446.8613324,-1.0,3.0,-81.0
1777890446.8713324,-5.0,5.0,-77.0
1777890446.8813324,-6.0,0.0,-82.0
1777890446.8913324,-9.0,-3.0,-74.0
1777890446.9013324,-1.0,-2.0,-77.0
1777890446.9113324,0.0,-6.0,-77.0
1777890446.9213324,3.0,-4.0,-68.0
1777890446.9313323,2.0,-2.0,-69.0
1777890446.9413323,6.0,-3.0,-73.0
1777890446.9513323,5.0,-5.0,-76.0
1777890446.9613323,3.0,-4.0,-75.0
1777890446.9713323,3.0,-2.0,-74.0
1777890446.9813323,5.0,-1.0,-72.0
1777890446.9913323,5.0,-1.0,-69.0
1777890447.0013323,3.0,0.0,-70.0
1777890447.0113325,0.0,0.0,-74.0
1777890447.0213325,-2.0,0.0,-78.0
1777890447.0313325,-4.0,-1.0,-75.0
1777890447.0413325,-2.0,0.0,-73.0
1777890447.0513325,0.0,-4.0,-74.0
1777890447.0613325,1.0,-3.0,-79.0
1777890447.0713325,0.0,-3.0,-73.0
1777890447.0813324,-1.0,-1.0,-71.0
1777890447.0913324,0.0,-1.0,-68.0
1777890447.1013324,-3.0,-4.0,-56.0
1777890447.1113324,-7.0,-5.0,-56.0
1777890447.1213324,-6.0,-7.0,-62.0
1777890447.1313324,-1.0,-2.0,-66.0
1777890447.1413324,0.0,0.0,-66.0
1777890447.1513324,4.0,2.0,-68.0
1777890447.1613324,5.0,0.0,-74.0
1777890447.1713324,4.0,-1.0,-80.0
1777890447.1813323,2.0,4.0,-79.0
1777890447.1913323,0.0,4.0,-70.0
1777890447.2013323,2.0,6.0,-64.0
1777890447.2113323,6.0,4.0,-61.0
1777890447.2213323,4.0,2.0,-65.0
1777890447.2313323,4.0,1.0,-71.0
1777890447.2413323,-2.0,2.0,-78.0
1777890447.2513323,-5.0,0.0,-75.0
1777890447.2613325,-6.0,0.0,-74.0
1777890447.2713325,-9.0,1.0,-73.0
1777890447.2813325,-11.0,1.0,-70.0
1777890447.2913325,-8.0,1.0,-75.0
1777890447.3013325,-6.0,-2.0,-77.0
1777890447.3113325,-9.0,-1.0,-79.0
1777890447.3213325,-8.0,-3.0,-80.0
1777890447.3313324,-3.0,-6.0,-77.0
1777890447.3413324,-2.0,-4.0,-79.0
1777890447.3513324,0.0,-3.0,-77.0
1777890447.3613324,1.0,-5.0,-78.0
1777890447.3713324,-2.0,-6.0,-79.0
1777890447.3813324,0.0,-3.0,-77.0
1777890447.3913324,-1.0,-6.0,-75.0
1777890447.4013324,1.0,-6.0,-77.0
1777890447.4113324,1.0,-5.0,-73.0
1777890447.4213324,-1.0,-5.0,-69.0
1777890447.4313323,-3.0,-5.0,-66.0
1777890447.4413323,-2.0,-5.0,-68.0
1777890447.4513323,-4.0,-6.0,-79.0
1777890447.4613323,0.0,-8.0,-82.0
1777890447.4713323,1.0,-1.0,-83.0
1777890447.4813323,3.0,-3.0,-84.0
1777890447.4913323,9.0,-4.0,-79.0
1777890447.5013323,8.0,-5.0,-75.0
1777890447.5113325,7.0,-6.0,-73.0
1777890447.5213325,5.0,-7.0,-77.0
1777890447.5313325,4.0,-1.0,-82.0
1777890447.5413325,6.0,0.0,-83.0
1777890447.5513325,6.0,0.0,-76.0
1777890447.5613325,6.0,-1.0,-76.0
1777890447.5713325,7.0,-3.0,-69.0
1777890447.5813324,3.0,-2.0,-66.0
1777890447.5913324,0.0,-1.0,-68.0
1777890447.6013324,-2.0,-3.0,-69.0
1777890447.6113324,-6.0,-2.0,-72.0
1777890447.6213324,-9.0,-1.0,-72.0
1777890447.6313324,-7.0,-3.0,-75.0
1777890447.6413324,-4.0,-2.0,-77.0
1777890447.6513324,-7.0,-4.0,-81.0
1777890447.6613324,-6.0,-2.0,-78.0
1777890447.6713324,-6.0,-2.0,-79.0
1777890447.6813323,-6.0,-3.0,-76.0
1777890447.6913323,-4.0,-3.0,-74.0
1777890447.7013323,-5.0,-1.0,-73.0
1777890447.7113323,-9.0,0.0,-78.0
1777890447.7213323,-7.0,-2.0,-82.0
1777890447.7313323,-1.0,-3.0,-84.0
1777890447.7413323,3.0,-1.0,-78.0
1777890447.7513323,-3.0,-2.0,-81.0
1777890447.7613325,-1.0,0.0,-76.0
1777890447.7713325,3.0,3.0,-75.0
1777890447.7813325,1.0,1.0,-70.0
1777890447.7913325,-1.0,2.0,-68.0
1777890447.8013325,-2.0,-2.0,-76.0
1777890447.8113325,-4.0,-2.0,-80.0
1777890447.8213325,0.0,-3.0,-82.0
1777890447.8313324,-4.0,-1.0,-81.0
1777890447.8413324,-8.0,-2.0,-85.0
1777890447.8513324,-6.0,-2.0,-73.0
1777890447.8613324,-4.0,0.0,-66.0
1777890447.8713324,-3.0,0.0,-66.0
1777890447.8813324,0.0,1.0,-69.0
1777890447.8913324,1.0,1.0,-69.0
1777890447.9013324,5.0,1.0,-71.0
1777890447.9113324,5.0,0.0,-70.0
1777890447.9213324,4.0,-5.0,-78.0
1777890447.9313323,-1.0,-6.0,-72.0
1777890447.9413323,-4.0,-6.0,-77.0
1777890447.9513323,-4.0,-6.0,-72.0
1777890447.9613323,-4.0,-2.0,-67.0
1777890447.9713323,-2.0,0.0,-73.0
1777890447.9813323,1.0,-1.0,-76.0
1777890447.9913323,2.0,-2.0,-76.0
1777890448.0013323,2.0,0.0,-83.0
1777890448.0113325,1.0,-3.0,-88.0
1777890448.0213325,-1.0,-3.0,-86.0
1777890448.0313325,0.0,-1.0,-86.0
1777890448.0413325,-2.0,1.0,-85.0
1777890448.0513325,1.0,3.0,-88.0
1777890448.0613325,4.0,2.0,-86.0
1777890448.0713325,4.0,2.0,-82.0
1777890448.0813324,-2.0,0.0,-79.0
1777890448.0913324,-6.0,-1.0,-82.0
1777890448.1013324,-7.0,-1.0,-81.0
1777890448.1113324,-3.0,-3.0,-88.0
1777890448.1213324,-2.0,-4.0,-84.0
1777890448.1313324,-4.0,-2.0,-84.0
1777890448.1413324,-2.0,-5.0,-84.0
1777890448.1513324,0.0,-4.0,-85.0
1777890448.1613324,2.0,-1.0,-79.0
1777890448.1713324,-1.0,2.0,-79.0
1777890448.1813323,-4.0,0.0,-72.0
1777890448.1913323,-2.0,-1.0,-75.0
1777890448.2013323,0.0,-4.0,-76.0
1777890448.2113323,1.0,-6.0,-67.0
1777890448.2213323,6.0,-6.0,-64.0
1777890448.2313323,8.0,-10.0,-67.0
1777890448.2413323,8.0,-7.0,-65.0
1777890448.2513323,8.0,-5.0,-61.0
1777890448.2613325,3.0,0.0,-65.0
1777890448.2713325,9.0,0.0,-70.0
1777890448.2813325,5.0,-1.0,-68.0
1777890448.2913325,-1.0,-7.0,-77.0
1777890448.3013325,-4.0,-4.0,-79.0
1777890448.3113325,-5.0,-3.0,-84.0
1777890448.3213325,-3.0,-3.0,-72.0
1777890448.3313324,-3.0,0.0,-72.0
1777890448.3413324,-5.0,1.0,-75.0
1777890448.3513324,-10.0,2.0,-78.0
1777890448.3613324,-10.0,1.0,-80.0
1777890448.3713324,-5.0,4.0,-80.0
1777890448.3813324,-3.0,6.0,-72.0
1777890448.3913324,0.0,6.0,-70.0
1777890448.4013324,1.0,5.0,-71.0
1777890448.4113324,1.0,3.0,-74.0
1777890448.4213324,6.0,2.0,-75.0
1777890448.4313323,9.0,0.0,-77.0
1777890448.4413323,3.0,0.0,-75.0
1777890448.4513323,4.0,0.0,-73.0
1777890448.4613323,2.0,0.0,-72.0
1777890448.4713323,2.0,3.0,-77.0
1777890448.4813323,2.0,1.0,-77.0
1777890448.4913323,3.0,0.0,-71.0
1777890448.5013323,4.0,-4.0,-75.0
1777890448.5113325,2.0,-6.0,-82.0
1777890448.5213325,2.0,-7.0,-80.0
1777890448.5313325,-2.0,-4.0,-78.0
1777890448.5413325,-5.0,0.0,-80.0
1777890448.5513325,-4.0,4.0,-77.0
1777890448.5613325,0.0,0.0,-67.0
1777890448.5713325,0.0,2.0,-69.0
1777890448.5813324,1.0,0.0,-70.0
1777890448.5913324,3.0,-4.0,-65.0
1777890448.6013324,1.0,-4.0,-69.0
1777890448.6113324,4.0,-3.0,-70.0
1777890448.6223323,8.0,-5.0,-69.0
1777890448.6323323,6.0,-4.0,-77.0
1777890448.6423323,4.0,1.0,-82.0
1777890448.6523323,7.0,-2.0,-77.0
1777890448.6623323,6.0,-4.0,-75.0
1777890448.6723323,6.0,-4.0,-72.0
1777890448.6823325,4.0,-1.0,-66.0
1777890448.6923325,4.0,2.0,-66.0
1777890448.7023325,0.0,3.0,-68.0
1777890448.7123325,3.0,3.0,-70.0
1777890448.7223325,1.0,1.0,-77.0
1777890448.7323325,4.0,2.0,-75.0
1777890448.7423325,4.0,3.0,-67.0
1777890448.7523324,3.0,-3.0,-71.0
1777890448.7623324,4.0,-6.0,-71.0
1777890448.7723324,1.0,-5.0,-69.0
1777890448.7823324,0.0,-9.0,-61.0
1777890448.7923324,8.0,-10.0,-61.0
1777890448.8023324,9.0,-5.0,-68.0
1777890448.8123324,5.0,0.0,-73.0
1777890448.8223324,1.0,-4.0,-64.0
1777890448.8323324,1.0,-5.0,-68.0
1777890448.8423324,2.0,-3.0,-68.0
1777890448.8523324,-2.0,-5.0,-71.0
1777890448.8623323,0.0,-5.0,-69.0
1777890448.8723323,0.0,-10.0,-69.0
1777890448.8823323,3.0,-9.0,-73.0
1777890448.8923323,0.0,-3.0,-70.0
1777890448.9023323,-4.0,0.0,-73.0
1777890448.9123323,0.0,2.0,-78.0
1777890448.9223323,-1.0,3.0,-76.0
1777890448.9323325,1.0,0.0,-68.0
1777890448.9423325,6.0,-5.0,-71.0
1777890448.9523325,4.0,-9.0,-69.0
1777890448.9623325,5.0,-4.0,-72.0
1777890448.9723325,3.0,0.0,-73.0
1777890448.9823325,3.0,0.0,-76.0
1777890448.9923325,2.0,0.0,-76.0
1777890449.0023324,4.0,-1.0,-74.0
1777890449.0123324,4.0,-2.0,-67.0
1777890449.0223324,1.0,-5.0,-74.0
1777890449.0323324,2.0,-5.0,-79.0
1777890449.0423324,6.0,-4.0,-74.0
1777890449.0523324,9.0,-4.0,-74.0
1777890449.0623324,8.0,-4.0,-81.0
1777890449.0723324,4.0,-3.0,-81.0
1777890449.0823324,9.0,-1.0,-82.0
1777890449.0923324,6.0,-1.0,-78.0
1777890449.1023324,0.0,-2.0,-73.0
1777890449.1123323,-1.0,-3.0,-76.0
1777890449.1223323,0.0,-6.0,-77.0
1777890449.1323323,1.0,-7.0,-75.0
1777890449.1423323,-3.0,-7.0,-76.0
1777890449.1523323,-4.0,-1.0,-72.0
1777890449.1623323,-1.0,0.0,-71.0
1777890449.1723323,2.0,2.0,-69.0
1777890449.1823325,2.0,1.0,-69.0
1777890449.1923325,4.0,1.0,-68.0
1777890449.2023325,4.0,1.0,-72.0
1777890449.2123325,0.0,2.0,-74.0
1777890449.2223325,-4.0,2.0,-74.0
1777890449.2323325,-4.0,0.0,-71.0
1777890449.2423325,-3.0,-1.0,-71.0
1777890449.2523324,0.0,0.0,-65.0
1777890449.2623324,-1.0,4.0,-63.0
1777890449.2723324,-4.0,3.0,-64.0
1777890449.2823324,-3.0,0.0,-71.0
1777890449.2923324,-5.0,0.0,-78.0
1777890449.3023324,-1.0,0.0,-76.0
1777890449.3123324,2.0,-2.0,-75.0
1777890449.3223324,4.0,-1.0,-78.0
1777890449.3323324,1.0,-3.0,-70.0
1777890449.3423324,4.0,-2.0,-73.0
1777890449.3523324,4.0,-3.0,-70.0
1777890449.3623323,0.0,-8.0,-68.0
1777890449.3723323,-2.0,-12.0,-65.0
1777890449.3823323,-2.0,-8.0,-71.0
1777890449.3923323,-2.0,-6.0,-69.0
1777890449.4023323,-7.0,-4.0,-66.0
1777890449.4123323,-6.0,-5.0,-66.0
1777890449.4223323,-4.0,-3.0,-69.0
1777890449.4323325,0.0,-3.0,-73.0
1777890449.4423325,0.0,-2.0,-85.0
1777890449.4523325,0.0,-6.0,-88.0
1777890449.4623325,-4.0,-5.0,-83.0
1777890449.4723325,-7.0,-5.0,-80.0
1777890449.4823325,-3.0,-7.0,-84.0
1777890449.4923325,0.0,-9.0,-79.0
1777890449.5023324,0.0,-7.0,-78.0
1777890449.5123324,-1.0,-3.0,-72.0
1777890449.5223324,-1.0,-3.0,-73.0
1777890449.5323324,0.0,-3.0,-80.0
1777890449.5423324,1.0,-3.0,-75.0
1777890449.5523324,1.0,-3.0,-69.0
1777890449.5623324,1.0,0.0,-72.0
1777890449.5723324,-1.0,-2.0,-72.0
1777890449.5823324,1.0,-1.0,-76.0
1777890449.5923324,5.0,-5.0,-78.0
1777890449.6023324,3.0,-6.0,-76.0
1777890449.6123323,3.0,-3.0,-65.0
1777890449.6223323,5.0,-3.0,-68.0
1777890449.6323323,6.0,-2.0,-73.0
1777890449.6423323,5.0,1.0,-80.0
1777890449.6523323,6.0,-2.0,-87.0
1777890449.6623323,2.0,-1.0,-83.0
1777890449.6723323,0.0,-1.0,-84.0
1777890449.6823325,4.0,0.0,-82.0
1777890449.6923325,7.0,-4.0,-73.0
1777890449.7023325,7.0,-1.0,-70.0
1777890449.7123325,4.0,-3.0,-67.0
1777890449.7223325,1.0,-4.0,-71.0
1777890449.7323325,-2.0,-5.0,-77.0
1777890449.7423325,-2.0,0.0,-77.0
1777890449.7523324,0.0,0.0,-83.0
1777890449.7623324,3.0,-1.0,-78.0
1777890449.7723324,0.0,2.0,-82.0
1777890449.7823324,0.0,4.0,-86.0
1777890449.7923324,2.0,5.0,-80.0
1777890449.8023324,2.0,5.0,-77.0
1777890449.8123324,-3.0,0.0,-78.0
1777890449.8223324,-3.0,1.0,-77.0
1777890449.8323324,-2.0,1.0,-87.0
1777890449.8423324,0.0,6.0,-90.0
1777890449.8523324,1.0,5.0,-88.0
1777890449.8623323,-2.0,2.0,-85.0
1777890449.8723323,-3.0,-1.0,-77.0
1777890449.8823323,-2.0,-2.0,-69.0
1777890449.8923323,0.0,-5.0,-75.0
1777890449.9023323,-1.0,-4.0,-80.0
1777890449.9123323,-4.0,0.0,-83.0
1777890449.9223323,0.0,3.0,-77.0
1777890449.9323325,0.0,1.0,-81.0
1777890449.9423325,-4.0,2.0,-83.0
1777890449.9523325,-5.0,3.0,-89.0
1777890449.9623325,0.0,1.0,-90.0
1777890449.9723325,3.0,-2.0,-87.0
1777890449.9823325,5.0,-1.0,-82.0
1777890449.9923325,5.0,-1.0,-81.0
1777890450.0023324,10.0,0.0,-81.0
1777890450.0123324,8.0,-2.0,-77.0
1777890450.0223324,6.0,-1.0,-74.0
1777890450.0323324,4.0,-3.0,-77.0
1777890450.0423324,1.0,0.0,-77.0
1777890450.0523324,0.0,2.0,-76.0
1777890450.0623324,-2.0,0.0,-77.0
1777890450.0723324,-4.0,-1.0,-79.0
1777890450.0823324,1.0,0.0,-82.0
1777890450.0923324,4.0,0.0,-73.0
1777890450.1023324,6.0,-2.0,-71.0
1777890450.1123323,3.0,-2.0,-66.0
1777890450.1223323,5.0,-5.0,-62.0
1777890450.1323323,4.0,-3.0,-58.0
1777890450.1423323,1.0,-5.0,-54.0
1777890450.1523323,0.0,-4.0,-58.0
1777890450.1623323,4.0,-6.0,-61.0
1777890450.1723323,7.0,-4.0,-57.0
1777890450.1823325,9.0,-3.0,-57.0
1777890450.1923325,7.0,-3.0,-58.0
1777890450.2023325,-1.0,0.0,-62.0
1777890450.2123325,3.0,0.0,-57.0
1777890450.2223325,3.0,0.0,-62.0
1777890450.2323325,3.0,0.0,-63.0
1777890450.2423325,2.0,2.0,-71.0
1777890450.2523324,0.0,1.0,-79.0
1777890450.2623324,-1.0,3.0,-78.0
1777890450.2723324,-1.0,4.0,-77.0
1777890450.2823324,0.0,4.0,-72.0
1777890450.2923324,0.0,5.0,-70.0
1777890450.3023324,-2.0,8.0,-67.0
1777890450.3123324,-7.0,8.0,-73.0
1777890450.3223324,-5.0,8.0,-76.0
1777890450.3323324,0.0,4.0,-71.0
1777890450.3423324,4.0,0.0,-64.0
1777890450.3523324,2.0,1.0,-59.0
1777890450.3623323,0.0,-1.0,-64.0
1777890450.3723323,4.0,-2.0,-75.0
1777890450.3823323,1.0,-2.0,-75.0
1777890450.3923323,-3.0,1.0,-70.0
1777890450.4023323,-4.0,2.0,-64.0
1777890450.4123323,0.0,-1.0,-67.0
1777890450.4223323,4.0,0.0,-69.0
1777890450.4323325,1.0,-4.0,-71.0
1777890450.4423325,3.0,-5.0,-70.0
1777890450.4523325,5.0,-3.0,-70.0
1777890450.4623325,3.0,-4.0,-64.0
1777890450.4723325,3.0,-1.0,-66.0
1777890450.4823325,0.0,-1.0,-67.0
1777890450.4923325,-1.0,-3.0,-60.0
1777890450.5023324,-3.0,0.0,-57.0
1777890450.5123324,-2.0,2.0,-56.0
1777890450.5223324,-3.0,-3.0,-67.0
1777890450.5323324,-1.0,0.0,-70.0
1777890450.5423324,-2.0,0.0,-70.0
1777890450.5523324,-4.0,0.0,-71.0
1777890450.5633323,-1.0,-1.0,-68.0
1777890450.5723324,-4.0,-2.0,-71.0
1777890450.5833323,-4.0,1.0,-79.0
1777890450.5923324,-5.0,3.0,-80.0
1777890450.6023324,0.0,-2.0,-73.0
1777890450.6123323,0.0,-1.0,-71.0
1777890450.6233325,0.0,0.0,-69.0
1777890450.6333325,2.0,-3.0,-62.0
1777890450.6433325,4.0,-3.0,-64.0
1777890450.6533325,1.0,-4.0,-63.0
1777890450.6633325,-1.0,-1.0,-66.0
1777890450.6733325,0.0,0.0,-72.0
1777890450.6833324,-3.0,-3.0,-68.0
1777890450.6933324,-2.0,-6.0,-66.0
1777890450.7033324,0.0,-8.0,-69.0
1777890450.7133324,0.0,-7.0,-68.0
1777890450.7233324,2.0,-8.0,-65.0
1777890450.7333324,2.0,-6.0,-61.0
1777890450.7433324,1.0,-8.0,-62.0
1777890450.7533324,0.0,-2.0,-64.0
1777890450.7633324,-1.0,-1.0,-62.0
1777890450.7733324,1.0,0.0,-67.0
1777890450.7833323,0.0,-1.0,-70.0
1777890450.7933323,3.0,0.0,-71.0
1777890450.8033323,0.0,0.0,-69.0
1777890450.8133323,1.0,2.0,-73.0
1777890450.8233323,3.0,7.0,-71.0
1777890450.8333323,4.0,2.0,-66.0
1777890450.8433323,6.0,-1.0,-67.0
1777890450.8533323,3.0,-2.0,-64.0
1777890450.8633325,0.0,0.0,-67.0
1777890450.8733325,2.0,1.0,-71.0
1777890450.8833325,0.0,2.0,-71.0
1777890450.8933325,-3.0,0.0,-73.0
1777890450.9033325,-3.0,1.0,-74.0
1777890450.9133325,0.0,0.0,-72.0
1777890450.9233325,2.0,-3.0,-63.0
1777890450.9333324,0.0,-6.0,-64.0
1777890450.9433324,-1.0,-5.0,-66.0
1777890450.9533324,-2.0,-7.0,-69.0
1777890450.9633324,-5.0,-8.0,-65.0
1777890450.9733324,-5.0,-6.0,-63.0
1777890450.9833324,-6.0,-6.0,-66.0
1777890450.9933324,-4.0,-2.0,-66.0
1777890451.0033324,-3.0,-4.0,-66.0
1777890451.0133324,-2.0,-2.0,-69.0
1777890451.0233324,1.0,-3.0,-71.0
1777890451.0333323,1.0,-5.0,-74.0
1777890451.0433323,2.0,-6.0,-78.0
1777890451.0533323,6.0,-5.0,-76.0
1777890451.0633323,5.0,-3.0,-72.0
1777890451.0733323,5.0,0.0,-75.0
1777890451.0833323,0.0,0.0,-77.0
1777890451.0933323,1.0,-3.0,-77.0
1777890451.1033323,1.0,-1.0,-72.0
1777890451.1133325,3.0,1.0,-76.0
1777890451.1233325,0.0,0.0,-84.0
1777890451.1333325,0.0,0.0,-84.0
1777890451.1433325,0.0,3.0,-81.0
1777890451.1533325,2.0,4.0,-74.0
1777890451.1633325,4.0,1.0,-71.0
1777890451.1733325,1.0,0.0,-76.0
1777890451.1833324,0.0,3.0,-72.0
1777890451.1933324,-6.0,2.0,-75.0
1777890451.2033324,-6.0,3.0,-86.0
1777890451.2133324,-5.0,3.0,-83.0
1777890451.2233324,-5.0,2.0,-82.0
1777890451.2333324,-6.0,1.0,-86.0
1777890451.2433324,-4.0,4.0,-90.0
1777890451.2533324,-2.0,2.0,-84.0
1777890451.2633324,0.0,-1.0,-80.0
1777890451.2733324,1.0,-2.0,-72.0
1777890451.2833323,1.0,-4.0,-78.0
1777890451.2933323,-2.0,-4.0,-75.0
1777890451.3033323,-4.0,1.0,-79.0
1777890451.3133323,-1.0,2.0,-82.0
1777890451.3233323,-2.0,0.0,-85.0
1777890451.3333323,0.0,0.0,-84.0
1777890451.3433323,2.0,0.0,-81.0
1777890451.3533323,3.0,1.0,-85.0
1777890451.3633325,5.0,1.0,-88.0
1777890451.3733325,5.0,4.0,-84.0
1777890451.3833325,1.0,2.0,-83.0
1777890451.3933325,-1.0,-1.0,-85.0
1777890451.4033325,-3.0,-5.0,-80.0
1777890451.4133325,-5.0,0.0,-78.0
1777890451.4233325,-6.0,0.0,-78.0
1777890451.4333324,-6.0,2.0,-77.0
1777890451.4433324,-7.0,-1.0,-68.0
1777890451.4533324,-8.0,1.0,-68.0
1777890451.4633324,-15.0,0.0,-75.0
1777890451.4733324,-12.0,2.0,-77.0
1777890451.4833324,-7.0,-2.0,-73.0
1777890451.4933324,-10.0,-4.0,-77.0
1777890451.5033324,-6.0,-5.0,-83.0
1777890451.5133324,-3.0,-5.0,-80.0
1777890451.5233324,-5.0,-6.0,-79.0
1777890451.5333323,-9.0,-8.0,-74.0
1777890451.5433323,-8.0,-6.0,-77.0
1777890451.5533323,-11.0,-3.0,-75.0
1777890451.5633323,-10.0,-2.0,-71.0
1777890451.5733323,-8.0,-3.0,-70.0
1777890451.5833323,0.0,-2.0,-72.0
1777890451.5933323,0.0,-1.0,-73.0
1777890451.6033323,0.0,-3.0,-75.0
1777890451.6133325,0.0,-6.0,-79.0
1777890451.6233325,0.0,-3.0,-80.0
1777890451.6333325,1.0,5.0,-72.0
1777890451.6433325,1.0,2.0,-76.0
1777890451.6533325,0.0,-1.0,-73.0
1777890451.6633325,0.0,-1.0,-73.0
1777890451.6733325,1.0,0.0,-72.0
1777890451.6833324,3.0,-2.0,-78.0
1777890451.6933324,7.0,0.0,-78.0
1777890451.7033324,6.0,0.0,-85.0
1777890451.7133324,6.0,-1.0,-86.0
1777890451.7233324,9.0,-2.0,-79.0
1777890451.7333324,7.0,-6.0,-78.0
1777890451.7433324,3.0,-5.0,-84.0
1777890451.7533324,0.0,-5.0,-88.0
1777890451.7633324,2.0,-3.0,-88.0
1777890451.7733324,3.0,1.0,-80.0
1777890451.7833323,2.0,0.0,-80.0
1777890451.7933323,6.0,-1.0,-84.0
1777890451.8033323,6.0,-3.0,-85.0
1777890451.8133323,4.0,-1.0,-84.0
1777890451.8233323,2.0,-1.0,-88.0
1777890451.8333323,0.0,-5.0,-89.0
1777890451.8433323,3.0,-6.0,-86.0
1777890451.8533323,3.0,-3.0,-82.0
1777890451.8633325,3.0,-2.0,-76.0
1777890451.8733325,0.0,0.0,-69.0
1777890451.8833325,4.0,3.0,-68.0
1777890451.8933325,6.0,2.0,-66.0
1777890451.9033325,5.0,2.0,-72.0
1777890451.9133325,4.0,1.0,-71.0
1777890451.9233325,2.0,4.0,-74.0
1777890451.9333324,-2.0,3.0,-80.0
1777890451.9433324,-3.0,1.0,-81.0
1777890451.9533324,0.0,2.0,-78.0
1777890451.9633324,4.0,1.0,-76.0
1777890451.9733324,4.0,-2.0,-79.0
1777890451.9833324,3.0,0.0,-77.0
1777890451.9933324,2.0,1.0,-73.0
1777890452.0033324,3.0,1.0,-71.0
1777890452.0133324,6.0,2.0,-74.0
1777890452.0233324,5.0,0.0,-74.0
1777890452.0333323,3.0,1.0,-74.0
1777890452.0433323,0.0,4.0,-73.0
1777890452.0533323,0.0,1.0,-76.0
1777890452.0633323,-3.0,-3.0,-78.0
1777890452.0733323,0.0,-5.0,-81.0
1777890452.0833323,1.0,-5.0,-79.0
1777890452.0933323,4.0,-4.0,-84.0
1777890452.1033323,1.0,-2.0,-86.0
1777890452.1133325,0.0,-2.0,-81.0
1777890452.1233325,3.0,-2.0,-85.0
1777890452.1333325,-1.0,0.0,-82.0
1777890452.1433325,2.0,-3.0,-74.0
1777890452.1533325,4.0,0.0,-72.0
1777890452.1633325,6.0,-2.0,-77.0
1777890452.1733325,6.0,-1.0,-75.0
1777890452.1833324,5.0,0.0,-74.0
1777890452.1933324,0.0,-1.0,-71.0
1777890452.2033324,0.0,-2.0,-71.0
1777890452.2133324,8.0,3.0,-75.0
1777890452.2233324,5.0,1.0,-77.0
1777890452.2333324,1.0,-1.0,-80.0
1777890452.2433324,1.0,2.0,-79.0
1777890452.2533324,3.0,5.0,-80.0
1777890452.2633324,3.0,2.0,-83.0
1777890452.2733324,0.0,4.0,-83.0
1777890452.2833323,2.0,4.0,-83.0
1777890452.2933323,-2.0,4.0,-80.0
1777890452.3033323,-4.0,2.0,-78.0
1777890452.3133323,-7.0,6.0,-81.0
1777890452.3233323,-2.0,4.0,-76.0
1777890452.3333323,2.0,-1.0,-72.0
1777890452.3433323,3.0,0.0,-81.0
1777890452.3533323,8.0,0.0,-76.0
1777890452.3633325,6.0,2.0,-74.0
1777890452.3733325,3.0,-3.0,-71.0
1777890452.3833325,4.0,0.0,-73.0
1777890452.3933325,3.0,3.0,-76.0
1777890452.4033325,3.0,5.0,-82.0
1777890452.4133325,-2.0,5.0,-84.0
1777890452.4233325,-5.0,3.0,-85.0
1777890452.4333324,-1.0,0.0,-82.0
1777890452.4433324,1.0,0.0,-83.0
1777890452.4533324,4.0,4.0,-76.0
1777890452.4633324,3.0,4.0,-71.0
1777890452.4733324,5.0,3.0,-68.0
1777890452.4833324,2.0,1.0,-67.0
1777890452.4933324,3.0,-3.0,-70.0
1777890452.5033324,4.0,-8.0,-72.0
1777890452.5133324,2.0,-10.0,-78.0
1777890452.5233324,1.0,-10.0,-70.0
1777890452.5333323,5.0,-13.0,-63.0
1777890452.5433323,4.0,-14.0,-64.0
1777890452.5533323,4.0,-15.0,-67.0
1777890452.5633323,1.0,-9.0,-67.0
1777890452.5743325,0.0,-6.0,-69.0
1777890452.5843325,-5.0,-5.0,-69.0
1777890452.5943325,-7.0,-5.0,-69.0
1777890452.6033323,-9.0,-2.0,-72.0
1777890452.6133325,-6.0,-1.0,-64.0
1777890452.6243324,-6.0,0.0,-67.0
1777890452.6343324,-1.0,-3.0,-70.0
1777890452.6443324,0.0,-6.0,-69.0
1777890452.6543324,-1.0,-3.0,-70.0
1777890452.6633325,0.0,-5.0,-73.0
1777890452.6743324,-1.0,-6.0,-71.0
1777890452.6843324,3.0,-9.0,-68.0
1777890452.6943324,0.0,-8.0,-67.0
1777890452.7043324,0.0,-4.0,-63.0
1777890452.7143323,0.0,-4.0,-57.0
1777890452.7243323,-3.0,-4.0,-62.0
1777890452.7343323,-4.0,0.0,-65.0
1777890452.7443323,0.0,0.0,-72.0
1777890452.7543323,-5.0,-4.0,-73.0
1777890452.7643323,-6.0,0.0,-78.0
1777890452.7743323,-1.0,2.0,-80.0
1777890452.7843325,0.0,2.0,-74.0
1777890452.7943325,3.0,0.0,-66.0
1777890452.8043325,0.0,-5.0,-72.0
1777890452.8143325,0.0,-2.0,-66.0
1777890452.8243325,4.0,-1.0,-63.0
1777890452.8343325,2.0,0.0,-68.0
1777890452.8443325,0.0,0.0,-69.0
1777890452.8543324,-1.0,1.0,-66.0
1777890452.8643324,0.0,0.0,-69.0
1777890452.8743324,0.0,2.0,-74.0
1777890452.8843324,-6.0,0.0,-77.0
1777890452.8943324,-7.0,0.0,-80.0
1777890452.9043324,-2.0,4.0,-81.0
1777890452.9143324,-2.0,4.0,-80.0
1777890452.9243324,-2.0,4.0,-77.0
1777890452.9343324,0.0,2.0,-78.0
1777890452.9443324,0.0,1.0,-77.0
1777890452.9543324,0.0,2.0,-77.0
1777890452.9643323,0.0,0.0,-79.0
1777890452.9743323,-3.0,-2.0,-80.0
1777890452.9843323,-3.0,-1.0,-80.0
1777890452.9943323,1.0,-1.0,-77.0
1777890453.0043323,5.0,-2.0,-75.0
1777890453.0143323,3.0,-6.0,-78.0
1777890453.0243323,5.0,-8.0,-75.0
1777890453.0343325,3.0,-4.0,-74.0
1777890453.0443325,4.0,-2.0,-69.0
1777890453.0543325,3.0,-4.0,-64.0
1777890453.0643325,1.0,-3.0,-70.0
1777890453.0743325,-1.0,-8.0,-75.0
1777890453.0843325,0.0,-5.0,-78.0
1777890453.0943325,3.0,-5.0,-76.0
1777890453.1043324,4.0,-3.0,-74.0
1777890453.1143324,5.0,-4.0,-77.0
1777890453.1243324,5.0,-2.0,-74.0
1777890453.1343324,2.0,0.0,-77.0
1777890453.1443324,0.0,1.0,-78.0
1777890453.1543324,-1.0,1.0,-82.0
1777890453.1643324,0.0,5.0,-77.0
1777890453.1743324,-3.0,6.0,-78.0
1777890453.1843324,0.0,9.0,-79.0
1777890453.1943324,-4.0,11.0,-79.0
1777890453.2043324,-4.0,7.0,-77.0
1777890453.2143323,-5.0,8.0,-73.0
1777890453.2243323,-6.0,5.0,-68.0
1777890453.2343323,0.0,0.0,-68.0
1777890453.2443323,0.0,-1.0,-67.0
1777890453.2543323,-4.0,1.0,-71.0
1777890453.2643323,-6.0,2.0,-72.0
1777890453.2743323,-5.0,1.0,-73.0
1777890453.2843325,-4.0,0.0,-77.0
1777890453.2943325,1.0,0.0,-77.0
1777890453.3043325,1.0,0.0,-76.0
1777890453.3143325,0.0,2.0,-78.0
1777890453.3243325,-2.0,4.0,-81.0
1777890453.3343325,-6.0,5.0,-83.0
1777890453.3443325,-5.0,0.0,-87.0
1777890453.3543324,-8.0,0.0,-82.0
1777890453.3643324,-9.0,1.0,-88.0
1777890453.3743324,-5.0,4.0,-85.0
1777890453.3843324,0.0,6.0,-80.0
1777890453.3943324,-1.0,6.0,-73.0
1777890453.4043324,-1.0,4.0,-74.0
1777890453.4143324,-2.0,3.0,-74.0
1777890453.4243324,-5.0,5.0,-72.0
1777890453.4343324,-5.0,4.0,-66.0
1777890453.4443324,-5.0,3.0,-58.0
1777890453.4543324,-2.0,3.0,-59.0
1777890453.4643323,-1.0,1.0,-65.0
1777890453.4743323,-5.0,1.0,-68.0
1777890453.4843323,-5.0,1.0,-72.0
1777890453.4943323,-3.0,0.0,-75.0
1777890453.5043323,-1.0,0.0,-72.0
1777890453.5143323,1.0,6.0,-68.0
1777890453.5243323,0.0,3.0,-73.0
1777890453.5343325,0.0,2.0,-70.0
1777890453.5443325,1.0,3.0,-70.0
1777890453.5543325,1.0,0.0,-71.0
1777890453.5643325,-4.0,0.0,-73.0
1777890453.5743325,-8.0,0.0,-71.0
1777890453.5843325,-3.0,3.0,-76.0
1777890453.5943325,-1.0,1.0,-75.0
1777890453.6043324,0.0,1.0,-72.0
1777890453.6143324,-2.0,-1.0,-68.0
1777890453.6243324,-1.0,-1.0,-70.0
1777890453.6343324,-3.0,2.0,-71.0
1777890453.6443324,-1.0,1.0,-61.0
1777890453.6543324,-1.0,1.0,-61.0
1777890453.6643324,4.0,1.0,-65.0
1777890453.6743324,5.0,2.0,-70.0
1777890453.6843324,1.0,2.0,-67.0
1777890453.6943324,-1.0,1.0,-63.0
1777890453.7043324,0.0,0.0,-68.0
1777890453.7143323,0.0,0.0,-68.0
1777890453.7243323,0.0,1.0,-67.0
1777890453.7343323,-1.0,-1.0,-75.0
1777890453.7443323,3.0,-2.0,-70.0
1777890453.7543323,0.0,-2.0,-67.0
1777890453.7643323,-1.0,-1.0,-69.0
1777890453.7743323,-3.0,0.0,-72.0
1777890453.7843325,-2.0,-2.0,-67.0
1777890453.7943325,-1.0,-4.0,-67.0
1777890453.8043325,-4.0,-5.0,-77.0
1777890453.8143325,-4.0,-3.0,-85.0
1777890453.8243325,-1.0,-3.0,-79.0
1777890453.8343325,0.0,-1.0,-84.0
1777890453.8443325,1.0,-1.0,-86.0
1777890453.8543324,0.0,-4.0,-85.0
1777890453.8643324,-3.0,-5.0,-84.0
1777890453.8743324,-1.0,-4.0,-83.0
1777890453.8843324,0.0,0.0,-75.0
1777890453.8943324,1.0,0.0,-73.0
1777890453.9043324,2.0,1.0,-75.0
1777890453.9143324,2.0,5.0,-76.0
1777890453.9243324,2.0,0.0,-80.0
1777890453.9343324,2.0,0.0,-86.0
1777890453.9443324,0.0,-3.0,-81.0
1777890453.9543324,-1.0,-4.0,-81.0
1777890453.9643323,0.0,-8.0,-77.0
1777890453.9743323,4.0,-4.0,-79.0
1777890453.9843323,2.0,-7.0,-82.0
1777890453.9943323,2.0,-11.0,-80.0
1777890454.0043323,1.0,-12.0,-75.0
1777890454.0143323,3.0,-11.0,-68.0
1777890454.0243323,2.0,-7.0,-70.0
1777890454.0343325,-1.0,-5.0,-71.0
1777890454.0443325,0.0,-9.0,-68.0
1777890454.0543325,0.0,-14.0,-71.0
1777890454.0643325,4.0,-11.0,-75.0
1777890454.0743325,2.0,-6.0,-77.0
1777890454.0843325,3.0,-3.0,-75.0
1777890454.0943325,0.0,-2.0,-72.0
1777890454.1043324,-2.0,-1.0,-70.0
1777890454.1143324,-1.0,0.0,-67.0
1777890454.1243324,2.0,0.0,-71.0
1777890454.1343324,6.0,-5.0,-76.0
1777890454.1443324,4.0,-10.0,-78.0
1777890454.1543324,-2.0,-8.0,-74.0
1777890454.1643324,-2.0,-7.0,-79.0
1777890454.1743324,-5.0,0.0,-76.0
1777890454.1843324,-3.0,2.0,-74.0
1777890454.1943324,1.0,2.0,-80.0
1777890454.2043324,7.0,3.0,-86.0
1777890454.2143323,8.0,0.0,-82.0
1777890454.2243323,3.0,0.0,-80.0
1777890454.2343323,6.0,0.0,-83.0
1777890454.2443323,4.0,0.0,-88.0
1777890454.2543323,6.0,0.0,-89.0
1777890454.2643323,7.0,-1.0,-92.0
1777890454.2743323,3.0,0.0,-87.0
1777890454.2843325,0.0,-1.0,-85.0
1777890454.2943325,-5.0,-3.0,-80.0
1777890454.3043325,-6.0,-4.0,-76.0
1777890454.3143325,-4.0,-4.0,-71.0
1777890454.3243325,2.0,-3.0,-68.0
1777890454.3343325,5.0,2.0,-68.0
1777890454.3443325,3.0,3.0,-71.0
1777890454.3543324,7.0,5.0,-73.0
1777890454.3643324,5.0,6.0,-79.0
1777890454.3743324,5.0,7.0,-81.0
1777890454.3843324,2.0,7.0,-74.0
1777890454.3943324,0.0,3.0,-77.0
1777890454.4043324,-4.0,1.0,-83.0
1777890454.4143324,0.0,0.0,-89.0
1777890454.4243324,5.0,-1.0,-88.0
1777890454.4343324,9.0,-3.0,-85.0
1777890454.4443324,6.0,-7.0,-81.0
1777890454.4543324,7.0,-8.0,-75.0
1777890454.4643323,5.0,-6.0,-75.0
1777890454.4743323,3.0,-3.0,-78.0
1777890454.4843323,2.0,-2.0,-75.0
1777890454.4943323,4.0,0.0,-74.0
1777890454.5043323,0.0,1.0,-71.0
1777890454.5143323,0.0,2.0,-71.0
1777890454.5243323,-2.0,0.0,-74.0
1777890454.5343325,-6.0,-1.0,-69.0
1777890454.5443325,-4.0,0.0,-67.0
1777890454.5543325,-3.0,-2.0,-71.0
1777890454.5643325,0.0,-4.0,-68.0
1777890454.5743325,5.0,-5.0,-70.0
1777890454.5843325,5.0,-4.0,-70.0
1777890454.5953324,0.0,-5.0,-74.0
1777890454.6053324,-1.0,-5.0,-74.0
1777890454.6153324,-4.0,0.0,-74.0
1777890454.6253324,-4.0,0.0,-71.0
1777890454.6353323,-6.0,-2.0,-78.0
1777890454.6453323,-6.0,0.0,-78.0
1777890454.6553323,-8.0,-2.0,-82.0
1777890454.6653323,-8.0,-1.0,-78.0
1777890454.6753323,-5.0,0.0,-82.0
1777890454.6853323,-4.0,-4.0,-85.0
1777890454.6953323,-1.0,3.0,-92.0
1777890454.7053325,1.0,0.0,-90.0
1777890454.7153325,0.0,0.0,-90.0
1777890454.7253325,-2.0,0.0,-84.0
1777890454.7353325,-2.0,-1.0,-76.0
1777890454.7453325,-2.0,-2.0,-69.0
1777890454.7553325,0.0,1.0,-63.0
1777890454.7653325,0.0,0.0,-60.0
1777890454.7753325,3.0,2.0,-61.0
1777890454.7853324,2.0,1.0,-65.0
1777890454.7953324,0.0,1.0,-68.0
1777890454.8053324,0.0,-1.0,-72.0
1777890454.8153324,3.0,-1.0,-75.0
1777890454.8253324,2.0,3.0,-75.0
1777890454.8353324,2.0,4.0,-80.0
1777890454.8453324,0.0,2.0,-83.0
1777890454.8553324,-1.0,1.0,-74.0
1777890454.8653324,1.0,0.0,-68.0
1777890454.8753324,0.0,0.0,-76.0
1777890454.8853323,0.0,-2.0,-75.0
1777890454.8953323,3.0,1.0,-75.0
1777890454.9053323,7.0,-3.0,-71.0
1777890454.9153323,9.0,-3.0,-70.0
1777890454.9253323,5.0,-3.0,-70.0
1777890454.9353323,4.0,-5.0,-69.0
1777890454.9453323,0.0,-6.0,-67.0
1777890454.9553325,-3.0,-7.0,-68.0
1777890454.9653325,-2.0,-3.0,-66.0
1777890454.9753325,0.0,-2.0,-65.0
1777890454.9853325,2.0,-2.0,-70.0
1777890454.9953325,3.0,-1.0,-69.0
1777890455.0053325,-1.0,-1.0,-69.0
1777890455.0153325,0.0,0.0,-66.0
1777890455.0253325,1.0,-1.0,-71.0
1777890455.0353324,-3.0,0.0,-83.0
1777890455.0453324,-8.0,2.0,-84.0
1777890455.0553324,-8.0,1.0,-85.0
1777890455.0653324,-1.0,0.0,-89.0
1777890455.0753324,-3.0,0.0,-80.0
1777890455.0853324,-3.0,1.0,-77.0
1777890455.0953324,-3.0,2.0,-74.0
1777890455.1053324,-3.0,2.0,-78.0
1777890455.1153324,-3.0,7.0,-75.0
1777890455.1253324,0.0,6.0,-78.0
1777890455.1353323,0.0,8.0,-88.0
1777890455.1453323,0.0,4.0,-81.0
1777890455.1553323,-1.0,3.0,-80.0
1777890455.1653323,0.0,3.0,-82.0
1777890455.1753323,3.0,1.0,-77.0
1777890455.1853323,4.0,-5.0,-77.0
1777890455.1953323,0.0,-4.0,-82.0
1777890455.2053325,2.0,-2.0,-82.0
1777890455.2153325,0.0,-3.0,-76.0
1777890455.2253325,1.0,-2.0,-79.0
1777890455.2353325,-1.0,-4.0,-76.0
1777890455.2453325,-1.0,-2.0,-76.0
1777890455.2553325,-1.0,-4.0,-72.0
1777890455.2653325,1.0,-10.0,-72.0
1777890455.2753325,4.0,-9.0,-78.0
1777890455.2853324,6.0,-2.0,-73.0
1777890455.2953324,4.0,-3.0,-74.0
1777890455.3053324,2.0,-4.0,-71.0
1777890455.3153324,3.0,-3.0,-69.0
1777890455.3253324,0.0,0.0,-67.0
1777890455.3353324,0.0,-2.0,-67.0
1777890455.3453324,0.0,0.0,-71.0
1777890455.3553324,-1.0,1.0,-78.0
1777890455.3653324,-2.0,1.0,-77.0
1777890455.3753324,0.0,-1.0,-77.0
1777890455.3863325,-2.0,0.0,-79.0
1777890455.3953323,-3.0,-2.0,-80.0
1777890455.4053323,0.0,-2.0,-83.0
1777890455.4153323,1.0,-1.0,-74.0
1777890455.4253323,9.0,-2.0,-83.0
1777890455.4353323,4.0,-4.0,-80.0
1777890455.4453323,-1.0,-3.0,-69.0
1777890455.4553325,1.0,-4.0,-69.0
1777890455.4653325,-6.0,-4.0,-73.0
1777890455.4753325,-1.0,-5.0,-75.0
1777890455.4853325,-3.0,-5.0,-86.0
1777890455.4953325,-1.0,-4.0,-85.0
1777890455.5053325,-3.0,-3.0,-86.0
1777890455.5153325,-3.0,-1.0,-76.0
1777890455.5253325,0.0,-1.0,-74.0
1777890455.5353324,0.0,-3.0,-71.0
1777890455.5453324,0.0,-3.0,-77.0
1777890455.5553324,3.0,-2.0,-80.0
1777890455.5653324,7.0,-3.0,-75.0
1777890455.5753324,3.0,-9.0,-70.0
1777890455.5853324,5.0,-5.0,-69.0
1777890455.5953324,4.0,-6.0,-67.0
1777890455.6053324,2.0,-4.0,-63.0
1777890455.6153324,6.0,0.0,-68.0
1777890455.6253324,8.0,2.0,-68.0
1777890455.6353323,2.0,0.0,-71.0
1777890455.6453323,1.0,1.0,-73.0
1777890455.6553323,2.0,0.0,-68.0
1777890455.6653323,-2.0,1.0,-71.0
1777890455.6753323,-2.0,0.0,-74.0
1777890455.6853323,-2.0,0.0,-84.0
1777890455.6953323,-3.0,-1.0,-81.0
1777890455.7053325,0.0,0.0,-81.0
1777890455.7153325,2.0,0.0,-75.0
1777890455.7253325,1.0,1.0,-73.0
1777890455.7353325,2.0,0.0,-75.0
1777890455.7453325,4.0,2.0,-81.0
1777890455.7553325,3.0,1.0,-81.0
1777890455.7653325,3.0,0.0,-79.0
1777890455.7753325,5.0,0.0,-76.0
1777890455.7853324,5.0,2.0,-77.0
1777890455.7953324,6.0,5.0,-76.0
1777890455.8053324,4.0,4.0,-75.0
1777890455.8153324,4.0,1.0,-70.0
1777890455.8253324,5.0,-1.0,-69.0
1777890455.8353324,5.0,-2.0,-65.0
1777890455.8453324,0.0,-2.0,-67.0
1777890455.8553324,-3.0,-1.0,-62.0
1777890455.8653324,1.0,-1.0,-58.0
1777890455.8753324,0.0,0.0,-58.0
1777890455.8853323,0.0,-1.0,-60.0
1777890455.8953323,-2.0,-4.0,-61.0
1777890455.9053323,-2.0,-7.0,-64.0
1777890455.9153323,0.0,-3.0,-60.0
1777890455.9253323,1.0,-3.0,-60.0
1777890455.9353323,3.0,0.0,-57.0
1777890455.9453323,2.0,0.0,-62.0
1777890455.9553325,0.0,-3.0,-69.0
1777890455.9653325,0.0,0.0,-71.0
1777890455.9753325,1.0,0.0,-73.0
1777890455.9853325,0.0,-2.0,-73.0
1777890455.9953325,0.0,-3.0,-71.0
1777890456.0053325,8.0,-2.0,-65.0
1777890456.0153325,7.0,-1.0,-65.0
1777890456.0253325,5.0,-4.0,-70.0
1777890456.0353324,1.0,-2.0,-72.0
1777890456.0453324,-3.0,-6.0,-77.0
1777890456.0553324,0.0,-8.0,-64.0
1777890456.0653324,-1.0,-7.0,-68.0
1777890456.0753324,3.0,-7.0,-69.0
1777890456.0853324,0.0,-6.0,-72.0
1777890456.0953324,4.0,-2.0,-73.0
1777890456.1053324,3.0,2.0,-73.0
1777890456.1153324,2.0,1.0,-70.0
1777890456.1253324,3.0,4.0,-76.0
1777890456.1353323,5.0,0.0,-83.0
1777890456.1453323,7.0,-3.0,-84.0
1777890456.1553323,8.0,-2.0,-78.0
1777890456.1653323,7.0,-4.0,-73.0
1777890456.1753323,6.0,-4.0,-69.0
1777890456.1853323,3.0,-4.0,-70.0
1777890456.1953323,11.0,-5.0,-71.0
1777890456.2053325,10.0,-3.0,-68.0
1777890456.2153325,7.0,-5.0,-76.0
1777890456.2253325,7.0,-1.0,-84.0
1777890456.2353325,7.0,1.0,-79.0
1777890456.2453325,8.0,2.0,-76.0
1777890456.2553325,10.0,-1.0,-72.0
1777890456.2653325,9.0,0.0,-68.0
1777890456.2753325,9.0,-2.0,-63.0
1777890456.2853324,7.0,-3.0,-62.0
1777890456.2953324,2.0,-2.0,-65.0
1777890456.3053324,6.0,0.0,-68.0
1777890456.3153324,8.0,-2.0,-69.0
1777890456.3253324,6.0,-1.0,-71.0
1777890456.3353324,7.0,0.0,-72.0
1777890456.3453324,7.0,0.0,-68.0
1777890456.3553324,5.0,0.0,-72.0
1777890456.3653324,3.0,1.0,-68.0
1777890456.3753324,3.0,-2.0,-70.0
1777890456.3853323,4.0,0.0,-69.0
1777890456.3953323,1.0,3.0,-66.0
1777890456.4053323,0.0,2.0,-72.0
1777890456.4153323,-3.0,1.0,-78.0
1777890456.4253323,0.0,4.0,-75.0
1777890456.4353323,1.0,9.0,-77.0
1777890456.4453323,-2.0,8.0,-76.0
1777890456.4553325,-3.0,3.0,-79.0
1777890456.4653325,-4.0,2.0,-76.0
1777890456.4753325,0.0,5.0,-71.0
1777890456.4853325,2.0,1.0,-71.0
1777890456.4953325,0.0,1.0,-70.0
1777890456.5053325,-7.0,0.0,-72.0
1777890456.5153325,-2.0,5.0,-74.0
1777890456.5253325,1.0,7.0,-73.0
1777890456.5353324,-1.0,4.0,-76.0
1777890456.5453324,0.0,3.0,-77.0
1777890456.5553324,0.0,0.0,-78.0
1777890456.5663323,1.0,2.0,-78.0
1777890456.5763323,0.0,0.0,-75.0
1777890456.5863323,-4.0,0.0,-72.0
1777890456.5963323,-3.0,0.0,-71.0
1777890456.6053324,-2.0,2.0,-70.0
1777890456.6163323,-1.0,3.0,-75.0
1777890456.6263323,0.0,4.0,-81.0
1777890456.6363325,-1.0,5.0,-77.0
1777890456.6463325,0.0,9.0,-77.0
1777890456.6563325,-4.0,6.0,-81.0
1777890456.6663325,-1.0,4.0,-82.0
1777890456.6763325,0.0,6.0,-80.0
1777890456.6863325,-6.0,1.0,-79.0
1777890456.6963325,-1.0,2.0,-83.0
1777890456.7063324,1.0,1.0,-87.0
1777890456.7163324,0.0,2.0,-84.0
1777890456.7263324,0.0,2.0,-83.0
1777890456.7363324,5.0,2.0,-77.0
1777890456.7463324,3.0,0.0,-70.0
1777890456.7563324,3.0,1.0,-71.0
1777890456.7663324,4.0,0.0,-75.0
1777890456.7763324,3.0,-2.0,-76.0
1777890456.7863324,1.0,-1.0,-74.0
1777890456.7963324,-2.0,4.0,-74.0
1777890456.8063323,0.0,4.0,-81.0
1777890456.8163323,-3.0,3.0,-83.0
1777890456.8263323,-3.0,2.0,-83.0
1777890456.8363323,0.0,2.0,-86.0
1777890456.8463323,0.0,2.0,-75.0
1777890456.8563323,0.0,2.0,-79.0
1777890456.8663323,-4.0,1.0,-74.0
1777890456.8763323,-3.0,-4.0,-70.0
1777890456.8863325,-1.0,-7.0,-71.0
1777890456.8963325,-1.0,-10.0,-73.0
1777890456.9063325,2.0,-4.0,-70.0
1777890456.9163325,4.0,-3.0,-77.0
1777890456.9263325,2.0,-2.0,-71.0
1777890456.9363325,-1.0,0.0,-72.0
1777890456.9463325,-2.0,-6.0,-71.0
1777890456.9563324,-3.0,-9.0,-65.0
1777890456.9663324,-2.0,-6.0,-71.0
1777890456.9763324,-1.0,-4.0,-77.0
1777890456.9863324,-1.0,-5.0,-74.0
1777890456.9963324,0.0,-1.0,-72.0
1777890457.0063324,-4.0,-2.0,-81.0
1777890457.0163324,-4.0,-4.0,-85.0
1777890457.0263324,-4.0,-5.0,-86.0
1777890457.0363324,0.0,-3.0,-78.0
1777890457.0463324,-2.0,-3.0,-75.0
1777890457.0563323,0.0,-1.0,-77.0
1777890457.0663323,1.0,-3.0,-77.0
1777890457.0763323,-1.0,0.0,-76.0
1777890457.0863323,0.0,0.0,-78.0
1777890457.0963323,5.0,0.0,-76.0
1777890457.1063323,5.0,4.0,-75.0
1777890457.1163323,6.0,4.0,-73.0
1777890457.1263323,3.0,0.0,-71.0
1777890457.1363325,1.0,-2.0,-69.0
1777890457.1463325,2.0,-5.0,-69.0
1777890457.1563325,2.0,-4.0,-67.0
1777890457.1663325,3.0,-1.0,-66.0
1777890457.1763325,2.0,0.0,-63.0
1777890457.1863325,4.0,-1.0,-67.0
1777890457.1963325,6.0,0.0,-66.0
1777890457.2063324,1.0,-4.0,-76.0
1777890457.2163324,0.0,-4.0,-75.0
1777890457.2263324,1.0,1.0,-75.0
1777890457.2363324,1.0,2.0,-68.0
1777890457.2463324,-1.0,0.0,-65.0
1777890457.2563324,-1.0,-5.0,-67.0
1777890457.2663324,-1.0,-7.0,-71.0
1777890457.2763324,0.0,-7.0,-74.0
1777890457.2863324,2.0,-6.0,-70.0
1777890457.2963324,4.0,-9.0,-74.0
1777890457.3063323,2.0,-11.0,-67.0
1777890457.3163323,2.0,-10.0,-63.0
1777890457.3263323,4.0,-11.0,-63.0
1777890457.3363323,6.0,-8.0,-64.0
1777890457.3463323,8.0,-9.0,-59.0
1777890457.3563323,5.0,-9.0,-61.0
1777890457.3663323,4.0,-11.0,-59.0
1777890457.3763323,5.0,-14.0,-63.0
1777890457.3863325,1.0,-8.0,-67.0
1777890457.3963325,1.0,-7.0,-70.0
1777890457.4063325,0.0,-7.0,-71.0
1777890457.4163325,1.0,-10.0,-65.0
1777890457.4263325,0.0,-11.0,-64.0
1777890457.4363325,2.0,-9.0,-65.0
1777890457.4463325,3.0,-9.0,-64.0
1777890457.4563324,3.0,-7.0,-63.0
1777890457.4663324,2.0,-3.0,-67.0
1777890457.4763324,2.0,-1.0,-77.0
1777890457.4863324,1.0,-5.0,-74.0
1777890457.4963324,3.0,-5.0,-77.0
1777890457.5063324,4.0,-6.0,-79.0
1777890457.5163324,3.0,-6.0,-76.0
1777890457.5263324,1.0,0.0,-70.0
1777890457.5363324,4.0,2.0,-74.0
1777890457.5463324,5.0,1.0,-75.0
1777890457.5563323,3.0,1.0,-78.0
1777890457.5663323,2.0,-1.0,-74.0
1777890457.5763323,4.0,0.0,-75.0
1777890457.5863323,5.0,-2.0,-69.0
1777890457.5963323,5.0,0.0,-67.0
1777890457.6063323,5.0,0.0,-67.0
1777890457.6163323,1.0,0.0,-66.0
1777890457.6263323,0.0,1.0,-69.0
1777890457.6363325,-4.0,0.0,-75.0
1777890457.6463325,-1.0,-1.0,-72.0
1777890457.6563325,-2.0,-2.0,-67.0
1777890457.6663325,-3.0,-4.0,-66.0
1777890457.6763325,0.0,-4.0,-67.0
1777890457.6863325,0.0,-7.0,-72.0
1777890457.6963325,0.0,-5.0,-70.0
1777890457.7063324,-2.0,-2.0,-75.0
1777890457.7163324,-1.0,-1.0,-75.0
1777890457.7273324,-1.0,-3.0,-80.0
1777890457.7363324,-3.0,-3.0,-75.0
1777890457.7463324,-4.0,-3.0,-74.0
1777890457.7563324,-2.0,-6.0,-77.0
1777890457.7663324,2.0,-3.0,-75.0
1777890457.7763324,0.0,0.0,-73.0
1777890457.7863324,-1.0,5.0,-71.0
1777890457.7963324,-4.0,2.0,-70.0
1777890457.8063323,-7.0,2.0,-67.0
1777890457.8163323,-5.0,4.0,-70.0
1777890457.8263323,-3.0,3.0,-73.0
1777890457.8363323,-4.0,2.0,-77.0
1777890457.8463323,-6.0,-1.0,-74.0
1777890457.8563323,-5.0,-2.0,-67.0
1777890457.8663323,0.0,-3.0,-63.0
1777890457.8763323,-2.0,-8.0,-67.0
1777890457.8863325,0.0,-7.0,-69.0
1777890457.8963325,2.0,-6.0,-61.0
1777890457.9063325,2.0,-7.0,-59.0
1777890457.9163325,0.0,-10.0,-57.0
1777890457.9263325,-1.0,-8.0,-60.0
1777890457.9363325,-2.0,-4.0,-71.0
1777890457.9463325,-4.0,-3.0,-80.0
1777890457.9563324,-5.0,-1.0,-82.0
1777890457.9663324,-9.0,1.0,-80.0
1777890457.9763324,-9.0,1.0,-79.0
1777890457.9863324,-7.0,2.0,-79.0
1777890457.9963324,-5.0,0.0,-83.0
1777890458.0063324,0.0,-2.0,-82.0
1777890458.0163324,0.0,-3.0,-86.0
1777890458.0263324,2.0,-3.0,-84.0
1777890458.0363324,0.0,-6.0,-85.0
1777890458.0463324,-3.0,-1.0,-88.0
1777890458.0563323,-3.0,-4.0,-83.0
1777890458.0663323,-3.0,-1.0,-79.0
1777890458.0763323,-6.0,0.0,-79.0
1777890458.0863323,-7.0,4.0,-81.0
1777890458.0963323,-4.0,0.0,-82.0
1777890458.1063323,-3.0,0.0,-81.0
1777890458.1163323,-5.0,-1.0,-83.0
1777890458.1263323,-7.0,4.0,-80.0
1777890458.1363325,-6.0,-2.0,-72.0
1777890458.1463325,-2.0,-3.0,-67.0
1777890458.1563325,0.0,-5.0,-69.0
1777890458.1663325,5.0,-3.0,-66.0
1777890458.1763325,6.0,-7.0,-68.0
1777890458.1863325,0.0,-6.0,-71.0
1777890458.1963325,1.0,-7.0,-77.0
1777890458.2063324,1.0,-9.0,-71.0
1777890458.2163324,5.0,-7.0,-74.0
1777890458.2263324,2.0,-7.0,-74.0
1777890458.2363324,0.0,-9.0,-68.0
1777890458.2463324,2.0,-3.0,-62.0
1777890458.2563324,4.0,0.0,-62.0
1777890458.2663324,11.0,0.0,-71.0
1777890458.2763324,6.0,-2.0,-78.0
1777890458.2863324,1.0,-1.0,-83.0
1777890458.2963324,0.0,-2.0,-85.0
1777890458.3063323,2.0,-2.0,-82.0
1777890458.3163323,6.0,-5.0,-77.0
1777890458.3263323,5.0,-4.0,-77.0
1777890458.3363323,4.0,0.0,-70.0
1777890458.3463323,0.0,0.0,-70.0
1777890458.3563323,0.0,-1.0,-74.0
1777890458.3663323,-1.0,-1.0,-72.0
1777890458.3763323,-1.0,0.0,-72.0
1777890458.3863325,-3.0,1.0,-71.0
1777890458.3963325,0.0,-2.0,-71.0
1777890458.4063325,-1.0,-4.0,-72.0
1777890458.4163325,-5.0,0.0,-67.0
1777890458.4263325,-8.0,4.0,-70.0
1777890458.4363325,-2.0,3.0,-75.0
1777890458.4463325,1.0,3.0,-66.0
1777890458.4563324,2.0,1.0,-69.0
1777890458.4663324,-1.0,1.0,-65.0
1777890458.4763324,-2.0,1.0,-69.0
1777890458.4863324,-5.0,2.0,-74.0
1777890458.4963324,-7.0,0.0,-75.0
1777890458.5063324,-1.0,0.0,-82.0
1777890458.5163324,2.0,0.0,-79.0
1777890458.5273323,2.0,1.0,-76.0
1777890458.5363324,3.0,-1.0,-69.0
1777890458.5473323,5.0,1.0,-69.0
1777890458.5563323,2.0,-1.0,-73.0
1777890458.5673325,1.0,-1.0,-78.0
1777890458.5773325,4.0,1.0,-77.0
1777890458.5873325,6.0,2.0,-73.0
1777890458.5973325,4.0,0.0,-81.0
1777890458.6073325,5.0,0.0,-82.0
1777890458.6173325,5.0,-1.0,-78.0
1777890458.6273324,5.0,-1.0,-80.0
1777890458.6373324,5.0,0.0,-80.0
1777890458.6473324,1.0,0.0,-86.0
1777890458.6573324,7.0,3.0,-83.0
1777890458.6673324,5.0,0.0,-77.0
1777890458.6773324,4.0,-1.0,-76.0
1777890458.6873324,1.0,-1.0,-74.0
1777890458.6973324,0.0,0.0,-77.0
1777890458.7073324,0.0,2.0,-73.0
1777890458.7173324,4.0,3.0,-70.0
1777890458.7273324,4.0,3.0,-73.0
1777890458.7373323,9.0,8.0,-77.0
1777890458.7473323,8.0,6.0,-76.0
1777890458.7573323,5.0,2.0,-69.0
1777890458.7673323,0.0,5.0,-72.0
1777890458.7773323,-3.0,4.0,-73.0
1777890458.7873323,-5.0,-1.0,-72.0
1777890458.7973323,-7.0,-5.0,-70.0
1777890458.8073325,-5.0,-3.0,-68.0
1777890458.8173325,-7.0,0.0,-70.0
1777890458.8273325,-3.0,-3.0,-69.0
1777890458.8373325,3.0,-1.0,-75.0
1777890458.8473325,0.0,4.0,-73.0
1777890458.8573325,0.0,2.0,-74.0
1777890458.8673325,6.0,0.0,-71.0
1777890458.8773324,8.0,-3.0,-72.0
1777890458.8873324,3.0,-3.0,-78.0
1777890458.8973324,5.0,-4.0,-79.0
1777890458.9073324,0.0,-7.0,-75.0
1777890458.9173324,-3.0,-3.0,-79.0
1777890458.9273324,-4.0,-9.0,-77.0
1777890458.9373324,2.0,-7.0,-76.0
1777890458.9473324,3.0,-6.0,-78.0
1777890458.9573324,-2.0,-6.0,-79.0
1777890458.9673324,-3.0,-11.0,-84.0
1777890458.9773324,-2.0,-7.0,-80.0
1777890458.9873323,-6.0,-6.0,-76.0
1777890458.9973323,-4.0,-4.0,-75.0
1777890459.0073323,-3.0,-9.0,-77.0
1777890459.0173323,-1.0,-9.0,-75.0
1777890459.0273323,-2.0,-8.0,-82.0
1777890459.0373323,-2.0,-6.0,-81.0
1777890459.0473323,0.0,-3.0,-75.0
1777890459.0573325,5.0,-4.0,-78.0
1777890459.0673325,4.0,-6.0,-80.0
1777890459.0773325,4.0,-8.0,-78.0
1777890459.0873325,7.0,-11.0,-80.0
1777890459.0973325,4.0,-11.0,-78.0
1777890459.1073325,0.0,-11.0,-77.0
1777890459.1173325,1.0,-13.0,-78.0
1777890459.1273324,4.0,-10.0,-72.0
1777890459.1373324,3.0,-6.0,-77.0
1777890459.1473324,4.0,-4.0,-68.0
1777890459.1573324,-2.0,-7.0,-66.0
1777890459.1673324,0.0,-5.0,-61.0
1777890459.1773324,0.0,-9.0,-59.0
1777890459.1873324,0.0,-8.0,-65.0
1777890459.1973324,4.0,-5.0,-66.0
1777890459.2073324,3.0,-4.0,-70.0
1777890459.2173324,5.0,-5.0,-71.0
1777890459.2273324,8.0,-1.0,-74.0
1777890459.2373323,5.0,0.0,-73.0
1777890459.2473323,-1.0,0.0,-76.0
1777890459.2573323,0.0,4.0,-75.0
1777890459.2673323,-2.0,6.0,-73.0
1777890459.2773323,-5.0,8.0,-71.0
1777890459.2873323,-3.0,7.0,-72.0
1777890459.2973323,-3.0,7.0,-75.0
1777890459.3073325,0.0,5.0,-79.0
1777890459.3173325,0.0,2.0,-82.0
1777890459.3273325,-1.0,1.0,-74.0
1777890459.3373325,0.0,-1.0,-68.0
1777890459.3473325,0.0,0.0,-72.0
1777890459.3573325,5.0,2.0,-68.0
1777890459.3673325,6.0,1.0,-71.0
1777890459.3773324,8.0,0.0,-69.0
1777890459.3873324,8.0,-7.0,-78.0
1777890459.3973324,6.0,0.0,-77.0
1777890459.4073324,3.0,-1.0,-70.0
1777890459.4173324,1.0,-1.0,-68.0
1777890459.4273324,2.0,-3.0,-70.0
1777890459.4373324,0.0,1.0,-67.0
1777890459.4473324,0.0,0.0,-68.0
1777890459.4573324,2.0,3.0,-66.0
1777890459.4673324,1.0,1.0,-77.0
1777890459.4773324,0.0,1.0,-80.0
1777890459.4873323,-2.0,2.0,-76.0
1777890459.4973323,-3.0,2.0,-78.0
1777890459.5073323,1.0,1.0,-84.0
1777890459.5173323,0.0,1.0,-83.0
1777890459.5273323,-1.0,-2.0,-73.0
1777890459.5373323,0.0,-1.0,-66.0
1777890459.5473323,-3.0,-1.0,-70.0
1777890459.5573325,-2.0,-2.0,-73.0
1777890459.5673325,0.0,-1.0,-76.0
1777890459.5773325,0.0,0.0,-72.0
1777890459.5873325,0.0,-1.0,-77.0
1777890459.5973325,3.0,-1.0,-80.0
1777890459.6073325,2.0,-4.0,-75.0
1777890459.6173325,5.0,-4.0,-74.0
1777890459.6273324,4.0,2.0,-75.0
1777890459.6373324,4.0,0.0,-73.0
1777890459.6473324,7.0,0.0,-68.0
1777890459.6573324,4.0,0.0,-69.0
1777890459.6673324,8.0,-3.0,-71.0
1777890459.6773324,6.0,-6.0,-71.0
1777890459.6873324,7.0,0.0,-73.0
1777890459.6973324,5.0,1.0,-70.0
1777890459.7073324,5.0,0.0,-66.0
1777890459.7173324,2.0,2.0,-75.0
1777890459.7273324,2.0,2.0,-79.0
1777890459.7373323,2.0,3.0,-74.0
1777890459.7473323,0.0,0.0,-82.0
1777890459.7573323,0.0,0.0,-83.0
1777890459.7673323,1.0,0.0,-75.0
1777890459.7773323,6.0,-2.0,-72.0
1777890459.7873323,6.0,-2.0,-71.0
1777890459.7973323,8.0,-5.0,-63.0
1777890459.8073325,7.0,-7.0,-65.0
1777890459.8173325,8.0,-5.0,-60.0
1777890459.8273325,4.0,-7.0,-61.0
1777890459.8373325,2.0,-6.0,-65.0
1777890459.8473325,0.0,-6.0,-74.0
1777890459.8573325,6.0,-4.0,-76.0
1777890459.8673325,4.0,-3.0,-78.0
1777890459.8773324,7.0,-3.0,-77.0
1777890459.8873324,7.0,-3.0,-78.0
1777890459.8973324,3.0,-5.0,-71.0
1777890459.9073324,2.0,-3.0,-72.0
1777890459.9173324,2.0,-2.0,-76.0
1777890459.9273324,0.0,-2.0,-73.0
1777890459.9373324,3.0,-4.0,-67.0
1777890459.9473324,4.0,-7.0,-69.0
1777890459.9573324,7.0,-3.0,-72.0
1777890459.9673324,5.0,-4.0,-69.0
1777890459.9773324,0.0,-4.0,-71.0
1777890459.9873323,-1.0,-5.0,-72.0
1777890459.9973323,2.0,1.0,-77.0
1777890460.0073323,3.0,-1.0,-81.0
1777890460.0173323,4.0,-2.0,-79.0
1777890460.0273323,8.0,-2.0,-69.0
1777890460.0373323,3.0,0.0,-71.0
1777890460.0473323,5.0,-1.0,-72.0
1777890460.0573325,3.0,1.0,-73.0
1777890460.0673325,3.0,0.0,-71.0
1777890460.0773325,2.0,0.0,-73.0
1777890460.0873325,2.0,-2.0,-70.0
1777890460.0973325,-3.0,-1.0,-63.0
1777890460.1073325,-4.0,-2.0,-62.0
1777890460.1173325,-1.0,-4.0,-61.0
1777890460.1273324,-6.0,-8.0,-61.0
1777890460.1373324,-6.0,-5.0,-65.0
1777890460.1473324,-1.0,-5.0,-62.0
1777890460.1573324,-6.0,-4.0,-65.0
1777890460.1673324,-6.0,-3.0,-73.0
1777890460.1773324,-5.0,-2.0,-75.0
1777890460.1873324,-1.0,-4.0,-79.0
1777890460.1973324,0.0,-2.0,-77.0
1777890460.2073324,-1.0,0.0,-70.0
1777890460.2173324,-6.0,1.0,-66.0
1777890460.2273324,-4.0,-2.0,-72.0
1777890460.2373323,-2.0,0.0,-70.0
1777890460.2473323,-1.0,0.0,-65.0
1777890460.2573323,2.0,0.0,-64.0
1777890460.2673323,1.0,3.0,-66.0
1777890460.2773323,3.0,10.0,-66.0
1777890460.2873323,4.0,8.0,-67.0
1777890460.2973323,6.0,6.0,-66.0
1777890460.3073325,4.0,7.0,-73.0
1777890460.3173325,1.0,4.0,-75.0
1777890460.3273325,0.0,3.0,-76.0
1777890460.3373325,-2.0,0.0,-78.0
1777890460.3473325,-2.0,0.0,-74.0
1777890460.3573325,0.0,-1.0,-73.0
1777890460.3673325,0.0,0.0,-64.0
1777890460.3773324,-4.0,-2.0,-67.0
1777890460.3873324,-6.0,-2.0,-65.0
1777890460.3973324,-2.0,-2.0,-71.0
1777890460.4073324,1.0,-2.0,-76.0
1777890460.4173324,4.0,-6.0,-83.0
1777890460.4273324,7.0,-2.0,-86.0
1777890460.4373324,7.0,-1.0,-83.0
1777890460.4473324,3.0,-3.0,-78.0
1777890460.4573324,1.0,-3.0,-78.0
1777890460.4673324,2.0,-3.0,-73.0
1777890460.4773324,3.0,-7.0,-61.0
1777890460.4873323,4.0,-6.0,-65.0
1777890460.4973323,5.0,-4.0,-63.0
1777890460.5073323,6.0,0.0,-69.0
1777890460.5173323,2.0,-1.0,-72.0
1777890460.5273323,2.0,-8.0,-74.0
1777890460.5373323,2.0,-8.0,-73.0
1777890460.5483325,2.0,-5.0,-70.0
1777890460.5583324,6.0,-2.0,-73.0
1777890460.5683324,12.0,0.0,-75.0
1777890460.5783324,8.0,-3.0,-79.0
1777890460.5883324,4.0,0.0,-73.0
1777890460.5983324,4.0,1.0,-73.0
1777890460.6083324,0.0,-2.0,-72.0
1777890460.6183324,-1.0,-2.0,-70.0
1777890460.6283324,-3.0,-5.0,-80.0
1777890460.6383324,-5.0,-7.0,-79.0
1777890460.6483324,-3.0,-6.0,-85.0
1777890460.6583323,-3.0,-2.0,-83.0
1777890460.6683323,-3.0,0.0,-83.0
1777890460.6783323,0.0,0.0,-87.0
1777890460.6883323,-3.0,0.0,-89.0
1777890460.6983323,-5.0,5.0,-84.0
1777890460.7083323,-5.0,0.0,-78.0
1777890460.7183323,-1.0,-3.0,-70.0
1777890460.7283323,3.0,-3.0,-67.0
1777890460.7383325,6.0,-1.0,-65.0
1777890460.7483325,9.0,0.0,-61.0
1777890460.7583325,6.0,0.0,-68.0
1777890460.7683325,0.0,2.0,-72.0
1777890460.7783325,-2.0,4.0,-70.0
1777890460.7883325,-1.0,3.0,-67.0
1777890460.7983325,-4.0,3.0,-69.0
1777890460.8083324,-6.0,5.0,-74.0
1777890460.8183324,-1.0,5.0,-75.0
1777890460.8283324,-1.0,0.0,-77.0
1777890460.8383324,0.0,-2.0,-74.0
1777890460.8483324,0.0,-1.0,-74.0
1777890460.8583324,2.0,-2.0,-75.0
1777890460.8683324,5.0,0.0,-79.0
1777890460.8783324,1.0,0.0,-77.0
1777890460.8883324,2.0,-1.0,-74.0
1777890460.8983324,5.0,-3.0,-75.0
1777890460.9083323,2.0,-8.0,-77.0
1777890460.9183323,4.0,-10.0,-81.0
1777890460.9283323,5.0,-8.0,-74.0
1777890460.9383323,12.0,-7.0,-72.0
1777890460.9483323,8.0,-2.0,-69.0
1777890460.9583323,7.0,-2.0,-67.0
1777890460.9683323,2.0,-3.0,-70.0
1777890460.9783323,2.0,-1.0,-67.0
1777890460.9883325,2.0,-4.0,-73.0
1777890460.9983325,4.0,-2.0,-78.0
1777890461.0083325,2.0,0.0,-76.0
1777890461.0183325,-1.0,-2.0,-75.0
1777890461.0283325,-3.0,0.0,-80.0
1777890461.0383325,-9.0,8.0,-75.0
1777890461.0483325,-11.0,4.0,-76.0
1777890461.0583324,-8.0,3.0,-79.0
1777890461.0683324,-11.0,6.0,-77.0
1777890461.0783324,-8.0,6.0,-85.0
1777890461.0883324,-7.0,0.0,-83.0
1777890461.0983324,-8.0,4.0,-79.0
1777890461.1083324,-6.0,2.0,-75.0
1777890461.1183324,-6.0,0.0,-73.0
1777890461.1283324,0.0,-3.0,-79.0
1777890461.1383324,0.0,-1.0,-80.0
1777890461.1483324,0.0,-1.0,-74.0
1777890461.1583323,-4.0,0.0,-66.0
1777890461.1683323,0.0,3.0,-66.0
1777890461.1783323,1.0,0.0,-70.0
1777890461.1883323,1.0,-2.0,-70.0
1777890461.1983323,7.0,1.0,-72.0
1777890461.2083323,7.0,0.0,-66.0
1777890461.2183323,9.0,0.0,-66.0
1777890461.2283323,4.0,1.0,-71.0
1777890461.2383325,2.0,1.0,-74.0
1777890461.2483325,3.0,2.0,-66.0
1777890461.2583325,8.0,3.0,-63.0
1777890461.2683325,6.0,1.0,-68.0
1777890461.2783325,6.0,1.0,-65.0
1777890461.2883325,8.0,2.0,-69.0
1777890461.2983325,6.0,2.0,-65.0
1777890461.3083324,2.0,3.0,-64.0
1777890461.3183324,-3.0,1.0,-66.0
1777890461.3283324,-4.0,0.0,-68.0
1777890461.3383324,-6.0,0.0,-68.0
1777890461.3483324,-1.0,2.0,-73.0
1777890461.3583324,0.0,5.0,-72.0
1777890461.3683324,1.0,2.0,-67.0
1777890461.3783324,6.0,3.0,-73.0
1777890461.3883324,8.0,1.0,-73.0
1777890461.3983324,9.0,0.0,-73.0
1777890461.4083323,3.0,-3.0,-73.0
1777890461.4183323,6.0,-5.0,-78.0
1777890461.4283323,3.0,-5.0,-78.0
1777890461.4383323,1.0,-5.0,-77.0
1777890461.4483323,2.0,-5.0,-75.0
1777890461.4583323,3.0,-2.0,-73.0
1777890461.4683323,0.0,-5.0,-74.0
1777890461.4783323,2.0,-9.0,-63.0
1777890461.4883325,2.0,-4.0,-66.0
1777890461.4983325,6.0,-4.0,-70.0
1777890461.5083325,4.0,-7.0,-74.0
1777890461.5183325,0.0,-3.0,-74.0
1777890461.5283325,2.0,-2.0,-70.0
1777890461.5383325,3.0,-1.0,-71.0
1777890461.5483325,4.0,0.0,-74.0
1777890461.5583324,2.0,-2.0,-72.0
1777890461.5683324,2.0,-4.0,-76.0
1777890461.5783324,1.0,-4.0,-76.0
1777890461.5883324,2.0,-5.0,-74.0
1777890461.5983324,-1.0,-5.0,-77.0
1777890461.6083324,1.0,-7.0,-69.0
1777890461.6183324,-4.0,-8.0,-69.0
1777890461.6283324,-5.0,-10.0,-78.0
1777890461.6383324,-1.0,-12.0,-77.0
1777890461.6483324,-2.0,-9.0,-73.0
1777890461.6583323,0.0,-9.0,-74.0
1777890461.6683323,2.0,-8.0,-75.0
1777890461.6783323,3.0,-6.0,-69.0
1777890461.6883323,-1.0,-6.0,-69.0
1777890461.6983323,0.0,-7.0,-74.0
1777890461.7083323,0.0,-8.0,-67.0
1777890461.7183323,-1.0,-8.0,-67.0
1777890461.7283323,1.0,-8.0,-68.0
1777890461.7383325,7.0,-9.0,-71.0
1777890461.7483325,9.0,-8.0,-66.0
1777890461.7583325,6.0,-4.0,-66.0
1777890461.7683325,6.0,0.0,-65.0
1777890461.7783325,8.0,3.0,-65.0
1777890461.7883325,8.0,4.0,-70.0
1777890461.7983325,8.0,1.0,-69.0
1777890461.8083324,6.0,0.0,-69.0
1777890461.8183324,0.0,0.0,-75.0
1777890461.8283324,-4.0,0.0,-85.0
1777890461.8383324,1.0,-3.0,-91.0
1777890461.8483324,-1.0,-5.0,-85.0
1777890461.8583324,0.0,-5.0,-83.0
1777890461.8683324,1.0,-2.0,-81.0
1777890461.8783324,1.0,-3.0,-76.0
1777890461.8883324,0.0,2.0,-72.0
1777890461.8983324,-2.0,0.0,-73.0
1777890461.9083323,0.0,-1.0,-69.0
1777890461.9183323,1.0,-4.0,-64.0
1777890461.9283323,4.0,-4.0,-62.0
1777890461.9383323,2.0,-1.0,-62.0
1777890461.9483323,0.0,1.0,-62.0
1777890461.9583323,3.0,0.0,-63.0
1777890461.9683323,2.0,-2.0,-68.0
1777890461.9783323,-5.0,-3.0,-72.0
1777890461.9883325,-4.0,0.0,-76.0
1777890461.9983325,-1.0,-4.0,-74.0
1777890462.0083325,-1.0,-7.0,-71.0
1777890462.0183325,-2.0,-8.0,-60.0
1777890462.0283325,-5.0,-7.0,-62.0
1777890462.0383325,0.0,-7.0,-61.0
1777890462.0483325,-1.0,-5.0,-58.0
1777890462.0583324,0.0,0.0,-61.0
1777890462.0683324,0.0,1.0,-57.0
1777890462.0783324,-2.0,0.0,-58.0
1777890462.0883324,-2.0,1.0,-63.0
1777890462.0983324,-2.0,1.0,-67.0
1777890462.1083324,-3.0,-4.0,-66.0
1777890462.1183324,-3.0,-6.0,-74.0
1777890462.1283324,2.0,-5.0,-84.0
1777890462.1383324,4.0,-3.0,-82.0
1777890462.1483324,0.0,-2.0,-74.0
1777890462.1583323,0.0,-1.0,-74.0
1777890462.1683323,0.0,-1.0,-72.0
1777890462.1783323,-1.0,-5.0,-66.0
1777890462.1883323,-1.0,-3.0,-70.0
1777890462.1983323,-1.0,0.0,-72.0
1777890462.2083323,6.0,-2.0,-69.0
1777890462.2183323,10.0,1.0,-72.0
1777890462.2283323,6.0,-1.0,-73.0
1777890462.2383325,3.0,-3.0,-64.0
1777890462.2483325,10.0,-2.0,-64.0
1777890462.2583325,14.0,0.0,-67.0
1777890462.2683325,11.0,3.0,-75.0
1777890462.2783325,7.0,3.0,-77.0
1777890462.2883325,9.0,0.0,-81.0
1777890462.2983325,3.0,0.0,-75.0
1777890462.3083324,0.0,-2.0,-70.0
1777890462.3183324,0.0,-4.0,-70.0
1777890462.3283324,-2.0,-4.0,-76.0
1777890462.3383324,-1.0,-4.0,-74.0
1777890462.3483324,1.0,-3.0,-71.0
1777890462.3583324,5.0,0.0,-74.0
1777890462.3683324,0.0,1.0,-72.0
1777890462.3783324,-2.0,-1.0,-67.0
1777890462.3883324,-5.0,2.0,-66.0
1777890462.3983324,-5.0,1.0,-68.0
1777890462.4083323,-5.0,0.0,-72.0
1777890462.4183323,2.0,0.0,-83.0
1777890462.4283323,0.0,1.0,-80.0
1777890462.4383323,-1.0,4.0,-81.0
1777890462.4483323,0.0,1.0,-80.0
1777890462.4583323,1.0,1.0,-69.0
1777890462.4683323,0.0,3.0,-66.0
1777890462.4783323,-3.0,0.0,-72.0
1777890462.4883325,-5.0,0.0,-65.0
1777890462.4993324,-3.0,0.0,-72.0
1777890462.5093324,-3.0,4.0,-73.0
1777890462.5183325,0.0,2.0,-71.0
1777890462.5293324,1.0,1.0,-74.0
1777890462.5393324,2.0,3.0,-75.0
1777890462.5493324,2.0,3.0,-72.0
1777890462.5593324,6.0,3.0,-72.0
1777890462.5693324,3.0,7.0,-76.0
1777890462.5793324,0.0,3.0,-80.0
1777890462.5893323,-1.0,8.0,-81.0
1777890462.5993323,1.0,7.0,-83.0
1777890462.6093323,3.0,9.0,-76.0
1777890462.6193323,0.0,9.0,-71.0
1777890462.6293323,1.0,3.0,-68.0
1777890462.6393323,3.0,1.0,-68.0
1777890462.6493323,4.0,-1.0,-71.0
1777890462.6593325,6.0,1.0,-74.0
1777890462.6693325,5.0,-1.0,-68.0
1777890462.6793325,4.0,-3.0,-73.0
1777890462.6893325,6.0,0.0,-68.0
1777890462.6993325,7.0,0.0,-74.0
1777890462.7093325,4.0,-2.0,-73.0
1777890462.7193325,1.0,-2.0,-69.0
1777890462.7293324,7.0,-2.0,-79.0
1777890462.7393324,3.0,-2.0,-77.0
1777890462.7493324,4.0,-1.0,-75.0
1777890462.7593324,1.0,0.0,-67.0
1777890462.7693324,2.0,0.0,-69.0
1777890462.7793324,0.0,-4.0,-75.0
1777890462.7893324,0.0,-4.0,-71.0
1777890462.7993324,1.0,0.0,-66.0
1777890462.8093324,4.0,5.0,-69.0
1777890462.8193324,4.0,5.0,-71.0
1777890462.8293324,5.0,3.0,-73.0
1777890462.8393323,7.0,5.0,-72.0
1777890462.8493323,10.0,0.0,-76.0
1777890462.8593323,9.0,-2.0,-74.0
1777890462.8693323,9.0,-4.0,-68.0
1777890462.8793323,11.0,-2.0,-67.0
1777890462.8893323,8.0,-2.0,-67.0
1777890462.8993323,7.0,1.0,-69.0
1777890462.9093325,5.0,4.0,-73.0
1777890462.9193325,5.0,2.0,-74.0
1777890462.9293325,2.0,6.0,-71.0
1777890462.9393325,3.0,7.0,-68.0
1777890462.9493325,4.0,5.0,-63.0
1777890462.9593325,10.0,0.0,-65.0
1777890462.9693325,3.0,-3.0,-74.0
1777890462.9793324,-2.0,-3.0,-76.0
1777890462.9893324,-4.0,-4.0,-72.0
1777890462.9993324,1.0,-4.0,-71.0
1777890463.0093324,-1.0,-3.0,-72.0
1777890463.0193324,4.0,-4.0,-68.0
1777890463.0293324,1.0,-4.0,-64.0
1777890463.0393324,0.0,-1.0,-65.0
1777890463.0493324,1.0,0.0,-66.0
1777890463.0593324,-3.0,1.0,-68.0
1777890463.0693324,-4.0,-2.0,-68.0
1777890463.0793324,-3.0,0.0,-72.0
1777890463.0893323,-6.0,5.0,-69.0
1777890463.0993323,-1.0,3.0,-70.0
1777890463.1093323,3.0,3.0,-63.0
1777890463.1193323,2.0,2.0,-61.0
1777890463.1293323,4.0,2.0,-57.0
1777890463.1393323,2.0,-3.0,-56.0
1777890463.1493323,0.0,-4.0,-61.0
1777890463.1593325,-3.0,-7.0,-69.0
1777890463.1693325,-5.0,-5.0,-65.0
1777890463.1793325,-5.0,-1.0,-68.0
1777890463.1893325,-2.0,-2.0,-73.0
1777890463.1993325,-3.0,-8.0,-72.0
1777890463.2093325,-2.0,-6.0,-65.0
1777890463.2193325,-2.0,-8.0,-72.0
1777890463.2293324,-7.0,-5.0,-70.0
1777890463.2393324,-8.0,-2.0,-67.0
1777890463.2493324,-8.0,-2.0,-69.0
1777890463.2593324,-9.0,0.0,-74.0
1777890463.2693324,-6.0,0.0,-74.0
1777890463.2793324,-6.0,-3.0,-73.0
1777890463.2893324,-2.0,-2.0,-67.0
1777890463.2993324,0.0,-5.0,-68.0
1777890463.3093324,4.0,-1.0,-68.0
1777890463.3193324,3.0,-1.0,-73.0
1777890463.3293324,4.0,-4.0,-74.0
1777890463.3393323,1.0,-2.0,-66.0
1777890463.3493323,0.0,0.0,-65.0
1777890463.3593323,0.0,0.0,-70.0
1777890463.3693323,1.0,3.0,-67.0
1777890463.3793323,-1.0,3.0,-67.0
1777890463.3893323,-2.0,4.0,-71.0
1777890463.3993323,-3.0,3.0,-67.0
1777890463.4093325,-4.0,3.0,-66.0
1777890463.4193325,-2.0,9.0,-68.0
1777890463.4293325,0.0,7.0,-72.0
1777890463.4393325,1.0,4.0,-72.0
1777890463.4493325,3.0,3.0,-68.0
1777890463.4593325,1.0,1.0,-62.0
1777890463.4693325,1.0,-1.0,-65.0
1777890463.4793324,4.0,-2.0,-60.0
1777890463.4893324,3.0,-4.0,-58.0
1777890463.4993324,2.0,2.0,-67.0
1777890463.5093324,4.0,2.0,-71.0
1777890463.5193324,4.0,6.0,-70.0
1777890463.5293324,8.0,6.0,-65.0
1777890463.5393324,10.0,4.0,-67.0
1777890463.5493324,9.0,1.0,-60.0
1777890463.5593324,4.0,1.0,-58.0
1777890463.5693324,5.0,3.0,-65.0
1777890463.5793324,4.0,1.0,-65.0
1777890463.5893323,1.0,2.0,-71.0
1777890463.5993323,1.0,1.0,-77.0
1777890463.6093323,2.0,2.0,-80.0
1777890463.6193323,6.0,-2.0,-71.0
1777890463.6293323,7.0,1.0,-67.0
1777890463.6393323,11.0,1.0,-68.0
1777890463.6493323,9.0,-1.0,-60.0
1777890463.6593325,7.0,-1.0,-64.0
1777890463.6693325,3.0,0.0,-65.0
1777890463.6793325,2.0,0.0,-69.0
1777890463.6893325,2.0,0.0,-69.0
1777890463.6993325,4.0,4.0,-64.0
1777890463.7093325,4.0,7.0,-65.0
1777890463.7193325,0.0,0.0,-68.0
1777890463.7293324,4.0,-2.0,-61.0
1777890463.7393324,0.0,0.0,-60.0
1777890463.7493324,2.0,-1.0,-59.0
1777890463.7593324,0.0,-4.0,-62.0
1777890463.7693324,0.0,-3.0,-65.0
1777890463.7793324,-3.0,-3.0,-65.0
1777890463.7893324,-1.0,0.0,-65.0
1777890463.7993324,-3.0,3.0,-69.0
1777890463.8093324,0.0,0.0,-70.0
1777890463.8193324,0.0,-1.0,-68.0
1777890463.8293324,3.0,0.0,-71.0
1777890463.8393323,1.0,-1.0,-66.0
1777890463.8493323,-1.0,-4.0,-67.0
1777890463.8593323,0.0,-3.0,-70.0
1777890463.8693323,3.0,-4.0,-73.0
1777890463.8793323,3.0,-2.0,-77.0
1777890463.8893323,-1.0,-5.0,-76.0
1777890463.8993323,2.0,-5.0,-73.0
1777890463.9093325,0.0,-3.0,-84.0
1777890463.9193325,-2.0,-1.0,-81.0
1777890463.9293325,-5.0,0.0,-79.0
1777890463.9393325,-3.0,-5.0,-77.0
1777890463.9493325,-6.0,-8.0,-77.0
1777890463.9593325,-3.0,-8.0,-74.0
1777890463.9693325,-3.0,-10.0,-72.0
1777890463.9793324,-3.0,-12.0,-76.0
1777890463.9893324,-2.0,-8.0,-78.0
1777890463.9993324,0.0,-5.0,-71.0
1777890464.0093324,0.0,-6.0,-76.0
1777890464.0193324,0.0,-8.0,-73.0
1777890464.0293324,-3.0,-6.0,-69.0
1777890464.0393324,-4.0,-6.0,-70.0
1777890464.0493324,-1.0,-4.0,-71.0
1777890464.0593324,1.0,-9.0,-72.0
1777890464.0693324,0.0,-8.0,-71.0
1777890464.0793324,4.0,-6.0,-71.0
1777890464.0893323,1.0,-8.0,-74.0
1777890464.0993323,3.0,-8.0,-72.0
1777890464.1093323,1.0,-4.0,-70.0
1777890464.1193323,1.0,-1.0,-69.0
1777890464.1293323,-5.0,-1.0,-71.0
1777890464.1393323,-1.0,3.0,-74.0
1777890464.1493323,-1.0,4.0,-78.0
1777890464.1593325,2.0,4.0,-77.0
1777890464.1693325,4.0,3.0,-70.0
1777890464.1793325,2.0,4.0,-69.0
1777890464.1893325,0.0,2.0,-66.0
1777890464.1993325,5.0,2.0,-66.0
1777890464.2093325,0.0,0.0,-67.0
1777890464.2193325,3.0,3.0,-65.0
1777890464.2293324,3.0,1.0,-67.0
1777890464.2393324,1.0,-3.0,-62.0
1777890464.2493324,1.0,-4.0,-70.0
1777890464.2593324,4.0,-3.0,-71.0
1777890464.2693324,3.0,-3.0,-72.0
1777890464.2793324,4.0,0.0,-66.0
1777890464.2893324,-1.0,0.0,-73.0
1777890464.2993324,0.0,-4.0,-78.0
1777890464.3093324,0.0,-7.0,-75.0
1777890464.3193324,4.0,-4.0,-75.0
1777890464.3293324,4.0,-5.0,-75.0
1777890464.3393323,9.0,-3.0,-74.0
1777890464.3493323,8.0,-2.0,-81.0
1777890464.3593323,7.0,-2.0,-81.0
1777890464.3693323,5.0,0.0,-86.0
1777890464.3793323,5.0,-2.0,-80.0
1777890464.3893323,5.0,-3.0,-72.0
1777890464.3993323,2.0,-4.0,-74.0
1777890464.4093325,6.0,0.0,-69.0
1777890464.4193325,9.0,-1.0,-69.0
1777890464.4293325,6.0,0.0,-67.0
1777890464.4393325,6.0,0.0,-59.0
1777890464.4493325,9.0,-2.0,-57.0
1777890464.4593325,7.0,2.0,-59.0
1777890464.4693325,3.0,0.0,-64.0
1777890464.4803324,4.0,3.0,-68.0
1777890464.4903324,4.0,3.0,-68.0
1777890464.5003324,3.0,1.0,-65.0
1777890464.5093324,5.0,0.0,-65.0
1777890464.5203323,8.0,0.0,-63.0
1777890464.5303323,6.0,-1.0,-68.0
1777890464.5403323,1.0,-2.0,-69.0
1777890464.5503323,2.0,-1.0,-67.0
1777890464.5603323,6.0,0.0,-66.0
1777890464.5703323,9.0,2.0,-69.0
1777890464.5803325,8.0,3.0,-72.0
1777890464.5903325,10.0,5.0,-73.0
1777890464.6003325,8.0,6.0,-76.0
1777890464.6103325,3.0,5.0,-81.0
1777890464.6203325,2.0,8.0,-79.0
1777890464.6303325,0.0,7.0,-78.0
1777890464.6403325,2.0,6.0,-83.0
1777890464.6503325,5.0,4.0,-76.0
1777890464.6603324,5.0,1.0,-77.0
1777890464.6703324,4.0,4.0,-73.0
1777890464.6803324,3.0,1.0,-74.0
1777890464.6903324,-2.0,1.0,-72.0
1777890464.7003324,-1.0,7.0,-74.0
1777890464.7103324,0.0,5.0,-78.0
1777890464.7203324,-4.0,2.0,-82.0
1777890464.7303324,-3.0,1.0,-75.0
1777890464.7403324,-2.0,1.0,-76.0
1777890464.7503324,-3.0,0.0,-72.0
1777890464.7603323,-3.0,-1.0,-67.0
1777890464.7703323,-2.0,0.0,-61.0
1777890464.7803323,4.0,3.0,-62.0
1777890464.7903323,8.0,3.0,-64.0
1777890464.8003323,8.0,6.0,-66.0
1777890464.8103323,1.0,5.0,-68.0
1777890464.8203323,0.0,4.0,-73.0
1777890464.8303325,0.0,2.0,-79.0
1777890464.8403325,0.0,1.0,-82.0
1777890464.8503325,-4.0,1.0,-81.0
1777890464.8603325,-4.0,4.0,-83.0
1777890464.8703325,-5.0,0.0,-90.0
1777890464.8803325,-4.0,-2.0,-89.0
1777890464.8903325,-7.0,-3.0,-81.0
1777890464.9003325,-8.0,-5.0,-76.0
1777890464.9103324,-5.0,-1.0,-76.0
1777890464.9203324,-3.0,0.0,-81.0
1777890464.9303324,-2.0,0.0,-85.0
1777890464.9403324,0.0,5.0,-76.0
1777890464.9503324,2.0,4.0,-73.0
1777890464.9603324,-2.0,3.0,-69.0
1777890464.9703324,-4.0,0.0,-73.0
1777890464.9803324,-4.0,0.0,-76.0
1777890464.9903324,-2.0,-2.0,-81.0
1777890465.0003324,1.0,0.0,-80.0
1777890465.0103323,0.0,0.0,-81.0
1777890465.0203323,-5.0,-1.0,-76.0
1777890465.0303323,-10.0,-3.0,-79.0
1777890465.0403323,-6.0,-2.0,-77.0
1777890465.0503323,-1.0,-2.0,-77.0
1777890465.0603323,0.0,-7.0,-81.0
1777890465.0703323,-1.0,-5.0,-80.0
1777890465.0803325,0.0,-9.0,-84.0
1777890465.0903325,0.0,-6.0,-83.0
1777890465.1003325,0.0,-8.0,-79.0
1777890465.1103325,1.0,-8.0,-80.0
1777890465.1203325,6.0,-3.0,-78.0
1777890465.1303325,2.0,-5.0,-75.0
1777890465.1403325,3.0,0.0,-79.0
1777890465.1503325,1.0,1.0,-80.0
1777890465.1603324,1.0,3.0,-78.0
1777890465.1703324,3.0,1.0,-74.0
1777890465.1803324,6.0,0.0,-80.0
1777890465.1903324,6.0,1.0,-87.0
1777890465.2003324,2.0,-1.0,-82.0
1777890465.2103324,6.0,-3.0,-82.0
1777890465.2203324,6.0,-6.0,-84.0
1777890465.2303324,7.0,-7.0,-81.0
1777890465.2403324,0.0,-7.0,-75.0
1777890465.2503324,1.0,-8.0,-73.0
1777890465.2603323,1.0,-12.0,-69.0
1777890465.2703323,0.0,-9.0,-69.0
1777890465.2803323,3.0,-10.0,-74.0
1777890465.2903323,3.0,-7.0,-69.0
1777890465.3003323,1.0,-6.0,-68.0
1777890465.3103323,0.0,-5.0,-65.0
1777890465.3203323,0.0,-4.0,-63.0
1777890465.3303325,0.0,-6.0,-60.0
1777890465.3403325,-2.0,-7.0,-63.0
1777890465.3503325,0.0,-5.0,-63.0
1777890465.3603325,4.0,-3.0,-61.0
1777890465.3703325,5.0,0.0,-60.0
1777890465.3803325,2.0,-3.0,-69.0
1777890465.3903325,-4.0,-3.0,-74.0
1777890465.4003325,-5.0,-4.0,-69.0
1777890465.4103324,-8.0,-4.0,-72.0
1777890465.4203324,-7.0,-3.0,-74.0
1777890465.4303324,-2.0,1.0,-77.0
1777890465.4403324,-3.0,-1.0,-81.0
1777890465.4503324,-3.0,2.0,-69.0
1777890465.4603324,-1.0,3.0,-67.0
1777890465.4703324,1.0,2.0,-65.0
1777890465.4803324,2.0,0.0,-71.0
1777890465.4903324,1.0,0.0,-70.0
1777890465.5003324,0.0,0.0,-69.0
1777890465.5103323,0.0,-3.0,-77.0
1777890465.5203323,1.0,-1.0,-78.0
1777890465.5303323,3.0,3.0,-80.0
1777890465.5403323,3.0,4.0,-81.0
1777890465.5503323,0.0,2.0,-82.0
1777890465.5603323,-4.0,0.0,-76.0
1777890465.5703323,-3.0,-2.0,-80.0
1777890465.5803325,-7.0,0.0,-71.0
1777890465.5903325,-4.0,0.0,-72.0
1777890465.6003325,-4.0,0.0,-75.0
1777890465.6103325,-4.0,-2.0,-72.0
1777890465.6203325,-2.0,-5.0,-67.0
1777890465.6303325,0.0,-4.0,-73.0
1777890465.6403325,3.0,0.0,-74.0
1777890465.6503325,1.0,3.0,-72.0
1777890465.6603324,2.0,1.0,-64.0
1777890465.6703324,3.0,-4.0,-72.0
1777890465.6803324,2.0,0.0,-78.0
1777890465.6903324,0.0,5.0,-74.0
1777890465.7003324,0.0,7.0,-73.0
1777890465.7103324,-2.0,6.0,-71.0
1777890465.7203324,0.0,4.0,-75.0
1777890465.7303324,-1.0,5.0,-69.0
1777890465.7403324,-2.0,2.0,-67.0
1777890465.7503324,-3.0,-1.0,-73.0
1777890465.7603323,-5.0,-2.0,-72.0
1777890465.7703323,-2.0,-1.0,-72.0
1777890465.7803323,-4.0,-2.0,-66.0
1777890465.7903323,-4.0,0.0,-75.0
1777890465.8003323,-3.0,0.0,-67.0
1777890465.8103323,0.0,1.0,-73.0
1777890465.8203323,-1.0,3.0,-71.0
1777890465.8303325,-1.0,0.0,-72.0
1777890465.8403325,2.0,0.0,-73.0
1777890465.8503325,0.0,-3.0,-71.0
1777890465.8603325,-1.0,-2.0,-69.0
1777890465.8703325,2.0,-6.0,-72.0
1777890465.8803325,-6.0,0.0,-68.0
1777890465.8903325,-6.0,0.0,-68.0
1777890465.9003325,-7.0,-4.0,-62.0
1777890465.9103324,-11.0,-6.0,-55.0
1777890465.9203324,-8.0,-7.0,-57.0
1777890465.9303324,-6.0,-7.0,-64.0
1777890465.9403324,-1.0,-6.0,-65.0
1777890465.9503324,0.0,-9.0,-78.0
1777890465.9603324,2.0,-9.0,-76.0
1777890465.9703324,2.0,-7.0,-76.0
1777890465.9803324,1.0,-6.0,-69.0
1777890465.9903324,3.0,-4.0,-58.0
1777890466.0003324,3.0,-6.0,-63.0
1777890466.0103323,0.0,-6.0,-63.0
1777890466.0203323,0.0,-2.0,-69.0
1777890466.0303323,-4.0,0.0,-69.0
1777890466.0403323,-3.0,-1.0,-64.0
1777890466.0503323,-4.0,-2.0,-62.0
1777890466.0603323,-2.0,-2.0,-61.0
1777890466.0703323,0.0,-2.0,-65.0
1777890466.0803325,0.0,-2.0,-63.0
1777890466.0903325,2.0,2.0,-65.0
1777890466.1003325,0.0,2.0,-67.0
1777890466.1103325,0.0,0.0,-71.0
1777890466.1203325,1.0,4.0,-74.0
1777890466.1303325,5.0,-1.0,-79.0
1777890466.1403325,7.0,-4.0,-91.0
1777890466.1503325,7.0,-1.0,-86.0
1777890466.1603324,10.0,2.0,-81.0
1777890466.1703324,9.0,3.0,-74.0
1777890466.1803324,5.0,-1.0,-73.0
1777890466.1903324,5.0,1.0,-75.0
1777890466.2003324,6.0,4.0,-83.0
1777890466.2103324,4.0,1.0,-82.0
1777890466.2203324,0.0,1.0,-78.0
1777890466.2303324,-1.0,0.0,-79.0
1777890466.2403324,0.0,0.0,-80.0
1777890466.2503324,7.0,-4.0,-82.0
1777890466.2603323,12.0,-10.0,-84.0
1777890466.2703323,8.0,-14.0,-87.0
1777890466.2803323,4.0,-10.0,-90.0
1777890466.2903323,3.0,-6.0,-90.0
1777890466.3003323,2.0,-6.0,-87.0
1777890466.3103323,0.0,-3.0,-85.0
1777890466.3203323,-1.0,-1.0,-83.0
1777890466.3303325,4.0,1.0,-83.0
1777890466.3403325,0.0,2.0,-82.0
1777890466.3503325,4.0,0.0,-80.0
1777890466.3603325,5.0,2.0,-74.0
1777890466.3703325,4.0,0.0,-71.0
1777890466.3803325,5.0,-2.0,-72.0
1777890466.3903325,2.0,-4.0,-65.0
1777890466.4003325,-1.0,-3.0,-67.0
1777890466.4103324,1.0,-1.0,-70.0
1777890466.4203324,1.0,-3.0,-66.0
1777890466.4303324,0.0,-6.0,-62.0
1777890466.4403324,1.0,-3.0,-67.0
1777890466.4503324,1.0,-1.0,-71.0
1777890466.4603324,4.0,-2.0,-75.0
1777890466.4703324,4.0,-4.0,-77.0
1777890466.4803324,6.0,-9.0,-71.0
1777890466.4913323,9.0,-2.0,-71.0
1777890466.5013323,9.0,0.0,-77.0
1777890466.5113325,12.0,-2.0,-78.0
1777890466.5213325,9.0,-1.0,-79.0
1777890466.5313325,11.0,-2.0,-76.0
1777890466.5413325,5.0,-6.0,-71.0
1777890466.5513325,0.0,-7.0,-77.0
1777890466.5613325,-1.0,-7.0,-77.0
1777890466.5713325,1.0,-9.0,-78.0
1777890466.5813324,3.0,-8.0,-75.0
1777890466.5913324,4.0,-5.0,-79.0
1777890466.6013324,0.0,-4.0,-79.0
1777890466.6113324,0.0,-3.0,-76.0
1777890466.6213324,3.0,-7.0,-77.0
1777890466.6313324,5.0,-6.0,-83.0
1777890466.6413324,6.0,-7.0,-86.0
1777890466.6513324,3.0,-9.0,-85.0
1777890466.6613324,2.0,-12.0,-87.0
1777890466.6713324,0.0,-10.0,-87.0
1777890466.6813323,-2.0,-8.0,-82.0
1777890466.6913323,3.0,-6.0,-82.0
1777890466.7013323,1.0,-6.0,-82.0
1777890466.7113323,0.0,-2.0,-78.0
1777890466.7213323,3.0,2.0,-76.0
1777890466.7313323,2.0,4.0,-73.0
1777890466.7413323,2.0,5.0,-77.0
1777890466.7513323,1.0,0.0,-76.0
1777890466.7613325,2.0,-1.0,-78.0
1777890466.7713325,1.0,-3.0,-68.0
1777890466.7813325,4.0,0.0,-69.0
1777890466.7913325,0.0,-2.0,-67.0
1777890466.8013325,-4.0,-2.0,-64.0
1777890466.8113325,-4.0,-1.0,-60.0
1777890466.8213325,-3.0,1.0,-66.0
1777890466.8313324,-5.0,0.0,-71.0
1777890466.8413324,-4.0,-2.0,-71.0
1777890466.8513324,-4.0,-2.0,-71.0
1777890466.8613324,0.0,-2.0,-80.0
1777890466.8713324,5.0,-2.0,-81.0
1777890466.8813324,6.0,-2.0,-76.0
1777890466.8913324,6.0,-1.0,-75.0
1777890466.9013324,4.0,-5.0,-74.0
1777890466.9113324,1.0,-3.0,-75.0
1777890466.9213324,3.0,-4.0,-72.0
1777890466.9313323,1.0,-3.0,-72.0
1777890466.9413323,-1.0,0.0,-73.0
1777890466.9513323,0.0,-6.0,-80.0
1777890466.9613323,1.0,-4.0,-81.0
1777890466.9713323,1.0,-8.0,-79.0
1777890466.9813323,1.0,-9.0,-79.0
1777890466.9913323,1.0,-6.0,-77.0
1777890467.0013323,1.0,-6.0,-81.0
1777890467.0113325,-4.0,-3.0,-82.0
1777890467.0213325,-3.0,-1.0,-76.0
1777890467.0313325,0.0,-2.0,-79.0
1777890467.0413325,-1.0,-2.0,-80.0
1777890467.0513325,-3.0,-3.0,-77.0
1777890467.0613325,-9.0,-1.0,-69.0
1777890467.0713325,-8.0,-2.0,-67.0
1777890467.0813324,-7.0,-6.0,-70.0
1777890467.0913324,-6.0,-5.0,-74.0
1777890467.1013324,-4.0,-3.0,-81.0
1777890467.1113324,-4.0,0.0,-75.0
1777890467.1213324,-1.0,-3.0,-73.0
1777890467.1313324,0.0,-3.0,-69.0
1777890467.1413324,1.0,0.0,-72.0
1777890467.1513324,5.0,1.0,-77.0
1777890467.1613324,2.0,2.0,-76.0
1777890467.1713324,6.0,0.0,-76.0
1777890467.1813323,3.0,0.0,-74.0
1777890467.1913323,3.0,2.0,-72.0
1777890467.2013323,0.0,1.0,-69.0
1777890467.2113323,0.0,4.0,-75.0
1777890467.2213323,0.0,2.0,-82.0
1777890467.2313323,1.0,-4.0,-79.0
1777890467.2413323,-2.0,-4.0,-74.0
1777890467.2513323,-4.0,-4.0,-75.0
1777890467.2613325,-6.0,-3.0,-80.0
1777890467.2713325,-9.0,0.0,-87.0
1777890467.2813325,-7.0,-2.0,-81.0
1777890467.2913325,-2.0,0.0,-79.0
1777890467.3013325,1.0,-1.0,-72.0
1777890467.3113325,2.0,0.0,-70.0
1777890467.3213325,3.0,0.0,-72.0
1777890467.3313324,10.0,3.0,-74.0
1777890467.3413324,11.0,0.0,-72.0
1777890467.3513324,7.0,-2.0,-71.0
1777890467.3613324,3.0,-4.0,-70.0
1777890467.3713324,3.0,0.0,-67.0
1777890467.3813324,2.0,1.0,-72.0
1777890467.3913324,2.0,7.0,-78.0
1777890467.4013324,-1.0,4.0,-81.0
1777890467.4113324,1.0,9.0,-81.0
1777890467.4213324,0.0,5.0,-82.0
1777890467.4313323,1.0,4.0,-79.0
1777890467.4413323,-1.0,4.0,-79.0
1777890467.4513323,-1.0,5.0,-76.0
1777890467.4613323,-1.0,1.0,-74.0
1777890467.4713323,-4.0,3.0,-65.0
1777890467.4813323,-6.0,4.0,-63.0
1777890467.4913323,-5.0,0.0,-62.0
1777890467.5013323,-9.0,0.0,-70.0
1777890467.5113325,-7.0,2.0,-78.0
1777890467.5213325,-5.0,6.0,-86.0
1777890467.5313325,-6.0,4.0,-80.0
1777890467.5413325,-8.0,2.0,-76.0
1777890467.5513325,-4.0,4.0,-71.0
1777890467.5613325,2.0,4.0,-68.0
1777890467.5713325,2.0,-1.0,-69.0
1777890467.5813324,3.0,-1.0,-69.0
1777890467.5913324,2.0,-2.0,-70.0
1777890467.6013324,0.0,-4.0,-70.0
1777890467.6113324,0.0,-1.0,-76.0
1777890467.6213324,-1.0,-3.0,-71.0
1777890467.6313324,-1.0,-3.0,-73.0
1777890467.6413324,0.0,-4.0,-72.0
1777890467.6513324,-1.0,2.0,-78.0
1777890467.6613324,0.0,6.0,-80.0
1777890467.6713324,-3.0,7.0,-89.0
1777890467.6813323,-5.0,6.0,-81.0
1777890467.6913323,-2.0,0.0,-74.0
1777890467.7013323,-4.0,0.0,-78.0
1777890467.7113323,-7.0,0.0,-71.0
1777890467.7213323,-3.0,0.0,-73.0
1777890467.7313323,-5.0,3.0,-69.0
1777890467.7413323,-4.0,0.0,-69.0
1777890467.7513323,-2.0,-5.0,-70.0
1777890467.7613325,0.0,-2.0,-69.0
1777890467.7713325,-2.0,-3.0,-74.0
1777890467.7813325,-4.0,-2.0,-80.0
1777890467.7913325,-5.0,-6.0,-71.0
1777890467.8013325,-1.0,0.0,-69.0
1777890467.8113325,-3.0,-2.0,-70.0
1777890467.8223324,-3.0,-1.0,-67.0
1777890467.8313324,-3.0,-1.0,-68.0
1777890467.8413324,-3.0,0.0,-69.0
1777890467.8513324,-2.0,0.0,-69.0
1777890467.8613324,0.0,-2.0,-71.0
1777890467.8713324,2.0,-2.0,-71.0
1777890467.8813324,4.0,0.0,-66.0
1777890467.8913324,4.0,2.0,-63.0
1777890467.9013324,5.0,2.0,-67.0
1777890467.9113324,8.0,1.0,-70.0
1777890467.9213324,5.0,0.0,-70.0
1777890467.9313323,2.0,0.0,-72.0
1777890467.9413323,0.0,-2.0,-76.0
1777890467.9513323,-1.0,0.0,-74.0
1777890467.9613323,-2.0,-2.0,-72.0
1777890467.9713323,0.0,-1.0,-73.0
1777890467.9813323,3.0,-1.0,-69.0
1777890467.9913323,7.0,-2.0,-68.0
1777890468.0013323,6.0,-3.0,-69.0
1777890468.0113325,2.0,-3.0,-65.0
1777890468.0213325,1.0,-2.0,-70.0
1777890468.0313325,0.0,0.0,-74.0
1777890468.0413325,1.0,1.0,-76.0
1777890468.0513325,2.0,0.0,-70.0
1777890468.0613325,1.0,-3.0,-67.0
1777890468.0713325,-4.0,-3.0,-78.0
1777890468.0813324,0.0,-6.0,-75.0
1777890468.0913324,1.0,-3.0,-81.0
1777890468.1013324,1.0,-2.0,-80.0
1777890468.1113324,0.0,-3.0,-85.0
1777890468.1213324,1.0,-6.0,-84.0
1777890468.1313324,0.0,-4.0,-84.0
1777890468.1413324,5.0,-4.0,-81.0
1777890468.1513324,8.0,-5.0,-82.0
1777890468.1613324,7.0,-8.0,-78.0
1777890468.1713324,3.0,-7.0,-74.0
1777890468.1813323,2.0,-3.0,-73.0
1777890468.1913323,1.0,-3.0,-73.0
1777890468.2013323,-4.0,-5.0,-78.0
1777890468.2113323,2.0,-2.0,-75.0
1777890468.2213323,2.0,1.0,-79.0
1777890468.2313323,3.0,1.0,-79.0
1777890468.2413323,1.0,3.0,-77.0
1777890468.2513323,0.0,2.0,-76.0
1777890468.2613325,-2.0,1.0,-75.0
1777890468.2713325,-5.0,3.0,-73.0
1777890468.2813325,-1.0,2.0,-76.0
1777890468.2913325,5.0,0.0,-78.0
1777890468.3013325,9.0,-2.0,-75.0
1777890468.3113325,9.0,-1.0,-74.0
1777890468.3213325,5.0,1.0,-68.0
1777890468.3313324,6.0,2.0,-68.0
1777890468.3413324,2.0,2.0,-74.0
1777890468.3513324,5.0,4.0,-72.0
1777890468.3613324,4.0,0.0,-71.0
1777890468.3713324,0.0,0.0,-78.0
1777890468.3813324,-1.0,3.0,-78.0
1777890468.3913324,-2.0,5.0,-74.0
1777890468.4013324,-5.0,2.0,-73.0
1777890468.4113324,-3.0,1.0,-72.0
1777890468.4213324,1.0,3.0,-73.0
1777890468.4313323,8.0,3.0,-77.0
1777890468.4413323,7.0,2.0,-70.0
1777890468.4513323,0.0,3.0,-64.0
1777890468.4613323,-1.0,7.0,-62.0
1777890468.4723325,1.0,5.0,-62.0
1777890468.4823325,-2.0,4.0,-61.0
1777890468.4923325,-3.0,8.0,-65.0
1777890468.5023324,-3.0,7.0,-71.0
1777890468.5123324,-3.0,4.0,-69.0
1777890468.5223324,-2.0,0.0,-73.0
1777890468.5323324,-1.0,4.0,-79.0
1777890468.5423324,-3.0,0.0,-81.0
1777890468.5523324,-3.0,-4.0,-73.0
1777890468.5623324,-3.0,-1.0,-67.0
1777890468.5723324,-4.0,-4.0,-71.0
1777890468.5823324,-9.0,-1.0,-71.0
1777890468.5923324,-3.0,-3.0,-76.0
1777890468.6023324,-4.0,-3.0,-74.0
1777890468.6123323,0.0,-1.0,-73.0
1777890468.6223323,0.0,-2.0,-73.0
1777890468.6323323,-2.0,-2.0,-70.0
1777890468.6423323,1.0,-5.0,-73.0
1777890468.6523323,4.0,-6.0,-72.0
1777890468.6623323,6.0,-9.0,-77.0
1777890468.6723323,7.0,-9.0,-79.0
1777890468.6823325,3.0,-3.0,-75.0
1777890468.6923325,2.0,-4.0,-75.0
1777890468.7023325,-1.0,-2.0,-71.0
1777890468.7123325,3.0,0.0,-73.0
1777890468.7223325,0.0,2.0,-75.0
1777890468.7323325,-1.0,6.0,-77.0
1777890468.7423325,-8.0,2.0,-75.0
1777890468.7523324,-8.0,6.0,-77.0
1777890468.7623324,-1.0,4.0,-78.0
1777890468.7723324,3.0,1.0,-76.0
1777890468.7823324,0.0,-2.0,-72.0
1777890468.7923324,0.0,2.0,-80.0
1777890468.8023324,0.0,2.0,-80.0
1777890468.8123324,5.0,8.0,-76.0
1777890468.8223324,10.0,7.0,-77.0
1777890468.8323324,13.0,6.0,-75.0
1777890468.8423324,8.0,7.0,-76.0
1777890468.8523324,6.0,6.0,-76.0
1777890468.8623323,1.0,3.0,-77.0
1777890468.8723323,0.0,0.0,-80.0
1777890468.8823323,1.0,2.0,-80.0
1777890468.8923323,-2.0,0.0,-79.0
1777890468.9023323,2.0,2.0,-83.0
1777890468.9123323,2.0,3.0,-85.0
1777890468.9223323,5.0,1.0,-73.0
1777890468.9323325,3.0,3.0,-76.0
1777890468.9423325,4.0,1.0,-79.0
1777890468.9523325,6.0,0.0,-75.0
1777890468.9623325,3.0,-2.0,-74.0
1777890468.9723325,2.0,-4.0,-78.0
1777890468.9823325,7.0,-4.0,-77.0
1777890468.9923325,3.0,1.0,-77.0
1777890469.0023324,4.0,0.0,-77.0
1777890469.0123324,2.0,1.0,-85.0
1777890469.0223324,1.0,0.0,-81.0
1777890469.0323324,0.0,-2.0,-76.0
1777890469.0423324,-4.0,-1.0,-71.0
1777890469.0523324,-6.0,-2.0,-74.0
1777890469.0623324,-4.0,0.0,-70.0
1777890469.0723324,-1.0,-5.0,-69.0
1777890469.0823324,-2.0,-3.0,-71.0
1777890469.0923324,-1.0,-4.0,-71.0
1777890469.1023324,0.0,-4.0,-76.0
1777890469.1123323,0.0,-2.0,-77.0
1777890469.1223323,1.0,0.0,-75.0
1777890469.1323323,2.0,2.0,-75.0
1777890469.1423323,1.0,2.0,-75.0
1777890469.1523323,0.0,-1.0,-69.0
1777890469.1623323,-1.0,-2.0,-68.0
1777890469.1723323,-4.0,-1.0,-70.0
1777890469.1823325,-6.0,0.0,-71.0
1777890469.1923325,-6.0,0.0,-72.0
1777890469.2023325,-7.0,0.0,-72.0
1777890469.2123325,-6.0,1.0,-70.0
1777890469.2223325,-8.0,0.0,-70.0
1777890469.2323325,-4.0,-1.0,-70.0
1777890469.2423325,-3.0,2.0,-74.0
1777890469.2523324,-1.0,0.0,-74.0
1777890469.2623324,0.0,-5.0,-75.0
1777890469.2723324,-3.0,-7.0,-73.0
1777890469.2823324,-6.0,-6.0,-73.0
1777890469.2923324,-3.0,-8.0,-74.0
1777890469.3023324,1.0,-6.0,-76.0
1777890469.3123324,4.0,-2.0,-76.0
1777890469.3223324,0.0,-1.0,-74.0
1777890469.3323324,-1.0,-2.0,-72.0
1777890469.3423324,-3.0,-3.0,-66.0
1777890469.3523324,-3.0,-3.0,-62.0
1777890469.3623323,0.0,-2.0,-68.0
1777890469.3723323,-2.0,-2.0,-69.0
1777890469.3823323,-4.0,1.0,-66.0
1777890469.3923323,-6.0,7.0,-65.0
1777890469.4023323,-6.0,4.0,-73.0
1777890469.4123323,-8.0,0.0,-74.0
1777890469.4223323,-9.0,-7.0,-68.0
1777890469.4323325,-7.0,-1.0,-74.0
1777890469.4423325,-11.0,-3.0,-78.0
1777890469.4523325,-8.0,-3.0,-77.0
1777890469.4623325,-5.0,1.0,-76.0
1777890469.4723325,-3.0,-1.0,-74.0
1777890469.4823325,-1.0,0.0,-73.0
1777890469.4923325,0.0,0.0,-77.0
1777890469.5023324,-1.0,2.0,-75.0
1777890469.5123324,-1.0,0.0,-72.0
1777890469.5223324,-1.0,-1.0,-67.0
1777890469.5323324,-2.0,2.0,-74.0
1777890469.5423324,-2.0,3.0,-73.0
1777890469.5523324,-2.0,3.0,-73.0
1777890469.5623324,-1.0,4.0,-68.0
1777890469.5723324,2.0,6.0,-72.0
1777890469.5823324,2.0,4.0,-74.0
1777890469.5923324,1.0,2.0,-64.0
1777890469.6023324,1.0,0.0,-62.0
1777890469.6123323,9.0,0.0,-67.0
1777890469.6223323,4.0,3.0,-67.0
1777890469.6323323,2.0,2.0,-69.0
1777890469.6423323,4.0,0.0,-70.0
1777890469.6523323,-2.0,1.0,-70.0
1777890469.6623323,3.0,0.0,-70.0
1777890469.6723323,4.0,4.0,-64.0
1777890469.6823325,0.0,1.0,-68.0
1777890469.6923325,1.0,2.0,-68.0
1777890469.7023325,0.0,0.0,-62.0
1777890469.7123325,0.0,2.0,-57.0
1777890469.7223325,-2.0,3.0,-57.0
1777890469.7323325,0.0,3.0,-56.0
1777890469.7423325,2.0,3.0,-60.0
1777890469.7523324,2.0,2.0,-66.0
1777890469.7623324,-1.0,0.0,-66.0
1777890469.7723324,0.0,0.0,-74.0
1777890469.7823324,1.0,-3.0,-74.0
1777890469.7923324,1.0,-4.0,-71.0
1777890469.8023324,4.0,-4.0,-74.0
1777890469.8123324,2.0,-4.0,-71.0
1777890469.8223324,1.0,1.0,-69.0
1777890469.8323324,0.0,0.0,-67.0
1777890469.8423324,-2.0,-2.0,-69.0
1777890469.8523324,-3.0,-3.0,-66.0
1777890469.8623323,-4.0,-5.0,-63.0
1777890469.8723323,-4.0,-6.0,-77.0
1777890469.8823323,-7.0,-2.0,-76.0
1777890469.8923323,-11.0,-4.0,-76.0
1777890469.9023323,-13.0,-7.0,-75.0
1777890469.9123323,-10.0,-4.0,-72.0
1777890469.9223323,-6.0,-3.0,-75.0
1777890469.9323325,0.0,-4.0,-80.0
1777890469.9423325,-4.0,0.0,-78.0
1777890469.9523325,-2.0,5.0,-72.0
1777890469.9623325,0.0,3.0,-74.0
1777890469.9723325,3.0,0.0,-74.0
1777890469.9823325,3.0,-2.0,-72.0
1777890469.9923325,5.0,-1.0,-71.0
1777890470.0023324,4.0,0.0,-79.0
1777890470.0123324,2.0,0.0,-78.0
1777890470.0223324,1.0,-3.0,-77.0
1777890470.0323324,5.0,-6.0,-75.0
1777890470.0423324,5.0,-6.0,-76.0
1777890470.0523324,7.0,-7.0,-75.0
1777890470.0623324,8.0,-7.0,-75.0
1777890470.0723324,7.0,-2.0,-74.0
1777890470.0823324,11.0,0.0,-70.0
1777890470.0923324,10.0,1.0,-69.0
1777890470.1023324,9.0,1.0,-71.0
1777890470.1123323,9.0,3.0,-73.0
1777890470.1223323,6.0,-1.0,-76.0
1777890470.1323323,3.0,-2.0,-78.0
1777890470.1423323,7.0,0.0,-79.0
1777890470.1523323,6.0,0.0,-82.0
1777890470.1623323,5.0,3.0,-78.0
1777890470.1723323,5.0,4.0,-87.0
1777890470.1823325,1.0,7.0,-85.0
1777890470.1923325,0.0,5.0,-84.0
1777890470.2023325,-1.0,1.0,-82.0
1777890470.2123325,0.0,1.0,-78.0
1777890470.2223325,-3.0,1.0,-86.0
1777890470.2323325,0.0,1.0,-84.0
1777890470.2423325,1.0,0.0,-76.0
1777890470.2523324,-2.0,-4.0,-80.0
1777890470.2623324,-2.0,-5.0,-83.0
1777890470.2723324,0.0,0.0,-77.0
1777890470.2823324,0.0,-2.0,-74.0
1777890470.2923324,1.0,-1.0,-76.0
1777890470.3023324,0.0,0.0,-71.0
1777890470.3123324,-3.0,-3.0,-73.0
1777890470.3223324,-5.0,0.0,-73.0
1777890470.3323324,-5.0,0.0,-70.0
1777890470.3423324,-5.0,0.0,-73.0
1777890470.3523324,-4.0,-3.0,-73.0
1777890470.3623323,-2.0,-2.0,-76.0
1777890470.3723323,-1.0,2.0,-67.0
1777890470.3823323,6.0,2.0,-68.0
1777890470.3923323,6.0,2.0,-67.0
1777890470.4023323,2.0,0.0,-70.0
1777890470.4123323,3.0,7.0,-69.0
1777890470.4223323,0.0,8.0,-73.0
1777890470.4323325,-2.0,2.0,-71.0
1777890470.4423325,-6.0,0.0,-73.0
1777890470.4533324,-2.0,0.0,-81.0
1777890470.4633324,-1.0,-1.0,-79.0
1777890470.4723325,0.0,-2.0,-79.0
1777890470.4833324,3.0,-2.0,-77.0
1777890470.4933324,2.0,-5.0,-76.0
1777890470.5033324,6.0,-4.0,-74.0
1777890470.5133324,2.0,-5.0,-75.0
1777890470.5233324,1.0,-5.0,-74.0
1777890470.5333323,2.0,-4.0,-70.0
1777890470.5433323,4.0,-2.0,-81.0
1777890470.5533323,3.0,-5.0,-86.0
1777890470.5633323,2.0,-4.0,-83.0
1777890470.5733323,5.0,0.0,-84.0
1777890470.5833323,5.0,0.0,-80.0
1777890470.5933323,6.0,-6.0,-81.0
1777890470.6033323,0.0,-4.0,-87.0
1777890470.6133325,-2.0,-5.0,-87.0
1777890470.6233325,1.0,-1.0,-84.0
1777890470.6333325,5.0,0.0,-74.0
1777890470.6433325,6.0,0.0,-68.0
1777890470.6533325,0.0,0.0,-61.0
1777890470.6633325,-1.0,4.0,-67.0
1777890470.6733325,0.0,3.0,-64.0
1777890470.6833324,2.0,-1.0,-70.0
1777890470.6933324,2.0,0.0,-78.0
1777890470.7033324,6.0,1.0,-80.0
1777890470.7133324,4.0,0.0,-83.0
1777890470.7233324,3.0,1.0,-87.0
1777890470.7333324,2.0,1.0,-86.0
1777890470.7433324,0.0,0.0,-84.0
1777890470.7533324,6.0,2.0,-78.0
1777890470.7633324,2.0,0.0,-81.0
1777890470.7733324,1.0,1.0,-83.0
1777890470.7833323,1.0,1.0,-81.0
1777890470.7933323,6.0,2.0,-81.0
1777890470.8033323,10.0,1.0,-83.0
1777890470.8133323,8.0,5.0,-77.0
1777890470.8233323,5.0,4.0,-70.0
1777890470.8333323,-1.0,1.0,-65.0
1777890470.8433323,-4.0,0.0,-65.0
1777890470.8533323,-2.0,-3.0,-64.0
1777890470.8633325,0.0,-3.0,-68.0
1777890470.8733325,4.0,-2.0,-67.0
1777890470.8833325,8.0,2.0,-68.0
1777890470.8933325,5.0,0.0,-70.0
1777890470.9033325,6.0,4.0,-69.0
1777890470.9133325,7.0,3.0,-76.0
1777890470.9233325,6.0,3.0,-80.0
1777890470.9333324,3.0,0.0,-81.0
1777890470.9433324,2.0,-2.0,-75.0
1777890470.9533324,-2.0,-6.0,-70.0
1777890470.9633324,-4.0,-4.0,-73.0
1777890470.9733324,-1.0,0.0,-78.0
1777890470.9833324,1.0,2.0,-84.0
1777890470.9933324,-2.0,1.0,-77.0
1777890471.0033324,-4.0,-1.0,-77.0
1777890471.0133324,-3.0,-2.0,-76.0
1777890471.0233324,-5.0,-3.0,-72.0
1777890471.0333323,-7.0,-2.0,-68.0
1777890471.0433323,-6.0,-3.0,-71.0
1777890471.0533323,-4.0,-7.0,-72.0
1777890471.0633323,-4.0,-6.0,-67.0
1777890471.0733323,-3.0,-5.0,-74.0
1777890471.0833323,-7.0,-3.0,-78.0
1777890471.0933323,-3.0,-4.0,-82.0
1777890471.1033323,0.0,-1.0,-81.0
1777890471.1133325,4.0,-2.0,-83.0
1777890471.1233325,1.0,-2.0,-80.0
1777890471.1333325,-2.0,-3.0,-74.0
1777890471.1433325,-6.0,-5.0,-74.0
1777890471.1533325,-8.0,-3.0,-67.0
1777890471.1633325,-4.0,-3.0,-74.0
1777890471.1733325,-6.0,-5.0,-76.0
1777890471.1833324,-4.0,-3.0,-76.0
1777890471.1933324,0.0,-2.0,-83.0
1777890471.2033324,3.0,-4.0,-80.0
1777890471.2133324,1.0,-4.0,-77.0
1777890471.2233324,5.0,-4.0,-74.0
1777890471.2333324,10.0,-4.0,-70.0
1777890471.2433324,12.0,-2.0,-75.0
1777890471.2533324,15.0,-5.0,-75.0
1777890471.2633324,11.0,-6.0,-74.0
1777890471.2733324,6.0,-9.0,-69.0
1777890471.2833323,6.0,-9.0,-71.0
1777890471.2933323,5.0,-9.0,-73.0
1777890471.3033323,0.0,-9.0,-73.0
1777890471.3133323,-3.0,-5.0,-68.0
1777890471.3233323,0.0,-5.0,-72.0
1777890471.3333323,0.0,-4.0,-73.0
1777890471.3433323,0.0,-5.0,-85.0
1777890471.3533323,0.0,-6.0,-87.0
1777890471.3633325,3.0,-7.0,-79.0
1777890471.3733325,2.0,-8.0,-80.0
1777890471.3833325,-2.0,-7.0,-78.0
1777890471.3933325,0.0,-1.0,-84.0
1777890471.4033325,-3.0,-2.0,-79.0
1777890471.4133325,-3.0,-1.0,-76.0
1777890471.4233325,0.0,0.0,-76.0
1777890471.4333324,0.0,-1.0,-72.0
1777890471.4433324,0.0,1.0,-73.0
1777890471.4533324,2.0,-2.0,-78.0
1777890471.4633324,2.0,0.0,-80.0
1777890471.4733324,3.0,-1.0,-78.0
1777890471.4833324,1.0,-2.0,-80.0
1777890471.4933324,3.0,-4.0,-87.0
1777890471.5033324,4.0,-4.0,-80.0
1777890471.5133324,1.0,-4.0,-73.0
1777890471.5233324,4.0,-4.0,-68.0
1777890471.5333323,3.0,-3.0,-71.0
1777890471.5433323,6.0,0.0,-72.0
1777890471.5533323,9.0,-1.0,-68.0
1777890471.5633323,11.0,-1.0,-69.0
1777890471.5733323,14.0,-6.0,-70.0
1777890471.5833323,10.0,-5.0,-69.0
1777890471.5933323,4.0,-1.0,-73.0
1777890471.6033323,2.0,-1.0,-79.0
1777890471.6133325,5.0,0.0,-84.0
1777890471.6233325,6.0,0.0,-83.0
1777890471.6333325,6.0,0.0,-83.0
1777890471.6433325,7.0,5.0,-87.0
1777890471.6533325,11.0,6.0,-86.0
1777890471.6633325,12.0,4.0,-80.0
1777890471.6733325,8.0,6.0,-74.0
1777890471.6833324,6.0,9.0,-78.0
1777890471.6933324,3.0,5.0,-80.0
1777890471.7033324,6.0,5.0,-73.0
1777890471.7133324,4.0,0.0,-72.0
1777890471.7233324,2.0,0.0,-73.0
1777890471.7333324,0.0,1.0,-72.0
1777890471.7433324,0.0,0.0,-72.0
1777890471.7533324,-3.0,0.0,-71.0
1777890471.7633324,-4.0,-1.0,-66.0
1777890471.7733324,-4.0,0.0,-67.0
1777890471.7833323,-4.0,-3.0,-65.0
1777890471.7933323,0.0,-2.0,-68.0
1777890471.8033323,0.0,-2.0,-68.0
1777890471.8133323,5.0,-8.0,-67.0
1777890471.8233323,3.0,-5.0,-70.0
1777890471.8333323,-2.0,1.0,-78.0
1777890471.8433323,-5.0,-2.0,-82.0
1777890471.8533323,0.0,-2.0,-86.0
1777890471.8633325,1.0,-1.0,-84.0
1777890471.8733325,4.0,0.0,-81.0
1777890471.8833325,2.0,1.0,-82.0
1777890471.8933325,0.0,0.0,-76.0
1777890471.9033325,0.0,3.0,-69.0
1777890471.9133325,0.0,-2.0,-67.0
1777890471.9233325,-2.0,0.0,-70.0
1777890471.9333324,-2.0,0.0,-70.0
1777890471.9433324,-2.0,-1.0,-66.0
1777890471.9533324,0.0,-1.0,-66.0
1777890471.9633324,0.0,1.0,-63.0
1777890471.9733324,-1.0,1.0,-64.0
1777890471.9833324,-1.0,2.0,-70.0
1777890471.9933324,-2.0,2.0,-69.0
1777890472.0033324,-1.0,1.0,-62.0
1777890472.0133324,4.0,1.0,-63.0
1777890472.0233324,7.0,1.0,-64.0
1777890472.0333323,2.0,0.0,-63.0
1777890472.0433323,3.0,-4.0,-63.0
1777890472.0533323,3.0,-1.0,-65.0
1777890472.0633323,3.0,-2.0,-60.0
1777890472.0733323,0.0,-1.0,-60.0
1777890472.0833323,-3.0,1.0,-62.0
1777890472.0933323,0.0,6.0,-62.0
1777890472.1033323,-1.0,5.0,-61.0
1777890472.1133325,1.0,0.0,-63.0
1777890472.1233325,0.0,3.0,-65.0
1777890472.1333325,3.0,3.0,-63.0
1777890472.1433325,0.0,1.0,-69.0
1777890472.1533325,-5.0,0.0,-75.0
1777890472.1633325,-3.0,-2.0,-77.0
1777890472.1733325,-1.0,-2.0,-73.0
1777890472.1833324,-1.0,1.0,-77.0
1777890472.1933324,-1.0,1.0,-77.0
1777890472.2033324,-1.0,6.0,-73.0
1777890472.2133324,-2.0,5.0,-72.0
1777890472.2233324,-2.0,2.0,-63.0
1777890472.2333324,0.0,0.0,-63.0
1777890472.2433324,0.0,3.0,-69.0
1777890472.2533324,0.0,-1.0,-68.0
1777890472.2633324,0.0,-4.0,-67.0
1777890472.2733324,4.0,-5.0,-66.0
1777890472.2833323,4.0,0.0,-73.0
1777890472.2933323,7.0,-1.0,-75.0
1777890472.3033323,4.0,-1.0,-71.0
1777890472.3133323,4.0,-1.0,-67.0
1777890472.3233323,2.0,-3.0,-64.0
1777890472.3333323,4.0,-3.0,-68.0
1777890472.3433323,4.0,-4.0,-69.0
1777890472.3533323,0.0,-3.0,-66.0
1777890472.3633325,1.0,-3.0,-62.0
1777890472.3733325,2.0,2.0,-61.0
1777890472.3833325,0.0,0.0,-68.0
1777890472.3933325,-5.0,0.0,-65.0
1777890472.4033325,-4.0,-2.0,-57.0
1777890472.4133325,-7.0,0.0,-60.0
1777890472.4233325,-2.0,-6.0,-61.0
1777890472.4343324,-4.0,-3.0,-60.0
1777890472.4443324,1.0,0.0,-63.0
1777890472.4533324,3.0,2.0,-59.0
1777890472.4643323,6.0,2.0,-63.0
1777890472.4743323,4.0,0.0,-67.0
1777890472.4843323,3.0,-5.0,-73.0
1777890472.4943323,4.0,-3.0,-78.0
1777890472.5043323,3.0,-3.0,-78.0
1777890472.5143323,0.0,0.0,-78.0
1777890472.5243323,-1.0,0.0,-82.0
1777890472.5343325,-1.0,0.0,-76.0
1777890472.5443325,-2.0,0.0,-71.0
1777890472.5543325,-3.0,-2.0,-70.0
1777890472.5643325,-3.0,0.0,-69.0
1777890472.5743325,-2.0,1.0,-73.0
1777890472.5843325,0.0,4.0,-73.0
1777890472.5943325,-1.0,3.0,-74.0
1777890472.6043324,-2.0,0.0,-72.0
1777890472.6143324,2.0,-1.0,-77.0
1777890472.6243324,1.0,-2.0,-75.0
1777890472.6343324,0.0,0.0,-72.0
1777890472.6443324,2.0,0.0,-69.0
1777890472.6543324,6.0,-1.0,-69.0
1777890472.6643324,8.0,-3.0,-72.0
1777890472.6743324,6.0,1.0,-70.0
1777890472.6843324,7.0,-2.0,-74.0
1777890472.6943324,6.0,-1.0,-72.0
1777890472.7043324,0.0,0.0,-72.0
1777890472.7143323,2.0,0.0,-71.0
1777890472.7243323,0.0,1.0,-67.0
1777890472.7343323,2.0,-6.0,-70.0
1777890472.7443323,3.0,-11.0,-75.0
1777890472.7543323,3.0,-9.0,-72.0
1777890472.7643323,0.0,-2.0,-68.0
1777890472.7743323,0.0,-1.0,-68.0
1777890472.7843325,1.0,0.0,-66.0
1777890472.7943325,-2.0,-2.0,-65.0
1777890472.8043325,1.0,-2.0,-65.0
1777890472.8143325,4.0,0.0,-66.0
1777890472.8243325,5.0,-1.0,-70.0
1777890472.8343325,1.0,-1.0,-68.0
1777890472.8443325,0.0,0.0,-68.0
1777890472.8543324,0.0,1.0,-61.0
1777890472.8643324,1.0,1.0,-55.0
1777890472.8743324,0.0,0.0,-55.0
1777890472.8843324,2.0,-3.0,-62.0
1777890472.8943324,-3.0,-4.0,-71.0
1777890472.9043324,-2.0,-3.0,-75.0
1777890472.9143324,-4.0,0.0,-78.0
1777890472.9243324,-4.0,-2.0,-80.0
1777890472.9343324,-2.0,-5.0,-75.0
1777890472.9443324,-5.0,-3.0,-67.0
1777890472.9543324,-7.0,-7.0,-66.0
1777890472.9643323,-5.0,-6.0,-68.0
1777890472.9743323,-2.0,-6.0,-72.0
1777890472.9843323,-2.0,-3.0,-75.0
1777890472.9943323,1.0,-3.0,-75.0
1777890473.0043323,2.0,-3.0,-80.0
1777890473.0143323,3.0,-2.0,-80.0
1777890473.0243323,1.0,-1.0,-78.0
1777890473.0343325,-2.0,0.0,-76.0
1777890473.0443325,-1.0,0.0,-71.0
1777890473.0543325,1.0,1.0,-72.0
1777890473.0643325,1.0,0.0,-72.0
1777890473.0743325,0.0,0.0,-72.0
1777890473.0843325,-1.0,-1.0,-77.0
1777890473.0943325,0.0,0.0,-82.0
1777890473.1043324,0.0,-2.0,-73.0
1777890473.1143324,1.0,-3.0,-73.0
1777890473.1243324,0.0,-4.0,-75.0
1777890473.1343324,-2.0,0.0,-76.0
1777890473.1443324,-6.0,-2.0,-78.0
1777890473.1543324,-1.0,-2.0,-75.0
1777890473.1643324,2.0,-1.0,-72.0
1777890473.1743324,1.0,-3.0,-70.0
1777890473.1843324,0.0,0.0,-64.0
1777890473.1943324,-1.0,1.0,-64.0
1777890473.2043324,2.0,0.0,-71.0
1777890473.2143323,2.0,0.0,-66.0
1777890473.2243323,3.0,-1.0,-65.0
1777890473.2343323,1.0,-3.0,-59.0
1777890473.2443323,-2.0,-1.0,-62.0
1777890473.2543323,-3.0,0.0,-63.0
1777890473.2643323,-2.0,0.0,-65.0
1777890473.2743323,-2.0,0.0,-67.0
1777890473.2843325,0.0,1.0,-68.0
1777890473.2943325,0.0,0.0,-68.0
1777890473.3043325,-2.0,0.0,-72.0
1777890473.3143325,-2.0,0.0,-69.0
1777890473.3243325,-3.0,0.0,-67.0
1777890473.3343325,1.0,-3.0,-63.0
1777890473.3443325,6.0,-3.0,-64.0
1777890473.3543324,9.0,-2.0,-66.0
1777890473.3643324,17.0,0.0,-69.0
1777890473.3743324,15.0,0.0,-68.0
1777890473.3843324,12.0,0.0,-72.0
1777890473.3943324,6.0,0.0,-70.0
1777890473.4043324,2.0,0.0,-71.0
1777890473.4143324,5.0,2.0,-70.0
1777890473.4243324,1.0,-3.0,-68.0
1777890473.4343324,-2.0,-1.0,-73.0
1777890473.4443324,-6.0,-2.0,-74.0
1777890473.4543324,-5.0,1.0,-72.0
1777890473.4643323,-1.0,0.0,-73.0
1777890473.4743323,4.0,0.0,-70.0
1777890473.4843323,7.0,-1.0,-75.0
1777890473.4943323,1.0,-4.0,-77.0
1777890473.5043323,0.0,-2.0,-75.0
1777890473.5143323,0.0,-5.0,-77.0
1777890473.5243323,-1.0,-5.0,-77.0
1777890473.5343325,-1.0,0.0,-75.0
1777890473.5443325,0.0,-2.0,-74.0
1777890473.5543325,-1.0,-3.0,-71.0
1777890473.5643325,-5.0,-2.0,-69.0
1777890473.5743325,-4.0,-1.0,-73.0
1777890473.5843325,-6.0,-3.0,-74.0
1777890473.5943325,-2.0,-4.0,-81.0
1777890473.6043324,-2.0,-5.0,-75.0
1777890473.6143324,2.0,0.0,-75.0
1777890473.6243324,1.0,1.0,-75.0
1777890473.6343324,1.0,4.0,-74.0
1777890473.6443324,6.0,2.0,-69.0
1777890473.6543324,7.0,2.0,-59.0
1777890473.6643324,8.0,0.0,-65.0
1777890473.6743324,7.0,-2.0,-60.0
1777890473.6843324,7.0,-4.0,-64.0
1777890473.6943324,7.0,-3.0,-68.0
1777890473.7043324,4.0,-2.0,-69.0
1777890473.7143323,3.0,0.0,-64.0
1777890473.7243323,5.0,-1.0,-64.0
1777890473.7343323,3.0,3.0,-63.0
1777890473.7443323,0.0,2.0,-61.0
1777890473.7543323,-5.0,1.0,-70.0
1777890473.7643323,-5.0,0.0,-66.0
1777890473.7743323,-4.0,-4.0,-62.0
1777890473.7843325,-2.0,-4.0,-61.0
1777890473.7943325,-8.0,-2.0,-63.0
1777890473.8043325,-11.0,-4.0,-65.0
1777890473.8143325,-5.0,-4.0,-63.0
1777890473.8243325,-1.0,-2.0,-64.0
1777890473.8343325,0.0,-5.0,-70.0
1777890473.8443325,0.0,-1.0,-72.0
1777890473.8543324,1.0,-5.0,-73.0
1777890473.8643324,0.0,-3.0,-75.0
1777890473.8743324,0.0,-4.0,-76.0
1777890473.8843324,0.0,-5.0,-77.0
1777890473.8943324,-4.0,-3.0,-78.0
1777890473.9043324,-3.0,-2.0,-76.0
1777890473.9143324,0.0,-5.0,-74.0
1777890473.9243324,-2.0,-2.0,-85.0
1777890473.9343324,-2.0,0.0,-83.0
1777890473.9443324,-9.0,-4.0,-86.0
1777890473.9543324,-12.0,-5.0,-92.0
1777890473.9643323,-4.0,-3.0,-94.0
1777890473.9743323,-3.0,-4.0,-87.0
1777890473.9843323,-3.0,-3.0,-79.0
1777890473.9943323,0.0,-7.0,-80.0
1777890474.0043323,4.0,-5.0,-87.0
1777890474.0143323,3.0,-3.0,-86.0
1777890474.0243323,0.0,-6.0,-79.0
1777890474.0343325,-3.0,-5.0,-80.0
1777890474.0443325,-2.0,0.0,-79.0
1777890474.0543325,-3.0,2.0,-78.0
1777890474.0643325,-3.0,1.0,-77.0
1777890474.0743325,-7.0,2.0,-80.0
1777890474.0843325,-10.0,1.0,-84.0
1777890474.0943325,-5.0,-2.0,-91.0
1777890474.1043324,-8.0,-7.0,-88.0
1777890474.1143324,-11.0,-7.0,-83.0
1777890474.1243324,-8.0,-4.0,-85.0
1777890474.1343324,0.0,0.0,-82.0
1777890474.1443324,1.0,-5.0,-76.0
1777890474.1543324,1.0,-7.0,-78.0
1777890474.1643324,0.0,-5.0,-80.0
1777890474.1743324,0.0,-3.0,-73.0
1777890474.1843324,-3.0,-5.0,-76.0
1777890474.1943324,0.0,-7.0,-78.0
1777890474.2043324,0.0,-5.0,-81.0
1777890474.2143323,1.0,-4.0,-74.0
1777890474.2243323,0.0,0.0,-69.0
1777890474.2343323,0.0,4.0,-69.0
1777890474.2443323,1.0,6.0,-73.0
1777890474.2543323,1.0,5.0,-80.0
1777890474.2643323,0.0,2.0,-79.0
1777890474.2743323,0.0,0.0,-81.0
1777890474.2843325,0.0,0.0,-78.0
1777890474.2943325,0.0,4.0,-70.0
1777890474.3043325,0.0,2.0,-72.0
1777890474.3143325,-6.0,0.0,-69.0
1777890474.3243325,-3.0,0.0,-70.0
1777890474.3343325,3.0,2.0,-73.0
1777890474.3443325,0.0,0.0,-69.0
1777890474.3543324,-1.0,-4.0,-68.0
1777890474.3643324,0.0,-5.0,-68.0
1777890474.3743324,0.0,-1.0,-67.0
1777890474.3843324,1.0,0.0,-72.0
1777890474.3943324,3.0,-1.0,-72.0
1777890474.4043324,2.0,-2.0,-74.0
1777890474.4143324,5.0,-2.0,-70.0
1777890474.4243324,6.0,-1.0,-81.0
1777890474.4343324,7.0,0.0,-77.0
1777890474.4443324,10.0,-1.0,-77.0
1777890474.4553325,10.0,1.0,-72.0
1777890474.4653325,9.0,3.0,-68.0
1777890474.4753325,9.0,2.0,-67.0
1777890474.4853325,11.0,4.0,-71.0
1777890474.4953325,11.0,5.0,-69.0
1777890474.5053325,12.0,4.0,-71.0
1777890474.5153325,15.0,2.0,-73.0
1777890474.5253325,9.0,2.0,-71.0
1777890474.5353324,9.0,3.0,-66.0
1777890474.5453324,8.0,6.0,-64.0
1777890474.5553324,8.0,8.0,-76.0
1777890474.5653324,4.0,11.0,-80.0
1777890474.5753324,3.0,9.0,-85.0
1777890474.5853324,3.0,5.0,-85.0
1777890474.5953324,4.0,4.0,-79.0
1777890474.6053324,6.0,-1.0,-79.0
1777890474.6153324,4.0,-3.0,-73.0
1777890474.6253324,1.0,0.0,-73.0
1777890474.6353323,-2.0,0.0,-71.0
1777890474.6453323,-3.0,0.0,-70.0
1777890474.6553323,-1.0,2.0,-71.0
1777890474.6653323,-1.0,5.0,-77.0
1777890474.6753323,2.0,0.0,-75.0
1777890474.6853323,0.0,-3.0,-71.0
1777890474.6953323,-2.0,-2.0,-75.0
1777890474.7053325,-1.0,0.0,-77.0
1777890474.7153325,0.0,3.0,-77.0
1777890474.7253325,4.0,-1.0,-77.0
1777890474.7353325,3.0,-1.0,-76.0
1777890474.7453325,1.0,-1.0,-78.0
1777890474.7553325,0.0,-2.0,-74.0
1777890474.7653325,-4.0,-4.0,-76.0
1777890474.7753325,-4.0,-4.0,-78.0
1777890474.7853324,-1.0,-4.0,-80.0
1777890474.7953324,0.0,-5.0,-81.0
1777890474.8053324,0.0,-5.0,-72.0
1777890474.8153324,1.0,-7.0,-71.0
1777890474.8253324,-3.0,-8.0,-74.0
1777890474.8353324,0.0,-7.0,-68.0
1777890474.8453324,1.0,-7.0,-73.0
1777890474.8553324,0.0,-5.0,-80.0
1777890474.8653324,0.0,-2.0,-80.0
1777890474.8753324,0.0,-2.0,-79.0
1777890474.8853323,0.0,-1.0,-76.0
1777890474.8953323,2.0,1.0,-74.0
1777890474.9053323,0.0,1.0,-74.0
1777890474.9153323,-1.0,0.0,-83.0
1777890474.9253323,2.0,-3.0,-79.0
1777890474.9353323,0.0,-5.0,-75.0
1777890474.9453323,-1.0,0.0,-71.0
1777890474.9553325,-1.0,0.0,-68.0
1777890474.9653325,4.0,7.0,-73.0
1777890474.9753325,2.0,3.0,-69.0
1777890474.9853325,2.0,0.0,-65.0
1777890474.9953325,4.0,0.0,-57.0
1777890475.0053325,2.0,-4.0,-55.0
1777890475.0153325,0.0,-7.0,-58.0
1777890475.0253325,3.0,-6.0,-62.0
1777890475.0353324,1.0,-5.0,-65.0
1777890475.0453324,4.0,-3.0,-69.0
1777890475.0553324,3.0,-2.0,-73.0
1777890475.0653324,0.0,-6.0,-75.0
1777890475.0753324,-2.0,-2.0,-80.0
1777890475.0853324,-7.0,-2.0,-81.0
1777890475.0953324,-6.0,-4.0,-78.0
1777890475.1053324,-2.0,-3.0,-74.0
1777890475.1153324,0.0,-6.0,-74.0
1777890475.1253324,0.0,-9.0,-79.0
1777890475.1353323,-2.0,-6.0,-79.0
1777890475.1453323,-3.0,-3.0,-82.0
1777890475.1553323,-2.0,0.0,-81.0
1777890475.1653323,0.0,0.0,-80.0
1777890475.1753323,-3.0,0.0,-75.0
1777890475.1853323,-2.0,1.0,-78.0
1777890475.1953323,1.0,-1.0,-73.0
1777890475.2053325,-1.0,0.0,-68.0
1777890475.2153325,0.0,5.0,-69.0
1777890475.2253325,0.0,2.0,-72.0
1777890475.2353325,-8.0,-1.0,-68.0
1777890475.2453325,-6.0,2.0,-80.0
1777890475.2553325,-5.0,3.0,-79.0
1777890475.2653325,-5.0,0.0,-79.0
1777890475.2753325,-2.0,1.0,-71.0
1777890475.2853324,1.0,0.0,-67.0
1777890475.2953324,4.0,3.0,-69.0
1777890475.3053324,0.0,2.0,-70.0
1777890475.3153324,-1.0,4.0,-67.0
1777890475.3253324,1.0,5.0,-68.0
1777890475.3353324,2.0,4.0,-74.0
1777890475.3453324,0.0,5.0,-80.0
1777890475.3553324,0.0,6.0,-81.0
1777890475.3653324,-5.0,0.0,-77.0
1777890475.3753324,-5.0,0.0,-81.0
1777890475.3853323,-3.0,0.0,-76.0
1777890475.3953323,-4.0,0.0,-80.0
1777890475.4053323,-4.0,0.0,-77.0
1777890475.4153323,0.0,-4.0,-76.0
1777890475.4253323,-2.0,-2.0,-81.0
1777890475.4353323,3.0,-5.0,-76.0
1777890475.4453323,3.0,-3.0,-72.0
1777890475.4553325,1.0,-3.0,-67.0
1777890475.4653325,0.0,-2.0,-61.0
1777890475.4753325,2.0,-3.0,-66.0
1777890475.4853325,3.0,-4.0,-72.0
1777890475.4953325,1.0,-2.0,-81.0
1777890475.5053325,2.0,-3.0,-82.0
1777890475.5153325,0.0,-4.0,-73.0
1777890475.5253325,0.0,0.0,-78.0
1777890475.5353324,0.0,1.0,-80.0
1777890475.5453324,0.0,1.0,-80.0
1777890475.5553324,-2.0,3.0,-85.0
1777890475.5653324,-1.0,3.0,-91.0
1777890475.5753324,-4.0,0.0,-82.0
1777890475.5853324,-2.0,0.0,-81.0
1777890475.5953324,-4.0,-2.0,-81.0
1777890475.6053324,-2.0,0.0,-77.0
1777890475.6153324,1.0,4.0,-75.0
1777890475.6253324,2.0,0.0,-74.0
1777890475.6353323,1.0,-1.0,-75.0
1777890475.6453323,3.0,-1.0,-72.0
1777890475.6553323,3.0,-1.0,-71.0
1777890475.6653323,1.0,-3.0,-76.0
1777890475.6753323,4.0,-2.0,-74.0
1777890475.6853323,9.0,1.0,-80.0
1777890475.6953323,6.0,0.0,-82.0
1777890475.7053325,9.0,0.0,-78.0
1777890475.7153325,5.0,-1.0,-78.0
1777890475.7253325,3.0,-1.0,-81.0
1777890475.7353325,2.0,1.0,-80.0
1777890475.7453325,-1.0,7.0,-81.0
1777890475.7553325,1.0,5.0,-79.0
1777890475.7653325,1.0,4.0,-76.0
1777890475.7753325,0.0,7.0,-77.0
1777890475.7853324,-1.0,5.0,-76.0
1777890475.7953324,-1.0,0.0,-73.0
1777890475.8053324,1.0,-4.0,-70.0
1777890475.8153324,0.0,-5.0,-75.0
1777890475.8253324,0.0,-5.0,-74.0
1777890475.8353324,4.0,-5.0,-63.0
1777890475.8453324,8.0,-3.0,-63.0
1777890475.8553324,8.0,0.0,-63.0
1777890475.8653324,5.0,1.0,-65.0
1777890475.8753324,5.0,2.0,-70.0
1777890475.8853323,3.0,3.0,-68.0
1777890475.8953323,3.0,7.0,-68.0
1777890475.9053323,7.0,4.0,-73.0
1777890475.9153323,7.0,5.0,-74.0
1777890475.9253323,3.0,1.0,-76.0
1777890475.9353323,4.0,-3.0,-76.0
1777890475.9453323,-1.0,-3.0,-78.0
1777890475.9553325,1.0,-2.0,-72.0
1777890475.9653325,0.0,-1.0,-77.0
1777890475.9753325,-2.0,-3.0,-72.0
1777890475.9853325,-2.0,0.0,-76.0
1777890475.9953325,-3.0,0.0,-72.0
1777890476.0053325,-7.0,0.0,-67.0
1777890476.0153325,-7.0,1.0,-68.0
1777890476.0253325,-8.0,3.0,-74.0
1777890476.0353324,-9.0,2.0,-74.0
1777890476.0453324,-12.0,-2.0,-72.0
1777890476.0553324,-7.0,-2.0,-70.0
1777890476.0653324,-6.0,-1.0,-67.0
1777890476.0753324,-2.0,-5.0,-64.0
1777890476.0853324,-1.0,-5.0,-66.0
1777890476.0953324,2.0,-3.0,-64.0
1777890476.1053324,0.0,-4.0,-63.0
1777890476.1153324,-1.0,1.0,-64.0
1777890476.1253324,-6.0,0.0,-66.0
1777890476.1353323,0.0,-1.0,-75.0
1777890476.1453323,2.0,-2.0,-75.0
1777890476.1553323,6.0,-5.0,-73.0
1777890476.1653323,7.0,-5.0,-76.0
1777890476.1753323,3.0,-6.0,-76.0
1777890476.1853323,3.0,-6.0,-73.0
1777890476.1953323,2.0,-6.0,-73.0
1777890476.2053325,5.0,-7.0,-76.0
1777890476.2153325,3.0,-9.0,-74.0
1777890476.2253325,1.0,-10.0,-66.0
1777890476.2353325,-2.0,-5.0,-68.0
1777890476.2453325,-3.0,-6.0,-74.0
1777890476.2553325,0.0,-2.0,-69.0
1777890476.2653325,3.0,0.0,-77.0
1777890476.2753325,-1.0,0.0,-73.0
1777890476.2853324,-4.0,2.0,-70.0
1777890476.2953324,-1.0,1.0,-65.0
1777890476.3053324,-2.0,-2.0,-64.0
1777890476.3153324,0.0,0.0,-71.0
1777890476.3253324,-3.0,1.0,-72.0
1777890476.3353324,-1.0,0.0,-73.0
1777890476.3453324,-4.0,-1.0,-69.0
1777890476.3553324,-3.0,-1.0,-66.0
1777890476.3653324,0.0,-6.0,-65.0
1777890476.3753324,-4.0,-7.0,-60.0
1777890476.3863325,0.0,-7.0,-60.0
1777890476.3963325,-2.0,-5.0,-62.0
1777890476.4063325,-1.0,-4.0,-68.0
1777890476.4163325,3.0,-6.0,-69.0
1777890476.4263325,-1.0,-5.0,-64.0
1777890476.4363325,1.0,-3.0,-63.0
1777890476.4463325,4.0,-6.0,-67.0
1777890476.4563324,0.0,-7.0,-76.0
1777890476.4663324,0.0,-7.0,-82.0
1777890476.4763324,-2.0,-7.0,-82.0
1777890476.4863324,1.0,-6.0,-82.0
1777890476.4963324,5.0,-3.0,-80.0
1777890476.5063324,4.0,-3.0,-86.0
1777890476.5163324,4.0,-2.0,-83.0
1777890476.5263324,4.0,-1.0,-86.0
1777890476.5363324,2.0,-6.0,-85.0
1777890476.5463324,4.0,-6.0,-76.0
1777890476.5563323,4.0,-4.0,-74.0
1777890476.5663323,2.0,-2.0,-77.0
1777890476.5763323,2.0,0.0,-77.0
1777890476.5863323,2.0,2.0,-82.0
1777890476.5963323,0.0,3.0,-84.0
1777890476.6063323,-4.0,0.0,-86.0
1777890476.6163323,-9.0,-5.0,-91.0
1777890476.6263323,-8.0,-3.0,-86.0
1777890476.6363325,-8.0,0.0,-78.0
1777890476.6463325,0.0,-1.0,-81.0
1777890476.6563325,4.0,-1.0,-84.0
1777890476.6663325,5.0,-5.0,-78.0
1777890476.6763325,8.0,-4.0,-83.0
1777890476.6863325,5.0,-3.0,-80.0
1777890476.6963325,6.0,-3.0,-70.0
1777890476.7063324,7.0,-6.0,-61.0
1777890476.7163324,7.0,-2.0,-65.0
1777890476.7263324,6.0,-4.0,-63.0
1777890476.7363324,3.0,-5.0,-69.0
1777890476.7463324,2.0,-5.0,-67.0
1777890476.7563324,0.0,0.0,-63.0
1777890476.7663324,0.0,3.0,-66.0
1777890476.7763324,6.0,5.0,-71.0
1777890476.7863324,5.0,8.0,-71.0
1777890476.7963324,1.0,4.0,-70.0
1777890476.8063323,1.0,0.0,-75.0
1777890476.8163323,1.0,0.0,-70.0
1777890476.8263323,-2.0,1.0,-72.0
1777890476.8363323,-6.0,0.0,-72.0
1777890476.8463323,-1.0,-3.0,-68.0
1777890476.8563323,-1.0,-3.0,-73.0
1777890476.8663323,1.0,-5.0,-75.0
1777890476.8763323,3.0,-5.0,-75.0
1777890476.8863325,1.0,-3.0,-78.0
1777890476.8963325,0.0,-1.0,-80.0
1777890476.9063325,-3.0,-1.0,-79.0
1777890476.9163325,-3.0,-1.0,-79.0
1777890476.9263325,4.0,0.0,-76.0
1777890476.9363325,0.0,-2.0,-75.0
1777890476.9463325,8.0,-2.0,-71.0
1777890476.9563324,9.0,-1.0,-66.0
1777890476.9663324,12.0,-3.0,-69.0
1777890476.9763324,9.0,-3.0,-73.0
1777890476.9863324,1.0,1.0,-74.0
1777890476.9963324,4.0,0.0,-65.0
1777890477.0063324,6.0,-1.0,-73.0
1777890477.0163324,1.0,-4.0,-73.0
1777890477.0263324,-1.0,-6.0,-72.0
1777890477.0363324,0.0,-5.0,-70.0
1777890477.0463324,-3.0,-7.0,-66.0
1777890477.0563323,-1.0,-5.0,-63.0
1777890477.0663323,-2.0,-8.0,-69.0
1777890477.0763323,-3.0,-10.0,-66.0
1777890477.0863323,0.0,-7.0,-68.0
1777890477.0963323,1.0,-6.0,-66.0
1777890477.1063323,1.0,-4.0,-64.0
1777890477.1163323,3.0,-6.0,-62.0
1777890477.1263323,8.0,-7.0,-66.0
1777890477.1363325,4.0,-5.0,-64.0
1777890477.1463325,2.0,-6.0,-63.0
1777890477.1563325,0.0,-7.0,-72.0
1777890477.1663325,-2.0,-1.0,-66.0
1777890477.1763325,0.0,0.0,-59.0
1777890477.1863325,-1.0,-1.0,-63.0
1777890477.1963325,0.0,0.0,-65.0
1777890477.2063324,0.0,-1.0,-65.0
1777890477.2163324,0.0,0.0,-72.0
1777890477.2263324,4.0,0.0,-70.0
1777890477.2363324,5.0,-3.0,-74.0
1777890477.2463324,2.0,-2.0,-78.0
1777890477.2563324,5.0,-2.0,-80.0
1777890477.2663324,8.0,0.0,-74.0
1777890477.2763324,7.0,1.0,-73.0
1777890477.2863324,3.0,1.0,-68.0
1777890477.2963324,-2.0,0.0,-69.0
1777890477.3063323,1.0,-3.0,-71.0
1777890477.3163323,0.0,-3.0,-72.0
1777890477.3263323,2.0,-2.0,-75.0
1777890477.3363323,0.0,-1.0,-74.0
1777890477.3463323,3.0,-5.0,-70.0
1777890477.3563323,0.0,-2.0,-69.0
1777890477.3663323,5.0,-5.0,-68.0
1777890477.3763323,10.0,-9.0,-75.0
1777890477.3863325,12.0,-6.0,-76.0
1777890477.3963325,9.0,-8.0,-76.0
1777890477.4063325,7.0,-10.0,-79.0
1777890477.4163325,8.0,-9.0,-77.0
1777890477.4263325,5.0,-10.0,-71.0
1777890477.4363325,1.0,-6.0,-73.0
1777890477.4463325,0.0,-5.0,-74.0
1777890477.4563324,0.0,-7.0,-76.0
1777890477.4663324,0.0,-5.0,-78.0
1777890477.4763324,0.0,-5.0,-71.0
1777890477.4863324,0.0,-4.0,-69.0
1777890477.4963324,0.0,-4.0,-70.0
1777890477.5063324,-3.0,-4.0,-75.0
1777890477.5163324,-4.0,-5.0,-77.0
1777890477.5263324,0.0,0.0,-78.0
1777890477.5363324,-1.0,1.0,-72.0
1777890477.5463324,-6.0,0.0,-69.0
1777890477.5563323,-4.0,3.0,-75.0
1777890477.5663323,-6.0,-1.0,-73.0
1777890477.5763323,-9.0,-5.0,-72.0
1777890477.5863323,-6.0,-7.0,-67.0
1777890477.5963323,-3.0,-6.0,-70.0
1777890477.6063323,-4.0,-5.0,-66.0
1777890477.6163323,-5.0,-9.0,-69.0
1777890477.6263323,0.0,-11.0,-71.0
1777890477.6363325,0.0,-11.0,-74.0
1777890477.6463325,0.0,-11.0,-74.0
1777890477.6563325,-1.0,-8.0,-76.0
1777890477.6663325,3.0,-6.0,-70.0
1777890477.6763325,2.0,0.0,-79.0
1777890477.6863325,5.0,2.0,-77.0
1777890477.6963325,-3.0,6.0,-75.0
1777890477.7063324,2.0,4.0,-74.0
1777890477.7163324,1.0,3.0,-78.0
1777890477.7263324,0.0,1.0,-74.0
1777890477.7363324,-2.0,4.0,-74.0
1777890477.7463324,1.0,1.0,-76.0
1777890477.7563324,0.0,0.0,-72.0
1777890477.7663324,1.0,0.0,-74.0
1777890477.7763324,-6.0,0.0,-75.0
1777890477.7863324,0.0,0.0,-75.0
1777890477.7963324,2.0,-3.0,-70.0
1777890477.8063323,5.0,-4.0,-65.0
1777890477.8163323,1.0,-2.0,-62.0
1777890477.8263323,0.0,0.0,-61.0
1777890477.8363323,4.0,1.0,-68.0
1777890477.8463323,6.0,2.0,-72.0
1777890477.8563323,7.0,-2.0,-79.0
1777890477.8663323,3.0,-4.0,-77.0
1777890477.8763323,6.0,-1.0,-75.0
1777890477.8863325,5.0,-4.0,-75.0
1777890477.8963325,3.0,-5.0,-64.0
1777890477.9063325,5.0,-4.0,-62.0
1777890477.9163325,7.0,0.0,-61.0
1777890477.9263325,5.0,0.0,-73.0
1777890477.9363325,2.0,-1.0,-75.0
1777890477.9463325,3.0,1.0,-72.0
1777890477.9563324,3.0,3.0,-75.0
1777890477.9663324,2.0,0.0,-74.0
1777890477.9763324,0.0,-3.0,-74.0
1777890477.9863324,-5.0,-7.0,-64.0
1777890477.9963324,0.0,-3.0,-68.0
1777890478.0063324,-1.0,-3.0,-71.0
1777890478.0163324,1.0,-3.0,-74.0
1777890478.0263324,4.0,2.0,-79.0
1777890478.0363324,5.0,5.0,-76.0
1777890478.0463324,2.0,5.0,-78.0
1777890478.0563323,0.0,3.0,-82.0
1777890478.0663323,0.0,5.0,-78.0
1777890478.0763323,2.0,5.0,-79.0
1777890478.0863323,-1.0,3.0,-78.0
1777890478.0963323,-1.0,3.0,-74.0
1777890478.1063323,-2.0,1.0,-68.0
1777890478.1163323,-1.0,4.0,-69.0
1777890478.1263323,3.0,2.0,-76.0
1777890478.1363325,2.0,0.0,-78.0
1777890478.1463325,6.0,-3.0,-81.0
1777890478.1563325,4.0,-3.0,-85.0
1777890478.1663325,5.0,-1.0,-81.0
1777890478.1763325,0.0,-3.0,-77.0
1777890478.1863325,1.0,-10.0,-79.0
1777890478.1963325,2.0,-10.0,-79.0
1777890478.2063324,5.0,-2.0,-78.0
1777890478.2163324,4.0,1.0,-75.0
1777890478.2263324,7.0,2.0,-75.0
1777890478.2363324,10.0,2.0,-70.0
1777890478.2463324,10.0,0.0,-77.0
1777890478.2563324,6.0,-1.0,-81.0
1777890478.2663324,3.0,-3.0,-76.0
1777890478.2763324,2.0,1.0,-87.0
1777890478.2863324,0.0,3.0,-89.0
1777890478.2963324,-2.0,-2.0,-82.0
1777890478.3063323,-6.0,-1.0,-76.0
1777890478.3163323,-9.0,1.0,-72.0
1777890478.3263323,-8.0,2.0,-72.0
1777890478.3363323,-9.0,-2.0,-74.0
1777890478.3463323,-8.0,-2.0,-75.0
1777890478.3563323,-6.0,-3.0,-78.0
1777890478.3663323,-4.0,-8.0,-80.0
1777890478.3763323,0.0,-2.0,-83.0
1777890478.3863325,-1.0,0.0,-84.0
1777890478.3973324,-1.0,2.0,-85.0
1777890478.4063325,-3.0,0.0,-81.0
1777890478.4173324,-1.0,-4.0,-75.0
1777890478.4273324,-1.0,-6.0,-79.0
1777890478.4373324,0.0,-4.0,-80.0
1777890478.4473324,0.0,-2.0,-79.0
1777890478.4573324,-2.0,0.0,-79.0
1777890478.4673324,0.0,2.0,-72.0
1777890478.4773324,0.0,1.0,-65.0
1777890478.4873323,-1.0,3.0,-64.0
1777890478.4973323,0.0,0.0,-68.0
1777890478.5073323,-3.0,0.0,-66.0
1777890478.5173323,-5.0,-2.0,-76.0
1777890478.5273323,-7.0,-1.0,-79.0
1777890478.5373323,-3.0,0.0,-75.0
1777890478.5473323,0.0,-2.0,-75.0
1777890478.5573325,1.0,1.0,-71.0
1777890478.5673325,3.0,-1.0,-69.0
1777890478.5773325,4.0,1.0,-66.0
1777890478.5873325,4.0,0.0,-64.0
1777890478.5973325,4.0,-3.0,-63.0
1777890478.6073325,3.0,-4.0,-66.0
1777890478.6173325,2.0,-5.0,-68.0
1777890478.6273324,7.0,-3.0,-67.0
1777890478.6373324,8.0,-1.0,-76.0
1777890478.6473324,10.0,1.0,-85.0
1777890478.6573324,9.0,2.0,-88.0
1777890478.6673324,5.0,2.0,-90.0
1777890478.6773324,0.0,1.0,-92.0
1777890478.6873324,-1.0,-1.0,-90.0
1777890478.6973324,-1.0,1.0,-89.0
1777890478.7073324,-3.0,-4.0,-82.0
1777890478.7173324,-6.0,-5.0,-71.0
1777890478.7273324,-3.0,-2.0,-74.0
1777890478.7373323,-4.0,0.0,-69.0
1777890478.7473323,-1.0,3.0,-68.0
1777890478.7573323,0.0,2.0,-72.0
1777890478.7673323,2.0,-1.0,-73.0
1777890478.7773323,4.0,0.0,-73.0
1777890478.7873323,8.0,-1.0,-69.0
1777890478.7973323,9.0,0.0,-66.0
1777890478.8073325,11.0,-4.0,-68.0
1777890478.8173325,9.0,-4.0,-70.0
1777890478.8273325,5.0,-3.0,-70.0
1777890478.8373325,4.0,1.0,-65.0
1777890478.8473325,0.0,5.0,-63.0
1777890478.8573325,0.0,5.0,-69.0
1777890478.8673325,3.0,3.0,-68.0
1777890478.8773324,3.0,1.0,-64.0
1777890478.8873324,1.0,1.0,-57.0
1777890478.8973324,3.0,3.0,-57.0
1777890478.9073324,0.0,0.0,-59.0
1777890478.9173324,-1.0,-4.0,-63.0
1777890478.9273324,-2.0,-1.0,-74.0
1777890478.9373324,-2.0,1.0,-75.0
1777890478.9473324,-6.0,-3.0,-74.0
1777890478.9573324,-7.0,0.0,-78.0
1777890478.9673324,-4.0,0.0,-77.0
1777890478.9773324,-2.0,0.0,-81.0
1777890478.9873323,-1.0,5.0,-72.0
1777890478.9973323,2.0,6.0,-75.0
1777890479.0073323,4.0,6.0,-69.0
1777890479.0173323,10.0,1.0,-69.0
1777890479.0273323,3.0,0.0,-68.0
1777890479.0373323,1.0,0.0,-72.0
1777890479.0473323,2.0,-2.0,-73.0
1777890479.0573325,4.0,0.0,-77.0
1777890479.0673325,5.0,2.0,-76.0
1777890479.0773325,7.0,0.0,-80.0
1777890479.0873325,0.0,-1.0,-80.0
1777890479.0973325,-3.0,0.0,-82.0
1777890479.1073325,1.0,1.0,-85.0
1777890479.1173325,0.0,3.0,-78.0
1777890479.1273324,-2.0,0.0,-76.0
1777890479.1373324,0.0,0.0,-74.0
1777890479.1473324,-4.0,0.0,-76.0
1777890479.1573324,0.0,0.0,-68.0
1777890479.1673324,-2.0,1.0,-68.0
1777890479.1773324,-1.0,4.0,-71.0
1777890479.1873324,-1.0,7.0,-67.0
1777890479.1973324,0.0,3.0,-66.0
1777890479.2073324,2.0,3.0,-67.0
1777890479.2173324,4.0,-1.0,-73.0
1777890479.2273324,5.0,1.0,-72.0
1777890479.2373323,5.0,-3.0,-75.0
1777890479.2473323,4.0,-3.0,-71.0
1777890479.2573323,6.0,-5.0,-71.0
1777890479.2673323,4.0,0.0,-72.0
1777890479.2773323,3.0,-3.0,-62.0
1777890479.2873323,1.0,-3.0,-64.0
1777890479.2973323,0.0,-2.0,-56.0
1777890479.3073325,3.0,-5.0,-65.0
1777890479.3173325,0.0,-2.0,-72.0
1777890479.3273325,0.0,-2.0,-68.0
1777890479.3373325,-5.0,-4.0,-62.0
1777890479.3473325,-4.0,0.0,-59.0
1777890479.3573325,-4.0,3.0,-58.0
1777890479.3673325,-5.0,1.0,-63.0
1777890479.3773324,-1.0,1.0,-61.0
1777890479.3873324,0.0,1.0,-60.0
1777890479.3973324,3.0,3.0,-60.0
1777890479.4073324,4.0,8.0,-60.0
1777890479.4173324,3.0,4.0,-66.0
1777890479.4273324,2.0,3.0,-72.0
1777890479.4373324,6.0,-1.0,-75.0
1777890479.4473324,6.0,-3.0,-82.0
1777890479.4573324,5.0,-1.0,-86.0
1777890479.4673324,10.0,-1.0,-86.0
1777890479.4773324,7.0,0.0,-88.0
1777890479.4873323,4.0,-5.0,-81.0
1777890479.4973323,2.0,-6.0,-74.0
1777890479.5073323,-2.0,-3.0,-76.0
1777890479.5173323,0.0,-4.0,-83.0
1777890479.5273323,6.0,-5.0,-81.0
1777890479.5373323,8.0,-5.0,-78.0
1777890479.5473323,0.0,-7.0,-75.0
1777890479.5573325,0.0,-5.0,-67.0
1777890479.5673325,3.0,-2.0,-66.0
1777890479.5773325,7.0,0.0,-68.0
1777890479.5873325,8.0,1.0,-71.0
1777890479.5973325,7.0,1.0,-74.0
1777890479.6073325,0.0,2.0,-83.0
1777890479.6173325,-1.0,0.0,-79.0
1777890479.6273324,-3.0,-1.0,-80.0
1777890479.6373324,-4.0,1.0,-82.0
1777890479.6473324,-4.0,2.0,-81.0
1777890479.6573324,-4.0,1.0,-80.0
1777890479.6673324,-5.0,3.0,-85.0
1777890479.6773324,-5.0,2.0,-82.0
1777890479.6873324,-5.0,3.0,-78.0
1777890479.6973324,-2.0,4.0,-76.0
1777890479.7073324,-2.0,6.0,-70.0
1777890479.7173324,1.0,5.0,-76.0
1777890479.7273324,6.0,7.0,-75.0
1777890479.7373323,8.0,6.0,-76.0
1777890479.7473323,4.0,6.0,-77.0
1777890479.7573323,8.0,6.0,-75.0
1777890479.7673323,6.0,5.0,-76.0
1777890479.7773323,6.0,0.0,-71.0
1777890479.7873323,6.0,-2.0,-79.0
1777890479.7973323,5.0,0.0,-81.0
1777890479.8073325,3.0,-7.0,-79.0
1777890479.8173325,2.0,-4.0,-81.0
1777890479.8273325,1.0,0.0,-82.0
1777890479.8373325,0.0,0.0,-81.0
1777890479.8473325,1.0,-1.0,-82.0
1777890479.8573325,0.0,-1.0,-81.0
1777890479.8673325,2.0,1.0,-81.0
1777890479.8773324,0.0,-1.0,-78.0
1777890479.8873324,0.0,-2.0,-76.0
1777890479.8973324,-2.0,1.0,-81.0
1777890479.9073324,0.0,4.0,-77.0
1777890479.9173324,0.0,5.0,-77.0
1777890479.9273324,0.0,5.0,-66.0
1777890479.9373324,0.0,5.0,-64.0
1777890479.9473324,3.0,2.0,-60.0
1777890479.9573324,3.0,0.0,-69.0
1777890479.9673324,7.0,0.0,-70.0
1777890479.9773324,3.0,-2.0,-72.0
1777890479.9873323,0.0,-4.0,-76.0
1777890479.9973323,0.0,-4.0,-79.0
1777890480.0073323,-2.0,0.0,-78.0
1777890480.0173323,-5.0,0.0,-67.0
1777890480.0273323,-9.0,3.0,-70.0
1777890480.0373323,-4.0,2.0,-72.0
1777890480.0473323,-2.0,1.0,-74.0
1777890480.0573325,-3.0,2.0,-73.0
1777890480.0673325,-3.0,-1.0,-70.0
1777890480.0773325,-4.0,-2.0,-67.0
1777890480.0873325,-8.0,-6.0,-63.0
1777890480.0973325,-6.0,-8.0,-59.0
1777890480.1073325,-1.0,-5.0,-58.0
1777890480.1173325,-1.0,-6.0,-63.0
1777890480.1273324,-1.0,-4.0,-67.0
1777890480.1373324,0.0,-3.0,-67.0
1777890480.1473324,-3.0,-2.0,-66.0
1777890480.1573324,-4.0,-3.0,-60.0
1777890480.1673324,-2.0,-3.0,-53.0
1777890480.1773324,-2.0,-5.0,-56.0
1777890480.1873324,-1.0,-7.0,-67.0
1777890480.1973324,-2.0,-7.0,-70.0
1777890480.2073324,0.0,-7.0,-75.0
1777890480.2173324,-1.0,-6.0,-73.0
1777890480.2273324,-3.0,-2.0,-75.0
1777890480.2373323,-2.0,1.0,-75.0
1777890480.2473323,-1.0,2.0,-76.0
1777890480.2573323,-1.0,0.0,-73.0
1777890480.2673323,0.0,0.0,-64.0
1777890480.2773323,-1.0,1.0,-65.0
1777890480.2873323,0.0,0.0,-67.0
1777890480.2973323,2.0,-5.0,-65.0
1777890480.3073325,0.0,-2.0,-59.0
1777890480.3173325,-1.0,-2.0,-69.0
1777890480.3273325,-2.0,-2.0,-70.0
1777890480.3373325,-2.0,0.0,-68.0
1777890480.3473325,-5.0,2.0,-75.0
1777890480.3583324,-10.0,4.0,-76.0
1777890480.3673325,-9.0,5.0,-66.0
1777890480.3773324,-6.0,4.0,-66.0
1777890480.3883324,-6.0,6.0,-69.0
1777890480.3983324,-3.0,8.0,-68.0
1777890480.4083323,-4.0,1.0,-69.0
1777890480.4183323,-4.0,1.0,-70.0
1777890480.4283323,-4.0,4.0,-71.0
1777890480.4383323,-5.0,3.0,-75.0
1777890480.4483323,-6.0,-1.0,-77.0
1777890480.4583323,-7.0,0.0,-72.0
1777890480.4683323,-4.0,-4.0,-81.0
1777890480.4783323,0.0,-4.0,-78.0
1777890480.4883325,5.0,-4.0,-72.0
1777890480.4983325,5.0,-4.0,-68.0
1777890480.5083325,4.0,0.0,-66.0
1777890480.5183325,3.0,-3.0,-73.0
1777890480.5283325,3.0,0.0,-75.0
1777890480.5383325,1.0,4.0,-76.0
1777890480.5483325,0.0,2.0,-77.0
1777890480.5583324,2.0,1.0,-70.0
1777890480.5683324,0.0,-1.0,-67.0
1777890480.5783324,1.0,-1.0,-63.0
1777890480.5883324,1.0,-1.0,-66.0
1777890480.5983324,3.0,0.0,-66.0
1777890480.6083324,3.0,0.0,-60.0
1777890480.6183324,2.0,2.0,-59.0
1777890480.6283324,-1.0,-3.0,-53.0
1777890480.6383324,-3.0,-5.0,-57.0
1777890480.6483324,-8.0,-4.0,-64.0
1777890480.6583323,-6.0,-4.0,-70.0
1777890480.6683323,-5.0,-7.0,-72.0
1777890480.6783323,-2.0,-8.0,-72.0
1777890480.6883323,0.0,-6.0,-74.0
1777890480.6983323,5.0,0.0,-82.0
1777890480.7083323,2.0,-3.0,-82.0
1777890480.7183323,3.0,-3.0,-79.0
1777890480.7283323,2.0,-1.0,-73.0
1777890480.7383325,5.0,-5.0,-72.0
1777890480.7483325,5.0,-1.0,-72.0
1777890480.7583325,3.0,-1.0,-79.0
1777890480.7683325,4.0,-7.0,-72.0
1777890480.7783325,-1.0,-4.0,-64.0
1777890480.7883325,-2.0,-5.0,-63.0
1777890480.7983325,-1.0,-10.0,-69.0
1777890480.8083324,1.0,-12.0,-73.0
1777890480.8183324,0.0,-14.0,-66.0
1777890480.8283324,-1.0,-8.0,-74.0
1777890480.8383324,-4.0,-4.0,-74.0
1777890480.8483324,0.0,-7.0,-80.0
1777890480.8583324,-2.0,-5.0,-80.0
1777890480.8683324,-4.0,-3.0,-79.0
1777890480.8783324,-4.0,-3.0,-79.0
1777890480.8883324,-7.0,-2.0,-81.0
1777890480.8983324,-5.0,-4.0,-77.0
1777890480.9083323,-4.0,-4.0,-78.0
1777890480.9183323,-6.0,-1.0,-78.0
1777890480.9283323,-9.0,0.0,-80.0
1777890480.9383323,-6.0,1.0,-77.0
1777890480.9483323,-7.0,3.0,-76.0
1777890480.9583323,-7.0,2.0,-71.0
1777890480.9683323,0.0,4.0,-60.0
1777890480.9783323,6.0,0.0,-56.0
1777890480.9883325,5.0,1.0,-61.0
1777890480.9983325,0.0,1.0,-69.0
1777890481.0083325,0.0,0.0,-73.0
1777890481.0183325,-2.0,2.0,-72.0
1777890481.0283325,0.0,1.0,-74.0
1777890481.0383325,0.0,-1.0,-74.0
1777890481.0483325,-4.0,0.0,-74.0
1777890481.0583324,-4.0,-1.0,-67.0
1777890481.0683324,-7.0,-4.0,-65.0
1777890481.0783324,-6.0,-6.0,-66.0
1777890481.0883324,-5.0,-4.0,-70.0
1777890481.0983324,-7.0,0.0,-71.0
1777890481.1083324,-4.0,-3.0,-68.0
1777890481.1183324,-3.0,0.0,-70.0
1777890481.1283324,-1.0,5.0,-69.0
1777890481.1383324,1.0,6.0,-69.0
1777890481.1483324,-2.0,5.0,-67.0
1777890481.1583323,-6.0,-1.0,-70.0
1777890481.1683323,-1.0,-2.0,-73.0
1777890481.1783323,0.0,0.0,-67.0
1777890481.1883323,-2.0,0.0,-66.0
1777890481.1983323,-4.0,-4.0,-70.0
1777890481.2083323,-3.0,-7.0,-77.0
1777890481.2183323,-10.0,-5.0,-76.0
1777890481.2283323,-9.0,1.0,-76.0
1777890481.2383325,-4.0,2.0,-85.0
1777890481.2483325,-2.0,-2.0,-78.0
1777890481.2583325,-3.0,-1.0,-80.0
1777890481.2683325,0.0,3.0,-86.0
1777890481.2783325,-2.0,1.0,-86.0
1777890481.2883325,-6.0,3.0,-86.0
1777890481.2983325,-6.0,5.0,-86.0
1777890481.3083324,-8.0,4.0,-85.0
1777890481.3183324,-5.0,6.0,-83.0
1777890481.3283324,0.0,8.0,-88.0
1777890481.3383324,-3.0,2.0,-88.0
1777890481.3483324,4.0,0.0,-84.0
1777890481.3583324,5.0,-1.0,-85.0
1777890481.3683324,6.0,-3.0,-84.0
1777890481.3783324,1.0,-7.0,-82.0
1777890481.3883324,3.0,-3.0,-80.0
1777890481.3983324,5.0,0.0,-75.0
1777890481.4083323,4.0,0.0,-73.0
1777890481.4183323,4.0,1.0,-73.0
1777890481.4283323,0.0,1.0,-73.0
1777890481.4383323,-1.0,-2.0,-75.0
1777890481.4483323,0.0,-4.0,-76.0
1777890481.4583323,-1.0,0.0,-73.0
1777890481.4683323,-3.0,1.0,-78.0
1777890481.4783323,-2.0,0.0,-73.0
1777890481.4883325,-7.0,0.0,-75.0
1777890481.4993324,-7.0,0.0,-77.0
1777890481.5083325,-4.0,0.0,-76.0
1777890481.5183325,-3.0,0.0,-71.0
1777890481.5283325,-2.0,-3.0,-70.0
1777890481.5383325,-3.0,1.0,-74.0
1777890481.5483325,-7.0,3.0,-69.0
1777890481.5583324,-5.0,1.0,-68.0
1777890481.5683324,-4.0,2.0,-68.0
1777890481.5783324,-1.0,-3.0,-75.0
1777890481.5883324,1.0,0.0,-79.0
1777890481.5983324,0.0,-4.0,-79.0
1777890481.6083324,1.0,0.0,-74.0
1777890481.6183324,3.0,0.0,-67.0
1777890481.6283324,8.0,-2.0,-63.0
1777890481.6383324,6.0,-2.0,-64.0
1777890481.6483324,1.0,-2.0,-67.0
1777890481.6583323,1.0,0.0,-64.0
1777890481.6683323,1.0,2.0,-65.0
1777890481.6783323,3.0,0.0,-65.0
1777890481.6883323,0.0,2.0,-71.0
1777890481.6983323,4.0,5.0,-62.0
1777890481.7083323,11.0,2.0,-63.0
1777890481.7183323,8.0,4.0,-67.0
1777890481.7283323,3.0,4.0,-70.0
1777890481.7383325,0.0,2.0,-68.0
1777890481.7483325,1.0,1.0,-69.0
1777890481.7583325,2.0,0.0,-74.0
1777890481.7683325,4.0,-1.0,-83.0
1777890481.7783325,9.0,0.0,-79.0
1777890481.7883325,4.0,-2.0,-83.0
1777890481.7983325,9.0,-7.0,-78.0
1777890481.8083324,14.0,-3.0,-77.0
1777890481.8183324,10.0,-2.0,-79.0
1777890481.8283324,11.0,-2.0,-70.0
1777890481.8383324,9.0,-5.0,-67.0
1777890481.8483324,5.0,-2.0,-67.0
1777890481.8583324,1.0,-3.0,-68.0
1777890481.8683324,0.0,-6.0,-71.0
1777890481.8783324,0.0,-5.0,-69.0
1777890481.8883324,-3.0,-4.0,-71.0
1777890481.8983324,-5.0,-8.0,-76.0
1777890481.9083323,-6.0,-10.0,-76.0
1777890481.9183323,-5.0,-9.0,-73.0
1777890481.9283323,-6.0,-3.0,-74.0
1777890481.9383323,-4.0,0.0,-76.0
1777890481.9483323,-2.0,-2.0,-74.0
1777890481.9583323,0.0,-1.0,-77.0
1777890481.9683323,0.0,1.0,-76.0
1777890481.9783323,0.0,-3.0,-76.0
1777890481.9893324,-1.0,-3.0,-73.0
1777890481.9983325,2.0,-3.0,-76.0
1777890482.0083325,0.0,-3.0,-78.0
1777890482.0183325,3.0,-3.0,-83.0
1777890482.0283325,10.0,1.0,-80.0
1777890482.0383325,8.0,1.0,-76.0
1777890482.0483325,4.0,3.0,-78.0
1777890482.0583324,4.0,5.0,-82.0
1777890482.0683324,1.0,3.0,-81.0
1777890482.0783324,-1.0,0.0,-78.0
1777890482.0883324,2.0,-2.0,-71.0
1777890482.0983324,4.0,-2.0,-76.0
1777890482.1083324,0.0,-1.0,-75.0
1777890482.1183324,0.0,-1.0,-75.0
1777890482.1283324,2.0,1.0,-84.0
1777890482.1383324,3.0,-1.0,-85.0
1777890482.1483324,2.0,0.0,-78.0
1777890482.1583323,1.0,1.0,-77.0
1777890482.1683323,2.0,1.0,-70.0
1777890482.1783323,5.0,2.0,-71.0
1777890482.1883323,4.0,-1.0,-69.0
1777890482.1983323,2.0,0.0,-72.0
1777890482.2083323,4.0,-2.0,-72.0
1777890482.2183323,1.0,-3.0,-66.0
1777890482.2283323,2.0,-8.0,-70.0
1777890482.2383325,1.0,-9.0,-74.0
1777890482.2483325,2.0,-4.0,-77.0
1777890482.2583325,0.0,-5.0,-76.0
1777890482.2683325,2.0,-5.0,-82.0
1777890482.2783325,-2.0,-3.0,-78.0
1777890482.2883325,-3.0,-1.0,-77.0
1777890482.2983325,-6.0,0.0,-72.0
1777890482.3083324,-4.0,-2.0,-70.0
1777890482.3183324,-2.0,-5.0,-75.0
1777890482.3283324,0.0,-4.0,-76.0
1777890482.3383324,0.0,0.0,-73.0
1777890482.3493323,1.0,0.0,-74.0
1777890482.3583324,1.0,2.0,-71.0
1777890482.3693323,4.0,3.0,-80.0
1777890482.3793323,0.0,0.0,-82.0
1777890482.3893323,0.0,-1.0,-73.0
1777890482.3993323,0.0,0.0,-74.0
1777890482.4093325,-1.0,0.0,-76.0
1777890482.4193325,0.0,3.0,-73.0
1777890482.4293325,3.0,7.0,-80.0
1777890482.4393325,1.0,6.0,-71.0
1777890482.4493325,0.0,3.0,-67.0
1777890482.4593325,0.0,-1.0,-67.0
1777890482.4693325,-7.0,1.0,-68.0
1777890482.4793324,-12.0,5.0,-71.0
1777890482.4893324,-4.0,2.0,-74.0
1777890482.4993324,-4.0,0.0,-68.0
1777890482.5093324,-5.0,-3.0,-68.0
1777890482.5193324,0.0,-4.0,-70.0
1777890482.5293324,-2.0,-5.0,-64.0
1777890482.5393324,-3.0,-4.0,-64.0
1777890482.5493324,-6.0,-4.0,-64.0
1777890482.5593324,-5.0,-3.0,-71.0
1777890482.5693324,-8.0,-6.0,-69.0
1777890482.5793324,-4.0,-5.0,-75.0
1777890482.5893323,-2.0,-4.0,-74.0
1777890482.5993323,-8.0,-2.0,-74.0
1777890482.6093323,-10.0,-1.0,-77.0
1777890482.6193323,-5.0,0.0,-78.0
1777890482.6293323,-2.0,1.0,-78.0
1777890482.6393323,2.0,5.0,-84.0
1777890482.6493323,0.0,1.0,-74.0
1777890482.6593325,0.0,-1.0,-74.0
1777890482.6693325,-1.0,-2.0,-71.0
1777890482.6793325,0.0,2.0,-64.0
1777890482.6893325,0.0,3.0,-64.0
1777890482.6993325,-3.0,2.0,-65.0
1777890482.7093325,-6.0,-1.0,-67.0
1777890482.7193325,-4.0,-1.0,-64.0
1777890482.7293324,-2.0,1.0,-60.0
1777890482.7393324,0.0,0.0,-60.0
1777890482.7493324,3.0,0.0,-57.0
1777890482.7593324,4.0,0.0,-59.0
1777890482.7693324,7.0,1.0,-64.0
1777890482.7793324,7.0,2.0,-62.0
1777890482.7893324,3.0,5.0,-63.0
1777890482.7993324,2.0,3.0,-61.0
1777890482.8093324,2.0,0.0,-69.0
1777890482.8193324,1.0,0.0,-72.0
1777890482.8293324,-3.0,2.0,-71.0
1777890482.8393323,-2.0,1.0,-70.0
1777890482.8493323,0.0,2.0,-69.0
1777890482.8593323,5.0,3.0,-69.0
1777890482.8693323,5.0,0.0,-68.0
1777890482.8793323,5.0,1.0,-68.0
1777890482.8893323,9.0,4.0,-71.0
1777890482.8993323,12.0,0.0,-76.0
1777890482.9093325,10.0,0.0,-75.0
1777890482.9193325,9.0,0.0,-77.0
1777890482.9293325,8.0,-1.0,-77.0
1777890482.9393325,0.0,-3.0,-72.0
1777890482.9493325,3.0,0.0,-77.0
1777890482.9593325,2.0,-2.0,-73.0
1777890482.9693325,0.0,-4.0,-79.0
1777890482.9793324,-3.0,0.0,-82.0
1777890482.9893324,2.0,0.0,-82.0
1777890482.9993324,5.0,-2.0,-83.0
1777890483.0093324,5.0,-2.0,-83.0
1777890483.0193324,3.0,-3.0,-75.0
1777890483.0293324,8.0,-5.0,-73.0
1777890483.0393324,4.0,-2.0,-79.0
1777890483.0493324,1.0,0.0,-72.0
1777890483.0593324,5.0,-1.0,-71.0
1777890483.0693324,6.0,-1.0,-75.0
1777890483.0793324,0.0,0.0,-83.0
1777890483.0893323,2.0,0.0,-94.0
1777890483.0993323,4.0,2.0,-92.0
1777890483.1093323,4.0,1.0,-84.0
1777890483.1193323,6.0,-3.0,-75.0
1777890483.1293323,3.0,-6.0,-71.0
1777890483.1393323,0.0,-3.0,-81.0
1777890483.1493323,0.0,-4.0,-80.0
1777890483.1593325,-1.0,-3.0,-73.0
1777890483.1693325,0.0,-1.0,-75.0
1777890483.1793325,-2.0,0.0,-76.0
1777890483.1893325,3.0,-1.0,-83.0
1777890483.1993325,4.0,-1.0,-80.0
1777890483.2093325,3.0,1.0,-78.0
1777890483.2193325,2.0,-1.0,-77.0
1777890483.2293324,2.0,0.0,-76.0
1777890483.2393324,0.0,2.0,-70.0
1777890483.2493324,1.0,0.0,-64.0
1777890483.2593324,0.0,3.0,-62.0
1777890483.2693324,4.0,3.0,-59.0
1777890483.2793324,6.0,1.0,-65.0
1777890483.2893324,5.0,1.0,-63.0
1777890483.2993324,4.0,-1.0,-67.0
1777890483.3093324,0.0,-3.0,-70.0
1777890483.3193324,-1.0,-3.0,-73.0
1777890483.3293324,-3.0,0.0,-72.0
1777890483.3393323,-6.0,0.0,-71.0
1777890483.3493323,-4.0,-1.0,-67.0
1777890483.3593323,-3.0,0.0,-70.0
1777890483.3693323,-1.0,0.0,-71.0
1777890483.3793323,0.0,-1.0,-71.0
1777890483.3893323,-2.0,-1.0,-74.0
1777890483.3993323,-2.0,-1.0,-72.0
1777890483.4093325,-4.0,-2.0,-80.0
1777890483.4193325,-2.0,-4.0,-82.0
1777890483.4293325,-2.0,-7.0,-80.0
1777890483.4393325,4.0,-8.0,-74.0
1777890483.4493325,2.0,-9.0,-76.0
1777890483.4593325,2.0,-6.0,-77.0
1777890483.4693325,5.0,-2.0,-74.0
1777890483.4793324,9.0,0.0,-85.0
1777890483.4893324,3.0,-6.0,-88.0
1777890483.4993324,0.0,-8.0,-92.0
1777890483.5093324,1.0,-6.0,-80.0
1777890483.5193324,2.0,-6.0,-81.0
1777890483.5293324,2.0,-1.0,-78.0
1777890483.5393324,6.0,2.0,-74.0
1777890483.5493324,5.0,2.0,-72.0
1777890483.5593324,2.0,3.0,-67.0
1777890483.5693324,-3.0,1.0,-68.0
1777890483.5793324,-6.0,0.0,-70.0
1777890483.5893323,-6.0,-1.0,-76.0
1777890483.5993323,-5.0,-2.0,-74.0
1777890483.6093323,-5.0,0.0,-71.0
1777890483.6193323,-5.0,0.0,-66.0
1777890483.6293323,-8.0,1.0,-71.0
1777890483.6393323,-5.0,1.0,-73.0
1777890483.6493323,0.0,1.0,-67.0
1777890483.6593325,0.0,1.0,-65.0
1777890483.6693325,2.0,4.0,-66.0
1777890483.6793325,10.0,2.0,-68.0
1777890483.6893325,10.0,1.0,-70.0
1777890483.6993325,15.0,-2.0,-75.0
1777890483.7093325,12.0,1.0,-79.0
1777890483.7193325,9.0,2.0,-81.0
1777890483.7293324,6.0,4.0,-80.0
1777890483.7393324,3.0,3.0,-80.0
1777890483.7493324,0.0,-1.0,-82.0
1777890483.7593324,1.0,1.0,-77.0
1777890483.7693324,-1.0,1.0,-70.0
1777890483.7793324,-2.0,2.0,-66.0
1777890483.7893324,-1.0,1.0,-70.0
1777890483.7993324,1.0,0.0,-73.0
1777890483.8093324,2.0,-3.0,-74.0
1777890483.8193324,0.0,-3.0,-67.0
1777890483.8293324,-6.0,0.0,-70.0
1777890483.8393323,-1.0,1.0,-72.0
1777890483.8493323,-1.0,-3.0,-69.0
1777890483.8593323,2.0,-4.0,-70.0
1777890483.8693323,-1.0,-8.0,-66.0
1777890483.8793323,1.0,-10.0,-71.0
1777890483.8893323,1.0,-7.0,-69.0
1777890483.8993323,1.0,-1.0,-71.0
1777890483.9093325,5.0,-3.0,-75.0
1777890483.9193325,4.0,0.0,-76.0
1777890483.9293325,2.0,-5.0,-72.0
1777890483.9393325,2.0,-4.0,-73.0
1777890483.9493325,7.0,0.0,-74.0
1777890483.9593325,6.0,2.0,-71.0
1777890483.9693325,6.0,5.0,-73.0
1777890483.9793324,0.0,7.0,-70.0
1777890483.9893324,0.0,7.0,-72.0
1777890483.9993324,-2.0,9.0,-79.0
1777890484.0093324,-2.0,2.0,-80.0
1777890484.0193324,-1.0,-2.0,-89.0
1777890484.0293324,-1.0,-2.0,-83.0
1777890484.0393324,-3.0,0.0,-84.0
1777890484.0493324,-1.0,-3.0,-81.0
1777890484.0593324,5.0,-4.0,-72.0
1777890484.0693324,2.0,-8.0,-72.0
1777890484.0793324,4.0,-3.0,-71.0
1777890484.0893323,1.0,-4.0,-70.0
1777890484.0993323,0.0,-1.0,-75.0
1777890484.1093323,-2.0,-1.0,-80.0
1777890484.1193323,-2.0,0.0,-79.0
1777890484.1293323,-6.0,-2.0,-72.0
1777890484.1393323,-4.0,-1.0,-69.0
1777890484.1493323,-1.0,-1.0,-74.0
1777890484.1593325,-1.0,0.0,-80.0
1777890484.1693325,-7.0,-1.0,-73.0
1777890484.1793325,-7.0,0.0,-69.0
1777890484.1893325,-5.0,0.0,-68.0
1777890484.1993325,-3.0,2.0,-72.0
1777890484.2093325,-1.0,0.0,-76.0
1777890484.2193325,0.0,2.0,-75.0
1777890484.2293324,0.0,4.0,-71.0
1777890484.2393324,0.0,1.0,-73.0
1777890484.2493324,1.0,-1.0,-72.0
1777890484.2593324,-2.0,1.0,-70.0
1777890484.2693324,-4.0,4.0,-74.0
1777890484.2793324,-6.0,8.0,-79.0
1777890484.2893324,-6.0,4.0,-75.0
1777890484.2993324,-4.0,0.0,-73.0
1777890484.3093324,-3.0,0.0,-72.0
1777890484.3193324,-3.0,0.0,-72.0
1777890484.3293324,-1.0,-1.0,-72.0
1777890484.3393323,2.0,6.0,-72.0
1777890484.3503325,4.0,3.0,-76.0
1777890484.3603325,2.0,2.0,-76.0
1777890484.3703325,0.0,2.0,-73.0
1777890484.3803325,-1.0,0.0,-70.0
1777890484.3903325,-1.0,-4.0,-71.0
1777890484.4003325,4.0,-2.0,-63.0
1777890484.4103324,2.0,0.0,-67.0
1777890484.4203324,3.0,0.0,-73.0
1777890484.4303324,1.0,0.0,-73.0
1777890484.4403324,-1.0,-3.0,-72.0
1777890484.4503324,-4.0,-2.0,-73.0
1777890484.4603324,-2.0,-6.0,-74.0
1777890484.4703324,-2.0,0.0,-70.0
1777890484.4803324,-2.0,-1.0,-65.0
1777890484.4903324,-3.0,0.0,-69.0
1777890484.5003324,0.0,2.0,-71.0
1777890484.5103323,1.0,6.0,-72.0
1777890484.5203323,-1.0,5.0,-74.0
1777890484.5303323,1.0,3.0,-74.0
1777890484.5403323,3.0,1.0,-81.0
1777890484.5503323,4.0,2.0,-82.0
1777890484.5603323,5.0,1.0,-81.0
1777890484.5713325,4.0,2.0,-76.0
1777890484.5803325,3.0,1.0,-76.0
1777890484.5903325,5.0,1.0,-74.0
1777890484.6003325,3.0,0.0,-76.0
1777890484.6103325,4.0,0.0,-69.0
1777890484.6203325,7.0,-4.0,-76.0
1777890484.6303325,4.0,-5.0,-79.0
1777890484.6403325,1.0,-5.0,-72.0
1777890484.6503325,0.0,-5.0,-75.0
1777890484.6603324,1.0,-1.0,-74.0
1777890484.6703324,4.0,2.0,-76.0
1777890484.6803324,3.0,0.0,-73.0
1777890484.6903324,4.0,-1.0,-83.0
1777890484.7003324,1.0,-3.0,-78.0
1777890484.7103324,-1.0,-1.0,-79.0
1777890484.7203324,-4.0,-2.0,-77.0
1777890484.7303324,-6.0,0.0,-77.0
1777890484.7403324,-6.0,4.0,-69.0
1777890484.7503324,-8.0,4.0,-71.0
1777890484.7603323,-4.0,1.0,-80.0
1777890484.7703323,0.0,-1.0,-80.0
1777890484.7803323,-2.0,-2.0,-69.0
1777890484.7903323,-2.0,-2.0,-70.0
1777890484.8003323,2.0,0.0,-76.0
1777890484.8103323,-2.0,2.0,-72.0
1777890484.8203323,-2.0,2.0,-65.0
1777890484.8303325,-3.0,1.0,-63.0
1777890484.8403325,-4.0,0.0,-65.0
1777890484.8503325,-5.0,-2.0,-65.0
1777890484.8603325,-3.0,-6.0,-64.0
1777890484.8703325,1.0,-7.0,-66.0
1777890484.8803325,2.0,-7.0,-73.0
1777890484.8903325,6.0,-5.0,-76.0
1777890484.9003325,6.0,-3.0,-82.0
1777890484.9103324,1.0,1.0,-83.0
1777890484.9203324,0.0,0.0,-80.0
1777890484.9303324,1.0,-1.0,-80.0
1777890484.9403324,0.0,-1.0,-80.0
1777890484.9503324,-2.0,1.0,-77.0
1777890484.9603324,0.0,1.0,-77.0
1777890484.9703324,4.0,5.0,-82.0
1777890484.9803324,2.0,5.0,-81.0
1777890484.9903324,0.0,4.0,-76.0
1777890485.0003324,1.0,4.0,-72.0
1777890485.0103323,1.0,3.0,-73.0
1777890485.0203323,5.0,1.0,-81.0
1777890485.0303323,8.0,5.0,-82.0
1777890485.0403323,6.0,2.0,-79.0
1777890485.0503323,1.0,-1.0,-72.0
1777890485.0603323,-1.0,-1.0,-66.0
1777890485.0703323,-1.0,-2.0,-70.0
1777890485.0803325,-1.0,-3.0,-66.0
1777890485.0903325,0.0,-1.0,-68.0
1777890485.1003325,5.0,0.0,-79.0
1777890485.1103325,5.0,0.0,-81.0
1777890485.1203325,9.0,0.0,-82.0
1777890485.1303325,8.0,1.0,-82.0
1777890485.1403325,3.0,-1.0,-75.0
1777890485.1503325,0.0,0.0,-79.0
1777890485.1603324,-1.0,1.0,-80.0
1777890485.1703324,-2.0,2.0,-75.0
1777890485.1803324,-6.0,-1.0,-70.0
1777890485.1903324,-4.0,-1.0,-70.0
1777890485.2003324,-5.0,-2.0,-71.0
1777890485.2103324,-6.0,-1.0,-75.0
1777890485.2203324,-4.0,-3.0,-78.0
1777890485.2303324,-6.0,-5.0,-77.0
1777890485.2403324,-7.0,-4.0,-81.0
1777890485.2503324,-4.0,-2.0,-82.0
1777890485.2603323,-1.0,-2.0,-85.0
1777890485.2703323,-4.0,-1.0,-83.0
1777890485.2803323,-6.0,3.0,-78.0
1777890485.2903323,-7.0,7.0,-74.0
1777890485.3003323,-6.0,8.0,-65.0
1777890485.3103323,-2.0,3.0,-60.0
1777890485.3203323,-2.0,1.0,-63.0
1777890485.3303325,-4.0,1.0,-67.0
1777890485.3403325,-5.0,1.0,-67.0
1777890485.3503325,-7.0,0.0,-75.0
1777890485.3603325,-5.0,1.0,-73.0
1777890485.3703325,1.0,0.0,-71.0
1777890485.3803325,4.0,4.0,-77.0
1777890485.3903325,2.0,3.0,-77.0
1777890485.4003325,3.0,-2.0,-76.0
1777890485.4103324,1.0,-2.0,-74.0
1777890485.4203324,3.0,-2.0,-81.0
1777890485.4303324,1.0,2.0,-87.0
1777890485.4403324,1.0,3.0,-80.0
1777890485.4503324,-4.0,3.0,-74.0
1777890485.4603324,-9.0,-1.0,-78.0
1777890485.4703324,-7.0,-2.0,-77.0
1777890485.4803324,-5.0,1.0,-72.0
1777890485.4903324,-2.0,3.0,-71.0
1777890485.5003324,-1.0,3.0,-72.0
1777890485.5103323,-5.0,2.0,-74.0
1777890485.5203323,-6.0,-2.0,-75.0
1777890485.5303323,-2.0,-1.0,-70.0
1777890485.5403323,-2.0,-4.0,-69.0
1777890485.5503323,1.0,-7.0,-71.0
1777890485.5603323,1.0,-7.0,-70.0
1777890485.5703323,1.0,-3.0,-70.0
1777890485.5803325,2.0,-4.0,-74.0
1777890485.5903325,5.0,-3.0,-74.0
1777890485.6003325,5.0,-2.0,-74.0
1777890485.6103325,5.0,-3.0,-76.0
1777890485.6203325,5.0,1.0,-81.0
1777890485.6303325,1.0,3.0,-80.0
1777890485.6403325,2.0,4.0,-73.0
1777890485.6503325,-2.0,3.0,-69.0
1777890485.6603324,-3.0,7.0,-67.0
1777890485.6703324,0.0,4.0,-69.0
1777890485.6803324,1.0,3.0,-75.0
1777890485.6903324,4.0,2.0,-72.0
1777890485.7003324,3.0,0.0,-73.0
1777890485.7103324,4.0,1.0,-70.0
1777890485.7203324,3.0,0.0,-73.0
1777890485.7303324,2.0,2.0,-74.0
1777890485.7403324,2.0,0.0,-72.0
1777890485.7503324,0.0,0.0,-73.0
1777890485.7603323,0.0,3.0,-70.0
1777890485.7703323,0.0,2.0,-69.0
1777890485.7803323,0.0,1.0,-69.0
1777890485.7903323,-1.0,2.0,-71.0
1777890485.8003323,0.0,-1.0,-67.0
1777890485.8103323,0.0,-1.0,-72.0
1777890485.8203323,0.0,-4.0,-80.0
1777890485.8303325,4.0,-7.0,-83.0
1777890485.8403325,5.0,-8.0,-78.0
1777890485.8503325,9.0,-9.0,-81.0
1777890485.8603325,14.0,-6.0,-78.0
1777890485.8703325,10.0,-3.0,-78.0
1777890485.8803325,7.0,-5.0,-82.0
1777890485.8903325,4.0,-7.0,-85.0
1777890485.9003325,0.0,-7.0,-76.0
1777890485.9103324,-3.0,-4.0,-80.0
1777890485.9203324,-3.0,-5.0,-77.0
1777890485.9303324,-4.0,-5.0,-74.0
1777890485.9403324,-4.0,-3.0,-83.0
1777890485.9503324,0.0,0.0,-80.0
1777890485.9603324,0.0,0.0,-79.0
1777890485.9703324,0.0,-3.0,-82.0
1777890485.9803324,-2.0,-4.0,-84.0
1777890485.9903324,-2.0,-6.0,-79.0
1777890486.0003324,0.0,-2.0,-72.0
1777890486.0103323,0.0,0.0,-70.0
1777890486.0203323,-1.0,1.0,-66.0
1777890486.0303323,0.0,0.0,-61.0
1777890486.0403323,-1.0,3.0,-61.0
1777890486.0503323,-5.0,0.0,-60.0
1777890486.0603323,-2.0,2.0,-58.0
1777890486.0703323,4.0,1.0,-60.0
1777890486.0803325,10.0,1.0,-61.0
1777890486.0903325,8.0,3.0,-61.0
1777890486.1003325,8.0,5.0,-69.0
1777890486.1103325,6.0,2.0,-70.0
1777890486.1203325,0.0,-1.0,-73.0
1777890486.1303325,0.0,-4.0,-69.0
1777890486.1403325,2.0,-4.0,-75.0
1777890486.1503325,0.0,-5.0,-71.0
1777890486.1603324,-1.0,-4.0,-74.0
1777890486.1703324,3.0,-2.0,-75.0
1777890486.1803324,2.0,-1.0,-71.0
1777890486.1903324,0.0,-5.0,-69.0
1777890486.2003324,0.0,-3.0,-69.0
1777890486.2103324,6.0,0.0,-73.0
1777890486.2203324,6.0,-2.0,-76.0
1777890486.2303324,8.0,-2.0,-79.0
1777890486.2403324,5.0,-2.0,-75.0
1777890486.2503324,8.0,-3.0,-74.0
1777890486.2603323,10.0,-3.0,-65.0
1777890486.2703323,4.0,-1.0,-67.0
1777890486.2803323,2.0,-2.0,-72.0
1777890486.2903323,0.0,0.0,-69.0
1777890486.3003323,2.0,0.0,-70.0
1777890486.3103323,2.0,2.0,-69.0
1777890486.3203323,3.0,0.0,-70.0
1777890486.3303325,6.0,1.0,-73.0
1777890486.3413324,6.0,4.0,-72.0
1777890486.3513324,6.0,1.0,-72.0
1777890486.3613324,8.0,-3.0,-71.0
1777890486.3713324,4.0,-4.0,-74.0
1777890486.3813324,5.0,-2.0,-76.0
1777890486.3913324,7.0,-5.0,-76.0
1777890486.4013324,6.0,-1.0,-70.0
1777890486.4113324,4.0,-2.0,-65.0
1777890486.4213324,-1.0,0.0,-65.0
1777890486.4313323,-3.0,0.0,-64.0
1777890486.4413323,-2.0,-1.0,-66.0
1777890486.4513323,-4.0,-2.0,-67.0
1777890486.4613323,-2.0,0.0,-69.0
1777890486.4713323,-3.0,-2.0,-72.0
1777890486.4813323,0.0,-2.0,-71.0
1777890486.4913323,2.0,-2.0,-72.0
1777890486.5013323,1.0,-1.0,-78.0
1777890486.5113325,2.0,1.0,-75.0
1777890486.5213325,-2.0,-1.0,-75.0
1777890486.5313325,-4.0,0.0,-77.0
1777890486.5413325,-3.0,-2.0,-81.0
1777890486.5513325,-4.0,1.0,-81.0
1777890486.5613325,-4.0,2.0,-81.0
1777890486.5713325,-3.0,4.0,-77.0
1777890486.5813324,-1.0,6.0,-77.0
1777890486.5913324,-3.0,5.0,-75.0
1777890486.6013324,-1.0,5.0,-78.0
1777890486.6113324,0.0,2.0,-76.0
1777890486.6213324,1.0,1.0,-72.0
1777890486.6313324,0.0,0.0,-67.0
1777890486.6413324,-1.0,-2.0,-70.0
1777890486.6513324,-3.0,-1.0,-64.0
1777890486.6613324,-2.0,0.0,-62.0
1777890486.6713324,-5.0,0.0,-61.0
1777890486.6813323,-9.0,3.0,-69.0
1777890486.6913323,-7.0,2.0,-77.0
1777890486.7013323,-4.0,2.0,-77.0
1777890486.7113323,-1.0,5.0,-78.0
1777890486.7213323,0.0,6.0,-76.0
1777890486.7313323,1.0,3.0,-72.0
1777890486.7413323,2.0,5.0,-70.0
1777890486.7513323,-1.0,1.0,-77.0
1777890486.7613325,-3.0,3.0,-84.0
1777890486.7713325,-2.0,3.0,-82.0
1777890486.7813325,0.0,1.0,-82.0
1777890486.7913325,0.0,4.0,-77.0
1777890486.8013325,2.0,3.0,-78.0
1777890486.8113325,2.0,0.0,-83.0
1777890486.8213325,4.0,-2.0,-77.0
1777890486.8313324,1.0,-3.0,-73.0
1777890486.8413324,0.0,-6.0,-71.0
1777890486.8513324,2.0,-8.0,-72.0
1777890486.8613324,5.0,-5.0,-76.0
1777890486.8713324,6.0,-3.0,-80.0
1777890486.8813324,5.0,0.0,-78.0
1777890486.8913324,2.0,0.0,-74.0
1777890486.9013324,2.0,0.0,-69.0
1777890486.9113324,0.0,6.0,-72.0
1777890486.9213324,-2.0,2.0,-73.0
1777890486.9313323,-2.0,-7.0,-73.0
1777890486.9413323,-2.0,-8.0,-70.0
1777890486.9513323,-2.0,-13.0,-69.0
1777890486.9613323,0.0,-9.0,-73.0
1777890486.9713323,0.0,-9.0,-76.0
1777890486.9813323,0.0,-7.0,-80.0
1777890486.9913323,0.0,-6.0,-76.0
1777890487.0013323,0.0,-4.0,-69.0
1777890487.0113325,-2.0,0.0,-74.0
1777890487.0213325,-1.0,-2.0,-74.0
1777890487.0313325,2.0,-2.0,-72.0
1777890487.0413325,1.0,0.0,-74.0
1777890487.0513325,-2.0,4.0,-71.0
1777890487.0613325,-2.0,6.0,-63.0
1777890487.0713325,0.0,3.0,-60.0
1777890487.0813324,1.0,0.0,-62.0
1777890487.0913324,0.0,-4.0,-68.0
1777890487.1013324,-1.0,-7.0,-73.0
1777890487.1113324,0.0,-5.0,-76.0
1777890487.1213324,6.0,-2.0,-82.0
1777890487.1313324,6.0,-2.0,-79.0
1777890487.1413324,3.0,-7.0,-78.0
1777890487.1513324,4.0,-7.0,-76.0
1777890487.1613324,3.0,-4.0,-76.0
1777890487.1713324,1.0,-1.0,-75.0
1777890487.1813323,-1.0,-2.0,-68.0
1777890487.1913323,-1.0,-1.0,-69.0
1777890487.2013323,-5.0,-1.0,-67.0
1777890487.2113323,-3.0,1.0,-72.0
1777890487.2213323,-1.0,3.0,-75.0
1777890487.2313323,1.0,0.0,-78.0
1777890487.2413323,-3.0,0.0,-77.0
1777890487.2513323,-2.0,2.0,-81.0
1777890487.2613325,0.0,3.0,-76.0
1777890487.2713325,-1.0,5.0,-81.0
1777890487.2813325,0.0,4.0,-79.0
1777890487.2913325,0.0,5.0,-76.0
1777890487.3013325,-2.0,1.0,-75.0
1777890487.3113325,1.0,1.0,-77.0
1777890487.3213325,8.0,3.0,-76.0
1777890487.3313324,8.0,1.0,-69.0
1777890487.3413324,0.0,-2.0,-68.0
1777890487.3513324,5.0,-3.0,-66.0
1777890487.3613324,9.0,-2.0,-68.0
1777890487.3713324,7.0,-3.0,-66.0
1777890487.3813324,3.0,-4.0,-66.0
1777890487.3913324,2.0,-5.0,-67.0
1777890487.4013324,0.0,-4.0,-68.0
1777890487.4113324,-2.0,-2.0,-67.0
1777890487.4213324,-6.0,-6.0,-67.0
1777890487.4313323,-2.0,-2.0,-64.0
1777890487.4413323,-2.0,0.0,-64.0
1777890487.4513323,-2.0,-1.0,-72.0
1777890487.4613323,-1.0,-3.0,-85.0
1777890487.4713323,0.0,-6.0,-82.0
1777890487.4813323,2.0,-6.0,-79.0
1777890487.4913323,3.0,-6.0,-79.0
1777890487.5013323,4.0,-1.0,-73.0
1777890487.5113325,1.0,0.0,-75.0
1777890487.5213325,0.0,2.0,-75.0
1777890487.5313325,0.0,3.0,-70.0
1777890487.5413325,1.0,0.0,-66.0
1777890487.5513325,5.0,-1.0,-66.0
1777890487.5613325,6.0,0.0,-67.0
1777890487.5713325,3.0,-3.0,-63.0
1777890487.5813324,7.0,-3.0,-65.0
1777890487.5913324,6.0,-6.0,-66.0
1777890487.6013324,5.0,-3.0,-61.0
1777890487.6113324,3.0,0.0,-60.0
1777890487.6213324,4.0,0.0,-59.0
1777890487.6313324,4.0,2.0,-60.0
1777890487.6413324,4.0,0.0,-70.0
1777890487.6513324,4.0,1.0,-72.0
1777890487.6613324,7.0,-2.0,-78.0
1777890487.6713324,2.0,-3.0,-79.0
1777890487.6813323,-1.0,-5.0,-82.0
1777890487.6913323,-5.0,-3.0,-81.0
1777890487.7013323,-4.0,-6.0,-79.0
1777890487.7113323,-4.0,-4.0,-77.0
1777890487.7213323,-7.0,-7.0,-78.0
1777890487.7313323,-2.0,-9.0,-79.0
1777890487.7413323,-6.0,-10.0,-75.0
1777890487.7513323,-8.0,-9.0,-78.0
1777890487.7613325,-6.0,-9.0,-71.0
1777890487.7713325,-4.0,-6.0,-66.0
1777890487.7813325,-1.0,-4.0,-76.0
1777890487.7913325,-3.0,0.0,-71.0
1777890487.8013325,-6.0,0.0,-72.0
1777890487.8113325,-4.0,0.0,-75.0
1777890487.8213325,-2.0,0.0,-77.0
1777890487.8313324,0.0,1.0,-76.0
1777890487.8413324,-1.0,-4.0,-78.0
1777890487.8513324,0.0,0.0,-75.0
1777890487.8613324,0.0,5.0,-75.0
1777890487.8713324,0.0,5.0,-79.0
1777890487.8813324,-3.0,2.0,-71.0
1777890487.8913324,-2.0,2.0,-65.0
1777890487.9013324,0.0,2.0,-70.0
1777890487.9113324,1.0,1.0,-80.0
1777890487.9213324,0.0,-1.0,-84.0
1777890487.9313323,-1.0,-2.0,-86.0
1777890487.9413323,-1.0,0.0,-77.0
1777890487.9513323,5.0,3.0,-76.0
1777890487.9613323,4.0,2.0,-75.0
1777890487.9713323,4.0,2.0,-76.0
1777890487.9813323,5.0,2.0,-72.0
1777890487.9913323,9.0,1.0,-71.0
1777890488.0013323,10.0,2.0,-68.0
1777890488.0113325,9.0,4.0,-68.0
1777890488.0213325,1.0,7.0,-65.0
1777890488.0313325,-1.0,5.0,-74.0
1777890488.0413325,3.0,4.0,-81.0
1777890488.0513325,3.0,0.0,-84.0
1777890488.0613325,5.0,3.0,-74.0
1777890488.0713325,13.0,2.0,-76.0
1777890488.0813324,7.0,3.0,-77.0
1777890488.0913324,2.0,3.0,-72.0
1777890488.1013324,4.0,3.0,-67.0
1777890488.1113324,0.0,4.0,-70.0
1777890488.1213324,2.0,0.0,-71.0
1777890488.1313324,7.0,1.0,-73.0
1777890488.1413324,7.0,0.0,-78.0
1777890488.1513324,7.0,-5.0,-74.0
1777890488.1613324,4.0,-7.0,-76.0
1777890488.1713324,4.0,-7.0,-77.0
1777890488.1813323,2.0,-8.0,-80.0
1777890488.1913323,0.0,-11.0,-80.0
1777890488.2013323,2.0,-5.0,-77.0
1777890488.2113323,0.0,-8.0,-78.0
1777890488.2213323,-1.0,-6.0,-74.0
1777890488.2313323,0.0,-4.0,-68.0
1777890488.2413323,1.0,-3.0,-64.0
1777890488.2513323,1.0,1.0,-70.0
1777890488.2613325,1.0,6.0,-62.0
1777890488.2713325,4.0,3.0,-72.0
1777890488.2813325,4.0,1.0,-78.0
1777890488.2913325,3.0,0.0,-75.0
1777890488.3013325,3.0,-3.0,-74.0
1777890488.3123324,-1.0,-3.0,-72.0
1777890488.3223324,0.0,-3.0,-80.0
1777890488.3323324,7.0,0.0,-80.0
1777890488.3423324,5.0,1.0,-80.0
1777890488.3523324,4.0,-1.0,-81.0
1777890488.3623323,1.0,-2.0,-78.0
1777890488.3723323,3.0,-1.0,-80.0
1777890488.3823323,5.0,0.0,-82.0
1777890488.3923323,2.0,-2.0,-78.0
1777890488.4023323,1.0,-3.0,-74.0
1777890488.4123323,0.0,0.0,-76.0
1777890488.4223323,4.0,2.0,-67.0
1777890488.4323325,8.0,-1.0,-64.0
1777890488.4423325,4.0,-3.0,-67.0
1777890488.4523325,3.0,-4.0,-71.0
1777890488.4623325,2.0,0.0,-79.0
1777890488.4723325,2.0,0.0,-81.0
1777890488.4823325,1.0,0.0,-76.0
1777890488.4923325,2.0,0.0,-78.0
1777890488.5023324,0.0,-1.0,-70.0
1777890488.5123324,1.0,-4.0,-72.0
1777890488.5223324,-3.0,-1.0,-73.0
1777890488.5323324,0.0,1.0,-73.0
1777890488.5423324,2.0,0.0,-73.0
1777890488.5523324,0.0,1.0,-79.0
1777890488.5623324,1.0,2.0,-77.0
1777890488.5723324,0.0,0.0,-84.0
1777890488.5823324,2.0,0.0,-80.0
1777890488.5923324,6.0,-3.0,-82.0
1777890488.6023324,4.0,-2.0,-76.0
1777890488.6123323,6.0,1.0,-73.0
1777890488.6223323,4.0,2.0,-72.0
1777890488.6323323,3.0,0.0,-71.0
1777890488.6423323,5.0,0.0,-78.0
1777890488.6523323,1.0,-4.0,-77.0
1777890488.6623323,-1.0,-4.0,-72.0
1777890488.6723323,-5.0,-5.0,-73.0
1777890488.6823325,-2.0,-1.0,-74.0
1777890488.6923325,-3.0,-5.0,-76.0
1777890488.7023325,-4.0,-5.0,-74.0
1777890488.7123325,-3.0,-3.0,-78.0
1777890488.7223325,-2.0,-1.0,-77.0
1777890488.7323325,0.0,1.0,-76.0
1777890488.7423325,0.0,-3.0,-80.0
1777890488.7523324,0.0,0.0,-83.0
1777890488.7623324,0.0,-2.0,-82.0
1777890488.7723324,1.0,-3.0,-86.0
1777890488.7823324,0.0,0.0,-81.0
1777890488.7923324,1.0,0.0,-77.0
1777890488.8023324,1.0,0.0,-78.0
1777890488.8123324,3.0,-2.0,-79.0
1777890488.8223324,8.0,-1.0,-74.0
1777890488.8323324,8.0,0.0,-82.0
1777890488.8423324,7.0,0.0,-84.0
1777890488.8523324,4.0,0.0,-84.0
1777890488.8623323,3.0,3.0,-76.0
1777890488.8723323,5.0,2.0,-72.0
1777890488.8823323,3.0,4.0,-71.0
1777890488.8923323,3.0,4.0,-73.0
1777890488.9023323,5.0,0.0,-76.0
1777890488.9123323,6.0,-1.0,-81.0
1777890488.9223323,5.0,-6.0,-80.0
1777890488.9323325,1.0,-4.0,-75.0
1777890488.9423325,-1.0,-3.0,-79.0
1777890488.9523325,-1.0,1.0,-73.0
1777890488.9623325,0.0,3.0,-73.0
1777890488.9723325,3.0,0.0,-71.0
1777890488.9823325,7.0,2.0,-75.0
1777890488.9923325,5.0,0.0,-75.0
1777890489.0023324,5.0,0.0,-69.0
1777890489.0123324,4.0,6.0,-70.0
1777890489.0223324,1.0,5.0,-70.0
1777890489.0323324,-4.0,6.0,-71.0
1777890489.0423324,-2.0,8.0,-70.0
1777890489.0523324,-1.0,10.0,-61.0
1777890489.0623324,1.0,5.0,-69.0
1777890489.0723324,-1.0,2.0,-71.0
1777890489.0823324,-2.0,2.0,-72.0
1777890489.0923324,-2.0,0.0,-71.0
1777890489.1023324,-1.0,0.0,-74.0
1777890489.1123323,-2.0,-5.0,-75.0
1777890489.1223323,-3.0,-5.0,-81.0
1777890489.1323323,-6.0,-6.0,-79.0
1777890489.1423323,-6.0,-7.0,-81.0
1777890489.1523323,-2.0,-4.0,-80.0
1777890489.1623323,-3.0,-6.0,-73.0
1777890489.1723323,0.0,-5.0,-75.0
1777890489.1823325,0.0,-2.0,-74.0
1777890489.1923325,2.0,-4.0,-75.0
1777890489.2023325,4.0,-8.0,-76.0
1777890489.2123325,4.0,-7.0,-72.0
1777890489.2223325,4.0,-6.0,-73.0
1777890489.2323325,1.0,-6.0,-68.0
1777890489.2423325,-1.0,-4.0,-62.0
1777890489.2523324,-5.0,-3.0,-61.0
1777890489.2623324,-6.0,-2.0,-66.0
1777890489.2723324,-8.0,-1.0,-67.0
1777890489.2823324,-3.0,-1.0,-66.0
1777890489.2923324,-5.0,-3.0,-64.0
1777890489.3023324,-1.0,0.0,-69.0
1777890489.3123324,-2.0,-2.0,-73.0
1777890489.3223324,-4.0,-5.0,-76.0
1777890489.3323324,-3.0,-9.0,-79.0
1777890489.3423324,-7.0,-6.0,-72.0
1777890489.3523324,-5.0,-8.0,-79.0
1777890489.3623323,-1.0,-6.0,-77.0
1777890489.3723323,0.0,-2.0,-74.0
1777890489.3823323,-1.0,-3.0,-72.0
1777890489.3923323,2.0,-5.0,-70.0
1777890489.4023323,5.0,-4.0,-64.0
1777890489.4123323,2.0,-2.0,-60.0
1777890489.4223323,-1.0,0.0,-63.0
1777890489.4323325,0.0,3.0,-60.0
1777890489.4423325,-1.0,6.0,-63.0
1777890489.4523325,3.0,4.0,-67.0
1777890489.4623325,2.0,0.0,-68.0
1777890489.4723325,-1.0,2.0,-69.0
1777890489.4823325,0.0,-1.0,-80.0
1777890489.4923325,2.0,-7.0,-79.0
1777890489.5023324,6.0,-7.0,-75.0
1777890489.5123324,10.0,-3.0,-75.0
1777890489.5223324,2.0,-1.0,-80.0
1777890489.5323324,0.0,-2.0,-81.0
1777890489.5423324,-4.0,-2.0,-83.0
1777890489.5523324,-4.0,-3.0,-85.0
1777890489.5623324,-1.0,-2.0,-86.0
1777890489.5723324,1.0,-3.0,-87.0
1777890489.5823324,1.0,-1.0,-74.0
1777890489.5923324,0.0,0.0,-77.0
1777890489.6023324,-4.0,0.0,-80.0
1777890489.6123323,-7.0,0.0,-80.0
1777890489.6223323,-5.0,-3.0,-83.0
1777890489.6323323,-4.0,-5.0,-79.0
1777890489.6423323,-2.0,-5.0,-75.0
1777890489.6523323,0.0,-7.0,-78.0
1777890489.6623323,6.0,-4.0,-75.0
1777890489.6723323,3.0,-6.0,-72.0
1777890489.6823325,0.0,-9.0,-69.0
1777890489.6923325,-3.0,-8.0,-72.0
1777890489.7023325,-3.0,-6.0,-75.0
1777890489.7123325,0.0,-3.0,-79.0
1777890489.7223325,1.0,0.0,-80.0
1777890489.7323325,0.0,0.0,-77.0
1777890489.7423325,-2.0,-2.0,-74.0
1777890489.7523324,-2.0,-3.0,-72.0
1777890489.7623324,-3.0,-3.0,-75.0
1777890489.7723324,-3.0,-5.0,-79.0
1777890489.7823324,-2.0,-4.0,-84.0
1777890489.7923324,0.0,-4.0,-81.0
1777890489.8023324,-4.0,-3.0,-81.0
1777890489.8123324,2.0,0.0,-81.0
1777890489.8223324,5.0,-6.0,-74.0
1777890489.8323324,6.0,-3.0,-72.0
1777890489.8423324,10.0,0.0,-76.0
1777890489.8523324,7.0,3.0,-79.0
1777890489.8623323,9.0,3.0,-77.0
1777890489.8723323,4.0,1.0,-73.0
1777890489.8823323,4.0,0.0,-72.0
1777890489.8923323,4.0,1.0,-70.0
1777890489.9023323,0.0,2.0,-71.0
1777890489.9123323,1.0,1.0,-76.0
1777890489.9223323,1.0,0.0,-79.0
1777890489.9323325,-2.0,-3.0,-77.0
1777890489.9423325,0.0,-6.0,-80.0
1777890489.9523325,1.0,-4.0,-76.0
1777890489.9623325,-6.0,-5.0,-75.0
1777890489.9723325,-7.0,-5.0,-79.0
1777890489.9823325,-5.0,-8.0,-80.0
1777890489.9923325,-4.0,-7.0,-75.0
1777890490.0023324,-3.0,-5.0,-74.0
1777890490.0123324,-5.0,-4.0,-80.0
1777890490.0223324,0.0,-3.0,-68.0
1777890490.0323324,1.0,-6.0,-68.0
1777890490.0423324,3.0,-7.0,-70.0
1777890490.0523324,5.0,-7.0,-72.0
1777890490.0623324,1.0,-2.0,-77.0
1777890490.0723324,4.0,3.0,-76.0
1777890490.0823324,3.0,3.0,-77.0
1777890490.0923324,1.0,5.0,-77.0
1777890490.1023324,5.0,2.0,-73.0
1777890490.1123323,4.0,4.0,-76.0
1777890490.1223323,3.0,3.0,-70.0
1777890490.1323323,-1.0,4.0,-77.0
1777890490.1423323,-4.0,0.0,-77.0
1777890490.1523323,-6.0,3.0,-77.0
1777890490.1623323,-5.0,0.0,-78.0
1777890490.1723323,-1.0,-3.0,-74.0
1777890490.1823325,1.0,-2.0,-73.0
1777890490.1923325,0.0,-5.0,-69.0
1777890490.2023325,-1.0,-3.0,-65.0
1777890490.2123325,0.0,-2.0,-67.0
1777890490.2223325,3.0,-5.0,-67.0
1777890490.2323325,5.0,-2.0,-73.0
1777890490.2423325,5.0,-5.0,-74.0
1777890490.2523324,5.0,-2.0,-74.0
1777890490.2623324,4.0,0.0,-77.0
1777890490.2723324,2.0,2.0,-78.0
1777890490.2823324,1.0,-3.0,-70.0
1777890490.2933323,-1.0,-3.0,-69.0
1777890490.3033323,0.0,-3.0,-71.0
1777890490.3133323,-1.0,-7.0,-73.0
1777890490.3233323,0.0,-10.0,-72.0
1777890490.3333323,-1.0,-9.0,-74.0
1777890490.3433323,-4.0,-5.0,-74.0
1777890490.3533323,-5.0,-5.0,-75.0
1777890490.3633325,-5.0,-2.0,-77.0
1777890490.3733325,-5.0,-3.0,-76.0
1777890490.3833325,0.0,-2.0,-78.0
1777890490.3933325,0.0,-1.0,-77.0
1777890490.4033325,0.0,-4.0,-76.0
1777890490.4133325,2.0,-1.0,-76.0
1777890490.4233325,4.0,-2.0,-84.0
1777890490.4333324,3.0,-2.0,-73.0
1777890490.4433324,4.0,-3.0,-71.0
1777890490.4533324,8.0,-2.0,-69.0
1777890490.4633324,9.0,-3.0,-65.0
1777890490.4733324,6.0,0.0,-62.0
1777890490.4833324,1.0,1.0,-66.0
1777890490.4933324,0.0,1.0,-68.0
1777890490.5033324,1.0,-1.0,-74.0
1777890490.5133324,1.0,0.0,-74.0
1777890490.5233324,5.0,2.0,-78.0
1777890490.5333323,7.0,4.0,-75.0
1777890490.5433323,3.0,1.0,-70.0
1777890490.5533323,2.0,-1.0,-65.0
1777890490.5633323,1.0,0.0,-66.0
1777890490.5733323,2.0,0.0,-73.0
1777890490.5833323,0.0,0.0,-79.0
1777890490.5933323,0.0,1.0,-75.0
1777890490.6033323,3.0,2.0,-74.0
1777890490.6133325,4.0,2.0,-72.0
1777890490.6233325,3.0,4.0,-77.0
1777890490.6333325,1.0,1.0,-77.0
1777890490.6433325,0.0,3.0,-78.0
1777890490.6533325,0.0,-1.0,-78.0
1777890490.6633325,-1.0,0.0,-76.0
1777890490.6733325,5.0,-3.0,-76.0
1777890490.6833324,0.0,0.0,-70.0
1777890490.6933324,0.0,1.0,-60.0
1777890490.7033324,0.0,3.0,-61.0
1777890490.7133324,0.0,3.0,-70.0
1777890490.7233324,0.0,2.0,-70.0
1777890490.7333324,0.0,2.0,-69.0
1777890490.7433324,-3.0,4.0,-65.0
1777890490.7533324,-6.0,4.0,-67.0
1777890490.7633324,-1.0,2.0,-64.0
1777890490.7733324,1.0,1.0,-65.0
1777890490.7833323,3.0,0.0,-64.0
1777890490.7933323,5.0,-1.0,-65.0
1777890490.8033323,2.0,-3.0,-68.0
1777890490.8133323,2.0,-5.0,-58.0
1777890490.8233323,2.0,-4.0,-62.0
1777890490.8333323,5.0,-4.0,-65.0
1777890490.8433323,1.0,-4.0,-58.0
1777890490.8533323,4.0,-2.0,-66.0
1777890490.8633325,2.0,-2.0,-72.0
1777890490.8733325,0.0,-1.0,-78.0
1777890490.8833325,-1.0,0.0,-73.0
1777890490.8933325,1.0,1.0,-73.0
1777890490.9033325,2.0,2.0,-74.0
1777890490.9133325,2.0,3.0,-69.0
1777890490.9233325,1.0,0.0,-74.0
1777890490.9333324,1.0,1.0,-76.0
1777890490.9433324,0.0,-4.0,-77.0
1777890490.9533324,3.0,-4.0,-81.0
1777890490.9633324,0.0,-7.0,-82.0
1777890490.9733324,-1.0,-5.0,-84.0
1777890490.9833324,0.0,-3.0,-76.0
1777890490.9933324,5.0,-7.0,-74.0
1777890491.0033324,4.0,-7.0,-77.0
1777890491.0133324,2.0,-6.0,-80.0
1777890491.0233324,4.0,-7.0,-76.0
1777890491.0333323,4.0,-7.0,-78.0
1777890491.0433323,3.0,-4.0,-78.0
1777890491.0533323,2.0,-2.0,-80.0
1777890491.0633323,1.0,-4.0,-81.0
1777890491.0733323,3.0,-4.0,-77.0
1777890491.0843325,6.0,-3.0,-72.0
1777890491.0933323,8.0,-4.0,-70.0
1777890491.1033323,6.0,-7.0,-77.0
1777890491.1133325,7.0,-9.0,-79.0
1777890491.1233325,5.0,-9.0,-76.0
1777890491.1333325,6.0,-8.0,-73.0
1777890491.1433325,2.0,-5.0,-77.0
1777890491.1533325,0.0,-6.0,-81.0
1777890491.1633325,-1.0,-3.0,-77.0
1777890491.1733325,-1.0,-2.0,-76.0
1777890491.1833324,0.0,-6.0,-71.0
1777890491.1933324,-1.0,-4.0,-69.0
1777890491.2033324,0.0,-4.0,-76.0
1777890491.2133324,2.0,-6.0,-76.0
1777890491.2233324,1.0,-11.0,-78.0
1777890491.2333324,3.0,-8.0,-68.0
1777890491.2433324,4.0,-6.0,-68.0
1777890491.2533324,2.0,0.0,-68.0
1777890491.2633324,0.0,-2.0,-74.0
1777890491.2733324,-5.0,-3.0,-86.0
1777890491.2833323,-2.0,-4.0,-87.0
1777890491.2933323,3.0,0.0,-81.0
1777890491.3033323,5.0,0.0,-70.0
1777890491.3133323,5.0,0.0,-66.0
1777890491.3233323,4.0,-2.0,-61.0
1777890491.3333323,1.0,-3.0,-69.0
1777890491.3433323,-4.0,-2.0,-71.0
1777890491.3533323,-2.0,0.0,-71.0
1777890491.3633325,-3.0,1.0,-76.0
1777890491.3733325,-4.0,2.0,-75.0
1777890491.3833325,-1.0,-1.0,-72.0
1777890491.3933325,-1.0,1.0,-67.0
1777890491.4033325,-2.0,0.0,-72.0
1777890491.4133325,1.0,-3.0,-68.0
1777890491.4233325,1.0,-8.0,-66.0
1777890491.4333324,0.0,-10.0,-65.0
1777890491.4433324,-1.0,-7.0,-70.0
1777890491.4533324,1.0,-4.0,-68.0
1777890491.4633324,0.0,-4.0,-62.0
1777890491.4733324,4.0,0.0,-65.0
1777890491.4833324,5.0,0.0,-63.0
1777890491.4933324,3.0,-1.0,-64.0
1777890491.5033324,-1.0,1.0,-68.0
1777890491.5133324,3.0,-3.0,-67.0
1777890491.5233324,2.0,-2.0,-72.0
1777890491.5333323,0.0,-1.0,-72.0
1777890491.5433323,-4.0,-2.0,-68.0
1777890491.5533323,-1.0,-1.0,-76.0
1777890491.5633323,0.0,-5.0,-78.0
1777890491.5733323,0.0,-2.0,-77.0
1777890491.5833323,2.0,-4.0,-78.0
1777890491.5933323,1.0,-5.0,-79.0
1777890491.6033323,-1.0,-1.0,-81.0
1777890491.6133325,0.0,0.0,-74.0
1777890491.6233325,0.0,1.0,-73.0
1777890491.6333325,0.0,0.0,-74.0
1777890491.6433325,3.0,-1.0,-73.0
1777890491.6533325,6.0,0.0,-70.0
1777890491.6633325,6.0,0.0,-70.0
1777890491.6733325,3.0,-2.0,-72.0
1777890491.6833324,1.0,0.0,-67.0
1777890491.6933324,4.0,0.0,-66.0
1777890491.7033324,1.0,0.0,-67.0
1777890491.7133324,0.0,-1.0,-70.0
1777890491.7233324,2.0,-3.0,-75.0
1777890491.7333324,0.0,2.0,-74.0
1777890491.7433324,-4.0,2.0,-72.0
1777890491.7533324,-1.0,0.0,-75.0
1777890491.7633324,3.0,1.0,-85.0
1777890491.7733324,4.0,0.0,-90.0
1777890491.7833323,5.0,0.0,-89.0
1777890491.7933323,1.0,1.0,-86.0
1777890491.8033323,0.0,3.0,-86.0
1777890491.8133323,3.0,5.0,-85.0
1777890491.8233323,3.0,3.0,-83.0
1777890491.8333323,1.0,-3.0,-85.0
1777890491.8433323,2.0,-2.0,-89.0
1777890491.8533323,1.0,-2.0,-81.0
1777890491.8633325,6.0,-2.0,-77.0
1777890491.8733325,5.0,0.0,-77.0
1777890491.8833325,8.0,-7.0,-74.0
1777890491.8933325,7.0,-7.0,-68.0
1777890491.9033325,7.0,-5.0,-74.0
1777890491.9133325,6.0,-6.0,-70.0
1777890491.9233325,1.0,-10.0,-75.0
1777890491.9333324,0.0,-9.0,-83.0
1777890491.9433324,0.0,-8.0,-76.0
1777890491.9533324,1.0,-9.0,-73.0
1777890491.9633324,1.0,-4.0,-67.0
1777890491.9733324,4.0,0.0,-70.0
1777890491.9833324,6.0,-3.0,-69.0
1777890491.9933324,4.0,0.0,-67.0
1777890492.0033324,0.0,0.0,-71.0
1777890492.0133324,-2.0,-1.0,-72.0
1777890492.0233324,1.0,0.0,-73.0
1777890492.0333323,-3.0,-1.0,-74.0
1777890492.0433323,-1.0,-2.0,-76.0
1777890492.0533323,-3.0,-2.0,-71.0
1777890492.0633323,-4.0,0.0,-67.0
1777890492.0733323,-2.0,-1.0,-74.0
1777890492.0833323,3.0,2.0,-78.0
1777890492.0933323,6.0,5.0,-81.0
1777890492.1033323,8.0,6.0,-83.0
1777890492.1133325,4.0,0.0,-77.0
1777890492.1233325,1.0,4.0,-77.0
1777890492.1333325,1.0,4.0,-79.0
1777890492.1433325,-2.0,5.0,-71.0
1777890492.1533325,0.0,2.0,-70.0
1777890492.1633325,1.0,2.0,-77.0
1777890492.1733325,-1.0,0.0,-79.0
1777890492.1833324,2.0,-3.0,-80.0
1777890492.1933324,1.0,-5.0,-79.0
1777890492.2033324,1.0,-8.0,-83.0
1777890492.2133324,4.0,-6.0,-82.0
1777890492.2233324,5.0,-7.0,-80.0
1777890492.2333324,6.0,-2.0,-78.0
1777890492.2433324,8.0,0.0,-76.0
1777890492.2533324,8.0,0.0,-76.0
1777890492.2633324,4.0,2.0,-77.0
1777890492.2733324,1.0,0.0,-84.0
1777890492.2833323,3.0,2.0,-79.0
1777890492.2933323,0.0,1.0,-77.0
1777890492.3043325,0.0,0.0,-77.0
1777890492.3143325,5.0,0.0,-74.0
1777890492.3243325,3.0,2.0,-79.0
1777890492.3343325,5.0,0.0,-79.0
1777890492.3443325,3.0,-2.0,-77.0
1777890492.3543324,1.0,-6.0,-78.0
1777890492.3643324,0.0,-5.0,-73.0
1777890492.3743324,-1.0,-2.0,-76.0
1777890492.3843324,-3.0,-3.0,-73.0
1777890492.3943324,-4.0,-2.0,-76.0
1777890492.4043324,-1.0,0.0,-71.0
1777890492.4143324,2.0,-1.0,-70.0
1777890492.4243324,3.0,-5.0,-74.0
1777890492.4343324,-3.0,-3.0,-74.0
1777890492.4443324,0.0,-5.0,-73.0
1777890492.4543324,0.0,-8.0,-73.0
1777890492.4643323,1.0,-6.0,-69.0
1777890492.4743323,-2.0,-7.0,-74.0
1777890492.4843323,-2.0,-8.0,-81.0
1777890492.4943323,-3.0,-10.0,-75.0
1777890492.5043323,-6.0,-10.0,-76.0
1777890492.5143323,-6.0,-9.0,-79.0
1777890492.5243323,-2.0,-10.0,-76.0
1777890492.5343325,-1.0,-5.0,-74.0
1777890492.5443325,-7.0,-2.0,-74.0
1777890492.5543325,-4.0,4.0,-75.0
1777890492.5643325,-4.0,5.0,-67.0
1777890492.5743325,0.0,-1.0,-69.0
1777890492.5843325,0.0,-5.0,-63.0
1777890492.5943325,-3.0,-6.0,-64.0
1777890492.6043324,-2.0,-6.0,-63.0
1777890492.6143324,-2.0,-2.0,-65.0
1777890492.6243324,-3.0,0.0,-70.0
1777890492.6343324,-3.0,0.0,-69.0
1777890492.6443324,0.0,-2.0,-69.0
1777890492.6543324,0.0,-2.0,-66.0
1777890492.6643324,-1.0,-6.0,-70.0
1777890492.6743324,0.0,-11.0,-69.0
1777890492.6843324,-2.0,-9.0,-74.0
1777890492.6943324,-4.0,-7.0,-72.0
1777890492.7043324,-7.0,-2.0,-75.0
1777890492.7143323,-6.0,-2.0,-80.0
1777890492.7243323,-6.0,-1.0,-88.0
1777890492.7343323,-8.0,-2.0,-88.0
1777890492.7443323,-2.0,-1.0,-84.0
1777890492.7543323,-6.0,-3.0,-82.0
1777890492.7643323,-4.0,-5.0,-82.0
1777890492.7743323,-8.0,-3.0,-79.0
1777890492.7843325,-7.0,-3.0,-80.0
1777890492.7943325,-6.0,-1.0,-77.0
1777890492.8043325,-9.0,1.0,-74.0
1777890492.8143325,-6.0,0.0,-75.0
1777890492.8243325,-1.0,-3.0,-74.0
1777890492.8343325,0.0,-2.0,-68.0
1777890492.8443325,-2.0,-6.0,-71.0
1777890492.8543324,-2.0,-1.0,-76.0
1777890492.8643324,-1.0,2.0,-75.0
1777890492.8743324,1.0,2.0,-76.0
1777890492.8843324,1.0,6.0,-78.0
1777890492.8943324,0.0,5.0,-77.0
1777890492.9043324,6.0,8.0,-78.0
1777890492.9143324,3.0,4.0,-85.0
1777890492.9243324,0.0,2.0,-83.0
1777890492.9343324,1.0,1.0,-79.0
1777890492.9443324,4.0,4.0,-75.0
1777890492.9543324,5.0,0.0,-74.0
1777890492.9643323,3.0,0.0,-72.0
1777890492.9743323,2.0,-2.0,-77.0
1777890492.9843323,6.0,0.0,-72.0
1777890492.9943323,4.0,0.0,-75.0
1777890493.0043323,2.0,-1.0,-76.0
1777890493.0143323,3.0,2.0,-71.0
1777890493.0243323,1.0,3.0,-67.0
1777890493.0343325,2.0,1.0,-70.0
1777890493.0443325,1.0,2.0,-67.0
1777890493.0543325,0.0,1.0,-68.0
1777890493.0643325,0.0,1.0,-72.0
1777890493.0743325,0.0,0.0,-76.0
1777890493.0843325,0.0,2.0,-75.0
1777890493.0943325,-4.0,0.0,-77.0
1777890493.1043324,-3.0,2.0,-71.0
1777890493.1143324,1.0,1.0,-68.0
1777890493.1243324,0.0,0.0,-67.0
1777890493.1343324,4.0,0.0,-73.0
1777890493.1443324,4.0,0.0,-71.0
1777890493.1543324,2.0,0.0,-79.0
1777890493.1643324,1.0,2.0,-74.0
1777890493.1743324,2.0,0.0,-67.0
1777890493.1843324,2.0,-3.0,-66.0
1777890493.1943324,4.0,-2.0,-68.0
1777890493.2043324,4.0,-2.0,-66.0
1777890493.2143323,6.0,-7.0,-67.0
1777890493.2243323,6.0,-2.0,-66.0
1777890493.2343323,3.0,-5.0,-63.0
1777890493.2443323,3.0,-6.0,-72.0
1777890493.2543323,7.0,-8.0,-75.0
1777890493.2643323,6.0,-8.0,-75.0
1777890493.2743323,5.0,-5.0,-72.0
1777890493.2843325,4.0,-5.0,-72.0
1777890493.2943325,2.0,-4.0,-72.0
1777890493.3043325,0.0,-4.0,-70.0
1777890493.3143325,0.0,-2.0,-71.0
1777890493.3243325,0.0,0.0,-79.0
1777890493.3343325,0.0,-1.0,-74.0
1777890493.3443325,5.0,1.0,-77.0
1777890493.3543324,4.0,2.0,-78.0
1777890493.3643324,6.0,3.0,-78.0
1777890493.3743324,10.0,2.0,-74.0
1777890493.3843324,9.0,0.0,-70.0
1777890493.3943324,8.0,1.0,-71.0
1777890493.4043324,6.0,3.0,-73.0
1777890493.4143324,4.0,1.0,-70.0
1777890493.4243324,1.0,-4.0,-71.0
1777890493.4343324,1.0,-4.0,-79.0
1777890493.4443324,2.0,-3.0,-93.0
1777890493.4543324,1.0,-2.0,-88.0
1777890493.4643323,2.0,-1.0,-86.0
1777890493.4743323,2.0,-4.0,-83.0
1777890493.4843323,2.0,-5.0,-77.0
1777890493.4943323,-2.0,-8.0,-73.0
1777890493.5043323,0.0,-10.0,-75.0
1777890493.5143323,0.0,-8.0,-75.0
1777890493.5243323,-3.0,-9.0,-69.0
1777890493.5343325,-1.0,-6.0,-71.0
1777890493.5443325,0.0,-4.0,-64.0
1777890493.5543325,0.0,-9.0,-66.0
1777890493.5643325,0.0,-11.0,-71.0
1777890493.5743325,3.0,-10.0,-72.0
1777890493.5843325,4.0,-3.0,-72.0
1777890493.5943325,4.0,0.0,-76.0
1777890493.6043324,7.0,2.0,-78.0
1777890493.6143324,3.0,1.0,-69.0
1777890493.6243324,4.0,0.0,-71.0
1777890493.6343324,1.0,0.0,-77.0
1777890493.6443324,0.0,0.0,-75.0
1777890493.6543324,1.0,0.0,-66.0
1777890493.6643324,0.0,3.0,-65.0
1777890493.6743324,0.0,2.0,-69.0
1777890493.6853323,2.0,0.0,-67.0
1777890493.6943324,0.0,1.0,-68.0
1777890493.7043324,0.0,2.0,-75.0
1777890493.7143323,0.0,3.0,-80.0
1777890493.7243323,1.0,0.0,-77.0
1777890493.7343323,6.0,0.0,-77.0
1777890493.7443323,6.0,1.0,-76.0
1777890493.7543323,2.0,0.0,-76.0
1777890493.7643323,-2.0,2.0,-72.0
1777890493.7743323,-1.0,2.0,-71.0
1777890493.7843325,-1.0,5.0,-73.0
1777890493.7943325,-4.0,4.0,-75.0
1777890493.8043325,0.0,4.0,-69.0
1777890493.8143325,2.0,2.0,-72.0
1777890493.8243325,3.0,-1.0,-71.0
1777890493.8343325,5.0,0.0,-68.0
1777890493.8443325,5.0,-4.0,-78.0
1777890493.8543324,7.0,0.0,-81.0
1777890493.8643324,6.0,3.0,-81.0
1777890493.8743324,5.0,0.0,-81.0
1777890493.8843324,6.0,-2.0,-79.0
1777890493.8943324,3.0,-3.0,-72.0
1777890493.9043324,1.0,-3.0,-70.0
1777890493.9143324,0.0,-1.0,-62.0
1777890493.9243324,3.0,1.0,-72.0
1777890493.9343324,1.0,1.0,-71.0
1777890493.9443324,-1.0,0.0,-69.0
1777890493.9543324,-2.0,-5.0,-64.0
1777890493.9643323,-2.0,-7.0,-65.0
1777890493.9743323,0.0,-2.0,-66.0
1777890493.9843323,-6.0,-1.0,-67.0
1777890493.9943323,-9.0,0.0,-73.0
1777890494.0043323,-4.0,-4.0,-78.0
1777890494.0143323,-9.0,-2.0,-78.0
1777890494.0243323,-6.0,0.0,-78.0
1777890494.0343325,-6.0,-3.0,-73.0
1777890494.0443325,-7.0,-2.0,-71.0
1777890494.0543325,-8.0,-2.0,-66.0
1777890494.0643325,-12.0,-4.0,-64.0
1777890494.0743325,-6.0,-4.0,-74.0
1777890494.0843325,-5.0,-4.0,-75.0
1777890494.0943325,0.0,-7.0,-73.0
1777890494.1043324,1.0,-5.0,-72.0
1777890494.1143324,0.0,-4.0,-68.0
1777890494.1243324,2.0,-5.0,-64.0
1777890494.1343324,0.0,-4.0,-68.0
1777890494.1443324,0.0,-7.0,-70.0
1777890494.1543324,0.0,-4.0,-67.0
1777890494.1643324,-4.0,-4.0,-71.0
1777890494.1743324,-4.0,-2.0,-65.0
1777890494.1843324,-1.0,-1.0,-64.0
1777890494.1943324,-2.0,-3.0,-63.0
1777890494.2043324,3.0,-7.0,-66.0
1777890494.2143323,4.0,-6.0,-68.0
1777890494.2243323,4.0,-4.0,-70.0
1777890494.2343323,2.0,-1.0,-69.0
1777890494.2453325,5.0,0.0,-70.0
1777890494.2543323,4.0,-5.0,-64.0
1777890494.2643323,6.0,-5.0,-67.0
1777890494.2753325,3.0,-3.0,-65.0
1777890494.2853324,6.0,-1.0,-66.0
1777890494.2953324,7.0,-2.0,-67.0
1777890494.3053324,4.0,-6.0,-69.0
1777890494.3153324,2.0,-8.0,-68.0
1777890494.3253324,1.0,-2.0,-73.0
1777890494.3353324,1.0,-1.0,-75.0
1777890494.3453324,-1.0,0.0,-75.0
1777890494.3553324,-2.0,0.0,-74.0
1777890494.3653324,3.0,-1.0,-73.0
1777890494.3753324,6.0,-1.0,-73.0
1777890494.3853323,7.0,0.0,-68.0
1777890494.3953323,6.0,3.0,-72.0
1777890494.4053323,5.0,-1.0,-79.0
1777890494.4153323,0.0,0.0,-78.0
1777890494.4253323,-1.0,-3.0,-78.0
1777890494.4353323,-4.0,-2.0,-81.0
1777890494.4453323,-2.0,0.0,-83.0
1777890494.4553325,0.0,3.0,-79.0
1777890494.4653325,3.0,2.0,-74.0
1777890494.4753325,-1.0,0.0,-70.0
1777890494.4853325,-3.0,2.0,-74.0
1777890494.4953325,0.0,0.0,-77.0
1777890494.5053325,1.0,-3.0,-80.0
1777890494.5153325,1.0,0.0,-84.0
1777890494.5253325,5.0,0.0,-87.0
1777890494.5353324,6.0,0.0,-87.0
1777890494.5453324,10.0,1.0,-90.0
1777890494.5553324,14.0,2.0,-83.0
1777890494.5653324,8.0,2.0,-78.0
1777890494.5753324,6.0,1.0,-80.0
1777890494.5853324,10.0,1.0,-79.0
1777890494.5953324,12.0,0.0,-82.0
1777890494.6053324,9.0,-1.0,-84.0
1777890494.6153324,6.0,-1.0,-82.0
1777890494.6253324,6.0,1.0,-72.0
1777890494.6353323,8.0,3.0,-70.0
1777890494.6453323,7.0,3.0,-71.0
1777890494.6553323,10.0,2.0,-70.0
1777890494.6653323,4.0,6.0,-68.0
1777890494.6753323,4.0,4.0,-68.0
1777890494.6853323,7.0,2.0,-70.0
1777890494.6953323,4.0,0.0,-75.0
1777890494.7053325,8.0,2.0,-76.0
1777890494.7153325,6.0,3.0,-76.0
1777890494.7253325,10.0,1.0,-75.0
1777890494.7353325,13.0,3.0,-69.0
1777890494.7453325,11.0,0.0,-71.0
1777890494.7553325,12.0,0.0,-80.0
1777890494.7653325,12.0,-1.0,-87.0
1777890494.7753325,13.0,2.0,-78.0
1777890494.7853324,7.0,2.0,-72.0
1777890494.7953324,4.0,-3.0,-70.0
1777890494.8053324,4.0,-2.0,-74.0
1777890494.8153324,3.0,-3.0,-73.0
1777890494.8253324,3.0,-1.0,-67.0
1777890494.8353324,4.0,0.0,-65.0
1777890494.8453324,5.0,4.0,-75.0
1777890494.8553324,7.0,1.0,-70.0
1777890494.8653324,2.0,-2.0,-69.0
1777890494.8753324,2.0,-4.0,-68.0
1777890494.8853323,2.0,-3.0,-69.0
1777890494.8953323,5.0,-2.0,-67.0
1777890494.9053323,8.0,1.0,-65.0
1777890494.9153323,9.0,0.0,-61.0
1777890494.9253323,3.0,1.0,-64.0
1777890494.9353323,1.0,0.0,-69.0
1777890494.9453323,0.0,0.0,-67.0
1777890494.9553325,2.0,-1.0,-67.0
1777890494.9653325,1.0,-2.0,-70.0
1777890494.9753325,0.0,0.0,-75.0
1777890494.9853325,-2.0,1.0,-69.0
1777890494.9953325,0.0,1.0,-68.0
1777890495.0053325,-1.0,0.0,-61.0
1777890495.0153325,-5.0,1.0,-65.0
1777890495.0253325,-1.0,1.0,-71.0
1777890495.0353324,-3.0,1.0,-72.0
1777890495.0453324,-5.0,1.0,-67.0
1777890495.0553324,-4.0,2.0,-74.0
1777890495.0653324,-3.0,2.0,-70.0
1777890495.0753324,0.0,1.0,-70.0
1777890495.0853324,2.0,0.0,-78.0
1777890495.0953324,1.0,-3.0,-79.0
1777890495.1053324,0.0,0.0,-74.0
1777890495.1153324,-2.0,2.0,-78.0
1777890495.1253324,-1.0,1.0,-79.0
1777890495.1353323,0.0,0.0,-80.0
1777890495.1453323,-3.0,0.0,-78.0
1777890495.1553323,-2.0,4.0,-76.0
1777890495.1653323,-5.0,1.0,-73.0
1777890495.1753323,-7.0,0.0,-70.0
1777890495.1853323,-10.0,0.0,-76.0
1777890495.1953323,-9.0,0.0,-73.0
1777890495.2053325,-11.0,0.0,-69.0
1777890495.2153325,-7.0,-1.0,-72.0
1777890495.2253325,-8.0,-2.0,-74.0
1777890495.2353325,-5.0,-2.0,-74.0
1777890495.2453325,-1.0,-1.0,-76.0
1777890495.2553325,3.0,0.0,-73.0
1777890495.2653325,1.0,1.0,-82.0
1777890495.2753325,1.0,-2.0,-90.0
1777890495.2853324,1.0,0.0,-84.0
1777890495.2953324,5.0,-3.0,-75.0
1777890495.3053324,2.0,-4.0,-75.0
1777890495.3153324,3.0,-6.0,-73.0
1777890495.3253324,4.0,-7.0,-77.0
1777890495.3353324,4.0,-7.0,-74.0
1777890495.3453324,9.0,-3.0,-71.0
1777890495.3553324,10.0,-5.0,-73.0
1777890495.3653324,10.0,-1.0,-78.0
1777890495.3753324,8.0,-2.0,-75.0
1777890495.3853323,1.0,-1.0,-80.0
1777890495.3953323,-4.0,-1.0,-84.0
1777890495.4053323,-3.0,-2.0,-80.0
1777890495.4153323,0.0,-1.0,-79.0
1777890495.4253323,0.0,-2.0,-78.0
1777890495.4353323,0.0,0.0,-81.0
1777890495.4453323,-3.0,2.0,-77.0
1777890495.4553325,0.0,0.0,-79.0
1777890495.4653325,-3.0,0.0,-71.0
1777890495.4753325,-1.0,-4.0,-76.0
1777890495.4853325,0.0,-8.0,-69.0
1777890495.4953325,-1.0,-6.0,-68.0
1777890495.5053325,-1.0,-9.0,-68.0
1777890495.5153325,0.0,-5.0,-63.0
1777890495.5253325,0.0,-3.0,-66.0
1777890495.5353324,0.0,0.0,-59.0
1777890495.5453324,0.0,-2.0,-64.0
1777890495.5553324,-1.0,-3.0,-65.0
1777890495.5653324,-4.0,-2.0,-67.0
1777890495.5753324,-4.0,-6.0,-62.0
1777890495.5853324,1.0,-1.0,-60.0
1777890495.5953324,3.0,-4.0,-61.0
1777890495.6053324,1.0,-3.0,-60.0
1777890495.6153324,0.0,-9.0,-66.0
1777890495.6253324,2.0,-8.0,-74.0
1777890495.6353323,0.0,-5.0,-78.0
1777890495.6453323,0.0,-2.0,-82.0
1777890495.6553323,-1.0,0.0,-76.0
1777890495.6653323,-3.0,-4.0,-74.0
1777890495.6753323,-6.0,-3.0,-68.0
1777890495.6853323,-2.0,-3.0,-76.0
1777890495.6953323,-1.0,-3.0,-81.0
1777890495.7053325,-1.0,-3.0,-77.0
1777890495.7153325,-4.0,-6.0,-76.0
1777890495.7253325,-5.0,-6.0,-77.0
1777890495.7353325,-8.0,-2.0,-79.0
1777890495.7453325,-8.0,0.0,-82.0
1777890495.7553325,-7.0,0.0,-85.0
1777890495.7653325,-5.0,0.0,-74.0
1777890495.7753325,-4.0,0.0,-68.0
1777890495.7853324,-1.0,-1.0,-65.0
1777890495.7953324,-1.0,-3.0,-68.0
1777890495.8053324,0.0,-3.0,-72.0
1777890495.8153324,0.0,0.0,-74.0
1777890495.8253324,-5.0,-2.0,-80.0
1777890495.8353324,-3.0,0.0,-79.0
1777890495.8453324,-3.0,0.0,-79.0
1777890495.8553324,1.0,1.0,-76.0
1777890495.8653324,1.0,2.0,-80.0
1777890495.8753324,0.0,0.0,-78.0
1777890495.8853323,-3.0,1.0,-80.0
1777890495.8953323,-3.0,0.0,-76.0
1777890495.9053323,-3.0,2.0,-75.0
1777890495.9153323,-4.0,2.0,-72.0
1777890495.9253323,0.0,0.0,-69.0
1777890495.9353323,0.0,0.0,-71.0
1777890495.9453323,-1.0,-3.0,-73.0
1777890495.9553325,-4.0,-3.0,-74.0
1777890495.9653325,-1.0,0.0,-74.0
1777890495.9753325,1.0,1.0,-76.0
1777890495.9853325,3.0,0.0,-78.0
1777890495.9953325,4.0,-6.0,-82.0
1777890496.0053325,3.0,-8.0,-81.0
1777890496.0153325,4.0,-7.0,-79.0
1777890496.0253325,0.0,0.0,-84.0
1777890496.0353324,1.0,3.0,-79.0
1777890496.0453324,0.0,3.0,-71.0
1777890496.0553324,-3.0,-1.0,-67.0
1777890496.0653324,-3.0,0.0,-72.0
1777890496.0753324,0.0,0.0,-67.0
1777890496.0853324,0.0,-1.0,-70.0
1777890496.0953324,0.0,-1.0,-72.0
1777890496.1053324,-3.0,0.0,-76.0
1777890496.1153324,0.0,0.0,-74.0
1777890496.1253324,0.0,-2.0,-69.0
1777890496.1353323,2.0,0.0,-60.0
1777890496.1453323,0.0,-2.0,-65.0
1777890496.1553323,0.0,-4.0,-64.0
1777890496.1653323,-2.0,-4.0,-67.0
1777890496.1753323,-1.0,-3.0,-72.0
1777890496.1853323,0.0,-2.0,-77.0
1777890496.1953323,-1.0,-3.0,-78.0
1777890496.2053325,2.0,0.0,-73.0
1777890496.2163324,0.0,1.0,-73.0
1777890496.2253325,1.0,0.0,-73.0
1777890496.2363324,-2.0,-2.0,-74.0
1777890496.2463324,0.0,-7.0,-74.0
1777890496.2563324,-1.0,-7.0,-68.0
1777890496.2653325,-1.0,-7.0,-68.0
1777890496.2763324,-2.0,-8.0,-67.0
1777890496.2863324,3.0,-4.0,-69.0
1777890496.2963324,3.0,0.0,-74.0
1777890496.3063323,1.0,-1.0,-83.0
1777890496.3163323,2.0,-3.0,-82.0
1777890496.3263323,4.0,-3.0,-74.0
1777890496.3363323,2.0,-4.0,-72.0
1777890496.3463323,6.0,-3.0,-75.0
1777890496.3563323,4.0,0.0,-81.0
1777890496.3663323,5.0,-3.0,-70.0
1777890496.3763323,0.0,-3.0,-69.0
1777890496.3863325,-1.0,0.0,-74.0
1777890496.3963325,0.0,3.0,-79.0
1777890496.4063325,3.0,3.0,-77.0
1777890496.4163325,0.0,2.0,-74.0
1777890496.4263325,-2.0,3.0,-79.0
1777890496.4363325,-3.0,0.0,-82.0
1777890496.4463325,1.0,2.0,-83.0
1777890496.4563324,2.0,2.0,-79.0
1777890496.4663324,0.0,3.0,-77.0
1777890496.4763324,0.0,0.0,-75.0
1777890496.4863324,-2.0,1.0,-72.0
1777890496.4963324,-2.0,3.0,-69.0
1777890496.5063324,0.0,2.0,-71.0
1777890496.5163324,-4.0,6.0,-72.0
1777890496.5263324,-8.0,8.0,-71.0
1777890496.5363324,-9.0,6.0,-70.0
1777890496.5463324,-4.0,3.0,-70.0
1777890496.5563323,0.0,4.0,-74.0
1777890496.5663323,6.0,2.0,-71.0
1777890496.5763323,8.0,0.0,-70.0
1777890496.5863323,7.0,-3.0,-70.0
1777890496.5963323,5.0,-1.0,-68.0
1777890496.6063323,2.0,-5.0,-69.0
1777890496.6163323,3.0,-3.0,-72.0
1777890496.6263323,2.0,-3.0,-76.0
1777890496.6363325,1.0,0.0,-82.0
1777890496.6463325,3.0,-2.0,-84.0
1777890496.6563325,4.0,-3.0,-81.0
1777890496.6663325,3.0,-2.0,-73.0
1777890496.6763325,3.0,0.0,-71.0
1777890496.6863325,0.0,5.0,-72.0
1777890496.6963325,4.0,8.0,-68.0
1777890496.7063324,0.0,10.0,-71.0
1777890496.7163324,-2.0,12.0,-74.0
1777890496.7263324,0.0,9.0,-71.0
1777890496.7363324,2.0,7.0,-71.0
1777890496.7463324,-2.0,7.0,-69.0
1777890496.7563324,-2.0,2.0,-72.0
1777890496.7663324,-5.0,5.0,-69.0
1777890496.7763324,0.0,6.0,-64.0
1777890496.7863324,0.0,7.0,-65.0
1777890496.7963324,3.0,1.0,-65.0
1777890496.8063323,3.0,0.0,-67.0
1777890496.8163323,1.0,0.0,-73.0
1777890496.8263323,0.0,-3.0,-78.0
1777890496.8363323,3.0,-3.0,-76.0
1777890496.8463323,6.0,-2.0,-70.0
1777890496.8563323,2.0,0.0,-66.0
1777890496.8663323,1.0,-2.0,-65.0
1777890496.8763323,6.0,-4.0,-68.0
1777890496.8863325,4.0,-6.0,-65.0
1777890496.8963325,3.0,-4.0,-61.0
1777890496.9063325,3.0,-6.0,-66.0
1777890496.9163325,9.0,-3.0,-64.0
1777890496.9263325,14.0,-4.0,-66.0
1777890496.9363325,12.0,-7.0,-66.0
1777890496.9463325,9.0,-5.0,-75.0
1777890496.9563324,7.0,-1.0,-78.0
1777890496.9663324,9.0,-1.0,-78.0
1777890496.9763324,9.0,0.0,-74.0
1777890496.9863324,4.0,2.0,-72.0
1777890496.9963324,5.0,2.0,-67.0
1777890497.0063324,5.0,1.0,-64.0
1777890497.0163324,2.0,2.0,-65.0
1777890497.0263324,-3.0,0.0,-60.0
1777890497.0363324,0.0,0.0,-69.0
1777890497.0463324,0.0,-1.0,-77.0
1777890497.0563323,0.0,0.0,-83.0
1777890497.0663323,0.0,1.0,-78.0
1777890497.0763323,0.0,1.0,-79.0
1777890497.0863323,0.0,2.0,-78.0
1777890497.0963323,1.0,4.0,-80.0
1777890497.1063323,5.0,3.0,-79.0
1777890497.1163323,4.0,5.0,-70.0
1777890497.1263323,0.0,0.0,-69.0
1777890497.1363325,0.0,-1.0,-71.0
1777890497.1463325,-2.0,-3.0,-72.0
1777890497.1563325,-4.0,-3.0,-72.0
1777890497.1663325,-3.0,-2.0,-73.0
1777890497.1763325,-3.0,-2.0,-78.0
1777890497.1863325,0.0,-2.0,-79.0
1777890497.1963325,3.0,-7.0,-82.0
1777890497.2063324,2.0,-8.0,-87.0
1777890497.2163324,5.0,-4.0,-92.0
1777890497.2263324,7.0,-1.0,-92.0
1777890497.2363324,4.0,-2.0,-86.0
1777890497.2463324,0.0,-6.0,-79.0
1777890497.2563324,1.0,-6.0,-77.0
1777890497.2663324,3.0,-3.0,-76.0
1777890497.2763324,5.0,-5.0,-71.0
1777890497.2863324,3.0,-9.0,-69.0
1777890497.2963324,0.0,-9.0,-70.0
1777890497.3063323,1.0,-5.0,-72.0
1777890497.3163323,0.0,-2.0,-73.0
1777890497.3263323,4.0,-1.0,-74.0
1777890497.3363323,7.0,0.0,-74.0
1777890497.3463323,9.0,-2.0,-78.0
1777890497.3563323,6.0,0.0,-75.0
1777890497.3663323,3.0,0.0,-76.0
1777890497.3763323,6.0,0.0,-75.0
1777890497.3863325,3.0,0.0,-72.0
1777890497.3963325,2.0,0.0,-67.0
1777890497.4063325,3.0,0.0,-70.0
1777890497.4163325,2.0,0.0,-64.0
1777890497.4263325,-2.0,-2.0,-59.0
1777890497.4363325,1.0,-4.0,-62.0
1777890497.4463325,2.0,-4.0,-63.0
1777890497.4563324,-1.0,-6.0,-67.0
1777890497.4663324,0.0,-5.0,-74.0
1777890497.4763324,-3.0,-5.0,-74.0
1777890497.4863324,0.0,-5.0,-74.0
1777890497.4963324,-1.0,-10.0,-71.0
1777890497.5063324,0.0,-5.0,-71.0
1777890497.5163324,4.0,-3.0,-73.0
1777890497.5263324,5.0,-4.0,-78.0
1777890497.5363324,8.0,-5.0,-78.0
1777890497.5463324,5.0,-6.0,-84.0
1777890497.5563323,4.0,-7.0,-84.0
1777890497.5663323,2.0,-6.0,-77.0
1777890497.5763323,6.0,-4.0,-77.0
1777890497.5863323,1.0,0.0,-74.0
1777890497.5963323,0.0,1.0,-76.0
1777890497.6063323,0.0,0.0,-76.0
1777890497.6163323,-1.0,1.0,-84.0
1777890497.6263323,0.0,1.0,-73.0
1777890497.6363325,-1.0,-3.0,-75.0
1777890497.6463325,0.0,-2.0,-71.0
1777890497.6563325,-1.0,-1.0,-69.0
1777890497.6663325,1.0,-1.0,-70.0
1777890497.6763325,2.0,-3.0,-71.0
1777890497.6863325,1.0,-1.0,-68.0
1777890497.6963325,4.0,2.0,-78.0
1777890497.7063324,0.0,3.0,-75.0
1777890497.7163324,3.0,-1.0,-74.0
1777890497.7263324,10.0,1.0,-78.0
1777890497.7363324,6.0,0.0,-70.0
1777890497.7463324,3.0,0.0,-67.0
1777890497.7563324,6.0,0.0,-60.0
1777890497.7663324,4.0,-1.0,-61.0
1777890497.7763324,0.0,-1.0,-64.0
1777890497.7863324,-2.0,-5.0,-70.0
1777890497.7963324,-6.0,-8.0,-71.0
1777890497.8063323,-3.0,-6.0,-73.0
1777890497.8163323,-4.0,-7.0,-71.0
1777890497.8263323,-4.0,-4.0,-69.0
1777890497.8363323,-6.0,0.0,-66.0
1777890497.8463323,-6.0,0.0,-64.0
1777890497.8563323,-3.0,-1.0,-69.0
1777890497.8663323,-2.0,1.0,-81.0
1777890497.8763323,-1.0,4.0,-77.0
1777890497.8863325,3.0,5.0,-78.0
1777890497.8963325,1.0,0.0,-80.0
1777890497.9063325,5.0,-3.0,-78.0
1777890497.9163325,2.0,-1.0,-74.0
1777890497.9263325,1.0,1.0,-69.0
1777890497.9363325,1.0,2.0,-66.0
1777890497.9463325,1.0,1.0,-71.0
1777890497.9563324,7.0,1.0,-69.0
1777890497.9663324,9.0,0.0,-73.0
1777890497.9763324,12.0,1.0,-74.0
1777890497.9863324,14.0,0.0,-73.0
1777890497.9963324,10.0,0.0,-71.0
1777890498.0063324,4.0,1.0,-75.0
1777890498.0163324,4.0,4.0,-73.0
1777890498.0263324,7.0,7.0,-71.0
1777890498.0363324,7.0,6.0,-71.0
1777890498.0463324,4.0,3.0,-65.0
1777890498.0563323,6.0,3.0,-63.0
1777890498.0663323,10.0,4.0,-59.0
1777890498.0763323,9.0,5.0,-60.0
1777890498.0863323,9.0,0.0,-62.0
1777890498.0963323,7.0,1.0,-68.0
1777890498.1063323,5.0,-1.0,-73.0
1777890498.1163323,5.0,0.0,-81.0
1777890498.1263323,2.0,3.0,-84.0
1777890498.1363325,6.0,0.0,-87.0
1777890498.1463325,0.0,0.0,-80.0
1777890498.1563325,-1.0,1.0,-89.0
1777890498.1663325,0.0,4.0,-90.0
1777890498.1763325,0.0,9.0,-88.0
1777890498.1863325,-1.0,7.0,-85.0
1777890498.1963325,2.0,2.0,-83.0
1777890498.2063324,6.0,6.0,-83.0
1777890498.2173324,7.0,7.0,-89.0
1777890498.2273324,6.0,8.0,-85.0
1777890498.2363324,4.0,9.0,-80.0
1777890498.2473323,4.0,5.0,-77.0
1777890498.2573323,4.0,2.0,-74.0
1777890498.2673323,12.0,3.0,-79.0
1777890498.2773323,5.0,-1.0,-72.0
1777890498.2873323,4.0,-4.0,-58.0
1777890498.2973323,2.0,0.0,-61.0
1777890498.3073325,0.0,4.0,-74.0
1777890498.3173325,2.0,4.0,-74.0
1777890498.3273325,6.0,8.0,-77.0
1777890498.3373325,4.0,7.0,-77.0
1777890498.3473325,4.0,1.0,-70.0
1777890498.3573325,0.0,3.0,-73.0
1777890498.3673325,0.0,1.0,-75.0
1777890498.3773324,0.0,0.0,-78.0
1777890498.3873324,-1.0,2.0,-76.0
1777890498.3973324,-5.0,4.0,-82.0
1777890498.4073324,-3.0,5.0,-74.0
1777890498.4173324,1.0,0.0,-73.0
1777890498.4273324,3.0,-3.0,-72.0
1777890498.4373324,3.0,-2.0,-68.0
1777890498.4473324,3.0,-2.0,-66.0
1777890498.4573324,0.0,-3.0,-68.0
1777890498.4673324,-1.0,-1.0,-71.0
1777890498.4773324,0.0,2.0,-81.0
1777890498.4873323,-6.0,5.0,-81.0
1777890498.4973323,-4.0,1.0,-82.0
1777890498.5073323,-4.0,1.0,-86.0
1777890498.5173323,-2.0,0.0,-88.0
1777890498.5273323,-2.0,1.0,-82.0
1777890498.5373323,-4.0,0.0,-80.0
1777890498.5473323,-3.0,-4.0,-79.0
1777890498.5573325,-4.0,-6.0,-81.0
1777890498.5673325,-4.0,1.0,-81.0
1777890498.5773325,-8.0,0.0,-90.0
1777890498.5873325,-7.0,0.0,-90.0
1777890498.5973325,-3.0,0.0,-92.0
1777890498.6073325,-5.0,0.0,-79.0
1777890498.6173325,-3.0,-1.0,-72.0
1777890498.6273324,-3.0,1.0,-70.0
1777890498.6373324,-2.0,0.0,-64.0
1777890498.6473324,-1.0,-2.0,-66.0
1777890498.6573324,2.0,-7.0,-56.0
1777890498.6673324,0.0,-8.0,-61.0
1777890498.6773324,2.0,-4.0,-61.0
1777890498.6873324,4.0,-1.0,-59.0
1777890498.6973324,0.0,2.0,-59.0
1777890498.7073324,1.0,0.0,-67.0
1777890498.7173324,3.0,-1.0,-67.0
1777890498.7273324,2.0,0.0,-71.0
1777890498.7373323,3.0,2.0,-77.0
1777890498.7473323,2.0,1.0,-71.0
1777890498.7573323,3.0,2.0,-70.0
1777890498.7673323,5.0,0.0,-72.0
1777890498.7773323,5.0,-1.0,-78.0
1777890498.7873323,3.0,0.0,-81.0
1777890498.7973323,3.0,-2.0,-80.0
1777890498.8073325,8.0,-2.0,-81.0
1777890498.8173325,5.0,0.0,-81.0
1777890498.8273325,1.0,0.0,-80.0
1777890498.8373325,1.0,3.0,-79.0
1777890498.8473325,-1.0,4.0,-81.0
1777890498.8573325,1.0,2.0,-81.0
1777890498.8673325,0.0,5.0,-72.0
1777890498.8773324,-2.0,4.0,-73.0
1777890498.8873324,-7.0,5.0,-75.0
1777890498.8973324,-3.0,0.0,-72.0
1777890498.9073324,-10.0,-1.0,-68.0
1777890498.9173324,-8.0,0.0,-72.0
1777890498.9273324,-7.0,-1.0,-77.0
1777890498.9373324,-5.0,0.0,-79.0
1777890498.9473324,-2.0,4.0,-79.0
1777890498.9573324,0.0,0.0,-74.0
1777890498.9673324,1.0,0.0,-73.0
1777890498.9773324,0.0,-3.0,-75.0
1777890498.9873323,0.0,-4.0,-74.0
1777890498.9973323,0.0,-2.0,-72.0
1777890499.0073323,1.0,-3.0,-73.0
1777890499.0173323,0.0,-6.0,-70.0
1777890499.0273323,0.0,-3.0,-74.0
1777890499.0373323,-2.0,0.0,-69.0
1777890499.0473323,-3.0,4.0,-69.0
1777890499.0573325,-7.0,7.0,-77.0
1777890499.0673325,-3.0,5.0,-80.0
1777890499.0773325,-4.0,2.0,-81.0
1777890499.0873325,-3.0,0.0,-80.0
1777890499.0973325,-5.0,-1.0,-81.0
1777890499.1073325,-7.0,-6.0,-77.0
1777890499.1173325,-4.0,-3.0,-76.0
1777890499.1273324,-3.0,0.0,-77.0
1777890499.1373324,-1.0,-2.0,-82.0
1777890499.1473324,0.0,-4.0,-84.0
1777890499.1573324,1.0,-5.0,-75.0
1777890499.1673324,-3.0,-4.0,-82.0
1777890499.1773324,-3.0,-2.0,-75.0
1777890499.1873324,-2.0,0.0,-67.0
1777890499.1973324,-3.0,1.0,-72.0
1777890499.2073324,0.0,-1.0,-82.0
1777890499.2173324,0.0,1.0,-86.0
1777890499.2273324,0.0,0.0,-82.0
1777890499.2373323,-2.0,4.0,-77.0
1777890499.2473323,-3.0,5.0,-78.0
1777890499.2573323,-7.0,4.0,-80.0
1777890499.2673323,-6.0,0.0,-84.0
1777890499.2773323,-3.0,-1.0,-83.0
1777890499.2873323,-6.0,-3.0,-76.0
1777890499.2973323,-4.0,-1.0,-75.0
1777890499.3073325,-1.0,1.0,-80.0
1777890499.3173325,2.0,0.0,-82.0
1777890499.3273325,1.0,0.0,-79.0
1777890499.3373325,2.0,1.0,-76.0
1777890499.3473325,0.0,1.0,-73.0
1777890499.3573325,1.0,2.0,-68.0
1777890499.3673325,-1.0,2.0,-69.0
1777890499.3773324,3.0,0.0,-67.0
1777890499.3873324,5.0,0.0,-65.0
1777890499.3973324,6.0,1.0,-69.0
1777890499.4073324,2.0,4.0,-70.0
1777890499.4173324,-1.0,4.0,-68.0
1777890499.4273324,1.0,6.0,-65.0
1777890499.4373324,-1.0,2.0,-70.0
1777890499.4473324,2.0,2.0,-74.0
1777890499.4573324,2.0,3.0,-76.0
1777890499.4673324,2.0,1.0,-76.0
1777890499.4773324,0.0,2.0,-79.0
1777890499.4873323,-1.0,1.0,-81.0
1777890499.4973323,-1.0,0.0,-85.0
1777890499.5073323,-1.0,-1.0,-83.0
1777890499.5173323,-2.0,1.0,-76.0
1777890499.5273323,-2.0,1.0,-79.0
1777890499.5373323,2.0,0.0,-78.0
1777890499.5473323,1.0,-1.0,-76.0
1777890499.5573325,-1.0,-1.0,-78.0
1777890499.5673325,-5.0,-4.0,-79.0
1777890499.5773325,-1.0,1.0,-77.0
1777890499.5873325,-5.0,-2.0,-75.0
1777890499.5973325,-1.0,-2.0,-78.0
1777890499.6073325,2.0,-3.0,-72.0
1777890499.6173325,-1.0,-5.0,-70.0
1777890499.6273324,-1.0,-4.0,-71.0
1777890499.6373324,0.0,-8.0,-71.0
1777890499.6473324,-1.0,-7.0,-71.0
1777890499.6573324,-1.0,-7.0,-72.0
1777890499.6673324,-4.0,-8.0,-72.0
1777890499.6773324,-3.0,-6.0,-69.0
1777890499.6873324,2.0,-2.0,-63.0
1777890499.6973324,3.0,0.0,-58.0
1777890499.7073324,3.0,0.0,-59.0
1777890499.7173324,1.0,0.0,-60.0
1777890499.7273324,3.0,3.0,-56.0
1777890499.7373323,5.0,0.0,-58.0
1777890499.7473323,7.0,-2.0,-66.0
1777890499.7573323,7.0,-4.0,-66.0
1777890499.7673323,4.0,-5.0,-67.0
1777890499.7773323,1.0,-8.0,-67.0
1777890499.7873323,4.0,-7.0,-71.0
1777890499.7973323,2.0,-6.0,-73.0
1777890499.8073325,0.0,-5.0,-74.0
1777890499.8173325,1.0,-9.0,-74.0
1777890499.8273325,-2.0,-10.0,-75.0
1777890499.8373325,-7.0,-10.0,-86.0
1777890499.8473325,-4.0,-11.0,-89.0
1777890499.8573325,-3.0,-8.0,-84.0
1777890499.8673325,-3.0,-6.0,-88.0
1777890499.8773324,0.0,-5.0,-84.0
1777890499.8873324,-2.0,-7.0,-88.0
1777890499.8973324,0.0,-10.0,-85.0
1777890499.9073324,-1.0,-4.0,-86.0
1777890499.9173324,0.0,-6.0,-87.0
1777890499.9273324,-3.0,-8.0,-79.0
1777890499.9373324,3.0,-6.0,-78.0
1777890499.9473324,6.0,-10.0,-70.0
1777890499.9573324,7.0,-9.0,-71.0
1777890499.9673324,2.0,-13.0,-65.0
1777890499.9773324,0.0,-11.0,-64.0
1777890499.9873323,-1.0,-6.0,-64.0
1777890499.9973323,2.0,-4.0,-61.0
1777890500.0073323,0.0,0.0,-61.0
1777890500.0173323,0.0,0.0,-57.0
1777890500.0273323,4.0,-2.0,-63.0
1777890500.0373323,2.0,-5.0,-56.0
1777890500.0473323,3.0,-8.0,-63.0
1777890500.0573325,-1.0,-5.0,-67.0
1777890500.0673325,-1.0,-2.0,-73.0
1777890500.0773325,0.0,-4.0,-82.0
1777890500.0873325,2.0,-5.0,-83.0
1777890500.0973325,4.0,-9.0,-78.0
1777890500.1073325,4.0,-6.0,-76.0
1777890500.1173325,5.0,-3.0,-76.0
1777890500.1273324,4.0,-2.0,-77.0
1777890500.1373324,2.0,-4.0,-79.0
1777890500.1473324,4.0,0.0,-83.0
1777890500.1573324,2.0,0.0,-84.0
1777890500.1673324,6.0,-5.0,-83.0
1777890500.1773324,9.0,-4.0,-76.0
1777890500.1873324,9.0,-5.0,-83.0
1777890500.1973324,8.0,5.0,-80.0
1777890500.2073324,5.0,12.0,-78.0
1777890500.2173324,6.0,6.0,-75.0
1777890500.2283323,5.0,4.0,-70.0
1777890500.2383325,9.0,1.0,-76.0
1777890500.2483325,10.0,0.0,-72.0
1777890500.2583325,5.0,-4.0,-71.0
1777890500.2683325,4.0,-2.0,-72.0
1777890500.2783325,1.0,0.0,-77.0
1777890500.2883325,1.0,-1.0,-80.0
1777890500.2983325,-2.0,3.0,-73.0
1777890500.3083324,-9.0,4.0,-66.0
1777890500.3183324,-9.0,5.0,-68.0
1777890500.3283324,-11.0,4.0,-66.0
1777890500.3383324,-11.0,2.0,-62.0
1777890500.3483324,0.0,4.0,-62.0
1777890500.3583324,0.0,-1.0,-64.0
1777890500.3683324,5.0,-4.0,-65.0
1777890500.3783324,5.0,-5.0,-67.0
1777890500.3883324,0.0,-3.0,-68.0
1777890500.3983324,0.0,-9.0,-64.0
1777890500.4083323,-2.0,-10.0,-62.0
1777890500.4183323,-1.0,-6.0,-63.0
1777890500.4283323,-2.0,-2.0,-57.0
1777890500.4383323,2.0,1.0,-68.0
1777890500.4483323,3.0,4.0,-69.0
1777890500.4583323,3.0,6.0,-69.0
1777890500.4683323,7.0,-2.0,-61.0
1777890500.4783323,6.0,-2.0,-64.0
1777890500.4883325,3.0,-1.0,-67.0
1777890500.4983325,5.0,0.0,-66.0
1777890500.5083325,2.0,-1.0,-74.0
1777890500.5183325,0.0,-2.0,-75.0
1777890500.5283325,0.0,0.0,-71.0
1777890500.5383325,0.0,1.0,-70.0
1777890500.5483325,-2.0,-2.0,-67.0
1777890500.5583324,-3.0,-1.0,-69.0
1777890500.5683324,-4.0,-2.0,-73.0
1777890500.5783324,-5.0,-7.0,-77.0
1777890500.5883324,-4.0,-5.0,-75.0
1777890500.5983324,-4.0,-7.0,-71.0
1777890500.6083324,-6.0,-8.0,-74.0
1777890500.6183324,-5.0,-9.0,-69.0
1777890500.6283324,-6.0,-11.0,-71.0
1777890500.6383324,-4.0,-4.0,-74.0
1777890500.6483324,-2.0,-2.0,-72.0
1777890500.6583323,-5.0,-5.0,-70.0
1777890500.6683323,-4.0,-2.0,-68.0
1777890500.6783323,0.0,-6.0,-73.0
1777890500.6883323,-2.0,-9.0,-71.0
1777890500.6983323,-4.0,-7.0,-73.0
1777890500.7083323,-3.0,-8.0,-69.0
1777890500.7183323,-3.0,-8.0,-74.0
1777890500.7283323,-1.0,-2.0,-71.0
1777890500.7383325,-4.0,-1.0,-68.0
1777890500.7483325,3.0,-3.0,-69.0
1777890500.7583325,2.0,-7.0,-70.0
1777890500.7683325,3.0,-2.0,-68.0
1777890500.7783325,2.0,-3.0,-70.0
1777890500.7883325,0.0,2.0,-76.0
1777890500.7983325,-2.0,3.0,-70.0
1777890500.8083324,-8.0,1.0,-69.0
1777890500.8183324,-10.0,1.0,-67.0
1777890500.8283324,-9.0,-1.0,-69.0
1777890500.8383324,-2.0,0.0,-71.0
1777890500.8483324,-1.0,-6.0,-70.0
1777890500.8583324,-6.0,-4.0,-70.0
1777890500.8683324,-4.0,-4.0,-70.0
1777890500.8783324,-2.0,-9.0,-73.0
1777890500.8883324,-1.0,-11.0,-76.0
1777890500.8983324,1.0,-8.0,-74.0
1777890500.9083323,-1.0,-7.0,-74.0
1777890500.9183323,1.0,-5.0,-71.0
1777890500.9283323,3.0,0.0,-65.0
1777890500.9383323,3.0,-1.0,-64.0
1777890500.9483323,-4.0,0.0,-62.0
1777890500.9583323,0.0,0.0,-63.0
1777890500.9683323,-1.0,2.0,-63.0
1777890500.9783323,-2.0,0.0,-65.0
1777890500.9883325,-3.0,-3.0,-68.0
1777890500.9983325,0.0,-1.0,-71.0
1777890501.0083325,1.0,-2.0,-75.0
1777890501.0183325,4.0,4.0,-76.0
1777890501.0283325,4.0,2.0,-71.0
1777890501.0383325,8.0,0.0,-72.0
1777890501.0483325,5.0,-3.0,-75.0
1777890501.0583324,6.0,0.0,-80.0
1777890501.0683324,8.0,5.0,-83.0
1777890501.0783324,6.0,6.0,-86.0
1777890501.0883324,8.0,1.0,-86.0
1777890501.0983324,4.0,4.0,-88.0
1777890501.1083324,0.0,3.0,-87.0
1777890501.1183324,-1.0,4.0,-94.0
1777890501.1283324,-2.0,4.0,-95.0
1777890501.1383324,0.0,6.0,-92.0
1777890501.1483324,0.0,5.0,-84.0
1777890501.1583323,1.0,0.0,-77.0
1777890501.1683323,0.0,-2.0,-82.0
1777890501.1783323,0.0,-1.0,-82.0
1777890501.1883323,-2.0,-3.0,-83.0
1777890501.1983323,-1.0,-3.0,-85.0
1777890501.2083323,0.0,-3.0,-84.0
1777890501.2183323,-3.0,-5.0,-82.0
1777890501.2283323,0.0,-5.0,-75.0
1777890501.2383325,1.0,-5.0,-74.0
1777890501.2483325,1.0,-4.0,-77.0
1777890501.2583325,6.0,-4.0,-78.0
1777890501.2683325,1.0,-2.0,-78.0
1777890501.2783325,5.0,-1.0,-81.0
1777890501.2883325,5.0,-4.0,-79.0
1777890501.2983325,6.0,-6.0,-73.0
1777890501.3083324,6.0,-3.0,-72.0
1777890501.3183324,8.0,-1.0,-79.0
1777890501.3283324,1.0,-2.0,-72.0
1777890501.3383324,-1.0,-4.0,-74.0
1777890501.3483324,-3.0,1.0,-71.0
1777890501.3583324,0.0,3.0,-80.0
1777890501.3683324,-1.0,0.0,-86.0
1777890501.3783324,0.0,-3.0,-80.0
1777890501.3883324,-4.0,-3.0,-76.0
1777890501.3983324,-2.0,-3.0,-79.0
1777890501.4083323,1.0,-5.0,-76.0
1777890501.4183323,2.0,-3.0,-84.0
1777890501.4283323,5.0,0.0,-85.0
1777890501.4383323,3.0,1.0,-89.0
1777890501.4483323,1.0,0.0,-86.0
1777890501.4583323,1.0,1.0,-82.0
1777890501.4683323,0.0,3.0,-81.0
1777890501.4783323,0.0,0.0,-80.0
1777890501.4883325,0.0,-1.0,-79.0
1777890501.4983325,0.0,0.0,-83.0
1777890501.5083325,-6.0,0.0,-82.0
1777890501.5183325,-10.0,-3.0,-80.0
1777890501.5283325,-5.0,-3.0,-76.0
1777890501.5383325,0.0,-3.0,-73.0
1777890501.5483325,1.0,-2.0,-70.0
1777890501.5583324,4.0,-6.0,-69.0
1777890501.5683324,3.0,-6.0,-74.0
1777890501.5783324,6.0,-6.0,-73.0
1777890501.5883324,0.0,-3.0,-73.0
1777890501.5983324,-1.0,-2.0,-73.0
1777890501.6083324,-3.0,-2.0,-77.0
1777890501.6183324,-6.0,6.0,-82.0
1777890501.6283324,-4.0,4.0,-80.0
1777890501.6383324,-3.0,1.0,-77.0
1777890501.6483324,1.0,-1.0,-81.0
1777890501.6583323,-4.0,-1.0,-74.0
1777890501.6683323,-8.0,2.0,-74.0
1777890501.6783323,-6.0,3.0,-75.0
1777890501.6883323,-3.0,0.0,-76.0
1777890501.6983323,-4.0,0.0,-78.0
1777890501.7083323,-2.0,0.0,-81.0
1777890501.7183323,0.0,3.0,-81.0
1777890501.7283323,0.0,4.0,-81.0
1777890501.7383325,-1.0,3.0,-78.0
1777890501.7483325,1.0,4.0,-72.0
1777890501.7583325,0.0,-1.0,-72.0
1777890501.7683325,-1.0,1.0,-72.0
1777890501.7783325,-2.0,2.0,-68.0
1777890501.7883325,-4.0,0.0,-69.0
1777890501.7983325,-2.0,-2.0,-64.0
1777890501.8083324,0.0,-2.0,-61.0
1777890501.8183324,1.0,0.0,-65.0
1777890501.8283324,2.0,2.0,-68.0
1777890501.8383324,4.0,1.0,-75.0
1777890501.8483324,4.0,-2.0,-71.0
1777890501.8583324,8.0,-3.0,-74.0
1777890501.8683324,2.0,0.0,-68.0
1777890501.8783324,1.0,0.0,-65.0
1777890501.8883324,2.0,-2.0,-66.0
1777890501.8983324,4.0,0.0,-71.0
1777890501.9083323,1.0,3.0,-73.0
1777890501.9183323,4.0,1.0,-70.0
1777890501.9283323,5.0,0.0,-68.0
1777890501.9383323,2.0,1.0,-71.0
1777890501.9483323,0.0,3.0,-67.0
1777890501.9583323,1.0,6.0,-76.0
1777890501.9683323,1.0,5.0,-72.0
1777890501.9783323,-1.0,4.0,-73.0
1777890501.9883325,-4.0,2.0,-80.0
1777890501.9983325,-7.0,0.0,-76.0
1777890502.0083325,-6.0,-2.0,-73.0
1777890502.0183325,-2.0,-6.0,-73.0
1777890502.0283325,7.0,-3.0,-77.0
1777890502.0383325,7.0,-3.0,-75.0
1777890502.0483325,6.0,-3.0,-81.0
1777890502.0583324,9.0,-1.0,-84.0
1777890502.0683324,6.0,3.0,-80.0
1777890502.0783324,5.0,0.0,-84.0
1777890502.0883324,6.0,0.0,-85.0
1777890502.0983324,6.0,1.0,-80.0
1777890502.1083324,6.0,3.0,-76.0
1777890502.1183324,6.0,4.0,-72.0
1777890502.1283324,6.0,5.0,-72.0
1777890502.1383324,5.0,6.0,-68.0
1777890502.1483324,2.0,10.0,-73.0
1777890502.1583323,2.0,10.0,-79.0
1777890502.1683323,4.0,7.0,-83.0
1777890502.1793325,8.0,6.0,-81.0
1777890502.1883323,5.0,4.0,-74.0
1777890502.1983323,3.0,3.0,-73.0
1777890502.2093325,4.0,1.0,-75.0
1777890502.2193325,2.0,2.0,-74.0
1777890502.2293324,0.0,-1.0,-75.0
1777890502.2393324,1.0,0.0,-81.0
1777890502.2493324,6.0,-2.0,-83.0
1777890502.2593324,4.0,-7.0,-85.0
1777890502.2693324,3.0,-2.0,-83.0
1777890502.2793324,0.0,-3.0,-83.0
1777890502.2893324,0.0,-5.0,-81.0
1777890502.2993324,1.0,-9.0,-76.0
1777890502.3093324,1.0,-9.0,-79.0
1777890502.3193324,5.0,-1.0,-71.0
1777890502.3293324,8.0,-1.0,-74.0
1777890502.3393323,6.0,-2.0,-74.0
1777890502.3493323,8.0,-3.0,-75.0
1777890502.3593323,4.0,-6.0,-75.0
1777890502.3693323,3.0,-3.0,-70.0
1777890502.3793323,2.0,-5.0,-74.0
1777890502.3893323,1.0,-4.0,-72.0
1777890502.3993323,0.0,0.0,-66.0
1777890502.4093325,5.0,-1.0,-64.0
1777890502.4193325,3.0,-2.0,-63.0
1777890502.4293325,0.0,4.0,-63.0
1777890502.4393325,2.0,0.0,-56.0
1777890502.4493325,0.0,-3.0,-64.0
1777890502.4593325,2.0,-4.0,-71.0
1777890502.4693325,1.0,-2.0,-73.0
1777890502.4793324,2.0,-4.0,-70.0
1777890502.4893324,2.0,-9.0,-68.0
1777890502.4993324,0.0,-6.0,-70.0
1777890502.5093324,0.0,-5.0,-71.0
1777890502.5193324,-3.0,-6.0,-72.0
1777890502.5293324,2.0,-9.0,-72.0
1777890502.5393324,4.0,-9.0,-68.0
1777890502.5493324,-1.0,-7.0,-75.0
1777890502.5593324,-8.0,-6.0,-72.0
1777890502.5693324,-12.0,-2.0,-72.0
1777890502.5793324,-8.0,-3.0,-79.0
1777890502.5893323,-3.0,-1.0,-77.0
1777890502.5993323,-2.0,-2.0,-66.0
1777890502.6093323,-4.0,0.0,-69.0
1777890502.6193323,-3.0,0.0,-72.0
1777890502.6293323,-1.0,-1.0,-69.0
1777890502.6393323,-3.0,1.0,-73.0
1777890502.6493323,0.0,0.0,-74.0
1777890502.6593325,-3.0,0.0,-73.0
1777890502.6693325,0.0,3.0,-68.0
1777890502.6793325,1.0,2.0,-69.0
1777890502.6893325,1.0,0.0,-69.0
1777890502.6993325,1.0,1.0,-69.0
1777890502.7093325,2.0,2.0,-72.0
1777890502.7193325,3.0,4.0,-73.0
1777890502.7293324,0.0,6.0,-72.0
1777890502.7393324,0.0,5.0,-69.0
1777890502.7493324,-2.0,3.0,-64.0
1777890502.7593324,-7.0,1.0,-68.0
1777890502.7693324,-2.0,0.0,-62.0
1777890502.7793324,-3.0,-2.0,-66.0
1777890502.7893324,1.0,-1.0,-63.0
1777890502.7993324,1.0,2.0,-69.0
1777890502.8093324,3.0,2.0,-68.0
1777890502.8193324,2.0,0.0,-67.0
1777890502.8293324,7.0,4.0,-69.0
1777890502.8393323,7.0,7.0,-68.0
1777890502.8493323,5.0,2.0,-72.0
1777890502.8593323,4.0,-1.0,-73.0
1777890502.8693323,7.0,0.0,-71.0
1777890502.8793323,3.0,-1.0,-72.0
1777890502.8893323,0.0,-1.0,-75.0
1777890502.8993323,0.0,-2.0,-75.0
1777890502.9093325,1.0,-3.0,-73.0
1777890502.9193325,0.0,-2.0,-78.0
1777890502.9293325,4.0,-5.0,-74.0
1777890502.9393325,0.0,-7.0,-78.0
1777890502.9493325,-6.0,-4.0,-79.0
1777890502.9593325,-6.0,-1.0,-79.0
1777890502.9693325,-6.0,2.0,-78.0
1777890502.9793324,-3.0,1.0,-77.0
1777890502.9893324,1.0,0.0,-69.0
1777890502.9993324,0.0,0.0,-74.0
1777890503.0093324,-1.0,3.0,-71.0
1777890503.0193324,4.0,-1.0,-66.0
1777890503.0293324,6.0,0.0,-69.0
1777890503.0393324,5.0,0.0,-70.0
1777890503.0493324,0.0,0.0,-75.0
1777890503.0593324,0.0,0.0,-72.0
1777890503.0693324,1.0,-1.0,-75.0
1777890503.0793324,0.0,-3.0,-72.0
1777890503.0893323,-1.0,-2.0,-70.0
1777890503.0993323,0.0,2.0,-76.0
1777890503.1093323,4.0,0.0,-77.0
1777890503.1193323,-1.0,-4.0,-75.0
1777890503.1293323,-7.0,-4.0,-69.0
1777890503.1393323,-10.0,-6.0,-66.0
1777890503.1493323,-11.0,-8.0,-63.0
1777890503.1593325,-7.0,-4.0,-68.0
1777890503.1693325,-9.0,-5.0,-64.0
1777890503.1793325,-8.0,-6.0,-68.0
1777890503.1893325,-8.0,-7.0,-65.0
1777890503.2003324,-9.0,-6.0,-66.0
1777890503.2093325,-8.0,-1.0,-71.0
1777890503.2193325,-6.0,0.0,-69.0
1777890503.2293324,-4.0,-1.0,-75.0
1777890503.2393324,-1.0,-1.0,-86.0
1777890503.2493324,-3.0,-2.0,-76.0
1777890503.2593324,-1.0,-2.0,-77.0
1777890503.2693324,-2.0,-4.0,-77.0
1777890503.2793324,-7.0,-6.0,-72.0
1777890503.2893324,-4.0,-7.0,-71.0
1777890503.2993324,-1.0,-7.0,-72.0
1777890503.3093324,-1.0,-4.0,-75.0
1777890503.3193324,0.0,-3.0,-70.0
1777890503.3293324,0.0,-1.0,-67.0
1777890503.3393323,4.0,0.0,-72.0
1777890503.3493323,11.0,-4.0,-70.0
1777890503.3593323,10.0,-1.0,-74.0
1777890503.3693323,8.0,2.0,-71.0
1777890503.3793323,6.0,3.0,-73.0
1777890503.3893323,0.0,0.0,-73.0
1777890503.3993323,0.0,0.0,-69.0
1777890503.4093325,0.0,0.0,-73.0
1777890503.4193325,-1.0,2.0,-74.0
1777890503.4293325,0.0,0.0,-72.0
1777890503.4393325,2.0,-5.0,-79.0
1777890503.4493325,1.0,-4.0,-76.0
1777890503.4593325,1.0,1.0,-75.0
1777890503.4693325,2.0,1.0,-77.0
1777890503.4793324,9.0,0.0,-78.0
1777890503.4893324,5.0,2.0,-80.0
1777890503.4993324,4.0,6.0,-85.0
1777890503.5093324,2.0,4.0,-82.0
1777890503.5193324,1.0,3.0,-81.0
1777890503.5293324,2.0,2.0,-75.0
1777890503.5393324,4.0,-1.0,-71.0
1777890503.5493324,11.0,-3.0,-69.0
1777890503.5593324,10.0,-3.0,-70.0
1777890503.5693324,8.0,-3.0,-74.0
1777890503.5793324,7.0,-5.0,-72.0
1777890503.5893323,11.0,-6.0,-70.0
1777890503.5993323,9.0,-6.0,-77.0
1777890503.6093323,12.0,-1.0,-74.0
1777890503.6193323,6.0,0.0,-74.0
1777890503.6293323,0.0,0.0,-79.0
1777890503.6393323,2.0,0.0,-75.0
1777890503.6493323,6.0,-4.0,-76.0
1777890503.6593325,5.0,-4.0,-69.0
1777890503.6693325,4.0,-3.0,-70.0
1777890503.6793325,2.0,-1.0,-73.0
1777890503.6893325,-3.0,0.0,-71.0
1777890503.6993325,0.0,0.0,-71.0
1777890503.7093325,-2.0,0.0,-68.0
1777890503.7193325,0.0,2.0,-66.0
1777890503.7293324,0.0,4.0,-69.0
1777890503.7393324,0.0,3.0,-77.0
1777890503.7493324,0.0,5.0,-86.0
1777890503.7593324,1.0,0.0,-82.0
1777890503.7693324,2.0,-5.0,-84.0
1777890503.7793324,0.0,-4.0,-86.0
1777890503.7893324,1.0,-5.0,-84.0
1777890503.7993324,3.0,-5.0,-77.0
1777890503.8093324,1.0,0.0,-72.0
1777890503.8193324,2.0,-2.0,-76.0
1777890503.8293324,6.0,-3.0,-84.0
1777890503.8393323,1.0,-5.0,-77.0
1777890503.8493323,3.0,-8.0,-72.0
1777890503.8593323,2.0,-5.0,-70.0
1777890503.8693323,0.0,-1.0,-78.0
1777890503.8793323,-1.0,-1.0,-78.0
1777890503.8893323,-5.0,-2.0,-74.0
1777890503.8993323,-5.0,-2.0,-73.0
1777890503.9093325,-4.0,-4.0,-77.0
1777890503.9193325,-2.0,-3.0,-80.0
1777890503.9293325,-5.0,-4.0,-76.0
1777890503.9393325,-4.0,-6.0,-75.0
1777890503.9493325,-4.0,-8.0,-78.0
1777890503.9593325,-5.0,-11.0,-76.0
1777890503.9693325,-3.0,-7.0,-75.0
1777890503.9793324,-3.0,-4.0,-72.0
1777890503.9893324,2.0,-5.0,-68.0
1777890503.9993324,0.0,-1.0,-69.0
1777890504.0093324,2.0,-5.0,-72.0
1777890504.0193324,5.0,-5.0,-67.0
1777890504.0293324,-2.0,-5.0,-74.0
1777890504.0393324,-4.0,-5.0,-77.0
1777890504.0493324,0.0,-7.0,-78.0
1777890504.0593324,0.0,-5.0,-75.0
1777890504.0693324,0.0,-3.0,-69.0
1777890504.0793324,-2.0,-1.0,-68.0
1777890504.0893323,0.0,0.0,-66.0
1777890504.0993323,1.0,3.0,-71.0
1777890504.1093323,2.0,4.0,-72.0
1777890504.1193323,0.0,4.0,-69.0
1777890504.1293323,2.0,2.0,-69.0
1777890504.1393323,1.0,2.0,-72.0
1777890504.1493323,0.0,2.0,-67.0
1777890504.1593325,2.0,4.0,-68.0
1777890504.1693325,2.0,4.0,-68.0
1777890504.1803324,9.0,4.0,-71.0
1777890504.1893325,10.0,3.0,-75.0
1777890504.2003324,9.0,4.0,-72.0
1777890504.2093325,6.0,1.0,-72.0
1777890504.2203324,8.0,0.0,-73.0
1777890504.2303324,11.0,0.0,-67.0
1777890504.2403324,14.0,0.0,-67.0
1777890504.2503324,12.0,-3.0,-63.0
1777890504.2593324,11.0,0.0,-65.0
1777890504.2703323,7.0,-1.0,-71.0
1777890504.2803323,0.0,4.0,-68.0
1777890504.2903323,-4.0,2.0,-64.0
1777890504.3003323,-3.0,2.0,-63.0
1777890504.3103323,-3.0,4.0,-65.0
1777890504.3203323,-4.0,6.0,-72.0
1777890504.3303325,-3.0,7.0,-71.0
1777890504.3403325,-1.0,5.0,-70.0
1777890504.3503325,5.0,0.0,-70.0
1777890504.3603325,9.0,0.0,-66.0
1777890504.3703325,8.0,4.0,-73.0
1777890504.3803325,8.0,2.0,-83.0
1777890504.3903325,1.0,2.0,-84.0
1777890504.4003325,-5.0,0.0,-77.0
1777890504.4103324,-5.0,0.0,-76.0
1777890504.4203324,-5.0,-1.0,-78.0
1777890504.4303324,-7.0,-2.0,-76.0
1777890504.4403324,-5.0,-3.0,-78.0
1777890504.4503324,-2.0,-6.0,-77.0
1777890504.4603324,-3.0,-6.0,-67.0
1777890504.4703324,0.0,-8.0,-71.0
1777890504.4803324,-2.0,-6.0,-70.0
1777890504.4903324,-2.0,-6.0,-75.0
1777890504.5003324,3.0,-7.0,-78.0
1777890504.5103323,1.0,-5.0,-78.0
1777890504.5203323,-1.0,-9.0,-73.0
1777890504.5303323,-3.0,-6.0,-66.0
1777890504.5403323,0.0,-5.0,-65.0
1777890504.5503323,0.0,-4.0,-71.0
1777890504.5603323,0.0,-1.0,-73.0
1777890504.5703323,1.0,0.0,-72.0
1777890504.5803325,-2.0,3.0,-69.0
1777890504.5903325,-3.0,1.0,-74.0
1777890504.6003325,0.0,0.0,-83.0
1777890504.6103325,4.0,3.0,-89.0
1777890504.6203325,5.0,0.0,-82.0
1777890504.6303325,3.0,1.0,-84.0
1777890504.6403325,5.0,-1.0,-78.0
1777890504.6503325,5.0,0.0,-78.0
1777890504.6603324,0.0,0.0,-80.0
1777890504.6703324,0.0,1.0,-86.0
1777890504.6803324,-1.0,-4.0,-84.0
1777890504.6903324,0.0,-4.0,-82.0
1777890504.7003324,-1.0,-7.0,-81.0
1777890504.7103324,0.0,-9.0,-88.0
1777890504.7203324,6.0,-4.0,-85.0
1777890504.7303324,7.0,-4.0,-82.0
1777890504.7403324,2.0,-8.0,-82.0
1777890504.7503324,1.0,-7.0,-84.0
1777890504.7603323,4.0,-5.0,-81.0
1777890504.7703323,1.0,-5.0,-82.0
1777890504.7803323,-6.0,-4.0,-79.0
1777890504.7903323,-5.0,-3.0,-79.0
1777890504.8003323,-4.0,-4.0,-68.0
1777890504.8103323,2.0,-5.0,-71.0
1777890504.8203323,2.0,-4.0,-77.0
1777890504.8303325,0.0,-1.0,-77.0
1777890504.8403325,0.0,-6.0,-78.0
1777890504.8503325,0.0,-3.0,-81.0
1777890504.8603325,5.0,-5.0,-79.0
1777890504.8703325,8.0,-1.0,-74.0
1777890504.8803325,11.0,0.0,-70.0
1777890504.8903325,10.0,0.0,-68.0
1777890504.9003325,8.0,0.0,-71.0
1777890504.9103324,6.0,1.0,-63.0
1777890504.9203324,3.0,0.0,-62.0
1777890504.9303324,2.0,0.0,-61.0
1777890504.9403324,2.0,-4.0,-62.0
1777890504.9503324,0.0,-6.0,-65.0
1777890504.9603324,0.0,-9.0,-75.0
1777890504.9703324,0.0,-7.0,-73.0
1777890504.9803324,-1.0,-5.0,-72.0
1777890504.9903324,-1.0,-8.0,-68.0
1777890505.0003324,-3.0,-9.0,-70.0
1777890505.0103323,-2.0,-9.0,-71.0
1777890505.0203323,-6.0,-8.0,-81.0
1777890505.0303323,-3.0,-4.0,-81.0
1777890505.0403323,0.0,-7.0,-73.0
1777890505.0503323,-2.0,-7.0,-67.0
1777890505.0603323,0.0,-2.0,-65.0
1777890505.0703323,2.0,0.0,-67.0
1777890505.0803325,2.0,-2.0,-66.0
1777890505.0903325,2.0,-3.0,-68.0
1777890505.1003325,2.0,0.0,-74.0
1777890505.1103325,-2.0,0.0,-66.0
1777890505.1203325,0.0,3.0,-69.0
1777890505.1303325,-2.0,0.0,-68.0
1777890505.1403325,0.0,0.0,-76.0
1777890505.1503325,2.0,0.0,-77.0
1777890505.1603324,0.0,0.0,-77.0
1777890505.1703324,-2.0,-3.0,-76.0
1777890505.1803324,-4.0,0.0,-78.0
1777890505.1903324,-7.0,0.0,-79.0
1777890505.2003324,-6.0,-2.0,-75.0
1777890505.2103324,-5.0,-3.0,-71.0
1777890505.2203324,-4.0,-6.0,-76.0
1777890505.2303324,-4.0,-4.0,-79.0
1777890505.2403324,-4.0,-5.0,-80.0
1777890505.2503324,0.0,-5.0,-75.0
1777890505.2603323,3.0,-1.0,-73.0
1777890505.2703323,1.0,2.0,-77.0
1777890505.2803323,-4.0,3.0,-72.0
1777890505.2903323,0.0,-2.0,-69.0
1777890505.3003323,3.0,-4.0,-73.0
1777890505.3103323,2.0,-3.0,-78.0
1777890505.3203323,1.0,1.0,-80.0
1777890505.3303325,0.0,0.0,-73.0
1777890505.3403325,0.0,-1.0,-68.0
1777890505.3503325,0.0,1.0,-65.0
1777890505.3603325,3.0,-1.0,-61.0
1777890505.3703325,0.0,-5.0,-62.0
1777890505.3803325,0.0,-1.0,-64.0
1777890505.3903325,0.0,0.0,-63.0
1777890505.4003325,-3.0,-3.0,-65.0
1777890505.4103324,1.0,-5.0,-62.0
1777890505.4203324,1.0,-8.0,-61.0
1777890505.4303324,2.0,-8.0,-63.0
1777890505.4403324,2.0,-7.0,-63.0
1777890505.4503324,1.0,-7.0,-64.0
1777890505.4603324,1.0,-5.0,-64.0
1777890505.4703324,1.0,-6.0,-63.0
1777890505.4803324,-2.0,-4.0,-63.0
1777890505.4903324,0.0,-2.0,-66.0
1777890505.5003324,0.0,-1.0,-66.0
1777890505.5103323,-1.0,0.0,-72.0
1777890505.5203323,-2.0,-1.0,-78.0
1777890505.5303323,0.0,-1.0,-78.0
1777890505.5403323,-1.0,-2.0,-76.0
1777890505.5503323,0.0,-6.0,-77.0
1777890505.5603323,0.0,-3.0,-78.0
1777890505.5703323,5.0,-2.0,-77.0
1777890505.5803325,7.0,-3.0,-74.0
1777890505.5903325,7.0,-4.0,-77.0
1777890505.6003325,9.0,-3.0,-82.0
1777890505.6103325,7.0,-1.0,-81.0
1777890505.6203325,6.0,0.0,-69.0
1777890505.6303325,8.0,1.0,-70.0
1777890505.6403325,6.0,5.0,-69.0
1777890505.6503325,1.0,1.0,-70.0
1777890505.6603324,3.0,-2.0,-75.0
1777890505.6703324,-4.0,-2.0,-71.0
1777890505.6803324,-1.0,1.0,-71.0
1777890505.6903324,-1.0,1.0,-71.0
1777890505.7003324,-1.0,3.0,-67.0
1777890505.7103324,2.0,1.0,-67.0
1777890505.7203324,2.0,4.0,-67.0
1777890505.7303324,-3.0,2.0,-70.0
1777890505.7403324,-2.0,0.0,-70.0
1777890505.7503324,0.0,4.0,-70.0
1777890505.7603323,0.0,1.0,-67.0
1777890505.7703323,2.0,-1.0,-68.0
1777890505.7803323,5.0,-2.0,-71.0
1777890505.7903323,1.0,-4.0,-68.0
1777890505.8003323,1.0,-6.0,-67.0
1777890505.8103323,1.0,-4.0,-71.0
1777890505.8203323,-1.0,-7.0,-73.0
1777890505.8303325,-2.0,-5.0,-72.0
1777890505.8403325,-2.0,-3.0,-73.0
1777890505.8503325,0.0,0.0,-74.0
1777890505.8603325,-2.0,2.0,-74.0
1777890505.8713324,0.0,2.0,-73.0
1777890505.8803325,2.0,3.0,-66.0
1777890505.8903325,6.0,1.0,-63.0
1777890505.9003325,8.0,-2.0,-69.0
1777890505.9103324,8.0,-2.0,-69.0
1777890505.9203324,4.0,-2.0,-71.0
1777890505.9303324,1.0,-3.0,-70.0
1777890505.9403324,1.0,-2.0,-64.0
1777890505.9503324,2.0,0.0,-69.0
1777890505.9603324,1.0,2.0,-71.0
1777890505.9703324,0.0,0.0,-70.0
1777890505.9803324,1.0,-1.0,-71.0
1777890505.9903324,2.0,-4.0,-73.0
1777890506.0003324,2.0,-3.0,-69.0
1777890506.0103323,4.0,-6.0,-70.0
1777890506.0203323,2.0,-7.0,-66.0
1777890506.0303323,0.0,-5.0,-69.0
1777890506.0403323,0.0,0.0,-68.0
1777890506.0503323,0.0,-2.0,-74.0
1777890506.0603323,-2.0,-4.0,-73.0
1777890506.0703323,-4.0,-1.0,-69.0
1777890506.0803325,0.0,0.0,-64.0
1777890506.0903325,0.0,-2.0,-62.0
1777890506.1003325,0.0,0.0,-68.0
1777890506.1103325,7.0,2.0,-69.0
1777890506.1203325,7.0,0.0,-70.0
1777890506.1303325,4.0,1.0,-73.0
1777890506.1403325,2.0,6.0,-77.0
1777890506.1503325,4.0,4.0,-75.0
1777890506.1603324,4.0,0.0,-77.0
1777890506.1703324,4.0,-1.0,-77.0
1777890506.1813323,7.0,-2.0,-79.0
1777890506.1913323,7.0,-3.0,-71.0
1777890506.2013323,8.0,0.0,-76.0
1777890506.2113323,7.0,-1.0,-81.0
1777890506.2213323,0.0,0.0,-83.0
1777890506.2313323,-2.0,-4.0,-79.0
1777890506.2413323,-1.0,-6.0,-80.0
1777890506.2513323,0.0,-5.0,-79.0
1777890506.2613325,3.0,-9.0,-79.0
1777890506.2713325,5.0,-6.0,-76.0
1777890506.2813325,7.0,-5.0,-76.0
1777890506.2913325,10.0,-7.0,-73.0
1777890506.3013325,4.0,-8.0,-76.0
1777890506.3113325,5.0,-8.0,-81.0
1777890506.3213325,7.0,-5.0,-75.0
1777890506.3313324,6.0,-2.0,-74.0
1777890506.3413324,1.0,1.0,-74.0
1777890506.3513324,1.0,2.0,-72.0
1777890506.3613324,-1.0,0.0,-70.0
1777890506.3713324,-1.0,-3.0,-72.0
1777890506.3813324,-3.0,0.0,-71.0
1777890506.3913324,-9.0,0.0,-72.0
1777890506.4013324,-8.0,-1.0,-78.0
1777890506.4113324,-2.0,-4.0,-81.0
1777890506.4213324,0.0,-7.0,-75.0
1777890506.4313323,0.0,-7.0,-70.0
1777890506.4413323,3.0,-9.0,-78.0
1777890506.4513323,5.0,-4.0,-79.0
1777890506.4613323,3.0,-7.0,-80.0
1777890506.4713323,1.0,-4.0,-78.0
1777890506.4813323,2.0,-4.0,-83.0
1777890506.4913323,1.0,-2.0,-74.0
1777890506.5013323,6.0,0.0,-75.0
1777890506.5113325,5.0,0.0,-73.0
1777890506.5213325,9.0,5.0,-74.0
1777890506.5313325,6.0,7.0,-77.0
1777890506.5413325,10.0,5.0,-76.0
1777890506.5513325,9.0,0.0,-76.0
1777890506.5613325,6.0,-2.0,-68.0
1777890506.5713325,3.0,-2.0,-70.0
1777890506.5813324,0.0,-1.0,-74.0
1777890506.5913324,-1.0,1.0,-72.0
1777890506.6013324,0.0,0.0,-70.0
1777890506.6113324,-2.0,0.0,-65.0
1777890506.6213324,-6.0,-5.0,-64.0
1777890506.6313324,-6.0,-3.0,-74.0
1777890506.6413324,0.0,-2.0,-76.0
1777890506.6513324,-3.0,-4.0,-80.0
1777890506.6613324,-10.0,-6.0,-80.0
1777890506.6713324,-8.0,-4.0,-82.0
1777890506.6813323,-8.0,-1.0,-77.0
1777890506.6913323,-4.0,0.0,-73.0
1777890506.7013323,0.0,0.0,-77.0
1777890506.7113323,2.0,-1.0,-75.0
1777890506.7213323,0.0,0.0,-70.0
1777890506.7313323,0.0,-3.0,-70.0
1777890506.7413323,0.0,-2.0,-66.0
1777890506.7513323,3.0,-2.0,-72.0
1777890506.7613325,4.0,-2.0,-74.0
1777890506.7713325,7.0,-1.0,-75.0
1777890506.7813325,8.0,-1.0,-75.0
1777890506.7913325,5.0,0.0,-76.0
1777890506.8013325,4.0,0.0,-81.0
1777890506.8113325,7.0,-1.0,-75.0
1777890506.8213325,9.0,-1.0,-79.0
1777890506.8313324,9.0,0.0,-84.0
1777890506.8413324,12.0,0.0,-78.0
1777890506.8513324,6.0,0.0,-79.0
1777890506.8613324,3.0,-3.0,-81.0
1777890506.8713324,-2.0,-3.0,-83.0
1777890506.8813324,0.0,-2.0,-84.0
1777890506.8913324,1.0,-2.0,-83.0
1777890506.9013324,0.0,-4.0,-85.0
1777890506.9113324,-3.0,-10.0,-79.0
1777890506.9213324,1.0,-11.0,-82.0
1777890506.9313323,4.0,-12.0,-76.0
1777890506.9413323,7.0,-10.0,-65.0
1777890506.9513323,9.0,-8.0,-72.0
1777890506.9613323,2.0,-9.0,-71.0
1777890506.9713323,2.0,-6.0,-71.0
1777890506.9813323,3.0,-8.0,-74.0
1777890506.9913323,6.0,-6.0,-70.0
1777890507.0013323,6.0,-5.0,-66.0
1777890507.0113325,-4.0,-1.0,-65.0
1777890507.0213325,-6.0,-2.0,-65.0
1777890507.0313325,-8.0,-2.0,-62.0
1777890507.0413325,-7.0,-5.0,-60.0
1777890507.0513325,-7.0,-7.0,-58.0
1777890507.0613325,-7.0,-4.0,-57.0
1777890507.0713325,-5.0,-3.0,-59.0
1777890507.0813324,-8.0,-3.0,-62.0
1777890507.0913324,-8.0,-4.0,-67.0
1777890507.1013324,-7.0,-1.0,-73.0
1777890507.1113324,-6.0,-2.0,-75.0
1777890507.1213324,-7.0,-5.0,-71.0
1777890507.1313324,-9.0,-8.0,-72.0
1777890507.1413324,-10.0,-8.0,-74.0
1777890507.1513324,-7.0,-10.0,-78.0
1777890507.1613324,-6.0,-8.0,-84.0
1777890507.1713324,-5.0,1.0,-80.0
1777890507.1813323,-4.0,1.0,-83.0
1777890507.1913323,-2.0,6.0,-82.0
1777890507.2013323,0.0,6.0,-81.0
1777890507.2113323,0.0,4.0,-89.0
1777890507.2213323,0.0,-4.0,-89.0
1777890507.2313323,0.0,-4.0,-84.0
1777890507.2413323,1.0,-4.0,-87.0
1777890507.2513323,4.0,-1.0,-87.0
1777890507.2613325,1.0,-4.0,-88.0
1777890507.2713325,4.0,-4.0,-91.0
1777890507.2813325,1.0,-6.0,-93.0
1777890507.2913325,3.0,-3.0,-78.0
1777890507.3013325,-2.0,-1.0,-81.0
1777890507.3113325,0.0,-4.0,-81.0
1777890507.3213325,0.0,-3.0,-74.0
1777890507.3313324,0.0,-2.0,-65.0
1777890507.3413324,5.0,0.0,-64.0
1777890507.3513324,5.0,0.0,-56.0
1777890507.3613324,4.0,-6.0,-57.0
1777890507.3713324,0.0,-5.0,-61.0
1777890507.3813324,-1.0,-1.0,-64.0
1777890507.3913324,1.0,-2.0,-61.0
1777890507.4013324,4.0,-2.0,-62.0
1777890507.4113324,4.0,-1.0,-66.0
1777890507.4213324,2.0,-2.0,-70.0
1777890507.4313323,4.0,-1.0,-75.0
1777890507.4413323,7.0,-2.0,-76.0
1777890507.4513323,5.0,0.0,-72.0
1777890507.4613323,4.0,0.0,-80.0
1777890507.4713323,0.0,-1.0,-80.0
1777890507.4813323,2.0,-1.0,-77.0
1777890507.4913323,0.0,-7.0,-72.0
1777890507.5013323,-1.0,-7.0,-65.0
1777890507.5113325,-3.0,-8.0,-68.0
1777890507.5213325,-3.0,-7.0,-69.0
1777890507.5313325,1.0,-8.0,-75.0
1777890507.5413325,0.0,-11.0,-68.0
1777890507.5513325,-4.0,-9.0,-61.0
1777890507.5613325,-4.0,-7.0,-67.0
1777890507.5713325,-4.0,-2.0,-65.0
1777890507.5813324,0.0,-3.0,-69.0
1777890507.5913324,0.0,-4.0,-68.0
1777890507.6013324,-4.0,-4.0,-74.0
1777890507.6113324,-2.0,-3.0,-79.0
1777890507.6213324,-2.0,-3.0,-82.0
1777890507.6313324,2.0,-2.0,-79.0
1777890507.6413324,3.0,-5.0,-70.0
1777890507.6513324,5.0,-1.0,-76.0
1777890507.6613324,6.0,1.0,-80.0
1777890507.6713324,8.0,1.0,-74.0
1777890507.6813323,6.0,1.0,-70.0
1777890507.6913323,4.0,0.0,-70.0
1777890507.7013323,3.0,-2.0,-75.0
1777890507.7113323,0.0,-2.0,-72.0
1777890507.7213323,0.0,0.0,-64.0
1777890507.7313323,4.0,0.0,-68.0
1777890507.7413323,2.0,-1.0,-74.0
1777890507.7513323,1.0,0.0,-76.0
1777890507.7613325,1.0,-1.0,-71.0
1777890507.7713325,4.0,-6.0,-72.0
1777890507.7813325,7.0,-7.0,-75.0
1777890507.7913325,5.0,-10.0,-72.0
1777890507.8013325,5.0,-8.0,-73.0
1777890507.8113325,1.0,-4.0,-70.0
1777890507.8213325,1.0,-4.0,-64.0
1777890507.8313324,1.0,-5.0,-71.0
1777890507.8413324,-3.0,0.0,-74.0
1777890507.8513324,-4.0,-5.0,-73.0
1777890507.8613324,-5.0,-1.0,-72.0
1777890507.8713324,-5.0,-2.0,-76.0
1777890507.8813324,-5.0,0.0,-79.0
1777890507.8913324,-6.0,3.0,-77.0
1777890507.9013324,-6.0,3.0,-78.0
1777890507.9113324,-5.0,1.0,-79.0
1777890507.9213324,-1.0,2.0,-80.0
1777890507.9313323,-3.0,-2.0,-72.0
1777890507.9413323,-1.0,-4.0,-74.0
1777890507.9513323,-2.0,-4.0,-69.0
1777890507.9613323,-1.0,-5.0,-76.0
1777890507.9713323,0.0,-1.0,-71.0
1777890507.9813323,0.0,-4.0,-72.0
1777890507.9913323,3.0,-3.0,-72.0
1777890508.0013323,5.0,-3.0,-68.0
1777890508.0113325,5.0,-2.0,-74.0
1777890508.0213325,5.0,-2.0,-77.0
1777890508.0313325,7.0,-2.0,-70.0
1777890508.0413325,3.0,-1.0,-61.0
1777890508.0513325,3.0,0.0,-64.0
1777890508.0613325,0.0,0.0,-67.0
1777890508.0713325,1.0,3.0,-63.0
1777890508.0813324,6.0,2.0,-61.0
1777890508.0913324,6.0,2.0,-61.0
1777890508.1013324,8.0,0.0,-67.0
1777890508.1113324,8.0,0.0,-71.0
1777890508.1213324,6.0,-1.0,-73.0
1777890508.1323323,2.0,-1.0,-76.0
1777890508.1413324,2.0,-3.0,-77.0
1777890508.1513324,3.0,-2.0,-76.0
1777890508.1613324,1.0,-3.0,-77.0
1777890508.1713324,0.0,-3.0,-77.0
1777890508.1823325,6.0,0.0,-78.0
1777890508.1923325,2.0,-2.0,-76.0
1777890508.2023325,5.0,-5.0,-79.0
1777890508.2123325,3.0,-6.0,-73.0
1777890508.2223325,0.0,-6.0,-71.0
1777890508.2323325,0.0,-5.0,-74.0
1777890508.2423325,-5.0,-2.0,-77.0
1777890508.2523324,-1.0,-1.0,-77.0
1777890508.2623324,-4.0,-3.0,-72.0
1777890508.2723324,-3.0,-2.0,-77.0
1777890508.2823324,-4.0,-2.0,-83.0
1777890508.2923324,-2.0,0.0,-84.0
1777890508.3023324,0.0,-1.0,-87.0
1777890508.3123324,1.0,-1.0,-83.0
1777890508.3223324,-2.0,0.0,-85.0
1777890508.3323324,-2.0,-1.0,-82.0
1777890508.3423324,0.0,-3.0,-79.0
1777890508.3523324,-1.0,4.0,-74.0
1777890508.3623323,-1.0,5.0,-78.0
1777890508.3723323,0.0,3.0,-78.0
1777890508.3823323,-1.0,1.0,-76.0
1777890508.3923323,0.0,0.0,-76.0
1777890508.4023323,3.0,1.0,-75.0
1777890508.4123323,0.0,0.0,-74.0
1777890508.4223323,0.0,1.0,-70.0
1777890508.4323325,0.0,2.0,-74.0
1777890508.4423325,0.0,2.0,-80.0
1777890508.4523325,5.0,-1.0,-83.0
1777890508.4623325,9.0,0.0,-87.0
1777890508.4723325,7.0,0.0,-85.0
1777890508.4823325,4.0,0.0,-77.0
1777890508.4923325,6.0,-7.0,-78.0
1777890508.5023324,5.0,-9.0,-77.0
1777890508.5123324,3.0,-7.0,-75.0
1777890508.5223324,1.0,-7.0,-69.0
1777890508.5323324,4.0,-2.0,-63.0
1777890508.5423324,5.0,-2.0,-55.0
1777890508.5523324,6.0,3.0,-61.0
1777890508.5623324,7.0,5.0,-63.0
1777890508.5723324,2.0,6.0,-64.0
1777890508.5823324,0.0,5.0,-63.0
1777890508.5923324,3.0,0.0,-62.0
1777890508.6023324,1.0,-2.0,-62.0
1777890508.6123323,0.0,-1.0,-60.0
1777890508.6223323,1.0,-1.0,-64.0
1777890508.6323323,4.0,-5.0,-67.0
1777890508.6423323,4.0,0.0,-69.0
1777890508.6523323,6.0,-3.0,-76.0
1777890508.6623323,6.0,-4.0,-75.0
1777890508.6723323,10.0,-7.0,-72.0
1777890508.6823325,9.0,-11.0,-78.0
1777890508.6923325,5.0,-9.0,-77.0
1777890508.7023325,3.0,-4.0,-76.0
1777890508.7123325,1.0,-2.0,-78.0
1777890508.7223325,0.0,0.0,-86.0
1777890508.7323325,0.0,0.0,-83.0
1777890508.7423325,3.0,3.0,-80.0
1777890508.7523324,5.0,2.0,-82.0
1777890508.7623324,7.0,0.0,-82.0
1777890508.7723324,7.0,-1.0,-81.0
1777890508.7823324,3.0,2.0,-85.0
1777890508.7923324,2.0,4.0,-87.0
1777890508.8023324,2.0,4.0,-85.0
1777890508.8123324,3.0,-2.0,-78.0
1777890508.8223324,1.0,-4.0,-73.0
1777890508.8323324,2.0,-2.0,-75.0
1777890508.8423324,2.0,-4.0,-73.0
1777890508.8523324,3.0,-2.0,-75.0
1777890508.8623323,3.0,-1.0,-76.0
1777890508.8723323,1.0,0.0,-75.0
1777890508.8823323,0.0,1.0,-84.0
1777890508.8923323,0.0,4.0,-86.0
1777890508.9023323,2.0,8.0,-87.0
1777890508.9123323,2.0,5.0,-85.0
1777890508.9223323,0.0,6.0,-83.0
1777890508.9323325,-5.0,8.0,-81.0
1777890508.9423325,-5.0,7.0,-81.0
1777890508.9523325,-6.0,9.0,-88.0
1777890508.9623325,-5.0,6.0,-90.0
1777890508.9723325,-4.0,3.0,-91.0
1777890508.9823325,-6.0,2.0,-91.0
1777890508.9923325,-10.0,3.0,-81.0
1777890509.0023324,-10.0,3.0,-77.0
1777890509.0123324,-10.0,1.0,-77.0
1777890509.0223324,-6.0,0.0,-78.0
1777890509.0323324,-7.0,0.0,-74.0
1777890509.0423324,-5.0,2.0,-74.0
1777890509.0523324,0.0,1.0,-70.0
1777890509.0623324,4.0,2.0,-68.0
1777890509.0723324,1.0,2.0,-71.0
1777890509.0823324,2.0,4.0,-71.0
1777890509.0923324,4.0,2.0,-75.0
1777890509.1023324,6.0,4.0,-78.0
1777890509.1123323,2.0,3.0,-80.0
1777890509.1223323,0.0,3.0,-81.0
1777890509.1323323,5.0,1.0,-81.0
1777890509.1423323,8.0,0.0,-78.0
1777890509.1523323,8.0,4.0,-72.0
1777890509.1623323,5.0,2.0,-72.0
1777890509.1723323,2.0,1.0,-81.0
1777890509.1823325,5.0,1.0,-88.0
1777890509.1923325,2.0,1.0,-87.0
1777890509.2023325,2.0,-1.0,-80.0
1777890509.2123325,2.0,-6.0,-76.0
1777890509.2223325,5.0,-5.0,-74.0
1777890509.2323325,3.0,-5.0,-75.0
1777890509.2423325,0.0,-3.0,-80.0
1777890509.2523324,0.0,-3.0,-79.0
1777890509.2623324,-2.0,-1.0,-80.0
1777890509.2723324,-1.0,0.0,-73.0
1777890509.2823324,0.0,0.0,-72.0
1777890509.2923324,-1.0,0.0,-73.0
1777890509.3023324,0.0,0.0,-74.0
1777890509.3123324,0.0,-6.0,-80.0
1777890509.3223324,-2.0,-9.0,-81.0
1777890509.3323324,-5.0,-7.0,-78.0
1777890509.3423324,-5.0,-6.0,-79.0
1777890509.3523324,-2.0,-1.0,-75.0
1777890509.3623323,-1.0,-1.0,-78.0
1777890509.3723323,-2.0,-8.0,-80.0
1777890509.3823323,-2.0,-13.0,-79.0
1777890509.3923323,-2.0,-11.0,-80.0
1777890509.4023323,-1.0,-5.0,-86.0
1777890509.4123323,0.0,-4.0,-80.0
1777890509.4223323,-2.0,-1.0,-88.0
1777890509.4323325,2.0,-2.0,-86.0
1777890509.4423325,2.0,-4.0,-84.0
1777890509.4523325,-1.0,-3.0,-81.0
1777890509.4623325,-3.0,-1.0,-81.0
1777890509.4723325,-2.0,-5.0,-76.0
1777890509.4823325,-5.0,-2.0,-76.0
1777890509.4923325,-5.0,-7.0,-74.0
1777890509.5023324,-1.0,-2.0,-68.0
1777890509.5123324,-2.0,-3.0,-66.0
1777890509.5223324,1.0,0.0,-70.0
1777890509.5323324,4.0,3.0,-70.0
1777890509.5423324,1.0,1.0,-75.0
1777890509.5523324,3.0,1.0,-71.0
1777890509.5623324,0.0,-1.0,-67.0
1777890509.5723324,-4.0,-1.0,-67.0
1777890509.5823324,-4.0,-2.0,-69.0
1777890509.5923324,-4.0,-4.0,-67.0
1777890509.6023324,-3.0,-4.0,-66.0
1777890509.6123323,-1.0,0.0,-73.0
1777890509.6223323,-3.0,1.0,-68.0
1777890509.6323323,-4.0,0.0,-69.0
1777890509.6423323,-5.0,0.0,-63.0
1777890509.6523323,-3.0,-4.0,-66.0
1777890509.6623323,0.0,-3.0,-68.0
1777890509.6723323,5.0,1.0,-70.0
1777890509.6823325,2.0,0.0,-69.0
1777890509.6923325,5.0,-1.0,-71.0
1777890509.7023325,4.0,0.0,-71.0
1777890509.7123325,1.0,0.0,-67.0
1777890509.7223325,-1.0,-3.0,-71.0
1777890509.7323325,-1.0,0.0,-75.0
1777890509.7423325,0.0,2.0,-74.0
1777890509.7523324,0.0,2.0,-68.0
1777890509.7623324,-1.0,0.0,-64.0
1777890509.7723324,2.0,1.0,-68.0
1777890509.7823324,1.0,4.0,-72.0
1777890509.7923324,0.0,0.0,-76.0
1777890509.8023324,-3.0,1.0,-80.0
1777890509.8123324,-5.0,3.0,-83.0
1777890509.8223324,-3.0,3.0,-82.0
1777890509.8323324,0.0,5.0,-78.0
1777890509.8423324,0.0,2.0,-77.0
1777890509.8523324,3.0,0.0,-84.0
1777890509.8623323,5.0,0.0,-82.0
1777890509.8723323,3.0,1.0,-77.0
1777890509.8823323,4.0,2.0,-76.0
1777890509.8923323,2.0,-1.0,-80.0
1777890509.9023323,-1.0,-2.0,-88.0
1777890509.9123323,-2.0,0.0,-82.0
1777890509.9223323,-1.0,-1.0,-82.0
1777890509.9323325,-1.0,0.0,-77.0
1777890509.9423325,4.0,2.0,-82.0
1777890509.9523325,2.0,1.0,-78.0
1777890509.9623325,1.0,-4.0,-76.0
1777890509.9723325,-1.0,-4.0,-78.0
1777890509.9823325,0.0,-3.0,-84.0
1777890509.9923325,-1.0,-4.0,-90.0
1777890510.0023324,0.0,-1.0,-85.0
1777890510.0123324,1.0,1.0,-78.0
1777890510.0223324,5.0,-1.0,-75.0
1777890510.0323324,1.0,0.0,-71.0
1777890510.0423324,0.0,3.0,-67.0
1777890510.0523324,2.0,2.0,-68.0
1777890510.0623324,-2.0,0.0,-62.0
1777890510.0723324,-3.0,-2.0,-68.0
1777890510.0823324,-2.0,-3.0,-75.0
1777890510.0923324,-2.0,-9.0,-79.0
1777890510.1023324,-4.0,-8.0,-84.0
1777890510.1123323,-6.0,-5.0,-82.0
1777890510.1223323,-7.0,-4.0,-76.0
1777890510.1323323,-7.0,-2.0,-66.0
1777890510.1433325,-4.0,0.0,-72.0
1777890510.1523323,-3.0,0.0,-74.0
1777890510.1633325,-2.0,-2.0,-75.0
1777890510.1733325,1.0,-1.0,-76.0
1777890510.1833324,0.0,-3.0,-79.0
1777890510.1933324,0.0,-1.0,-75.0
1777890510.2033324,2.0,-1.0,-67.0
1777890510.2133324,0.0,-3.0,-65.0
1777890510.2233324,-3.0,-2.0,-68.0
1777890510.2333324,-2.0,0.0,-68.0
1777890510.2433324,-1.0,0.0,-69.0
1777890510.2523324,-4.0,3.0,-76.0
1777890510.2633324,-3.0,-1.0,-77.0
1777890510.2733324,-5.0,-9.0,-80.0
1777890510.2833323,-4.0,-13.0,-76.0
1777890510.2933323,-1.0,-14.0,-77.0
1777890510.3033323,0.0,-6.0,-75.0
1777890510.3133323,0.0,-4.0,-77.0
1777890510.3233323,-2.0,-2.0,-78.0
1777890510.3333323,-2.0,3.0,-73.0
1777890510.3433323,-1.0,8.0,-73.0
1777890510.3533323,2.0,8.0,-68.0
1777890510.3633325,3.0,6.0,-71.0
1777890510.3733325,2.0,8.0,-73.0
1777890510.3833325,5.0,8.0,-69.0
1777890510.3933325,9.0,5.0,-70.0
1777890510.4033325,5.0,1.0,-73.0
1777890510.4133325,2.0,0.0,-75.0
1777890510.4233325,2.0,0.0,-78.0
1777890510.4333324,5.0,-1.0,-79.0
1777890510.4433324,3.0,-2.0,-82.0
1777890510.4533324,1.0,-4.0,-77.0
1777890510.4633324,7.0,-4.0,-76.0
1777890510.4733324,9.0,-5.0,-80.0
1777890510.4833324,7.0,-10.0,-78.0
1777890510.4933324,2.0,-9.0,-80.0
1777890510.5033324,3.0,-14.0,-79.0
1777890510.5133324,1.0,-13.0,-76.0
1777890510.5233324,2.0,-8.0,-73.0
1777890510.5333323,4.0,-9.0,-75.0
1777890510.5433323,-1.0,-10.0,-69.0
1777890510.5533323,-3.0,-7.0,-68.0
1777890510.5633323,2.0,-4.0,-73.0
1777890510.5733323,4.0,-6.0,-76.0
1777890510.5833323,3.0,-11.0,-73.0
1777890510.5933323,8.0,-13.0,-73.0
1777890510.6033323,5.0,-9.0,-75.0
1777890510.6133325,3.0,-9.0,-74.0
1777890510.6233325,0.0,-9.0,-74.0
1777890510.6333325,-2.0,-9.0,-79.0
1777890510.6433325,0.0,-11.0,-78.0
1777890510.6533325,-5.0,-8.0,-70.0
1777890510.6633325,-6.0,-7.0,-65.0
1777890510.6733325,-8.0,0.0,-72.0
1777890510.6843324,-7.0,0.0,-81.0
1777890510.6933324,-4.0,1.0,-82.0
1777890510.7033324,-5.0,0.0,-77.0
1777890510.7133324,-2.0,0.0,-72.0
1777890510.7233324,-2.0,-3.0,-78.0
1777890510.7333324,0.0,-4.0,-77.0
1777890510.7433324,-3.0,-4.0,-68.0
1777890510.7533324,-2.0,-4.0,-66.0
1777890510.7633324,1.0,-3.0,-67.0
1777890510.7733324,1.0,-4.0,-71.0
1777890510.7833323,4.0,-2.0,-72.0
1777890510.7933323,7.0,-5.0,-70.0
1777890510.8033323,6.0,-3.0,-80.0
1777890510.8133323,2.0,-5.0,-81.0
1777890510.8233323,1.0,-3.0,-73.0
1777890510.8333323,1.0,-2.0,-71.0
1777890510.8433323,0.0,0.0,-63.0
1777890510.8533323,2.0,0.0,-67.0
1777890510.8633325,3.0,0.0,-67.0
1777890510.8733325,3.0,1.0,-64.0
1777890510.8833325,0.0,0.0,-66.0
1777890510.8933325,-3.0,-1.0,-71.0
1777890510.9033325,-4.0,0.0,-74.0
1777890510.9133325,-1.0,0.0,-82.0
1777890510.9233325,0.0,1.0,-74.0
1777890510.9333324,4.0,-1.0,-73.0
1777890510.9433324,6.0,0.0,-73.0
1777890510.9533324,9.0,-2.0,-73.0
1777890510.9633324,10.0,-3.0,-74.0
1777890510.9733324,7.0,-4.0,-78.0
1777890510.9833324,7.0,-1.0,-82.0
1777890510.9933324,1.0,-2.0,-87.0
1777890511.0033324,0.0,-4.0,-84.0
1777890511.0133324,2.0,-5.0,-87.0
1777890511.0233324,4.0,-4.0,-87.0
1777890511.0333323,5.0,-2.0,-78.0
1777890511.0433323,3.0,-2.0,-79.0
1777890511.0533323,0.0,-2.0,-72.0
1777890511.0633323,0.0,-1.0,-72.0
1777890511.0733323,0.0,-2.0,-70.0
1777890511.0833323,-1.0,-4.0,-66.0
1777890511.0933323,0.0,-7.0,-67.0
1777890511.1033323,-7.0,-8.0,-80.0
1777890511.1133325,-7.0,-9.0,-83.0
1777890511.1233325,-4.0,-3.0,-85.0
1777890511.1333325,-2.0,-6.0,-84.0
1777890511.1433325,-1.0,-8.0,-80.0
1777890511.1533325,-2.0,-8.0,-79.0
1777890511.1633325,-3.0,-6.0,-83.0
1777890511.1733325,-5.0,-4.0,-74.0
1777890511.1833324,-1.0,-5.0,-78.0
1777890511.1933324,0.0,-4.0,-77.0
1777890511.2033324,0.0,0.0,-81.0
1777890511.2133324,1.0,-2.0,-79.0
1777890511.2233324,-2.0,-3.0,-81.0
1777890511.2333324,-5.0,-5.0,-75.0
1777890511.2433324,-4.0,-7.0,-72.0
1777890511.2533324,-1.0,-7.0,-66.0
1777890511.2633324,0.0,-8.0,-68.0
1777890511.2733324,-2.0,-5.0,-67.0
1777890511.2833323,1.0,-5.0,-64.0
1777890511.2933323,-2.0,-2.0,-61.0
1777890511.3033323,2.0,3.0,-63.0
1777890511.3133323,3.0,3.0,-61.0
1777890511.3233323,2.0,4.0,-62.0
1777890511.3333323,1.0,8.0,-70.0
1777890511.3433323,0.0,3.0,-67.0
1777890511.3533323,2.0,4.0,-67.0
1777890511.3633325,5.0,5.0,-73.0
1777890511.3733325,1.0,5.0,-75.0
1777890511.3833325,3.0,3.0,-75.0
1777890511.3933325,4.0,3.0,-72.0
1777890511.4033325,5.0,0.0,-76.0
1777890511.4133325,3.0,3.0,-82.0
1777890511.4233325,2.0,6.0,-81.0
1777890511.4333324,3.0,3.0,-82.0
1777890511.4433324,3.0,6.0,-85.0
1777890511.4533324,2.0,7.0,-78.0
1777890511.4633324,-1.0,8.0,-76.0
1777890511.4733324,1.0,1.0,-77.0
1777890511.4833324,1.0,1.0,-77.0
1777890511.4933324,7.0,5.0,-67.0
1777890511.5033324,12.0,3.0,-67.0
1777890511.5133324,11.0,2.0,-66.0
1777890511.5233324,10.0,0.0,-57.0
1777890511.5333323,9.0,0.0,-64.0
1777890511.5433323,7.0,-2.0,-71.0
1777890511.5533323,3.0,-7.0,-77.0
1777890511.5633323,4.0,-2.0,-79.0
1777890511.5733323,3.0,0.0,-77.0
1777890511.5833323,2.0,1.0,-77.0
1777890511.5933323,1.0,2.0,-78.0
1777890511.6033323,0.0,2.0,-83.0
1777890511.6133325,5.0,2.0,-83.0
1777890511.6233325,4.0,-1.0,-81.0
1777890511.6333325,6.0,-1.0,-81.0
1777890511.6433325,6.0,0.0,-76.0
1777890511.6533325,5.0,-3.0,-71.0
1777890511.6633325,4.0,-2.0,-72.0
1777890511.6733325,2.0,-1.0,-74.0
1777890511.6833324,0.0,-2.0,-75.0
1777890511.6933324,1.0,-1.0,-75.0
1777890511.7033324,0.0,-1.0,-73.0
1777890511.7133324,0.0,1.0,-70.0
1777890511.7233324,-3.0,0.0,-65.0
1777890511.7333324,-1.0,1.0,-65.0
1777890511.7433324,0.0,0.0,-67.0
1777890511.7533324,2.0,-1.0,-65.0
1777890511.7633324,3.0,1.0,-67.0
1777890511.7733324,-3.0,3.0,-65.0
1777890511.7833323,-3.0,3.0,-66.0
1777890511.7933323,1.0,5.0,-75.0
1777890511.8033323,-1.0,4.0,-77.0
1777890511.8133323,-5.0,-2.0,-74.0
1777890511.8233323,-2.0,-7.0,-83.0
1777890511.8333323,-1.0,-7.0,-81.0
1777890511.8433323,2.0,-10.0,-76.0
1777890511.8533323,3.0,-9.0,-75.0
1777890511.8633325,2.0,-9.0,-74.0
1777890511.8733325,-4.0,-9.0,-75.0
1777890511.8833325,-6.0,-4.0,-77.0
1777890511.8933325,-2.0,-4.0,-76.0
1777890511.9033325,-3.0,-5.0,-81.0
1777890511.9133325,-2.0,-9.0,-77.0
1777890511.9233325,2.0,-8.0,-82.0
1777890511.9333324,2.0,-9.0,-80.0
1777890511.9433324,3.0,-11.0,-77.0
1777890511.9533324,0.0,-13.0,-73.0
1777890511.9633324,-5.0,-15.0,-76.0
1777890511.9733324,-3.0,-9.0,-76.0
1777890511.9833324,-4.0,-8.0,-76.0
1777890511.9933324,-1.0,-6.0,-71.0
1777890512.0033324,-6.0,-5.0,-67.0
1777890512.0133324,-4.0,-2.0,-71.0
1777890512.0233324,-4.0,-1.0,-68.0
1777890512.0333323,1.0,0.0,-72.0
1777890512.0433323,2.0,0.0,-68.0
1777890512.0533323,3.0,-4.0,-68.0
1777890512.0633323,4.0,-2.0,-69.0
1777890512.0733323,3.0,-3.0,-67.0
1777890512.0833323,5.0,-2.0,-70.0
1777890512.0933323,5.0,-2.0,-64.0
1777890512.1033323,0.0,0.0,-68.0
1777890512.1133325,-1.0,-4.0,-68.0
1777890512.1233325,-1.0,2.0,-73.0
1777890512.1333325,-4.0,0.0,-75.0
1777890512.1433325,-4.0,-3.0,-71.0
1777890512.1543324,-4.0,-5.0,-70.0
1777890512.1643324,-1.0,-5.0,-73.0
1777890512.1743324,-2.0,-3.0,-69.0
1777890512.1843324,-6.0,0.0,-70.0
1777890512.1943324,-1.0,1.0,-73.0
1777890512.2043324,-5.0,1.0,-77.0
1777890512.2143323,-2.0,-3.0,-74.0
1777890512.2243323,-2.0,0.0,-71.0
1777890512.2343323,2.0,-1.0,-68.0
1777890512.2443323,3.0,-4.0,-74.0
1777890512.2543323,5.0,1.0,-79.0
1777890512.2643323,-1.0,1.0,-79.0
1777890512.2743323,-1.0,2.0,-75.0
1777890512.2843325,-3.0,2.0,-71.0
1777890512.2943325,0.0,2.0,-67.0
1777890512.3043325,0.0,0.0,-64.0
1777890512.3143325,2.0,-4.0,-64.0
1777890512.3243325,0.0,-6.0,-66.0
1777890512.3343325,0.0,-6.0,-68.0
1777890512.3443325,0.0,-8.0,-76.0
1777890512.3543324,-2.0,-9.0,-70.0
1777890512.3643324,-2.0,-7.0,-68.0
1777890512.3743324,0.0,-9.0,-69.0
1777890512.3843324,0.0,0.0,-69.0
1777890512.3943324,0.0,-1.0,-64.0
1777890512.4043324,2.0,-5.0,-72.0
1777890512.4143324,1.0,-7.0,-67.0
1777890512.4243324,0.0,-10.0,-68.0
1777890512.4343324,-3.0,-10.0,-67.0
1777890512.4443324,0.0,-4.0,-65.0
1777890512.4543324,1.0,-2.0,-62.0
1777890512.4643323,4.0,-3.0,-62.0
1777890512.4743323,9.0,-5.0,-64.0
1777890512.4843323,14.0,-9.0,-70.0
1777890512.4943323,9.0,-8.0,-71.0
1777890512.5043323,2.0,-8.0,-74.0
1777890512.5143323,1.0,-6.0,-73.0
1777890512.5243323,2.0,-4.0,-73.0
1777890512.5343325,0.0,-2.0,-75.0
1777890512.5443325,-4.0,-4.0,-73.0
1777890512.5543325,-5.0,-6.0,-76.0
1777890512.5643325,0.0,-6.0,-76.0
1777890512.5743325,1.0,-6.0,-79.0
1777890512.5843325,0.0,-2.0,-71.0
1777890512.5943325,0.0,-2.0,-66.0
1777890512.6043324,1.0,-3.0,-73.0
1777890512.6143324,-2.0,-3.0,-76.0
1777890512.6243324,-5.0,-1.0,-75.0
1777890512.6343324,-1.0,0.0,-74.0
1777890512.6443324,-3.0,2.0,-84.0
1777890512.6543324,-4.0,3.0,-91.0
1777890512.6643324,-3.0,1.0,-87.0
1777890512.6743324,-4.0,-1.0,-79.0
1777890512.6843324,-7.0,0.0,-77.0
1777890512.6943324,-8.0,0.0,-77.0
1777890512.7043324,-8.0,4.0,-74.0
1777890512.7143323,-6.0,3.0,-75.0
1777890512.7243323,-6.0,0.0,-82.0
1777890512.7343323,-5.0,0.0,-82.0
1777890512.7443323,-2.0,1.0,-80.0
1777890512.7543323,1.0,2.0,-83.0
1777890512.7643323,0.0,0.0,-74.0
1777890512.7743323,0.0,0.0,-75.0
1777890512.7843325,-1.0,-3.0,-79.0
1777890512.7943325,-1.0,-2.0,-77.0
1777890512.8043325,-4.0,-3.0,-65.0
1777890512.8143325,-3.0,-2.0,-65.0
1777890512.8243325,-3.0,-2.0,-68.0
1777890512.8343325,-1.0,-1.0,-75.0
1777890512.8443325,0.0,0.0,-74.0
1777890512.8543324,0.0,-1.0,-73.0
1777890512.8643324,-2.0,-3.0,-71.0
1777890512.8743324,0.0,-2.0,-73.0
1777890512.8843324,0.0,-2.0,-68.0
1777890512.8943324,2.0,-5.0,-72.0
1777890512.9043324,0.0,0.0,-71.0
1777890512.9143324,-5.0,0.0,-67.0
1777890512.9243324,-8.0,-1.0,-71.0
1777890512.9343324,-7.0,0.0,-78.0
1777890512.9443324,-5.0,-3.0,-81.0
1777890512.9543324,-7.0,-3.0,-82.0
1777890512.9643323,-8.0,-2.0,-79.0
1777890512.9743323,-9.0,-1.0,-77.0
1777890512.9843323,-1.0,-2.0,-79.0
1777890512.9943323,-2.0,-4.0,-83.0
1777890513.0043323,-5.0,-4.0,-88.0
1777890513.0143323,-8.0,-5.0,-89.0
1777890513.0243323,-9.0,-5.0,-84.0
1777890513.0343325,-6.0,-3.0,-79.0
1777890513.0443325,-8.0,-4.0,-77.0
1777890513.0543325,-9.0,-3.0,-74.0
1777890513.0643325,-9.0,-6.0,-73.0
1777890513.0743325,-4.0,-8.0,-78.0
1777890513.0843325,-3.0,-4.0,-77.0
1777890513.0943325,-6.0,-3.0,-73.0
1777890513.1043324,-5.0,-3.0,-74.0
1777890513.1143324,-5.0,-3.0,-70.0
1777890513.1243324,-1.0,-5.0,-76.0
1777890513.1343324,2.0,0.0,-77.0
1777890513.1443324,1.0,-1.0,-75.0
1777890513.1543324,3.0,1.0,-75.0
1777890513.1643324,5.0,2.0,-75.0
1777890513.1743324,6.0,-3.0,-75.0
1777890513.1843324,4.0,-1.0,-78.0
1777890513.1943324,-1.0,0.0,-76.0
1777890513.2043324,0.0,-3.0,-76.0
1777890513.2143323,1.0,-3.0,-75.0
1777890513.2243323,6.0,0.0,-76.0
1777890513.2343323,4.0,-2.0,-75.0
1777890513.2443323,4.0,-2.0,-76.0
1777890513.2543323,6.0,-3.0,-73.0
1777890513.2643323,4.0,-5.0,-66.0
1777890513.2743323,6.0,-4.0,-69.0
1777890513.2843325,5.0,-5.0,-64.0
1777890513.2943325,0.0,-3.0,-70.0
1777890513.3043325,0.0,-3.0,-73.0
1777890513.3143325,-4.0,0.0,-75.0
1777890513.3243325,-6.0,3.0,-74.0
1777890513.3343325,-6.0,0.0,-77.0
1777890513.3443325,-1.0,-3.0,-79.0
1777890513.3543324,-3.0,1.0,-77.0
1777890513.3643324,-4.0,-2.0,-79.0
1777890513.3743324,-5.0,-3.0,-77.0
1777890513.3843324,-4.0,-3.0,-83.0
1777890513.3943324,-3.0,-1.0,-73.0
1777890513.4043324,-1.0,-1.0,-71.0
1777890513.4143324,2.0,0.0,-77.0
1777890513.4243324,3.0,1.0,-76.0
1777890513.4343324,2.0,4.0,-68.0
1777890513.4443324,1.0,7.0,-63.0
1777890513.4543324,3.0,8.0,-61.0
1777890513.4643323,4.0,3.0,-61.0
1777890513.4743323,-3.0,1.0,-62.0
1777890513.4843323,-1.0,-1.0,-69.0
1777890513.4943323,0.0,0.0,-69.0
1777890513.5043323,1.0,1.0,-65.0
1777890513.5143323,-1.0,5.0,-67.0
1777890513.5243323,0.0,7.0,-71.0
1777890513.5343325,0.0,3.0,-76.0
1777890513.5443325,1.0,0.0,-78.0
1777890513.5543325,-1.0,1.0,-75.0
1777890513.5643325,-1.0,5.0,-77.0
1777890513.5743325,-1.0,4.0,-80.0
1777890513.5843325,2.0,2.0,-84.0
1777890513.5943325,0.0,1.0,-80.0
1777890513.6043324,0.0,1.0,-76.0
1777890513.6143324,4.0,0.0,-74.0
1777890513.6243324,3.0,0.0,-75.0
1777890513.6343324,1.0,-4.0,-64.0
1777890513.6443324,-3.0,-5.0,-70.0
1777890513.6543324,-5.0,-3.0,-71.0
1777890513.6643324,0.0,-5.0,-74.0
1777890513.6743324,2.0,-4.0,-74.0
1777890513.6843324,3.0,-3.0,-77.0
1777890513.6943324,2.0,-3.0,-76.0
1777890513.7043324,2.0,-3.0,-75.0
1777890513.7143323,-1.0,-1.0,-71.0
1777890513.7243323,0.0,2.0,-71.0
1777890513.7343323,0.0,4.0,-72.0
1777890513.7443323,-1.0,1.0,-74.0
1777890513.7543323,-2.0,0.0,-70.0
1777890513.7643323,-2.0,-1.0,-66.0
1777890513.7743323,-2.0,0.0,-71.0
1777890513.7843325,-1.0,-3.0,-73.0
1777890513.7943325,0.0,-3.0,-75.0
1777890513.8043325,2.0,-1.0,-75.0
1777890513.8143325,0.0,-2.0,-84.0
1777890513.8243325,4.0,-4.0,-86.0
1777890513.8343325,3.0,0.0,-87.0
1777890513.8443325,-1.0,2.0,-78.0
1777890513.8543324,-1.0,3.0,-74.0
1777890513.8643324,0.0,5.0,-77.0
1777890513.8743324,4.0,5.0,-74.0
1777890513.8843324,6.0,5.0,-73.0
1777890513.8943324,9.0,8.0,-76.0
1777890513.9043324,11.0,6.0,-78.0
1777890513.9143324,9.0,4.0,-75.0
1777890513.9243324,1.0,2.0,-70.0
1777890513.9343324,0.0,0.0,-74.0
1777890513.9443324,-5.0,-3.0,-75.0
1777890513.9543324,-8.0,-2.0,-77.0
1777890513.9643323,-8.0,0.0,-72.0
1777890513.9743323,-7.0,2.0,-69.0
1777890513.9843323,-3.0,2.0,-69.0
1777890513.9943323,-7.0,2.0,-66.0
1777890514.0043323,-3.0,0.0,-65.0
1777890514.0143323,-5.0,6.0,-73.0
1777890514.0243323,-3.0,4.0,-72.0
1777890514.0343325,-2.0,3.0,-67.0
1777890514.0443325,-4.0,3.0,-68.0
1777890514.0543325,-3.0,1.0,-68.0
1777890514.0643325,-1.0,0.0,-64.0
1777890514.0743325,0.0,0.0,-67.0
1777890514.0843325,1.0,-2.0,-73.0
1777890514.0953324,1.0,0.0,-76.0
1777890514.1043324,0.0,3.0,-79.0
1777890514.1153324,0.0,2.0,-78.0
1777890514.1253324,1.0,0.0,-79.0
1777890514.1353323,-1.0,-2.0,-78.0
1777890514.1453323,3.0,-4.0,-91.0
1777890514.1553323,6.0,-4.0,-92.0
1777890514.1653323,3.0,-5.0,-91.0
1777890514.1753323,0.0,-4.0,-84.0
1777890514.1853323,-1.0,-2.0,-77.0
1777890514.1953323,-4.0,-6.0,-78.0
1777890514.2053325,-2.0,-3.0,-75.0
1777890514.2153325,0.0,-3.0,-74.0
1777890514.2253325,4.0,-6.0,-71.0
1777890514.2353325,1.0,-5.0,-78.0
1777890514.2453325,-3.0,-4.0,-73.0
1777890514.2553325,-1.0,-4.0,-74.0
1777890514.2653325,-6.0,-6.0,-74.0
1777890514.2753325,-10.0,-2.0,-75.0
1777890514.2853324,-3.0,0.0,-71.0
1777890514.2953324,3.0,-2.0,-72.0
1777890514.3053324,0.0,-3.0,-73.0
1777890514.3153324,0.0,-3.0,-74.0
1777890514.3253324,-1.0,-5.0,-78.0
1777890514.3353324,-1.0,-5.0,-81.0
1777890514.3453324,-7.0,-1.0,-74.0
1777890514.3553324,-5.0,-2.0,-74.0
1777890514.3653324,-2.0,0.0,-70.0
1777890514.3753324,-2.0,-6.0,-78.0
1777890514.3853323,2.0,-7.0,-71.0
1777890514.3953323,2.0,-5.0,-69.0
1777890514.4053323,0.0,-5.0,-69.0
1777890514.4153323,4.0,-1.0,-66.0
1777890514.4253323,2.0,-4.0,-73.0
1777890514.4353323,0.0,-5.0,-70.0
1777890514.4453323,1.0,-3.0,-68.0
1777890514.4553325,3.0,-3.0,-76.0
1777890514.4653325,1.0,0.0,-74.0
1777890514.4753325,0.0,0.0,-74.0
1777890514.4853325,0.0,-2.0,-77.0
1777890514.4953325,-1.0,-7.0,-74.0
1777890514.5053325,0.0,-9.0,-79.0
1777890514.5153325,1.0,-9.0,-79.0
1777890514.5253325,2.0,-9.0,-76.0
1777890514.5353324,0.0,-9.0,-76.0
1777890514.5453324,4.0,-7.0,-75.0
1777890514.5553324,3.0,-2.0,-76.0
1777890514.5653324,5.0,-3.0,-72.0
1777890514.5753324,1.0,-1.0,-68.0
1777890514.5853324,-1.0,3.0,-72.0
1777890514.5953324,1.0,1.0,-65.0
1777890514.6053324,0.0,0.0,-64.0
1777890514.6153324,2.0,0.0,-58.0
1777890514.6253324,2.0,1.0,-59.0
1777890514.6353323,5.0,4.0,-67.0
1777890514.6453323,4.0,6.0,-73.0
1777890514.6553323,2.0,0.0,-73.0
1777890514.6653323,1.0,-3.0,-72.0
1777890514.6753323,5.0,-2.0,-73.0
1777890514.6853323,3.0,-5.0,-86.0
1777890514.6953323,2.0,-5.0,-93.0
1777890514.7053325,1.0,0.0,-93.0
1777890514.7153325,0.0,3.0,-91.0
1777890514.7253325,0.0,1.0,-79.0
1777890514.7353325,-4.0,-2.0,-74.0
1777890514.7453325,-3.0,-4.0,-71.0
1777890514.7553325,-6.0,-2.0,-71.0
1777890514.7653325,-3.0,-2.0,-76.0
1777890514.7753325,2.0,-5.0,-77.0
1777890514.7853324,2.0,-5.0,-79.0
1777890514.7953324,1.0,-3.0,-84.0
1777890514.8053324,4.0,-5.0,-87.0
1777890514.8153324,-1.0,-1.0,-89.0
1777890514.8253324,-1.0,1.0,-86.0
1777890514.8353324,3.0,1.0,-87.0
1777890514.8453324,1.0,2.0,-81.0
1777890514.8553324,5.0,5.0,-75.0
1777890514.8653324,6.0,5.0,-73.0
1777890514.8753324,2.0,1.0,-76.0
1777890514.8853323,-3.0,0.0,-82.0
1777890514.8953323,-2.0,2.0,-89.0
1777890514.9053323,-1.0,1.0,-89.0
1777890514.9153323,1.0,-2.0,-87.0
1777890514.9253323,0.0,0.0,-85.0
1777890514.9353323,-2.0,0.0,-86.0
1777890514.9453323,0.0,-2.0,-86.0
1777890514.9553325,1.0,-1.0,-83.0
1777890514.9653325,2.0,4.0,-86.0
1777890514.9753325,2.0,3.0,-90.0
1777890514.9853325,1.0,2.0,-86.0
1777890514.9953325,0.0,2.0,-82.0
1777890515.0053325,-4.0,0.0,-78.0
1777890515.0153325,-4.0,1.0,-65.0
1777890515.0253325,-1.0,0.0,-60.0
1777890515.0353324,-2.0,0.0,-56.0
1777890515.0453324,0.0,0.0,-56.0
1777890515.0553324,-1.0,-1.0,-55.0
1777890515.0653324,-1.0,-2.0,-63.0
1777890515.0753324,-1.0,-10.0,-64.0
1777890515.0853324,-1.0,-4.0,-63.0
1777890515.0953324,1.0,-6.0,-73.0
1777890515.1053324,1.0,-2.0,-80.0
1777890515.1153324,2.0,-7.0,-82.0
1777890515.1253324,3.0,-7.0,-82.0
1777890515.1353323,6.0,-7.0,-81.0
1777890515.1453323,5.0,-11.0,-83.0
1777890515.1553323,1.0,-10.0,-86.0
1777890515.1653323,1.0,-4.0,-83.0
1777890515.1753323,3.0,0.0,-80.0
1777890515.1853323,3.0,2.0,-84.0
1777890515.1953323,0.0,4.0,-82.0
1777890515.2053325,0.0,3.0,-79.0
1777890515.2153325,1.0,1.0,-75.0
1777890515.2253325,4.0,2.0,-71.0
1777890515.2353325,2.0,2.0,-75.0
1777890515.2453325,0.0,0.0,-73.0
1777890515.2553325,0.0,-7.0,-74.0
1777890515.2653325,0.0,-5.0,-69.0
1777890515.2753325,2.0,-1.0,-71.0
1777890515.2853324,5.0,0.0,-71.0
1777890515.2953324,6.0,0.0,-67.0
1777890515.3053324,4.0,0.0,-68.0
1777890515.3153324,5.0,0.0,-70.0
1777890515.3253324,6.0,-3.0,-67.0
1777890515.3353324,7.0,-2.0,-67.0
1777890515.3453324,5.0,0.0,-74.0
1777890515.3553324,4.0,0.0,-79.0
1777890515.3653324,2.0,0.0,-69.0
1777890515.3753324,3.0,0.0,-67.0
1777890515.3853323,4.0,-1.0,-64.0
1777890515.3953323,-1.0,0.0,-68.0
1777890515.4053323,-2.0,0.0,-73.0
1777890515.4153323,-1.0,-3.0,-72.0
1777890515.4253323,-1.0,-9.0,-73.0
1777890515.4353323,-5.0,-6.0,-73.0
1777890515.4453323,-4.0,-4.0,-73.0
1777890515.4553325,-6.0,-1.0,-75.0
1777890515.4653325,-3.0,0.0,-84.0
1777890515.4753325,-1.0,0.0,-80.0
1777890515.4853325,0.0,0.0,-70.0
1777890515.4953325,1.0,-3.0,-68.0
1777890515.5053325,0.0,-3.0,-67.0
1777890515.5153325,0.0,2.0,-77.0
1777890515.5253325,2.0,11.0,-72.0
1777890515.5353324,2.0,9.0,-79.0
1777890515.5453324,2.0,8.0,-78.0
1777890515.5553324,5.0,4.0,-69.0
1777890515.5653324,2.0,0.0,-71.0
1777890515.5753324,3.0,-1.0,-69.0
1777890515.5853324,2.0,-3.0,-66.0
1777890515.5953324,2.0,-1.0,-62.0
1777890515.6053324,-2.0,-3.0,-69.0
1777890515.6153324,-7.0,-6.0,-76.0
1777890515.6253324,-10.0,-3.0,-73.0
1777890515.6353323,-6.0,-1.0,-65.0
1777890515.6453323,-4.0,-1.0,-66.0
1777890515.6553323,1.0,-1.0,-64.0
1777890515.6653323,3.0,0.0,-67.0
1777890515.6753323,7.0,-2.0,-71.0
1777890515.6853323,0.0,-5.0,-75.0
1777890515.6953323,0.0,-6.0,-81.0
1777890515.7053325,-3.0,-1.0,-80.0
1777890515.7153325,-1.0,1.0,-74.0
1777890515.7253325,-2.0,0.0,-68.0
1777890515.7353325,-1.0,-1.0,-75.0
1777890515.7453325,0.0,1.0,-81.0
1777890515.7553325,-4.0,0.0,-81.0
1777890515.7653325,-6.0,1.0,-80.0
1777890515.7753325,-5.0,0.0,-83.0
1777890515.7853324,-5.0,0.0,-71.0
1777890515.7953324,-7.0,0.0,-65.0
1777890515.8053324,-5.0,0.0,-74.0
1777890515.8153324,-4.0,0.0,-76.0
1777890515.8253324,1.0,0.0,-84.0
1777890515.8353324,5.0,-4.0,-84.0
1777890515.8453324,3.0,-2.0,-83.0
1777890515.8553324,-4.0,-3.0,-79.0
1777890515.8653324,-8.0,-6.0,-71.0
1777890515.8753324,-12.0,-2.0,-74.0
1777890515.8853323,-9.0,1.0,-76.0
1777890515.8953323,-2.0,4.0,-77.0
1777890515.9053323,-1.0,-1.0,-75.0
1777890515.9153323,0.0,-4.0,-74.0
1777890515.9253323,3.0,-2.0,-74.0
1777890515.9353323,2.0,-1.0,-67.0
1777890515.9453323,3.0,0.0,-65.0
1777890515.9553325,0.0,4.0,-61.0
1777890515.9653325,-4.0,5.0,-65.0
1777890515.9753325,-1.0,5.0,-75.0
1777890515.9853325,1.0,5.0,-77.0
1777890515.9953325,2.0,4.0,-83.0
1777890516.0053325,4.0,0.0,-85.0
1777890516.0153325,0.0,-1.0,-87.0
1777890516.0253325,2.0,0.0,-82.0
1777890516.0353324,6.0,1.0,-78.0
1777890516.0453324,8.0,1.0,-69.0
1777890516.0553324,6.0,2.0,-74.0
1777890516.0653324,6.0,-2.0,-69.0
1777890516.0753324,6.0,-7.0,-72.0
1777890516.0853324,3.0,-5.0,-69.0
1777890516.0953324,-1.0,-4.0,-73.0
1777890516.1063323,-2.0,-2.0,-79.0
1777890516.1163323,3.0,0.0,-83.0
1777890516.1263323,0.0,-2.0,-83.0
1777890516.1363325,-1.0,-4.0,-81.0
1777890516.1463325,-3.0,-3.0,-80.0
1777890516.1563325,-2.0,-3.0,-77.0
1777890516.1663325,-7.0,-6.0,-66.0
1777890516.1763325,-4.0,-11.0,-69.0
1777890516.1863325,-4.0,-4.0,-71.0
1777890516.1963325,-1.0,-2.0,-82.0
1777890516.2063324,0.0,0.0,-78.0
1777890516.2163324,3.0,-1.0,-73.0
1777890516.2263324,4.0,-2.0,-72.0
1777890516.2363324,4.0,-4.0,-75.0
1777890516.2463324,8.0,-6.0,-74.0
1777890516.2563324,8.0,-6.0,-74.0
1777890516.2663324,5.0,-5.0,-79.0
1777890516.2763324,4.0,-3.0,-79.0
1777890516.2863324,5.0,-8.0,-77.0
1777890516.2963324,5.0,-6.0,-73.0
1777890516.3063323,1.0,-7.0,-80.0
1777890516.3163323,1.0,-9.0,-79.0
1777890516.3263323,0.0,-12.0,-72.0
1777890516.3363323,-1.0,-10.0,-72.0
1777890516.3463323,-2.0,-13.0,-71.0
1777890516.3563323,-6.0,-10.0,-67.0
1777890516.3663323,-3.0,-7.0,-75.0
1777890516.3763323,0.0,-4.0,-77.0
1777890516.3863325,-1.0,0.0,-80.0
1777890516.3963325,1.0,2.0,-74.0
1777890516.4063325,2.0,0.0,-72.0
1777890516.4163325,0.0,1.0,-69.0
1777890516.4263325,1.0,0.0,-78.0
1777890516.4363325,2.0,0.0,-81.0
1777890516.4463325,4.0,0.0,-82.0
1777890516.4563324,3.0,0.0,-83.0
1777890516.4663324,5.0,-3.0,-81.0
1777890516.4763324,5.0,-1.0,-76.0
1777890516.4863324,4.0,-2.0,-77.0
1777890516.4963324,2.0,-3.0,-72.0
1777890516.5063324,3.0,-4.0,-74.0
1777890516.5163324,0.0,0.0,-71.0
1777890516.5263324,1.0,-1.0,-69.0
1777890516.5363324,2.0,-2.0,-67.0
1777890516.5463324,3.0,-6.0,-70.0
1777890516.5563323,0.0,-8.0,-66.0
1777890516.5663323,2.0,0.0,-62.0
1777890516.5763323,6.0,4.0,-63.0
1777890516.5863323,9.0,-1.0,-70.0
1777890516.5963323,4.0,-1.0,-72.0
1777890516.6063323,-3.0,-1.0,-77.0
1777890516.6163323,-5.0,-1.0,-77.0
1777890516.6263323,-5.0,-5.0,-72.0
1777890516.6363325,-3.0,-5.0,-64.0
1777890516.6463325,-6.0,-5.0,-69.0
1777890516.6563325,-2.0,-6.0,-81.0
1777890516.6663325,-4.0,-5.0,-84.0
1777890516.6763325,-2.0,-5.0,-73.0
1777890516.6863325,1.0,-7.0,-76.0
1777890516.6963325,-1.0,-7.0,-76.0
1777890516.7063324,-5.0,-9.0,-82.0
1777890516.7163324,-4.0,-7.0,-81.0
1777890516.7263324,-5.0,-4.0,-80.0
1777890516.7363324,-6.0,1.0,-78.0
1777890516.7463324,-4.0,4.0,-83.0
1777890516.7563324,-5.0,3.0,-75.0
1777890516.7663324,-5.0,0.0,-67.0
1777890516.7763324,-4.0,0.0,-63.0
1777890516.7863324,-4.0,1.0,-61.0
1777890516.7963324,-1.0,0.0,-62.0
1777890516.8063323,-3.0,1.0,-61.0
1777890516.8163323,-2.0,-1.0,-64.0
1777890516.8263323,-3.0,-1.0,-63.0
1777890516.8363323,-5.0,0.0,-61.0
1777890516.8463323,-1.0,0.0,-62.0
1777890516.8563323,-1.0,1.0,-62.0
1777890516.8663323,1.0,-1.0,-59.0
1777890516.8763323,0.0,0.0,-67.0
1777890516.8863325,5.0,-6.0,-71.0
1777890516.8963325,6.0,-5.0,-75.0
1777890516.9063325,6.0,-3.0,-74.0
1777890516.9163325,3.0,-2.0,-69.0
1777890516.9263325,8.0,-8.0,-72.0
1777890516.9363325,6.0,-7.0,-73.0
1777890516.9463325,6.0,-1.0,-75.0
1777890516.9563324,5.0,2.0,-70.0
1777890516.9663324,7.0,0.0,-76.0
1777890516.9763324,4.0,-3.0,-76.0
1777890516.9863324,5.0,-5.0,-72.0
1777890516.9963324,8.0,-3.0,-73.0
1777890517.0063324,6.0,-1.0,-75.0
1777890517.0163324,2.0,0.0,-80.0
1777890517.0263324,0.0,-1.0,-80.0
1777890517.0363324,-1.0,-2.0,-77.0
1777890517.0463324,0.0,-3.0,-75.0
1777890517.0563323,-1.0,-2.0,-74.0
1777890517.0663323,-2.0,-1.0,-74.0
1777890517.0763323,-6.0,-5.0,-74.0
1777890517.0863323,-4.0,-5.0,-73.0
1777890517.0963323,-1.0,-1.0,-68.0
1777890517.1063323,0.0,1.0,-68.0
1777890517.1163323,2.0,0.0,-63.0
1777890517.1263323,1.0,1.0,-66.0
1777890517.1363325,0.0,4.0,-66.0
1777890517.1463325,-4.0,1.0,-68.0
1777890517.1563325,-3.0,1.0,-71.0
1777890517.1663325,0.0,0.0,-70.0
1777890517.1763325,3.0,0.0,-64.0
1777890517.1863325,4.0,-3.0,-71.0
1777890517.1963325,5.0,-2.0,-70.0
1777890517.2063324,7.0,0.0,-65.0
1777890517.2163324,2.0,-1.0,-64.0
1777890517.2263324,5.0,0.0,-67.0
1777890517.2363324,3.0,1.0,-70.0
1777890517.2463324,-1.0,1.0,-73.0
1777890517.2563324,0.0,2.0,-73.0
1777890517.2663324,0.0,0.0,-69.0
1777890517.2763324,0.0,-1.0,-76.0
1777890517.2863324,5.0,-3.0,-75.0
1777890517.2963324,3.0,-1.0,-69.0
1777890517.3063323,3.0,-2.0,-73.0
1777890517.3163323,2.0,-1.0,-75.0
1777890517.3263323,3.0,-4.0,-74.0
1777890517.3363323,1.0,0.0,-75.0
1777890517.3463323,4.0,0.0,-67.0
1777890517.3563323,3.0,-3.0,-71.0
1777890517.3663323,4.0,0.0,-73.0
1777890517.3763323,4.0,0.0,-73.0
1777890517.3863325,4.0,-7.0,-68.0
1777890517.3963325,5.0,-5.0,-67.0
1777890517.4063325,2.0,-3.0,-69.0
1777890517.4163325,4.0,-3.0,-66.0
1777890517.4263325,5.0,-4.0,-68.0
1777890517.4363325,1.0,-6.0,-69.0
1777890517.4463325,0.0,0.0,-71.0
1777890517.4563324,3.0,0.0,-69.0
1777890517.4663324,3.0,1.0,-75.0
1777890517.4763324,4.0,0.0,-72.0
1777890517.4863324,7.0,1.0,-69.0
1777890517.4963324,6.0,0.0,-69.0
1777890517.5063324,3.0,-3.0,-68.0
1777890517.5163324,0.0,-2.0,-65.0
1777890517.5263324,-1.0,-5.0,-65.0
1777890517.5363324,-5.0,-6.0,-72.0
1777890517.5463324,-3.0,-4.0,-71.0
1777890517.5563323,1.0,-4.0,-69.0
1777890517.5663323,-1.0,-6.0,-66.0
1777890517.5763323,-1.0,-9.0,-68.0
1777890517.5863323,5.0,-5.0,-65.0
1777890517.5963323,5.0,-2.0,-65.0
1777890517.6063323,1.0,-3.0,-68.0
1777890517.6163323,0.0,-5.0,-75.0
1777890517.6263323,-3.0,-3.0,-76.0
1777890517.6363325,-5.0,-1.0,-73.0
1777890517.6463325,-1.0,-3.0,-78.0
1777890517.6563325,-2.0,-6.0,-75.0
1777890517.6663325,-1.0,-1.0,-77.0
1777890517.6763325,0.0,2.0,-78.0
1777890517.6863325,3.0,0.0,-75.0
1777890517.6963325,4.0,-6.0,-75.0
1777890517.7063324,5.0,-6.0,-73.0
1777890517.7163324,1.0,-7.0,-71.0
1777890517.7263324,0.0,-5.0,-71.0
1777890517.7363324,-1.0,-4.0,-68.0
1777890517.7463324,-4.0,-3.0,-63.0
1777890517.7563324,-2.0,-4.0,-65.0
1777890517.7663324,1.0,-5.0,-65.0
1777890517.7763324,5.0,-2.0,-65.0
1777890517.7863324,5.0,0.0,-70.0
1777890517.7963324,4.0,0.0,-74.0
1777890517.8063323,7.0,0.0,-78.0
1777890517.8163323,3.0,1.0,-73.0
1777890517.8263323,3.0,4.0,-76.0
1777890517.8363323,1.0,0.0,-76.0
1777890517.8463323,0.0,1.0,-79.0
1777890517.8563323,2.0,-1.0,-78.0
1777890517.8663323,4.0,-4.0,-72.0
1777890517.8763323,2.0,-5.0,-66.0
1777890517.8863325,1.0,-5.0,-64.0
1777890517.8963325,-1.0,0.0,-65.0
1777890517.9063325,-6.0,-3.0,-66.0
1777890517.9163325,-1.0,-5.0,-77.0
1777890517.9263325,3.0,-2.0,-75.0
1777890517.9363325,9.0,-5.0,-81.0
1777890517.9463325,13.0,-9.0,-78.0
1777890517.9563324,13.0,-11.0,-80.0
1777890517.9663324,12.0,-14.0,-78.0
1777890517.9763324,7.0,-8.0,-72.0
1777890517.9863324,10.0,-2.0,-63.0
1777890517.9963324,10.0,-4.0,-63.0
1777890518.0063324,3.0,-5.0,-74.0
1777890518.0163324,1.0,-6.0,-76.0
1777890518.0263324,5.0,-6.0,-69.0
1777890518.0363324,7.0,-7.0,-71.0
1777890518.0463324,8.0,0.0,-67.0
1777890518.0573325,3.0,2.0,-67.0
1777890518.0663323,0.0,0.0,-70.0
1777890518.0763323,-3.0,-3.0,-73.0
1777890518.0873325,-2.0,-2.0,-75.0
1777890518.0973325,-1.0,-4.0,-68.0
1777890518.1063323,-2.0,-4.0,-70.0
1777890518.1173325,-3.0,-2.0,-72.0
1777890518.1273324,-1.0,1.0,-71.0
1777890518.1373324,1.0,-2.0,-72.0
1777890518.1473324,-4.0,-6.0,-69.0
1777890518.1573324,-5.0,-6.0,-71.0
1777890518.1673324,0.0,-6.0,-63.0
1777890518.1773324,3.0,-9.0,-68.0
1777890518.1873324,2.0,-10.0,-73.0
1777890518.1973324,3.0,-5.0,-74.0
1777890518.2073324,0.0,-3.0,-72.0
1777890518.2173324,4.0,0.0,-73.0
1777890518.2273324,5.0,1.0,-70.0
1777890518.2373323,5.0,0.0,-76.0
1777890518.2473323,2.0,-2.0,-68.0
1777890518.2573323,1.0,2.0,-79.0
1777890518.2673323,2.0,0.0,-81.0
1777890518.2773323,4.0,-2.0,-81.0
1777890518.2873323,3.0,-2.0,-78.0
1777890518.2973323,2.0,-1.0,-75.0
1777890518.3073325,0.0,-4.0,-74.0
1777890518.3173325,3.0,0.0,-78.0
1777890518.3273325,4.0,0.0,-81.0
1777890518.3373325,2.0,-2.0,-82.0
1777890518.3473325,0.0,-6.0,-81.0
1777890518.3573325,-5.0,-6.0,-74.0
1777890518.3673325,-7.0,-5.0,-68.0
1777890518.3773324,-5.0,-2.0,-73.0
1777890518.3873324,-2.0,-3.0,-73.0
1777890518.3973324,-3.0,-8.0,-73.0
1777890518.4073324,-2.0,-2.0,-70.0
1777890518.4173324,-3.0,1.0,-72.0
1777890518.4273324,-4.0,2.0,-76.0
1777890518.4373324,-2.0,0.0,-77.0
1777890518.4473324,1.0,4.0,-82.0
1777890518.4573324,4.0,0.0,-78.0
1777890518.4673324,6.0,-2.0,-79.0
1777890518.4773324,5.0,-2.0,-71.0
1777890518.4873323,2.0,-5.0,-77.0
1777890518.4973323,2.0,-4.0,-81.0
1777890518.5073323,-2.0,-5.0,-74.0
1777890518.5173323,-3.0,-4.0,-72.0
1777890518.5273323,-1.0,2.0,-72.0
1777890518.5373323,0.0,0.0,-71.0
1777890518.5473323,5.0,5.0,-73.0
1777890518.5573325,7.0,0.0,-70.0
1777890518.5673325,8.0,0.0,-69.0
1777890518.5773325,9.0,-2.0,-71.0
1777890518.5873325,8.0,-3.0,-76.0
1777890518.5973325,10.0,-2.0,-78.0
1777890518.6073325,11.0,-4.0,-75.0
1777890518.6173325,11.0,-5.0,-79.0
1777890518.6273324,6.0,-4.0,-80.0
1777890518.6373324,1.0,-6.0,-81.0
1777890518.6473324,2.0,-9.0,-80.0
1777890518.6573324,12.0,-8.0,-79.0
1777890518.6673324,8.0,-10.0,-73.0
1777890518.6773324,5.0,-9.0,-68.0
1777890518.6873324,3.0,-10.0,-61.0
1777890518.6973324,2.0,-9.0,-60.0
1777890518.7073324,2.0,-4.0,-63.0
1777890518.7173324,-2.0,0.0,-64.0
1777890518.7273324,-2.0,3.0,-63.0
1777890518.7373323,-2.0,4.0,-62.0
1777890518.7473323,-10.0,9.0,-61.0
1777890518.7573323,-9.0,7.0,-66.0
1777890518.7673323,-9.0,5.0,-74.0
1777890518.7773323,-8.0,6.0,-75.0
1777890518.7873323,-4.0,6.0,-80.0
1777890518.7973323,-2.0,7.0,-79.0
1777890518.8073325,-4.0,6.0,-75.0
1777890518.8173325,-5.0,8.0,-70.0
1777890518.8273325,-6.0,3.0,-70.0
1777890518.8373325,-2.0,0.0,-76.0
1777890518.8473325,0.0,-5.0,-83.0
1777890518.8573325,0.0,0.0,-85.0
1777890518.8673325,3.0,0.0,-80.0
1777890518.8773324,1.0,2.0,-79.0
1777890518.8873324,0.0,4.0,-79.0
1777890518.8973324,1.0,5.0,-74.0
1777890518.9073324,4.0,3.0,-78.0
1777890518.9173324,3.0,2.0,-75.0
1777890518.9273324,1.0,4.0,-73.0
1777890518.9373324,2.0,7.0,-74.0
1777890518.9473324,-2.0,6.0,-74.0
1777890518.9573324,-2.0,2.0,-68.0
1777890518.9673324,-6.0,0.0,-68.0
1777890518.9773324,-5.0,3.0,-69.0
1777890518.9873323,-2.0,3.0,-73.0
1777890518.9973323,-2.0,4.0,-72.0
1777890519.0073323,-2.0,2.0,-69.0
1777890519.0173323,0.0,-1.0,-73.0
1777890519.0273323,1.0,-1.0,-73.0
1777890519.0373323,2.0,-4.0,-73.0
1777890519.0473323,3.0,-1.0,-72.0
1777890519.0573325,4.0,4.0,-67.0
1777890519.0673325,0.0,6.0,-71.0
1777890519.0773325,2.0,0.0,-74.0
1777890519.0873325,0.0,-3.0,-77.0
1777890519.0973325,4.0,0.0,-74.0
1777890519.1073325,8.0,2.0,-73.0
1777890519.1173325,9.0,2.0,-72.0
1777890519.1273324,8.0,3.0,-76.0
1777890519.1373324,1.0,2.0,-77.0
1777890519.1473324,0.0,5.0,-77.0
1777890519.1573324,2.0,2.0,-74.0
1777890519.1673324,6.0,1.0,-72.0
1777890519.1773324,6.0,3.0,-71.0
1777890519.1873324,0.0,4.0,-72.0
1777890519.1973324,-5.0,4.0,-74.0
1777890519.2073324,-3.0,-1.0,-74.0
1777890519.2173324,-4.0,-1.0,-70.0
1777890519.2273324,-3.0,-2.0,-67.0
1777890519.2373323,-1.0,0.0,-68.0
1777890519.2473323,-6.0,2.0,-63.0
1777890519.2573323,0.0,2.0,-63.0
1777890519.2673323,0.0,5.0,-60.0
1777890519.2773323,-2.0,7.0,-64.0
1777890519.2873323,1.0,3.0,-69.0
1777890519.2973323,0.0,2.0,-66.0
1777890519.3073325,-2.0,0.0,-68.0
1777890519.3173325,2.0,1.0,-75.0
1777890519.3273325,0.0,0.0,-74.0
1777890519.3373325,2.0,0.0,-79.0
1777890519.3473325,5.0,1.0,-75.0
1777890519.3573325,0.0,0.0,-74.0
1777890519.3673325,2.0,0.0,-72.0
1777890519.3773324,6.0,1.0,-71.0
1777890519.3873324,5.0,1.0,-70.0
1777890519.3973324,5.0,4.0,-69.0
1777890519.4073324,5.0,2.0,-68.0
1777890519.4173324,5.0,-1.0,-69.0
1777890519.4273324,4.0,-5.0,-77.0
1777890519.4373324,6.0,-5.0,-80.0
1777890519.4473324,3.0,-1.0,-75.0
1777890519.4573324,4.0,-2.0,-75.0
1777890519.4673324,2.0,-2.0,-73.0
1777890519.4773324,0.0,-5.0,-72.0
1777890519.4873323,1.0,-3.0,-78.0
1777890519.4973323,0.0,-4.0,-79.0
1777890519.5073323,0.0,-3.0,-75.0
1777890519.5173323,1.0,-4.0,-71.0
1777890519.5273323,4.0,-8.0,-75.0
1777890519.5373323,4.0,-6.0,-78.0
1777890519.5473323,1.0,-7.0,-80.0
1777890519.5573325,-3.0,-5.0,-87.0
1777890519.5673325,-4.0,0.0,-84.0
1777890519.5773325,-2.0,1.0,-78.0
1777890519.5873325,0.0,0.0,-80.0
1777890519.5973325,-2.0,-1.0,-74.0
1777890519.6073325,-4.0,-1.0,-70.0
1777890519.6173325,-4.0,-2.0,-67.0
1777890519.6273324,0.0,-6.0,-64.0
1777890519.6373324,8.0,-5.0,-64.0
1777890519.6473324,7.0,-3.0,-67.0
1777890519.6573324,5.0,-2.0,-65.0
1777890519.6673324,3.0,-1.0,-68.0
1777890519.6773324,3.0,1.0,-80.0
1777890519.6873324,0.0,-3.0,-77.0
1777890519.6973324,-2.0,-1.0,-75.0
1777890519.7073324,-1.0,3.0,-73.0
1777890519.7173324,-1.0,6.0,-75.0
1777890519.7273324,-1.0,4.0,-72.0
1777890519.7373323,1.0,6.0,-73.0
1777890519.7473323,2.0,4.0,-66.0
1777890519.7573323,4.0,2.0,-63.0
1777890519.7673323,6.0,2.0,-72.0
1777890519.7773323,4.0,-2.0,-69.0
1777890519.7873323,5.0,-2.0,-71.0
1777890519.7973323,4.0,1.0,-71.0
1777890519.8073325,7.0,1.0,-72.0
1777890519.8173325,9.0,0.0,-65.0
1777890519.8273325,6.0,0.0,-68.0
1777890519.8373325,0.0,2.0,-68.0
1777890519.8473325,4.0,6.0,-76.0
1777890519.8573325,3.0,4.0,-66.0
1777890519.8673325,3.0,4.0,-56.0
1777890519.8773324,2.0,5.0,-57.0
1777890519.8873324,1.0,5.0,-62.0
1777890519.8973324,2.0,7.0,-66.0
1777890519.9073324,6.0,5.0,-63.0
1777890519.9173324,6.0,4.0,-71.0
1777890519.9273324,5.0,4.0,-72.0
1777890519.9373324,4.0,1.0,-66.0
1777890519.9473324,1.0,1.0,-66.0
1777890519.9573324,0.0,-5.0,-69.0
1777890519.9673324,2.0,-7.0,-71.0
1777890519.9773324,3.0,-3.0,-71.0
1777890519.9873323,2.0,3.0,-71.0
1777890519.9973323,2.0,1.0,-69.0
1777890520.0073323,4.0,2.0,-73.0
1777890520.0173323,3.0,0.0,-73.0
1777890520.0273323,9.0,-1.0,-74.0
1777890520.0373323,7.0,6.0,-69.0
1777890520.0473323,6.0,3.0,-72.0
1777890520.0573325,3.0,4.0,-69.0
1777890520.0673325,1.0,4.0,-67.0
1777890520.0783324,2.0,1.0,-70.0
1777890520.0873325,1.0,3.0,-72.0
1777890520.0983324,-1.0,0.0,-76.0
1777890520.1083324,-2.0,-1.0,-80.0
1777890520.1183324,-3.0,-2.0,-82.0
1777890520.1283324,-1.0,-1.0,-86.0
1777890520.1383324,0.0,-1.0,-82.0
1777890520.1483324,2.0,0.0,-85.0
1777890520.1583323,-1.0,1.0,-86.0
1777890520.1683323,-5.0,0.0,-82.0
1777890520.1783323,-2.0,-1.0,-76.0
1777890520.1883323,0.0,-7.0,-75.0
1777890520.1983323,-1.0,-4.0,-70.0
1777890520.2083323,-2.0,-3.0,-68.0
1777890520.2183323,-1.0,-3.0,-70.0
1777890520.2283323,2.0,-3.0,-74.0
1777890520.2383325,5.0,-4.0,-73.0
1777890520.2483325,7.0,-6.0,-72.0
1777890520.2583325,9.0,-4.0,-65.0
1777890520.2683325,9.0,-5.0,-70.0
1777890520.2783325,6.0,-1.0,-69.0
1777890520.2883325,3.0,-3.0,-74.0
1777890520.2983325,7.0,-5.0,-74.0
1777890520.3083324,5.0,-4.0,-73.0
1777890520.3183324,8.0,-2.0,-75.0
1777890520.3283324,9.0,-2.0,-78.0
1777890520.3383324,7.0,-3.0,-80.0
1777890520.3483324,6.0,-1.0,-77.0
1777890520.3583324,4.0,-2.0,-84.0
1777890520.3683324,6.0,0.0,-74.0
1777890520.3783324,5.0,-3.0,-75.0
1777890520.3883324,7.0,0.0,-77.0
1777890520.3983324,8.0,3.0,-81.0
1777890520.4083323,5.0,2.0,-77.0
1777890520.4183323,6.0,-1.0,-81.0
1777890520.4283323,4.0,0.0,-77.0
1777890520.4383323,1.0,6.0,-76.0
1777890520.4483323,2.0,6.0,-72.0
1777890520.4583323,-1.0,5.0,-73.0
1777890520.4683323,0.0,-1.0,-77.0
1777890520.4783323,-2.0,-5.0,-75.0
1777890520.4883325,-4.0,-10.0,-71.0
1777890520.4983325,-1.0,-6.0,-72.0
1777890520.5083325,0.0,-3.0,-70.0
1777890520.5183325,-2.0,-1.0,-73.0
1777890520.5283325,-1.0,1.0,-74.0
1777890520.5383325,-2.0,2.0,-70.0
1777890520.5483325,-2.0,3.0,-70.0
1777890520.5583324,1.0,1.0,-68.0
1777890520.5683324,2.0,4.0,-74.0
1777890520.5783324,3.0,4.0,-74.0
1777890520.5883324,4.0,4.0,-75.0
1777890520.5983324,3.0,3.0,-70.0
1777890520.6083324,1.0,3.0,-71.0
1777890520.6183324,0.0,1.0,-68.0
1777890520.6283324,4.0,3.0,-65.0
1777890520.6383324,6.0,1.0,-64.0
1777890520.6483324,3.0,1.0,-65.0
1777890520.6583323,0.0,0.0,-70.0
1777890520.6683323,-4.0,-2.0,-60.0
1777890520.6783323,-1.0,-4.0,-61.0
1777890520.6883323,1.0,-5.0,-64.0
1777890520.6983323,0.0,-2.0,-67.0
1777890520.7083323,-1.0,-2.0,-68.0
1777890520.7183323,-1.0,1.0,-70.0
1777890520.7283323,0.0,0.0,-71.0
1777890520.7383325,4.0,-5.0,-75.0
1777890520.7483325,3.0,-8.0,-77.0
1777890520.7583325,0.0,-4.0,-72.0
1777890520.7683325,0.0,0.0,-63.0
1777890520.7783325,3.0,0.0,-65.0
1777890520.7883325,4.0,0.0,-60.0
1777890520.7983325,5.0,-3.0,-65.0
1777890520.8083324,5.0,-5.0,-72.0
1777890520.8183324,1.0,-4.0,-73.0
1777890520.8283324,1.0,-3.0,-71.0
1777890520.8383324,5.0,-3.0,-68.0
1777890520.8483324,8.0,1.0,-67.0
1777890520.8583324,8.0,6.0,-73.0
1777890520.8683324,5.0,3.0,-67.0
1777890520.8783324,3.0,4.0,-70.0
1777890520.8883324,0.0,0.0,-80.0
1777890520.8983324,1.0,0.0,-73.0
1777890520.9083323,4.0,2.0,-68.0
1777890520.9183323,9.0,3.0,-60.0
1777890520.9283323,9.0,2.0,-69.0
1777890520.9383323,9.0,4.0,-67.0
1777890520.9483323,10.0,4.0,-70.0
1777890520.9583323,9.0,3.0,-76.0
1777890520.9683323,5.0,3.0,-79.0
1777890520.9783323,4.0,7.0,-79.0
1777890520.9883325,6.0,6.0,-85.0
1777890520.9983325,6.0,8.0,-83.0
1777890521.0083325,6.0,9.0,-82.0
1777890521.0183325,7.0,7.0,-68.0
1777890521.0283325,5.0,6.0,-68.0
1777890521.0383325,3.0,8.0,-77.0
1777890521.0483325,3.0,5.0,-79.0
1777890521.0583324,1.0,1.0,-79.0
1777890521.0683324,2.0,2.0,-75.0
1777890521.0783324,3.0,1.0,-75.0
1777890521.0883324,5.0,0.0,-79.0
1777890521.0983324,4.0,3.0,-75.0
1777890521.1083324,5.0,0.0,-69.0
1777890521.1183324,4.0,-2.0,-75.0
1777890521.1283324,-3.0,0.0,-74.0
1777890521.1383324,-2.0,-1.0,-77.0
1777890521.1483324,-2.0,0.0,-76.0
1777890521.1583323,0.0,1.0,-74.0
1777890521.1683323,-2.0,2.0,-79.0
1777890521.1783323,0.0,5.0,-81.0
1777890521.1883323,4.0,2.0,-81.0
1777890521.1983323,7.0,3.0,-79.0
1777890521.2083323,9.0,2.0,-80.0
1777890521.2183323,11.0,4.0,-74.0
1777890521.2283323,9.0,5.0,-72.0
1777890521.2383325,6.0,3.0,-71.0
1777890521.2483325,2.0,4.0,-67.0
1777890521.2583325,1.0,5.0,-69.0
1777890521.2683325,0.0,6.0,-73.0
1777890521.2783325,0.0,3.0,-62.0
1777890521.2883325,-3.0,0.0,-71.0
1777890521.2983325,-1.0,1.0,-71.0
1777890521.3083324,0.0,4.0,-69.0
1777890521.3183324,-5.0,1.0,-68.0
1777890521.3283324,-5.0,-2.0,-74.0
1777890521.3383324,0.0,-7.0,-78.0
1777890521.3483324,0.0,-4.0,-84.0
1777890521.3583324,-4.0,0.0,-80.0
1777890521.3683324,-4.0,-3.0,-77.0
1777890521.3783324,2.0,-1.0,-80.0
1777890521.3883324,7.0,1.0,-81.0
1777890521.3983324,2.0,-1.0,-85.0
1777890521.4083323,-1.0,0.0,-80.0
1777890521.4183323,-3.0,2.0,-72.0
1777890521.4283323,-2.0,5.0,-79.0
1777890521.4383323,0.0,1.0,-81.0
1777890521.4483323,-2.0,2.0,-81.0
1777890521.4583323,-1.0,1.0,-77.0
1777890521.4683323,-4.0,4.0,-79.0
1777890521.4783323,-3.0,7.0,-76.0
1777890521.4883325,0.0,10.0,-69.0
1777890521.4983325,-1.0,8.0,-70.0
1777890521.5083325,1.0,5.0,-69.0
1777890521.5183325,4.0,2.0,-70.0
1777890521.5283325,4.0,-2.0,-71.0
1777890521.5383325,1.0,0.0,-70.0
1777890521.5483325,0.0,2.0,-72.0
1777890521.5583324,0.0,1.0,-76.0
1777890521.5683324,0.0,0.0,-76.0
1777890521.5783324,0.0,1.0,-77.0
1777890521.5883324,-3.0,4.0,-70.0
1777890521.5983324,2.0,1.0,-71.0
1777890521.6083324,5.0,2.0,-68.0
1777890521.6183324,9.0,5.0,-68.0
1777890521.6283324,6.0,7.0,-70.0
1777890521.6383324,0.0,3.0,-75.0
1777890521.6483324,-4.0,-1.0,-75.0
1777890521.6583323,-1.0,-2.0,-71.0
1777890521.6683323,-2.0,0.0,-70.0
1777890521.6783323,3.0,0.0,-73.0
1777890521.6883323,6.0,-1.0,-74.0
1777890521.6983323,3.0,4.0,-80.0
1777890521.7083323,4.0,4.0,-76.0
1777890521.7183323,0.0,0.0,-72.0
1777890521.7283323,0.0,1.0,-70.0
1777890521.7383325,0.0,0.0,-66.0
1777890521.7483325,-1.0,4.0,-69.0
1777890521.7583325,1.0,6.0,-65.0
1777890521.7683325,3.0,5.0,-65.0
1777890521.7783325,4.0,2.0,-70.0
1777890521.7883325,4.0,1.0,-77.0
1777890521.7983325,1.0,2.0,-74.0
1777890521.8083324,2.0,6.0,-74.0
1777890521.8183324,-2.0,7.0,-73.0
1777890521.8283324,-2.0,1.0,-71.0
1777890521.8383324,-4.0,-2.0,-75.0
1777890521.8483324,-4.0,-2.0,-80.0
1777890521.8583324,-6.0,-5.0,-80.0
1777890521.8683324,-2.0,-6.0,-81.0
1777890521.8783324,-2.0,-4.0,-81.0
1777890521.8883324,-2.0,-2.0,-81.0
1777890521.8983324,-3.0,-3.0,-78.0
1777890521.9083323,-5.0,0.0,-66.0
1777890521.9183323,-3.0,-5.0,-64.0
1777890521.9283323,1.0,-5.0,-65.0
1777890521.9383323,1.0,-8.0,-61.0
1777890521.9483323,2.0,-6.0,-58.0
1777890521.9583323,5.0,0.0,-58.0
1777890521.9683323,6.0,2.0,-62.0
1777890521.9783323,3.0,3.0,-68.0
1777890521.9883325,4.0,5.0,-74.0
1777890521.9983325,4.0,4.0,-74.0
1777890522.0083325,0.0,5.0,-76.0
1777890522.0183325,2.0,3.0,-81.0
1777890522.0293324,2.0,0.0,-85.0
1777890522.0383325,2.0,0.0,-91.0
1777890522.0493324,3.0,0.0,-76.0
1777890522.0593324,4.0,-1.0,-70.0
1777890522.0693324,2.0,0.0,-74.0
1777890522.0793324,-1.0,-2.0,-72.0
1777890522.0893323,-3.0,-3.0,-75.0
1777890522.0993323,-5.0,-1.0,-78.0
1777890522.1093323,-3.0,-2.0,-81.0
1777890522.1193323,0.0,-3.0,-80.0
1777890522.1293323,-2.0,-3.0,-74.0
1777890522.1393323,-3.0,-11.0,-74.0
1777890522.1493323,-6.0,-11.0,-71.0
1777890522.1593325,-4.0,-11.0,-69.0
1777890522.1693325,-2.0,-6.0,-74.0
1777890522.1793325,0.0,-3.0,-68.0
1777890522.1893325,3.0,-6.0,-65.0
1777890522.1993325,1.0,1.0,-63.0
1777890522.2093325,-1.0,0.0,-57.0
1777890522.2193325,1.0,1.0,-63.0
1777890522.2293324,1.0,4.0,-65.0
1777890522.2393324,6.0,5.0,-72.0
1777890522.2493324,8.0,7.0,-79.0
1777890522.2593324,8.0,6.0,-78.0
1777890522.2693324,1.0,10.0,-76.0
1777890522.2793324,-1.0,6.0,-75.0
1777890522.2893324,2.0,6.0,-75.0
1777890522.2993324,1.0,6.0,-70.0
1777890522.3093324,5.0,3.0,-75.0
1777890522.3193324,5.0,3.0,-80.0
1777890522.3293324,3.0,2.0,-81.0
1777890522.3393323,1.0,0.0,-83.0
1777890522.3493323,1.0,0.0,-86.0
1777890522.3593323,0.0,0.0,-78.0
1777890522.3693323,2.0,-4.0,-78.0
1777890522.3793323,4.0,-2.0,-76.0
1777890522.3893323,8.0,-4.0,-73.0
1777890522.3993323,8.0,-3.0,-76.0
1777890522.4093325,6.0,-8.0,-73.0
1777890522.4193325,11.0,-4.0,-68.0
1777890522.4293325,12.0,-2.0,-71.0
1777890522.4393325,11.0,-1.0,-75.0
1777890522.4493325,8.0,0.0,-77.0
1777890522.4593325,2.0,0.0,-71.0
1777890522.4693325,7.0,2.0,-69.0
1777890522.4793324,5.0,-1.0,-67.0
1777890522.4893324,0.0,0.0,-69.0
1777890522.4993324,-1.0,0.0,-64.0
1777890522.5093324,3.0,-2.0,-65.0
1777890522.5193324,1.0,-1.0,-62.0
1777890522.5293324,0.0,-2.0,-73.0
1777890522.5393324,0.0,-3.0,-74.0
1777890522.5493324,0.0,-1.0,-73.0
1777890522.5593324,2.0,-1.0,-77.0
1777890522.5693324,4.0,-2.0,-81.0
1777890522.5793324,1.0,-1.0,-86.0
1777890522.5893323,0.0,0.0,-89.0
1777890522.5993323,0.0,0.0,-85.0
1777890522.6093323,0.0,-1.0,-86.0
1777890522.6193323,-2.0,3.0,-86.0
1777890522.6293323,-2.0,4.0,-84.0
1777890522.6393323,-1.0,0.0,-82.0
1777890522.6493323,-2.0,0.0,-80.0
1777890522.6593325,-4.0,0.0,-80.0
1777890522.6693325,-6.0,-4.0,-78.0
1777890522.6793325,-2.0,-8.0,-74.0
1777890522.6893325,0.0,-7.0,-77.0
1777890522.6993325,-5.0,-7.0,-72.0
1777890522.7093325,-5.0,-4.0,-71.0
1777890522.7193325,-5.0,-2.0,-68.0
1777890522.7293324,-3.0,-1.0,-67.0
1777890522.7393324,-1.0,1.0,-64.0
1777890522.7493324,0.0,-2.0,-61.0
1777890522.7593324,0.0,-3.0,-70.0
1777890522.7693324,-2.0,-3.0,-69.0
1777890522.7793324,-4.0,3.0,-66.0
1777890522.7893324,-4.0,9.0,-68.0
1777890522.7993324,-1.0,6.0,-60.0
1777890522.8093324,-5.0,0.0,-61.0
1777890522.8193324,-5.0,2.0,-65.0
1777890522.8293324,0.0,0.0,-65.0
1777890522.8393323,4.0,-2.0,-78.0
1777890522.8493323,2.0,0.0,-78.0
1777890522.8593323,0.0,-1.0,-70.0
1777890522.8703325,2.0,2.0,-72.0
1777890522.8793323,2.0,2.0,-72.0
1777890522.8893323,-1.0,0.0,-81.0
1777890522.8993323,-3.0,-1.0,-80.0
1777890522.9093325,-2.0,-2.0,-81.0
1777890522.9193325,-3.0,-3.0,-79.0
1777890522.9293325,-7.0,-4.0,-71.0
1777890522.9393325,-10.0,-3.0,-71.0
1777890522.9493325,-9.0,-3.0,-68.0
1777890522.9593325,-6.0,-2.0,-71.0
1777890522.9693325,-4.0,-1.0,-72.0
1777890522.9793324,-3.0,1.0,-75.0
1777890522.9893324,0.0,3.0,-74.0
1777890522.9993324,1.0,3.0,-72.0
1777890523.0093324,3.0,3.0,-75.0
1777890523.0193324,1.0,2.0,-72.0
1777890523.0293324,2.0,1.0,-65.0
1777890523.0393324,0.0,-4.0,-61.0
1777890523.0493324,1.0,-4.0,-60.0
1777890523.0593324,3.0,-3.0,-63.0
1777890523.0693324,3.0,0.0,-64.0
1777890523.0793324,3.0,2.0,-69.0
1777890523.0893323,2.0,3.0,-72.0
1777890523.0993323,-2.0,3.0,-67.0
1777890523.1093323,-3.0,2.0,-73.0
1777890523.1193323,-4.0,4.0,-76.0
1777890523.1293323,-5.0,4.0,-72.0
1777890523.1393323,-1.0,3.0,-75.0
1777890523.1493323,1.0,1.0,-71.0
1777890523.1593325,3.0,0.0,-67.0
1777890523.1693325,-2.0,0.0,-69.0
1777890523.1793325,0.0,0.0,-71.0
1777890523.1893325,0.0,-1.0,-65.0
1777890523.1993325,0.0,-1.0,-66.0
1777890523.2093325,-1.0,-4.0,-64.0
1777890523.2193325,0.0,-6.0,-70.0
1777890523.2293324,0.0,-5.0,-70.0
1777890523.2393324,-2.0,-1.0,-74.0
1777890523.2493324,-2.0,0.0,-74.0
1777890523.2593324,-1.0,1.0,-76.0
1777890523.2693324,-1.0,2.0,-78.0
1777890523.2793324,-4.0,3.0,-80.0
1777890523.2893324,-2.0,0.0,-79.0
1777890523.2993324,-4.0,-2.0,-72.0
1777890523.3093324,4.0,-1.0,-75.0
1777890523.3193324,3.0,3.0,-71.0
1777890523.3293324,4.0,2.0,-73.0
1777890523.3393323,5.0,-2.0,-74.0
1777890523.3493323,6.0,0.0,-78.0
1777890523.3593323,4.0,-4.0,-81.0
1777890523.3693323,0.0,-4.0,-79.0
1777890523.3793323,0.0,-7.0,-73.0
1777890523.3893323,-6.0,-5.0,-72.0
1777890523.3993323,-5.0,-3.0,-70.0
1777890523.4093325,-3.0,-2.0,-67.0
1777890523.4193325,-5.0,-2.0,-70.0
1777890523.4293325,-5.0,-3.0,-77.0
1777890523.4393325,-7.0,0.0,-74.0
1777890523.4493325,-6.0,0.0,-75.0
1777890523.4593325,-8.0,0.0,-74.0
1777890523.4693325,-6.0,-2.0,-72.0
1777890523.4793324,-1.0,-6.0,-73.0
1777890523.4893324,2.0,-3.0,-74.0
1777890523.4993324,3.0,-2.0,-74.0
1777890523.5093324,1.0,-7.0,-74.0
1777890523.5193324,2.0,-5.0,-76.0
1777890523.5293324,2.0,-1.0,-76.0
1777890523.5393324,7.0,-4.0,-76.0
1777890523.5493324,11.0,-4.0,-77.0
1777890523.5593324,6.0,0.0,-74.0
1777890523.5693324,7.0,0.0,-75.0
1777890523.5793324,7.0,1.0,-74.0
1777890523.5893323,6.0,-1.0,-73.0
1777890523.5993323,3.0,0.0,-77.0
1777890523.6093323,0.0,-2.0,-77.0
1777890523.6193323,0.0,-3.0,-68.0
1777890523.6293323,-1.0,0.0,-62.0
1777890523.6393323,3.0,0.0,-63.0
1777890523.6493323,3.0,0.0,-62.0
1777890523.6593325,1.0,0.0,-61.0
1777890523.6693325,1.0,2.0,-66.0
1777890523.6793325,-1.0,7.0,-60.0
1777890523.6893325,-2.0,8.0,-63.0
1777890523.6993325,-1.0,4.0,-61.0
1777890523.7093325,-2.0,3.0,-62.0
1777890523.7193325,-5.0,4.0,-60.0
1777890523.7293324,-3.0,3.0,-67.0
1777890523.7393324,-2.0,2.0,-71.0
1777890523.7493324,1.0,2.0,-68.0
1777890523.7593324,3.0,0.0,-67.0
1777890523.7693324,8.0,1.0,-66.0
1777890523.7793324,14.0,0.0,-63.0
1777890523.7893324,12.0,-3.0,-65.0
1777890523.7993324,13.0,-2.0,-68.0
1777890523.8093324,11.0,-2.0,-70.0
1777890523.8193324,7.0,0.0,-64.0
1777890523.8293324,5.0,1.0,-64.0
1777890523.8393323,0.0,-1.0,-65.0
1777890523.8493323,3.0,-3.0,-69.0
1777890523.8593323,6.0,0.0,-77.0
1777890523.8693323,3.0,1.0,-76.0
1777890523.8793323,3.0,0.0,-77.0
1777890523.8893323,3.0,6.0,-77.0
1777890523.8993323,7.0,4.0,-72.0
1777890523.9093325,9.0,1.0,-74.0
1777890523.9193325,9.0,1.0,-74.0
1777890523.9293325,7.0,-1.0,-71.0
1777890523.9393325,5.0,1.0,-73.0
1777890523.9493325,0.0,1.0,-77.0
1777890523.9593325,-1.0,0.0,-76.0
1777890523.9693325,5.0,3.0,-78.0
1777890523.9793324,7.0,4.0,-81.0
1777890523.9893324,7.0,3.0,-84.0
1777890523.9993324,5.0,0.0,-78.0
1777890524.0103323,5.0,-2.0,-72.0
1777890524.0203323,5.0,-2.0,-71.0
1777890524.0293324,7.0,-4.0,-77.0
1777890524.0403323,9.0,0.0,-78.0
1777890524.0503323,5.0,3.0,-71.0
1777890524.0603323,6.0,2.0,-74.0
1777890524.0703323,3.0,4.0,-74.0
1777890524.0803325,0.0,0.0,-74.0
1777890524.0903325,1.0,0.0,-79.0
1777890524.1003325,-1.0,-2.0,-86.0
1777890524.1103325,-1.0,-4.0,-78.0
1777890524.1203325,-3.0,-6.0,-86.0
1777890524.1303325,-4.0,-7.0,-86.0
1777890524.1403325,-3.0,-5.0,-86.0
1777890524.1503325,1.0,-4.0,-85.0
1777890524.1603324,4.0,0.0,-90.0
1777890524.1703324,7.0,1.0,-92.0
1777890524.1803324,3.0,0.0,-90.0
1777890524.1903324,2.0,-3.0,-81.0
1777890524.2003324,1.0,-2.0,-78.0
1777890524.2103324,0.0,-4.0,-70.0
1777890524.2203324,-1.0,0.0,-75.0
1777890524.2303324,-1.0,1.0,-70.0
1777890524.2403324,-2.0,3.0,-68.0
1777890524.2503324,-3.0,2.0,-69.0
1777890524.2603323,0.0,2.0,-65.0
1777890524.2703323,-3.0,1.0,-67.0
1777890524.2803323,-9.0,0.0,-67.0
1777890524.2903323,-5.0,0.0,-68.0
1777890524.3003323,-5.0,1.0,-73.0
1777890524.3103323,-6.0,0.0,-77.0
1777890524.3203323,-4.0,2.0,-84.0
1777890524.3303325,-4.0,5.0,-87.0
1777890524.3403325,-2.0,5.0,-82.0
1777890524.3503325,-4.0,4.0,-81.0
1777890524.3603325,0.0,4.0,-83.0
1777890524.3703325,-1.0,4.0,-86.0
1777890524.3803325,2.0,-3.0,-82.0
1777890524.3903325,3.0,-2.0,-76.0
1777890524.4003325,4.0,-2.0,-82.0
1777890524.4103324,4.0,-3.0,-81.0
1777890524.4203324,1.0,-4.0,-82.0
1777890524.4303324,-2.0,-7.0,-76.0
1777890524.4403324,-3.0,-1.0,-74.0
1777890524.4503324,-2.0,-3.0,-74.0
1777890524.4603324,-4.0,-6.0,-75.0
1777890524.4703324,-2.0,-6.0,-70.0
1777890524.4803324,-4.0,-9.0,-74.0
1777890524.4903324,-1.0,-7.0,-70.0
1777890524.5003324,0.0,-10.0,-73.0
1777890524.5103323,0.0,-9.0,-75.0
1777890524.5203323,5.0,-3.0,-74.0
1777890524.5303323,7.0,-3.0,-71.0
1777890524.5403323,9.0,-1.0,-67.0
1777890524.5503323,10.0,1.0,-64.0
1777890524.5603323,9.0,0.0,-61.0
1777890524.5703323,8.0,-5.0,-68.0
1777890524.5803325,8.0,-6.0,-77.0
1777890524.5903325,2.0,-4.0,-83.0
1777890524.6003325,0.0,-5.0,-80.0
1777890524.6103325,-1.0,-2.0,-80.0
1777890524.6203325,-2.0,-1.0,-77.0
1777890524.6303325,0.0,0.0,-81.0
1777890524.6403325,2.0,0.0,-81.0
1777890524.6503325,4.0,3.0,-86.0
1777890524.6603324,4.0,5.0,-83.0
1777890524.6703324,6.0,4.0,-80.0
1777890524.6803324,3.0,7.0,-80.0
1777890524.6903324,2.0,10.0,-73.0
1777890524.7003324,-1.0,7.0,-77.0
1777890524.7103324,-3.0,2.0,-81.0
1777890524.7203324,-4.0,2.0,-80.0
1777890524.7303324,-8.0,2.0,-78.0
1777890524.7403324,-5.0,0.0,-72.0
1777890524.7503324,-3.0,1.0,-71.0
1777890524.7603323,-7.0,1.0,-72.0
1777890524.7703323,-4.0,-1.0,-70.0
1777890524.7803323,-4.0,2.0,-68.0
1777890524.7903323,-7.0,6.0,-68.0
1777890524.8003323,-11.0,9.0,-69.0
1777890524.8103323,-5.0,4.0,-70.0
1777890524.8203323,-7.0,3.0,-66.0
1777890524.8303325,-3.0,3.0,-74.0
1777890524.8403325,-9.0,0.0,-70.0
1777890524.8503325,-5.0,-2.0,-72.0
1777890524.8603325,-9.0,1.0,-73.0
1777890524.8703325,-9.0,5.0,-69.0
1777890524.8803325,0.0,2.0,-70.0
1777890524.8903325,0.0,-2.0,-70.0
1777890524.9003325,0.0,6.0,-74.0
1777890524.9103324,1.0,3.0,-78.0
1777890524.9203324,0.0,2.0,-72.0
1777890524.9303324,-1.0,3.0,-70.0
1777890524.9403324,-4.0,5.0,-78.0
1777890524.9503324,-10.0,2.0,-82.0
1777890524.9603324,-13.0,2.0,-75.0
1777890524.9703324,-12.0,5.0,-71.0
1777890524.9803324,-10.0,2.0,-71.0
1777890524.9903324,-9.0,3.0,-76.0
1777890525.0003324,-8.0,2.0,-76.0
1777890525.0103323,-7.0,-1.0,-69.0
1777890525.0203323,-3.0,-4.0,-69.0
1777890525.0303323,1.0,-1.0,-68.0
1777890525.0403323,3.0,-3.0,-69.0
1777890525.0503323,4.0,-3.0,-69.0
1777890525.0603323,7.0,-3.0,-62.0
1777890525.0703323,6.0,-2.0,-67.0
1777890525.0803325,8.0,1.0,-71.0
1777890525.0903325,9.0,1.0,-74.0
1777890525.1003325,11.0,0.0,-69.0
1777890525.1103325,8.0,6.0,-74.0
1777890525.1203325,5.0,5.0,-77.0
1777890525.1303325,4.0,7.0,-81.0
1777890525.1403325,6.0,8.0,-77.0
1777890525.1503325,10.0,6.0,-78.0
1777890525.1603324,7.0,8.0,-78.0
1777890525.1703324,6.0,5.0,-78.0
1777890525.1803324,0.0,3.0,-72.0
1777890525.1903324,0.0,3.0,-74.0
1777890525.2003324,4.0,5.0,-87.0
1777890525.2103324,4.0,3.0,-92.0
1777890525.2203324,2.0,2.0,-82.0
1777890525.2303324,0.0,0.0,-79.0
1777890525.2403324,-3.0,3.0,-74.0
1777890525.2503324,-3.0,6.0,-72.0
1777890525.2603323,-2.0,10.0,-71.0
1777890525.2703323,-3.0,5.0,-69.0
1777890525.2803323,-3.0,6.0,-63.0
1777890525.2903323,-1.0,5.0,-69.0
1777890525.3003323,-3.0,3.0,-78.0
1777890525.3103323,-2.0,-1.0,-80.0
1777890525.3203323,1.0,-2.0,-77.0
1777890525.3303325,3.0,-2.0,-76.0
1777890525.3403325,2.0,-1.0,-78.0
1777890525.3503325,3.0,-1.0,-83.0
1777890525.3603325,3.0,0.0,-78.0
1777890525.3703325,4.0,1.0,-70.0
1777890525.3803325,4.0,0.0,-70.0
1777890525.3903325,7.0,0.0,-73.0
1777890525.4003325,6.0,0.0,-77.0
1777890525.4103324,3.0,0.0,-77.0
1777890525.4203324,3.0,-1.0,-75.0
1777890525.4303324,4.0,0.0,-76.0
1777890525.4403324,2.0,-3.0,-79.0
1777890525.4503324,1.0,-5.0,-72.0
1777890525.4603324,1.0,-10.0,-65.0
1777890525.4703324,-1.0,-7.0,-66.0
1777890525.4803324,-5.0,-1.0,-78.0
1777890525.4903324,-7.0,1.0,-78.0
1777890525.5003324,-7.0,4.0,-81.0
1777890525.5103323,-3.0,0.0,-78.0
1777890525.5203323,-4.0,0.0,-77.0
1777890525.5303323,-2.0,-1.0,-76.0
1777890525.5403323,-1.0,-3.0,-70.0
1777890525.5503323,-7.0,-4.0,-71.0
1777890525.5603323,-8.0,2.0,-75.0
1777890525.5703323,-1.0,3.0,-72.0
1777890525.5803325,-3.0,2.0,-76.0
1777890525.5903325,-3.0,1.0,-76.0
1777890525.6003325,0.0,3.0,-73.0
1777890525.6103325,-1.0,5.0,-74.0
1777890525.6203325,-4.0,5.0,-78.0
1777890525.6303325,-10.0,4.0,-81.0
1777890525.6403325,-9.0,4.0,-73.0
1777890525.6503325,-6.0,0.0,-72.0
1777890525.6603324,-4.0,-2.0,-78.0
1777890525.6703324,-2.0,-7.0,-77.0
1777890525.6803324,-2.0,-7.0,-78.0
1777890525.6903324,3.0,-5.0,-72.0
1777890525.7003324,4.0,-2.0,-71.0
1777890525.7103324,0.0,-2.0,-73.0
1777890525.7203324,1.0,-3.0,-71.0
1777890525.7303324,0.0,-3.0,-68.0
1777890525.7403324,0.0,-3.0,-69.0
1777890525.7503324,2.0,-1.0,-61.0
1777890525.7603323,1.0,1.0,-72.0
1777890525.7703323,3.0,0.0,-78.0
1777890525.7803323,0.0,0.0,-79.0
1777890525.7903323,0.0,-3.0,-78.0
1777890525.8003323,2.0,-3.0,-83.0
1777890525.8103323,3.0,0.0,-80.0
1777890525.8203323,4.0,2.0,-83.0
1777890525.8303325,3.0,2.0,-85.0
1777890525.8403325,4.0,2.0,-83.0
1777890525.8503325,3.0,0.0,-80.0
1777890525.8603325,2.0,0.0,-81.0
1777890525.8703325,8.0,-1.0,-92.0
1777890525.8803325,9.0,0.0,-86.0
1777890525.8903325,8.0,2.0,-83.0
1777890525.9003325,4.0,0.0,-82.0
1777890525.9103324,7.0,5.0,-79.0
1777890525.9203324,9.0,4.0,-81.0
1777890525.9303324,2.0,7.0,-81.0
1777890525.9403324,0.0,6.0,-78.0
1777890525.9503324,-1.0,5.0,-79.0
1777890525.9603324,1.0,1.0,-78.0
1777890525.9703324,4.0,1.0,-79.0
1777890525.9803324,4.0,5.0,-84.0
1777890525.9903324,-1.0,7.0,-84.0
1777890526.0003324,0.0,4.0,-81.0
1777890526.0113325,0.0,1.0,-83.0
1777890526.0203323,1.0,-5.0,-87.0
1777890526.0313325,3.0,-6.0,-86.0
1777890526.0413325,4.0,-8.0,-80.0
1777890526.0513325,0.0,-4.0,-79.0
1777890526.0613325,0.0,-2.0,-74.0
1777890526.0713325,0.0,-5.0,-77.0
1777890526.0813324,1.0,-3.0,-74.0
1777890526.0913324,-2.0,-3.0,-74.0
1777890526.1013324,-2.0,-2.0,-77.0
1777890526.1113324,0.0,0.0,-73.0
1777890526.1213324,-3.0,-3.0,-70.0
1777890526.1313324,-3.0,-7.0,-69.0
1777890526.1413324,1.0,-7.0,-74.0
1777890526.1513324,0.0,-7.0,-72.0
1777890526.1613324,1.0,-9.0,-80.0
1777890526.1713324,1.0,-8.0,-86.0
1777890526.1813323,1.0,-5.0,-82.0
1777890526.1913323,0.0,-10.0,-82.0
1777890526.2013323,0.0,-9.0,-87.0
1777890526.2113323,3.0,-9.0,-83.0
1777890526.2213323,1.0,-7.0,-81.0
1777890526.2313323,-3.0,-5.0,-76.0
1777890526.2413323,0.0,-5.0,-79.0
1777890526.2513323,-3.0,-6.0,-78.0
1777890526.2613325,0.0,-8.0,-74.0
1777890526.2713325,3.0,-8.0,-73.0
1777890526.2813325,0.0,-2.0,-73.0
1777890526.2913325,3.0,-2.0,-77.0
1777890526.3013325,1.0,-3.0,-77.0
1777890526.3113325,0.0,-4.0,-73.0
1777890526.3213325,0.0,-1.0,-69.0
1777890526.3313324,0.0,1.0,-68.0
1777890526.3413324,-2.0,0.0,-68.0
1777890526.3513324,0.0,1.0,-70.0
1777890526.3613324,0.0,1.0,-71.0
1777890526.3713324,-1.0,0.0,-67.0
1777890526.3813324,1.0,-3.0,-70.0
1777890526.3913324,4.0,-4.0,-70.0
1777890526.4013324,3.0,-5.0,-80.0
1777890526.4113324,1.0,-5.0,-80.0
1777890526.4213324,1.0,-7.0,-79.0
1777890526.4313323,1.0,-7.0,-82.0
1777890526.4413323,3.0,-6.0,-77.0
1777890526.4513323,1.0,-5.0,-75.0
1777890526.4613323,-1.0,-3.0,-76.0
1777890526.4713323,-5.0,0.0,-77.0
1777890526.4813323,-3.0,1.0,-78.0
1777890526.4913323,0.0,2.0,-81.0
1777890526.5013323,2.0,2.0,-80.0
1777890526.5113325,1.0,0.0,-70.0
1777890526.5213325,0.0,1.0,-69.0
1777890526.5313325,-1.0,0.0,-65.0
1777890526.5413325,3.0,0.0,-64.0
1777890526.5513325,5.0,-2.0,-65.0
1777890526.5613325,2.0,-2.0,-67.0
1777890526.5713325,0.0,0.0,-70.0
1777890526.5813324,-1.0,-3.0,-82.0
1777890526.5913324,0.0,-4.0,-84.0
1777890526.6013324,2.0,-5.0,-90.0
1777890526.6113324,4.0,-1.0,-87.0
1777890526.6213324,7.0,-1.0,-87.0
1777890526.6313324,2.0,-8.0,-89.0
1777890526.6413324,-1.0,-7.0,-89.0
1777890526.6513324,4.0,-7.0,-84.0
1777890526.6613324,5.0,-7.0,-82.0
1777890526.6713324,5.0,-9.0,-76.0
1777890526.6813323,3.0,-12.0,-72.0
1777890526.6913323,0.0,-12.0,-71.0
1777890526.7013323,-1.0,-10.0,-71.0
1777890526.7113323,-4.0,-8.0,-77.0
1777890526.7213323,0.0,-9.0,-75.0
1777890526.7313323,1.0,-10.0,-79.0
1777890526.7413323,0.0,-7.0,-75.0
1777890526.7513323,0.0,-6.0,-73.0
1777890526.7613325,0.0,-6.0,-74.0
1777890526.7713325,2.0,-8.0,-76.0
1777890526.7813325,2.0,-8.0,-75.0
1777890526.7913325,0.0,-5.0,-81.0
1777890526.8013325,2.0,0.0,-77.0
1777890526.8113325,-6.0,-2.0,-82.0
1777890526.8213325,-8.0,-3.0,-77.0
1777890526.8313324,-3.0,-1.0,-80.0
1777890526.8413324,0.0,-3.0,-78.0
1777890526.8513324,-1.0,1.0,-77.0
1777890526.8613324,0.0,0.0,-79.0
1777890526.8713324,1.0,0.0,-76.0
1777890526.8813324,2.0,-5.0,-77.0
1777890526.8913324,-1.0,-2.0,-79.0
1777890526.9013324,-3.0,-3.0,-79.0
1777890526.9113324,-1.0,-1.0,-72.0
1777890526.9213324,2.0,-6.0,-68.0
1777890526.9313323,6.0,-6.0,-64.0
1777890526.9413323,3.0,-5.0,-74.0
1777890526.9513323,4.0,-1.0,-83.0
1777890526.9613323,3.0,-4.0,-87.0
1777890526.9713323,8.0,-1.0,-91.0
1777890526.9813323,8.0,-3.0,-93.0
1777890526.9913323,7.0,-2.0,-85.0
1777890527.0013323,11.0,-1.0,-78.0
1777890527.0113325,9.0,2.0,-76.0
1777890527.0213325,9.0,3.0,-69.0
1777890527.0313325,10.0,0.0,-73.0
1777890527.0413325,7.0,0.0,-75.0
1777890527.0513325,2.0,0.0,-75.0
1777890527.0613325,5.0,-1.0,-74.0
1777890527.0713325,7.0,0.0,-74.0
1777890527.0813324,6.0,0.0,-72.0
1777890527.0913324,7.0,2.0,-73.0
1777890527.1013324,5.0,2.0,-71.0
1777890527.1113324,4.0,2.0,-70.0
1777890527.1213324,0.0,2.0,-72.0
1777890527.1313324,2.0,0.0,-71.0
1777890527.1413324,5.0,0.0,-78.0
1777890527.1513324,1.0,-4.0,-78.0
1777890527.1613324,-1.0,-1.0,-82.0
1777890527.1713324,0.0,1.0,-85.0
1777890527.1813323,-5.0,0.0,-79.0
1777890527.1913323,-8.0,-2.0,-81.0
1777890527.2013323,-2.0,-3.0,-84.0
1777890527.2113323,-2.0,-7.0,-77.0
1777890527.2213323,-2.0,-3.0,-72.0
1777890527.2313323,-1.0,1.0,-70.0
1777890527.2413323,1.0,0.0,-68.0
1777890527.2513323,2.0,0.0,-70.0
1777890527.2613325,0.0,1.0,-72.0
1777890527.2713325,1.0,2.0,-73.0
1777890527.2813325,-3.0,0.0,-72.0
1777890527.2913325,-3.0,-2.0,-75.0
1777890527.3013325,-4.0,-6.0,-77.0
1777890527.3113325,1.0,-3.0,-74.0
1777890527.3213325,2.0,-2.0,-72.0
1777890527.3313324,4.0,0.0,-69.0
1777890527.3413324,5.0,-2.0,-70.0
1777890527.3513324,7.0,-2.0,-76.0
1777890527.3613324,8.0,-2.0,-79.0
1777890527.3713324,5.0,-2.0,-84.0
1777890527.3813324,4.0,-3.0,-85.0
1777890527.3913324,7.0,-3.0,-88.0
1777890527.4013324,3.0,-2.0,-86.0
1777890527.4113324,1.0,-2.0,-87.0
1777890527.4213324,-1.0,-5.0,-89.0
1777890527.4313323,1.0,-6.0,-88.0
1777890527.4423325,-1.0,-8.0,-87.0
1777890527.4513323,-3.0,-2.0,-82.0
1777890527.4613323,0.0,0.0,-70.0
1777890527.4713323,-2.0,2.0,-69.0
1777890527.4813323,0.0,2.0,-64.0
1777890527.4913323,3.0,5.0,-72.0
1777890527.5013323,0.0,6.0,-71.0
1777890527.5113325,-4.0,6.0,-61.0
1777890527.5213325,-5.0,4.0,-61.0
1777890527.5313325,-4.0,0.0,-65.0
1777890527.5413325,0.0,1.0,-69.0
1777890527.5513325,-3.0,2.0,-73.0
1777890527.5613325,-6.0,5.0,-77.0
1777890527.5713325,-8.0,7.0,-79.0
1777890527.5813324,-7.0,3.0,-80.0
1777890527.5913324,-2.0,5.0,-81.0
1777890527.6013324,-1.0,8.0,-77.0
1777890527.6113324,0.0,5.0,-74.0
1777890527.6213324,2.0,6.0,-69.0
1777890527.6313324,5.0,2.0,-72.0
1777890527.6413324,1.0,0.0,-74.0
1777890527.6513324,0.0,-3.0,-66.0
1777890527.6613324,1.0,-1.0,-69.0
1777890527.6713324,2.0,0.0,-70.0
1777890527.6813323,1.0,0.0,-67.0
1777890527.6913323,0.0,2.0,-68.0
1777890527.7013323,1.0,2.0,-71.0
1777890527.7113323,3.0,5.0,-78.0
1777890527.7213323,-3.0,3.0,-74.0
1777890527.7313323,-6.0,0.0,-76.0
1777890527.7413323,-4.0,2.0,-69.0
1777890527.7513323,-6.0,3.0,-71.0
1777890527.7613325,-5.0,1.0,-74.0
1777890527.7713325,-6.0,3.0,-71.0
1777890527.7813325,-4.0,4.0,-72.0
1777890527.7913325,-4.0,5.0,-74.0
1777890527.8013325,-2.0,0.0,-74.0
1777890527.8113325,3.0,2.0,-78.0
1777890527.8213325,4.0,3.0,-81.0
1777890527.8313324,3.0,6.0,-80.0
1777890527.8413324,1.0,2.0,-73.0
1777890527.8513324,3.0,3.0,-72.0
1777890527.8613324,4.0,6.0,-75.0
1777890527.8713324,0.0,3.0,-77.0
1777890527.8813324,0.0,3.0,-82.0
1777890527.8913324,-2.0,3.0,-80.0
1777890527.9013324,3.0,6.0,-78.0
1777890527.9113324,3.0,5.0,-70.0
1777890527.9213324,4.0,0.0,-72.0
1777890527.9313323,0.0,-5.0,-75.0
1777890527.9413323,0.0,-2.0,-70.0
1777890527.9513323,5.0,-2.0,-76.0
1777890527.9613323,5.0,-2.0,-77.0
1777890527.9713323,6.0,1.0,-79.0
1777890527.9813323,4.0,3.0,-78.0
1777890527.9923325,6.0,2.0,-72.0
1777890528.0013323,8.0,1.0,-71.0
1777890528.0123324,7.0,0.0,-69.0
1777890528.0213325,4.0,0.0,-69.0
1777890528.0323324,1.0,-1.0,-75.0
1777890528.0423324,3.0,-3.0,-74.0
1777890528.0523324,0.0,-4.0,-74.0
1777890528.0623324,1.0,-7.0,-74.0
1777890528.0723324,0.0,-7.0,-73.0
1777890528.0823324,0.0,-9.0,-76.0
1777890528.0923324,-2.0,-6.0,-77.0
1777890528.1023324,-5.0,-2.0,-79.0
1777890528.1123323,-8.0,1.0,-78.0
1777890528.1223323,-10.0,1.0,-77.0
1777890528.1323323,-8.0,1.0,-72.0
1777890528.1423323,-1.0,0.0,-70.0
1777890528.1523323,4.0,0.0,-75.0
1777890528.1623323,1.0,0.0,-76.0
1777890528.1723323,1.0,-1.0,-76.0
1777890528.1823325,5.0,2.0,-79.0
1777890528.1923325,3.0,1.0,-78.0
1777890528.2023325,5.0,-4.0,-78.0
1777890528.2123325,5.0,-6.0,-74.0
1777890528.2223325,4.0,-5.0,-72.0
1777890528.2323325,4.0,-1.0,-74.0
1777890528.2423325,5.0,2.0,-82.0
1777890528.2523324,12.0,6.0,-79.0
1777890528.2623324,10.0,5.0,-74.0
1777890528.2723324,7.0,3.0,-70.0
1777890528.2823324,4.0,-1.0,-75.0
1777890528.2923324,6.0,1.0,-71.0
1777890528.3023324,4.0,0.0,-70.0
1777890528.3123324,3.0,-2.0,-69.0
1777890528.3223324,1.0,2.0,-77.0
1777890528.3323324,0.0,0.0,-74.0
1777890528.3423324,0.0,0.0,-67.0
1777890528.3523324,1.0,0.0,-74.0
1777890528.3623323,5.0,2.0,-76.0
1777890528.3723323,1.0,2.0,-78.0
1777890528.3823323,0.0,3.0,-81.0
1777890528.3923323,4.0,4.0,-78.0
1777890528.4023323,0.0,1.0,-78.0
1777890528.4123323,2.0,-1.0,-77.0
1777890528.4223323,4.0,4.0,-77.0
1777890528.4323325,5.0,3.0,-73.0
1777890528.4423325,2.0,3.0,-62.0
1777890528.4523325,2.0,3.0,-59.0
1777890528.4623325,3.0,2.0,-68.0
1777890528.4723325,7.0,8.0,-72.0
1777890528.4823325,1.0,5.0,-68.0
1777890528.4923325,-1.0,8.0,-72.0
1777890528.5023324,1.0,4.0,-73.0
1777890528.5123324,-3.0,6.0,-69.0
1777890528.5223324,0.0,3.0,-72.0
1777890528.5323324,0.0,5.0,-71.0
1777890528.5423324,-2.0,8.0,-74.0
1777890528.5523324,1.0,6.0,-72.0
1777890528.5623324,2.0,6.0,-67.0
1777890528.5723324,3.0,4.0,-66.0
1777890528.5823324,4.0,6.0,-64.0
1777890528.5923324,3.0,7.0,-64.0
1777890528.6023324,1.0,7.0,-68.0
1777890528.6123323,-4.0,9.0,-68.0
1777890528.6223323,-3.0,6.0,-76.0
1777890528.6323323,1.0,1.0,-73.0
1777890528.6423323,0.0,1.0,-65.0
1777890528.6523323,0.0,0.0,-71.0
1777890528.6623323,0.0,3.0,-71.0
1777890528.6723323,0.0,1.0,-68.0
1777890528.6823325,0.0,1.0,-67.0
1777890528.6923325,1.0,3.0,-69.0
1777890528.7023325,0.0,1.0,-66.0
1777890528.7123325,-4.0,5.0,-61.0
1777890528.7223325,-2.0,6.0,-66.0
1777890528.7323325,0.0,9.0,-73.0
1777890528.7423325,2.0,9.0,-72.0
1777890528.7523324,4.0,5.0,-69.0
1777890528.7623324,2.0,5.0,-58.0
1777890528.7723324,5.0,3.0,-63.0
1777890528.7823324,0.0,5.0,-59.0
1777890528.7923324,0.0,5.0,-64.0
1777890528.8023324,-1.0,7.0,-68.0
1777890528.8123324,-4.0,6.0,-66.0
1777890528.8223324,-1.0,3.0,-64.0
1777890528.8323324,0.0,5.0,-65.0
1777890528.8423324,2.0,2.0,-66.0
1777890528.8523324,2.0,1.0,-66.0
1777890528.8623323,0.0,0.0,-70.0
1777890528.8723323,1.0,-2.0,-73.0
1777890528.8823323,3.0,0.0,-75.0
1777890528.8923323,0.0,2.0,-69.0
1777890528.9023323,-2.0,1.0,-69.0
1777890528.9123323,2.0,-1.0,-70.0
1777890528.9223323,0.0,-1.0,-63.0
1777890528.9323325,-1.0,-3.0,-66.0
1777890528.9423325,0.0,-3.0,-69.0
1777890528.9523325,1.0,-3.0,-69.0
1777890528.9623325,0.0,-3.0,-68.0
1777890528.9723325,2.0,-2.0,-68.0
1777890528.9823325,1.0,-2.0,-74.0
1777890528.9923325,2.0,0.0,-79.0
1777890529.0023324,3.0,3.0,-83.0
1777890529.0123324,-2.0,3.0,-85.0
1777890529.0223324,-2.0,2.0,-86.0
1777890529.0323324,0.0,1.0,-81.0
1777890529.0423324,1.0,4.0,-75.0
1777890529.0523324,0.0,0.0,-71.0
1777890529.0623324,2.0,-2.0,-78.0
1777890529.0723324,6.0,-2.0,-76.0
1777890529.0823324,8.0,-3.0,-73.0
1777890529.0923324,8.0,-3.0,-68.0
1777890529.1023324,7.0,-2.0,-75.0
1777890529.1123323,3.0,-3.0,-82.0
1777890529.1223323,2.0,-3.0,-78.0
1777890529.1323323,-1.0,-3.0,-77.0
1777890529.1423323,-2.0,-4.0,-72.0
1777890529.1523323,2.0,-5.0,-75.0
1777890529.1623323,4.0,-2.0,-72.0
1777890529.1723323,8.0,-3.0,-65.0
1777890529.1823325,4.0,-3.0,-61.0
1777890529.1923325,4.0,-5.0,-67.0
1777890529.2023325,5.0,-5.0,-69.0
1777890529.2123325,8.0,-4.0,-64.0
1777890529.2223325,5.0,-4.0,-60.0
1777890529.2323325,4.0,-4.0,-56.0
1777890529.2423325,7.0,-1.0,-55.0
1777890529.2523324,7.0,-1.0,-64.0
1777890529.2623324,7.0,-3.0,-70.0
1777890529.2723324,3.0,0.0,-69.0
1777890529.2823324,-2.0,3.0,-66.0
1777890529.2923324,-3.0,-1.0,-64.0
1777890529.3023324,4.0,-3.0,-66.0
1777890529.3123324,4.0,-1.0,-66.0
1777890529.3223324,4.0,-4.0,-67.0
1777890529.3323324,-1.0,-4.0,-63.0
1777890529.3423324,0.0,0.0,-60.0
1777890529.3523324,-1.0,-3.0,-70.0
1777890529.3623323,0.0,0.0,-65.0
1777890529.3723323,-3.0,-2.0,-67.0
1777890529.3823323,3.0,-2.0,-68.0
1777890529.3923323,3.0,-5.0,-73.0
1777890529.4023323,0.0,-6.0,-80.0
1777890529.4123323,1.0,-6.0,-84.0
1777890529.4223323,2.0,-5.0,-86.0
1777890529.4323325,0.0,-3.0,-84.0
1777890529.4423325,0.0,-5.0,-69.0
1777890529.4523325,0.0,-6.0,-65.0
1777890529.4623325,2.0,-6.0,-67.0
1777890529.4733324,3.0,-7.0,-69.0
1777890529.4823325,7.0,-8.0,-70.0
1777890529.4923325,7.0,-9.0,-74.0
1777890529.5023324,4.0,-9.0,-78.0
1777890529.5123324,2.0,-4.0,-73.0
1777890529.5223324,1.0,-1.0,-75.0
1777890529.5323324,-2.0,-6.0,-79.0
1777890529.5423324,-6.0,-6.0,-80.0
1777890529.5523324,-3.0,-4.0,-78.0
1777890529.5623324,0.0,-4.0,-81.0
1777890529.5723324,-4.0,-4.0,-73.0
1777890529.5823324,-3.0,-6.0,-73.0
1777890529.5923324,-5.0,-4.0,-74.0
1777890529.6023324,-1.0,-3.0,-79.0
1777890529.6123323,0.0,-2.0,-78.0
1777890529.6223323,2.0,0.0,-77.0
1777890529.6323323,7.0,-1.0,-79.0
1777890529.6423323,7.0,-4.0,-79.0
1777890529.6523323,7.0,-6.0,-78.0
1777890529.6623323,4.0,-7.0,-77.0
1777890529.6723323,-2.0,-6.0,-72.0
1777890529.6823325,0.0,-8.0,-69.0
1777890529.6923325,1.0,-6.0,-75.0
1777890529.7023325,3.0,-6.0,-80.0
1777890529.7123325,6.0,-4.0,-84.0
1777890529.7223325,5.0,0.0,-87.0
1777890529.7323325,3.0,-2.0,-88.0
1777890529.7423325,-1.0,-6.0,-87.0
1777890529.7523324,-6.0,-5.0,-79.0
1777890529.7623324,-5.0,-4.0,-76.0
1777890529.7723324,0.0,-5.0,-74.0
1777890529.7823324,2.0,-3.0,-76.0
1777890529.7923324,3.0,-1.0,-79.0
1777890529.8023324,0.0,0.0,-77.0
1777890529.8123324,0.0,-1.0,-77.0
1777890529.8223324,-2.0,0.0,-76.0
1777890529.8323324,-2.0,0.0,-75.0
1777890529.8423324,-2.0,2.0,-77.0
1777890529.8523324,1.0,6.0,-73.0
1777890529.8623323,2.0,4.0,-76.0
1777890529.8723323,4.0,3.0,-76.0
1777890529.8823323,5.0,0.0,-75.0
1777890529.8923323,5.0,-5.0,-76.0
1777890529.9023323,2.0,-4.0,-70.0
1777890529.9123323,-1.0,-4.0,-69.0
1777890529.9223323,0.0,-3.0,-73.0
1777890529.9323325,1.0,0.0,-70.0
1777890529.9423325,3.0,7.0,-72.0
1777890529.9523325,0.0,3.0,-73.0
1777890529.9623325,-5.0,0.0,-76.0
1777890529.9723325,-6.0,1.0,-72.0
1777890529.9823325,-7.0,0.0,-72.0
1777890529.9933324,-6.0,0.0,-74.0
1777890530.0033324,-7.0,0.0,-72.0
1777890530.0133324,-7.0,1.0,-81.0
1777890530.0233324,-6.0,0.0,-79.0
1777890530.0333323,-1.0,-2.0,-80.0
1777890530.0433323,2.0,-5.0,-76.0
1777890530.0533323,0.0,-1.0,-72.0
1777890530.0633323,2.0,0.0,-76.0
1777890530.0733323,1.0,2.0,-75.0
1777890530.0833323,-2.0,1.0,-75.0
1777890530.0933323,0.0,-1.0,-78.0
1777890530.1033323,0.0,-3.0,-82.0
1777890530.1133325,1.0,-3.0,-78.0
1777890530.1233325,6.0,-3.0,-75.0
1777890530.1333325,3.0,-3.0,-72.0
1777890530.1433325,1.0,0.0,-70.0
1777890530.1533325,3.0,-1.0,-64.0
1777890530.1633325,0.0,-2.0,-60.0
1777890530.1733325,1.0,-3.0,-64.0
1777890530.1833324,-2.0,-5.0,-63.0
1777890530.1933324,0.0,-7.0,-65.0
1777890530.2033324,6.0,-2.0,-69.0
1777890530.2133324,8.0,-4.0,-68.0
1777890530.2233324,8.0,-6.0,-70.0
1777890530.2333324,8.0,-3.0,-72.0
1777890530.2433324,5.0,-5.0,-79.0
1777890530.2533324,5.0,-3.0,-75.0
1777890530.2633324,3.0,-4.0,-68.0
1777890530.2733324,1.0,-10.0,-71.0
1777890530.2833323,4.0,-9.0,-66.0
1777890530.2933323,3.0,-7.0,-70.0
1777890530.3033323,6.0,-3.0,-75.0
1777890530.3133323,2.0,-8.0,-78.0
1777890530.3233323,2.0,-4.0,-79.0
1777890530.3333323,3.0,-1.0,-78.0
1777890530.3433323,1.0,-2.0,-75.0
1777890530.3533323,0.0,1.0,-70.0
1777890530.3633325,-2.0,3.0,-73.0
1777890530.3733325,2.0,5.0,-69.0
1777890530.3833325,3.0,5.0,-73.0
1777890530.3933325,4.0,6.0,-77.0
1777890530.4033325,8.0,5.0,-80.0
1777890530.4133325,6.0,4.0,-75.0
1777890530.4233325,7.0,2.0,-75.0
1777890530.4333324,1.0,-1.0,-76.0
1777890530.4433324,0.0,-2.0,-80.0
1777890530.4533324,3.0,-2.0,-73.0
1777890530.4633324,5.0,-1.0,-75.0
1777890530.4733324,6.0,-1.0,-68.0
1777890530.4833324,5.0,-1.0,-66.0
1777890530.4933324,5.0,-4.0,-71.0
1777890530.5033324,1.0,-8.0,-74.0
1777890530.5133324,0.0,-9.0,-69.0
1777890530.5233324,-1.0,-5.0,-72.0
1777890530.5333323,-5.0,-5.0,-70.0
1777890530.5433323,-4.0,-6.0,-73.0
1777890530.5533323,1.0,-5.0,-68.0
1777890530.5633323,2.0,-7.0,-66.0
1777890530.5733323,3.0,-7.0,-72.0
1777890530.5833323,3.0,-4.0,-75.0
1777890530.5933323,2.0,-1.0,-72.0
1777890530.6033323,4.0,0.0,-70.0
1777890530.6133325,5.0,0.0,-74.0
1777890530.6233325,5.0,-8.0,-76.0
1777890530.6333325,3.0,-8.0,-80.0
1777890530.6433325,3.0,-6.0,-72.0
1777890530.6533325,4.0,-6.0,-77.0
1777890530.6633325,4.0,-4.0,-78.0
1777890530.6733325,1.0,-3.0,-72.0
1777890530.6833324,0.0,-3.0,-74.0
1777890530.6933324,-1.0,-3.0,-75.0
1777890530.7033324,3.0,-2.0,-69.0
1777890530.7133324,7.0,0.0,-76.0
1777890530.7233324,5.0,0.0,-84.0
1777890530.7333324,1.0,2.0,-84.0
1777890530.7433324,0.0,2.0,-82.0
1777890530.7533324,4.0,2.0,-80.0
1777890530.7633324,6.0,0.0,-76.0
1777890530.7733324,0.0,-4.0,-76.0
1777890530.7833323,-5.0,0.0,-80.0
1777890530.7933323,-4.0,-1.0,-84.0
1777890530.8033323,1.0,0.0,-81.0
1777890530.8133323,3.0,1.0,-80.0
1777890530.8233323,2.0,1.0,-80.0
1777890530.8333323,0.0,1.0,-73.0
1777890530.8433323,-1.0,2.0,-69.0
1777890530.8533323,-2.0,3.0,-66.0
1777890530.8633325,0.0,5.0,-63.0
1777890530.8733325,0.0,7.0,-72.0
1777890530.8833325,1.0,7.0,-73.0
1777890530.8933325,0.0,3.0,-71.0
1777890530.9033325,-1.0,3.0,-68.0
1777890530.9133325,4.0,1.0,-75.0
1777890530.9233325,0.0,-1.0,-66.0
1777890530.9333324,-3.0,-6.0,-61.0
1777890530.9433324,-2.0,-7.0,-59.0
1777890530.9533324,-1.0,-11.0,-60.0
1777890530.9633324,-2.0,-7.0,-67.0
1777890530.9733324,-3.0,-6.0,-68.0
1777890530.9833324,-2.0,-6.0,-60.0
1777890530.9933324,-1.0,-3.0,-63.0
1777890531.0033324,-1.0,-1.0,-69.0
1777890531.0133324,-2.0,-3.0,-72.0
1777890531.0233324,-1.0,-2.0,-73.0
1777890531.0333323,-2.0,1.0,-79.0
1777890531.0433323,-1.0,4.0,-76.0
1777890531.0533323,-1.0,0.0,-73.0
1777890531.0633323,-1.0,2.0,-65.0
1777890531.0733323,0.0,-1.0,-70.0
1777890531.0833323,-3.0,0.0,-76.0
1777890531.0933323,3.0,-2.0,-73.0
1777890531.1033323,7.0,-1.0,-67.0
1777890531.1133325,11.0,-3.0,-71.0
1777890531.1233325,9.0,-3.0,-76.0
1777890531.1333325,2.0,-1.0,-80.0
1777890531.1433325,2.0,0.0,-75.0
1777890531.1533325,0.0,0.0,-68.0
1777890531.1633325,1.0,0.0,-66.0
1777890531.1733325,-3.0,3.0,-64.0
1777890531.1833324,-2.0,3.0,-73.0
1777890531.1933324,1.0,3.0,-71.0
1777890531.2033324,4.0,0.0,-74.0
1777890531.2133324,5.0,-2.0,-75.0
1777890531.2233324,6.0,-3.0,-76.0
1777890531.2333324,4.0,-4.0,-74.0
1777890531.2433324,1.0,-3.0,-72.0
1777890531.2533324,0.0,-8.0,-76.0
1777890531.2633324,-3.0,-7.0,-78.0
1777890531.2733324,-1.0,-4.0,-75.0
1777890531.2833323,0.0,-2.0,-73.0
1777890531.2933323,0.0,-3.0,-76.0
1777890531.3033323,0.0,-4.0,-72.0
1777890531.3133323,-4.0,-2.0,-70.0
1777890531.3233323,-4.0,0.0,-67.0
1777890531.3333323,-3.0,-2.0,-74.0
1777890531.3433323,0.0,1.0,-71.0
1777890531.3533323,0.0,1.0,-70.0
1777890531.3633325,-1.0,0.0,-79.0
1777890531.3733325,0.0,-2.0,-80.0
1777890531.3833325,2.0,-1.0,-79.0
1777890531.3933325,-1.0,2.0,-77.0
1777890531.4033325,-3.0,-2.0,-74.0
1777890531.4133325,-4.0,-1.0,-68.0
1777890531.4233325,-1.0,-4.0,-65.0
1777890531.4333324,-2.0,-1.0,-73.0
1777890531.4433324,0.0,0.0,-75.0
1777890531.4533324,0.0,0.0,-70.0
1777890531.4633324,-2.0,0.0,-71.0
1777890531.4733324,0.0,-4.0,-70.0
1777890531.4833324,0.0,-6.0,-64.0
1777890531.4933324,2.0,-4.0,-66.0
1777890531.5033324,0.0,0.0,-68.0
1777890531.5133324,0.0,2.0,-73.0
1777890531.5233324,5.0,3.0,-80.0
1777890531.5333323,2.0,2.0,-75.0
1777890531.5433323,3.0,4.0,-79.0
1777890531.5533323,4.0,5.0,-80.0
1777890531.5633323,6.0,2.0,-84.0
1777890531.5733323,5.0,4.0,-84.0
1777890531.5833323,3.0,9.0,-86.0
1777890531.5933323,-2.0,8.0,-75.0
1777890531.6033323,-2.0,3.0,-74.0
1777890531.6133325,0.0,1.0,-74.0
1777890531.6233325,6.0,5.0,-79.0
1777890531.6333325,9.0,3.0,-76.0
1777890531.6433325,3.0,4.0,-71.0
1777890531.6533325,2.0,1.0,-72.0
1777890531.6633325,0.0,1.0,-78.0
1777890531.6733325,0.0,2.0,-77.0
1777890531.6833324,2.0,3.0,-77.0
1777890531.6933324,4.0,0.0,-76.0
1777890531.7033324,5.0,-1.0,-68.0
1777890531.7133324,3.0,0.0,-65.0
1777890531.7233324,4.0,2.0,-68.0
1777890531.7333324,4.0,-1.0,-79.0
1777890531.7433324,4.0,-4.0,-81.0
1777890531.7533324,5.0,-3.0,-80.0
1777890531.7633324,3.0,-2.0,-76.0
1777890531.7733324,0.0,-1.0,-81.0
1777890531.7833323,1.0,0.0,-75.0
1777890531.7933323,2.0,-1.0,-73.0
1777890531.8033323,4.0,0.0,-72.0
1777890531.8133323,2.0,3.0,-72.0
1777890531.8233323,-1.0,1.0,-71.0
1777890531.8333323,-4.0,0.0,-68.0
1777890531.8433323,-6.0,4.0,-76.0
1777890531.8533323,-1.0,3.0,-77.0
1777890531.8633325,-3.0,6.0,-80.0
1777890531.8733325,-6.0,4.0,-77.0
1777890531.8833325,-1.0,2.0,-82.0
1777890531.8933325,-1.0,3.0,-82.0
1777890531.9033325,-1.0,0.0,-77.0
1777890531.9133325,-3.0,-2.0,-77.0
1777890531.9233325,-4.0,-1.0,-82.0
1777890531.9333324,-2.0,-1.0,-86.0
1777890531.9433324,4.0,0.0,-84.0
1777890531.9533324,4.0,0.0,-84.0
1777890531.9633324,6.0,0.0,-89.0
1777890531.9733324,6.0,0.0,-92.0
1777890531.9833324,1.0,0.0,-92.0
1777890531.9943323,0.0,-1.0,-85.0
1777890532.0043323,-2.0,-4.0,-91.0
1777890532.0143323,-1.0,-4.0,-94.0
1777890532.0243323,0.0,-5.0,-92.0
1777890532.0343325,0.0,-2.0,-91.0
1777890532.0443325,-1.0,-6.0,-85.0
1777890532.0543325,2.0,-5.0,-80.0
1777890532.0643325,3.0,-2.0,-84.0
1777890532.0743325,2.0,-1.0,-75.0
1777890532.0843325,0.0,-4.0,-72.0
1777890532.0943325,2.0,-5.0,-68.0
1777890532.1043324,6.0,-3.0,-70.0
1777890532.1143324,6.0,-6.0,-80.0
1777890532.1243324,4.0,-6.0,-80.0
1777890532.1343324,0.0,-7.0,-80.0
1777890532.1443324,1.0,-1.0,-79.0
1777890532.1543324,3.0,0.0,-79.0
1777890532.1643324,4.0,-3.0,-77.0
1777890532.1743324,2.0,-1.0,-75.0
1777890532.1843324,0.0,-1.0,-73.0
1777890532.1943324,-3.0,-1.0,-75.0
1777890532.2043324,0.0,4.0,-69.0
1777890532.2143323,-3.0,5.0,-69.0
1777890532.2243323,-4.0,0.0,-72.0
1777890532.2343323,0.0,-2.0,-74.0
1777890532.2443323,1.0,-5.0,-80.0
1777890532.2543323,0.0,-3.0,-82.0
1777890532.2643323,3.0,-5.0,-80.0
1777890532.2743323,4.0,-3.0,-87.0
1777890532.2843325,2.0,-2.0,-78.0
1777890532.2943325,3.0,-2.0,-81.0
1777890532.3043325,3.0,-2.0,-76.0
1777890532.3143325,4.0,0.0,-76.0
1777890532.3243325,5.0,2.0,-73.0
1777890532.3343325,2.0,6.0,-65.0
1777890532.3443325,0.0,4.0,-70.0
1777890532.3543324,-3.0,1.0,-71.0
1777890532.3643324,-6.0,1.0,-75.0
1777890532.3743324,-4.0,-2.0,-68.0
1777890532.3843324,-1.0,2.0,-62.0
1777890532.3943324,-2.0,6.0,-67.0
1777890532.4043324,-5.0,8.0,-71.0
1777890532.4143324,-8.0,1.0,-77.0
1777890532.4243324,-2.0,2.0,-72.0
1777890532.4343324,-1.0,1.0,-69.0
1777890532.4443324,1.0,1.0,-68.0
1777890532.4543324,2.0,2.0,-74.0
1777890532.4643323,3.0,0.0,-78.0
1777890532.4753325,-3.0,0.0,-75.0
1777890532.4843323,-3.0,1.0,-76.0
1777890532.4943323,-2.0,-3.0,-71.0
1777890532.5043323,0.0,-4.0,-66.0
1777890532.5143323,1.0,0.0,-73.0
1777890532.5243323,2.0,2.0,-79.0
1777890532.5343325,5.0,1.0,-75.0
1777890532.5443325,9.0,1.0,-70.0
1777890532.5543325,12.0,1.0,-70.0
1777890532.5643325,9.0,-1.0,-72.0
1777890532.5743325,6.0,0.0,-70.0
1777890532.5843325,4.0,-2.0,-72.0
1777890532.5943325,2.0,-4.0,-64.0
1777890532.6043324,5.0,-1.0,-67.0
1777890532.6143324,3.0,-4.0,-69.0
1777890532.6243324,-1.0,-5.0,-74.0
1777890532.6343324,-3.0,-3.0,-72.0
1777890532.6443324,0.0,-3.0,-69.0
1777890532.6543324,0.0,-3.0,-65.0
1777890532.6643324,1.0,-2.0,-59.0
1777890532.6743324,0.0,-1.0,-57.0
1777890532.6843324,0.0,-3.0,-57.0
1777890532.6943324,-1.0,-5.0,-67.0
1777890532.7043324,0.0,-2.0,-63.0
1777890532.7143323,-2.0,-5.0,-62.0
1777890532.7243323,-1.0,-5.0,-62.0
1777890532.7343323,4.0,-6.0,-68.0
1777890532.7443323,4.0,-3.0,-75.0
1777890532.7543323,4.0,-2.0,-81.0
1777890532.7643323,4.0,-1.0,-74.0
1777890532.7743323,0.0,1.0,-79.0
1777890532.7843325,3.0,0.0,-78.0
1777890532.7943325,6.0,0.0,-75.0
1777890532.8043325,8.0,0.0,-70.0
1777890532.8143325,4.0,0.0,-67.0
1777890532.8243325,1.0,-2.0,-70.0
1777890532.8343325,0.0,-1.0,-70.0
1777890532.8443325,-1.0,-3.0,-78.0
1777890532.8543324,1.0,-5.0,-85.0
1777890532.8643324,0.0,-2.0,-83.0
1777890532.8743324,3.0,-3.0,-78.0
1777890532.8843324,1.0,-3.0,-79.0
1777890532.8943324,0.0,-7.0,-81.0
1777890532.9043324,-1.0,-9.0,-88.0
1777890532.9143324,-3.0,-5.0,-88.0
1777890532.9243324,-3.0,-3.0,-81.0
1777890532.9343324,-7.0,-2.0,-81.0
1777890532.9443324,-3.0,-2.0,-82.0
1777890532.9543324,-1.0,0.0,-82.0
1777890532.9643323,-2.0,-1.0,-81.0
1777890532.9743323,0.0,2.0,-81.0
1777890532.9843323,0.0,1.0,-82.0
1777890532.9943323,0.0,-2.0,-77.0
1777890533.0043323,0.0,-6.0,-74.0
1777890533.0143323,3.0,-7.0,-64.0
1777890533.0243323,2.0,-4.0,-71.0
1777890533.0343325,5.0,-1.0,-66.0
1777890533.0443325,2.0,-2.0,-65.0
1777890533.0543325,0.0,0.0,-71.0
1777890533.0643325,0.0,0.0,-67.0
1777890533.0743325,1.0,-1.0,-72.0
1777890533.0843325,1.0,-4.0,-70.0
1777890533.0943325,0.0,1.0,-63.0
1777890533.1043324,-1.0,0.0,-66.0
1777890533.1143324,0.0,-1.0,-68.0
1777890533.1243324,3.0,-2.0,-70.0
1777890533.1343324,3.0,0.0,-74.0
1777890533.1443324,7.0,0.0,-76.0
1777890533.1543324,3.0,0.0,-77.0
1777890533.1643324,8.0,0.0,-70.0
1777890533.1743324,7.0,1.0,-70.0
1777890533.1843324,0.0,-2.0,-71.0
1777890533.1943324,-6.0,-3.0,-79.0
1777890533.2043324,-8.0,-4.0,-76.0
1777890533.2143323,-5.0,0.0,-63.0
1777890533.2243323,-4.0,-4.0,-60.0
1777890533.2343323,-3.0,-7.0,-63.0
1777890533.2443323,-5.0,-2.0,-73.0
1777890533.2543323,0.0,0.0,-74.0
1777890533.2643323,1.0,-1.0,-73.0
1777890533.2743323,2.0,2.0,-66.0
1777890533.2843325,5.0,3.0,-69.0
1777890533.2943325,2.0,2.0,-71.0
1777890533.3043325,1.0,-4.0,-72.0
1777890533.3143325,3.0,-5.0,-67.0
1777890533.3243325,4.0,-6.0,-71.0
1777890533.3343325,-1.0,-6.0,-67.0
1777890533.3443325,-2.0,-7.0,-70.0
1777890533.3543324,1.0,-4.0,-70.0
1777890533.3643324,4.0,-2.0,-67.0
1777890533.3743324,4.0,-2.0,-63.0
1777890533.3843324,1.0,-3.0,-63.0
1777890533.3943324,-1.0,-1.0,-60.0
1777890533.4043324,-1.0,0.0,-59.0
1777890533.4143324,0.0,8.0,-70.0
1777890533.4243324,0.0,11.0,-65.0
1777890533.4343324,-2.0,6.0,-67.0
1777890533.4443324,-3.0,8.0,-69.0
1777890533.4543324,-2.0,6.0,-71.0
1777890533.4643323,2.0,4.0,-61.0
1777890533.4743323,5.0,5.0,-62.0
1777890533.4843323,6.0,4.0,-66.0
1777890533.4943323,7.0,-1.0,-69.0
1777890533.5043323,7.0,-4.0,-68.0
1777890533.5143323,9.0,-3.0,-66.0
1777890533.5243323,6.0,-4.0,-64.0
1777890533.5343325,9.0,-5.0,-67.0
1777890533.5443325,4.0,-4.0,-67.0
1777890533.5543325,3.0,-5.0,-70.0
1777890533.5643325,1.0,-4.0,-82.0
1777890533.5743325,4.0,-6.0,-78.0
1777890533.5843325,0.0,-3.0,-79.0
1777890533.5943325,-1.0,-4.0,-78.0
1777890533.6043324,-3.0,-4.0,-83.0
1777890533.6143324,-1.0,-5.0,-83.0
1777890533.6243324,-2.0,-3.0,-78.0
1777890533.6343324,-2.0,-3.0,-80.0
1777890533.6443324,0.0,0.0,-85.0
1777890533.6543324,3.0,2.0,-93.0
1777890533.6643324,6.0,5.0,-85.0
1777890533.6743324,1.0,3.0,-80.0
1777890533.6843324,5.0,5.0,-80.0
1777890533.6943324,6.0,1.0,-78.0
1777890533.7043324,6.0,0.0,-77.0
1777890533.7143323,8.0,0.0,-76.0
1777890533.7243323,6.0,0.0,-77.0
1777890533.7343323,5.0,-3.0,-77.0
1777890533.7443323,4.0,-3.0,-77.0
1777890533.7543323,0.0,-4.0,-85.0
1777890533.7643323,0.0,-4.0,-85.0
1777890533.7743323,-2.0,-9.0,-84.0
1777890533.7843325,0.0,-6.0,-82.0
1777890533.7943325,-1.0,-5.0,-77.0
1777890533.8043325,2.0,-5.0,-80.0
1777890533.8143325,1.0,-7.0,-82.0
1777890533.8243325,2.0,-10.0,-73.0
1777890533.8343325,0.0,-7.0,-70.0
1777890533.8443325,-3.0,-3.0,-69.0
1777890533.8543324,0.0,-5.0,-69.0
1777890533.8643324,-2.0,-5.0,-68.0
1777890533.8743324,0.0,-4.0,-68.0
1777890533.8843324,1.0,-2.0,-71.0
1777890533.8943324,2.0,-1.0,-70.0
1777890533.9043324,0.0,0.0,-72.0
1777890533.9143324,-6.0,0.0,-75.0
1777890533.9243324,-7.0,-2.0,-72.0
1777890533.9343324,-2.0,-3.0,-73.0
1777890533.9443324,5.0,-2.0,-80.0
1777890533.9543324,5.0,-2.0,-81.0
1777890533.9653325,3.0,-1.0,-88.0
1777890533.9753325,3.0,-1.0,-85.0
1777890533.9853325,3.0,0.0,-80.0
1777890533.9953325,0.0,3.0,-75.0
1777890534.0053325,-4.0,3.0,-77.0
1777890534.0153325,-6.0,-1.0,-69.0
1777890534.0253325,-3.0,-2.0,-71.0
1777890534.0353324,-7.0,0.0,-74.0
1777890534.0453324,-5.0,0.0,-69.0
1777890534.0553324,-1.0,0.0,-69.0
1777890534.0653324,0.0,1.0,-73.0
1777890534.0753324,-5.0,1.0,-70.0
1777890534.0853324,-2.0,1.0,-77.0
1777890534.0953324,-2.0,2.0,-75.0
1777890534.1053324,-9.0,4.0,-76.0
1777890534.1153324,-6.0,4.0,-79.0
1777890534.1253324,-7.0,0.0,-77.0
1777890534.1353323,-4.0,-2.0,-75.0
1777890534.1453323,-4.0,-2.0,-75.0
1777890534.1553323,0.0,-2.0,-80.0
1777890534.1653323,0.0,-1.0,-81.0
1777890534.1753323,0.0,-2.0,-75.0
1777890534.1853323,0.0,-1.0,-75.0
1777890534.1953323,2.0,-3.0,-74.0
1777890534.2053325,1.0,-2.0,-81.0
1777890534.2153325,3.0,-2.0,-77.0
1777890534.2253325,3.0,2.0,-81.0
1777890534.2353325,4.0,0.0,-76.0
1777890534.2453325,6.0,1.0,-75.0
1777890534.2553325,3.0,-2.0,-77.0
1777890534.2653325,9.0,-1.0,-76.0
1777890534.2753325,10.0,-3.0,-73.0
1777890534.2853324,11.0,0.0,-73.0
1777890534.2953324,6.0,0.0,-74.0
1777890534.3053324,6.0,-1.0,-79.0
1777890534.3153324,8.0,-3.0,-77.0
1777890534.3253324,1.0,-3.0,-80.0
1777890534.3353324,1.0,0.0,-80.0
1777890534.3453324,0.0,-1.0,-81.0
1777890534.3553324,0.0,0.0,-85.0
1777890534.3653324,0.0,0.0,-79.0
1777890534.3753324,4.0,2.0,-77.0
1777890534.3853323,5.0,0.0,-78.0
1777890534.3953323,0.0,0.0,-70.0
1777890534.4053323,0.0,3.0,-76.0
1777890534.4153323,0.0,2.0,-76.0
1777890534.4253323,0.0,-2.0,-81.0
1777890534.4353323,3.0,-3.0,-79.0
1777890534.4453323,2.0,-4.0,-77.0
1777890534.4553325,5.0,-2.0,-76.0
1777890534.4653325,6.0,-4.0,-79.0
1777890534.4753325,5.0,-6.0,-81.0
1777890534.4853325,3.0,-3.0,-83.0
1777890534.4953325,6.0,-2.0,-81.0
1777890534.5053325,6.0,-3.0,-76.0
1777890534.5153325,8.0,-1.0,-77.0
1777890534.5253325,6.0,2.0,-72.0
1777890534.5353324,4.0,2.0,-74.0
1777890534.5453324,4.0,0.0,-72.0
1777890534.5553324,6.0,2.0,-67.0
1777890534.5653324,10.0,3.0,-65.0
1777890534.5753324,11.0,4.0,-73.0
1777890534.5853324,12.0,2.0,-72.0
1777890534.5953324,10.0,-2.0,-74.0
1777890534.6053324,8.0,0.0,-76.0
1777890534.6153324,4.0,0.0,-76.0
1777890534.6253324,2.0,0.0,-73.0
1777890534.6353323,3.0,-2.0,-82.0
1777890534.6453323,4.0,-1.0,-76.0
1777890534.6553323,-3.0,-5.0,-79.0
1777890534.6653323,3.0,-6.0,-79.0
1777890534.6753323,1.0,-5.0,-75.0
1777890534.6853323,0.0,-6.0,-68.0
1777890534.6953323,1.0,-3.0,-70.0
1777890534.7053325,1.0,-2.0,-77.0
1777890534.7153325,2.0,1.0,-76.0
1777890534.7253325,0.0,1.0,-72.0
1777890534.7353325,-1.0,-1.0,-75.0
1777890534.7453325,0.0,3.0,-72.0
1777890534.7553325,0.0,4.0,-76.0
1777890534.7653325,2.0,5.0,-72.0
1777890534.7753325,0.0,2.0,-73.0
1777890534.7853324,-5.0,3.0,-75.0
1777890534.7953324,-4.0,5.0,-72.0
1777890534.8053324,-6.0,1.0,-71.0
1777890534.8153324,-10.0,2.0,-72.0
1777890534.8253324,-11.0,1.0,-65.0
1777890534.8353324,-7.0,-3.0,-71.0
1777890534.8453324,-4.0,-8.0,-75.0
1777890534.8553324,-1.0,-8.0,-74.0
1777890534.8653324,-1.0,-5.0,-70.0
1777890534.8753324,-1.0,-3.0,-66.0
1777890534.8853323,0.0,2.0,-65.0
1777890534.8953323,0.0,0.0,-64.0
1777890534.9053323,-1.0,5.0,-69.0
1777890534.9153323,-1.0,6.0,-68.0
1777890534.9253323,-5.0,5.0,-70.0
1777890534.9353323,-8.0,5.0,-73.0
1777890534.9453323,-4.0,3.0,-73.0
1777890534.9553325,-3.0,2.0,-72.0
1777890534.9653325,-6.0,-1.0,-69.0
1777890534.9753325,-4.0,-1.0,-67.0
1777890534.9853325,-4.0,-5.0,-71.0
1777890534.9953325,-6.0,-7.0,-77.0
1777890535.0053325,-5.0,-10.0,-76.0
1777890535.0153325,-6.0,-9.0,-80.0
1777890535.0253325,-8.0,-9.0,-78.0
1777890535.0353324,-10.0,-8.0,-75.0
1777890535.0453324,-11.0,-6.0,-74.0
1777890535.0563323,-9.0,0.0,-70.0
1777890535.0653324,0.0,-5.0,-70.0
1777890535.0753324,0.0,-3.0,-65.0
1777890535.0853324,3.0,0.0,-68.0
1777890535.0953324,6.0,1.0,-66.0
1777890535.1053324,6.0,0.0,-68.0
1777890535.1153324,7.0,1.0,-68.0
1777890535.1253324,5.0,5.0,-69.0
1777890535.1353323,4.0,2.0,-77.0
1777890535.1453323,5.0,4.0,-77.0
1777890535.1553323,5.0,6.0,-68.0
1777890535.1653323,6.0,5.0,-67.0
1777890535.1753323,-1.0,3.0,-66.0
1777890535.1853323,-4.0,3.0,-66.0
1777890535.1953323,-6.0,0.0,-77.0
1777890535.2053325,-3.0,0.0,-72.0
1777890535.2153325,0.0,3.0,-70.0
1777890535.2253325,2.0,6.0,-69.0
1777890535.2353325,0.0,5.0,-76.0
1777890535.2453325,0.0,-1.0,-74.0
1777890535.2553325,4.0,-2.0,-75.0
1777890535.2653325,3.0,1.0,-76.0
1777890535.2753325,4.0,1.0,-70.0
1777890535.2853324,4.0,3.0,-75.0
1777890535.2953324,3.0,0.0,-74.0
1777890535.3053324,-2.0,-1.0,-67.0
1777890535.3153324,1.0,-2.0,-71.0
1777890535.3253324,-3.0,-6.0,-70.0
1777890535.3353324,-4.0,-4.0,-74.0
1777890535.3453324,-4.0,-1.0,-79.0
1777890535.3553324,-3.0,0.0,-75.0
1777890535.3653324,0.0,2.0,-72.0
1777890535.3753324,-4.0,1.0,-72.0
1777890535.3853323,-3.0,-2.0,-72.0
1777890535.3953323,-4.0,0.0,-79.0
1777890535.4053323,-3.0,0.0,-75.0
1777890535.4153323,0.0,2.0,-71.0
1777890535.4253323,-3.0,1.0,-75.0
1777890535.4353323,-5.0,0.0,-76.0
1777890535.4453323,-2.0,4.0,-75.0
1777890535.4553325,-1.0,5.0,-76.0
1777890535.4653325,-1.0,1.0,-78.0
1777890535.4753325,0.0,3.0,-72.0
1777890535.4853325,-2.0,5.0,-72.0
1777890535.4953325,0.0,5.0,-74.0
1777890535.5053325,-1.0,5.0,-72.0
1777890535.5153325,-3.0,5.0,-71.0
1777890535.5253325,-5.0,5.0,-71.0
1777890535.5353324,-2.0,4.0,-73.0
1777890535.5453324,-3.0,2.0,-71.0
1777890535.5553324,1.0,3.0,-73.0
1777890535.5653324,-1.0,1.0,-72.0
1777890535.5753324,-2.0,-1.0,-71.0
1777890535.5853324,0.0,-5.0,-76.0
1777890535.5953324,5.0,0.0,-75.0
1777890535.6053324,4.0,0.0,-76.0
1777890535.6153324,7.0,2.0,-75.0
1777890535.6253324,7.0,1.0,-70.0
1777890535.6353323,2.0,4.0,-73.0
1777890535.6453323,0.0,9.0,-70.0
1777890535.6553323,-3.0,7.0,-69.0
1777890535.6653323,-1.0,1.0,-67.0
1777890535.6753323,-7.0,1.0,-64.0
1777890535.6853323,-4.0,1.0,-66.0
1777890535.6953323,-3.0,3.0,-73.0
1777890535.7053325,0.0,6.0,-75.0
1777890535.7153325,2.0,4.0,-74.0
1777890535.7253325,3.0,3.0,-69.0
1777890535.7353325,3.0,0.0,-66.0
1777890535.7453325,2.0,-3.0,-68.0
1777890535.7553325,0.0,-8.0,-71.0
1777890535.7653325,1.0,-5.0,-65.0
1777890535.7753325,3.0,-1.0,-69.0
1777890535.7853324,1.0,0.0,-76.0
1777890535.7953324,1.0,-2.0,-77.0
1777890535.8053324,0.0,-3.0,-72.0
1777890535.8153324,1.0,-1.0,-72.0
1777890535.8253324,4.0,2.0,-70.0
1777890535.8353324,3.0,1.0,-67.0
1777890535.8453324,2.0,-4.0,-67.0
1777890535.8553324,-1.0,-6.0,-65.0
1777890535.8653324,-1.0,-8.0,-66.0
1777890535.8753324,0.0,-6.0,-62.0
1777890535.8853323,-2.0,-5.0,-66.0
1777890535.8953323,-1.0,1.0,-68.0
1777890535.9053323,-2.0,-3.0,-71.0
1777890535.9153323,-3.0,-4.0,-70.0
1777890535.9253323,-1.0,-4.0,-68.0
1777890535.9353323,0.0,-2.0,-63.0
1777890535.9453323,-3.0,0.0,-71.0
1777890535.9553325,1.0,-2.0,-76.0
1777890535.9663324,0.0,1.0,-78.0
1777890535.9763324,-4.0,5.0,-82.0
1777890535.9863324,-1.0,3.0,-84.0
1777890535.9963324,1.0,6.0,-82.0
1777890536.0063324,2.0,7.0,-74.0
1777890536.0163324,1.0,7.0,-71.0
1777890536.0263324,0.0,8.0,-62.0
1777890536.0363324,2.0,8.0,-57.0
1777890536.0463324,2.0,7.0,-59.0
1777890536.0563323,-1.0,5.0,-58.0
1777890536.0663323,-1.0,6.0,-70.0
1777890536.0763323,-2.0,4.0,-77.0
1777890536.0863323,0.0,3.0,-81.0
1777890536.0963323,-2.0,0.0,-74.0
1777890536.1063323,0.0,2.0,-70.0
1777890536.1163323,0.0,0.0,-72.0
1777890536.1263323,1.0,-3.0,-75.0
1777890536.1363325,0.0,-3.0,-73.0
1777890536.1463325,1.0,1.0,-78.0
1777890536.1563325,2.0,3.0,-72.0
1777890536.1663325,5.0,2.0,-73.0
1777890536.1763325,3.0,2.0,-68.0
1777890536.1863325,1.0,-2.0,-66.0
1777890536.1963325,-5.0,-5.0,-72.0
1777890536.2063324,-9.0,-8.0,-68.0
1777890536.2163324,-8.0,-5.0,-68.0
1777890536.2263324,-4.0,-3.0,-73.0
1777890536.2363324,-3.0,-3.0,-71.0
1777890536.2463324,-3.0,-4.0,-74.0
1777890536.2563324,-7.0,-5.0,-75.0
1777890536.2663324,-8.0,0.0,-71.0
1777890536.2763324,-2.0,0.0,-68.0
1777890536.2863324,0.0,0.0,-70.0
1777890536.2963324,0.0,-2.0,-71.0
1777890536.3063323,0.0,0.0,-76.0
1777890536.3163323,-5.0,1.0,-81.0
1777890536.3263323,-5.0,0.0,-82.0
1777890536.3363323,-7.0,0.0,-80.0
1777890536.3463323,-4.0,-3.0,-78.0
1777890536.3563323,-5.0,-1.0,-79.0
1777890536.3663323,-5.0,0.0,-72.0
1777890536.3763323,-1.0,2.0,-66.0
1777890536.3863325,2.0,-1.0,-66.0
1777890536.3963325,0.0,-4.0,-68.0
1777890536.4063325,-3.0,-5.0,-69.0
1777890536.4163325,0.0,-4.0,-66.0
1777890536.4263325,-2.0,-4.0,-59.0
1777890536.4363325,-4.0,-3.0,-74.0
1777890536.4463325,-2.0,-4.0,-78.0
1777890536.4563324,0.0,-6.0,-78.0
1777890536.4663324,-1.0,-6.0,-75.0
1777890536.4763324,0.0,-7.0,-79.0
1777890536.4863324,2.0,-3.0,-77.0
1777890536.4963324,1.0,-3.0,-71.0
1777890536.5063324,3.0,-3.0,-72.0
1777890536.5163324,-1.0,-1.0,-71.0
1777890536.5263324,-2.0,-2.0,-69.0
1777890536.5363324,-5.0,-3.0,-73.0
1777890536.5463324,0.0,0.0,-71.0
1777890536.5563323,1.0,1.0,-72.0
1777890536.5663323,-2.0,2.0,-81.0
1777890536.5763323,0.0,-2.0,-83.0
1777890536.5863323,3.0,0.0,-77.0
1777890536.5963323,1.0,0.0,-84.0
1777890536.6063323,0.0,4.0,-81.0
1777890536.6163323,0.0,1.0,-80.0
1777890536.6263323,-2.0,0.0,-80.0
1777890536.6363325,0.0,-3.0,-80.0
1777890536.6463325,0.0,-2.0,-75.0
1777890536.6563325,2.0,-1.0,-72.0
1777890536.6663325,5.0,-4.0,-74.0
1777890536.6763325,5.0,-11.0,-68.0
1777890536.6863325,-1.0,-6.0,-60.0
1777890536.6963325,-2.0,-2.0,-63.0
1777890536.7063324,-4.0,-1.0,-69.0
1777890536.7163324,-2.0,0.0,-66.0
1777890536.7263324,-3.0,0.0,-68.0
1777890536.7363324,-5.0,-2.0,-69.0
1777890536.7463324,-2.0,-5.0,-72.0
1777890536.7563324,-4.0,-1.0,-71.0
1777890536.7663324,-1.0,-2.0,-68.0
1777890536.7763324,2.0,0.0,-69.0
1777890536.7863324,6.0,2.0,-76.0
1777890536.7963324,0.0,5.0,-71.0
1777890536.8063323,-1.0,5.0,-70.0
1777890536.8163323,-2.0,2.0,-67.0
1777890536.8263323,0.0,0.0,-68.0
1777890536.8363323,0.0,-6.0,-74.0
1777890536.8463323,3.0,-4.0,-71.0
1777890536.8563323,3.0,-2.0,-68.0
1777890536.8663323,3.0,-1.0,-67.0
1777890536.8763323,0.0,-2.0,-73.0
1777890536.8863325,0.0,0.0,-77.0
1777890536.8963325,-2.0,2.0,-72.0
1777890536.9063325,-4.0,0.0,-69.0
1777890536.9163325,0.0,1.0,-68.0
1777890536.9263325,3.0,4.0,-75.0
1777890536.9363325,1.0,6.0,-82.0
1777890536.9463325,0.0,6.0,-73.0
1777890536.9563324,-6.0,1.0,-71.0
1777890536.9663324,-1.0,-2.0,-73.0
1777890536.9763324,-1.0,-5.0,-74.0
1777890536.9863324,-1.0,-4.0,-71.0
1777890536.9963324,0.0,-4.0,-71.0
1777890537.0063324,-3.0,-4.0,-71.0
1777890537.0163324,-1.0,-3.0,-67.0
1777890537.0263324,-2.0,-5.0,-77.0
1777890537.0363324,-1.0,-2.0,-76.0
1777890537.0463324,-4.0,0.0,-80.0
1777890537.0563323,0.0,0.0,-79.0
1777890537.0663323,0.0,0.0,-79.0
1777890537.0763323,0.0,0.0,-79.0
1777890537.0863323,3.0,-1.0,-78.0
1777890537.0963323,0.0,0.0,-84.0
1777890537.1063323,-2.0,-1.0,-83.0
1777890537.1163323,0.0,-2.0,-86.0
1777890537.1263323,-1.0,4.0,-76.0
1777890537.1363325,0.0,2.0,-68.0
1777890537.1463325,0.0,2.0,-71.0
1777890537.1563325,0.0,0.0,-74.0
1777890537.1663325,0.0,-1.0,-75.0
1777890537.1763325,-2.0,2.0,-69.0
1777890537.1863325,-3.0,2.0,-68.0
1777890537.1963325,-1.0,2.0,-70.0
1777890537.2063324,-4.0,2.0,-76.0
1777890537.2163324,1.0,2.0,-78.0
1777890537.2263324,1.0,0.0,-80.0
1777890537.2363324,-5.0,-3.0,-76.0
1777890537.2463324,-4.0,0.0,-76.0
1777890537.2563324,-1.0,-4.0,-70.0
1777890537.2663324,-6.0,-8.0,-74.0
1777890537.2763324,-7.0,-7.0,-76.0
1777890537.2863324,-2.0,-4.0,-75.0
1777890537.2963324,-2.0,-1.0,-68.0
1777890537.3063323,3.0,-2.0,-67.0
1777890537.3163323,0.0,4.0,-68.0
1777890537.3263323,0.0,4.0,-68.0
1777890537.3363323,2.0,1.0,-62.0
1777890537.3463323,2.0,0.0,-61.0
1777890537.3563323,0.0,-2.0,-62.0
1777890537.3663323,1.0,-4.0,-67.0
1777890537.3763323,-1.0,-1.0,-70.0
1777890537.3863325,-2.0,-3.0,-73.0
1777890537.3963325,0.0,0.0,-72.0
1777890537.4063325,6.0,0.0,-75.0
1777890537.4163325,6.0,0.0,-76.0
1777890537.4263325,6.0,3.0,-74.0
1777890537.4363325,5.0,7.0,-72.0
1777890537.4463325,5.0,5.0,-73.0
1777890537.4563324,4.0,0.0,-68.0
1777890537.4663324,6.0,2.0,-61.0
1777890537.4763324,9.0,0.0,-63.0
1777890537.4863324,3.0,0.0,-64.0
1777890537.4963324,0.0,-3.0,-63.0
1777890537.5063324,2.0,-3.0,-70.0
1777890537.5163324,4.0,-6.0,-73.0
1777890537.5263324,2.0,-5.0,-75.0
1777890537.5363324,0.0,-4.0,-78.0
1777890537.5463324,1.0,-8.0,-81.0
1777890537.5563323,3.0,-10.0,-83.0
1777890537.5663323,7.0,-10.0,-80.0
1777890537.5763323,6.0,-11.0,-78.0
1777890537.5863323,6.0,-6.0,-77.0
1777890537.5963323,5.0,-4.0,-80.0
1777890537.6063323,2.0,-2.0,-77.0
1777890537.6163323,-2.0,-7.0,-78.0
1777890537.6263323,-3.0,-9.0,-78.0
1777890537.6363325,-2.0,-8.0,-76.0
1777890537.6463325,-2.0,-4.0,-80.0
1777890537.6563325,-2.0,-5.0,-76.0
1777890537.6663325,0.0,-8.0,-76.0
1777890537.6763325,-2.0,-6.0,-75.0
1777890537.6863325,-2.0,-5.0,-81.0
1777890537.6963325,-5.0,-4.0,-84.0
1777890537.7063324,-3.0,-2.0,-84.0
1777890537.7163324,5.0,-1.0,-78.0
1777890537.7263324,4.0,-2.0,-76.0
1777890537.7363324,7.0,-2.0,-72.0
1777890537.7463324,4.0,1.0,-74.0
1777890537.7563324,1.0,-1.0,-72.0
1777890537.7663324,2.0,-6.0,-71.0
1777890537.7763324,5.0,-2.0,-74.0
1777890537.7863324,6.0,0.0,-71.0
1777890537.7963324,6.0,0.0,-69.0
1777890537.8063323,7.0,-2.0,-70.0
1777890537.8163323,7.0,-1.0,-71.0
1777890537.8263323,6.0,2.0,-69.0
1777890537.8363323,4.0,0.0,-69.0
1777890537.8463323,4.0,1.0,-70.0
1777890537.8563323,1.0,-1.0,-77.0
1777890537.8663323,1.0,-4.0,-80.0
1777890537.8763323,0.0,-6.0,-74.0
1777890537.8863325,2.0,-6.0,-67.0
1777890537.8963325,5.0,-3.0,-64.0
1777890537.9063325,5.0,-3.0,-70.0
1777890537.9163325,3.0,-5.0,-65.0
1777890537.9263325,5.0,-3.0,-66.0
1777890537.9373324,7.0,-3.0,-70.0
1777890537.9473324,11.0,-1.0,-70.0
1777890537.9573324,8.0,0.0,-72.0
1777890537.9673324,11.0,-1.0,-82.0
1777890537.9773324,8.0,1.0,-86.0
1777890537.9873323,6.0,2.0,-76.0
1777890537.9973323,5.0,0.0,-68.0
1777890538.0073323,5.0,0.0,-68.0
1777890538.0173323,5.0,0.0,-67.0
1777890538.0273323,6.0,0.0,-66.0
1777890538.0373323,5.0,0.0,-68.0
1777890538.0473323,2.0,4.0,-61.0
1777890538.0573325,1.0,0.0,-61.0
1777890538.0673325,-3.0,1.0,-64.0
1777890538.0773325,-2.0,2.0,-62.0
1777890538.0873325,-3.0,0.0,-70.0
1777890538.0973325,-2.0,1.0,-73.0
1777890538.1073325,-3.0,0.0,-73.0
1777890538.1173325,-5.0,0.0,-81.0
1777890538.1273324,-6.0,1.0,-83.0
1777890538.1373324,-4.0,2.0,-80.0
1777890538.1473324,0.0,3.0,-75.0
1777890538.1573324,2.0,1.0,-75.0
1777890538.1673324,-1.0,-1.0,-75.0
1777890538.1773324,-2.0,-1.0,-77.0
1777890538.1873324,-1.0,-3.0,-76.0
1777890538.1973324,0.0,-2.0,-78.0
1777890538.2073324,4.0,-4.0,-75.0
1777890538.2173324,6.0,-4.0,-76.0
1777890538.2273324,9.0,-6.0,-77.0
1777890538.2373323,2.0,-3.0,-73.0
1777890538.2473323,3.0,-1.0,-67.0
1777890538.2573323,1.0,-2.0,-72.0
1777890538.2673323,2.0,1.0,-66.0
1777890538.2773323,1.0,0.0,-64.0
1777890538.2873323,0.0,-6.0,-70.0
1777890538.2973323,6.0,-6.0,-73.0
1777890538.3073325,4.0,-4.0,-70.0
1777890538.3173325,-1.0,-4.0,-72.0
1777890538.3273325,3.0,-4.0,-72.0
1777890538.3373325,8.0,-8.0,-69.0
1777890538.3473325,7.0,-11.0,-69.0
1777890538.3573325,6.0,-6.0,-75.0
1777890538.3673325,5.0,0.0,-83.0
1777890538.3773324,3.0,-1.0,-90.0
1777890538.3873324,1.0,0.0,-84.0
1777890538.3973324,1.0,1.0,-81.0
1777890538.4073324,0.0,0.0,-83.0
1777890538.4173324,0.0,-1.0,-80.0
1777890538.4273324,0.0,0.0,-81.0
1777890538.4373324,-1.0,0.0,-75.0
1777890538.4473324,0.0,2.0,-69.0
1777890538.4573324,2.0,2.0,-68.0
1777890538.4673324,2.0,0.0,-69.0
1777890538.4773324,6.0,0.0,-75.0
1777890538.4873323,5.0,0.0,-80.0
1777890538.4973323,-2.0,1.0,-75.0
1777890538.5073323,-4.0,2.0,-71.0
1777890538.5173323,-4.0,1.0,-75.0
1777890538.5273323,-4.0,0.0,-65.0
1777890538.5373323,1.0,-4.0,-60.0
1777890538.5473323,1.0,-2.0,-58.0
1777890538.5573325,-1.0,-2.0,-60.0
1777890538.5673325,0.0,0.0,-61.0
1777890538.5773325,-1.0,1.0,-60.0
1777890538.5873325,3.0,0.0,-68.0
1777890538.5973325,3.0,1.0,-74.0
1777890538.6073325,3.0,3.0,-80.0
1777890538.6173325,0.0,2.0,-86.0
1777890538.6273324,0.0,4.0,-87.0
1777890538.6373324,-2.0,2.0,-87.0
1777890538.6473324,-5.0,3.0,-85.0
1777890538.6573324,-5.0,4.0,-77.0
1777890538.6673324,-3.0,2.0,-73.0
1777890538.6773324,-1.0,2.0,-74.0
1777890538.6873324,-4.0,3.0,-70.0
1777890538.6973324,-8.0,-1.0,-74.0
1777890538.7073324,-5.0,0.0,-77.0
1777890538.7173324,-2.0,-2.0,-73.0
1777890538.7273324,-4.0,-2.0,-70.0
1777890538.7373323,-5.0,-2.0,-68.0
1777890538.7473323,-3.0,-5.0,-66.0
1777890538.7573323,-2.0,-8.0,-62.0
1777890538.7673323,-7.0,-8.0,-61.0
1777890538.7773323,-7.0,-11.0,-63.0
1777890538.7873323,-7.0,-10.0,-70.0
1777890538.7973323,0.0,-10.0,-72.0
1777890538.8073325,1.0,-8.0,-74.0
1777890538.8173325,0.0,-7.0,-71.0
1777890538.8273325,-2.0,-6.0,-72.0
1777890538.8373325,0.0,-5.0,-74.0
1777890538.8473325,0.0,-1.0,-79.0
1777890538.8573325,3.0,0.0,-80.0
1777890538.8673325,3.0,0.0,-76.0
1777890538.8773324,3.0,-3.0,-75.0
1777890538.8873324,5.0,-5.0,-74.0
1777890538.8973324,1.0,-3.0,-77.0
1777890538.9073324,5.0,0.0,-76.0
1777890538.9173324,0.0,-4.0,-72.0
1777890538.9273324,0.0,-3.0,-71.0
1777890538.9373324,-2.0,-5.0,-74.0
1777890538.9473324,-3.0,-4.0,-72.0
1777890538.9573324,0.0,-3.0,-74.0
1777890538.9673324,-2.0,-5.0,-70.0
1777890538.9773324,-6.0,-10.0,-68.0
1777890538.9873323,-2.0,-6.0,-73.0
1777890538.9973323,-4.0,-1.0,-72.0
1777890539.0073323,-9.0,2.0,-69.0
1777890539.0173323,-2.0,3.0,-72.0
1777890539.0273323,0.0,0.0,-80.0
1777890539.0373323,0.0,2.0,-80.0
1777890539.0473323,1.0,1.0,-80.0
1777890539.0573325,1.0,0.0,-84.0
1777890539.0673325,0.0,0.0,-84.0
1777890539.0773325,0.0,0.0,-84.0
1777890539.0873325,-1.0,-1.0,-82.0
1777890539.0973325,0.0,-4.0,-82.0
1777890539.1073325,1.0,-3.0,-70.0
1777890539.1173325,4.0,-4.0,-67.0
1777890539.1273324,2.0,-5.0,-63.0
1777890539.1373324,3.0,-4.0,-70.0
1777890539.1473324,1.0,-4.0,-70.0
1777890539.1573324,-1.0,-7.0,-67.0
1777890539.1673324,-2.0,-8.0,-59.0
1777890539.1773324,5.0,-13.0,-56.0
1777890539.1873324,1.0,-10.0,-65.0
1777890539.1973324,-1.0,-8.0,-67.0
1777890539.2073324,1.0,-5.0,-63.0
1777890539.2173324,0.0,-1.0,-67.0
1777890539.2273324,1.0,0.0,-62.0
1777890539.2373323,0.0,-2.0,-65.0
1777890539.2473323,0.0,2.0,-69.0
1777890539.2573323,0.0,3.0,-65.0
1777890539.2673323,2.0,2.0,-66.0
1777890539.2773323,3.0,2.0,-70.0
1777890539.2873323,1.0,0.0,-76.0
1777890539.2973323,0.0,0.0,-74.0
1777890539.3073325,-5.0,-1.0,-76.0
1777890539.3173325,-2.0,0.0,-78.0
1777890539.3273325,-1.0,-2.0,-72.0
1777890539.3373325,0.0,-2.0,-73.0
1777890539.3473325,1.0,-3.0,-72.0
1777890539.3573325,-1.0,0.0,-71.0
1777890539.3673325,-1.0,-1.0,-79.0
1777890539.3773324,1.0,-1.0,-74.0
1777890539.3873324,4.0,-7.0,-74.0
1777890539.3973324,8.0,-9.0,-73.0
1777890539.4073324,2.0,-9.0,-70.0
1777890539.4173324,1.0,-7.0,-68.0
1777890539.4273324,0.0,-3.0,-65.0
1777890539.4373324,-3.0,-3.0,-75.0
1777890539.4473324,-1.0,-3.0,-78.0
1777890539.4573324,2.0,-1.0,-76.0
1777890539.4673324,5.0,0.0,-77.0
1777890539.4773324,3.0,-1.0,-67.0
1777890539.4873323,6.0,1.0,-66.0
1777890539.4973323,6.0,0.0,-66.0
1777890539.5073323,3.0,0.0,-62.0
1777890539.5173323,2.0,-1.0,-69.0
1777890539.5273323,1.0,0.0,-71.0
1777890539.5373323,2.0,-2.0,-68.0
1777890539.5473323,3.0,0.0,-71.0
1777890539.5573325,3.0,0.0,-71.0
1777890539.5673325,2.0,-2.0,-72.0
1777890539.5773325,3.0,-6.0,-73.0
1777890539.5873325,3.0,-6.0,-71.0
1777890539.5973325,2.0,-5.0,-73.0
1777890539.6073325,3.0,0.0,-71.0
1777890539.6173325,0.0,0.0,-72.0
1777890539.6273324,-2.0,1.0,-74.0
1777890539.6373324,-2.0,-1.0,-73.0
1777890539.6473324,0.0,0.0,-74.0
1777890539.6573324,2.0,0.0,-68.0
1777890539.6673324,0.0,5.0,-65.0
1777890539.6773324,-4.0,4.0,-65.0
1777890539.6873324,-6.0,7.0,-61.0
1777890539.6973324,0.0,4.0,-61.0
1777890539.7073324,0.0,0.0,-64.0
1777890539.7173324,1.0,2.0,-66.0
1777890539.7273324,-2.0,1.0,-69.0
1777890539.7373323,-1.0,0.0,-72.0
1777890539.7473323,0.0,-2.0,-71.0
1777890539.7573323,7.0,0.0,-73.0
1777890539.7673323,2.0,-2.0,-70.0
1777890539.7773323,0.0,0.0,-70.0
1777890539.7873323,-1.0,-3.0,-72.0
1777890539.7973323,-3.0,-4.0,-63.0
1777890539.8073325,-7.0,-6.0,-57.0
1777890539.8173325,-7.0,-4.0,-60.0
1777890539.8273325,-5.0,-4.0,-63.0
1777890539.8373325,-12.0,-6.0,-67.0
1777890539.8473325,-6.0,-5.0,-67.0
1777890539.8573325,-2.0,-2.0,-67.0
1777890539.8673325,-3.0,-1.0,-67.0
1777890539.8773324,-3.0,-1.0,-71.0
1777890539.8873324,-7.0,-5.0,-74.0
1777890539.8973324,-5.0,-2.0,-77.0
1777890539.9073324,-6.0,-3.0,-75.0
1777890539.9173324,-5.0,0.0,-70.0
1777890539.9283323,-8.0,0.0,-71.0
1777890539.9383323,-10.0,1.0,-66.0
1777890539.9483323,-10.0,1.0,-71.0
1777890539.9583323,-9.0,3.0,-69.0
1777890539.9683323,-7.0,2.0,-69.0
1777890539.9783323,-10.0,2.0,-69.0
1777890539.9883325,-7.0,-2.0,-72.0
1777890539.9983325,0.0,-2.0,-75.0
1777890540.0083325,2.0,-4.0,-74.0
1777890540.0183325,2.0,-4.0,-75.0
1777890540.0283325,0.0,-3.0,-79.0
1777890540.0383325,1.0,-4.0,-81.0
1777890540.0483325,6.0,0.0,-83.0
1777890540.0583324,4.0,-1.0,-80.0
1777890540.0683324,3.0,-2.0,-82.0
1777890540.0783324,4.0,0.0,-80.0
1777890540.0883324,4.0,0.0,-77.0
1777890540.0983324,3.0,-1.0,-72.0
1777890540.1083324,5.0,-2.0,-64.0
1777890540.1183324,7.0,-3.0,-66.0
1777890540.1283324,8.0,-2.0,-71.0
1777890540.1383324,8.0,-2.0,-73.0
1777890540.1483324,7.0,1.0,-72.0
1777890540.1583323,7.0,-1.0,-72.0
1777890540.1683323,8.0,-5.0,-70.0
1777890540.1783323,8.0,-7.0,-71.0
1777890540.1883323,3.0,-4.0,-74.0
1777890540.1983323,-1.0,-3.0,-76.0
1777890540.2083323,-4.0,-4.0,-83.0
1777890540.2183323,0.0,-4.0,-79.0
1777890540.2283323,-1.0,-2.0,-82.0
1777890540.2383325,-2.0,-2.0,-77.0
1777890540.2483325,-3.0,0.0,-75.0
1777890540.2583325,0.0,-2.0,-73.0
1777890540.2683325,2.0,0.0,-72.0
1777890540.2783325,-1.0,2.0,-82.0
1777890540.2883325,0.0,2.0,-83.0
1777890540.2983325,4.0,0.0,-80.0
1777890540.3083324,7.0,-2.0,-76.0
1777890540.3183324,5.0,-7.0,-80.0
1777890540.3283324,3.0,-5.0,-80.0
1777890540.3383324,-2.0,-6.0,-82.0
1777890540.3483324,2.0,-7.0,-79.0
1777890540.3583324,1.0,-9.0,-78.0
1777890540.3683324,8.0,-6.0,-80.0
1777890540.3783324,12.0,-3.0,-78.0
1777890540.3883324,7.0,-2.0,-76.0
1777890540.3983324,3.0,-1.0,-75.0
1777890540.4083323,1.0,-5.0,-73.0
1777890540.4183323,-3.0,-3.0,-74.0
1777890540.4283323,-3.0,-4.0,-78.0
1777890540.4383323,-7.0,-3.0,-80.0
1777890540.4483323,-8.0,-4.0,-81.0
1777890540.4583323,-3.0,-5.0,-81.0
1777890540.4683323,0.0,-5.0,-77.0
1777890540.4783323,4.0,-6.0,-81.0
1777890540.4883325,4.0,-5.0,-76.0
1777890540.4983325,4.0,-4.0,-76.0
1777890540.5083325,4.0,-3.0,-74.0
1777890540.5183325,3.0,-1.0,-80.0
1777890540.5283325,0.0,-2.0,-86.0
1777890540.5383325,-1.0,-5.0,-86.0
1777890540.5483325,0.0,-5.0,-82.0
1777890540.5583324,0.0,-4.0,-80.0
1777890540.5683324,1.0,-5.0,-74.0
1777890540.5783324,2.0,-8.0,-71.0
1777890540.5883324,5.0,-7.0,-67.0
1777890540.5983324,3.0,-4.0,-64.0
1777890540.6083324,0.0,-2.0,-62.0
1777890540.6183324,2.0,-3.0,-57.0
1777890540.6283324,2.0,-4.0,-65.0
1777890540.6383324,9.0,-7.0,-64.0
1777890540.6483324,11.0,-5.0,-64.0
1777890540.6583323,12.0,-6.0,-68.0
1777890540.6683323,10.0,-7.0,-67.0
1777890540.6783323,8.0,-7.0,-74.0
1777890540.6883323,6.0,-7.0,-76.0
1777890540.6983323,1.0,-7.0,-80.0
1777890540.7083323,-1.0,-5.0,-71.0
1777890540.7183323,3.0,-9.0,-64.0
1777890540.7283323,-1.0,-8.0,-64.0
1777890540.7383325,0.0,-6.0,-62.0
1777890540.7483325,1.0,-2.0,-67.0
1777890540.7583325,2.0,-1.0,-74.0
1777890540.7683325,4.0,1.0,-79.0
1777890540.7783325,4.0,2.0,-75.0
1777890540.7883325,2.0,-3.0,-73.0
1777890540.7983325,3.0,-2.0,-75.0
1777890540.8083324,2.0,-4.0,-74.0
1777890540.8183324,0.0,-2.0,-64.0
1777890540.8283324,5.0,-2.0,-63.0
1777890540.8383324,4.0,-5.0,-71.0
1777890540.8483324,0.0,-7.0,-70.0
1777890540.8583324,-1.0,-4.0,-69.0
1777890540.8683324,-2.0,2.0,-72.0
1777890540.8783324,-4.0,-2.0,-73.0
1777890540.8883324,-3.0,-4.0,-71.0
1777890540.8983324,2.0,-8.0,-70.0
1777890540.9083323,2.0,-5.0,-75.0
1777890540.9183323,2.0,-4.0,-74.0
1777890540.9283323,4.0,-2.0,-73.0
1777890540.9383323,1.0,-5.0,-72.0
1777890540.9483323,3.0,-5.0,-69.0
1777890540.9583323,5.0,-3.0,-68.0
1777890540.9683323,3.0,0.0,-63.0
1777890540.9783323,3.0,0.0,-59.0
1777890540.9883325,0.0,0.0,-59.0
1777890540.9983325,4.0,1.0,-61.0
1777890541.0083325,3.0,2.0,-58.0
1777890541.0183325,4.0,7.0,-67.0
1777890541.0283325,2.0,7.0,-69.0
1777890541.0383325,3.0,3.0,-67.0
1777890541.0483325,1.0,-2.0,-70.0
1777890541.0583324,0.0,0.0,-73.0
1777890541.0683324,0.0,-1.0,-81.0
1777890541.0783324,1.0,-3.0,-83.0
1777890541.0883324,0.0,-3.0,-79.0
1777890541.0983324,-4.0,-3.0,-77.0
1777890541.1083324,-5.0,0.0,-71.0
1777890541.1183324,-5.0,-1.0,-80.0
1777890541.1283324,-4.0,-2.0,-81.0
1777890541.1383324,-4.0,0.0,-82.0
1777890541.1483324,-5.0,1.0,-80.0
1777890541.1583323,-3.0,0.0,-78.0
1777890541.1683323,0.0,-1.0,-78.0
1777890541.1783323,2.0,-1.0,-79.0
1777890541.1883323,3.0,0.0,-81.0
1777890541.1983323,1.0,0.0,-69.0
1777890541.2083323,-3.0,2.0,-64.0
1777890541.2183323,-3.0,2.0,-68.0
1777890541.2283323,-2.0,0.0,-69.0
1777890541.2383325,-4.0,0.0,-66.0
1777890541.2483325,-2.0,0.0,-64.0
1777890541.2583325,0.0,-1.0,-65.0
1777890541.2683325,3.0,0.0,-70.0
1777890541.2783325,5.0,0.0,-71.0
1777890541.2883325,3.0,1.0,-73.0
1777890541.2983325,2.0,-1.0,-68.0
1777890541.3083324,1.0,-2.0,-70.0
1777890541.3183324,0.0,-3.0,-74.0
1777890541.3283324,1.0,-2.0,-81.0
1777890541.3383324,0.0,-3.0,-73.0
1777890541.3483324,3.0,-4.0,-72.0
1777890541.3583324,1.0,0.0,-73.0
1777890541.3683324,1.0,0.0,-63.0
1777890541.3783324,2.0,0.0,-58.0
1777890541.3883324,4.0,-2.0,-69.0
1777890541.3983324,1.0,-2.0,-76.0
1777890541.4083323,1.0,-6.0,-76.0
1777890541.4183323,3.0,-4.0,-72.0
1777890541.4283323,0.0,-4.0,-68.0
1777890541.4383323,-2.0,-4.0,-69.0
1777890541.4483323,0.0,-3.0,-71.0
1777890541.4583323,-1.0,-4.0,-71.0
1777890541.4683323,5.0,-2.0,-65.0
1777890541.4783323,3.0,-2.0,-71.0
1777890541.4883325,0.0,-4.0,-65.0
1777890541.4983325,0.0,-3.0,-68.0
1777890541.5083325,2.0,-5.0,-72.0
1777890541.5183325,5.0,-4.0,-69.0
1777890541.5283325,6.0,-3.0,-71.0
1777890541.5383325,5.0,-2.0,-77.0
1777890541.5483325,3.0,0.0,-70.0
1777890541.5583324,4.0,-2.0,-72.0
1777890541.5683324,4.0,-4.0,-75.0
1777890541.5783324,5.0,-7.0,-74.0
1777890541.5883324,6.0,-5.0,-76.0
1777890541.5983324,6.0,-6.0,-83.0
1777890541.6083324,1.0,-5.0,-83.0
1777890541.6183324,6.0,-5.0,-80.0
1777890541.6283324,6.0,-7.0,-77.0
1777890541.6383324,7.0,-6.0,-75.0
1777890541.6483324,6.0,-4.0,-74.0
1777890541.6583323,3.0,-4.0,-70.0
1777890541.6683323,6.0,-6.0,-72.0
1777890541.6783323,6.0,-4.0,-74.0
1777890541.6883323,1.0,-4.0,-75.0
1777890541.6983323,6.0,-6.0,-74.0
1777890541.7083323,3.0,-6.0,-74.0
1777890541.7183323,5.0,-7.0,-75.0
1777890541.7283323,4.0,-3.0,-75.0
1777890541.7383325,2.0,-2.0,-79.0
1777890541.7483325,1.0,-1.0,-84.0
1777890541.7583325,1.0,0.0,-81.0
1777890541.7683325,-1.0,5.0,-81.0
1777890541.7783325,0.0,5.0,-78.0
1777890541.7883325,-1.0,6.0,-74.0
1777890541.7983325,-3.0,6.0,-69.0
1777890541.8083324,-4.0,-1.0,-69.0
1777890541.8183324,0.0,0.0,-66.0
1777890541.8283324,1.0,0.0,-69.0
1777890541.8383324,-1.0,-3.0,-73.0
1777890541.8483324,-5.0,-3.0,-70.0
1777890541.8583324,-4.0,-2.0,-71.0
1777890541.8683324,-3.0,-3.0,-72.0
1777890541.8783324,-6.0,-3.0,-77.0
1777890541.8883324,-5.0,0.0,-79.0
1777890541.8983324,-6.0,4.0,-80.0
1777890541.9093325,-4.0,0.0,-80.0
1777890541.9183323,-4.0,-3.0,-72.0
1777890541.9293325,-8.0,-5.0,-77.0
1777890541.9393325,-5.0,-2.0,-74.0
1777890541.9493325,2.0,0.0,-69.0
1777890541.9593325,3.0,0.0,-76.0
1777890541.9693325,0.0,1.0,-74.0
1777890541.9793324,0.0,0.0,-75.0
1777890541.9893324,0.0,-3.0,-72.0
1777890541.9993324,0.0,-2.0,-64.0
1777890542.0093324,0.0,-2.0,-69.0
1777890542.0193324,-1.0,-4.0,-65.0
1777890542.0293324,0.0,-2.0,-64.0
1777890542.0393324,-1.0,0.0,-68.0
1777890542.0493324,3.0,1.0,-66.0
1777890542.0593324,0.0,1.0,-71.0
1777890542.0693324,-3.0,-2.0,-73.0
1777890542.0793324,-7.0,1.0,-75.0
1777890542.0893323,-9.0,0.0,-72.0
1777890542.0993323,-11.0,0.0,-72.0
1777890542.1093323,-5.0,0.0,-69.0
1777890542.1193323,-4.0,-2.0,-71.0
1777890542.1293323,-2.0,-4.0,-68.0
1777890542.1393323,0.0,-7.0,-69.0
1777890542.1493323,-2.0,-6.0,-69.0
1777890542.1593325,-3.0,-7.0,-65.0
1777890542.1693325,-4.0,-10.0,-70.0
1777890542.1793325,-7.0,-7.0,-68.0
1777890542.1893325,-7.0,-2.0,-80.0
1777890542.1993325,-3.0,0.0,-82.0
1777890542.2093325,0.0,-2.0,-78.0
1777890542.2193325,0.0,-7.0,-75.0
1777890542.2293324,0.0,-7.0,-72.0
1777890542.2393324,0.0,-9.0,-71.0
1777890542.2493324,3.0,-8.0,-69.0
1777890542.2593324,0.0,-7.0,-76.0
1777890542.2693324,1.0,-3.0,-72.0
1777890542.2793324,2.0,-4.0,-69.0
1777890542.2893324,2.0,-3.0,-67.0
1777890542.2993324,2.0,-4.0,-70.0
1777890542.3093324,4.0,1.0,-69.0
1777890542.3193324,4.0,0.0,-70.0
1777890542.3293324,0.0,-1.0,-69.0
1777890542.3393323,8.0,-2.0,-71.0
1777890542.3493323,2.0,-4.0,-72.0
1777890542.3593323,1.0,-8.0,-80.0
1777890542.3693323,0.0,-6.0,-78.0
1777890542.3793323,1.0,0.0,-72.0
1777890542.3893323,5.0,-3.0,-68.0
1777890542.3993323,0.0,-6.0,-66.0
1777890542.4093325,-2.0,-4.0,-58.0
1777890542.4193325,-8.0,0.0,-63.0
1777890542.4293325,-7.0,2.0,-63.0
1777890542.4393325,-5.0,3.0,-67.0
1777890542.4493325,-5.0,0.0,-64.0
1777890542.4593325,-9.0,2.0,-66.0
1777890542.4693325,-8.0,3.0,-58.0
1777890542.4793324,-4.0,4.0,-61.0
1777890542.4893324,-5.0,3.0,-59.0
1777890542.4993324,-2.0,4.0,-59.0
1777890542.5093324,-2.0,3.0,-62.0
1777890542.5193324,-1.0,3.0,-63.0
1777890542.5293324,-5.0,0.0,-60.0
1777890542.5393324,-6.0,-2.0,-64.0
1777890542.5493324,-5.0,1.0,-65.0
1777890542.5593324,-3.0,1.0,-63.0
1777890542.5693324,0.0,4.0,-66.0
1777890542.5793324,1.0,1.0,-69.0
1777890542.5893323,1.0,0.0,-69.0
1777890542.5993323,-2.0,0.0,-70.0
1777890542.6093323,-4.0,-1.0,-69.0
1777890542.6193323,-1.0,-2.0,-74.0
1777890542.6293323,2.0,-1.0,-77.0
1777890542.6393323,5.0,-3.0,-87.0
1777890542.6493323,0.0,-2.0,-87.0
1777890542.6593325,0.0,0.0,-88.0
1777890542.6693325,5.0,-1.0,-88.0
1777890542.6793325,7.0,-1.0,-79.0
1777890542.6893325,4.0,-1.0,-75.0
1777890542.6993325,2.0,0.0,-75.0
1777890542.7093325,3.0,2.0,-71.0
1777890542.7193325,1.0,2.0,-68.0
1777890542.7293324,-3.0,3.0,-72.0
1777890542.7393324,0.0,0.0,-72.0
1777890542.7493324,-6.0,0.0,-77.0
1777890542.7593324,-5.0,-1.0,-75.0
1777890542.7693324,0.0,0.0,-70.0
1777890542.7793324,2.0,-2.0,-68.0
1777890542.7893324,2.0,4.0,-76.0
1777890542.7993324,3.0,5.0,-79.0
1777890542.8093324,4.0,5.0,-76.0
1777890542.8193324,6.0,2.0,-79.0
1777890542.8293324,3.0,-2.0,-78.0
1777890542.8393323,1.0,-3.0,-76.0
1777890542.8493323,0.0,-7.0,-71.0
1777890542.8593323,0.0,-4.0,-71.0
1777890542.8693323,3.0,-2.0,-76.0
1777890542.8793323,0.0,0.0,-73.0
1777890542.8893323,-1.0,0.0,-78.0
1777890542.8993323,1.0,-2.0,-77.0
1777890542.9093325,0.0,-4.0,-75.0
1777890542.9193325,0.0,-3.0,-75.0
1777890542.9293325,0.0,-2.0,-74.0
1777890542.9393325,-4.0,-1.0,-81.0
1777890542.9493325,-4.0,0.0,-86.0
1777890542.9593325,-4.0,0.0,-85.0
1777890542.9693325,-1.0,2.0,-87.0
1777890542.9793324,1.0,0.0,-81.0
1777890542.9893324,0.0,3.0,-73.0
1777890542.9993324,-3.0,-3.0,-75.0
1777890543.0093324,-2.0,-6.0,-75.0
1777890543.0193324,-5.0,-4.0,-73.0
1777890543.0293324,-7.0,0.0,-78.0
1777890543.0393324,-6.0,1.0,-72.0
1777890543.0493324,-10.0,0.0,-67.0
1777890543.0593324,-10.0,3.0,-71.0
1777890543.0693324,-5.0,2.0,-72.0
1777890543.0793324,-5.0,1.0,-70.0
1777890543.0893323,0.0,-3.0,-68.0
1777890543.0993323,0.0,-1.0,-68.0
1777890543.1093323,-3.0,1.0,-73.0
1777890543.1193323,-2.0,-1.0,-74.0
1777890543.1293323,-5.0,1.0,-73.0
1777890543.1393323,-1.0,0.0,-66.0
1777890543.1493323,-5.0,-3.0,-69.0
1777890543.1593325,-5.0,-3.0,-72.0
1777890543.1693325,-6.0,-2.0,-77.0
1777890543.1793325,-1.0,-3.0,-79.0
1777890543.1893325,0.0,-2.0,-78.0
1777890543.1993325,4.0,0.0,-76.0
1777890543.2093325,3.0,0.0,-69.0
1777890543.2193325,4.0,0.0,-68.0
1777890543.2293324,3.0,-1.0,-66.0
1777890543.2393324,0.0,-6.0,-70.0
1777890543.2493324,1.0,-2.0,-67.0
1777890543.2593324,2.0,1.0,-68.0
1777890543.2693324,0.0,0.0,-70.0
1777890543.2793324,0.0,-3.0,-70.0
1777890543.2893324,1.0,-5.0,-69.0
1777890543.2993324,4.0,-2.0,-68.0
1777890543.3093324,6.0,-3.0,-70.0
1777890543.3193324,5.0,-3.0,-72.0
1777890543.3293324,6.0,-1.0,-68.0
1777890543.3393323,9.0,1.0,-65.0
1777890543.3493323,6.0,0.0,-61.0
1777890543.3593323,3.0,-2.0,-67.0
1777890543.3693323,5.0,-4.0,-72.0
1777890543.3793323,8.0,-3.0,-75.0
1777890543.3893323,10.0,-1.0,-77.0
1777890543.3993323,8.0,-2.0,-79.0
1777890543.4093325,4.0,0.0,-76.0
1777890543.4193325,4.0,-1.0,-71.0
1777890543.4293325,7.0,0.0,-76.0
1777890543.4393325,3.0,2.0,-74.0
1777890543.4493325,3.0,3.0,-71.0
1777890543.4593325,-2.0,5.0,-68.0
1777890543.4693325,-5.0,4.0,-70.0
1777890543.4793324,-3.0,6.0,-73.0
1777890543.4893324,3.0,6.0,-68.0
1777890543.4993324,6.0,3.0,-64.0
1777890543.5093324,8.0,5.0,-72.0
1777890543.5193324,10.0,8.0,-75.0
1777890543.5293324,8.0,4.0,-79.0
1777890543.5393324,8.0,2.0,-81.0
1777890543.5493324,11.0,2.0,-78.0
1777890543.5593324,7.0,2.0,-77.0
1777890543.5693324,9.0,-3.0,-72.0
1777890543.5793324,6.0,-5.0,-73.0
1777890543.5893323,-1.0,-8.0,-73.0
1777890543.5993323,-3.0,-12.0,-76.0
1777890543.6093323,-4.0,-9.0,-77.0
1777890543.6193323,-5.0,-7.0,-74.0
1777890543.6293323,-5.0,-8.0,-67.0
1777890543.6393323,0.0,-3.0,-60.0
1777890543.6493323,-1.0,-3.0,-66.0
1777890543.6593325,0.0,-5.0,-59.0
1777890543.6693325,-3.0,-3.0,-58.0
1777890543.6793325,-4.0,1.0,-64.0
1777890543.6893325,0.0,4.0,-67.0
1777890543.6993325,-2.0,3.0,-63.0
1777890543.7093325,-4.0,0.0,-62.0
1777890543.7193325,-3.0,-3.0,-67.0
1777890543.7293324,-2.0,-6.0,-66.0
1777890543.7393324,-1.0,-4.0,-70.0
1777890543.7493324,-1.0,0.0,-68.0
1777890543.7593324,-1.0,0.0,-63.0
1777890543.7693324,3.0,0.0,-68.0
1777890543.7793324,0.0,-1.0,-65.0
1777890543.7893324,0.0,0.0,-67.0
1777890543.7993324,1.0,3.0,-72.0
1777890543.8093324,2.0,1.0,-72.0
1777890543.8193324,4.0,2.0,-71.0
1777890543.8293324,4.0,1.0,-71.0
1777890543.8393323,7.0,0.0,-68.0
1777890543.8493323,4.0,0.0,-66.0
1777890543.8593323,1.0,1.0,-74.0
1777890543.8693323,0.0,0.0,-76.0
1777890543.8793323,3.0,-5.0,-76.0
1777890543.8893323,1.0,-4.0,-84.0
1777890543.8993323,-2.0,-4.0,-85.0
1777890543.9103324,1.0,-6.0,-80.0
1777890543.9203324,1.0,-6.0,-78.0
1777890543.9303324,0.0,-9.0,-75.0
1777890543.9403324,1.0,-11.0,-75.0
1777890543.9503324,1.0,-7.0,-81.0
1777890543.9603324,2.0,0.0,-82.0
1777890543.9703324,0.0,0.0,-84.0
1777890543.9803324,0.0,-7.0,-86.0
1777890543.9903324,5.0,-13.0,-80.0
1777890544.0003324,5.0,-10.0,-80.0
1777890544.0103323,4.0,-9.0,-85.0
1777890544.0203323,6.0,-10.0,-87.0
1777890544.0303323,11.0,-9.0,-87.0
1777890544.0403323,7.0,-6.0,-85.0
1777890544.0503323,3.0,-3.0,-86.0
1777890544.0603323,0.0,1.0,-80.0
1777890544.0703323,3.0,0.0,-77.0
1777890544.0803325,1.0,0.0,-78.0
1777890544.0903325,2.0,0.0,-79.0
1777890544.1003325,8.0,-5.0,-78.0
1777890544.1103325,10.0,-6.0,-79.0
1777890544.1203325,10.0,-5.0,-81.0
1777890544.1303325,6.0,0.0,-78.0
1777890544.1403325,3.0,3.0,-77.0
1777890544.1503325,2.0,7.0,-77.0
1777890544.1603324,3.0,6.0,-79.0
1777890544.1703324,1.0,5.0,-82.0
1777890544.1803324,0.0,3.0,-84.0
1777890544.1903324,0.0,2.0,-75.0
1777890544.2003324,0.0,1.0,-69.0
1777890544.2103324,0.0,0.0,-68.0
1777890544.2203324,-5.0,-3.0,-73.0
1777890544.2303324,0.0,-7.0,-77.0
1777890544.2403324,0.0,-2.0,-69.0
1777890544.2503324,-2.0,-1.0,-63.0
1777890544.2603323,-3.0,-1.0,-57.0
1777890544.2703323,-3.0,-3.0,-59.0
1777890544.2803323,-2.0,0.0,-56.0
1777890544.2903323,0.0,3.0,-55.0
1777890544.3003323,3.0,7.0,-63.0
1777890544.3103323,4.0,5.0,-69.0
1777890544.3203323,1.0,2.0,-75.0
1777890544.3303325,0.0,2.0,-71.0
1777890544.3403325,2.0,1.0,-75.0
1777890544.3503325,3.0,-1.0,-77.0
1777890544.3603325,0.0,-3.0,-80.0
1777890544.3703325,-3.0,0.0,-81.0
1777890544.3803325,-3.0,3.0,-89.0
1777890544.3903325,0.0,3.0,-88.0
1777890544.4003325,0.0,1.0,-82.0
1777890544.4103324,5.0,0.0,-86.0
1777890544.4203324,0.0,-3.0,-91.0
1777890544.4303324,-3.0,-1.0,-88.0
1777890544.4403324,-4.0,-5.0,-89.0
1777890544.4503324,0.0,-4.0,-83.0
1777890544.4603324,-5.0,-2.0,-80.0
1777890544.4703324,-3.0,0.0,-78.0
1777890544.4803324,0.0,0.0,-76.0
1777890544.4903324,-2.0,3.0,-75.0
1777890544.5003324,-7.0,2.0,-74.0
1777890544.5103323,-5.0,4.0,-74.0
1777890544.5203323,0.0,5.0,-69.0
1777890544.5303323,-1.0,2.0,-62.0
1777890544.5403323,2.0,1.0,-63.0
1777890544.5503323,0.0,1.0,-64.0
1777890544.5603323,-3.0,0.0,-65.0
1777890544.5703323,-2.0,-2.0,-72.0
1777890544.5803325,0.0,-3.0,-76.0
1777890544.5903325,-1.0,0.0,-77.0
1777890544.6003325,1.0,-1.0,-73.0
1777890544.6103325,2.0,2.0,-76.0
1777890544.6203325,1.0,0.0,-74.0
1777890544.6303325,6.0,-1.0,-67.0
1777890544.6403325,7.0,-1.0,-65.0
1777890544.6503325,7.0,0.0,-68.0
1777890544.6603324,5.0,1.0,-66.0
1777890544.6703324,9.0,3.0,-68.0
1777890544.6803324,10.0,2.0,-67.0
1777890544.6903324,8.0,2.0,-67.0
1777890544.7003324,3.0,2.0,-68.0
1777890544.7103324,4.0,3.0,-74.0
1777890544.7203324,5.0,2.0,-72.0
1777890544.7303324,4.0,4.0,-74.0
1777890544.7403324,3.0,5.0,-73.0
1777890544.7503324,2.0,5.0,-79.0
1777890544.7603323,2.0,1.0,-77.0
1777890544.7703323,7.0,0.0,-80.0
1777890544.7803323,3.0,-5.0,-81.0
1777890544.7903323,2.0,-5.0,-88.0
1777890544.8003323,-3.0,-5.0,-84.0
1777890544.8103323,-2.0,-5.0,-76.0
1777890544.8203323,0.0,-7.0,-76.0
1777890544.8303325,-3.0,-7.0,-82.0
1777890544.8403325,-3.0,-6.0,-84.0
1777890544.8503325,-5.0,-5.0,-86.0
1777890544.8603325,-6.0,-2.0,-87.0
1777890544.8703325,-5.0,2.0,-84.0
1777890544.8803325,-7.0,0.0,-82.0
1777890544.8903325,-1.0,0.0,-83.0
1777890544.9003325,3.0,-1.0,-86.0
1777890544.9103324,0.0,-1.0,-85.0
1777890544.9203324,-1.0,3.0,-81.0
1777890544.9303324,2.0,2.0,-77.0
1777890544.9403324,0.0,0.0,-74.0
1777890544.9503324,-2.0,-2.0,-65.0
1777890544.9603324,-2.0,0.0,-64.0
1777890544.9703324,-4.0,0.0,-63.0
1777890544.9803324,-3.0,0.0,-64.0
1777890544.9903324,0.0,2.0,-66.0
1777890545.0003324,0.0,-1.0,-59.0
1777890545.0103323,-1.0,3.0,-57.0
1777890545.0203323,6.0,0.0,-59.0
1777890545.0303323,1.0,-3.0,-62.0
1777890545.0403323,-3.0,-1.0,-69.0
1777890545.0503323,-3.0,0.0,-72.0
1777890545.0603323,0.0,0.0,-79.0
1777890545.0703323,3.0,-3.0,-75.0
1777890545.0803325,2.0,-3.0,-72.0
1777890545.0903325,2.0,2.0,-70.0
1777890545.1003325,1.0,5.0,-67.0
1777890545.1103325,4.0,0.0,-73.0
1777890545.1203325,4.0,-4.0,-72.0
1777890545.1303325,2.0,-2.0,-62.0
1777890545.1403325,5.0,1.0,-61.0
1777890545.1503325,0.0,4.0,-59.0
1777890545.1603324,3.0,-1.0,-65.0
1777890545.1703324,2.0,-2.0,-62.0
1777890545.1803324,-1.0,-7.0,-61.0
1777890545.1903324,-6.0,-10.0,-61.0
1777890545.2003324,-10.0,-8.0,-66.0
1777890545.2103324,-9.0,-7.0,-73.0
1777890545.2203324,-6.0,-2.0,-74.0
1777890545.2303324,-6.0,3.0,-76.0
1777890545.2403324,-2.0,3.0,-69.0
1777890545.2503324,-9.0,2.0,-68.0
1777890545.2603323,-12.0,1.0,-70.0
1777890545.2703323,-10.0,4.0,-70.0
1777890545.2803323,-5.0,3.0,-71.0
1777890545.2903323,0.0,0.0,-69.0
1777890545.3003323,1.0,0.0,-70.0
1777890545.3103323,-2.0,-5.0,-73.0
1777890545.3203323,-2.0,-5.0,-69.0
1777890545.3303325,1.0,-7.0,-64.0
1777890545.3403325,1.0,-5.0,-67.0
1777890545.3503325,-3.0,-6.0,-72.0
1777890545.3603325,-6.0,-6.0,-76.0
1777890545.3703325,-8.0,-7.0,-75.0
1777890545.3803325,-6.0,-3.0,-72.0
1777890545.3903325,-5.0,-2.0,-72.0
1777890545.4003325,-1.0,1.0,-74.0
1777890545.4103324,0.0,0.0,-74.0
1777890545.4203324,3.0,2.0,-75.0
1777890545.4303324,-2.0,-3.0,-72.0
1777890545.4403324,-3.0,-5.0,-71.0
1777890545.4503324,1.0,-4.0,-74.0
1777890545.4603324,0.0,-4.0,-73.0
1777890545.4703324,1.0,-2.0,-74.0
1777890545.4803324,-2.0,-2.0,-75.0
1777890545.4903324,-3.0,-5.0,-72.0
1777890545.5003324,-2.0,-1.0,-71.0
1777890545.5103323,-4.0,-4.0,-65.0
1777890545.5203323,0.0,-4.0,-68.0
1777890545.5303323,-1.0,-8.0,-71.0
1777890545.5403323,-1.0,-5.0,-74.0
1777890545.5503323,-4.0,-3.0,-79.0
1777890545.5603323,-1.0,-3.0,-84.0
1777890545.5703323,0.0,-5.0,-71.0
1777890545.5803325,0.0,0.0,-73.0
1777890545.5903325,0.0,0.0,-71.0
1777890545.6003325,3.0,2.0,-73.0
1777890545.6103325,2.0,3.0,-77.0
1777890545.6203325,-2.0,0.0,-77.0
1777890545.6303325,-2.0,1.0,-78.0
1777890545.6403325,-2.0,3.0,-74.0
1777890545.6503325,-1.0,-2.0,-75.0
1777890545.6603324,-3.0,-4.0,-70.0
1777890545.6703324,0.0,-3.0,-68.0
1777890545.6803324,-1.0,-3.0,-65.0
1777890545.6903324,-2.0,-5.0,-68.0
1777890545.7003324,-7.0,-3.0,-72.0
1777890545.7103324,-8.0,-6.0,-70.0
1777890545.7203324,-7.0,-7.0,-69.0
1777890545.7303324,-6.0,-4.0,-75.0
1777890545.7403324,-3.0,-4.0,-74.0
1777890545.7503324,-4.0,-4.0,-75.0
1777890545.7603323,0.0,-5.0,-71.0
1777890545.7703323,0.0,-4.0,-76.0
1777890545.7803323,-2.0,0.0,-78.0
1777890545.7903323,-2.0,0.0,-81.0
1777890545.8003323,-4.0,1.0,-80.0
1777890545.8103323,-6.0,0.0,-80.0
1777890545.8203323,-8.0,0.0,-82.0
1777890545.8303325,-8.0,-3.0,-89.0
1777890545.8403325,-13.0,-3.0,-90.0
1777890545.8503325,-10.0,0.0,-86.0
1777890545.8603325,-3.0,1.0,-81.0
1777890545.8703325,-2.0,0.0,-72.0
1777890545.8803325,-2.0,-2.0,-66.0
1777890545.8913324,-2.0,-1.0,-65.0
1777890545.9013324,-3.0,-2.0,-67.0
1777890545.9113324,1.0,-3.0,-63.0
1777890545.9213324,0.0,-2.0,-61.0
1777890545.9313323,0.0,-1.0,-69.0
1777890545.9413323,0.0,-2.0,-70.0
1777890545.9513323,0.0,-4.0,-67.0
1777890545.9613323,0.0,-5.0,-67.0
1777890545.9713323,-1.0,-4.0,-68.0
1777890545.9813323,-1.0,-2.0,-67.0
1777890545.9913323,0.0,-2.0,-72.0
1777890546.0013323,0.0,-4.0,-73.0
1777890546.0113325,1.0,0.0,-71.0
1777890546.0213325,4.0,1.0,-74.0
1777890546.0313325,3.0,2.0,-79.0
1777890546.0413325,1.0,3.0,-74.0
1777890546.0513325,2.0,0.0,-68.0
1777890546.0613325,6.0,-4.0,-64.0
1777890546.0713325,4.0,-4.0,-68.0
1777890546.0813324,0.0,-1.0,-74.0
1777890546.0913324,-1.0,-2.0,-82.0
1777890546.1013324,-5.0,-2.0,-79.0
1777890546.1113324,-2.0,1.0,-71.0
1777890546.1213324,-4.0,0.0,-68.0
1777890546.1313324,-4.0,2.0,-68.0
1777890546.1413324,-2.0,3.0,-70.0
1777890546.1513324,-3.0,5.0,-76.0
1777890546.1613324,0.0,1.0,-74.0
1777890546.1713324,0.0,1.0,-77.0
1777890546.1813323,4.0,3.0,-77.0
1777890546.1913323,0.0,3.0,-76.0
1777890546.2013323,-1.0,0.0,-77.0
1777890546.2113323,-2.0,0.0,-71.0
1777890546.2213323,0.0,-1.0,-70.0
1777890546.2313323,-1.0,0.0,-72.0
1777890546.2413323,-4.0,0.0,-76.0
1777890546.2513323,-6.0,-2.0,-73.0
1777890546.2613325,-5.0,0.0,-75.0
1777890546.2713325,0.0,0.0,-74.0
1777890546.2813325,1.0,-1.0,-75.0
1777890546.2913325,0.0,-1.0,-68.0
1777890546.3013325,-1.0,-2.0,-74.0
1777890546.3113325,4.0,0.0,-72.0
1777890546.3213325,4.0,-5.0,-69.0
1777890546.3313324,2.0,-3.0,-75.0
1777890546.3413324,-2.0,-1.0,-66.0
1777890546.3513324,-3.0,0.0,-64.0
1777890546.3613324,-2.0,0.0,-64.0
1777890546.3713324,-4.0,0.0,-66.0
1777890546.3813324,0.0,2.0,-63.0
1777890546.3913324,-2.0,0.0,-61.0
1777890546.4013324,-2.0,-2.0,-66.0
1777890546.4113324,-2.0,-4.0,-67.0
1777890546.4213324,-1.0,-5.0,-73.0
1777890546.4313323,-3.0,-3.0,-78.0
1777890546.4413323,-7.0,0.0,-73.0
1777890546.4513323,-5.0,0.0,-76.0
1777890546.4613323,-1.0,0.0,-80.0
1777890546.4713323,-4.0,0.0,-77.0
1777890546.4813323,-3.0,-2.0,-84.0
1777890546.4913323,-1.0,0.0,-78.0
1777890546.5013323,-4.0,-1.0,-82.0
1777890546.5113325,0.0,-3.0,-84.0
1777890546.5213325,-2.0,-3.0,-83.0
1777890546.5313325,-5.0,0.0,-82.0
1777890546.5413325,-10.0,2.0,-78.0
1777890546.5513325,-6.0,2.0,-77.0
1777890546.5613325,-4.0,0.0,-78.0
1777890546.5713325,-3.0,2.0,-81.0
1777890546.5813324,-2.0,-1.0,-84.0
1777890546.5913324,-1.0,0.0,-78.0
1777890546.6013324,-1.0,0.0,-76.0
1777890546.6113324,-5.0,0.0,-73.0
1777890546.6213324,-4.0,0.0,-67.0
1777890546.6313324,0.0,-4.0,-58.0
1777890546.6423323,-6.0,-3.0,-55.0
1777890546.6513324,-4.0,0.0,-62.0
1777890546.6613324,-1.0,1.0,-61.0
1777890546.6713324,0.0,0.0,-69.0
1777890546.6813323,2.0,-1.0,-70.0
1777890546.6913323,4.0,-1.0,-76.0
1777890546.7013323,7.0,-6.0,-73.0
1777890546.7113323,4.0,-5.0,-71.0
1777890546.7213323,0.0,-5.0,-69.0
1777890546.7313323,0.0,-3.0,-65.0
1777890546.7413323,3.0,0.0,-64.0
1777890546.7513323,2.0,1.0,-68.0
1777890546.7613325,0.0,0.0,-71.0
1777890546.7713325,2.0,0.0,-70.0
1777890546.7813325,0.0,0.0,-65.0
1777890546.7913325,1.0,0.0,-66.0
1777890546.8013325,0.0,-3.0,-68.0
1777890546.8113325,0.0,-5.0,-71.0
1777890546.8213325,-2.0,0.0,-73.0
1777890546.8313324,0.0,-1.0,-67.0
1777890546.8413324,-3.0,0.0,-62.0
1777890546.8513324,0.0,4.0,-70.0
1777890546.8613324,0.0,3.0,-73.0
1777890546.8713324,3.0,2.0,-73.0
1777890546.8813324,3.0,0.0,-70.0
1777890546.8913324,1.0,0.0,-76.0
1777890546.9013324,3.0,0.0,-75.0
1777890546.9113324,3.0,-1.0,-73.0
1777890546.9213324,4.0,0.0,-71.0
1777890546.9313323,4.0,1.0,-65.0
1777890546.9413323,6.0,2.0,-66.0
1777890546.9513323,2.0,1.0,-64.0
1777890546.9613323,4.0,0.0,-64.0
1777890546.9713323,6.0,0.0,-70.0
1777890546.9813323,4.0,3.0,-71.0
1777890546.9913323,3.0,4.0,-76.0
1777890547.0013323,1.0,4.0,-69.0
1777890547.0113325,2.0,2.0,-71.0
1777890547.0213325,-1.0,3.0,-73.0
1777890547.0313325,-1.0,1.0,-70.0
1777890547.0413325,0.0,0.0,-68.0
1777890547.0513325,0.0,-1.0,-75.0
1777890547.0613325,-3.0,-2.0,-79.0
1777890547.0713325,0.0,-1.0,-82.0
1777890547.0813324,2.0,-2.0,-88.0
1777890547.0913324,6.0,-4.0,-85.0
1777890547.1013324,8.0,0.0,-82.0
1777890547.1113324,7.0,0.0,-84.0
1777890547.1213324,7.0,-5.0,-79.0
1777890547.1313324,6.0,-1.0,-76.0
1777890547.1413324,9.0,0.0,-76.0
1777890547.1513324,6.0,1.0,-87.0
1777890547.1613324,4.0,1.0,-91.0
1777890547.1713324,7.0,-1.0,-90.0
1777890547.1813323,10.0,0.0,-87.0
1777890547.1913323,14.0,0.0,-85.0
1777890547.2013323,5.0,-1.0,-85.0
1777890547.2113323,4.0,-5.0,-78.0
1777890547.2213323,7.0,-4.0,-74.0
1777890547.2313323,3.0,-2.0,-73.0
1777890547.2423325,-4.0,0.0,-74.0
1777890547.2513323,-4.0,2.0,-73.0
1777890547.2613325,-5.0,2.0,-72.0
1777890547.2713325,-5.0,0.0,-68.0
1777890547.2813325,-1.0,0.0,-71.0
1777890547.2913325,0.0,0.0,-79.0
1777890547.3013325,-1.0,-2.0,-80.0
1777890547.3113325,1.0,-3.0,-79.0
1777890547.3213325,-1.0,-2.0,-81.0
1777890547.3313324,-4.0,1.0,-84.0
1777890547.3413324,1.0,-2.0,-90.0
1777890547.3513324,3.0,-1.0,-80.0
1777890547.3613324,5.0,-1.0,-81.0
1777890547.3713324,7.0,-7.0,-77.0
1777890547.3813324,8.0,-6.0,-67.0
1777890547.3913324,5.0,-8.0,-64.0
1777890547.4013324,4.0,-5.0,-59.0
1777890547.4113324,2.0,-5.0,-58.0
1777890547.4213324,0.0,-4.0,-60.0
1777890547.4313323,3.0,-4.0,-64.0
1777890547.4413323,2.0,-6.0,-64.0
1777890547.4513323,0.0,-6.0,-73.0
1777890547.4613323,-2.0,-2.0,-73.0
1777890547.4713323,1.0,-2.0,-76.0
1777890547.4813323,0.0,2.0,-78.0
1777890547.4913323,6.0,5.0,-77.0
1777890547.5013323,7.0,4.0,-77.0
1777890547.5113325,4.0,1.0,-81.0
1777890547.5213325,2.0,-3.0,-80.0
1777890547.5313325,3.0,-3.0,-74.0
1777890547.5413325,7.0,-1.0,-73.0
1777890547.5513325,3.0,4.0,-79.0
1777890547.5613325,4.0,0.0,-75.0
1777890547.5713325,0.0,-6.0,-82.0
1777890547.5813324,-2.0,-4.0,-74.0
1777890547.5913324,-2.0,-6.0,-72.0
1777890547.6013324,0.0,-4.0,-76.0
1777890547.6113324,2.0,0.0,-77.0
1777890547.6213324,1.0,1.0,-80.0
1777890547.6313324,0.0,0.0,-71.0
1777890547.6413324,0.0,2.0,-76.0
1777890547.6513324,-1.0,4.0,-76.0
1777890547.6613324,5.0,-1.0,-74.0
1777890547.6713324,4.0,-2.0,-80.0
1777890547.6813323,3.0,-1.0,-75.0
1777890547.6913323,0.0,-1.0,-68.0
1777890547.7013323,0.0,-1.0,-72.0
1777890547.7113323,1.0,-2.0,-76.0
1777890547.7213323,2.0,0.0,-74.0
1777890547.7313323,3.0,-3.0,-69.0
1777890547.7413323,1.0,-3.0,-64.0
1777890547.7513323,-1.0,-4.0,-63.0
1777890547.7613325,0.0,0.0,-63.0
1777890547.7713325,1.0,-2.0,-68.0
1777890547.7813325,0.0,-2.0,-66.0
1777890547.7913325,3.0,-3.0,-67.0
1777890547.8013325,4.0,-2.0,-69.0
1777890547.8113325,-1.0,-1.0,-71.0
1777890547.8213325,0.0,-3.0,-75.0
1777890547.8323324,3.0,-6.0,-71.0
1777890547.8423324,6.0,-6.0,-66.0
1777890547.8513324,5.0,-3.0,-67.0
1777890547.8623323,5.0,0.0,-63.0
1777890547.8713324,5.0,0.0,-66.0
1777890547.8823323,1.0,2.0,-64.0
1777890547.8923323,1.0,-1.0,-64.0
1777890547.9023323,6.0,0.0,-66.0
1777890547.9123323,7.0,1.0,-59.0
1777890547.9223323,11.0,2.0,-71.0
1777890547.9323325,8.0,-1.0,-68.0
1777890547.9423325,6.0,0.0,-70.0
1777890547.9523325,3.0,-2.0,-65.0
1777890547.9623325,2.0,-3.0,-62.0
1777890547.9723325,2.0,-4.0,-67.0
1777890547.9823325,-3.0,-4.0,-73.0
1777890547.9923325,-3.0,-1.0,-77.0
1777890548.0023324,-1.0,1.0,-78.0
1777890548.0123324,-3.0,1.0,-79.0
1777890548.0223324,-3.0,0.0,-73.0
1777890548.0323324,-3.0,1.0,-70.0
1777890548.0423324,1.0,1.0,-66.0
1777890548.0523324,3.0,2.0,-65.0
1777890548.0623324,4.0,2.0,-65.0
1777890548.0723324,0.0,3.0,-65.0
1777890548.0823324,-2.0,3.0,-66.0
1777890548.0923324,-1.0,2.0,-69.0
1777890548.1023324,-3.0,0.0,-73.0
1777890548.1123323,-5.0,0.0,-71.0
1777890548.1223323,-7.0,0.0,-69.0
1777890548.1323323,-9.0,-1.0,-69.0
1777890548.1423323,-5.0,-1.0,-71.0
1777890548.1523323,-1.0,-1.0,-74.0
1777890548.1623323,-1.0,-2.0,-72.0
1777890548.1723323,-3.0,-2.0,-75.0
1777890548.1823325,-1.0,-1.0,-76.0
1777890548.1923325,0.0,-3.0,-76.0
1777890548.2023325,0.0,-3.0,-83.0
1777890548.2123325,0.0,-2.0,-80.0
1777890548.2223325,0.0,1.0,-79.0
1777890548.2323325,0.0,1.0,-79.0
1777890548.2423325,2.0,1.0,-76.0
1777890548.2523324,2.0,3.0,-77.0
1777890548.2623324,6.0,8.0,-78.0
1777890548.2723324,5.0,6.0,-75.0
1777890548.2823324,4.0,2.0,-72.0
1777890548.2923324,2.0,0.0,-68.0
1777890548.3023324,1.0,0.0,-67.0
1777890548.3123324,0.0,-4.0,-75.0
1777890548.3223324,0.0,-6.0,-66.0
1777890548.3323324,0.0,-6.0,-62.0
1777890548.3423324,1.0,-6.0,-66.0
1777890548.3523324,2.0,-7.0,-71.0
1777890548.3623323,6.0,-4.0,-73.0
1777890548.3723323,6.0,0.0,-75.0
1777890548.3823323,3.0,-1.0,-75.0
1777890548.3923323,2.0,-1.0,-79.0
1777890548.4023323,4.0,-5.0,-82.0
1777890548.4123323,0.0,-9.0,-85.0
1777890548.4223323,2.0,-8.0,-82.0
1777890548.4323325,2.0,-4.0,-78.0
1777890548.4423325,4.0,-7.0,-84.0
1777890548.4523325,1.0,-8.0,-90.0
1777890548.4623325,2.0,-4.0,-91.0
1777890548.4723325,0.0,-3.0,-89.0
1777890548.4823325,3.0,-3.0,-83.0
1777890548.4923325,6.0,-1.0,-79.0
1777890548.5023324,5.0,0.0,-80.0
1777890548.5123324,4.0,1.0,-80.0
1777890548.5223324,6.0,0.0,-80.0
1777890548.5323324,0.0,0.0,-71.0
1777890548.5423324,3.0,0.0,-69.0
1777890548.5523324,3.0,-2.0,-72.0
1777890548.5623324,-1.0,-2.0,-68.0
1777890548.5723324,2.0,-3.0,-66.0
1777890548.5823324,2.0,-5.0,-69.0
1777890548.5923324,1.0,1.0,-73.0
1777890548.6023324,0.0,3.0,-73.0
1777890548.6123323,0.0,5.0,-75.0
1777890548.6223323,-4.0,6.0,-72.0
1777890548.6323323,-5.0,0.0,-75.0
1777890548.6423323,-1.0,2.0,-80.0
1777890548.6523323,3.0,-1.0,-84.0
1777890548.6623323,3.0,0.0,-82.0
1777890548.6723323,4.0,0.0,-75.0
1777890548.6823325,5.0,0.0,-77.0
1777890548.6923325,6.0,2.0,-69.0
1777890548.7023325,2.0,0.0,-65.0
1777890548.7123325,1.0,0.0,-78.0
1777890548.7223325,-2.0,-1.0,-83.0
1777890548.7323325,-3.0,-4.0,-83.0
1777890548.7423325,-5.0,1.0,-83.0
1777890548.7523324,-5.0,0.0,-85.0
1777890548.7623324,-1.0,0.0,-88.0
1777890548.7723324,2.0,-3.0,-85.0
1777890548.7823324,1.0,-2.0,-83.0
1777890548.7923324,3.0,-2.0,-82.0
1777890548.8023324,3.0,-2.0,-76.0
1777890548.8123324,3.0,1.0,-68.0
1777890548.8223324,2.0,3.0,-71.0
1777890548.8323324,1.0,-2.0,-73.0
1777890548.8423324,-4.0,1.0,-79.0
1777890548.8523324,-4.0,2.0,-75.0
1777890548.8623323,-3.0,0.0,-68.0
1777890548.8723323,-5.0,-1.0,-74.0
1777890548.8823323,-9.0,-3.0,-85.0
1777890548.8923323,-5.0,-1.0,-90.0
1777890548.9023323,-2.0,0.0,-85.0
1777890548.9123323,-1.0,-3.0,-80.0
1777890548.9223323,1.0,0.0,-80.0
1777890548.9323325,6.0,0.0,-83.0
1777890548.9423325,6.0,0.0,-84.0
1777890548.9523325,6.0,3.0,-80.0
1777890548.9623325,4.0,1.0,-72.0
1777890548.9723325,1.0,-1.0,-76.0
1777890548.9823325,1.0,-4.0,-74.0
1777890548.9923325,2.0,-2.0,-83.0
1777890549.0023324,1.0,-3.0,-80.0
1777890549.0123324,-2.0,-2.0,-74.0
1777890549.0223324,-2.0,0.0,-77.0
1777890549.0323324,0.0,3.0,-73.0
1777890549.0423324,0.0,2.0,-72.0
1777890549.0523324,0.0,1.0,-70.0
1777890549.0623324,-2.0,3.0,-73.0
1777890549.0723324,-1.0,3.0,-71.0
1777890549.0823324,-2.0,1.0,-68.0
1777890549.0923324,2.0,2.0,-73.0
1777890549.1023324,2.0,1.0,-78.0
1777890549.1123323,0.0,-3.0,-76.0
1777890549.1223323,1.0,-4.0,-72.0
1777890549.1323323,1.0,-2.0,-64.0
1777890549.1423323,1.0,-7.0,-61.0
1777890549.1523323,7.0,-8.0,-61.0
1777890549.1623323,5.0,-6.0,-60.0
1777890549.1723323,7.0,-5.0,-67.0
1777890549.1823325,9.0,0.0,-65.0
1777890549.1923325,2.0,-1.0,-62.0
1777890549.2023325,0.0,-2.0,-59.0
1777890549.2123325,0.0,1.0,-63.0
1777890549.2223325,-1.0,3.0,-59.0
1777890549.2323325,1.0,2.0,-65.0
1777890549.2423325,-1.0,0.0,-66.0
1777890549.2523324,-5.0,-3.0,-69.0
1777890549.2623324,-5.0,-5.0,-74.0
1777890549.2723324,0.0,-4.0,-77.0
1777890549.2823324,3.0,-2.0,-72.0
1777890549.2923324,2.0,-4.0,-72.0
1777890549.3023324,-1.0,-3.0,-70.0
1777890549.3123324,-2.0,-2.0,-78.0
1777890549.3223324,-3.0,0.0,-74.0
1777890549.3323324,-2.0,3.0,-72.0
1777890549.3423324,-1.0,3.0,-77.0
1777890549.3523324,0.0,6.0,-80.0
1777890549.3623323,0.0,5.0,-78.0
1777890549.3723323,-3.0,3.0,-68.0
1777890549.3823323,0.0,0.0,-68.0
1777890549.3923323,-2.0,-2.0,-68.0
1777890549.4023323,-3.0,0.0,-70.0
1777890549.4123323,-2.0,0.0,-69.0
1777890549.4223323,-1.0,2.0,-74.0
1777890549.4323325,-3.0,1.0,-70.0
1777890549.4423325,-2.0,2.0,-69.0
1777890549.4523325,-6.0,2.0,-74.0
1777890549.4623325,-8.0,0.0,-77.0
1777890549.4723325,-12.0,0.0,-74.0
1777890549.4823325,-8.0,1.0,-79.0
1777890549.4923325,-2.0,4.0,-80.0
1777890549.5023324,-4.0,2.0,-77.0
1777890549.5123324,-7.0,1.0,-75.0
1777890549.5223324,-7.0,0.0,-75.0
1777890549.5323324,-2.0,1.0,-69.0
1777890549.5423324,-2.0,0.0,-68.0
1777890549.5523324,0.0,0.0,-71.0
1777890549.5623324,-3.0,-1.0,-73.0
1777890549.5723324,-5.0,0.0,-73.0
1777890549.5823324,-3.0,-3.0,-81.0
1777890549.5923324,0.0,-10.0,-76.0
1777890549.6023324,0.0,-12.0,-80.0
1777890549.6123323,-3.0,-8.0,-83.0
1777890549.6223323,0.0,-7.0,-77.0
1777890549.6323323,-1.0,-7.0,-73.0
1777890549.6423323,1.0,-4.0,-77.0
1777890549.6523323,0.0,-5.0,-77.0
1777890549.6623323,-2.0,-6.0,-80.0
1777890549.6723323,-2.0,-3.0,-76.0
1777890549.6823325,-1.0,-3.0,-66.0
1777890549.6923325,0.0,-1.0,-65.0
1777890549.7023325,-2.0,2.0,-68.0
1777890549.7123325,1.0,2.0,-63.0
1777890549.7223325,1.0,4.0,-65.0
1777890549.7323325,7.0,1.0,-63.0
1777890549.7423325,11.0,0.0,-60.0
1777890549.7523324,8.0,4.0,-63.0
1777890549.7623324,5.0,2.0,-63.0
1777890549.7723324,2.0,3.0,-64.0
1777890549.7823324,0.0,0.0,-67.0
1777890549.7923324,-2.0,-3.0,-69.0
1777890549.8023324,0.0,-1.0,-67.0
1777890549.8123324,9.0,-1.0,-62.0
1777890549.8233323,8.0,-1.0,-63.0
1777890549.8323324,4.0,1.0,-68.0
1777890549.8433323,4.0,-1.0,-77.0
1777890549.8533323,2.0,-4.0,-78.0
1777890549.8633325,5.0,-2.0,-78.0
1777890549.8733325,5.0,0.0,-73.0
1777890549.8833325,2.0,2.0,-74.0
1777890549.8933325,0.0,1.0,-71.0
1777890549.9033325,-2.0,-2.0,-68.0
1777890549.9133325,1.0,-6.0,-69.0
1777890549.9233325,-5.0,-8.0,-65.0
1777890549.9333324,-9.0,-6.0,-65.0
1777890549.9433324,-4.0,-4.0,-71.0
1777890549.9533324,0.0,-2.0,-76.0
1777890549.9633324,0.0,-3.0,-78.0
1777890549.9733324,-3.0,-2.0,-74.0
1777890549.9833324,-2.0,1.0,-72.0
1777890549.9933324,-3.0,3.0,-74.0
1777890550.0033324,-7.0,2.0,-74.0
1777890550.0133324,-9.0,1.0,-82.0
1777890550.0233324,-6.0,0.0,-88.0
1777890550.0333323,-3.0,-3.0,-92.0
1777890550.0433323,0.0,-4.0,-84.0
1777890550.0533323,4.0,-5.0,-77.0
1777890550.0633323,1.0,-3.0,-77.0
1777890550.0733323,5.0,-2.0,-79.0
1777890550.0833323,3.0,-5.0,-77.0
1777890550.0933323,3.0,-1.0,-79.0
1777890550.1033323,6.0,0.0,-80.0
1777890550.1133325,6.0,2.0,-85.0
1777890550.1233325,4.0,6.0,-85.0
1777890550.1333325,5.0,1.0,-75.0
1777890550.1433325,1.0,0.0,-82.0
1777890550.1533325,2.0,3.0,-85.0
1777890550.1633325,-2.0,3.0,-83.0
1777890550.1733325,-1.0,0.0,-79.0
1777890550.1833324,-5.0,-1.0,-76.0
1777890550.1933324,-7.0,0.0,-71.0
1777890550.2033324,0.0,1.0,-77.0
1777890550.2133324,2.0,-2.0,-70.0
1777890550.2233324,2.0,0.0,-71.0
1777890550.2333324,0.0,-1.0,-71.0
1777890550.2433324,0.0,-5.0,-72.0
1777890550.2533324,2.0,-2.0,-84.0
1777890550.2633324,6.0,-2.0,-90.0
1777890550.2733324,7.0,-4.0,-88.0
1777890550.2833323,3.0,-3.0,-87.0
1777890550.2933323,3.0,-7.0,-83.0
1777890550.3033323,-1.0,-11.0,-80.0
1777890550.3133323,1.0,-9.0,-74.0
1777890550.3233323,1.0,-7.0,-78.0
1777890550.3333323,1.0,-2.0,-82.0
1777890550.3433323,6.0,0.0,-84.0
1777890550.3533323,7.0,0.0,-83.0
1777890550.3633325,7.0,1.0,-83.0
1777890550.3733325,9.0,1.0,-80.0
1777890550.3833325,6.0,2.0,-78.0
1777890550.3933325,5.0,1.0,-74.0
1777890550.4033325,5.0,4.0,-67.0
1777890550.4133325,4.0,8.0,-67.0
1777890550.4233325,3.0,4.0,-70.0
1777890550.4333324,5.0,0.0,-67.0
1777890550.4433324,9.0,3.0,-69.0
1777890550.4533324,11.0,0.0,-71.0
1777890550.4633324,9.0,0.0,-70.0
1777890550.4733324,8.0,-8.0,-71.0
1777890550.4833324,7.0,-11.0,-68.0
1777890550.4933324,7.0,-9.0,-63.0
1777890550.5033324,6.0,-6.0,-66.0
1777890550.5133324,7.0,-1.0,-59.0
1777890550.5233324,11.0,2.0,-59.0
1777890550.5333323,8.0,1.0,-61.0
1777890550.5433323,5.0,3.0,-60.0
1777890550.5533323,1.0,0.0,-57.0
1777890550.5633323,1.0,0.0,-65.0
1777890550.5733323,0.0,1.0,-73.0
1777890550.5833323,2.0,0.0,-70.0
1777890550.5933323,1.0,1.0,-63.0
1777890550.6033323,1.0,2.0,-71.0
1777890550.6133325,1.0,1.0,-70.0
1777890550.6233325,2.0,1.0,-79.0
1777890550.6333325,0.0,0.0,-80.0
1777890550.6433325,0.0,0.0,-81.0
1777890550.6533325,0.0,-1.0,-77.0
1777890550.6633325,0.0,-5.0,-78.0
1777890550.6733325,-1.0,-2.0,-78.0
1777890550.6833324,0.0,0.0,-77.0
1777890550.6933324,0.0,-2.0,-81.0
1777890550.7033324,2.0,-1.0,-82.0
1777890550.7133324,4.0,-2.0,-79.0
1777890550.7233324,6.0,-2.0,-75.0
1777890550.7333324,10.0,5.0,-78.0
1777890550.7433324,7.0,5.0,-79.0
1777890550.7533324,0.0,5.0,-80.0
1777890550.7633324,-1.0,0.0,-76.0
1777890550.7733324,0.0,3.0,-79.0
1777890550.7833323,1.0,6.0,-78.0
1777890550.7933323,5.0,9.0,-77.0
1777890550.8033323,4.0,10.0,-81.0
1777890550.8133323,0.0,5.0,-80.0
1777890550.8233323,1.0,4.0,-76.0
1777890550.8333323,0.0,1.0,-75.0
1777890550.8433323,0.0,0.0,-81.0
1777890550.8533323,0.0,1.0,-76.0
1777890550.8633325,0.0,6.0,-77.0
1777890550.8733325,3.0,2.0,-72.0
1777890550.8833325,1.0,-3.0,-81.0
1777890550.8933325,1.0,-4.0,-80.0
1777890550.9033325,2.0,-3.0,-82.0
1777890550.9133325,0.0,-7.0,-79.0
1777890550.9233325,-1.0,-6.0,-79.0
1777890550.9333324,2.0,-2.0,-72.0
1777890550.9433324,4.0,1.0,-68.0
1777890550.9533324,3.0,2.0,-68.0
1777890550.9633324,4.0,3.0,-72.0
1777890550.9733324,6.0,3.0,-75.0
1777890550.9833324,4.0,1.0,-74.0
1777890550.9933324,5.0,0.0,-69.0
1777890551.0033324,5.0,2.0,-67.0
1777890551.0133324,0.0,1.0,-66.0
1777890551.0233324,-1.0,0.0,-67.0
1777890551.0333323,-1.0,2.0,-66.0
1777890551.0433323,-2.0,4.0,-62.0
1777890551.0533323,-1.0,4.0,-70.0
1777890551.0633323,0.0,4.0,-67.0
1777890551.0733323,1.0,7.0,-71.0
1777890551.0833323,2.0,5.0,-72.0
1777890551.0933323,5.0,0.0,-71.0
1777890551.1033323,6.0,-1.0,-72.0
1777890551.1133325,1.0,-2.0,-76.0
1777890551.1233325,1.0,0.0,-76.0
1777890551.1333325,2.0,2.0,-73.0
1777890551.1433325,0.0,3.0,-76.0
1777890551.1533325,1.0,4.0,-81.0
1777890551.1633325,0.0,-1.0,-73.0
1777890551.1733325,-2.0,-2.0,-74.0
1777890551.1833324,0.0,0.0,-68.0
1777890551.1933324,0.0,0.0,-69.0
1777890551.2033324,-3.0,-3.0,-78.0
1777890551.2133324,-2.0,-6.0,-79.0
1777890551.2233324,-2.0,-6.0,-79.0
1777890551.2333324,-1.0,-1.0,-80.0
1777890551.2433324,0.0,2.0,-77.0
1777890551.2533324,-3.0,1.0,-76.0
1777890551.2633324,0.0,3.0,-70.0
1777890551.2733324,0.0,3.0,-64.0
1777890551.2833323,-6.0,2.0,-71.0
1777890551.2933323,0.0,-3.0,-69.0
1777890551.3033323,0.0,-3.0,-72.0
1777890551.3133323,0.0,-2.0,-72.0
1777890551.3233323,-1.0,0.0,-76.0
1777890551.3333323,-1.0,1.0,-77.0
1777890551.3433323,-6.0,4.0,-70.0
1777890551.3533323,-6.0,0.0,-76.0
1777890551.3633325,0.0,-3.0,-77.0
1777890551.3733325,3.0,-2.0,-81.0
1777890551.3833325,1.0,-6.0,-73.0
1777890551.3933325,3.0,-5.0,-74.0
1777890551.4033325,9.0,-4.0,-65.0
1777890551.4133325,10.0,-3.0,-67.0
1777890551.4233325,8.0,-4.0,-67.0
1777890551.4333324,11.0,-1.0,-67.0
1777890551.4433324,11.0,-1.0,-72.0
1777890551.4533324,9.0,0.0,-73.0
1777890551.4633324,7.0,-6.0,-75.0
1777890551.4733324,6.0,-8.0,-82.0
1777890551.4833324,4.0,-7.0,-93.0
1777890551.4933324,0.0,-6.0,-92.0
1777890551.5033324,2.0,-3.0,-87.0
1777890551.5133324,1.0,-7.0,-82.0
1777890551.5233324,2.0,-8.0,-79.0
1777890551.5333323,-1.0,-9.0,-79.0
1777890551.5433323,1.0,-11.0,-85.0
1777890551.5533323,1.0,-7.0,-93.0
1777890551.5633323,2.0,-10.0,-93.0
1777890551.5733323,2.0,-9.0,-91.0
1777890551.5833323,2.0,-12.0,-82.0
1777890551.5933323,4.0,-10.0,-76.0
1777890551.6033323,1.0,-7.0,-70.0
1777890551.6133325,0.0,-7.0,-72.0
1777890551.6233325,-2.0,-10.0,-71.0
1777890551.6333325,-1.0,-10.0,-67.0
1777890551.6433325,2.0,-2.0,-69.0
1777890551.6533325,6.0,0.0,-71.0
1777890551.6633325,4.0,0.0,-71.0
1777890551.6733325,2.0,0.0,-73.0
1777890551.6843324,0.0,-4.0,-73.0
1777890551.6933324,-1.0,-3.0,-75.0
1777890551.7033324,0.0,-5.0,-75.0
1777890551.7133324,-2.0,-3.0,-77.0
1777890551.7233324,-1.0,-4.0,-76.0
1777890551.7333324,-5.0,0.0,-70.0
1777890551.7433324,-9.0,0.0,-72.0
1777890551.7533324,-12.0,-1.0,-75.0
1777890551.7633324,-11.0,-3.0,-71.0
1777890551.7733324,-9.0,-4.0,-71.0
1777890551.7833323,-9.0,-8.0,-74.0
1777890551.7943325,-10.0,-10.0,-75.0
1777890551.8033323,-9.0,-6.0,-79.0
1777890551.8143325,-5.0,-4.0,-72.0
1777890551.8233323,-5.0,0.0,-68.0
1777890551.8343325,-6.0,-2.0,-67.0
1777890551.8443325,-7.0,-1.0,-64.0
1777890551.8543324,-4.0,-2.0,-62.0
1777890551.8643324,-4.0,-1.0,-68.0
1777890551.8743324,-3.0,-2.0,-64.0
1777890551.8843324,-2.0,0.0,-63.0
1777890551.8943324,0.0,3.0,-68.0
1777890551.9043324,3.0,-1.0,-63.0
1777890551.9143324,4.0,-5.0,-63.0
1777890551.9243324,1.0,-4.0,-68.0
1777890551.9343324,0.0,-3.0,-72.0
1777890551.9443324,3.0,-1.0,-78.0
1777890551.9543324,4.0,3.0,-76.0
1777890551.9643323,3.0,4.0,-70.0
1777890551.9743323,3.0,0.0,-71.0
1777890551.9843323,-2.0,-1.0,-68.0
1777890551.9943323,-4.0,-2.0,-70.0
1777890552.0043323,-6.0,-1.0,-69.0
1777890552.0143323,-4.0,1.0,-74.0
1777890552.0243323,-1.0,0.0,-68.0
1777890552.0343325,1.0,0.0,-72.0
1777890552.0443325,1.0,0.0,-71.0
1777890552.0553324,1.0,-1.0,-77.0
1777890552.0643325,0.0,-1.0,-77.0
1777890552.0743325,0.0,-3.0,-74.0
1777890552.0843325,3.0,-3.0,-72.0
1777890552.0943325,6.0,-1.0,-74.0
1777890552.1043324,4.0,-3.0,-71.0
1777890552.1143324,4.0,-3.0,-72.0
1777890552.1243324,3.0,-4.0,-67.0
1777890552.1343324,0.0,0.0,-65.0
1777890552.1443324,4.0,-2.0,-69.0
1777890552.1543324,5.0,0.0,-71.0
1777890552.1643324,8.0,1.0,-76.0
1777890552.1743324,9.0,0.0,-77.0
1777890552.1843324,7.0,-1.0,-72.0
1777890552.1943324,6.0,0.0,-78.0
1777890552.2043324,6.0,1.0,-79.0
1777890552.2143323,4.0,1.0,-80.0
1777890552.2243323,1.0,-1.0,-79.0
1777890552.2343323,0.0,0.0,-79.0
1777890552.2443323,1.0,0.0,-83.0
1777890552.2543323,0.0,-3.0,-83.0
1777890552.2643323,-3.0,-1.0,-72.0
1777890552.2743323,-7.0,4.0,-69.0
1777890552.2843325,-7.0,7.0,-68.0
1777890552.2943325,-7.0,10.0,-72.0
1777890552.3043325,-6.0,3.0,-72.0
1777890552.3143325,-3.0,-4.0,-66.0
1777890552.3243325,-5.0,-5.0,-69.0
1777890552.3343325,-2.0,-9.0,-68.0
1777890552.3443325,-5.0,-5.0,-67.0
1777890552.3543324,-10.0,-6.0,-74.0
1777890552.3643324,-4.0,-1.0,-71.0
1777890552.3743324,-3.0,-6.0,-72.0
1777890552.3843324,-5.0,-4.0,-70.0
1777890552.3943324,-6.0,-3.0,-67.0
1777890552.4043324,-6.0,-2.0,-70.0
1777890552.4143324,-6.0,0.0,-72.0
1777890552.4243324,-7.0,-3.0,-75.0
1777890552.4343324,-7.0,-5.0,-73.0
1777890552.4443324,-7.0,-5.0,-69.0
1777890552.4543324,-3.0,-2.0,-68.0
1777890552.4643323,5.0,1.0,-79.0
1777890552.4743323,1.0,4.0,-85.0
1777890552.4843323,-2.0,1.0,-79.0
1777890552.4943323,-1.0,1.0,-79.0
1777890552.5043323,-2.0,0.0,-74.0
1777890552.5143323,0.0,0.0,-71.0
1777890552.5243323,0.0,0.0,-76.0
1777890552.5343325,0.0,0.0,-74.0
1777890552.5443325,-1.0,-3.0,-75.0
1777890552.5543325,-4.0,-3.0,-73.0
1777890552.5643325,-4.0,-2.0,-64.0
1777890552.5743325,-2.0,-3.0,-63.0
1777890552.5843325,0.0,-2.0,-63.0
1777890552.5943325,3.0,-1.0,-65.0
1777890552.6043324,6.0,-2.0,-69.0
1777890552.6143324,6.0,-1.0,-65.0
1777890552.6243324,9.0,1.0,-65.0
1777890552.6343324,6.0,0.0,-69.0
1777890552.6443324,1.0,1.0,-74.0
1777890552.6543324,-5.0,-1.0,-71.0
1777890552.6643324,-4.0,-6.0,-75.0
1777890552.6743324,-6.0,-7.0,-78.0
1777890552.6843324,-5.0,-6.0,-77.0
1777890552.6943324,1.0,-2.0,-77.0
1777890552.7043324,-5.0,0.0,-78.0
1777890552.7143323,-8.0,-2.0,-74.0
1777890552.7243323,-4.0,0.0,-71.0
1777890552.7343323,-4.0,-3.0,-66.0
1777890552.7443323,-6.0,-6.0,-64.0
1777890552.7543323,-8.0,-4.0,-66.0
1777890552.7643323,-7.0,1.0,-77.0
1777890552.7743323,-7.0,-1.0,-85.0
1777890552.7843325,-3.0,-2.0,-80.0
1777890552.7943325,-2.0,0.0,-76.0
1777890552.8043325,0.0,-5.0,-73.0
1777890552.8143325,0.0,-3.0,-71.0
1777890552.8243325,0.0,-3.0,-74.0
1777890552.8343325,1.0,-5.0,-74.0
1777890552.8443325,-2.0,-6.0,-76.0
1777890552.8543324,0.0,-8.0,-77.0
1777890552.8643324,5.0,-7.0,-78.0
1777890552.8743324,4.0,-7.0,-73.0
1777890552.8843324,3.0,-3.0,-72.0
1777890552.8943324,-1.0,-1.0,-73.0
1777890552.9043324,-2.0,1.0,-74.0
1777890552.9143324,1.0,-1.0,-69.0
1777890552.9243324,3.0,0.0,-74.0
1777890552.9343324,2.0,0.0,-74.0
1777890552.9443324,3.0,-2.0,-78.0
1777890552.9543324,2.0,-3.0,-76.0
1777890552.9643323,-2.0,-2.0,-78.0
1777890552.9743323,-1.0,-3.0,-78.0
1777890552.9843323,-4.0,0.0,-76.0
1777890552.9943323,-1.0,-3.0,-79.0
1777890553.0043323,0.0,-8.0,-75.0
1777890553.0143323,0.0,-7.0,-71.0
1777890553.0243323,1.0,-8.0,-67.0
1777890553.0343325,6.0,-6.0,-70.0
1777890553.0443325,9.0,-4.0,-75.0
1777890553.0543325,7.0,2.0,-76.0
1777890553.0643325,8.0,0.0,-73.0
1777890553.0743325,7.0,1.0,-77.0
1777890553.0843325,7.0,2.0,-73.0
1777890553.0943325,4.0,-1.0,-63.0
1777890553.1043324,3.0,-4.0,-65.0
1777890553.1143324,7.0,-5.0,-67.0
1777890553.1243324,4.0,-6.0,-69.0
1777890553.1343324,5.0,-6.0,-69.0
1777890553.1443324,0.0,-3.0,-75.0
1777890553.1543324,-2.0,-2.0,-75.0
1777890553.1643324,0.0,-1.0,-76.0
1777890553.1743324,3.0,-5.0,-83.0
1777890553.1843324,0.0,-4.0,-77.0
1777890553.1943324,4.0,-6.0,-75.0
1777890553.2043324,3.0,-1.0,-76.0
1777890553.2143323,2.0,3.0,-76.0
1777890553.2243323,2.0,4.0,-79.0
1777890553.2343323,6.0,1.0,-84.0
1777890553.2443323,3.0,0.0,-82.0
1777890553.2543323,2.0,0.0,-80.0
1777890553.2643323,-3.0,3.0,-76.0
1777890553.2743323,-3.0,0.0,-70.0
1777890553.2843325,-2.0,0.0,-72.0
1777890553.2943325,-4.0,0.0,-69.0
1777890553.3043325,0.0,2.0,-66.0
1777890553.3143325,-2.0,0.0,-70.0
1777890553.3243325,0.0,-2.0,-71.0
1777890553.3343325,1.0,-4.0,-72.0
1777890553.3443325,4.0,-3.0,-68.0
1777890553.3543324,7.0,0.0,-66.0
1777890553.3643324,4.0,0.0,-63.0
1777890553.3743324,2.0,-4.0,-70.0
1777890553.3843324,0.0,-5.0,-75.0
1777890553.3943324,2.0,-9.0,-71.0
1777890553.4043324,7.0,-7.0,-76.0
1777890553.4143324,5.0,-6.0,-71.0
1777890553.4243324,5.0,-8.0,-70.0
1777890553.4343324,6.0,-10.0,-73.0
1777890553.4443324,10.0,-8.0,-71.0
1777890553.4543324,10.0,-6.0,-68.0
1777890553.4643323,7.0,-1.0,-71.0
1777890553.4743323,2.0,0.0,-72.0
1777890553.4843323,-2.0,0.0,-71.0
1777890553.4943323,0.0,1.0,-74.0
1777890553.5043323,0.0,2.0,-75.0
1777890553.5143323,-1.0,-3.0,-78.0
1777890553.5243323,2.0,-2.0,-71.0
1777890553.5343325,0.0,-1.0,-68.0
1777890553.5443325,0.0,0.0,-67.0
1777890553.5543325,-2.0,0.0,-68.0
1777890553.5643325,2.0,1.0,-72.0
1777890553.5743325,2.0,1.0,-68.0
1777890553.5843325,1.0,1.0,-67.0
1777890553.5943325,3.0,1.0,-64.0
1777890553.6043324,6.0,3.0,-61.0
1777890553.6143324,7.0,5.0,-59.0
1777890553.6243324,5.0,0.0,-67.0
1777890553.6343324,7.0,1.0,-71.0
1777890553.6443324,6.0,1.0,-73.0
1777890553.6543324,9.0,0.0,-71.0
1777890553.6643324,9.0,1.0,-74.0
1777890553.6743324,6.0,-2.0,-77.0
1777890553.6843324,5.0,-2.0,-73.0
1777890553.6943324,1.0,2.0,-79.0
1777890553.7043324,0.0,2.0,-74.0
1777890553.7143323,4.0,-4.0,-69.0
1777890553.7243323,-1.0,-3.0,-71.0
1777890553.7343323,0.0,-1.0,-78.0
1777890553.7443323,1.0,-4.0,-78.0
1777890553.7543323,0.0,3.0,-78.0
1777890553.7643323,1.0,0.0,-75.0
1777890553.7743323,0.0,-1.0,-68.0
1777890553.7843325,-1.0,-3.0,-69.0
1777890553.7943325,-5.0,-3.0,-71.0
1777890553.8043325,-1.0,-1.0,-72.0
1777890553.8143325,4.0,0.0,-65.0
1777890553.8253324,1.0,1.0,-69.0
1777890553.8353324,2.0,0.0,-71.0
1777890553.8453324,5.0,0.0,-73.0
1777890553.8553324,8.0,-2.0,-75.0
1777890553.8653324,6.0,-6.0,-76.0
1777890553.8753324,1.0,-8.0,-75.0
1777890553.8853323,0.0,-9.0,-79.0
1777890553.8953323,1.0,-7.0,-77.0
1777890553.9053323,4.0,-7.0,-71.0
1777890553.9153323,1.0,-5.0,-71.0
1777890553.9253323,1.0,-5.0,-70.0
1777890553.9353323,0.0,-9.0,-63.0
1777890553.9453323,0.0,-7.0,-65.0
1777890553.9553325,-2.0,-2.0,-65.0
1777890553.9653325,-3.0,-2.0,-63.0
1777890553.9753325,-3.0,-2.0,-72.0
1777890553.9853325,-3.0,-2.0,-74.0
1777890553.9953325,-4.0,0.0,-79.0
1777890554.0053325,0.0,2.0,-72.0
1777890554.0153325,2.0,0.0,-70.0
1777890554.0253325,4.0,-4.0,-67.0
1777890554.0353324,9.0,-2.0,-67.0
1777890554.0453324,10.0,-4.0,-75.0
1777890554.0553324,9.0,-3.0,-80.0
1777890554.0653324,9.0,-4.0,-77.0
1777890554.0753324,7.0,-1.0,-79.0
1777890554.0853324,7.0,0.0,-83.0
1777890554.0953324,4.0,3.0,-76.0
1777890554.1053324,2.0,0.0,-79.0
1777890554.1153324,4.0,-2.0,-76.0
1777890554.1253324,1.0,-3.0,-75.0
1777890554.1353323,-2.0,0.0,-71.0
1777890554.1453323,-1.0,0.0,-71.0
1777890554.1553323,-2.0,-2.0,-70.0
1777890554.1653323,1.0,2.0,-68.0
1777890554.1753323,1.0,3.0,-72.0
1777890554.1853323,-1.0,0.0,-70.0
1777890554.1953323,-2.0,-4.0,-79.0
1777890554.2053325,-1.0,-1.0,-80.0
1777890554.2153325,1.0,1.0,-76.0
1777890554.2253325,0.0,0.0,-77.0
1777890554.2353325,-1.0,0.0,-79.0
1777890554.2453325,-3.0,1.0,-79.0
1777890554.2553325,-3.0,2.0,-76.0
1777890554.2653325,-3.0,0.0,-79.0
1777890554.2753325,-1.0,0.0,-75.0
1777890554.2853324,1.0,-3.0,-72.0
1777890554.2953324,-1.0,-4.0,-71.0
1777890554.3053324,-5.0,-7.0,-69.0
1777890554.3153324,-2.0,-3.0,-57.0
1777890554.3253324,-3.0,-3.0,-55.0
1777890554.3353324,0.0,0.0,-62.0
1777890554.3453324,2.0,0.0,-66.0
1777890554.3553324,0.0,-4.0,-64.0
1777890554.3653324,-2.0,-6.0,-64.0
1777890554.3753324,0.0,-6.0,-66.0
1777890554.3853323,1.0,-6.0,-66.0
1777890554.3953323,5.0,-7.0,-65.0
1777890554.4053323,6.0,-4.0,-66.0
1777890554.4153323,6.0,-1.0,-68.0
1777890554.4253323,8.0,0.0,-75.0
1777890554.4353323,1.0,4.0,-76.0
1777890554.4453323,0.0,6.0,-79.0
1777890554.4553325,-3.0,6.0,-73.0
1777890554.4653325,-5.0,9.0,-71.0
1777890554.4753325,-8.0,8.0,-74.0
1777890554.4853325,-7.0,3.0,-75.0
1777890554.4953325,-4.0,1.0,-80.0
1777890554.5053325,-7.0,3.0,-78.0
1777890554.5153325,-7.0,4.0,-78.0
1777890554.5253325,-6.0,1.0,-78.0
1777890554.5353324,-5.0,0.0,-70.0
1777890554.5453324,-4.0,0.0,-65.0
1777890554.5553324,-5.0,-2.0,-63.0
1777890554.5653324,-3.0,0.0,-64.0
1777890554.5753324,-2.0,0.0,-64.0
1777890554.5853324,-2.0,-1.0,-67.0
1777890554.5953324,-4.0,-2.0,-70.0
1777890554.6053324,-5.0,-3.0,-64.0
1777890554.6153324,0.0,-3.0,-74.0
1777890554.6253324,0.0,-3.0,-74.0
1777890554.6353323,0.0,-4.0,-76.0
1777890554.6453323,4.0,-3.0,-75.0
1777890554.6553323,7.0,-5.0,-79.0
1777890554.6653323,4.0,0.0,-77.0
1777890554.6753323,0.0,0.0,-79.0
1777890554.6853323,-3.0,1.0,-84.0
1777890554.6953323,0.0,0.0,-84.0
1777890554.7063324,0.0,0.0,-87.0
1777890554.7153325,1.0,-3.0,-89.0
1777890554.7253325,-1.0,-6.0,-92.0
1777890554.7353325,-2.0,-7.0,-91.0
1777890554.7453325,-4.0,-8.0,-78.0
1777890554.7553325,-3.0,-6.0,-72.0
1777890554.7653325,-3.0,-2.0,-70.0
1777890554.7753325,-3.0,0.0,-69.0
1777890554.7853324,-1.0,0.0,-61.0
1777890554.7953324,0.0,-2.0,-64.0
1777890554.8053324,-1.0,0.0,-61.0
1777890554.8153324,-2.0,6.0,-62.0
1777890554.8253324,0.0,6.0,-64.0
1777890554.8353324,-1.0,2.0,-70.0
1777890554.8453324,0.0,3.0,-68.0
1777890554.8553324,-2.0,1.0,-63.0
1777890554.8653324,0.0,-1.0,-60.0
1777890554.8753324,2.0,2.0,-65.0
1777890554.8853323,2.0,0.0,-65.0
1777890554.8953323,5.0,5.0,-62.0
1777890554.9053323,4.0,1.0,-61.0
1777890554.9153323,1.0,2.0,-65.0
1777890554.9253323,1.0,3.0,-68.0
1777890554.9353323,4.0,5.0,-75.0
1777890554.9453323,7.0,6.0,-75.0
1777890554.9553325,4.0,5.0,-72.0
1777890554.9653325,3.0,3.0,-72.0
1777890554.9753325,4.0,-2.0,-64.0
1777890554.9853325,0.0,5.0,-63.0
1777890554.9953325,0.0,3.0,-65.0
1777890555.0053325,0.0,4.0,-67.0
1777890555.0153325,0.0,6.0,-66.0
1777890555.0253325,-1.0,4.0,-69.0
1777890555.0353324,5.0,9.0,-69.0
1777890555.0453324,9.0,4.0,-71.0
1777890555.0553324,7.0,0.0,-67.0
1777890555.0653324,7.0,0.0,-66.0
1777890555.0753324,0.0,3.0,-73.0
1777890555.0853324,-2.0,3.0,-83.0
1777890555.0953324,-4.0,3.0,-86.0
1777890555.1053324,-6.0,4.0,-89.0
1777890555.1153324,-4.0,5.0,-81.0
1777890555.1253324,-1.0,2.0,-79.0
1777890555.1353323,0.0,0.0,-84.0
1777890555.1453323,1.0,-3.0,-82.0
1777890555.1553323,-2.0,-2.0,-80.0
1777890555.1653323,-5.0,-3.0,-81.0
1777890555.1753323,-4.0,-1.0,-78.0
1777890555.1853323,-9.0,-3.0,-79.0
1777890555.1953323,-5.0,-4.0,-75.0
1777890555.2053325,0.0,-1.0,-71.0
1777890555.2153325,1.0,3.0,-76.0
1777890555.2253325,2.0,3.0,-71.0
1777890555.2353325,3.0,2.0,-69.0
1777890555.2453325,0.0,3.0,-69.0
1777890555.2553325,-4.0,5.0,-66.0
1777890555.2653325,-5.0,5.0,-68.0
1777890555.2753325,-3.0,3.0,-72.0
1777890555.2853324,-5.0,0.0,-69.0
1777890555.2953324,-4.0,4.0,-67.0
1777890555.3053324,-9.0,5.0,-73.0
1777890555.3153324,-5.0,2.0,-83.0
1777890555.3253324,-3.0,0.0,-86.0
1777890555.3353324,0.0,0.0,-80.0
1777890555.3453324,-4.0,1.0,-77.0
1777890555.3553324,-6.0,3.0,-71.0
1777890555.3653324,-6.0,3.0,-65.0
1777890555.3753324,-2.0,3.0,-70.0
1777890555.3853323,-1.0,6.0,-76.0
1777890555.3953323,-3.0,6.0,-75.0
1777890555.4053323,-6.0,1.0,-79.0
1777890555.4153323,-8.0,2.0,-73.0
1777890555.4253323,-4.0,1.0,-77.0
1777890555.4353323,-2.0,4.0,-77.0
1777890555.4453323,0.0,5.0,-70.0
1777890555.4553325,-3.0,3.0,-76.0
1777890555.4653325,-3.0,4.0,-77.0
1777890555.4753325,3.0,7.0,-73.0
1777890555.4853325,3.0,4.0,-73.0
1777890555.4953325,3.0,0.0,-78.0
1777890555.5053325,5.0,0.0,-82.0
1777890555.5153325,1.0,0.0,-81.0
1777890555.5253325,2.0,0.0,-83.0
1777890555.5353324,5.0,-1.0,-82.0
1777890555.5453324,6.0,-3.0,-79.0
1777890555.5553324,8.0,-3.0,-78.0
1777890555.5653324,3.0,-7.0,-77.0
1777890555.5753324,0.0,-2.0,-73.0
1777890555.5853324,0.0,-4.0,-67.0
1777890555.5953324,-2.0,0.0,-70.0
1777890555.6053324,-2.0,1.0,-71.0
1777890555.6153324,2.0,4.0,-70.0
1777890555.6253324,4.0,0.0,-81.0
1777890555.6353323,2.0,3.0,-79.0
1777890555.6453323,4.0,1.0,-80.0
1777890555.6553323,9.0,0.0,-81.0
1777890555.6653323,7.0,1.0,-78.0
1777890555.6753323,8.0,2.0,-80.0
1777890555.6853323,10.0,5.0,-80.0
1777890555.6953323,8.0,3.0,-84.0
1777890555.7053325,10.0,-1.0,-83.0
1777890555.7153325,6.0,0.0,-85.0
1777890555.7253325,6.0,-3.0,-84.0
1777890555.7353325,7.0,-4.0,-77.0
1777890555.7453325,7.0,0.0,-76.0
1777890555.7553325,6.0,-1.0,-72.0
1777890555.7653325,2.0,1.0,-74.0
1777890555.7753325,1.0,0.0,-74.0
1777890555.7863324,-3.0,1.0,-73.0
1777890555.7953324,0.0,4.0,-71.0
1777890555.8053324,0.0,2.0,-68.0
1777890555.8163323,3.0,3.0,-67.0
1777890555.8263323,1.0,2.0,-75.0
1777890555.8363323,7.0,0.0,-74.0
1777890555.8463323,3.0,-3.0,-75.0
1777890555.8563323,6.0,0.0,-79.0
1777890555.8663323,8.0,6.0,-79.0
1777890555.8763323,7.0,5.0,-77.0
1777890555.8863325,5.0,5.0,-70.0
1777890555.8963325,1.0,4.0,-76.0
1777890555.9063325,0.0,0.0,-81.0
1777890555.9163325,2.0,3.0,-82.0
1777890555.9263325,5.0,3.0,-78.0
1777890555.9363325,2.0,3.0,-79.0
1777890555.9463325,2.0,1.0,-80.0
1777890555.9563324,2.0,0.0,-75.0
1777890555.9663324,0.0,4.0,-75.0
1777890555.9763324,-1.0,1.0,-70.0
1777890555.9863324,0.0,0.0,-75.0
1777890555.9963324,-1.0,3.0,-78.0
1777890556.0063324,-4.0,1.0,-71.0
1777890556.0163324,-4.0,0.0,-71.0
1777890556.0263324,-2.0,1.0,-74.0
1777890556.0363324,-4.0,0.0,-75.0
1777890556.0463324,-6.0,-1.0,-79.0
1777890556.0563323,-5.0,0.0,-83.0
1777890556.0663323,-2.0,0.0,-82.0
1777890556.0763323,4.0,0.0,-82.0
1777890556.0863323,2.0,3.0,-80.0
1777890556.0963323,3.0,0.0,-86.0
1777890556.1063323,3.0,-2.0,-85.0
1777890556.1163323,2.0,0.0,-77.0
1777890556.1263323,-2.0,-2.0,-78.0
1777890556.1363325,-2.0,-5.0,-76.0
1777890556.1463325,1.0,-8.0,-78.0
1777890556.1563325,-2.0,-7.0,-78.0
1777890556.1663325,0.0,-8.0,-78.0
1777890556.1763325,1.0,-6.0,-78.0
1777890556.1863325,3.0,-7.0,-79.0
1777890556.1963325,3.0,-11.0,-83.0
1777890556.2063324,1.0,-6.0,-82.0
1777890556.2163324,-1.0,-6.0,-80.0
1777890556.2263324,-4.0,-2.0,-80.0
1777890556.2363324,0.0,-5.0,-75.0
1777890556.2463324,0.0,-5.0,-74.0
1777890556.2563324,0.0,-6.0,-69.0
1777890556.2663324,-1.0,-6.0,-70.0
1777890556.2763324,-2.0,-8.0,-63.0
1777890556.2863324,-1.0,-7.0,-62.0
1777890556.2963324,-1.0,-6.0,-65.0
1777890556.3063323,6.0,-2.0,-66.0
1777890556.3163323,8.0,-5.0,-69.0
1777890556.3263323,8.0,-3.0,-68.0
1777890556.3363323,4.0,-2.0,-75.0
1777890556.3463323,3.0,-3.0,-75.0
1777890556.3563323,2.0,-3.0,-78.0
1777890556.3663323,0.0,-4.0,-76.0
1777890556.3763323,0.0,0.0,-74.0
1777890556.3863325,0.0,1.0,-74.0
1777890556.3963325,0.0,2.0,-77.0
1777890556.4063325,0.0,-1.0,-70.0
1777890556.4163325,2.0,0.0,-69.0
1777890556.4263325,1.0,0.0,-69.0
1777890556.4363325,-2.0,0.0,-67.0
1777890556.4463325,-2.0,0.0,-67.0
1777890556.4563324,0.0,-5.0,-69.0
1777890556.4663324,0.0,-5.0,-71.0
1777890556.4763324,1.0,-4.0,-78.0
1777890556.4863324,-1.0,-4.0,-76.0
1777890556.4963324,0.0,-4.0,-80.0
1777890556.5063324,-1.0,-3.0,-79.0
1777890556.5163324,0.0,-7.0,-79.0
1777890556.5263324,2.0,-8.0,-80.0
1777890556.5363324,2.0,-11.0,-81.0
1777890556.5463324,9.0,-7.0,-85.0
1777890556.5563323,2.0,-6.0,-83.0
1777890556.5663323,3.0,-7.0,-82.0
1777890556.5763323,-1.0,-9.0,-75.0
1777890556.5863323,0.0,-7.0,-76.0
1777890556.5963323,0.0,-4.0,-78.0
1777890556.6063323,0.0,0.0,-76.0
1777890556.6163323,0.0,-2.0,-76.0
1777890556.6263323,2.0,0.0,-80.0
1777890556.6363325,7.0,-2.0,-78.0
1777890556.6463325,9.0,0.0,-74.0
1777890556.6563325,8.0,-2.0,-69.0
1777890556.6663325,5.0,-4.0,-63.0
1777890556.6763325,7.0,-8.0,-68.0
1777890556.6863325,7.0,-4.0,-77.0
1777890556.6963325,7.0,-3.0,-75.0
1777890556.7063324,6.0,-3.0,-77.0
1777890556.7163324,7.0,-6.0,-74.0
1777890556.7263324,5.0,-6.0,-75.0
1777890556.7363324,8.0,-4.0,-74.0
1777890556.7463324,6.0,-3.0,-74.0
1777890556.7563324,2.0,0.0,-73.0
1777890556.7663324,0.0,6.0,-75.0
1777890556.7763324,-1.0,4.0,-68.0
1777890556.7863324,0.0,2.0,-77.0
1777890556.7963324,0.0,2.0,-69.0
1777890556.8063323,2.0,1.0,-59.0
1777890556.8163323,2.0,2.0,-62.0
1777890556.8263323,5.0,1.0,-64.0
1777890556.8363323,5.0,0.0,-69.0
1777890556.8463323,-1.0,0.0,-68.0
1777890556.8563323,-3.0,0.0,-69.0
1777890556.8663323,-4.0,1.0,-72.0
1777890556.8763323,0.0,1.0,-78.0
1777890556.8863325,-3.0,0.0,-75.0
1777890556.8963325,-3.0,0.0,-77.0
1777890556.9063325,0.0,-1.0,-76.0
1777890556.9163325,5.0,-2.0,-74.0
1777890556.9263325,3.0,-5.0,-69.0
1777890556.9363325,-2.0,-1.0,-70.0
1777890556.9463325,-3.0,-1.0,-72.0
1777890556.9563324,-4.0,0.0,-72.0
1777890556.9663324,-6.0,-2.0,-72.0
1777890556.9763324,-6.0,-2.0,-69.0
1777890556.9863324,-3.0,0.0,-72.0
1777890556.9963324,2.0,-3.0,-74.0
1777890557.0063324,1.0,1.0,-75.0
1777890557.0163324,-1.0,3.0,-74.0
1777890557.0263324,-1.0,1.0,-69.0
1777890557.0363324,-1.0,-1.0,-66.0
1777890557.0463324,2.0,2.0,-66.0
1777890557.0563323,1.0,-4.0,-66.0
1777890557.0663323,-2.0,-2.0,-73.0
1777890557.0763323,0.0,1.0,-77.0
1777890557.0863323,4.0,8.0,-80.0
1777890557.0963323,2.0,5.0,-74.0
1777890557.1063323,7.0,0.0,-73.0
1777890557.1163323,5.0,0.0,-77.0
1777890557.1263323,0.0,0.0,-73.0
1777890557.1363325,0.0,0.0,-71.0
1777890557.1463325,0.0,0.0,-68.0
1777890557.1563325,2.0,0.0,-65.0
1777890557.1663325,1.0,1.0,-67.0
1777890557.1763325,2.0,1.0,-75.0
1777890557.1863325,3.0,0.0,-77.0
1777890557.1963325,5.0,0.0,-72.0
1777890557.2063324,4.0,1.0,-70.0
1777890557.2163324,3.0,0.0,-70.0
1777890557.2263324,1.0,-3.0,-67.0
1777890557.2363324,0.0,0.0,-62.0
1777890557.2463324,-1.0,0.0,-58.0
1777890557.2563324,0.0,0.0,-65.0
1777890557.2663324,-2.0,0.0,-68.0
1777890557.2763324,-4.0,0.0,-70.0
1777890557.2863324,0.0,2.0,-71.0
1777890557.2963324,2.0,0.0,-75.0
1777890557.3063323,2.0,4.0,-76.0
1777890557.3163323,3.0,2.0,-82.0
1777890557.3263323,-1.0,1.0,-82.0
1777890557.3363323,-1.0,1.0,-87.0
1777890557.3463323,-4.0,-2.0,-100.0
1777890557.3563323,0.0,-4.0,-95.0
1777890557.3663323,1.0,-5.0,-88.0
1777890557.3763323,6.0,-5.0,-84.0
1777890557.3863325,5.0,-2.0,-80.0
1777890557.3963325,10.0,-1.0,-81.0
1777890557.4063325,6.0,-1.0,-72.0
1777890557.4163325,3.0,4.0,-66.0
1777890557.4263325,0.0,5.0,-72.0
1777890557.4363325,-1.0,3.0,-76.0
1777890557.4463325,-3.0,0.0,-72.0
1777890557.4563324,-3.0,0.0,-67.0
1777890557.4663324,0.0,-1.0,-69.0
1777890557.4763324,0.0,1.0,-67.0
1777890557.4863324,1.0,2.0,-67.0
1777890557.4963324,0.0,3.0,-75.0
1777890557.5063324,0.0,2.0,-67.0
1777890557.5163324,4.0,1.0,-66.0
1777890557.5263324,3.0,0.0,-70.0
1777890557.5363324,7.0,-4.0,-71.0
1777890557.5463324,10.0,-7.0,-75.0
1777890557.5563323,4.0,-9.0,-76.0
1777890557.5663323,0.0,-7.0,-81.0
1777890557.5763323,0.0,-5.0,-77.0
1777890557.5863323,-1.0,-1.0,-73.0
1777890557.5963323,0.0,-1.0,-70.0
1777890557.6063323,3.0,-1.0,-64.0
1777890557.6163323,5.0,-6.0,-68.0
1777890557.6263323,2.0,-4.0,-70.0
1777890557.6363325,1.0,-6.0,-70.0
1777890557.6463325,3.0,-5.0,-75.0
1777890557.6563325,0.0,-4.0,-71.0
1777890557.6663325,2.0,-7.0,-66.0
1777890557.6763325,1.0,-11.0,-68.0
1777890557.6863325,1.0,-7.0,-74.0
1777890557.6963325,0.0,-7.0,-71.0
1777890557.7063324,1.0,-9.0,-70.0
1777890557.7163324,2.0,-9.0,-77.0
1777890557.7263324,4.0,-7.0,-77.0
1777890557.7363324,0.0,-6.0,-77.0
1777890557.7463324,0.0,-3.0,-81.0
1777890557.7563324,1.0,-5.0,-83.0
1777890557.7663324,-3.0,-2.0,-81.0
1777890557.7763324,-6.0,-2.0,-90.0
1777890557.7873323,-5.0,-4.0,-93.0
1777890557.7973323,-3.0,-4.0,-92.0
1777890557.8073325,-5.0,-4.0,-82.0
1777890557.8173325,-4.0,-7.0,-80.0
1777890557.8273325,-1.0,-7.0,-77.0
1777890557.8373325,3.0,-9.0,-88.0
1777890557.8473325,3.0,-5.0,-85.0
1777890557.8573325,2.0,-2.0,-81.0
1777890557.8673325,5.0,-2.0,-78.0
1777890557.8773324,3.0,-4.0,-72.0
1777890557.8873324,7.0,-4.0,-67.0
1777890557.8973324,8.0,-5.0,-73.0
1777890557.9073324,9.0,-5.0,-74.0
1777890557.9173324,4.0,0.0,-79.0
1777890557.9273324,5.0,-1.0,-82.0
1777890557.9373324,7.0,-1.0,-85.0
1777890557.9473324,5.0,0.0,-81.0
1777890557.9573324,5.0,0.0,-79.0
1777890557.9673324,0.0,1.0,-78.0
1777890557.9773324,-2.0,-2.0,-72.0
1777890557.9873323,-1.0,-2.0,-70.0
1777890557.9973323,-2.0,-3.0,-68.0
1777890558.0073323,-2.0,0.0,-69.0
1777890558.0173323,-1.0,1.0,-73.0
1777890558.0273323,-1.0,2.0,-73.0
1777890558.0373323,-4.0,2.0,-79.0
1777890558.0473323,-6.0,5.0,-81.0
1777890558.0573325,-7.0,1.0,-85.0
1777890558.0673325,-6.0,1.0,-85.0
1777890558.0773325,-3.0,-1.0,-80.0
1777890558.0873325,0.0,-1.0,-72.0
1777890558.0973325,1.0,1.0,-72.0
1777890558.1073325,-3.0,0.0,-68.0
1777890558.1173325,-2.0,4.0,-63.0
1777890558.1273324,1.0,5.0,-65.0
1777890558.1373324,-2.0,3.0,-69.0
1777890558.1473324,1.0,-3.0,-71.0
1777890558.1573324,0.0,-2.0,-71.0
1777890558.1673324,5.0,0.0,-77.0
1777890558.1773324,1.0,0.0,-80.0
1777890558.1873324,0.0,2.0,-72.0
1777890558.1973324,-2.0,4.0,-66.0
1777890558.2073324,-4.0,3.0,-72.0
1777890558.2173324,-5.0,0.0,-68.0
1777890558.2273324,-1.0,1.0,-69.0
1777890558.2373323,2.0,3.0,-75.0
1777890558.2473323,7.0,3.0,-77.0
1777890558.2573323,0.0,5.0,-82.0
1777890558.2673323,-2.0,8.0,-83.0
1777890558.2773323,-2.0,5.0,-80.0
1777890558.2873323,-6.0,6.0,-78.0
1777890558.2973323,-7.0,6.0,-80.0
1777890558.3073325,-5.0,2.0,-80.0
1777890558.3173325,-3.0,1.0,-77.0
1777890558.3273325,-1.0,-1.0,-85.0
1777890558.3373325,-2.0,-2.0,-79.0
1777890558.3473325,0.0,0.0,-80.0
1777890558.3573325,4.0,2.0,-78.0
1777890558.3673325,6.0,-1.0,-77.0
1777890558.3773324,6.0,-4.0,-81.0
1777890558.3873324,5.0,-7.0,-82.0
1777890558.3973324,7.0,-5.0,-84.0
1777890558.4073324,4.0,-7.0,-79.0
1777890558.4173324,6.0,-6.0,-78.0
1777890558.4273324,5.0,-9.0,-70.0
1777890558.4373324,4.0,-4.0,-69.0
1777890558.4473324,7.0,-7.0,-74.0
1777890558.4573324,3.0,-5.0,-75.0
1777890558.4673324,0.0,-7.0,-70.0
1777890558.4773324,-1.0,-8.0,-72.0
1777890558.4873323,-2.0,-4.0,-72.0
1777890558.4973323,-3.0,-1.0,-69.0
1777890558.5073323,0.0,0.0,-67.0
1777890558.5173323,-1.0,4.0,-65.0
1777890558.5273323,0.0,1.0,-64.0
1777890558.5373323,-2.0,-3.0,-66.0
1777890558.5473323,0.0,-5.0,-75.0
1777890558.5573325,0.0,-1.0,-79.0
1777890558.5673325,0.0,-2.0,-84.0
1777890558.5773325,-3.0,-2.0,-82.0
1777890558.5873325,0.0,-4.0,-82.0
1777890558.5973325,0.0,-6.0,-85.0
1777890558.6073325,-4.0,-5.0,-81.0
1777890558.6173325,0.0,-3.0,-78.0
1777890558.6273324,-2.0,-4.0,-75.0
1777890558.6373324,1.0,-6.0,-73.0
1777890558.6473324,2.0,-5.0,-71.0
1777890558.6573324,-2.0,-7.0,-81.0
1777890558.6673324,-4.0,-5.0,-77.0
1777890558.6773324,-6.0,-4.0,-78.0
1777890558.6873324,-4.0,-4.0,-80.0
1777890558.6973324,-3.0,-7.0,-77.0
1777890558.7073324,-4.0,-6.0,-77.0
1777890558.7173324,-1.0,-5.0,-81.0
1777890558.7273324,2.0,-3.0,-79.0
1777890558.7373323,3.0,-4.0,-82.0
1777890558.7473323,1.0,-3.0,-76.0
1777890558.7573323,2.0,-1.0,-66.0
1777890558.7673323,0.0,-4.0,-64.0
1777890558.7773323,0.0,-4.0,-67.0
1777890558.7873323,-4.0,-7.0,-71.0
1777890558.7973323,-6.0,-8.0,-68.0
1777890558.8073325,-5.0,-4.0,-71.0
1777890558.8173325,-5.0,-5.0,-66.0
1777890558.8273325,-6.0,-5.0,-67.0
1777890558.8373325,-4.0,-6.0,-66.0
1777890558.8473325,-2.0,-6.0,-67.0
1777890558.8573325,-5.0,-6.0,-72.0
1777890558.8673325,0.0,-5.0,-65.0
1777890558.8773324,2.0,-4.0,-65.0
1777890558.8873324,7.0,-4.0,-70.0
1777890558.8973324,4.0,-5.0,-75.0
1777890558.9073324,-6.0,-3.0,-71.0
1777890558.9173324,-8.0,-2.0,-69.0
1777890558.9273324,-9.0,-3.0,-62.0
1777890558.9373324,-6.0,-4.0,-62.0
1777890558.9473324,-7.0,-1.0,-61.0
1777890558.9573324,-5.0,-2.0,-67.0
1777890558.9673324,-3.0,-5.0,-71.0
1777890558.9773324,-1.0,-4.0,-74.0
1777890558.9873323,-2.0,-4.0,-72.0
1777890558.9973323,0.0,-4.0,-68.0
1777890559.0073323,1.0,-1.0,-73.0
1777890559.0173323,-5.0,-1.0,-70.0
1777890559.0273323,-4.0,-6.0,-69.0
1777890559.0373323,-2.0,-7.0,-71.0
1777890559.0473323,-2.0,-3.0,-74.0
1777890559.0573325,-2.0,-3.0,-79.0
1777890559.0673325,-3.0,-3.0,-73.0
1777890559.0773325,-6.0,0.0,-65.0
1777890559.0873325,0.0,-1.0,-65.0
1777890559.0973325,0.0,-5.0,-68.0
1777890559.1073325,-1.0,-2.0,-69.0
1777890559.1173325,0.0,-1.0,-66.0
1777890559.1273324,-7.0,-2.0,-67.0
1777890559.1373324,-1.0,0.0,-72.0
1777890559.1473324,0.0,0.0,-75.0
1777890559.1573324,0.0,0.0,-73.0
1777890559.1673324,1.0,-2.0,-76.0
1777890559.1773324,0.0,-4.0,-76.0
1777890559.1873324,0.0,-5.0,-69.0
1777890559.1973324,2.0,-5.0,-74.0
1777890559.2073324,1.0,-3.0,-75.0
1777890559.2173324,6.0,-3.0,-71.0
1777890559.2273324,10.0,2.0,-70.0
1777890559.2373323,4.0,5.0,-75.0
1777890559.2473323,4.0,4.0,-82.0
1777890559.2573323,3.0,-1.0,-84.0
1777890559.2673323,3.0,-2.0,-80.0
1777890559.2773323,0.0,0.0,-80.0
1777890559.2873323,-1.0,1.0,-74.0
1777890559.2973323,0.0,-1.0,-78.0
1777890559.3073325,-3.0,-2.0,-76.0
1777890559.3173325,-8.0,-1.0,-78.0
1777890559.3273325,-10.0,-1.0,-71.0
1777890559.3373325,-11.0,-2.0,-68.0
1777890559.3473325,-7.0,0.0,-68.0
1777890559.3573325,-5.0,2.0,-65.0
1777890559.3673325,-3.0,1.0,-62.0
1777890559.3773324,0.0,0.0,-62.0
1777890559.3873324,3.0,0.0,-67.0
1777890559.3973324,1.0,0.0,-63.0
1777890559.4073324,2.0,1.0,-62.0
1777890559.4173324,3.0,1.0,-68.0
1777890559.4283323,0.0,4.0,-67.0
1777890559.4373324,2.0,4.0,-66.0
1777890559.4473324,2.0,3.0,-67.0
1777890559.4573324,1.0,1.0,-68.0
1777890559.4673324,0.0,0.0,-73.0
1777890559.4773324,0.0,0.0,-75.0
1777890559.4873323,3.0,-1.0,-69.0
1777890559.4973323,1.0,0.0,-70.0
1777890559.5073323,2.0,1.0,-69.0
1777890559.5173323,-3.0,-1.0,-73.0
1777890559.5273323,-2.0,-1.0,-71.0
1777890559.5373323,-4.0,-3.0,-71.0
1777890559.5473323,-2.0,-1.0,-73.0
1777890559.5573325,-3.0,-1.0,-72.0
1777890559.5673325,-1.0,-1.0,-80.0
1777890559.5773325,-3.0,0.0,-80.0
1777890559.5873325,-3.0,-1.0,-74.0
1777890559.5973325,-1.0,-3.0,-69.0
1777890559.6073325,0.0,0.0,-73.0
1777890559.6173325,0.0,0.0,-75.0
1777890559.6273324,0.0,-2.0,-75.0
1777890559.6373324,0.0,-2.0,-70.0
1777890559.6473324,-2.0,-6.0,-69.0
1777890559.6573324,-1.0,-8.0,-74.0
1777890559.6673324,-4.0,-8.0,-78.0
1777890559.6773324,1.0,-8.0,-74.0
1777890559.6873324,1.0,-6.0,-81.0
1777890559.6973324,1.0,-5.0,-76.0
1777890559.7073324,0.0,-5.0,-71.0
1777890559.7173324,1.0,-6.0,-74.0
1777890559.7273324,1.0,-2.0,-76.0
1777890559.7373323,-1.0,0.0,-75.0
1777890559.7483325,-2.0,-1.0,-68.0
1777890559.7583325,0.0,-3.0,-67.0
1777890559.7683325,2.0,0.0,-74.0
1777890559.7783325,7.0,2.0,-68.0
1777890559.7873323,6.0,1.0,-64.0
1777890559.7983325,5.0,2.0,-65.0
1777890559.8083324,5.0,0.0,-71.0
1777890559.8183324,7.0,2.0,-72.0
1777890559.8283324,5.0,0.0,-65.0
1777890559.8383324,2.0,0.0,-60.0
1777890559.8483324,2.0,0.0,-67.0
1777890559.8583324,-1.0,2.0,-69.0
1777890559.8683324,-6.0,1.0,-73.0
1777890559.8783324,-6.0,-1.0,-76.0
1777890559.8883324,-7.0,0.0,-73.0
1777890559.8983324,-6.0,0.0,-78.0
1777890559.9083323,-3.0,0.0,-76.0
1777890559.9183323,-6.0,3.0,-76.0
1777890559.9283323,-2.0,7.0,-80.0
1777890559.9383323,-3.0,2.0,-80.0
1777890559.9483323,-4.0,1.0,-71.0
1777890559.9583323,-7.0,5.0,-72.0
1777890559.9683323,-7.0,5.0,-80.0
1777890559.9783323,-2.0,9.0,-81.0
1777890559.9883325,-4.0,1.0,-75.0
1777890559.9983325,-5.0,0.0,-73.0
1777890560.0083325,-2.0,-2.0,-66.0
1777890560.0183325,-2.0,-1.0,-66.0
1777890560.0283325,-3.0,-5.0,-64.0
1777890560.0383325,0.0,0.0,-65.0
1777890560.0483325,-2.0,0.0,-71.0
1777890560.0583324,-4.0,-1.0,-76.0
1777890560.0683324,-4.0,1.0,-72.0
1777890560.0783324,-2.0,-1.0,-74.0
1777890560.0883324,-2.0,-1.0,-77.0
1777890560.0983324,0.0,0.0,-76.0
1777890560.1083324,1.0,0.0,-67.0
1777890560.1183324,-1.0,-2.0,-67.0
1777890560.1283324,-5.0,1.0,-69.0
1777890560.1383324,-3.0,1.0,-74.0
1777890560.1483324,2.0,1.0,-79.0
1777890560.1583323,3.0,1.0,-80.0
1777890560.1683323,2.0,1.0,-79.0
1777890560.1783323,0.0,2.0,-73.0
1777890560.1883323,0.0,1.0,-70.0
1777890560.1983323,0.0,1.0,-73.0
1777890560.2083323,3.0,-1.0,-73.0
1777890560.2183323,3.0,-2.0,-73.0
1777890560.2283323,1.0,-6.0,-73.0
1777890560.2383325,-3.0,-3.0,-72.0
1777890560.2483325,-7.0,-2.0,-67.0
1777890560.2583325,-5.0,-2.0,-74.0
1777890560.2683325,1.0,-2.0,-73.0
1777890560.2783325,4.0,-1.0,-73.0
1777890560.2883325,3.0,2.0,-80.0
1777890560.2983325,2.0,2.0,-79.0
1777890560.3083324,1.0,-1.0,-73.0
1777890560.3183324,-1.0,-3.0,-73.0
1777890560.3283324,0.0,-6.0,-73.0
1777890560.3383324,2.0,-5.0,-73.0
1777890560.3483324,6.0,-3.0,-75.0
1777890560.3583324,0.0,-3.0,-80.0
1777890560.3683324,-3.0,-1.0,-78.0
1777890560.3783324,-10.0,-2.0,-72.0
1777890560.3883324,-9.0,-1.0,-64.0
1777890560.3983324,-7.0,-1.0,-67.0
1777890560.4083323,-8.0,0.0,-64.0
1777890560.4183323,-10.0,0.0,-67.0
1777890560.4283323,-9.0,5.0,-62.0
1777890560.4383323,-7.0,3.0,-68.0
1777890560.4483323,-6.0,-2.0,-64.0
1777890560.4583323,-8.0,-2.0,-69.0
1777890560.4683323,-7.0,-2.0,-67.0
1777890560.4783323,0.0,-3.0,-72.0
1777890560.4883325,3.0,-7.0,-78.0
1777890560.4983325,3.0,-4.0,-74.0
1777890560.5083325,4.0,-3.0,-73.0
1777890560.5183325,0.0,-5.0,-75.0
1777890560.5283325,0.0,-5.0,-80.0
1777890560.5383325,3.0,-7.0,-78.0
1777890560.5483325,6.0,-5.0,-83.0
1777890560.5583324,9.0,-3.0,-85.0
1777890560.5683324,7.0,-3.0,-80.0
1777890560.5783324,6.0,3.0,-77.0
1777890560.5883324,3.0,4.0,-71.0
1777890560.5983324,4.0,4.0,-72.0
1777890560.6083324,5.0,2.0,-74.0
1777890560.6183324,2.0,0.0,-71.0
1777890560.6283324,-2.0,3.0,-60.0
1777890560.6383324,1.0,3.0,-65.0
1777890560.6483324,0.0,4.0,-71.0
1777890560.6583323,0.0,5.0,-78.0
1777890560.6683323,0.0,1.0,-82.0
1777890560.6783323,2.0,3.0,-83.0
1777890560.6883323,2.0,4.0,-73.0
1777890560.6983323,3.0,3.0,-73.0
1777890560.7083323,0.0,2.0,-74.0
1777890560.7183323,0.0,0.0,-70.0
1777890560.7283323,4.0,-1.0,-70.0
1777890560.7383325,0.0,-1.0,-74.0
1777890560.7483325,0.0,-1.0,-75.0
1777890560.7583325,-6.0,-6.0,-70.0
1777890560.7683325,-2.0,-9.0,-74.0
1777890560.7783325,0.0,-6.0,-78.0
1777890560.7883325,-4.0,-2.0,-81.0
1777890560.7983325,0.0,0.0,-82.0
1777890560.8083324,-2.0,1.0,-74.0
1777890560.8183324,2.0,0.0,-79.0
1777890560.8283324,6.0,-3.0,-81.0
1777890560.8383324,1.0,-1.0,-82.0
1777890560.8483324,-3.0,-5.0,-76.0
1777890560.8583324,-4.0,-5.0,-77.0
1777890560.8683324,-2.0,-10.0,-82.0
1777890560.8783324,-2.0,-8.0,-81.0
1777890560.8883324,-4.0,-7.0,-82.0
1777890560.8983324,-3.0,-5.0,-77.0
1777890560.9083323,-3.0,-2.0,-79.0
1777890560.9183323,1.0,-2.0,-74.0
1777890560.9283323,0.0,3.0,-71.0
1777890560.9383323,-2.0,5.0,-70.0
1777890560.9483323,-2.0,6.0,-73.0
1777890560.9583323,-1.0,6.0,-68.0
1777890560.9683323,4.0,9.0,-70.0
1777890560.9783323,0.0,5.0,-72.0
1777890560.9883325,2.0,0.0,-73.0
1777890560.9983325,4.0,-2.0,-67.0
1777890561.0083325,3.0,-4.0,-69.0
1777890561.0183325,5.0,-3.0,-67.0
1777890561.0283325,4.0,-4.0,-70.0
1777890561.0383325,4.0,-5.0,-74.0
1777890561.0483325,1.0,-3.0,-76.0
1777890561.0583324,0.0,-4.0,-80.0
1777890561.0683324,6.0,-2.0,-75.0
1777890561.0783324,11.0,-2.0,-70.0
1777890561.0883324,10.0,-4.0,-75.0
1777890561.0983324,10.0,-1.0,-82.0
1777890561.1083324,11.0,-2.0,-86.0
1777890561.1183324,8.0,2.0,-82.0
1777890561.1283324,7.0,-2.0,-81.0
1777890561.1383324,7.0,-3.0,-77.0
1777890561.1483324,8.0,-1.0,-76.0
1777890561.1583323,7.0,3.0,-76.0
1777890561.1693325,2.0,4.0,-79.0
1777890561.1783323,6.0,4.0,-79.0
1777890561.1883323,5.0,1.0,-71.0
1777890561.1983323,9.0,2.0,-75.0
1777890561.2083323,7.0,3.0,-80.0
1777890561.2183323,7.0,3.0,-77.0
1777890561.2283323,1.0,5.0,-72.0
1777890561.2383325,2.0,3.0,-64.0
1777890561.2483325,-1.0,-1.0,-64.0
1777890561.2583325,-3.0,-2.0,-67.0
1777890561.2683325,-4.0,0.0,-67.0
1777890561.2783325,-4.0,0.0,-68.0
1777890561.2883325,-6.0,0.0,-69.0
1777890561.2983325,-6.0,-1.0,-74.0
1777890561.3083324,-6.0,1.0,-72.0
1777890561.3183324,-1.0,-1.0,-76.0
1777890561.3283324,0.0,-7.0,-79.0
1777890561.3383324,-2.0,-7.0,-77.0
1777890561.3483324,0.0,-3.0,-76.0
1777890561.3583324,0.0,-2.0,-71.0
1777890561.3683324,1.0,0.0,-73.0
1777890561.3783324,2.0,-3.0,-72.0
1777890561.3883324,1.0,-2.0,-75.0
1777890561.3983324,3.0,-1.0,-76.0
1777890561.4083323,7.0,-1.0,-70.0
1777890561.4183323,2.0,4.0,-73.0
1777890561.4283323,-4.0,6.0,-73.0
1777890561.4383323,-6.0,4.0,-74.0
1777890561.4483323,-1.0,1.0,-74.0
1777890561.4583323,-3.0,-2.0,-71.0
1777890561.4683323,-1.0,0.0,-73.0
1777890561.4783323,-1.0,-1.0,-71.0
1777890561.4883325,0.0,-1.0,-64.0
1777890561.4983325,1.0,-4.0,-61.0
1777890561.5083325,-1.0,-3.0,-62.0
1777890561.5183325,0.0,1.0,-72.0
1777890561.5283325,0.0,0.0,-70.0
1777890561.5383325,0.0,-1.0,-70.0
1777890561.5483325,-1.0,-1.0,-75.0
1777890561.5583324,-1.0,-1.0,-80.0
1777890561.5683324,2.0,-2.0,-77.0
1777890561.5783324,5.0,-3.0,-73.0
1777890561.5883324,4.0,-2.0,-75.0
1777890561.5983324,5.0,-3.0,-76.0
1777890561.6083324,3.0,-4.0,-78.0
1777890561.6183324,9.0,-5.0,-81.0
1777890561.6283324,5.0,-6.0,-74.0
1777890561.6383324,5.0,-2.0,-72.0
1777890561.6483324,5.0,-4.0,-67.0
1777890561.6583323,5.0,0.0,-65.0
1777890561.6683323,8.0,-1.0,-62.0
1777890561.6783323,9.0,0.0,-63.0
1777890561.6883323,8.0,0.0,-66.0
1777890561.6983323,7.0,2.0,-68.0
1777890561.7083323,7.0,0.0,-69.0
1777890561.7183323,4.0,-1.0,-70.0
1777890561.7283323,3.0,-1.0,-70.0
1777890561.7393324,3.0,-5.0,-78.0
1777890561.7483325,7.0,-5.0,-82.0
1777890561.7583325,6.0,0.0,-75.0
1777890561.7693324,3.0,-2.0,-76.0
1777890561.7793324,-3.0,-2.0,-77.0
1777890561.7893324,-3.0,-5.0,-73.0
1777890561.7993324,-3.0,0.0,-75.0
1777890561.8093324,-4.0,1.0,-80.0
1777890561.8193324,-3.0,0.0,-79.0
1777890561.8293324,-2.0,0.0,-79.0
1777890561.8393323,0.0,-4.0,-80.0
1777890561.8493323,1.0,-2.0,-75.0
1777890561.8593323,0.0,0.0,-71.0
1777890561.8693323,2.0,1.0,-71.0
1777890561.8793323,2.0,1.0,-73.0
1777890561.8893323,3.0,-1.0,-74.0
1777890561.8993323,6.0,-4.0,-72.0
1777890561.9093325,1.0,-6.0,-74.0
1777890561.9193325,7.0,-4.0,-81.0
1777890561.9293325,8.0,0.0,-86.0
1777890561.9393325,8.0,2.0,-79.0
1777890561.9493325,3.0,2.0,-76.0
1777890561.9593325,4.0,-2.0,-83.0
1777890561.9693325,6.0,0.0,-84.0
1777890561.9793324,5.0,-4.0,-82.0
1777890561.9893324,6.0,-5.0,-84.0
1777890561.9993324,6.0,-5.0,-84.0
1777890562.0093324,8.0,-4.0,-74.0
1777890562.0193324,2.0,0.0,-71.0
1777890562.0293324,0.0,0.0,-68.0
1777890562.0393324,0.0,-2.0,-69.0
1777890562.0493324,1.0,-5.0,-69.0
1777890562.0593324,5.0,-3.0,-73.0
1777890562.0693324,8.0,-2.0,-71.0
1777890562.0793324,6.0,-2.0,-67.0
1777890562.0893323,2.0,2.0,-73.0
1777890562.0993323,1.0,3.0,-81.0
1777890562.1093323,5.0,3.0,-80.0
1777890562.1193323,6.0,4.0,-78.0
1777890562.1293323,6.0,0.0,-83.0
1777890562.1393323,1.0,-1.0,-79.0
1777890562.1493323,-3.0,-1.0,-88.0
1777890562.1593325,0.0,0.0,-86.0
1777890562.1693325,-3.0,2.0,-83.0
1777890562.1793325,-7.0,0.0,-82.0
1777890562.1893325,-3.0,-4.0,-75.0
1777890562.1993325,0.0,-3.0,-76.0
1777890562.2093325,3.0,-2.0,-71.0
1777890562.2193325,3.0,-3.0,-78.0
1777890562.2293324,0.0,-2.0,-81.0
1777890562.2393324,4.0,0.0,-80.0
1777890562.2493324,4.0,0.0,-81.0
1777890562.2593324,5.0,2.0,-76.0
1777890562.2693324,3.0,4.0,-72.0
1777890562.2793324,2.0,4.0,-68.0
1777890562.2893324,-2.0,4.0,-68.0
1777890562.2993324,-7.0,2.0,-70.0
1777890562.3093324,-7.0,6.0,-71.0
1777890562.3193324,-5.0,8.0,-72.0
1777890562.3293324,-1.0,3.0,-70.0
1777890562.3393323,5.0,0.0,-67.0
1777890562.3493323,1.0,-7.0,-66.0
1777890562.3593323,1.0,-4.0,-65.0
1777890562.3693323,-2.0,-3.0,-71.0
1777890562.3793323,4.0,-3.0,-66.0
1777890562.3893323,1.0,-2.0,-63.0
1777890562.3993323,4.0,1.0,-64.0
1777890562.4093325,5.0,0.0,-67.0
1777890562.4193325,0.0,-1.0,-65.0
1777890562.4293325,2.0,3.0,-64.0
1777890562.4393325,-1.0,4.0,-67.0
1777890562.4493325,0.0,4.0,-70.0
1777890562.4593325,0.0,2.0,-70.0
1777890562.4693325,0.0,1.0,-66.0
1777890562.4793324,0.0,1.0,-76.0
1777890562.4893324,3.0,-1.0,-79.0
1777890562.4993324,6.0,0.0,-75.0
1777890562.5093324,3.0,-1.0,-65.0
1777890562.5193324,6.0,-1.0,-63.0
1777890562.5293324,8.0,-2.0,-63.0
1777890562.5393324,6.0,1.0,-59.0
1777890562.5493324,3.0,-2.0,-63.0
1777890562.5593324,2.0,-1.0,-68.0
1777890562.5693324,2.0,-1.0,-73.0
1777890562.5793324,6.0,-2.0,-73.0
1777890562.5893323,5.0,0.0,-68.0
1777890562.5993323,-2.0,2.0,-68.0
1777890562.6093323,-7.0,-1.0,-67.0
1777890562.6193323,-3.0,-1.0,-78.0
1777890562.6293323,-1.0,-2.0,-80.0
1777890562.6393323,3.0,-4.0,-75.0
1777890562.6493323,-2.0,-4.0,-71.0
1777890562.6593325,4.0,-3.0,-72.0
1777890562.6693325,4.0,-4.0,-75.0
1777890562.6793325,3.0,-3.0,-76.0
1777890562.6893325,0.0,-1.0,-79.0
1777890562.6993325,0.0,0.0,-84.0
1777890562.7093325,0.0,1.0,-83.0
1777890562.7193325,3.0,0.0,-85.0
1777890562.7293324,5.0,0.0,-87.0
1777890562.7393324,5.0,2.0,-84.0
1777890562.7493324,2.0,1.0,-87.0
1777890562.7593324,4.0,-1.0,-86.0
1777890562.7693324,10.0,1.0,-76.0
1777890562.7793324,10.0,0.0,-86.0
1777890562.7893324,10.0,-5.0,-88.0
1777890562.7993324,3.0,-4.0,-83.0
1777890562.8093324,2.0,-3.0,-80.0
1777890562.8193324,0.0,0.0,-78.0
1777890562.8293324,5.0,1.0,-74.0
1777890562.8393323,6.0,2.0,-77.0
1777890562.8493323,4.0,3.0,-79.0
1777890562.8593323,2.0,2.0,-74.0
1777890562.8693323,2.0,1.0,-70.0
1777890562.8793323,5.0,3.0,-74.0
1777890562.8893323,4.0,0.0,-80.0
1777890562.8993323,3.0,0.0,-72.0
1777890562.9093325,3.0,-1.0,-73.0
1777890562.9193325,1.0,0.0,-65.0
1777890562.9293325,0.0,-1.0,-68.0
1777890562.9393325,1.0,-1.0,-73.0
1777890562.9493325,2.0,-3.0,-77.0
1777890562.9593325,2.0,0.0,-79.0
1777890562.9693325,3.0,0.0,-82.0
1777890562.9793324,4.0,0.0,-79.0
1777890562.9893324,6.0,1.0,-77.0
1777890562.9993324,1.0,1.0,-72.0
1777890563.0093324,1.0,1.0,-72.0
1777890563.0193324,0.0,1.0,-70.0
1777890563.0293324,0.0,0.0,-73.0
1777890563.0393324,-5.0,-2.0,-78.0
1777890563.0493324,1.0,-1.0,-74.0
1777890563.0593324,5.0,-2.0,-73.0
1777890563.0693324,6.0,-2.0,-71.0
1777890563.0793324,3.0,0.0,-67.0
1777890563.0893323,7.0,1.0,-65.0
1777890563.0993323,3.0,-4.0,-67.0
1777890563.1093323,-1.0,0.0,-69.0
1777890563.1193323,0.0,0.0,-79.0
1777890563.1293323,0.0,1.0,-79.0
1777890563.1393323,-5.0,-1.0,-82.0
1777890563.1493323,-8.0,0.0,-86.0
1777890563.1593325,-3.0,2.0,-82.0
1777890563.1693325,0.0,2.0,-81.0
1777890563.1793325,2.0,-1.0,-78.0
1777890563.1893325,2.0,-4.0,-72.0
1777890563.1993325,2.0,-2.0,-67.0
1777890563.2093325,4.0,-5.0,-62.0
1777890563.2193325,1.0,-6.0,-72.0
1777890563.2293324,2.0,-4.0,-74.0
1777890563.2393324,2.0,3.0,-84.0
1777890563.2493324,0.0,2.0,-81.0
1777890563.2593324,0.0,0.0,-79.0
1777890563.2693324,-2.0,0.0,-83.0
1777890563.2793324,-2.0,-2.0,-80.0
1777890563.2893324,-7.0,-1.0,-75.0
1777890563.2993324,-6.0,0.0,-70.0
1777890563.3093324,0.0,0.0,-71.0
1777890563.3193324,-1.0,1.0,-70.0
1777890563.3293324,0.0,-3.0,-70.0
1777890563.3393323,0.0,-2.0,-70.0
1777890563.3493323,0.0,-2.0,-69.0
1777890563.3593323,3.0,-1.0,-68.0
1777890563.3693323,2.0,0.0,-70.0
1777890563.3793323,1.0,0.0,-71.0
1777890563.3893323,-4.0,1.0,-75.0
1777890563.3993323,-3.0,2.0,-76.0
1777890563.4093325,-1.0,2.0,-67.0
1777890563.4193325,3.0,-1.0,-68.0
1777890563.4293325,7.0,0.0,-71.0
1777890563.4393325,3.0,4.0,-72.0
1777890563.4493325,6.0,5.0,-73.0
1777890563.4593325,6.0,3.0,-69.0
1777890563.4693325,7.0,4.0,-78.0
1777890563.4793324,3.0,6.0,-82.0
1777890563.4893324,0.0,6.0,-78.0
1777890563.4993324,1.0,5.0,-81.0
1777890563.5093324,2.0,8.0,-83.0
1777890563.5193324,-3.0,7.0,-81.0
1777890563.5293324,-4.0,5.0,-78.0
1777890563.5393324,-4.0,3.0,-70.0
1777890563.5493324,-2.0,1.0,-63.0
1777890563.5593324,-2.0,3.0,-61.0
1777890563.5693324,0.0,0.0,-64.0
1777890563.5793324,1.0,0.0,-70.0
1777890563.5893323,0.0,-1.0,-69.0
1777890563.5993323,-3.0,-3.0,-67.0
1777890563.6093323,-1.0,-3.0,-66.0
1777890563.6193323,0.0,-2.0,-66.0
1777890563.6293323,0.0,0.0,-70.0
1777890563.6393323,-3.0,-3.0,-74.0
1777890563.6493323,-7.0,-4.0,-72.0
1777890563.6593325,-2.0,-5.0,-72.0
1777890563.6693325,-1.0,-4.0,-77.0
1777890563.6793325,2.0,-2.0,-79.0
1777890563.6893325,2.0,-2.0,-77.0
1777890563.6993325,6.0,-1.0,-75.0
1777890563.7103324,5.0,-2.0,-80.0
1777890563.7193325,4.0,-4.0,-75.0
1777890563.7293324,5.0,-5.0,-76.0
1777890563.7393324,9.0,-5.0,-74.0
1777890563.7503324,8.0,-6.0,-73.0
1777890563.7603323,5.0,-5.0,-73.0
1777890563.7703323,2.0,-2.0,-78.0
1777890563.7803323,-1.0,-3.0,-81.0
1777890563.7903323,-4.0,-3.0,-78.0
1777890563.8003323,-3.0,-2.0,-74.0
1777890563.8103323,0.0,-1.0,-79.0
1777890563.8203323,5.0,-7.0,-73.0
1777890563.8303325,5.0,-7.0,-75.0
1777890563.8403325,5.0,-3.0,-75.0
1777890563.8503325,1.0,1.0,-78.0
1777890563.8603325,0.0,0.0,-80.0
1777890563.8703325,1.0,0.0,-84.0
1777890563.8803325,2.0,0.0,-86.0
1777890563.8903325,2.0,0.0,-80.0
1777890563.9003325,-4.0,4.0,-78.0
1777890563.9103324,-4.0,4.0,-73.0
1777890563.9203324,-3.0,2.0,-71.0
1777890563.9303324,-2.0,2.0,-74.0
1777890563.9403324,-3.0,2.0,-80.0
1777890563.9503324,0.0,1.0,-79.0
1777890563.9603324,1.0,0.0,-77.0
1777890563.9703324,2.0,-2.0,-81.0
1777890563.9803324,1.0,0.0,-77.0
1777890563.9903324,-2.0,-2.0,-80.0
1777890564.0003324,-4.0,-2.0,-78.0
1777890564.0103323,-8.0,0.0,-79.0
1777890564.0203323,-9.0,-2.0,-73.0
1777890564.0303323,-13.0,2.0,-69.0
1777890564.0403323,-13.0,2.0,-71.0
1777890564.0503323,-9.0,2.0,-76.0
1777890564.0603323,-3.0,4.0,-72.0
1777890564.0703323,0.0,5.0,-72.0
1777890564.0803325,1.0,2.0,-71.0
1777890564.0903325,2.0,0.0,-69.0
1777890564.1003325,2.0,0.0,-68.0
1777890564.1103325,3.0,-1.0,-69.0
1777890564.1203325,5.0,1.0,-70.0
1777890564.1303325,6.0,4.0,-76.0
1777890564.1403325,3.0,4.0,-71.0
1777890564.1503325,6.0,7.0,-69.0
1777890564.1603324,3.0,9.0,-75.0
1777890564.1703324,1.0,6.0,-78.0
1777890564.1803324,-2.0,5.0,-74.0
1777890564.1903324,-7.0,7.0,-78.0
1777890564.2003324,-4.0,7.0,-84.0
1777890564.2103324,-4.0,5.0,-84.0
1777890564.2203324,1.0,5.0,-78.0
1777890564.2303324,-2.0,6.0,-74.0
1777890564.2413323,2.0,6.0,-74.0
1777890564.2503324,2.0,1.0,-70.0
1777890564.2603323,8.0,0.0,-71.0
1777890564.2703323,5.0,0.0,-71.0
1777890564.2803323,2.0,0.0,-68.0
1777890564.2903323,0.0,-1.0,-67.0
1777890564.3003323,0.0,-5.0,-65.0
1777890564.3103323,3.0,-2.0,-66.0
1777890564.3203323,3.0,0.0,-71.0
1777890564.3303325,3.0,0.0,-78.0
1777890564.3403325,-2.0,0.0,-85.0
1777890564.3503325,-6.0,0.0,-78.0
1777890564.3603325,-6.0,0.0,-77.0
1777890564.3703325,-4.0,-3.0,-72.0
1777890564.3803325,-2.0,-4.0,-70.0
1777890564.3903325,-1.0,-3.0,-70.0
1777890564.4003325,-4.0,-4.0,-72.0
1777890564.4103324,-7.0,-4.0,-70.0
1777890564.4203324,-10.0,-3.0,-76.0
1777890564.4303324,-5.0,0.0,-74.0
1777890564.4403324,-3.0,-3.0,-69.0
1777890564.4503324,-4.0,-4.0,-71.0
1777890564.4603324,-5.0,-1.0,-72.0
1777890564.4703324,-1.0,0.0,-74.0
1777890564.4803324,0.0,-2.0,-73.0
1777890564.4903324,-1.0,-3.0,-71.0
1777890564.5003324,0.0,-5.0,-65.0
1777890564.5103323,0.0,-1.0,-60.0
1777890564.5203323,1.0,-8.0,-60.0
1777890564.5303323,3.0,-8.0,-63.0
1777890564.5403323,1.0,-3.0,-72.0
1777890564.5503323,2.0,-3.0,-74.0
1777890564.5603323,1.0,-3.0,-80.0
1777890564.5703323,1.0,-1.0,-76.0
1777890564.5803325,4.0,-2.0,-68.0
1777890564.5903325,0.0,-4.0,-72.0
1777890564.6003325,0.0,-6.0,-72.0
1777890564.6103325,2.0,-7.0,-71.0
1777890564.6203325,-1.0,-10.0,-64.0
1777890564.6303325,2.0,-10.0,-68.0
1777890564.6403325,-1.0,-12.0,-64.0
1777890564.6503325,-4.0,-15.0,-69.0
1777890564.6603324,-3.0,-10.0,-69.0
1777890564.6703324,-3.0,-6.0,-68.0
1777890564.6803324,-1.0,-1.0,-70.0
1777890564.6903324,0.0,0.0,-71.0
1777890564.7003324,2.0,-1.0,-71.0
1777890564.7103324,1.0,-4.0,-67.0
1777890564.7203324,1.0,-2.0,-68.0
1777890564.7303324,0.0,-2.0,-68.0
1777890564.7403324,0.0,-1.0,-68.0
1777890564.7503324,0.0,0.0,-69.0
1777890564.7603323,2.0,0.0,-76.0
1777890564.7703323,2.0,0.0,-75.0
1777890564.7803323,0.0,0.0,-79.0
1777890564.7903323,0.0,0.0,-88.0
1777890564.8003323,0.0,-1.0,-87.0
1777890564.8103323,0.0,-4.0,-83.0
1777890564.8203323,-1.0,-2.0,-78.0
1777890564.8303325,-7.0,2.0,-76.0
1777890564.8403325,-2.0,0.0,-72.0
1777890564.8503325,-1.0,1.0,-68.0
1777890564.8603325,-6.0,3.0,-66.0
1777890564.8703325,-6.0,-3.0,-68.0
1777890564.8803325,-3.0,-6.0,-62.0
1777890564.8903325,1.0,-2.0,-66.0
1777890564.9003325,3.0,-2.0,-64.0
1777890564.9103324,3.0,-6.0,-71.0
1777890564.9203324,3.0,-8.0,-71.0
1777890564.9303324,4.0,-8.0,-67.0
1777890564.9403324,2.0,-6.0,-69.0
1777890564.9503324,1.0,-5.0,-67.0
1777890564.9603324,4.0,1.0,-70.0
1777890564.9703324,7.0,2.0,-69.0
1777890564.9803324,8.0,2.0,-66.0
1777890564.9903324,6.0,0.0,-67.0
1777890565.0003324,5.0,0.0,-65.0
1777890565.0103323,3.0,0.0,-59.0
1777890565.0203323,2.0,0.0,-65.0
1777890565.0303323,1.0,0.0,-70.0
1777890565.0403323,1.0,0.0,-69.0
1777890565.0503323,4.0,0.0,-67.0
1777890565.0603323,0.0,2.0,-64.0
1777890565.0703323,1.0,1.0,-63.0
1777890565.0803325,0.0,5.0,-66.0
1777890565.0903325,-4.0,4.0,-63.0
1777890565.1003325,-4.0,0.0,-68.0
1777890565.1103325,-3.0,0.0,-70.0
1777890565.1203325,-5.0,-3.0,-76.0
1777890565.1303325,-5.0,-6.0,-75.0
1777890565.1403325,-2.0,-5.0,-71.0
1777890565.1503325,4.0,-4.0,-72.0
1777890565.1603324,5.0,-5.0,-73.0
1777890565.1703324,6.0,0.0,-75.0
1777890565.1803324,4.0,1.0,-70.0
1777890565.1903324,0.0,0.0,-71.0
1777890565.2003324,-3.0,-2.0,-68.0
1777890565.2103324,-5.0,-3.0,-75.0
1777890565.2203324,-2.0,-5.0,-72.0
1777890565.2303324,4.0,-2.0,-73.0
1777890565.2403324,2.0,2.0,-73.0
1777890565.2503324,-1.0,3.0,-74.0
1777890565.2603323,4.0,3.0,-82.0
1777890565.2703323,5.0,0.0,-79.0
1777890565.2803323,3.0,0.0,-78.0
1777890565.2903323,4.0,-1.0,-75.0
1777890565.3003323,4.0,0.0,-83.0
1777890565.3103323,4.0,-1.0,-77.0
1777890565.3203323,3.0,0.0,-73.0
1777890565.3303325,4.0,0.0,-71.0
1777890565.3403325,3.0,2.0,-67.0
1777890565.3503325,5.0,1.0,-64.0
1777890565.3603325,6.0,0.0,-63.0
1777890565.3703325,6.0,-2.0,-64.0
1777890565.3803325,7.0,-5.0,-66.0
1777890565.3903325,9.0,-7.0,-71.0
1777890565.4003325,5.0,-7.0,-70.0
1777890565.4103324,6.0,-5.0,-73.0
1777890565.4203324,6.0,-5.0,-74.0
1777890565.4303324,2.0,-2.0,-77.0
1777890565.4403324,0.0,-3.0,-74.0
1777890565.4503324,0.0,-1.0,-71.0
1777890565.4603324,6.0,0.0,-69.0
1777890565.4703324,0.0,-3.0,-63.0
1777890565.4803324,0.0,-4.0,-63.0
1777890565.4903324,0.0,-5.0,-69.0
1777890565.5003324,-2.0,-5.0,-75.0
1777890565.5103323,0.0,-5.0,-77.0
1777890565.5203323,1.0,-5.0,-73.0
1777890565.5303323,0.0,-4.0,-76.0
1777890565.5403323,0.0,-1.0,-75.0
1777890565.5503323,1.0,-1.0,-78.0
1777890565.5603323,4.0,-3.0,-76.0
1777890565.5703323,7.0,-1.0,-78.0
1777890565.5803325,2.0,-4.0,-80.0
1777890565.5903325,0.0,-2.0,-78.0
1777890565.6003325,-1.0,0.0,-80.0
1777890565.6103325,6.0,0.0,-83.0
1777890565.6203325,7.0,1.0,-87.0
1777890565.6303325,9.0,4.0,-83.0
1777890565.6403325,6.0,0.0,-85.0
1777890565.6503325,3.0,0.0,-85.0
1777890565.6603324,3.0,0.0,-77.0
1777890565.6703324,3.0,0.0,-81.0
1777890565.6803324,1.0,0.0,-79.0
1777890565.6903324,-1.0,1.0,-82.0
1777890565.7013323,-1.0,0.0,-83.0
1777890565.7103324,-4.0,3.0,-76.0
1777890565.7213323,-4.0,3.0,-71.0
1777890565.7313323,-3.0,6.0,-78.0
1777890565.7413323,-3.0,4.0,-79.0
1777890565.7513323,-6.0,3.0,-81.0
1777890565.7613325,-4.0,5.0,-81.0
1777890565.7713325,-3.0,5.0,-82.0
1777890565.7813325,-9.0,0.0,-80.0
1777890565.7903323,-10.0,-2.0,-82.0
1777890565.8013325,-7.0,-2.0,-80.0
1777890565.8113325,-4.0,-2.0,-78.0
1777890565.8213325,0.0,3.0,-78.0
1777890565.8313324,-5.0,1.0,-73.0
1777890565.8413324,-2.0,-2.0,-68.0
1777890565.8513324,-5.0,-2.0,-78.0
1777890565.8613324,-4.0,-7.0,-73.0
1777890565.8713324,-4.0,-3.0,-64.0
1777890565.8813324,-1.0,-3.0,-64.0
1777890565.8903325,-4.0,-6.0,-61.0
1777890565.9013324,-3.0,-8.0,-58.0
1777890565.9113324,0.0,-9.0,-67.0
1777890565.9213324,0.0,-3.0,-74.0
1777890565.9313323,0.0,0.0,-74.0
1777890565.9413323,0.0,1.0,-69.0
1777890565.9513323,0.0,1.0,-73.0
1777890565.9613323,0.0,4.0,-75.0
1777890565.9713323,1.0,4.0,-78.0
1777890565.9813323,8.0,9.0,-80.0
1777890565.9913323,9.0,8.0,-80.0
1777890566.0013323,11.0,5.0,-80.0
1777890566.0113325,6.0,5.0,-78.0
1777890566.0213325,1.0,6.0,-79.0
1777890566.0313325,-2.0,-1.0,-81.0
1777890566.0413325,-2.0,-5.0,-81.0
1777890566.0513325,-3.0,-9.0,-81.0
1777890566.0613325,-2.0,-8.0,-74.0
1777890566.0713325,-4.0,-9.0,-75.0
1777890566.0813324,-4.0,-8.0,-78.0
1777890566.0913324,-6.0,-12.0,-87.0
1777890566.1013324,-7.0,-11.0,-76.0
1777890566.1113324,-2.0,-6.0,-72.0
1777890566.1213324,0.0,-4.0,-79.0
1777890566.1313324,-1.0,-2.0,-82.0
1777890566.1413324,-2.0,-1.0,-85.0
1777890566.1513324,-7.0,-2.0,-82.0
1777890566.1613324,-4.0,-4.0,-79.0
1777890566.1713324,-6.0,-4.0,-75.0
1777890566.1813323,-6.0,-2.0,-71.0
1777890566.1913323,-2.0,-5.0,-72.0
1777890566.2013323,-3.0,-7.0,-71.0
1777890566.2113323,-5.0,-7.0,-71.0
1777890566.2213323,-5.0,-4.0,-65.0
1777890566.2313323,-1.0,-5.0,-64.0
1777890566.2413323,0.0,-3.0,-67.0
1777890566.2513323,2.0,-4.0,-75.0
1777890566.2613325,0.0,0.0,-70.0
1777890566.2713325,2.0,-2.0,-70.0
1777890566.2813325,0.0,0.0,-77.0
1777890566.2913325,1.0,-1.0,-85.0
1777890566.3013325,0.0,-7.0,-87.0
1777890566.3113325,-3.0,-5.0,-84.0
1777890566.3213325,-5.0,-7.0,-77.0
1777890566.3313324,-4.0,-8.0,-79.0
1777890566.3413324,-2.0,-11.0,-74.0
1777890566.3513324,1.0,-11.0,-75.0
1777890566.3613324,3.0,-11.0,-78.0
1777890566.3713324,4.0,-8.0,-74.0
1777890566.3813324,0.0,-10.0,-67.0
1777890566.3913324,-1.0,-10.0,-71.0
1777890566.4013324,1.0,-12.0,-68.0
1777890566.4113324,6.0,-4.0,-68.0
1777890566.4213324,7.0,-10.0,-74.0
1777890566.4313323,10.0,-6.0,-75.0
1777890566.4413323,9.0,-5.0,-70.0
1777890566.4513323,10.0,-5.0,-74.0
1777890566.4613323,8.0,-9.0,-73.0
1777890566.4713323,7.0,-8.0,-74.0
1777890566.4813323,2.0,-4.0,-78.0
1777890566.4913323,4.0,-4.0,-77.0
1777890566.5013323,3.0,-8.0,-77.0
1777890566.5113325,2.0,-7.0,-76.0
1777890566.5213325,1.0,-3.0,-72.0
1777890566.5313325,0.0,-3.0,-69.0
1777890566.5413325,-3.0,-5.0,-68.0
1777890566.5513325,-8.0,-4.0,-66.0
1777890566.5613325,-9.0,-5.0,-65.0
1777890566.5713325,-9.0,-2.0,-61.0
1777890566.5813324,-4.0,0.0,-67.0
1777890566.5913324,-3.0,-1.0,-76.0
1777890566.6013324,-3.0,-3.0,-78.0
1777890566.6113324,-2.0,0.0,-73.0
1777890566.6213324,-2.0,-1.0,-74.0
1777890566.6313324,-3.0,-3.0,-78.0
1777890566.6413324,-3.0,-2.0,-82.0
1777890566.6513324,-3.0,-4.0,-87.0
1777890566.6613324,4.0,-6.0,-82.0
1777890566.6713324,0.0,-3.0,-84.0
1777890566.6813323,0.0,-5.0,-84.0
1777890566.6913323,-1.0,-6.0,-88.0
1777890566.7013323,-3.0,-7.0,-87.0
1777890566.7113323,0.0,-7.0,-89.0
1777890566.7213323,-2.0,0.0,-81.0
1777890566.7313323,0.0,-1.0,-82.0
1777890566.7413323,2.0,0.0,-90.0
1777890566.7513323,3.0,0.0,-86.0
1777890566.7613325,0.0,0.0,-82.0
1777890566.7713325,3.0,-3.0,-83.0
1777890566.7813325,2.0,-6.0,-76.0
1777890566.7913325,-1.0,-9.0,-72.0
1777890566.8013325,1.0,-9.0,-71.0
1777890566.8113325,5.0,-8.0,-73.0
1777890566.8213325,5.0,-7.0,-69.0
1777890566.8313324,3.0,-3.0,-70.0
1777890566.8413324,-2.0,-5.0,-74.0
1777890566.8513324,0.0,-4.0,-73.0
1777890566.8613324,3.0,-4.0,-78.0
1777890566.8713324,1.0,-3.0,-77.0
1777890566.8813324,1.0,-4.0,-71.0
1777890566.8913324,0.0,-5.0,-68.0
1777890566.9013324,-2.0,-1.0,-68.0
1777890566.9113324,-1.0,0.0,-72.0
1777890566.9213324,-5.0,0.0,-70.0
1777890566.9313323,-6.0,4.0,-70.0
1777890566.9413323,-5.0,1.0,-79.0
1777890566.9513323,-5.0,1.0,-79.0
1777890566.9613323,0.0,2.0,-77.0
1777890566.9713323,-1.0,5.0,-74.0
1777890566.9813323,1.0,3.0,-80.0
1777890566.9913323,1.0,1.0,-85.0
1777890567.0013323,4.0,0.0,-88.0
1777890567.0113325,5.0,2.0,-93.0
1777890567.0213325,0.0,-1.0,-85.0
1777890567.0313325,-1.0,0.0,-77.0
1777890567.0413325,-2.0,0.0,-70.0
1777890567.0513325,-2.0,2.0,-71.0
1777890567.0613325,-6.0,3.0,-72.0
1777890567.0713325,-5.0,5.0,-69.0
1777890567.0813324,-3.0,3.0,-69.0
1777890567.0913324,0.0,5.0,-75.0
1777890567.1013324,0.0,8.0,-73.0
1777890567.1113324,-2.0,12.0,-77.0
1777890567.1213324,0.0,12.0,-74.0
1777890567.1313324,-3.0,12.0,-73.0
1777890567.1413324,-3.0,6.0,-72.0
1777890567.1513324,-1.0,4.0,-73.0
1777890567.1613324,-2.0,2.0,-69.0
1777890567.1713324,0.0,2.0,-68.0
1777890567.1813323,1.0,0.0,-70.0
1777890567.1913323,-1.0,0.0,-67.0
1777890567.2013323,-1.0,-1.0,-71.0
1777890567.2113323,2.0,-2.0,-76.0
1777890567.2213323,0.0,0.0,-72.0
1777890567.2313323,-2.0,4.0,-74.0
1777890567.2413323,3.0,9.0,-72.0
1777890567.2513323,6.0,9.0,-75.0
1777890567.2613325,5.0,3.0,-76.0
1777890567.2713325,5.0,1.0,-79.0
1777890567.2813325,6.0,-4.0,-80.0
1777890567.2913325,6.0,0.0,-75.0
1777890567.3013325,5.0,0.0,-74.0
1777890567.3113325,-1.0,1.0,-71.0
1777890567.3213325,-3.0,0.0,-75.0
1777890567.3313324,-2.0,4.0,-71.0
1777890567.3413324,-1.0,4.0,-70.0
1777890567.3513324,-3.0,3.0,-74.0
1777890567.3613324,-6.0,4.0,-72.0
1777890567.3713324,-8.0,4.0,-75.0
1777890567.3813324,-7.0,3.0,-76.0
1777890567.3913324,-6.0,2.0,-72.0
1777890567.4013324,-6.0,1.0,-75.0
1777890567.4113324,0.0,-3.0,-68.0
1777890567.4213324,0.0,-2.0,-64.0
1777890567.4313323,0.0,0.0,-65.0
1777890567.4413323,-3.0,0.0,-70.0
1777890567.4513323,-6.0,-1.0,-68.0
1777890567.4613323,-3.0,1.0,-71.0
1777890567.4713323,-2.0,1.0,-68.0
1777890567.4813323,2.0,-4.0,-64.0
1777890567.4913323,1.0,-5.0,-62.0
1777890567.5013323,-4.0,-4.0,-63.0
1777890567.5113325,0.0,-5.0,-64.0
1777890567.5213325,0.0,-6.0,-70.0
1777890567.5313325,1.0,-1.0,-75.0
1777890567.5413325,1.0,0.0,-75.0
1777890567.5513325,6.0,1.0,-75.0
1777890567.5613325,4.0,6.0,-75.0
1777890567.5713325,1.0,5.0,-72.0
1777890567.5813324,-2.0,3.0,-70.0
1777890567.5913324,-1.0,2.0,-70.0
1777890567.6013324,0.0,-4.0,-68.0
1777890567.6113324,2.0,-6.0,-70.0
1777890567.6213324,0.0,-2.0,-62.0
1777890567.6313324,-3.0,-4.0,-61.0
1777890567.6413324,-2.0,-1.0,-68.0
1777890567.6513324,-1.0,-4.0,-72.0
1777890567.6613324,3.0,-8.0,-77.0
1777890567.6713324,0.0,-4.0,-80.0
1777890567.6813323,-1.0,-2.0,-80.0
1777890567.6913323,4.0,-3.0,-77.0
1777890567.7013323,4.0,-4.0,-75.0
1777890567.7113323,5.0,-4.0,-80.0
1777890567.7223325,9.0,-5.0,-77.0
1777890567.7323325,4.0,-6.0,-84.0
1777890567.7413323,5.0,-6.0,-82.0
1777890567.7523324,1.0,-4.0,-83.0
1777890567.7623324,5.0,0.0,-84.0
1777890567.7723324,3.0,2.0,-84.0
1777890567.7823324,2.0,4.0,-78.0
1777890567.7923324,1.0,0.0,-76.0
1777890567.8023324,2.0,0.0,-72.0
1777890567.8123324,1.0,-5.0,-72.0
1777890567.8223324,1.0,-7.0,-73.0
1777890567.8323324,4.0,-4.0,-74.0
1777890567.8423324,1.0,-3.0,-72.0
1777890567.8523324,0.0,-1.0,-65.0
1777890567.8623323,1.0,-4.0,-70.0
1777890567.8723323,2.0,-6.0,-69.0
1777890567.8823323,0.0,-2.0,-76.0
1777890567.8923323,0.0,0.0,-80.0
1777890567.9023323,-4.0,-2.0,-81.0
1777890567.9123323,-3.0,-4.0,-79.0
1777890567.9223323,0.0,-3.0,-75.0
1777890567.9323325,-2.0,-4.0,-78.0
1777890567.9423325,-2.0,-5.0,-78.0
1777890567.9523325,-1.0,-6.0,-75.0
1777890567.9623325,-3.0,-1.0,-77.0
1777890567.9723325,0.0,-3.0,-80.0
1777890567.9823325,4.0,-1.0,-80.0
1777890567.9923325,-1.0,-7.0,-74.0
1777890568.0023324,2.0,-5.0,-77.0
1777890568.0123324,3.0,-1.0,-76.0
1777890568.0223324,5.0,-1.0,-72.0
1777890568.0323324,0.0,2.0,-68.0
1777890568.0423324,1.0,1.0,-71.0
1777890568.0523324,1.0,0.0,-69.0
1777890568.0623324,1.0,0.0,-63.0
1777890568.0723324,0.0,-1.0,-63.0
1777890568.0823324,-1.0,-1.0,-61.0
1777890568.0923324,1.0,0.0,-58.0
1777890568.1023324,2.0,1.0,-60.0
1777890568.1123323,0.0,3.0,-68.0
1777890568.1223323,-4.0,4.0,-66.0
1777890568.1323323,-2.0,2.0,-70.0
1777890568.1423323,-6.0,3.0,-68.0
1777890568.1523323,-4.0,7.0,-66.0
1777890568.1623323,-4.0,4.0,-69.0
1777890568.1723323,-2.0,0.0,-70.0
1777890568.1823325,-2.0,-1.0,-68.0
1777890568.1923325,-3.0,0.0,-70.0
1777890568.2023325,-1.0,1.0,-71.0
1777890568.2123325,1.0,0.0,-73.0
1777890568.2223325,2.0,1.0,-74.0
1777890568.2323325,7.0,0.0,-72.0
1777890568.2423325,13.0,3.0,-75.0
1777890568.2523324,13.0,3.0,-75.0
1777890568.2623324,9.0,0.0,-75.0
1777890568.2723324,6.0,0.0,-74.0
1777890568.2823324,3.0,-2.0,-78.0
1777890568.2923324,3.0,-3.0,-79.0
1777890568.3023324,2.0,0.0,-72.0
1777890568.3123324,0.0,4.0,-74.0
1777890568.3223324,4.0,0.0,-79.0
1777890568.3323324,2.0,-1.0,-75.0
1777890568.3423324,-1.0,-2.0,-71.0
1777890568.3523324,-1.0,-1.0,-72.0
1777890568.3623323,2.0,-1.0,-76.0
1777890568.3723323,3.0,4.0,-76.0
1777890568.3823323,5.0,2.0,-70.0
1777890568.3923323,2.0,-1.0,-73.0
1777890568.4023323,4.0,-1.0,-83.0
1777890568.4123323,2.0,0.0,-82.0
1777890568.4223323,4.0,0.0,-76.0
1777890568.4323325,1.0,-3.0,-81.0
1777890568.4423325,1.0,-4.0,-81.0
1777890568.4523325,3.0,-5.0,-77.0
1777890568.4623325,4.0,-2.0,-80.0
1777890568.4723325,5.0,-4.0,-81.0
1777890568.4823325,2.0,-5.0,-79.0
1777890568.4923325,4.0,-1.0,-80.0
1777890568.5023324,4.0,-1.0,-76.0
1777890568.5123324,4.0,-6.0,-75.0
1777890568.5223324,4.0,-7.0,-79.0
1777890568.5323324,1.0,-8.0,-82.0
1777890568.5423324,0.0,-10.0,-76.0
1777890568.5523324,3.0,-10.0,-72.0
1777890568.5623324,0.0,-7.0,-74.0
1777890568.5723324,-5.0,-7.0,-76.0
1777890568.5823324,0.0,-3.0,-73.0
1777890568.5923324,2.0,0.0,-77.0
1777890568.6023324,2.0,0.0,-79.0
1777890568.6123323,-1.0,-2.0,-82.0
1777890568.6223323,-3.0,-3.0,-78.0
1777890568.6323323,-5.0,-5.0,-72.0
1777890568.6423323,-7.0,-6.0,-75.0
1777890568.6523323,-5.0,-3.0,-78.0
1777890568.6623323,-2.0,-4.0,-72.0
1777890568.6723323,0.0,-9.0,-72.0
1777890568.6823325,0.0,-5.0,-62.0
1777890568.6923325,0.0,-3.0,-64.0
1777890568.7023325,0.0,-5.0,-68.0
1777890568.7123325,1.0,-4.0,-75.0
1777890568.7223325,6.0,0.0,-81.0
1777890568.7323325,1.0,0.0,-77.0
1777890568.7423325,5.0,-1.0,-75.0
1777890568.7523324,7.0,-4.0,-71.0
1777890568.7623324,9.0,-2.0,-67.0
1777890568.7723324,9.0,-4.0,-75.0
1777890568.7823324,5.0,-3.0,-79.0
1777890568.7923324,5.0,0.0,-81.0
1777890568.8023324,1.0,0.0,-75.0
1777890568.8123324,0.0,3.0,-67.0
1777890568.8223324,0.0,1.0,-76.0
1777890568.8323324,3.0,3.0,-70.0
1777890568.8423324,2.0,2.0,-72.0
1777890568.8523324,3.0,1.0,-74.0
1777890568.8623323,5.0,0.0,-72.0
1777890568.8723323,0.0,1.0,-72.0
1777890568.8823323,4.0,-1.0,-70.0
1777890568.8923323,0.0,1.0,-69.0
1777890568.9023323,4.0,0.0,-72.0
1777890568.9123323,4.0,-1.0,-69.0
1777890568.9223323,2.0,-2.0,-68.0
1777890568.9323325,0.0,-3.0,-64.0
1777890568.9423325,0.0,-2.0,-69.0
1777890568.9523325,-1.0,-6.0,-65.0
1777890568.9623325,-2.0,-5.0,-71.0
1777890568.9723325,-3.0,-4.0,-70.0
1777890568.9823325,-2.0,-4.0,-71.0
1777890568.9923325,-3.0,-2.0,-71.0
1777890569.0023324,-3.0,-3.0,-75.0
1777890569.0123324,-2.0,-4.0,-79.0
1777890569.0223324,1.0,-7.0,-81.0
1777890569.0323324,0.0,-9.0,-88.0
1777890569.0423324,-3.0,-7.0,-82.0
1777890569.0523324,-2.0,-6.0,-80.0
1777890569.0623324,-5.0,-3.0,-78.0
1777890569.0723324,-5.0,-3.0,-91.0
1777890569.0823324,-1.0,0.0,-86.0
1777890569.0923324,1.0,2.0,-83.0
1777890569.1023324,3.0,-1.0,-75.0
1777890569.1123323,0.0,-4.0,-78.0
1777890569.1223323,2.0,-6.0,-77.0
1777890569.1323323,2.0,-7.0,-70.0
1777890569.1423323,1.0,-5.0,-75.0
1777890569.1523323,4.0,-6.0,-71.0
1777890569.1623323,8.0,-5.0,-74.0
1777890569.1723323,4.0,-6.0,-76.0
1777890569.1823325,-1.0,-5.0,-72.0
1777890569.1923325,-2.0,-5.0,-74.0
1777890569.2023325,0.0,-4.0,-70.0
1777890569.2123325,0.0,-4.0,-73.0
1777890569.2223325,-2.0,-2.0,-77.0
1777890569.2323325,-6.0,-3.0,-75.0
1777890569.2423325,-11.0,0.0,-78.0
1777890569.2523324,-11.0,1.0,-77.0
1777890569.2623324,-6.0,3.0,-84.0
1777890569.2723324,-1.0,7.0,-85.0
1777890569.2823324,-6.0,6.0,-79.0
1777890569.2923324,-8.0,3.0,-79.0
1777890569.3023324,-10.0,1.0,-67.0
1777890569.3123324,-9.0,1.0,-70.0
1777890569.3223324,-5.0,1.0,-70.0
1777890569.3323324,-2.0,3.0,-71.0
1777890569.3423324,-2.0,1.0,-80.0
1777890569.3523324,-5.0,0.0,-84.0
1777890569.3623323,-9.0,-3.0,-84.0
1777890569.3723323,-4.0,0.0,-83.0
1777890569.3823323,-4.0,-2.0,-80.0
1777890569.3923323,-5.0,-5.0,-73.0
1777890569.4023323,-6.0,-3.0,-78.0
1777890569.4123323,-3.0,2.0,-81.0
1777890569.4223323,-6.0,5.0,-78.0
1777890569.4323325,-6.0,5.0,-71.0
1777890569.4423325,-7.0,4.0,-74.0
1777890569.4523325,-3.0,5.0,-68.0
1777890569.4623325,0.0,9.0,-68.0
1777890569.4723325,0.0,9.0,-64.0
1777890569.4823325,3.0,5.0,-71.0
1777890569.4923325,0.0,5.0,-73.0
1777890569.5023324,0.0,1.0,-74.0
1777890569.5123324,-1.0,3.0,-81.0
1777890569.5223324,0.0,2.0,-77.0
1777890569.5323324,-3.0,0.0,-78.0
1777890569.5423324,1.0,0.0,-73.0
1777890569.5523324,0.0,1.0,-72.0
1777890569.5623324,2.0,1.0,-72.0
1777890569.5723324,0.0,2.0,-71.0
1777890569.5823324,-2.0,-1.0,-72.0
1777890569.5923324,-6.0,-1.0,-71.0
1777890569.6023324,-12.0,-1.0,-67.0
1777890569.6123323,-9.0,-1.0,-67.0
1777890569.6223323,-6.0,-1.0,-77.0
1777890569.6323323,-6.0,-5.0,-75.0
1777890569.6423323,-5.0,-7.0,-67.0
1777890569.6523323,-4.0,-8.0,-72.0
1777890569.6623323,0.0,-9.0,-72.0
1777890569.6723323,0.0,-9.0,-73.0
1777890569.6823325,0.0,-5.0,-72.0
1777890569.6933324,0.0,-3.0,-75.0
1777890569.7023325,-4.0,-4.0,-77.0
1777890569.7133324,-1.0,-4.0,-73.0
1777890569.7233324,-2.0,-2.0,-75.0
1777890569.7333324,-3.0,-1.0,-67.0
1777890569.7433324,-1.0,-3.0,-72.0
1777890569.7533324,-1.0,-1.0,-81.0
1777890569.7633324,-5.0,3.0,-85.0
1777890569.7733324,-1.0,3.0,-82.0
1777890569.7833323,6.0,4.0,-79.0
1777890569.7933323,5.0,3.0,-77.0
1777890569.8033323,-1.0,2.0,-78.0
1777890569.8133323,-3.0,2.0,-80.0
1777890569.8233323,-6.0,2.0,-76.0
1777890569.8333323,-10.0,2.0,-74.0
1777890569.8433323,-7.0,-1.0,-71.0
1777890569.8533323,-5.0,-6.0,-71.0
1777890569.8633325,0.0,-2.0,-72.0
1777890569.8733325,-1.0,-7.0,-69.0
1777890569.8833325,0.0,-6.0,-67.0
1777890569.8933325,5.0,-7.0,-68.0
1777890569.9033325,5.0,-9.0,-73.0
1777890569.9133325,4.0,-9.0,-80.0
1777890569.9233325,4.0,-11.0,-78.0
1777890569.9333324,1.0,-10.0,-80.0
1777890569.9433324,1.0,-6.0,-66.0
1777890569.9533324,2.0,-5.0,-75.0
1777890569.9633324,5.0,-6.0,-82.0
1777890569.9733324,7.0,-1.0,-79.0
1777890569.9833324,9.0,4.0,-72.0
1777890569.9933324,5.0,6.0,-76.0
1777890570.0033324,7.0,9.0,-72.0
1777890570.0133324,5.0,3.0,-70.0
1777890570.0233324,3.0,0.0,-72.0
1777890570.0333323,0.0,3.0,-71.0
1777890570.0433323,1.0,0.0,-71.0
1777890570.0533323,0.0,0.0,-74.0
1777890570.0633323,0.0,-2.0,-61.0
1777890570.0733323,4.0,-5.0,-66.0
1777890570.0833323,9.0,-7.0,-67.0
1777890570.0933323,6.0,-5.0,-70.0
1777890570.1033323,2.0,-3.0,-72.0
1777890570.1133325,4.0,-2.0,-68.0
1777890570.1233325,8.0,0.0,-70.0
1777890570.1333325,10.0,2.0,-69.0
1777890570.1433325,7.0,1.0,-71.0
1777890570.1533325,9.0,-1.0,-72.0
1777890570.1633325,7.0,1.0,-70.0
1777890570.1733325,8.0,-1.0,-70.0
1777890570.1833324,6.0,0.0,-70.0
1777890570.1933324,1.0,-2.0,-75.0
1777890570.2033324,-3.0,-6.0,-76.0
1777890570.2133324,-8.0,-5.0,-72.0
1777890570.2233324,-6.0,-2.0,-71.0
1777890570.2333324,-2.0,-5.0,-74.0
1777890570.2433324,-1.0,-3.0,-74.0
1777890570.2533324,-2.0,-4.0,-68.0
1777890570.2633324,-4.0,0.0,-69.0
1777890570.2733324,0.0,3.0,-70.0
1777890570.2833323,4.0,0.0,-69.0
1777890570.2933323,-2.0,-1.0,-72.0
1777890570.3033323,-1.0,-4.0,-76.0
1777890570.3133323,-2.0,-6.0,-76.0
1777890570.3233323,-4.0,-7.0,-70.0
1777890570.3333323,-8.0,-5.0,-72.0
1777890570.3433323,-10.0,-2.0,-69.0
1777890570.3533323,-9.0,-1.0,-72.0
1777890570.3633325,-7.0,2.0,-71.0
1777890570.3733325,-8.0,4.0,-67.0
1777890570.3833325,-8.0,5.0,-71.0
1777890570.3933325,-8.0,0.0,-75.0
1777890570.4033325,-4.0,-1.0,-70.0
1777890570.4133325,0.0,0.0,-69.0
1777890570.4233325,-5.0,3.0,-69.0
1777890570.4333324,-6.0,6.0,-68.0
1777890570.4433324,0.0,3.0,-71.0
1777890570.4533324,6.0,-1.0,-72.0
1777890570.4633324,3.0,-4.0,-73.0
1777890570.4733324,2.0,-2.0,-70.0
1777890570.4833324,7.0,0.0,-65.0
1777890570.4933324,6.0,1.0,-65.0
1777890570.5033324,3.0,3.0,-66.0
1777890570.5133324,0.0,1.0,-66.0
1777890570.5233324,-1.0,0.0,-64.0
1777890570.5333323,0.0,-1.0,-68.0
1777890570.5433323,4.0,0.0,-74.0
1777890570.5533323,5.0,0.0,-75.0
1777890570.5633323,11.0,0.0,-75.0
1777890570.5733323,10.0,-1.0,-72.0
1777890570.5833323,11.0,-6.0,-78.0
1777890570.5933323,11.0,-8.0,-76.0
1777890570.6033323,10.0,-7.0,-72.0
1777890570.6133325,7.0,-2.0,-78.0
1777890570.6233325,5.0,-2.0,-79.0
1777890570.6333325,2.0,-1.0,-77.0
1777890570.6433325,1.0,0.0,-79.0
1777890570.6533325,2.0,-2.0,-77.0
1777890570.6633325,0.0,-2.0,-74.0
1777890570.6733325,3.0,1.0,-75.0
1777890570.6833324,1.0,1.0,-75.0
1777890570.6933324,2.0,0.0,-70.0
1777890570.7033324,3.0,-4.0,-70.0
1777890570.7133324,0.0,-3.0,-72.0
1777890570.7233324,5.0,-2.0,-72.0
1777890570.7333324,7.0,0.0,-75.0
1777890570.7433324,1.0,4.0,-72.0
1777890570.7533324,0.0,1.0,-66.0
1777890570.7633324,0.0,2.0,-71.0
1777890570.7733324,-4.0,3.0,-76.0
1777890570.7833323,0.0,2.0,-81.0
1777890570.7933323,0.0,0.0,-85.0
1777890570.8033323,0.0,0.0,-81.0
1777890570.8133323,-2.0,-4.0,-78.0
1777890570.8233323,-4.0,-6.0,-73.0
1777890570.8333323,-7.0,-5.0,-78.0
1777890570.8433323,-3.0,-6.0,-75.0
1777890570.8533323,-2.0,-5.0,-72.0
1777890570.8633325,0.0,-1.0,-73.0
1777890570.8733325,0.0,-5.0,-74.0
1777890570.8833325,5.0,-6.0,-79.0
1777890570.8933325,3.0,-3.0,-81.0
1777890570.9033325,0.0,-5.0,-81.0
1777890570.9133325,0.0,-8.0,-76.0
1777890570.9233325,-1.0,-11.0,-72.0
1777890570.9333324,-2.0,-11.0,-64.0
1777890570.9433324,-1.0,-3.0,-65.0
1777890570.9533324,1.0,-2.0,-67.0
1777890570.9633324,5.0,0.0,-69.0
1777890570.9733324,2.0,0.0,-70.0
1777890570.9833324,4.0,-3.0,-77.0
1777890570.9933324,3.0,-2.0,-80.0
1777890571.0033324,1.0,-2.0,-77.0
1777890571.0133324,0.0,-2.0,-84.0
1777890571.0233324,-2.0,0.0,-82.0
1777890571.0333323,-5.0,5.0,-83.0
1777890571.0433323,-1.0,2.0,-83.0
1777890571.0533323,-2.0,3.0,-82.0
1777890571.0633323,0.0,1.0,-81.0
1777890571.0733323,1.0,1.0,-80.0
1777890571.0833323,1.0,2.0,-78.0
1777890571.0933323,3.0,5.0,-70.0
1777890571.1033323,1.0,3.0,-74.0
1777890571.1133325,1.0,3.0,-73.0
1777890571.1233325,0.0,0.0,-71.0
1777890571.1333325,4.0,-2.0,-73.0
1777890571.1433325,3.0,-1.0,-73.0
1777890571.1533325,1.0,-3.0,-74.0
1777890571.1633325,2.0,-5.0,-68.0
1777890571.1733325,1.0,-3.0,-73.0
1777890571.1833324,0.0,1.0,-70.0
1777890571.1933324,0.0,5.0,-71.0
1777890571.2033324,6.0,6.0,-76.0
1777890571.2133324,6.0,5.0,-78.0
1777890571.2233324,7.0,5.0,-76.0
1777890571.2333324,7.0,0.0,-76.0
1777890571.2433324,4.0,-1.0,-78.0
1777890571.2533324,1.0,-3.0,-77.0
1777890571.2633324,0.0,-4.0,-82.0
1777890571.2733324,1.0,-3.0,-87.0
1777890571.2833323,3.0,-10.0,-79.0
1777890571.2933323,4.0,-9.0,-77.0
1777890571.3033323,0.0,-4.0,-73.0
1777890571.3133323,2.0,0.0,-77.0
1777890571.3233323,3.0,2.0,-78.0
1777890571.3333323,4.0,5.0,-85.0
1777890571.3433323,5.0,2.0,-91.0
1777890571.3533323,6.0,1.0,-94.0
1777890571.3633325,7.0,0.0,-84.0
1777890571.3733325,1.0,-2.0,-86.0
1777890571.3833325,0.0,-4.0,-89.0
1777890571.3933325,1.0,0.0,-79.0
1777890571.4033325,-2.0,-1.0,-72.0
1777890571.4133325,-3.0,-1.0,-79.0
1777890571.4233325,0.0,-3.0,-73.0
1777890571.4333324,5.0,-1.0,-81.0
1777890571.4433324,3.0,0.0,-79.0
1777890571.4533324,0.0,-2.0,-79.0
1777890571.4633324,1.0,0.0,-80.0
1777890571.4733324,4.0,2.0,-78.0
1777890571.4833324,5.0,1.0,-79.0
1777890571.4933324,6.0,4.0,-82.0
1777890571.5033324,4.0,5.0,-80.0
1777890571.5133324,6.0,0.0,-66.0
1777890571.5233324,12.0,0.0,-63.0
1777890571.5333323,10.0,0.0,-67.0
1777890571.5433323,8.0,2.0,-69.0
1777890571.5533323,7.0,3.0,-68.0
1777890571.5633323,3.0,2.0,-65.0
1777890571.5733323,0.0,0.0,-64.0
1777890571.5833323,3.0,-3.0,-66.0
1777890571.5933323,0.0,-3.0,-64.0
1777890571.6033323,2.0,-1.0,-56.0
1777890571.6133325,0.0,0.0,-63.0
1777890571.6233325,1.0,-1.0,-69.0
1777890571.6333325,4.0,0.0,-73.0
1777890571.6433325,2.0,1.0,-76.0
1777890571.6543324,-1.0,-1.0,-82.0
1777890571.6633325,-2.0,0.0,-81.0
1777890571.6743324,-2.0,-1.0,-77.0
1777890571.6833324,1.0,2.0,-80.0
1777890571.6933324,-2.0,2.0,-83.0
1777890571.7043324,-3.0,0.0,-85.0
1777890571.7143323,-3.0,-5.0,-88.0
1777890571.7243323,-3.0,-6.0,-81.0
1777890571.7343323,0.0,-2.0,-77.0
1777890571.7443323,-2.0,0.0,-80.0
1777890571.7543323,0.0,-1.0,-75.0
1777890571.7643323,4.0,-1.0,-75.0
1777890571.7743323,6.0,1.0,-79.0
1777890571.7843325,3.0,4.0,-77.0
1777890571.7943325,8.0,5.0,-74.0
1777890571.8043325,2.0,0.0,-74.0
1777890571.8143325,1.0,-1.0,-76.0
1777890571.8243325,2.0,-2.0,-71.0
1777890571.8343325,-2.0,-3.0,-69.0
1777890571.8443325,0.0,-1.0,-75.0
1777890571.8543324,0.0,1.0,-78.0
1777890571.8643324,0.0,1.0,-75.0
1777890571.8743324,-1.0,0.0,-78.0
1777890571.8843324,-1.0,-1.0,-67.0
1777890571.8943324,-3.0,-1.0,-66.0
1777890571.9043324,-1.0,0.0,-71.0
1777890571.9143324,0.0,3.0,-76.0
1777890571.9243324,0.0,3.0,-74.0
1777890571.9343324,1.0,7.0,-74.0
1777890571.9443324,4.0,8.0,-80.0
1777890571.9543324,3.0,0.0,-71.0
1777890571.9643323,10.0,2.0,-68.0
1777890571.9743323,7.0,4.0,-71.0
1777890571.9843323,2.0,2.0,-77.0
1777890571.9943323,0.0,4.0,-79.0
1777890572.0043323,1.0,2.0,-81.0
1777890572.0143323,2.0,-1.0,-75.0
1777890572.0243323,2.0,0.0,-78.0
1777890572.0343325,0.0,2.0,-80.0
1777890572.0443325,-3.0,-1.0,-77.0
1777890572.0543325,0.0,0.0,-77.0
1777890572.0643325,0.0,0.0,-70.0
1777890572.0743325,1.0,-1.0,-66.0
1777890572.0843325,-5.0,-1.0,-64.0
1777890572.0943325,-7.0,-3.0,-63.0
1777890572.1043324,-3.0,-5.0,-62.0
1777890572.1143324,0.0,0.0,-68.0
1777890572.1243324,0.0,0.0,-73.0
1777890572.1343324,-2.0,-6.0,-72.0
1777890572.1443324,2.0,-9.0,-73.0
1777890572.1543324,2.0,-6.0,-72.0
1777890572.1643324,6.0,-6.0,-73.0
1777890572.1743324,7.0,-2.0,-74.0
1777890572.1843324,4.0,-1.0,-73.0
1777890572.1943324,7.0,-2.0,-73.0
1777890572.2043324,8.0,-4.0,-73.0
1777890572.2143323,3.0,-1.0,-73.0
1777890572.2243323,2.0,-2.0,-76.0
1777890572.2343323,3.0,-2.0,-75.0
1777890572.2443323,2.0,0.0,-63.0
1777890572.2543323,0.0,0.0,-67.0
1777890572.2643323,-2.0,0.0,-68.0
1777890572.2743323,-3.0,0.0,-66.0
1777890572.2843325,-2.0,3.0,-69.0
1777890572.2943325,-6.0,4.0,-74.0
1777890572.3043325,-2.0,4.0,-69.0
1777890572.3143325,0.0,8.0,-69.0
1777890572.3243325,-3.0,9.0,-66.0
1777890572.3343325,2.0,5.0,-75.0
1777890572.3443325,0.0,0.0,-79.0
1777890572.3543324,0.0,-3.0,-73.0
1777890572.3643324,0.0,-5.0,-77.0
1777890572.3743324,-1.0,-5.0,-72.0
1777890572.3843324,-5.0,-5.0,-69.0
1777890572.3943324,-2.0,0.0,-69.0
1777890572.4043324,-1.0,3.0,-66.0
1777890572.4143324,-4.0,6.0,-65.0
1777890572.4243324,8.0,8.0,-64.0
1777890572.4343324,8.0,6.0,-66.0
1777890572.4443324,9.0,3.0,-65.0
1777890572.4543324,5.0,1.0,-68.0
1777890572.4643323,6.0,3.0,-73.0
1777890572.4743323,5.0,4.0,-81.0
1777890572.4843323,3.0,-2.0,-83.0
1777890572.4943323,-1.0,-7.0,-84.0
1777890572.5043323,0.0,-9.0,-80.0
1777890572.5143323,2.0,-4.0,-78.0
1777890572.5243323,1.0,-2.0,-72.0
1777890572.5343325,2.0,-2.0,-67.0
1777890572.5443325,5.0,-4.0,-74.0
1777890572.5543325,3.0,0.0,-74.0
1777890572.5643325,0.0,1.0,-72.0
1777890572.5743325,3.0,4.0,-73.0
1777890572.5843325,0.0,1.0,-70.0
1777890572.5943325,1.0,0.0,-69.0
1777890572.6043324,0.0,-2.0,-68.0
1777890572.6143324,1.0,0.0,-71.0
1777890572.6243324,2.0,-1.0,-66.0
1777890572.6343324,0.0,-1.0,-70.0
1777890572.6443324,3.0,-1.0,-66.0
1777890572.6543324,9.0,0.0,-63.0
1777890572.6643324,10.0,-2.0,-61.0
1777890572.6743324,3.0,-2.0,-63.0
1777890572.6843324,-1.0,-4.0,-71.0
1777890572.6943324,-1.0,-3.0,-75.0
1777890572.7043324,1.0,-2.0,-78.0
1777890572.7143323,6.0,-1.0,-82.0
1777890572.7243323,4.0,-1.0,-76.0
1777890572.7343323,7.0,-6.0,-69.0
1777890572.7443323,9.0,-11.0,-68.0
1777890572.7543323,6.0,-7.0,-69.0
1777890572.7643323,4.0,-5.0,-66.0
1777890572.7743323,2.0,0.0,-67.0
1777890572.7843325,1.0,-1.0,-66.0
1777890572.7943325,6.0,-3.0,-66.0
1777890572.8043325,6.0,-5.0,-74.0
1777890572.8143325,3.0,0.0,-77.0
1777890572.8243325,1.0,4.0,-78.0
1777890572.8343325,-2.0,7.0,-82.0
1777890572.8443325,-2.0,5.0,-79.0
1777890572.8543324,-2.0,5.0,-74.0
1777890572.8643324,1.0,0.0,-77.0
1777890572.8743324,1.0,0.0,-73.0
1777890572.8843324,0.0,1.0,-76.0
1777890572.8943324,2.0,0.0,-76.0
1777890572.9043324,4.0,2.0,-74.0
1777890572.9143324,4.0,7.0,-68.0
1777890572.9243324,4.0,2.0,-64.0
1777890572.9343324,8.0,2.0,-66.0
1777890572.9443324,3.0,6.0,-63.0
1777890572.9543324,3.0,3.0,-66.0
1777890572.9643323,5.0,2.0,-75.0
1777890572.9743323,6.0,0.0,-80.0
1777890572.9843323,5.0,0.0,-75.0
1777890572.9943323,4.0,1.0,-77.0
1777890573.0043323,6.0,1.0,-75.0
1777890573.0143323,4.0,2.0,-75.0
1777890573.0243323,5.0,1.0,-68.0
1777890573.0343325,4.0,0.0,-64.0
1777890573.0443325,7.0,2.0,-67.0
1777890573.0543325,7.0,1.0,-67.0
1777890573.0643325,2.0,2.0,-72.0
1777890573.0743325,0.0,0.0,-75.0
1777890573.0843325,0.0,0.0,-72.0
1777890573.0943325,-2.0,1.0,-76.0
1777890573.1043324,-1.0,1.0,-77.0
1777890573.1143324,0.0,4.0,-70.0
1777890573.1243324,0.0,2.0,-72.0
1777890573.1343324,3.0,-1.0,-72.0
1777890573.1443324,8.0,0.0,-70.0
1777890573.1543324,7.0,-6.0,-73.0
1777890573.1643324,-1.0,-8.0,-72.0
1777890573.1743324,-1.0,-7.0,-75.0
1777890573.1843324,1.0,-6.0,-76.0
1777890573.1943324,0.0,-7.0,-74.0
1777890573.2043324,-4.0,-3.0,-70.0
1777890573.2143323,-6.0,-1.0,-76.0
1777890573.2243323,0.0,-4.0,-78.0
1777890573.2343323,2.0,-3.0,-85.0
1777890573.2443323,2.0,-2.0,-85.0
1777890573.2543323,2.0,-1.0,-75.0
1777890573.2643323,2.0,0.0,-74.0
1777890573.2743323,6.0,-4.0,-75.0
1777890573.2843325,3.0,-5.0,-72.0
1777890573.2943325,5.0,-5.0,-71.0
1777890573.3043325,5.0,-4.0,-66.0
1777890573.3143325,2.0,0.0,-73.0
1777890573.3243325,0.0,-2.0,-74.0
1777890573.3343325,0.0,-4.0,-72.0
1777890573.3443325,0.0,0.0,-68.0
1777890573.3553324,-1.0,-1.0,-77.0
1777890573.3643324,-1.0,-3.0,-76.0
1777890573.3743324,4.0,-1.0,-73.0
1777890573.3843324,9.0,0.0,-73.0
1777890573.3943324,9.0,2.0,-81.0
1777890573.4043324,2.0,0.0,-82.0
1777890573.4143324,0.0,1.0,-79.0
1777890573.4243324,1.0,-5.0,-78.0
1777890573.4343324,-5.0,-5.0,-84.0
1777890573.4443324,-2.0,1.0,-84.0
1777890573.4543324,-4.0,1.0,-82.0
1777890573.4643323,-2.0,2.0,-73.0
1777890573.4743323,0.0,1.0,-68.0
1777890573.4843323,1.0,5.0,-70.0
1777890573.4943323,0.0,2.0,-68.0
1777890573.5043323,7.0,0.0,-67.0
1777890573.5143323,10.0,0.0,-70.0
1777890573.5243323,8.0,-2.0,-73.0
1777890573.5343325,1.0,-5.0,-72.0
1777890573.5443325,-2.0,-2.0,-69.0
1777890573.5543325,-3.0,-2.0,-74.0
1777890573.5643325,-1.0,-4.0,-78.0
1777890573.5743325,-2.0,-4.0,-83.0
1777890573.5843325,-6.0,-3.0,-85.0
1777890573.5943325,-10.0,-1.0,-82.0
1777890573.6043324,-18.0,-4.0,-79.0
1777890573.6143324,-14.0,-2.0,-71.0
1777890573.6243324,-11.0,0.0,-73.0
1777890573.6343324,-5.0,2.0,-79.0
1777890573.6453323,-5.0,3.0,-82.0
1777890573.6543324,-5.0,6.0,-76.0
1777890573.6653323,0.0,6.0,-69.0
1777890573.6753323,2.0,5.0,-69.0
1777890573.6853323,-1.0,3.0,-69.0
1777890573.6953323,1.0,3.0,-68.0
1777890573.7053325,8.0,1.0,-72.0
1777890573.7153325,8.0,0.0,-75.0
1777890573.7253325,4.0,2.0,-77.0
1777890573.7353325,5.0,2.0,-74.0
1777890573.7453325,2.0,1.0,-68.0
1777890573.7553325,2.0,0.0,-77.0
1777890573.7653325,3.0,3.0,-78.0
1777890573.7753325,6.0,3.0,-80.0
1777890573.7853324,4.0,5.0,-80.0
1777890573.7953324,0.0,5.0,-78.0
1777890573.8053324,1.0,0.0,-80.0
1777890573.8153324,4.0,0.0,-85.0
1777890573.8253324,7.0,-3.0,-84.0
1777890573.8353324,4.0,0.0,-81.0
1777890573.8453324,4.0,4.0,-83.0
1777890573.8553324,0.0,7.0,-84.0
1777890573.8653324,0.0,4.0,-84.0
1777890573.8753324,2.0,0.0,-79.0
1777890573.8853323,4.0,0.0,-69.0
1777890573.8953323,9.0,1.0,-69.0
1777890573.9053323,6.0,4.0,-67.0
1777890573.9153323,5.0,7.0,-64.0
1777890573.9253323,3.0,5.0,-73.0
1777890573.9353323,4.0,3.0,-69.0
1777890573.9453323,0.0,4.0,-65.0
1777890573.9553325,3.0,3.0,-64.0
1777890573.9653325,3.0,2.0,-60.0
1777890573.9753325,3.0,2.0,-67.0
1777890573.9853325,0.0,1.0,-75.0
1777890573.9953325,-2.0,-2.0,-75.0
1777890574.0053325,0.0,-1.0,-66.0
1777890574.0153325,0.0,0.0,-68.0
1777890574.0253325,0.0,0.0,-70.0
1777890574.0353324,-2.0,-5.0,-67.0
1777890574.0453324,-1.0,-7.0,-58.0
1777890574.0553324,0.0,-6.0,-54.0
1777890574.0653324,1.0,-4.0,-56.0
1777890574.0753324,1.0,-6.0,-58.0
1777890574.0853324,2.0,-3.0,-62.0
1777890574.0953324,2.0,0.0,-69.0
1777890574.1053324,-2.0,-1.0,-66.0
1777890574.1153324,-1.0,-1.0,-74.0
1777890574.1253324,-3.0,2.0,-79.0
1777890574.1353323,-8.0,2.0,-82.0
1777890574.1453323,-9.0,0.0,-82.0
1777890574.1553323,-9.0,-3.0,-76.0
1777890574.1653323,-6.0,-3.0,-80.0
1777890574.1753323,-4.0,-2.0,-83.0
1777890574.1853323,-7.0,0.0,-86.0
1777890574.1953323,-10.0,-6.0,-81.0
1777890574.2053325,-9.0,-7.0,-77.0
1777890574.2153325,-4.0,-3.0,-74.0
1777890574.2253325,-1.0,-1.0,-75.0
1777890574.2353325,0.0,-2.0,-79.0
1777890574.2453325,0.0,0.0,-80.0
1777890574.2553325,0.0,4.0,-81.0
1777890574.2653325,0.0,3.0,-78.0
1777890574.2753325,-1.0,2.0,-73.0
1777890574.2853324,-2.0,-1.0,-67.0
1777890574.2953324,-4.0,0.0,-74.0
1777890574.3053324,-3.0,4.0,-78.0
1777890574.3153324,0.0,6.0,-79.0
1777890574.3253324,4.0,3.0,-75.0
1777890574.3353324,7.0,-2.0,-81.0
1777890574.3453324,4.0,-3.0,-82.0
1777890574.3553324,0.0,-1.0,-72.0
1777890574.3653324,4.0,-4.0,-69.0
1777890574.3753324,3.0,-5.0,-70.0
1777890574.3853323,2.0,-7.0,-71.0
1777890574.3953323,3.0,-4.0,-78.0
1777890574.4053323,4.0,-3.0,-77.0
1777890574.4153323,4.0,3.0,-74.0
1777890574.4253323,5.0,3.0,-73.0
1777890574.4353323,4.0,4.0,-73.0
1777890574.4453323,4.0,5.0,-75.0
1777890574.4553325,3.0,10.0,-78.0
1777890574.4653325,1.0,5.0,-79.0
1777890574.4753325,3.0,5.0,-83.0
1777890574.4853325,3.0,0.0,-78.0
1777890574.4953325,1.0,-1.0,-75.0
1777890574.5053325,2.0,0.0,-77.0
1777890574.5153325,0.0,0.0,-79.0
1777890574.5253325,-1.0,-3.0,-81.0
1777890574.5353324,-4.0,-3.0,-79.0
1777890574.5453324,-2.0,0.0,-74.0
1777890574.5553324,-2.0,0.0,-75.0
1777890574.5653324,-4.0,1.0,-74.0
1777890574.5753324,-5.0,0.0,-73.0
1777890574.5853324,-7.0,1.0,-75.0
1777890574.5953324,-8.0,-3.0,-71.0
1777890574.6053324,0.0,-1.0,-65.0
1777890574.6153324,4.0,1.0,-68.0
1777890574.6253324,7.0,6.0,-72.0
1777890574.6353323,6.0,7.0,-71.0
1777890574.6453323,7.0,4.0,-70.0
1777890574.6553323,2.0,4.0,-68.0
1777890574.6653323,1.0,0.0,-69.0
1777890574.6753323,-3.0,0.0,-77.0
1777890574.6853323,-4.0,-3.0,-77.0
1777890574.6953323,-3.0,-1.0,-74.0
1777890574.7053325,-4.0,-2.0,-80.0
1777890574.7153325,-7.0,-2.0,-74.0
1777890574.7253325,-1.0,-2.0,-75.0
1777890574.7353325,0.0,-2.0,-78.0
1777890574.7453325,1.0,2.0,-76.0
1777890574.7553325,0.0,2.0,-71.0
1777890574.7653325,1.0,3.0,-73.0
1777890574.7753325,3.0,2.0,-78.0
1777890574.7853324,5.0,-3.0,-73.0
1777890574.7953324,8.0,-4.0,-72.0
1777890574.8053324,6.0,-3.0,-73.0
1777890574.8153324,6.0,-5.0,-73.0
1777890574.8253324,7.0,-8.0,-77.0
1777890574.8353324,6.0,-11.0,-78.0
1777890574.8453324,2.0,-13.0,-76.0
1777890574.8553324,4.0,-15.0,-70.0
1777890574.8653324,4.0,-13.0,-72.0
1777890574.8753324,3.0,-9.0,-68.0
1777890574.8853323,0.0,-6.0,-69.0
1777890574.8953323,5.0,-2.0,-72.0
1777890574.9053323,7.0,-2.0,-74.0
1777890574.9153323,7.0,-1.0,-70.0
1777890574.9253323,5.0,-3.0,-69.0
1777890574.9353323,6.0,0.0,-67.0
1777890574.9453323,4.0,1.0,-68.0
1777890574.9553325,2.0,0.0,-70.0
1777890574.9653325,2.0,0.0,-61.0
1777890574.9753325,-1.0,0.0,-64.0
1777890574.9853325,0.0,0.0,-69.0
1777890574.9953325,-1.0,0.0,-73.0
1777890575.0053325,-4.0,2.0,-74.0
1777890575.0153325,-5.0,2.0,-76.0
1777890575.0253325,-3.0,1.0,-73.0
1777890575.0353324,-3.0,-3.0,-70.0
1777890575.0453324,0.0,-4.0,-68.0
1777890575.0553324,0.0,-3.0,-64.0
1777890575.0653324,1.0,-4.0,-63.0
1777890575.0753324,1.0,-2.0,-73.0
1777890575.0853324,1.0,-1.0,-73.0
1777890575.0953324,5.0,-4.0,-81.0
1777890575.1053324,3.0,0.0,-78.0
1777890575.1153324,5.0,-2.0,-77.0
1777890575.1253324,4.0,-7.0,-79.0
1777890575.1353323,5.0,-8.0,-72.0
1777890575.1453323,1.0,-1.0,-75.0
1777890575.1553323,4.0,1.0,-77.0
1777890575.1653323,3.0,0.0,-75.0
1777890575.1753323,3.0,4.0,-72.0
1777890575.1853323,7.0,3.0,-70.0
1777890575.1953323,10.0,5.0,-73.0
1777890575.2053325,7.0,2.0,-70.0
1777890575.2153325,6.0,2.0,-74.0
1777890575.2253325,9.0,2.0,-73.0
1777890575.2353325,4.0,3.0,-71.0
1777890575.2453325,5.0,4.0,-67.0
1777890575.2553325,4.0,6.0,-71.0
1777890575.2653325,1.0,2.0,-75.0
1777890575.2753325,-2.0,2.0,-73.0
1777890575.2853324,0.0,3.0,-74.0
1777890575.2953324,0.0,0.0,-75.0
1777890575.3053324,-1.0,0.0,-79.0
1777890575.3153324,0.0,-2.0,-80.0
1777890575.3253324,-3.0,-1.0,-91.0
1777890575.3353324,-3.0,0.0,-94.0
1777890575.3453324,-3.0,-1.0,-87.0
1777890575.3553324,-4.0,0.0,-85.0
1777890575.3653324,0.0,5.0,-79.0
1777890575.3753324,3.0,6.0,-73.0
1777890575.3853323,1.0,3.0,-74.0
1777890575.3953323,2.0,7.0,-78.0
1777890575.4053323,0.0,9.0,-70.0
1777890575.4153323,2.0,6.0,-64.0
1777890575.4253323,4.0,3.0,-69.0
1777890575.4353323,4.0,2.0,-69.0
1777890575.4453323,4.0,4.0,-74.0
1777890575.4553325,3.0,4.0,-74.0
1777890575.4653325,1.0,0.0,-70.0
1777890575.4753325,0.0,2.0,-70.0
1777890575.4853325,-2.0,-1.0,-66.0
1777890575.4953325,-3.0,0.0,-67.0
1777890575.5053325,-4.0,-1.0,-71.0
1777890575.5153325,0.0,0.0,-76.0
1777890575.5253325,0.0,1.0,-83.0
1777890575.5353324,-1.0,9.0,-79.0
1777890575.5453324,-1.0,9.0,-86.0
1777890575.5553324,-1.0,11.0,-81.0
1777890575.5653324,-4.0,10.0,-77.0
1777890575.5753324,-6.0,9.0,-76.0
1777890575.5853324,-3.0,4.0,-69.0
1777890575.5953324,-5.0,1.0,-76.0
1777890575.6053324,-7.0,0.0,-77.0
1777890575.6153324,-5.0,0.0,-77.0
1777890575.6253324,-4.0,-2.0,-76.0
1777890575.6363325,-1.0,-1.0,-82.0
1777890575.6463325,-2.0,0.0,-85.0
1777890575.6553323,-6.0,-3.0,-87.0
1777890575.6663325,0.0,-2.0,-83.0
1777890575.6763325,-1.0,0.0,-82.0
1777890575.6863325,1.0,-1.0,-76.0
1777890575.6963325,-1.0,2.0,-76.0
1777890575.7063324,1.0,1.0,-78.0
1777890575.7163324,5.0,-3.0,-78.0
1777890575.7263324,6.0,-3.0,-77.0
1777890575.7363324,6.0,-4.0,-74.0
1777890575.7463324,2.0,-1.0,-68.0
1777890575.7563324,2.0,-1.0,-68.0
1777890575.7663324,1.0,-5.0,-62.0
1777890575.7763324,5.0,-8.0,-64.0
1777890575.7863324,5.0,-7.0,-60.0
1777890575.7963324,2.0,-5.0,-64.0
1777890575.8063323,4.0,-3.0,-73.0
1777890575.8163323,3.0,-5.0,-69.0
1777890575.8263323,2.0,-2.0,-65.0
1777890575.8363323,1.0,-2.0,-65.0
1777890575.8463323,3.0,0.0,-62.0
1777890575.8563323,3.0,-3.0,-63.0
1777890575.8663323,0.0,1.0,-68.0
1777890575.8763323,1.0,0.0,-72.0
1777890575.8863325,-2.0,-4.0,-67.0
1777890575.8963325,-5.0,-5.0,-71.0
1777890575.9063325,-3.0,-3.0,-68.0
1777890575.9163325,-1.0,-1.0,-61.0
1777890575.9263325,0.0,-2.0,-69.0
1777890575.9363325,5.0,0.0,-70.0
1777890575.9463325,6.0,0.0,-64.0
1777890575.9563324,3.0,3.0,-65.0
1777890575.9663324,2.0,0.0,-66.0
1777890575.9763324,3.0,0.0,-64.0
1777890575.9863324,1.0,1.0,-64.0
1777890575.9963324,0.0,2.0,-69.0
1777890576.0063324,0.0,0.0,-64.0
1777890576.0163324,2.0,2.0,-61.0
1777890576.0263324,1.0,1.0,-57.0
1777890576.0363324,0.0,0.0,-62.0
1777890576.0463324,2.0,-3.0,-67.0
1777890576.0563323,1.0,-1.0,-66.0
1777890576.0663323,5.0,3.0,-62.0
1777890576.0763323,3.0,1.0,-67.0
1777890576.0863323,1.0,1.0,-69.0
1777890576.0963323,-3.0,-4.0,-72.0
1777890576.1063323,-4.0,-3.0,-67.0
1777890576.1163323,-2.0,-4.0,-69.0
1777890576.1263323,-3.0,-6.0,-74.0
1777890576.1363325,1.0,-5.0,-76.0
1777890576.1463325,0.0,-5.0,-81.0
1777890576.1563325,2.0,-4.0,-84.0
1777890576.1663325,3.0,-2.0,-87.0
1777890576.1763325,3.0,-1.0,-86.0
1777890576.1863325,3.0,-4.0,-83.0
1777890576.1963325,5.0,-8.0,-81.0
1777890576.2063324,1.0,-5.0,-79.0
1777890576.2163324,-1.0,-4.0,-78.0
1777890576.2263324,-1.0,-1.0,-75.0
1777890576.2363324,1.0,3.0,-73.0
1777890576.2463324,2.0,6.0,-75.0
1777890576.2563324,6.0,0.0,-76.0
1777890576.2663324,2.0,2.0,-80.0
1777890576.2763324,1.0,0.0,-84.0
1777890576.2863324,1.0,1.0,-90.0
1777890576.2963324,-3.0,-1.0,-83.0
1777890576.3063323,-5.0,5.0,-70.0
1777890576.3163323,-1.0,1.0,-68.0
1777890576.3263323,-1.0,0.0,-64.0
1777890576.3363323,0.0,1.0,-61.0
1777890576.3463323,5.0,0.0,-60.0
1777890576.3563323,8.0,0.0,-63.0
1777890576.3663323,6.0,-4.0,-61.0
1777890576.3763323,1.0,-6.0,-71.0
1777890576.3863325,2.0,-6.0,-75.0
1777890576.3963325,2.0,-8.0,-78.0
1777890576.4063325,-5.0,-11.0,-80.0
1777890576.4163325,-6.0,-9.0,-84.0
1777890576.4273324,-12.0,-8.0,-84.0
1777890576.4363325,-8.0,-5.0,-81.0
1777890576.4463325,-3.0,-4.0,-78.0
1777890576.4563324,-1.0,0.0,-78.0
1777890576.4663324,0.0,-3.0,-75.0
1777890576.4763324,3.0,-3.0,-73.0
1777890576.4863324,0.0,2.0,-70.0
1777890576.4963324,3.0,7.0,-70.0
1777890576.5063324,4.0,9.0,-74.0
1777890576.5163324,2.0,4.0,-71.0
1777890576.5263324,-1.0,2.0,-70.0
1777890576.5363324,-1.0,0.0,-73.0
1777890576.5463324,-1.0,5.0,-71.0
1777890576.5563323,-3.0,4.0,-70.0
1777890576.5663323,0.0,3.0,-72.0
1777890576.5763323,3.0,2.0,-69.0
1777890576.5863323,3.0,0.0,-74.0
1777890576.5963323,6.0,-1.0,-70.0
1777890576.6063323,7.0,-4.0,-59.0
1777890576.6163323,5.0,0.0,-62.0
1777890576.6263323,4.0,2.0,-62.0
1777890576.6363325,0.0,-1.0,-68.0
1777890576.6463325,-1.0,0.0,-68.0
1777890576.6563325,-2.0,-1.0,-70.0
1777890576.6663325,2.0,-2.0,-73.0
1777890576.6763325,5.0,-1.0,-73.0
1777890576.6863325,0.0,0.0,-74.0
1777890576.6963325,0.0,-1.0,-78.0
1777890576.7063324,0.0,-4.0,-80.0
1777890576.7163324,0.0,0.0,-81.0
1777890576.7263324,-2.0,-1.0,-76.0
1777890576.7363324,0.0,-2.0,-69.0
1777890576.7463324,-1.0,-4.0,-73.0
1777890576.7563324,2.0,-2.0,-78.0
1777890576.7663324,3.0,0.0,-76.0
1777890576.7763324,6.0,0.0,-69.0
1777890576.7863324,7.0,1.0,-63.0
1777890576.7963324,6.0,4.0,-60.0
1777890576.8063323,0.0,2.0,-65.0
1777890576.8163323,2.0,3.0,-66.0
1777890576.8263323,1.0,4.0,-63.0
1777890576.8363323,0.0,1.0,-70.0
1777890576.8463323,1.0,5.0,-76.0
1777890576.8563323,0.0,0.0,-75.0
1777890576.8663323,-2.0,0.0,-72.0
1777890576.8763323,-4.0,2.0,-73.0
1777890576.8863325,-4.0,3.0,-68.0
1777890576.8963325,-8.0,0.0,-69.0
1777890576.9063325,-4.0,-4.0,-71.0
1777890576.9163325,-2.0,-6.0,-74.0
1777890576.9263325,-2.0,-8.0,-75.0
1777890576.9363325,2.0,-5.0,-78.0
1777890576.9463325,6.0,-3.0,-83.0
1777890576.9563324,0.0,-2.0,-87.0
1777890576.9663324,0.0,0.0,-81.0
1777890576.9763324,-1.0,-1.0,-75.0
1777890576.9863324,0.0,0.0,-76.0
1777890576.9963324,0.0,5.0,-68.0
1777890577.0063324,0.0,6.0,-68.0
1777890577.0163324,0.0,3.0,-71.0
1777890577.0263324,0.0,-1.0,-73.0
1777890577.0363324,0.0,-3.0,-80.0
1777890577.0463324,6.0,0.0,-80.0
1777890577.0563323,3.0,1.0,-81.0
1777890577.0663323,1.0,1.0,-81.0
1777890577.0763323,0.0,2.0,-81.0
1777890577.0863323,-5.0,-2.0,-86.0
1777890577.0963323,-6.0,-5.0,-80.0
1777890577.1063323,-3.0,-4.0,-74.0
1777890577.1163323,0.0,-2.0,-76.0
1777890577.1263323,0.0,0.0,-76.0
1777890577.1363325,0.0,2.0,-74.0
1777890577.1463325,-1.0,2.0,-74.0
1777890577.1563325,0.0,2.0,-74.0
1777890577.1663325,0.0,-1.0,-78.0
1777890577.1763325,2.0,0.0,-75.0
1777890577.1863325,6.0,0.0,-82.0
1777890577.1963325,2.0,-3.0,-84.0
1777890577.2063324,1.0,0.0,-87.0
1777890577.2163324,-1.0,1.0,-80.0
1777890577.2263324,-1.0,-1.0,-77.0
1777890577.2363324,-1.0,-5.0,-73.0
1777890577.2463324,-2.0,-4.0,-78.0
1777890577.2563324,-1.0,-2.0,-74.0
1777890577.2663324,-4.0,1.0,-74.0
1777890577.2763324,-6.0,5.0,-74.0
1777890577.2863324,-4.0,2.0,-74.0
1777890577.2963324,-2.0,3.0,-73.0
1777890577.3063323,-4.0,6.0,-74.0
1777890577.3163323,-3.0,5.0,-66.0
1777890577.3263323,-3.0,4.0,-66.0
1777890577.3363323,-1.0,1.0,-63.0
1777890577.3463323,7.0,-2.0,-63.0
1777890577.3563323,6.0,-4.0,-72.0
1777890577.3663323,10.0,-5.0,-68.0
1777890577.3763323,8.0,-7.0,-66.0
1777890577.3863325,7.0,-6.0,-69.0
1777890577.3963325,11.0,-7.0,-72.0
1777890577.4063325,10.0,-7.0,-74.0
1777890577.4163325,8.0,-7.0,-78.0
1777890577.4263325,4.0,-5.0,-80.0
1777890577.4363325,6.0,-5.0,-79.0
1777890577.4463325,8.0,-4.0,-75.0
1777890577.4563324,2.0,-6.0,-80.0
1777890577.4663324,0.0,-8.0,-86.0
1777890577.4763324,4.0,-9.0,-82.0
1777890577.4863324,2.0,-11.0,-76.0
1777890577.4963324,1.0,-8.0,-72.0
1777890577.5063324,3.0,-1.0,-75.0
1777890577.5163324,0.0,0.0,-76.0
1777890577.5263324,2.0,1.0,-74.0
1777890577.5363324,-2.0,-2.0,-72.0
1777890577.5463324,7.0,-3.0,-66.0
1777890577.5563323,8.0,-1.0,-72.0
1777890577.5663323,1.0,-2.0,-75.0
1777890577.5763323,-1.0,-1.0,-79.0
1777890577.5863323,-1.0,0.0,-79.0
1777890577.5963323,-4.0,1.0,-82.0
1777890577.6063323,-3.0,0.0,-82.0
1777890577.6163323,-3.0,2.0,-78.0
1777890577.6273324,-5.0,4.0,-79.0
1777890577.6363325,-10.0,3.0,-77.0
1777890577.6463325,-6.0,1.0,-68.0
1777890577.6573324,-1.0,0.0,-65.0
1777890577.6673324,-1.0,2.0,-66.0
1777890577.6773324,-1.0,6.0,-70.0
1777890577.6863325,-1.0,4.0,-74.0
1777890577.6973324,0.0,6.0,-73.0
1777890577.7073324,3.0,3.0,-66.0
1777890577.7173324,-1.0,2.0,-63.0
1777890577.7273324,0.0,1.0,-64.0
1777890577.7373323,-1.0,3.0,-62.0
1777890577.7473323,-3.0,5.0,-61.0
1777890577.7573323,-2.0,2.0,-61.0
1777890577.7673323,0.0,3.0,-64.0
1777890577.7773323,1.0,5.0,-67.0
1777890577.7873323,-3.0,2.0,-66.0
1777890577.7973323,0.0,2.0,-72.0
1777890577.8073325,6.0,-3.0,-68.0
1777890577.8173325,5.0,-4.0,-75.0
1777890577.8273325,7.0,1.0,-76.0
1777890577.8373325,5.0,1.0,-75.0
1777890577.8473325,5.0,-1.0,-78.0
1777890577.8573325,1.0,0.0,-82.0
1777890577.8673325,3.0,2.0,-88.0
1777890577.8773324,-1.0,-1.0,-83.0
1777890577.8873324,0.0,1.0,-82.0
1777890577.8973324,3.0,2.0,-84.0
1777890577.9073324,-1.0,0.0,-81.0
1777890577.9173324,-1.0,-1.0,-79.0
1777890577.9273324,1.0,-4.0,-76.0
1777890577.9373324,1.0,-3.0,-76.0
1777890577.9473324,-2.0,-5.0,-73.0
1777890577.9573324,-6.0,-2.0,-73.0
1777890577.9673324,-1.0,-1.0,-70.0
1777890577.9773324,1.0,-2.0,-68.0
1777890577.9873323,0.0,-3.0,-77.0
1777890577.9973323,-2.0,-4.0,-83.0
1777890578.0073323,0.0,-8.0,-82.0
1777890578.0173323,-1.0,-7.0,-76.0
1777890578.0273323,1.0,-5.0,-80.0
1777890578.0373323,0.0,-3.0,-80.0
1777890578.0473323,0.0,-8.0,-71.0
1777890578.0573325,5.0,-11.0,-69.0
1777890578.0673325,7.0,-9.0,-72.0
1777890578.0773325,3.0,-8.0,-75.0
1777890578.0873325,2.0,-5.0,-75.0
1777890578.0973325,0.0,0.0,-73.0
1777890578.1073325,0.0,-1.0,-73.0
1777890578.1173325,-2.0,-1.0,-72.0
1777890578.1273324,-1.0,-3.0,-72.0
1777890578.1373324,-5.0,-4.0,-67.0
1777890578.1473324,-10.0,-4.0,-68.0
1777890578.1573324,-7.0,-3.0,-67.0
1777890578.1683323,-6.0,-4.0,-73.0
1777890578.1773324,-5.0,-4.0,-73.0
1777890578.1873324,-6.0,-3.0,-77.0
1777890578.1973324,-5.0,-5.0,-78.0
1777890578.2073324,0.0,-4.0,-81.0
1777890578.2173324,3.0,-7.0,-77.0
1777890578.2273324,0.0,-6.0,-74.0
1777890578.2373323,0.0,-4.0,-82.0
1777890578.2473323,2.0,-6.0,-85.0
1777890578.2573323,0.0,-9.0,-84.0
1777890578.2673323,0.0,-6.0,-77.0
1777890578.2773323,-1.0,-1.0,-73.0
1777890578.2873323,-1.0,4.0,-73.0
1777890578.2973323,4.0,1.0,-74.0
1777890578.3073325,4.0,0.0,-74.0
1777890578.3173325,5.0,-1.0,-73.0
1777890578.3273325,7.0,0.0,-64.0
1777890578.3373325,7.0,0.0,-66.0
1777890578.3473325,9.0,0.0,-72.0
1777890578.3573325,9.0,2.0,-73.0
1777890578.3673325,5.0,2.0,-73.0
1777890578.3773324,6.0,1.0,-64.0
1777890578.3873324,7.0,-2.0,-67.0
1777890578.3973324,5.0,-6.0,-62.0
1777890578.4073324,8.0,-4.0,-70.0
1777890578.4173324,4.0,-3.0,-74.0
1777890578.4273324,6.0,0.0,-73.0
1777890578.4373324,6.0,1.0,-70.0
1777890578.4473324,4.0,0.0,-66.0
1777890578.4573324,0.0,0.0,-69.0
1777890578.4673324,-3.0,0.0,-69.0
1777890578.4773324,-3.0,3.0,-70.0
1777890578.4873323,-4.0,2.0,-71.0
1777890578.4973323,-2.0,1.0,-65.0
1777890578.5073323,-4.0,-1.0,-70.0
1777890578.5173323,-2.0,-5.0,-74.0
1777890578.5273323,-1.0,-5.0,-81.0
1777890578.5373323,-5.0,-2.0,-77.0
1777890578.5473323,-5.0,-2.0,-73.0
1777890578.5573325,-5.0,-3.0,-70.0
1777890578.5673325,-1.0,-8.0,-69.0
1777890578.5773325,1.0,-6.0,-73.0
1777890578.5873325,3.0,-6.0,-75.0
1777890578.5973325,0.0,-5.0,-78.0
1777890578.6073325,-4.0,-4.0,-72.0
1777890578.6173325,-3.0,-2.0,-75.0
1777890578.6273324,-1.0,0.0,-82.0
1777890578.6373324,2.0,0.0,-80.0
1777890578.6473324,4.0,-3.0,-78.0
1777890578.6573324,2.0,1.0,-75.0
1777890578.6673324,-1.0,-2.0,-78.0
1777890578.6773324,0.0,-1.0,-73.0
1777890578.6873324,0.0,0.0,-74.0
1777890578.6973324,-4.0,2.0,-75.0
1777890578.7073324,-5.0,-1.0,-70.0
1777890578.7173324,-5.0,-3.0,-69.0
1777890578.7273324,-8.0,-2.0,-71.0
1777890578.7373323,-8.0,0.0,-68.0
1777890578.7473323,-9.0,-2.0,-62.0
1777890578.7573323,-14.0,-1.0,-56.0
1777890578.7673323,-8.0,0.0,-60.0
1777890578.7773323,-5.0,2.0,-66.0
1777890578.7873323,-6.0,1.0,-63.0
1777890578.7973323,-6.0,0.0,-60.0
1777890578.8073325,-1.0,0.0,-65.0
1777890578.8173325,0.0,0.0,-68.0
1777890578.8273325,1.0,1.0,-69.0
1777890578.8373325,1.0,-1.0,-69.0
1777890578.8473325,0.0,-2.0,-68.0
1777890578.8573325,0.0,0.0,-70.0
1777890578.8673325,1.0,-1.0,-79.0
1777890578.8773324,6.0,-4.0,-80.0
1777890578.8873324,3.0,-4.0,-76.0
1777890578.8973324,6.0,-1.0,-79.0
1777890578.9073324,7.0,-7.0,-84.0
1777890578.9173324,2.0,-7.0,-90.0
1777890578.9273324,0.0,-7.0,-88.0
1777890578.9373324,0.0,-8.0,-84.0
1777890578.9473324,-2.0,-6.0,-87.0
1777890578.9573324,2.0,-5.0,-86.0
1777890578.9673324,1.0,-2.0,-84.0
1777890578.9773324,-2.0,2.0,-79.0
1777890578.9873323,-2.0,2.0,-80.0
1777890578.9973323,-1.0,2.0,-80.0
1777890579.0073323,-2.0,1.0,-83.0
1777890579.0173323,-4.0,2.0,-85.0
1777890579.0273323,0.0,1.0,-91.0
1777890579.0373323,-3.0,0.0,-97.0
1777890579.0473323,-7.0,0.0,-92.0
1777890579.0573325,-6.0,2.0,-87.0
1777890579.0673325,-4.0,0.0,-79.0
1777890579.0773325,-2.0,0.0,-79.0
1777890579.0873325,-3.0,0.0,-74.0
1777890579.0973325,-4.0,0.0,-68.0
1777890579.1073325,-4.0,1.0,-70.0
1777890579.1173325,-7.0,2.0,-72.0
1777890579.1273324,-5.0,2.0,-73.0
1777890579.1373324,-1.0,-1.0,-70.0
1777890579.1473324,2.0,-3.0,-71.0
1777890579.1573324,4.0,1.0,-77.0
1777890579.1673324,1.0,1.0,-78.0
1777890579.1773324,0.0,0.0,-85.0
1777890579.1873324,-4.0,0.0,-84.0
1777890579.1973324,-5.0,0.0,-76.0
1777890579.2073324,-3.0,0.0,-71.0
1777890579.2173324,1.0,0.0,-75.0
1777890579.2273324,9.0,-3.0,-72.0
1777890579.2373323,10.0,0.0,-69.0
1777890579.2473323,10.0,-2.0,-71.0
1777890579.2573323,8.0,-4.0,-73.0
1777890579.2673323,8.0,-6.0,-72.0
1777890579.2773323,3.0,-4.0,-70.0
1777890579.2873323,4.0,0.0,-72.0
1777890579.2973323,-3.0,1.0,-75.0
1777890579.3073325,-5.0,3.0,-76.0
1777890579.3173325,-6.0,3.0,-81.0
1777890579.3273325,-3.0,4.0,-81.0
1777890579.3373325,-2.0,0.0,-73.0
1777890579.3473325,3.0,-1.0,-78.0
1777890579.3573325,3.0,0.0,-81.0
1777890579.3673325,5.0,-3.0,-82.0
1777890579.3773324,5.0,-3.0,-76.0
1777890579.3873324,1.0,0.0,-72.0
1777890579.3973324,5.0,0.0,-79.0
1777890579.4073324,5.0,1.0,-83.0
1777890579.4173324,2.0,3.0,-89.0
1777890579.4273324,0.0,6.0,-86.0
1777890579.4373324,0.0,7.0,-82.0
1777890579.4473324,4.0,6.0,-78.0
1777890579.4573324,7.0,0.0,-74.0
1777890579.4673324,3.0,0.0,-68.0
1777890579.4773324,1.0,-2.0,-65.0
1777890579.4873323,0.0,-2.0,-67.0
1777890579.4973323,4.0,-6.0,-66.0
1777890579.5073323,5.0,-5.0,-68.0
1777890579.5173323,6.0,0.0,-62.0
1777890579.5273323,4.0,-7.0,-66.0
1777890579.5373323,2.0,-6.0,-72.0
1777890579.5473323,-2.0,-6.0,-75.0
1777890579.5573325,-8.0,-2.0,-72.0
1777890579.5673325,-6.0,-3.0,-73.0
1777890579.5773325,-2.0,0.0,-82.0
1777890579.5873325,0.0,1.0,-79.0
1777890579.5973325,6.0,1.0,-78.0
1777890579.6083324,3.0,-1.0,-79.0
1777890579.6183324,0.0,-4.0,-83.0
1777890579.6283324,-3.0,-4.0,-83.0
1777890579.6383324,-3.0,-1.0,-80.0
1777890579.6483324,-2.0,2.0,-75.0
1777890579.6583323,1.0,3.0,-76.0
1777890579.6683323,-1.0,6.0,-76.0
1777890579.6783323,-6.0,8.0,-82.0
1777890579.6883323,-8.0,4.0,-93.0
1777890579.6983323,-5.0,3.0,-89.0
1777890579.7083323,-2.0,4.0,-90.0
1777890579.7183323,1.0,2.0,-89.0
1777890579.7283323,2.0,6.0,-85.0
1777890579.7383325,0.0,4.0,-78.0
1777890579.7483325,-1.0,1.0,-78.0
1777890579.7583325,0.0,0.0,-77.0
1777890579.7683325,1.0,0.0,-82.0
1777890579.7783325,4.0,-1.0,-72.0
1777890579.7883325,7.0,-1.0,-71.0
1777890579.7983325,4.0,1.0,-73.0
1777890579.8083324,1.0,-1.0,-76.0
1777890579.8183324,4.0,2.0,-88.0
1777890579.8283324,4.0,2.0,-86.0
1777890579.8383324,8.0,4.0,-86.0
1777890579.8483324,7.0,6.0,-88.0
1777890579.8583324,6.0,4.0,-85.0
1777890579.8683324,8.0,0.0,-79.0
1777890579.8783324,6.0,4.0,-73.0
1777890579.8883324,4.0,3.0,-74.0
1777890579.8983324,6.0,2.0,-77.0
1777890579.9083323,12.0,1.0,-78.0
1777890579.9183323,15.0,0.0,-82.0
1777890579.9283323,13.0,-4.0,-83.0
1777890579.9383323,9.0,-4.0,-79.0
1777890579.9483323,6.0,-6.0,-74.0
1777890579.9583323,4.0,-4.0,-70.0
1777890579.9683323,2.0,-2.0,-66.0
1777890579.9783323,-2.0,0.0,-66.0
1777890579.9883325,-2.0,0.0,-66.0
1777890579.9983325,-1.0,3.0,-71.0
1777890580.0083325,-1.0,3.0,-71.0
1777890580.0183325,-1.0,0.0,-69.0
1777890580.0283325,-4.0,-5.0,-72.0
1777890580.0383325,0.0,-4.0,-73.0
1777890580.0483325,-1.0,-5.0,-74.0
1777890580.0583324,1.0,-3.0,-73.0
1777890580.0683324,2.0,-2.0,-76.0
1777890580.0783324,2.0,-1.0,-70.0
1777890580.0883324,0.0,-2.0,-67.0
1777890580.0983324,-1.0,-4.0,-64.0
1777890580.1083324,-2.0,-5.0,-70.0
1777890580.1183324,-3.0,-8.0,-71.0
1777890580.1283324,-2.0,-7.0,-71.0
1777890580.1383324,-5.0,-5.0,-78.0
1777890580.1483324,-3.0,-2.0,-78.0
1777890580.1583323,-7.0,-5.0,-80.0
1777890580.1683323,-8.0,-2.0,-76.0
1777890580.1783323,-6.0,-1.0,-70.0
1777890580.1883323,-2.0,-2.0,-69.0
1777890580.1983323,-3.0,0.0,-75.0
1777890580.2083323,-1.0,-1.0,-72.0
1777890580.2183323,-1.0,0.0,-70.0
1777890580.2283323,1.0,0.0,-74.0
1777890580.2383325,4.0,3.0,-78.0
1777890580.2483325,1.0,0.0,-72.0
1777890580.2583325,3.0,2.0,-72.0
1777890580.2683325,7.0,1.0,-72.0
1777890580.2783325,6.0,1.0,-78.0
1777890580.2883325,1.0,0.0,-79.0
1777890580.2983325,0.0,1.0,-76.0
1777890580.3083324,6.0,3.0,-76.0
1777890580.3183324,8.0,-2.0,-69.0
1777890580.3283324,9.0,-2.0,-70.0
1777890580.3383324,7.0,-2.0,-70.0
1777890580.3483324,4.0,-1.0,-68.0
1777890580.3583324,1.0,-3.0,-71.0
1777890580.3683324,-3.0,-1.0,-71.0
1777890580.3783324,-4.0,-1.0,-68.0
1777890580.3883324,-5.0,-1.0,-71.0
1777890580.3983324,-2.0,0.0,-69.0
1777890580.4083323,-4.0,-1.0,-72.0
1777890580.4183323,-2.0,-3.0,-72.0
1777890580.4283323,-3.0,-5.0,-69.0
1777890580.4383323,-1.0,-1.0,-69.0
1777890580.4483323,-3.0,-1.0,-69.0
1777890580.4583323,-3.0,0.0,-70.0
1777890580.4683323,-7.0,5.0,-72.0
1777890580.4783323,-3.0,4.0,-73.0
1777890580.4883325,-6.0,4.0,-75.0
1777890580.4983325,-1.0,1.0,-68.0
1777890580.5083325,0.0,1.0,-63.0
1777890580.5183325,0.0,1.0,-70.0
1777890580.5283325,3.0,-3.0,-69.0
1777890580.5383325,1.0,-3.0,-67.0
1777890580.5483325,0.0,-3.0,-62.0
1777890580.5583324,-3.0,3.0,-69.0
1777890580.5683324,-2.0,3.0,-78.0
1777890580.5783324,-3.0,-1.0,-77.0
1777890580.5883324,-3.0,-6.0,-71.0
1777890580.5983324,-1.0,-3.0,-68.0
1777890580.6083324,3.0,0.0,-70.0
1777890580.6183324,2.0,-2.0,-70.0
1777890580.6283324,2.0,-3.0,-74.0
1777890580.6383324,3.0,-2.0,-73.0
1777890580.6483324,1.0,-2.0,-70.0
1777890580.6583323,1.0,0.0,-69.0
1777890580.6683323,3.0,0.0,-66.0
1777890580.6783323,2.0,0.0,-68.0
1777890580.6883323,5.0,-1.0,-78.0
1777890580.6983323,-1.0,-1.0,-79.0
1777890580.7083323,-4.0,-7.0,-80.0
1777890580.7183323,0.0,-9.0,-76.0
1777890580.7283323,-4.0,-8.0,-80.0
1777890580.7383325,-3.0,-5.0,-80.0
1777890580.7483325,-3.0,-4.0,-82.0
1777890580.7583325,-5.0,-1.0,-86.0
1777890580.7683325,-4.0,-2.0,-91.0
1777890580.7783325,0.0,-2.0,-83.0
1777890580.7883325,0.0,-3.0,-81.0
1777890580.7983325,0.0,-6.0,-78.0
1777890580.8083324,0.0,-6.0,-77.0
1777890580.8183324,0.0,-4.0,-70.0
1777890580.8283324,0.0,-7.0,-71.0
1777890580.8383324,1.0,-4.0,-69.0
1777890580.8483324,0.0,-2.0,-64.0
1777890580.8583324,-1.0,-5.0,-69.0
1777890580.8683324,1.0,-2.0,-65.0
1777890580.8783324,1.0,-6.0,-66.0
1777890580.8883324,3.0,1.0,-76.0
1777890580.8983324,0.0,-1.0,-80.0
1777890580.9083323,0.0,-1.0,-72.0
1777890580.9183323,-4.0,1.0,-71.0
1777890580.9283323,-4.0,-2.0,-71.0
1777890580.9383323,-4.0,-1.0,-71.0
1777890580.9483323,-3.0,-3.0,-71.0
1777890580.9583323,-2.0,1.0,-76.0
1777890580.9683323,-4.0,2.0,-70.0
1777890580.9783323,-3.0,0.0,-74.0
1777890580.9883325,0.0,-2.0,-71.0
1777890580.9983325,1.0,-2.0,-68.0
1777890581.0083325,0.0,-2.0,-60.0
1777890581.0183325,-1.0,-2.0,-55.0
1777890581.0283325,0.0,-1.0,-58.0
1777890581.0383325,0.0,-5.0,-69.0
1777890581.0483325,-1.0,-4.0,-68.0
1777890581.0583324,0.0,-2.0,-68.0
1777890581.0683324,2.0,-6.0,-72.0
1777890581.0783324,-1.0,-7.0,-77.0
1777890581.0883324,-3.0,-8.0,-69.0
1777890581.0983324,-2.0,-8.0,-71.0
1777890581.1083324,0.0,-5.0,-70.0
1777890581.1183324,0.0,-4.0,-69.0
1777890581.1283324,3.0,-7.0,-71.0
1777890581.1383324,11.0,-3.0,-71.0
1777890581.1483324,5.0,-1.0,-72.0
1777890581.1583323,1.0,-1.0,-67.0
1777890581.1683323,-2.0,-4.0,-73.0
1777890581.1783323,3.0,-4.0,-78.0
1777890581.1883323,0.0,-3.0,-77.0
1777890581.1983323,7.0,0.0,-72.0
1777890581.2083323,0.0,-1.0,-77.0
1777890581.2183323,1.0,0.0,-81.0
1777890581.2283323,2.0,0.0,-79.0
1777890581.2383325,1.0,-1.0,-78.0
1777890581.2483325,0.0,-3.0,-73.0
1777890581.2583325,2.0,-1.0,-73.0
1777890581.2683325,-1.0,1.0,-79.0
1777890581.2783325,-5.0,0.0,-78.0
1777890581.2883325,-5.0,-5.0,-75.0
1777890581.2983325,0.0,-9.0,-71.0
1777890581.3083324,-2.0,-6.0,-72.0
1777890581.3183324,0.0,-2.0,-71.0
1777890581.3283324,1.0,3.0,-65.0
1777890581.3383324,1.0,-2.0,-66.0
1777890581.3483324,-2.0,0.0,-68.0
1777890581.3583324,-3.0,2.0,-71.0
1777890581.3683324,1.0,-1.0,-74.0
1777890581.3783324,1.0,0.0,-75.0
1777890581.3883324,2.0,1.0,-73.0
1777890581.3983324,0.0,0.0,-79.0
1777890581.4083323,0.0,-4.0,-88.0
1777890581.4183323,0.0,-5.0,-88.0
1777890581.4283323,0.0,-7.0,-84.0
1777890581.4383323,4.0,-5.0,-82.0
1777890581.4483323,5.0,-10.0,-77.0
1777890581.4583323,4.0,-11.0,-76.0
1777890581.4683323,6.0,-8.0,-78.0
1777890581.4783323,1.0,-4.0,-77.0
1777890581.4883325,0.0,-7.0,-73.0
1777890581.4983325,-1.0,-7.0,-77.0
1777890581.5083325,-1.0,-7.0,-76.0
1777890581.5183325,0.0,-4.0,-73.0
1777890581.5283325,3.0,-2.0,-73.0
1777890581.5383325,4.0,0.0,-78.0
1777890581.5483325,7.0,0.0,-73.0
1777890581.5583324,11.0,-3.0,-72.0
1777890581.5683324,6.0,-1.0,-79.0
1777890581.5783324,5.0,-2.0,-82.0
1777890581.5883324,2.0,-3.0,-80.0
1777890581.5983324,5.0,-5.0,-74.0
1777890581.6093323,0.0,-4.0,-68.0
1777890581.6193323,0.0,-2.0,-76.0
1777890581.6293323,0.0,-2.0,-82.0
1777890581.6393323,0.0,0.0,-82.0
1777890581.6493323,-2.0,0.0,-78.0
1777890581.6593325,2.0,2.0,-73.0
1777890581.6693325,7.0,2.0,-80.0
1777890581.6793325,5.0,-1.0,-80.0
1777890581.6893325,2.0,0.0,-78.0
1777890581.6993325,0.0,-1.0,-81.0
1777890581.7093325,2.0,-3.0,-75.0
1777890581.7193325,7.0,-2.0,-79.0
1777890581.7293324,9.0,-2.0,-83.0
1777890581.7393324,5.0,-3.0,-74.0
1777890581.7493324,3.0,-4.0,-77.0
1777890581.7593324,-1.0,-2.0,-75.0
1777890581.7693324,-5.0,-4.0,-83.0
1777890581.7793324,-7.0,0.0,-81.0
1777890581.7893324,-8.0,3.0,-80.0
1777890581.7993324,-7.0,0.0,-77.0
1777890581.8093324,-4.0,0.0,-79.0
1777890581.8193324,0.0,0.0,-82.0
1777890581.8293324,-2.0,0.0,-78.0
1777890581.8393323,-2.0,0.0,-72.0
1777890581.8493323,0.0,-2.0,-69.0
1777890581.8593323,4.0,3.0,-75.0
1777890581.8693323,5.0,5.0,-68.0
1777890581.8793323,7.0,5.0,-73.0
1777890581.8893323,0.0,4.0,-71.0
1777890581.8993323,-2.0,-1.0,-63.0
1777890581.9093325,-1.0,-1.0,-58.0
1777890581.9193325,0.0,-5.0,-66.0
1777890581.9293325,-1.0,-6.0,-71.0
1777890581.9393325,0.0,-5.0,-74.0
1777890581.9493325,5.0,-2.0,-78.0
1777890581.9593325,6.0,1.0,-81.0
1777890581.9693325,4.0,0.0,-87.0
1777890581.9793324,5.0,1.0,-86.0
1777890581.9893324,-2.0,1.0,-84.0
1777890581.9993324,0.0,3.0,-81.0
1777890582.0093324,-1.0,4.0,-76.0
1777890582.0193324,0.0,2.0,-71.0
1777890582.0293324,-2.0,4.0,-72.0
1777890582.0393324,-4.0,3.0,-71.0
1777890582.0493324,0.0,-2.0,-71.0
1777890582.0593324,4.0,-1.0,-72.0
1777890582.0693324,3.0,3.0,-70.0
1777890582.0793324,2.0,0.0,-69.0
1777890582.0893323,0.0,1.0,-72.0
1777890582.0993323,0.0,6.0,-72.0
1777890582.1093323,-4.0,3.0,-76.0
1777890582.1193323,-4.0,4.0,-79.0
1777890582.1293323,-2.0,0.0,-80.0
1777890582.1393323,0.0,0.0,-75.0
1777890582.1493323,0.0,-6.0,-70.0
1777890582.1593325,0.0,-5.0,-71.0
1777890582.1693325,3.0,-5.0,-65.0
1777890582.1793325,-2.0,-2.0,-66.0
1777890582.1893325,-2.0,-1.0,-61.0
1777890582.1993325,0.0,-1.0,-67.0
1777890582.2093325,-2.0,-4.0,-63.0
1777890582.2193325,-6.0,-10.0,-65.0
1777890582.2293324,-1.0,-8.0,-73.0
1777890582.2393324,-2.0,-8.0,-75.0
1777890582.2493324,-2.0,-7.0,-76.0
1777890582.2593324,-1.0,-8.0,-82.0
1777890582.2693324,-1.0,-11.0,-78.0
1777890582.2793324,0.0,-11.0,-77.0
1777890582.2893324,0.0,-6.0,-78.0
1777890582.2993324,0.0,-6.0,-77.0
1777890582.3093324,-1.0,-3.0,-71.0
1777890582.3193324,1.0,-4.0,-75.0
1777890582.3293324,0.0,-7.0,-78.0
1777890582.3393323,0.0,-6.0,-83.0
1777890582.3493323,0.0,-2.0,-83.0
1777890582.3593323,0.0,-4.0,-78.0
1777890582.3693323,0.0,-2.0,-77.0
1777890582.3793323,-2.0,-4.0,-76.0
1777890582.3893323,-4.0,-6.0,-74.0
1777890582.3993323,-2.0,-2.0,-71.0
1777890582.4093325,-2.0,-1.0,-75.0
1777890582.4193325,1.0,-3.0,-72.0
1777890582.4293325,1.0,-4.0,-65.0
1777890582.4393325,2.0,-5.0,-65.0
1777890582.4493325,-1.0,-7.0,-67.0
1777890582.4593325,0.0,-3.0,-68.0
1777890582.4693325,1.0,-4.0,-66.0
1777890582.4793324,1.0,-5.0,-61.0
1777890582.4893324,1.0,-2.0,-68.0
1777890582.4993324,-2.0,0.0,-66.0
1777890582.5093324,-2.0,0.0,-72.0
1777890582.5193324,-2.0,1.0,-70.0
1777890582.5293324,-5.0,0.0,-67.0
1777890582.5393324,-3.0,2.0,-75.0
1777890582.5493324,-5.0,3.0,-76.0
1777890582.5593324,-4.0,2.0,-75.0
1777890582.5693324,-1.0,6.0,-74.0
1777890582.5793324,-3.0,6.0,-71.0
1777890582.5893323,-2.0,6.0,-78.0
1777890582.5993323,-1.0,4.0,-77.0
1777890582.6093323,-3.0,0.0,-79.0
1777890582.6193323,-5.0,1.0,-80.0
1777890582.6293323,3.0,0.0,-77.0
1777890582.6393323,1.0,3.0,-76.0
1777890582.6493323,0.0,0.0,-78.0
1777890582.6593325,-2.0,-2.0,-78.0
1777890582.6693325,-2.0,-4.0,-79.0
1777890582.6793325,-8.0,-4.0,-86.0
1777890582.6893325,-13.0,-8.0,-81.0
1777890582.6993325,-7.0,-8.0,-78.0
1777890582.7093325,-6.0,-7.0,-79.0
1777890582.7193325,-9.0,-3.0,-78.0
1777890582.7293324,-7.0,-2.0,-77.0
1777890582.7393324,-7.0,-1.0,-76.0
1777890582.7493324,-5.0,0.0,-77.0
1777890582.7593324,0.0,-2.0,-72.0
1777890582.7693324,0.0,0.0,-70.0
1777890582.7793324,1.0,-2.0,-73.0
1777890582.7893324,0.0,1.0,-70.0
1777890582.7993324,2.0,2.0,-67.0
1777890582.8093324,1.0,2.0,-64.0
1777890582.8193324,2.0,-4.0,-64.0
1777890582.8293324,2.0,-3.0,-67.0
1777890582.8393323,4.0,-6.0,-71.0
1777890582.8493323,1.0,-9.0,-74.0
1777890582.8593323,-1.0,-6.0,-75.0
1777890582.8693323,-1.0,-9.0,-64.0
1777890582.8793323,-3.0,-8.0,-66.0
1777890582.8893323,-2.0,-5.0,-62.0
1777890582.8993323,2.0,-5.0,-69.0
1777890582.9093325,1.0,0.0,-71.0
1777890582.9193325,0.0,1.0,-78.0
1777890582.9293325,0.0,-2.0,-74.0
1777890582.9393325,1.0,0.0,-74.0
1777890582.9493325,4.0,-4.0,-73.0
1777890582.9593325,7.0,-4.0,-65.0
1777890582.9693325,3.0,0.0,-68.0
1777890582.9793324,0.0,-2.0,-73.0
1777890582.9893324,1.0,-6.0,-69.0
1777890582.9993324,1.0,-4.0,-74.0
1777890583.0093324,0.0,-3.0,-70.0
1777890583.0193324,1.0,-3.0,-73.0
1777890583.0293324,4.0,2.0,-74.0
1777890583.0393324,7.0,3.0,-79.0
1777890583.0493324,6.0,1.0,-80.0
1777890583.0593324,6.0,1.0,-77.0
1777890583.0693324,10.0,3.0,-72.0
1777890583.0793324,8.0,1.0,-67.0
1777890583.0893323,3.0,-1.0,-67.0
1777890583.0993323,3.0,-4.0,-59.0
1777890583.1093323,3.0,-4.0,-62.0
1777890583.1193323,2.0,-4.0,-66.0
1777890583.1293323,2.0,-3.0,-72.0
1777890583.1393323,1.0,-1.0,-70.0
1777890583.1493323,3.0,3.0,-67.0
1777890583.1593325,7.0,2.0,-63.0
1777890583.1693325,2.0,3.0,-69.0
1777890583.1793325,-1.0,1.0,-70.0
1777890583.1893325,2.0,2.0,-65.0
1777890583.1993325,2.0,1.0,-67.0
1777890583.2093325,2.0,-1.0,-69.0
1777890583.2193325,3.0,1.0,-76.0
1777890583.2293324,3.0,1.0,-78.0
1777890583.2393324,2.0,0.0,-75.0
1777890583.2493324,0.0,1.0,-71.0
1777890583.2593324,0.0,-6.0,-68.0
1777890583.2693324,0.0,-6.0,-70.0
1777890583.2793324,1.0,-6.0,-64.0
1777890583.2893324,1.0,-6.0,-71.0
1777890583.2993324,6.0,-2.0,-74.0
1777890583.3093324,2.0,0.0,-71.0
1777890583.3193324,1.0,-1.0,-65.0
1777890583.3293324,4.0,-2.0,-71.0
1777890583.3393323,2.0,0.0,-73.0
1777890583.3493323,0.0,5.0,-72.0
1777890583.3593323,-4.0,7.0,-73.0
1777890583.3693323,-1.0,7.0,-72.0
1777890583.3793323,1.0,4.0,-77.0
1777890583.3893323,-4.0,4.0,-76.0
1777890583.3993323,-3.0,2.0,-78.0
1777890583.4093325,-3.0,2.0,-69.0
1777890583.4193325,-8.0,5.0,-72.0
1777890583.4293325,-7.0,3.0,-72.0
1777890583.4393325,-3.0,2.0,-73.0
1777890583.4493325,-1.0,1.0,-70.0
1777890583.4593325,0.0,1.0,-68.0
1777890583.4693325,0.0,1.0,-66.0
1777890583.4793324,2.0,0.0,-67.0
1777890583.4893324,3.0,0.0,-65.0
1777890583.4993324,0.0,1.0,-72.0
1777890583.5093324,1.0,0.0,-70.0
1777890583.5193324,2.0,3.0,-69.0
1777890583.5293324,0.0,2.0,-79.0
1777890583.5393324,-2.0,1.0,-81.0
1777890583.5493324,2.0,1.0,-77.0
1777890583.5593324,5.0,0.0,-79.0
1777890583.5693324,3.0,-3.0,-83.0
1777890583.5803325,1.0,-4.0,-88.0
1777890583.5903325,2.0,-4.0,-87.0
1777890583.5993323,0.0,-3.0,-89.0
1777890583.6103325,3.0,-7.0,-90.0
1777890583.6203325,3.0,-11.0,-95.0
1777890583.6303325,3.0,-10.0,-88.0
1777890583.6403325,0.0,-4.0,-83.0
1777890583.6503325,-3.0,-1.0,-80.0
1777890583.6603324,-3.0,1.0,-76.0
1777890583.6703324,-2.0,2.0,-70.0
1777890583.6803324,0.0,2.0,-63.0
1777890583.6903324,6.0,1.0,-67.0
1777890583.7003324,5.0,-1.0,-70.0
1777890583.7103324,7.0,-1.0,-80.0
1777890583.7203324,1.0,-1.0,-80.0
1777890583.7303324,0.0,0.0,-78.0
1777890583.7403324,0.0,-3.0,-71.0
1777890583.7503324,0.0,-3.0,-68.0
1777890583.7603323,0.0,-4.0,-71.0
1777890583.7703323,-1.0,-3.0,-74.0
1777890583.7803323,-4.0,-2.0,-69.0
1777890583.7903323,-2.0,1.0,-61.0
1777890583.8003323,0.0,3.0,-58.0
1777890583.8103323,2.0,1.0,-60.0
1777890583.8203323,0.0,3.0,-62.0
1777890583.8303325,0.0,1.0,-67.0
1777890583.8403325,0.0,1.0,-67.0
1777890583.8503325,2.0,-1.0,-71.0
1777890583.8603325,2.0,-1.0,-68.0
1777890583.8703325,5.0,-1.0,-75.0
1777890583.8803325,2.0,-2.0,-73.0
1777890583.8903325,3.0,-4.0,-79.0
1777890583.9003325,4.0,0.0,-85.0
1777890583.9103324,2.0,2.0,-86.0
1777890583.9203324,3.0,-1.0,-88.0
1777890583.9303324,4.0,-3.0,-88.0
1777890583.9403324,2.0,-6.0,-85.0
1777890583.9503324,-1.0,-6.0,-80.0
1777890583.9603324,-5.0,0.0,-76.0
1777890583.9703324,-3.0,0.0,-72.0
1777890583.9803324,0.0,-2.0,-69.0
1777890583.9903324,0.0,-3.0,-63.0
1777890584.0003324,-3.0,-4.0,-56.0
1777890584.0103323,-5.0,-2.0,-56.0
1777890584.0203323,-4.0,0.0,-66.0
1777890584.0303323,-2.0,0.0,-65.0
1777890584.0403323,2.0,1.0,-63.0
1777890584.0503323,4.0,0.0,-65.0
1777890584.0603323,1.0,0.0,-62.0
1777890584.0703323,6.0,2.0,-65.0
1777890584.0803325,5.0,2.0,-66.0
1777890584.0903325,6.0,2.0,-67.0
1777890584.1003325,1.0,1.0,-62.0
1777890584.1103325,0.0,0.0,-66.0
1777890584.1203325,-2.0,-1.0,-71.0
1777890584.1303325,-6.0,-3.0,-73.0
1777890584.1403325,-5.0,-5.0,-68.0
1777890584.1503325,-4.0,-8.0,-56.0
1777890584.1603324,-1.0,-8.0,-59.0
1777890584.1703324,0.0,-7.0,-61.0
1777890584.1803324,0.0,-10.0,-63.0
1777890584.1903324,7.0,-7.0,-62.0
1777890584.2003324,10.0,-5.0,-67.0
1777890584.2103324,9.0,-5.0,-67.0
1777890584.2203324,4.0,-3.0,-68.0
1777890584.2303324,9.0,0.0,-70.0
1777890584.2403324,5.0,0.0,-72.0
1777890584.2503324,5.0,1.0,-70.0
1777890584.2603323,2.0,0.0,-71.0
1777890584.2703323,-1.0,0.0,-79.0
1777890584.2803323,0.0,1.0,-78.0
1777890584.2903323,4.0,0.0,-76.0
1777890584.3003323,0.0,0.0,-70.0
1777890584.3103323,-1.0,-1.0,-70.0
1777890584.3203323,0.0,-3.0,-69.0
1777890584.3303325,0.0,-1.0,-73.0
1777890584.3403325,-1.0,0.0,-69.0
1777890584.3503325,-1.0,1.0,-76.0
1777890584.3603325,-3.0,1.0,-77.0
1777890584.3703325,-7.0,1.0,-81.0
1777890584.3803325,-2.0,-3.0,-74.0
1777890584.3903325,-2.0,-3.0,-69.0
1777890584.4003325,-1.0,-4.0,-74.0
1777890584.4103324,0.0,-6.0,-73.0
1777890584.4203324,0.0,-7.0,-85.0
1777890584.4303324,-2.0,-1.0,-81.0
1777890584.4403324,0.0,-2.0,-82.0
1777890584.4503324,-3.0,-3.0,-80.0
1777890584.4603324,-3.0,-4.0,-80.0
1777890584.4703324,1.0,-6.0,-78.0
1777890584.4803324,0.0,-6.0,-73.0
1777890584.4903324,-4.0,-3.0,-71.0
1777890584.5003324,-2.0,-3.0,-71.0
1777890584.5103323,0.0,-6.0,-66.0
1777890584.5203323,0.0,-6.0,-55.0
1777890584.5303323,0.0,-3.0,-56.0
1777890584.5403323,2.0,0.0,-61.0
1777890584.5503323,4.0,0.0,-69.0
1777890584.5603323,6.0,1.0,-73.0
1777890584.5703323,6.0,-1.0,-73.0
1777890584.5803325,6.0,-2.0,-70.0
1777890584.5903325,2.0,-5.0,-69.0
1777890584.6003325,1.0,-6.0,-74.0
1777890584.6103325,0.0,-8.0,-79.0
1777890584.6203325,0.0,-5.0,-79.0
1777890584.6303325,0.0,-3.0,-76.0
1777890584.6403325,4.0,-3.0,-79.0
1777890584.6503325,2.0,-5.0,-86.0
1777890584.6603324,4.0,-3.0,-90.0
1777890584.6703324,6.0,-1.0,-86.0
1777890584.6803324,2.0,-4.0,-86.0
1777890584.6903324,6.0,-8.0,-85.0
1777890584.7003324,5.0,-7.0,-85.0
1777890584.7103324,2.0,-5.0,-86.0
1777890584.7203324,-1.0,-3.0,-83.0
1777890584.7303324,0.0,-2.0,-71.0
1777890584.7403324,-1.0,-2.0,-71.0
1777890584.7503324,0.0,-2.0,-66.0
1777890584.7603323,0.0,-5.0,-65.0
1777890584.7703323,3.0,-8.0,-63.0
1777890584.7803323,2.0,-6.0,-65.0
1777890584.7903323,4.0,-4.0,-62.0
1777890584.8003323,3.0,-7.0,-60.0
1777890584.8103323,2.0,-4.0,-56.0
1777890584.8203323,1.0,-1.0,-56.0
1777890584.8303325,5.0,0.0,-66.0
1777890584.8403325,5.0,-1.0,-67.0
1777890584.8503325,4.0,4.0,-71.0
1777890584.8603325,8.0,4.0,-71.0
1777890584.8703325,4.0,1.0,-71.0
1777890584.8803325,1.0,0.0,-66.0
1777890584.8903325,2.0,-1.0,-65.0
1777890584.9003325,0.0,-3.0,-68.0
1777890584.9103324,0.0,-4.0,-66.0
1777890584.9203324,0.0,0.0,-66.0
1777890584.9303324,2.0,-1.0,-70.0
1777890584.9403324,4.0,-1.0,-77.0
1777890584.9503324,3.0,0.0,-80.0
1777890584.9603324,8.0,3.0,-80.0
1777890584.9703324,10.0,2.0,-73.0
1777890584.9803324,12.0,5.0,-70.0
1777890584.9903324,14.0,7.0,-68.0
1777890585.0003324,14.0,5.0,-62.0
1777890585.0103323,13.0,1.0,-65.0
1777890585.0203323,11.0,0.0,-64.0
1777890585.0303323,13.0,0.0,-62.0
1777890585.0403323,11.0,1.0,-63.0
1777890585.0503323,10.0,-1.0,-64.0
1777890585.0603323,8.0,3.0,-65.0
1777890585.0703323,10.0,2.0,-71.0
1777890585.0803325,7.0,2.0,-77.0
1777890585.0903325,0.0,2.0,-79.0
1777890585.1003325,0.0,2.0,-78.0
1777890585.1103325,1.0,0.0,-79.0
1777890585.1203325,0.0,0.0,-85.0
1777890585.1303325,-2.0,0.0,-80.0
1777890585.1403325,-1.0,-4.0,-82.0
1777890585.1503325,0.0,-11.0,-81.0
1777890585.1603324,-4.0,-11.0,-82.0
1777890585.1703324,-7.0,-8.0,-82.0
1777890585.1803324,-5.0,-5.0,-84.0
1777890585.1903324,-1.0,-5.0,-77.0
1777890585.2003324,-2.0,-2.0,-72.0
1777890585.2103324,-2.0,-1.0,-73.0
1777890585.2203324,1.0,0.0,-75.0
1777890585.2303324,-1.0,-1.0,-80.0
1777890585.2403324,-3.0,0.0,-74.0
1777890585.2503324,-1.0,5.0,-73.0
1777890585.2603323,0.0,7.0,-73.0
1777890585.2703323,1.0,4.0,-75.0
1777890585.2803323,5.0,3.0,-78.0
1777890585.2903323,6.0,5.0,-77.0
1777890585.3003323,2.0,5.0,-77.0
1777890585.3103323,-4.0,1.0,-82.0
1777890585.3203323,-4.0,-2.0,-77.0
1777890585.3303325,0.0,-1.0,-72.0
1777890585.3403325,0.0,0.0,-76.0
1777890585.3503325,0.0,0.0,-79.0
1777890585.3603325,0.0,-2.0,-80.0
1777890585.3703325,0.0,-2.0,-80.0
1777890585.3803325,0.0,0.0,-78.0
1777890585.3903325,0.0,-2.0,-73.0
1777890585.4003325,-1.0,0.0,-73.0
1777890585.4103324,0.0,-3.0,-69.0
1777890585.4203324,3.0,0.0,-66.0
1777890585.4303324,5.0,0.0,-68.0
1777890585.4403324,7.0,-3.0,-78.0
1777890585.4503324,9.0,-7.0,-80.0
1777890585.4603324,6.0,-5.0,-77.0
1777890585.4703324,3.0,-9.0,-75.0
1777890585.4803324,1.0,-11.0,-77.0
1777890585.4903324,0.0,-11.0,-77.0
1777890585.5003324,3.0,-10.0,-76.0
1777890585.5103323,9.0,-6.0,-70.0
1777890585.5203323,8.0,-7.0,-72.0
1777890585.5303323,10.0,-6.0,-80.0
1777890585.5413325,8.0,-1.0,-75.0
1777890585.5503323,5.0,-2.0,-74.0
1777890585.5613325,1.0,-5.0,-69.0
1777890585.5713325,-2.0,0.0,-78.0
1777890585.5803325,0.0,-2.0,-76.0
1777890585.5913324,-1.0,-2.0,-73.0
1777890585.6013324,1.0,-3.0,-75.0
1777890585.6113324,-2.0,-1.0,-68.0
1777890585.6213324,2.0,-2.0,-69.0
1777890585.6313324,5.0,-3.0,-74.0
1777890585.6413324,4.0,-3.0,-78.0
1777890585.6513324,4.0,-4.0,-76.0
1777890585.6613324,4.0,-3.0,-76.0
1777890585.6713324,2.0,-3.0,-73.0
1777890585.6813323,-2.0,-4.0,-71.0
1777890585.6913323,3.0,-4.0,-68.0
1777890585.7013323,5.0,-4.0,-71.0
1777890585.7113323,4.0,-3.0,-78.0
1777890585.7213323,2.0,-3.0,-80.0
1777890585.7313323,-1.0,-4.0,-81.0
1777890585.7413323,0.0,-5.0,-80.0
1777890585.7513323,-5.0,-2.0,-84.0
1777890585.7613325,-1.0,0.0,-81.0
1777890585.7713325,-2.0,0.0,-75.0
1777890585.7813325,0.0,-2.0,-75.0
1777890585.7913325,-2.0,-3.0,-77.0
1777890585.8013325,2.0,-3.0,-75.0
1777890585.8113325,3.0,0.0,-79.0
1777890585.8213325,3.0,-1.0,-79.0
1777890585.8313324,2.0,4.0,-76.0
1777890585.8413324,1.0,0.0,-79.0
1777890585.8513324,2.0,-2.0,-79.0
1777890585.8613324,3.0,0.0,-77.0
1777890585.8713324,2.0,0.0,-71.0
1777890585.8813324,5.0,0.0,-78.0
1777890585.8913324,6.0,-1.0,-80.0
1777890585.9013324,4.0,-3.0,-75.0
1777890585.9113324,4.0,-6.0,-79.0
1777890585.9213324,0.0,-5.0,-78.0
1777890585.9313323,2.0,-5.0,-83.0
1777890585.9413323,2.0,-2.0,-84.0
1777890585.9513323,2.0,0.0,-91.0
1777890585.9613323,2.0,-1.0,-95.0
1777890585.9713323,-1.0,-1.0,-94.0
1777890585.9813323,2.0,-4.0,-94.0
1777890585.9913323,1.0,-2.0,-90.0
1777890586.0013323,1.0,-1.0,-85.0
1777890586.0113325,1.0,-5.0,-74.0
1777890586.0213325,-1.0,-6.0,-76.0
1777890586.0313325,0.0,-5.0,-75.0
1777890586.0413325,-2.0,-4.0,-78.0
1777890586.0513325,-2.0,-6.0,-75.0
1777890586.0613325,2.0,-10.0,-75.0
1777890586.0713325,1.0,-9.0,-85.0
1777890586.0813324,0.0,-11.0,-81.0
1777890586.0913324,0.0,-7.0,-79.0
1777890586.1013324,-1.0,-7.0,-77.0
1777890586.1113324,0.0,-7.0,-72.0
1777890586.1213324,1.0,-5.0,-70.0
1777890586.1313324,0.0,-4.0,-73.0
1777890586.1413324,1.0,-7.0,-67.0
1777890586.1513324,3.0,-8.0,-69.0
1777890586.1613324,4.0,-5.0,-70.0
1777890586.1713324,12.0,-6.0,-73.0
1777890586.1813323,10.0,-1.0,-71.0
1777890586.1913323,5.0,1.0,-75.0
1777890586.2013323,3.0,1.0,-74.0
1777890586.2113323,1.0,0.0,-75.0
1777890586.2213323,4.0,1.0,-77.0
1777890586.2313323,5.0,0.0,-80.0
1777890586.2413323,3.0,-4.0,-82.0
1777890586.2513323,2.0,-7.0,-74.0
1777890586.2613325,7.0,-7.0,-79.0
1777890586.2713325,7.0,-7.0,-81.0
1777890586.2813325,2.0,-8.0,-80.0
1777890586.2913325,-3.0,-3.0,-78.0
1777890586.3013325,-1.0,1.0,-84.0
1777890586.3113325,5.0,0.0,-88.0
1777890586.3213325,5.0,0.0,-84.0
1777890586.3313324,1.0,-4.0,-78.0
1777890586.3413324,4.0,-5.0,-70.0
1777890586.3513324,3.0,-5.0,-74.0
1777890586.3613324,-3.0,-6.0,-80.0
1777890586.3713324,-1.0,-5.0,-80.0
1777890586.3813324,0.0,-3.0,-77.0
1777890586.3913324,1.0,-3.0,-78.0
1777890586.4013324,0.0,-1.0,-79.0
1777890586.4113324,-3.0,-6.0,-74.0
1777890586.4213324,2.0,-7.0,-64.0
1777890586.4313323,2.0,-2.0,-68.0
1777890586.4413323,3.0,-1.0,-71.0
1777890586.4513323,1.0,-1.0,-68.0
1777890586.4613323,-1.0,-2.0,-65.0
1777890586.4713323,-2.0,-3.0,-72.0
1777890586.4813323,-2.0,-3.0,-75.0
1777890586.4913323,0.0,-8.0,-73.0
1777890586.5013323,2.0,-7.0,-74.0
1777890586.5113325,2.0,-4.0,-72.0
1777890586.5213325,6.0,-1.0,-71.0
1777890586.5313325,4.0,-2.0,-72.0
1777890586.5413325,3.0,-8.0,-73.0
1777890586.5513325,2.0,-3.0,-69.0
1777890586.5613325,0.0,0.0,-68.0
1777890586.5713325,-1.0,-1.0,-68.0
1777890586.5813324,-1.0,4.0,-74.0
1777890586.5913324,0.0,2.0,-77.0
1777890586.6013324,4.0,0.0,-72.0
1777890586.6113324,5.0,-2.0,-69.0
1777890586.6213324,5.0,-7.0,-69.0
1777890586.6313324,3.0,-6.0,-69.0
1777890586.6413324,3.0,-5.0,-72.0
1777890586.6513324,4.0,-7.0,-66.0
1777890586.6613324,0.0,-6.0,-78.0
1777890586.6713324,2.0,-7.0,-80.0
1777890586.6813323,-1.0,-5.0,-70.0
1777890586.6913323,-1.0,-3.0,-72.0
1777890586.7013323,0.0,0.0,-71.0
1777890586.7113323,0.0,0.0,-75.0
1777890586.7213323,1.0,2.0,-83.0
1777890586.7313323,4.0,0.0,-82.0
1777890586.7413323,1.0,0.0,-84.0
1777890586.7513323,3.0,-1.0,-82.0
1777890586.7613325,-1.0,-6.0,-74.0
1777890586.7713325,-4.0,-7.0,-80.0
1777890586.7813325,0.0,-5.0,-78.0
1777890586.7913325,0.0,-5.0,-81.0
1777890586.8013325,0.0,-8.0,-87.0
1777890586.8113325,-1.0,-8.0,-77.0
1777890586.8213325,0.0,-4.0,-78.0
1777890586.8313324,0.0,-5.0,-80.0
1777890586.8413324,-2.0,-2.0,-83.0
1777890586.8513324,0.0,-1.0,-79.0
1777890586.8613324,0.0,-1.0,-76.0
1777890586.8713324,1.0,-3.0,-74.0
1777890586.8813324,4.0,-4.0,-76.0
1777890586.8913324,1.0,0.0,-78.0
1777890586.9013324,-1.0,0.0,-85.0
1777890586.9113324,-3.0,0.0,-81.0
1777890586.9213324,-3.0,0.0,-75.0
1777890586.9313323,2.0,-1.0,-75.0
1777890586.9413323,1.0,-6.0,-72.0
1777890586.9513323,3.0,-5.0,-78.0
1777890586.9613323,1.0,-3.0,-80.0
1777890586.9713323,0.0,0.0,-79.0
1777890586.9813323,-2.0,0.0,-79.0
1777890586.9913323,-4.0,-2.0,-79.0
1777890587.0013323,-2.0,0.0,-75.0
1777890587.0113325,-2.0,-3.0,-70.0
1777890587.0213325,-6.0,-1.0,-70.0
1777890587.0313325,-3.0,1.0,-75.0
1777890587.0413325,-4.0,-3.0,-73.0
1777890587.0513325,0.0,-4.0,-71.0
1777890587.0613325,0.0,0.0,-70.0
1777890587.0713325,1.0,2.0,-70.0
1777890587.0813324,-2.0,0.0,-75.0
1777890587.0913324,-5.0,-4.0,-76.0
1777890587.1013324,-2.0,0.0,-75.0
1777890587.1113324,-1.0,-1.0,-83.0
1777890587.1213324,-1.0,0.0,-79.0
1777890587.1313324,-1.0,-2.0,-78.0
1777890587.1413324,-1.0,-2.0,-66.0
1777890587.1513324,-4.0,-1.0,-59.0
1777890587.1613324,-2.0,0.0,-60.0
1777890587.1713324,-2.0,3.0,-62.0
1777890587.1813323,0.0,0.0,-67.0
1777890587.1913323,2.0,5.0,-72.0
1777890587.2013323,0.0,2.0,-76.0
1777890587.2113323,0.0,0.0,-77.0
1777890587.2213323,0.0,-1.0,-78.0
1777890587.2313323,3.0,0.0,-75.0
1777890587.2413323,8.0,0.0,-72.0
1777890587.2513323,9.0,-1.0,-74.0
1777890587.2613325,9.0,-4.0,-76.0
1777890587.2713325,5.0,-4.0,-76.0
1777890587.2813325,5.0,0.0,-75.0
1777890587.2913325,0.0,1.0,-72.0
1777890587.3013325,-1.0,0.0,-71.0
1777890587.3113325,0.0,2.0,-73.0
1777890587.3213325,1.0,2.0,-71.0
1777890587.3313324,1.0,4.0,-65.0
1777890587.3413324,0.0,5.0,-65.0
1777890587.3513324,0.0,4.0,-67.0
1777890587.3613324,3.0,0.0,-65.0
1777890587.3713324,2.0,1.0,-69.0
1777890587.3813324,3.0,2.0,-74.0
1777890587.3913324,-5.0,3.0,-70.0
1777890587.4013324,-8.0,-1.0,-76.0
1777890587.4113324,-6.0,-2.0,-77.0
1777890587.4213324,-7.0,-5.0,-73.0
1777890587.4313323,-3.0,-7.0,-77.0
1777890587.4413323,-2.0,-6.0,-75.0
1777890587.4513323,0.0,-3.0,-72.0
1777890587.4613323,0.0,0.0,-76.0
1777890587.4713323,0.0,0.0,-80.0
1777890587.4813323,3.0,-3.0,-83.0
1777890587.4913323,6.0,-5.0,-83.0
1777890587.5013323,6.0,-4.0,-79.0
1777890587.5113325,1.0,-4.0,-77.0
1777890587.5213325,0.0,-5.0,-70.0
1777890587.5313325,-3.0,-7.0,-69.0
1777890587.5413325,-2.0,-9.0,-68.0
1777890587.5513325,-1.0,-9.0,-69.0
1777890587.5613325,2.0,-5.0,-64.0
1777890587.5723324,3.0,-6.0,-62.0
1777890587.5823324,0.0,-3.0,-70.0
1777890587.5923324,2.0,0.0,-77.0
1777890587.6013324,0.0,-4.0,-88.0
1777890587.6123323,0.0,-7.0,-84.0
1777890587.6223323,-4.0,-9.0,-89.0
1777890587.6323323,0.0,-9.0,-82.0
1777890587.6423323,0.0,-8.0,-85.0
1777890587.6523323,1.0,-4.0,-87.0
1777890587.6623323,1.0,-2.0,-84.0
1777890587.6723323,3.0,1.0,-82.0
1777890587.6823325,6.0,3.0,-80.0
1777890587.6923325,5.0,0.0,-76.0
1777890587.7023325,5.0,2.0,-78.0
1777890587.7123325,5.0,1.0,-66.0
1777890587.7223325,2.0,-1.0,-69.0
1777890587.7323325,-1.0,1.0,-71.0
1777890587.7423325,-4.0,-1.0,-72.0
1777890587.7523324,-5.0,3.0,-78.0
1777890587.7623324,-5.0,1.0,-78.0
1777890587.7723324,-7.0,4.0,-79.0
1777890587.7823324,0.0,1.0,-75.0
1777890587.7923324,0.0,1.0,-80.0
1777890587.8023324,-2.0,2.0,-72.0
1777890587.8123324,1.0,4.0,-74.0
1777890587.8223324,-1.0,0.0,-69.0
1777890587.8323324,-1.0,0.0,-65.0
1777890587.8423324,0.0,0.0,-65.0
1777890587.8523324,2.0,-1.0,-67.0
1777890587.8623323,0.0,-2.0,-75.0
1777890587.8723323,-2.0,0.0,-81.0
1777890587.8823323,-5.0,-1.0,-83.0
1777890587.8923323,-1.0,1.0,-76.0
1777890587.9023323,0.0,5.0,-69.0
1777890587.9123323,1.0,-1.0,-71.0
1777890587.9223323,0.0,-1.0,-66.0
1777890587.9323325,3.0,-1.0,-61.0
1777890587.9423325,1.0,1.0,-70.0
1777890587.9523325,-1.0,0.0,-70.0
1777890587.9623325,-2.0,-2.0,-69.0
1777890587.9723325,-1.0,0.0,-64.0
1777890587.9823325,-2.0,1.0,-64.0
1777890587.9923325,-2.0,-3.0,-67.0
1777890588.0023324,-3.0,-6.0,-70.0
1777890588.0123324,-5.0,-5.0,-76.0
1777890588.0223324,-8.0,-5.0,-74.0
1777890588.0323324,-5.0,-3.0,-80.0
1777890588.0423324,-6.0,-4.0,-82.0
1777890588.0523324,-4.0,-8.0,-77.0
1777890588.0623324,-1.0,-11.0,-68.0
1777890588.0723324,-3.0,-9.0,-70.0
1777890588.0823324,-1.0,-6.0,-77.0
1777890588.0923324,0.0,-6.0,-72.0
1777890588.1023324,3.0,-5.0,-73.0
1777890588.1123323,2.0,-6.0,-76.0
1777890588.1223323,1.0,-4.0,-79.0
1777890588.1323323,3.0,-5.0,-74.0
1777890588.1423323,-2.0,-5.0,-74.0
1777890588.1523323,-5.0,-4.0,-66.0
1777890588.1623323,-4.0,0.0,-68.0
1777890588.1723323,-5.0,-3.0,-66.0
1777890588.1823325,-6.0,-3.0,-63.0
1777890588.1923325,-7.0,-3.0,-61.0
1777890588.2023325,-4.0,-1.0,-63.0
1777890588.2123325,-6.0,1.0,-63.0
1777890588.2223325,-8.0,3.0,-59.0
1777890588.2323325,-7.0,4.0,-66.0
1777890588.2423325,-2.0,0.0,-67.0
1777890588.2523324,0.0,0.0,-63.0
1777890588.2623324,1.0,2.0,-59.0
1777890588.2723324,0.0,3.0,-70.0
1777890588.2823324,-1.0,2.0,-69.0
1777890588.2923324,-2.0,1.0,-71.0
1777890588.3023324,-1.0,-1.0,-71.0
1777890588.3123324,-5.0,-2.0,-68.0
1777890588.3223324,-3.0,-4.0,-72.0
1777890588.3323324,-1.0,-2.0,-78.0
1777890588.3423324,-4.0,-2.0,-75.0
1777890588.3523324,-1.0,3.0,-73.0
1777890588.3623323,-2.0,0.0,-75.0
1777890588.3723323,-2.0,-1.0,-68.0
1777890588.3823323,0.0,0.0,-75.0
1777890588.3923323,3.0,3.0,-70.0
1777890588.4023323,0.0,6.0,-67.0
1777890588.4123323,-4.0,3.0,-66.0
1777890588.4223323,0.0,6.0,-66.0
1777890588.4323325,3.0,6.0,-67.0
1777890588.4423325,3.0,5.0,-65.0
1777890588.4523325,3.0,4.0,-63.0
1777890588.4623325,2.0,1.0,-63.0
1777890588.4723325,7.0,-4.0,-67.0
1777890588.4823325,4.0,-6.0,-73.0
1777890588.4923325,3.0,-3.0,-71.0
1777890588.5023324,2.0,0.0,-68.0
1777890588.5123324,1.0,3.0,-67.0
1777890588.5223324,0.0,4.0,-77.0
1777890588.5323324,2.0,5.0,-75.0
1777890588.5423324,3.0,4.0,-75.0
1777890588.5523324,5.0,2.0,-74.0
1777890588.5623324,8.0,-1.0,-74.0
1777890588.5723324,6.0,-6.0,-75.0
1777890588.5823324,4.0,-6.0,-72.0
1777890588.5923324,3.0,-6.0,-67.0
1777890588.6023324,4.0,-10.0,-58.0
1777890588.6123323,3.0,-6.0,-62.0
1777890588.6223323,0.0,-6.0,-62.0
1777890588.6323323,-2.0,-5.0,-67.0
1777890588.6423323,-1.0,-9.0,-75.0
1777890588.6523323,4.0,-12.0,-78.0
1777890588.6623323,8.0,-9.0,-79.0
1777890588.6723323,4.0,-10.0,-80.0
1777890588.6823325,1.0,-9.0,-79.0
1777890588.6923325,0.0,-7.0,-81.0
1777890588.7023325,0.0,-11.0,-74.0
1777890588.7123325,0.0,-8.0,-75.0
1777890588.7223325,4.0,-5.0,-69.0
1777890588.7323325,-2.0,-2.0,-64.0
1777890588.7423325,0.0,0.0,-71.0
1777890588.7523324,3.0,1.0,-69.0
1777890588.7623324,4.0,3.0,-67.0
1777890588.7723324,4.0,4.0,-69.0
1777890588.7823324,0.0,2.0,-75.0
1777890588.7923324,-6.0,0.0,-74.0
1777890588.8023324,0.0,-2.0,-72.0
1777890588.8123324,1.0,0.0,-68.0
1777890588.8223324,-2.0,-4.0,-70.0
1777890588.8323324,-6.0,-4.0,-71.0
1777890588.8423324,-5.0,-2.0,-68.0
1777890588.8523324,-2.0,0.0,-63.0
1777890588.8623323,1.0,0.0,-62.0
1777890588.8723323,1.0,-1.0,-64.0
1777890588.8823323,4.0,0.0,-75.0
1777890588.8923323,2.0,-2.0,-80.0
1777890588.9023323,-1.0,-2.0,-77.0
1777890588.9123323,-3.0,1.0,-74.0
1777890588.9223323,0.0,0.0,-68.0
1777890588.9323325,-6.0,-1.0,-66.0
1777890588.9423325,-6.0,-2.0,-65.0
1777890588.9523325,-6.0,-3.0,-69.0
1777890588.9623325,-1.0,-3.0,-75.0
1777890588.9723325,-1.0,-5.0,-70.0
1777890588.9823325,5.0,-5.0,-71.0
1777890588.9923325,4.0,-6.0,-72.0
1777890589.0023324,3.0,-4.0,-72.0
1777890589.0123324,2.0,-7.0,-71.0
1777890589.0223324,0.0,-5.0,-73.0
1777890589.0323324,2.0,-5.0,-77.0
1777890589.0423324,7.0,-8.0,-78.0
1777890589.0523324,8.0,-7.0,-75.0
1777890589.0623324,7.0,-4.0,-77.0
1777890589.0723324,5.0,-2.0,-73.0
1777890589.0823324,6.0,-3.0,-70.0
1777890589.0923324,6.0,-5.0,-70.0
1777890589.1023324,7.0,-5.0,-65.0
1777890589.1123323,3.0,-3.0,-76.0
1777890589.1223323,0.0,-8.0,-79.0
1777890589.1323323,4.0,-7.0,-78.0
1777890589.1423323,3.0,-2.0,-77.0
1777890589.1523323,1.0,2.0,-76.0
1777890589.1623323,1.0,3.0,-74.0
1777890589.1723323,0.0,0.0,-70.0
1777890589.1823325,0.0,1.0,-71.0
1777890589.1923325,3.0,2.0,-70.0
1777890589.2023325,2.0,2.0,-76.0
1777890589.2123325,5.0,0.0,-72.0
1777890589.2223325,2.0,-1.0,-66.0
1777890589.2323325,1.0,-1.0,-66.0
1777890589.2423325,-1.0,2.0,-66.0
1777890589.2523324,-1.0,0.0,-74.0
1777890589.2623324,0.0,-3.0,-79.0
1777890589.2723324,-2.0,-1.0,-74.0
1777890589.2823324,-7.0,-1.0,-74.0
1777890589.2923324,-4.0,0.0,-72.0
1777890589.3023324,0.0,2.0,-83.0
1777890589.3123324,0.0,1.0,-81.0
1777890589.3223324,3.0,-1.0,-81.0
1777890589.3323324,2.0,1.0,-76.0
1777890589.3423324,-1.0,-1.0,-72.0
1777890589.3523324,1.0,0.0,-79.0
1777890589.3623323,-1.0,-1.0,-74.0
1777890589.3723323,-1.0,0.0,-74.0
1777890589.3823323,4.0,1.0,-70.0
1777890589.3923323,3.0,1.0,-68.0
1777890589.4023323,3.0,1.0,-71.0
1777890589.4123323,4.0,-1.0,-72.0
1777890589.4223323,3.0,-1.0,-77.0
1777890589.4323325,0.0,-1.0,-76.0
1777890589.4423325,3.0,0.0,-70.0
1777890589.4523325,2.0,-2.0,-76.0
1777890589.4623325,0.0,-1.0,-73.0
1777890589.4723325,0.0,-1.0,-69.0
1777890589.4823325,2.0,0.0,-68.0
1777890589.4923325,4.0,0.0,-73.0
1777890589.5023324,0.0,4.0,-75.0
1777890589.5123324,-1.0,2.0,-78.0
1777890589.5223324,1.0,1.0,-74.0
1777890589.5323324,4.0,-1.0,-74.0
1777890589.5423324,0.0,0.0,-73.0
1777890589.5533323,0.0,0.0,-66.0
1777890589.5633323,-3.0,-1.0,-61.0
1777890589.5733323,-3.0,0.0,-63.0
1777890589.5833323,0.0,3.0,-67.0
1777890589.5933323,0.0,4.0,-70.0
1777890589.6033323,-4.0,1.0,-69.0
1777890589.6133325,0.0,-2.0,-69.0
1777890589.6233325,0.0,-5.0,-69.0
1777890589.6333325,2.0,-5.0,-68.0
1777890589.6433325,2.0,0.0,-70.0
1777890589.6533325,1.0,0.0,-67.0
1777890589.6633325,3.0,-3.0,-70.0
1777890589.6733325,2.0,-2.0,-68.0
1777890589.6833324,2.0,-4.0,-69.0
1777890589.6933324,3.0,-3.0,-75.0
1777890589.7033324,2.0,-4.0,-73.0
1777890589.7133324,0.0,-6.0,-71.0
1777890589.7233324,1.0,-4.0,-69.0
1777890589.7333324,4.0,0.0,-75.0
1777890589.7433324,6.0,1.0,-72.0
1777890589.7533324,3.0,0.0,-68.0
1777890589.7633324,0.0,0.0,-69.0
1777890589.7733324,-2.0,0.0,-73.0
1777890589.7833323,-2.0,-7.0,-71.0
1777890589.7933323,-3.0,-8.0,-68.0
1777890589.8033323,-1.0,-7.0,-74.0
1777890589.8133323,0.0,-4.0,-77.0
1777890589.8233323,1.0,0.0,-78.0
1777890589.8333323,0.0,-1.0,-78.0
1777890589.8433323,0.0,-4.0,-77.0
1777890589.8533323,-4.0,-5.0,-74.0
1777890589.8633325,-4.0,-4.0,-66.0
1777890589.8733325,-6.0,-2.0,-63.0
1777890589.8833325,-7.0,-2.0,-62.0
1777890589.8933325,-4.0,-6.0,-67.0
1777890589.9033325,-7.0,-10.0,-59.0
1777890589.9133325,-6.0,-10.0,-59.0
1777890589.9233325,-2.0,-8.0,-56.0
1777890589.9333324,-2.0,-6.0,-56.0
1777890589.9433324,1.0,-4.0,-57.0
1777890589.9533324,0.0,-3.0,-63.0
1777890589.9633324,-5.0,-6.0,-59.0
1777890589.9733324,-3.0,-5.0,-66.0
1777890589.9833324,0.0,-2.0,-67.0
1777890589.9933324,1.0,-1.0,-72.0
1777890590.0033324,1.0,-3.0,-75.0
1777890590.0133324,2.0,0.0,-77.0
1777890590.0233324,0.0,2.0,-75.0
1777890590.0333323,2.0,-2.0,-73.0
1777890590.0433323,3.0,0.0,-76.0
1777890590.0533323,0.0,-3.0,-81.0
1777890590.0633323,-3.0,-5.0,-74.0
1777890590.0733323,-2.0,-5.0,-73.0
1777890590.0833323,-3.0,-2.0,-71.0
1777890590.0933323,-1.0,-1.0,-66.0
1777890590.1033323,0.0,0.0,-62.0
1777890590.1133325,0.0,0.0,-65.0
1777890590.1233325,1.0,1.0,-69.0
1777890590.1333325,0.0,-2.0,-74.0
1777890590.1433325,0.0,0.0,-73.0
1777890590.1533325,-1.0,0.0,-78.0
1777890590.1633325,-5.0,2.0,-78.0
1777890590.1733325,-1.0,1.0,-80.0
1777890590.1833324,-3.0,3.0,-79.0
1777890590.1933324,-6.0,0.0,-72.0
1777890590.2033324,-6.0,1.0,-70.0
1777890590.2133324,-6.0,3.0,-69.0
1777890590.2233324,-4.0,3.0,-69.0
1777890590.2333324,-4.0,3.0,-69.0
1777890590.2433324,-4.0,1.0,-72.0
1777890590.2533324,-5.0,4.0,-70.0
1777890590.2633324,-4.0,2.0,-69.0
1777890590.2733324,0.0,3.0,-77.0
1777890590.2833323,0.0,-3.0,-76.0
1777890590.2933323,2.0,-2.0,-75.0
1777890590.3033323,2.0,1.0,-70.0
1777890590.3133323,0.0,2.0,-70.0
1777890590.3233323,-2.0,-6.0,-73.0
1777890590.3333323,0.0,-4.0,-67.0
1777890590.3433323,0.0,-6.0,-63.0
1777890590.3543324,0.0,-8.0,-64.0
1777890590.3633325,0.0,-8.0,-68.0
1777890590.3733325,0.0,-6.0,-64.0
1777890590.3833325,1.0,-2.0,-67.0
1777890590.3933325,0.0,-5.0,-69.0
1777890590.4033325,0.0,-5.0,-68.0
1777890590.4133325,-4.0,-4.0,-79.0
1777890590.4233325,-4.0,-1.0,-74.0
1777890590.4333324,-5.0,-5.0,-70.0
1777890590.4433324,-6.0,-8.0,-72.0
1777890590.4533324,-5.0,-10.0,-73.0
1777890590.4633324,-7.0,-11.0,-80.0
1777890590.4733324,-8.0,-16.0,-83.0
1777890590.4833324,-3.0,-16.0,-80.0
1777890590.4933324,-4.0,-15.0,-74.0
1777890590.5033324,-4.0,-13.0,-73.0
1777890590.5133324,-3.0,-8.0,-76.0
1777890590.5233324,-3.0,-5.0,-69.0
1777890590.5333323,0.0,0.0,-64.0
1777890590.5433323,2.0,0.0,-61.0
1777890590.5533323,1.0,-2.0,-60.0
1777890590.5633323,-3.0,-8.0,-65.0
1777890590.5733323,-4.0,-8.0,-62.0
1777890590.5833323,-1.0,-9.0,-60.0
1777890590.5933323,0.0,-11.0,-62.0
1777890590.6033323,5.0,-9.0,-65.0
1777890590.6133325,7.0,-10.0,-63.0
1777890590.6233325,4.0,-11.0,-69.0
1777890590.6333325,3.0,-10.0,-65.0
1777890590.6433325,-2.0,-8.0,-72.0
1777890590.6533325,-1.0,-10.0,-71.0
1777890590.6633325,-3.0,-8.0,-74.0
1777890590.6733325,-1.0,-4.0,-78.0
1777890590.6833324,0.0,-1.0,-70.0
1777890590.6933324,2.0,-5.0,-67.0
1777890590.7033324,2.0,-6.0,-72.0
1777890590.7133324,1.0,-8.0,-71.0
1777890590.7233324,1.0,-9.0,-72.0
1777890590.7333324,0.0,-3.0,-68.0
1777890590.7433324,-2.0,0.0,-69.0
1777890590.7533324,1.0,-1.0,-74.0
1777890590.7633324,2.0,-3.0,-77.0
1777890590.7733324,-1.0,-4.0,-77.0
1777890590.7833323,-2.0,-7.0,-76.0
1777890590.7933323,-4.0,-8.0,-76.0
1777890590.8033323,0.0,-7.0,-81.0
1777890590.8133323,1.0,-8.0,-75.0
1777890590.8233323,1.0,-7.0,-70.0
1777890590.8333323,1.0,-8.0,-67.0
1777890590.8433323,0.0,-7.0,-71.0
1777890590.8533323,3.0,-5.0,-75.0
1777890590.8633325,2.0,-4.0,-80.0
1777890590.8733325,1.0,-5.0,-83.0
1777890590.8833325,2.0,-2.0,-84.0
1777890590.8933325,4.0,-2.0,-80.0
1777890590.9033325,3.0,-4.0,-69.0
1777890590.9133325,3.0,-3.0,-69.0
1777890590.9233325,1.0,-5.0,-69.0
1777890590.9333324,7.0,-1.0,-70.0
1777890590.9433324,9.0,-1.0,-75.0
1777890590.9533324,9.0,-5.0,-75.0
1777890590.9633324,8.0,-2.0,-70.0
1777890590.9733324,8.0,-4.0,-72.0
1777890590.9833324,5.0,-5.0,-73.0
1777890590.9933324,0.0,-3.0,-67.0
1777890591.0033324,-2.0,-2.0,-69.0
1777890591.0133324,0.0,-8.0,-69.0
1777890591.0233324,-3.0,-1.0,-68.0
1777890591.0333323,1.0,-1.0,-67.0
1777890591.0433323,-1.0,-2.0,-66.0
1777890591.0533323,-2.0,-5.0,-71.0
1777890591.0633323,1.0,-3.0,-69.0
1777890591.0733323,0.0,-4.0,-67.0
1777890591.0833323,-2.0,-3.0,-64.0
1777890591.0933323,0.0,-6.0,-69.0
1777890591.1033323,2.0,-5.0,-70.0
1777890591.1133325,5.0,-2.0,-73.0
1777890591.1233325,10.0,-3.0,-72.0
1777890591.1333325,4.0,-5.0,-79.0
1777890591.1433325,2.0,-4.0,-78.0
1777890591.1533325,1.0,-3.0,-78.0
1777890591.1633325,1.0,-8.0,-71.0
1777890591.1733325,2.0,-9.0,-69.0
1777890591.1833324,5.0,-2.0,-66.0
1777890591.1933324,6.0,1.0,-62.0
1777890591.2033324,9.0,1.0,-65.0
1777890591.2133324,12.0,-2.0,-66.0
1777890591.2233324,9.0,-2.0,-64.0
1777890591.2333324,7.0,-5.0,-69.0
1777890591.2433324,1.0,-11.0,-72.0
1777890591.2533324,0.0,-9.0,-71.0
1777890591.2633324,0.0,-9.0,-76.0
1777890591.2733324,-4.0,-8.0,-78.0
1777890591.2833323,-6.0,-7.0,-84.0
1777890591.2933323,-3.0,-3.0,-81.0
1777890591.3033323,-1.0,-1.0,-77.0
1777890591.3133323,-1.0,1.0,-80.0
1777890591.3233323,-3.0,1.0,-78.0
1777890591.3333323,-5.0,-4.0,-73.0
1777890591.3433323,-6.0,-10.0,-70.0
1777890591.3533323,0.0,-10.0,-69.0
1777890591.3633325,-3.0,-8.0,-65.0
1777890591.3733325,0.0,-9.0,-63.0
1777890591.3833325,-4.0,-6.0,-72.0
1777890591.3933325,-1.0,-7.0,-71.0
1777890591.4033325,-4.0,-8.0,-73.0
1777890591.4133325,-1.0,-9.0,-67.0
1777890591.4233325,0.0,-4.0,-67.0
1777890591.4333324,0.0,0.0,-76.0
1777890591.4433324,-1.0,-1.0,-81.0
1777890591.4533324,-6.0,-2.0,-76.0
1777890591.4633324,-5.0,0.0,-70.0
1777890591.4733324,-4.0,0.0,-67.0
1777890591.4833324,-2.0,0.0,-75.0
1777890591.4933324,-1.0,-6.0,-78.0
1777890591.5043323,-5.0,-5.0,-70.0
1777890591.5143323,-7.0,1.0,-71.0
1777890591.5243323,-4.0,-1.0,-73.0
1777890591.5333323,0.0,-2.0,-80.0
1777890591.5443325,-1.0,-2.0,-75.0
1777890591.5543325,-4.0,-4.0,-75.0
1777890591.5643325,-3.0,-6.0,-75.0
1777890591.5743325,-2.0,-4.0,-70.0
1777890591.5843325,-3.0,-3.0,-71.0
1777890591.5943325,-2.0,1.0,-64.0
1777890591.6043324,-1.0,2.0,-62.0
1777890591.6143324,0.0,5.0,-60.0
1777890591.6243324,-2.0,2.0,-65.0
1777890591.6343324,-2.0,1.0,-57.0
1777890591.6443324,-8.0,1.0,-61.0
1777890591.6543324,-11.0,-1.0,-66.0
1777890591.6643324,-12.0,-3.0,-71.0
1777890591.6743324,-6.0,-2.0,-68.0
1777890591.6843324,-1.0,0.0,-71.0
1777890591.6943324,0.0,-1.0,-74.0
1777890591.7043324,0.0,2.0,-75.0
1777890591.7143323,3.0,-3.0,-71.0
1777890591.7243323,3.0,-2.0,-75.0
1777890591.7343323,5.0,-7.0,-72.0
1777890591.7443323,4.0,-4.0,-80.0
1777890591.7543323,9.0,0.0,-83.0
1777890591.7643323,6.0,0.0,-87.0
1777890591.7743323,4.0,-1.0,-79.0
1777890591.7843325,6.0,-5.0,-79.0
1777890591.7943325,5.0,-6.0,-74.0
1777890591.8043325,1.0,-5.0,-72.0
1777890591.8143325,1.0,-2.0,-71.0
1777890591.8243325,2.0,-5.0,-70.0
1777890591.8343325,-1.0,-3.0,-72.0
1777890591.8443325,-3.0,-1.0,-80.0
1777890591.8543324,-3.0,2.0,-80.0
1777890591.8643324,0.0,6.0,-75.0
1777890591.8743324,1.0,6.0,-70.0
1777890591.8843324,0.0,2.0,-64.0
1777890591.8943324,1.0,0.0,-67.0
1777890591.9043324,3.0,0.0,-64.0
1777890591.9143324,0.0,5.0,-68.0
1777890591.9243324,-2.0,3.0,-71.0
1777890591.9343324,0.0,0.0,-67.0
1777890591.9443324,1.0,-3.0,-71.0
1777890591.9543324,1.0,-2.0,-67.0
1777890591.9643323,0.0,-3.0,-64.0
1777890591.9743323,0.0,0.0,-57.0
1777890591.9843323,4.0,0.0,-61.0
1777890591.9943323,8.0,-2.0,-64.0
1777890592.0043323,5.0,-4.0,-65.0
1777890592.0143323,0.0,-3.0,-70.0
1777890592.0243323,-1.0,-6.0,-73.0
1777890592.0343325,-4.0,-5.0,-73.0
1777890592.0443325,1.0,-5.0,-72.0
1777890592.0543325,2.0,-4.0,-70.0
1777890592.0643325,0.0,-1.0,-73.0
1777890592.0743325,0.0,1.0,-69.0
1777890592.0843325,-2.0,6.0,-75.0
1777890592.0943325,0.0,6.0,-71.0
1777890592.1043324,4.0,6.0,-73.0
1777890592.1143324,3.0,2.0,-72.0
1777890592.1243324,4.0,0.0,-70.0
1777890592.1343324,0.0,5.0,-64.0
1777890592.1443324,3.0,3.0,-67.0
1777890592.1543324,6.0,2.0,-66.0
1777890592.1643324,2.0,0.0,-69.0
1777890592.1743324,3.0,-1.0,-65.0
1777890592.1843324,1.0,-3.0,-62.0
1777890592.1943324,-2.0,-7.0,-57.0
1777890592.2043324,6.0,-7.0,-58.0
1777890592.2143323,10.0,-3.0,-63.0
1777890592.2243323,6.0,1.0,-60.0
1777890592.2343323,6.0,2.0,-61.0
1777890592.2443323,3.0,0.0,-54.0
1777890592.2543323,7.0,-1.0,-67.0
1777890592.2643323,7.0,0.0,-72.0
1777890592.2743323,2.0,1.0,-72.0
1777890592.2843325,-2.0,0.0,-73.0
1777890592.2943325,1.0,0.0,-77.0
1777890592.3043325,4.0,-2.0,-82.0
1777890592.3143325,6.0,0.0,-80.0
1777890592.3243325,7.0,0.0,-85.0
1777890592.3343325,6.0,-2.0,-88.0
1777890592.3443325,3.0,-3.0,-85.0
1777890592.3543324,5.0,-2.0,-79.0
1777890592.3643324,5.0,1.0,-79.0
1777890592.3743324,4.0,0.0,-73.0
1777890592.3843324,3.0,0.0,-74.0
1777890592.3943324,6.0,0.0,-81.0
1777890592.4043324,6.0,-2.0,-83.0
1777890592.4143324,6.0,0.0,-81.0
1777890592.4243324,9.0,1.0,-87.0
1777890592.4343324,8.0,2.0,-84.0
1777890592.4443324,6.0,0.0,-80.0
1777890592.4543324,3.0,1.0,-80.0
1777890592.4643323,4.0,0.0,-75.0
1777890592.4743323,3.0,0.0,-79.0
1777890592.4843323,2.0,0.0,-74.0
1777890592.4943323,0.0,-2.0,-72.0
1777890592.5043323,-1.0,-2.0,-69.0
1777890592.5143323,-2.0,0.0,-74.0
1777890592.5243323,-5.0,-3.0,-70.0
1777890592.5343325,-2.0,-6.0,-68.0
1777890592.5443325,0.0,-7.0,-66.0
1777890592.5543325,-1.0,-4.0,-68.0
1777890592.5643325,-4.0,-4.0,-72.0
1777890592.5743325,-4.0,-1.0,-69.0
1777890592.5843325,-4.0,0.0,-70.0
1777890592.5943325,-2.0,0.0,-67.0
1777890592.6043324,0.0,1.0,-72.0
1777890592.6143324,-1.0,4.0,-77.0
1777890592.6243324,-1.0,2.0,-83.0
1777890592.6343324,-2.0,0.0,-86.0
1777890592.6443324,0.0,-2.0,-83.0
1777890592.6543324,0.0,-5.0,-85.0
1777890592.6643324,0.0,-2.0,-88.0
1777890592.6743324,-3.0,-3.0,-92.0
1777890592.6843324,-5.0,-4.0,-83.0
1777890592.6943324,-3.0,-3.0,-83.0
1777890592.7043324,2.0,-2.0,-81.0
1777890592.7143323,1.0,-2.0,-76.0
1777890592.7243323,2.0,-4.0,-73.0
1777890592.7343323,2.0,-7.0,-77.0
1777890592.7443323,3.0,-9.0,-78.0
1777890592.7543323,7.0,-4.0,-84.0
1777890592.7643323,7.0,-4.0,-84.0
1777890592.7743323,8.0,-4.0,-77.0
1777890592.7843325,6.0,1.0,-81.0
1777890592.7943325,0.0,2.0,-78.0
1777890592.8043325,-1.0,0.0,-79.0
1777890592.8143325,-1.0,0.0,-84.0
1777890592.8243325,-5.0,4.0,-83.0
1777890592.8343325,0.0,6.0,-85.0
1777890592.8443325,-4.0,5.0,-85.0
1777890592.8543324,-4.0,4.0,-83.0
1777890592.8643324,-3.0,0.0,-82.0
1777890592.8743324,0.0,-1.0,-83.0
1777890592.8843324,3.0,0.0,-83.0
1777890592.8943324,3.0,-2.0,-73.0
1777890592.9043324,6.0,-1.0,-75.0
1777890592.9143324,5.0,-1.0,-71.0
1777890592.9243324,4.0,0.0,-70.0
1777890592.9343324,0.0,-3.0,-71.0
1777890592.9443324,2.0,-2.0,-76.0
1777890592.9543324,2.0,-1.0,-78.0
1777890592.9643323,0.0,-3.0,-75.0
1777890592.9743323,2.0,0.0,-71.0
1777890592.9843323,6.0,2.0,-74.0
1777890592.9943323,3.0,1.0,-69.0
1777890593.0043323,4.0,-3.0,-63.0
1777890593.0143323,4.0,-1.0,-69.0
1777890593.0243323,1.0,2.0,-63.0
1777890593.0343325,0.0,-3.0,-63.0
1777890593.0443325,1.0,-3.0,-75.0
1777890593.0543325,0.0,-2.0,-62.0
1777890593.0643325,-1.0,-3.0,-59.0
1777890593.0743325,-2.0,0.0,-62.0
1777890593.0843325,1.0,0.0,-66.0
1777890593.0943325,3.0,0.0,-72.0
1777890593.1043324,4.0,-1.0,-72.0
1777890593.1143324,2.0,-1.0,-72.0
1777890593.1243324,1.0,0.0,-73.0
1777890593.1343324,0.0,4.0,-73.0
1777890593.1443324,-2.0,6.0,-74.0
1777890593.1543324,-1.0,4.0,-75.0
1777890593.1643324,2.0,0.0,-77.0
1777890593.1743324,3.0,0.0,-74.0
1777890593.1843324,0.0,-1.0,-74.0
1777890593.1943324,3.0,0.0,-70.0
1777890593.2043324,2.0,2.0,-69.0
1777890593.2143323,1.0,-1.0,-72.0
1777890593.2243323,-1.0,-4.0,-75.0
1777890593.2343323,0.0,-3.0,-77.0
1777890593.2443323,0.0,-7.0,-78.0
1777890593.2543323,1.0,-7.0,-78.0
1777890593.2643323,5.0,-6.0,-82.0
1777890593.2743323,8.0,-5.0,-80.0
1777890593.2843325,6.0,0.0,-85.0
1777890593.2943325,6.0,0.0,-87.0
1777890593.3043325,6.0,-1.0,-79.0
1777890593.3143325,1.0,1.0,-71.0
1777890593.3243325,0.0,1.0,-76.0
1777890593.3343325,0.0,2.0,-72.0
1777890593.3443325,-6.0,3.0,-66.0
1777890593.3543324,-6.0,4.0,-63.0
1777890593.3643324,-7.0,0.0,-66.0
1777890593.3743324,-6.0,2.0,-62.0
1777890593.3843324,-10.0,5.0,-70.0
1777890593.3943324,-7.0,3.0,-72.0
1777890593.4043324,-5.0,4.0,-72.0
1777890593.4143324,-5.0,4.0,-70.0
1777890593.4243324,-4.0,4.0,-74.0
1777890593.4343324,-2.0,3.0,-78.0
1777890593.4443324,0.0,3.0,-71.0
1777890593.4543324,0.0,5.0,-68.0
1777890593.4643323,-1.0,5.0,-72.0
1777890593.4743323,-2.0,3.0,-80.0
1777890593.4843323,-1.0,2.0,-76.0
1777890593.4943323,0.0,3.0,-67.0
1777890593.5053325,-2.0,6.0,-68.0
1777890593.5153325,-3.0,5.0,-63.0
1777890593.5243323,-4.0,-1.0,-67.0
1777890593.5343325,-7.0,-7.0,-70.0
1777890593.5453324,-11.0,-10.0,-71.0
1777890593.5553324,-6.0,-6.0,-75.0
1777890593.5653324,-3.0,-2.0,-70.0
1777890593.5753324,-1.0,-4.0,-69.0
1777890593.5853324,1.0,0.0,-70.0
1777890593.5953324,4.0,3.0,-69.0
1777890593.6053324,7.0,6.0,-70.0
1777890593.6153324,7.0,5.0,-71.0
1777890593.6253324,8.0,3.0,-73.0
1777890593.6353323,4.0,2.0,-74.0
1777890593.6453323,10.0,0.0,-81.0
1777890593.6553323,11.0,5.0,-78.0
1777890593.6653323,6.0,2.0,-80.0
1777890593.6753323,1.0,0.0,-76.0
1777890593.6853323,0.0,2.0,-75.0
1777890593.6953323,3.0,-1.0,-75.0
1777890593.7053325,2.0,-2.0,-69.0
1777890593.7153325,0.0,-2.0,-75.0
1777890593.7253325,1.0,-3.0,-73.0
1777890593.7353325,0.0,-4.0,-70.0
1777890593.7453325,3.0,-5.0,-63.0
1777890593.7553325,0.0,-3.0,-63.0
1777890593.7653325,0.0,-4.0,-66.0
1777890593.7753325,-1.0,-3.0,-70.0
1777890593.7853324,0.0,1.0,-73.0
1777890593.7953324,5.0,2.0,-71.0
1777890593.8053324,0.0,3.0,-79.0
1777890593.8153324,-1.0,3.0,-79.0
1777890593.8253324,-2.0,0.0,-74.0
1777890593.8353324,0.0,-4.0,-71.0
1777890593.8453324,0.0,-2.0,-76.0
1777890593.8553324,-1.0,-8.0,-82.0
1777890593.8653324,2.0,-3.0,-90.0
1777890593.8753324,1.0,2.0,-91.0
1777890593.8853323,3.0,2.0,-92.0
1777890593.8953323,6.0,3.0,-83.0
1777890593.9053323,7.0,-1.0,-76.0
1777890593.9153323,9.0,3.0,-73.0
1777890593.9253323,6.0,-3.0,-73.0
1777890593.9353323,1.0,0.0,-78.0
1777890593.9453323,4.0,-1.0,-77.0
1777890593.9553325,1.0,-1.0,-72.0
1777890593.9653325,-2.0,-2.0,-75.0
1777890593.9753325,-2.0,0.0,-84.0
1777890593.9853325,-1.0,0.0,-91.0
1777890593.9953325,1.0,-1.0,-90.0
1777890594.0053325,3.0,0.0,-86.0
1777890594.0153325,0.0,-3.0,-84.0
1777890594.0253325,-4.0,-6.0,-79.0
1777890594.0353324,-5.0,-2.0,-81.0
1777890594.0453324,-5.0,-2.0,-74.0
1777890594.0553324,-6.0,-1.0,-75.0
1777890594.0653324,-8.0,-5.0,-76.0
1777890594.0753324,-7.0,-2.0,-72.0
1777890594.0853324,-2.0,-3.0,-70.0
1777890594.0953324,2.0,-2.0,-69.0
1777890594.1053324,2.0,-8.0,-74.0
1777890594.1153324,6.0,-4.0,-79.0
1777890594.1253324,5.0,0.0,-74.0
1777890594.1353323,8.0,3.0,-71.0
1777890594.1453323,5.0,1.0,-80.0
1777890594.1553323,7.0,-3.0,-81.0
1777890594.1653323,0.0,-8.0,-73.0
1777890594.1753323,0.0,-8.0,-74.0
1777890594.1853323,0.0,-5.0,-71.0
1777890594.1953323,-3.0,-3.0,-66.0
1777890594.2053325,-2.0,-1.0,-69.0
1777890594.2153325,-3.0,-2.0,-71.0
1777890594.2253325,3.0,-7.0,-64.0
1777890594.2353325,3.0,0.0,-70.0
1777890594.2453325,1.0,1.0,-70.0
1777890594.2553325,4.0,-1.0,-74.0
1777890594.2653325,0.0,-2.0,-72.0
1777890594.2753325,-2.0,1.0,-78.0
1777890594.2853324,-4.0,1.0,-76.0
1777890594.2953324,0.0,0.0,-80.0
1777890594.3053324,0.0,0.0,-87.0
1777890594.3153324,5.0,-2.0,-85.0
1777890594.3253324,4.0,-3.0,-83.0
1777890594.3353324,6.0,-2.0,-78.0
1777890594.3453324,4.0,2.0,-77.0
1777890594.3553324,9.0,1.0,-75.0
1777890594.3653324,8.0,2.0,-85.0
1777890594.3753324,8.0,1.0,-80.0
1777890594.3853323,5.0,3.0,-79.0
1777890594.3953323,4.0,3.0,-79.0
1777890594.4053323,-1.0,1.0,-82.0
1777890594.4153323,0.0,0.0,-80.0
1777890594.4253323,0.0,2.0,-77.0
1777890594.4353323,5.0,5.0,-76.0
1777890594.4453323,5.0,7.0,-76.0
1777890594.4553325,5.0,4.0,-79.0
1777890594.4653325,5.0,0.0,-85.0
1777890594.4753325,9.0,-5.0,-94.0
1777890594.4853325,6.0,-2.0,-95.0
1777890594.4953325,5.0,0.0,-89.0
1777890594.5053325,1.0,0.0,-83.0
1777890594.5153325,0.0,0.0,-80.0
1777890594.5253325,-2.0,3.0,-73.0
1777890594.5353324,-1.0,0.0,-80.0
1777890594.5453324,0.0,-1.0,-74.0
1777890594.5553324,1.0,-4.0,-65.0
1777890594.5653324,2.0,-4.0,-67.0
1777890594.5753324,-1.0,-1.0,-67.0
1777890594.5853324,-4.0,1.0,-69.0
1777890594.5953324,-4.0,7.0,-66.0
1777890594.6053324,-8.0,5.0,-72.0
1777890594.6153324,-4.0,0.0,-76.0
1777890594.6253324,0.0,0.0,-79.0
1777890594.6353323,0.0,-5.0,-78.0
1777890594.6453323,0.0,-3.0,-77.0
1777890594.6553323,0.0,-1.0,-74.0
1777890594.6653323,0.0,-2.0,-70.0
1777890594.6753323,-6.0,-2.0,-67.0
1777890594.6853323,-5.0,-4.0,-70.0
1777890594.6953323,-2.0,-1.0,-77.0
1777890594.7053325,-6.0,-2.0,-80.0
1777890594.7153325,-2.0,0.0,-81.0
1777890594.7253325,1.0,-5.0,-79.0
1777890594.7353325,5.0,0.0,-78.0
1777890594.7453325,0.0,-1.0,-83.0
1777890594.7553325,3.0,-1.0,-85.0
1777890594.7653325,0.0,0.0,-84.0
1777890594.7753325,0.0,0.0,-85.0
1777890594.7853324,0.0,0.0,-83.0
1777890594.7953324,4.0,-2.0,-86.0
1777890594.8053324,3.0,0.0,-81.0
1777890594.8153324,-1.0,-5.0,-78.0
1777890594.8253324,0.0,-3.0,-78.0
1777890594.8353324,1.0,-3.0,-81.0
1777890594.8453324,0.0,-4.0,-77.0
1777890594.8553324,1.0,-2.0,-82.0
1777890594.8653324,0.0,1.0,-75.0
1777890594.8753324,-1.0,2.0,-72.0
1777890594.8853323,0.0,0.0,-67.0
1777890594.8953323,2.0,-2.0,-69.0
1777890594.9053323,0.0,0.0,-75.0
1777890594.9153323,0.0,2.0,-69.0
1777890594.9253323,-2.0,0.0,-72.0
1777890594.9353323,-4.0,1.0,-62.0
1777890594.9453323,-6.0,6.0,-62.0
1777890594.9553325,-6.0,5.0,-64.0
1777890594.9653325,-6.0,4.0,-65.0
1777890594.9753325,-2.0,2.0,-71.0
1777890594.9853325,0.0,2.0,-68.0
1777890594.9953325,0.0,2.0,-60.0
1777890595.0053325,-3.0,4.0,-63.0
1777890595.0153325,-3.0,4.0,-61.0
1777890595.0253325,-1.0,3.0,-66.0
1777890595.0353324,-3.0,5.0,-66.0
1777890595.0453324,0.0,0.0,-73.0
1777890595.0553324,-2.0,-3.0,-78.0
1777890595.0653324,1.0,-4.0,-77.0
1777890595.0753324,0.0,-3.0,-81.0
1777890595.0853324,2.0,-7.0,-83.0
1777890595.0953324,2.0,-8.0,-85.0
1777890595.1053324,0.0,-1.0,-86.0
1777890595.1153324,-5.0,-5.0,-79.0
1777890595.1253324,-6.0,-3.0,-83.0
1777890595.1353323,-7.0,-5.0,-81.0
1777890595.1453323,-4.0,-9.0,-76.0
1777890595.1553323,1.0,-7.0,-69.0
1777890595.1653323,0.0,-3.0,-77.0
1777890595.1753323,2.0,-4.0,-77.0
1777890595.1853323,0.0,1.0,-78.0
1777890595.1953323,-4.0,3.0,-80.0
1777890595.2053325,-4.0,2.0,-72.0
1777890595.2153325,0.0,2.0,-68.0
1777890595.2253325,0.0,3.0,-69.0
1777890595.2353325,-2.0,2.0,-82.0
1777890595.2453325,-1.0,0.0,-82.0
1777890595.2553325,0.0,0.0,-77.0
1777890595.2653325,1.0,0.0,-78.0
1777890595.2753325,1.0,-4.0,-76.0
1777890595.2853324,4.0,-2.0,-81.0
1777890595.2953324,7.0,-3.0,-85.0
1777890595.3053324,4.0,1.0,-73.0
1777890595.3153324,4.0,0.0,-70.0
1777890595.3253324,3.0,5.0,-75.0
1777890595.3353324,0.0,3.0,-70.0
1777890595.3453324,0.0,4.0,-71.0
1777890595.3553324,-3.0,1.0,-71.0
1777890595.3653324,0.0,4.0,-75.0
1777890595.3753324,-2.0,4.0,-73.0
1777890595.3853323,-1.0,2.0,-67.0
1777890595.3953323,2.0,2.0,-74.0
1777890595.4053323,-2.0,5.0,-75.0
1777890595.4153323,-2.0,7.0,-75.0
1777890595.4253323,-3.0,9.0,-77.0
1777890595.4353323,-3.0,10.0,-71.0
1777890595.4453323,0.0,9.0,-67.0
1777890595.4553325,0.0,8.0,-73.0
1777890595.4653325,3.0,2.0,-74.0
1777890595.4753325,2.0,0.0,-74.0
1777890595.4863324,0.0,0.0,-73.0
1777890595.4963324,0.0,0.0,-74.0
1777890595.5063324,0.0,0.0,-70.0
1777890595.5163324,-1.0,3.0,-72.0
1777890595.5263324,-5.0,3.0,-75.0
1777890595.5363324,-4.0,3.0,-71.0
1777890595.5463324,-5.0,5.0,-72.0
1777890595.5563323,-1.0,4.0,-74.0
1777890595.5663323,-5.0,1.0,-68.0
1777890595.5763323,-2.0,-3.0,-70.0
1777890595.5863323,-3.0,-6.0,-70.0
1777890595.5963323,-3.0,-4.0,-79.0
1777890595.6063323,0.0,-5.0,-77.0
1777890595.6163323,1.0,-6.0,-85.0
1777890595.6263323,6.0,-3.0,-78.0
1777890595.6363325,5.0,-1.0,-71.0
1777890595.6463325,3.0,-2.0,-75.0
1777890595.6563325,2.0,0.0,-79.0
1777890595.6663325,1.0,-2.0,-78.0
1777890595.6763325,-4.0,4.0,-79.0
1777890595.6863325,-1.0,5.0,-76.0
1777890595.6963325,-2.0,8.0,-77.0
1777890595.7063324,0.0,5.0,-73.0
1777890595.7163324,4.0,4.0,-67.0
1777890595.7263324,6.0,3.0,-67.0
1777890595.7363324,7.0,0.0,-63.0
1777890595.7463324,7.0,-1.0,-60.0
1777890595.7563324,10.0,-2.0,-62.0
1777890595.7663324,3.0,-2.0,-66.0
1777890595.7763324,3.0,0.0,-76.0
1777890595.7863324,7.0,3.0,-74.0
1777890595.7963324,5.0,2.0,-71.0
1777890595.8063323,8.0,3.0,-70.0
1777890595.8163323,6.0,2.0,-68.0
1777890595.8263323,3.0,2.0,-70.0
1777890595.8363323,3.0,2.0,-73.0
1777890595.8463323,1.0,0.0,-71.0
1777890595.8563323,3.0,-1.0,-73.0
1777890595.8663323,3.0,-1.0,-74.0
1777890595.8763323,1.0,-1.0,-78.0
1777890595.8863325,1.0,-4.0,-85.0
1777890595.8963325,0.0,-6.0,-85.0
1777890595.9063325,-2.0,-6.0,-90.0
1777890595.9163325,-4.0,-5.0,-82.0
1777890595.9263325,-7.0,-4.0,-79.0
1777890595.9363325,-2.0,-2.0,-77.0
1777890595.9463325,-1.0,-5.0,-76.0
1777890595.9563324,0.0,-3.0,-77.0
1777890595.9663324,2.0,-1.0,-72.0
1777890595.9763324,3.0,0.0,-68.0
1777890595.9863324,3.0,-1.0,-71.0
1777890595.9963324,4.0,-2.0,-70.0
1777890596.0063324,9.0,-3.0,-68.0
1777890596.0163324,6.0,-4.0,-75.0
1777890596.0263324,3.0,-2.0,-69.0
1777890596.0363324,3.0,-3.0,-71.0
1777890596.0463324,6.0,0.0,-67.0
1777890596.0563323,10.0,1.0,-71.0
1777890596.0663323,7.0,0.0,-82.0
1777890596.0763323,2.0,-4.0,-85.0
1777890596.0863323,0.0,0.0,-84.0
1777890596.0963323,0.0,0.0,-85.0
1777890596.1063323,-1.0,-1.0,-80.0
1777890596.1163323,0.0,0.0,-75.0
1777890596.1263323,6.0,1.0,-77.0
1777890596.1363325,9.0,3.0,-77.0
1777890596.1463325,8.0,2.0,-77.0
1777890596.1563325,5.0,0.0,-79.0
1777890596.1663325,6.0,-3.0,-80.0
1777890596.1763325,4.0,-2.0,-78.0
1777890596.1863325,2.0,-4.0,-77.0
1777890596.1963325,-1.0,-2.0,-67.0
1777890596.2063324,-4.0,-2.0,-69.0
1777890596.2163324,-4.0,-1.0,-69.0
1777890596.2263324,0.0,-1.0,-76.0
1777890596.2363324,1.0,0.0,-78.0
1777890596.2463324,1.0,-3.0,-81.0
1777890596.2563324,-1.0,0.0,-76.0
1777890596.2663324,0.0,0.0,-81.0
1777890596.2763324,-1.0,1.0,-89.0
1777890596.2863324,-1.0,4.0,-89.0
1777890596.2963324,3.0,3.0,-86.0
1777890596.3063323,2.0,0.0,-84.0
1777890596.3163323,0.0,1.0,-77.0
1777890596.3263323,3.0,0.0,-74.0
1777890596.3363323,5.0,1.0,-69.0
1777890596.3463323,0.0,0.0,-66.0
1777890596.3563323,1.0,5.0,-63.0
1777890596.3663323,-1.0,6.0,-61.0
1777890596.3763323,-1.0,6.0,-63.0
1777890596.3863325,-1.0,3.0,-66.0
1777890596.3963325,-1.0,3.0,-68.0
1777890596.4063325,-4.0,4.0,-74.0
1777890596.4163325,0.0,5.0,-78.0
1777890596.4263325,-6.0,3.0,-76.0
1777890596.4363325,-6.0,-1.0,-75.0
1777890596.4463325,-7.0,-6.0,-74.0
1777890596.4563324,-5.0,0.0,-74.0
1777890596.4663324,-4.0,0.0,-75.0
1777890596.4763324,-3.0,1.0,-78.0
1777890596.4863324,-2.0,0.0,-76.0
1777890596.4963324,-1.0,0.0,-75.0
1777890596.5063324,0.0,0.0,-69.0
1777890596.5163324,0.0,0.0,-70.0
1777890596.5263324,0.0,-1.0,-77.0
1777890596.5363324,-5.0,-1.0,-80.0
1777890596.5463324,-4.0,-1.0,-78.0
1777890596.5563323,-1.0,-2.0,-80.0
1777890596.5663323,-4.0,0.0,-75.0
1777890596.5763323,-5.0,-1.0,-77.0
1777890596.5863323,-6.0,1.0,-77.0
1777890596.5963323,-10.0,5.0,-68.0
1777890596.6063323,-9.0,9.0,-70.0
1777890596.6163323,-5.0,9.0,-70.0
1777890596.6263323,-8.0,9.0,-79.0
1777890596.6363325,-8.0,8.0,-78.0
1777890596.6463325,-7.0,7.0,-73.0
1777890596.6563325,-4.0,8.0,-76.0
1777890596.6663325,-4.0,9.0,-77.0
1777890596.6763325,-2.0,8.0,-71.0
1777890596.6863325,-1.0,2.0,-72.0
1777890596.6963325,-2.0,2.0,-64.0
1777890596.7063324,-4.0,0.0,-63.0
1777890596.7163324,0.0,-2.0,-64.0
1777890596.7263324,0.0,-2.0,-61.0
1777890596.7363324,0.0,-2.0,-65.0
1777890596.7463324,2.0,-2.0,-66.0
1777890596.7563324,0.0,-4.0,-69.0
1777890596.7663324,-1.0,-4.0,-70.0
1777890596.7763324,-3.0,0.0,-69.0
1777890596.7863324,-1.0,0.0,-71.0
1777890596.7963324,0.0,0.0,-74.0
1777890596.8063323,-3.0,0.0,-68.0
1777890596.8163323,1.0,2.0,-67.0
1777890596.8263323,4.0,0.0,-66.0
1777890596.8363323,0.0,0.0,-69.0
1777890596.8463323,1.0,-4.0,-74.0
1777890596.8563323,0.0,-5.0,-77.0
1777890596.8663323,1.0,-5.0,-77.0
1777890596.8763323,0.0,-5.0,-70.0
1777890596.8863325,-2.0,-7.0,-68.0
1777890596.8963325,-4.0,-4.0,-71.0
1777890596.9063325,-3.0,-4.0,-76.0
1777890596.9163325,0.0,-4.0,-78.0
1777890596.9263325,0.0,-2.0,-78.0
1777890596.9363325,-3.0,-2.0,-78.0
1777890596.9463325,-2.0,0.0,-78.0
1777890596.9563324,-3.0,0.0,-78.0
1777890596.9663324,-3.0,0.0,-83.0
1777890596.9763324,-4.0,-3.0,-81.0
1777890596.9863324,-3.0,0.0,-80.0
1777890596.9963324,-7.0,0.0,-75.0
1777890597.0063324,-11.0,0.0,-81.0
1777890597.0163324,-8.0,2.0,-78.0
1777890597.0263324,-6.0,1.0,-73.0
1777890597.0363324,1.0,-3.0,-73.0
1777890597.0463324,0.0,0.0,-70.0
1777890597.0563323,1.0,0.0,-69.0
1777890597.0663323,5.0,1.0,-67.0
1777890597.0763323,4.0,1.0,-68.0
1777890597.0863323,4.0,-4.0,-55.0
1777890597.0963323,4.0,-2.0,-59.0
1777890597.1063323,5.0,0.0,-59.0
1777890597.1163323,7.0,0.0,-64.0
1777890597.1263323,7.0,4.0,-69.0
1777890597.1363325,5.0,4.0,-68.0
1777890597.1463325,3.0,6.0,-67.0
1777890597.1563325,2.0,1.0,-70.0
1777890597.1663325,2.0,2.0,-74.0
1777890597.1763325,4.0,1.0,-75.0
1777890597.1863325,0.0,-2.0,-73.0
1777890597.1963325,-4.0,-3.0,-70.0
1777890597.2063324,2.0,-4.0,-73.0
1777890597.2163324,0.0,-7.0,-77.0
1777890597.2263324,0.0,-5.0,-69.0
1777890597.2363324,1.0,-6.0,-73.0
1777890597.2463324,0.0,-3.0,-73.0
1777890597.2563324,0.0,-4.0,-69.0
1777890597.2663324,5.0,-4.0,-65.0
1777890597.2763324,6.0,-1.0,-61.0
1777890597.2863324,4.0,2.0,-67.0
1777890597.2963324,5.0,0.0,-68.0
1777890597.3063323,1.0,-1.0,-72.0
1777890597.3163323,3.0,-4.0,-69.0
1777890597.3263323,8.0,-1.0,-66.0
1777890597.3363323,4.0,1.0,-69.0
1777890597.3463323,4.0,0.0,-74.0
1777890597.3563323,4.0,-1.0,-72.0
1777890597.3663323,5.0,1.0,-70.0
1777890597.3763323,8.0,2.0,-71.0
1777890597.3863325,7.0,2.0,-76.0
1777890597.3963325,6.0,1.0,-72.0
1777890597.4063325,0.0,4.0,-77.0
1777890597.4163325,1.0,8.0,-82.0
1777890597.4263325,0.0,3.0,-83.0
1777890597.4363325,0.0,0.0,-82.0
1777890597.4463325,-2.0,1.0,-86.0
1777890597.4563324,-1.0,0.0,-78.0
1777890597.4663324,-9.0,-7.0,-78.0
1777890597.4773324,-3.0,-6.0,-76.0
1777890597.4873323,-3.0,-5.0,-78.0
1777890597.4973323,0.0,-3.0,-77.0
1777890597.5073323,-3.0,-2.0,-72.0
1777890597.5173323,-6.0,-4.0,-67.0
1777890597.5273323,-3.0,-3.0,-65.0
1777890597.5373323,0.0,-5.0,-64.0
1777890597.5473323,0.0,-6.0,-62.0
1777890597.5573325,0.0,-6.0,-63.0
1777890597.5673325,0.0,-2.0,-64.0
1777890597.5773325,-2.0,-4.0,-70.0
1777890597.5873325,-4.0,-8.0,-69.0
1777890597.5973325,-2.0,-8.0,-64.0
1777890597.6073325,-3.0,0.0,-68.0
1777890597.6173325,-3.0,0.0,-66.0
1777890597.6273324,-2.0,-1.0,-70.0
1777890597.6373324,0.0,-2.0,-73.0
1777890597.6473324,0.0,0.0,-68.0
1777890597.6573324,0.0,-1.0,-64.0
1777890597.6673324,-3.0,0.0,-68.0
1777890597.6773324,-2.0,-4.0,-74.0
1777890597.6873324,-1.0,-4.0,-78.0
1777890597.6973324,-3.0,-1.0,-75.0
1777890597.7073324,-6.0,2.0,-77.0
1777890597.7173324,-5.0,5.0,-78.0
1777890597.7273324,-4.0,2.0,-75.0
1777890597.7373323,-5.0,3.0,-67.0
1777890597.7473323,0.0,7.0,-61.0
1777890597.7573323,0.0,6.0,-66.0
1777890597.7673323,-2.0,5.0,-72.0
1777890597.7773323,2.0,4.0,-78.0
1777890597.7873323,3.0,3.0,-75.0
1777890597.7973323,4.0,4.0,-72.0
1777890597.8073325,0.0,-1.0,-72.0
1777890597.8173325,2.0,0.0,-73.0
1777890597.8273325,4.0,0.0,-76.0
1777890597.8373325,6.0,2.0,-77.0
1777890597.8473325,4.0,7.0,-77.0
1777890597.8573325,-1.0,0.0,-79.0
1777890597.8673325,0.0,-3.0,-77.0
1777890597.8773324,1.0,-4.0,-79.0
1777890597.8873324,1.0,-5.0,-85.0
1777890597.8973324,2.0,-5.0,-81.0
1777890597.9073324,-1.0,-3.0,-75.0
1777890597.9173324,-3.0,0.0,-73.0
1777890597.9273324,-5.0,-2.0,-74.0
1777890597.9373324,-7.0,-3.0,-75.0
1777890597.9473324,-9.0,0.0,-73.0
1777890597.9573324,-6.0,0.0,-75.0
1777890597.9673324,-2.0,1.0,-80.0
1777890597.9773324,0.0,0.0,-75.0
1777890597.9873323,3.0,3.0,-72.0
1777890597.9973323,2.0,0.0,-77.0
1777890598.0073323,1.0,-3.0,-84.0
1777890598.0173323,0.0,-4.0,-84.0
1777890598.0273323,3.0,-3.0,-77.0
1777890598.0373323,8.0,0.0,-71.0
1777890598.0473323,4.0,1.0,-75.0
1777890598.0573325,3.0,3.0,-69.0
1777890598.0673325,0.0,6.0,-72.0
1777890598.0773325,8.0,4.0,-74.0
1777890598.0873325,6.0,5.0,-75.0
1777890598.0973325,0.0,0.0,-81.0
1777890598.1073325,4.0,-3.0,-75.0
1777890598.1173325,5.0,-3.0,-69.0
1777890598.1273324,4.0,0.0,-66.0
1777890598.1373324,6.0,3.0,-74.0
1777890598.1473324,6.0,1.0,-82.0
1777890598.1573324,0.0,-3.0,-84.0
1777890598.1673324,3.0,0.0,-76.0
1777890598.1773324,2.0,3.0,-73.0
1777890598.1873324,-1.0,3.0,-77.0
1777890598.1973324,-2.0,10.0,-77.0
1777890598.2073324,0.0,8.0,-78.0
1777890598.2173324,1.0,7.0,-78.0
1777890598.2273324,0.0,3.0,-82.0
1777890598.2373323,2.0,-1.0,-82.0
1777890598.2473323,2.0,0.0,-83.0
1777890598.2573323,7.0,2.0,-77.0
1777890598.2673323,0.0,3.0,-75.0
1777890598.2773323,-1.0,4.0,-75.0
1777890598.2873323,-6.0,3.0,-76.0
1777890598.2973323,-2.0,1.0,-79.0
1777890598.3073325,-3.0,6.0,-79.0
1777890598.3173325,-4.0,6.0,-76.0
1777890598.3273325,-5.0,3.0,-74.0
1777890598.3373325,-3.0,0.0,-71.0
1777890598.3473325,2.0,2.0,-70.0
1777890598.3573325,4.0,0.0,-67.0
1777890598.3673325,5.0,0.0,-72.0
1777890598.3773324,3.0,2.0,-74.0
1777890598.3873324,2.0,1.0,-72.0
1777890598.3973324,2.0,1.0,-72.0
1777890598.4073324,1.0,0.0,-70.0
1777890598.4173324,6.0,0.0,-65.0
1777890598.4273324,2.0,1.0,-71.0
1777890598.4373324,5.0,1.0,-75.0
1777890598.4473324,6.0,4.0,-72.0
1777890598.4573324,5.0,0.0,-72.0
1777890598.4673324,1.0,0.0,-72.0
1777890598.4773324,6.0,-1.0,-68.0
1777890598.4873323,3.0,-2.0,-70.0
1777890598.4973323,-2.0,-5.0,-74.0
1777890598.5073323,0.0,-2.0,-76.0
1777890598.5173323,-2.0,0.0,-76.0
1777890598.5273323,-2.0,0.0,-76.0
1777890598.5373323,-4.0,2.0,-76.0
1777890598.5473323,-7.0,0.0,-75.0
1777890598.5573325,-6.0,0.0,-72.0
1777890598.5673325,-7.0,-1.0,-73.0
1777890598.5773325,-10.0,2.0,-66.0
1777890598.5873325,-6.0,-4.0,-60.0
1777890598.5973325,0.0,-1.0,-66.0
1777890598.6073325,1.0,0.0,-65.0
1777890598.6173325,6.0,3.0,-70.0
1777890598.6273324,3.0,2.0,-72.0
1777890598.6373324,5.0,1.0,-68.0
1777890598.6473324,0.0,0.0,-62.0
1777890598.6573324,0.0,1.0,-68.0
1777890598.6673324,3.0,-1.0,-67.0
1777890598.6773324,2.0,0.0,-69.0
1777890598.6873324,4.0,-1.0,-73.0
1777890598.6973324,5.0,-4.0,-75.0
1777890598.7073324,3.0,-3.0,-74.0
1777890598.7173324,8.0,1.0,-69.0
1777890598.7273324,7.0,3.0,-76.0
1777890598.7373323,8.0,1.0,-77.0
1777890598.7473323,6.0,5.0,-74.0
1777890598.7573323,3.0,0.0,-72.0
1777890598.7673323,3.0,-1.0,-75.0
1777890598.7773323,1.0,2.0,-72.0
1777890598.7873323,0.0,3.0,-73.0
1777890598.7973323,1.0,4.0,-74.0
1777890598.8073325,0.0,1.0,-75.0
1777890598.8173325,-1.0,0.0,-77.0
1777890598.8273325,0.0,2.0,-74.0
1777890598.8373325,3.0,0.0,-72.0
1777890598.8473325,0.0,0.0,-70.0
1777890598.8573325,3.0,2.0,-74.0
1777890598.8673325,3.0,0.0,-72.0
1777890598.8773324,0.0,-3.0,-73.0
1777890598.8873324,0.0,0.0,-78.0
1777890598.8973324,0.0,-2.0,-85.0
1777890598.9073324,-2.0,-6.0,-93.0
1777890598.9173324,1.0,-8.0,-89.0
1777890598.9273324,-2.0,-7.0,-87.0
1777890598.9373324,-2.0,-2.0,-78.0
1777890598.9473324,1.0,0.0,-87.0
1777890598.9573324,-1.0,0.0,-91.0
1777890598.9673324,2.0,1.0,-92.0
1777890598.9773324,1.0,-1.0,-88.0
1777890598.9873323,2.0,-1.0,-88.0
1777890598.9973323,-1.0,3.0,-83.0
1777890599.0073323,0.0,5.0,-80.0
1777890599.0173323,-2.0,0.0,-80.0
1777890599.0273323,-4.0,1.0,-79.0
1777890599.0373323,1.0,0.0,-76.0
1777890599.0473323,2.0,0.0,-76.0
1777890599.0573325,-1.0,0.0,-73.0
1777890599.0673325,-10.0,2.0,-70.0
1777890599.0773325,-11.0,4.0,-76.0
1777890599.0873325,-12.0,2.0,-73.0
1777890599.0973325,-6.0,2.0,-73.0
1777890599.1073325,-2.0,1.0,-73.0
1777890599.1173325,-2.0,0.0,-77.0
1777890599.1273324,-3.0,2.0,-78.0
1777890599.1373324,-4.0,1.0,-75.0
1777890599.1473324,-5.0,2.0,-75.0
1777890599.1573324,-6.0,2.0,-74.0
1777890599.1673324,-8.0,2.0,-71.0
1777890599.1773324,-2.0,2.0,-60.0
1777890599.1873324,0.0,0.0,-54.0
1777890599.1973324,-2.0,0.0,-59.0
1777890599.2073324,-3.0,3.0,-67.0
1777890599.2173324,-4.0,4.0,-68.0
1777890599.2273324,-3.0,4.0,-76.0
1777890599.2373323,-4.0,5.0,-77.0
1777890599.2473323,-2.0,7.0,-79.0
1777890599.2573323,0.0,3.0,-79.0
1777890599.2673323,-1.0,0.0,-78.0
1777890599.2773323,0.0,-1.0,-78.0
1777890599.2873323,1.0,-3.0,-78.0
1777890599.2973323,0.0,-3.0,-79.0
1777890599.3073325,0.0,-6.0,-76.0
1777890599.3173325,2.0,-4.0,-81.0
1777890599.3273325,0.0,-6.0,-80.0
1777890599.3373325,0.0,-2.0,-84.0
1777890599.3473325,-1.0,-6.0,-85.0
1777890599.3573325,0.0,-6.0,-85.0
1777890599.3673325,-1.0,-6.0,-84.0
1777890599.3773324,-2.0,0.0,-84.0
1777890599.3873324,-3.0,-1.0,-81.0
1777890599.3973324,2.0,-1.0,-75.0
1777890599.4073324,3.0,-5.0,-71.0
1777890599.4173324,0.0,-2.0,-68.0
1777890599.4273324,3.0,-2.0,-72.0
1777890599.4383323,6.0,-5.0,-70.0
1777890599.4473324,5.0,-4.0,-70.0
1777890599.4573324,7.0,0.0,-71.0
1777890599.4683323,6.0,3.0,-75.0
1777890599.4773324,6.0,1.0,-83.0
1777890599.4883325,6.0,1.0,-82.0
1777890599.4983325,4.0,2.0,-79.0
1777890599.5073323,7.0,-1.0,-78.0
1777890599.5183325,7.0,-3.0,-68.0
1777890599.5283325,7.0,-5.0,-64.0
1777890599.5383325,3.0,1.0,-67.0
1777890599.5483325,-2.0,1.0,-70.0
1777890599.5573325,-5.0,1.0,-69.0
1777890599.5683324,-6.0,1.0,-69.0
1777890599.5783324,-4.0,4.0,-63.0
1777890599.5883324,-3.0,2.0,-60.0
1777890599.5983324,-5.0,0.0,-61.0
1777890599.6083324,-1.0,0.0,-68.0
1777890599.6183324,2.0,2.0,-72.0
1777890599.6283324,4.0,3.0,-71.0
1777890599.6383324,8.0,2.0,-77.0
1777890599.6483324,5.0,1.0,-77.0
1777890599.6583323,2.0,1.0,-77.0
1777890599.6683323,4.0,0.0,-76.0
1777890599.6783323,7.0,0.0,-78.0
1777890599.6883323,4.0,3.0,-83.0
1777890599.6983323,7.0,2.0,-84.0
1777890599.7083323,6.0,0.0,-86.0
1777890599.7183323,8.0,1.0,-94.0
1777890599.7283323,5.0,2.0,-94.0
1777890599.7383325,5.0,-1.0,-82.0
1777890599.7483325,10.0,-4.0,-74.0
1777890599.7583325,5.0,-2.0,-72.0
1777890599.7683325,4.0,-2.0,-75.0
1777890599.7783325,5.0,0.0,-78.0
1777890599.7883325,7.0,0.0,-80.0
1777890599.7983325,7.0,0.0,-82.0
1777890599.8083324,6.0,0.0,-80.0
1777890599.8183324,2.0,4.0,-80.0
1777890599.8283324,0.0,7.0,-77.0
1777890599.8383324,-1.0,9.0,-75.0
1777890599.8483324,-1.0,5.0,-69.0
1777890599.8583324,-4.0,1.0,-67.0
1777890599.8683324,-5.0,0.0,-69.0
1777890599.8783324,-7.0,-2.0,-70.0
1777890599.8883324,-1.0,-4.0,-72.0
1777890599.8983324,3.0,-8.0,-70.0
1777890599.9083323,5.0,-4.0,-70.0
1777890599.9183323,1.0,0.0,-72.0
1777890599.9283323,-1.0,1.0,-71.0
1777890599.9383323,-6.0,0.0,-72.0
1777890599.9483323,-5.0,-1.0,-67.0
1777890599.9583323,-3.0,0.0,-75.0
1777890599.9683323,-6.0,-2.0,-71.0
1777890599.9783323,-6.0,-3.0,-69.0
1777890599.9883325,-3.0,-6.0,-75.0
1777890599.9983325,-4.0,-8.0,-73.0
1777890600.0083325,-1.0,-6.0,-74.0
1777890600.0183325,2.0,-1.0,-77.0
1777890600.0283325,0.0,0.0,-83.0
1777890600.0383325,-1.0,4.0,-85.0
1777890600.0483325,0.0,4.0,-80.0
1777890600.0583324,2.0,4.0,-81.0
1777890600.0683324,-1.0,4.0,-82.0
1777890600.0783324,-4.0,1.0,-92.0
1777890600.0883324,-3.0,-2.0,-94.0
1777890600.0983324,-2.0,6.0,-89.0
1777890600.1083324,-5.0,5.0,-84.0
1777890600.1183324,-7.0,0.0,-85.0
1777890600.1283324,-6.0,-1.0,-80.0
1777890600.1383324,-5.0,0.0,-77.0
1777890600.1483324,-3.0,-2.0,-75.0
1777890600.1583323,1.0,-5.0,-71.0
1777890600.1683323,4.0,-3.0,-72.0
1777890600.1783323,6.0,0.0,-78.0
1777890600.1883323,9.0,0.0,-74.0
1777890600.1983323,12.0,5.0,-79.0
1777890600.2083323,11.0,3.0,-72.0
1777890600.2183323,8.0,2.0,-65.0
1777890600.2283323,10.0,0.0,-63.0
1777890600.2383325,8.0,-1.0,-64.0
1777890600.2483325,3.0,2.0,-70.0
1777890600.2583325,5.0,3.0,-72.0
1777890600.2683325,5.0,4.0,-64.0
1777890600.2783325,5.0,1.0,-70.0
1777890600.2883325,6.0,2.0,-71.0
1777890600.2983325,9.0,3.0,-77.0
1777890600.3083324,4.0,0.0,-77.0
1777890600.3183324,4.0,2.0,-76.0
1777890600.3283324,0.0,3.0,-74.0
1777890600.3383324,0.0,2.0,-77.0
1777890600.3483324,0.0,4.0,-79.0
1777890600.3583324,-4.0,3.0,-75.0
1777890600.3683324,-6.0,1.0,-73.0
1777890600.3783324,-5.0,1.0,-78.0
1777890600.3883324,-5.0,0.0,-79.0
1777890600.3983324,0.0,-1.0,-74.0
1777890600.4083323,-1.0,-2.0,-69.0
1777890600.4183323,2.0,0.0,-68.0
1777890600.4283323,1.0,-1.0,-67.0
1777890600.4383323,1.0,0.0,-73.0
1777890600.4483323,-2.0,0.0,-71.0
1777890600.4583323,0.0,1.0,-72.0
1777890600.4683323,1.0,3.0,-64.0
1777890600.4783323,7.0,-3.0,-62.0
1777890600.4883325,5.0,-2.0,-61.0
1777890600.4983325,7.0,-3.0,-62.0
1777890600.5083325,8.0,0.0,-66.0
1777890600.5183325,1.0,2.0,-72.0
1777890600.5283325,4.0,5.0,-72.0
1777890600.5383325,5.0,3.0,-69.0
1777890600.5483325,11.0,1.0,-63.0
1777890600.5583324,11.0,1.0,-76.0
1777890600.5683324,8.0,1.0,-82.0
1777890600.5783324,7.0,-2.0,-82.0
1777890600.5883324,5.0,-1.0,-84.0
1777890600.5983324,4.0,-3.0,-80.0
1777890600.6083324,0.0,0.0,-82.0
1777890600.6183324,6.0,2.0,-74.0
1777890600.6283324,5.0,2.0,-73.0
1777890600.6383324,2.0,-2.0,-74.0
1777890600.6483324,2.0,-2.0,-71.0
1777890600.6583323,3.0,-6.0,-71.0
1777890600.6683323,6.0,-4.0,-72.0
1777890600.6783323,9.0,-3.0,-72.0
1777890600.6883323,8.0,-5.0,-71.0
1777890600.6983323,7.0,-2.0,-72.0
1777890600.7083323,7.0,-1.0,-71.0
1777890600.7183323,1.0,-3.0,-76.0
1777890600.7283323,-2.0,-6.0,-79.0
1777890600.7383325,-4.0,-5.0,-78.0
1777890600.7483325,-8.0,-1.0,-74.0
1777890600.7583325,-10.0,3.0,-74.0
1777890600.7683325,-9.0,1.0,-75.0
1777890600.7783325,-8.0,6.0,-68.0
1777890600.7883325,-10.0,3.0,-67.0
1777890600.7983325,-8.0,3.0,-66.0
1777890600.8083324,-6.0,3.0,-65.0
1777890600.8183324,-7.0,0.0,-71.0
1777890600.8283324,-4.0,-1.0,-73.0
1777890600.8383324,-4.0,0.0,-70.0
1777890600.8483324,0.0,-1.0,-66.0
1777890600.8583324,4.0,0.0,-63.0
1777890600.8683324,3.0,0.0,-64.0
1777890600.8783324,0.0,-1.0,-76.0
1777890600.8883324,-3.0,-1.0,-70.0
1777890600.8983324,-3.0,0.0,-76.0
1777890600.9083323,0.0,-2.0,-71.0
1777890600.9183323,3.0,0.0,-80.0
1777890600.9283323,3.0,-2.0,-82.0
1777890600.9383323,1.0,-3.0,-81.0
1777890600.9483323,5.0,-5.0,-86.0
1777890600.9583323,2.0,-4.0,-79.0
1777890600.9683323,0.0,-3.0,-83.0
1777890600.9783323,1.0,-2.0,-82.0
1777890600.9883325,3.0,-1.0,-89.0
1777890600.9983325,5.0,-4.0,-87.0
1777890601.0083325,7.0,-5.0,-87.0
1777890601.0183325,1.0,-5.0,-84.0
1777890601.0283325,-1.0,-5.0,-79.0
1777890601.0383325,2.0,-3.0,-72.0
1777890601.0483325,8.0,0.0,-73.0
1777890601.0583324,4.0,0.0,-68.0
1777890601.0683324,5.0,-2.0,-73.0
1777890601.0783324,2.0,-2.0,-76.0
1777890601.0883324,-2.0,0.0,-71.0
1777890601.0983324,0.0,3.0,-67.0
1777890601.1083324,2.0,3.0,-66.0
1777890601.1183324,-1.0,5.0,-68.0
1777890601.1283324,-1.0,3.0,-69.0
1777890601.1383324,-1.0,1.0,-68.0
1777890601.1483324,1.0,1.0,-66.0
1777890601.1583323,1.0,4.0,-69.0
1777890601.1683323,0.0,4.0,-70.0
1777890601.1783323,0.0,0.0,-71.0
1777890601.1883323,1.0,1.0,-69.0
1777890601.1983323,6.0,1.0,-72.0
1777890601.2083323,8.0,4.0,-73.0
1777890601.2183323,4.0,6.0,-77.0
1777890601.2283323,1.0,7.0,-79.0
1777890601.2383325,1.0,8.0,-77.0
1777890601.2483325,-2.0,7.0,-77.0
1777890601.2583325,0.0,7.0,-73.0
1777890601.2683325,2.0,6.0,-68.0
1777890601.2783325,0.0,8.0,-68.0
1777890601.2883325,-2.0,8.0,-65.0
1777890601.2983325,-3.0,5.0,-68.0
1777890601.3083324,-4.0,6.0,-78.0
1777890601.3183324,-4.0,11.0,-78.0
1777890601.3283324,-4.0,7.0,-76.0
1777890601.3383324,0.0,0.0,-77.0
1777890601.3483324,0.0,1.0,-74.0
1777890601.3583324,-5.0,1.0,-73.0
1777890601.3683324,-1.0,-4.0,-73.0
1777890601.3783324,5.0,-6.0,-73.0
1777890601.3883324,3.0,-2.0,-72.0
1777890601.3983324,4.0,-3.0,-72.0
1777890601.4083323,3.0,-4.0,-71.0
1777890601.4183323,2.0,-4.0,-68.0
1777890601.4283323,6.0,-5.0,-66.0
1777890601.4383323,0.0,-6.0,-67.0
1777890601.4483323,-3.0,-6.0,-76.0
1777890601.4583323,-1.0,-5.0,-79.0
1777890601.4683323,0.0,-6.0,-80.0
1777890601.4793324,5.0,-6.0,-80.0
1777890601.4893324,8.0,-3.0,-81.0
1777890601.4993324,11.0,-3.0,-76.0
1777890601.5093324,7.0,-4.0,-75.0
1777890601.5193324,6.0,2.0,-66.0
1777890601.5293324,1.0,4.0,-61.0
1777890601.5393324,-3.0,5.0,-62.0
1777890601.5493324,-4.0,5.0,-63.0
1777890601.5593324,-3.0,3.0,-60.0
1777890601.5693324,-3.0,0.0,-60.0
1777890601.5793324,0.0,0.0,-53.0
1777890601.5893323,0.0,-1.0,-55.0
1777890601.5993323,1.0,0.0,-49.0
1777890601.6093323,-1.0,-2.0,-60.0
1777890601.6193323,-1.0,-3.0,-68.0
1777890601.6293323,0.0,1.0,-67.0
1777890601.6393323,0.0,0.0,-68.0
1777890601.6493323,-1.0,1.0,-71.0
1777890601.6593325,0.0,4.0,-73.0
1777890601.6693325,0.0,2.0,-68.0
1777890601.6793325,2.0,2.0,-70.0
1777890601.6893325,5.0,0.0,-71.0
1777890601.6993325,2.0,1.0,-77.0
1777890601.7093325,0.0,3.0,-70.0
1777890601.7193325,2.0,3.0,-71.0
1777890601.7293324,2.0,1.0,-68.0
1777890601.7393324,2.0,3.0,-60.0
1777890601.7493324,3.0,0.0,-57.0
1777890601.7593324,2.0,-1.0,-62.0
1777890601.7693324,4.0,-2.0,-73.0
1777890601.7793324,5.0,-2.0,-79.0
1777890601.7893324,6.0,-4.0,-71.0
1777890601.7993324,6.0,-1.0,-67.0
1777890601.8093324,-2.0,-4.0,-63.0
1777890601.8193324,0.0,-4.0,-67.0
1777890601.8293324,5.0,-5.0,-69.0
1777890601.8393323,1.0,-3.0,-69.0
1777890601.8493323,-3.0,-4.0,-75.0
1777890601.8593323,-5.0,-5.0,-73.0
1777890601.8693323,-2.0,-7.0,-67.0
1777890601.8793323,-1.0,-3.0,-72.0
1777890601.8893323,3.0,-3.0,-69.0
1777890601.8993323,4.0,0.0,-70.0
1777890601.9093325,5.0,2.0,-71.0
1777890601.9193325,4.0,1.0,-72.0
1777890601.9293325,2.0,5.0,-75.0
1777890601.9393325,0.0,1.0,-78.0
1777890601.9493325,2.0,0.0,-76.0
1777890601.9593325,3.0,3.0,-74.0
1777890601.9693325,-1.0,-2.0,-74.0
1777890601.9793324,-5.0,-4.0,-77.0
1777890601.9893324,-9.0,-3.0,-74.0
1777890601.9993324,-9.0,-2.0,-79.0
1777890602.0093324,-5.0,-5.0,-74.0
1777890602.0193324,-5.0,-4.0,-79.0
1777890602.0293324,-8.0,-3.0,-75.0
1777890602.0393324,-4.0,-4.0,-74.0
1777890602.0493324,-1.0,-4.0,-73.0
1777890602.0593324,-3.0,-3.0,-75.0
1777890602.0693324,-2.0,1.0,-77.0
1777890602.0793324,-3.0,-1.0,-73.0
1777890602.0893323,-3.0,-2.0,-67.0
1777890602.0993323,-1.0,1.0,-63.0
1777890602.1093323,-6.0,4.0,-59.0
1777890602.1193323,-3.0,3.0,-57.0
1777890602.1293323,-4.0,0.0,-62.0
1777890602.1393323,-8.0,0.0,-70.0
1777890602.1493323,-8.0,-1.0,-71.0
1777890602.1593325,-4.0,0.0,-72.0
1777890602.1693325,-3.0,-2.0,-70.0
1777890602.1793325,-1.0,-3.0,-75.0
1777890602.1893325,1.0,-5.0,-77.0
1777890602.1993325,5.0,-4.0,-80.0
1777890602.2093325,8.0,-4.0,-75.0
1777890602.2193325,6.0,-4.0,-71.0
1777890602.2293324,3.0,-3.0,-73.0
1777890602.2393324,1.0,1.0,-77.0
1777890602.2493324,7.0,4.0,-82.0
1777890602.2593324,6.0,3.0,-83.0
1777890602.2693324,5.0,-1.0,-83.0
1777890602.2793324,4.0,-5.0,-80.0
1777890602.2893324,3.0,-6.0,-81.0
1777890602.2993324,2.0,-7.0,-79.0
1777890602.3093324,5.0,-3.0,-80.0
1777890602.3193324,5.0,-1.0,-77.0
1777890602.3293324,3.0,-4.0,-73.0
1777890602.3393323,3.0,-5.0,-73.0
1777890602.3493323,5.0,-6.0,-73.0
1777890602.3593323,6.0,-5.0,-81.0
1777890602.3693323,-1.0,-3.0,-74.0
1777890602.3793323,-4.0,-3.0,-74.0
1777890602.3893323,-2.0,-9.0,-75.0
1777890602.3993323,1.0,-6.0,-73.0
1777890602.4093325,3.0,-4.0,-76.0
1777890602.4193325,1.0,-5.0,-80.0
1777890602.4293325,2.0,-5.0,-81.0
1777890602.4393325,0.0,-5.0,-75.0
1777890602.4493325,0.0,-7.0,-79.0
1777890602.4593325,-4.0,-1.0,-78.0
1777890602.4693325,-1.0,-4.0,-77.0
1777890602.4793324,-2.0,-5.0,-79.0
1777890602.4893324,1.0,-9.0,-76.0
1777890602.4993324,1.0,-7.0,-74.0
1777890602.5093324,-1.0,-2.0,-74.0
1777890602.5193324,0.0,-3.0,-74.0
1777890602.5293324,3.0,-1.0,-75.0
1777890602.5393324,0.0,0.0,-72.0
1777890602.5493324,1.0,-5.0,-77.0
1777890602.5593324,3.0,-6.0,-72.0
1777890602.5693324,5.0,-3.0,-71.0
1777890602.5793324,6.0,-2.0,-68.0
1777890602.5893323,9.0,0.0,-74.0
1777890602.5993323,10.0,2.0,-72.0
1777890602.6093323,7.0,5.0,-68.0
1777890602.6193323,2.0,3.0,-69.0
1777890602.6293323,0.0,1.0,-74.0
1777890602.6393323,1.0,4.0,-72.0
1777890602.6493323,5.0,1.0,-70.0
1777890602.6593325,7.0,7.0,-69.0
1777890602.6693325,7.0,7.0,-71.0
1777890602.6793325,5.0,6.0,-70.0
1777890602.6893325,2.0,3.0,-73.0
1777890602.6993325,4.0,0.0,-78.0
1777890602.7093325,6.0,-4.0,-75.0
1777890602.7193325,0.0,-4.0,-66.0
1777890602.7293324,2.0,-3.0,-72.0
1777890602.7393324,4.0,-3.0,-65.0
1777890602.7493324,0.0,-2.0,-66.0
1777890602.7593324,5.0,-4.0,-72.0
1777890602.7693324,5.0,-2.0,-79.0
1777890602.7793324,4.0,0.0,-77.0
1777890602.7893324,5.0,-2.0,-78.0
1777890602.7993324,1.0,0.0,-78.0
1777890602.8093324,-5.0,-5.0,-73.0
1777890602.8193324,-3.0,-3.0,-75.0
1777890602.8293324,-4.0,-3.0,-72.0
1777890602.8393323,-5.0,-2.0,-72.0
1777890602.8493323,-2.0,-3.0,-71.0
1777890602.8593323,0.0,-4.0,-72.0
1777890602.8693323,1.0,-5.0,-73.0
1777890602.8793323,-1.0,-3.0,-72.0
1777890602.8893323,0.0,0.0,-75.0
1777890602.8993323,5.0,0.0,-75.0
1777890602.9093325,8.0,-1.0,-76.0
1777890602.9193325,9.0,0.0,-70.0
1777890602.9293325,6.0,-2.0,-69.0
1777890602.9393325,5.0,-5.0,-69.0
1777890602.9493325,2.0,-3.0,-75.0
1777890602.9593325,0.0,-2.0,-72.0
1777890602.9693325,-2.0,-3.0,-74.0
1777890602.9793324,-2.0,-1.0,-71.0
1777890602.9893324,-3.0,-1.0,-79.0
1777890602.9993324,0.0,0.0,-77.0
1777890603.0093324,-1.0,3.0,-79.0
1777890603.0193324,-2.0,4.0,-76.0
1777890603.0293324,-4.0,5.0,-75.0
1777890603.0393324,-1.0,2.0,-72.0
1777890603.0493324,0.0,0.0,-75.0
1777890603.0593324,2.0,-1.0,-73.0
1777890603.0693324,1.0,3.0,-68.0
1777890603.0793324,2.0,0.0,-69.0
1777890603.0893323,1.0,-3.0,-69.0
1777890603.0993323,0.0,-2.0,-67.0
1777890603.1093323,4.0,-5.0,-73.0
1777890603.1193323,6.0,-3.0,-69.0
1777890603.1293323,2.0,-5.0,-73.0
1777890603.1393323,-3.0,-3.0,-75.0
1777890603.1493323,-7.0,-1.0,-80.0
1777890603.1593325,-12.0,-3.0,-85.0
1777890603.1693325,-15.0,-4.0,-80.0
1777890603.1793325,-7.0,0.0,-73.0
1777890603.1893325,-3.0,3.0,-68.0
1777890603.1993325,0.0,0.0,-60.0
1777890603.2093325,-2.0,0.0,-69.0
1777890603.2193325,-3.0,-1.0,-75.0
1777890603.2293324,-3.0,-3.0,-71.0
1777890603.2393324,-1.0,-2.0,-69.0
1777890603.2493324,-3.0,-5.0,-70.0
1777890603.2593324,-1.0,-7.0,-77.0
1777890603.2693324,-4.0,-9.0,-78.0
1777890603.2793324,-4.0,-8.0,-74.0
1777890603.2893324,-5.0,-3.0,-73.0
1777890603.2993324,-5.0,-4.0,-74.0
1777890603.3093324,-5.0,-4.0,-78.0
1777890603.3193324,-7.0,0.0,-83.0
1777890603.3293324,-6.0,-1.0,-81.0
1777890603.3393323,-4.0,1.0,-85.0
1777890603.3493323,0.0,0.0,-86.0
1777890603.3593323,0.0,-1.0,-81.0
1777890603.3693323,2.0,-1.0,-72.0
1777890603.3793323,0.0,-3.0,-74.0
1777890603.3893323,-2.0,-2.0,-80.0
1777890603.3993323,-1.0,0.0,-76.0
1777890603.4093325,-1.0,3.0,-71.0
1777890603.4193325,-4.0,5.0,-70.0
1777890603.4293325,-5.0,2.0,-70.0
1777890603.4403324,-6.0,0.0,-67.0
1777890603.4503324,-6.0,0.0,-72.0
1777890603.4593325,-4.0,1.0,-73.0
1777890603.4703324,-2.0,4.0,-77.0
1777890603.4803324,-1.0,8.0,-75.0
1777890603.4903324,-1.0,2.0,-76.0
1777890603.5003324,0.0,-2.0,-72.0
1777890603.5103323,0.0,-7.0,-69.0
1777890603.5203323,0.0,-7.0,-68.0
1777890603.5303323,-4.0,-5.0,-65.0
1777890603.5403323,-8.0,-3.0,-69.0
1777890603.5503323,-5.0,-2.0,-71.0
1777890603.5603323,0.0,0.0,-71.0
1777890603.5703323,-1.0,0.0,-73.0
1777890603.5803325,-7.0,-2.0,-73.0
1777890603.5903325,-3.0,-3.0,-72.0
1777890603.6003325,-5.0,-1.0,-70.0
1777890603.6103325,-7.0,-4.0,-71.0
1777890603.6203325,-2.0,-3.0,-74.0
1777890603.6303325,2.0,-5.0,-70.0
1777890603.6403325,5.0,-7.0,-77.0
1777890603.6503325,8.0,-6.0,-77.0
1777890603.6603324,10.0,-8.0,-76.0
1777890603.6703324,7.0,-5.0,-79.0
1777890603.6803324,7.0,-2.0,-78.0
1777890603.6903324,3.0,-7.0,-80.0
1777890603.7003324,4.0,-7.0,-80.0
1777890603.7103324,3.0,-1.0,-84.0
1777890603.7203324,-1.0,-1.0,-83.0
1777890603.7303324,-5.0,-1.0,-75.0
1777890603.7403324,-4.0,0.0,-77.0
1777890603.7503324,-3.0,0.0,-75.0
1777890603.7603323,-2.0,2.0,-77.0
1777890603.7703323,-3.0,3.0,-76.0
1777890603.7803323,-2.0,1.0,-80.0
1777890603.7903323,-4.0,-1.0,-77.0
1777890603.8003323,-6.0,-2.0,-74.0
1777890603.8103323,-2.0,-4.0,-73.0
1777890603.8203323,0.0,0.0,-74.0
1777890603.8303325,3.0,5.0,-71.0
1777890603.8403325,5.0,4.0,-68.0
1777890603.8503325,8.0,8.0,-63.0
1777890603.8603325,3.0,8.0,-68.0
1777890603.8703325,5.0,8.0,-69.0
1777890603.8803325,2.0,6.0,-75.0
1777890603.8903325,0.0,3.0,-71.0
1777890603.9003325,-1.0,5.0,-69.0
1777890603.9103324,0.0,0.0,-69.0
1777890603.9203324,-1.0,-2.0,-69.0
1777890603.9303324,0.0,-2.0,-72.0
1777890603.9403324,0.0,-2.0,-65.0
1777890603.9503324,0.0,-4.0,-62.0
1777890603.9603324,-2.0,-2.0,-59.0
1777890603.9703324,-3.0,0.0,-68.0
1777890603.9803324,-2.0,0.0,-60.0
1777890603.9903324,1.0,-4.0,-54.0
1777890604.0003324,2.0,1.0,-55.0
1777890604.0103323,5.0,2.0,-53.0
1777890604.0203323,5.0,1.0,-56.0
1777890604.0303323,-1.0,-1.0,-60.0
1777890604.0403323,-6.0,0.0,-68.0
1777890604.0503323,-6.0,-4.0,-76.0
1777890604.0603323,-5.0,-8.0,-82.0
1777890604.0703323,-9.0,-4.0,-81.0
1777890604.0803325,-10.0,-10.0,-80.0
1777890604.0903325,-11.0,-2.0,-79.0
1777890604.1003325,-9.0,0.0,-75.0
1777890604.1103325,-8.0,4.0,-80.0
1777890604.1203325,-4.0,3.0,-72.0
1777890604.1303325,-1.0,0.0,-69.0
1777890604.1403325,0.0,1.0,-68.0
1777890604.1503325,-1.0,2.0,-59.0
1777890604.1603324,-1.0,0.0,-57.0
1777890604.1703324,1.0,2.0,-64.0
1777890604.1803324,-1.0,1.0,-61.0
1777890604.1903324,-6.0,1.0,-66.0
1777890604.2003324,-9.0,1.0,-71.0
1777890604.2103324,-8.0,-2.0,-79.0
1777890604.2203324,-3.0,-3.0,-76.0
1777890604.2303324,1.0,0.0,-70.0
1777890604.2403324,0.0,5.0,-64.0
1777890604.2503324,-1.0,1.0,-56.0
1777890604.2603323,0.0,-4.0,-69.0
1777890604.2703323,-3.0,-8.0,-70.0
1777890604.2803323,-2.0,-6.0,-70.0
1777890604.2903323,0.0,-7.0,-73.0
1777890604.3003323,2.0,-6.0,-71.0
1777890604.3103323,6.0,-10.0,-74.0
1777890604.3203323,8.0,-3.0,-75.0
1777890604.3303325,1.0,3.0,-71.0
1777890604.3403325,-2.0,-1.0,-68.0
1777890604.3503325,-1.0,-1.0,-68.0
1777890604.3603325,3.0,1.0,-74.0
1777890604.3703325,6.0,1.0,-77.0
1777890604.3803325,5.0,1.0,-76.0
1777890604.3903325,4.0,-2.0,-70.0
1777890604.4003325,4.0,-6.0,-65.0
1777890604.4103324,0.0,-8.0,-67.0
1777890604.4203324,-2.0,-3.0,-76.0
1777890604.4303324,-4.0,-5.0,-79.0
1777890604.4403324,-1.0,-7.0,-79.0
1777890604.4503324,0.0,-6.0,-79.0
1777890604.4603324,8.0,0.0,-75.0
1777890604.4703324,4.0,2.0,-73.0
1777890604.4803324,4.0,4.0,-74.0
1777890604.4903324,7.0,2.0,-76.0
1777890604.5003324,4.0,5.0,-73.0
1777890604.5103323,7.0,5.0,-77.0
1777890604.5203323,9.0,2.0,-81.0
1777890604.5303323,5.0,0.0,-87.0
1777890604.5403323,4.0,3.0,-81.0
1777890604.5503323,2.0,0.0,-76.0
1777890604.5603323,4.0,0.0,-75.0
1777890604.5703323,4.0,0.0,-70.0
1777890604.5803325,3.0,-1.0,-72.0
1777890604.5903325,2.0,-5.0,-71.0
1777890604.6003325,4.0,-4.0,-74.0
1777890604.6103325,5.0,0.0,-73.0
1777890604.6203325,6.0,0.0,-67.0
1777890604.6303325,10.0,2.0,-63.0
1777890604.6403325,6.0,-3.0,-66.0
1777890604.6503325,0.0,-4.0,-75.0
1777890604.6603324,-1.0,-8.0,-70.0
1777890604.6703324,-2.0,-7.0,-71.0
1777890604.6803324,-1.0,-6.0,-67.0
1777890604.6903324,-1.0,-5.0,-71.0
1777890604.7003324,-3.0,-6.0,-77.0
1777890604.7103324,-7.0,-4.0,-72.0
1777890604.7203324,-8.0,-6.0,-76.0
1777890604.7303324,-6.0,-4.0,-76.0
1777890604.7403324,-3.0,-2.0,-77.0
1777890604.7503324,0.0,0.0,-77.0
1777890604.7603323,0.0,0.0,-75.0
1777890604.7703323,2.0,-2.0,-76.0
1777890604.7803323,4.0,-2.0,-76.0
1777890604.7903323,0.0,-3.0,-81.0
1777890604.8003323,0.0,-5.0,-79.0
1777890604.8103323,0.0,-5.0,-79.0
1777890604.8203323,0.0,-2.0,-85.0
1777890604.8303325,-1.0,-4.0,-78.0
1777890604.8403325,2.0,-2.0,-81.0
1777890604.8503325,1.0,-3.0,-85.0
1777890604.8603325,1.0,-9.0,-86.0
1777890604.8703325,0.0,-8.0,-79.0
1777890604.8803325,1.0,-10.0,-71.0
1777890604.8903325,0.0,-14.0,-71.0
1777890604.9003325,1.0,-13.0,-74.0
1777890604.9103324,1.0,-7.0,-78.0
1777890604.9203324,4.0,0.0,-84.0
1777890604.9303324,0.0,-1.0,-82.0
1777890604.9403324,7.0,1.0,-83.0
1777890604.9503324,7.0,1.0,-86.0
1777890604.9603324,7.0,0.0,-86.0
1777890604.9703324,6.0,2.0,-81.0
1777890604.9803324,3.0,-3.0,-82.0
1777890604.9903324,4.0,4.0,-81.0
1777890605.0003324,4.0,4.0,-76.0
1777890605.0103323,1.0,5.0,-70.0
1777890605.0203323,0.0,3.0,-70.0
1777890605.0303323,0.0,0.0,-69.0
1777890605.0403323,0.0,3.0,-71.0
1777890605.0503323,0.0,1.0,-70.0
1777890605.0603323,0.0,1.0,-69.0
1777890605.0703323,2.0,-2.0,-72.0
1777890605.0803325,2.0,-2.0,-66.0
1777890605.0903325,3.0,1.0,-69.0
1777890605.1003325,-1.0,5.0,-69.0
1777890605.1103325,-3.0,3.0,-61.0
1777890605.1203325,-2.0,5.0,-64.0
1777890605.1303325,-2.0,5.0,-68.0
1777890605.1403325,-2.0,4.0,-66.0
1777890605.1503325,-3.0,1.0,-69.0
1777890605.1603324,0.0,1.0,-67.0
1777890605.1703324,0.0,-2.0,-66.0
1777890605.1803324,1.0,-1.0,-69.0
1777890605.1903324,-1.0,1.0,-69.0
1777890605.2003324,-2.0,4.0,-66.0
1777890605.2103324,-4.0,2.0,-66.0
1777890605.2203324,-3.0,0.0,-72.0
1777890605.2303324,-3.0,-1.0,-76.0
1777890605.2403324,-2.0,0.0,-74.0
1777890605.2503324,-2.0,-4.0,-78.0
1777890605.2603323,-3.0,-1.0,-80.0
1777890605.2703323,-6.0,3.0,-76.0
1777890605.2803323,-7.0,2.0,-79.0
1777890605.2903323,-5.0,2.0,-82.0
1777890605.3003323,-5.0,2.0,-81.0
1777890605.3103323,-8.0,3.0,-78.0
1777890605.3203323,-8.0,2.0,-74.0
1777890605.3303325,-7.0,-1.0,-68.0
1777890605.3403325,-7.0,-2.0,-69.0
1777890605.3503325,0.0,-5.0,-70.0
1777890605.3603325,0.0,-6.0,-70.0
1777890605.3703325,0.0,-2.0,-67.0
1777890605.3803325,-6.0,-5.0,-65.0
1777890605.3903325,-8.0,-5.0,-68.0
1777890605.4003325,-1.0,-5.0,-74.0
1777890605.4103324,0.0,-2.0,-73.0
1777890605.4203324,-4.0,-2.0,-72.0
1777890605.4303324,-3.0,-1.0,-75.0
1777890605.4413323,-1.0,-2.0,-74.0
1777890605.4513323,0.0,-6.0,-76.0
1777890605.4613323,3.0,0.0,-76.0
1777890605.4713323,0.0,1.0,-72.0
1777890605.4813323,3.0,0.0,-65.0
1777890605.4913323,0.0,-6.0,-62.0
1777890605.5013323,4.0,-5.0,-67.0
1777890605.5113325,5.0,-4.0,-67.0
1777890605.5213325,6.0,-5.0,-70.0
1777890605.5313325,6.0,-2.0,-66.0
1777890605.5413325,5.0,-4.0,-63.0
1777890605.5513325,5.0,0.0,-62.0
1777890605.5613325,3.0,0.0,-66.0
1777890605.5713325,0.0,0.0,-72.0
1777890605.5813324,0.0,-1.0,-75.0
1777890605.5913324,-2.0,0.0,-74.0
1777890605.6013324,-2.0,0.0,-73.0
1777890605.6123323,1.0,0.0,-79.0
1777890605.6213324,2.0,2.0,-73.0
1777890605.6313324,7.0,2.0,-75.0
1777890605.6413324,7.0,0.0,-75.0
1777890605.6513324,7.0,-2.0,-79.0
1777890605.6613324,3.0,-4.0,-76.0
1777890605.6713324,0.0,-2.0,-73.0
1777890605.6813323,2.0,0.0,-73.0
1777890605.6913323,-1.0,0.0,-71.0
1777890605.7013323,-3.0,-2.0,-68.0
1777890605.7113323,-2.0,-5.0,-72.0
1777890605.7213323,-1.0,2.0,-77.0
1777890605.7313323,0.0,-4.0,-77.0
1777890605.7413323,0.0,-6.0,-74.0
1777890605.7513323,-2.0,-6.0,-79.0
1777890605.7613325,3.0,-4.0,-82.0
1777890605.7713325,5.0,-3.0,-84.0
1777890605.7813325,1.0,-5.0,-83.0
1777890605.7913325,1.0,-10.0,-79.0
1777890605.8013325,-2.0,-8.0,-75.0
1777890605.8113325,1.0,-6.0,-77.0
1777890605.8213325,-3.0,-3.0,-79.0
1777890605.8313324,-2.0,-4.0,-84.0
1777890605.8413324,-3.0,-2.0,-90.0
1777890605.8513324,-6.0,0.0,-90.0
1777890605.8613324,-5.0,0.0,-86.0
1777890605.8713324,-3.0,0.0,-87.0
1777890605.8813324,-1.0,-1.0,-85.0
1777890605.8913324,-5.0,-1.0,-86.0
1777890605.9013324,-4.0,-2.0,-92.0
1777890605.9113324,-6.0,-3.0,-91.0
1777890605.9213324,-2.0,-3.0,-86.0
1777890605.9313323,6.0,-2.0,-78.0
1777890605.9413323,2.0,-5.0,-70.0
1777890605.9513323,3.0,-1.0,-71.0
1777890605.9613323,-1.0,1.0,-74.0
1777890605.9713323,-5.0,2.0,-71.0
1777890605.9813323,-5.0,-2.0,-72.0
1777890605.9913323,-6.0,-6.0,-68.0
1777890606.0013323,-6.0,-5.0,-74.0
1777890606.0113325,-5.0,-7.0,-72.0
1777890606.0213325,-7.0,-6.0,-68.0
1777890606.0313325,-5.0,-4.0,-73.0
1777890606.0413325,0.0,0.0,-72.0
1777890606.0513325,-3.0,0.0,-65.0
1777890606.0613325,-1.0,0.0,-68.0
1777890606.0713325,0.0,-2.0,-72.0
1777890606.0813324,0.0,-6.0,-77.0
1777890606.0913324,-4.0,-6.0,-78.0
1777890606.1013324,1.0,-5.0,-79.0
1777890606.1113324,0.0,-7.0,-80.0
1777890606.1213324,1.0,-9.0,-80.0
1777890606.1313324,2.0,-6.0,-80.0
1777890606.1413324,6.0,-7.0,-83.0
1777890606.1513324,0.0,-5.0,-80.0
1777890606.1613324,0.0,-3.0,-77.0
1777890606.1713324,0.0,-3.0,-73.0
1777890606.1813323,2.0,-5.0,-72.0
1777890606.1913323,5.0,-3.0,-72.0
1777890606.2013323,3.0,-6.0,-80.0
1777890606.2113323,2.0,-2.0,-81.0
1777890606.2213323,2.0,2.0,-81.0
1777890606.2313323,0.0,2.0,-72.0
1777890606.2413323,0.0,-2.0,-67.0
1777890606.2513323,2.0,-3.0,-71.0
1777890606.2613325,2.0,-3.0,-79.0
1777890606.2713325,0.0,-3.0,-80.0
1777890606.2813325,-1.0,-3.0,-76.0
1777890606.2913325,-2.0,-2.0,-75.0
1777890606.3013325,-2.0,0.0,-73.0
1777890606.3113325,0.0,2.0,-77.0
1777890606.3213325,-1.0,1.0,-75.0
1777890606.3313324,1.0,-1.0,-78.0
1777890606.3413324,3.0,0.0,-83.0
1777890606.3513324,4.0,-1.0,-87.0
1777890606.3613324,7.0,-6.0,-80.0
1777890606.3713324,7.0,-1.0,-79.0
1777890606.3813324,9.0,0.0,-77.0
1777890606.3913324,11.0,0.0,-78.0
1777890606.4013324,7.0,-3.0,-80.0
1777890606.4113324,6.0,-1.0,-86.0
1777890606.4213324,5.0,-2.0,-85.0
1777890606.4313323,3.0,-4.0,-81.0
1777890606.4413323,6.0,-2.0,-75.0
1777890606.4513323,3.0,-1.0,-74.0
1777890606.4613323,0.0,-3.0,-73.0
1777890606.4713323,2.0,-2.0,-75.0
1777890606.4813323,0.0,-3.0,-74.0
1777890606.4913323,2.0,-1.0,-73.0
1777890606.5013323,1.0,0.0,-73.0
1777890606.5113325,0.0,2.0,-68.0
1777890606.5213325,4.0,0.0,-70.0
1777890606.5313325,4.0,0.0,-69.0
1777890606.5413325,2.0,-2.0,-69.0
1777890606.5513325,4.0,-4.0,-71.0
1777890606.5613325,0.0,0.0,-75.0
1777890606.5713325,1.0,0.0,-76.0
1777890606.5813324,1.0,1.0,-79.0
1777890606.5913324,0.0,2.0,-79.0
1777890606.6013324,-1.0,3.0,-83.0
1777890606.6113324,-5.0,7.0,-88.0
1777890606.6213324,-3.0,4.0,-95.0
1777890606.6313324,1.0,3.0,-90.0
1777890606.6413324,2.0,1.0,-85.0
1777890606.6513324,2.0,0.0,-83.0
1777890606.6613324,0.0,-3.0,-79.0
1777890606.6713324,1.0,-1.0,-77.0
1777890606.6813323,-1.0,-1.0,-74.0
1777890606.6913323,-2.0,-2.0,-76.0
1777890606.7013323,0.0,0.0,-72.0
1777890606.7113323,0.0,0.0,-73.0
1777890606.7213323,2.0,0.0,-72.0
1777890606.7313323,4.0,1.0,-80.0
1777890606.7413323,1.0,0.0,-82.0
1777890606.7513323,2.0,2.0,-85.0
1777890606.7613325,1.0,4.0,-79.0
1777890606.7713325,0.0,-2.0,-81.0
1777890606.7813325,-1.0,-5.0,-80.0
1777890606.7913325,-2.0,-2.0,-72.0
1777890606.8013325,-4.0,-3.0,-77.0
1777890606.8113325,-1.0,0.0,-75.0
1777890606.8213325,-2.0,0.0,-74.0
1777890606.8313324,-5.0,0.0,-75.0
1777890606.8413324,-7.0,1.0,-77.0
1777890606.8513324,-5.0,-3.0,-73.0
1777890606.8613324,-8.0,-4.0,-73.0
1777890606.8713324,-10.0,-2.0,-72.0
1777890606.8813324,-7.0,-3.0,-70.0
1777890606.8913324,-6.0,-3.0,-81.0
1777890606.9013324,-3.0,-5.0,-84.0
1777890606.9113324,-2.0,-1.0,-80.0
1777890606.9213324,0.0,0.0,-87.0
1777890606.9313323,4.0,-2.0,-79.0
1777890606.9413323,4.0,0.0,-75.0
1777890606.9513323,4.0,2.0,-73.0
1777890606.9613323,1.0,1.0,-70.0
1777890606.9713323,2.0,-2.0,-73.0
1777890606.9813323,4.0,-2.0,-75.0
1777890606.9913323,6.0,-2.0,-74.0
1777890607.0013323,7.0,-2.0,-69.0
1777890607.0113325,10.0,-4.0,-70.0
1777890607.0213325,8.0,-2.0,-75.0
1777890607.0313325,2.0,-1.0,-83.0
1777890607.0413325,1.0,-2.0,-92.0
1777890607.0513325,0.0,-5.0,-92.0
1777890607.0613325,-2.0,-5.0,-85.0
1777890607.0713325,-2.0,-5.0,-82.0
1777890607.0813324,-1.0,-7.0,-81.0
1777890607.0913324,-3.0,-3.0,-71.0
1777890607.1013324,-6.0,-3.0,-72.0
1777890607.1113324,-4.0,-1.0,-79.0
1777890607.1213324,1.0,-3.0,-81.0
1777890607.1313324,2.0,0.0,-78.0
1777890607.1413324,6.0,-1.0,-73.0
1777890607.1513324,6.0,-3.0,-72.0
1777890607.1613324,0.0,-3.0,-73.0
1777890607.1713324,-2.0,-4.0,-73.0
1777890607.1813323,0.0,-1.0,-74.0
1777890607.1913323,-3.0,1.0,-74.0
1777890607.2013323,-1.0,0.0,-72.0
1777890607.2113323,-3.0,-1.0,-71.0
1777890607.2213323,-4.0,1.0,-69.0
1777890607.2313323,-5.0,0.0,-69.0
1777890607.2413323,-3.0,-3.0,-71.0
1777890607.2513323,-4.0,-4.0,-68.0
1777890607.2613325,-3.0,-7.0,-73.0
1777890607.2713325,-3.0,-6.0,-73.0
1777890607.2813325,-9.0,-3.0,-80.0
1777890607.2913325,-8.0,0.0,-83.0
1777890607.3013325,-8.0,-1.0,-80.0
1777890607.3113325,-7.0,-3.0,-77.0
1777890607.3213325,-4.0,-2.0,-74.0
1777890607.3313324,-4.0,-1.0,-74.0
1777890607.3413324,-6.0,-3.0,-75.0
1777890607.3513324,-2.0,-5.0,-71.0
1777890607.3613324,0.0,-5.0,-66.0
1777890607.3713324,0.0,0.0,-61.0
1777890607.3813324,3.0,0.0,-56.0
1777890607.3913324,3.0,-1.0,-64.0
1777890607.4023323,3.0,-2.0,-70.0
1777890607.4123323,2.0,1.0,-70.0
1777890607.4223323,0.0,0.0,-71.0
1777890607.4323325,-2.0,2.0,-72.0
1777890607.4423325,1.0,0.0,-76.0
1777890607.4523325,-3.0,-1.0,-76.0
1777890607.4623325,-2.0,-1.0,-72.0
1777890607.4723325,-1.0,-1.0,-73.0
1777890607.4823325,-1.0,-3.0,-71.0
1777890607.4923325,-2.0,-2.0,-65.0
1777890607.5023324,-1.0,-1.0,-63.0
1777890607.5123324,0.0,-4.0,-67.0
1777890607.5223324,-7.0,0.0,-74.0
1777890607.5323324,-4.0,-1.0,-72.0
1777890607.5423324,-4.0,-1.0,-72.0
1777890607.5523324,-2.0,0.0,-69.0
1777890607.5623324,0.0,0.0,-71.0
1777890607.5723324,0.0,-1.0,-78.0
1777890607.5823324,4.0,-1.0,-80.0
1777890607.5923324,2.0,0.0,-84.0
1777890607.6023324,4.0,0.0,-79.0
1777890607.6123323,4.0,1.0,-81.0
1777890607.6223323,0.0,-3.0,-84.0
1777890607.6323323,1.0,-5.0,-84.0
1777890607.6423323,4.0,-5.0,-79.0
1777890607.6523323,3.0,2.0,-76.0
1777890607.6623323,4.0,3.0,-76.0
1777890607.6723323,7.0,-2.0,-80.0
1777890607.6823325,4.0,-4.0,-84.0
1777890607.6923325,4.0,-3.0,-86.0
1777890607.7023325,3.0,-2.0,-81.0
1777890607.7123325,5.0,-5.0,-84.0
1777890607.7223325,3.0,-3.0,-88.0
1777890607.7323325,4.0,-2.0,-87.0
1777890607.7423325,5.0,-1.0,-88.0
1777890607.7523324,6.0,-1.0,-82.0
1777890607.7623324,3.0,0.0,-79.0
1777890607.7723324,-2.0,2.0,-72.0
1777890607.7823324,-2.0,1.0,-74.0
1777890607.7923324,-4.0,-4.0,-72.0
1777890607.8023324,0.0,-6.0,-71.0
1777890607.8123324,3.0,-4.0,-75.0
1777890607.8223324,0.0,0.0,-79.0
1777890607.8323324,-2.0,4.0,-86.0
1777890607.8423324,-1.0,2.0,-84.0
1777890607.8523324,1.0,0.0,-77.0
1777890607.8623323,0.0,-2.0,-77.0
1777890607.8723323,0.0,-1.0,-78.0
1777890607.8823323,-2.0,-1.0,-72.0
1777890607.8923323,-1.0,0.0,-67.0
1777890607.9023323,0.0,1.0,-66.0
1777890607.9123323,0.0,3.0,-70.0
1777890607.9223323,0.0,2.0,-74.0
1777890607.9323325,0.0,1.0,-78.0
1777890607.9423325,3.0,-1.0,-80.0
1777890607.9523325,2.0,-3.0,-82.0
1777890607.9623325,-3.0,-6.0,-78.0
1777890607.9723325,-4.0,-6.0,-79.0
1777890607.9823325,0.0,-8.0,-78.0
1777890607.9923325,0.0,-3.0,-82.0
1777890608.0023324,4.0,-1.0,-76.0
1777890608.0123324,7.0,-3.0,-70.0
1777890608.0223324,7.0,-3.0,-75.0
1777890608.0323324,5.0,-5.0,-69.0
1777890608.0423324,6.0,0.0,-66.0
1777890608.0523324,4.0,0.0,-76.0
1777890608.0623324,1.0,-2.0,-74.0
1777890608.0723324,-1.0,0.0,-77.0
1777890608.0823324,2.0,4.0,-70.0
1777890608.0923324,6.0,6.0,-71.0
1777890608.1023324,7.0,5.0,-76.0
1777890608.1123323,4.0,0.0,-78.0
1777890608.1223323,0.0,-2.0,-86.0
1777890608.1323323,0.0,-3.0,-83.0
1777890608.1423323,1.0,-1.0,-80.0
1777890608.1523323,0.0,-4.0,-78.0
1777890608.1623323,0.0,-4.0,-77.0
1777890608.1723323,0.0,-1.0,-77.0
1777890608.1823325,-2.0,0.0,-77.0
1777890608.1923325,-2.0,1.0,-81.0
1777890608.2023325,3.0,0.0,-85.0
1777890608.2123325,3.0,1.0,-89.0
1777890608.2223325,2.0,4.0,-89.0
1777890608.2323325,0.0,4.0,-90.0
1777890608.2423325,1.0,2.0,-87.0
1777890608.2523324,0.0,2.0,-83.0
1777890608.2623324,0.0,2.0,-76.0
1777890608.2723324,-1.0,1.0,-79.0
1777890608.2823324,2.0,2.0,-79.0
1777890608.2923324,2.0,0.0,-73.0
1777890608.3023324,2.0,0.0,-75.0
1777890608.3123324,-1.0,1.0,-82.0
1777890608.3223324,-3.0,3.0,-79.0
1777890608.3323324,1.0,1.0,-70.0
1777890608.3423324,2.0,4.0,-70.0
1777890608.3523324,2.0,3.0,-74.0
1777890608.3623323,0.0,2.0,-77.0
1777890608.3723323,4.0,0.0,-80.0
1777890608.3823323,3.0,1.0,-83.0
1777890608.3923323,1.0,4.0,-84.0
1777890608.4023323,2.0,7.0,-86.0
1777890608.4123323,7.0,8.0,-88.0
1777890608.4223323,8.0,1.0,-77.0
1777890608.4323325,4.0,0.0,-70.0
1777890608.4423325,3.0,1.0,-69.0
1777890608.4523325,3.0,4.0,-75.0
1777890608.4623325,3.0,5.0,-78.0
1777890608.4723325,4.0,1.0,-77.0
1777890608.4823325,3.0,2.0,-75.0
1777890608.4923325,2.0,-2.0,-74.0
1777890608.5023324,5.0,-3.0,-73.0
1777890608.5123324,0.0,1.0,-75.0
1777890608.5223324,2.0,2.0,-73.0
1777890608.5323324,1.0,-2.0,-77.0
1777890608.5423324,0.0,0.0,-75.0
1777890608.5523324,-1.0,5.0,-77.0
1777890608.5623324,-1.0,4.0,-77.0
1777890608.5723324,0.0,6.0,-76.0
1777890608.5823324,0.0,7.0,-76.0
1777890608.5923324,0.0,7.0,-74.0
1777890608.6023324,3.0,1.0,-81.0
1777890608.6123323,1.0,0.0,-80.0
1777890608.6223323,0.0,-5.0,-76.0
1777890608.6323323,-1.0,-4.0,-73.0
1777890608.6423323,0.0,-5.0,-72.0
1777890608.6523323,-1.0,-4.0,-67.0
1777890608.6623323,1.0,0.0,-71.0
1777890608.6723323,0.0,-4.0,-72.0
1777890608.6823325,2.0,-3.0,-69.0
1777890608.6923325,0.0,-1.0,-68.0
1777890608.7023325,0.0,-2.0,-74.0
1777890608.7123325,0.0,-1.0,-75.0
1777890608.7223325,0.0,-3.0,-81.0
1777890608.7323325,1.0,-1.0,-77.0
1777890608.7423325,4.0,-1.0,-80.0
1777890608.7523324,5.0,-3.0,-76.0
1777890608.7623324,8.0,-1.0,-78.0
1777890608.7723324,5.0,-2.0,-77.0
1777890608.7823324,7.0,0.0,-71.0
1777890608.7923324,11.0,-2.0,-70.0
1777890608.8023324,7.0,0.0,-78.0
1777890608.8123324,8.0,0.0,-77.0
1777890608.8223324,5.0,2.0,-81.0
1777890608.8323324,4.0,0.0,-76.0
1777890608.8423324,0.0,1.0,-72.0
1777890608.8523324,6.0,-2.0,-72.0
1777890608.8623323,4.0,-1.0,-75.0
1777890608.8723323,4.0,4.0,-81.0
1777890608.8823323,0.0,0.0,-85.0
1777890608.8923323,0.0,-4.0,-82.0
1777890608.9023323,-3.0,-2.0,-80.0
1777890608.9123323,0.0,0.0,-76.0
1777890608.9223323,1.0,0.0,-82.0
1777890608.9323325,-1.0,1.0,-83.0
1777890608.9423325,-2.0,1.0,-80.0
1777890608.9523325,0.0,-2.0,-77.0
1777890608.9623325,3.0,-2.0,-75.0
1777890608.9723325,0.0,-3.0,-69.0
1777890608.9823325,-3.0,-2.0,-71.0
1777890608.9923325,-2.0,0.0,-63.0
1777890609.0023324,0.0,1.0,-73.0
1777890609.0123324,2.0,0.0,-76.0
1777890609.0223324,0.0,-3.0,-80.0
1777890609.0323324,2.0,-2.0,-77.0
1777890609.0423324,3.0,-2.0,-73.0
1777890609.0523324,5.0,-4.0,-67.0
1777890609.0623324,3.0,-1.0,-74.0
1777890609.0723324,2.0,-3.0,-79.0
1777890609.0823324,2.0,-7.0,-81.0
1777890609.0923324,2.0,-3.0,-76.0
1777890609.1023324,0.0,2.0,-74.0
1777890609.1123323,0.0,0.0,-76.0
1777890609.1223323,-3.0,0.0,-80.0
1777890609.1323323,0.0,0.0,-87.0
1777890609.1423323,-1.0,0.0,-81.0
1777890609.1523323,-1.0,-4.0,-71.0
1777890609.1623323,1.0,-1.0,-73.0
1777890609.1723323,5.0,0.0,-77.0
1777890609.1823325,3.0,1.0,-74.0
1777890609.1923325,1.0,0.0,-71.0
1777890609.2023325,0.0,2.0,-64.0
1777890609.2123325,0.0,3.0,-59.0
1777890609.2223325,-4.0,2.0,-63.0
1777890609.2323325,0.0,2.0,-65.0
1777890609.2423325,2.0,0.0,-63.0
1777890609.2523324,0.0,1.0,-61.0
1777890609.2623324,1.0,0.0,-68.0
1777890609.2723324,2.0,1.0,-72.0
1777890609.2823324,1.0,-2.0,-70.0
1777890609.2923324,2.0,-3.0,-70.0
1777890609.3023324,0.0,0.0,-72.0
1777890609.3123324,1.0,1.0,-74.0
1777890609.3223324,3.0,-1.0,-72.0
1777890609.3323324,1.0,0.0,-75.0
1777890609.3423324,3.0,2.0,-69.0
1777890609.3523324,4.0,5.0,-68.0
1777890609.3623323,4.0,2.0,-65.0
1777890609.3723323,1.0,1.0,-61.0
1777890609.3823323,2.0,1.0,-64.0
1777890609.3933325,1.0,0.0,-68.0
1777890609.4023323,0.0,0.0,-66.0
1777890609.4133325,3.0,4.0,-70.0
1777890609.4233325,0.0,0.0,-66.0
1777890609.4333324,-2.0,-5.0,-71.0
1777890609.4433324,-1.0,-4.0,-72.0
1777890609.4533324,0.0,-4.0,-72.0
1777890609.4633324,2.0,-3.0,-74.0
1777890609.4733324,6.0,-4.0,-73.0
1777890609.4833324,7.0,0.0,-67.0
1777890609.4933324,7.0,0.0,-64.0
1777890609.5033324,3.0,-2.0,-63.0
1777890609.5133324,-2.0,0.0,-63.0
1777890609.5233324,-2.0,-3.0,-67.0
1777890609.5333323,0.0,-2.0,-64.0
1777890609.5433323,-3.0,-4.0,-66.0
1777890609.5533323,-3.0,-2.0,-61.0
1777890609.5633323,-5.0,-4.0,-66.0
1777890609.5733323,0.0,-6.0,-69.0
1777890609.5833323,1.0,-5.0,-73.0
1777890609.5933323,5.0,-1.0,-76.0
1777890609.6033323,5.0,-1.0,-74.0
1777890609.6133325,4.0,-2.0,-73.0
1777890609.6233325,1.0,0.0,-72.0
1777890609.6333325,-2.0,1.0,-70.0
1777890609.6433325,-3.0,2.0,-77.0
1777890609.6533325,-5.0,-1.0,-84.0
1777890609.6633325,-1.0,0.0,-86.0
1777890609.6733325,0.0,1.0,-88.0
1777890609.6833324,-4.0,0.0,-85.0
1777890609.6933324,-2.0,0.0,-75.0
1777890609.7033324,-1.0,0.0,-77.0
1777890609.7133324,-1.0,-3.0,-76.0
1777890609.7233324,-2.0,0.0,-78.0
1777890609.7333324,-2.0,2.0,-75.0
1777890609.7433324,-1.0,0.0,-78.0
1777890609.7533324,0.0,0.0,-76.0
1777890609.7633324,3.0,0.0,-67.0
1777890609.7733324,-1.0,-3.0,-67.0
1777890609.7833323,-2.0,0.0,-65.0
1777890609.7933323,1.0,-4.0,-61.0
1777890609.8033323,1.0,-6.0,-63.0
1777890609.8133323,6.0,-5.0,-65.0
1777890609.8233323,6.0,-7.0,-70.0
1777890609.8333323,0.0,-6.0,-73.0
1777890609.8433323,6.0,-5.0,-72.0
1777890609.8533323,10.0,0.0,-69.0
1777890609.8633325,3.0,0.0,-64.0
1777890609.8733325,1.0,0.0,-62.0
1777890609.8833325,3.0,-1.0,-63.0
1777890609.8933325,4.0,0.0,-70.0
1777890609.9033325,7.0,3.0,-68.0
1777890609.9133325,3.0,5.0,-66.0
1777890609.9233325,-4.0,6.0,-73.0
1777890609.9333324,2.0,7.0,-73.0
1777890609.9433324,-4.0,8.0,-78.0
1777890609.9533324,-3.0,3.0,-79.0
1777890609.9633324,-2.0,-1.0,-77.0
1777890609.9733324,0.0,1.0,-81.0
1777890609.9833324,3.0,4.0,-88.0
1777890609.9933324,2.0,3.0,-84.0
1777890610.0033324,1.0,2.0,-82.0
1777890610.0133324,3.0,0.0,-82.0
1777890610.0233324,2.0,-1.0,-82.0
1777890610.0333323,4.0,-4.0,-80.0
1777890610.0433323,0.0,-3.0,-83.0
1777890610.0533323,0.0,0.0,-87.0
1777890610.0633323,1.0,-3.0,-74.0
1777890610.0733323,3.0,-4.0,-68.0
1777890610.0833323,0.0,-4.0,-69.0
1777890610.0933323,2.0,-3.0,-71.0
1777890610.1033323,2.0,-4.0,-70.0
1777890610.1133325,2.0,-4.0,-74.0
1777890610.1233325,7.0,-3.0,-73.0
1777890610.1333325,8.0,-2.0,-73.0
1777890610.1433325,1.0,-2.0,-76.0
1777890610.1533325,-2.0,-2.0,-75.0
1777890610.1633325,1.0,-4.0,-65.0
1777890610.1733325,2.0,0.0,-61.0
1777890610.1833324,0.0,-1.0,-61.0
1777890610.1933324,0.0,-1.0,-67.0
1777890610.2033324,5.0,-5.0,-68.0
1777890610.2133324,4.0,-6.0,-70.0
1777890610.2233324,0.0,-5.0,-73.0
1777890610.2333324,3.0,-6.0,-70.0
1777890610.2433324,-2.0,-5.0,-68.0
1777890610.2533324,-2.0,-5.0,-65.0
1777890610.2633324,-6.0,-5.0,-75.0
1777890610.2733324,-5.0,-6.0,-76.0
1777890610.2833323,-2.0,-3.0,-75.0
1777890610.2933323,0.0,-1.0,-73.0
1777890610.3033323,1.0,-5.0,-72.0
1777890610.3133323,-1.0,-6.0,-69.0
1777890610.3233323,-1.0,-8.0,-63.0
1777890610.3333323,0.0,-6.0,-72.0
1777890610.3433323,4.0,-4.0,-77.0
1777890610.3533323,8.0,-2.0,-77.0
1777890610.3633325,10.0,2.0,-79.0
1777890610.3733325,5.0,5.0,-75.0
1777890610.3833325,3.0,4.0,-66.0
1777890610.3933325,0.0,1.0,-66.0
1777890610.4033325,4.0,0.0,-64.0
1777890610.4133325,3.0,1.0,-59.0
1777890610.4233325,3.0,3.0,-67.0
1777890610.4333324,5.0,0.0,-73.0
1777890610.4433324,3.0,-1.0,-75.0
1777890610.4533324,1.0,-1.0,-79.0
1777890610.4633324,1.0,-2.0,-82.0
1777890610.4733324,6.0,-5.0,-81.0
1777890610.4833324,4.0,-1.0,-72.0
1777890610.4933324,1.0,0.0,-80.0
1777890610.5033324,6.0,3.0,-83.0
1777890610.5133324,7.0,1.0,-81.0
1777890610.5233324,7.0,4.0,-77.0
1777890610.5333323,9.0,3.0,-73.0
1777890610.5433323,10.0,4.0,-72.0
1777890610.5533323,10.0,2.0,-67.0
1777890610.5633323,6.0,0.0,-67.0
1777890610.5733323,0.0,2.0,-70.0
1777890610.5833323,-3.0,5.0,-65.0
1777890610.5933323,0.0,7.0,-67.0
1777890610.6033323,-2.0,3.0,-67.0
1777890610.6133325,0.0,2.0,-67.0
1777890610.6233325,0.0,-1.0,-70.0
1777890610.6333325,-4.0,-1.0,-78.0
1777890610.6433325,-1.0,-4.0,-76.0
1777890610.6533325,-3.0,-5.0,-82.0
1777890610.6633325,1.0,-8.0,-81.0
1777890610.6733325,0.0,-6.0,-77.0
1777890610.6833324,0.0,-3.0,-85.0
1777890610.6933324,1.0,-3.0,-79.0
1777890610.7033324,0.0,-2.0,-73.0
1777890610.7133324,3.0,0.0,-71.0
1777890610.7233324,-2.0,-4.0,-73.0
1777890610.7333324,-2.0,-4.0,-75.0
1777890610.7433324,-1.0,-1.0,-80.0
1777890610.7533324,-1.0,-4.0,-74.0
1777890610.7633324,-2.0,-5.0,-78.0
1777890610.7733324,0.0,-4.0,-82.0
1777890610.7833323,1.0,-3.0,-78.0
1777890610.7933323,5.0,0.0,-80.0
1777890610.8033323,9.0,-2.0,-82.0
1777890610.8133323,10.0,0.0,-87.0
1777890610.8233323,10.0,1.0,-87.0
1777890610.8333323,10.0,2.0,-83.0
1777890610.8433323,6.0,3.0,-84.0
1777890610.8533323,5.0,1.0,-79.0
1777890610.8633325,5.0,1.0,-74.0
1777890610.8733325,7.0,1.0,-74.0
1777890610.8833325,8.0,2.0,-71.0
1777890610.8933325,5.0,0.0,-77.0
1777890610.9033325,1.0,0.0,-79.0
1777890610.9133325,1.0,0.0,-80.0
1777890610.9233325,0.0,-1.0,-78.0
1777890610.9333324,3.0,-2.0,-77.0
1777890610.9433324,3.0,0.0,-75.0
1777890610.9533324,4.0,-2.0,-82.0
1777890610.9633324,0.0,-3.0,-78.0
1777890610.9733324,-2.0,-7.0,-73.0
1777890610.9833324,-2.0,-6.0,-71.0
1777890610.9933324,-5.0,-2.0,-72.0
1777890611.0033324,-3.0,-4.0,-68.0
1777890611.0133324,-5.0,-5.0,-63.0
1777890611.0233324,-3.0,-2.0,-62.0
1777890611.0333323,-1.0,-2.0,-69.0
1777890611.0433323,0.0,-2.0,-69.0
1777890611.0533323,0.0,-3.0,-72.0
1777890611.0633323,2.0,-1.0,-69.0
1777890611.0733323,2.0,-3.0,-64.0
1777890611.0833323,2.0,-4.0,-68.0
1777890611.0933323,0.0,2.0,-69.0
1777890611.1033323,0.0,3.0,-72.0
1777890611.1133325,-1.0,2.0,-68.0
1777890611.1233325,0.0,0.0,-67.0
1777890611.1333325,-1.0,1.0,-74.0
1777890611.1433325,-5.0,1.0,-81.0
1777890611.1533325,-4.0,0.0,-82.0
1777890611.1633325,-4.0,-1.0,-89.0
1777890611.1733325,-5.0,-4.0,-84.0
1777890611.1833324,-7.0,-1.0,-79.0
1777890611.1933324,-6.0,-4.0,-76.0
1777890611.2033324,-5.0,-6.0,-76.0
1777890611.2133324,-7.0,0.0,-70.0
1777890611.2233324,-8.0,0.0,-64.0
1777890611.2333324,-7.0,-3.0,-69.0
1777890611.2433324,-8.0,-2.0,-72.0
1777890611.2533324,-7.0,-4.0,-80.0
1777890611.2633324,-7.0,-6.0,-80.0
1777890611.2733324,-1.0,-4.0,-80.0
1777890611.2833323,0.0,-3.0,-79.0
1777890611.2933323,0.0,-8.0,-83.0
1777890611.3033323,-1.0,-6.0,-86.0
1777890611.3133323,-3.0,-5.0,-86.0
1777890611.3233323,-2.0,-3.0,-86.0
1777890611.3333323,0.0,-2.0,-81.0
1777890611.3433323,-1.0,-3.0,-79.0
1777890611.3533323,0.0,-3.0,-76.0
1777890611.3633325,2.0,-1.0,-86.0
1777890611.3743324,1.0,-3.0,-85.0
1777890611.3833325,0.0,-1.0,-77.0
1777890611.3943324,-5.0,1.0,-69.0
1777890611.4043324,-5.0,-3.0,-64.0
1777890611.4143324,-3.0,-1.0,-63.0
1777890611.4243324,-7.0,0.0,-60.0
1777890611.4343324,-8.0,1.0,-66.0
1777890611.4443324,-7.0,0.0,-63.0
1777890611.4543324,-4.0,1.0,-65.0
1777890611.4643323,-3.0,1.0,-73.0
1777890611.4743323,-6.0,2.0,-81.0
1777890611.4843323,-6.0,1.0,-74.0
1777890611.4943323,-10.0,2.0,-74.0
1777890611.5043323,-9.0,0.0,-74.0
1777890611.5143323,-3.0,-2.0,-72.0
1777890611.5243323,-6.0,-7.0,-75.0
1777890611.5343325,-8.0,-6.0,-78.0
1777890611.5443325,-5.0,-1.0,-84.0
1777890611.5543325,-6.0,-2.0,-84.0
1777890611.5643325,-5.0,-1.0,-85.0
1777890611.5743325,-5.0,-2.0,-85.0
1777890611.5843325,-5.0,-1.0,-86.0
1777890611.5943325,-2.0,0.0,-80.0
1777890611.6043324,3.0,-3.0,-71.0
1777890611.6143324,1.0,0.0,-73.0
1777890611.6243324,0.0,-5.0,-71.0
1777890611.6343324,0.0,-7.0,-70.0
1777890611.6443324,-1.0,-5.0,-68.0
1777890611.6543324,-4.0,-7.0,-73.0
1777890611.6643324,-3.0,-6.0,-73.0
1777890611.6743324,-2.0,-4.0,-81.0
1777890611.6843324,1.0,-3.0,-81.0
1777890611.6943324,4.0,-6.0,-76.0
1777890611.7043324,2.0,-2.0,-76.0
1777890611.7143323,0.0,0.0,-72.0
1777890611.7243323,0.0,1.0,-72.0
1777890611.7343323,0.0,2.0,-73.0
1777890611.7443323,-2.0,1.0,-73.0
1777890611.7543323,-2.0,1.0,-69.0
1777890611.7643323,1.0,0.0,-69.0
1777890611.7743323,1.0,1.0,-67.0
1777890611.7843325,2.0,1.0,-68.0
1777890611.7943325,-1.0,1.0,-71.0
1777890611.8043325,-1.0,0.0,-80.0
1777890611.8143325,-4.0,-2.0,-79.0
1777890611.8243325,-2.0,0.0,-77.0
1777890611.8343325,0.0,-5.0,-74.0
1777890611.8443325,1.0,0.0,-69.0
1777890611.8543324,0.0,0.0,-67.0
1777890611.8643324,2.0,-1.0,-74.0
1777890611.8743324,5.0,0.0,-76.0
1777890611.8843324,8.0,-3.0,-73.0
1777890611.8943324,5.0,-1.0,-80.0
1777890611.9043324,4.0,0.0,-77.0
1777890611.9143324,4.0,2.0,-74.0
1777890611.9243324,2.0,2.0,-76.0
1777890611.9343324,4.0,1.0,-74.0
1777890611.9443324,0.0,-3.0,-69.0
1777890611.9543324,2.0,-8.0,-71.0
1777890611.9643323,0.0,-5.0,-70.0
1777890611.9743323,-3.0,-7.0,-71.0
1777890611.9843323,-1.0,-5.0,-72.0
1777890611.9943323,0.0,-4.0,-68.0
1777890612.0043323,5.0,-2.0,-74.0
1777890612.0143323,3.0,3.0,-69.0
1777890612.0243323,5.0,4.0,-67.0
1777890612.0343325,7.0,9.0,-69.0
1777890612.0443325,9.0,10.0,-73.0
1777890612.0543325,9.0,13.0,-76.0
1777890612.0643325,3.0,9.0,-82.0
1777890612.0743325,2.0,8.0,-82.0
1777890612.0843325,6.0,4.0,-81.0
1777890612.0943325,6.0,0.0,-76.0
1777890612.1043324,4.0,0.0,-74.0
1777890612.1143324,2.0,3.0,-71.0
1777890612.1243324,2.0,5.0,-71.0
1777890612.1343324,0.0,4.0,-70.0
1777890612.1443324,-1.0,3.0,-67.0
1777890612.1543324,0.0,2.0,-77.0
1777890612.1643324,0.0,2.0,-72.0
1777890612.1743324,0.0,0.0,-70.0
1777890612.1843324,-1.0,-4.0,-69.0
1777890612.1943324,-1.0,0.0,-66.0
1777890612.2043324,0.0,-4.0,-63.0
1777890612.2143323,0.0,-4.0,-65.0
1777890612.2243323,-2.0,-4.0,-74.0
1777890612.2343323,-1.0,-3.0,-73.0
1777890612.2443323,-2.0,-3.0,-72.0
1777890612.2543323,-3.0,-5.0,-75.0
1777890612.2643323,-5.0,-4.0,-80.0
1777890612.2743323,-4.0,-7.0,-85.0
1777890612.2843325,-2.0,-9.0,-77.0
1777890612.2943325,-1.0,-10.0,-81.0
1777890612.3043325,4.0,-5.0,-78.0
1777890612.3143325,3.0,-3.0,-74.0
1777890612.3243325,4.0,-7.0,-69.0
1777890612.3343325,3.0,-7.0,-70.0
1777890612.3443325,0.0,-5.0,-74.0
1777890612.3543324,0.0,-3.0,-75.0
1777890612.3643324,-1.0,-2.0,-79.0
1777890612.3743324,-3.0,0.0,-75.0
1777890612.3843324,0.0,-3.0,-74.0
1777890612.3943324,2.0,-3.0,-73.0
1777890612.4043324,0.0,-5.0,-73.0
1777890612.4143324,-2.0,-6.0,-72.0
1777890612.4243324,0.0,-3.0,-74.0
1777890612.4343324,0.0,-5.0,-76.0
1777890612.4443324,2.0,-6.0,-78.0
1777890612.4543324,1.0,-9.0,-76.0
1777890612.4643323,0.0,-5.0,-80.0
1777890612.4743323,0.0,-6.0,-85.0
1777890612.4843323,0.0,-2.0,-77.0
1777890612.4943323,3.0,-2.0,-74.0
1777890612.5043323,1.0,-2.0,-70.0
1777890612.5143323,6.0,0.0,-64.0
1777890612.5243323,8.0,1.0,-66.0
1777890612.5343325,9.0,-1.0,-67.0
1777890612.5443325,11.0,0.0,-69.0
1777890612.5543325,8.0,-3.0,-68.0
1777890612.5643325,7.0,-5.0,-77.0
1777890612.5743325,5.0,-4.0,-76.0
1777890612.5843325,-1.0,-5.0,-77.0
1777890612.5943325,4.0,-2.0,-81.0
1777890612.6043324,5.0,-3.0,-81.0
1777890612.6143324,1.0,-4.0,-69.0
1777890612.6243324,1.0,-1.0,-74.0
1777890612.6343324,0.0,-1.0,-77.0
1777890612.6443324,1.0,-1.0,-74.0
1777890612.6543324,4.0,-1.0,-72.0
1777890612.6643324,3.0,-4.0,-73.0
1777890612.6743324,2.0,-2.0,-75.0
1777890612.6843324,0.0,-5.0,-80.0
1777890612.6943324,-2.0,-6.0,-72.0
1777890612.7043324,-2.0,-6.0,-73.0
1777890612.7143323,0.0,-1.0,-72.0
1777890612.7243323,0.0,2.0,-71.0
1777890612.7343323,-2.0,1.0,-71.0
1777890612.7443323,-2.0,-1.0,-73.0
1777890612.7543323,-3.0,0.0,-80.0
1777890612.7643323,-7.0,-3.0,-74.0
1777890612.7743323,-4.0,-4.0,-67.0
1777890612.7843325,-8.0,-2.0,-66.0
1777890612.7943325,-6.0,-3.0,-70.0
1777890612.8043325,-3.0,-1.0,-68.0
1777890612.8143325,3.0,-1.0,-71.0
1777890612.8243325,5.0,2.0,-70.0
1777890612.8343325,6.0,5.0,-77.0
1777890612.8443325,9.0,3.0,-77.0
1777890612.8543324,4.0,0.0,-76.0
1777890612.8643324,5.0,0.0,-69.0
1777890612.8743324,6.0,-5.0,-68.0
1777890612.8843324,9.0,-7.0,-69.0
1777890612.8943324,7.0,-7.0,-68.0
1777890612.9043324,5.0,-6.0,-62.0
1777890612.9143324,1.0,-6.0,-63.0
1777890612.9243324,2.0,-4.0,-63.0
1777890612.9343324,2.0,-2.0,-65.0
1777890612.9443324,3.0,1.0,-76.0
1777890612.9543324,1.0,1.0,-77.0
1777890612.9643323,-1.0,0.0,-81.0
1777890612.9743323,0.0,0.0,-86.0
1777890612.9843323,-3.0,0.0,-82.0
1777890612.9943323,1.0,0.0,-69.0
1777890613.0043323,2.0,0.0,-68.0
1777890613.0143323,3.0,-2.0,-65.0
1777890613.0243323,2.0,-1.0,-69.0
1777890613.0343325,0.0,0.0,-69.0
1777890613.0443325,-1.0,-1.0,-66.0
1777890613.0543325,2.0,-2.0,-62.0
1777890613.0643325,3.0,-2.0,-66.0
1777890613.0743325,-3.0,2.0,-76.0
1777890613.0843325,-6.0,2.0,-74.0
1777890613.0943325,-4.0,2.0,-72.0
1777890613.1043324,-3.0,1.0,-68.0
1777890613.1143324,-6.0,-2.0,-68.0
1777890613.1243324,-4.0,-5.0,-76.0
1777890613.1343324,-3.0,-9.0,-84.0
1777890613.1443324,-2.0,-10.0,-85.0
1777890613.1543324,-9.0,-4.0,-80.0
1777890613.1643324,-11.0,0.0,-81.0
1777890613.1743324,-6.0,3.0,-80.0
1777890613.1843324,-3.0,0.0,-80.0
1777890613.1943324,-1.0,-1.0,-76.0
1777890613.2043324,0.0,0.0,-71.0
1777890613.2143323,0.0,0.0,-69.0
1777890613.2243323,0.0,0.0,-69.0
1777890613.2343323,-4.0,-5.0,-73.0
1777890613.2443323,-2.0,-5.0,-69.0
1777890613.2543323,-1.0,-6.0,-71.0
1777890613.2643323,-1.0,-5.0,-71.0
1777890613.2743323,0.0,-2.0,-72.0
1777890613.2843325,2.0,-5.0,-72.0
1777890613.2943325,5.0,-3.0,-75.0
1777890613.3043325,6.0,-5.0,-78.0
1777890613.3143325,6.0,-8.0,-75.0
1777890613.3243325,3.0,-6.0,-69.0
1777890613.3343325,1.0,-3.0,-71.0
1777890613.3443325,0.0,-1.0,-75.0
1777890613.3543324,-2.0,0.0,-73.0
1777890613.3653324,-1.0,1.0,-72.0
1777890613.3743324,0.0,5.0,-68.0
1777890613.3843324,-2.0,4.0,-64.0
1777890613.3953323,1.0,6.0,-67.0
1777890613.4053323,0.0,5.0,-67.0
1777890613.4153323,3.0,6.0,-75.0
1777890613.4253323,0.0,4.0,-71.0
1777890613.4353323,0.0,1.0,-73.0
1777890613.4453323,0.0,-1.0,-68.0
1777890613.4553325,3.0,2.0,-68.0
1777890613.4653325,3.0,0.0,-74.0
1777890613.4753325,2.0,1.0,-70.0
1777890613.4853325,1.0,1.0,-69.0
1777890613.4953325,1.0,0.0,-66.0
1777890613.5053325,0.0,2.0,-66.0
1777890613.5153325,1.0,5.0,-62.0
1777890613.5253325,0.0,0.0,-69.0
1777890613.5353324,2.0,-1.0,-68.0
1777890613.5453324,3.0,-3.0,-63.0
1777890613.5553324,0.0,-4.0,-69.0
1777890613.5653324,1.0,-3.0,-74.0
1777890613.5753324,0.0,-3.0,-78.0
1777890613.5853324,-4.0,-1.0,-83.0
1777890613.5953324,-2.0,1.0,-75.0
1777890613.6053324,0.0,0.0,-75.0
1777890613.6153324,5.0,0.0,-79.0
1777890613.6253324,7.0,-1.0,-73.0
1777890613.6353323,7.0,3.0,-73.0
1777890613.6453323,4.0,1.0,-77.0
1777890613.6553323,2.0,0.0,-79.0
1777890613.6653323,4.0,0.0,-77.0
1777890613.6753323,2.0,1.0,-75.0
1777890613.6853323,5.0,3.0,-76.0
1777890613.6953323,7.0,1.0,-76.0
1777890613.7053325,1.0,0.0,-75.0
1777890613.7153325,0.0,-1.0,-70.0
1777890613.7253325,-3.0,-2.0,-64.0
1777890613.7353325,-7.0,-1.0,-66.0
1777890613.7453325,-8.0,-1.0,-67.0
1777890613.7553325,-5.0,3.0,-69.0
1777890613.7653325,-3.0,7.0,-73.0
1777890613.7753325,-5.0,6.0,-77.0
1777890613.7853324,-9.0,4.0,-70.0
1777890613.7953324,-12.0,4.0,-70.0
1777890613.8053324,-11.0,5.0,-73.0
1777890613.8153324,-3.0,3.0,-79.0
1777890613.8253324,0.0,3.0,-76.0
1777890613.8353324,1.0,4.0,-72.0
1777890613.8453324,0.0,3.0,-71.0
1777890613.8553324,0.0,5.0,-74.0
1777890613.8653324,0.0,7.0,-78.0
1777890613.8753324,0.0,2.0,-75.0
1777890613.8853323,3.0,3.0,-70.0
1777890613.8953323,7.0,0.0,-67.0
1777890613.9053323,10.0,3.0,-71.0
1777890613.9153323,8.0,3.0,-67.0
1777890613.9253323,1.0,4.0,-68.0
1777890613.9353323,1.0,3.0,-74.0
1777890613.9453323,4.0,8.0,-73.0
1777890613.9553325,1.0,5.0,-75.0
1777890613.9653325,-4.0,4.0,-78.0
1777890613.9753325,-3.0,2.0,-77.0
1777890613.9853325,-5.0,1.0,-65.0
1777890613.9953325,0.0,0.0,-63.0
1777890614.0053325,2.0,1.0,-68.0
1777890614.0153325,0.0,5.0,-67.0
1777890614.0253325,2.0,7.0,-75.0
1777890614.0353324,1.0,8.0,-73.0
1777890614.0453324,0.0,5.0,-67.0
1777890614.0553324,0.0,3.0,-60.0
1777890614.0653324,0.0,4.0,-66.0
1777890614.0753324,-1.0,6.0,-68.0
1777890614.0853324,0.0,7.0,-71.0
1777890614.0953324,5.0,11.0,-74.0
1777890614.1053324,7.0,5.0,-69.0
1777890614.1153324,8.0,3.0,-62.0
1777890614.1253324,7.0,1.0,-72.0
1777890614.1353323,8.0,-2.0,-74.0
1777890614.1453323,6.0,0.0,-75.0
1777890614.1553323,5.0,0.0,-80.0
1777890614.1653323,0.0,1.0,-82.0
1777890614.1753323,0.0,4.0,-81.0
1777890614.1853323,-2.0,3.0,-83.0
1777890614.1953323,-2.0,-1.0,-80.0
1777890614.2053325,1.0,-3.0,-80.0
1777890614.2153325,4.0,-2.0,-77.0
1777890614.2253325,2.0,1.0,-79.0
1777890614.2353325,7.0,6.0,-72.0
1777890614.2453325,6.0,7.0,-70.0
1777890614.2553325,3.0,5.0,-76.0
1777890614.2653325,1.0,5.0,-74.0
1777890614.2753325,0.0,4.0,-73.0
1777890614.2853324,1.0,1.0,-70.0
1777890614.2953324,0.0,-4.0,-70.0
1777890614.3053324,-4.0,-5.0,-68.0
1777890614.3153324,-8.0,-5.0,-59.0
1777890614.3253324,-12.0,-2.0,-60.0
1777890614.3353324,-11.0,-4.0,-71.0
1777890614.3453324,-11.0,-9.0,-66.0
1777890614.3553324,-16.0,-9.0,-61.0
1777890614.3653324,-15.0,-5.0,-63.0
1777890614.3753324,-15.0,-6.0,-58.0
1777890614.3853323,-11.0,-1.0,-57.0
1777890614.3953323,-6.0,4.0,-60.0
1777890614.4053323,-2.0,0.0,-59.0
1777890614.4153323,-4.0,-3.0,-61.0
1777890614.4253323,-3.0,0.0,-65.0
1777890614.4353323,2.0,0.0,-76.0
1777890614.4453323,3.0,0.0,-80.0
1777890614.4553325,2.0,4.0,-76.0
1777890614.4653325,2.0,5.0,-72.0
1777890614.4753325,2.0,4.0,-69.0
1777890614.4853325,2.0,5.0,-63.0
1777890614.4953325,2.0,6.0,-62.0
1777890614.5053325,5.0,5.0,-69.0
1777890614.5153325,9.0,2.0,-76.0
1777890614.5253325,6.0,0.0,-84.0
1777890614.5353324,2.0,-2.0,-80.0
1777890614.5453324,-1.0,1.0,-75.0
1777890614.5553324,1.0,3.0,-73.0
1777890614.5653324,-2.0,4.0,-81.0
1777890614.5753324,-5.0,4.0,-82.0
1777890614.5853324,-6.0,3.0,-73.0
1777890614.5953324,-2.0,2.0,-69.0
1777890614.6053324,2.0,0.0,-63.0
1777890614.6153324,3.0,-5.0,-60.0
1777890614.6253324,0.0,-2.0,-68.0
1777890614.6353323,5.0,-4.0,-70.0
1777890614.6453323,5.0,-1.0,-67.0
1777890614.6553323,7.0,0.0,-73.0
1777890614.6653323,6.0,1.0,-77.0
1777890614.6753323,3.0,3.0,-79.0
1777890614.6853323,5.0,-1.0,-78.0
1777890614.6953323,5.0,-4.0,-71.0
1777890614.7053325,4.0,-2.0,-75.0
1777890614.7153325,2.0,-4.0,-74.0
1777890614.7263324,0.0,-5.0,-82.0
1777890614.7353325,0.0,-5.0,-81.0
1777890614.7453325,-2.0,-7.0,-82.0
1777890614.7553325,-2.0,-4.0,-74.0
1777890614.7653325,0.0,-5.0,-76.0
1777890614.7753325,0.0,-2.0,-80.0
1777890614.7853324,-1.0,0.0,-81.0
1777890614.7953324,-2.0,-2.0,-80.0
1777890614.8053324,-2.0,-3.0,-76.0
1777890614.8153324,1.0,-3.0,-74.0
1777890614.8253324,2.0,-5.0,-77.0
1777890614.8353324,1.0,1.0,-70.0
1777890614.8453324,-2.0,0.0,-71.0
1777890614.8553324,-1.0,2.0,-78.0
1777890614.8653324,0.0,3.0,-82.0
1777890614.8753324,1.0,7.0,-79.0
1777890614.8853323,5.0,4.0,-84.0
1777890614.8953323,1.0,4.0,-78.0
1777890614.9053323,0.0,0.0,-69.0
1777890614.9153323,0.0,-3.0,-74.0
1777890614.9253323,0.0,-2.0,-75.0
1777890614.9353323,-2.0,-3.0,-74.0
1777890614.9453323,0.0,-1.0,-71.0
1777890614.9553325,0.0,-2.0,-68.0
1777890614.9653325,0.0,-2.0,-69.0
1777890614.9753325,0.0,1.0,-75.0
1777890614.9853325,1.0,0.0,-75.0
1777890614.9953325,-5.0,0.0,-74.0
1777890615.0053325,-9.0,-1.0,-73.0
1777890615.0153325,-5.0,2.0,-73.0
1777890615.0253325,-9.0,6.0,-78.0
1777890615.0353324,-5.0,4.0,-80.0
1777890615.0453324,-1.0,1.0,-74.0
1777890615.0553324,-3.0,-1.0,-70.0
1777890615.0653324,0.0,0.0,-72.0
1777890615.0753324,4.0,2.0,-67.0
1777890615.0853324,4.0,3.0,-72.0
1777890615.0953324,7.0,-1.0,-71.0
1777890615.1053324,7.0,-5.0,-80.0
1777890615.1153324,6.0,-4.0,-84.0
1777890615.1253324,8.0,2.0,-81.0
1777890615.1353323,7.0,2.0,-74.0
1777890615.1453323,-3.0,2.0,-78.0
1777890615.1553323,-3.0,-1.0,-88.0
1777890615.1653323,0.0,-1.0,-82.0
1777890615.1753323,0.0,-1.0,-80.0
1777890615.1853323,-1.0,0.0,-76.0
1777890615.1953323,-1.0,-2.0,-76.0
1777890615.2053325,-10.0,-1.0,-75.0
1777890615.2153325,-11.0,0.0,-73.0
1777890615.2253325,-8.0,-2.0,-76.0
1777890615.2353325,-5.0,-2.0,-73.0
1777890615.2453325,-2.0,0.0,-72.0
1777890615.2553325,-3.0,2.0,-71.0
1777890615.2653325,-3.0,-3.0,-80.0
1777890615.2753325,-2.0,-3.0,-82.0
1777890615.2853324,1.0,-1.0,-75.0
1777890615.2953324,2.0,-7.0,-78.0
1777890615.3053324,2.0,-4.0,-73.0
1777890615.3153324,1.0,-3.0,-74.0
1777890615.3253324,-2.0,-1.0,-70.0
1777890615.3363323,0.0,-3.0,-69.0
1777890615.3453324,4.0,-4.0,-60.0
1777890615.3553324,2.0,-6.0,-61.0
1777890615.3653324,3.0,-7.0,-62.0
1777890615.3763323,2.0,-9.0,-73.0
1777890615.3863325,2.0,-5.0,-76.0
1777890615.3963325,0.0,-6.0,-83.0
1777890615.4063325,0.0,-6.0,-79.0
1777890615.4163325,0.0,-4.0,-81.0
1777890615.4263325,1.0,3.0,-76.0
1777890615.4363325,6.0,4.0,-77.0
1777890615.4463325,7.0,1.0,-78.0
1777890615.4563324,12.0,1.0,-81.0
1777890615.4663324,11.0,0.0,-78.0
1777890615.4763324,6.0,-4.0,-79.0
1777890615.4863324,4.0,-4.0,-83.0
1777890615.4963324,4.0,-7.0,-89.0
1777890615.5063324,6.0,-4.0,-88.0
1777890615.5163324,3.0,0.0,-87.0
1777890615.5263324,2.0,2.0,-88.0
1777890615.5363324,6.0,0.0,-86.0
1777890615.5463324,4.0,-4.0,-83.0
1777890615.5563323,5.0,-6.0,-78.0
1777890615.5663323,3.0,-4.0,-70.0
1777890615.5763323,-2.0,-3.0,-71.0
1777890615.5863323,-2.0,-2.0,-71.0
1777890615.5963323,5.0,-1.0,-74.0
1777890615.6063323,6.0,-3.0,-72.0
1777890615.6163323,4.0,-2.0,-67.0
1777890615.6263323,0.0,1.0,-72.0
1777890615.6363325,3.0,0.0,-70.0
1777890615.6463325,4.0,-1.0,-72.0
1777890615.6563325,1.0,-3.0,-78.0
1777890615.6663325,1.0,-4.0,-84.0
1777890615.6763325,-3.0,-6.0,-82.0
1777890615.6863325,-3.0,-5.0,-78.0
1777890615.6963325,-2.0,0.0,-73.0
1777890615.7063324,-2.0,1.0,-76.0
1777890615.7163324,1.0,3.0,-73.0
1777890615.7263324,6.0,0.0,-70.0
1777890615.7363324,6.0,0.0,-73.0
1777890615.7463324,4.0,3.0,-70.0
1777890615.7563324,2.0,0.0,-71.0
1777890615.7663324,0.0,0.0,-70.0
1777890615.7763324,0.0,2.0,-69.0
1777890615.7863324,0.0,0.0,-71.0
1777890615.7963324,2.0,0.0,-75.0
1777890615.8063323,4.0,5.0,-72.0
1777890615.8163323,5.0,3.0,-74.0
1777890615.8263323,4.0,1.0,-84.0
1777890615.8363323,7.0,0.0,-86.0
1777890615.8463323,0.0,-2.0,-76.0
1777890615.8563323,2.0,-1.0,-67.0
1777890615.8663323,2.0,1.0,-68.0
1777890615.8763323,3.0,-1.0,-72.0
1777890615.8863325,5.0,-2.0,-74.0
1777890615.8963325,5.0,0.0,-78.0
1777890615.9063325,2.0,-1.0,-73.0
1777890615.9163325,-1.0,-1.0,-77.0
1777890615.9263325,-3.0,1.0,-73.0
1777890615.9363325,-4.0,4.0,-72.0
1777890615.9463325,0.0,3.0,-66.0
1777890615.9563324,4.0,6.0,-69.0
1777890615.9663324,7.0,12.0,-75.0
1777890615.9763324,8.0,15.0,-74.0
1777890615.9863324,4.0,11.0,-70.0
1777890615.9963324,6.0,9.0,-67.0
1777890616.0063324,5.0,5.0,-68.0
1777890616.0163324,6.0,3.0,-71.0
1777890616.0263324,3.0,-1.0,-68.0
1777890616.0363324,2.0,0.0,-71.0
1777890616.0463324,0.0,3.0,-72.0
1777890616.0563323,0.0,1.0,-74.0
1777890616.0663323,0.0,-2.0,-74.0
1777890616.0763323,-6.0,2.0,-74.0
1777890616.0863323,-8.0,0.0,-72.0
1777890616.0963323,-4.0,-1.0,-71.0
1777890616.1063323,2.0,0.0,-68.0
1777890616.1163323,4.0,0.0,-74.0
1777890616.1263323,5.0,4.0,-76.0
1777890616.1363325,5.0,1.0,-76.0
1777890616.1463325,4.0,3.0,-78.0
1777890616.1563325,1.0,0.0,-75.0
1777890616.1663325,-1.0,0.0,-73.0
1777890616.1763325,0.0,1.0,-71.0
1777890616.1863325,0.0,5.0,-70.0
1777890616.1963325,4.0,4.0,-70.0
1777890616.2063324,3.0,1.0,-69.0
1777890616.2163324,2.0,2.0,-70.0
1777890616.2263324,6.0,0.0,-72.0
1777890616.2363324,7.0,0.0,-76.0
1777890616.2463324,10.0,-1.0,-77.0
1777890616.2563324,5.0,-2.0,-77.0
1777890616.2663324,4.0,-1.0,-72.0
1777890616.2763324,1.0,0.0,-71.0
1777890616.2863324,-2.0,0.0,-77.0
1777890616.2963324,0.0,0.0,-83.0
1777890616.3063323,7.0,-3.0,-74.0
1777890616.3163323,8.0,0.0,-78.0
1777890616.3263323,6.0,3.0,-75.0
1777890616.3363323,8.0,5.0,-73.0
1777890616.3463323,10.0,4.0,-67.0
1777890616.3563323,9.0,5.0,-68.0
1777890616.3663323,4.0,4.0,-71.0
1777890616.3763323,2.0,2.0,-73.0
1777890616.3863325,2.0,-1.0,-73.0
1777890616.3963325,3.0,-3.0,-69.0
1777890616.4063325,2.0,-3.0,-68.0
1777890616.4163325,3.0,-2.0,-74.0
1777890616.4263325,6.0,0.0,-79.0
1777890616.4363325,6.0,-5.0,-80.0
1777890616.4463325,5.0,-4.0,-82.0
1777890616.4563324,1.0,0.0,-87.0
1777890616.4663324,0.0,-1.0,-84.0
1777890616.4763324,0.0,0.0,-82.0
1777890616.4863324,3.0,0.0,-81.0
1777890616.4963324,4.0,-1.0,-82.0
1777890616.5063324,3.0,0.0,-77.0
1777890616.5163324,2.0,0.0,-74.0
1777890616.5263324,2.0,0.0,-69.0
1777890616.5363324,7.0,0.0,-67.0
1777890616.5463324,4.0,0.0,-72.0
1777890616.5563323,4.0,-1.0,-76.0
1777890616.5663323,5.0,1.0,-75.0
1777890616.5763323,8.0,4.0,-82.0
1777890616.5863323,6.0,3.0,-81.0
1777890616.5963323,1.0,0.0,-83.0
1777890616.6063323,4.0,-1.0,-72.0
1777890616.6163323,2.0,-2.0,-69.0
1777890616.6263323,2.0,0.0,-66.0
1777890616.6363325,2.0,0.0,-66.0
1777890616.6463325,7.0,-1.0,-61.0
1777890616.6563325,4.0,-3.0,-59.0
1777890616.6663325,6.0,-3.0,-72.0
1777890616.6763325,6.0,-1.0,-74.0
1777890616.6863325,3.0,-4.0,-69.0
1777890616.6963325,1.0,-6.0,-68.0
1777890616.7063324,2.0,-4.0,-67.0
1777890616.7163324,2.0,-2.0,-65.0
1777890616.7263324,2.0,0.0,-71.0
1777890616.7363324,1.0,-2.0,-74.0
1777890616.7463324,0.0,-5.0,-78.0
1777890616.7563324,0.0,-6.0,-74.0
1777890616.7663324,-1.0,-3.0,-73.0
1777890616.7763324,-1.0,-2.0,-77.0
1777890616.7863324,-4.0,0.0,-75.0
1777890616.7963324,-3.0,2.0,-76.0
1777890616.8063323,1.0,4.0,-79.0
1777890616.8163323,0.0,3.0,-66.0
1777890616.8263323,-2.0,3.0,-71.0
1777890616.8363323,-5.0,5.0,-72.0
1777890616.8463323,-4.0,2.0,-75.0
1777890616.8563323,-5.0,2.0,-70.0
1777890616.8663323,-1.0,5.0,-68.0
1777890616.8763323,0.0,4.0,-72.0
1777890616.8863325,-1.0,0.0,-73.0
1777890616.8963325,0.0,0.0,-81.0
1777890616.9063325,0.0,1.0,-77.0
1777890616.9163325,-2.0,0.0,-78.0
1777890616.9263325,-5.0,-3.0,-80.0
1777890616.9363325,-5.0,-8.0,-81.0
1777890616.9463325,-3.0,-5.0,-80.0
1777890616.9563324,-2.0,-5.0,-80.0
1777890616.9663324,-2.0,-3.0,-71.0
1777890616.9763324,0.0,-5.0,-74.0
1777890616.9863324,3.0,-5.0,-69.0
1777890616.9963324,2.0,-1.0,-68.0
1777890617.0063324,5.0,-2.0,-67.0
1777890617.0163324,4.0,0.0,-73.0
1777890617.0263324,0.0,0.0,-80.0
1777890617.0363324,-3.0,0.0,-80.0
1777890617.0463324,1.0,-1.0,-84.0
1777890617.0563323,3.0,-3.0,-78.0
1777890617.0663323,5.0,-5.0,-76.0
1777890617.0763323,2.0,-3.0,-77.0
1777890617.0863323,2.0,-5.0,-76.0
1777890617.0963323,0.0,-3.0,-80.0
1777890617.1063323,-2.0,-6.0,-79.0
1777890617.1163323,-5.0,-5.0,-77.0
1777890617.1263323,-4.0,-1.0,-75.0
1777890617.1363325,3.0,-1.0,-70.0
1777890617.1463325,3.0,-3.0,-72.0
1777890617.1563325,2.0,-2.0,-71.0
1777890617.1663325,1.0,-4.0,-69.0
1777890617.1763325,1.0,-3.0,-67.0
1777890617.1863325,-1.0,-2.0,-62.0
1777890617.1963325,3.0,-4.0,-62.0
1777890617.2063324,2.0,-3.0,-66.0
1777890617.2163324,-1.0,-1.0,-73.0
1777890617.2263324,-1.0,-3.0,-74.0
1777890617.2363324,1.0,-2.0,-76.0
1777890617.2463324,-3.0,-1.0,-81.0
1777890617.2563324,-3.0,0.0,-71.0
1777890617.2663324,0.0,1.0,-66.0
1777890617.2763324,0.0,0.0,-68.0
1777890617.2863324,3.0,-1.0,-63.0
1777890617.2963324,1.0,1.0,-59.0
1777890617.3063323,1.0,2.0,-57.0
1777890617.3163323,0.0,4.0,-59.0
1777890617.3263323,-1.0,6.0,-63.0
1777890617.3363323,-3.0,5.0,-66.0
1777890617.3463323,-4.0,2.0,-65.0
1777890617.3573325,-5.0,-3.0,-74.0
1777890617.3673325,-1.0,-6.0,-73.0
1777890617.3773324,-2.0,-9.0,-71.0
1777890617.3873324,0.0,-6.0,-69.0
1777890617.3973324,0.0,0.0,-68.0
1777890617.4073324,1.0,0.0,-74.0
1777890617.4173324,2.0,0.0,-67.0
1777890617.4273324,1.0,3.0,-63.0
1777890617.4373324,0.0,3.0,-57.0
1777890617.4473324,2.0,5.0,-58.0
1777890617.4573324,9.0,2.0,-65.0
1777890617.4673324,8.0,1.0,-66.0
1777890617.4773324,5.0,5.0,-58.0
1777890617.4873323,1.0,5.0,-67.0
1777890617.4973323,0.0,1.0,-69.0
1777890617.5073323,0.0,-2.0,-68.0
1777890617.5173323,-1.0,-2.0,-64.0
1777890617.5273323,0.0,-2.0,-60.0
1777890617.5373323,1.0,-2.0,-66.0
1777890617.5473323,3.0,-1.0,-70.0
1777890617.5573325,0.0,1.0,-61.0
1777890617.5673325,-1.0,-1.0,-65.0
1777890617.5773325,0.0,-4.0,-74.0
1777890617.5873325,-4.0,-2.0,-70.0
1777890617.5973325,-2.0,-5.0,-67.0
1777890617.6073325,-1.0,0.0,-63.0
1777890617.6173325,0.0,-2.0,-70.0
1777890617.6273324,1.0,-6.0,-70.0
1777890617.6373324,7.0,-8.0,-68.0
1777890617.6473324,9.0,-4.0,-70.0
1777890617.6573324,9.0,-3.0,-70.0
1777890617.6673324,10.0,-1.0,-76.0
1777890617.6773324,9.0,-2.0,-71.0
1777890617.6873324,5.0,-1.0,-67.0
1777890617.6973324,2.0,-1.0,-65.0
1777890617.7073324,4.0,1.0,-66.0
1777890617.7173324,5.0,1.0,-68.0
1777890617.7273324,7.0,-1.0,-78.0
1777890617.7373323,1.0,0.0,-81.0
1777890617.7473323,-2.0,0.0,-70.0
1777890617.7573323,-4.0,0.0,-67.0
1777890617.7673323,1.0,-4.0,-67.0
1777890617.7773323,2.0,-4.0,-69.0
1777890617.7873323,0.0,-5.0,-67.0
1777890617.7973323,-1.0,-3.0,-65.0
1777890617.8073325,1.0,-2.0,-68.0
1777890617.8173325,-1.0,-2.0,-74.0
1777890617.8273325,0.0,-3.0,-75.0
1777890617.8373325,3.0,-3.0,-76.0
1777890617.8473325,1.0,-2.0,-73.0
1777890617.8573325,0.0,-2.0,-75.0
1777890617.8673325,0.0,0.0,-72.0
1777890617.8773324,1.0,-3.0,-75.0
1777890617.8873324,2.0,-8.0,-74.0
1777890617.8973324,3.0,-3.0,-73.0
1777890617.9073324,1.0,-3.0,-68.0
1777890617.9173324,1.0,-3.0,-71.0
1777890617.9273324,2.0,-6.0,-77.0
1777890617.9373324,1.0,-7.0,-74.0
1777890617.9473324,4.0,-3.0,-70.0
1777890617.9573324,1.0,-3.0,-71.0
1777890617.9673324,-3.0,2.0,-69.0
1777890617.9773324,-4.0,0.0,-72.0
1777890617.9873323,-6.0,1.0,-75.0
1777890617.9973323,-6.0,1.0,-83.0
1777890618.0073323,-4.0,1.0,-81.0
1777890618.0173323,-2.0,3.0,-75.0
1777890618.0273323,0.0,3.0,-69.0
1777890618.0373323,3.0,0.0,-65.0
1777890618.0473323,6.0,0.0,-65.0
1777890618.0573325,0.0,3.0,-71.0
1777890618.0673325,1.0,0.0,-77.0
1777890618.0773325,4.0,-1.0,-71.0
1777890618.0873325,3.0,-2.0,-72.0
1777890618.0973325,2.0,-1.0,-73.0
1777890618.1073325,0.0,0.0,-66.0
1777890618.1173325,0.0,0.0,-65.0
1777890618.1273324,1.0,0.0,-75.0
1777890618.1373324,0.0,0.0,-77.0
1777890618.1473324,2.0,0.0,-75.0
1777890618.1573324,-1.0,0.0,-72.0
1777890618.1673324,-2.0,0.0,-74.0
1777890618.1773324,-2.0,-3.0,-74.0
1777890618.1873324,-1.0,-3.0,-73.0
1777890618.1973324,-4.0,-2.0,-74.0
1777890618.2073324,-5.0,3.0,-80.0
1777890618.2173324,-8.0,2.0,-86.0
1777890618.2273324,-7.0,4.0,-89.0
1777890618.2373323,-9.0,3.0,-85.0
1777890618.2473323,-8.0,3.0,-81.0
1777890618.2573323,-10.0,4.0,-81.0
1777890618.2673323,-4.0,3.0,-71.0
1777890618.2773323,-2.0,0.0,-70.0
1777890618.2873323,3.0,-7.0,-70.0
1777890618.2973323,8.0,-6.0,-68.0
1777890618.3073325,6.0,-4.0,-65.0
1777890618.3173325,1.0,0.0,-66.0
1777890618.3273325,-2.0,1.0,-70.0
1777890618.3373325,-4.0,2.0,-73.0
1777890618.3473325,-4.0,2.0,-79.0
1777890618.3573325,0.0,6.0,-75.0
1777890618.3673325,0.0,5.0,-75.0
1777890618.3773324,3.0,6.0,-78.0
1777890618.3873324,2.0,11.0,-77.0
1777890618.3973324,4.0,6.0,-73.0
1777890618.4073324,0.0,5.0,-77.0
1777890618.4173324,-5.0,3.0,-79.0
1777890618.4273324,-8.0,0.0,-76.0
1777890618.4373324,-10.0,-1.0,-76.0
1777890618.4473324,-7.0,0.0,-73.0
1777890618.4573324,-3.0,-2.0,-70.0
1777890618.4673324,-4.0,2.0,-70.0
1777890618.4773324,-1.0,0.0,-71.0
1777890618.4873323,0.0,2.0,-72.0
1777890618.4973323,-2.0,4.0,-80.0
1777890618.5073323,0.0,3.0,-79.0
1777890618.5173323,0.0,3.0,-74.0
1777890618.5273323,2.0,-2.0,-72.0
1777890618.5373323,2.0,-2.0,-70.0
1777890618.5473323,3.0,0.0,-76.0
1777890618.5573325,2.0,-1.0,-85.0
1777890618.5673325,0.0,-2.0,-80.0
1777890618.5773325,1.0,-2.0,-75.0
1777890618.5873325,1.0,-6.0,-76.0
1777890618.5973325,0.0,-7.0,-74.0
1777890618.6073325,-4.0,-7.0,-77.0
1777890618.6173325,-5.0,-5.0,-77.0
1777890618.6273324,-5.0,-2.0,-78.0
1777890618.6373324,-6.0,-3.0,-71.0
1777890618.6473324,-3.0,1.0,-79.0
1777890618.6573324,2.0,0.0,-80.0
1777890618.6673324,-2.0,0.0,-81.0
1777890618.6773324,-1.0,3.0,-87.0
1777890618.6873324,5.0,2.0,-87.0
1777890618.6973324,6.0,-2.0,-80.0
1777890618.7073324,4.0,-1.0,-73.0
1777890618.7173324,-2.0,-2.0,-67.0
1777890618.7273324,0.0,0.0,-62.0
1777890618.7373323,1.0,7.0,-64.0
1777890618.7473323,7.0,6.0,-64.0
1777890618.7573323,5.0,2.0,-70.0
1777890618.7673323,4.0,-1.0,-70.0
1777890618.7773323,1.0,2.0,-62.0
1777890618.7873323,2.0,0.0,-62.0
1777890618.7973323,3.0,-1.0,-61.0
1777890618.8073325,1.0,0.0,-58.0
1777890618.8173325,0.0,1.0,-56.0
1777890618.8273325,-2.0,0.0,-60.0
1777890618.8373325,-2.0,0.0,-63.0
1777890618.8473325,-1.0,2.0,-67.0
1777890618.8573325,-3.0,-1.0,-73.0
1777890618.8673325,-2.0,-3.0,-70.0
1777890618.8773324,3.0,-2.0,-69.0
1777890618.8873324,3.0,0.0,-72.0
1777890618.8973324,3.0,1.0,-67.0
1777890618.9073324,-3.0,-4.0,-69.0
1777890618.9173324,-5.0,-4.0,-64.0
1777890618.9273324,-4.0,-4.0,-61.0
1777890618.9373324,-5.0,-3.0,-65.0
1777890618.9473324,-4.0,-5.0,-68.0
1777890618.9573324,-4.0,-5.0,-69.0
1777890618.9673324,-5.0,-5.0,-71.0
1777890618.9773324,-4.0,-2.0,-72.0
1777890618.9873323,0.0,-4.0,-76.0
1777890618.9973323,-4.0,0.0,-70.0
1777890619.0073323,-5.0,-1.0,-63.0
1777890619.0173323,-7.0,-3.0,-59.0
1777890619.0273323,-3.0,1.0,-57.0
1777890619.0373323,2.0,1.0,-61.0
1777890619.0473323,0.0,2.0,-65.0
1777890619.0573325,-3.0,3.0,-71.0
1777890619.0673325,0.0,2.0,-76.0
1777890619.0773325,0.0,2.0,-81.0
1777890619.0873325,1.0,4.0,-81.0
1777890619.0973325,0.0,3.0,-78.0
1777890619.1073325,4.0,6.0,-71.0
1777890619.1173325,7.0,1.0,-72.0
1777890619.1273324,6.0,0.0,-72.0
1777890619.1373324,8.0,3.0,-74.0
1777890619.1473324,9.0,5.0,-78.0
1777890619.1573324,5.0,0.0,-80.0
1777890619.1673324,3.0,3.0,-79.0
1777890619.1773324,0.0,3.0,-80.0
1777890619.1873324,-4.0,5.0,-85.0
1777890619.1973324,-5.0,5.0,-92.0
1777890619.2073324,-5.0,0.0,-87.0
1777890619.2173324,-3.0,0.0,-85.0
1777890619.2273324,3.0,4.0,-81.0
1777890619.2373323,1.0,2.0,-77.0
1777890619.2473323,1.0,2.0,-78.0
1777890619.2573323,2.0,2.0,-77.0
1777890619.2673323,5.0,1.0,-76.0
1777890619.2773323,4.0,2.0,-81.0
1777890619.2873323,5.0,-3.0,-76.0
1777890619.2973323,2.0,-2.0,-65.0
1777890619.3073325,3.0,-2.0,-68.0
1777890619.3173325,-1.0,-4.0,-71.0
1777890619.3283324,-3.0,-3.0,-74.0
1777890619.3383324,-4.0,1.0,-79.0
1777890619.3483324,-5.0,0.0,-70.0
1777890619.3583324,-3.0,0.0,-68.0
1777890619.3683324,-5.0,0.0,-71.0
1777890619.3783324,-6.0,5.0,-71.0
1777890619.3883324,-7.0,5.0,-69.0
1777890619.3983324,-4.0,5.0,-72.0
1777890619.4083323,-4.0,2.0,-79.0
1777890619.4183323,-4.0,2.0,-82.0
1777890619.4283323,0.0,3.0,-81.0
1777890619.4383323,0.0,4.0,-79.0
1777890619.4483323,0.0,5.0,-75.0
1777890619.4583323,-1.0,4.0,-78.0
1777890619.4683323,0.0,3.0,-72.0
1777890619.4783323,0.0,0.0,-75.0
1777890619.4883325,0.0,0.0,-69.0
1777890619.4983325,0.0,-3.0,-71.0
1777890619.5083325,-1.0,0.0,-73.0
1777890619.5183325,-2.0,0.0,-72.0
1777890619.5283325,-7.0,0.0,-72.0
1777890619.5383325,-6.0,1.0,-73.0
1777890619.5483325,-5.0,0.0,-73.0
1777890619.5583324,-4.0,-5.0,-68.0
1777890619.5683324,-1.0,-6.0,-66.0
1777890619.5783324,4.0,-7.0,-69.0
1777890619.5883324,5.0,-9.0,-70.0
1777890619.5983324,5.0,-10.0,-74.0
1777890619.6083324,0.0,-14.0,-79.0
1777890619.6183324,-1.0,-15.0,-77.0
1777890619.6283324,-1.0,-9.0,-67.0
1777890619.6383324,2.0,-5.0,-65.0
1777890619.6483324,1.0,-3.0,-65.0
1777890619.6583323,0.0,-5.0,-67.0
1777890619.6683323,0.0,-2.0,-65.0
1777890619.6783323,0.0,0.0,-60.0
1777890619.6883323,7.0,0.0,-63.0
1777890619.6983323,8.0,0.0,-75.0
1777890619.7083323,4.0,-1.0,-76.0
1777890619.7183323,-3.0,-4.0,-71.0
1777890619.7283323,0.0,-5.0,-65.0
1777890619.7383325,8.0,-8.0,-67.0
1777890619.7483325,5.0,-8.0,-67.0
1777890619.7583325,4.0,-4.0,-67.0
1777890619.7683325,1.0,0.0,-70.0
1777890619.7783325,-1.0,0.0,-71.0
1777890619.7883325,1.0,0.0,-70.0
1777890619.7983325,2.0,-1.0,-65.0
1777890619.8083324,0.0,0.0,-63.0
1777890619.8183324,-2.0,-2.0,-67.0
1777890619.8283324,-2.0,-1.0,-73.0
1777890619.8383324,0.0,-1.0,-71.0
1777890619.8483324,0.0,-4.0,-73.0
1777890619.8583324,0.0,-5.0,-79.0
1777890619.8683324,1.0,-1.0,-84.0
1777890619.8783324,0.0,0.0,-85.0
1777890619.8883324,-4.0,1.0,-80.0
1777890619.8983324,-4.0,1.0,-76.0
1777890619.9083323,0.0,0.0,-77.0
1777890619.9183323,0.0,-2.0,-76.0
1777890619.9283323,-1.0,-2.0,-77.0
1777890619.9383323,0.0,2.0,-84.0
1777890619.9483323,-1.0,3.0,-85.0
1777890619.9583323,0.0,5.0,-83.0
1777890619.9683323,2.0,5.0,-83.0
1777890619.9783323,0.0,7.0,-85.0
1777890619.9883325,6.0,6.0,-85.0
1777890619.9983325,3.0,3.0,-77.0
1777890620.0083325,7.0,0.0,-79.0
1777890620.0183325,4.0,1.0,-82.0
1777890620.0283325,2.0,4.0,-87.0
1777890620.0383325,-3.0,4.0,-76.0
1777890620.0483325,-3.0,2.0,-79.0
1777890620.0583324,2.0,0.0,-78.0
1777890620.0683324,2.0,0.0,-79.0
1777890620.0783324,-1.0,-3.0,-79.0
1777890620.0883324,0.0,-3.0,-81.0
1777890620.0983324,1.0,-2.0,-79.0
1777890620.1083324,1.0,0.0,-84.0
1777890620.1183324,2.0,-4.0,-84.0
1777890620.1283324,1.0,-5.0,-80.0
1777890620.1383324,4.0,-6.0,-76.0
1777890620.1483324,4.0,-7.0,-74.0
1777890620.1583323,6.0,-2.0,-75.0
1777890620.1683323,2.0,-2.0,-76.0
1777890620.1783323,5.0,-3.0,-76.0
1777890620.1883323,6.0,-2.0,-70.0
1777890620.1983323,2.0,-3.0,-68.0
1777890620.2083323,3.0,0.0,-67.0
1777890620.2183323,5.0,-1.0,-69.0
1777890620.2283323,-1.0,0.0,-64.0
1777890620.2383325,-3.0,-3.0,-67.0
1777890620.2483325,0.0,1.0,-68.0
1777890620.2583325,1.0,3.0,-65.0
1777890620.2683325,6.0,-1.0,-66.0
1777890620.2783325,3.0,-3.0,-68.0
1777890620.2883325,0.0,-4.0,-63.0
1777890620.2983325,0.0,0.0,-64.0
1777890620.3083324,0.0,2.0,-69.0
1777890620.3183324,0.0,1.0,-62.0
1777890620.3283324,-1.0,0.0,-65.0
1777890620.3383324,-2.0,-1.0,-69.0
1777890620.3483324,-1.0,-2.0,-72.0
1777890620.3583324,-1.0,-3.0,-64.0
1777890620.3683324,1.0,-1.0,-67.0
1777890620.3783324,0.0,-5.0,-73.0
1777890620.3883324,2.0,-4.0,-74.0
1777890620.3983324,2.0,-1.0,-75.0
1777890620.4083323,3.0,0.0,-71.0
1777890620.4183323,0.0,0.0,-76.0
1777890620.4283323,0.0,1.0,-79.0
1777890620.4383323,-4.0,3.0,-77.0
1777890620.4483323,-6.0,0.0,-82.0
1777890620.4583323,-9.0,0.0,-83.0
1777890620.4683323,-6.0,0.0,-78.0
1777890620.4783323,-8.0,0.0,-76.0
1777890620.4883325,-5.0,-1.0,-71.0
1777890620.4983325,0.0,-6.0,-75.0
1777890620.5083325,-1.0,-6.0,-76.0
1777890620.5183325,-5.0,-6.0,-78.0
1777890620.5283325,-6.0,-7.0,-87.0
1777890620.5383325,-8.0,2.0,-87.0
1777890620.5483325,-2.0,2.0,-77.0
1777890620.5583324,0.0,4.0,-76.0
1777890620.5683324,0.0,5.0,-77.0
1777890620.5783324,2.0,6.0,-83.0
1777890620.5883324,-2.0,9.0,-88.0
1777890620.5983324,-3.0,1.0,-88.0
1777890620.6083324,0.0,2.0,-88.0
1777890620.6183324,0.0,2.0,-85.0
1777890620.6283324,4.0,0.0,-87.0
1777890620.6383324,3.0,-2.0,-80.0
1777890620.6483324,0.0,-6.0,-78.0
1777890620.6583323,0.0,-4.0,-77.0
1777890620.6683323,-1.0,-2.0,-81.0
1777890620.6783323,0.0,-3.0,-80.0
1777890620.6883323,3.0,0.0,-87.0
1777890620.6983323,2.0,0.0,-84.0
1777890620.7083323,2.0,3.0,-78.0
1777890620.7183323,1.0,0.0,-77.0
1777890620.7283323,5.0,0.0,-80.0
1777890620.7383325,5.0,-3.0,-76.0
1777890620.7483325,5.0,-3.0,-72.0
1777890620.7583325,4.0,0.0,-76.0
1777890620.7683325,0.0,1.0,-79.0
1777890620.7783325,0.0,-2.0,-73.0
1777890620.7883325,-1.0,-2.0,-65.0
1777890620.7983325,0.0,-2.0,-61.0
1777890620.8083324,3.0,-4.0,-58.0
1777890620.8183324,3.0,-6.0,-54.0
1777890620.8283324,4.0,-5.0,-58.0
1777890620.8383324,2.0,-3.0,-70.0
1777890620.8483324,3.0,-2.0,-72.0
1777890620.8583324,4.0,0.0,-70.0
1777890620.8683324,4.0,3.0,-71.0
1777890620.8783324,0.0,1.0,-71.0
1777890620.8883324,-2.0,1.0,-72.0
1777890620.8983324,-4.0,-1.0,-76.0
1777890620.9083323,0.0,1.0,-80.0
1777890620.9183323,-2.0,0.0,-77.0
1777890620.9283323,-3.0,-5.0,-75.0
1777890620.9383323,-3.0,-3.0,-70.0
1777890620.9483323,2.0,-5.0,-74.0
1777890620.9583323,3.0,-8.0,-76.0
1777890620.9683323,3.0,-7.0,-75.0
1777890620.9783323,3.0,-2.0,-73.0
1777890620.9883325,2.0,-2.0,-80.0
1777890620.9983325,2.0,-6.0,-80.0
1777890621.0083325,3.0,-3.0,-75.0
1777890621.0183325,6.0,-5.0,-60.0
1777890621.0283325,8.0,-3.0,-67.0
1777890621.0383325,12.0,-3.0,-74.0
1777890621.0483325,10.0,1.0,-75.0
1777890621.0583324,9.0,1.0,-79.0
1777890621.0683324,8.0,1.0,-78.0
1777890621.0783324,5.0,4.0,-81.0
1777890621.0883324,5.0,1.0,-75.0
1777890621.0983324,8.0,-3.0,-74.0
1777890621.1083324,6.0,-3.0,-78.0
1777890621.1183324,6.0,0.0,-76.0
1777890621.1283324,3.0,1.0,-76.0
1777890621.1383324,-1.0,0.0,-78.0
1777890621.1483324,-2.0,-2.0,-73.0
1777890621.1583323,-2.0,-2.0,-70.0
1777890621.1683323,1.0,-2.0,-70.0
1777890621.1783323,0.0,-2.0,-70.0
1777890621.1883323,1.0,-2.0,-64.0
1777890621.1983323,1.0,-2.0,-66.0
1777890621.2083323,0.0,0.0,-68.0
1777890621.2183323,-3.0,-1.0,-78.0
1777890621.2283323,4.0,0.0,-75.0
1777890621.2383325,5.0,1.0,-72.0
1777890621.2483325,2.0,5.0,-78.0
1777890621.2583325,2.0,6.0,-74.0
1777890621.2683325,5.0,4.0,-73.0
1777890621.2783325,3.0,2.0,-76.0
1777890621.2883325,1.0,0.0,-72.0
1777890621.2993324,5.0,0.0,-68.0
1777890621.3093324,1.0,2.0,-69.0
1777890621.3193324,-5.0,2.0,-70.0
1777890621.3293324,-2.0,1.0,-65.0
1777890621.3393323,-2.0,1.0,-68.0
1777890621.3493323,-5.0,0.0,-76.0
1777890621.3593323,2.0,0.0,-72.0
1777890621.3693323,2.0,-1.0,-73.0
1777890621.3793323,5.0,-2.0,-70.0
1777890621.3893323,5.0,1.0,-67.0
1777890621.3993323,1.0,3.0,-68.0
1777890621.4093325,1.0,0.0,-63.0
1777890621.4193325,4.0,-4.0,-60.0
1777890621.4293325,8.0,-2.0,-66.0
1777890621.4393325,10.0,-2.0,-69.0
1777890621.4493325,5.0,-3.0,-66.0
1777890621.4593325,1.0,-9.0,-74.0
1777890621.4693325,2.0,-6.0,-73.0
1777890621.4793324,0.0,-3.0,-73.0
1777890621.4893324,4.0,-5.0,-70.0
1777890621.4993324,6.0,-3.0,-75.0
1777890621.5093324,8.0,-7.0,-78.0
1777890621.5193324,11.0,-1.0,-78.0
1777890621.5293324,11.0,-4.0,-78.0
1777890621.5393324,10.0,-1.0,-74.0
1777890621.5493324,11.0,0.0,-69.0
1777890621.5593324,10.0,-1.0,-66.0
1777890621.5693324,3.0,2.0,-72.0
1777890621.5793324,0.0,-2.0,-79.0
1777890621.5893323,-3.0,-2.0,-73.0
1777890621.5993323,-1.0,-3.0,-78.0
1777890621.6093323,-6.0,-2.0,-76.0
1777890621.6193323,-4.0,0.0,-76.0
1777890621.6293323,-4.0,0.0,-81.0
1777890621.6393323,-5.0,-2.0,-79.0
1777890621.6493323,-9.0,-1.0,-71.0
1777890621.6593325,-7.0,0.0,-74.0
1777890621.6693325,-9.0,-2.0,-73.0
1777890621.6793325,-11.0,-1.0,-75.0
1777890621.6893325,-5.0,-4.0,-81.0
1777890621.6993325,-7.0,-2.0,-79.0
1777890621.7093325,-1.0,0.0,-78.0
1777890621.7193325,2.0,1.0,-72.0
1777890621.7293324,3.0,4.0,-72.0
1777890621.7393324,1.0,3.0,-75.0
1777890621.7493324,-1.0,3.0,-77.0
1777890621.7593324,4.0,2.0,-79.0
1777890621.7693324,5.0,4.0,-82.0
1777890621.7793324,3.0,2.0,-75.0
1777890621.7893324,-2.0,3.0,-71.0
1777890621.7993324,-4.0,4.0,-69.0
1777890621.8093324,-8.0,3.0,-66.0
1777890621.8193324,-7.0,3.0,-60.0
1777890621.8293324,-10.0,1.0,-57.0
1777890621.8393323,-12.0,-3.0,-58.0
1777890621.8493323,-10.0,0.0,-61.0
1777890621.8593323,-4.0,-2.0,-62.0
1777890621.8693323,-7.0,-4.0,-61.0
1777890621.8793323,-6.0,-1.0,-61.0
1777890621.8893323,-5.0,-1.0,-64.0
1777890621.8993323,-7.0,-1.0,-67.0
1777890621.9093325,-5.0,-2.0,-64.0
1777890621.9193325,-5.0,-3.0,-65.0
1777890621.9293325,-5.0,-3.0,-62.0
1777890621.9393325,-4.0,-5.0,-62.0
1777890621.9493325,4.0,-5.0,-62.0
1777890621.9593325,0.0,-4.0,-68.0
1777890621.9693325,2.0,-1.0,-71.0
1777890621.9793324,4.0,-1.0,-64.0
1777890621.9893324,2.0,-3.0,-69.0
1777890621.9993324,-1.0,-6.0,-73.0
1777890622.0093324,-3.0,-4.0,-72.0
1777890622.0193324,-8.0,-1.0,-69.0
1777890622.0293324,-7.0,1.0,-67.0
1777890622.0393324,-1.0,-1.0,-67.0
1777890622.0493324,0.0,-3.0,-74.0
1777890622.0593324,1.0,0.0,-70.0
1777890622.0693324,4.0,-1.0,-77.0
1777890622.0793324,2.0,-5.0,-79.0
1777890622.0893323,-1.0,-1.0,-74.0
1777890622.0993323,-3.0,-1.0,-70.0
1777890622.1093323,0.0,-2.0,-71.0
1777890622.1193323,-4.0,0.0,-69.0
1777890622.1293323,-2.0,3.0,-70.0
1777890622.1393323,2.0,0.0,-72.0
1777890622.1493323,3.0,-3.0,-69.0
1777890622.1593325,2.0,3.0,-73.0
1777890622.1693325,0.0,4.0,-73.0
1777890622.1793325,0.0,5.0,-71.0
1777890622.1893325,-1.0,6.0,-69.0
1777890622.1993325,0.0,5.0,-75.0
1777890622.2093325,3.0,4.0,-68.0
1777890622.2193325,0.0,1.0,-69.0
1777890622.2293324,2.0,-3.0,-69.0
1777890622.2393324,2.0,-3.0,-70.0
1777890622.2493324,2.0,0.0,-73.0
1777890622.2593324,-1.0,2.0,-67.0
1777890622.2693324,-1.0,0.0,-66.0
1777890622.2793324,-2.0,-1.0,-67.0
1777890622.2893324,0.0,0.0,-69.0
1777890622.2993324,0.0,0.0,-65.0
1777890622.3093324,-2.0,-1.0,-63.0
1777890622.3193324,-3.0,1.0,-69.0
1777890622.3293324,-8.0,4.0,-76.0
1777890622.3393323,-7.0,4.0,-77.0
1777890622.3493323,-6.0,3.0,-73.0
1777890622.3593323,-3.0,-1.0,-66.0
1777890622.3693323,-2.0,-1.0,-63.0
1777890622.3793323,1.0,0.0,-68.0
1777890622.3893323,2.0,-3.0,-64.0
1777890622.3993323,3.0,-1.0,-63.0
1777890622.4093325,1.0,-2.0,-59.0
1777890622.4193325,2.0,0.0,-63.0
1777890622.4293325,2.0,-2.0,-64.0
1777890622.4393325,4.0,0.0,-57.0
1777890622.4493325,4.0,-1.0,-59.0
1777890622.4593325,0.0,-5.0,-63.0
1777890622.4693325,-4.0,-4.0,-65.0
1777890622.4793324,-2.0,0.0,-63.0
1777890622.4893324,0.0,0.0,-66.0
1777890622.4993324,-1.0,0.0,-73.0
1777890622.5093324,0.0,-4.0,-72.0
1777890622.5193324,2.0,-2.0,-67.0
1777890622.5293324,2.0,-5.0,-73.0
1777890622.5393324,-3.0,0.0,-72.0
1777890622.5493324,-3.0,1.0,-69.0
1777890622.5593324,2.0,2.0,-63.0
1777890622.5693324,-1.0,-1.0,-60.0
1777890622.5793324,-5.0,-4.0,-71.0
1777890622.5893323,-3.0,-3.0,-78.0
1777890622.5993323,-6.0,-2.0,-73.0
1777890622.6093323,-2.0,0.0,-67.0
1777890622.6193323,5.0,0.0,-74.0
1777890622.6293323,5.0,1.0,-79.0
1777890622.6393323,4.0,0.0,-81.0
1777890622.6493323,0.0,0.0,-86.0
1777890622.6593325,1.0,0.0,-84.0
1777890622.6693325,2.0,0.0,-78.0
1777890622.6793325,0.0,-2.0,-74.0
1777890622.6893325,-1.0,0.0,-67.0
1777890622.6993325,-1.0,1.0,-69.0
1777890622.7093325,-2.0,0.0,-74.0
1777890622.7193325,-1.0,1.0,-67.0
1777890622.7293324,-4.0,0.0,-62.0
1777890622.7393324,-6.0,0.0,-66.0
1777890622.7493324,-3.0,-1.0,-66.0
1777890622.7593324,-3.0,1.0,-70.0
1777890622.7693324,-5.0,-4.0,-71.0
1777890622.7793324,-4.0,-5.0,-74.0
1777890622.7893324,-4.0,-7.0,-75.0
1777890622.7993324,-1.0,-7.0,-67.0
1777890622.8093324,0.0,-6.0,-74.0
1777890622.8193324,0.0,-6.0,-73.0
1777890622.8293324,-1.0,-5.0,-76.0
1777890622.8393323,1.0,-3.0,-76.0
1777890622.8493323,3.0,0.0,-75.0
1777890622.8593323,7.0,-1.0,-72.0
1777890622.8693323,2.0,-5.0,-73.0
1777890622.8793323,0.0,-8.0,-73.0
1777890622.8893323,0.0,-12.0,-73.0
1777890622.8993323,-1.0,-8.0,-68.0
1777890622.9093325,0.0,-5.0,-73.0
1777890622.9193325,1.0,-4.0,-77.0
1777890622.9293325,4.0,-5.0,-74.0
1777890622.9393325,3.0,-2.0,-69.0
1777890622.9493325,6.0,-4.0,-78.0
1777890622.9593325,2.0,-4.0,-81.0
1777890622.9693325,1.0,-5.0,-78.0
1777890622.9793324,4.0,-4.0,-77.0
1777890622.9893324,4.0,-1.0,-70.0
1777890622.9993324,-1.0,-4.0,-68.0
1777890623.0093324,0.0,-3.0,-69.0
1777890623.0193324,3.0,0.0,-69.0
1777890623.0293324,1.0,-1.0,-62.0
1777890623.0393324,1.0,-1.0,-60.0
1777890623.0493324,-1.0,-3.0,-60.0
1777890623.0593324,-4.0,-5.0,-65.0
1777890623.0693324,-4.0,0.0,-73.0
1777890623.0793324,-4.0,-1.0,-70.0
1777890623.0893323,0.0,-6.0,-71.0
1777890623.0993323,0.0,-3.0,-76.0
1777890623.1093323,-3.0,-4.0,-76.0
1777890623.1193323,-1.0,-2.0,-71.0
1777890623.1293323,-3.0,-1.0,-70.0
1777890623.1393323,1.0,-1.0,-71.0
1777890623.1493323,-1.0,-1.0,-71.0
1777890623.1593325,-2.0,1.0,-71.0
1777890623.1693325,-3.0,0.0,-67.0
1777890623.1793325,-2.0,-2.0,-67.0
1777890623.1893325,-4.0,-5.0,-67.0
1777890623.1993325,0.0,-3.0,-74.0
1777890623.2093325,1.0,-5.0,-71.0
1777890623.2193325,2.0,-4.0,-76.0
1777890623.2293324,2.0,0.0,-71.0
1777890623.2393324,3.0,0.0,-70.0
1777890623.2493324,10.0,-2.0,-68.0
1777890623.2593324,16.0,-3.0,-63.0
1777890623.2693324,16.0,0.0,-56.0
1777890623.2793324,11.0,0.0,-59.0
1777890623.2893324,9.0,0.0,-60.0
1777890623.2993324,9.0,2.0,-57.0
1777890623.3093324,6.0,0.0,-58.0
1777890623.3203323,2.0,0.0,-60.0
1777890623.3303325,0.0,0.0,-64.0
1777890623.3403325,1.0,-1.0,-69.0
1777890623.3503325,4.0,0.0,-72.0
1777890623.3603325,6.0,0.0,-74.0
1777890623.3703325,4.0,-4.0,-73.0
1777890623.3803325,7.0,-2.0,-72.0
1777890623.3903325,10.0,-4.0,-78.0
1777890623.4003325,9.0,-2.0,-75.0
1777890623.4103324,3.0,-2.0,-76.0
1777890623.4203324,4.0,-1.0,-75.0
1777890623.4303324,3.0,-2.0,-76.0
1777890623.4403324,0.0,-4.0,-79.0
1777890623.4503324,-4.0,-5.0,-86.0
1777890623.4603324,-6.0,-2.0,-89.0
1777890623.4703324,-7.0,-1.0,-87.0
1777890623.4803324,-4.0,-2.0,-94.0
1777890623.4903324,0.0,-2.0,-84.0
1777890623.5003324,-2.0,-2.0,-81.0
1777890623.5103323,-4.0,-1.0,-78.0
1777890623.5203323,-4.0,0.0,-79.0
1777890623.5303323,-1.0,1.0,-83.0
1777890623.5403323,0.0,-1.0,-88.0
1777890623.5503323,0.0,-2.0,-82.0
1777890623.5603323,-4.0,0.0,-77.0
1777890623.5703323,0.0,0.0,-82.0
1777890623.5803325,-2.0,-2.0,-79.0
1777890623.5903325,1.0,-1.0,-75.0
1777890623.6003325,0.0,-3.0,-78.0
1777890623.6103325,-3.0,0.0,-71.0
1777890623.6203325,-1.0,0.0,-70.0
1777890623.6303325,0.0,-2.0,-70.0
1777890623.6403325,0.0,-3.0,-74.0
1777890623.6503325,1.0,-2.0,-78.0
1777890623.6603324,3.0,-2.0,-85.0
1777890623.6703324,6.0,0.0,-87.0
1777890623.6803324,6.0,1.0,-77.0
1777890623.6903324,6.0,1.0,-77.0
1777890623.7003324,5.0,3.0,-81.0
1777890623.7103324,3.0,7.0,-77.0
1777890623.7203324,3.0,4.0,-74.0
1777890623.7303324,0.0,4.0,-77.0
1777890623.7403324,0.0,0.0,-72.0
1777890623.7503324,0.0,-3.0,-73.0
1777890623.7603323,-6.0,-8.0,-70.0
1777890623.7703323,-5.0,-11.0,-70.0
1777890623.7803323,-5.0,-9.0,-74.0
1777890623.7903323,-4.0,-9.0,-75.0
1777890623.8003323,-2.0,-11.0,-71.0
1777890623.8103323,-7.0,-10.0,-66.0
1777890623.8203323,-6.0,-5.0,-65.0
1777890623.8303325,-4.0,-4.0,-62.0
1777890623.8403325,-1.0,-1.0,-64.0
1777890623.8503325,0.0,1.0,-65.0
1777890623.8603325,5.0,-3.0,-72.0
1777890623.8703325,4.0,-2.0,-74.0
1777890623.8803325,3.0,-2.0,-73.0
1777890623.8903325,0.0,0.0,-74.0
1777890623.9003325,2.0,1.0,-71.0
1777890623.9103324,0.0,1.0,-73.0
1777890623.9203324,4.0,0.0,-76.0
1777890623.9303324,4.0,-1.0,-80.0
1777890623.9403324,3.0,-4.0,-78.0
1777890623.9503324,6.0,-1.0,-77.0
1777890623.9603324,7.0,0.0,-79.0
1777890623.9703324,7.0,1.0,-75.0
1777890623.9803324,5.0,2.0,-78.0
1777890623.9903324,2.0,2.0,-76.0
1777890624.0003324,7.0,1.0,-72.0
1777890624.0103323,6.0,0.0,-79.0
1777890624.0203323,2.0,-3.0,-78.0
1777890624.0303323,-1.0,-3.0,-84.0
1777890624.0403323,-3.0,-6.0,-84.0
1777890624.0503323,-1.0,-7.0,-84.0
1777890624.0603323,2.0,-10.0,-80.0
1777890624.0703323,-1.0,-5.0,-75.0
1777890624.0803325,-1.0,-4.0,-80.0
1777890624.0903325,-3.0,-2.0,-78.0
1777890624.1003325,0.0,-2.0,-78.0
1777890624.1103325,0.0,-4.0,-80.0
1777890624.1203325,-1.0,0.0,-74.0
1777890624.1303325,-5.0,0.0,-78.0
1777890624.1403325,-7.0,2.0,-85.0
1777890624.1503325,-7.0,-3.0,-82.0
1777890624.1603324,-3.0,3.0,-86.0
1777890624.1703324,-1.0,0.0,-86.0
1777890624.1803324,-2.0,0.0,-82.0
1777890624.1903324,-1.0,-1.0,-87.0
1777890624.2003324,0.0,1.0,-86.0
1777890624.2103324,0.0,-2.0,-86.0
1777890624.2203324,0.0,-1.0,-84.0
1777890624.2303324,2.0,0.0,-78.0
1777890624.2403324,0.0,-1.0,-73.0
1777890624.2503324,2.0,-2.0,-74.0
1777890624.2603323,-1.0,-7.0,-71.0
1777890624.2703323,-1.0,-4.0,-66.0
1777890624.2803323,-2.0,-5.0,-73.0
1777890624.2903323,-4.0,-6.0,-75.0
1777890624.3003323,0.0,-4.0,-79.0
1777890624.3103323,2.0,-5.0,-76.0
1777890624.3203323,7.0,-8.0,-79.0
1777890624.3303325,7.0,-4.0,-81.0
1777890624.3403325,9.0,-7.0,-80.0
1777890624.3503325,5.0,-3.0,-79.0
1777890624.3603325,6.0,-4.0,-80.0
1777890624.3703325,9.0,-7.0,-72.0
1777890624.3803325,9.0,-7.0,-70.0
1777890624.3903325,9.0,-3.0,-76.0
1777890624.4003325,8.0,0.0,-77.0
1777890624.4103324,9.0,0.0,-74.0
1777890624.4203324,8.0,-1.0,-75.0
1777890624.4303324,4.0,-2.0,-82.0
1777890624.4403324,4.0,-3.0,-78.0
1777890624.4503324,1.0,-5.0,-73.0
1777890624.4603324,3.0,-6.0,-77.0
1777890624.4703324,-3.0,-2.0,-74.0
1777890624.4803324,-6.0,-3.0,-80.0
1777890624.4903324,-8.0,0.0,-81.0
1777890624.5003324,-7.0,-1.0,-82.0
1777890624.5103323,-2.0,-4.0,-77.0
1777890624.5203323,-2.0,-6.0,-71.0
1777890624.5303323,-3.0,-5.0,-69.0
1777890624.5403323,-6.0,-2.0,-68.0
1777890624.5503323,-5.0,-5.0,-74.0
1777890624.5603323,1.0,-5.0,-77.0
1777890624.5703323,2.0,-4.0,-75.0
1777890624.5803325,0.0,0.0,-76.0
1777890624.5903325,-4.0,0.0,-76.0
1777890624.6003325,-3.0,2.0,-74.0
1777890624.6103325,-8.0,4.0,-71.0
1777890624.6203325,-6.0,4.0,-66.0
1777890624.6303325,-6.0,5.0,-73.0
1777890624.6403325,-4.0,5.0,-74.0
1777890624.6503325,0.0,3.0,-78.0
1777890624.6603324,0.0,2.0,-77.0
1777890624.6703324,0.0,0.0,-76.0
1777890624.6803324,3.0,-1.0,-80.0
1777890624.6903324,6.0,-3.0,-81.0
1777890624.7003324,5.0,-1.0,-84.0
1777890624.7103324,3.0,0.0,-81.0
1777890624.7203324,1.0,0.0,-81.0
1777890624.7303324,0.0,0.0,-75.0
1777890624.7403324,2.0,0.0,-84.0
1777890624.7503324,-1.0,-7.0,-81.0
1777890624.7603323,0.0,-5.0,-81.0
1777890624.7703323,0.0,-7.0,-82.0
1777890624.7803323,0.0,-8.0,-86.0
1777890624.7903323,0.0,-7.0,-82.0
1777890624.8003323,-3.0,-6.0,-77.0
1777890624.8103323,-2.0,-4.0,-71.0
1777890624.8203323,3.0,-3.0,-73.0
1777890624.8303325,1.0,0.0,-76.0
1777890624.8403325,2.0,0.0,-73.0
1777890624.8503325,5.0,-1.0,-75.0
1777890624.8603325,7.0,-6.0,-78.0
1777890624.8703325,9.0,-2.0,-82.0
1777890624.8803325,9.0,0.0,-82.0
1777890624.8903325,8.0,0.0,-81.0
1777890624.9003325,8.0,-2.0,-81.0
1777890624.9103324,4.0,-3.0,-76.0
1777890624.9203324,3.0,-6.0,-75.0
1777890624.9303324,3.0,-4.0,-73.0
1777890624.9403324,5.0,-3.0,-76.0
1777890624.9503324,2.0,0.0,-70.0
1777890624.9603324,-1.0,0.0,-72.0
1777890624.9703324,4.0,2.0,-74.0
1777890624.9803324,3.0,0.0,-72.0
1777890624.9903324,5.0,-3.0,-65.0
1777890625.0003324,4.0,-5.0,-59.0
1777890625.0103323,7.0,-4.0,-62.0
1777890625.0203323,11.0,-2.0,-68.0
1777890625.0303323,12.0,-1.0,-68.0
1777890625.0403323,6.0,4.0,-76.0
1777890625.0503323,7.0,5.0,-79.0
1777890625.0603323,6.0,5.0,-84.0
1777890625.0703323,9.0,2.0,-88.0
1777890625.0803325,10.0,-1.0,-84.0
1777890625.0903325,11.0,-2.0,-84.0
1777890625.1003325,10.0,0.0,-86.0
1777890625.1103325,7.0,-1.0,-85.0
1777890625.1203325,4.0,-2.0,-87.0
1777890625.1303325,-1.0,2.0,-80.0
1777890625.1403325,-3.0,1.0,-80.0
1777890625.1503325,-1.0,-2.0,-80.0
1777890625.1603324,-3.0,-2.0,-77.0
1777890625.1703324,-2.0,0.0,-69.0
1777890625.1803324,-2.0,0.0,-68.0
1777890625.1903324,1.0,0.0,-68.0
1777890625.2003324,2.0,0.0,-60.0
1777890625.2103324,2.0,2.0,-61.0
1777890625.2203324,2.0,4.0,-66.0
1777890625.2303324,-2.0,4.0,-63.0
1777890625.2403324,0.0,1.0,-65.0
1777890625.2503324,-1.0,0.0,-73.0
1777890625.2603323,-2.0,0.0,-75.0
1777890625.2713325,-1.0,-1.0,-68.0
1777890625.2803323,-2.0,-2.0,-68.0
1777890625.2913325,-2.0,-3.0,-65.0
1777890625.3003323,-1.0,-7.0,-61.0
1777890625.3113325,-2.0,-8.0,-62.0
1777890625.3213325,2.0,-9.0,-63.0
1777890625.3313324,3.0,-10.0,-63.0
1777890625.3413324,2.0,-6.0,-63.0
1777890625.3513324,4.0,-3.0,-63.0
1777890625.3613324,4.0,-1.0,-62.0
1777890625.3713324,2.0,-1.0,-64.0
1777890625.3813324,1.0,-2.0,-64.0
1777890625.3913324,2.0,-1.0,-70.0
1777890625.4013324,1.0,-3.0,-71.0
1777890625.4113324,4.0,-1.0,-70.0
1777890625.4213324,5.0,1.0,-73.0
1777890625.4313323,6.0,6.0,-77.0
1777890625.4413323,4.0,6.0,-74.0
1777890625.4513323,0.0,5.0,-78.0
1777890625.4613323,0.0,5.0,-78.0
1777890625.4713323,2.0,0.0,-75.0
1777890625.4813323,-1.0,-2.0,-74.0
1777890625.4913323,-3.0,-1.0,-69.0
1777890625.5013323,0.0,-2.0,-66.0
1777890625.5113325,0.0,-1.0,-67.0
1777890625.5213325,5.0,0.0,-69.0
1777890625.5313325,3.0,1.0,-65.0
1777890625.5413325,2.0,0.0,-69.0
1777890625.5513325,5.0,1.0,-63.0
1777890625.5613325,5.0,-1.0,-56.0
1777890625.5713325,0.0,-2.0,-58.0
1777890625.5813324,1.0,-3.0,-59.0
1777890625.5913324,2.0,-2.0,-67.0
1777890625.6013324,3.0,-3.0,-69.0
1777890625.6113324,5.0,-4.0,-71.0
1777890625.6213324,7.0,-1.0,-73.0
1777890625.6313324,4.0,-3.0,-67.0
1777890625.6413324,3.0,0.0,-63.0
1777890625.6513324,4.0,3.0,-59.0
1777890625.6613324,0.0,4.0,-59.0
1777890625.6713324,0.0,3.0,-60.0
1777890625.6813323,3.0,1.0,-61.0
1777890625.6913323,0.0,2.0,-68.0
1777890625.7013323,0.0,0.0,-71.0
1777890625.7113323,-1.0,0.0,-84.0
1777890625.7213323,-2.0,3.0,-87.0
1777890625.7313323,-1.0,5.0,-86.0
1777890625.7413323,-2.0,1.0,-83.0
1777890625.7513323,0.0,3.0,-73.0
1777890625.7613325,1.0,2.0,-74.0
1777890625.7713325,5.0,2.0,-77.0
1777890625.7813325,4.0,2.0,-75.0
1777890625.7913325,3.0,2.0,-70.0
1777890625.8013325,5.0,3.0,-80.0
1777890625.8113325,3.0,0.0,-84.0
1777890625.8213325,3.0,-1.0,-83.0
1777890625.8313324,6.0,-1.0,-79.0
1777890625.8413324,6.0,-3.0,-82.0
1777890625.8513324,5.0,0.0,-88.0
1777890625.8613324,6.0,2.0,-83.0
1777890625.8713324,3.0,0.0,-83.0
1777890625.8813324,1.0,-3.0,-82.0
1777890625.8913324,3.0,-2.0,-80.0
1777890625.9013324,1.0,-4.0,-83.0
1777890625.9113324,3.0,-1.0,-82.0
1777890625.9213324,4.0,-5.0,-74.0
1777890625.9313323,3.0,-2.0,-77.0
1777890625.9413323,0.0,0.0,-77.0
1777890625.9513323,-6.0,-4.0,-76.0
1777890625.9613323,-7.0,-5.0,-77.0
1777890625.9713323,-3.0,-4.0,-77.0
1777890625.9813323,1.0,0.0,-78.0
1777890625.9913323,3.0,-1.0,-78.0
1777890626.0013323,-1.0,-1.0,-80.0
1777890626.0113325,-6.0,0.0,-76.0
1777890626.0213325,-8.0,2.0,-79.0
1777890626.0313325,-6.0,0.0,-75.0
1777890626.0413325,0.0,0.0,-77.0
1777890626.0513325,0.0,1.0,-74.0
1777890626.0613325,-1.0,2.0,-84.0
1777890626.0713325,0.0,0.0,-85.0
1777890626.0813324,-3.0,-1.0,-82.0
1777890626.0913324,-4.0,0.0,-82.0
1777890626.1013324,-7.0,1.0,-80.0
1777890626.1113324,-5.0,-2.0,-84.0
1777890626.1213324,-2.0,-2.0,-79.0
1777890626.1313324,-3.0,-5.0,-76.0
1777890626.1413324,-5.0,-2.0,-79.0
1777890626.1513324,0.0,0.0,-82.0
1777890626.1613324,6.0,2.0,-84.0
1777890626.1713324,6.0,-1.0,-77.0
1777890626.1813323,4.0,-1.0,-77.0
1777890626.1913323,1.0,-3.0,-78.0
1777890626.2013323,-1.0,-4.0,-75.0
1777890626.2113323,-4.0,-6.0,-69.0
1777890626.2213323,-7.0,-6.0,-71.0
1777890626.2313323,-6.0,-4.0,-67.0
1777890626.2413323,-8.0,0.0,-67.0
1777890626.2513323,-6.0,2.0,-71.0
1777890626.2613325,-3.0,2.0,-68.0
1777890626.2713325,-1.0,2.0,-69.0
1777890626.2813325,-3.0,-1.0,-67.0
1777890626.2913325,-1.0,-1.0,-74.0
1777890626.3013325,2.0,-2.0,-72.0
1777890626.3113325,0.0,-2.0,-67.0
1777890626.3213325,6.0,-7.0,-65.0
1777890626.3313324,5.0,-6.0,-66.0
1777890626.3413324,6.0,-5.0,-66.0
1777890626.3513324,4.0,-5.0,-63.0
1777890626.3613324,0.0,-3.0,-66.0
1777890626.3713324,-3.0,-2.0,-65.0
1777890626.3813324,-3.0,0.0,-69.0
1777890626.3913324,-2.0,-2.0,-72.0
1777890626.4013324,-1.0,-8.0,-71.0
1777890626.4113324,-1.0,-6.0,-68.0
1777890626.4213324,0.0,-4.0,-70.0
1777890626.4313323,-3.0,-1.0,-70.0
1777890626.4413323,-3.0,0.0,-64.0
1777890626.4513323,0.0,-1.0,-72.0
1777890626.4613323,-1.0,-4.0,-77.0
1777890626.4713323,-7.0,0.0,-73.0
1777890626.4813323,-2.0,-2.0,-76.0
1777890626.4913323,0.0,-4.0,-76.0
1777890626.5013323,7.0,-4.0,-78.0
1777890626.5113325,10.0,-4.0,-72.0
1777890626.5213325,9.0,-1.0,-75.0
1777890626.5313325,3.0,-2.0,-73.0
1777890626.5413325,-2.0,-7.0,-77.0
1777890626.5513325,0.0,-4.0,-73.0
1777890626.5613325,-1.0,0.0,-71.0
1777890626.5713325,-4.0,-1.0,-71.0
1777890626.5813324,-7.0,0.0,-72.0
1777890626.5913324,-2.0,-3.0,-70.0
1777890626.6013324,2.0,-4.0,-72.0
1777890626.6113324,2.0,-3.0,-73.0
1777890626.6213324,3.0,-4.0,-70.0
1777890626.6313324,2.0,-1.0,-81.0
1777890626.6413324,2.0,0.0,-82.0
1777890626.6513324,4.0,-4.0,-80.0
1777890626.6613324,2.0,-4.0,-74.0
1777890626.6713324,1.0,-4.0,-78.0
1777890626.6813323,6.0,-6.0,-83.0
1777890626.6913323,8.0,-2.0,-81.0
1777890626.7013323,8.0,0.0,-78.0
1777890626.7113323,6.0,1.0,-81.0
1777890626.7213323,10.0,-3.0,-82.0
1777890626.7313323,12.0,0.0,-80.0
1777890626.7413323,12.0,0.0,-78.0
1777890626.7513323,13.0,-2.0,-74.0
1777890626.7613325,7.0,-3.0,-79.0
1777890626.7713325,7.0,-5.0,-86.0
1777890626.7813325,3.0,-4.0,-84.0
1777890626.7913325,1.0,3.0,-82.0
1777890626.8013325,7.0,2.0,-77.0
1777890626.8113325,2.0,1.0,-80.0
1777890626.8213325,0.0,0.0,-75.0
1777890626.8313324,-4.0,-4.0,-73.0
1777890626.8413324,-7.0,-1.0,-71.0
1777890626.8513324,-3.0,-2.0,-67.0
1777890626.8613324,1.0,-1.0,-66.0
1777890626.8713324,3.0,0.0,-66.0
1777890626.8813324,6.0,-1.0,-66.0
1777890626.8913324,2.0,-3.0,-70.0
1777890626.9013324,0.0,-7.0,-77.0
1777890626.9123323,0.0,-4.0,-82.0
1777890626.9213324,0.0,-4.0,-86.0
1777890626.9313323,-1.0,1.0,-85.0
1777890626.9413323,-5.0,0.0,-86.0
1777890626.9513323,-5.0,-2.0,-91.0
1777890626.9613323,-4.0,0.0,-88.0
1777890626.9713323,-3.0,0.0,-84.0
1777890626.9813323,-1.0,1.0,-80.0
1777890626.9913323,2.0,0.0,-76.0
1777890627.0013323,0.0,-2.0,-72.0
1777890627.0113325,2.0,-2.0,-67.0
1777890627.0213325,5.0,1.0,-70.0
1777890627.0313325,4.0,1.0,-68.0
1777890627.0413325,4.0,0.0,-69.0
1777890627.0513325,7.0,0.0,-67.0
1777890627.0613325,8.0,3.0,-61.0
1777890627.0713325,5.0,-3.0,-68.0
1777890627.0813324,1.0,-7.0,-69.0
1777890627.0913324,-2.0,-7.0,-73.0
1777890627.1013324,-4.0,-6.0,-72.0
1777890627.1113324,0.0,-6.0,-69.0
1777890627.1213324,0.0,-8.0,-66.0
1777890627.1313324,0.0,-5.0,-67.0
1777890627.1413324,0.0,-4.0,-68.0
1777890627.1513324,1.0,-2.0,-70.0
1777890627.1613324,6.0,-5.0,-72.0
1777890627.1713324,3.0,-3.0,-67.0
1777890627.1813323,4.0,0.0,-70.0
1777890627.1913323,4.0,1.0,-70.0
1777890627.2013323,8.0,1.0,-65.0
1777890627.2113323,8.0,-2.0,-66.0
1777890627.2213323,7.0,-4.0,-67.0
1777890627.2313323,9.0,0.0,-72.0
1777890627.2413323,4.0,1.0,-80.0
1777890627.2513323,6.0,3.0,-77.0
1777890627.2623324,6.0,3.0,-71.0
1777890627.2723324,7.0,8.0,-74.0
1777890627.2823324,5.0,11.0,-73.0
1777890627.2923324,1.0,9.0,-69.0
1777890627.3023324,5.0,5.0,-67.0
1777890627.3123324,3.0,0.0,-65.0
1777890627.3223324,5.0,0.0,-60.0
1777890627.3323324,8.0,-3.0,-61.0
1777890627.3423324,10.0,-5.0,-65.0
1777890627.3523324,9.0,-6.0,-72.0
1777890627.3623323,3.0,-8.0,-71.0
1777890627.3723323,7.0,-9.0,-69.0
1777890627.3823323,9.0,-11.0,-71.0
1777890627.3923323,3.0,-5.0,-68.0
1777890627.4023323,0.0,-1.0,-73.0
1777890627.4123323,1.0,-1.0,-75.0
1777890627.4223323,5.0,1.0,-76.0
1777890627.4323325,9.0,2.0,-69.0
1777890627.4423325,6.0,0.0,-69.0
1777890627.4523325,2.0,0.0,-70.0
1777890627.4623325,2.0,1.0,-69.0
1777890627.4723325,1.0,3.0,-78.0
1777890627.4823325,2.0,1.0,-75.0
1777890627.4923325,0.0,1.0,-73.0
1777890627.5023324,0.0,6.0,-77.0
1777890627.5123324,0.0,5.0,-74.0
1777890627.5223324,-1.0,1.0,-76.0
1777890627.5323324,6.0,4.0,-74.0
1777890627.5423324,11.0,6.0,-79.0
1777890627.5523324,11.0,7.0,-77.0
1777890627.5623324,8.0,5.0,-74.0
1777890627.5723324,1.0,3.0,-69.0
1777890627.5823324,3.0,3.0,-66.0
1777890627.5923324,1.0,4.0,-70.0
1777890627.6023324,2.0,5.0,-78.0
1777890627.6123323,4.0,7.0,-79.0
1777890627.6223323,4.0,5.0,-77.0
1777890627.6323323,5.0,5.0,-79.0
1777890627.6423323,3.0,1.0,-77.0
1777890627.6523323,4.0,-1.0,-73.0
1777890627.6623323,5.0,-2.0,-71.0
1777890627.6723323,5.0,-1.0,-72.0
1777890627.6823325,3.0,-4.0,-72.0
1777890627.6923325,1.0,-3.0,-72.0
1777890627.7023325,-4.0,-1.0,-67.0
1777890627.7123325,-9.0,2.0,-69.0
1777890627.7223325,-7.0,4.0,-66.0
1777890627.7323325,-6.0,3.0,-66.0
1777890627.7423325,-4.0,4.0,-63.0
1777890627.7523324,-3.0,5.0,-69.0
1777890627.7623324,-6.0,0.0,-68.0
1777890627.7723324,0.0,5.0,-65.0
1777890627.7823324,4.0,5.0,-63.0
1777890627.7923324,6.0,4.0,-68.0
1777890627.8023324,6.0,0.0,-64.0
1777890627.8123324,3.0,4.0,-65.0
1777890627.8223324,4.0,5.0,-65.0
1777890627.8323324,0.0,5.0,-66.0
1777890627.8423324,-3.0,2.0,-64.0
1777890627.8523324,-2.0,-3.0,-64.0
1777890627.8623323,-1.0,-3.0,-73.0
1777890627.8723323,2.0,-4.0,-82.0
1777890627.8823323,3.0,-5.0,-81.0
1777890627.8923323,5.0,-2.0,-78.0
1777890627.9023323,1.0,-2.0,-77.0
1777890627.9123323,2.0,0.0,-77.0
1777890627.9223323,2.0,0.0,-80.0
1777890627.9323325,-1.0,2.0,-86.0
1777890627.9423325,0.0,-2.0,-90.0
1777890627.9523325,5.0,-3.0,-82.0
1777890627.9623325,3.0,-6.0,-74.0
1777890627.9723325,2.0,-4.0,-70.0
1777890627.9823325,5.0,-1.0,-73.0
1777890627.9923325,5.0,-3.0,-69.0
1777890628.0023324,7.0,-4.0,-71.0
1777890628.0123324,7.0,-1.0,-74.0
1777890628.0223324,3.0,0.0,-67.0
1777890628.0323324,1.0,0.0,-68.0
1777890628.0423324,-2.0,-2.0,-69.0
1777890628.0523324,-3.0,-1.0,-65.0
1777890628.0623324,-2.0,1.0,-60.0
1777890628.0723324,1.0,5.0,-69.0
1777890628.0823324,-1.0,4.0,-74.0
1777890628.0923324,0.0,3.0,-70.0
1777890628.1023324,5.0,2.0,-71.0
1777890628.1123323,4.0,6.0,-79.0
1777890628.1223323,4.0,5.0,-81.0
1777890628.1323323,0.0,-1.0,-82.0
1777890628.1423323,3.0,0.0,-79.0
1777890628.1523323,0.0,-4.0,-80.0
1777890628.1623323,1.0,-7.0,-81.0
1777890628.1723323,0.0,-7.0,-82.0
1777890628.1823325,2.0,-8.0,-78.0
1777890628.1923325,0.0,-8.0,-80.0
1777890628.2023325,-3.0,-8.0,-82.0
1777890628.2123325,-5.0,-7.0,-74.0
1777890628.2223325,-6.0,-5.0,-67.0
1777890628.2323325,-6.0,0.0,-63.0
1777890628.2423325,-6.0,0.0,-62.0
1777890628.2523324,-8.0,1.0,-63.0
1777890628.2623324,-9.0,-4.0,-63.0
1777890628.2723324,-7.0,-5.0,-61.0
1777890628.2823324,-7.0,-9.0,-59.0
1777890628.2923324,-2.0,-7.0,-63.0
1777890628.3023324,-4.0,-5.0,-65.0
1777890628.3123324,-2.0,-8.0,-68.0
1777890628.3223324,0.0,-7.0,-68.0
1777890628.3323324,3.0,-5.0,-67.0
1777890628.3423324,0.0,-6.0,-68.0
1777890628.3523324,4.0,-8.0,-68.0
1777890628.3623323,4.0,-10.0,-65.0
1777890628.3723323,5.0,-4.0,-74.0
1777890628.3823323,3.0,0.0,-74.0
1777890628.3923323,0.0,-1.0,-70.0
1777890628.4023323,3.0,-5.0,-72.0
1777890628.4123323,0.0,-2.0,-76.0
1777890628.4223323,0.0,0.0,-74.0
1777890628.4323325,2.0,1.0,-71.0
1777890628.4423325,4.0,1.0,-70.0
1777890628.4523325,3.0,1.0,-73.0
1777890628.4633324,3.0,-1.0,-76.0
1777890628.4723325,6.0,-3.0,-83.0
1777890628.4823325,4.0,-4.0,-89.0
1777890628.4923325,3.0,-7.0,-87.0
1777890628.5023324,9.0,-8.0,-83.0
1777890628.5123324,14.0,-6.0,-78.0
1777890628.5223324,7.0,-8.0,-77.0
1777890628.5323324,8.0,-7.0,-76.0
1777890628.5423324,5.0,-4.0,-75.0
1777890628.5523324,3.0,-6.0,-68.0
1777890628.5623324,7.0,-6.0,-70.0
1777890628.5723324,10.0,-5.0,-67.0
1777890628.5823324,7.0,-4.0,-68.0
1777890628.5923324,9.0,-4.0,-68.0
1777890628.6023324,5.0,-3.0,-70.0
1777890628.6123323,0.0,0.0,-73.0
1777890628.6223323,-1.0,2.0,-83.0
1777890628.6323323,-5.0,0.0,-83.0
1777890628.6423323,-7.0,-1.0,-81.0
1777890628.6533325,-7.0,-1.0,-76.0
1777890628.6623323,-3.0,1.0,-73.0
1777890628.6723323,-5.0,3.0,-69.0
1777890628.6823325,-1.0,0.0,-71.0
1777890628.6923325,-3.0,-2.0,-69.0
1777890628.7023325,-3.0,-7.0,-72.0
1777890628.7123325,-7.0,-8.0,-74.0
1777890628.7223325,-3.0,-5.0,-76.0
1777890628.7323325,-5.0,-3.0,-74.0
1777890628.7423325,-8.0,-2.0,-71.0
1777890628.7523324,-6.0,-3.0,-80.0
1777890628.7623324,-6.0,-4.0,-78.0
1777890628.7723324,-3.0,-5.0,-84.0
1777890628.7823324,0.0,1.0,-77.0
1777890628.7923324,0.0,2.0,-76.0
1777890628.8023324,0.0,2.0,-76.0
1777890628.8123324,-2.0,0.0,-75.0
1777890628.8223324,-2.0,0.0,-73.0
1777890628.8323324,-8.0,0.0,-79.0
1777890628.8423324,-8.0,2.0,-79.0
1777890628.8523324,-9.0,0.0,-71.0
1777890628.8623323,-9.0,0.0,-64.0
1777890628.8723323,-4.0,0.0,-70.0
1777890628.8823323,-7.0,-2.0,-77.0
1777890628.8923323,-7.0,0.0,-78.0
1777890628.9023323,-3.0,0.0,-73.0
1777890628.9123323,-4.0,2.0,-73.0
1777890628.9223323,0.0,5.0,-74.0
1777890628.9323325,0.0,5.0,-74.0
1777890628.9423325,1.0,5.0,-76.0
1777890628.9523325,3.0,0.0,-79.0
1777890628.9623325,-1.0,-6.0,-78.0
1777890628.9723325,0.0,-6.0,-82.0
1777890628.9823325,-3.0,-6.0,-80.0
1777890628.9923325,0.0,-9.0,-72.0
1777890629.0023324,1.0,-8.0,-71.0
1777890629.0123324,3.0,-11.0,-66.0
1777890629.0223324,4.0,-11.0,-64.0
1777890629.0323324,0.0,-6.0,-61.0
1777890629.0423324,-4.0,-3.0,-63.0
1777890629.0523324,0.0,0.0,-70.0
1777890629.0623324,2.0,2.0,-75.0
1777890629.0723324,0.0,3.0,-72.0
1777890629.0823324,-2.0,1.0,-68.0
1777890629.0923324,-1.0,1.0,-61.0
1777890629.1023324,0.0,3.0,-60.0
1777890629.1123323,0.0,5.0,-61.0
1777890629.1223323,-2.0,1.0,-59.0
1777890629.1323323,-5.0,3.0,-57.0
1777890629.1423323,-5.0,2.0,-62.0
1777890629.1523323,-4.0,0.0,-65.0
1777890629.1623323,0.0,-6.0,-62.0
1777890629.1723323,0.0,-5.0,-75.0
1777890629.1823325,2.0,-1.0,-71.0
1777890629.1923325,3.0,-1.0,-71.0
1777890629.2023325,6.0,-4.0,-70.0
1777890629.2123325,2.0,-7.0,-70.0
1777890629.2233324,-2.0,-6.0,-68.0
1777890629.2323325,-1.0,-1.0,-71.0
1777890629.2433324,0.0,-3.0,-71.0
1777890629.2523324,0.0,1.0,-71.0
1777890629.2633324,-1.0,3.0,-75.0
1777890629.2733324,2.0,3.0,-70.0
1777890629.2833323,-1.0,3.0,-74.0
1777890629.2933323,1.0,3.0,-70.0
1777890629.3033323,4.0,1.0,-70.0
1777890629.3133323,6.0,0.0,-74.0
1777890629.3233323,9.0,0.0,-72.0
1777890629.3333323,7.0,-2.0,-65.0
1777890629.3433323,4.0,-5.0,-70.0
1777890629.3533323,-5.0,-4.0,-74.0
1777890629.3633325,-4.0,0.0,-77.0
1777890629.3733325,-1.0,1.0,-72.0
1777890629.3833325,0.0,0.0,-77.0
1777890629.3933325,1.0,0.0,-74.0
1777890629.4033325,-3.0,3.0,-72.0
1777890629.4133325,0.0,5.0,-71.0
1777890629.4233325,0.0,6.0,-68.0
1777890629.4333324,5.0,5.0,-65.0
1777890629.4433324,3.0,5.0,-66.0
1777890629.4533324,1.0,3.0,-75.0
1777890629.4633324,1.0,6.0,-78.0
1777890629.4733324,0.0,4.0,-78.0
1777890629.4833324,-2.0,1.0,-86.0
1777890629.4933324,-4.0,0.0,-88.0
1777890629.5033324,-5.0,1.0,-81.0
1777890629.5133324,-1.0,4.0,-70.0
1777890629.5233324,-3.0,9.0,-72.0
1777890629.5333323,-2.0,7.0,-79.0
1777890629.5433323,-2.0,8.0,-80.0
1777890629.5533323,0.0,4.0,-76.0
1777890629.5633323,1.0,1.0,-66.0
1777890629.5733323,2.0,3.0,-61.0
1777890629.5833323,3.0,-1.0,-62.0
1777890629.5933323,7.0,-1.0,-65.0
1777890629.6033323,2.0,-4.0,-64.0
1777890629.6133325,-1.0,-1.0,-64.0
1777890629.6233325,-1.0,-5.0,-70.0
1777890629.6333325,-1.0,-5.0,-73.0
1777890629.6433325,3.0,0.0,-71.0
1777890629.6533325,7.0,-5.0,-73.0
1777890629.6633325,8.0,-5.0,-67.0
1777890629.6733325,6.0,-3.0,-68.0
1777890629.6833324,3.0,-1.0,-70.0
1777890629.6933324,5.0,0.0,-70.0
1777890629.7033324,4.0,0.0,-64.0
1777890629.7133324,4.0,-5.0,-70.0
1777890629.7233324,0.0,-4.0,-76.0
1777890629.7333324,0.0,-8.0,-78.0
1777890629.7433324,2.0,-8.0,-81.0
1777890629.7533324,7.0,-6.0,-76.0
1777890629.7633324,4.0,-5.0,-71.0
1777890629.7733324,4.0,-10.0,-72.0
1777890629.7833323,3.0,-12.0,-67.0
1777890629.7933323,0.0,-13.0,-70.0
1777890629.8033323,-2.0,-11.0,-69.0
1777890629.8133323,0.0,-11.0,-70.0
1777890629.8233323,0.0,-5.0,-77.0
1777890629.8333323,0.0,-5.0,-81.0
1777890629.8433323,-2.0,-3.0,-79.0
1777890629.8533323,4.0,-2.0,-74.0
1777890629.8633325,7.0,0.0,-72.0
1777890629.8733325,7.0,2.0,-74.0
1777890629.8833325,9.0,1.0,-74.0
1777890629.8933325,11.0,-3.0,-76.0
1777890629.9033325,10.0,-2.0,-78.0
1777890629.9133325,8.0,-3.0,-85.0
1777890629.9233325,5.0,0.0,-85.0
1777890629.9333324,0.0,-1.0,-82.0
1777890629.9433324,-1.0,0.0,-73.0
1777890629.9533324,-4.0,-4.0,-70.0
1777890629.9633324,-5.0,0.0,-65.0
1777890629.9733324,0.0,2.0,-64.0
1777890629.9833324,3.0,0.0,-64.0
1777890629.9933324,5.0,4.0,-65.0
1777890630.0033324,7.0,3.0,-68.0
1777890630.0133324,6.0,4.0,-68.0
1777890630.0233324,9.0,5.0,-73.0
1777890630.0333323,6.0,3.0,-71.0
1777890630.0433323,7.0,3.0,-79.0
1777890630.0533323,1.0,-1.0,-83.0
1777890630.0633323,-2.0,-3.0,-81.0
1777890630.0733323,-4.0,1.0,-78.0
1777890630.0833323,-6.0,1.0,-75.0
1777890630.0933323,-5.0,0.0,-70.0
1777890630.1033323,-3.0,2.0,-63.0
1777890630.1133325,3.0,4.0,-67.0
1777890630.1233325,6.0,-1.0,-65.0
1777890630.1333325,7.0,-1.0,-72.0
1777890630.1433325,3.0,-1.0,-70.0
1777890630.1533325,2.0,4.0,-75.0
1777890630.1633325,3.0,1.0,-80.0
1777890630.1733325,2.0,0.0,-75.0
1777890630.1833324,4.0,-3.0,-69.0
1777890630.1933324,5.0,-3.0,-73.0
1777890630.2033324,4.0,-1.0,-70.0
1777890630.2133324,1.0,1.0,-64.0
1777890630.2233324,0.0,2.0,-65.0
1777890630.2333324,2.0,0.0,-70.0
1777890630.2433324,1.0,2.0,-77.0
1777890630.2533324,1.0,0.0,-73.0
1777890630.2633324,-2.0,0.0,-69.0
1777890630.2733324,-4.0,0.0,-66.0
1777890630.2833323,-2.0,-4.0,-65.0
1777890630.2933323,-2.0,-3.0,-66.0
1777890630.3033323,0.0,-1.0,-65.0
1777890630.3133323,4.0,-2.0,-67.0
1777890630.3233323,4.0,-1.0,-66.0
1777890630.3333323,6.0,2.0,-67.0
1777890630.3433323,4.0,1.0,-70.0
1777890630.3533323,1.0,-2.0,-69.0
1777890630.3633325,-1.0,-3.0,-70.0
1777890630.3733325,-6.0,-1.0,-71.0
1777890630.3833325,-6.0,2.0,-64.0
1777890630.3933325,-4.0,4.0,-65.0
1777890630.4033325,3.0,1.0,-68.0
1777890630.4133325,6.0,0.0,-74.0
1777890630.4233325,4.0,0.0,-73.0
1777890630.4333324,1.0,4.0,-81.0
1777890630.4433324,6.0,5.0,-80.0
1777890630.4533324,2.0,1.0,-82.0
1777890630.4633324,3.0,0.0,-76.0
1777890630.4733324,2.0,1.0,-78.0
1777890630.4833324,2.0,-2.0,-82.0
1777890630.4933324,2.0,-3.0,-73.0
1777890630.5033324,-2.0,0.0,-80.0
1777890630.5133324,-6.0,-4.0,-77.0
1777890630.5233324,-8.0,-7.0,-78.0
1777890630.5333323,-7.0,-5.0,-79.0
1777890630.5433323,-7.0,-4.0,-87.0
1777890630.5533323,-2.0,0.0,-85.0
1777890630.5633323,-3.0,1.0,-82.0
1777890630.5733323,-1.0,-1.0,-71.0
1777890630.5833323,0.0,-3.0,-68.0
1777890630.5933323,-3.0,-1.0,-73.0
1777890630.6033323,-2.0,-1.0,-74.0
1777890630.6133325,-2.0,0.0,-76.0
1777890630.6233325,0.0,-1.0,-77.0
1777890630.6333325,3.0,0.0,-72.0
1777890630.6433325,1.0,-1.0,-67.0
1777890630.6533325,1.0,-1.0,-63.0
1777890630.6633325,2.0,0.0,-68.0
1777890630.6733325,7.0,-3.0,-74.0
1777890630.6833324,4.0,-3.0,-73.0
1777890630.6933324,0.0,0.0,-76.0
1777890630.7033324,3.0,-7.0,-80.0
1777890630.7133324,1.0,-5.0,-77.0
1777890630.7233324,4.0,-3.0,-69.0
1777890630.7333324,7.0,-4.0,-68.0
1777890630.7433324,4.0,0.0,-63.0
1777890630.7533324,1.0,5.0,-62.0
1777890630.7633324,3.0,4.0,-64.0
1777890630.7733324,3.0,5.0,-68.0
1777890630.7833323,0.0,3.0,-76.0
1777890630.7933323,0.0,2.0,-70.0
1777890630.8033323,4.0,0.0,-73.0
1777890630.8133323,6.0,-1.0,-75.0
1777890630.8233323,6.0,-4.0,-78.0
1777890630.8333323,6.0,-4.0,-84.0
1777890630.8433323,4.0,-3.0,-84.0
1777890630.8533323,5.0,-1.0,-78.0
1777890630.8633325,1.0,-2.0,-82.0
1777890630.8733325,0.0,-1.0,-77.0
1777890630.8833325,-1.0,0.0,-75.0
1777890630.8933325,-2.0,-2.0,-80.0
1777890630.9033325,1.0,-2.0,-80.0
1777890630.9133325,6.0,-1.0,-81.0
1777890630.9233325,8.0,-2.0,-76.0
1777890630.9333324,6.0,-1.0,-79.0
1777890630.9433324,7.0,0.0,-76.0
1777890630.9533324,10.0,0.0,-79.0
1777890630.9633324,7.0,2.0,-75.0
1777890630.9733324,4.0,4.0,-73.0
1777890630.9833324,1.0,4.0,-79.0
1777890630.9933324,1.0,3.0,-78.0
1777890631.0033324,4.0,5.0,-78.0
1777890631.0133324,1.0,3.0,-79.0
1777890631.0233324,-5.0,2.0,-83.0
1777890631.0333323,-4.0,0.0,-84.0
1777890631.0433323,-4.0,0.0,-80.0
1777890631.0533323,-4.0,-4.0,-77.0
1777890631.0633323,2.0,-5.0,-71.0
1777890631.0733323,1.0,-6.0,-62.0
1777890631.0833323,2.0,-5.0,-60.0
1777890631.0933323,5.0,-2.0,-59.0
1777890631.1033323,6.0,-3.0,-62.0
1777890631.1133325,5.0,-5.0,-66.0
1777890631.1233325,5.0,-3.0,-64.0
1777890631.1333325,5.0,0.0,-67.0
1777890631.1433325,5.0,0.0,-66.0
1777890631.1533325,7.0,-2.0,-68.0
1777890631.1633325,6.0,1.0,-68.0
1777890631.1733325,4.0,2.0,-72.0
1777890631.1833324,5.0,1.0,-67.0
1777890631.1933324,0.0,-2.0,-62.0
1777890631.2033324,2.0,-3.0,-70.0
1777890631.2133324,4.0,-3.0,-78.0
1777890631.2233324,8.0,-5.0,-76.0
1777890631.2333324,9.0,-5.0,-70.0
1777890631.2443323,8.0,-6.0,-68.0
1777890631.2543323,1.0,-5.0,-74.0
1777890631.2633324,0.0,-2.0,-79.0
1777890631.2743323,2.0,-2.0,-79.0
1777890631.2843325,0.0,-6.0,-74.0
1777890631.2943325,-1.0,-2.0,-74.0
1777890631.3043325,0.0,-3.0,-75.0
1777890631.3143325,0.0,-3.0,-69.0
1777890631.3243325,-1.0,-1.0,-70.0
1777890631.3343325,-1.0,-3.0,-67.0
1777890631.3443325,-3.0,0.0,-69.0
1777890631.3543324,-1.0,1.0,-71.0
1777890631.3643324,-4.0,2.0,-68.0
1777890631.3743324,-6.0,1.0,-68.0
1777890631.3843324,-5.0,-2.0,-72.0
1777890631.3943324,1.0,0.0,-73.0
1777890631.4043324,3.0,2.0,-70.0
1777890631.4143324,0.0,1.0,-74.0
1777890631.4243324,4.0,1.0,-72.0
1777890631.4343324,5.0,0.0,-70.0
1777890631.4443324,9.0,0.0,-70.0
1777890631.4543324,7.0,0.0,-77.0
1777890631.4643323,4.0,-5.0,-73.0
1777890631.4743323,2.0,-4.0,-68.0
1777890631.4843323,6.0,0.0,-77.0
1777890631.4943323,2.0,2.0,-83.0
1777890631.5043323,1.0,0.0,-88.0
1777890631.5143323,2.0,0.0,-85.0
1777890631.5243323,6.0,6.0,-86.0
1777890631.5343325,6.0,2.0,-81.0
1777890631.5443325,3.0,0.0,-80.0
1777890631.5543325,0.0,0.0,-86.0
1777890631.5643325,0.0,0.0,-83.0
1777890631.5743325,1.0,0.0,-75.0
1777890631.5843325,-1.0,1.0,-72.0
1777890631.5943325,0.0,2.0,-76.0
1777890631.6043324,0.0,1.0,-80.0
1777890631.6143324,-2.0,0.0,-81.0
1777890631.6243324,-3.0,-1.0,-78.0
1777890631.6343324,0.0,-1.0,-72.0
1777890631.6443324,1.0,-2.0,-67.0
1777890631.6543324,0.0,0.0,-68.0
1777890631.6643324,-4.0,-1.0,-75.0
1777890631.6743324,-3.0,-3.0,-76.0
1777890631.6843324,0.0,-2.0,-71.0
1777890631.6943324,-4.0,-1.0,-72.0
1777890631.7043324,-3.0,-1.0,-70.0
1777890631.7143323,-3.0,0.0,-70.0
1777890631.7253325,-9.0,-3.0,-66.0
1777890631.7343323,-7.0,1.0,-70.0
1777890631.7443323,-5.0,5.0,-81.0
1777890631.7543323,-2.0,3.0,-77.0
1777890631.7643323,-2.0,2.0,-77.0
1777890631.7743323,-1.0,0.0,-79.0
1777890631.7843325,0.0,-3.0,-69.0
1777890631.7943325,3.0,-1.0,-75.0
1777890631.8043325,5.0,0.0,-72.0
1777890631.8143325,4.0,0.0,-67.0
1777890631.8243325,5.0,0.0,-67.0
1777890631.8343325,3.0,-7.0,-70.0
1777890631.8443325,2.0,-4.0,-71.0
1777890631.8543324,6.0,0.0,-81.0
1777890631.8643324,6.0,-3.0,-83.0
1777890631.8743324,6.0,4.0,-81.0
1777890631.8843324,6.0,4.0,-75.0
1777890631.8943324,6.0,4.0,-66.0
1777890631.9043324,4.0,0.0,-61.0
1777890631.9143324,3.0,-3.0,-55.0
1777890631.9243324,-2.0,-3.0,-61.0
1777890631.9343324,-1.0,-4.0,-66.0
1777890631.9443324,0.0,-6.0,-68.0
1777890631.9543324,-2.0,0.0,-67.0
1777890631.9643323,3.0,0.0,-68.0
1777890631.9743323,6.0,-1.0,-68.0
1777890631.9843323,2.0,-5.0,-60.0
1777890631.9943323,8.0,-3.0,-56.0
1777890632.0043323,12.0,-4.0,-58.0
1777890632.0143323,9.0,-6.0,-65.0
1777890632.0243323,8.0,-4.0,-67.0
1777890632.0343325,6.0,-4.0,-70.0
1777890632.0443325,4.0,-2.0,-73.0
1777890632.0543325,2.0,0.0,-73.0
1777890632.0643325,1.0,0.0,-74.0
1777890632.0743325,0.0,1.0,-78.0
1777890632.0843325,3.0,6.0,-78.0
1777890632.0943325,6.0,3.0,-70.0
1777890632.1043324,8.0,4.0,-70.0
1777890632.1143324,0.0,0.0,-70.0
1777890632.1243324,1.0,0.0,-72.0
1777890632.1343324,0.0,-1.0,-69.0
1777890632.1443324,3.0,-2.0,-69.0
1777890632.1543324,2.0,1.0,-67.0
1777890632.1643324,4.0,0.0,-72.0
1777890632.1743324,3.0,3.0,-73.0
1777890632.1843324,7.0,3.0,-70.0
1777890632.1943324,4.0,6.0,-69.0
1777890632.2043324,2.0,1.0,-71.0
1777890632.2143323,1.0,-5.0,-67.0
1777890632.2243323,1.0,-5.0,-68.0
1777890632.2343323,-3.0,-4.0,-60.0
1777890632.2443323,-1.0,-4.0,-65.0
1777890632.2543323,1.0,-6.0,-66.0
1777890632.2643323,1.0,-1.0,-68.0
1777890632.2743323,1.0,3.0,-69.0
1777890632.2843325,3.0,-1.0,-64.0
1777890632.2943325,0.0,-3.0,-74.0
1777890632.3043325,-2.0,-3.0,-71.0
1777890632.3143325,-1.0,-1.0,-72.0
1777890632.3243325,0.0,-3.0,-72.0
1777890632.3343325,-2.0,-4.0,-68.0
1777890632.3443325,0.0,-8.0,-66.0
1777890632.3543324,2.0,-10.0,-68.0
1777890632.3643324,1.0,-5.0,-74.0
1777890632.3743324,0.0,-6.0,-78.0
1777890632.3843324,0.0,-3.0,-79.0
1777890632.3943324,2.0,-5.0,-86.0
1777890632.4043324,6.0,-4.0,-88.0
1777890632.4143324,11.0,-4.0,-85.0
1777890632.4243324,10.0,-1.0,-70.0
1777890632.4343324,5.0,-1.0,-71.0
1777890632.4443324,4.0,-5.0,-73.0
1777890632.4543324,5.0,-3.0,-72.0
1777890632.4643323,3.0,-2.0,-66.0
1777890632.4743323,5.0,1.0,-66.0
1777890632.4843323,3.0,-1.0,-74.0
1777890632.4943323,4.0,1.0,-77.0
1777890632.5043323,5.0,-3.0,-87.0
1777890632.5143323,7.0,-1.0,-88.0
1777890632.5243323,5.0,0.0,-90.0
1777890632.5343325,1.0,-4.0,-86.0
1777890632.5443325,2.0,-4.0,-85.0
1777890632.5543325,-3.0,0.0,-81.0
1777890632.5643325,-5.0,1.0,-85.0
1777890632.5743325,-4.0,2.0,-84.0
1777890632.5843325,-5.0,2.0,-82.0
1777890632.5943325,-4.0,2.0,-80.0
1777890632.6043324,-5.0,2.0,-76.0
1777890632.6143324,-2.0,0.0,-72.0
1777890632.6243324,-3.0,0.0,-77.0
1777890632.6343324,0.0,-2.0,-77.0
1777890632.6443324,0.0,-1.0,-78.0
1777890632.6543324,3.0,-6.0,-76.0
1777890632.6643324,5.0,-6.0,-78.0
1777890632.6743324,5.0,-5.0,-76.0
1777890632.6843324,4.0,-5.0,-76.0
1777890632.6943324,4.0,-4.0,-79.0
1777890632.7043324,0.0,-3.0,-80.0
1777890632.7143323,2.0,-2.0,-79.0
1777890632.7243323,2.0,-2.0,-80.0
1777890632.7343323,6.0,-4.0,-73.0
1777890632.7443323,9.0,0.0,-73.0
1777890632.7543323,8.0,0.0,-74.0
1777890632.7643323,6.0,-2.0,-69.0
1777890632.7743323,1.0,-5.0,-70.0
1777890632.7843325,0.0,-6.0,-71.0
1777890632.7943325,4.0,-4.0,-72.0
1777890632.8043325,3.0,-4.0,-70.0
1777890632.8143325,0.0,0.0,-71.0
1777890632.8243325,-4.0,-2.0,-67.0
1777890632.8343325,-7.0,-1.0,-67.0
1777890632.8443325,-4.0,-4.0,-62.0
1777890632.8543324,-2.0,-5.0,-62.0
1777890632.8643324,-1.0,-4.0,-59.0
1777890632.8743324,3.0,1.0,-67.0
1777890632.8843324,4.0,1.0,-70.0
1777890632.8943324,8.0,-1.0,-68.0
1777890632.9043324,2.0,-1.0,-64.0
1777890632.9143324,2.0,0.0,-61.0
1777890632.9243324,1.0,0.0,-62.0
1777890632.9343324,-1.0,-1.0,-65.0
1777890632.9443324,0.0,0.0,-64.0
1777890632.9543324,-4.0,-1.0,-66.0
1777890632.9643323,-3.0,-6.0,-70.0
1777890632.9743323,-3.0,-5.0,-67.0
1777890632.9843323,0.0,-3.0,-71.0
1777890632.9943323,1.0,0.0,-72.0
1777890633.0043323,1.0,-2.0,-72.0
1777890633.0143323,1.0,-5.0,-69.0
1777890633.0243323,0.0,-1.0,-73.0
1777890633.0343325,-3.0,0.0,-75.0
1777890633.0443325,-5.0,-1.0,-81.0
1777890633.0543325,-1.0,-3.0,-84.0
1777890633.0643325,-2.0,0.0,-84.0
1777890633.0743325,-4.0,-1.0,-78.0
1777890633.0843325,-7.0,-1.0,-77.0
1777890633.0943325,-4.0,-2.0,-72.0
1777890633.1043324,-2.0,-2.0,-81.0
1777890633.1143324,1.0,-1.0,-85.0
1777890633.1243324,4.0,0.0,-82.0
1777890633.1343324,4.0,-4.0,-80.0
1777890633.1443324,-1.0,0.0,-72.0
1777890633.1543324,0.0,1.0,-70.0
1777890633.1643324,1.0,5.0,-76.0
1777890633.1743324,0.0,3.0,-77.0
1777890633.1843324,0.0,5.0,-73.0
1777890633.1943324,5.0,4.0,-69.0
1777890633.2043324,7.0,5.0,-73.0
1777890633.2153325,6.0,4.0,-74.0
1777890633.2253325,7.0,3.0,-66.0
1777890633.2353325,7.0,2.0,-70.0
1777890633.2453325,4.0,-3.0,-76.0
1777890633.2553325,-1.0,-4.0,-72.0
1777890633.2653325,0.0,-4.0,-69.0
1777890633.2753325,0.0,0.0,-73.0
1777890633.2853324,2.0,0.0,-79.0
1777890633.2953324,2.0,2.0,-82.0
1777890633.3053324,1.0,-1.0,-88.0
1777890633.3143325,0.0,3.0,-81.0
1777890633.3253324,4.0,2.0,-80.0
1777890633.3353324,7.0,-2.0,-76.0
1777890633.3453324,4.0,0.0,-71.0
1777890633.3553324,5.0,0.0,-79.0
1777890633.3653324,3.0,-2.0,-78.0
1777890633.3753324,6.0,-2.0,-86.0
1777890633.3853323,3.0,-1.0,-86.0
1777890633.3953323,2.0,-3.0,-86.0
1777890633.4053323,0.0,-3.0,-84.0
1777890633.4153323,-5.0,0.0,-89.0
1777890633.4253323,-6.0,-1.0,-86.0
1777890633.4353323,-7.0,0.0,-79.0
1777890633.4453323,-4.0,3.0,-75.0
1777890633.4553325,0.0,6.0,-81.0
1777890633.4653325,0.0,3.0,-78.0
1777890633.4753325,0.0,4.0,-79.0
1777890633.4853325,3.0,2.0,-77.0
1777890633.4953325,2.0,0.0,-78.0
1777890633.5053325,4.0,1.0,-75.0
1777890633.5153325,3.0,4.0,-74.0
1777890633.5253325,2.0,1.0,-69.0
1777890633.5353324,2.0,-4.0,-66.0
1777890633.5453324,-2.0,-3.0,-70.0
1777890633.5553324,-3.0,-2.0,-71.0
1777890633.5653324,-3.0,0.0,-71.0
1777890633.5753324,2.0,1.0,-75.0
1777890633.5853324,2.0,4.0,-70.0
1777890633.5953324,0.0,9.0,-66.0
1777890633.6053324,0.0,8.0,-64.0
1777890633.6153324,2.0,8.0,-70.0
1777890633.6253324,3.0,5.0,-73.0
1777890633.6353323,0.0,4.0,-77.0
1777890633.6453323,0.0,5.0,-83.0
1777890633.6553323,3.0,5.0,-82.0
1777890633.6653323,2.0,3.0,-73.0
1777890633.6753323,2.0,0.0,-79.0
1777890633.6853323,3.0,0.0,-90.0
1777890633.6953323,3.0,0.0,-88.0
1777890633.7053325,2.0,-1.0,-82.0
1777890633.7153325,1.0,3.0,-78.0
1777890633.7253325,6.0,3.0,-69.0
1777890633.7353325,2.0,-1.0,-67.0
1777890633.7453325,1.0,0.0,-67.0
1777890633.7553325,-1.0,4.0,-59.0
1777890633.7653325,-3.0,-2.0,-69.0
1777890633.7753325,-6.0,-6.0,-71.0
1777890633.7853324,-6.0,-3.0,-75.0
1777890633.7953324,-5.0,-3.0,-69.0
1777890633.8053324,-6.0,-2.0,-70.0
1777890633.8153324,-11.0,0.0,-66.0
1777890633.8253324,-1.0,-1.0,-74.0
1777890633.8353324,4.0,1.0,-82.0
1777890633.8453324,1.0,3.0,-88.0
1777890633.8553324,3.0,3.0,-85.0
1777890633.8653324,2.0,3.0,-80.0
1777890633.8753324,-1.0,0.0,-80.0
1777890633.8853323,-5.0,5.0,-74.0
1777890633.8953323,-1.0,0.0,-78.0
1777890633.9053323,-2.0,-4.0,-81.0
1777890633.9153323,2.0,0.0,-73.0
1777890633.9253323,0.0,0.0,-72.0
1777890633.9353323,-1.0,-3.0,-68.0
1777890633.9453323,0.0,-3.0,-74.0
1777890633.9553325,2.0,-1.0,-75.0
1777890633.9653325,2.0,1.0,-76.0
1777890633.9753325,0.0,1.0,-77.0
1777890633.9853325,1.0,1.0,-81.0
1777890633.9953325,-2.0,2.0,-83.0
1777890634.0053325,0.0,1.0,-84.0
1777890634.0153325,-2.0,-1.0,-86.0
1777890634.0253325,-4.0,0.0,-77.0
1777890634.0353324,-6.0,2.0,-79.0
1777890634.0453324,-2.0,-1.0,-75.0
1777890634.0553324,0.0,0.0,-72.0
1777890634.0653324,3.0,0.0,-73.0
1777890634.0753324,4.0,-4.0,-71.0
1777890634.0853324,7.0,-2.0,-77.0
1777890634.0953324,10.0,-3.0,-75.0
1777890634.1053324,13.0,-2.0,-77.0
1777890634.1153324,11.0,-2.0,-69.0
1777890634.1253324,9.0,2.0,-66.0
1777890634.1353323,7.0,1.0,-61.0
1777890634.1453323,5.0,-2.0,-63.0
1777890634.1553323,3.0,-3.0,-65.0
1777890634.1653323,4.0,-3.0,-66.0
1777890634.1753323,8.0,-4.0,-66.0
1777890634.1853323,12.0,-5.0,-65.0
1777890634.1953323,10.0,-1.0,-70.0
1777890634.2053325,5.0,0.0,-61.0
1777890634.2153325,4.0,3.0,-61.0
1777890634.2253325,3.0,6.0,-66.0
1777890634.2353325,1.0,3.0,-68.0
1777890634.2453325,-5.0,5.0,-65.0
1777890634.2553325,-2.0,5.0,-76.0
1777890634.2653325,1.0,4.0,-81.0
1777890634.2753325,1.0,2.0,-84.0
1777890634.2853324,2.0,1.0,-93.0
1777890634.2953324,-1.0,-1.0,-89.0
1777890634.3053324,2.0,1.0,-83.0
1777890634.3153324,1.0,3.0,-83.0
1777890634.3253324,3.0,5.0,-81.0
1777890634.3353324,0.0,5.0,-75.0
1777890634.3453324,-2.0,0.0,-70.0
1777890634.3553324,0.0,0.0,-77.0
1777890634.3653324,1.0,-1.0,-74.0
1777890634.3753324,8.0,-2.0,-65.0
1777890634.3853323,10.0,-4.0,-67.0
1777890634.3953323,6.0,-5.0,-71.0
1777890634.4053323,2.0,-3.0,-69.0
1777890634.4153323,2.0,-4.0,-72.0
1777890634.4253323,0.0,-2.0,-79.0
1777890634.4353323,-2.0,-3.0,-76.0
1777890634.4453323,0.0,0.0,-80.0
1777890634.4553325,0.0,0.0,-72.0
1777890634.4653325,0.0,1.0,-75.0
1777890634.4753325,0.0,3.0,-77.0
1777890634.4853325,1.0,0.0,-71.0
1777890634.4953325,2.0,2.0,-65.0
1777890634.5053325,3.0,-1.0,-69.0
1777890634.5153325,9.0,-2.0,-70.0
1777890634.5253325,8.0,-3.0,-69.0
1777890634.5353324,5.0,-2.0,-73.0
1777890634.5453324,6.0,-2.0,-72.0
1777890634.5553324,6.0,-7.0,-73.0
1777890634.5653324,3.0,-6.0,-67.0
1777890634.5753324,0.0,-5.0,-66.0
1777890634.5853324,-1.0,-2.0,-79.0
1777890634.5953324,1.0,-1.0,-79.0
1777890634.6053324,2.0,0.0,-76.0
1777890634.6153324,5.0,-2.0,-78.0
1777890634.6253324,3.0,-2.0,-77.0
1777890634.6353323,2.0,-1.0,-77.0
1777890634.6453323,2.0,0.0,-78.0
1777890634.6553323,0.0,1.0,-80.0
1777890634.6653323,4.0,-4.0,-83.0
1777890634.6753323,6.0,-3.0,-83.0
1777890634.6853323,3.0,-4.0,-77.0
1777890634.6953323,1.0,-6.0,-71.0
1777890634.7053325,3.0,-6.0,-75.0
1777890634.7153325,-2.0,-4.0,-77.0
1777890634.7253325,-6.0,-2.0,-71.0
1777890634.7353325,-5.0,-2.0,-75.0
1777890634.7453325,-1.0,0.0,-70.0
1777890634.7553325,0.0,0.0,-75.0
1777890634.7653325,0.0,4.0,-69.0
1777890634.7753325,-4.0,1.0,-68.0
1777890634.7853324,-2.0,2.0,-67.0
1777890634.7953324,0.0,1.0,-69.0
1777890634.8053324,0.0,0.0,-70.0
1777890634.8153324,-2.0,0.0,-70.0
1777890634.8253324,-6.0,-1.0,-73.0
1777890634.8353324,0.0,-2.0,-69.0
1777890634.8453324,-2.0,-2.0,-69.0
1777890634.8553324,-2.0,-4.0,-73.0
1777890634.8653324,0.0,-3.0,-71.0
1777890634.8753324,1.0,0.0,-72.0
1777890634.8853323,0.0,3.0,-67.0
1777890634.8953323,2.0,3.0,-68.0
1777890634.9053323,5.0,3.0,-71.0
1777890634.9153323,0.0,0.0,-71.0
1777890634.9253323,-4.0,0.0,-73.0
1777890634.9353323,1.0,4.0,-67.0
1777890634.9453323,5.0,5.0,-66.0
1777890634.9553325,6.0,3.0,-64.0
1777890634.9653325,2.0,0.0,-65.0
1777890634.9753325,-1.0,-3.0,-76.0
1777890634.9853325,2.0,-4.0,-79.0
1777890634.9953325,4.0,-2.0,-76.0
1777890635.0053325,0.0,-5.0,-81.0
1777890635.0153325,-1.0,-5.0,-80.0
1777890635.0253325,-2.0,-6.0,-84.0
1777890635.0353324,-4.0,-7.0,-75.0
1777890635.0453324,-4.0,-4.0,-68.0
1777890635.0553324,-6.0,-4.0,-75.0
1777890635.0653324,-4.0,-5.0,-77.0
1777890635.0753324,-1.0,-5.0,-77.0
1777890635.0853324,-1.0,-4.0,-66.0
1777890635.0953324,1.0,-3.0,-68.0
1777890635.1053324,2.0,-2.0,-73.0
1777890635.1153324,0.0,-2.0,-73.0
1777890635.1253324,1.0,-2.0,-67.0
1777890635.1353323,1.0,-3.0,-66.0
1777890635.1453323,1.0,-3.0,-66.0
1777890635.1553323,-2.0,-3.0,-71.0
1777890635.1653323,-6.0,-1.0,-70.0
1777890635.1753323,-2.0,-3.0,-70.0
1777890635.1853323,-1.0,-4.0,-73.0
1777890635.1963325,1.0,-1.0,-73.0
1777890635.2063324,-2.0,-3.0,-70.0
1777890635.2153325,-1.0,0.0,-65.0
1777890635.2263324,1.0,0.0,-70.0
1777890635.2363324,0.0,0.0,-70.0
1777890635.2463324,1.0,-3.0,-75.0
1777890635.2563324,1.0,-2.0,-79.0
1777890635.2663324,2.0,2.0,-77.0
1777890635.2763324,3.0,2.0,-78.0
1777890635.2863324,7.0,0.0,-69.0
1777890635.2963324,2.0,5.0,-64.0
1777890635.3063323,2.0,7.0,-69.0
1777890635.3163323,1.0,4.0,-74.0
1777890635.3263323,2.0,3.0,-71.0
1777890635.3363323,-1.0,2.0,-76.0
1777890635.3463323,0.0,1.0,-88.0
1777890635.3563323,3.0,1.0,-88.0
1777890635.3663323,3.0,3.0,-80.0
1777890635.3763323,4.0,6.0,-82.0
1777890635.3863325,3.0,7.0,-81.0
1777890635.3963325,-1.0,4.0,-81.0
1777890635.4063325,1.0,0.0,-79.0
1777890635.4163325,3.0,0.0,-75.0
1777890635.4263325,2.0,-3.0,-73.0
1777890635.4363325,3.0,0.0,-76.0
1777890635.4463325,3.0,0.0,-72.0
1777890635.4563324,0.0,-3.0,-70.0
1777890635.4663324,2.0,-6.0,-73.0
1777890635.4763324,1.0,-6.0,-73.0
1777890635.4863324,3.0,-8.0,-68.0
1777890635.4963324,0.0,-6.0,-62.0
1777890635.5063324,1.0,0.0,-68.0
1777890635.5163324,-1.0,0.0,-75.0
1777890635.5263324,-4.0,-1.0,-73.0
1777890635.5363324,-2.0,-1.0,-71.0
1777890635.5463324,0.0,0.0,-63.0
1777890635.5563323,0.0,0.0,-61.0
1777890635.5663323,0.0,0.0,-68.0
1777890635.5763323,-2.0,0.0,-64.0
1777890635.5863323,-3.0,2.0,-64.0
1777890635.5963323,-5.0,-1.0,-62.0
1777890635.6063323,0.0,-4.0,-64.0
1777890635.6163323,-2.0,0.0,-68.0
1777890635.6263323,-1.0,2.0,-69.0
1777890635.6363325,0.0,6.0,-75.0
1777890635.6463325,2.0,7.0,-76.0
1777890635.6563325,4.0,5.0,-80.0
1777890635.6663325,5.0,4.0,-93.0
1777890635.6763325,3.0,0.0,-95.0
1777890635.6863325,7.0,-2.0,-92.0
1777890635.6963325,2.0,-6.0,-89.0
1777890635.7063324,3.0,-4.0,-87.0
1777890635.7163324,0.0,-2.0,-86.0
1777890635.7263324,-3.0,-3.0,-83.0
1777890635.7363324,1.0,-4.0,-77.0
1777890635.7463324,0.0,-4.0,-77.0
1777890635.7563324,5.0,-1.0,-71.0
1777890635.7663324,7.0,-3.0,-65.0
1777890635.7763324,8.0,-3.0,-72.0
1777890635.7863324,12.0,-3.0,-72.0
1777890635.7963324,11.0,-2.0,-65.0
1777890635.8063323,8.0,-2.0,-64.0
1777890635.8163323,6.0,0.0,-65.0
1777890635.8263323,5.0,-3.0,-63.0
1777890635.8363323,7.0,-10.0,-63.0
1777890635.8463323,3.0,-12.0,-68.0
1777890635.8563323,-1.0,-16.0,-69.0
1777890635.8663323,-1.0,-12.0,-70.0
1777890635.8763323,-3.0,-11.0,-76.0
1777890635.8863325,-4.0,-10.0,-77.0
1777890635.8963325,-3.0,-11.0,-77.0
1777890635.9063325,-1.0,-6.0,-79.0
1777890635.9163325,-2.0,-5.0,-72.0
1777890635.9263325,-3.0,-2.0,-71.0
1777890635.9363325,-2.0,-2.0,-69.0
1777890635.9463325,0.0,-6.0,-72.0
1777890635.9563324,-2.0,-10.0,-75.0
1777890635.9663324,1.0,-8.0,-76.0
1777890635.9763324,2.0,-5.0,-80.0
1777890635.9863324,-2.0,-2.0,-80.0
1777890635.9963324,0.0,-1.0,-74.0
1777890636.0063324,-1.0,0.0,-78.0
1777890636.0163324,-4.0,-1.0,-77.0
1777890636.0263324,-4.0,-1.0,-68.0
1777890636.0363324,-4.0,0.0,-67.0
1777890636.0463324,-2.0,-1.0,-68.0
1777890636.0563323,-1.0,2.0,-72.0
1777890636.0663323,-2.0,0.0,-72.0
1777890636.0763323,1.0,-1.0,-76.0
1777890636.0863323,0.0,0.0,-76.0
1777890636.0963323,-2.0,0.0,-79.0
1777890636.1063323,2.0,-2.0,-86.0
1777890636.1163323,5.0,-3.0,-85.0
1777890636.1263323,6.0,-2.0,-85.0
1777890636.1363325,1.0,-5.0,-80.0
1777890636.1463325,2.0,-6.0,-78.0
1777890636.1563325,4.0,-2.0,-74.0
1777890636.1663325,10.0,0.0,-75.0
1777890636.1763325,7.0,4.0,-77.0
1777890636.1863325,5.0,0.0,-78.0
1777890636.1963325,1.0,4.0,-80.0
1777890636.2063324,0.0,4.0,-79.0
1777890636.2163324,0.0,3.0,-81.0
1777890636.2263324,0.0,2.0,-83.0
1777890636.2363324,3.0,0.0,-81.0
1777890636.2463324,5.0,0.0,-78.0
1777890636.2563324,5.0,1.0,-72.0
1777890636.2663324,0.0,1.0,-77.0
1777890636.2763324,0.0,0.0,-70.0
1777890636.2863324,-3.0,0.0,-71.0
1777890636.2963324,0.0,0.0,-70.0
1777890636.3063323,0.0,0.0,-65.0
1777890636.3163323,-1.0,0.0,-67.0
1777890636.3263323,3.0,0.0,-66.0
1777890636.3363323,4.0,1.0,-71.0
1777890636.3463323,5.0,4.0,-71.0
1777890636.3563323,10.0,6.0,-76.0
1777890636.3663323,6.0,4.0,-79.0
1777890636.3763323,7.0,0.0,-81.0
1777890636.3863325,6.0,-1.0,-73.0
1777890636.3963325,8.0,-2.0,-74.0
1777890636.4063325,4.0,2.0,-75.0
1777890636.4163325,0.0,1.0,-79.0
1777890636.4263325,-1.0,1.0,-68.0
1777890636.4363325,0.0,0.0,-68.0
1777890636.4463325,-1.0,-1.0,-71.0
1777890636.4563324,0.0,-4.0,-75.0
1777890636.4663324,0.0,-4.0,-75.0
1777890636.4763324,0.0,0.0,-75.0
1777890636.4863324,0.0,-3.0,-71.0
1777890636.4963324,5.0,-4.0,-68.0
1777890636.5063324,0.0,-1.0,-74.0
1777890636.5163324,-4.0,-3.0,-73.0
1777890636.5263324,-1.0,-6.0,-74.0
1777890636.5363324,-2.0,-8.0,-79.0
1777890636.5463324,-1.0,-6.0,-72.0
1777890636.5563323,0.0,-4.0,-74.0
1777890636.5663323,-2.0,-4.0,-75.0
1777890636.5763323,-4.0,-7.0,-80.0
1777890636.5863323,-1.0,-5.0,-83.0
1777890636.5963323,-1.0,-8.0,-86.0
1777890636.6063323,-4.0,-6.0,-91.0
1777890636.6163323,-4.0,-10.0,-91.0
1777890636.6263323,-8.0,-4.0,-86.0
1777890636.6363325,-7.0,-1.0,-78.0
1777890636.6463325,-4.0,3.0,-73.0
1777890636.6563325,-2.0,1.0,-82.0
1777890636.6663325,-1.0,4.0,-81.0
1777890636.6763325,3.0,4.0,-80.0
1777890636.6863325,1.0,4.0,-78.0
1777890636.6963325,0.0,3.0,-73.0
1777890636.7063324,2.0,4.0,-77.0
1777890636.7163324,0.0,6.0,-73.0
1777890636.7263324,5.0,7.0,-71.0
1777890636.7363324,2.0,9.0,-67.0
1777890636.7463324,1.0,8.0,-67.0
1777890636.7563324,-1.0,5.0,-71.0
1777890636.7663324,-1.0,0.0,-75.0
1777890636.7763324,0.0,0.0,-74.0
1777890636.7863324,1.0,-1.0,-69.0
1777890636.7963324,2.0,-4.0,-72.0
1777890636.8063323,-2.0,-4.0,-73.0
1777890636.8163323,2.0,-6.0,-74.0
1777890636.8263323,0.0,-8.0,-76.0
1777890636.8363323,-2.0,-7.0,-74.0
1777890636.8463323,1.0,-9.0,-82.0
1777890636.8563323,2.0,-7.0,-87.0
1777890636.8663323,1.0,-8.0,-81.0
1777890636.8763323,-1.0,-3.0,-75.0
1777890636.8863325,-1.0,-6.0,-70.0
1777890636.8963325,-6.0,-9.0,-63.0
1777890636.9063325,-3.0,-8.0,-66.0
1777890636.9163325,-3.0,-6.0,-71.0
1777890636.9263325,0.0,-2.0,-77.0
1777890636.9363325,1.0,0.0,-76.0
1777890636.9463325,5.0,-2.0,-75.0
1777890636.9563324,6.0,0.0,-73.0
1777890636.9663324,2.0,-1.0,-71.0
1777890636.9763324,4.0,0.0,-72.0
1777890636.9863324,1.0,-5.0,-77.0
1777890636.9963324,2.0,-1.0,-79.0
1777890637.0063324,-1.0,1.0,-75.0
1777890637.0163324,2.0,3.0,-75.0
1777890637.0263324,3.0,5.0,-75.0
1777890637.0363324,-1.0,3.0,-76.0
1777890637.0463324,-1.0,-1.0,-79.0
1777890637.0563323,0.0,-3.0,-78.0
1777890637.0663323,0.0,-3.0,-78.0
1777890637.0763323,2.0,-2.0,-73.0
1777890637.0863323,-2.0,-4.0,-75.0
1777890637.0963323,-1.0,-2.0,-74.0
1777890637.1063323,1.0,-1.0,-77.0
1777890637.1163323,0.0,0.0,-77.0
1777890637.1263323,0.0,2.0,-71.0
1777890637.1363325,3.0,0.0,-80.0
1777890637.1463325,-1.0,-1.0,-77.0
1777890637.1563325,-2.0,-1.0,-77.0
1777890637.1663325,-4.0,-1.0,-76.0
1777890637.1763325,-1.0,0.0,-75.0
1777890637.1863325,1.0,-1.0,-79.0
1777890637.1973324,4.0,3.0,-79.0
1777890637.2073324,3.0,7.0,-73.0
1777890637.2173324,2.0,8.0,-73.0
1777890637.2273324,5.0,10.0,-77.0
1777890637.2373323,2.0,10.0,-74.0
1777890637.2473323,5.0,9.0,-77.0
1777890637.2573323,4.0,9.0,-75.0
1777890637.2673323,0.0,4.0,-77.0
1777890637.2773323,0.0,4.0,-80.0
1777890637.2873323,-3.0,3.0,-80.0
1777890637.2973323,-1.0,3.0,-74.0
1777890637.3073325,2.0,2.0,-77.0
1777890637.3173325,1.0,0.0,-82.0
1777890637.3273325,0.0,0.0,-73.0
1777890637.3373325,-2.0,0.0,-73.0
1777890637.3473325,-3.0,0.0,-68.0
1777890637.3573325,0.0,-1.0,-67.0
1777890637.3673325,-2.0,-4.0,-68.0
1777890637.3773324,0.0,-2.0,-65.0
1777890637.3873324,1.0,-2.0,-66.0
1777890637.3973324,0.0,-1.0,-73.0
1777890637.4073324,0.0,-3.0,-77.0
1777890637.4173324,3.0,-4.0,-81.0
1777890637.4273324,6.0,-1.0,-82.0
1777890637.4373324,2.0,1.0,-80.0
1777890637.4473324,3.0,-1.0,-73.0
1777890637.4573324,1.0,-2.0,-69.0
1777890637.4673324,0.0,0.0,-72.0
1777890637.4773324,4.0,0.0,-67.0
1777890637.4873323,3.0,3.0,-65.0
1777890637.4973323,1.0,2.0,-66.0
1777890637.5073323,-3.0,4.0,-67.0
1777890637.5173323,-3.0,2.0,-64.0
1777890637.5273323,0.0,-1.0,-67.0
1777890637.5373323,0.0,-3.0,-73.0
1777890637.5473323,-3.0,1.0,-73.0
1777890637.5573325,-4.0,3.0,-74.0
1777890637.5673325,-3.0,3.0,-76.0
1777890637.5773325,-5.0,4.0,-71.0
1777890637.5873325,1.0,5.0,-69.0
1777890637.5973325,3.0,3.0,-68.0
1777890637.6073325,4.0,2.0,-70.0
1777890637.6173325,2.0,0.0,-75.0
1777890637.6273324,4.0,1.0,-74.0
1777890637.6373324,2.0,-3.0,-77.0
1777890637.6473324,-4.0,-3.0,-75.0
1777890637.6573324,-5.0,3.0,-83.0
1777890637.6673324,-9.0,6.0,-88.0
1777890637.6773324,-12.0,3.0,-87.0
1777890637.6873324,-7.0,1.0,-83.0
1777890637.6973324,-4.0,-1.0,-80.0
1777890637.7073324,-5.0,0.0,-80.0
1777890637.7173324,-3.0,-1.0,-75.0
1777890637.7273324,-5.0,0.0,-75.0
1777890637.7373323,-2.0,0.0,-75.0
1777890637.7473323,-2.0,-1.0,-65.0
1777890637.7573323,-4.0,-1.0,-65.0
1777890637.7673323,-1.0,-1.0,-70.0
1777890637.7773323,-6.0,0.0,-71.0
1777890637.7873323,-4.0,2.0,-69.0
1777890637.7973323,0.0,4.0,-71.0
1777890637.8073325,4.0,4.0,-75.0
1777890637.8173325,4.0,3.0,-73.0
1777890637.8273325,5.0,5.0,-74.0
1777890637.8373325,2.0,4.0,-70.0
1777890637.8473325,0.0,1.0,-70.0
1777890637.8573325,3.0,1.0,-73.0
1777890637.8673325,3.0,2.0,-76.0
1777890637.8773324,3.0,2.0,-75.0
1777890637.8873324,4.0,2.0,-77.0
1777890637.8973324,6.0,5.0,-74.0
1777890637.9073324,5.0,1.0,-83.0
1777890637.9173324,1.0,-3.0,-82.0
1777890637.9273324,3.0,-2.0,-88.0
1777890637.9373324,3.0,-2.0,-82.0
1777890637.9473324,-1.0,-5.0,-74.0
1777890637.9573324,0.0,-6.0,-67.0
1777890637.9673324,0.0,-3.0,-66.0
1777890637.9773324,1.0,-4.0,-71.0
1777890637.9873323,4.0,-4.0,-66.0
1777890637.9973323,2.0,-2.0,-64.0
1777890638.0073323,-3.0,-5.0,-70.0
1777890638.0173323,0.0,-3.0,-70.0
1777890638.0273323,1.0,-1.0,-64.0
1777890638.0373323,0.0,0.0,-67.0
1777890638.0473323,0.0,-3.0,-65.0
1777890638.0573325,0.0,-5.0,-73.0
1777890638.0673325,2.0,-6.0,-75.0
1777890638.0773325,0.0,-6.0,-65.0
1777890638.0873325,3.0,-6.0,-67.0
1777890638.0973325,0.0,-2.0,-75.0
1777890638.1073325,-1.0,-3.0,-72.0
1777890638.1173325,-4.0,-4.0,-70.0
1777890638.1273324,-3.0,-8.0,-72.0
1777890638.1373324,-2.0,-7.0,-71.0
1777890638.1473324,0.0,-4.0,-73.0
1777890638.1573324,-3.0,-4.0,-75.0
1777890638.1673324,-3.0,-5.0,-77.0
1777890638.1773324,-5.0,-8.0,-75.0
1777890638.1873324,0.0,-8.0,-65.0
1777890638.1973324,-5.0,-3.0,-69.0
1777890638.2073324,-7.0,-3.0,-64.0
1777890638.2173324,-7.0,-3.0,-65.0
1777890638.2273324,-1.0,-1.0,-73.0
1777890638.2373323,-2.0,4.0,-74.0
1777890638.2473323,-1.0,3.0,-75.0
1777890638.2573323,3.0,2.0,-79.0
1777890638.2673323,6.0,2.0,-78.0
1777890638.2773323,5.0,0.0,-72.0
1777890638.2873323,5.0,0.0,-72.0
1777890638.2973323,7.0,1.0,-70.0
1777890638.3073325,6.0,2.0,-66.0
1777890638.3173325,6.0,1.0,-62.0
1777890638.3273325,4.0,0.0,-65.0
1777890638.3373325,6.0,0.0,-66.0
1777890638.3473325,10.0,-2.0,-72.0
1777890638.3573325,10.0,-5.0,-68.0
1777890638.3673325,6.0,-3.0,-64.0
1777890638.3773324,7.0,-3.0,-68.0
1777890638.3873324,3.0,1.0,-72.0
1777890638.3973324,0.0,2.0,-70.0
1777890638.4073324,-2.0,-3.0,-69.0
1777890638.4173324,-3.0,-4.0,-67.0
1777890638.4273324,0.0,-6.0,-74.0
1777890638.4373324,1.0,-4.0,-70.0
1777890638.4473324,1.0,-5.0,-68.0
1777890638.4573324,4.0,-5.0,-64.0
1777890638.4673324,2.0,-4.0,-60.0
1777890638.4773324,0.0,-1.0,-60.0
1777890638.4873323,4.0,0.0,-64.0
1777890638.4973323,3.0,-3.0,-67.0
1777890638.5073323,6.0,-7.0,-68.0
1777890638.5173323,7.0,-4.0,-70.0
1777890638.5273323,2.0,-2.0,-72.0
1777890638.5373323,0.0,0.0,-69.0
1777890638.5473323,-2.0,2.0,-72.0
1777890638.5573325,-5.0,0.0,-69.0
1777890638.5673325,-7.0,0.0,-72.0
1777890638.5773325,-6.0,-4.0,-70.0
1777890638.5873325,-7.0,-7.0,-71.0
1777890638.5973325,-5.0,-7.0,-72.0
1777890638.6073325,-5.0,-5.0,-67.0
1777890638.6173325,0.0,-2.0,-68.0
1777890638.6273324,0.0,-3.0,-78.0
1777890638.6373324,-3.0,-2.0,-80.0
1777890638.6473324,-3.0,-1.0,-85.0
1777890638.6573324,1.0,0.0,-76.0
1777890638.6673324,1.0,-5.0,-78.0
1777890638.6773324,-2.0,-11.0,-81.0
1777890638.6873324,-5.0,-8.0,-75.0
1777890638.6973324,0.0,-5.0,-69.0
1777890638.7073324,-4.0,-2.0,-70.0
1777890638.7173324,-4.0,-3.0,-65.0
1777890638.7273324,-4.0,-3.0,-68.0
1777890638.7373323,-3.0,-5.0,-66.0
1777890638.7473323,1.0,-2.0,-72.0
1777890638.7573323,0.0,-3.0,-70.0
1777890638.7673323,0.0,-5.0,-70.0
1777890638.7773323,0.0,-4.0,-78.0
1777890638.7873323,-3.0,0.0,-80.0
1777890638.7973323,-4.0,1.0,-74.0
1777890638.8073325,-5.0,5.0,-70.0
1777890638.8173325,-2.0,6.0,-67.0
1777890638.8273325,1.0,4.0,-68.0
1777890638.8373325,4.0,5.0,-70.0
1777890638.8473325,5.0,2.0,-72.0
1777890638.8573325,4.0,3.0,-77.0
1777890638.8673325,8.0,0.0,-74.0
1777890638.8773324,8.0,-4.0,-75.0
1777890638.8873324,8.0,-4.0,-78.0
1777890638.8973324,4.0,-5.0,-77.0
1777890638.9073324,1.0,-2.0,-72.0
1777890638.9173324,1.0,0.0,-69.0
1777890638.9273324,2.0,0.0,-72.0
1777890638.9373324,2.0,-2.0,-68.0
1777890638.9473324,0.0,-5.0,-68.0
1777890638.9573324,3.0,-7.0,-67.0
1777890638.9673324,2.0,-6.0,-72.0
1777890638.9773324,-2.0,-3.0,-69.0
1777890638.9873323,-1.0,0.0,-70.0
1777890638.9973323,-2.0,0.0,-73.0
1777890639.0073323,0.0,0.0,-71.0
1777890639.0173323,-1.0,-1.0,-74.0
1777890639.0273323,-1.0,-4.0,-69.0
1777890639.0373323,3.0,-8.0,-66.0
1777890639.0473323,4.0,-2.0,-66.0
1777890639.0573325,3.0,0.0,-69.0
1777890639.0673325,4.0,-2.0,-66.0
1777890639.0773325,2.0,-4.0,-65.0
1777890639.0873325,-1.0,-11.0,-61.0
1777890639.0983324,-3.0,-11.0,-64.0
1777890639.1073325,0.0,-2.0,-66.0
1777890639.1173325,1.0,-1.0,-63.0
1777890639.1273324,1.0,-3.0,-59.0
1777890639.1373324,2.0,-6.0,-58.0
1777890639.1473324,2.0,0.0,-66.0
1777890639.1573324,-1.0,-2.0,-66.0
1777890639.1673324,-1.0,-4.0,-66.0
1777890639.1773324,0.0,-5.0,-66.0
1777890639.1873324,3.0,-3.0,-69.0
1777890639.1983323,1.0,-2.0,-72.0
1777890639.2083323,0.0,-1.0,-78.0
1777890639.2183323,-1.0,0.0,-79.0
1777890639.2283323,1.0,1.0,-84.0
1777890639.2383325,0.0,2.0,-85.0
1777890639.2483325,-1.0,3.0,-81.0
1777890639.2583325,-3.0,4.0,-83.0
1777890639.2683325,-4.0,4.0,-87.0
1777890639.2783325,-6.0,2.0,-82.0
1777890639.2883325,-9.0,5.0,-80.0
1777890639.2983325,-10.0,4.0,-76.0
1777890639.3083324,-6.0,0.0,-75.0
1777890639.3183324,-7.0,-1.0,-78.0
1777890639.3283324,-4.0,0.0,-68.0
1777890639.3383324,-1.0,-1.0,-62.0
1777890639.3483324,-3.0,1.0,-64.0
1777890639.3583324,-3.0,0.0,-72.0
1777890639.3683324,1.0,-1.0,-70.0
1777890639.3783324,2.0,-5.0,-74.0
1777890639.3883324,-1.0,-4.0,-67.0
1777890639.3983324,-2.0,-6.0,-66.0
1777890639.4083323,0.0,-7.0,-64.0
1777890639.4183323,1.0,-2.0,-62.0
1777890639.4283323,1.0,1.0,-66.0
1777890639.4383323,1.0,0.0,-71.0
1777890639.4483323,0.0,1.0,-74.0
1777890639.4583323,0.0,-1.0,-72.0
1777890639.4683323,0.0,-1.0,-67.0
1777890639.4783323,3.0,-1.0,-56.0
1777890639.4883325,2.0,-1.0,-64.0
1777890639.4983325,0.0,-4.0,-61.0
1777890639.5083325,2.0,-4.0,-66.0
1777890639.5183325,-2.0,-6.0,-75.0
1777890639.5283325,-2.0,-6.0,-77.0
1777890639.5383325,-2.0,-5.0,-73.0
1777890639.5483325,-3.0,-2.0,-76.0
1777890639.5583324,-4.0,-3.0,-75.0
1777890639.5683324,-3.0,-4.0,-76.0
1777890639.5783324,3.0,-5.0,-78.0
1777890639.5883324,5.0,-4.0,-80.0
1777890639.5983324,6.0,-7.0,-85.0
1777890639.6083324,6.0,-5.0,-90.0
1777890639.6183324,8.0,-6.0,-89.0
1777890639.6283324,3.0,-4.0,-85.0
1777890639.6383324,0.0,-2.0,-85.0
1777890639.6483324,3.0,-3.0,-81.0
1777890639.6583323,2.0,-5.0,-79.0
1777890639.6683323,3.0,-5.0,-81.0
1777890639.6783323,11.0,-5.0,-74.0
1777890639.6883323,9.0,-8.0,-69.0
1777890639.6983323,11.0,-7.0,-61.0
1777890639.7083323,9.0,-4.0,-63.0
1777890639.7183323,9.0,-2.0,-67.0
1777890639.7283323,12.0,-4.0,-68.0
1777890639.7383325,7.0,-1.0,-68.0
1777890639.7483325,3.0,-2.0,-67.0
1777890639.7583325,2.0,-5.0,-70.0
1777890639.7683325,5.0,-6.0,-70.0
1777890639.7783325,-1.0,-3.0,-68.0
1777890639.7883325,-3.0,-2.0,-71.0
1777890639.7983325,-2.0,-4.0,-70.0
1777890639.8083324,0.0,-6.0,-75.0
1777890639.8183324,3.0,-6.0,-77.0
1777890639.8283324,3.0,-4.0,-68.0
1777890639.8383324,3.0,-4.0,-66.0
1777890639.8483324,1.0,-3.0,-64.0
1777890639.8583324,0.0,-3.0,-66.0
1777890639.8683324,-2.0,-3.0,-66.0
1777890639.8783324,-6.0,-4.0,-68.0
1777890639.8883324,-5.0,-5.0,-72.0
1777890639.8983324,-2.0,-7.0,-69.0
1777890639.9083323,0.0,-6.0,-72.0
1777890639.9183323,-5.0,-5.0,-76.0
1777890639.9283323,-8.0,-3.0,-80.0
1777890639.9383323,-4.0,-5.0,-75.0
1777890639.9483323,0.0,-9.0,-64.0
1777890639.9583323,1.0,-8.0,-55.0
1777890639.9683323,-2.0,-5.0,-57.0
1777890639.9783323,-4.0,-4.0,-63.0
1777890639.9883325,-4.0,-6.0,-61.0
1777890639.9983325,-3.0,-7.0,-60.0
1777890640.0083325,-3.0,-6.0,-65.0
1777890640.0183325,-8.0,-4.0,-72.0
1777890640.0283325,-10.0,-3.0,-71.0
1777890640.0383325,-4.0,1.0,-71.0
1777890640.0483325,-3.0,2.0,-71.0
1777890640.0583324,-1.0,5.0,-72.0
1777890640.0683324,0.0,2.0,-68.0
1777890640.0783324,-3.0,0.0,-69.0
1777890640.0883324,-6.0,-1.0,-76.0
1777890640.0983324,-5.0,1.0,-78.0
1777890640.1083324,-2.0,4.0,-76.0
1777890640.1183324,3.0,5.0,-77.0
1777890640.1283324,7.0,2.0,-70.0
1777890640.1383324,6.0,3.0,-68.0
1777890640.1483324,2.0,-1.0,-72.0
1777890640.1583323,3.0,-4.0,-74.0
1777890640.1683323,2.0,-3.0,-76.0
1777890640.1783323,0.0,0.0,-77.0
1777890640.1883323,-1.0,0.0,-83.0
1777890640.1983323,0.0,-2.0,-84.0
1777890640.2083323,1.0,-2.0,-87.0
1777890640.2183323,-2.0,-3.0,-89.0
1777890640.2283323,-4.0,-3.0,-87.0
1777890640.2383325,-3.0,-2.0,-90.0
1777890640.2483325,-2.0,-1.0,-81.0
1777890640.2583325,-2.0,-3.0,-78.0
1777890640.2683325,-1.0,-7.0,-82.0
1777890640.2783325,-2.0,-6.0,-75.0
1777890640.2883325,-3.0,-7.0,-70.0
1777890640.2983325,2.0,0.0,-66.0
1777890640.3083324,2.0,-1.0,-67.0
1777890640.3183324,4.0,0.0,-67.0
1777890640.3283324,3.0,1.0,-68.0
1777890640.3383324,3.0,4.0,-69.0
1777890640.3483324,3.0,3.0,-71.0
1777890640.3583324,0.0,0.0,-65.0
1777890640.3683324,4.0,1.0,-64.0
1777890640.3783324,2.0,0.0,-72.0
1777890640.3883324,0.0,-2.0,-73.0
1777890640.3983324,2.0,-1.0,-69.0
1777890640.4083323,2.0,0.0,-70.0
1777890640.4183323,0.0,0.0,-65.0
1777890640.4283323,4.0,1.0,-62.0
1777890640.4383323,6.0,1.0,-63.0
1777890640.4483323,8.0,2.0,-62.0
1777890640.4583323,6.0,2.0,-58.0
1777890640.4683323,1.0,1.0,-59.0
1777890640.4783323,-1.0,-1.0,-61.0
1777890640.4883325,0.0,0.0,-66.0
1777890640.4983325,-1.0,-3.0,-66.0
1777890640.5083325,0.0,-3.0,-68.0
1777890640.5183325,0.0,-4.0,-72.0
1777890640.5283325,-2.0,-1.0,-72.0
1777890640.5383325,-5.0,-3.0,-74.0
1777890640.5483325,-6.0,-2.0,-73.0
1777890640.5583324,-2.0,-3.0,-77.0
1777890640.5683324,0.0,-2.0,-74.0
1777890640.5783324,0.0,-3.0,-73.0
1777890640.5883324,-3.0,0.0,-78.0
1777890640.5983324,0.0,-4.0,-78.0
1777890640.6083324,0.0,-3.0,-81.0
1777890640.6183324,8.0,0.0,-86.0
1777890640.6283324,9.0,0.0,-79.0
1777890640.6383324,6.0,-2.0,-76.0
1777890640.6483324,10.0,4.0,-80.0
1777890640.6583323,12.0,3.0,-78.0
1777890640.6683323,9.0,4.0,-79.0
1777890640.6783323,3.0,3.0,-73.0
1777890640.6883323,-2.0,2.0,-75.0
1777890640.6983323,1.0,0.0,-77.0
1777890640.7083323,2.0,-5.0,-75.0
1777890640.7183323,0.0,-5.0,-74.0
1777890640.7283323,-1.0,-2.0,-73.0
1777890640.7383325,0.0,2.0,-69.0
1777890640.7483325,0.0,0.0,-69.0
1777890640.7583325,0.0,7.0,-67.0
1777890640.7683325,-1.0,10.0,-63.0
1777890640.7783325,4.0,8.0,-68.0
1777890640.7883325,9.0,3.0,-72.0
1777890640.7983325,9.0,0.0,-71.0
1777890640.8083324,8.0,-4.0,-75.0
1777890640.8183324,4.0,-7.0,-67.0
1777890640.8283324,6.0,-11.0,-68.0
1777890640.8383324,6.0,-7.0,-60.0
1777890640.8483324,0.0,-5.0,-65.0
1777890640.8583324,0.0,-1.0,-64.0
1777890640.8683324,3.0,0.0,-66.0
1777890640.8783324,3.0,0.0,-68.0
1777890640.8883324,7.0,1.0,-75.0
1777890640.8983324,8.0,0.0,-83.0
1777890640.9083323,8.0,0.0,-77.0
1777890640.9183323,5.0,0.0,-70.0
1777890640.9283323,1.0,-1.0,-70.0
1777890640.9383323,0.0,-2.0,-76.0
1777890640.9483323,0.0,-6.0,-82.0
1777890640.9583323,-4.0,-4.0,-81.0
1777890640.9683323,-5.0,-4.0,-78.0
1777890640.9783323,0.0,0.0,-77.0
1777890640.9883325,1.0,-1.0,-65.0
1777890640.9983325,-2.0,-4.0,-57.0
1777890641.0083325,-3.0,-2.0,-61.0
1777890641.0183325,-3.0,0.0,-62.0
1777890641.0283325,-4.0,2.0,-65.0
1777890641.0383325,-5.0,2.0,-65.0
1777890641.0483325,-6.0,2.0,-67.0
1777890641.0583324,-5.0,-1.0,-71.0
1777890641.0683324,-3.0,0.0,-66.0
1777890641.0783324,-2.0,0.0,-65.0
1777890641.0883324,1.0,-3.0,-69.0
1777890641.0983324,4.0,-5.0,-70.0
1777890641.1083324,4.0,-1.0,-76.0
1777890641.1183324,3.0,-1.0,-75.0
1777890641.1283324,0.0,0.0,-74.0
1777890641.1393323,2.0,1.0,-76.0
1777890641.1493323,-1.0,3.0,-75.0
1777890641.1583323,0.0,0.0,-84.0
1777890641.1693325,0.0,0.0,-83.0
1777890641.1793325,1.0,1.0,-78.0
1777890641.1893325,6.0,6.0,-82.0
1777890641.1993325,5.0,7.0,-84.0
1777890641.2093325,5.0,6.0,-74.0
1777890641.2193325,-2.0,1.0,-76.0
1777890641.2293324,-6.0,2.0,-74.0
1777890641.2393324,-4.0,5.0,-76.0
1777890641.2493324,-6.0,5.0,-82.0
1777890641.2593324,0.0,0.0,-76.0
1777890641.2693324,3.0,0.0,-79.0
1777890641.2793324,2.0,0.0,-76.0
1777890641.2893324,2.0,-1.0,-74.0
1777890641.2993324,6.0,-3.0,-72.0
1777890641.3093324,1.0,-3.0,-76.0
1777890641.3193324,-4.0,0.0,-74.0
1777890641.3293324,-6.0,0.0,-78.0
1777890641.3393323,-5.0,2.0,-74.0
1777890641.3493323,-4.0,7.0,-76.0
1777890641.3593323,-1.0,6.0,-80.0
1777890641.3693323,1.0,-2.0,-77.0
1777890641.3793323,-4.0,0.0,-74.0
1777890641.3893323,-2.0,3.0,-70.0
1777890641.3993323,0.0,1.0,-73.0
1777890641.4093325,-4.0,-1.0,-77.0
1777890641.4193325,-5.0,-1.0,-76.0
1777890641.4293325,-2.0,-1.0,-70.0
1777890641.4393325,0.0,-2.0,-67.0
1777890641.4493325,3.0,-1.0,-66.0
1777890641.4593325,2.0,-1.0,-73.0
1777890641.4693325,3.0,-4.0,-74.0
1777890641.4793324,3.0,-5.0,-69.0
1777890641.4893324,7.0,0.0,-69.0
1777890641.4993324,11.0,-1.0,-73.0
1777890641.5093324,8.0,-4.0,-73.0
1777890641.5193324,8.0,0.0,-77.0
1777890641.5293324,4.0,0.0,-80.0
1777890641.5393324,3.0,2.0,-80.0
1777890641.5493324,4.0,4.0,-77.0
1777890641.5593324,4.0,3.0,-79.0
1777890641.5693324,2.0,1.0,-73.0
1777890641.5793324,0.0,-4.0,-75.0
1777890641.5893323,0.0,-4.0,-76.0
1777890641.5993323,1.0,-2.0,-69.0
1777890641.6093323,0.0,-3.0,-70.0
1777890641.6193323,0.0,-4.0,-66.0
1777890641.6293323,0.0,-5.0,-66.0
1777890641.6393323,0.0,0.0,-69.0
1777890641.6493323,4.0,4.0,-61.0
1777890641.6593325,1.0,3.0,-60.0
1777890641.6693325,1.0,5.0,-60.0
1777890641.6793325,2.0,6.0,-62.0
1777890641.6893325,4.0,8.0,-68.0
1777890641.6993325,1.0,9.0,-75.0
1777890641.7093325,0.0,5.0,-69.0
1777890641.7193325,-3.0,2.0,-69.0
1777890641.7293324,0.0,-3.0,-68.0
1777890641.7393324,0.0,-3.0,-69.0
1777890641.7493324,-1.0,-7.0,-74.0
1777890641.7593324,0.0,-5.0,-73.0
1777890641.7693324,0.0,-2.0,-76.0
1777890641.7793324,3.0,-2.0,-76.0
1777890641.7893324,3.0,-4.0,-73.0
1777890641.7993324,0.0,-2.0,-68.0
1777890641.8093324,0.0,0.0,-69.0
1777890641.8193324,1.0,0.0,-70.0
1777890641.8293324,0.0,4.0,-71.0
1777890641.8393323,-4.0,3.0,-72.0
1777890641.8493323,-3.0,2.0,-76.0
1777890641.8593323,-4.0,3.0,-77.0
1777890641.8693323,-5.0,0.0,-80.0
1777890641.8793323,0.0,-4.0,-78.0
1777890641.8893323,-5.0,-3.0,-72.0
1777890641.8993323,-9.0,-3.0,-72.0
1777890641.9093325,-9.0,-3.0,-70.0
1777890641.9193325,0.0,0.0,-71.0
1777890641.9293325,-1.0,0.0,-73.0
1777890641.9393325,0.0,-3.0,-72.0
1777890641.9493325,-1.0,-1.0,-70.0
1777890641.9593325,2.0,0.0,-69.0
1777890641.9693325,2.0,1.0,-69.0
1777890641.9793324,4.0,1.0,-67.0
1777890641.9893324,3.0,2.0,-64.0
1777890641.9993324,5.0,-2.0,-66.0
1777890642.0093324,6.0,-4.0,-71.0
1777890642.0193324,4.0,0.0,-67.0
1777890642.0293324,5.0,0.0,-70.0
1777890642.0393324,0.0,-4.0,-69.0
1777890642.0493324,2.0,0.0,-75.0
1777890642.0593324,4.0,-2.0,-73.0
1777890642.0693324,4.0,-1.0,-71.0
1777890642.0793324,4.0,1.0,-74.0
1777890642.0893323,3.0,3.0,-70.0
1777890642.0993323,7.0,3.0,-65.0
1777890642.1093323,6.0,0.0,-71.0
1777890642.1193323,4.0,0.0,-65.0
1777890642.1293323,0.0,-4.0,-68.0
1777890642.1393323,-4.0,-5.0,-79.0
1777890642.1493323,-1.0,-3.0,-72.0
1777890642.1593325,0.0,-5.0,-71.0
1777890642.1693325,-3.0,-3.0,-74.0
1777890642.1793325,-5.0,-2.0,-71.0
1777890642.1893325,-6.0,-3.0,-74.0
1777890642.1993325,-6.0,-3.0,-76.0
1777890642.2093325,-2.0,-4.0,-81.0
1777890642.2193325,0.0,-6.0,-79.0
1777890642.2293324,0.0,-9.0,-79.0
1777890642.2393324,5.0,-8.0,-81.0
1777890642.2493324,4.0,-7.0,-81.0
1777890642.2593324,7.0,-7.0,-71.0
1777890642.2693324,6.0,-7.0,-73.0
1777890642.2793324,4.0,-8.0,-75.0
1777890642.2893324,2.0,-6.0,-76.0
1777890642.2993324,7.0,-2.0,-71.0
1777890642.3093324,7.0,-3.0,-73.0
1777890642.3193324,9.0,-4.0,-73.0
1777890642.3293324,5.0,-3.0,-74.0
1777890642.3393323,5.0,1.0,-78.0
1777890642.3493323,5.0,-1.0,-78.0
1777890642.3593323,3.0,-5.0,-79.0
1777890642.3693323,2.0,-7.0,-77.0
1777890642.3793323,2.0,-9.0,-71.0
1777890642.3893323,-1.0,-8.0,-76.0
1777890642.3993323,-5.0,-10.0,-84.0
1777890642.4093325,-4.0,-9.0,-84.0
1777890642.4193325,-7.0,-7.0,-79.0
1777890642.4293325,-5.0,-7.0,-80.0
1777890642.4393325,0.0,-8.0,-76.0
1777890642.4493325,0.0,-8.0,-74.0
1777890642.4593325,-2.0,-6.0,-72.0
1777890642.4693325,0.0,-9.0,-79.0
1777890642.4793324,-1.0,-6.0,-76.0
1777890642.4893324,1.0,-6.0,-79.0
1777890642.4993324,0.0,-6.0,-77.0
1777890642.5093324,4.0,-2.0,-82.0
1777890642.5193324,8.0,-3.0,-84.0
1777890642.5293324,3.0,-4.0,-85.0
1777890642.5393324,2.0,0.0,-80.0
1777890642.5493324,1.0,2.0,-77.0
1777890642.5593324,2.0,1.0,-78.0
1777890642.5693324,4.0,5.0,-75.0
1777890642.5793324,8.0,2.0,-76.0
1777890642.5893323,13.0,2.0,-76.0
1777890642.5993323,8.0,-1.0,-78.0
1777890642.6093323,9.0,0.0,-75.0
1777890642.6193323,2.0,1.0,-77.0
1777890642.6293323,2.0,2.0,-75.0
1777890642.6393323,0.0,2.0,-78.0
1777890642.6493323,-2.0,1.0,-79.0
1777890642.6593325,-3.0,3.0,-80.0
1777890642.6693325,-1.0,3.0,-78.0
1777890642.6793325,1.0,-1.0,-77.0
1777890642.6893325,2.0,0.0,-82.0
1777890642.6993325,1.0,0.0,-80.0
1777890642.7093325,1.0,-4.0,-78.0
1777890642.7193325,3.0,-1.0,-80.0
1777890642.7293324,0.0,-2.0,-82.0
1777890642.7393324,-1.0,0.0,-85.0
1777890642.7493324,0.0,0.0,-78.0
1777890642.7593324,1.0,0.0,-83.0
1777890642.7693324,3.0,-3.0,-80.0
1777890642.7793324,7.0,-5.0,-79.0
1777890642.7893324,6.0,-6.0,-81.0
1777890642.7993324,5.0,-4.0,-75.0
1777890642.8093324,-2.0,-4.0,-73.0
1777890642.8193324,0.0,-2.0,-67.0
1777890642.8293324,2.0,-1.0,-61.0
1777890642.8393323,0.0,0.0,-65.0
1777890642.8493323,-3.0,-1.0,-64.0
1777890642.8593323,1.0,0.0,-65.0
1777890642.8693323,3.0,2.0,-68.0
1777890642.8793323,3.0,2.0,-70.0
1777890642.8893323,5.0,4.0,-75.0
1777890642.8993323,5.0,2.0,-68.0
1777890642.9093325,5.0,0.0,-70.0
1777890642.9193325,3.0,3.0,-77.0
1777890642.9293325,5.0,4.0,-77.0
1777890642.9393325,2.0,5.0,-77.0
1777890642.9493325,1.0,4.0,-79.0
1777890642.9593325,1.0,4.0,-83.0
1777890642.9693325,0.0,2.0,-83.0
1777890642.9793324,0.0,0.0,-90.0
1777890642.9893324,-2.0,0.0,-86.0
1777890642.9993324,-3.0,-1.0,-85.0
1777890643.0093324,-2.0,0.0,-86.0
1777890643.0193324,1.0,-1.0,-84.0
1777890643.0293324,0.0,3.0,-83.0
1777890643.0393324,1.0,0.0,-80.0
1777890643.0493324,0.0,-3.0,-83.0
1777890643.0593324,-1.0,-2.0,-76.0
1777890643.0693324,0.0,2.0,-81.0
1777890643.0793324,0.0,2.0,-74.0
1777890643.0893323,0.0,3.0,-69.0
1777890643.0993323,2.0,4.0,-65.0
1777890643.1093323,2.0,3.0,-70.0
1777890643.1193323,0.0,-1.0,-82.0
1777890643.1293323,0.0,0.0,-86.0
1777890643.1393323,0.0,0.0,-89.0
1777890643.1493323,0.0,1.0,-86.0
1777890643.1603324,0.0,0.0,-84.0
1777890643.1703324,1.0,5.0,-80.0
1777890643.1803324,4.0,3.0,-68.0
1777890643.1903324,2.0,5.0,-69.0
1777890643.2003324,2.0,4.0,-74.0
1777890643.2103324,-2.0,1.0,-74.0
1777890643.2203324,0.0,-2.0,-83.0
1777890643.2303324,0.0,1.0,-84.0
1777890643.2403324,2.0,1.0,-84.0
1777890643.2503324,5.0,2.0,-86.0
1777890643.2603323,5.0,2.0,-90.0
1777890643.2703323,2.0,1.0,-85.0
1777890643.2803323,2.0,2.0,-80.0
1777890643.2903323,0.0,3.0,-72.0
1777890643.3003323,-2.0,1.0,-74.0
1777890643.3103323,-2.0,1.0,-78.0
1777890643.3203323,-4.0,0.0,-75.0
1777890643.3303325,-5.0,4.0,-73.0
1777890643.3403325,-1.0,6.0,-71.0
1777890643.3503325,-1.0,3.0,-71.0
1777890643.3603325,-5.0,0.0,-72.0
1777890643.3703325,-6.0,1.0,-79.0
1777890643.3803325,-3.0,-2.0,-83.0
1777890643.3903325,-2.0,-1.0,-79.0
1777890643.4003325,0.0,-1.0,-81.0
1777890643.4103324,1.0,-1.0,-86.0
1777890643.4203324,3.0,0.0,-84.0
1777890643.4303324,3.0,0.0,-79.0
1777890643.4403324,3.0,1.0,-80.0
1777890643.4503324,2.0,0.0,-75.0
1777890643.4603324,2.0,-2.0,-71.0
1777890643.4703324,4.0,-2.0,-68.0
1777890643.4803324,3.0,0.0,-64.0
1777890643.4903324,0.0,-2.0,-65.0
1777890643.5003324,0.0,0.0,-68.0
1777890643.5103323,0.0,-2.0,-67.0
1777890643.5203323,3.0,-5.0,-61.0
1777890643.5303323,0.0,-4.0,-67.0
1777890643.5403323,-1.0,0.0,-70.0
1777890643.5503323,0.0,3.0,-73.0
1777890643.5603323,2.0,2.0,-75.0
1777890643.5703323,6.0,0.0,-81.0
1777890643.5803325,2.0,1.0,-81.0
1777890643.5903325,0.0,0.0,-78.0
1777890643.6003325,0.0,-3.0,-77.0
1777890643.6103325,0.0,0.0,-77.0
1777890643.6203325,0.0,0.0,-69.0
1777890643.6303325,3.0,-3.0,-60.0
1777890643.6403325,2.0,-3.0,-56.0
1777890643.6503325,2.0,-2.0,-59.0
1777890643.6603324,0.0,0.0,-65.0
1777890643.6703324,-1.0,0.0,-67.0
1777890643.6803324,-1.0,0.0,-67.0
1777890643.6903324,-1.0,0.0,-66.0
1777890643.7003324,-1.0,-3.0,-63.0
1777890643.7103324,2.0,-4.0,-68.0
1777890643.7203324,2.0,-3.0,-69.0
1777890643.7303324,-1.0,-5.0,-68.0
1777890643.7403324,-1.0,-6.0,-67.0
1777890643.7503324,0.0,-6.0,-68.0
1777890643.7603323,5.0,-3.0,-66.0
1777890643.7703323,0.0,-5.0,-70.0
1777890643.7803323,3.0,-5.0,-68.0
1777890643.7903323,0.0,-2.0,-63.0
1777890643.8003323,1.0,1.0,-64.0
1777890643.8103323,-1.0,2.0,-68.0
1777890643.8203323,-3.0,1.0,-71.0
1777890643.8303325,0.0,0.0,-66.0
1777890643.8403325,3.0,-5.0,-61.0
1777890643.8503325,2.0,-4.0,-54.0
1777890643.8603325,3.0,1.0,-53.0
1777890643.8703325,2.0,1.0,-58.0
1777890643.8803325,3.0,2.0,-60.0
1777890643.8903325,1.0,0.0,-64.0
1777890643.9003325,2.0,0.0,-67.0
1777890643.9113324,6.0,0.0,-75.0
1777890643.9203324,4.0,3.0,-78.0
1777890643.9303324,0.0,4.0,-77.0
1777890643.9403324,2.0,-1.0,-70.0
1777890643.9503324,2.0,0.0,-76.0
1777890643.9603324,3.0,0.0,-71.0
1777890643.9703324,1.0,-1.0,-71.0
1777890643.9803324,2.0,-5.0,-74.0
1777890643.9903324,3.0,-2.0,-75.0
1777890644.0003324,1.0,-2.0,-75.0
1777890644.0103323,0.0,-2.0,-77.0
1777890644.0203323,1.0,-2.0,-76.0
1777890644.0303323,2.0,0.0,-69.0
1777890644.0403323,-1.0,-4.0,-77.0
1777890644.0503323,1.0,-5.0,-71.0
1777890644.0603323,2.0,-4.0,-73.0
1777890644.0703323,-1.0,-1.0,-77.0
1777890644.0803325,-3.0,0.0,-74.0
1777890644.0903325,0.0,-1.0,-70.0
1777890644.1003325,-2.0,1.0,-75.0
1777890644.1103325,-3.0,0.0,-72.0
1777890644.1203325,-4.0,-1.0,-66.0
1777890644.1303325,0.0,0.0,-69.0
1777890644.1403325,3.0,0.0,-68.0
1777890644.1503325,1.0,1.0,-71.0
1777890644.1603324,2.0,1.0,-66.0
1777890644.1703324,4.0,0.0,-69.0
1777890644.1803324,0.0,0.0,-74.0
1777890644.1903324,1.0,2.0,-71.0
1777890644.2003324,6.0,6.0,-78.0
1777890644.2103324,9.0,8.0,-75.0
1777890644.2203324,13.0,4.0,-79.0
1777890644.2303324,9.0,2.0,-83.0
1777890644.2403324,5.0,-2.0,-79.0
1777890644.2503324,9.0,-5.0,-78.0
1777890644.2603323,7.0,-4.0,-77.0
1777890644.2703323,6.0,-1.0,-81.0
1777890644.2803323,6.0,0.0,-80.0
1777890644.2903323,6.0,0.0,-78.0
1777890644.3003323,11.0,-1.0,-84.0
1777890644.3103323,9.0,1.0,-82.0
1777890644.3203323,2.0,2.0,-71.0
1777890644.3303325,0.0,3.0,-72.0
1777890644.3403325,-1.0,6.0,-69.0
1777890644.3503325,-5.0,8.0,-72.0
1777890644.3603325,-2.0,5.0,-64.0
1777890644.3703325,3.0,1.0,-65.0
1777890644.3803325,2.0,-1.0,-62.0
1777890644.3903325,3.0,-7.0,-67.0
1777890644.4003325,-1.0,-6.0,-58.0
1777890644.4103324,-3.0,-6.0,-61.0
1777890644.4203324,0.0,-2.0,-63.0
1777890644.4303324,0.0,-1.0,-64.0
1777890644.4403324,-6.0,-2.0,-68.0
1777890644.4503324,-5.0,0.0,-66.0
1777890644.4603324,-6.0,1.0,-67.0
1777890644.4703324,-4.0,0.0,-69.0
1777890644.4803324,-8.0,3.0,-72.0
1777890644.4903324,-6.0,1.0,-75.0
1777890644.5003324,-4.0,0.0,-67.0
1777890644.5103323,-2.0,-3.0,-68.0
1777890644.5203323,3.0,-7.0,-71.0
1777890644.5303323,4.0,-6.0,-75.0
1777890644.5403323,4.0,-5.0,-76.0
1777890644.5503323,7.0,-6.0,-78.0
1777890644.5603323,6.0,-6.0,-79.0
1777890644.5703323,5.0,-1.0,-77.0
1777890644.5803325,6.0,-4.0,-79.0
1777890644.5903325,4.0,-2.0,-77.0
1777890644.6003325,4.0,0.0,-76.0
1777890644.6103325,5.0,-3.0,-75.0
1777890644.6203325,0.0,-4.0,-73.0
1777890644.6303325,0.0,-5.0,-66.0
1777890644.6403325,-1.0,-4.0,-63.0
1777890644.6503325,-4.0,-3.0,-69.0
1777890644.6603324,-3.0,2.0,-79.0
1777890644.6703324,-4.0,-1.0,-77.0
1777890644.6803324,1.0,-3.0,-78.0
1777890644.6903324,0.0,-1.0,-71.0
1777890644.7003324,-4.0,-2.0,-67.0
1777890644.7103324,-5.0,-3.0,-73.0
1777890644.7203324,-3.0,-2.0,-72.0
1777890644.7303324,-2.0,-6.0,-79.0
1777890644.7403324,-3.0,-5.0,-76.0
1777890644.7503324,0.0,-4.0,-73.0
1777890644.7603323,-2.0,-8.0,-76.0
1777890644.7703323,0.0,-5.0,-77.0
1777890644.7803323,0.0,-6.0,-80.0
1777890644.7903323,1.0,-4.0,-75.0
1777890644.8003323,0.0,-4.0,-69.0
1777890644.8103323,0.0,-4.0,-62.0
1777890644.8203323,0.0,-5.0,-64.0
1777890644.8303325,-1.0,-5.0,-69.0
1777890644.8403325,-3.0,-6.0,-75.0
1777890644.8503325,-5.0,-5.0,-75.0
1777890644.8603325,-4.0,0.0,-72.0
1777890644.8703325,-2.0,2.0,-71.0
1777890644.8803325,0.0,1.0,-67.0
1777890644.8903325,0.0,0.0,-68.0
1777890644.9003325,-1.0,3.0,-76.0
1777890644.9103324,0.0,2.0,-75.0
1777890644.9203324,-3.0,1.0,-75.0
1777890644.9303324,-2.0,0.0,-78.0
1777890644.9403324,0.0,-3.0,-77.0
1777890644.9503324,0.0,-7.0,-69.0
1777890644.9603324,0.0,-7.0,-64.0
1777890644.9703324,0.0,-7.0,-65.0
1777890644.9803324,-1.0,-2.0,-62.0
1777890644.9903324,-2.0,1.0,-63.0
1777890645.0003324,2.0,0.0,-61.0
1777890645.0103323,2.0,3.0,-72.0
1777890645.0203323,8.0,1.0,-69.0
1777890645.0303323,4.0,0.0,-72.0
1777890645.0403323,6.0,-4.0,-83.0
1777890645.0503323,11.0,-1.0,-80.0
1777890645.0603323,8.0,0.0,-78.0
1777890645.0703323,10.0,1.0,-79.0
1777890645.0803325,6.0,3.0,-77.0
1777890645.0913324,4.0,0.0,-80.0
1777890645.1003325,5.0,0.0,-73.0
1777890645.1103325,0.0,1.0,-68.0
1777890645.1213324,-1.0,1.0,-70.0
1777890645.1313324,-2.0,0.0,-68.0
1777890645.1413324,0.0,-1.0,-79.0
1777890645.1513324,-4.0,-5.0,-79.0
1777890645.1603324,-8.0,-4.0,-79.0
1777890645.1713324,-8.0,-3.0,-79.0
1777890645.1813323,-7.0,-2.0,-80.0
1777890645.1913323,-2.0,0.0,-82.0
1777890645.2013323,-4.0,0.0,-80.0
1777890645.2113323,1.0,-1.0,-76.0
1777890645.2213323,2.0,0.0,-74.0
1777890645.2313323,0.0,0.0,-77.0
1777890645.2413323,-2.0,-2.0,-80.0
1777890645.2513323,-4.0,0.0,-80.0
1777890645.2613325,-1.0,-3.0,-78.0
1777890645.2713325,-3.0,-7.0,-75.0
1777890645.2813325,-3.0,-4.0,-76.0
1777890645.2913325,-5.0,-4.0,-72.0
1777890645.3013325,0.0,-2.0,-71.0
1777890645.3113325,4.0,-1.0,-75.0
1777890645.3213325,4.0,7.0,-73.0
1777890645.3313324,1.0,2.0,-69.0
1777890645.3413324,1.0,1.0,-72.0
1777890645.3513324,1.0,0.0,-65.0
1777890645.3613324,0.0,-3.0,-70.0
1777890645.3713324,0.0,0.0,-75.0
1777890645.3813324,-3.0,0.0,-73.0
1777890645.3913324,-1.0,0.0,-74.0
1777890645.4013324,-3.0,-2.0,-78.0
1777890645.4113324,0.0,0.0,-76.0
1777890645.4213324,0.0,-2.0,-71.0
1777890645.4313323,0.0,0.0,-66.0
1777890645.4413323,0.0,-1.0,-67.0
1777890645.4513323,0.0,-2.0,-64.0
1777890645.4613323,0.0,-3.0,-68.0
1777890645.4713323,-1.0,-2.0,-64.0
1777890645.4813323,-4.0,-8.0,-60.0
1777890645.4913323,-3.0,-6.0,-78.0
1777890645.5013323,-4.0,-7.0,-78.0
1777890645.5113325,-4.0,-5.0,-77.0
1777890645.5213325,0.0,-6.0,-76.0
1777890645.5313325,0.0,-6.0,-74.0
1777890645.5413325,0.0,-4.0,-75.0
1777890645.5513325,1.0,-3.0,-78.0
1777890645.5613325,0.0,0.0,-74.0
1777890645.5713325,-2.0,0.0,-72.0
1777890645.5813324,-3.0,4.0,-71.0
1777890645.5913324,0.0,0.0,-64.0
1777890645.6013324,2.0,0.0,-73.0
1777890645.6113324,5.0,0.0,-73.0
1777890645.6213324,7.0,0.0,-76.0
1777890645.6313324,4.0,1.0,-72.0
1777890645.6413324,2.0,0.0,-70.0
1777890645.6513324,0.0,0.0,-74.0
1777890645.6613324,0.0,-8.0,-75.0
1777890645.6713324,-3.0,-6.0,-69.0
1777890645.6813323,-5.0,-4.0,-69.0
1777890645.6913323,-6.0,-3.0,-68.0
1777890645.7013323,-5.0,-1.0,-70.0
1777890645.7113323,2.0,-4.0,-71.0
1777890645.7213323,2.0,-1.0,-72.0
1777890645.7313323,4.0,0.0,-73.0
1777890645.7413323,4.0,2.0,-75.0
1777890645.7513323,7.0,3.0,-78.0
1777890645.7613325,3.0,-1.0,-73.0
1777890645.7713325,0.0,-1.0,-75.0
1777890645.7813325,-2.0,2.0,-74.0
1777890645.7913325,1.0,-2.0,-72.0
1777890645.8013325,2.0,0.0,-67.0
1777890645.8113325,8.0,1.0,-65.0
1777890645.8213325,8.0,2.0,-65.0
1777890645.8313324,3.0,3.0,-69.0
1777890645.8413324,1.0,0.0,-71.0
1777890645.8513324,2.0,-2.0,-77.0
1777890645.8613324,6.0,-1.0,-79.0
1777890645.8713324,5.0,-4.0,-75.0
1777890645.8813324,3.0,-3.0,-70.0
1777890645.8913324,3.0,-3.0,-75.0
1777890645.9013324,1.0,0.0,-76.0
1777890645.9113324,-1.0,0.0,-72.0
1777890645.9213324,-1.0,-4.0,-62.0
1777890645.9313323,-1.0,-6.0,-62.0
1777890645.9413323,-3.0,0.0,-63.0
1777890645.9513323,-2.0,3.0,-63.0
1777890645.9613323,-2.0,0.0,-68.0
1777890645.9713323,-6.0,-1.0,-69.0
1777890645.9813323,-1.0,1.0,-67.0
1777890645.9913323,4.0,-1.0,-73.0
1777890646.0013323,4.0,-6.0,-77.0
1777890646.0113325,6.0,-5.0,-74.0
1777890646.0213325,4.0,0.0,-71.0
1777890646.0313325,5.0,0.0,-68.0
1777890646.0413325,7.0,0.0,-67.0
1777890646.0513325,4.0,2.0,-68.0
1777890646.0613325,2.0,0.0,-65.0
1777890646.0713325,1.0,-3.0,-58.0
1777890646.0813324,0.0,-3.0,-62.0
1777890646.0913324,0.0,-1.0,-63.0
1777890646.1013324,-1.0,3.0,-65.0
1777890646.1113324,4.0,6.0,-71.0
1777890646.1213324,5.0,6.0,-73.0
1777890646.1313324,7.0,4.0,-72.0
1777890646.1413324,3.0,1.0,-77.0
1777890646.1513324,0.0,-3.0,-78.0
1777890646.1613324,-4.0,0.0,-76.0
1777890646.1713324,-6.0,2.0,-73.0
1777890646.1813323,-2.0,2.0,-73.0
1777890646.1913323,-3.0,0.0,-68.0
1777890646.2013323,0.0,-6.0,-65.0
1777890646.2113323,-3.0,-5.0,-65.0
1777890646.2213323,-7.0,-7.0,-64.0
1777890646.2313323,-6.0,-7.0,-70.0
1777890646.2413323,-8.0,-7.0,-66.0
1777890646.2513323,-8.0,-7.0,-71.0
1777890646.2613325,-12.0,-8.0,-83.0
1777890646.2713325,-14.0,-8.0,-77.0
1777890646.2813325,-12.0,-7.0,-79.0
1777890646.2913325,-8.0,-4.0,-78.0
1777890646.3013325,-8.0,-4.0,-81.0
1777890646.3113325,-15.0,-3.0,-76.0
1777890646.3213325,-11.0,-3.0,-73.0
1777890646.3313324,-3.0,-3.0,-75.0
1777890646.3413324,0.0,-6.0,-79.0
1777890646.3513324,-5.0,-7.0,-76.0
1777890646.3613324,-4.0,-10.0,-76.0
1777890646.3713324,0.0,-11.0,-74.0
1777890646.3813324,2.0,-10.0,-70.0
1777890646.3913324,2.0,-7.0,-76.0
1777890646.4013324,0.0,-4.0,-80.0
1777890646.4113324,0.0,-5.0,-78.0
1777890646.4213324,0.0,-5.0,-72.0
1777890646.4313323,-2.0,-1.0,-71.0
1777890646.4413323,-2.0,-2.0,-62.0
1777890646.4513323,-5.0,-5.0,-64.0
1777890646.4613323,-4.0,-7.0,-68.0
1777890646.4713323,-4.0,-6.0,-66.0
1777890646.4813323,-8.0,-1.0,-64.0
1777890646.4913323,-7.0,-1.0,-62.0
1777890646.5013323,-2.0,-2.0,-60.0
1777890646.5113325,-1.0,-1.0,-64.0
1777890646.5213325,0.0,3.0,-70.0
1777890646.5313325,0.0,5.0,-72.0
1777890646.5413325,-2.0,5.0,-73.0
1777890646.5513325,-2.0,3.0,-74.0
1777890646.5613325,0.0,2.0,-74.0
1777890646.5713325,5.0,0.0,-77.0
1777890646.5813324,7.0,-1.0,-79.0
1777890646.5913324,7.0,1.0,-81.0
1777890646.6013324,8.0,6.0,-74.0
1777890646.6113324,3.0,4.0,-71.0
1777890646.6213324,4.0,3.0,-73.0
1777890646.6313324,6.0,-1.0,-73.0
1777890646.6413324,6.0,-2.0,-74.0
1777890646.6513324,4.0,-2.0,-82.0
1777890646.6613324,1.0,0.0,-84.0
1777890646.6713324,1.0,0.0,-74.0
1777890646.6813323,1.0,0.0,-73.0
1777890646.6913323,0.0,1.0,-75.0
1777890646.7013323,-1.0,4.0,-74.0
1777890646.7113323,-1.0,3.0,-73.0
1777890646.7213323,-1.0,1.0,-77.0
1777890646.7313323,-1.0,-2.0,-78.0
1777890646.7413323,0.0,1.0,-78.0
1777890646.7513323,10.0,0.0,-74.0
1777890646.7613325,9.0,2.0,-67.0
1777890646.7713325,10.0,3.0,-70.0
1777890646.7813325,5.0,4.0,-64.0
1777890646.7913325,6.0,1.0,-64.0
1777890646.8013325,5.0,-2.0,-67.0
1777890646.8113325,6.0,-5.0,-70.0
1777890646.8213325,5.0,-4.0,-65.0
1777890646.8313324,0.0,-4.0,-61.0
1777890646.8413324,-1.0,-2.0,-63.0
1777890646.8513324,1.0,-6.0,-68.0
1777890646.8613324,4.0,-1.0,-68.0
1777890646.8713324,0.0,0.0,-70.0
1777890646.8813324,0.0,2.0,-70.0
1777890646.8913324,-2.0,-1.0,-72.0
1777890646.9013324,-8.0,-3.0,-74.0
1777890646.9113324,-4.0,-3.0,-75.0
1777890646.9213324,-6.0,-2.0,-75.0
1777890646.9313323,-1.0,0.0,-75.0
1777890646.9413323,1.0,1.0,-68.0
1777890646.9513323,0.0,1.0,-73.0
1777890646.9613323,-2.0,-1.0,-78.0
1777890646.9713323,-2.0,0.0,-80.0
1777890646.9813323,-4.0,1.0,-81.0
1777890646.9913323,-3.0,1.0,-79.0
1777890647.0013323,-7.0,0.0,-77.0
1777890647.0113325,-4.0,-1.0,-71.0
1777890647.0213325,-2.0,-1.0,-68.0
1777890647.0313325,2.0,-3.0,-59.0
1777890647.0413325,3.0,-4.0,-61.0
1777890647.0513325,3.0,-3.0,-66.0
1777890647.0613325,3.0,-4.0,-72.0
1777890647.0713325,-1.0,-4.0,-70.0
1777890647.0813324,3.0,-4.0,-69.0
1777890647.0913324,6.0,0.0,-68.0
1777890647.1013324,5.0,0.0,-68.0
1777890647.1113324,3.0,1.0,-64.0
1777890647.1213324,5.0,-3.0,-71.0
1777890647.1323323,2.0,-1.0,-71.0
1777890647.1423323,2.0,-1.0,-74.0
1777890647.1523323,4.0,-5.0,-75.0
1777890647.1623323,3.0,-1.0,-75.0
1777890647.1723323,4.0,0.0,-74.0
1777890647.1823325,7.0,0.0,-73.0
1777890647.1923325,3.0,1.0,-70.0
1777890647.2023325,0.0,-1.0,-73.0
1777890647.2123325,-1.0,-4.0,-73.0
1777890647.2223325,-1.0,-6.0,-71.0
1777890647.2323325,4.0,-6.0,-65.0
1777890647.2423325,3.0,-2.0,-57.0
1777890647.2523324,-1.0,-2.0,-57.0
1777890647.2623324,1.0,-1.0,-62.0
1777890647.2723324,-2.0,0.0,-66.0
1777890647.2823324,-1.0,0.0,-69.0
1777890647.2923324,-5.0,-2.0,-73.0
1777890647.3023324,-3.0,3.0,-70.0
1777890647.3123324,0.0,1.0,-73.0
1777890647.3223324,-2.0,0.0,-76.0
1777890647.3323324,-5.0,1.0,-82.0
1777890647.3423324,-8.0,0.0,-79.0
1777890647.3523324,-5.0,-3.0,-77.0
1777890647.3623323,-3.0,3.0,-78.0
1777890647.3723323,-5.0,0.0,-69.0
1777890647.3823323,1.0,-3.0,-64.0
1777890647.3923323,1.0,-3.0,-67.0
1777890647.4023323,0.0,-4.0,-68.0
1777890647.4123323,2.0,-4.0,-65.0
1777890647.4223323,-2.0,-2.0,-63.0
1777890647.4323325,-2.0,0.0,-63.0
1777890647.4423325,-4.0,0.0,-59.0
1777890647.4523325,-4.0,-1.0,-57.0
1777890647.4623325,-4.0,0.0,-52.0
1777890647.4723325,-7.0,-2.0,-53.0
1777890647.4823325,-4.0,-4.0,-57.0
1777890647.4923325,-4.0,-4.0,-70.0
1777890647.5023324,0.0,-2.0,-70.0
1777890647.5123324,5.0,-1.0,-73.0
1777890647.5223324,5.0,0.0,-73.0
1777890647.5323324,0.0,1.0,-73.0
1777890647.5423324,-1.0,3.0,-79.0
1777890647.5523324,0.0,0.0,-79.0
1777890647.5623324,0.0,-2.0,-74.0
1777890647.5723324,0.0,-3.0,-77.0
1777890647.5823324,1.0,-4.0,-80.0
1777890647.5923324,1.0,-1.0,-83.0
1777890647.6023324,1.0,-2.0,-77.0
1777890647.6123323,4.0,0.0,-80.0
1777890647.6223323,6.0,-3.0,-85.0
1777890647.6323323,11.0,-4.0,-78.0
1777890647.6423323,3.0,-1.0,-75.0
1777890647.6523323,5.0,0.0,-74.0
1777890647.6623323,8.0,-3.0,-74.0
1777890647.6723323,4.0,-5.0,-71.0
1777890647.6823325,2.0,-5.0,-66.0
1777890647.6923325,2.0,-4.0,-62.0
1777890647.7023325,3.0,0.0,-60.0
1777890647.7123325,5.0,0.0,-63.0
1777890647.7223325,0.0,2.0,-63.0
1777890647.7323325,-6.0,0.0,-67.0
1777890647.7423325,-9.0,1.0,-71.0
1777890647.7523324,-7.0,-1.0,-71.0
1777890647.7623324,-5.0,-6.0,-67.0
1777890647.7723324,-1.0,-4.0,-70.0
1777890647.7823324,-1.0,-4.0,-73.0
1777890647.7923324,1.0,-2.0,-75.0
1777890647.8023324,0.0,-2.0,-69.0
1777890647.8123324,2.0,0.0,-78.0
1777890647.8223324,0.0,2.0,-78.0
1777890647.8323324,0.0,3.0,-73.0
1777890647.8423324,0.0,0.0,-69.0
1777890647.8523324,5.0,-3.0,-73.0
1777890647.8623323,6.0,0.0,-72.0
1777890647.8723323,6.0,1.0,-69.0
1777890647.8823323,4.0,4.0,-57.0
1777890647.8923323,2.0,3.0,-55.0
1777890647.9023323,8.0,7.0,-51.0
1777890647.9123323,10.0,5.0,-54.0
1777890647.9223323,13.0,2.0,-62.0
1777890647.9323325,13.0,2.0,-69.0
1777890647.9423325,7.0,2.0,-73.0
1777890647.9523325,5.0,4.0,-72.0
1777890647.9623325,8.0,1.0,-75.0
1777890647.9723325,-2.0,-1.0,-72.0
1777890647.9823325,-8.0,0.0,-76.0
1777890647.9923325,-8.0,0.0,-85.0
1777890648.0023324,-3.0,-1.0,-78.0
1777890648.0123324,-2.0,-1.0,-72.0
1777890648.0223324,-2.0,1.0,-72.0
1777890648.0323324,-1.0,-1.0,-68.0
1777890648.0423324,-2.0,-1.0,-63.0
1777890648.0523324,0.0,-3.0,-68.0
1777890648.0623324,-2.0,-4.0,-68.0
1777890648.0723324,-4.0,-4.0,-70.0
1777890648.0823324,-1.0,-4.0,-77.0
1777890648.0923324,-2.0,-4.0,-75.0
1777890648.1023324,0.0,-2.0,-74.0
1777890648.1123323,0.0,-1.0,-72.0
1777890648.1223323,1.0,0.0,-72.0
1777890648.1323323,1.0,4.0,-70.0
1777890648.1423323,4.0,5.0,-72.0
1777890648.1523323,3.0,3.0,-74.0
1777890648.1623323,1.0,0.0,-78.0
1777890648.1723323,4.0,0.0,-71.0
1777890648.1823325,5.0,-1.0,-66.0
1777890648.1923325,9.0,0.0,-67.0
1777890648.2023325,9.0,3.0,-64.0
1777890648.2123325,4.0,6.0,-70.0
1777890648.2223325,0.0,5.0,-69.0
1777890648.2323325,0.0,2.0,-74.0
1777890648.2423325,0.0,3.0,-71.0
1777890648.2523324,0.0,0.0,-73.0
1777890648.2623324,-3.0,-2.0,-70.0
1777890648.2723324,-4.0,2.0,-69.0
1777890648.2823324,-2.0,6.0,-72.0
1777890648.2923324,-3.0,7.0,-74.0
1777890648.3023324,-3.0,1.0,-73.0
1777890648.3123324,0.0,4.0,-68.0
1777890648.3223324,-4.0,2.0,-69.0
1777890648.3323324,-4.0,2.0,-69.0
1777890648.3423324,0.0,0.0,-71.0
1777890648.3523324,0.0,0.0,-71.0
1777890648.3623323,4.0,-2.0,-72.0
1777890648.3723323,2.0,0.0,-77.0
1777890648.3823323,3.0,0.0,-77.0
1777890648.3923323,1.0,2.0,-73.0
1777890648.4023323,0.0,3.0,-72.0
1777890648.4123323,-4.0,2.0,-64.0
1777890648.4223323,-1.0,1.0,-70.0
1777890648.4323325,-3.0,2.0,-65.0
1777890648.4423325,-6.0,-1.0,-67.0
1777890648.4523325,-3.0,0.0,-71.0
1777890648.4623325,-1.0,-4.0,-72.0
1777890648.4723325,0.0,-6.0,-72.0
1777890648.4823325,2.0,-5.0,-78.0
1777890648.4923325,4.0,-4.0,-76.0
1777890648.5023324,6.0,-1.0,-72.0
1777890648.5123324,7.0,-1.0,-73.0
1777890648.5223324,8.0,0.0,-74.0
1777890648.5323324,8.0,0.0,-71.0
1777890648.5423324,4.0,-3.0,-75.0
1777890648.5523324,5.0,-2.0,-72.0
1777890648.5623324,6.0,1.0,-71.0
1777890648.5723324,5.0,-3.0,-71.0
1777890648.5823324,4.0,-4.0,-73.0
1777890648.5923324,-1.0,-5.0,-77.0
1777890648.6023324,-2.0,-5.0,-79.0
1777890648.6123323,-3.0,-1.0,-77.0
1777890648.6223323,-2.0,1.0,-84.0
1777890648.6323323,0.0,-1.0,-76.0
1777890648.6423323,3.0,-2.0,-74.0
1777890648.6523323,-2.0,0.0,-73.0
1777890648.6623323,0.0,2.0,-72.0
1777890648.6723323,0.0,0.0,-74.0
1777890648.6823325,-3.0,-4.0,-73.0
1777890648.6923325,0.0,0.0,-73.0
1777890648.7023325,1.0,0.0,-76.0
1777890648.7123325,3.0,1.0,-80.0
1777890648.7223325,0.0,1.0,-75.0
1777890648.7323325,3.0,-1.0,-71.0
1777890648.7423325,7.0,0.0,-72.0
1777890648.7523324,4.0,6.0,-74.0
1777890648.7623324,3.0,4.0,-73.0
1777890648.7723324,0.0,6.0,-67.0
1777890648.7823324,1.0,5.0,-66.0
1777890648.7923324,0.0,0.0,-70.0
1777890648.8023324,1.0,-2.0,-72.0
1777890648.8123324,0.0,-4.0,-73.0
1777890648.8223324,0.0,-4.0,-72.0
1777890648.8323324,1.0,-9.0,-77.0
1777890648.8423324,1.0,-10.0,-75.0
1777890648.8523324,1.0,-8.0,-69.0
1777890648.8623323,2.0,-4.0,-61.0
1777890648.8723323,1.0,-1.0,-65.0
1777890648.8823323,0.0,2.0,-67.0
1777890648.8923323,3.0,0.0,-66.0
1777890648.9023323,5.0,2.0,-72.0
1777890648.9123323,3.0,-1.0,-69.0
1777890648.9223323,7.0,-1.0,-64.0
1777890648.9323325,2.0,0.0,-68.0
1777890648.9423325,0.0,-1.0,-75.0
1777890648.9523325,0.0,0.0,-70.0
1777890648.9623325,0.0,-3.0,-72.0
1777890648.9723325,-1.0,-7.0,-72.0
1777890648.9823325,-1.0,-6.0,-70.0
1777890648.9923325,-2.0,-4.0,-76.0
1777890649.0023324,0.0,-1.0,-80.0
1777890649.0123324,-1.0,-1.0,-80.0
1777890649.0223324,-2.0,0.0,-79.0
1777890649.0323324,-5.0,-2.0,-76.0
1777890649.0423324,0.0,-2.0,-75.0
1777890649.0523324,2.0,1.0,-76.0
1777890649.0623324,1.0,5.0,-72.0
1777890649.0723324,3.0,-3.0,-73.0
1777890649.0823324,2.0,-2.0,-77.0
1777890649.0923324,0.0,-3.0,-77.0
1777890649.1023324,1.0,-4.0,-75.0
1777890649.1133325,-3.0,-3.0,-73.0
1777890649.1233325,-3.0,-1.0,-76.0
1777890649.1333325,-1.0,0.0,-72.0
1777890649.1433325,0.0,3.0,-74.0
1777890649.1533325,2.0,3.0,-79.0
1777890649.1633325,5.0,0.0,-77.0
1777890649.1733325,1.0,-1.0,-83.0
1777890649.1833324,3.0,-2.0,-86.0
1777890649.1933324,5.0,0.0,-79.0
1777890649.2033324,3.0,-4.0,-77.0
1777890649.2133324,7.0,-5.0,-75.0
1777890649.2233324,5.0,-7.0,-74.0
1777890649.2333324,2.0,-7.0,-74.0
1777890649.2433324,4.0,-3.0,-75.0
1777890649.2533324,3.0,-6.0,-80.0
1777890649.2633324,4.0,0.0,-77.0
1777890649.2733324,8.0,0.0,-74.0
1777890649.2833323,6.0,-6.0,-72.0
1777890649.2933323,3.0,-4.0,-70.0
1777890649.3033323,3.0,-6.0,-68.0
1777890649.3133323,4.0,-3.0,-73.0
1777890649.3233323,1.0,-3.0,-69.0
1777890649.3333323,5.0,3.0,-70.0
1777890649.3433323,6.0,3.0,-68.0
1777890649.3533323,4.0,3.0,-66.0
1777890649.3633325,1.0,0.0,-62.0
1777890649.3733325,3.0,-4.0,-66.0
1777890649.3833325,0.0,-5.0,-67.0
1777890649.3933325,-1.0,-10.0,-66.0
1777890649.4033325,-4.0,-12.0,-65.0
1777890649.4133325,0.0,-12.0,-66.0
1777890649.4233325,-2.0,-9.0,-66.0
1777890649.4333324,-5.0,-7.0,-65.0
1777890649.4433324,-6.0,-2.0,-70.0
1777890649.4533324,-7.0,0.0,-74.0
1777890649.4633324,-8.0,3.0,-67.0
1777890649.4733324,-4.0,5.0,-62.0
1777890649.4833324,-2.0,9.0,-65.0
1777890649.4933324,0.0,7.0,-61.0
1777890649.5033324,-2.0,3.0,-63.0
1777890649.5133324,5.0,4.0,-62.0
1777890649.5233324,4.0,-1.0,-62.0
1777890649.5333323,1.0,0.0,-67.0
1777890649.5433323,0.0,-4.0,-72.0
1777890649.5533323,-1.0,-3.0,-73.0
1777890649.5633323,-4.0,-5.0,-73.0
1777890649.5733323,0.0,-7.0,-77.0
1777890649.5833323,3.0,-6.0,-75.0
1777890649.5933323,4.0,-4.0,-77.0
1777890649.6033323,7.0,-6.0,-74.0
1777890649.6133325,7.0,-6.0,-76.0
1777890649.6233325,1.0,-1.0,-77.0
1777890649.6333325,3.0,0.0,-76.0
1777890649.6433325,1.0,0.0,-69.0
1777890649.6533325,0.0,0.0,-68.0
1777890649.6633325,0.0,0.0,-71.0
1777890649.6733325,3.0,6.0,-70.0
1777890649.6833324,2.0,9.0,-75.0
1777890649.6933324,5.0,8.0,-70.0
1777890649.7033324,7.0,7.0,-71.0
1777890649.7133324,4.0,7.0,-70.0
1777890649.7233324,1.0,7.0,-72.0
1777890649.7333324,0.0,7.0,-72.0
1777890649.7433324,-1.0,4.0,-72.0
1777890649.7533324,2.0,2.0,-74.0
1777890649.7633324,8.0,3.0,-77.0
1777890649.7733324,8.0,4.0,-80.0
1777890649.7833323,5.0,7.0,-77.0
1777890649.7933323,2.0,7.0,-73.0
1777890649.8033323,2.0,4.0,-72.0
1777890649.8133323,0.0,0.0,-69.0
1777890649.8233323,2.0,0.0,-75.0
1777890649.8333323,0.0,0.0,-77.0
1777890649.8433323,-2.0,0.0,-74.0
1777890649.8533323,-1.0,0.0,-73.0
1777890649.8633325,-1.0,1.0,-70.0
1777890649.8733325,-1.0,1.0,-68.0
1777890649.8833325,1.0,3.0,-66.0
1777890649.8933325,2.0,0.0,-68.0
1777890649.9033325,5.0,0.0,-75.0
1777890649.9133325,6.0,0.0,-79.0
1777890649.9233325,7.0,1.0,-80.0
1777890649.9333324,2.0,1.0,-73.0
1777890649.9433324,1.0,1.0,-76.0
1777890649.9533324,0.0,2.0,-84.0
1777890649.9633324,0.0,0.0,-80.0
1777890649.9733324,-2.0,2.0,-82.0
1777890649.9833324,-5.0,0.0,-81.0
1777890649.9933324,-3.0,-4.0,-83.0
1777890650.0033324,-6.0,-6.0,-80.0
1777890650.0133324,-5.0,-9.0,-65.0
1777890650.0233324,-2.0,-4.0,-67.0
1777890650.0333323,-3.0,-2.0,-68.0
1777890650.0433323,-1.0,-3.0,-65.0
1777890650.0533323,-5.0,-4.0,-70.0
1777890650.0633323,-5.0,-5.0,-72.0
1777890650.0733323,-1.0,-4.0,-71.0
1777890650.0833323,-3.0,-2.0,-69.0
1777890650.0933323,-7.0,-3.0,-63.0
1777890650.1033323,-6.0,-2.0,-64.0
1777890650.1133325,-2.0,-3.0,-72.0
1777890650.1233325,1.0,-5.0,-65.0
1777890650.1333325,1.0,-5.0,-64.0
1777890650.1433325,2.0,-3.0,-64.0
1777890650.1533325,0.0,-4.0,-65.0
1777890650.1633325,-1.0,-2.0,-70.0
1777890650.1733325,0.0,-3.0,-67.0
1777890650.1833324,0.0,0.0,-61.0
1777890650.1933324,-1.0,-1.0,-55.0
1777890650.2033324,2.0,-3.0,-59.0
1777890650.2133324,1.0,-3.0,-63.0
1777890650.2233324,6.0,-3.0,-71.0
1777890650.2333324,4.0,-4.0,-72.0
1777890650.2433324,3.0,-5.0,-68.0
1777890650.2533324,2.0,-3.0,-68.0
1777890650.2633324,2.0,-3.0,-71.0
1777890650.2733324,1.0,-5.0,-72.0
1777890650.2833323,0.0,-3.0,-74.0
1777890650.2933323,5.0,-6.0,-74.0
1777890650.3033323,2.0,-5.0,-81.0
1777890650.3133323,1.0,0.0,-85.0
1777890650.3233323,1.0,1.0,-87.0
1777890650.3333323,7.0,0.0,-89.0
1777890650.3433323,11.0,0.0,-80.0
1777890650.3533323,7.0,1.0,-75.0
1777890650.3633325,3.0,0.0,-76.0
1777890650.3733325,5.0,0.0,-75.0
1777890650.3833325,10.0,0.0,-72.0
1777890650.3933325,7.0,-4.0,-66.0
1777890650.4033325,7.0,-4.0,-63.0
1777890650.4133325,3.0,-7.0,-62.0
1777890650.4233325,4.0,-8.0,-60.0
1777890650.4333324,7.0,-2.0,-67.0
1777890650.4433324,8.0,-2.0,-67.0
1777890650.4533324,3.0,0.0,-67.0
1777890650.4633324,1.0,1.0,-65.0
1777890650.4733324,-1.0,1.0,-65.0
1777890650.4833324,-5.0,5.0,-63.0
1777890650.4933324,-7.0,8.0,-60.0
1777890650.5033324,-5.0,9.0,-59.0
1777890650.5133324,-3.0,6.0,-63.0
1777890650.5233324,-4.0,4.0,-58.0
1777890650.5333323,-3.0,6.0,-65.0
1777890650.5433323,2.0,4.0,-60.0
1777890650.5533323,3.0,1.0,-66.0
1777890650.5633323,4.0,1.0,-76.0
1777890650.5733323,1.0,1.0,-76.0
1777890650.5833323,-1.0,4.0,-72.0
1777890650.5933323,1.0,5.0,-71.0
1777890650.6033323,0.0,5.0,-65.0
1777890650.6133325,-3.0,1.0,-66.0
1777890650.6233325,-5.0,0.0,-62.0
1777890650.6333325,0.0,-5.0,-65.0
1777890650.6433325,-2.0,-6.0,-66.0
1777890650.6533325,-1.0,-7.0,-73.0
1777890650.6633325,-1.0,-3.0,-75.0
1777890650.6733325,0.0,1.0,-74.0
1777890650.6833324,2.0,-1.0,-70.0
1777890650.6933324,2.0,0.0,-68.0
1777890650.7033324,3.0,2.0,-67.0
1777890650.7133324,2.0,1.0,-74.0
1777890650.7233324,1.0,3.0,-80.0
1777890650.7333324,0.0,5.0,-70.0
1777890650.7433324,2.0,5.0,-66.0
1777890650.7533324,5.0,3.0,-67.0
1777890650.7633324,4.0,4.0,-71.0
1777890650.7733324,4.0,5.0,-67.0
1777890650.7833323,0.0,-1.0,-65.0
1777890650.7933323,0.0,-1.0,-68.0
1777890650.8033323,0.0,0.0,-68.0
1777890650.8133323,2.0,3.0,-64.0
1777890650.8233323,5.0,3.0,-61.0
1777890650.8333323,0.0,7.0,-67.0
1777890650.8433323,4.0,5.0,-65.0
1777890650.8533323,3.0,4.0,-65.0
1777890650.8633325,4.0,8.0,-64.0
1777890650.8733325,3.0,9.0,-68.0
1777890650.8833325,2.0,5.0,-71.0
1777890650.8933325,5.0,2.0,-74.0
1777890650.9033325,8.0,1.0,-74.0
1777890650.9133325,5.0,3.0,-72.0
1777890650.9233325,5.0,-1.0,-71.0
1777890650.9333324,4.0,-6.0,-71.0
1777890650.9433324,-3.0,-5.0,-81.0
1777890650.9533324,-5.0,-1.0,-76.0
1777890650.9633324,-7.0,-7.0,-72.0
1777890650.9733324,0.0,-8.0,-63.0
1777890650.9833324,1.0,-4.0,-70.0
1777890650.9933324,4.0,-1.0,-70.0
1777890651.0033324,0.0,-2.0,-67.0
1777890651.0133324,0.0,3.0,-73.0
1777890651.0233324,0.0,1.0,-73.0
1777890651.0333323,-4.0,0.0,-70.0
1777890651.0433323,-8.0,3.0,-70.0
1777890651.0533323,-1.0,4.0,-74.0
1777890651.0633323,1.0,6.0,-74.0
1777890651.0733323,5.0,5.0,-71.0
1777890651.0843325,1.0,5.0,-74.0
1777890651.0943325,1.0,3.0,-78.0
1777890651.1033323,0.0,-2.0,-83.0
1777890651.1143324,0.0,-2.0,-81.0
1777890651.1243324,0.0,-4.0,-83.0
1777890651.1343324,-4.0,0.0,-86.0
1777890651.1443324,1.0,1.0,-91.0
1777890651.1543324,1.0,2.0,-90.0
1777890651.1643324,6.0,0.0,-92.0
1777890651.1743324,7.0,1.0,-95.0
1777890651.1843324,10.0,0.0,-90.0
1777890651.1943324,6.0,-1.0,-86.0
1777890651.2043324,12.0,-2.0,-85.0
1777890651.2143323,4.0,0.0,-84.0
1777890651.2243323,2.0,1.0,-77.0
1777890651.2343323,1.0,4.0,-75.0
1777890651.2443323,1.0,0.0,-75.0
1777890651.2543323,0.0,0.0,-68.0
1777890651.2643323,-2.0,-4.0,-64.0
1777890651.2743323,0.0,-6.0,-68.0
1777890651.2843325,1.0,-3.0,-73.0
1777890651.2943325,4.0,0.0,-68.0
1777890651.3043325,4.0,1.0,-71.0
1777890651.3143325,4.0,1.0,-72.0
1777890651.3243325,5.0,0.0,-75.0
1777890651.3343325,11.0,0.0,-69.0
1777890651.3443325,5.0,2.0,-69.0
1777890651.3543324,4.0,0.0,-70.0
1777890651.3643324,-2.0,0.0,-79.0
1777890651.3743324,-5.0,1.0,-80.0
1777890651.3843324,-1.0,-4.0,-79.0
1777890651.3943324,0.0,-4.0,-84.0
1777890651.4043324,3.0,-2.0,-81.0
1777890651.4143324,0.0,-8.0,-77.0
1777890651.4243324,0.0,-7.0,-75.0
1777890651.4343324,2.0,-6.0,-71.0
1777890651.4443324,0.0,-3.0,-74.0
1777890651.4543324,0.0,-3.0,-72.0
1777890651.4643323,1.0,-1.0,-72.0
1777890651.4743323,2.0,-1.0,-74.0
1777890651.4843323,0.0,-1.0,-80.0
1777890651.4943323,-3.0,-1.0,-91.0
1777890651.5043323,-1.0,-4.0,-79.0
1777890651.5143323,-2.0,-1.0,-71.0
1777890651.5243323,2.0,0.0,-76.0
1777890651.5343325,1.0,0.0,-72.0
1777890651.5443325,3.0,-3.0,-72.0
1777890651.5543325,2.0,-1.0,-72.0
1777890651.5643325,-1.0,-3.0,-70.0
1777890651.5743325,0.0,-2.0,-68.0
1777890651.5843325,2.0,-1.0,-71.0
1777890651.5943325,0.0,-2.0,-70.0
1777890651.6043324,2.0,0.0,-70.0
1777890651.6143324,4.0,-1.0,-59.0
1777890651.6243324,-1.0,2.0,-53.0
1777890651.6343324,0.0,4.0,-53.0
1777890651.6443324,-1.0,3.0,-56.0
1777890651.6543324,-2.0,0.0,-64.0
1777890651.6643324,-3.0,-5.0,-72.0
1777890651.6743324,-1.0,-6.0,-76.0
1777890651.6843324,-3.0,-3.0,-74.0
1777890651.6943324,-3.0,-2.0,-76.0
1777890651.7043324,3.0,1.0,-75.0
1777890651.7143323,3.0,5.0,-76.0
1777890651.7243323,4.0,4.0,-79.0
1777890651.7343323,4.0,3.0,-83.0
1777890651.7443323,3.0,6.0,-82.0
1777890651.7543323,3.0,5.0,-80.0
1777890651.7643323,0.0,3.0,-76.0
1777890651.7743323,1.0,-1.0,-79.0
1777890651.7843325,3.0,-2.0,-79.0
1777890651.7943325,4.0,1.0,-80.0
1777890651.8043325,2.0,2.0,-79.0
1777890651.8143325,1.0,-2.0,-82.0
1777890651.8243325,2.0,-1.0,-79.0
1777890651.8343325,0.0,0.0,-75.0
1777890651.8443325,0.0,2.0,-73.0
1777890651.8543324,1.0,1.0,-70.0
1777890651.8643324,-2.0,1.0,-70.0
1777890651.8743324,-6.0,1.0,-70.0
1777890651.8843324,0.0,0.0,-70.0
1777890651.8943324,0.0,0.0,-71.0
1777890651.9043324,0.0,0.0,-77.0
1777890651.9143324,1.0,0.0,-81.0
1777890651.9243324,1.0,1.0,-76.0
1777890651.9343324,7.0,-1.0,-76.0
1777890651.9443324,12.0,-2.0,-70.0
1777890651.9543324,9.0,-1.0,-71.0
1777890651.9643323,7.0,0.0,-72.0
1777890651.9743323,3.0,-4.0,-76.0
1777890651.9843323,5.0,-5.0,-76.0
1777890651.9943323,3.0,-1.0,-77.0
1777890652.0043323,4.0,-1.0,-72.0
1777890652.0143323,1.0,-3.0,-77.0
1777890652.0243323,1.0,-5.0,-75.0
1777890652.0343325,-5.0,-4.0,-77.0
1777890652.0443325,-4.0,-2.0,-75.0
1777890652.0543325,-6.0,0.0,-73.0
1777890652.0643325,-8.0,0.0,-67.0
1777890652.0743325,-7.0,0.0,-64.0
1777890652.0843325,-6.0,0.0,-66.0
1777890652.0943325,-5.0,0.0,-69.0
1777890652.1043324,0.0,1.0,-69.0
1777890652.1143324,0.0,-1.0,-66.0
1777890652.1243324,-1.0,0.0,-69.0
1777890652.1343324,-1.0,0.0,-75.0
1777890652.1443324,-3.0,-3.0,-71.0
1777890652.1543324,0.0,-3.0,-66.0
1777890652.1643324,5.0,-3.0,-68.0
1777890652.1743324,7.0,-4.0,-76.0
1777890652.1843324,6.0,-3.0,-74.0
1777890652.1943324,7.0,-2.0,-70.0
1777890652.2043324,4.0,2.0,-71.0
1777890652.2143323,1.0,3.0,-74.0
1777890652.2243323,-1.0,-1.0,-73.0
1777890652.2343323,0.0,-2.0,-81.0
1777890652.2443323,0.0,-3.0,-83.0
1777890652.2543323,0.0,-5.0,-81.0
1777890652.2643323,0.0,-4.0,-78.0
1777890652.2743323,-1.0,-4.0,-71.0
1777890652.2843325,4.0,-3.0,-73.0
1777890652.2943325,3.0,-5.0,-74.0
1777890652.3043325,3.0,-2.0,-77.0
1777890652.3143325,2.0,-1.0,-76.0
1777890652.3243325,1.0,2.0,-74.0
1777890652.3343325,1.0,2.0,-73.0
1777890652.3443325,-3.0,6.0,-74.0
1777890652.3543324,-8.0,6.0,-79.0
1777890652.3643324,-8.0,7.0,-80.0
1777890652.3743324,-7.0,5.0,-74.0
1777890652.3843324,-2.0,5.0,-71.0
1777890652.3943324,-5.0,5.0,-74.0
1777890652.4043324,-11.0,4.0,-72.0
1777890652.4143324,-6.0,1.0,-77.0
1777890652.4243324,-1.0,0.0,-74.0
1777890652.4343324,0.0,-1.0,-73.0
1777890652.4443324,2.0,-2.0,-74.0
1777890652.4543324,-1.0,-3.0,-75.0
1777890652.4643323,0.0,-4.0,-76.0
1777890652.4743323,0.0,-3.0,-76.0
1777890652.4843323,2.0,-2.0,-75.0
1777890652.4943323,3.0,-1.0,-78.0
1777890652.5043323,5.0,0.0,-79.0
1777890652.5143323,7.0,1.0,-80.0
1777890652.5243323,9.0,-1.0,-80.0
1777890652.5343325,7.0,-3.0,-81.0
1777890652.5443325,8.0,1.0,-77.0
1777890652.5543325,2.0,-1.0,-78.0
1777890652.5643325,-2.0,-4.0,-81.0
1777890652.5743325,-5.0,-5.0,-76.0
1777890652.5843325,-3.0,-1.0,-81.0
1777890652.5943325,1.0,-1.0,-75.0
1777890652.6043324,1.0,0.0,-77.0
1777890652.6143324,3.0,2.0,-78.0
1777890652.6243324,4.0,4.0,-76.0
1777890652.6343324,2.0,2.0,-76.0
1777890652.6443324,0.0,0.0,-71.0
1777890652.6543324,-4.0,0.0,-63.0
1777890652.6643324,1.0,2.0,-62.0
1777890652.6743324,-2.0,2.0,-60.0
1777890652.6843324,-2.0,0.0,-65.0
1777890652.6943324,-5.0,0.0,-72.0
1777890652.7043324,-4.0,3.0,-69.0
1777890652.7143323,-10.0,3.0,-67.0
1777890652.7243323,-7.0,5.0,-66.0
1777890652.7343323,-3.0,1.0,-65.0
1777890652.7443323,-4.0,2.0,-63.0
1777890652.7543323,-4.0,2.0,-63.0
1777890652.7643323,-4.0,0.0,-63.0
1777890652.7743323,-4.0,0.0,-70.0
1777890652.7843325,0.0,-2.0,-70.0
1777890652.7943325,1.0,-1.0,-69.0
1777890652.8043325,0.0,1.0,-69.0
1777890652.8143325,2.0,1.0,-69.0
1777890652.8243325,0.0,0.0,-72.0
1777890652.8343325,0.0,-2.0,-71.0
1777890652.8443325,2.0,1.0,-73.0
1777890652.8543324,9.0,2.0,-61.0
1777890652.8643324,6.0,3.0,-59.0
1777890652.8743324,0.0,7.0,-59.0
1777890652.8843324,6.0,5.0,-60.0
1777890652.8943324,3.0,6.0,-66.0
1777890652.9043324,2.0,5.0,-69.0
1777890652.9143324,2.0,4.0,-79.0
1777890652.9243324,0.0,5.0,-86.0
1777890652.9343324,0.0,7.0,-83.0
1777890652.9443324,6.0,4.0,-74.0
1777890652.9543324,3.0,6.0,-74.0
1777890652.9643323,0.0,1.0,-68.0
1777890652.9743323,-4.0,-3.0,-62.0
1777890652.9843323,0.0,-1.0,-60.0
1777890652.9943323,-3.0,-1.0,-58.0
1777890653.0043323,-2.0,-2.0,-60.0
1777890653.0143323,-1.0,0.0,-57.0
1777890653.0243323,1.0,6.0,-61.0
1777890653.0343325,4.0,8.0,-64.0
1777890653.0443325,3.0,7.0,-73.0
1777890653.0553324,10.0,5.0,-65.0
1777890653.0653324,8.0,4.0,-65.0
1777890653.0743325,1.0,0.0,-67.0
1777890653.0853324,-2.0,0.0,-75.0
1777890653.0953324,-3.0,0.0,-74.0
1777890653.1053324,-1.0,-2.0,-78.0
1777890653.1153324,-2.0,-3.0,-83.0
1777890653.1253324,-2.0,-4.0,-79.0
1777890653.1353323,0.0,-7.0,-79.0
1777890653.1453323,0.0,-3.0,-78.0
1777890653.1553323,1.0,-1.0,-75.0
1777890653.1653323,1.0,-2.0,-72.0
1777890653.1753323,3.0,-3.0,-71.0
1777890653.1853323,5.0,-3.0,-68.0
1777890653.1953323,1.0,-2.0,-63.0
1777890653.2053325,6.0,-1.0,-69.0
1777890653.2153325,6.0,-2.0,-69.0
1777890653.2253325,8.0,-4.0,-62.0
1777890653.2353325,5.0,-3.0,-65.0
1777890653.2453325,2.0,1.0,-68.0
1777890653.2553325,0.0,0.0,-74.0
1777890653.2653325,3.0,0.0,-75.0
1777890653.2753325,2.0,1.0,-72.0
1777890653.2853324,4.0,3.0,-70.0
1777890653.2953324,1.0,1.0,-78.0
1777890653.3053324,-4.0,0.0,-75.0
1777890653.3153324,-4.0,0.0,-71.0
1777890653.3253324,-3.0,-1.0,-73.0
1777890653.3353324,-3.0,0.0,-73.0
1777890653.3453324,-2.0,0.0,-73.0
1777890653.3553324,0.0,1.0,-67.0
1777890653.3653324,2.0,0.0,-61.0
1777890653.3753324,0.0,-3.0,-58.0
1777890653.3853323,5.0,-2.0,-57.0
1777890653.3953323,6.0,-2.0,-68.0
1777890653.4053323,4.0,-1.0,-69.0
1777890653.4153323,5.0,-1.0,-67.0
1777890653.4253323,1.0,0.0,-68.0
1777890653.4353323,3.0,-2.0,-68.0
1777890653.4453323,3.0,-3.0,-68.0
1777890653.4553325,3.0,-4.0,-69.0
1777890653.4653325,4.0,-6.0,-70.0
1777890653.4753325,-1.0,-8.0,-66.0
1777890653.4853325,1.0,-10.0,-69.0
1777890653.4953325,-1.0,-6.0,-67.0
1777890653.5053325,0.0,-3.0,-61.0
1777890653.5153325,0.0,-3.0,-59.0
1777890653.5253325,2.0,-3.0,-59.0
1777890653.5353324,3.0,-3.0,-65.0
1777890653.5453324,2.0,-2.0,-75.0
1777890653.5553324,1.0,-1.0,-76.0
1777890653.5653324,-1.0,-4.0,-78.0
1777890653.5753324,6.0,-6.0,-69.0
1777890653.5853324,4.0,-8.0,-68.0
1777890653.5953324,6.0,-6.0,-72.0
1777890653.6053324,8.0,-3.0,-73.0
1777890653.6153324,5.0,1.0,-76.0
1777890653.6253324,3.0,0.0,-78.0
1777890653.6353323,4.0,2.0,-80.0
1777890653.6453323,5.0,0.0,-78.0
1777890653.6553323,6.0,-3.0,-72.0
1777890653.6653323,3.0,-1.0,-68.0
1777890653.6753323,0.0,-1.0,-65.0
1777890653.6853323,-4.0,-5.0,-66.0
1777890653.6953323,0.0,-6.0,-63.0
1777890653.7053325,0.0,-3.0,-69.0
1777890653.7153325,0.0,-3.0,-73.0
1777890653.7253325,0.0,-3.0,-69.0
1777890653.7353325,0.0,-3.0,-69.0
1777890653.7453325,1.0,0.0,-74.0
1777890653.7553325,2.0,1.0,-71.0
1777890653.7653325,0.0,0.0,-69.0
1777890653.7753325,1.0,1.0,-70.0
1777890653.7853324,0.0,-1.0,-68.0
1777890653.7953324,3.0,0.0,-78.0
1777890653.8053324,4.0,1.0,-79.0
1777890653.8153324,5.0,4.0,-78.0
1777890653.8253324,3.0,1.0,-73.0
1777890653.8353324,4.0,0.0,-71.0
1777890653.8453324,2.0,-3.0,-67.0
1777890653.8553324,5.0,-2.0,-67.0
1777890653.8653324,1.0,0.0,-70.0
1777890653.8753324,3.0,-2.0,-76.0
1777890653.8853323,2.0,0.0,-79.0
1777890653.8953323,7.0,2.0,-79.0
1777890653.9053323,9.0,-4.0,-71.0
1777890653.9153323,6.0,-1.0,-73.0
1777890653.9253323,1.0,0.0,-72.0
1777890653.9353323,-1.0,3.0,-76.0
1777890653.9453323,-4.0,5.0,-75.0
1777890653.9553325,1.0,6.0,-73.0
1777890653.9653325,-2.0,4.0,-70.0
1777890653.9753325,-3.0,0.0,-73.0
1777890653.9853325,2.0,1.0,-72.0
1777890653.9953325,2.0,1.0,-70.0
1777890654.0053325,-1.0,0.0,-66.0
1777890654.0153325,-2.0,1.0,-66.0
1777890654.0253325,-2.0,3.0,-73.0
1777890654.0353324,0.0,0.0,-74.0
1777890654.0453324,3.0,1.0,-70.0
1777890654.0553324,-5.0,0.0,-69.0
1777890654.0653324,-6.0,0.0,-74.0
1777890654.0753324,0.0,2.0,-72.0
1777890654.0853324,-1.0,3.0,-73.0
1777890654.0953324,0.0,2.0,-71.0
1777890654.1053324,1.0,2.0,-78.0
1777890654.1153324,1.0,1.0,-85.0
1777890654.1253324,0.0,6.0,-83.0
1777890654.1353323,-2.0,10.0,-83.0
1777890654.1453323,1.0,12.0,-86.0
1777890654.1553323,4.0,6.0,-87.0
1777890654.1653323,5.0,6.0,-82.0
1777890654.1753323,3.0,5.0,-69.0
1777890654.1853323,4.0,2.0,-70.0
1777890654.1953323,3.0,4.0,-67.0
1777890654.2053325,5.0,3.0,-68.0
1777890654.2153325,6.0,1.0,-73.0
1777890654.2253325,1.0,0.0,-74.0
1777890654.2353325,0.0,2.0,-69.0
1777890654.2453325,3.0,2.0,-73.0
1777890654.2553325,2.0,-1.0,-75.0
1777890654.2653325,2.0,1.0,-73.0
1777890654.2753325,2.0,5.0,-75.0
1777890654.2853324,4.0,4.0,-64.0
1777890654.2953324,6.0,0.0,-67.0
1777890654.3053324,2.0,-2.0,-66.0
1777890654.3153324,-2.0,0.0,-71.0
1777890654.3253324,-5.0,2.0,-70.0
1777890654.3353324,-1.0,0.0,-73.0
1777890654.3453324,0.0,-2.0,-72.0
1777890654.3553324,-3.0,-2.0,-74.0
1777890654.3653324,-2.0,-3.0,-74.0
1777890654.3753324,1.0,-1.0,-77.0
1777890654.3853323,-2.0,1.0,-71.0
1777890654.3953323,-4.0,1.0,-78.0
1777890654.4053323,-3.0,-1.0,-74.0
1777890654.4153323,0.0,1.0,-81.0
1777890654.4253323,3.0,1.0,-80.0
1777890654.4353323,2.0,-1.0,-76.0
1777890654.4453323,3.0,-1.0,-78.0
1777890654.4553325,4.0,0.0,-75.0
1777890654.4653325,1.0,-1.0,-71.0
1777890654.4753325,3.0,-3.0,-67.0
1777890654.4853325,6.0,-3.0,-74.0
1777890654.4953325,5.0,-6.0,-71.0
1777890654.5053325,5.0,-10.0,-67.0
1777890654.5153325,8.0,-11.0,-72.0
1777890654.5253325,3.0,-13.0,-71.0
1777890654.5353324,2.0,-14.0,-75.0
1777890654.5453324,1.0,-14.0,-78.0
1777890654.5553324,-3.0,-7.0,-82.0
1777890654.5653324,-8.0,-2.0,-76.0
1777890654.5753324,-7.0,-3.0,-68.0
1777890654.5853324,-1.0,-5.0,-77.0
1777890654.5953324,0.0,-3.0,-72.0
1777890654.6053324,-2.0,-2.0,-69.0
1777890654.6153324,-3.0,-8.0,-70.0
1777890654.6253324,-1.0,-7.0,-78.0
1777890654.6353323,0.0,-7.0,-78.0
1777890654.6453323,3.0,-2.0,-67.0
1777890654.6553323,2.0,0.0,-66.0
1777890654.6653323,3.0,5.0,-70.0
1777890654.6753323,0.0,1.0,-73.0
1777890654.6853323,-3.0,0.0,-71.0
1777890654.6953323,-1.0,-1.0,-72.0
1777890654.7053325,-4.0,0.0,-75.0
1777890654.7153325,-1.0,1.0,-72.0
1777890654.7253325,1.0,4.0,-71.0
1777890654.7353325,3.0,-1.0,-68.0
1777890654.7453325,4.0,-3.0,-71.0
1777890654.7553325,5.0,-1.0,-76.0
1777890654.7653325,1.0,-3.0,-74.0
1777890654.7753325,0.0,-3.0,-68.0
1777890654.7853324,-3.0,-3.0,-68.0
1777890654.7953324,-3.0,-5.0,-75.0
1777890654.8053324,-2.0,-9.0,-79.0
1777890654.8153324,-6.0,-5.0,-83.0
1777890654.8253324,-11.0,-1.0,-78.0
1777890654.8353324,-8.0,0.0,-75.0
1777890654.8453324,-7.0,-1.0,-79.0
1777890654.8553324,-6.0,-2.0,-78.0
1777890654.8653324,-4.0,0.0,-77.0
1777890654.8753324,-3.0,0.0,-84.0
1777890654.8853323,-5.0,0.0,-85.0
1777890654.8953323,0.0,2.0,-82.0
1777890654.9053323,0.0,0.0,-72.0
1777890654.9153323,0.0,3.0,-66.0
1777890654.9253323,0.0,1.0,-62.0
1777890654.9353323,2.0,1.0,-67.0
1777890654.9453323,-1.0,-2.0,-74.0
1777890654.9553325,0.0,1.0,-78.0
1777890654.9653325,1.0,5.0,-78.0
1777890654.9753325,1.0,6.0,-74.0
1777890654.9853325,5.0,9.0,-76.0
1777890654.9953325,7.0,1.0,-75.0
1777890655.0053325,6.0,0.0,-80.0
1777890655.0153325,1.0,-1.0,-76.0
1777890655.0253325,0.0,-2.0,-70.0
1777890655.0353324,3.0,-8.0,-72.0
1777890655.0453324,3.0,-9.0,-75.0
1777890655.0553324,1.0,-5.0,-76.0
1777890655.0663323,0.0,-4.0,-75.0
1777890655.0763323,0.0,-5.0,-70.0
1777890655.0863323,1.0,-6.0,-68.0
1777890655.0963323,1.0,-6.0,-67.0
1777890655.1063323,-2.0,-7.0,-63.0
1777890655.1163323,-2.0,0.0,-62.0
1777890655.1263323,2.0,0.0,-65.0
1777890655.1363325,2.0,4.0,-65.0
1777890655.1463325,7.0,5.0,-63.0
1777890655.1563325,6.0,5.0,-64.0
1777890655.1663325,0.0,2.0,-69.0
1777890655.1763325,0.0,0.0,-72.0
1777890655.1863325,-9.0,1.0,-79.0
1777890655.1963325,-12.0,0.0,-74.0
1777890655.2063324,-9.0,-4.0,-73.0
1777890655.2163324,-7.0,-3.0,-72.0
1777890655.2263324,-6.0,0.0,-75.0
1777890655.2363324,-5.0,2.0,-75.0
1777890655.2463324,-4.0,0.0,-72.0
1777890655.2563324,-1.0,0.0,-75.0
1777890655.2663324,0.0,-5.0,-75.0
1777890655.2763324,3.0,-3.0,-75.0
1777890655.2863324,0.0,-2.0,-67.0
1777890655.2963324,1.0,0.0,-65.0
1777890655.3063323,-2.0,1.0,-69.0
1777890655.3163323,0.0,0.0,-79.0
1777890655.3263323,2.0,4.0,-78.0
1777890655.3363323,1.0,4.0,-74.0
1777890655.3463323,0.0,1.0,-71.0
1777890655.3563323,0.0,1.0,-71.0
1777890655.3663323,-2.0,5.0,-70.0
1777890655.3763323,-4.0,2.0,-68.0
1777890655.3863325,-4.0,-3.0,-72.0
1777890655.3963325,-6.0,-3.0,-65.0
1777890655.4063325,-3.0,0.0,-67.0
1777890655.4163325,0.0,-2.0,-66.0
1777890655.4263325,3.0,-1.0,-65.0
1777890655.4363325,0.0,-2.0,-66.0
1777890655.4463325,-1.0,-2.0,-68.0
1777890655.4563324,-5.0,0.0,-71.0
1777890655.4663324,-8.0,0.0,-70.0
1777890655.4763324,-6.0,0.0,-72.0
1777890655.4863324,0.0,-1.0,-68.0
1777890655.4963324,3.0,2.0,-69.0
1777890655.5063324,-3.0,3.0,-70.0
1777890655.5163324,-4.0,2.0,-69.0
1777890655.5263324,-4.0,2.0,-69.0
1777890655.5363324,-1.0,0.0,-66.0
1777890655.5463324,-2.0,-1.0,-70.0
1777890655.5563323,-3.0,-2.0,-82.0
1777890655.5663323,-2.0,0.0,-79.0
1777890655.5763323,-2.0,0.0,-81.0
1777890655.5863323,-2.0,-2.0,-76.0
1777890655.5963323,-2.0,-2.0,-76.0
1777890655.6063323,1.0,-3.0,-80.0
1777890655.6163323,0.0,-1.0,-75.0
1777890655.6263323,2.0,2.0,-77.0
1777890655.6363325,7.0,0.0,-74.0
1777890655.6463325,7.0,2.0,-75.0
1777890655.6563325,8.0,4.0,-75.0
1777890655.6663325,3.0,3.0,-71.0
1777890655.6763325,4.0,0.0,-65.0
1777890655.6863325,9.0,-5.0,-57.0
1777890655.6963325,4.0,-5.0,-63.0
1777890655.7063324,5.0,-5.0,-71.0
1777890655.7163324,6.0,-4.0,-76.0
1777890655.7263324,5.0,0.0,-69.0
1777890655.7363324,2.0,0.0,-73.0
1777890655.7463324,3.0,-1.0,-72.0
1777890655.7563324,2.0,0.0,-73.0
1777890655.7663324,6.0,-3.0,-68.0
1777890655.7763324,3.0,0.0,-60.0
1777890655.7863324,4.0,4.0,-64.0
1777890655.7963324,6.0,4.0,-72.0
1777890655.8063323,4.0,1.0,-78.0
1777890655.8163323,1.0,1.0,-75.0
1777890655.8263323,5.0,2.0,-79.0
1777890655.8363323,4.0,5.0,-80.0
1777890655.8463323,6.0,0.0,-80.0
1777890655.8563323,5.0,-1.0,-79.0
1777890655.8663323,3.0,-1.0,-71.0
1777890655.8763323,4.0,-3.0,-66.0
1777890655.8863325,3.0,-1.0,-65.0
1777890655.8963325,4.0,-1.0,-65.0
1777890655.9063325,3.0,0.0,-61.0
1777890655.9163325,1.0,2.0,-62.0
1777890655.9263325,1.0,3.0,-72.0
1777890655.9363325,0.0,-2.0,-74.0
1777890655.9463325,4.0,-4.0,-75.0
1777890655.9563324,8.0,-3.0,-82.0
1777890655.9663324,10.0,-1.0,-88.0
1777890655.9763324,6.0,-3.0,-90.0
1777890655.9863324,1.0,-6.0,-81.0
1777890655.9963324,2.0,-5.0,-86.0
1777890656.0063324,3.0,-4.0,-84.0
1777890656.0163324,3.0,-1.0,-85.0
1777890656.0263324,1.0,-2.0,-79.0
1777890656.0363324,-1.0,0.0,-77.0
1777890656.0463324,0.0,2.0,-69.0
1777890656.0563323,-2.0,2.0,-69.0
1777890656.0663323,-5.0,0.0,-66.0
1777890656.0763323,-4.0,2.0,-68.0
1777890656.0863323,-3.0,0.0,-70.0
1777890656.0973325,1.0,2.0,-79.0
1777890656.1063323,2.0,7.0,-86.0
1777890656.1163323,8.0,3.0,-84.0
1777890656.1263323,7.0,2.0,-78.0
1777890656.1363325,3.0,0.0,-77.0
1777890656.1463325,1.0,-3.0,-74.0
1777890656.1563325,2.0,-6.0,-70.0
1777890656.1663325,2.0,-7.0,-73.0
1777890656.1763325,4.0,-3.0,-70.0
1777890656.1863325,5.0,-6.0,-72.0
1777890656.1963325,9.0,-7.0,-75.0
1777890656.2063324,7.0,-3.0,-71.0
1777890656.2163324,4.0,-2.0,-69.0
1777890656.2263324,6.0,-4.0,-70.0
1777890656.2363324,2.0,0.0,-68.0
1777890656.2463324,0.0,-3.0,-66.0
1777890656.2563324,2.0,-3.0,-70.0
1777890656.2663324,4.0,-2.0,-69.0
1777890656.2763324,3.0,-3.0,-71.0
1777890656.2863324,-1.0,-2.0,-68.0
1777890656.2963324,0.0,0.0,-66.0
1777890656.3063323,1.0,2.0,-70.0
1777890656.3163323,0.0,3.0,-69.0
1777890656.3263323,-2.0,1.0,-69.0
1777890656.3363323,0.0,-3.0,-67.0
1777890656.3463323,-1.0,-3.0,-63.0
1777890656.3563323,0.0,0.0,-61.0
1777890656.3663323,-2.0,-1.0,-64.0
1777890656.3763323,-1.0,-3.0,-65.0
1777890656.3863325,1.0,-1.0,-71.0
1777890656.3963325,5.0,1.0,-70.0
1777890656.4063325,8.0,5.0,-72.0
1777890656.4163325,4.0,4.0,-65.0
1777890656.4263325,2.0,0.0,-65.0
1777890656.4363325,0.0,-4.0,-67.0
1777890656.4463325,2.0,-4.0,-68.0
1777890656.4563324,5.0,-1.0,-78.0
1777890656.4663324,3.0,1.0,-76.0
1777890656.4763324,6.0,0.0,-72.0
1777890656.4863324,6.0,3.0,-74.0
1777890656.4963324,5.0,5.0,-68.0
1777890656.5063324,3.0,8.0,-70.0
1777890656.5163324,0.0,5.0,-72.0
1777890656.5263324,3.0,2.0,-71.0
1777890656.5363324,4.0,-1.0,-72.0
1777890656.5463324,6.0,-2.0,-72.0
1777890656.5563323,8.0,1.0,-70.0
1777890656.5663323,5.0,5.0,-66.0
1777890656.5763323,7.0,7.0,-69.0
1777890656.5863323,6.0,9.0,-69.0
1777890656.5963323,3.0,4.0,-65.0
1777890656.6063323,0.0,1.0,-63.0
1777890656.6163323,2.0,2.0,-68.0
1777890656.6263323,3.0,0.0,-72.0
1777890656.6363325,4.0,1.0,-72.0
1777890656.6463325,5.0,5.0,-76.0
1777890656.6563325,5.0,4.0,-76.0
1777890656.6663325,4.0,2.0,-72.0
1777890656.6763325,7.0,2.0,-79.0
1777890656.6863325,5.0,4.0,-80.0
1777890656.6963325,5.0,5.0,-80.0
1777890656.7063324,-2.0,3.0,-85.0
1777890656.7163324,-3.0,2.0,-86.0
1777890656.7263324,-3.0,2.0,-84.0
1777890656.7363324,-2.0,0.0,-81.0
1777890656.7463324,-2.0,0.0,-78.0
1777890656.7563324,0.0,0.0,-80.0
1777890656.7663324,0.0,1.0,-78.0
1777890656.7763324,0.0,0.0,-78.0
1777890656.7863324,1.0,-1.0,-79.0
1777890656.7963324,0.0,-2.0,-77.0
1777890656.8063323,-4.0,-2.0,-74.0
1777890656.8163323,-2.0,-3.0,-65.0
1777890656.8263323,6.0,-1.0,-66.0
1777890656.8363323,9.0,0.0,-71.0
1777890656.8463323,5.0,2.0,-65.0
1777890656.8563323,6.0,1.0,-69.0
1777890656.8663323,4.0,1.0,-76.0
1777890656.8763323,3.0,0.0,-71.0
1777890656.8863325,3.0,2.0,-70.0
1777890656.8963325,0.0,1.0,-73.0
1777890656.9063325,-1.0,0.0,-72.0
1777890656.9163325,-3.0,1.0,-72.0
1777890656.9263325,0.0,0.0,-66.0
1777890656.9363325,0.0,0.0,-64.0
1777890656.9463325,4.0,-4.0,-65.0
1777890656.9563324,6.0,-3.0,-66.0
1777890656.9663324,12.0,-5.0,-70.0
1777890656.9763324,10.0,-2.0,-75.0
1777890656.9863324,9.0,-2.0,-72.0
1777890656.9963324,9.0,0.0,-68.0
1777890657.0063324,7.0,2.0,-66.0
1777890657.0163324,8.0,-5.0,-65.0
1777890657.0263324,10.0,-6.0,-71.0
1777890657.0373323,9.0,-5.0,-74.0
1777890657.0473323,1.0,-4.0,-66.0
1777890657.0573325,1.0,0.0,-73.0
1777890657.0673325,1.0,0.0,-67.0
1777890657.0773325,-1.0,4.0,-70.0
1777890657.0873325,-1.0,4.0,-75.0
1777890657.0973325,-3.0,2.0,-76.0
1777890657.1073325,3.0,0.0,-80.0
1777890657.1173325,7.0,0.0,-80.0
1777890657.1273324,12.0,1.0,-78.0
1777890657.1373324,9.0,-2.0,-80.0
1777890657.1473324,9.0,-7.0,-78.0
1777890657.1573324,7.0,-7.0,-80.0
1777890657.1673324,5.0,-4.0,-75.0
1777890657.1773324,1.0,-6.0,-71.0
1777890657.1873324,0.0,-6.0,-69.0
1777890657.1973324,-2.0,-1.0,-71.0
1777890657.2073324,3.0,-1.0,-72.0
1777890657.2173324,7.0,0.0,-77.0
1777890657.2273324,9.0,0.0,-69.0
1777890657.2373323,5.0,-1.0,-63.0
1777890657.2473323,5.0,-4.0,-67.0
1777890657.2573323,3.0,-3.0,-69.0
1777890657.2673323,3.0,-3.0,-69.0
1777890657.2773323,0.0,-1.0,-68.0
1777890657.2873323,0.0,-3.0,-66.0
1777890657.2973323,3.0,-6.0,-71.0
1777890657.3073325,3.0,-5.0,-75.0
1777890657.3173325,0.0,-4.0,-68.0
1777890657.3273325,-2.0,-4.0,-71.0
1777890657.3373325,-3.0,0.0,-68.0
1777890657.3473325,-2.0,0.0,-71.0
1777890657.3573325,0.0,0.0,-71.0
1777890657.3673325,0.0,-2.0,-80.0
1777890657.3773324,0.0,-3.0,-83.0
1777890657.3873324,0.0,0.0,-77.0
1777890657.3973324,0.0,0.0,-75.0
1777890657.4073324,0.0,-1.0,-73.0
1777890657.4173324,0.0,-5.0,-66.0
1777890657.4273324,-1.0,-5.0,-63.0
1777890657.4373324,-2.0,-4.0,-63.0
1777890657.4473324,0.0,-4.0,-66.0
1777890657.4573324,-2.0,-3.0,-72.0
1777890657.4673324,1.0,-8.0,-75.0
1777890657.4773324,0.0,-8.0,-72.0
1777890657.4873323,-2.0,-6.0,-72.0
1777890657.4973323,-4.0,-5.0,-75.0
1777890657.5073323,2.0,-3.0,-77.0
1777890657.5173323,2.0,-3.0,-73.0
1777890657.5273323,0.0,0.0,-76.0
1777890657.5373323,2.0,5.0,-81.0
1777890657.5473323,9.0,0.0,-76.0
1777890657.5573325,8.0,0.0,-72.0
1777890657.5673325,9.0,0.0,-76.0
1777890657.5773325,8.0,-1.0,-79.0
1777890657.5873325,12.0,-1.0,-76.0
1777890657.5973325,10.0,-2.0,-80.0
1777890657.6073325,7.0,0.0,-79.0
1777890657.6173325,8.0,-1.0,-75.0
1777890657.6273324,6.0,0.0,-68.0
1777890657.6373324,3.0,2.0,-62.0
1777890657.6473324,2.0,2.0,-65.0
1777890657.6573324,2.0,0.0,-69.0
1777890657.6673324,4.0,-2.0,-72.0
1777890657.6773324,2.0,-2.0,-68.0
1777890657.6873324,2.0,-4.0,-75.0
1777890657.6973324,4.0,-2.0,-67.0
1777890657.7073324,0.0,0.0,-64.0
1777890657.7173324,6.0,-3.0,-73.0
1777890657.7273324,12.0,-1.0,-74.0
1777890657.7373323,11.0,1.0,-71.0
1777890657.7473323,3.0,0.0,-74.0
1777890657.7573323,2.0,-3.0,-80.0
1777890657.7673323,6.0,0.0,-78.0
1777890657.7773323,8.0,0.0,-77.0
1777890657.7873323,7.0,1.0,-73.0
1777890657.7973323,6.0,4.0,-67.0
1777890657.8073325,6.0,2.0,-67.0
1777890657.8173325,9.0,0.0,-69.0
1777890657.8273325,5.0,2.0,-76.0
1777890657.8373325,2.0,3.0,-74.0
1777890657.8473325,4.0,8.0,-80.0
1777890657.8573325,5.0,7.0,-81.0
1777890657.8673325,2.0,5.0,-89.0
1777890657.8773324,1.0,7.0,-88.0
1777890657.8873324,2.0,2.0,-81.0
1777890657.8973324,2.0,0.0,-76.0
1777890657.9073324,1.0,-2.0,-74.0
1777890657.9173324,4.0,-1.0,-72.0
1777890657.9273324,2.0,4.0,-70.0
1777890657.9373324,3.0,1.0,-66.0
1777890657.9473324,0.0,0.0,-65.0
1777890657.9573324,-4.0,-1.0,-66.0
1777890657.9673324,-3.0,-1.0,-62.0
1777890657.9773324,0.0,1.0,-64.0
1777890657.9873323,0.0,4.0,-71.0
1777890657.9973323,3.0,7.0,-73.0
1777890658.0073323,3.0,7.0,-71.0
1777890658.0173323,1.0,6.0,-70.0
1777890658.0273323,-3.0,2.0,-70.0
1777890658.0373323,0.0,3.0,-68.0
1777890658.0473323,0.0,4.0,-70.0
1777890658.0573325,0.0,3.0,-72.0
1777890658.0673325,-2.0,1.0,-78.0
1777890658.0773325,2.0,0.0,-80.0
1777890658.0873325,0.0,1.0,-78.0
1777890658.0973325,1.0,-3.0,-74.0
1777890658.1073325,0.0,0.0,-70.0
1777890658.1173325,-2.0,2.0,-71.0
1777890658.1273324,0.0,7.0,-75.0
1777890658.1373324,-1.0,9.0,-73.0
1777890658.1473324,-1.0,9.0,-71.0
1777890658.1573324,0.0,1.0,-69.0
1777890658.1673324,-1.0,-1.0,-77.0
1777890658.1773324,-3.0,0.0,-74.0
1777890658.1873324,-5.0,0.0,-80.0
1777890658.1973324,-7.0,0.0,-81.0
1777890658.2073324,-2.0,0.0,-77.0
1777890658.2173324,1.0,-5.0,-78.0
1777890658.2273324,3.0,-2.0,-76.0
1777890658.2373323,7.0,-2.0,-71.0
1777890658.2473323,1.0,-2.0,-72.0
1777890658.2573323,0.0,-2.0,-70.0
1777890658.2673323,-3.0,0.0,-71.0
1777890658.2773323,-7.0,0.0,-82.0
1777890658.2873323,-7.0,-2.0,-91.0
1777890658.2973323,-11.0,2.0,-93.0
1777890658.3073325,-8.0,2.0,-89.0
1777890658.3173325,-4.0,0.0,-89.0
1777890658.3273325,0.0,1.0,-82.0
1777890658.3373325,0.0,-3.0,-85.0
1777890658.3473325,0.0,-4.0,-83.0
1777890658.3573325,0.0,-1.0,-82.0
1777890658.3673325,0.0,-2.0,-80.0
1777890658.3773324,-1.0,-5.0,-72.0
1777890658.3873324,-5.0,-5.0,-68.0
1777890658.3973324,0.0,-4.0,-70.0
1777890658.4073324,-2.0,-5.0,-67.0
1777890658.4173324,-2.0,-8.0,-66.0
1777890658.4273324,0.0,-8.0,-66.0
1777890658.4373324,-1.0,-10.0,-66.0
1777890658.4473324,-5.0,-13.0,-66.0
1777890658.4573324,-3.0,-11.0,-71.0
1777890658.4673324,-1.0,-8.0,-69.0
1777890658.4773324,1.0,-4.0,-73.0
1777890658.4873323,-1.0,-3.0,-71.0
1777890658.4973323,0.0,-3.0,-69.0
1777890658.5073323,4.0,-4.0,-68.0
1777890658.5173323,5.0,-4.0,-70.0
1777890658.5273323,2.0,-4.0,-65.0
1777890658.5373323,1.0,-2.0,-69.0
1777890658.5473323,4.0,-4.0,-74.0
1777890658.5573325,0.0,-3.0,-76.0
1777890658.5673325,0.0,-3.0,-80.0
1777890658.5773325,0.0,0.0,-77.0
1777890658.5873325,-2.0,2.0,-77.0
1777890658.5973325,-2.0,0.0,-80.0
1777890658.6073325,-2.0,-2.0,-79.0
1777890658.6173325,-1.0,-7.0,-80.0
1777890658.6273324,-4.0,-4.0,-81.0
1777890658.6373324,-7.0,-2.0,-72.0
1777890658.6473324,-7.0,-2.0,-67.0
1777890658.6573324,-4.0,0.0,-65.0
1777890658.6673324,-7.0,-1.0,-58.0
1777890658.6773324,0.0,-4.0,-58.0
1777890658.6873324,0.0,-3.0,-65.0
1777890658.6973324,-3.0,-3.0,-68.0
1777890658.7073324,-4.0,-5.0,-71.0
1777890658.7173324,0.0,-3.0,-72.0
1777890658.7273324,3.0,0.0,-72.0
1777890658.7373323,0.0,0.0,-74.0
1777890658.7473323,-1.0,0.0,-76.0
1777890658.7573323,-1.0,-1.0,-77.0
1777890658.7673323,0.0,-5.0,-78.0
1777890658.7773323,3.0,-8.0,-74.0
1777890658.7873323,8.0,-8.0,-71.0
1777890658.7973323,7.0,-6.0,-73.0
1777890658.8073325,9.0,-4.0,-70.0
1777890658.8173325,8.0,-5.0,-72.0
1777890658.8273325,6.0,-5.0,-73.0
1777890658.8373325,2.0,-3.0,-64.0
1777890658.8473325,4.0,-4.0,-62.0
1777890658.8573325,4.0,-7.0,-61.0
1777890658.8673325,3.0,-10.0,-67.0
1777890658.8773324,2.0,-7.0,-68.0
1777890658.8873324,3.0,-8.0,-67.0
1777890658.8973324,8.0,-3.0,-68.0
1777890658.9073324,8.0,0.0,-71.0
1777890658.9173324,5.0,1.0,-74.0
1777890658.9273324,1.0,3.0,-72.0
1777890658.9373324,0.0,4.0,-67.0
1777890658.9473324,0.0,1.0,-73.0
1777890658.9573324,-2.0,0.0,-72.0
1777890658.9673324,-8.0,-1.0,-68.0
1777890658.9773324,-8.0,-1.0,-70.0
1777890658.9873323,-8.0,-7.0,-74.0
1777890658.9973323,-7.0,-7.0,-72.0
1777890659.0073323,-4.0,-4.0,-72.0
1777890659.0173323,-3.0,-4.0,-71.0
1777890659.0273323,-2.0,-3.0,-70.0
1777890659.0383325,0.0,-7.0,-73.0
1777890659.0483325,1.0,-3.0,-75.0
1777890659.0583324,2.0,-1.0,-81.0
1777890659.0683324,1.0,0.0,-82.0
1777890659.0783324,-4.0,0.0,-82.0
1777890659.0883324,-8.0,4.0,-86.0
1777890659.0983324,-6.0,0.0,-85.0
1777890659.1083324,-1.0,2.0,-85.0
1777890659.1183324,0.0,-2.0,-87.0
1777890659.1283324,2.0,-2.0,-87.0
1777890659.1383324,-1.0,0.0,-88.0
1777890659.1483324,1.0,0.0,-84.0
1777890659.1583323,3.0,-1.0,-84.0
1777890659.1683323,1.0,-3.0,-82.0
1777890659.1783323,2.0,-7.0,-81.0
1777890659.1883323,4.0,-10.0,-79.0
1777890659.1983323,3.0,-5.0,-76.0
1777890659.2083323,1.0,-4.0,-76.0
1777890659.2183323,-1.0,-2.0,-78.0
1777890659.2283323,0.0,0.0,-76.0
1777890659.2383325,2.0,2.0,-69.0
1777890659.2483325,3.0,1.0,-73.0
1777890659.2583325,4.0,0.0,-73.0
1777890659.2683325,5.0,1.0,-77.0
1777890659.2783325,5.0,2.0,-79.0
1777890659.2883325,0.0,-1.0,-74.0
1777890659.2983325,3.0,3.0,-77.0
1777890659.3083324,4.0,-1.0,-70.0
1777890659.3183324,0.0,-1.0,-74.0
1777890659.3283324,7.0,0.0,-81.0
1777890659.3383324,5.0,2.0,-78.0
1777890659.3483324,11.0,0.0,-72.0
1777890659.3583324,9.0,0.0,-75.0
1777890659.3683324,9.0,0.0,-70.0
1777890659.3783324,7.0,-3.0,-70.0
1777890659.3883324,2.0,0.0,-58.0
1777890659.3983324,-1.0,0.0,-58.0
1777890659.4083323,-4.0,-1.0,-64.0
1777890659.4183323,-5.0,1.0,-64.0
1777890659.4283323,-9.0,1.0,-68.0
1777890659.4383323,-7.0,-2.0,-71.0
1777890659.4483323,-2.0,1.0,-70.0
1777890659.4583323,-1.0,0.0,-71.0
1777890659.4683323,0.0,-3.0,-72.0
1777890659.4783323,0.0,-6.0,-68.0
1777890659.4883325,2.0,-2.0,-64.0
1777890659.4983325,0.0,-3.0,-68.0
1777890659.5083325,-1.0,-1.0,-71.0
1777890659.5183325,0.0,0.0,-75.0
1777890659.5283325,0.0,0.0,-77.0
1777890659.5383325,-2.0,-4.0,-81.0
1777890659.5483325,0.0,-3.0,-81.0
1777890659.5583324,0.0,-4.0,-78.0
1777890659.5683324,-3.0,-3.0,-81.0
1777890659.5783324,-3.0,-2.0,-80.0
1777890659.5883324,-2.0,-2.0,-77.0
1777890659.5983324,0.0,1.0,-72.0
1777890659.6083324,0.0,0.0,-71.0
1777890659.6183324,-1.0,3.0,-73.0
1777890659.6283324,2.0,2.0,-70.0
1777890659.6383324,2.0,2.0,-71.0
1777890659.6483324,0.0,1.0,-70.0
1777890659.6583323,-2.0,0.0,-74.0
1777890659.6683323,-7.0,-1.0,-77.0
1777890659.6783323,-6.0,0.0,-78.0
1777890659.6883323,-6.0,-3.0,-80.0
1777890659.6983323,-6.0,-5.0,-78.0
1777890659.7083323,-4.0,-6.0,-65.0
1777890659.7183323,1.0,-7.0,-62.0
1777890659.7283323,0.0,0.0,-56.0
1777890659.7383325,-1.0,2.0,-60.0
1777890659.7483325,-1.0,0.0,-62.0
1777890659.7583325,2.0,1.0,-59.0
1777890659.7683325,4.0,2.0,-64.0
1777890659.7783325,0.0,4.0,-67.0
1777890659.7883325,0.0,1.0,-76.0
1777890659.7983325,2.0,2.0,-81.0
1777890659.8083324,-1.0,-5.0,-75.0
1777890659.8183324,-5.0,-4.0,-81.0
1777890659.8283324,-3.0,-6.0,-79.0
1777890659.8383324,0.0,-5.0,-74.0
1777890659.8483324,1.0,-4.0,-67.0
1777890659.8583324,-2.0,-3.0,-72.0
1777890659.8683324,-8.0,-3.0,-76.0
1777890659.8783324,-7.0,-4.0,-76.0
1777890659.8883324,-6.0,-1.0,-82.0
1777890659.8983324,-5.0,2.0,-79.0
1777890659.9083323,-8.0,2.0,-81.0
1777890659.9183323,-5.0,0.0,-82.0
1777890659.9283323,-7.0,-1.0,-84.0
1777890659.9383323,-7.0,0.0,-92.0
1777890659.9483323,-11.0,-5.0,-90.0
1777890659.9583323,-11.0,-7.0,-87.0
1777890659.9683323,-10.0,-4.0,-80.0
1777890659.9783323,-8.0,-2.0,-74.0
1777890659.9883325,-6.0,-3.0,-72.0
1777890659.9983325,-3.0,-4.0,-68.0
1777890660.0083325,-2.0,2.0,-72.0
1777890660.0183325,0.0,0.0,-77.0
1777890660.0283325,3.0,0.0,-81.0
1777890660.0383325,4.0,1.0,-76.0
1777890660.0483325,4.0,1.0,-76.0
1777890660.0583324,-1.0,2.0,-74.0
1777890660.0683324,0.0,2.0,-72.0
1777890660.0783324,4.0,6.0,-75.0
1777890660.0883324,7.0,3.0,-82.0
1777890660.0983324,6.0,-1.0,-84.0
1777890660.1083324,4.0,-2.0,-80.0
1777890660.1183324,5.0,-1.0,-83.0
1777890660.1283324,0.0,2.0,-90.0
1777890660.1383324,-3.0,2.0,-85.0
1777890660.1483324,-4.0,-3.0,-83.0
1777890660.1583323,-4.0,0.0,-82.0
1777890660.1683323,-2.0,0.0,-81.0
1777890660.1783323,-7.0,1.0,-83.0
1777890660.1883323,-7.0,3.0,-83.0
1777890660.1983323,-3.0,4.0,-77.0
1777890660.2083323,-3.0,1.0,-77.0
1777890660.2183323,-3.0,-1.0,-75.0
1777890660.2283323,0.0,0.0,-79.0
1777890660.2383325,4.0,1.0,-76.0
1777890660.2483325,4.0,1.0,-83.0
1777890660.2583325,5.0,0.0,-87.0
1777890660.2683325,6.0,1.0,-84.0
1777890660.2783325,4.0,-2.0,-82.0
1777890660.2883325,0.0,2.0,-76.0
1777890660.2983325,0.0,0.0,-78.0
1777890660.3083324,0.0,2.0,-81.0
1777890660.3183324,0.0,0.0,-78.0
1777890660.3283324,-2.0,0.0,-75.0
1777890660.3383324,0.0,0.0,-69.0
1777890660.3483324,-1.0,-4.0,-65.0
1777890660.3583324,-4.0,-7.0,-63.0
1777890660.3683324,-1.0,-7.0,-65.0
1777890660.3783324,-5.0,-11.0,-69.0
1777890660.3883324,-5.0,-14.0,-75.0
1777890660.3983324,-5.0,-14.0,-77.0
1777890660.4083323,-5.0,-10.0,-78.0
1777890660.4183323,-5.0,-5.0,-78.0
1777890660.4283323,-1.0,-4.0,-82.0
1777890660.4383323,-2.0,-1.0,-80.0
1777890660.4483323,-4.0,0.0,-83.0
1777890660.4583323,-1.0,-2.0,-90.0
1777890660.4683323,-2.0,0.0,-85.0
1777890660.4783323,-1.0,0.0,-83.0
1777890660.4883325,-4.0,0.0,-79.0
1777890660.4983325,-4.0,-2.0,-78.0
1777890660.5083325,-5.0,-3.0,-75.0
1777890660.5183325,-3.0,-7.0,-78.0
1777890660.5283325,-1.0,-8.0,-77.0
1777890660.5383325,-5.0,-3.0,-76.0
1777890660.5483325,-8.0,-8.0,-85.0
1777890660.5583324,-6.0,-8.0,-87.0
1777890660.5683324,-4.0,-4.0,-82.0
1777890660.5783324,3.0,-6.0,-82.0
1777890660.5883324,5.0,-6.0,-87.0
1777890660.5983324,8.0,-5.0,-88.0
1777890660.6083324,7.0,-2.0,-87.0
1777890660.6183324,7.0,-3.0,-83.0
1777890660.6283324,6.0,-1.0,-74.0
1777890660.6383324,3.0,-5.0,-74.0
1777890660.6483324,1.0,-8.0,-75.0
1777890660.6583323,3.0,-10.0,-79.0
1777890660.6683323,4.0,-2.0,-82.0
1777890660.6783323,0.0,-2.0,-82.0
1777890660.6883323,-2.0,0.0,-74.0
1777890660.6983323,-3.0,3.0,-73.0
1777890660.7083323,-5.0,4.0,-73.0
1777890660.7183323,-4.0,7.0,-69.0
1777890660.7283323,0.0,6.0,-69.0
1777890660.7383325,0.0,5.0,-62.0
1777890660.7483325,1.0,3.0,-61.0
1777890660.7583325,0.0,0.0,-59.0
1777890660.7683325,1.0,-7.0,-64.0
1777890660.7783325,-1.0,-7.0,-66.0
1777890660.7883325,0.0,-5.0,-69.0
1777890660.7983325,0.0,-4.0,-65.0
1777890660.8083324,4.0,-5.0,-66.0
1777890660.8183324,5.0,-5.0,-66.0
1777890660.8293324,7.0,-2.0,-65.0
1777890660.8383324,6.0,-6.0,-60.0
1777890660.8483324,4.0,-7.0,-63.0
1777890660.8583324,7.0,-4.0,-66.0
1777890660.8683324,3.0,-6.0,-75.0
1777890660.8783324,-1.0,-3.0,-76.0
1777890660.8883324,-1.0,-3.0,-77.0
1777890660.8983324,0.0,-2.0,-77.0
1777890660.9083323,0.0,-2.0,-74.0
1777890660.9183323,1.0,-3.0,-69.0
1777890660.9283323,3.0,-4.0,-64.0
1777890660.9383323,3.0,-3.0,-66.0
1777890660.9483323,0.0,-1.0,-66.0
1777890660.9583323,-2.0,1.0,-67.0
1777890660.9683323,0.0,1.0,-68.0
1777890660.9783323,0.0,2.0,-73.0
1777890660.9883325,0.0,-1.0,-72.0
1777890660.9983325,0.0,0.0,-67.0
1777890661.0083325,0.0,0.0,-66.0
1777890661.0183325,1.0,4.0,-72.0
1777890661.0293324,-1.0,3.0,-68.0
1777890661.0393324,0.0,2.0,-66.0
1777890661.0493324,0.0,1.0,-70.0
1777890661.0593324,2.0,2.0,-64.0
1777890661.0693324,4.0,2.0,-62.0
1777890661.0793324,1.0,0.0,-64.0
1777890661.0893323,-3.0,-2.0,-66.0
1777890661.0993323,1.0,-7.0,-66.0
1777890661.1093323,0.0,-5.0,-65.0
1777890661.1193323,2.0,0.0,-70.0
1777890661.1293323,0.0,-2.0,-78.0
1777890661.1393323,0.0,3.0,-73.0
1777890661.1493323,0.0,2.0,-61.0
1777890661.1593325,-4.0,3.0,-58.0
1777890661.1693325,-6.0,0.0,-64.0
1777890661.1793325,-3.0,0.0,-68.0
1777890661.1893325,-3.0,-2.0,-75.0
1777890661.1993325,1.0,-3.0,-82.0
1777890661.2093325,3.0,-1.0,-80.0
1777890661.2193325,3.0,-1.0,-73.0
1777890661.2293324,1.0,-5.0,-75.0
1777890661.2393324,1.0,-2.0,-77.0
1777890661.2493324,1.0,0.0,-73.0
1777890661.2593324,0.0,-1.0,-77.0
1777890661.2693324,0.0,-3.0,-78.0
1777890661.2793324,1.0,-1.0,-75.0
1777890661.2893324,5.0,3.0,-79.0
1777890661.2993324,7.0,6.0,-75.0
1777890661.3093324,8.0,2.0,-72.0
1777890661.3193324,9.0,3.0,-76.0
1777890661.3293324,9.0,3.0,-83.0
1777890661.3393323,1.0,4.0,-80.0
1777890661.3493323,1.0,4.0,-74.0
1777890661.3593323,1.0,0.0,-71.0
1777890661.3693323,2.0,0.0,-67.0
1777890661.3793323,4.0,-2.0,-68.0
1777890661.3893323,0.0,0.0,-79.0
1777890661.3993323,-3.0,-2.0,-77.0
1777890661.4093325,0.0,-3.0,-74.0
1777890661.4193325,-2.0,-3.0,-77.0
1777890661.4293325,0.0,0.0,-76.0
1777890661.4393325,4.0,-2.0,-79.0
1777890661.4493325,-1.0,-3.0,-82.0
1777890661.4593325,-2.0,-3.0,-80.0
1777890661.4693325,-3.0,-2.0,-75.0
1777890661.4793324,1.0,-5.0,-76.0
1777890661.4893324,0.0,-3.0,-74.0
1777890661.4993324,-1.0,0.0,-71.0
1777890661.5093324,4.0,-1.0,-67.0
1777890661.5193324,2.0,-1.0,-69.0
1777890661.5293324,0.0,-1.0,-63.0
1777890661.5393324,1.0,0.0,-61.0
1777890661.5493324,1.0,2.0,-59.0
1777890661.5593324,4.0,-2.0,-58.0
1777890661.5693324,5.0,-1.0,-65.0
1777890661.5793324,5.0,-1.0,-66.0
1777890661.5893323,6.0,-2.0,-73.0
1777890661.5993323,9.0,-5.0,-71.0
1777890661.6093323,7.0,-5.0,-70.0
1777890661.6193323,4.0,-1.0,-69.0
1777890661.6293323,1.0,0.0,-69.0
1777890661.6393323,-2.0,-1.0,-74.0
1777890661.6493323,-1.0,-6.0,-69.0
1777890661.6593325,0.0,-3.0,-70.0
1777890661.6693325,2.0,1.0,-72.0
1777890661.6793325,6.0,0.0,-76.0
1777890661.6893325,5.0,-6.0,-77.0
1777890661.6993325,5.0,-5.0,-74.0
1777890661.7093325,5.0,-2.0,-75.0
1777890661.7193325,0.0,1.0,-76.0
1777890661.7293324,0.0,3.0,-76.0
1777890661.7393324,0.0,2.0,-75.0
1777890661.7493324,-2.0,2.0,-71.0
1777890661.7593324,-1.0,2.0,-69.0
1777890661.7693324,-3.0,0.0,-69.0
1777890661.7793324,-4.0,-1.0,-70.0
1777890661.7893324,-1.0,4.0,-75.0
1777890661.7993324,0.0,2.0,-75.0
1777890661.8093324,2.0,-4.0,-76.0
1777890661.8193324,2.0,-6.0,-80.0
1777890661.8293324,4.0,-3.0,-78.0
1777890661.8393323,4.0,-3.0,-80.0
1777890661.8493323,5.0,-1.0,-75.0
1777890661.8593323,9.0,1.0,-75.0
1777890661.8693323,8.0,0.0,-76.0
1777890661.8793323,3.0,3.0,-76.0
1777890661.8893323,2.0,3.0,-77.0
1777890661.8993323,-1.0,1.0,-78.0
1777890661.9093325,-4.0,1.0,-70.0
1777890661.9193325,0.0,3.0,-76.0
1777890661.9293325,-4.0,1.0,-73.0
1777890661.9393325,-4.0,-3.0,-75.0
1777890661.9493325,-6.0,1.0,-81.0
1777890661.9593325,-5.0,0.0,-82.0
1777890661.9693325,-4.0,0.0,-85.0
1777890661.9793324,-3.0,0.0,-83.0
1777890661.9893324,3.0,-1.0,-80.0
1777890661.9993324,4.0,-2.0,-86.0
1777890662.0093324,6.0,-4.0,-97.0
1777890662.0193324,2.0,0.0,-89.0
1777890662.0293324,0.0,3.0,-82.0
1777890662.0393324,0.0,5.0,-77.0
1777890662.0493324,3.0,4.0,-75.0
1777890662.0593324,7.0,1.0,-80.0
1777890662.0693324,9.0,-5.0,-72.0
1777890662.0793324,9.0,-3.0,-72.0
1777890662.0893323,8.0,-1.0,-73.0
1777890662.0993323,3.0,0.0,-77.0
1777890662.1093323,4.0,4.0,-73.0
1777890662.1193323,4.0,0.0,-72.0
1777890662.1293323,3.0,1.0,-76.0
1777890662.1393323,1.0,4.0,-74.0
1777890662.1493323,3.0,6.0,-68.0
1777890662.1593325,-2.0,4.0,-70.0
1777890662.1693325,0.0,1.0,-76.0
1777890662.1793325,3.0,0.0,-74.0
1777890662.1893325,-1.0,0.0,-72.0
1777890662.1993325,-1.0,0.0,-73.0
1777890662.2093325,0.0,0.0,-80.0
1777890662.2193325,5.0,2.0,-81.0
1777890662.2293324,4.0,1.0,-82.0
1777890662.2393324,7.0,3.0,-85.0
1777890662.2493324,3.0,2.0,-78.0
1777890662.2593324,6.0,0.0,-73.0
1777890662.2693324,7.0,2.0,-74.0
1777890662.2793324,3.0,6.0,-76.0
1777890662.2893324,1.0,5.0,-74.0
1777890662.2993324,1.0,3.0,-73.0
1777890662.3093324,-6.0,2.0,-69.0
1777890662.3193324,-4.0,2.0,-67.0
1777890662.3293324,-3.0,-3.0,-68.0
1777890662.3393323,-3.0,0.0,-71.0
1777890662.3493323,0.0,0.0,-70.0
1777890662.3593323,2.0,-1.0,-72.0
1777890662.3693323,3.0,-3.0,-73.0
1777890662.3793323,6.0,-6.0,-78.0
1777890662.3893323,7.0,-4.0,-81.0
1777890662.3993323,2.0,-3.0,-82.0
1777890662.4093325,1.0,1.0,-77.0
1777890662.4193325,-1.0,5.0,-68.0
1777890662.4293325,1.0,1.0,-66.0
1777890662.4393325,0.0,-5.0,-67.0
1777890662.4493325,2.0,-5.0,-77.0
1777890662.4593325,0.0,-2.0,-80.0
1777890662.4693325,2.0,-1.0,-76.0
1777890662.4793324,0.0,-1.0,-78.0
1777890662.4893324,-1.0,-6.0,-76.0
1777890662.4993324,-4.0,-5.0,-77.0
1777890662.5093324,-3.0,-6.0,-75.0
1777890662.5193324,-6.0,-6.0,-77.0
1777890662.5293324,0.0,-2.0,-75.0
1777890662.5393324,0.0,-2.0,-72.0
1777890662.5493324,0.0,3.0,-81.0
1777890662.5593324,5.0,5.0,-79.0
1777890662.5693324,4.0,6.0,-77.0
1777890662.5793324,4.0,2.0,-74.0
1777890662.5893323,3.0,0.0,-71.0
1777890662.5993323,2.0,0.0,-72.0
1777890662.6093323,5.0,0.0,-77.0
1777890662.6193323,4.0,-1.0,-79.0
1777890662.6293323,7.0,-2.0,-76.0
1777890662.6393323,8.0,-2.0,-75.0
1777890662.6493323,6.0,2.0,-75.0
1777890662.6593325,7.0,1.0,-79.0
1777890662.6693325,3.0,4.0,-82.0
1777890662.6793325,4.0,3.0,-87.0
1777890662.6893325,5.0,3.0,-87.0
1777890662.6993325,4.0,0.0,-85.0
1777890662.7093325,3.0,0.0,-88.0
1777890662.7193325,7.0,0.0,-92.0
1777890662.7293324,6.0,-3.0,-89.0
1777890662.7393324,9.0,-1.0,-86.0
1777890662.7493324,8.0,2.0,-84.0
1777890662.7593324,3.0,2.0,-80.0
1777890662.7693324,6.0,0.0,-80.0
1777890662.7793324,4.0,0.0,-80.0
1777890662.7893324,2.0,0.0,-74.0
1777890662.7993324,1.0,0.0,-78.0
1777890662.8093324,1.0,-4.0,-79.0
1777890662.8193324,4.0,-3.0,-78.0
1777890662.8293324,0.0,-3.0,-76.0
1777890662.8393323,-1.0,-1.0,-77.0
1777890662.8493323,4.0,1.0,-83.0
1777890662.8593323,3.0,4.0,-89.0
1777890662.8693323,0.0,4.0,-86.0
1777890662.8793323,-3.0,3.0,-84.0
1777890662.8893323,-4.0,1.0,-83.0
1777890662.8993323,-1.0,0.0,-79.0
1777890662.9093325,-1.0,-1.0,-70.0
1777890662.9193325,2.0,-4.0,-71.0
1777890662.9293325,5.0,-2.0,-72.0
1777890662.9393325,1.0,2.0,-69.0
1777890662.9493325,-2.0,1.0,-66.0
1777890662.9593325,-2.0,0.0,-69.0
1777890662.9693325,-2.0,0.0,-70.0
1777890662.9793324,0.0,0.0,-70.0
1777890662.9893324,-1.0,4.0,-73.0
1777890663.0003324,1.0,4.0,-68.0
1777890663.0093324,-2.0,4.0,-64.0
1777890663.0203323,0.0,2.0,-59.0
1777890663.0293324,0.0,1.0,-65.0
1777890663.0403323,6.0,2.0,-60.0
1777890663.0503323,6.0,-5.0,-60.0
1777890663.0603323,0.0,-6.0,-67.0
1777890663.0703323,0.0,-2.0,-72.0
1777890663.0803325,0.0,4.0,-70.0
1777890663.0903325,-3.0,4.0,-69.0
1777890663.1003325,-1.0,7.0,-69.0
1777890663.1103325,0.0,8.0,-76.0
1777890663.1203325,0.0,7.0,-74.0
1777890663.1303325,0.0,6.0,-76.0
1777890663.1403325,-4.0,0.0,-71.0
1777890663.1503325,-8.0,-3.0,-74.0
1777890663.1603324,-9.0,-6.0,-74.0
1777890663.1703324,-7.0,-3.0,-79.0
1777890663.1803324,-5.0,-3.0,-80.0
1777890663.1903324,0.0,-5.0,-78.0
1777890663.2003324,-7.0,0.0,-73.0
1777890663.2103324,-8.0,4.0,-75.0
1777890663.2203324,-9.0,2.0,-74.0
1777890663.2303324,-9.0,5.0,-72.0
1777890663.2403324,-1.0,6.0,-75.0
1777890663.2503324,2.0,4.0,-77.0
1777890663.2603323,0.0,2.0,-80.0
1777890663.2703323,2.0,0.0,-77.0
1777890663.2803323,0.0,1.0,-79.0
1777890663.2903323,1.0,0.0,-76.0
1777890663.3003323,0.0,0.0,-73.0
1777890663.3103323,0.0,0.0,-76.0
1777890663.3203323,-4.0,1.0,-70.0
1777890663.3303325,-2.0,3.0,-68.0
1777890663.3403325,-1.0,0.0,-69.0
1777890663.3503325,-5.0,0.0,-68.0
1777890663.3603325,-4.0,9.0,-66.0
1777890663.3703325,-6.0,12.0,-68.0
1777890663.3803325,-7.0,12.0,-68.0
1777890663.3903325,-11.0,10.0,-68.0
1777890663.4003325,-13.0,7.0,-72.0
1777890663.4103324,-12.0,1.0,-78.0
1777890663.4203324,-12.0,3.0,-81.0
1777890663.4303324,-11.0,2.0,-80.0
1777890663.4403324,-8.0,2.0,-72.0
1777890663.4503324,-4.0,1.0,-73.0
1777890663.4603324,-3.0,-2.0,-74.0
1777890663.4703324,-3.0,-2.0,-75.0
1777890663.4803324,0.0,0.0,-76.0
1777890663.4903324,1.0,0.0,-75.0
1777890663.5003324,0.0,-2.0,-82.0
1777890663.5103323,0.0,-2.0,-81.0
1777890663.5203323,3.0,-4.0,-78.0
1777890663.5303323,5.0,-3.0,-80.0
1777890663.5403323,0.0,-1.0,-78.0
1777890663.5503323,-2.0,0.0,-78.0
1777890663.5603323,0.0,-4.0,-78.0
1777890663.5703323,1.0,-5.0,-76.0
1777890663.5803325,-2.0,0.0,-80.0
1777890663.5903325,-6.0,2.0,-84.0
1777890663.6003325,-4.0,-3.0,-78.0
1777890663.6103325,0.0,-2.0,-84.0
1777890663.6203325,5.0,0.0,-81.0
1777890663.6303325,1.0,-3.0,-79.0
1777890663.6403325,1.0,0.0,-77.0
1777890663.6503325,1.0,3.0,-77.0
1777890663.6603324,5.0,1.0,-81.0
1777890663.6703324,6.0,-1.0,-81.0
1777890663.6803324,3.0,0.0,-72.0
1777890663.6903324,2.0,0.0,-70.0
1777890663.7003324,0.0,-3.0,-64.0
1777890663.7103324,3.0,-3.0,-59.0
1777890663.7203324,1.0,-1.0,-67.0
1777890663.7303324,2.0,-3.0,-65.0
1777890663.7403324,6.0,-7.0,-69.0
1777890663.7503324,6.0,-9.0,-70.0
1777890663.7603323,11.0,-6.0,-71.0
1777890663.7703323,6.0,-5.0,-71.0
1777890663.7803323,3.0,-1.0,-74.0
1777890663.7903323,-5.0,1.0,-74.0
1777890663.8003323,-7.0,5.0,-78.0
1777890663.8103323,-6.0,1.0,-78.0
1777890663.8203323,-2.0,-2.0,-83.0
1777890663.8303325,-1.0,-5.0,-80.0
1777890663.8403325,0.0,-5.0,-76.0
1777890663.8503325,-4.0,-4.0,-75.0
1777890663.8603325,-2.0,-7.0,-70.0
1777890663.8703325,0.0,-7.0,-72.0
1777890663.8803325,-2.0,-7.0,-70.0
1777890663.8903325,4.0,-8.0,-70.0
1777890663.9003325,6.0,-3.0,-70.0
1777890663.9103324,4.0,-5.0,-70.0
1777890663.9203324,2.0,-6.0,-75.0
1777890663.9303324,4.0,-1.0,-80.0
1777890663.9403324,4.0,-1.0,-79.0
1777890663.9503324,1.0,-1.0,-75.0
1777890663.9603324,0.0,0.0,-73.0
1777890663.9703324,1.0,-1.0,-73.0
1777890663.9803324,4.0,-1.0,-75.0
1777890663.9903324,2.0,0.0,-74.0
1777890664.0003324,6.0,2.0,-71.0
1777890664.0103323,4.0,1.0,-73.0
1777890664.0203323,1.0,0.0,-70.0
1777890664.0303323,0.0,1.0,-66.0
1777890664.0403323,-2.0,2.0,-62.0
1777890664.0503323,-2.0,1.0,-55.0
1777890664.0603323,1.0,-2.0,-57.0
1777890664.0703323,6.0,0.0,-66.0
1777890664.0803325,4.0,0.0,-72.0
1777890664.0903325,0.0,0.0,-80.0
1777890664.1003325,0.0,-3.0,-81.0
1777890664.1103325,0.0,-3.0,-84.0
1777890664.1203325,4.0,-4.0,-88.0
1777890664.1303325,0.0,-5.0,-82.0
1777890664.1403325,5.0,-6.0,-79.0
1777890664.1503325,8.0,-6.0,-80.0
1777890664.1603324,6.0,-4.0,-81.0
1777890664.1703324,5.0,-5.0,-81.0
1777890664.1803324,3.0,-3.0,-83.0
1777890664.1903324,0.0,-8.0,-84.0
1777890664.2003324,1.0,-3.0,-83.0
1777890664.2103324,0.0,0.0,-79.0
1777890664.2203324,5.0,0.0,-75.0
1777890664.2303324,1.0,0.0,-72.0
1777890664.2403324,-2.0,5.0,-77.0
1777890664.2503324,-6.0,6.0,-76.0
1777890664.2603323,-5.0,3.0,-74.0
1777890664.2703323,-2.0,1.0,-77.0
1777890664.2803323,0.0,2.0,-72.0
1777890664.2903323,-4.0,7.0,-70.0
1777890664.3003323,-4.0,6.0,-68.0
1777890664.3103323,0.0,8.0,-69.0
1777890664.3203323,4.0,11.0,-78.0
1777890664.3303325,2.0,2.0,-80.0
1777890664.3403325,1.0,-1.0,-69.0
1777890664.3503325,3.0,-5.0,-73.0
1777890664.3603325,4.0,-5.0,-69.0
1777890664.3703325,1.0,-4.0,-76.0
1777890664.3803325,2.0,-5.0,-77.0
1777890664.3903325,3.0,-5.0,-84.0
1777890664.4003325,0.0,-5.0,-88.0
1777890664.4103324,3.0,-3.0,-84.0
1777890664.4203324,7.0,-5.0,-78.0
1777890664.4303324,7.0,-7.0,-71.0
1777890664.4403324,2.0,-5.0,-72.0
1777890664.4503324,2.0,-4.0,-73.0
1777890664.4603324,3.0,-6.0,-76.0
1777890664.4703324,5.0,-9.0,-72.0
1777890664.4803324,4.0,-9.0,-66.0
1777890664.4903324,4.0,-6.0,-70.0
1777890664.5003324,3.0,-5.0,-66.0
1777890664.5103323,0.0,-3.0,-63.0
1777890664.5203323,4.0,-4.0,-60.0
1777890664.5303323,1.0,-7.0,-57.0
1777890664.5403323,0.0,-6.0,-59.0
1777890664.5503323,1.0,0.0,-66.0
1777890664.5603323,4.0,0.0,-68.0
1777890664.5703323,7.0,1.0,-74.0
1777890664.5803325,5.0,0.0,-72.0
1777890664.5903325,0.0,-4.0,-75.0
1777890664.6003325,3.0,-2.0,-73.0
1777890664.6103325,3.0,2.0,-78.0
1777890664.6203325,0.0,5.0,-87.0
1777890664.6303325,3.0,4.0,-81.0
1777890664.6403325,4.0,6.0,-74.0
1777890664.6503325,4.0,6.0,-77.0
1777890664.6603324,6.0,7.0,-80.0
1777890664.6703324,2.0,3.0,-83.0
1777890664.6803324,0.0,2.0,-80.0
1777890664.6903324,-3.0,1.0,-80.0
1777890664.7003324,-6.0,2.0,-72.0
1777890664.7103324,-3.0,2.0,-75.0
1777890664.7203324,-1.0,0.0,-80.0
1777890664.7303324,0.0,-4.0,-78.0
1777890664.7403324,-4.0,-4.0,-74.0
1777890664.7503324,0.0,-4.0,-72.0
1777890664.7603323,2.0,-3.0,-72.0
1777890664.7703323,0.0,-4.0,-75.0
1777890664.7803323,-5.0,0.0,-77.0
1777890664.7903323,0.0,2.0,-75.0
1777890664.8003323,1.0,1.0,-75.0
1777890664.8103323,1.0,0.0,-76.0
1777890664.8203323,0.0,0.0,-74.0
1777890664.8303325,0.0,-3.0,-70.0
1777890664.8403325,0.0,-1.0,-73.0
1777890664.8503325,-1.0,-1.0,-81.0
1777890664.8603325,-3.0,-3.0,-87.0
1777890664.8703325,-2.0,-1.0,-82.0
1777890664.8803325,-1.0,-1.0,-79.0
1777890664.8903325,-1.0,3.0,-79.0
1777890664.9003325,-2.0,5.0,-74.0
1777890664.9103324,-4.0,2.0,-77.0
1777890664.9203324,-6.0,1.0,-73.0
1777890664.9303324,-6.0,3.0,-72.0
1777890664.9403324,-5.0,-5.0,-75.0
1777890664.9503324,-2.0,-4.0,-72.0
1777890664.9603324,-5.0,-4.0,-64.0
1777890664.9703324,-5.0,-1.0,-63.0
1777890664.9803324,0.0,0.0,-65.0
1777890664.9913323,1.0,0.0,-66.0
1777890665.0013323,1.0,0.0,-67.0
1777890665.0113325,-2.0,1.0,-72.0
1777890665.0213325,-2.0,4.0,-73.0
1777890665.0313325,-3.0,7.0,-76.0
1777890665.0413325,0.0,5.0,-74.0
1777890665.0513325,0.0,2.0,-73.0
1777890665.0613325,6.0,2.0,-69.0
1777890665.0713325,8.0,1.0,-71.0
1777890665.0813324,3.0,2.0,-75.0
1777890665.0913324,1.0,2.0,-71.0
1777890665.1013324,-2.0,1.0,-67.0
1777890665.1113324,-3.0,2.0,-60.0
1777890665.1213324,-4.0,0.0,-62.0
1777890665.1313324,-2.0,-4.0,-65.0
1777890665.1413324,0.0,-6.0,-66.0
1777890665.1513324,-2.0,-6.0,-73.0
1777890665.1613324,-6.0,-3.0,-77.0
1777890665.1713324,-6.0,-7.0,-75.0
1777890665.1813323,-1.0,-3.0,-75.0
1777890665.1913323,-3.0,-1.0,-73.0
1777890665.2013323,-8.0,-4.0,-67.0
1777890665.2113323,-3.0,-3.0,-64.0
1777890665.2213323,-4.0,-1.0,-60.0
1777890665.2313323,-5.0,-1.0,-66.0
1777890665.2413323,-5.0,0.0,-71.0
1777890665.2513323,-3.0,1.0,-71.0
1777890665.2613325,-2.0,0.0,-73.0
1777890665.2713325,-1.0,-3.0,-73.0
1777890665.2813325,-6.0,-4.0,-73.0
1777890665.2913325,-10.0,-1.0,-80.0
1777890665.3013325,-6.0,1.0,-79.0
1777890665.3113325,-7.0,1.0,-84.0
1777890665.3213325,-6.0,1.0,-80.0
1777890665.3313324,4.0,6.0,-75.0
1777890665.3413324,6.0,5.0,-69.0
1777890665.3513324,2.0,2.0,-72.0
1777890665.3613324,-2.0,3.0,-74.0
1777890665.3713324,-4.0,2.0,-76.0
1777890665.3813324,-3.0,0.0,-68.0
1777890665.3913324,-3.0,-4.0,-68.0
1777890665.4013324,-2.0,0.0,-65.0
1777890665.4113324,0.0,4.0,-64.0
1777890665.4213324,-4.0,6.0,-70.0
1777890665.4313323,0.0,2.0,-68.0
1777890665.4413323,3.0,3.0,-73.0
1777890665.4513323,4.0,0.0,-84.0
1777890665.4613323,2.0,0.0,-87.0
1777890665.4713323,3.0,3.0,-77.0
1777890665.4813323,7.0,4.0,-72.0
1777890665.4913323,5.0,3.0,-72.0
1777890665.5013323,6.0,4.0,-83.0
1777890665.5113325,7.0,0.0,-81.0
1777890665.5213325,6.0,-5.0,-77.0
1777890665.5313325,2.0,-4.0,-75.0
1777890665.5413325,-6.0,-5.0,-69.0
1777890665.5513325,-4.0,-3.0,-70.0
1777890665.5613325,1.0,0.0,-71.0
1777890665.5713325,2.0,0.0,-71.0
1777890665.5813324,7.0,1.0,-71.0
1777890665.5913324,5.0,4.0,-74.0
1777890665.6013324,2.0,5.0,-76.0
1777890665.6113324,0.0,5.0,-80.0
1777890665.6213324,0.0,4.0,-70.0
1777890665.6313324,-2.0,4.0,-74.0
1777890665.6413324,-4.0,0.0,-73.0
1777890665.6513324,-3.0,0.0,-73.0
1777890665.6613324,0.0,0.0,-74.0
1777890665.6713324,2.0,-5.0,-78.0
1777890665.6813323,4.0,-4.0,-81.0
1777890665.6913323,3.0,-2.0,-80.0
1777890665.7013323,3.0,0.0,-75.0
1777890665.7113323,2.0,0.0,-72.0
1777890665.7213323,1.0,0.0,-73.0
1777890665.7313323,1.0,1.0,-72.0
1777890665.7413323,0.0,4.0,-75.0
1777890665.7513323,-4.0,2.0,-75.0
1777890665.7613325,-4.0,2.0,-75.0
1777890665.7713325,0.0,3.0,-77.0
1777890665.7813325,0.0,2.0,-79.0
1777890665.7913325,0.0,1.0,-81.0
1777890665.8013325,1.0,0.0,-83.0
1777890665.8113325,0.0,-5.0,-82.0
1777890665.8213325,1.0,-2.0,-81.0
1777890665.8313324,6.0,-3.0,-77.0
1777890665.8413324,5.0,0.0,-80.0
1777890665.8513324,0.0,3.0,-77.0
1777890665.8613324,-3.0,2.0,-79.0
1777890665.8713324,-1.0,0.0,-74.0
1777890665.8813324,-3.0,2.0,-67.0
1777890665.8913324,-4.0,2.0,-68.0
1777890665.9013324,-4.0,4.0,-70.0
1777890665.9113324,-2.0,6.0,-65.0
1777890665.9213324,0.0,10.0,-54.0
1777890665.9313323,1.0,6.0,-54.0
1777890665.9413323,2.0,4.0,-63.0
1777890665.9513323,1.0,6.0,-62.0
1777890665.9613323,1.0,7.0,-65.0
1777890665.9713323,0.0,5.0,-70.0
1777890665.9813323,-7.0,2.0,-75.0
1777890665.9913323,-5.0,2.0,-77.0
1777890666.0013323,-3.0,0.0,-76.0
1777890666.0113325,-5.0,-2.0,-78.0
1777890666.0213325,-6.0,-4.0,-74.0
1777890666.0313325,-8.0,-4.0,-76.0
1777890666.0413325,-10.0,2.0,-77.0
1777890666.0513325,-6.0,10.0,-74.0
1777890666.0613325,0.0,6.0,-79.0
1777890666.0713325,5.0,3.0,-85.0
1777890666.0813324,6.0,4.0,-82.0
1777890666.0913324,3.0,5.0,-81.0
1777890666.1013324,2.0,5.0,-85.0
1777890666.1113324,-2.0,6.0,-81.0
1777890666.1213324,-2.0,7.0,-83.0
1777890666.1313324,-3.0,8.0,-88.0
1777890666.1413324,-1.0,6.0,-83.0
1777890666.1513324,0.0,4.0,-82.0
1777890666.1613324,-2.0,7.0,-87.0
1777890666.1713324,-4.0,3.0,-82.0
1777890666.1813323,-7.0,5.0,-77.0
1777890666.1913323,-7.0,4.0,-71.0
1777890666.2013323,-5.0,5.0,-74.0
1777890666.2113323,-2.0,2.0,-69.0
1777890666.2213323,0.0,1.0,-69.0
1777890666.2313323,-1.0,-2.0,-69.0
1777890666.2413323,-4.0,-2.0,-75.0
1777890666.2513323,-1.0,-3.0,-75.0
1777890666.2613325,3.0,-5.0,-77.0
1777890666.2713325,6.0,-2.0,-76.0
1777890666.2813325,4.0,-2.0,-73.0
1777890666.2913325,2.0,0.0,-75.0
1777890666.3013325,-1.0,0.0,-72.0
1777890666.3113325,-1.0,4.0,-73.0
1777890666.3213325,2.0,4.0,-72.0
1777890666.3313324,-2.0,0.0,-73.0
1777890666.3413324,-2.0,0.0,-75.0
1777890666.3513324,-5.0,1.0,-75.0
1777890666.3613324,-8.0,2.0,-79.0
1777890666.3713324,-3.0,1.0,-80.0
1777890666.3813324,-2.0,2.0,-67.0
1777890666.3913324,1.0,0.0,-73.0
1777890666.4013324,1.0,0.0,-69.0
1777890666.4113324,3.0,-2.0,-64.0
1777890666.4213324,1.0,-3.0,-60.0
1777890666.4313323,1.0,-1.0,-60.0
1777890666.4413323,0.0,-2.0,-67.0
1777890666.4513323,1.0,-4.0,-62.0
1777890666.4613323,1.0,-2.0,-67.0
1777890666.4713323,2.0,-1.0,-69.0
1777890666.4813323,4.0,3.0,-74.0
1777890666.4913323,-2.0,1.0,-75.0
1777890666.5013323,-8.0,1.0,-71.0
1777890666.5113325,-4.0,3.0,-71.0
1777890666.5213325,-1.0,-1.0,-70.0
1777890666.5313325,1.0,0.0,-68.0
1777890666.5413325,6.0,3.0,-71.0
1777890666.5513325,6.0,5.0,-78.0
1777890666.5613325,14.0,1.0,-76.0
1777890666.5713325,13.0,1.0,-75.0
1777890666.5813324,11.0,1.0,-72.0
1777890666.5913324,14.0,-3.0,-71.0
1777890666.6013324,16.0,-3.0,-74.0
1777890666.6113324,12.0,0.0,-73.0
1777890666.6213324,8.0,0.0,-74.0
1777890666.6313324,7.0,1.0,-74.0
1777890666.6413324,7.0,1.0,-76.0
1777890666.6513324,3.0,-3.0,-71.0
1777890666.6613324,1.0,0.0,-71.0
1777890666.6713324,3.0,-3.0,-71.0
1777890666.6813323,5.0,-4.0,-76.0
1777890666.6913323,-1.0,-2.0,-84.0
1777890666.7013323,3.0,-2.0,-88.0
1777890666.7113323,2.0,1.0,-81.0
1777890666.7213323,0.0,2.0,-75.0
1777890666.7313323,0.0,4.0,-73.0
1777890666.7413323,4.0,6.0,-77.0
1777890666.7513323,0.0,3.0,-70.0
1777890666.7613325,3.0,-1.0,-72.0
1777890666.7713325,0.0,0.0,-76.0
1777890666.7813325,1.0,-3.0,-81.0
1777890666.7913325,4.0,-3.0,-78.0
1777890666.8013325,1.0,0.0,-77.0
1777890666.8113325,2.0,2.0,-75.0
1777890666.8213325,5.0,-4.0,-77.0
1777890666.8313324,1.0,-4.0,-72.0
1777890666.8413324,2.0,1.0,-77.0
1777890666.8513324,4.0,0.0,-75.0
1777890666.8613324,8.0,2.0,-77.0
1777890666.8713324,5.0,1.0,-73.0
1777890666.8813324,1.0,1.0,-69.0
1777890666.8913324,-7.0,2.0,-66.0
1777890666.9013324,-8.0,1.0,-67.0
1777890666.9113324,-3.0,3.0,-66.0
1777890666.9213324,0.0,3.0,-74.0
1777890666.9313323,5.0,1.0,-78.0
1777890666.9423325,5.0,3.0,-78.0
1777890666.9513323,2.0,1.0,-83.0
1777890666.9613323,1.0,-4.0,-81.0
1777890666.9723325,0.0,-5.0,-72.0
1777890666.9813323,0.0,2.0,-69.0
1777890666.9923325,-2.0,-1.0,-70.0
1777890667.0023324,0.0,-1.0,-74.0
1777890667.0123324,1.0,-1.0,-67.0
1777890667.0223324,1.0,-1.0,-65.0
1777890667.0323324,1.0,0.0,-69.0
1777890667.0423324,-2.0,4.0,-73.0
1777890667.0523324,-3.0,0.0,-66.0
1777890667.0623324,0.0,0.0,-65.0
1777890667.0723324,-2.0,0.0,-69.0
1777890667.0823324,0.0,2.0,-72.0
1777890667.0923324,-2.0,4.0,-75.0
1777890667.1023324,1.0,7.0,-75.0
1777890667.1123323,4.0,6.0,-75.0
1777890667.1223323,5.0,2.0,-71.0
1777890667.1323323,6.0,0.0,-73.0
1777890667.1423323,7.0,2.0,-73.0
1777890667.1523323,8.0,0.0,-68.0
1777890667.1623323,6.0,2.0,-72.0
1777890667.1723323,4.0,-2.0,-75.0
1777890667.1823325,8.0,-5.0,-81.0
1777890667.1923325,7.0,-2.0,-76.0
1777890667.2023325,3.0,-2.0,-75.0
1777890667.2123325,0.0,-1.0,-77.0
1777890667.2223325,-6.0,-3.0,-76.0
1777890667.2323325,-3.0,0.0,-72.0
1777890667.2423325,-5.0,0.0,-72.0
1777890667.2523324,1.0,0.0,-74.0
1777890667.2623324,6.0,0.0,-80.0
1777890667.2723324,3.0,0.0,-78.0
1777890667.2823324,1.0,-4.0,-82.0
1777890667.2923324,0.0,0.0,-86.0
1777890667.3023324,-1.0,0.0,-83.0
1777890667.3123324,1.0,3.0,-86.0
1777890667.3223324,1.0,5.0,-78.0
1777890667.3323324,-3.0,3.0,-84.0
1777890667.3423324,-4.0,5.0,-78.0
1777890667.3523324,-3.0,2.0,-76.0
1777890667.3623323,-1.0,-2.0,-73.0
1777890667.3723323,-4.0,-2.0,-76.0
1777890667.3823323,-5.0,0.0,-76.0
1777890667.3923323,-5.0,-1.0,-79.0
1777890667.4023323,-7.0,-2.0,-82.0
1777890667.4123323,-8.0,-3.0,-84.0
1777890667.4223323,-8.0,2.0,-75.0
1777890667.4323325,-8.0,0.0,-67.0
1777890667.4423325,-2.0,0.0,-69.0
1777890667.4523325,3.0,0.0,-74.0
1777890667.4623325,2.0,0.0,-80.0
1777890667.4723325,4.0,0.0,-76.0
1777890667.4823325,7.0,-4.0,-74.0
1777890667.4923325,6.0,-2.0,-77.0
1777890667.5023324,7.0,-4.0,-77.0
1777890667.5123324,2.0,-6.0,-80.0
1777890667.5223324,2.0,-8.0,-84.0
1777890667.5323324,1.0,-9.0,-85.0
1777890667.5423324,1.0,-9.0,-82.0
1777890667.5523324,3.0,-10.0,-78.0
1777890667.5623324,4.0,-10.0,-75.0
1777890667.5723324,4.0,-10.0,-72.0
1777890667.5823324,3.0,-8.0,-73.0
1777890667.5923324,3.0,-6.0,-80.0
1777890667.6023324,1.0,-6.0,-78.0
1777890667.6123323,-1.0,-3.0,-72.0
1777890667.6223323,-5.0,-2.0,-77.0
1777890667.6323323,-4.0,-1.0,-74.0
1777890667.6423323,-1.0,2.0,-78.0
1777890667.6523323,1.0,0.0,-75.0
1777890667.6623323,2.0,0.0,-73.0
1777890667.6723323,6.0,0.0,-66.0
1777890667.6823325,6.0,0.0,-66.0
1777890667.6923325,7.0,-4.0,-69.0
1777890667.7023325,8.0,0.0,-71.0
1777890667.7123325,7.0,0.0,-70.0
1777890667.7223325,2.0,2.0,-72.0
1777890667.7323325,0.0,2.0,-71.0
1777890667.7423325,3.0,2.0,-70.0
1777890667.7523324,4.0,3.0,-76.0
1777890667.7623324,2.0,4.0,-71.0
1777890667.7723324,0.0,3.0,-71.0
1777890667.7823324,4.0,-1.0,-71.0
1777890667.7923324,3.0,-1.0,-69.0
1777890667.8023324,1.0,1.0,-64.0
1777890667.8123324,-1.0,0.0,-58.0
1777890667.8223324,-1.0,1.0,-55.0
1777890667.8323324,0.0,4.0,-60.0
1777890667.8423324,1.0,3.0,-69.0
1777890667.8523324,-2.0,1.0,-69.0
1777890667.8623323,-1.0,2.0,-66.0
1777890667.8723323,-1.0,3.0,-68.0
1777890667.8823323,0.0,4.0,-68.0
1777890667.8923323,0.0,6.0,-72.0
1777890667.9023323,-4.0,7.0,-68.0
1777890667.9123323,-3.0,3.0,-66.0
1777890667.9223323,0.0,4.0,-66.0
1777890667.9323325,1.0,0.0,-68.0
1777890667.9423325,0.0,-2.0,-67.0
1777890667.9523325,0.0,-5.0,-64.0
1777890667.9623325,1.0,-4.0,-69.0
1777890667.9723325,5.0,0.0,-67.0
1777890667.9823325,4.0,0.0,-63.0
1777890667.9923325,4.0,0.0,-66.0
1777890668.0023324,4.0,-1.0,-69.0
1777890668.0123324,2.0,0.0,-60.0
1777890668.0223324,1.0,0.0,-64.0
1777890668.0323324,-3.0,2.0,-66.0
1777890668.0423324,-1.0,3.0,-58.0
1777890668.0523324,3.0,5.0,-68.0
1777890668.0623324,3.0,3.0,-70.0
1777890668.0723324,3.0,3.0,-73.0
1777890668.0823324,4.0,0.0,-70.0
1777890668.0923324,4.0,2.0,-66.0
1777890668.1023324,0.0,1.0,-70.0
1777890668.1123323,0.0,0.0,-78.0
1777890668.1223323,-1.0,0.0,-73.0
1777890668.1323323,-4.0,2.0,-77.0
1777890668.1423323,-3.0,4.0,-78.0
1777890668.1523323,0.0,2.0,-78.0
1777890668.1623323,0.0,-4.0,-75.0
1777890668.1723323,4.0,-3.0,-77.0
1777890668.1823325,9.0,-4.0,-77.0
1777890668.1923325,10.0,-3.0,-73.0
1777890668.2023325,11.0,-5.0,-75.0
1777890668.2123325,7.0,-2.0,-75.0
1777890668.2223325,5.0,-2.0,-82.0
1777890668.2323325,9.0,-2.0,-81.0
1777890668.2423325,10.0,0.0,-75.0
1777890668.2523324,8.0,-1.0,-67.0
1777890668.2623324,8.0,-2.0,-67.0
1777890668.2723324,8.0,-3.0,-71.0
1777890668.2823324,4.0,-2.0,-67.0
1777890668.2923324,-1.0,-3.0,-71.0
1777890668.3023324,0.0,0.0,-67.0
1777890668.3123324,0.0,5.0,-70.0
1777890668.3223324,-2.0,4.0,-71.0
1777890668.3323324,-1.0,0.0,-76.0
1777890668.3423324,0.0,0.0,-78.0
1777890668.3523324,0.0,0.0,-70.0
1777890668.3623323,-4.0,1.0,-70.0
1777890668.3723323,-4.0,2.0,-62.0
1777890668.3823323,-3.0,0.0,-68.0
1777890668.3923323,-4.0,0.0,-71.0
1777890668.4023323,-1.0,0.0,-69.0
1777890668.4123323,-5.0,1.0,-72.0
1777890668.4223323,-8.0,-2.0,-66.0
1777890668.4323325,-4.0,-1.0,-69.0
1777890668.4423325,-1.0,-2.0,-69.0
1777890668.4523325,-2.0,-1.0,-74.0
1777890668.4623325,0.0,0.0,-82.0
1777890668.4723325,0.0,0.0,-75.0
1777890668.4823325,0.0,1.0,-65.0
1777890668.4923325,0.0,0.0,-65.0
1777890668.5023324,0.0,3.0,-66.0
1777890668.5123324,2.0,1.0,-71.0
1777890668.5223324,3.0,1.0,-75.0
1777890668.5323324,4.0,-1.0,-75.0
1777890668.5423324,0.0,2.0,-75.0
1777890668.5523324,-1.0,3.0,-81.0
1777890668.5623324,-3.0,0.0,-81.0
1777890668.5723324,0.0,2.0,-80.0
1777890668.5823324,0.0,0.0,-82.0
1777890668.5923324,1.0,0.0,-84.0
1777890668.6023324,4.0,0.0,-87.0
1777890668.6123323,3.0,0.0,-85.0
1777890668.6223323,1.0,0.0,-79.0
1777890668.6323323,2.0,0.0,-79.0
1777890668.6423323,2.0,0.0,-79.0
1777890668.6523323,5.0,0.0,-81.0
1777890668.6623323,4.0,2.0,-81.0
1777890668.6723323,9.0,3.0,-79.0
1777890668.6823325,13.0,2.0,-72.0
1777890668.6923325,7.0,1.0,-72.0
1777890668.7023325,0.0,0.0,-66.0
1777890668.7123325,0.0,-2.0,-63.0
1777890668.7223325,-1.0,-3.0,-66.0
1777890668.7323325,0.0,-1.0,-67.0
1777890668.7423325,4.0,-4.0,-67.0
1777890668.7523324,8.0,-6.0,-71.0
1777890668.7623324,6.0,-6.0,-72.0
1777890668.7723324,5.0,-9.0,-74.0
1777890668.7823324,6.0,-8.0,-73.0
1777890668.7923324,8.0,-9.0,-75.0
1777890668.8023324,7.0,-7.0,-69.0
1777890668.8123324,6.0,-5.0,-70.0
1777890668.8223324,6.0,-4.0,-67.0
1777890668.8323324,2.0,-2.0,-66.0
1777890668.8423324,-2.0,0.0,-71.0
1777890668.8523324,-3.0,-2.0,-75.0
1777890668.8623323,0.0,-4.0,-73.0
1777890668.8723323,0.0,-7.0,-76.0
1777890668.8823323,5.0,-7.0,-80.0
1777890668.8923323,3.0,-5.0,-72.0
1777890668.9023323,5.0,-4.0,-69.0
1777890668.9123323,6.0,-1.0,-66.0
1777890668.9223323,8.0,0.0,-66.0
1777890668.9323325,7.0,-3.0,-67.0
1777890668.9423325,4.0,-2.0,-68.0
1777890668.9523325,4.0,-4.0,-70.0
1777890668.9633324,10.0,1.0,-65.0
1777890668.9733324,8.0,0.0,-66.0
1777890668.9823325,2.0,-2.0,-68.0
1777890668.9933324,1.0,0.0,-61.0
1777890669.0033324,3.0,-1.0,-66.0
1777890669.0133324,4.0,1.0,-68.0
1777890669.0233324,5.0,0.0,-67.0
1777890669.0323324,1.0,-4.0,-68.0
1777890669.0433323,0.0,-4.0,-71.0
1777890669.0533323,-2.0,0.0,-74.0
1777890669.0633323,-4.0,-5.0,-75.0
1777890669.0733323,-2.0,-5.0,-78.0
1777890669.0833323,-3.0,0.0,-80.0
1777890669.0933323,-4.0,1.0,-82.0
1777890669.1033323,-5.0,3.0,-82.0
1777890669.1133325,-5.0,6.0,-76.0
1777890669.1233325,-1.0,7.0,-72.0
1777890669.1333325,1.0,5.0,-72.0
1777890669.1433325,1.0,4.0,-68.0
1777890669.1533325,-1.0,6.0,-68.0
1777890669.1633325,-2.0,7.0,-75.0
1777890669.1733325,-4.0,1.0,-75.0
1777890669.1833324,-4.0,0.0,-73.0
1777890669.1933324,-5.0,-3.0,-69.0
1777890669.2033324,0.0,-7.0,-71.0
1777890669.2133324,-2.0,-5.0,-77.0
1777890669.2233324,-10.0,0.0,-77.0
1777890669.2333324,-12.0,4.0,-71.0
1777890669.2433324,-11.0,4.0,-75.0
1777890669.2533324,-12.0,1.0,-73.0
1777890669.2633324,-9.0,4.0,-77.0
1777890669.2733324,-5.0,0.0,-80.0
1777890669.2833323,-2.0,-2.0,-81.0
1777890669.2933323,1.0,-1.0,-74.0
1777890669.3033323,1.0,0.0,-69.0
1777890669.3133323,7.0,0.0,-69.0
1777890669.3233323,6.0,0.0,-69.0
1777890669.3333323,6.0,1.0,-69.0
1777890669.3433323,6.0,1.0,-70.0
1777890669.3533323,10.0,-2.0,-72.0
1777890669.3633325,11.0,-2.0,-73.0
1777890669.3733325,9.0,-5.0,-68.0
1777890669.3833325,8.0,-3.0,-70.0
1777890669.3933325,4.0,0.0,-72.0
1777890669.4033325,4.0,0.0,-73.0
1777890669.4133325,0.0,-2.0,-72.0
1777890669.4233325,2.0,-1.0,-75.0
1777890669.4333324,1.0,0.0,-74.0
1777890669.4433324,2.0,3.0,-77.0
1777890669.4533324,1.0,2.0,-75.0
1777890669.4633324,0.0,3.0,-71.0
1777890669.4733324,2.0,1.0,-73.0
1777890669.4833324,0.0,4.0,-76.0
1777890669.4933324,-4.0,5.0,-81.0
1777890669.5033324,-4.0,2.0,-83.0
1777890669.5133324,2.0,0.0,-76.0
1777890669.5233324,4.0,4.0,-74.0
1777890669.5333323,11.0,7.0,-76.0
1777890669.5433323,9.0,4.0,-74.0
1777890669.5533323,8.0,1.0,-77.0
1777890669.5633323,0.0,0.0,-75.0
1777890669.5733323,-3.0,3.0,-77.0
1777890669.5833323,-4.0,6.0,-75.0
1777890669.5933323,-7.0,1.0,-69.0
1777890669.6033323,-8.0,-2.0,-71.0
1777890669.6133325,-5.0,-2.0,-66.0
1777890669.6233325,0.0,1.0,-63.0
1777890669.6333325,-1.0,5.0,-67.0
1777890669.6433325,-4.0,4.0,-69.0
1777890669.6533325,-1.0,5.0,-68.0
1777890669.6633325,0.0,3.0,-68.0
1777890669.6733325,1.0,4.0,-70.0
1777890669.6833324,3.0,1.0,-68.0
1777890669.6933324,4.0,-1.0,-70.0
1777890669.7033324,3.0,-2.0,-69.0
1777890669.7133324,1.0,-2.0,-70.0
1777890669.7233324,-1.0,-9.0,-73.0
1777890669.7333324,-2.0,-5.0,-63.0
1777890669.7433324,1.0,-1.0,-60.0
1777890669.7533324,-1.0,0.0,-60.0
1777890669.7633324,0.0,4.0,-60.0
1777890669.7733324,-2.0,4.0,-58.0
1777890669.7833323,0.0,5.0,-60.0
1777890669.7933323,4.0,5.0,-65.0
1777890669.8033323,2.0,1.0,-68.0
1777890669.8133323,0.0,2.0,-76.0
1777890669.8233323,-1.0,1.0,-83.0
1777890669.8333323,0.0,1.0,-83.0
1777890669.8433323,1.0,0.0,-83.0
1777890669.8533323,2.0,1.0,-81.0
1777890669.8633325,3.0,-2.0,-77.0
1777890669.8733325,0.0,0.0,-74.0
1777890669.8833325,3.0,0.0,-75.0
1777890669.8943324,6.0,-2.0,-78.0
1777890669.9033325,6.0,-3.0,-79.0
1777890669.9133325,9.0,0.0,-82.0
1777890669.9233325,11.0,1.0,-79.0
1777890669.9333324,12.0,2.0,-77.0
1777890669.9433324,7.0,-1.0,-74.0
1777890669.9533324,4.0,0.0,-74.0
1777890669.9633324,1.0,3.0,-77.0
1777890669.9733324,3.0,2.0,-78.0
1777890669.9833324,2.0,0.0,-77.0
1777890669.9933324,1.0,2.0,-73.0
1777890670.0033324,0.0,-1.0,-70.0
1777890670.0133324,-1.0,-1.0,-70.0
1777890670.0233324,0.0,0.0,-68.0
1777890670.0333323,0.0,6.0,-71.0
1777890670.0433323,2.0,5.0,-74.0
1777890670.0533323,3.0,5.0,-81.0
1777890670.0633323,1.0,3.0,-74.0
1777890670.0733323,0.0,4.0,-72.0
1777890670.0833323,2.0,0.0,-71.0
1777890670.0933323,2.0,-2.0,-75.0
1777890670.1033323,1.0,-2.0,-78.0
1777890670.1133325,5.0,-2.0,-69.0
1777890670.1233325,6.0,-3.0,-75.0
1777890670.1333325,3.0,-4.0,-70.0
1777890670.1433325,1.0,-7.0,-70.0
1777890670.1533325,4.0,-7.0,-71.0
1777890670.1633325,4.0,-5.0,-64.0
1777890670.1733325,3.0,-1.0,-61.0
1777890670.1833324,7.0,0.0,-64.0
1777890670.1933324,14.0,-2.0,-67.0
1777890670.2033324,11.0,-2.0,-72.0
1777890670.2133324,3.0,-2.0,-80.0
1777890670.2233324,4.0,0.0,-78.0
1777890670.2333324,6.0,3.0,-82.0
1777890670.2433324,6.0,0.0,-78.0
1777890670.2533324,3.0,-6.0,-78.0
1777890670.2633324,1.0,-4.0,-80.0
1777890670.2733324,-4.0,-3.0,-77.0
1777890670.2833323,-7.0,-4.0,-75.0
1777890670.2933323,-6.0,-3.0,-67.0
1777890670.3033323,-1.0,1.0,-69.0
1777890670.3133323,1.0,3.0,-68.0
1777890670.3233323,-1.0,5.0,-64.0
1777890670.3333323,-4.0,3.0,-65.0
1777890670.3433323,-1.0,6.0,-68.0
1777890670.3533323,-6.0,5.0,-72.0
1777890670.3633325,-8.0,3.0,-75.0
1777890670.3733325,-1.0,5.0,-73.0
1777890670.3833325,-3.0,3.0,-75.0
1777890670.3933325,-4.0,0.0,-80.0
1777890670.4033325,-2.0,0.0,-77.0
1777890670.4133325,1.0,0.0,-80.0
1777890670.4233325,0.0,0.0,-82.0
1777890670.4333324,0.0,-2.0,-77.0
1777890670.4433324,0.0,-3.0,-71.0
1777890670.4533324,1.0,-1.0,-66.0
1777890670.4633324,1.0,1.0,-64.0
1777890670.4733324,2.0,0.0,-66.0
1777890670.4833324,-1.0,2.0,-67.0
1777890670.4933324,0.0,3.0,-71.0
1777890670.5033324,-3.0,6.0,-75.0
1777890670.5133324,-6.0,4.0,-74.0
1777890670.5233324,-3.0,5.0,-74.0
1777890670.5333323,-3.0,6.0,-72.0
1777890670.5433323,-7.0,1.0,-67.0
1777890670.5533323,-6.0,-2.0,-69.0
1777890670.5633323,-6.0,0.0,-75.0
1777890670.5733323,-6.0,-1.0,-77.0
1777890670.5833323,-4.0,0.0,-69.0
1777890670.5933323,-5.0,-3.0,-67.0
1777890670.6033323,-3.0,0.0,-65.0
1777890670.6133325,-3.0,-3.0,-69.0
1777890670.6233325,0.0,-3.0,-75.0
1777890670.6333325,3.0,0.0,-77.0
1777890670.6433325,4.0,2.0,-75.0
1777890670.6533325,1.0,3.0,-71.0
1777890670.6633325,0.0,5.0,-70.0
1777890670.6733325,0.0,3.0,-72.0
1777890670.6833324,0.0,3.0,-64.0
1777890670.6933324,0.0,3.0,-63.0
1777890670.7033324,1.0,7.0,-67.0
1777890670.7133324,1.0,7.0,-69.0
1777890670.7233324,-1.0,6.0,-74.0
1777890670.7333324,0.0,10.0,-77.0
1777890670.7433324,-2.0,10.0,-69.0
1777890670.7533324,-3.0,9.0,-67.0
1777890670.7633324,-4.0,4.0,-68.0
1777890670.7733324,0.0,0.0,-66.0
1777890670.7833323,1.0,-5.0,-56.0
1777890670.7933323,-4.0,-6.0,-57.0
1777890670.8033323,-2.0,-8.0,-67.0
1777890670.8133323,-3.0,-4.0,-77.0
1777890670.8233323,-4.0,-7.0,-79.0
1777890670.8333323,-6.0,-6.0,-74.0
1777890670.8433323,-3.0,-5.0,-73.0
1777890670.8533323,-2.0,-5.0,-73.0
1777890670.8633325,-2.0,-5.0,-71.0
1777890670.8733325,0.0,-5.0,-72.0
1777890670.8833325,3.0,-7.0,-72.0
1777890670.8933325,7.0,-7.0,-73.0
1777890670.9033325,9.0,-6.0,-64.0
1777890670.9133325,6.0,-4.0,-69.0
1777890670.9233325,2.0,-5.0,-72.0
1777890670.9333324,3.0,-2.0,-75.0
1777890670.9443324,3.0,0.0,-83.0
1777890670.9543324,3.0,0.0,-85.0
1777890670.9643323,0.0,5.0,-81.0
1777890670.9743323,2.0,6.0,-81.0
1777890670.9843323,0.0,6.0,-82.0
1777890670.9943323,-3.0,8.0,-79.0
1777890671.0043323,-4.0,2.0,-79.0
1777890671.0143323,-2.0,4.0,-78.0
1777890671.0243323,-3.0,5.0,-80.0
1777890671.0343325,0.0,5.0,-74.0
1777890671.0443325,0.0,3.0,-74.0
1777890671.0543325,1.0,5.0,-76.0
1777890671.0643325,3.0,5.0,-70.0
1777890671.0743325,3.0,6.0,-66.0
1777890671.0843325,0.0,6.0,-67.0
1777890671.0943325,-1.0,5.0,-68.0
1777890671.1043324,0.0,0.0,-67.0
1777890671.1143324,1.0,2.0,-66.0
1777890671.1243324,4.0,0.0,-66.0
1777890671.1343324,0.0,-1.0,-69.0
1777890671.1443324,0.0,-1.0,-71.0
1777890671.1543324,3.0,-1.0,-68.0
1777890671.1643324,4.0,0.0,-71.0
1777890671.1743324,0.0,-2.0,-63.0
1777890671.1843324,-2.0,-6.0,-66.0
1777890671.1943324,-5.0,-7.0,-65.0
1777890671.2043324,-7.0,-7.0,-67.0
1777890671.2143323,-5.0,-10.0,-72.0
1777890671.2243323,-4.0,-11.0,-84.0
1777890671.2343323,-3.0,-13.0,-78.0
1777890671.2443323,0.0,-10.0,-74.0
1777890671.2543323,-4.0,-9.0,-84.0
1777890671.2643323,-4.0,-8.0,-85.0
1777890671.2743323,0.0,-4.0,-86.0
1777890671.2843325,-4.0,1.0,-86.0
1777890671.2943325,-2.0,2.0,-80.0
1777890671.3043325,-1.0,-2.0,-77.0
1777890671.3143325,-2.0,-7.0,-69.0
1777890671.3243325,-5.0,-6.0,-63.0
1777890671.3343325,-7.0,-4.0,-65.0
1777890671.3443325,-6.0,-2.0,-67.0
1777890671.3543324,-4.0,-7.0,-68.0
1777890671.3643324,-6.0,-6.0,-76.0
1777890671.3743324,-3.0,-4.0,-75.0
1777890671.3843324,-5.0,-5.0,-71.0
1777890671.3943324,-6.0,-8.0,-67.0
1777890671.4043324,-6.0,-9.0,-55.0
1777890671.4143324,-7.0,-8.0,-60.0
1777890671.4243324,-8.0,-7.0,-58.0
1777890671.4343324,-7.0,-8.0,-56.0
1777890671.4443324,-4.0,-7.0,-58.0
1777890671.4543324,-3.0,-8.0,-56.0
1777890671.4643323,0.0,-8.0,-61.0
1777890671.4743323,1.0,-11.0,-60.0
1777890671.4843323,1.0,-8.0,-62.0
1777890671.4943323,2.0,-6.0,-62.0
1777890671.5043323,1.0,-7.0,-65.0
1777890671.5143323,1.0,-12.0,-72.0
1777890671.5243323,0.0,-13.0,-70.0
1777890671.5343325,5.0,-10.0,-72.0
1777890671.5443325,5.0,-7.0,-79.0
1777890671.5543325,4.0,-10.0,-83.0
1777890671.5643325,2.0,-11.0,-84.0
1777890671.5743325,4.0,-6.0,-80.0
1777890671.5843325,4.0,-3.0,-80.0
1777890671.5943325,3.0,-1.0,-74.0
1777890671.6043324,0.0,2.0,-73.0
1777890671.6143324,2.0,0.0,-72.0
1777890671.6243324,0.0,0.0,-77.0
1777890671.6343324,1.0,0.0,-85.0
1777890671.6443324,2.0,-2.0,-83.0
1777890671.6543324,6.0,-1.0,-78.0
1777890671.6643324,8.0,-5.0,-73.0
1777890671.6743324,12.0,-2.0,-78.0
1777890671.6843324,9.0,-4.0,-72.0
1777890671.6943324,6.0,-4.0,-75.0
1777890671.7043324,6.0,-6.0,-74.0
1777890671.7143323,3.0,-9.0,-70.0
1777890671.7243323,2.0,-8.0,-67.0
1777890671.7343323,1.0,-6.0,-71.0
1777890671.7443323,0.0,-2.0,-75.0
1777890671.7543323,-4.0,0.0,-69.0
1777890671.7643323,-4.0,1.0,-76.0
1777890671.7743323,0.0,0.0,-82.0
1777890671.7843325,-1.0,0.0,-87.0
1777890671.7943325,-3.0,1.0,-83.0
1777890671.8043325,-4.0,4.0,-76.0
1777890671.8143325,0.0,4.0,-74.0
1777890671.8243325,-1.0,0.0,-75.0
1777890671.8343325,2.0,2.0,-75.0
1777890671.8443325,2.0,3.0,-66.0
1777890671.8543324,4.0,3.0,-66.0
1777890671.8643324,5.0,5.0,-71.0
1777890671.8743324,1.0,6.0,-67.0
1777890671.8843324,0.0,6.0,-71.0
1777890671.8943324,2.0,4.0,-68.0
1777890671.9043324,2.0,4.0,-71.0
1777890671.9143324,2.0,3.0,-67.0
1777890671.9243324,3.0,2.0,-66.0
1777890671.9343324,1.0,3.0,-68.0
1777890671.9443324,-2.0,4.0,-71.0
1777890671.9543324,0.0,1.0,-69.0
1777890671.9643323,2.0,0.0,-65.0
1777890671.9743323,3.0,-4.0,-70.0
1777890671.9843323,2.0,-2.0,-71.0
1777890671.9943323,4.0,-1.0,-73.0
1777890672.0043323,4.0,0.0,-74.0
1777890672.0143323,4.0,1.0,-76.0
1777890672.0243323,3.0,0.0,-75.0
1777890672.0343325,5.0,0.0,-68.0
1777890672.0443325,2.0,-3.0,-72.0
1777890672.0543325,0.0,-2.0,-79.0
1777890672.0643325,-4.0,2.0,-78.0
1777890672.0743325,-5.0,5.0,-71.0
1777890672.0843325,-8.0,5.0,-72.0
1777890672.0943325,-5.0,4.0,-67.0
1777890672.1043324,-4.0,7.0,-62.0
1777890672.1143324,-4.0,5.0,-68.0
1777890672.1243324,0.0,0.0,-71.0
1777890672.1343324,2.0,-2.0,-71.0
1777890672.1443324,2.0,-1.0,-75.0
1777890672.1543324,2.0,1.0,-74.0
1777890672.1643324,2.0,2.0,-76.0
1777890672.1743324,-2.0,1.0,-78.0
1777890672.1843324,-5.0,1.0,-74.0
1777890672.1943324,-2.0,-7.0,-68.0
1777890672.2043324,0.0,-9.0,-73.0
1777890672.2143323,0.0,-3.0,-70.0
1777890672.2243323,0.0,-1.0,-73.0
1777890672.2343323,-3.0,0.0,-69.0
1777890672.2443323,0.0,2.0,-68.0
1777890672.2543323,1.0,0.0,-77.0
1777890672.2643323,1.0,-3.0,-86.0
1777890672.2743323,0.0,-4.0,-90.0
1777890672.2843325,0.0,-2.0,-86.0
1777890672.2943325,-1.0,-5.0,-90.0
1777890672.3043325,1.0,-9.0,-87.0
1777890672.3143325,5.0,-7.0,-77.0
1777890672.3243325,1.0,-3.0,-78.0
1777890672.3343325,2.0,-5.0,-77.0
1777890672.3443325,2.0,-4.0,-72.0
1777890672.3543324,0.0,-1.0,-74.0
1777890672.3643324,4.0,-3.0,-75.0
1777890672.3743324,3.0,-2.0,-74.0
1777890672.3843324,0.0,0.0,-76.0
1777890672.3943324,-4.0,-1.0,-71.0
1777890672.4043324,-2.0,-3.0,-74.0
1777890672.4143324,-1.0,-2.0,-68.0
1777890672.4243324,-2.0,-2.0,-67.0
1777890672.4343324,-1.0,-2.0,-71.0
1777890672.4443324,0.0,-4.0,-70.0
1777890672.4543324,2.0,-5.0,-66.0
1777890672.4643323,2.0,0.0,-71.0
1777890672.4743323,3.0,1.0,-73.0
1777890672.4843323,3.0,3.0,-75.0
1777890672.4943323,2.0,2.0,-69.0
1777890672.5043323,2.0,-3.0,-70.0
1777890672.5143323,2.0,-3.0,-76.0
1777890672.5243323,1.0,-4.0,-75.0
1777890672.5343325,0.0,-6.0,-73.0
1777890672.5443325,2.0,-2.0,-76.0
1777890672.5543325,6.0,-3.0,-73.0
1777890672.5643325,9.0,0.0,-76.0
1777890672.5743325,4.0,0.0,-79.0
1777890672.5843325,5.0,-2.0,-78.0
1777890672.5943325,11.0,-2.0,-74.0
1777890672.6043324,13.0,3.0,-73.0
1777890672.6143324,11.0,0.0,-74.0
1777890672.6243324,9.0,0.0,-68.0
1777890672.6343324,7.0,0.0,-64.0
1777890672.6443324,7.0,4.0,-70.0
1777890672.6543324,4.0,0.0,-74.0
1777890672.6643324,7.0,0.0,-71.0
1777890672.6743324,3.0,-1.0,-76.0
1777890672.6843324,8.0,-2.0,-75.0
1777890672.6943324,6.0,-3.0,-78.0
1777890672.7043324,5.0,-3.0,-78.0
1777890672.7143323,4.0,0.0,-76.0
1777890672.7243323,6.0,1.0,-74.0
1777890672.7343323,3.0,0.0,-70.0
1777890672.7443323,-2.0,-1.0,-63.0
1777890672.7543323,-4.0,0.0,-67.0
1777890672.7643323,-5.0,-2.0,-71.0
1777890672.7743323,-2.0,-5.0,-65.0
1777890672.7843325,0.0,-2.0,-61.0
1777890672.7943325,0.0,0.0,-62.0
1777890672.8043325,0.0,7.0,-64.0
1777890672.8143325,-7.0,9.0,-71.0
1777890672.8243325,-5.0,6.0,-74.0
1777890672.8343325,0.0,2.0,-64.0
1777890672.8443325,-2.0,-1.0,-68.0
1777890672.8543324,-4.0,2.0,-67.0
1777890672.8643324,-5.0,1.0,-66.0
1777890672.8743324,-3.0,1.0,-67.0
1777890672.8843324,-4.0,0.0,-73.0
1777890672.8943324,0.0,0.0,-71.0
1777890672.9043324,0.0,0.0,-73.0
1777890672.9143324,-4.0,-8.0,-68.0
1777890672.9253323,-4.0,-4.0,-68.0
1777890672.9343324,-6.0,-4.0,-69.0
1777890672.9453323,-4.0,-4.0,-73.0
1777890672.9543324,-1.0,0.0,-70.0
1777890672.9653325,-1.0,-1.0,-71.0
1777890672.9753325,-1.0,-3.0,-76.0
1777890672.9853325,1.0,-2.0,-77.0
1777890672.9953325,6.0,-4.0,-86.0
1777890673.0053325,6.0,-5.0,-84.0
1777890673.0153325,7.0,-7.0,-84.0
1777890673.0253325,3.0,-8.0,-74.0
1777890673.0353324,0.0,-9.0,-70.0
1777890673.0453324,0.0,-5.0,-74.0
1777890673.0553324,5.0,-5.0,-76.0
1777890673.0653324,2.0,-4.0,-79.0
1777890673.0753324,3.0,0.0,-81.0
1777890673.0853324,6.0,2.0,-85.0
1777890673.0963323,9.0,2.0,-87.0
1777890673.1053324,9.0,2.0,-82.0
1777890673.1153324,10.0,1.0,-81.0
1777890673.1253324,8.0,0.0,-72.0
1777890673.1353323,9.0,0.0,-72.0
1777890673.1453323,8.0,-1.0,-68.0
1777890673.1553323,4.0,0.0,-69.0
1777890673.1653323,4.0,-1.0,-68.0
1777890673.1753323,6.0,-3.0,-68.0
1777890673.1853323,2.0,-1.0,-70.0
1777890673.1953323,0.0,-1.0,-67.0
1777890673.2053325,-2.0,-7.0,-65.0
1777890673.2153325,0.0,-5.0,-59.0
1777890673.2253325,0.0,-7.0,-63.0
1777890673.2353325,-2.0,-6.0,-63.0
1777890673.2453325,-8.0,-1.0,-68.0
1777890673.2553325,-4.0,0.0,-72.0
1777890673.2653325,-6.0,3.0,-67.0
1777890673.2753325,-3.0,8.0,-64.0
1777890673.2853324,-7.0,12.0,-70.0
1777890673.2953324,-10.0,10.0,-67.0
1777890673.3053324,-7.0,9.0,-71.0
1777890673.3153324,0.0,6.0,-80.0
1777890673.3253324,0.0,1.0,-80.0
1777890673.3353324,2.0,-1.0,-74.0
1777890673.3453324,2.0,0.0,-73.0
1777890673.3553324,6.0,-4.0,-71.0
1777890673.3653324,2.0,-5.0,-68.0
1777890673.3753324,-1.0,-3.0,-74.0
1777890673.3853323,-4.0,-6.0,-76.0
1777890673.3953323,-4.0,-8.0,-73.0
1777890673.4053323,-1.0,-5.0,-76.0
1777890673.4153323,2.0,-3.0,-79.0
1777890673.4253323,0.0,0.0,-76.0
1777890673.4353323,3.0,-2.0,-78.0
1777890673.4453323,1.0,-2.0,-86.0
1777890673.4553325,3.0,-1.0,-78.0
1777890673.4653325,5.0,0.0,-71.0
1777890673.4753325,2.0,0.0,-65.0
1777890673.4853325,3.0,-1.0,-67.0
1777890673.4953325,1.0,-4.0,-68.0
1777890673.5053325,1.0,-8.0,-68.0
1777890673.5153325,4.0,-5.0,-71.0
1777890673.5253325,5.0,-3.0,-76.0
1777890673.5353324,5.0,0.0,-79.0
1777890673.5453324,4.0,-1.0,-81.0
1777890673.5553324,4.0,0.0,-79.0
1777890673.5653324,4.0,0.0,-83.0
1777890673.5753324,0.0,3.0,-80.0
1777890673.5853324,2.0,3.0,-82.0
1777890673.5953324,3.0,2.0,-79.0
1777890673.6053324,0.0,4.0,-77.0
1777890673.6153324,-1.0,1.0,-77.0
1777890673.6253324,-2.0,1.0,-80.0
1777890673.6353323,-3.0,-1.0,-77.0
1777890673.6453323,-7.0,-1.0,-75.0
1777890673.6553323,-9.0,-2.0,-71.0
1777890673.6653323,-6.0,0.0,-74.0
1777890673.6753323,-3.0,0.0,-73.0
1777890673.6853323,-2.0,-3.0,-69.0
1777890673.6953323,-3.0,-1.0,-69.0
1777890673.7053325,-4.0,-2.0,-70.0
1777890673.7153325,-1.0,5.0,-71.0
1777890673.7253325,0.0,8.0,-74.0
1777890673.7353325,0.0,4.0,-67.0
1777890673.7453325,-1.0,1.0,-66.0
1777890673.7553325,-7.0,1.0,-58.0
1777890673.7653325,-4.0,0.0,-59.0
1777890673.7753325,-3.0,1.0,-60.0
1777890673.7853324,0.0,1.0,-58.0
1777890673.7953324,1.0,1.0,-58.0
1777890673.8053324,-1.0,1.0,-63.0
1777890673.8153324,-1.0,-1.0,-60.0
1777890673.8253324,0.0,0.0,-61.0
1777890673.8353324,-1.0,-2.0,-67.0
1777890673.8453324,0.0,0.0,-69.0
1777890673.8553324,0.0,0.0,-75.0
1777890673.8653324,-2.0,0.0,-71.0
1777890673.8753324,-1.0,2.0,-73.0
1777890673.8853323,1.0,-2.0,-72.0
1777890673.8953323,-1.0,-5.0,-72.0
1777890673.9053323,2.0,-7.0,-73.0
1777890673.9153323,5.0,-11.0,-76.0
1777890673.9253323,6.0,-9.0,-78.0
1777890673.9353323,3.0,-11.0,-75.0
1777890673.9453323,2.0,-7.0,-81.0
1777890673.9553325,2.0,-5.0,-81.0
1777890673.9653325,4.0,-3.0,-77.0
1777890673.9753325,4.0,-3.0,-82.0
1777890673.9853325,8.0,-4.0,-82.0
1777890673.9953325,8.0,-2.0,-78.0
1777890674.0053325,3.0,1.0,-77.0
1777890674.0153325,0.0,2.0,-77.0
1777890674.0253325,0.0,0.0,-86.0
1777890674.0353324,1.0,0.0,-87.0
1777890674.0453324,-2.0,0.0,-80.0
1777890674.0553324,0.0,1.0,-79.0
1777890674.0653324,2.0,0.0,-83.0
1777890674.0753324,4.0,-2.0,-84.0
1777890674.0853324,3.0,-5.0,-87.0
1777890674.0953324,0.0,-2.0,-85.0
1777890674.1053324,0.0,-2.0,-86.0
1777890674.1153324,0.0,-5.0,-84.0
1777890674.1253324,1.0,-4.0,-78.0
1777890674.1353323,0.0,-4.0,-79.0
1777890674.1453323,-3.0,0.0,-76.0
1777890674.1553323,-4.0,0.0,-70.0
1777890674.1653323,-3.0,1.0,-67.0
1777890674.1753323,-5.0,2.0,-70.0
1777890674.1853323,-5.0,5.0,-70.0
1777890674.1953323,-5.0,7.0,-75.0
1777890674.2053325,-3.0,4.0,-77.0
1777890674.2153325,0.0,4.0,-79.0
1777890674.2253325,1.0,4.0,-80.0
1777890674.2353325,1.0,0.0,-77.0
1777890674.2453325,-2.0,-4.0,-77.0
1777890674.2553325,-4.0,-2.0,-74.0
1777890674.2653325,-3.0,-2.0,-80.0
1777890674.2753325,0.0,-2.0,-79.0
1777890674.2853324,1.0,-1.0,-73.0
1777890674.2953324,3.0,-4.0,-73.0
1777890674.3053324,0.0,-1.0,-75.0
1777890674.3153324,-1.0,-6.0,-72.0
1777890674.3253324,-4.0,-7.0,-76.0
1777890674.3353324,-3.0,-4.0,-73.0
1777890674.3453324,-4.0,-1.0,-70.0
1777890674.3553324,0.0,2.0,-76.0
1777890674.3653324,3.0,2.0,-81.0
1777890674.3753324,4.0,-2.0,-86.0
1777890674.3853323,4.0,-2.0,-83.0
1777890674.3953323,3.0,-4.0,-79.0
1777890674.4053323,-6.0,-2.0,-78.0
1777890674.4153323,-7.0,0.0,-79.0
1777890674.4253323,-5.0,2.0,-76.0
1777890674.4353323,-3.0,0.0,-72.0
1777890674.4453323,-2.0,-1.0,-70.0
1777890674.4553325,2.0,-3.0,-71.0
1777890674.4653325,6.0,-2.0,-70.0
1777890674.4753325,8.0,-1.0,-73.0
1777890674.4853325,9.0,0.0,-68.0
1777890674.4953325,8.0,5.0,-71.0
1777890674.5053325,9.0,4.0,-83.0
1777890674.5153325,5.0,-1.0,-80.0
1777890674.5253325,4.0,-7.0,-71.0
1777890674.5353324,4.0,-5.0,-70.0
1777890674.5453324,1.0,-2.0,-76.0
1777890674.5553324,1.0,-1.0,-77.0
1777890674.5653324,-3.0,0.0,-73.0
1777890674.5753324,-2.0,0.0,-72.0
1777890674.5853324,-5.0,-3.0,-70.0
1777890674.5953324,-3.0,-4.0,-71.0
1777890674.6053324,-1.0,-3.0,-73.0
1777890674.6153324,2.0,-4.0,-66.0
1777890674.6253324,7.0,-6.0,-68.0
1777890674.6353323,7.0,-4.0,-68.0
1777890674.6453323,8.0,-5.0,-75.0
1777890674.6553323,5.0,-7.0,-73.0
1777890674.6653323,2.0,-8.0,-77.0
1777890674.6753323,0.0,-6.0,-76.0
1777890674.6853323,2.0,-6.0,-76.0
1777890674.6953323,-2.0,-8.0,-71.0
1777890674.7053325,-2.0,-6.0,-72.0
1777890674.7153325,-3.0,-1.0,-68.0
1777890674.7253325,-5.0,1.0,-68.0
1777890674.7353325,-4.0,2.0,-71.0
1777890674.7453325,-2.0,2.0,-74.0
1777890674.7553325,-2.0,6.0,-69.0
1777890674.7653325,0.0,4.0,-65.0
1777890674.7753325,0.0,6.0,-68.0
1777890674.7853324,2.0,6.0,-73.0
1777890674.7953324,0.0,4.0,-78.0
1777890674.8053324,0.0,8.0,-76.0
1777890674.8153324,0.0,1.0,-78.0
1777890674.8253324,-1.0,0.0,-76.0
1777890674.8353324,2.0,-2.0,-79.0
1777890674.8453324,0.0,-1.0,-79.0
1777890674.8553324,0.0,-3.0,-79.0
1777890674.8653324,-2.0,-8.0,-78.0
1777890674.8753324,-1.0,-7.0,-73.0
1777890674.8863325,2.0,-6.0,-73.0
1777890674.8953323,-1.0,-7.0,-75.0
1777890674.9053323,0.0,-10.0,-71.0
1777890674.9163325,2.0,-11.0,-74.0
1777890674.9263325,2.0,-7.0,-77.0
1777890674.9363325,6.0,-7.0,-74.0
1777890674.9463325,6.0,-3.0,-67.0
1777890674.9563324,4.0,-1.0,-63.0
1777890674.9663324,1.0,0.0,-68.0
1777890674.9763324,1.0,0.0,-67.0
1777890674.9863324,-2.0,-2.0,-62.0
1777890674.9963324,0.0,-5.0,-71.0
1777890675.0063324,0.0,-8.0,-72.0
1777890675.0163324,-3.0,-8.0,-76.0
1777890675.0263324,-1.0,-7.0,-78.0
1777890675.0363324,-4.0,-6.0,-78.0
1777890675.0463324,-1.0,-3.0,-78.0
1777890675.0563323,0.0,-3.0,-76.0
1777890675.0663323,-4.0,2.0,-71.0
1777890675.0763323,-4.0,3.0,-75.0
1777890675.0863323,1.0,0.0,-76.0
1777890675.0963323,-2.0,1.0,-73.0
1777890675.1063323,-2.0,0.0,-67.0
1777890675.1163323,-4.0,0.0,-69.0
1777890675.1263323,1.0,3.0,-70.0
1777890675.1363325,1.0,0.0,-69.0
1777890675.1463325,0.0,-1.0,-68.0
1777890675.1563325,1.0,-4.0,-63.0
1777890675.1663325,2.0,-4.0,-58.0
1777890675.1763325,-2.0,-1.0,-67.0
1777890675.1863325,-4.0,-2.0,-73.0
1777890675.1963325,-3.0,0.0,-70.0
1777890675.2063324,-4.0,1.0,-73.0
1777890675.2163324,-4.0,3.0,-72.0
1777890675.2263324,-3.0,2.0,-78.0
1777890675.2363324,0.0,3.0,-78.0
1777890675.2463324,-2.0,1.0,-81.0
1777890675.2563324,-1.0,2.0,-83.0
1777890675.2663324,0.0,1.0,-86.0
1777890675.2763324,0.0,6.0,-81.0
1777890675.2863324,4.0,1.0,-71.0
1777890675.2963324,1.0,1.0,-73.0
1777890675.3063323,1.0,4.0,-74.0
1777890675.3163323,-1.0,5.0,-67.0
1777890675.3263323,-3.0,3.0,-64.0
1777890675.3363323,1.0,5.0,-69.0
1777890675.3463323,3.0,6.0,-62.0
1777890675.3563323,-1.0,5.0,-68.0
1777890675.3663323,0.0,7.0,-72.0
1777890675.3763323,0.0,4.0,-74.0
1777890675.3863325,-4.0,3.0,-67.0
1777890675.3963325,-4.0,2.0,-69.0
1777890675.4063325,-5.0,4.0,-78.0
1777890675.4163325,-6.0,4.0,-78.0
1777890675.4263325,-3.0,3.0,-75.0
1777890675.4363325,-2.0,1.0,-74.0
1777890675.4463325,-5.0,0.0,-73.0
1777890675.4563324,-5.0,1.0,-63.0
1777890675.4663324,-7.0,3.0,-70.0
1777890675.4763324,-2.0,5.0,-71.0
1777890675.4863324,-2.0,2.0,-72.0
1777890675.4963324,-5.0,1.0,-77.0
1777890675.5063324,-4.0,-1.0,-77.0
1777890675.5163324,-5.0,-1.0,-73.0
1777890675.5263324,-5.0,-4.0,-70.0
1777890675.5363324,-2.0,-4.0,-73.0
1777890675.5463324,-4.0,0.0,-79.0
1777890675.5563323,-3.0,-2.0,-83.0
1777890675.5663323,-3.0,0.0,-83.0
1777890675.5763323,-1.0,1.0,-76.0
1777890675.5863323,0.0,2.0,-72.0
1777890675.5963323,2.0,6.0,-71.0
1777890675.6063323,-1.0,7.0,-69.0
1777890675.6163323,3.0,3.0,-66.0
1777890675.6263323,5.0,1.0,-65.0
1777890675.6363325,12.0,4.0,-74.0
1777890675.6463325,8.0,7.0,-76.0
1777890675.6563325,9.0,3.0,-76.0
1777890675.6663325,6.0,0.0,-74.0
1777890675.6763325,4.0,0.0,-77.0
1777890675.6863325,3.0,-1.0,-79.0
1777890675.6963325,2.0,-3.0,-72.0
1777890675.7063324,1.0,-4.0,-67.0
1777890675.7163324,-1.0,-1.0,-73.0
1777890675.7263324,-2.0,-1.0,-75.0
1777890675.7363324,0.0,2.0,-77.0
1777890675.7463324,-1.0,7.0,-76.0
1777890675.7563324,-3.0,5.0,-80.0
1777890675.7663324,-2.0,0.0,-86.0
1777890675.7763324,-6.0,-4.0,-90.0
1777890675.7863324,-2.0,0.0,-89.0
1777890675.7963324,-3.0,0.0,-82.0
1777890675.8063323,-2.0,1.0,-81.0
1777890675.8163323,1.0,2.0,-72.0
1777890675.8263323,-1.0,0.0,-70.0
1777890675.8363323,-4.0,-2.0,-65.0
1777890675.8463323,0.0,-2.0,-65.0
1777890675.8563323,0.0,0.0,-61.0
1777890675.8663323,-3.0,-1.0,-67.0
1777890675.8763323,-4.0,-5.0,-70.0
1777890675.8863325,0.0,-5.0,-64.0
1777890675.8963325,2.0,-5.0,-69.0
1777890675.9063325,-2.0,-6.0,-72.0
1777890675.9163325,-4.0,-4.0,-71.0
1777890675.9263325,-2.0,-1.0,-74.0
1777890675.9363325,-1.0,-1.0,-76.0
1777890675.9463325,0.0,1.0,-79.0
1777890675.9563324,2.0,-1.0,-77.0
1777890675.9663324,1.0,-1.0,-80.0
1777890675.9763324,-2.0,0.0,-82.0
1777890675.9863324,-2.0,2.0,-80.0
1777890675.9963324,6.0,2.0,-83.0
1777890676.0063324,5.0,-1.0,-81.0
1777890676.0163324,4.0,-2.0,-77.0
1777890676.0263324,3.0,0.0,-80.0
1777890676.0363324,0.0,0.0,-82.0
1777890676.0463324,0.0,2.0,-77.0
1777890676.0563323,-5.0,0.0,-76.0
1777890676.0663323,-6.0,0.0,-76.0
1777890676.0763323,0.0,0.0,-76.0
1777890676.0863323,-2.0,0.0,-72.0
1777890676.0963323,-1.0,1.0,-68.0
1777890676.1063323,0.0,-2.0,-69.0
1777890676.1163323,1.0,-1.0,-72.0
1777890676.1263323,5.0,-2.0,-71.0
1777890676.1363325,0.0,-3.0,-75.0
1777890676.1463325,0.0,-6.0,-72.0
1777890676.1563325,-3.0,-7.0,-78.0
1777890676.1663325,-2.0,-6.0,-84.0
1777890676.1763325,2.0,-4.0,-80.0
1777890676.1863325,3.0,-2.0,-81.0
1777890676.1963325,5.0,-2.0,-81.0
1777890676.2063324,0.0,-2.0,-76.0
1777890676.2163324,0.0,-5.0,-76.0
1777890676.2263324,0.0,-3.0,-76.0
1777890676.2363324,3.0,-4.0,-69.0
1777890676.2463324,1.0,-4.0,-74.0
1777890676.2563324,0.0,-3.0,-73.0
1777890676.2663324,0.0,0.0,-68.0
1777890676.2763324,-2.0,-2.0,-65.0
1777890676.2863324,-3.0,-4.0,-69.0
1777890676.2963324,-3.0,-4.0,-65.0
1777890676.3063323,-1.0,-2.0,-73.0
1777890676.3163323,6.0,-1.0,-78.0
1777890676.3263323,8.0,0.0,-85.0
1777890676.3363323,9.0,0.0,-81.0
1777890676.3463323,7.0,2.0,-78.0
1777890676.3563323,2.0,0.0,-73.0
1777890676.3663323,-3.0,4.0,-68.0
1777890676.3763323,-1.0,5.0,-74.0
1777890676.3863325,2.0,6.0,-80.0
1777890676.3963325,2.0,1.0,-81.0
1777890676.4063325,0.0,3.0,-80.0
1777890676.4163325,-4.0,3.0,-80.0
1777890676.4263325,-5.0,1.0,-73.0
1777890676.4363325,-5.0,-3.0,-71.0
1777890676.4463325,-6.0,-4.0,-73.0
1777890676.4563324,-5.0,-6.0,-70.0
1777890676.4663324,1.0,-6.0,-65.0
1777890676.4763324,-1.0,-4.0,-64.0
1777890676.4863324,-2.0,-4.0,-71.0
1777890676.4963324,-2.0,-2.0,-74.0
1777890676.5063324,1.0,-1.0,-74.0
1777890676.5163324,3.0,3.0,-79.0
1777890676.5263324,2.0,4.0,-82.0
1777890676.5363324,1.0,2.0,-76.0
1777890676.5463324,5.0,2.0,-71.0
1777890676.5563323,1.0,-4.0,-69.0
1777890676.5663323,4.0,-4.0,-74.0
1777890676.5763323,4.0,-3.0,-67.0
1777890676.5863323,0.0,-1.0,-71.0
1777890676.5963323,1.0,0.0,-74.0
1777890676.6063323,2.0,0.0,-77.0
1777890676.6163323,5.0,0.0,-79.0
1777890676.6263323,1.0,1.0,-83.0
1777890676.6363325,5.0,-3.0,-80.0
1777890676.6463325,3.0,-9.0,-76.0
1777890676.6563325,7.0,-7.0,-73.0
1777890676.6663325,7.0,-5.0,-73.0
1777890676.6763325,3.0,-4.0,-73.0
1777890676.6863325,0.0,-6.0,-68.0
1777890676.6963325,0.0,-2.0,-69.0
1777890676.7063324,0.0,-2.0,-69.0
1777890676.7163324,0.0,-2.0,-66.0
1777890676.7263324,-3.0,-1.0,-73.0
1777890676.7363324,-2.0,-1.0,-76.0
1777890676.7463324,1.0,-7.0,-81.0
1777890676.7563324,3.0,-10.0,-85.0
1777890676.7663324,2.0,-8.0,-86.0
1777890676.7763324,2.0,-3.0,-80.0
1777890676.7863324,2.0,-6.0,-74.0
1777890676.7963324,5.0,-10.0,-71.0
1777890676.8063323,6.0,-13.0,-71.0
1777890676.8163323,5.0,-8.0,-74.0
1777890676.8263323,0.0,-5.0,-70.0
1777890676.8363323,-1.0,-4.0,-70.0
1777890676.8463323,0.0,-3.0,-74.0
1777890676.8563323,-2.0,-1.0,-70.0
1777890676.8663323,-1.0,-4.0,-76.0
1777890676.8763323,4.0,-5.0,-72.0
1777890676.8873324,7.0,-4.0,-72.0
1777890676.8963325,5.0,-5.0,-68.0
1777890676.9073324,6.0,-2.0,-63.0
1777890676.9173324,8.0,0.0,-67.0
1777890676.9273324,5.0,0.0,-62.0
1777890676.9373324,0.0,0.0,-73.0
1777890676.9473324,-3.0,0.0,-75.0
1777890676.9573324,-4.0,-1.0,-78.0
1777890676.9673324,-5.0,-3.0,-77.0
1777890676.9773324,-5.0,-2.0,-87.0
1777890676.9873323,1.0,1.0,-87.0
1777890676.9973323,3.0,3.0,-89.0
1777890677.0073323,3.0,-2.0,-81.0
1777890677.0173323,2.0,-6.0,-79.0
1777890677.0273323,5.0,-6.0,-76.0
1777890677.0373323,5.0,-6.0,-76.0
1777890677.0473323,5.0,-3.0,-80.0
1777890677.0573325,6.0,-2.0,-76.0
1777890677.0673325,4.0,-2.0,-75.0
1777890677.0773325,4.0,-2.0,-79.0
1777890677.0873325,7.0,-3.0,-74.0
1777890677.0973325,6.0,0.0,-69.0
1777890677.1073325,6.0,-6.0,-69.0
1777890677.1173325,2.0,-5.0,-63.0
1777890677.1273324,1.0,-4.0,-69.0
1777890677.1373324,3.0,-2.0,-79.0
1777890677.1473324,4.0,-5.0,-80.0
1777890677.1573324,4.0,-4.0,-83.0
1777890677.1673324,2.0,-4.0,-81.0
1777890677.1773324,0.0,-9.0,-83.0
1777890677.1873324,2.0,-7.0,-80.0
1777890677.1973324,2.0,-4.0,-79.0
1777890677.2073324,0.0,-3.0,-79.0
1777890677.2173324,-4.0,-3.0,-75.0
1777890677.2273324,-7.0,-2.0,-77.0
1777890677.2373323,-7.0,-5.0,-74.0
1777890677.2473323,-2.0,-7.0,-70.0
1777890677.2573323,0.0,-8.0,-63.0
1777890677.2673323,4.0,-4.0,-65.0
1777890677.2773323,5.0,-3.0,-65.0
1777890677.2873323,1.0,-1.0,-75.0
1777890677.2973323,-3.0,-2.0,-79.0
1777890677.3073325,-1.0,-2.0,-75.0
1777890677.3173325,0.0,-2.0,-66.0
1777890677.3273325,2.0,-2.0,-70.0
1777890677.3373325,1.0,0.0,-65.0
1777890677.3473325,-2.0,0.0,-72.0
1777890677.3573325,-1.0,1.0,-73.0
1777890677.3673325,-1.0,3.0,-74.0
1777890677.3773324,0.0,3.0,-72.0
1777890677.3873324,1.0,0.0,-71.0
1777890677.3973324,0.0,0.0,-74.0
1777890677.4073324,-4.0,0.0,-74.0
1777890677.4173324,-5.0,-1.0,-78.0
1777890677.4273324,-10.0,-1.0,-79.0
1777890677.4373324,-3.0,-4.0,-71.0
1777890677.4473324,0.0,-8.0,-68.0
1777890677.4573324,-2.0,-7.0,-65.0
1777890677.4673324,-3.0,-7.0,-59.0
1777890677.4773324,0.0,-9.0,-68.0
1777890677.4873323,0.0,-7.0,-66.0
1777890677.4973323,1.0,-5.0,-63.0
1777890677.5073323,4.0,-8.0,-56.0
1777890677.5173323,2.0,-6.0,-58.0
1777890677.5273323,3.0,0.0,-65.0
1777890677.5373323,2.0,1.0,-61.0
1777890677.5473323,1.0,-1.0,-55.0
1777890677.5573325,-2.0,0.0,-58.0
1777890677.5673325,-6.0,0.0,-57.0
1777890677.5773325,-6.0,0.0,-56.0
1777890677.5873325,0.0,0.0,-61.0
1777890677.5973325,4.0,2.0,-64.0
1777890677.6073325,4.0,-1.0,-67.0
1777890677.6173325,2.0,-2.0,-72.0
1777890677.6273324,7.0,2.0,-74.0
1777890677.6373324,9.0,3.0,-74.0
1777890677.6473324,6.0,8.0,-74.0
1777890677.6573324,5.0,4.0,-78.0
1777890677.6673324,1.0,4.0,-80.0
1777890677.6773324,6.0,2.0,-73.0
1777890677.6873324,3.0,4.0,-67.0
1777890677.6973324,6.0,4.0,-62.0
1777890677.7073324,0.0,1.0,-57.0
1777890677.7173324,5.0,3.0,-60.0
1777890677.7273324,6.0,2.0,-67.0
1777890677.7373323,5.0,0.0,-68.0
1777890677.7473323,6.0,-6.0,-73.0
1777890677.7573323,7.0,-3.0,-72.0
1777890677.7673323,3.0,-1.0,-65.0
1777890677.7773323,4.0,0.0,-67.0
1777890677.7873323,0.0,0.0,-74.0
1777890677.7973323,3.0,-3.0,-74.0
1777890677.8073325,1.0,-7.0,-74.0
1777890677.8173325,-1.0,-5.0,-72.0
1777890677.8273325,-5.0,-4.0,-69.0
1777890677.8373325,-4.0,-5.0,-70.0
1777890677.8473325,-6.0,-3.0,-74.0
1777890677.8573325,-8.0,1.0,-69.0
1777890677.8673325,-7.0,2.0,-71.0
1777890677.8773324,-2.0,3.0,-72.0
1777890677.8873324,-1.0,0.0,-78.0
1777890677.8973324,-1.0,-1.0,-79.0
1777890677.9073324,-6.0,0.0,-74.0
1777890677.9173324,-7.0,3.0,-72.0
1777890677.9273324,-4.0,0.0,-69.0
1777890677.9373324,-1.0,0.0,-71.0
1777890677.9473324,-2.0,-3.0,-68.0
1777890677.9573324,-3.0,-1.0,-76.0
1777890677.9673324,0.0,0.0,-75.0
1777890677.9773324,-1.0,-2.0,-81.0
1777890677.9873323,-2.0,-5.0,-77.0
1777890677.9973323,4.0,-4.0,-82.0
1777890678.0073323,3.0,-7.0,-87.0
1777890678.0173323,8.0,-7.0,-83.0
1777890678.0273323,1.0,-6.0,-78.0
1777890678.0373323,1.0,0.0,-75.0
1777890678.0473323,0.0,0.0,-76.0
1777890678.0573325,0.0,1.0,-76.0
1777890678.0673325,-1.0,0.0,-78.0
1777890678.0773325,0.0,-1.0,-77.0
1777890678.0873325,0.0,-5.0,-76.0
1777890678.0973325,4.0,-7.0,-74.0
1777890678.1073325,8.0,-5.0,-72.0
1777890678.1173325,1.0,-5.0,-73.0
1777890678.1273324,-7.0,-7.0,-79.0
1777890678.1373324,-7.0,-2.0,-82.0
1777890678.1473324,-4.0,-6.0,-79.0
1777890678.1573324,-2.0,-4.0,-72.0
1777890678.1673324,2.0,-4.0,-70.0
1777890678.1773324,0.0,-5.0,-76.0
1777890678.1873324,-2.0,-1.0,-68.0
1777890678.1973324,-4.0,-2.0,-67.0
1777890678.2073324,0.0,-1.0,-66.0
1777890678.2173324,0.0,-6.0,-68.0
1777890678.2273324,1.0,-5.0,-73.0
1777890678.2373323,0.0,-2.0,-73.0
1777890678.2473323,0.0,-1.0,-75.0
1777890678.2573323,0.0,-2.0,-80.0
1777890678.2673323,1.0,0.0,-86.0
1777890678.2773323,5.0,-2.0,-81.0
1777890678.2873323,5.0,-2.0,-81.0
1777890678.2973323,0.0,-2.0,-80.0
1777890678.3073325,0.0,1.0,-74.0
1777890678.3173325,0.0,0.0,-75.0
1777890678.3273325,1.0,-2.0,-78.0
1777890678.3373325,0.0,-3.0,-75.0
1777890678.3473325,-2.0,-2.0,-72.0
1777890678.3573325,0.0,-2.0,-71.0
1777890678.3673325,1.0,1.0,-69.0
1777890678.3773324,3.0,1.0,-72.0
1777890678.3873324,0.0,0.0,-72.0
1777890678.3973324,-1.0,-2.0,-71.0
1777890678.4073324,0.0,0.0,-73.0
1777890678.4173324,-3.0,0.0,-75.0
1777890678.4273324,-4.0,0.0,-78.0
1777890678.4373324,-5.0,0.0,-72.0
1777890678.4473324,0.0,0.0,-63.0
1777890678.4573324,4.0,-2.0,-69.0
1777890678.4673324,3.0,-1.0,-74.0
1777890678.4773324,2.0,0.0,-81.0
1777890678.4873323,4.0,-3.0,-75.0
1777890678.4973323,0.0,-3.0,-73.0
1777890678.5073323,-3.0,-6.0,-70.0
1777890678.5173323,-4.0,-7.0,-67.0
1777890678.5273323,-1.0,-5.0,-66.0
1777890678.5373323,1.0,-9.0,-70.0
1777890678.5473323,5.0,-7.0,-70.0
1777890678.5573325,1.0,-7.0,-73.0
1777890678.5673325,1.0,-4.0,-68.0
1777890678.5773325,2.0,-5.0,-71.0
1777890678.5873325,2.0,-3.0,-73.0
1777890678.5973325,6.0,-2.0,-75.0
1777890678.6073325,4.0,0.0,-81.0
1777890678.6173325,1.0,0.0,-67.0
1777890678.6273324,0.0,-3.0,-63.0
1777890678.6373324,0.0,2.0,-60.0
1777890678.6473324,0.0,1.0,-65.0
1777890678.6573324,0.0,0.0,-69.0
1777890678.6673324,0.0,-4.0,-78.0
1777890678.6773324,1.0,-2.0,-76.0
1777890678.6873324,2.0,-2.0,-77.0
1777890678.6973324,1.0,-6.0,-79.0
1777890678.7073324,1.0,1.0,-84.0
1777890678.7173324,0.0,3.0,-84.0
1777890678.7273324,-1.0,2.0,-78.0
1777890678.7373323,-4.0,-2.0,-71.0
1777890678.7473323,-7.0,-7.0,-71.0
1777890678.7573323,-4.0,-7.0,-68.0
1777890678.7673323,-3.0,-6.0,-68.0
1777890678.7773323,-6.0,-5.0,-72.0
1777890678.7873323,-5.0,-3.0,-75.0
1777890678.7973323,-4.0,-4.0,-66.0
1777890678.8073325,2.0,-2.0,-74.0
1777890678.8173325,4.0,0.0,-76.0
1777890678.8273325,2.0,-3.0,-69.0
1777890678.8373325,0.0,-3.0,-64.0
1777890678.8473325,2.0,-3.0,-63.0
1777890678.8573325,4.0,1.0,-62.0
1777890678.8673325,4.0,0.0,-63.0
1777890678.8773324,7.0,-5.0,-70.0
1777890678.8873324,5.0,-6.0,-75.0
1777890678.8983324,1.0,-6.0,-75.0
1777890678.9083323,2.0,-8.0,-80.0
1777890678.9183323,5.0,-10.0,-76.0
1777890678.9283323,3.0,-8.0,-73.0
1777890678.9383323,0.0,-7.0,-71.0
1777890678.9483323,2.0,-6.0,-79.0
1777890678.9583323,6.0,-4.0,-79.0
1777890678.9683323,4.0,-2.0,-79.0
1777890678.9783323,3.0,-3.0,-77.0
1777890678.9883325,4.0,-5.0,-75.0
1777890678.9983325,6.0,-10.0,-83.0
1777890679.0083325,1.0,-9.0,-79.0
1777890679.0183325,2.0,-5.0,-71.0
1777890679.0283325,2.0,-3.0,-75.0
1777890679.0383325,0.0,-1.0,-75.0
1777890679.0483325,0.0,-2.0,-75.0
1777890679.0583324,0.0,0.0,-73.0
1777890679.0683324,0.0,-1.0,-70.0
1777890679.0783324,-3.0,-6.0,-65.0
1777890679.0883324,-3.0,-3.0,-67.0
1777890679.0983324,-4.0,-2.0,-69.0
1777890679.1083324,1.0,-1.0,-77.0
1777890679.1183324,6.0,0.0,-73.0
1777890679.1283324,5.0,-2.0,-77.0
1777890679.1383324,1.0,-5.0,-79.0
1777890679.1483324,-1.0,-7.0,-75.0
1777890679.1583323,-1.0,-5.0,-75.0
1777890679.1683323,0.0,-5.0,-75.0
1777890679.1783323,1.0,-4.0,-70.0
1777890679.1883323,2.0,-3.0,-73.0
1777890679.1983323,3.0,-5.0,-78.0
1777890679.2083323,9.0,-6.0,-82.0
1777890679.2183323,5.0,-5.0,-81.0
1777890679.2283323,2.0,-6.0,-80.0
1777890679.2383325,2.0,-4.0,-80.0
1777890679.2483325,0.0,-4.0,-76.0
1777890679.2583325,0.0,-4.0,-75.0
1777890679.2683325,2.0,-8.0,-81.0
1777890679.2783325,0.0,-4.0,-83.0
1777890679.2883325,-2.0,-4.0,-83.0
1777890679.2983325,-8.0,-4.0,-77.0
1777890679.3083324,-8.0,-4.0,-69.0
1777890679.3183324,-9.0,-3.0,-74.0
1777890679.3283324,-2.0,-5.0,-79.0
1777890679.3383324,-1.0,-5.0,-81.0
1777890679.3483324,0.0,-8.0,-84.0
1777890679.3583324,0.0,-6.0,-87.0
1777890679.3683324,3.0,-1.0,-87.0
1777890679.3783324,5.0,4.0,-89.0
1777890679.3883324,1.0,5.0,-87.0
1777890679.3983324,0.0,3.0,-88.0
1777890679.4083323,3.0,3.0,-81.0
1777890679.4183323,0.0,2.0,-79.0
1777890679.4283323,0.0,0.0,-76.0
1777890679.4383323,-5.0,1.0,-82.0
1777890679.4483323,-4.0,3.0,-77.0
1777890679.4583323,-2.0,0.0,-76.0
1777890679.4683323,0.0,-3.0,-76.0
1777890679.4783323,3.0,-4.0,-77.0
1777890679.4883325,2.0,-2.0,-80.0
1777890679.4983325,0.0,0.0,-83.0
1777890679.5083325,-1.0,3.0,-87.0
1777890679.5183325,3.0,6.0,-76.0
1777890679.5283325,8.0,5.0,-74.0
1777890679.5383325,9.0,4.0,-74.0
1777890679.5483325,6.0,2.0,-65.0
1777890679.5583324,2.0,0.0,-63.0
1777890679.5683324,0.0,0.0,-56.0
1777890679.5783324,0.0,0.0,-56.0
1777890679.5883324,0.0,0.0,-59.0
1777890679.5983324,3.0,0.0,-67.0
1777890679.6083324,2.0,-3.0,-66.0
1777890679.6183324,-2.0,-3.0,-68.0
1777890679.6283324,-4.0,-4.0,-68.0
1777890679.6383324,1.0,-5.0,-67.0
1777890679.6483324,0.0,-2.0,-63.0
1777890679.6583323,1.0,-1.0,-62.0
1777890679.6683323,2.0,0.0,-69.0
1777890679.6783323,-2.0,-1.0,-75.0
1777890679.6883323,-2.0,-4.0,-68.0
1777890679.6983323,-2.0,-4.0,-78.0
1777890679.7083323,0.0,-3.0,-76.0
1777890679.7183323,0.0,-1.0,-74.0
1777890679.7283323,-1.0,0.0,-77.0
1777890679.7383325,-3.0,1.0,-76.0
1777890679.7483325,-2.0,1.0,-71.0
1777890679.7583325,-2.0,-1.0,-74.0
1777890679.7683325,-3.0,0.0,-77.0
1777890679.7783325,2.0,-1.0,-74.0
1777890679.7883325,8.0,-4.0,-69.0
1777890679.7983325,11.0,-4.0,-67.0
1777890679.8083324,8.0,-2.0,-71.0
1777890679.8183324,8.0,-5.0,-71.0
1777890679.8283324,4.0,-6.0,-70.0
1777890679.8383324,0.0,-5.0,-69.0
1777890679.8483324,0.0,-5.0,-70.0
1777890679.8583324,0.0,-4.0,-73.0
1777890679.8683324,0.0,-5.0,-79.0
1777890679.8783324,1.0,-11.0,-78.0
1777890679.8883324,-1.0,-9.0,-77.0
1777890679.8983324,-1.0,-7.0,-76.0
1777890679.9083323,-3.0,-3.0,-73.0
1777890679.9183323,-6.0,-5.0,-73.0
1777890679.9283323,-8.0,-4.0,-74.0
1777890679.9383323,-3.0,0.0,-74.0
1777890679.9483323,-4.0,-3.0,-75.0
1777890679.9583323,-3.0,-1.0,-80.0
1777890679.9683323,2.0,-4.0,-78.0
1777890679.9783323,0.0,-4.0,-76.0
1777890679.9883325,-3.0,-3.0,-77.0
1777890679.9983325,0.0,-3.0,-72.0
1777890680.0083325,0.0,-2.0,-71.0
1777890680.0183325,3.0,0.0,-73.0
1777890680.0283325,2.0,-2.0,-69.0
1777890680.0393324,8.0,-1.0,-72.0
1777890680.0483325,6.0,2.0,-76.0
1777890680.0583324,3.0,2.0,-76.0
1777890680.0683324,2.0,0.0,-79.0
1777890680.0783324,-2.0,1.0,-78.0
1777890680.0883324,1.0,-1.0,-76.0
1777890680.0983324,-2.0,-4.0,-78.0
1777890680.1083324,0.0,-3.0,-73.0
1777890680.1183324,0.0,-6.0,-70.0
1777890680.1283324,0.0,-6.0,-69.0
1777890680.1383324,2.0,-3.0,-72.0
1777890680.1483324,2.0,-2.0,-68.0
1777890680.1583323,1.0,1.0,-63.0
1777890680.1683323,1.0,3.0,-68.0
1777890680.1783323,0.0,1.0,-74.0
1777890680.1883323,4.0,2.0,-80.0
1777890680.1983323,7.0,2.0,-77.0
1777890680.2083323,6.0,0.0,-69.0
1777890680.2183323,7.0,2.0,-76.0
1777890680.2283323,4.0,-3.0,-79.0
1777890680.2383325,3.0,-3.0,-82.0
1777890680.2483325,0.0,-5.0,-82.0
1777890680.2583325,0.0,-2.0,-75.0
1777890680.2683325,2.0,-5.0,-77.0
1777890680.2783325,3.0,-5.0,-73.0
1777890680.2883325,2.0,-3.0,-69.0
1777890680.2983325,0.0,-3.0,-75.0
1777890680.3083324,-2.0,-1.0,-75.0
1777890680.3183324,-1.0,-1.0,-78.0
1777890680.3283324,-1.0,0.0,-79.0
1777890680.3383324,-2.0,0.0,-85.0
1777890680.3483324,-5.0,0.0,-84.0
1777890680.3583324,-3.0,-3.0,-85.0
1777890680.3683324,-2.0,-7.0,-84.0
1777890680.3783324,-5.0,-6.0,-84.0
1777890680.3883324,-5.0,-8.0,-84.0
1777890680.3983324,-3.0,-3.0,-81.0
1777890680.4083323,-1.0,-6.0,-80.0
1777890680.4183323,-2.0,-9.0,-84.0
1777890680.4283323,-4.0,-10.0,-81.0
1777890680.4383323,-8.0,-7.0,-73.0
1777890680.4483323,-5.0,-7.0,-78.0
1777890680.4583323,-2.0,-7.0,-81.0
1777890680.4683323,0.0,-5.0,-78.0
1777890680.4783323,-2.0,-6.0,-78.0
1777890680.4883325,-4.0,-2.0,-76.0
1777890680.4983325,-1.0,-4.0,-81.0
1777890680.5083325,-6.0,-5.0,-78.0
1777890680.5183325,-8.0,0.0,-78.0
1777890680.5283325,-4.0,-1.0,-79.0
1777890680.5383325,3.0,-1.0,-85.0
1777890680.5483325,4.0,-2.0,-81.0
1777890680.5583324,6.0,3.0,-79.0
1777890680.5683324,3.0,5.0,-78.0
1777890680.5783324,1.0,3.0,-83.0
1777890680.5883324,-1.0,-2.0,-82.0
1777890680.5983324,-1.0,-1.0,-76.0
1777890680.6083324,-2.0,-1.0,-73.0
1777890680.6183324,-2.0,-3.0,-70.0
1777890680.6283324,-1.0,-4.0,-70.0
1777890680.6383324,-5.0,-5.0,-72.0
1777890680.6483324,-4.0,-8.0,-68.0
1777890680.6583323,1.0,-6.0,-68.0
1777890680.6683323,5.0,-4.0,-72.0
1777890680.6783323,5.0,-9.0,-69.0
1777890680.6883323,2.0,-9.0,-74.0
1777890680.6983323,5.0,-5.0,-75.0
1777890680.7083323,7.0,0.0,-75.0
1777890680.7183323,3.0,-2.0,-70.0
1777890680.7283323,0.0,-3.0,-78.0
1777890680.7383325,0.0,-2.0,-75.0
1777890680.7483325,-2.0,-1.0,-76.0
1777890680.7583325,-4.0,0.0,-78.0
1777890680.7683325,-4.0,-2.0,-81.0
1777890680.7783325,-5.0,-2.0,-74.0
1777890680.7883325,-4.0,-2.0,-72.0
1777890680.7983325,-1.0,-1.0,-72.0
1777890680.8083324,0.0,-3.0,-70.0
1777890680.8183324,-4.0,-3.0,-66.0
1777890680.8283324,-2.0,-2.0,-64.0
1777890680.8383324,-2.0,-5.0,-68.0
1777890680.8483324,-6.0,-3.0,-71.0
1777890680.8583324,-6.0,-6.0,-75.0
1777890680.8693323,-8.0,-6.0,-77.0
1777890680.8783324,-6.0,-8.0,-76.0
1777890680.8893323,0.0,-9.0,-74.0
1777890680.8993323,0.0,-10.0,-75.0
1777890680.9093325,0.0,-8.0,-77.0
1777890680.9193325,4.0,-6.0,-86.0
1777890680.9293325,6.0,-2.0,-90.0
1777890680.9393325,6.0,0.0,-87.0
1777890680.9493325,5.0,-1.0,-86.0
1777890680.9593325,2.0,-5.0,-84.0
1777890680.9693325,-1.0,-5.0,-83.0
1777890680.9793324,-2.0,0.0,-75.0
1777890680.9893324,0.0,1.0,-74.0
1777890680.9993324,-4.0,1.0,-78.0
1777890681.0093324,-3.0,2.0,-83.0
1777890681.0193324,2.0,2.0,-81.0
1777890681.0293324,3.0,0.0,-84.0
1777890681.0393324,3.0,-2.0,-76.0
1777890681.0493324,1.0,-2.0,-74.0
1777890681.0593324,0.0,1.0,-70.0
1777890681.0693324,-2.0,4.0,-70.0
1777890681.0793324,-3.0,1.0,-68.0
1777890681.0893323,-3.0,0.0,-70.0
1777890681.0993323,-2.0,0.0,-75.0
1777890681.1093323,-7.0,-2.0,-71.0
1777890681.1193323,-9.0,-2.0,-71.0
1777890681.1293323,-4.0,0.0,-70.0
1777890681.1393323,0.0,2.0,-78.0
1777890681.1493323,3.0,2.0,-80.0
1777890681.1593325,3.0,4.0,-76.0
1777890681.1693325,1.0,5.0,-77.0
1777890681.1793325,1.0,6.0,-86.0
1777890681.1893325,2.0,9.0,-89.0
1777890681.1993325,-1.0,7.0,-87.0
1777890681.2093325,0.0,2.0,-85.0
1777890681.2193325,0.0,4.0,-82.0
1777890681.2293324,-2.0,4.0,-81.0
1777890681.2393324,-3.0,4.0,-78.0
1777890681.2493324,-4.0,2.0,-70.0
1777890681.2593324,-4.0,2.0,-67.0
1777890681.2693324,-3.0,5.0,-71.0
1777890681.2793324,-2.0,2.0,-75.0
1777890681.2893324,0.0,5.0,-79.0
1777890681.2993324,-5.0,4.0,-86.0
1777890681.3093324,-5.0,0.0,-85.0
1777890681.3193324,-4.0,-6.0,-81.0
1777890681.3293324,2.0,-5.0,-87.0
1777890681.3393323,5.0,-1.0,-81.0
1777890681.3493323,5.0,1.0,-77.0
1777890681.3593323,1.0,-2.0,-72.0
1777890681.3693323,1.0,1.0,-73.0
1777890681.3793323,-1.0,0.0,-70.0
1777890681.3893323,2.0,-1.0,-74.0
1777890681.3993323,3.0,-4.0,-70.0
1777890681.4093325,-2.0,-4.0,-62.0
1777890681.4193325,-5.0,-7.0,-61.0
1777890681.4293325,-4.0,-2.0,-69.0
1777890681.4393325,1.0,-3.0,-75.0
1777890681.4493325,-3.0,-3.0,-79.0
1777890681.4593325,-4.0,-3.0,-83.0
1777890681.4693325,-2.0,0.0,-77.0
1777890681.4793324,0.0,3.0,-73.0
1777890681.4893324,1.0,-1.0,-72.0
1777890681.4993324,0.0,0.0,-76.0
1777890681.5093324,0.0,1.0,-75.0
1777890681.5193324,-2.0,-1.0,-76.0
1777890681.5293324,-2.0,-2.0,-81.0
1777890681.5393324,-1.0,0.0,-81.0
1777890681.5493324,1.0,0.0,-77.0
1777890681.5593324,-3.0,0.0,-74.0
1777890681.5693324,-2.0,0.0,-73.0
1777890681.5793324,1.0,-3.0,-74.0
1777890681.5893323,3.0,-1.0,-72.0
1777890681.5993323,5.0,-5.0,-69.0
1777890681.6093323,6.0,-1.0,-68.0
1777890681.6193323,4.0,-1.0,-65.0
1777890681.6293323,4.0,-3.0,-65.0
1777890681.6393323,5.0,0.0,-65.0
1777890681.6493323,3.0,3.0,-72.0
1777890681.6593325,0.0,0.0,-74.0
1777890681.6693325,-5.0,0.0,-78.0
1777890681.6793325,-1.0,-3.0,-77.0
1777890681.6893325,0.0,0.0,-72.0
1777890681.6993325,-1.0,2.0,-77.0
1777890681.7093325,2.0,2.0,-74.0
1777890681.7193325,2.0,-1.0,-70.0
1777890681.7293324,1.0,-1.0,-69.0
1777890681.7393324,1.0,-2.0,-71.0
1777890681.7493324,0.0,0.0,-70.0
1777890681.7593324,1.0,3.0,-75.0
1777890681.7693324,-1.0,4.0,-70.0
1777890681.7793324,1.0,6.0,-74.0
1777890681.7893324,-1.0,2.0,-77.0
1777890681.7993324,0.0,0.0,-77.0
1777890681.8093324,0.0,1.0,-79.0
1777890681.8193324,2.0,0.0,-79.0
1777890681.8293324,0.0,5.0,-82.0
1777890681.8393323,-3.0,2.0,-79.0
1777890681.8493323,-2.0,0.0,-77.0
1777890681.8593323,0.0,-1.0,-77.0
1777890681.8693323,0.0,-7.0,-74.0
1777890681.8793323,2.0,-11.0,-65.0
1777890681.8893323,6.0,-7.0,-67.0
1777890681.8993323,10.0,-5.0,-68.0
1777890681.9093325,10.0,-8.0,-64.0
1777890681.9193325,7.0,-8.0,-71.0
1777890681.9293325,6.0,-5.0,-75.0
1777890681.9393325,8.0,-5.0,-71.0
1777890681.9493325,9.0,-3.0,-77.0
1777890681.9593325,4.0,0.0,-85.0
1777890681.9693325,-1.0,0.0,-78.0
1777890681.9793324,1.0,0.0,-70.0
1777890681.9893324,1.0,-1.0,-71.0
1777890681.9993324,3.0,-3.0,-71.0
1777890682.0093324,3.0,-1.0,-69.0
1777890682.0193324,4.0,0.0,-73.0
1777890682.0293324,2.0,-3.0,-74.0
1777890682.0393324,3.0,-6.0,-72.0
1777890682.0493324,0.0,-2.0,-72.0
1777890682.0593324,-2.0,0.0,-78.0
1777890682.0693324,-4.0,1.0,-73.0
1777890682.0793324,-6.0,-1.0,-64.0
1777890682.0893323,-5.0,-3.0,-63.0
1777890682.0993323,-4.0,0.0,-62.0
1777890682.1093323,-3.0,0.0,-72.0
1777890682.1193323,-2.0,-8.0,-75.0
1777890682.1293323,-6.0,-11.0,-75.0
1777890682.1393323,-3.0,-2.0,-80.0
1777890682.1493323,0.0,-1.0,-81.0
1777890682.1593325,0.0,-1.0,-81.0
1777890682.1693325,3.0,-2.0,-78.0
1777890682.1793325,1.0,-1.0,-76.0
1777890682.1893325,-3.0,-2.0,-75.0
1777890682.1993325,-5.0,-2.0,-73.0
1777890682.2103324,0.0,-1.0,-73.0
1777890682.2193325,-1.0,2.0,-77.0
1777890682.2293324,-2.0,5.0,-76.0
1777890682.2393324,-1.0,2.0,-80.0
1777890682.2493324,0.0,2.0,-80.0
1777890682.2593324,5.0,-2.0,-76.0
1777890682.2693324,2.0,2.0,-75.0
1777890682.2793324,6.0,2.0,-74.0
1777890682.2893324,3.0,4.0,-80.0
1777890682.2993324,2.0,4.0,-80.0
1777890682.3093324,6.0,5.0,-77.0
1777890682.3193324,5.0,5.0,-72.0
1777890682.3293324,2.0,3.0,-68.0
1777890682.3393323,2.0,-1.0,-71.0
1777890682.3493323,5.0,-2.0,-74.0
1777890682.3593323,2.0,-3.0,-79.0
1777890682.3693323,2.0,-2.0,-75.0
1777890682.3793323,-3.0,-7.0,-77.0
1777890682.3893323,-3.0,-6.0,-75.0
1777890682.3993323,-4.0,-7.0,-70.0
1777890682.4093325,-5.0,-7.0,-69.0
1777890682.4193325,0.0,-5.0,-67.0
1777890682.4293325,0.0,0.0,-71.0
1777890682.4393325,1.0,0.0,-67.0
1777890682.4493325,1.0,0.0,-63.0
1777890682.4593325,1.0,0.0,-68.0
1777890682.4693325,2.0,0.0,-75.0
1777890682.4793324,7.0,-1.0,-78.0
1777890682.4893324,4.0,-1.0,-79.0
1777890682.4993324,4.0,-1.0,-80.0
1777890682.5093324,7.0,-4.0,-79.0
1777890682.5193324,7.0,-6.0,-75.0
1777890682.5293324,6.0,-7.0,-69.0
1777890682.5393324,7.0,-8.0,-72.0
1777890682.5493324,3.0,-5.0,-72.0
1777890682.5593324,5.0,-4.0,-77.0
1777890682.5693324,2.0,-1.0,-74.0
1777890682.5793324,1.0,-3.0,-72.0
1777890682.5893323,3.0,-4.0,-72.0
1777890682.5993323,7.0,-3.0,-75.0
1777890682.6093323,6.0,-4.0,-75.0
1777890682.6193323,7.0,0.0,-77.0
1777890682.6293323,3.0,0.0,-78.0
1777890682.6393323,4.0,2.0,-75.0
1777890682.6493323,2.0,-3.0,-73.0
1777890682.6593325,3.0,-2.0,-73.0
1777890682.6693325,0.0,-2.0,-71.0
1777890682.6793325,3.0,-5.0,-72.0
1777890682.6893325,0.0,-5.0,-75.0
1777890682.6993325,4.0,-1.0,-77.0
1777890682.7093325,4.0,-6.0,-77.0
1777890682.7193325,3.0,-6.0,-77.0
1777890682.7293324,0.0,-7.0,-80.0
1777890682.7393324,-2.0,-3.0,-80.0
1777890682.7493324,0.0,-2.0,-80.0
1777890682.7593324,4.0,-4.0,-78.0
1777890682.7693324,4.0,-6.0,-69.0
1777890682.7793324,4.0,-5.0,-67.0
1777890682.7893324,1.0,-6.0,-60.0
1777890682.7993324,0.0,-9.0,-56.0
1777890682.8093324,2.0,-5.0,-55.0
1777890682.8193324,1.0,-1.0,-60.0
1777890682.8293324,0.0,-1.0,-56.0
1777890682.8393323,0.0,-5.0,-63.0
1777890682.8493323,2.0,-4.0,-72.0
1777890682.8593323,0.0,-5.0,-72.0
1777890682.8693323,-3.0,-3.0,-69.0
1777890682.8803325,0.0,0.0,-71.0
1777890682.8903325,3.0,1.0,-75.0
1777890682.9003325,1.0,2.0,-68.0
1777890682.9103324,0.0,-1.0,-68.0
1777890682.9203324,3.0,0.0,-71.0
1777890682.9303324,4.0,1.0,-71.0
1777890682.9403324,2.0,1.0,-70.0
1777890682.9503324,4.0,3.0,-76.0
1777890682.9603324,2.0,1.0,-80.0
1777890682.9703324,0.0,0.0,-73.0
1777890682.9803324,-1.0,1.0,-72.0
1777890682.9903324,0.0,4.0,-79.0
1777890683.0003324,-5.0,4.0,-80.0
1777890683.0103323,-4.0,3.0,-79.0
1777890683.0203323,-4.0,1.0,-80.0
1777890683.0303323,0.0,1.0,-75.0
1777890683.0403323,5.0,-2.0,-73.0
1777890683.0503323,2.0,-3.0,-70.0
1777890683.0603323,0.0,-2.0,-67.0
1777890683.0703323,2.0,-2.0,-71.0
1777890683.0803325,2.0,-4.0,-72.0
1777890683.0903325,3.0,-6.0,-71.0
1777890683.1003325,5.0,-2.0,-67.0
1777890683.1103325,7.0,-1.0,-62.0
1777890683.1203325,6.0,-2.0,-65.0
1777890683.1303325,5.0,0.0,-68.0
1777890683.1403325,3.0,0.0,-64.0
1777890683.1503325,0.0,4.0,-65.0
1777890683.1603324,-2.0,7.0,-63.0
1777890683.1703324,1.0,3.0,-71.0
1777890683.1803324,0.0,3.0,-78.0
1777890683.1903324,0.0,1.0,-73.0
1777890683.2003324,2.0,-1.0,-79.0
1777890683.2103324,0.0,-3.0,-73.0
1777890683.2203324,1.0,-2.0,-76.0
1777890683.2303324,0.0,-5.0,-75.0
1777890683.2403324,4.0,-6.0,-73.0
1777890683.2503324,7.0,-6.0,-70.0
1777890683.2603323,5.0,-5.0,-67.0
1777890683.2703323,7.0,-1.0,-71.0
1777890683.2803323,7.0,2.0,-72.0
1777890683.2903323,5.0,0.0,-79.0
1777890683.3003323,1.0,2.0,-84.0
1777890683.3103323,-1.0,1.0,-76.0
1777890683.3203323,0.0,0.0,-75.0
1777890683.3303325,-2.0,-1.0,-67.0
1777890683.3403325,-2.0,-5.0,-70.0
1777890683.3503325,-4.0,-6.0,-63.0
1777890683.3603325,-4.0,-10.0,-69.0
1777890683.3703325,-3.0,-8.0,-70.0
1777890683.3803325,-2.0,-1.0,-72.0
1777890683.3903325,-2.0,-1.0,-77.0
1777890683.4003325,0.0,-4.0,-77.0
1777890683.4103324,5.0,-4.0,-72.0
1777890683.4203324,4.0,-1.0,-74.0
1777890683.4303324,0.0,-5.0,-68.0
1777890683.4403324,0.0,-5.0,-63.0
1777890683.4503324,0.0,0.0,-59.0
1777890683.4603324,1.0,3.0,-67.0
1777890683.4703324,1.0,0.0,-70.0
1777890683.4803324,1.0,-3.0,-71.0
1777890683.4903324,0.0,0.0,-67.0
1777890683.5003324,-1.0,-1.0,-67.0
1777890683.5103323,0.0,-2.0,-64.0
1777890683.5203323,1.0,1.0,-61.0
1777890683.5303323,0.0,-1.0,-66.0
1777890683.5403323,-4.0,0.0,-67.0
1777890683.5503323,2.0,0.0,-63.0
1777890683.5603323,2.0,0.0,-64.0
1777890683.5703323,2.0,0.0,-66.0
1777890683.5803325,2.0,0.0,-63.0
1777890683.5903325,5.0,0.0,-66.0
1777890683.6003325,2.0,-2.0,-63.0
1777890683.6103325,2.0,-2.0,-68.0
1777890683.6203325,3.0,-5.0,-70.0
1777890683.6303325,2.0,-1.0,-74.0
1777890683.6403325,1.0,1.0,-76.0
1777890683.6503325,-2.0,5.0,-75.0
1777890683.6603324,-5.0,3.0,-76.0
1777890683.6703324,-2.0,3.0,-82.0
1777890683.6803324,0.0,3.0,-84.0
1777890683.6903324,0.0,4.0,-83.0
1777890683.7003324,-3.0,3.0,-75.0
1777890683.7103324,0.0,0.0,-77.0
1777890683.7203324,-2.0,1.0,-74.0
1777890683.7303324,-2.0,3.0,-72.0
1777890683.7403324,-3.0,1.0,-75.0
1777890683.7503324,4.0,-1.0,-81.0
1777890683.7603323,5.0,1.0,-76.0
1777890683.7703323,5.0,0.0,-75.0
1777890683.7803323,2.0,0.0,-77.0
1777890683.7903323,1.0,0.0,-81.0
1777890683.8003323,0.0,-4.0,-81.0
1777890683.8103323,2.0,-8.0,-77.0
1777890683.8203323,6.0,-5.0,-75.0
1777890683.8303325,9.0,0.0,-72.0
1777890683.8403325,5.0,4.0,-69.0
1777890683.8503325,5.0,2.0,-69.0
1777890683.8603325,9.0,5.0,-74.0
1777890683.8703325,10.0,5.0,-75.0
1777890683.8803325,3.0,0.0,-74.0
1777890683.8903325,3.0,0.0,-74.0
1777890683.9003325,2.0,4.0,-79.0
1777890683.9103324,1.0,3.0,-75.0
1777890683.9203324,2.0,0.0,-73.0
1777890683.9303324,0.0,-1.0,-74.0
1777890683.9403324,-1.0,-5.0,-77.0
1777890683.9503324,-1.0,-4.0,-79.0
1777890683.9603324,0.0,-3.0,-81.0
1777890683.9703324,0.0,-8.0,-83.0
1777890683.9803324,4.0,-7.0,-82.0
1777890683.9903324,0.0,-4.0,-75.0
1777890684.0003324,3.0,-3.0,-74.0
1777890684.0103323,5.0,-4.0,-68.0
1777890684.0203323,1.0,-3.0,-70.0
1777890684.0303323,1.0,-3.0,-69.0
1777890684.0403323,2.0,-4.0,-69.0
1777890684.0503323,1.0,-4.0,-76.0
1777890684.0603323,1.0,-7.0,-79.0
1777890684.0703323,-1.0,-2.0,-79.0
1777890684.0803325,-2.0,0.0,-79.0
1777890684.0903325,0.0,-2.0,-77.0
1777890684.1003325,2.0,-5.0,-69.0
1777890684.1103325,7.0,-4.0,-67.0
1777890684.1203325,8.0,-6.0,-69.0
1777890684.1303325,7.0,-3.0,-71.0
1777890684.1403325,1.0,-2.0,-66.0
1777890684.1503325,0.0,-5.0,-66.0
1777890684.1603324,-1.0,-2.0,-70.0
1777890684.1703324,1.0,-1.0,-69.0
1777890684.1803324,3.0,-3.0,-66.0
1777890684.1903324,5.0,-3.0,-74.0
1777890684.2003324,4.0,-3.0,-76.0
1777890684.2103324,3.0,-4.0,-71.0
1777890684.2203324,2.0,-6.0,-73.0
1777890684.2303324,2.0,-6.0,-83.0
1777890684.2403324,1.0,-5.0,-84.0
1777890684.2503324,1.0,-3.0,-81.0
1777890684.2603323,1.0,-3.0,-81.0
1777890684.2703323,0.0,0.0,-80.0
1777890684.2803323,-1.0,-3.0,-78.0
1777890684.2903323,0.0,-3.0,-84.0
1777890684.3003323,-1.0,-1.0,-74.0
1777890684.3103323,-3.0,-4.0,-75.0
1777890684.3203323,-5.0,-10.0,-78.0
1777890684.3303325,-8.0,-8.0,-75.0
1777890684.3403325,-8.0,-7.0,-68.0
1777890684.3503325,-6.0,-7.0,-67.0
1777890684.3603325,-4.0,-5.0,-68.0
1777890684.3703325,-6.0,-4.0,-62.0
1777890684.3803325,-2.0,-5.0,-66.0
1777890684.3903325,0.0,-1.0,-69.0
1777890684.4003325,4.0,-2.0,-70.0
1777890684.4103324,0.0,-1.0,-69.0
1777890684.4203324,0.0,2.0,-67.0
1777890684.4303324,-1.0,0.0,-65.0
1777890684.4403324,-5.0,-5.0,-64.0
1777890684.4503324,-3.0,-3.0,-64.0
1777890684.4603324,-5.0,0.0,-70.0
1777890684.4703324,-6.0,0.0,-67.0
1777890684.4803324,-2.0,-2.0,-63.0
1777890684.4903324,-5.0,0.0,-69.0
1777890684.5003324,-2.0,2.0,-68.0
1777890684.5103323,-2.0,0.0,-73.0
1777890684.5203323,1.0,0.0,-71.0
1777890684.5303323,1.0,0.0,-73.0
1777890684.5403323,2.0,0.0,-67.0
1777890684.5503323,1.0,0.0,-72.0
1777890684.5603323,-2.0,1.0,-75.0
1777890684.5703323,-6.0,2.0,-72.0
1777890684.5803325,-3.0,0.0,-68.0
1777890684.5903325,-1.0,0.0,-75.0
1777890684.6003325,-4.0,-8.0,-85.0
1777890684.6103325,-5.0,-4.0,-83.0
1777890684.6203325,-6.0,-8.0,-78.0
1777890684.6303325,-1.0,-9.0,-80.0
1777890684.6403325,-4.0,-12.0,-79.0
1777890684.6503325,1.0,-7.0,-82.0
1777890684.6603324,-1.0,-3.0,-79.0
1777890684.6703324,2.0,0.0,-69.0
1777890684.6803324,2.0,3.0,-75.0
1777890684.6903324,0.0,5.0,-71.0
1777890684.7003324,3.0,1.0,-65.0
1777890684.7103324,5.0,0.0,-66.0
1777890684.7203324,1.0,-1.0,-66.0
1777890684.7303324,2.0,-1.0,-67.0
1777890684.7403324,0.0,-7.0,-70.0
1777890684.7503324,-4.0,-9.0,-65.0
1777890684.7603323,-5.0,-6.0,-62.0
1777890684.7703323,-2.0,-4.0,-65.0
1777890684.7803323,1.0,-3.0,-65.0
1777890684.7903323,3.0,-1.0,-63.0
1777890684.8003323,7.0,0.0,-66.0
1777890684.8103323,5.0,1.0,-68.0
1777890684.8203323,9.0,0.0,-77.0
1777890684.8313324,8.0,0.0,-75.0
1777890684.8413324,7.0,3.0,-69.0
1777890684.8513324,10.0,4.0,-64.0
1777890684.8613324,7.0,-1.0,-66.0
1777890684.8713324,5.0,1.0,-67.0
1777890684.8813324,1.0,2.0,-75.0
1777890684.8913324,1.0,1.0,-75.0
1777890684.9013324,8.0,0.0,-77.0
1777890684.9113324,6.0,-1.0,-77.0
1777890684.9213324,6.0,-5.0,-81.0
1777890684.9313323,3.0,-5.0,-78.0
1777890684.9413323,7.0,-1.0,-75.0
1777890684.9513323,10.0,0.0,-81.0
1777890684.9613323,9.0,0.0,-75.0
1777890684.9713323,4.0,-3.0,-67.0
1777890684.9813323,0.0,-4.0,-65.0
1777890684.9913323,1.0,-2.0,-71.0
1777890685.0013323,-3.0,-8.0,-73.0
1777890685.0113325,-3.0,-4.0,-75.0
1777890685.0213325,0.0,-7.0,-71.0
1777890685.0313325,-1.0,-7.0,-74.0
1777890685.0413325,0.0,-11.0,-80.0
1777890685.0513325,0.0,-10.0,-75.0
1777890685.0613325,0.0,-8.0,-76.0
1777890685.0713325,2.0,-8.0,-75.0
1777890685.0813324,2.0,-5.0,-77.0
1777890685.0913324,0.0,-6.0,-79.0
1777890685.1013324,-2.0,-10.0,-76.0
1777890685.1113324,0.0,-10.0,-80.0
1777890685.1213324,-4.0,-8.0,-83.0
1777890685.1313324,-4.0,0.0,-86.0
1777890685.1413324,-6.0,3.0,-85.0
1777890685.1513324,-1.0,4.0,-82.0
1777890685.1613324,0.0,3.0,-76.0
1777890685.1713324,2.0,2.0,-69.0
1777890685.1813323,2.0,0.0,-68.0
1777890685.1913323,5.0,1.0,-68.0
1777890685.2013323,0.0,5.0,-70.0
1777890685.2113323,-2.0,6.0,-70.0
1777890685.2213323,-5.0,2.0,-65.0
1777890685.2313323,-4.0,-3.0,-68.0
1777890685.2413323,-5.0,0.0,-72.0
1777890685.2513323,-8.0,0.0,-67.0
1777890685.2613325,-8.0,4.0,-66.0
1777890685.2713325,-4.0,3.0,-67.0
1777890685.2813325,-2.0,7.0,-68.0
1777890685.2913325,-5.0,8.0,-60.0
1777890685.3013325,-2.0,6.0,-66.0
1777890685.3113325,4.0,2.0,-72.0
1777890685.3213325,2.0,0.0,-72.0
1777890685.3313324,4.0,2.0,-65.0
1777890685.3413324,3.0,2.0,-59.0
1777890685.3513324,0.0,3.0,-55.0
1777890685.3613324,1.0,5.0,-61.0
1777890685.3713324,0.0,1.0,-64.0
1777890685.3813324,-2.0,1.0,-69.0
1777890685.3913324,0.0,0.0,-74.0
1777890685.4013324,-2.0,-2.0,-83.0
1777890685.4113324,-2.0,0.0,-80.0
1777890685.4213324,0.0,0.0,-78.0
1777890685.4313323,-1.0,-2.0,-77.0
1777890685.4413323,-6.0,0.0,-72.0
1777890685.4513323,-2.0,0.0,-67.0
1777890685.4613323,1.0,0.0,-68.0
1777890685.4713323,3.0,1.0,-62.0
1777890685.4813323,4.0,-1.0,-59.0
1777890685.4913323,2.0,-2.0,-68.0
1777890685.5013323,1.0,-2.0,-66.0
1777890685.5113325,5.0,-1.0,-74.0
1777890685.5213325,8.0,3.0,-75.0
1777890685.5313325,9.0,4.0,-72.0
1777890685.5413325,9.0,1.0,-69.0
1777890685.5513325,8.0,1.0,-65.0
1777890685.5613325,5.0,2.0,-72.0
1777890685.5713325,4.0,1.0,-80.0
1777890685.5813324,4.0,0.0,-81.0
1777890685.5913324,4.0,1.0,-85.0
1777890685.6013324,4.0,0.0,-85.0
1777890685.6113324,7.0,-4.0,-80.0
1777890685.6213324,5.0,-4.0,-79.0
1777890685.6313324,0.0,-1.0,-73.0
1777890685.6413324,-1.0,0.0,-70.0
1777890685.6513324,2.0,1.0,-72.0
1777890685.6613324,0.0,2.0,-70.0
1777890685.6713324,-3.0,-1.0,-67.0
1777890685.6813323,-6.0,-2.0,-68.0
1777890685.6913323,0.0,-1.0,-67.0
1777890685.7013323,-1.0,-4.0,-66.0
1777890685.7113323,0.0,-3.0,-69.0
1777890685.7213323,0.0,2.0,-72.0
1777890685.7313323,2.0,1.0,-73.0
1777890685.7413323,2.0,4.0,-73.0
1777890685.7513323,0.0,4.0,-80.0
1777890685.7613325,0.0,4.0,-76.0
1777890685.7713325,0.0,4.0,-79.0
1777890685.7813325,-3.0,3.0,-77.0
1777890685.7913325,-4.0,5.0,-77.0
1777890685.8013325,-2.0,5.0,-79.0
1777890685.8113325,-1.0,2.0,-70.0
1777890685.8213325,-1.0,0.0,-68.0
1777890685.8313324,-4.0,0.0,-67.0
1777890685.8413324,-1.0,-3.0,-73.0
1777890685.8513324,-1.0,1.0,-69.0
1777890685.8613324,-2.0,3.0,-61.0
1777890685.8713324,2.0,5.0,-62.0
1777890685.8813324,5.0,3.0,-68.0
1777890685.8913324,5.0,2.0,-71.0
1777890685.9013324,0.0,3.0,-74.0
1777890685.9113324,-2.0,3.0,-73.0
1777890685.9213324,-4.0,0.0,-72.0
1777890685.9313323,-3.0,-3.0,-67.0
1777890685.9413323,-3.0,-6.0,-66.0
1777890685.9513323,1.0,-6.0,-68.0
1777890685.9613323,1.0,-6.0,-61.0
1777890685.9713323,1.0,-7.0,-58.0
1777890685.9813323,2.0,-8.0,-60.0
1777890685.9913323,4.0,-9.0,-60.0
1777890686.0013323,4.0,-9.0,-62.0
1777890686.0113325,3.0,-5.0,-59.0
1777890686.0213325,6.0,-4.0,-56.0
1777890686.0313325,6.0,-2.0,-55.0
1777890686.0413325,6.0,-2.0,-65.0
1777890686.0513325,3.0,-2.0,-70.0
1777890686.0613325,2.0,-6.0,-76.0
1777890686.0713325,2.0,-4.0,-78.0
1777890686.0813324,3.0,-3.0,-77.0
1777890686.0913324,1.0,-2.0,-76.0
1777890686.1013324,5.0,-3.0,-78.0
1777890686.1113324,0.0,-1.0,-76.0
1777890686.1213324,-1.0,0.0,-77.0
1777890686.1313324,0.0,2.0,-73.0
1777890686.1413324,0.0,1.0,-72.0
1777890686.1513324,0.0,2.0,-65.0
1777890686.1613324,1.0,4.0,-62.0
1777890686.1713324,4.0,3.0,-65.0
1777890686.1813323,3.0,-1.0,-68.0
1777890686.1913323,0.0,1.0,-75.0
1777890686.2013323,0.0,3.0,-73.0
1777890686.2113323,1.0,3.0,-67.0
1777890686.2213323,2.0,2.0,-61.0
1777890686.2313323,0.0,2.0,-64.0
1777890686.2413323,-1.0,3.0,-70.0
1777890686.2513323,0.0,1.0,-66.0
1777890686.2613325,-1.0,3.0,-68.0
1777890686.2713325,-7.0,4.0,-69.0
1777890686.2813325,-4.0,4.0,-70.0
1777890686.2913325,-4.0,4.0,-77.0
1777890686.3013325,-3.0,-1.0,-77.0
1777890686.3113325,-4.0,-3.0,-77.0
1777890686.3213325,-4.0,0.0,-71.0
1777890686.3313324,-1.0,4.0,-62.0
1777890686.3413324,-1.0,6.0,-67.0
1777890686.3513324,-5.0,4.0,-72.0
1777890686.3613324,-4.0,0.0,-72.0
1777890686.3713324,0.0,4.0,-67.0
1777890686.3813324,0.0,5.0,-65.0
1777890686.3913324,1.0,2.0,-67.0
1777890686.4013324,4.0,2.0,-67.0
1777890686.4113324,0.0,-1.0,-66.0
1777890686.4213324,-3.0,-4.0,-60.0
1777890686.4313323,2.0,-3.0,-68.0
1777890686.4413323,0.0,-4.0,-70.0
1777890686.4513323,2.0,-8.0,-67.0
1777890686.4613323,0.0,-7.0,-69.0
1777890686.4713323,-5.0,-5.0,-69.0
1777890686.4813323,-4.0,-5.0,-74.0
1777890686.4913323,-3.0,-2.0,-70.0
1777890686.5013323,0.0,0.0,-70.0
1777890686.5113325,-1.0,5.0,-74.0
1777890686.5213325,4.0,5.0,-76.0
1777890686.5313325,0.0,0.0,-72.0
1777890686.5413325,1.0,-1.0,-71.0
1777890686.5513325,0.0,-5.0,-74.0
1777890686.5613325,1.0,-2.0,-75.0
1777890686.5713325,4.0,-3.0,-66.0
1777890686.5813324,0.0,-2.0,-56.0
1777890686.5913324,0.0,0.0,-57.0
1777890686.6013324,-1.0,0.0,-64.0
1777890686.6113324,-4.0,1.0,-69.0
1777890686.6213324,0.0,0.0,-75.0
1777890686.6313324,-2.0,-6.0,-78.0
1777890686.6413324,3.0,-5.0,-77.0
1777890686.6513324,0.0,-3.0,-74.0
1777890686.6613324,-2.0,-6.0,-75.0
1777890686.6713324,-1.0,-3.0,-75.0
1777890686.6813323,1.0,-3.0,-76.0
1777890686.6913323,4.0,0.0,-82.0
1777890686.7013323,4.0,-2.0,-78.0
1777890686.7113323,2.0,-1.0,-75.0
1777890686.7213323,0.0,0.0,-71.0
1777890686.7313323,0.0,-1.0,-66.0
1777890686.7413323,3.0,-2.0,-67.0
1777890686.7513323,1.0,-7.0,-71.0
1777890686.7613325,0.0,-4.0,-74.0
1777890686.7713325,-2.0,-4.0,-76.0
1777890686.7813325,-1.0,-5.0,-68.0
1777890686.7913325,1.0,-5.0,-65.0
1777890686.8023324,4.0,-5.0,-61.0
1777890686.8113325,12.0,-7.0,-60.0
1777890686.8213325,7.0,-6.0,-61.0
1777890686.8313324,7.0,-6.0,-63.0
1777890686.8413324,8.0,-4.0,-65.0
1777890686.8523324,6.0,-5.0,-69.0
1777890686.8623323,-1.0,-3.0,-67.0
1777890686.8723323,0.0,-3.0,-63.0
1777890686.8823323,2.0,-1.0,-62.0
1777890686.8923323,1.0,-3.0,-64.0
1777890686.9023323,-1.0,1.0,-61.0
1777890686.9123323,2.0,3.0,-61.0
1777890686.9223323,3.0,4.0,-66.0
1777890686.9323325,0.0,5.0,-71.0
1777890686.9423325,1.0,2.0,-68.0
1777890686.9523325,2.0,1.0,-71.0
1777890686.9623325,4.0,0.0,-72.0
1777890686.9723325,4.0,-1.0,-75.0
1777890686.9823325,1.0,0.0,-77.0
1777890686.9923325,2.0,3.0,-78.0
1777890687.0023324,6.0,1.0,-81.0
1777890687.0123324,1.0,0.0,-84.0
1777890687.0223324,-3.0,0.0,-86.0
1777890687.0323324,-7.0,-1.0,-81.0
1777890687.0423324,-6.0,0.0,-83.0
1777890687.0523324,-5.0,1.0,-77.0
1777890687.0623324,-2.0,0.0,-82.0
1777890687.0723324,-1.0,-3.0,-81.0
1777890687.0823324,0.0,-2.0,-76.0
1777890687.0923324,0.0,-1.0,-74.0
1777890687.1023324,0.0,1.0,-79.0
1777890687.1123323,-2.0,3.0,-76.0
1777890687.1223323,1.0,0.0,-71.0
1777890687.1323323,0.0,0.0,-75.0
1777890687.1423323,0.0,-1.0,-75.0
1777890687.1523323,0.0,-3.0,-75.0
1777890687.1623323,-2.0,-2.0,-68.0
1777890687.1723323,-3.0,-3.0,-71.0
1777890687.1823325,-4.0,-5.0,-66.0
1777890687.1923325,-6.0,-1.0,-68.0
1777890687.2023325,-4.0,1.0,-67.0
1777890687.2123325,0.0,2.0,-74.0
1777890687.2223325,1.0,2.0,-81.0
1777890687.2323325,-2.0,2.0,-78.0
1777890687.2423325,0.0,2.0,-77.0
1777890687.2523324,0.0,2.0,-73.0
1777890687.2623324,2.0,0.0,-69.0
1777890687.2723324,5.0,-1.0,-74.0
1777890687.2823324,2.0,-2.0,-79.0
1777890687.2923324,-1.0,-1.0,-77.0
1777890687.3023324,0.0,0.0,-73.0
1777890687.3123324,2.0,2.0,-75.0
1777890687.3223324,3.0,0.0,-76.0
1777890687.3323324,-2.0,1.0,-67.0
1777890687.3423324,-3.0,5.0,-69.0
1777890687.3523324,0.0,5.0,-70.0
1777890687.3623323,-2.0,5.0,-75.0
1777890687.3723323,0.0,3.0,-74.0
1777890687.3823323,-1.0,5.0,-72.0
1777890687.3923323,2.0,7.0,-71.0
1777890687.4023323,2.0,5.0,-72.0
1777890687.4123323,4.0,3.0,-71.0
1777890687.4223323,0.0,5.0,-74.0
1777890687.4323325,-2.0,2.0,-72.0
1777890687.4423325,-5.0,3.0,-68.0
1777890687.4523325,-3.0,0.0,-74.0
1777890687.4623325,-1.0,-5.0,-72.0
1777890687.4723325,0.0,-6.0,-76.0
1777890687.4823325,1.0,-9.0,-79.0
1777890687.4923325,0.0,-11.0,-84.0
1777890687.5023324,0.0,-10.0,-78.0
1777890687.5123324,0.0,-6.0,-74.0
1777890687.5223324,3.0,1.0,-81.0
1777890687.5323324,2.0,0.0,-80.0
1777890687.5423324,-1.0,-1.0,-77.0
1777890687.5523324,0.0,-2.0,-81.0
1777890687.5623324,2.0,-4.0,-71.0
1777890687.5723324,2.0,-3.0,-71.0
1777890687.5823324,3.0,-1.0,-69.0
1777890687.5923324,7.0,1.0,-71.0
1777890687.6023324,1.0,0.0,-69.0
1777890687.6123323,1.0,0.0,-72.0
1777890687.6223323,-3.0,3.0,-70.0
1777890687.6323323,-7.0,2.0,-75.0
1777890687.6423323,-9.0,2.0,-83.0
1777890687.6523323,-9.0,3.0,-83.0
1777890687.6623323,-4.0,3.0,-78.0
1777890687.6723323,-5.0,-2.0,-69.0
1777890687.6823325,-2.0,-3.0,-67.0
1777890687.6923325,-5.0,-4.0,-68.0
1777890687.7023325,-8.0,-3.0,-70.0
1777890687.7123325,-7.0,-4.0,-71.0
1777890687.7223325,-6.0,-1.0,-78.0
1777890687.7323325,-2.0,0.0,-82.0
1777890687.7423325,1.0,1.0,-78.0
1777890687.7523324,3.0,1.0,-82.0
1777890687.7623324,2.0,4.0,-83.0
1777890687.7723324,4.0,3.0,-79.0
1777890687.7823324,1.0,0.0,-77.0
1777890687.7923324,2.0,0.0,-75.0
1777890687.8023324,4.0,0.0,-76.0
1777890687.8123324,3.0,-1.0,-75.0
1777890687.8223324,7.0,0.0,-76.0
1777890687.8323324,8.0,4.0,-72.0
1777890687.8423324,9.0,5.0,-70.0
1777890687.8523324,4.0,5.0,-74.0
1777890687.8623323,1.0,6.0,-73.0
1777890687.8723323,2.0,5.0,-69.0
1777890687.8823323,1.0,6.0,-71.0
1777890687.8923323,3.0,4.0,-74.0
1777890687.9023323,5.0,4.0,-70.0
1777890687.9123323,8.0,4.0,-71.0
1777890687.9223323,9.0,4.0,-64.0
1777890687.9323325,5.0,1.0,-70.0
1777890687.9423325,4.0,0.0,-73.0
1777890687.9523325,5.0,0.0,-71.0
1777890687.9623325,8.0,0.0,-72.0
1777890687.9723325,7.0,2.0,-70.0
1777890687.9823325,10.0,1.0,-65.0
1777890687.9923325,8.0,0.0,-68.0
1777890688.0023324,8.0,4.0,-70.0
1777890688.0123324,0.0,0.0,-74.0
1777890688.0223324,3.0,-1.0,-61.0
1777890688.0323324,1.0,-5.0,-54.0
1777890688.0423324,1.0,-3.0,-61.0
1777890688.0523324,1.0,-1.0,-64.0
1777890688.0623324,-2.0,0.0,-64.0
1777890688.0723324,3.0,2.0,-64.0
1777890688.0823324,2.0,-1.0,-69.0
1777890688.0923324,0.0,1.0,-73.0
1777890688.1023324,3.0,3.0,-70.0
1777890688.1123323,-3.0,3.0,-75.0
1777890688.1223323,-4.0,3.0,-74.0
1777890688.1323323,-3.0,-2.0,-73.0
1777890688.1423323,0.0,-3.0,-74.0
1777890688.1523323,0.0,0.0,-76.0
1777890688.1623323,1.0,0.0,-71.0
1777890688.1723323,5.0,-3.0,-70.0
1777890688.1823325,5.0,-4.0,-74.0
1777890688.1923325,5.0,-2.0,-75.0
1777890688.2023325,2.0,0.0,-63.0
1777890688.2123325,-1.0,0.0,-53.0
1777890688.2223325,-2.0,-2.0,-57.0
1777890688.2323325,0.0,-1.0,-57.0
1777890688.2423325,-1.0,0.0,-61.0
1777890688.2523324,-4.0,0.0,-66.0
1777890688.2623324,-2.0,-4.0,-67.0
1777890688.2723324,1.0,-1.0,-68.0
1777890688.2823324,6.0,-1.0,-62.0
1777890688.2923324,2.0,-1.0,-63.0
1777890688.3023324,0.0,-7.0,-60.0
1777890688.3123324,-2.0,-1.0,-60.0
1777890688.3223324,0.0,0.0,-65.0
1777890688.3323324,1.0,3.0,-78.0
1777890688.3423324,3.0,4.0,-76.0
1777890688.3523324,0.0,4.0,-77.0
1777890688.3623323,-2.0,4.0,-76.0
1777890688.3723323,-3.0,0.0,-79.0
1777890688.3823323,-1.0,-2.0,-76.0
1777890688.3923323,-1.0,-3.0,-77.0
1777890688.4023323,0.0,-1.0,-76.0
1777890688.4123323,5.0,4.0,-79.0
1777890688.4223323,1.0,7.0,-79.0
1777890688.4323325,-1.0,5.0,-75.0
1777890688.4423325,0.0,6.0,-76.0
1777890688.4523325,6.0,3.0,-78.0
1777890688.4623325,5.0,3.0,-80.0
1777890688.4723325,-2.0,6.0,-81.0
1777890688.4823325,0.0,2.0,-84.0
1777890688.4923325,4.0,1.0,-76.0
1777890688.5023324,2.0,4.0,-71.0
1777890688.5123324,2.0,2.0,-78.0
1777890688.5223324,0.0,3.0,-78.0
1777890688.5323324,3.0,1.0,-80.0
1777890688.5423324,3.0,3.0,-78.0
1777890688.5523324,6.0,3.0,-73.0
1777890688.5623324,5.0,4.0,-72.0
1777890688.5723324,0.0,0.0,-73.0
1777890688.5823324,0.0,2.0,-75.0
1777890688.5923324,-1.0,0.0,-63.0
1777890688.6023324,0.0,4.0,-58.0
1777890688.6123323,0.0,5.0,-61.0
1777890688.6223323,2.0,1.0,-64.0
1777890688.6323323,3.0,-2.0,-66.0
1777890688.6423323,3.0,-2.0,-68.0
1777890688.6523323,0.0,-3.0,-78.0
1777890688.6623323,2.0,-1.0,-73.0
1777890688.6723323,2.0,0.0,-71.0
1777890688.6823325,6.0,2.0,-71.0
1777890688.6923325,6.0,1.0,-75.0
1777890688.7023325,4.0,2.0,-79.0
1777890688.7123325,0.0,2.0,-78.0
1777890688.7223325,2.0,4.0,-81.0
1777890688.7323325,-1.0,4.0,-86.0
1777890688.7423325,1.0,2.0,-86.0
1777890688.7523324,1.0,1.0,-85.0
1777890688.7623324,2.0,5.0,-84.0
1777890688.7723324,0.0,2.0,-83.0
1777890688.7823324,0.0,-1.0,-86.0
1777890688.7923324,4.0,0.0,-79.0
1777890688.8023324,8.0,-2.0,-76.0
1777890688.8133323,4.0,0.0,-77.0
1777890688.8233323,3.0,1.0,-73.0
1777890688.8333323,3.0,-1.0,-79.0
1777890688.8433323,3.0,0.0,-81.0
1777890688.8533323,1.0,0.0,-81.0
1777890688.8633325,3.0,-2.0,-81.0
1777890688.8733325,4.0,-3.0,-81.0
1777890688.8833325,2.0,-6.0,-83.0
1777890688.8933325,0.0,-2.0,-80.0
1777890688.9033325,0.0,0.0,-75.0
1777890688.9133325,1.0,0.0,-76.0
1777890688.9233325,1.0,1.0,-83.0
1777890688.9333324,2.0,2.0,-88.0
1777890688.9433324,2.0,3.0,-83.0
1777890688.9533324,-1.0,5.0,-79.0
1777890688.9633324,0.0,5.0,-82.0
1777890688.9733324,-4.0,4.0,-85.0
1777890688.9833324,1.0,0.0,-88.0
1777890688.9933324,4.0,1.0,-85.0
1777890689.0033324,5.0,-2.0,-80.0
1777890689.0133324,6.0,-3.0,-84.0
1777890689.0233324,4.0,-3.0,-84.0
1777890689.0333323,0.0,0.0,-77.0
1777890689.0433323,-1.0,-1.0,-75.0
1777890689.0533323,0.0,-2.0,-76.0
1777890689.0633323,-1.0,0.0,-74.0
1777890689.0733323,0.0,-2.0,-74.0
1777890689.0833323,1.0,-5.0,-69.0
1777890689.0933323,3.0,-5.0,-68.0
1777890689.1033323,2.0,-4.0,-71.0
1777890689.1133325,4.0,-3.0,-68.0
1777890689.1233325,5.0,-2.0,-72.0
1777890689.1333325,4.0,-3.0,-70.0
1777890689.1433325,1.0,-2.0,-70.0
1777890689.1533325,-1.0,0.0,-67.0
1777890689.1633325,-1.0,-1.0,-70.0
1777890689.1733325,5.0,-3.0,-67.0
1777890689.1833324,2.0,-5.0,-65.0
1777890689.1933324,-6.0,-3.0,-67.0
1777890689.2033324,-4.0,-4.0,-59.0
1777890689.2133324,-4.0,-4.0,-54.0
1777890689.2233324,-7.0,1.0,-55.0
1777890689.2333324,-4.0,3.0,-60.0
1777890689.2433324,-4.0,3.0,-59.0
1777890689.2533324,-4.0,4.0,-60.0
1777890689.2633324,-4.0,6.0,-67.0
1777890689.2733324,-5.0,10.0,-64.0
1777890689.2833323,-8.0,7.0,-65.0
1777890689.2933323,-7.0,2.0,-69.0
1777890689.3033323,-4.0,-1.0,-71.0
1777890689.3133323,0.0,-2.0,-69.0
1777890689.3233323,7.0,-5.0,-75.0
1777890689.3333323,4.0,-5.0,-81.0
1777890689.3433323,2.0,-9.0,-83.0
1777890689.3533323,2.0,-12.0,-81.0
1777890689.3633325,3.0,-8.0,-77.0
1777890689.3733325,4.0,-6.0,-77.0
1777890689.3833325,0.0,0.0,-74.0
1777890689.3933325,1.0,-2.0,-73.0
1777890689.4033325,0.0,0.0,-76.0
1777890689.4133325,1.0,0.0,-75.0
1777890689.4233325,1.0,1.0,-75.0
1777890689.4333324,1.0,0.0,-77.0
1777890689.4433324,0.0,2.0,-71.0
1777890689.4533324,3.0,4.0,-75.0
1777890689.4633324,3.0,1.0,-72.0
1777890689.4733324,1.0,-1.0,-78.0
1777890689.4833324,1.0,-1.0,-77.0
1777890689.4933324,3.0,0.0,-72.0
1777890689.5033324,3.0,-1.0,-75.0
1777890689.5133324,7.0,0.0,-75.0
1777890689.5233324,9.0,-3.0,-74.0
1777890689.5333323,6.0,0.0,-73.0
1777890689.5433323,0.0,3.0,-67.0
1777890689.5533323,1.0,2.0,-65.0
1777890689.5633323,0.0,3.0,-63.0
1777890689.5733323,-4.0,-2.0,-63.0
1777890689.5833323,-8.0,-5.0,-61.0
1777890689.5933323,-5.0,-8.0,-61.0
1777890689.6033323,0.0,-8.0,-68.0
1777890689.6133325,0.0,-5.0,-66.0
1777890689.6233325,0.0,-5.0,-62.0
1777890689.6333325,0.0,-1.0,-64.0
1777890689.6433325,4.0,0.0,-67.0
1777890689.6533325,2.0,0.0,-63.0
1777890689.6633325,-3.0,1.0,-61.0
1777890689.6733325,0.0,1.0,-58.0
1777890689.6833324,0.0,-1.0,-61.0
1777890689.6933324,0.0,-2.0,-68.0
1777890689.7033324,-8.0,-1.0,-73.0
1777890689.7133324,-8.0,0.0,-69.0
1777890689.7233324,-3.0,-1.0,-69.0
1777890689.7333324,0.0,0.0,-71.0
1777890689.7433324,0.0,-3.0,-75.0
1777890689.7533324,2.0,-7.0,-68.0
1777890689.7633324,1.0,-9.0,-61.0
1777890689.7733324,1.0,-9.0,-62.0
1777890689.7833323,0.0,-4.0,-69.0
1777890689.7933323,-3.0,-6.0,-71.0
1777890689.8033323,-2.0,-9.0,-74.0
1777890689.8133323,-2.0,-7.0,-78.0
1777890689.8233323,0.0,-8.0,-75.0
1777890689.8333323,-1.0,-5.0,-74.0
1777890689.8433323,-2.0,-1.0,-73.0
1777890689.8533323,-6.0,-1.0,-76.0
1777890689.8633325,-4.0,2.0,-75.0
1777890689.8733325,-3.0,2.0,-76.0
1777890689.8833325,0.0,1.0,-71.0
1777890689.8933325,1.0,0.0,-78.0
1777890689.9033325,0.0,0.0,-75.0
1777890689.9133325,1.0,4.0,-68.0
1777890689.9233325,1.0,3.0,-64.0
1777890689.9333324,3.0,2.0,-70.0
1777890689.9433324,2.0,2.0,-72.0
1777890689.9533324,6.0,-2.0,-72.0
1777890689.9633324,3.0,0.0,-73.0
1777890689.9733324,-2.0,0.0,-68.0
1777890689.9833324,-5.0,0.0,-64.0
1777890689.9933324,-1.0,6.0,-65.0
1777890690.0033324,-1.0,3.0,-68.0
1777890690.0133324,2.0,3.0,-65.0
1777890690.0233324,4.0,0.0,-65.0
1777890690.0333323,3.0,0.0,-70.0
1777890690.0433323,0.0,3.0,-65.0
1777890690.0533323,7.0,2.0,-62.0
1777890690.0633323,10.0,4.0,-61.0
1777890690.0733323,6.0,1.0,-62.0
1777890690.0833323,10.0,1.0,-62.0
1777890690.0933323,11.0,0.0,-67.0
1777890690.1033323,7.0,0.0,-73.0
1777890690.1133325,2.0,-1.0,-77.0
1777890690.1233325,3.0,-4.0,-80.0
1777890690.1333325,0.0,-4.0,-84.0
1777890690.1433325,0.0,-3.0,-85.0
1777890690.1543324,1.0,-2.0,-78.0
1777890690.1633325,-2.0,-6.0,-77.0
1777890690.1733325,-5.0,-7.0,-84.0
1777890690.1833324,-7.0,-2.0,-81.0
1777890690.1933324,-4.0,0.0,-77.0
1777890690.2033324,0.0,1.0,-78.0
1777890690.2133324,0.0,-3.0,-79.0
1777890690.2233324,-2.0,-4.0,-71.0
1777890690.2333324,-6.0,-4.0,-68.0
1777890690.2433324,-4.0,-4.0,-69.0
1777890690.2533324,-2.0,-2.0,-70.0
1777890690.2633324,4.0,0.0,-72.0
1777890690.2733324,4.0,-4.0,-75.0
1777890690.2833323,6.0,2.0,-76.0
1777890690.2933323,6.0,2.0,-71.0
1777890690.3033323,2.0,4.0,-70.0
1777890690.3133323,3.0,2.0,-68.0
1777890690.3233323,0.0,0.0,-69.0
1777890690.3333323,0.0,-1.0,-66.0
1777890690.3433323,6.0,-4.0,-67.0
1777890690.3533323,7.0,-1.0,-69.0
1777890690.3633325,4.0,0.0,-69.0
1777890690.3733325,8.0,0.0,-67.0
1777890690.3833325,6.0,0.0,-64.0
1777890690.3933325,5.0,-4.0,-60.0
1777890690.4033325,3.0,-2.0,-66.0
1777890690.4133325,0.0,-6.0,-68.0
1777890690.4233325,-1.0,-4.0,-73.0
1777890690.4333324,-3.0,-9.0,-75.0
1777890690.4433324,-4.0,-10.0,-78.0
1777890690.4533324,-6.0,-6.0,-73.0
1777890690.4633324,-7.0,0.0,-76.0
1777890690.4733324,-7.0,0.0,-72.0
1777890690.4833324,-8.0,0.0,-70.0
1777890690.4933324,-7.0,-2.0,-67.0
1777890690.5033324,-4.0,-3.0,-66.0
1777890690.5133324,-5.0,-3.0,-67.0
1777890690.5233324,-4.0,-5.0,-68.0
1777890690.5333323,-5.0,-4.0,-64.0
1777890690.5433323,-4.0,-5.0,-61.0
1777890690.5533323,-4.0,-7.0,-64.0
1777890690.5633323,0.0,-9.0,-72.0
1777890690.5733323,1.0,-8.0,-79.0
1777890690.5833323,0.0,-4.0,-74.0
1777890690.5933323,3.0,-7.0,-73.0
1777890690.6033323,1.0,-6.0,-74.0
1777890690.6133325,1.0,-5.0,-75.0
1777890690.6233325,4.0,-6.0,-78.0
1777890690.6333325,1.0,-7.0,-75.0
1777890690.6433325,3.0,-7.0,-75.0
1777890690.6533325,3.0,-8.0,-73.0
1777890690.6633325,0.0,-4.0,-67.0
1777890690.6733325,-4.0,-4.0,-71.0
1777890690.6833324,-2.0,-8.0,-72.0
1777890690.6933324,0.0,-10.0,-75.0
1777890690.7033324,5.0,-9.0,-83.0
1777890690.7133324,6.0,-11.0,-77.0
1777890690.7233324,6.0,-9.0,-81.0
1777890690.7333324,6.0,-6.0,-66.0
1777890690.7433324,5.0,0.0,-67.0
1777890690.7533324,9.0,3.0,-68.0
1777890690.7633324,11.0,-2.0,-69.0
1777890690.7733324,9.0,-2.0,-63.0
1777890690.7833323,4.0,1.0,-66.0
1777890690.7933323,7.0,0.0,-65.0
1777890690.8043325,3.0,1.0,-65.0
1777890690.8143325,-1.0,3.0,-68.0
1777890690.8243325,-1.0,5.0,-71.0
1777890690.8343325,1.0,7.0,-70.0
1777890690.8443325,4.0,4.0,-70.0
1777890690.8543324,1.0,1.0,-69.0
1777890690.8643324,0.0,2.0,-68.0
1777890690.8743324,0.0,0.0,-69.0
1777890690.8843324,0.0,1.0,-74.0
1777890690.8943324,3.0,2.0,-72.0
1777890690.9043324,2.0,0.0,-78.0
1777890690.9143324,5.0,-2.0,-78.0
1777890690.9243324,10.0,-4.0,-76.0
1777890690.9343324,11.0,0.0,-76.0
1777890690.9443324,11.0,-3.0,-72.0
1777890690.9543324,11.0,-6.0,-71.0
1777890690.9643323,10.0,-5.0,-74.0
1777890690.9743323,4.0,-5.0,-76.0
1777890690.9843323,2.0,-1.0,-76.0
1777890690.9943323,1.0,0.0,-84.0
1777890691.0043323,-6.0,1.0,-83.0
1777890691.0143323,-2.0,3.0,-81.0
1777890691.0243323,-1.0,0.0,-79.0
1777890691.0343325,-1.0,-1.0,-73.0
1777890691.0443325,1.0,0.0,-70.0
1777890691.0543325,0.0,0.0,-70.0
1777890691.0643325,2.0,0.0,-64.0
1777890691.0743325,6.0,-4.0,-68.0
1777890691.0843325,0.0,-4.0,-70.0
1777890691.0943325,2.0,-3.0,-73.0
1777890691.1043324,4.0,-2.0,-71.0
1777890691.1143324,3.0,-1.0,-69.0
1777890691.1243324,2.0,0.0,-68.0
1777890691.1343324,4.0,-1.0,-68.0
1777890691.1443324,4.0,0.0,-60.0
1777890691.1543324,-3.0,-1.0,-60.0
1777890691.1643324,-3.0,-1.0,-60.0
1777890691.1743324,-3.0,3.0,-57.0
1777890691.1843324,-4.0,3.0,-56.0
1777890691.1943324,-2.0,0.0,-60.0
1777890691.2043324,1.0,0.0,-70.0
1777890691.2143323,0.0,-3.0,-70.0
1777890691.2243323,0.0,0.0,-70.0
1777890691.2343323,3.0,-1.0,-66.0
1777890691.2443323,2.0,2.0,-63.0
1777890691.2543323,4.0,4.0,-60.0
1777890691.2643323,12.0,3.0,-65.0
1777890691.2743323,6.0,3.0,-65.0
1777890691.2843325,4.0,1.0,-63.0
1777890691.2943325,3.0,0.0,-67.0
1777890691.3043325,6.0,4.0,-71.0
1777890691.3143325,9.0,3.0,-74.0
1777890691.3243325,8.0,-1.0,-76.0
1777890691.3343325,6.0,-3.0,-71.0
1777890691.3443325,12.0,-7.0,-69.0
1777890691.3543324,8.0,-6.0,-70.0
1777890691.3643324,8.0,-2.0,-72.0
1777890691.3743324,8.0,0.0,-72.0
1777890691.3843324,4.0,2.0,-70.0
1777890691.3943324,-4.0,2.0,-73.0
1777890691.4043324,-3.0,3.0,-70.0
1777890691.4143324,1.0,0.0,-75.0
1777890691.4243324,4.0,-1.0,-75.0
1777890691.4343324,5.0,0.0,-70.0
1777890691.4443324,5.0,1.0,-66.0
1777890691.4543324,5.0,1.0,-67.0
1777890691.4643323,5.0,-4.0,-68.0
1777890691.4743323,7.0,-5.0,-67.0
1777890691.4843323,8.0,-6.0,-69.0
1777890691.4943323,3.0,-8.0,-71.0
1777890691.5043323,4.0,-8.0,-70.0
1777890691.5143323,4.0,-6.0,-68.0
1777890691.5243323,7.0,0.0,-74.0
1777890691.5343325,2.0,0.0,-80.0
1777890691.5443325,2.0,1.0,-86.0
1777890691.5543325,4.0,0.0,-83.0
1777890691.5643325,0.0,-3.0,-81.0
1777890691.5743325,0.0,-6.0,-83.0
1777890691.5843325,1.0,-6.0,-83.0
1777890691.5943325,3.0,-7.0,-86.0
1777890691.6043324,5.0,-7.0,-79.0
1777890691.6143324,3.0,-2.0,-76.0
1777890691.6243324,0.0,-3.0,-70.0
1777890691.6343324,0.0,-3.0,-68.0
1777890691.6443324,-5.0,-5.0,-67.0
1777890691.6543324,-6.0,-3.0,-66.0
1777890691.6643324,-3.0,-1.0,-68.0
1777890691.6743324,0.0,0.0,-70.0
1777890691.6843324,3.0,2.0,-73.0
1777890691.6943324,6.0,4.0,-74.0
1777890691.7043324,11.0,2.0,-77.0
1777890691.7143323,4.0,2.0,-79.0
1777890691.7243323,2.0,0.0,-77.0
1777890691.7343323,4.0,2.0,-67.0
1777890691.7443323,9.0,3.0,-67.0
1777890691.7543323,7.0,8.0,-61.0
1777890691.7643323,0.0,6.0,-60.0
1777890691.7743323,0.0,2.0,-62.0
1777890691.7843325,2.0,1.0,-61.0
1777890691.7943325,0.0,1.0,-65.0
1777890691.8043325,1.0,1.0,-73.0
1777890691.8143325,0.0,-5.0,-73.0
1777890691.8243325,0.0,-4.0,-67.0
1777890691.8343325,1.0,-3.0,-66.0
1777890691.8443325,4.0,-1.0,-69.0
1777890691.8543324,3.0,-1.0,-67.0
1777890691.8643324,4.0,-4.0,-67.0
1777890691.8743324,2.0,-1.0,-70.0
1777890691.8843324,0.0,-2.0,-73.0
1777890691.8943324,0.0,0.0,-70.0
1777890691.9043324,2.0,0.0,-67.0
1777890691.9143324,3.0,0.0,-62.0
1777890691.9243324,9.0,-3.0,-64.0
1777890691.9343324,2.0,-2.0,-66.0
1777890691.9443324,0.0,-5.0,-67.0
1777890691.9543324,-1.0,-3.0,-69.0
1777890691.9643323,-3.0,-2.0,-73.0
1777890691.9743323,-6.0,-1.0,-73.0
1777890691.9843323,-5.0,-4.0,-73.0
1777890691.9943323,-1.0,-5.0,-75.0
1777890692.0043323,1.0,-7.0,-80.0
1777890692.0143323,1.0,-9.0,-76.0
1777890692.0243323,3.0,-7.0,-71.0
1777890692.0343325,1.0,-8.0,-68.0
1777890692.0443325,-1.0,-12.0,-62.0
1777890692.0543325,-2.0,-12.0,-65.0
1777890692.0643325,-3.0,-12.0,-67.0
1777890692.0743325,-6.0,-9.0,-75.0
1777890692.0843325,-3.0,-8.0,-77.0
1777890692.0943325,0.0,-9.0,-78.0
1777890692.1043324,0.0,-7.0,-79.0
1777890692.1143324,5.0,-4.0,-75.0
1777890692.1243324,2.0,-2.0,-71.0
1777890692.1343324,1.0,-2.0,-73.0
1777890692.1443324,-1.0,-4.0,-73.0
1777890692.1543324,0.0,0.0,-75.0
1777890692.1643324,3.0,-1.0,-81.0
1777890692.1743324,5.0,-1.0,-82.0
1777890692.1843324,6.0,2.0,-79.0
1777890692.1943324,5.0,-2.0,-73.0
1777890692.2043324,4.0,-5.0,-74.0
1777890692.2143323,1.0,-5.0,-75.0
1777890692.2243323,1.0,-8.0,-74.0
1777890692.2343323,-1.0,-11.0,-84.0
1777890692.2443323,0.0,-6.0,-81.0
1777890692.2543323,4.0,-6.0,-77.0
1777890692.2643323,5.0,-7.0,-80.0
1777890692.2743323,4.0,-7.0,-82.0
1777890692.2843325,2.0,-7.0,-83.0
1777890692.2943325,1.0,-6.0,-80.0
1777890692.3043325,5.0,-6.0,-79.0
1777890692.3143325,3.0,-1.0,-77.0
1777890692.3243325,-2.0,4.0,-75.0
1777890692.3343325,-3.0,1.0,-71.0
1777890692.3443325,-2.0,0.0,-66.0
1777890692.3543324,-1.0,0.0,-73.0
1777890692.3643324,-2.0,0.0,-74.0
1777890692.3743324,-5.0,-1.0,-82.0
1777890692.3843324,-5.0,-4.0,-78.0
1777890692.3943324,-4.0,-3.0,-72.0
1777890692.4043324,0.0,-1.0,-77.0
1777890692.4143324,-3.0,1.0,-80.0
1777890692.4243324,-1.0,-2.0,-82.0
1777890692.4343324,0.0,-7.0,-76.0
1777890692.4443324,4.0,-8.0,-79.0
1777890692.4543324,1.0,-3.0,-79.0
1777890692.4643323,0.0,-3.0,-83.0
1777890692.4743323,4.0,-1.0,-78.0
1777890692.4843323,8.0,2.0,-85.0
1777890692.4943323,6.0,3.0,-82.0
1777890692.5043323,6.0,2.0,-81.0
1777890692.5143323,4.0,2.0,-77.0
1777890692.5243323,8.0,5.0,-79.0
1777890692.5343325,6.0,6.0,-79.0
1777890692.5443325,4.0,-1.0,-82.0
1777890692.5543325,0.0,-2.0,-80.0
1777890692.5643325,3.0,0.0,-77.0
1777890692.5743325,3.0,0.0,-78.0
1777890692.5843325,1.0,-3.0,-77.0
1777890692.5943325,2.0,-5.0,-72.0
1777890692.6043324,2.0,-3.0,-71.0
1777890692.6143324,6.0,-7.0,-72.0
1777890692.6243324,3.0,-6.0,-81.0
1777890692.6343324,0.0,-5.0,-84.0
1777890692.6443324,-1.0,-8.0,-82.0
1777890692.6543324,-3.0,-7.0,-87.0
1777890692.6643324,0.0,-7.0,-86.0
1777890692.6743324,-2.0,-5.0,-81.0
1777890692.6843324,2.0,-4.0,-73.0
1777890692.6943324,2.0,-3.0,-73.0
1777890692.7043324,0.0,-8.0,-67.0
1777890692.7143323,1.0,-7.0,-72.0
1777890692.7243323,2.0,-7.0,-67.0
1777890692.7343323,0.0,-6.0,-63.0
1777890692.7443323,5.0,-1.0,-68.0
1777890692.7553325,5.0,-1.0,-68.0
1777890692.7643323,7.0,-1.0,-70.0
1777890692.7753325,8.0,0.0,-73.0
1777890692.7843325,8.0,3.0,-74.0
1777890692.7953324,4.0,0.0,-75.0
1777890692.8053324,3.0,-1.0,-76.0
1777890692.8153324,3.0,-1.0,-75.0
1777890692.8253324,5.0,-2.0,-72.0
1777890692.8353324,4.0,-4.0,-72.0
1777890692.8453324,3.0,-1.0,-64.0
1777890692.8553324,1.0,-1.0,-61.0
1777890692.8653324,2.0,1.0,-63.0
1777890692.8753324,0.0,1.0,-65.0
1777890692.8853323,4.0,1.0,-68.0
1777890692.8953323,2.0,1.0,-71.0
1777890692.9053323,1.0,4.0,-74.0
1777890692.9153323,-1.0,3.0,-67.0
1777890692.9253323,-3.0,0.0,-66.0
1777890692.9353323,-4.0,0.0,-64.0
1777890692.9453323,-1.0,0.0,-67.0
1777890692.9553325,-3.0,1.0,-71.0
1777890692.9653325,-2.0,0.0,-71.0
1777890692.9753325,-3.0,-6.0,-70.0
1777890692.9853325,-3.0,-1.0,-74.0
1777890692.9953325,2.0,1.0,-76.0
1777890693.0053325,3.0,3.0,-79.0
1777890693.0153325,1.0,3.0,-69.0
1777890693.0253325,0.0,7.0,-75.0
1777890693.0353324,-4.0,3.0,-76.0
1777890693.0453324,-2.0,5.0,-77.0
1777890693.0553324,-2.0,3.0,-73.0
1777890693.0653324,-3.0,-2.0,-73.0
1777890693.0753324,-6.0,0.0,-72.0
1777890693.0853324,-4.0,3.0,-67.0
1777890693.0953324,1.0,2.0,-76.0
1777890693.1053324,3.0,2.0,-74.0
1777890693.1153324,4.0,5.0,-71.0
1777890693.1253324,4.0,4.0,-76.0
1777890693.1353323,2.0,6.0,-74.0
1777890693.1453323,6.0,3.0,-74.0
1777890693.1563325,3.0,0.0,-73.0
1777890693.1653323,3.0,0.0,-77.0
1777890693.1753323,7.0,-1.0,-79.0
1777890693.1853323,12.0,-2.0,-75.0
1777890693.1953323,9.0,-1.0,-74.0
1777890693.2053325,3.0,-3.0,-73.0
1777890693.2153325,2.0,-3.0,-68.0
1777890693.2253325,3.0,0.0,-69.0
1777890693.2353325,3.0,0.0,-67.0
1777890693.2453325,-1.0,-2.0,-66.0
1777890693.2553325,-2.0,-3.0,-64.0
1777890693.2653325,-2.0,-2.0,-74.0
1777890693.2753325,-1.0,-4.0,-80.0
1777890693.2853324,0.0,1.0,-77.0
1777890693.2953324,0.0,1.0,-73.0
1777890693.3053324,-1.0,-1.0,-71.0
1777890693.3153324,0.0,1.0,-73.0
1777890693.3253324,-2.0,2.0,-79.0
1777890693.3353324,1.0,0.0,-74.0
1777890693.3453324,5.0,-3.0,-70.0
1777890693.3553324,8.0,3.0,-62.0
1777890693.3653324,12.0,0.0,-67.0
1777890693.3753324,10.0,-3.0,-65.0
1777890693.3853323,9.0,-3.0,-68.0
1777890693.3953323,4.0,-1.0,-78.0
1777890693.4053323,2.0,-3.0,-78.0
1777890693.4153323,4.0,-8.0,-72.0
1777890693.4253323,3.0,-5.0,-77.0
1777890693.4353323,4.0,-8.0,-71.0
1777890693.4453323,4.0,-7.0,-69.0
1777890693.4553325,4.0,-4.0,-71.0
1777890693.4653325,2.0,-2.0,-71.0
1777890693.4753325,0.0,0.0,-70.0
1777890693.4853325,4.0,0.0,-70.0
1777890693.4953325,3.0,2.0,-79.0
1777890693.5053325,3.0,0.0,-79.0
1777890693.5153325,1.0,2.0,-77.0
1777890693.5253325,3.0,5.0,-75.0
1777890693.5353324,7.0,5.0,-70.0
1777890693.5453324,5.0,1.0,-68.0
1777890693.5553324,3.0,6.0,-65.0
1777890693.5653324,2.0,3.0,-67.0
1777890693.5753324,5.0,2.0,-69.0
1777890693.5853324,5.0,1.0,-71.0
1777890693.5953324,3.0,0.0,-71.0
1777890693.6053324,4.0,1.0,-76.0
1777890693.6153324,5.0,2.0,-72.0
1777890693.6253324,3.0,2.0,-71.0
1777890693.6353323,7.0,1.0,-73.0
1777890693.6453323,7.0,0.0,-74.0
1777890693.6553323,2.0,-3.0,-77.0
1777890693.6653323,2.0,-3.0,-82.0
1777890693.6753323,0.0,-5.0,-81.0
1777890693.6853323,2.0,-2.0,-76.0
1777890693.6953323,7.0,-2.0,-71.0
1777890693.7053325,6.0,-2.0,-66.0
1777890693.7153325,1.0,-2.0,-62.0
1777890693.7253325,2.0,-1.0,-61.0
1777890693.7353325,2.0,-2.0,-62.0
1777890693.7453325,3.0,-2.0,-63.0
1777890693.7553325,6.0,-2.0,-72.0
1777890693.7653325,0.0,-1.0,-76.0
1777890693.7753325,3.0,1.0,-73.0
1777890693.7853324,7.0,1.0,-81.0
1777890693.7953324,10.0,4.0,-82.0
1777890693.8053324,7.0,-1.0,-82.0
1777890693.8153324,5.0,-1.0,-72.0
1777890693.8253324,2.0,0.0,-71.0
1777890693.8353324,0.0,-1.0,-70.0
1777890693.8453324,1.0,1.0,-75.0
1777890693.8553324,3.0,-3.0,-74.0
1777890693.8653324,4.0,0.0,-71.0
1777890693.8753324,3.0,-3.0,-67.0
1777890693.8853323,3.0,-4.0,-68.0
1777890693.8953323,2.0,-5.0,-72.0
1777890693.9053323,0.0,-6.0,-74.0
1777890693.9153323,-2.0,-1.0,-68.0
1777890693.9253323,0.0,-1.0,-70.0
1777890693.9353323,2.0,0.0,-78.0
1777890693.9453323,5.0,-1.0,-84.0
1777890693.9553325,10.0,0.0,-83.0
1777890693.9653325,10.0,-2.0,-77.0
1777890693.9753325,5.0,-3.0,-77.0
1777890693.9853325,6.0,-4.0,-79.0
1777890693.9953325,5.0,-5.0,-80.0
1777890694.0053325,6.0,-4.0,-70.0
1777890694.0153325,3.0,-3.0,-73.0
1777890694.0253325,3.0,-3.0,-76.0
1777890694.0353324,0.0,-4.0,-74.0
1777890694.0453324,0.0,-5.0,-70.0
1777890694.0553324,-2.0,-2.0,-73.0
1777890694.0653324,-2.0,-2.0,-73.0
1777890694.0753324,0.0,0.0,-68.0
1777890694.0853324,0.0,0.0,-68.0
1777890694.0953324,-2.0,0.0,-70.0
1777890694.1053324,-1.0,2.0,-75.0
1777890694.1153324,-1.0,3.0,-76.0
1777890694.1253324,0.0,0.0,-77.0
1777890694.1353323,-4.0,0.0,-81.0
1777890694.1453323,0.0,0.0,-82.0
1777890694.1553323,3.0,3.0,-78.0
1777890694.1653323,5.0,2.0,-71.0
1777890694.1753323,3.0,5.0,-69.0
1777890694.1853323,-2.0,6.0,-58.0
1777890694.1953323,0.0,2.0,-60.0
1777890694.2053325,0.0,0.0,-64.0
1777890694.2153325,0.0,-6.0,-72.0
1777890694.2253325,2.0,-10.0,-69.0
1777890694.2353325,3.0,-10.0,-65.0
1777890694.2453325,7.0,-7.0,-60.0
1777890694.2553325,10.0,-3.0,-60.0
1777890694.2653325,5.0,-4.0,-67.0
1777890694.2753325,0.0,-2.0,-66.0
1777890694.2853324,-1.0,0.0,-68.0
1777890694.2953324,-3.0,2.0,-75.0
1777890694.3053324,1.0,1.0,-72.0
1777890694.3153324,4.0,-3.0,-77.0
1777890694.3253324,4.0,-5.0,-78.0
1777890694.3353324,5.0,-3.0,-81.0
1777890694.3453324,3.0,0.0,-90.0
1777890694.3553324,-1.0,1.0,-83.0
1777890694.3653324,-1.0,0.0,-82.0
1777890694.3753324,-3.0,1.0,-80.0
1777890694.3853323,-1.0,-3.0,-80.0
1777890694.3963325,-8.0,-2.0,-77.0
1777890694.4053323,-10.0,-6.0,-76.0
1777890694.4153323,-7.0,-5.0,-77.0
1777890694.4253323,-3.0,0.0,-84.0
1777890694.4353323,-2.0,-1.0,-82.0
1777890694.4453323,1.0,-1.0,-78.0
1777890694.4553325,1.0,1.0,-82.0
1777890694.4653325,0.0,0.0,-78.0
1777890694.4753325,1.0,0.0,-82.0
1777890694.4853325,0.0,3.0,-79.0
1777890694.4953325,1.0,1.0,-75.0
1777890694.5053325,2.0,4.0,-68.0
1777890694.5153325,3.0,1.0,-64.0
1777890694.5253325,5.0,0.0,-64.0
1777890694.5353324,3.0,3.0,-70.0
1777890694.5453324,1.0,3.0,-73.0
1777890694.5553324,2.0,2.0,-71.0
1777890694.5653324,6.0,2.0,-68.0
1777890694.5753324,9.0,0.0,-69.0
1777890694.5853324,5.0,1.0,-72.0
1777890694.5953324,4.0,6.0,-69.0
1777890694.6053324,3.0,2.0,-72.0
1777890694.6153324,0.0,1.0,-71.0
1777890694.6253324,2.0,3.0,-76.0
1777890694.6353323,2.0,2.0,-78.0
1777890694.6453323,0.0,1.0,-80.0
1777890694.6553323,0.0,3.0,-79.0
1777890694.6653323,2.0,2.0,-77.0
1777890694.6753323,0.0,1.0,-77.0
1777890694.6853323,-3.0,1.0,-77.0
1777890694.6953323,-3.0,5.0,-75.0
1777890694.7053325,-3.0,2.0,-77.0
1777890694.7153325,-3.0,0.0,-75.0
1777890694.7253325,-1.0,3.0,-74.0
1777890694.7353325,-3.0,2.0,-77.0
1777890694.7453325,-1.0,1.0,-77.0
1777890694.7553325,-4.0,5.0,-76.0
1777890694.7653325,-3.0,0.0,-75.0
1777890694.7753325,0.0,0.0,-77.0
1777890694.7863324,0.0,-1.0,-79.0
1777890694.7953324,-7.0,-2.0,-77.0
1777890694.8063323,-2.0,-1.0,-76.0
1777890694.8163323,0.0,-2.0,-79.0
1777890694.8263323,3.0,-3.0,-77.0
1777890694.8363323,3.0,-1.0,-77.0
1777890694.8463323,1.0,1.0,-83.0
1777890694.8563323,4.0,2.0,-84.0
1777890694.8663323,7.0,0.0,-82.0
1777890694.8763323,6.0,-2.0,-75.0
1777890694.8863325,4.0,-1.0,-71.0
1777890694.8963325,1.0,-6.0,-74.0
1777890694.9063325,0.0,-4.0,-78.0
1777890694.9163325,-3.0,-4.0,-78.0
1777890694.9263325,-3.0,1.0,-84.0
1777890694.9363325,-2.0,2.0,-91.0
1777890694.9463325,-1.0,2.0,-91.0
1777890694.9563324,-2.0,1.0,-86.0
1777890694.9663324,-1.0,3.0,-81.0
1777890694.9763324,-1.0,0.0,-82.0
1777890694.9863324,0.0,0.0,-75.0
1777890694.9963324,0.0,-5.0,-76.0
1777890695.0063324,3.0,0.0,-73.0
1777890695.0163324,6.0,-3.0,-71.0
1777890695.0263324,3.0,-3.0,-72.0
1777890695.0363324,4.0,-1.0,-67.0
1777890695.0463324,4.0,1.0,-69.0
1777890695.0563323,8.0,2.0,-72.0
1777890695.0663323,2.0,7.0,-75.0
1777890695.0763323,0.0,2.0,-76.0
1777890695.0863323,0.0,-3.0,-74.0
1777890695.0963323,1.0,-7.0,-71.0
1777890695.1063323,0.0,-9.0,-66.0
1777890695.1163323,0.0,-8.0,-66.0
1777890695.1263323,0.0,-9.0,-60.0
1777890695.1363325,-1.0,-6.0,-58.0
1777890695.1463325,-2.0,-6.0,-64.0
1777890695.1563325,-4.0,-7.0,-68.0
1777890695.1663325,-2.0,-6.0,-70.0
1777890695.1763325,4.0,-7.0,-68.0
1777890695.1863325,3.0,-5.0,-67.0
1777890695.1963325,3.0,-4.0,-70.0
1777890695.2063324,2.0,-6.0,-83.0
1777890695.2163324,1.0,-5.0,-81.0
1777890695.2263324,-1.0,-7.0,-80.0
1777890695.2363324,0.0,-4.0,-79.0
1777890695.2463324,3.0,-1.0,-78.0
1777890695.2563324,8.0,-1.0,-80.0
1777890695.2663324,9.0,0.0,-80.0
1777890695.2763324,4.0,-4.0,-82.0
1777890695.2863324,0.0,-1.0,-85.0
1777890695.2963324,0.0,-2.0,-82.0
1777890695.3063323,0.0,-2.0,-72.0
1777890695.3163323,-2.0,-2.0,-71.0
1777890695.3263323,0.0,1.0,-73.0
1777890695.3363323,-1.0,5.0,-76.0
1777890695.3463323,-4.0,6.0,-81.0
1777890695.3563323,-4.0,1.0,-82.0
1777890695.3663323,-6.0,4.0,-81.0
1777890695.3763323,-1.0,3.0,-80.0
1777890695.3863325,-1.0,1.0,-83.0
1777890695.3963325,0.0,1.0,-88.0
1777890695.4063325,1.0,0.0,-85.0
1777890695.4163325,-1.0,-3.0,-80.0
1777890695.4263325,-2.0,-4.0,-85.0
1777890695.4363325,-3.0,-6.0,-86.0
1777890695.4463325,-1.0,0.0,-92.0
1777890695.4563324,-3.0,2.0,-85.0
1777890695.4663324,0.0,2.0,-77.0
1777890695.4763324,0.0,0.0,-80.0
1777890695.4863324,0.0,-2.0,-79.0
1777890695.4963324,0.0,-2.0,-79.0
1777890695.5063324,-1.0,-3.0,-76.0
1777890695.5163324,0.0,-2.0,-75.0
1777890695.5263324,2.0,-5.0,-73.0
1777890695.5363324,3.0,-3.0,-74.0
1777890695.5463324,0.0,-4.0,-81.0
1777890695.5563323,8.0,-5.0,-84.0
1777890695.5663323,4.0,-4.0,-78.0
1777890695.5763323,0.0,-3.0,-78.0
1777890695.5863323,-3.0,-4.0,-70.0
1777890695.5963323,-7.0,-1.0,-66.0
1777890695.6063323,-5.0,-1.0,-71.0
1777890695.6163323,-3.0,-3.0,-77.0
1777890695.6263323,-4.0,-2.0,-80.0
1777890695.6363325,-7.0,-2.0,-80.0
1777890695.6463325,-6.0,-5.0,-82.0
1777890695.6563325,-2.0,0.0,-83.0
1777890695.6663325,-4.0,0.0,-78.0
1777890695.6763325,-2.0,-1.0,-79.0
1777890695.6863325,-5.0,0.0,-74.0
1777890695.6963325,-2.0,3.0,-73.0
1777890695.7063324,-2.0,0.0,-75.0
1777890695.7163324,-5.0,-2.0,-74.0
1777890695.7263324,-7.0,-4.0,-74.0
1777890695.7363324,-3.0,-4.0,-77.0
1777890695.7463324,-3.0,0.0,-72.0
1777890695.7563324,-5.0,4.0,-72.0
1777890695.7663324,-5.0,1.0,-79.0
1777890695.7763324,-6.0,2.0,-78.0
1777890695.7863324,-4.0,7.0,-74.0
1777890695.7963324,-4.0,6.0,-70.0
1777890695.8063323,0.0,4.0,-70.0
1777890695.8163323,5.0,6.0,-70.0
1777890695.8263323,3.0,2.0,-70.0
1777890695.8363323,4.0,1.0,-70.0
1777890695.8463323,8.0,-1.0,-70.0
1777890695.8563323,3.0,-1.0,-77.0
1777890695.8663323,2.0,0.0,-80.0
1777890695.8763323,3.0,1.0,-78.0
1777890695.8863325,1.0,4.0,-79.0
1777890695.8963325,-1.0,-1.0,-77.0
1777890695.9063325,0.0,-4.0,-79.0
1777890695.9163325,-3.0,-8.0,-76.0
1777890695.9263325,-2.0,-3.0,-71.0
1777890695.9363325,0.0,-6.0,-73.0
1777890695.9463325,2.0,-3.0,-73.0
1777890695.9563324,4.0,-3.0,-78.0
1777890695.9663324,1.0,0.0,-71.0
1777890695.9763324,1.0,-1.0,-73.0
1777890695.9863324,6.0,-1.0,-76.0
1777890695.9963324,6.0,2.0,-71.0
1777890696.0063324,6.0,0.0,-70.0
1777890696.0163324,6.0,0.0,-76.0
1777890696.0263324,3.0,3.0,-71.0
1777890696.0363324,-2.0,0.0,-71.0
1777890696.0463324,-4.0,-1.0,-69.0
1777890696.0563323,0.0,-3.0,-74.0
1777890696.0663323,0.0,0.0,-67.0
1777890696.0763323,0.0,3.0,-65.0
1777890696.0863323,2.0,3.0,-64.0
1777890696.0963323,-1.0,0.0,-63.0
1777890696.1063323,-1.0,1.0,-66.0
1777890696.1163323,-5.0,5.0,-67.0
1777890696.1263323,-3.0,6.0,-69.0
1777890696.1363325,0.0,3.0,-67.0
1777890696.1463325,4.0,2.0,-69.0
1777890696.1563325,5.0,-2.0,-76.0
1777890696.1663325,6.0,-5.0,-80.0
1777890696.1763325,1.0,-2.0,-76.0
1777890696.1863325,-1.0,-5.0,-66.0
1777890696.1963325,3.0,-7.0,-65.0
1777890696.2063324,3.0,-5.0,-67.0
1777890696.2163324,2.0,2.0,-71.0
1777890696.2263324,3.0,4.0,-77.0
1777890696.2363324,7.0,2.0,-76.0
1777890696.2463324,6.0,1.0,-77.0
1777890696.2563324,3.0,1.0,-79.0
1777890696.2663324,1.0,2.0,-82.0
1777890696.2763324,-3.0,1.0,-77.0
1777890696.2863324,-2.0,1.0,-71.0
1777890696.2963324,-2.0,-1.0,-71.0
1777890696.3063323,0.0,0.0,-69.0
1777890696.3163323,2.0,-1.0,-70.0
1777890696.3263323,1.0,1.0,-70.0
1777890696.3363323,2.0,3.0,-69.0
1777890696.3463323,-5.0,1.0,-65.0
1777890696.3563323,-5.0,0.0,-70.0
1777890696.3663323,-5.0,0.0,-70.0
1777890696.3763323,-6.0,0.0,-67.0
1777890696.3863325,-2.0,-2.0,-76.0
1777890696.3963325,5.0,-2.0,-80.0
1777890696.4063325,2.0,-2.0,-75.0
1777890696.4163325,0.0,0.0,-75.0
1777890696.4263325,-2.0,3.0,-73.0
1777890696.4363325,0.0,3.0,-71.0
1777890696.4463325,0.0,5.0,-77.0
1777890696.4563324,0.0,4.0,-73.0
1777890696.4663324,1.0,0.0,-74.0
1777890696.4763324,0.0,0.0,-75.0
1777890696.4863324,4.0,0.0,-75.0
1777890696.4963324,7.0,0.0,-75.0
1777890696.5063324,4.0,0.0,-76.0
1777890696.5163324,5.0,0.0,-75.0
1777890696.5263324,1.0,-3.0,-73.0
1777890696.5363324,2.0,-5.0,-78.0
1777890696.5463324,1.0,-4.0,-76.0
1777890696.5563323,0.0,-4.0,-70.0
1777890696.5663323,-1.0,-4.0,-74.0
1777890696.5763323,-1.0,-1.0,-73.0
1777890696.5863323,1.0,0.0,-72.0
1777890696.5963323,2.0,-1.0,-64.0
1777890696.6063323,4.0,-3.0,-62.0
1777890696.6163323,1.0,-6.0,-66.0
1777890696.6263323,-2.0,-8.0,-73.0
1777890696.6363325,3.0,-4.0,-73.0
1777890696.6463325,6.0,-4.0,-69.0
1777890696.6563325,9.0,-5.0,-69.0
1777890696.6663325,11.0,-1.0,-65.0
1777890696.6763325,6.0,-1.0,-66.0
1777890696.6863325,7.0,0.0,-65.0
1777890696.6963325,8.0,-3.0,-65.0
1777890696.7063324,3.0,-9.0,-66.0
1777890696.7163324,0.0,-8.0,-67.0
1777890696.7263324,0.0,-7.0,-67.0
1777890696.7373323,1.0,-7.0,-75.0
1777890696.7463324,0.0,-6.0,-81.0
1777890696.7573323,-1.0,-3.0,-77.0
1777890696.7673323,0.0,-5.0,-68.0
1777890696.7773323,0.0,-3.0,-70.0
1777890696.7873323,0.0,-4.0,-67.0
1777890696.7973323,-1.0,-3.0,-65.0
1777890696.8073325,1.0,-2.0,-69.0
1777890696.8173325,1.0,-2.0,-70.0
1777890696.8273325,5.0,-6.0,-66.0
1777890696.8373325,2.0,-7.0,-67.0
1777890696.8473325,1.0,-7.0,-69.0
1777890696.8573325,4.0,0.0,-69.0
1777890696.8673325,5.0,1.0,-67.0
1777890696.8773324,8.0,5.0,-65.0
1777890696.8873324,10.0,5.0,-70.0
1777890696.8973324,9.0,10.0,-74.0
1777890696.9073324,7.0,7.0,-74.0
1777890696.9173324,3.0,1.0,-72.0
1777890696.9273324,-1.0,0.0,-74.0
1777890696.9373324,0.0,-2.0,-76.0
1777890696.9473324,0.0,0.0,-83.0
1777890696.9573324,0.0,0.0,-80.0
1777890696.9673324,-1.0,1.0,-81.0
1777890696.9773324,0.0,1.0,-83.0
1777890696.9873323,1.0,-1.0,-78.0
1777890696.9973323,3.0,-1.0,-80.0
1777890697.0073323,4.0,0.0,-83.0
1777890697.0173323,0.0,0.0,-72.0
1777890697.0273323,1.0,0.0,-75.0
1777890697.0373323,2.0,-2.0,-72.0
1777890697.0473323,3.0,-4.0,-72.0
1777890697.0573325,0.0,-3.0,-67.0
1777890697.0673325,-2.0,1.0,-64.0
1777890697.0773325,-1.0,2.0,-76.0
1777890697.0873325,-1.0,9.0,-81.0
1777890697.0973325,0.0,7.0,-77.0
1777890697.1073325,-3.0,6.0,-84.0
1777890697.1173325,0.0,3.0,-81.0
1777890697.1273324,2.0,3.0,-69.0
1777890697.1373324,3.0,3.0,-65.0
1777890697.1473324,2.0,0.0,-67.0
1777890697.1573324,-4.0,0.0,-67.0
1777890697.1673324,-6.0,-1.0,-66.0
1777890697.1773324,-4.0,-1.0,-69.0
1777890697.1873324,-3.0,1.0,-70.0
1777890697.1973324,0.0,4.0,-68.0
1777890697.2073324,6.0,3.0,-70.0
1777890697.2173324,1.0,0.0,-74.0
1777890697.2273324,5.0,-2.0,-69.0
1777890697.2373323,4.0,0.0,-66.0
1777890697.2473323,6.0,0.0,-65.0
1777890697.2573323,5.0,-3.0,-65.0
1777890697.2673323,5.0,-2.0,-67.0
1777890697.2773323,3.0,-1.0,-71.0
1777890697.2873323,2.0,-2.0,-70.0
1777890697.2973323,0.0,0.0,-74.0
1777890697.3073325,-1.0,1.0,-77.0
1777890697.3173325,1.0,2.0,-77.0
1777890697.3273325,1.0,2.0,-81.0
1777890697.3373325,3.0,4.0,-82.0
1777890697.3473325,4.0,2.0,-81.0
1777890697.3573325,3.0,1.0,-75.0
1777890697.3673325,4.0,0.0,-74.0
1777890697.3773324,2.0,-4.0,-73.0
1777890697.3873324,5.0,-5.0,-80.0
1777890697.3973324,3.0,-1.0,-71.0
1777890697.4073324,8.0,-1.0,-65.0
1777890697.4173324,9.0,0.0,-61.0
1777890697.4273324,5.0,3.0,-67.0
1777890697.4373324,3.0,4.0,-64.0
1777890697.4473324,-1.0,1.0,-72.0
1777890697.4573324,2.0,-1.0,-84.0
1777890697.4673324,0.0,0.0,-82.0
1777890697.4773324,-1.0,1.0,-79.0
1777890697.4873323,0.0,0.0,-72.0
1777890697.4973323,-2.0,1.0,-71.0
1777890697.5073323,-1.0,0.0,-69.0
1777890697.5173323,-5.0,2.0,-74.0
1777890697.5273323,-4.0,1.0,-78.0
1777890697.5373323,-3.0,4.0,-77.0
1777890697.5473323,0.0,3.0,-73.0
1777890697.5573325,1.0,0.0,-72.0
1777890697.5673325,1.0,-2.0,-73.0
1777890697.5773325,0.0,0.0,-71.0
1777890697.5873325,-2.0,-1.0,-68.0
1777890697.5973325,-4.0,-1.0,-70.0
1777890697.6073325,-5.0,-1.0,-67.0
1777890697.6173325,-5.0,-4.0,-64.0
1777890697.6273324,-2.0,-6.0,-69.0
1777890697.6373324,0.0,-4.0,-73.0
1777890697.6473324,-1.0,-1.0,-73.0
1777890697.6573324,0.0,0.0,-73.0
1777890697.6673324,0.0,-2.0,-72.0
1777890697.6773324,0.0,0.0,-64.0
1777890697.6873324,0.0,3.0,-65.0
1777890697.6973324,0.0,2.0,-67.0
1777890697.7073324,8.0,1.0,-67.0
1777890697.7173324,7.0,0.0,-68.0
1777890697.7273324,5.0,0.0,-70.0
1777890697.7373323,3.0,-5.0,-72.0
1777890697.7473323,2.0,-9.0,-73.0
1777890697.7573323,2.0,-9.0,-76.0
1777890697.7673323,1.0,-10.0,-77.0
1777890697.7773323,1.0,-11.0,-72.0
1777890697.7873323,0.0,-7.0,-72.0
1777890697.7973323,0.0,-9.0,-74.0
1777890697.8073325,2.0,-12.0,-76.0
1777890697.8173325,0.0,-7.0,-73.0
1777890697.8273325,0.0,-2.0,-78.0
1777890697.8373325,1.0,-6.0,-79.0
1777890697.8473325,0.0,-1.0,-73.0
1777890697.8573325,-5.0,0.0,-78.0
1777890697.8673325,-6.0,-2.0,-70.0
1777890697.8773324,-1.0,-2.0,-73.0
1777890697.8873324,0.0,0.0,-75.0
1777890697.8973324,0.0,2.0,-76.0
1777890697.9073324,0.0,6.0,-78.0
1777890697.9173324,5.0,2.0,-70.0
1777890697.9273324,4.0,2.0,-78.0
1777890697.9373324,3.0,3.0,-75.0
1777890697.9473324,2.0,1.0,-73.0
1777890697.9573324,3.0,1.0,-74.0
1777890697.9673324,6.0,-4.0,-62.0
1777890697.9773324,5.0,-6.0,-65.0
1777890697.9873323,0.0,-4.0,-70.0
1777890697.9973323,0.0,-5.0,-71.0
1777890698.0073323,4.0,-3.0,-76.0
1777890698.0173323,5.0,-3.0,-82.0
1777890698.0273323,6.0,-3.0,-81.0
1777890698.0373323,8.0,-2.0,-78.0
1777890698.0473323,5.0,-1.0,-73.0
1777890698.0573325,1.0,-4.0,-70.0
1777890698.0673325,0.0,-4.0,-66.0
1777890698.0773325,0.0,-3.0,-57.0
1777890698.0873325,3.0,-6.0,-64.0
1777890698.0973325,3.0,-6.0,-69.0
1777890698.1073325,3.0,-5.0,-76.0
1777890698.1173325,4.0,-9.0,-72.0
1777890698.1273324,3.0,-9.0,-68.0
1777890698.1373324,1.0,-5.0,-69.0
1777890698.1473324,0.0,-6.0,-71.0
1777890698.1573324,0.0,-10.0,-74.0
1777890698.1673324,-5.0,-7.0,-76.0
1777890698.1773324,-6.0,-3.0,-76.0
1777890698.1873324,-4.0,-4.0,-72.0
1777890698.1973324,-5.0,0.0,-71.0
1777890698.2073324,-2.0,-1.0,-70.0
1777890698.2173324,0.0,1.0,-68.0
1777890698.2273324,-6.0,-2.0,-69.0
1777890698.2373323,-1.0,-4.0,-69.0
1777890698.2473323,0.0,-3.0,-69.0
1777890698.2573323,2.0,-2.0,-70.0
1777890698.2673323,2.0,-1.0,-69.0
1777890698.2773323,0.0,-1.0,-69.0
1777890698.2873323,0.0,-2.0,-66.0
1777890698.2973323,1.0,3.0,-63.0
1777890698.3073325,0.0,0.0,-63.0
1777890698.3173325,-1.0,2.0,-62.0
1777890698.3273325,2.0,7.0,-60.0
1777890698.3373325,4.0,4.0,-64.0
1777890698.3473325,4.0,3.0,-63.0
1777890698.3573325,2.0,2.0,-65.0
1777890698.3673325,-1.0,3.0,-67.0
1777890698.3773324,1.0,3.0,-69.0
1777890698.3873324,0.0,5.0,-71.0
1777890698.3973324,-4.0,6.0,-78.0
1777890698.4073324,-3.0,4.0,-73.0
1777890698.4173324,-1.0,7.0,-72.0
1777890698.4273324,0.0,3.0,-70.0
1777890698.4373324,0.0,1.0,-77.0
1777890698.4473324,5.0,-1.0,-67.0
1777890698.4573324,8.0,-4.0,-64.0
1777890698.4673324,3.0,-1.0,-59.0
1777890698.4773324,-2.0,-2.0,-67.0
1777890698.4873323,-1.0,0.0,-73.0
1777890698.4973323,-2.0,0.0,-62.0
1777890698.5073323,-4.0,2.0,-71.0
1777890698.5173323,-5.0,1.0,-74.0
1777890698.5273323,-6.0,3.0,-73.0
1777890698.5373323,-7.0,2.0,-81.0
1777890698.5473323,-5.0,-1.0,-73.0
1777890698.5573325,-2.0,-3.0,-64.0
1777890698.5673325,1.0,-6.0,-67.0
1777890698.5773325,-1.0,-9.0,-67.0
1777890698.5873325,-2.0,-8.0,-69.0
1777890698.5973325,2.0,-4.0,-72.0
1777890698.6073325,4.0,-1.0,-73.0
1777890698.6173325,5.0,-3.0,-73.0
1777890698.6273324,1.0,-4.0,-67.0
1777890698.6373324,-2.0,-5.0,-73.0
1777890698.6473324,1.0,-5.0,-74.0
1777890698.6573324,0.0,-5.0,-74.0
1777890698.6673324,1.0,-8.0,-72.0
1777890698.6773324,-2.0,-5.0,-73.0
1777890698.6873324,-6.0,-5.0,-78.0
1777890698.6973324,-8.0,-3.0,-78.0
1777890698.7073324,-7.0,-1.0,-72.0
1777890698.7173324,-1.0,-3.0,-71.0
1777890698.7273324,-2.0,-2.0,-73.0
1777890698.7373323,-3.0,-4.0,-75.0
1777890698.7473323,0.0,-8.0,-80.0
1777890698.7573323,1.0,-3.0,-78.0
1777890698.7683325,-1.0,-1.0,-79.0
1777890698.7783325,-4.0,-1.0,-75.0
1777890698.7883325,-3.0,-1.0,-72.0
1777890698.7983325,1.0,0.0,-77.0
1777890698.8083324,4.0,-3.0,-78.0
1777890698.8183324,5.0,0.0,-77.0
1777890698.8283324,4.0,0.0,-81.0
1777890698.8383324,1.0,-3.0,-82.0
1777890698.8483324,2.0,-5.0,-83.0
1777890698.8583324,1.0,-5.0,-84.0
1777890698.8683324,1.0,-2.0,-78.0
1777890698.8783324,2.0,-1.0,-77.0
1777890698.8883324,-1.0,1.0,-80.0
1777890698.8983324,0.0,0.0,-82.0
1777890698.9083323,0.0,0.0,-77.0
1777890698.9183323,1.0,0.0,-78.0
1777890698.9283323,0.0,-2.0,-77.0
1777890698.9383323,0.0,-4.0,-74.0
1777890698.9483323,-2.0,0.0,-73.0
1777890698.9583323,1.0,5.0,-77.0
1777890698.9683323,1.0,3.0,-83.0
1777890698.9783323,3.0,1.0,-84.0
1777890698.9883325,2.0,3.0,-84.0
1777890698.9983325,1.0,-1.0,-85.0
1777890699.0083325,1.0,1.0,-89.0
1777890699.0183325,0.0,0.0,-87.0
1777890699.0283325,6.0,-1.0,-87.0
1777890699.0383325,8.0,-7.0,-84.0
1777890699.0483325,7.0,-5.0,-78.0
1777890699.0583324,7.0,-1.0,-73.0
1777890699.0683324,7.0,0.0,-73.0
1777890699.0783324,4.0,0.0,-73.0
1777890699.0883324,4.0,-4.0,-79.0
1777890699.0983324,2.0,-9.0,-79.0
1777890699.1083324,3.0,-9.0,-77.0
1777890699.1183324,-2.0,-4.0,-80.0
1777890699.1283324,-2.0,-4.0,-78.0
1777890699.1383324,-7.0,-1.0,-78.0
1777890699.1483324,-7.0,-3.0,-81.0
1777890699.1583323,-5.0,-4.0,-79.0
1777890699.1683323,-3.0,-5.0,-80.0
1777890699.1783323,0.0,-3.0,-82.0
1777890699.1883323,0.0,-4.0,-76.0
1777890699.1983323,0.0,-5.0,-72.0
1777890699.2083323,0.0,-4.0,-78.0
1777890699.2183323,-3.0,-4.0,-80.0
1777890699.2283323,3.0,-2.0,-73.0
1777890699.2383325,0.0,0.0,-76.0
1777890699.2483325,-3.0,1.0,-76.0
1777890699.2583325,0.0,3.0,-79.0
1777890699.2683325,0.0,5.0,-82.0
1777890699.2783325,0.0,4.0,-77.0
1777890699.2883325,2.0,2.0,-83.0
1777890699.2983325,2.0,5.0,-83.0
1777890699.3083324,-3.0,6.0,-83.0
1777890699.3183324,-6.0,0.0,-84.0
1777890699.3283324,-7.0,0.0,-85.0
1777890699.3383324,-4.0,0.0,-84.0
1777890699.3483324,-3.0,-1.0,-80.0
1777890699.3583324,-3.0,0.0,-86.0
1777890699.3683324,-1.0,-2.0,-87.0
1777890699.3783324,-3.0,0.0,-79.0
1777890699.3883324,-1.0,3.0,-79.0
1777890699.3983324,0.0,1.0,-70.0
1777890699.4083323,0.0,-1.0,-68.0
1777890699.4183323,4.0,-3.0,-67.0
1777890699.4283323,6.0,0.0,-70.0
1777890699.4383323,4.0,3.0,-72.0
1777890699.4483323,0.0,7.0,-72.0
1777890699.4583323,-4.0,4.0,-74.0
1777890699.4683323,-5.0,5.0,-81.0
1777890699.4783323,0.0,0.0,-79.0
1777890699.4883325,1.0,-2.0,-76.0
1777890699.4983325,-1.0,-2.0,-80.0
1777890699.5083325,-1.0,-3.0,-75.0
1777890699.5183325,-1.0,-3.0,-77.0
1777890699.5283325,0.0,-3.0,-72.0
1777890699.5383325,0.0,-2.0,-68.0
1777890699.5483325,0.0,0.0,-72.0
1777890699.5583324,1.0,-2.0,-68.0
1777890699.5683324,1.0,-1.0,-64.0
1777890699.5783324,0.0,-1.0,-64.0
1777890699.5883324,1.0,-4.0,-67.0
1777890699.5983324,0.0,-5.0,-68.0
1777890699.6083324,0.0,-5.0,-69.0
1777890699.6183324,-2.0,-4.0,-78.0
1777890699.6283324,0.0,-5.0,-75.0
1777890699.6383324,1.0,-8.0,-72.0
1777890699.6483324,5.0,-8.0,-68.0
1777890699.6583323,2.0,-4.0,-74.0
1777890699.6683323,1.0,-6.0,-73.0
1777890699.6783323,2.0,0.0,-72.0
1777890699.6883323,0.0,-3.0,-72.0
1777890699.6983323,-3.0,-1.0,-71.0
1777890699.7083323,-5.0,-1.0,-73.0
1777890699.7183323,-2.0,-2.0,-71.0
1777890699.7283323,2.0,0.0,-71.0
1777890699.7383325,1.0,0.0,-80.0
1777890699.7483325,2.0,-1.0,-82.0
1777890699.7583325,4.0,-7.0,-84.0
1777890699.7683325,3.0,-5.0,-74.0
1777890699.7783325,1.0,-4.0,-71.0
1777890699.7883325,1.0,-6.0,-64.0
1777890699.7983325,1.0,-5.0,-70.0
1777890699.8083324,1.0,-10.0,-66.0
1777890699.8183324,1.0,-10.0,-65.0
1777890699.8283324,-1.0,-7.0,-69.0
1777890699.8383324,1.0,-4.0,-71.0
1777890699.8483324,3.0,-1.0,-70.0
1777890699.8583324,-2.0,1.0,-77.0
1777890699.8683324,0.0,0.0,-81.0
1777890699.8783324,4.0,-2.0,-82.0
1777890699.8883324,2.0,0.0,-81.0
1777890699.8983324,4.0,0.0,-78.0
1777890699.9083323,6.0,0.0,-75.0
1777890699.9183323,3.0,-2.0,-74.0
1777890699.9283323,-2.0,0.0,-80.0
1777890699.9383323,-4.0,0.0,-71.0
1777890699.9483323,-3.0,0.0,-67.0
1777890699.9583323,-3.0,-2.0,-72.0
1777890699.9683323,-6.0,0.0,-79.0
1777890699.9783323,-2.0,-1.0,-83.0
1777890699.9883325,-2.0,0.0,-85.0
1777890699.9983325,-4.0,-1.0,-88.0
1777890700.0083325,-1.0,1.0,-85.0
1777890700.0183325,0.0,0.0,-79.0
1777890700.0283325,3.0,1.0,-72.0
1777890700.0383325,4.0,0.0,-76.0
1777890700.0483325,4.0,0.0,-78.0
1777890700.0583324,0.0,0.0,-78.0
1777890700.0683324,1.0,2.0,-76.0
1777890700.0783324,3.0,1.0,-73.0
1777890700.0883324,2.0,0.0,-74.0
1777890700.0983324,7.0,-1.0,-80.0
1777890700.1083324,3.0,2.0,-84.0
1777890700.1183324,1.0,3.0,-78.0
1777890700.1283324,0.0,2.0,-79.0
1777890700.1383324,3.0,3.0,-75.0
1777890700.1483324,2.0,1.0,-66.0
1777890700.1583323,1.0,0.0,-63.0
1777890700.1683323,-2.0,-1.0,-74.0
1777890700.1783323,-2.0,0.0,-75.0
1777890700.1883323,0.0,2.0,-76.0
1777890700.1983323,-3.0,0.0,-76.0
1777890700.2083323,-7.0,1.0,-74.0
1777890700.2183323,-4.0,5.0,-73.0
1777890700.2283323,0.0,4.0,-80.0
1777890700.2383325,2.0,3.0,-81.0
1777890700.2483325,0.0,8.0,-84.0
1777890700.2583325,-1.0,8.0,-84.0
1777890700.2683325,0.0,7.0,-84.0
1777890700.2783325,-1.0,5.0,-78.0
1777890700.2883325,3.0,2.0,-76.0
1777890700.2983325,7.0,3.0,-73.0
1777890700.3083324,3.0,4.0,-70.0
1777890700.3183324,5.0,1.0,-71.0
1777890700.3283324,6.0,0.0,-66.0
1777890700.3383324,9.0,1.0,-67.0
1777890700.3483324,8.0,4.0,-67.0
1777890700.3583324,10.0,2.0,-75.0
1777890700.3683324,12.0,1.0,-74.0
1777890700.3783324,13.0,1.0,-74.0
1777890700.3883324,14.0,3.0,-80.0
1777890700.3983324,9.0,4.0,-81.0
1777890700.4083323,1.0,5.0,-73.0
1777890700.4183323,2.0,7.0,-69.0
1777890700.4283323,-2.0,6.0,-62.0
1777890700.4383323,-5.0,4.0,-63.0
1777890700.4483323,-1.0,0.0,-64.0
1777890700.4583323,0.0,-2.0,-68.0
1777890700.4683323,0.0,-5.0,-71.0
1777890700.4783323,-2.0,-5.0,-70.0
1777890700.4883325,-3.0,-3.0,-76.0
1777890700.4983325,-2.0,-2.0,-72.0
1777890700.5083325,-3.0,-1.0,-75.0
1777890700.5183325,-3.0,-4.0,-73.0
1777890700.5283325,-3.0,-6.0,-71.0
1777890700.5383325,-3.0,-6.0,-73.0
1777890700.5483325,-3.0,-3.0,-71.0
1777890700.5583324,-2.0,-3.0,-71.0
1777890700.5683324,0.0,-4.0,-71.0
1777890700.5783324,-2.0,-1.0,-70.0
1777890700.5883324,0.0,-5.0,-68.0
1777890700.5983324,2.0,-6.0,-70.0
1777890700.6083324,3.0,-4.0,-65.0
1777890700.6183324,0.0,-1.0,-64.0
1777890700.6283324,-1.0,-1.0,-66.0
1777890700.6383324,4.0,0.0,-64.0
1777890700.6483324,5.0,0.0,-69.0
1777890700.6583323,3.0,2.0,-71.0
1777890700.6683323,1.0,2.0,-64.0
1777890700.6783323,2.0,-2.0,-63.0
1777890700.6883323,0.0,-2.0,-61.0
1777890700.6983323,-2.0,0.0,-59.0
1777890700.7083323,0.0,2.0,-57.0
1777890700.7183323,0.0,-1.0,-56.0
1777890700.7283323,-1.0,-1.0,-60.0
1777890700.7393324,0.0,0.0,-64.0
1777890700.7493324,-4.0,0.0,-65.0
1777890700.7593324,-6.0,0.0,-63.0
1777890700.7693324,-3.0,3.0,-60.0
1777890700.7793324,-1.0,3.0,-64.0
1777890700.7893324,0.0,3.0,-69.0
1777890700.7993324,-5.0,3.0,-69.0
1777890700.8093324,-7.0,2.0,-67.0
1777890700.8193324,-6.0,0.0,-72.0
1777890700.8293324,-6.0,-2.0,-71.0
1777890700.8393323,-4.0,-1.0,-66.0
1777890700.8493323,-3.0,-5.0,-60.0
1777890700.8593323,-3.0,-4.0,-63.0
1777890700.8693323,-5.0,-4.0,-65.0
1777890700.8793323,-8.0,-2.0,-70.0
1777890700.8893323,-2.0,0.0,-71.0
1777890700.8993323,-3.0,0.0,-78.0
1777890700.9093325,-4.0,0.0,-83.0
1777890700.9193325,-4.0,1.0,-81.0
1777890700.9293325,0.0,1.0,-81.0
1777890700.9393325,-1.0,4.0,-79.0
1777890700.9493325,1.0,-2.0,-75.0
1777890700.9593325,-4.0,0.0,-78.0
1777890700.9693325,-2.0,0.0,-79.0
1777890700.9793324,-1.0,-2.0,-76.0
1777890700.9893324,0.0,-4.0,-68.0
1777890700.9993324,3.0,-2.0,-73.0
1777890701.0093324,1.0,-1.0,-72.0
1777890701.0193324,1.0,-2.0,-69.0
1777890701.0293324,-3.0,-3.0,-71.0
1777890701.0393324,-2.0,-1.0,-75.0
1777890701.0493324,-3.0,-3.0,-73.0
1777890701.0593324,-2.0,-8.0,-78.0
1777890701.0693324,-2.0,-3.0,-72.0
1777890701.0793324,-2.0,-6.0,-71.0
1777890701.0893323,1.0,-4.0,-73.0
1777890701.0993323,2.0,-4.0,-71.0
1777890701.1093323,-1.0,0.0,-67.0
1777890701.1193323,-4.0,-1.0,-67.0
1777890701.1293323,-4.0,-2.0,-72.0
1777890701.1393323,-1.0,-3.0,-72.0
1777890701.1493323,-5.0,-3.0,-79.0
1777890701.1593325,0.0,-5.0,-79.0
1777890701.1693325,2.0,-1.0,-86.0
1777890701.1793325,3.0,-5.0,-85.0
1777890701.1893325,5.0,-8.0,-80.0
1777890701.1993325,9.0,-9.0,-77.0
1777890701.2093325,6.0,-2.0,-80.0
1777890701.2193325,7.0,1.0,-78.0
1777890701.2293324,5.0,0.0,-77.0
1777890701.2393324,-2.0,3.0,-74.0
1777890701.2493324,0.0,4.0,-75.0
1777890701.2593324,2.0,6.0,-78.0
1777890701.2693324,2.0,4.0,-76.0
1777890701.2793324,1.0,3.0,-77.0
1777890701.2893324,-2.0,-1.0,-76.0
1777890701.2993324,-2.0,-2.0,-79.0
1777890701.3093324,-4.0,-5.0,-78.0
1777890701.3193324,-5.0,-8.0,-81.0
1777890701.3293324,0.0,-7.0,-78.0
1777890701.3393323,2.0,-2.0,-78.0
1777890701.3493323,4.0,1.0,-84.0
1777890701.3593323,-1.0,-1.0,-88.0
1777890701.3693323,-1.0,-1.0,-86.0
1777890701.3793323,1.0,-2.0,-80.0
1777890701.3893323,0.0,-2.0,-77.0
1777890701.3993323,0.0,0.0,-72.0
1777890701.4093325,5.0,1.0,-75.0
1777890701.4193325,1.0,1.0,-75.0
1777890701.4293325,2.0,2.0,-75.0
1777890701.4393325,2.0,4.0,-77.0
1777890701.4493325,1.0,1.0,-76.0
1777890701.4593325,2.0,0.0,-77.0
1777890701.4693325,2.0,-3.0,-68.0
1777890701.4793324,2.0,-3.0,-70.0
1777890701.4893324,3.0,2.0,-69.0
1777890701.4993324,3.0,1.0,-73.0
1777890701.5093324,7.0,3.0,-74.0
1777890701.5193324,9.0,7.0,-75.0
1777890701.5293324,9.0,1.0,-69.0
1777890701.5393324,10.0,3.0,-65.0
1777890701.5493324,8.0,3.0,-66.0
1777890701.5593324,8.0,3.0,-64.0
1777890701.5693324,7.0,0.0,-63.0
1777890701.5793324,3.0,0.0,-66.0
1777890701.5893323,0.0,-1.0,-69.0
1777890701.5993323,0.0,0.0,-64.0
1777890701.6093323,0.0,2.0,-69.0
1777890701.6193323,0.0,0.0,-72.0
1777890701.6293323,-2.0,-3.0,-80.0
1777890701.6393323,-1.0,-6.0,-79.0
1777890701.6493323,0.0,-6.0,-79.0
1777890701.6593325,-2.0,-2.0,-75.0
1777890701.6693325,0.0,-3.0,-71.0
1777890701.6793325,-1.0,-1.0,-79.0
1777890701.6893325,-1.0,-3.0,-79.0
1777890701.6993325,-1.0,-5.0,-77.0
1777890701.7093325,3.0,-3.0,-79.0
1777890701.7193325,2.0,0.0,-84.0
1777890701.7293324,0.0,1.0,-78.0
1777890701.7393324,1.0,5.0,-73.0
1777890701.7493324,3.0,6.0,-73.0
1777890701.7593324,2.0,5.0,-77.0
1777890701.7693324,6.0,0.0,-76.0
1777890701.7793324,1.0,0.0,-75.0
1777890701.7893324,1.0,0.0,-74.0
1777890701.7993324,0.0,-1.0,-73.0
1777890701.8093324,-2.0,0.0,-73.0
1777890701.8193324,2.0,3.0,-77.0
1777890701.8293324,0.0,4.0,-82.0
1777890701.8393323,-1.0,3.0,-75.0
1777890701.8493323,-4.0,0.0,-78.0
1777890701.8593323,-1.0,-2.0,-79.0
1777890701.8693323,4.0,-2.0,-79.0
1777890701.8793323,2.0,-2.0,-76.0
1777890701.8893323,0.0,-5.0,-68.0
1777890701.8993323,-2.0,-3.0,-65.0
1777890701.9093325,-8.0,-6.0,-60.0
1777890701.9193325,-7.0,-4.0,-64.0
1777890701.9293325,-6.0,-5.0,-67.0
1777890701.9393325,-9.0,-2.0,-69.0
1777890701.9493325,-5.0,-4.0,-74.0
1777890701.9593325,-1.0,-2.0,-72.0
1777890701.9693325,2.0,-3.0,-75.0
1777890701.9793324,2.0,0.0,-76.0
1777890701.9893324,5.0,0.0,-74.0
1777890701.9993324,1.0,1.0,-72.0
1777890702.0093324,1.0,4.0,-70.0
1777890702.0193324,-3.0,4.0,-74.0
1777890702.0293324,3.0,3.0,-77.0
1777890702.0393324,2.0,1.0,-79.0
1777890702.0493324,-3.0,0.0,-78.0
1777890702.0593324,-3.0,-1.0,-73.0
1777890702.0693324,0.0,-2.0,-74.0
1777890702.0793324,5.0,-7.0,-77.0
1777890702.0893323,3.0,-6.0,-83.0
1777890702.0993323,0.0,-5.0,-83.0
1777890702.1093323,-2.0,0.0,-84.0
1777890702.1193323,-3.0,5.0,-72.0
1777890702.1293323,0.0,1.0,-75.0
1777890702.1393323,1.0,3.0,-80.0
1777890702.1493323,0.0,3.0,-85.0
1777890702.1593325,-1.0,2.0,-84.0
1777890702.1693325,-4.0,2.0,-81.0
1777890702.1793325,-2.0,3.0,-82.0
1777890702.1893325,-2.0,2.0,-76.0
1777890702.1993325,-3.0,3.0,-76.0
1777890702.2093325,-5.0,3.0,-76.0
1777890702.2193325,-7.0,-2.0,-77.0
1777890702.2293324,-4.0,-1.0,-84.0
1777890702.2393324,-3.0,-2.0,-81.0
1777890702.2493324,-4.0,-2.0,-77.0
1777890702.2593324,0.0,0.0,-79.0
1777890702.2693324,3.0,2.0,-81.0
1777890702.2793324,7.0,1.0,-84.0
1777890702.2893324,5.0,5.0,-83.0
1777890702.2993324,6.0,3.0,-83.0
1777890702.3093324,4.0,1.0,-86.0
1777890702.3193324,4.0,3.0,-81.0
1777890702.3293324,5.0,0.0,-83.0
1777890702.3393323,1.0,-4.0,-76.0
1777890702.3493323,-5.0,-3.0,-77.0
1777890702.3593323,-3.0,0.0,-72.0
1777890702.3693323,-1.0,1.0,-70.0
1777890702.3793323,-3.0,2.0,-72.0
1777890702.3893323,-2.0,1.0,-73.0
1777890702.3993323,0.0,2.0,-78.0
1777890702.4093325,-2.0,0.0,-80.0
1777890702.4193325,1.0,0.0,-76.0
1777890702.4293325,7.0,0.0,-69.0
1777890702.4393325,7.0,0.0,-78.0
1777890702.4493325,5.0,0.0,-77.0
1777890702.4593325,2.0,5.0,-74.0
1777890702.4693325,0.0,1.0,-77.0
1777890702.4793324,-2.0,0.0,-72.0
1777890702.4893324,0.0,-1.0,-69.0
1777890702.4993324,2.0,-5.0,-70.0
1777890702.5093324,1.0,-5.0,-70.0
1777890702.5193324,-1.0,0.0,-70.0
1777890702.5293324,0.0,0.0,-69.0
1777890702.5393324,2.0,1.0,-69.0
1777890702.5493324,2.0,0.0,-68.0
1777890702.5593324,0.0,0.0,-68.0
1777890702.5693324,-3.0,-1.0,-69.0
1777890702.5793324,-3.0,-3.0,-70.0
1777890702.5893323,0.0,-1.0,-74.0
1777890702.5993323,-3.0,1.0,-70.0
1777890702.6093323,-11.0,1.0,-71.0
1777890702.6193323,-7.0,-4.0,-76.0
1777890702.6293323,-5.0,-3.0,-73.0
1777890702.6393323,-4.0,0.0,-73.0
1777890702.6493323,-4.0,-5.0,-76.0
1777890702.6593325,0.0,-5.0,-78.0
1777890702.6693325,0.0,-2.0,-73.0
1777890702.6793325,-2.0,0.0,-69.0
1777890702.6893325,2.0,2.0,-72.0
1777890702.6993325,5.0,0.0,-68.0
1777890702.7093325,8.0,0.0,-73.0
1777890702.7203324,10.0,-2.0,-73.0
1777890702.7303324,11.0,-5.0,-77.0
1777890702.7403324,10.0,-7.0,-73.0
1777890702.7503324,7.0,-9.0,-71.0
1777890702.7603323,6.0,-10.0,-76.0
1777890702.7703323,4.0,-10.0,-74.0
1777890702.7803323,3.0,-13.0,-72.0
1777890702.7903323,4.0,-10.0,-76.0
1777890702.8003323,4.0,-13.0,-76.0
1777890702.8103323,2.0,-9.0,-78.0
1777890702.8203323,3.0,-9.0,-80.0
1777890702.8303325,4.0,-5.0,-79.0
1777890702.8403325,6.0,-3.0,-77.0
1777890702.8503325,2.0,-1.0,-72.0
1777890702.8603325,3.0,2.0,-67.0
1777890702.8703325,0.0,0.0,-66.0
1777890702.8803325,-1.0,-1.0,-64.0
1777890702.8903325,1.0,-4.0,-69.0
1777890702.9003325,3.0,-4.0,-71.0
1777890702.9103324,4.0,-9.0,-72.0
1777890702.9203324,3.0,-11.0,-66.0
1777890702.9303324,3.0,-8.0,-62.0
1777890702.9403324,1.0,-4.0,-64.0
1777890702.9503324,0.0,-2.0,-68.0
1777890702.9603324,-2.0,0.0,-68.0
1777890702.9703324,-4.0,0.0,-67.0
1777890702.9803324,-6.0,0.0,-70.0
1777890702.9903324,-4.0,1.0,-72.0
1777890703.0003324,-3.0,-1.0,-67.0
1777890703.0103323,-1.0,-3.0,-66.0
1777890703.0203323,3.0,-3.0,-68.0
1777890703.0303323,4.0,-2.0,-68.0
1777890703.0403323,3.0,-4.0,-71.0
1777890703.0503323,4.0,-2.0,-71.0
1777890703.0603323,1.0,1.0,-74.0
1777890703.0703323,-1.0,3.0,-75.0
1777890703.0803325,-2.0,1.0,-76.0
1777890703.0903325,1.0,-4.0,-77.0
1777890703.1003325,1.0,-3.0,-83.0
1777890703.1103325,1.0,-4.0,-79.0
1777890703.1203325,2.0,-3.0,-78.0
1777890703.1303325,0.0,-3.0,-72.0
1777890703.1403325,-5.0,-2.0,-69.0
1777890703.1503325,-6.0,0.0,-73.0
1777890703.1603324,-5.0,1.0,-76.0
1777890703.1703324,-3.0,3.0,-81.0
1777890703.1803324,-4.0,4.0,-84.0
1777890703.1903324,-7.0,3.0,-73.0
1777890703.2003324,-9.0,5.0,-79.0
1777890703.2103324,-10.0,3.0,-74.0
1777890703.2203324,-9.0,1.0,-75.0
1777890703.2303324,-3.0,-3.0,-71.0
1777890703.2403324,0.0,-1.0,-74.0
1777890703.2503324,-1.0,-3.0,-75.0
1777890703.2603323,-1.0,-3.0,-68.0
1777890703.2703323,1.0,-6.0,-66.0
1777890703.2803323,0.0,-7.0,-60.0
1777890703.2903323,2.0,-2.0,-60.0
1777890703.3003323,2.0,0.0,-65.0
1777890703.3103323,1.0,-9.0,-63.0
1777890703.3203323,-2.0,-7.0,-60.0
1777890703.3303325,-1.0,-5.0,-57.0
1777890703.3403325,0.0,-3.0,-63.0
1777890703.3503325,0.0,-6.0,-60.0
1777890703.3603325,-1.0,-5.0,-61.0
1777890703.3703325,0.0,-5.0,-72.0
1777890703.3803325,1.0,-2.0,-80.0
1777890703.3903325,0.0,-3.0,-87.0
1777890703.4003325,0.0,-3.0,-87.0
1777890703.4103324,0.0,-1.0,-83.0
1777890703.4203324,-4.0,0.0,-77.0
1777890703.4303324,-6.0,0.0,-76.0
1777890703.4403324,-5.0,3.0,-74.0
1777890703.4503324,-3.0,7.0,-70.0
1777890703.4603324,1.0,4.0,-68.0
1777890703.4703324,0.0,3.0,-65.0
1777890703.4803324,1.0,0.0,-67.0
1777890703.4903324,4.0,-1.0,-68.0
1777890703.5003324,3.0,-10.0,-72.0
1777890703.5103323,5.0,-7.0,-68.0
1777890703.5203323,3.0,-6.0,-74.0
1777890703.5303323,4.0,-8.0,-72.0
1777890703.5403323,1.0,-3.0,-76.0
1777890703.5503323,0.0,-5.0,-79.0
1777890703.5603323,-1.0,-2.0,-74.0
1777890703.5703323,-3.0,-4.0,-69.0
1777890703.5803325,0.0,-2.0,-67.0
1777890703.5903325,-6.0,2.0,-70.0
1777890703.6003325,-11.0,2.0,-66.0
1777890703.6103325,-13.0,2.0,-69.0
1777890703.6203325,-10.0,-4.0,-72.0
1777890703.6303325,-8.0,-2.0,-78.0
1777890703.6403325,-7.0,-3.0,-77.0
1777890703.6503325,-5.0,-1.0,-73.0
1777890703.6603324,0.0,-2.0,-68.0
1777890703.6703324,-2.0,-2.0,-66.0
1777890703.6803324,-4.0,-5.0,-72.0
1777890703.6903324,0.0,-4.0,-74.0
1777890703.7003324,2.0,-2.0,-75.0
1777890703.7103324,-1.0,-1.0,-82.0
1777890703.7203324,-2.0,-2.0,-78.0
1777890703.7303324,0.0,1.0,-78.0
1777890703.7403324,0.0,-1.0,-79.0
1777890703.7503324,-2.0,1.0,-74.0
1777890703.7603323,-3.0,4.0,-71.0
1777890703.7703323,-3.0,3.0,-72.0
1777890703.7803323,-6.0,1.0,-73.0
1777890703.7903323,-3.0,1.0,-78.0
1777890703.8003323,-2.0,1.0,-81.0
1777890703.8103323,-5.0,1.0,-75.0
1777890703.8203323,-4.0,1.0,-77.0
1777890703.8303325,0.0,-2.0,-72.0
1777890703.8403325,2.0,-2.0,-77.0
1777890703.8503325,0.0,2.0,-76.0
1777890703.8603325,0.0,2.0,-80.0
1777890703.8703325,4.0,0.0,-80.0
1777890703.8803325,1.0,1.0,-70.0
1777890703.8903325,2.0,2.0,-67.0
1777890703.9003325,4.0,2.0,-70.0
1777890703.9103324,3.0,2.0,-67.0
1777890703.9203324,5.0,0.0,-73.0
1777890703.9303324,0.0,0.0,-82.0
1777890703.9403324,-3.0,2.0,-82.0
1777890703.9503324,-2.0,5.0,-86.0
1777890703.9603324,-1.0,0.0,-84.0
1777890703.9703324,-2.0,0.0,-77.0
1777890703.9803324,-6.0,0.0,-74.0
1777890703.9903324,0.0,-3.0,-71.0
1777890704.0003324,-1.0,-5.0,-72.0
1777890704.0103323,1.0,-2.0,-66.0
1777890704.0203323,5.0,-1.0,-66.0
1777890704.0303323,9.0,-2.0,-72.0
1777890704.0403323,9.0,-1.0,-78.0
1777890704.0503323,11.0,-7.0,-80.0
1777890704.0603323,7.0,-4.0,-77.0
1777890704.0703323,6.0,-8.0,-77.0
1777890704.0803325,3.0,-8.0,-79.0
1777890704.0903325,4.0,-2.0,-78.0
1777890704.1003325,1.0,1.0,-81.0
1777890704.1103325,0.0,-2.0,-82.0
1777890704.1203325,-1.0,-5.0,-87.0
1777890704.1303325,-3.0,-7.0,-87.0
1777890704.1403325,4.0,-7.0,-80.0
1777890704.1503325,4.0,-7.0,-78.0
1777890704.1603324,2.0,-6.0,-76.0
1777890704.1703324,3.0,-5.0,-69.0
1777890704.1803324,2.0,-1.0,-72.0
1777890704.1903324,8.0,-3.0,-82.0
1777890704.2003324,7.0,-3.0,-81.0
1777890704.2103324,7.0,-2.0,-87.0
1777890704.2203324,4.0,-2.0,-94.0
1777890704.2303324,3.0,-1.0,-96.0
1777890704.2403324,-1.0,-2.0,-84.0
1777890704.2503324,-3.0,-4.0,-87.0
1777890704.2603323,0.0,-3.0,-88.0
1777890704.2703323,2.0,-7.0,-82.0
1777890704.2803323,-1.0,-7.0,-83.0
1777890704.2903323,-6.0,-2.0,-81.0
1777890704.3003323,-2.0,2.0,-79.0
1777890704.3103323,3.0,1.0,-82.0
1777890704.3203323,5.0,2.0,-75.0
1777890704.3303325,6.0,2.0,-75.0
1777890704.3403325,4.0,-1.0,-75.0
1777890704.3503325,1.0,2.0,-74.0
1777890704.3603325,2.0,-4.0,-78.0
1777890704.3703325,3.0,-7.0,-79.0
1777890704.3803325,3.0,-9.0,-76.0
1777890704.3903325,3.0,-6.0,-77.0
1777890704.4003325,8.0,-2.0,-74.0
1777890704.4103324,7.0,-1.0,-65.0
1777890704.4203324,3.0,-4.0,-64.0
1777890704.4303324,0.0,-2.0,-68.0
1777890704.4403324,2.0,-2.0,-70.0
1777890704.4503324,1.0,-2.0,-69.0
1777890704.4603324,1.0,2.0,-63.0
1777890704.4703324,1.0,4.0,-61.0
1777890704.4803324,3.0,0.0,-71.0
1777890704.4903324,1.0,4.0,-72.0
1777890704.5003324,3.0,2.0,-76.0
1777890704.5103323,0.0,2.0,-79.0
1777890704.5203323,0.0,1.0,-80.0
1777890704.5303323,-2.0,-4.0,-78.0
1777890704.5403323,0.0,-11.0,-75.0
1777890704.5503323,-2.0,-13.0,-73.0
1777890704.5603323,0.0,-5.0,-73.0
1777890704.5703323,0.0,-4.0,-73.0
1777890704.5803325,-2.0,-5.0,-64.0
1777890704.5903325,0.0,-4.0,-63.0
1777890704.6003325,6.0,-4.0,-63.0
1777890704.6103325,7.0,-3.0,-66.0
1777890704.6203325,8.0,-5.0,-70.0
1777890704.6303325,6.0,-7.0,-70.0
1777890704.6403325,4.0,-5.0,-65.0
1777890704.6503325,5.0,-6.0,-70.0
1777890704.6603324,8.0,-5.0,-71.0
1777890704.6703324,9.0,-3.0,-69.0
1777890704.6803324,5.0,-1.0,-67.0
1777890704.6903324,8.0,-2.0,-68.0
1777890704.7003324,8.0,-2.0,-73.0
1777890704.7113323,9.0,-3.0,-76.0
1777890704.7213323,13.0,-3.0,-77.0
1777890704.7313323,8.0,-5.0,-88.0
1777890704.7413323,5.0,-8.0,-83.0
1777890704.7513323,8.0,-9.0,-76.0
1777890704.7613325,6.0,-8.0,-76.0
1777890704.7713325,4.0,-9.0,-77.0
1777890704.7813325,5.0,-3.0,-81.0
1777890704.7913325,4.0,-3.0,-85.0
1777890704.8013325,4.0,-5.0,-86.0
1777890704.8113325,8.0,-6.0,-84.0
1777890704.8213325,12.0,-8.0,-81.0
1777890704.8313324,9.0,-10.0,-74.0
1777890704.8413324,4.0,-3.0,-74.0
1777890704.8513324,0.0,-2.0,-70.0
1777890704.8613324,-3.0,0.0,-67.0
1777890704.8713324,-4.0,1.0,-69.0
1777890704.8813324,0.0,3.0,-74.0
1777890704.8913324,-3.0,2.0,-75.0
1777890704.9013324,-3.0,0.0,-68.0
1777890704.9113324,-5.0,2.0,-72.0
1777890704.9213324,-3.0,2.0,-67.0
1777890704.9313323,-3.0,-1.0,-71.0
1777890704.9413323,-6.0,-4.0,-67.0
1777890704.9513323,0.0,-4.0,-61.0
1777890704.9613323,1.0,-3.0,-64.0
1777890704.9713323,1.0,-3.0,-70.0
1777890704.9813323,-2.0,-4.0,-76.0
1777890704.9913323,-6.0,-4.0,-68.0
1777890705.0013323,-8.0,-6.0,-68.0
1777890705.0113325,-5.0,-6.0,-67.0
1777890705.0213325,0.0,-7.0,-68.0
1777890705.0313325,1.0,-7.0,-69.0
1777890705.0413325,2.0,-10.0,-71.0
1777890705.0513325,6.0,-9.0,-73.0
1777890705.0613325,4.0,-6.0,-69.0
1777890705.0713325,3.0,-6.0,-70.0
1777890705.0813324,5.0,-4.0,-77.0
1777890705.0913324,2.0,-2.0,-79.0
1777890705.1013324,3.0,-2.0,-79.0
1777890705.1113324,0.0,-2.0,-79.0
1777890705.1213324,0.0,-3.0,-80.0
1777890705.1313324,0.0,-3.0,-74.0
1777890705.1413324,3.0,-1.0,-79.0
1777890705.1513324,5.0,2.0,-83.0
1777890705.1613324,4.0,5.0,-80.0
1777890705.1713324,1.0,3.0,-75.0
1777890705.1813323,-1.0,4.0,-72.0
1777890705.1913323,-2.0,0.0,-72.0
1777890705.2013323,0.0,1.0,-74.0
1777890705.2113323,0.0,1.0,-75.0
1777890705.2213323,3.0,0.0,-67.0
1777890705.2313323,5.0,-3.0,-65.0
1777890705.2413323,5.0,0.0,-64.0
1777890705.2513323,7.0,-2.0,-66.0
1777890705.2613325,3.0,-6.0,-72.0
1777890705.2713325,7.0,-8.0,-75.0
1777890705.2813325,5.0,-5.0,-77.0
1777890705.2923324,6.0,-5.0,-83.0
1777890705.3013325,11.0,-6.0,-83.0
1777890705.3113325,8.0,-3.0,-83.0
1777890705.3213325,10.0,0.0,-81.0
1777890705.3313324,7.0,0.0,-82.0
1777890705.3413324,5.0,0.0,-82.0
1777890705.3513324,5.0,-2.0,-81.0
1777890705.3613324,2.0,-3.0,-76.0
1777890705.3713324,0.0,-5.0,-79.0
1777890705.3813324,0.0,-2.0,-79.0
1777890705.3913324,0.0,0.0,-77.0
1777890705.4013324,3.0,-2.0,-77.0
1777890705.4113324,5.0,-1.0,-85.0
1777890705.4213324,0.0,0.0,-86.0
1777890705.4313323,4.0,-1.0,-83.0
1777890705.4413323,0.0,-4.0,-89.0
1777890705.4513323,-1.0,-3.0,-90.0
1777890705.4613323,-2.0,-1.0,-87.0
1777890705.4713323,-1.0,-1.0,-85.0
1777890705.4813323,-5.0,0.0,-90.0
1777890705.4913323,-8.0,0.0,-85.0
1777890705.5013323,-5.0,0.0,-79.0
1777890705.5113325,0.0,-4.0,-74.0
1777890705.5213325,-1.0,-6.0,-77.0
1777890705.5313325,-1.0,-2.0,-79.0
1777890705.5413325,0.0,0.0,-77.0
1777890705.5513325,0.0,-1.0,-76.0
1777890705.5613325,0.0,0.0,-78.0
1777890705.5713325,3.0,3.0,-78.0
1777890705.5813324,1.0,3.0,-84.0
1777890705.5913324,5.0,4.0,-82.0
1777890705.6013324,5.0,1.0,-77.0
1777890705.6113324,6.0,-2.0,-75.0
1777890705.6213324,3.0,-3.0,-70.0
1777890705.6313324,5.0,-1.0,-67.0
1777890705.6413324,6.0,0.0,-66.0
1777890705.6513324,4.0,-2.0,-71.0
1777890705.6613324,3.0,-1.0,-65.0
1777890705.6713324,0.0,0.0,-60.0
1777890705.6813323,0.0,-1.0,-66.0
1777890705.6913323,-1.0,0.0,-58.0
1777890705.7013323,-1.0,0.0,-64.0
1777890705.7113323,0.0,-3.0,-69.0
1777890705.7213323,0.0,-1.0,-66.0
1777890705.7313323,3.0,-2.0,-61.0
1777890705.7413323,0.0,0.0,-59.0
1777890705.7513323,1.0,-5.0,-59.0
1777890705.7613325,1.0,-2.0,-64.0
1777890705.7713325,4.0,-5.0,-72.0
1777890705.7813325,4.0,-4.0,-71.0
1777890705.7913325,1.0,-1.0,-70.0
1777890705.8013325,1.0,-3.0,-76.0
1777890705.8113325,0.0,-1.0,-77.0
1777890705.8213325,0.0,0.0,-78.0
1777890705.8313324,0.0,0.0,-79.0
1777890705.8413324,4.0,1.0,-78.0
1777890705.8513324,3.0,6.0,-76.0
1777890705.8613324,0.0,6.0,-74.0
1777890705.8713324,1.0,6.0,-75.0
1777890705.8813324,-3.0,6.0,-74.0
1777890705.8913324,-3.0,4.0,-75.0
1777890705.9013324,-1.0,5.0,-75.0
1777890705.9113324,1.0,4.0,-71.0
1777890705.9213324,2.0,5.0,-76.0
1777890705.9313323,0.0,4.0,-74.0
1777890705.9413323,0.0,2.0,-75.0
1777890705.9513323,2.0,1.0,-73.0
1777890705.9613323,2.0,3.0,-77.0
1777890705.9713323,-1.0,-2.0,-78.0
1777890705.9813323,-3.0,0.0,-70.0
1777890705.9913323,-3.0,-3.0,-74.0
1777890706.0013323,-1.0,-2.0,-78.0
1777890706.0113325,-2.0,0.0,-77.0
1777890706.0213325,0.0,0.0,-77.0
1777890706.0313325,-2.0,-2.0,-77.0
1777890706.0413325,-1.0,-5.0,-70.0
1777890706.0513325,0.0,-2.0,-65.0
1777890706.0613325,0.0,-2.0,-61.0
1777890706.0713325,-1.0,-4.0,-67.0
1777890706.0813324,-1.0,-1.0,-73.0
1777890706.0913324,3.0,1.0,-79.0
1777890706.1013324,2.0,0.0,-77.0
1777890706.1113324,-2.0,3.0,-78.0
1777890706.1213324,-1.0,3.0,-76.0
1777890706.1313324,0.0,1.0,-73.0
1777890706.1413324,0.0,1.0,-78.0
1777890706.1513324,0.0,3.0,-77.0
1777890706.1613324,-3.0,5.0,-75.0
1777890706.1713324,-1.0,6.0,-69.0
1777890706.1813323,0.0,9.0,-68.0
1777890706.1913323,3.0,6.0,-62.0
1777890706.2013323,0.0,2.0,-62.0
1777890706.2113323,1.0,1.0,-65.0
1777890706.2213323,-2.0,0.0,-62.0
1777890706.2313323,-4.0,-5.0,-65.0
1777890706.2413323,-1.0,-7.0,-64.0
1777890706.2513323,-3.0,-5.0,-72.0
1777890706.2613325,-3.0,-4.0,-72.0
1777890706.2713325,-5.0,-7.0,-70.0
1777890706.2813325,-4.0,-9.0,-67.0
1777890706.2913325,-3.0,-9.0,-69.0
1777890706.3013325,-1.0,-7.0,-69.0
1777890706.3113325,1.0,-3.0,-73.0
1777890706.3213325,-3.0,-1.0,-67.0
1777890706.3313324,-4.0,-3.0,-65.0
1777890706.3413324,-2.0,-3.0,-69.0
1777890706.3513324,1.0,-1.0,-66.0
1777890706.3613324,0.0,0.0,-64.0
1777890706.3713324,2.0,0.0,-60.0
1777890706.3813324,1.0,1.0,-60.0
1777890706.3913324,-3.0,0.0,-54.0
1777890706.4013324,-6.0,0.0,-59.0
1777890706.4113324,-5.0,-1.0,-70.0
1777890706.4213324,-1.0,0.0,-68.0
1777890706.4313323,-4.0,-2.0,-63.0
1777890706.4413323,-3.0,-2.0,-70.0
1777890706.4513323,-4.0,-4.0,-71.0
1777890706.4613323,-6.0,-4.0,-80.0
1777890706.4713323,0.0,-3.0,-76.0
1777890706.4813323,0.0,-4.0,-80.0
1777890706.4913323,1.0,-4.0,-81.0
1777890706.5013323,0.0,-7.0,-73.0
1777890706.5113325,-4.0,-4.0,-74.0
1777890706.5213325,0.0,0.0,-73.0
1777890706.5313325,0.0,-3.0,-68.0
1777890706.5413325,-1.0,-2.0,-64.0
1777890706.5513325,3.0,-2.0,-71.0
1777890706.5613325,0.0,-1.0,-75.0
1777890706.5713325,1.0,-5.0,-70.0
1777890706.5823324,2.0,-6.0,-71.0
1777890706.5913324,2.0,-5.0,-75.0
1777890706.6013324,1.0,-7.0,-71.0
1777890706.6113324,3.0,-7.0,-71.0
1777890706.6213324,5.0,-8.0,-69.0
1777890706.6313324,4.0,-3.0,-70.0
1777890706.6413324,3.0,-3.0,-71.0
1777890706.6513324,0.0,-2.0,-66.0
1777890706.6613324,2.0,-2.0,-64.0
1777890706.6723323,4.0,-2.0,-66.0
1777890706.6823325,2.0,-3.0,-65.0
1777890706.6923325,1.0,-3.0,-67.0
1777890706.7023325,1.0,-5.0,-72.0
1777890706.7123325,2.0,-4.0,-76.0
1777890706.7223325,1.0,0.0,-72.0
1777890706.7323325,3.0,2.0,-72.0
1777890706.7423325,3.0,4.0,-68.0
1777890706.7523324,0.0,3.0,-60.0
1777890706.7623324,-3.0,2.0,-67.0
1777890706.7723324,-3.0,1.0,-66.0
1777890706.7823324,-5.0,0.0,-73.0
1777890706.7923324,-2.0,1.0,-73.0
1777890706.8023324,-4.0,3.0,-68.0
1777890706.8123324,-3.0,2.0,-69.0
1777890706.8223324,-8.0,1.0,-68.0
1777890706.8323324,-5.0,1.0,-67.0
1777890706.8423324,1.0,-1.0,-68.0
1777890706.8523324,2.0,1.0,-66.0
1777890706.8623323,3.0,1.0,-76.0
1777890706.8723323,2.0,-4.0,-78.0
1777890706.8823323,3.0,-4.0,-75.0
1777890706.8923323,3.0,-6.0,-64.0
1777890706.9023323,0.0,-5.0,-67.0
1777890706.9123323,1.0,-3.0,-64.0
1777890706.9223323,1.0,-1.0,-61.0
1777890706.9323325,1.0,-6.0,-61.0
1777890706.9423325,3.0,-7.0,-62.0
1777890706.9523325,2.0,-2.0,-70.0
1777890706.9623325,4.0,-2.0,-70.0
1777890706.9723325,6.0,-2.0,-74.0
1777890706.9823325,4.0,-3.0,-70.0
1777890706.9923325,5.0,-2.0,-68.0
1777890707.0023324,3.0,-1.0,-65.0
1777890707.0123324,4.0,1.0,-73.0
1777890707.0223324,1.0,0.0,-74.0
1777890707.0323324,2.0,-4.0,-68.0
1777890707.0423324,6.0,-2.0,-64.0
1777890707.0523324,12.0,0.0,-67.0
1777890707.0623324,7.0,0.0,-72.0
1777890707.0723324,2.0,-1.0,-70.0
1777890707.0823324,2.0,2.0,-69.0
1777890707.0923324,-1.0,2.0,-63.0
1777890707.1023324,-1.0,-1.0,-67.0
1777890707.1123323,-1.0,1.0,-68.0
1777890707.1223323,1.0,0.0,-69.0
1777890707.1323323,2.0,1.0,-72.0
1777890707.1423323,0.0,2.0,-73.0
1777890707.1523323,-5.0,-1.0,-73.0
1777890707.1623323,-5.0,-7.0,-63.0
1777890707.1723323,-3.0,-7.0,-64.0
1777890707.1823325,-3.0,-7.0,-69.0
1777890707.1923325,-1.0,-11.0,-65.0
1777890707.2023325,3.0,-9.0,-64.0
1777890707.2123325,0.0,-6.0,-71.0
1777890707.2223325,4.0,-5.0,-67.0
1777890707.2323325,5.0,0.0,-71.0
1777890707.2423325,7.0,0.0,-68.0
1777890707.2523324,7.0,4.0,-68.0
1777890707.2623324,4.0,0.0,-69.0
1777890707.2723324,4.0,-4.0,-67.0
1777890707.2823324,2.0,-4.0,-63.0
1777890707.2923324,3.0,0.0,-65.0
1777890707.3023324,1.0,0.0,-71.0
1777890707.3123324,3.0,-1.0,-68.0
1777890707.3223324,0.0,-2.0,-66.0
1777890707.3323324,0.0,0.0,-64.0
1777890707.3423324,1.0,0.0,-68.0
1777890707.3523324,3.0,2.0,-73.0
1777890707.3623323,3.0,3.0,-77.0
1777890707.3723323,3.0,2.0,-85.0
1777890707.3823323,5.0,0.0,-79.0
1777890707.3923323,6.0,0.0,-79.0
1777890707.4023323,6.0,-4.0,-82.0
1777890707.4123323,4.0,-7.0,-81.0
1777890707.4223323,4.0,-5.0,-82.0
1777890707.4323325,2.0,0.0,-78.0
1777890707.4423325,-2.0,4.0,-77.0
1777890707.4523325,0.0,2.0,-80.0
1777890707.4623325,1.0,2.0,-86.0
1777890707.4723325,0.0,2.0,-85.0
1777890707.4823325,1.0,3.0,-89.0
1777890707.4923325,0.0,4.0,-85.0
1777890707.5023324,7.0,1.0,-86.0
1777890707.5123324,6.0,4.0,-86.0
1777890707.5223324,1.0,5.0,-83.0
1777890707.5323324,-3.0,1.0,-82.0
1777890707.5423324,-3.0,0.0,-80.0
1777890707.5523324,0.0,0.0,-77.0
1777890707.5623324,0.0,-1.0,-78.0
1777890707.5723324,2.0,0.0,-76.0
1777890707.5823324,3.0,-2.0,-74.0
1777890707.5923324,2.0,0.0,-74.0
1777890707.6023324,-2.0,0.0,-76.0
1777890707.6123323,-5.0,0.0,-74.0
1777890707.6223323,-5.0,-1.0,-78.0
1777890707.6323323,0.0,-5.0,-80.0
1777890707.6423323,2.0,-7.0,-75.0
1777890707.6523323,4.0,-6.0,-80.0
1777890707.6623323,5.0,-3.0,-77.0
1777890707.6723323,5.0,-1.0,-69.0
1777890707.6823325,7.0,0.0,-73.0
1777890707.6923325,8.0,4.0,-75.0
1777890707.7023325,5.0,3.0,-75.0
1777890707.7123325,2.0,-2.0,-72.0
1777890707.7223325,-1.0,-1.0,-69.0
1777890707.7323325,0.0,-1.0,-67.0
1777890707.7423325,2.0,-2.0,-70.0
1777890707.7523324,6.0,-1.0,-64.0
1777890707.7623324,0.0,0.0,-65.0
1777890707.7723324,1.0,0.0,-66.0
1777890707.7823324,2.0,-4.0,-72.0
1777890707.7923324,0.0,-7.0,-76.0
1777890707.8023324,0.0,-1.0,-79.0
1777890707.8123324,0.0,0.0,-76.0
1777890707.8223324,-1.0,-3.0,-77.0
1777890707.8323324,2.0,-1.0,-77.0
1777890707.8423324,1.0,-2.0,-73.0
1777890707.8523324,0.0,-6.0,-82.0
1777890707.8623323,0.0,-5.0,-80.0
1777890707.8723323,0.0,-7.0,-72.0
1777890707.8823323,-1.0,-11.0,-74.0
1777890707.8923323,-3.0,-11.0,-72.0
1777890707.9023323,1.0,-8.0,-78.0
1777890707.9123323,2.0,-7.0,-76.0
1777890707.9223323,7.0,-2.0,-81.0
1777890707.9323325,8.0,-1.0,-81.0
1777890707.9423325,3.0,0.0,-72.0
1777890707.9523325,4.0,0.0,-73.0
1777890707.9623325,4.0,1.0,-72.0
1777890707.9723325,2.0,3.0,-76.0
1777890707.9823325,3.0,5.0,-78.0
1777890707.9923325,-1.0,3.0,-74.0
1777890708.0023324,-3.0,0.0,-77.0
1777890708.0123324,-5.0,-1.0,-74.0
1777890708.0223324,-6.0,-3.0,-70.0
1777890708.0323324,0.0,-3.0,-71.0
1777890708.0423324,2.0,-3.0,-75.0
1777890708.0523324,0.0,-6.0,-76.0
1777890708.0623324,-2.0,-4.0,-72.0
1777890708.0723324,-7.0,-4.0,-72.0
1777890708.0823324,0.0,-2.0,-66.0
1777890708.0923324,-2.0,-4.0,-68.0
1777890708.1023324,-2.0,-3.0,-68.0
1777890708.1123323,-3.0,-4.0,-68.0
1777890708.1223323,-1.0,-6.0,-65.0
1777890708.1323323,-3.0,-7.0,-70.0
1777890708.1423323,-2.0,-5.0,-73.0
1777890708.1523323,-3.0,-4.0,-76.0
1777890708.1623323,-6.0,-2.0,-77.0
1777890708.1723323,-8.0,-5.0,-76.0
1777890708.1823325,-2.0,-7.0,-74.0
1777890708.1923325,-4.0,-8.0,-73.0
1777890708.2023325,-7.0,-7.0,-68.0
1777890708.2123325,-6.0,-10.0,-68.0
1777890708.2223325,-7.0,-5.0,-72.0
1777890708.2323325,-9.0,-7.0,-78.0
1777890708.2423325,-9.0,-4.0,-75.0
1777890708.2523324,0.0,-3.0,-74.0
1777890708.2623324,0.0,-3.0,-77.0
1777890708.2723324,0.0,-5.0,-72.0
1777890708.2823324,1.0,-2.0,-71.0
1777890708.2923324,1.0,-4.0,-68.0
1777890708.3023324,-2.0,-8.0,-76.0
1777890708.3123324,0.0,-7.0,-80.0
1777890708.3223324,3.0,-7.0,-83.0
1777890708.3323324,3.0,-7.0,-84.0
1777890708.3423324,0.0,-6.0,-82.0
1777890708.3523324,-1.0,-4.0,-80.0
1777890708.3623323,0.0,-7.0,-73.0
1777890708.3723323,-1.0,-3.0,-76.0
1777890708.3823323,-1.0,-4.0,-74.0
1777890708.3923323,0.0,-5.0,-69.0
1777890708.4023323,1.0,0.0,-73.0
1777890708.4123323,-2.0,0.0,-68.0
1777890708.4223323,-1.0,0.0,-66.0
1777890708.4323325,2.0,3.0,-67.0
1777890708.4423325,4.0,2.0,-63.0
1777890708.4523325,-1.0,0.0,-64.0
1777890708.4623325,-2.0,-2.0,-66.0
1777890708.4723325,-5.0,-2.0,-65.0
1777890708.4823325,-3.0,-1.0,-68.0
1777890708.4923325,-1.0,-1.0,-66.0
1777890708.5023324,1.0,2.0,-66.0
1777890708.5123324,-7.0,0.0,-67.0
1777890708.5223324,-2.0,0.0,-70.0
1777890708.5323324,0.0,0.0,-65.0
1777890708.5423324,0.0,-2.0,-63.0
1777890708.5523324,-1.0,-1.0,-69.0
1777890708.5623324,1.0,3.0,-68.0
1777890708.5723324,2.0,4.0,-68.0
1777890708.5823324,0.0,-1.0,-72.0
1777890708.5923324,0.0,1.0,-77.0
1777890708.6023324,2.0,2.0,-78.0
1777890708.6123323,0.0,0.0,-75.0
1777890708.6223323,-1.0,0.0,-79.0
1777890708.6323323,-2.0,-2.0,-82.0
1777890708.6423323,-2.0,-7.0,-73.0
1777890708.6523323,-2.0,-9.0,-68.0
1777890708.6633325,2.0,-6.0,-67.0
1777890708.6733325,4.0,-9.0,-68.0
1777890708.6833324,-1.0,-8.0,-72.0
1777890708.6933324,-4.0,-7.0,-70.0
1777890708.7033324,-7.0,-8.0,-71.0
1777890708.7133324,-8.0,-4.0,-72.0
1777890708.7233324,-6.0,1.0,-69.0
1777890708.7333324,-2.0,2.0,-67.0
1777890708.7433324,2.0,6.0,-67.0
1777890708.7533324,2.0,7.0,-62.0
1777890708.7633324,4.0,3.0,-63.0
1777890708.7733324,3.0,4.0,-63.0
1777890708.7833323,0.0,8.0,-65.0
1777890708.7933323,-3.0,5.0,-65.0
1777890708.8033323,-4.0,4.0,-64.0
1777890708.8133323,1.0,2.0,-71.0
1777890708.8233323,3.0,4.0,-68.0
1777890708.8333323,5.0,3.0,-66.0
1777890708.8433323,1.0,1.0,-67.0
1777890708.8533323,1.0,0.0,-70.0
1777890708.8633325,2.0,0.0,-72.0
1777890708.8733325,0.0,3.0,-77.0
1777890708.8833325,-2.0,0.0,-80.0
1777890708.8933325,0.0,-1.0,-83.0
1777890708.9033325,-2.0,2.0,-83.0
1777890708.9133325,-1.0,4.0,-76.0
1777890708.9233325,-1.0,2.0,-75.0
1777890708.9333324,-1.0,4.0,-70.0
1777890708.9433324,-1.0,5.0,-68.0
1777890708.9533324,-3.0,8.0,-70.0
1777890708.9633324,-1.0,7.0,-75.0
1777890708.9733324,0.0,5.0,-65.0
1777890708.9833324,2.0,3.0,-65.0
1777890708.9933324,5.0,0.0,-63.0
1777890709.0033324,5.0,-2.0,-59.0
1777890709.0133324,4.0,-5.0,-59.0
1777890709.0233324,-2.0,-2.0,-63.0
1777890709.0333323,-3.0,-2.0,-65.0
1777890709.0433323,1.0,-5.0,-74.0
1777890709.0533323,1.0,-5.0,-76.0
1777890709.0633323,2.0,-2.0,-72.0
1777890709.0733323,5.0,-1.0,-69.0
1777890709.0833323,0.0,-3.0,-71.0
1777890709.0933323,-5.0,-5.0,-75.0
1777890709.1033323,-2.0,-3.0,-76.0
1777890709.1133325,0.0,-4.0,-75.0
1777890709.1233325,5.0,-1.0,-76.0
1777890709.1333325,8.0,0.0,-70.0
1777890709.1433325,5.0,0.0,-63.0
1777890709.1533325,4.0,-2.0,-65.0
1777890709.1633325,3.0,-5.0,-66.0
1777890709.1733325,1.0,-8.0,-67.0
1777890709.1833324,2.0,-1.0,-68.0
1777890709.1933324,0.0,0.0,-74.0
1777890709.2033324,3.0,0.0,-70.0
1777890709.2133324,3.0,4.0,-68.0
1777890709.2233324,3.0,0.0,-66.0
1777890709.2333324,1.0,0.0,-74.0
1777890709.2433324,2.0,1.0,-78.0
1777890709.2533324,5.0,0.0,-78.0
1777890709.2633324,10.0,3.0,-86.0
1777890709.2733324,9.0,0.0,-72.0
1777890709.2833323,6.0,0.0,-70.0
1777890709.2933323,6.0,5.0,-73.0
1777890709.3033323,4.0,3.0,-71.0
1777890709.3133323,5.0,1.0,-71.0
1777890709.3233323,11.0,3.0,-75.0
1777890709.3333323,8.0,0.0,-75.0
1777890709.3433323,2.0,-4.0,-78.0
1777890709.3533323,3.0,-3.0,-77.0
1777890709.3633325,5.0,-5.0,-81.0
1777890709.3733325,5.0,-7.0,-85.0
1777890709.3833325,2.0,-5.0,-80.0
1777890709.3933325,3.0,-5.0,-79.0
1777890709.4033325,3.0,-4.0,-73.0
1777890709.4133325,0.0,-2.0,-79.0
1777890709.4233325,-5.0,-2.0,-79.0
1777890709.4333324,-4.0,-4.0,-76.0
1777890709.4433324,-1.0,-3.0,-79.0
1777890709.4533324,-1.0,0.0,-79.0
1777890709.4633324,0.0,3.0,-86.0
1777890709.4733324,2.0,1.0,-83.0
1777890709.4833324,8.0,-1.0,-76.0
1777890709.4933324,3.0,-4.0,-73.0
1777890709.5033324,5.0,0.0,-76.0
1777890709.5133324,10.0,-1.0,-76.0
1777890709.5233324,11.0,-4.0,-76.0
1777890709.5333323,12.0,-3.0,-75.0
1777890709.5433323,11.0,-5.0,-75.0
1777890709.5533323,8.0,-5.0,-73.0
1777890709.5633323,10.0,-4.0,-68.0
1777890709.5733323,5.0,-8.0,-65.0
1777890709.5833323,0.0,-5.0,-68.0
1777890709.5933323,1.0,-5.0,-69.0
1777890709.6033323,1.0,-5.0,-67.0
1777890709.6133325,4.0,-2.0,-67.0
1777890709.6233325,2.0,-2.0,-73.0
1777890709.6333325,2.0,-1.0,-75.0
1777890709.6433325,2.0,2.0,-72.0
1777890709.6533325,2.0,2.0,-76.0
1777890709.6633325,2.0,1.0,-67.0
1777890709.6733325,2.0,-1.0,-67.0
1777890709.6833324,-2.0,-5.0,-61.0
1777890709.6933324,1.0,-10.0,-62.0
1777890709.7033324,-2.0,-10.0,-67.0
1777890709.7133324,1.0,-6.0,-65.0
1777890709.7233324,4.0,-7.0,-65.0
1777890709.7333324,0.0,-9.0,-64.0
1777890709.7433324,-1.0,-8.0,-63.0
1777890709.7533324,1.0,-6.0,-61.0
1777890709.7633324,4.0,-6.0,-63.0
1777890709.7733324,0.0,-6.0,-70.0
1777890709.7833323,1.0,-6.0,-77.0
1777890709.7933323,1.0,-4.0,-76.0
1777890709.8033323,1.0,0.0,-73.0
1777890709.8133323,5.0,-1.0,-76.0
1777890709.8233323,5.0,1.0,-80.0
1777890709.8333323,2.0,0.0,-82.0
1777890709.8433323,3.0,0.0,-79.0
1777890709.8533323,7.0,0.0,-78.0
1777890709.8633325,0.0,1.0,-75.0
1777890709.8733325,4.0,3.0,-74.0
1777890709.8833325,6.0,2.0,-73.0
1777890709.8933325,3.0,-2.0,-64.0
1777890709.9033325,0.0,-6.0,-65.0
1777890709.9133325,-3.0,-5.0,-73.0
1777890709.9233325,-6.0,-2.0,-76.0
1777890709.9333324,-2.0,-1.0,-77.0
1777890709.9433324,-2.0,-5.0,-75.0
1777890709.9533324,-2.0,-5.0,-78.0
1777890709.9633324,-1.0,-6.0,-74.0
1777890709.9733324,0.0,-7.0,-71.0
1777890709.9833324,1.0,-3.0,-73.0
1777890709.9933324,1.0,-6.0,-73.0
1777890710.0033324,4.0,-5.0,-70.0
1777890710.0133324,3.0,-6.0,-73.0
1777890710.0233324,0.0,-3.0,-71.0
1777890710.0333323,-1.0,-3.0,-71.0
1777890710.0433323,-2.0,-4.0,-66.0
1777890710.0533323,-7.0,-5.0,-66.0
1777890710.0633323,-1.0,-2.0,-63.0
1777890710.0733323,-2.0,-1.0,-67.0
1777890710.0833323,-7.0,-2.0,-66.0
1777890710.0933323,-3.0,-4.0,-72.0
1777890710.1033323,0.0,-1.0,-63.0
1777890710.1133325,0.0,0.0,-67.0
1777890710.1233325,3.0,-2.0,-69.0
1777890710.1333325,3.0,-3.0,-65.0
1777890710.1433325,0.0,0.0,-69.0
1777890710.1533325,0.0,-3.0,-62.0
1777890710.1633325,-4.0,-4.0,-62.0
1777890710.1733325,-1.0,-3.0,-67.0
1777890710.1833324,0.0,-1.0,-68.0
1777890710.1933324,-5.0,-2.0,-69.0
1777890710.2033324,-7.0,-3.0,-69.0
1777890710.2133324,-8.0,0.0,-72.0
1777890710.2233324,-6.0,-2.0,-71.0
1777890710.2333324,-6.0,-4.0,-76.0
1777890710.2433324,-6.0,-8.0,-77.0
1777890710.2533324,-6.0,-5.0,-82.0
1777890710.2633324,0.0,-2.0,-80.0
1777890710.2733324,1.0,-2.0,-79.0
1777890710.2833323,0.0,-1.0,-74.0
1777890710.2933323,5.0,0.0,-70.0
1777890710.3033323,1.0,-3.0,-74.0
1777890710.3133323,-3.0,-2.0,-71.0
1777890710.3233323,-3.0,-2.0,-76.0
1777890710.3333323,0.0,-8.0,-79.0
1777890710.3433323,4.0,-2.0,-78.0
1777890710.3533323,2.0,-2.0,-71.0
1777890710.3633325,1.0,-2.0,-69.0
1777890710.3733325,-1.0,-3.0,-81.0
1777890710.3833325,1.0,-5.0,-82.0
1777890710.3933325,7.0,-5.0,-71.0
1777890710.4033325,7.0,-6.0,-70.0
1777890710.4133325,9.0,-3.0,-70.0
1777890710.4233325,7.0,-1.0,-82.0
1777890710.4333324,6.0,-2.0,-79.0
1777890710.4433324,3.0,-2.0,-77.0
1777890710.4533324,1.0,-3.0,-77.0
1777890710.4633324,0.0,-1.0,-76.0
1777890710.4733324,-1.0,2.0,-74.0
1777890710.4833324,-5.0,5.0,-66.0
1777890710.4933324,-7.0,2.0,-72.0
1777890710.5033324,-8.0,0.0,-73.0
1777890710.5133324,-3.0,2.0,-75.0
1777890710.5233324,-3.0,6.0,-74.0
1777890710.5333323,0.0,7.0,-75.0
1777890710.5433323,0.0,5.0,-66.0
1777890710.5533323,0.0,4.0,-62.0
1777890710.5633323,-2.0,3.0,-65.0
1777890710.5733323,-1.0,3.0,-69.0
1777890710.5833323,5.0,-1.0,-74.0
1777890710.5933323,6.0,-3.0,-80.0
1777890710.6033323,0.0,-2.0,-80.0
1777890710.6133325,0.0,1.0,-84.0
1777890710.6233325,-1.0,3.0,-87.0
1777890710.6333325,0.0,1.0,-82.0
1777890710.6443324,-2.0,-2.0,-80.0
1777890710.6543324,-4.0,-3.0,-82.0
1777890710.6633325,0.0,-2.0,-81.0
1777890710.6733325,0.0,-1.0,-73.0
1777890710.6843324,1.0,-1.0,-78.0
1777890710.6943324,1.0,0.0,-77.0
1777890710.7043324,3.0,1.0,-73.0
1777890710.7143323,5.0,3.0,-73.0
1777890710.7243323,5.0,4.0,-80.0
1777890710.7343323,1.0,6.0,-81.0
1777890710.7443323,2.0,1.0,-81.0
1777890710.7543323,4.0,0.0,-80.0
1777890710.7643323,4.0,0.0,-78.0
1777890710.7743323,0.0,2.0,-78.0
1777890710.7843325,1.0,2.0,-75.0
1777890710.7943325,-2.0,4.0,-70.0
1777890710.8043325,-3.0,1.0,-69.0
1777890710.8143325,-6.0,2.0,-72.0
1777890710.8243325,-9.0,1.0,-77.0
1777890710.8343325,-7.0,0.0,-80.0
1777890710.8443325,-5.0,-3.0,-66.0
1777890710.8543324,-7.0,-4.0,-69.0
1777890710.8643324,-3.0,-3.0,-72.0
1777890710.8743324,-1.0,-2.0,-77.0
1777890710.8843324,-1.0,2.0,-77.0
1777890710.8943324,0.0,0.0,-79.0
1777890710.9043324,2.0,0.0,-85.0
1777890710.9143324,7.0,0.0,-85.0
1777890710.9243324,8.0,4.0,-82.0
1777890710.9343324,5.0,3.0,-79.0
1777890710.9443324,-1.0,2.0,-77.0
1777890710.9543324,0.0,7.0,-76.0
1777890710.9643323,0.0,8.0,-73.0
1777890710.9743323,0.0,6.0,-72.0
1777890710.9843323,0.0,7.0,-74.0
1777890710.9943323,-2.0,3.0,-77.0
1777890711.0043323,-1.0,3.0,-75.0
1777890711.0143323,3.0,2.0,-77.0
1777890711.0243323,0.0,2.0,-84.0
1777890711.0343325,2.0,5.0,-84.0
1777890711.0443325,4.0,4.0,-80.0
1777890711.0543325,3.0,2.0,-76.0
1777890711.0643325,0.0,-2.0,-80.0
1777890711.0743325,-1.0,0.0,-79.0
1777890711.0843325,-4.0,2.0,-71.0
1777890711.0943325,-2.0,-1.0,-67.0
1777890711.1043324,-1.0,-1.0,-66.0
1777890711.1143324,3.0,-4.0,-71.0
1777890711.1243324,3.0,0.0,-78.0
1777890711.1343324,5.0,0.0,-73.0
1777890711.1443324,5.0,0.0,-74.0
1777890711.1543324,6.0,1.0,-78.0
1777890711.1643324,8.0,6.0,-78.0
1777890711.1743324,7.0,5.0,-77.0
1777890711.1843324,3.0,-1.0,-76.0
1777890711.1943324,4.0,-1.0,-77.0
1777890711.2043324,5.0,-2.0,-78.0
1777890711.2143323,6.0,-1.0,-81.0
1777890711.2243323,6.0,-1.0,-77.0
1777890711.2343323,4.0,0.0,-74.0
1777890711.2443323,5.0,-2.0,-75.0
1777890711.2543323,4.0,0.0,-70.0
1777890711.2643323,0.0,0.0,-71.0
1777890711.2743323,2.0,-1.0,-64.0
1777890711.2843325,-1.0,-3.0,-65.0
1777890711.2943325,-2.0,1.0,-61.0
1777890711.3043325,0.0,0.0,-67.0
1777890711.3143325,0.0,-5.0,-66.0
1777890711.3243325,0.0,-5.0,-67.0
1777890711.3343325,-4.0,-2.0,-65.0
1777890711.3443325,1.0,-3.0,-65.0
1777890711.3543324,4.0,-4.0,-69.0
1777890711.3643324,1.0,-4.0,-65.0
1777890711.3743324,1.0,-3.0,-63.0
1777890711.3843324,1.0,-3.0,-64.0
1777890711.3943324,1.0,-1.0,-61.0
1777890711.4043324,0.0,0.0,-69.0
1777890711.4143324,0.0,-2.0,-71.0
1777890711.4243324,-2.0,0.0,-71.0
1777890711.4343324,-1.0,-4.0,-74.0
1777890711.4443324,0.0,-4.0,-76.0
1777890711.4543324,0.0,-9.0,-76.0
1777890711.4643323,3.0,-7.0,-83.0
1777890711.4743323,3.0,-9.0,-82.0
1777890711.4843323,0.0,-10.0,-76.0
1777890711.4943323,-6.0,-8.0,-76.0
1777890711.5043323,-4.0,-9.0,-66.0
1777890711.5143323,-1.0,-8.0,-67.0
1777890711.5243323,-2.0,-4.0,-68.0
1777890711.5343325,2.0,-8.0,-69.0
1777890711.5443325,3.0,-3.0,-71.0
1777890711.5543325,1.0,0.0,-76.0
1777890711.5643325,0.0,1.0,-70.0
1777890711.5743325,2.0,0.0,-70.0
1777890711.5843325,0.0,2.0,-71.0
1777890711.5943325,3.0,1.0,-69.0
1777890711.6043324,0.0,-2.0,-67.0
1777890711.6143324,0.0,-4.0,-73.0
1777890711.6243324,0.0,-8.0,-75.0
1777890711.6343324,-1.0,-4.0,-79.0
1777890711.6443324,2.0,-4.0,-78.0
1777890711.6543324,3.0,-3.0,-74.0
1777890711.6643324,2.0,-4.0,-69.0
1777890711.6743324,1.0,-6.0,-70.0
1777890711.6843324,-2.0,-7.0,-76.0
1777890711.6943324,-6.0,-3.0,-78.0
1777890711.7043324,-6.0,-5.0,-78.0
1777890711.7143323,-7.0,-1.0,-85.0
1777890711.7243323,-4.0,0.0,-79.0
1777890711.7343323,-3.0,-2.0,-75.0
1777890711.7443323,-6.0,-1.0,-71.0
1777890711.7543323,0.0,-1.0,-72.0
1777890711.7643323,1.0,-3.0,-74.0
1777890711.7743323,0.0,0.0,-75.0
1777890711.7843325,0.0,0.0,-76.0
1777890711.7943325,0.0,0.0,-67.0
1777890711.8043325,-1.0,6.0,-60.0
1777890711.8143325,2.0,2.0,-69.0
1777890711.8243325,0.0,1.0,-78.0
1777890711.8343325,0.0,-4.0,-73.0
1777890711.8443325,5.0,-4.0,-65.0
1777890711.8543324,1.0,0.0,-69.0
1777890711.8643324,-1.0,-1.0,-70.0
1777890711.8743324,0.0,-1.0,-64.0
1777890711.8843324,1.0,-3.0,-71.0
1777890711.8943324,0.0,-4.0,-69.0
1777890711.9043324,0.0,-1.0,-70.0
1777890711.9143324,-1.0,-3.0,-65.0
1777890711.9243324,-2.0,-4.0,-71.0
1777890711.9343324,1.0,-4.0,-71.0
1777890711.9443324,0.0,-2.0,-61.0
1777890711.9543324,2.0,0.0,-65.0
1777890711.9643323,1.0,1.0,-66.0
1777890711.9743323,0.0,1.0,-74.0
1777890711.9843323,0.0,0.0,-77.0
1777890711.9943323,0.0,-1.0,-78.0
1777890712.0043323,1.0,-1.0,-81.0
1777890712.0143323,1.0,6.0,-82.0
1777890712.0243323,0.0,1.0,-85.0
1777890712.0343325,2.0,-2.0,-81.0
1777890712.0443325,4.0,-1.0,-78.0
1777890712.0543325,6.0,-4.0,-77.0
1777890712.0643325,3.0,-3.0,-79.0
1777890712.0743325,5.0,-2.0,-73.0
1777890712.0843325,9.0,1.0,-75.0
1777890712.0943325,10.0,0.0,-74.0
1777890712.1043324,8.0,0.0,-77.0
1777890712.1143324,10.0,0.0,-78.0
1777890712.1243324,7.0,0.0,-80.0
1777890712.1343324,9.0,-1.0,-74.0
1777890712.1443324,9.0,-3.0,-81.0
1777890712.1543324,7.0,-6.0,-78.0
1777890712.1643324,2.0,-6.0,-80.0
1777890712.1743324,0.0,-6.0,-81.0
1777890712.1843324,0.0,-1.0,-80.0
1777890712.1943324,4.0,-2.0,-76.0
1777890712.2043324,2.0,-6.0,-79.0
1777890712.2143323,4.0,-4.0,-74.0
1777890712.2243323,7.0,-5.0,-68.0
1777890712.2343323,8.0,-5.0,-67.0
1777890712.2443323,3.0,-4.0,-74.0
1777890712.2543323,0.0,-2.0,-76.0
1777890712.2643323,0.0,-3.0,-71.0
1777890712.2743323,-2.0,-3.0,-70.0
1777890712.2843325,0.0,-3.0,-74.0
1777890712.2943325,3.0,-5.0,-75.0
1777890712.3043325,4.0,-6.0,-75.0
1777890712.3143325,4.0,-2.0,-75.0
1777890712.3243325,2.0,1.0,-74.0
1777890712.3343325,6.0,2.0,-68.0
1777890712.3443325,0.0,1.0,-68.0
1777890712.3543324,-2.0,2.0,-72.0
1777890712.3643324,-5.0,3.0,-73.0
1777890712.3743324,-5.0,-1.0,-73.0
1777890712.3843324,-4.0,-3.0,-78.0
1777890712.3943324,-5.0,-3.0,-73.0
1777890712.4043324,-3.0,-2.0,-75.0
1777890712.4143324,-5.0,-1.0,-77.0
1777890712.4243324,-1.0,-6.0,-78.0
1777890712.4343324,3.0,-8.0,-76.0
1777890712.4443324,3.0,-4.0,-78.0
1777890712.4543324,1.0,0.0,-73.0
1777890712.4643323,1.0,-4.0,-68.0
1777890712.4743323,2.0,-3.0,-64.0
1777890712.4843323,0.0,-1.0,-65.0
1777890712.4943323,-1.0,-2.0,-62.0
1777890712.5043323,1.0,0.0,-64.0
1777890712.5143323,1.0,0.0,-70.0
1777890712.5243323,1.0,4.0,-76.0
1777890712.5343325,1.0,5.0,-75.0
1777890712.5443325,0.0,4.0,-75.0
1777890712.5543325,1.0,1.0,-74.0
1777890712.5643325,0.0,-2.0,-68.0
1777890712.5743325,-3.0,0.0,-63.0
1777890712.5843325,-3.0,-1.0,-63.0
1777890712.5943325,0.0,-3.0,-69.0
1777890712.6043324,0.0,-3.0,-72.0
1777890712.6143324,-5.0,-1.0,-73.0
1777890712.6243324,-6.0,1.0,-72.0
1777890712.6353323,-8.0,3.0,-76.0
1777890712.6453323,-6.0,8.0,-74.0
1777890712.6553323,-3.0,5.0,-80.0
1777890712.6653323,0.0,0.0,-76.0
1777890712.6753323,3.0,0.0,-79.0
1777890712.6853323,4.0,2.0,-75.0
1777890712.6953323,1.0,5.0,-69.0
1777890712.7053325,1.0,7.0,-70.0
1777890712.7153325,4.0,6.0,-73.0
1777890712.7253325,0.0,8.0,-68.0
1777890712.7353325,-3.0,5.0,-65.0
1777890712.7453325,-3.0,0.0,-70.0
1777890712.7553325,-3.0,-2.0,-67.0
1777890712.7653325,0.0,0.0,-75.0
1777890712.7753325,-3.0,-1.0,-79.0
1777890712.7853324,-1.0,-4.0,-80.0
1777890712.7953324,1.0,0.0,-74.0
1777890712.8053324,-2.0,0.0,-67.0
1777890712.8153324,-2.0,-2.0,-65.0
1777890712.8253324,3.0,-2.0,-63.0
1777890712.8353324,1.0,-3.0,-69.0
1777890712.8453324,-2.0,-2.0,-74.0
1777890712.8553324,0.0,-2.0,-82.0
1777890712.8653324,1.0,0.0,-85.0
1777890712.8753324,0.0,3.0,-84.0
1777890712.8853323,0.0,4.0,-73.0
1777890712.8953323,-2.0,2.0,-70.0
1777890712.9053323,-1.0,1.0,-65.0
1777890712.9153323,4.0,0.0,-69.0
1777890712.9253323,6.0,2.0,-76.0
1777890712.9353323,4.0,3.0,-73.0
1777890712.9453323,2.0,0.0,-77.0
1777890712.9553325,-3.0,-1.0,-77.0
1777890712.9653325,-1.0,2.0,-72.0
1777890712.9753325,1.0,0.0,-71.0
1777890712.9853325,4.0,0.0,-65.0
1777890712.9953325,2.0,1.0,-69.0
1777890713.0053325,1.0,0.0,-74.0
1777890713.0153325,3.0,-2.0,-75.0
1777890713.0253325,2.0,-8.0,-78.0
1777890713.0353324,2.0,-4.0,-77.0
1777890713.0453324,2.0,-3.0,-75.0
1777890713.0553324,3.0,-2.0,-76.0
1777890713.0653324,3.0,-4.0,-76.0
1777890713.0753324,0.0,2.0,-75.0
1777890713.0853324,3.0,0.0,-72.0
1777890713.0953324,4.0,-1.0,-71.0
1777890713.1053324,3.0,0.0,-71.0
1777890713.1153324,0.0,-3.0,-74.0
1777890713.1253324,-1.0,-2.0,-72.0
1777890713.1353323,-2.0,-1.0,-69.0
1777890713.1453323,-2.0,1.0,-67.0
1777890713.1553323,0.0,0.0,-67.0
1777890713.1653323,-1.0,2.0,-72.0
1777890713.1753323,4.0,1.0,-70.0
1777890713.1853323,4.0,0.0,-67.0
1777890713.1953323,11.0,-3.0,-73.0
1777890713.2053325,9.0,-4.0,-67.0
1777890713.2153325,2.0,0.0,-68.0
1777890713.2253325,2.0,1.0,-68.0
1777890713.2353325,5.0,2.0,-61.0
1777890713.2453325,2.0,1.0,-68.0
1777890713.2553325,3.0,-4.0,-60.0
1777890713.2653325,5.0,-2.0,-63.0
1777890713.2753325,6.0,-2.0,-64.0
1777890713.2853324,3.0,-2.0,-67.0
1777890713.2953324,3.0,1.0,-68.0
1777890713.3053324,0.0,0.0,-73.0
1777890713.3153324,2.0,-1.0,-73.0
1777890713.3253324,0.0,-2.0,-72.0
1777890713.3353324,-3.0,-5.0,-79.0
1777890713.3453324,-3.0,-3.0,-80.0
1777890713.3553324,0.0,-3.0,-78.0
1777890713.3653324,0.0,-1.0,-73.0
1777890713.3753324,0.0,0.0,-72.0
1777890713.3853323,0.0,4.0,-71.0
1777890713.3953323,-3.0,2.0,-69.0
1777890713.4053323,-4.0,1.0,-72.0
1777890713.4153323,-2.0,0.0,-71.0
1777890713.4253323,-2.0,0.0,-72.0
1777890713.4353323,-3.0,0.0,-79.0
1777890713.4453323,-5.0,0.0,-87.0
1777890713.4553325,-5.0,0.0,-80.0
1777890713.4653325,-2.0,-4.0,-75.0
1777890713.4753325,0.0,-1.0,-71.0
1777890713.4853325,0.0,1.0,-72.0
1777890713.4953325,-1.0,-1.0,-78.0
1777890713.5053325,2.0,-4.0,-84.0
1777890713.5153325,1.0,-2.0,-79.0
1777890713.5253325,2.0,-3.0,-71.0
1777890713.5353324,0.0,-2.0,-76.0
1777890713.5453324,-1.0,1.0,-78.0
1777890713.5553324,-1.0,4.0,-80.0
1777890713.5653324,-3.0,5.0,-79.0
1777890713.5753324,-4.0,2.0,-79.0
1777890713.5853324,-5.0,2.0,-77.0
1777890713.5953324,-2.0,0.0,-74.0
1777890713.6053324,-3.0,0.0,-67.0
1777890713.6153324,-2.0,3.0,-59.0
1777890713.6253324,0.0,2.0,-58.0
1777890713.6353323,0.0,4.0,-63.0
1777890713.6453323,-6.0,2.0,-65.0
1777890713.6553323,-5.0,0.0,-65.0
1777890713.6653323,-3.0,-2.0,-60.0
1777890713.6753323,-4.0,-7.0,-62.0
1777890713.6853323,-3.0,-6.0,-65.0
1777890713.6953323,-1.0,-7.0,-66.0
1777890713.7053325,-2.0,-6.0,-62.0
1777890713.7153325,0.0,-7.0,-65.0
1777890713.7253325,3.0,-2.0,-69.0
1777890713.7353325,2.0,-1.0,-72.0
1777890713.7453325,0.0,0.0,-77.0
1777890713.7553325,-4.0,3.0,-73.0
1777890713.7653325,-1.0,6.0,-71.0
1777890713.7753325,-2.0,7.0,-71.0
1777890713.7853324,-2.0,5.0,-72.0
1777890713.7953324,-3.0,2.0,-73.0
1777890713.8053324,-2.0,3.0,-75.0
1777890713.8153324,-3.0,-1.0,-75.0
1777890713.8253324,2.0,4.0,-75.0
1777890713.8353324,5.0,7.0,-73.0
1777890713.8453324,3.0,8.0,-71.0
1777890713.8553324,0.0,4.0,-73.0
1777890713.8653324,3.0,3.0,-76.0
1777890713.8753324,1.0,0.0,-78.0
1777890713.8853323,4.0,-4.0,-76.0
1777890713.8953323,5.0,-6.0,-69.0
1777890713.9053323,-2.0,-5.0,-71.0
1777890713.9153323,0.0,-7.0,-69.0
1777890713.9253323,0.0,-3.0,-76.0
1777890713.9353323,-5.0,0.0,-68.0
1777890713.9453323,-2.0,1.0,-65.0
1777890713.9553325,-2.0,2.0,-72.0
1777890713.9653325,0.0,-1.0,-71.0
1777890713.9753325,1.0,-2.0,-64.0
1777890713.9853325,0.0,-2.0,-67.0
1777890713.9953325,1.0,0.0,-65.0
1777890714.0053325,5.0,-3.0,-65.0
1777890714.0153325,6.0,-3.0,-65.0
1777890714.0253325,6.0,-7.0,-60.0
1777890714.0353324,4.0,-11.0,-65.0
1777890714.0453324,0.0,-7.0,-66.0
1777890714.0553324,3.0,-8.0,-67.0
1777890714.0653324,-1.0,-4.0,-74.0
1777890714.0753324,-4.0,-2.0,-72.0
1777890714.0853324,-2.0,-3.0,-71.0
1777890714.0953324,0.0,-4.0,-72.0
1777890714.1053324,3.0,-2.0,-81.0
1777890714.1153324,2.0,-2.0,-75.0
1777890714.1253324,4.0,0.0,-74.0
1777890714.1353323,4.0,-1.0,-75.0
1777890714.1453323,6.0,-2.0,-74.0
1777890714.1553323,5.0,-1.0,-73.0
1777890714.1653323,7.0,-4.0,-80.0
1777890714.1753323,6.0,-1.0,-80.0
1777890714.1853323,0.0,-1.0,-79.0
1777890714.1953323,0.0,-1.0,-69.0
1777890714.2053325,0.0,-2.0,-70.0
1777890714.2153325,3.0,-1.0,-73.0
1777890714.2253325,6.0,0.0,-69.0
1777890714.2353325,7.0,3.0,-68.0
1777890714.2453325,4.0,1.0,-69.0
1777890714.2553325,1.0,1.0,-64.0
1777890714.2653325,-1.0,0.0,-70.0
1777890714.2753325,0.0,5.0,-77.0
1777890714.2853324,1.0,0.0,-79.0
1777890714.2953324,2.0,-1.0,-80.0
1777890714.3053324,2.0,-2.0,-79.0
1777890714.3153324,0.0,-6.0,-83.0
1777890714.3253324,0.0,-3.0,-84.0
1777890714.3353324,0.0,-1.0,-79.0
1777890714.3453324,-4.0,0.0,-81.0
1777890714.3553324,-3.0,1.0,-75.0
1777890714.3653324,0.0,2.0,-72.0
1777890714.3753324,2.0,2.0,-68.0
1777890714.3853323,-2.0,0.0,-69.0
1777890714.3953323,0.0,2.0,-66.0
1777890714.4053323,-1.0,2.0,-66.0
1777890714.4153323,-1.0,-2.0,-69.0
1777890714.4253323,4.0,0.0,-68.0
1777890714.4353323,-2.0,0.0,-64.0
1777890714.4453323,-4.0,0.0,-68.0
1777890714.4553325,-2.0,-2.0,-74.0
1777890714.4653325,1.0,-1.0,-76.0
1777890714.4753325,5.0,0.0,-75.0
1777890714.4853325,12.0,-2.0,-81.0
1777890714.4953325,12.0,-3.0,-77.0
1777890714.5053325,9.0,-6.0,-76.0
1777890714.5153325,4.0,-6.0,-76.0
1777890714.5253325,0.0,-1.0,-76.0
1777890714.5353324,1.0,0.0,-70.0
1777890714.5453324,2.0,-6.0,-73.0
1777890714.5553324,2.0,-10.0,-77.0
1777890714.5653324,0.0,-8.0,-72.0
1777890714.5753324,1.0,-9.0,-76.0
1777890714.5853324,4.0,-6.0,-80.0
1777890714.5953324,7.0,-6.0,-73.0
1777890714.6053324,12.0,-8.0,-71.0
1777890714.6153324,6.0,-6.0,-72.0
1777890714.6263323,2.0,-2.0,-75.0
1777890714.6363325,2.0,0.0,-73.0
1777890714.6463325,0.0,4.0,-78.0
1777890714.6563325,0.0,2.0,-80.0
1777890714.6663325,0.0,5.0,-80.0
1777890714.6763325,0.0,9.0,-83.0
1777890714.6863325,-1.0,8.0,-79.0
1777890714.6963325,0.0,4.0,-80.0
1777890714.7063324,0.0,3.0,-77.0
1777890714.7163324,1.0,2.0,-80.0
1777890714.7263324,1.0,4.0,-77.0
1777890714.7363324,-1.0,1.0,-77.0
1777890714.7463324,-7.0,-2.0,-79.0
1777890714.7563324,-3.0,-4.0,-87.0
1777890714.7663324,-5.0,-4.0,-82.0
1777890714.7763324,-4.0,-6.0,-75.0
1777890714.7863324,-3.0,-7.0,-79.0
1777890714.7963324,-1.0,-4.0,-86.0
1777890714.8063323,0.0,-1.0,-86.0
1777890714.8163323,5.0,0.0,-80.0
1777890714.8263323,2.0,3.0,-83.0
1777890714.8363323,2.0,-2.0,-80.0
1777890714.8463323,4.0,1.0,-70.0
1777890714.8563323,0.0,5.0,-77.0
1777890714.8663323,0.0,5.0,-75.0
1777890714.8763323,1.0,3.0,-76.0
1777890714.8863325,-1.0,0.0,-68.0
1777890714.8963325,-1.0,0.0,-75.0
1777890714.9063325,-1.0,2.0,-71.0
1777890714.9163325,-1.0,0.0,-66.0
1777890714.9263325,2.0,-2.0,-61.0
1777890714.9363325,1.0,-2.0,-60.0
1777890714.9463325,2.0,-2.0,-63.0
1777890714.9563324,0.0,-7.0,-58.0
1777890714.9663324,0.0,-6.0,-58.0
1777890714.9763324,-3.0,-9.0,-65.0
1777890714.9863324,-1.0,-9.0,-64.0
1777890714.9963324,3.0,-11.0,-66.0
1777890715.0063324,4.0,-4.0,-72.0
1777890715.0163324,2.0,0.0,-74.0
1777890715.0263324,5.0,1.0,-76.0
1777890715.0363324,5.0,1.0,-77.0
1777890715.0463324,7.0,1.0,-77.0
1777890715.0563323,1.0,6.0,-79.0
1777890715.0663323,0.0,10.0,-83.0
1777890715.0763323,2.0,3.0,-85.0
1777890715.0863323,1.0,-1.0,-84.0
1777890715.0963323,3.0,-4.0,-85.0
1777890715.1063323,0.0,-1.0,-83.0
1777890715.1163323,1.0,-1.0,-83.0
1777890715.1263323,8.0,1.0,-81.0
1777890715.1363325,11.0,2.0,-81.0
1777890715.1463325,7.0,1.0,-75.0
1777890715.1563325,3.0,-6.0,-75.0
1777890715.1663325,1.0,-5.0,-75.0
1777890715.1763325,-1.0,-4.0,-70.0
1777890715.1863325,-1.0,-4.0,-70.0
1777890715.1963325,0.0,-3.0,-66.0
1777890715.2063324,5.0,-4.0,-61.0
1777890715.2163324,4.0,-3.0,-66.0
1777890715.2263324,3.0,-3.0,-72.0
1777890715.2363324,3.0,-6.0,-72.0
1777890715.2463324,-2.0,-3.0,-75.0
1777890715.2563324,0.0,-1.0,-66.0
1777890715.2663324,0.0,-2.0,-67.0
1777890715.2763324,-1.0,4.0,-71.0
1777890715.2863324,0.0,1.0,-75.0
1777890715.2963324,-1.0,1.0,-78.0
1777890715.3063323,2.0,-2.0,-73.0
1777890715.3163323,3.0,-5.0,-73.0
1777890715.3263323,2.0,-4.0,-71.0
1777890715.3363323,5.0,-9.0,-72.0
1777890715.3463323,3.0,-8.0,-64.0
1777890715.3563323,6.0,-6.0,-64.0
1777890715.3663323,5.0,-6.0,-67.0
1777890715.3763323,4.0,-5.0,-66.0
1777890715.3863325,2.0,-4.0,-67.0
1777890715.3963325,2.0,-5.0,-58.0
1777890715.4063325,4.0,-7.0,-63.0
1777890715.4163325,2.0,-6.0,-66.0
1777890715.4263325,2.0,-9.0,-66.0
1777890715.4363325,5.0,-9.0,-66.0
1777890715.4463325,0.0,-9.0,-62.0
1777890715.4563324,2.0,-3.0,-62.0
1777890715.4663324,2.0,-4.0,-66.0
1777890715.4763324,0.0,-7.0,-69.0
1777890715.4863324,0.0,-4.0,-72.0
1777890715.4963324,0.0,-4.0,-71.0
1777890715.5063324,-1.0,-6.0,-75.0
1777890715.5163324,1.0,-8.0,-79.0
1777890715.5263324,-1.0,-2.0,-83.0
1777890715.5363324,-2.0,-2.0,-85.0
1777890715.5463324,4.0,0.0,-86.0
1777890715.5563323,5.0,0.0,-83.0
1777890715.5663323,3.0,2.0,-81.0
1777890715.5763323,0.0,0.0,-71.0
1777890715.5863323,-4.0,-2.0,-64.0
1777890715.5963323,0.0,-6.0,-60.0
1777890715.6063323,3.0,-4.0,-57.0
1777890715.6163323,6.0,-1.0,-62.0
1777890715.6263323,-1.0,-5.0,-66.0
1777890715.6363325,-1.0,-4.0,-69.0
1777890715.6463325,0.0,-3.0,-69.0
1777890715.6563325,-1.0,-3.0,-75.0
1777890715.6663325,-4.0,-2.0,-77.0
1777890715.6763325,-6.0,-4.0,-75.0
1777890715.6863325,-5.0,-4.0,-82.0
1777890715.6963325,-2.0,-5.0,-80.0
1777890715.7063324,-6.0,-3.0,-83.0
1777890715.7163324,-1.0,-3.0,-83.0
1777890715.7263324,0.0,-2.0,-86.0
1777890715.7363324,0.0,0.0,-88.0
1777890715.7463324,3.0,0.0,-85.0
1777890715.7563324,0.0,0.0,-80.0
1777890715.7663324,2.0,-1.0,-72.0
1777890715.7763324,8.0,0.0,-59.0
1777890715.7863324,6.0,2.0,-63.0
1777890715.7963324,4.0,0.0,-71.0
1777890715.8063323,0.0,0.0,-70.0
1777890715.8163323,0.0,2.0,-75.0
1777890715.8263323,4.0,-2.0,-73.0
1777890715.8363323,5.0,-1.0,-73.0
1777890715.8463323,1.0,-2.0,-75.0
1777890715.8563323,3.0,-1.0,-81.0
1777890715.8663323,6.0,0.0,-73.0
1777890715.8763323,8.0,-1.0,-72.0
1777890715.8863325,11.0,-2.0,-77.0
1777890715.8963325,6.0,-5.0,-73.0
1777890715.9063325,7.0,-4.0,-69.0
1777890715.9163325,4.0,-5.0,-65.0
1777890715.9263325,4.0,0.0,-63.0
1777890715.9363325,4.0,0.0,-62.0
1777890715.9463325,3.0,0.0,-67.0
1777890715.9563324,0.0,1.0,-73.0
1777890715.9663324,0.0,-1.0,-70.0
1777890715.9763324,0.0,-1.0,-74.0
1777890715.9863324,3.0,0.0,-66.0
1777890715.9963324,5.0,0.0,-68.0
1777890716.0063324,1.0,0.0,-65.0
1777890716.0163324,-1.0,0.0,-65.0
1777890716.0263324,-1.0,-2.0,-70.0
1777890716.0363324,-1.0,-4.0,-67.0
1777890716.0463324,0.0,0.0,-65.0
1777890716.0563323,0.0,0.0,-65.0
1777890716.0663323,0.0,-2.0,-64.0
1777890716.0763323,-5.0,-1.0,-80.0
1777890716.0863323,-1.0,-5.0,-80.0
1777890716.0963323,5.0,-5.0,-79.0
1777890716.1063323,7.0,-5.0,-82.0
1777890716.1163323,6.0,-3.0,-82.0
1777890716.1263323,9.0,-1.0,-83.0
1777890716.1363325,5.0,0.0,-74.0
1777890716.1463325,4.0,-2.0,-68.0
1777890716.1563325,0.0,-2.0,-61.0
1777890716.1663325,0.0,-3.0,-67.0
1777890716.1763325,1.0,3.0,-64.0
1777890716.1863325,0.0,7.0,-57.0
1777890716.1963325,0.0,9.0,-61.0
1777890716.2063324,3.0,0.0,-64.0
1777890716.2163324,2.0,-2.0,-63.0
1777890716.2263324,3.0,-4.0,-64.0
1777890716.2363324,7.0,-5.0,-62.0
1777890716.2463324,3.0,0.0,-66.0
1777890716.2563324,2.0,0.0,-68.0
1777890716.2663324,3.0,0.0,-68.0
1777890716.2763324,-3.0,1.0,-75.0
1777890716.2863324,-3.0,0.0,-71.0
1777890716.2963324,-3.0,1.0,-75.0
1777890716.3063323,-3.0,1.0,-71.0
1777890716.3163323,0.0,2.0,-72.0
1777890716.3263323,-2.0,-2.0,-71.0
1777890716.3363323,-2.0,-1.0,-66.0
1777890716.3463323,-2.0,-4.0,-65.0
1777890716.3563323,-4.0,-2.0,-62.0
1777890716.3663323,0.0,-2.0,-66.0
1777890716.3763323,5.0,0.0,-67.0
1777890716.3863325,1.0,0.0,-67.0
1777890716.3963325,0.0,0.0,-70.0
1777890716.4063325,-1.0,0.0,-77.0
1777890716.4163325,-2.0,2.0,-82.0
1777890716.4263325,1.0,2.0,-77.0
1777890716.4363325,3.0,2.0,-74.0
1777890716.4463325,3.0,1.0,-76.0
1777890716.4563324,0.0,-5.0,-72.0
1777890716.4663324,3.0,-6.0,-73.0
1777890716.4763324,0.0,-3.0,-69.0
1777890716.4863324,-3.0,-2.0,-64.0
1777890716.4963324,-4.0,1.0,-70.0
1777890716.5063324,-4.0,2.0,-78.0
1777890716.5163324,-2.0,3.0,-76.0
1777890716.5263324,3.0,1.0,-76.0
1777890716.5363324,0.0,0.0,-77.0
1777890716.5463324,1.0,1.0,-77.0
1777890716.5563323,2.0,2.0,-80.0
1777890716.5663323,0.0,5.0,-78.0
1777890716.5763323,0.0,3.0,-76.0
1777890716.5863323,0.0,2.0,-74.0
1777890716.5963323,-1.0,3.0,-71.0
1777890716.6063323,-4.0,1.0,-78.0
1777890716.6163323,-3.0,2.0,-81.0
1777890716.6273324,-3.0,-2.0,-75.0
1777890716.6373324,-1.0,-2.0,-71.0
1777890716.6473324,2.0,-2.0,-75.0
1777890716.6573324,-1.0,-1.0,-75.0
1777890716.6673324,2.0,-2.0,-69.0
1777890716.6773324,5.0,-4.0,-65.0
1777890716.6873324,0.0,-3.0,-65.0
1777890716.6973324,1.0,-6.0,-63.0
1777890716.7073324,1.0,-3.0,-59.0
1777890716.7173324,0.0,-4.0,-59.0
1777890716.7273324,0.0,-8.0,-63.0
1777890716.7373323,-3.0,-7.0,-60.0
1777890716.7473323,-3.0,-5.0,-61.0
1777890716.7573323,0.0,-3.0,-60.0
1777890716.7673323,4.0,-2.0,-61.0
1777890716.7773323,0.0,-3.0,-61.0
1777890716.7873323,-1.0,0.0,-61.0
1777890716.7973323,-1.0,0.0,-69.0
1777890716.8073325,2.0,1.0,-72.0
1777890716.8173325,0.0,1.0,-71.0
1777890716.8273325,-4.0,3.0,-66.0
1777890716.8373325,-1.0,0.0,-66.0
1777890716.8473325,3.0,6.0,-65.0
1777890716.8573325,3.0,3.0,-65.0
1777890716.8673325,-2.0,0.0,-67.0
1777890716.8773324,-2.0,4.0,-70.0
1777890716.8873324,0.0,3.0,-69.0
1777890716.8973324,-1.0,0.0,-68.0
1777890716.9073324,-1.0,-3.0,-76.0
1777890716.9173324,-1.0,-3.0,-77.0
1777890716.9273324,-1.0,0.0,-79.0
1777890716.9373324,-2.0,0.0,-78.0
1777890716.9473324,1.0,-2.0,-76.0
1777890716.9573324,0.0,-4.0,-75.0
1777890716.9673324,4.0,-5.0,-73.0
1777890716.9773324,3.0,-7.0,-70.0
1777890716.9873323,7.0,-7.0,-77.0
1777890716.9973323,3.0,-3.0,-79.0
1777890717.0073323,4.0,-5.0,-80.0
1777890717.0173323,7.0,-6.0,-78.0
1777890717.0273323,10.0,-4.0,-79.0
1777890717.0373323,11.0,1.0,-81.0
1777890717.0473323,9.0,1.0,-78.0
1777890717.0573325,3.0,1.0,-72.0
1777890717.0673325,3.0,3.0,-73.0
1777890717.0773325,3.0,6.0,-72.0
1777890717.0873325,7.0,3.0,-70.0
1777890717.0973325,9.0,1.0,-63.0
1777890717.1073325,5.0,0.0,-64.0
1777890717.1173325,2.0,-2.0,-73.0
1777890717.1273324,1.0,-2.0,-75.0
1777890717.1373324,-2.0,-5.0,-70.0
1777890717.1473324,-5.0,-3.0,-74.0
1777890717.1573324,-2.0,-2.0,-71.0
1777890717.1673324,0.0,0.0,-67.0
1777890717.1773324,2.0,-2.0,-65.0
1777890717.1873324,0.0,-1.0,-71.0
1777890717.1973324,-3.0,0.0,-79.0
1777890717.2073324,-2.0,2.0,-75.0
1777890717.2173324,-2.0,1.0,-78.0
1777890717.2273324,-1.0,2.0,-77.0
1777890717.2373323,3.0,8.0,-73.0
1777890717.2473323,4.0,10.0,-72.0
1777890717.2573323,2.0,5.0,-63.0
1777890717.2673323,1.0,0.0,-67.0
1777890717.2773323,-1.0,2.0,-68.0
1777890717.2873323,1.0,1.0,-74.0
1777890717.2973323,4.0,0.0,-80.0
1777890717.3073325,4.0,0.0,-81.0
1777890717.3173325,6.0,1.0,-81.0
1777890717.3273325,6.0,-2.0,-80.0
1777890717.3373325,5.0,-6.0,-77.0
1777890717.3473325,0.0,-7.0,-72.0
1777890717.3573325,-1.0,-3.0,-66.0
1777890717.3673325,-1.0,-1.0,-69.0
1777890717.3773324,0.0,0.0,-71.0
1777890717.3873324,0.0,0.0,-70.0
1777890717.3973324,0.0,1.0,-72.0
1777890717.4073324,0.0,5.0,-70.0
1777890717.4173324,2.0,5.0,-73.0
1777890717.4273324,2.0,3.0,-76.0
1777890717.4373324,1.0,5.0,-74.0
1777890717.4473324,0.0,4.0,-69.0
1777890717.4573324,3.0,4.0,-62.0
1777890717.4673324,3.0,5.0,-57.0
1777890717.4773324,6.0,5.0,-55.0
1777890717.4873323,10.0,4.0,-55.0
1777890717.4973323,6.0,4.0,-59.0
1777890717.5073323,4.0,1.0,-62.0
1777890717.5173323,2.0,2.0,-70.0
1777890717.5273323,1.0,3.0,-73.0
1777890717.5373323,1.0,2.0,-76.0
1777890717.5473323,1.0,1.0,-76.0
1777890717.5573325,-3.0,0.0,-76.0
1777890717.5673325,-2.0,0.0,-75.0
1777890717.5773325,0.0,0.0,-76.0
1777890717.5873325,0.0,0.0,-76.0
1777890717.5973325,4.0,0.0,-74.0
1777890717.6073325,0.0,0.0,-73.0
1777890717.6173325,0.0,0.0,-69.0
1777890717.6273324,-1.0,0.0,-75.0
1777890717.6373324,-1.0,-2.0,-78.0
1777890717.6473324,0.0,-2.0,-76.0
1777890717.6573324,-6.0,0.0,-77.0
1777890717.6673324,-6.0,1.0,-80.0
1777890717.6773324,-4.0,0.0,-79.0
1777890717.6873324,-2.0,-7.0,-80.0
1777890717.6973324,0.0,-8.0,-74.0
1777890717.7073324,3.0,-4.0,-76.0
1777890717.7173324,7.0,-1.0,-72.0
1777890717.7273324,8.0,0.0,-72.0
1777890717.7373323,6.0,0.0,-72.0
1777890717.7473323,7.0,-1.0,-70.0
1777890717.7573323,3.0,-6.0,-75.0
1777890717.7673323,-1.0,-6.0,-73.0
1777890717.7773323,-3.0,-7.0,-75.0
1777890717.7873323,1.0,0.0,-69.0
1777890717.7973323,0.0,-4.0,-76.0
1777890717.8073325,-2.0,0.0,-70.0
1777890717.8173325,-5.0,-1.0,-65.0
1777890717.8273325,-5.0,-2.0,-69.0
1777890717.8373325,-6.0,4.0,-72.0
1777890717.8473325,-10.0,3.0,-77.0
1777890717.8573325,-5.0,1.0,-78.0
1777890717.8673325,-1.0,-2.0,-76.0
1777890717.8773324,0.0,-5.0,-68.0
1777890717.8873324,0.0,-2.0,-74.0
1777890717.8973324,0.0,-4.0,-73.0
1777890717.9073324,2.0,-3.0,-75.0
1777890717.9173324,0.0,-2.0,-74.0
1777890717.9273324,1.0,0.0,-79.0
1777890717.9373324,1.0,1.0,-83.0
1777890717.9473324,4.0,0.0,-81.0
1777890717.9573324,4.0,-4.0,-78.0
1777890717.9673324,3.0,1.0,-77.0
1777890717.9773324,4.0,0.0,-74.0
1777890717.9873323,2.0,0.0,-74.0
1777890717.9973323,1.0,1.0,-77.0
1777890718.0073323,0.0,5.0,-71.0
1777890718.0173323,0.0,3.0,-61.0
1777890718.0273323,-1.0,1.0,-63.0
1777890718.0373323,2.0,0.0,-69.0
1777890718.0473323,3.0,-3.0,-81.0
1777890718.0573325,2.0,-2.0,-82.0
1777890718.0673325,3.0,-3.0,-83.0
1777890718.0773325,3.0,-5.0,-92.0
1777890718.0873325,5.0,-1.0,-87.0
1777890718.0973325,2.0,0.0,-83.0
1777890718.1073325,-1.0,3.0,-83.0
1777890718.1173325,-3.0,2.0,-78.0
1777890718.1273324,-1.0,3.0,-75.0
1777890718.1373324,7.0,2.0,-74.0
1777890718.1473324,10.0,2.0,-69.0
1777890718.1573324,8.0,3.0,-69.0
1777890718.1673324,0.0,4.0,-63.0
1777890718.1773324,8.0,4.0,-63.0
1777890718.1873324,4.0,4.0,-69.0
1777890718.1973324,5.0,3.0,-72.0
1777890718.2073324,3.0,6.0,-68.0
1777890718.2173324,4.0,7.0,-60.0
1777890718.2273324,1.0,4.0,-50.0
1777890718.2373323,-2.0,7.0,-56.0
1777890718.2473323,-6.0,7.0,-56.0
1777890718.2573323,-6.0,5.0,-59.0
1777890718.2673323,-6.0,5.0,-64.0
1777890718.2773323,-6.0,2.0,-68.0
1777890718.2873323,-3.0,7.0,-69.0
1777890718.2973323,-5.0,8.0,-68.0
1777890718.3073325,-1.0,6.0,-68.0
1777890718.3173325,-1.0,0.0,-74.0
1777890718.3273325,-4.0,1.0,-65.0
1777890718.3373325,-3.0,0.0,-66.0
1777890718.3473325,0.0,3.0,-73.0
1777890718.3573325,0.0,4.0,-67.0
1777890718.3673325,0.0,0.0,-70.0
1777890718.3773324,-2.0,-1.0,-77.0
1777890718.3873324,-5.0,0.0,-84.0
1777890718.3973324,-6.0,6.0,-84.0
1777890718.4073324,0.0,7.0,-83.0
1777890718.4173324,0.0,8.0,-80.0
1777890718.4273324,1.0,5.0,-78.0
1777890718.4373324,0.0,2.0,-84.0
1777890718.4473324,2.0,3.0,-75.0
1777890718.4573324,3.0,0.0,-77.0
1777890718.4673324,0.0,1.0,-74.0
1777890718.4773324,3.0,4.0,-70.0
1777890718.4873323,3.0,0.0,-68.0
1777890718.4973323,3.0,0.0,-70.0
1777890718.5073323,6.0,0.0,-74.0
1777890718.5173323,6.0,1.0,-76.0
1777890718.5273323,7.0,2.0,-83.0
1777890718.5373323,5.0,2.0,-82.0
1777890718.5473323,3.0,2.0,-77.0
1777890718.5573325,8.0,3.0,-79.0
1777890718.5673325,8.0,5.0,-78.0
1777890718.5773325,4.0,4.0,-71.0
1777890718.5873325,6.0,3.0,-71.0
1777890718.5973325,6.0,5.0,-78.0
1777890718.6083324,5.0,0.0,-82.0
1777890718.6183324,8.0,0.0,-76.0
1777890718.6283324,4.0,-4.0,-71.0
1777890718.6383324,4.0,-5.0,-68.0
1777890718.6483324,7.0,-3.0,-63.0
1777890718.6583323,2.0,-1.0,-71.0
1777890718.6683323,2.0,-3.0,-68.0
1777890718.6783323,2.0,-6.0,-64.0
1777890718.6883323,1.0,-7.0,-65.0
1777890718.6983323,0.0,-4.0,-68.0
1777890718.7083323,-4.0,-3.0,-65.0
1777890718.7183323,-4.0,-2.0,-64.0
1777890718.7283323,-5.0,-1.0,-72.0
1777890718.7383325,-2.0,-3.0,-76.0
1777890718.7483325,-3.0,-1.0,-71.0
1777890718.7583325,-8.0,0.0,-72.0
1777890718.7683325,-4.0,-1.0,-67.0
1777890718.7783325,0.0,1.0,-66.0
1777890718.7883325,0.0,2.0,-57.0
1777890718.7983325,0.0,-2.0,-60.0
1777890718.8083324,-1.0,-2.0,-62.0
1777890718.8183324,0.0,2.0,-63.0
1777890718.8283324,0.0,3.0,-64.0
1777890718.8383324,0.0,6.0,-67.0
1777890718.8483324,-1.0,3.0,-71.0
1777890718.8583324,-5.0,2.0,-69.0
1777890718.8683324,-2.0,0.0,-72.0
1777890718.8783324,0.0,-2.0,-74.0
1777890718.8883324,3.0,-4.0,-72.0
1777890718.8983324,2.0,-4.0,-68.0
1777890718.9083323,0.0,1.0,-68.0
1777890718.9183323,4.0,0.0,-71.0
1777890718.9283323,4.0,2.0,-69.0
1777890718.9383323,0.0,1.0,-69.0
1777890718.9483323,1.0,3.0,-76.0
1777890718.9583323,0.0,3.0,-78.0
1777890718.9683323,0.0,5.0,-78.0
1777890718.9783323,2.0,0.0,-79.0
1777890718.9883325,0.0,0.0,-79.0
1777890718.9983325,0.0,-1.0,-84.0
1777890719.0083325,-1.0,3.0,-82.0
1777890719.0183325,-3.0,4.0,-76.0
1777890719.0283325,-1.0,0.0,-73.0
1777890719.0383325,-1.0,0.0,-71.0
1777890719.0483325,0.0,-1.0,-68.0
1777890719.0583324,4.0,-3.0,-66.0
1777890719.0683324,8.0,-2.0,-70.0
1777890719.0783324,4.0,0.0,-71.0
1777890719.0883324,1.0,1.0,-72.0
1777890719.0983324,2.0,3.0,-69.0
1777890719.1083324,7.0,0.0,-66.0
1777890719.1183324,10.0,1.0,-64.0
1777890719.1283324,9.0,0.0,-64.0
1777890719.1383324,11.0,1.0,-63.0
1777890719.1483324,8.0,1.0,-72.0
1777890719.1583323,3.0,0.0,-70.0
1777890719.1683323,0.0,0.0,-72.0
1777890719.1783323,-3.0,-2.0,-65.0
1777890719.1883323,-6.0,-3.0,-70.0
1777890719.1983323,-7.0,-1.0,-71.0
1777890719.2083323,-1.0,-3.0,-68.0
1777890719.2183323,-2.0,-3.0,-65.0
1777890719.2283323,-3.0,-5.0,-66.0
1777890719.2383325,-3.0,-6.0,-67.0
1777890719.2483325,-1.0,-6.0,-69.0
1777890719.2583325,-4.0,1.0,-69.0
1777890719.2683325,1.0,0.0,-75.0
1777890719.2783325,0.0,1.0,-73.0
1777890719.2883325,-1.0,1.0,-76.0
1777890719.2983325,0.0,0.0,-74.0
1777890719.3083324,1.0,-3.0,-70.0
1777890719.3183324,1.0,0.0,-69.0
1777890719.3283324,6.0,-2.0,-71.0
1777890719.3383324,4.0,-2.0,-76.0
1777890719.3483324,6.0,-3.0,-74.0
1777890719.3583324,13.0,-5.0,-71.0
1777890719.3683324,14.0,-7.0,-68.0
1777890719.3783324,12.0,-6.0,-70.0
1777890719.3883324,9.0,-5.0,-74.0
1777890719.3983324,7.0,0.0,-71.0
1777890719.4083323,5.0,-2.0,-78.0
1777890719.4183323,3.0,-3.0,-71.0
1777890719.4283323,8.0,-1.0,-73.0
1777890719.4383323,11.0,-3.0,-71.0
1777890719.4483323,9.0,0.0,-73.0
1777890719.4583323,3.0,1.0,-72.0
1777890719.4683323,1.0,1.0,-70.0
1777890719.4783323,2.0,0.0,-70.0
1777890719.4883325,0.0,-1.0,-68.0
1777890719.4983325,0.0,-5.0,-65.0
1777890719.5083325,0.0,-8.0,-65.0
1777890719.5183325,-1.0,-6.0,-59.0
1777890719.5283325,-6.0,0.0,-60.0
1777890719.5383325,-6.0,0.0,-70.0
1777890719.5483325,-7.0,1.0,-64.0
1777890719.5583324,-3.0,0.0,-67.0
1777890719.5683324,0.0,1.0,-67.0
1777890719.5783324,0.0,5.0,-68.0
1777890719.5883324,0.0,3.0,-76.0
1777890719.5983324,2.0,2.0,-79.0
1777890719.6083324,3.0,0.0,-81.0
1777890719.6183324,4.0,-1.0,-79.0
1777890719.6283324,0.0,0.0,-82.0
1777890719.6383324,-1.0,-3.0,-83.0
1777890719.6483324,-7.0,-6.0,-82.0
1777890719.6583323,0.0,-7.0,-77.0
1777890719.6683323,2.0,-7.0,-74.0
1777890719.6783323,0.0,-4.0,-77.0
1777890719.6883323,-8.0,-2.0,-71.0
1777890719.6983323,-6.0,-1.0,-70.0
1777890719.7083323,-5.0,-1.0,-68.0
1777890719.7183323,-2.0,2.0,-70.0
1777890719.7283323,-3.0,0.0,-63.0
1777890719.7383325,-1.0,0.0,-69.0
1777890719.7483325,-2.0,-1.0,-74.0
1777890719.7583325,-1.0,-2.0,-79.0
1777890719.7683325,3.0,2.0,-77.0
1777890719.7783325,4.0,2.0,-80.0
1777890719.7883325,6.0,-3.0,-81.0
1777890719.7983325,7.0,-3.0,-74.0
1777890719.8083324,9.0,-3.0,-73.0
1777890719.8183324,5.0,-5.0,-74.0
1777890719.8283324,-2.0,-6.0,-71.0
1777890719.8383324,-7.0,-4.0,-68.0
1777890719.8483324,-7.0,-2.0,-64.0
1777890719.8583324,-4.0,-1.0,-60.0
1777890719.8683324,-3.0,-5.0,-60.0
1777890719.8783324,0.0,-2.0,-67.0
1777890719.8883324,0.0,-1.0,-68.0
1777890719.8983324,0.0,-2.0,-69.0
1777890719.9083323,2.0,-1.0,-74.0
1777890719.9183323,3.0,-2.0,-73.0
1777890719.9283323,6.0,-4.0,-74.0
1777890719.9383323,3.0,-4.0,-78.0
1777890719.9483323,-1.0,-3.0,-79.0
1777890719.9583323,0.0,0.0,-78.0
1777890719.9683323,-4.0,0.0,-75.0
1777890719.9783323,0.0,-2.0,-82.0
1777890719.9883325,4.0,2.0,-83.0
1777890719.9983325,1.0,5.0,-84.0
1777890720.0083325,1.0,4.0,-86.0
1777890720.0183325,0.0,1.0,-76.0
1777890720.0283325,2.0,2.0,-73.0
1777890720.0383325,0.0,3.0,-67.0
1777890720.0483325,3.0,4.0,-67.0
1777890720.0583324,2.0,5.0,-72.0
1777890720.0683324,-1.0,3.0,-76.0
1777890720.0783324,-2.0,2.0,-80.0
1777890720.0883324,-2.0,-2.0,-78.0
1777890720.0983324,-1.0,-7.0,-78.0
1777890720.1083324,-2.0,-5.0,-78.0
1777890720.1183324,3.0,-6.0,-71.0
1777890720.1283324,0.0,-5.0,-68.0
1777890720.1383324,-1.0,-2.0,-72.0
1777890720.1483324,-2.0,-1.0,-71.0
1777890720.1583323,1.0,0.0,-73.0
1777890720.1683323,3.0,-2.0,-75.0
1777890720.1783323,2.0,-1.0,-78.0
1777890720.1883323,4.0,-1.0,-80.0
1777890720.1983323,4.0,-4.0,-74.0
1777890720.2083323,2.0,0.0,-68.0
1777890720.2183323,4.0,0.0,-68.0
1777890720.2283323,1.0,-1.0,-67.0
1777890720.2383325,4.0,0.0,-73.0
1777890720.2483325,6.0,-2.0,-79.0
1777890720.2583325,5.0,0.0,-78.0
1777890720.2683325,3.0,-2.0,-78.0
1777890720.2783325,0.0,-4.0,-76.0
1777890720.2883325,0.0,-4.0,-82.0
1777890720.2983325,-1.0,-6.0,-77.0
1777890720.3083324,0.0,-6.0,-82.0
1777890720.3183324,1.0,-9.0,-76.0
1777890720.3283324,0.0,-8.0,-73.0
1777890720.3383324,2.0,-3.0,-75.0
1777890720.3483324,1.0,-5.0,-76.0
1777890720.3583324,1.0,-6.0,-79.0
1777890720.3683324,-1.0,-5.0,-76.0
1777890720.3783324,2.0,-5.0,-78.0
1777890720.3883324,7.0,-4.0,-79.0
1777890720.3983324,4.0,-5.0,-80.0
1777890720.4083323,2.0,-4.0,-75.0
1777890720.4183323,3.0,-3.0,-74.0
1777890720.4283323,5.0,-3.0,-77.0
1777890720.4383323,3.0,-6.0,-74.0
1777890720.4483323,2.0,-5.0,-76.0
1777890720.4583323,3.0,-5.0,-79.0
1777890720.4693325,3.0,-6.0,-75.0
1777890720.4783323,0.0,-2.0,-69.0
1777890720.4883325,1.0,-3.0,-75.0
1777890720.4983325,0.0,-2.0,-79.0
1777890720.5083325,0.0,-4.0,-70.0
1777890720.5183325,-3.0,-3.0,-65.0
1777890720.5283325,-3.0,-1.0,-72.0
1777890720.5383325,0.0,-1.0,-74.0
1777890720.5483325,-2.0,0.0,-71.0
1777890720.5593324,0.0,1.0,-68.0
1777890720.5683324,1.0,3.0,-70.0
1777890720.5793324,0.0,2.0,-73.0
1777890720.5893323,0.0,1.0,-72.0
1777890720.5993323,0.0,2.0,-69.0
1777890720.6093323,1.0,1.0,-73.0
1777890720.6193323,0.0,0.0,-70.0
1777890720.6293323,3.0,0.0,-68.0
1777890720.6393323,5.0,2.0,-69.0
1777890720.6493323,9.0,4.0,-76.0
1777890720.6593325,10.0,0.0,-74.0
1777890720.6693325,5.0,0.0,-68.0
1777890720.6793325,5.0,-6.0,-73.0
1777890720.6893325,5.0,-8.0,-72.0
1777890720.6993325,2.0,-7.0,-80.0
1777890720.7093325,5.0,-5.0,-80.0
1777890720.7193325,0.0,-4.0,-75.0
1777890720.7293324,-1.0,0.0,-76.0
1777890720.7393324,0.0,0.0,-65.0
1777890720.7493324,-2.0,0.0,-59.0
1777890720.7593324,-1.0,-1.0,-58.0
1777890720.7693324,-3.0,1.0,-55.0
1777890720.7793324,-7.0,3.0,-57.0
1777890720.7893324,-7.0,2.0,-64.0
1777890720.7993324,-3.0,3.0,-66.0
1777890720.8093324,1.0,3.0,-67.0
1777890720.8193324,0.0,4.0,-71.0
1777890720.8293324,0.0,5.0,-71.0
1777890720.8393323,1.0,2.0,-69.0
1777890720.8493323,8.0,1.0,-74.0
1777890720.8593323,11.0,-1.0,-72.0
1777890720.8693323,9.0,-3.0,-67.0
1777890720.8793323,6.0,-3.0,-64.0
1777890720.8893323,5.0,-3.0,-62.0
1777890720.8993323,4.0,-2.0,-67.0
1777890720.9093325,5.0,0.0,-70.0
1777890720.9193325,4.0,-3.0,-68.0
1777890720.9293325,3.0,-4.0,-68.0
1777890720.9393325,5.0,-4.0,-73.0
1777890720.9493325,2.0,-5.0,-68.0
1777890720.9593325,1.0,-4.0,-71.0
1777890720.9693325,0.0,-2.0,-72.0
1777890720.9793324,-1.0,-5.0,-72.0
1777890720.9893324,0.0,-6.0,-83.0
1777890720.9993324,-1.0,0.0,-89.0
1777890721.0093324,-3.0,1.0,-85.0
1777890721.0193324,1.0,0.0,-81.0
1777890721.0293324,3.0,1.0,-78.0
1777890721.0393324,0.0,-1.0,-77.0
1777890721.0493324,-5.0,-4.0,-85.0
1777890721.0593324,-4.0,-8.0,-82.0
1777890721.0693324,-8.0,-8.0,-79.0
1777890721.0793324,-4.0,-3.0,-73.0
1777890721.0893323,0.0,1.0,-65.0
1777890721.0993323,-2.0,-2.0,-65.0
1777890721.1093323,-3.0,-4.0,-78.0
1777890721.1193323,-1.0,-1.0,-76.0
1777890721.1293323,2.0,0.0,-75.0
1777890721.1393323,2.0,0.0,-76.0
1777890721.1493323,7.0,-2.0,-77.0
1777890721.1593325,5.0,-1.0,-78.0
1777890721.1693325,7.0,1.0,-72.0
1777890721.1793325,7.0,0.0,-71.0
1777890721.1893325,11.0,-3.0,-75.0
1777890721.1993325,6.0,-1.0,-73.0
1777890721.2093325,3.0,-2.0,-72.0
1777890721.2193325,3.0,-1.0,-72.0
1777890721.2293324,4.0,-1.0,-74.0
1777890721.2393324,5.0,-5.0,-74.0
1777890721.2493324,8.0,-3.0,-72.0
1777890721.2593324,5.0,-3.0,-71.0
1777890721.2693324,4.0,-2.0,-74.0
1777890721.2793324,5.0,2.0,-72.0
1777890721.2893324,5.0,3.0,-73.0
1777890721.2993324,9.0,3.0,-64.0
1777890721.3093324,5.0,2.0,-70.0
1777890721.3193324,0.0,2.0,-77.0
1777890721.3293324,-1.0,0.0,-79.0
1777890721.3393323,-5.0,0.0,-73.0
1777890721.3493323,1.0,-3.0,-71.0
1777890721.3593323,3.0,-2.0,-69.0
1777890721.3693323,6.0,-1.0,-72.0
1777890721.3793323,1.0,4.0,-77.0
1777890721.3893323,2.0,2.0,-74.0
1777890721.3993323,5.0,-4.0,-70.0
1777890721.4093325,0.0,-9.0,-63.0
1777890721.4193325,-3.0,-9.0,-62.0
1777890721.4293325,-5.0,-8.0,-61.0
1777890721.4393325,-6.0,-5.0,-56.0
1777890721.4493325,0.0,-3.0,-55.0
1777890721.4593325,1.0,1.0,-58.0
1777890721.4693325,-5.0,-2.0,-59.0
1777890721.4793324,-6.0,-3.0,-62.0
1777890721.4893324,-7.0,0.0,-68.0
1777890721.4993324,-3.0,2.0,-66.0
1777890721.5093324,-2.0,0.0,-66.0
1777890721.5193324,-6.0,-4.0,-61.0
1777890721.5293324,-6.0,-2.0,-63.0
1777890721.5393324,-7.0,-2.0,-73.0
1777890721.5493324,-3.0,-4.0,-73.0
1777890721.5593324,-2.0,0.0,-72.0
1777890721.5693324,-3.0,-2.0,-78.0
1777890721.5793324,-3.0,-3.0,-85.0
1777890721.5893323,-5.0,-1.0,-86.0
1777890721.5993323,-1.0,-1.0,-88.0
1777890721.6093323,3.0,-1.0,-85.0
1777890721.6193323,5.0,1.0,-84.0
1777890721.6293323,6.0,4.0,-88.0
1777890721.6393323,10.0,3.0,-90.0
1777890721.6493323,13.0,1.0,-82.0
1777890721.6593325,11.0,0.0,-76.0
1777890721.6693325,8.0,1.0,-66.0
1777890721.6793325,2.0,3.0,-69.0
1777890721.6893325,1.0,10.0,-77.0
1777890721.6993325,0.0,8.0,-77.0
1777890721.7093325,-1.0,4.0,-76.0
1777890721.7193325,-1.0,3.0,-74.0
1777890721.7293324,-1.0,3.0,-76.0
1777890721.7393324,-1.0,4.0,-77.0
1777890721.7493324,-2.0,6.0,-84.0
1777890721.7593324,-1.0,2.0,-83.0
1777890721.7693324,-2.0,4.0,-83.0
1777890721.7793324,1.0,4.0,-78.0
1777890721.7893324,2.0,4.0,-70.0
1777890721.7993324,0.0,1.0,-68.0
1777890721.8093324,-2.0,-2.0,-65.0
1777890721.8193324,-4.0,-1.0,-64.0
1777890721.8293324,-3.0,-2.0,-59.0
1777890721.8393323,-2.0,-6.0,-62.0
1777890721.8493323,-4.0,-3.0,-61.0
1777890721.8593323,-2.0,-3.0,-54.0
1777890721.8693323,-2.0,-2.0,-51.0
1777890721.8793323,4.0,-3.0,-55.0
1777890721.8893323,6.0,-4.0,-63.0
1777890721.8993323,11.0,0.0,-68.0
1777890721.9093325,11.0,1.0,-70.0
1777890721.9193325,6.0,-2.0,-68.0
1777890721.9293325,9.0,-3.0,-66.0
1777890721.9393325,3.0,-4.0,-61.0
1777890721.9493325,6.0,-3.0,-63.0
1777890721.9593325,2.0,-2.0,-58.0
1777890721.9693325,-1.0,-1.0,-61.0
1777890721.9793324,-7.0,-1.0,-65.0
1777890721.9893324,-6.0,-2.0,-80.0
1777890721.9993324,-8.0,-5.0,-84.0
1777890722.0093324,-4.0,-7.0,-80.0
1777890722.0193324,0.0,-6.0,-76.0
1777890722.0293324,4.0,-6.0,-73.0
1777890722.0393324,1.0,-7.0,-75.0
1777890722.0493324,-1.0,-8.0,-74.0
1777890722.0593324,-2.0,-6.0,-76.0
1777890722.0693324,-3.0,-1.0,-71.0
1777890722.0793324,-1.0,0.0,-65.0
1777890722.0893323,0.0,-4.0,-69.0
1777890722.0993323,-2.0,-5.0,-73.0
1777890722.1093323,-1.0,-6.0,-76.0
1777890722.1193323,2.0,-7.0,-82.0
1777890722.1293323,0.0,-4.0,-87.0
1777890722.1393323,2.0,-3.0,-81.0
1777890722.1493323,3.0,-1.0,-81.0
1777890722.1593325,4.0,1.0,-78.0
1777890722.1693325,4.0,2.0,-75.0
1777890722.1793325,7.0,-3.0,-73.0
1777890722.1893325,5.0,-2.0,-78.0
1777890722.1993325,2.0,-1.0,-82.0
1777890722.2093325,1.0,-1.0,-81.0
1777890722.2193325,0.0,1.0,-73.0
1777890722.2293324,0.0,0.0,-67.0
1777890722.2393324,2.0,-3.0,-62.0
1777890722.2493324,2.0,-2.0,-62.0
1777890722.2593324,0.0,0.0,-69.0
1777890722.2693324,-3.0,-1.0,-66.0
1777890722.2793324,0.0,0.0,-66.0
1777890722.2893324,1.0,-1.0,-62.0
1777890722.2993324,3.0,0.0,-66.0
1777890722.3093324,2.0,-1.0,-65.0
1777890722.3193324,-3.0,-5.0,-72.0
1777890722.3293324,-1.0,-3.0,-76.0
1777890722.3393323,0.0,-3.0,-77.0
1777890722.3493323,0.0,0.0,-76.0
1777890722.3593323,0.0,0.0,-69.0
1777890722.3693323,0.0,0.0,-76.0
1777890722.3793323,4.0,4.0,-76.0
1777890722.3893323,5.0,7.0,-75.0
1777890722.3993323,5.0,5.0,-73.0
1777890722.4093325,5.0,3.0,-77.0
1777890722.4193325,6.0,-1.0,-78.0
1777890722.4293325,0.0,-1.0,-81.0
1777890722.4393325,0.0,-2.0,-71.0
1777890722.4493325,-4.0,-2.0,-69.0
1777890722.4593325,-3.0,0.0,-67.0
1777890722.4693325,-3.0,-3.0,-63.0
1777890722.4793324,0.0,-2.0,-68.0
1777890722.4893324,-1.0,-1.0,-68.0
1777890722.4993324,-1.0,-3.0,-69.0
1777890722.5093324,1.0,-1.0,-71.0
1777890722.5193324,4.0,-1.0,-70.0
1777890722.5293324,4.0,5.0,-67.0
1777890722.5393324,5.0,4.0,-62.0
1777890722.5493324,8.0,2.0,-63.0
1777890722.5593324,9.0,1.0,-65.0
1777890722.5703323,4.0,0.0,-70.0
1777890722.5803325,-1.0,2.0,-74.0
1777890722.5893323,0.0,-2.0,-80.0
1777890722.6003325,4.0,-3.0,-79.0
1777890722.6103325,4.0,-1.0,-80.0
1777890722.6203325,4.0,-1.0,-76.0
1777890722.6303325,3.0,-1.0,-80.0
1777890722.6403325,1.0,0.0,-83.0
1777890722.6503325,0.0,2.0,-78.0
1777890722.6603324,3.0,3.0,-75.0
1777890722.6703324,0.0,5.0,-76.0
1777890722.6803324,-2.0,7.0,-78.0
1777890722.6903324,-3.0,7.0,-77.0
1777890722.7003324,-3.0,7.0,-77.0
1777890722.7103324,-1.0,2.0,-70.0
1777890722.7203324,1.0,-1.0,-66.0
1777890722.7303324,2.0,-1.0,-59.0
1777890722.7403324,1.0,1.0,-61.0
1777890722.7503324,2.0,-1.0,-60.0
1777890722.7603323,2.0,-3.0,-61.0
1777890722.7703323,7.0,-3.0,-60.0
1777890722.7803323,6.0,-4.0,-65.0
1777890722.7903323,5.0,-3.0,-67.0
1777890722.8003323,3.0,-2.0,-71.0
1777890722.8103323,2.0,-1.0,-73.0
1777890722.8203323,0.0,0.0,-75.0
1777890722.8303325,2.0,0.0,-75.0
1777890722.8403325,3.0,2.0,-75.0
1777890722.8503325,0.0,3.0,-74.0
1777890722.8603325,-1.0,0.0,-69.0
1777890722.8703325,1.0,0.0,-68.0
1777890722.8803325,0.0,0.0,-76.0
1777890722.8903325,0.0,0.0,-74.0
1777890722.9003325,-5.0,0.0,-76.0
1777890722.9103324,-5.0,-3.0,-78.0
1777890722.9203324,-2.0,1.0,-71.0
1777890722.9303324,0.0,-3.0,-77.0
1777890722.9403324,-3.0,-1.0,-72.0
1777890722.9503324,-1.0,-1.0,-62.0
1777890722.9603324,-1.0,-3.0,-69.0
1777890722.9703324,2.0,-6.0,-72.0
1777890722.9803324,5.0,-3.0,-75.0
1777890722.9903324,1.0,-3.0,-76.0
1777890723.0003324,0.0,-4.0,-78.0
1777890723.0103323,0.0,-5.0,-81.0
1777890723.0203323,0.0,-2.0,-84.0
1777890723.0303323,0.0,0.0,-86.0
1777890723.0403323,0.0,0.0,-81.0
1777890723.0503323,5.0,0.0,-78.0
1777890723.0603323,10.0,0.0,-70.0
1777890723.0703323,6.0,-2.0,-72.0
1777890723.0803325,4.0,0.0,-70.0
1777890723.0903325,1.0,0.0,-63.0
1777890723.1003325,-1.0,2.0,-68.0
1777890723.1103325,-4.0,6.0,-67.0
1777890723.1203325,-7.0,2.0,-75.0
1777890723.1303325,-7.0,0.0,-77.0
1777890723.1403325,-3.0,1.0,-79.0
1777890723.1503325,-3.0,3.0,-76.0
1777890723.1603324,0.0,0.0,-74.0
1777890723.1703324,0.0,1.0,-69.0
1777890723.1803324,0.0,2.0,-65.0
1777890723.1903324,-1.0,0.0,-66.0
1777890723.2003324,-1.0,0.0,-65.0
1777890723.2103324,1.0,-3.0,-67.0
1777890723.2203324,0.0,-1.0,-67.0
1777890723.2303324,-2.0,1.0,-62.0
1777890723.2403324,0.0,4.0,-62.0
1777890723.2503324,2.0,6.0,-64.0
1777890723.2603323,1.0,6.0,-73.0
1777890723.2703323,0.0,3.0,-70.0
1777890723.2803323,1.0,5.0,-77.0
1777890723.2903323,0.0,5.0,-77.0
1777890723.3003323,2.0,5.0,-79.0
1777890723.3103323,1.0,6.0,-82.0
1777890723.3203323,2.0,3.0,-82.0
1777890723.3303325,0.0,4.0,-79.0
1777890723.3403325,-1.0,5.0,-81.0
1777890723.3503325,0.0,3.0,-80.0
1777890723.3603325,-1.0,2.0,-75.0
1777890723.3703325,0.0,0.0,-73.0
1777890723.3803325,3.0,0.0,-70.0
1777890723.3903325,3.0,0.0,-72.0
1777890723.4003325,0.0,0.0,-76.0
1777890723.4103324,-1.0,0.0,-74.0
1777890723.4203324,-1.0,0.0,-69.0
1777890723.4303324,-2.0,0.0,-68.0
1777890723.4403324,0.0,-2.0,-64.0
1777890723.4503324,-4.0,-3.0,-60.0
1777890723.4603324,-5.0,-2.0,-52.0
1777890723.4703324,-3.0,-4.0,-50.0
1777890723.4803324,-3.0,-5.0,-54.0
1777890723.4903324,-3.0,-6.0,-53.0
1777890723.5003324,-1.0,-7.0,-59.0
1777890723.5103323,-1.0,-7.0,-66.0
1777890723.5203323,-2.0,-5.0,-67.0
1777890723.5303323,-2.0,-6.0,-66.0
1777890723.5403323,1.0,-7.0,-69.0
1777890723.5503323,1.0,-6.0,-71.0
1777890723.5603323,5.0,-6.0,-73.0
1777890723.5703323,4.0,-3.0,-66.0
1777890723.5803325,5.0,-3.0,-66.0
1777890723.5903325,6.0,-3.0,-64.0
1777890723.6003325,3.0,-5.0,-69.0
1777890723.6103325,11.0,-4.0,-75.0
1777890723.6203325,7.0,-3.0,-78.0
1777890723.6303325,5.0,-5.0,-76.0
1777890723.6403325,-1.0,-6.0,-70.0
1777890723.6503325,0.0,-4.0,-69.0
1777890723.6603324,2.0,-2.0,-65.0
1777890723.6703324,-6.0,0.0,-65.0
1777890723.6803324,-2.0,0.0,-72.0
1777890723.6903324,-1.0,1.0,-78.0
1777890723.7003324,-4.0,4.0,-79.0
1777890723.7103324,-5.0,2.0,-83.0
1777890723.7203324,-5.0,1.0,-81.0
1777890723.7303324,-2.0,3.0,-76.0
1777890723.7403324,-1.0,4.0,-72.0
1777890723.7503324,3.0,3.0,-70.0
1777890723.7603323,5.0,2.0,-70.0
1777890723.7703323,3.0,-1.0,-67.0
1777890723.7803323,2.0,-4.0,-68.0
1777890723.7903323,0.0,0.0,-70.0
1777890723.8003323,-1.0,1.0,-70.0
1777890723.8103323,2.0,2.0,-69.0
1777890723.8203323,4.0,5.0,-66.0
1777890723.8303325,1.0,3.0,-62.0
1777890723.8403325,-2.0,1.0,-64.0
1777890723.8503325,1.0,2.0,-68.0
1777890723.8603325,2.0,4.0,-71.0
1777890723.8703325,4.0,4.0,-69.0
1777890723.8803325,4.0,4.0,-67.0
1777890723.8903325,3.0,-3.0,-66.0
1777890723.9003325,3.0,-2.0,-73.0
1777890723.9103324,2.0,-2.0,-78.0
1777890723.9203324,-1.0,0.0,-79.0
1777890723.9303324,1.0,4.0,-74.0
1777890723.9403324,1.0,3.0,-72.0
1777890723.9503324,0.0,-1.0,-70.0
1777890723.9603324,0.0,3.0,-67.0
1777890723.9703324,-3.0,1.0,-73.0
1777890723.9803324,-4.0,-3.0,-72.0
1777890723.9903324,-5.0,-1.0,-74.0
1777890724.0003324,-6.0,-1.0,-78.0
1777890724.0103323,-3.0,-3.0,-73.0
1777890724.0203323,-2.0,-1.0,-74.0
1777890724.0303323,-3.0,-4.0,-68.0
1777890724.0403323,1.0,-5.0,-79.0
1777890724.0503323,5.0,-1.0,-81.0
1777890724.0603323,7.0,1.0,-77.0
1777890724.0703323,5.0,4.0,-79.0
1777890724.0803325,4.0,3.0,-79.0
1777890724.0903325,5.0,3.0,-80.0
1777890724.1003325,4.0,0.0,-70.0
1777890724.1103325,4.0,-1.0,-65.0
1777890724.1203325,1.0,1.0,-67.0
1777890724.1303325,0.0,-2.0,-75.0
1777890724.1403325,0.0,0.0,-73.0
1777890724.1503325,1.0,-1.0,-68.0
1777890724.1603324,3.0,-3.0,-64.0
1777890724.1703324,9.0,-5.0,-67.0
1777890724.1803324,10.0,-5.0,-74.0
1777890724.1903324,8.0,-4.0,-76.0
1777890724.2003324,4.0,-2.0,-77.0
1777890724.2103324,0.0,0.0,-79.0
1777890724.2203324,-1.0,-5.0,-74.0
1777890724.2303324,-3.0,-4.0,-74.0
1777890724.2403324,-3.0,-3.0,-70.0
1777890724.2503324,-8.0,-1.0,-69.0
1777890724.2603323,-5.0,-4.0,-70.0
1777890724.2703323,0.0,-4.0,-72.0
1777890724.2803323,-1.0,0.0,-70.0
1777890724.2903323,-6.0,1.0,-76.0
1777890724.3003323,-2.0,-2.0,-71.0
1777890724.3103323,-1.0,-6.0,-73.0
1777890724.3203323,0.0,-6.0,-79.0
1777890724.3303325,-1.0,-8.0,-82.0
1777890724.3403325,0.0,-4.0,-79.0
1777890724.3503325,0.0,-6.0,-81.0
1777890724.3603325,-2.0,-2.0,-86.0
1777890724.3703325,-1.0,-4.0,-86.0
1777890724.3803325,0.0,-2.0,-80.0
1777890724.3903325,1.0,-3.0,-85.0
1777890724.4003325,4.0,-1.0,-82.0
1777890724.4103324,0.0,3.0,-73.0
1777890724.4203324,-1.0,2.0,-72.0
1777890724.4303324,4.0,0.0,-78.0
1777890724.4403324,3.0,-4.0,-75.0
1777890724.4503324,3.0,-4.0,-72.0
1777890724.4603324,2.0,-6.0,-75.0
1777890724.4703324,3.0,-4.0,-75.0
1777890724.4803324,3.0,-3.0,-73.0
1777890724.4903324,3.0,0.0,-76.0
1777890724.5003324,1.0,-1.0,-75.0
1777890724.5103323,0.0,-1.0,-69.0
1777890724.5213325,0.0,0.0,-69.0
1777890724.5303323,1.0,-3.0,-72.0
1777890724.5403323,3.0,0.0,-75.0
1777890724.5503323,5.0,-2.0,-83.0
1777890724.5613325,-1.0,-1.0,-90.0
1777890724.5713325,-3.0,-3.0,-80.0
1777890724.5813324,0.0,-4.0,-83.0
1777890724.5913324,-1.0,-7.0,-71.0
1777890724.6003325,0.0,-4.0,-71.0
1777890724.6113324,1.0,-3.0,-74.0
1777890724.6213324,2.0,-9.0,-71.0
1777890724.6313324,6.0,-8.0,-78.0
1777890724.6413324,2.0,-5.0,-81.0
1777890724.6513324,-1.0,-5.0,-80.0
1777890724.6613324,-3.0,0.0,-76.0
1777890724.6713324,0.0,5.0,-75.0
1777890724.6813323,5.0,-3.0,-75.0
1777890724.6913323,6.0,-5.0,-79.0
1777890724.7013323,9.0,-4.0,-78.0
1777890724.7113323,11.0,-1.0,-70.0
1777890724.7213323,3.0,0.0,-75.0
1777890724.7313323,1.0,0.0,-75.0
1777890724.7413323,0.0,4.0,-76.0
1777890724.7513323,0.0,2.0,-75.0
1777890724.7613325,-1.0,-5.0,-73.0
1777890724.7713325,0.0,-2.0,-77.0
1777890724.7813325,5.0,-3.0,-73.0
1777890724.7913325,3.0,-3.0,-73.0
1777890724.8013325,1.0,-1.0,-71.0
1777890724.8113325,8.0,-1.0,-70.0
1777890724.8213325,3.0,1.0,-75.0
1777890724.8313324,5.0,1.0,-73.0
1777890724.8413324,5.0,-2.0,-75.0
1777890724.8513324,7.0,-1.0,-71.0
1777890724.8613324,9.0,-3.0,-71.0
1777890724.8713324,6.0,-1.0,-67.0
1777890724.8813324,2.0,1.0,-65.0
1777890724.8913324,1.0,2.0,-70.0
1777890724.9013324,3.0,-1.0,-70.0
1777890724.9113324,6.0,-1.0,-70.0
1777890724.9213324,2.0,0.0,-76.0
1777890724.9313323,1.0,0.0,-76.0
1777890724.9413323,0.0,0.0,-75.0
1777890724.9513323,2.0,0.0,-71.0
1777890724.9613323,3.0,1.0,-62.0
1777890724.9713323,0.0,-3.0,-61.0
1777890724.9813323,-2.0,-2.0,-67.0
1777890724.9913323,-3.0,0.0,-70.0
1777890725.0013323,-3.0,0.0,-72.0
1777890725.0113325,-3.0,1.0,-67.0
1777890725.0213325,-6.0,0.0,-65.0
1777890725.0313325,-6.0,-2.0,-65.0
1777890725.0413325,-5.0,-2.0,-63.0
1777890725.0513325,-5.0,-2.0,-58.0
1777890725.0613325,-3.0,-1.0,-57.0
1777890725.0713325,0.0,-1.0,-64.0
1777890725.0813324,-1.0,0.0,-67.0
1777890725.0913324,-2.0,0.0,-72.0
1777890725.1013324,0.0,0.0,-61.0
1777890725.1113324,5.0,0.0,-70.0
1777890725.1213324,10.0,0.0,-73.0
1777890725.1313324,6.0,0.0,-78.0
1777890725.1413324,8.0,0.0,-72.0
1777890725.1513324,6.0,0.0,-73.0
1777890725.1613324,7.0,0.0,-71.0
1777890725.1713324,5.0,1.0,-68.0
1777890725.1813323,5.0,0.0,-70.0
1777890725.1913323,1.0,0.0,-70.0
1777890725.2013323,0.0,-4.0,-63.0
1777890725.2113323,1.0,-1.0,-64.0
1777890725.2213323,1.0,-1.0,-70.0
1777890725.2313323,2.0,0.0,-68.0
1777890725.2413323,1.0,2.0,-74.0
1777890725.2513323,2.0,5.0,-81.0
1777890725.2613325,3.0,5.0,-80.0
1777890725.2713325,-2.0,1.0,-86.0
1777890725.2813325,-2.0,3.0,-86.0
1777890725.2913325,-2.0,0.0,-78.0
1777890725.3013325,-2.0,0.0,-72.0
1777890725.3113325,-3.0,-1.0,-75.0
1777890725.3213325,0.0,-1.0,-73.0
1777890725.3313324,2.0,-5.0,-75.0
1777890725.3413324,0.0,-7.0,-72.0
1777890725.3513324,2.0,-12.0,-78.0
1777890725.3613324,0.0,-15.0,-84.0
1777890725.3713324,-2.0,-12.0,-83.0
1777890725.3813324,0.0,-9.0,-85.0
1777890725.3913324,2.0,-8.0,-86.0
1777890725.4013324,4.0,-6.0,-80.0
1777890725.4113324,2.0,-5.0,-76.0
1777890725.4213324,3.0,-6.0,-83.0
1777890725.4313323,1.0,-10.0,-81.0
1777890725.4413323,-1.0,-7.0,-75.0
1777890725.4513323,2.0,-4.0,-72.0
1777890725.4613323,2.0,-3.0,-73.0
1777890725.4713323,6.0,-2.0,-70.0
1777890725.4813323,4.0,-4.0,-71.0
1777890725.4913323,8.0,-5.0,-70.0
1777890725.5013323,11.0,-1.0,-65.0
1777890725.5113325,14.0,-5.0,-71.0
1777890725.5213325,16.0,-4.0,-71.0
1777890725.5313325,12.0,-3.0,-68.0
1777890725.5413325,8.0,-3.0,-69.0
1777890725.5513325,7.0,-5.0,-70.0
1777890725.5613325,8.0,-5.0,-70.0
1777890725.5713325,2.0,-7.0,-75.0
1777890725.5813324,-3.0,-6.0,-79.0
1777890725.5913324,0.0,-2.0,-77.0
1777890725.6013324,-1.0,-4.0,-75.0
1777890725.6113324,-4.0,2.0,-75.0
1777890725.6213324,-3.0,7.0,-73.0
1777890725.6313324,-2.0,7.0,-77.0
1777890725.6413324,-2.0,3.0,-77.0
1777890725.6513324,1.0,0.0,-70.0
1777890725.6613324,0.0,-1.0,-71.0
1777890725.6713324,2.0,-2.0,-71.0
1777890725.6813323,5.0,-3.0,-73.0
1777890725.6913323,7.0,-3.0,-72.0
1777890725.7013323,8.0,-3.0,-67.0
1777890725.7113323,2.0,-2.0,-69.0
1777890725.7213323,2.0,0.0,-65.0
1777890725.7313323,3.0,4.0,-65.0
1777890725.7413323,0.0,3.0,-67.0
1777890725.7513323,-1.0,4.0,-72.0
1777890725.7613325,3.0,0.0,-73.0
1777890725.7713325,5.0,0.0,-70.0
1777890725.7813325,2.0,0.0,-74.0
1777890725.7913325,0.0,-3.0,-66.0
1777890725.8013325,3.0,-3.0,-66.0
1777890725.8113325,1.0,-4.0,-66.0
1777890725.8213325,6.0,-1.0,-72.0
1777890725.8313324,6.0,2.0,-71.0
1777890725.8413324,0.0,0.0,-68.0
1777890725.8513324,-1.0,1.0,-69.0
1777890725.8613324,2.0,1.0,-77.0
1777890725.8713324,1.0,0.0,-71.0
1777890725.8813324,2.0,-1.0,-80.0
1777890725.8913324,1.0,1.0,-81.0
1777890725.9013324,3.0,5.0,-79.0
1777890725.9113324,6.0,2.0,-72.0
1777890725.9213324,6.0,4.0,-65.0
1777890725.9313323,2.0,3.0,-66.0
1777890725.9413323,1.0,1.0,-66.0
1777890725.9513323,3.0,0.0,-75.0
1777890725.9613323,2.0,-1.0,-82.0
1777890725.9713323,1.0,-1.0,-83.0
1777890725.9813323,0.0,1.0,-89.0
1777890725.9913323,0.0,-3.0,-85.0
1777890726.0013323,1.0,0.0,-88.0
1777890726.0113325,1.0,0.0,-82.0
1777890726.0213325,0.0,0.0,-82.0
1777890726.0313325,1.0,-5.0,-82.0
1777890726.0413325,0.0,-6.0,-79.0
1777890726.0513325,-3.0,-12.0,-71.0
1777890726.0613325,-1.0,-13.0,-67.0
1777890726.0713325,3.0,-9.0,-63.0
1777890726.0813324,6.0,-8.0,-64.0
1777890726.0913324,8.0,-9.0,-68.0
1777890726.1013324,8.0,-8.0,-64.0
1777890726.1113324,9.0,-8.0,-71.0
1777890726.1213324,6.0,-6.0,-78.0
1777890726.1313324,5.0,-7.0,-80.0
1777890726.1413324,7.0,-7.0,-79.0
1777890726.1513324,3.0,-5.0,-76.0
1777890726.1613324,0.0,-4.0,-78.0
1777890726.1713324,0.0,-4.0,-88.0
1777890726.1813323,2.0,-5.0,-79.0
1777890726.1913323,3.0,-5.0,-67.0
1777890726.2013323,6.0,-4.0,-72.0
1777890726.2113323,1.0,0.0,-71.0
1777890726.2213323,5.0,-1.0,-76.0
1777890726.2313323,5.0,0.0,-78.0
1777890726.2413323,5.0,-3.0,-80.0
1777890726.2513323,4.0,-2.0,-76.0
1777890726.2613325,5.0,1.0,-71.0
1777890726.2713325,6.0,1.0,-69.0
1777890726.2813325,4.0,-1.0,-61.0
1777890726.2913325,2.0,-5.0,-62.0
1777890726.3013325,0.0,-4.0,-65.0
1777890726.3113325,0.0,-2.0,-68.0
1777890726.3213325,2.0,-4.0,-64.0
1777890726.3313324,6.0,1.0,-58.0
1777890726.3413324,9.0,1.0,-60.0
1777890726.3513324,9.0,0.0,-65.0
1777890726.3613324,9.0,-3.0,-67.0
1777890726.3713324,11.0,-1.0,-74.0
1777890726.3813324,6.0,0.0,-74.0
1777890726.3913324,5.0,0.0,-77.0
1777890726.4013324,3.0,0.0,-78.0
1777890726.4113324,0.0,-2.0,-71.0
1777890726.4213324,-1.0,-8.0,-69.0
1777890726.4313323,-1.0,-7.0,-64.0
1777890726.4413323,0.0,-3.0,-75.0
1777890726.4513323,1.0,0.0,-76.0
1777890726.4613323,1.0,-1.0,-73.0
1777890726.4713323,1.0,0.0,-71.0
1777890726.4813323,-1.0,-3.0,-72.0
1777890726.4913323,0.0,-5.0,-73.0
1777890726.5013323,1.0,-5.0,-72.0
1777890726.5113325,4.0,-1.0,-70.0
1777890726.5213325,4.0,0.0,-64.0
1777890726.5313325,5.0,0.0,-64.0
1777890726.5423324,4.0,2.0,-67.0
1777890726.5523324,0.0,-2.0,-68.0
1777890726.5623324,2.0,-3.0,-67.0
1777890726.5723324,2.0,-2.0,-83.0
1777890726.5823324,4.0,2.0,-85.0
1777890726.5923324,11.0,4.0,-84.0
1777890726.6023324,12.0,3.0,-88.0
1777890726.6123323,14.0,-2.0,-78.0
1777890726.6223323,12.0,-2.0,-75.0
1777890726.6323323,10.0,-3.0,-77.0
1777890726.6423323,5.0,0.0,-73.0
1777890726.6523323,4.0,2.0,-70.0
1777890726.6623323,3.0,-2.0,-71.0
1777890726.6723323,0.0,-1.0,-75.0
1777890726.6823325,0.0,-5.0,-76.0
1777890726.6923325,3.0,-3.0,-73.0
1777890726.7023325,2.0,-4.0,-80.0
1777890726.7123325,0.0,-6.0,-75.0
1777890726.7223325,2.0,-7.0,-82.0
1777890726.7323325,0.0,-5.0,-81.0
1777890726.7423325,1.0,-4.0,-77.0
1777890726.7523324,4.0,-6.0,-73.0
1777890726.7623324,4.0,-7.0,-73.0
1777890726.7723324,4.0,-10.0,-69.0
1777890726.7823324,3.0,-11.0,-72.0
1777890726.7923324,8.0,-10.0,-77.0
1777890726.8023324,8.0,-6.0,-76.0
1777890726.8123324,7.0,-3.0,-80.0
1777890726.8223324,4.0,-3.0,-78.0
1777890726.8323324,0.0,-4.0,-77.0
1777890726.8423324,-2.0,-2.0,-72.0
1777890726.8523324,2.0,0.0,-73.0
1777890726.8623323,-1.0,-1.0,-72.0
1777890726.8723323,0.0,-4.0,-71.0
1777890726.8823323,0.0,-4.0,-73.0
1777890726.8923323,0.0,-4.0,-71.0
1777890726.9023323,1.0,-2.0,-79.0
1777890726.9123323,3.0,0.0,-78.0
1777890726.9223323,8.0,4.0,-76.0
1777890726.9323325,5.0,-1.0,-77.0
1777890726.9423325,1.0,-3.0,-80.0
1777890726.9523325,0.0,-1.0,-78.0
1777890726.9623325,0.0,-4.0,-73.0
1777890726.9723325,2.0,-6.0,-68.0
1777890726.9823325,5.0,-3.0,-71.0
1777890726.9923325,3.0,-3.0,-68.0
1777890727.0023324,4.0,-4.0,-69.0
1777890727.0123324,5.0,-1.0,-74.0
1777890727.0223324,1.0,-2.0,-70.0
1777890727.0323324,2.0,-1.0,-68.0
1777890727.0423324,3.0,-4.0,-75.0
1777890727.0523324,-1.0,-6.0,-74.0
1777890727.0623324,0.0,-5.0,-80.0
1777890727.0723324,0.0,-9.0,-84.0
1777890727.0823324,0.0,-8.0,-81.0
1777890727.0923324,0.0,-6.0,-84.0
1777890727.1023324,0.0,-7.0,-81.0
1777890727.1123323,-3.0,-4.0,-78.0
1777890727.1223323,-2.0,-3.0,-75.0
1777890727.1323323,-1.0,-3.0,-72.0
1777890727.1423323,2.0,-2.0,-70.0
1777890727.1523323,0.0,-7.0,-71.0
1777890727.1623323,5.0,-9.0,-75.0
1777890727.1723323,7.0,-8.0,-74.0
1777890727.1823325,6.0,-3.0,-72.0
1777890727.1923325,6.0,-3.0,-76.0
1777890727.2023325,5.0,1.0,-73.0
1777890727.2123325,3.0,2.0,-73.0
1777890727.2223325,0.0,0.0,-75.0
1777890727.2323325,2.0,0.0,-73.0
1777890727.2423325,2.0,1.0,-67.0
1777890727.2523324,2.0,3.0,-67.0
1777890727.2623324,-1.0,-1.0,-73.0
1777890727.2723324,0.0,-1.0,-66.0
1777890727.2823324,0.0,-1.0,-68.0
1777890727.2923324,4.0,1.0,-72.0
1777890727.3023324,10.0,0.0,-69.0
1777890727.3123324,8.0,-1.0,-69.0
1777890727.3223324,2.0,0.0,-75.0
1777890727.3323324,9.0,2.0,-78.0
1777890727.3423324,6.0,2.0,-75.0
1777890727.3523324,8.0,4.0,-70.0
1777890727.3623323,4.0,2.0,-69.0
1777890727.3723323,2.0,-1.0,-74.0
1777890727.3823323,-1.0,-3.0,-76.0
1777890727.3923323,-5.0,-4.0,-77.0
1777890727.4023323,4.0,-8.0,-80.0
1777890727.4123323,2.0,-8.0,-80.0
1777890727.4223323,0.0,-3.0,-76.0
1777890727.4323325,1.0,-5.0,-67.0
1777890727.4423325,4.0,-3.0,-70.0
1777890727.4523325,4.0,-5.0,-71.0
1777890727.4623325,6.0,-7.0,-75.0
1777890727.4723325,10.0,0.0,-75.0
1777890727.4823325,6.0,4.0,-76.0
1777890727.4923325,3.0,4.0,-79.0
1777890727.5023324,5.0,7.0,-72.0
1777890727.5123324,2.0,6.0,-75.0
1777890727.5223324,1.0,2.0,-66.0
1777890727.5323324,-2.0,0.0,-63.0
1777890727.5423324,-5.0,1.0,-67.0
1777890727.5523324,-8.0,3.0,-69.0
1777890727.5623324,-12.0,3.0,-76.0
1777890727.5723324,-8.0,0.0,-73.0
1777890727.5823324,-4.0,1.0,-77.0
1777890727.5923324,-2.0,0.0,-83.0
1777890727.6023324,0.0,0.0,-86.0
1777890727.6123323,5.0,0.0,-80.0
1777890727.6223323,2.0,-2.0,-75.0
1777890727.6323323,0.0,-2.0,-72.0
1777890727.6423323,-4.0,0.0,-72.0
1777890727.6523323,-2.0,-4.0,-67.0
1777890727.6623323,-6.0,-3.0,-68.0
1777890727.6723323,-5.0,-1.0,-66.0
1777890727.6823325,-6.0,0.0,-68.0
1777890727.6923325,-7.0,1.0,-69.0
1777890727.7023325,-4.0,2.0,-74.0
1777890727.7123325,-1.0,3.0,-76.0
1777890727.7223325,0.0,2.0,-69.0
1777890727.7323325,-1.0,0.0,-67.0
1777890727.7423325,-3.0,-2.0,-66.0
1777890727.7523324,0.0,-2.0,-61.0
1777890727.7623324,-1.0,-5.0,-64.0
1777890727.7723324,2.0,-1.0,-64.0
1777890727.7823324,2.0,1.0,-71.0
1777890727.7923324,0.0,0.0,-71.0
1777890727.8023324,-2.0,0.0,-69.0
1777890727.8123324,-2.0,-6.0,-67.0
1777890727.8223324,0.0,-3.0,-60.0
1777890727.8323324,2.0,-4.0,-59.0
1777890727.8423324,4.0,-3.0,-66.0
1777890727.8523324,0.0,-1.0,-69.0
1777890727.8623323,0.0,-3.0,-68.0
1777890727.8723323,4.0,1.0,-67.0
1777890727.8823323,7.0,-2.0,-66.0
1777890727.8923323,4.0,-3.0,-67.0
1777890727.9023323,1.0,-2.0,-66.0
1777890727.9123323,2.0,0.0,-69.0
1777890727.9223323,0.0,-2.0,-76.0
1777890727.9323325,2.0,-2.0,-79.0
1777890727.9423325,3.0,-1.0,-79.0
1777890727.9523325,4.0,0.0,-75.0
1777890727.9623325,4.0,-3.0,-76.0
1777890727.9723325,6.0,-4.0,-81.0
1777890727.9823325,2.0,-4.0,-85.0
1777890727.9923325,4.0,-3.0,-86.0
1777890728.0023324,6.0,1.0,-91.0
1777890728.0123324,3.0,0.0,-82.0
1777890728.0223324,4.0,-4.0,-73.0
1777890728.0323324,6.0,-7.0,-73.0
1777890728.0423324,6.0,-7.0,-71.0
1777890728.0523324,5.0,-5.0,-72.0
1777890728.0623324,2.0,-6.0,-76.0
1777890728.0723324,0.0,-5.0,-83.0
1777890728.0823324,-2.0,-3.0,-85.0
1777890728.0923324,3.0,-3.0,-85.0
1777890728.1023324,2.0,-1.0,-76.0
1777890728.1123323,5.0,1.0,-76.0
1777890728.1223323,0.0,2.0,-70.0
1777890728.1323323,1.0,4.0,-74.0
1777890728.1423323,0.0,4.0,-79.0
1777890728.1523323,-1.0,5.0,-77.0
1777890728.1623323,1.0,1.0,-76.0
1777890728.1723323,4.0,-2.0,-70.0
1777890728.1823325,2.0,0.0,-70.0
1777890728.1923325,5.0,1.0,-69.0
1777890728.2023325,5.0,0.0,-67.0
1777890728.2123325,3.0,-4.0,-57.0
1777890728.2223325,1.0,-3.0,-58.0
1777890728.2323325,0.0,-6.0,-64.0
1777890728.2423325,0.0,-2.0,-69.0
1777890728.2523324,2.0,-1.0,-67.0
1777890728.2623324,3.0,-1.0,-77.0
1777890728.2723324,3.0,0.0,-80.0
1777890728.2823324,3.0,1.0,-81.0
1777890728.2923324,1.0,0.0,-78.0
1777890728.3023324,1.0,0.0,-80.0
1777890728.3123324,4.0,3.0,-75.0
1777890728.3223324,3.0,1.0,-72.0
1777890728.3323324,1.0,0.0,-69.0
1777890728.3423324,1.0,-2.0,-71.0
1777890728.3523324,3.0,-2.0,-76.0
1777890728.3623323,0.0,-1.0,-73.0
1777890728.3723323,-1.0,0.0,-78.0
1777890728.3823323,-5.0,1.0,-75.0
1777890728.3923323,0.0,2.0,-77.0
1777890728.4023323,0.0,3.0,-81.0
1777890728.4123323,0.0,1.0,-80.0
1777890728.4223323,-5.0,3.0,-80.0
1777890728.4323325,-5.0,5.0,-81.0
1777890728.4423325,-5.0,0.0,-87.0
1777890728.4523325,-4.0,-5.0,-82.0
1777890728.4623325,-2.0,-7.0,-79.0
1777890728.4723325,-1.0,-5.0,-73.0
1777890728.4823325,-3.0,-4.0,-79.0
1777890728.4923325,0.0,-4.0,-77.0
1777890728.5033324,3.0,1.0,-67.0
1777890728.5133324,0.0,4.0,-69.0
1777890728.5233324,-4.0,2.0,-67.0
1777890728.5333323,-7.0,0.0,-66.0
1777890728.5433323,-8.0,0.0,-74.0
1777890728.5533323,-7.0,0.0,-76.0
1777890728.5633323,-5.0,1.0,-81.0
1777890728.5733323,2.0,-3.0,-79.0
1777890728.5833323,6.0,-5.0,-75.0
1777890728.5933323,6.0,-3.0,-69.0
1777890728.6033323,2.0,-5.0,-65.0
1777890728.6133325,3.0,-3.0,-59.0
1777890728.6233325,7.0,0.0,-54.0
1777890728.6333325,5.0,-1.0,-52.0
1777890728.6433325,3.0,-6.0,-61.0
1777890728.6533325,2.0,-9.0,-68.0
1777890728.6633325,1.0,-6.0,-72.0
1777890728.6733325,5.0,-4.0,-74.0
1777890728.6833324,7.0,-5.0,-76.0
1777890728.6933324,4.0,0.0,-84.0
1777890728.7033324,4.0,0.0,-86.0
1777890728.7133324,0.0,-1.0,-84.0
1777890728.7233324,1.0,0.0,-83.0
1777890728.7333324,4.0,0.0,-80.0
1777890728.7433324,5.0,0.0,-86.0
1777890728.7533324,5.0,-1.0,-81.0
1777890728.7633324,3.0,-4.0,-74.0
1777890728.7733324,0.0,-2.0,-70.0
1777890728.7833323,0.0,-4.0,-73.0
1777890728.7933323,2.0,-2.0,-73.0
1777890728.8033323,4.0,-1.0,-68.0
1777890728.8133323,8.0,0.0,-69.0
1777890728.8233323,6.0,-3.0,-62.0
1777890728.8333323,5.0,0.0,-63.0
1777890728.8433323,3.0,2.0,-68.0
1777890728.8533323,2.0,-3.0,-71.0
1777890728.8633325,4.0,-5.0,-76.0
1777890728.8733325,0.0,5.0,-78.0
1777890728.8833325,-1.0,3.0,-82.0
1777890728.8933325,4.0,0.0,-79.0
1777890728.9033325,5.0,-5.0,-71.0
1777890728.9133325,5.0,-4.0,-64.0
1777890728.9233325,5.0,-1.0,-59.0
1777890728.9333324,1.0,-3.0,-63.0
1777890728.9433324,-2.0,-5.0,-72.0
1777890728.9533324,-5.0,-5.0,-71.0
1777890728.9633324,-4.0,-5.0,-76.0
1777890728.9733324,-1.0,-3.0,-75.0
1777890728.9833324,0.0,-6.0,-80.0
1777890728.9933324,1.0,-6.0,-79.0
1777890729.0033324,3.0,-6.0,-79.0
1777890729.0133324,1.0,-7.0,-70.0
1777890729.0233324,1.0,-8.0,-70.0
1777890729.0333323,2.0,-8.0,-80.0
1777890729.0433323,-1.0,-6.0,-74.0
1777890729.0533323,0.0,-6.0,-75.0
1777890729.0633323,-3.0,3.0,-76.0
1777890729.0733323,3.0,3.0,-78.0
1777890729.0833323,5.0,3.0,-75.0
1777890729.0933323,5.0,5.0,-74.0
1777890729.1033323,2.0,6.0,-81.0
1777890729.1133325,2.0,6.0,-90.0
1777890729.1233325,1.0,5.0,-87.0
1777890729.1333325,9.0,5.0,-80.0
1777890729.1433325,14.0,1.0,-72.0
1777890729.1533325,12.0,5.0,-73.0
1777890729.1633325,13.0,7.0,-79.0
1777890729.1733325,14.0,6.0,-78.0
1777890729.1833324,9.0,4.0,-77.0
1777890729.1933324,4.0,3.0,-71.0
1777890729.2033324,6.0,1.0,-71.0
1777890729.2133324,5.0,0.0,-64.0
1777890729.2233324,5.0,0.0,-70.0
1777890729.2333324,4.0,-6.0,-71.0
1777890729.2433324,1.0,-4.0,-72.0
1777890729.2533324,2.0,-2.0,-72.0
1777890729.2633324,5.0,-1.0,-68.0
1777890729.2733324,4.0,-1.0,-71.0
1777890729.2833323,4.0,2.0,-69.0
1777890729.2933323,0.0,5.0,-69.0
1777890729.3033323,-1.0,7.0,-77.0
1777890729.3133323,-3.0,3.0,-74.0
1777890729.3233323,1.0,3.0,-68.0
1777890729.3333323,0.0,6.0,-69.0
1777890729.3433323,-4.0,2.0,-65.0
1777890729.3533323,-2.0,5.0,-66.0
1777890729.3633325,-1.0,3.0,-64.0
1777890729.3733325,1.0,4.0,-67.0
1777890729.3833325,3.0,2.0,-74.0
1777890729.3933325,4.0,-4.0,-76.0
1777890729.4033325,5.0,-2.0,-70.0
1777890729.4133325,3.0,-4.0,-78.0
1777890729.4233325,1.0,0.0,-76.0
1777890729.4333324,-2.0,1.0,-70.0
1777890729.4433324,0.0,-4.0,-65.0
1777890729.4533324,0.0,-6.0,-65.0
1777890729.4633324,2.0,-4.0,-63.0
1777890729.4733324,3.0,-6.0,-60.0
1777890729.4833324,3.0,-6.0,-62.0
1777890729.4933324,1.0,-5.0,-62.0
1777890729.5033324,2.0,2.0,-64.0
1777890729.5133324,2.0,2.0,-69.0
1777890729.5233324,1.0,1.0,-72.0
1777890729.5333323,-1.0,0.0,-69.0
1777890729.5433323,-3.0,0.0,-71.0
1777890729.5533323,2.0,0.0,-70.0
1777890729.5633323,9.0,-2.0,-67.0
1777890729.5733323,9.0,0.0,-69.0
1777890729.5833323,8.0,-1.0,-71.0
1777890729.5933323,8.0,0.0,-75.0
1777890729.6033323,8.0,-1.0,-74.0
1777890729.6133325,9.0,1.0,-75.0
1777890729.6233325,8.0,1.0,-83.0
1777890729.6333325,6.0,2.0,-79.0
1777890729.6433325,3.0,1.0,-78.0
1777890729.6533325,3.0,0.0,-76.0
1777890729.6633325,3.0,0.0,-72.0
1777890729.6733325,4.0,0.0,-78.0
1777890729.6833324,6.0,5.0,-81.0
1777890729.6933324,1.0,5.0,-78.0
1777890729.7033324,2.0,5.0,-77.0
1777890729.7133324,3.0,4.0,-75.0
1777890729.7233324,6.0,0.0,-73.0
1777890729.7333324,6.0,1.0,-73.0
1777890729.7433324,5.0,0.0,-70.0
1777890729.7533324,4.0,-2.0,-65.0
1777890729.7633324,1.0,0.0,-62.0
1777890729.7733324,-2.0,0.0,-61.0
1777890729.7833323,0.0,0.0,-60.0
1777890729.7933323,1.0,1.0,-66.0
1777890729.8033323,0.0,-2.0,-70.0
1777890729.8133323,-1.0,-1.0,-72.0
1777890729.8233323,-1.0,-2.0,-70.0
1777890729.8333323,-2.0,-6.0,-72.0
1777890729.8433323,1.0,-3.0,-68.0
1777890729.8533323,1.0,-3.0,-64.0
1777890729.8633325,4.0,-7.0,-68.0
1777890729.8733325,5.0,-8.0,-73.0
1777890729.8833325,4.0,-6.0,-76.0
1777890729.8933325,0.0,-5.0,-73.0
1777890729.9033325,0.0,-3.0,-70.0
1777890729.9133325,1.0,-6.0,-64.0
1777890729.9233325,0.0,-8.0,-63.0
1777890729.9333324,0.0,-8.0,-66.0
1777890729.9433324,0.0,-2.0,-56.0
1777890729.9533324,-1.0,-5.0,-58.0
1777890729.9633324,-3.0,-4.0,-59.0
1777890729.9733324,-5.0,-2.0,-60.0
1777890729.9833324,-3.0,1.0,-65.0
1777890729.9933324,-3.0,2.0,-68.0
1777890730.0033324,0.0,5.0,-68.0
1777890730.0133324,0.0,5.0,-61.0
1777890730.0233324,2.0,2.0,-59.0
1777890730.0333323,0.0,2.0,-62.0
1777890730.0433323,2.0,-1.0,-65.0
1777890730.0533323,3.0,4.0,-75.0
1777890730.0633323,0.0,5.0,-72.0
1777890730.0733323,-1.0,6.0,-77.0
1777890730.0833323,0.0,2.0,-78.0
1777890730.0933323,0.0,-1.0,-77.0
1777890730.1033323,-2.0,0.0,-78.0
1777890730.1133325,0.0,0.0,-77.0
1777890730.1233325,4.0,4.0,-83.0
1777890730.1333325,3.0,4.0,-85.0
1777890730.1433325,5.0,1.0,-88.0
1777890730.1533325,4.0,0.0,-85.0
1777890730.1633325,2.0,-4.0,-74.0
1777890730.1733325,3.0,-3.0,-76.0
1777890730.1833324,1.0,0.0,-78.0
1777890730.1933324,3.0,-1.0,-81.0
1777890730.2033324,4.0,-4.0,-84.0
1777890730.2133324,0.0,-7.0,-84.0
1777890730.2233324,4.0,-7.0,-79.0
1777890730.2333324,6.0,-10.0,-80.0
1777890730.2433324,5.0,-6.0,-80.0
1777890730.2533324,2.0,-4.0,-79.0
1777890730.2633324,3.0,-6.0,-75.0
1777890730.2733324,0.0,-6.0,-75.0
1777890730.2833323,1.0,0.0,-71.0
1777890730.2933323,3.0,-3.0,-71.0
1777890730.3033323,0.0,-6.0,-68.0
1777890730.3133323,2.0,-5.0,-69.0
1777890730.3233323,3.0,-4.0,-73.0
1777890730.3333323,5.0,-7.0,-72.0
1777890730.3433323,0.0,-6.0,-71.0
1777890730.3533323,-1.0,-3.0,-75.0
1777890730.3633325,1.0,-6.0,-73.0
1777890730.3733325,10.0,0.0,-68.0
1777890730.3833325,11.0,0.0,-67.0
1777890730.3933325,4.0,-2.0,-69.0
1777890730.4033325,1.0,0.0,-68.0
1777890730.4133325,0.0,6.0,-71.0
1777890730.4233325,0.0,8.0,-76.0
1777890730.4333324,-1.0,7.0,-75.0
1777890730.4433324,2.0,7.0,-76.0
1777890730.4533324,3.0,8.0,-82.0
1777890730.4633324,6.0,10.0,-79.0
1777890730.4733324,6.0,12.0,-75.0
1777890730.4833324,0.0,5.0,-78.0
1777890730.4933324,-2.0,4.0,-74.0
1777890730.5043323,-2.0,4.0,-73.0
1777890730.5143323,0.0,3.0,-73.0
1777890730.5243323,0.0,7.0,-72.0
1777890730.5343325,1.0,10.0,-68.0
1777890730.5443325,0.0,7.0,-76.0
1777890730.5543325,2.0,3.0,-82.0
1777890730.5643325,0.0,-1.0,-78.0
1777890730.5743325,1.0,-3.0,-78.0
1777890730.5843325,1.0,-2.0,-79.0
1777890730.5943325,1.0,-2.0,-80.0
1777890730.6043324,2.0,-1.0,-72.0
1777890730.6143324,2.0,-1.0,-72.0
1777890730.6243324,0.0,-2.0,-71.0
1777890730.6343324,0.0,-1.0,-71.0
1777890730.6443324,4.0,0.0,-72.0
1777890730.6543324,4.0,0.0,-72.0
1777890730.6643324,0.0,2.0,-76.0
1777890730.6743324,1.0,2.0,-73.0
1777890730.6843324,2.0,-1.0,-72.0
1777890730.6943324,2.0,-3.0,-70.0
1777890730.7043324,1.0,-3.0,-69.0
1777890730.7143323,-2.0,-6.0,-69.0
1777890730.7243323,-2.0,-5.0,-72.0
1777890730.7343323,0.0,-7.0,-74.0
1777890730.7443323,3.0,-5.0,-70.0
1777890730.7543323,2.0,-2.0,-66.0
1777890730.7643323,2.0,4.0,-63.0
1777890730.7743323,-3.0,6.0,-66.0
1777890730.7843325,-3.0,5.0,-66.0
1777890730.7943325,2.0,-2.0,-72.0
1777890730.8043325,0.0,0.0,-71.0
1777890730.8143325,0.0,0.0,-75.0
1777890730.8243325,1.0,1.0,-81.0
1777890730.8343325,4.0,2.0,-81.0
1777890730.8443325,4.0,0.0,-78.0
1777890730.8543324,4.0,1.0,-73.0
1777890730.8643324,7.0,2.0,-71.0
1777890730.8743324,7.0,0.0,-72.0
1777890730.8843324,5.0,5.0,-75.0
1777890730.8943324,0.0,5.0,-74.0
1777890730.9043324,0.0,2.0,-76.0
1777890730.9143324,3.0,5.0,-74.0
1777890730.9243324,3.0,5.0,-71.0
1777890730.9343324,0.0,5.0,-76.0
1777890730.9443324,0.0,-1.0,-76.0
1777890730.9543324,-2.0,0.0,-74.0
1777890730.9643323,0.0,0.0,-68.0
1777890730.9743323,0.0,-3.0,-66.0
1777890730.9843323,2.0,-3.0,-73.0
1777890730.9943323,0.0,2.0,-75.0
1777890731.0043323,-1.0,5.0,-81.0
1777890731.0143323,1.0,6.0,-76.0
1777890731.0243323,-1.0,8.0,-76.0
1777890731.0343325,-5.0,6.0,-78.0
1777890731.0443325,-4.0,7.0,-76.0
1777890731.0543325,-2.0,4.0,-73.0
1777890731.0643325,-3.0,1.0,-65.0
1777890731.0743325,-3.0,1.0,-70.0
1777890731.0843325,0.0,1.0,-70.0
1777890731.0943325,5.0,1.0,-63.0
1777890731.1043324,3.0,0.0,-66.0
1777890731.1143324,5.0,0.0,-69.0
1777890731.1243324,4.0,0.0,-70.0
1777890731.1343324,2.0,-1.0,-73.0
1777890731.1443324,0.0,-1.0,-70.0
1777890731.1543324,0.0,-2.0,-75.0
1777890731.1643324,4.0,-3.0,-81.0
1777890731.1743324,6.0,-4.0,-81.0
1777890731.1843324,8.0,-2.0,-80.0
1777890731.1943324,8.0,-4.0,-83.0
1777890731.2043324,1.0,-2.0,-79.0
1777890731.2143323,-5.0,-1.0,-71.0
1777890731.2243323,-4.0,0.0,-75.0
1777890731.2343323,-2.0,0.0,-73.0
1777890731.2443323,-2.0,-1.0,-74.0
1777890731.2543323,-3.0,-3.0,-77.0
1777890731.2643323,-2.0,-5.0,-76.0
1777890731.2743323,0.0,-4.0,-70.0
1777890731.2843325,-1.0,-3.0,-71.0
1777890731.2943325,-3.0,-1.0,-78.0
1777890731.3043325,-9.0,-2.0,-84.0
1777890731.3143325,-10.0,2.0,-81.0
1777890731.3243325,-9.0,-4.0,-79.0
1777890731.3343325,-12.0,-3.0,-77.0
1777890731.3443325,-13.0,-1.0,-76.0
1777890731.3543324,-6.0,0.0,-72.0
1777890731.3643324,-2.0,2.0,-65.0
1777890731.3743324,-3.0,1.0,-61.0
1777890731.3843324,0.0,-1.0,-68.0
1777890731.3943324,-2.0,-4.0,-67.0
1777890731.4043324,-4.0,-5.0,-80.0
1777890731.4143324,3.0,-1.0,-81.0
1777890731.4243324,2.0,0.0,-77.0
1777890731.4343324,3.0,-1.0,-72.0
1777890731.4443324,3.0,-5.0,-70.0
1777890731.4543324,4.0,-10.0,-73.0
1777890731.4643323,3.0,-8.0,-76.0
1777890731.4743323,0.0,-5.0,-78.0
1777890731.4843323,-2.0,-5.0,-75.0
1777890731.4943323,0.0,-2.0,-78.0
1777890731.5043323,-1.0,-2.0,-76.0
1777890731.5143323,0.0,1.0,-79.0
1777890731.5243323,3.0,0.0,-79.0
1777890731.5343325,4.0,-3.0,-83.0
1777890731.5443325,2.0,0.0,-83.0
1777890731.5543325,0.0,-1.0,-85.0
1777890731.5643325,-1.0,-2.0,-78.0
1777890731.5743325,-1.0,-1.0,-78.0
1777890731.5843325,-1.0,-3.0,-64.0
1777890731.5943325,-4.0,-5.0,-63.0
1777890731.6043324,3.0,-5.0,-64.0
1777890731.6143324,1.0,-4.0,-67.0
1777890731.6243324,-1.0,-4.0,-70.0
1777890731.6343324,-4.0,-7.0,-67.0
1777890731.6443324,-1.0,-3.0,-69.0
1777890731.6543324,0.0,-5.0,-72.0
1777890731.6643324,4.0,-4.0,-72.0
1777890731.6743324,2.0,-5.0,-67.0
1777890731.6843324,4.0,-6.0,-67.0
1777890731.6943324,0.0,-5.0,-71.0
1777890731.7043324,0.0,-3.0,-72.0
1777890731.7143323,0.0,-6.0,-72.0
1777890731.7243323,-2.0,-3.0,-66.0
1777890731.7343323,-3.0,-3.0,-69.0
1777890731.7443323,-3.0,-1.0,-58.0
1777890731.7543323,-3.0,0.0,-59.0
1777890731.7643323,3.0,0.0,-63.0
1777890731.7743323,1.0,3.0,-67.0
1777890731.7843325,3.0,3.0,-70.0
1777890731.7943325,7.0,0.0,-71.0
1777890731.8043325,4.0,1.0,-73.0
1777890731.8143325,3.0,0.0,-79.0
1777890731.8243325,5.0,0.0,-75.0
1777890731.8343325,6.0,0.0,-68.0
1777890731.8443325,7.0,-4.0,-70.0
1777890731.8543324,8.0,-3.0,-74.0
1777890731.8643324,5.0,-2.0,-70.0
1777890731.8743324,5.0,0.0,-66.0
1777890731.8843324,3.0,-4.0,-66.0
1777890731.8943324,4.0,-3.0,-70.0
1777890731.9043324,0.0,-2.0,-71.0
1777890731.9143324,1.0,-1.0,-80.0
1777890731.9243324,2.0,-5.0,-78.0
1777890731.9343324,1.0,-8.0,-71.0
1777890731.9443324,1.0,-6.0,-69.0
1777890731.9543324,0.0,-8.0,-74.0
1777890731.9643323,1.0,-2.0,-75.0
1777890731.9743323,-2.0,-2.0,-79.0
1777890731.9843323,0.0,0.0,-74.0
1777890731.9943323,0.0,-1.0,-70.0
1777890732.0043323,-4.0,-5.0,-73.0
1777890732.0143323,-4.0,-6.0,-69.0
1777890732.0243323,-5.0,-7.0,-66.0
1777890732.0343325,-4.0,-4.0,-69.0
1777890732.0443325,1.0,-4.0,-71.0
1777890732.0543325,4.0,-6.0,-74.0
1777890732.0643325,3.0,-6.0,-79.0
1777890732.0743325,4.0,-2.0,-74.0
1777890732.0843325,0.0,-1.0,-74.0
1777890732.0943325,0.0,-2.0,-74.0
1777890732.1043324,4.0,-3.0,-75.0
1777890732.1143324,7.0,-4.0,-75.0
1777890732.1243324,8.0,-6.0,-74.0
1777890732.1343324,8.0,-2.0,-70.0
1777890732.1443324,6.0,-2.0,-68.0
1777890732.1543324,1.0,0.0,-68.0
1777890732.1643324,5.0,-2.0,-71.0
1777890732.1743324,2.0,0.0,-70.0
1777890732.1843324,0.0,1.0,-77.0
1777890732.1943324,3.0,0.0,-80.0
1777890732.2043324,5.0,-1.0,-79.0
1777890732.2143323,2.0,1.0,-79.0
1777890732.2243323,-1.0,-1.0,-79.0
1777890732.2343323,0.0,-5.0,-76.0
1777890732.2443323,-2.0,-3.0,-79.0
1777890732.2543323,-2.0,-1.0,-76.0
1777890732.2643323,-5.0,1.0,-79.0
1777890732.2743323,-5.0,0.0,-72.0
1777890732.2843325,-3.0,3.0,-74.0
1777890732.2943325,-1.0,1.0,-72.0
1777890732.3043325,1.0,2.0,-69.0
1777890732.3143325,5.0,-1.0,-68.0
1777890732.3243325,4.0,1.0,-72.0
1777890732.3343325,4.0,0.0,-74.0
1777890732.3443325,1.0,1.0,-75.0
1777890732.3543324,-2.0,0.0,-74.0
1777890732.3643324,-4.0,0.0,-71.0
1777890732.3743324,-9.0,1.0,-69.0
1777890732.3843324,-6.0,4.0,-72.0
1777890732.3943324,-5.0,5.0,-73.0
1777890732.4043324,-2.0,2.0,-72.0
1777890732.4143324,-2.0,0.0,-73.0
1777890732.4243324,-1.0,0.0,-74.0
1777890732.4343324,0.0,2.0,-66.0
1777890732.4443324,3.0,-1.0,-69.0
1777890732.4543324,7.0,0.0,-65.0
1777890732.4643323,7.0,0.0,-65.0
1777890732.4743323,4.0,2.0,-62.0
1777890732.4843323,7.0,0.0,-65.0
1777890732.4943323,6.0,-3.0,-69.0
1777890732.5043323,2.0,-3.0,-80.0
1777890732.5153325,1.0,-3.0,-77.0
1777890732.5253325,3.0,-1.0,-76.0
1777890732.5353324,-2.0,0.0,-70.0
1777890732.5453324,-2.0,-2.0,-72.0
1777890732.5553324,0.0,-1.0,-79.0
1777890732.5653324,0.0,0.0,-81.0
1777890732.5753324,8.0,1.0,-76.0
1777890732.5853324,3.0,0.0,-69.0
1777890732.5953324,5.0,2.0,-73.0
1777890732.6053324,3.0,4.0,-79.0
1777890732.6153324,4.0,3.0,-76.0
1777890732.6253324,1.0,3.0,-75.0
1777890732.6353323,0.0,3.0,-75.0
1777890732.6453323,3.0,4.0,-73.0
1777890732.6553323,7.0,1.0,-73.0
1777890732.6653323,10.0,3.0,-80.0
1777890732.6753323,7.0,3.0,-76.0
1777890732.6853323,4.0,5.0,-74.0
1777890732.6953323,3.0,4.0,-76.0
1777890732.7053325,3.0,0.0,-77.0
1777890732.7153325,4.0,0.0,-75.0
1777890732.7253325,1.0,-1.0,-71.0
1777890732.7353325,5.0,-4.0,-76.0
1777890732.7453325,0.0,-5.0,-72.0
1777890732.7553325,-2.0,-7.0,-78.0
1777890732.7653325,-1.0,-8.0,-66.0
1777890732.7753325,4.0,-10.0,-66.0
1777890732.7853324,2.0,-5.0,-73.0
1777890732.7953324,2.0,-3.0,-79.0
1777890732.8053324,0.0,-3.0,-84.0
1777890732.8153324,-2.0,-4.0,-84.0
1777890732.8253324,0.0,-2.0,-74.0
1777890732.8353324,2.0,-4.0,-77.0
1777890732.8453324,3.0,-3.0,-81.0
1777890732.8553324,0.0,0.0,-78.0
1777890732.8653324,0.0,1.0,-71.0
1777890732.8753324,-1.0,-1.0,-70.0
1777890732.8853323,-2.0,0.0,-71.0
1777890732.8953323,-1.0,1.0,-73.0
1777890732.9053323,0.0,1.0,-71.0
1777890732.9153323,2.0,-1.0,-73.0
1777890732.9253323,0.0,-3.0,-76.0
1777890732.9353323,-2.0,-1.0,-79.0
1777890732.9453323,0.0,0.0,-77.0
1777890732.9553325,0.0,4.0,-75.0
1777890732.9653325,0.0,4.0,-77.0
1777890732.9753325,-1.0,0.0,-79.0
1777890732.9853325,-2.0,1.0,-80.0
1777890732.9953325,-2.0,2.0,-80.0
1777890733.0053325,0.0,2.0,-82.0
1777890733.0153325,-1.0,0.0,-79.0
1777890733.0253325,0.0,-5.0,-84.0
1777890733.0353324,4.0,-3.0,-82.0
1777890733.0453324,2.0,-6.0,-78.0
1777890733.0553324,0.0,-2.0,-75.0
1777890733.0653324,0.0,-4.0,-84.0
1777890733.0753324,0.0,-3.0,-83.0
1777890733.0853324,3.0,-1.0,-86.0
1777890733.0953324,5.0,-2.0,-83.0
1777890733.1053324,6.0,-1.0,-82.0
1777890733.1153324,0.0,2.0,-81.0
1777890733.1253324,-6.0,4.0,-78.0
1777890733.1353323,-2.0,0.0,-73.0
1777890733.1453323,3.0,0.0,-67.0
1777890733.1553323,3.0,0.0,-71.0
1777890733.1653323,3.0,0.0,-70.0
1777890733.1753323,3.0,0.0,-67.0
1777890733.1853323,-1.0,2.0,-64.0
1777890733.1953323,-4.0,0.0,-60.0
1777890733.2053325,-4.0,1.0,-53.0
1777890733.2153325,-1.0,0.0,-57.0
1777890733.2253325,-2.0,0.0,-69.0
1777890733.2353325,0.0,-2.0,-73.0
1777890733.2453325,6.0,-3.0,-75.0
1777890733.2553325,7.0,0.0,-68.0
1777890733.2653325,7.0,4.0,-67.0
1777890733.2753325,5.0,0.0,-70.0
1777890733.2853324,4.0,0.0,-70.0
1777890733.2953324,3.0,1.0,-72.0
1777890733.3053324,1.0,3.0,-78.0
1777890733.3153324,-1.0,2.0,-73.0
1777890733.3253324,1.0,2.0,-71.0
1777890733.3353324,5.0,0.0,-68.0
1777890733.3453324,7.0,-1.0,-71.0
1777890733.3553324,10.0,-1.0,-73.0
1777890733.3653324,6.0,0.0,-70.0
1777890733.3753324,3.0,-4.0,-69.0
1777890733.3853323,5.0,-3.0,-71.0
1777890733.3953323,0.0,-1.0,-62.0
1777890733.4053323,0.0,0.0,-67.0
1777890733.4153323,1.0,0.0,-73.0
1777890733.4253323,1.0,5.0,-72.0
1777890733.4353323,-2.0,7.0,-80.0
1777890733.4453323,-2.0,0.0,-75.0
1777890733.4553325,-1.0,0.0,-71.0
1777890733.4653325,-3.0,-1.0,-68.0
1777890733.4753325,-3.0,-2.0,-67.0
1777890733.4853325,-1.0,-2.0,-64.0
1777890733.4953325,0.0,-3.0,-65.0
1777890733.5053325,0.0,-3.0,-73.0
1777890733.5153325,-5.0,-3.0,-76.0
1777890733.5253325,-2.0,-5.0,-73.0
1777890733.5353324,2.0,-3.0,-74.0
1777890733.5453324,3.0,-5.0,-72.0
1777890733.5553324,0.0,-2.0,-72.0
1777890733.5653324,0.0,-1.0,-73.0
1777890733.5753324,-1.0,2.0,-71.0
1777890733.5853324,-1.0,5.0,-73.0
1777890733.5953324,1.0,3.0,-76.0
1777890733.6053324,-3.0,4.0,-74.0
1777890733.6153324,-4.0,5.0,-68.0
1777890733.6253324,-9.0,8.0,-67.0
1777890733.6353323,-8.0,7.0,-67.0
1777890733.6453323,-2.0,4.0,-74.0
1777890733.6553323,3.0,2.0,-75.0
1777890733.6653323,5.0,-1.0,-72.0
1777890733.6753323,6.0,0.0,-67.0
1777890733.6853323,4.0,1.0,-69.0
1777890733.6953323,4.0,0.0,-76.0
1777890733.7053325,1.0,1.0,-74.0
1777890733.7153325,-1.0,0.0,-81.0
1777890733.7253325,0.0,1.0,-83.0
1777890733.7353325,-3.0,0.0,-86.0
1777890733.7453325,-2.0,-3.0,-80.0
1777890733.7553325,2.0,-3.0,-77.0
1777890733.7653325,3.0,-4.0,-80.0
1777890733.7753325,0.0,-6.0,-73.0
1777890733.7853324,1.0,-9.0,-78.0
1777890733.7953324,2.0,-8.0,-74.0
1777890733.8053324,0.0,-6.0,-75.0
1777890733.8153324,-2.0,-1.0,-84.0
1777890733.8253324,1.0,0.0,-86.0
1777890733.8353324,2.0,1.0,-87.0
1777890733.8453324,1.0,1.0,-83.0
1777890733.8553324,0.0,0.0,-86.0
1777890733.8653324,0.0,0.0,-87.0
1777890733.8753324,5.0,1.0,-82.0
1777890733.8853323,0.0,2.0,-81.0
1777890733.8953323,-3.0,5.0,-78.0
1777890733.9053323,-4.0,9.0,-79.0
1777890733.9153323,-5.0,3.0,-80.0
1777890733.9253323,-7.0,2.0,-75.0
1777890733.9353323,-8.0,-3.0,-72.0
1777890733.9453323,-8.0,0.0,-72.0
1777890733.9553325,-9.0,0.0,-75.0
1777890733.9653325,-11.0,0.0,-72.0
1777890733.9753325,-8.0,-3.0,-66.0
1777890733.9853325,-3.0,-5.0,-63.0
1777890733.9953325,-3.0,-1.0,-61.0
1777890734.0053325,-2.0,-3.0,-69.0
1777890734.0153325,0.0,-1.0,-72.0
1777890734.0253325,0.0,-3.0,-73.0
1777890734.0353324,3.0,-4.0,-66.0
1777890734.0453324,7.0,-3.0,-70.0
1777890734.0553324,5.0,-4.0,-68.0
1777890734.0653324,3.0,-8.0,-69.0
1777890734.0753324,2.0,-6.0,-71.0
1777890734.0853324,0.0,-1.0,-75.0
1777890734.0953324,0.0,0.0,-66.0
1777890734.1053324,0.0,-1.0,-66.0
1777890734.1153324,4.0,1.0,-61.0
1777890734.1253324,3.0,0.0,-61.0
1777890734.1353323,4.0,-3.0,-59.0
1777890734.1453323,8.0,-4.0,-62.0
1777890734.1553323,5.0,-7.0,-68.0
1777890734.1653323,4.0,-7.0,-77.0
1777890734.1753323,5.0,-5.0,-79.0
1777890734.1853323,6.0,-5.0,-79.0
1777890734.1953323,4.0,-6.0,-80.0
1777890734.2053325,-1.0,-5.0,-83.0
1777890734.2153325,-4.0,-6.0,-82.0
1777890734.2253325,-4.0,-4.0,-82.0
1777890734.2353325,-4.0,-5.0,-80.0
1777890734.2453325,-3.0,-5.0,-77.0
1777890734.2553325,-3.0,-3.0,-76.0
1777890734.2653325,0.0,-3.0,-71.0
1777890734.2753325,0.0,0.0,-68.0
1777890734.2853324,1.0,1.0,-68.0
1777890734.2953324,0.0,0.0,-69.0
1777890734.3053324,0.0,-3.0,-70.0
1777890734.3153324,0.0,-1.0,-63.0
1777890734.3253324,1.0,2.0,-69.0
1777890734.3353324,-2.0,3.0,-64.0
1777890734.3453324,-2.0,1.0,-65.0
1777890734.3553324,-1.0,1.0,-66.0
1777890734.3653324,-2.0,1.0,-72.0
1777890734.3753324,-4.0,1.0,-74.0
1777890734.3853323,-4.0,1.0,-72.0
1777890734.3953323,-4.0,-2.0,-69.0
1777890734.4053323,0.0,-2.0,-63.0
1777890734.4153323,2.0,-2.0,-60.0
1777890734.4253323,0.0,0.0,-57.0
1777890734.4353323,-2.0,0.0,-63.0
1777890734.4463325,0.0,0.0,-67.0
1777890734.4553325,2.0,-3.0,-66.0
1777890734.4653325,2.0,-1.0,-72.0
1777890734.4763324,3.0,-1.0,-76.0
1777890734.4863324,6.0,0.0,-80.0
1777890734.4963324,7.0,0.0,-75.0
1777890734.5063324,4.0,0.0,-71.0
1777890734.5163324,0.0,2.0,-66.0
1777890734.5263324,-2.0,4.0,-69.0
1777890734.5363324,0.0,3.0,-68.0
1777890734.5463324,-5.0,2.0,-71.0
1777890734.5563323,-2.0,0.0,-66.0
1777890734.5663323,0.0,0.0,-65.0
1777890734.5763323,-1.0,-7.0,-68.0
1777890734.5863323,-2.0,-6.0,-77.0
1777890734.5963323,-2.0,-6.0,-75.0
1777890734.6063323,-3.0,-2.0,-79.0
1777890734.6163323,-8.0,-1.0,-84.0
1777890734.6263323,-12.0,-1.0,-84.0
1777890734.6363325,-9.0,-6.0,-82.0
1777890734.6463325,-6.0,-6.0,-75.0
1777890734.6563325,-8.0,-7.0,-76.0
1777890734.6663325,-5.0,-5.0,-72.0
1777890734.6763325,-3.0,-2.0,-66.0
1777890734.6863325,1.0,0.0,-64.0
1777890734.6963325,2.0,3.0,-69.0
1777890734.7063324,2.0,0.0,-72.0
1777890734.7163324,2.0,-2.0,-74.0
1777890734.7263324,2.0,-4.0,-73.0
1777890734.7363324,0.0,-8.0,-73.0
1777890734.7463324,-1.0,-4.0,-74.0
1777890734.7563324,6.0,-4.0,-72.0
1777890734.7663324,4.0,-4.0,-76.0
1777890734.7763324,5.0,-4.0,-80.0
1777890734.7863324,6.0,-3.0,-80.0
1777890734.7963324,7.0,-4.0,-81.0
1777890734.8063323,6.0,-1.0,-69.0
1777890734.8163323,5.0,0.0,-60.0
1777890734.8263323,4.0,-1.0,-64.0
1777890734.8363323,2.0,-3.0,-66.0
1777890734.8463323,1.0,-1.0,-74.0
1777890734.8563323,-1.0,-3.0,-78.0
1777890734.8663323,-2.0,-4.0,-79.0
1777890734.8763323,-1.0,-3.0,-75.0
1777890734.8863325,2.0,-2.0,-87.0
1777890734.8963325,4.0,4.0,-91.0
1777890734.9063325,3.0,5.0,-82.0
1777890734.9163325,5.0,3.0,-78.0
1777890734.9263325,5.0,0.0,-76.0
1777890734.9363325,3.0,1.0,-75.0
1777890734.9463325,0.0,7.0,-75.0
1777890734.9563324,0.0,7.0,-77.0
1777890734.9663324,-1.0,5.0,-78.0
1777890734.9763324,-1.0,-3.0,-74.0
1777890734.9863324,2.0,-6.0,-74.0
1777890734.9963324,-1.0,-6.0,-72.0
1777890735.0063324,-1.0,-2.0,-70.0
1777890735.0163324,0.0,0.0,-71.0
1777890735.0263324,-3.0,-4.0,-75.0
1777890735.0363324,-4.0,-5.0,-72.0
1777890735.0463324,-2.0,-2.0,-70.0
1777890735.0563323,-1.0,-3.0,-64.0
1777890735.0663323,0.0,3.0,-69.0
1777890735.0763323,0.0,7.0,-72.0
1777890735.0863323,0.0,7.0,-73.0
1777890735.0963323,0.0,6.0,-71.0
1777890735.1063323,-3.0,4.0,-74.0
1777890735.1163323,-7.0,3.0,-74.0
1777890735.1263323,-7.0,3.0,-72.0
1777890735.1363325,-3.0,2.0,-74.0
1777890735.1463325,0.0,7.0,-71.0
1777890735.1563325,-2.0,5.0,-72.0
1777890735.1663325,-7.0,3.0,-77.0
1777890735.1763325,-2.0,3.0,-74.0
1777890735.1863325,-5.0,1.0,-77.0
1777890735.1963325,-7.0,4.0,-71.0
1777890735.2063324,-2.0,6.0,-68.0
1777890735.2163324,-3.0,3.0,-71.0
1777890735.2263324,3.0,3.0,-71.0
1777890735.2363324,4.0,4.0,-65.0
1777890735.2463324,5.0,1.0,-74.0
1777890735.2563324,0.0,3.0,-75.0
1777890735.2663324,0.0,3.0,-71.0
1777890735.2763324,0.0,1.0,-73.0
1777890735.2863324,0.0,4.0,-63.0
1777890735.2963324,2.0,3.0,-68.0
1777890735.3063323,-2.0,-1.0,-65.0
1777890735.3163323,-1.0,0.0,-70.0
1777890735.3263323,0.0,0.0,-68.0
1777890735.3363323,0.0,2.0,-77.0
1777890735.3463323,-1.0,3.0,-76.0
1777890735.3563323,0.0,5.0,-70.0
1777890735.3663323,2.0,3.0,-69.0
1777890735.3763323,5.0,0.0,-65.0
1777890735.3863325,3.0,-1.0,-66.0
1777890735.3963325,6.0,-2.0,-69.0
1777890735.4063325,5.0,-3.0,-74.0
1777890735.4163325,6.0,-2.0,-76.0
1777890735.4263325,3.0,-1.0,-80.0
1777890735.4363325,0.0,0.0,-74.0
1777890735.4463325,1.0,0.0,-74.0
1777890735.4563324,0.0,2.0,-78.0
1777890735.4663324,0.0,1.0,-72.0
1777890735.4763324,-3.0,3.0,-71.0
1777890735.4863324,-4.0,5.0,-74.0
1777890735.4963324,2.0,1.0,-72.0
1777890735.5063324,3.0,-2.0,-74.0
1777890735.5163324,6.0,0.0,-76.0
1777890735.5263324,4.0,3.0,-75.0
1777890735.5363324,1.0,4.0,-76.0
1777890735.5463324,0.0,4.0,-76.0
1777890735.5563323,3.0,5.0,-70.0
1777890735.5663323,1.0,1.0,-71.0
1777890735.5763323,-3.0,0.0,-70.0
1777890735.5863323,-2.0,0.0,-72.0
1777890735.5963323,-2.0,-2.0,-76.0
1777890735.6063323,-3.0,-1.0,-75.0
1777890735.6163323,-4.0,-3.0,-78.0
1777890735.6263323,-3.0,-1.0,-77.0
1777890735.6363325,-8.0,2.0,-74.0
1777890735.6463325,-11.0,3.0,-77.0
1777890735.6563325,-2.0,1.0,-74.0
1777890735.6663325,-4.0,2.0,-75.0
1777890735.6763325,-5.0,0.0,-76.0
1777890735.6863325,-5.0,1.0,-68.0
1777890735.6963325,-5.0,0.0,-69.0
1777890735.7063324,-2.0,-5.0,-68.0
1777890735.7163324,-2.0,-3.0,-68.0
1777890735.7263324,0.0,-6.0,-72.0
1777890735.7363324,0.0,-9.0,-69.0
1777890735.7463324,-4.0,-7.0,-69.0
1777890735.7563324,-12.0,-3.0,-68.0
1777890735.7673323,-9.0,-1.0,-64.0
1777890735.7763324,-8.0,-1.0,-64.0
1777890735.7863324,-1.0,-2.0,-61.0
1777890735.7963324,-4.0,-3.0,-69.0
1777890735.8063323,-6.0,-3.0,-72.0
1777890735.8163323,-3.0,-2.0,-69.0
1777890735.8263323,-1.0,-2.0,-68.0
1777890735.8363323,0.0,-2.0,-72.0
1777890735.8463323,1.0,-2.0,-78.0
1777890735.8563323,1.0,-3.0,-78.0
1777890735.8663323,-1.0,-1.0,-75.0
1777890735.8763323,-3.0,-5.0,-76.0
1777890735.8863325,-3.0,-5.0,-69.0
1777890735.8963325,-6.0,-8.0,-72.0
1777890735.9063325,-3.0,-6.0,-74.0
1777890735.9163325,-8.0,-9.0,-65.0
1777890735.9263325,-8.0,-12.0,-69.0
1777890735.9363325,-4.0,-11.0,-69.0
1777890735.9463325,-2.0,-5.0,-70.0
1777890735.9563324,-2.0,-3.0,-71.0
1777890735.9663324,-2.0,1.0,-74.0
1777890735.9763324,-2.0,3.0,-74.0
1777890735.9863324,1.0,3.0,-77.0
1777890735.9963324,2.0,-1.0,-79.0
1777890736.0063324,2.0,0.0,-71.0
1777890736.0163324,4.0,2.0,-69.0
1777890736.0263324,5.0,1.0,-64.0
1777890736.0363324,1.0,0.0,-65.0
1777890736.0463324,5.0,0.0,-71.0
1777890736.0563323,6.0,2.0,-75.0
1777890736.0663323,7.0,3.0,-78.0
1777890736.0763323,5.0,2.0,-75.0
1777890736.0863323,6.0,1.0,-71.0
1777890736.0963323,2.0,0.0,-71.0
1777890736.1063323,5.0,-1.0,-67.0
1777890736.1163323,1.0,-3.0,-67.0
1777890736.1263323,0.0,-9.0,-63.0
1777890736.1363325,2.0,-8.0,-58.0
1777890736.1463325,4.0,-1.0,-63.0
1777890736.1563325,0.0,1.0,-67.0
1777890736.1663325,-4.0,-1.0,-73.0
1777890736.1763325,-2.0,-3.0,-77.0
1777890736.1863325,-10.0,0.0,-80.0
1777890736.1963325,-6.0,0.0,-76.0
1777890736.2063324,-5.0,0.0,-79.0
1777890736.2163324,1.0,0.0,-75.0
1777890736.2263324,1.0,-4.0,-67.0
1777890736.2363324,1.0,-2.0,-66.0
1777890736.2463324,2.0,-3.0,-62.0
1777890736.2563324,0.0,-1.0,-65.0
1777890736.2663324,1.0,-3.0,-66.0
1777890736.2763324,1.0,0.0,-73.0
1777890736.2863324,5.0,-2.0,-68.0
1777890736.2963324,5.0,-2.0,-60.0
1777890736.3063323,-4.0,-5.0,-66.0
1777890736.3163323,-1.0,-9.0,-69.0
1777890736.3263323,0.0,-4.0,-69.0
1777890736.3363323,-1.0,-1.0,-69.0
1777890736.3463323,-2.0,0.0,-70.0
1777890736.3563323,-6.0,2.0,-73.0
1777890736.3663323,-6.0,1.0,-73.0
1777890736.3763323,-6.0,0.0,-70.0
1777890736.3863325,-7.0,0.0,-68.0
1777890736.3963325,0.0,-1.0,-62.0
1777890736.4063325,2.0,-3.0,-64.0
1777890736.4163325,3.0,-5.0,-65.0
1777890736.4263325,4.0,-4.0,-69.0
1777890736.4363325,2.0,0.0,-69.0
1777890736.4463325,0.0,0.0,-78.0
1777890736.4573324,2.0,4.0,-81.0
1777890736.4663324,1.0,6.0,-79.0
1777890736.4773324,1.0,4.0,-78.0
1777890736.4873323,0.0,3.0,-72.0
1777890736.4973323,2.0,0.0,-73.0
1777890736.5073323,0.0,0.0,-79.0
1777890736.5173323,3.0,0.0,-77.0
1777890736.5273323,2.0,-1.0,-71.0
1777890736.5373323,3.0,-2.0,-75.0
1777890736.5473323,3.0,3.0,-75.0
1777890736.5573325,1.0,0.0,-74.0
1777890736.5673325,3.0,0.0,-74.0
1777890736.5773325,3.0,0.0,-79.0
1777890736.5873325,0.0,-3.0,-78.0
1777890736.5973325,-4.0,0.0,-76.0
1777890736.6073325,-2.0,2.0,-80.0
1777890736.6173325,-1.0,2.0,-79.0
1777890736.6273324,-1.0,4.0,-74.0
1777890736.6373324,1.0,2.0,-68.0
1777890736.6473324,0.0,0.0,-68.0
1777890736.6573324,-1.0,-5.0,-65.0
1777890736.6673324,0.0,-7.0,-62.0
1777890736.6773324,0.0,-7.0,-66.0
1777890736.6873324,-5.0,-9.0,-65.0
1777890736.6973324,-2.0,-10.0,-65.0
1777890736.7073324,0.0,-11.0,-62.0
1777890736.7173324,1.0,-9.0,-67.0
1777890736.7273324,-2.0,-11.0,-67.0
1777890736.7373323,0.0,-11.0,-71.0
1777890736.7473323,-1.0,-9.0,-80.0
1777890736.7573323,3.0,-6.0,-82.0
1777890736.7673323,5.0,-4.0,-82.0
1777890736.7773323,6.0,-3.0,-78.0
1777890736.7873323,5.0,-1.0,-77.0
1777890736.7973323,7.0,0.0,-75.0
1777890736.8073325,5.0,2.0,-73.0
1777890736.8173325,5.0,4.0,-74.0
1777890736.8273325,3.0,0.0,-74.0
1777890736.8373325,1.0,2.0,-65.0
1777890736.8473325,-1.0,0.0,-67.0
1777890736.8573325,-2.0,-1.0,-75.0
1777890736.8673325,-3.0,-4.0,-79.0
1777890736.8773324,-1.0,-5.0,-74.0
1777890736.8873324,-1.0,-5.0,-71.0
1777890736.8973324,0.0,-7.0,-69.0
1777890736.9073324,-7.0,-5.0,-75.0
1777890736.9173324,-9.0,0.0,-73.0
1777890736.9273324,-6.0,0.0,-73.0
1777890736.9373324,-1.0,4.0,-70.0
1777890736.9473324,-6.0,2.0,-64.0
1777890736.9573324,-6.0,3.0,-60.0
1777890736.9673324,-7.0,3.0,-64.0
1777890736.9773324,-7.0,6.0,-61.0
1777890736.9873323,-4.0,2.0,-62.0
1777890736.9973323,-1.0,0.0,-66.0
1777890737.0073323,-4.0,0.0,-62.0
1777890737.0173323,-3.0,-2.0,-66.0
1777890737.0273323,-3.0,3.0,-65.0
1777890737.0373323,-2.0,1.0,-63.0
1777890737.0473323,-7.0,-1.0,-67.0
1777890737.0573325,-5.0,-3.0,-65.0
1777890737.0673325,-2.0,-1.0,-63.0
1777890737.0773325,-1.0,1.0,-67.0
1777890737.0873325,1.0,1.0,-68.0
1777890737.0973325,3.0,1.0,-62.0
1777890737.1073325,6.0,0.0,-69.0
1777890737.1173325,6.0,-1.0,-71.0
1777890737.1273324,5.0,0.0,-74.0
1777890737.1373324,0.0,-1.0,-70.0
1777890737.1473324,1.0,-2.0,-72.0
1777890737.1573324,3.0,-5.0,-72.0
1777890737.1673324,3.0,-1.0,-82.0
1777890737.1773324,6.0,0.0,-80.0
1777890737.1873324,7.0,0.0,-77.0
1777890737.1973324,9.0,-1.0,-76.0
1777890737.2073324,4.0,0.0,-74.0
1777890737.2173324,0.0,0.0,-75.0
1777890737.2273324,1.0,1.0,-75.0
1777890737.2373323,3.0,-3.0,-76.0
1777890737.2473323,0.0,-5.0,-76.0
1777890737.2573323,-4.0,-5.0,-74.0
1777890737.2673323,-3.0,-7.0,-81.0
1777890737.2773323,-2.0,-4.0,-77.0
1777890737.2873323,-2.0,-3.0,-77.0
1777890737.2973323,-5.0,-3.0,-77.0
1777890737.3073325,-6.0,-4.0,-73.0
1777890737.3173325,-2.0,-8.0,-80.0
1777890737.3273325,0.0,-8.0,-78.0
1777890737.3373325,-1.0,-4.0,-72.0
1777890737.3473325,0.0,-2.0,-70.0
1777890737.3573325,2.0,-2.0,-67.0
1777890737.3673325,6.0,0.0,-67.0
1777890737.3773324,2.0,-1.0,-72.0
1777890737.3873324,1.0,0.0,-74.0
1777890737.3973324,5.0,-1.0,-71.0
1777890737.4073324,3.0,-1.0,-67.0
1777890737.4173324,3.0,0.0,-71.0
1777890737.4273324,-1.0,3.0,-74.0
1777890737.4373324,0.0,3.0,-75.0
1777890737.4473324,-3.0,2.0,-69.0
1777890737.4573324,0.0,0.0,-69.0
1777890737.4673324,1.0,-1.0,-73.0
1777890737.4773324,3.0,0.0,-77.0
1777890737.4873323,2.0,4.0,-73.0
1777890737.4973323,3.0,5.0,-67.0
1777890737.5073323,-3.0,6.0,-60.0
1777890737.5173323,0.0,4.0,-66.0
1777890737.5273323,-2.0,0.0,-69.0
1777890737.5373323,-1.0,-4.0,-72.0
1777890737.5473323,-2.0,-4.0,-67.0
1777890737.5573325,-4.0,-3.0,-70.0
1777890737.5673325,-2.0,-5.0,-74.0
1777890737.5773325,-4.0,-4.0,-83.0
1777890737.5873325,-7.0,-5.0,-87.0
1777890737.5973325,-7.0,-1.0,-85.0
1777890737.6073325,-7.0,0.0,-81.0
1777890737.6173325,-7.0,0.0,-79.0
1777890737.6273324,-8.0,0.0,-74.0
1777890737.6373324,-6.0,1.0,-75.0
1777890737.6473324,-4.0,1.0,-73.0
1777890737.6573324,1.0,0.0,-75.0
1777890737.6673324,3.0,0.0,-73.0
1777890737.6773324,2.0,0.0,-72.0
1777890737.6873324,0.0,0.0,-78.0
1777890737.6973324,1.0,0.0,-75.0
1777890737.7073324,0.0,0.0,-71.0
1777890737.7173324,-1.0,-2.0,-63.0
1777890737.7273324,-4.0,0.0,-69.0
1777890737.7373323,-1.0,0.0,-68.0
1777890737.7473323,-1.0,2.0,-69.0
1777890737.7573323,2.0,4.0,-71.0
1777890737.7673323,5.0,1.0,-73.0
1777890737.7773323,3.0,0.0,-72.0
1777890737.7873323,2.0,-5.0,-74.0
1777890737.7973323,7.0,-8.0,-78.0
1777890737.8073325,4.0,-7.0,-75.0
1777890737.8173325,4.0,-7.0,-76.0
1777890737.8273325,0.0,-5.0,-76.0
1777890737.8373325,-6.0,-5.0,-71.0
1777890737.8473325,-8.0,-2.0,-72.0
1777890737.8573325,-8.0,-1.0,-75.0
1777890737.8673325,-8.0,0.0,-74.0
1777890737.8773324,-3.0,0.0,-75.0
1777890737.8873324,0.0,1.0,-75.0
1777890737.8973324,2.0,1.0,-73.0
1777890737.9073324,1.0,-1.0,-79.0
1777890737.9173324,1.0,-4.0,-79.0
1777890737.9273324,4.0,-4.0,-77.0
1777890737.9373324,3.0,-4.0,-74.0
1777890737.9473324,3.0,-6.0,-73.0
1777890737.9573324,4.0,-3.0,-70.0
1777890737.9673324,8.0,0.0,-71.0
1777890737.9773324,6.0,0.0,-73.0
1777890737.9873323,4.0,2.0,-75.0
1777890737.9973323,9.0,1.0,-81.0
1777890738.0073323,12.0,1.0,-79.0
1777890738.0173323,13.0,1.0,-82.0
1777890738.0273323,10.0,3.0,-82.0
1777890738.0373323,7.0,3.0,-84.0
1777890738.0473323,5.0,2.0,-80.0
1777890738.0573325,5.0,5.0,-80.0
1777890738.0673325,3.0,6.0,-79.0
1777890738.0773325,0.0,1.0,-78.0
1777890738.0873325,-3.0,0.0,-75.0
1777890738.0973325,-2.0,0.0,-69.0
1777890738.1073325,0.0,-1.0,-70.0
1777890738.1173325,0.0,0.0,-73.0
1777890738.1273324,0.0,1.0,-78.0
1777890738.1373324,0.0,-1.0,-78.0
1777890738.1473324,1.0,0.0,-78.0
1777890738.1573324,3.0,0.0,-82.0
1777890738.1673324,0.0,0.0,-84.0
1777890738.1773324,3.0,-3.0,-81.0
1777890738.1873324,1.0,0.0,-80.0
1777890738.1973324,-2.0,0.0,-75.0
1777890738.2073324,-4.0,-1.0,-83.0
1777890738.2173324,-3.0,2.0,-83.0
1777890738.2273324,-5.0,0.0,-86.0
1777890738.2373323,-4.0,-1.0,-90.0
1777890738.2473323,-2.0,0.0,-91.0
1777890738.2573323,0.0,-2.0,-91.0
1777890738.2673323,-1.0,-3.0,-82.0
1777890738.2773323,0.0,-5.0,-82.0
1777890738.2873323,3.0,-2.0,-82.0
1777890738.2973323,4.0,-2.0,-81.0
1777890738.3073325,5.0,1.0,-80.0
1777890738.3173325,5.0,-2.0,-77.0
1777890738.3273325,2.0,-6.0,-77.0
1777890738.3373325,4.0,-8.0,-78.0
1777890738.3473325,8.0,-6.0,-74.0
1777890738.3573325,6.0,-4.0,-72.0
1777890738.3673325,2.0,-3.0,-71.0
1777890738.3773324,2.0,-3.0,-66.0
1777890738.3873324,4.0,-5.0,-64.0
1777890738.3973324,0.0,-4.0,-64.0
1777890738.4073324,0.0,-4.0,-71.0
1777890738.4183323,-1.0,-6.0,-71.0
1777890738.4273324,1.0,-7.0,-67.0
1777890738.4373324,0.0,-8.0,-65.0
1777890738.4473324,2.0,-8.0,-69.0
1777890738.4583323,-3.0,-4.0,-69.0
1777890738.4683323,-4.0,1.0,-72.0
1777890738.4773324,-5.0,1.0,-69.0
1777890738.4883325,-1.0,0.0,-65.0
1777890738.4983325,0.0,-1.0,-62.0
1777890738.5083325,3.0,-4.0,-73.0
1777890738.5183325,6.0,-3.0,-82.0
1777890738.5283325,4.0,-4.0,-81.0
1777890738.5383325,0.0,-4.0,-85.0
1777890738.5483325,1.0,0.0,-77.0
1777890738.5583324,3.0,-1.0,-70.0
1777890738.5683324,7.0,1.0,-65.0
1777890738.5783324,6.0,1.0,-67.0
1777890738.5883324,7.0,3.0,-70.0
1777890738.5983324,9.0,2.0,-72.0
1777890738.6083324,7.0,0.0,-78.0
1777890738.6183324,5.0,-2.0,-78.0
1777890738.6283324,5.0,-2.0,-81.0
1777890738.6383324,-1.0,0.0,-78.0
1777890738.6483324,-3.0,1.0,-75.0
1777890738.6583323,-5.0,-1.0,-67.0
1777890738.6683323,2.0,-5.0,-67.0
1777890738.6783323,5.0,-4.0,-61.0
1777890738.6883323,9.0,-3.0,-66.0
1777890738.6983323,8.0,-2.0,-69.0
1777890738.7083323,4.0,0.0,-67.0
1777890738.7183323,4.0,0.0,-66.0
1777890738.7283323,2.0,1.0,-62.0
1777890738.7383325,0.0,-3.0,-67.0
1777890738.7483325,-3.0,1.0,-64.0
1777890738.7583325,1.0,3.0,-61.0
1777890738.7683325,3.0,3.0,-63.0
1777890738.7783325,2.0,2.0,-66.0
1777890738.7883325,0.0,0.0,-74.0
1777890738.7983325,-5.0,-6.0,-76.0
1777890738.8083324,-3.0,-6.0,-86.0
1777890738.8183324,-3.0,-4.0,-85.0
1777890738.8283324,-4.0,-2.0,-83.0
1777890738.8383324,-3.0,-2.0,-77.0
1777890738.8483324,-1.0,-2.0,-81.0
1777890738.8583324,-1.0,-4.0,-74.0
1777890738.8683324,-2.0,-3.0,-82.0
1777890738.8783324,-4.0,0.0,-82.0
1777890738.8883324,-2.0,1.0,-83.0
1777890738.8983324,0.0,-2.0,-79.0
1777890738.9083323,-3.0,-5.0,-82.0
1777890738.9183323,-2.0,0.0,-74.0
1777890738.9283323,1.0,-3.0,-74.0
1777890738.9383323,0.0,-1.0,-75.0
1777890738.9483323,-1.0,1.0,-75.0
1777890738.9583323,2.0,-2.0,-68.0
1777890738.9683323,2.0,-5.0,-65.0
1777890738.9783323,0.0,-3.0,-62.0
1777890738.9883325,0.0,-7.0,-68.0
1777890738.9983325,0.0,-8.0,-68.0
1777890739.0083325,-2.0,-8.0,-66.0
1777890739.0183325,1.0,-7.0,-72.0
1777890739.0283325,4.0,-3.0,-72.0
1777890739.0383325,4.0,-3.0,-72.0
1777890739.0483325,7.0,-2.0,-74.0
1777890739.0583324,4.0,-2.0,-74.0
1777890739.0683324,4.0,-2.0,-66.0
1777890739.0783324,3.0,-3.0,-63.0
1777890739.0883324,3.0,-1.0,-65.0
1777890739.0983324,-2.0,0.0,-76.0
1777890739.1083324,-3.0,0.0,-75.0
1777890739.1183324,-1.0,0.0,-77.0
1777890739.1283324,-4.0,0.0,-82.0
1777890739.1383324,-1.0,0.0,-77.0
1777890739.1483324,2.0,0.0,-74.0
1777890739.1583323,2.0,0.0,-65.0
1777890739.1683323,2.0,-2.0,-69.0
1777890739.1783323,4.0,-2.0,-66.0
1777890739.1883323,2.0,-4.0,-63.0
1777890739.1983323,0.0,-5.0,-67.0
1777890739.2083323,6.0,-5.0,-62.0
1777890739.2183323,4.0,-7.0,-61.0
1777890739.2283323,6.0,-6.0,-66.0
1777890739.2383325,4.0,-3.0,-72.0
1777890739.2483325,3.0,0.0,-73.0
1777890739.2583325,3.0,0.0,-74.0
1777890739.2683325,4.0,0.0,-77.0
1777890739.2783325,2.0,-2.0,-82.0
1777890739.2883325,-2.0,0.0,-84.0
1777890739.2983325,-3.0,0.0,-83.0
1777890739.3083324,0.0,0.0,-79.0
1777890739.3183324,0.0,3.0,-73.0
1777890739.3283324,2.0,0.0,-70.0
1777890739.3383324,0.0,4.0,-74.0
1777890739.3483324,0.0,0.0,-77.0
1777890739.3583324,3.0,-1.0,-76.0
1777890739.3683324,-1.0,0.0,-77.0
1777890739.3783324,0.0,0.0,-80.0
1777890739.3883324,0.0,-2.0,-72.0
1777890739.3983324,-5.0,-2.0,-71.0
1777890739.4083323,-3.0,-6.0,-72.0
1777890739.4183323,0.0,-3.0,-67.0
1777890739.4283323,0.0,-5.0,-72.0
1777890739.4383323,0.0,-4.0,-72.0
1777890739.4483323,0.0,-4.0,-72.0
1777890739.4583323,0.0,-5.0,-68.0
1777890739.4683323,-1.0,-4.0,-74.0
1777890739.4783323,-1.0,-5.0,-73.0
1777890739.4883325,1.0,-6.0,-75.0
1777890739.4983325,0.0,-7.0,-79.0
1777890739.5083325,7.0,-6.0,-81.0
1777890739.5183325,9.0,-1.0,-82.0
1777890739.5283325,11.0,-3.0,-82.0
1777890739.5383325,6.0,-7.0,-88.0
1777890739.5483325,8.0,0.0,-88.0
1777890739.5583324,9.0,-1.0,-82.0
1777890739.5683324,9.0,-2.0,-86.0
1777890739.5783324,7.0,-4.0,-87.0
1777890739.5883324,3.0,-6.0,-82.0
1777890739.5983324,1.0,-5.0,-82.0
1777890739.6083324,1.0,-1.0,-84.0
1777890739.6183324,1.0,0.0,-76.0
1777890739.6283324,1.0,-3.0,-74.0
1777890739.6383324,0.0,-4.0,-78.0
1777890739.6483324,2.0,2.0,-81.0
1777890739.6583323,-1.0,3.0,-81.0
1777890739.6683323,-2.0,3.0,-75.0
1777890739.6783323,-2.0,0.0,-69.0
1777890739.6883323,0.0,-1.0,-65.0
1777890739.6983323,1.0,-2.0,-67.0
1777890739.7083323,3.0,0.0,-75.0
1777890739.7183323,5.0,-2.0,-75.0
1777890739.7283323,6.0,2.0,-79.0
1777890739.7383325,6.0,4.0,-72.0
1777890739.7483325,5.0,2.0,-74.0
1777890739.7583325,5.0,0.0,-72.0
1777890739.7683325,6.0,0.0,-77.0
1777890739.7783325,6.0,3.0,-75.0
1777890739.7883325,6.0,2.0,-77.0
1777890739.7983325,3.0,1.0,-78.0
1777890739.8083324,2.0,-1.0,-77.0
1777890739.8183324,3.0,5.0,-74.0
1777890739.8283324,4.0,2.0,-76.0
1777890739.8383324,4.0,-5.0,-74.0
1777890739.8483324,5.0,-5.0,-79.0
1777890739.8583324,3.0,-4.0,-83.0
1777890739.8683324,3.0,-4.0,-83.0
1777890739.8783324,0.0,1.0,-82.0
1777890739.8883324,0.0,0.0,-80.0
1777890739.8983324,2.0,-4.0,-81.0
1777890739.9083323,7.0,-6.0,-83.0
1777890739.9183323,1.0,-7.0,-82.0
1777890739.9283323,2.0,-1.0,-80.0
1777890739.9383323,0.0,-1.0,-73.0
1777890739.9483323,0.0,-2.0,-66.0
1777890739.9583323,-2.0,-3.0,-68.0
1777890739.9683323,-4.0,-1.0,-69.0
1777890739.9783323,-1.0,-1.0,-73.0
1777890739.9883325,-1.0,-2.0,-78.0
1777890739.9983325,0.0,0.0,-76.0
1777890740.0083325,3.0,6.0,-72.0
1777890740.0183325,9.0,6.0,-76.0
1777890740.0283325,6.0,6.0,-75.0
1777890740.0383325,7.0,5.0,-73.0
1777890740.0483325,7.0,-1.0,-74.0
1777890740.0583324,5.0,-3.0,-78.0
1777890740.0683324,2.0,-4.0,-81.0
1777890740.0783324,2.0,-3.0,-83.0
1777890740.0883324,-1.0,2.0,-85.0
1777890740.0983324,-4.0,0.0,-86.0
1777890740.1083324,-3.0,-3.0,-84.0
1777890740.1183324,-1.0,0.0,-86.0
1777890740.1283324,-2.0,3.0,-84.0
1777890740.1383324,-2.0,-1.0,-78.0
1777890740.1483324,0.0,-2.0,-72.0
1777890740.1583323,0.0,-5.0,-71.0
1777890740.1683323,3.0,-3.0,-72.0
1777890740.1783323,2.0,-5.0,-72.0
1777890740.1883323,-1.0,-7.0,-73.0
1777890740.1983323,1.0,-6.0,-79.0
1777890740.2083323,0.0,-3.0,-76.0
1777890740.2183323,0.0,-4.0,-84.0
1777890740.2283323,3.0,-5.0,-88.0
1777890740.2383325,5.0,-4.0,-86.0
1777890740.2483325,6.0,3.0,-79.0
1777890740.2583325,4.0,3.0,-78.0
1777890740.2683325,6.0,3.0,-77.0
1777890740.2783325,4.0,0.0,-72.0
1777890740.2883325,6.0,-4.0,-69.0
1777890740.2983325,7.0,-3.0,-68.0
1777890740.3083324,7.0,-1.0,-72.0
1777890740.3183324,2.0,-1.0,-73.0
1777890740.3283324,3.0,-1.0,-75.0
1777890740.3383324,3.0,-2.0,-68.0
1777890740.3483324,4.0,0.0,-64.0
1777890740.3583324,5.0,0.0,-61.0
1777890740.3683324,6.0,0.0,-59.0
1777890740.3783324,5.0,-2.0,-59.0
1777890740.3883324,8.0,-1.0,-58.0
1777890740.3983324,8.0,2.0,-55.0
1777890740.4083323,9.0,6.0,-61.0
1777890740.4193325,8.0,7.0,-60.0
1777890740.4293325,3.0,7.0,-68.0
1777890740.4383323,4.0,3.0,-69.0
1777890740.4493325,1.0,-1.0,-68.0
1777890740.4593325,5.0,-3.0,-68.0
1777890740.4693325,3.0,-1.0,-67.0
1777890740.4793324,7.0,0.0,-70.0
1777890740.4893324,4.0,2.0,-70.0
1777890740.4993324,5.0,3.0,-70.0
1777890740.5093324,4.0,0.0,-72.0
1777890740.5193324,2.0,-1.0,-78.0
1777890740.5293324,3.0,-4.0,-76.0
1777890740.5393324,1.0,0.0,-81.0
1777890740.5493324,1.0,1.0,-84.0
1777890740.5593324,-7.0,3.0,-82.0
1777890740.5693324,-8.0,4.0,-81.0
1777890740.5803325,-6.0,4.0,-85.0
1777890740.5893323,-4.0,-1.0,-82.0
1777890740.5993323,0.0,0.0,-77.0
1777890740.6093323,0.0,1.0,-82.0
1777890740.6193323,0.0,-3.0,-80.0
1777890740.6293323,2.0,-5.0,-79.0
1777890740.6393323,1.0,-3.0,-77.0
1777890740.6493323,4.0,-5.0,-76.0
1777890740.6593325,6.0,-9.0,-68.0
1777890740.6683323,9.0,-6.0,-72.0
1777890740.6793325,1.0,-5.0,-75.0
1777890740.6893325,1.0,-4.0,-75.0
1777890740.6993325,0.0,0.0,-72.0
1777890740.7093325,0.0,-4.0,-77.0
1777890740.7193325,0.0,-3.0,-76.0
1777890740.7293324,0.0,-2.0,-74.0
1777890740.7393324,-5.0,0.0,-72.0
1777890740.7493324,0.0,-3.0,-68.0
1777890740.7593324,0.0,0.0,-67.0
1777890740.7693324,2.0,2.0,-68.0
1777890740.7793324,-2.0,2.0,-65.0
1777890740.7893324,-4.0,0.0,-70.0
1777890740.7993324,1.0,0.0,-66.0
1777890740.8093324,0.0,1.0,-67.0
1777890740.8193324,0.0,4.0,-69.0
1777890740.8293324,0.0,7.0,-67.0
1777890740.8393323,2.0,7.0,-67.0
1777890740.8493323,-1.0,4.0,-68.0
1777890740.8593323,-5.0,0.0,-64.0
1777890740.8693323,-5.0,-6.0,-68.0
1777890740.8793323,-4.0,-6.0,-66.0
1777890740.8893323,-2.0,-1.0,-69.0
1777890740.8993323,-3.0,-1.0,-68.0
1777890740.9093325,-6.0,0.0,-72.0
1777890740.9193325,-3.0,0.0,-72.0
1777890740.9293325,0.0,1.0,-74.0
1777890740.9393325,-2.0,4.0,-74.0
1777890740.9493325,-4.0,5.0,-73.0
1777890740.9593325,-3.0,4.0,-74.0
1777890740.9693325,5.0,2.0,-68.0
1777890740.9793324,5.0,3.0,-69.0
1777890740.9893324,2.0,3.0,-67.0
1777890740.9993324,0.0,2.0,-58.0
1777890741.0093324,1.0,2.0,-60.0
1777890741.0193324,-3.0,0.0,-68.0
1777890741.0293324,-1.0,-1.0,-65.0
1777890741.0393324,0.0,-1.0,-65.0
1777890741.0493324,1.0,-3.0,-69.0
1777890741.0593324,0.0,-1.0,-67.0
1777890741.0693324,0.0,0.0,-73.0
1777890741.0793324,0.0,-4.0,-74.0
1777890741.0893323,2.0,-7.0,-80.0
1777890741.0993323,0.0,-6.0,-79.0
1777890741.1093323,0.0,-4.0,-76.0
1777890741.1193323,0.0,-2.0,-77.0
1777890741.1293323,3.0,-3.0,-71.0
1777890741.1393323,0.0,-1.0,-67.0
1777890741.1493323,2.0,-4.0,-63.0
1777890741.1593325,3.0,-4.0,-68.0
1777890741.1693325,1.0,-4.0,-70.0
1777890741.1793325,0.0,-4.0,-72.0
1777890741.1893325,-2.0,0.0,-76.0
1777890741.1993325,-2.0,2.0,-77.0
1777890741.2093325,-3.0,2.0,-76.0
1777890741.2193325,-2.0,4.0,-72.0
1777890741.2293324,0.0,3.0,-74.0
1777890741.2393324,1.0,5.0,-80.0
1777890741.2493324,1.0,8.0,-80.0
1777890741.2593324,-1.0,6.0,-86.0
1777890741.2693324,-1.0,4.0,-90.0
1777890741.2793324,3.0,5.0,-85.0
1777890741.2893324,5.0,2.0,-84.0
1777890741.2993324,5.0,-3.0,-87.0
1777890741.3093324,3.0,-1.0,-87.0
1777890741.3193324,-2.0,3.0,-84.0
1777890741.3293324,-3.0,2.0,-85.0
1777890741.3393323,-1.0,0.0,-78.0
1777890741.3493323,1.0,0.0,-82.0
1777890741.3593323,0.0,0.0,-81.0
1777890741.3693323,1.0,2.0,-80.0
1777890741.3793323,4.0,0.0,-78.0
1777890741.3893323,3.0,2.0,-80.0
1777890741.3993323,5.0,1.0,-77.0
1777890741.4093325,6.0,3.0,-77.0
1777890741.4193325,7.0,0.0,-75.0
1777890741.4293325,4.0,4.0,-75.0
1777890741.4393325,3.0,3.0,-70.0
1777890741.4493325,0.0,0.0,-68.0
1777890741.4593325,0.0,-1.0,-71.0
1777890741.4693325,-4.0,-2.0,-69.0
1777890741.4793324,-6.0,1.0,-74.0
1777890741.4893324,-8.0,1.0,-71.0
1777890741.4993324,-4.0,-1.0,-73.0
1777890741.5093324,0.0,-4.0,-67.0
1777890741.5193324,3.0,-7.0,-62.0
1777890741.5293324,0.0,-3.0,-66.0
1777890741.5393324,-3.0,-2.0,-69.0
1777890741.5493324,-9.0,-4.0,-77.0
1777890741.5593324,-4.0,-4.0,-80.0
1777890741.5693324,1.0,-2.0,-80.0
1777890741.5793324,0.0,-1.0,-79.0
1777890741.5893323,0.0,-3.0,-81.0
1777890741.5993323,0.0,-3.0,-79.0
1777890741.6093323,0.0,0.0,-77.0
1777890741.6193323,3.0,0.0,-78.0
1777890741.6293323,4.0,-2.0,-75.0
1777890741.6393323,5.0,0.0,-71.0
1777890741.6493323,7.0,2.0,-71.0
1777890741.6593325,8.0,0.0,-73.0
1777890741.6693325,0.0,0.0,-74.0
1777890741.6793325,0.0,-2.0,-78.0
1777890741.6893325,0.0,1.0,-74.0
1777890741.6993325,0.0,-1.0,-74.0
1777890741.7093325,-4.0,-5.0,-74.0
1777890741.7193325,-8.0,-6.0,-79.0
1777890741.7293324,-6.0,-4.0,-79.0
1777890741.7393324,-2.0,0.0,-75.0
1777890741.7493324,-1.0,1.0,-69.0
1777890741.7593324,-3.0,-1.0,-69.0
1777890741.7693324,-8.0,-4.0,-76.0
1777890741.7793324,-7.0,-7.0,-82.0
1777890741.7893324,-8.0,-8.0,-78.0
1777890741.7993324,-5.0,-4.0,-77.0
1777890741.8093324,-4.0,-5.0,-69.0
1777890741.8193324,-1.0,-6.0,-72.0
1777890741.8293324,0.0,-4.0,-71.0
1777890741.8393323,0.0,-4.0,-74.0
1777890741.8493323,-2.0,-5.0,-76.0
1777890741.8593323,-1.0,-5.0,-76.0
1777890741.8693323,1.0,-3.0,-75.0
1777890741.8793323,7.0,-2.0,-76.0
1777890741.8893323,7.0,-2.0,-70.0
1777890741.8993323,8.0,-2.0,-73.0
1777890741.9093325,6.0,0.0,-70.0
1777890741.9193325,3.0,0.0,-76.0
1777890741.9293325,2.0,-7.0,-77.0
1777890741.9393325,0.0,-8.0,-78.0
1777890741.9493325,-3.0,-3.0,-81.0
1777890741.9593325,-4.0,0.0,-80.0
1777890741.9693325,-4.0,-5.0,-80.0
1777890741.9793324,0.0,-3.0,-76.0
1777890741.9893324,3.0,4.0,-76.0
1777890741.9993324,3.0,4.0,-76.0
1777890742.0093324,2.0,2.0,-80.0
1777890742.0193324,4.0,2.0,-80.0
1777890742.0293324,8.0,-2.0,-85.0
1777890742.0393324,6.0,-1.0,-87.0
1777890742.0493324,2.0,-1.0,-86.0
1777890742.0593324,0.0,0.0,-83.0
1777890742.0693324,-2.0,2.0,-90.0
1777890742.0793324,-6.0,0.0,-88.0
1777890742.0893323,-2.0,-2.0,-82.0
1777890742.0993323,-4.0,0.0,-82.0
1777890742.1093323,-5.0,-5.0,-88.0
1777890742.1193323,-6.0,0.0,-86.0
1777890742.1293323,-5.0,2.0,-83.0
1777890742.1393323,-5.0,2.0,-79.0
1777890742.1493323,-4.0,1.0,-84.0
1777890742.1593325,-1.0,2.0,-80.0
1777890742.1693325,0.0,1.0,-77.0
1777890742.1793325,-2.0,1.0,-72.0
1777890742.1893325,0.0,0.0,-69.0
1777890742.1993325,1.0,1.0,-67.0
1777890742.2093325,0.0,0.0,-70.0
1777890742.2193325,-2.0,4.0,-71.0
1777890742.2293324,-6.0,6.0,-69.0
1777890742.2393324,-7.0,5.0,-72.0
1777890742.2493324,-5.0,10.0,-70.0
1777890742.2593324,-2.0,1.0,-71.0
1777890742.2693324,-3.0,2.0,-70.0
1777890742.2793324,1.0,2.0,-73.0
1777890742.2893324,-1.0,2.0,-75.0
1777890742.2993324,-2.0,1.0,-69.0
1777890742.3093324,-4.0,3.0,-71.0
1777890742.3193324,0.0,3.0,-72.0
1777890742.3293324,1.0,-1.0,-71.0
1777890742.3393323,0.0,-4.0,-74.0
1777890742.3493323,0.0,-8.0,-78.0
1777890742.3593323,-1.0,-3.0,-78.0
1777890742.3693323,1.0,0.0,-69.0
1777890742.3793323,0.0,2.0,-70.0
1777890742.3893323,-2.0,1.0,-71.0
1777890742.3993323,-4.0,2.0,-73.0
1777890742.4093325,-3.0,-1.0,-72.0
1777890742.4193325,-3.0,-3.0,-73.0
1777890742.4303324,-1.0,0.0,-78.0
1777890742.4403324,0.0,0.0,-74.0
1777890742.4503324,-1.0,0.0,-71.0
1777890742.4603324,-1.0,0.0,-67.0
1777890742.4703324,-2.0,-2.0,-65.0
1777890742.4803324,-1.0,0.0,-70.0
1777890742.4903324,-2.0,0.0,-70.0
1777890742.5003324,0.0,0.0,-74.0
1777890742.5103323,3.0,-5.0,-71.0
1777890742.5203323,4.0,-5.0,-76.0
1777890742.5303323,4.0,-7.0,-74.0
1777890742.5403323,2.0,-6.0,-80.0
1777890742.5503323,1.0,-4.0,-79.0
1777890742.5603323,2.0,-5.0,-77.0
1777890742.5703323,3.0,0.0,-78.0
1777890742.5803325,3.0,0.0,-82.0
1777890742.5903325,3.0,0.0,-86.0
1777890742.6003325,1.0,-2.0,-88.0
1777890742.6103325,-5.0,0.0,-91.0
1777890742.6203325,-1.0,5.0,-88.0
1777890742.6303325,-2.0,2.0,-77.0
1777890742.6403325,-5.0,0.0,-78.0
1777890742.6503325,-5.0,-1.0,-76.0
1777890742.6603324,-8.0,-1.0,-85.0
1777890742.6703324,-7.0,-1.0,-87.0
1777890742.6803324,-4.0,1.0,-85.0
1777890742.6903324,-2.0,2.0,-77.0
1777890742.7003324,-2.0,1.0,-78.0
1777890742.7103324,-3.0,-1.0,-81.0
1777890742.7203324,-5.0,-2.0,-78.0
1777890742.7303324,-2.0,0.0,-79.0
1777890742.7403324,1.0,0.0,-82.0
1777890742.7503324,-1.0,-3.0,-83.0
1777890742.7603323,2.0,-5.0,-86.0
1777890742.7703323,0.0,-6.0,-82.0
1777890742.7803323,0.0,-6.0,-78.0
1777890742.7903323,2.0,-5.0,-72.0
1777890742.8003323,2.0,-7.0,-69.0
1777890742.8103323,0.0,-5.0,-69.0
1777890742.8203323,-2.0,-7.0,-72.0
1777890742.8303325,0.0,-5.0,-72.0
1777890742.8403325,1.0,-5.0,-75.0
1777890742.8503325,2.0,-4.0,-81.0
1777890742.8603325,1.0,-5.0,-76.0
1777890742.8703325,1.0,-8.0,-75.0
1777890742.8803325,2.0,-7.0,-70.0
1777890742.8903325,-1.0,-5.0,-65.0
1777890742.9003325,-1.0,-1.0,-67.0
1777890742.9103324,1.0,-2.0,-69.0
1777890742.9203324,0.0,-3.0,-67.0
1777890742.9303324,1.0,-1.0,-70.0
1777890742.9403324,2.0,0.0,-69.0
1777890742.9503324,0.0,2.0,-77.0
1777890742.9603324,1.0,0.0,-75.0
1777890742.9703324,3.0,2.0,-76.0
1777890742.9803324,4.0,3.0,-78.0
1777890742.9903324,6.0,4.0,-79.0
1777890743.0003324,5.0,2.0,-82.0
1777890743.0103323,4.0,0.0,-82.0
1777890743.0203323,2.0,0.0,-85.0
1777890743.0303323,0.0,-2.0,-86.0
1777890743.0403323,0.0,-1.0,-81.0
1777890743.0503323,2.0,-1.0,-74.0
1777890743.0603323,0.0,-1.0,-71.0
1777890743.0703323,0.0,-1.0,-73.0
1777890743.0803325,3.0,-2.0,-69.0
1777890743.0903325,3.0,-2.0,-67.0
1777890743.1003325,-3.0,-4.0,-65.0
1777890743.1103325,-2.0,-2.0,-69.0
1777890743.1203325,-4.0,-2.0,-69.0
1777890743.1303325,-4.0,-2.0,-59.0
1777890743.1403325,-5.0,1.0,-61.0
1777890743.1503325,-8.0,6.0,-62.0
1777890743.1603324,-7.0,6.0,-55.0
1777890743.1703324,-3.0,8.0,-57.0
1777890743.1803324,-4.0,8.0,-60.0
1777890743.1903324,-6.0,10.0,-66.0
1777890743.2003324,-3.0,8.0,-63.0
1777890743.2103324,1.0,5.0,-65.0
1777890743.2203324,0.0,5.0,-67.0
1777890743.2303324,0.0,8.0,-69.0
1777890743.2403324,-2.0,7.0,-69.0
1777890743.2503324,-2.0,5.0,-68.0
1777890743.2603323,4.0,4.0,-72.0
1777890743.2703323,6.0,7.0,-72.0
1777890743.2803323,3.0,4.0,-69.0
1777890743.2903323,3.0,3.0,-68.0
1777890743.3003323,4.0,4.0,-68.0
1777890743.3103323,6.0,1.0,-72.0
1777890743.3203323,9.0,0.0,-73.0
1777890743.3303325,10.0,-2.0,-72.0
1777890743.3403325,10.0,-4.0,-72.0
1777890743.3503325,2.0,-3.0,-67.0
1777890743.3603325,4.0,0.0,-66.0
1777890743.3703325,1.0,-2.0,-70.0
1777890743.3803325,5.0,-3.0,-74.0
1777890743.3903325,8.0,-1.0,-83.0
1777890743.4003325,9.0,-4.0,-82.0
1777890743.4103324,5.0,0.0,-82.0
1777890743.4203324,3.0,1.0,-85.0
1777890743.4303324,2.0,-1.0,-83.0
1777890743.4403324,0.0,0.0,-77.0
1777890743.4503324,1.0,0.0,-78.0
1777890743.4603324,0.0,-3.0,-84.0
1777890743.4703324,3.0,-3.0,-82.0
1777890743.4803324,4.0,-1.0,-78.0
1777890743.4903324,1.0,-3.0,-75.0
1777890743.5003324,1.0,0.0,-80.0
1777890743.5103323,2.0,1.0,-75.0
1777890743.5203323,0.0,4.0,-68.0
1777890743.5303323,3.0,1.0,-73.0
1777890743.5403323,3.0,5.0,-74.0
1777890743.5503323,4.0,9.0,-72.0
1777890743.5603323,5.0,11.0,-71.0
1777890743.5703323,10.0,11.0,-71.0
1777890743.5803325,5.0,9.0,-78.0
1777890743.5903325,5.0,8.0,-83.0
1777890743.6003325,6.0,5.0,-79.0
1777890743.6103325,0.0,7.0,-83.0
1777890743.6203325,-1.0,8.0,-86.0
1777890743.6303325,1.0,9.0,-89.0
1777890743.6403325,0.0,5.0,-84.0
1777890743.6503325,0.0,7.0,-83.0
1777890743.6603324,0.0,7.0,-77.0
1777890743.6703324,0.0,5.0,-77.0
1777890743.6803324,0.0,2.0,-81.0
1777890743.6903324,4.0,4.0,-83.0
1777890743.7003324,3.0,-1.0,-85.0
1777890743.7103324,2.0,0.0,-82.0
1777890743.7203324,6.0,0.0,-78.0
1777890743.7303324,4.0,-1.0,-72.0
1777890743.7403324,5.0,0.0,-70.0
1777890743.7503324,7.0,2.0,-70.0
1777890743.7603323,3.0,0.0,-79.0
1777890743.7703323,2.0,2.0,-74.0
1777890743.7803323,5.0,1.0,-70.0
1777890743.7903323,6.0,1.0,-67.0
1777890743.8003323,8.0,0.0,-68.0
1777890743.8103323,7.0,0.0,-67.0
1777890743.8203323,9.0,0.0,-63.0
1777890743.8303325,1.0,0.0,-59.0
1777890743.8403325,-5.0,0.0,-67.0
1777890743.8503325,-5.0,0.0,-66.0
1777890743.8603325,-3.0,0.0,-70.0
1777890743.8703325,-2.0,3.0,-76.0
1777890743.8803325,-1.0,7.0,-78.0
1777890743.8903325,0.0,3.0,-84.0
1777890743.9003325,1.0,0.0,-77.0
1777890743.9103324,3.0,-1.0,-78.0
1777890743.9203324,4.0,-2.0,-81.0
1777890743.9303324,7.0,1.0,-82.0
1777890743.9403324,9.0,1.0,-82.0
1777890743.9503324,5.0,-4.0,-86.0
1777890743.9603324,3.0,-3.0,-90.0
1777890743.9703324,2.0,0.0,-87.0
1777890743.9803324,6.0,1.0,-88.0
1777890743.9903324,7.0,-1.0,-84.0
1777890744.0003324,5.0,-1.0,-81.0
1777890744.0103323,3.0,-1.0,-79.0
1777890744.0203323,-3.0,-4.0,-80.0
1777890744.0303323,-2.0,-9.0,-77.0
1777890744.0403323,1.0,-10.0,-73.0
1777890744.0503323,5.0,-9.0,-72.0
1777890744.0603323,6.0,-12.0,-71.0
1777890744.0703323,6.0,-10.0,-74.0
1777890744.0803325,8.0,-7.0,-80.0
1777890744.0903325,1.0,-8.0,-74.0
1777890744.1003325,1.0,-5.0,-69.0
1777890744.1103325,0.0,-3.0,-62.0
1777890744.1203325,2.0,-6.0,-65.0
1777890744.1303325,1.0,-5.0,-67.0
1777890744.1403325,0.0,-2.0,-66.0
1777890744.1503325,0.0,-1.0,-69.0
1777890744.1603324,2.0,-1.0,-74.0
1777890744.1703324,8.0,0.0,-76.0
1777890744.1803324,5.0,2.0,-76.0
1777890744.1903324,0.0,6.0,-78.0
1777890744.2003324,-1.0,2.0,-85.0
1777890744.2103324,2.0,2.0,-84.0
1777890744.2203324,3.0,2.0,-92.0
1777890744.2303324,0.0,5.0,-89.0
1777890744.2403324,5.0,4.0,-87.0
1777890744.2503324,2.0,2.0,-83.0
1777890744.2603323,4.0,-1.0,-84.0
1777890744.2703323,6.0,1.0,-81.0
1777890744.2803323,7.0,1.0,-79.0
1777890744.2903323,7.0,1.0,-79.0
1777890744.3003323,5.0,4.0,-74.0
1777890744.3103323,7.0,6.0,-72.0
1777890744.3203323,7.0,7.0,-75.0
1777890744.3303325,3.0,5.0,-83.0
1777890744.3403325,3.0,4.0,-80.0
1777890744.3503325,7.0,0.0,-68.0
1777890744.3603325,4.0,-2.0,-64.0
1777890744.3713324,0.0,-6.0,-76.0
1777890744.3803325,-3.0,-5.0,-81.0
1777890744.3903325,-5.0,-1.0,-78.0
1777890744.4003325,-4.0,-1.0,-79.0
1777890744.4103324,-2.0,-1.0,-77.0
1777890744.4213324,0.0,3.0,-73.0
1777890744.4313323,2.0,3.0,-72.0
1777890744.4413323,4.0,2.0,-74.0
1777890744.4513323,0.0,2.0,-78.0
1777890744.4613323,-3.0,0.0,-82.0
1777890744.4713323,-3.0,0.0,-84.0
1777890744.4813323,-3.0,-1.0,-85.0
1777890744.4913323,-4.0,0.0,-86.0
1777890744.5013323,-5.0,-1.0,-83.0
1777890744.5113325,-7.0,-2.0,-89.0
1777890744.5213325,-4.0,-2.0,-82.0
1777890744.5313325,-5.0,-5.0,-82.0
1777890744.5413325,-3.0,0.0,-72.0
1777890744.5513325,1.0,0.0,-68.0
1777890744.5613325,0.0,0.0,-70.0
1777890744.5713325,0.0,0.0,-73.0
1777890744.5813324,1.0,3.0,-71.0
1777890744.5913324,1.0,-1.0,-70.0
1777890744.6013324,4.0,-4.0,-74.0
1777890744.6113324,0.0,-2.0,-67.0
1777890744.6213324,5.0,2.0,-66.0
1777890744.6313324,7.0,0.0,-73.0
1777890744.6413324,0.0,0.0,-77.0
1777890744.6513324,0.0,-3.0,-76.0
1777890744.6613324,0.0,-4.0,-73.0
1777890744.6713324,0.0,-4.0,-70.0
1777890744.6813323,2.0,-4.0,-71.0
1777890744.6913323,-1.0,-1.0,-72.0
1777890744.7013323,-2.0,0.0,-74.0
1777890744.7113323,-2.0,-1.0,-73.0
1777890744.7213323,4.0,-2.0,-70.0
1777890744.7313323,3.0,-4.0,-67.0
1777890744.7413323,4.0,-1.0,-69.0
1777890744.7513323,1.0,-1.0,-67.0
1777890744.7613325,-1.0,-7.0,-67.0
1777890744.7713325,2.0,-6.0,-67.0
1777890744.7813325,2.0,-4.0,-70.0
1777890744.7913325,0.0,0.0,-72.0
1777890744.8013325,4.0,1.0,-73.0
1777890744.8113325,6.0,1.0,-70.0
1777890744.8213325,2.0,-1.0,-71.0
1777890744.8313324,0.0,-1.0,-73.0
1777890744.8413324,1.0,1.0,-76.0
1777890744.8513324,0.0,0.0,-74.0
1777890744.8613324,2.0,-1.0,-70.0
1777890744.8713324,-1.0,0.0,-74.0
1777890744.8813324,0.0,1.0,-72.0
1777890744.8913324,0.0,1.0,-73.0
1777890744.9013324,-1.0,0.0,-71.0
1777890744.9113324,-2.0,3.0,-71.0
1777890744.9213324,0.0,3.0,-73.0
1777890744.9313323,0.0,5.0,-79.0
1777890744.9413323,2.0,1.0,-76.0
1777890744.9513323,2.0,-2.0,-74.0
1777890744.9613323,1.0,1.0,-76.0
1777890744.9713323,-2.0,0.0,-75.0
1777890744.9813323,0.0,0.0,-74.0
1777890744.9913323,0.0,0.0,-78.0
1777890745.0013323,2.0,0.0,-80.0
1777890745.0113325,1.0,1.0,-74.0
1777890745.0213325,5.0,3.0,-70.0
1777890745.0313325,8.0,0.0,-75.0
1777890745.0413325,6.0,0.0,-72.0
1777890745.0513325,4.0,-3.0,-68.0
1777890745.0613325,7.0,-3.0,-64.0
1777890745.0713325,4.0,-4.0,-66.0
1777890745.0813324,1.0,-6.0,-65.0
1777890745.0913324,2.0,-5.0,-71.0
1777890745.1013324,0.0,-5.0,-72.0
1777890745.1113324,0.0,-5.0,-69.0
1777890745.1213324,-4.0,-3.0,-71.0
1777890745.1313324,-3.0,-3.0,-70.0
1777890745.1413324,-4.0,-1.0,-66.0
1777890745.1513324,-1.0,-2.0,-69.0
1777890745.1613324,0.0,-3.0,-74.0
1777890745.1713324,2.0,1.0,-70.0
1777890745.1813323,3.0,0.0,-70.0
1777890745.1913323,2.0,-1.0,-70.0
1777890745.2013323,-1.0,-3.0,-72.0
1777890745.2113323,0.0,-2.0,-70.0
1777890745.2213323,6.0,-7.0,-68.0
1777890745.2313323,6.0,-8.0,-64.0
1777890745.2413323,5.0,-11.0,-68.0
1777890745.2513323,6.0,-11.0,-73.0
1777890745.2613325,7.0,-7.0,-68.0
1777890745.2713325,5.0,-7.0,-70.0
1777890745.2813325,1.0,-4.0,-70.0
1777890745.2913325,-3.0,-3.0,-65.0
1777890745.3013325,0.0,-4.0,-67.0
1777890745.3113325,0.0,-4.0,-70.0
1777890745.3213325,-3.0,0.0,-83.0
1777890745.3313324,0.0,0.0,-77.0
1777890745.3413324,0.0,-1.0,-75.0
1777890745.3513324,0.0,-3.0,-77.0
1777890745.3613324,1.0,-3.0,-75.0
1777890745.3713324,2.0,-7.0,-77.0
1777890745.3813324,-4.0,-8.0,-76.0
1777890745.3913324,-4.0,-4.0,-75.0
1777890745.4013324,-5.0,-3.0,-73.0
1777890745.4113324,-4.0,-2.0,-72.0
1777890745.4213324,-4.0,-4.0,-66.0
1777890745.4313323,-2.0,-3.0,-69.0
1777890745.4413323,-2.0,0.0,-68.0
1777890745.4513323,-2.0,1.0,-60.0
1777890745.4613323,3.0,0.0,-62.0
1777890745.4713323,0.0,3.0,-62.0
1777890745.4813323,0.0,3.0,-66.0
1777890745.4913323,0.0,1.0,-66.0
1777890745.5013323,-1.0,0.0,-61.0
1777890745.5113325,-4.0,-4.0,-65.0
1777890745.5213325,-2.0,-1.0,-67.0
1777890745.5313325,0.0,-2.0,-69.0
1777890745.5413325,0.0,-4.0,-72.0
1777890745.5513325,3.0,-4.0,-74.0
1777890745.5613325,5.0,-5.0,-76.0
1777890745.5713325,1.0,-8.0,-81.0
1777890745.5813324,1.0,-3.0,-84.0
1777890745.5913324,0.0,-1.0,-74.0
1777890745.6013324,2.0,0.0,-70.0
1777890745.6113324,6.0,-2.0,-68.0
1777890745.6213324,4.0,-6.0,-70.0
1777890745.6313324,6.0,-7.0,-69.0
1777890745.6413324,10.0,-5.0,-71.0
1777890745.6513324,8.0,-1.0,-68.0
1777890745.6613324,8.0,-1.0,-72.0
1777890745.6713324,8.0,0.0,-77.0
1777890745.6813323,15.0,1.0,-78.0
1777890745.6913323,14.0,1.0,-81.0
1777890745.7013323,10.0,2.0,-77.0
1777890745.7113323,8.0,-1.0,-78.0
1777890745.7213323,14.0,-2.0,-76.0
1777890745.7313323,16.0,3.0,-76.0
1777890745.7413323,11.0,3.0,-74.0
1777890745.7513323,8.0,-2.0,-77.0
1777890745.7613325,7.0,-6.0,-72.0
1777890745.7713325,8.0,-3.0,-66.0
1777890745.7813325,7.0,-4.0,-65.0
1777890745.7913325,4.0,-4.0,-71.0
1777890745.8013325,2.0,-3.0,-80.0
1777890745.8113325,6.0,0.0,-80.0
1777890745.8213325,4.0,4.0,-82.0
1777890745.8313324,4.0,6.0,-77.0
1777890745.8413324,-1.0,5.0,-75.0
1777890745.8513324,-1.0,5.0,-77.0
1777890745.8613324,-1.0,4.0,-74.0
1777890745.8713324,2.0,7.0,-74.0
1777890745.8813324,5.0,6.0,-73.0
1777890745.8913324,5.0,3.0,-73.0
1777890745.9013324,3.0,6.0,-76.0
1777890745.9113324,0.0,4.0,-76.0
1777890745.9213324,-2.0,6.0,-76.0
1777890745.9313323,-3.0,2.0,-75.0
1777890745.9413323,-1.0,2.0,-76.0
1777890745.9513323,-4.0,1.0,-82.0
1777890745.9613323,-2.0,3.0,-81.0
1777890745.9713323,-3.0,-2.0,-82.0
1777890745.9813323,-2.0,-2.0,-84.0
1777890745.9913323,-1.0,-7.0,-86.0
1777890746.0013323,-5.0,-5.0,-85.0
1777890746.0113325,-1.0,-3.0,-85.0
1777890746.0213325,4.0,2.0,-86.0
1777890746.0313325,6.0,5.0,-81.0
1777890746.0413325,7.0,1.0,-87.0
1777890746.0513325,10.0,4.0,-82.0
1777890746.0613325,9.0,3.0,-78.0
1777890746.0713325,12.0,6.0,-81.0
1777890746.0813324,16.0,6.0,-79.0
1777890746.0913324,18.0,8.0,-81.0
1777890746.1013324,11.0,6.0,-78.0
1777890746.1113324,10.0,7.0,-75.0
1777890746.1213324,5.0,4.0,-71.0
1777890746.1313324,0.0,0.0,-67.0
1777890746.1413324,4.0,-3.0,-66.0
1777890746.1513324,9.0,-3.0,-67.0
1777890746.1613324,2.0,-1.0,-71.0
1777890746.1713324,2.0,1.0,-74.0
1777890746.1813323,0.0,1.0,-79.0
1777890746.1913323,0.0,0.0,-79.0
1777890746.2013323,3.0,0.0,-81.0
1777890746.2113323,0.0,-1.0,-78.0
1777890746.2213323,0.0,-1.0,-80.0
1777890746.2313323,3.0,-2.0,-77.0
1777890746.2413323,2.0,-1.0,-78.0
1777890746.2513323,4.0,2.0,-77.0
1777890746.2613325,7.0,3.0,-72.0
1777890746.2713325,6.0,7.0,-72.0
1777890746.2813325,6.0,2.0,-76.0
1777890746.2913325,2.0,0.0,-80.0
1777890746.3013325,-1.0,-2.0,-85.0
1777890746.3113325,-6.0,-2.0,-85.0
1777890746.3213325,-8.0,-2.0,-86.0
1777890746.3313324,-6.0,-3.0,-78.0
1777890746.3413324,-1.0,1.0,-69.0
1777890746.3513324,1.0,0.0,-69.0
1777890746.3613324,0.0,3.0,-75.0
1777890746.3723323,1.0,3.0,-75.0
1777890746.3813324,-1.0,5.0,-75.0
1777890746.3913324,0.0,4.0,-73.0
1777890746.4013324,1.0,2.0,-77.0
1777890746.4123323,4.0,-1.0,-72.0
1777890746.4223323,7.0,-1.0,-69.0
1777890746.4323325,8.0,0.0,-66.0
1777890746.4423325,5.0,0.0,-64.0
1777890746.4523325,2.0,-2.0,-72.0
1777890746.4623325,2.0,-3.0,-69.0
1777890746.4723325,2.0,-3.0,-66.0
1777890746.4823325,1.0,-3.0,-61.0
1777890746.4923325,1.0,-1.0,-66.0
1777890746.5023324,7.0,1.0,-64.0
1777890746.5123324,5.0,0.0,-67.0
1777890746.5223324,3.0,0.0,-73.0
1777890746.5323324,2.0,0.0,-70.0
1777890746.5423324,2.0,-1.0,-71.0
1777890746.5523324,4.0,0.0,-75.0
1777890746.5623324,4.0,-2.0,-75.0
1777890746.5723324,1.0,-4.0,-71.0
1777890746.5823324,-1.0,-2.0,-75.0
1777890746.5923324,1.0,-3.0,-78.0
1777890746.6023324,0.0,-6.0,-81.0
1777890746.6123323,-5.0,-6.0,-74.0
1777890746.6223323,-5.0,-5.0,-80.0
1777890746.6323323,0.0,-3.0,-77.0
1777890746.6423323,-1.0,0.0,-71.0
1777890746.6523323,-2.0,5.0,-74.0
1777890746.6623323,-1.0,1.0,-74.0
1777890746.6723323,0.0,-1.0,-61.0
1777890746.6823325,-2.0,1.0,-63.0
1777890746.6923325,-11.0,0.0,-70.0
1777890746.7023325,-14.0,0.0,-70.0
1777890746.7123325,-12.0,-2.0,-74.0
1777890746.7223325,-10.0,-1.0,-77.0
1777890746.7323325,-8.0,-2.0,-80.0
1777890746.7423325,-4.0,-5.0,-74.0
1777890746.7523324,-3.0,-2.0,-70.0
1777890746.7623324,-1.0,-6.0,-64.0
1777890746.7723324,-3.0,-6.0,-66.0
1777890746.7823324,-6.0,0.0,-68.0
1777890746.7923324,-8.0,0.0,-73.0
1777890746.8023324,-2.0,1.0,-75.0
1777890746.8123324,0.0,3.0,-78.0
1777890746.8223324,1.0,0.0,-80.0
1777890746.8323324,2.0,1.0,-82.0
1777890746.8423324,4.0,2.0,-79.0
1777890746.8523324,0.0,3.0,-71.0
1777890746.8623323,4.0,1.0,-72.0
1777890746.8723323,4.0,-3.0,-68.0
1777890746.8823323,2.0,-5.0,-67.0
1777890746.8923323,1.0,-2.0,-65.0
1777890746.9023323,-2.0,-2.0,-67.0
1777890746.9123323,-1.0,-2.0,-82.0
1777890746.9223323,-2.0,-1.0,-78.0
1777890746.9323325,-2.0,-2.0,-72.0
1777890746.9423325,-1.0,-2.0,-70.0
1777890746.9523325,-7.0,0.0,-70.0
1777890746.9623325,-5.0,-1.0,-72.0
1777890746.9723325,-5.0,-1.0,-70.0
1777890746.9823325,-4.0,5.0,-71.0
1777890746.9923325,-5.0,7.0,-73.0
1777890747.0023324,-1.0,2.0,-69.0
1777890747.0123324,2.0,-5.0,-68.0
1777890747.0223324,-1.0,-4.0,-67.0
1777890747.0323324,4.0,-7.0,-64.0
1777890747.0423324,4.0,-7.0,-60.0
1777890747.0523324,8.0,-8.0,-64.0
1777890747.0623324,7.0,-5.0,-69.0
1777890747.0723324,5.0,-5.0,-64.0
1777890747.0823324,0.0,-9.0,-67.0
1777890747.0923324,3.0,-4.0,-70.0
1777890747.1023324,1.0,1.0,-68.0
1777890747.1123323,0.0,0.0,-66.0
1777890747.1223323,4.0,1.0,-66.0
1777890747.1323323,7.0,0.0,-68.0
1777890747.1423323,6.0,0.0,-75.0
1777890747.1523323,5.0,-1.0,-74.0
1777890747.1623323,-1.0,-3.0,-66.0
1777890747.1723323,-4.0,0.0,-67.0
1777890747.1823325,-2.0,0.0,-68.0
1777890747.1923325,-7.0,-2.0,-60.0
1777890747.2023325,-8.0,-2.0,-64.0
1777890747.2123325,-3.0,-3.0,-64.0
1777890747.2223325,-2.0,-5.0,-65.0
1777890747.2323325,-4.0,-9.0,-70.0
1777890747.2423325,-1.0,-10.0,-75.0
1777890747.2523324,0.0,-9.0,-77.0
1777890747.2623324,3.0,-6.0,-76.0
1777890747.2723324,-3.0,-2.0,-82.0
1777890747.2823324,-4.0,-2.0,-71.0
1777890747.2923324,-5.0,-4.0,-69.0
1777890747.3023324,-8.0,-1.0,-67.0
1777890747.3123324,-8.0,-3.0,-73.0
1777890747.3223324,-8.0,-1.0,-72.0
1777890747.3323324,-10.0,-4.0,-73.0
1777890747.3423324,-6.0,-2.0,-73.0
1777890747.3523324,-5.0,-4.0,-73.0
1777890747.3623323,-3.0,-2.0,-75.0
1777890747.3723323,2.0,0.0,-74.0
1777890747.3823323,2.0,2.0,-75.0
1777890747.3923323,0.0,-1.0,-71.0
1777890747.4023323,2.0,-5.0,-80.0
1777890747.4123323,5.0,-4.0,-81.0
1777890747.4223323,2.0,-4.0,-78.0
1777890747.4323325,0.0,-4.0,-75.0
1777890747.4423325,0.0,-8.0,-77.0
1777890747.4523325,2.0,-5.0,-79.0
1777890747.4623325,-1.0,-7.0,-83.0
1777890747.4723325,0.0,-4.0,-83.0
1777890747.4823325,0.0,-3.0,-85.0
1777890747.4923325,0.0,-3.0,-81.0
1777890747.5023324,0.0,0.0,-78.0
1777890747.5123324,0.0,0.0,-79.0
1777890747.5223324,-1.0,-2.0,-78.0
1777890747.5323324,-7.0,-4.0,-76.0
1777890747.5423324,-4.0,0.0,-70.0
1777890747.5523324,-3.0,0.0,-72.0
1777890747.5623324,-6.0,0.0,-79.0
1777890747.5723324,-5.0,0.0,-84.0
1777890747.5823324,-5.0,0.0,-90.0
1777890747.5923324,-2.0,-4.0,-86.0
1777890747.6023324,-3.0,0.0,-86.0
1777890747.6123323,-2.0,1.0,-84.0
1777890747.6223323,1.0,0.0,-87.0
1777890747.6323323,2.0,0.0,-80.0
1777890747.6423323,0.0,-1.0,-76.0
1777890747.6523323,0.0,0.0,-76.0
1777890747.6623323,2.0,0.0,-78.0
1777890747.6723323,2.0,-1.0,-76.0
1777890747.6823325,-2.0,-1.0,-71.0
1777890747.6923325,-7.0,0.0,-73.0
1777890747.7023325,-2.0,2.0,-70.0
1777890747.7123325,-1.0,1.0,-71.0
1777890747.7223325,-1.0,-1.0,-68.0
1777890747.7323325,1.0,-2.0,-73.0
1777890747.7423325,3.0,-2.0,-78.0
1777890747.7523324,-2.0,-1.0,-76.0
1777890747.7623324,-3.0,-4.0,-68.0
1777890747.7723324,-3.0,-3.0,-72.0
1777890747.7823324,-4.0,-4.0,-78.0
1777890747.7923324,0.0,-3.0,-79.0
1777890747.8023324,0.0,0.0,-85.0
1777890747.8123324,-1.0,-3.0,-79.0
1777890747.8223324,0.0,-5.0,-77.0
1777890747.8323324,1.0,-4.0,-77.0
1777890747.8423324,0.0,-6.0,-78.0
1777890747.8523324,0.0,-1.0,-80.0
1777890747.8623323,0.0,4.0,-79.0
1777890747.8723323,3.0,6.0,-72.0
1777890747.8823323,3.0,2.0,-65.0
1777890747.8923323,1.0,-1.0,-66.0
1777890747.9023323,0.0,-2.0,-74.0
1777890747.9123323,0.0,-2.0,-75.0
1777890747.9223323,4.0,-2.0,-75.0
1777890747.9323325,3.0,-3.0,-74.0
1777890747.9423325,1.0,-3.0,-72.0
1777890747.9533324,-2.0,1.0,-73.0
1777890747.9623325,-1.0,1.0,-76.0
1777890747.9723325,-3.0,1.0,-71.0
1777890747.9823325,-3.0,2.0,-67.0
1777890747.9923325,-1.0,3.0,-66.0
1777890748.0023324,0.0,2.0,-64.0
1777890748.0123324,0.0,1.0,-75.0
1777890748.0223324,0.0,2.0,-78.0
1777890748.0323324,0.0,2.0,-77.0
1777890748.0423324,4.0,1.0,-75.0
1777890748.0523324,7.0,0.0,-82.0
1777890748.0623324,7.0,0.0,-79.0
1777890748.0723324,11.0,0.0,-74.0
1777890748.0823324,10.0,1.0,-79.0
1777890748.0923324,7.0,3.0,-80.0
1777890748.1023324,7.0,4.0,-85.0
1777890748.1123323,5.0,6.0,-74.0
1777890748.1223323,7.0,4.0,-73.0
1777890748.1323323,10.0,-1.0,-76.0
1777890748.1423323,11.0,-4.0,-72.0
1777890748.1523323,9.0,-6.0,-71.0
1777890748.1623323,5.0,-7.0,-72.0
1777890748.1723323,7.0,-8.0,-78.0
1777890748.1823325,9.0,-9.0,-73.0
1777890748.1923325,11.0,-6.0,-73.0
1777890748.2023325,5.0,-7.0,-71.0
1777890748.2123325,5.0,-6.0,-68.0
1777890748.2223325,3.0,-8.0,-68.0
1777890748.2323325,-2.0,-7.0,-68.0
1777890748.2423325,-3.0,-5.0,-70.0
1777890748.2523324,-5.0,-4.0,-73.0
1777890748.2623324,-4.0,-6.0,-62.0
1777890748.2723324,-1.0,-4.0,-64.0
1777890748.2823324,0.0,-3.0,-65.0
1777890748.2923324,4.0,-1.0,-68.0
1777890748.3023324,2.0,0.0,-70.0
1777890748.3123324,1.0,0.0,-77.0
1777890748.3223324,1.0,-3.0,-78.0
1777890748.3323324,0.0,-2.0,-79.0
1777890748.3423324,-3.0,-3.0,-78.0
1777890748.3523324,0.0,-7.0,-75.0
1777890748.3623323,5.0,-2.0,-76.0
1777890748.3723323,9.0,-2.0,-75.0
1777890748.3823323,6.0,0.0,-77.0
1777890748.3933325,1.0,0.0,-71.0
1777890748.4033325,2.0,-2.0,-74.0
1777890748.4123323,4.0,-5.0,-72.0
1777890748.4223323,11.0,-1.0,-69.0
1777890748.4333324,14.0,1.0,-67.0
1777890748.4433324,18.0,0.0,-69.0
1777890748.4533324,14.0,1.0,-66.0
1777890748.4633324,4.0,0.0,-69.0
1777890748.4733324,1.0,0.0,-65.0
1777890748.4833324,0.0,1.0,-71.0
1777890748.4933324,-2.0,3.0,-69.0
1777890748.5033324,-3.0,2.0,-68.0
1777890748.5133324,-3.0,7.0,-66.0
1777890748.5233324,-6.0,3.0,-69.0
1777890748.5333323,-3.0,0.0,-72.0
1777890748.5433323,-3.0,0.0,-76.0
1777890748.5533323,-6.0,0.0,-71.0
1777890748.5633323,-6.0,-1.0,-72.0
1777890748.5733323,-3.0,0.0,-78.0
1777890748.5833323,0.0,3.0,-80.0
1777890748.5933323,3.0,4.0,-84.0
1777890748.6033323,2.0,2.0,-74.0
1777890748.6133325,4.0,0.0,-76.0
1777890748.6233325,4.0,0.0,-77.0
1777890748.6333325,3.0,-1.0,-73.0
1777890748.6433325,-1.0,-3.0,-70.0
1777890748.6533325,-3.0,2.0,-66.0
1777890748.6633325,-5.0,2.0,-73.0
1777890748.6733325,0.0,2.0,-73.0
1777890748.6833324,1.0,-2.0,-72.0
1777890748.6933324,0.0,-6.0,-73.0
1777890748.7033324,1.0,-3.0,-76.0
1777890748.7133324,6.0,-1.0,-73.0
1777890748.7233324,6.0,-1.0,-80.0
1777890748.7333324,1.0,2.0,-79.0
1777890748.7433324,-1.0,5.0,-77.0
1777890748.7543323,-1.0,7.0,-76.0
1777890748.7633324,7.0,7.0,-72.0
1777890748.7733324,2.0,4.0,-69.0
1777890748.7833323,1.0,-2.0,-66.0
1777890748.7933323,2.0,-2.0,-68.0
1777890748.8033323,7.0,0.0,-68.0
1777890748.8133323,2.0,-2.0,-76.0
1777890748.8233323,1.0,-6.0,-76.0
1777890748.8333323,-1.0,-5.0,-77.0
1777890748.8433323,-11.0,-6.0,-70.0
1777890748.8533323,-7.0,-7.0,-71.0
1777890748.8633325,-4.0,-6.0,-73.0
1777890748.8733325,-8.0,-3.0,-75.0
1777890748.8833325,-11.0,-5.0,-73.0
1777890748.8933325,-7.0,-4.0,-72.0
1777890748.9033325,-4.0,1.0,-74.0
1777890748.9133325,-1.0,7.0,-72.0
1777890748.9233325,0.0,3.0,-75.0
1777890748.9333324,0.0,1.0,-77.0
1777890748.9433324,3.0,-1.0,-75.0
1777890748.9533324,0.0,0.0,-79.0
1777890748.9633324,-2.0,0.0,-87.0
1777890748.9733324,-2.0,1.0,-88.0
1777890748.9833324,-2.0,-2.0,-90.0
1777890748.9933324,1.0,-4.0,-82.0
1777890749.0033324,3.0,-3.0,-83.0
1777890749.0133324,4.0,-4.0,-83.0
1777890749.0233324,7.0,-2.0,-78.0
1777890749.0333323,6.0,-4.0,-77.0
1777890749.0433323,2.0,-2.0,-78.0
1777890749.0533323,4.0,-1.0,-76.0
1777890749.0633323,6.0,2.0,-81.0
1777890749.0733323,0.0,2.0,-82.0
1777890749.0833323,0.0,4.0,-86.0
1777890749.0933323,1.0,0.0,-82.0
1777890749.1033323,6.0,-1.0,-75.0
1777890749.1133325,9.0,-1.0,-72.0
1777890749.1233325,9.0,-1.0,-75.0
1777890749.1333325,5.0,-2.0,-71.0
1777890749.1433325,7.0,-4.0,-68.0
1777890749.1533325,6.0,0.0,-65.0
1777890749.1633325,4.0,-4.0,-66.0
1777890749.1733325,1.0,-6.0,-72.0
1777890749.1833324,3.0,-6.0,-77.0
1777890749.1933324,2.0,-4.0,-72.0
1777890749.2033324,2.0,-2.0,-78.0
1777890749.2133324,5.0,0.0,-75.0
1777890749.2233324,2.0,0.0,-77.0
1777890749.2333324,2.0,-4.0,-73.0
1777890749.2433324,0.0,-5.0,-69.0
1777890749.2533324,-1.0,-3.0,-68.0
1777890749.2633324,-3.0,1.0,-69.0
1777890749.2733324,0.0,-4.0,-67.0
1777890749.2833323,0.0,-5.0,-72.0
1777890749.2933323,1.0,-4.0,-70.0
1777890749.3033323,2.0,-4.0,-72.0
1777890749.3133323,5.0,-5.0,-72.0
1777890749.3233323,5.0,-5.0,-67.0
1777890749.3333323,1.0,-4.0,-64.0
1777890749.3433323,0.0,-7.0,-64.0
1777890749.3533323,1.0,-6.0,-60.0
1777890749.3633325,5.0,-4.0,-66.0
1777890749.3733325,4.0,-4.0,-68.0
1777890749.3833325,2.0,-3.0,-67.0
1777890749.3933325,0.0,-2.0,-71.0
1777890749.4033325,7.0,0.0,-71.0
1777890749.4133325,0.0,0.0,-73.0
1777890749.4233325,0.0,-3.0,-69.0
1777890749.4333324,0.0,-2.0,-66.0
1777890749.4433324,0.0,-4.0,-73.0
1777890749.4533324,0.0,-6.0,-73.0
1777890749.4633324,0.0,-5.0,-72.0
1777890749.4733324,0.0,-1.0,-68.0
1777890749.4833324,-3.0,-1.0,-63.0
1777890749.4933324,0.0,-2.0,-64.0
1777890749.5033324,3.0,0.0,-64.0
1777890749.5133324,6.0,-1.0,-69.0
1777890749.5233324,5.0,-4.0,-70.0
1777890749.5333323,5.0,-2.0,-63.0
1777890749.5433323,5.0,-4.0,-67.0
1777890749.5533323,6.0,-8.0,-70.0
1777890749.5633323,5.0,-6.0,-72.0
1777890749.5733323,4.0,-4.0,-71.0
1777890749.5833323,3.0,-4.0,-60.0
1777890749.5933323,0.0,-4.0,-59.0
1777890749.6033323,-1.0,-4.0,-64.0
1777890749.6133325,2.0,-5.0,-73.0
1777890749.6233325,6.0,-5.0,-70.0
1777890749.6333325,5.0,-1.0,-66.0
1777890749.6433325,7.0,0.0,-69.0
1777890749.6533325,2.0,-2.0,-74.0
1777890749.6633325,1.0,-2.0,-64.0
1777890749.6733325,2.0,-1.0,-67.0
1777890749.6833324,6.0,0.0,-73.0
1777890749.6933324,6.0,0.0,-67.0
1777890749.7033324,0.0,0.0,-71.0
1777890749.7133324,-2.0,0.0,-69.0
1777890749.7233324,-3.0,-2.0,-65.0
1777890749.7333324,-4.0,-5.0,-71.0
1777890749.7433324,0.0,-4.0,-67.0
1777890749.7533324,2.0,-3.0,-69.0
1777890749.7633324,8.0,-3.0,-66.0
1777890749.7733324,7.0,-4.0,-68.0
1777890749.7833323,3.0,-4.0,-74.0
1777890749.7933323,2.0,-3.0,-78.0
1777890749.8033323,6.0,-6.0,-73.0
1777890749.8133323,4.0,-3.0,-75.0
1777890749.8233323,6.0,-4.0,-72.0
1777890749.8333323,4.0,-4.0,-74.0
1777890749.8433323,1.0,-4.0,-70.0
1777890749.8533323,0.0,-5.0,-68.0
1777890749.8633325,-4.0,-6.0,-62.0
1777890749.8733325,-4.0,-4.0,-66.0
1777890749.8833325,-3.0,-6.0,-64.0
1777890749.8933325,0.0,-6.0,-69.0
1777890749.9033325,-1.0,1.0,-67.0
1777890749.9133325,-1.0,1.0,-62.0
1777890749.9233325,-2.0,1.0,-64.0
1777890749.9333324,-2.0,-3.0,-69.0
1777890749.9433324,-3.0,-5.0,-72.0
1777890749.9533324,0.0,-8.0,-71.0
1777890749.9633324,4.0,-6.0,-72.0
1777890749.9733324,5.0,-4.0,-73.0
1777890749.9833324,5.0,-1.0,-76.0
1777890749.9933324,1.0,-1.0,-86.0
1777890750.0033324,-5.0,-2.0,-80.0
1777890750.0133324,-1.0,-1.0,-80.0
1777890750.0233324,-2.0,-3.0,-77.0
1777890750.0333323,0.0,-5.0,-82.0
1777890750.0433323,1.0,-7.0,-86.0
1777890750.0533323,5.0,-13.0,-86.0
1777890750.0633323,2.0,-11.0,-81.0
1777890750.0733323,0.0,-8.0,-74.0
1777890750.0833323,-4.0,-5.0,-73.0
1777890750.0933323,-5.0,-7.0,-71.0
1777890750.1033323,-2.0,-3.0,-69.0
1777890750.1133325,-8.0,0.0,-74.0
1777890750.1233325,-10.0,-3.0,-71.0
1777890750.1333325,-4.0,-5.0,-73.0
1777890750.1433325,-1.0,0.0,-73.0
1777890750.1533325,-1.0,1.0,-67.0
1777890750.1633325,-1.0,0.0,-60.0
1777890750.1733325,-5.0,-3.0,-66.0
1777890750.1833324,-1.0,-2.0,-69.0
1777890750.1933324,2.0,0.0,-67.0
1777890750.2033324,7.0,0.0,-58.0
1777890750.2133324,6.0,-4.0,-59.0
1777890750.2233324,3.0,-1.0,-65.0
1777890750.2333324,8.0,0.0,-57.0
1777890750.2433324,6.0,-3.0,-60.0
1777890750.2533324,2.0,-7.0,-65.0
1777890750.2633324,4.0,-7.0,-67.0
1777890750.2733324,3.0,-9.0,-65.0
1777890750.2833323,0.0,-9.0,-70.0
1777890750.2933323,-3.0,-10.0,-70.0
1777890750.3033323,-3.0,-7.0,-63.0
1777890750.3133323,3.0,-7.0,-65.0
1777890750.3233323,6.0,-6.0,-66.0
1777890750.3333323,5.0,-6.0,-66.0
1777890750.3433323,4.0,-4.0,-66.0
1777890750.3543324,4.0,-4.0,-70.0
1777890750.3643324,5.0,-1.0,-70.0
1777890750.3733325,6.0,-7.0,-73.0
1777890750.3843324,0.0,-10.0,-74.0
1777890750.3943324,0.0,-8.0,-71.0
1777890750.4043324,3.0,-6.0,-68.0
1777890750.4143324,5.0,-6.0,-66.0
1777890750.4243324,4.0,-6.0,-71.0
1777890750.4343324,0.0,-5.0,-73.0
1777890750.4443324,-1.0,-10.0,-65.0
1777890750.4543324,-6.0,-8.0,-63.0
1777890750.4643323,-9.0,-7.0,-65.0
1777890750.4743323,-7.0,-5.0,-64.0
1777890750.4843323,-3.0,-4.0,-67.0
1777890750.4943323,-1.0,-7.0,-65.0
1777890750.5043323,-3.0,-5.0,-63.0
1777890750.5143323,-6.0,-7.0,-68.0
1777890750.5243323,-5.0,-9.0,-70.0
1777890750.5343325,-2.0,-7.0,-68.0
1777890750.5443325,0.0,-3.0,-72.0
1777890750.5543325,1.0,-3.0,-73.0
1777890750.5643325,-1.0,-1.0,-72.0
1777890750.5743325,0.0,-1.0,-72.0
1777890750.5843325,-1.0,3.0,-74.0
1777890750.5943325,1.0,1.0,-72.0
1777890750.6043324,7.0,-4.0,-69.0
1777890750.6143324,4.0,0.0,-73.0
1777890750.6243324,3.0,-1.0,-65.0
1777890750.6343324,0.0,0.0,-57.0
1777890750.6443324,-5.0,0.0,-59.0
1777890750.6543324,-6.0,0.0,-72.0
1777890750.6643324,-2.0,-3.0,-78.0
1777890750.6743324,1.0,-4.0,-76.0
1777890750.6843324,4.0,0.0,-79.0
1777890750.6943324,5.0,0.0,-78.0
1777890750.7043324,5.0,2.0,-72.0
1777890750.7143323,0.0,2.0,-73.0
1777890750.7243323,0.0,1.0,-73.0
1777890750.7343323,0.0,-1.0,-75.0
1777890750.7443323,4.0,-4.0,-79.0
1777890750.7543323,4.0,-2.0,-77.0
1777890750.7643323,0.0,-1.0,-80.0
1777890750.7743323,-5.0,-3.0,-80.0
1777890750.7843325,-6.0,-2.0,-78.0
1777890750.7943325,-5.0,-2.0,-72.0
1777890750.8043325,-3.0,0.0,-78.0
1777890750.8143325,0.0,-2.0,-80.0
1777890750.8243325,2.0,0.0,-77.0
1777890750.8343325,0.0,1.0,-83.0
1777890750.8443325,0.0,3.0,-83.0
1777890750.8543324,0.0,2.0,-71.0
1777890750.8643324,1.0,2.0,-68.0
1777890750.8743324,0.0,-1.0,-65.0
1777890750.8843324,0.0,0.0,-63.0
1777890750.8943324,2.0,0.0,-63.0
1777890750.9043324,6.0,-2.0,-74.0
1777890750.9143324,6.0,-5.0,-75.0
1777890750.9243324,5.0,-4.0,-77.0
1777890750.9343324,5.0,-5.0,-85.0
1777890750.9443324,4.0,-4.0,-83.0
1777890750.9543324,8.0,-3.0,-83.0
1777890750.9643323,8.0,-1.0,-82.0
1777890750.9743323,6.0,-3.0,-82.0
1777890750.9843323,5.0,-6.0,-80.0
1777890750.9943323,1.0,-5.0,-80.0
1777890751.0043323,5.0,0.0,-84.0
1777890751.0143323,1.0,-2.0,-84.0
1777890751.0243323,0.0,-2.0,-81.0
1777890751.0343325,0.0,0.0,-84.0
1777890751.0443325,2.0,2.0,-79.0
1777890751.0543325,3.0,-1.0,-78.0
1777890751.0643325,1.0,-5.0,-80.0
1777890751.0743325,0.0,-2.0,-79.0
1777890751.0843325,1.0,-2.0,-75.0
1777890751.0943325,2.0,-2.0,-82.0
1777890751.1043324,0.0,-4.0,-75.0
1777890751.1143324,-2.0,-2.0,-79.0
1777890751.1243324,0.0,-3.0,-81.0
1777890751.1343324,3.0,0.0,-74.0
1777890751.1443324,3.0,-1.0,-67.0
1777890751.1543324,4.0,0.0,-77.0
1777890751.1643324,2.0,0.0,-81.0
1777890751.1743324,2.0,0.0,-82.0
1777890751.1843324,3.0,-2.0,-77.0
1777890751.1943324,7.0,-3.0,-79.0
1777890751.2043324,14.0,-5.0,-78.0
1777890751.2143323,11.0,-7.0,-78.0
1777890751.2243323,8.0,-6.0,-78.0
1777890751.2343323,12.0,-1.0,-82.0
1777890751.2443323,10.0,0.0,-76.0
1777890751.2543323,7.0,-2.0,-76.0
1777890751.2643323,5.0,-2.0,-77.0
1777890751.2743323,0.0,-1.0,-76.0
1777890751.2843325,1.0,2.0,-76.0
1777890751.2943325,-1.0,5.0,-81.0
1777890751.3043325,2.0,4.0,-75.0
1777890751.3143325,5.0,-3.0,-71.0
1777890751.3243325,-1.0,-3.0,-66.0
1777890751.3343325,-1.0,-8.0,-59.0
1777890751.3443325,0.0,-9.0,-55.0
1777890751.3543324,-4.0,-10.0,-54.0
1777890751.3643324,-4.0,-9.0,-56.0
1777890751.3743324,0.0,-12.0,-60.0
1777890751.3843324,-4.0,-10.0,-65.0
1777890751.3943324,-3.0,-8.0,-67.0
1777890751.4043324,-8.0,-7.0,-66.0
1777890751.4143324,-7.0,-6.0,-72.0
1777890751.4243324,-3.0,-4.0,-73.0
1777890751.4343324,0.0,-1.0,-71.0
1777890751.4443324,0.0,0.0,-72.0
1777890751.4543324,-2.0,5.0,-80.0
1777890751.4643323,-7.0,4.0,-81.0
1777890751.4743323,-8.0,0.0,-84.0
1777890751.4843323,-4.0,-2.0,-81.0
1777890751.4943323,-3.0,-1.0,-79.0
1777890751.5043323,-3.0,-1.0,-74.0
1777890751.5143323,-4.0,-4.0,-76.0
1777890751.5243323,-4.0,-5.0,-67.0
1777890751.5343325,-2.0,-5.0,-67.0
1777890751.5443325,-3.0,0.0,-68.0
1777890751.5543325,-7.0,-2.0,-67.0
1777890751.5643325,-3.0,3.0,-73.0
1777890751.5743325,-1.0,0.0,-79.0
1777890751.5843325,0.0,0.0,-81.0
1777890751.5943325,0.0,0.0,-83.0
1777890751.6043324,1.0,0.0,-83.0
1777890751.6143324,2.0,-2.0,-81.0
1777890751.6243324,6.0,-1.0,-78.0
1777890751.6343324,9.0,0.0,-80.0
1777890751.6443324,5.0,0.0,-78.0
1777890751.6543324,3.0,-2.0,-67.0
1777890751.6643324,0.0,1.0,-68.0
1777890751.6743324,2.0,0.0,-74.0
1777890751.6843324,-1.0,-3.0,-74.0
1777890751.6943324,3.0,-3.0,-68.0
1777890751.7043324,1.0,-3.0,-66.0
1777890751.7143323,5.0,-1.0,-62.0
1777890751.7243323,2.0,1.0,-58.0
1777890751.7343323,4.0,0.0,-61.0
1777890751.7443323,2.0,0.0,-58.0
1777890751.7543323,-2.0,0.0,-57.0
1777890751.7643323,1.0,0.0,-63.0
1777890751.7743323,1.0,-2.0,-63.0
1777890751.7843325,0.0,-4.0,-65.0
1777890751.7943325,0.0,-5.0,-66.0
1777890751.8043325,0.0,-6.0,-70.0
1777890751.8143325,4.0,-5.0,-76.0
1777890751.8243325,1.0,-7.0,-72.0
1777890751.8343325,1.0,-3.0,-75.0
1777890751.8443325,2.0,-2.0,-78.0
1777890751.8543324,4.0,2.0,-80.0
1777890751.8643324,1.0,3.0,-76.0
1777890751.8743324,0.0,-3.0,-67.0
1777890751.8843324,1.0,-6.0,-67.0
1777890751.8943324,0.0,-1.0,-70.0
1777890751.9043324,0.0,-3.0,-74.0
1777890751.9143324,-2.0,-6.0,-70.0
1777890751.9243324,-4.0,-9.0,-76.0
1777890751.9343324,0.0,-10.0,-75.0
1777890751.9443324,1.0,-13.0,-78.0
1777890751.9543324,0.0,-14.0,-74.0
1777890751.9643323,1.0,-13.0,-74.0
1777890751.9743323,2.0,-11.0,-78.0
1777890751.9843323,1.0,-9.0,-70.0
1777890751.9943323,-2.0,-6.0,-72.0
1777890752.0043323,-7.0,0.0,-73.0
1777890752.0143323,-5.0,1.0,-72.0
1777890752.0243323,-1.0,4.0,-75.0
1777890752.0343325,2.0,2.0,-77.0
1777890752.0443325,-3.0,1.0,-80.0
1777890752.0543325,-4.0,2.0,-80.0
1777890752.0643325,-2.0,3.0,-83.0
1777890752.0743325,3.0,3.0,-79.0
1777890752.0843325,4.0,0.0,-73.0
1777890752.0943325,2.0,1.0,-75.0
1777890752.1043324,0.0,-1.0,-71.0
1777890752.1143324,0.0,1.0,-71.0
1777890752.1243324,-3.0,0.0,-69.0
1777890752.1343324,-1.0,-1.0,-76.0
1777890752.1443324,0.0,0.0,-75.0
1777890752.1543324,-1.0,0.0,-69.0
1777890752.1643324,-6.0,-4.0,-73.0
1777890752.1743324,-1.0,-1.0,-74.0
1777890752.1843324,1.0,-4.0,-74.0
1777890752.1943324,-1.0,-4.0,-75.0
1777890752.2043324,2.0,-6.0,-82.0
1777890752.2143323,-2.0,-5.0,-78.0
1777890752.2243323,-2.0,-7.0,-80.0
1777890752.2343323,-8.0,-6.0,-82.0
1777890752.2443323,-7.0,-4.0,-85.0
1777890752.2543323,-2.0,-5.0,-83.0
1777890752.2643323,0.0,-1.0,-83.0
1777890752.2743323,3.0,-3.0,-78.0
1777890752.2843325,8.0,-3.0,-75.0
1777890752.2943325,3.0,-4.0,-64.0
1777890752.3043325,0.0,-3.0,-66.0
1777890752.3143325,2.0,-5.0,-65.0
1777890752.3243325,4.0,-6.0,-66.0
1777890752.3343325,1.0,-2.0,-70.0
1777890752.3453324,0.0,-6.0,-76.0
1777890752.3543324,0.0,-7.0,-74.0
1777890752.3643324,2.0,-8.0,-79.0
1777890752.3743324,2.0,-3.0,-77.0
1777890752.3853323,4.0,0.0,-76.0
1777890752.3953323,1.0,-4.0,-68.0
1777890752.4053323,0.0,-4.0,-70.0
1777890752.4153323,0.0,-1.0,-67.0
1777890752.4253323,-2.0,-1.0,-68.0
1777890752.4353323,-2.0,-1.0,-68.0
1777890752.4453323,0.0,-5.0,-70.0
1777890752.4553325,-1.0,-5.0,-74.0
1777890752.4653325,0.0,-5.0,-70.0
1777890752.4753325,-1.0,-6.0,-67.0
1777890752.4853325,2.0,-11.0,-76.0
1777890752.4953325,3.0,-8.0,-81.0
1777890752.5053325,2.0,-4.0,-81.0
1777890752.5153325,1.0,-4.0,-82.0
1777890752.5253325,3.0,-3.0,-84.0
1777890752.5353324,0.0,-2.0,-83.0
1777890752.5453324,-2.0,2.0,-79.0
1777890752.5553324,-5.0,0.0,-76.0
1777890752.5653324,-3.0,4.0,-73.0
1777890752.5753324,0.0,2.0,-75.0
1777890752.5853324,1.0,0.0,-77.0
1777890752.5953324,5.0,1.0,-77.0
1777890752.6053324,5.0,-1.0,-77.0
1777890752.6153324,7.0,-5.0,-81.0
1777890752.6253324,10.0,-3.0,-83.0
1777890752.6353323,5.0,-2.0,-81.0
1777890752.6453323,5.0,-3.0,-79.0
1777890752.6553323,1.0,-2.0,-83.0
1777890752.6653323,2.0,-4.0,-80.0
1777890752.6753323,6.0,-1.0,-76.0
1777890752.6853323,-1.0,-1.0,-74.0
1777890752.6953323,2.0,-1.0,-74.0
1777890752.7053325,3.0,-3.0,-76.0
1777890752.7153325,6.0,-6.0,-70.0
1777890752.7253325,3.0,-4.0,-65.0
1777890752.7353325,4.0,-1.0,-63.0
1777890752.7453325,0.0,4.0,-66.0
1777890752.7553325,0.0,2.0,-64.0
1777890752.7663324,0.0,-2.0,-68.0
1777890752.7753325,1.0,4.0,-62.0
1777890752.7853324,1.0,4.0,-59.0
1777890752.7953324,4.0,4.0,-65.0
1777890752.8053324,3.0,4.0,-64.0
1777890752.8153324,2.0,2.0,-65.0
1777890752.8253324,2.0,3.0,-68.0
1777890752.8353324,3.0,3.0,-66.0
1777890752.8453324,0.0,2.0,-66.0
1777890752.8553324,0.0,0.0,-67.0
1777890752.8653324,0.0,-3.0,-67.0
1777890752.8753324,-2.0,-1.0,-71.0
1777890752.8853323,0.0,-3.0,-68.0
1777890752.8953323,-1.0,-6.0,-72.0
1777890752.9053323,-7.0,-2.0,-74.0
1777890752.9153323,-2.0,-1.0,-80.0
1777890752.9253323,-1.0,0.0,-69.0
1777890752.9353323,-6.0,-2.0,-65.0
1777890752.9453323,-8.0,0.0,-69.0
1777890752.9553325,-12.0,-2.0,-70.0
1777890752.9653325,-10.0,-7.0,-71.0
1777890752.9753325,-10.0,-4.0,-76.0
1777890752.9853325,-13.0,-5.0,-77.0
1777890752.9953325,-6.0,-4.0,-84.0
1777890753.0053325,0.0,-3.0,-81.0
1777890753.0153325,4.0,-1.0,-79.0
1777890753.0253325,2.0,-1.0,-74.0
1777890753.0353324,3.0,-3.0,-75.0
1777890753.0453324,8.0,-1.0,-75.0
1777890753.0553324,4.0,0.0,-70.0
1777890753.0653324,0.0,0.0,-64.0
1777890753.0753324,-1.0,-1.0,-62.0
1777890753.0853324,-1.0,-4.0,-64.0
1777890753.0953324,3.0,-7.0,-69.0
1777890753.1053324,2.0,-7.0,-65.0
1777890753.1153324,2.0,-9.0,-66.0
1777890753.1253324,2.0,-8.0,-59.0
1777890753.1353323,0.0,-6.0,-67.0
1777890753.1453323,4.0,-9.0,-69.0
1777890753.1553323,3.0,-11.0,-73.0
1777890753.1653323,3.0,-9.0,-69.0
1777890753.1753323,1.0,-11.0,-73.0
1777890753.1853323,0.0,-9.0,-71.0
1777890753.1953323,-3.0,-7.0,-74.0
1777890753.2053325,-2.0,-5.0,-73.0
1777890753.2153325,-1.0,-7.0,-72.0
1777890753.2253325,-4.0,-4.0,-67.0
1777890753.2353325,-6.0,-5.0,-66.0
1777890753.2453325,-6.0,-1.0,-69.0
1777890753.2553325,-7.0,0.0,-75.0
1777890753.2653325,-3.0,-3.0,-77.0
1777890753.2753325,-2.0,-3.0,-80.0
1777890753.2853324,2.0,-5.0,-76.0
1777890753.2953324,2.0,-4.0,-75.0
1777890753.3053324,0.0,-3.0,-70.0
1777890753.3153324,-2.0,-5.0,-66.0
1777890753.3253324,-5.0,-3.0,-68.0
1777890753.3353324,-4.0,0.0,-74.0
1777890753.3453324,0.0,0.0,-74.0
1777890753.3553324,1.0,2.0,-74.0
1777890753.3653324,0.0,2.0,-72.0
1777890753.3753324,0.0,0.0,-71.0
1777890753.3853323,2.0,0.0,-70.0
1777890753.3953323,0.0,0.0,-64.0
1777890753.4053323,-3.0,1.0,-63.0
1777890753.4153323,0.0,-1.0,-61.0
1777890753.4253323,4.0,0.0,-56.0
1777890753.4353323,7.0,0.0,-65.0
1777890753.4453323,6.0,0.0,-64.0
1777890753.4553325,6.0,-2.0,-61.0
1777890753.4653325,5.0,-3.0,-60.0
1777890753.4753325,1.0,-1.0,-65.0
1777890753.4853325,0.0,-2.0,-66.0
1777890753.4953325,0.0,-1.0,-68.0
1777890753.5053325,2.0,0.0,-66.0
1777890753.5153325,3.0,0.0,-75.0
1777890753.5253325,5.0,-2.0,-76.0
1777890753.5353324,5.0,-4.0,-78.0
1777890753.5453324,3.0,-1.0,-82.0
1777890753.5553324,2.0,0.0,-73.0
1777890753.5653324,0.0,3.0,-76.0
1777890753.5753324,1.0,3.0,-72.0
1777890753.5853324,0.0,3.0,-74.0
1777890753.5953324,4.0,2.0,-74.0
1777890753.6053324,4.0,2.0,-77.0
1777890753.6153324,4.0,2.0,-79.0
1777890753.6253324,2.0,5.0,-74.0
1777890753.6353323,2.0,3.0,-76.0
1777890753.6453323,-2.0,0.0,-80.0
1777890753.6553323,-2.0,-8.0,-79.0
1777890753.6653323,-1.0,-3.0,-81.0
1777890753.6753323,-2.0,-8.0,-80.0
1777890753.6853323,-1.0,-7.0,-81.0
1777890753.6953323,0.0,-8.0,-83.0
1777890753.7053325,0.0,-8.0,-76.0
1777890753.7153325,1.0,-7.0,-74.0
1777890753.7253325,1.0,-10.0,-76.0
1777890753.7353325,0.0,-12.0,-79.0
1777890753.7453325,4.0,-6.0,-83.0
1777890753.7553325,4.0,-3.0,-82.0
1777890753.7653325,4.0,-2.0,-80.0
1777890753.7753325,-3.0,-5.0,-73.0
1777890753.7853324,-7.0,-3.0,-70.0
1777890753.7953324,-5.0,-2.0,-72.0
1777890753.8053324,-11.0,-5.0,-70.0
1777890753.8153324,-9.0,-4.0,-65.0
1777890753.8253324,-8.0,-1.0,-68.0
1777890753.8353324,-2.0,1.0,-66.0
1777890753.8453324,-3.0,2.0,-67.0
1777890753.8553324,-3.0,5.0,-69.0
1777890753.8653324,-1.0,5.0,-70.0
1777890753.8753324,-1.0,0.0,-71.0
1777890753.8853323,-2.0,2.0,-73.0
1777890753.8953323,-4.0,0.0,-69.0
1777890753.9053323,-4.0,-1.0,-69.0
1777890753.9153323,-4.0,-3.0,-69.0
1777890753.9253323,-7.0,0.0,-68.0
1777890753.9353323,0.0,1.0,-69.0
1777890753.9453323,-5.0,3.0,-65.0
1777890753.9553325,-6.0,0.0,-65.0
1777890753.9653325,-7.0,-2.0,-70.0
1777890753.9753325,-8.0,-1.0,-67.0
1777890753.9853325,-2.0,0.0,-68.0
1777890753.9953325,0.0,-1.0,-72.0
1777890754.0053325,0.0,0.0,-80.0
1777890754.0153325,2.0,0.0,-77.0
1777890754.0253325,3.0,-2.0,-79.0
1777890754.0353324,0.0,-3.0,-76.0
1777890754.0453324,4.0,0.0,-74.0
1777890754.0553324,1.0,0.0,-80.0
1777890754.0653324,2.0,1.0,-80.0
1777890754.0753324,5.0,0.0,-76.0
1777890754.0853324,1.0,-3.0,-77.0
1777890754.0953324,2.0,-1.0,-75.0
1777890754.1053324,5.0,0.0,-73.0
1777890754.1153324,6.0,0.0,-72.0
1777890754.1253324,11.0,-2.0,-75.0
1777890754.1353323,14.0,-5.0,-73.0
1777890754.1453323,13.0,-5.0,-71.0
1777890754.1553323,6.0,-6.0,-67.0
1777890754.1653323,1.0,-5.0,-66.0
1777890754.1753323,3.0,-8.0,-70.0
1777890754.1853323,-3.0,-10.0,-70.0
1777890754.1953323,0.0,-11.0,-79.0
1777890754.2053325,-3.0,-7.0,-76.0
1777890754.2153325,1.0,-7.0,-79.0
1777890754.2253325,-1.0,-3.0,-79.0
1777890754.2353325,-5.0,-2.0,-78.0
1777890754.2453325,-4.0,-5.0,-76.0
1777890754.2553325,-3.0,-8.0,-81.0
1777890754.2653325,-1.0,-7.0,-80.0
1777890754.2753325,1.0,-6.0,-80.0
1777890754.2853324,3.0,-7.0,-78.0
1777890754.2953324,3.0,-2.0,-76.0
1777890754.3053324,9.0,-1.0,-74.0
1777890754.3153324,10.0,-3.0,-71.0
1777890754.3253324,6.0,-7.0,-66.0
1777890754.3353324,5.0,-6.0,-75.0
1777890754.3453324,11.0,-5.0,-72.0
1777890754.3553324,9.0,-6.0,-71.0
1777890754.3653324,6.0,-7.0,-74.0
1777890754.3763323,4.0,-9.0,-73.0
1777890754.3863325,5.0,-10.0,-73.0
1777890754.3963325,2.0,-6.0,-74.0
1777890754.4063325,-1.0,-4.0,-75.0
1777890754.4163325,0.0,-5.0,-79.0
1777890754.4263325,0.0,-3.0,-79.0
1777890754.4363325,-4.0,-2.0,-80.0
1777890754.4463325,-8.0,-2.0,-82.0
1777890754.4563324,-6.0,-3.0,-85.0
1777890754.4663324,1.0,-1.0,-85.0
1777890754.4763324,2.0,-5.0,-87.0
1777890754.4863324,6.0,-8.0,-79.0
1777890754.4963324,4.0,-10.0,-73.0
1777890754.5063324,4.0,-4.0,-70.0
1777890754.5163324,9.0,-2.0,-73.0
1777890754.5263324,8.0,-2.0,-79.0
1777890754.5363324,6.0,-5.0,-79.0
1777890754.5463324,4.0,-6.0,-79.0
1777890754.5563323,3.0,-1.0,-77.0
1777890754.5663323,2.0,0.0,-76.0
1777890754.5763323,2.0,-2.0,-84.0
1777890754.5863323,6.0,-5.0,-92.0
1777890754.5963323,6.0,-4.0,-92.0
1777890754.6063323,1.0,-4.0,-83.0
1777890754.6163323,-3.0,-2.0,-81.0
1777890754.6263323,-5.0,-5.0,-77.0
1777890754.6363325,-2.0,-8.0,-72.0
1777890754.6463325,0.0,-8.0,-72.0
1777890754.6563325,0.0,-5.0,-70.0
1777890754.6663325,4.0,-2.0,-62.0
1777890754.6763325,0.0,-3.0,-63.0
1777890754.6863325,-5.0,-1.0,-62.0
1777890754.6963325,-9.0,0.0,-61.0
1777890754.7063324,-5.0,0.0,-59.0
1777890754.7163324,-5.0,1.0,-60.0
1777890754.7263324,0.0,0.0,-61.0
1777890754.7363324,0.0,-1.0,-64.0
1777890754.7463324,-1.0,0.0,-66.0
1777890754.7563324,-7.0,1.0,-66.0
1777890754.7663324,-7.0,1.0,-71.0
1777890754.7763324,-8.0,-3.0,-84.0
1777890754.7863324,-9.0,-4.0,-86.0
1777890754.7963324,-7.0,-7.0,-85.0
1777890754.8063323,-8.0,-6.0,-85.0
1777890754.8163323,-3.0,-8.0,-83.0
1777890754.8263323,-3.0,-6.0,-77.0
1777890754.8363323,-3.0,-2.0,-74.0
1777890754.8463323,1.0,-2.0,-73.0
1777890754.8563323,2.0,-1.0,-70.0
1777890754.8663323,0.0,-5.0,-69.0
1777890754.8763323,1.0,-4.0,-61.0
1777890754.8863325,1.0,-2.0,-59.0
1777890754.8963325,0.0,0.0,-64.0
1777890754.9063325,1.0,-4.0,-62.0
1777890754.9163325,1.0,-2.0,-63.0
1777890754.9263325,2.0,-3.0,-67.0
1777890754.9363325,2.0,-4.0,-66.0
1777890754.9463325,3.0,-10.0,-65.0
1777890754.9563324,-1.0,-12.0,-71.0
1777890754.9663324,0.0,-12.0,-71.0
1777890754.9763324,0.0,-8.0,-73.0
1777890754.9863324,-1.0,-3.0,-76.0
1777890754.9963324,-2.0,-1.0,-76.0
1777890755.0063324,1.0,-1.0,-80.0
1777890755.0163324,0.0,-2.0,-74.0
1777890755.0263324,0.0,-3.0,-65.0
1777890755.0363324,-3.0,-2.0,-65.0
1777890755.0463324,2.0,-5.0,-70.0
1777890755.0563323,5.0,-2.0,-73.0
1777890755.0663323,6.0,2.0,-76.0
1777890755.0763323,8.0,3.0,-74.0
1777890755.0863323,7.0,3.0,-74.0
1777890755.0963323,4.0,5.0,-73.0
1777890755.1063323,1.0,6.0,-67.0
1777890755.1163323,0.0,11.0,-58.0
1777890755.1263323,0.0,9.0,-60.0
1777890755.1363325,1.0,2.0,-62.0
1777890755.1463325,0.0,1.0,-67.0
1777890755.1563325,0.0,0.0,-69.0
1777890755.1663325,3.0,1.0,-69.0
1777890755.1763325,0.0,0.0,-63.0
1777890755.1863325,0.0,0.0,-65.0
1777890755.1963325,2.0,0.0,-70.0
1777890755.2063324,-2.0,0.0,-72.0
1777890755.2163324,-4.0,0.0,-70.0
1777890755.2263324,-1.0,0.0,-73.0
1777890755.2363324,1.0,0.0,-65.0
1777890755.2463324,0.0,1.0,-64.0
1777890755.2563324,5.0,-2.0,-66.0
1777890755.2663324,5.0,-3.0,-66.0
1777890755.2763324,6.0,-5.0,-70.0
1777890755.2863324,7.0,-1.0,-66.0
1777890755.2963324,7.0,2.0,-71.0
1777890755.3063323,5.0,-2.0,-71.0
1777890755.3163323,2.0,-2.0,-71.0
1777890755.3263323,0.0,-4.0,-69.0
1777890755.3363323,0.0,-4.0,-69.0
1777890755.3463323,-1.0,-4.0,-61.0
1777890755.3563323,2.0,-4.0,-59.0
1777890755.3663323,-1.0,-3.0,-63.0
1777890755.3763323,-1.0,-4.0,-71.0
1777890755.3863325,1.0,-1.0,-75.0
1777890755.3963325,5.0,0.0,-73.0
1777890755.4063325,4.0,1.0,-75.0
1777890755.4163325,1.0,5.0,-75.0
1777890755.4263325,-1.0,4.0,-82.0
1777890755.4363325,0.0,0.0,-78.0
1777890755.4463325,1.0,-2.0,-78.0
1777890755.4563324,5.0,-1.0,-79.0
1777890755.4663324,4.0,-3.0,-78.0
1777890755.4763324,1.0,-3.0,-82.0
1777890755.4863324,0.0,-3.0,-79.0
1777890755.4963324,-2.0,-3.0,-80.0
1777890755.5063324,-4.0,-4.0,-88.0
1777890755.5163324,-2.0,-2.0,-85.0
1777890755.5263324,-5.0,-1.0,-75.0
1777890755.5363324,-5.0,-4.0,-65.0
1777890755.5463324,-1.0,-1.0,-64.0
1777890755.5563323,1.0,-1.0,-67.0
1777890755.5663323,-2.0,-4.0,-73.0
1777890755.5763323,0.0,-2.0,-78.0
1777890755.5863323,-1.0,-3.0,-80.0
1777890755.5963323,-7.0,0.0,-74.0
1777890755.6063323,-5.0,0.0,-73.0
1777890755.6163323,-1.0,1.0,-74.0
1777890755.6263323,2.0,0.0,-72.0
1777890755.6363325,-1.0,0.0,-74.0
1777890755.6463325,-2.0,-4.0,-77.0
1777890755.6563325,-3.0,-3.0,-66.0
1777890755.6663325,-5.0,-5.0,-66.0
1777890755.6763325,-4.0,-4.0,-71.0
1777890755.6863325,-4.0,-4.0,-76.0
1777890755.6963325,-3.0,-3.0,-85.0
1777890755.7063324,-7.0,-7.0,-89.0
1777890755.7163324,-9.0,-4.0,-87.0
1777890755.7263324,-10.0,-3.0,-85.0
1777890755.7363324,-9.0,-3.0,-79.0
1777890755.7463324,-6.0,3.0,-80.0
1777890755.7563324,-1.0,7.0,-79.0
1777890755.7663324,0.0,4.0,-79.0
1777890755.7763324,2.0,3.0,-76.0
1777890755.7863324,0.0,2.0,-75.0
1777890755.7963324,-5.0,0.0,-75.0
1777890755.8063323,-3.0,0.0,-76.0
1777890755.8163323,-1.0,0.0,-75.0
1777890755.8263323,-1.0,0.0,-72.0
1777890755.8363323,-2.0,2.0,-64.0
1777890755.8463323,0.0,0.0,-69.0
1777890755.8563323,0.0,-2.0,-74.0
1777890755.8663323,0.0,-1.0,-70.0
1777890755.8763323,0.0,-4.0,-70.0
1777890755.8863325,0.0,-5.0,-76.0
1777890755.8963325,0.0,-2.0,-71.0
1777890755.9063325,-4.0,0.0,-69.0
1777890755.9163325,-3.0,0.0,-66.0
1777890755.9263325,-6.0,0.0,-69.0
1777890755.9363325,-5.0,0.0,-69.0
1777890755.9463325,1.0,-3.0,-63.0
1777890755.9563324,2.0,-3.0,-75.0
1777890755.9663324,-3.0,0.0,-80.0
1777890755.9763324,-3.0,1.0,-82.0
1777890755.9863324,0.0,3.0,-87.0
1777890755.9963324,-1.0,3.0,-81.0
1777890756.0063324,-2.0,3.0,-75.0
1777890756.0163324,-1.0,2.0,-74.0
1777890756.0263324,1.0,-2.0,-81.0
1777890756.0363324,4.0,-1.0,-82.0
1777890756.0463324,2.0,0.0,-79.0
1777890756.0563323,1.0,3.0,-76.0
1777890756.0663323,5.0,0.0,-80.0
1777890756.0763323,9.0,0.0,-77.0
1777890756.0863323,12.0,0.0,-76.0
1777890756.0963323,8.0,-1.0,-82.0
1777890756.1063323,4.0,0.0,-74.0
1777890756.1163323,2.0,-2.0,-76.0
1777890756.1263323,3.0,-1.0,-79.0
1777890756.1363325,3.0,-3.0,-79.0
1777890756.1463325,-1.0,-4.0,-80.0
1777890756.1563325,-2.0,-6.0,-78.0
1777890756.1663325,3.0,-2.0,-75.0
1777890756.1763325,6.0,0.0,-78.0
1777890756.1863325,3.0,0.0,-80.0
1777890756.1963325,-1.0,2.0,-77.0
1777890756.2063324,-4.0,0.0,-82.0
1777890756.2163324,-4.0,-1.0,-80.0
1777890756.2263324,-2.0,-3.0,-79.0
1777890756.2363324,1.0,-5.0,-79.0
1777890756.2463324,2.0,0.0,-81.0
1777890756.2563324,0.0,0.0,-72.0
1777890756.2663324,-3.0,-7.0,-69.0
1777890756.2763324,-5.0,-6.0,-73.0
1777890756.2863324,-4.0,-3.0,-81.0
1777890756.2963324,0.0,-5.0,-77.0
1777890756.3063323,0.0,-7.0,-74.0
1777890756.3173325,2.0,-7.0,-74.0
1777890756.3273325,0.0,-5.0,-76.0
1777890756.3373325,0.0,-3.0,-74.0
1777890756.3473325,5.0,-4.0,-80.0
1777890756.3573325,3.0,-3.0,-81.0
1777890756.3673325,4.0,0.0,-79.0
1777890756.3773324,1.0,0.0,-83.0
1777890756.3873324,1.0,-1.0,-77.0
1777890756.3973324,5.0,0.0,-78.0
1777890756.4073324,3.0,0.0,-83.0
1777890756.4173324,3.0,0.0,-78.0
1777890756.4273324,3.0,-1.0,-79.0
1777890756.4373324,1.0,-7.0,-77.0
1777890756.4473324,4.0,-3.0,-78.0
1777890756.4573324,4.0,0.0,-77.0
1777890756.4673324,2.0,1.0,-78.0
1777890756.4773324,-1.0,2.0,-75.0
1777890756.4873323,-2.0,3.0,-71.0
1777890756.4973323,1.0,1.0,-68.0
1777890756.5073323,-1.0,6.0,-72.0
1777890756.5173323,-2.0,8.0,-81.0
1777890756.5273323,-3.0,9.0,-84.0
1777890756.5373323,-3.0,8.0,-80.0
1777890756.5473323,2.0,7.0,-74.0
1777890756.5573325,-1.0,4.0,-74.0
1777890756.5673325,3.0,3.0,-81.0
1777890756.5773325,2.0,0.0,-73.0
1777890756.5873325,0.0,0.0,-59.0
1777890756.5973325,1.0,-4.0,-60.0
1777890756.6073325,1.0,-5.0,-56.0
1777890756.6173325,-1.0,-4.0,-66.0
1777890756.6273324,1.0,-7.0,-70.0
1777890756.6373324,5.0,-5.0,-71.0
1777890756.6473324,6.0,-6.0,-68.0
1777890756.6573324,5.0,-6.0,-69.0
1777890756.6673324,2.0,-3.0,-67.0
1777890756.6773324,0.0,0.0,-63.0
1777890756.6873324,-1.0,0.0,-65.0
1777890756.6973324,-2.0,-1.0,-66.0
1777890756.7073324,-1.0,1.0,-69.0
1777890756.7173324,-2.0,1.0,-66.0
1777890756.7273324,-2.0,0.0,-66.0
1777890756.7373323,0.0,-5.0,-73.0
1777890756.7473323,0.0,-4.0,-77.0
1777890756.7573323,1.0,2.0,-74.0
1777890756.7673323,0.0,0.0,-74.0
1777890756.7773323,-5.0,-3.0,-67.0
1777890756.7873323,0.0,-5.0,-65.0
1777890756.7973323,1.0,-1.0,-62.0
1777890756.8073325,0.0,-3.0,-67.0
1777890756.8173325,-4.0,-3.0,-73.0
1777890756.8273325,-4.0,-3.0,-73.0
1777890756.8373325,2.0,-1.0,-76.0
1777890756.8473325,7.0,3.0,-72.0
1777890756.8573325,5.0,7.0,-80.0
1777890756.8673325,6.0,7.0,-73.0
1777890756.8773324,1.0,3.0,-70.0
1777890756.8873324,-2.0,0.0,-72.0
1777890756.8973324,0.0,-2.0,-73.0
1777890756.9073324,1.0,-8.0,-73.0
1777890756.9173324,0.0,-8.0,-75.0
1777890756.9273324,0.0,-11.0,-69.0
1777890756.9373324,3.0,-11.0,-71.0
1777890756.9473324,1.0,-8.0,-70.0
1777890756.9573324,-4.0,-7.0,-66.0
1777890756.9673324,-4.0,-4.0,-64.0
1777890756.9773324,-4.0,-6.0,-68.0
1777890756.9873323,-7.0,-4.0,-73.0
1777890756.9973323,-2.0,-3.0,-72.0
1777890757.0073323,0.0,0.0,-70.0
1777890757.0173323,-1.0,-1.0,-70.0
1777890757.0273323,0.0,1.0,-71.0
1777890757.0373323,-1.0,-2.0,-72.0
1777890757.0473323,-6.0,-3.0,-67.0
1777890757.0573325,-7.0,-2.0,-65.0
1777890757.0673325,-2.0,0.0,-70.0
1777890757.0773325,1.0,-1.0,-73.0
1777890757.0873325,0.0,0.0,-74.0
1777890757.0973325,-2.0,-1.0,-74.0
1777890757.1073325,0.0,0.0,-65.0
1777890757.1173325,-1.0,-4.0,-66.0
1777890757.1273324,1.0,-4.0,-70.0
1777890757.1373324,0.0,-3.0,-71.0
1777890757.1473324,2.0,0.0,-68.0
1777890757.1573324,4.0,0.0,-69.0
1777890757.1673324,4.0,4.0,-65.0
1777890757.1773324,3.0,5.0,-72.0
1777890757.1873324,3.0,0.0,-78.0
1777890757.1973324,9.0,2.0,-76.0
1777890757.2073324,8.0,0.0,-71.0
1777890757.2173324,6.0,3.0,-64.0
1777890757.2273324,5.0,5.0,-64.0
1777890757.2373323,8.0,3.0,-65.0
1777890757.2473323,11.0,5.0,-69.0
1777890757.2573323,4.0,1.0,-70.0
1777890757.2673323,5.0,1.0,-82.0
1777890757.2773323,5.0,0.0,-83.0
1777890757.2873323,-1.0,0.0,-88.0
1777890757.2973323,-1.0,0.0,-77.0
1777890757.3073325,-1.0,0.0,-84.0
1777890757.3173325,-2.0,2.0,-80.0
1777890757.3273325,-1.0,1.0,-71.0
1777890757.3373325,2.0,2.0,-70.0
1777890757.3473325,4.0,-2.0,-63.0
1777890757.3573325,3.0,-1.0,-59.0
1777890757.3673325,1.0,0.0,-63.0
1777890757.3773324,1.0,0.0,-67.0
1777890757.3873324,0.0,-2.0,-73.0
1777890757.3973324,-2.0,0.0,-73.0
1777890757.4073324,1.0,-2.0,-69.0
1777890757.4173324,0.0,-2.0,-68.0
1777890757.4273324,1.0,-2.0,-73.0
1777890757.4373324,0.0,-1.0,-72.0
1777890757.4473324,2.0,2.0,-72.0
1777890757.4573324,4.0,0.0,-76.0
1777890757.4673324,10.0,2.0,-79.0
1777890757.4773324,8.0,0.0,-84.0
1777890757.4873323,7.0,4.0,-85.0
1777890757.4973323,5.0,6.0,-75.0
1777890757.5073323,3.0,2.0,-83.0
1777890757.5173323,1.0,2.0,-77.0
1777890757.5273323,0.0,6.0,-80.0
1777890757.5373323,-1.0,7.0,-78.0
1777890757.5473323,-4.0,4.0,-78.0
1777890757.5573325,-5.0,7.0,-72.0
1777890757.5673325,-1.0,7.0,-67.0
1777890757.5773325,1.0,6.0,-67.0
1777890757.5873325,2.0,5.0,-72.0
1777890757.5973325,2.0,4.0,-75.0
1777890757.6073325,1.0,3.0,-78.0
1777890757.6173325,3.0,3.0,-81.0
1777890757.6273324,2.0,0.0,-74.0
1777890757.6373324,5.0,-3.0,-72.0
1777890757.6473324,6.0,-3.0,-72.0
1777890757.6573324,3.0,-3.0,-72.0
1777890757.6673324,1.0,-2.0,-72.0
1777890757.6773324,3.0,0.0,-70.0
1777890757.6873324,6.0,0.0,-73.0
1777890757.6973324,8.0,3.0,-75.0
1777890757.7073324,10.0,1.0,-77.0
1777890757.7173324,6.0,5.0,-75.0
1777890757.7273324,0.0,3.0,-81.0
1777890757.7373323,0.0,0.0,-80.0
1777890757.7473323,-3.0,0.0,-78.0
1777890757.7573323,0.0,0.0,-78.0
1777890757.7673323,0.0,-3.0,-75.0
1777890757.7773323,1.0,-1.0,-68.0
1777890757.7873323,-2.0,-2.0,-64.0
1777890757.7973323,-6.0,2.0,-72.0
1777890757.8073325,-3.0,3.0,-76.0
1777890757.8173325,-5.0,6.0,-74.0
1777890757.8273325,0.0,6.0,-72.0
1777890757.8373325,-2.0,5.0,-74.0
1777890757.8473325,0.0,3.0,-69.0
1777890757.8573325,-2.0,-2.0,-73.0
1777890757.8673325,-1.0,-3.0,-77.0
1777890757.8773324,2.0,-4.0,-76.0
1777890757.8873324,7.0,-3.0,-83.0
1777890757.8973324,5.0,-3.0,-81.0
1777890757.9073324,0.0,-5.0,-77.0
1777890757.9173324,-3.0,-4.0,-74.0
1777890757.9273324,0.0,-2.0,-74.0
1777890757.9373324,3.0,-1.0,-80.0
1777890757.9473324,-5.0,-2.0,-76.0
1777890757.9573324,-5.0,-1.0,-76.0
1777890757.9673324,-1.0,-1.0,-72.0
1777890757.9773324,-5.0,1.0,-70.0
1777890757.9873323,-6.0,0.0,-75.0
1777890757.9973323,-11.0,-1.0,-79.0
1777890758.0073323,-11.0,3.0,-77.0
1777890758.0173323,-1.0,0.0,-78.0
1777890758.0273323,2.0,0.0,-67.0
1777890758.0373323,3.0,-5.0,-68.0
1777890758.0473323,1.0,-3.0,-78.0
1777890758.0573325,4.0,0.0,-75.0
1777890758.0673325,0.0,-1.0,-83.0
1777890758.0773325,4.0,0.0,-78.0
1777890758.0873325,1.0,-1.0,-70.0
1777890758.0973325,4.0,0.0,-74.0
1777890758.1073325,3.0,5.0,-75.0
1777890758.1173325,3.0,2.0,-79.0
1777890758.1273324,2.0,0.0,-74.0
1777890758.1373324,5.0,3.0,-75.0
1777890758.1473324,5.0,2.0,-73.0
1777890758.1573324,1.0,-2.0,-70.0
1777890758.1673324,2.0,0.0,-67.0
1777890758.1773324,0.0,0.0,-65.0
1777890758.1873324,-1.0,-3.0,-67.0
1777890758.1973324,-1.0,-1.0,-72.0
1777890758.2073324,-4.0,0.0,-72.0
1777890758.2173324,0.0,0.0,-72.0
1777890758.2273324,3.0,0.0,-74.0
1777890758.2373323,2.0,1.0,-70.0
1777890758.2473323,1.0,6.0,-61.0
1777890758.2573323,2.0,6.0,-70.0
1777890758.2673323,-1.0,4.0,-76.0
1777890758.2773323,-5.0,0.0,-85.0
1777890758.2873323,-2.0,4.0,-81.0
1777890758.2973323,-2.0,3.0,-78.0
1777890758.3073325,0.0,-1.0,-72.0
1777890758.3183324,1.0,0.0,-82.0
1777890758.3283324,-4.0,0.0,-83.0
1777890758.3373325,-1.0,0.0,-79.0
1777890758.3483324,1.0,-2.0,-72.0
1777890758.3583324,0.0,-4.0,-81.0
1777890758.3683324,-4.0,-3.0,-80.0
1777890758.3783324,-3.0,-4.0,-76.0
1777890758.3883324,-1.0,-9.0,-83.0
1777890758.3983324,1.0,-11.0,-88.0
1777890758.4083323,2.0,-10.0,-81.0
1777890758.4183323,7.0,-5.0,-76.0
1777890758.4283323,3.0,-3.0,-77.0
1777890758.4383323,0.0,-2.0,-79.0
1777890758.4483323,-2.0,0.0,-77.0
1777890758.4583323,3.0,2.0,-79.0
1777890758.4683323,1.0,0.0,-81.0
1777890758.4783323,1.0,0.0,-74.0
1777890758.4883325,-2.0,-1.0,-69.0
1777890758.4983325,-1.0,0.0,-75.0
1777890758.5083325,0.0,-1.0,-68.0
1777890758.5183325,-1.0,1.0,-72.0
1777890758.5283325,-5.0,0.0,-81.0
1777890758.5383325,-4.0,1.0,-79.0
1777890758.5483325,-4.0,1.0,-75.0
1777890758.5583324,-7.0,0.0,-69.0
1777890758.5683324,-2.0,0.0,-74.0
1777890758.5783324,-3.0,0.0,-79.0
1777890758.5883324,-3.0,-2.0,-74.0
1777890758.5983324,-1.0,0.0,-73.0
1777890758.6083324,0.0,0.0,-73.0
1777890758.6183324,1.0,-1.0,-74.0
1777890758.6283324,3.0,-3.0,-74.0
1777890758.6383324,0.0,-1.0,-80.0
1777890758.6483324,-3.0,0.0,-74.0
1777890758.6583323,0.0,-2.0,-79.0
1777890758.6683323,1.0,-1.0,-76.0
1777890758.6783323,-1.0,-2.0,-73.0
1777890758.6883323,-2.0,-3.0,-71.0
1777890758.6983323,-2.0,-1.0,-73.0
1777890758.7083323,-4.0,-2.0,-74.0
1777890758.7183323,-5.0,0.0,-73.0
1777890758.7283323,-5.0,-3.0,-76.0
1777890758.7383325,0.0,-3.0,-79.0
1777890758.7483325,-3.0,-4.0,-77.0
1777890758.7583325,0.0,-5.0,-72.0
1777890758.7683325,-6.0,-4.0,-69.0
1777890758.7783325,-8.0,-1.0,-75.0
1777890758.7883325,-5.0,0.0,-74.0
1777890758.7983325,-5.0,0.0,-73.0
1777890758.8083324,0.0,0.0,-75.0
1777890758.8183324,3.0,1.0,-71.0
1777890758.8283324,4.0,5.0,-70.0
1777890758.8383324,3.0,6.0,-72.0
1777890758.8483324,3.0,7.0,-75.0
1777890758.8583324,1.0,3.0,-74.0
1777890758.8683324,2.0,2.0,-75.0
1777890758.8783324,5.0,-3.0,-67.0
1777890758.8883324,3.0,0.0,-65.0
1777890758.8983324,3.0,-2.0,-67.0
1777890758.9083323,5.0,2.0,-67.0
1777890758.9183323,1.0,-1.0,-69.0
1777890758.9283323,1.0,-2.0,-74.0
1777890758.9383323,-1.0,-6.0,-72.0
1777890758.9483323,-2.0,-9.0,-71.0
1777890758.9583323,0.0,-5.0,-66.0
1777890758.9683323,0.0,-3.0,-58.0
1777890758.9783323,1.0,0.0,-61.0
1777890758.9883325,0.0,0.0,-54.0
1777890758.9983325,0.0,3.0,-55.0
1777890759.0083325,0.0,3.0,-59.0
1777890759.0183325,-1.0,0.0,-63.0
1777890759.0283325,0.0,1.0,-62.0
1777890759.0383325,0.0,5.0,-67.0
1777890759.0483325,-2.0,3.0,-74.0
1777890759.0583324,0.0,5.0,-71.0
1777890759.0683324,0.0,4.0,-75.0
1777890759.0783324,1.0,2.0,-72.0
1777890759.0883324,3.0,-2.0,-71.0
1777890759.0983324,1.0,-5.0,-66.0
1777890759.1083324,2.0,-6.0,-72.0
1777890759.1183324,0.0,-4.0,-71.0
1777890759.1283324,-2.0,-1.0,-68.0
1777890759.1383324,0.0,2.0,-72.0
1777890759.1483324,1.0,4.0,-74.0
1777890759.1583323,-2.0,0.0,-71.0
1777890759.1683323,-1.0,-3.0,-70.0
1777890759.1783323,-4.0,-5.0,-70.0
1777890759.1883323,-1.0,-4.0,-79.0
1777890759.1983323,4.0,-7.0,-76.0
1777890759.2083323,7.0,1.0,-79.0
1777890759.2183323,0.0,6.0,-75.0
1777890759.2283323,1.0,7.0,-71.0
1777890759.2383325,-1.0,6.0,-79.0
1777890759.2483325,-4.0,7.0,-76.0
1777890759.2583325,-6.0,5.0,-73.0
1777890759.2683325,-2.0,5.0,-71.0
1777890759.2783325,-4.0,2.0,-67.0
1777890759.2883325,-2.0,-2.0,-66.0
1777890759.2983325,1.0,-2.0,-68.0
1777890759.3083324,1.0,-2.0,-71.0
1777890759.3183324,-1.0,-4.0,-71.0
1777890759.3283324,0.0,-1.0,-77.0
1777890759.3383324,0.0,-3.0,-83.0
1777890759.3483324,3.0,-4.0,-71.0
1777890759.3583324,2.0,-6.0,-76.0
1777890759.3683324,5.0,-4.0,-75.0
1777890759.3783324,3.0,0.0,-71.0
1777890759.3883324,-4.0,6.0,-71.0
1777890759.3983324,-5.0,5.0,-75.0
1777890759.4083323,0.0,1.0,-80.0
1777890759.4183323,2.0,1.0,-81.0
1777890759.4283323,-2.0,0.0,-81.0
1777890759.4383323,1.0,-2.0,-71.0
1777890759.4483323,2.0,-2.0,-73.0
1777890759.4583323,3.0,-3.0,-74.0
1777890759.4683323,0.0,-3.0,-70.0
1777890759.4783323,-3.0,-4.0,-71.0
1777890759.4883325,-5.0,0.0,-72.0
1777890759.4983325,-3.0,1.0,-72.0
1777890759.5083325,-3.0,3.0,-75.0
1777890759.5183325,-2.0,1.0,-78.0
1777890759.5283325,0.0,2.0,-82.0
1777890759.5383325,0.0,0.0,-79.0
1777890759.5483325,5.0,-2.0,-76.0
1777890759.5583324,3.0,0.0,-75.0
1777890759.5683324,0.0,0.0,-77.0
1777890759.5783324,-1.0,3.0,-76.0
1777890759.5883324,0.0,3.0,-72.0
1777890759.5983324,4.0,5.0,-72.0
1777890759.6083324,3.0,0.0,-74.0
1777890759.6183324,2.0,-1.0,-73.0
1777890759.6283324,1.0,2.0,-73.0
1777890759.6383324,0.0,2.0,-73.0
1777890759.6483324,0.0,4.0,-67.0
1777890759.6583323,-2.0,4.0,-65.0
1777890759.6683323,0.0,-1.0,-57.0
1777890759.6783323,-1.0,-7.0,-60.0
1777890759.6883323,2.0,-10.0,-65.0
1777890759.6983323,0.0,-8.0,-67.0
1777890759.7083323,-2.0,-6.0,-62.0
1777890759.7183323,-2.0,-6.0,-61.0
1777890759.7283323,-1.0,-6.0,-62.0
1777890759.7383325,-5.0,-4.0,-66.0
1777890759.7483325,-3.0,-3.0,-58.0
1777890759.7583325,-4.0,-1.0,-69.0
1777890759.7683325,-4.0,-3.0,-69.0
1777890759.7783325,-4.0,-3.0,-64.0
1777890759.7883325,-5.0,0.0,-64.0
1777890759.7983325,-1.0,1.0,-69.0
1777890759.8083324,-2.0,0.0,-68.0
1777890759.8183324,-2.0,0.0,-75.0
1777890759.8283324,-1.0,5.0,-74.0
1777890759.8383324,-1.0,4.0,-76.0
1777890759.8483324,-3.0,1.0,-74.0
1777890759.8583324,-3.0,3.0,-72.0
1777890759.8683324,-1.0,2.0,-69.0
1777890759.8783324,-3.0,-1.0,-76.0
1777890759.8883324,-3.0,-5.0,-80.0
1777890759.8983324,-2.0,-9.0,-75.0
1777890759.9083323,-4.0,-11.0,-77.0
1777890759.9183323,-1.0,-10.0,-76.0
1777890759.9283323,0.0,-5.0,-80.0
1777890759.9383323,1.0,-1.0,-80.0
1777890759.9483323,-1.0,0.0,-81.0
1777890759.9583323,0.0,1.0,-76.0
1777890759.9683323,4.0,7.0,-82.0
1777890759.9783323,2.0,7.0,-83.0
1777890759.9883325,0.0,5.0,-81.0
1777890759.9983325,-1.0,5.0,-76.0
1777890760.0083325,-2.0,4.0,-70.0
1777890760.0183325,0.0,8.0,-72.0
1777890760.0283325,1.0,6.0,-68.0
1777890760.0383325,0.0,0.0,-71.0
1777890760.0483325,-1.0,0.0,-80.0
1777890760.0583324,-3.0,0.0,-82.0
1777890760.0683324,-4.0,-1.0,-75.0
1777890760.0783324,-2.0,-2.0,-65.0
1777890760.0883324,-5.0,-1.0,-68.0
1777890760.0983324,-6.0,-2.0,-77.0
1777890760.1083324,-7.0,-1.0,-83.0
1777890760.1183324,-5.0,-2.0,-84.0
1777890760.1283324,-5.0,-2.0,-82.0
1777890760.1393323,-5.0,0.0,-77.0
1777890760.1483324,-5.0,0.0,-79.0
1777890760.1583323,-5.0,1.0,-77.0
1777890760.1683323,0.0,1.0,-75.0
1777890760.1783323,0.0,-3.0,-82.0
1777890760.1883323,2.0,-2.0,-82.0
1777890760.1983323,7.0,-4.0,-78.0
1777890760.2083323,6.0,-7.0,-70.0
1777890760.2183323,6.0,-5.0,-73.0
1777890760.2283323,5.0,-2.0,-71.0
1777890760.2383325,4.0,-1.0,-64.0
1777890760.2483325,5.0,-1.0,-63.0
1777890760.2583325,5.0,-2.0,-64.0
1777890760.2693324,5.0,-3.0,-70.0
1777890760.2793324,4.0,-5.0,-73.0
1777890760.2883325,0.0,-8.0,-74.0
1777890760.2983325,0.0,-7.0,-79.0
1777890760.3083324,-3.0,-5.0,-80.0
1777890760.3193324,-4.0,-4.0,-81.0
1777890760.3293324,-2.0,-5.0,-75.0
1777890760.3393323,-3.0,-6.0,-76.0
1777890760.3493323,0.0,-5.0,-81.0
1777890760.3593323,0.0,-1.0,-78.0
1777890760.3693323,0.0,-8.0,-79.0
1777890760.3793323,3.0,-6.0,-74.0
1777890760.3893323,1.0,-5.0,-71.0
1777890760.3993323,0.0,-1.0,-69.0
1777890760.4093325,2.0,-2.0,-71.0
1777890760.4193325,4.0,-1.0,-76.0
1777890760.4293325,3.0,-4.0,-72.0
1777890760.4393325,4.0,-4.0,-68.0
1777890760.4493325,8.0,0.0,-70.0
1777890760.4593325,10.0,-2.0,-77.0
1777890760.4693325,12.0,1.0,-73.0
1777890760.4793324,6.0,0.0,-67.0
1777890760.4893324,10.0,-2.0,-68.0
1777890760.4993324,4.0,-1.0,-69.0
1777890760.5093324,7.0,1.0,-74.0
1777890760.5193324,8.0,-1.0,-74.0
1777890760.5293324,7.0,0.0,-77.0
1777890760.5393324,8.0,-2.0,-73.0
1777890760.5493324,0.0,-3.0,-78.0
1777890760.5593324,0.0,-5.0,-79.0
1777890760.5693324,0.0,-7.0,-79.0
1777890760.5793324,1.0,-11.0,-80.0
1777890760.5893323,1.0,-12.0,-75.0
1777890760.5993323,0.0,-3.0,-75.0
1777890760.6093323,1.0,-1.0,-73.0
1777890760.6193323,0.0,-4.0,-74.0
1777890760.6293323,-1.0,-3.0,-75.0
1777890760.6393323,-5.0,-5.0,-75.0
1777890760.6493323,-4.0,-4.0,-77.0
1777890760.6593325,-4.0,2.0,-81.0
1777890760.6693325,-2.0,2.0,-74.0
1777890760.6793325,1.0,4.0,-74.0
1777890760.6893325,0.0,2.0,-76.0
1777890760.6993325,1.0,1.0,-75.0
1777890760.7093325,0.0,-1.0,-75.0
1777890760.7193325,1.0,-2.0,-71.0
1777890760.7293324,0.0,-2.0,-70.0
1777890760.7393324,3.0,-4.0,-78.0
1777890760.7493324,3.0,-2.0,-87.0
1777890760.7593324,0.0,-5.0,-87.0
1777890760.7693324,0.0,-6.0,-81.0
1777890760.7793324,6.0,-5.0,-84.0
1777890760.7893324,3.0,-6.0,-80.0
1777890760.7993324,0.0,-6.0,-72.0
1777890760.8093324,-2.0,-7.0,-73.0
1777890760.8193324,0.0,-12.0,-79.0
1777890760.8293324,0.0,-11.0,-82.0
1777890760.8393323,0.0,-10.0,-86.0
1777890760.8493323,-3.0,-11.0,-88.0
1777890760.8593323,-3.0,-7.0,-79.0
1777890760.8693323,-4.0,0.0,-76.0
1777890760.8793323,-8.0,2.0,-81.0
1777890760.8893323,-6.0,0.0,-79.0
1777890760.8993323,-3.0,3.0,-80.0
1777890760.9093325,0.0,7.0,-81.0
1777890760.9193325,0.0,6.0,-81.0
1777890760.9293325,-2.0,4.0,-88.0
1777890760.9393325,1.0,3.0,-84.0
1777890760.9493325,1.0,5.0,-80.0
1777890760.9593325,2.0,6.0,-76.0
1777890760.9693325,4.0,8.0,-79.0
1777890760.9793324,5.0,11.0,-78.0
1777890760.9893324,4.0,7.0,-76.0
1777890760.9993324,3.0,7.0,-75.0
1777890761.0093324,2.0,3.0,-74.0
1777890761.0193324,-2.0,2.0,-71.0
1777890761.0293324,-3.0,1.0,-66.0
1777890761.0393324,-1.0,-3.0,-73.0
1777890761.0493324,-2.0,-2.0,-84.0
1777890761.0593324,-4.0,-3.0,-84.0
1777890761.0693324,-5.0,-3.0,-84.0
1777890761.0793324,-1.0,-3.0,-80.0
1777890761.0893323,0.0,-3.0,-76.0
1777890761.0993323,4.0,-4.0,-81.0
1777890761.1093323,3.0,-4.0,-87.0
1777890761.1193323,3.0,-6.0,-85.0
1777890761.1293323,2.0,0.0,-86.0
1777890761.1393323,4.0,-1.0,-84.0
1777890761.1493323,4.0,2.0,-82.0
1777890761.1593325,1.0,-1.0,-80.0
1777890761.1693325,4.0,0.0,-80.0
1777890761.1793325,0.0,3.0,-85.0
1777890761.1893325,0.0,1.0,-83.0
1777890761.1993325,0.0,0.0,-83.0
1777890761.2093325,-4.0,0.0,-83.0
1777890761.2193325,-1.0,2.0,-76.0
1777890761.2293324,-2.0,0.0,-80.0
1777890761.2393324,0.0,2.0,-70.0
1777890761.2493324,-1.0,4.0,-67.0
1777890761.2593324,-5.0,7.0,-68.0
1777890761.2693324,-7.0,5.0,-70.0
1777890761.2793324,-2.0,6.0,-72.0
1777890761.2893324,-9.0,6.0,-75.0
1777890761.2993324,-8.0,2.0,-69.0
1777890761.3093324,-7.0,-1.0,-71.0
1777890761.3193324,-3.0,-8.0,-72.0
1777890761.3293324,3.0,-6.0,-63.0
1777890761.3393323,3.0,-6.0,-60.0
1777890761.3493323,3.0,-6.0,-61.0
1777890761.3593323,2.0,-5.0,-69.0
1777890761.3693323,6.0,-4.0,-70.0
1777890761.3793323,3.0,-7.0,-69.0
1777890761.3893323,5.0,-8.0,-69.0
1777890761.3993323,7.0,-9.0,-72.0
1777890761.4093325,9.0,-2.0,-73.0
1777890761.4193325,4.0,-3.0,-74.0
1777890761.4293325,0.0,-5.0,-69.0
1777890761.4393325,0.0,-8.0,-63.0
1777890761.4493325,-4.0,-5.0,-61.0
1777890761.4593325,-2.0,-1.0,-59.0
1777890761.4693325,0.0,0.0,-58.0
1777890761.4793324,1.0,1.0,-57.0
1777890761.4893324,1.0,4.0,-61.0
1777890761.4993324,0.0,7.0,-69.0
1777890761.5093324,-1.0,3.0,-69.0
1777890761.5193324,0.0,1.0,-70.0
1777890761.5293324,0.0,-2.0,-70.0
1777890761.5393324,0.0,-3.0,-73.0
1777890761.5493324,-3.0,-1.0,-73.0
1777890761.5593324,-1.0,1.0,-76.0
1777890761.5693324,0.0,1.0,-74.0
1777890761.5793324,1.0,2.0,-72.0
1777890761.5893323,3.0,4.0,-65.0
1777890761.5993323,4.0,2.0,-62.0
1777890761.6093323,6.0,4.0,-62.0
1777890761.6193323,6.0,1.0,-70.0
1777890761.6293323,1.0,1.0,-72.0
1777890761.6393323,1.0,5.0,-75.0
1777890761.6493323,-1.0,3.0,-79.0
1777890761.6593325,2.0,0.0,-77.0
1777890761.6693325,0.0,3.0,-76.0
1777890761.6793325,0.0,0.0,-71.0
1777890761.6893325,-1.0,-3.0,-77.0
1777890761.6993325,3.0,0.0,-74.0
1777890761.7093325,0.0,0.0,-73.0
1777890761.7193325,1.0,-3.0,-79.0
1777890761.7293324,3.0,-1.0,-86.0
1777890761.7393324,0.0,0.0,-78.0
1777890761.7493324,-1.0,0.0,-76.0
1777890761.7593324,-1.0,1.0,-75.0
1777890761.7693324,-3.0,1.0,-73.0
1777890761.7793324,-1.0,0.0,-71.0
1777890761.7893324,-2.0,-4.0,-66.0
1777890761.7993324,-5.0,0.0,-65.0
1777890761.8093324,-8.0,4.0,-69.0
1777890761.8193324,-6.0,3.0,-72.0
1777890761.8293324,-2.0,1.0,-73.0
1777890761.8393323,-1.0,0.0,-75.0
1777890761.8493323,-3.0,-2.0,-73.0
1777890761.8593323,0.0,0.0,-71.0
1777890761.8693323,1.0,-3.0,-75.0
1777890761.8793323,0.0,-4.0,-75.0
1777890761.8893323,-2.0,-5.0,-80.0
1777890761.8993323,-2.0,-3.0,-81.0
1777890761.9093325,0.0,0.0,-80.0
1777890761.9193325,5.0,-2.0,-71.0
1777890761.9293325,8.0,-1.0,-75.0
1777890761.9393325,8.0,-1.0,-81.0
1777890761.9493325,9.0,-4.0,-87.0
1777890761.9593325,5.0,0.0,-82.0
1777890761.9693325,3.0,-3.0,-83.0
1777890761.9793324,2.0,0.0,-80.0
1777890761.9893324,1.0,1.0,-80.0
1777890761.9993324,0.0,0.0,-81.0
1777890762.0093324,-1.0,0.0,-82.0
1777890762.0193324,-3.0,0.0,-80.0
1777890762.0293324,-4.0,-3.0,-77.0
1777890762.0393324,-2.0,-4.0,-72.0
1777890762.0493324,0.0,-10.0,-67.0
1777890762.0593324,3.0,-10.0,-69.0
1777890762.0693324,5.0,-8.0,-67.0
1777890762.0793324,5.0,-9.0,-70.0
1777890762.0893323,6.0,-9.0,-74.0
1777890762.0993323,2.0,0.0,-75.0
1777890762.1093323,2.0,-2.0,-74.0
1777890762.1193323,0.0,-2.0,-75.0
1777890762.1293323,-1.0,-2.0,-77.0
1777890762.1393323,1.0,-2.0,-76.0
1777890762.1493323,5.0,0.0,-75.0
1777890762.1593325,-1.0,-1.0,-79.0
1777890762.1693325,0.0,-9.0,-82.0
1777890762.1793325,3.0,-9.0,-78.0
1777890762.1893325,0.0,-8.0,-71.0
1777890762.1993325,0.0,-6.0,-72.0
1777890762.2093325,0.0,-8.0,-71.0
1777890762.2193325,0.0,-6.0,-74.0
1777890762.2293324,-2.0,-3.0,-78.0
1777890762.2393324,-2.0,-7.0,-76.0
1777890762.2493324,-6.0,-8.0,-76.0
1777890762.2593324,-6.0,-4.0,-72.0
1777890762.2693324,-2.0,-4.0,-71.0
1777890762.2803323,3.0,-2.0,-77.0
1777890762.2903323,8.0,-3.0,-79.0
1777890762.2993324,4.0,-1.0,-80.0
1777890762.3103323,6.0,0.0,-74.0
1777890762.3203323,6.0,0.0,-68.0
1777890762.3303325,9.0,-2.0,-72.0
1777890762.3403325,4.0,-3.0,-76.0
1777890762.3503325,8.0,0.0,-74.0
1777890762.3603325,8.0,0.0,-70.0
1777890762.3703325,9.0,-1.0,-69.0
1777890762.3803325,6.0,-3.0,-74.0
1777890762.3903325,2.0,-4.0,-68.0
1777890762.4003325,3.0,-5.0,-70.0
1777890762.4103324,0.0,-4.0,-76.0
1777890762.4203324,-3.0,0.0,-81.0
1777890762.4303324,-3.0,0.0,-87.0
1777890762.4403324,2.0,5.0,-86.0
1777890762.4503324,0.0,2.0,-79.0
1777890762.4603324,-3.0,0.0,-78.0
1777890762.4703324,-4.0,1.0,-73.0
1777890762.4803324,-2.0,0.0,-74.0
1777890762.4903324,-2.0,0.0,-70.0
1777890762.5003324,-5.0,-2.0,-72.0
1777890762.5103323,-7.0,0.0,-74.0
1777890762.5203323,-5.0,-3.0,-78.0
1777890762.5303323,-6.0,-3.0,-74.0
1777890762.5403323,-7.0,-1.0,-74.0
1777890762.5503323,-5.0,1.0,-77.0
1777890762.5603323,-5.0,-1.0,-80.0
1777890762.5703323,-3.0,-3.0,-76.0
1777890762.5803325,2.0,-3.0,-75.0
1777890762.5903325,7.0,-2.0,-75.0
1777890762.6003325,1.0,-4.0,-71.0
1777890762.6103325,1.0,-4.0,-70.0
1777890762.6203325,3.0,-1.0,-71.0
1777890762.6303325,-1.0,-2.0,-75.0
1777890762.6403325,-2.0,-3.0,-77.0
1777890762.6503325,-1.0,-2.0,-69.0
1777890762.6603324,2.0,-1.0,-71.0
1777890762.6703324,3.0,-1.0,-71.0
1777890762.6803324,4.0,0.0,-69.0
1777890762.6903324,0.0,1.0,-75.0
1777890762.7003324,0.0,2.0,-82.0
1777890762.7103324,3.0,4.0,-81.0
1777890762.7203324,8.0,2.0,-78.0
1777890762.7303324,8.0,3.0,-75.0
1777890762.7403324,4.0,0.0,-69.0
1777890762.7503324,2.0,0.0,-69.0
1777890762.7603323,2.0,0.0,-72.0
1777890762.7703323,0.0,0.0,-73.0
1777890762.7803323,3.0,-4.0,-71.0
1777890762.7903323,3.0,-2.0,-69.0
1777890762.8003323,3.0,0.0,-69.0
1777890762.8103323,3.0,-4.0,-65.0
1777890762.8203323,-2.0,-4.0,-64.0
1777890762.8303325,0.0,-7.0,-66.0
1777890762.8403325,-1.0,-5.0,-72.0
1777890762.8503325,0.0,-4.0,-83.0
1777890762.8603325,-2.0,-2.0,-90.0
1777890762.8703325,0.0,1.0,-85.0
1777890762.8803325,3.0,1.0,-80.0
1777890762.8903325,4.0,0.0,-82.0
1777890762.9003325,2.0,0.0,-77.0
1777890762.9103324,2.0,1.0,-77.0
1777890762.9203324,1.0,-2.0,-79.0
1777890762.9303324,-2.0,-1.0,-79.0
1777890762.9403324,0.0,0.0,-78.0
1777890762.9503324,2.0,-2.0,-79.0
1777890762.9603324,4.0,-5.0,-76.0
1777890762.9703324,4.0,-1.0,-80.0
1777890762.9803324,4.0,-6.0,-77.0
1777890762.9903324,4.0,-4.0,-69.0
1777890763.0003324,5.0,-3.0,-67.0
1777890763.0103323,6.0,-2.0,-66.0
1777890763.0203323,3.0,0.0,-63.0
1777890763.0303323,0.0,-1.0,-65.0
1777890763.0403323,0.0,-4.0,-73.0
1777890763.0503323,2.0,-1.0,-69.0
1777890763.0603323,3.0,-4.0,-71.0
1777890763.0703323,1.0,-5.0,-74.0
1777890763.0803325,1.0,-3.0,-79.0
1777890763.0903325,1.0,0.0,-77.0
1777890763.1003325,1.0,0.0,-78.0
1777890763.1103325,5.0,1.0,-83.0
1777890763.1203325,0.0,1.0,-82.0
1777890763.1303325,-3.0,-1.0,-77.0
1777890763.1403325,-7.0,-5.0,-84.0
1777890763.1503325,-7.0,-2.0,-85.0
1777890763.1603324,-2.0,0.0,-83.0
1777890763.1703324,-1.0,0.0,-88.0
1777890763.1803324,-4.0,-1.0,-84.0
1777890763.1903324,-3.0,-2.0,-80.0
1777890763.2003324,-2.0,-1.0,-75.0
1777890763.2103324,0.0,-3.0,-75.0
1777890763.2203324,3.0,-7.0,-79.0
1777890763.2303324,4.0,-9.0,-76.0
1777890763.2403324,2.0,-9.0,-77.0
1777890763.2503324,3.0,-7.0,-83.0
1777890763.2603323,2.0,-4.0,-84.0
1777890763.2703323,2.0,-1.0,-87.0
1777890763.2803323,4.0,-1.0,-86.0
1777890763.2903323,3.0,-3.0,-82.0
1777890763.3003323,4.0,-5.0,-82.0
1777890763.3103323,0.0,-7.0,-83.0
1777890763.3203323,1.0,-5.0,-80.0
1777890763.3303325,4.0,-7.0,-77.0
1777890763.3403325,3.0,-7.0,-80.0
1777890763.3503325,7.0,-5.0,-80.0
1777890763.3603325,4.0,-3.0,-79.0
1777890763.3703325,1.0,-1.0,-81.0
1777890763.3803325,1.0,0.0,-86.0
1777890763.3903325,-1.0,2.0,-79.0
1777890763.4003325,-5.0,4.0,-81.0
1777890763.4103324,-3.0,1.0,-81.0
1777890763.4203324,-7.0,0.0,-75.0
1777890763.4303324,-4.0,-3.0,-76.0
1777890763.4403324,-4.0,0.0,-77.0
1777890763.4503324,-2.0,0.0,-75.0
1777890763.4603324,-2.0,-3.0,-80.0
1777890763.4703324,1.0,-4.0,-83.0
1777890763.4803324,0.0,-1.0,-85.0
1777890763.4903324,1.0,0.0,-80.0
1777890763.5003324,-2.0,0.0,-77.0
1777890763.5103323,0.0,0.0,-77.0
1777890763.5203323,-2.0,-1.0,-69.0
1777890763.5303323,-2.0,-5.0,-76.0
1777890763.5403323,-2.0,-6.0,-77.0
1777890763.5503323,-3.0,0.0,-74.0
1777890763.5603323,4.0,-1.0,-81.0
1777890763.5703323,6.0,-2.0,-75.0
1777890763.5803325,6.0,0.0,-77.0
1777890763.5903325,4.0,1.0,-79.0
1777890763.6003325,2.0,1.0,-76.0
1777890763.6103325,2.0,1.0,-74.0
1777890763.6203325,4.0,2.0,-79.0
1777890763.6303325,3.0,0.0,-80.0
1777890763.6403325,0.0,3.0,-83.0
1777890763.6503325,0.0,0.0,-78.0
1777890763.6603324,5.0,-1.0,-77.0
1777890763.6703324,5.0,0.0,-82.0
1777890763.6803324,7.0,2.0,-76.0
1777890763.6903324,2.0,0.0,-73.0
1777890763.7003324,6.0,0.0,-79.0
1777890763.7103324,12.0,3.0,-88.0
1777890763.7203324,14.0,2.0,-82.0
1777890763.7303324,10.0,1.0,-76.0
1777890763.7403324,10.0,0.0,-78.0
1777890763.7503324,9.0,3.0,-72.0
1777890763.7603323,14.0,3.0,-74.0
1777890763.7703323,14.0,0.0,-72.0
1777890763.7803323,9.0,3.0,-75.0
1777890763.7903323,5.0,2.0,-75.0
1777890763.8003323,0.0,0.0,-77.0
1777890763.8103323,-1.0,-4.0,-78.0
1777890763.8203323,1.0,-5.0,-78.0
1777890763.8303325,3.0,-4.0,-73.0
1777890763.8403325,3.0,4.0,-70.0
1777890763.8503325,5.0,4.0,-75.0
1777890763.8603325,1.0,3.0,-75.0
1777890763.8703325,-3.0,4.0,-77.0
1777890763.8803325,-2.0,6.0,-77.0
1777890763.8903325,0.0,0.0,-74.0
1777890763.9003325,-3.0,0.0,-74.0
1777890763.9103324,-2.0,5.0,-78.0
1777890763.9203324,0.0,8.0,-80.0
1777890763.9303324,0.0,10.0,-72.0
1777890763.9403324,1.0,6.0,-75.0
1777890763.9503324,-3.0,1.0,-82.0
1777890763.9603324,-3.0,3.0,-82.0
1777890763.9703324,1.0,-1.0,-87.0
1777890763.9803324,0.0,2.0,-88.0
1777890763.9903324,3.0,1.0,-84.0
1777890764.0003324,3.0,5.0,-80.0
1777890764.0103323,1.0,10.0,-82.0
1777890764.0203323,-5.0,7.0,-86.0
1777890764.0303323,-5.0,0.0,-88.0
1777890764.0403323,-1.0,0.0,-80.0
1777890764.0503323,-2.0,1.0,-73.0
1777890764.0603323,-3.0,4.0,-71.0
1777890764.0703323,-5.0,1.0,-67.0
1777890764.0803325,-5.0,0.0,-68.0
1777890764.0903325,-3.0,0.0,-68.0
1777890764.1003325,2.0,3.0,-68.0
1777890764.1103325,2.0,5.0,-65.0
1777890764.1203325,0.0,5.0,-65.0
1777890764.1303325,-1.0,2.0,-70.0
1777890764.1403325,-2.0,3.0,-80.0
1777890764.1503325,-2.0,1.0,-75.0
1777890764.1603324,-2.0,-1.0,-78.0
1777890764.1703324,-1.0,-5.0,-73.0
1777890764.1803324,0.0,-3.0,-77.0
1777890764.1903324,2.0,0.0,-71.0
1777890764.2003324,1.0,-1.0,-74.0
1777890764.2103324,0.0,-2.0,-66.0
1777890764.2203324,-6.0,-1.0,-64.0
1777890764.2303324,-10.0,-3.0,-64.0
1777890764.2403324,-6.0,-1.0,-71.0
1777890764.2503324,-2.0,1.0,-69.0
1777890764.2613325,4.0,3.0,-64.0
1777890764.2713325,4.0,3.0,-62.0
1777890764.2813325,6.0,3.0,-59.0
1777890764.2913325,4.0,3.0,-66.0
1777890764.3013325,0.0,6.0,-68.0
1777890764.3113325,4.0,7.0,-69.0
1777890764.3213325,6.0,5.0,-68.0
1777890764.3313324,7.0,5.0,-69.0
1777890764.3413324,6.0,6.0,-69.0
1777890764.3513324,5.0,3.0,-76.0
1777890764.3613324,3.0,4.0,-74.0
1777890764.3713324,9.0,4.0,-73.0
1777890764.3813324,8.0,2.0,-68.0
1777890764.3913324,7.0,3.0,-68.0
1777890764.4013324,3.0,1.0,-70.0
1777890764.4113324,4.0,0.0,-71.0
1777890764.4213324,2.0,2.0,-76.0
1777890764.4313323,3.0,0.0,-76.0
1777890764.4413323,2.0,-3.0,-85.0
1777890764.4513323,-2.0,0.0,-75.0
1777890764.4613323,-6.0,0.0,-74.0
1777890764.4713323,-2.0,0.0,-80.0
1777890764.4813323,-3.0,-3.0,-84.0
1777890764.4913323,1.0,-3.0,-78.0
1777890764.5013323,0.0,0.0,-73.0
1777890764.5113325,0.0,0.0,-78.0
1777890764.5213325,0.0,0.0,-77.0
1777890764.5313325,-2.0,-3.0,-75.0
1777890764.5413325,1.0,-4.0,-71.0
1777890764.5513325,1.0,-1.0,-66.0
1777890764.5613325,3.0,-2.0,-64.0
1777890764.5713325,2.0,-3.0,-71.0
1777890764.5813324,1.0,-1.0,-72.0
1777890764.5913324,-1.0,-1.0,-74.0
1777890764.6013324,-2.0,0.0,-76.0
1777890764.6113324,0.0,1.0,-81.0
1777890764.6213324,0.0,-3.0,-80.0
1777890764.6313324,3.0,0.0,-76.0
1777890764.6413324,-1.0,-3.0,-71.0
1777890764.6513324,-5.0,-5.0,-74.0
1777890764.6613324,-3.0,-3.0,-73.0
1777890764.6713324,0.0,0.0,-72.0
1777890764.6813323,-1.0,2.0,-74.0
1777890764.6913323,2.0,1.0,-72.0
1777890764.7013323,1.0,1.0,-72.0
1777890764.7113323,1.0,0.0,-72.0
1777890764.7213323,3.0,0.0,-79.0
1777890764.7313323,2.0,-2.0,-84.0
1777890764.7413323,1.0,-2.0,-73.0
1777890764.7513323,0.0,-3.0,-72.0
1777890764.7613325,-3.0,-4.0,-72.0
1777890764.7713325,-6.0,-3.0,-76.0
1777890764.7813325,-7.0,-3.0,-71.0
1777890764.7913325,-2.0,-8.0,-68.0
1777890764.8013325,0.0,-7.0,-62.0
1777890764.8113325,-1.0,-6.0,-61.0
1777890764.8213325,-2.0,-4.0,-64.0
1777890764.8313324,-2.0,-1.0,-62.0
1777890764.8413324,-2.0,4.0,-65.0
1777890764.8513324,-3.0,4.0,-54.0
1777890764.8613324,-1.0,4.0,-58.0
1777890764.8713324,-2.0,2.0,-58.0
1777890764.8813324,-2.0,5.0,-54.0
1777890764.8913324,-2.0,2.0,-63.0
1777890764.9013324,-5.0,0.0,-74.0
1777890764.9113324,-3.0,-1.0,-74.0
1777890764.9213324,0.0,0.0,-80.0
1777890764.9313323,2.0,3.0,-83.0
1777890764.9413323,0.0,2.0,-77.0
1777890764.9513323,-2.0,0.0,-77.0
1777890764.9613323,0.0,-5.0,-76.0
1777890764.9713323,2.0,-3.0,-83.0
1777890764.9813323,6.0,-4.0,-86.0
1777890764.9913323,2.0,-6.0,-85.0
1777890765.0013323,1.0,-6.0,-85.0
1777890765.0113325,-1.0,-5.0,-88.0
1777890765.0213325,-1.0,-5.0,-85.0
1777890765.0313325,-1.0,-3.0,-81.0
1777890765.0413325,-2.0,-9.0,-73.0
1777890765.0513325,0.0,-7.0,-72.0
1777890765.0613325,0.0,-4.0,-78.0
1777890765.0713325,4.0,-1.0,-71.0
1777890765.0813324,0.0,-6.0,-69.0
1777890765.0913324,3.0,-2.0,-76.0
1777890765.1013324,1.0,-4.0,-77.0
1777890765.1113324,0.0,-6.0,-81.0
1777890765.1213324,5.0,-3.0,-85.0
1777890765.1313324,3.0,-2.0,-84.0
1777890765.1413324,3.0,-1.0,-82.0
1777890765.1513324,4.0,0.0,-81.0
1777890765.1613324,3.0,-1.0,-77.0
1777890765.1713324,-1.0,0.0,-75.0
1777890765.1813323,-1.0,0.0,-77.0
1777890765.1913323,0.0,-3.0,-77.0
1777890765.2013323,-1.0,0.0,-70.0
1777890765.2113323,0.0,0.0,-76.0
1777890765.2213323,3.0,4.0,-82.0
1777890765.2313323,2.0,3.0,-75.0
1777890765.2413323,3.0,2.0,-72.0
1777890765.2513323,4.0,4.0,-75.0
1777890765.2613325,5.0,5.0,-78.0
1777890765.2713325,7.0,2.0,-77.0
1777890765.2813325,6.0,0.0,-77.0
1777890765.2913325,3.0,0.0,-77.0
1777890765.3013325,4.0,-4.0,-80.0
1777890765.3113325,4.0,0.0,-73.0
1777890765.3213325,0.0,-2.0,-73.0
1777890765.3313324,0.0,1.0,-73.0
1777890765.3413324,-1.0,2.0,-74.0
1777890765.3513324,0.0,0.0,-80.0
1777890765.3613324,0.0,-4.0,-75.0
1777890765.3713324,0.0,-8.0,-73.0
1777890765.3813324,0.0,-6.0,-74.0
1777890765.3913324,-2.0,-2.0,-77.0
1777890765.4013324,-1.0,0.0,-76.0
1777890765.4113324,-1.0,0.0,-77.0
1777890765.4213324,2.0,2.0,-78.0
1777890765.4313323,-3.0,0.0,-73.0
1777890765.4413323,-1.0,0.0,-69.0
1777890765.4513323,3.0,-2.0,-70.0
1777890765.4613323,4.0,-1.0,-76.0
1777890765.4713323,1.0,0.0,-74.0
1777890765.4813323,-1.0,-1.0,-77.0
1777890765.4913323,-5.0,0.0,-79.0
1777890765.5013323,-1.0,-2.0,-85.0
1777890765.5113325,-1.0,-2.0,-82.0
1777890765.5213325,0.0,-5.0,-78.0
1777890765.5313325,0.0,-6.0,-74.0
1777890765.5413325,-2.0,-6.0,-69.0
1777890765.5513325,-5.0,-8.0,-67.0
1777890765.5613325,-4.0,-4.0,-69.0
1777890765.5713325,-6.0,2.0,-74.0
1777890765.5813324,-5.0,2.0,-72.0
1777890765.5913324,0.0,1.0,-68.0
1777890765.6013324,-4.0,2.0,-68.0
1777890765.6113324,-3.0,2.0,-69.0
1777890765.6213324,0.0,-3.0,-71.0
1777890765.6313324,-1.0,-2.0,-75.0
1777890765.6413324,-1.0,0.0,-73.0
1777890765.6513324,0.0,-2.0,-73.0
1777890765.6613324,-2.0,-4.0,-66.0
1777890765.6713324,-5.0,-3.0,-71.0
1777890765.6813323,-6.0,-5.0,-78.0
1777890765.6913323,-7.0,0.0,-79.0
1777890765.7013323,-5.0,1.0,-80.0
1777890765.7113323,-8.0,0.0,-84.0
1777890765.7213323,-6.0,0.0,-81.0
1777890765.7313323,-7.0,1.0,-87.0
1777890765.7413323,-6.0,0.0,-83.0
1777890765.7513323,-3.0,0.0,-82.0
1777890765.7613325,0.0,-4.0,-79.0
1777890765.7713325,-4.0,-5.0,-75.0
1777890765.7813325,-3.0,-4.0,-73.0
1777890765.7913325,0.0,-2.0,-72.0
1777890765.8013325,-1.0,-4.0,-71.0
1777890765.8113325,-3.0,-9.0,-70.0
1777890765.8213325,-5.0,-10.0,-68.0
1777890765.8313324,-3.0,-10.0,-67.0
1777890765.8413324,-3.0,-7.0,-73.0
1777890765.8513324,0.0,0.0,-69.0
1777890765.8613324,0.0,-2.0,-70.0
1777890765.8713324,0.0,-1.0,-66.0
1777890765.8813324,2.0,-3.0,-66.0
1777890765.8913324,3.0,-4.0,-65.0
1777890765.9013324,2.0,0.0,-65.0
1777890765.9113324,2.0,5.0,-68.0
1777890765.9213324,-3.0,6.0,-70.0
1777890765.9313323,0.0,6.0,-65.0
1777890765.9413323,-1.0,4.0,-68.0
1777890765.9513323,-3.0,2.0,-72.0
1777890765.9613323,-2.0,2.0,-70.0
1777890765.9713323,0.0,4.0,-71.0
1777890765.9813323,-1.0,5.0,-67.0
1777890765.9913323,-3.0,7.0,-61.0
1777890766.0013323,-1.0,9.0,-61.0
1777890766.0113325,-2.0,7.0,-59.0
1777890766.0213325,1.0,9.0,-65.0
1777890766.0313325,-2.0,8.0,-68.0
1777890766.0413325,-1.0,1.0,-64.0
1777890766.0513325,1.0,5.0,-68.0
1777890766.0613325,-3.0,3.0,-73.0
1777890766.0713325,-3.0,2.0,-68.0
1777890766.0813324,-2.0,6.0,-74.0
1777890766.0913324,-1.0,6.0,-73.0
1777890766.1013324,0.0,5.0,-72.0
1777890766.1113324,-2.0,6.0,-63.0
1777890766.1213324,3.0,5.0,-57.0
1777890766.1313324,2.0,2.0,-59.0
1777890766.1413324,4.0,2.0,-66.0
1777890766.1513324,1.0,0.0,-69.0
1777890766.1613324,0.0,1.0,-75.0
1777890766.1713324,1.0,0.0,-78.0
1777890766.1813323,2.0,0.0,-79.0
1777890766.1913323,0.0,2.0,-74.0
1777890766.2013323,1.0,-2.0,-73.0
1777890766.2113323,0.0,0.0,-76.0
1777890766.2213323,0.0,0.0,-75.0
1777890766.2313323,-2.0,0.0,-78.0
1777890766.2413323,0.0,-2.0,-78.0
1777890766.2513323,0.0,-3.0,-79.0
1777890766.2623324,4.0,-3.0,-82.0
1777890766.2723324,6.0,-5.0,-81.0
1777890766.2823324,7.0,-2.0,-80.0
1777890766.2923324,6.0,-6.0,-79.0
1777890766.3023324,6.0,-7.0,-72.0
1777890766.3123324,2.0,-4.0,-71.0
1777890766.3223324,-2.0,0.0,-74.0
1777890766.3323324,-5.0,-3.0,-75.0
1777890766.3423324,-4.0,-5.0,-87.0
1777890766.3523324,0.0,-8.0,-84.0
1777890766.3623323,1.0,-6.0,-83.0
1777890766.3723323,-2.0,-4.0,-80.0
1777890766.3823323,-1.0,0.0,-77.0
1777890766.3923323,0.0,0.0,-65.0
1777890766.4023323,4.0,1.0,-67.0
1777890766.4123323,2.0,2.0,-77.0
1777890766.4223323,-2.0,0.0,-74.0
1777890766.4323325,-1.0,-1.0,-66.0
1777890766.4423325,0.0,-5.0,-66.0
1777890766.4523325,0.0,-6.0,-72.0
1777890766.4623325,0.0,-5.0,-68.0
1777890766.4723325,3.0,-7.0,-67.0
1777890766.4823325,8.0,-5.0,-71.0
1777890766.4923325,7.0,-7.0,-74.0
1777890766.5023324,1.0,-3.0,-80.0
1777890766.5123324,-4.0,-1.0,-79.0
1777890766.5223324,-3.0,0.0,-78.0
1777890766.5323324,-4.0,-3.0,-82.0
1777890766.5423324,-2.0,-4.0,-83.0
1777890766.5523324,-4.0,-5.0,-82.0
1777890766.5623324,-2.0,-5.0,-75.0
1777890766.5723324,-1.0,-6.0,-77.0
1777890766.5823324,0.0,-11.0,-81.0
1777890766.5923324,3.0,-12.0,-84.0
1777890766.6023324,4.0,-7.0,-82.0
1777890766.6123323,6.0,-6.0,-83.0
1777890766.6223323,5.0,-9.0,-78.0
1777890766.6323323,3.0,-6.0,-71.0
1777890766.6423323,1.0,-3.0,-71.0
1777890766.6523323,-3.0,-1.0,-68.0
1777890766.6623323,-2.0,-2.0,-70.0
1777890766.6723323,-2.0,-1.0,-68.0
1777890766.6823325,-4.0,0.0,-72.0
1777890766.6923325,-5.0,-3.0,-74.0
1777890766.7023325,2.0,0.0,-84.0
1777890766.7123325,2.0,0.0,-84.0
1777890766.7223325,3.0,1.0,-85.0
1777890766.7323325,2.0,0.0,-88.0
1777890766.7423325,0.0,0.0,-80.0
1777890766.7523324,-3.0,0.0,-75.0
1777890766.7623324,-2.0,-2.0,-69.0
1777890766.7723324,-1.0,-4.0,-66.0
1777890766.7823324,0.0,-4.0,-72.0
1777890766.7923324,0.0,-3.0,-73.0
1777890766.8023324,6.0,-1.0,-71.0
1777890766.8123324,2.0,0.0,-70.0
1777890766.8223324,-4.0,2.0,-67.0
1777890766.8323324,-2.0,-2.0,-66.0
1777890766.8423324,-3.0,-4.0,-71.0
1777890766.8523324,-2.0,-4.0,-74.0
1777890766.8623323,-5.0,-2.0,-80.0
1777890766.8723323,0.0,0.0,-80.0
1777890766.8823323,2.0,-1.0,-74.0
1777890766.8923323,4.0,-5.0,-74.0
1777890766.9023323,2.0,-6.0,-78.0
1777890766.9123323,0.0,-4.0,-82.0
1777890766.9223323,2.0,0.0,-83.0
1777890766.9323325,2.0,0.0,-82.0
1777890766.9423325,4.0,1.0,-85.0
1777890766.9523325,3.0,-2.0,-80.0
1777890766.9623325,0.0,0.0,-85.0
1777890766.9723325,2.0,2.0,-87.0
1777890766.9823325,4.0,7.0,-81.0
1777890766.9923325,5.0,9.0,-73.0
1777890767.0023324,-1.0,3.0,-68.0
1777890767.0123324,0.0,3.0,-69.0
1777890767.0223324,0.0,2.0,-65.0
1777890767.0323324,-1.0,7.0,-68.0
1777890767.0423324,2.0,6.0,-72.0
1777890767.0523324,5.0,7.0,-69.0
1777890767.0623324,2.0,10.0,-70.0
1777890767.0723324,0.0,7.0,-76.0
1777890767.0823324,0.0,8.0,-82.0
1777890767.0923324,-2.0,6.0,-87.0
1777890767.1023324,-3.0,2.0,-78.0
1777890767.1123323,-5.0,3.0,-69.0
1777890767.1223323,-8.0,2.0,-68.0
1777890767.1323323,-6.0,5.0,-69.0
1777890767.1423323,-6.0,4.0,-70.0
1777890767.1523323,-6.0,2.0,-69.0
1777890767.1623323,-5.0,1.0,-63.0
1777890767.1723323,-1.0,0.0,-65.0
1777890767.1823325,-1.0,-3.0,-65.0
1777890767.1923325,2.0,0.0,-71.0
1777890767.2023325,8.0,2.0,-73.0
1777890767.2123325,10.0,6.0,-62.0
1777890767.2223325,5.0,3.0,-67.0
1777890767.2323325,1.0,4.0,-75.0
1777890767.2423325,0.0,4.0,-75.0
1777890767.2523324,-1.0,-1.0,-68.0
1777890767.2623324,-2.0,0.0,-66.0
1777890767.2723324,-2.0,-2.0,-73.0
1777890767.2823324,-3.0,-3.0,-79.0
1777890767.2923324,-4.0,-3.0,-76.0
1777890767.3023324,-1.0,-5.0,-74.0
1777890767.3123324,-2.0,-9.0,-72.0
1777890767.3223324,-3.0,-10.0,-72.0
1777890767.3323324,-9.0,-6.0,-71.0
1777890767.3423324,-5.0,-7.0,-76.0
1777890767.3523324,-2.0,-9.0,-71.0
1777890767.3623323,-6.0,-10.0,-68.0
1777890767.3723323,-7.0,-5.0,-72.0
1777890767.3823323,-8.0,-4.0,-73.0
1777890767.3923323,-8.0,1.0,-73.0
1777890767.4023323,-6.0,2.0,-73.0
1777890767.4123323,-6.0,3.0,-70.0
1777890767.4223323,-7.0,3.0,-76.0
1777890767.4323325,-6.0,5.0,-76.0
1777890767.4423325,-2.0,0.0,-77.0
1777890767.4523325,-2.0,-4.0,-72.0
1777890767.4623325,0.0,-4.0,-73.0
1777890767.4723325,0.0,-3.0,-76.0
1777890767.4823325,0.0,-1.0,-82.0
1777890767.4923325,0.0,-6.0,-81.0
1777890767.5023324,-6.0,-5.0,-82.0
1777890767.5123324,-6.0,-5.0,-79.0
1777890767.5223324,0.0,-2.0,-77.0
1777890767.5323324,1.0,0.0,-79.0
1777890767.5423324,4.0,0.0,-75.0
1777890767.5523324,3.0,-2.0,-73.0
1777890767.5623324,6.0,-3.0,-79.0
1777890767.5723324,6.0,-6.0,-76.0
1777890767.5823324,5.0,-5.0,-70.0
1777890767.5923324,3.0,-2.0,-70.0
1777890767.6023324,6.0,-5.0,-73.0
1777890767.6123323,0.0,-9.0,-76.0
1777890767.6223323,0.0,-10.0,-72.0
1777890767.6323323,-2.0,-8.0,-76.0
1777890767.6423323,0.0,-6.0,-79.0
1777890767.6523323,-2.0,-7.0,-77.0
1777890767.6623323,-2.0,-1.0,-77.0
1777890767.6723323,-1.0,0.0,-76.0
1777890767.6823325,0.0,1.0,-77.0
1777890767.6923325,2.0,1.0,-77.0
1777890767.7023325,11.0,0.0,-76.0
1777890767.7123325,12.0,-1.0,-78.0
1777890767.7223325,9.0,0.0,-74.0
1777890767.7323325,7.0,4.0,-71.0
1777890767.7423325,5.0,4.0,-65.0
1777890767.7523324,6.0,5.0,-64.0
1777890767.7623324,7.0,0.0,-63.0
1777890767.7723324,7.0,-1.0,-60.0
1777890767.7823324,2.0,0.0,-60.0
1777890767.7923324,2.0,1.0,-63.0
1777890767.8023324,0.0,1.0,-68.0
1777890767.8123324,-3.0,4.0,-73.0
1777890767.8223324,-1.0,4.0,-72.0
1777890767.8323324,0.0,9.0,-75.0
1777890767.8423324,3.0,5.0,-72.0
1777890767.8523324,5.0,4.0,-73.0
1777890767.8623323,3.0,0.0,-71.0
1777890767.8723323,4.0,0.0,-72.0
1777890767.8823323,5.0,0.0,-69.0
1777890767.8923323,5.0,-2.0,-71.0
1777890767.9023323,8.0,-2.0,-69.0
1777890767.9123323,7.0,-3.0,-67.0
1777890767.9223323,6.0,-1.0,-66.0
1777890767.9323325,1.0,-4.0,-69.0
1777890767.9423325,-1.0,0.0,-74.0
1777890767.9523325,-3.0,-2.0,-72.0
1777890767.9623325,-5.0,0.0,-72.0
1777890767.9723325,-1.0,-1.0,-71.0
1777890767.9823325,-1.0,0.0,-75.0
1777890767.9923325,5.0,1.0,-79.0
1777890768.0023324,10.0,2.0,-79.0
1777890768.0123324,8.0,2.0,-75.0
1777890768.0223324,9.0,1.0,-73.0
1777890768.0323324,12.0,2.0,-66.0
1777890768.0423324,12.0,0.0,-71.0
1777890768.0523324,10.0,-2.0,-67.0
1777890768.0623324,7.0,0.0,-63.0
1777890768.0723324,7.0,-1.0,-71.0
1777890768.0823324,5.0,-3.0,-76.0
1777890768.0923324,2.0,-6.0,-79.0
1777890768.1023324,5.0,-2.0,-81.0
1777890768.1123323,10.0,-3.0,-80.0
1777890768.1223323,13.0,-4.0,-76.0
1777890768.1323323,15.0,-6.0,-70.0
1777890768.1423323,14.0,0.0,-69.0
1777890768.1523323,9.0,1.0,-72.0
1777890768.1623323,4.0,1.0,-72.0
1777890768.1723323,3.0,0.0,-77.0
1777890768.1823325,3.0,0.0,-75.0
1777890768.1923325,3.0,3.0,-68.0
1777890768.2023325,4.0,4.0,-69.0
1777890768.2123325,5.0,-3.0,-70.0
1777890768.2223325,0.0,-1.0,-67.0
1777890768.2323325,-2.0,-3.0,-65.0
1777890768.2433324,-2.0,-4.0,-70.0
1777890768.2533324,-1.0,-6.0,-72.0
1777890768.2633324,-1.0,-6.0,-79.0
1777890768.2733324,-4.0,-5.0,-77.0
1777890768.2833323,-1.0,-6.0,-77.0
1777890768.2933323,-2.0,-4.0,-81.0
1777890768.3033323,-3.0,0.0,-76.0
1777890768.3133323,-1.0,3.0,-77.0
1777890768.3233323,-2.0,6.0,-76.0
1777890768.3333323,-4.0,6.0,-83.0
1777890768.3433323,-4.0,0.0,-83.0
1777890768.3533323,-2.0,1.0,-80.0
1777890768.3633325,1.0,0.0,-81.0
1777890768.3733325,4.0,0.0,-77.0
1777890768.3833325,3.0,1.0,-77.0
1777890768.3933325,1.0,-2.0,-82.0
1777890768.4033325,-2.0,-2.0,-78.0
1777890768.4133325,-1.0,-5.0,-76.0
1777890768.4233325,-1.0,-7.0,-72.0
1777890768.4333324,-6.0,-3.0,-65.0
1777890768.4433324,-7.0,-1.0,-67.0
1777890768.4533324,-12.0,-1.0,-72.0
1777890768.4633324,-13.0,-2.0,-70.0
1777890768.4733324,-11.0,-3.0,-80.0
1777890768.4833324,-13.0,-6.0,-75.0
1777890768.4933324,-14.0,-10.0,-78.0
1777890768.5033324,-10.0,-6.0,-76.0
1777890768.5133324,-6.0,-6.0,-75.0
1777890768.5233324,-5.0,-5.0,-76.0
1777890768.5333323,-2.0,-3.0,-76.0
1777890768.5433323,-3.0,-5.0,-75.0
1777890768.5533323,0.0,-3.0,-73.0
1777890768.5633323,0.0,-3.0,-73.0
1777890768.5733323,1.0,0.0,-77.0
1777890768.5833323,5.0,0.0,-81.0
1777890768.5933323,4.0,4.0,-83.0
1777890768.6033323,3.0,4.0,-81.0
1777890768.6133325,3.0,0.0,-79.0
1777890768.6233325,3.0,-5.0,-78.0
1777890768.6333325,5.0,-8.0,-80.0
1777890768.6433325,3.0,-5.0,-78.0
1777890768.6533325,-3.0,-7.0,-75.0
1777890768.6633325,-7.0,-9.0,-71.0
1777890768.6733325,-7.0,-3.0,-72.0
1777890768.6833324,-9.0,-2.0,-75.0
1777890768.6933324,-5.0,0.0,-70.0
1777890768.7033324,-4.0,0.0,-65.0
1777890768.7133324,-6.0,-1.0,-72.0
1777890768.7233324,-6.0,4.0,-69.0
1777890768.7333324,-7.0,1.0,-73.0
1777890768.7433324,-4.0,0.0,-78.0
1777890768.7533324,-5.0,-5.0,-71.0
1777890768.7633324,-3.0,-4.0,-70.0
1777890768.7733324,-3.0,-5.0,-74.0
1777890768.7833323,-4.0,-9.0,-75.0
1777890768.7933323,-1.0,-7.0,-72.0
1777890768.8033323,-5.0,-6.0,-67.0
1777890768.8133323,-2.0,-2.0,-67.0
1777890768.8233323,-3.0,0.0,-65.0
1777890768.8333323,-6.0,-5.0,-69.0
1777890768.8433323,-4.0,-7.0,-68.0
1777890768.8533323,-1.0,-6.0,-67.0
1777890768.8633325,-4.0,-5.0,-65.0
1777890768.8733325,-1.0,-5.0,-73.0
1777890768.8833325,1.0,-9.0,-71.0
1777890768.8933325,2.0,-7.0,-67.0
1777890768.9033325,5.0,-5.0,-64.0
1777890768.9133325,9.0,-2.0,-69.0
1777890768.9233325,5.0,0.0,-62.0
1777890768.9333324,3.0,-2.0,-61.0
1777890768.9433324,4.0,-1.0,-67.0
1777890768.9533324,0.0,0.0,-75.0
1777890768.9633324,-2.0,2.0,-81.0
1777890768.9733324,1.0,5.0,-80.0
1777890768.9833324,4.0,6.0,-73.0
1777890768.9933324,2.0,5.0,-70.0
1777890769.0033324,0.0,4.0,-71.0
1777890769.0133324,3.0,3.0,-68.0
1777890769.0233324,5.0,2.0,-71.0
1777890769.0333323,9.0,3.0,-71.0
1777890769.0433323,6.0,4.0,-71.0
1777890769.0533323,7.0,4.0,-70.0
1777890769.0633323,7.0,1.0,-69.0
1777890769.0733323,6.0,0.0,-75.0
1777890769.0833323,6.0,-3.0,-66.0
1777890769.0933323,3.0,-4.0,-67.0
1777890769.1033323,1.0,-6.0,-69.0
1777890769.1133325,1.0,-1.0,-69.0
1777890769.1233325,1.0,-3.0,-71.0
1777890769.1333325,1.0,0.0,-75.0
1777890769.1433325,0.0,-2.0,-76.0
1777890769.1533325,0.0,-5.0,-76.0
1777890769.1633325,-1.0,0.0,-75.0
1777890769.1733325,0.0,-1.0,-79.0
1777890769.1833324,6.0,2.0,-83.0
1777890769.1933324,5.0,3.0,-77.0
1777890769.2033324,6.0,5.0,-81.0
1777890769.2133324,2.0,2.0,-73.0
1777890769.2233324,3.0,3.0,-65.0
1777890769.2333324,2.0,4.0,-75.0
1777890769.2433324,4.0,6.0,-72.0
1777890769.2533324,1.0,0.0,-70.0
1777890769.2633324,-3.0,-2.0,-69.0
1777890769.2733324,-6.0,-2.0,-74.0
1777890769.2833323,-4.0,-1.0,-71.0
1777890769.2933323,-4.0,4.0,-70.0
1777890769.3033323,-4.0,3.0,-75.0
1777890769.3133323,-2.0,-2.0,-68.0
1777890769.3233323,5.0,-2.0,-71.0
1777890769.3333323,1.0,-3.0,-72.0
1777890769.3433323,0.0,-2.0,-73.0
1777890769.3533323,-5.0,-1.0,-73.0
1777890769.3633325,-3.0,1.0,-70.0
1777890769.3733325,0.0,0.0,-69.0
1777890769.3833325,3.0,0.0,-73.0
1777890769.3933325,2.0,0.0,-63.0
1777890769.4033325,0.0,1.0,-66.0
1777890769.4133325,-1.0,0.0,-71.0
1777890769.4233325,3.0,-2.0,-73.0
1777890769.4333324,8.0,-3.0,-78.0
1777890769.4433324,7.0,-4.0,-74.0
1777890769.4533324,8.0,1.0,-70.0
1777890769.4633324,4.0,5.0,-69.0
1777890769.4733324,5.0,3.0,-73.0
1777890769.4833324,1.0,3.0,-74.0
1777890769.4933324,0.0,0.0,-75.0
1777890769.5033324,1.0,-3.0,-73.0
1777890769.5133324,-1.0,-5.0,-73.0
1777890769.5233324,1.0,-5.0,-73.0
1777890769.5333323,4.0,-10.0,-75.0
1777890769.5433323,2.0,-7.0,-78.0
1777890769.5533323,3.0,-4.0,-74.0
1777890769.5633323,0.0,0.0,-75.0
1777890769.5733323,-3.0,1.0,-72.0
1777890769.5833323,-5.0,4.0,-73.0
1777890769.5933323,0.0,3.0,-73.0
1777890769.6033323,1.0,4.0,-74.0
1777890769.6133325,0.0,0.0,-82.0
1777890769.6233325,0.0,0.0,-84.0
1777890769.6333325,0.0,2.0,-84.0
1777890769.6433325,-4.0,0.0,-92.0
1777890769.6533325,1.0,-2.0,-90.0
1777890769.6633325,-4.0,-2.0,-89.0
1777890769.6733325,-6.0,2.0,-86.0
1777890769.6833324,-11.0,2.0,-85.0
1777890769.6933324,-7.0,0.0,-81.0
1777890769.7033324,-2.0,0.0,-76.0
1777890769.7133324,1.0,-1.0,-65.0
1777890769.7233324,0.0,0.0,-65.0
1777890769.7333324,4.0,5.0,-58.0
1777890769.7433324,6.0,7.0,-59.0
1777890769.7533324,5.0,4.0,-71.0
1777890769.7633324,5.0,0.0,-75.0
1777890769.7733324,8.0,-1.0,-75.0
1777890769.7833323,2.0,2.0,-67.0
1777890769.7933323,0.0,5.0,-75.0
1777890769.8033323,-5.0,-1.0,-71.0
1777890769.8133323,-2.0,-2.0,-70.0
1777890769.8233323,2.0,-1.0,-75.0
1777890769.8333323,2.0,-6.0,-77.0
1777890769.8433323,0.0,-2.0,-73.0
1777890769.8533323,-1.0,-1.0,-73.0
1777890769.8633325,0.0,4.0,-76.0
1777890769.8733325,1.0,4.0,-70.0
1777890769.8833325,3.0,3.0,-71.0
1777890769.8933325,-1.0,0.0,-68.0
1777890769.9033325,-2.0,0.0,-74.0
1777890769.9133325,0.0,-2.0,-77.0
1777890769.9233325,0.0,-2.0,-70.0
1777890769.9333324,1.0,0.0,-61.0
1777890769.9433324,1.0,2.0,-61.0
1777890769.9533324,3.0,-1.0,-65.0
1777890769.9633324,2.0,-3.0,-72.0
1777890769.9733324,0.0,-6.0,-73.0
1777890769.9833324,2.0,-6.0,-78.0
1777890769.9933324,1.0,-2.0,-84.0
1777890770.0033324,1.0,-2.0,-83.0
1777890770.0133324,2.0,-1.0,-78.0
1777890770.0233324,5.0,0.0,-80.0
1777890770.0333323,5.0,-2.0,-78.0
1777890770.0433323,1.0,-4.0,-77.0
1777890770.0533323,0.0,-5.0,-74.0
1777890770.0633323,0.0,-5.0,-72.0
1777890770.0733323,2.0,-2.0,-72.0
1777890770.0833323,0.0,-1.0,-68.0
1777890770.0933323,0.0,-1.0,-66.0
1777890770.1033323,-4.0,0.0,-66.0
1777890770.1133325,-2.0,-2.0,-63.0
1777890770.1233325,0.0,-3.0,-65.0
1777890770.1333325,1.0,-7.0,-68.0
1777890770.1433325,0.0,-3.0,-67.0
1777890770.1533325,-1.0,-1.0,-68.0
1777890770.1633325,-1.0,1.0,-66.0
1777890770.1733325,-2.0,0.0,-65.0
1777890770.1843324,-2.0,0.0,-69.0
1777890770.1933324,1.0,-2.0,-68.0
1777890770.2033324,2.0,-1.0,-58.0
1777890770.2133324,-2.0,-1.0,-52.0
1777890770.2243323,-3.0,3.0,-55.0
1777890770.2343323,-4.0,5.0,-58.0
1777890770.2443323,1.0,5.0,-53.0
1777890770.2543323,0.0,7.0,-64.0
1777890770.2643323,0.0,4.0,-70.0
1777890770.2743323,0.0,2.0,-78.0
1777890770.2843325,2.0,3.0,-74.0
1777890770.2943325,10.0,0.0,-72.0
1777890770.3043325,14.0,1.0,-72.0
1777890770.3143325,11.0,3.0,-73.0
1777890770.3243325,7.0,2.0,-73.0
1777890770.3343325,4.0,4.0,-77.0
1777890770.3443325,3.0,0.0,-74.0
1777890770.3543324,7.0,-3.0,-76.0
1777890770.3643324,5.0,-6.0,-81.0
1777890770.3743324,3.0,-3.0,-78.0
1777890770.3843324,0.0,-3.0,-72.0
1777890770.3943324,1.0,-7.0,-70.0
1777890770.4043324,3.0,-7.0,-72.0
1777890770.4143324,2.0,-11.0,-71.0
1777890770.4243324,3.0,-7.0,-65.0
1777890770.4343324,6.0,-12.0,-71.0
1777890770.4443324,7.0,-5.0,-72.0
1777890770.4543324,8.0,-6.0,-75.0
1777890770.4643323,4.0,-2.0,-74.0
1777890770.4743323,0.0,-5.0,-75.0
1777890770.4843323,2.0,-9.0,-79.0
1777890770.4943323,2.0,-9.0,-80.0
1777890770.5043323,0.0,-5.0,-76.0
1777890770.5143323,2.0,-4.0,-77.0
1777890770.5243323,3.0,-4.0,-75.0
1777890770.5343325,6.0,-1.0,-79.0
1777890770.5443325,5.0,-1.0,-74.0
1777890770.5543325,4.0,-4.0,-85.0
1777890770.5643325,0.0,-2.0,-80.0
1777890770.5743325,0.0,0.0,-79.0
1777890770.5843325,0.0,3.0,-73.0
1777890770.5943325,0.0,1.0,-70.0
1777890770.6043324,-1.0,-4.0,-70.0
1777890770.6143324,-3.0,-9.0,-67.0
1777890770.6243324,0.0,-11.0,-62.0
1777890770.6343324,0.0,-8.0,-66.0
1777890770.6443324,-1.0,-4.0,-65.0
1777890770.6543324,1.0,-4.0,-67.0
1777890770.6643324,0.0,0.0,-66.0
1777890770.6743324,4.0,0.0,-71.0
1777890770.6843324,5.0,1.0,-71.0
1777890770.6943324,3.0,4.0,-70.0
1777890770.7043324,-2.0,2.0,-70.0
1777890770.7143323,1.0,1.0,-76.0
1777890770.7243323,1.0,-1.0,-85.0
1777890770.7343323,3.0,1.0,-79.0
1777890770.7443323,4.0,-1.0,-81.0
1777890770.7543323,8.0,0.0,-83.0
1777890770.7643323,9.0,0.0,-82.0
1777890770.7743323,7.0,1.0,-77.0
1777890770.7843325,9.0,2.0,-73.0
1777890770.7943325,7.0,2.0,-74.0
1777890770.8043325,3.0,4.0,-72.0
1777890770.8143325,0.0,0.0,-72.0
1777890770.8243325,-3.0,-2.0,-73.0
1777890770.8343325,-3.0,-4.0,-75.0
1777890770.8443325,-1.0,-4.0,-72.0
1777890770.8543324,2.0,-8.0,-66.0
1777890770.8643324,0.0,-11.0,-67.0
1777890770.8743324,-1.0,-11.0,-65.0
1777890770.8843324,4.0,-13.0,-68.0
1777890770.8943324,3.0,-7.0,-69.0
1777890770.9043324,1.0,-7.0,-65.0
1777890770.9143324,-3.0,-6.0,-68.0
1777890770.9243324,-3.0,-6.0,-75.0
1777890770.9343324,-4.0,-7.0,-74.0
1777890770.9443324,-5.0,-5.0,-72.0
1777890770.9543324,-5.0,-3.0,-67.0
1777890770.9643323,-6.0,-2.0,-71.0
1777890770.9743323,3.0,1.0,-76.0
1777890770.9843323,-1.0,-1.0,-75.0
1777890770.9943323,3.0,-4.0,-77.0
1777890771.0043323,4.0,-9.0,-78.0
1777890771.0143323,2.0,-10.0,-79.0
1777890771.0243323,2.0,-8.0,-81.0
1777890771.0343325,2.0,-5.0,-78.0
1777890771.0443325,0.0,-6.0,-74.0
1777890771.0543325,0.0,-7.0,-76.0
1777890771.0643325,-1.0,-6.0,-80.0
1777890771.0743325,0.0,-4.0,-84.0
1777890771.0843325,-2.0,-3.0,-86.0
1777890771.0943325,-2.0,-5.0,-81.0
1777890771.1043324,-3.0,-4.0,-78.0
1777890771.1143324,-7.0,-7.0,-70.0
1777890771.1243324,-4.0,-7.0,-67.0
1777890771.1343324,-3.0,-7.0,-67.0
1777890771.1443324,0.0,-4.0,-64.0
1777890771.1543324,-1.0,-1.0,-69.0
1777890771.1643324,-8.0,0.0,-72.0
1777890771.1743324,-5.0,-1.0,-74.0
1777890771.1843324,-3.0,0.0,-81.0
1777890771.1943324,-1.0,0.0,-81.0
1777890771.2043324,-2.0,-2.0,-86.0
1777890771.2143323,-3.0,0.0,-86.0
1777890771.2243323,-3.0,0.0,-86.0
1777890771.2343323,-1.0,1.0,-85.0
1777890771.2443323,-1.0,3.0,-81.0
1777890771.2543323,1.0,5.0,-86.0
1777890771.2643323,4.0,1.0,-81.0
1777890771.2743323,-2.0,3.0,-81.0
1777890771.2843325,-3.0,5.0,-75.0
1777890771.2943325,0.0,7.0,-79.0
1777890771.3043325,2.0,8.0,-75.0
1777890771.3143325,7.0,7.0,-78.0
1777890771.3243325,13.0,3.0,-78.0
1777890771.3343325,11.0,2.0,-76.0
1777890771.3443325,9.0,0.0,-70.0
1777890771.3543324,4.0,0.0,-71.0
1777890771.3643324,1.0,0.0,-74.0
1777890771.3743324,3.0,0.0,-78.0
1777890771.3843324,7.0,-1.0,-77.0
1777890771.3943324,9.0,1.0,-76.0
1777890771.4043324,9.0,0.0,-69.0
1777890771.4143324,4.0,2.0,-68.0
1777890771.4243324,2.0,0.0,-66.0
1777890771.4343324,5.0,-2.0,-68.0
1777890771.4443324,4.0,-3.0,-70.0
1777890771.4543324,0.0,-5.0,-72.0
1777890771.4643323,2.0,-7.0,-80.0
1777890771.4743323,3.0,-7.0,-76.0
1777890771.4843323,7.0,-2.0,-72.0
1777890771.4943323,9.0,-4.0,-72.0
1777890771.5043323,10.0,-4.0,-64.0
1777890771.5143323,5.0,-3.0,-67.0
1777890771.5243323,4.0,-4.0,-72.0
1777890771.5343325,1.0,-3.0,-73.0
1777890771.5443325,-1.0,-2.0,-76.0
1777890771.5543325,-8.0,-3.0,-72.0
1777890771.5643325,-13.0,-3.0,-71.0
1777890771.5743325,-15.0,-5.0,-74.0
1777890771.5843325,-16.0,-8.0,-79.0
1777890771.5943325,-14.0,-5.0,-78.0
1777890771.6043324,-7.0,-5.0,-80.0
1777890771.6143324,0.0,-4.0,-79.0
1777890771.6243324,3.0,-6.0,-86.0
1777890771.6343324,0.0,-2.0,-82.0
1777890771.6443324,0.0,0.0,-77.0
1777890771.6543324,-6.0,0.0,-83.0
1777890771.6643324,0.0,0.0,-81.0
1777890771.6743324,-2.0,-1.0,-78.0
1777890771.6843324,-5.0,-1.0,-74.0
1777890771.6943324,0.0,-1.0,-72.0
1777890771.7043324,-1.0,-2.0,-80.0
1777890771.7143323,5.0,0.0,-76.0
1777890771.7243323,10.0,-1.0,-73.0
1777890771.7343323,8.0,-1.0,-69.0
1777890771.7443323,6.0,0.0,-74.0
1777890771.7543323,4.0,-2.0,-69.0
1777890771.7643323,0.0,-6.0,-63.0
1777890771.7743323,-1.0,-6.0,-64.0
1777890771.7843325,1.0,-5.0,-60.0
1777890771.7943325,1.0,-3.0,-65.0
1777890771.8043325,-1.0,1.0,-66.0
1777890771.8143325,0.0,0.0,-72.0
1777890771.8243325,0.0,0.0,-80.0
1777890771.8343325,0.0,-3.0,-79.0
1777890771.8443325,0.0,-5.0,-78.0
1777890771.8543324,-2.0,-4.0,-77.0
1777890771.8643324,0.0,-5.0,-77.0
1777890771.8743324,-2.0,-5.0,-71.0
1777890771.8843324,-4.0,-10.0,-71.0
1777890771.8943324,-8.0,-9.0,-78.0
1777890771.9043324,-4.0,-4.0,-82.0
1777890771.9143324,-1.0,-4.0,-81.0
1777890771.9243324,0.0,0.0,-76.0
1777890771.9343324,-1.0,1.0,-70.0
1777890771.9443324,-3.0,-1.0,-71.0
1777890771.9543324,0.0,-3.0,-74.0
1777890771.9643323,-4.0,-8.0,-76.0
1777890771.9743323,-1.0,-4.0,-73.0
1777890771.9843323,-1.0,0.0,-71.0
1777890771.9943323,0.0,2.0,-70.0
1777890772.0043323,0.0,1.0,-69.0
1777890772.0143323,0.0,1.0,-66.0
1777890772.0243323,3.0,1.0,-70.0
1777890772.0343325,3.0,-1.0,-71.0
1777890772.0443325,0.0,-1.0,-72.0
1777890772.0543325,0.0,0.0,-72.0
1777890772.0643325,0.0,-1.0,-73.0
1777890772.0743325,1.0,-1.0,-82.0
1777890772.0843325,4.0,1.0,-77.0
1777890772.0943325,0.0,0.0,-75.0
1777890772.1043324,0.0,4.0,-74.0
1777890772.1143324,0.0,4.0,-72.0
1777890772.1243324,1.0,7.0,-76.0
1777890772.1343324,3.0,8.0,-81.0
1777890772.1443324,9.0,5.0,-80.0
1777890772.1543324,8.0,6.0,-73.0
1777890772.1643324,6.0,2.0,-71.0
1777890772.1743324,3.0,-1.0,-69.0
1777890772.1853323,1.0,-1.0,-72.0
1777890772.1943324,2.0,1.0,-75.0
1777890772.2043324,0.0,1.0,-70.0
1777890772.2153325,-2.0,1.0,-65.0
1777890772.2253325,-1.0,1.0,-63.0
1777890772.2353325,1.0,0.0,-74.0
1777890772.2453325,6.0,0.0,-72.0
1777890772.2553325,7.0,-2.0,-71.0
1777890772.2653325,7.0,0.0,-72.0
1777890772.2753325,5.0,0.0,-72.0
1777890772.2853324,0.0,0.0,-69.0
1777890772.2953324,0.0,2.0,-70.0
1777890772.3053324,-1.0,4.0,-69.0
1777890772.3153324,-3.0,8.0,-68.0
1777890772.3253324,-1.0,6.0,-61.0
1777890772.3353324,2.0,6.0,-64.0
1777890772.3453324,2.0,3.0,-66.0
1777890772.3553324,0.0,3.0,-68.0
1777890772.3653324,0.0,1.0,-68.0
1777890772.3753324,0.0,1.0,-66.0
1777890772.3853323,3.0,-2.0,-72.0
1777890772.3953323,2.0,-2.0,-69.0
1777890772.4053323,0.0,1.0,-69.0
1777890772.4153323,1.0,2.0,-69.0
1777890772.4253323,2.0,3.0,-63.0
1777890772.4353323,0.0,1.0,-62.0
1777890772.4453323,0.0,1.0,-66.0
1777890772.4553325,-2.0,-2.0,-70.0
1777890772.4653325,-4.0,-6.0,-74.0
1777890772.4753325,0.0,-7.0,-79.0
1777890772.4853325,0.0,-7.0,-76.0
1777890772.4953325,1.0,-7.0,-71.0
1777890772.5053325,1.0,-6.0,-67.0
1777890772.5153325,-5.0,-4.0,-65.0
1777890772.5253325,-4.0,-4.0,-62.0
1777890772.5353324,-4.0,-4.0,-65.0
1777890772.5453324,0.0,-5.0,-70.0
1777890772.5553324,2.0,-5.0,-69.0
1777890772.5653324,2.0,-6.0,-69.0
1777890772.5753324,5.0,-2.0,-70.0
1777890772.5853324,1.0,-6.0,-73.0
1777890772.5953324,2.0,0.0,-82.0
1777890772.6053324,3.0,-2.0,-84.0
1777890772.6153324,3.0,2.0,-83.0
1777890772.6253324,4.0,-2.0,-85.0
1777890772.6353323,6.0,-1.0,-81.0
1777890772.6453323,8.0,-1.0,-79.0
1777890772.6553323,4.0,1.0,-78.0
1777890772.6653323,0.0,4.0,-70.0
1777890772.6753323,-2.0,5.0,-66.0
1777890772.6853323,0.0,4.0,-63.0
1777890772.6953323,2.0,5.0,-62.0
1777890772.7053325,0.0,1.0,-71.0
1777890772.7153325,2.0,2.0,-73.0
1777890772.7253325,0.0,-1.0,-74.0
1777890772.7353325,-1.0,-3.0,-77.0
1777890772.7453325,-1.0,-2.0,-76.0
1777890772.7553325,-2.0,-2.0,-79.0
1777890772.7653325,-2.0,0.0,-69.0
1777890772.7753325,-5.0,0.0,-74.0
1777890772.7853324,-4.0,0.0,-68.0
1777890772.7953324,-6.0,2.0,-68.0
1777890772.8053324,-5.0,4.0,-69.0
1777890772.8153324,-4.0,2.0,-66.0
1777890772.8253324,0.0,3.0,-72.0
1777890772.8353324,3.0,2.0,-73.0
1777890772.8453324,1.0,-1.0,-66.0
1777890772.8553324,8.0,1.0,-70.0
1777890772.8653324,5.0,1.0,-71.0
1777890772.8753324,2.0,-1.0,-73.0
1777890772.8853323,7.0,0.0,-74.0
1777890772.8953323,3.0,-1.0,-78.0
1777890772.9053323,2.0,-1.0,-78.0
1777890772.9153323,-1.0,-4.0,-77.0
1777890772.9253323,-2.0,-4.0,-67.0
1777890772.9353323,4.0,-9.0,-62.0
1777890772.9453323,10.0,-10.0,-64.0
1777890772.9553325,11.0,-10.0,-70.0
1777890772.9653325,8.0,-9.0,-67.0
1777890772.9753325,10.0,-7.0,-63.0
1777890772.9853325,10.0,-5.0,-67.0
1777890772.9953325,5.0,-2.0,-77.0
1777890773.0053325,6.0,0.0,-77.0
1777890773.0153325,7.0,2.0,-82.0
1777890773.0253325,5.0,1.0,-81.0
1777890773.0353324,5.0,-2.0,-78.0
1777890773.0453324,5.0,-4.0,-75.0
1777890773.0553324,4.0,-2.0,-73.0
1777890773.0653324,5.0,-2.0,-75.0
1777890773.0753324,9.0,-6.0,-83.0
1777890773.0853324,9.0,-8.0,-75.0
1777890773.0953324,3.0,-8.0,-73.0
1777890773.1053324,3.0,-1.0,-71.0
1777890773.1153324,2.0,4.0,-75.0
1777890773.1253324,2.0,2.0,-71.0
1777890773.1353323,2.0,3.0,-70.0
1777890773.1453323,3.0,2.0,-72.0
1777890773.1553323,2.0,4.0,-70.0
1777890773.1653323,0.0,4.0,-76.0
1777890773.1753323,7.0,2.0,-75.0
1777890773.1853323,12.0,5.0,-74.0
1777890773.1953323,9.0,9.0,-75.0
1777890773.2053325,0.0,8.0,-78.0
1777890773.2153325,0.0,5.0,-79.0
1777890773.2253325,-1.0,5.0,-77.0
1777890773.2353325,-1.0,0.0,-74.0
1777890773.2453325,-1.0,-6.0,-67.0
1777890773.2553325,-3.0,-6.0,-66.0
1777890773.2653325,-3.0,-2.0,-65.0
1777890773.2753325,-1.0,-3.0,-68.0
1777890773.2853324,5.0,-5.0,-68.0
1777890773.2953324,9.0,-9.0,-73.0
1777890773.3053324,9.0,-4.0,-77.0
1777890773.3153324,8.0,-3.0,-77.0
1777890773.3253324,8.0,-2.0,-74.0
1777890773.3353324,7.0,-3.0,-78.0
1777890773.3453324,4.0,-5.0,-79.0
1777890773.3553324,2.0,-3.0,-75.0
1777890773.3653324,2.0,-5.0,-75.0
1777890773.3753324,4.0,-3.0,-71.0
1777890773.3853323,4.0,-3.0,-72.0
1777890773.3953323,1.0,-3.0,-69.0
1777890773.4053323,5.0,-4.0,-71.0
1777890773.4153323,5.0,-4.0,-72.0
1777890773.4253323,0.0,-2.0,-71.0
1777890773.4353323,-5.0,-1.0,-74.0
1777890773.4453323,-7.0,0.0,-72.0
1777890773.4553325,-10.0,-3.0,-77.0
1777890773.4653325,-10.0,-2.0,-76.0
1777890773.4753325,-6.0,0.0,-69.0
1777890773.4853325,-1.0,0.0,-70.0
1777890773.4953325,-4.0,-1.0,-73.0
1777890773.5053325,-2.0,-1.0,-76.0
1777890773.5153325,-1.0,0.0,-73.0
1777890773.5253325,-7.0,2.0,-66.0
1777890773.5353324,-4.0,4.0,-68.0
1777890773.5453324,-2.0,5.0,-67.0
1777890773.5553324,-1.0,2.0,-71.0
1777890773.5653324,-1.0,0.0,-68.0
1777890773.5753324,-3.0,-1.0,-65.0
1777890773.5853324,0.0,0.0,-68.0
1777890773.5953324,4.0,0.0,-67.0
1777890773.6053324,2.0,4.0,-75.0
1777890773.6153324,1.0,8.0,-81.0
1777890773.6253324,3.0,7.0,-82.0
1777890773.6353323,3.0,5.0,-81.0
1777890773.6453323,0.0,5.0,-76.0
1777890773.6553323,3.0,7.0,-72.0
1777890773.6653323,3.0,2.0,-70.0
1777890773.6753323,4.0,1.0,-68.0
1777890773.6853323,1.0,0.0,-72.0
1777890773.6953323,2.0,4.0,-72.0
1777890773.7053325,1.0,5.0,-70.0
1777890773.7153325,-1.0,3.0,-71.0
1777890773.7253325,-3.0,4.0,-70.0
1777890773.7353325,-1.0,2.0,-77.0
1777890773.7453325,-2.0,0.0,-80.0
1777890773.7553325,-1.0,0.0,-77.0
1777890773.7653325,0.0,-1.0,-78.0
1777890773.7753325,1.0,0.0,-75.0
1777890773.7853324,4.0,-2.0,-72.0
1777890773.7953324,2.0,0.0,-70.0
1777890773.8053324,0.0,-1.0,-66.0
1777890773.8153324,0.0,0.0,-66.0
1777890773.8253324,-2.0,0.0,-71.0
1777890773.8353324,-4.0,-4.0,-68.0
1777890773.8453324,-3.0,-4.0,-71.0
1777890773.8553324,-3.0,-2.0,-73.0
1777890773.8653324,-3.0,1.0,-75.0
1777890773.8753324,0.0,5.0,-83.0
1777890773.8853323,0.0,1.0,-78.0
1777890773.8953323,-1.0,0.0,-69.0
1777890773.9053323,-1.0,-1.0,-72.0
1777890773.9153323,-1.0,0.0,-75.0
1777890773.9253323,0.0,-2.0,-74.0
1777890773.9353323,3.0,-1.0,-73.0
1777890773.9453323,-1.0,2.0,-79.0
1777890773.9553325,3.0,-1.0,-82.0
1777890773.9653325,0.0,-3.0,-73.0
1777890773.9753325,0.0,0.0,-75.0
1777890773.9853325,-3.0,0.0,-76.0
1777890773.9953325,-6.0,0.0,-73.0
1777890774.0053325,-4.0,-3.0,-72.0
1777890774.0153325,-5.0,0.0,-75.0
1777890774.0253325,-6.0,0.0,-72.0
1777890774.0353324,-11.0,-2.0,-70.0
1777890774.0453324,-6.0,-7.0,-77.0
1777890774.0553324,-4.0,-3.0,-77.0
1777890774.0653324,-1.0,0.0,-78.0
1777890774.0753324,0.0,2.0,-80.0
1777890774.0853324,3.0,5.0,-85.0
1777890774.0953324,2.0,2.0,-84.0
1777890774.1053324,3.0,1.0,-81.0
1777890774.1153324,3.0,4.0,-78.0
1777890774.1253324,1.0,5.0,-74.0
1777890774.1353323,5.0,5.0,-73.0
1777890774.1453323,4.0,2.0,-77.0
1777890774.1553323,0.0,0.0,-74.0
1777890774.1653323,2.0,4.0,-74.0
1777890774.1753323,0.0,2.0,-77.0
1777890774.1853323,0.0,0.0,-76.0
1777890774.1953323,-2.0,0.0,-82.0
1777890774.2053325,-5.0,-3.0,-79.0
1777890774.2163324,-1.0,-1.0,-79.0
1777890774.2263324,3.0,0.0,-79.0
1777890774.2353325,9.0,-1.0,-77.0
1777890774.2463324,10.0,-3.0,-78.0
1777890774.2563324,3.0,-4.0,-69.0
1777890774.2663324,2.0,-3.0,-67.0
1777890774.2763324,2.0,-6.0,-66.0
1777890774.2863324,3.0,-6.0,-74.0
1777890774.2963324,3.0,-7.0,-73.0
1777890774.3063323,1.0,-4.0,-72.0
1777890774.3163323,0.0,-3.0,-69.0
1777890774.3263323,0.0,-4.0,-74.0
1777890774.3363323,-1.0,-2.0,-72.0
1777890774.3463323,2.0,0.0,-75.0
1777890774.3563323,1.0,0.0,-73.0
1777890774.3663323,3.0,-3.0,-71.0
1777890774.3763323,5.0,0.0,-71.0
1777890774.3863325,2.0,3.0,-69.0
1777890774.3963325,0.0,1.0,-71.0
1777890774.4063325,4.0,3.0,-74.0
1777890774.4163325,10.0,4.0,-81.0
1777890774.4263325,8.0,2.0,-81.0
1777890774.4363325,8.0,3.0,-81.0
1777890774.4463325,6.0,1.0,-83.0
1777890774.4563324,1.0,1.0,-83.0
1777890774.4663324,1.0,-2.0,-86.0
1777890774.4763324,4.0,0.0,-87.0
1777890774.4863324,8.0,3.0,-87.0
1777890774.4963324,8.0,3.0,-83.0
1777890774.5063324,6.0,4.0,-81.0
1777890774.5163324,2.0,3.0,-80.0
1777890774.5263324,-1.0,1.0,-80.0
1777890774.5363324,-1.0,-2.0,-82.0
1777890774.5463324,-3.0,-1.0,-81.0
1777890774.5563323,1.0,-1.0,-83.0
1777890774.5663323,-2.0,0.0,-78.0
1777890774.5763323,-2.0,0.0,-78.0
1777890774.5863323,-2.0,0.0,-78.0
1777890774.5963323,-3.0,-2.0,-73.0
1777890774.6063323,-2.0,-3.0,-73.0
1777890774.6163323,-3.0,-5.0,-71.0
1777890774.6263323,-8.0,0.0,-69.0
1777890774.6363325,-11.0,-1.0,-72.0
1777890774.6463325,-10.0,1.0,-77.0
1777890774.6563325,-10.0,1.0,-71.0
1777890774.6663325,-8.0,0.0,-74.0
1777890774.6763325,-4.0,-1.0,-82.0
1777890774.6863325,-5.0,-5.0,-85.0
1777890774.6963325,-2.0,-7.0,-81.0
1777890774.7063324,0.0,-5.0,-85.0
1777890774.7163324,-2.0,-3.0,-83.0
1777890774.7263324,2.0,-4.0,-80.0
1777890774.7363324,5.0,-5.0,-80.0
1777890774.7463324,5.0,-5.0,-76.0
1777890774.7563324,1.0,-4.0,-73.0
1777890774.7663324,-1.0,-2.0,-75.0
1777890774.7763324,0.0,-2.0,-76.0
1777890774.7863324,-2.0,-1.0,-72.0
1777890774.7963324,-6.0,-3.0,-73.0
1777890774.8063323,-2.0,-1.0,-71.0
1777890774.8163323,-3.0,-2.0,-74.0
1777890774.8263323,0.0,0.0,-75.0
1777890774.8363323,-2.0,-2.0,-79.0
1777890774.8463323,-7.0,-2.0,-80.0
1777890774.8563323,-8.0,-3.0,-75.0
1777890774.8663323,-10.0,-7.0,-78.0
1777890774.8763323,-9.0,-1.0,-78.0
1777890774.8863325,-4.0,-2.0,-78.0
1777890774.8963325,0.0,0.0,-79.0
1777890774.9063325,2.0,0.0,-74.0
1777890774.9163325,6.0,0.0,-73.0
1777890774.9263325,6.0,-2.0,-75.0
1777890774.9363325,8.0,-1.0,-74.0
1777890774.9463325,6.0,0.0,-70.0
1777890774.9563324,6.0,1.0,-68.0
1777890774.9663324,8.0,2.0,-67.0
1777890774.9763324,8.0,-1.0,-70.0
1777890774.9863324,11.0,-1.0,-76.0
1777890774.9973323,12.0,-5.0,-75.0
1777890775.0063324,14.0,0.0,-73.0
1777890775.0163324,12.0,-1.0,-72.0
1777890775.0263324,10.0,3.0,-68.0
1777890775.0363324,10.0,6.0,-67.0
1777890775.0463324,1.0,2.0,-68.0
1777890775.0563323,-2.0,0.0,-68.0
1777890775.0663323,0.0,-5.0,-68.0
1777890775.0763323,3.0,-3.0,-71.0
1777890775.0863323,0.0,-2.0,-73.0
1777890775.0963323,2.0,0.0,-71.0
1777890775.1063323,3.0,2.0,-67.0
1777890775.1163323,1.0,4.0,-65.0
1777890775.1263323,-1.0,2.0,-64.0
1777890775.1363325,0.0,8.0,-68.0
1777890775.1463325,0.0,6.0,-72.0
1777890775.1563325,-2.0,1.0,-71.0
1777890775.1663325,-2.0,0.0,-71.0
1777890775.1763325,0.0,0.0,-70.0
1777890775.1863325,2.0,-1.0,-70.0
1777890775.1963325,-2.0,0.0,-70.0
1777890775.2063324,0.0,0.0,-69.0
1777890775.2163324,0.0,-4.0,-64.0
1777890775.2263324,-2.0,-5.0,-66.0
1777890775.2363324,-1.0,-2.0,-72.0
1777890775.2463324,-1.0,3.0,-72.0
1777890775.2563324,-2.0,1.0,-74.0
1777890775.2663324,-1.0,5.0,-73.0
1777890775.2763324,0.0,9.0,-75.0
1777890775.2863324,4.0,9.0,-78.0
1777890775.2963324,6.0,3.0,-83.0
1777890775.3063323,5.0,0.0,-81.0
1777890775.3163323,4.0,-2.0,-69.0
1777890775.3263323,7.0,-3.0,-68.0
1777890775.3363323,4.0,-4.0,-80.0
1777890775.3463323,3.0,-3.0,-76.0
1777890775.3563323,0.0,-5.0,-76.0
1777890775.3663323,1.0,-7.0,-78.0
1777890775.3763323,4.0,-2.0,-78.0
1777890775.3863325,5.0,-2.0,-74.0
1777890775.3963325,6.0,0.0,-73.0
1777890775.4063325,7.0,3.0,-69.0
1777890775.4163325,10.0,1.0,-65.0
1777890775.4263325,9.0,1.0,-63.0
1777890775.4363325,7.0,0.0,-65.0
1777890775.4463325,5.0,-3.0,-71.0
1777890775.4563324,3.0,-3.0,-79.0
1777890775.4663324,-1.0,-2.0,-77.0
1777890775.4763324,-2.0,-6.0,-77.0
1777890775.4863324,-6.0,-3.0,-72.0
1777890775.4963324,-6.0,-3.0,-65.0
1777890775.5063324,-5.0,-5.0,-58.0
1777890775.5163324,-5.0,-6.0,-55.0
1777890775.5263324,-1.0,-6.0,-65.0
1777890775.5363324,0.0,-3.0,-67.0
1777890775.5463324,0.0,-2.0,-67.0
1777890775.5563323,4.0,-1.0,-70.0
1777890775.5663323,5.0,-1.0,-72.0
1777890775.5763323,6.0,0.0,-73.0
1777890775.5863323,0.0,3.0,-70.0
1777890775.5963323,-3.0,2.0,-70.0
1777890775.6063323,-3.0,1.0,-76.0
1777890775.6163323,-1.0,3.0,-79.0
1777890775.6263323,0.0,5.0,-82.0
1777890775.6363325,3.0,2.0,-87.0
1777890775.6463325,7.0,-1.0,-86.0
1777890775.6563325,14.0,-4.0,-88.0
1777890775.6663325,13.0,-1.0,-85.0
1777890775.6763325,10.0,0.0,-74.0
1777890775.6863325,8.0,3.0,-79.0
1777890775.6963325,9.0,4.0,-73.0
1777890775.7063324,8.0,2.0,-78.0
1777890775.7163324,0.0,0.0,-83.0
1777890775.7263324,-4.0,2.0,-75.0
1777890775.7363324,-4.0,0.0,-69.0
1777890775.7463324,-1.0,2.0,-71.0
1777890775.7563324,0.0,3.0,-75.0
1777890775.7663324,-1.0,2.0,-73.0
1777890775.7763324,0.0,-1.0,-72.0
1777890775.7863324,-2.0,-3.0,-71.0
1777890775.7963324,-2.0,-4.0,-68.0
1777890775.8063323,-3.0,-3.0,-66.0
1777890775.8163323,-3.0,-2.0,-60.0
1777890775.8263323,-1.0,0.0,-63.0
1777890775.8363323,-3.0,0.0,-67.0
1777890775.8463323,1.0,-1.0,-63.0
1777890775.8563323,0.0,-1.0,-66.0
1777890775.8663323,0.0,-1.0,-67.0
1777890775.8763323,5.0,0.0,-72.0
1777890775.8863325,7.0,-3.0,-70.0
1777890775.8963325,4.0,-2.0,-66.0
1777890775.9063325,7.0,-3.0,-72.0
1777890775.9163325,7.0,-2.0,-63.0
1777890775.9263325,3.0,-4.0,-64.0
1777890775.9363325,0.0,-7.0,-66.0
1777890775.9463325,1.0,-5.0,-62.0
1777890775.9563324,7.0,-6.0,-66.0
1777890775.9663324,11.0,-4.0,-71.0
1777890775.9763324,5.0,-2.0,-71.0
1777890775.9863324,1.0,3.0,-68.0
1777890775.9963324,-1.0,2.0,-66.0
1777890776.0063324,-3.0,1.0,-67.0
1777890776.0163324,0.0,4.0,-70.0
1777890776.0263324,-2.0,3.0,-66.0
1777890776.0363324,-4.0,6.0,-66.0
1777890776.0463324,-4.0,5.0,-67.0
1777890776.0563323,-3.0,4.0,-65.0
1777890776.0663323,-4.0,2.0,-66.0
1777890776.0763323,-3.0,-1.0,-70.0
1777890776.0863323,-3.0,-1.0,-66.0
1777890776.0963323,-2.0,-4.0,-70.0
1777890776.1063323,-2.0,0.0,-70.0
1777890776.1163323,-3.0,0.0,-67.0
1777890776.1263323,-6.0,0.0,-66.0
1777890776.1363325,0.0,-3.0,-66.0
1777890776.1463325,0.0,-3.0,-66.0
1777890776.1573324,4.0,-6.0,-66.0
1777890776.1673324,7.0,-7.0,-73.0
1777890776.1773324,7.0,-8.0,-67.0
1777890776.1863325,6.0,-11.0,-73.0
1777890776.1973324,1.0,-5.0,-75.0
1777890776.2073324,-2.0,-7.0,-68.0
1777890776.2173324,-1.0,-3.0,-61.0
1777890776.2273324,-5.0,-4.0,-64.0
1777890776.2373323,-3.0,-7.0,-68.0
1777890776.2473323,-5.0,-4.0,-67.0
1777890776.2573323,-5.0,-4.0,-63.0
1777890776.2673323,-7.0,-5.0,-67.0
1777890776.2773323,-6.0,-5.0,-75.0
1777890776.2873323,-6.0,-7.0,-69.0
1777890776.2973323,-5.0,-6.0,-60.0
1777890776.3073325,-4.0,-6.0,-64.0
1777890776.3173325,-1.0,-3.0,-60.0
1777890776.3273325,3.0,-2.0,-61.0
1777890776.3373325,6.0,0.0,-67.0
1777890776.3473325,4.0,1.0,-70.0
1777890776.3573325,5.0,1.0,-74.0
1777890776.3673325,3.0,0.0,-75.0
1777890776.3773324,3.0,1.0,-81.0
1777890776.3873324,3.0,1.0,-85.0
1777890776.3973324,5.0,-4.0,-82.0
1777890776.4073324,-2.0,0.0,-79.0
1777890776.4173324,-4.0,-2.0,-68.0
1777890776.4273324,-4.0,-1.0,-73.0
1777890776.4373324,0.0,1.0,-68.0
1777890776.4473324,1.0,-1.0,-76.0
1777890776.4573324,3.0,1.0,-80.0
1777890776.4673324,4.0,-2.0,-77.0
1777890776.4773324,11.0,0.0,-74.0
1777890776.4873323,8.0,3.0,-74.0
1777890776.4973323,5.0,2.0,-71.0
1777890776.5073323,2.0,-1.0,-72.0
1777890776.5173323,3.0,0.0,-68.0
1777890776.5273323,4.0,-1.0,-66.0
1777890776.5373323,7.0,-1.0,-61.0
1777890776.5473323,7.0,-3.0,-64.0
1777890776.5573325,4.0,-2.0,-67.0
1777890776.5673325,5.0,-5.0,-70.0
1777890776.5773325,0.0,-3.0,-69.0
1777890776.5873325,-3.0,-2.0,-73.0
1777890776.5973325,-3.0,0.0,-80.0
1777890776.6073325,-1.0,1.0,-83.0
1777890776.6173325,-5.0,1.0,-75.0
1777890776.6273324,-8.0,-1.0,-78.0
1777890776.6373324,-2.0,-1.0,-78.0
1777890776.6473324,-5.0,-4.0,-83.0
1777890776.6573324,-8.0,-7.0,-89.0
1777890776.6673324,-9.0,-6.0,-89.0
1777890776.6773324,-2.0,-4.0,-87.0
1777890776.6873324,-1.0,0.0,-91.0
1777890776.6973324,-1.0,0.0,-85.0
1777890776.7073324,-1.0,-1.0,-78.0
1777890776.7173324,-1.0,-2.0,-78.0
1777890776.7273324,0.0,-4.0,-77.0
1777890776.7373323,-2.0,-3.0,-80.0
1777890776.7473323,0.0,0.0,-83.0
1777890776.7573323,-1.0,4.0,-80.0
1777890776.7673323,-3.0,4.0,-86.0
1777890776.7773323,1.0,4.0,-85.0
1777890776.7873323,-1.0,8.0,-84.0
1777890776.7973323,-2.0,4.0,-87.0
1777890776.8073325,4.0,0.0,-83.0
1777890776.8173325,2.0,0.0,-83.0
1777890776.8273325,3.0,0.0,-88.0
1777890776.8373325,1.0,-2.0,-88.0
1777890776.8473325,1.0,-3.0,-82.0
1777890776.8573325,-1.0,-6.0,-85.0
1777890776.8673325,-6.0,-3.0,-93.0
1777890776.8773324,-4.0,-3.0,-94.0
1777890776.8873324,-6.0,-1.0,-101.0
1777890776.8973324,0.0,-8.0,-97.0
1777890776.9073324,2.0,-8.0,-84.0
1777890776.9173324,2.0,-7.0,-80.0
1777890776.9273324,3.0,-7.0,-87.0
1777890776.9373324,3.0,-4.0,-88.0
1777890776.9473324,0.0,-4.0,-88.0
1777890776.9573324,-3.0,-4.0,-81.0
1777890776.9673324,-5.0,-6.0,-81.0
1777890776.9773324,-4.0,-11.0,-78.0
1777890776.9873323,-2.0,-10.0,-75.0
1777890776.9973323,-3.0,-12.0,-73.0
1777890777.0073323,0.0,-8.0,-82.0
1777890777.0173323,0.0,-6.0,-82.0
1777890777.0273323,0.0,-4.0,-76.0
1777890777.0373323,0.0,0.0,-78.0
1777890777.0473323,-1.0,1.0,-71.0
1777890777.0573325,-6.0,1.0,-66.0
1777890777.0673325,-7.0,-2.0,-62.0
1777890777.0773325,0.0,-2.0,-73.0
1777890777.0873325,0.0,-5.0,-73.0
1777890777.0973325,0.0,-5.0,-76.0
1777890777.1073325,1.0,-6.0,-75.0
1777890777.1173325,0.0,-1.0,-72.0
1777890777.1273324,-4.0,0.0,-73.0
1777890777.1373324,-4.0,3.0,-72.0
1777890777.1473324,0.0,4.0,-71.0
1777890777.1573324,2.0,2.0,-71.0
1777890777.1673324,0.0,1.0,-71.0
1777890777.1773324,0.0,0.0,-64.0
1777890777.1873324,0.0,-2.0,-68.0
1777890777.1973324,-1.0,-3.0,-75.0
1777890777.2073324,-3.0,0.0,-74.0
1777890777.2173324,-1.0,-1.0,-76.0
1777890777.2273324,-7.0,0.0,-74.0
1777890777.2373323,-6.0,0.0,-77.0
1777890777.2473323,-7.0,-1.0,-77.0
1777890777.2573323,-7.0,-2.0,-69.0
1777890777.2673323,-5.0,0.0,-67.0
1777890777.2773323,-3.0,4.0,-73.0
1777890777.2873323,-2.0,3.0,-76.0
1777890777.2973323,-1.0,4.0,-79.0
1777890777.3073325,-5.0,4.0,-87.0
1777890777.3173325,-5.0,2.0,-90.0
1777890777.3273325,-4.0,0.0,-87.0
1777890777.3373325,-4.0,3.0,-91.0
1777890777.3473325,-1.0,6.0,-85.0
1777890777.3573325,2.0,4.0,-84.0
1777890777.3673325,1.0,4.0,-77.0
1777890777.3773324,1.0,1.0,-71.0
1777890777.3873324,1.0,0.0,-69.0
1777890777.3973324,1.0,0.0,-68.0
1777890777.4073324,0.0,-5.0,-71.0
1777890777.4173324,6.0,-6.0,-71.0
1777890777.4273324,12.0,-7.0,-69.0
1777890777.4373324,7.0,-5.0,-76.0
1777890777.4473324,9.0,-4.0,-69.0
1777890777.4573324,8.0,-4.0,-72.0
1777890777.4673324,9.0,-4.0,-71.0
1777890777.4773324,9.0,-4.0,-76.0
1777890777.4873323,8.0,1.0,-77.0
1777890777.4973323,9.0,0.0,-71.0
1777890777.5073323,13.0,0.0,-72.0
1777890777.5173323,8.0,-1.0,-65.0
1777890777.5273323,12.0,0.0,-63.0
1777890777.5373323,11.0,-3.0,-69.0
1777890777.5473323,8.0,-5.0,-70.0
1777890777.5573325,3.0,2.0,-69.0
1777890777.5673325,5.0,6.0,-70.0
1777890777.5773325,3.0,4.0,-72.0
1777890777.5873325,1.0,7.0,-69.0
1777890777.5973325,-1.0,6.0,-61.0
1777890777.6073325,-4.0,4.0,-59.0
1777890777.6173325,-3.0,0.0,-58.0
1777890777.6273324,-3.0,1.0,-61.0
1777890777.6373324,-2.0,1.0,-60.0
1777890777.6473324,-6.0,2.0,-61.0
1777890777.6573324,-4.0,0.0,-66.0
1777890777.6673324,-3.0,-2.0,-68.0
1777890777.6773324,-5.0,0.0,-62.0
1777890777.6873324,-2.0,4.0,-69.0
1777890777.6973324,0.0,3.0,-68.0
1777890777.7073324,3.0,-2.0,-74.0
1777890777.7173324,3.0,-3.0,-79.0
1777890777.7273324,5.0,-3.0,-78.0
1777890777.7373323,6.0,-7.0,-73.0
1777890777.7473323,11.0,-11.0,-78.0
1777890777.7573323,13.0,-12.0,-74.0
1777890777.7673323,12.0,-9.0,-71.0
1777890777.7773323,9.0,-12.0,-67.0
1777890777.7873323,7.0,-10.0,-69.0
1777890777.7973323,9.0,-9.0,-75.0
1777890777.8073325,7.0,-4.0,-80.0
1777890777.8173325,6.0,-2.0,-79.0
1777890777.8273325,6.0,-1.0,-76.0
1777890777.8373325,2.0,0.0,-74.0
1777890777.8473325,5.0,0.0,-70.0
1777890777.8573325,3.0,3.0,-70.0
1777890777.8673325,5.0,3.0,-71.0
1777890777.8773324,1.0,0.0,-74.0
1777890777.8873324,3.0,4.0,-75.0
1777890777.8973324,1.0,5.0,-69.0
1777890777.9073324,-1.0,8.0,-66.0
1777890777.9173324,1.0,1.0,-73.0
1777890777.9273324,5.0,3.0,-76.0
1777890777.9373324,0.0,-2.0,-78.0
1777890777.9473324,2.0,1.0,-75.0
1777890777.9573324,1.0,1.0,-77.0
1777890777.9673324,3.0,1.0,-75.0
1777890777.9773324,4.0,0.0,-80.0
1777890777.9873323,0.0,0.0,-76.0
1777890777.9973323,3.0,0.0,-80.0
1777890778.0073323,5.0,2.0,-77.0
1777890778.0173323,1.0,0.0,-80.0
1777890778.0273323,0.0,0.0,-74.0
1777890778.0373323,3.0,-2.0,-74.0
1777890778.0473323,1.0,-2.0,-73.0
1777890778.0573325,1.0,0.0,-66.0
1777890778.0673325,-1.0,2.0,-67.0
1777890778.0773325,0.0,3.0,-67.0
1777890778.0873325,-1.0,-1.0,-67.0
1777890778.0973325,2.0,-2.0,-73.0
1777890778.1073325,1.0,-4.0,-73.0
1777890778.1173325,-1.0,-1.0,-76.0
1777890778.1273324,-1.0,-2.0,-74.0
1777890778.1373324,0.0,-3.0,-78.0
1777890778.1483324,-2.0,-6.0,-74.0
1777890778.1573324,0.0,-1.0,-71.0
1777890778.1683323,1.0,4.0,-71.0
1777890778.1783323,5.0,0.0,-70.0
1777890778.1883323,5.0,0.0,-78.0
1777890778.1983323,4.0,0.0,-81.0
1777890778.2083323,2.0,1.0,-80.0
1777890778.2183323,-2.0,0.0,-79.0
1777890778.2283323,0.0,5.0,-77.0
1777890778.2383325,3.0,6.0,-78.0
1777890778.2483325,1.0,4.0,-67.0
1777890778.2583325,1.0,0.0,-56.0
1777890778.2683325,0.0,0.0,-62.0
1777890778.2783325,0.0,1.0,-60.0
1777890778.2883325,1.0,0.0,-68.0
1777890778.2983325,0.0,0.0,-67.0
1777890778.3083324,2.0,-2.0,-72.0
1777890778.3183324,1.0,2.0,-65.0
1777890778.3283324,3.0,1.0,-74.0
1777890778.3383324,2.0,0.0,-79.0
1777890778.3483324,5.0,2.0,-81.0
1777890778.3583324,8.0,1.0,-77.0
1777890778.3683324,8.0,-1.0,-75.0
1777890778.3783324,5.0,-3.0,-70.0
1777890778.3883324,2.0,-2.0,-68.0
1777890778.3983324,5.0,-3.0,-70.0
1777890778.4083323,3.0,-7.0,-72.0
1777890778.4183323,1.0,-7.0,-72.0
1777890778.4283323,3.0,-3.0,-72.0
1777890778.4383323,1.0,-5.0,-67.0
1777890778.4483323,-3.0,-4.0,-67.0
1777890778.4583323,-3.0,-5.0,-66.0
1777890778.4683323,0.0,-3.0,-64.0
1777890778.4783323,0.0,-1.0,-63.0
1777890778.4883325,0.0,0.0,-58.0
1777890778.4983325,6.0,2.0,-59.0
1777890778.5083325,5.0,3.0,-64.0
1777890778.5183325,4.0,4.0,-67.0
1777890778.5283325,6.0,4.0,-70.0
1777890778.5383325,2.0,4.0,-77.0
1777890778.5483325,4.0,4.0,-75.0
1777890778.5583324,9.0,4.0,-70.0
1777890778.5683324,8.0,2.0,-67.0
1777890778.5783324,7.0,-2.0,-69.0
1777890778.5883324,13.0,-1.0,-74.0
1777890778.5983324,5.0,-2.0,-77.0
1777890778.6083324,2.0,-1.0,-79.0
1777890778.6183324,-4.0,-1.0,-84.0
1777890778.6283324,-6.0,2.0,-85.0
1777890778.6383324,-1.0,2.0,-85.0
1777890778.6483324,-1.0,0.0,-81.0
1777890778.6583323,0.0,3.0,-84.0
1777890778.6683323,-1.0,2.0,-84.0
1777890778.6783323,2.0,3.0,-86.0
1777890778.6883323,0.0,0.0,-86.0
1777890778.6983323,1.0,0.0,-85.0
1777890778.7083323,0.0,-4.0,-79.0
1777890778.7183323,0.0,-3.0,-79.0
1777890778.7283323,-1.0,-5.0,-78.0
1777890778.7383325,-3.0,-4.0,-76.0
1777890778.7483325,0.0,-2.0,-78.0
1777890778.7583325,3.0,0.0,-90.0
1777890778.7683325,4.0,0.0,-87.0
1777890778.7783325,1.0,-1.0,-88.0
1777890778.7883325,0.0,-4.0,-91.0
1777890778.7983325,4.0,0.0,-90.0
1777890778.8083324,5.0,3.0,-90.0
1777890778.8183324,0.0,0.0,-85.0
1777890778.8283324,-1.0,1.0,-83.0
1777890778.8383324,0.0,0.0,-77.0
1777890778.8483324,1.0,-2.0,-77.0
1777890778.8583324,-3.0,1.0,-70.0
1777890778.8683324,-4.0,0.0,-72.0
1777890778.8783324,-4.0,-1.0,-70.0
1777890778.8883324,4.0,-3.0,-68.0
1777890778.8983324,3.0,-6.0,-69.0
1777890778.9083323,3.0,-7.0,-73.0
1777890778.9183323,0.0,-8.0,-69.0
1777890778.9283323,-3.0,-4.0,-70.0
1777890778.9383323,-1.0,-4.0,-64.0
1777890778.9483323,-4.0,-4.0,-67.0
1777890778.9583323,-4.0,-3.0,-71.0
1777890778.9683323,-2.0,-5.0,-71.0
1777890778.9783323,1.0,-3.0,-75.0
1777890778.9883325,3.0,-1.0,-77.0
1777890778.9983325,1.0,-1.0,-76.0
1777890779.0083325,3.0,0.0,-74.0
1777890779.0183325,6.0,-2.0,-71.0
1777890779.0283325,6.0,-4.0,-72.0
1777890779.0383325,3.0,-3.0,-72.0
1777890779.0483325,2.0,0.0,-75.0
1777890779.0583324,4.0,1.0,-74.0
1777890779.0683324,0.0,2.0,-73.0
1777890779.0783324,2.0,5.0,-79.0
1777890779.0883324,2.0,3.0,-84.0
1777890779.0983324,2.0,0.0,-77.0
1777890779.1083324,-1.0,1.0,-76.0
1777890779.1183324,-4.0,0.0,-69.0
1777890779.1283324,-5.0,-1.0,-69.0
1777890779.1383324,1.0,0.0,-75.0
1777890779.1483324,0.0,1.0,-75.0
1777890779.1583323,0.0,0.0,-68.0
1777890779.1683323,1.0,-5.0,-66.0
1777890779.1783323,4.0,-6.0,-69.0
1777890779.1883323,0.0,-3.0,-74.0
1777890779.1983323,-1.0,-1.0,-73.0
1777890779.2083323,1.0,-3.0,-76.0
1777890779.2183323,1.0,-8.0,-72.0
1777890779.2283323,1.0,-3.0,-74.0
1777890779.2383325,3.0,-3.0,-78.0
1777890779.2483325,3.0,0.0,-75.0
1777890779.2583325,0.0,-4.0,-76.0
1777890779.2683325,0.0,-1.0,-70.0
1777890779.2783325,0.0,-2.0,-69.0
1777890779.2883325,0.0,0.0,-72.0
1777890779.2983325,-1.0,-2.0,-69.0
1777890779.3083324,0.0,-5.0,-60.0
1777890779.3183324,-1.0,-7.0,-64.0
1777890779.3283324,-3.0,-6.0,-76.0
1777890779.3383324,2.0,-4.0,-67.0
1777890779.3483324,3.0,-9.0,-67.0
1777890779.3583324,1.0,-9.0,-64.0
1777890779.3683324,3.0,-14.0,-65.0
1777890779.3783324,0.0,-12.0,-63.0
1777890779.3883324,0.0,-10.0,-64.0
1777890779.3983324,5.0,-9.0,-66.0
1777890779.4083323,3.0,-6.0,-72.0
1777890779.4183323,6.0,-2.0,-73.0
1777890779.4283323,3.0,-3.0,-69.0
1777890779.4383323,0.0,-2.0,-73.0
1777890779.4483323,0.0,-6.0,-69.0
1777890779.4583323,-2.0,-6.0,-72.0
1777890779.4683323,-5.0,-7.0,-74.0
1777890779.4783323,-2.0,-3.0,-69.0
1777890779.4883325,0.0,-1.0,-72.0
1777890779.4983325,0.0,-1.0,-68.0
1777890779.5083325,-3.0,-3.0,-65.0
1777890779.5183325,-3.0,-4.0,-71.0
1777890779.5283325,-3.0,-3.0,-72.0
1777890779.5383325,-4.0,-1.0,-69.0
1777890779.5483325,0.0,0.0,-73.0
1777890779.5583324,3.0,-1.0,-76.0
1777890779.5683324,1.0,2.0,-73.0
1777890779.5783324,-2.0,-1.0,-80.0
1777890779.5883324,-8.0,-2.0,-73.0
1777890779.5983324,-4.0,0.0,-70.0
1777890779.6083324,-5.0,-1.0,-74.0
1777890779.6183324,-5.0,-3.0,-78.0
1777890779.6283324,-5.0,3.0,-84.0
1777890779.6383324,-1.0,1.0,-81.0
1777890779.6483324,0.0,-3.0,-78.0
1777890779.6583323,4.0,-7.0,-78.0
1777890779.6683323,2.0,-3.0,-83.0
1777890779.6783323,0.0,-1.0,-81.0
1777890779.6883323,0.0,-3.0,-81.0
1777890779.6983323,-3.0,-4.0,-75.0
1777890779.7083323,-2.0,-6.0,-69.0
1777890779.7183323,-1.0,-5.0,-70.0
1777890779.7283323,2.0,-9.0,-68.0
1777890779.7383325,3.0,-5.0,-68.0
1777890779.7483325,0.0,-1.0,-61.0
1777890779.7583325,-3.0,-2.0,-72.0
1777890779.7683325,-3.0,-2.0,-75.0
1777890779.7783325,-2.0,-3.0,-78.0
1777890779.7883325,0.0,-3.0,-70.0
1777890779.7983325,2.0,-5.0,-71.0
1777890779.8083324,4.0,0.0,-72.0
1777890779.8183324,4.0,-7.0,-70.0
1777890779.8283324,5.0,-6.0,-71.0
1777890779.8383324,7.0,0.0,-73.0
1777890779.8483324,9.0,4.0,-69.0
1777890779.8583324,4.0,4.0,-72.0
1777890779.8683324,-2.0,1.0,-72.0
1777890779.8783324,0.0,-1.0,-75.0
1777890779.8883324,-2.0,-1.0,-80.0
1777890779.8983324,0.0,3.0,-83.0
1777890779.9083323,0.0,3.0,-77.0
1777890779.9183323,1.0,6.0,-75.0
1777890779.9283323,0.0,4.0,-75.0
1777890779.9383323,0.0,3.0,-75.0
1777890779.9483323,-1.0,3.0,-75.0
1777890779.9583323,-2.0,4.0,-71.0
1777890779.9683323,-5.0,0.0,-73.0
1777890779.9783323,0.0,1.0,-76.0
1777890779.9883325,-1.0,2.0,-77.0
1777890779.9983325,1.0,0.0,-73.0
1777890780.0083325,1.0,0.0,-75.0
1777890780.0183325,5.0,1.0,-78.0
1777890780.0283325,3.0,-1.0,-82.0
1777890780.0383325,3.0,-2.0,-81.0
1777890780.0483325,1.0,-3.0,-71.0
1777890780.0583324,-1.0,-1.0,-73.0
1777890780.0683324,-2.0,-1.0,-72.0
1777890780.0783324,2.0,0.0,-71.0
1777890780.0883324,4.0,0.0,-68.0
1777890780.0983324,3.0,1.0,-69.0
1777890780.1083324,0.0,0.0,-67.0
1777890780.1183324,1.0,0.0,-75.0
1777890780.1283324,0.0,1.0,-74.0
1777890780.1383324,4.0,-4.0,-74.0
1777890780.1493323,11.0,-6.0,-73.0
1777890780.1583323,11.0,-6.0,-72.0
1777890780.1693325,8.0,-4.0,-82.0
1777890780.1793325,3.0,-2.0,-78.0
1777890780.1893325,2.0,0.0,-77.0
1777890780.1993325,2.0,-2.0,-72.0
1777890780.2093325,5.0,0.0,-71.0
1777890780.2193325,3.0,0.0,-67.0
1777890780.2293324,0.0,-2.0,-65.0
1777890780.2393324,-2.0,-2.0,-71.0
1777890780.2493324,0.0,-1.0,-68.0
1777890780.2593324,0.0,0.0,-69.0
1777890780.2693324,-1.0,3.0,-76.0
1777890780.2793324,0.0,0.0,-77.0
1777890780.2893324,2.0,-1.0,-72.0
1777890780.2993324,3.0,-3.0,-81.0
1777890780.3093324,3.0,-3.0,-78.0
1777890780.3193324,0.0,-5.0,-74.0
1777890780.3293324,-1.0,-1.0,-69.0
1777890780.3393323,0.0,-3.0,-69.0
1777890780.3493323,-1.0,-6.0,-65.0
1777890780.3593323,-1.0,-4.0,-74.0
1777890780.3693323,1.0,-3.0,-74.0
1777890780.3793323,-2.0,1.0,-71.0
1777890780.3893323,0.0,5.0,-77.0
1777890780.3993323,-1.0,2.0,-78.0
1777890780.4093325,-2.0,-1.0,-70.0
1777890780.4193325,-1.0,-1.0,-60.0
1777890780.4293325,-1.0,1.0,-65.0
1777890780.4393325,-1.0,1.0,-65.0
1777890780.4493325,-5.0,0.0,-71.0
1777890780.4593325,-2.0,3.0,-77.0
1777890780.4693325,-4.0,1.0,-77.0
1777890780.4793324,0.0,0.0,-83.0
1777890780.4893324,0.0,1.0,-76.0
1777890780.4993324,2.0,-4.0,-77.0
1777890780.5093324,3.0,-7.0,-77.0
1777890780.5193324,1.0,-12.0,-67.0
1777890780.5293324,2.0,-8.0,-66.0
1777890780.5393324,3.0,-4.0,-67.0
1777890780.5493324,1.0,-4.0,-69.0
1777890780.5593324,-1.0,-5.0,-68.0
1777890780.5693324,-4.0,-4.0,-71.0
1777890780.5793324,-1.0,-3.0,-70.0
1777890780.5893323,-2.0,0.0,-69.0
1777890780.5993323,-2.0,3.0,-71.0
1777890780.6093323,0.0,6.0,-65.0
1777890780.6193323,-2.0,6.0,-65.0
1777890780.6293323,0.0,2.0,-69.0
1777890780.6393323,-1.0,-1.0,-75.0
1777890780.6493323,0.0,-3.0,-83.0
1777890780.6593325,0.0,-9.0,-87.0
1777890780.6693325,0.0,-8.0,-85.0
1777890780.6793325,-1.0,-5.0,-77.0
1777890780.6893325,0.0,-4.0,-69.0
1777890780.6993325,-2.0,-3.0,-65.0
1777890780.7093325,1.0,-2.0,-65.0
1777890780.7193325,5.0,0.0,-65.0
1777890780.7293324,3.0,1.0,-73.0
1777890780.7393324,7.0,1.0,-76.0
1777890780.7493324,9.0,-1.0,-73.0
1777890780.7593324,13.0,0.0,-82.0
1777890780.7693324,14.0,3.0,-84.0
1777890780.7793324,16.0,4.0,-77.0
1777890780.7893324,14.0,2.0,-72.0
1777890780.7993324,12.0,-2.0,-70.0
1777890780.8093324,10.0,0.0,-77.0
1777890780.8193324,4.0,0.0,-77.0
1777890780.8293324,5.0,-2.0,-80.0
1777890780.8393323,1.0,-2.0,-77.0
1777890780.8493323,0.0,0.0,-72.0
1777890780.8593323,-6.0,0.0,-75.0
1777890780.8693323,-4.0,0.0,-71.0
1777890780.8793323,-4.0,0.0,-80.0
1777890780.8893323,0.0,-1.0,-79.0
1777890780.8993323,-1.0,0.0,-71.0
1777890780.9093325,2.0,0.0,-69.0
1777890780.9193325,2.0,-3.0,-69.0
1777890780.9293325,1.0,-1.0,-74.0
1777890780.9393325,6.0,-1.0,-78.0
1777890780.9493325,6.0,-3.0,-72.0
1777890780.9593325,1.0,-3.0,-69.0
1777890780.9693325,-1.0,-3.0,-70.0
1777890780.9793324,0.0,-5.0,-64.0
1777890780.9893324,2.0,-4.0,-64.0
1777890780.9993324,0.0,1.0,-67.0
1777890781.0093324,-1.0,4.0,-69.0
1777890781.0193324,-6.0,1.0,-73.0
1777890781.0293324,-3.0,2.0,-70.0
1777890781.0393324,-5.0,7.0,-71.0
1777890781.0493324,-2.0,5.0,-68.0
1777890781.0593324,-2.0,0.0,-70.0
1777890781.0693324,-2.0,1.0,-70.0
1777890781.0793324,0.0,1.0,-70.0
1777890781.0893323,0.0,2.0,-70.0
1777890781.0993323,2.0,5.0,-69.0
1777890781.1093323,6.0,4.0,-70.0
1777890781.1193323,3.0,2.0,-71.0
1777890781.1293323,7.0,-1.0,-67.0
1777890781.1393323,12.0,-1.0,-67.0
1777890781.1493323,12.0,0.0,-66.0
1777890781.1593325,12.0,1.0,-68.0
1777890781.1693325,10.0,1.0,-72.0
1777890781.1793325,8.0,2.0,-70.0
1777890781.1893325,6.0,0.0,-69.0
1777890781.1993325,9.0,-3.0,-76.0
1777890781.2093325,8.0,-13.0,-75.0
1777890781.2193325,7.0,-12.0,-76.0
1777890781.2293324,5.0,-12.0,-68.0
1777890781.2393324,2.0,-9.0,-67.0
1777890781.2493324,-1.0,-11.0,-63.0
1777890781.2593324,0.0,-9.0,-62.0
1777890781.2693324,0.0,-8.0,-73.0
1777890781.2793324,-6.0,-11.0,-72.0
1777890781.2893324,-4.0,-6.0,-71.0
1777890781.2993324,-2.0,-2.0,-73.0
1777890781.3093324,3.0,-2.0,-76.0
1777890781.3193324,1.0,-3.0,-76.0
1777890781.3293324,3.0,-5.0,-78.0
1777890781.3393323,3.0,3.0,-72.0
1777890781.3493323,-1.0,4.0,-72.0
1777890781.3593323,1.0,7.0,-69.0
1777890781.3693323,4.0,6.0,-69.0
1777890781.3793323,7.0,5.0,-68.0
1777890781.3893323,6.0,5.0,-65.0
1777890781.3993323,5.0,6.0,-69.0
1777890781.4093325,4.0,5.0,-70.0
1777890781.4193325,3.0,2.0,-71.0
1777890781.4293325,3.0,1.0,-71.0
1777890781.4393325,0.0,-3.0,-74.0
1777890781.4493325,-5.0,-1.0,-75.0
1777890781.4593325,-2.0,0.0,-68.0
1777890781.4693325,-2.0,3.0,-67.0
1777890781.4793324,0.0,3.0,-67.0
1777890781.4893324,-7.0,4.0,-72.0
1777890781.4993324,-7.0,0.0,-70.0
1777890781.5093324,-5.0,1.0,-71.0
1777890781.5193324,-7.0,2.0,-66.0
1777890781.5293324,-5.0,-1.0,-66.0
1777890781.5393324,-8.0,0.0,-64.0
1777890781.5493324,-4.0,-2.0,-67.0
1777890781.5593324,-6.0,-3.0,-77.0
1777890781.5693324,-9.0,-1.0,-76.0
1777890781.5793324,-9.0,-2.0,-76.0
1777890781.5893323,0.0,-3.0,-77.0
1777890781.5993323,1.0,-5.0,-74.0
1777890781.6093323,3.0,-5.0,-77.0
1777890781.6193323,4.0,-4.0,-79.0
1777890781.6293323,6.0,-6.0,-78.0
1777890781.6393323,0.0,-6.0,-74.0
1777890781.6493323,0.0,-4.0,-70.0
1777890781.6593325,2.0,-4.0,-71.0
1777890781.6693325,0.0,-6.0,-66.0
1777890781.6793325,-1.0,-6.0,-68.0
1777890781.6893325,-1.0,-3.0,-68.0
1777890781.6993325,2.0,-2.0,-67.0
1777890781.7093325,5.0,0.0,-71.0
1777890781.7193325,7.0,-1.0,-72.0
1777890781.7293324,14.0,1.0,-64.0
1777890781.7393324,15.0,3.0,-64.0
1777890781.7493324,9.0,0.0,-65.0
1777890781.7593324,10.0,0.0,-64.0
1777890781.7693324,6.0,-1.0,-60.0
1777890781.7793324,6.0,-2.0,-59.0
1777890781.7893324,6.0,-4.0,-60.0
1777890781.7993324,5.0,-3.0,-66.0
1777890781.8093324,8.0,-4.0,-70.0
1777890781.8193324,5.0,-1.0,-69.0
1777890781.8293324,2.0,1.0,-67.0
1777890781.8393323,2.0,0.0,-70.0
1777890781.8493323,1.0,0.0,-72.0
1777890781.8593323,-3.0,3.0,-74.0
1777890781.8693323,-4.0,7.0,-71.0
1777890781.8793323,0.0,0.0,-69.0
1777890781.8893323,-1.0,0.0,-66.0
1777890781.8993323,-3.0,-1.0,-66.0
1777890781.9093325,-2.0,0.0,-70.0
1777890781.9193325,2.0,-2.0,-72.0
1777890781.9293325,2.0,-2.0,-78.0
1777890781.9393325,0.0,0.0,-76.0
1777890781.9493325,-1.0,-3.0,-73.0
1777890781.9593325,-1.0,1.0,-70.0
1777890781.9693325,-2.0,1.0,-66.0
1777890781.9793324,0.0,-1.0,-67.0
1777890781.9893324,1.0,-1.0,-70.0
1777890781.9993324,2.0,-2.0,-71.0
1777890782.0093324,1.0,-3.0,-69.0
1777890782.0193324,1.0,-3.0,-64.0
1777890782.0293324,1.0,-3.0,-66.0
1777890782.0393324,3.0,-3.0,-67.0
1777890782.0493324,1.0,-2.0,-60.0
1777890782.0593324,-1.0,0.0,-65.0
1777890782.0693324,0.0,-1.0,-63.0
1777890782.0793324,-1.0,-2.0,-60.0
1777890782.0893323,3.0,2.0,-60.0
1777890782.0993323,9.0,2.0,-59.0
1777890782.1093323,4.0,2.0,-62.0
1777890782.1193323,6.0,3.0,-72.0
1777890782.1293323,6.0,0.0,-63.0
1777890782.1393323,5.0,-2.0,-66.0
1777890782.1493323,7.0,0.0,-65.0
1777890782.1603324,5.0,-3.0,-63.0
1777890782.1703324,4.0,-4.0,-64.0
1777890782.1803324,4.0,0.0,-61.0
1777890782.1903324,2.0,0.0,-59.0
1777890782.2003324,0.0,1.0,-61.0
1777890782.2103324,-3.0,-1.0,-64.0
1777890782.2203324,-7.0,-2.0,-62.0
1777890782.2303324,-6.0,-5.0,-67.0
1777890782.2403324,-5.0,-3.0,-67.0
1777890782.2503324,-3.0,-3.0,-72.0
1777890782.2603323,-2.0,-1.0,-76.0
1777890782.2703323,0.0,0.0,-80.0
1777890782.2803323,0.0,-4.0,-83.0
1777890782.2903323,-3.0,0.0,-87.0
1777890782.3003323,-1.0,0.0,-93.0
1777890782.3103323,1.0,-2.0,-87.0
1777890782.3203323,4.0,-3.0,-79.0
1777890782.3303325,4.0,-2.0,-79.0
1777890782.3403325,0.0,-4.0,-72.0
1777890782.3503325,4.0,-4.0,-74.0
1777890782.3603325,5.0,-2.0,-76.0
1777890782.3703325,6.0,-2.0,-74.0
1777890782.3803325,5.0,-4.0,-77.0
1777890782.3903325,5.0,-4.0,-73.0
1777890782.4003325,7.0,0.0,-71.0
1777890782.4103324,4.0,3.0,-67.0
1777890782.4203324,4.0,5.0,-70.0
1777890782.4303324,7.0,5.0,-71.0
1777890782.4403324,5.0,4.0,-71.0
1777890782.4503324,6.0,-2.0,-70.0
1777890782.4603324,2.0,-1.0,-65.0
1777890782.4703324,0.0,0.0,-68.0
1777890782.4803324,4.0,0.0,-64.0
1777890782.4903324,7.0,-3.0,-62.0
1777890782.5003324,1.0,-5.0,-67.0
1777890782.5103323,0.0,-2.0,-72.0
1777890782.5203323,1.0,2.0,-73.0
1777890782.5303323,2.0,-1.0,-74.0
1777890782.5403323,5.0,0.0,-70.0
1777890782.5503323,6.0,0.0,-72.0
1777890782.5603323,4.0,1.0,-72.0
1777890782.5703323,6.0,0.0,-72.0
1777890782.5803325,7.0,2.0,-77.0
1777890782.5903325,6.0,0.0,-81.0
1777890782.6003325,3.0,3.0,-83.0
1777890782.6103325,0.0,2.0,-81.0
1777890782.6203325,1.0,1.0,-79.0
1777890782.6303325,2.0,4.0,-89.0
1777890782.6403325,1.0,5.0,-86.0
1777890782.6503325,2.0,3.0,-85.0
1777890782.6603324,-1.0,6.0,-85.0
1777890782.6703324,2.0,4.0,-82.0
1777890782.6803324,1.0,1.0,-78.0
1777890782.6903324,2.0,0.0,-76.0
1777890782.7003324,2.0,-3.0,-72.0
1777890782.7103324,1.0,-4.0,-71.0
1777890782.7203324,0.0,-2.0,-70.0
1777890782.7303324,-1.0,-3.0,-63.0
1777890782.7403324,0.0,0.0,-67.0
1777890782.7503324,0.0,4.0,-75.0
1777890782.7603323,3.0,7.0,-69.0
1777890782.7703323,0.0,2.0,-71.0
1777890782.7803323,0.0,6.0,-71.0
1777890782.7903323,-5.0,6.0,-68.0
1777890782.8003323,-5.0,8.0,-69.0
1777890782.8103323,-3.0,5.0,-73.0
1777890782.8203323,-1.0,1.0,-73.0
1777890782.8303325,0.0,0.0,-70.0
1777890782.8403325,1.0,-2.0,-72.0
1777890782.8503325,5.0,-4.0,-77.0
1777890782.8603325,2.0,-7.0,-76.0
1777890782.8703325,5.0,-3.0,-67.0
1777890782.8803325,3.0,1.0,-61.0
1777890782.8903325,-2.0,2.0,-68.0
1777890782.9003325,-1.0,4.0,-77.0
1777890782.9103324,-1.0,3.0,-81.0
1777890782.9203324,0.0,6.0,-79.0
1777890782.9303324,2.0,7.0,-78.0
1777890782.9403324,1.0,0.0,-80.0
1777890782.9503324,-3.0,2.0,-76.0
1777890782.9603324,2.0,4.0,-77.0
1777890782.9703324,-3.0,1.0,-75.0
1777890782.9803324,-5.0,4.0,-79.0
1777890782.9903324,0.0,5.0,-76.0
1777890783.0003324,1.0,2.0,-71.0
1777890783.0103323,4.0,1.0,-77.0
1777890783.0203323,3.0,0.0,-77.0
1777890783.0303323,2.0,-4.0,-78.0
1777890783.0403323,0.0,-5.0,-76.0
1777890783.0503323,1.0,-6.0,-74.0
1777890783.0603323,5.0,-4.0,-76.0
1777890783.0703323,7.0,-1.0,-76.0
1777890783.0803325,9.0,0.0,-75.0
1777890783.0903325,8.0,0.0,-79.0
1777890783.1003325,6.0,0.0,-76.0
1777890783.1103325,0.0,0.0,-72.0
1777890783.1203325,0.0,3.0,-78.0
1777890783.1303325,0.0,3.0,-78.0
1777890783.1403325,-2.0,5.0,-81.0
1777890783.1503325,-5.0,4.0,-79.0
1777890783.1603324,0.0,-1.0,-79.0
1777890783.1703324,-2.0,-5.0,-83.0
1777890783.1803324,-3.0,-6.0,-82.0
1777890783.1903324,-4.0,-6.0,-86.0
1777890783.2003324,-1.0,-4.0,-87.0
1777890783.2103324,0.0,-4.0,-81.0
1777890783.2203324,-2.0,-3.0,-74.0
1777890783.2303324,-6.0,-4.0,-64.0
1777890783.2403324,-7.0,-11.0,-69.0
1777890783.2503324,-5.0,-6.0,-69.0
1777890783.2603323,0.0,-8.0,-64.0
1777890783.2703323,4.0,-6.0,-66.0
1777890783.2803323,3.0,-8.0,-66.0
1777890783.2903323,6.0,-8.0,-69.0
1777890783.3003323,8.0,-4.0,-66.0
1777890783.3103323,6.0,-3.0,-71.0
1777890783.3203323,1.0,0.0,-81.0
1777890783.3303325,0.0,3.0,-71.0
1777890783.3403325,-9.0,4.0,-63.0
1777890783.3503325,-10.0,0.0,-67.0
1777890783.3603325,-8.0,0.0,-67.0
1777890783.3703325,-7.0,0.0,-66.0
1777890783.3803325,-6.0,2.0,-66.0
1777890783.3903325,-4.0,-1.0,-69.0
1777890783.4003325,-2.0,1.0,-70.0
1777890783.4103324,1.0,0.0,-75.0
1777890783.4203324,0.0,2.0,-75.0
1777890783.4303324,-2.0,0.0,-72.0
1777890783.4403324,6.0,0.0,-68.0
1777890783.4503324,7.0,-1.0,-70.0
1777890783.4603324,9.0,-4.0,-76.0
1777890783.4703324,5.0,-6.0,-71.0
1777890783.4803324,6.0,-9.0,-70.0
1777890783.4903324,8.0,-11.0,-66.0
1777890783.5003324,6.0,-8.0,-67.0
1777890783.5103323,5.0,-8.0,-65.0
1777890783.5203323,4.0,-5.0,-56.0
1777890783.5303323,4.0,0.0,-55.0
1777890783.5403323,5.0,-3.0,-59.0
1777890783.5503323,3.0,-8.0,-61.0
1777890783.5603323,1.0,-4.0,-64.0
1777890783.5703323,1.0,-7.0,-70.0
1777890783.5803325,-4.0,-5.0,-72.0
1777890783.5903325,-5.0,0.0,-76.0
1777890783.6003325,0.0,1.0,-77.0
1777890783.6103325,0.0,0.0,-79.0
1777890783.6203325,4.0,-1.0,-72.0
1777890783.6303325,4.0,0.0,-69.0
1777890783.6403325,4.0,-3.0,-67.0
1777890783.6503325,4.0,-1.0,-66.0
1777890783.6603324,6.0,-2.0,-73.0
1777890783.6703324,7.0,2.0,-67.0
1777890783.6803324,6.0,4.0,-69.0
1777890783.6903324,0.0,2.0,-71.0
1777890783.7003324,-3.0,4.0,-71.0
1777890783.7103324,-2.0,-2.0,-73.0
1777890783.7203324,1.0,-1.0,-69.0
1777890783.7303324,4.0,-1.0,-65.0
1777890783.7403324,6.0,0.0,-70.0
1777890783.7503324,3.0,0.0,-73.0
1777890783.7603323,3.0,0.0,-72.0
1777890783.7703323,8.0,-1.0,-66.0
1777890783.7803323,7.0,0.0,-66.0
1777890783.7903323,7.0,-1.0,-67.0
1777890783.8003323,5.0,0.0,-72.0
1777890783.8103323,3.0,-1.0,-66.0
1777890783.8203323,1.0,-4.0,-68.0
1777890783.8303325,0.0,0.0,-67.0
1777890783.8403325,0.0,-2.0,-69.0
1777890783.8503325,5.0,-2.0,-65.0
1777890783.8603325,4.0,-3.0,-63.0
1777890783.8703325,1.0,-1.0,-62.0
1777890783.8803325,-1.0,-3.0,-62.0
1777890783.8903325,3.0,-1.0,-62.0
1777890783.9003325,1.0,-1.0,-63.0
1777890783.9103324,3.0,-2.0,-61.0
1777890783.9203324,0.0,-2.0,-66.0
1777890783.9303324,-1.0,-4.0,-67.0
1777890783.9403324,-7.0,-4.0,-71.0
1777890783.9503324,-6.0,-7.0,-74.0
1777890783.9603324,-7.0,-7.0,-72.0
1777890783.9703324,-4.0,-4.0,-72.0
1777890783.9803324,-4.0,-2.0,-73.0
1777890783.9903324,-6.0,-1.0,-70.0
1777890784.0003324,-4.0,-1.0,-77.0
1777890784.0103323,0.0,2.0,-73.0
1777890784.0203323,3.0,0.0,-73.0
1777890784.0303323,5.0,-1.0,-74.0
1777890784.0403323,3.0,0.0,-75.0
1777890784.0503323,1.0,0.0,-79.0
1777890784.0603323,3.0,2.0,-80.0
1777890784.0703323,6.0,0.0,-79.0
1777890784.0803325,5.0,-1.0,-74.0
1777890784.0903325,6.0,0.0,-80.0
1777890784.1003325,3.0,0.0,-80.0
1777890784.1103325,1.0,0.0,-80.0
1777890784.1203325,0.0,-4.0,-85.0
1777890784.1303325,4.0,-8.0,-75.0
1777890784.1413324,3.0,-8.0,-69.0
1777890784.1513324,4.0,-5.0,-74.0
1777890784.1613324,3.0,-1.0,-68.0
1777890784.1713324,5.0,0.0,-78.0
1777890784.1813323,4.0,0.0,-77.0
1777890784.1913323,0.0,3.0,-75.0
1777890784.2013323,5.0,1.0,-77.0
1777890784.2113323,4.0,2.0,-75.0
1777890784.2213323,5.0,1.0,-80.0
1777890784.2313323,3.0,2.0,-79.0
1777890784.2413323,6.0,0.0,-86.0
1777890784.2513323,5.0,-1.0,-81.0
1777890784.2613325,3.0,-2.0,-81.0
1777890784.2713325,0.0,-3.0,-82.0
1777890784.2813325,0.0,0.0,-78.0
1777890784.2913325,-1.0,0.0,-76.0
1777890784.3013325,0.0,0.0,-76.0
1777890784.3113325,0.0,2.0,-80.0
1777890784.3213325,-4.0,-1.0,-77.0
1777890784.3313324,0.0,-4.0,-76.0
1777890784.3413324,2.0,-4.0,-76.0
1777890784.3513324,0.0,-4.0,-80.0
1777890784.3613324,0.0,-2.0,-73.0
1777890784.3713324,5.0,-2.0,-69.0
1777890784.3813324,8.0,-1.0,-70.0
1777890784.3913324,4.0,0.0,-64.0
1777890784.4013324,6.0,3.0,-65.0
1777890784.4113324,7.0,8.0,-70.0
1777890784.4213324,0.0,4.0,-69.0
1777890784.4313323,-2.0,2.0,-74.0
1777890784.4413323,-1.0,0.0,-70.0
1777890784.4513323,1.0,-5.0,-76.0
1777890784.4613323,0.0,-3.0,-75.0
1777890784.4713323,0.0,-3.0,-78.0
1777890784.4813323,2.0,0.0,-71.0
1777890784.4913323,2.0,4.0,-64.0
1777890784.5013323,4.0,3.0,-62.0
1777890784.5113325,2.0,2.0,-70.0
1777890784.5213325,3.0,3.0,-74.0
1777890784.5313325,5.0,3.0,-77.0
1777890784.5413325,2.0,3.0,-70.0
1777890784.5513325,0.0,0.0,-68.0
1777890784.5613325,-5.0,-2.0,-69.0
1777890784.5713325,-6.0,-1.0,-73.0
1777890784.5813324,-4.0,-3.0,-72.0
1777890784.5913324,-2.0,-4.0,-71.0
1777890784.6013324,0.0,0.0,-70.0
1777890784.6113324,-2.0,1.0,-79.0
1777890784.6213324,-3.0,3.0,-83.0
1777890784.6313324,-7.0,1.0,-81.0
1777890784.6413324,-5.0,2.0,-73.0
1777890784.6513324,-4.0,-2.0,-66.0
1777890784.6613324,-6.0,1.0,-69.0
1777890784.6713324,-8.0,0.0,-71.0
1777890784.6813323,-10.0,1.0,-70.0
1777890784.6913323,-9.0,-4.0,-66.0
1777890784.7013323,-7.0,-3.0,-68.0
1777890784.7113323,-6.0,-2.0,-68.0
1777890784.7213323,-9.0,-3.0,-70.0
1777890784.7313323,-5.0,-7.0,-73.0
1777890784.7413323,-5.0,-2.0,-71.0
1777890784.7513323,-6.0,0.0,-69.0
1777890784.7613325,2.0,1.0,-66.0
1777890784.7713325,4.0,-1.0,-65.0
1777890784.7813325,2.0,0.0,-70.0
1777890784.7913325,4.0,3.0,-74.0
1777890784.8013325,3.0,4.0,-67.0
1777890784.8113325,3.0,0.0,-64.0
1777890784.8213325,5.0,1.0,-67.0
1777890784.8313324,1.0,-3.0,-70.0
1777890784.8413324,4.0,-6.0,-70.0
1777890784.8513324,0.0,-4.0,-71.0
1777890784.8613324,0.0,0.0,-73.0
1777890784.8713324,3.0,0.0,-73.0
1777890784.8813324,7.0,1.0,-70.0
1777890784.8913324,4.0,-1.0,-66.0
1777890784.9013324,4.0,-3.0,-66.0
1777890784.9113324,5.0,-2.0,-76.0
1777890784.9213324,2.0,-4.0,-79.0
1777890784.9313323,1.0,-4.0,-77.0
1777890784.9413323,-1.0,0.0,-81.0
1777890784.9513323,-3.0,-1.0,-85.0
1777890784.9613323,-2.0,-1.0,-82.0
1777890784.9713323,-3.0,5.0,-73.0
1777890784.9813323,-6.0,2.0,-76.0
1777890784.9913323,0.0,2.0,-77.0
1777890785.0013323,-1.0,0.0,-69.0
1777890785.0113325,0.0,-1.0,-68.0
1777890785.0213325,1.0,0.0,-73.0
1777890785.0313325,3.0,1.0,-79.0
1777890785.0413325,4.0,3.0,-72.0
1777890785.0513325,8.0,2.0,-69.0
1777890785.0613325,10.0,2.0,-68.0
1777890785.0713325,3.0,0.0,-66.0
1777890785.0813324,2.0,-1.0,-66.0
1777890785.0913324,0.0,-5.0,-68.0
1777890785.1013324,-5.0,-5.0,-82.0
1777890785.1113324,-2.0,0.0,-76.0
1777890785.1213324,0.0,-3.0,-73.0
1777890785.1313324,0.0,-3.0,-72.0
1777890785.1413324,-2.0,-2.0,-79.0
1777890785.1513324,1.0,3.0,-71.0
1777890785.1613324,3.0,4.0,-77.0
1777890785.1713324,2.0,8.0,-77.0
1777890785.1813323,0.0,9.0,-70.0
1777890785.1913323,1.0,10.0,-67.0
1777890785.2013323,5.0,11.0,-65.0
1777890785.2113323,8.0,6.0,-66.0
1777890785.2213323,10.0,2.0,-69.0
1777890785.2313323,7.0,-3.0,-76.0
1777890785.2413323,6.0,-2.0,-74.0
1777890785.2513323,7.0,0.0,-74.0
1777890785.2613325,5.0,-5.0,-79.0
1777890785.2713325,5.0,-3.0,-79.0
1777890785.2813325,4.0,-6.0,-75.0
1777890785.2913325,0.0,-1.0,-80.0
1777890785.3013325,-6.0,-2.0,-79.0
1777890785.3113325,1.0,0.0,-75.0
1777890785.3213325,0.0,-2.0,-77.0
1777890785.3313324,0.0,-2.0,-79.0
1777890785.3413324,0.0,1.0,-77.0
1777890785.3513324,-2.0,1.0,-79.0
1777890785.3613324,-4.0,0.0,-86.0
1777890785.3713324,0.0,-2.0,-78.0
1777890785.3813324,0.0,-3.0,-75.0
1777890785.3913324,0.0,-3.0,-76.0
1777890785.4013324,-4.0,-3.0,-80.0
1777890785.4113324,-2.0,0.0,-88.0
1777890785.4213324,2.0,2.0,-88.0
1777890785.4313323,6.0,2.0,-86.0
1777890785.4413323,3.0,-1.0,-81.0
1777890785.4513323,8.0,-4.0,-79.0
1777890785.4613323,7.0,-4.0,-76.0
1777890785.4713323,6.0,-6.0,-73.0
1777890785.4813323,3.0,-4.0,-69.0
1777890785.4913323,4.0,-3.0,-64.0
1777890785.5013323,3.0,0.0,-66.0
1777890785.5113325,2.0,2.0,-72.0
1777890785.5213325,0.0,9.0,-75.0
1777890785.5313325,-3.0,8.0,-74.0
1777890785.5413325,0.0,8.0,-74.0
1777890785.5513325,-4.0,1.0,-77.0
1777890785.5613325,-5.0,4.0,-76.0
1777890785.5713325,-5.0,6.0,-68.0
1777890785.5813324,-2.0,8.0,-69.0
1777890785.5913324,0.0,7.0,-76.0
1777890785.6013324,5.0,10.0,-69.0
1777890785.6113324,9.0,6.0,-68.0
1777890785.6213324,10.0,3.0,-73.0
1777890785.6313324,7.0,3.0,-78.0
1777890785.6413324,6.0,1.0,-78.0
1777890785.6513324,3.0,0.0,-73.0
1777890785.6613324,2.0,-2.0,-71.0
1777890785.6713324,2.0,0.0,-65.0
1777890785.6813323,7.0,1.0,-68.0
1777890785.6913323,8.0,0.0,-66.0
1777890785.7013323,4.0,1.0,-71.0
1777890785.7113323,-1.0,0.0,-72.0
1777890785.7213323,0.0,0.0,-69.0
1777890785.7313323,-3.0,0.0,-66.0
1777890785.7413323,-4.0,0.0,-71.0
1777890785.7513323,-2.0,1.0,-83.0
1777890785.7613325,-1.0,0.0,-84.0
1777890785.7713325,4.0,-1.0,-75.0
1777890785.7813325,2.0,0.0,-73.0
1777890785.7913325,4.0,0.0,-69.0
1777890785.8013325,2.0,1.0,-71.0
1777890785.8113325,5.0,-1.0,-67.0
1777890785.8213325,5.0,-4.0,-71.0
1777890785.8313324,8.0,-5.0,-79.0
1777890785.8413324,6.0,-3.0,-83.0
1777890785.8513324,4.0,0.0,-74.0
1777890785.8613324,3.0,3.0,-77.0
1777890785.8713324,0.0,2.0,-74.0
1777890785.8813324,5.0,1.0,-78.0
1777890785.8913324,7.0,0.0,-77.0
1777890785.9013324,8.0,-3.0,-73.0
1777890785.9113324,9.0,-6.0,-70.0
1777890785.9213324,11.0,-7.0,-66.0
1777890785.9313323,9.0,-8.0,-75.0
1777890785.9413323,7.0,-10.0,-74.0
1777890785.9513323,2.0,-7.0,-68.0
1777890785.9613323,0.0,-7.0,-67.0
1777890785.9713323,2.0,-10.0,-68.0
1777890785.9813323,4.0,-8.0,-73.0
1777890785.9913323,2.0,-4.0,-73.0
1777890786.0013323,1.0,0.0,-73.0
1777890786.0113325,4.0,0.0,-82.0
1777890786.0213325,1.0,1.0,-86.0
1777890786.0313325,1.0,5.0,-76.0
1777890786.0413325,1.0,0.0,-74.0
1777890786.0513325,-2.0,-2.0,-69.0
1777890786.0613325,-5.0,-4.0,-67.0
1777890786.0713325,-3.0,-6.0,-70.0
1777890786.0813324,-4.0,-7.0,-72.0
1777890786.0923324,-2.0,-10.0,-73.0
1777890786.1013324,-6.0,-5.0,-72.0
1777890786.1113324,-5.0,-2.0,-72.0
1777890786.1213324,0.0,-4.0,-68.0
1777890786.1323323,-1.0,-8.0,-70.0
1777890786.1423323,-5.0,-8.0,-74.0
1777890786.1523323,-10.0,-6.0,-73.0
1777890786.1623323,-11.0,-3.0,-70.0
1777890786.1723323,-7.0,0.0,-71.0
1777890786.1823325,-2.0,0.0,-76.0
1777890786.1923325,0.0,0.0,-75.0
1777890786.2023325,4.0,2.0,-74.0
1777890786.2123325,2.0,-5.0,-75.0
1777890786.2223325,2.0,-6.0,-70.0
1777890786.2323325,0.0,-6.0,-73.0
1777890786.2423325,-2.0,-1.0,-73.0
1777890786.2523324,0.0,-1.0,-75.0
1777890786.2623324,3.0,-4.0,-74.0
1777890786.2723324,4.0,-5.0,-69.0
1777890786.2823324,6.0,-7.0,-68.0
1777890786.2923324,5.0,-7.0,-68.0
1777890786.3023324,5.0,-3.0,-75.0
1777890786.3123324,1.0,-3.0,-65.0
1777890786.3223324,0.0,-3.0,-68.0
1777890786.3323324,0.0,-1.0,-74.0
1777890786.3423324,2.0,2.0,-82.0
1777890786.3523324,3.0,0.0,-77.0
1777890786.3623323,3.0,1.0,-77.0
1777890786.3723323,2.0,3.0,-82.0
1777890786.3823323,0.0,3.0,-82.0
1777890786.3923323,4.0,7.0,-78.0
1777890786.4023323,7.0,3.0,-78.0
1777890786.4123323,5.0,-1.0,-83.0
1777890786.4223323,5.0,2.0,-73.0
1777890786.4323325,6.0,5.0,-69.0
1777890786.4423325,2.0,7.0,-76.0
1777890786.4523325,4.0,6.0,-70.0
1777890786.4623325,2.0,3.0,-76.0
1777890786.4723325,-2.0,2.0,-79.0
1777890786.4823325,0.0,1.0,-71.0
1777890786.4923325,-4.0,2.0,-70.0
1777890786.5023324,-3.0,0.0,-71.0
1777890786.5123324,-5.0,1.0,-76.0
1777890786.5223324,-3.0,3.0,-79.0
1777890786.5323324,-1.0,5.0,-80.0
1777890786.5423324,0.0,1.0,-80.0
1777890786.5523324,1.0,1.0,-77.0
1777890786.5623324,2.0,-3.0,-74.0
1777890786.5723324,4.0,-1.0,-74.0
1777890786.5823324,1.0,-3.0,-72.0
1777890786.5923324,0.0,-1.0,-77.0
1777890786.6023324,-1.0,-1.0,-74.0
1777890786.6123323,-4.0,0.0,-74.0
1777890786.6223323,-5.0,2.0,-67.0
1777890786.6323323,-8.0,1.0,-65.0
1777890786.6423323,-8.0,0.0,-69.0
1777890786.6523323,-5.0,-1.0,-73.0
1777890786.6623323,-3.0,-1.0,-74.0
1777890786.6723323,-5.0,-2.0,-74.0
1777890786.6823325,-3.0,0.0,-73.0
1777890786.6923325,2.0,1.0,-70.0
1777890786.7023325,0.0,1.0,-76.0
1777890786.7123325,4.0,0.0,-69.0
1777890786.7223325,2.0,-2.0,-75.0
1777890786.7323325,1.0,-3.0,-81.0
1777890786.7423325,1.0,0.0,-86.0
1777890786.7523324,1.0,-1.0,-81.0
1777890786.7623324,7.0,0.0,-83.0
1777890786.7723324,7.0,0.0,-84.0
1777890786.7823324,7.0,3.0,-77.0
1777890786.7923324,6.0,6.0,-70.0
1777890786.8023324,6.0,5.0,-61.0
1777890786.8123324,5.0,4.0,-65.0
1777890786.8223324,0.0,3.0,-73.0
1777890786.8323324,-2.0,2.0,-65.0
1777890786.8423324,-4.0,4.0,-63.0
1777890786.8523324,-3.0,4.0,-67.0
1777890786.8623323,-4.0,6.0,-71.0
1777890786.8723323,-11.0,3.0,-75.0
1777890786.8823323,-12.0,-1.0,-85.0
1777890786.8923323,-10.0,0.0,-79.0
1777890786.9023323,-9.0,-1.0,-77.0
1777890786.9123323,-5.0,0.0,-78.0
1777890786.9223323,-3.0,3.0,-82.0
1777890786.9323325,1.0,1.0,-84.0
1777890786.9423325,1.0,1.0,-84.0
1777890786.9523325,0.0,7.0,-88.0
1777890786.9623325,5.0,5.0,-89.0
1777890786.9723325,1.0,3.0,-81.0
1777890786.9823325,3.0,3.0,-76.0
1777890786.9923325,3.0,0.0,-71.0
1777890787.0023324,0.0,-2.0,-68.0
1777890787.0123324,0.0,-4.0,-73.0
1777890787.0223324,1.0,-3.0,-74.0
1777890787.0323324,1.0,-3.0,-72.0
1777890787.0423324,0.0,-6.0,-71.0
1777890787.0523324,0.0,-10.0,-75.0
1777890787.0623324,-4.0,-4.0,-81.0
1777890787.0723324,-5.0,-4.0,-76.0
1777890787.0823324,2.0,-5.0,-74.0
1777890787.0923324,5.0,-5.0,-73.0
1777890787.1023324,5.0,-4.0,-72.0
1777890787.1123323,5.0,-2.0,-77.0
1777890787.1223323,3.0,-2.0,-77.0
1777890787.1323323,0.0,-1.0,-71.0
1777890787.1423323,0.0,0.0,-72.0
1777890787.1523323,2.0,-1.0,-73.0
1777890787.1623323,4.0,-3.0,-76.0
1777890787.1723323,3.0,-4.0,-75.0
1777890787.1823325,4.0,-6.0,-80.0
1777890787.1923325,5.0,-5.0,-78.0
1777890787.2023325,2.0,-6.0,-77.0
1777890787.2123325,0.0,-3.0,-75.0
1777890787.2223325,1.0,-6.0,-74.0
1777890787.2323325,2.0,-2.0,-67.0
1777890787.2423325,2.0,-5.0,-73.0
1777890787.2523324,0.0,-1.0,-70.0
1777890787.2623324,1.0,0.0,-70.0
1777890787.2723324,0.0,4.0,-71.0
1777890787.2823324,2.0,7.0,-75.0
1777890787.2923324,2.0,7.0,-74.0
1777890787.3023324,2.0,5.0,-82.0
1777890787.3123324,2.0,0.0,-84.0
1777890787.3223324,1.0,0.0,-87.0
1777890787.3323324,7.0,-7.0,-86.0
1777890787.3423324,5.0,-8.0,-88.0
1777890787.3523324,0.0,-9.0,-87.0
1777890787.3623323,-2.0,-2.0,-76.0
1777890787.3723323,-5.0,-1.0,-69.0
1777890787.3823323,-3.0,0.0,-71.0
1777890787.3923323,-2.0,-2.0,-75.0
1777890787.4023323,-5.0,-3.0,-72.0
1777890787.4123323,-4.0,-4.0,-73.0
1777890787.4223323,-8.0,0.0,-67.0
1777890787.4323325,-5.0,0.0,-71.0
1777890787.4423325,-2.0,0.0,-74.0
1777890787.4523325,-6.0,0.0,-72.0
1777890787.4623325,-5.0,4.0,-72.0
1777890787.4723325,-2.0,5.0,-74.0
1777890787.4823325,-2.0,3.0,-80.0
1777890787.4923325,-1.0,2.0,-81.0
1777890787.5023324,2.0,1.0,-82.0
1777890787.5123324,2.0,-3.0,-77.0
1777890787.5223324,3.0,-2.0,-76.0
1777890787.5323324,0.0,0.0,-75.0
1777890787.5423324,0.0,3.0,-77.0
1777890787.5523324,-2.0,1.0,-68.0
1777890787.5623324,0.0,1.0,-65.0
1777890787.5723324,5.0,-1.0,-66.0
1777890787.5823324,2.0,-5.0,-65.0
1777890787.5923324,-4.0,-7.0,-71.0
1777890787.6023324,-2.0,-8.0,-70.0
1777890787.6123323,-2.0,-4.0,-71.0
1777890787.6223323,0.0,-4.0,-67.0
1777890787.6323323,4.0,1.0,-65.0
1777890787.6423323,3.0,-1.0,-68.0
1777890787.6523323,4.0,-1.0,-67.0
1777890787.6623323,3.0,3.0,-67.0
1777890787.6723323,5.0,3.0,-72.0
1777890787.6823325,4.0,4.0,-76.0
1777890787.6923325,1.0,5.0,-76.0
1777890787.7023325,-1.0,4.0,-78.0
1777890787.7123325,1.0,5.0,-75.0
1777890787.7223325,-2.0,-2.0,-70.0
1777890787.7323325,1.0,-2.0,-75.0
1777890787.7423325,1.0,0.0,-77.0
1777890787.7523324,1.0,0.0,-75.0
1777890787.7623324,1.0,1.0,-72.0
1777890787.7723324,4.0,3.0,-73.0
1777890787.7823324,0.0,1.0,-77.0
1777890787.7923324,-1.0,2.0,-77.0
1777890787.8023324,-1.0,2.0,-72.0
1777890787.8123324,-2.0,5.0,-75.0
1777890787.8223324,-2.0,4.0,-69.0
1777890787.8323324,-6.0,3.0,-77.0
1777890787.8423324,-4.0,2.0,-73.0
1777890787.8523324,-2.0,-1.0,-67.0
1777890787.8623323,0.0,-2.0,-75.0
1777890787.8723323,3.0,-1.0,-78.0
1777890787.8823323,1.0,-3.0,-83.0
1777890787.8923323,1.0,-2.0,-87.0
1777890787.9023323,1.0,-1.0,-81.0
1777890787.9123323,0.0,2.0,-75.0
1777890787.9223323,-4.0,4.0,-75.0
1777890787.9323325,-3.0,3.0,-79.0
1777890787.9423325,-4.0,4.0,-85.0
1777890787.9523325,0.0,4.0,-84.0
1777890787.9623325,3.0,4.0,-81.0
1777890787.9723325,4.0,1.0,-78.0
1777890787.9823325,6.0,0.0,-75.0
1777890787.9923325,3.0,1.0,-72.0
1777890788.0023324,3.0,2.0,-71.0
1777890788.0123324,1.0,1.0,-72.0
1777890788.0223324,0.0,3.0,-73.0
1777890788.0323324,0.0,5.0,-73.0
1777890788.0423324,4.0,3.0,-70.0
1777890788.0523324,4.0,1.0,-66.0
1777890788.0623324,5.0,-1.0,-66.0
1777890788.0723324,2.0,2.0,-66.0
1777890788.0833323,3.0,2.0,-64.0
1777890788.0923324,0.0,3.0,-69.0
1777890788.1023324,2.0,2.0,-73.0
1777890788.1123323,0.0,3.0,-70.0
1777890788.1233325,-1.0,1.0,-68.0
1777890788.1333325,-3.0,1.0,-67.0
1777890788.1433325,-1.0,0.0,-65.0
1777890788.1533325,0.0,-4.0,-63.0
1777890788.1633325,-7.0,-1.0,-64.0
1777890788.1733325,-8.0,-1.0,-71.0
1777890788.1833324,-7.0,0.0,-71.0
1777890788.1933324,-5.0,1.0,-73.0
1777890788.2033324,0.0,0.0,-70.0
1777890788.2133324,-1.0,-1.0,-72.0
1777890788.2233324,-4.0,-4.0,-73.0
1777890788.2333324,-4.0,-2.0,-72.0
1777890788.2433324,1.0,-3.0,-64.0
1777890788.2533324,5.0,0.0,-68.0
1777890788.2633324,5.0,-2.0,-67.0
1777890788.2733324,4.0,-5.0,-66.0
1777890788.2833323,6.0,-7.0,-69.0
1777890788.2933323,6.0,-3.0,-73.0
1777890788.3033323,6.0,-1.0,-71.0
1777890788.3133323,4.0,-3.0,-75.0
1777890788.3233323,2.0,-5.0,-71.0
1777890788.3333323,1.0,0.0,-70.0
1777890788.3433323,4.0,0.0,-70.0
1777890788.3533323,5.0,1.0,-66.0
1777890788.3633325,4.0,5.0,-74.0
1777890788.3733325,0.0,6.0,-74.0
1777890788.3833325,1.0,5.0,-78.0
1777890788.3933325,0.0,4.0,-76.0
1777890788.4033325,-1.0,4.0,-77.0
1777890788.4133325,-1.0,2.0,-73.0
1777890788.4233325,-1.0,0.0,-69.0
1777890788.4333324,-1.0,0.0,-78.0
1777890788.4433324,-1.0,0.0,-78.0
1777890788.4533324,0.0,-2.0,-72.0
1777890788.4633324,0.0,-5.0,-72.0
1777890788.4733324,1.0,-10.0,-75.0
1777890788.4833324,0.0,-10.0,-73.0
1777890788.4933324,0.0,-10.0,-69.0
1777890788.5033324,3.0,-7.0,-69.0
1777890788.5133324,4.0,-5.0,-73.0
1777890788.5233324,3.0,-2.0,-78.0
1777890788.5333323,3.0,-1.0,-78.0
1777890788.5433323,6.0,-2.0,-74.0
1777890788.5533323,4.0,-5.0,-76.0
1777890788.5633323,0.0,-4.0,-75.0
1777890788.5733323,1.0,-4.0,-75.0
1777890788.5833323,0.0,-2.0,-74.0
1777890788.5933323,-1.0,-1.0,-77.0
1777890788.6033323,5.0,-1.0,-80.0
1777890788.6133325,6.0,-1.0,-73.0
1777890788.6233325,11.0,-2.0,-76.0
1777890788.6333325,4.0,0.0,-78.0
1777890788.6433325,3.0,0.0,-71.0
1777890788.6533325,5.0,1.0,-70.0
1777890788.6633325,8.0,7.0,-71.0
1777890788.6733325,9.0,3.0,-75.0
1777890788.6833324,9.0,6.0,-79.0
1777890788.6933324,7.0,0.0,-80.0
1777890788.7033324,0.0,-1.0,-81.0
1777890788.7133324,4.0,1.0,-81.0
1777890788.7233324,9.0,3.0,-81.0
1777890788.7333324,11.0,1.0,-75.0
1777890788.7433324,10.0,2.0,-73.0
1777890788.7533324,3.0,-1.0,-75.0
1777890788.7633324,-2.0,0.0,-84.0
1777890788.7733324,-9.0,0.0,-80.0
1777890788.7833323,-5.0,5.0,-69.0
1777890788.7933323,-2.0,1.0,-72.0
1777890788.8033323,-2.0,3.0,-80.0
1777890788.8133323,-5.0,2.0,-67.0
1777890788.8233323,-7.0,2.0,-71.0
1777890788.8333323,-3.0,1.0,-70.0
1777890788.8433323,-1.0,0.0,-69.0
1777890788.8533323,0.0,0.0,-68.0
1777890788.8633325,2.0,0.0,-67.0
1777890788.8733325,-3.0,-2.0,-60.0
1777890788.8833325,-4.0,-5.0,-58.0
1777890788.8933325,-5.0,-4.0,-67.0
1777890788.9033325,-6.0,-7.0,-67.0
1777890788.9133325,-3.0,-8.0,-69.0
1777890788.9233325,-5.0,-6.0,-73.0
1777890788.9333324,-2.0,-8.0,-70.0
1777890788.9433324,0.0,-10.0,-61.0
1777890788.9533324,-4.0,-13.0,-66.0
1777890788.9633324,-8.0,-12.0,-70.0
1777890788.9733324,-5.0,-9.0,-75.0
1777890788.9833324,-5.0,-8.0,-74.0
1777890788.9933324,-2.0,-6.0,-68.0
1777890789.0033324,-1.0,-6.0,-70.0
1777890789.0133324,-4.0,-6.0,-68.0
1777890789.0233324,-2.0,-7.0,-71.0
1777890789.0333323,2.0,-5.0,-70.0
1777890789.0433323,3.0,-8.0,-68.0
1777890789.0533323,3.0,-8.0,-66.0
1777890789.0633323,5.0,-5.0,-61.0
1777890789.0733323,2.0,-6.0,-72.0
1777890789.0833323,3.0,-8.0,-72.0
1777890789.0933323,1.0,-7.0,-72.0
1777890789.1033323,3.0,-3.0,-76.0
1777890789.1133325,1.0,0.0,-82.0
1777890789.1233325,4.0,-1.0,-84.0
1777890789.1333325,1.0,-3.0,-76.0
1777890789.1433325,2.0,1.0,-77.0
1777890789.1533325,2.0,0.0,-73.0
1777890789.1633325,2.0,0.0,-75.0
1777890789.1733325,1.0,-1.0,-70.0
1777890789.1833324,5.0,-7.0,-70.0
1777890789.1933324,2.0,-9.0,-74.0
1777890789.2033324,2.0,-12.0,-72.0
1777890789.2133324,1.0,-5.0,-64.0
1777890789.2233324,3.0,-3.0,-66.0
1777890789.2333324,2.0,-3.0,-73.0
1777890789.2433324,-1.0,-2.0,-70.0
1777890789.2533324,2.0,-2.0,-68.0
1777890789.2633324,3.0,-3.0,-72.0
1777890789.2733324,1.0,-3.0,-71.0
1777890789.2833323,0.0,-5.0,-71.0
1777890789.2933323,1.0,-9.0,-71.0
1777890789.3033323,0.0,-13.0,-67.0
1777890789.3133323,-2.0,-12.0,-64.0
1777890789.3233323,0.0,-8.0,-68.0
1777890789.3333323,-3.0,-9.0,-77.0
1777890789.3433323,-6.0,-5.0,-83.0
1777890789.3533323,-6.0,-5.0,-80.0
1777890789.3633325,-1.0,-2.0,-76.0
1777890789.3733325,-1.0,0.0,-74.0
1777890789.3833325,1.0,0.0,-76.0
1777890789.3933325,0.0,-1.0,-76.0
1777890789.4033325,-3.0,2.0,-77.0
1777890789.4133325,-6.0,0.0,-71.0
1777890789.4233325,-2.0,-2.0,-76.0
1777890789.4333324,-3.0,-2.0,-76.0
1777890789.4433324,-1.0,-2.0,-70.0
1777890789.4533324,-2.0,0.0,-69.0
1777890789.4633324,-2.0,-2.0,-74.0
1777890789.4733324,-1.0,-4.0,-62.0
1777890789.4833324,-2.0,-3.0,-59.0
1777890789.4933324,-1.0,-2.0,-60.0
1777890789.5033324,0.0,-8.0,-62.0
1777890789.5133324,0.0,-5.0,-67.0
1777890789.5233324,1.0,-5.0,-73.0
1777890789.5333323,-2.0,-3.0,-78.0
1777890789.5433323,0.0,-3.0,-79.0
1777890789.5533323,0.0,-1.0,-74.0
1777890789.5633323,-3.0,0.0,-77.0
1777890789.5733323,1.0,-3.0,-78.0
1777890789.5833323,6.0,-1.0,-77.0
1777890789.5933323,7.0,-2.0,-74.0
1777890789.6033323,11.0,0.0,-75.0
1777890789.6133325,12.0,0.0,-73.0
1777890789.6233325,9.0,-3.0,-71.0
1777890789.6333325,7.0,-2.0,-72.0
1777890789.6433325,5.0,-5.0,-69.0
1777890789.6533325,3.0,-6.0,-69.0
1777890789.6633325,1.0,-3.0,-68.0
1777890789.6733325,6.0,0.0,-74.0
1777890789.6833324,2.0,1.0,-74.0
1777890789.6933324,2.0,-1.0,-76.0
1777890789.7033324,-4.0,-3.0,-74.0
1777890789.7133324,-3.0,-1.0,-70.0
1777890789.7233324,-9.0,0.0,-67.0
1777890789.7333324,-11.0,1.0,-69.0
1777890789.7433324,-10.0,1.0,-66.0
1777890789.7533324,-7.0,0.0,-67.0
1777890789.7633324,-11.0,1.0,-68.0
1777890789.7733324,-8.0,-1.0,-67.0
1777890789.7833323,-8.0,-3.0,-72.0
1777890789.7933323,-4.0,-4.0,-72.0
1777890789.8033323,-3.0,-2.0,-75.0
1777890789.8133323,-7.0,0.0,-75.0
1777890789.8233323,-7.0,2.0,-78.0
1777890789.8333323,0.0,0.0,-82.0
1777890789.8433323,1.0,3.0,-87.0
1777890789.8533323,1.0,1.0,-87.0
1777890789.8633325,5.0,0.0,-82.0
1777890789.8733325,8.0,3.0,-79.0
1777890789.8833325,6.0,3.0,-71.0
1777890789.8933325,3.0,0.0,-70.0
1777890789.9033325,0.0,0.0,-69.0
1777890789.9133325,2.0,-2.0,-66.0
1777890789.9233325,0.0,-3.0,-77.0
1777890789.9333324,-1.0,-4.0,-77.0
1777890789.9433324,-3.0,-2.0,-73.0
1777890789.9533324,-1.0,-3.0,-72.0
1777890789.9633324,0.0,-2.0,-67.0
1777890789.9733324,0.0,-3.0,-67.0
1777890789.9833324,-1.0,-5.0,-66.0
1777890789.9933324,1.0,-4.0,-66.0
1777890790.0033324,0.0,-5.0,-70.0
1777890790.0133324,-3.0,-2.0,-69.0
1777890790.0233324,-4.0,2.0,-68.0
1777890790.0333323,-2.0,0.0,-69.0
1777890790.0433323,-3.0,1.0,-74.0
1777890790.0533323,-3.0,2.0,-72.0
1777890790.0633323,0.0,1.0,-72.0
1777890790.0733323,2.0,2.0,-70.0
1777890790.0833323,3.0,0.0,-69.0
1777890790.0943325,3.0,1.0,-71.0
1777890790.1033323,5.0,0.0,-72.0
1777890790.1133325,5.0,0.0,-74.0
1777890790.1243324,12.0,-1.0,-77.0
1777890790.1343324,13.0,-4.0,-76.0
1777890790.1443324,16.0,0.0,-74.0
1777890790.1543324,7.0,-3.0,-73.0
1777890790.1643324,5.0,-3.0,-66.0
1777890790.1743324,0.0,-1.0,-67.0
1777890790.1843324,0.0,-3.0,-64.0
1777890790.1943324,0.0,-5.0,-66.0
1777890790.2043324,0.0,-1.0,-66.0
1777890790.2143323,3.0,-2.0,-66.0
1777890790.2243323,5.0,-6.0,-75.0
1777890790.2343323,7.0,-11.0,-74.0
1777890790.2443323,4.0,-10.0,-74.0
1777890790.2543323,1.0,-9.0,-76.0
1777890790.2643323,-3.0,-8.0,-72.0
1777890790.2743323,3.0,-6.0,-70.0
1777890790.2843325,3.0,-6.0,-66.0
1777890790.2943325,3.0,-3.0,-71.0
1777890790.3043325,8.0,-1.0,-73.0
1777890790.3143325,7.0,-1.0,-63.0
1777890790.3243325,5.0,-1.0,-64.0
1777890790.3343325,0.0,0.0,-72.0
1777890790.3443325,0.0,-1.0,-70.0
1777890790.3543324,-6.0,1.0,-72.0
1777890790.3643324,-8.0,-2.0,-72.0
1777890790.3743324,-3.0,-3.0,-75.0
1777890790.3843324,-3.0,-6.0,-76.0
1777890790.3943324,0.0,-7.0,-81.0
1777890790.4043324,3.0,-7.0,-77.0
1777890790.4143324,4.0,-3.0,-74.0
1777890790.4243324,1.0,0.0,-74.0
1777890790.4343324,-1.0,-2.0,-73.0
1777890790.4443324,-6.0,-2.0,-81.0
1777890790.4543324,-9.0,-3.0,-78.0
1777890790.4643323,-7.0,-3.0,-75.0
1777890790.4743323,-7.0,-2.0,-67.0
1777890790.4843323,-9.0,-2.0,-72.0
1777890790.4943323,-10.0,-5.0,-77.0
1777890790.5043323,-12.0,-2.0,-75.0
1777890790.5143323,-11.0,-3.0,-74.0
1777890790.5243323,-9.0,-3.0,-74.0
1777890790.5343325,-10.0,-2.0,-75.0
1777890790.5443325,-9.0,-2.0,-69.0
1777890790.5543325,-10.0,0.0,-67.0
1777890790.5643325,-11.0,0.0,-70.0
1777890790.5743325,-7.0,2.0,-69.0
1777890790.5843325,-7.0,0.0,-70.0
1777890790.5943325,-6.0,-1.0,-77.0
1777890790.6043324,-4.0,0.0,-75.0
1777890790.6143324,-2.0,0.0,-73.0
1777890790.6243324,-3.0,1.0,-80.0
1777890790.6343324,-5.0,-2.0,-83.0
1777890790.6443324,-6.0,1.0,-81.0
1777890790.6543324,-5.0,2.0,-77.0
1777890790.6643324,-3.0,4.0,-76.0
1777890790.6743324,-3.0,3.0,-73.0
1777890790.6843324,-1.0,1.0,-75.0
1777890790.6943324,0.0,0.0,-80.0
1777890790.7043324,2.0,-4.0,-79.0
1777890790.7143323,-1.0,-5.0,-75.0
1777890790.7243323,-5.0,-5.0,-73.0
1777890790.7343323,-6.0,-5.0,-72.0
1777890790.7443323,-5.0,-4.0,-74.0
1777890790.7543323,1.0,-3.0,-65.0
1777890790.7643323,3.0,3.0,-60.0
1777890790.7743323,3.0,1.0,-52.0
1777890790.7843325,2.0,2.0,-52.0
1777890790.7943325,4.0,2.0,-58.0
1777890790.8043325,7.0,1.0,-64.0
1777890790.8143325,1.0,4.0,-70.0
1777890790.8243325,-1.0,1.0,-63.0
1777890790.8343325,-1.0,-3.0,-63.0
1777890790.8443325,1.0,-2.0,-63.0
1777890790.8543324,0.0,-3.0,-65.0
1777890790.8643324,0.0,-2.0,-68.0
1777890790.8743324,5.0,-3.0,-68.0
1777890790.8843324,3.0,-2.0,-69.0
1777890790.8943324,1.0,0.0,-70.0
1777890790.9043324,5.0,1.0,-79.0
1777890790.9143324,3.0,0.0,-68.0
1777890790.9243324,4.0,-1.0,-73.0
1777890790.9343324,1.0,1.0,-74.0
1777890790.9443324,3.0,0.0,-72.0
1777890790.9543324,3.0,0.0,-70.0
1777890790.9643323,5.0,0.0,-80.0
1777890790.9743323,2.0,0.0,-83.0
1777890790.9843323,3.0,-3.0,-76.0
1777890790.9943323,3.0,-4.0,-75.0
1777890791.0043323,4.0,-3.0,-73.0
1777890791.0143323,0.0,1.0,-70.0
1777890791.0243323,0.0,6.0,-65.0
1777890791.0343325,0.0,4.0,-70.0
1777890791.0443325,0.0,2.0,-74.0
1777890791.0543325,2.0,4.0,-72.0
1777890791.0643325,-2.0,4.0,-66.0
1777890791.0743325,-4.0,3.0,-68.0
1777890791.0843325,-3.0,0.0,-68.0
1777890791.0943325,-5.0,3.0,-65.0
1777890791.1043324,-10.0,0.0,-61.0
1777890791.1143324,-8.0,0.0,-59.0
1777890791.1243324,-5.0,-1.0,-68.0
1777890791.1343324,0.0,0.0,-67.0
1777890791.1443324,3.0,0.0,-66.0
1777890791.1543324,6.0,0.0,-68.0
1777890791.1643324,5.0,-1.0,-69.0
1777890791.1743324,2.0,-1.0,-65.0
1777890791.1843324,-2.0,0.0,-70.0
1777890791.1943324,-2.0,0.0,-69.0
1777890791.2043324,-2.0,-1.0,-67.0
1777890791.2143323,-5.0,-2.0,-71.0
1777890791.2243323,-4.0,2.0,-77.0
1777890791.2343323,-5.0,0.0,-84.0
1777890791.2443323,-6.0,0.0,-82.0
1777890791.2543323,-8.0,0.0,-80.0
1777890791.2643323,-4.0,-1.0,-84.0
1777890791.2743323,-1.0,-6.0,-73.0
1777890791.2843325,-2.0,-11.0,-64.0
1777890791.2943325,-2.0,-9.0,-63.0
1777890791.3043325,-5.0,-9.0,-62.0
1777890791.3143325,-5.0,-5.0,-72.0
1777890791.3243325,-3.0,-5.0,-70.0
1777890791.3343325,-1.0,-6.0,-78.0
1777890791.3443325,-4.0,-4.0,-70.0
1777890791.3543324,-4.0,-1.0,-74.0
1777890791.3643324,-4.0,-1.0,-75.0
1777890791.3743324,-3.0,-4.0,-78.0
1777890791.3843324,-2.0,-5.0,-75.0
1777890791.3943324,1.0,-3.0,-70.0
1777890791.4043324,1.0,-3.0,-64.0
1777890791.4143324,5.0,0.0,-65.0
1777890791.4243324,4.0,3.0,-67.0
1777890791.4343324,5.0,0.0,-63.0
1777890791.4443324,4.0,-1.0,-63.0
1777890791.4543324,1.0,0.0,-60.0
1777890791.4643323,-4.0,3.0,-64.0
1777890791.4743323,-1.0,0.0,-65.0
1777890791.4843323,-1.0,-6.0,-69.0
1777890791.4943323,-4.0,-6.0,-66.0
1777890791.5043323,0.0,-3.0,-65.0
1777890791.5143323,-2.0,-2.0,-72.0
1777890791.5243323,-3.0,-2.0,-74.0
1777890791.5343325,-5.0,-4.0,-75.0
1777890791.5443325,-1.0,-4.0,-76.0
1777890791.5543325,1.0,-5.0,-77.0
1777890791.5643325,-2.0,-5.0,-77.0
1777890791.5743325,-2.0,-3.0,-75.0
1777890791.5843325,0.0,-1.0,-78.0
1777890791.5943325,2.0,-3.0,-83.0
1777890791.6043324,0.0,-4.0,-72.0
1777890791.6143324,-3.0,-5.0,-73.0
1777890791.6243324,-5.0,-8.0,-76.0
1777890791.6343324,-5.0,-6.0,-74.0
1777890791.6443324,-7.0,-3.0,-71.0
1777890791.6543324,-2.0,-4.0,-67.0
1777890791.6643324,-3.0,-1.0,-69.0
1777890791.6743324,-5.0,3.0,-72.0
1777890791.6843324,-2.0,0.0,-72.0
1777890791.6943324,-4.0,0.0,-67.0
1777890791.7043324,2.0,-1.0,-76.0
1777890791.7143323,0.0,0.0,-75.0
1777890791.7243323,0.0,-5.0,-76.0
1777890791.7343323,1.0,-5.0,-72.0
1777890791.7443323,5.0,-1.0,-71.0
1777890791.7543323,5.0,0.0,-78.0
1777890791.7643323,4.0,0.0,-78.0
1777890791.7743323,-2.0,1.0,-77.0
1777890791.7843325,0.0,-1.0,-82.0
1777890791.7943325,1.0,-1.0,-84.0
1777890791.8043325,0.0,4.0,-80.0
1777890791.8143325,0.0,5.0,-82.0
1777890791.8243325,4.0,0.0,-81.0
1777890791.8343325,6.0,0.0,-76.0
1777890791.8443325,0.0,0.0,-74.0
1777890791.8543324,-2.0,0.0,-79.0
1777890791.8643324,-1.0,-1.0,-80.0
1777890791.8743324,3.0,3.0,-78.0
1777890791.8843324,1.0,3.0,-76.0
1777890791.8943324,2.0,8.0,-74.0
1777890791.9043324,2.0,5.0,-82.0
1777890791.9143324,0.0,4.0,-80.0
1777890791.9243324,1.0,-1.0,-80.0
1777890791.9343324,-1.0,0.0,-75.0
1777890791.9443324,0.0,3.0,-75.0
1777890791.9543324,1.0,1.0,-73.0
1777890791.9643323,1.0,0.0,-72.0
1777890791.9743323,0.0,-2.0,-71.0
1777890791.9843323,-1.0,-6.0,-71.0
1777890791.9943323,-2.0,-4.0,-67.0
1777890792.0043323,-2.0,-3.0,-69.0
1777890792.0143323,1.0,1.0,-69.0
1777890792.0243323,3.0,0.0,-62.0
1777890792.0343325,1.0,0.0,-65.0
1777890792.0443325,0.0,2.0,-66.0
1777890792.0543325,0.0,0.0,-67.0
1777890792.0643325,-2.0,0.0,-66.0
1777890792.0743325,0.0,-1.0,-58.0
1777890792.0853324,-5.0,0.0,-63.0
1777890792.0953324,-6.0,0.0,-65.0
1777890792.1053324,-3.0,0.0,-65.0
1777890792.1153324,-1.0,2.0,-66.0
1777890792.1253324,-3.0,-1.0,-69.0
1777890792.1353323,0.0,-8.0,-69.0
1777890792.1453323,2.0,-4.0,-71.0
1777890792.1553323,3.0,-1.0,-67.0
1777890792.1653323,1.0,-2.0,-63.0
1777890792.1753323,0.0,1.0,-64.0
1777890792.1853323,2.0,0.0,-69.0
1777890792.1953323,4.0,0.0,-73.0
1777890792.2053325,0.0,-1.0,-75.0
1777890792.2153325,-1.0,-4.0,-78.0
1777890792.2253325,-1.0,-2.0,-76.0
1777890792.2353325,0.0,-4.0,-77.0
1777890792.2453325,-4.0,-6.0,-73.0
1777890792.2553325,-1.0,-7.0,-67.0
1777890792.2653325,-3.0,-9.0,-61.0
1777890792.2753325,-7.0,-6.0,-64.0
1777890792.2853324,-8.0,-5.0,-65.0
1777890792.2953324,-7.0,-9.0,-65.0
1777890792.3053324,-2.0,-9.0,-65.0
1777890792.3153324,-2.0,-7.0,-68.0
1777890792.3253324,-2.0,-6.0,-71.0
1777890792.3353324,1.0,-6.0,-70.0
1777890792.3453324,5.0,-8.0,-68.0
1777890792.3553324,2.0,-4.0,-69.0
1777890792.3653324,2.0,-2.0,-73.0
1777890792.3753324,1.0,-4.0,-71.0
1777890792.3853323,7.0,-2.0,-74.0
1777890792.3953323,7.0,-3.0,-74.0
1777890792.4053323,7.0,-6.0,-75.0
1777890792.4153323,2.0,-5.0,-74.0
1777890792.4253323,1.0,-4.0,-74.0
1777890792.4353323,0.0,0.0,-74.0
1777890792.4453323,1.0,-2.0,-73.0
1777890792.4553325,2.0,-2.0,-73.0
1777890792.4653325,1.0,0.0,-75.0
1777890792.4753325,1.0,0.0,-72.0
1777890792.4853325,1.0,1.0,-67.0
1777890792.4953325,1.0,0.0,-64.0
1777890792.5053325,-2.0,-2.0,-64.0
1777890792.5153325,-2.0,-1.0,-67.0
1777890792.5253325,0.0,-2.0,-72.0
1777890792.5353324,4.0,-2.0,-75.0
1777890792.5453324,10.0,-3.0,-75.0
1777890792.5553324,8.0,0.0,-74.0
1777890792.5653324,4.0,-5.0,-76.0
1777890792.5753324,-1.0,-4.0,-72.0
1777890792.5853324,0.0,-2.0,-70.0
1777890792.5953324,5.0,-6.0,-73.0
1777890792.6053324,5.0,-7.0,-71.0
1777890792.6153324,3.0,-7.0,-69.0
1777890792.6253324,0.0,-5.0,-68.0
1777890792.6353323,-3.0,-5.0,-71.0
1777890792.6453323,-4.0,-2.0,-70.0
1777890792.6553323,-1.0,4.0,-68.0
1777890792.6653323,-6.0,6.0,-65.0
1777890792.6753323,0.0,4.0,-63.0
1777890792.6853323,0.0,4.0,-62.0
1777890792.6953323,0.0,2.0,-65.0
1777890792.7053325,-1.0,5.0,-70.0
1777890792.7153325,-5.0,4.0,-68.0
1777890792.7253325,-2.0,1.0,-66.0
1777890792.7353325,-3.0,1.0,-68.0
1777890792.7453325,-3.0,1.0,-72.0
1777890792.7553325,0.0,0.0,-75.0
1777890792.7653325,-4.0,1.0,-78.0
1777890792.7753325,-5.0,4.0,-74.0
1777890792.7853324,2.0,4.0,-71.0
1777890792.7953324,0.0,4.0,-70.0
1777890792.8053324,-1.0,6.0,-69.0
1777890792.8153324,0.0,7.0,-64.0
1777890792.8253324,7.0,2.0,-69.0
1777890792.8353324,7.0,2.0,-75.0
1777890792.8453324,5.0,1.0,-70.0
1777890792.8553324,1.0,2.0,-65.0
1777890792.8653324,0.0,7.0,-63.0
1777890792.8753324,6.0,7.0,-58.0
1777890792.8853323,7.0,4.0,-67.0
1777890792.8953323,6.0,0.0,-66.0
1777890792.9053323,6.0,-1.0,-71.0
1777890792.9153323,0.0,-1.0,-82.0
1777890792.9253323,2.0,-1.0,-84.0
1777890792.9353323,4.0,0.0,-85.0
1777890792.9453323,7.0,0.0,-83.0
1777890792.9553325,8.0,-1.0,-81.0
1777890792.9653325,9.0,-7.0,-79.0
1777890792.9753325,8.0,-8.0,-83.0
1777890792.9853325,7.0,-6.0,-81.0
1777890792.9953325,0.0,-8.0,-79.0
1777890793.0053325,-2.0,-6.0,-79.0
1777890793.0153325,2.0,-5.0,-81.0
1777890793.0253325,-1.0,-3.0,-81.0
1777890793.0353324,1.0,-1.0,-81.0
1777890793.0453324,1.0,0.0,-80.0
1777890793.0553324,4.0,-2.0,-80.0
1777890793.0653324,4.0,-4.0,-76.0
1777890793.0753324,3.0,-1.0,-72.0
1777890793.0853324,6.0,1.0,-74.0
1777890793.0953324,11.0,0.0,-76.0
1777890793.1053324,9.0,2.0,-73.0
1777890793.1153324,5.0,0.0,-67.0
1777890793.1253324,-1.0,0.0,-67.0
1777890793.1353323,0.0,0.0,-70.0
1777890793.1453323,-3.0,0.0,-73.0
1777890793.1553323,-3.0,-2.0,-74.0
1777890793.1653323,-4.0,-3.0,-83.0
1777890793.1753323,-3.0,0.0,-90.0
1777890793.1853323,1.0,0.0,-85.0
1777890793.1953323,3.0,-2.0,-84.0
1777890793.2053325,5.0,-2.0,-82.0
1777890793.2153325,7.0,1.0,-83.0
1777890793.2253325,4.0,-1.0,-76.0
1777890793.2353325,1.0,-1.0,-76.0
1777890793.2453325,2.0,0.0,-74.0
1777890793.2553325,-1.0,-1.0,-80.0
1777890793.2653325,-1.0,-5.0,-78.0
1777890793.2753325,-4.0,0.0,-75.0
1777890793.2853324,-1.0,-2.0,-75.0
1777890793.2953324,0.0,0.0,-70.0
1777890793.3053324,1.0,-3.0,-66.0
1777890793.3153324,5.0,-4.0,-65.0
1777890793.3253324,2.0,-2.0,-59.0
1777890793.3353324,3.0,-1.0,-61.0
1777890793.3453324,3.0,-3.0,-58.0
1777890793.3553324,-4.0,0.0,-62.0
1777890793.3653324,-1.0,0.0,-69.0
1777890793.3753324,-6.0,0.0,-71.0
1777890793.3853323,-3.0,-3.0,-72.0
1777890793.3953323,-1.0,-5.0,-68.0
1777890793.4053323,-3.0,-6.0,-70.0
1777890793.4153323,-2.0,-5.0,-68.0
1777890793.4253323,0.0,-6.0,-63.0
1777890793.4353323,1.0,-9.0,-68.0
1777890793.4453323,0.0,-6.0,-70.0
1777890793.4553325,-2.0,-6.0,-75.0
1777890793.4653325,-1.0,-10.0,-78.0
1777890793.4753325,0.0,-9.0,-77.0
1777890793.4853325,-4.0,-3.0,-77.0
1777890793.4953325,-1.0,5.0,-74.0
1777890793.5053325,-4.0,3.0,-77.0
1777890793.5153325,-7.0,-2.0,-73.0
1777890793.5253325,-3.0,-5.0,-72.0
1777890793.5353324,0.0,-3.0,-71.0
1777890793.5453324,0.0,0.0,-75.0
1777890793.5553324,-1.0,0.0,-74.0
1777890793.5653324,-3.0,-2.0,-70.0
1777890793.5753324,-2.0,-3.0,-70.0
1777890793.5853324,-3.0,1.0,-72.0
1777890793.5953324,-1.0,4.0,-69.0
1777890793.6053324,-7.0,2.0,-73.0
1777890793.6153324,-5.0,7.0,-74.0
1777890793.6253324,-6.0,2.0,-69.0
1777890793.6353323,-3.0,1.0,-65.0
1777890793.6453323,0.0,0.0,-66.0
1777890793.6553323,-1.0,1.0,-73.0
1777890793.6653323,-3.0,3.0,-74.0
1777890793.6753323,-2.0,3.0,-75.0
1777890793.6853323,-1.0,2.0,-79.0
1777890793.6953323,-4.0,3.0,-81.0
1777890793.7053325,-9.0,1.0,-78.0
1777890793.7153325,-5.0,1.0,-79.0
1777890793.7253325,0.0,1.0,-84.0
1777890793.7353325,2.0,1.0,-82.0
1777890793.7453325,0.0,1.0,-80.0
1777890793.7553325,2.0,-1.0,-76.0
1777890793.7653325,0.0,-3.0,-70.0
1777890793.7753325,-3.0,-4.0,-73.0
1777890793.7853324,-1.0,-2.0,-72.0
1777890793.7953324,2.0,-4.0,-75.0
1777890793.8053324,0.0,-1.0,-80.0
1777890793.8153324,-4.0,-4.0,-78.0
1777890793.8253324,-3.0,-4.0,-78.0
1777890793.8353324,-1.0,-4.0,-78.0
1777890793.8453324,0.0,-7.0,-80.0
1777890793.8553324,1.0,-7.0,-83.0
1777890793.8653324,2.0,-9.0,-81.0
1777890793.8753324,4.0,-7.0,-83.0
1777890793.8853323,5.0,-6.0,-86.0
1777890793.8953323,0.0,0.0,-77.0
1777890793.9053323,0.0,0.0,-73.0
1777890793.9153323,0.0,-6.0,-71.0
1777890793.9253323,0.0,-3.0,-66.0
1777890793.9353323,2.0,0.0,-71.0
1777890793.9453323,0.0,0.0,-83.0
1777890793.9553325,2.0,-3.0,-77.0
1777890793.9653325,5.0,0.0,-79.0
1777890793.9753325,4.0,1.0,-80.0
1777890793.9853325,2.0,0.0,-83.0
1777890793.9953325,0.0,0.0,-82.0
1777890794.0053325,0.0,-3.0,-78.0
1777890794.0153325,1.0,-4.0,-76.0
1777890794.0253325,7.0,-3.0,-80.0
1777890794.0363324,9.0,-1.0,-76.0
1777890794.0453324,8.0,-3.0,-68.0
1777890794.0563323,10.0,-3.0,-60.0
1777890794.0663323,9.0,0.0,-66.0
1777890794.0763323,11.0,0.0,-70.0
1777890794.0863323,7.0,3.0,-72.0
1777890794.0963323,6.0,1.0,-72.0
1777890794.1063323,0.0,0.0,-69.0
1777890794.1163323,-2.0,1.0,-68.0
1777890794.1263323,-3.0,3.0,-69.0
1777890794.1373324,0.0,3.0,-69.0
1777890794.1463325,5.0,2.0,-65.0
1777890794.1563325,0.0,-1.0,-77.0
1777890794.1663325,-1.0,2.0,-73.0
1777890794.1763325,3.0,2.0,-73.0
1777890794.1863325,1.0,-3.0,-69.0
1777890794.1963325,3.0,0.0,-74.0
1777890794.2063324,-5.0,0.0,-69.0
1777890794.2163324,-7.0,2.0,-73.0
1777890794.2263324,-12.0,3.0,-72.0
1777890794.2363324,-9.0,0.0,-74.0
1777890794.2463324,-7.0,-3.0,-71.0
1777890794.2563324,-6.0,-4.0,-73.0
1777890794.2663324,-7.0,-1.0,-76.0
1777890794.2763324,-5.0,3.0,-80.0
1777890794.2863324,-8.0,3.0,-79.0
1777890794.2963324,-6.0,1.0,-80.0
1777890794.3063323,-6.0,2.0,-79.0
1777890794.3163323,-8.0,4.0,-80.0
1777890794.3263323,-5.0,2.0,-79.0
1777890794.3363323,-2.0,3.0,-73.0
1777890794.3463323,-4.0,4.0,-67.0
1777890794.3563323,5.0,0.0,-69.0
1777890794.3663323,3.0,0.0,-67.0
1777890794.3763323,6.0,0.0,-76.0
1777890794.3863325,8.0,-1.0,-72.0
1777890794.3963325,2.0,-3.0,-74.0
1777890794.4063325,2.0,-4.0,-70.0
1777890794.4163325,1.0,-5.0,-72.0
1777890794.4263325,1.0,-3.0,-69.0
1777890794.4363325,1.0,-3.0,-68.0
1777890794.4463325,7.0,-3.0,-71.0
1777890794.4563324,9.0,-3.0,-67.0
1777890794.4663324,13.0,-3.0,-67.0
1777890794.4763324,11.0,-2.0,-69.0
1777890794.4863324,10.0,0.0,-73.0
1777890794.4963324,11.0,0.0,-73.0
1777890794.5063324,9.0,-2.0,-76.0
1777890794.5163324,4.0,-1.0,-78.0
1777890794.5263324,7.0,2.0,-77.0
1777890794.5363324,7.0,1.0,-72.0
1777890794.5463324,7.0,0.0,-71.0
1777890794.5563323,9.0,-1.0,-74.0
1777890794.5663323,6.0,0.0,-71.0
1777890794.5763323,2.0,0.0,-78.0
1777890794.5863323,-2.0,4.0,-73.0
1777890794.5963323,-3.0,4.0,-78.0
1777890794.6063323,0.0,1.0,-81.0
1777890794.6163323,4.0,0.0,-81.0
1777890794.6263323,0.0,-4.0,-83.0
1777890794.6363325,0.0,0.0,-81.0
1777890794.6463325,4.0,1.0,-73.0
1777890794.6563325,0.0,2.0,-81.0
1777890794.6663325,3.0,0.0,-80.0
1777890794.6763325,4.0,0.0,-77.0
1777890794.6863325,1.0,-3.0,-78.0
1777890794.6963325,0.0,-4.0,-73.0
1777890794.7063324,1.0,-4.0,-68.0
1777890794.7163324,3.0,0.0,-71.0
1777890794.7263324,1.0,2.0,-79.0
1777890794.7363324,0.0,-1.0,-78.0
1777890794.7463324,2.0,-3.0,-80.0
1777890794.7563324,1.0,-1.0,-79.0
1777890794.7663324,-1.0,-1.0,-79.0
1777890794.7763324,-4.0,-3.0,-74.0
1777890794.7863324,-4.0,-8.0,-76.0
1777890794.7963324,-4.0,-9.0,-75.0
1777890794.8063323,4.0,-13.0,-70.0
1777890794.8163323,4.0,-13.0,-71.0
1777890794.8263323,2.0,-10.0,-76.0
1777890794.8363323,3.0,-11.0,-77.0
1777890794.8463323,1.0,-9.0,-73.0
1777890794.8563323,2.0,-8.0,-75.0
1777890794.8663323,6.0,-8.0,-73.0
1777890794.8763323,3.0,-5.0,-70.0
1777890794.8863325,3.0,-7.0,-71.0
1777890794.8963325,6.0,-6.0,-71.0
1777890794.9063325,3.0,-6.0,-76.0
1777890794.9163325,2.0,-6.0,-76.0
1777890794.9263325,6.0,-5.0,-75.0
1777890794.9363325,7.0,-8.0,-71.0
1777890794.9463325,4.0,-10.0,-66.0
1777890794.9563324,8.0,-9.0,-70.0
1777890794.9663324,4.0,-6.0,-75.0
1777890794.9763324,3.0,-3.0,-69.0
1777890794.9863324,4.0,0.0,-66.0
1777890794.9963324,3.0,0.0,-70.0
1777890795.0063324,0.0,1.0,-66.0
1777890795.0163324,0.0,2.0,-70.0
1777890795.0263324,2.0,0.0,-66.0
1777890795.0363324,2.0,1.0,-62.0
1777890795.0463324,1.0,3.0,-68.0
1777890795.0563323,-3.0,3.0,-73.0
1777890795.0663323,-4.0,5.0,-75.0
1777890795.0763323,-9.0,3.0,-79.0
1777890795.0863323,-9.0,0.0,-73.0
1777890795.0963323,-7.0,2.0,-73.0
1777890795.1063323,-6.0,-1.0,-72.0
1777890795.1163323,-6.0,0.0,-69.0
1777890795.1263323,-6.0,-3.0,-68.0
1777890795.1363325,-3.0,-3.0,-65.0
1777890795.1463325,-1.0,-2.0,-73.0
1777890795.1563325,-1.0,0.0,-70.0
1777890795.1663325,-5.0,4.0,-73.0
1777890795.1763325,-5.0,6.0,-76.0
1777890795.1863325,-7.0,3.0,-78.0
1777890795.1963325,-7.0,5.0,-74.0
1777890795.2063324,-5.0,8.0,-69.0
1777890795.2163324,-6.0,7.0,-71.0
1777890795.2263324,-6.0,5.0,-71.0
1777890795.2363324,-6.0,2.0,-71.0
1777890795.2463324,-8.0,0.0,-73.0
1777890795.2563324,-6.0,2.0,-78.0
1777890795.2663324,0.0,6.0,-80.0
1777890795.2763324,0.0,1.0,-77.0
1777890795.2863324,-6.0,-2.0,-76.0
1777890795.2963324,-5.0,-5.0,-70.0
1777890795.3063323,-1.0,-4.0,-74.0
1777890795.3163323,0.0,-9.0,-74.0
1777890795.3263323,0.0,-3.0,-74.0
1777890795.3363323,1.0,-6.0,-78.0
1777890795.3463323,0.0,-5.0,-73.0
1777890795.3563323,-1.0,-7.0,-74.0
1777890795.3663323,0.0,-4.0,-75.0
1777890795.3763323,0.0,-6.0,-75.0
1777890795.3863325,4.0,-5.0,-77.0
1777890795.3963325,7.0,-5.0,-75.0
1777890795.4063325,9.0,-7.0,-81.0
1777890795.4163325,12.0,-7.0,-83.0
1777890795.4263325,9.0,-6.0,-86.0
1777890795.4363325,5.0,-2.0,-82.0
1777890795.4463325,5.0,-1.0,-79.0
1777890795.4563324,4.0,-3.0,-74.0
1777890795.4663324,2.0,-1.0,-71.0
1777890795.4763324,1.0,2.0,-72.0
1777890795.4863324,3.0,3.0,-84.0
1777890795.4963324,2.0,0.0,-92.0
1777890795.5063324,1.0,-1.0,-88.0
1777890795.5163324,1.0,0.0,-80.0
1777890795.5263324,0.0,1.0,-81.0
1777890795.5363324,2.0,1.0,-73.0
1777890795.5463324,0.0,-2.0,-72.0
1777890795.5563323,1.0,-4.0,-61.0
1777890795.5663323,2.0,0.0,-66.0
1777890795.5763323,4.0,2.0,-71.0
1777890795.5863323,5.0,2.0,-76.0
1777890795.5963323,6.0,0.0,-73.0
1777890795.6063323,4.0,-3.0,-77.0
1777890795.6163323,3.0,-3.0,-77.0
1777890795.6263323,4.0,0.0,-85.0
1777890795.6363325,4.0,-2.0,-80.0
1777890795.6463325,-2.0,-2.0,-71.0
1777890795.6563325,1.0,-4.0,-67.0
1777890795.6663325,5.0,-4.0,-71.0
1777890795.6763325,8.0,1.0,-68.0
1777890795.6863325,9.0,4.0,-68.0
1777890795.6963325,4.0,2.0,-67.0
1777890795.7063324,3.0,4.0,-72.0
1777890795.7163324,8.0,4.0,-70.0
1777890795.7263324,3.0,3.0,-73.0
1777890795.7363324,4.0,2.0,-72.0
1777890795.7463324,7.0,2.0,-77.0
1777890795.7563324,10.0,4.0,-80.0
1777890795.7663324,6.0,2.0,-77.0
1777890795.7763324,5.0,3.0,-77.0
1777890795.7863324,1.0,2.0,-77.0
1777890795.7963324,0.0,-1.0,-76.0
1777890795.8063323,0.0,1.0,-69.0
1777890795.8163323,-3.0,1.0,-73.0
1777890795.8263323,-3.0,-1.0,-68.0
1777890795.8363323,1.0,0.0,-73.0
1777890795.8463323,0.0,0.0,-75.0
1777890795.8563323,-1.0,0.0,-75.0
1777890795.8663323,0.0,0.0,-80.0
1777890795.8763323,6.0,0.0,-83.0
1777890795.8863325,5.0,-2.0,-80.0
1777890795.8963325,4.0,-4.0,-81.0
1777890795.9063325,0.0,-2.0,-75.0
1777890795.9163325,0.0,1.0,-76.0
1777890795.9263325,2.0,4.0,-72.0
1777890795.9363325,4.0,0.0,-72.0
1777890795.9463325,-3.0,0.0,-68.0
1777890795.9563324,2.0,-1.0,-65.0
1777890795.9663324,2.0,0.0,-61.0
1777890795.9763324,0.0,3.0,-67.0
1777890795.9863324,-1.0,5.0,-71.0
1777890795.9963324,-1.0,1.0,-69.0
1777890796.0063324,1.0,2.0,-72.0
1777890796.0163324,3.0,2.0,-73.0
1777890796.0273323,4.0,2.0,-75.0
1777890796.0363324,2.0,3.0,-74.0
1777890796.0463324,1.0,-1.0,-76.0
1777890796.0573325,-2.0,-2.0,-74.0
1777890796.0673325,-5.0,-4.0,-75.0
1777890796.0773325,-5.0,-4.0,-73.0
1777890796.0873325,0.0,-5.0,-72.0
1777890796.0973325,-1.0,-7.0,-78.0
1777890796.1073325,3.0,-9.0,-77.0
1777890796.1173325,0.0,-4.0,-73.0
1777890796.1273324,1.0,-3.0,-78.0
1777890796.1373324,5.0,-3.0,-77.0
1777890796.1473324,5.0,-6.0,-79.0
1777890796.1573324,2.0,-6.0,-79.0
1777890796.1673324,-2.0,-4.0,-72.0
1777890796.1773324,0.0,-4.0,-72.0
1777890796.1873324,0.0,-6.0,-72.0
1777890796.1973324,0.0,-5.0,-71.0
1777890796.2073324,0.0,-5.0,-71.0
1777890796.2173324,0.0,-3.0,-83.0
1777890796.2273324,-2.0,-5.0,-77.0
1777890796.2373323,-3.0,-8.0,-74.0
1777890796.2473323,-3.0,-7.0,-79.0
1777890796.2573323,-1.0,-7.0,-80.0
1777890796.2673323,-1.0,-2.0,-81.0
1777890796.2773323,-3.0,0.0,-73.0
1777890796.2873323,-1.0,-1.0,-71.0
1777890796.2973323,0.0,-3.0,-71.0
1777890796.3073325,-1.0,-1.0,-68.0
1777890796.3173325,-4.0,-2.0,-71.0
1777890796.3273325,-1.0,-1.0,-74.0
1777890796.3373325,1.0,0.0,-74.0
1777890796.3473325,0.0,0.0,-75.0
1777890796.3573325,-2.0,-3.0,-80.0
1777890796.3673325,-3.0,-3.0,-74.0
1777890796.3773324,1.0,0.0,-70.0
1777890796.3873324,0.0,-2.0,-68.0
1777890796.3973324,1.0,-3.0,-69.0
1777890796.4073324,0.0,-5.0,-69.0
1777890796.4173324,-2.0,-5.0,-68.0
1777890796.4273324,-1.0,-6.0,-68.0
1777890796.4373324,0.0,-1.0,-66.0
1777890796.4473324,0.0,0.0,-66.0
1777890796.4573324,0.0,0.0,-71.0
1777890796.4673324,0.0,0.0,-75.0
1777890796.4773324,0.0,0.0,-75.0
1777890796.4873323,0.0,-1.0,-74.0
1777890796.4973323,-2.0,-4.0,-76.0
1777890796.5073323,-5.0,-4.0,-72.0
1777890796.5173323,-6.0,-3.0,-70.0
1777890796.5273323,-6.0,0.0,-74.0
1777890796.5373323,0.0,1.0,-75.0
1777890796.5473323,3.0,-1.0,-75.0
1777890796.5573325,2.0,2.0,-72.0
1777890796.5673325,0.0,0.0,-70.0
1777890796.5773325,1.0,0.0,-67.0
1777890796.5873325,3.0,0.0,-65.0
1777890796.5973325,4.0,1.0,-63.0
1777890796.6073325,4.0,-3.0,-63.0
1777890796.6173325,5.0,-3.0,-67.0
1777890796.6273324,4.0,-1.0,-75.0
1777890796.6373324,0.0,0.0,-76.0
1777890796.6473324,0.0,3.0,-82.0
1777890796.6573324,0.0,2.0,-84.0
1777890796.6673324,1.0,1.0,-81.0
1777890796.6773324,-2.0,2.0,-83.0
1777890796.6873324,0.0,3.0,-83.0
1777890796.6973324,0.0,3.0,-79.0
1777890796.7073324,0.0,0.0,-68.0
1777890796.7173324,-3.0,2.0,-69.0
1777890796.7273324,0.0,1.0,-69.0
1777890796.7373323,-1.0,0.0,-69.0
1777890796.7473323,-1.0,0.0,-69.0
1777890796.7573323,-3.0,-4.0,-72.0
1777890796.7673323,-6.0,-3.0,-77.0
1777890796.7773323,-3.0,0.0,-73.0
1777890796.7873323,-3.0,0.0,-76.0
1777890796.7973323,-2.0,0.0,-81.0
1777890796.8073325,-2.0,-2.0,-75.0
1777890796.8173325,-5.0,-1.0,-77.0
1777890796.8273325,-7.0,-7.0,-82.0
1777890796.8373325,-7.0,-5.0,-76.0
1777890796.8473325,-11.0,-9.0,-69.0
1777890796.8573325,-5.0,-8.0,-67.0
1777890796.8673325,-2.0,-4.0,-66.0
1777890796.8773324,1.0,-2.0,-67.0
1777890796.8873324,-1.0,-7.0,-67.0
1777890796.8973324,0.0,-5.0,-67.0
1777890796.9073324,0.0,-6.0,-67.0
1777890796.9173324,1.0,-3.0,-68.0
1777890796.9273324,2.0,0.0,-70.0
1777890796.9373324,3.0,-1.0,-68.0
1777890796.9473324,2.0,-3.0,-75.0
1777890796.9573324,3.0,-2.0,-74.0
1777890796.9673324,4.0,-1.0,-70.0
1777890796.9773324,4.0,-2.0,-65.0
1777890796.9873323,1.0,0.0,-69.0
1777890796.9973323,-1.0,-5.0,-73.0
1777890797.0073323,0.0,-6.0,-76.0
1777890797.0173323,3.0,-3.0,-83.0
1777890797.0273323,-2.0,-5.0,-85.0
1777890797.0373323,-3.0,-5.0,-82.0
1777890797.0473323,-4.0,-6.0,-80.0
1777890797.0573325,-6.0,-7.0,-80.0
1777890797.0673325,-4.0,-5.0,-81.0
1777890797.0773325,-2.0,-3.0,-78.0
1777890797.0873325,0.0,-2.0,-71.0
1777890797.0973325,1.0,-3.0,-73.0
1777890797.1073325,3.0,0.0,-70.0
1777890797.1173325,3.0,3.0,-72.0
1777890797.1273324,4.0,0.0,-75.0
1777890797.1373324,4.0,-5.0,-76.0
1777890797.1473324,3.0,-7.0,-85.0
1777890797.1573324,4.0,-3.0,-84.0
1777890797.1673324,0.0,-3.0,-82.0
1777890797.1773324,-1.0,-3.0,-85.0
1777890797.1873324,1.0,-3.0,-87.0
1777890797.1973324,1.0,1.0,-87.0
1777890797.2073324,0.0,1.0,-88.0
1777890797.2173324,1.0,-1.0,-79.0
1777890797.2273324,0.0,-1.0,-73.0
1777890797.2373323,2.0,-1.0,-72.0
1777890797.2473323,0.0,-4.0,-73.0
1777890797.2573323,-2.0,-4.0,-70.0
1777890797.2673323,-4.0,-1.0,-66.0
1777890797.2773323,-4.0,0.0,-67.0
1777890797.2873323,-5.0,-4.0,-65.0
1777890797.2973323,-9.0,-5.0,-67.0
1777890797.3073325,-13.0,-3.0,-63.0
1777890797.3173325,-8.0,0.0,-66.0
1777890797.3273325,-7.0,1.0,-67.0
1777890797.3373325,-4.0,1.0,-70.0
1777890797.3473325,-5.0,2.0,-77.0
1777890797.3573325,-5.0,1.0,-76.0
1777890797.3673325,-7.0,0.0,-82.0
1777890797.3773324,-4.0,0.0,-83.0
1777890797.3873324,2.0,0.0,-83.0
1777890797.3973324,9.0,0.0,-88.0
1777890797.4073324,9.0,-3.0,-88.0
1777890797.4173324,5.0,-5.0,-76.0
1777890797.4273324,2.0,-7.0,-74.0
1777890797.4373324,0.0,0.0,-71.0
1777890797.4473324,1.0,3.0,-65.0
1777890797.4573324,-1.0,1.0,-71.0
1777890797.4673324,0.0,-1.0,-81.0
1777890797.4773324,0.0,2.0,-84.0
1777890797.4873323,0.0,3.0,-83.0
1777890797.4973323,2.0,0.0,-80.0
1777890797.5073323,0.0,1.0,-75.0
1777890797.5173323,0.0,0.0,-77.0
1777890797.5273323,-2.0,-1.0,-78.0
1777890797.5373323,-5.0,-2.0,-76.0
1777890797.5473323,-3.0,-6.0,-78.0
1777890797.5573325,0.0,-6.0,-85.0
1777890797.5673325,0.0,0.0,-77.0
1777890797.5773325,0.0,0.0,-74.0
1777890797.5873325,-3.0,1.0,-76.0
1777890797.5973325,1.0,2.0,-80.0
1777890797.6073325,0.0,4.0,-78.0
1777890797.6173325,3.0,-1.0,-70.0
1777890797.6273324,2.0,0.0,-67.0
1777890797.6373324,3.0,1.0,-69.0
1777890797.6473324,0.0,4.0,-74.0
1777890797.6573324,1.0,3.0,-80.0
1777890797.6673324,-1.0,3.0,-71.0
1777890797.6773324,-2.0,4.0,-67.0
1777890797.6873324,1.0,1.0,-65.0
1777890797.6973324,3.0,-2.0,-68.0
1777890797.7073324,0.0,-2.0,-71.0
1777890797.7173324,-6.0,-2.0,-75.0
1777890797.7273324,-6.0,0.0,-75.0
1777890797.7373323,-6.0,-2.0,-77.0
1777890797.7473323,-3.0,-3.0,-71.0
1777890797.7573323,0.0,-2.0,-67.0
1777890797.7673323,-1.0,-1.0,-69.0
1777890797.7773323,0.0,-3.0,-77.0
1777890797.7873323,-1.0,-4.0,-72.0
1777890797.7973323,-1.0,-5.0,-72.0
1777890797.8073325,0.0,-3.0,-69.0
1777890797.8173325,4.0,-3.0,-71.0
1777890797.8273325,9.0,0.0,-68.0
1777890797.8373325,13.0,1.0,-65.0
1777890797.8473325,10.0,0.0,-64.0
1777890797.8573325,6.0,-4.0,-63.0
1777890797.8673325,3.0,-3.0,-64.0
1777890797.8773324,0.0,-8.0,-69.0
1777890797.8873324,-1.0,-7.0,-71.0
1777890797.8973324,1.0,-5.0,-73.0
1777890797.9073324,-5.0,-2.0,-78.0
1777890797.9173324,-2.0,-1.0,-79.0
1777890797.9273324,0.0,-1.0,-79.0
1777890797.9373324,-3.0,-3.0,-80.0
1777890797.9473324,-1.0,-4.0,-83.0
1777890797.9573324,-2.0,-7.0,-85.0
1777890797.9673324,-3.0,-6.0,-85.0
1777890797.9773324,1.0,-6.0,-85.0
1777890797.9873323,-1.0,-6.0,-87.0
1777890797.9973323,1.0,-5.0,-82.0
1777890798.0073323,0.0,1.0,-80.0
1777890798.0183325,6.0,0.0,-78.0
1777890798.0273323,0.0,-2.0,-75.0
1777890798.0383325,2.0,0.0,-76.0
1777890798.0483325,2.0,-2.0,-72.0
1777890798.0583324,2.0,-1.0,-75.0
1777890798.0683324,1.0,0.0,-78.0
1777890798.0783324,-1.0,0.0,-74.0
1777890798.0883324,2.0,-1.0,-76.0
1777890798.0983324,0.0,-2.0,-75.0
1777890798.1083324,0.0,-3.0,-76.0
1777890798.1183324,0.0,-2.0,-75.0
1777890798.1283324,2.0,-1.0,-78.0
1777890798.1383324,6.0,0.0,-75.0
1777890798.1483324,3.0,-2.0,-81.0
1777890798.1583323,1.0,-3.0,-77.0
1777890798.1683323,0.0,-5.0,-75.0
1777890798.1783323,-1.0,-5.0,-66.0
1777890798.1883323,-2.0,-8.0,-72.0
1777890798.1983323,0.0,-4.0,-71.0
1777890798.2083323,4.0,0.0,-73.0
1777890798.2183323,2.0,0.0,-78.0
1777890798.2283323,-2.0,0.0,-81.0
1777890798.2383325,-1.0,1.0,-78.0
1777890798.2483325,-4.0,2.0,-83.0
1777890798.2583325,-1.0,5.0,-84.0
1777890798.2683325,0.0,4.0,-80.0
1777890798.2793324,-2.0,1.0,-76.0
1777890798.2883325,-4.0,1.0,-75.0
1777890798.2983325,-8.0,6.0,-73.0
1777890798.3083324,-3.0,5.0,-76.0
1777890798.3183324,-2.0,2.0,-80.0
1777890798.3283324,0.0,3.0,-88.0
1777890798.3383324,1.0,0.0,-88.0
1777890798.3483324,-1.0,0.0,-82.0
1777890798.3583324,-1.0,-2.0,-86.0
1777890798.3683324,3.0,-4.0,-87.0
1777890798.3783324,0.0,0.0,-82.0
1777890798.3883324,3.0,0.0,-83.0
1777890798.3983324,3.0,-2.0,-87.0
1777890798.4083323,-4.0,0.0,-89.0
1777890798.4183323,-6.0,2.0,-83.0
1777890798.4283323,-3.0,1.0,-79.0
1777890798.4383323,0.0,0.0,-78.0
1777890798.4483323,-6.0,4.0,-80.0
1777890798.4583323,-6.0,5.0,-82.0
1777890798.4683323,-2.0,5.0,-78.0
1777890798.4783323,-2.0,5.0,-70.0
1777890798.4883325,-3.0,2.0,-82.0
1777890798.4983325,-3.0,1.0,-82.0
1777890798.5083325,3.0,0.0,-80.0
1777890798.5183325,0.0,-2.0,-77.0
1777890798.5283325,0.0,1.0,-71.0
1777890798.5383325,1.0,2.0,-75.0
1777890798.5483325,0.0,1.0,-78.0
1777890798.5583324,-2.0,0.0,-76.0
1777890798.5683324,-4.0,-3.0,-76.0
1777890798.5783324,-2.0,-2.0,-79.0
1777890798.5883324,-3.0,-1.0,-78.0
1777890798.5983324,-2.0,1.0,-80.0
1777890798.6083324,3.0,0.0,-82.0
1777890798.6183324,4.0,-1.0,-87.0
1777890798.6283324,0.0,-2.0,-85.0
1777890798.6383324,1.0,-2.0,-86.0
1777890798.6483324,4.0,-2.0,-90.0
1777890798.6583323,1.0,-2.0,-83.0
1777890798.6683323,7.0,-1.0,-85.0
1777890798.6783323,5.0,-6.0,-87.0
1777890798.6883323,6.0,-2.0,-84.0
1777890798.6983323,3.0,0.0,-76.0
1777890798.7083323,5.0,2.0,-72.0
1777890798.7183323,3.0,2.0,-76.0
1777890798.7283323,6.0,1.0,-70.0
1777890798.7383325,5.0,-1.0,-68.0
1777890798.7483325,5.0,-2.0,-77.0
1777890798.7583325,6.0,0.0,-76.0
1777890798.7683325,4.0,0.0,-69.0
1777890798.7783325,4.0,1.0,-68.0
1777890798.7883325,0.0,1.0,-74.0
1777890798.7983325,0.0,-1.0,-73.0
1777890798.8083324,-1.0,0.0,-69.0
1777890798.8183324,1.0,2.0,-69.0
1777890798.8283324,0.0,1.0,-66.0
1777890798.8383324,0.0,0.0,-69.0
1777890798.8483324,0.0,-3.0,-62.0
1777890798.8583324,-2.0,0.0,-64.0
1777890798.8683324,-1.0,0.0,-72.0
1777890798.8783324,-1.0,-1.0,-71.0
1777890798.8883324,0.0,-4.0,-54.0
1777890798.8983324,1.0,-7.0,-54.0
1777890798.9083323,10.0,-9.0,-57.0
1777890798.9183323,7.0,-8.0,-58.0
1777890798.9283323,7.0,0.0,-60.0
1777890798.9383323,7.0,0.0,-63.0
1777890798.9483323,5.0,-4.0,-67.0
1777890798.9583323,3.0,-5.0,-75.0
1777890798.9683323,2.0,-5.0,-77.0
1777890798.9783323,7.0,-3.0,-78.0
1777890798.9883325,6.0,-7.0,-78.0
1777890798.9983325,6.0,-3.0,-73.0
1777890799.0083325,3.0,1.0,-78.0
1777890799.0183325,6.0,1.0,-75.0
1777890799.0283325,0.0,4.0,-77.0
1777890799.0383325,1.0,3.0,-77.0
1777890799.0483325,4.0,4.0,-76.0
1777890799.0583324,3.0,4.0,-79.0
1777890799.0683324,6.0,5.0,-73.0
1777890799.0783324,7.0,4.0,-65.0
1777890799.0883324,0.0,2.0,-63.0
1777890799.0983324,0.0,1.0,-63.0
1777890799.1083324,1.0,0.0,-63.0
1777890799.1183324,3.0,0.0,-62.0
1777890799.1283324,2.0,0.0,-70.0
1777890799.1383324,-1.0,1.0,-75.0
1777890799.1483324,0.0,0.0,-69.0
1777890799.1583323,-1.0,0.0,-62.0
1777890799.1683323,3.0,0.0,-59.0
1777890799.1783323,0.0,-1.0,-63.0
1777890799.1883323,3.0,0.0,-67.0
1777890799.1983323,8.0,-5.0,-77.0
1777890799.2083323,6.0,-2.0,-81.0
1777890799.2183323,0.0,-7.0,-78.0
1777890799.2283323,-2.0,-5.0,-73.0
1777890799.2383325,-6.0,-3.0,-67.0
1777890799.2483325,-6.0,-5.0,-70.0
1777890799.2583325,-5.0,-5.0,-79.0
1777890799.2683325,-7.0,-6.0,-85.0
1777890799.2783325,-7.0,-3.0,-80.0
1777890799.2883325,-7.0,0.0,-77.0
1777890799.2983325,-3.0,1.0,-76.0
1777890799.3083324,-3.0,-1.0,-76.0
1777890799.3183324,-1.0,1.0,-74.0
1777890799.3283324,5.0,3.0,-76.0
1777890799.3383324,6.0,4.0,-78.0
1777890799.3483324,9.0,7.0,-69.0
1777890799.3583324,7.0,8.0,-71.0
1777890799.3683324,9.0,6.0,-78.0
1777890799.3783324,9.0,4.0,-85.0
1777890799.3883324,7.0,0.0,-80.0
1777890799.3983324,10.0,-2.0,-72.0
1777890799.4083323,9.0,0.0,-72.0
1777890799.4183323,3.0,0.0,-73.0
1777890799.4283323,5.0,1.0,-71.0
1777890799.4383323,4.0,0.0,-69.0
1777890799.4483323,0.0,0.0,-70.0
1777890799.4583323,-2.0,-1.0,-64.0
1777890799.4683323,-4.0,-2.0,-75.0
1777890799.4783323,-5.0,-1.0,-69.0
1777890799.4883325,-6.0,-5.0,-61.0
1777890799.4983325,-6.0,-8.0,-60.0
1777890799.5083325,-1.0,-7.0,-70.0
1777890799.5183325,-2.0,-6.0,-71.0
1777890799.5283325,-3.0,-4.0,-68.0
1777890799.5383325,-6.0,-2.0,-71.0
1777890799.5483325,-7.0,-3.0,-71.0
1777890799.5583324,-3.0,-3.0,-67.0
1777890799.5683324,4.0,-4.0,-65.0
1777890799.5783324,3.0,-2.0,-72.0
1777890799.5883324,-1.0,-6.0,-74.0
1777890799.5983324,-2.0,-3.0,-68.0
1777890799.6083324,-4.0,0.0,-72.0
1777890799.6183324,-2.0,0.0,-72.0
1777890799.6283324,-2.0,-2.0,-70.0
1777890799.6383324,0.0,-1.0,-63.0
1777890799.6483324,-1.0,-1.0,-62.0
1777890799.6583323,3.0,-1.0,-66.0
1777890799.6683323,0.0,0.0,-70.0
1777890799.6783323,3.0,0.0,-62.0
1777890799.6883323,3.0,-3.0,-66.0
1777890799.6983323,1.0,-5.0,-66.0
1777890799.7083323,2.0,-6.0,-69.0
1777890799.7183323,3.0,-6.0,-70.0
1777890799.7283323,-1.0,-7.0,-71.0
1777890799.7383325,-1.0,-8.0,-69.0
1777890799.7483325,-7.0,-6.0,-69.0
1777890799.7583325,-7.0,-8.0,-65.0
1777890799.7683325,-4.0,-6.0,-64.0
1777890799.7783325,-7.0,-3.0,-71.0
1777890799.7883325,-9.0,-5.0,-75.0
1777890799.7983325,-6.0,-1.0,-75.0
1777890799.8083324,-5.0,0.0,-67.0
1777890799.8183324,0.0,-1.0,-64.0
1777890799.8283324,-2.0,1.0,-71.0
1777890799.8383324,-6.0,0.0,-77.0
1777890799.8483324,-1.0,0.0,-80.0
1777890799.8583324,-7.0,0.0,-80.0
1777890799.8683324,-6.0,0.0,-77.0
1777890799.8783324,-6.0,2.0,-82.0
1777890799.8883324,-3.0,2.0,-77.0
1777890799.8983324,-1.0,3.0,-77.0
1777890799.9083323,-1.0,1.0,-76.0
1777890799.9183323,0.0,-2.0,-71.0
1777890799.9283323,-5.0,-2.0,-72.0
1777890799.9383323,-3.0,-6.0,-76.0
1777890799.9483323,-4.0,-7.0,-89.0
1777890799.9583323,-4.0,-2.0,-84.0
1777890799.9683323,-2.0,-2.0,-72.0
1777890799.9783323,-4.0,0.0,-71.0
1777890799.9883325,-3.0,0.0,-68.0
1777890799.9993324,0.0,3.0,-70.0
1777890800.0083325,-1.0,3.0,-71.0
1777890800.0193324,-5.0,2.0,-75.0
1777890800.0283325,-9.0,3.0,-82.0
1777890800.0393324,-5.0,3.0,-78.0
1777890800.0493324,-3.0,0.0,-83.0
1777890800.0593324,-1.0,0.0,-81.0
1777890800.0693324,1.0,-1.0,-77.0
1777890800.0793324,1.0,-3.0,-84.0
1777890800.0893323,1.0,-3.0,-86.0
1777890800.0993323,3.0,-6.0,-84.0
1777890800.1093323,3.0,-5.0,-85.0
1777890800.1193323,5.0,-8.0,-80.0
1777890800.1293323,4.0,-10.0,-73.0
1777890800.1393323,3.0,-11.0,-74.0
1777890800.1493323,4.0,-8.0,-70.0
1777890800.1593325,4.0,-4.0,-80.0
1777890800.1693325,2.0,0.0,-79.0
1777890800.1793325,0.0,-1.0,-70.0
1777890800.1893325,-6.0,2.0,-70.0
1777890800.1993325,-1.0,1.0,-65.0
1777890800.2093325,0.0,2.0,-69.0
1777890800.2193325,0.0,0.0,-72.0
1777890800.2293324,3.0,-3.0,-66.0
1777890800.2393324,2.0,-1.0,-69.0
1777890800.2493324,1.0,5.0,-72.0
1777890800.2593324,2.0,4.0,-77.0
1777890800.2693324,-1.0,6.0,-78.0
1777890800.2793324,-3.0,7.0,-77.0
1777890800.2893324,-1.0,5.0,-80.0
1777890800.2993324,-1.0,6.0,-79.0
1777890800.3093324,0.0,4.0,-71.0
1777890800.3193324,-6.0,-1.0,-65.0
1777890800.3293324,-4.0,2.0,-64.0
1777890800.3393323,-5.0,3.0,-64.0
1777890800.3493323,-3.0,1.0,-61.0
1777890800.3593323,-4.0,0.0,-61.0
1777890800.3693323,-1.0,0.0,-62.0
1777890800.3793323,1.0,-1.0,-63.0
1777890800.3893323,-2.0,-1.0,-63.0
1777890800.3993323,-1.0,-5.0,-62.0
1777890800.4093325,-1.0,-5.0,-71.0
1777890800.4193325,-3.0,-1.0,-70.0
1777890800.4293325,-3.0,-1.0,-73.0
1777890800.4393325,2.0,0.0,-77.0
1777890800.4493325,2.0,0.0,-78.0
1777890800.4593325,4.0,0.0,-78.0
1777890800.4693325,5.0,-1.0,-70.0
1777890800.4793324,5.0,-2.0,-67.0
1777890800.4893324,6.0,-1.0,-64.0
1777890800.4993324,5.0,-1.0,-59.0
1777890800.5093324,2.0,-6.0,-61.0
1777890800.5193324,-1.0,-6.0,-57.0
1777890800.5293324,-4.0,0.0,-58.0
1777890800.5393324,-6.0,1.0,-55.0
1777890800.5493324,-7.0,-5.0,-62.0
1777890800.5593324,-5.0,-7.0,-70.0
1777890800.5693324,-4.0,-1.0,-71.0
1777890800.5793324,-2.0,0.0,-73.0
1777890800.5893323,0.0,-2.0,-73.0
1777890800.5993323,2.0,-2.0,-69.0
1777890800.6093323,0.0,0.0,-74.0
1777890800.6193323,0.0,-1.0,-78.0
1777890800.6293323,0.0,5.0,-74.0
1777890800.6393323,0.0,3.0,-79.0
1777890800.6493323,4.0,1.0,-75.0
1777890800.6593325,5.0,2.0,-77.0
1777890800.6693325,8.0,2.0,-81.0
1777890800.6793325,5.0,5.0,-77.0
1777890800.6893325,4.0,8.0,-77.0
1777890800.6993325,0.0,8.0,-84.0
1777890800.7093325,5.0,6.0,-77.0
1777890800.7193325,2.0,2.0,-77.0
1777890800.7293324,2.0,1.0,-72.0
1777890800.7393324,-3.0,0.0,-70.0
1777890800.7493324,1.0,2.0,-72.0
1777890800.7593324,-3.0,0.0,-64.0
1777890800.7693324,-3.0,-2.0,-68.0
1777890800.7793324,-3.0,-1.0,-69.0
1777890800.7893324,0.0,0.0,-75.0
1777890800.7993324,-2.0,-2.0,-81.0
1777890800.8093324,-2.0,-5.0,-84.0
1777890800.8193324,1.0,-5.0,-79.0
1777890800.8293324,2.0,-4.0,-80.0
1777890800.8393323,0.0,-3.0,-71.0
1777890800.8493323,0.0,-7.0,-66.0
1777890800.8593323,1.0,-6.0,-69.0
1777890800.8693323,0.0,-6.0,-69.0
1777890800.8793323,3.0,-2.0,-64.0
1777890800.8893323,5.0,-3.0,-72.0
1777890800.8993323,7.0,-2.0,-71.0
1777890800.9093325,5.0,0.0,-68.0
1777890800.9193325,5.0,2.0,-63.0
1777890800.9293325,5.0,1.0,-66.0
1777890800.9393325,6.0,2.0,-65.0
1777890800.9493325,6.0,1.0,-66.0
1777890800.9593325,8.0,0.0,-60.0
1777890800.9693325,8.0,0.0,-65.0
1777890800.9793324,6.0,-2.0,-68.0
1777890800.9893324,4.0,-1.0,-68.0
1777890800.9993324,4.0,-4.0,-71.0
1777890801.0093324,5.0,-3.0,-68.0
1777890801.0193324,7.0,-1.0,-67.0
1777890801.0293324,10.0,-2.0,-66.0
1777890801.0393324,9.0,-3.0,-67.0
1777890801.0493324,4.0,2.0,-69.0
1777890801.0593324,1.0,0.0,-71.0
1777890801.0693324,0.0,-3.0,-66.0
1777890801.0793324,-7.0,-1.0,-67.0
1777890801.0893323,-10.0,-1.0,-70.0
1777890801.0993323,-4.0,-2.0,-69.0
1777890801.1093323,-5.0,-5.0,-68.0
1777890801.1193323,-4.0,-5.0,-68.0
1777890801.1293323,0.0,-8.0,-72.0
1777890801.1393323,2.0,-11.0,-78.0
1777890801.1493323,-2.0,-7.0,-74.0
1777890801.1593325,-3.0,0.0,-74.0
1777890801.1693325,-2.0,5.0,-80.0
1777890801.1793325,-1.0,1.0,-83.0
1777890801.1893325,0.0,-1.0,-84.0
1777890801.1993325,2.0,-2.0,-77.0
1777890801.2093325,-2.0,0.0,-77.0
1777890801.2193325,-2.0,-1.0,-79.0
1777890801.2293324,-1.0,-4.0,-86.0
1777890801.2393324,0.0,-1.0,-84.0
1777890801.2493324,1.0,1.0,-81.0
1777890801.2593324,6.0,0.0,-83.0
1777890801.2693324,2.0,-1.0,-81.0
1777890801.2793324,5.0,1.0,-78.0
1777890801.2893324,3.0,-1.0,-82.0
1777890801.2993324,2.0,2.0,-83.0
1777890801.3093324,2.0,-4.0,-84.0
1777890801.3193324,0.0,-5.0,-82.0
1777890801.3293324,0.0,-8.0,-76.0
1777890801.3393323,1.0,-7.0,-81.0
1777890801.3493323,1.0,-9.0,-76.0
1777890801.3593323,3.0,-9.0,-83.0
1777890801.3693323,2.0,-6.0,-82.0
1777890801.3793323,4.0,-12.0,-78.0
1777890801.3893323,4.0,-7.0,-82.0
1777890801.3993323,3.0,-5.0,-80.0
1777890801.4093325,-2.0,-3.0,-77.0
1777890801.4193325,-5.0,-3.0,-77.0
1777890801.4293325,-6.0,-9.0,-79.0
1777890801.4393325,-3.0,-8.0,-75.0
1777890801.4493325,-3.0,-3.0,-78.0
1777890801.4593325,-1.0,-1.0,-75.0
1777890801.4693325,0.0,-3.0,-76.0
1777890801.4793324,0.0,1.0,-74.0
1777890801.4893324,2.0,0.0,-71.0
1777890801.4993324,1.0,0.0,-70.0
1777890801.5093324,-2.0,-1.0,-69.0
1777890801.5193324,3.0,0.0,-68.0
1777890801.5293324,9.0,2.0,-72.0
1777890801.5393324,7.0,2.0,-71.0
1777890801.5493324,0.0,-1.0,-68.0
1777890801.5593324,-2.0,-2.0,-68.0
1777890801.5693324,0.0,-1.0,-77.0
1777890801.5793324,2.0,-2.0,-84.0
1777890801.5893323,-2.0,-2.0,-80.0
1777890801.5993323,1.0,-1.0,-74.0
1777890801.6093323,0.0,0.0,-74.0
1777890801.6193323,2.0,0.0,-72.0
1777890801.6293323,-1.0,0.0,-76.0
1777890801.6393323,0.0,-1.0,-75.0
1777890801.6493323,5.0,-4.0,-78.0
1777890801.6593325,8.0,-8.0,-81.0
1777890801.6693325,6.0,-6.0,-83.0
1777890801.6793325,4.0,-1.0,-84.0
1777890801.6893325,7.0,-2.0,-84.0
1777890801.6993325,9.0,-4.0,-80.0
1777890801.7093325,7.0,0.0,-80.0
1777890801.7193325,9.0,1.0,-77.0
1777890801.7293324,8.0,-1.0,-78.0
1777890801.7393324,10.0,0.0,-78.0
1777890801.7493324,9.0,1.0,-72.0
1777890801.7593324,1.0,3.0,-71.0
1777890801.7693324,4.0,2.0,-73.0
1777890801.7793324,7.0,-3.0,-66.0
1777890801.7893324,2.0,-3.0,-64.0
1777890801.7993324,4.0,-1.0,-68.0
1777890801.8093324,4.0,0.0,-78.0
1777890801.8193324,3.0,-4.0,-78.0
1777890801.8293324,1.0,-8.0,-80.0
1777890801.8393323,0.0,-10.0,-83.0
1777890801.8493323,2.0,-6.0,-78.0
1777890801.8593323,-1.0,-5.0,-68.0
1777890801.8693323,0.0,-5.0,-68.0
1777890801.8793323,0.0,-6.0,-74.0
1777890801.8893323,0.0,-5.0,-74.0
1777890801.8993323,1.0,-4.0,-83.0
1777890801.9093325,1.0,-2.0,-83.0
1777890801.9193325,0.0,-3.0,-82.0
1777890801.9293325,-4.0,-4.0,-71.0
1777890801.9393325,-4.0,-3.0,-76.0
1777890801.9493325,-5.0,-1.0,-81.0
1777890801.9593325,-5.0,-1.0,-80.0
1777890801.9693325,-3.0,1.0,-83.0
1777890801.9793324,0.0,2.0,-80.0
1777890801.9893324,0.0,1.0,-82.0
1777890801.9993324,1.0,6.0,-74.0
1777890802.0093324,1.0,5.0,-72.0
1777890802.0203323,0.0,1.0,-73.0
1777890802.0303323,0.0,0.0,-76.0
1777890802.0403323,1.0,3.0,-73.0
1777890802.0503323,4.0,1.0,-67.0
1777890802.0603323,2.0,-2.0,-66.0
1777890802.0703323,0.0,-3.0,-63.0
1777890802.0803325,0.0,-6.0,-66.0
1777890802.0903325,0.0,-6.0,-66.0
1777890802.1003325,3.0,0.0,-74.0
1777890802.1103325,3.0,0.0,-75.0
1777890802.1203325,2.0,-4.0,-76.0
1777890802.1303325,2.0,1.0,-73.0
1777890802.1403325,2.0,1.0,-76.0
1777890802.1503325,-1.0,2.0,-74.0
1777890802.1603324,1.0,3.0,-73.0
1777890802.1703324,1.0,2.0,-75.0
1777890802.1803324,0.0,4.0,-77.0
1777890802.1903324,0.0,0.0,-73.0
1777890802.2003324,0.0,1.0,-79.0
1777890802.2103324,-1.0,3.0,-76.0
1777890802.2203324,-3.0,3.0,-73.0
1777890802.2303324,-2.0,6.0,-72.0
1777890802.2403324,-1.0,6.0,-69.0
1777890802.2503324,-2.0,5.0,-75.0
1777890802.2603323,-3.0,2.0,-73.0
1777890802.2703323,-5.0,4.0,-70.0
1777890802.2803323,0.0,0.0,-62.0
1777890802.2903323,-1.0,-1.0,-63.0
1777890802.3003323,-3.0,-4.0,-61.0
1777890802.3103323,0.0,0.0,-62.0
1777890802.3203323,3.0,-1.0,-64.0
1777890802.3303325,0.0,0.0,-66.0
1777890802.3403325,-2.0,0.0,-63.0
1777890802.3503325,-4.0,2.0,-65.0
1777890802.3603325,-5.0,0.0,-73.0
1777890802.3703325,-8.0,-3.0,-77.0
1777890802.3803325,-4.0,-6.0,-75.0
1777890802.3903325,-2.0,-5.0,-72.0
1777890802.4003325,1.0,-3.0,-71.0
1777890802.4103324,0.0,-2.0,-68.0
1777890802.4203324,1.0,-5.0,-76.0
1777890802.4303324,1.0,-4.0,-78.0
1777890802.4403324,0.0,-7.0,-76.0
1777890802.4503324,-3.0,-4.0,-75.0
1777890802.4603324,-4.0,-1.0,-74.0
1777890802.4703324,-8.0,0.0,-77.0
1777890802.4803324,-9.0,0.0,-76.0
1777890802.4903324,-7.0,0.0,-78.0
1777890802.5003324,-5.0,-1.0,-83.0
1777890802.5103323,-4.0,0.0,-75.0
1777890802.5203323,-1.0,0.0,-77.0
1777890802.5303323,-3.0,1.0,-84.0
1777890802.5403323,0.0,3.0,-86.0
1777890802.5503323,3.0,4.0,-82.0
1777890802.5603323,0.0,9.0,-82.0
1777890802.5703323,0.0,8.0,-82.0
1777890802.5803325,-1.0,5.0,-79.0
1777890802.5903325,-4.0,6.0,-83.0
1777890802.6003325,2.0,3.0,-85.0
1777890802.6103325,3.0,2.0,-78.0
1777890802.6203325,5.0,-3.0,-82.0
1777890802.6303325,7.0,-3.0,-78.0
1777890802.6403325,5.0,-2.0,-75.0
1777890802.6503325,4.0,3.0,-71.0
1777890802.6603324,0.0,6.0,-72.0
1777890802.6703324,3.0,6.0,-77.0
1777890802.6803324,3.0,1.0,-82.0
1777890802.6903324,2.0,-2.0,-79.0
1777890802.7003324,-1.0,1.0,-82.0
1777890802.7103324,2.0,1.0,-82.0
1777890802.7203324,5.0,0.0,-76.0
1777890802.7303324,6.0,-3.0,-70.0
1777890802.7403324,7.0,-4.0,-68.0
1777890802.7503324,6.0,-5.0,-66.0
1777890802.7603323,3.0,-5.0,-73.0
1777890802.7703323,0.0,-9.0,-72.0
1777890802.7803323,-1.0,-6.0,-70.0
1777890802.7903323,-3.0,-3.0,-79.0
1777890802.8003323,-3.0,3.0,-82.0
1777890802.8103323,0.0,2.0,-85.0
1777890802.8203323,-4.0,1.0,-83.0
1777890802.8303325,-2.0,2.0,-75.0
1777890802.8403325,-3.0,0.0,-73.0
1777890802.8503325,-5.0,0.0,-74.0
1777890802.8603325,-5.0,-2.0,-72.0
1777890802.8703325,-5.0,-5.0,-70.0
1777890802.8803325,-3.0,0.0,-71.0
1777890802.8903325,0.0,0.0,-71.0
1777890802.9003325,0.0,0.0,-77.0
1777890802.9103324,0.0,1.0,-76.0
1777890802.9203324,-3.0,3.0,-73.0
1777890802.9303324,0.0,6.0,-80.0
1777890802.9403324,-2.0,7.0,-72.0
1777890802.9503324,-1.0,4.0,-63.0
1777890802.9603324,-3.0,-1.0,-58.0
1777890802.9703324,-4.0,-3.0,-58.0
1777890802.9803324,-2.0,-3.0,-57.0
1777890802.9903324,0.0,-2.0,-56.0
1777890803.0003324,-3.0,2.0,-53.0
1777890803.0103323,-5.0,3.0,-59.0
1777890803.0203323,-5.0,3.0,-67.0
1777890803.0303323,-4.0,3.0,-71.0
1777890803.0403323,-7.0,2.0,-69.0
1777890803.0503323,-4.0,-1.0,-73.0
1777890803.0603323,-5.0,3.0,-74.0
1777890803.0703323,-4.0,5.0,-71.0
1777890803.0803325,2.0,1.0,-71.0
1777890803.0903325,2.0,-2.0,-68.0
1777890803.1003325,7.0,0.0,-70.0
1777890803.1103325,10.0,-1.0,-67.0
1777890803.1203325,9.0,-1.0,-63.0
1777890803.1303325,8.0,1.0,-68.0
1777890803.1403325,4.0,2.0,-66.0
1777890803.1503325,2.0,5.0,-58.0
1777890803.1603324,3.0,5.0,-61.0
1777890803.1703324,0.0,2.0,-63.0
1777890803.1803324,0.0,1.0,-64.0
1777890803.1903324,6.0,1.0,-67.0
1777890803.2003324,10.0,0.0,-67.0
1777890803.2103324,12.0,0.0,-65.0
1777890803.2203324,10.0,0.0,-53.0
1777890803.2303324,7.0,-3.0,-55.0
1777890803.2403324,3.0,-9.0,-61.0
1777890803.2513323,0.0,-5.0,-67.0
1777890803.2603323,-1.0,-7.0,-69.0
1777890803.2703323,0.0,-5.0,-71.0
1777890803.2803323,0.0,-2.0,-73.0
1777890803.2903323,-3.0,0.0,-72.0
1777890803.3003323,-1.0,0.0,-68.0
1777890803.3103323,-3.0,-2.0,-71.0
1777890803.3203323,0.0,-3.0,-72.0
1777890803.3303325,3.0,-3.0,-69.0
1777890803.3403325,2.0,-2.0,-74.0
1777890803.3503325,0.0,-1.0,-69.0
1777890803.3603325,0.0,-2.0,-79.0
1777890803.3703325,1.0,1.0,-76.0
1777890803.3803325,0.0,2.0,-80.0
1777890803.3903325,-2.0,4.0,-82.0
1777890803.4003325,-1.0,0.0,-75.0
1777890803.4103324,2.0,-3.0,-78.0
1777890803.4203324,2.0,-5.0,-81.0
1777890803.4303324,3.0,-5.0,-80.0
1777890803.4403324,1.0,-5.0,-68.0
1777890803.4503324,0.0,-5.0,-66.0
1777890803.4603324,2.0,0.0,-71.0
1777890803.4703324,3.0,0.0,-76.0
1777890803.4803324,2.0,1.0,-79.0
1777890803.4903324,2.0,-1.0,-78.0
1777890803.5003324,1.0,-4.0,-84.0
1777890803.5103323,-2.0,-4.0,-78.0
1777890803.5203323,0.0,-1.0,-77.0
1777890803.5303323,4.0,5.0,-82.0
1777890803.5403323,-1.0,7.0,-77.0
1777890803.5503323,-3.0,6.0,-81.0
1777890803.5603323,1.0,8.0,-80.0
1777890803.5703323,0.0,6.0,-79.0
1777890803.5803325,-2.0,3.0,-84.0
1777890803.5903325,-4.0,5.0,-71.0
1777890803.6003325,-2.0,5.0,-73.0
1777890803.6103325,-3.0,1.0,-66.0
1777890803.6203325,0.0,-1.0,-67.0
1777890803.6303325,6.0,-3.0,-72.0
1777890803.6403325,7.0,-3.0,-71.0
1777890803.6503325,6.0,-6.0,-74.0
1777890803.6603324,7.0,-7.0,-79.0
1777890803.6703324,4.0,-6.0,-86.0
1777890803.6803324,4.0,-8.0,-84.0
1777890803.6903324,4.0,-9.0,-83.0
1777890803.7003324,6.0,-8.0,-86.0
1777890803.7103324,8.0,-6.0,-79.0
1777890803.7203324,1.0,-4.0,-84.0
1777890803.7303324,1.0,-2.0,-79.0
1777890803.7403324,3.0,-5.0,-80.0
1777890803.7503324,1.0,-5.0,-74.0
1777890803.7603323,1.0,-5.0,-66.0
1777890803.7703323,6.0,-4.0,-66.0
1777890803.7803323,5.0,-3.0,-67.0
1777890803.7903323,5.0,-7.0,-62.0
1777890803.8003323,4.0,-8.0,-58.0
1777890803.8103323,0.0,-6.0,-63.0
1777890803.8203323,0.0,-4.0,-65.0
1777890803.8303325,-2.0,-3.0,-63.0
1777890803.8403325,-4.0,1.0,-61.0
1777890803.8503325,-3.0,1.0,-64.0
1777890803.8603325,-3.0,-1.0,-64.0
1777890803.8703325,-4.0,-1.0,-62.0
1777890803.8803325,-3.0,1.0,-67.0
1777890803.8903325,-3.0,2.0,-71.0
1777890803.9003325,-3.0,4.0,-73.0
1777890803.9103324,-5.0,-2.0,-72.0
1777890803.9203324,0.0,-3.0,-73.0
1777890803.9303324,0.0,-8.0,-75.0
1777890803.9403324,3.0,-7.0,-77.0
1777890803.9503324,0.0,-5.0,-83.0
1777890803.9603324,-4.0,-5.0,-86.0
1777890803.9713323,0.0,-6.0,-80.0
1777890803.9803324,6.0,-8.0,-75.0
1777890803.9903324,5.0,-9.0,-82.0
1777890804.0003324,4.0,-11.0,-84.0
1777890804.0103323,0.0,-7.0,-89.0
1777890804.0213325,-4.0,-4.0,-88.0
1777890804.0313325,-2.0,1.0,-75.0
1777890804.0413325,-2.0,3.0,-77.0
1777890804.0513325,-4.0,0.0,-75.0
1777890804.0613325,-2.0,0.0,-74.0
1777890804.0713325,0.0,0.0,-77.0
1777890804.0813324,1.0,1.0,-75.0
1777890804.0913324,3.0,4.0,-74.0
1777890804.1013324,4.0,5.0,-79.0
1777890804.1113324,4.0,1.0,-78.0
1777890804.1213324,3.0,0.0,-78.0
1777890804.1313324,1.0,-1.0,-73.0
1777890804.1413324,0.0,4.0,-68.0
1777890804.1513324,0.0,3.0,-65.0
1777890804.1613324,0.0,5.0,-67.0
1777890804.1713324,1.0,4.0,-68.0
1777890804.1813323,0.0,0.0,-73.0
1777890804.1913323,4.0,-2.0,-73.0
1777890804.2013323,3.0,4.0,-73.0
1777890804.2113323,-3.0,4.0,-76.0
1777890804.2213323,-1.0,4.0,-74.0
1777890804.2313323,-1.0,6.0,-78.0
1777890804.2413323,0.0,6.0,-74.0
1777890804.2513323,0.0,5.0,-80.0
1777890804.2613325,-2.0,5.0,-87.0
1777890804.2713325,-4.0,2.0,-91.0
1777890804.2813325,1.0,3.0,-88.0
1777890804.2913325,3.0,0.0,-85.0
1777890804.3013325,5.0,-1.0,-86.0
1777890804.3113325,2.0,3.0,-80.0
1777890804.3213325,1.0,3.0,-76.0
1777890804.3313324,2.0,4.0,-71.0
1777890804.3413324,6.0,6.0,-71.0
1777890804.3513324,6.0,4.0,-75.0
1777890804.3613324,3.0,1.0,-76.0
1777890804.3713324,4.0,-1.0,-77.0
1777890804.3813324,4.0,-2.0,-76.0
1777890804.3913324,0.0,0.0,-72.0
1777890804.4013324,1.0,1.0,-74.0
1777890804.4113324,4.0,4.0,-70.0
1777890804.4213324,-1.0,6.0,-71.0
1777890804.4313323,-2.0,2.0,-67.0
1777890804.4413323,3.0,2.0,-74.0
1777890804.4513323,3.0,0.0,-79.0
1777890804.4613323,4.0,2.0,-80.0
1777890804.4713323,2.0,0.0,-77.0
1777890804.4813323,0.0,0.0,-75.0
1777890804.4913323,0.0,3.0,-78.0
1777890804.5013323,-5.0,-1.0,-79.0
1777890804.5113325,-3.0,0.0,-77.0
1777890804.5213325,0.0,2.0,-79.0
1777890804.5313325,2.0,1.0,-79.0
1777890804.5413325,3.0,0.0,-81.0
1777890804.5513325,5.0,0.0,-83.0
1777890804.5613325,2.0,5.0,-74.0
1777890804.5713325,0.0,5.0,-70.0
1777890804.5813324,1.0,7.0,-71.0
1777890804.5913324,5.0,4.0,-68.0
1777890804.6013324,-1.0,2.0,-64.0
1777890804.6113324,-2.0,-1.0,-65.0
1777890804.6213324,-1.0,-5.0,-69.0
1777890804.6313324,-2.0,-4.0,-76.0
1777890804.6413324,-2.0,-1.0,-74.0
1777890804.6513324,-2.0,-5.0,-76.0
1777890804.6613324,0.0,-1.0,-80.0
1777890804.6713324,-2.0,-4.0,-77.0
1777890804.6813323,-7.0,-3.0,-78.0
1777890804.6913323,-8.0,0.0,-71.0
1777890804.7013323,-5.0,0.0,-67.0
1777890804.7113323,-2.0,-1.0,-64.0
1777890804.7213323,-2.0,-2.0,-62.0
1777890804.7313323,2.0,-5.0,-63.0
1777890804.7413323,6.0,-1.0,-67.0
1777890804.7513323,8.0,1.0,-67.0
1777890804.7613325,9.0,-2.0,-72.0
1777890804.7713325,7.0,-1.0,-72.0
1777890804.7813325,-2.0,-3.0,-77.0
1777890804.7913325,-3.0,-1.0,-74.0
1777890804.8013325,-3.0,-5.0,-68.0
1777890804.8113325,-1.0,-3.0,-65.0
1777890804.8213325,-2.0,-3.0,-69.0
1777890804.8313324,1.0,-2.0,-65.0
1777890804.8413324,1.0,-6.0,-67.0
1777890804.8513324,0.0,-5.0,-71.0
1777890804.8613324,-2.0,-4.0,-69.0
1777890804.8713324,0.0,-3.0,-66.0
1777890804.8813324,-1.0,-2.0,-68.0
1777890804.8913324,2.0,-4.0,-66.0
1777890804.9013324,2.0,-4.0,-68.0
1777890804.9113324,2.0,-4.0,-64.0
1777890804.9213324,3.0,-3.0,-67.0
1777890804.9313323,-1.0,-3.0,-65.0
1777890804.9413323,-3.0,0.0,-66.0
1777890804.9513323,-4.0,-4.0,-68.0
1777890804.9613323,-2.0,-3.0,-59.0
1777890804.9713323,0.0,-6.0,-61.0
1777890804.9813323,0.0,-8.0,-65.0
1777890804.9913323,-3.0,-7.0,-64.0
1777890805.0013323,0.0,-9.0,-68.0
1777890805.0113325,-1.0,-4.0,-64.0
1777890805.0213325,-1.0,-1.0,-64.0
1777890805.0313325,0.0,-1.0,-68.0
1777890805.0413325,-1.0,1.0,-68.0
1777890805.0513325,0.0,1.0,-70.0
1777890805.0613325,0.0,0.0,-71.0
1777890805.0713325,0.0,0.0,-65.0
1777890805.0813324,1.0,1.0,-68.0
1777890805.0913324,2.0,1.0,-76.0
1777890805.1013324,2.0,0.0,-87.0
1777890805.1113324,0.0,0.0,-83.0
1777890805.1213324,0.0,1.0,-73.0
1777890805.1313324,3.0,4.0,-70.0
1777890805.1413324,5.0,1.0,-66.0
1777890805.1513324,4.0,3.0,-64.0
1777890805.1613324,4.0,7.0,-64.0
1777890805.1713324,-1.0,5.0,-63.0
1777890805.1813323,1.0,6.0,-65.0
1777890805.1913323,0.0,5.0,-58.0
1777890805.2013323,3.0,0.0,-63.0
1777890805.2113323,3.0,0.0,-68.0
1777890805.2213323,0.0,3.0,-72.0
1777890805.2313323,-2.0,1.0,-69.0
1777890805.2413323,-4.0,3.0,-66.0
1777890805.2513323,0.0,6.0,-67.0
1777890805.2613325,-6.0,3.0,-66.0
1777890805.2713325,-8.0,-1.0,-62.0
1777890805.2813325,-9.0,-2.0,-59.0
1777890805.2913325,-9.0,-3.0,-55.0
1777890805.3013325,-7.0,-3.0,-60.0
1777890805.3113325,-3.0,-2.0,-69.0
1777890805.3213325,0.0,0.0,-73.0
1777890805.3313324,6.0,0.0,-74.0
1777890805.3413324,5.0,2.0,-79.0
1777890805.3513324,2.0,3.0,-80.0
1777890805.3613324,0.0,4.0,-74.0
1777890805.3713324,-3.0,0.0,-67.0
1777890805.3813324,-2.0,-2.0,-66.0
1777890805.3913324,-3.0,1.0,-74.0
1777890805.4013324,-1.0,2.0,-80.0
1777890805.4113324,1.0,2.0,-80.0
1777890805.4213324,4.0,-1.0,-81.0
1777890805.4313323,3.0,0.0,-77.0
1777890805.4413323,4.0,-3.0,-70.0
1777890805.4513323,2.0,-6.0,-64.0
1777890805.4613323,-2.0,-6.0,-68.0
1777890805.4713323,-1.0,-10.0,-73.0
1777890805.4813323,1.0,-7.0,-79.0
1777890805.4913323,2.0,-6.0,-73.0
1777890805.5013323,0.0,-6.0,-79.0
1777890805.5113325,-3.0,-5.0,-81.0
1777890805.5213325,-7.0,-3.0,-74.0
1777890805.5313325,-4.0,3.0,-73.0
1777890805.5413325,-3.0,5.0,-69.0
1777890805.5513325,-5.0,6.0,-68.0
1777890805.5613325,-5.0,8.0,-66.0
1777890805.5713325,-7.0,9.0,-66.0
1777890805.5813324,-6.0,7.0,-68.0
1777890805.5913324,-2.0,8.0,-64.0
1777890805.6013324,1.0,9.0,-69.0
1777890805.6113324,-1.0,5.0,-70.0
1777890805.6213324,0.0,8.0,-74.0
1777890805.6313324,0.0,6.0,-73.0
1777890805.6413324,0.0,4.0,-79.0
1777890805.6513324,-5.0,3.0,-79.0
1777890805.6613324,-4.0,1.0,-80.0
1777890805.6713324,-2.0,2.0,-83.0
1777890805.6813323,-1.0,6.0,-81.0
1777890805.6913323,-2.0,10.0,-86.0
1777890805.7013323,-1.0,5.0,-84.0
1777890805.7113323,1.0,3.0,-89.0
1777890805.7213323,1.0,3.0,-85.0
1777890805.7313323,1.0,2.0,-75.0
1777890805.7413323,-1.0,1.0,-79.0
1777890805.7513323,0.0,3.0,-81.0
1777890805.7613325,-1.0,3.0,-82.0
1777890805.7713325,-1.0,0.0,-78.0
1777890805.7813325,0.0,0.0,-80.0
1777890805.7913325,0.0,0.0,-80.0
1777890805.8013325,0.0,-1.0,-82.0
1777890805.8113325,2.0,0.0,-80.0
1777890805.8213325,8.0,-4.0,-78.0
1777890805.8313324,8.0,-8.0,-75.0
1777890805.8413324,6.0,-7.0,-73.0
1777890805.8513324,0.0,-4.0,-82.0
1777890805.8613324,4.0,-1.0,-84.0
1777890805.8713324,3.0,0.0,-78.0
1777890805.8813324,1.0,0.0,-78.0
1777890805.8913324,0.0,2.0,-73.0
1777890805.9013324,-3.0,6.0,-71.0
1777890805.9113324,-5.0,5.0,-74.0
1777890805.9213324,-6.0,5.0,-70.0
1777890805.9313323,-7.0,6.0,-72.0
1777890805.9413323,-4.0,4.0,-75.0
1777890805.9513323,3.0,2.0,-71.0
1777890805.9613323,0.0,1.0,-70.0
1777890805.9723325,-2.0,-4.0,-73.0
1777890805.9823325,-1.0,-6.0,-73.0
1777890805.9923325,-1.0,-5.0,-76.0
1777890806.0023324,1.0,-7.0,-71.0
1777890806.0123324,2.0,-10.0,-70.0
1777890806.0223324,2.0,-6.0,-63.0
1777890806.0323324,4.0,-9.0,-64.0
1777890806.0423324,6.0,-7.0,-61.0
1777890806.0523324,2.0,-5.0,-66.0
1777890806.0623324,0.0,0.0,-72.0
1777890806.0723324,-3.0,-3.0,-75.0
1777890806.0823324,-1.0,-8.0,-73.0
1777890806.0923324,0.0,-4.0,-76.0
1777890806.1023324,3.0,-1.0,-80.0
1777890806.1123323,5.0,0.0,-80.0
1777890806.1223323,1.0,-2.0,-77.0
1777890806.1323323,0.0,-2.0,-75.0
1777890806.1423323,-1.0,-2.0,-78.0
1777890806.1523323,1.0,0.0,-86.0
1777890806.1623323,0.0,1.0,-85.0
1777890806.1723323,0.0,0.0,-84.0
1777890806.1823325,2.0,0.0,-81.0
1777890806.1923325,8.0,1.0,-78.0
1777890806.2023325,7.0,0.0,-78.0
1777890806.2123325,5.0,-1.0,-80.0
1777890806.2223325,0.0,-2.0,-80.0
1777890806.2323325,-1.0,0.0,-80.0
1777890806.2423325,1.0,-2.0,-73.0
1777890806.2523324,-3.0,-3.0,-75.0
1777890806.2623324,-2.0,-8.0,-73.0
1777890806.2723324,0.0,-8.0,-73.0
1777890806.2823324,5.0,-8.0,-80.0
1777890806.2923324,5.0,-5.0,-77.0
1777890806.3023324,2.0,-3.0,-73.0
1777890806.3123324,3.0,0.0,-70.0
1777890806.3223324,3.0,3.0,-71.0
1777890806.3323324,5.0,6.0,-68.0
1777890806.3423324,4.0,3.0,-64.0
1777890806.3523324,2.0,3.0,-63.0
1777890806.3623323,5.0,4.0,-68.0
1777890806.3723323,2.0,2.0,-71.0
1777890806.3823323,0.0,0.0,-68.0
1777890806.3923323,-3.0,-1.0,-67.0
1777890806.4023323,0.0,0.0,-69.0
1777890806.4123323,-1.0,-2.0,-66.0
1777890806.4223323,-2.0,0.0,-65.0
1777890806.4323325,-3.0,1.0,-69.0
1777890806.4423325,-4.0,0.0,-68.0
1777890806.4523325,-4.0,0.0,-64.0
1777890806.4623325,-8.0,0.0,-65.0
1777890806.4723325,-4.0,3.0,-71.0
1777890806.4823325,0.0,2.0,-71.0
1777890806.4923325,2.0,1.0,-73.0
1777890806.5023324,2.0,-2.0,-79.0
1777890806.5123324,0.0,0.0,-75.0
1777890806.5223324,-1.0,-1.0,-81.0
1777890806.5323324,-2.0,-5.0,-75.0
1777890806.5423324,-4.0,-3.0,-69.0
1777890806.5523324,-7.0,-4.0,-74.0
1777890806.5623324,-9.0,-6.0,-73.0
1777890806.5723324,-6.0,-8.0,-75.0
1777890806.5823324,-4.0,-5.0,-77.0
1777890806.5923324,-2.0,-1.0,-80.0
1777890806.6023324,1.0,-5.0,-85.0
1777890806.6123323,0.0,-7.0,-82.0
1777890806.6223323,0.0,-3.0,-75.0
1777890806.6323323,-2.0,-2.0,-77.0
1777890806.6423323,-3.0,-3.0,-73.0
1777890806.6523323,-2.0,-3.0,-72.0
1777890806.6623323,-6.0,-4.0,-72.0
1777890806.6723323,-9.0,0.0,-69.0
1777890806.6823325,-8.0,0.0,-67.0
1777890806.6923325,-2.0,2.0,-67.0
1777890806.7023325,-1.0,0.0,-71.0
1777890806.7123325,0.0,-1.0,-68.0
1777890806.7223325,2.0,3.0,-66.0
1777890806.7323325,4.0,0.0,-65.0
1777890806.7423325,6.0,-2.0,-66.0
1777890806.7523324,0.0,-2.0,-70.0
1777890806.7623324,4.0,0.0,-72.0
1777890806.7723324,2.0,4.0,-71.0
1777890806.7823324,1.0,3.0,-68.0
1777890806.7923324,-1.0,5.0,-72.0
1777890806.8023324,-1.0,6.0,-73.0
1777890806.8123324,-2.0,4.0,-71.0
1777890806.8223324,-4.0,0.0,-64.0
1777890806.8323324,-2.0,-2.0,-68.0
1777890806.8423324,-1.0,-3.0,-66.0
1777890806.8523324,1.0,0.0,-65.0
1777890806.8623323,1.0,-1.0,-65.0
1777890806.8723323,-2.0,0.0,-67.0
1777890806.8823323,1.0,0.0,-67.0
1777890806.8923323,3.0,0.0,-77.0
1777890806.9023323,3.0,0.0,-71.0
1777890806.9123323,-1.0,-1.0,-73.0
1777890806.9223323,0.0,0.0,-72.0
1777890806.9323325,0.0,5.0,-63.0
1777890806.9423325,-1.0,3.0,-56.0
1777890806.9523325,0.0,2.0,-58.0
1777890806.9623325,-3.0,2.0,-65.0
1777890806.9723325,0.0,0.0,-78.0
1777890806.9823325,0.0,0.0,-78.0
1777890806.9923325,1.0,-5.0,-69.0
1777890807.0023324,0.0,-5.0,-71.0
1777890807.0123324,0.0,-5.0,-76.0
1777890807.0223324,0.0,-3.0,-76.0
1777890807.0323324,1.0,0.0,-73.0
1777890807.0423324,5.0,-1.0,-62.0
1777890807.0523324,3.0,-1.0,-64.0
1777890807.0623324,-2.0,-1.0,-73.0
1777890807.0723324,-4.0,0.0,-75.0
1777890807.0823324,-3.0,2.0,-77.0
1777890807.0923324,0.0,2.0,-74.0
1777890807.1023324,2.0,1.0,-78.0
1777890807.1123323,0.0,3.0,-78.0
1777890807.1223323,2.0,3.0,-73.0
1777890807.1323323,3.0,3.0,-72.0
1777890807.1423323,4.0,2.0,-69.0
1777890807.1523323,3.0,0.0,-63.0
1777890807.1623323,3.0,0.0,-68.0
1777890807.1723323,4.0,0.0,-70.0
1777890807.1823325,0.0,-2.0,-72.0
1777890807.1923325,0.0,-1.0,-69.0
1777890807.2023325,0.0,-2.0,-70.0
1777890807.2123325,-3.0,-1.0,-70.0
1777890807.2223325,3.0,-3.0,-73.0
1777890807.2323325,3.0,-4.0,-74.0
1777890807.2423325,8.0,-4.0,-71.0
1777890807.2523324,7.0,-4.0,-71.0
1777890807.2623324,2.0,-8.0,-70.0
1777890807.2723324,6.0,-9.0,-71.0
1777890807.2823324,6.0,-10.0,-73.0
1777890807.2923324,7.0,-6.0,-76.0
1777890807.3023324,3.0,-4.0,-73.0
1777890807.3123324,-3.0,0.0,-75.0
1777890807.3223324,-4.0,0.0,-75.0
1777890807.3323324,-7.0,-3.0,-69.0
1777890807.3423324,-4.0,-4.0,-65.0
1777890807.3523324,-3.0,0.0,-68.0
1777890807.3623323,-2.0,-1.0,-73.0
1777890807.3723323,3.0,0.0,-81.0
1777890807.3823323,2.0,0.0,-83.0
1777890807.3923323,-2.0,-2.0,-81.0
1777890807.4023323,-5.0,-1.0,-83.0
1777890807.4123323,-2.0,-5.0,-79.0
1777890807.4223323,-3.0,-3.0,-79.0
1777890807.4323325,-3.0,-3.0,-75.0
1777890807.4423325,0.0,-3.0,-78.0
1777890807.4523325,5.0,-2.0,-76.0
1777890807.4623325,11.0,2.0,-74.0
1777890807.4723325,6.0,2.0,-78.0
1777890807.4823325,2.0,1.0,-75.0
1777890807.4923325,-4.0,3.0,-72.0
1777890807.5023324,-7.0,5.0,-66.0
1777890807.5123324,-7.0,5.0,-64.0
1777890807.5223324,-5.0,3.0,-70.0
1777890807.5323324,-5.0,-2.0,-79.0
1777890807.5423324,-2.0,-1.0,-85.0
1777890807.5523324,0.0,-4.0,-78.0
1777890807.5623324,0.0,-3.0,-74.0
1777890807.5723324,-2.0,0.0,-67.0
1777890807.5823324,0.0,2.0,-64.0
1777890807.5923324,0.0,0.0,-71.0
1777890807.6023324,2.0,0.0,-76.0
1777890807.6123323,1.0,-2.0,-80.0
1777890807.6223323,1.0,0.0,-82.0
1777890807.6323323,-3.0,0.0,-77.0
1777890807.6423323,-2.0,0.0,-74.0
1777890807.6523323,-2.0,1.0,-74.0
1777890807.6623323,-3.0,3.0,-74.0
1777890807.6723323,2.0,-1.0,-77.0
1777890807.6823325,2.0,0.0,-71.0
1777890807.6923325,5.0,-2.0,-70.0
1777890807.7023325,7.0,-2.0,-68.0
1777890807.7123325,3.0,0.0,-68.0
1777890807.7223325,6.0,0.0,-66.0
1777890807.7323325,3.0,0.0,-65.0
1777890807.7423325,-2.0,3.0,-66.0
1777890807.7523324,-1.0,6.0,-74.0
1777890807.7623324,1.0,7.0,-73.0
1777890807.7723324,2.0,8.0,-66.0
1777890807.7823324,1.0,7.0,-71.0
1777890807.7923324,-3.0,0.0,-80.0
1777890807.8023324,-4.0,0.0,-77.0
1777890807.8123324,0.0,0.0,-80.0
1777890807.8223324,0.0,0.0,-78.0
1777890807.8323324,1.0,0.0,-77.0
1777890807.8423324,4.0,0.0,-78.0
1777890807.8523324,9.0,-2.0,-78.0
1777890807.8623323,7.0,-1.0,-69.0
1777890807.8723323,6.0,0.0,-67.0
1777890807.8823323,1.0,1.0,-69.0
1777890807.8923323,0.0,1.0,-79.0
1777890807.9023323,-1.0,0.0,-78.0
1777890807.9123323,0.0,1.0,-71.0
1777890807.9223323,1.0,1.0,-71.0
1777890807.9323325,-3.0,-1.0,-68.0
1777890807.9423325,-4.0,-2.0,-62.0
1777890807.9523325,-2.0,-2.0,-66.0
1777890807.9633324,-2.0,-4.0,-70.0
1777890807.9733324,-4.0,-5.0,-67.0
1777890807.9823325,-1.0,-2.0,-63.0
1777890807.9933324,1.0,-1.0,-62.0
1777890808.0033324,1.0,0.0,-61.0
1777890808.0133324,5.0,-1.0,-65.0
1777890808.0233324,0.0,2.0,-68.0
1777890808.0333323,0.0,-2.0,-58.0
1777890808.0433323,3.0,-6.0,-65.0
1777890808.0533323,0.0,-7.0,-68.0
1777890808.0633323,-6.0,-6.0,-64.0
1777890808.0733323,-3.0,-3.0,-66.0
1777890808.0833323,-6.0,-1.0,-61.0
1777890808.0933323,-6.0,-3.0,-65.0
1777890808.1033323,-4.0,-2.0,-62.0
1777890808.1133325,-2.0,-1.0,-60.0
1777890808.1233325,3.0,-2.0,-67.0
1777890808.1333325,4.0,-1.0,-69.0
1777890808.1433325,2.0,0.0,-72.0
1777890808.1533325,2.0,0.0,-75.0
1777890808.1633325,0.0,-5.0,-72.0
1777890808.1733325,0.0,-2.0,-71.0
1777890808.1833324,-3.0,-2.0,-70.0
1777890808.1933324,-3.0,2.0,-77.0
1777890808.2033324,-2.0,1.0,-74.0
1777890808.2133324,0.0,5.0,-73.0
1777890808.2233324,1.0,4.0,-77.0
1777890808.2333324,5.0,1.0,-81.0
1777890808.2433324,3.0,-2.0,-78.0
1777890808.2533324,2.0,0.0,-78.0
1777890808.2633324,0.0,-2.0,-86.0
1777890808.2733324,-1.0,2.0,-81.0
1777890808.2833323,0.0,-1.0,-78.0
1777890808.2933323,1.0,-1.0,-72.0
1777890808.3033323,-1.0,0.0,-71.0
1777890808.3133323,-4.0,1.0,-67.0
1777890808.3233323,-2.0,4.0,-61.0
1777890808.3333323,-2.0,4.0,-57.0
1777890808.3433323,-6.0,0.0,-63.0
1777890808.3533323,-7.0,-3.0,-57.0
1777890808.3633325,-6.0,0.0,-60.0
1777890808.3733325,-7.0,1.0,-64.0
1777890808.3833325,-2.0,3.0,-65.0
1777890808.3933325,-3.0,2.0,-70.0
1777890808.4033325,-1.0,2.0,-69.0
1777890808.4133325,0.0,0.0,-75.0
1777890808.4233325,-1.0,-2.0,-76.0
1777890808.4333324,-1.0,-3.0,-74.0
1777890808.4433324,-3.0,0.0,-74.0
1777890808.4533324,-2.0,-5.0,-68.0
1777890808.4633324,-1.0,-4.0,-72.0
1777890808.4733324,3.0,0.0,-71.0
1777890808.4833324,1.0,0.0,-77.0
1777890808.4933324,-1.0,2.0,-76.0
1777890808.5033324,0.0,4.0,-76.0
1777890808.5133324,5.0,2.0,-76.0
1777890808.5233324,10.0,5.0,-76.0
1777890808.5333323,10.0,6.0,-80.0
1777890808.5433323,5.0,7.0,-82.0
1777890808.5533323,7.0,4.0,-86.0
1777890808.5633323,1.0,4.0,-85.0
1777890808.5733323,-2.0,6.0,-74.0
1777890808.5833323,-3.0,1.0,-74.0
1777890808.5933323,-1.0,-4.0,-69.0
1777890808.6033323,-2.0,-7.0,-71.0
1777890808.6133325,0.0,-6.0,-76.0
1777890808.6233325,4.0,-5.0,-81.0
1777890808.6333325,3.0,-10.0,-73.0
1777890808.6433325,5.0,-7.0,-77.0
1777890808.6533325,3.0,-2.0,-76.0
1777890808.6633325,6.0,-2.0,-72.0
1777890808.6733325,5.0,0.0,-69.0
1777890808.6833324,6.0,2.0,-67.0
1777890808.6933324,6.0,1.0,-71.0
1777890808.7033324,6.0,1.0,-76.0
1777890808.7133324,8.0,0.0,-81.0
1777890808.7233324,7.0,0.0,-77.0
1777890808.7333324,6.0,1.0,-82.0
1777890808.7433324,2.0,1.0,-82.0
1777890808.7533324,1.0,0.0,-81.0
1777890808.7633324,4.0,-1.0,-79.0
1777890808.7733324,10.0,-3.0,-83.0
1777890808.7833323,6.0,-2.0,-82.0
1777890808.7933323,2.0,0.0,-73.0
1777890808.8033323,0.0,0.0,-74.0
1777890808.8133323,0.0,2.0,-75.0
1777890808.8233323,0.0,0.0,-73.0
1777890808.8333323,-1.0,2.0,-69.0
1777890808.8433323,-2.0,0.0,-71.0
1777890808.8533323,1.0,-1.0,-78.0
1777890808.8633325,2.0,-3.0,-72.0
1777890808.8733325,2.0,0.0,-73.0
1777890808.8833325,2.0,3.0,-75.0
1777890808.8933325,4.0,2.0,-69.0
1777890808.9033325,2.0,0.0,-66.0
1777890808.9133325,6.0,0.0,-67.0
1777890808.9233325,1.0,0.0,-70.0
1777890808.9333324,2.0,0.0,-73.0
1777890808.9433324,4.0,2.0,-79.0
1777890808.9533324,0.0,2.0,-82.0
1777890808.9633324,4.0,-2.0,-83.0
1777890808.9733324,6.0,-3.0,-81.0
1777890808.9833324,5.0,-4.0,-77.0
1777890808.9933324,6.0,-7.0,-71.0
1777890809.0033324,6.0,-6.0,-68.0
1777890809.0133324,9.0,-5.0,-73.0
1777890809.0233324,3.0,-4.0,-73.0
1777890809.0333323,4.0,-3.0,-70.0
1777890809.0433323,4.0,-3.0,-73.0
1777890809.0533323,3.0,-1.0,-74.0
1777890809.0633323,6.0,-5.0,-74.0
1777890809.0733323,5.0,-1.0,-70.0
1777890809.0833323,4.0,-3.0,-70.0
1777890809.0933323,0.0,0.0,-72.0
1777890809.1033323,-1.0,1.0,-66.0
1777890809.1133325,1.0,2.0,-69.0
1777890809.1233325,2.0,2.0,-73.0
1777890809.1333325,6.0,0.0,-68.0
1777890809.1433325,5.0,-2.0,-69.0
1777890809.1533325,5.0,-3.0,-65.0
1777890809.1633325,0.0,-4.0,-69.0
1777890809.1733325,1.0,-5.0,-71.0
1777890809.1833324,-1.0,-5.0,-67.0
1777890809.1933324,1.0,-5.0,-64.0
1777890809.2033324,-1.0,-5.0,-68.0
1777890809.2133324,1.0,-5.0,-72.0
1777890809.2233324,0.0,-3.0,-73.0
1777890809.2333324,4.0,-6.0,-75.0
1777890809.2433324,1.0,-10.0,-74.0
1777890809.2533324,0.0,-11.0,-73.0
1777890809.2633324,0.0,-8.0,-71.0
1777890809.2733324,0.0,-8.0,-72.0
1777890809.2833323,-4.0,-5.0,-80.0
1777890809.2933323,-4.0,-4.0,-81.0
1777890809.3033323,-6.0,-5.0,-81.0
1777890809.3133323,-4.0,-4.0,-73.0
1777890809.3233323,-1.0,-3.0,-78.0
1777890809.3333323,0.0,-1.0,-80.0
1777890809.3433323,-3.0,-4.0,-75.0
1777890809.3533323,0.0,-5.0,-77.0
1777890809.3633325,0.0,-6.0,-81.0
1777890809.3733325,0.0,0.0,-74.0
1777890809.3833325,1.0,2.0,-76.0
1777890809.3933325,0.0,2.0,-79.0
1777890809.4033325,4.0,1.0,-70.0
1777890809.4133325,-2.0,0.0,-71.0
1777890809.4233325,-3.0,5.0,-73.0
1777890809.4333324,-2.0,3.0,-72.0
1777890809.4433324,-3.0,0.0,-82.0
1777890809.4533324,-6.0,0.0,-84.0
1777890809.4633324,-1.0,-1.0,-79.0
1777890809.4733324,2.0,-3.0,-72.0
1777890809.4833324,1.0,-2.0,-72.0
1777890809.4933324,5.0,-10.0,-74.0
1777890809.5033324,2.0,-8.0,-76.0
1777890809.5133324,4.0,-7.0,-73.0
1777890809.5233324,7.0,-10.0,-70.0
1777890809.5333323,1.0,-9.0,-62.0
1777890809.5433323,-1.0,-7.0,-58.0
1777890809.5533323,-6.0,-5.0,-61.0
1777890809.5633323,-8.0,-6.0,-71.0
1777890809.5733323,-8.0,-4.0,-69.0
1777890809.5833323,-7.0,-7.0,-66.0
1777890809.5933323,-7.0,-3.0,-68.0
1777890809.6033323,-9.0,-7.0,-74.0
1777890809.6133325,-5.0,-5.0,-73.0
1777890809.6233325,-4.0,-5.0,-71.0
1777890809.6333325,-1.0,-2.0,-70.0
1777890809.6433325,-1.0,-1.0,-67.0
1777890809.6533325,0.0,-2.0,-68.0
1777890809.6633325,2.0,-3.0,-71.0
1777890809.6733325,6.0,-4.0,-71.0
1777890809.6833324,3.0,1.0,-72.0
1777890809.6933324,2.0,1.0,-77.0
1777890809.7033324,-2.0,-3.0,-76.0
1777890809.7133324,-2.0,-4.0,-75.0
1777890809.7233324,0.0,-3.0,-75.0
1777890809.7333324,1.0,-1.0,-73.0
1777890809.7433324,0.0,2.0,-72.0
1777890809.7533324,2.0,1.0,-72.0
1777890809.7633324,1.0,-1.0,-66.0
1777890809.7733324,0.0,-1.0,-68.0
1777890809.7833323,-1.0,-5.0,-70.0
1777890809.7933323,-1.0,-8.0,-67.0
1777890809.8033323,0.0,-7.0,-73.0
1777890809.8133323,-2.0,-6.0,-73.0
1777890809.8233323,-2.0,-3.0,-75.0
1777890809.8333323,-1.0,-5.0,-79.0
1777890809.8433323,-1.0,-8.0,-80.0
1777890809.8533323,-1.0,-5.0,-83.0
1777890809.8633325,-3.0,-2.0,-87.0
1777890809.8733325,3.0,-1.0,-74.0
1777890809.8833325,7.0,0.0,-75.0
1777890809.8933325,4.0,1.0,-70.0
1777890809.9033325,0.0,7.0,-71.0
1777890809.9133325,0.0,7.0,-64.0
1777890809.9233325,1.0,9.0,-76.0
1777890809.9333324,-2.0,3.0,-77.0
1777890809.9443324,-5.0,3.0,-82.0
1777890809.9533324,-4.0,2.0,-80.0
1777890809.9643323,-5.0,4.0,-81.0
1777890809.9743323,-5.0,8.0,-79.0
1777890809.9843323,-3.0,7.0,-75.0
1777890809.9943323,1.0,8.0,-77.0
1777890810.0043323,0.0,3.0,-71.0
1777890810.0143323,1.0,0.0,-65.0
1777890810.0243323,0.0,-1.0,-65.0
1777890810.0343325,0.0,-5.0,-68.0
1777890810.0443325,-1.0,-8.0,-66.0
1777890810.0543325,-3.0,-9.0,-63.0
1777890810.0643325,-3.0,-6.0,-62.0
1777890810.0743325,-4.0,0.0,-67.0
1777890810.0843325,2.0,0.0,-74.0
1777890810.0943325,0.0,-4.0,-78.0
1777890810.1043324,0.0,-5.0,-80.0
1777890810.1143324,2.0,-5.0,-78.0
1777890810.1243324,2.0,-5.0,-76.0
1777890810.1343324,4.0,-2.0,-73.0
1777890810.1443324,5.0,1.0,-75.0
1777890810.1543324,3.0,3.0,-71.0
1777890810.1643324,4.0,3.0,-71.0
1777890810.1743324,6.0,-1.0,-74.0
1777890810.1843324,3.0,-1.0,-72.0
1777890810.1943324,3.0,-3.0,-74.0
1777890810.2043324,5.0,-2.0,-72.0
1777890810.2143323,9.0,1.0,-72.0
1777890810.2243323,9.0,0.0,-75.0
1777890810.2343323,9.0,-1.0,-70.0
1777890810.2443323,10.0,0.0,-73.0
1777890810.2543323,4.0,0.0,-80.0
1777890810.2643323,7.0,-1.0,-79.0
1777890810.2743323,11.0,0.0,-81.0
1777890810.2843325,7.0,0.0,-74.0
1777890810.2943325,5.0,2.0,-68.0
1777890810.3043325,4.0,-1.0,-63.0
1777890810.3143325,0.0,-6.0,-61.0
1777890810.3243325,-2.0,-9.0,-70.0
1777890810.3343325,-2.0,-7.0,-79.0
1777890810.3443325,0.0,-5.0,-80.0
1777890810.3543324,2.0,-5.0,-73.0
1777890810.3643324,1.0,-4.0,-68.0
1777890810.3743324,5.0,-6.0,-75.0
1777890810.3843324,8.0,-5.0,-81.0
1777890810.3943324,8.0,-2.0,-76.0
1777890810.4043324,3.0,-3.0,-77.0
1777890810.4143324,3.0,-1.0,-76.0
1777890810.4243324,5.0,-3.0,-75.0
1777890810.4343324,9.0,-3.0,-80.0
1777890810.4443324,6.0,-1.0,-76.0
1777890810.4543324,6.0,-5.0,-78.0
1777890810.4643323,7.0,-5.0,-81.0
1777890810.4743323,7.0,-3.0,-82.0
1777890810.4843323,2.0,0.0,-78.0
1777890810.4943323,0.0,-2.0,-75.0
1777890810.5043323,0.0,-5.0,-74.0
1777890810.5143323,1.0,-2.0,-80.0
1777890810.5243323,1.0,0.0,-76.0
1777890810.5343325,0.0,1.0,-74.0
1777890810.5443325,-1.0,0.0,-81.0
1777890810.5543325,-4.0,-2.0,-82.0
1777890810.5643325,-6.0,-3.0,-88.0
1777890810.5743325,-1.0,0.0,-86.0
1777890810.5843325,-6.0,2.0,-82.0
1777890810.5943325,-6.0,0.0,-75.0
1777890810.6043324,-5.0,0.0,-72.0
1777890810.6143324,-7.0,4.0,-67.0
1777890810.6243324,-10.0,5.0,-71.0
1777890810.6343324,-9.0,3.0,-73.0
1777890810.6443324,-8.0,1.0,-67.0
1777890810.6543324,-6.0,2.0,-73.0
1777890810.6643324,-4.0,-2.0,-76.0
1777890810.6743324,-5.0,0.0,-74.0
1777890810.6843324,-3.0,-2.0,-69.0
1777890810.6943324,-2.0,-5.0,-77.0
1777890810.7043324,-3.0,-2.0,-84.0
1777890810.7143323,-2.0,0.0,-81.0
1777890810.7243323,-1.0,-3.0,-81.0
1777890810.7343323,-1.0,-2.0,-80.0
1777890810.7443323,-1.0,3.0,-77.0
1777890810.7543323,0.0,4.0,-75.0
1777890810.7643323,1.0,3.0,-74.0
1777890810.7743323,0.0,1.0,-73.0
1777890810.7843325,2.0,0.0,-74.0
1777890810.7943325,-6.0,-1.0,-72.0
1777890810.8043325,-6.0,-3.0,-70.0
1777890810.8143325,-6.0,-3.0,-73.0
1777890810.8243325,-5.0,-5.0,-69.0
1777890810.8343325,-1.0,-3.0,-73.0
1777890810.8443325,3.0,-3.0,-74.0
1777890810.8543324,3.0,3.0,-76.0
1777890810.8643324,5.0,1.0,-80.0
1777890810.8743324,4.0,1.0,-74.0
1777890810.8843324,4.0,0.0,-72.0
1777890810.8943324,1.0,-1.0,-67.0
1777890810.9043324,5.0,-4.0,-64.0
1777890810.9143324,7.0,-3.0,-68.0
1777890810.9243324,8.0,-1.0,-65.0
1777890810.9343324,9.0,-2.0,-66.0
1777890810.9443324,4.0,0.0,-66.0
1777890810.9543324,3.0,0.0,-63.0
1777890810.9643323,2.0,0.0,-71.0
1777890810.9743323,5.0,-3.0,-77.0
1777890810.9843323,9.0,-5.0,-83.0
1777890810.9943323,8.0,-4.0,-81.0
1777890811.0043323,0.0,-2.0,-72.0
1777890811.0143323,1.0,-4.0,-75.0
1777890811.0243323,0.0,-6.0,-78.0
1777890811.0343325,1.0,-2.0,-74.0
1777890811.0443325,2.0,0.0,-76.0
1777890811.0543325,2.0,1.0,-74.0
1777890811.0643325,0.0,0.0,-76.0
1777890811.0743325,0.0,-4.0,-71.0
1777890811.0843325,-3.0,0.0,-69.0
1777890811.0943325,-1.0,0.0,-67.0
1777890811.1043324,0.0,-1.0,-74.0
1777890811.1143324,4.0,-4.0,-73.0
1777890811.1243324,4.0,-5.0,-69.0
1777890811.1343324,5.0,-4.0,-71.0
1777890811.1443324,6.0,-2.0,-75.0
1777890811.1543324,10.0,-3.0,-76.0
1777890811.1643324,9.0,-3.0,-74.0
1777890811.1743324,2.0,-1.0,-73.0
1777890811.1843324,4.0,3.0,-73.0
1777890811.1943324,0.0,3.0,-73.0
1777890811.2043324,1.0,5.0,-68.0
1777890811.2143323,5.0,5.0,-68.0
1777890811.2243323,5.0,2.0,-71.0
1777890811.2343323,4.0,-3.0,-79.0
1777890811.2443323,3.0,-5.0,-78.0
1777890811.2543323,3.0,-6.0,-73.0
1777890811.2643323,3.0,-6.0,-72.0
1777890811.2743323,1.0,-9.0,-74.0
1777890811.2843325,-1.0,-3.0,-74.0
1777890811.2943325,-3.0,-4.0,-74.0
1777890811.3043325,-1.0,-3.0,-70.0
1777890811.3143325,1.0,-4.0,-68.0
1777890811.3243325,-1.0,-7.0,-71.0
1777890811.3343325,0.0,-4.0,-68.0
1777890811.3443325,0.0,-5.0,-65.0
1777890811.3543324,0.0,-5.0,-61.0
1777890811.3643324,0.0,-3.0,-53.0
1777890811.3743324,-2.0,2.0,-58.0
1777890811.3843324,-5.0,2.0,-63.0
1777890811.3943324,-2.0,2.0,-69.0
1777890811.4043324,-2.0,0.0,-68.0
1777890811.4143324,2.0,1.0,-65.0
1777890811.4243324,4.0,3.0,-62.0
1777890811.4343324,3.0,-3.0,-59.0
1777890811.4443324,5.0,-4.0,-58.0
1777890811.4543324,3.0,-8.0,-59.0
1777890811.4643323,0.0,-10.0,-66.0
1777890811.4743323,0.0,-9.0,-58.0
1777890811.4843323,-2.0,-7.0,-63.0
1777890811.4943323,4.0,-3.0,-66.0
1777890811.5043323,3.0,-2.0,-65.0
1777890811.5143323,7.0,-4.0,-72.0
1777890811.5243323,8.0,-3.0,-66.0
1777890811.5343325,6.0,0.0,-64.0
1777890811.5443325,7.0,-1.0,-66.0
1777890811.5543325,8.0,0.0,-64.0
1777890811.5643325,4.0,2.0,-66.0
1777890811.5743325,1.0,-3.0,-71.0
1777890811.5843325,3.0,-2.0,-68.0
1777890811.5943325,4.0,0.0,-58.0
1777890811.6043324,4.0,-2.0,-58.0
1777890811.6143324,3.0,-3.0,-60.0
1777890811.6243324,4.0,-6.0,-64.0
1777890811.6343324,2.0,-4.0,-69.0
1777890811.6443324,0.0,-4.0,-66.0
1777890811.6543324,4.0,-3.0,-64.0
1777890811.6643324,1.0,-2.0,-66.0
1777890811.6743324,0.0,0.0,-69.0
1777890811.6843324,0.0,0.0,-76.0
1777890811.6943324,-6.0,-2.0,-79.0
1777890811.7043324,-3.0,0.0,-76.0
1777890811.7143323,0.0,0.0,-71.0
1777890811.7243323,2.0,0.0,-73.0
1777890811.7343323,4.0,0.0,-78.0
1777890811.7443323,2.0,-2.0,-79.0
1777890811.7543323,1.0,-1.0,-75.0
1777890811.7643323,-1.0,-3.0,-73.0
1777890811.7743323,-2.0,-1.0,-73.0
1777890811.7843325,4.0,0.0,-73.0
1777890811.7943325,3.0,-7.0,-80.0
1777890811.8043325,3.0,-4.0,-73.0
1777890811.8143325,3.0,-2.0,-73.0
1777890811.8243325,1.0,-2.0,-78.0
1777890811.8343325,2.0,-4.0,-74.0
1777890811.8443325,1.0,-6.0,-75.0
1777890811.8543324,-2.0,-6.0,-75.0
1777890811.8643324,1.0,-5.0,-73.0
1777890811.8743324,6.0,-6.0,-82.0
1777890811.8843324,4.0,-2.0,-76.0
1777890811.8943324,1.0,-2.0,-76.0
1777890811.9043324,-1.0,-1.0,-76.0
1777890811.9153323,4.0,-2.0,-74.0
1777890811.9243324,4.0,-2.0,-73.0
1777890811.9353323,0.0,-1.0,-66.0
1777890811.9453323,2.0,1.0,-63.0
1777890811.9553325,-2.0,4.0,-64.0
1777890811.9653325,0.0,6.0,-71.0
1777890811.9753325,-1.0,3.0,-75.0
1777890811.9853325,0.0,-2.0,-73.0
1777890811.9953325,-1.0,-3.0,-68.0
1777890812.0053325,-2.0,-2.0,-73.0
1777890812.0153325,2.0,0.0,-71.0
1777890812.0253325,3.0,3.0,-74.0
1777890812.0353324,3.0,4.0,-79.0
1777890812.0453324,6.0,5.0,-76.0
1777890812.0553324,2.0,4.0,-71.0
1777890812.0653324,2.0,3.0,-67.0
1777890812.0753324,4.0,0.0,-63.0
1777890812.0853324,4.0,3.0,-66.0
1777890812.0953324,5.0,1.0,-71.0
1777890812.1053324,6.0,2.0,-65.0
1777890812.1153324,5.0,4.0,-64.0
1777890812.1253324,5.0,0.0,-63.0
1777890812.1353323,3.0,0.0,-66.0
1777890812.1453323,0.0,1.0,-69.0
1777890812.1553323,4.0,0.0,-72.0
1777890812.1653323,8.0,2.0,-70.0
1777890812.1753323,5.0,0.0,-76.0
1777890812.1853323,2.0,0.0,-77.0
1777890812.1953323,1.0,1.0,-82.0
1777890812.2053325,2.0,2.0,-81.0
1777890812.2153325,4.0,3.0,-80.0
1777890812.2253325,7.0,2.0,-80.0
1777890812.2353325,4.0,0.0,-80.0
1777890812.2453325,2.0,1.0,-76.0
1777890812.2553325,0.0,0.0,-77.0
1777890812.2653325,1.0,0.0,-77.0
1777890812.2753325,-2.0,2.0,-74.0
1777890812.2853324,-3.0,4.0,-70.0
1777890812.2953324,-7.0,1.0,-72.0
1777890812.3053324,-2.0,2.0,-70.0
1777890812.3153324,2.0,-1.0,-74.0
1777890812.3253324,4.0,-3.0,-71.0
1777890812.3353324,2.0,-2.0,-69.0
1777890812.3453324,0.0,0.0,-70.0
1777890812.3553324,-1.0,0.0,-74.0
1777890812.3653324,0.0,-1.0,-80.0
1777890812.3753324,1.0,-2.0,-75.0
1777890812.3853323,0.0,-1.0,-69.0
1777890812.3953323,4.0,-2.0,-68.0
1777890812.4053323,0.0,-1.0,-72.0
1777890812.4153323,0.0,-4.0,-74.0
1777890812.4253323,-2.0,-3.0,-77.0
1777890812.4353323,-1.0,0.0,-77.0
1777890812.4453323,2.0,3.0,-74.0
1777890812.4553325,0.0,0.0,-74.0
1777890812.4653325,2.0,0.0,-75.0
1777890812.4753325,4.0,-1.0,-73.0
1777890812.4853325,3.0,-3.0,-70.0
1777890812.4953325,4.0,-3.0,-76.0
1777890812.5053325,6.0,-2.0,-76.0
1777890812.5153325,7.0,0.0,-73.0
1777890812.5253325,7.0,0.0,-74.0
1777890812.5353324,4.0,0.0,-68.0
1777890812.5453324,0.0,0.0,-64.0
1777890812.5553324,-4.0,-2.0,-65.0
1777890812.5653324,-2.0,-4.0,-73.0
1777890812.5753324,-2.0,-3.0,-70.0
1777890812.5853324,-1.0,0.0,-65.0
1777890812.5953324,0.0,-3.0,-70.0
1777890812.6053324,1.0,-1.0,-69.0
1777890812.6153324,1.0,0.0,-71.0
1777890812.6253324,3.0,-1.0,-78.0
1777890812.6353323,2.0,-3.0,-79.0
1777890812.6453323,0.0,1.0,-75.0
1777890812.6553323,-2.0,3.0,-75.0
1777890812.6653323,4.0,0.0,-77.0
1777890812.6753323,3.0,0.0,-81.0
1777890812.6853323,7.0,-1.0,-80.0
1777890812.6953323,7.0,-3.0,-83.0
1777890812.7053325,4.0,-5.0,-83.0
1777890812.7153325,1.0,-2.0,-80.0
1777890812.7253325,5.0,-3.0,-77.0
1777890812.7353325,4.0,-6.0,-76.0
1777890812.7453325,3.0,-6.0,-74.0
1777890812.7553325,1.0,-4.0,-76.0
1777890812.7653325,2.0,-3.0,-78.0
1777890812.7753325,4.0,0.0,-74.0
1777890812.7853324,5.0,0.0,-73.0
1777890812.7953324,5.0,0.0,-72.0
1777890812.8053324,4.0,-1.0,-74.0
1777890812.8153324,1.0,-1.0,-76.0
1777890812.8253324,2.0,0.0,-80.0
1777890812.8353324,5.0,-2.0,-78.0
1777890812.8453324,2.0,-1.0,-75.0
1777890812.8553324,0.0,-1.0,-70.0
1777890812.8653324,0.0,-2.0,-72.0
1777890812.8753324,0.0,-1.0,-75.0
1777890812.8853323,-3.0,-2.0,-66.0
1777890812.8953323,-2.0,-2.0,-69.0
1777890812.9053323,0.0,0.0,-66.0
1777890812.9153323,0.0,0.0,-66.0
1777890812.9253323,-4.0,-2.0,-72.0
1777890812.9353323,-5.0,-1.0,-74.0
1777890812.9453323,-2.0,-1.0,-74.0
1777890812.9553325,0.0,0.0,-76.0
1777890812.9653325,8.0,0.0,-77.0
1777890812.9753325,13.0,-3.0,-72.0
1777890812.9853325,7.0,-5.0,-69.0
1777890812.9953325,4.0,-2.0,-65.0
1777890813.0053325,6.0,-4.0,-69.0
1777890813.0153325,10.0,-5.0,-65.0
1777890813.0253325,8.0,-1.0,-64.0
1777890813.0353324,5.0,0.0,-62.0
1777890813.0453324,0.0,0.0,-65.0
1777890813.0553324,-1.0,1.0,-67.0
1777890813.0653324,-3.0,0.0,-65.0
1777890813.0753324,-4.0,0.0,-64.0
1777890813.0853324,-6.0,0.0,-66.0
1777890813.0953324,-3.0,0.0,-69.0
1777890813.1053324,-2.0,-1.0,-73.0
1777890813.1153324,-9.0,-3.0,-78.0
1777890813.1253324,-12.0,-2.0,-78.0
1777890813.1353323,-6.0,0.0,-73.0
1777890813.1453323,-4.0,1.0,-78.0
1777890813.1553323,-3.0,3.0,-74.0
1777890813.1653323,-1.0,2.0,-67.0
1777890813.1753323,2.0,5.0,-68.0
1777890813.1853323,0.0,1.0,-72.0
1777890813.1953323,3.0,-1.0,-73.0
1777890813.2053325,0.0,-3.0,-70.0
1777890813.2153325,-1.0,-1.0,-66.0
1777890813.2253325,2.0,-2.0,-70.0
1777890813.2353325,-3.0,-2.0,-66.0
1777890813.2453325,-1.0,0.0,-67.0
1777890813.2553325,-3.0,1.0,-75.0
1777890813.2653325,-6.0,-2.0,-76.0
1777890813.2753325,-4.0,-2.0,-81.0
1777890813.2853324,-5.0,-1.0,-75.0
1777890813.2953324,0.0,0.0,-79.0
1777890813.3053324,3.0,0.0,-77.0
1777890813.3153324,6.0,3.0,-77.0
1777890813.3253324,4.0,1.0,-74.0
1777890813.3353324,2.0,3.0,-71.0
1777890813.3453324,-1.0,0.0,-69.0
1777890813.3553324,-2.0,1.0,-75.0
1777890813.3653324,-2.0,2.0,-78.0
1777890813.3753324,-5.0,0.0,-73.0
1777890813.3863325,-8.0,0.0,-73.0
1777890813.3953323,-11.0,0.0,-73.0
1777890813.4053323,-7.0,-2.0,-73.0
1777890813.4153323,0.0,0.0,-70.0
1777890813.4253323,4.0,-1.0,-73.0
1777890813.4353323,3.0,-4.0,-70.0
1777890813.4453323,2.0,-2.0,-71.0
1777890813.4553325,4.0,0.0,-75.0
1777890813.4653325,5.0,0.0,-80.0
1777890813.4753325,3.0,3.0,-81.0
1777890813.4853325,1.0,1.0,-76.0
1777890813.4953325,0.0,0.0,-70.0
1777890813.5053325,-2.0,-1.0,-68.0
1777890813.5153325,0.0,-1.0,-72.0
1777890813.5253325,0.0,-4.0,-71.0
1777890813.5353324,0.0,-1.0,-75.0
1777890813.5453324,0.0,-1.0,-72.0
1777890813.5553324,2.0,-3.0,-71.0
1777890813.5653324,-2.0,-8.0,-71.0
1777890813.5753324,0.0,-4.0,-71.0
1777890813.5853324,-3.0,-3.0,-71.0
1777890813.5953324,-1.0,-3.0,-62.0
1777890813.6053324,1.0,-2.0,-60.0
1777890813.6153324,5.0,-2.0,-65.0
1777890813.6253324,6.0,-6.0,-64.0
1777890813.6353323,3.0,-5.0,-63.0
1777890813.6453323,3.0,-2.0,-68.0
1777890813.6553323,2.0,3.0,-65.0
1777890813.6653323,0.0,6.0,-66.0
1777890813.6753323,5.0,5.0,-68.0
1777890813.6853323,2.0,2.0,-66.0
1777890813.6953323,0.0,1.0,-67.0
1777890813.7053325,4.0,2.0,-68.0
1777890813.7153325,10.0,0.0,-66.0
1777890813.7253325,7.0,0.0,-67.0
1777890813.7353325,5.0,-8.0,-68.0
1777890813.7453325,7.0,-12.0,-68.0
1777890813.7553325,4.0,-11.0,-67.0
1777890813.7653325,5.0,-13.0,-68.0
1777890813.7753325,6.0,-11.0,-64.0
1777890813.7853324,8.0,-8.0,-68.0
1777890813.7953324,3.0,-3.0,-70.0
1777890813.8053324,3.0,0.0,-66.0
1777890813.8153324,2.0,1.0,-69.0
1777890813.8253324,-1.0,0.0,-65.0
1777890813.8353324,0.0,-3.0,-69.0
1777890813.8453324,0.0,-5.0,-76.0
1777890813.8553324,1.0,-2.0,-77.0
1777890813.8653324,2.0,-1.0,-76.0
1777890813.8753324,0.0,0.0,-77.0
1777890813.8853323,-5.0,0.0,-76.0
1777890813.8953323,-5.0,0.0,-77.0
1777890813.9053323,-4.0,0.0,-75.0
1777890813.9153323,-2.0,3.0,-75.0
1777890813.9263325,2.0,2.0,-72.0
1777890813.9353323,7.0,0.0,-72.0
1777890813.9463325,7.0,0.0,-68.0
1777890813.9563324,1.0,-1.0,-69.0
1777890813.9663324,1.0,0.0,-70.0
1777890813.9763324,4.0,0.0,-72.0
1777890813.9863324,2.0,-1.0,-71.0
1777890813.9963324,5.0,-4.0,-73.0
1777890814.0063324,4.0,0.0,-75.0
1777890814.0163324,4.0,0.0,-75.0
1777890814.0263324,9.0,0.0,-73.0
1777890814.0363324,5.0,0.0,-77.0
1777890814.0463324,0.0,-3.0,-74.0
1777890814.0563323,0.0,-4.0,-67.0
1777890814.0663323,0.0,-5.0,-68.0
1777890814.0763323,-1.0,0.0,-70.0
1777890814.0863323,2.0,0.0,-72.0
1777890814.0963323,4.0,0.0,-80.0
1777890814.1063323,4.0,1.0,-82.0
1777890814.1163323,1.0,-1.0,-78.0
1777890814.1263323,2.0,-5.0,-72.0
1777890814.1363325,7.0,-7.0,-72.0
1777890814.1463325,11.0,-3.0,-73.0
1777890814.1563325,10.0,-5.0,-69.0
1777890814.1663325,14.0,-6.0,-69.0
1777890814.1763325,14.0,-9.0,-63.0
1777890814.1863325,9.0,-8.0,-66.0
1777890814.1963325,6.0,-6.0,-64.0
1777890814.2063324,1.0,-3.0,-64.0
1777890814.2163324,-1.0,-3.0,-64.0
1777890814.2263324,-4.0,-4.0,-75.0
1777890814.2363324,-5.0,0.0,-80.0
1777890814.2463324,-1.0,-1.0,-81.0
1777890814.2563324,0.0,-2.0,-80.0
1777890814.2663324,5.0,-2.0,-80.0
1777890814.2763324,5.0,-5.0,-76.0
1777890814.2863324,5.0,-5.0,-71.0
1777890814.2963324,5.0,-5.0,-72.0
1777890814.3063323,1.0,-7.0,-74.0
1777890814.3163323,2.0,-3.0,-69.0
1777890814.3263323,1.0,-2.0,-72.0
1777890814.3363323,2.0,-6.0,-72.0
1777890814.3463323,0.0,-6.0,-78.0
1777890814.3563323,-3.0,-4.0,-71.0
1777890814.3663323,-6.0,-1.0,-73.0
1777890814.3763323,0.0,-3.0,-67.0
1777890814.3863325,-1.0,0.0,-68.0
1777890814.3963325,1.0,0.0,-67.0
1777890814.4063325,1.0,1.0,-64.0
1777890814.4163325,0.0,-1.0,-63.0
1777890814.4263325,-1.0,-2.0,-65.0
1777890814.4363325,0.0,-1.0,-69.0
1777890814.4463325,-1.0,2.0,-75.0
1777890814.4563324,2.0,0.0,-77.0
1777890814.4663324,3.0,3.0,-74.0
1777890814.4763324,4.0,2.0,-77.0
1777890814.4863324,9.0,1.0,-73.0
1777890814.4963324,9.0,0.0,-72.0
1777890814.5063324,7.0,-1.0,-71.0
1777890814.5163324,5.0,-1.0,-72.0
1777890814.5263324,6.0,-4.0,-68.0
1777890814.5363324,3.0,-5.0,-78.0
1777890814.5463324,-3.0,-8.0,-73.0
1777890814.5563323,-3.0,-6.0,-74.0
1777890814.5663323,-2.0,0.0,-75.0
1777890814.5763323,-5.0,0.0,-70.0
1777890814.5863323,-3.0,0.0,-70.0
1777890814.5963323,-3.0,-3.0,-64.0
1777890814.6063323,-2.0,-3.0,-61.0
1777890814.6163323,-6.0,0.0,-61.0
1777890814.6263323,-5.0,0.0,-61.0
1777890814.6363325,-2.0,3.0,-59.0
1777890814.6463325,2.0,5.0,-57.0
1777890814.6563325,-1.0,7.0,-62.0
1777890814.6663325,-1.0,4.0,-66.0
1777890814.6763325,0.0,2.0,-66.0
1777890814.6863325,-3.0,0.0,-64.0
1777890814.6963325,-6.0,0.0,-69.0
1777890814.7063324,-5.0,-1.0,-71.0
1777890814.7163324,-2.0,0.0,-70.0
1777890814.7263324,2.0,-2.0,-69.0
1777890814.7363324,-2.0,-4.0,-76.0
1777890814.7463324,-2.0,-2.0,-73.0
1777890814.7563324,-3.0,-1.0,-68.0
1777890814.7663324,0.0,0.0,-70.0
1777890814.7763324,0.0,2.0,-67.0
1777890814.7863324,-3.0,2.0,-72.0
1777890814.7963324,0.0,0.0,-77.0
1777890814.8063323,0.0,-1.0,-75.0
1777890814.8163323,3.0,-2.0,-71.0
1777890814.8263323,4.0,-3.0,-74.0
1777890814.8363323,6.0,-4.0,-84.0
1777890814.8463323,3.0,-3.0,-88.0
1777890814.8563323,2.0,-4.0,-91.0
1777890814.8663323,2.0,-4.0,-89.0
1777890814.8763323,0.0,-2.0,-82.0
1777890814.8863325,0.0,0.0,-82.0
1777890814.8963325,0.0,-1.0,-75.0
1777890814.9063325,-1.0,0.0,-73.0
1777890814.9163325,0.0,0.0,-76.0
1777890814.9263325,0.0,-1.0,-85.0
1777890814.9363325,0.0,-4.0,-79.0
1777890814.9463325,-2.0,-2.0,-70.0
1777890814.9563324,0.0,-1.0,-72.0
1777890814.9663324,6.0,-1.0,-72.0
1777890814.9763324,7.0,0.0,-70.0
1777890814.9863324,2.0,3.0,-73.0
1777890814.9963324,0.0,2.0,-69.0
1777890815.0063324,1.0,-4.0,-71.0
1777890815.0163324,7.0,-2.0,-68.0
1777890815.0263324,5.0,-2.0,-73.0
1777890815.0363324,5.0,0.0,-78.0
1777890815.0463324,4.0,-1.0,-77.0
1777890815.0563323,5.0,0.0,-83.0
1777890815.0663323,7.0,0.0,-79.0
1777890815.0763323,7.0,1.0,-72.0
1777890815.0863323,2.0,0.0,-67.0
1777890815.0963323,4.0,2.0,-73.0
1777890815.1063323,1.0,5.0,-76.0
1777890815.1163323,0.0,2.0,-70.0
1777890815.1263323,6.0,4.0,-66.0
1777890815.1363325,7.0,3.0,-61.0
1777890815.1463325,6.0,3.0,-68.0
1777890815.1563325,2.0,0.0,-66.0
1777890815.1663325,-1.0,0.0,-69.0
1777890815.1763325,0.0,-2.0,-69.0
1777890815.1863325,-1.0,-5.0,-70.0
1777890815.1963325,-2.0,-5.0,-72.0
1777890815.2063324,-1.0,-5.0,-68.0
1777890815.2163324,0.0,-4.0,-75.0
1777890815.2263324,1.0,-1.0,-73.0
1777890815.2363324,0.0,-3.0,-71.0
1777890815.2463324,0.0,0.0,-70.0
1777890815.2563324,2.0,0.0,-71.0
1777890815.2663324,0.0,0.0,-72.0
1777890815.2763324,0.0,-5.0,-77.0
1777890815.2863324,4.0,-5.0,-74.0
1777890815.2963324,2.0,-1.0,-69.0
1777890815.3063323,1.0,-1.0,-71.0
1777890815.3163323,4.0,-1.0,-72.0
1777890815.3263323,2.0,0.0,-68.0
1777890815.3363323,0.0,5.0,-68.0
1777890815.3463323,2.0,3.0,-65.0
1777890815.3563323,-1.0,2.0,-70.0
1777890815.3663323,2.0,2.0,-73.0
1777890815.3763323,0.0,-1.0,-76.0
1777890815.3863325,3.0,-3.0,-80.0
1777890815.3963325,2.0,-4.0,-82.0
1777890815.4063325,0.0,-5.0,-78.0
1777890815.4163325,3.0,-5.0,-80.0
1777890815.4263325,9.0,-3.0,-78.0
1777890815.4363325,6.0,-5.0,-83.0
1777890815.4463325,10.0,-2.0,-79.0
1777890815.4563324,6.0,-5.0,-78.0
1777890815.4663324,6.0,-2.0,-74.0
1777890815.4763324,5.0,0.0,-76.0
1777890815.4863324,5.0,-3.0,-75.0
1777890815.4963324,0.0,-7.0,-77.0
1777890815.5063324,-4.0,-3.0,-72.0
1777890815.5163324,-5.0,-5.0,-72.0
1777890815.5263324,-5.0,-4.0,-72.0
1777890815.5363324,1.0,-2.0,-73.0
1777890815.5463324,1.0,-7.0,-76.0
1777890815.5563323,-1.0,-7.0,-67.0
1777890815.5663323,-3.0,-4.0,-66.0
1777890815.5763323,1.0,-7.0,-76.0
1777890815.5863323,0.0,-6.0,-73.0
1777890815.5963323,0.0,-3.0,-67.0
1777890815.6063323,0.0,-1.0,-62.0
1777890815.6163323,1.0,3.0,-61.0
1777890815.6263323,0.0,2.0,-66.0
1777890815.6363325,-2.0,0.0,-68.0
1777890815.6463325,-4.0,0.0,-68.0
1777890815.6563325,-4.0,-1.0,-70.0
1777890815.6663325,1.0,-2.0,-65.0
1777890815.6763325,4.0,0.0,-62.0
1777890815.6863325,0.0,2.0,-63.0
1777890815.6963325,-1.0,2.0,-64.0
1777890815.7063324,-4.0,1.0,-69.0
1777890815.7163324,-2.0,0.0,-68.0
1777890815.7263324,-3.0,1.0,-65.0
1777890815.7363324,-8.0,0.0,-62.0
1777890815.7463324,-12.0,-2.0,-70.0
1777890815.7563324,-10.0,-5.0,-72.0
1777890815.7663324,-9.0,-8.0,-70.0
1777890815.7763324,-6.0,-4.0,-70.0
1777890815.7863324,0.0,-4.0,-71.0
1777890815.7963324,0.0,-1.0,-76.0
1777890815.8063323,-5.0,1.0,-78.0
1777890815.8163323,-8.0,0.0,-79.0
1777890815.8263323,-6.0,0.0,-74.0
1777890815.8363323,-2.0,0.0,-76.0
1777890815.8463323,0.0,0.0,-76.0
1777890815.8563323,2.0,0.0,-77.0
1777890815.8663323,0.0,3.0,-76.0
1777890815.8763323,-1.0,3.0,-76.0
1777890815.8863325,-1.0,3.0,-74.0
1777890815.8963325,-2.0,2.0,-74.0
1777890815.9073324,-3.0,0.0,-72.0
1777890815.9163325,-1.0,0.0,-78.0
1777890815.9263325,-2.0,1.0,-73.0
1777890815.9373324,2.0,5.0,-73.0
1777890815.9473324,-2.0,2.0,-70.0
1777890815.9573324,-2.0,3.0,-70.0
1777890815.9673324,-1.0,5.0,-73.0
1777890815.9773324,2.0,0.0,-82.0
1777890815.9873323,2.0,0.0,-80.0
1777890815.9973323,3.0,3.0,-80.0
1777890816.0073323,3.0,2.0,-74.0
1777890816.0173323,5.0,2.0,-75.0
1777890816.0273323,6.0,1.0,-68.0
1777890816.0373323,3.0,-1.0,-72.0
1777890816.0473323,3.0,0.0,-66.0
1777890816.0573325,3.0,1.0,-69.0
1777890816.0673325,3.0,3.0,-69.0
1777890816.0773325,10.0,0.0,-69.0
1777890816.0873325,7.0,-5.0,-73.0
1777890816.0973325,4.0,-7.0,-77.0
1777890816.1073325,4.0,-8.0,-80.0
1777890816.1173325,4.0,-8.0,-78.0
1777890816.1273324,0.0,-7.0,-81.0
1777890816.1373324,0.0,-8.0,-75.0
1777890816.1473324,-5.0,-8.0,-76.0
1777890816.1573324,-1.0,-13.0,-77.0
1777890816.1673324,-5.0,-15.0,-78.0
1777890816.1773324,-5.0,-16.0,-82.0
1777890816.1873324,-4.0,-9.0,-85.0
1777890816.1973324,0.0,-4.0,-91.0
1777890816.2073324,0.0,-5.0,-87.0
1777890816.2173324,0.0,-5.0,-82.0
1777890816.2273324,-2.0,-3.0,-77.0
1777890816.2373323,-4.0,-3.0,-78.0
1777890816.2473323,-1.0,-3.0,-80.0
1777890816.2573323,-3.0,-3.0,-80.0
1777890816.2673323,-2.0,0.0,-75.0
1777890816.2773323,0.0,0.0,-69.0
1777890816.2873323,-1.0,0.0,-72.0
1777890816.2973323,-2.0,-4.0,-76.0
1777890816.3073325,0.0,-3.0,-78.0
1777890816.3173325,0.0,0.0,-83.0
1777890816.3273325,3.0,2.0,-84.0
1777890816.3373325,0.0,3.0,-84.0
1777890816.3473325,0.0,3.0,-76.0
1777890816.3573325,1.0,4.0,-78.0
1777890816.3673325,2.0,2.0,-72.0
1777890816.3773324,4.0,3.0,-71.0
1777890816.3873324,4.0,1.0,-73.0
1777890816.3973324,2.0,3.0,-70.0
1777890816.4073324,1.0,3.0,-71.0
1777890816.4173324,0.0,1.0,-71.0
1777890816.4273324,0.0,0.0,-72.0
1777890816.4373324,1.0,-1.0,-78.0
1777890816.4473324,2.0,-3.0,-85.0
1777890816.4573324,2.0,-7.0,-82.0
1777890816.4673324,8.0,-5.0,-82.0
1777890816.4773324,7.0,-1.0,-77.0
1777890816.4873323,1.0,2.0,-80.0
1777890816.4973323,4.0,0.0,-83.0
1777890816.5073323,7.0,-7.0,-74.0
1777890816.5173323,1.0,-8.0,-75.0
1777890816.5273323,1.0,-3.0,-79.0
1777890816.5373323,1.0,-7.0,-75.0
1777890816.5473323,0.0,-3.0,-76.0
1777890816.5573325,1.0,-4.0,-81.0
1777890816.5673325,6.0,-8.0,-82.0
1777890816.5773325,0.0,-5.0,-78.0
1777890816.5873325,1.0,0.0,-77.0
1777890816.5973325,6.0,0.0,-67.0
1777890816.6073325,7.0,0.0,-63.0
1777890816.6173325,8.0,2.0,-66.0
1777890816.6273324,9.0,3.0,-67.0
1777890816.6373324,10.0,2.0,-68.0
1777890816.6473324,7.0,0.0,-72.0
1777890816.6573324,1.0,0.0,-72.0
1777890816.6673324,-3.0,-3.0,-73.0
1777890816.6773324,4.0,0.0,-71.0
1777890816.6873324,2.0,1.0,-72.0
1777890816.6973324,1.0,5.0,-71.0
1777890816.7073324,7.0,1.0,-71.0
1777890816.7173324,6.0,0.0,-77.0
1777890816.7273324,6.0,0.0,-83.0
1777890816.7373323,0.0,0.0,-79.0
1777890816.7473323,3.0,1.0,-75.0
1777890816.7573323,4.0,3.0,-75.0
1777890816.7673323,2.0,7.0,-73.0
1777890816.7773323,3.0,6.0,-71.0
1777890816.7873323,3.0,1.0,-71.0
1777890816.7973323,5.0,0.0,-69.0
1777890816.8073325,4.0,-4.0,-70.0
1777890816.8173325,3.0,-7.0,-60.0
1777890816.8273325,2.0,-8.0,-64.0
1777890816.8373325,4.0,-9.0,-69.0
1777890816.8473325,6.0,-5.0,-71.0
1777890816.8573325,9.0,-2.0,-76.0
1777890816.8673325,11.0,-4.0,-76.0
1777890816.8773324,13.0,0.0,-76.0
1777890816.8873324,10.0,3.0,-71.0
1777890816.8973324,5.0,5.0,-75.0
1777890816.9073324,1.0,2.0,-73.0
1777890816.9173324,2.0,1.0,-80.0
1777890816.9273324,2.0,3.0,-83.0
1777890816.9373324,4.0,2.0,-81.0
1777890816.9473324,3.0,2.0,-78.0
1777890816.9573324,3.0,0.0,-73.0
1777890816.9673324,0.0,-2.0,-78.0
1777890816.9773324,0.0,1.0,-70.0
1777890816.9873323,0.0,-2.0,-65.0
1777890816.9973323,3.0,-6.0,-68.0
1777890817.0073323,5.0,0.0,-68.0
1777890817.0173323,6.0,1.0,-67.0
1777890817.0273323,6.0,0.0,-74.0
1777890817.0373323,1.0,-3.0,-74.0
1777890817.0473323,0.0,-7.0,-67.0
1777890817.0573325,1.0,-7.0,-64.0
1777890817.0673325,3.0,-5.0,-66.0
1777890817.0773325,3.0,-6.0,-64.0
1777890817.0873325,4.0,-4.0,-68.0
1777890817.0973325,3.0,-5.0,-68.0
1777890817.1073325,1.0,-7.0,-74.0
1777890817.1173325,2.0,-7.0,-72.0
1777890817.1273324,1.0,-3.0,-78.0
1777890817.1373324,2.0,0.0,-82.0
1777890817.1473324,3.0,1.0,-80.0
1777890817.1573324,-3.0,1.0,-79.0
1777890817.1673324,-5.0,1.0,-75.0
1777890817.1773324,-1.0,1.0,-78.0
1777890817.1873324,5.0,3.0,-84.0
1777890817.1973324,4.0,2.0,-89.0
1777890817.2073324,1.0,-3.0,-84.0
1777890817.2173324,4.0,-6.0,-79.0
1777890817.2273324,5.0,-5.0,-86.0
1777890817.2373323,3.0,-2.0,-89.0
1777890817.2473323,1.0,-4.0,-78.0
1777890817.2573323,1.0,-7.0,-72.0
1777890817.2673323,0.0,-4.0,-75.0
1777890817.2773323,0.0,-4.0,-76.0
1777890817.2873323,-2.0,-4.0,-74.0
1777890817.2973323,-1.0,0.0,-74.0
1777890817.3073325,2.0,-3.0,-73.0
1777890817.3173325,6.0,-6.0,-73.0
1777890817.3273325,4.0,-4.0,-71.0
1777890817.3373325,3.0,0.0,-74.0
1777890817.3473325,3.0,0.0,-80.0
1777890817.3573325,5.0,0.0,-81.0
1777890817.3673325,5.0,-4.0,-79.0
1777890817.3773324,4.0,-4.0,-79.0
1777890817.3873324,0.0,-5.0,-74.0
1777890817.3973324,0.0,-7.0,-70.0
1777890817.4073324,2.0,-1.0,-76.0
1777890817.4173324,3.0,0.0,-80.0
1777890817.4273324,3.0,0.0,-77.0
1777890817.4373324,3.0,-2.0,-73.0
1777890817.4473324,0.0,-5.0,-70.0
1777890817.4573324,4.0,-6.0,-72.0
1777890817.4673324,1.0,-7.0,-72.0
1777890817.4773324,-5.0,-5.0,-76.0
1777890817.4873323,-5.0,-6.0,-75.0
1777890817.4973323,-2.0,-9.0,-77.0
1777890817.5073323,-2.0,-7.0,-79.0
1777890817.5173323,-5.0,-6.0,-78.0
1777890817.5273323,-3.0,-8.0,-73.0
1777890817.5373323,-1.0,-9.0,-70.0
1777890817.5473323,-6.0,-7.0,-71.0
1777890817.5573325,0.0,-3.0,-73.0
1777890817.5673325,0.0,-5.0,-76.0
1777890817.5773325,7.0,-4.0,-75.0
1777890817.5873325,4.0,0.0,-78.0
1777890817.5973325,4.0,1.0,-77.0
1777890817.6073325,6.0,4.0,-69.0
1777890817.6173325,-2.0,4.0,-72.0
1777890817.6273324,-1.0,0.0,-78.0
1777890817.6373324,0.0,0.0,-82.0
1777890817.6473324,-4.0,-1.0,-84.0
1777890817.6573324,-1.0,-5.0,-85.0
1777890817.6673324,-1.0,-5.0,-84.0
1777890817.6773324,-3.0,-3.0,-83.0
1777890817.6873324,1.0,-3.0,-83.0
1777890817.6973324,1.0,-5.0,-80.0
1777890817.7073324,-2.0,-5.0,-87.0
1777890817.7173324,-2.0,-5.0,-90.0
1777890817.7273324,-1.0,-4.0,-79.0
1777890817.7373323,-1.0,-2.0,-82.0
1777890817.7473323,-2.0,-1.0,-75.0
1777890817.7573323,-4.0,1.0,-76.0
1777890817.7673323,-1.0,1.0,-79.0
1777890817.7773323,-2.0,0.0,-76.0
1777890817.7873323,-1.0,-4.0,-82.0
1777890817.7973323,-2.0,-2.0,-80.0
1777890817.8073325,-3.0,-6.0,-79.0
1777890817.8173325,-4.0,-5.0,-79.0
1777890817.8273325,0.0,-2.0,-73.0
1777890817.8373325,0.0,-4.0,-71.0
1777890817.8473325,2.0,-1.0,-73.0
1777890817.8573325,0.0,-1.0,-69.0
1777890817.8673325,-3.0,-3.0,-71.0
1777890817.8773324,-2.0,-2.0,-70.0
1777890817.8883324,-4.0,0.0,-69.0
1777890817.8973324,-3.0,2.0,-62.0
1777890817.9073324,-5.0,-1.0,-56.0
1777890817.9183323,-4.0,0.0,-56.0
1777890817.9283323,-4.0,2.0,-59.0
1777890817.9383323,-5.0,1.0,-60.0
1777890817.9483323,0.0,0.0,-60.0
1777890817.9583323,3.0,-1.0,-66.0
1777890817.9683323,0.0,-1.0,-65.0
1777890817.9783323,0.0,1.0,-65.0
1777890817.9883325,2.0,-2.0,-67.0
1777890817.9983325,4.0,-6.0,-73.0
1777890818.0083325,5.0,-8.0,-67.0
1777890818.0183325,11.0,-9.0,-67.0
1777890818.0283325,7.0,-6.0,-72.0
1777890818.0383325,7.0,-4.0,-72.0
1777890818.0483325,6.0,-2.0,-66.0
1777890818.0583324,6.0,-2.0,-66.0
1777890818.0683324,4.0,-7.0,-71.0
1777890818.0783324,3.0,-7.0,-73.0
1777890818.0883324,2.0,-6.0,-76.0
1777890818.0983324,2.0,-3.0,-78.0
1777890818.1083324,1.0,0.0,-80.0
1777890818.1183324,3.0,-1.0,-79.0
1777890818.1283324,10.0,0.0,-75.0
1777890818.1383324,10.0,2.0,-74.0
1777890818.1483324,7.0,2.0,-75.0
1777890818.1583323,3.0,0.0,-80.0
1777890818.1683323,0.0,0.0,-80.0
1777890818.1783323,-3.0,1.0,-83.0
1777890818.1883323,0.0,1.0,-77.0
1777890818.1983323,3.0,0.0,-78.0
1777890818.2083323,2.0,2.0,-85.0
1777890818.2183323,3.0,0.0,-91.0
1777890818.2283323,4.0,0.0,-85.0
1777890818.2383325,2.0,1.0,-81.0
1777890818.2483325,2.0,2.0,-79.0
1777890818.2583325,2.0,0.0,-76.0
1777890818.2683325,0.0,1.0,-76.0
1777890818.2783325,-4.0,0.0,-75.0
1777890818.2883325,-4.0,0.0,-72.0
1777890818.2983325,0.0,1.0,-66.0
1777890818.3083324,4.0,0.0,-66.0
1777890818.3183324,4.0,0.0,-66.0
1777890818.3283324,2.0,-1.0,-67.0
1777890818.3383324,2.0,-1.0,-66.0
1777890818.3483324,5.0,-2.0,-69.0
1777890818.3583324,7.0,0.0,-74.0
1777890818.3683324,5.0,-2.0,-77.0
1777890818.3783324,1.0,-2.0,-79.0
1777890818.3883324,0.0,0.0,-85.0
1777890818.3983324,-3.0,0.0,-94.0
1777890818.4083323,-6.0,0.0,-88.0
1777890818.4183323,-9.0,-3.0,-85.0
1777890818.4283323,-4.0,0.0,-77.0
1777890818.4383323,-2.0,-5.0,-73.0
1777890818.4483323,0.0,-6.0,-71.0
1777890818.4583323,-2.0,-2.0,-72.0
1777890818.4683323,-4.0,1.0,-72.0
1777890818.4783323,-2.0,1.0,-72.0
1777890818.4883325,3.0,0.0,-81.0
1777890818.4983325,1.0,0.0,-79.0
1777890818.5083325,0.0,3.0,-80.0
1777890818.5183325,-4.0,4.0,-79.0
1777890818.5283325,-2.0,3.0,-74.0
1777890818.5383325,0.0,1.0,-72.0
1777890818.5483325,-2.0,0.0,-70.0
1777890818.5583324,-5.0,0.0,-66.0
1777890818.5683324,-1.0,4.0,-69.0
1777890818.5783324,-1.0,3.0,-71.0
1777890818.5883324,-1.0,1.0,-73.0
1777890818.5983324,-4.0,0.0,-79.0
1777890818.6083324,-1.0,-3.0,-74.0
1777890818.6183324,1.0,-4.0,-71.0
1777890818.6283324,-1.0,-7.0,-68.0
1777890818.6383324,-3.0,-2.0,-67.0
1777890818.6483324,-1.0,-2.0,-68.0
1777890818.6583323,0.0,-1.0,-68.0
1777890818.6683323,4.0,0.0,-67.0
1777890818.6783323,5.0,1.0,-67.0
1777890818.6883323,3.0,0.0,-75.0
1777890818.6983323,7.0,1.0,-83.0
1777890818.7083323,5.0,3.0,-87.0
1777890818.7183323,3.0,6.0,-83.0
1777890818.7283323,4.0,3.0,-78.0
1777890818.7383325,2.0,3.0,-78.0
1777890818.7483325,1.0,-1.0,-71.0
1777890818.7583325,-1.0,-6.0,-70.0
1777890818.7683325,-6.0,-5.0,-70.0
1777890818.7783325,0.0,-3.0,-67.0
1777890818.7883325,5.0,0.0,-74.0
1777890818.7983325,1.0,0.0,-69.0
1777890818.8083324,0.0,0.0,-72.0
1777890818.8183324,0.0,-2.0,-70.0
1777890818.8283324,-4.0,-3.0,-76.0
1777890818.8383324,-3.0,-5.0,-75.0
1777890818.8483324,-2.0,-6.0,-75.0
1777890818.8583324,-2.0,-4.0,-73.0
1777890818.8683324,1.0,1.0,-67.0
1777890818.8783324,2.0,1.0,-56.0
1777890818.8883324,7.0,1.0,-52.0
1777890818.8983324,8.0,0.0,-60.0
1777890818.9083323,0.0,0.0,-63.0
1777890818.9183323,0.0,0.0,-70.0
1777890818.9283323,0.0,2.0,-69.0
1777890818.9383323,2.0,1.0,-72.0
1777890818.9483323,5.0,3.0,-68.0
1777890818.9583323,5.0,3.0,-71.0
1777890818.9683323,0.0,1.0,-71.0
1777890818.9783323,2.0,0.0,-67.0
1777890818.9883325,5.0,-2.0,-67.0
1777890818.9983325,6.0,0.0,-64.0
1777890819.0083325,3.0,0.0,-62.0
1777890819.0183325,7.0,-1.0,-67.0
1777890819.0283325,4.0,-1.0,-71.0
1777890819.0383325,1.0,-1.0,-74.0
1777890819.0483325,0.0,0.0,-75.0
1777890819.0583324,5.0,-2.0,-81.0
1777890819.0683324,2.0,-1.0,-78.0
1777890819.0783324,1.0,-1.0,-76.0
1777890819.0883324,0.0,0.0,-73.0
1777890819.0983324,0.0,0.0,-73.0
1777890819.1083324,-1.0,0.0,-75.0
1777890819.1183324,2.0,2.0,-70.0
1777890819.1283324,7.0,3.0,-67.0
1777890819.1383324,4.0,6.0,-62.0
1777890819.1483324,6.0,3.0,-57.0
1777890819.1583323,5.0,4.0,-65.0
1777890819.1683323,4.0,4.0,-68.0
1777890819.1783323,5.0,1.0,-71.0
1777890819.1883323,-1.0,0.0,-66.0
1777890819.1983323,-5.0,1.0,-66.0
1777890819.2083323,-6.0,1.0,-67.0
1777890819.2183323,-8.0,3.0,-70.0
1777890819.2283323,-9.0,0.0,-74.0
1777890819.2383325,-8.0,-1.0,-72.0
1777890819.2483325,-7.0,-1.0,-72.0
1777890819.2583325,-3.0,0.0,-78.0
1777890819.2683325,0.0,0.0,-73.0
1777890819.2783325,0.0,1.0,-72.0
1777890819.2883325,0.0,0.0,-72.0
1777890819.2983325,3.0,5.0,-70.0
1777890819.3083324,-1.0,-1.0,-71.0
1777890819.3183324,-6.0,-1.0,-77.0
1777890819.3283324,-7.0,0.0,-73.0
1777890819.3383324,-1.0,0.0,-70.0
1777890819.3483324,1.0,1.0,-67.0
1777890819.3583324,-2.0,1.0,-75.0
1777890819.3683324,-4.0,1.0,-77.0
1777890819.3783324,-5.0,-1.0,-77.0
1777890819.3883324,-5.0,-3.0,-75.0
1777890819.3983324,-5.0,-1.0,-69.0
1777890819.4083323,-5.0,-1.0,-73.0
1777890819.4183323,-9.0,1.0,-68.0
1777890819.4283323,-6.0,1.0,-68.0
1777890819.4383323,-5.0,-3.0,-64.0
1777890819.4483323,-7.0,0.0,-67.0
1777890819.4583323,-10.0,2.0,-69.0
1777890819.4683323,-5.0,-1.0,-67.0
1777890819.4783323,-4.0,-3.0,-65.0
1777890819.4893324,-4.0,-6.0,-66.0
1777890819.4983325,-4.0,-5.0,-67.0
1777890819.5083325,-4.0,-2.0,-69.0
1777890819.5183325,-2.0,-1.0,-60.0
1777890819.5283325,4.0,-3.0,-68.0
1777890819.5383325,4.0,-1.0,-71.0
1777890819.5483325,3.0,-1.0,-75.0
1777890819.5583324,5.0,-1.0,-68.0
1777890819.5683324,1.0,0.0,-72.0
1777890819.5783324,1.0,1.0,-69.0
1777890819.5883324,2.0,2.0,-66.0
1777890819.5983324,-1.0,0.0,-70.0
1777890819.6083324,-1.0,2.0,-68.0
1777890819.6183324,3.0,0.0,-69.0
1777890819.6283324,2.0,0.0,-70.0
1777890819.6383324,-2.0,3.0,-66.0
1777890819.6483324,-1.0,1.0,-75.0
1777890819.6583323,0.0,1.0,-77.0
1777890819.6683323,1.0,3.0,-82.0
1777890819.6783323,-1.0,2.0,-83.0
1777890819.6883323,1.0,8.0,-80.0
1777890819.6983323,0.0,5.0,-83.0
1777890819.7083323,-4.0,0.0,-76.0
1777890819.7183323,1.0,1.0,-76.0
1777890819.7283323,2.0,0.0,-72.0
1777890819.7383325,-4.0,-1.0,-71.0
1777890819.7483325,-2.0,-1.0,-74.0
1777890819.7583325,0.0,2.0,-73.0
1777890819.7683325,-3.0,1.0,-69.0
1777890819.7783325,-7.0,-2.0,-68.0
1777890819.7883325,-8.0,-6.0,-67.0
1777890819.7983325,-7.0,-7.0,-69.0
1777890819.8083324,-6.0,0.0,-69.0
1777890819.8183324,-7.0,1.0,-69.0
1777890819.8283324,-7.0,-2.0,-71.0
1777890819.8383324,-6.0,-5.0,-68.0
1777890819.8483324,-2.0,-4.0,-68.0
1777890819.8583324,-2.0,-4.0,-68.0
1777890819.8683324,3.0,-3.0,-70.0
1777890819.8793323,4.0,-4.0,-65.0
1777890819.8883324,2.0,-1.0,-65.0
1777890819.8993323,0.0,-2.0,-63.0
1777890819.9093325,-1.0,-2.0,-64.0
1777890819.9193325,0.0,0.0,-66.0
1777890819.9293325,-5.0,4.0,-63.0
1777890819.9393325,-4.0,3.0,-65.0
1777890819.9493325,-3.0,5.0,-66.0
1777890819.9593325,0.0,8.0,-71.0
1777890819.9693325,0.0,11.0,-71.0
1777890819.9793324,4.0,6.0,-72.0
1777890819.9893324,0.0,5.0,-69.0
1777890819.9993324,-1.0,-2.0,-72.0
1777890820.0093324,2.0,0.0,-68.0
1777890820.0193324,0.0,0.0,-70.0
1777890820.0293324,3.0,0.0,-71.0
1777890820.0393324,1.0,0.0,-74.0
1777890820.0493324,3.0,1.0,-77.0
1777890820.0593324,0.0,-3.0,-70.0
1777890820.0693324,-1.0,-1.0,-64.0
1777890820.0793324,-4.0,-2.0,-64.0
1777890820.0893323,-7.0,-2.0,-60.0
1777890820.0993323,-2.0,-3.0,-60.0
1777890820.1093323,0.0,-5.0,-57.0
1777890820.1193323,2.0,-5.0,-57.0
1777890820.1293323,5.0,-6.0,-59.0
1777890820.1393323,4.0,-6.0,-72.0
1777890820.1493323,5.0,-6.0,-72.0
1777890820.1593325,5.0,-4.0,-76.0
1777890820.1693325,4.0,-2.0,-74.0
1777890820.1793325,7.0,-2.0,-73.0
1777890820.1893325,7.0,-1.0,-81.0
1777890820.1993325,9.0,-2.0,-83.0
1777890820.2093325,9.0,-2.0,-82.0
1777890820.2193325,7.0,-2.0,-79.0
1777890820.2293324,6.0,0.0,-79.0
1777890820.2393324,5.0,-3.0,-73.0
1777890820.2493324,3.0,-3.0,-77.0
1777890820.2593324,4.0,-5.0,-76.0
1777890820.2693324,1.0,-4.0,-77.0
1777890820.2793324,3.0,-7.0,-77.0
1777890820.2893324,4.0,-11.0,-72.0
1777890820.2993324,8.0,-13.0,-73.0
1777890820.3093324,5.0,-14.0,-72.0
1777890820.3193324,4.0,-10.0,-75.0
1777890820.3293324,0.0,-8.0,-66.0
1777890820.3393323,3.0,-5.0,-62.0
1777890820.3493323,2.0,-1.0,-67.0
1777890820.3593323,-2.0,0.0,-65.0
1777890820.3693323,0.0,5.0,-69.0
1777890820.3793323,2.0,4.0,-68.0
1777890820.3893323,2.0,3.0,-71.0
1777890820.3993323,3.0,0.0,-75.0
1777890820.4093325,1.0,5.0,-77.0
1777890820.4193325,3.0,4.0,-81.0
1777890820.4293325,1.0,0.0,-77.0
1777890820.4393325,3.0,-2.0,-69.0
1777890820.4493325,5.0,2.0,-69.0
1777890820.4593325,0.0,0.0,-72.0
1777890820.4693325,0.0,-2.0,-74.0
1777890820.4793324,0.0,-1.0,-71.0
1777890820.4893324,-2.0,0.0,-68.0
1777890820.4993324,-6.0,0.0,-67.0
1777890820.5093324,-8.0,-1.0,-62.0
1777890820.5193324,-7.0,-1.0,-70.0
1777890820.5293324,-7.0,-2.0,-71.0
1777890820.5393324,-6.0,-2.0,-75.0
1777890820.5493324,-1.0,0.0,-69.0
1777890820.5593324,-1.0,1.0,-67.0
1777890820.5693324,-1.0,1.0,-67.0
1777890820.5793324,1.0,-1.0,-66.0
1777890820.5893323,0.0,1.0,-72.0
1777890820.5993323,6.0,0.0,-75.0
1777890820.6093323,5.0,-1.0,-74.0
1777890820.6193323,6.0,2.0,-82.0
1777890820.6293323,7.0,1.0,-82.0
1777890820.6393323,4.0,1.0,-78.0
1777890820.6493323,7.0,3.0,-87.0
1777890820.6593325,4.0,5.0,-85.0
1777890820.6693325,3.0,5.0,-83.0
1777890820.6793325,0.0,4.0,-73.0
1777890820.6893325,5.0,3.0,-71.0
1777890820.6993325,7.0,0.0,-72.0
1777890820.7093325,3.0,1.0,-73.0
1777890820.7193325,5.0,1.0,-73.0
1777890820.7293324,5.0,1.0,-72.0
1777890820.7393324,5.0,4.0,-70.0
1777890820.7493324,6.0,4.0,-70.0
1777890820.7593324,6.0,2.0,-74.0
1777890820.7693324,2.0,2.0,-80.0
1777890820.7793324,7.0,-3.0,-78.0
1777890820.7893324,9.0,1.0,-85.0
1777890820.7993324,4.0,2.0,-85.0
1777890820.8093324,1.0,4.0,-80.0
1777890820.8193324,4.0,5.0,-79.0
1777890820.8293324,3.0,5.0,-79.0
1777890820.8393323,3.0,2.0,-80.0
1777890820.8493323,5.0,3.0,-81.0
1777890820.8593323,5.0,1.0,-81.0
1777890820.8693323,5.0,0.0,-87.0
1777890820.8793323,3.0,3.0,-88.0
1777890820.8893323,6.0,3.0,-85.0
1777890820.8993323,0.0,3.0,-81.0
1777890820.9093325,0.0,4.0,-81.0
1777890820.9193325,0.0,2.0,-86.0
1777890820.9293325,0.0,0.0,-86.0
1777890820.9393325,0.0,0.0,-80.0
1777890820.9493325,0.0,0.0,-80.0
1777890820.9593325,4.0,-3.0,-79.0
1777890820.9693325,8.0,-4.0,-81.0
1777890820.9793324,5.0,-1.0,-79.0
1777890820.9893324,3.0,-2.0,-78.0
1777890820.9993324,3.0,-1.0,-71.0
1777890821.0093324,5.0,0.0,-64.0
1777890821.0193324,3.0,-2.0,-61.0
1777890821.0293324,1.0,-1.0,-62.0
1777890821.0393324,6.0,-2.0,-66.0
1777890821.0493324,8.0,-4.0,-65.0
1777890821.0593324,4.0,-1.0,-70.0
1777890821.0693324,8.0,0.0,-72.0
1777890821.0793324,8.0,0.0,-75.0
1777890821.0893323,6.0,0.0,-73.0
1777890821.0993323,8.0,-1.0,-67.0
1777890821.1093323,5.0,-4.0,-68.0
1777890821.1193323,3.0,-5.0,-65.0
1777890821.1293323,6.0,-5.0,-69.0
1777890821.1393323,9.0,-3.0,-70.0
1777890821.1493323,9.0,-1.0,-79.0
1777890821.1593325,7.0,-3.0,-80.0
1777890821.1693325,6.0,-5.0,-74.0
1777890821.1793325,4.0,-5.0,-77.0
1777890821.1893325,3.0,0.0,-79.0
1777890821.1993325,4.0,0.0,-79.0
1777890821.2093325,2.0,0.0,-78.0
1777890821.2193325,0.0,0.0,-71.0
1777890821.2293324,-1.0,-2.0,-66.0
1777890821.2393324,0.0,-2.0,-62.0
1777890821.2493324,1.0,-5.0,-58.0
1777890821.2593324,-2.0,-4.0,-56.0
1777890821.2693324,0.0,-5.0,-63.0
1777890821.2793324,0.0,-2.0,-64.0
1777890821.2893324,-1.0,-3.0,-63.0
1777890821.2993324,-3.0,-7.0,-62.0
1777890821.3093324,-1.0,-2.0,-66.0
1777890821.3193324,2.0,-2.0,-67.0
1777890821.3293324,0.0,-2.0,-67.0
1777890821.3393323,-2.0,-5.0,-74.0
1777890821.3493323,0.0,-6.0,-78.0
1777890821.3593323,1.0,-5.0,-82.0
1777890821.3693323,-5.0,-2.0,-82.0
1777890821.3793323,-1.0,-3.0,-83.0
1777890821.3893323,-3.0,3.0,-81.0
1777890821.3993323,-2.0,5.0,-80.0
1777890821.4093325,-5.0,7.0,-78.0
1777890821.4193325,0.0,7.0,-78.0
1777890821.4293325,1.0,8.0,-78.0
1777890821.4393325,3.0,5.0,-76.0
1777890821.4493325,2.0,0.0,-81.0
1777890821.4593325,2.0,0.0,-79.0
1777890821.4693325,2.0,2.0,-81.0
1777890821.4793324,-1.0,0.0,-76.0
1777890821.4893324,-1.0,2.0,-82.0
1777890821.4993324,-2.0,0.0,-79.0
1777890821.5093324,0.0,0.0,-71.0
1777890821.5193324,5.0,3.0,-73.0
1777890821.5293324,6.0,-1.0,-77.0
1777890821.5393324,6.0,0.0,-75.0
1777890821.5493324,6.0,-4.0,-74.0
1777890821.5593324,1.0,-3.0,-80.0
1777890821.5693324,2.0,-4.0,-72.0
1777890821.5793324,-1.0,-2.0,-72.0
1777890821.5893323,2.0,-3.0,-69.0
1777890821.5993323,8.0,-3.0,-64.0
1777890821.6093323,7.0,-4.0,-63.0
1777890821.6193323,7.0,-4.0,-69.0
1777890821.6293323,3.0,0.0,-74.0
1777890821.6393323,1.0,1.0,-72.0
1777890821.6493323,-1.0,4.0,-73.0
1777890821.6593325,-2.0,-2.0,-77.0
1777890821.6693325,-4.0,-4.0,-79.0
1777890821.6793325,-3.0,-2.0,-79.0
1777890821.6893325,-1.0,-3.0,-81.0
1777890821.6993325,0.0,-3.0,-82.0
1777890821.7093325,-1.0,0.0,-77.0
1777890821.7193325,1.0,0.0,-69.0
1777890821.7293324,2.0,5.0,-67.0
1777890821.7393324,5.0,2.0,-64.0
1777890821.7493324,0.0,3.0,-67.0
1777890821.7593324,-4.0,7.0,-63.0
1777890821.7693324,-10.0,2.0,-61.0
1777890821.7793324,-9.0,1.0,-60.0
1777890821.7893324,-11.0,2.0,-64.0
1777890821.7993324,-9.0,0.0,-69.0
1777890821.8093324,-10.0,-1.0,-71.0
1777890821.8193324,-6.0,1.0,-72.0
1777890821.8293324,-6.0,2.0,-74.0
1777890821.8393323,-5.0,3.0,-75.0
1777890821.8503325,-4.0,1.0,-74.0
1777890821.8593323,-4.0,2.0,-68.0
1777890821.8693323,-6.0,0.0,-73.0
1777890821.8803325,-7.0,1.0,-80.0
1777890821.8903325,-2.0,4.0,-83.0
1777890821.9003325,2.0,0.0,-81.0
1777890821.9103324,1.0,0.0,-76.0
1777890821.9203324,4.0,-4.0,-78.0
1777890821.9303324,6.0,-9.0,-83.0
1777890821.9403324,10.0,-8.0,-80.0
1777890821.9503324,11.0,-6.0,-78.0
1777890821.9603324,11.0,-3.0,-70.0
1777890821.9703324,12.0,-5.0,-74.0
1777890821.9803324,10.0,-11.0,-78.0
1777890821.9903324,7.0,-6.0,-84.0
1777890822.0003324,6.0,-7.0,-81.0
1777890822.0103323,0.0,-8.0,-81.0
1777890822.0203323,0.0,-4.0,-78.0
1777890822.0303323,0.0,-2.0,-84.0
1777890822.0403323,0.0,-4.0,-84.0
1777890822.0503323,0.0,-1.0,-77.0
1777890822.0603323,1.0,5.0,-80.0
1777890822.0703323,3.0,7.0,-83.0
1777890822.0803325,5.0,4.0,-87.0
1777890822.0903325,5.0,1.0,-80.0
1777890822.1003325,1.0,0.0,-82.0
1777890822.1103325,5.0,2.0,-77.0
1777890822.1203325,7.0,4.0,-70.0
1777890822.1303325,5.0,4.0,-71.0
1777890822.1403325,10.0,0.0,-69.0
1777890822.1503325,8.0,0.0,-79.0
1777890822.1603324,2.0,0.0,-75.0
1777890822.1703324,0.0,6.0,-71.0
1777890822.1803324,4.0,3.0,-76.0
1777890822.1903324,4.0,3.0,-75.0
1777890822.2003324,-1.0,2.0,-68.0
1777890822.2103324,0.0,0.0,-65.0
1777890822.2203324,0.0,1.0,-65.0
1777890822.2303324,-1.0,4.0,-66.0
1777890822.2403324,-1.0,1.0,-70.0
1777890822.2503324,-1.0,-3.0,-73.0
1777890822.2603323,-3.0,-7.0,-72.0
1777890822.2703323,-3.0,-6.0,-68.0
1777890822.2803323,-2.0,-2.0,-68.0
1777890822.2903323,-6.0,-1.0,-64.0
1777890822.3003323,-3.0,-2.0,-67.0
1777890822.3103323,-1.0,-1.0,-73.0
1777890822.3203323,-4.0,-3.0,-76.0
1777890822.3303325,-1.0,-2.0,-75.0
1777890822.3403325,2.0,0.0,-75.0
1777890822.3503325,4.0,0.0,-68.0
1777890822.3603325,0.0,-2.0,-63.0
1777890822.3703325,-2.0,-2.0,-68.0
1777890822.3803325,-8.0,3.0,-67.0
1777890822.3903325,-8.0,0.0,-60.0
1777890822.4003325,-5.0,1.0,-63.0
1777890822.4103324,-6.0,1.0,-66.0
1777890822.4203324,-3.0,1.0,-65.0
1777890822.4303324,-4.0,1.0,-63.0
1777890822.4403324,-4.0,-1.0,-64.0
1777890822.4503324,-4.0,-4.0,-76.0
1777890822.4603324,-2.0,-4.0,-71.0
1777890822.4703324,-1.0,-4.0,-73.0
1777890822.4803324,2.0,0.0,-63.0
1777890822.4903324,1.0,-2.0,-66.0
1777890822.5003324,4.0,-6.0,-68.0
1777890822.5103323,3.0,-2.0,-72.0
1777890822.5203323,5.0,-1.0,-75.0
1777890822.5303323,2.0,0.0,-67.0
1777890822.5403323,1.0,-3.0,-75.0
1777890822.5503323,6.0,-3.0,-82.0
1777890822.5603323,8.0,0.0,-74.0
1777890822.5703323,6.0,0.0,-74.0
1777890822.5803325,11.0,-2.0,-80.0
1777890822.5903325,7.0,-5.0,-77.0
1777890822.6003325,7.0,-5.0,-67.0
1777890822.6103325,7.0,-4.0,-66.0
1777890822.6203325,8.0,-1.0,-63.0
1777890822.6303325,7.0,0.0,-60.0
1777890822.6403325,4.0,-2.0,-60.0
1777890822.6503325,4.0,-2.0,-63.0
1777890822.6603324,3.0,-2.0,-62.0
1777890822.6703324,4.0,0.0,-65.0
1777890822.6803324,3.0,4.0,-68.0
1777890822.6903324,4.0,6.0,-67.0
1777890822.7003324,3.0,0.0,-61.0
1777890822.7103324,3.0,-7.0,-67.0
1777890822.7203324,-1.0,-9.0,-71.0
1777890822.7303324,-5.0,-6.0,-72.0
1777890822.7403324,-4.0,-5.0,-74.0
1777890822.7503324,-3.0,-1.0,-67.0
1777890822.7603323,-6.0,1.0,-70.0
1777890822.7703323,-8.0,0.0,-70.0
1777890822.7803323,-11.0,-3.0,-74.0
1777890822.7903323,-6.0,-3.0,-74.0
1777890822.8003323,-2.0,0.0,-69.0
1777890822.8103323,-2.0,0.0,-72.0
1777890822.8203323,0.0,2.0,-74.0
1777890822.8303325,-1.0,2.0,-75.0
1777890822.8403325,-4.0,6.0,-75.0
1777890822.8503325,-7.0,9.0,-76.0
1777890822.8603325,-5.0,7.0,-69.0
1777890822.8703325,-1.0,2.0,-64.0
1777890822.8803325,2.0,4.0,-67.0
1777890822.8903325,2.0,3.0,-66.0
1777890822.9003325,1.0,-3.0,-70.0
1777890822.9103324,3.0,-6.0,-70.0
1777890822.9203324,0.0,-4.0,-66.0
1777890822.9303324,5.0,-5.0,-73.0
1777890822.9403324,0.0,-2.0,-77.0
1777890822.9503324,-1.0,0.0,-70.0
1777890822.9603324,-4.0,0.0,-61.0
1777890822.9703324,-4.0,0.0,-58.0
1777890822.9803324,-2.0,-2.0,-61.0
1777890822.9903324,-1.0,-3.0,-59.0
1777890823.0003324,2.0,-2.0,-59.0
1777890823.0103323,4.0,0.0,-58.0
1777890823.0203323,4.0,-2.0,-61.0
1777890823.0303323,4.0,0.0,-68.0
1777890823.0403323,1.0,-1.0,-63.0
1777890823.0503323,0.0,2.0,-64.0
1777890823.0603323,-3.0,5.0,-69.0
1777890823.0703323,1.0,6.0,-68.0
1777890823.0803325,-2.0,2.0,-66.0
1777890823.0903325,-1.0,2.0,-68.0
1777890823.1003325,-1.0,0.0,-73.0
1777890823.1103325,-2.0,1.0,-74.0
1777890823.1203325,-5.0,2.0,-72.0
1777890823.1303325,-6.0,-2.0,-74.0
1777890823.1403325,-3.0,-4.0,-72.0
1777890823.1503325,-2.0,-3.0,-67.0
1777890823.1603324,0.0,-6.0,-67.0
1777890823.1703324,5.0,-7.0,-74.0
1777890823.1803324,8.0,-4.0,-73.0
1777890823.1903324,8.0,-3.0,-72.0
1777890823.2003324,6.0,-4.0,-69.0
1777890823.2103324,8.0,-4.0,-76.0
1777890823.2203324,11.0,-1.0,-84.0
1777890823.2303324,10.0,0.0,-84.0
1777890823.2403324,8.0,0.0,-82.0
1777890823.2503324,6.0,-1.0,-85.0
1777890823.2603323,3.0,-3.0,-78.0
1777890823.2703323,2.0,-1.0,-77.0
1777890823.2803323,2.0,-1.0,-72.0
1777890823.2903323,1.0,-2.0,-73.0
1777890823.3003323,4.0,-3.0,-76.0
1777890823.3103323,1.0,-2.0,-77.0
1777890823.3203323,4.0,-7.0,-73.0
1777890823.3303325,1.0,-6.0,-77.0
1777890823.3403325,2.0,-7.0,-71.0
1777890823.3503325,3.0,-4.0,-66.0
1777890823.3603325,-2.0,-3.0,-71.0
1777890823.3703325,-1.0,-1.0,-69.0
1777890823.3803325,1.0,0.0,-69.0
1777890823.3903325,6.0,0.0,-78.0
1777890823.4003325,8.0,-2.0,-72.0
1777890823.4103324,4.0,-1.0,-72.0
1777890823.4203324,3.0,0.0,-71.0
1777890823.4303324,5.0,0.0,-67.0
1777890823.4403324,2.0,1.0,-72.0
1777890823.4503324,-3.0,0.0,-69.0
1777890823.4603324,-2.0,-2.0,-71.0
1777890823.4703324,1.0,-6.0,-70.0
1777890823.4803324,1.0,-4.0,-75.0
1777890823.4903324,1.0,-3.0,-76.0
1777890823.5003324,3.0,-3.0,-72.0
1777890823.5103323,7.0,-1.0,-68.0
1777890823.5203323,6.0,2.0,-75.0
1777890823.5303323,5.0,2.0,-78.0
1777890823.5403323,1.0,0.0,-78.0
1777890823.5503323,3.0,-1.0,-81.0
1777890823.5603323,-1.0,-1.0,-80.0
1777890823.5703323,-2.0,0.0,-83.0
1777890823.5803325,-3.0,2.0,-82.0
1777890823.5903325,-1.0,3.0,-81.0
1777890823.6003325,0.0,4.0,-79.0
1777890823.6103325,-2.0,5.0,-76.0
1777890823.6203325,1.0,6.0,-76.0
1777890823.6303325,-2.0,3.0,-79.0
1777890823.6403325,-6.0,4.0,-73.0
1777890823.6503325,-4.0,1.0,-76.0
1777890823.6603324,-5.0,0.0,-75.0
1777890823.6703324,-3.0,-1.0,-71.0
1777890823.6803324,0.0,-3.0,-74.0
1777890823.6903324,2.0,-2.0,-78.0
1777890823.7003324,-1.0,0.0,-74.0
1777890823.7103324,0.0,-1.0,-73.0
1777890823.7203324,0.0,0.0,-65.0
1777890823.7303324,0.0,1.0,-69.0
1777890823.7403324,2.0,3.0,-69.0
1777890823.7503324,1.0,1.0,-71.0
1777890823.7603323,0.0,0.0,-73.0
1777890823.7703323,3.0,0.0,-79.0
1777890823.7803323,6.0,2.0,-80.0
1777890823.7903323,9.0,0.0,-78.0
1777890823.8003323,4.0,1.0,-74.0
1777890823.8103323,-1.0,1.0,-74.0
1777890823.8203323,-1.0,1.0,-73.0
1777890823.8313324,0.0,0.0,-74.0
1777890823.8403325,-1.0,-3.0,-75.0
1777890823.8503325,0.0,0.0,-74.0
1777890823.8603325,-1.0,4.0,-74.0
1777890823.8713324,0.0,2.0,-79.0
1777890823.8813324,-2.0,2.0,-75.0
1777890823.8913324,-4.0,2.0,-76.0
1777890823.9013324,-8.0,0.0,-74.0
1777890823.9113324,-7.0,1.0,-72.0
1777890823.9213324,-10.0,0.0,-70.0
1777890823.9313323,-6.0,0.0,-75.0
1777890823.9413323,-4.0,-1.0,-73.0
1777890823.9513323,0.0,-4.0,-69.0
1777890823.9613323,0.0,-6.0,-67.0
1777890823.9713323,5.0,-7.0,-71.0
1777890823.9813323,5.0,-7.0,-75.0
1777890823.9913323,8.0,-7.0,-74.0
1777890824.0013323,9.0,-7.0,-73.0
1777890824.0113325,8.0,-6.0,-74.0
1777890824.0213325,9.0,-1.0,-73.0
1777890824.0313325,4.0,-3.0,-79.0
1777890824.0413325,0.0,-6.0,-77.0
1777890824.0513325,-1.0,-3.0,-74.0
1777890824.0613325,-7.0,2.0,-80.0
1777890824.0713325,-3.0,1.0,-84.0
1777890824.0813324,-1.0,6.0,-81.0
1777890824.0913324,-7.0,5.0,-81.0
1777890824.1013324,-6.0,0.0,-85.0
1777890824.1113324,-4.0,-2.0,-87.0
1777890824.1213324,-6.0,-4.0,-83.0
1777890824.1313324,-5.0,-2.0,-71.0
1777890824.1413324,-5.0,-1.0,-72.0
1777890824.1513324,-4.0,0.0,-73.0
1777890824.1613324,0.0,-5.0,-77.0
1777890824.1713324,-4.0,-8.0,-69.0
1777890824.1813323,-2.0,-6.0,-68.0
1777890824.1913323,0.0,-4.0,-68.0
1777890824.2013323,7.0,0.0,-73.0
1777890824.2113323,6.0,-2.0,-68.0
1777890824.2213323,5.0,-2.0,-70.0
1777890824.2313323,4.0,-3.0,-69.0
1777890824.2413323,5.0,-2.0,-65.0
1777890824.2513323,0.0,0.0,-65.0
1777890824.2613325,1.0,3.0,-65.0
1777890824.2713325,0.0,6.0,-68.0
1777890824.2813325,2.0,7.0,-69.0
1777890824.2913325,2.0,2.0,-72.0
1777890824.3013325,0.0,0.0,-64.0
1777890824.3113325,0.0,-2.0,-66.0
1777890824.3213325,5.0,-6.0,-70.0
1777890824.3313324,9.0,-3.0,-68.0
1777890824.3413324,12.0,0.0,-71.0
1777890824.3513324,11.0,-1.0,-66.0
1777890824.3613324,7.0,0.0,-74.0
1777890824.3713324,8.0,3.0,-76.0
1777890824.3813324,-2.0,6.0,-66.0
1777890824.3913324,-3.0,3.0,-70.0
1777890824.4013324,-1.0,1.0,-75.0
1777890824.4113324,0.0,4.0,-76.0
1777890824.4213324,5.0,7.0,-75.0
1777890824.4313323,4.0,4.0,-75.0
1777890824.4413323,6.0,2.0,-76.0
1777890824.4513323,3.0,0.0,-70.0
1777890824.4613323,3.0,0.0,-69.0
1777890824.4713323,3.0,-4.0,-70.0
1777890824.4813323,2.0,-5.0,-75.0
1777890824.4913323,0.0,-6.0,-77.0
1777890824.5013323,0.0,-4.0,-76.0
1777890824.5113325,2.0,-7.0,-74.0
1777890824.5213325,0.0,-3.0,-71.0
1777890824.5313325,3.0,-1.0,-67.0
1777890824.5413325,4.0,-1.0,-67.0
1777890824.5513325,4.0,1.0,-61.0
1777890824.5613325,4.0,1.0,-58.0
1777890824.5713325,2.0,0.0,-70.0
1777890824.5813324,1.0,-2.0,-79.0
1777890824.5913324,1.0,0.0,-74.0
1777890824.6013324,6.0,0.0,-69.0
1777890824.6113324,0.0,-2.0,-72.0
1777890824.6213324,0.0,-2.0,-79.0
1777890824.6313324,0.0,-4.0,-68.0
1777890824.6413324,-2.0,-3.0,-69.0
1777890824.6513324,-2.0,-4.0,-67.0
1777890824.6613324,0.0,-3.0,-66.0
1777890824.6713324,3.0,-3.0,-68.0
1777890824.6813323,3.0,-2.0,-68.0
1777890824.6913323,2.0,0.0,-83.0
1777890824.7013323,4.0,0.0,-89.0
1777890824.7113323,2.0,0.0,-86.0
1777890824.7213323,7.0,0.0,-86.0
1777890824.7313323,10.0,3.0,-80.0
1777890824.7413323,9.0,0.0,-81.0
1777890824.7513323,10.0,-2.0,-75.0
1777890824.7613325,9.0,0.0,-69.0
1777890824.7713325,6.0,-3.0,-69.0
1777890824.7813325,3.0,-4.0,-77.0
1777890824.7913325,5.0,-6.0,-76.0
1777890824.8013325,4.0,-3.0,-74.0
1777890824.8113325,3.0,-2.0,-77.0
1777890824.8213325,0.0,-5.0,-78.0
1777890824.8313324,5.0,-2.0,-70.0
1777890824.8413324,7.0,-3.0,-71.0
1777890824.8513324,6.0,-6.0,-68.0
1777890824.8613324,9.0,-6.0,-69.0
1777890824.8713324,4.0,-6.0,-66.0
1777890824.8813324,3.0,-6.0,-66.0
1777890824.8913324,0.0,-7.0,-67.0
1777890824.9013324,0.0,-1.0,-69.0
1777890824.9113324,2.0,-2.0,-77.0
1777890824.9213324,0.0,2.0,-74.0
1777890824.9313323,0.0,3.0,-73.0
1777890824.9413323,-2.0,3.0,-74.0
1777890824.9513323,-1.0,0.0,-74.0
1777890824.9613323,-2.0,2.0,-71.0
1777890824.9713323,1.0,3.0,-73.0
1777890824.9813323,2.0,1.0,-76.0
1777890824.9913323,3.0,-1.0,-75.0
1777890825.0013323,3.0,-3.0,-75.0
1777890825.0113325,0.0,-5.0,-74.0
1777890825.0213325,1.0,-4.0,-73.0
1777890825.0313325,2.0,-3.0,-73.0
1777890825.0413325,6.0,-2.0,-74.0
1777890825.0513325,3.0,0.0,-78.0
1777890825.0613325,3.0,1.0,-79.0
1777890825.0713325,3.0,-2.0,-79.0
1777890825.0813324,1.0,-2.0,-84.0
1777890825.0913324,2.0,-4.0,-81.0
1777890825.1013324,2.0,-5.0,-81.0
1777890825.1113324,4.0,-4.0,-82.0
1777890825.1213324,5.0,1.0,-75.0
1777890825.1313324,9.0,0.0,-74.0
1777890825.1413324,6.0,6.0,-77.0
1777890825.1513324,4.0,3.0,-79.0
1777890825.1613324,4.0,7.0,-79.0
1777890825.1713324,2.0,3.0,-75.0
1777890825.1813323,3.0,4.0,-74.0
1777890825.1913323,4.0,6.0,-75.0
1777890825.2013323,4.0,4.0,-76.0
1777890825.2113323,2.0,4.0,-74.0
1777890825.2213323,5.0,4.0,-75.0
1777890825.2313323,6.0,0.0,-69.0
1777890825.2413323,9.0,0.0,-73.0
1777890825.2513323,5.0,-2.0,-64.0
1777890825.2613325,4.0,0.0,-66.0
1777890825.2713325,-1.0,-2.0,-67.0
1777890825.2813325,-4.0,-3.0,-76.0
1777890825.2913325,0.0,-1.0,-77.0
1777890825.3013325,1.0,-1.0,-86.0
1777890825.3113325,4.0,1.0,-85.0
1777890825.3213325,0.0,1.0,-89.0
1777890825.3313324,4.0,2.0,-87.0
1777890825.3413324,1.0,3.0,-87.0
1777890825.3513324,-1.0,3.0,-84.0
1777890825.3613324,0.0,4.0,-79.0
1777890825.3713324,-3.0,4.0,-82.0
1777890825.3813324,-5.0,2.0,-80.0
1777890825.3913324,-2.0,3.0,-77.0
1777890825.4013324,-1.0,2.0,-72.0
1777890825.4113324,-3.0,5.0,-66.0
1777890825.4213324,-3.0,1.0,-57.0
1777890825.4313323,-9.0,0.0,-62.0
1777890825.4413323,-8.0,0.0,-65.0
1777890825.4513323,-6.0,5.0,-70.0
1777890825.4613323,-6.0,7.0,-72.0
1777890825.4713323,-3.0,3.0,-69.0
1777890825.4813323,0.0,-2.0,-67.0
1777890825.4913323,3.0,-1.0,-67.0
1777890825.5013323,4.0,1.0,-69.0
1777890825.5113325,3.0,0.0,-71.0
1777890825.5213325,-3.0,4.0,-74.0
1777890825.5313325,0.0,1.0,-77.0
1777890825.5413325,0.0,0.0,-76.0
1777890825.5513325,0.0,-1.0,-70.0
1777890825.5613325,-4.0,-5.0,-65.0
1777890825.5713325,-3.0,-7.0,-66.0
1777890825.5813324,-2.0,-7.0,-71.0
1777890825.5913324,0.0,-6.0,-71.0
1777890825.6013324,1.0,-9.0,-73.0
1777890825.6113324,1.0,-10.0,-75.0
1777890825.6213324,2.0,-4.0,-74.0
1777890825.6313324,0.0,-6.0,-72.0
1777890825.6413324,0.0,-3.0,-75.0
1777890825.6513324,0.0,-5.0,-73.0
1777890825.6613324,0.0,-2.0,-75.0
1777890825.6713324,1.0,-1.0,-77.0
1777890825.6813323,4.0,-2.0,-74.0
1777890825.6913323,8.0,-7.0,-80.0
1777890825.7013323,7.0,-11.0,-78.0
1777890825.7113323,5.0,-10.0,-76.0
1777890825.7213323,2.0,-10.0,-74.0
1777890825.7313323,1.0,-9.0,-68.0
1777890825.7413323,-2.0,-7.0,-69.0
1777890825.7513323,-9.0,-2.0,-73.0
1777890825.7613325,-6.0,-2.0,-73.0
1777890825.7713325,-5.0,0.0,-66.0
1777890825.7813325,-4.0,0.0,-68.0
1777890825.7913325,-6.0,2.0,-66.0
1777890825.8013325,-6.0,4.0,-70.0
1777890825.8123324,-11.0,5.0,-68.0
1777890825.8213325,-9.0,6.0,-68.0
1777890825.8313324,-4.0,2.0,-69.0
1777890825.8413324,0.0,2.0,-68.0
1777890825.8513324,2.0,-2.0,-69.0
1777890825.8623323,0.0,-1.0,-71.0
1777890825.8723323,-1.0,-4.0,-67.0
1777890825.8823323,-4.0,-6.0,-77.0
1777890825.8923323,2.0,-7.0,-73.0
1777890825.9023323,3.0,-4.0,-68.0
1777890825.9123323,0.0,1.0,-72.0
1777890825.9223323,-4.0,4.0,-81.0
1777890825.9323325,0.0,7.0,-76.0
1777890825.9423325,-4.0,7.0,-75.0
1777890825.9523325,-3.0,6.0,-71.0
1777890825.9623325,-3.0,1.0,-71.0
1777890825.9723325,2.0,4.0,-76.0
1777890825.9823325,0.0,3.0,-84.0
1777890825.9923325,-1.0,2.0,-85.0
1777890826.0023324,2.0,2.0,-79.0
1777890826.0123324,6.0,-1.0,-74.0
1777890826.0223324,5.0,-2.0,-67.0
1777890826.0323324,7.0,-2.0,-69.0
1777890826.0423324,2.0,-3.0,-63.0
1777890826.0523324,0.0,-2.0,-60.0
1777890826.0623324,-1.0,-1.0,-65.0
1777890826.0723324,0.0,0.0,-70.0
1777890826.0823324,-1.0,0.0,-71.0
1777890826.0923324,-2.0,-1.0,-72.0
1777890826.1023324,-2.0,-2.0,-71.0
1777890826.1123323,0.0,-2.0,-72.0
1777890826.1223323,2.0,-1.0,-72.0
1777890826.1323323,0.0,1.0,-72.0
1777890826.1423323,2.0,0.0,-75.0
1777890826.1523323,2.0,-5.0,-73.0
1777890826.1623323,6.0,-4.0,-73.0
1777890826.1723323,5.0,-6.0,-73.0
1777890826.1823325,6.0,-6.0,-73.0
1777890826.1923325,-1.0,-7.0,-78.0
1777890826.2023325,0.0,-4.0,-76.0
1777890826.2123325,0.0,-7.0,-71.0
1777890826.2223325,0.0,-4.0,-73.0
1777890826.2323325,-3.0,-5.0,-76.0
1777890826.2423325,-5.0,2.0,-75.0
1777890826.2523324,-6.0,3.0,-73.0
1777890826.2623324,-5.0,5.0,-79.0
1777890826.2723324,-6.0,6.0,-75.0
1777890826.2823324,-3.0,5.0,-75.0
1777890826.2923324,-1.0,2.0,-72.0
1777890826.3023324,0.0,2.0,-79.0
1777890826.3123324,0.0,0.0,-80.0
1777890826.3223324,5.0,0.0,-80.0
1777890826.3323324,6.0,2.0,-78.0
1777890826.3423324,2.0,6.0,-76.0
1777890826.3523324,8.0,3.0,-77.0
1777890826.3623323,8.0,0.0,-74.0
1777890826.3723323,2.0,-2.0,-78.0
1777890826.3823323,-1.0,-4.0,-82.0
1777890826.3923323,-6.0,-1.0,-81.0
1777890826.4023323,-9.0,-4.0,-80.0
1777890826.4123323,-8.0,-2.0,-73.0
1777890826.4223323,-5.0,1.0,-66.0
1777890826.4323325,-2.0,-1.0,-67.0
1777890826.4423325,0.0,0.0,-73.0
1777890826.4523325,3.0,1.0,-72.0
1777890826.4623325,-1.0,-1.0,-76.0
1777890826.4723325,-1.0,1.0,-86.0
1777890826.4823325,0.0,4.0,-86.0
1777890826.4923325,1.0,6.0,-89.0
1777890826.5023324,6.0,6.0,-83.0
1777890826.5123324,3.0,7.0,-83.0
1777890826.5223324,0.0,3.0,-84.0
1777890826.5323324,0.0,2.0,-82.0
1777890826.5423324,0.0,2.0,-76.0
1777890826.5523324,2.0,-1.0,-74.0
1777890826.5623324,3.0,-3.0,-73.0
1777890826.5723324,2.0,-3.0,-70.0
1777890826.5823324,1.0,-5.0,-70.0
1777890826.5923324,5.0,-6.0,-74.0
1777890826.6023324,5.0,-4.0,-67.0
1777890826.6123323,2.0,-2.0,-65.0
1777890826.6223323,1.0,-3.0,-67.0
1777890826.6323323,2.0,-4.0,-66.0
1777890826.6423323,1.0,-5.0,-68.0
1777890826.6523323,-1.0,-4.0,-71.0
1777890826.6623323,-3.0,-6.0,-74.0
1777890826.6723323,-6.0,-4.0,-79.0
1777890826.6823325,1.0,-4.0,-73.0
1777890826.6923325,3.0,-2.0,-77.0
1777890826.7023325,-1.0,0.0,-77.0
1777890826.7123325,-2.0,0.0,-80.0
1777890826.7223325,0.0,-1.0,-76.0
1777890826.7323325,1.0,0.0,-69.0
1777890826.7423325,1.0,0.0,-63.0
1777890826.7523324,-3.0,-1.0,-66.0
1777890826.7623324,-2.0,4.0,-71.0
1777890826.7723324,-1.0,4.0,-69.0
1777890826.7823324,-1.0,2.0,-65.0
1777890826.7923324,0.0,0.0,-62.0
1777890826.8023324,1.0,2.0,-63.0
1777890826.8123324,1.0,4.0,-63.0
1777890826.8223324,5.0,0.0,-64.0
1777890826.8323324,4.0,0.0,-64.0
1777890826.8423324,4.0,-2.0,-69.0
1777890826.8523324,0.0,-4.0,-66.0
1777890826.8623323,4.0,-1.0,-73.0
1777890826.8723323,4.0,-1.0,-73.0
1777890826.8823323,6.0,-2.0,-73.0
1777890826.8923323,0.0,-7.0,-71.0
1777890826.9023323,0.0,-8.0,-73.0
1777890826.9123323,0.0,-6.0,-75.0
1777890826.9223323,3.0,-5.0,-70.0
1777890826.9323325,1.0,-3.0,-75.0
1777890826.9423325,-3.0,-1.0,-74.0
1777890826.9523325,-6.0,0.0,-68.0
1777890826.9623325,-4.0,4.0,-65.0
1777890826.9723325,0.0,1.0,-68.0
1777890826.9823325,0.0,0.0,-64.0
1777890826.9923325,0.0,1.0,-60.0
1777890827.0023324,0.0,3.0,-60.0
1777890827.0123324,0.0,2.0,-69.0
1777890827.0223324,0.0,5.0,-74.0
1777890827.0323324,0.0,3.0,-69.0
1777890827.0423324,-1.0,3.0,-61.0
1777890827.0523324,-1.0,3.0,-67.0
1777890827.0623324,1.0,3.0,-71.0
1777890827.0723324,3.0,5.0,-71.0
1777890827.0823324,3.0,5.0,-75.0
1777890827.0923324,0.0,3.0,-75.0
1777890827.1023324,0.0,0.0,-74.0
1777890827.1123323,3.0,0.0,-78.0
1777890827.1223323,5.0,-4.0,-78.0
1777890827.1323323,7.0,-4.0,-77.0
1777890827.1423323,10.0,-7.0,-74.0
1777890827.1523323,6.0,-7.0,-73.0
1777890827.1623323,9.0,-8.0,-74.0
1777890827.1723323,8.0,-5.0,-70.0
1777890827.1823325,11.0,-3.0,-80.0
1777890827.1923325,10.0,-4.0,-85.0
1777890827.2023325,13.0,-1.0,-84.0
1777890827.2123325,10.0,-1.0,-83.0
1777890827.2223325,10.0,1.0,-85.0
1777890827.2323325,2.0,0.0,-80.0
1777890827.2423325,3.0,-2.0,-79.0
1777890827.2523324,6.0,-3.0,-81.0
1777890827.2623324,3.0,-2.0,-82.0
1777890827.2723324,8.0,0.0,-81.0
1777890827.2823324,8.0,1.0,-78.0
1777890827.2923324,6.0,2.0,-76.0
1777890827.3023324,7.0,2.0,-76.0
1777890827.3123324,10.0,2.0,-78.0
1777890827.3223324,11.0,-3.0,-77.0
1777890827.3323324,9.0,-8.0,-67.0
1777890827.3423324,8.0,-6.0,-66.0
1777890827.3523324,2.0,-9.0,-71.0
1777890827.3623323,-4.0,-10.0,-69.0
1777890827.3723323,-5.0,-8.0,-68.0
1777890827.3823323,-3.0,-6.0,-66.0
1777890827.3923323,-4.0,-3.0,-62.0
1777890827.4023323,-3.0,-5.0,-59.0
1777890827.4123323,-9.0,-4.0,-61.0
1777890827.4223323,-13.0,-2.0,-66.0
1777890827.4323325,-10.0,0.0,-76.0
1777890827.4423325,-8.0,0.0,-71.0
1777890827.4523325,-4.0,2.0,-70.0
1777890827.4623325,-2.0,0.0,-71.0
1777890827.4723325,-3.0,2.0,-80.0
1777890827.4823325,2.0,5.0,-80.0
1777890827.4923325,6.0,5.0,-82.0
1777890827.5023324,9.0,3.0,-83.0
1777890827.5123324,3.0,2.0,-73.0
1777890827.5223324,5.0,0.0,-72.0
1777890827.5323324,5.0,1.0,-76.0
1777890827.5423324,4.0,0.0,-70.0
1777890827.5523324,0.0,-3.0,-79.0
1777890827.5623324,-4.0,-6.0,-83.0
1777890827.5723324,-4.0,-2.0,-83.0
1777890827.5823324,-4.0,-4.0,-83.0
1777890827.5923324,0.0,-4.0,-83.0
1777890827.6023324,1.0,-3.0,-79.0
1777890827.6123323,0.0,-2.0,-80.0
1777890827.6223323,-2.0,0.0,-80.0
1777890827.6323323,-4.0,0.0,-78.0
1777890827.6423323,-3.0,-1.0,-77.0
1777890827.6523323,-5.0,0.0,-69.0
1777890827.6623323,-4.0,0.0,-70.0
1777890827.6723323,2.0,0.0,-71.0
1777890827.6823325,0.0,0.0,-70.0
1777890827.6923325,-2.0,-3.0,-73.0
1777890827.7023325,-3.0,-4.0,-80.0
1777890827.7123325,-1.0,-6.0,-83.0
1777890827.7223325,1.0,-2.0,-79.0
1777890827.7323325,1.0,-3.0,-74.0
1777890827.7423325,-1.0,-1.0,-72.0
1777890827.7523324,-3.0,-4.0,-72.0
1777890827.7623324,-3.0,-3.0,-77.0
1777890827.7723324,-1.0,-4.0,-77.0
1777890827.7823324,0.0,-2.0,-78.0
1777890827.7933323,0.0,-5.0,-78.0
1777890827.8023324,0.0,-4.0,-78.0
1777890827.8123324,1.0,-9.0,-81.0
1777890827.8233323,1.0,-4.0,-78.0
1777890827.8333323,1.0,-2.0,-85.0
1777890827.8433323,6.0,-2.0,-77.0
1777890827.8533323,3.0,-1.0,-72.0
1777890827.8633325,2.0,-1.0,-72.0
1777890827.8733325,1.0,-4.0,-69.0
1777890827.8833325,4.0,-2.0,-70.0
1777890827.8933325,1.0,-5.0,-68.0
1777890827.9033325,-1.0,-9.0,-70.0
1777890827.9133325,-4.0,-10.0,-70.0
1777890827.9233325,-2.0,-10.0,-75.0
1777890827.9333324,-2.0,-13.0,-74.0
1777890827.9433324,-4.0,-9.0,-71.0
1777890827.9533324,-3.0,-8.0,-69.0
1777890827.9633324,1.0,-9.0,-65.0
1777890827.9733324,2.0,-4.0,-70.0
1777890827.9833324,5.0,-3.0,-67.0
1777890827.9933324,2.0,-4.0,-67.0
1777890828.0033324,3.0,-4.0,-72.0
1777890828.0133324,-1.0,-7.0,-75.0
1777890828.0233324,-4.0,-5.0,-73.0
1777890828.0333323,0.0,-5.0,-74.0
1777890828.0433323,0.0,-1.0,-73.0
1777890828.0533323,1.0,1.0,-72.0
1777890828.0633323,2.0,3.0,-69.0
1777890828.0733323,1.0,5.0,-66.0
1777890828.0833323,3.0,2.0,-69.0
1777890828.0933323,0.0,1.0,-69.0
1777890828.1033323,-4.0,2.0,-67.0
1777890828.1133325,-3.0,1.0,-64.0
1777890828.1233325,0.0,3.0,-61.0
1777890828.1333325,0.0,3.0,-57.0
1777890828.1433325,0.0,1.0,-61.0
1777890828.1533325,-2.0,1.0,-61.0
1777890828.1633325,-5.0,0.0,-65.0
1777890828.1733325,-6.0,-3.0,-73.0
1777890828.1833324,-3.0,-4.0,-68.0
1777890828.1933324,-3.0,-1.0,-67.0
1777890828.2033324,3.0,0.0,-75.0
1777890828.2133324,3.0,1.0,-76.0
1777890828.2233324,4.0,-2.0,-74.0
1777890828.2333324,3.0,-3.0,-73.0
1777890828.2433324,1.0,0.0,-78.0
1777890828.2533324,-1.0,0.0,-76.0
1777890828.2633324,-1.0,-3.0,-69.0
1777890828.2733324,-3.0,-2.0,-68.0
1777890828.2833323,1.0,-6.0,-69.0
1777890828.2933323,2.0,-3.0,-62.0
1777890828.3033323,7.0,-2.0,-64.0
1777890828.3133323,7.0,0.0,-67.0
1777890828.3233323,5.0,0.0,-73.0
1777890828.3333323,3.0,-1.0,-72.0
1777890828.3433323,0.0,-1.0,-66.0
1777890828.3533323,2.0,-2.0,-64.0
1777890828.3633325,0.0,-3.0,-62.0
1777890828.3733325,0.0,0.0,-60.0
1777890828.3833325,3.0,0.0,-59.0
1777890828.3933325,3.0,0.0,-67.0
1777890828.4033325,3.0,0.0,-72.0
1777890828.4133325,6.0,-5.0,-69.0
1777890828.4233325,4.0,-10.0,-72.0
1777890828.4333324,1.0,-6.0,-69.0
1777890828.4433324,0.0,-4.0,-69.0
1777890828.4533324,0.0,-4.0,-71.0
1777890828.4633324,3.0,-5.0,-75.0
1777890828.4733324,1.0,-7.0,-72.0
1777890828.4833324,0.0,-6.0,-68.0
1777890828.4933324,2.0,0.0,-73.0
1777890828.5033324,2.0,0.0,-76.0
1777890828.5133324,2.0,1.0,-71.0
1777890828.5233324,1.0,2.0,-77.0
1777890828.5333323,-3.0,1.0,-78.0
1777890828.5433323,0.0,5.0,-79.0
1777890828.5533323,-1.0,5.0,-84.0
1777890828.5633323,-2.0,1.0,-81.0
1777890828.5733323,-1.0,-1.0,-72.0
1777890828.5833323,1.0,0.0,-72.0
1777890828.5933323,0.0,0.0,-68.0
1777890828.6033323,0.0,0.0,-74.0
1777890828.6133325,-5.0,1.0,-76.0
1777890828.6233325,-8.0,1.0,-73.0
1777890828.6333325,-12.0,0.0,-77.0
1777890828.6433325,-9.0,1.0,-76.0
1777890828.6533325,-9.0,0.0,-81.0
1777890828.6633325,-10.0,0.0,-80.0
1777890828.6733325,-6.0,-2.0,-73.0
1777890828.6833324,-6.0,0.0,-68.0
1777890828.6933324,-9.0,2.0,-69.0
1777890828.7033324,-3.0,6.0,-76.0
1777890828.7133324,-3.0,4.0,-73.0
1777890828.7233324,-1.0,1.0,-68.0
1777890828.7333324,-1.0,0.0,-68.0
1777890828.7433324,1.0,2.0,-63.0
1777890828.7533324,-1.0,4.0,-57.0
1777890828.7633324,-1.0,1.0,-59.0
1777890828.7733324,-2.0,-2.0,-65.0
1777890828.7833323,-2.0,-2.0,-66.0
1777890828.7933323,-2.0,-1.0,-71.0
1777890828.8033323,-1.0,0.0,-73.0
1777890828.8133323,-3.0,0.0,-75.0
1777890828.8233323,-6.0,1.0,-74.0
1777890828.8333323,-6.0,7.0,-68.0
1777890828.8433323,0.0,2.0,-68.0
1777890828.8533323,3.0,1.0,-70.0
1777890828.8633325,5.0,4.0,-72.0
1777890828.8733325,3.0,0.0,-72.0
1777890828.8833325,7.0,0.0,-66.0
1777890828.8933325,8.0,1.0,-63.0
1777890828.9033325,6.0,1.0,-67.0
1777890828.9133325,5.0,3.0,-64.0
1777890828.9233325,6.0,2.0,-67.0
1777890828.9333324,6.0,2.0,-67.0
1777890828.9433324,9.0,4.0,-70.0
1777890828.9533324,7.0,6.0,-67.0
1777890828.9633324,4.0,7.0,-67.0
1777890828.9733324,3.0,7.0,-66.0
1777890828.9833324,1.0,7.0,-68.0
1777890828.9933324,-3.0,6.0,-75.0
1777890829.0033324,-1.0,4.0,-75.0
1777890829.0133324,1.0,2.0,-73.0
1777890829.0233324,4.0,1.0,-72.0
1777890829.0333323,3.0,2.0,-74.0
1777890829.0433323,7.0,5.0,-75.0
1777890829.0533323,9.0,2.0,-79.0
1777890829.0633323,6.0,4.0,-80.0
1777890829.0733323,3.0,4.0,-82.0
1777890829.0833323,2.0,3.0,-85.0
1777890829.0933323,2.0,1.0,-87.0
1777890829.1033323,5.0,2.0,-79.0
1777890829.1133325,6.0,3.0,-81.0
1777890829.1233325,5.0,4.0,-82.0
1777890829.1333325,7.0,2.0,-85.0
1777890829.1433325,8.0,-1.0,-85.0
1777890829.1533325,1.0,-3.0,-75.0
1777890829.1633325,4.0,-3.0,-64.0
1777890829.1733325,2.0,-4.0,-60.0
1777890829.1833324,2.0,0.0,-61.0
1777890829.1933324,-2.0,1.0,-64.0
1777890829.2033324,-6.0,1.0,-72.0
1777890829.2133324,0.0,2.0,-73.0
1777890829.2233324,4.0,3.0,-65.0
1777890829.2333324,3.0,2.0,-65.0
1777890829.2433324,4.0,0.0,-68.0
1777890829.2533324,5.0,6.0,-64.0
1777890829.2633324,2.0,5.0,-68.0
1777890829.2733324,2.0,-1.0,-68.0
1777890829.2833323,1.0,-1.0,-69.0
1777890829.2933323,0.0,0.0,-67.0
1777890829.3033323,-3.0,2.0,-62.0
1777890829.3133323,2.0,2.0,-59.0
1777890829.3233323,0.0,1.0,-67.0
1777890829.3333323,0.0,4.0,-68.0
1777890829.3433323,0.0,2.0,-77.0
1777890829.3533323,3.0,3.0,-80.0
1777890829.3633325,0.0,2.0,-75.0
1777890829.3733325,-7.0,0.0,-68.0
1777890829.3833325,0.0,3.0,-74.0
1777890829.3933325,3.0,8.0,-70.0
1777890829.4033325,0.0,12.0,-69.0
1777890829.4133325,0.0,8.0,-70.0
1777890829.4233325,0.0,6.0,-76.0
1777890829.4333324,0.0,2.0,-77.0
1777890829.4433324,2.0,-1.0,-75.0
1777890829.4533324,4.0,-1.0,-78.0
1777890829.4633324,5.0,-3.0,-75.0
1777890829.4733324,4.0,-3.0,-66.0
1777890829.4833324,1.0,0.0,-67.0
1777890829.4933324,5.0,-3.0,-64.0
1777890829.5033324,8.0,-2.0,-63.0
1777890829.5133324,9.0,2.0,-65.0
1777890829.5233324,9.0,1.0,-65.0
1777890829.5333323,4.0,-2.0,-61.0
1777890829.5433323,5.0,-1.0,-60.0
1777890829.5533323,2.0,1.0,-67.0
1777890829.5633323,-2.0,0.0,-70.0
1777890829.5733323,-2.0,-7.0,-72.0
1777890829.5833323,-4.0,-11.0,-71.0
1777890829.5933323,-1.0,-12.0,-68.0
1777890829.6033323,-1.0,-11.0,-65.0
1777890829.6133325,-1.0,-8.0,-67.0
1777890829.6233325,-1.0,-5.0,-68.0
1777890829.6333325,2.0,-2.0,-72.0
1777890829.6433325,1.0,0.0,-73.0
1777890829.6533325,1.0,-5.0,-70.0
1777890829.6633325,3.0,-5.0,-69.0
1777890829.6733325,1.0,-1.0,-64.0
1777890829.6833324,2.0,0.0,-72.0
1777890829.6933324,1.0,-1.0,-72.0
1777890829.7033324,-2.0,0.0,-72.0
1777890829.7133324,-3.0,0.0,-64.0
1777890829.7233324,-1.0,0.0,-66.0
1777890829.7333324,-2.0,-2.0,-68.0
1777890829.7433324,-1.0,2.0,-62.0
1777890829.7533324,-2.0,2.0,-62.0
1777890829.7633324,0.0,-1.0,-59.0
1777890829.7733324,-2.0,-6.0,-70.0
1777890829.7833323,2.0,-6.0,-70.0
1777890829.7933323,6.0,-4.0,-77.0
1777890829.8033323,6.0,-3.0,-75.0
1777890829.8143325,4.0,0.0,-68.0
1777890829.8243325,-1.0,-1.0,-65.0
1777890829.8333323,-1.0,0.0,-63.0
1777890829.8433323,-3.0,-2.0,-62.0
1777890829.8543324,-2.0,-1.0,-64.0
1777890829.8643324,-4.0,-1.0,-70.0
1777890829.8743324,-3.0,-1.0,-68.0
1777890829.8843324,-3.0,0.0,-68.0
1777890829.8943324,-3.0,1.0,-64.0
1777890829.9043324,-2.0,-1.0,-64.0
1777890829.9143324,-2.0,-2.0,-66.0
1777890829.9243324,-2.0,-3.0,-69.0
1777890829.9343324,-1.0,-3.0,-71.0
1777890829.9443324,1.0,-4.0,-63.0
1777890829.9543324,-3.0,0.0,-65.0
1777890829.9643323,-1.0,-2.0,-67.0
1777890829.9743323,-2.0,-7.0,-65.0
1777890829.9843323,0.0,-5.0,-66.0
1777890829.9943323,6.0,-7.0,-76.0
1777890830.0043323,4.0,-8.0,-75.0
1777890830.0143323,2.0,-3.0,-73.0
1777890830.0243323,0.0,-1.0,-70.0
1777890830.0343325,5.0,-2.0,-74.0
1777890830.0443325,1.0,-3.0,-79.0
1777890830.0543325,3.0,-2.0,-75.0
1777890830.0643325,0.0,-3.0,-64.0
1777890830.0743325,0.0,-7.0,-63.0
1777890830.0843325,0.0,-8.0,-63.0
1777890830.0943325,4.0,-8.0,-66.0
1777890830.1043324,2.0,-9.0,-67.0
1777890830.1143324,2.0,-7.0,-69.0
1777890830.1243324,-2.0,-8.0,-72.0
1777890830.1343324,-6.0,-5.0,-77.0
1777890830.1443324,0.0,-1.0,-74.0
1777890830.1543324,0.0,-4.0,-70.0
1777890830.1643324,0.0,-5.0,-65.0
1777890830.1743324,0.0,-7.0,-61.0
1777890830.1843324,1.0,-8.0,-67.0
1777890830.1943324,2.0,-8.0,-60.0
1777890830.2043324,1.0,-7.0,-61.0
1777890830.2143323,0.0,-4.0,-64.0
1777890830.2243323,1.0,0.0,-68.0
1777890830.2343323,0.0,1.0,-70.0
1777890830.2443323,1.0,0.0,-66.0
1777890830.2543323,3.0,0.0,-67.0
1777890830.2643323,6.0,3.0,-70.0
1777890830.2743323,6.0,1.0,-71.0
1777890830.2843325,7.0,0.0,-78.0
1777890830.2943325,3.0,0.0,-82.0
1777890830.3043325,3.0,-4.0,-78.0
1777890830.3143325,5.0,-4.0,-71.0
1777890830.3243325,3.0,-3.0,-68.0
1777890830.3343325,2.0,0.0,-69.0
1777890830.3443325,3.0,-1.0,-74.0
1777890830.3543324,2.0,-1.0,-69.0
1777890830.3643324,2.0,0.0,-68.0
1777890830.3743324,7.0,4.0,-69.0
1777890830.3843324,8.0,4.0,-68.0
1777890830.3943324,6.0,0.0,-66.0
1777890830.4043324,3.0,-4.0,-64.0
1777890830.4143324,0.0,-2.0,-64.0
1777890830.4243324,-5.0,0.0,-66.0
1777890830.4343324,-6.0,2.0,-78.0
1777890830.4443324,0.0,-1.0,-79.0
1777890830.4543324,-1.0,0.0,-81.0
1777890830.4643323,0.0,1.0,-80.0
1777890830.4743323,0.0,1.0,-80.0
1777890830.4843323,-1.0,0.0,-74.0
1777890830.4943323,-2.0,-3.0,-68.0
1777890830.5043323,3.0,-5.0,-69.0
1777890830.5143323,-1.0,-1.0,-71.0
1777890830.5243323,1.0,2.0,-72.0
1777890830.5343325,0.0,5.0,-75.0
1777890830.5443325,5.0,8.0,-74.0
1777890830.5543325,9.0,11.0,-76.0
1777890830.5643325,8.0,12.0,-86.0
1777890830.5743325,10.0,7.0,-80.0
1777890830.5843325,5.0,3.0,-74.0
1777890830.5943325,0.0,1.0,-71.0
1777890830.6043324,-1.0,1.0,-71.0
1777890830.6143324,0.0,4.0,-68.0
1777890830.6243324,-2.0,5.0,-70.0
1777890830.6343324,-4.0,1.0,-70.0
1777890830.6443324,-3.0,0.0,-67.0
1777890830.6543324,-1.0,-3.0,-70.0
1777890830.6643324,4.0,-3.0,-76.0
1777890830.6743324,4.0,-5.0,-75.0
1777890830.6843324,3.0,-8.0,-75.0
1777890830.6943324,1.0,-11.0,-68.0
1777890830.7043324,-1.0,-6.0,-71.0
1777890830.7143323,0.0,-4.0,-72.0
1777890830.7243323,2.0,-6.0,-73.0
1777890830.7343323,-2.0,-3.0,-75.0
1777890830.7443323,-2.0,-2.0,-74.0
1777890830.7543323,-2.0,0.0,-78.0
1777890830.7643323,0.0,1.0,-80.0
1777890830.7743323,4.0,2.0,-77.0
1777890830.7843325,7.0,-1.0,-80.0
1777890830.7943325,9.0,0.0,-76.0
1777890830.8043325,6.0,1.0,-73.0
1777890830.8143325,8.0,2.0,-74.0
1777890830.8243325,6.0,5.0,-78.0
1777890830.8343325,4.0,7.0,-77.0
1777890830.8443325,0.0,8.0,-76.0
1777890830.8543324,0.0,9.0,-81.0
1777890830.8643324,-3.0,6.0,-84.0
1777890830.8743324,0.0,7.0,-83.0
1777890830.8843324,-1.0,0.0,-81.0
1777890830.8943324,2.0,-2.0,-77.0
1777890830.9043324,-3.0,-5.0,-75.0
1777890830.9143324,-6.0,-2.0,-73.0
1777890830.9243324,-5.0,-1.0,-78.0
1777890830.9343324,-4.0,0.0,-76.0
1777890830.9443324,-1.0,2.0,-78.0
1777890830.9543324,-2.0,0.0,-76.0
1777890830.9643323,-5.0,2.0,-64.0
1777890830.9743323,0.0,2.0,-58.0
1777890830.9843323,0.0,0.0,-60.0
1777890830.9943323,12.0,-4.0,-61.0
1777890831.0043323,14.0,-10.0,-64.0
1777890831.0143323,8.0,-10.0,-68.0
1777890831.0243323,5.0,-6.0,-72.0
1777890831.0343325,2.0,-1.0,-67.0
1777890831.0443325,5.0,0.0,-67.0
1777890831.0543325,6.0,-3.0,-66.0
1777890831.0643325,3.0,-1.0,-73.0
1777890831.0743325,0.0,-2.0,-71.0
1777890831.0843325,-2.0,-4.0,-59.0
1777890831.0943325,-2.0,-3.0,-49.0
1777890831.1043324,2.0,-5.0,-55.0
1777890831.1143324,3.0,-5.0,-66.0
1777890831.1243324,4.0,-5.0,-76.0
1777890831.1343324,11.0,-2.0,-82.0
1777890831.1443324,10.0,-1.0,-79.0
1777890831.1543324,6.0,0.0,-74.0
1777890831.1643324,1.0,-4.0,-78.0
1777890831.1743324,1.0,-2.0,-74.0
1777890831.1843324,1.0,0.0,-67.0
1777890831.1943324,5.0,-1.0,-67.0
1777890831.2043324,-2.0,0.0,-71.0
1777890831.2143323,-4.0,0.0,-66.0
1777890831.2243323,-2.0,0.0,-66.0
1777890831.2343323,-2.0,0.0,-70.0
1777890831.2443323,0.0,0.0,-74.0
1777890831.2543323,1.0,0.0,-77.0
1777890831.2643323,-2.0,0.0,-76.0
1777890831.2743323,1.0,-2.0,-74.0
1777890831.2843325,0.0,-3.0,-75.0
1777890831.2943325,1.0,-9.0,-75.0
1777890831.3043325,0.0,-11.0,-73.0
1777890831.3143325,0.0,-8.0,-73.0
1777890831.3243325,4.0,-5.0,-69.0
1777890831.3343325,7.0,-3.0,-69.0
1777890831.3443325,6.0,-4.0,-77.0
1777890831.3543324,7.0,0.0,-79.0
1777890831.3643324,5.0,2.0,-79.0
1777890831.3743324,2.0,0.0,-71.0
1777890831.3843324,2.0,0.0,-73.0
1777890831.3943324,3.0,6.0,-71.0
1777890831.4043324,1.0,8.0,-71.0
1777890831.4143324,3.0,4.0,-74.0
1777890831.4243324,0.0,5.0,-74.0
1777890831.4343324,-1.0,6.0,-71.0
1777890831.4443324,0.0,2.0,-72.0
1777890831.4543324,-5.0,-1.0,-72.0
1777890831.4643323,-5.0,-1.0,-69.0
1777890831.4743323,-6.0,0.0,-70.0
1777890831.4843323,-7.0,-1.0,-70.0
1777890831.4943323,-8.0,0.0,-75.0
1777890831.5043323,-8.0,1.0,-76.0
1777890831.5143323,-5.0,1.0,-78.0
1777890831.5243323,-2.0,2.0,-82.0
1777890831.5343325,-6.0,0.0,-79.0
1777890831.5443325,-8.0,1.0,-75.0
1777890831.5543325,-13.0,-2.0,-70.0
1777890831.5643325,-10.0,0.0,-67.0
1777890831.5743325,-11.0,-4.0,-68.0
1777890831.5843325,-11.0,-10.0,-67.0
1777890831.5943325,-6.0,-4.0,-67.0
1777890831.6043324,-5.0,0.0,-70.0
1777890831.6143324,-4.0,-2.0,-76.0
1777890831.6243324,-6.0,-2.0,-83.0
1777890831.6343324,-7.0,-5.0,-90.0
1777890831.6443324,-8.0,-3.0,-89.0
1777890831.6543324,-7.0,-2.0,-84.0
1777890831.6643324,-3.0,-3.0,-82.0
1777890831.6743324,2.0,0.0,-75.0
1777890831.6843324,4.0,4.0,-67.0
1777890831.6943324,9.0,7.0,-63.0
1777890831.7043324,10.0,7.0,-70.0
1777890831.7143323,13.0,4.0,-70.0
1777890831.7243323,17.0,5.0,-73.0
1777890831.7343323,13.0,4.0,-79.0
1777890831.7443323,4.0,3.0,-75.0
1777890831.7543323,-7.0,4.0,-77.0
1777890831.7643323,-9.0,3.0,-72.0
1777890831.7743323,-4.0,4.0,-68.0
1777890831.7843325,0.0,8.0,-64.0
1777890831.7953324,-2.0,11.0,-65.0
1777890831.8043325,0.0,11.0,-63.0
1777890831.8143325,-1.0,6.0,-64.0
1777890831.8253324,-1.0,3.0,-68.0
1777890831.8343325,-2.0,2.0,-69.0
1777890831.8453324,-5.0,3.0,-73.0
1777890831.8553324,-1.0,2.0,-65.0
1777890831.8653324,0.0,2.0,-66.0
1777890831.8753324,3.0,1.0,-65.0
1777890831.8853323,4.0,2.0,-61.0
1777890831.8953323,2.0,1.0,-64.0
1777890831.9053323,3.0,2.0,-62.0
1777890831.9153323,9.0,0.0,-71.0
1777890831.9253323,12.0,2.0,-68.0
1777890831.9353323,10.0,-1.0,-63.0
1777890831.9453323,6.0,-1.0,-72.0
1777890831.9553325,4.0,1.0,-75.0
1777890831.9653325,7.0,0.0,-77.0
1777890831.9753325,5.0,1.0,-70.0
1777890831.9853325,3.0,1.0,-76.0
1777890831.9953325,5.0,-4.0,-81.0
1777890832.0053325,6.0,-3.0,-75.0
1777890832.0153325,0.0,-7.0,-70.0
1777890832.0253325,-2.0,-9.0,-69.0
1777890832.0353324,-3.0,-7.0,-72.0
1777890832.0453324,-1.0,0.0,-72.0
1777890832.0553324,1.0,4.0,-74.0
1777890832.0653324,2.0,3.0,-71.0
1777890832.0753324,0.0,0.0,-75.0
1777890832.0853324,0.0,1.0,-74.0
1777890832.0953324,-4.0,0.0,-70.0
1777890832.1053324,-5.0,0.0,-65.0
1777890832.1153324,-4.0,1.0,-66.0
1777890832.1253324,1.0,0.0,-70.0
1777890832.1353323,1.0,-2.0,-69.0
1777890832.1453323,-1.0,-2.0,-70.0
1777890832.1553323,-2.0,-1.0,-67.0
1777890832.1653323,-1.0,1.0,-73.0
1777890832.1753323,-1.0,0.0,-68.0
1777890832.1853323,-1.0,2.0,-68.0
1777890832.1953323,-5.0,0.0,-73.0
1777890832.2053325,-6.0,-2.0,-81.0
1777890832.2153325,-2.0,-1.0,-75.0
1777890832.2253325,-2.0,-1.0,-71.0
1777890832.2353325,0.0,3.0,-69.0
1777890832.2453325,-3.0,2.0,-70.0
1777890832.2553325,-5.0,1.0,-67.0
1777890832.2653325,-2.0,-3.0,-71.0
1777890832.2753325,-3.0,-3.0,-80.0
1777890832.2853324,0.0,-3.0,-82.0
1777890832.2953324,2.0,0.0,-79.0
1777890832.3053324,0.0,-3.0,-74.0
1777890832.3153324,-2.0,-3.0,-70.0
1777890832.3253324,-3.0,-1.0,-69.0
1777890832.3353324,-1.0,-2.0,-64.0
1777890832.3453324,-2.0,-4.0,-63.0
1777890832.3553324,-6.0,-2.0,-64.0
1777890832.3653324,-3.0,-1.0,-66.0
1777890832.3753324,-3.0,1.0,-76.0
1777890832.3853323,-1.0,0.0,-67.0
1777890832.3953323,0.0,0.0,-64.0
1777890832.4053323,-5.0,0.0,-61.0
1777890832.4153323,-3.0,-6.0,-67.0
1777890832.4253323,2.0,-6.0,-67.0
1777890832.4363325,-4.0,0.0,-74.0
1777890832.4453323,-3.0,0.0,-73.0
1777890832.4553325,-3.0,0.0,-75.0
1777890832.4653325,-6.0,-2.0,-74.0
1777890832.4753325,-7.0,-3.0,-83.0
1777890832.4853325,-12.0,-4.0,-89.0
1777890832.4953325,-8.0,-4.0,-85.0
1777890832.5053325,0.0,0.0,-78.0
1777890832.5153325,3.0,-3.0,-80.0
1777890832.5253325,3.0,-6.0,-77.0
1777890832.5353324,0.0,-10.0,-78.0
1777890832.5453324,-4.0,-10.0,-78.0
1777890832.5553324,-3.0,-7.0,-74.0
1777890832.5653324,-4.0,-4.0,-76.0
1777890832.5753324,-3.0,-7.0,-75.0
1777890832.5853324,-2.0,-7.0,-72.0
1777890832.5953324,-1.0,-6.0,-75.0
1777890832.6053324,0.0,-5.0,-76.0
1777890832.6153324,1.0,-2.0,-76.0
1777890832.6253324,2.0,-6.0,-79.0
1777890832.6353323,-1.0,-3.0,-81.0
1777890832.6453323,0.0,-6.0,-80.0
1777890832.6553323,-1.0,-6.0,-77.0
1777890832.6653323,-3.0,-8.0,-76.0
1777890832.6753323,-6.0,-3.0,-73.0
1777890832.6853323,-8.0,-8.0,-78.0
1777890832.6953323,-6.0,-6.0,-80.0
1777890832.7053325,-9.0,-5.0,-73.0
1777890832.7153325,-5.0,-10.0,-65.0
1777890832.7253325,-1.0,-9.0,-64.0
1777890832.7353325,-2.0,-3.0,-61.0
1777890832.7453325,-3.0,-1.0,-70.0
1777890832.7553325,-2.0,-3.0,-75.0
1777890832.7653325,0.0,-2.0,-74.0
1777890832.7753325,-3.0,0.0,-72.0
1777890832.7853324,-5.0,0.0,-75.0
1777890832.7953324,-6.0,3.0,-77.0
1777890832.8053324,-5.0,5.0,-76.0
1777890832.8153324,-6.0,4.0,-70.0
1777890832.8253324,-6.0,0.0,-65.0
1777890832.8353324,-4.0,0.0,-73.0
1777890832.8453324,-2.0,-3.0,-75.0
1777890832.8553324,-1.0,0.0,-74.0
1777890832.8653324,-2.0,4.0,-71.0
1777890832.8753324,-3.0,4.0,-72.0
1777890832.8853323,-5.0,5.0,-72.0
1777890832.8953323,-6.0,0.0,-67.0
1777890832.9053323,-3.0,0.0,-66.0
1777890832.9153323,0.0,-1.0,-64.0
1777890832.9253323,0.0,-2.0,-65.0
1777890832.9353323,0.0,-3.0,-60.0
1777890832.9453323,-1.0,-7.0,-60.0
1777890832.9553325,-2.0,-4.0,-60.0
1777890832.9653325,-3.0,-3.0,-65.0
1777890832.9753325,4.0,-1.0,-69.0
1777890832.9853325,4.0,2.0,-67.0
1777890832.9953325,2.0,1.0,-70.0
1777890833.0053325,3.0,3.0,-70.0
1777890833.0153325,0.0,2.0,-75.0
1777890833.0253325,-6.0,3.0,-75.0
1777890833.0353324,-4.0,4.0,-76.0
1777890833.0453324,-5.0,4.0,-82.0
1777890833.0553324,-2.0,4.0,-74.0
1777890833.0653324,0.0,3.0,-70.0
1777890833.0753324,-3.0,2.0,-64.0
1777890833.0853324,-2.0,0.0,-67.0
1777890833.0953324,0.0,0.0,-65.0
1777890833.1053324,1.0,-1.0,-72.0
1777890833.1153324,3.0,5.0,-72.0
1777890833.1253324,1.0,6.0,-71.0
1777890833.1353323,3.0,4.0,-66.0
1777890833.1453323,-1.0,7.0,-72.0
1777890833.1553323,-1.0,5.0,-71.0
1777890833.1653323,0.0,5.0,-73.0
1777890833.1753323,3.0,8.0,-75.0
1777890833.1853323,9.0,3.0,-73.0
1777890833.1953323,8.0,0.0,-75.0
1777890833.2053325,7.0,5.0,-74.0
1777890833.2153325,3.0,4.0,-79.0
1777890833.2253325,4.0,3.0,-80.0
1777890833.2353325,6.0,0.0,-81.0
1777890833.2453325,6.0,0.0,-85.0
1777890833.2553325,8.0,4.0,-80.0
1777890833.2653325,0.0,1.0,-72.0
1777890833.2753325,0.0,1.0,-73.0
1777890833.2853324,1.0,0.0,-76.0
1777890833.2953324,3.0,0.0,-74.0
1777890833.3053324,6.0,-3.0,-74.0
1777890833.3153324,6.0,-5.0,-71.0
1777890833.3253324,1.0,-5.0,-68.0
1777890833.3353324,0.0,-1.0,-64.0
1777890833.3453324,1.0,0.0,-67.0
1777890833.3553324,2.0,2.0,-68.0
1777890833.3653324,3.0,0.0,-66.0
1777890833.3753324,2.0,-3.0,-68.0
1777890833.3853323,3.0,-1.0,-66.0
1777890833.3953323,0.0,2.0,-65.0
1777890833.4053323,0.0,0.0,-74.0
1777890833.4153323,1.0,3.0,-80.0
1777890833.4253323,0.0,4.0,-78.0
1777890833.4353323,0.0,8.0,-74.0
1777890833.4453323,0.0,7.0,-71.0
1777890833.4553325,-1.0,1.0,-75.0
1777890833.4653325,-1.0,1.0,-77.0
1777890833.4753325,0.0,-1.0,-66.0
1777890833.4853325,0.0,-3.0,-71.0
1777890833.4953325,4.0,-6.0,-75.0
1777890833.5053325,0.0,-5.0,-73.0
1777890833.5153325,4.0,-2.0,-69.0
1777890833.5253325,11.0,-1.0,-70.0
1777890833.5353324,11.0,-5.0,-66.0
1777890833.5453324,11.0,-5.0,-69.0
1777890833.5553324,13.0,-6.0,-71.0
1777890833.5653324,9.0,-3.0,-67.0
1777890833.5753324,8.0,-3.0,-70.0
1777890833.5853324,5.0,-3.0,-67.0
1777890833.5953324,4.0,-5.0,-70.0
1777890833.6053324,4.0,-6.0,-71.0
1777890833.6153324,6.0,-3.0,-68.0
1777890833.6253324,6.0,1.0,-67.0
1777890833.6353323,2.0,-4.0,-71.0
1777890833.6453323,1.0,-3.0,-76.0
1777890833.6553323,0.0,-5.0,-72.0
1777890833.6653323,-2.0,-4.0,-73.0
1777890833.6753323,0.0,-5.0,-68.0
1777890833.6853323,3.0,-6.0,-75.0
1777890833.6953323,5.0,-5.0,-76.0
1777890833.7053325,5.0,-2.0,-83.0
1777890833.7153325,8.0,-5.0,-73.0
1777890833.7253325,8.0,-3.0,-69.0
1777890833.7353325,1.0,-4.0,-74.0
1777890833.7453325,1.0,0.0,-72.0
1777890833.7553325,0.0,1.0,-72.0
1777890833.7663324,0.0,0.0,-71.0
1777890833.7753325,1.0,-1.0,-74.0
1777890833.7853324,-2.0,0.0,-77.0
1777890833.7963324,-6.0,2.0,-83.0
1777890833.8063323,-5.0,0.0,-78.0
1777890833.8163323,-5.0,0.0,-69.0
1777890833.8263323,0.0,0.0,-63.0
1777890833.8363323,6.0,-4.0,-65.0
1777890833.8463323,8.0,0.0,-64.0
1777890833.8563323,4.0,0.0,-66.0
1777890833.8663323,4.0,0.0,-70.0
1777890833.8763323,5.0,0.0,-74.0
1777890833.8863325,6.0,0.0,-72.0
1777890833.8963325,8.0,-1.0,-78.0
1777890833.9063325,6.0,-4.0,-82.0
1777890833.9163325,3.0,-6.0,-78.0
1777890833.9263325,5.0,-9.0,-76.0
1777890833.9363325,1.0,-7.0,-79.0
1777890833.9463325,1.0,-5.0,-84.0
1777890833.9563324,-2.0,-6.0,-77.0
1777890833.9663324,-1.0,-6.0,-82.0
1777890833.9763324,0.0,0.0,-78.0
1777890833.9863324,0.0,3.0,-75.0
1777890833.9963324,-2.0,1.0,-77.0
1777890834.0063324,0.0,0.0,-75.0
1777890834.0163324,-3.0,0.0,-69.0
1777890834.0263324,-6.0,1.0,-75.0
1777890834.0363324,-2.0,3.0,-81.0
1777890834.0463324,-6.0,3.0,-83.0
1777890834.0563323,-7.0,-1.0,-82.0
1777890834.0663323,-4.0,-2.0,-84.0
1777890834.0763323,-5.0,-3.0,-83.0
1777890834.0863323,-2.0,-2.0,-81.0
1777890834.0963323,-3.0,-2.0,-77.0
1777890834.1063323,-3.0,-2.0,-76.0
1777890834.1163323,-1.0,-2.0,-63.0
1777890834.1263323,0.0,-3.0,-65.0
1777890834.1363325,0.0,-5.0,-60.0
1777890834.1463325,-1.0,-2.0,-61.0
1777890834.1563325,0.0,2.0,-65.0
1777890834.1663325,-1.0,0.0,-67.0
1777890834.1763325,1.0,-2.0,-67.0
1777890834.1863325,0.0,-2.0,-67.0
1777890834.1963325,-3.0,-5.0,-65.0
1777890834.2063324,-7.0,-1.0,-63.0
1777890834.2163324,-1.0,-2.0,-62.0
1777890834.2263324,3.0,1.0,-59.0
1777890834.2363324,3.0,1.0,-67.0
1777890834.2463324,4.0,-1.0,-78.0
1777890834.2563324,2.0,0.0,-79.0
1777890834.2663324,1.0,2.0,-72.0
1777890834.2763324,-8.0,2.0,-66.0
1777890834.2863324,-2.0,0.0,-68.0
1777890834.2963324,1.0,1.0,-65.0
1777890834.3063323,2.0,3.0,-67.0
1777890834.3163323,1.0,0.0,-66.0
1777890834.3263323,2.0,-3.0,-63.0
1777890834.3363323,-1.0,-3.0,-64.0
1777890834.3463323,-3.0,-2.0,-62.0
1777890834.3563323,-3.0,-6.0,-69.0
1777890834.3663323,-5.0,-7.0,-68.0
1777890834.3763323,-7.0,-5.0,-69.0
1777890834.3863325,-7.0,-1.0,-73.0
1777890834.3963325,-4.0,0.0,-79.0
1777890834.4063325,-2.0,1.0,-80.0
1777890834.4163325,-1.0,0.0,-77.0
1777890834.4263325,0.0,3.0,-74.0
1777890834.4363325,2.0,1.0,-75.0
1777890834.4463325,4.0,0.0,-75.0
1777890834.4563324,3.0,1.0,-75.0
1777890834.4663324,7.0,0.0,-72.0
1777890834.4763324,3.0,0.0,-74.0
1777890834.4863324,0.0,0.0,-75.0
1777890834.4963324,1.0,1.0,-74.0
1777890834.5063324,2.0,-3.0,-69.0
1777890834.5163324,1.0,-5.0,-72.0
1777890834.5263324,1.0,-7.0,-76.0
1777890834.5363324,0.0,-8.0,-81.0
1777890834.5463324,1.0,-8.0,-84.0
1777890834.5563323,3.0,-6.0,-90.0
1777890834.5663323,3.0,-3.0,-86.0
1777890834.5763323,3.0,-1.0,-84.0
1777890834.5863323,1.0,0.0,-73.0
1777890834.5963323,-1.0,4.0,-72.0
1777890834.6063323,0.0,5.0,-78.0
1777890834.6163323,0.0,5.0,-77.0
1777890834.6263323,1.0,6.0,-73.0
1777890834.6363325,1.0,2.0,-70.0
1777890834.6463325,0.0,2.0,-72.0
1777890834.6563325,-1.0,3.0,-76.0
1777890834.6663325,2.0,1.0,-72.0
1777890834.6763325,1.0,1.0,-72.0
1777890834.6863325,0.0,2.0,-80.0
1777890834.6963325,0.0,5.0,-76.0
1777890834.7063324,1.0,5.0,-75.0
1777890834.7163324,0.0,4.0,-76.0
1777890834.7263324,0.0,6.0,-75.0
1777890834.7363324,3.0,3.0,-73.0
1777890834.7463324,8.0,1.0,-66.0
1777890834.7563324,7.0,0.0,-70.0
1777890834.7663324,5.0,0.0,-73.0
1777890834.7763324,6.0,1.0,-76.0
1777890834.7863324,5.0,3.0,-72.0
1777890834.7963324,8.0,3.0,-73.0
1777890834.8063323,9.0,3.0,-73.0
1777890834.8163323,10.0,2.0,-69.0
1777890834.8263323,10.0,3.0,-73.0
1777890834.8363323,5.0,0.0,-78.0
1777890834.8463323,1.0,2.0,-78.0
1777890834.8563323,2.0,0.0,-81.0
1777890834.8663323,0.0,-3.0,-81.0
1777890834.8763323,0.0,-6.0,-75.0
1777890834.8863325,-2.0,-5.0,-73.0
1777890834.8963325,-4.0,-4.0,-77.0
1777890834.9063325,-5.0,-4.0,-77.0
1777890834.9163325,-3.0,-5.0,-81.0
1777890834.9263325,-4.0,-6.0,-71.0
1777890834.9363325,-3.0,0.0,-72.0
1777890834.9463325,-6.0,1.0,-77.0
1777890834.9563324,-8.0,-2.0,-73.0
1777890834.9663324,-1.0,-4.0,-70.0
1777890834.9763324,1.0,-5.0,-69.0
1777890834.9863324,2.0,-1.0,-71.0
1777890834.9963324,3.0,-2.0,-78.0
1777890835.0063324,1.0,0.0,-82.0
1777890835.0163324,2.0,-1.0,-86.0
1777890835.0263324,2.0,2.0,-80.0
1777890835.0363324,1.0,7.0,-76.0
1777890835.0463324,6.0,4.0,-70.0
1777890835.0563323,4.0,0.0,-75.0
1777890835.0663323,4.0,0.0,-71.0
1777890835.0763323,5.0,1.0,-67.0
1777890835.0863323,6.0,-5.0,-62.0
1777890835.0963323,7.0,1.0,-60.0
1777890835.1063323,9.0,2.0,-63.0
1777890835.1163323,8.0,2.0,-62.0
1777890835.1263323,4.0,6.0,-51.0
1777890835.1363325,3.0,7.0,-48.0
1777890835.1463325,7.0,6.0,-57.0
1777890835.1563325,9.0,2.0,-61.0
1777890835.1663325,7.0,0.0,-62.0
1777890835.1763325,3.0,-4.0,-66.0
1777890835.1863325,3.0,-2.0,-69.0
1777890835.1963325,2.0,1.0,-72.0
1777890835.2063324,6.0,-3.0,-72.0
1777890835.2163324,2.0,-4.0,-69.0
1777890835.2263324,0.0,-2.0,-70.0
1777890835.2363324,-3.0,-3.0,-72.0
1777890835.2463324,0.0,-2.0,-66.0
1777890835.2563324,-1.0,-1.0,-64.0
1777890835.2663324,1.0,0.0,-59.0
1777890835.2763324,-1.0,-2.0,-64.0
1777890835.2863324,-6.0,0.0,-70.0
1777890835.2963324,-2.0,4.0,-76.0
1777890835.3063323,3.0,5.0,-73.0
1777890835.3163323,-2.0,0.0,-69.0
1777890835.3263323,-3.0,2.0,-70.0
1777890835.3363323,-4.0,5.0,-70.0
1777890835.3463323,-1.0,1.0,-69.0
1777890835.3563323,-1.0,0.0,-69.0
1777890835.3663323,-1.0,0.0,-68.0
1777890835.3763323,-2.0,3.0,-75.0
1777890835.3863325,0.0,1.0,-80.0
1777890835.3963325,-3.0,5.0,-84.0
1777890835.4063325,-2.0,5.0,-83.0
1777890835.4163325,-3.0,3.0,-71.0
1777890835.4263325,-1.0,2.0,-70.0
1777890835.4363325,3.0,0.0,-74.0
1777890835.4463325,3.0,-1.0,-76.0
1777890835.4563324,1.0,-2.0,-77.0
1777890835.4663324,-1.0,0.0,-79.0
1777890835.4763324,-4.0,0.0,-78.0
1777890835.4863324,2.0,1.0,-83.0
1777890835.4963324,5.0,1.0,-81.0
1777890835.5063324,1.0,1.0,-79.0
1777890835.5163324,-1.0,4.0,-82.0
1777890835.5263324,-2.0,3.0,-82.0
1777890835.5363324,-5.0,0.0,-78.0
1777890835.5463324,-2.0,-2.0,-82.0
1777890835.5563323,3.0,-2.0,-81.0
1777890835.5663323,4.0,1.0,-77.0
1777890835.5763323,2.0,1.0,-80.0
1777890835.5863323,1.0,1.0,-80.0
1777890835.5963323,2.0,3.0,-77.0
1777890835.6063323,3.0,5.0,-77.0
1777890835.6163323,1.0,5.0,-76.0
1777890835.6263323,3.0,-1.0,-78.0
1777890835.6363325,4.0,-3.0,-80.0
1777890835.6463325,4.0,-4.0,-87.0
1777890835.6563325,4.0,0.0,-85.0
1777890835.6663325,8.0,1.0,-81.0
1777890835.6763325,12.0,3.0,-75.0
1777890835.6863325,3.0,0.0,-77.0
1777890835.6963325,-1.0,-1.0,-78.0
1777890835.7063324,-6.0,0.0,-81.0
1777890835.7163324,-5.0,-1.0,-81.0
1777890835.7273324,-6.0,-5.0,-78.0
1777890835.7373323,-5.0,-4.0,-71.0
1777890835.7463324,-4.0,0.0,-72.0
1777890835.7563324,0.0,-3.0,-75.0
1777890835.7663324,0.0,-3.0,-81.0
1777890835.7773323,0.0,-5.0,-85.0
1777890835.7873323,0.0,-3.0,-80.0
1777890835.7973323,-1.0,0.0,-83.0
1777890835.8073325,-3.0,4.0,-80.0
1777890835.8173325,-1.0,2.0,-74.0
1777890835.8273325,-1.0,2.0,-70.0
1777890835.8373325,-4.0,1.0,-68.0
1777890835.8473325,-8.0,0.0,-73.0
1777890835.8573325,-5.0,-1.0,-75.0
1777890835.8673325,-5.0,-1.0,-74.0
1777890835.8773324,-6.0,0.0,-73.0
1777890835.8873324,-5.0,1.0,-70.0
1777890835.8973324,-6.0,1.0,-69.0
1777890835.9073324,-9.0,4.0,-67.0
1777890835.9173324,-4.0,8.0,-66.0
1777890835.9273324,2.0,5.0,-74.0
1777890835.9373324,1.0,0.0,-68.0
1777890835.9473324,0.0,0.0,-71.0
1777890835.9573324,-1.0,0.0,-73.0
1777890835.9673324,0.0,0.0,-66.0
1777890835.9773324,-1.0,-2.0,-68.0
1777890835.9873323,-3.0,0.0,-70.0
1777890835.9973323,-4.0,2.0,-71.0
1777890836.0073323,0.0,3.0,-70.0
1777890836.0173323,3.0,0.0,-65.0
1777890836.0273323,4.0,-3.0,-65.0
1777890836.0373323,5.0,2.0,-63.0
1777890836.0473323,4.0,6.0,-70.0
1777890836.0573325,1.0,3.0,-70.0
1777890836.0673325,0.0,4.0,-79.0
1777890836.0773325,-2.0,0.0,-78.0
1777890836.0873325,-2.0,0.0,-76.0
1777890836.0973325,-5.0,-1.0,-70.0
1777890836.1073325,-3.0,-2.0,-69.0
1777890836.1173325,-1.0,-3.0,-70.0
1777890836.1273324,-2.0,-1.0,-72.0
1777890836.1373324,-1.0,1.0,-73.0
1777890836.1473324,-2.0,2.0,-71.0
1777890836.1573324,-1.0,0.0,-74.0
1777890836.1673324,-4.0,0.0,-75.0
1777890836.1773324,0.0,0.0,-70.0
1777890836.1873324,-2.0,0.0,-73.0
1777890836.1973324,-1.0,1.0,-79.0
1777890836.2073324,-1.0,-2.0,-80.0
1777890836.2173324,-4.0,-2.0,-81.0
1777890836.2273324,-1.0,-1.0,-82.0
1777890836.2373323,1.0,-3.0,-86.0
1777890836.2473323,2.0,-5.0,-83.0
1777890836.2573323,3.0,-4.0,-81.0
1777890836.2673323,2.0,-2.0,-77.0
1777890836.2773323,1.0,0.0,-78.0
1777890836.2873323,4.0,3.0,-73.0
1777890836.2973323,6.0,5.0,-63.0
1777890836.3073325,6.0,0.0,-69.0
1777890836.3173325,6.0,2.0,-79.0
1777890836.3273325,3.0,0.0,-79.0
1777890836.3373325,2.0,1.0,-77.0
1777890836.3473325,0.0,-2.0,-70.0
1777890836.3573325,-2.0,-6.0,-62.0
1777890836.3673325,-3.0,-5.0,-65.0
1777890836.3773324,-3.0,-5.0,-71.0
1777890836.3873324,-2.0,-3.0,-72.0
1777890836.3973324,0.0,-7.0,-66.0
1777890836.4073324,0.0,-8.0,-75.0
1777890836.4173324,-1.0,-9.0,-81.0
1777890836.4273324,0.0,-5.0,-81.0
1777890836.4373324,-2.0,0.0,-74.0
1777890836.4473324,-5.0,1.0,-67.0
1777890836.4573324,-4.0,1.0,-60.0
1777890836.4673324,0.0,0.0,-62.0
1777890836.4773324,0.0,-1.0,-65.0
1777890836.4873323,2.0,-1.0,-67.0
1777890836.4973323,5.0,0.0,-70.0
1777890836.5073323,8.0,-3.0,-66.0
1777890836.5173323,7.0,-6.0,-64.0
1777890836.5273323,4.0,-6.0,-65.0
1777890836.5373323,6.0,-4.0,-60.0
1777890836.5473323,4.0,-5.0,-65.0
1777890836.5573325,3.0,-5.0,-73.0
1777890836.5673325,1.0,-6.0,-73.0
1777890836.5773325,3.0,-5.0,-74.0
1777890836.5873325,3.0,-4.0,-76.0
1777890836.5973325,6.0,-3.0,-67.0
1777890836.6073325,6.0,-2.0,-69.0
1777890836.6173325,10.0,0.0,-68.0
1777890836.6273324,11.0,0.0,-70.0
1777890836.6373324,10.0,0.0,-70.0
1777890836.6473324,11.0,0.0,-71.0
1777890836.6573324,10.0,0.0,-64.0
1777890836.6673324,1.0,1.0,-62.0
1777890836.6773324,4.0,0.0,-61.0
1777890836.6873324,2.0,1.0,-60.0
1777890836.6973324,1.0,1.0,-62.0
1777890836.7073324,1.0,2.0,-72.0
1777890836.7173324,1.0,1.0,-74.0
1777890836.7273324,3.0,0.0,-71.0
1777890836.7373323,3.0,1.0,-71.0
1777890836.7473323,1.0,-3.0,-74.0
1777890836.7573323,1.0,0.0,-74.0
1777890836.7673323,5.0,0.0,-83.0
1777890836.7773323,0.0,2.0,-86.0
1777890836.7873323,2.0,4.0,-84.0
1777890836.7973323,2.0,2.0,-74.0
1777890836.8073325,5.0,1.0,-75.0
1777890836.8173325,0.0,0.0,-79.0
1777890836.8273325,1.0,0.0,-78.0
1777890836.8373325,0.0,2.0,-76.0
1777890836.8473325,-1.0,6.0,-71.0
1777890836.8573325,-2.0,0.0,-74.0
1777890836.8673325,-1.0,0.0,-70.0
1777890836.8773324,-1.0,-2.0,-69.0
1777890836.8873324,0.0,1.0,-62.0
1777890836.8973324,-4.0,-1.0,-60.0
1777890836.9073324,-4.0,-2.0,-58.0
1777890836.9173324,-5.0,0.0,-61.0
1777890836.9273324,-10.0,0.0,-61.0
1777890836.9373324,-10.0,0.0,-61.0
1777890836.9473324,-9.0,-2.0,-60.0
1777890836.9573324,-2.0,0.0,-62.0
1777890836.9673324,0.0,0.0,-59.0
1777890836.9773324,0.0,-1.0,-60.0
1777890836.9873323,0.0,0.0,-66.0
1777890836.9973323,1.0,0.0,-70.0
1777890837.0073323,2.0,4.0,-76.0
1777890837.0173323,3.0,4.0,-74.0
1777890837.0273323,2.0,3.0,-72.0
1777890837.0373323,7.0,6.0,-69.0
1777890837.0473323,11.0,3.0,-67.0
1777890837.0573325,10.0,8.0,-70.0
1777890837.0673325,11.0,9.0,-69.0
1777890837.0773325,6.0,4.0,-70.0
1777890837.0873325,6.0,1.0,-79.0
1777890837.0973325,1.0,0.0,-80.0
1777890837.1073325,-1.0,0.0,-80.0
1777890837.1173325,-1.0,2.0,-78.0
1777890837.1273324,0.0,4.0,-72.0
1777890837.1373324,1.0,2.0,-67.0
1777890837.1473324,1.0,0.0,-68.0
1777890837.1573324,-4.0,0.0,-74.0
1777890837.1673324,-1.0,2.0,-74.0
1777890837.1773324,0.0,4.0,-76.0
1777890837.1873324,0.0,3.0,-83.0
1777890837.1973324,3.0,2.0,-84.0
1777890837.2073324,4.0,2.0,-76.0
1777890837.2173324,1.0,3.0,-80.0
1777890837.2273324,-1.0,4.0,-79.0
1777890837.2373323,2.0,4.0,-65.0
1777890837.2473323,4.0,1.0,-66.0
1777890837.2573323,3.0,1.0,-67.0
1777890837.2673323,2.0,3.0,-68.0
1777890837.2773323,0.0,5.0,-68.0
1777890837.2873323,0.0,0.0,-71.0
1777890837.2973323,2.0,2.0,-78.0
1777890837.3073325,4.0,-1.0,-83.0
1777890837.3173325,5.0,2.0,-79.0
1777890837.3273325,5.0,1.0,-79.0
1777890837.3373325,6.0,2.0,-83.0
1777890837.3473325,3.0,2.0,-82.0
1777890837.3573325,1.0,3.0,-88.0
1777890837.3673325,2.0,2.0,-82.0
1777890837.3773324,3.0,-1.0,-73.0
1777890837.3873324,2.0,-2.0,-72.0
1777890837.3973324,2.0,0.0,-69.0
1777890837.4073324,1.0,0.0,-72.0
1777890837.4173324,0.0,-2.0,-74.0
1777890837.4273324,2.0,-7.0,-72.0
1777890837.4373324,-2.0,-4.0,-68.0
1777890837.4473324,-2.0,-3.0,-73.0
1777890837.4573324,-1.0,-2.0,-76.0
1777890837.4673324,-2.0,-3.0,-77.0
1777890837.4773324,-1.0,-1.0,-81.0
1777890837.4873323,-1.0,-4.0,-85.0
1777890837.4973323,-1.0,-4.0,-83.0
1777890837.5073323,-2.0,-4.0,-80.0
1777890837.5173323,-4.0,-2.0,-80.0
1777890837.5273323,-5.0,-7.0,-78.0
1777890837.5373323,-2.0,-11.0,-79.0
1777890837.5473323,-7.0,-10.0,-76.0
1777890837.5573325,-8.0,-7.0,-76.0
1777890837.5673325,-1.0,-7.0,-69.0
1777890837.5773325,4.0,-4.0,-61.0
1777890837.5873325,5.0,0.0,-55.0
1777890837.5973325,2.0,-1.0,-63.0
1777890837.6073325,4.0,0.0,-72.0
1777890837.6173325,4.0,3.0,-70.0
1777890837.6273324,3.0,4.0,-65.0
1777890837.6373324,2.0,6.0,-66.0
1777890837.6473324,0.0,4.0,-64.0
1777890837.6573324,3.0,1.0,-68.0
1777890837.6673324,4.0,-1.0,-70.0
1777890837.6773324,5.0,-2.0,-74.0
1777890837.6873324,6.0,-5.0,-76.0
1777890837.6973324,2.0,0.0,-68.0
1777890837.7073324,2.0,2.0,-72.0
1777890837.7173324,0.0,2.0,-73.0
1777890837.7273324,2.0,4.0,-76.0
1777890837.7373323,1.0,0.0,-79.0
1777890837.7473323,1.0,-1.0,-87.0
1777890837.7573323,5.0,-3.0,-74.0
1777890837.7683325,2.0,-4.0,-79.0
1777890837.7783325,2.0,-3.0,-77.0
1777890837.7883325,-2.0,-1.0,-74.0
1777890837.7983325,0.0,1.0,-69.0
1777890837.8083324,4.0,2.0,-70.0
1777890837.8183324,5.0,0.0,-72.0
1777890837.8283324,3.0,-1.0,-72.0
1777890837.8383324,8.0,3.0,-69.0
1777890837.8483324,10.0,3.0,-71.0
1777890837.8583324,5.0,0.0,-64.0
1777890837.8683324,2.0,-3.0,-66.0
1777890837.8783324,2.0,-6.0,-72.0
1777890837.8883324,-2.0,-4.0,-75.0
1777890837.8983324,-5.0,1.0,-72.0
1777890837.9083323,-6.0,0.0,-72.0
1777890837.9183323,-5.0,1.0,-65.0
1777890837.9283323,-3.0,4.0,-68.0
1777890837.9383323,-4.0,0.0,-68.0
1777890837.9483323,-2.0,-2.0,-67.0
1777890837.9583323,0.0,-3.0,-71.0
1777890837.9683323,1.0,-3.0,-70.0
1777890837.9783323,5.0,-7.0,-71.0
1777890837.9883325,6.0,-9.0,-72.0
1777890837.9983325,6.0,-8.0,-73.0
1777890838.0083325,3.0,-6.0,-79.0
1777890838.0183325,1.0,-7.0,-78.0
1777890838.0283325,4.0,-2.0,-80.0
1777890838.0383325,6.0,-1.0,-72.0
1777890838.0483325,9.0,0.0,-67.0
1777890838.0583324,9.0,-2.0,-68.0
1777890838.0683324,5.0,0.0,-69.0
1777890838.0783324,7.0,0.0,-74.0
1777890838.0883324,5.0,0.0,-82.0
1777890838.0983324,0.0,0.0,-77.0
1777890838.1083324,1.0,1.0,-79.0
1777890838.1183324,1.0,2.0,-83.0
1777890838.1283324,-2.0,6.0,-76.0
1777890838.1383324,-1.0,6.0,-76.0
1777890838.1483324,5.0,4.0,-77.0
1777890838.1583323,4.0,0.0,-70.0
1777890838.1683323,5.0,-1.0,-72.0
1777890838.1783323,4.0,4.0,-72.0
1777890838.1883323,-1.0,2.0,-75.0
1777890838.1983323,-1.0,0.0,-72.0
1777890838.2083323,0.0,0.0,-67.0
1777890838.2183323,-2.0,-2.0,-66.0
1777890838.2283323,-3.0,0.0,-68.0
1777890838.2383325,-2.0,0.0,-73.0
1777890838.2483325,0.0,1.0,-78.0
1777890838.2583325,5.0,0.0,-74.0
1777890838.2683325,7.0,3.0,-78.0
1777890838.2783325,9.0,1.0,-77.0
1777890838.2883325,5.0,-4.0,-74.0
1777890838.2983325,0.0,-4.0,-76.0
1777890838.3083324,1.0,0.0,-71.0
1777890838.3183324,2.0,6.0,-69.0
1777890838.3283324,3.0,4.0,-66.0
1777890838.3383324,5.0,4.0,-64.0
1777890838.3483324,6.0,2.0,-71.0
1777890838.3583324,0.0,0.0,-69.0
1777890838.3683324,0.0,-3.0,-72.0
1777890838.3783324,-3.0,-3.0,-70.0
1777890838.3883324,-7.0,0.0,-67.0
1777890838.3983324,-6.0,-3.0,-65.0
1777890838.4083323,-9.0,-3.0,-68.0
1777890838.4183323,-11.0,-2.0,-70.0
1777890838.4283323,-10.0,0.0,-68.0
1777890838.4383323,-5.0,-2.0,-69.0
1777890838.4483323,-4.0,0.0,-67.0
1777890838.4583323,-5.0,-3.0,-61.0
1777890838.4683323,-7.0,-2.0,-62.0
1777890838.4783323,-2.0,-4.0,-64.0
1777890838.4883325,4.0,-4.0,-58.0
1777890838.4983325,8.0,-3.0,-63.0
1777890838.5083325,7.0,-1.0,-69.0
1777890838.5183325,8.0,2.0,-73.0
1777890838.5283325,5.0,2.0,-72.0
1777890838.5383325,4.0,5.0,-65.0
1777890838.5483325,3.0,1.0,-67.0
1777890838.5583324,3.0,0.0,-67.0
1777890838.5683324,-1.0,-4.0,-62.0
1777890838.5783324,2.0,-7.0,-63.0
1777890838.5883324,3.0,-7.0,-72.0
1777890838.5983324,4.0,-9.0,-71.0
1777890838.6083324,4.0,-8.0,-74.0
1777890838.6183324,2.0,-4.0,-73.0
1777890838.6283324,4.0,0.0,-74.0
1777890838.6383324,2.0,0.0,-71.0
1777890838.6483324,0.0,0.0,-75.0
1777890838.6583323,2.0,0.0,-67.0
1777890838.6683323,1.0,-2.0,-70.0
1777890838.6783323,3.0,0.0,-67.0
1777890838.6883323,2.0,0.0,-68.0
1777890838.6983323,4.0,0.0,-66.0
1777890838.7083323,4.0,1.0,-71.0
1777890838.7183323,5.0,4.0,-71.0
1777890838.7283323,2.0,1.0,-70.0
1777890838.7383325,0.0,0.0,-74.0
1777890838.7483325,-2.0,-1.0,-80.0
1777890838.7583325,-3.0,0.0,-75.0
1777890838.7683325,-3.0,1.0,-69.0
1777890838.7783325,-2.0,-2.0,-70.0
1777890838.7883325,0.0,2.0,-74.0
1777890838.7983325,-1.0,-1.0,-81.0
1777890838.8083324,0.0,0.0,-79.0
1777890838.8183324,-3.0,2.0,-73.0
1777890838.8283324,-2.0,4.0,-76.0
1777890838.8383324,-2.0,3.0,-76.0
1777890838.8483324,-9.0,0.0,-72.0
1777890838.8583324,-7.0,-1.0,-76.0
1777890838.8683324,-9.0,0.0,-75.0
1777890838.8783324,-7.0,1.0,-76.0
1777890838.8883324,-5.0,2.0,-78.0
1777890838.8983324,-5.0,5.0,-83.0
1777890838.9083323,-1.0,4.0,-81.0
1777890838.9183323,-4.0,1.0,-80.0
1777890838.9283323,-2.0,1.0,-79.0
1777890838.9383323,0.0,3.0,-72.0
1777890838.9483323,2.0,1.0,-68.0
1777890838.9583323,0.0,2.0,-65.0
1777890838.9683323,0.0,-1.0,-61.0
1777890838.9783323,-5.0,-2.0,-64.0
1777890838.9883325,-5.0,3.0,-64.0
1777890838.9983325,-8.0,3.0,-68.0
1777890839.0083325,-7.0,0.0,-69.0
1777890839.0183325,-5.0,-4.0,-64.0
1777890839.0283325,-2.0,-4.0,-65.0
1777890839.0383325,-7.0,-3.0,-65.0
1777890839.0483325,-11.0,-3.0,-66.0
1777890839.0583324,-14.0,-6.0,-66.0
1777890839.0683324,-9.0,-8.0,-65.0
1777890839.0783324,-5.0,-6.0,-68.0
1777890839.0883324,-3.0,-3.0,-73.0
1777890839.0983324,-3.0,-3.0,-70.0
1777890839.1083324,-3.0,-1.0,-68.0
1777890839.1183324,-1.0,-2.0,-69.0
1777890839.1283324,1.0,0.0,-66.0
1777890839.1383324,1.0,0.0,-69.0
1777890839.1483324,0.0,1.0,-69.0
1777890839.1583323,3.0,0.0,-70.0
1777890839.1683323,0.0,0.0,-69.0
1777890839.1783323,1.0,4.0,-65.0
1777890839.1883323,3.0,4.0,-73.0
1777890839.1983323,5.0,5.0,-73.0
1777890839.2083323,5.0,4.0,-72.0
1777890839.2183323,2.0,4.0,-72.0
1777890839.2283323,3.0,2.0,-70.0
1777890839.2383325,-1.0,-2.0,-71.0
1777890839.2483325,0.0,-8.0,-66.0
1777890839.2583325,0.0,-10.0,-76.0
1777890839.2683325,0.0,-6.0,-78.0
1777890839.2783325,3.0,-2.0,-77.0
1777890839.2883325,2.0,0.0,-70.0
1777890839.2983325,2.0,1.0,-74.0
1777890839.3083324,4.0,-4.0,-78.0
1777890839.3183324,1.0,-2.0,-72.0
1777890839.3283324,-3.0,-2.0,-69.0
1777890839.3383324,-3.0,-1.0,-71.0
1777890839.3483324,-3.0,-3.0,-72.0
1777890839.3583324,-6.0,-2.0,-72.0
1777890839.3683324,-2.0,-4.0,-71.0
1777890839.3783324,0.0,0.0,-69.0
1777890839.3883324,1.0,1.0,-68.0
1777890839.3983324,1.0,2.0,-69.0
1777890839.4083323,2.0,5.0,-63.0
1777890839.4183323,5.0,2.0,-64.0
1777890839.4283323,2.0,0.0,-67.0
1777890839.4383323,-2.0,-3.0,-71.0
1777890839.4483323,-2.0,-5.0,-79.0
1777890839.4583323,-6.0,-7.0,-78.0
1777890839.4683323,-9.0,-9.0,-80.0
1777890839.4783323,-6.0,-9.0,-77.0
1777890839.4883325,-6.0,-8.0,-85.0
1777890839.4983325,-5.0,-8.0,-78.0
1777890839.5083325,-5.0,-8.0,-75.0
1777890839.5183325,0.0,-10.0,-74.0
1777890839.5283325,7.0,-8.0,-71.0
1777890839.5383325,8.0,-3.0,-72.0
1777890839.5483325,5.0,-6.0,-70.0
1777890839.5583324,2.0,-7.0,-62.0
1777890839.5683324,3.0,-3.0,-62.0
1777890839.5783324,4.0,-5.0,-69.0
1777890839.5883324,7.0,-3.0,-67.0
1777890839.5983324,3.0,0.0,-64.0
1777890839.6083324,1.0,0.0,-74.0
1777890839.6183324,-1.0,2.0,-75.0
1777890839.6283324,-2.0,4.0,-73.0
1777890839.6383324,-1.0,6.0,-79.0
1777890839.6483324,1.0,5.0,-81.0
1777890839.6583323,0.0,2.0,-72.0
1777890839.6683323,2.0,2.0,-70.0
1777890839.6783323,0.0,6.0,-76.0
1777890839.6883323,-2.0,6.0,-75.0
1777890839.6983323,-2.0,2.0,-77.0
1777890839.7083323,-9.0,4.0,-75.0
1777890839.7183323,-10.0,5.0,-72.0
1777890839.7283323,-8.0,2.0,-73.0
1777890839.7393324,-7.0,0.0,-76.0
1777890839.7493324,-5.0,-3.0,-81.0
1777890839.7593324,-5.0,-3.0,-83.0
1777890839.7693324,2.0,-2.0,-82.0
1777890839.7793324,6.0,0.0,-76.0
1777890839.7893324,6.0,-1.0,-72.0
1777890839.7993324,-3.0,-1.0,-66.0
1777890839.8093324,3.0,0.0,-66.0
1777890839.8193324,5.0,-1.0,-68.0
1777890839.8293324,2.0,-1.0,-65.0
1777890839.8393323,2.0,-1.0,-68.0
1777890839.8493323,1.0,-2.0,-59.0
1777890839.8593323,0.0,-2.0,-58.0
1777890839.8693323,2.0,3.0,-54.0
1777890839.8793323,0.0,0.0,-55.0
1777890839.8893323,1.0,1.0,-60.0
1777890839.8993323,1.0,2.0,-70.0
1777890839.9093325,0.0,2.0,-72.0
1777890839.9193325,2.0,4.0,-74.0
1777890839.9293325,3.0,2.0,-71.0
1777890839.9393325,-3.0,3.0,-74.0
1777890839.9493325,-4.0,3.0,-68.0
1777890839.9593325,-2.0,1.0,-67.0
1777890839.9693325,-1.0,0.0,-68.0
1777890839.9793324,-2.0,-1.0,-68.0
1777890839.9893324,-7.0,-2.0,-70.0
1777890839.9993324,-8.0,-3.0,-72.0
1777890840.0093324,-3.0,-1.0,-73.0
1777890840.0193324,-5.0,2.0,-68.0
1777890840.0293324,3.0,4.0,-75.0
1777890840.0393324,3.0,2.0,-78.0
1777890840.0493324,9.0,4.0,-82.0
1777890840.0593324,7.0,1.0,-84.0
1777890840.0693324,5.0,1.0,-87.0
1777890840.0793324,1.0,0.0,-91.0
1777890840.0893323,1.0,-2.0,-87.0
1777890840.0993323,2.0,-1.0,-75.0
1777890840.1093323,4.0,-2.0,-73.0
1777890840.1193323,7.0,-1.0,-69.0
1777890840.1293323,7.0,-3.0,-76.0
1777890840.1393323,6.0,-2.0,-77.0
1777890840.1493323,6.0,-2.0,-77.0
1777890840.1593325,4.0,3.0,-68.0
1777890840.1693325,0.0,1.0,-71.0
1777890840.1793325,1.0,2.0,-72.0
1777890840.1893325,-2.0,2.0,-72.0
1777890840.1993325,-7.0,2.0,-70.0
1777890840.2093325,-2.0,1.0,-74.0
1777890840.2193325,-2.0,2.0,-78.0
1777890840.2293324,0.0,0.0,-74.0
1777890840.2393324,-3.0,0.0,-68.0
1777890840.2493324,-3.0,-6.0,-72.0
1777890840.2593324,-2.0,-3.0,-84.0
1777890840.2693324,-4.0,0.0,-85.0
1777890840.2793324,-7.0,-2.0,-84.0
1777890840.2893324,-6.0,-1.0,-80.0
1777890840.2993324,-4.0,0.0,-81.0
1777890840.3093324,-4.0,6.0,-77.0
1777890840.3193324,-7.0,4.0,-80.0
1777890840.3293324,-4.0,-1.0,-81.0
1777890840.3393323,-3.0,2.0,-78.0
1777890840.3493323,-5.0,0.0,-77.0
1777890840.3593323,-8.0,3.0,-83.0
1777890840.3693323,-7.0,5.0,-81.0
1777890840.3793323,-1.0,7.0,-86.0
1777890840.3893323,2.0,5.0,-80.0
1777890840.3993323,0.0,3.0,-78.0
1777890840.4093325,0.0,3.0,-74.0
1777890840.4193325,-1.0,4.0,-70.0
1777890840.4293325,-2.0,1.0,-73.0
1777890840.4393325,-3.0,0.0,-70.0
1777890840.4493325,0.0,-1.0,-70.0
1777890840.4593325,0.0,2.0,-70.0
1777890840.4693325,0.0,4.0,-69.0
1777890840.4793324,2.0,0.0,-74.0
1777890840.4893324,4.0,-1.0,-72.0
1777890840.4993324,3.0,-4.0,-75.0
1777890840.5093324,-3.0,-3.0,-79.0
1777890840.5193324,-6.0,-2.0,-79.0
1777890840.5293324,0.0,-5.0,-73.0
1777890840.5393324,5.0,-8.0,-75.0
1777890840.5493324,7.0,-5.0,-77.0
1777890840.5593324,5.0,-3.0,-72.0
1777890840.5693324,5.0,-4.0,-62.0
1777890840.5793324,0.0,-2.0,-63.0
1777890840.5893323,0.0,0.0,-68.0
1777890840.5993323,0.0,-3.0,-75.0
1777890840.6093323,2.0,-1.0,-71.0
1777890840.6193323,3.0,-1.0,-75.0
1777890840.6293323,1.0,-2.0,-74.0
1777890840.6393323,-1.0,0.0,-73.0
1777890840.6493323,-2.0,-2.0,-66.0
1777890840.6593325,-3.0,-4.0,-70.0
1777890840.6693325,-3.0,-1.0,-73.0
1777890840.6793325,-3.0,-3.0,-67.0
1777890840.6893325,4.0,-1.0,-66.0
1777890840.6993325,6.0,-2.0,-68.0
1777890840.7093325,2.0,-1.0,-70.0
1777890840.7193325,0.0,-1.0,-69.0
1777890840.7293324,5.0,-3.0,-76.0
1777890840.7393324,1.0,-4.0,-73.0
1777890840.7493324,1.0,-3.0,-78.0
1777890840.7593324,4.0,-4.0,-81.0
1777890840.7693324,5.0,-3.0,-70.0
1777890840.7793324,6.0,-2.0,-68.0
1777890840.7893324,5.0,0.0,-71.0
1777890840.7993324,6.0,0.0,-71.0
1777890840.8093324,1.0,-3.0,-72.0
1777890840.8193324,0.0,-5.0,-69.0
1777890840.8293324,0.0,0.0,-68.0
1777890840.8393323,0.0,4.0,-72.0
1777890840.8493323,0.0,3.0,-74.0
1777890840.8593323,-4.0,0.0,-74.0
1777890840.8693323,-4.0,0.0,-73.0
1777890840.8793323,-6.0,0.0,-70.0
1777890840.8893323,-6.0,-3.0,-73.0
1777890840.8993323,-2.0,-2.0,-77.0
1777890840.9093325,3.0,-5.0,-78.0
1777890840.9193325,0.0,-6.0,-71.0
1777890840.9293325,-3.0,-2.0,-68.0
1777890840.9393325,-3.0,-3.0,-78.0
1777890840.9493325,-1.0,-5.0,-81.0
1777890840.9593325,-1.0,-9.0,-85.0
1777890840.9693325,-7.0,-3.0,-81.0
1777890840.9793324,-5.0,-5.0,-76.0
1777890840.9893324,-8.0,-7.0,-81.0
1777890840.9993324,-7.0,-8.0,-86.0
1777890841.0093324,-5.0,-4.0,-80.0
1777890841.0193324,-5.0,0.0,-68.0
1777890841.0293324,-3.0,-2.0,-64.0
1777890841.0393324,0.0,0.0,-66.0
1777890841.0493324,1.0,0.0,-68.0
1777890841.0593324,3.0,-4.0,-65.0
1777890841.0693324,4.0,-10.0,-69.0
1777890841.0793324,3.0,-9.0,-73.0
1777890841.0893323,1.0,-3.0,-74.0
1777890841.0993323,-2.0,2.0,-72.0
1777890841.1093323,-4.0,0.0,-80.0
1777890841.1193323,-9.0,-1.0,-80.0
1777890841.1293323,-9.0,-1.0,-79.0
1777890841.1393323,-5.0,-2.0,-83.0
1777890841.1493323,-3.0,0.0,-84.0
1777890841.1593325,-4.0,0.0,-78.0
1777890841.1693325,-9.0,-3.0,-74.0
1777890841.1793325,-8.0,-1.0,-68.0
1777890841.1893325,-2.0,-3.0,-71.0
1777890841.1993325,-1.0,-3.0,-70.0
1777890841.2093325,0.0,-1.0,-72.0
1777890841.2193325,1.0,-2.0,-67.0
1777890841.2293324,-1.0,-5.0,-66.0
1777890841.2393324,-4.0,-3.0,-66.0
1777890841.2493324,-1.0,-1.0,-64.0
1777890841.2593324,-1.0,-1.0,-61.0
1777890841.2693324,0.0,-1.0,-64.0
1777890841.2793324,0.0,-2.0,-69.0
1777890841.2893324,2.0,-2.0,-72.0
1777890841.2993324,0.0,-2.0,-72.0
1777890841.3093324,0.0,-4.0,-76.0
1777890841.3193324,0.0,-1.0,-72.0
1777890841.3293324,3.0,-1.0,-76.0
1777890841.3393323,2.0,-2.0,-73.0
1777890841.3493323,1.0,1.0,-62.0
1777890841.3593323,6.0,0.0,-64.0
1777890841.3693323,0.0,0.0,-67.0
1777890841.3793323,0.0,2.0,-70.0
1777890841.3893323,-2.0,0.0,-71.0
1777890841.3993323,-3.0,-2.0,-76.0
1777890841.4093325,-6.0,-4.0,-73.0
1777890841.4193325,0.0,-2.0,-73.0
1777890841.4293325,0.0,-3.0,-81.0
1777890841.4393325,-1.0,-1.0,-77.0
1777890841.4493325,-1.0,-3.0,-78.0
1777890841.4593325,-1.0,-3.0,-74.0
1777890841.4693325,0.0,-4.0,-80.0
1777890841.4793324,3.0,-6.0,-74.0
1777890841.4893324,0.0,-3.0,-77.0
1777890841.4993324,-1.0,-3.0,-83.0
1777890841.5093324,0.0,-5.0,-76.0
1777890841.5193324,-4.0,-5.0,-77.0
1777890841.5293324,-4.0,-2.0,-78.0
1777890841.5393324,0.0,0.0,-83.0
1777890841.5493324,0.0,1.0,-78.0
1777890841.5593324,0.0,0.0,-82.0
1777890841.5693324,1.0,1.0,-88.0
1777890841.5793324,4.0,0.0,-90.0
1777890841.5893323,1.0,1.0,-89.0
1777890841.5993323,1.0,0.0,-81.0
1777890841.6093323,1.0,-1.0,-80.0
1777890841.6193323,0.0,-2.0,-75.0
1777890841.6293323,-2.0,0.0,-78.0
1777890841.6393323,-2.0,2.0,-78.0
1777890841.6493323,-4.0,7.0,-73.0
1777890841.6593325,-6.0,4.0,-76.0
1777890841.6693325,-2.0,2.0,-65.0
1777890841.6793325,0.0,0.0,-66.0
1777890841.6903324,0.0,-2.0,-70.0
1777890841.6993325,1.0,-2.0,-66.0
1777890841.7103324,0.0,-4.0,-65.0
1777890841.7193325,0.0,-6.0,-65.0
1777890841.7293324,2.0,-6.0,-69.0
1777890841.7403324,4.0,-7.0,-63.0
1777890841.7503324,9.0,-5.0,-62.0
1777890841.7603323,8.0,-5.0,-68.0
1777890841.7703323,6.0,-6.0,-69.0
1777890841.7803323,7.0,-2.0,-78.0
1777890841.7903323,3.0,-2.0,-81.0
1777890841.8003323,0.0,-4.0,-83.0
1777890841.8103323,0.0,-2.0,-82.0
1777890841.8203323,-2.0,-4.0,-86.0
1777890841.8303325,-3.0,-6.0,-83.0
1777890841.8403325,-4.0,-5.0,-77.0
1777890841.8503325,-1.0,-7.0,-74.0
1777890841.8603325,-1.0,-7.0,-68.0
1777890841.8703325,-2.0,-6.0,-68.0
1777890841.8803325,-6.0,-6.0,-74.0
1777890841.8903325,-5.0,-7.0,-74.0
1777890841.9003325,-2.0,-5.0,-74.0
1777890841.9103324,-1.0,-3.0,-70.0
1777890841.9203324,0.0,-3.0,-71.0
1777890841.9303324,-1.0,0.0,-76.0
1777890841.9403324,1.0,1.0,-79.0
1777890841.9503324,-1.0,4.0,-83.0
1777890841.9603324,0.0,2.0,-85.0
1777890841.9703324,-4.0,0.0,-84.0
1777890841.9803324,-3.0,-6.0,-80.0
1777890841.9903324,-3.0,-4.0,-73.0
1777890842.0003324,-3.0,0.0,-74.0
1777890842.0103323,0.0,0.0,-75.0
1777890842.0203323,2.0,4.0,-68.0
1777890842.0303323,-1.0,1.0,-72.0
1777890842.0403323,-3.0,0.0,-67.0
1777890842.0503323,-1.0,-1.0,-65.0
1777890842.0603323,0.0,-2.0,-67.0
1777890842.0703323,0.0,-7.0,-66.0
1777890842.0803325,0.0,-6.0,-69.0
1777890842.0903325,0.0,-10.0,-72.0
1777890842.1003325,-1.0,-10.0,-66.0
1777890842.1103325,3.0,-6.0,-67.0
1777890842.1203325,4.0,-7.0,-64.0
1777890842.1303325,4.0,-10.0,-66.0
1777890842.1403325,0.0,-11.0,-67.0
1777890842.1503325,0.0,-9.0,-64.0
1777890842.1603324,-3.0,-8.0,-66.0
1777890842.1703324,-1.0,-7.0,-65.0
1777890842.1803324,-2.0,-8.0,-64.0
1777890842.1903324,-1.0,-5.0,-69.0
1777890842.2003324,0.0,-4.0,-70.0
1777890842.2103324,-4.0,-1.0,-76.0
1777890842.2203324,-5.0,-2.0,-70.0
1777890842.2303324,-2.0,-2.0,-69.0
1777890842.2403324,0.0,-4.0,-72.0
1777890842.2503324,0.0,-5.0,-77.0
1777890842.2603323,1.0,-5.0,-79.0
1777890842.2703323,5.0,-4.0,-72.0
1777890842.2803323,6.0,-4.0,-77.0
1777890842.2903323,6.0,-6.0,-77.0
1777890842.3003323,7.0,0.0,-82.0
1777890842.3103323,8.0,-1.0,-79.0
1777890842.3203323,3.0,-3.0,-77.0
1777890842.3303325,3.0,-4.0,-78.0
1777890842.3403325,7.0,-4.0,-73.0
1777890842.3503325,6.0,-5.0,-68.0
1777890842.3603325,2.0,0.0,-61.0
1777890842.3703325,1.0,0.0,-55.0
1777890842.3803325,1.0,-1.0,-63.0
1777890842.3903325,1.0,0.0,-68.0
1777890842.4003325,-1.0,-3.0,-69.0
1777890842.4103324,1.0,0.0,-70.0
1777890842.4203324,2.0,0.0,-70.0
1777890842.4303324,4.0,2.0,-71.0
1777890842.4403324,10.0,4.0,-72.0
1777890842.4503324,3.0,3.0,-77.0
1777890842.4603324,-2.0,3.0,-80.0
1777890842.4703324,-4.0,1.0,-87.0
1777890842.4803324,1.0,-1.0,-81.0
1777890842.4903324,2.0,0.0,-73.0
1777890842.5003324,1.0,0.0,-71.0
1777890842.5103323,2.0,1.0,-76.0
1777890842.5203323,1.0,5.0,-70.0
1777890842.5303323,3.0,0.0,-69.0
1777890842.5403323,4.0,1.0,-71.0
1777890842.5503323,8.0,1.0,-70.0
1777890842.5603323,6.0,2.0,-72.0
1777890842.5703323,4.0,3.0,-76.0
1777890842.5803325,0.0,-2.0,-81.0
1777890842.5903325,-3.0,-4.0,-82.0
1777890842.6003325,-2.0,1.0,-81.0
1777890842.6103325,-3.0,2.0,-81.0
1777890842.6203325,-5.0,0.0,-80.0
1777890842.6303325,0.0,-2.0,-77.0
1777890842.6403325,2.0,-2.0,-69.0
1777890842.6503325,7.0,-1.0,-65.0
1777890842.6603324,7.0,-1.0,-64.0
1777890842.6703324,3.0,1.0,-69.0
1777890842.6803324,1.0,0.0,-72.0
1777890842.6903324,0.0,0.0,-68.0
1777890842.7003324,-3.0,-2.0,-67.0
1777890842.7103324,-2.0,-5.0,-67.0
1777890842.7203324,-3.0,-6.0,-64.0
1777890842.7303324,0.0,-5.0,-56.0
1777890842.7403324,5.0,-2.0,-51.0
1777890842.7503324,6.0,-1.0,-54.0
1777890842.7603323,1.0,0.0,-61.0
1777890842.7703323,-3.0,6.0,-62.0
1777890842.7803323,0.0,4.0,-70.0
1777890842.7903323,3.0,2.0,-71.0
1777890842.8003323,-1.0,-1.0,-75.0
1777890842.8103323,0.0,-2.0,-76.0
1777890842.8203323,2.0,1.0,-73.0
1777890842.8303325,0.0,3.0,-71.0
1777890842.8403325,3.0,3.0,-70.0
1777890842.8503325,3.0,-1.0,-70.0
1777890842.8603325,1.0,0.0,-78.0
1777890842.8703325,1.0,-1.0,-81.0
1777890842.8803325,2.0,-3.0,-73.0
1777890842.8903325,-1.0,0.0,-69.0
1777890842.9003325,0.0,-4.0,-75.0
1777890842.9103324,1.0,-4.0,-73.0
1777890842.9203324,2.0,-2.0,-80.0
1777890842.9303324,6.0,0.0,-82.0
1777890842.9403324,5.0,0.0,-83.0
1777890842.9503324,1.0,-7.0,-81.0
1777890842.9603324,-3.0,-3.0,-75.0
1777890842.9703324,-6.0,-2.0,-74.0
1777890842.9803324,-3.0,-1.0,-77.0
1777890842.9903324,-1.0,-4.0,-76.0
1777890843.0003324,2.0,-1.0,-70.0
1777890843.0103323,4.0,-3.0,-62.0
1777890843.0203323,9.0,-3.0,-62.0
1777890843.0303323,10.0,0.0,-62.0
1777890843.0403323,11.0,0.0,-61.0
1777890843.0503323,10.0,-1.0,-64.0
1777890843.0603323,8.0,-3.0,-64.0
1777890843.0703323,8.0,1.0,-58.0
1777890843.0803325,5.0,0.0,-63.0
1777890843.0903325,6.0,1.0,-60.0
1777890843.1003325,7.0,2.0,-60.0
1777890843.1103325,6.0,2.0,-64.0
1777890843.1203325,4.0,4.0,-66.0
1777890843.1303325,2.0,5.0,-68.0
1777890843.1403325,1.0,3.0,-70.0
1777890843.1503325,2.0,4.0,-65.0
1777890843.1603324,0.0,0.0,-66.0
1777890843.1703324,-2.0,1.0,-65.0
1777890843.1803324,-2.0,3.0,-67.0
1777890843.1903324,0.0,1.0,-69.0
1777890843.2003324,0.0,-2.0,-65.0
1777890843.2103324,0.0,-2.0,-74.0
1777890843.2203324,3.0,1.0,-76.0
1777890843.2303324,5.0,1.0,-75.0
1777890843.2403324,3.0,0.0,-66.0
1777890843.2503324,2.0,0.0,-64.0
1777890843.2603323,2.0,5.0,-64.0
1777890843.2703323,-1.0,4.0,-71.0
1777890843.2803323,-2.0,0.0,-73.0
1777890843.2903323,-3.0,1.0,-78.0
1777890843.3003323,-1.0,6.0,-77.0
1777890843.3103323,-3.0,7.0,-74.0
1777890843.3203323,-6.0,6.0,-74.0
1777890843.3303325,-6.0,4.0,-75.0
1777890843.3403325,-7.0,4.0,-73.0
1777890843.3503325,-5.0,5.0,-77.0
1777890843.3603325,-5.0,6.0,-78.0
1777890843.3703325,-5.0,6.0,-81.0
1777890843.3803325,-14.0,0.0,-83.0
1777890843.3903325,-6.0,-2.0,-79.0
1777890843.4003325,-4.0,0.0,-76.0
1777890843.4103324,-4.0,0.0,-78.0
1777890843.4203324,-1.0,0.0,-82.0
1777890843.4303324,-4.0,5.0,-84.0
1777890843.4403324,-5.0,6.0,-79.0
1777890843.4503324,0.0,3.0,-81.0
1777890843.4603324,1.0,5.0,-74.0
1777890843.4703324,3.0,3.0,-71.0
1777890843.4803324,3.0,4.0,-71.0
1777890843.4903324,-3.0,3.0,-82.0
1777890843.5003324,-4.0,5.0,-86.0
1777890843.5103323,-4.0,5.0,-82.0
1777890843.5203323,-1.0,2.0,-80.0
1777890843.5303323,-3.0,1.0,-77.0
1777890843.5403323,-2.0,-5.0,-71.0
1777890843.5503323,-2.0,-6.0,-71.0
1777890843.5603323,-4.0,-6.0,-72.0
1777890843.5703323,0.0,-3.0,-67.0
1777890843.5803325,1.0,-7.0,-68.0
1777890843.5903325,1.0,-7.0,-71.0
1777890843.6003325,0.0,-6.0,-74.0
1777890843.6103325,0.0,-2.0,-73.0
1777890843.6203325,4.0,-2.0,-76.0
1777890843.6303325,6.0,-1.0,-77.0
1777890843.6403325,1.0,-1.0,-78.0
1777890843.6503325,1.0,-2.0,-79.0
1777890843.6603324,0.0,-2.0,-81.0
1777890843.6703324,-1.0,-2.0,-83.0
1777890843.6803324,0.0,0.0,-84.0
1777890843.6903324,1.0,1.0,-79.0
1777890843.7003324,-2.0,4.0,-81.0
1777890843.7113323,-3.0,6.0,-80.0
1777890843.7203324,-1.0,8.0,-74.0
1777890843.7313323,-1.0,3.0,-68.0
1777890843.7403324,-1.0,6.0,-70.0
1777890843.7513323,-7.0,4.0,-71.0
1777890843.7613325,-8.0,8.0,-73.0
1777890843.7713325,-9.0,9.0,-69.0
1777890843.7813325,-9.0,9.0,-71.0
1777890843.7913325,-3.0,4.0,-72.0
1777890843.8013325,-1.0,0.0,-72.0
1777890843.8113325,0.0,0.0,-73.0
1777890843.8213325,-1.0,5.0,-70.0
1777890843.8313324,0.0,8.0,-71.0
1777890843.8413324,0.0,7.0,-67.0
1777890843.8513324,0.0,7.0,-56.0
1777890843.8613324,0.0,4.0,-59.0
1777890843.8713324,0.0,0.0,-65.0
1777890843.8813324,3.0,-1.0,-73.0
1777890843.8913324,4.0,-5.0,-72.0
1777890843.9013324,5.0,-4.0,-62.0
1777890843.9113324,3.0,0.0,-63.0
1777890843.9213324,-1.0,2.0,-65.0
1777890843.9313323,0.0,5.0,-67.0
1777890843.9413323,0.0,4.0,-67.0
1777890843.9513323,4.0,3.0,-62.0
1777890843.9613323,3.0,0.0,-63.0
1777890843.9713323,1.0,0.0,-59.0
1777890843.9813323,0.0,0.0,-62.0
1777890843.9913323,3.0,0.0,-63.0
1777890844.0013323,-4.0,0.0,-66.0
1777890844.0113325,-4.0,1.0,-63.0
1777890844.0213325,-4.0,2.0,-67.0
1777890844.0313325,-3.0,2.0,-67.0
1777890844.0413325,-1.0,0.0,-65.0
1777890844.0513325,-4.0,0.0,-68.0
1777890844.0613325,0.0,-4.0,-65.0
1777890844.0713325,1.0,0.0,-69.0
1777890844.0813324,1.0,-1.0,-73.0
1777890844.0913324,-1.0,0.0,-67.0
1777890844.1013324,-1.0,-2.0,-63.0
1777890844.1113324,-2.0,-6.0,-65.0
1777890844.1213324,-4.0,-5.0,-64.0
1777890844.1313324,-1.0,-3.0,-62.0
1777890844.1413324,1.0,-6.0,-68.0
1777890844.1513324,2.0,-6.0,-67.0
1777890844.1613324,0.0,-3.0,-68.0
1777890844.1713324,-3.0,-1.0,-69.0
1777890844.1813323,-1.0,0.0,-68.0
1777890844.1913323,3.0,0.0,-66.0
1777890844.2013323,3.0,4.0,-64.0
1777890844.2113323,0.0,5.0,-69.0
1777890844.2213323,1.0,1.0,-79.0
1777890844.2313323,2.0,0.0,-80.0
1777890844.2413323,6.0,-1.0,-83.0
1777890844.2513323,7.0,-2.0,-79.0
1777890844.2613325,6.0,-2.0,-77.0
1777890844.2713325,8.0,-5.0,-76.0
1777890844.2813325,12.0,-6.0,-72.0
1777890844.2913325,9.0,-5.0,-73.0
1777890844.3013325,7.0,-1.0,-77.0
1777890844.3113325,5.0,-4.0,-80.0
1777890844.3213325,6.0,-3.0,-81.0
1777890844.3313324,0.0,1.0,-76.0
1777890844.3413324,-4.0,2.0,-79.0
1777890844.3513324,0.0,3.0,-81.0
1777890844.3613324,3.0,-1.0,-76.0
1777890844.3713324,1.0,-4.0,-80.0
1777890844.3813324,3.0,-10.0,-84.0
1777890844.3913324,0.0,-11.0,-83.0
1777890844.4013324,-2.0,-7.0,-79.0
1777890844.4113324,2.0,-4.0,-72.0
1777890844.4213324,-1.0,0.0,-70.0
1777890844.4313323,0.0,0.0,-76.0
1777890844.4413323,2.0,-1.0,-75.0
1777890844.4513323,4.0,2.0,-80.0
1777890844.4613323,5.0,3.0,-88.0
1777890844.4713323,3.0,3.0,-82.0
1777890844.4813323,4.0,2.0,-84.0
1777890844.4913323,7.0,0.0,-89.0
1777890844.5013323,3.0,0.0,-88.0
1777890844.5113325,4.0,2.0,-81.0
1777890844.5213325,5.0,2.0,-82.0
1777890844.5313325,7.0,1.0,-83.0
1777890844.5413325,4.0,2.0,-85.0
1777890844.5513325,5.0,2.0,-86.0
1777890844.5613325,3.0,3.0,-83.0
1777890844.5713325,-3.0,2.0,-76.0
1777890844.5813324,-3.0,2.0,-73.0
1777890844.5913324,-1.0,1.0,-78.0
1777890844.6013324,0.0,-1.0,-81.0
1777890844.6113324,2.0,-4.0,-81.0
1777890844.6223323,4.0,-3.0,-84.0
1777890844.6313324,2.0,-4.0,-79.0
1777890844.6413324,2.0,-3.0,-72.0
1777890844.6513324,4.0,-3.0,-73.0
1777890844.6613324,4.0,-2.0,-75.0
1777890844.6713324,3.0,-1.0,-69.0
1777890844.6813323,4.0,0.0,-64.0
1777890844.6913323,5.0,-1.0,-61.0
1777890844.7013323,3.0,0.0,-65.0
1777890844.7113323,3.0,0.0,-72.0
1777890844.7213323,1.0,0.0,-75.0
1777890844.7313323,1.0,-1.0,-75.0
1777890844.7413323,0.0,2.0,-67.0
1777890844.7513323,-2.0,3.0,-70.0
1777890844.7623324,1.0,2.0,-77.0
1777890844.7713325,6.0,1.0,-80.0
1777890844.7813325,5.0,1.0,-85.0
1777890844.7913325,8.0,1.0,-80.0
1777890844.8013325,8.0,1.0,-72.0
1777890844.8113325,0.0,-1.0,-75.0
1777890844.8213325,-2.0,0.0,-73.0
1777890844.8313324,-2.0,-6.0,-67.0
1777890844.8413324,-2.0,-10.0,-68.0
1777890844.8513324,-2.0,-10.0,-64.0
1777890844.8613324,-5.0,-8.0,-59.0
1777890844.8713324,-7.0,-9.0,-61.0
1777890844.8813324,-6.0,-3.0,-63.0
1777890844.8913324,-7.0,-1.0,-66.0
1777890844.9013324,-4.0,-2.0,-66.0
1777890844.9113324,-4.0,0.0,-66.0
1777890844.9213324,-1.0,1.0,-68.0
1777890844.9313323,-7.0,0.0,-70.0
1777890844.9413323,0.0,-2.0,-70.0
1777890844.9513323,2.0,-1.0,-69.0
1777890844.9613323,0.0,-4.0,-72.0
1777890844.9713323,-1.0,-7.0,-70.0
1777890844.9813323,1.0,-4.0,-71.0
1777890844.9913323,-1.0,-2.0,-74.0
1777890845.0013323,0.0,0.0,-71.0
1777890845.0113325,0.0,4.0,-79.0
1777890845.0213325,5.0,7.0,-85.0
1777890845.0313325,3.0,6.0,-88.0
1777890845.0413325,4.0,3.0,-87.0
1777890845.0513325,1.0,4.0,-82.0
1777890845.0613325,0.0,5.0,-85.0
1777890845.0713325,-3.0,4.0,-83.0
1777890845.0813324,1.0,0.0,-76.0
1777890845.0913324,-1.0,-1.0,-72.0
1777890845.1013324,0.0,0.0,-74.0
1777890845.1113324,-1.0,0.0,-83.0
1777890845.1213324,0.0,0.0,-84.0
1777890845.1313324,-2.0,-3.0,-82.0
1777890845.1413324,0.0,-6.0,-79.0
1777890845.1513324,-2.0,-4.0,-72.0
1777890845.1613324,-1.0,-2.0,-71.0
1777890845.1713324,0.0,-3.0,-70.0
1777890845.1813323,-1.0,-8.0,-67.0
1777890845.1913323,-2.0,-9.0,-67.0
1777890845.2013323,-2.0,-10.0,-69.0
1777890845.2113323,-4.0,-7.0,-74.0
1777890845.2213323,-2.0,-5.0,-78.0
1777890845.2313323,0.0,-4.0,-70.0
1777890845.2413323,-3.0,-1.0,-67.0
1777890845.2513323,-3.0,-3.0,-71.0
1777890845.2613325,-1.0,-3.0,-71.0
1777890845.2713325,0.0,-3.0,-71.0
1777890845.2813325,0.0,-2.0,-74.0
1777890845.2913325,0.0,1.0,-70.0
1777890845.3013325,3.0,0.0,-71.0
1777890845.3113325,2.0,-1.0,-67.0
1777890845.3213325,2.0,0.0,-65.0
1777890845.3313324,5.0,-1.0,-67.0
1777890845.3413324,2.0,-2.0,-72.0
1777890845.3513324,-1.0,-1.0,-78.0
1777890845.3613324,-2.0,1.0,-74.0
1777890845.3713324,-2.0,-1.0,-72.0
1777890845.3813324,1.0,1.0,-73.0
1777890845.3913324,0.0,0.0,-65.0
1777890845.4013324,0.0,0.0,-59.0
1777890845.4113324,0.0,0.0,-60.0
1777890845.4213324,0.0,-1.0,-61.0
1777890845.4313323,-6.0,-5.0,-66.0
1777890845.4413323,-4.0,-8.0,-70.0
1777890845.4513323,-5.0,-4.0,-70.0
1777890845.4613323,1.0,-3.0,-72.0
1777890845.4713323,0.0,-5.0,-73.0
1777890845.4813323,2.0,-2.0,-73.0
1777890845.4913323,2.0,1.0,-71.0
1777890845.5013323,2.0,2.0,-70.0
1777890845.5113325,5.0,0.0,-65.0
1777890845.5213325,4.0,2.0,-72.0
1777890845.5313325,1.0,0.0,-73.0
1777890845.5413325,5.0,-1.0,-70.0
1777890845.5513325,3.0,0.0,-75.0
1777890845.5613325,5.0,0.0,-82.0
1777890845.5713325,3.0,1.0,-78.0
1777890845.5813324,0.0,0.0,-78.0
1777890845.5913324,0.0,-3.0,-83.0
1777890845.6013324,-2.0,-1.0,-86.0
1777890845.6113324,-2.0,-7.0,-81.0
1777890845.6213324,0.0,-5.0,-76.0
1777890845.6313324,-2.0,-8.0,-77.0
1777890845.6413324,-3.0,-9.0,-76.0
1777890845.6513324,-3.0,-9.0,-70.0
1777890845.6613324,-1.0,-4.0,-70.0
1777890845.6723323,-2.0,-3.0,-70.0
1777890845.6823325,0.0,-1.0,-63.0
1777890845.6913323,-2.0,0.0,-65.0
1777890845.7023325,-4.0,0.0,-69.0
1777890845.7123325,-4.0,-4.0,-73.0
1777890845.7223325,-2.0,-2.0,-72.0
1777890845.7323325,-2.0,0.0,-69.0
1777890845.7423325,2.0,0.0,-67.0
1777890845.7523324,4.0,-1.0,-69.0
1777890845.7623324,5.0,-1.0,-75.0
1777890845.7723324,1.0,0.0,-74.0
1777890845.7823324,4.0,2.0,-65.0
1777890845.7923324,0.0,4.0,-59.0
1777890845.8023324,2.0,5.0,-63.0
1777890845.8123324,3.0,1.0,-66.0
1777890845.8223324,4.0,1.0,-65.0
1777890845.8323324,0.0,0.0,-63.0
1777890845.8423324,0.0,0.0,-62.0
1777890845.8523324,3.0,0.0,-64.0
1777890845.8623323,3.0,-1.0,-68.0
1777890845.8723323,2.0,-1.0,-70.0
1777890845.8823323,2.0,-3.0,-74.0
1777890845.8923323,2.0,-5.0,-73.0
1777890845.9023323,-2.0,-3.0,-74.0
1777890845.9123323,-3.0,-1.0,-76.0
1777890845.9223323,1.0,-2.0,-76.0
1777890845.9323325,-2.0,-3.0,-76.0
1777890845.9423325,-1.0,-2.0,-73.0
1777890845.9523325,2.0,-1.0,-72.0
1777890845.9623325,3.0,0.0,-69.0
1777890845.9723325,3.0,0.0,-67.0
1777890845.9823325,3.0,0.0,-64.0
1777890845.9923325,3.0,-3.0,-62.0
1777890846.0023324,-4.0,-2.0,-66.0
1777890846.0123324,-5.0,1.0,-68.0
1777890846.0223324,-1.0,0.0,-73.0
1777890846.0323324,0.0,-1.0,-76.0
1777890846.0423324,-3.0,0.0,-76.0
1777890846.0523324,0.0,0.0,-78.0
1777890846.0623324,3.0,-1.0,-84.0
1777890846.0723324,2.0,2.0,-80.0
1777890846.0823324,6.0,1.0,-77.0
1777890846.0923324,0.0,2.0,-79.0
1777890846.1023324,0.0,2.0,-79.0
1777890846.1123323,3.0,3.0,-78.0
1777890846.1223323,4.0,3.0,-79.0
1777890846.1323323,3.0,2.0,-70.0
1777890846.1423323,6.0,5.0,-68.0
1777890846.1523323,4.0,3.0,-63.0
1777890846.1623323,2.0,1.0,-65.0
1777890846.1723323,2.0,1.0,-71.0
1777890846.1823325,-3.0,2.0,-77.0
1777890846.1923325,-4.0,2.0,-73.0
1777890846.2023325,-8.0,4.0,-66.0
1777890846.2123325,-9.0,2.0,-68.0
1777890846.2223325,-15.0,-1.0,-73.0
1777890846.2323325,-11.0,-1.0,-69.0
1777890846.2423325,-6.0,-1.0,-71.0
1777890846.2523324,-5.0,0.0,-73.0
1777890846.2623324,0.0,0.0,-81.0
1777890846.2723324,2.0,2.0,-76.0
1777890846.2823324,1.0,-1.0,-76.0
1777890846.2923324,2.0,-7.0,-72.0
1777890846.3023324,1.0,-9.0,-71.0
1777890846.3123324,1.0,-6.0,-73.0
1777890846.3223324,0.0,-2.0,-76.0
1777890846.3323324,0.0,-2.0,-83.0
1777890846.3423324,0.0,0.0,-87.0
1777890846.3523324,0.0,0.0,-80.0
1777890846.3623323,1.0,0.0,-77.0
1777890846.3723323,1.0,-1.0,-79.0
1777890846.3823323,3.0,-2.0,-73.0
1777890846.3923323,3.0,-4.0,-70.0
1777890846.4023323,3.0,-4.0,-72.0
1777890846.4123323,3.0,-5.0,-76.0
1777890846.4223323,0.0,0.0,-72.0
1777890846.4323325,-2.0,-1.0,-69.0
1777890846.4423325,0.0,-3.0,-71.0
1777890846.4523325,7.0,-7.0,-73.0
1777890846.4623325,10.0,-3.0,-79.0
1777890846.4723325,9.0,-1.0,-80.0
1777890846.4823325,6.0,-5.0,-84.0
1777890846.4923325,3.0,-5.0,-81.0
1777890846.5023324,0.0,-4.0,-77.0
1777890846.5123324,-1.0,-1.0,-78.0
1777890846.5223324,-1.0,-3.0,-72.0
1777890846.5323324,-1.0,-3.0,-63.0
1777890846.5423324,0.0,-2.0,-62.0
1777890846.5523324,0.0,1.0,-64.0
1777890846.5623324,0.0,2.0,-55.0
1777890846.5723324,2.0,0.0,-55.0
1777890846.5823324,0.0,-4.0,-57.0
1777890846.5923324,-6.0,-5.0,-58.0
1777890846.6023324,-7.0,-8.0,-61.0
1777890846.6123323,-2.0,-5.0,-67.0
1777890846.6223323,-1.0,-2.0,-74.0
1777890846.6323323,2.0,-3.0,-76.0
1777890846.6423323,6.0,0.0,-72.0
1777890846.6523323,0.0,0.0,-71.0
1777890846.6623323,-1.0,-6.0,-73.0
1777890846.6723323,-4.0,-4.0,-75.0
1777890846.6823325,-8.0,-3.0,-68.0
1777890846.6923325,-5.0,0.0,-74.0
1777890846.7023325,-2.0,2.0,-79.0
1777890846.7123325,0.0,5.0,-80.0
1777890846.7223325,1.0,3.0,-79.0
1777890846.7323325,3.0,0.0,-74.0
1777890846.7423325,2.0,-1.0,-79.0
1777890846.7523324,0.0,-3.0,-73.0
1777890846.7623324,3.0,-2.0,-71.0
1777890846.7723324,3.0,-3.0,-71.0
1777890846.7823324,5.0,-5.0,-65.0
1777890846.7923324,-1.0,-2.0,-71.0
1777890846.8023324,1.0,-2.0,-73.0
1777890846.8123324,1.0,-3.0,-74.0
1777890846.8223324,2.0,2.0,-69.0
1777890846.8323324,4.0,0.0,-67.0
1777890846.8423324,1.0,-4.0,-64.0
1777890846.8523324,-4.0,0.0,-61.0
1777890846.8623323,-5.0,-1.0,-69.0
1777890846.8723323,-6.0,-2.0,-71.0
1777890846.8823323,-5.0,-4.0,-74.0
1777890846.8923323,-3.0,-3.0,-76.0
1777890846.9023323,-3.0,-3.0,-75.0
1777890846.9123323,0.0,-2.0,-78.0
1777890846.9223323,2.0,0.0,-77.0
1777890846.9323325,4.0,0.0,-84.0
1777890846.9423325,6.0,0.0,-87.0
1777890846.9523325,7.0,-1.0,-83.0
1777890846.9623325,3.0,1.0,-78.0
1777890846.9723325,5.0,-1.0,-77.0
1777890846.9823325,6.0,-2.0,-68.0
1777890846.9923325,4.0,-2.0,-62.0
1777890847.0023324,6.0,0.0,-61.0
1777890847.0123324,7.0,-2.0,-55.0
1777890847.0223324,4.0,0.0,-55.0
1777890847.0323324,0.0,-1.0,-56.0
1777890847.0423324,0.0,-2.0,-60.0
1777890847.0523324,2.0,0.0,-57.0
1777890847.0623324,7.0,0.0,-62.0
1777890847.0723324,1.0,0.0,-69.0
1777890847.0823324,1.0,0.0,-75.0
1777890847.0923324,0.0,-3.0,-74.0
1777890847.1023324,-4.0,-7.0,-77.0
1777890847.1123323,0.0,-6.0,-80.0
1777890847.1223323,5.0,-8.0,-72.0
1777890847.1323323,4.0,-8.0,-65.0
1777890847.1423323,1.0,-9.0,-58.0
1777890847.1523323,0.0,-2.0,-66.0
1777890847.1623323,-3.0,1.0,-64.0
1777890847.1723323,1.0,1.0,-63.0
1777890847.1823325,1.0,3.0,-70.0
1777890847.1923325,1.0,4.0,-71.0
1777890847.2023325,2.0,-1.0,-72.0
1777890847.2123325,2.0,3.0,-72.0
1777890847.2223325,3.0,3.0,-78.0
1777890847.2323325,4.0,2.0,-82.0
1777890847.2423325,3.0,0.0,-76.0
1777890847.2523324,5.0,0.0,-77.0
1777890847.2623324,2.0,-3.0,-76.0
1777890847.2723324,3.0,-4.0,-71.0
1777890847.2823324,2.0,-4.0,-73.0
1777890847.2923324,1.0,-2.0,-76.0
1777890847.3023324,0.0,0.0,-72.0
1777890847.3123324,0.0,0.0,-70.0
1777890847.3223324,0.0,4.0,-72.0
1777890847.3323324,-2.0,0.0,-71.0
1777890847.3423324,-1.0,0.0,-76.0
1777890847.3523324,1.0,1.0,-76.0
1777890847.3623323,5.0,0.0,-72.0
1777890847.3723323,9.0,-1.0,-65.0
1777890847.3823323,9.0,0.0,-65.0
1777890847.3923323,6.0,0.0,-65.0
1777890847.4023323,9.0,2.0,-64.0
1777890847.4123323,12.0,0.0,-72.0
1777890847.4223323,8.0,-4.0,-81.0
1777890847.4323325,6.0,-8.0,-76.0
1777890847.4423325,2.0,-5.0,-72.0
1777890847.4523325,1.0,-3.0,-72.0
1777890847.4623325,1.0,1.0,-74.0
1777890847.4723325,0.0,0.0,-79.0
1777890847.4823325,3.0,0.0,-80.0
1777890847.4923325,5.0,-5.0,-78.0
1777890847.5023324,7.0,-5.0,-80.0
1777890847.5123324,2.0,-4.0,-69.0
1777890847.5223324,0.0,-3.0,-63.0
1777890847.5323324,0.0,-5.0,-58.0
1777890847.5423324,0.0,-4.0,-60.0
1777890847.5523324,5.0,0.0,-62.0
1777890847.5623324,4.0,-3.0,-63.0
1777890847.5723324,4.0,0.0,-67.0
1777890847.5823324,0.0,0.0,-62.0
1777890847.5923324,0.0,0.0,-66.0
1777890847.6023324,-4.0,-1.0,-68.0
1777890847.6123323,-1.0,-5.0,-69.0
1777890847.6223323,-3.0,-5.0,-68.0
1777890847.6323323,-6.0,-7.0,-77.0
1777890847.6423323,-5.0,-2.0,-75.0
1777890847.6523323,-2.0,-9.0,-75.0
1777890847.6623323,2.0,-9.0,-81.0
1777890847.6723323,3.0,-8.0,-80.0
1777890847.6833324,-4.0,-6.0,-79.0
1777890847.6933324,-4.0,-4.0,-71.0
1777890847.7023325,-6.0,-3.0,-65.0
1777890847.7123325,-7.0,-4.0,-62.0
1777890847.7233324,-1.0,-1.0,-63.0
1777890847.7333324,4.0,-4.0,-60.0
1777890847.7433324,2.0,-1.0,-67.0
1777890847.7533324,4.0,-1.0,-70.0
1777890847.7633324,2.0,0.0,-77.0
1777890847.7733324,2.0,-1.0,-77.0
1777890847.7833323,4.0,-3.0,-71.0
1777890847.7933323,3.0,-2.0,-73.0
1777890847.8033323,0.0,-4.0,-78.0
1777890847.8133323,-1.0,-3.0,-73.0
1777890847.8233323,-2.0,-1.0,-71.0
1777890847.8333323,-1.0,-3.0,-71.0
1777890847.8433323,0.0,-4.0,-76.0
1777890847.8533323,0.0,-1.0,-69.0
1777890847.8633325,-3.0,3.0,-72.0
1777890847.8733325,-1.0,3.0,-68.0
1777890847.8833325,-1.0,6.0,-68.0
1777890847.8933325,-4.0,9.0,-71.0
1777890847.9033325,-3.0,7.0,-63.0
1777890847.9133325,-4.0,7.0,-62.0
1777890847.9233325,-2.0,6.0,-64.0
1777890847.9333324,0.0,4.0,-61.0
1777890847.9433324,0.0,6.0,-65.0
1777890847.9533324,-4.0,6.0,-71.0
1777890847.9633324,-8.0,6.0,-69.0
1777890847.9733324,-5.0,7.0,-72.0
1777890847.9833324,-2.0,4.0,-68.0
1777890847.9933324,0.0,6.0,-62.0
1777890848.0033324,1.0,3.0,-58.0
1777890848.0133324,-4.0,0.0,-51.0
1777890848.0233324,-3.0,0.0,-53.0
1777890848.0333323,-3.0,-2.0,-59.0
1777890848.0433323,-1.0,-1.0,-62.0
1777890848.0533323,-2.0,0.0,-61.0
1777890848.0633323,-4.0,-2.0,-63.0
1777890848.0733323,-3.0,-2.0,-65.0
1777890848.0833323,-4.0,-1.0,-66.0
1777890848.0933323,-4.0,-2.0,-72.0
1777890848.1033323,-3.0,0.0,-71.0
1777890848.1133325,0.0,-3.0,-76.0
1777890848.1233325,-2.0,-4.0,-81.0
1777890848.1333325,-1.0,-4.0,-82.0
1777890848.1433325,-3.0,-2.0,-73.0
1777890848.1533325,1.0,1.0,-70.0
1777890848.1633325,3.0,5.0,-72.0
1777890848.1733325,0.0,4.0,-68.0
1777890848.1833324,0.0,0.0,-73.0
1777890848.1933324,-1.0,0.0,-69.0
1777890848.2033324,-1.0,-4.0,-71.0
1777890848.2133324,0.0,-4.0,-75.0
1777890848.2233324,0.0,-5.0,-77.0
1777890848.2333324,-2.0,-1.0,-78.0
1777890848.2433324,-4.0,0.0,-81.0
1777890848.2533324,-3.0,-2.0,-82.0
1777890848.2633324,-4.0,-1.0,-80.0
1777890848.2733324,1.0,-2.0,-83.0
1777890848.2833323,6.0,0.0,-78.0
1777890848.2933323,9.0,-3.0,-71.0
1777890848.3033323,2.0,-2.0,-74.0
1777890848.3133323,1.0,0.0,-73.0
1777890848.3233323,-2.0,-4.0,-70.0
1777890848.3333323,-3.0,-6.0,-74.0
1777890848.3433323,-4.0,-4.0,-83.0
1777890848.3533323,-2.0,-4.0,-86.0
1777890848.3633325,2.0,0.0,-85.0
1777890848.3733325,0.0,2.0,-81.0
1777890848.3833325,-1.0,4.0,-73.0
1777890848.3933325,1.0,1.0,-74.0
1777890848.4033325,1.0,-3.0,-68.0
1777890848.4133325,1.0,-6.0,-68.0
1777890848.4233325,-2.0,-1.0,-65.0
1777890848.4333324,-3.0,0.0,-68.0
1777890848.4433324,1.0,1.0,-72.0
1777890848.4533324,4.0,4.0,-74.0
1777890848.4633324,3.0,5.0,-72.0
1777890848.4733324,1.0,7.0,-74.0
1777890848.4833324,0.0,4.0,-75.0
1777890848.4933324,-3.0,5.0,-72.0
1777890848.5033324,0.0,6.0,-74.0
1777890848.5133324,2.0,4.0,-76.0
1777890848.5233324,3.0,5.0,-74.0
1777890848.5333323,4.0,1.0,-73.0
1777890848.5433323,5.0,3.0,-74.0
1777890848.5533323,0.0,0.0,-73.0
1777890848.5633323,-2.0,0.0,-77.0
1777890848.5733323,0.0,-1.0,-76.0
1777890848.5833323,0.0,-3.0,-77.0
1777890848.5933323,0.0,-6.0,-84.0
1777890848.6033323,-2.0,-10.0,-82.0
1777890848.6133325,-3.0,-8.0,-85.0
1777890848.6233325,-4.0,-5.0,-82.0
1777890848.6333325,-2.0,-2.0,-80.0
1777890848.6433325,1.0,-3.0,-74.0
1777890848.6533325,5.0,-2.0,-77.0
1777890848.6633325,7.0,-3.0,-71.0
1777890848.6733325,8.0,-6.0,-67.0
1777890848.6833324,6.0,-7.0,-72.0
1777890848.6933324,3.0,-5.0,-68.0
1777890848.7033324,6.0,-1.0,-67.0
1777890848.7133324,3.0,-5.0,-64.0
1777890848.7233324,0.0,-5.0,-69.0
1777890848.7333324,0.0,-8.0,-71.0
1777890848.7433324,-1.0,-10.0,-73.0
1777890848.7533324,-6.0,-5.0,-70.0
1777890848.7633324,-11.0,-1.0,-68.0
1777890848.7733324,-3.0,-2.0,-60.0
1777890848.7833323,4.0,-4.0,-62.0
1777890848.7933323,5.0,-5.0,-70.0
1777890848.8033323,2.0,-7.0,-72.0
1777890848.8133323,3.0,-7.0,-77.0
1777890848.8233323,3.0,-6.0,-78.0
1777890848.8333323,2.0,-5.0,-82.0
1777890848.8433323,5.0,-4.0,-86.0
1777890848.8533323,1.0,-6.0,-82.0
1777890848.8633325,3.0,-4.0,-67.0
1777890848.8733325,4.0,-6.0,-66.0
1777890848.8833325,3.0,-5.0,-65.0
1777890848.8933325,2.0,-5.0,-64.0
1777890848.9033325,4.0,-6.0,-67.0
1777890848.9133325,3.0,-9.0,-66.0
1777890848.9233325,0.0,-9.0,-68.0
1777890848.9333324,0.0,-7.0,-66.0
1777890848.9433324,4.0,-8.0,-70.0
1777890848.9533324,3.0,-6.0,-73.0
1777890848.9633324,3.0,-2.0,-73.0
1777890848.9733324,1.0,0.0,-70.0
1777890848.9833324,0.0,5.0,-72.0
1777890848.9933324,1.0,1.0,-74.0
1777890849.0033324,-3.0,2.0,-74.0
1777890849.0133324,-4.0,1.0,-79.0
1777890849.0233324,-2.0,-1.0,-78.0
1777890849.0333323,0.0,-1.0,-74.0
1777890849.0433323,-4.0,-2.0,-69.0
1777890849.0533323,-12.0,-6.0,-72.0
1777890849.0633323,-13.0,-9.0,-72.0
1777890849.0733323,-8.0,-8.0,-67.0
1777890849.0833323,-5.0,-6.0,-65.0
1777890849.0933323,-5.0,-6.0,-61.0
1777890849.1033323,-3.0,-8.0,-57.0
1777890849.1133325,-4.0,-12.0,-58.0
1777890849.1233325,-1.0,-11.0,-69.0
1777890849.1333325,-1.0,-9.0,-69.0
1777890849.1433325,0.0,-4.0,-70.0
1777890849.1533325,1.0,-2.0,-71.0
1777890849.1633325,-2.0,-6.0,-74.0
1777890849.1733325,-1.0,-2.0,-73.0
1777890849.1833324,0.0,-7.0,-66.0
1777890849.1933324,1.0,-9.0,-64.0
1777890849.2033324,-4.0,-7.0,-63.0
1777890849.2133324,-5.0,-6.0,-61.0
1777890849.2233324,-5.0,-3.0,-69.0
1777890849.2333324,-4.0,-5.0,-74.0
1777890849.2433324,-1.0,-9.0,-77.0
1777890849.2533324,0.0,-9.0,-74.0
1777890849.2633324,2.0,-4.0,-71.0
1777890849.2733324,-1.0,-1.0,-74.0
1777890849.2833323,-5.0,-1.0,-71.0
1777890849.2933323,-3.0,3.0,-64.0
1777890849.3033323,-2.0,1.0,-60.0
1777890849.3133323,0.0,1.0,-70.0
1777890849.3233323,1.0,-2.0,-75.0
1777890849.3333323,0.0,0.0,-77.0
1777890849.3433323,3.0,5.0,-72.0
1777890849.3533323,6.0,2.0,-66.0
1777890849.3633325,5.0,0.0,-56.0
1777890849.3733325,0.0,0.0,-59.0
1777890849.3833325,3.0,2.0,-64.0
1777890849.3933325,5.0,0.0,-70.0
1777890849.4033325,4.0,3.0,-75.0
1777890849.4133325,2.0,3.0,-74.0
1777890849.4233325,-2.0,5.0,-71.0
1777890849.4333324,-3.0,6.0,-73.0
1777890849.4433324,0.0,2.0,-76.0
1777890849.4533324,1.0,0.0,-79.0
1777890849.4633324,0.0,1.0,-80.0
1777890849.4733324,4.0,2.0,-83.0
1777890849.4833324,0.0,-1.0,-84.0
1777890849.4933324,0.0,-2.0,-82.0
1777890849.5033324,1.0,-4.0,-76.0
1777890849.5133324,3.0,-3.0,-72.0
1777890849.5233324,3.0,-7.0,-69.0
1777890849.5333323,4.0,-9.0,-70.0
1777890849.5433323,0.0,-9.0,-68.0
1777890849.5533323,-1.0,-7.0,-69.0
1777890849.5633323,2.0,-4.0,-68.0
1777890849.5733323,3.0,-1.0,-68.0
1777890849.5833323,-2.0,1.0,-67.0
1777890849.5933323,-1.0,0.0,-73.0
1777890849.6033323,0.0,2.0,-71.0
1777890849.6133325,-1.0,5.0,-70.0
1777890849.6233325,1.0,5.0,-70.0
1777890849.6333325,5.0,1.0,-74.0
1777890849.6433325,6.0,-3.0,-77.0
1777890849.6533325,3.0,-2.0,-78.0
1777890849.6633325,5.0,-2.0,-74.0
1777890849.6743324,5.0,-1.0,-68.0
1777890849.6833324,2.0,0.0,-69.0
1777890849.6943324,0.0,0.0,-76.0
1777890849.7043324,0.0,-2.0,-75.0
1777890849.7143323,-4.0,0.0,-74.0
1777890849.7243323,-5.0,1.0,-68.0
1777890849.7333324,-4.0,1.0,-65.0
1777890849.7443323,-2.0,4.0,-71.0
1777890849.7543323,-1.0,1.0,-69.0
1777890849.7643323,0.0,6.0,-69.0
1777890849.7743323,3.0,5.0,-71.0
1777890849.7843325,2.0,2.0,-69.0
1777890849.7943325,2.0,1.0,-71.0
1777890849.8043325,3.0,2.0,-77.0
1777890849.8143325,2.0,-2.0,-80.0
1777890849.8243325,4.0,0.0,-81.0
1777890849.8333323,5.0,2.0,-78.0
1777890849.8443325,7.0,3.0,-81.0
1777890849.8543324,6.0,1.0,-75.0
1777890849.8643324,7.0,3.0,-80.0
1777890849.8743324,8.0,3.0,-77.0
1777890849.8843324,9.0,0.0,-71.0
1777890849.8943324,9.0,-7.0,-71.0
1777890849.9043324,9.0,-9.0,-70.0
1777890849.9143324,9.0,-7.0,-68.0
1777890849.9243324,5.0,-4.0,-61.0
1777890849.9343324,2.0,1.0,-64.0
1777890849.9443324,1.0,0.0,-66.0
1777890849.9543324,-1.0,0.0,-70.0
1777890849.9643323,-2.0,1.0,-77.0
1777890849.9743323,-3.0,3.0,-83.0
1777890849.9843323,-2.0,5.0,-78.0
1777890849.9943323,-5.0,2.0,-73.0
1777890850.0043323,-5.0,-1.0,-67.0
1777890850.0143323,2.0,1.0,-68.0
1777890850.0243323,-1.0,-1.0,-70.0
1777890850.0343325,-4.0,1.0,-68.0
1777890850.0443325,-8.0,4.0,-67.0
1777890850.0543325,-7.0,4.0,-64.0
1777890850.0643325,-6.0,-1.0,-66.0
1777890850.0743325,-4.0,-3.0,-67.0
1777890850.0843325,-6.0,-2.0,-60.0
1777890850.0943325,-4.0,0.0,-59.0
1777890850.1043324,-3.0,-1.0,-63.0
1777890850.1143324,-2.0,-3.0,-68.0
1777890850.1243324,-1.0,-3.0,-69.0
1777890850.1343324,0.0,-2.0,-70.0
1777890850.1443324,-8.0,-2.0,-65.0
1777890850.1543324,-11.0,-5.0,-64.0
1777890850.1643324,-8.0,-1.0,-60.0
1777890850.1743324,-5.0,2.0,-66.0
1777890850.1843324,-1.0,2.0,-69.0
1777890850.1943324,-1.0,1.0,-70.0
1777890850.2043324,1.0,2.0,-75.0
1777890850.2143323,2.0,3.0,-75.0
1777890850.2243323,1.0,5.0,-76.0
1777890850.2343323,-1.0,2.0,-73.0
1777890850.2443323,-2.0,-1.0,-70.0
1777890850.2543323,-3.0,-2.0,-76.0
1777890850.2643323,0.0,-4.0,-75.0
1777890850.2743323,0.0,-6.0,-65.0
1777890850.2843325,-9.0,-5.0,-69.0
1777890850.2943325,-5.0,-6.0,-68.0
1777890850.3043325,-8.0,-10.0,-66.0
1777890850.3143325,-10.0,-9.0,-69.0
1777890850.3243325,-7.0,-2.0,-76.0
1777890850.3343325,-8.0,1.0,-76.0
1777890850.3443325,-3.0,0.0,-76.0
1777890850.3543324,-2.0,-3.0,-81.0
1777890850.3643324,-2.0,-3.0,-80.0
1777890850.3743324,-5.0,-1.0,-83.0
1777890850.3843324,0.0,-1.0,-81.0
1777890850.3943324,0.0,-1.0,-84.0
1777890850.4043324,-2.0,-1.0,-86.0
1777890850.4143324,-3.0,-1.0,-81.0
1777890850.4243324,-3.0,-5.0,-76.0
1777890850.4343324,-2.0,-8.0,-75.0
1777890850.4443324,-1.0,-4.0,-81.0
1777890850.4543324,-3.0,0.0,-84.0
1777890850.4643323,-4.0,3.0,-82.0
1777890850.4743323,-6.0,3.0,-84.0
1777890850.4843323,-1.0,-2.0,-83.0
1777890850.4943323,1.0,-4.0,-76.0
1777890850.5043323,2.0,0.0,-68.0
1777890850.5143323,2.0,2.0,-66.0
1777890850.5243323,1.0,4.0,-71.0
1777890850.5343325,0.0,7.0,-77.0
1777890850.5443325,0.0,6.0,-76.0
1777890850.5543325,-2.0,-1.0,-81.0
1777890850.5643325,-1.0,3.0,-85.0
1777890850.5743325,2.0,1.0,-82.0
1777890850.5843325,-1.0,-2.0,-75.0
1777890850.5943325,-4.0,1.0,-79.0
1777890850.6043324,-7.0,3.0,-74.0
1777890850.6143324,-5.0,3.0,-71.0
1777890850.6243324,-4.0,1.0,-71.0
1777890850.6343324,-4.0,-3.0,-77.0
1777890850.6443324,-4.0,-4.0,-79.0
1777890850.6543324,-2.0,-6.0,-77.0
1777890850.6643324,-2.0,-7.0,-80.0
1777890850.6743324,3.0,-6.0,-83.0
1777890850.6843324,1.0,-6.0,-80.0
1777890850.6943324,-3.0,-5.0,-79.0
1777890850.7043324,-6.0,-4.0,-88.0
1777890850.7143323,-6.0,-6.0,-85.0
1777890850.7243323,-5.0,-4.0,-86.0
1777890850.7343323,-5.0,-1.0,-80.0
1777890850.7443323,-4.0,-1.0,-80.0
1777890850.7543323,-3.0,0.0,-76.0
1777890850.7643323,0.0,0.0,-78.0
1777890850.7743323,4.0,0.0,-69.0
1777890850.7843325,3.0,-2.0,-66.0
1777890850.7943325,2.0,-3.0,-66.0
1777890850.8043325,1.0,-4.0,-64.0
1777890850.8143325,1.0,0.0,-65.0
1777890850.8243325,1.0,1.0,-69.0
1777890850.8343325,1.0,2.0,-63.0
1777890850.8443325,0.0,1.0,-57.0
1777890850.8543324,-1.0,-3.0,-62.0
1777890850.8643324,-1.0,-3.0,-65.0
1777890850.8743324,2.0,-4.0,-65.0
1777890850.8843324,3.0,-2.0,-58.0
1777890850.8943324,2.0,-1.0,-64.0
1777890850.9043324,2.0,-1.0,-62.0
1777890850.9143324,4.0,0.0,-59.0
1777890850.9243324,2.0,2.0,-73.0
1777890850.9343324,2.0,0.0,-79.0
1777890850.9443324,4.0,-4.0,-79.0
1777890850.9543324,4.0,-7.0,-73.0
1777890850.9643323,2.0,-4.0,-75.0
1777890850.9743323,6.0,-2.0,-78.0
1777890850.9843323,9.0,0.0,-76.0
1777890850.9943323,8.0,0.0,-72.0
1777890851.0043323,9.0,0.0,-76.0
1777890851.0143323,5.0,0.0,-73.0
1777890851.0243323,8.0,-2.0,-76.0
1777890851.0343325,7.0,-4.0,-73.0
1777890851.0443325,11.0,0.0,-74.0
1777890851.0543325,11.0,-1.0,-69.0
1777890851.0643325,9.0,1.0,-73.0
1777890851.0743325,4.0,4.0,-73.0
1777890851.0843325,0.0,-1.0,-80.0
1777890851.0943325,2.0,-1.0,-82.0
1777890851.1043324,6.0,-4.0,-79.0
1777890851.1143324,4.0,-5.0,-76.0
1777890851.1243324,3.0,-5.0,-77.0
1777890851.1343324,1.0,-2.0,-75.0
1777890851.1443324,-1.0,-2.0,-72.0
1777890851.1543324,-1.0,-3.0,-65.0
1777890851.1643324,0.0,-1.0,-69.0
1777890851.1743324,-4.0,-2.0,-67.0
1777890851.1843324,-5.0,-1.0,-63.0
1777890851.1943324,0.0,1.0,-68.0
1777890851.2043324,2.0,1.0,-64.0
1777890851.2143323,-1.0,0.0,-69.0
1777890851.2243323,0.0,3.0,-68.0
1777890851.2343323,-1.0,3.0,-73.0
1777890851.2443323,-1.0,2.0,-74.0
1777890851.2543323,0.0,0.0,-76.0
1777890851.2643323,-3.0,-5.0,-79.0
1777890851.2743323,-1.0,-2.0,-79.0
1777890851.2843325,0.0,-8.0,-74.0
1777890851.2943325,-2.0,-6.0,-67.0
1777890851.3043325,0.0,-12.0,-65.0
1777890851.3143325,-2.0,-11.0,-64.0
1777890851.3243325,2.0,-9.0,-68.0
1777890851.3343325,3.0,-11.0,-74.0
1777890851.3443325,2.0,-10.0,-71.0
1777890851.3543324,5.0,-8.0,-76.0
1777890851.3643324,7.0,-12.0,-78.0
1777890851.3743324,7.0,-9.0,-75.0
1777890851.3843324,9.0,-7.0,-75.0
1777890851.3943324,10.0,-7.0,-69.0
1777890851.4043324,9.0,-7.0,-65.0
1777890851.4143324,7.0,-4.0,-64.0
1777890851.4243324,3.0,-7.0,-65.0
1777890851.4343324,8.0,-5.0,-68.0
1777890851.4443324,9.0,-2.0,-74.0
1777890851.4543324,9.0,-5.0,-76.0
1777890851.4643323,8.0,-1.0,-78.0
1777890851.4743323,4.0,1.0,-83.0
1777890851.4843323,1.0,-2.0,-78.0
1777890851.4943323,-2.0,0.0,-74.0
1777890851.5043323,4.0,-4.0,-65.0
1777890851.5143323,10.0,-6.0,-70.0
1777890851.5243323,8.0,-5.0,-65.0
1777890851.5343325,1.0,-1.0,-63.0
1777890851.5443325,-1.0,-3.0,-69.0
1777890851.5543325,-1.0,-2.0,-73.0
1777890851.5643325,2.0,-4.0,-70.0
1777890851.5743325,2.0,-4.0,-75.0
1777890851.5843325,0.0,-5.0,-75.0
1777890851.5943325,1.0,-5.0,-72.0
1777890851.6043324,0.0,-5.0,-72.0
1777890851.6143324,3.0,-5.0,-78.0
1777890851.6243324,1.0,0.0,-76.0
1777890851.6343324,3.0,0.0,-76.0
1777890851.6443324,3.0,0.0,-74.0
1777890851.6553323,1.0,-3.0,-79.0
1777890851.6653323,2.0,-1.0,-76.0
1777890851.6743324,4.0,-4.0,-76.0
1777890851.6853323,3.0,-5.0,-77.0
1777890851.6953323,2.0,-6.0,-77.0
1777890851.7053325,0.0,-4.0,-77.0
1777890851.7153325,-8.0,-4.0,-76.0
1777890851.7253325,-6.0,-5.0,-76.0
1777890851.7353325,-2.0,0.0,-76.0
1777890851.7453325,-2.0,-1.0,-75.0
1777890851.7553325,-6.0,-1.0,-73.0
1777890851.7653325,-3.0,-1.0,-67.0
1777890851.7753325,-4.0,0.0,-66.0
1777890851.7853324,-4.0,-1.0,-66.0
1777890851.7953324,-3.0,1.0,-69.0
1777890851.8053324,-2.0,3.0,-69.0
1777890851.8153324,2.0,2.0,-76.0
1777890851.8253324,0.0,4.0,-79.0
1777890851.8353324,0.0,4.0,-77.0
1777890851.8453324,2.0,2.0,-79.0
1777890851.8553324,2.0,0.0,-77.0
1777890851.8653324,7.0,0.0,-80.0
1777890851.8753324,3.0,0.0,-80.0
1777890851.8853323,2.0,-1.0,-75.0
1777890851.8953323,0.0,-5.0,-72.0
1777890851.9053323,0.0,-2.0,-66.0
1777890851.9153323,0.0,-2.0,-63.0
1777890851.9253323,1.0,-3.0,-66.0
1777890851.9353323,3.0,-4.0,-70.0
1777890851.9453323,2.0,-3.0,-75.0
1777890851.9553325,0.0,-3.0,-81.0
1777890851.9653325,-1.0,-2.0,-79.0
1777890851.9753325,-3.0,0.0,-81.0
1777890851.9853325,-2.0,-2.0,-79.0
1777890851.9953325,0.0,0.0,-79.0
1777890852.0053325,4.0,-4.0,-70.0
1777890852.0153325,5.0,-1.0,-70.0
1777890852.0253325,0.0,-1.0,-68.0
1777890852.0353324,-6.0,0.0,-69.0
1777890852.0453324,-9.0,-6.0,-73.0
1777890852.0553324,-8.0,-5.0,-73.0
1777890852.0653324,-4.0,-3.0,-74.0
1777890852.0753324,0.0,-1.0,-69.0
1777890852.0853324,3.0,0.0,-65.0
1777890852.0953324,7.0,-1.0,-66.0
1777890852.1053324,3.0,2.0,-69.0
1777890852.1153324,4.0,2.0,-64.0
1777890852.1253324,0.0,1.0,-65.0
1777890852.1353323,1.0,-1.0,-74.0
1777890852.1453323,1.0,-1.0,-75.0
1777890852.1553323,1.0,-2.0,-75.0
1777890852.1653323,3.0,-3.0,-80.0
1777890852.1753323,2.0,-3.0,-84.0
1777890852.1853323,0.0,-10.0,-86.0
1777890852.1953323,1.0,-12.0,-78.0
1777890852.2053325,-5.0,-11.0,-83.0
1777890852.2153325,-13.0,-13.0,-84.0
1777890852.2253325,-10.0,-7.0,-79.0
1777890852.2353325,-11.0,-1.0,-77.0
1777890852.2453325,-5.0,0.0,-71.0
1777890852.2553325,-6.0,0.0,-74.0
1777890852.2653325,-4.0,-1.0,-74.0
1777890852.2753325,-4.0,3.0,-69.0
1777890852.2853324,-4.0,4.0,-70.0
1777890852.2953324,-6.0,4.0,-73.0
1777890852.3053324,-1.0,2.0,-68.0
1777890852.3153324,0.0,-3.0,-68.0
1777890852.3253324,0.0,-6.0,-61.0
1777890852.3353324,-4.0,-3.0,-57.0
1777890852.3453324,-2.0,0.0,-58.0
1777890852.3553324,2.0,0.0,-66.0
1777890852.3653324,3.0,1.0,-68.0
1777890852.3753324,-3.0,1.0,-70.0
1777890852.3853323,-2.0,0.0,-71.0
1777890852.3953323,0.0,0.0,-70.0
1777890852.4053323,2.0,2.0,-67.0
1777890852.4153323,2.0,1.0,-68.0
1777890852.4253323,0.0,0.0,-70.0
1777890852.4353323,-1.0,1.0,-76.0
1777890852.4453323,-4.0,-4.0,-75.0
1777890852.4553325,-4.0,-4.0,-76.0
1777890852.4653325,-4.0,-2.0,-74.0
1777890852.4753325,-1.0,-5.0,-73.0
1777890852.4853325,-2.0,-4.0,-75.0
1777890852.4953325,-4.0,-8.0,-82.0
1777890852.5053325,1.0,-7.0,-80.0
1777890852.5153325,0.0,-4.0,-75.0
1777890852.5253325,2.0,-4.0,-79.0
1777890852.5353324,-1.0,-2.0,-79.0
1777890852.5453324,-2.0,-4.0,-81.0
1777890852.5553324,-1.0,-2.0,-87.0
1777890852.5653324,0.0,0.0,-79.0
1777890852.5753324,-2.0,-2.0,-79.0
1777890852.5853324,-4.0,0.0,-80.0
1777890852.5953324,-7.0,3.0,-81.0
1777890852.6053324,-8.0,4.0,-81.0
1777890852.6153324,-7.0,3.0,-81.0
1777890852.6253324,-6.0,3.0,-74.0
1777890852.6353323,-5.0,4.0,-74.0
1777890852.6453323,-3.0,3.0,-78.0
1777890852.6553323,-2.0,1.0,-70.0
1777890852.6653323,-5.0,0.0,-64.0
1777890852.6753323,-3.0,0.0,-71.0
1777890852.6853323,0.0,0.0,-73.0
1777890852.6953323,0.0,-1.0,-74.0
1777890852.7053325,0.0,-2.0,-75.0
1777890852.7153325,1.0,-6.0,-76.0
1777890852.7253325,4.0,-7.0,-73.0
1777890852.7353325,3.0,-2.0,-73.0
1777890852.7453325,0.0,-4.0,-72.0
1777890852.7553325,3.0,-2.0,-73.0
1777890852.7653325,3.0,0.0,-72.0
1777890852.7753325,3.0,2.0,-67.0
1777890852.7853324,7.0,2.0,-61.0
1777890852.7953324,6.0,-2.0,-65.0
1777890852.8053324,9.0,-6.0,-72.0
1777890852.8153324,11.0,0.0,-72.0
1777890852.8253324,9.0,0.0,-74.0
1777890852.8353324,5.0,1.0,-76.0
1777890852.8453324,5.0,3.0,-76.0
1777890852.8553324,6.0,4.0,-77.0
1777890852.8653324,5.0,0.0,-69.0
1777890852.8753324,-2.0,-2.0,-72.0
1777890852.8853323,-2.0,-3.0,-74.0
1777890852.8953323,-4.0,-2.0,-81.0
1777890852.9053323,-9.0,2.0,-77.0
1777890852.9153323,-5.0,1.0,-77.0
1777890852.9253323,-3.0,1.0,-76.0
1777890852.9353323,1.0,-1.0,-80.0
1777890852.9453323,2.0,-4.0,-78.0
1777890852.9553325,-1.0,-6.0,-79.0
1777890852.9653325,-1.0,-7.0,-81.0
1777890852.9753325,0.0,-9.0,-77.0
1777890852.9853325,-7.0,-8.0,-72.0
1777890852.9953325,-6.0,-7.0,-67.0
1777890853.0053325,-6.0,-4.0,-64.0
1777890853.0153325,-2.0,-3.0,-69.0
1777890853.0253325,7.0,-4.0,-78.0
1777890853.0353324,7.0,-5.0,-81.0
1777890853.0453324,8.0,-6.0,-70.0
1777890853.0553324,5.0,-1.0,-70.0
1777890853.0653324,-2.0,-3.0,-79.0
1777890853.0753324,-2.0,-2.0,-81.0
1777890853.0853324,-3.0,-4.0,-77.0
1777890853.0953324,0.0,-4.0,-74.0
1777890853.1053324,-1.0,-1.0,-74.0
1777890853.1153324,-2.0,0.0,-79.0
1777890853.1253324,-1.0,2.0,-75.0
1777890853.1353323,-4.0,-1.0,-80.0
1777890853.1453323,-5.0,0.0,-83.0
1777890853.1553323,-5.0,-3.0,-80.0
1777890853.1653323,-5.0,0.0,-86.0
1777890853.1753323,-4.0,3.0,-82.0
1777890853.1853323,-2.0,3.0,-81.0
1777890853.1953323,-3.0,4.0,-79.0
1777890853.2053325,-6.0,1.0,-73.0
1777890853.2153325,-6.0,-1.0,-66.0
1777890853.2253325,0.0,-1.0,-60.0
1777890853.2353325,6.0,-1.0,-55.0
1777890853.2453325,2.0,-5.0,-62.0
1777890853.2553325,1.0,-2.0,-65.0
1777890853.2653325,1.0,0.0,-61.0
1777890853.2753325,1.0,0.0,-62.0
1777890853.2853324,0.0,-1.0,-66.0
1777890853.2953324,2.0,2.0,-69.0
1777890853.3053324,4.0,0.0,-74.0
1777890853.3153324,6.0,0.0,-77.0
1777890853.3253324,4.0,0.0,-75.0
1777890853.3353324,3.0,0.0,-67.0
1777890853.3453324,0.0,2.0,-64.0
1777890853.3553324,1.0,1.0,-61.0
1777890853.3653324,1.0,3.0,-63.0
1777890853.3753324,3.0,-1.0,-60.0
1777890853.3853323,2.0,-2.0,-68.0
1777890853.3953323,0.0,-1.0,-70.0
1777890853.4053323,-4.0,1.0,-70.0
1777890853.4153323,-1.0,5.0,-75.0
1777890853.4253323,0.0,4.0,-81.0
1777890853.4353323,-1.0,1.0,-82.0
1777890853.4453323,0.0,-1.0,-82.0
1777890853.4553325,-1.0,-1.0,-87.0
1777890853.4653325,-1.0,-1.0,-84.0
1777890853.4753325,0.0,1.0,-81.0
1777890853.4853325,2.0,5.0,-74.0
1777890853.4953325,4.0,7.0,-77.0
1777890853.5053325,0.0,2.0,-79.0
1777890853.5153325,0.0,2.0,-79.0
1777890853.5253325,3.0,2.0,-77.0
1777890853.5353324,4.0,-3.0,-82.0
1777890853.5453324,2.0,-8.0,-81.0
1777890853.5553324,0.0,-11.0,-83.0
1777890853.5653324,0.0,-9.0,-77.0
1777890853.5753324,10.0,-1.0,-75.0
1777890853.5853324,10.0,0.0,-76.0
1777890853.5953324,10.0,2.0,-74.0
1777890853.6053324,5.0,2.0,-69.0
1777890853.6153324,3.0,3.0,-68.0
1777890853.6253324,-1.0,4.0,-65.0
1777890853.6363325,0.0,5.0,-64.0
1777890853.6463325,-3.0,0.0,-69.0
1777890853.6563325,-5.0,-2.0,-66.0
1777890853.6663325,-1.0,-1.0,-68.0
1777890853.6763325,-3.0,-1.0,-67.0
1777890853.6863325,-4.0,1.0,-74.0
1777890853.6963325,-5.0,-4.0,-68.0
1777890853.7063324,-3.0,-5.0,-67.0
1777890853.7163324,3.0,-4.0,-66.0
1777890853.7263324,6.0,-5.0,-66.0
1777890853.7363324,7.0,-4.0,-66.0
1777890853.7463324,7.0,-6.0,-69.0
1777890853.7563324,6.0,-9.0,-72.0
1777890853.7663324,4.0,-7.0,-72.0
1777890853.7763324,1.0,-6.0,-74.0
1777890853.7863324,1.0,-7.0,-73.0
1777890853.7963324,-4.0,-1.0,-73.0
1777890853.8063323,-3.0,4.0,-67.0
1777890853.8163323,-6.0,6.0,-62.0
1777890853.8263323,-7.0,11.0,-60.0
1777890853.8363323,-3.0,8.0,-62.0
1777890853.8463323,-3.0,3.0,-64.0
1777890853.8563323,-3.0,0.0,-72.0
1777890853.8663323,-4.0,-1.0,-74.0
1777890853.8763323,-5.0,-1.0,-73.0
1777890853.8863325,-2.0,1.0,-69.0
1777890853.8963325,-2.0,4.0,-70.0
1777890853.9063325,-3.0,3.0,-66.0
1777890853.9163325,-1.0,3.0,-58.0
1777890853.9263325,-3.0,2.0,-61.0
1777890853.9363325,-2.0,-1.0,-68.0
1777890853.9463325,0.0,-3.0,-69.0
1777890853.9563324,1.0,-3.0,-65.0
1777890853.9663324,0.0,-2.0,-70.0
1777890853.9763324,-1.0,-1.0,-70.0
1777890853.9863324,0.0,2.0,-67.0
1777890853.9963324,0.0,1.0,-65.0
1777890854.0063324,0.0,0.0,-69.0
1777890854.0163324,-2.0,0.0,-76.0
1777890854.0263324,-2.0,0.0,-75.0
1777890854.0363324,-1.0,0.0,-70.0
1777890854.0463324,1.0,0.0,-73.0
1777890854.0563323,0.0,-1.0,-74.0
1777890854.0663323,2.0,-6.0,-70.0
1777890854.0763323,2.0,-8.0,-69.0
1777890854.0863323,2.0,-11.0,-75.0
1777890854.0963323,0.0,-10.0,-76.0
1777890854.1063323,0.0,-4.0,-79.0
1777890854.1163323,0.0,-2.0,-72.0
1777890854.1263323,0.0,-6.0,-67.0
1777890854.1363325,-2.0,-4.0,-74.0
1777890854.1463325,-3.0,-6.0,-76.0
1777890854.1563325,-3.0,-4.0,-77.0
1777890854.1663325,0.0,-7.0,-80.0
1777890854.1763325,3.0,-9.0,-78.0
1777890854.1863325,-1.0,-7.0,-80.0
1777890854.1963325,-1.0,-13.0,-79.0
1777890854.2063324,3.0,-7.0,-78.0
1777890854.2163324,7.0,-6.0,-69.0
1777890854.2263324,5.0,-3.0,-69.0
1777890854.2363324,1.0,-3.0,-74.0
1777890854.2463324,0.0,-2.0,-69.0
1777890854.2563324,1.0,-4.0,-67.0
1777890854.2663324,-2.0,0.0,-67.0
1777890854.2763324,0.0,-1.0,-68.0
1777890854.2863324,1.0,1.0,-68.0
1777890854.2963324,2.0,0.0,-63.0
1777890854.3063323,1.0,-2.0,-62.0
1777890854.3163323,-2.0,-1.0,-63.0
1777890854.3263323,1.0,-1.0,-63.0
1777890854.3363323,5.0,1.0,-56.0
1777890854.3463323,3.0,0.0,-63.0
1777890854.3563323,0.0,-2.0,-62.0
1777890854.3663323,3.0,-5.0,-70.0
1777890854.3763323,0.0,-4.0,-74.0
1777890854.3863325,-1.0,-1.0,-82.0
1777890854.3963325,-4.0,-3.0,-90.0
1777890854.4063325,-4.0,-5.0,-87.0
1777890854.4163325,0.0,-6.0,-83.0
1777890854.4263325,0.0,-1.0,-80.0
1777890854.4363325,-2.0,0.0,-76.0
1777890854.4463325,2.0,-1.0,-73.0
1777890854.4563324,3.0,-2.0,-71.0
1777890854.4663324,0.0,-3.0,-73.0
1777890854.4763324,1.0,-1.0,-77.0
1777890854.4863324,1.0,2.0,-77.0
1777890854.4963324,-2.0,-1.0,-70.0
1777890854.5063324,-1.0,1.0,-73.0
1777890854.5163324,-5.0,3.0,-71.0
1777890854.5263324,-4.0,2.0,-72.0
1777890854.5363324,-2.0,0.0,-70.0
1777890854.5463324,-1.0,-1.0,-69.0
1777890854.5563323,0.0,-2.0,-66.0
1777890854.5663323,2.0,-6.0,-67.0
1777890854.5763323,1.0,-6.0,-68.0
1777890854.5863323,3.0,-10.0,-72.0
1777890854.5963323,1.0,-4.0,-75.0
1777890854.6063323,1.0,-2.0,-81.0
1777890854.6163323,3.0,-2.0,-78.0
1777890854.6263323,4.0,-1.0,-75.0
1777890854.6363325,5.0,0.0,-73.0
1777890854.6463325,2.0,2.0,-74.0
1777890854.6563325,3.0,2.0,-75.0
1777890854.6663325,4.0,0.0,-81.0
1777890854.6763325,3.0,0.0,-77.0
1777890854.6863325,5.0,0.0,-80.0
1777890854.6963325,0.0,-1.0,-86.0
1777890854.7063324,-1.0,-3.0,-85.0
1777890854.7163324,0.0,-5.0,-82.0
1777890854.7263324,1.0,-4.0,-86.0
1777890854.7363324,0.0,-4.0,-84.0
1777890854.7463324,-2.0,-1.0,-80.0
1777890854.7563324,1.0,0.0,-78.0
1777890854.7663324,0.0,-1.0,-77.0
1777890854.7763324,0.0,-4.0,-72.0
1777890854.7863324,-2.0,-3.0,-71.0
1777890854.7963324,-2.0,3.0,-67.0
1777890854.8063323,-7.0,4.0,-73.0
1777890854.8163323,-4.0,0.0,-73.0
1777890854.8263323,-4.0,0.0,-81.0
1777890854.8363323,-1.0,-1.0,-74.0
1777890854.8463323,3.0,-2.0,-71.0
1777890854.8563323,2.0,1.0,-73.0
1777890854.8663323,-1.0,-1.0,-74.0
1777890854.8763323,-1.0,0.0,-74.0
1777890854.8863325,3.0,4.0,-74.0
1777890854.8963325,4.0,9.0,-85.0
1777890854.9063325,-2.0,7.0,-86.0
1777890854.9163325,-3.0,3.0,-82.0
1777890854.9263325,-6.0,0.0,-82.0
1777890854.9363325,-8.0,1.0,-74.0
1777890854.9463325,-9.0,0.0,-78.0
1777890854.9563324,-6.0,-2.0,-82.0
1777890854.9663324,-5.0,-1.0,-82.0
1777890854.9763324,-2.0,3.0,-78.0
1777890854.9863324,2.0,5.0,-77.0
1777890854.9963324,0.0,6.0,-76.0
1777890855.0063324,0.0,5.0,-77.0
1777890855.0163324,-3.0,1.0,-78.0
1777890855.0263324,-2.0,-1.0,-73.0
1777890855.0363324,-1.0,1.0,-71.0
1777890855.0463324,-2.0,4.0,-73.0
1777890855.0563323,2.0,4.0,-70.0
1777890855.0663323,3.0,6.0,-68.0
1777890855.0763323,6.0,6.0,-68.0
1777890855.0863323,3.0,6.0,-70.0
1777890855.0963323,1.0,3.0,-71.0
1777890855.1063323,5.0,1.0,-72.0
1777890855.1163323,5.0,-3.0,-71.0
1777890855.1263323,4.0,-4.0,-72.0
1777890855.1363325,2.0,-3.0,-74.0
1777890855.1463325,0.0,-5.0,-71.0
1777890855.1563325,0.0,-7.0,-68.0
1777890855.1663325,-1.0,-8.0,-72.0
1777890855.1763325,-3.0,-9.0,-71.0
1777890855.1863325,-6.0,-4.0,-71.0
1777890855.1963325,-5.0,-3.0,-75.0
1777890855.2063324,-2.0,-4.0,-67.0
1777890855.2163324,-2.0,0.0,-71.0
1777890855.2263324,5.0,2.0,-75.0
1777890855.2363324,4.0,0.0,-77.0
1777890855.2463324,7.0,0.0,-80.0
1777890855.2563324,2.0,3.0,-77.0
1777890855.2663324,0.0,0.0,-78.0
1777890855.2763324,0.0,-3.0,-75.0
1777890855.2863324,-2.0,-4.0,-73.0
1777890855.2963324,-3.0,0.0,-73.0
1777890855.3063323,-5.0,5.0,-73.0
1777890855.3163323,-1.0,4.0,-68.0
1777890855.3263323,-2.0,2.0,-66.0
1777890855.3363323,0.0,6.0,-70.0
1777890855.3463323,3.0,8.0,-75.0
1777890855.3563323,0.0,8.0,-73.0
1777890855.3663323,0.0,8.0,-68.0
1777890855.3763323,1.0,6.0,-71.0
1777890855.3863325,6.0,8.0,-73.0
1777890855.3963325,7.0,7.0,-68.0
1777890855.4063325,2.0,8.0,-69.0
1777890855.4163325,2.0,8.0,-74.0
1777890855.4263325,3.0,7.0,-72.0
1777890855.4363325,5.0,3.0,-73.0
1777890855.4463325,5.0,0.0,-75.0
1777890855.4563324,1.0,-4.0,-72.0
1777890855.4663324,1.0,-1.0,-73.0
1777890855.4763324,0.0,0.0,-78.0
1777890855.4863324,3.0,-4.0,-68.0
1777890855.4963324,2.0,-2.0,-72.0
1777890855.5063324,0.0,-2.0,-72.0
1777890855.5163324,0.0,-1.0,-79.0
1777890855.5263324,0.0,-1.0,-74.0
1777890855.5363324,2.0,0.0,-72.0
1777890855.5463324,0.0,0.0,-70.0
1777890855.5563323,0.0,-3.0,-67.0
1777890855.5663323,2.0,-4.0,-61.0
1777890855.5763323,3.0,-5.0,-62.0
1777890855.5863323,4.0,-3.0,-62.0
1777890855.5963323,5.0,-2.0,-62.0
1777890855.6063323,8.0,-2.0,-63.0
1777890855.6163323,11.0,-5.0,-73.0
1777890855.6263323,7.0,-6.0,-77.0
1777890855.6373324,3.0,-4.0,-69.0
1777890855.6473324,2.0,-2.0,-71.0
1777890855.6573324,4.0,0.0,-68.0
1777890855.6673324,2.0,0.0,-68.0
1777890855.6773324,1.0,2.0,-65.0
1777890855.6873324,-1.0,0.0,-69.0
1777890855.6973324,4.0,-3.0,-68.0
1777890855.7073324,6.0,-8.0,-69.0
1777890855.7173324,2.0,-8.0,-65.0
1777890855.7273324,0.0,-3.0,-69.0
1777890855.7373323,-1.0,-4.0,-69.0
1777890855.7473323,-4.0,-5.0,-69.0
1777890855.7573323,-2.0,-5.0,-64.0
1777890855.7673323,-4.0,-4.0,-66.0
1777890855.7773323,0.0,-3.0,-71.0
1777890855.7873323,4.0,0.0,-75.0
1777890855.7973323,0.0,-1.0,-80.0
1777890855.8073325,0.0,-3.0,-79.0
1777890855.8173325,-2.0,0.0,-76.0
1777890855.8273325,-1.0,-1.0,-79.0
1777890855.8373325,2.0,-6.0,-78.0
1777890855.8473325,5.0,-6.0,-82.0
1777890855.8573325,8.0,-3.0,-83.0
1777890855.8673325,7.0,-1.0,-72.0
1777890855.8773324,4.0,0.0,-65.0
1777890855.8873324,0.0,-1.0,-70.0
1777890855.8973324,2.0,-1.0,-70.0
1777890855.9073324,0.0,-3.0,-64.0
1777890855.9173324,3.0,0.0,-68.0
1777890855.9273324,6.0,-1.0,-69.0
1777890855.9373324,11.0,0.0,-72.0
1777890855.9473324,9.0,0.0,-75.0
1777890855.9573324,8.0,0.0,-75.0
1777890855.9673324,7.0,0.0,-74.0
1777890855.9773324,9.0,0.0,-78.0
1777890855.9873323,6.0,2.0,-70.0
1777890855.9973323,6.0,1.0,-69.0
1777890856.0073323,5.0,3.0,-68.0
1777890856.0173323,0.0,4.0,-69.0
1777890856.0273323,1.0,2.0,-71.0
1777890856.0373323,4.0,1.0,-72.0
1777890856.0473323,3.0,-1.0,-74.0
1777890856.0573325,2.0,-3.0,-77.0
1777890856.0673325,2.0,-3.0,-74.0
1777890856.0773325,1.0,-4.0,-79.0
1777890856.0873325,-2.0,0.0,-80.0
1777890856.0973325,-3.0,-3.0,-77.0
1777890856.1073325,-1.0,1.0,-75.0
1777890856.1173325,0.0,-2.0,-68.0
1777890856.1273324,0.0,-1.0,-65.0
1777890856.1373324,-1.0,-4.0,-62.0
1777890856.1473324,-4.0,0.0,-68.0
1777890856.1573324,-2.0,3.0,-75.0
1777890856.1673324,0.0,3.0,-74.0
1777890856.1773324,-4.0,2.0,-74.0
1777890856.1873324,-7.0,2.0,-72.0
1777890856.1973324,-6.0,1.0,-77.0
1777890856.2073324,-5.0,-1.0,-83.0
1777890856.2173324,1.0,-3.0,-83.0
1777890856.2273324,2.0,-2.0,-79.0
1777890856.2373323,2.0,0.0,-83.0
1777890856.2473323,0.0,0.0,-84.0
1777890856.2573323,0.0,0.0,-80.0
1777890856.2673323,1.0,-2.0,-77.0
1777890856.2773323,3.0,1.0,-71.0
1777890856.2873323,2.0,0.0,-73.0
1777890856.2973323,4.0,-5.0,-70.0
1777890856.3073325,4.0,-5.0,-73.0
1777890856.3173325,2.0,-7.0,-73.0
1777890856.3273325,1.0,-3.0,-75.0
1777890856.3373325,0.0,1.0,-75.0
1777890856.3473325,-2.0,0.0,-68.0
1777890856.3573325,-2.0,2.0,-68.0
1777890856.3673325,0.0,4.0,-63.0
1777890856.3773324,0.0,9.0,-68.0
1777890856.3873324,0.0,11.0,-67.0
1777890856.3973324,-2.0,6.0,-71.0
1777890856.4073324,-1.0,2.0,-71.0
1777890856.4173324,0.0,5.0,-68.0
1777890856.4273324,1.0,5.0,-70.0
1777890856.4373324,2.0,4.0,-64.0
1777890856.4473324,2.0,0.0,-72.0
1777890856.4573324,1.0,-1.0,-78.0
1777890856.4673324,2.0,-3.0,-78.0
1777890856.4773324,2.0,-2.0,-80.0
1777890856.4873323,1.0,-3.0,-77.0
1777890856.4973323,1.0,-1.0,-75.0
1777890856.5073323,1.0,1.0,-75.0
1777890856.5173323,1.0,3.0,-79.0
1777890856.5273323,-2.0,2.0,-82.0
1777890856.5373323,-7.0,2.0,-84.0
1777890856.5473323,-10.0,2.0,-81.0
1777890856.5573325,-5.0,0.0,-81.0
1777890856.5673325,-5.0,-2.0,-83.0
1777890856.5773325,-3.0,-5.0,-72.0
1777890856.5873325,0.0,-3.0,-70.0
1777890856.5973325,2.0,-5.0,-67.0
1777890856.6073325,-1.0,-4.0,-60.0
1777890856.6173325,0.0,-5.0,-63.0
1777890856.6273324,3.0,0.0,-64.0
1777890856.6373324,8.0,2.0,-72.0
1777890856.6473324,10.0,0.0,-68.0
1777890856.6573324,10.0,-1.0,-70.0
1777890856.6673324,8.0,-2.0,-73.0
1777890856.6773324,5.0,0.0,-72.0
1777890856.6873324,1.0,0.0,-69.0
1777890856.6973324,-1.0,1.0,-72.0
1777890856.7073324,0.0,3.0,-76.0
1777890856.7173324,0.0,6.0,-78.0
1777890856.7273324,-5.0,9.0,-80.0
1777890856.7373323,-1.0,9.0,-80.0
1777890856.7473323,-4.0,7.0,-81.0
1777890856.7573323,-1.0,6.0,-77.0
1777890856.7673323,-1.0,7.0,-74.0
1777890856.7773323,-6.0,2.0,-73.0
1777890856.7873323,-7.0,-1.0,-68.0
1777890856.7973323,-4.0,1.0,-65.0
1777890856.8083324,-1.0,0.0,-70.0
1777890856.8173325,2.0,0.0,-74.0
1777890856.8273325,0.0,-3.0,-67.0
1777890856.8373325,-1.0,-6.0,-67.0
1777890856.8473325,-1.0,-6.0,-65.0
1777890856.8573325,3.0,-8.0,-66.0
1777890856.8673325,7.0,-8.0,-72.0
1777890856.8773324,2.0,-10.0,-65.0
1777890856.8873324,-1.0,-5.0,-61.0
1777890856.8973324,-5.0,-2.0,-65.0
1777890856.9073324,-3.0,0.0,-64.0
1777890856.9173324,-1.0,-3.0,-66.0
1777890856.9273324,0.0,-4.0,-69.0
1777890856.9373324,0.0,-5.0,-70.0
1777890856.9473324,0.0,-1.0,-69.0
1777890856.9573324,-1.0,1.0,-71.0
1777890856.9673324,1.0,-4.0,-72.0
1777890856.9773324,0.0,-4.0,-75.0
1777890856.9873323,-2.0,-6.0,-75.0
1777890856.9973323,-2.0,-6.0,-70.0
1777890857.0073323,-3.0,-5.0,-68.0
1777890857.0173323,-2.0,-2.0,-72.0
1777890857.0273323,-4.0,-2.0,-74.0
1777890857.0373323,-3.0,-1.0,-67.0
1777890857.0473323,-3.0,-1.0,-68.0
1777890857.0573325,-2.0,2.0,-72.0
1777890857.0673325,-1.0,1.0,-75.0
1777890857.0773325,3.0,-1.0,-77.0
1777890857.0873325,8.0,-3.0,-77.0
1777890857.0973325,6.0,0.0,-83.0
1777890857.1073325,5.0,-1.0,-76.0
1777890857.1173325,4.0,-4.0,-76.0
1777890857.1273324,3.0,-2.0,-73.0
1777890857.1373324,-4.0,0.0,-68.0
1777890857.1473324,-4.0,2.0,-71.0
1777890857.1573324,0.0,1.0,-78.0
1777890857.1673324,-1.0,-1.0,-82.0
1777890857.1773324,0.0,-3.0,-80.0
1777890857.1873324,-1.0,-1.0,-74.0
1777890857.1973324,-1.0,-3.0,-70.0
1777890857.2073324,5.0,0.0,-70.0
1777890857.2173324,7.0,0.0,-74.0
1777890857.2273324,4.0,1.0,-73.0
1777890857.2373323,4.0,2.0,-73.0
1777890857.2473323,7.0,3.0,-68.0
1777890857.2573323,10.0,3.0,-74.0
1777890857.2673323,8.0,1.0,-74.0
1777890857.2773323,9.0,0.0,-71.0
1777890857.2873323,3.0,0.0,-68.0
1777890857.2973323,0.0,1.0,-65.0
1777890857.3073325,2.0,2.0,-68.0
1777890857.3173325,2.0,0.0,-72.0
1777890857.3273325,1.0,0.0,-64.0
1777890857.3373325,0.0,0.0,-66.0
1777890857.3473325,1.0,1.0,-67.0
1777890857.3573325,3.0,3.0,-73.0
1777890857.3673325,3.0,2.0,-74.0
1777890857.3773324,3.0,0.0,-74.0
1777890857.3873324,5.0,-2.0,-69.0
1777890857.3973324,2.0,-1.0,-69.0
1777890857.4073324,3.0,3.0,-81.0
1777890857.4173324,3.0,5.0,-85.0
1777890857.4273324,3.0,6.0,-87.0
1777890857.4373324,1.0,3.0,-93.0
1777890857.4473324,0.0,3.0,-85.0
1777890857.4573324,-6.0,2.0,-81.0
1777890857.4673324,-3.0,2.0,-76.0
1777890857.4773324,-5.0,1.0,-80.0
1777890857.4873323,-5.0,0.0,-76.0
1777890857.4973323,-2.0,-1.0,-67.0
1777890857.5073323,4.0,1.0,-67.0
1777890857.5173323,4.0,2.0,-70.0
1777890857.5273323,5.0,2.0,-75.0
1777890857.5373323,6.0,2.0,-76.0
1777890857.5473323,5.0,0.0,-75.0
1777890857.5573325,5.0,-1.0,-77.0
1777890857.5673325,3.0,0.0,-78.0
1777890857.5773325,5.0,-2.0,-76.0
1777890857.5873325,-1.0,-5.0,-75.0
1777890857.5973325,0.0,-7.0,-74.0
1777890857.6083324,4.0,-7.0,-76.0
1777890857.6173325,-3.0,-6.0,-75.0
1777890857.6273324,-5.0,-8.0,-71.0
1777890857.6383324,-3.0,-8.0,-72.0
1777890857.6483324,0.0,-3.0,-74.0
1777890857.6583323,0.0,-2.0,-78.0
1777890857.6683323,-1.0,-4.0,-80.0
1777890857.6783323,0.0,-7.0,-78.0
1777890857.6883323,-5.0,-9.0,-80.0
1777890857.6983323,-8.0,-9.0,-79.0
1777890857.7083323,-6.0,-9.0,-83.0
1777890857.7183323,-4.0,-7.0,-82.0
1777890857.7283323,-4.0,-11.0,-80.0
1777890857.7383325,-4.0,-9.0,-72.0
1777890857.7483325,-1.0,-9.0,-72.0
1777890857.7583325,-1.0,-8.0,-71.0
1777890857.7683325,1.0,-7.0,-69.0
1777890857.7783325,3.0,-5.0,-74.0
1777890857.7883325,2.0,-5.0,-65.0
1777890857.7983325,1.0,-3.0,-63.0
1777890857.8083324,1.0,-2.0,-62.0
1777890857.8183324,3.0,-7.0,-60.0
1777890857.8283324,6.0,-10.0,-56.0
1777890857.8383324,7.0,-4.0,-54.0
1777890857.8483324,5.0,-4.0,-60.0
1777890857.8583324,3.0,-1.0,-66.0
1777890857.8683324,1.0,0.0,-66.0
1777890857.8783324,1.0,0.0,-72.0
1777890857.8883324,1.0,-1.0,-70.0
1777890857.8983324,0.0,-1.0,-62.0
1777890857.9083323,-5.0,-1.0,-64.0
1777890857.9183323,-6.0,-2.0,-64.0
1777890857.9283323,-3.0,-2.0,-62.0
1777890857.9383323,-2.0,0.0,-68.0
1777890857.9483323,-1.0,0.0,-74.0
1777890857.9583323,-1.0,0.0,-76.0
1777890857.9683323,0.0,-3.0,-76.0
1777890857.9783323,0.0,-4.0,-77.0
1777890857.9883325,0.0,-3.0,-76.0
1777890857.9983325,2.0,0.0,-80.0
1777890858.0083325,2.0,2.0,-81.0
1777890858.0183325,2.0,2.0,-73.0
1777890858.0283325,1.0,2.0,-74.0
1777890858.0383325,4.0,0.0,-74.0
1777890858.0483325,2.0,2.0,-72.0
1777890858.0583324,2.0,-2.0,-72.0
1777890858.0683324,-2.0,-3.0,-70.0
1777890858.0783324,1.0,1.0,-62.0
1777890858.0883324,4.0,0.0,-67.0
1777890858.0983324,4.0,0.0,-70.0
1777890858.1083324,1.0,0.0,-74.0
1777890858.1183324,4.0,0.0,-77.0
1777890858.1283324,1.0,1.0,-76.0
1777890858.1383324,0.0,-2.0,-74.0
1777890858.1483324,-2.0,-1.0,-69.0
1777890858.1583323,-2.0,0.0,-68.0
1777890858.1683323,-3.0,0.0,-65.0
1777890858.1783323,-2.0,0.0,-70.0
1777890858.1883323,-1.0,-1.0,-73.0
1777890858.1983323,0.0,-3.0,-77.0
1777890858.2083323,-2.0,-2.0,-79.0
1777890858.2183323,0.0,2.0,-83.0
1777890858.2283323,1.0,4.0,-79.0
1777890858.2383325,4.0,0.0,-74.0
1777890858.2483325,5.0,0.0,-70.0
1777890858.2583325,3.0,1.0,-69.0
1777890858.2683325,2.0,1.0,-73.0
1777890858.2783325,11.0,0.0,-79.0
1777890858.2883325,16.0,-3.0,-78.0
1777890858.2983325,12.0,-3.0,-81.0
1777890858.3083324,11.0,-2.0,-81.0
1777890858.3183324,10.0,-4.0,-77.0
1777890858.3283324,7.0,-4.0,-73.0
1777890858.3383324,3.0,-3.0,-74.0
1777890858.3483324,8.0,0.0,-72.0
1777890858.3583324,8.0,1.0,-72.0
1777890858.3683324,5.0,0.0,-71.0
1777890858.3783324,0.0,0.0,-72.0
1777890858.3883324,-1.0,-1.0,-72.0
1777890858.3983324,-2.0,0.0,-67.0
1777890858.4083323,-1.0,-1.0,-65.0
1777890858.4183323,-3.0,-1.0,-69.0
1777890858.4283323,-3.0,-3.0,-66.0
1777890858.4383323,-1.0,-4.0,-65.0
1777890858.4483323,1.0,-7.0,-62.0
1777890858.4583323,4.0,-7.0,-63.0
1777890858.4683323,1.0,-5.0,-70.0
1777890858.4783323,3.0,-7.0,-66.0
1777890858.4883325,3.0,-7.0,-67.0
1777890858.4983325,4.0,-3.0,-71.0
1777890858.5083325,2.0,-4.0,-71.0
1777890858.5183325,1.0,-1.0,-73.0
1777890858.5283325,0.0,1.0,-74.0
1777890858.5383325,2.0,0.0,-80.0
1777890858.5483325,4.0,0.0,-80.0
1777890858.5583324,5.0,4.0,-75.0
1777890858.5683324,2.0,0.0,-73.0
1777890858.5783324,0.0,0.0,-70.0
1777890858.5883324,0.0,0.0,-72.0
1777890858.5983324,3.0,-5.0,-74.0
1777890858.6083324,2.0,-5.0,-74.0
1777890858.6183324,4.0,0.0,-66.0
1777890858.6283324,1.0,0.0,-64.0
1777890858.6383324,3.0,0.0,-61.0
1777890858.6483324,2.0,-1.0,-66.0
1777890858.6583323,6.0,-1.0,-67.0
1777890858.6683323,4.0,1.0,-75.0
1777890858.6783323,0.0,-1.0,-84.0
1777890858.6883323,2.0,-6.0,-83.0
1777890858.6983323,5.0,-4.0,-81.0
1777890858.7083323,7.0,1.0,-84.0
1777890858.7183323,8.0,1.0,-81.0
1777890858.7283323,4.0,0.0,-81.0
1777890858.7383325,1.0,0.0,-81.0
1777890858.7483325,0.0,3.0,-79.0
1777890858.7583325,0.0,4.0,-72.0
1777890858.7683325,-4.0,1.0,-75.0
1777890858.7783325,-2.0,0.0,-77.0
1777890858.7883325,-3.0,-2.0,-71.0
1777890858.7983325,-3.0,-2.0,-77.0
1777890858.8083324,0.0,-6.0,-81.0
1777890858.8183324,0.0,-8.0,-78.0
1777890858.8283324,0.0,-3.0,-73.0
1777890858.8383324,-2.0,1.0,-75.0
1777890858.8483324,1.0,1.0,-77.0
1777890858.8583324,3.0,0.0,-78.0
1777890858.8683324,3.0,-1.0,-71.0
1777890858.8783324,1.0,-3.0,-67.0
1777890858.8883324,3.0,-5.0,-65.0
1777890858.8983324,4.0,-3.0,-68.0
1777890858.9083323,8.0,-4.0,-73.0
1777890858.9183323,6.0,-3.0,-76.0
1777890858.9283323,5.0,-5.0,-75.0
1777890858.9383323,3.0,0.0,-74.0
1777890858.9483323,5.0,2.0,-72.0
1777890858.9583323,3.0,0.0,-72.0
1777890858.9683323,4.0,0.0,-69.0
1777890858.9783323,2.0,-3.0,-69.0
1777890858.9883325,0.0,0.0,-70.0
1777890858.9983325,2.0,0.0,-66.0
1777890859.0083325,1.0,0.0,-62.0
1777890859.0183325,0.0,1.0,-55.0
1777890859.0283325,1.0,1.0,-62.0
1777890859.0383325,0.0,-2.0,-65.0
1777890859.0483325,0.0,-6.0,-58.0
1777890859.0583324,-1.0,-6.0,-53.0
1777890859.0683324,-4.0,-10.0,-59.0
1777890859.0783324,-3.0,-4.0,-67.0
1777890859.0883324,0.0,-3.0,-73.0
1777890859.0983324,-3.0,1.0,-77.0
1777890859.1083324,0.0,0.0,-77.0
1777890859.1183324,1.0,1.0,-75.0
1777890859.1283324,0.0,4.0,-78.0
1777890859.1383324,0.0,1.0,-83.0
1777890859.1483324,2.0,0.0,-87.0
1777890859.1583323,0.0,2.0,-78.0
1777890859.1683323,0.0,0.0,-77.0
1777890859.1783323,0.0,-2.0,-77.0
1777890859.1883323,0.0,-1.0,-74.0
1777890859.1983323,-2.0,-6.0,-73.0
1777890859.2083323,-4.0,-6.0,-69.0
1777890859.2183323,-6.0,-5.0,-64.0
1777890859.2283323,-4.0,-8.0,-67.0
1777890859.2383325,1.0,-5.0,-66.0
1777890859.2483325,2.0,-3.0,-68.0
1777890859.2583325,4.0,-7.0,-74.0
1777890859.2683325,3.0,-4.0,-69.0
1777890859.2783325,3.0,-1.0,-66.0
1777890859.2883325,2.0,-2.0,-66.0
1777890859.2983325,3.0,-4.0,-67.0
1777890859.3083324,6.0,-3.0,-71.0
1777890859.3183324,8.0,-5.0,-69.0
1777890859.3283324,5.0,-2.0,-66.0
1777890859.3383324,3.0,3.0,-64.0
1777890859.3483324,1.0,2.0,-71.0
1777890859.3583324,2.0,4.0,-67.0
1777890859.3683324,4.0,8.0,-68.0
1777890859.3783324,4.0,5.0,-71.0
1777890859.3883324,3.0,8.0,-77.0
1777890859.3983324,0.0,4.0,-77.0
1777890859.4083323,3.0,2.0,-70.0
1777890859.4183323,3.0,4.0,-67.0
1777890859.4283323,2.0,3.0,-69.0
1777890859.4383323,0.0,3.0,-71.0
1777890859.4483323,-4.0,3.0,-70.0
1777890859.4583323,-7.0,3.0,-71.0
1777890859.4683323,-4.0,0.0,-75.0
1777890859.4783323,1.0,0.0,-75.0
1777890859.4883325,3.0,1.0,-76.0
1777890859.4983325,7.0,0.0,-80.0
1777890859.5083325,6.0,-2.0,-81.0
1777890859.5183325,5.0,-3.0,-72.0
1777890859.5283325,3.0,-5.0,-69.0
1777890859.5383325,4.0,-3.0,-67.0
1777890859.5483325,4.0,-4.0,-62.0
1777890859.5583324,0.0,-6.0,-58.0
1777890859.5693324,2.0,-6.0,-59.0
1777890859.5783324,0.0,-4.0,-70.0
1777890859.5883324,1.0,-2.0,-68.0
1777890859.5983324,0.0,0.0,-71.0
1777890859.6093323,3.0,-5.0,-68.0
1777890859.6193323,4.0,-6.0,-70.0
1777890859.6293323,0.0,-8.0,-72.0
1777890859.6393323,-3.0,-7.0,-77.0
1777890859.6493323,-3.0,-5.0,-74.0
1777890859.6593325,-4.0,-7.0,-75.0
1777890859.6693325,0.0,-8.0,-76.0
1777890859.6793325,0.0,-5.0,-77.0
1777890859.6893325,-1.0,-5.0,-77.0
1777890859.6993325,-4.0,-3.0,-79.0
1777890859.7093325,-3.0,0.0,-77.0
1777890859.7193325,-4.0,1.0,-77.0
1777890859.7293324,-7.0,2.0,-71.0
1777890859.7393324,-10.0,0.0,-67.0
1777890859.7493324,-6.0,5.0,-68.0
1777890859.7593324,-8.0,3.0,-72.0
1777890859.7693324,-6.0,1.0,-79.0
1777890859.7793324,-5.0,0.0,-82.0
1777890859.7893324,-6.0,0.0,-79.0
1777890859.7993324,-3.0,-2.0,-76.0
1777890859.8093324,0.0,-2.0,-75.0
1777890859.8193324,1.0,-3.0,-68.0
1777890859.8293324,0.0,-5.0,-67.0
1777890859.8393323,-1.0,-6.0,-67.0
1777890859.8493323,1.0,0.0,-70.0
1777890859.8593323,4.0,-4.0,-69.0
1777890859.8693323,5.0,-6.0,-72.0
1777890859.8793323,8.0,-10.0,-72.0
1777890859.8893323,3.0,-9.0,-70.0
1777890859.8993323,1.0,-6.0,-73.0
1777890859.9093325,0.0,-1.0,-74.0
1777890859.9193325,0.0,-5.0,-70.0
1777890859.9293325,0.0,-5.0,-63.0
1777890859.9393325,0.0,-5.0,-74.0
1777890859.9493325,-2.0,-5.0,-72.0
1777890859.9593325,1.0,-5.0,-71.0
1777890859.9693325,1.0,-4.0,-72.0
1777890859.9793324,0.0,-7.0,-77.0
1777890859.9893324,-2.0,-9.0,-81.0
1777890859.9993324,-2.0,-4.0,-81.0
1777890860.0093324,0.0,0.0,-83.0
1777890860.0193324,0.0,2.0,-75.0
1777890860.0293324,2.0,3.0,-73.0
1777890860.0393324,-1.0,0.0,-76.0
1777890860.0493324,-6.0,2.0,-70.0
1777890860.0593324,-6.0,2.0,-76.0
1777890860.0693324,-7.0,1.0,-76.0
1777890860.0793324,-4.0,-1.0,-74.0
1777890860.0893323,-7.0,-7.0,-71.0
1777890860.0993323,-4.0,-1.0,-76.0
1777890860.1093323,-1.0,4.0,-72.0
1777890860.1193323,-2.0,9.0,-70.0
1777890860.1293323,-5.0,7.0,-70.0
1777890860.1393323,-6.0,4.0,-66.0
1777890860.1493323,-4.0,4.0,-69.0
1777890860.1593325,0.0,0.0,-70.0
1777890860.1693325,2.0,2.0,-67.0
1777890860.1793325,1.0,0.0,-72.0
1777890860.1893325,4.0,2.0,-71.0
1777890860.1993325,6.0,2.0,-75.0
1777890860.2093325,7.0,-5.0,-74.0
1777890860.2193325,9.0,-5.0,-70.0
1777890860.2293324,4.0,-1.0,-70.0
1777890860.2393324,4.0,0.0,-65.0
1777890860.2493324,1.0,-2.0,-63.0
1777890860.2593324,-3.0,1.0,-69.0
1777890860.2693324,-1.0,-1.0,-72.0
1777890860.2793324,1.0,0.0,-76.0
1777890860.2893324,0.0,-2.0,-77.0
1777890860.2993324,-5.0,-7.0,-79.0
1777890860.3093324,-2.0,-5.0,-82.0
1777890860.3193324,1.0,-3.0,-82.0
1777890860.3293324,-2.0,-4.0,-77.0
1777890860.3393323,-2.0,-1.0,-83.0
1777890860.3493323,-8.0,-1.0,-77.0
1777890860.3593323,-8.0,-1.0,-78.0
1777890860.3693323,-3.0,0.0,-76.0
1777890860.3793323,-3.0,1.0,-76.0
1777890860.3893323,0.0,1.0,-84.0
1777890860.3993323,0.0,0.0,-84.0
1777890860.4093325,0.0,-3.0,-82.0
1777890860.4193325,-2.0,-7.0,-81.0
1777890860.4293325,-3.0,-8.0,-77.0
1777890860.4393325,-8.0,-4.0,-76.0
1777890860.4493325,-7.0,-3.0,-70.0
1777890860.4593325,-2.0,-6.0,-72.0
1777890860.4693325,1.0,-2.0,-81.0
1777890860.4793324,3.0,-2.0,-83.0
1777890860.4893324,7.0,-4.0,-73.0
1777890860.4993324,0.0,-2.0,-76.0
1777890860.5093324,3.0,-1.0,-81.0
1777890860.5193324,7.0,2.0,-82.0
1777890860.5293324,4.0,-4.0,-81.0
1777890860.5393324,5.0,-6.0,-77.0
1777890860.5493324,4.0,-3.0,-78.0
1777890860.5593324,5.0,-4.0,-74.0
1777890860.5693324,6.0,-5.0,-75.0
1777890860.5793324,3.0,-11.0,-78.0
1777890860.5893323,-1.0,-11.0,-75.0
1777890860.5993323,1.0,-11.0,-72.0
1777890860.6093323,0.0,-9.0,-69.0
1777890860.6193323,-2.0,-7.0,-80.0
1777890860.6293323,-5.0,-3.0,-71.0
1777890860.6393323,-3.0,1.0,-68.0
1777890860.6493323,0.0,2.0,-65.0
1777890860.6593325,-1.0,3.0,-61.0
1777890860.6693325,-1.0,0.0,-71.0
1777890860.6793325,-1.0,3.0,-72.0
1777890860.6893325,1.0,2.0,-71.0
1777890860.6993325,5.0,4.0,-71.0
1777890860.7093325,2.0,-1.0,-64.0
1777890860.7193325,6.0,0.0,-67.0
1777890860.7293324,6.0,2.0,-70.0
1777890860.7393324,6.0,1.0,-72.0
1777890860.7493324,3.0,2.0,-72.0
1777890860.7593324,1.0,5.0,-72.0
1777890860.7693324,0.0,1.0,-73.0
1777890860.7793324,1.0,0.0,-68.0
1777890860.7893324,1.0,0.0,-68.0
1777890860.7993324,1.0,0.0,-65.0
1777890860.8093324,0.0,-2.0,-71.0
1777890860.8193324,0.0,-3.0,-70.0
1777890860.8293324,-2.0,0.0,-66.0
1777890860.8393323,-7.0,4.0,-63.0
1777890860.8493323,-7.0,3.0,-63.0
1777890860.8593323,-4.0,2.0,-63.0
1777890860.8693323,-3.0,2.0,-63.0
1777890860.8793323,-4.0,-1.0,-63.0
1777890860.8893323,-5.0,0.0,-70.0
1777890860.8993323,-2.0,1.0,-68.0
1777890860.9093325,4.0,6.0,-63.0
1777890860.9193325,7.0,6.0,-68.0
1777890860.9293325,4.0,4.0,-72.0
1777890860.9393325,3.0,4.0,-73.0
1777890860.9493325,1.0,6.0,-70.0
1777890860.9593325,4.0,5.0,-69.0
1777890860.9693325,2.0,2.0,-65.0
1777890860.9793324,5.0,0.0,-54.0
1777890860.9893324,7.0,0.0,-54.0
1777890860.9993324,8.0,-2.0,-61.0
1777890861.0093324,10.0,-2.0,-57.0
1777890861.0193324,7.0,-2.0,-59.0
1777890861.0293324,6.0,-2.0,-64.0
1777890861.0393324,6.0,0.0,-67.0
1777890861.0493324,3.0,0.0,-71.0
1777890861.0593324,0.0,0.0,-75.0
1777890861.0693324,6.0,0.0,-71.0
1777890861.0793324,3.0,-1.0,-69.0
1777890861.0893323,-1.0,-3.0,-71.0
1777890861.0993323,0.0,-4.0,-65.0
1777890861.1093323,-1.0,0.0,-70.0
1777890861.1193323,2.0,2.0,-76.0
1777890861.1293323,1.0,0.0,-74.0
1777890861.1393323,0.0,-2.0,-84.0
1777890861.1493323,4.0,-4.0,-84.0
1777890861.1593325,4.0,-3.0,-84.0
1777890861.1693325,4.0,-4.0,-82.0
1777890861.1793325,7.0,-7.0,-85.0
1777890861.1893325,9.0,-1.0,-81.0
1777890861.1993325,4.0,0.0,-78.0
1777890861.2093325,1.0,-2.0,-70.0
1777890861.2193325,0.0,-3.0,-70.0
1777890861.2293324,1.0,-2.0,-69.0
1777890861.2393324,4.0,-4.0,-71.0
1777890861.2493324,6.0,-5.0,-70.0
1777890861.2593324,7.0,-5.0,-73.0
1777890861.2693324,6.0,-4.0,-64.0
1777890861.2793324,6.0,-5.0,-62.0
1777890861.2893324,6.0,-5.0,-62.0
1777890861.2993324,3.0,-5.0,-66.0
1777890861.3093324,0.0,-1.0,-74.0
1777890861.3193324,3.0,3.0,-72.0
1777890861.3293324,1.0,3.0,-77.0
1777890861.3393323,5.0,-1.0,-73.0
1777890861.3493323,6.0,1.0,-68.0
1777890861.3593323,3.0,3.0,-71.0
1777890861.3693323,1.0,2.0,-72.0
1777890861.3793323,-1.0,4.0,-74.0
1777890861.3893323,-4.0,1.0,-70.0
1777890861.3993323,0.0,-2.0,-67.0
1777890861.4093325,5.0,-4.0,-63.0
1777890861.4193325,4.0,-6.0,-59.0
1777890861.4293325,6.0,-1.0,-58.0
1777890861.4393325,8.0,2.0,-63.0
1777890861.4493325,7.0,4.0,-58.0
1777890861.4593325,6.0,4.0,-60.0
1777890861.4693325,4.0,4.0,-62.0
1777890861.4793324,1.0,5.0,-70.0
1777890861.4893324,2.0,5.0,-76.0
1777890861.4993324,4.0,2.0,-78.0
1777890861.5093324,6.0,4.0,-77.0
1777890861.5193324,4.0,4.0,-85.0
1777890861.5293324,1.0,7.0,-81.0
1777890861.5393324,0.0,6.0,-81.0
1777890861.5493324,-3.0,3.0,-79.0
1777890861.5593324,-1.0,3.0,-80.0
1777890861.5703323,2.0,3.0,-82.0
1777890861.5793324,4.0,2.0,-78.0
1777890861.5903325,1.0,1.0,-75.0
1777890861.6003325,-1.0,-1.0,-71.0
1777890861.6103325,-1.0,0.0,-65.0
1777890861.6213324,-3.0,0.0,-67.0
1777890861.6303325,-4.0,1.0,-67.0
1777890861.6403325,-5.0,2.0,-75.0
1777890861.6503325,0.0,0.0,-72.0
1777890861.6603324,0.0,0.0,-73.0
1777890861.6703324,-6.0,-4.0,-72.0
1777890861.6803324,0.0,-6.0,-82.0
1777890861.6903324,2.0,-4.0,-81.0
1777890861.7003324,0.0,-4.0,-83.0
1777890861.7103324,-4.0,-10.0,-80.0
1777890861.7203324,2.0,-6.0,-76.0
1777890861.7303324,2.0,-5.0,-72.0
1777890861.7403324,0.0,-3.0,-65.0
1777890861.7503324,0.0,-4.0,-71.0
1777890861.7603323,0.0,-1.0,-82.0
1777890861.7703323,-2.0,-1.0,-81.0
1777890861.7803323,-3.0,3.0,-78.0
1777890861.7903323,-5.0,5.0,-70.0
1777890861.8003323,-3.0,9.0,-67.0
1777890861.8103323,-1.0,2.0,-72.0
1777890861.8203323,-2.0,0.0,-75.0
1777890861.8303325,-1.0,1.0,-74.0
1777890861.8403325,-5.0,-1.0,-78.0
1777890861.8503325,-1.0,-4.0,-83.0
1777890861.8603325,1.0,-3.0,-78.0
1777890861.8703325,3.0,-7.0,-81.0
1777890861.8803325,6.0,-8.0,-81.0
1777890861.8903325,6.0,-8.0,-81.0
1777890861.9003325,6.0,-7.0,-86.0
1777890861.9103324,2.0,-5.0,-86.0
1777890861.9203324,5.0,-3.0,-79.0
1777890861.9303324,4.0,-4.0,-81.0
1777890861.9403324,1.0,-1.0,-77.0
1777890861.9503324,-1.0,0.0,-74.0
1777890861.9603324,-3.0,-3.0,-75.0
1777890861.9703324,0.0,-3.0,-79.0
1777890861.9803324,-2.0,-3.0,-71.0
1777890861.9903324,2.0,0.0,-61.0
1777890862.0003324,6.0,-1.0,-64.0
1777890862.0103323,4.0,-3.0,-71.0
1777890862.0203323,3.0,-6.0,-76.0
1777890862.0303323,3.0,-1.0,-77.0
1777890862.0403323,1.0,-1.0,-77.0
1777890862.0503323,0.0,0.0,-80.0
1777890862.0603323,0.0,-1.0,-78.0
1777890862.0703323,0.0,-4.0,-72.0
1777890862.0803325,2.0,-3.0,-67.0
1777890862.0903325,3.0,-1.0,-71.0
1777890862.1003325,2.0,-2.0,-72.0
1777890862.1103325,7.0,-3.0,-68.0
1777890862.1203325,5.0,0.0,-68.0
1777890862.1303325,4.0,1.0,-69.0
1777890862.1403325,0.0,1.0,-67.0
1777890862.1503325,-1.0,-2.0,-68.0
1777890862.1603324,1.0,-1.0,-69.0
1777890862.1703324,0.0,-4.0,-69.0
1777890862.1803324,0.0,-4.0,-67.0
1777890862.1903324,0.0,-4.0,-68.0
1777890862.2003324,-1.0,-1.0,-71.0
1777890862.2103324,1.0,3.0,-66.0
1777890862.2203324,6.0,6.0,-73.0
1777890862.2303324,8.0,6.0,-74.0
1777890862.2403324,13.0,8.0,-75.0
1777890862.2503324,9.0,8.0,-70.0
1777890862.2603323,2.0,3.0,-73.0
1777890862.2703323,0.0,0.0,-70.0
1777890862.2803323,0.0,0.0,-76.0
1777890862.2903323,-6.0,-2.0,-81.0
1777890862.3003323,-9.0,1.0,-78.0
1777890862.3103323,-8.0,0.0,-77.0
1777890862.3203323,-7.0,1.0,-76.0
1777890862.3303325,-4.0,2.0,-71.0
1777890862.3403325,-3.0,3.0,-72.0
1777890862.3503325,-2.0,2.0,-70.0
1777890862.3603325,0.0,3.0,-74.0
1777890862.3703325,0.0,2.0,-72.0
1777890862.3803325,-1.0,-2.0,-76.0
1777890862.3903325,-2.0,-4.0,-75.0
1777890862.4003325,0.0,0.0,-71.0
1777890862.4103324,0.0,0.0,-72.0
1777890862.4203324,0.0,0.0,-69.0
1777890862.4303324,0.0,-7.0,-72.0
1777890862.4403324,2.0,-4.0,-72.0
1777890862.4503324,1.0,-2.0,-69.0
1777890862.4603324,1.0,-1.0,-70.0
1777890862.4703324,4.0,0.0,-75.0
1777890862.4803324,8.0,-5.0,-80.0
1777890862.4903324,7.0,-5.0,-80.0
1777890862.5003324,7.0,-2.0,-72.0
1777890862.5103323,7.0,-5.0,-69.0
1777890862.5203323,11.0,-3.0,-71.0
1777890862.5303323,7.0,-5.0,-74.0
1777890862.5403323,6.0,-4.0,-72.0
1777890862.5503323,5.0,0.0,-72.0
1777890862.5603323,6.0,1.0,-76.0
1777890862.5703323,-3.0,5.0,-71.0
1777890862.5803325,-1.0,3.0,-68.0
1777890862.5903325,-1.0,0.0,-66.0
1777890862.6003325,-3.0,-5.0,-64.0
1777890862.6103325,2.0,-2.0,-68.0
1777890862.6203325,2.0,1.0,-73.0
1777890862.6303325,1.0,1.0,-72.0
1777890862.6403325,0.0,1.0,-76.0
1777890862.6503325,0.0,0.0,-76.0
1777890862.6603324,-1.0,0.0,-77.0
1777890862.6703324,0.0,3.0,-76.0
1777890862.6803324,-1.0,5.0,-77.0
1777890862.6903324,-4.0,5.0,-76.0
1777890862.7003324,0.0,1.0,-76.0
1777890862.7103324,8.0,0.0,-81.0
1777890862.7203324,8.0,3.0,-76.0
1777890862.7303324,6.0,0.0,-77.0
1777890862.7403324,4.0,0.0,-74.0
1777890862.7503324,4.0,-2.0,-74.0
1777890862.7603323,3.0,-1.0,-71.0
1777890862.7703323,0.0,-1.0,-64.0
1777890862.7803323,0.0,-2.0,-70.0
1777890862.7903323,-1.0,-4.0,-73.0
1777890862.8003323,1.0,-6.0,-69.0
1777890862.8103323,0.0,-1.0,-71.0
1777890862.8203323,-1.0,-2.0,-63.0
1777890862.8303325,-4.0,-5.0,-68.0
1777890862.8403325,0.0,-6.0,-76.0
1777890862.8503325,8.0,-4.0,-72.0
1777890862.8603325,11.0,0.0,-70.0
1777890862.8703325,11.0,4.0,-66.0
1777890862.8803325,8.0,2.0,-65.0
1777890862.8903325,6.0,1.0,-73.0
1777890862.9003325,8.0,5.0,-68.0
1777890862.9103324,5.0,6.0,-69.0
1777890862.9203324,5.0,3.0,-74.0
1777890862.9303324,4.0,0.0,-78.0
1777890862.9403324,0.0,3.0,-74.0
1777890862.9503324,-1.0,3.0,-68.0
1777890862.9603324,-1.0,5.0,-73.0
1777890862.9703324,0.0,6.0,-74.0
1777890862.9803324,0.0,6.0,-72.0
1777890862.9903324,-3.0,6.0,-74.0
1777890863.0003324,0.0,3.0,-72.0
1777890863.0103323,1.0,1.0,-76.0
1777890863.0203323,0.0,0.0,-77.0
1777890863.0303323,0.0,0.0,-79.0
1777890863.0403323,-2.0,-2.0,-82.0
1777890863.0503323,-2.0,-4.0,-85.0
1777890863.0603323,1.0,-1.0,-82.0
1777890863.0703323,2.0,0.0,-86.0
1777890863.0803325,5.0,2.0,-80.0
1777890863.0903325,3.0,1.0,-78.0
1777890863.1003325,0.0,0.0,-83.0
1777890863.1103325,-3.0,-1.0,-81.0
1777890863.1203325,-2.0,-2.0,-80.0
1777890863.1303325,-4.0,3.0,-77.0
1777890863.1403325,0.0,2.0,-69.0
1777890863.1503325,3.0,0.0,-64.0
1777890863.1603324,0.0,-3.0,-63.0
1777890863.1703324,-2.0,-4.0,-71.0
1777890863.1803324,-2.0,-5.0,-76.0
1777890863.1903324,-2.0,-4.0,-78.0
1777890863.2003324,0.0,0.0,-85.0
1777890863.2103324,0.0,1.0,-84.0
1777890863.2203324,0.0,1.0,-82.0
1777890863.2303324,0.0,2.0,-81.0
1777890863.2403324,-1.0,0.0,-77.0
1777890863.2503324,-1.0,0.0,-83.0
1777890863.2603323,0.0,-1.0,-82.0
1777890863.2703323,0.0,-5.0,-71.0
1777890863.2803323,-1.0,-8.0,-61.0
1777890863.2903323,3.0,-8.0,-66.0
1777890863.3003323,1.0,-7.0,-63.0
1777890863.3103323,5.0,-7.0,-67.0
1777890863.3203323,2.0,-3.0,-67.0
1777890863.3303325,-1.0,-2.0,-67.0
1777890863.3403325,-6.0,-2.0,-65.0
1777890863.3503325,-2.0,-5.0,-68.0
1777890863.3603325,-7.0,-3.0,-64.0
1777890863.3703325,-10.0,-4.0,-66.0
1777890863.3803325,-6.0,-4.0,-67.0
1777890863.3903325,-6.0,-6.0,-68.0
1777890863.4003325,-6.0,-2.0,-69.0
1777890863.4103324,0.0,2.0,-60.0
1777890863.4203324,-2.0,7.0,-57.0
1777890863.4303324,-2.0,10.0,-62.0
1777890863.4403324,0.0,9.0,-71.0
1777890863.4503324,4.0,6.0,-78.0
1777890863.4603324,4.0,6.0,-74.0
1777890863.4703324,5.0,6.0,-70.0
1777890863.4803324,7.0,5.0,-72.0
1777890863.4903324,10.0,4.0,-70.0
1777890863.5003324,5.0,3.0,-73.0
1777890863.5103323,8.0,2.0,-70.0
1777890863.5203323,9.0,4.0,-69.0
1777890863.5303323,9.0,2.0,-66.0
1777890863.5403323,7.0,2.0,-61.0
1777890863.5503323,5.0,0.0,-60.0
1777890863.5603323,5.0,0.0,-62.0
1777890863.5703323,7.0,-2.0,-71.0
1777890863.5813324,5.0,-4.0,-70.0
1777890863.5903325,2.0,-6.0,-65.0
1777890863.6013324,5.0,-6.0,-66.0
1777890863.6113324,4.0,-8.0,-68.0
1777890863.6213324,9.0,-2.0,-66.0
1777890863.6313324,8.0,-3.0,-71.0
1777890863.6413324,5.0,0.0,-73.0
1777890863.6513324,5.0,0.0,-79.0
1777890863.6613324,4.0,7.0,-78.0
1777890863.6713324,4.0,7.0,-80.0
1777890863.6813323,2.0,4.0,-79.0
1777890863.6913323,-2.0,2.0,-75.0
1777890863.7013323,-1.0,0.0,-69.0
1777890863.7113323,2.0,-2.0,-72.0
1777890863.7213323,4.0,-1.0,-75.0
1777890863.7313323,1.0,0.0,-73.0
1777890863.7413323,8.0,0.0,-74.0
1777890863.7513323,6.0,-2.0,-79.0
1777890863.7613325,6.0,0.0,-77.0
1777890863.7713325,6.0,0.0,-75.0
1777890863.7813325,2.0,0.0,-78.0
1777890863.7913325,-3.0,2.0,-73.0
1777890863.8013325,-3.0,0.0,-75.0
1777890863.8113325,-2.0,-1.0,-71.0
1777890863.8213325,0.0,-3.0,-65.0
1777890863.8313324,-2.0,-2.0,-71.0
1777890863.8413324,1.0,-1.0,-72.0
1777890863.8513324,2.0,-1.0,-75.0
1777890863.8613324,-2.0,0.0,-77.0
1777890863.8713324,-2.0,4.0,-71.0
1777890863.8813324,-2.0,0.0,-72.0
1777890863.8913324,-3.0,-1.0,-72.0
1777890863.9013324,-4.0,-3.0,-66.0
1777890863.9113324,-5.0,2.0,-66.0
1777890863.9213324,-1.0,0.0,-67.0
1777890863.9313323,-2.0,3.0,-75.0
1777890863.9413323,-9.0,1.0,-75.0
1777890863.9513323,-6.0,0.0,-75.0
1777890863.9613323,-4.0,0.0,-69.0
1777890863.9713323,-5.0,0.0,-61.0
1777890863.9813323,1.0,0.0,-62.0
1777890863.9913323,5.0,-3.0,-63.0
1777890864.0013323,0.0,-1.0,-71.0
1777890864.0113325,-3.0,-1.0,-64.0
1777890864.0213325,0.0,0.0,-62.0
1777890864.0313325,4.0,-4.0,-60.0
1777890864.0413325,4.0,-4.0,-64.0
1777890864.0513325,3.0,-2.0,-64.0
1777890864.0613325,6.0,-4.0,-65.0
1777890864.0713325,5.0,-5.0,-68.0
1777890864.0813324,5.0,-3.0,-69.0
1777890864.0913324,8.0,-1.0,-78.0
1777890864.1013324,9.0,-3.0,-74.0
1777890864.1113324,4.0,0.0,-71.0
1777890864.1213324,5.0,-1.0,-73.0
1777890864.1313324,3.0,-1.0,-74.0
1777890864.1413324,2.0,1.0,-69.0
1777890864.1513324,0.0,2.0,-68.0
1777890864.1613324,-3.0,2.0,-61.0
1777890864.1713324,-2.0,-1.0,-66.0
1777890864.1813323,-2.0,-4.0,-68.0
1777890864.1913323,1.0,-2.0,-76.0
1777890864.2013323,8.0,0.0,-77.0
1777890864.2113323,5.0,-5.0,-75.0
1777890864.2213323,4.0,-7.0,-76.0
1777890864.2313323,2.0,-8.0,-68.0
1777890864.2413323,2.0,-8.0,-64.0
1777890864.2513323,5.0,-7.0,-66.0
1777890864.2613325,5.0,-10.0,-64.0
1777890864.2713325,0.0,-11.0,-69.0
1777890864.2813325,2.0,-14.0,-67.0
1777890864.2913325,-1.0,-8.0,-61.0
1777890864.3013325,-4.0,-5.0,-66.0
1777890864.3113325,-4.0,-10.0,-67.0
1777890864.3213325,-6.0,-7.0,-69.0
1777890864.3313324,-5.0,-10.0,-70.0
1777890864.3413324,-4.0,-7.0,-67.0
1777890864.3513324,-3.0,-4.0,-69.0
1777890864.3613324,-2.0,-4.0,-69.0
1777890864.3713324,2.0,-4.0,-69.0
1777890864.3813324,1.0,-2.0,-71.0
1777890864.3913324,2.0,0.0,-68.0
1777890864.4013324,2.0,2.0,-71.0
1777890864.4113324,0.0,1.0,-71.0
1777890864.4213324,0.0,2.0,-79.0
1777890864.4313323,-1.0,5.0,-80.0
1777890864.4413323,-1.0,4.0,-79.0
1777890864.4513323,1.0,2.0,-83.0
1777890864.4613323,3.0,-1.0,-75.0
1777890864.4713323,8.0,-8.0,-71.0
1777890864.4813323,7.0,-11.0,-67.0
1777890864.4913323,6.0,-10.0,-63.0
1777890864.5013323,3.0,-5.0,-67.0
1777890864.5113325,6.0,-1.0,-66.0
1777890864.5213325,9.0,0.0,-71.0
1777890864.5313325,8.0,-3.0,-73.0
1777890864.5413325,9.0,-6.0,-69.0
1777890864.5513325,5.0,-4.0,-71.0
1777890864.5613325,2.0,-6.0,-76.0
1777890864.5713325,6.0,-2.0,-76.0
1777890864.5813324,12.0,0.0,-81.0
1777890864.5913324,14.0,1.0,-83.0
1777890864.6013324,12.0,-1.0,-77.0
1777890864.6113324,8.0,2.0,-78.0
1777890864.6213324,7.0,0.0,-81.0
1777890864.6313324,6.0,0.0,-75.0
1777890864.6413324,5.0,0.0,-77.0
1777890864.6513324,3.0,-1.0,-72.0
1777890864.6613324,5.0,3.0,-75.0
1777890864.6713324,2.0,5.0,-70.0
1777890864.6813323,2.0,5.0,-64.0
1777890864.6913323,2.0,6.0,-69.0
1777890864.7013323,2.0,7.0,-69.0
1777890864.7113323,0.0,5.0,-68.0
1777890864.7213323,-1.0,3.0,-66.0
1777890864.7313323,-6.0,1.0,-66.0
1777890864.7413323,-5.0,0.0,-64.0
1777890864.7513323,-2.0,-4.0,-67.0
1777890864.7613325,-1.0,-5.0,-70.0
1777890864.7713325,-1.0,1.0,-67.0
1777890864.7813325,-3.0,-1.0,-72.0
1777890864.7913325,-5.0,0.0,-73.0
1777890864.8013325,-4.0,-2.0,-62.0
1777890864.8113325,-1.0,-2.0,-62.0
1777890864.8213325,-2.0,-1.0,-62.0
1777890864.8313324,1.0,0.0,-69.0
1777890864.8413324,6.0,0.0,-73.0
1777890864.8513324,2.0,-3.0,-80.0
1777890864.8613324,4.0,-1.0,-81.0
1777890864.8713324,8.0,-1.0,-81.0
1777890864.8813324,8.0,1.0,-76.0
1777890864.8913324,8.0,0.0,-74.0
1777890864.9013324,10.0,-2.0,-75.0
1777890864.9113324,8.0,0.0,-73.0
1777890864.9213324,6.0,0.0,-72.0
1777890864.9313323,4.0,0.0,-68.0
1777890864.9413323,4.0,-1.0,-67.0
1777890864.9513323,1.0,0.0,-68.0
1777890864.9613323,2.0,0.0,-70.0
1777890864.9713323,0.0,-2.0,-75.0
1777890864.9813323,-3.0,0.0,-79.0
1777890864.9913323,-4.0,2.0,-82.0
1777890865.0013323,-2.0,0.0,-84.0
1777890865.0113325,-3.0,1.0,-81.0
1777890865.0213325,0.0,-5.0,-78.0
1777890865.0313325,0.0,-8.0,-82.0
1777890865.0413325,3.0,-2.0,-83.0
1777890865.0513325,3.0,-5.0,-79.0
1777890865.0613325,0.0,-7.0,-81.0
1777890865.0713325,-2.0,-7.0,-77.0
1777890865.0813324,-1.0,-5.0,-75.0
1777890865.0913324,-3.0,-7.0,-74.0
1777890865.1013324,0.0,-9.0,-82.0
1777890865.1113324,2.0,-7.0,-82.0
1777890865.1213324,4.0,-8.0,-78.0
1777890865.1313324,2.0,-10.0,-77.0
1777890865.1413324,1.0,-9.0,-76.0
1777890865.1513324,-1.0,-8.0,-82.0
1777890865.1613324,1.0,-3.0,-85.0
1777890865.1713324,2.0,-5.0,-86.0
1777890865.1813323,-2.0,-5.0,-86.0
1777890865.1913323,-1.0,-4.0,-86.0
1777890865.2013323,-1.0,-2.0,-82.0
1777890865.2113323,0.0,0.0,-75.0
1777890865.2213323,3.0,-1.0,-79.0
1777890865.2313323,3.0,-1.0,-80.0
1777890865.2413323,1.0,-3.0,-75.0
1777890865.2513323,3.0,-4.0,-83.0
1777890865.2613325,1.0,-1.0,-76.0
1777890865.2713325,6.0,2.0,-75.0
1777890865.2813325,5.0,5.0,-78.0
1777890865.2913325,0.0,1.0,-73.0
1777890865.3013325,-2.0,-1.0,-74.0
1777890865.3113325,-9.0,0.0,-78.0
1777890865.3213325,-6.0,0.0,-80.0
1777890865.3313324,0.0,1.0,-86.0
1777890865.3413324,6.0,0.0,-83.0
1777890865.3513324,4.0,-2.0,-81.0
1777890865.3613324,4.0,-5.0,-79.0
1777890865.3713324,5.0,-3.0,-75.0
1777890865.3813324,5.0,0.0,-72.0
1777890865.3913324,4.0,0.0,-71.0
1777890865.4013324,3.0,-4.0,-68.0
1777890865.4113324,5.0,-2.0,-69.0
1777890865.4213324,2.0,-1.0,-71.0
1777890865.4313323,2.0,2.0,-70.0
1777890865.4413323,5.0,4.0,-70.0
1777890865.4513323,3.0,2.0,-71.0
1777890865.4613323,0.0,0.0,-67.0
1777890865.4713323,2.0,0.0,-69.0
1777890865.4813323,0.0,0.0,-72.0
1777890865.4913323,0.0,0.0,-70.0
1777890865.5013323,-2.0,0.0,-69.0
1777890865.5113325,-4.0,-2.0,-73.0
1777890865.5213325,-3.0,0.0,-66.0
1777890865.5313325,0.0,0.0,-70.0
1777890865.5413325,4.0,-1.0,-70.0
1777890865.5513325,-1.0,-5.0,-73.0
1777890865.5613325,0.0,-2.0,-74.0
1777890865.5723324,-8.0,-2.0,-73.0
1777890865.5823324,-5.0,-3.0,-70.0
1777890865.5923324,-3.0,-5.0,-72.0
1777890865.6023324,-3.0,-4.0,-71.0
1777890865.6123323,0.0,-4.0,-69.0
1777890865.6213324,-1.0,1.0,-72.0
1777890865.6323323,0.0,1.0,-79.0
1777890865.6423323,0.0,1.0,-75.0
1777890865.6523323,-3.0,1.0,-75.0
1777890865.6623323,-1.0,-1.0,-81.0
1777890865.6723323,-1.0,-2.0,-86.0
1777890865.6823325,0.0,-4.0,-83.0
1777890865.6923325,2.0,-3.0,-84.0
1777890865.7023325,3.0,-4.0,-82.0
1777890865.7123325,2.0,-1.0,-85.0
1777890865.7223325,3.0,0.0,-79.0
1777890865.7323325,2.0,0.0,-82.0
1777890865.7423325,5.0,-3.0,-84.0
1777890865.7523324,6.0,-4.0,-85.0
1777890865.7623324,2.0,-1.0,-82.0
1777890865.7723324,4.0,0.0,-76.0
1777890865.7823324,4.0,-1.0,-72.0
1777890865.7923324,3.0,1.0,-74.0
1777890865.8023324,0.0,0.0,-80.0
1777890865.8123324,3.0,0.0,-75.0
1777890865.8223324,6.0,1.0,-71.0
1777890865.8323324,6.0,0.0,-72.0
1777890865.8423324,3.0,0.0,-78.0
1777890865.8523324,3.0,-1.0,-80.0
1777890865.8623323,6.0,-6.0,-77.0
1777890865.8723323,8.0,-7.0,-73.0
1777890865.8823323,3.0,-4.0,-74.0
1777890865.8923323,4.0,-6.0,-78.0
1777890865.9023323,0.0,-3.0,-78.0
1777890865.9123323,-1.0,-4.0,-74.0
1777890865.9223323,-5.0,-7.0,-81.0
1777890865.9323325,-5.0,-7.0,-81.0
1777890865.9423325,-3.0,-6.0,-81.0
1777890865.9523325,-3.0,-2.0,-74.0
1777890865.9623325,0.0,-2.0,-67.0
1777890865.9723325,-1.0,-6.0,-68.0
1777890865.9823325,0.0,-7.0,-64.0
1777890865.9923325,-4.0,-7.0,-64.0
1777890866.0023324,-5.0,-12.0,-70.0
1777890866.0123324,-1.0,-10.0,-68.0
1777890866.0223324,1.0,-7.0,-70.0
1777890866.0323324,-1.0,-3.0,-71.0
1777890866.0423324,-4.0,-5.0,-75.0
1777890866.0523324,1.0,-5.0,-74.0
1777890866.0623324,7.0,-4.0,-71.0
1777890866.0723324,4.0,-5.0,-65.0
1777890866.0823324,4.0,-4.0,-64.0
1777890866.0923324,1.0,-5.0,-65.0
1777890866.1023324,2.0,-5.0,-75.0
1777890866.1123323,-2.0,-2.0,-67.0
1777890866.1223323,-4.0,2.0,-65.0
1777890866.1323323,-1.0,0.0,-74.0
1777890866.1423323,-2.0,-2.0,-72.0
1777890866.1523323,0.0,-7.0,-68.0
1777890866.1623323,0.0,-6.0,-64.0
1777890866.1723323,1.0,-7.0,-61.0
1777890866.1823325,1.0,-7.0,-68.0
1777890866.1923325,2.0,-5.0,-72.0
1777890866.2023325,3.0,-3.0,-73.0
1777890866.2123325,8.0,-8.0,-73.0
1777890866.2223325,5.0,-8.0,-71.0
1777890866.2323325,4.0,-5.0,-70.0
1777890866.2423325,5.0,-4.0,-66.0
1777890866.2523324,4.0,0.0,-74.0
1777890866.2623324,4.0,-1.0,-74.0
1777890866.2723324,3.0,0.0,-68.0
1777890866.2823324,0.0,1.0,-70.0
1777890866.2923324,-3.0,-1.0,-73.0
1777890866.3023324,-1.0,-1.0,-70.0
1777890866.3123324,0.0,1.0,-73.0
1777890866.3223324,-1.0,0.0,-73.0
1777890866.3323324,-1.0,-2.0,-72.0
1777890866.3423324,-1.0,-6.0,-68.0
1777890866.3523324,0.0,-7.0,-67.0
1777890866.3623323,0.0,-10.0,-71.0
1777890866.3723323,1.0,-10.0,-67.0
1777890866.3823323,0.0,-6.0,-65.0
1777890866.3923323,4.0,-5.0,-69.0
1777890866.4023323,6.0,-3.0,-68.0
1777890866.4123323,6.0,-5.0,-65.0
1777890866.4223323,12.0,-2.0,-61.0
1777890866.4323325,7.0,-2.0,-62.0
1777890866.4423325,3.0,0.0,-62.0
1777890866.4523325,2.0,-1.0,-64.0
1777890866.4623325,2.0,0.0,-72.0
1777890866.4723325,0.0,-3.0,-80.0
1777890866.4823325,5.0,0.0,-82.0
1777890866.4923325,10.0,-4.0,-83.0
1777890866.5023324,7.0,-6.0,-85.0
1777890866.5123324,8.0,-7.0,-91.0
1777890866.5223324,4.0,-7.0,-89.0
1777890866.5323324,7.0,-4.0,-80.0
1777890866.5423324,5.0,-2.0,-75.0
1777890866.5523324,2.0,-3.0,-71.0
1777890866.5623324,0.0,-2.0,-73.0
1777890866.5723324,-2.0,-6.0,-76.0
1777890866.5823324,1.0,-6.0,-82.0
1777890866.5923324,-2.0,-2.0,-77.0
1777890866.6023324,0.0,-1.0,-77.0
1777890866.6123323,-3.0,-3.0,-81.0
1777890866.6223323,0.0,-6.0,-82.0
1777890866.6323323,-3.0,-7.0,-81.0
1777890866.6423323,-6.0,-9.0,-84.0
1777890866.6523323,-10.0,-8.0,-80.0
1777890866.6623323,-6.0,-7.0,-75.0
1777890866.6723323,-5.0,-9.0,-75.0
1777890866.6823325,-4.0,-8.0,-81.0
1777890866.6923325,-1.0,-5.0,-82.0
1777890866.7023325,-3.0,-5.0,-84.0
1777890866.7123325,-2.0,-7.0,-83.0
1777890866.7223325,0.0,-7.0,-82.0
1777890866.7323325,3.0,-8.0,-79.0
1777890866.7423325,8.0,-7.0,-83.0
1777890866.7523324,8.0,-3.0,-77.0
1777890866.7623324,5.0,-1.0,-75.0
1777890866.7723324,2.0,1.0,-76.0
1777890866.7823324,-3.0,0.0,-75.0
1777890866.7923324,0.0,4.0,-81.0
1777890866.8023324,6.0,5.0,-80.0
1777890866.8123324,6.0,2.0,-71.0
1777890866.8223324,7.0,0.0,-67.0
1777890866.8323324,6.0,-6.0,-66.0
1777890866.8423324,1.0,-9.0,-76.0
1777890866.8523324,1.0,-5.0,-74.0
1777890866.8623323,4.0,-7.0,-69.0
1777890866.8723323,5.0,-6.0,-70.0
1777890866.8823323,0.0,-2.0,-68.0
1777890866.8923323,-2.0,0.0,-69.0
1777890866.9023323,0.0,0.0,-72.0
1777890866.9123323,0.0,4.0,-74.0
1777890866.9223323,0.0,-1.0,-69.0
1777890866.9323325,0.0,-4.0,-73.0
1777890866.9423325,-1.0,-2.0,-75.0
1777890866.9523325,-3.0,-4.0,-72.0
1777890866.9623325,-1.0,-3.0,-78.0
1777890866.9723325,0.0,-4.0,-73.0
1777890866.9823325,-1.0,-2.0,-70.0
1777890866.9923325,1.0,-7.0,-70.0
1777890867.0023324,-1.0,-5.0,-70.0
1777890867.0123324,-2.0,-2.0,-71.0
1777890867.0223324,-4.0,-2.0,-65.0
1777890867.0323324,-6.0,0.0,-58.0
1777890867.0423324,-7.0,4.0,-57.0
1777890867.0523324,-6.0,2.0,-58.0
1777890867.0623324,-6.0,0.0,-65.0
1777890867.0723324,-5.0,0.0,-73.0
1777890867.0823324,-1.0,-8.0,-75.0
1777890867.0923324,1.0,-10.0,-77.0
1777890867.1023324,1.0,-9.0,-76.0
1777890867.1123323,1.0,-6.0,-75.0
1777890867.1223323,8.0,-4.0,-69.0
1777890867.1323323,11.0,-5.0,-71.0
1777890867.1423323,14.0,-7.0,-75.0
1777890867.1523323,14.0,-6.0,-76.0
1777890867.1623323,13.0,-3.0,-76.0
1777890867.1723323,15.0,-4.0,-75.0
1777890867.1823325,11.0,-5.0,-77.0
1777890867.1923325,7.0,-4.0,-76.0
1777890867.2023325,4.0,-2.0,-73.0
1777890867.2123325,4.0,-1.0,-70.0
1777890867.2223325,-2.0,-3.0,-69.0
1777890867.2323325,0.0,-3.0,-65.0
1777890867.2423325,1.0,-2.0,-63.0
1777890867.2523324,4.0,0.0,-67.0
1777890867.2623324,2.0,-1.0,-70.0
1777890867.2723324,0.0,-2.0,-70.0
1777890867.2823324,2.0,-1.0,-66.0
1777890867.2923324,1.0,1.0,-66.0
1777890867.3023324,3.0,1.0,-71.0
1777890867.3123324,0.0,3.0,-75.0
1777890867.3223324,1.0,2.0,-73.0
1777890867.3323324,3.0,0.0,-71.0
1777890867.3423324,2.0,0.0,-68.0
1777890867.3523324,3.0,-4.0,-68.0
1777890867.3623323,4.0,-4.0,-64.0
1777890867.3723323,3.0,-3.0,-66.0
1777890867.3823323,-1.0,-5.0,-67.0
1777890867.3923323,0.0,-5.0,-66.0
1777890867.4023323,0.0,-4.0,-67.0
1777890867.4123323,-2.0,-4.0,-66.0
1777890867.4223323,0.0,-2.0,-67.0
1777890867.4323325,0.0,2.0,-66.0
1777890867.4423325,2.0,3.0,-71.0
1777890867.4523325,6.0,2.0,-75.0
1777890867.4623325,4.0,5.0,-74.0
1777890867.4723325,6.0,9.0,-74.0
1777890867.4823325,7.0,11.0,-69.0
1777890867.4923325,8.0,5.0,-64.0
1777890867.5023324,1.0,-2.0,-70.0
1777890867.5123324,3.0,-4.0,-71.0
1777890867.5223324,2.0,-8.0,-77.0
1777890867.5323324,0.0,-7.0,-78.0
1777890867.5433323,0.0,-8.0,-78.0
1777890867.5533323,-1.0,-4.0,-72.0
1777890867.5623324,-3.0,-5.0,-66.0
1777890867.5733323,-5.0,-5.0,-65.0
1777890867.5833323,-5.0,-5.0,-63.0
1777890867.5933323,-3.0,-3.0,-65.0
1777890867.6033323,-2.0,0.0,-71.0
1777890867.6133325,4.0,5.0,-71.0
1777890867.6233325,5.0,5.0,-73.0
1777890867.6333325,4.0,3.0,-76.0
1777890867.6433325,5.0,0.0,-78.0
1777890867.6533325,3.0,-1.0,-76.0
1777890867.6633325,2.0,-5.0,-68.0
1777890867.6733325,6.0,-7.0,-63.0
1777890867.6833324,6.0,-6.0,-71.0
1777890867.6933324,11.0,-9.0,-66.0
1777890867.7033324,10.0,-6.0,-66.0
1777890867.7133324,3.0,-1.0,-70.0
1777890867.7233324,1.0,0.0,-77.0
1777890867.7333324,1.0,-3.0,-75.0
1777890867.7433324,4.0,-3.0,-70.0
1777890867.7533324,2.0,-3.0,-71.0
1777890867.7633324,-1.0,-4.0,-78.0
1777890867.7733324,1.0,-4.0,-82.0
1777890867.7833323,3.0,-3.0,-79.0
1777890867.7933323,-2.0,-2.0,-75.0
1777890867.8033323,0.0,0.0,-74.0
1777890867.8133323,-1.0,0.0,-72.0
1777890867.8233323,-2.0,-2.0,-71.0
1777890867.8333323,-3.0,-4.0,-72.0
1777890867.8433323,-4.0,-3.0,-73.0
1777890867.8533323,-3.0,0.0,-70.0
1777890867.8633325,0.0,0.0,-74.0
1777890867.8733325,-1.0,0.0,-72.0
1777890867.8833325,-4.0,0.0,-70.0
1777890867.8933325,-7.0,-2.0,-66.0
1777890867.9033325,-4.0,-2.0,-58.0
1777890867.9133325,0.0,-7.0,-69.0
1777890867.9233325,1.0,-4.0,-69.0
1777890867.9333324,1.0,-4.0,-74.0
1777890867.9433324,2.0,-9.0,-78.0
1777890867.9533324,4.0,-10.0,-79.0
1777890867.9633324,4.0,-9.0,-69.0
1777890867.9733324,5.0,-6.0,-65.0
1777890867.9833324,2.0,-2.0,-65.0
1777890867.9933324,-1.0,-4.0,-66.0
1777890868.0033324,-1.0,0.0,-73.0
1777890868.0133324,2.0,2.0,-75.0
1777890868.0233324,0.0,0.0,-71.0
1777890868.0333323,5.0,0.0,-68.0
1777890868.0433323,7.0,1.0,-73.0
1777890868.0533323,9.0,0.0,-73.0
1777890868.0633323,7.0,0.0,-70.0
1777890868.0733323,2.0,0.0,-66.0
1777890868.0833323,4.0,3.0,-67.0
1777890868.0933323,2.0,2.0,-70.0
1777890868.1033323,2.0,4.0,-71.0
1777890868.1133325,1.0,-1.0,-69.0
1777890868.1233325,0.0,-7.0,-72.0
1777890868.1333325,0.0,-5.0,-77.0
1777890868.1433325,0.0,-4.0,-75.0
1777890868.1533325,6.0,-5.0,-72.0
1777890868.1633325,9.0,-4.0,-69.0
1777890868.1733325,7.0,-5.0,-70.0
1777890868.1833324,6.0,-4.0,-71.0
1777890868.1933324,9.0,-8.0,-69.0
1777890868.2033324,6.0,-8.0,-70.0
1777890868.2133324,6.0,-8.0,-74.0
1777890868.2233324,3.0,-7.0,-82.0
1777890868.2333324,1.0,-6.0,-83.0
1777890868.2433324,0.0,-7.0,-85.0
1777890868.2533324,0.0,-5.0,-81.0
1777890868.2633324,0.0,-4.0,-76.0
1777890868.2733324,0.0,-3.0,-72.0
1777890868.2833323,2.0,-2.0,-68.0
1777890868.2933323,2.0,-6.0,-68.0
1777890868.3033323,-3.0,-3.0,-77.0
1777890868.3133323,1.0,1.0,-78.0
1777890868.3233323,3.0,0.0,-77.0
1777890868.3333323,-1.0,-1.0,-79.0
1777890868.3433323,-2.0,-3.0,-83.0
1777890868.3533323,-1.0,-3.0,-83.0
1777890868.3633325,3.0,0.0,-82.0
1777890868.3733325,1.0,-3.0,-78.0
1777890868.3833325,1.0,-2.0,-83.0
1777890868.3933325,2.0,-1.0,-83.0
1777890868.4033325,1.0,0.0,-82.0
1777890868.4133325,2.0,1.0,-82.0
1777890868.4233325,3.0,1.0,-85.0
1777890868.4333324,1.0,1.0,-76.0
1777890868.4433324,4.0,4.0,-73.0
1777890868.4533324,3.0,6.0,-70.0
1777890868.4633324,2.0,0.0,-75.0
1777890868.4733324,1.0,-2.0,-81.0
1777890868.4833324,3.0,-1.0,-82.0
1777890868.4933324,4.0,-1.0,-82.0
1777890868.5033324,0.0,2.0,-84.0
1777890868.5133324,0.0,2.0,-87.0
1777890868.5233324,2.0,5.0,-85.0
1777890868.5333323,2.0,0.0,-82.0
1777890868.5433323,5.0,-2.0,-79.0
1777890868.5533323,2.0,-2.0,-79.0
1777890868.5633323,-2.0,-4.0,-78.0
1777890868.5733323,-5.0,-4.0,-74.0
1777890868.5833323,0.0,-4.0,-71.0
1777890868.5933323,2.0,-3.0,-71.0
1777890868.6033323,-2.0,-7.0,-70.0
1777890868.6133325,-1.0,-7.0,-66.0
1777890868.6233325,-3.0,-6.0,-66.0
1777890868.6333325,0.0,-8.0,-71.0
1777890868.6433325,2.0,-9.0,-70.0
1777890868.6533325,2.0,-7.0,-68.0
1777890868.6633325,1.0,-9.0,-70.0
1777890868.6733325,2.0,-6.0,-73.0
1777890868.6833324,0.0,-8.0,-76.0
1777890868.6933324,0.0,-4.0,-74.0
1777890868.7033324,4.0,-2.0,-77.0
1777890868.7133324,1.0,-1.0,-77.0
1777890868.7233324,0.0,0.0,-69.0
1777890868.7333324,0.0,2.0,-72.0
1777890868.7433324,-3.0,3.0,-72.0
1777890868.7533324,0.0,1.0,-73.0
1777890868.7633324,5.0,0.0,-78.0
1777890868.7733324,5.0,0.0,-76.0
1777890868.7833323,6.0,0.0,-69.0
1777890868.7933323,4.0,-1.0,-67.0
1777890868.8033323,5.0,-5.0,-66.0
1777890868.8133323,2.0,-1.0,-64.0
1777890868.8233323,1.0,-2.0,-61.0
1777890868.8333323,1.0,-5.0,-67.0
1777890868.8433323,0.0,-4.0,-73.0
1777890868.8533323,-5.0,-3.0,-74.0
1777890868.8633325,-1.0,-5.0,-66.0
1777890868.8733325,-2.0,-5.0,-55.0
1777890868.8833325,-4.0,-7.0,-53.0
1777890868.8933325,-2.0,-4.0,-54.0
1777890868.9033325,-2.0,-8.0,-58.0
1777890868.9133325,-4.0,-8.0,-64.0
1777890868.9233325,-7.0,-9.0,-70.0
1777890868.9333324,-8.0,-10.0,-76.0
1777890868.9433324,-4.0,-9.0,-73.0
1777890868.9533324,-2.0,-6.0,-74.0
1777890868.9633324,1.0,-5.0,-74.0
1777890868.9733324,2.0,-5.0,-71.0
1777890868.9833324,2.0,-5.0,-67.0
1777890868.9933324,1.0,-8.0,-66.0
1777890869.0033324,4.0,-10.0,-66.0
1777890869.0133324,8.0,-11.0,-70.0
1777890869.0233324,4.0,-6.0,-65.0
1777890869.0333323,2.0,-5.0,-66.0
1777890869.0433323,1.0,-1.0,-76.0
1777890869.0533323,2.0,0.0,-81.0
1777890869.0633323,1.0,0.0,-82.0
1777890869.0733323,1.0,2.0,-77.0
1777890869.0833323,-3.0,3.0,-75.0
1777890869.0933323,-1.0,5.0,-67.0
1777890869.1033323,0.0,0.0,-71.0
1777890869.1133325,1.0,3.0,-72.0
1777890869.1233325,4.0,1.0,-67.0
1777890869.1333325,3.0,2.0,-72.0
1777890869.1433325,0.0,1.0,-65.0
1777890869.1533325,0.0,2.0,-66.0
1777890869.1633325,0.0,0.0,-67.0
1777890869.1733325,-3.0,-3.0,-66.0
1777890869.1833324,-7.0,-6.0,-66.0
1777890869.1933324,1.0,-5.0,-68.0
1777890869.2033324,3.0,-4.0,-73.0
1777890869.2133324,1.0,-4.0,-68.0
1777890869.2233324,4.0,-6.0,-71.0
1777890869.2333324,3.0,-7.0,-67.0
1777890869.2433324,3.0,-3.0,-67.0
1777890869.2533324,5.0,-1.0,-75.0
1777890869.2633324,3.0,-3.0,-79.0
1777890869.2733324,4.0,-1.0,-82.0
1777890869.2833323,8.0,-3.0,-82.0
1777890869.2933323,10.0,-2.0,-81.0
1777890869.3033323,11.0,-3.0,-79.0
1777890869.3133323,9.0,1.0,-77.0
1777890869.3233323,8.0,-1.0,-75.0
1777890869.3333323,9.0,1.0,-74.0
1777890869.3433323,6.0,0.0,-71.0
1777890869.3533323,2.0,-1.0,-72.0
1777890869.3633325,3.0,-1.0,-70.0
1777890869.3733325,6.0,0.0,-71.0
1777890869.3833325,4.0,1.0,-71.0
1777890869.3933325,0.0,3.0,-73.0
1777890869.4033325,3.0,2.0,-68.0
1777890869.4133325,2.0,5.0,-66.0
1777890869.4233325,5.0,7.0,-67.0
1777890869.4333324,8.0,8.0,-74.0
1777890869.4433324,12.0,2.0,-78.0
1777890869.4533324,9.0,4.0,-78.0
1777890869.4633324,10.0,4.0,-79.0
1777890869.4733324,6.0,2.0,-74.0
1777890869.4833324,7.0,2.0,-78.0
1777890869.4933324,5.0,2.0,-79.0
1777890869.5033324,2.0,-1.0,-82.0
1777890869.5133324,2.0,-4.0,-85.0
1777890869.5233324,1.0,-2.0,-79.0
1777890869.5333323,0.0,0.0,-78.0
1777890869.5443325,0.0,1.0,-81.0
1777890869.5543325,1.0,0.0,-84.0
1777890869.5643325,1.0,0.0,-77.0
1777890869.5743325,1.0,0.0,-77.0
1777890869.5843325,-1.0,0.0,-77.0
1777890869.5943325,0.0,1.0,-75.0
1777890869.6043324,-3.0,2.0,-75.0
1777890869.6143324,0.0,0.0,-74.0
1777890869.6243324,3.0,-1.0,-70.0
1777890869.6343324,0.0,-1.0,-72.0
1777890869.6443324,3.0,-1.0,-75.0
1777890869.6543324,6.0,-3.0,-75.0
1777890869.6643324,6.0,-3.0,-69.0
1777890869.6743324,3.0,-3.0,-72.0
1777890869.6843324,0.0,-5.0,-74.0
1777890869.6943324,0.0,-4.0,-72.0
1777890869.7043324,0.0,-4.0,-80.0
1777890869.7143323,2.0,-3.0,-80.0
1777890869.7243323,0.0,-2.0,-72.0
1777890869.7343323,3.0,-3.0,-77.0
1777890869.7443323,5.0,0.0,-81.0
1777890869.7543323,7.0,-1.0,-73.0
1777890869.7643323,5.0,0.0,-74.0
1777890869.7743323,8.0,1.0,-78.0
1777890869.7843325,4.0,0.0,-74.0
1777890869.7943325,2.0,0.0,-70.0
1777890869.8043325,2.0,-3.0,-71.0
1777890869.8143325,0.0,-4.0,-73.0
1777890869.8243325,1.0,-7.0,-73.0
1777890869.8343325,2.0,-3.0,-72.0
1777890869.8443325,1.0,-1.0,-68.0
1777890869.8543324,0.0,-1.0,-73.0
1777890869.8643324,5.0,-1.0,-71.0
1777890869.8743324,6.0,0.0,-67.0
1777890869.8843324,7.0,1.0,-65.0
1777890869.8943324,5.0,0.0,-61.0
1777890869.9043324,0.0,1.0,-64.0
1777890869.9143324,0.0,4.0,-63.0
1777890869.9243324,-2.0,1.0,-62.0
1777890869.9343324,-2.0,-1.0,-58.0
1777890869.9443324,2.0,-3.0,-58.0
1777890869.9543324,1.0,0.0,-69.0
1777890869.9643323,2.0,4.0,-69.0
1777890869.9743323,4.0,3.0,-69.0
1777890869.9843323,6.0,6.0,-64.0
1777890869.9943323,7.0,1.0,-69.0
1777890870.0043323,6.0,0.0,-69.0
1777890870.0143323,5.0,4.0,-75.0
1777890870.0243323,2.0,4.0,-70.0
1777890870.0343325,1.0,2.0,-73.0
1777890870.0443325,-2.0,5.0,-74.0
1777890870.0543325,-2.0,1.0,-75.0
1777890870.0643325,0.0,3.0,-77.0
1777890870.0743325,-4.0,0.0,-84.0
1777890870.0843325,-1.0,0.0,-81.0
1777890870.0943325,-4.0,-1.0,-80.0
1777890870.1043324,-2.0,5.0,-77.0
1777890870.1143324,0.0,7.0,-76.0
1777890870.1243324,1.0,1.0,-70.0
1777890870.1343324,-1.0,2.0,-68.0
1777890870.1443324,-2.0,4.0,-70.0
1777890870.1543324,1.0,4.0,-64.0
1777890870.1643324,3.0,4.0,-71.0
1777890870.1743324,9.0,6.0,-79.0
1777890870.1843324,7.0,9.0,-81.0
1777890870.1943324,7.0,10.0,-85.0
1777890870.2043324,2.0,3.0,-80.0
1777890870.2143323,1.0,1.0,-78.0
1777890870.2243323,1.0,2.0,-75.0
1777890870.2343323,6.0,1.0,-70.0
1777890870.2443323,3.0,3.0,-71.0
1777890870.2543323,3.0,4.0,-70.0
1777890870.2643323,1.0,-1.0,-68.0
1777890870.2743323,0.0,-5.0,-64.0
1777890870.2843325,2.0,0.0,-65.0
1777890870.2943325,3.0,0.0,-73.0
1777890870.3043325,5.0,0.0,-73.0
1777890870.3143325,2.0,0.0,-73.0
1777890870.3243325,3.0,0.0,-71.0
1777890870.3343325,2.0,-1.0,-74.0
1777890870.3443325,2.0,-3.0,-74.0
1777890870.3543324,7.0,-6.0,-68.0
1777890870.3643324,8.0,-8.0,-68.0
1777890870.3743324,1.0,-7.0,-67.0
1777890870.3843324,3.0,-7.0,-63.0
1777890870.3943324,0.0,-6.0,-69.0
1777890870.4043324,-5.0,-4.0,-70.0
1777890870.4143324,-6.0,-9.0,-72.0
1777890870.4243324,-7.0,-9.0,-69.0
1777890870.4343324,-5.0,-7.0,-72.0
1777890870.4443324,-5.0,-3.0,-71.0
1777890870.4543324,-5.0,0.0,-65.0
1777890870.4643323,-6.0,3.0,-62.0
1777890870.4743323,-6.0,4.0,-65.0
1777890870.4843323,-9.0,3.0,-64.0
1777890870.4943323,-6.0,1.0,-62.0
1777890870.5043323,0.0,0.0,-63.0
1777890870.5143323,2.0,-1.0,-64.0
1777890870.5243323,1.0,-1.0,-63.0
1777890870.5343325,3.0,0.0,-63.0
1777890870.5443325,2.0,-4.0,-60.0
1777890870.5543325,4.0,-2.0,-58.0
1777890870.5643325,6.0,-1.0,-67.0
1777890870.5743325,4.0,0.0,-76.0
1777890870.5843325,4.0,-1.0,-75.0
1777890870.5943325,1.0,-5.0,-69.0
1777890870.6043324,3.0,-9.0,-64.0
1777890870.6143324,7.0,-12.0,-60.0
1777890870.6243324,10.0,-10.0,-54.0
1777890870.6343324,6.0,-4.0,-63.0
1777890870.6443324,6.0,-1.0,-66.0
1777890870.6543324,6.0,-5.0,-78.0
1777890870.6643324,4.0,-7.0,-80.0
1777890870.6743324,1.0,-3.0,-91.0
1777890870.6843324,1.0,-3.0,-88.0
1777890870.6943324,0.0,-2.0,-91.0
1777890870.7043324,-1.0,-1.0,-91.0
1777890870.7143323,0.0,-2.0,-85.0
1777890870.7243323,0.0,-2.0,-81.0
1777890870.7343323,0.0,3.0,-74.0
1777890870.7443323,1.0,5.0,-73.0
1777890870.7543323,6.0,1.0,-66.0
1777890870.7643323,10.0,-2.0,-68.0
1777890870.7743323,10.0,-6.0,-67.0
1777890870.7843325,9.0,-6.0,-60.0
1777890870.7943325,4.0,-6.0,-69.0
1777890870.8043325,1.0,-2.0,-75.0
1777890870.8143325,-2.0,-2.0,-78.0
1777890870.8243325,-3.0,-1.0,-74.0
1777890870.8343325,-4.0,-2.0,-69.0
1777890870.8443325,-2.0,-1.0,-66.0
1777890870.8543324,-2.0,0.0,-66.0
1777890870.8643324,2.0,1.0,-66.0
1777890870.8743324,3.0,3.0,-68.0
1777890870.8843324,4.0,6.0,-66.0
1777890870.8943324,7.0,3.0,-68.0
1777890870.9043324,8.0,3.0,-67.0
1777890870.9143324,5.0,2.0,-68.0
1777890870.9243324,2.0,0.0,-66.0
1777890870.9343324,1.0,0.0,-64.0
1777890870.9443324,2.0,1.0,-76.0
1777890870.9543324,1.0,4.0,-81.0
1777890870.9643323,-1.0,7.0,-74.0
1777890870.9743323,0.0,6.0,-71.0
1777890870.9843323,2.0,6.0,-72.0
1777890870.9943323,3.0,4.0,-67.0
1777890871.0043323,9.0,3.0,-65.0
1777890871.0143323,7.0,1.0,-68.0
1777890871.0243323,7.0,3.0,-74.0
1777890871.0343325,9.0,-1.0,-76.0
1777890871.0443325,3.0,-3.0,-73.0
1777890871.0543325,3.0,-1.0,-74.0
1777890871.0643325,-2.0,-3.0,-73.0
1777890871.0743325,-3.0,-1.0,-75.0
1777890871.0843325,-4.0,0.0,-69.0
1777890871.0943325,-5.0,0.0,-69.0
1777890871.1043324,-3.0,2.0,-73.0
1777890871.1143324,-2.0,0.0,-74.0
1777890871.1243324,-2.0,3.0,-74.0
1777890871.1343324,0.0,0.0,-73.0
1777890871.1443324,0.0,-1.0,-73.0
1777890871.1543324,-4.0,0.0,-75.0
1777890871.1643324,-3.0,3.0,-74.0
1777890871.1743324,-2.0,2.0,-76.0
1777890871.1843324,-1.0,0.0,-75.0
1777890871.1943324,-1.0,0.0,-76.0
1777890871.2043324,0.0,-1.0,-79.0
1777890871.2143323,-1.0,-1.0,-79.0
1777890871.2243323,-4.0,0.0,-71.0
1777890871.2343323,-3.0,4.0,-68.0
1777890871.2443323,-4.0,3.0,-68.0
1777890871.2543323,-4.0,2.0,-74.0
1777890871.2643323,-2.0,0.0,-73.0
1777890871.2743323,-5.0,3.0,-68.0
1777890871.2843325,-4.0,3.0,-68.0
1777890871.2943325,-1.0,3.0,-73.0
1777890871.3043325,-1.0,3.0,-78.0
1777890871.3143325,-4.0,-1.0,-78.0
1777890871.3243325,-5.0,0.0,-81.0
1777890871.3343325,0.0,-3.0,-81.0
1777890871.3443325,1.0,-1.0,-79.0
1777890871.3543324,1.0,-4.0,-73.0
1777890871.3643324,2.0,-3.0,-73.0
1777890871.3743324,0.0,-7.0,-71.0
1777890871.3843324,-2.0,-3.0,-73.0
1777890871.3943324,-4.0,-1.0,-72.0
1777890871.4043324,-3.0,1.0,-70.0
1777890871.4143324,0.0,-1.0,-70.0
1777890871.4243324,-3.0,-3.0,-72.0
1777890871.4343324,-1.0,-3.0,-73.0
1777890871.4443324,0.0,-5.0,-71.0
1777890871.4543324,0.0,-3.0,-75.0
1777890871.4643323,-4.0,-5.0,-79.0
1777890871.4743323,-5.0,-7.0,-73.0
1777890871.4843323,0.0,-5.0,-67.0
1777890871.4943323,0.0,-4.0,-70.0
1777890871.5043323,-1.0,-4.0,-73.0
1777890871.5143323,1.0,-1.0,-71.0
1777890871.5253325,2.0,-7.0,-71.0
1777890871.5343325,2.0,-5.0,-74.0
1777890871.5453324,2.0,-7.0,-79.0
1777890871.5543325,0.0,-8.0,-75.0
1777890871.5653324,4.0,-5.0,-68.0
1777890871.5753324,6.0,-8.0,-69.0
1777890871.5853324,3.0,-6.0,-69.0
1777890871.5953324,1.0,-6.0,-69.0
1777890871.6053324,3.0,-7.0,-70.0
1777890871.6153324,8.0,-8.0,-71.0
1777890871.6253324,5.0,-8.0,-75.0
1777890871.6353323,7.0,-8.0,-83.0
1777890871.6453323,9.0,-9.0,-88.0
1777890871.6553323,5.0,-7.0,-82.0
1777890871.6653323,4.0,-13.0,-85.0
1777890871.6753323,2.0,-13.0,-83.0
1777890871.6853323,0.0,-9.0,-86.0
1777890871.6953323,3.0,-7.0,-81.0
1777890871.7053325,1.0,-1.0,-78.0
1777890871.7153325,2.0,0.0,-77.0
1777890871.7253325,4.0,2.0,-75.0
1777890871.7353325,3.0,3.0,-73.0
1777890871.7453325,1.0,2.0,-71.0
1777890871.7553325,0.0,3.0,-71.0
1777890871.7653325,-1.0,4.0,-76.0
1777890871.7753325,-3.0,6.0,-79.0
1777890871.7853324,-3.0,6.0,-79.0
1777890871.7953324,-1.0,5.0,-75.0
1777890871.8053324,-2.0,1.0,-75.0
1777890871.8153324,-5.0,2.0,-72.0
1777890871.8253324,0.0,1.0,-70.0
1777890871.8353324,0.0,0.0,-67.0
1777890871.8453324,0.0,2.0,-66.0
1777890871.8553324,4.0,5.0,-72.0
1777890871.8653324,5.0,3.0,-79.0
1777890871.8753324,2.0,6.0,-82.0
1777890871.8853323,0.0,5.0,-80.0
1777890871.8953323,-6.0,1.0,-74.0
1777890871.9053323,-5.0,2.0,-73.0
1777890871.9153323,-9.0,1.0,-76.0
1777890871.9253323,-9.0,1.0,-74.0
1777890871.9353323,-13.0,2.0,-71.0
1777890871.9453323,-12.0,5.0,-68.0
1777890871.9553325,-7.0,2.0,-72.0
1777890871.9653325,-8.0,0.0,-68.0
1777890871.9753325,-5.0,0.0,-67.0
1777890871.9853325,0.0,-1.0,-71.0
1777890871.9953325,0.0,-3.0,-67.0
1777890872.0053325,4.0,0.0,-69.0
1777890872.0153325,6.0,-2.0,-70.0
1777890872.0253325,8.0,0.0,-75.0
1777890872.0353324,5.0,-1.0,-84.0
1777890872.0453324,6.0,-3.0,-74.0
1777890872.0553324,5.0,-6.0,-71.0
1777890872.0653324,1.0,-3.0,-69.0
1777890872.0753324,0.0,-2.0,-66.0
1777890872.0853324,0.0,-3.0,-65.0
1777890872.0953324,2.0,-5.0,-64.0
1777890872.1053324,3.0,-2.0,-68.0
1777890872.1153324,2.0,-4.0,-73.0
1777890872.1253324,1.0,-6.0,-72.0
1777890872.1353323,0.0,-4.0,-68.0
1777890872.1453323,-1.0,-3.0,-67.0
1777890872.1553323,0.0,-1.0,-69.0
1777890872.1653323,-4.0,-4.0,-70.0
1777890872.1753323,-5.0,3.0,-70.0
1777890872.1853323,0.0,0.0,-73.0
1777890872.1953323,1.0,-4.0,-71.0
1777890872.2053325,2.0,-2.0,-74.0
1777890872.2153325,3.0,0.0,-73.0
1777890872.2253325,3.0,-2.0,-75.0
1777890872.2353325,0.0,2.0,-71.0
1777890872.2453325,-1.0,2.0,-64.0
1777890872.2553325,-1.0,-1.0,-67.0
1777890872.2653325,4.0,-6.0,-62.0
1777890872.2753325,7.0,-1.0,-60.0
1777890872.2853324,8.0,-1.0,-66.0
1777890872.2953324,5.0,0.0,-66.0
1777890872.3053324,6.0,1.0,-60.0
1777890872.3153324,7.0,0.0,-60.0
1777890872.3253324,3.0,-1.0,-63.0
1777890872.3353324,4.0,0.0,-61.0
1777890872.3453324,2.0,3.0,-67.0
1777890872.3553324,0.0,6.0,-68.0
1777890872.3653324,-4.0,7.0,-69.0
1777890872.3753324,-2.0,9.0,-66.0
1777890872.3853323,-1.0,10.0,-65.0
1777890872.3953323,0.0,8.0,-64.0
1777890872.4053323,2.0,3.0,-63.0
1777890872.4153323,0.0,4.0,-65.0
1777890872.4253323,4.0,4.0,-62.0
1777890872.4353323,1.0,3.0,-64.0
1777890872.4453323,0.0,2.0,-58.0
1777890872.4553325,-1.0,1.0,-58.0
1777890872.4653325,-1.0,-2.0,-53.0
1777890872.4753325,2.0,-5.0,-60.0
1777890872.4853325,3.0,-2.0,-65.0
1777890872.4953325,-1.0,-5.0,-64.0
1777890872.5053325,3.0,0.0,-65.0
1777890872.5153325,4.0,3.0,-69.0
1777890872.5253325,4.0,6.0,-68.0
1777890872.5353324,5.0,4.0,-72.0
1777890872.5453324,7.0,5.0,-71.0
1777890872.5553324,6.0,1.0,-69.0
1777890872.5653324,4.0,2.0,-72.0
1777890872.5753324,3.0,4.0,-74.0
1777890872.5853324,2.0,7.0,-77.0
1777890872.5953324,3.0,4.0,-80.0
1777890872.6053324,1.0,6.0,-90.0
1777890872.6153324,1.0,1.0,-80.0
1777890872.6253324,-2.0,5.0,-75.0
1777890872.6353323,-4.0,4.0,-76.0
1777890872.6453323,-3.0,0.0,-76.0
1777890872.6553323,0.0,0.0,-81.0
1777890872.6653323,2.0,-2.0,-87.0
1777890872.6753323,3.0,1.0,-88.0
1777890872.6853323,4.0,0.0,-89.0
1777890872.6953323,5.0,2.0,-84.0
1777890872.7053325,7.0,1.0,-89.0
1777890872.7153325,4.0,2.0,-85.0
1777890872.7253325,5.0,-2.0,-75.0
1777890872.7353325,3.0,0.0,-77.0
1777890872.7453325,4.0,2.0,-71.0
1777890872.7553325,3.0,0.0,-65.0
1777890872.7653325,5.0,0.0,-70.0
1777890872.7753325,2.0,0.0,-67.0
1777890872.7853324,2.0,1.0,-73.0
1777890872.7953324,-1.0,1.0,-77.0
1777890872.8053324,0.0,-4.0,-77.0
1777890872.8153324,-2.0,-6.0,-75.0
1777890872.8253324,0.0,-6.0,-80.0
1777890872.8353324,2.0,-4.0,-82.0
1777890872.8453324,2.0,-8.0,-70.0
1777890872.8553324,6.0,-11.0,-70.0
1777890872.8653324,7.0,-9.0,-75.0
1777890872.8753324,5.0,-5.0,-71.0
1777890872.8853323,4.0,-4.0,-71.0
1777890872.8953323,8.0,-4.0,-73.0
1777890872.9053323,4.0,-8.0,-71.0
1777890872.9153323,6.0,-7.0,-74.0
1777890872.9253323,2.0,-2.0,-76.0
1777890872.9353323,3.0,0.0,-77.0
1777890872.9453323,7.0,-4.0,-79.0
1777890872.9553325,6.0,-3.0,-81.0
1777890872.9653325,1.0,-5.0,-80.0
1777890872.9753325,3.0,-5.0,-80.0
1777890872.9853325,1.0,-4.0,-77.0
1777890872.9953325,0.0,-1.0,-75.0
1777890873.0053325,3.0,-4.0,-84.0
1777890873.0153325,7.0,-5.0,-77.0
1777890873.0253325,7.0,0.0,-75.0
1777890873.0353324,4.0,-3.0,-74.0
1777890873.0453324,3.0,-3.0,-78.0
1777890873.0553324,0.0,-6.0,-81.0
1777890873.0653324,0.0,-6.0,-76.0
1777890873.0753324,-1.0,0.0,-72.0
1777890873.0853324,-5.0,4.0,-72.0
1777890873.0953324,-6.0,5.0,-71.0
1777890873.1053324,-2.0,9.0,-66.0
1777890873.1153324,-5.0,9.0,-66.0
1777890873.1253324,-6.0,12.0,-72.0
1777890873.1353323,-7.0,9.0,-65.0
1777890873.1453323,-7.0,7.0,-67.0
1777890873.1553323,-6.0,7.0,-68.0
1777890873.1653323,-6.0,7.0,-65.0
1777890873.1753323,-4.0,7.0,-59.0
1777890873.1853323,0.0,5.0,-60.0
1777890873.1953323,4.0,4.0,-60.0
1777890873.2053325,5.0,4.0,-58.0
1777890873.2153325,5.0,3.0,-60.0
1777890873.2253325,2.0,2.0,-63.0
1777890873.2353325,5.0,-2.0,-66.0
1777890873.2453325,3.0,-5.0,-69.0
1777890873.2553325,6.0,-2.0,-71.0
1777890873.2653325,7.0,-2.0,-78.0
1777890873.2753325,6.0,0.0,-78.0
1777890873.2853324,2.0,0.0,-75.0
1777890873.2953324,3.0,0.0,-75.0
1777890873.3053324,2.0,1.0,-78.0
1777890873.3153324,1.0,2.0,-76.0
1777890873.3253324,3.0,3.0,-75.0
1777890873.3353324,6.0,4.0,-77.0
1777890873.3453324,3.0,1.0,-75.0
1777890873.3553324,0.0,-2.0,-81.0
1777890873.3653324,-4.0,-5.0,-80.0
1777890873.3753324,-3.0,-5.0,-77.0
1777890873.3853323,-6.0,-4.0,-74.0
1777890873.3953323,-4.0,-2.0,-65.0
1777890873.4053323,-1.0,0.0,-64.0
1777890873.4153323,-2.0,0.0,-64.0
1777890873.4253323,0.0,0.0,-66.0
1777890873.4353323,0.0,0.0,-67.0
1777890873.4453323,-3.0,4.0,-74.0
1777890873.4553325,-2.0,3.0,-71.0
1777890873.4653325,1.0,1.0,-76.0
1777890873.4753325,0.0,0.0,-75.0
1777890873.4853325,-2.0,-3.0,-79.0
1777890873.4953325,3.0,0.0,-79.0
1777890873.5053325,2.0,5.0,-74.0
1777890873.5153325,5.0,6.0,-78.0
1777890873.5263324,4.0,5.0,-76.0
1777890873.5363324,3.0,1.0,-83.0
1777890873.5463324,-1.0,0.0,-82.0
1777890873.5563323,-1.0,-1.0,-83.0
1777890873.5663323,0.0,0.0,-78.0
1777890873.5763323,0.0,-2.0,-79.0
1777890873.5863323,-2.0,-3.0,-84.0
1777890873.5963323,0.0,-3.0,-83.0
1777890873.6063323,-1.0,-6.0,-79.0
1777890873.6163323,0.0,-7.0,-77.0
1777890873.6263323,2.0,-5.0,-79.0
1777890873.6363325,0.0,-4.0,-75.0
1777890873.6463325,5.0,-4.0,-76.0
1777890873.6563325,2.0,0.0,-74.0
1777890873.6663325,-1.0,0.0,-68.0
1777890873.6763325,-1.0,0.0,-75.0
1777890873.6863325,0.0,0.0,-75.0
1777890873.6963325,-1.0,2.0,-70.0
1777890873.7063324,1.0,-3.0,-66.0
1777890873.7163324,3.0,-6.0,-64.0
1777890873.7263324,5.0,-8.0,-73.0
1777890873.7363324,5.0,-6.0,-72.0
1777890873.7463324,4.0,-5.0,-78.0
1777890873.7563324,2.0,-5.0,-76.0
1777890873.7663324,3.0,-6.0,-74.0
1777890873.7763324,7.0,-9.0,-78.0
1777890873.7863324,6.0,-6.0,-74.0
1777890873.7963324,4.0,-3.0,-67.0
1777890873.8073325,2.0,0.0,-72.0
1777890873.8163323,1.0,-1.0,-78.0
1777890873.8263323,2.0,-3.0,-74.0
1777890873.8363323,0.0,-5.0,-74.0
1777890873.8463323,4.0,0.0,-71.0
1777890873.8563323,0.0,3.0,-67.0
1777890873.8663323,-3.0,2.0,-63.0
1777890873.8763323,-6.0,1.0,-68.0
1777890873.8863325,0.0,1.0,-66.0
1777890873.8963325,-1.0,1.0,-63.0
1777890873.9063325,-2.0,1.0,-61.0
1777890873.9163325,-3.0,-2.0,-68.0
1777890873.9263325,-1.0,-4.0,-77.0
1777890873.9363325,-3.0,-2.0,-80.0
1777890873.9463325,-7.0,-2.0,-79.0
1777890873.9563324,0.0,-3.0,-77.0
1777890873.9663324,1.0,-4.0,-78.0
1777890873.9763324,5.0,-7.0,-81.0
1777890873.9863324,1.0,-3.0,-83.0
1777890873.9963324,-2.0,-5.0,-86.0
1777890874.0063324,0.0,0.0,-76.0
1777890874.0163324,0.0,4.0,-75.0
1777890874.0263324,7.0,1.0,-76.0
1777890874.0363324,4.0,-2.0,-81.0
1777890874.0463324,3.0,-2.0,-76.0
1777890874.0563323,7.0,-4.0,-78.0
1777890874.0663323,7.0,-2.0,-85.0
1777890874.0763323,-1.0,-4.0,-83.0
1777890874.0863323,-2.0,-5.0,-82.0
1777890874.0963323,-3.0,-4.0,-81.0
1777890874.1063323,-3.0,-2.0,-77.0
1777890874.1163323,-2.0,-4.0,-72.0
1777890874.1263323,-2.0,-3.0,-69.0
1777890874.1363325,-1.0,-4.0,-64.0
1777890874.1463325,-3.0,-4.0,-64.0
1777890874.1563325,-6.0,-6.0,-66.0
1777890874.1663325,-3.0,-8.0,-70.0
1777890874.1763325,-2.0,-8.0,-74.0
1777890874.1863325,-3.0,-5.0,-76.0
1777890874.1963325,-5.0,-7.0,-79.0
1777890874.2063324,-1.0,-2.0,-80.0
1777890874.2163324,0.0,1.0,-86.0
1777890874.2263324,-1.0,0.0,-87.0
1777890874.2363324,0.0,-5.0,-78.0
1777890874.2463324,1.0,-3.0,-72.0
1777890874.2563324,2.0,-3.0,-66.0
1777890874.2663324,5.0,-3.0,-64.0
1777890874.2763324,7.0,-2.0,-76.0
1777890874.2863324,5.0,-1.0,-75.0
1777890874.2963324,7.0,-1.0,-73.0
1777890874.3063323,4.0,-9.0,-73.0
1777890874.3163323,3.0,-3.0,-77.0
1777890874.3263323,4.0,0.0,-79.0
1777890874.3363323,2.0,-3.0,-81.0
1777890874.3463323,0.0,-3.0,-81.0
1777890874.3563323,3.0,-3.0,-80.0
1777890874.3663323,9.0,0.0,-77.0
1777890874.3763323,8.0,0.0,-73.0
1777890874.3863325,7.0,5.0,-71.0
1777890874.3963325,6.0,8.0,-67.0
1777890874.4063325,0.0,8.0,-63.0
1777890874.4163325,2.0,5.0,-61.0
1777890874.4263325,-1.0,4.0,-64.0
1777890874.4363325,-7.0,2.0,-66.0
1777890874.4463325,-4.0,-2.0,-65.0
1777890874.4563324,-2.0,2.0,-67.0
1777890874.4663324,3.0,1.0,-66.0
1777890874.4763324,0.0,1.0,-61.0
1777890874.4863324,0.0,0.0,-60.0
1777890874.4963324,-1.0,0.0,-66.0
1777890874.5063324,0.0,-1.0,-63.0
1777890874.5163324,1.0,-1.0,-67.0
1777890874.5263324,1.0,2.0,-70.0
1777890874.5363324,2.0,2.0,-73.0
1777890874.5463324,0.0,0.0,-76.0
1777890874.5563323,0.0,0.0,-75.0
1777890874.5663323,1.0,0.0,-81.0
1777890874.5763323,3.0,2.0,-80.0
1777890874.5863323,6.0,0.0,-80.0
1777890874.5963323,5.0,2.0,-74.0
1777890874.6063323,7.0,2.0,-77.0
1777890874.6163323,5.0,-4.0,-81.0
1777890874.6263323,5.0,-6.0,-82.0
1777890874.6363325,3.0,-2.0,-79.0
1777890874.6463325,4.0,-1.0,-77.0
1777890874.6563325,4.0,-8.0,-76.0
1777890874.6663325,3.0,-6.0,-72.0
1777890874.6763325,2.0,-8.0,-71.0
1777890874.6863325,7.0,-8.0,-73.0
1777890874.6963325,7.0,-8.0,-71.0
1777890874.7063324,6.0,-7.0,-72.0
1777890874.7163324,4.0,-9.0,-74.0
1777890874.7263324,-2.0,-7.0,-70.0
1777890874.7363324,-3.0,-5.0,-67.0
1777890874.7463324,-5.0,-4.0,-66.0
1777890874.7563324,-5.0,-4.0,-62.0
1777890874.7663324,-8.0,-3.0,-62.0
1777890874.7763324,-6.0,-5.0,-67.0
1777890874.7863324,-3.0,-4.0,-65.0
1777890874.7963324,-7.0,-2.0,-65.0
1777890874.8063323,-11.0,-4.0,-70.0
1777890874.8163323,-6.0,-3.0,-67.0
1777890874.8263323,-3.0,-2.0,-70.0
1777890874.8363323,3.0,-2.0,-67.0
1777890874.8463323,5.0,0.0,-65.0
1777890874.8563323,4.0,-2.0,-71.0
1777890874.8663323,4.0,-1.0,-73.0
1777890874.8763323,3.0,-1.0,-62.0
1777890874.8863325,2.0,-2.0,-70.0
1777890874.8963325,5.0,0.0,-72.0
1777890874.9063325,4.0,-2.0,-75.0
1777890874.9163325,5.0,-3.0,-75.0
1777890874.9263325,2.0,-2.0,-73.0
1777890874.9363325,2.0,-3.0,-69.0
1777890874.9463325,3.0,-3.0,-66.0
1777890874.9563324,3.0,-5.0,-67.0
1777890874.9663324,0.0,-3.0,-62.0
1777890874.9763324,-1.0,-3.0,-67.0
1777890874.9863324,-1.0,-1.0,-67.0
1777890874.9963324,0.0,-4.0,-71.0
1777890875.0063324,3.0,-3.0,-74.0
1777890875.0163324,4.0,-3.0,-71.0
1777890875.0263324,5.0,-5.0,-65.0
1777890875.0363324,-1.0,-2.0,-66.0
1777890875.0463324,-3.0,-1.0,-66.0
1777890875.0563323,-6.0,2.0,-68.0
1777890875.0663323,-8.0,4.0,-72.0
1777890875.0763323,-5.0,4.0,-75.0
1777890875.0863323,-4.0,6.0,-70.0
1777890875.0963323,-6.0,4.0,-70.0
1777890875.1063323,-3.0,1.0,-69.0
1777890875.1163323,-7.0,0.0,-70.0
1777890875.1263323,-7.0,0.0,-71.0
1777890875.1363325,-8.0,2.0,-66.0
1777890875.1463325,-2.0,0.0,-71.0
1777890875.1563325,0.0,-1.0,-74.0
1777890875.1663325,2.0,-4.0,-74.0
1777890875.1763325,1.0,0.0,-82.0
1777890875.1863325,0.0,1.0,-86.0
1777890875.1963325,-1.0,2.0,-83.0
1777890875.2063324,0.0,3.0,-76.0
1777890875.2163324,-1.0,6.0,-71.0
1777890875.2263324,-1.0,7.0,-72.0
1777890875.2363324,-5.0,5.0,-72.0
1777890875.2463324,-2.0,3.0,-72.0
1777890875.2563324,-2.0,1.0,-73.0
1777890875.2663324,1.0,0.0,-73.0
1777890875.2763324,0.0,0.0,-77.0
1777890875.2863324,3.0,0.0,-69.0
1777890875.2963324,6.0,-1.0,-66.0
1777890875.3063323,9.0,0.0,-68.0
1777890875.3163323,5.0,-2.0,-74.0
1777890875.3263323,0.0,-4.0,-70.0
1777890875.3363323,0.0,-5.0,-68.0
1777890875.3463323,2.0,-5.0,-64.0
1777890875.3563323,0.0,-7.0,-65.0
1777890875.3663323,3.0,-2.0,-73.0
1777890875.3763323,4.0,3.0,-77.0
1777890875.3863325,8.0,4.0,-77.0
1777890875.3963325,6.0,5.0,-75.0
1777890875.4063325,6.0,2.0,-70.0
1777890875.4163325,3.0,3.0,-69.0
1777890875.4263325,5.0,3.0,-70.0
1777890875.4363325,5.0,4.0,-68.0
1777890875.4463325,9.0,1.0,-62.0
1777890875.4563324,11.0,3.0,-67.0
1777890875.4663324,10.0,7.0,-65.0
1777890875.4763324,12.0,4.0,-65.0
1777890875.4863324,11.0,4.0,-68.0
1777890875.4973323,4.0,6.0,-74.0
1777890875.5073323,4.0,0.0,-77.0
1777890875.5173323,6.0,-4.0,-75.0
1777890875.5273323,5.0,-6.0,-73.0
1777890875.5373323,4.0,-4.0,-71.0
1777890875.5473323,2.0,-1.0,-70.0
1777890875.5573325,2.0,0.0,-68.0
1777890875.5673325,2.0,0.0,-68.0
1777890875.5773325,0.0,0.0,-69.0
1777890875.5873325,-2.0,0.0,-68.0
1777890875.5973325,-4.0,0.0,-66.0
1777890875.6073325,-4.0,0.0,-66.0
1777890875.6173325,-3.0,0.0,-61.0
1777890875.6273324,-2.0,-4.0,-62.0
1777890875.6373324,-3.0,-1.0,-63.0
1777890875.6473324,0.0,-5.0,-66.0
1777890875.6573324,-1.0,-5.0,-68.0
1777890875.6673324,0.0,-3.0,-70.0
1777890875.6773324,-3.0,-2.0,-70.0
1777890875.6873324,2.0,-3.0,-66.0
1777890875.6973324,0.0,-3.0,-68.0
1777890875.7073324,0.0,-1.0,-71.0
1777890875.7173324,-2.0,-1.0,-74.0
1777890875.7273324,0.0,1.0,-75.0
1777890875.7373323,1.0,0.0,-69.0
1777890875.7473323,0.0,0.0,-67.0
1777890875.7573323,4.0,0.0,-71.0
1777890875.7673323,4.0,-2.0,-70.0
1777890875.7773323,2.0,-2.0,-71.0
1777890875.7873323,0.0,-3.0,-64.0
1777890875.7973323,-1.0,-2.0,-56.0
1777890875.8073325,0.0,-1.0,-69.0
1777890875.8173325,1.0,0.0,-71.0
1777890875.8273325,-1.0,2.0,-73.0
1777890875.8373325,1.0,3.0,-76.0
1777890875.8473325,1.0,5.0,-78.0
1777890875.8573325,0.0,4.0,-73.0
1777890875.8673325,0.0,1.0,-69.0
1777890875.8773324,0.0,0.0,-71.0
1777890875.8873324,-2.0,-1.0,-70.0
1777890875.8973324,-3.0,0.0,-76.0
1777890875.9073324,-2.0,-1.0,-80.0
1777890875.9173324,-2.0,0.0,-79.0
1777890875.9273324,0.0,2.0,-80.0
1777890875.9373324,-2.0,1.0,-79.0
1777890875.9473324,-4.0,-5.0,-74.0
1777890875.9573324,-4.0,-3.0,-69.0
1777890875.9673324,0.0,0.0,-71.0
1777890875.9773324,2.0,0.0,-67.0
1777890875.9873323,4.0,2.0,-65.0
1777890875.9973323,6.0,2.0,-62.0
1777890876.0073323,6.0,2.0,-61.0
1777890876.0173323,1.0,4.0,-64.0
1777890876.0273323,0.0,4.0,-70.0
1777890876.0373323,-3.0,0.0,-66.0
1777890876.0473323,0.0,-6.0,-66.0
1777890876.0573325,6.0,-5.0,-66.0
1777890876.0673325,7.0,-3.0,-66.0
1777890876.0773325,3.0,-6.0,-73.0
1777890876.0873325,4.0,0.0,-69.0
1777890876.0973325,8.0,0.0,-67.0
1777890876.1073325,7.0,-1.0,-67.0
1777890876.1173325,0.0,-2.0,-60.0
1777890876.1273324,-1.0,-3.0,-59.0
1777890876.1373324,2.0,-3.0,-63.0
1777890876.1473324,4.0,-3.0,-66.0
1777890876.1573324,3.0,-5.0,-71.0
1777890876.1673324,2.0,-6.0,-78.0
1777890876.1773324,3.0,-8.0,-87.0
1777890876.1873324,1.0,-9.0,-84.0
1777890876.1973324,3.0,-5.0,-81.0
1777890876.2073324,3.0,-4.0,-79.0
1777890876.2173324,-2.0,0.0,-79.0
1777890876.2273324,-2.0,-3.0,-75.0
1777890876.2373323,0.0,0.0,-83.0
1777890876.2473323,-2.0,0.0,-82.0
1777890876.2573323,-5.0,1.0,-78.0
1777890876.2673323,-4.0,-2.0,-77.0
1777890876.2773323,0.0,0.0,-75.0
1777890876.2873323,1.0,1.0,-70.0
1777890876.2973323,8.0,1.0,-74.0
1777890876.3073325,12.0,-4.0,-78.0
1777890876.3173325,10.0,-5.0,-71.0
1777890876.3273325,11.0,-6.0,-70.0
1777890876.3373325,9.0,-5.0,-72.0
1777890876.3473325,2.0,-3.0,-67.0
1777890876.3573325,0.0,-2.0,-66.0
1777890876.3673325,2.0,-2.0,-68.0
1777890876.3773324,2.0,-5.0,-71.0
1777890876.3873324,3.0,-5.0,-74.0
1777890876.3973324,1.0,-3.0,-72.0
1777890876.4073324,-4.0,0.0,-70.0
1777890876.4173324,-3.0,3.0,-64.0
1777890876.4273324,-2.0,7.0,-59.0
1777890876.4373324,4.0,6.0,-67.0
1777890876.4473324,4.0,8.0,-67.0
1777890876.4573324,4.0,5.0,-68.0
1777890876.4673324,6.0,10.0,-69.0
1777890876.4773324,3.0,7.0,-71.0
1777890876.4873323,4.0,5.0,-70.0
1777890876.4973323,5.0,3.0,-66.0
1777890876.5073323,0.0,2.0,-70.0
1777890876.5173323,0.0,-1.0,-75.0
1777890876.5273323,-5.0,-2.0,-73.0
1777890876.5373323,-7.0,1.0,-77.0
1777890876.5473323,-9.0,-1.0,-78.0
1777890876.5573325,-6.0,0.0,-83.0
1777890876.5673325,-3.0,1.0,-80.0
1777890876.5773325,1.0,2.0,-84.0
1777890876.5873325,-3.0,0.0,-80.0
1777890876.5973325,0.0,-1.0,-76.0
1777890876.6073325,1.0,0.0,-70.0
1777890876.6173325,3.0,1.0,-80.0
1777890876.6273324,1.0,3.0,-81.0
1777890876.6373324,0.0,3.0,-82.0
1777890876.6473324,-2.0,2.0,-76.0
1777890876.6573324,-4.0,0.0,-79.0
1777890876.6673324,-6.0,0.0,-76.0
1777890876.6773324,-2.0,-2.0,-70.0
1777890876.6873324,-3.0,0.0,-73.0
1777890876.6973324,0.0,1.0,-75.0
1777890876.7073324,3.0,-1.0,-66.0
1777890876.7173324,4.0,-3.0,-63.0
1777890876.7273324,4.0,-3.0,-63.0
1777890876.7373323,0.0,-2.0,-63.0
1777890876.7473323,-2.0,-2.0,-64.0
1777890876.7573323,-4.0,-5.0,-61.0
1777890876.7673323,-6.0,-1.0,-52.0
1777890876.7773323,-6.0,-2.0,-53.0
1777890876.7873323,-4.0,0.0,-54.0
1777890876.7973323,-1.0,-2.0,-54.0
1777890876.8073325,0.0,-2.0,-63.0
1777890876.8173325,2.0,-2.0,-68.0
1777890876.8273325,0.0,-8.0,-76.0
1777890876.8373325,0.0,-7.0,-83.0
1777890876.8473325,0.0,-4.0,-84.0
1777890876.8573325,-1.0,-8.0,-75.0
1777890876.8673325,-1.0,-5.0,-69.0
1777890876.8773324,1.0,-3.0,-71.0
1777890876.8873324,0.0,-2.0,-70.0
1777890876.8973324,0.0,0.0,-66.0
1777890876.9073324,0.0,-2.0,-62.0
1777890876.9173324,3.0,-2.0,-60.0
1777890876.9273324,-3.0,-1.0,-65.0
1777890876.9373324,0.0,1.0,-66.0
1777890876.9473324,0.0,0.0,-68.0
1777890876.9573324,2.0,-2.0,-67.0
1777890876.9673324,1.0,1.0,-75.0
1777890876.9773324,3.0,2.0,-73.0
1777890876.9873323,5.0,2.0,-73.0
1777890876.9973323,1.0,0.0,-71.0
1777890877.0073323,4.0,0.0,-72.0
1777890877.0173323,2.0,0.0,-75.0
1777890877.0273323,4.0,-2.0,-76.0
1777890877.0373323,3.0,2.0,-73.0
1777890877.0473323,4.0,1.0,-70.0
1777890877.0573325,3.0,3.0,-69.0
1777890877.0673325,3.0,1.0,-69.0
1777890877.0773325,3.0,2.0,-68.0
1777890877.0873325,2.0,1.0,-72.0
1777890877.0973325,-4.0,-4.0,-72.0
1777890877.1073325,-6.0,-3.0,-64.0
1777890877.1173325,0.0,-3.0,-69.0
1777890877.1273324,0.0,-4.0,-67.0
1777890877.1373324,-6.0,-8.0,-72.0
1777890877.1473324,-3.0,-8.0,-75.0
1777890877.1573324,-4.0,-4.0,-74.0
1777890877.1673324,-2.0,-3.0,-70.0
1777890877.1773324,-3.0,-3.0,-68.0
1777890877.1873324,-5.0,-3.0,-63.0
1777890877.1973324,-1.0,-1.0,-66.0
1777890877.2073324,3.0,-3.0,-67.0
1777890877.2173324,4.0,-3.0,-66.0
1777890877.2273324,3.0,-2.0,-62.0
1777890877.2373323,3.0,0.0,-73.0
1777890877.2473323,0.0,0.0,-72.0
1777890877.2573323,-2.0,4.0,-70.0
1777890877.2673323,-2.0,5.0,-66.0
1777890877.2773323,-2.0,5.0,-72.0
1777890877.2873323,-1.0,6.0,-72.0
1777890877.2973323,1.0,7.0,-70.0
1777890877.3073325,4.0,4.0,-65.0
1777890877.3173325,0.0,1.0,-72.0
1777890877.3273325,2.0,-1.0,-67.0
1777890877.3373325,1.0,0.0,-67.0
1777890877.3473325,0.0,0.0,-68.0
1777890877.3573325,-3.0,0.0,-68.0
1777890877.3673325,-3.0,-1.0,-68.0
1777890877.3773324,0.0,-4.0,-69.0
1777890877.3873324,3.0,-5.0,-67.0
1777890877.3973324,3.0,-4.0,-65.0
1777890877.4073324,1.0,-8.0,-64.0
1777890877.4173324,2.0,-8.0,-72.0
1777890877.4273324,1.0,-3.0,-70.0
1777890877.4373324,4.0,-2.0,-72.0
1777890877.4473324,0.0,-3.0,-76.0
1777890877.4573324,1.0,1.0,-69.0
1777890877.4683323,3.0,1.0,-72.0
1777890877.4773324,1.0,0.0,-77.0
1777890877.4883325,-2.0,-2.0,-78.0
1777890877.4983325,0.0,-2.0,-84.0
1777890877.5083325,0.0,-3.0,-78.0
1777890877.5183325,3.0,0.0,-77.0
1777890877.5283325,3.0,0.0,-81.0
1777890877.5383325,2.0,-1.0,-83.0
1777890877.5483325,3.0,-8.0,-82.0
1777890877.5583324,3.0,-9.0,-77.0
1777890877.5683324,0.0,-8.0,-73.0
1777890877.5783324,0.0,-10.0,-71.0
1777890877.5883324,0.0,-7.0,-73.0
1777890877.5983324,0.0,-3.0,-66.0
1777890877.6083324,-1.0,1.0,-63.0
1777890877.6183324,0.0,1.0,-65.0
1777890877.6283324,0.0,4.0,-63.0
1777890877.6383324,-1.0,2.0,-65.0
1777890877.6483324,-6.0,3.0,-66.0
1777890877.6583323,0.0,6.0,-65.0
1777890877.6683323,0.0,3.0,-67.0
1777890877.6783323,0.0,0.0,-69.0
1777890877.6883323,5.0,0.0,-64.0
1777890877.6983323,3.0,-4.0,-65.0
1777890877.7083323,0.0,-3.0,-63.0
1777890877.7183323,0.0,-2.0,-62.0
1777890877.7283323,1.0,1.0,-64.0
1777890877.7383325,-2.0,1.0,-60.0
1777890877.7483325,1.0,-1.0,-60.0
1777890877.7583325,2.0,-3.0,-63.0
1777890877.7683325,3.0,-2.0,-67.0
1777890877.7783325,-1.0,2.0,-66.0
1777890877.7883325,-3.0,-2.0,-74.0
1777890877.7983325,0.0,-5.0,-78.0
1777890877.8083324,0.0,-9.0,-73.0
1777890877.8183324,1.0,-4.0,-71.0
1777890877.8283324,-6.0,-2.0,-68.0
1777890877.8383324,-6.0,0.0,-72.0
1777890877.8483324,-5.0,0.0,-68.0
1777890877.8583324,-2.0,1.0,-70.0
1777890877.8683324,4.0,3.0,-71.0
1777890877.8783324,0.0,0.0,-68.0
1777890877.8883324,-4.0,-1.0,-71.0
1777890877.8983324,-5.0,3.0,-68.0
1777890877.9083323,-3.0,2.0,-66.0
1777890877.9183323,0.0,0.0,-69.0
1777890877.9283323,0.0,-1.0,-71.0
1777890877.9383323,-2.0,3.0,-80.0
1777890877.9483323,0.0,-2.0,-77.0
1777890877.9583323,-6.0,-1.0,-76.0
1777890877.9683323,-5.0,-3.0,-78.0
1777890877.9783323,-3.0,-5.0,-78.0
1777890877.9883325,-5.0,-4.0,-73.0
1777890877.9983325,-2.0,-7.0,-69.0
1777890878.0083325,0.0,-7.0,-76.0
1777890878.0183325,0.0,-1.0,-82.0
1777890878.0283325,0.0,-1.0,-81.0
1777890878.0383325,0.0,-3.0,-78.0
1777890878.0483325,-1.0,-5.0,-81.0
1777890878.0583324,0.0,-5.0,-80.0
1777890878.0683324,3.0,0.0,-83.0
1777890878.0783324,1.0,4.0,-85.0
1777890878.0893323,1.0,0.0,-88.0
1777890878.0983324,0.0,0.0,-87.0
1777890878.1083324,-3.0,1.0,-92.0
1777890878.1183324,-4.0,0.0,-94.0
1777890878.1283324,0.0,-2.0,-82.0
1777890878.1383324,-1.0,-6.0,-82.0
1777890878.1483324,-2.0,-3.0,-80.0
1777890878.1583323,-2.0,-2.0,-77.0
1777890878.1683323,-8.0,-2.0,-75.0
1777890878.1783323,-6.0,1.0,-70.0
1777890878.1883323,-3.0,2.0,-77.0
1777890878.1983323,0.0,5.0,-80.0
1777890878.2083323,3.0,1.0,-77.0
1777890878.2183323,4.0,0.0,-68.0
1777890878.2283323,2.0,0.0,-60.0
1777890878.2383325,1.0,-4.0,-56.0
1777890878.2483325,7.0,-4.0,-63.0
1777890878.2583325,3.0,-3.0,-64.0
1777890878.2683325,3.0,-4.0,-61.0
1777890878.2783325,3.0,-2.0,-62.0
1777890878.2883325,7.0,0.0,-67.0
1777890878.2983325,8.0,0.0,-67.0
1777890878.3083324,5.0,-2.0,-63.0
1777890878.3183324,3.0,-2.0,-63.0
1777890878.3283324,2.0,0.0,-66.0
1777890878.3383324,7.0,-1.0,-72.0
1777890878.3483324,8.0,-2.0,-74.0
1777890878.3583324,11.0,-6.0,-83.0
1777890878.3683324,8.0,-3.0,-88.0
1777890878.3783324,0.0,-2.0,-84.0
1777890878.3883324,-2.0,-8.0,-84.0
1777890878.3983324,-1.0,-5.0,-83.0
1777890878.4083323,-2.0,-2.0,-81.0
1777890878.4183323,0.0,-1.0,-74.0
1777890878.4283323,-1.0,1.0,-79.0
1777890878.4383323,2.0,-1.0,-85.0
1777890878.4483323,1.0,-1.0,-87.0
1777890878.4583323,1.0,1.0,-84.0
1777890878.4683323,0.0,2.0,-77.0
1777890878.4783323,0.0,1.0,-69.0
1777890878.4883325,-1.0,1.0,-73.0
1777890878.4983325,-5.0,2.0,-69.0
1777890878.5083325,-2.0,-1.0,-69.0
1777890878.5183325,0.0,-3.0,-66.0
1777890878.5283325,-1.0,0.0,-69.0
1777890878.5383325,-6.0,2.0,-78.0
1777890878.5483325,-7.0,1.0,-79.0
1777890878.5583324,-3.0,-2.0,-76.0
1777890878.5683324,-1.0,0.0,-77.0
1777890878.5783324,-1.0,0.0,-73.0
1777890878.5883324,-7.0,0.0,-71.0
1777890878.5983324,-5.0,-1.0,-72.0
1777890878.6083324,-6.0,-1.0,-75.0
1777890878.6183324,-2.0,0.0,-74.0
1777890878.6283324,-2.0,4.0,-74.0
1777890878.6383324,-3.0,1.0,-73.0
1777890878.6483324,-6.0,0.0,-72.0
1777890878.6583323,-1.0,4.0,-73.0
1777890878.6683323,0.0,0.0,-63.0
1777890878.6783323,0.0,0.0,-62.0
1777890878.6883323,0.0,0.0,-64.0
1777890878.6983323,1.0,0.0,-67.0
1777890878.7083323,1.0,-3.0,-67.0
1777890878.7183323,0.0,-7.0,-74.0
1777890878.7283323,-2.0,-6.0,-71.0
1777890878.7383325,1.0,0.0,-74.0
1777890878.7483325,-3.0,-5.0,-69.0
1777890878.7583325,-3.0,-4.0,-67.0
1777890878.7683325,-2.0,-2.0,-67.0
1777890878.7783325,-1.0,-4.0,-77.0
1777890878.7883325,0.0,-3.0,-83.0
1777890878.7983325,0.0,-2.0,-76.0
1777890878.8083324,0.0,-2.0,-73.0
1777890878.8183324,-2.0,-7.0,-68.0
1777890878.8283324,-3.0,-5.0,-66.0
1777890878.8383324,-5.0,-7.0,-68.0
1777890878.8483324,-4.0,-7.0,-62.0
1777890878.8583324,-3.0,-6.0,-58.0
1777890878.8683324,0.0,-5.0,-60.0
1777890878.8783324,0.0,0.0,-70.0
1777890878.8883324,-3.0,1.0,-72.0
1777890878.8983324,-1.0,-1.0,-67.0
1777890878.9083323,0.0,4.0,-69.0
1777890878.9183323,0.0,2.0,-66.0
1777890878.9283323,3.0,0.0,-73.0
1777890878.9383323,8.0,2.0,-81.0
1777890878.9483323,7.0,-1.0,-75.0
1777890878.9583323,11.0,-3.0,-74.0
1777890878.9683323,14.0,-6.0,-71.0
1777890878.9783323,10.0,-6.0,-84.0
1777890878.9883325,5.0,-5.0,-87.0
1777890878.9983325,6.0,-5.0,-84.0
1777890879.0083325,2.0,-3.0,-74.0
1777890879.0183325,3.0,-4.0,-68.0
1777890879.0283325,0.0,-2.0,-63.0
1777890879.0383325,0.0,-3.0,-67.0
1777890879.0483325,-1.0,-3.0,-66.0
1777890879.0583324,0.0,-2.0,-65.0
1777890879.0683324,0.0,-4.0,-61.0
1777890879.0783324,3.0,-7.0,-66.0
1777890879.0883324,4.0,-6.0,-62.0
1777890879.0983324,0.0,-5.0,-64.0
1777890879.1083324,3.0,-2.0,-68.0
1777890879.1183324,3.0,-3.0,-70.0
1777890879.1283324,1.0,-5.0,-80.0
1777890879.1383324,1.0,-5.0,-79.0
1777890879.1483324,5.0,-4.0,-81.0
1777890879.1583323,4.0,0.0,-75.0
1777890879.1683323,0.0,-3.0,-71.0
1777890879.1783323,-2.0,0.0,-76.0
1777890879.1883323,-2.0,-3.0,-72.0
1777890879.1983323,-1.0,-2.0,-75.0
1777890879.2083323,2.0,0.0,-74.0
1777890879.2183323,3.0,3.0,-70.0
1777890879.2283323,5.0,2.0,-66.0
1777890879.2383325,7.0,-2.0,-66.0
1777890879.2483325,7.0,-5.0,-66.0
1777890879.2583325,3.0,-5.0,-67.0
1777890879.2683325,1.0,-4.0,-69.0
1777890879.2783325,0.0,1.0,-70.0
1777890879.2883325,0.0,0.0,-65.0
1777890879.2983325,0.0,-1.0,-69.0
1777890879.3083324,-1.0,0.0,-73.0
1777890879.3183324,-4.0,1.0,-73.0
1777890879.3283324,-8.0,-1.0,-76.0
1777890879.3383324,-5.0,-1.0,-75.0
1777890879.3483324,-4.0,-2.0,-78.0
1777890879.3583324,0.0,-5.0,-75.0
1777890879.3683324,0.0,-9.0,-75.0
1777890879.3783324,-1.0,-6.0,-67.0
1777890879.3883324,0.0,-5.0,-68.0
1777890879.3983324,4.0,-1.0,-65.0
1777890879.4083323,3.0,0.0,-62.0
1777890879.4183323,0.0,0.0,-61.0
1777890879.4283323,-1.0,-1.0,-71.0
1777890879.4383323,-1.0,-1.0,-66.0
1777890879.4483323,-2.0,-7.0,-74.0
1777890879.4583323,-4.0,-6.0,-75.0
1777890879.4683323,0.0,-9.0,-78.0
1777890879.4793324,1.0,-8.0,-82.0
1777890879.4893324,0.0,-2.0,-81.0
1777890879.4993324,-1.0,0.0,-79.0
1777890879.5093324,-5.0,0.0,-81.0
1777890879.5193324,-6.0,-5.0,-79.0
1777890879.5293324,0.0,-5.0,-78.0
1777890879.5393324,0.0,-1.0,-79.0
1777890879.5493324,-3.0,0.0,-81.0
1777890879.5593324,0.0,4.0,-80.0
1777890879.5693324,3.0,2.0,-79.0
1777890879.5793324,1.0,1.0,-77.0
1777890879.5893323,0.0,-2.0,-78.0
1777890879.5993323,6.0,0.0,-75.0
1777890879.6093323,1.0,-1.0,-77.0
1777890879.6193323,5.0,-5.0,-77.0
1777890879.6293323,4.0,-5.0,-71.0
1777890879.6393323,0.0,-2.0,-73.0
1777890879.6493323,0.0,-4.0,-74.0
1777890879.6593325,-1.0,-6.0,-70.0
1777890879.6693325,0.0,-5.0,-72.0
1777890879.6793325,-4.0,-5.0,-71.0
1777890879.6893325,-7.0,-7.0,-68.0
1777890879.6993325,-2.0,-7.0,-66.0
1777890879.7093325,0.0,-5.0,-64.0
1777890879.7193325,-2.0,-2.0,-67.0
1777890879.7293324,1.0,-2.0,-72.0
1777890879.7393324,0.0,-4.0,-72.0
1777890879.7493324,-4.0,-2.0,-68.0
1777890879.7593324,2.0,1.0,-66.0
1777890879.7693324,4.0,0.0,-68.0
1777890879.7793324,9.0,-2.0,-69.0
1777890879.7893324,7.0,-3.0,-65.0
1777890879.7993324,3.0,0.0,-65.0
1777890879.8093324,-1.0,3.0,-68.0
1777890879.8193324,0.0,1.0,-68.0
1777890879.8293324,1.0,3.0,-71.0
1777890879.8393323,0.0,5.0,-60.0
1777890879.8493323,1.0,6.0,-59.0
1777890879.8593323,5.0,3.0,-63.0
1777890879.8693323,2.0,1.0,-66.0
1777890879.8793323,-1.0,2.0,-70.0
1777890879.8893323,-1.0,4.0,-72.0
1777890879.8993323,-3.0,4.0,-74.0
1777890879.9093325,-4.0,5.0,-76.0
1777890879.9193325,-2.0,6.0,-78.0
1777890879.9293325,0.0,1.0,-81.0
1777890879.9393325,0.0,2.0,-83.0
1777890879.9493325,-1.0,4.0,-81.0
1777890879.9593325,0.0,0.0,-76.0
1777890879.9693325,1.0,2.0,-75.0
1777890879.9793324,-2.0,0.0,-71.0
1777890879.9893324,-1.0,2.0,-71.0
1777890879.9993324,0.0,0.0,-79.0
1777890880.0093324,0.0,0.0,-80.0
1777890880.0193324,-1.0,-2.0,-82.0
1777890880.0293324,1.0,-2.0,-81.0
1777890880.0393324,2.0,-3.0,-80.0
1777890880.0493324,5.0,-1.0,-75.0
1777890880.0593324,4.0,0.0,-66.0
1777890880.0693324,2.0,0.0,-68.0
1777890880.0793324,1.0,0.0,-63.0
1777890880.0893323,2.0,-2.0,-54.0
1777890880.0993323,2.0,-2.0,-58.0
1777890880.1093323,2.0,-4.0,-60.0
1777890880.1193323,0.0,-3.0,-67.0
1777890880.1293323,1.0,0.0,-66.0
1777890880.1393323,1.0,0.0,-68.0
1777890880.1493323,2.0,-2.0,-68.0
1777890880.1593325,0.0,-4.0,-66.0
1777890880.1693325,1.0,-3.0,-67.0
1777890880.1793325,0.0,-2.0,-72.0
1777890880.1893325,0.0,-3.0,-77.0
1777890880.1993325,3.0,-2.0,-84.0
1777890880.2093325,0.0,-1.0,-80.0
1777890880.2193325,-1.0,1.0,-81.0
1777890880.2293324,0.0,-3.0,-81.0
1777890880.2393324,0.0,-1.0,-77.0
1777890880.2493324,3.0,-5.0,-77.0
1777890880.2593324,5.0,-5.0,-75.0
1777890880.2693324,4.0,0.0,-76.0
1777890880.2793324,0.0,0.0,-78.0
1777890880.2893324,0.0,2.0,-82.0
1777890880.2993324,-2.0,3.0,-81.0
1777890880.3093324,1.0,3.0,-78.0
1777890880.3193324,2.0,1.0,-74.0
1777890880.3293324,2.0,0.0,-68.0
1777890880.3393323,6.0,-1.0,-76.0
1777890880.3493323,5.0,-2.0,-69.0
1777890880.3593323,3.0,-3.0,-63.0
1777890880.3693323,3.0,-2.0,-57.0
1777890880.3793323,1.0,-5.0,-58.0
1777890880.3893323,2.0,-3.0,-56.0
1777890880.3993323,-2.0,-3.0,-57.0
1777890880.4093325,-2.0,-4.0,-58.0
1777890880.4193325,0.0,-2.0,-64.0
1777890880.4293325,0.0,0.0,-66.0
1777890880.4393325,-2.0,7.0,-64.0
1777890880.4493325,-1.0,7.0,-59.0
1777890880.4593325,-2.0,3.0,-66.0
1777890880.4693325,0.0,-1.0,-69.0
1777890880.4793324,2.0,-3.0,-69.0
1777890880.4893324,2.0,-4.0,-66.0
1777890880.4993324,1.0,-1.0,-64.0
1777890880.5093324,2.0,-4.0,-64.0
1777890880.5193324,6.0,-6.0,-61.0
1777890880.5293324,4.0,-2.0,-64.0
1777890880.5393324,6.0,0.0,-75.0
1777890880.5493324,7.0,-3.0,-75.0
1777890880.5593324,11.0,-2.0,-73.0
1777890880.5693324,10.0,0.0,-74.0
1777890880.5793324,11.0,4.0,-69.0
1777890880.5893323,7.0,5.0,-71.0
1777890880.5993323,2.0,3.0,-68.0
1777890880.6093323,5.0,6.0,-67.0
1777890880.6193323,1.0,7.0,-67.0
1777890880.6293323,-2.0,4.0,-70.0
1777890880.6393323,2.0,3.0,-67.0
1777890880.6493323,2.0,2.0,-71.0
1777890880.6593325,-1.0,-1.0,-66.0
1777890880.6693325,-4.0,2.0,-63.0
1777890880.6793325,-1.0,0.0,-67.0
1777890880.6893325,0.0,1.0,-73.0
1777890880.6993325,0.0,2.0,-74.0
1777890880.7093325,-1.0,0.0,-74.0
1777890880.7193325,-1.0,3.0,-74.0
1777890880.7293324,-2.0,3.0,-79.0
1777890880.7393324,-5.0,3.0,-76.0
1777890880.7493324,-7.0,-1.0,-75.0
1777890880.7593324,-6.0,2.0,-78.0
1777890880.7693324,-3.0,7.0,-71.0
1777890880.7793324,0.0,6.0,-67.0
1777890880.7893324,6.0,7.0,-69.0
1777890880.7993324,5.0,6.0,-70.0
1777890880.8093324,3.0,4.0,-71.0
1777890880.8193324,4.0,2.0,-73.0
1777890880.8293324,1.0,4.0,-79.0
1777890880.8393323,0.0,1.0,-80.0
1777890880.8493323,-2.0,0.0,-83.0
1777890880.8593323,-3.0,-1.0,-80.0
1777890880.8693323,-4.0,-5.0,-81.0
1777890880.8793323,0.0,-3.0,-82.0
1777890880.8893323,2.0,-1.0,-70.0
1777890880.8993323,4.0,-1.0,-65.0
1777890880.9093325,2.0,3.0,-62.0
1777890880.9193325,3.0,2.0,-57.0
1777890880.9293325,-3.0,3.0,-57.0
1777890880.9393325,0.0,1.0,-69.0
1777890880.9493325,0.0,0.0,-75.0
1777890880.9593325,-4.0,-1.0,-71.0
1777890880.9693325,-3.0,0.0,-68.0
1777890880.9793324,-1.0,1.0,-67.0
1777890880.9893324,0.0,2.0,-66.0
1777890880.9993324,-1.0,0.0,-65.0
1777890881.0093324,0.0,4.0,-71.0
1777890881.0193324,5.0,2.0,-70.0
1777890881.0293324,7.0,0.0,-71.0
1777890881.0393324,0.0,2.0,-71.0
1777890881.0493324,1.0,3.0,-74.0
1777890881.0593324,0.0,7.0,-76.0
1777890881.0693324,-2.0,4.0,-75.0
1777890881.0793324,-2.0,5.0,-75.0
1777890881.0893323,-6.0,0.0,-76.0
1777890881.0993323,-1.0,3.0,-77.0
1777890881.1093323,-3.0,4.0,-70.0
1777890881.1193323,0.0,6.0,-71.0
1777890881.1293323,4.0,6.0,-69.0
1777890881.1393323,4.0,5.0,-67.0
1777890881.1493323,7.0,1.0,-77.0
1777890881.1593325,2.0,1.0,-78.0
1777890881.1693325,5.0,2.0,-74.0
1777890881.1793325,6.0,0.0,-70.0
1777890881.1893325,6.0,0.0,-73.0
1777890881.1993325,4.0,-3.0,-69.0
1777890881.2093325,0.0,-3.0,-68.0
1777890881.2193325,2.0,-3.0,-69.0
1777890881.2293324,3.0,-2.0,-74.0
1777890881.2393324,1.0,-1.0,-75.0
1777890881.2493324,0.0,1.0,-74.0
1777890881.2593324,4.0,3.0,-78.0
1777890881.2693324,8.0,2.0,-74.0
1777890881.2793324,6.0,1.0,-74.0
1777890881.2893324,-2.0,4.0,-75.0
1777890881.2993324,-3.0,8.0,-74.0
1777890881.3093324,-1.0,8.0,-83.0
1777890881.3193324,0.0,1.0,-86.0
1777890881.3293324,-3.0,1.0,-85.0
1777890881.3393323,-3.0,2.0,-81.0
1777890881.3493323,-5.0,4.0,-81.0
1777890881.3593323,-3.0,6.0,-85.0
1777890881.3693323,-1.0,6.0,-82.0
1777890881.3793323,-1.0,4.0,-81.0
1777890881.3893323,0.0,3.0,-78.0
1777890881.3993323,-3.0,1.0,-78.0
1777890881.4093325,-2.0,-2.0,-76.0
1777890881.4193325,-3.0,-1.0,-73.0
1777890881.4293325,-4.0,-4.0,-67.0
1777890881.4393325,0.0,0.0,-65.0
1777890881.4503324,5.0,0.0,-69.0
1777890881.4593325,7.0,0.0,-68.0
1777890881.4703324,1.0,1.0,-63.0
1777890881.4803324,0.0,3.0,-59.0
1777890881.4903324,0.0,0.0,-55.0
1777890881.5003324,1.0,-2.0,-57.0
1777890881.5103323,1.0,-5.0,-59.0
1777890881.5203323,1.0,-6.0,-63.0
1777890881.5303323,6.0,-5.0,-67.0
1777890881.5403323,3.0,-10.0,-71.0
1777890881.5503323,3.0,-9.0,-67.0
1777890881.5603323,2.0,-6.0,-72.0
1777890881.5703323,2.0,-10.0,-77.0
1777890881.5803325,0.0,-11.0,-80.0
1777890881.5903325,-3.0,-10.0,-74.0
1777890881.6003325,-8.0,-4.0,-76.0
1777890881.6103325,-7.0,-2.0,-80.0
1777890881.6203325,-4.0,-4.0,-75.0
1777890881.6303325,-7.0,0.0,-82.0
1777890881.6403325,-7.0,3.0,-84.0
1777890881.6503325,-9.0,4.0,-76.0
1777890881.6603324,-9.0,3.0,-73.0
1777890881.6703324,-5.0,0.0,-75.0
1777890881.6803324,-2.0,-4.0,-80.0
1777890881.6903324,-1.0,-4.0,-78.0
1777890881.7003324,5.0,-1.0,-76.0
1777890881.7103324,4.0,0.0,-75.0
1777890881.7203324,0.0,1.0,-66.0
1777890881.7303324,2.0,0.0,-66.0
1777890881.7403324,1.0,0.0,-69.0
1777890881.7503324,-3.0,1.0,-75.0
1777890881.7603323,-5.0,4.0,-74.0
1777890881.7703323,-9.0,5.0,-71.0
1777890881.7803323,-6.0,3.0,-72.0
1777890881.7903323,-4.0,1.0,-78.0
1777890881.8003323,-6.0,1.0,-81.0
1777890881.8103323,-2.0,0.0,-82.0
1777890881.8203323,0.0,-2.0,-80.0
1777890881.8303325,-2.0,0.0,-77.0
1777890881.8403325,0.0,2.0,-82.0
1777890881.8503325,-2.0,4.0,-84.0
1777890881.8603325,3.0,2.0,-78.0
1777890881.8703325,1.0,4.0,-77.0
1777890881.8803325,2.0,6.0,-74.0
1777890881.8903325,4.0,5.0,-72.0
1777890881.9003325,1.0,2.0,-66.0
1777890881.9103324,1.0,0.0,-70.0
1777890881.9203324,0.0,-1.0,-69.0
1777890881.9303324,0.0,-7.0,-68.0
1777890881.9403324,0.0,-5.0,-73.0
1777890881.9503324,-1.0,-5.0,-70.0
1777890881.9603324,-4.0,-7.0,-65.0
1777890881.9703324,0.0,-5.0,-61.0
1777890881.9803324,-4.0,-3.0,-68.0
1777890881.9903324,0.0,0.0,-72.0
1777890882.0003324,2.0,-1.0,-71.0
1777890882.0103323,8.0,0.0,-71.0
1777890882.0203323,6.0,-2.0,-69.0
1777890882.0303323,6.0,-2.0,-67.0
1777890882.0403323,5.0,0.0,-74.0
1777890882.0503323,2.0,-5.0,-78.0
1777890882.0603323,6.0,-10.0,-77.0
1777890882.0703323,8.0,-12.0,-69.0
1777890882.0803325,9.0,-8.0,-63.0
1777890882.0903325,12.0,-9.0,-62.0
1777890882.1003325,7.0,-7.0,-63.0
1777890882.1103325,7.0,-2.0,-67.0
1777890882.1203325,8.0,-2.0,-61.0
1777890882.1303325,10.0,0.0,-62.0
1777890882.1403325,5.0,3.0,-63.0
1777890882.1503325,0.0,3.0,-54.0
1777890882.1603324,0.0,2.0,-54.0
1777890882.1703324,1.0,1.0,-57.0
1777890882.1803324,0.0,1.0,-63.0
1777890882.1903324,1.0,2.0,-67.0
1777890882.2003324,5.0,5.0,-67.0
1777890882.2103324,7.0,4.0,-71.0
1777890882.2203324,5.0,4.0,-78.0
1777890882.2303324,10.0,0.0,-76.0
1777890882.2403324,5.0,-4.0,-74.0
1777890882.2503324,4.0,-1.0,-74.0
1777890882.2603323,0.0,-2.0,-79.0
1777890882.2703323,1.0,-3.0,-78.0
1777890882.2803323,3.0,-4.0,-71.0
1777890882.2903323,5.0,-5.0,-73.0
1777890882.3003323,4.0,-4.0,-69.0
1777890882.3103323,0.0,-5.0,-66.0
1777890882.3203323,0.0,-5.0,-58.0
1777890882.3303325,1.0,-4.0,-64.0
1777890882.3403325,0.0,-5.0,-65.0
1777890882.3503325,1.0,-5.0,-59.0
1777890882.3603325,2.0,-4.0,-63.0
1777890882.3703325,4.0,-6.0,-67.0
1777890882.3803325,3.0,-7.0,-65.0
1777890882.3903325,0.0,-10.0,-63.0
1777890882.4003325,0.0,-5.0,-65.0
1777890882.4103324,2.0,-1.0,-64.0
1777890882.4203324,3.0,0.0,-66.0
1777890882.4303324,4.0,0.0,-68.0
1777890882.4403324,4.0,1.0,-73.0
1777890882.4503324,5.0,4.0,-72.0
1777890882.4603324,1.0,3.0,-66.0
1777890882.4703324,-1.0,1.0,-63.0
1777890882.4803324,-1.0,2.0,-66.0
1777890882.4903324,2.0,0.0,-70.0
1777890882.5003324,-3.0,-3.0,-72.0
1777890882.5103323,-3.0,-2.0,-69.0
1777890882.5203323,0.0,-3.0,-66.0
1777890882.5303323,1.0,-4.0,-63.0
1777890882.5403323,0.0,0.0,-72.0
1777890882.5503323,-1.0,-1.0,-72.0
1777890882.5603323,0.0,0.0,-68.0
1777890882.5703323,1.0,-1.0,-66.0
1777890882.5803325,0.0,-1.0,-66.0
1777890882.5903325,-2.0,-1.0,-64.0
1777890882.6003325,3.0,-5.0,-70.0
1777890882.6103325,4.0,-6.0,-74.0
1777890882.6203325,7.0,-6.0,-71.0
1777890882.6303325,7.0,-6.0,-71.0
1777890882.6403325,9.0,-6.0,-63.0
1777890882.6503325,8.0,-3.0,-62.0
1777890882.6603324,9.0,0.0,-62.0
1777890882.6703324,5.0,0.0,-65.0
1777890882.6803324,0.0,-6.0,-66.0
1777890882.6903324,0.0,-7.0,-73.0
1777890882.7003324,-3.0,-7.0,-73.0
1777890882.7103324,0.0,-7.0,-73.0
1777890882.7203324,-1.0,-8.0,-69.0
1777890882.7303324,0.0,-6.0,-71.0
1777890882.7403324,0.0,-4.0,-68.0
1777890882.7503324,0.0,0.0,-74.0
1777890882.7603323,0.0,1.0,-78.0
1777890882.7703323,-1.0,0.0,-82.0
1777890882.7803323,-2.0,-3.0,-79.0
1777890882.7903323,0.0,-4.0,-79.0
1777890882.8003323,3.0,-6.0,-75.0
1777890882.8103323,5.0,-2.0,-72.0
1777890882.8203323,4.0,-4.0,-68.0
1777890882.8303325,2.0,-6.0,-69.0
1777890882.8403325,8.0,-8.0,-69.0
1777890882.8503325,13.0,-6.0,-75.0
1777890882.8603325,11.0,-3.0,-74.0
1777890882.8703325,12.0,-1.0,-76.0
1777890882.8803325,11.0,1.0,-79.0
1777890882.8903325,3.0,2.0,-74.0
1777890882.9003325,2.0,2.0,-67.0
1777890882.9103324,0.0,5.0,-66.0
1777890882.9213324,0.0,4.0,-66.0
1777890882.9303324,-2.0,0.0,-69.0
1777890882.9403324,3.0,0.0,-73.0
1777890882.9503324,1.0,0.0,-75.0
1777890882.9603324,-3.0,-2.0,-72.0
1777890882.9703324,0.0,4.0,-73.0
1777890882.9803324,0.0,7.0,-70.0
1777890882.9903324,5.0,7.0,-74.0
1777890883.0003324,2.0,8.0,-79.0
1777890883.0103323,5.0,6.0,-84.0
1777890883.0203323,6.0,2.0,-80.0
1777890883.0303323,5.0,5.0,-77.0
1777890883.0403323,3.0,3.0,-71.0
1777890883.0503323,5.0,1.0,-71.0
1777890883.0603323,4.0,0.0,-80.0
1777890883.0703323,3.0,0.0,-76.0
1777890883.0803325,1.0,-2.0,-76.0
1777890883.0903325,2.0,-4.0,-75.0
1777890883.1003325,4.0,-4.0,-73.0
1777890883.1103325,3.0,-1.0,-69.0
1777890883.1203325,2.0,0.0,-66.0
1777890883.1303325,3.0,-1.0,-64.0
1777890883.1403325,4.0,0.0,-70.0
1777890883.1503325,1.0,1.0,-68.0
1777890883.1603324,6.0,0.0,-67.0
1777890883.1703324,13.0,-3.0,-67.0
1777890883.1803324,13.0,-4.0,-68.0
1777890883.1903324,12.0,-1.0,-70.0
1777890883.2003324,5.0,0.0,-72.0
1777890883.2103324,4.0,0.0,-79.0
1777890883.2203324,4.0,2.0,-79.0
1777890883.2303324,5.0,0.0,-75.0
1777890883.2403324,3.0,-1.0,-77.0
1777890883.2503324,2.0,-2.0,-70.0
1777890883.2603323,-1.0,-4.0,-72.0
1777890883.2703323,1.0,-6.0,-69.0
1777890883.2803323,4.0,-3.0,-78.0
1777890883.2903323,0.0,1.0,-80.0
1777890883.3003323,-1.0,2.0,-80.0
1777890883.3103323,0.0,3.0,-77.0
1777890883.3203323,0.0,0.0,-73.0
1777890883.3303325,1.0,3.0,-69.0
1777890883.3403325,3.0,2.0,-69.0
1777890883.3503325,0.0,-1.0,-72.0
1777890883.3603325,4.0,-2.0,-71.0
1777890883.3703325,6.0,-2.0,-68.0
1777890883.3803325,10.0,-2.0,-63.0
1777890883.3903325,6.0,-2.0,-68.0
1777890883.4003325,8.0,-1.0,-70.0
1777890883.4103324,5.0,0.0,-72.0
1777890883.4203324,7.0,1.0,-68.0
1777890883.4303324,7.0,5.0,-61.0
1777890883.4413323,5.0,0.0,-60.0
1777890883.4503324,5.0,-1.0,-61.0
1777890883.4613323,4.0,0.0,-64.0
1777890883.4713323,0.0,1.0,-65.0
1777890883.4813323,0.0,0.0,-70.0
1777890883.4913323,1.0,-5.0,-69.0
1777890883.5003324,4.0,-5.0,-64.0
1777890883.5113325,7.0,-7.0,-66.0
1777890883.5213325,5.0,-1.0,-73.0
1777890883.5313325,4.0,1.0,-67.0
1777890883.5413325,0.0,2.0,-74.0
1777890883.5513325,-2.0,7.0,-68.0
1777890883.5613325,0.0,11.0,-68.0
1777890883.5713325,0.0,9.0,-74.0
1777890883.5813324,-2.0,6.0,-76.0
1777890883.5913324,-2.0,5.0,-75.0
1777890883.6013324,-1.0,5.0,-70.0
1777890883.6113324,-1.0,6.0,-68.0
1777890883.6213324,-1.0,0.0,-65.0
1777890883.6313324,4.0,0.0,-65.0
1777890883.6413324,6.0,4.0,-71.0
1777890883.6513324,6.0,2.0,-78.0
1777890883.6613324,1.0,-2.0,-83.0
1777890883.6713324,0.0,-1.0,-78.0
1777890883.6813323,3.0,-3.0,-78.0
1777890883.6913323,2.0,1.0,-73.0
1777890883.7013323,7.0,3.0,-70.0
1777890883.7113323,9.0,7.0,-69.0
1777890883.7213323,8.0,12.0,-66.0
1777890883.7313323,8.0,12.0,-65.0
1777890883.7413323,8.0,6.0,-67.0
1777890883.7513323,7.0,5.0,-67.0
1777890883.7613325,7.0,4.0,-73.0
1777890883.7713325,1.0,4.0,-75.0
1777890883.7813325,0.0,2.0,-78.0
1777890883.7913325,2.0,2.0,-78.0
1777890883.8013325,-1.0,-2.0,-78.0
1777890883.8113325,-1.0,-2.0,-80.0
1777890883.8213325,4.0,-4.0,-76.0
1777890883.8313324,5.0,0.0,-75.0
1777890883.8413324,3.0,2.0,-76.0
1777890883.8513324,4.0,4.0,-73.0
1777890883.8613324,1.0,5.0,-74.0
1777890883.8713324,2.0,1.0,-75.0
1777890883.8813324,0.0,-2.0,-82.0
1777890883.8913324,1.0,1.0,-86.0
1777890883.9013324,0.0,-5.0,-88.0
1777890883.9113324,0.0,-2.0,-87.0
1777890883.9213324,-2.0,-2.0,-79.0
1777890883.9313323,-1.0,2.0,-79.0
1777890883.9413323,-2.0,0.0,-70.0
1777890883.9513323,-2.0,0.0,-63.0
1777890883.9613323,-1.0,0.0,-65.0
1777890883.9713323,-6.0,4.0,-66.0
1777890883.9813323,-5.0,3.0,-66.0
1777890883.9913323,-4.0,-4.0,-64.0
1777890884.0013323,-7.0,-5.0,-67.0
1777890884.0113325,-11.0,-8.0,-69.0
1777890884.0213325,-8.0,-3.0,-74.0
1777890884.0313325,-5.0,-1.0,-75.0
1777890884.0413325,-1.0,0.0,-80.0
1777890884.0513325,2.0,-2.0,-82.0
1777890884.0613325,3.0,-5.0,-74.0
1777890884.0713325,1.0,-10.0,-68.0
1777890884.0813324,-5.0,-8.0,-72.0
1777890884.0913324,-1.0,-8.0,-74.0
1777890884.1013324,0.0,-2.0,-76.0
1777890884.1113324,-1.0,-3.0,-78.0
1777890884.1213324,-1.0,-4.0,-80.0
1777890884.1313324,1.0,-3.0,-79.0
1777890884.1413324,4.0,-1.0,-81.0
1777890884.1513324,11.0,0.0,-84.0
1777890884.1613324,12.0,-1.0,-79.0
1777890884.1713324,7.0,-5.0,-78.0
1777890884.1813323,8.0,-8.0,-80.0
1777890884.1913323,7.0,-8.0,-85.0
1777890884.2013323,8.0,-5.0,-86.0
1777890884.2113323,3.0,-6.0,-85.0
1777890884.2213323,0.0,-7.0,-82.0
1777890884.2313323,0.0,-7.0,-87.0
1777890884.2413323,-1.0,-6.0,-82.0
1777890884.2513323,2.0,-2.0,-82.0
1777890884.2613325,0.0,3.0,-81.0
1777890884.2713325,4.0,5.0,-82.0
1777890884.2813325,2.0,1.0,-83.0
1777890884.2913325,-2.0,0.0,-73.0
1777890884.3013325,-3.0,1.0,-65.0
1777890884.3113325,0.0,0.0,-67.0
1777890884.3213325,5.0,1.0,-68.0
1777890884.3313324,5.0,1.0,-65.0
1777890884.3413324,2.0,0.0,-63.0
1777890884.3513324,4.0,1.0,-71.0
1777890884.3613324,5.0,4.0,-72.0
1777890884.3713324,8.0,8.0,-69.0
1777890884.3813324,11.0,4.0,-68.0
1777890884.3913324,8.0,4.0,-75.0
1777890884.4013324,1.0,4.0,-76.0
1777890884.4113324,1.0,3.0,-76.0
1777890884.4213324,4.0,1.0,-74.0
1777890884.4313323,1.0,0.0,-79.0
1777890884.4413323,1.0,2.0,-74.0
1777890884.4513323,0.0,0.0,-70.0
1777890884.4613323,0.0,-4.0,-69.0
1777890884.4713323,0.0,0.0,-76.0
1777890884.4813323,-2.0,-1.0,-78.0
1777890884.4913323,-3.0,-1.0,-78.0
1777890884.5013323,-5.0,-5.0,-82.0
1777890884.5113325,-3.0,-7.0,-79.0
1777890884.5213325,-7.0,-5.0,-79.0
1777890884.5313325,-8.0,0.0,-74.0
1777890884.5413325,-13.0,1.0,-76.0
1777890884.5513325,-13.0,0.0,-74.0
1777890884.5613325,-5.0,1.0,-75.0
1777890884.5713325,-7.0,0.0,-75.0
1777890884.5813324,-4.0,2.0,-78.0
1777890884.5913324,-7.0,2.0,-77.0
1777890884.6013324,-8.0,0.0,-82.0
1777890884.6113324,-7.0,0.0,-73.0
1777890884.6213324,-2.0,0.0,-74.0
1777890884.6313324,-4.0,1.0,-74.0
1777890884.6413324,0.0,1.0,-78.0
1777890884.6513324,-1.0,2.0,-74.0
1777890884.6613324,-4.0,2.0,-72.0
1777890884.6713324,0.0,0.0,-72.0
1777890884.6813323,1.0,0.0,-69.0
1777890884.6913323,1.0,3.0,-70.0
1777890884.7013323,3.0,2.0,-64.0
1777890884.7113323,3.0,3.0,-66.0
1777890884.7213323,3.0,6.0,-74.0
1777890884.7313323,2.0,5.0,-75.0
1777890884.7413323,2.0,0.0,-71.0
1777890884.7513323,0.0,0.0,-71.0
1777890884.7613325,-3.0,2.0,-72.0
1777890884.7713325,0.0,0.0,-77.0
1777890884.7813325,0.0,2.0,-74.0
1777890884.7913325,-3.0,1.0,-69.0
1777890884.8013325,-4.0,-3.0,-64.0
1777890884.8113325,-1.0,-1.0,-70.0
1777890884.8213325,-2.0,-1.0,-70.0
1777890884.8313324,0.0,-2.0,-69.0
1777890884.8413324,2.0,-4.0,-70.0
1777890884.8513324,6.0,-5.0,-77.0
1777890884.8613324,6.0,-5.0,-70.0
1777890884.8713324,4.0,-6.0,-67.0
1777890884.8813324,11.0,-3.0,-65.0
1777890884.8913324,10.0,0.0,-61.0
1777890884.9013324,8.0,0.0,-55.0
1777890884.9113324,8.0,0.0,-49.0
1777890884.9213324,9.0,-1.0,-54.0
1777890884.9313323,1.0,0.0,-58.0
1777890884.9413323,0.0,3.0,-63.0
1777890884.9513323,-2.0,2.0,-65.0
1777890884.9613323,-1.0,0.0,-68.0
1777890884.9713323,0.0,3.0,-65.0
1777890884.9813323,2.0,0.0,-71.0
1777890884.9913323,-3.0,3.0,-71.0
1777890885.0013323,0.0,-2.0,-72.0
1777890885.0113325,6.0,-2.0,-66.0
1777890885.0213325,7.0,-2.0,-65.0
1777890885.0313325,6.0,0.0,-71.0
1777890885.0413325,8.0,0.0,-79.0
1777890885.0513325,0.0,-1.0,-82.0
1777890885.0613325,-1.0,-3.0,-81.0
1777890885.0713325,0.0,0.0,-78.0
1777890885.0813324,4.0,1.0,-72.0
1777890885.0913324,2.0,2.0,-70.0
1777890885.1013324,0.0,1.0,-65.0
1777890885.1113324,4.0,-1.0,-69.0
1777890885.1213324,8.0,-4.0,-72.0
1777890885.1313324,7.0,0.0,-64.0
1777890885.1413324,8.0,3.0,-66.0
1777890885.1513324,10.0,0.0,-71.0
1777890885.1613324,3.0,-3.0,-76.0
1777890885.1713324,3.0,-3.0,-74.0
1777890885.1813323,2.0,2.0,-75.0
1777890885.1913323,5.0,3.0,-85.0
1777890885.2013323,6.0,-1.0,-88.0
1777890885.2113323,4.0,-3.0,-84.0
1777890885.2213323,0.0,-5.0,-82.0
1777890885.2313323,0.0,-5.0,-75.0
1777890885.2413323,-4.0,-2.0,-75.0
1777890885.2513323,0.0,-2.0,-72.0
1777890885.2613325,2.0,-1.0,-68.0
1777890885.2713325,4.0,-1.0,-68.0
1777890885.2813325,10.0,0.0,-70.0
1777890885.2913325,7.0,-2.0,-70.0
1777890885.3013325,5.0,2.0,-73.0
1777890885.3113325,1.0,0.0,-69.0
1777890885.3213325,0.0,0.0,-71.0
1777890885.3313324,4.0,0.0,-73.0
1777890885.3413324,6.0,0.0,-74.0
1777890885.3513324,3.0,-1.0,-73.0
1777890885.3613324,0.0,-3.0,-72.0
1777890885.3713324,-1.0,-3.0,-74.0
1777890885.3813324,-3.0,0.0,-71.0
1777890885.3913324,-1.0,1.0,-75.0
1777890885.4023323,-3.0,1.0,-71.0
1777890885.4113324,0.0,0.0,-72.0
1777890885.4213324,-6.0,0.0,-74.0
1777890885.4323325,-9.0,2.0,-73.0
1777890885.4423325,-6.0,3.0,-72.0
1777890885.4513323,-7.0,2.0,-75.0
1777890885.4623325,-5.0,1.0,-76.0
1777890885.4723325,-3.0,-1.0,-75.0
1777890885.4823325,-2.0,-7.0,-73.0
1777890885.4923325,-3.0,-9.0,-73.0
1777890885.5023324,-4.0,-11.0,-75.0
1777890885.5123324,-1.0,-11.0,-71.0
1777890885.5223324,-3.0,-6.0,-72.0
1777890885.5323324,-3.0,-4.0,-68.0
1777890885.5423324,-3.0,-2.0,-73.0
1777890885.5523324,0.0,-2.0,-81.0
1777890885.5623324,2.0,0.0,-86.0
1777890885.5723324,3.0,1.0,-81.0
1777890885.5823324,0.0,0.0,-90.0
1777890885.5923324,1.0,-1.0,-85.0
1777890885.6023324,1.0,-4.0,-83.0
1777890885.6123323,3.0,-4.0,-80.0
1777890885.6223323,5.0,-3.0,-76.0
1777890885.6323323,3.0,3.0,-74.0
1777890885.6423323,0.0,3.0,-73.0
1777890885.6523323,-1.0,5.0,-73.0
1777890885.6623323,-2.0,2.0,-79.0
1777890885.6723323,1.0,1.0,-84.0
1777890885.6823325,5.0,-3.0,-87.0
1777890885.6923325,4.0,-5.0,-78.0
1777890885.7023325,0.0,-7.0,-72.0
1777890885.7123325,-3.0,-2.0,-73.0
1777890885.7223325,-2.0,-2.0,-74.0
1777890885.7323325,0.0,-1.0,-77.0
1777890885.7423325,-2.0,-2.0,-85.0
1777890885.7523324,0.0,-2.0,-80.0
1777890885.7623324,-2.0,0.0,-77.0
1777890885.7723324,0.0,5.0,-79.0
1777890885.7823324,-2.0,1.0,-81.0
1777890885.7923324,-4.0,0.0,-78.0
1777890885.8023324,-4.0,0.0,-77.0
1777890885.8123324,-1.0,0.0,-78.0
1777890885.8223324,0.0,-5.0,-78.0
1777890885.8323324,1.0,-1.0,-71.0
1777890885.8423324,0.0,-1.0,-69.0
1777890885.8523324,2.0,2.0,-72.0
1777890885.8623323,1.0,2.0,-76.0
1777890885.8723323,1.0,5.0,-79.0
1777890885.8823323,-1.0,4.0,-75.0
1777890885.8923323,-2.0,2.0,-76.0
1777890885.9023323,-1.0,4.0,-73.0
1777890885.9123323,-2.0,5.0,-69.0
1777890885.9223323,-3.0,2.0,-71.0
1777890885.9323325,-2.0,4.0,-70.0
1777890885.9423325,-2.0,0.0,-72.0
1777890885.9523325,-5.0,1.0,-66.0
1777890885.9623325,-3.0,0.0,-64.0
1777890885.9723325,-1.0,0.0,-62.0
1777890885.9823325,2.0,0.0,-67.0
1777890885.9933324,0.0,-2.0,-68.0
1777890886.0023324,0.0,0.0,-71.0
1777890886.0123324,-1.0,2.0,-75.0
1777890886.0223324,-1.0,4.0,-69.0
1777890886.0323324,1.0,7.0,-71.0
1777890886.0423324,0.0,5.0,-70.0
1777890886.0523324,3.0,5.0,-66.0
1777890886.0623324,0.0,0.0,-69.0
1777890886.0723324,-2.0,-1.0,-64.0
1777890886.0823324,-1.0,-1.0,-67.0
1777890886.0923324,0.0,0.0,-68.0
1777890886.1023324,6.0,-1.0,-69.0
1777890886.1123323,6.0,3.0,-71.0
1777890886.1223323,1.0,4.0,-68.0
1777890886.1323323,2.0,0.0,-74.0
1777890886.1423323,3.0,0.0,-83.0
1777890886.1523323,3.0,2.0,-79.0
1777890886.1623323,0.0,3.0,-78.0
1777890886.1723323,1.0,2.0,-79.0
1777890886.1823325,6.0,0.0,-87.0
1777890886.1923325,7.0,-2.0,-85.0
1777890886.2023325,0.0,-2.0,-83.0
1777890886.2123325,-2.0,-2.0,-82.0
1777890886.2223325,-4.0,-1.0,-84.0
1777890886.2323325,-5.0,-1.0,-83.0
1777890886.2423325,-3.0,-2.0,-79.0
1777890886.2523324,-3.0,0.0,-78.0
1777890886.2623324,-1.0,0.0,-80.0
1777890886.2723324,-2.0,-2.0,-78.0
1777890886.2823324,1.0,-2.0,-69.0
1777890886.2923324,3.0,3.0,-72.0
1777890886.3023324,1.0,4.0,-78.0
1777890886.3123324,-3.0,2.0,-82.0
1777890886.3223324,-2.0,1.0,-83.0
1777890886.3323324,0.0,1.0,-85.0
1777890886.3423324,2.0,1.0,-82.0
1777890886.3523324,0.0,-1.0,-79.0
1777890886.3623323,3.0,-4.0,-78.0
1777890886.3723323,7.0,0.0,-77.0
1777890886.3823323,2.0,-1.0,-77.0
1777890886.3923323,2.0,-1.0,-73.0
1777890886.4023323,3.0,-2.0,-72.0
1777890886.4123323,4.0,-2.0,-82.0
1777890886.4223323,0.0,2.0,-79.0
1777890886.4323325,-2.0,4.0,-80.0
1777890886.4423325,-1.0,6.0,-80.0
1777890886.4523325,3.0,1.0,-79.0
1777890886.4623325,1.0,-4.0,-75.0
1777890886.4723325,-1.0,-3.0,-69.0
1777890886.4823325,0.0,0.0,-65.0
1777890886.4923325,0.0,-2.0,-71.0
1777890886.5023324,-2.0,-3.0,-79.0
1777890886.5123324,0.0,-2.0,-81.0
1777890886.5223324,2.0,-5.0,-78.0
1777890886.5323324,0.0,-4.0,-80.0
1777890886.5423324,2.0,-3.0,-81.0
1777890886.5523324,3.0,-4.0,-80.0
1777890886.5623324,7.0,0.0,-77.0
1777890886.5723324,4.0,2.0,-75.0
1777890886.5823324,1.0,3.0,-72.0
1777890886.5923324,0.0,2.0,-78.0
1777890886.6023324,-2.0,1.0,-75.0
1777890886.6123323,-3.0,-1.0,-78.0
1777890886.6223323,-2.0,-2.0,-71.0
1777890886.6323323,3.0,-3.0,-70.0
1777890886.6423323,4.0,-1.0,-76.0
1777890886.6523323,2.0,-5.0,-73.0
1777890886.6623323,0.0,-3.0,-61.0
1777890886.6723323,0.0,-3.0,-62.0
1777890886.6823325,0.0,-6.0,-59.0
1777890886.6923325,3.0,-6.0,-71.0
1777890886.7023325,8.0,-5.0,-79.0
1777890886.7123325,6.0,-4.0,-72.0
1777890886.7223325,4.0,-5.0,-75.0
1777890886.7323325,5.0,-7.0,-77.0
1777890886.7423325,4.0,-6.0,-68.0
1777890886.7523324,4.0,-9.0,-71.0
1777890886.7623324,2.0,-9.0,-73.0
1777890886.7723324,3.0,-7.0,-77.0
1777890886.7823324,-2.0,-5.0,-73.0
1777890886.7923324,0.0,-6.0,-71.0
1777890886.8023324,1.0,-9.0,-72.0
1777890886.8123324,3.0,-7.0,-73.0
1777890886.8223324,2.0,-2.0,-67.0
1777890886.8323324,1.0,0.0,-73.0
1777890886.8423324,3.0,4.0,-73.0
1777890886.8523324,1.0,6.0,-76.0
1777890886.8623323,3.0,1.0,-71.0
1777890886.8723323,-4.0,-2.0,-75.0
1777890886.8823323,-8.0,-2.0,-70.0
1777890886.8923323,-3.0,-5.0,-68.0
1777890886.9023323,0.0,-8.0,-61.0
1777890886.9123323,0.0,-8.0,-71.0
1777890886.9223323,-2.0,-9.0,-78.0
1777890886.9323325,-2.0,-9.0,-78.0
1777890886.9423325,-1.0,-7.0,-74.0
1777890886.9523325,1.0,-3.0,-78.0
1777890886.9623325,0.0,-5.0,-86.0
1777890886.9723325,0.0,-3.0,-84.0
1777890886.9823325,-2.0,-5.0,-80.0
1777890886.9923325,-5.0,-6.0,-79.0
1777890887.0023324,-4.0,-7.0,-79.0
1777890887.0123324,-7.0,-2.0,-83.0
1777890887.0223324,-8.0,-5.0,-82.0
1777890887.0323324,-6.0,-4.0,-78.0
1777890887.0423324,-4.0,-1.0,-75.0
1777890887.0523324,-1.0,-2.0,-79.0
1777890887.0623324,0.0,-3.0,-77.0
1777890887.0723324,0.0,0.0,-72.0
1777890887.0823324,0.0,0.0,-66.0
1777890887.0923324,0.0,-4.0,-63.0
1777890887.1023324,0.0,-9.0,-58.0
1777890887.1123323,-2.0,-12.0,-65.0
1777890887.1223323,-2.0,-9.0,-66.0
1777890887.1323323,4.0,-11.0,-73.0
1777890887.1423323,6.0,-11.0,-81.0
1777890887.1523323,5.0,-5.0,-77.0
1777890887.1623323,10.0,-8.0,-79.0
1777890887.1723323,10.0,-6.0,-71.0
1777890887.1823325,7.0,-3.0,-77.0
1777890887.1923325,4.0,-4.0,-75.0
1777890887.2023325,2.0,-1.0,-78.0
1777890887.2123325,1.0,-1.0,-79.0
1777890887.2223325,0.0,0.0,-77.0
1777890887.2323325,0.0,2.0,-74.0
1777890887.2423325,-3.0,6.0,-69.0
1777890887.2523324,-8.0,4.0,-68.0
1777890887.2623324,-5.0,11.0,-69.0
1777890887.2723324,-4.0,2.0,-68.0
1777890887.2823324,-3.0,-2.0,-65.0
1777890887.2923324,-3.0,-4.0,-63.0
1777890887.3023324,-3.0,-2.0,-67.0
1777890887.3123324,-4.0,-3.0,-65.0
1777890887.3223324,0.0,-5.0,-68.0
1777890887.3323324,-1.0,-1.0,-72.0
1777890887.3423324,3.0,-4.0,-68.0
1777890887.3523324,5.0,-1.0,-67.0
1777890887.3623323,1.0,0.0,-67.0
1777890887.3723323,4.0,-3.0,-68.0
1777890887.3823323,6.0,0.0,-68.0
1777890887.3923323,11.0,2.0,-71.0
1777890887.4023323,7.0,1.0,-68.0
1777890887.4123323,3.0,0.0,-75.0
1777890887.4233325,1.0,-1.0,-60.0
1777890887.4323325,0.0,0.0,-60.0
1777890887.4433324,2.0,0.0,-63.0
1777890887.4533324,1.0,-5.0,-61.0
1777890887.4633324,5.0,-5.0,-73.0
1777890887.4733324,8.0,-2.0,-78.0
1777890887.4833324,4.0,-2.0,-81.0
1777890887.4933324,2.0,-7.0,-81.0
1777890887.5033324,0.0,-5.0,-82.0
1777890887.5133324,-2.0,-4.0,-75.0
1777890887.5233324,0.0,-8.0,-68.0
1777890887.5333323,0.0,-8.0,-66.0
1777890887.5433323,-1.0,-3.0,-64.0
1777890887.5533323,-1.0,-3.0,-65.0
1777890887.5633323,-3.0,-4.0,-71.0
1777890887.5733323,-1.0,-3.0,-81.0
1777890887.5833323,-4.0,-2.0,-90.0
1777890887.5933323,-8.0,-2.0,-89.0
1777890887.6033323,-9.0,0.0,-94.0
1777890887.6133325,-11.0,1.0,-90.0
1777890887.6233325,-10.0,-1.0,-84.0
1777890887.6333325,-7.0,-1.0,-83.0
1777890887.6433325,-3.0,0.0,-84.0
1777890887.6533325,-2.0,0.0,-87.0
1777890887.6633325,0.0,1.0,-92.0
1777890887.6733325,-3.0,3.0,-86.0
1777890887.6833324,-5.0,5.0,-85.0
1777890887.6933324,-6.0,4.0,-81.0
1777890887.7033324,-1.0,3.0,-75.0
1777890887.7133324,1.0,0.0,-71.0
1777890887.7233324,1.0,-6.0,-64.0
1777890887.7333324,2.0,-1.0,-62.0
1777890887.7433324,6.0,0.0,-65.0
1777890887.7533324,5.0,1.0,-71.0
1777890887.7633324,6.0,4.0,-70.0
1777890887.7733324,7.0,5.0,-65.0
1777890887.7833323,8.0,0.0,-63.0
1777890887.7933323,9.0,-6.0,-59.0
1777890887.8033323,8.0,-5.0,-60.0
1777890887.8133323,7.0,-6.0,-66.0
1777890887.8233323,4.0,-3.0,-63.0
1777890887.8333323,8.0,-5.0,-63.0
1777890887.8433323,7.0,-8.0,-62.0
1777890887.8533323,4.0,-11.0,-71.0
1777890887.8633325,0.0,-7.0,-68.0
1777890887.8733325,-4.0,-10.0,-68.0
1777890887.8833325,-5.0,-8.0,-69.0
1777890887.8933325,-3.0,-9.0,-68.0
1777890887.9033325,-3.0,-7.0,-74.0
1777890887.9133325,0.0,0.0,-77.0
1777890887.9233325,5.0,-1.0,-81.0
1777890887.9333324,4.0,0.0,-76.0
1777890887.9433324,3.0,2.0,-76.0
1777890887.9533324,0.0,2.0,-72.0
1777890887.9633324,0.0,5.0,-77.0
1777890887.9733324,3.0,2.0,-84.0
1777890887.9833324,-2.0,6.0,-81.0
1777890887.9933324,-7.0,3.0,-72.0
1777890888.0033324,-7.0,-2.0,-63.0
1777890888.0133324,-5.0,0.0,-63.0
1777890888.0233324,-8.0,1.0,-65.0
1777890888.0333323,-8.0,5.0,-62.0
1777890888.0433323,-3.0,5.0,-69.0
1777890888.0533323,-1.0,7.0,-72.0
1777890888.0633323,0.0,5.0,-67.0
1777890888.0733323,1.0,6.0,-66.0
1777890888.0833323,4.0,1.0,-58.0
1777890888.0933323,1.0,-1.0,-59.0
1777890888.1033323,0.0,2.0,-66.0
1777890888.1133325,2.0,5.0,-70.0
1777890888.1233325,4.0,1.0,-72.0
1777890888.1333325,10.0,0.0,-71.0
1777890888.1433325,4.0,-4.0,-73.0
1777890888.1533325,0.0,-8.0,-68.0
1777890888.1633325,3.0,-5.0,-69.0
1777890888.1733325,2.0,-2.0,-70.0
1777890888.1833324,1.0,1.0,-60.0
1777890888.1933324,4.0,-1.0,-70.0
1777890888.2033324,0.0,2.0,-67.0
1777890888.2133324,0.0,4.0,-63.0
1777890888.2233324,-3.0,-1.0,-62.0
1777890888.2333324,1.0,-3.0,-59.0
1777890888.2433324,-2.0,-3.0,-56.0
1777890888.2533324,-3.0,-2.0,-62.0
1777890888.2633324,-2.0,-3.0,-71.0
1777890888.2733324,0.0,-4.0,-78.0
1777890888.2833323,-1.0,-3.0,-74.0
1777890888.2933323,0.0,-5.0,-70.0
1777890888.3033323,2.0,-8.0,-71.0
1777890888.3133323,-4.0,-10.0,-70.0
1777890888.3233323,-4.0,-7.0,-72.0
1777890888.3333323,-2.0,-9.0,-69.0
1777890888.3433323,-3.0,-10.0,-67.0
1777890888.3533323,-4.0,-5.0,-70.0
1777890888.3633325,0.0,-5.0,-76.0
1777890888.3733325,1.0,-7.0,-80.0
1777890888.3833325,3.0,-4.0,-80.0
1777890888.3933325,5.0,-2.0,-84.0
1777890888.4033325,7.0,-4.0,-85.0
1777890888.4133325,8.0,-1.0,-75.0
1777890888.4233325,7.0,0.0,-72.0
1777890888.4333324,1.0,-2.0,-73.0
1777890888.4433324,-2.0,-6.0,-73.0
1777890888.4533324,-1.0,-6.0,-72.0
1777890888.4633324,3.0,-6.0,-71.0
1777890888.4733324,0.0,-10.0,-69.0
1777890888.4833324,0.0,-9.0,-71.0
1777890888.4933324,7.0,-6.0,-71.0
1777890888.5033324,4.0,0.0,-72.0
1777890888.5133324,3.0,-1.0,-68.0
1777890888.5233324,3.0,-2.0,-69.0
1777890888.5333323,5.0,-3.0,-69.0
1777890888.5433323,2.0,0.0,-69.0
1777890888.5533323,-2.0,0.0,-65.0
1777890888.5633323,-2.0,-3.0,-69.0
1777890888.5733323,-2.0,-4.0,-70.0
1777890888.5833323,-1.0,-4.0,-77.0
1777890888.5933323,-1.0,-1.0,-73.0
1777890888.6033323,0.0,0.0,-73.0
1777890888.6133325,1.0,0.0,-73.0
1777890888.6233325,1.0,-4.0,-70.0
1777890888.6333325,-2.0,-6.0,-66.0
1777890888.6433325,0.0,-6.0,-64.0
1777890888.6533325,-3.0,-6.0,-67.0
1777890888.6633325,-5.0,-3.0,-61.0
1777890888.6733325,-6.0,-3.0,-61.0
1777890888.6833324,-2.0,-2.0,-64.0
1777890888.6933324,-4.0,0.0,-62.0
1777890888.7033324,-4.0,3.0,-66.0
1777890888.7133324,-5.0,-1.0,-67.0
1777890888.7233324,-7.0,0.0,-70.0
1777890888.7333324,-6.0,-3.0,-65.0
1777890888.7433324,-4.0,-1.0,-71.0
1777890888.7533324,-2.0,-2.0,-73.0
1777890888.7633324,0.0,0.0,-74.0
1777890888.7733324,2.0,4.0,-71.0
1777890888.7833323,2.0,3.0,-73.0
1777890888.7933323,2.0,3.0,-73.0
1777890888.8033323,3.0,1.0,-81.0
1777890888.8133323,0.0,2.0,-80.0
1777890888.8233323,2.0,4.0,-79.0
1777890888.8333323,1.0,2.0,-78.0
1777890888.8433323,8.0,1.0,-77.0
1777890888.8533323,4.0,0.0,-76.0
1777890888.8633325,2.0,1.0,-80.0
1777890888.8733325,0.0,2.0,-82.0
1777890888.8833325,1.0,2.0,-72.0
1777890888.8933325,3.0,3.0,-69.0
1777890888.9033325,3.0,5.0,-77.0
1777890888.9133325,2.0,8.0,-71.0
1777890888.9233325,1.0,8.0,-66.0
1777890888.9333324,0.0,7.0,-67.0
1777890888.9433324,1.0,7.0,-73.0
1777890888.9533324,0.0,9.0,-75.0
1777890888.9633324,2.0,9.0,-68.0
1777890888.9733324,1.0,4.0,-67.0
1777890888.9833324,1.0,2.0,-78.0
1777890888.9933324,-3.0,3.0,-75.0
1777890889.0033324,-4.0,3.0,-69.0
1777890889.0133324,0.0,2.0,-69.0
1777890889.0233324,0.0,5.0,-72.0
1777890889.0333323,1.0,7.0,-72.0
1777890889.0433323,1.0,7.0,-76.0
1777890889.0533323,0.0,4.0,-77.0
1777890889.0633323,-1.0,4.0,-75.0
1777890889.0733323,0.0,4.0,-70.0
1777890889.0833323,0.0,3.0,-68.0
1777890889.0933323,0.0,0.0,-68.0
1777890889.1033323,2.0,0.0,-70.0
1777890889.1133325,4.0,-3.0,-74.0
1777890889.1233325,4.0,-2.0,-75.0
1777890889.1333325,7.0,0.0,-71.0
1777890889.1433325,6.0,2.0,-70.0
1777890889.1533325,-1.0,1.0,-71.0
1777890889.1633325,-2.0,0.0,-71.0
1777890889.1733325,1.0,0.0,-73.0
1777890889.1833324,3.0,-1.0,-72.0
1777890889.1933324,2.0,-2.0,-70.0
1777890889.2033324,2.0,-1.0,-70.0
1777890889.2133324,1.0,-2.0,-74.0
1777890889.2233324,2.0,-2.0,-73.0
1777890889.2333324,2.0,-4.0,-73.0
1777890889.2433324,3.0,0.0,-71.0
1777890889.2533324,1.0,1.0,-69.0
1777890889.2633324,1.0,-3.0,-67.0
1777890889.2733324,2.0,-3.0,-70.0
1777890889.2833323,1.0,-3.0,-71.0
1777890889.2933323,0.0,0.0,-77.0
1777890889.3033323,-1.0,0.0,-80.0
1777890889.3133323,3.0,5.0,-74.0
1777890889.3233323,0.0,2.0,-68.0
1777890889.3333323,2.0,4.0,-65.0
1777890889.3433323,2.0,4.0,-69.0
1777890889.3533323,1.0,6.0,-75.0
1777890889.3633325,2.0,10.0,-75.0
1777890889.3733325,0.0,5.0,-70.0
1777890889.3833325,0.0,3.0,-71.0
1777890889.3933325,-1.0,3.0,-67.0
1777890889.4043324,-3.0,2.0,-63.0
1777890889.4133325,1.0,-1.0,-59.0
1777890889.4243324,0.0,0.0,-61.0
1777890889.4343324,0.0,4.0,-67.0
1777890889.4443324,0.0,6.0,-69.0
1777890889.4543324,1.0,3.0,-67.0
1777890889.4643323,3.0,1.0,-63.0
1777890889.4743323,6.0,2.0,-61.0
1777890889.4843323,8.0,0.0,-62.0
1777890889.4943323,5.0,-2.0,-63.0
1777890889.5043323,0.0,-2.0,-66.0
1777890889.5143323,-1.0,-7.0,-63.0
1777890889.5243323,0.0,-5.0,-66.0
1777890889.5343325,-2.0,-9.0,-63.0
1777890889.5443325,-5.0,-9.0,-61.0
1777890889.5543325,-8.0,-8.0,-61.0
1777890889.5643325,-3.0,-6.0,-69.0
1777890889.5743325,-3.0,-4.0,-67.0
1777890889.5843325,0.0,-4.0,-66.0
1777890889.5943325,-1.0,-1.0,-70.0
1777890889.6043324,-1.0,-2.0,-66.0
1777890889.6143324,2.0,2.0,-61.0
1777890889.6243324,1.0,-1.0,-63.0
1777890889.6343324,-1.0,-1.0,-71.0
1777890889.6443324,-2.0,0.0,-70.0
1777890889.6543324,-3.0,0.0,-73.0
1777890889.6643324,-4.0,1.0,-69.0
1777890889.6743324,-6.0,-2.0,-64.0
1777890889.6843324,-6.0,-3.0,-74.0
1777890889.6943324,-6.0,-2.0,-78.0
1777890889.7043324,-7.0,-4.0,-75.0
1777890889.7143323,-4.0,-2.0,-71.0
1777890889.7243323,0.0,-8.0,-68.0
1777890889.7343323,5.0,-8.0,-68.0
1777890889.7443323,5.0,-6.0,-78.0
1777890889.7543323,0.0,-2.0,-82.0
1777890889.7643323,0.0,-4.0,-74.0
1777890889.7743323,1.0,-6.0,-77.0
1777890889.7843325,7.0,-9.0,-80.0
1777890889.7943325,4.0,-5.0,-78.0
1777890889.8043325,4.0,-1.0,-79.0
1777890889.8143325,2.0,3.0,-83.0
1777890889.8243325,3.0,3.0,-79.0
1777890889.8343325,0.0,5.0,-79.0
1777890889.8443325,0.0,5.0,-78.0
1777890889.8543324,-1.0,3.0,-76.0
1777890889.8643324,-1.0,6.0,-76.0
1777890889.8743324,-3.0,2.0,-85.0
1777890889.8843324,-4.0,4.0,-87.0
1777890889.8943324,-6.0,2.0,-85.0
1777890889.9043324,-3.0,3.0,-87.0
1777890889.9143324,-5.0,0.0,-81.0
1777890889.9243324,-2.0,0.0,-76.0
1777890889.9343324,-4.0,-2.0,-74.0
1777890889.9443324,-4.0,-2.0,-72.0
1777890889.9543324,-2.0,-5.0,-70.0
1777890889.9643323,0.0,-1.0,-68.0
1777890889.9743323,3.0,1.0,-76.0
1777890889.9843323,0.0,1.0,-72.0
1777890889.9943323,2.0,1.0,-69.0
1777890890.0043323,5.0,2.0,-67.0
1777890890.0143323,10.0,0.0,-68.0
1777890890.0243323,6.0,-2.0,-75.0
1777890890.0343325,5.0,-5.0,-77.0
1777890890.0443325,4.0,-3.0,-79.0
1777890890.0543325,2.0,-3.0,-78.0
1777890890.0643325,0.0,-6.0,-85.0
1777890890.0743325,1.0,-3.0,-87.0
1777890890.0843325,6.0,-2.0,-82.0
1777890890.0943325,0.0,3.0,-77.0
1777890890.1043324,-6.0,4.0,-78.0
1777890890.1143324,-8.0,3.0,-77.0
1777890890.1243324,-5.0,-2.0,-76.0
1777890890.1343324,-3.0,-4.0,-78.0
1777890890.1443324,0.0,-4.0,-78.0
1777890890.1543324,0.0,-3.0,-76.0
1777890890.1643324,0.0,-1.0,-72.0
1777890890.1743324,-3.0,0.0,-66.0
1777890890.1843324,-3.0,0.0,-67.0
1777890890.1943324,-2.0,0.0,-66.0
1777890890.2043324,0.0,0.0,-69.0
1777890890.2143323,1.0,0.0,-75.0
1777890890.2243323,2.0,-1.0,-74.0
1777890890.2343323,5.0,0.0,-78.0
1777890890.2443323,4.0,-2.0,-80.0
1777890890.2543323,8.0,-5.0,-73.0
1777890890.2643323,6.0,-3.0,-71.0
1777890890.2743323,2.0,-4.0,-76.0
1777890890.2843325,2.0,-2.0,-73.0
1777890890.2943325,4.0,-3.0,-75.0
1777890890.3043325,4.0,-3.0,-73.0
1777890890.3143325,3.0,-1.0,-72.0
1777890890.3243325,5.0,-1.0,-71.0
1777890890.3343325,0.0,-1.0,-74.0
1777890890.3443325,-2.0,1.0,-75.0
1777890890.3543324,0.0,1.0,-72.0
1777890890.3643324,-4.0,-1.0,-70.0
1777890890.3743324,-4.0,-2.0,-72.0
1777890890.3843324,0.0,-2.0,-73.0
1777890890.3943324,0.0,-5.0,-75.0
1777890890.4043324,4.0,0.0,-78.0
1777890890.4143324,5.0,1.0,-73.0
1777890890.4243324,8.0,0.0,-75.0
1777890890.4343324,7.0,0.0,-78.0
1777890890.4443324,3.0,0.0,-80.0
1777890890.4543324,0.0,-2.0,-79.0
1777890890.4643323,-2.0,-4.0,-82.0
1777890890.4743323,-3.0,-8.0,-82.0
1777890890.4843323,-1.0,-7.0,-83.0
1777890890.4943323,0.0,-3.0,-76.0
1777890890.5043323,-1.0,-4.0,-74.0
1777890890.5143323,-2.0,-6.0,-73.0
1777890890.5243323,-2.0,-3.0,-74.0
1777890890.5343325,-4.0,-1.0,-72.0
1777890890.5443325,-4.0,0.0,-77.0
1777890890.5543325,-4.0,0.0,-72.0
1777890890.5643325,0.0,4.0,-77.0
1777890890.5743325,1.0,0.0,-77.0
1777890890.5843325,2.0,-7.0,-84.0
1777890890.5943325,6.0,-9.0,-90.0
1777890890.6043324,6.0,-6.0,-88.0
1777890890.6143324,4.0,-1.0,-79.0
1777890890.6243324,6.0,3.0,-79.0
1777890890.6343324,4.0,0.0,-76.0
1777890890.6443324,3.0,0.0,-75.0
1777890890.6543324,-1.0,-3.0,-68.0
1777890890.6643324,-6.0,-3.0,-74.0
1777890890.6743324,-1.0,-6.0,-68.0
1777890890.6843324,0.0,-3.0,-64.0
1777890890.6943324,-1.0,-4.0,-64.0
1777890890.7043324,-1.0,-1.0,-67.0
1777890890.7143323,1.0,-2.0,-68.0
1777890890.7243323,-1.0,-4.0,-68.0
1777890890.7343323,-3.0,-5.0,-71.0
1777890890.7443323,-2.0,-6.0,-71.0
1777890890.7543323,3.0,-3.0,-68.0
1777890890.7643323,8.0,0.0,-69.0
1777890890.7743323,9.0,2.0,-71.0
1777890890.7843325,9.0,0.0,-67.0
1777890890.7943325,6.0,-1.0,-68.0
1777890890.8043325,8.0,-1.0,-68.0
1777890890.8143325,4.0,-2.0,-62.0
1777890890.8243325,1.0,-2.0,-51.0
1777890890.8343325,1.0,-1.0,-55.0
1777890890.8443325,-1.0,-1.0,-56.0
1777890890.8543324,-2.0,-2.0,-61.0
1777890890.8643324,1.0,-1.0,-65.0
1777890890.8743324,3.0,0.0,-67.0
1777890890.8843324,0.0,0.0,-69.0
1777890890.8943324,3.0,2.0,-73.0
1777890890.9043324,7.0,3.0,-77.0
1777890890.9143324,5.0,2.0,-73.0
1777890890.9243324,8.0,2.0,-70.0
1777890890.9343324,10.0,0.0,-70.0
1777890890.9443324,11.0,0.0,-68.0
1777890890.9543324,11.0,0.0,-71.0
1777890890.9643323,8.0,1.0,-72.0
1777890890.9743323,11.0,0.0,-65.0
1777890890.9843323,6.0,-2.0,-69.0
1777890890.9943323,1.0,1.0,-76.0
1777890891.0043323,-1.0,1.0,-76.0
1777890891.0143323,-1.0,-2.0,-82.0
1777890891.0243323,-1.0,0.0,-79.0
1777890891.0343325,0.0,0.0,-77.0
1777890891.0443325,-4.0,-2.0,-76.0
1777890891.0543325,-4.0,0.0,-75.0
1777890891.0643325,0.0,2.0,-71.0
1777890891.0743325,1.0,1.0,-75.0
1777890891.0843325,3.0,2.0,-81.0
1777890891.0943325,1.0,0.0,-73.0
1777890891.1043324,1.0,1.0,-70.0
1777890891.1143324,2.0,-1.0,-76.0
1777890891.1243324,1.0,1.0,-82.0
1777890891.1343324,1.0,-1.0,-84.0
1777890891.1443324,3.0,-6.0,-76.0
1777890891.1543324,9.0,-10.0,-77.0
1777890891.1643324,9.0,-8.0,-70.0
1777890891.1743324,6.0,-7.0,-75.0
1777890891.1843324,4.0,-6.0,-72.0
1777890891.1943324,3.0,-1.0,-75.0
1777890891.2043324,0.0,-2.0,-71.0
1777890891.2143323,2.0,-1.0,-73.0
1777890891.2243323,6.0,-1.0,-72.0
1777890891.2343323,5.0,0.0,-73.0
1777890891.2443323,6.0,1.0,-79.0
1777890891.2543323,0.0,2.0,-80.0
1777890891.2643323,-1.0,1.0,-79.0
1777890891.2743323,-2.0,0.0,-77.0
1777890891.2843325,-2.0,1.0,-80.0
1777890891.2943325,-6.0,1.0,-80.0
1777890891.3043325,-2.0,-6.0,-74.0
1777890891.3143325,0.0,1.0,-74.0
1777890891.3243325,0.0,-1.0,-76.0
1777890891.3343325,6.0,0.0,-69.0
1777890891.3443325,7.0,-1.0,-70.0
1777890891.3543324,3.0,0.0,-69.0
1777890891.3643324,3.0,0.0,-65.0
1777890891.3743324,0.0,-2.0,-64.0
1777890891.3853323,0.0,-1.0,-65.0
1777890891.3953323,1.0,0.0,-67.0
1777890891.4053323,2.0,1.0,-68.0
1777890891.4153323,2.0,3.0,-70.0
1777890891.4253323,0.0,5.0,-67.0
1777890891.4353323,-2.0,0.0,-69.0
1777890891.4453323,-5.0,-3.0,-75.0
1777890891.4553325,-3.0,-3.0,-72.0
1777890891.4653325,0.0,-1.0,-76.0
1777890891.4753325,-2.0,-2.0,-80.0
1777890891.4853325,0.0,0.0,-81.0
1777890891.4953325,-2.0,1.0,-78.0
1777890891.5053325,-1.0,-2.0,-73.0
1777890891.5153325,-5.0,0.0,-72.0
1777890891.5253325,-2.0,1.0,-76.0
1777890891.5353324,1.0,0.0,-74.0
1777890891.5453324,1.0,-4.0,-69.0
1777890891.5553324,-2.0,-2.0,-64.0
1777890891.5653324,-2.0,-3.0,-63.0
1777890891.5753324,2.0,-3.0,-61.0
1777890891.5853324,1.0,-3.0,-57.0
1777890891.5953324,-2.0,0.0,-62.0
1777890891.6053324,1.0,-1.0,-66.0
1777890891.6153324,1.0,0.0,-73.0
1777890891.6253324,3.0,0.0,-69.0
1777890891.6353323,0.0,2.0,-69.0
1777890891.6453323,1.0,0.0,-75.0
1777890891.6553323,0.0,0.0,-73.0
1777890891.6653323,-1.0,1.0,-78.0
1777890891.6753323,-6.0,1.0,-75.0
1777890891.6853323,-4.0,-1.0,-76.0
1777890891.6953323,-4.0,-7.0,-75.0
1777890891.7053325,-6.0,-2.0,-67.0
1777890891.7153325,0.0,0.0,-67.0
1777890891.7253325,1.0,1.0,-72.0
1777890891.7353325,5.0,0.0,-69.0
1777890891.7453325,4.0,5.0,-69.0
1777890891.7553325,6.0,4.0,-72.0
1777890891.7653325,3.0,1.0,-74.0
1777890891.7753325,1.0,0.0,-79.0
1777890891.7853324,1.0,-1.0,-82.0
1777890891.7953324,0.0,-2.0,-78.0
1777890891.8053324,0.0,-4.0,-79.0
1777890891.8153324,-5.0,-6.0,-77.0
1777890891.8253324,-3.0,-6.0,-71.0
1777890891.8353324,-7.0,-4.0,-69.0
1777890891.8453324,-5.0,-4.0,-67.0
1777890891.8553324,-2.0,-1.0,-65.0
1777890891.8653324,1.0,-1.0,-70.0
1777890891.8753324,6.0,-2.0,-78.0
1777890891.8853323,5.0,0.0,-84.0
1777890891.8953323,1.0,0.0,-85.0
1777890891.9053323,1.0,-3.0,-78.0
1777890891.9153323,0.0,-3.0,-77.0
1777890891.9253323,1.0,-2.0,-81.0
1777890891.9353323,0.0,0.0,-77.0
1777890891.9453323,-3.0,3.0,-67.0
1777890891.9553325,-4.0,1.0,-63.0
1777890891.9653325,0.0,4.0,-69.0
1777890891.9753325,0.0,7.0,-73.0
1777890891.9853325,3.0,9.0,-75.0
1777890891.9953325,3.0,4.0,-67.0
1777890892.0053325,-1.0,1.0,-65.0
1777890892.0153325,-5.0,0.0,-73.0
1777890892.0253325,-1.0,-1.0,-66.0
1777890892.0353324,-3.0,0.0,-72.0
1777890892.0453324,-3.0,1.0,-79.0
1777890892.0553324,-3.0,4.0,-78.0
1777890892.0653324,-1.0,4.0,-76.0
1777890892.0753324,-2.0,2.0,-76.0
1777890892.0853324,0.0,0.0,-75.0
1777890892.0953324,-1.0,2.0,-75.0
1777890892.1053324,-3.0,2.0,-73.0
1777890892.1153324,-3.0,2.0,-77.0
1777890892.1253324,-3.0,0.0,-78.0
1777890892.1353323,0.0,-2.0,-71.0
1777890892.1453323,-1.0,-2.0,-72.0
1777890892.1553323,0.0,-1.0,-79.0
1777890892.1653323,-1.0,-1.0,-77.0
1777890892.1753323,-1.0,-2.0,-73.0
1777890892.1853323,-2.0,0.0,-66.0
1777890892.1953323,-2.0,0.0,-64.0
1777890892.2053325,0.0,0.0,-70.0
1777890892.2153325,3.0,-3.0,-74.0
1777890892.2253325,1.0,-3.0,-75.0
1777890892.2353325,0.0,0.0,-76.0
1777890892.2453325,2.0,2.0,-73.0
1777890892.2553325,0.0,0.0,-78.0
1777890892.2653325,-3.0,-1.0,-74.0
1777890892.2753325,-4.0,0.0,-73.0
1777890892.2853324,-2.0,0.0,-72.0
1777890892.2953324,0.0,0.0,-81.0
1777890892.3053324,-1.0,-1.0,-76.0
1777890892.3153324,-2.0,0.0,-80.0
1777890892.3253324,-5.0,2.0,-80.0
1777890892.3353324,-3.0,3.0,-80.0
1777890892.3453324,1.0,2.0,-78.0
1777890892.3553324,1.0,1.0,-81.0
1777890892.3653324,3.0,0.0,-83.0
1777890892.3753324,8.0,0.0,-79.0
1777890892.3853323,6.0,-2.0,-78.0
1777890892.3953323,1.0,-7.0,-83.0
1777890892.4053323,0.0,-6.0,-79.0
1777890892.4153323,3.0,-7.0,-80.0
1777890892.4253323,1.0,-4.0,-85.0
1777890892.4353323,3.0,-7.0,-76.0
1777890892.4453323,0.0,-3.0,-79.0
1777890892.4553325,-3.0,-5.0,-81.0
1777890892.4653325,0.0,-7.0,-81.0
1777890892.4753325,0.0,-5.0,-84.0
1777890892.4853325,-4.0,-8.0,-88.0
1777890892.4953325,0.0,-10.0,-87.0
1777890892.5053325,1.0,-13.0,-86.0
1777890892.5153325,7.0,-10.0,-84.0
1777890892.5253325,9.0,-9.0,-78.0
1777890892.5353324,11.0,-14.0,-72.0
1777890892.5453324,11.0,-8.0,-69.0
1777890892.5553324,9.0,-7.0,-66.0
1777890892.5653324,3.0,-8.0,-65.0
1777890892.5753324,1.0,-6.0,-68.0
1777890892.5853324,-1.0,-5.0,-77.0
1777890892.5953324,-2.0,-6.0,-80.0
1777890892.6053324,0.0,-11.0,-79.0
1777890892.6153324,2.0,-6.0,-77.0
1777890892.6253324,6.0,-7.0,-74.0
1777890892.6353323,0.0,-9.0,-73.0
1777890892.6453323,-2.0,-5.0,-71.0
1777890892.6553323,-5.0,-2.0,-71.0
1777890892.6653323,-2.0,-5.0,-71.0
1777890892.6753323,0.0,-3.0,-73.0
1777890892.6853323,2.0,-1.0,-65.0
1777890892.6953323,5.0,0.0,-67.0
1777890892.7053325,6.0,1.0,-70.0
1777890892.7153325,7.0,0.0,-69.0
1777890892.7253325,5.0,-1.0,-73.0
1777890892.7353325,3.0,0.0,-78.0
1777890892.7453325,3.0,0.0,-77.0
1777890892.7553325,0.0,0.0,-82.0
1777890892.7653325,-1.0,-4.0,-79.0
1777890892.7753325,2.0,-10.0,-73.0
1777890892.7853324,0.0,-8.0,-73.0
1777890892.7953324,-1.0,-11.0,-76.0
1777890892.8053324,1.0,-7.0,-83.0
1777890892.8153324,2.0,-1.0,-84.0
1777890892.8253324,1.0,2.0,-86.0
1777890892.8353324,2.0,0.0,-83.0
1777890892.8453324,2.0,0.0,-86.0
1777890892.8553324,0.0,0.0,-85.0
1777890892.8653324,2.0,0.0,-85.0
1777890892.8753324,4.0,6.0,-87.0
1777890892.8853323,3.0,4.0,-90.0
1777890892.8953323,2.0,1.0,-89.0
1777890892.9053323,0.0,-3.0,-84.0
1777890892.9153323,4.0,-1.0,-77.0
1777890892.9253323,4.0,-2.0,-75.0
1777890892.9353323,0.0,-2.0,-74.0
1777890892.9453323,-2.0,-1.0,-72.0
1777890892.9553325,2.0,-2.0,-73.0
1777890892.9653325,2.0,-3.0,-76.0
1777890892.9753325,2.0,-1.0,-79.0
1777890892.9853325,-5.0,0.0,-74.0
1777890892.9953325,-6.0,-2.0,-73.0
1777890893.0053325,-6.0,-3.0,-70.0
1777890893.0153325,-1.0,-3.0,-71.0
1777890893.0253325,-1.0,-1.0,-62.0
1777890893.0353324,-3.0,-2.0,-63.0
1777890893.0453324,-8.0,-1.0,-68.0
1777890893.0553324,-9.0,-1.0,-71.0
1777890893.0653324,-8.0,0.0,-68.0
1777890893.0753324,-6.0,1.0,-67.0
1777890893.0853324,0.0,0.0,-71.0
1777890893.0953324,-2.0,-1.0,-71.0
1777890893.1053324,-3.0,-1.0,-65.0
1777890893.1153324,-5.0,-5.0,-59.0
1777890893.1253324,-6.0,-7.0,-59.0
1777890893.1353323,-5.0,-5.0,-64.0
1777890893.1453323,-6.0,-6.0,-77.0
1777890893.1553323,-3.0,-7.0,-82.0
1777890893.1653323,0.0,-6.0,-77.0
1777890893.1753323,1.0,-4.0,-72.0
1777890893.1853323,-2.0,-4.0,-75.0
1777890893.1953323,-4.0,-2.0,-76.0
1777890893.2053325,-5.0,0.0,-74.0
1777890893.2153325,-1.0,0.0,-81.0
1777890893.2253325,0.0,0.0,-82.0
1777890893.2353325,4.0,-1.0,-84.0
1777890893.2453325,3.0,1.0,-79.0
1777890893.2553325,6.0,5.0,-81.0
1777890893.2653325,5.0,3.0,-81.0
1777890893.2753325,8.0,2.0,-82.0
1777890893.2853324,4.0,1.0,-79.0
1777890893.2953324,0.0,4.0,-79.0
1777890893.3053324,0.0,1.0,-84.0
1777890893.3153324,4.0,0.0,-87.0
1777890893.3253324,2.0,0.0,-78.0
1777890893.3353324,0.0,3.0,-74.0
1777890893.3453324,0.0,2.0,-74.0
1777890893.3553324,1.0,2.0,-72.0
1777890893.3653324,0.0,1.0,-76.0
1777890893.3753324,0.0,-4.0,-79.0
1777890893.3853323,1.0,-4.0,-80.0
1777890893.3953323,0.0,-7.0,-76.0
1777890893.4063325,0.0,-6.0,-66.0
1777890893.4163325,0.0,-4.0,-69.0
1777890893.4263325,0.0,-5.0,-67.0
1777890893.4363325,0.0,-3.0,-69.0
1777890893.4463325,0.0,-3.0,-68.0
1777890893.4563324,1.0,-7.0,-69.0
1777890893.4663324,1.0,-3.0,-62.0
1777890893.4763324,2.0,-4.0,-59.0
1777890893.4863324,3.0,-1.0,-55.0
1777890893.4963324,0.0,-3.0,-67.0
1777890893.5063324,-3.0,-3.0,-70.0
1777890893.5163324,-6.0,-4.0,-71.0
1777890893.5263324,-2.0,0.0,-68.0
1777890893.5363324,-1.0,0.0,-59.0
1777890893.5463324,1.0,-1.0,-59.0
1777890893.5563323,-1.0,1.0,-62.0
1777890893.5663323,1.0,2.0,-62.0
1777890893.5763323,2.0,1.0,-65.0
1777890893.5863323,0.0,0.0,-61.0
1777890893.5963323,-1.0,-1.0,-60.0
1777890893.6063323,-4.0,-1.0,-63.0
1777890893.6163323,-5.0,0.0,-68.0
1777890893.6263323,-2.0,-1.0,-71.0
1777890893.6363325,-4.0,-2.0,-70.0
1777890893.6463325,-3.0,0.0,-72.0
1777890893.6563325,-5.0,3.0,-73.0
1777890893.6663325,-7.0,1.0,-74.0
1777890893.6763325,-7.0,5.0,-76.0
1777890893.6863325,-9.0,8.0,-77.0
1777890893.6963325,-12.0,3.0,-77.0
1777890893.7063324,-10.0,3.0,-78.0
1777890893.7163324,-7.0,2.0,-83.0
1777890893.7263324,-8.0,3.0,-79.0
1777890893.7363324,-5.0,3.0,-70.0
1777890893.7463324,-4.0,1.0,-74.0
1777890893.7563324,-3.0,4.0,-76.0
1777890893.7663324,-4.0,2.0,-78.0
1777890893.7763324,-5.0,0.0,-75.0
1777890893.7863324,-5.0,-2.0,-73.0
1777890893.7963324,0.0,-4.0,-75.0
1777890893.8063323,1.0,-2.0,-74.0
1777890893.8163323,2.0,-5.0,-71.0
1777890893.8263323,2.0,-5.0,-74.0
1777890893.8363323,1.0,-6.0,-76.0
1777890893.8463323,1.0,-4.0,-73.0
1777890893.8563323,-1.0,-5.0,-74.0
1777890893.8663323,-1.0,-5.0,-71.0
1777890893.8763323,1.0,-5.0,-72.0
1777890893.8863325,0.0,-3.0,-65.0
1777890893.8963325,-2.0,-4.0,-61.0
1777890893.9063325,-2.0,-4.0,-69.0
1777890893.9163325,0.0,-1.0,-69.0
1777890893.9263325,2.0,0.0,-77.0
1777890893.9363325,1.0,1.0,-79.0
1777890893.9463325,0.0,2.0,-76.0
1777890893.9563324,-1.0,2.0,-74.0
1777890893.9663324,-2.0,1.0,-73.0
1777890893.9763324,1.0,1.0,-73.0
1777890893.9863324,0.0,0.0,-76.0
1777890893.9963324,0.0,0.0,-79.0
1777890894.0063324,-4.0,-2.0,-76.0
1777890894.0163324,0.0,-4.0,-73.0
1777890894.0263324,-2.0,-7.0,-74.0
1777890894.0363324,-2.0,-11.0,-70.0
1777890894.0463324,-7.0,-9.0,-74.0
1777890894.0563323,-5.0,-4.0,-74.0
1777890894.0663323,-4.0,-2.0,-76.0
1777890894.0763323,-10.0,-6.0,-70.0
1777890894.0863323,-10.0,-2.0,-66.0
1777890894.0963323,-6.0,0.0,-71.0
1777890894.1063323,-3.0,4.0,-72.0
1777890894.1163323,0.0,3.0,-72.0
1777890894.1263323,-1.0,0.0,-64.0
1777890894.1363325,-3.0,0.0,-61.0
1777890894.1463325,0.0,0.0,-60.0
1777890894.1563325,0.0,-1.0,-56.0
1777890894.1663325,2.0,-2.0,-53.0
1777890894.1763325,2.0,-4.0,-55.0
1777890894.1863325,6.0,-3.0,-61.0
1777890894.1963325,6.0,-1.0,-65.0
1777890894.2063324,3.0,-4.0,-67.0
1777890894.2163324,0.0,-2.0,-64.0
1777890894.2263324,-1.0,0.0,-59.0
1777890894.2363324,-1.0,0.0,-65.0
1777890894.2463324,1.0,-2.0,-66.0
1777890894.2563324,0.0,-2.0,-66.0
1777890894.2663324,0.0,0.0,-71.0
1777890894.2763324,1.0,2.0,-73.0
1777890894.2863324,5.0,1.0,-70.0
1777890894.2963324,-1.0,-3.0,-69.0
1777890894.3063323,-2.0,-5.0,-66.0
1777890894.3163323,-1.0,-3.0,-65.0
1777890894.3263323,1.0,-3.0,-63.0
1777890894.3363323,-3.0,0.0,-62.0
1777890894.3463323,0.0,1.0,-64.0
1777890894.3563323,3.0,2.0,-68.0
1777890894.3663323,8.0,0.0,-72.0
1777890894.3763323,7.0,4.0,-73.0
1777890894.3863325,10.0,2.0,-73.0
1777890894.3963325,10.0,1.0,-74.0
1777890894.4063325,10.0,5.0,-78.0
1777890894.4163325,1.0,8.0,-76.0
1777890894.4263325,-1.0,5.0,-72.0
1777890894.4363325,1.0,4.0,-71.0
1777890894.4463325,8.0,2.0,-64.0
1777890894.4563324,8.0,-3.0,-70.0
1777890894.4663324,6.0,-4.0,-69.0
1777890894.4763324,3.0,-6.0,-71.0
1777890894.4863324,0.0,-6.0,-69.0
1777890894.4963324,2.0,-4.0,-69.0
1777890894.5063324,4.0,-4.0,-70.0
1777890894.5163324,1.0,-1.0,-71.0
1777890894.5263324,6.0,-2.0,-73.0
1777890894.5363324,11.0,-5.0,-69.0
1777890894.5463324,6.0,-5.0,-71.0
1777890894.5563323,8.0,-7.0,-68.0
1777890894.5663323,11.0,-4.0,-68.0
1777890894.5763323,8.0,-5.0,-67.0
1777890894.5863323,5.0,-5.0,-62.0
1777890894.5963323,5.0,-2.0,-63.0
1777890894.6063323,4.0,-3.0,-69.0
1777890894.6163323,4.0,-1.0,-72.0
1777890894.6263323,0.0,-3.0,-72.0
1777890894.6363325,5.0,-6.0,-71.0
1777890894.6463325,4.0,-7.0,-71.0
1777890894.6563325,3.0,-4.0,-75.0
1777890894.6663325,8.0,-1.0,-79.0
1777890894.6763325,9.0,0.0,-77.0
1777890894.6863325,11.0,-1.0,-84.0
1777890894.6963325,12.0,-1.0,-85.0
1777890894.7063324,4.0,-1.0,-79.0
1777890894.7163324,2.0,0.0,-72.0
1777890894.7263324,0.0,0.0,-67.0
1777890894.7363324,-4.0,0.0,-66.0
1777890894.7463324,-2.0,0.0,-68.0
1777890894.7563324,-1.0,-1.0,-71.0
1777890894.7663324,0.0,1.0,-73.0
1777890894.7763324,0.0,0.0,-71.0
1777890894.7863324,-1.0,0.0,-67.0
1777890894.7963324,3.0,-5.0,-66.0
1777890894.8063323,3.0,-3.0,-69.0
1777890894.8163323,4.0,-4.0,-68.0
1777890894.8263323,4.0,-5.0,-73.0
1777890894.8363323,6.0,-4.0,-65.0
1777890894.8463323,5.0,0.0,-65.0
1777890894.8563323,2.0,0.0,-72.0
1777890894.8663323,0.0,-6.0,-77.0
1777890894.8763323,-2.0,-1.0,-82.0
1777890894.8863325,-2.0,1.0,-75.0
1777890894.8963325,-4.0,0.0,-77.0
1777890894.9063325,-1.0,-2.0,-73.0
1777890894.9163325,-4.0,-2.0,-69.0
1777890894.9263325,-6.0,0.0,-71.0
1777890894.9363325,-4.0,-2.0,-68.0
1777890894.9463325,-2.0,-1.0,-72.0
1777890894.9563324,0.0,-3.0,-68.0
1777890894.9663324,-1.0,-2.0,-71.0
1777890894.9763324,1.0,-3.0,-73.0
1777890894.9863324,1.0,0.0,-74.0
1777890894.9963324,0.0,1.0,-80.0
1777890895.0063324,2.0,3.0,-80.0
1777890895.0163324,3.0,3.0,-74.0
1777890895.0263324,2.0,-2.0,-73.0
1777890895.0363324,5.0,-4.0,-72.0
1777890895.0463324,9.0,-2.0,-66.0
1777890895.0563323,10.0,-6.0,-68.0
1777890895.0663323,12.0,-8.0,-70.0
1777890895.0763323,6.0,-9.0,-70.0
1777890895.0863323,6.0,-6.0,-70.0
1777890895.0963323,8.0,-3.0,-75.0
1777890895.1073325,6.0,-2.0,-76.0
1777890895.1163323,4.0,0.0,-78.0
1777890895.1263323,2.0,0.0,-81.0
1777890895.1363325,1.0,0.0,-82.0
1777890895.1463325,6.0,-2.0,-81.0
1777890895.1563325,-1.0,-2.0,-84.0
1777890895.1663325,2.0,0.0,-80.0
1777890895.1763325,4.0,-1.0,-73.0
1777890895.1863325,8.0,0.0,-71.0
1777890895.1963325,8.0,5.0,-74.0
1777890895.2063324,8.0,7.0,-69.0
1777890895.2163324,7.0,5.0,-76.0
1777890895.2263324,4.0,1.0,-75.0
1777890895.2363324,-1.0,-3.0,-72.0
1777890895.2463324,0.0,-7.0,-73.0
1777890895.2563324,-5.0,-7.0,-79.0
1777890895.2663324,-4.0,-8.0,-77.0
1777890895.2763324,-6.0,-5.0,-73.0
1777890895.2863324,-3.0,-2.0,-72.0
1777890895.2963324,-4.0,-2.0,-75.0
1777890895.3063323,0.0,-3.0,-76.0
1777890895.3173325,4.0,-4.0,-69.0
1777890895.3273325,6.0,-5.0,-64.0
1777890895.3363323,6.0,-6.0,-71.0
1777890895.3463323,0.0,-7.0,-75.0
1777890895.3573325,0.0,-4.0,-70.0
1777890895.3663323,0.0,-3.0,-73.0
1777890895.3773324,-1.0,-3.0,-77.0
1777890895.3873324,-2.0,-2.0,-76.0
1777890895.3973324,-5.0,-4.0,-67.0
1777890895.4073324,-3.0,-4.0,-64.0
1777890895.4173324,0.0,-1.0,-59.0
1777890895.4273324,3.0,-6.0,-71.0
1777890895.4373324,-4.0,-3.0,-78.0
1777890895.4473324,-6.0,-4.0,-80.0
1777890895.4573324,-3.0,-6.0,-72.0
1777890895.4673324,-7.0,-4.0,-70.0
1777890895.4773324,-4.0,-2.0,-76.0
1777890895.4873323,0.0,-4.0,-78.0
1777890895.4973323,0.0,-6.0,-76.0
1777890895.5073323,-3.0,-5.0,-76.0
1777890895.5173323,-3.0,-3.0,-77.0
1777890895.5273323,-6.0,0.0,-80.0
1777890895.5373323,-6.0,1.0,-81.0
1777890895.5473323,-3.0,-1.0,-75.0
1777890895.5573325,-2.0,-1.0,-77.0
1777890895.5673325,1.0,-3.0,-80.0
1777890895.5773325,4.0,-3.0,-82.0
1777890895.5873325,1.0,-3.0,-83.0
1777890895.5973325,3.0,-5.0,-75.0
1777890895.6073325,4.0,-6.0,-75.0
1777890895.6173325,0.0,-9.0,-72.0
1777890895.6273324,0.0,-5.0,-72.0
1777890895.6373324,1.0,-5.0,-78.0
1777890895.6473324,2.0,-5.0,-85.0
1777890895.6573324,0.0,-5.0,-83.0
1777890895.6673324,3.0,-4.0,-75.0
1777890895.6773324,4.0,-7.0,-76.0
1777890895.6873324,4.0,-8.0,-75.0
1777890895.6973324,7.0,-8.0,-75.0
1777890895.7073324,7.0,-4.0,-75.0
1777890895.7173324,11.0,-3.0,-67.0
1777890895.7273324,11.0,0.0,-71.0
1777890895.7373323,9.0,-4.0,-66.0
1777890895.7473323,3.0,0.0,-63.0
1777890895.7573323,4.0,3.0,-65.0
1777890895.7673323,5.0,4.0,-64.0
1777890895.7773323,6.0,3.0,-71.0
1777890895.7873323,6.0,2.0,-65.0
1777890895.7973323,8.0,-2.0,-65.0
1777890895.8073325,6.0,-6.0,-67.0
1777890895.8173325,6.0,-1.0,-62.0
1777890895.8273325,5.0,0.0,-59.0
1777890895.8373325,2.0,0.0,-60.0
1777890895.8473325,4.0,-2.0,-59.0
1777890895.8573325,2.0,0.0,-58.0
1777890895.8673325,-1.0,-2.0,-62.0
1777890895.8773324,1.0,0.0,-68.0
1777890895.8873324,-4.0,-1.0,-62.0
1777890895.8973324,-6.0,-2.0,-58.0
1777890895.9073324,-4.0,0.0,-59.0
1777890895.9173324,-3.0,-4.0,-57.0
1777890895.9273324,-4.0,-1.0,-60.0
1777890895.9373324,-4.0,0.0,-65.0
1777890895.9473324,-4.0,-1.0,-66.0
1777890895.9573324,-4.0,-3.0,-65.0
1777890895.9673324,-1.0,-5.0,-71.0
1777890895.9773324,0.0,-6.0,-65.0
1777890895.9873323,2.0,-5.0,-63.0
1777890895.9973323,4.0,-1.0,-64.0
1777890896.0073323,-1.0,-2.0,-72.0
1777890896.0173323,0.0,2.0,-74.0
1777890896.0273323,-6.0,2.0,-75.0
1777890896.0373323,-7.0,0.0,-80.0
1777890896.0473323,-6.0,-1.0,-85.0
1777890896.0573325,-3.0,2.0,-87.0
1777890896.0673325,-3.0,0.0,-83.0
1777890896.0773325,-7.0,-5.0,-87.0
1777890896.0873325,-8.0,-1.0,-78.0
1777890896.0973325,-2.0,-3.0,-78.0
1777890896.1073325,-3.0,-1.0,-71.0
1777890896.1173325,-3.0,-1.0,-72.0
1777890896.1273324,-3.0,-1.0,-73.0
1777890896.1373324,-4.0,-7.0,-68.0
1777890896.1473324,-2.0,-4.0,-68.0
1777890896.1573324,-5.0,-3.0,-68.0
1777890896.1673324,-9.0,0.0,-67.0
1777890896.1773324,-1.0,0.0,-70.0
1777890896.1873324,6.0,-3.0,-73.0
1777890896.1973324,2.0,-2.0,-72.0
1777890896.2073324,-1.0,-3.0,-77.0
1777890896.2173324,0.0,0.0,-66.0
1777890896.2273324,-3.0,-1.0,-70.0
1777890896.2373323,-1.0,-2.0,-66.0
1777890896.2473323,-1.0,-4.0,-73.0
1777890896.2573323,-3.0,0.0,-77.0
1777890896.2673323,-4.0,0.0,-68.0
1777890896.2773323,-2.0,-3.0,-68.0
1777890896.2873323,-9.0,-3.0,-69.0
1777890896.2973323,-8.0,-1.0,-75.0
1777890896.3073325,-3.0,0.0,-69.0
1777890896.3173325,0.0,-2.0,-70.0
1777890896.3273325,3.0,-2.0,-70.0
1777890896.3373325,4.0,0.0,-68.0
1777890896.3473325,3.0,0.0,-67.0
1777890896.3573325,2.0,-4.0,-67.0
1777890896.3673325,4.0,-3.0,-70.0
1777890896.3773324,10.0,-5.0,-70.0
1777890896.3873324,12.0,-7.0,-73.0
1777890896.3973324,6.0,-7.0,-75.0
1777890896.4073324,4.0,-4.0,-72.0
1777890896.4173324,3.0,-3.0,-70.0
1777890896.4273324,5.0,0.0,-69.0
1777890896.4373324,8.0,-4.0,-72.0
1777890896.4473324,5.0,-2.0,-74.0
1777890896.4573324,6.0,-1.0,-72.0
1777890896.4673324,5.0,-6.0,-70.0
1777890896.4773324,5.0,-4.0,-71.0
1777890896.4873323,7.0,0.0,-71.0
1777890896.4973323,5.0,1.0,-69.0
1777890896.5073323,8.0,2.0,-70.0
1777890896.5173323,5.0,-2.0,-71.0
1777890896.5273323,4.0,0.0,-73.0
1777890896.5373323,1.0,1.0,-72.0
1777890896.5473323,4.0,0.0,-61.0
1777890896.5573325,3.0,-2.0,-57.0
1777890896.5673325,1.0,-6.0,-62.0
1777890896.5773325,2.0,-4.0,-63.0
1777890896.5873325,0.0,-7.0,-68.0
1777890896.5973325,-1.0,-7.0,-61.0
1777890896.6073325,-2.0,-7.0,-58.0
1777890896.6173325,0.0,1.0,-52.0
1777890896.6273324,1.0,2.0,-58.0
1777890896.6373324,0.0,2.0,-68.0
1777890896.6473324,0.0,0.0,-70.0
1777890896.6573324,1.0,-4.0,-71.0
1777890896.6673324,1.0,2.0,-76.0
1777890896.6773324,0.0,6.0,-77.0
1777890896.6873324,1.0,3.0,-76.0
1777890896.6973324,2.0,0.0,-73.0
1777890896.7073324,2.0,-1.0,-72.0
1777890896.7173324,2.0,-3.0,-67.0
1777890896.7273324,0.0,-4.0,-65.0
1777890896.7373323,2.0,-5.0,-64.0
1777890896.7473323,3.0,-5.0,-63.0
1777890896.7573323,4.0,-1.0,-69.0
1777890896.7673323,1.0,-2.0,-66.0
1777890896.7773323,1.0,0.0,-66.0
1777890896.7873323,-4.0,1.0,-67.0
1777890896.7973323,-3.0,3.0,-68.0
1777890896.8073325,-3.0,1.0,-72.0
1777890896.8173325,-2.0,-4.0,-73.0
1777890896.8273325,0.0,-5.0,-70.0
1777890896.8373325,-1.0,-4.0,-67.0
1777890896.8473325,-2.0,0.0,-78.0
1777890896.8573325,0.0,-2.0,-74.0
1777890896.8673325,1.0,-3.0,-71.0
1777890896.8773324,4.0,-4.0,-73.0
1777890896.8873324,3.0,-4.0,-72.0
1777890896.8973324,0.0,-6.0,-71.0
1777890896.9073324,-4.0,-6.0,-66.0
1777890896.9173324,-3.0,-9.0,-75.0
1777890896.9273324,-3.0,-14.0,-77.0
1777890896.9373324,-3.0,-10.0,-75.0
1777890896.9473324,-2.0,-10.0,-73.0
1777890896.9573324,-2.0,-9.0,-67.0
1777890896.9673324,-1.0,-7.0,-65.0
1777890896.9773324,0.0,-3.0,-69.0
1777890896.9873323,-2.0,-2.0,-69.0
1777890896.9973323,1.0,-5.0,-74.0
1777890897.0073323,4.0,-3.0,-64.0
1777890897.0173323,0.0,-5.0,-60.0
1777890897.0273323,-4.0,-4.0,-59.0
1777890897.0373323,0.0,-3.0,-59.0
1777890897.0473323,-3.0,1.0,-66.0
1777890897.0573325,-3.0,1.0,-72.0
1777890897.0673325,-2.0,0.0,-72.0
1777890897.0773325,-4.0,1.0,-64.0
1777890897.0873325,-9.0,1.0,-60.0
1777890897.0973325,-7.0,0.0,-61.0
1777890897.1073325,-5.0,0.0,-61.0
1777890897.1173325,-7.0,4.0,-64.0
1777890897.1273324,-10.0,5.0,-68.0
1777890897.1373324,-8.0,6.0,-72.0
1777890897.1473324,-6.0,2.0,-74.0
1777890897.1573324,-5.0,0.0,-76.0
1777890897.1673324,-3.0,0.0,-76.0
1777890897.1773324,0.0,-6.0,-77.0
1777890897.1873324,-4.0,-5.0,-76.0
1777890897.1973324,-2.0,0.0,-76.0
1777890897.2073324,-2.0,0.0,-74.0
1777890897.2173324,-7.0,-2.0,-75.0
1777890897.2273324,-6.0,-1.0,-81.0
1777890897.2373323,-3.0,0.0,-81.0
1777890897.2473323,0.0,1.0,-73.0
1777890897.2573323,2.0,-1.0,-65.0
1777890897.2673323,6.0,0.0,-66.0
1777890897.2773323,8.0,1.0,-66.0
1777890897.2873323,4.0,0.0,-72.0
1777890897.2973323,4.0,-1.0,-75.0
1777890897.3073325,5.0,-1.0,-69.0
1777890897.3173325,4.0,-2.0,-69.0
1777890897.3283324,-1.0,-4.0,-72.0
1777890897.3383324,-1.0,-2.0,-69.0
1777890897.3483324,-2.0,-2.0,-67.0
1777890897.3573325,2.0,1.0,-70.0
1777890897.3683324,1.0,3.0,-70.0
1777890897.3783324,0.0,0.0,-73.0
1777890897.3873324,1.0,0.0,-65.0
1777890897.3983324,1.0,0.0,-66.0
1777890897.4083323,2.0,1.0,-73.0
1777890897.4183323,1.0,5.0,-71.0
1777890897.4283323,4.0,6.0,-69.0
1777890897.4383323,7.0,4.0,-66.0
1777890897.4483323,8.0,2.0,-73.0
1777890897.4583323,3.0,0.0,-77.0
1777890897.4683323,1.0,2.0,-75.0
1777890897.4783323,0.0,0.0,-78.0
1777890897.4883325,0.0,-5.0,-73.0
1777890897.4983325,-1.0,-9.0,-71.0
1777890897.5083325,0.0,-8.0,-71.0
1777890897.5183325,4.0,-7.0,-68.0
1777890897.5283325,5.0,-2.0,-70.0
1777890897.5383325,6.0,-1.0,-59.0
1777890897.5483325,1.0,-3.0,-63.0
1777890897.5583324,3.0,4.0,-66.0
1777890897.5683324,1.0,3.0,-64.0
1777890897.5783324,-2.0,0.0,-68.0
1777890897.5883324,-3.0,-1.0,-64.0
1777890897.5983324,0.0,-1.0,-64.0
1777890897.6083324,-2.0,-2.0,-65.0
1777890897.6183324,0.0,-4.0,-65.0
1777890897.6283324,-2.0,-2.0,-70.0
1777890897.6383324,-3.0,-3.0,-78.0
1777890897.6483324,0.0,-3.0,-75.0
1777890897.6583323,1.0,-4.0,-72.0
1777890897.6683323,1.0,-6.0,-79.0
1777890897.6783323,0.0,-8.0,-88.0
1777890897.6883323,-1.0,-1.0,-91.0
1777890897.6983323,-1.0,-2.0,-86.0
1777890897.7083323,0.0,-1.0,-80.0
1777890897.7183323,-2.0,0.0,-76.0
1777890897.7283323,1.0,5.0,-74.0
1777890897.7383325,0.0,4.0,-73.0
1777890897.7483325,0.0,2.0,-74.0
1777890897.7583325,0.0,1.0,-72.0
1777890897.7683325,-2.0,2.0,-72.0
1777890897.7783325,-1.0,-4.0,-73.0
1777890897.7883325,-4.0,-2.0,-76.0
1777890897.7983325,0.0,0.0,-79.0
1777890897.8083324,0.0,0.0,-82.0
1777890897.8183324,0.0,-1.0,-80.0
1777890897.8283324,2.0,-3.0,-77.0
1777890897.8383324,-1.0,1.0,-79.0
1777890897.8483324,-1.0,6.0,-83.0
1777890897.8583324,-1.0,2.0,-89.0
1777890897.8683324,1.0,-3.0,-89.0
1777890897.8783324,0.0,-3.0,-89.0
1777890897.8883324,0.0,-1.0,-86.0
1777890897.8983324,-2.0,-4.0,-80.0
1777890897.9083323,-6.0,-4.0,-80.0
1777890897.9183323,-6.0,-4.0,-72.0
1777890897.9283323,-4.0,-5.0,-72.0
1777890897.9383323,-1.0,-3.0,-71.0
1777890897.9483323,-3.0,1.0,-72.0
1777890897.9583323,-1.0,2.0,-79.0
1777890897.9683323,-1.0,0.0,-78.0
1777890897.9783323,-3.0,0.0,-82.0
1777890897.9883325,-2.0,-1.0,-88.0
1777890897.9983325,1.0,-3.0,-90.0
1777890898.0083325,-1.0,-6.0,-84.0
1777890898.0183325,-2.0,-2.0,-80.0
1777890898.0283325,0.0,0.0,-81.0
1777890898.0383325,0.0,-4.0,-82.0
1777890898.0483325,0.0,-5.0,-81.0
1777890898.0583324,-3.0,-2.0,-78.0
1777890898.0683324,-2.0,0.0,-82.0
1777890898.0783324,-2.0,1.0,-83.0
1777890898.0883324,1.0,1.0,-75.0
1777890898.0983324,4.0,1.0,-71.0
1777890898.1083324,3.0,0.0,-69.0
1777890898.1183324,0.0,1.0,-64.0
1777890898.1283324,0.0,3.0,-66.0
1777890898.1383324,-3.0,2.0,-69.0
1777890898.1483324,-2.0,0.0,-72.0
1777890898.1583323,4.0,3.0,-73.0
1777890898.1683323,7.0,5.0,-75.0
1777890898.1783323,9.0,4.0,-73.0
1777890898.1883323,8.0,2.0,-74.0
1777890898.1983323,5.0,-4.0,-77.0
1777890898.2083323,8.0,-4.0,-74.0
1777890898.2183323,3.0,-5.0,-71.0
1777890898.2283323,4.0,0.0,-70.0
1777890898.2383325,1.0,-2.0,-70.0
1777890898.2483325,0.0,-4.0,-75.0
1777890898.2583325,-2.0,-5.0,-75.0
1777890898.2683325,-5.0,-5.0,-76.0
1777890898.2783325,-8.0,0.0,-68.0
1777890898.2883325,-8.0,1.0,-71.0
1777890898.2983325,-9.0,-3.0,-65.0
1777890898.3083324,-3.0,-4.0,-71.0
1777890898.3183324,2.0,-1.0,-73.0
1777890898.3283324,1.0,0.0,-60.0
1777890898.3383324,1.0,2.0,-66.0
1777890898.3483324,4.0,0.0,-74.0
1777890898.3583324,0.0,1.0,-77.0
1777890898.3683324,0.0,0.0,-73.0
1777890898.3783324,1.0,-2.0,-71.0
1777890898.3883324,0.0,2.0,-73.0
1777890898.3983324,7.0,2.0,-75.0
1777890898.4083323,6.0,2.0,-77.0
1777890898.4183323,8.0,0.0,-75.0
1777890898.4283323,8.0,4.0,-72.0
1777890898.4383323,6.0,0.0,-72.0
1777890898.4483323,6.0,-3.0,-73.0
1777890898.4583323,6.0,-2.0,-73.0
1777890898.4683323,0.0,-3.0,-71.0
1777890898.4783323,-1.0,-5.0,-70.0
1777890898.4883325,0.0,-4.0,-66.0
1777890898.4983325,6.0,-4.0,-71.0
1777890898.5083325,7.0,0.0,-68.0
1777890898.5183325,1.0,-1.0,-70.0
1777890898.5283325,3.0,1.0,-73.0
1777890898.5383325,2.0,6.0,-74.0
1777890898.5483325,0.0,4.0,-70.0
1777890898.5583324,0.0,0.0,-70.0
1777890898.5683324,0.0,3.0,-72.0
1777890898.5783324,0.0,0.0,-77.0
1777890898.5883324,1.0,-2.0,-76.0
1777890898.5983324,1.0,-6.0,-84.0
1777890898.6083324,3.0,-5.0,-79.0
1777890898.6183324,3.0,-4.0,-80.0
1777890898.6283324,3.0,-6.0,-81.0
1777890898.6383324,9.0,-8.0,-81.0
1777890898.6483324,8.0,-5.0,-79.0
1777890898.6583323,7.0,-3.0,-76.0
1777890898.6683323,5.0,-3.0,-79.0
1777890898.6783323,3.0,-3.0,-77.0
1777890898.6883323,5.0,-8.0,-81.0
1777890898.6983323,6.0,-7.0,-79.0
1777890898.7083323,2.0,-3.0,-74.0
1777890898.7183323,5.0,-3.0,-73.0
1777890898.7283323,6.0,-4.0,-80.0
1777890898.7383325,3.0,-2.0,-75.0
1777890898.7483325,2.0,-3.0,-79.0
1777890898.7583325,2.0,-7.0,-74.0
1777890898.7683325,3.0,-7.0,-72.0
1777890898.7783325,3.0,0.0,-75.0
1777890898.7883325,4.0,1.0,-78.0
1777890898.7983325,5.0,2.0,-82.0
1777890898.8083324,3.0,1.0,-75.0
1777890898.8183324,0.0,-1.0,-76.0
1777890898.8283324,0.0,-1.0,-79.0
1777890898.8383324,-1.0,1.0,-75.0
1777890898.8483324,0.0,0.0,-78.0
1777890898.8583324,1.0,2.0,-83.0
1777890898.8683324,2.0,2.0,-85.0
1777890898.8783324,0.0,0.0,-86.0
1777890898.8883324,-4.0,-2.0,-80.0
1777890898.8983324,-6.0,0.0,-77.0
1777890898.9083323,-1.0,1.0,-78.0
1777890898.9183323,2.0,-1.0,-77.0
1777890898.9283323,-1.0,-4.0,-83.0
1777890898.9383323,0.0,-2.0,-85.0
1777890898.9483323,1.0,2.0,-80.0
1777890898.9583323,4.0,4.0,-75.0
1777890898.9683323,2.0,3.0,-75.0
1777890898.9783323,3.0,3.0,-76.0
1777890898.9883325,4.0,2.0,-70.0
1777890898.9983325,5.0,4.0,-67.0
1777890899.0083325,6.0,1.0,-68.0
1777890899.0183325,7.0,-2.0,-66.0
1777890899.0283325,9.0,-4.0,-66.0
1777890899.0383325,2.0,-1.0,-64.0
1777890899.0483325,1.0,0.0,-61.0
1777890899.0583324,-2.0,2.0,-61.0
1777890899.0683324,0.0,3.0,-60.0
1777890899.0783324,2.0,2.0,-62.0
1777890899.0883324,2.0,0.0,-61.0
1777890899.0983324,7.0,-1.0,-63.0
1777890899.1083324,8.0,1.0,-64.0
1777890899.1183324,7.0,2.0,-70.0
1777890899.1283324,6.0,6.0,-70.0
1777890899.1383324,3.0,5.0,-73.0
1777890899.1483324,0.0,0.0,-72.0
1777890899.1583323,0.0,1.0,-73.0
1777890899.1683323,0.0,1.0,-74.0
1777890899.1783323,4.0,-1.0,-76.0
1777890899.1883323,0.0,-2.0,-80.0
1777890899.1983323,0.0,-4.0,-79.0
1777890899.2083323,-2.0,-2.0,-77.0
1777890899.2183323,-8.0,-1.0,-73.0
1777890899.2283323,-5.0,-1.0,-66.0
1777890899.2383325,-5.0,0.0,-67.0
1777890899.2483325,-5.0,0.0,-66.0
1777890899.2583325,-2.0,0.0,-63.0
1777890899.2683325,-5.0,1.0,-66.0
1777890899.2783325,-1.0,4.0,-67.0
1777890899.2883325,1.0,4.0,-67.0
1777890899.2983325,1.0,1.0,-75.0
1777890899.3083324,3.0,2.0,-79.0
1777890899.3193324,2.0,2.0,-78.0
1777890899.3283324,-1.0,0.0,-77.0
1777890899.3393323,0.0,3.0,-76.0
1777890899.3493323,0.0,0.0,-78.0
1777890899.3593323,-2.0,-2.0,-73.0
1777890899.3693323,1.0,1.0,-73.0
1777890899.3793323,0.0,4.0,-74.0
1777890899.3893323,2.0,1.0,-78.0
1777890899.3993323,3.0,0.0,-77.0
1777890899.4093325,-2.0,2.0,-71.0
1777890899.4193325,-1.0,2.0,-74.0
1777890899.4293325,-4.0,-2.0,-74.0
1777890899.4393325,-3.0,-2.0,-69.0
1777890899.4493325,-3.0,-3.0,-66.0
1777890899.4593325,-6.0,-3.0,-72.0
1777890899.4693325,-6.0,1.0,-74.0
1777890899.4793324,-6.0,-1.0,-73.0
1777890899.4893324,-8.0,-1.0,-78.0
1777890899.4993324,-11.0,-2.0,-83.0
1777890899.5093324,-10.0,-3.0,-87.0
1777890899.5193324,-5.0,0.0,-90.0
1777890899.5293324,-3.0,-6.0,-82.0
1777890899.5393324,-5.0,-4.0,-85.0
1777890899.5493324,0.0,2.0,-80.0
1777890899.5593324,1.0,5.0,-78.0
1777890899.5693324,0.0,4.0,-72.0
1777890899.5793324,-3.0,0.0,-67.0
1777890899.5893323,-2.0,0.0,-62.0
1777890899.5993323,2.0,4.0,-66.0
1777890899.6093323,0.0,3.0,-70.0
1777890899.6193323,0.0,1.0,-76.0
1777890899.6293323,0.0,-1.0,-76.0
1777890899.6393323,5.0,1.0,-85.0
1777890899.6493323,5.0,1.0,-83.0
1777890899.6593325,4.0,0.0,-79.0
1777890899.6693325,6.0,-1.0,-75.0
1777890899.6793325,5.0,-2.0,-64.0
1777890899.6893325,0.0,-2.0,-76.0
1777890899.6993325,0.0,-8.0,-80.0
1777890899.7093325,1.0,-5.0,-79.0
1777890899.7193325,1.0,0.0,-84.0
1777890899.7293324,0.0,2.0,-83.0
1777890899.7393324,0.0,0.0,-78.0
1777890899.7493324,3.0,-3.0,-78.0
1777890899.7593324,5.0,-2.0,-76.0
1777890899.7693324,6.0,-1.0,-75.0
1777890899.7793324,3.0,-3.0,-71.0
1777890899.7893324,0.0,-5.0,-77.0
1777890899.7993324,1.0,-7.0,-78.0
1777890899.8093324,-2.0,-5.0,-82.0
1777890899.8193324,-6.0,-2.0,-82.0
1777890899.8293324,-2.0,-4.0,-76.0
1777890899.8393323,0.0,-2.0,-73.0
1777890899.8493323,-2.0,-2.0,-70.0
1777890899.8593323,-4.0,0.0,-72.0
1777890899.8693323,-4.0,-4.0,-75.0
1777890899.8793323,-5.0,-2.0,-70.0
1777890899.8893323,-2.0,0.0,-75.0
1777890899.8993323,-2.0,0.0,-77.0
1777890899.9093325,1.0,1.0,-72.0
1777890899.9193325,2.0,0.0,-73.0
1777890899.9293325,4.0,-2.0,-72.0
1777890899.9393325,4.0,-2.0,-81.0
1777890899.9493325,2.0,-2.0,-82.0
1777890899.9593325,1.0,-4.0,-83.0
1777890899.9693325,-1.0,-1.0,-80.0
1777890899.9793324,-2.0,-4.0,-74.0
1777890899.9893324,-2.0,-8.0,-76.0
1777890899.9993324,-3.0,-9.0,-76.0
1777890900.0093324,-3.0,-7.0,-76.0
1777890900.0193324,-1.0,-6.0,-72.0
1777890900.0293324,0.0,-7.0,-67.0
1777890900.0393324,0.0,-5.0,-68.0
1777890900.0493324,0.0,-5.0,-64.0
1777890900.0593324,-2.0,-1.0,-61.0
1777890900.0693324,0.0,0.0,-56.0
1777890900.0793324,0.0,0.0,-57.0
1777890900.0893323,3.0,0.0,-58.0
1777890900.0993323,3.0,0.0,-60.0
1777890900.1093323,4.0,0.0,-62.0
1777890900.1193323,7.0,2.0,-58.0
1777890900.1293323,4.0,1.0,-57.0
1777890900.1393323,5.0,0.0,-61.0
1777890900.1493323,1.0,-2.0,-65.0
1777890900.1593325,-1.0,-4.0,-73.0
1777890900.1693325,-4.0,-4.0,-77.0
1777890900.1793325,-6.0,-2.0,-78.0
1777890900.1893325,0.0,-3.0,-71.0
1777890900.1993325,3.0,-2.0,-65.0
1777890900.2093325,5.0,-9.0,-67.0
1777890900.2193325,1.0,-13.0,-67.0
1777890900.2293324,1.0,-12.0,-63.0
1777890900.2393324,0.0,-6.0,-63.0
1777890900.2493324,0.0,-6.0,-68.0
1777890900.2593324,-3.0,-5.0,-68.0
1777890900.2693324,-1.0,-7.0,-66.0
1777890900.2793324,-6.0,-9.0,-71.0
1777890900.2893324,-4.0,-4.0,-70.0
1777890900.2993324,-6.0,-3.0,-77.0
1777890900.3093324,-7.0,-1.0,-79.0
1777890900.3193324,-3.0,-4.0,-84.0
1777890900.3293324,0.0,-4.0,-80.0
1777890900.3393323,-4.0,-1.0,-73.0
1777890900.3493323,1.0,1.0,-75.0
1777890900.3593323,-1.0,0.0,-76.0
1777890900.3693323,1.0,-1.0,-74.0
1777890900.3793323,4.0,-6.0,-78.0
1777890900.3893323,4.0,-8.0,-74.0
1777890900.3993323,1.0,-6.0,-79.0
1777890900.4093325,0.0,0.0,-81.0
1777890900.4193325,2.0,1.0,-72.0
1777890900.4293325,2.0,0.0,-71.0
1777890900.4393325,3.0,-1.0,-70.0
1777890900.4493325,4.0,-1.0,-77.0
1777890900.4593325,2.0,-3.0,-69.0
1777890900.4693325,5.0,-1.0,-69.0
1777890900.4793324,5.0,-2.0,-71.0
1777890900.4893324,-1.0,-3.0,-69.0
1777890900.4993324,-4.0,-3.0,-69.0
1777890900.5093324,-5.0,-3.0,-70.0
1777890900.5193324,-1.0,0.0,-70.0
1777890900.5293324,3.0,0.0,-73.0
1777890900.5393324,1.0,-2.0,-70.0
1777890900.5493324,0.0,-4.0,-71.0
1777890900.5593324,3.0,-4.0,-67.0
1777890900.5693324,1.0,-2.0,-67.0
1777890900.5793324,8.0,-2.0,-67.0
1777890900.5893323,7.0,2.0,-75.0
1777890900.5993323,6.0,0.0,-77.0
1777890900.6093323,1.0,1.0,-75.0
1777890900.6193323,0.0,4.0,-72.0
1777890900.6293323,3.0,3.0,-75.0
1777890900.6393323,4.0,0.0,-70.0
1777890900.6493323,5.0,0.0,-75.0
1777890900.6593325,9.0,-4.0,-74.0
1777890900.6693325,6.0,1.0,-73.0
1777890900.6793325,7.0,1.0,-73.0
1777890900.6893325,6.0,-2.0,-70.0
1777890900.6993325,10.0,-4.0,-65.0
1777890900.7093325,6.0,-4.0,-65.0
1777890900.7193325,8.0,-3.0,-64.0
1777890900.7293324,7.0,-3.0,-56.0
1777890900.7393324,1.0,-2.0,-59.0
1777890900.7493324,1.0,-4.0,-61.0
1777890900.7593324,2.0,-6.0,-60.0
1777890900.7693324,0.0,-6.0,-63.0
1777890900.7793324,0.0,-7.0,-60.0
1777890900.7893324,-2.0,-5.0,-60.0
1777890900.7993324,-1.0,-5.0,-58.0
1777890900.8093324,-2.0,-5.0,-55.0
1777890900.8193324,3.0,-10.0,-58.0
1777890900.8293324,4.0,-10.0,-62.0
1777890900.8393323,2.0,-6.0,-62.0
1777890900.8493323,-3.0,-1.0,-66.0
1777890900.8593323,0.0,0.0,-69.0
1777890900.8693323,3.0,-2.0,-68.0
1777890900.8793323,4.0,-4.0,-69.0
1777890900.8893323,0.0,-4.0,-73.0
1777890900.8993323,-3.0,-3.0,-77.0
1777890900.9093325,-3.0,-3.0,-75.0
1777890900.9193325,0.0,-5.0,-78.0
1777890900.9293325,3.0,-4.0,-81.0
1777890900.9393325,3.0,-5.0,-85.0
1777890900.9493325,4.0,0.0,-79.0
1777890900.9593325,7.0,0.0,-76.0
1777890900.9693325,6.0,-3.0,-77.0
1777890900.9793324,2.0,-2.0,-78.0
1777890900.9893324,2.0,-3.0,-74.0
1777890900.9993324,0.0,-3.0,-73.0
1777890901.0093324,0.0,1.0,-73.0
1777890901.0193324,3.0,2.0,-79.0
1777890901.0293324,8.0,2.0,-80.0
1777890901.0393324,8.0,-4.0,-80.0
1777890901.0493324,7.0,-6.0,-70.0
1777890901.0593324,5.0,-5.0,-68.0
1777890901.0693324,2.0,-2.0,-68.0
1777890901.0793324,0.0,-2.0,-70.0
1777890901.0893323,1.0,0.0,-65.0
1777890901.0993323,-1.0,-2.0,-68.0
1777890901.1093323,0.0,-2.0,-79.0
1777890901.1193323,1.0,-2.0,-82.0
1777890901.1293323,1.0,-4.0,-82.0
1777890901.1393323,1.0,-3.0,-78.0
1777890901.1493323,6.0,0.0,-71.0
1777890901.1593325,3.0,-1.0,-75.0
1777890901.1693325,1.0,0.0,-77.0
1777890901.1793325,-2.0,2.0,-78.0
1777890901.1893325,0.0,7.0,-81.0
1777890901.1993325,-3.0,4.0,-75.0
1777890901.2093325,-4.0,-3.0,-75.0
1777890901.2193325,0.0,-8.0,-73.0
1777890901.2293324,1.0,-13.0,-67.0
1777890901.2393324,4.0,-10.0,-74.0
1777890901.2493324,5.0,-8.0,-71.0
1777890901.2593324,1.0,-7.0,-72.0
1777890901.2693324,3.0,-7.0,-79.0
1777890901.2793324,3.0,-5.0,-87.0
1777890901.2893324,0.0,-5.0,-90.0
1777890901.2993324,0.0,-8.0,-88.0
1777890901.3103323,0.0,-5.0,-83.0
1777890901.3193324,1.0,-5.0,-76.0
1777890901.3293324,1.0,-5.0,-75.0
1777890901.3393323,2.0,-3.0,-74.0
1777890901.3503325,1.0,-5.0,-75.0
1777890901.3603325,3.0,-4.0,-78.0
1777890901.3703325,8.0,-5.0,-82.0
1777890901.3803325,11.0,-6.0,-81.0
1777890901.3903325,10.0,-6.0,-76.0
1777890901.4003325,6.0,-5.0,-73.0
1777890901.4103324,5.0,-3.0,-72.0
1777890901.4203324,6.0,-3.0,-77.0
1777890901.4303324,12.0,-4.0,-74.0
1777890901.4403324,12.0,-3.0,-75.0
1777890901.4503324,15.0,-6.0,-81.0
1777890901.4603324,8.0,-7.0,-79.0
1777890901.4703324,7.0,-4.0,-75.0
1777890901.4803324,7.0,-6.0,-72.0
1777890901.4903324,6.0,-9.0,-72.0
1777890901.5003324,-1.0,-5.0,-69.0
1777890901.5103323,-1.0,-5.0,-71.0
1777890901.5203323,-3.0,-6.0,-66.0
1777890901.5303323,-4.0,-7.0,-67.0
1777890901.5403323,-1.0,-6.0,-68.0
1777890901.5503323,-1.0,-6.0,-74.0
1777890901.5603323,-2.0,-4.0,-77.0
1777890901.5703323,-2.0,-4.0,-70.0
1777890901.5803325,-1.0,-3.0,-73.0
1777890901.5903325,-5.0,-2.0,-68.0
1777890901.6003325,-7.0,-6.0,-71.0
1777890901.6103325,-7.0,-5.0,-74.0
1777890901.6203325,-4.0,-5.0,-75.0
1777890901.6303325,-4.0,-5.0,-71.0
1777890901.6403325,-10.0,-6.0,-74.0
1777890901.6503325,-3.0,-3.0,-77.0
1777890901.6603324,1.0,-3.0,-77.0
1777890901.6703324,-1.0,-4.0,-66.0
1777890901.6803324,-1.0,-3.0,-68.0
1777890901.6903324,-2.0,-4.0,-73.0
1777890901.7003324,-5.0,-4.0,-74.0
1777890901.7103324,-5.0,-3.0,-77.0
1777890901.7203324,-1.0,-5.0,-78.0
1777890901.7303324,-1.0,-4.0,-75.0
1777890901.7403324,0.0,-1.0,-78.0
1777890901.7503324,4.0,-1.0,-83.0
1777890901.7603323,8.0,0.0,-81.0
1777890901.7703323,9.0,-1.0,-79.0
1777890901.7803323,9.0,-2.0,-76.0
1777890901.7903323,7.0,0.0,-74.0
1777890901.8003323,10.0,-1.0,-74.0
1777890901.8103323,8.0,-2.0,-71.0
1777890901.8203323,8.0,-2.0,-72.0
1777890901.8303325,7.0,-2.0,-80.0
1777890901.8403325,9.0,0.0,-85.0
1777890901.8503325,7.0,-4.0,-80.0
1777890901.8603325,5.0,0.0,-73.0
1777890901.8703325,6.0,-3.0,-73.0
1777890901.8803325,4.0,-5.0,-74.0
1777890901.8903325,4.0,-9.0,-80.0
1777890901.9003325,4.0,-6.0,-84.0
1777890901.9103324,5.0,-7.0,-76.0
1777890901.9203324,8.0,-2.0,-76.0
1777890901.9303324,8.0,-1.0,-82.0
1777890901.9403324,8.0,-1.0,-87.0
1777890901.9503324,7.0,-4.0,-81.0
1777890901.9603324,14.0,-5.0,-83.0
1777890901.9703324,14.0,-4.0,-84.0
1777890901.9803324,5.0,-4.0,-80.0
1777890901.9903324,10.0,-2.0,-77.0
1777890902.0003324,11.0,0.0,-82.0
1777890902.0103323,9.0,4.0,-82.0
1777890902.0203323,2.0,4.0,-79.0
1777890902.0303323,-1.0,7.0,-74.0
1777890902.0403323,-1.0,4.0,-78.0
1777890902.0503323,-2.0,1.0,-69.0
1777890902.0603323,-8.0,1.0,-69.0
1777890902.0703323,-6.0,0.0,-68.0
1777890902.0803325,-6.0,-3.0,-64.0
1777890902.0903325,-5.0,-3.0,-56.0
1777890902.1003325,-3.0,-2.0,-57.0
1777890902.1103325,-1.0,-4.0,-60.0
1777890902.1203325,0.0,-5.0,-62.0
1777890902.1303325,-3.0,-7.0,-66.0
1777890902.1403325,0.0,-11.0,-65.0
1777890902.1503325,-1.0,-12.0,-68.0
1777890902.1603324,0.0,-6.0,-68.0
1777890902.1703324,0.0,-2.0,-65.0
1777890902.1803324,-1.0,0.0,-70.0
1777890902.1903324,-4.0,1.0,-70.0
1777890902.2003324,-4.0,1.0,-73.0
1777890902.2103324,-7.0,0.0,-80.0
1777890902.2203324,-4.0,-2.0,-73.0
1777890902.2303324,-5.0,-2.0,-67.0
1777890902.2403324,-3.0,-7.0,-63.0
1777890902.2503324,-2.0,-8.0,-65.0
1777890902.2603323,0.0,-7.0,-66.0
1777890902.2703323,2.0,-6.0,-64.0
1777890902.2803323,5.0,-3.0,-65.0
1777890902.2903323,6.0,2.0,-62.0
1777890902.3003323,6.0,0.0,-63.0
1777890902.3103323,4.0,0.0,-70.0
1777890902.3203323,5.0,0.0,-70.0
1777890902.3303325,0.0,0.0,-65.0
1777890902.3403325,0.0,0.0,-63.0
1777890902.3503325,1.0,1.0,-63.0
1777890902.3603325,0.0,0.0,-69.0
1777890902.3703325,0.0,3.0,-77.0
1777890902.3803325,0.0,1.0,-77.0
1777890902.3903325,1.0,1.0,-81.0
1777890902.4003325,0.0,0.0,-81.0
1777890902.4103324,-1.0,0.0,-76.0
1777890902.4203324,3.0,0.0,-79.0
1777890902.4303324,2.0,-3.0,-76.0
1777890902.4403324,4.0,-3.0,-73.0
1777890902.4503324,3.0,0.0,-70.0
1777890902.4603324,7.0,0.0,-64.0
1777890902.4703324,7.0,-2.0,-72.0
1777890902.4803324,7.0,-6.0,-75.0
1777890902.4903324,3.0,-5.0,-78.0
1777890902.5003324,2.0,-6.0,-75.0
1777890902.5103323,3.0,-4.0,-82.0
1777890902.5203323,5.0,-3.0,-77.0
1777890902.5303323,8.0,-6.0,-71.0
1777890902.5403323,6.0,-4.0,-71.0
1777890902.5503323,2.0,-2.0,-73.0
1777890902.5603323,-1.0,0.0,-77.0
1777890902.5703323,0.0,1.0,-79.0
1777890902.5803325,0.0,0.0,-87.0
1777890902.5903325,2.0,0.0,-85.0
1777890902.6003325,0.0,-1.0,-77.0
1777890902.6103325,2.0,2.0,-71.0
1777890902.6203325,0.0,3.0,-65.0
1777890902.6303325,4.0,4.0,-71.0
1777890902.6403325,0.0,3.0,-73.0
1777890902.6503325,-1.0,0.0,-67.0
1777890902.6603324,-2.0,-2.0,-70.0
1777890902.6703324,0.0,-2.0,-79.0
1777890902.6803324,-1.0,0.0,-72.0
1777890902.6903324,0.0,2.0,-65.0
1777890902.7003324,0.0,0.0,-69.0
1777890902.7103324,-2.0,0.0,-75.0
1777890902.7203324,0.0,0.0,-75.0
1777890902.7303324,7.0,2.0,-75.0
1777890902.7403324,8.0,1.0,-68.0
1777890902.7503324,9.0,1.0,-65.0
1777890902.7603323,7.0,-4.0,-65.0
1777890902.7703323,4.0,-1.0,-66.0
1777890902.7803323,3.0,0.0,-64.0
1777890902.7903323,4.0,1.0,-70.0
1777890902.8003323,4.0,2.0,-67.0
1777890902.8103323,6.0,0.0,-67.0
1777890902.8203323,2.0,-3.0,-66.0
1777890902.8303325,1.0,-5.0,-66.0
1777890902.8403325,1.0,-5.0,-77.0
1777890902.8503325,3.0,-4.0,-80.0
1777890902.8603325,1.0,-2.0,-73.0
1777890902.8703325,4.0,0.0,-78.0
1777890902.8803325,5.0,0.0,-78.0
1777890902.8903325,3.0,-2.0,-86.0
1777890902.9003325,4.0,0.0,-86.0
1777890902.9103324,1.0,1.0,-89.0
1777890902.9203324,-5.0,0.0,-87.0
1777890902.9303324,-4.0,-3.0,-78.0
1777890902.9403324,3.0,3.0,-79.0
1777890902.9503324,2.0,0.0,-74.0
1777890902.9603324,-3.0,3.0,-68.0
1777890902.9703324,-5.0,2.0,-59.0
1777890902.9803324,-5.0,0.0,-64.0
1777890902.9903324,1.0,0.0,-62.0
1777890903.0003324,1.0,3.0,-65.0
1777890903.0103323,4.0,2.0,-72.0
1777890903.0203323,0.0,5.0,-76.0
1777890903.0303323,2.0,4.0,-77.0
1777890903.0403323,3.0,1.0,-70.0
1777890903.0503323,0.0,-3.0,-71.0
1777890903.0603323,-4.0,-7.0,-71.0
1777890903.0703323,-5.0,-7.0,-73.0
1777890903.0803325,-2.0,-2.0,-68.0
1777890903.0903325,-2.0,-1.0,-74.0
1777890903.1003325,-2.0,-4.0,-71.0
1777890903.1103325,0.0,0.0,-64.0
1777890903.1203325,-3.0,0.0,-65.0
1777890903.1303325,-2.0,0.0,-65.0
1777890903.1403325,-7.0,0.0,-72.0
1777890903.1503325,-6.0,4.0,-74.0
1777890903.1603324,-4.0,7.0,-83.0
1777890903.1703324,-2.0,6.0,-79.0
1777890903.1803324,-6.0,6.0,-80.0
1777890903.1903324,0.0,0.0,-77.0
1777890903.2003324,0.0,1.0,-79.0
1777890903.2103324,1.0,0.0,-78.0
1777890903.2203324,2.0,0.0,-80.0
1777890903.2303324,1.0,0.0,-82.0
1777890903.2403324,-2.0,4.0,-85.0
1777890903.2503324,0.0,5.0,-86.0
1777890903.2603323,-5.0,4.0,-88.0
1777890903.2703323,-8.0,1.0,-83.0
1777890903.2803323,-13.0,0.0,-77.0
1777890903.2903323,-13.0,2.0,-77.0
1777890903.3003323,-11.0,2.0,-81.0
1777890903.3113325,-9.0,1.0,-79.0
1777890903.3203323,-8.0,0.0,-74.0
1777890903.3313324,-5.0,0.0,-77.0
1777890903.3413324,-7.0,2.0,-79.0
1777890903.3513324,-5.0,2.0,-74.0
1777890903.3613324,-5.0,1.0,-81.0
1777890903.3703325,-3.0,-1.0,-83.0
1777890903.3813324,1.0,0.0,-81.0
1777890903.3913324,5.0,0.0,-78.0
1777890903.4013324,-3.0,-3.0,-83.0
1777890903.4113324,-1.0,0.0,-78.0
1777890903.4213324,0.0,4.0,-81.0
1777890903.4313323,2.0,5.0,-82.0
1777890903.4413323,4.0,6.0,-76.0
1777890903.4513323,3.0,3.0,-72.0
1777890903.4613323,0.0,0.0,-62.0
1777890903.4713323,-3.0,-1.0,-63.0
1777890903.4813323,-4.0,-2.0,-58.0
1777890903.4913323,-5.0,-4.0,-56.0
1777890903.5013323,-6.0,-3.0,-58.0
1777890903.5113325,-3.0,-4.0,-65.0
1777890903.5213325,-1.0,-4.0,-69.0
1777890903.5313325,-3.0,0.0,-65.0
1777890903.5413325,-4.0,0.0,-69.0
1777890903.5513325,-10.0,3.0,-71.0
1777890903.5613325,-9.0,5.0,-81.0
1777890903.5713325,-6.0,5.0,-76.0
1777890903.5813324,-7.0,0.0,-69.0
1777890903.5913324,-8.0,2.0,-69.0
1777890903.6013324,-7.0,0.0,-72.0
1777890903.6113324,-6.0,3.0,-73.0
1777890903.6213324,0.0,6.0,-71.0
1777890903.6313324,0.0,1.0,-68.0
1777890903.6413324,0.0,4.0,-68.0
1777890903.6513324,-4.0,8.0,-67.0
1777890903.6613324,0.0,6.0,-70.0
1777890903.6713324,2.0,7.0,-81.0
1777890903.6813323,3.0,3.0,-86.0
1777890903.6913323,6.0,2.0,-74.0
1777890903.7013323,5.0,0.0,-76.0
1777890903.7113323,5.0,-2.0,-75.0
1777890903.7213323,4.0,-2.0,-69.0
1777890903.7313323,0.0,1.0,-76.0
1777890903.7413323,2.0,3.0,-73.0
1777890903.7513323,0.0,6.0,-70.0
1777890903.7613325,-3.0,4.0,-65.0
1777890903.7713325,0.0,6.0,-68.0
1777890903.7813325,0.0,4.0,-72.0
1777890903.7913325,-1.0,1.0,-67.0
1777890903.8013325,-2.0,0.0,-72.0
1777890903.8113325,-3.0,0.0,-73.0
1777890903.8213325,-1.0,0.0,-68.0
1777890903.8313324,-5.0,2.0,-68.0
1777890903.8413324,-2.0,1.0,-73.0
1777890903.8513324,1.0,3.0,-78.0
1777890903.8613324,0.0,4.0,-76.0
1777890903.8713324,0.0,2.0,-75.0
1777890903.8813324,-4.0,0.0,-70.0
1777890903.8913324,0.0,-2.0,-70.0
1777890903.9013324,0.0,-1.0,-72.0
1777890903.9113324,-3.0,-3.0,-77.0
1777890903.9213324,-5.0,-2.0,-73.0
1777890903.9313323,-6.0,-3.0,-74.0
1777890903.9413323,-4.0,-2.0,-67.0
1777890903.9513323,-3.0,1.0,-67.0
1777890903.9613323,-4.0,-1.0,-63.0
1777890903.9713323,-4.0,0.0,-70.0
1777890903.9813323,-2.0,-5.0,-68.0
1777890903.9913323,-3.0,-4.0,-73.0
1777890904.0013323,-5.0,-1.0,-78.0
1777890904.0113325,0.0,0.0,-79.0
1777890904.0213325,1.0,1.0,-75.0
1777890904.0313325,2.0,3.0,-63.0
1777890904.0413325,5.0,3.0,-59.0
1777890904.0513325,1.0,0.0,-66.0
1777890904.0613325,4.0,-2.0,-68.0
1777890904.0713325,1.0,-2.0,-66.0
1777890904.0813324,0.0,-3.0,-68.0
1777890904.0913324,-1.0,0.0,-62.0
1777890904.1013324,4.0,0.0,-61.0
1777890904.1113324,5.0,-2.0,-60.0
1777890904.1213324,0.0,-4.0,-63.0
1777890904.1313324,-3.0,1.0,-62.0
1777890904.1413324,4.0,-3.0,-65.0
1777890904.1513324,7.0,-3.0,-63.0
1777890904.1613324,9.0,-4.0,-65.0
1777890904.1713324,7.0,-3.0,-65.0
1777890904.1813323,8.0,-2.0,-69.0
1777890904.1913323,2.0,0.0,-68.0
1777890904.2013323,3.0,1.0,-67.0
1777890904.2113323,3.0,-1.0,-73.0
1777890904.2213323,1.0,-3.0,-67.0
1777890904.2313323,1.0,-4.0,-72.0
1777890904.2413323,5.0,0.0,-73.0
1777890904.2513323,9.0,0.0,-78.0
1777890904.2613325,6.0,5.0,-75.0
1777890904.2713325,4.0,3.0,-72.0
1777890904.2813325,3.0,3.0,-80.0
1777890904.2913325,5.0,2.0,-76.0
1777890904.3013325,5.0,2.0,-75.0
1777890904.3113325,6.0,0.0,-74.0
1777890904.3213325,3.0,1.0,-70.0
1777890904.3313324,2.0,0.0,-65.0
1777890904.3413324,0.0,-4.0,-69.0
1777890904.3513324,6.0,-6.0,-68.0
1777890904.3613324,2.0,-4.0,-68.0
1777890904.3713324,1.0,-5.0,-74.0
1777890904.3813324,-3.0,-6.0,-73.0
1777890904.3913324,-8.0,-6.0,-73.0
1777890904.4013324,-5.0,-6.0,-73.0
1777890904.4113324,-2.0,-6.0,-78.0
1777890904.4213324,-5.0,-4.0,-70.0
1777890904.4313323,-2.0,-1.0,-77.0
1777890904.4413323,0.0,0.0,-74.0
1777890904.4513323,-1.0,0.0,-78.0
1777890904.4613323,1.0,0.0,-74.0
1777890904.4713323,3.0,2.0,-63.0
1777890904.4813323,2.0,6.0,-60.0
1777890904.4913323,0.0,5.0,-65.0
1777890904.5013323,0.0,-2.0,-63.0
1777890904.5113325,5.0,-2.0,-63.0
1777890904.5213325,7.0,-3.0,-66.0
1777890904.5313325,10.0,-3.0,-68.0
1777890904.5413325,7.0,-5.0,-74.0
1777890904.5513325,5.0,-2.0,-75.0
1777890904.5613325,1.0,-1.0,-69.0
1777890904.5713325,0.0,-2.0,-68.0
1777890904.5813324,-5.0,-3.0,-61.0
1777890904.5913324,-1.0,-1.0,-56.0
1777890904.6013324,0.0,-1.0,-64.0
1777890904.6113324,0.0,-4.0,-66.0
1777890904.6213324,-5.0,0.0,-61.0
1777890904.6313324,-4.0,4.0,-61.0
1777890904.6413324,-4.0,1.0,-61.0
1777890904.6513324,0.0,-1.0,-63.0
1777890904.6613324,5.0,-3.0,-69.0
1777890904.6713324,10.0,-6.0,-75.0
1777890904.6813323,7.0,-11.0,-76.0
1777890904.6913323,6.0,-12.0,-75.0
1777890904.7013323,7.0,-10.0,-74.0
1777890904.7113323,8.0,-9.0,-78.0
1777890904.7213323,8.0,-6.0,-79.0
1777890904.7313323,5.0,-2.0,-80.0
1777890904.7413323,7.0,2.0,-80.0
1777890904.7513323,3.0,6.0,-78.0
1777890904.7613325,4.0,3.0,-83.0
1777890904.7713325,5.0,0.0,-87.0
1777890904.7813325,-1.0,0.0,-77.0
1777890904.7913325,2.0,0.0,-76.0
1777890904.8013325,5.0,2.0,-77.0
1777890904.8113325,3.0,0.0,-79.0
1777890904.8213325,3.0,2.0,-75.0
1777890904.8313324,-1.0,1.0,-79.0
1777890904.8413324,-3.0,-1.0,-81.0
1777890904.8513324,-4.0,1.0,-71.0
1777890904.8613324,1.0,0.0,-68.0
1777890904.8713324,2.0,-2.0,-69.0
1777890904.8813324,5.0,-6.0,-70.0
1777890904.8913324,9.0,-5.0,-69.0
1777890904.9013324,12.0,-4.0,-65.0
1777890904.9113324,10.0,-1.0,-61.0
1777890904.9213324,8.0,1.0,-62.0
1777890904.9313323,5.0,0.0,-63.0
1777890904.9413323,2.0,-3.0,-62.0
1777890904.9513323,2.0,-6.0,-57.0
1777890904.9613323,4.0,-4.0,-59.0
1777890904.9713323,8.0,-4.0,-52.0
1777890904.9813323,4.0,0.0,-57.0
1777890904.9913323,7.0,-2.0,-58.0
1777890905.0013323,5.0,-3.0,-72.0
1777890905.0113325,3.0,-1.0,-71.0
1777890905.0213325,3.0,-1.0,-73.0
1777890905.0313325,2.0,-2.0,-76.0
1777890905.0413325,1.0,-2.0,-75.0
1777890905.0513325,2.0,3.0,-75.0
1777890905.0613325,5.0,2.0,-71.0
1777890905.0713325,5.0,4.0,-74.0
1777890905.0813324,6.0,2.0,-80.0
1777890905.0913324,6.0,2.0,-84.0
1777890905.1013324,7.0,7.0,-77.0
1777890905.1113324,7.0,8.0,-68.0
1777890905.1213324,9.0,5.0,-65.0
1777890905.1313324,10.0,2.0,-67.0
1777890905.1413324,5.0,1.0,-65.0
1777890905.1513324,3.0,2.0,-72.0
1777890905.1613324,7.0,0.0,-77.0
1777890905.1713324,3.0,0.0,-78.0
1777890905.1813323,2.0,0.0,-77.0
1777890905.1913323,0.0,-1.0,-84.0
1777890905.2013323,0.0,0.0,-89.0
1777890905.2113323,0.0,1.0,-87.0
1777890905.2213323,1.0,-1.0,-75.0
1777890905.2313323,4.0,-1.0,-70.0
1777890905.2413323,4.0,0.0,-67.0
1777890905.2513323,3.0,-3.0,-65.0
1777890905.2613325,6.0,-1.0,-66.0
1777890905.2723324,3.0,-4.0,-65.0
1777890905.2813325,0.0,-2.0,-66.0
1777890905.2923324,-1.0,0.0,-63.0
1777890905.3013325,-3.0,-3.0,-66.0
1777890905.3123324,-1.0,-6.0,-65.0
1777890905.3223324,-1.0,-4.0,-65.0
1777890905.3323324,0.0,-1.0,-64.0
1777890905.3423324,-2.0,-3.0,-66.0
1777890905.3523324,-2.0,-3.0,-66.0
1777890905.3623323,-2.0,0.0,-68.0
1777890905.3723323,1.0,6.0,-78.0
1777890905.3823323,2.0,1.0,-73.0
1777890905.3923323,6.0,0.0,-73.0
1777890905.4023323,5.0,-2.0,-73.0
1777890905.4123323,8.0,0.0,-75.0
1777890905.4223323,7.0,0.0,-75.0
1777890905.4323325,0.0,1.0,-76.0
1777890905.4423325,-2.0,0.0,-73.0
1777890905.4523325,-1.0,0.0,-73.0
1777890905.4623325,-1.0,1.0,-66.0
1777890905.4723325,3.0,0.0,-69.0
1777890905.4823325,7.0,0.0,-70.0
1777890905.4923325,6.0,-3.0,-75.0
1777890905.5023324,10.0,-3.0,-72.0
1777890905.5123324,7.0,-5.0,-72.0
1777890905.5223324,4.0,-5.0,-72.0
1777890905.5323324,0.0,-2.0,-67.0
1777890905.5423324,-2.0,-4.0,-74.0
1777890905.5523324,-6.0,-2.0,-74.0
1777890905.5623324,0.0,1.0,-82.0
1777890905.5723324,2.0,0.0,-82.0
1777890905.5823324,1.0,3.0,-77.0
1777890905.5923324,0.0,1.0,-76.0
1777890905.6023324,0.0,0.0,-78.0
1777890905.6123323,1.0,-1.0,-79.0
1777890905.6223323,-2.0,-1.0,-78.0
1777890905.6323323,-2.0,2.0,-83.0
1777890905.6423323,0.0,0.0,-81.0
1777890905.6523323,-1.0,-5.0,-81.0
1777890905.6623323,-1.0,-7.0,-74.0
1777890905.6723323,0.0,-4.0,-66.0
1777890905.6823325,5.0,0.0,-65.0
1777890905.6923325,5.0,-2.0,-72.0
1777890905.7023325,2.0,-3.0,-75.0
1777890905.7123325,0.0,-2.0,-76.0
1777890905.7223325,0.0,-3.0,-77.0
1777890905.7323325,-3.0,-3.0,-74.0
1777890905.7423325,0.0,-3.0,-76.0
1777890905.7523324,0.0,1.0,-79.0
1777890905.7623324,-1.0,2.0,-81.0
1777890905.7723324,0.0,3.0,-78.0
1777890905.7823324,-3.0,3.0,-77.0
1777890905.7923324,-2.0,3.0,-76.0
1777890905.8023324,1.0,4.0,-73.0
1777890905.8123324,3.0,0.0,-63.0
1777890905.8223324,7.0,-1.0,-62.0
1777890905.8323324,9.0,-2.0,-64.0
1777890905.8423324,11.0,-4.0,-72.0
1777890905.8523324,17.0,-6.0,-71.0
1777890905.8623323,8.0,-7.0,-75.0
1777890905.8723323,6.0,-4.0,-76.0
1777890905.8823323,4.0,0.0,-70.0
1777890905.8923323,3.0,0.0,-66.0
1777890905.9023323,4.0,2.0,-71.0
1777890905.9123323,4.0,2.0,-71.0
1777890905.9223323,-4.0,2.0,-78.0
1777890905.9323325,-4.0,1.0,-76.0
1777890905.9423325,-4.0,-1.0,-77.0
1777890905.9523325,-4.0,0.0,-80.0
1777890905.9623325,-1.0,-2.0,-91.0
1777890905.9723325,2.0,0.0,-90.0
1777890905.9823325,3.0,-3.0,-89.0
1777890905.9923325,6.0,-6.0,-83.0
1777890906.0023324,4.0,-6.0,-78.0
1777890906.0123324,-3.0,-9.0,-71.0
1777890906.0223324,-2.0,-6.0,-63.0
1777890906.0323324,1.0,-5.0,-66.0
1777890906.0423324,1.0,-4.0,-68.0
1777890906.0523324,-2.0,-7.0,-71.0
1777890906.0623324,0.0,-4.0,-67.0
1777890906.0723324,0.0,-3.0,-70.0
1777890906.0823324,2.0,-1.0,-70.0
1777890906.0923324,6.0,-1.0,-76.0
1777890906.1023324,7.0,-1.0,-69.0
1777890906.1123323,5.0,-1.0,-69.0
1777890906.1223323,2.0,3.0,-72.0
1777890906.1323323,1.0,3.0,-69.0
1777890906.1423323,0.0,-2.0,-74.0
1777890906.1523323,-1.0,-2.0,-73.0
1777890906.1623323,-2.0,-1.0,-69.0
1777890906.1723323,-4.0,1.0,-68.0
1777890906.1823325,-6.0,-3.0,-65.0
1777890906.1923325,-1.0,-1.0,-59.0
1777890906.2023325,-5.0,-2.0,-63.0
1777890906.2123325,-2.0,-3.0,-64.0
1777890906.2223325,-3.0,-3.0,-65.0
1777890906.2323325,-5.0,-3.0,-67.0
1777890906.2423325,-1.0,3.0,-73.0
1777890906.2523324,0.0,0.0,-76.0
1777890906.2623324,0.0,-1.0,-77.0
1777890906.2723324,2.0,0.0,-80.0
1777890906.2823324,5.0,-3.0,-86.0
1777890906.2923324,5.0,-1.0,-85.0
1777890906.3023324,6.0,2.0,-78.0
1777890906.3123324,3.0,0.0,-75.0
1777890906.3223324,1.0,0.0,-75.0
1777890906.3323324,4.0,0.0,-77.0
1777890906.3423324,5.0,-4.0,-78.0
1777890906.3523324,2.0,-5.0,-74.0
1777890906.3623323,2.0,-5.0,-76.0
1777890906.3723323,1.0,-7.0,-75.0
1777890906.3823323,-1.0,-8.0,-81.0
1777890906.3923323,-1.0,-7.0,-85.0
1777890906.4023323,1.0,1.0,-84.0
1777890906.4123323,3.0,0.0,-80.0
1777890906.4223323,6.0,2.0,-79.0
1777890906.4323325,10.0,2.0,-75.0
1777890906.4423325,8.0,5.0,-74.0
1777890906.4523325,5.0,6.0,-75.0
1777890906.4623325,5.0,6.0,-78.0
1777890906.4723325,3.0,3.0,-78.0
1777890906.4823325,2.0,0.0,-75.0
1777890906.4923325,3.0,2.0,-75.0
1777890906.5023324,4.0,2.0,-76.0
1777890906.5123324,2.0,2.0,-75.0
1777890906.5223324,2.0,4.0,-76.0
1777890906.5323324,0.0,4.0,-80.0
1777890906.5423324,-3.0,-3.0,-72.0
1777890906.5523324,-6.0,-3.0,-73.0
1777890906.5623324,-3.0,-6.0,-76.0
1777890906.5723324,-2.0,-6.0,-78.0
1777890906.5823324,-2.0,-4.0,-86.0
1777890906.5923324,-1.0,-2.0,-87.0
1777890906.6023324,2.0,-2.0,-87.0
1777890906.6123323,2.0,0.0,-85.0
1777890906.6223323,-2.0,0.0,-77.0
1777890906.6323323,-6.0,-2.0,-70.0
1777890906.6423323,-3.0,-1.0,-69.0
1777890906.6523323,0.0,2.0,-72.0
1777890906.6623323,2.0,7.0,-70.0
1777890906.6723323,-3.0,0.0,-71.0
1777890906.6823325,-1.0,-2.0,-71.0
1777890906.6923325,-3.0,-2.0,-72.0
1777890906.7023325,-7.0,-2.0,-68.0
1777890906.7123325,-6.0,-1.0,-71.0
1777890906.7223325,-5.0,-4.0,-66.0
1777890906.7323325,1.0,-2.0,-74.0
1777890906.7423325,0.0,0.0,-76.0
1777890906.7523324,-2.0,0.0,-81.0
1777890906.7623324,0.0,0.0,-76.0
1777890906.7723324,-2.0,0.0,-78.0
1777890906.7823324,-2.0,3.0,-80.0
1777890906.7923324,-3.0,3.0,-79.0
1777890906.8023324,0.0,-1.0,-80.0
1777890906.8123324,0.0,-4.0,-80.0
1777890906.8223324,2.0,-5.0,-77.0
1777890906.8323324,1.0,-2.0,-74.0
1777890906.8423324,0.0,-4.0,-73.0
1777890906.8523324,2.0,-4.0,-71.0
1777890906.8623323,3.0,-5.0,-70.0
1777890906.8723323,2.0,-2.0,-71.0
1777890906.8823323,0.0,-1.0,-70.0
1777890906.8923323,3.0,1.0,-66.0
1777890906.9023323,4.0,1.0,-64.0
1777890906.9123323,2.0,0.0,-63.0
1777890906.9223323,2.0,0.0,-61.0
1777890906.9323325,2.0,0.0,-64.0
1777890906.9423325,0.0,-3.0,-68.0
1777890906.9523325,-2.0,-5.0,-77.0
1777890906.9623325,0.0,-2.0,-77.0
1777890906.9723325,2.0,-1.0,-69.0
1777890906.9823325,0.0,-4.0,-65.0
1777890906.9923325,1.0,-4.0,-67.0
1777890907.0023324,4.0,0.0,-58.0
1777890907.0123324,1.0,1.0,-62.0
1777890907.0223324,0.0,0.0,-64.0
1777890907.0323324,2.0,2.0,-65.0
1777890907.0423324,4.0,1.0,-70.0
1777890907.0523324,3.0,0.0,-72.0
1777890907.0623324,2.0,0.0,-76.0
1777890907.0723324,5.0,0.0,-81.0
1777890907.0823324,6.0,-2.0,-79.0
1777890907.0923324,7.0,0.0,-77.0
1777890907.1023324,6.0,-1.0,-80.0
1777890907.1123323,1.0,-1.0,-80.0
1777890907.1223323,0.0,0.0,-83.0
1777890907.1323323,3.0,0.0,-86.0
1777890907.1423323,3.0,3.0,-84.0
1777890907.1523323,3.0,9.0,-73.0
1777890907.1623323,4.0,7.0,-70.0
1777890907.1723323,3.0,5.0,-67.0
1777890907.1823325,6.0,3.0,-66.0
1777890907.1923325,6.0,-2.0,-62.0
1777890907.2023325,4.0,-1.0,-67.0
1777890907.2123325,5.0,-2.0,-71.0
1777890907.2223325,7.0,3.0,-70.0
1777890907.2323325,9.0,7.0,-67.0
1777890907.2423325,7.0,12.0,-74.0
1777890907.2523324,3.0,10.0,-78.0
1777890907.2623324,3.0,3.0,-80.0
1777890907.2723324,5.0,-3.0,-77.0
1777890907.2823324,8.0,0.0,-73.0
1777890907.2933323,7.0,3.0,-73.0
1777890907.3033323,6.0,5.0,-78.0
1777890907.3133323,5.0,1.0,-79.0
1777890907.3233323,0.0,0.0,-72.0
1777890907.3333323,-2.0,1.0,-69.0
1777890907.3433323,1.0,1.0,-70.0
1777890907.3533323,3.0,0.0,-74.0
1777890907.3633325,-1.0,-1.0,-75.0
1777890907.3733325,-6.0,-3.0,-74.0
1777890907.3833325,-6.0,-4.0,-70.0
1777890907.3933325,-4.0,-7.0,-73.0
1777890907.4033325,-2.0,-2.0,-78.0
1777890907.4133325,-2.0,-2.0,-77.0
1777890907.4233325,-2.0,0.0,-76.0
1777890907.4333324,0.0,-1.0,-75.0
1777890907.4433324,2.0,3.0,-72.0
1777890907.4533324,0.0,8.0,-75.0
1777890907.4633324,5.0,9.0,-78.0
1777890907.4733324,3.0,3.0,-70.0
1777890907.4833324,3.0,1.0,-66.0
1777890907.4933324,2.0,2.0,-66.0
1777890907.5033324,0.0,0.0,-76.0
1777890907.5133324,-2.0,0.0,-82.0
1777890907.5233324,0.0,-1.0,-76.0
1777890907.5333323,-2.0,0.0,-72.0
1777890907.5433323,-5.0,-2.0,-69.0
1777890907.5533323,-2.0,-3.0,-78.0
1777890907.5633323,1.0,-3.0,-82.0
1777890907.5733323,4.0,-3.0,-75.0
1777890907.5833323,3.0,-3.0,-74.0
1777890907.5933323,0.0,-1.0,-80.0
1777890907.6033323,1.0,0.0,-81.0
1777890907.6133325,-3.0,-2.0,-79.0
1777890907.6233325,-4.0,-2.0,-81.0
1777890907.6333325,-2.0,-3.0,-81.0
1777890907.6433325,0.0,-2.0,-81.0
1777890907.6533325,0.0,3.0,-77.0
1777890907.6633325,-2.0,2.0,-84.0
1777890907.6733325,1.0,-2.0,-79.0
1777890907.6833324,0.0,-5.0,-77.0
1777890907.6933324,0.0,-3.0,-71.0
1777890907.7033324,0.0,0.0,-68.0
1777890907.7133324,0.0,1.0,-72.0
1777890907.7233324,1.0,0.0,-80.0
1777890907.7333324,2.0,0.0,-77.0
1777890907.7433324,5.0,1.0,-73.0
1777890907.7533324,10.0,-1.0,-76.0
1777890907.7633324,8.0,1.0,-71.0
1777890907.7733324,0.0,2.0,-69.0
1777890907.7833323,-3.0,4.0,-67.0
1777890907.7933323,-3.0,4.0,-73.0
1777890907.8033323,1.0,2.0,-76.0
1777890907.8133323,-4.0,0.0,-73.0
1777890907.8233323,0.0,-1.0,-71.0
1777890907.8333323,-3.0,-3.0,-73.0
1777890907.8433323,-1.0,-4.0,-74.0
1777890907.8533323,-3.0,-5.0,-73.0
1777890907.8633325,-2.0,0.0,-70.0
1777890907.8733325,3.0,-2.0,-72.0
1777890907.8833325,0.0,1.0,-73.0
1777890907.8933325,-1.0,4.0,-73.0
1777890907.9033325,0.0,5.0,-73.0
1777890907.9133325,0.0,5.0,-79.0
1777890907.9233325,-3.0,6.0,-79.0
1777890907.9333324,-3.0,0.0,-72.0
1777890907.9433324,-6.0,0.0,-70.0
1777890907.9533324,-2.0,-2.0,-74.0
1777890907.9633324,2.0,0.0,-72.0
1777890907.9733324,0.0,0.0,-78.0
1777890907.9833324,0.0,1.0,-77.0
1777890907.9933324,0.0,0.0,-81.0
1777890908.0033324,4.0,-1.0,-77.0
1777890908.0133324,2.0,-3.0,-73.0
1777890908.0233324,5.0,-1.0,-73.0
1777890908.0333323,9.0,-2.0,-74.0
1777890908.0433323,11.0,-6.0,-75.0
1777890908.0533323,5.0,-5.0,-73.0
1777890908.0633323,4.0,-8.0,-76.0
1777890908.0733323,4.0,-6.0,-77.0
1777890908.0833323,4.0,-2.0,-79.0
1777890908.0933323,-1.0,-3.0,-73.0
1777890908.1033323,-1.0,0.0,-71.0
1777890908.1133325,0.0,0.0,-71.0
1777890908.1233325,5.0,0.0,-73.0
1777890908.1333325,6.0,-2.0,-71.0
1777890908.1433325,5.0,2.0,-72.0
1777890908.1533325,5.0,1.0,-68.0
1777890908.1633325,1.0,0.0,-62.0
1777890908.1733325,-2.0,3.0,-67.0
1777890908.1833324,0.0,3.0,-69.0
1777890908.1933324,2.0,-1.0,-75.0
1777890908.2033324,4.0,-4.0,-72.0
1777890908.2133324,0.0,0.0,-73.0
1777890908.2233324,0.0,0.0,-76.0
1777890908.2333324,1.0,1.0,-78.0
1777890908.2433324,1.0,0.0,-76.0
1777890908.2533324,1.0,-1.0,-74.0
1777890908.2633324,2.0,-2.0,-72.0
1777890908.2733324,3.0,-2.0,-68.0
1777890908.2833323,0.0,-3.0,-70.0
1777890908.2933323,1.0,-1.0,-72.0
1777890908.3033323,4.0,-2.0,-70.0
1777890908.3133323,3.0,-1.0,-76.0
1777890908.3233323,2.0,-5.0,-76.0
1777890908.3333323,0.0,-2.0,-84.0
1777890908.3433323,3.0,-2.0,-85.0
1777890908.3533323,7.0,-2.0,-83.0
1777890908.3633325,6.0,-2.0,-79.0
1777890908.3733325,7.0,-2.0,-75.0
1777890908.3833325,7.0,-2.0,-70.0
1777890908.3933325,10.0,-2.0,-72.0
1777890908.4033325,5.0,-2.0,-73.0
1777890908.4133325,4.0,0.0,-69.0
1777890908.4233325,0.0,2.0,-75.0
1777890908.4333324,2.0,-2.0,-75.0
1777890908.4433324,4.0,-3.0,-74.0
1777890908.4533324,5.0,-4.0,-74.0
1777890908.4633324,1.0,-7.0,-71.0
1777890908.4733324,2.0,-5.0,-71.0
1777890908.4833324,-3.0,-2.0,-69.0
1777890908.4933324,-2.0,0.0,-69.0
1777890908.5033324,0.0,-1.0,-65.0
1777890908.5133324,0.0,0.0,-65.0
1777890908.5233324,0.0,-3.0,-68.0
1777890908.5333323,2.0,-4.0,-59.0
1777890908.5433323,0.0,-2.0,-55.0
1777890908.5533323,2.0,-4.0,-62.0
1777890908.5633323,2.0,-3.0,-67.0
1777890908.5733323,0.0,-2.0,-63.0
1777890908.5833323,1.0,-1.0,-62.0
1777890908.5933323,6.0,2.0,-62.0
1777890908.6033323,5.0,1.0,-63.0
1777890908.6133325,1.0,0.0,-72.0
1777890908.6233325,0.0,0.0,-70.0
1777890908.6333325,-3.0,1.0,-66.0
1777890908.6433325,-3.0,2.0,-63.0
1777890908.6533325,-3.0,0.0,-67.0
1777890908.6633325,-2.0,-2.0,-69.0
1777890908.6733325,-1.0,1.0,-67.0
1777890908.6833324,-2.0,2.0,-70.0
1777890908.6933324,-2.0,0.0,-75.0
1777890908.7033324,0.0,0.0,-78.0
1777890908.7133324,3.0,-2.0,-76.0
1777890908.7233324,4.0,-4.0,-71.0
1777890908.7333324,4.0,0.0,-74.0
1777890908.7433324,6.0,0.0,-70.0
1777890908.7533324,9.0,4.0,-73.0
1777890908.7633324,2.0,6.0,-72.0
1777890908.7733324,2.0,5.0,-75.0
1777890908.7833323,1.0,2.0,-71.0
1777890908.7933323,-4.0,2.0,-67.0
1777890908.8033323,-2.0,0.0,-65.0
1777890908.8133323,0.0,2.0,-64.0
1777890908.8233323,-1.0,6.0,-62.0
1777890908.8333323,-1.0,0.0,-66.0
1777890908.8433323,1.0,1.0,-72.0
1777890908.8533323,2.0,1.0,-69.0
1777890908.8633325,0.0,-2.0,-65.0
1777890908.8733325,0.0,-1.0,-64.0
1777890908.8833325,3.0,-1.0,-65.0
1777890908.8933325,2.0,-1.0,-68.0
1777890908.9033325,4.0,-4.0,-73.0
1777890908.9133325,8.0,-1.0,-78.0
1777890908.9233325,8.0,0.0,-76.0
1777890908.9333324,10.0,-2.0,-77.0
1777890908.9433324,8.0,-3.0,-77.0
1777890908.9533324,6.0,-3.0,-68.0
1777890908.9633324,2.0,-3.0,-72.0
1777890908.9733324,0.0,-2.0,-73.0
1777890908.9833324,0.0,-3.0,-68.0
1777890908.9933324,3.0,-3.0,-79.0
1777890909.0033324,-4.0,-6.0,-85.0
1777890909.0133324,-8.0,-1.0,-85.0
1777890909.0233324,-10.0,-2.0,-90.0
1777890909.0333323,-5.0,-2.0,-85.0
1777890909.0433323,-2.0,0.0,-79.0
1777890909.0533323,0.0,-1.0,-79.0
1777890909.0633323,0.0,0.0,-78.0
1777890909.0733323,1.0,0.0,-83.0
1777890909.0833323,2.0,0.0,-82.0
1777890909.0933323,1.0,1.0,-85.0
1777890909.1033323,-3.0,-1.0,-84.0
1777890909.1133325,-3.0,0.0,-82.0
1777890909.1233325,4.0,1.0,-72.0
1777890909.1333325,3.0,5.0,-72.0
1777890909.1433325,-1.0,8.0,-71.0
1777890909.1533325,-1.0,4.0,-67.0
1777890909.1633325,0.0,-1.0,-67.0
1777890909.1733325,0.0,-1.0,-70.0
1777890909.1833324,1.0,1.0,-69.0
1777890909.1933324,4.0,2.0,-67.0
1777890909.2033324,5.0,0.0,-61.0
1777890909.2133324,2.0,0.0,-65.0
1777890909.2233324,-2.0,2.0,-66.0
1777890909.2343323,0.0,0.0,-66.0
1777890909.2433324,-1.0,-1.0,-67.0
1777890909.2533324,-1.0,2.0,-64.0
1777890909.2633324,0.0,3.0,-62.0
1777890909.2733324,-4.0,5.0,-66.0
1777890909.2833323,0.0,5.0,-61.0
1777890909.2943325,2.0,5.0,-62.0
1777890909.3043325,5.0,4.0,-65.0
1777890909.3143325,9.0,2.0,-69.0
1777890909.3243325,10.0,-2.0,-68.0
1777890909.3343325,9.0,0.0,-72.0
1777890909.3443325,6.0,-1.0,-72.0
1777890909.3543324,1.0,-1.0,-74.0
1777890909.3643324,1.0,-3.0,-68.0
1777890909.3743324,2.0,-2.0,-76.0
1777890909.3843324,1.0,-3.0,-76.0
1777890909.3943324,6.0,0.0,-78.0
1777890909.4043324,6.0,1.0,-71.0
1777890909.4143324,6.0,3.0,-74.0
1777890909.4243324,3.0,5.0,-73.0
1777890909.4343324,3.0,2.0,-73.0
1777890909.4443324,1.0,3.0,-65.0
1777890909.4543324,1.0,1.0,-70.0
1777890909.4643323,2.0,-1.0,-71.0
1777890909.4743323,0.0,0.0,-72.0
1777890909.4843323,0.0,1.0,-76.0
1777890909.4943323,0.0,-2.0,-81.0
1777890909.5043323,-3.0,0.0,-80.0
1777890909.5143323,1.0,1.0,-74.0
1777890909.5243323,0.0,0.0,-71.0
1777890909.5343325,-4.0,-2.0,-68.0
1777890909.5443325,-4.0,-6.0,-62.0
1777890909.5543325,1.0,-4.0,-64.0
1777890909.5643325,0.0,-7.0,-60.0
1777890909.5743325,-1.0,-8.0,-62.0
1777890909.5843325,-2.0,-3.0,-69.0
1777890909.5943325,-3.0,1.0,-67.0
1777890909.6043324,3.0,0.0,-68.0
1777890909.6143324,6.0,-3.0,-70.0
1777890909.6243324,6.0,-3.0,-73.0
1777890909.6343324,5.0,-7.0,-61.0
1777890909.6443324,1.0,0.0,-67.0
1777890909.6543324,0.0,-3.0,-72.0
1777890909.6643324,1.0,-2.0,-68.0
1777890909.6743324,0.0,-2.0,-74.0
1777890909.6843324,2.0,1.0,-78.0
1777890909.6943324,0.0,0.0,-71.0
1777890909.7043324,0.0,0.0,-74.0
1777890909.7143323,-1.0,-2.0,-68.0
1777890909.7243323,-2.0,1.0,-72.0
1777890909.7343323,-7.0,5.0,-71.0
1777890909.7443323,-5.0,1.0,-73.0
1777890909.7543323,-3.0,1.0,-72.0
1777890909.7643323,-1.0,2.0,-71.0
1777890909.7743323,0.0,4.0,-75.0
1777890909.7843325,-2.0,4.0,-76.0
1777890909.7943325,-4.0,5.0,-72.0
1777890909.8043325,-1.0,1.0,-70.0
1777890909.8143325,-1.0,3.0,-66.0
1777890909.8243325,4.0,1.0,-69.0
1777890909.8343325,5.0,-2.0,-73.0
1777890909.8443325,0.0,-3.0,-68.0
1777890909.8543324,1.0,-1.0,-67.0
1777890909.8643324,2.0,3.0,-70.0
1777890909.8743324,0.0,2.0,-70.0
1777890909.8843324,-1.0,2.0,-66.0
1777890909.8943324,-3.0,2.0,-70.0
1777890909.9043324,-2.0,4.0,-70.0
1777890909.9143324,-3.0,3.0,-68.0
1777890909.9243324,-3.0,3.0,-68.0
1777890909.9343324,0.0,6.0,-74.0
1777890909.9443324,0.0,5.0,-72.0
1777890909.9543324,1.0,4.0,-77.0
1777890909.9643323,4.0,0.0,-77.0
1777890909.9743323,0.0,-4.0,-80.0
1777890909.9843323,2.0,-3.0,-79.0
1777890909.9943323,2.0,-3.0,-84.0
1777890910.0043323,2.0,-2.0,-78.0
1777890910.0143323,3.0,-1.0,-84.0
1777890910.0243323,0.0,0.0,-90.0
1777890910.0343325,-2.0,0.0,-86.0
1777890910.0443325,-2.0,2.0,-80.0
1777890910.0543325,-2.0,0.0,-70.0
1777890910.0643325,0.0,-1.0,-68.0
1777890910.0743325,-1.0,-3.0,-72.0
1777890910.0843325,-1.0,-4.0,-72.0
1777890910.0943325,-3.0,-4.0,-76.0
1777890910.1043324,-2.0,-2.0,-76.0
1777890910.1143324,-6.0,0.0,-79.0
1777890910.1243324,-4.0,0.0,-71.0
1777890910.1343324,-1.0,0.0,-77.0
1777890910.1443324,1.0,2.0,-83.0
1777890910.1543324,0.0,-1.0,-79.0
1777890910.1643324,4.0,-2.0,-79.0
1777890910.1743324,5.0,-2.0,-77.0
1777890910.1843324,4.0,-2.0,-78.0
1777890910.1943324,0.0,-2.0,-74.0
1777890910.2043324,0.0,-4.0,-73.0
1777890910.2143323,1.0,-4.0,-72.0
1777890910.2243323,5.0,0.0,-73.0
1777890910.2343323,7.0,-1.0,-76.0
1777890910.2443323,2.0,-1.0,-72.0
1777890910.2543323,0.0,0.0,-75.0
1777890910.2643323,0.0,-2.0,-78.0
1777890910.2743323,0.0,0.0,-80.0
1777890910.2843325,-3.0,-6.0,-77.0
1777890910.2943325,0.0,-3.0,-75.0
1777890910.3043325,-2.0,-3.0,-73.0
1777890910.3143325,-2.0,-5.0,-71.0
1777890910.3243325,-2.0,-7.0,-82.0
1777890910.3343325,-1.0,-3.0,-79.0
1777890910.3443325,-1.0,2.0,-75.0
1777890910.3543324,4.0,0.0,-69.0
1777890910.3643324,6.0,0.0,-69.0
1777890910.3743324,6.0,0.0,-67.0
1777890910.3843324,4.0,1.0,-70.0
1777890910.3943324,3.0,2.0,-72.0
1777890910.4043324,1.0,1.0,-71.0
1777890910.4143324,1.0,-5.0,-69.0
1777890910.4243324,1.0,0.0,-74.0
1777890910.4343324,2.0,-4.0,-76.0
1777890910.4443324,5.0,1.0,-75.0
1777890910.4543324,5.0,2.0,-68.0
1777890910.4643323,7.0,2.0,-71.0
1777890910.4743323,6.0,0.0,-73.0
1777890910.4843323,8.0,0.0,-72.0
1777890910.4943323,5.0,0.0,-68.0
1777890910.5043323,5.0,-1.0,-63.0
1777890910.5143323,3.0,0.0,-68.0
1777890910.5243323,2.0,-2.0,-73.0
1777890910.5343325,0.0,-3.0,-74.0
1777890910.5443325,-1.0,-2.0,-74.0
1777890910.5543325,-1.0,-1.0,-78.0
1777890910.5643325,0.0,3.0,-76.0
1777890910.5743325,2.0,0.0,-77.0
1777890910.5843325,0.0,0.0,-79.0
1777890910.5943325,1.0,1.0,-74.0
1777890910.6043324,3.0,0.0,-76.0
1777890910.6143324,7.0,-1.0,-80.0
1777890910.6243324,9.0,-2.0,-78.0
1777890910.6343324,12.0,-2.0,-75.0
1777890910.6443324,10.0,0.0,-74.0
1777890910.6543324,8.0,0.0,-78.0
1777890910.6643324,6.0,0.0,-84.0
1777890910.6743324,3.0,-5.0,-77.0
1777890910.6843324,10.0,-4.0,-74.0
1777890910.6943324,11.0,-2.0,-65.0
1777890910.7043324,5.0,0.0,-59.0
1777890910.7143323,1.0,-2.0,-55.0
1777890910.7243323,4.0,-4.0,-57.0
1777890910.7343323,-3.0,-4.0,-60.0
1777890910.7443323,-6.0,-4.0,-60.0
1777890910.7543323,-3.0,-4.0,-59.0
1777890910.7643323,-1.0,-8.0,-67.0
1777890910.7743323,-1.0,-6.0,-70.0
1777890910.7843325,-2.0,-10.0,-65.0
1777890910.7943325,0.0,-8.0,-59.0
1777890910.8043325,1.0,-4.0,-61.0
1777890910.8143325,1.0,-1.0,-65.0
1777890910.8243325,1.0,-2.0,-64.0
1777890910.8343325,3.0,-2.0,-69.0
1777890910.8443325,2.0,0.0,-75.0
1777890910.8543324,4.0,-1.0,-71.0
1777890910.8643324,1.0,-1.0,-72.0
1777890910.8743324,-2.0,0.0,-76.0
1777890910.8843324,0.0,2.0,-80.0
1777890910.8943324,1.0,5.0,-83.0
1777890910.9043324,2.0,5.0,-87.0
1777890910.9143324,4.0,0.0,-86.0
1777890910.9243324,7.0,3.0,-86.0
1777890910.9343324,6.0,3.0,-87.0
1777890910.9443324,4.0,0.0,-80.0
1777890910.9543324,0.0,-3.0,-81.0
1777890910.9643323,4.0,-1.0,-82.0
1777890910.9743323,0.0,-2.0,-80.0
1777890910.9843323,1.0,-6.0,-82.0
1777890910.9943323,0.0,-5.0,-79.0
1777890911.0043323,-3.0,-5.0,-81.0
1777890911.0143323,0.0,-2.0,-78.0
1777890911.0243323,3.0,-1.0,-76.0
1777890911.0343325,2.0,4.0,-76.0
1777890911.0443325,2.0,1.0,-77.0
1777890911.0543325,0.0,1.0,-76.0
1777890911.0643325,-5.0,0.0,-73.0
1777890911.0743325,-5.0,1.0,-73.0
1777890911.0843325,-2.0,3.0,-75.0
1777890911.0943325,4.0,7.0,-73.0
1777890911.1043324,4.0,7.0,-73.0
1777890911.1143324,5.0,7.0,-70.0
1777890911.1243324,2.0,6.0,-72.0
1777890911.1343324,2.0,3.0,-69.0
1777890911.1443324,1.0,2.0,-74.0
1777890911.1543324,6.0,2.0,-78.0
1777890911.1643324,1.0,4.0,-80.0
1777890911.1743324,-2.0,6.0,-76.0
1777890911.1843324,-3.0,4.0,-76.0
1777890911.1943324,-3.0,0.0,-70.0
1777890911.2043324,-1.0,-3.0,-68.0
1777890911.2143323,-3.0,-4.0,-72.0
1777890911.2253325,-6.0,-1.0,-72.0
1777890911.2343323,-7.0,-3.0,-75.0
1777890911.2443323,-6.0,-5.0,-73.0
1777890911.2543323,-2.0,-2.0,-68.0
1777890911.2643323,-4.0,0.0,-70.0
1777890911.2753325,-5.0,3.0,-74.0
1777890911.2853324,-3.0,-1.0,-67.0
1777890911.2953324,3.0,-2.0,-66.0
1777890911.3053324,2.0,1.0,-69.0
1777890911.3153324,5.0,1.0,-71.0
1777890911.3253324,1.0,4.0,-68.0
1777890911.3353324,1.0,1.0,-61.0
1777890911.3453324,0.0,1.0,-67.0
1777890911.3553324,-1.0,3.0,-66.0
1777890911.3653324,-3.0,3.0,-70.0
1777890911.3753324,-5.0,0.0,-73.0
1777890911.3853323,-9.0,0.0,-74.0
1777890911.3953323,-4.0,0.0,-74.0
1777890911.4053323,-1.0,-2.0,-78.0
1777890911.4153323,3.0,-5.0,-76.0
1777890911.4253323,2.0,-4.0,-80.0
1777890911.4353323,2.0,-7.0,-73.0
1777890911.4453323,4.0,-7.0,-74.0
1777890911.4553325,2.0,-4.0,-67.0
1777890911.4653325,1.0,-5.0,-70.0
1777890911.4753325,0.0,-5.0,-70.0
1777890911.4853325,-7.0,-2.0,-71.0
1777890911.4953325,-5.0,-2.0,-78.0
1777890911.5053325,0.0,0.0,-79.0
1777890911.5153325,-1.0,-1.0,-77.0
1777890911.5253325,-1.0,0.0,-75.0
1777890911.5353324,0.0,-4.0,-77.0
1777890911.5453324,4.0,-8.0,-76.0
1777890911.5553324,6.0,-8.0,-79.0
1777890911.5653324,5.0,-3.0,-79.0
1777890911.5753324,5.0,0.0,-77.0
1777890911.5853324,9.0,0.0,-75.0
1777890911.5953324,10.0,2.0,-76.0
1777890911.6053324,4.0,-3.0,-73.0
1777890911.6153324,0.0,-3.0,-71.0
1777890911.6253324,-3.0,-8.0,-71.0
1777890911.6353323,-1.0,-7.0,-68.0
1777890911.6453323,-5.0,-3.0,-71.0
1777890911.6553323,-3.0,-4.0,-71.0
1777890911.6653323,-3.0,-6.0,-64.0
1777890911.6753323,-2.0,-5.0,-57.0
1777890911.6853323,-3.0,-2.0,-62.0
1777890911.6953323,-4.0,-1.0,-63.0
1777890911.7053325,-7.0,-2.0,-71.0
1777890911.7153325,-5.0,0.0,-76.0
1777890911.7253325,-6.0,0.0,-73.0
1777890911.7353325,-5.0,0.0,-73.0
1777890911.7453325,-1.0,-3.0,-73.0
1777890911.7553325,-3.0,-4.0,-71.0
1777890911.7653325,-2.0,-3.0,-77.0
1777890911.7753325,3.0,-2.0,-76.0
1777890911.7853324,2.0,-1.0,-76.0
1777890911.7953324,2.0,-1.0,-74.0
1777890911.8053324,5.0,0.0,-79.0
1777890911.8153324,4.0,-2.0,-81.0
1777890911.8253324,3.0,-3.0,-71.0
1777890911.8353324,4.0,-4.0,-69.0
1777890911.8453324,-2.0,-1.0,-71.0
1777890911.8553324,-4.0,-1.0,-72.0
1777890911.8653324,-5.0,0.0,-69.0
1777890911.8753324,-2.0,1.0,-68.0
1777890911.8853323,-2.0,-2.0,-64.0
1777890911.8953323,-6.0,-5.0,-61.0
1777890911.9053323,-4.0,0.0,-57.0
1777890911.9153323,-1.0,0.0,-52.0
1777890911.9253323,-1.0,-3.0,-56.0
1777890911.9353323,1.0,-2.0,-59.0
1777890911.9453323,2.0,-3.0,-70.0
1777890911.9553325,5.0,0.0,-77.0
1777890911.9653325,2.0,2.0,-78.0
1777890911.9753325,2.0,2.0,-90.0
1777890911.9853325,4.0,3.0,-85.0
1777890911.9953325,7.0,6.0,-79.0
1777890912.0053325,4.0,3.0,-75.0
1777890912.0153325,0.0,1.0,-80.0
1777890912.0253325,3.0,0.0,-74.0
1777890912.0353324,1.0,2.0,-73.0
1777890912.0453324,5.0,-1.0,-73.0
1777890912.0553324,8.0,-2.0,-72.0
1777890912.0653324,7.0,-2.0,-68.0
1777890912.0753324,6.0,-4.0,-68.0
1777890912.0853324,6.0,-7.0,-78.0
1777890912.0953324,8.0,-8.0,-78.0
1777890912.1053324,9.0,-7.0,-81.0
1777890912.1153324,10.0,-7.0,-75.0
1777890912.1253324,8.0,-8.0,-69.0
1777890912.1353323,8.0,-7.0,-68.0
1777890912.1453323,5.0,-4.0,-70.0
1777890912.1553323,6.0,0.0,-71.0
1777890912.1653323,4.0,0.0,-72.0
1777890912.1753323,1.0,1.0,-68.0
1777890912.1853323,0.0,2.0,-66.0
1777890912.1953323,-1.0,2.0,-58.0
1777890912.2053325,0.0,-1.0,-59.0
1777890912.2153325,2.0,-2.0,-63.0
1777890912.2253325,0.0,2.0,-64.0
1777890912.2353325,0.0,0.0,-70.0
1777890912.2453325,2.0,-3.0,-74.0
1777890912.2553325,0.0,0.0,-71.0
1777890912.2653325,-3.0,-1.0,-72.0
1777890912.2753325,-2.0,-1.0,-70.0
1777890912.2853324,2.0,-4.0,-73.0
1777890912.2953324,6.0,-6.0,-77.0
1777890912.3053324,7.0,-8.0,-76.0
1777890912.3153324,6.0,-7.0,-73.0
1777890912.3253324,7.0,-4.0,-72.0
1777890912.3353324,6.0,0.0,-68.0
1777890912.3453324,2.0,1.0,-63.0
1777890912.3553324,1.0,0.0,-56.0
1777890912.3653324,5.0,-3.0,-57.0
1777890912.3753324,4.0,-2.0,-68.0
1777890912.3853323,3.0,-3.0,-69.0
1777890912.3953323,2.0,0.0,-70.0
1777890912.4053323,4.0,0.0,-71.0
1777890912.4153323,1.0,2.0,-74.0
1777890912.4253323,-1.0,1.0,-75.0
1777890912.4353323,-9.0,1.0,-73.0
1777890912.4453323,-12.0,1.0,-74.0
1777890912.4553325,-8.0,-3.0,-75.0
1777890912.4653325,-7.0,-2.0,-73.0
1777890912.4753325,-10.0,-2.0,-78.0
1777890912.4853325,-11.0,-2.0,-81.0
1777890912.4953325,-7.0,-2.0,-78.0
1777890912.5053325,-4.0,-6.0,-75.0
1777890912.5153325,-2.0,-6.0,-76.0
1777890912.5253325,-8.0,-6.0,-83.0
1777890912.5353324,-9.0,-5.0,-81.0
1777890912.5453324,-5.0,-2.0,-73.0
1777890912.5553324,0.0,-1.0,-68.0
1777890912.5653324,-1.0,-2.0,-68.0
1777890912.5753324,-1.0,-3.0,-71.0
1777890912.5853324,0.0,-3.0,-72.0
1777890912.5953324,-4.0,0.0,-65.0
1777890912.6053324,-8.0,-5.0,-71.0
1777890912.6153324,-8.0,-7.0,-71.0
1777890912.6253324,-8.0,-7.0,-75.0
1777890912.6353323,-3.0,-2.0,-74.0
1777890912.6453323,0.0,2.0,-74.0
1777890912.6553323,-3.0,0.0,-78.0
1777890912.6653323,-2.0,0.0,-83.0
1777890912.6753323,1.0,3.0,-86.0
1777890912.6853323,0.0,1.0,-80.0
1777890912.6953323,1.0,2.0,-83.0
1777890912.7053325,3.0,2.0,-81.0
1777890912.7153325,0.0,3.0,-78.0
1777890912.7253325,-2.0,0.0,-77.0
1777890912.7353325,1.0,1.0,-81.0
1777890912.7453325,2.0,0.0,-80.0
1777890912.7553325,1.0,-4.0,-71.0
1777890912.7653325,1.0,-3.0,-68.0
1777890912.7753325,1.0,-8.0,-72.0
1777890912.7853324,0.0,-8.0,-70.0
1777890912.7953324,2.0,-8.0,-69.0
1777890912.8053324,-1.0,-7.0,-72.0
1777890912.8153324,-1.0,-5.0,-69.0
1777890912.8253324,-2.0,-7.0,-62.0
1777890912.8353324,-4.0,-3.0,-65.0
1777890912.8453324,-2.0,-2.0,-58.0
1777890912.8553324,1.0,-1.0,-56.0
1777890912.8653324,0.0,-4.0,-59.0
1777890912.8753324,0.0,-8.0,-59.0
1777890912.8853323,2.0,-4.0,-56.0
1777890912.8953323,3.0,-3.0,-56.0
1777890912.9053323,0.0,-5.0,-60.0
1777890912.9153323,0.0,-6.0,-64.0
1777890912.9253323,-1.0,-4.0,-67.0
1777890912.9353323,-3.0,-6.0,-66.0
1777890912.9453323,-6.0,-3.0,-73.0
1777890912.9553325,-7.0,-3.0,-80.0
1777890912.9653325,-9.0,0.0,-76.0
1777890912.9753325,-3.0,1.0,-72.0
1777890912.9853325,0.0,-1.0,-70.0
1777890912.9953325,6.0,-4.0,-74.0
1777890913.0053325,5.0,-3.0,-77.0
1777890913.0153325,3.0,-5.0,-80.0
1777890913.0253325,2.0,-6.0,-76.0
1777890913.0353324,-1.0,-1.0,-67.0
1777890913.0453324,1.0,0.0,-63.0
1777890913.0553324,5.0,-1.0,-69.0
1777890913.0653324,5.0,2.0,-70.0
1777890913.0753324,2.0,0.0,-75.0
1777890913.0853324,4.0,0.0,-71.0
1777890913.0953324,4.0,0.0,-71.0
1777890913.1053324,3.0,-5.0,-74.0
1777890913.1153324,0.0,-3.0,-75.0
1777890913.1253324,3.0,-4.0,-73.0
1777890913.1353323,2.0,-6.0,-65.0
1777890913.1453323,0.0,-6.0,-65.0
1777890913.1553323,-2.0,-10.0,-67.0
1777890913.1653323,-5.0,-6.0,-70.0
1777890913.1753323,-3.0,-4.0,-69.0
1777890913.1853323,-4.0,-3.0,-74.0
1777890913.1953323,-3.0,-3.0,-80.0
1777890913.2053325,-2.0,0.0,-72.0
1777890913.2153325,1.0,2.0,-69.0
1777890913.2253325,3.0,2.0,-71.0
1777890913.2353325,4.0,2.0,-71.0
1777890913.2453325,4.0,6.0,-70.0
1777890913.2563324,4.0,4.0,-70.0
1777890913.2663324,-2.0,3.0,-74.0
1777890913.2763324,0.0,5.0,-79.0
1777890913.2863324,0.0,7.0,-74.0
1777890913.2963324,0.0,6.0,-75.0
1777890913.3063323,3.0,6.0,-70.0
1777890913.3163323,0.0,3.0,-68.0
1777890913.3263323,0.0,0.0,-67.0
1777890913.3363323,-3.0,-1.0,-69.0
1777890913.3463323,-4.0,-7.0,-66.0
1777890913.3563323,1.0,-8.0,-66.0
1777890913.3663323,4.0,-9.0,-66.0
1777890913.3763323,4.0,-10.0,-70.0
1777890913.3863325,1.0,-13.0,-63.0
1777890913.3963325,4.0,-13.0,-64.0
1777890913.4063325,5.0,-5.0,-66.0
1777890913.4163325,4.0,-8.0,-70.0
1777890913.4263325,1.0,-8.0,-69.0
1777890913.4363325,0.0,-6.0,-71.0
1777890913.4463325,-2.0,-3.0,-67.0
1777890913.4563324,-6.0,0.0,-72.0
1777890913.4673324,0.0,1.0,-73.0
1777890913.4763324,4.0,-3.0,-70.0
1777890913.4863324,7.0,-1.0,-73.0
1777890913.4963324,11.0,1.0,-68.0
1777890913.5063324,6.0,3.0,-65.0
1777890913.5163324,5.0,4.0,-65.0
1777890913.5263324,1.0,2.0,-71.0
1777890913.5363324,4.0,2.0,-70.0
1777890913.5463324,1.0,0.0,-73.0
1777890913.5563323,4.0,-6.0,-68.0
1777890913.5663323,3.0,-5.0,-66.0
1777890913.5763323,8.0,-6.0,-72.0
1777890913.5863323,9.0,-5.0,-75.0
1777890913.5963323,10.0,-1.0,-79.0
1777890913.6063323,7.0,-1.0,-78.0
1777890913.6163323,7.0,-4.0,-70.0
1777890913.6263323,7.0,-3.0,-72.0
1777890913.6363325,9.0,-8.0,-69.0
1777890913.6463325,9.0,-14.0,-61.0
1777890913.6563325,8.0,-10.0,-73.0
1777890913.6663325,5.0,-10.0,-74.0
1777890913.6763325,3.0,-8.0,-72.0
1777890913.6863325,3.0,-5.0,-71.0
1777890913.6963325,4.0,-5.0,-76.0
1777890913.7063324,-1.0,-1.0,-76.0
1777890913.7163324,-6.0,-1.0,-69.0
1777890913.7263324,-5.0,-4.0,-63.0
1777890913.7363324,-5.0,-4.0,-62.0
1777890913.7463324,-1.0,3.0,-62.0
1777890913.7563324,-1.0,6.0,-59.0
1777890913.7663324,0.0,4.0,-66.0
1777890913.7763324,0.0,4.0,-76.0
1777890913.7863324,4.0,6.0,-83.0
1777890913.7963324,7.0,7.0,-82.0
1777890913.8063323,4.0,2.0,-79.0
1777890913.8163323,5.0,-2.0,-77.0
1777890913.8263323,6.0,-4.0,-72.0
1777890913.8363323,7.0,-4.0,-79.0
1777890913.8463323,7.0,-2.0,-77.0
1777890913.8563323,4.0,0.0,-77.0
1777890913.8663323,0.0,-3.0,-82.0
1777890913.8763323,0.0,-7.0,-79.0
1777890913.8863325,4.0,-3.0,-76.0
1777890913.8963325,2.0,-2.0,-77.0
1777890913.9063325,3.0,-2.0,-79.0
1777890913.9163325,4.0,-5.0,-76.0
1777890913.9263325,3.0,-6.0,-81.0
1777890913.9363325,5.0,-4.0,-84.0
1777890913.9463325,6.0,-1.0,-86.0
1777890913.9563324,2.0,-4.0,-89.0
1777890913.9663324,1.0,-8.0,-88.0
1777890913.9763324,-3.0,-5.0,-90.0
1777890913.9863324,-3.0,-6.0,-86.0
1777890913.9963324,-6.0,-3.0,-82.0
1777890914.0063324,-5.0,-2.0,-79.0
1777890914.0163324,-2.0,-1.0,-79.0
1777890914.0263324,-3.0,-1.0,-79.0
1777890914.0363324,-1.0,-1.0,-77.0
1777890914.0463324,-3.0,-2.0,-76.0
1777890914.0563323,0.0,1.0,-82.0
1777890914.0663323,1.0,-1.0,-82.0
1777890914.0763323,-1.0,-1.0,-79.0
1777890914.0863323,-3.0,-2.0,-82.0
1777890914.0963323,-2.0,-5.0,-81.0
1777890914.1063323,0.0,0.0,-75.0
1777890914.1163323,0.0,-4.0,-72.0
1777890914.1263323,-2.0,-7.0,-71.0
1777890914.1363325,0.0,-5.0,-71.0
1777890914.1463325,0.0,-3.0,-69.0
1777890914.1563325,-3.0,-4.0,-66.0
1777890914.1663325,1.0,-5.0,-68.0
1777890914.1763325,0.0,-3.0,-68.0
1777890914.1863325,6.0,0.0,-66.0
1777890914.1963325,5.0,1.0,-69.0
1777890914.2063324,0.0,1.0,-74.0
1777890914.2163324,4.0,-3.0,-75.0
1777890914.2263324,5.0,-2.0,-75.0
1777890914.2363324,8.0,-3.0,-69.0
1777890914.2463324,3.0,-5.0,-67.0
1777890914.2563324,2.0,-3.0,-69.0
1777890914.2663324,7.0,0.0,-67.0
1777890914.2763324,3.0,0.0,-71.0
1777890914.2863324,4.0,0.0,-71.0
1777890914.2963324,5.0,0.0,-77.0
1777890914.3063323,4.0,-6.0,-83.0
1777890914.3163323,3.0,-6.0,-86.0
1777890914.3263323,-1.0,-10.0,-80.0
1777890914.3363323,-5.0,-7.0,-79.0
1777890914.3463323,-6.0,-9.0,-81.0
1777890914.3563323,-7.0,-5.0,-75.0
1777890914.3663323,-3.0,-6.0,-72.0
1777890914.3763323,0.0,-6.0,-74.0
1777890914.3863325,6.0,-2.0,-74.0
1777890914.3963325,1.0,1.0,-74.0
1777890914.4063325,0.0,2.0,-72.0
1777890914.4163325,0.0,1.0,-68.0
1777890914.4263325,0.0,-1.0,-72.0
1777890914.4363325,2.0,0.0,-77.0
1777890914.4463325,0.0,1.0,-83.0
1777890914.4563324,-3.0,2.0,-80.0
1777890914.4663324,-3.0,1.0,-80.0
1777890914.4763324,0.0,1.0,-73.0
1777890914.4863324,-2.0,0.0,-76.0
1777890914.4963324,-1.0,4.0,-71.0
1777890914.5063324,-3.0,8.0,-70.0
1777890914.5163324,-1.0,4.0,-63.0
1777890914.5263324,0.0,5.0,-65.0
1777890914.5363324,-1.0,4.0,-71.0
1777890914.5463324,0.0,0.0,-73.0
1777890914.5563323,3.0,0.0,-68.0
1777890914.5663323,6.0,-1.0,-71.0
1777890914.5763323,3.0,0.0,-68.0
1777890914.5863323,5.0,1.0,-71.0
1777890914.5963323,1.0,-2.0,-76.0
1777890914.6063323,3.0,2.0,-74.0
1777890914.6163323,0.0,0.0,-73.0
1777890914.6263323,0.0,1.0,-68.0
1777890914.6363325,1.0,-2.0,-68.0
1777890914.6463325,0.0,-1.0,-67.0
1777890914.6563325,0.0,-3.0,-69.0
1777890914.6663325,-2.0,-2.0,-67.0
1777890914.6763325,-4.0,-3.0,-67.0
1777890914.6863325,-5.0,-2.0,-70.0
1777890914.6963325,-1.0,-1.0,-72.0
1777890914.7063324,-1.0,-1.0,-75.0
1777890914.7163324,1.0,-3.0,-65.0
1777890914.7263324,0.0,-1.0,-66.0
1777890914.7363324,-3.0,0.0,-74.0
1777890914.7463324,-5.0,-6.0,-76.0
1777890914.7563324,-1.0,-4.0,-71.0
1777890914.7663324,-2.0,-1.0,-67.0
1777890914.7763324,4.0,-2.0,-67.0
1777890914.7863324,5.0,-2.0,-68.0
1777890914.7963324,7.0,0.0,-75.0
1777890914.8063323,6.0,-1.0,-70.0
1777890914.8163323,3.0,-1.0,-68.0
1777890914.8263323,3.0,-3.0,-67.0
1777890914.8363323,1.0,-2.0,-69.0
1777890914.8463323,0.0,-7.0,-69.0
1777890914.8563323,2.0,-7.0,-67.0
1777890914.8663323,0.0,-3.0,-62.0
1777890914.8763323,-2.0,-4.0,-63.0
1777890914.8863325,-1.0,-4.0,-69.0
1777890914.8963325,2.0,3.0,-68.0
1777890914.9063325,3.0,3.0,-68.0
1777890914.9163325,5.0,1.0,-67.0
1777890914.9263325,8.0,0.0,-64.0
1777890914.9363325,8.0,0.0,-65.0
1777890914.9463325,8.0,-4.0,-66.0
1777890914.9563324,6.0,-5.0,-74.0
1777890914.9663324,5.0,-6.0,-70.0
1777890914.9763324,5.0,-9.0,-72.0
1777890914.9863324,3.0,-9.0,-70.0
1777890914.9963324,5.0,-7.0,-68.0
1777890915.0063324,8.0,-6.0,-77.0
1777890915.0163324,9.0,-6.0,-73.0
1777890915.0263324,4.0,-5.0,-70.0
1777890915.0363324,2.0,-5.0,-71.0
1777890915.0463324,2.0,-3.0,-69.0
1777890915.0563323,0.0,-5.0,-67.0
1777890915.0663323,-2.0,-8.0,-70.0
1777890915.0763323,-1.0,-8.0,-77.0
1777890915.0863323,4.0,-6.0,-77.0
1777890915.0963323,1.0,-7.0,-79.0
1777890915.1063323,0.0,-7.0,-76.0
1777890915.1163323,0.0,-4.0,-70.0
1777890915.1263323,5.0,-6.0,-75.0
1777890915.1363325,3.0,-5.0,-87.0
1777890915.1463325,-1.0,-5.0,-84.0
1777890915.1563325,-3.0,-4.0,-83.0
1777890915.1663325,2.0,-7.0,-84.0
1777890915.1763325,2.0,-7.0,-76.0
1777890915.1863325,0.0,-3.0,-82.0
1777890915.1963325,-4.0,-2.0,-81.0
1777890915.2063324,-3.0,-1.0,-84.0
1777890915.2163324,0.0,-2.0,-84.0
1777890915.2273324,1.0,-3.0,-80.0
1777890915.2373323,0.0,-1.0,-79.0
1777890915.2473323,-2.0,0.0,-74.0
1777890915.2573323,-7.0,-2.0,-70.0
1777890915.2673323,-13.0,-2.0,-71.0
1777890915.2773323,-11.0,-1.0,-76.0
1777890915.2873323,-4.0,-3.0,-73.0
1777890915.2973323,1.0,-4.0,-68.0
1777890915.3073325,0.0,0.0,-66.0
1777890915.3173325,0.0,1.0,-70.0
1777890915.3273325,2.0,-1.0,-71.0
1777890915.3373325,3.0,-2.0,-72.0
1777890915.3473325,6.0,-2.0,-73.0
1777890915.3573325,7.0,-1.0,-70.0
1777890915.3673325,3.0,-5.0,-67.0
1777890915.3773324,2.0,-9.0,-62.0
1777890915.3873324,0.0,-12.0,-59.0
1777890915.3973324,-1.0,-9.0,-66.0
1777890915.4073324,-3.0,-4.0,-72.0
1777890915.4173324,-3.0,-5.0,-71.0
1777890915.4273324,-1.0,-4.0,-73.0
1777890915.4373324,-3.0,-3.0,-75.0
1777890915.4473324,0.0,-3.0,-74.0
1777890915.4573324,1.0,-4.0,-74.0
1777890915.4673324,1.0,-4.0,-77.0
1777890915.4773324,3.0,-4.0,-77.0
1777890915.4873323,4.0,-1.0,-76.0
1777890915.4973323,3.0,0.0,-72.0
1777890915.5073323,2.0,2.0,-69.0
1777890915.5173323,4.0,1.0,-73.0
1777890915.5273323,7.0,2.0,-69.0
1777890915.5373323,2.0,3.0,-73.0
1777890915.5473323,3.0,-2.0,-71.0
1777890915.5573325,7.0,-5.0,-69.0
1777890915.5673325,5.0,-1.0,-75.0
1777890915.5773325,4.0,-2.0,-76.0
1777890915.5873325,1.0,-4.0,-73.0
1777890915.5973325,3.0,-5.0,-73.0
1777890915.6073325,5.0,-1.0,-75.0
1777890915.6173325,7.0,-5.0,-74.0
1777890915.6273324,6.0,-7.0,-83.0
1777890915.6373324,5.0,-4.0,-82.0
1777890915.6473324,5.0,-6.0,-81.0
1777890915.6573324,4.0,-4.0,-78.0
1777890915.6673324,1.0,-5.0,-74.0
1777890915.6773324,4.0,0.0,-74.0
1777890915.6873324,0.0,-1.0,-71.0
1777890915.6973324,0.0,0.0,-68.0
1777890915.7073324,-1.0,-1.0,-70.0
1777890915.7173324,0.0,-4.0,-66.0
1777890915.7273324,-2.0,0.0,-61.0
1777890915.7373323,-4.0,0.0,-55.0
1777890915.7473323,-2.0,-1.0,-55.0
1777890915.7573323,0.0,-2.0,-59.0
1777890915.7673323,0.0,0.0,-65.0
1777890915.7773323,-1.0,1.0,-76.0
1777890915.7873323,0.0,4.0,-81.0
1777890915.7973323,0.0,5.0,-86.0
1777890915.8073325,1.0,1.0,-83.0
1777890915.8173325,3.0,0.0,-89.0
1777890915.8273325,0.0,-4.0,-82.0
1777890915.8373325,1.0,-3.0,-73.0
1777890915.8473325,-2.0,-3.0,-77.0
1777890915.8573325,0.0,-2.0,-73.0
1777890915.8673325,2.0,0.0,-73.0
1777890915.8773324,4.0,1.0,-69.0
1777890915.8873324,4.0,0.0,-77.0
1777890915.8973324,3.0,2.0,-82.0
1777890915.9073324,4.0,1.0,-79.0
1777890915.9173324,1.0,-1.0,-74.0
1777890915.9273324,3.0,-5.0,-72.0
1777890915.9373324,2.0,-1.0,-82.0
1777890915.9473324,3.0,-2.0,-80.0
1777890915.9573324,3.0,0.0,-74.0
1777890915.9673324,1.0,0.0,-80.0
1777890915.9773324,-1.0,-4.0,-86.0
1777890915.9873323,-3.0,-5.0,-82.0
1777890915.9973323,0.0,-7.0,-88.0
1777890916.0073323,-2.0,-6.0,-82.0
1777890916.0173323,-3.0,-3.0,-72.0
1777890916.0273323,-1.0,-3.0,-73.0
1777890916.0373323,-2.0,-2.0,-78.0
1777890916.0473323,-3.0,2.0,-81.0
1777890916.0573325,0.0,4.0,-79.0
1777890916.0673325,-4.0,3.0,-79.0
1777890916.0773325,-3.0,2.0,-88.0
1777890916.0873325,3.0,-3.0,-86.0
1777890916.0973325,4.0,0.0,-80.0
1777890916.1073325,4.0,0.0,-74.0
1777890916.1173325,8.0,1.0,-75.0
1777890916.1273324,5.0,0.0,-76.0
1777890916.1373324,8.0,0.0,-78.0
1777890916.1473324,6.0,6.0,-79.0
1777890916.1573324,8.0,1.0,-77.0
1777890916.1673324,11.0,-1.0,-69.0
1777890916.1773324,9.0,-2.0,-66.0
1777890916.1873324,9.0,0.0,-61.0
1777890916.1973324,7.0,1.0,-66.0
1777890916.2073324,4.0,-4.0,-67.0
1777890916.2173324,7.0,-3.0,-72.0
1777890916.2273324,5.0,-5.0,-69.0
1777890916.2373323,8.0,-5.0,-62.0
1777890916.2473323,8.0,-5.0,-66.0
1777890916.2573323,8.0,-3.0,-71.0
1777890916.2673323,7.0,-4.0,-73.0
1777890916.2773323,1.0,-3.0,-80.0
1777890916.2873323,0.0,1.0,-79.0
1777890916.2973323,-3.0,0.0,-74.0
1777890916.3073325,-5.0,2.0,-83.0
1777890916.3173325,-4.0,2.0,-74.0
1777890916.3273325,-4.0,4.0,-75.0
1777890916.3373325,-4.0,0.0,-79.0
1777890916.3473325,-1.0,0.0,-77.0
1777890916.3573325,2.0,3.0,-78.0
1777890916.3673325,1.0,0.0,-82.0
1777890916.3773324,0.0,-3.0,-80.0
1777890916.3873324,0.0,-5.0,-68.0
1777890916.3973324,1.0,-4.0,-62.0
1777890916.4073324,3.0,-3.0,-69.0
1777890916.4173324,2.0,-3.0,-61.0
1777890916.4273324,0.0,3.0,-63.0
1777890916.4373324,-3.0,-1.0,-69.0
1777890916.4473324,-7.0,-2.0,-73.0
1777890916.4573324,-4.0,-2.0,-74.0
1777890916.4673324,-2.0,-6.0,-66.0
1777890916.4773324,0.0,-6.0,-64.0
1777890916.4873323,-1.0,-7.0,-70.0
1777890916.4973323,1.0,-3.0,-76.0
1777890916.5073323,7.0,-1.0,-78.0
1777890916.5173323,7.0,-2.0,-74.0
1777890916.5273323,5.0,2.0,-77.0
1777890916.5373323,8.0,4.0,-81.0
1777890916.5473323,6.0,3.0,-80.0
1777890916.5573325,4.0,0.0,-75.0
1777890916.5673325,-3.0,0.0,-73.0
1777890916.5773325,-5.0,-2.0,-70.0
1777890916.5873325,-1.0,-4.0,-71.0
1777890916.5973325,0.0,-2.0,-71.0
1777890916.6073325,-1.0,-2.0,-71.0
1777890916.6173325,2.0,0.0,-67.0
1777890916.6273324,6.0,3.0,-66.0
1777890916.6373324,6.0,1.0,-61.0
1777890916.6473324,10.0,0.0,-60.0
1777890916.6573324,6.0,-2.0,-58.0
1777890916.6673324,3.0,-1.0,-69.0
1777890916.6773324,2.0,0.0,-72.0
1777890916.6873324,-2.0,-3.0,-65.0
1777890916.6973324,-1.0,1.0,-66.0
1777890916.7073324,4.0,3.0,-66.0
1777890916.7173324,1.0,3.0,-76.0
1777890916.7273324,-1.0,-1.0,-77.0
1777890916.7373323,0.0,0.0,-77.0
1777890916.7473323,2.0,-3.0,-79.0
1777890916.7573323,2.0,-1.0,-76.0
1777890916.7673323,1.0,1.0,-77.0
1777890916.7773323,1.0,4.0,-80.0
1777890916.7873323,3.0,0.0,-84.0
1777890916.7973323,4.0,-2.0,-77.0
1777890916.8073325,5.0,-4.0,-68.0
1777890916.8173325,6.0,-6.0,-61.0
1777890916.8273325,5.0,-5.0,-65.0
1777890916.8373325,3.0,-4.0,-64.0
1777890916.8473325,0.0,-4.0,-65.0
1777890916.8573325,1.0,-3.0,-76.0
1777890916.8673325,-1.0,0.0,-82.0
1777890916.8773324,0.0,3.0,-86.0
1777890916.8873324,5.0,2.0,-79.0
1777890916.8973324,5.0,0.0,-74.0
1777890916.9073324,4.0,-1.0,-72.0
1777890916.9173324,6.0,0.0,-70.0
1777890916.9273324,3.0,1.0,-74.0
1777890916.9373324,3.0,0.0,-79.0
1777890916.9473324,2.0,2.0,-85.0
1777890916.9573324,2.0,4.0,-82.0
1777890916.9673324,3.0,8.0,-84.0
1777890916.9773324,-1.0,6.0,-79.0
1777890916.9873323,-4.0,4.0,-78.0
1777890916.9973323,1.0,1.0,-80.0
1777890917.0073323,1.0,0.0,-79.0
1777890917.0173323,1.0,-2.0,-75.0
1777890917.0273323,0.0,-2.0,-76.0
1777890917.0373323,-3.0,-1.0,-76.0
1777890917.0473323,-3.0,-1.0,-77.0
1777890917.0573325,-3.0,-3.0,-78.0
1777890917.0673325,0.0,-6.0,-78.0
1777890917.0773325,0.0,-8.0,-72.0
1777890917.0873325,-1.0,-11.0,-70.0
1777890917.0973325,-2.0,-6.0,-67.0
1777890917.1073325,-4.0,-3.0,-62.0
1777890917.1173325,-3.0,-2.0,-72.0
1777890917.1273324,-4.0,-3.0,-76.0
1777890917.1373324,-5.0,-1.0,-79.0
1777890917.1473324,-5.0,0.0,-83.0
1777890917.1573324,-3.0,-2.0,-76.0
1777890917.1673324,2.0,-3.0,-80.0
1777890917.1773324,3.0,-4.0,-88.0
1777890917.1873324,4.0,-4.0,-90.0
1777890917.1973324,2.0,0.0,-88.0
1777890917.2083323,-1.0,1.0,-85.0
1777890917.2173324,-3.0,0.0,-82.0
1777890917.2283323,-6.0,0.0,-85.0
1777890917.2383325,-1.0,-1.0,-79.0
1777890917.2483325,3.0,-5.0,-75.0
1777890917.2583325,1.0,-4.0,-68.0
1777890917.2683325,0.0,-4.0,-70.0
1777890917.2783325,-3.0,-2.0,-64.0
1777890917.2883325,-5.0,-6.0,-72.0
1777890917.2983325,-5.0,-4.0,-68.0
1777890917.3083324,-4.0,-6.0,-64.0
1777890917.3183324,-3.0,-8.0,-62.0
1777890917.3283324,0.0,-3.0,-71.0
1777890917.3383324,3.0,-2.0,-74.0
1777890917.3483324,7.0,-3.0,-70.0
1777890917.3583324,10.0,-3.0,-62.0
1777890917.3683324,3.0,1.0,-58.0
1777890917.3783324,2.0,0.0,-62.0
1777890917.3883324,2.0,-1.0,-64.0
1777890917.3983324,1.0,-4.0,-68.0
1777890917.4083323,1.0,-1.0,-72.0
1777890917.4183323,-7.0,2.0,-72.0
1777890917.4283323,-2.0,4.0,-65.0
1777890917.4383323,0.0,4.0,-66.0
1777890917.4483323,-5.0,5.0,-61.0
1777890917.4583323,-5.0,2.0,-57.0
1777890917.4683323,-5.0,4.0,-62.0
1777890917.4783323,-1.0,0.0,-62.0
1777890917.4883325,0.0,0.0,-64.0
1777890917.4983325,2.0,2.0,-66.0
1777890917.5083325,-2.0,2.0,-67.0
1777890917.5183325,0.0,-1.0,-68.0
1777890917.5283325,0.0,0.0,-65.0
1777890917.5383325,1.0,2.0,-67.0
1777890917.5483325,0.0,5.0,-67.0
1777890917.5583324,2.0,5.0,-68.0
1777890917.5683324,3.0,1.0,-65.0
1777890917.5783324,-2.0,0.0,-66.0
1777890917.5883324,-5.0,-1.0,-66.0
1777890917.5983324,0.0,0.0,-73.0
1777890917.6083324,1.0,-3.0,-77.0
1777890917.6183324,0.0,0.0,-80.0
1777890917.6283324,-1.0,0.0,-77.0
1777890917.6383324,-6.0,2.0,-71.0
1777890917.6483324,-7.0,0.0,-72.0
1777890917.6583323,-9.0,3.0,-80.0
1777890917.6683323,-11.0,0.0,-76.0
1777890917.6783323,-6.0,-3.0,-71.0
1777890917.6883323,-2.0,-2.0,-70.0
1777890917.6983323,-4.0,0.0,-74.0
1777890917.7083323,-4.0,0.0,-75.0
1777890917.7183323,-4.0,-3.0,-76.0
1777890917.7283323,-5.0,-2.0,-78.0
1777890917.7383325,-5.0,-6.0,-74.0
1777890917.7483325,-6.0,-3.0,-68.0
1777890917.7583325,-8.0,-4.0,-69.0
1777890917.7683325,-4.0,-2.0,-68.0
1777890917.7783325,-4.0,0.0,-78.0
1777890917.7883325,0.0,-1.0,-77.0
1777890917.7983325,1.0,0.0,-78.0
1777890917.8083324,0.0,-4.0,-78.0
1777890917.8183324,-2.0,-7.0,-73.0
1777890917.8283324,-3.0,-5.0,-74.0
1777890917.8383324,-4.0,0.0,-69.0
1777890917.8483324,-1.0,-2.0,-73.0
1777890917.8583324,2.0,1.0,-70.0
1777890917.8683324,2.0,0.0,-69.0
1777890917.8783324,3.0,-3.0,-66.0
1777890917.8883324,3.0,-2.0,-65.0
1777890917.8983324,0.0,0.0,-62.0
1777890917.9083323,-3.0,0.0,-65.0
1777890917.9183323,0.0,-1.0,-68.0
1777890917.9283323,2.0,-3.0,-67.0
1777890917.9383323,0.0,-5.0,-71.0
1777890917.9483323,-1.0,-2.0,-82.0
1777890917.9583323,-8.0,2.0,-79.0
1777890917.9683323,-4.0,3.0,-85.0
1777890917.9783323,-2.0,4.0,-80.0
1777890917.9883325,-1.0,2.0,-73.0
1777890917.9983325,-2.0,4.0,-73.0
1777890918.0083325,-1.0,4.0,-75.0
1777890918.0183325,-5.0,5.0,-70.0
1777890918.0283325,-3.0,1.0,-66.0
1777890918.0383325,-4.0,0.0,-64.0
1777890918.0483325,-3.0,0.0,-65.0
1777890918.0583324,-2.0,0.0,-61.0
1777890918.0683324,-3.0,-1.0,-67.0
1777890918.0783324,-5.0,-2.0,-75.0
1777890918.0883324,-2.0,1.0,-81.0
1777890918.0983324,-1.0,1.0,-83.0
1777890918.1083324,0.0,1.0,-80.0
1777890918.1183324,4.0,2.0,-82.0
1777890918.1283324,1.0,5.0,-73.0
1777890918.1383324,0.0,4.0,-70.0
1777890918.1483324,-2.0,3.0,-70.0
1777890918.1583323,1.0,0.0,-71.0
1777890918.1683323,1.0,2.0,-78.0
1777890918.1783323,-4.0,5.0,-72.0
1777890918.1883323,-3.0,1.0,-75.0
1777890918.1983323,-3.0,-3.0,-78.0
1777890918.2083323,-6.0,-2.0,-77.0
1777890918.2183323,-6.0,-4.0,-66.0
1777890918.2283323,-5.0,-6.0,-66.0
1777890918.2383325,-3.0,-4.0,-64.0
1777890918.2483325,-3.0,-3.0,-60.0
1777890918.2583325,-1.0,0.0,-55.0
1777890918.2683325,-4.0,0.0,-58.0
1777890918.2783325,0.0,-1.0,-58.0
1777890918.2883325,0.0,-3.0,-62.0
1777890918.2983325,0.0,0.0,-70.0
1777890918.3083324,1.0,0.0,-70.0
1777890918.3183324,3.0,0.0,-66.0
1777890918.3283324,4.0,-1.0,-69.0
1777890918.3383324,4.0,1.0,-71.0
1777890918.3483324,8.0,4.0,-71.0
1777890918.3583324,4.0,2.0,-72.0
1777890918.3683324,2.0,2.0,-74.0
1777890918.3783324,2.0,2.0,-71.0
1777890918.3883324,0.0,-1.0,-73.0
1777890918.3983324,-5.0,0.0,-78.0
1777890918.4083323,-8.0,0.0,-77.0
1777890918.4183323,-8.0,0.0,-84.0
1777890918.4283323,-5.0,0.0,-81.0
1777890918.4383323,-1.0,0.0,-84.0
1777890918.4483323,-2.0,1.0,-78.0
1777890918.4583323,-2.0,2.0,-69.0
1777890918.4683323,-5.0,7.0,-64.0
1777890918.4783323,-5.0,5.0,-63.0
1777890918.4883325,-8.0,3.0,-65.0
1777890918.4983325,-2.0,3.0,-62.0
1777890918.5083325,0.0,8.0,-55.0
1777890918.5183325,2.0,9.0,-63.0
1777890918.5283325,1.0,4.0,-67.0
1777890918.5383325,3.0,3.0,-65.0
1777890918.5483325,3.0,3.0,-70.0
1777890918.5583324,5.0,1.0,-73.0
1777890918.5683324,6.0,0.0,-71.0
1777890918.5783324,15.0,-2.0,-75.0
1777890918.5883324,18.0,-4.0,-77.0
1777890918.5983324,15.0,-3.0,-73.0
1777890918.6083324,14.0,-5.0,-66.0
1777890918.6183324,8.0,-3.0,-70.0
1777890918.6283324,9.0,-3.0,-77.0
1777890918.6383324,6.0,-1.0,-65.0
1777890918.6483324,0.0,4.0,-66.0
1777890918.6583323,-3.0,1.0,-75.0
1777890918.6683323,-1.0,0.0,-78.0
1777890918.6783323,-5.0,-3.0,-76.0
1777890918.6883323,-6.0,-2.0,-75.0
1777890918.6983323,-5.0,0.0,-80.0
1777890918.7083323,-1.0,-2.0,-82.0
1777890918.7183323,-1.0,-2.0,-75.0
1777890918.7283323,-2.0,-1.0,-80.0
1777890918.7383325,0.0,-1.0,-71.0
1777890918.7483325,2.0,0.0,-72.0
1777890918.7583325,4.0,-3.0,-76.0
1777890918.7683325,4.0,-8.0,-72.0
1777890918.7783325,3.0,-3.0,-71.0
1777890918.7883325,6.0,0.0,-69.0
1777890918.7983325,4.0,1.0,-70.0
1777890918.8083324,-2.0,-1.0,-70.0
1777890918.8183324,0.0,-4.0,-69.0
1777890918.8283324,4.0,-4.0,-67.0
1777890918.8383324,5.0,-5.0,-74.0
1777890918.8483324,8.0,-3.0,-79.0
1777890918.8583324,5.0,1.0,-79.0
1777890918.8683324,5.0,4.0,-73.0
1777890918.8783324,7.0,7.0,-66.0
1777890918.8883324,9.0,3.0,-63.0
1777890918.8983324,8.0,1.0,-65.0
1777890918.9083323,12.0,4.0,-69.0
1777890918.9183323,8.0,6.0,-76.0
1777890918.9283323,1.0,5.0,-78.0
1777890918.9383323,1.0,4.0,-76.0
1777890918.9483323,0.0,7.0,-74.0
1777890918.9583323,2.0,8.0,-79.0
1777890918.9683323,2.0,5.0,-81.0
1777890918.9783323,0.0,4.0,-79.0
1777890918.9883325,0.0,3.0,-83.0
1777890918.9983325,3.0,4.0,-72.0
1777890919.0083325,2.0,0.0,-66.0
1777890919.0183325,1.0,-2.0,-66.0
1777890919.0283325,2.0,-3.0,-65.0
1777890919.0383325,0.0,-1.0,-64.0
1777890919.0483325,-1.0,-3.0,-68.0
1777890919.0583324,-2.0,-1.0,-73.0
1777890919.0683324,0.0,-1.0,-73.0
1777890919.0783324,0.0,-1.0,-67.0
1777890919.0883324,0.0,-2.0,-73.0
1777890919.0983324,0.0,1.0,-73.0
1777890919.1083324,-2.0,2.0,-76.0
1777890919.1183324,1.0,5.0,-76.0
1777890919.1283324,3.0,5.0,-75.0
1777890919.1383324,2.0,6.0,-81.0
1777890919.1483324,2.0,5.0,-80.0
1777890919.1583323,-3.0,4.0,-82.0
1777890919.1683323,0.0,1.0,-78.0
1777890919.1783323,3.0,-1.0,-75.0
1777890919.1883323,1.0,0.0,-73.0
1777890919.1983323,2.0,2.0,-74.0
1777890919.2093325,2.0,-1.0,-72.0
1777890919.2193325,4.0,0.0,-70.0
1777890919.2293324,4.0,1.0,-75.0
1777890919.2393324,4.0,-4.0,-75.0
1777890919.2493324,8.0,-3.0,-71.0
1777890919.2593324,4.0,-3.0,-72.0
1777890919.2693324,3.0,-10.0,-76.0
1777890919.2793324,2.0,-9.0,-69.0
1777890919.2893324,1.0,-4.0,-62.0
1777890919.2993324,2.0,-6.0,-66.0
1777890919.3093324,3.0,-3.0,-70.0
1777890919.3193324,6.0,-2.0,-70.0
1777890919.3293324,6.0,-1.0,-75.0
1777890919.3393323,1.0,0.0,-83.0
1777890919.3493323,0.0,-1.0,-80.0
1777890919.3593323,2.0,-3.0,-77.0
1777890919.3693323,2.0,-3.0,-80.0
1777890919.3793323,0.0,-6.0,-78.0
1777890919.3893323,0.0,-6.0,-76.0
1777890919.3993323,6.0,-5.0,-73.0
1777890919.4093325,2.0,-1.0,-76.0
1777890919.4193325,0.0,-2.0,-73.0
1777890919.4293325,0.0,-5.0,-73.0
1777890919.4393325,2.0,-6.0,-77.0
1777890919.4493325,3.0,-6.0,-70.0
1777890919.4593325,2.0,-4.0,-68.0
1777890919.4693325,1.0,1.0,-65.0
1777890919.4793324,1.0,5.0,-65.0
1777890919.4893324,0.0,2.0,-69.0
1777890919.4993324,0.0,0.0,-70.0
1777890919.5093324,5.0,1.0,-73.0
1777890919.5193324,4.0,-2.0,-80.0
1777890919.5293324,1.0,0.0,-79.0
1777890919.5393324,2.0,-1.0,-76.0
1777890919.5493324,1.0,-3.0,-79.0
1777890919.5593324,4.0,-1.0,-77.0
1777890919.5693324,4.0,0.0,-82.0
1777890919.5793324,1.0,0.0,-76.0
1777890919.5893323,0.0,2.0,-83.0
1777890919.5993323,-4.0,0.0,-85.0
1777890919.6093323,-2.0,-1.0,-80.0
1777890919.6193323,0.0,0.0,-73.0
1777890919.6293323,-2.0,0.0,-78.0
1777890919.6393323,3.0,-2.0,-74.0
1777890919.6493323,4.0,0.0,-74.0
1777890919.6593325,2.0,2.0,-70.0
1777890919.6693325,0.0,2.0,-67.0
1777890919.6793325,-1.0,0.0,-65.0
1777890919.6893325,-3.0,-2.0,-66.0
1777890919.6993325,-3.0,-7.0,-70.0
1777890919.7093325,0.0,-10.0,-71.0
1777890919.7193325,0.0,-11.0,-67.0
1777890919.7293324,3.0,-8.0,-67.0
1777890919.7393324,1.0,-7.0,-61.0
1777890919.7493324,4.0,-8.0,-61.0
1777890919.7593324,4.0,-8.0,-63.0
1777890919.7693324,0.0,-9.0,-64.0
1777890919.7793324,1.0,-5.0,-58.0
1777890919.7893324,1.0,-5.0,-63.0
1777890919.7993324,0.0,-1.0,-64.0
1777890919.8093324,-2.0,-3.0,-68.0
1777890919.8193324,-1.0,-2.0,-71.0
1777890919.8293324,2.0,-6.0,-65.0
1777890919.8393323,-1.0,-1.0,-64.0
1777890919.8493323,-1.0,-2.0,-71.0
1777890919.8593323,3.0,-5.0,-65.0
1777890919.8693323,7.0,-5.0,-71.0
1777890919.8793323,9.0,-2.0,-70.0
1777890919.8893323,7.0,1.0,-67.0
1777890919.8993323,3.0,2.0,-66.0
1777890919.9093325,3.0,3.0,-75.0
1777890919.9193325,2.0,0.0,-76.0
1777890919.9293325,4.0,-1.0,-67.0
1777890919.9393325,2.0,-2.0,-70.0
1777890919.9493325,6.0,-1.0,-69.0
1777890919.9593325,8.0,1.0,-72.0
1777890919.9693325,6.0,6.0,-74.0
1777890919.9793324,4.0,11.0,-77.0
1777890919.9893324,4.0,9.0,-77.0
1777890919.9993324,6.0,5.0,-73.0
1777890920.0093324,8.0,5.0,-76.0
1777890920.0193324,7.0,5.0,-78.0
1777890920.0293324,11.0,3.0,-78.0
1777890920.0393324,8.0,2.0,-76.0
1777890920.0493324,3.0,0.0,-78.0
1777890920.0593324,4.0,0.0,-72.0
1777890920.0693324,4.0,-1.0,-69.0
1777890920.0793324,9.0,1.0,-71.0
1777890920.0893323,5.0,1.0,-77.0
1777890920.0993323,2.0,-3.0,-73.0
1777890920.1093323,2.0,-1.0,-61.0
1777890920.1193323,3.0,1.0,-60.0
1777890920.1293323,0.0,1.0,-60.0
1777890920.1393323,1.0,0.0,-60.0
1777890920.1493323,1.0,0.0,-62.0
1777890920.1593325,0.0,-3.0,-67.0
1777890920.1693325,0.0,-5.0,-70.0
1777890920.1793325,1.0,-3.0,-72.0
1777890920.1893325,1.0,0.0,-77.0
1777890920.1993325,0.0,-5.0,-72.0
1777890920.2093325,-3.0,-7.0,-74.0
1777890920.2193325,-1.0,0.0,-76.0
1777890920.2293324,-1.0,-3.0,-74.0
1777890920.2393324,-4.0,-2.0,-80.0
1777890920.2493324,-8.0,-1.0,-80.0
1777890920.2593324,-4.0,1.0,-66.0
1777890920.2693324,0.0,2.0,-56.0
1777890920.2793324,-1.0,3.0,-60.0
1777890920.2893324,-3.0,0.0,-65.0
1777890920.2993324,0.0,0.0,-66.0
1777890920.3093324,3.0,0.0,-71.0
1777890920.3193324,3.0,2.0,-63.0
1777890920.3293324,0.0,3.0,-61.0
1777890920.3393323,-1.0,2.0,-65.0
1777890920.3493323,-2.0,4.0,-68.0
1777890920.3593323,-7.0,2.0,-69.0
1777890920.3693323,-9.0,1.0,-66.0
1777890920.3793323,-9.0,1.0,-71.0
1777890920.3893323,-4.0,0.0,-77.0
1777890920.3993323,-4.0,1.0,-73.0
1777890920.4093325,-3.0,-2.0,-72.0
1777890920.4193325,-9.0,-1.0,-77.0
1777890920.4293325,-8.0,-5.0,-81.0
1777890920.4393325,-5.0,-10.0,-81.0
1777890920.4493325,-3.0,-12.0,-75.0
1777890920.4593325,-2.0,-7.0,-81.0
1777890920.4693325,-6.0,-9.0,-85.0
1777890920.4793324,-5.0,-9.0,-87.0
1777890920.4893324,-6.0,-7.0,-78.0
1777890920.4993324,-4.0,-3.0,-79.0
1777890920.5093324,-5.0,-2.0,-77.0
1777890920.5193324,-3.0,0.0,-70.0
1777890920.5293324,0.0,0.0,-71.0
1777890920.5393324,0.0,4.0,-79.0
1777890920.5493324,-1.0,7.0,-76.0
1777890920.5593324,-3.0,1.0,-76.0
1777890920.5693324,3.0,-1.0,-78.0
1777890920.5793324,4.0,-3.0,-76.0
1777890920.5893323,6.0,-2.0,-79.0
1777890920.5993323,5.0,-3.0,-72.0
1777890920.6093323,0.0,0.0,-73.0
1777890920.6193323,-3.0,0.0,-79.0
1777890920.6293323,0.0,-1.0,-82.0
1777890920.6393323,-4.0,2.0,-76.0
1777890920.6493323,-5.0,0.0,-71.0
1777890920.6593325,-10.0,0.0,-77.0
1777890920.6693325,-7.0,2.0,-76.0
1777890920.6793325,-9.0,8.0,-72.0
1777890920.6893325,-7.0,3.0,-76.0
1777890920.6993325,-6.0,-6.0,-74.0
1777890920.7093325,-6.0,-5.0,-77.0
1777890920.7193325,-2.0,-5.0,-70.0
1777890920.7293324,0.0,-2.0,-67.0
1777890920.7393324,-1.0,-3.0,-69.0
1777890920.7493324,-1.0,-2.0,-68.0
1777890920.7593324,0.0,-1.0,-73.0
1777890920.7693324,-4.0,0.0,-70.0
1777890920.7793324,-5.0,0.0,-64.0
1777890920.7893324,-2.0,2.0,-63.0
1777890920.7993324,0.0,-2.0,-63.0
1777890920.8093324,0.0,-4.0,-62.0
1777890920.8193324,-1.0,-3.0,-67.0
1777890920.8293324,-3.0,-5.0,-70.0
1777890920.8393323,0.0,-4.0,-75.0
1777890920.8493323,2.0,-1.0,-83.0
1777890920.8593323,4.0,-2.0,-80.0
1777890920.8693323,5.0,0.0,-76.0
1777890920.8793323,-2.0,0.0,-76.0
1777890920.8893323,0.0,3.0,-74.0
1777890920.8993323,3.0,5.0,-70.0
1777890920.9093325,5.0,3.0,-66.0
1777890920.9193325,6.0,6.0,-63.0
1777890920.9293325,0.0,2.0,-64.0
1777890920.9393325,0.0,10.0,-69.0
1777890920.9493325,1.0,7.0,-72.0
1777890920.9593325,2.0,5.0,-73.0
1777890920.9693325,2.0,3.0,-78.0
1777890920.9793324,7.0,2.0,-75.0
1777890920.9893324,3.0,0.0,-75.0
1777890920.9993324,5.0,-1.0,-70.0
1777890921.0093324,3.0,1.0,-77.0
1777890921.0193324,0.0,3.0,-76.0
1777890921.0293324,0.0,0.0,-75.0
1777890921.0393324,-6.0,0.0,-71.0
1777890921.0493324,-6.0,0.0,-67.0
1777890921.0593324,-4.0,-2.0,-68.0
1777890921.0693324,-2.0,-4.0,-69.0
1777890921.0793324,0.0,-2.0,-73.0
1777890921.0893323,0.0,-1.0,-72.0
1777890921.0993323,0.0,0.0,-69.0
1777890921.1093323,3.0,-2.0,-72.0
1777890921.1193323,7.0,0.0,-69.0
1777890921.1293323,11.0,-1.0,-63.0
1777890921.1393323,9.0,0.0,-65.0
1777890921.1493323,7.0,-3.0,-65.0
1777890921.1593325,3.0,-8.0,-64.0
1777890921.1693325,1.0,-5.0,-63.0
1777890921.1803324,-4.0,-3.0,-69.0
1777890921.1903324,-1.0,0.0,-66.0
1777890921.1993325,2.0,0.0,-68.0
1777890921.2103324,1.0,1.0,-68.0
1777890921.2193325,-3.0,1.0,-72.0
1777890921.2303324,-7.0,3.0,-73.0
1777890921.2403324,-8.0,0.0,-79.0
1777890921.2503324,-4.0,-1.0,-74.0
1777890921.2603323,-7.0,-1.0,-74.0
1777890921.2703323,-3.0,3.0,-73.0
1777890921.2803323,-1.0,8.0,-70.0
1777890921.2903323,-1.0,8.0,-73.0
1777890921.3003323,-3.0,7.0,-74.0
1777890921.3103323,-3.0,5.0,-81.0
1777890921.3203323,-4.0,7.0,-84.0
1777890921.3303325,-4.0,4.0,-82.0
1777890921.3403325,-5.0,4.0,-81.0
1777890921.3503325,0.0,4.0,-79.0
1777890921.3603325,5.0,2.0,-79.0
1777890921.3703325,6.0,6.0,-76.0
1777890921.3803325,5.0,6.0,-75.0
1777890921.3903325,4.0,2.0,-74.0
1777890921.4003325,1.0,-4.0,-72.0
1777890921.4103324,0.0,-3.0,-70.0
1777890921.4203324,-4.0,-3.0,-68.0
1777890921.4303324,-9.0,-4.0,-69.0
1777890921.4403324,-2.0,0.0,-63.0
1777890921.4503324,1.0,0.0,-64.0
1777890921.4603324,-2.0,5.0,-67.0
1777890921.4703324,-2.0,2.0,-72.0
1777890921.4803324,-5.0,-1.0,-67.0
1777890921.4903324,-4.0,-2.0,-66.0
1777890921.5003324,-3.0,-4.0,-64.0
1777890921.5103323,-1.0,-1.0,-62.0
1777890921.5203323,0.0,0.0,-66.0
1777890921.5303323,0.0,1.0,-66.0
1777890921.5403323,0.0,0.0,-64.0
1777890921.5503323,0.0,0.0,-61.0
1777890921.5603323,2.0,-3.0,-69.0
1777890921.5703323,1.0,-1.0,-75.0
1777890921.5803325,3.0,0.0,-62.0
1777890921.5903325,4.0,1.0,-60.0
1777890921.6003325,1.0,3.0,-63.0
1777890921.6103325,2.0,5.0,-71.0
1777890921.6203325,3.0,6.0,-74.0
1777890921.6303325,1.0,2.0,-75.0
1777890921.6403325,1.0,2.0,-75.0
1777890921.6503325,4.0,2.0,-76.0
1777890921.6603324,4.0,2.0,-82.0
1777890921.6703324,8.0,3.0,-79.0
1777890921.6803324,3.0,1.0,-80.0
1777890921.6903324,2.0,1.0,-75.0
1777890921.7003324,5.0,1.0,-75.0
1777890921.7103324,9.0,1.0,-70.0
1777890921.7203324,10.0,2.0,-66.0
1777890921.7303324,8.0,0.0,-73.0
1777890921.7403324,8.0,-2.0,-81.0
1777890921.7503324,4.0,-1.0,-70.0
1777890921.7603323,1.0,3.0,-72.0
1777890921.7703323,1.0,2.0,-74.0
1777890921.7803323,0.0,0.0,-67.0
1777890921.7903323,0.0,3.0,-71.0
1777890921.8003323,0.0,1.0,-69.0
1777890921.8103323,0.0,5.0,-65.0
1777890921.8203323,5.0,8.0,-68.0
1777890921.8303325,7.0,3.0,-70.0
1777890921.8403325,1.0,0.0,-68.0
1777890921.8503325,2.0,-7.0,-70.0
1777890921.8603325,6.0,-10.0,-75.0
1777890921.8703325,9.0,-13.0,-77.0
1777890921.8803325,10.0,-5.0,-75.0
1777890921.8903325,10.0,-6.0,-67.0
1777890921.9003325,7.0,-4.0,-63.0
1777890921.9103324,11.0,-5.0,-71.0
1777890921.9203324,11.0,1.0,-78.0
1777890921.9303324,8.0,5.0,-80.0
1777890921.9403324,11.0,8.0,-80.0
1777890921.9503324,9.0,4.0,-75.0
1777890921.9603324,5.0,1.0,-81.0
1777890921.9703324,8.0,0.0,-76.0
1777890921.9803324,7.0,1.0,-67.0
1777890921.9903324,5.0,-1.0,-64.0
1777890922.0003324,8.0,-2.0,-64.0
1777890922.0103323,11.0,1.0,-68.0
1777890922.0203323,4.0,4.0,-75.0
1777890922.0303323,-1.0,2.0,-78.0
1777890922.0403323,-5.0,-2.0,-79.0
1777890922.0503323,-3.0,0.0,-76.0
1777890922.0603323,-3.0,0.0,-79.0
1777890922.0703323,-2.0,1.0,-82.0
1777890922.0803325,0.0,1.0,-83.0
1777890922.0903325,-3.0,0.0,-80.0
1777890922.1003325,-2.0,2.0,-80.0
1777890922.1103325,0.0,0.0,-79.0
1777890922.1203325,0.0,0.0,-75.0
1777890922.1303325,1.0,2.0,-81.0
1777890922.1403325,1.0,4.0,-78.0
1777890922.1503325,0.0,0.0,-72.0
1777890922.1603324,0.0,0.0,-72.0
1777890922.1703324,5.0,3.0,-73.0
1777890922.1803324,3.0,0.0,-79.0
1777890922.1903324,0.0,0.0,-76.0
1777890922.2003324,-2.0,-1.0,-81.0
1777890922.2103324,-4.0,-1.0,-82.0
1777890922.2203324,-6.0,1.0,-73.0
1777890922.2303324,-5.0,-1.0,-68.0
1777890922.2403324,-5.0,-3.0,-64.0
1777890922.2503324,-2.0,-2.0,-60.0
1777890922.2603323,-2.0,-3.0,-60.0
1777890922.2703323,-2.0,-3.0,-63.0
1777890922.2803323,0.0,-3.0,-63.0
1777890922.2903323,5.0,-6.0,-70.0
1777890922.3003323,2.0,-5.0,-76.0
1777890922.3103323,2.0,-6.0,-77.0
1777890922.3203323,3.0,-5.0,-71.0
1777890922.3303325,0.0,-3.0,-67.0
1777890922.3403325,0.0,-3.0,-68.0
1777890922.3503325,1.0,-1.0,-77.0
1777890922.3603325,0.0,0.0,-78.0
1777890922.3703325,1.0,1.0,-81.0
1777890922.3803325,0.0,5.0,-77.0
1777890922.3903325,1.0,4.0,-77.0
1777890922.4003325,4.0,4.0,-84.0
1777890922.4103324,1.0,4.0,-80.0
1777890922.4203324,2.0,4.0,-81.0
1777890922.4303324,3.0,6.0,-80.0
1777890922.4403324,2.0,5.0,-77.0
1777890922.4503324,-1.0,-1.0,-74.0
1777890922.4603324,-5.0,0.0,-79.0
1777890922.4703324,0.0,0.0,-73.0
1777890922.4803324,0.0,-1.0,-73.0
1777890922.4903324,-1.0,-1.0,-72.0
1777890922.5003324,2.0,1.0,-77.0
1777890922.5103323,2.0,2.0,-79.0
1777890922.5203323,4.0,-3.0,-79.0
1777890922.5303323,2.0,-2.0,-78.0
1777890922.5403323,1.0,0.0,-88.0
1777890922.5503323,2.0,-4.0,-85.0
1777890922.5603323,0.0,0.0,-79.0
1777890922.5703323,-2.0,0.0,-77.0
1777890922.5803325,1.0,-1.0,-75.0
1777890922.5903325,4.0,-2.0,-74.0
1777890922.6003325,3.0,-4.0,-65.0
1777890922.6103325,3.0,-2.0,-67.0
1777890922.6203325,5.0,-1.0,-73.0
1777890922.6303325,6.0,0.0,-81.0
1777890922.6403325,3.0,2.0,-79.0
1777890922.6503325,1.0,1.0,-76.0
1777890922.6603324,1.0,1.0,-81.0
1777890922.6703324,3.0,0.0,-82.0
1777890922.6803324,5.0,-3.0,-68.0
1777890922.6903324,0.0,-1.0,-66.0
1777890922.7003324,3.0,-1.0,-70.0
1777890922.7103324,5.0,0.0,-68.0
1777890922.7203324,7.0,1.0,-68.0
1777890922.7303324,4.0,2.0,-69.0
1777890922.7403324,2.0,0.0,-60.0
1777890922.7503324,1.0,-4.0,-64.0
1777890922.7603323,5.0,-5.0,-67.0
1777890922.7703323,6.0,-2.0,-70.0
1777890922.7803323,1.0,0.0,-70.0
1777890922.7903323,1.0,0.0,-74.0
1777890922.8003323,-2.0,-1.0,-79.0
1777890922.8103323,-5.0,-6.0,-77.0
1777890922.8203323,-1.0,-8.0,-73.0
1777890922.8303325,2.0,-3.0,-71.0
1777890922.8403325,1.0,-4.0,-76.0
1777890922.8503325,0.0,-1.0,-72.0
1777890922.8603325,-3.0,3.0,-69.0
1777890922.8703325,-1.0,2.0,-71.0
1777890922.8803325,0.0,6.0,-67.0
1777890922.8903325,0.0,2.0,-71.0
1777890922.9003325,0.0,-1.0,-75.0
1777890922.9103324,0.0,-2.0,-72.0
1777890922.9203324,0.0,-1.0,-72.0
1777890922.9303324,-2.0,0.0,-75.0
1777890922.9403324,-1.0,1.0,-72.0
1777890922.9503324,-1.0,3.0,-73.0
1777890922.9603324,-6.0,3.0,-72.0
1777890922.9703324,-2.0,3.0,-73.0
1777890922.9803324,-1.0,5.0,-76.0
1777890922.9903324,0.0,-1.0,-79.0
1777890923.0003324,1.0,1.0,-72.0
1777890923.0103323,6.0,0.0,-78.0
1777890923.0203323,4.0,0.0,-76.0
1777890923.0303323,5.0,1.0,-76.0
1777890923.0403323,7.0,0.0,-74.0
1777890923.0503323,12.0,0.0,-73.0
1777890923.0603323,9.0,-3.0,-74.0
1777890923.0703323,8.0,2.0,-71.0
1777890923.0803325,7.0,1.0,-70.0
1777890923.0903325,3.0,-1.0,-64.0
1777890923.1003325,1.0,1.0,-59.0
1777890923.1103325,4.0,0.0,-64.0
1777890923.1203325,4.0,-2.0,-68.0
1777890923.1303325,5.0,-1.0,-78.0
1777890923.1403325,8.0,0.0,-74.0
1777890923.1503325,4.0,0.0,-71.0
1777890923.1613324,-3.0,3.0,-72.0
1777890923.1703324,0.0,1.0,-70.0
1777890923.1813323,0.0,3.0,-68.0
1777890923.1913323,2.0,1.0,-66.0
1777890923.2013323,4.0,0.0,-73.0
1777890923.2113323,6.0,0.0,-74.0
1777890923.2213323,5.0,-6.0,-77.0
1777890923.2313323,4.0,-5.0,-73.0
1777890923.2413323,5.0,-1.0,-70.0
1777890923.2513323,0.0,0.0,-78.0
1777890923.2613325,1.0,0.0,-77.0
1777890923.2713325,3.0,0.0,-76.0
1777890923.2813325,0.0,-3.0,-82.0
1777890923.2913325,0.0,0.0,-79.0
1777890923.3013325,2.0,0.0,-80.0
1777890923.3113325,0.0,2.0,-83.0
1777890923.3213325,2.0,5.0,-86.0
1777890923.3313324,-2.0,6.0,-88.0
1777890923.3413324,-8.0,2.0,-82.0
1777890923.3513324,-3.0,1.0,-75.0
1777890923.3613324,2.0,0.0,-71.0
1777890923.3713324,0.0,0.0,-74.0
1777890923.3813324,-4.0,3.0,-73.0
1777890923.3913324,-3.0,1.0,-72.0
1777890923.4013324,0.0,1.0,-72.0
1777890923.4113324,-2.0,-1.0,-72.0
1777890923.4213324,-2.0,-4.0,-73.0
1777890923.4313323,-2.0,-7.0,-77.0
1777890923.4413323,0.0,-6.0,-73.0
1777890923.4513323,2.0,-4.0,-71.0
1777890923.4613323,4.0,-2.0,-71.0
1777890923.4713323,4.0,1.0,-64.0
1777890923.4813323,5.0,-2.0,-65.0
1777890923.4913323,6.0,-4.0,-69.0
1777890923.5013323,3.0,-3.0,-64.0
1777890923.5113325,1.0,-1.0,-62.0
1777890923.5213325,3.0,-2.0,-67.0
1777890923.5313325,0.0,-3.0,-61.0
1777890923.5413325,1.0,-4.0,-62.0
1777890923.5513325,1.0,-2.0,-66.0
1777890923.5613325,1.0,-1.0,-72.0
1777890923.5713325,3.0,0.0,-74.0
1777890923.5813324,-2.0,-2.0,-71.0
1777890923.5913324,1.0,0.0,-69.0
1777890923.6013324,0.0,0.0,-71.0
1777890923.6113324,-3.0,0.0,-79.0
1777890923.6213324,-2.0,2.0,-79.0
1777890923.6313324,0.0,5.0,-78.0
1777890923.6413324,2.0,4.0,-80.0
1777890923.6513324,5.0,0.0,-80.0
1777890923.6613324,3.0,1.0,-79.0
1777890923.6713324,-1.0,3.0,-70.0
1777890923.6813323,0.0,-1.0,-69.0
1777890923.6913323,-2.0,-3.0,-63.0
1777890923.7013323,-3.0,-4.0,-62.0
1777890923.7113323,-6.0,-4.0,-68.0
1777890923.7213323,-5.0,-6.0,-72.0
1777890923.7313323,-5.0,-7.0,-79.0
1777890923.7413323,-9.0,-4.0,-78.0
1777890923.7513323,-3.0,-3.0,-86.0
1777890923.7613325,-1.0,-3.0,-95.0
1777890923.7713325,-1.0,-1.0,-90.0
1777890923.7813325,-3.0,1.0,-90.0
1777890923.7913325,-5.0,-1.0,-89.0
1777890923.8013325,-4.0,-1.0,-78.0
1777890923.8113325,-9.0,0.0,-79.0
1777890923.8213325,-7.0,2.0,-84.0
1777890923.8313324,-4.0,0.0,-92.0
1777890923.8413324,-4.0,0.0,-89.0
1777890923.8513324,-5.0,0.0,-85.0
1777890923.8613324,-6.0,0.0,-79.0
1777890923.8713324,-4.0,2.0,-74.0
1777890923.8813324,-1.0,4.0,-78.0
1777890923.8913324,-2.0,1.0,-74.0
1777890923.9013324,-7.0,-2.0,-68.0
1777890923.9113324,-4.0,1.0,-69.0
1777890923.9213324,-5.0,2.0,-71.0
1777890923.9313323,-4.0,0.0,-78.0
1777890923.9413323,-2.0,-5.0,-87.0
1777890923.9513323,-3.0,-1.0,-82.0
1777890923.9613323,-3.0,0.0,-85.0
1777890923.9713323,-4.0,0.0,-81.0
1777890923.9813323,-2.0,2.0,-81.0
1777890923.9913323,0.0,0.0,-80.0
1777890924.0013323,-4.0,0.0,-78.0
1777890924.0113325,-4.0,0.0,-72.0
1777890924.0213325,-3.0,3.0,-74.0
1777890924.0313325,-2.0,1.0,-65.0
1777890924.0413325,0.0,-1.0,-65.0
1777890924.0513325,1.0,1.0,-68.0
1777890924.0613325,5.0,0.0,-75.0
1777890924.0713325,0.0,-1.0,-77.0
1777890924.0813324,2.0,-3.0,-74.0
1777890924.0913324,4.0,-5.0,-77.0
1777890924.1013324,1.0,-5.0,-80.0
1777890924.1113324,-6.0,-3.0,-77.0
1777890924.1213324,-4.0,0.0,-73.0
1777890924.1313324,-7.0,-5.0,-69.0
1777890924.1413324,-6.0,-3.0,-75.0
1777890924.1513324,-4.0,-4.0,-73.0
1777890924.1613324,-2.0,-5.0,-69.0
1777890924.1713324,0.0,-2.0,-74.0
1777890924.1813323,0.0,-2.0,-71.0
1777890924.1913323,0.0,-8.0,-70.0
1777890924.2013323,0.0,-10.0,-75.0
1777890924.2113323,0.0,-9.0,-70.0
1777890924.2213323,-2.0,-9.0,-71.0
1777890924.2313323,4.0,-8.0,-70.0
1777890924.2413323,2.0,-2.0,-67.0
1777890924.2513323,1.0,-2.0,-69.0
1777890924.2613325,-4.0,1.0,-69.0
1777890924.2713325,-3.0,1.0,-73.0
1777890924.2813325,-4.0,5.0,-77.0
1777890924.2923324,-7.0,8.0,-81.0
1777890924.3013325,-4.0,8.0,-75.0
1777890924.3113325,-1.0,7.0,-73.0
1777890924.3213325,0.0,4.0,-67.0
1777890924.3313324,-2.0,2.0,-70.0
1777890924.3413324,-1.0,6.0,-66.0
1777890924.3513324,0.0,2.0,-72.0
1777890924.3613324,2.0,2.0,-75.0
1777890924.3713324,0.0,4.0,-71.0
1777890924.3813324,0.0,1.0,-74.0
1777890924.3913324,-1.0,1.0,-68.0
1777890924.4013324,-2.0,1.0,-73.0
1777890924.4113324,1.0,1.0,-69.0
1777890924.4213324,0.0,3.0,-67.0
1777890924.4313323,0.0,2.0,-65.0
1777890924.4413323,0.0,3.0,-57.0
1777890924.4513323,-2.0,1.0,-61.0
1777890924.4613323,-3.0,0.0,-66.0
1777890924.4713323,-7.0,3.0,-68.0
1777890924.4813323,-5.0,7.0,-68.0
1777890924.4913323,-2.0,9.0,-69.0
1777890924.5013323,-1.0,2.0,-61.0
1777890924.5113325,-2.0,-2.0,-70.0
1777890924.5213325,-4.0,-2.0,-66.0
1777890924.5313325,-4.0,-1.0,-69.0
1777890924.5413325,0.0,-3.0,-71.0
1777890924.5513325,1.0,-1.0,-76.0
1777890924.5613325,2.0,0.0,-72.0
1777890924.5713325,3.0,2.0,-72.0
1777890924.5813324,1.0,4.0,-74.0
1777890924.5913324,-1.0,2.0,-72.0
1777890924.6013324,0.0,0.0,-73.0
1777890924.6113324,-1.0,0.0,-67.0
1777890924.6213324,6.0,1.0,-72.0
1777890924.6313324,2.0,5.0,-72.0
1777890924.6413324,2.0,3.0,-73.0
1777890924.6513324,-1.0,4.0,-70.0
1777890924.6613324,0.0,2.0,-68.0
1777890924.6713324,2.0,3.0,-70.0
1777890924.6813323,3.0,2.0,-66.0
1777890924.6913323,0.0,2.0,-68.0
1777890924.7013323,3.0,5.0,-69.0
1777890924.7113323,2.0,6.0,-69.0
1777890924.7213323,2.0,2.0,-67.0
1777890924.7313323,6.0,-1.0,-67.0
1777890924.7413323,6.0,-1.0,-73.0
1777890924.7513323,8.0,-3.0,-68.0
1777890924.7613325,4.0,-3.0,-67.0
1777890924.7713325,2.0,-2.0,-68.0
1777890924.7813325,6.0,-3.0,-69.0
1777890924.7913325,4.0,0.0,-67.0
1777890924.8013325,5.0,2.0,-67.0
1777890924.8113325,2.0,3.0,-66.0
1777890924.8213325,0.0,4.0,-67.0
1777890924.8313324,-3.0,5.0,-72.0
1777890924.8413324,-3.0,3.0,-79.0
1777890924.8513324,-4.0,3.0,-79.0
1777890924.8613324,0.0,2.0,-77.0
1777890924.8713324,-2.0,0.0,-78.0
1777890924.8813324,-1.0,0.0,-74.0
1777890924.8913324,-1.0,-3.0,-73.0
1777890924.9013324,-1.0,-8.0,-64.0
1777890924.9113324,0.0,-6.0,-65.0
1777890924.9213324,-2.0,-1.0,-73.0
1777890924.9313323,-2.0,0.0,-77.0
1777890924.9413323,-2.0,-4.0,-69.0
1777890924.9513323,-1.0,0.0,-65.0
1777890924.9613323,-2.0,-3.0,-61.0
1777890924.9713323,-2.0,-7.0,-62.0
1777890924.9813323,-3.0,-4.0,-66.0
1777890924.9913323,-9.0,-4.0,-67.0
1777890925.0013323,-10.0,-5.0,-67.0
1777890925.0113325,-7.0,-10.0,-63.0
1777890925.0213325,-3.0,-8.0,-62.0
1777890925.0313325,0.0,-8.0,-63.0
1777890925.0413325,0.0,-3.0,-68.0
1777890925.0513325,-2.0,0.0,-73.0
1777890925.0613325,-2.0,-1.0,-76.0
1777890925.0713325,-1.0,0.0,-76.0
1777890925.0813324,0.0,0.0,-77.0
1777890925.0913324,1.0,-4.0,-74.0
1777890925.1013324,5.0,-9.0,-74.0
1777890925.1113324,1.0,-6.0,-73.0
1777890925.1213324,0.0,-8.0,-68.0
1777890925.1313324,-3.0,-13.0,-71.0
1777890925.1413324,-2.0,-12.0,-74.0
1777890925.1523323,-1.0,-7.0,-71.0
1777890925.1613324,2.0,-6.0,-62.0
1777890925.1723323,4.0,-5.0,-63.0
1777890925.1823325,-3.0,-9.0,-66.0
1777890925.1923325,-4.0,-10.0,-67.0
1777890925.2023325,-6.0,-2.0,-70.0
1777890925.2123325,-5.0,-3.0,-73.0
1777890925.2223325,-5.0,-5.0,-77.0
1777890925.2323325,-1.0,-3.0,-82.0
1777890925.2423325,-3.0,-2.0,-81.0
1777890925.2523324,-7.0,-5.0,-71.0
1777890925.2623324,-3.0,-7.0,-68.0
1777890925.2723324,-4.0,-5.0,-72.0
1777890925.2823324,-2.0,-3.0,-73.0
1777890925.2923324,-3.0,-4.0,-73.0
1777890925.3023324,0.0,-2.0,-82.0
1777890925.3123324,3.0,-1.0,-82.0
1777890925.3223324,3.0,-3.0,-79.0
1777890925.3323324,0.0,-3.0,-72.0
1777890925.3423324,-3.0,0.0,-67.0
1777890925.3523324,-1.0,0.0,-67.0
1777890925.3623323,1.0,2.0,-71.0
1777890925.3723323,9.0,-2.0,-72.0
1777890925.3823323,12.0,-5.0,-74.0
1777890925.3923323,6.0,-2.0,-71.0
1777890925.4023323,6.0,-4.0,-73.0
1777890925.4123323,5.0,-1.0,-77.0
1777890925.4223323,4.0,1.0,-76.0
1777890925.4323325,7.0,3.0,-68.0
1777890925.4423325,4.0,2.0,-68.0
1777890925.4523325,1.0,2.0,-72.0
1777890925.4623325,1.0,-1.0,-68.0
1777890925.4723325,4.0,0.0,-74.0
1777890925.4823325,4.0,-2.0,-69.0
1777890925.4923325,4.0,-5.0,-71.0
1777890925.5023324,3.0,-3.0,-69.0
1777890925.5123324,1.0,1.0,-73.0
1777890925.5223324,-3.0,-1.0,-74.0
1777890925.5323324,-6.0,1.0,-75.0
1777890925.5423324,-2.0,0.0,-82.0
1777890925.5523324,-1.0,-2.0,-75.0
1777890925.5623324,1.0,0.0,-74.0
1777890925.5723324,2.0,-4.0,-78.0
1777890925.5823324,0.0,-1.0,-69.0
1777890925.5923324,-2.0,0.0,-69.0
1777890925.6023324,-3.0,-1.0,-74.0
1777890925.6123323,-8.0,0.0,-74.0
1777890925.6223323,-7.0,0.0,-75.0
1777890925.6323323,-3.0,3.0,-71.0
1777890925.6423323,-1.0,4.0,-75.0
1777890925.6523323,4.0,4.0,-79.0
1777890925.6623323,5.0,3.0,-76.0
1777890925.6723323,4.0,7.0,-74.0
1777890925.6823325,4.0,3.0,-72.0
1777890925.6923325,5.0,-2.0,-73.0
1777890925.7023325,9.0,-1.0,-73.0
1777890925.7123325,6.0,-3.0,-77.0
1777890925.7223325,10.0,0.0,-74.0
1777890925.7323325,14.0,0.0,-78.0
1777890925.7423325,10.0,1.0,-82.0
1777890925.7523324,8.0,0.0,-82.0
1777890925.7623324,8.0,-2.0,-79.0
1777890925.7723324,6.0,-3.0,-80.0
1777890925.7823324,9.0,-1.0,-80.0
1777890925.7923324,2.0,-5.0,-76.0
1777890925.8023324,1.0,-1.0,-75.0
1777890925.8123324,-3.0,-2.0,-75.0
1777890925.8223324,-1.0,-1.0,-78.0
1777890925.8323324,-2.0,0.0,-80.0
1777890925.8423324,-4.0,0.0,-82.0
1777890925.8523324,-3.0,1.0,-79.0
1777890925.8623323,-3.0,2.0,-74.0
1777890925.8723323,-5.0,1.0,-71.0
1777890925.8823323,-1.0,1.0,-64.0
1777890925.8923323,-1.0,0.0,-65.0
1777890925.9023323,0.0,0.0,-62.0
1777890925.9123323,-2.0,0.0,-59.0
1777890925.9223323,2.0,-1.0,-61.0
1777890925.9323325,3.0,-6.0,-69.0
1777890925.9423325,6.0,-7.0,-72.0
1777890925.9523325,3.0,-6.0,-73.0
1777890925.9623325,5.0,-1.0,-71.0
1777890925.9723325,6.0,1.0,-74.0
1777890925.9823325,8.0,3.0,-73.0
1777890925.9923325,7.0,4.0,-81.0
1777890926.0023324,8.0,0.0,-79.0
1777890926.0123324,11.0,-2.0,-78.0
1777890926.0223324,11.0,-3.0,-80.0
1777890926.0323324,15.0,-4.0,-77.0
1777890926.0423324,17.0,-5.0,-72.0
1777890926.0523324,11.0,-4.0,-77.0
1777890926.0623324,12.0,-1.0,-77.0
1777890926.0723324,10.0,0.0,-72.0
1777890926.0823324,7.0,2.0,-64.0
1777890926.0923324,7.0,6.0,-60.0
1777890926.1023324,6.0,6.0,-67.0
1777890926.1123323,3.0,1.0,-73.0
1777890926.1223323,1.0,-2.0,-74.0
1777890926.1323323,2.0,-3.0,-76.0
1777890926.1423323,1.0,2.0,-76.0
1777890926.1523323,2.0,1.0,-78.0
1777890926.1623323,0.0,2.0,-76.0
1777890926.1723323,2.0,0.0,-79.0
1777890926.1823325,3.0,0.0,-72.0
1777890926.1923325,3.0,-1.0,-62.0
1777890926.2023325,5.0,-2.0,-61.0
1777890926.2123325,5.0,3.0,-63.0
1777890926.2223325,0.0,2.0,-67.0
1777890926.2323325,0.0,3.0,-65.0
1777890926.2423325,0.0,3.0,-69.0
1777890926.2523324,-1.0,0.0,-75.0
1777890926.2623324,-2.0,-4.0,-85.0
1777890926.2723324,-1.0,-6.0,-86.0
1777890926.2823324,-1.0,-8.0,-84.0
1777890926.2923324,1.0,-7.0,-79.0
1777890926.3023324,3.0,-5.0,-85.0
1777890926.3123324,0.0,-5.0,-84.0
1777890926.3223324,-2.0,-3.0,-73.0
1777890926.3323324,-1.0,-7.0,-79.0
1777890926.3423324,2.0,-11.0,-85.0
1777890926.3523324,1.0,-10.0,-88.0
1777890926.3623323,4.0,-7.0,-83.0
1777890926.3723323,3.0,-3.0,-83.0
1777890926.3823323,3.0,-7.0,-75.0
1777890926.3923323,4.0,-5.0,-73.0
1777890926.4023323,7.0,-6.0,-72.0
1777890926.4123323,8.0,-5.0,-71.0
1777890926.4223323,6.0,-4.0,-74.0
1777890926.4323325,8.0,-1.0,-72.0
1777890926.4423325,3.0,-1.0,-74.0
1777890926.4523325,3.0,0.0,-71.0
1777890926.4623325,4.0,-3.0,-67.0
1777890926.4723325,3.0,-7.0,-64.0
1777890926.4823325,3.0,-7.0,-63.0
1777890926.4923325,4.0,-9.0,-68.0
1777890926.5023324,3.0,-11.0,-74.0
1777890926.5123324,0.0,-4.0,-75.0
1777890926.5223324,1.0,-6.0,-77.0
1777890926.5323324,2.0,-5.0,-76.0
1777890926.5423324,6.0,-5.0,-66.0
1777890926.5523324,2.0,-3.0,-69.0
1777890926.5623324,2.0,-1.0,-72.0
1777890926.5723324,-1.0,2.0,-67.0
1777890926.5823324,0.0,3.0,-68.0
1777890926.5923324,0.0,3.0,-69.0
1777890926.6023324,3.0,2.0,-70.0
1777890926.6123323,2.0,0.0,-66.0
1777890926.6223323,4.0,0.0,-59.0
1777890926.6323323,3.0,3.0,-59.0
1777890926.6423323,0.0,3.0,-64.0
1777890926.6523323,-1.0,7.0,-65.0
1777890926.6623323,-2.0,1.0,-62.0
1777890926.6723323,-1.0,-3.0,-66.0
1777890926.6823325,-4.0,-4.0,-64.0
1777890926.6923325,-5.0,-2.0,-66.0
1777890926.7023325,-9.0,-6.0,-70.0
1777890926.7123325,-9.0,-7.0,-66.0
1777890926.7223325,-4.0,-10.0,-68.0
1777890926.7323325,-4.0,-9.0,-68.0
1777890926.7423325,-3.0,-8.0,-77.0
1777890926.7523324,-5.0,-8.0,-78.0
1777890926.7623324,-6.0,-8.0,-82.0
1777890926.7723324,-4.0,-5.0,-72.0
1777890926.7823324,-1.0,-4.0,-68.0
1777890926.7923324,-3.0,-4.0,-69.0
1777890926.8023324,-2.0,-5.0,-74.0
1777890926.8123324,-2.0,1.0,-72.0
1777890926.8223324,2.0,1.0,-75.0
1777890926.8323324,5.0,-1.0,-73.0
1777890926.8423324,3.0,-2.0,-69.0
1777890926.8523324,3.0,-3.0,-65.0
1777890926.8623323,8.0,-5.0,-63.0
1777890926.8723323,7.0,-9.0,-67.0
1777890926.8823323,4.0,-7.0,-73.0
1777890926.8923323,2.0,-5.0,-75.0
1777890926.9023323,7.0,-2.0,-78.0
1777890926.9123323,6.0,-2.0,-72.0
1777890926.9223323,4.0,-1.0,-74.0
1777890926.9323325,3.0,-3.0,-79.0
1777890926.9423325,2.0,-1.0,-81.0
1777890926.9523325,-2.0,-4.0,-79.0
1777890926.9623325,0.0,-5.0,-81.0
1777890926.9723325,0.0,-1.0,-86.0
1777890926.9823325,-1.0,-2.0,-88.0
1777890926.9923325,0.0,-4.0,-90.0
1777890927.0023324,0.0,-4.0,-80.0
1777890927.0123324,3.0,-3.0,-75.0
1777890927.0223324,8.0,0.0,-68.0
1777890927.0323324,7.0,3.0,-65.0
1777890927.0423324,5.0,0.0,-64.0
1777890927.0523324,3.0,1.0,-64.0
1777890927.0623324,5.0,0.0,-68.0
1777890927.0723324,8.0,-1.0,-73.0
1777890927.0823324,5.0,-2.0,-75.0
1777890927.0923324,3.0,-5.0,-72.0
1777890927.1023324,1.0,-7.0,-66.0
1777890927.1123323,4.0,-3.0,-67.0
1777890927.1223323,2.0,0.0,-76.0
1777890927.1323323,1.0,-1.0,-80.0
1777890927.1423323,4.0,-3.0,-85.0
1777890927.1523323,4.0,-9.0,-84.0
1777890927.1633325,4.0,-8.0,-80.0
1777890927.1733325,6.0,-7.0,-76.0
1777890927.1833324,5.0,-7.0,-72.0
1777890927.1923325,7.0,-8.0,-76.0
1777890927.2033324,11.0,-5.0,-77.0
1777890927.2133324,7.0,-4.0,-75.0
1777890927.2233324,9.0,0.0,-74.0
1777890927.2333324,8.0,-1.0,-80.0
1777890927.2433324,2.0,-1.0,-80.0
1777890927.2533324,-2.0,-4.0,-81.0
1777890927.2633324,0.0,-6.0,-76.0
1777890927.2733324,1.0,-9.0,-81.0
1777890927.2833323,1.0,-9.0,-79.0
1777890927.2933323,0.0,-4.0,-73.0
1777890927.3033323,1.0,-4.0,-71.0
1777890927.3133323,0.0,-2.0,-71.0
1777890927.3233323,0.0,-1.0,-62.0
1777890927.3333323,0.0,0.0,-60.0
1777890927.3433323,-2.0,-5.0,-61.0
1777890927.3533323,0.0,0.0,-65.0
1777890927.3633325,-1.0,-1.0,-67.0
1777890927.3733325,2.0,-4.0,-65.0
1777890927.3833325,-2.0,-2.0,-64.0
1777890927.3933325,-5.0,-1.0,-64.0
1777890927.4033325,-2.0,-4.0,-61.0
1777890927.4133325,-1.0,-1.0,-63.0
1777890927.4233325,-1.0,-1.0,-65.0
1777890927.4333324,-4.0,-2.0,-63.0
1777890927.4433324,-8.0,-2.0,-61.0
1777890927.4533324,-11.0,0.0,-64.0
1777890927.4633324,-11.0,2.0,-65.0
1777890927.4733324,-12.0,0.0,-72.0
1777890927.4833324,-10.0,-3.0,-72.0
1777890927.4933324,-9.0,-3.0,-69.0
1777890927.5033324,-4.0,-3.0,-67.0
1777890927.5133324,-6.0,-2.0,-61.0
1777890927.5233324,-7.0,-4.0,-63.0
1777890927.5333323,-5.0,0.0,-57.0
1777890927.5433323,-3.0,0.0,-54.0
1777890927.5533323,0.0,0.0,-53.0
1777890927.5633323,-2.0,-1.0,-58.0
1777890927.5733323,-2.0,0.0,-66.0
1777890927.5833323,-2.0,2.0,-65.0
1777890927.5933323,-6.0,1.0,-64.0
1777890927.6033323,-5.0,1.0,-69.0
1777890927.6133325,-2.0,8.0,-73.0
1777890927.6233325,-5.0,5.0,-72.0
1777890927.6333325,-8.0,4.0,-79.0
1777890927.6433325,-7.0,1.0,-83.0
1777890927.6533325,-4.0,-1.0,-73.0
1777890927.6633325,-3.0,-3.0,-74.0
1777890927.6733325,-5.0,-3.0,-69.0
1777890927.6833324,-8.0,-4.0,-72.0
1777890927.6933324,-9.0,-3.0,-71.0
1777890927.7033324,-5.0,-1.0,-76.0
1777890927.7133324,-4.0,0.0,-75.0
1777890927.7233324,0.0,-1.0,-73.0
1777890927.7333324,3.0,-1.0,-70.0
1777890927.7433324,4.0,-5.0,-72.0
1777890927.7533324,1.0,-10.0,-73.0
1777890927.7633324,4.0,-9.0,-72.0
1777890927.7733324,3.0,-7.0,-63.0
1777890927.7833323,2.0,-4.0,-65.0
1777890927.7933323,2.0,-8.0,-64.0
1777890927.8033323,-1.0,-4.0,-68.0
1777890927.8133323,2.0,-6.0,-71.0
1777890927.8233323,0.0,-7.0,-71.0
1777890927.8333323,0.0,-5.0,-70.0
1777890927.8433323,-1.0,-1.0,-64.0
1777890927.8533323,-1.0,2.0,-61.0
1777890927.8633325,1.0,2.0,-62.0
1777890927.8733325,6.0,1.0,-64.0
1777890927.8833325,0.0,0.0,-69.0
1777890927.8933325,1.0,-2.0,-68.0
1777890927.9033325,0.0,0.0,-68.0
1777890927.9133325,0.0,4.0,-67.0
1777890927.9233325,1.0,3.0,-65.0
1777890927.9333324,0.0,0.0,-65.0
1777890927.9433324,2.0,-3.0,-73.0
1777890927.9533324,1.0,-4.0,-75.0
1777890927.9633324,0.0,-3.0,-83.0
1777890927.9733324,2.0,-5.0,-77.0
1777890927.9833324,2.0,-5.0,-72.0
1777890927.9933324,0.0,-8.0,-74.0
1777890928.0033324,-1.0,-7.0,-73.0
1777890928.0133324,-4.0,-5.0,-76.0
1777890928.0233324,-4.0,-8.0,-79.0
1777890928.0333323,-3.0,-8.0,-79.0
1777890928.0433323,-3.0,-6.0,-78.0
1777890928.0533323,-6.0,-3.0,-79.0
1777890928.0633323,-5.0,-1.0,-84.0
1777890928.0733323,-5.0,-1.0,-75.0
1777890928.0833323,-3.0,-2.0,-71.0
1777890928.0933323,-1.0,-3.0,-79.0
1777890928.1033323,0.0,-5.0,-71.0
1777890928.1133325,1.0,-6.0,-67.0
1777890928.1233325,1.0,-5.0,-65.0
1777890928.1333325,2.0,-4.0,-68.0
1777890928.1433325,2.0,-4.0,-65.0
1777890928.1533325,2.0,-4.0,-67.0
1777890928.1633325,0.0,-8.0,-64.0
1777890928.1733325,3.0,-7.0,-66.0
1777890928.1833324,6.0,-4.0,-66.0
1777890928.1933324,6.0,-6.0,-61.0
1777890928.2033324,3.0,-8.0,-64.0
1777890928.2133324,3.0,-7.0,-66.0
1777890928.2233324,0.0,-5.0,-72.0
1777890928.2333324,2.0,-3.0,-79.0
1777890928.2433324,3.0,-3.0,-82.0
1777890928.2533324,1.0,-1.0,-82.0
1777890928.2633324,2.0,-2.0,-78.0
1777890928.2733324,1.0,0.0,-69.0
1777890928.2833323,2.0,0.0,-68.0
1777890928.2933323,-2.0,1.0,-73.0
1777890928.3033323,-3.0,-2.0,-70.0
1777890928.3133323,-3.0,0.0,-70.0
1777890928.3233323,-1.0,3.0,-70.0
1777890928.3333323,5.0,2.0,-69.0
1777890928.3433323,7.0,1.0,-68.0
1777890928.3533323,7.0,0.0,-73.0
1777890928.3633325,3.0,0.0,-71.0
1777890928.3733325,1.0,0.0,-74.0
1777890928.3833325,3.0,1.0,-78.0
1777890928.3933325,1.0,-3.0,-85.0
1777890928.4033325,4.0,-3.0,-86.0
1777890928.4133325,3.0,-7.0,-87.0
1777890928.4233325,-3.0,-4.0,-83.0
1777890928.4333324,-2.0,-8.0,-86.0
1777890928.4433324,-1.0,-8.0,-87.0
1777890928.4533324,-2.0,-4.0,-77.0
1777890928.4633324,3.0,-4.0,-81.0
1777890928.4733324,3.0,-3.0,-78.0
1777890928.4833324,2.0,-5.0,-71.0
1777890928.4933324,8.0,-8.0,-65.0
1777890928.5033324,7.0,-6.0,-67.0
1777890928.5133324,2.0,-1.0,-73.0
1777890928.5233324,3.0,-2.0,-70.0
1777890928.5333323,3.0,-2.0,-65.0
1777890928.5433323,5.0,-1.0,-64.0
1777890928.5533323,5.0,-1.0,-66.0
1777890928.5633323,6.0,-2.0,-70.0
1777890928.5733323,6.0,-2.0,-71.0
1777890928.5833323,4.0,0.0,-69.0
1777890928.5933323,7.0,1.0,-69.0
1777890928.6033323,7.0,-4.0,-76.0
1777890928.6133325,3.0,-5.0,-76.0
1777890928.6233325,1.0,-4.0,-73.0
1777890928.6333325,6.0,-1.0,-68.0
1777890928.6433325,2.0,-5.0,-68.0
1777890928.6533325,0.0,-6.0,-68.0
1777890928.6633325,-4.0,-6.0,-67.0
1777890928.6733325,-4.0,-4.0,-64.0
1777890928.6833324,3.0,-2.0,-68.0
1777890928.6933324,6.0,-2.0,-72.0
1777890928.7033324,7.0,-4.0,-69.0
1777890928.7133324,8.0,-6.0,-62.0
1777890928.7233324,4.0,-4.0,-64.0
1777890928.7333324,2.0,-2.0,-65.0
1777890928.7433324,4.0,-4.0,-66.0
1777890928.7533324,1.0,-3.0,-68.0
1777890928.7633324,0.0,-5.0,-64.0
1777890928.7733324,0.0,-8.0,-69.0
1777890928.7833323,1.0,-10.0,-71.0
1777890928.7933323,0.0,-11.0,-67.0
1777890928.8033323,-1.0,-16.0,-67.0
1777890928.8133323,2.0,-13.0,-64.0
1777890928.8233323,4.0,-8.0,-63.0
1777890928.8333323,5.0,-9.0,-67.0
1777890928.8433323,7.0,-7.0,-62.0
1777890928.8533323,2.0,-2.0,-63.0
1777890928.8633325,-1.0,-2.0,-68.0
1777890928.8733325,-1.0,0.0,-76.0
1777890928.8833325,0.0,3.0,-85.0
1777890928.8933325,0.0,3.0,-80.0
1777890928.9033325,3.0,0.0,-80.0
1777890928.9133325,3.0,1.0,-78.0
1777890928.9233325,3.0,0.0,-75.0
1777890928.9333324,5.0,0.0,-75.0
1777890928.9433324,4.0,-1.0,-73.0
1777890928.9533324,-2.0,0.0,-75.0
1777890928.9633324,-8.0,0.0,-70.0
1777890928.9733324,-8.0,-1.0,-76.0
1777890928.9833324,-9.0,0.0,-76.0
1777890928.9933324,-5.0,1.0,-71.0
1777890929.0033324,-3.0,0.0,-73.0
1777890929.0133324,-5.0,-1.0,-67.0
1777890929.0233324,-9.0,3.0,-69.0
1777890929.0333323,-7.0,2.0,-68.0
1777890929.0433323,-3.0,2.0,-67.0
1777890929.0533323,-1.0,6.0,-67.0
1777890929.0633323,2.0,3.0,-68.0
1777890929.0733323,2.0,1.0,-69.0
1777890929.0833323,1.0,1.0,-67.0
1777890929.0933323,-1.0,0.0,-64.0
1777890929.1053324,-1.0,0.0,-67.0
1777890929.1143324,0.0,0.0,-74.0
1777890929.1233325,3.0,1.0,-80.0
1777890929.1333325,5.0,-2.0,-77.0
1777890929.1443324,4.0,-4.0,-77.0
1777890929.1543324,3.0,-4.0,-72.0
1777890929.1643324,4.0,-1.0,-75.0
1777890929.1743324,0.0,-5.0,-74.0
1777890929.1843324,-1.0,-3.0,-75.0
1777890929.1943324,-3.0,-4.0,-74.0
1777890929.2043324,-3.0,-3.0,-77.0
1777890929.2143323,2.0,0.0,-70.0
1777890929.2243323,3.0,0.0,-69.0
1777890929.2343323,7.0,1.0,-67.0
1777890929.2443323,5.0,-2.0,-60.0
1777890929.2543323,4.0,-4.0,-65.0
1777890929.2643323,4.0,-6.0,-73.0
1777890929.2743323,7.0,-8.0,-71.0
1777890929.2843325,5.0,-1.0,-74.0
1777890929.2943325,5.0,-4.0,-76.0
1777890929.3043325,1.0,-4.0,-78.0
1777890929.3143325,1.0,-2.0,-76.0
1777890929.3243325,0.0,-3.0,-70.0
1777890929.3343325,-2.0,-3.0,-70.0
1777890929.3443325,-3.0,-3.0,-67.0
1777890929.3543324,-6.0,-6.0,-66.0
1777890929.3643324,-6.0,-2.0,-68.0
1777890929.3743324,-4.0,-3.0,-71.0
1777890929.3843324,0.0,0.0,-71.0
1777890929.3943324,2.0,-2.0,-68.0
1777890929.4043324,4.0,-1.0,-67.0
1777890929.4143324,7.0,-4.0,-61.0
1777890929.4243324,4.0,-2.0,-64.0
1777890929.4343324,7.0,-1.0,-71.0
1777890929.4443324,7.0,-2.0,-72.0
1777890929.4543324,3.0,-3.0,-77.0
1777890929.4643323,1.0,-2.0,-77.0
1777890929.4743323,-1.0,-5.0,-85.0
1777890929.4843323,0.0,-5.0,-82.0
1777890929.4943323,-2.0,-7.0,-83.0
1777890929.5043323,-2.0,-6.0,-83.0
1777890929.5143323,2.0,-6.0,-78.0
1777890929.5243323,0.0,-4.0,-77.0
1777890929.5343325,7.0,0.0,-79.0
1777890929.5443325,4.0,-3.0,-74.0
1777890929.5543325,3.0,0.0,-69.0
1777890929.5643325,3.0,-1.0,-67.0
1777890929.5743325,6.0,2.0,-70.0
1777890929.5843325,6.0,6.0,-78.0
1777890929.5943325,2.0,4.0,-79.0
1777890929.6043324,0.0,5.0,-82.0
1777890929.6143324,0.0,5.0,-81.0
1777890929.6243324,-1.0,5.0,-77.0
1777890929.6343324,1.0,5.0,-77.0
1777890929.6443324,8.0,7.0,-78.0
1777890929.6543324,7.0,2.0,-82.0
1777890929.6643324,2.0,-5.0,-82.0
1777890929.6743324,1.0,-3.0,-80.0
1777890929.6843324,-1.0,-3.0,-81.0
1777890929.6943324,1.0,-1.0,-85.0
1777890929.7043324,4.0,-1.0,-82.0
1777890929.7143323,3.0,-5.0,-81.0
1777890929.7243323,0.0,-6.0,-86.0
1777890929.7343323,-7.0,-4.0,-84.0
1777890929.7443323,-5.0,-3.0,-81.0
1777890929.7543323,-6.0,0.0,-83.0
1777890929.7643323,-4.0,0.0,-81.0
1777890929.7743323,-1.0,0.0,-80.0
1777890929.7843325,-1.0,2.0,-75.0
1777890929.7943325,0.0,2.0,-75.0
1777890929.8043325,4.0,4.0,-78.0
1777890929.8143325,1.0,0.0,-84.0
1777890929.8243325,6.0,0.0,-79.0
1777890929.8343325,6.0,2.0,-79.0
1777890929.8443325,6.0,2.0,-83.0
1777890929.8543324,1.0,0.0,-84.0
1777890929.8643324,2.0,-1.0,-88.0
1777890929.8743324,3.0,-2.0,-83.0
1777890929.8843324,2.0,-5.0,-82.0
1777890929.8943324,4.0,-5.0,-83.0
1777890929.9043324,3.0,-4.0,-84.0
1777890929.9143324,6.0,0.0,-85.0
1777890929.9243324,0.0,0.0,-85.0
1777890929.9343324,-4.0,0.0,-77.0
1777890929.9443324,-5.0,-1.0,-75.0
1777890929.9543324,-6.0,-1.0,-76.0
1777890929.9643323,-2.0,0.0,-78.0
1777890929.9743323,-1.0,-2.0,-76.0
1777890929.9843323,-5.0,0.0,-78.0
1777890929.9943323,-7.0,1.0,-71.0
1777890930.0043323,-3.0,-2.0,-77.0
1777890930.0143323,-5.0,-5.0,-74.0
1777890930.0243323,-11.0,-3.0,-75.0
1777890930.0343325,-11.0,0.0,-77.0
1777890930.0443325,-10.0,-5.0,-73.0
1777890930.0543325,-7.0,-1.0,-77.0
1777890930.0643325,-5.0,4.0,-75.0
1777890930.0743325,0.0,0.0,-73.0
1777890930.0843325,4.0,1.0,-70.0
1777890930.0943325,4.0,1.0,-69.0
1777890930.1043324,2.0,5.0,-70.0
1777890930.1143324,0.0,9.0,-77.0
1777890930.1243324,-3.0,9.0,-77.0
1777890930.1343324,-2.0,6.0,-76.0
1777890930.1443324,-1.0,4.0,-86.0
1777890930.1543324,1.0,-3.0,-82.0
1777890930.1643324,0.0,-8.0,-77.0
1777890930.1743324,-1.0,-5.0,-70.0
1777890930.1843324,0.0,0.0,-72.0
1777890930.1943324,0.0,1.0,-71.0
1777890930.2043324,-1.0,2.0,-71.0
1777890930.2143323,-2.0,0.0,-75.0
1777890930.2243323,-5.0,-1.0,-72.0
1777890930.2343323,-7.0,-1.0,-75.0
1777890930.2443323,-10.0,-1.0,-72.0
1777890930.2543323,-7.0,-1.0,-67.0
1777890930.2643323,-7.0,-2.0,-68.0
1777890930.2743323,-7.0,-2.0,-70.0
1777890930.2843325,-3.0,-1.0,-76.0
1777890930.2943325,1.0,-4.0,-73.0
1777890930.3043325,7.0,0.0,-70.0
1777890930.3143325,7.0,-2.0,-75.0
1777890930.3243325,7.0,-5.0,-78.0
1777890930.3343325,7.0,-4.0,-79.0
1777890930.3443325,11.0,-1.0,-75.0
1777890930.3543324,8.0,-5.0,-67.0
1777890930.3643324,8.0,-1.0,-68.0
1777890930.3743324,5.0,-1.0,-63.0
1777890930.3843324,11.0,-1.0,-55.0
1777890930.3943324,10.0,-1.0,-54.0
1777890930.4043324,6.0,1.0,-56.0
1777890930.4143324,7.0,1.0,-59.0
1777890930.4243324,3.0,1.0,-63.0
1777890930.4343324,2.0,0.0,-66.0
1777890930.4443324,5.0,2.0,-68.0
1777890930.4543324,4.0,1.0,-68.0
1777890930.4643323,4.0,-1.0,-71.0
1777890930.4743323,4.0,-5.0,-71.0
1777890930.4843323,6.0,-3.0,-76.0
1777890930.4943323,3.0,-5.0,-83.0
1777890930.5043323,4.0,-11.0,-82.0
1777890930.5143323,6.0,-11.0,-80.0
1777890930.5243323,12.0,-6.0,-82.0
1777890930.5343325,13.0,-3.0,-74.0
1777890930.5443325,13.0,-6.0,-74.0
1777890930.5543325,9.0,-6.0,-77.0
1777890930.5643325,5.0,-6.0,-72.0
1777890930.5743325,5.0,-1.0,-70.0
1777890930.5843325,4.0,-4.0,-69.0
1777890930.5943325,0.0,-2.0,-68.0
1777890930.6043324,6.0,-3.0,-68.0
1777890930.6143324,6.0,-5.0,-64.0
1777890930.6243324,1.0,-9.0,-61.0
1777890930.6343324,0.0,-6.0,-55.0
1777890930.6443324,5.0,-5.0,-55.0
1777890930.6543324,3.0,-2.0,-56.0
1777890930.6643324,4.0,-3.0,-63.0
1777890930.6743324,7.0,-4.0,-75.0
1777890930.6843324,12.0,0.0,-81.0
1777890930.6943324,13.0,3.0,-82.0
1777890930.7043324,11.0,5.0,-84.0
1777890930.7143323,11.0,1.0,-87.0
1777890930.7243323,3.0,3.0,-82.0
1777890930.7343323,5.0,0.0,-75.0
1777890930.7443323,5.0,-1.0,-74.0
1777890930.7543323,4.0,-1.0,-73.0
1777890930.7643323,4.0,0.0,-70.0
1777890930.7743323,7.0,-1.0,-70.0
1777890930.7843325,5.0,0.0,-66.0
1777890930.7943325,5.0,0.0,-69.0
1777890930.8043325,3.0,-1.0,-64.0
1777890930.8143325,2.0,2.0,-58.0
1777890930.8243325,2.0,-1.0,-55.0
1777890930.8343325,4.0,-1.0,-62.0
1777890930.8443325,1.0,-3.0,-65.0
1777890930.8543324,0.0,-7.0,-68.0
1777890930.8643324,-1.0,-7.0,-70.0
1777890930.8743324,-2.0,-7.0,-75.0
1777890930.8843324,-1.0,-4.0,-74.0
1777890930.8943324,0.0,-2.0,-70.0
1777890930.9043324,0.0,0.0,-70.0
1777890930.9143324,3.0,-1.0,-62.0
1777890930.9243324,2.0,0.0,-58.0
1777890930.9343324,7.0,-2.0,-63.0
1777890930.9443324,5.0,-3.0,-66.0
1777890930.9543324,2.0,-4.0,-65.0
1777890930.9643323,6.0,0.0,-63.0
1777890930.9743323,2.0,-2.0,-62.0
1777890930.9843323,2.0,0.0,-66.0
1777890930.9943323,3.0,-3.0,-68.0
1777890931.0043323,-1.0,-4.0,-66.0
1777890931.0143323,-3.0,-3.0,-69.0
1777890931.0243323,-2.0,-1.0,-68.0
1777890931.0343325,0.0,0.0,-71.0
1777890931.0443325,1.0,-2.0,-77.0
1777890931.0543325,5.0,-4.0,-78.0
1777890931.0643325,4.0,-3.0,-83.0
1777890931.0743325,5.0,-2.0,-79.0
1777890931.0843325,4.0,-1.0,-75.0
1777890931.0943325,6.0,4.0,-76.0
1777890931.1043324,7.0,1.0,-79.0
1777890931.1143324,5.0,0.0,-79.0
1777890931.1243324,4.0,0.0,-79.0
1777890931.1353323,1.0,-2.0,-80.0
1777890931.1443324,0.0,-2.0,-76.0
1777890931.1553323,0.0,0.0,-70.0
1777890931.1653323,-2.0,0.0,-69.0
1777890931.1753323,-3.0,-2.0,-70.0
1777890931.1853323,2.0,-4.0,-69.0
1777890931.1953323,2.0,-2.0,-68.0
1777890931.2053325,2.0,-2.0,-67.0
1777890931.2153325,-1.0,1.0,-63.0
1777890931.2253325,2.0,3.0,-62.0
1777890931.2353325,0.0,2.0,-63.0
1777890931.2453325,2.0,0.0,-62.0
1777890931.2553325,-1.0,0.0,-65.0
1777890931.2653325,-1.0,-1.0,-64.0
1777890931.2753325,-6.0,-4.0,-65.0
1777890931.2853324,-7.0,-1.0,-67.0
1777890931.2953324,-5.0,0.0,-71.0
1777890931.3053324,1.0,0.0,-68.0
1777890931.3153324,2.0,-1.0,-76.0
1777890931.3253324,-1.0,-4.0,-74.0
1777890931.3353324,-3.0,-5.0,-78.0
1777890931.3453324,0.0,-8.0,-75.0
1777890931.3553324,-1.0,-8.0,-72.0
1777890931.3653324,-1.0,-6.0,-74.0
1777890931.3753324,-1.0,-5.0,-68.0
1777890931.3853323,0.0,-1.0,-66.0
1777890931.3953323,-1.0,-1.0,-63.0
1777890931.4053323,0.0,-1.0,-66.0
1777890931.4153323,0.0,-1.0,-73.0
1777890931.4253323,-3.0,2.0,-78.0
1777890931.4353323,-2.0,0.0,-81.0
1777890931.4453323,-3.0,3.0,-76.0
1777890931.4553325,-2.0,4.0,-84.0
1777890931.4653325,0.0,4.0,-89.0
1777890931.4753325,4.0,2.0,-87.0
1777890931.4853325,3.0,1.0,-86.0
1777890931.4953325,-1.0,-1.0,-75.0
1777890931.5053325,1.0,-1.0,-71.0
1777890931.5153325,4.0,-4.0,-70.0
1777890931.5253325,3.0,-2.0,-69.0
1777890931.5353324,5.0,-2.0,-78.0
1777890931.5453324,4.0,-2.0,-74.0
1777890931.5553324,-2.0,-7.0,-75.0
1777890931.5653324,-1.0,-4.0,-71.0
1777890931.5753324,0.0,-4.0,-71.0
1777890931.5853324,-2.0,-4.0,-72.0
1777890931.5953324,0.0,-3.0,-77.0
1777890931.6053324,1.0,-7.0,-80.0
1777890931.6153324,3.0,-6.0,-82.0
1777890931.6253324,6.0,-5.0,-75.0
1777890931.6353323,4.0,-6.0,-75.0
1777890931.6453323,4.0,-4.0,-79.0
1777890931.6553323,9.0,-1.0,-82.0
1777890931.6653323,10.0,-3.0,-76.0
1777890931.6753323,14.0,-3.0,-74.0
1777890931.6853323,8.0,-4.0,-70.0
1777890931.6953323,4.0,-2.0,-70.0
1777890931.7053325,2.0,3.0,-64.0
1777890931.7153325,0.0,8.0,-63.0
1777890931.7253325,0.0,3.0,-70.0
1777890931.7353325,-1.0,0.0,-72.0
1777890931.7453325,-1.0,2.0,-73.0
1777890931.7553325,0.0,0.0,-69.0
1777890931.7653325,-2.0,0.0,-71.0
1777890931.7753325,-2.0,0.0,-79.0
1777890931.7853324,-1.0,0.0,-79.0
1777890931.7953324,-1.0,-4.0,-81.0
1777890931.8053324,1.0,-2.0,-72.0
1777890931.8153324,1.0,0.0,-75.0
1777890931.8253324,0.0,-1.0,-68.0
1777890931.8353324,0.0,2.0,-69.0
1777890931.8453324,1.0,0.0,-70.0
1777890931.8553324,4.0,4.0,-69.0
1777890931.8663323,0.0,3.0,-75.0
1777890931.8753324,0.0,4.0,-80.0
1777890931.8853323,1.0,0.0,-76.0
1777890931.8953323,1.0,0.0,-73.0
1777890931.9053323,2.0,0.0,-63.0
1777890931.9153323,0.0,0.0,-62.0
1777890931.9253323,-2.0,-3.0,-69.0
1777890931.9353323,0.0,-3.0,-68.0
1777890931.9453323,0.0,-1.0,-74.0
1777890931.9553325,-1.0,-2.0,-80.0
1777890931.9653325,0.0,0.0,-82.0
1777890931.9753325,0.0,-2.0,-79.0
1777890931.9853325,4.0,-4.0,-76.0
1777890931.9953325,1.0,-2.0,-80.0
1777890932.0053325,1.0,-2.0,-81.0
1777890932.0153325,0.0,-2.0,-84.0
1777890932.0253325,1.0,-3.0,-80.0
1777890932.0353324,4.0,-4.0,-82.0
1777890932.0453324,0.0,-7.0,-80.0
1777890932.0553324,-3.0,-8.0,-83.0
1777890932.0653324,0.0,-6.0,-78.0
1777890932.0753324,0.0,-4.0,-80.0
1777890932.0853324,0.0,-3.0,-88.0
1777890932.0953324,-1.0,-4.0,-83.0
1777890932.1053324,-1.0,-7.0,-77.0
1777890932.1153324,0.0,-6.0,-71.0
1777890932.1253324,1.0,-7.0,-67.0
1777890932.1353323,5.0,-5.0,-67.0
1777890932.1453323,3.0,-7.0,-62.0
1777890932.1553323,-1.0,-4.0,-66.0
1777890932.1653323,0.0,3.0,-67.0
1777890932.1753323,-2.0,0.0,-77.0
1777890932.1853323,-3.0,-1.0,-75.0
1777890932.1953323,0.0,-1.0,-73.0
1777890932.2053325,0.0,-1.0,-75.0
1777890932.2153325,1.0,0.0,-77.0
1777890932.2253325,-2.0,-3.0,-76.0
1777890932.2353325,-2.0,1.0,-71.0
1777890932.2453325,-4.0,4.0,-71.0
1777890932.2553325,-3.0,0.0,-71.0
1777890932.2653325,-3.0,1.0,-70.0
1777890932.2753325,-3.0,2.0,-68.0
1777890932.2853324,2.0,5.0,-75.0
1777890932.2953324,4.0,6.0,-72.0
1777890932.3053324,7.0,2.0,-69.0
1777890932.3153324,9.0,2.0,-66.0
1777890932.3253324,5.0,5.0,-73.0
1777890932.3353324,6.0,1.0,-81.0
1777890932.3453324,5.0,0.0,-82.0
1777890932.3553324,3.0,-1.0,-78.0
1777890932.3653324,5.0,-2.0,-80.0
1777890932.3753324,4.0,-3.0,-71.0
1777890932.3853323,-4.0,-1.0,-76.0
1777890932.3953323,0.0,-1.0,-78.0
1777890932.4053323,1.0,0.0,-77.0
1777890932.4153323,4.0,1.0,-77.0
1777890932.4253323,0.0,-1.0,-81.0
1777890932.4353323,0.0,-2.0,-71.0
1777890932.4453323,0.0,-1.0,-73.0
1777890932.4553325,5.0,1.0,-72.0
1777890932.4653325,10.0,0.0,-74.0
1777890932.4753325,8.0,0.0,-69.0
1777890932.4853325,5.0,-2.0,-66.0
1777890932.4953325,4.0,0.0,-68.0
1777890932.5053325,0.0,4.0,-70.0
1777890932.5153325,-7.0,6.0,-73.0
1777890932.5253325,-8.0,4.0,-79.0
1777890932.5353324,-10.0,0.0,-84.0
1777890932.5453324,-7.0,0.0,-82.0
1777890932.5553324,-4.0,0.0,-72.0
1777890932.5653324,-3.0,0.0,-74.0
1777890932.5753324,1.0,-4.0,-74.0
1777890932.5853324,0.0,-5.0,-76.0
1777890932.5953324,-3.0,-7.0,-74.0
1777890932.6053324,0.0,-9.0,-70.0
1777890932.6153324,4.0,-9.0,-75.0
1777890932.6253324,4.0,-6.0,-71.0
1777890932.6353323,0.0,-4.0,-71.0
1777890932.6453323,0.0,-4.0,-73.0
1777890932.6553323,2.0,-2.0,-70.0
1777890932.6653323,0.0,-2.0,-75.0
1777890932.6753323,-5.0,0.0,-74.0
1777890932.6853323,-2.0,0.0,-70.0
1777890932.6953323,-1.0,0.0,-69.0
1777890932.7053325,0.0,7.0,-66.0
1777890932.7153325,0.0,9.0,-70.0
1777890932.7253325,0.0,7.0,-73.0
1777890932.7353325,-1.0,4.0,-72.0
1777890932.7453325,0.0,4.0,-71.0
1777890932.7553325,-3.0,2.0,-76.0
1777890932.7653325,0.0,2.0,-75.0
1777890932.7753325,-1.0,4.0,-69.0
1777890932.7853324,0.0,1.0,-59.0
1777890932.7953324,2.0,-2.0,-51.0
1777890932.8053324,0.0,-2.0,-49.0
1777890932.8153324,-3.0,0.0,-48.0
1777890932.8253324,-2.0,1.0,-59.0
1777890932.8353324,-3.0,3.0,-61.0
1777890932.8453324,-6.0,0.0,-63.0
1777890932.8553324,-1.0,0.0,-65.0
1777890932.8653324,1.0,0.0,-75.0
1777890932.8753324,-3.0,-3.0,-74.0
1777890932.8853323,-4.0,-1.0,-73.0
1777890932.8953323,-2.0,0.0,-69.0
1777890932.9053323,0.0,3.0,-75.0
1777890932.9153323,-2.0,1.0,-74.0
1777890932.9253323,-2.0,-1.0,-79.0
1777890932.9353323,-1.0,-4.0,-81.0
1777890932.9453323,2.0,-6.0,-81.0
1777890932.9553325,0.0,-5.0,-88.0
1777890932.9653325,3.0,-2.0,-89.0
1777890932.9753325,8.0,-5.0,-81.0
1777890932.9853325,6.0,-7.0,-74.0
1777890932.9953325,7.0,-3.0,-77.0
1777890933.0053325,5.0,-5.0,-79.0
1777890933.0153325,0.0,-7.0,-84.0
1777890933.0253325,0.0,-8.0,-78.0
1777890933.0353324,5.0,-7.0,-77.0
1777890933.0453324,1.0,0.0,-71.0
1777890933.0553324,4.0,1.0,-70.0
1777890933.0653324,6.0,3.0,-69.0
1777890933.0753324,1.0,5.0,-69.0
1777890933.0853324,1.0,3.0,-75.0
1777890933.0963323,3.0,3.0,-70.0
1777890933.1063323,1.0,2.0,-65.0
1777890933.1163323,2.0,5.0,-72.0
1777890933.1263323,0.0,7.0,-71.0
1777890933.1363325,0.0,6.0,-65.0
1777890933.1463325,-1.0,7.0,-63.0
1777890933.1563325,-3.0,1.0,-62.0
1777890933.1663325,-8.0,0.0,-71.0
1777890933.1763325,-6.0,2.0,-74.0
1777890933.1863325,-2.0,1.0,-76.0
1777890933.1963325,0.0,0.0,-69.0
1777890933.2063324,-1.0,0.0,-65.0
1777890933.2163324,0.0,0.0,-59.0
1777890933.2263324,0.0,1.0,-64.0
1777890933.2363324,4.0,1.0,-68.0
1777890933.2463324,-2.0,3.0,-66.0
1777890933.2563324,-2.0,2.0,-66.0
1777890933.2663324,-3.0,0.0,-65.0
1777890933.2763324,-4.0,-2.0,-71.0
1777890933.2863324,-8.0,-3.0,-74.0
1777890933.2963324,-10.0,-1.0,-77.0
1777890933.3063323,-6.0,0.0,-74.0
1777890933.3163323,0.0,-3.0,-75.0
1777890933.3263323,-1.0,0.0,-79.0
1777890933.3363323,0.0,2.0,-80.0
1777890933.3463323,0.0,3.0,-82.0
1777890933.3563323,-1.0,-1.0,-72.0
1777890933.3663323,-1.0,-3.0,-72.0
1777890933.3763323,0.0,-7.0,-74.0
1777890933.3863325,0.0,-7.0,-69.0
1777890933.3963325,-8.0,-2.0,-69.0
1777890933.4063325,-7.0,-1.0,-70.0
1777890933.4163325,-5.0,0.0,-73.0
1777890933.4263325,-1.0,1.0,-66.0
1777890933.4363325,-3.0,0.0,-66.0
1777890933.4463325,-5.0,-3.0,-69.0
1777890933.4563324,0.0,-3.0,-74.0
1777890933.4663324,0.0,-1.0,-70.0
1777890933.4763324,-2.0,0.0,-69.0
1777890933.4863324,-2.0,0.0,-68.0
1777890933.4963324,-3.0,0.0,-62.0
1777890933.5063324,-5.0,0.0,-67.0
1777890933.5163324,-10.0,0.0,-68.0
1777890933.5263324,-2.0,-1.0,-70.0
1777890933.5363324,-3.0,-1.0,-80.0
1777890933.5463324,-1.0,-3.0,-75.0
1777890933.5563323,-1.0,-4.0,-79.0
1777890933.5663323,-1.0,-6.0,-78.0
1777890933.5763323,-2.0,-5.0,-70.0
1777890933.5863323,0.0,-5.0,-64.0
1777890933.5963323,0.0,-7.0,-62.0
1777890933.6063323,-1.0,-9.0,-66.0
1777890933.6163323,-2.0,-9.0,-64.0
1777890933.6263323,-2.0,-7.0,-64.0
1777890933.6363325,0.0,-3.0,-64.0
1777890933.6463325,-1.0,-5.0,-68.0
1777890933.6563325,-4.0,-7.0,-77.0
1777890933.6663325,-5.0,-4.0,-73.0
1777890933.6763325,-2.0,-2.0,-69.0
1777890933.6863325,3.0,0.0,-70.0
1777890933.6963325,2.0,2.0,-78.0
1777890933.7063324,3.0,5.0,-82.0
1777890933.7163324,0.0,8.0,-79.0
1777890933.7263324,-4.0,2.0,-74.0
1777890933.7363324,-1.0,3.0,-66.0
1777890933.7463324,3.0,6.0,-63.0
1777890933.7563324,3.0,2.0,-62.0
1777890933.7663324,1.0,1.0,-66.0
1777890933.7763324,-1.0,0.0,-71.0
1777890933.7863324,-2.0,-1.0,-69.0
1777890933.7963324,0.0,0.0,-68.0
1777890933.8063323,0.0,1.0,-70.0
1777890933.8163323,0.0,3.0,-70.0
1777890933.8263323,-1.0,5.0,-71.0
1777890933.8363323,-3.0,2.0,-73.0
1777890933.8463323,-5.0,1.0,-72.0
1777890933.8563323,-6.0,0.0,-67.0
1777890933.8663323,-4.0,-1.0,-64.0
1777890933.8763323,-1.0,0.0,-73.0
1777890933.8863325,0.0,3.0,-66.0
1777890933.8963325,3.0,8.0,-63.0
1777890933.9063325,-1.0,9.0,-70.0
1777890933.9163325,-2.0,5.0,-76.0
1777890933.9263325,-1.0,4.0,-77.0
1777890933.9363325,-2.0,3.0,-77.0
1777890933.9463325,-2.0,2.0,-75.0
1777890933.9563324,0.0,5.0,-70.0
1777890933.9663324,0.0,4.0,-71.0
1777890933.9763324,4.0,2.0,-72.0
1777890933.9863324,5.0,4.0,-81.0
1777890933.9963324,0.0,4.0,-86.0
1777890934.0063324,2.0,4.0,-87.0
1777890934.0163324,2.0,1.0,-88.0
1777890934.0263324,-1.0,0.0,-82.0
1777890934.0363324,-2.0,2.0,-79.0
1777890934.0463324,-3.0,1.0,-72.0
1777890934.0563323,0.0,0.0,-82.0
1777890934.0663323,1.0,-1.0,-83.0
1777890934.0763323,4.0,-4.0,-85.0
1777890934.0863323,5.0,-3.0,-79.0
1777890934.0963323,1.0,-3.0,-74.0
1777890934.1063323,1.0,0.0,-79.0
1777890934.1163323,2.0,3.0,-78.0
1777890934.1263323,5.0,2.0,-82.0
1777890934.1363325,2.0,-3.0,-85.0
1777890934.1463325,1.0,-9.0,-87.0
1777890934.1563325,-2.0,-7.0,-82.0
1777890934.1663325,-5.0,-6.0,-82.0
1777890934.1763325,0.0,-8.0,-84.0
1777890934.1863325,1.0,-8.0,-80.0
1777890934.1963325,-1.0,-6.0,-79.0
1777890934.2063324,-1.0,-5.0,-80.0
1777890934.2163324,-2.0,-6.0,-75.0
1777890934.2263324,0.0,-5.0,-72.0
1777890934.2363324,1.0,-3.0,-75.0
1777890934.2463324,-1.0,-1.0,-73.0
1777890934.2563324,-3.0,-1.0,-78.0
1777890934.2663324,0.0,0.0,-78.0
1777890934.2763324,1.0,2.0,-75.0
1777890934.2863324,0.0,2.0,-77.0
1777890934.2963324,1.0,-1.0,-74.0
1777890934.3063323,2.0,-1.0,-65.0
1777890934.3163323,0.0,-2.0,-60.0
1777890934.3263323,-1.0,-2.0,-69.0
1777890934.3363323,-2.0,-2.0,-72.0
1777890934.3463323,-1.0,0.0,-69.0
1777890934.3563323,-6.0,-1.0,-68.0
1777890934.3663323,-1.0,0.0,-73.0
1777890934.3763323,-2.0,2.0,-72.0
1777890934.3863325,-1.0,2.0,-74.0
1777890934.3963325,0.0,3.0,-72.0
1777890934.4063325,1.0,2.0,-74.0
1777890934.4163325,-1.0,3.0,-68.0
1777890934.4263325,-1.0,0.0,-67.0
1777890934.4363325,-3.0,0.0,-66.0
1777890934.4463325,-1.0,-2.0,-67.0
1777890934.4563324,0.0,1.0,-62.0
1777890934.4663324,0.0,-1.0,-69.0
1777890934.4763324,3.0,2.0,-67.0
1777890934.4863324,1.0,-1.0,-72.0
1777890934.4963324,0.0,-2.0,-75.0
1777890934.5063324,0.0,-1.0,-81.0
1777890934.5163324,-3.0,0.0,-78.0
1777890934.5263324,-4.0,2.0,-80.0
1777890934.5363324,0.0,4.0,-77.0
1777890934.5463324,-1.0,9.0,-76.0
1777890934.5563323,0.0,8.0,-77.0
1777890934.5663323,2.0,10.0,-80.0
1777890934.5763323,3.0,7.0,-75.0
1777890934.5863323,4.0,7.0,-74.0
1777890934.5963323,-2.0,5.0,-74.0
1777890934.6063323,1.0,0.0,-75.0
1777890934.6163323,1.0,2.0,-81.0
1777890934.6263323,2.0,4.0,-78.0
1777890934.6363325,6.0,5.0,-81.0
1777890934.6463325,4.0,3.0,-78.0
1777890934.6563325,3.0,2.0,-78.0
1777890934.6663325,4.0,0.0,-71.0
1777890934.6763325,4.0,-2.0,-70.0
1777890934.6863325,5.0,-3.0,-72.0
1777890934.6963325,6.0,0.0,-74.0
1777890934.7063324,2.0,0.0,-77.0
1777890934.7163324,2.0,-5.0,-74.0
1777890934.7263324,3.0,-3.0,-67.0
1777890934.7363324,7.0,-2.0,-62.0
1777890934.7463324,1.0,-5.0,-61.0
1777890934.7563324,1.0,-7.0,-62.0
1777890934.7663324,1.0,-7.0,-63.0
1777890934.7763324,-1.0,-4.0,-66.0
1777890934.7863324,0.0,-3.0,-68.0
1777890934.7963324,-3.0,-2.0,-69.0
1777890934.8063323,-1.0,-2.0,-71.0
1777890934.8163323,1.0,0.0,-73.0
1777890934.8263323,5.0,1.0,-70.0
1777890934.8363323,5.0,0.0,-72.0
1777890934.8463323,9.0,1.0,-67.0
1777890934.8563323,13.0,0.0,-65.0
1777890934.8663323,12.0,0.0,-69.0
1777890934.8763323,10.0,-1.0,-69.0
1777890934.8863325,6.0,-1.0,-70.0
1777890934.8963325,-2.0,0.0,-70.0
1777890934.9063325,-1.0,0.0,-73.0
1777890934.9163325,-2.0,-1.0,-74.0
1777890934.9263325,-4.0,-5.0,-69.0
1777890934.9363325,-3.0,-5.0,-71.0
1777890934.9463325,0.0,-5.0,-70.0
1777890934.9563324,0.0,-2.0,-74.0
1777890934.9663324,2.0,-3.0,-75.0
1777890934.9763324,0.0,-2.0,-69.0
1777890934.9863324,3.0,-3.0,-70.0
1777890934.9963324,6.0,-5.0,-68.0
1777890935.0063324,4.0,-8.0,-66.0
1777890935.0163324,4.0,-9.0,-69.0
1777890935.0263324,4.0,-6.0,-64.0
1777890935.0363324,4.0,-1.0,-65.0
1777890935.0463324,2.0,0.0,-66.0
1777890935.0563323,-4.0,-1.0,-68.0
1777890935.0663323,-5.0,-2.0,-66.0
1777890935.0773325,-4.0,1.0,-74.0
1777890935.0863323,-5.0,5.0,-72.0
1777890935.0963323,-6.0,9.0,-70.0
1777890935.1073325,-4.0,10.0,-76.0
1777890935.1173325,-3.0,12.0,-76.0
1777890935.1273324,-2.0,8.0,-75.0
1777890935.1373324,0.0,3.0,-81.0
1777890935.1473324,1.0,3.0,-84.0
1777890935.1573324,0.0,3.0,-86.0
1777890935.1673324,1.0,3.0,-87.0
1777890935.1773324,5.0,0.0,-78.0
1777890935.1873324,3.0,2.0,-78.0
1777890935.1973324,6.0,4.0,-69.0
1777890935.2073324,4.0,2.0,-71.0
1777890935.2173324,3.0,5.0,-73.0
1777890935.2273324,2.0,3.0,-76.0
1777890935.2373323,2.0,2.0,-79.0
1777890935.2473323,3.0,-1.0,-74.0
1777890935.2573323,4.0,1.0,-74.0
1777890935.2673323,0.0,-1.0,-76.0
1777890935.2773323,4.0,0.0,-77.0
1777890935.2873323,7.0,-1.0,-80.0
1777890935.2973323,8.0,-1.0,-76.0
1777890935.3073325,7.0,1.0,-76.0
1777890935.3173325,2.0,1.0,-71.0
1777890935.3273325,5.0,-2.0,-68.0
1777890935.3373325,7.0,-2.0,-64.0
1777890935.3473325,5.0,-1.0,-62.0
1777890935.3573325,7.0,-2.0,-69.0
1777890935.3673325,2.0,-2.0,-71.0
1777890935.3773324,-1.0,-2.0,-72.0
1777890935.3873324,-4.0,0.0,-76.0
1777890935.3973324,-5.0,-1.0,-73.0
1777890935.4073324,-1.0,-2.0,-69.0
1777890935.4173324,2.0,0.0,-59.0
1777890935.4273324,2.0,3.0,-64.0
1777890935.4373324,2.0,3.0,-66.0
1777890935.4473324,-1.0,4.0,-68.0
1777890935.4573324,2.0,5.0,-79.0
1777890935.4673324,7.0,5.0,-86.0
1777890935.4773324,2.0,3.0,-79.0
1777890935.4873323,0.0,4.0,-76.0
1777890935.4973323,1.0,1.0,-75.0
1777890935.5073323,0.0,2.0,-77.0
1777890935.5173323,-6.0,2.0,-75.0
1777890935.5273323,-5.0,1.0,-74.0
1777890935.5373323,-9.0,2.0,-76.0
1777890935.5473323,-5.0,-1.0,-70.0
1777890935.5573325,-2.0,-3.0,-69.0
1777890935.5673325,-3.0,-1.0,-69.0
1777890935.5773325,-2.0,0.0,-68.0
1777890935.5873325,1.0,-2.0,-72.0
1777890935.5973325,4.0,-4.0,-75.0
1777890935.6073325,6.0,0.0,-73.0
1777890935.6173325,5.0,-4.0,-66.0
1777890935.6273324,4.0,-2.0,-67.0
1777890935.6373324,3.0,-3.0,-63.0
1777890935.6473324,1.0,-1.0,-62.0
1777890935.6573324,1.0,-5.0,-70.0
1777890935.6673324,0.0,-2.0,-70.0
1777890935.6773324,0.0,0.0,-69.0
1777890935.6873324,1.0,0.0,-69.0
1777890935.6973324,1.0,1.0,-67.0
1777890935.7073324,3.0,3.0,-71.0
1777890935.7173324,4.0,3.0,-73.0
1777890935.7273324,5.0,0.0,-75.0
1777890935.7373323,2.0,-1.0,-75.0
1777890935.7473323,0.0,0.0,-79.0
1777890935.7573323,-2.0,3.0,-80.0
1777890935.7673323,-6.0,4.0,-77.0
1777890935.7773323,-2.0,5.0,-78.0
1777890935.7873323,-4.0,8.0,-76.0
1777890935.7973323,-2.0,6.0,-75.0
1777890935.8073325,-5.0,3.0,-73.0
1777890935.8173325,-5.0,2.0,-71.0
1777890935.8273325,-7.0,1.0,-72.0
1777890935.8373325,-5.0,-6.0,-71.0
1777890935.8473325,-7.0,-6.0,-77.0
1777890935.8573325,-3.0,-5.0,-75.0
1777890935.8673325,-3.0,-1.0,-78.0
1777890935.8773324,0.0,-1.0,-77.0
1777890935.8873324,2.0,-5.0,-81.0
1777890935.8973324,0.0,-2.0,-73.0
1777890935.9073324,1.0,0.0,-70.0
1777890935.9173324,0.0,1.0,-71.0
1777890935.9273324,-4.0,1.0,-75.0
1777890935.9373324,-6.0,4.0,-73.0
1777890935.9473324,-4.0,6.0,-73.0
1777890935.9573324,-4.0,6.0,-73.0
1777890935.9673324,1.0,1.0,-69.0
1777890935.9773324,3.0,3.0,-65.0
1777890935.9873323,5.0,7.0,-65.0
1777890935.9973323,4.0,4.0,-65.0
1777890936.0073323,2.0,6.0,-65.0
1777890936.0173323,0.0,6.0,-64.0
1777890936.0273323,-3.0,2.0,-68.0
1777890936.0373323,1.0,-5.0,-69.0
1777890936.0473323,-1.0,-6.0,-73.0
1777890936.0573325,3.0,0.0,-74.0
1777890936.0673325,1.0,3.0,-77.0
1777890936.0773325,0.0,0.0,-70.0
1777890936.0873325,-1.0,2.0,-73.0
1777890936.0973325,-3.0,1.0,-71.0
1777890936.1073325,0.0,1.0,-72.0
1777890936.1173325,0.0,-1.0,-74.0
1777890936.1273324,2.0,4.0,-72.0
1777890936.1373324,7.0,3.0,-69.0
1777890936.1473324,7.0,5.0,-71.0
1777890936.1573324,6.0,2.0,-71.0
1777890936.1673324,7.0,1.0,-72.0
1777890936.1773324,2.0,0.0,-77.0
1777890936.1873324,3.0,0.0,-80.0
1777890936.1973324,3.0,-6.0,-79.0
1777890936.2073324,1.0,-9.0,-80.0
1777890936.2173324,0.0,-2.0,-77.0
1777890936.2273324,5.0,0.0,-87.0
1777890936.2373323,5.0,0.0,-89.0
1777890936.2473323,2.0,2.0,-89.0
1777890936.2573323,0.0,1.0,-85.0
1777890936.2673323,0.0,0.0,-79.0
1777890936.2773323,1.0,0.0,-71.0
1777890936.2873323,0.0,1.0,-73.0
1777890936.2973323,2.0,2.0,-72.0
1777890936.3073325,2.0,1.0,-67.0
1777890936.3173325,3.0,3.0,-68.0
1777890936.3273325,-4.0,3.0,-67.0
1777890936.3373325,-4.0,4.0,-70.0
1777890936.3473325,-6.0,1.0,-75.0
1777890936.3573325,-8.0,1.0,-73.0
1777890936.3673325,-5.0,0.0,-81.0
1777890936.3773324,-7.0,3.0,-79.0
1777890936.3873324,-3.0,5.0,-79.0
1777890936.3973324,-3.0,9.0,-78.0
1777890936.4073324,-1.0,8.0,-74.0
1777890936.4173324,-1.0,6.0,-77.0
1777890936.4273324,1.0,7.0,-76.0
1777890936.4373324,2.0,1.0,-68.0
1777890936.4473324,4.0,1.0,-60.0
1777890936.4573324,3.0,0.0,-58.0
1777890936.4673324,2.0,-2.0,-65.0
1777890936.4783323,0.0,-6.0,-75.0
1777890936.4873323,-4.0,-3.0,-81.0
1777890936.4973323,-4.0,-3.0,-85.0
1777890936.5073323,-4.0,2.0,-81.0
1777890936.5173323,-5.0,2.0,-75.0
1777890936.5273323,-1.0,0.0,-73.0
1777890936.5373323,0.0,-1.0,-70.0
1777890936.5473323,0.0,0.0,-68.0
1777890936.5573325,1.0,1.0,-72.0
1777890936.5673325,0.0,-1.0,-71.0
1777890936.5773325,-4.0,-1.0,-70.0
1777890936.5873325,-3.0,1.0,-67.0
1777890936.5973325,-7.0,0.0,-70.0
1777890936.6073325,-2.0,1.0,-75.0
1777890936.6173325,0.0,3.0,-71.0
1777890936.6273324,-2.0,6.0,-74.0
1777890936.6373324,-3.0,5.0,-75.0
1777890936.6473324,-6.0,3.0,-77.0
1777890936.6573324,-6.0,0.0,-80.0
1777890936.6673324,-1.0,-2.0,-74.0
1777890936.6773324,3.0,-3.0,-76.0
1777890936.6873324,8.0,-2.0,-79.0
1777890936.6973324,8.0,-2.0,-78.0
1777890936.7073324,7.0,-2.0,-76.0
1777890936.7173324,2.0,-3.0,-69.0
1777890936.7273324,-3.0,0.0,-70.0
1777890936.7373323,-3.0,0.0,-68.0
1777890936.7473323,-3.0,5.0,-68.0
1777890936.7573323,-6.0,8.0,-64.0
1777890936.7673323,-5.0,6.0,-66.0
1777890936.7773323,-7.0,3.0,-70.0
1777890936.7873323,-5.0,5.0,-69.0
1777890936.7973323,-6.0,7.0,-76.0
1777890936.8073325,-8.0,6.0,-75.0
1777890936.8173325,-5.0,7.0,-77.0
1777890936.8273325,0.0,4.0,-81.0
1777890936.8373325,0.0,4.0,-76.0
1777890936.8473325,-1.0,2.0,-78.0
1777890936.8573325,-3.0,-3.0,-81.0
1777890936.8673325,0.0,-3.0,-81.0
1777890936.8773324,1.0,-2.0,-80.0
1777890936.8873324,1.0,1.0,-79.0
1777890936.8973324,1.0,2.0,-81.0
1777890936.9073324,2.0,1.0,-89.0
1777890936.9173324,4.0,-1.0,-89.0
1777890936.9273324,7.0,-2.0,-77.0
1777890936.9373324,8.0,1.0,-76.0
1777890936.9473324,10.0,8.0,-72.0
1777890936.9573324,6.0,7.0,-67.0
1777890936.9673324,2.0,4.0,-69.0
1777890936.9773324,4.0,0.0,-69.0
1777890936.9873323,7.0,1.0,-70.0
1777890936.9973323,6.0,2.0,-72.0
1777890937.0073323,4.0,-3.0,-75.0
1777890937.0173323,2.0,-2.0,-82.0
1777890937.0273323,7.0,-1.0,-81.0
1777890937.0373323,8.0,2.0,-77.0
1777890937.0473323,6.0,0.0,-75.0
1777890937.0573325,6.0,-2.0,-74.0
1777890937.0673325,1.0,-4.0,-74.0
1777890937.0773325,0.0,-4.0,-82.0
1777890937.0883324,-1.0,-3.0,-82.0
1777890937.0983324,4.0,-5.0,-79.0
1777890937.1083324,6.0,-2.0,-73.0
1777890937.1183324,4.0,-4.0,-75.0
1777890937.1283324,3.0,-5.0,-73.0
1777890937.1383324,4.0,-3.0,-75.0
1777890937.1483324,5.0,-2.0,-75.0
1777890937.1573324,6.0,-2.0,-76.0
1777890937.1683323,11.0,-2.0,-79.0
1777890937.1783323,9.0,-1.0,-64.0
1777890937.1883323,7.0,-7.0,-64.0
1777890937.1983323,7.0,-9.0,-64.0
1777890937.2083323,7.0,-5.0,-70.0
1777890937.2183323,6.0,-3.0,-68.0
1777890937.2283323,7.0,-1.0,-71.0
1777890937.2383325,7.0,-1.0,-73.0
1777890937.2483325,2.0,-1.0,-74.0
1777890937.2583325,4.0,-1.0,-69.0
1777890937.2683325,-1.0,0.0,-66.0
1777890937.2783325,-2.0,0.0,-62.0
1777890937.2883325,-1.0,-2.0,-69.0
1777890937.2983325,-2.0,-6.0,-81.0
1777890937.3083324,-2.0,0.0,-86.0
1777890937.3183324,-1.0,0.0,-90.0
1777890937.3283324,-4.0,-3.0,-89.0
1777890937.3383324,-3.0,0.0,-82.0
1777890937.3483324,1.0,-1.0,-88.0
1777890937.3583324,1.0,2.0,-87.0
1777890937.3683324,1.0,1.0,-89.0
1777890937.3783324,-2.0,1.0,-87.0
1777890937.3883324,0.0,-2.0,-78.0
1777890937.3983324,-2.0,-7.0,-78.0
1777890937.4083323,2.0,-6.0,-82.0
1777890937.4183323,5.0,-2.0,-77.0
1777890937.4283323,3.0,2.0,-77.0
1777890937.4383323,5.0,3.0,-77.0
1777890937.4483323,6.0,0.0,-80.0
1777890937.4583323,9.0,-1.0,-79.0
1777890937.4683323,10.0,-4.0,-81.0
1777890937.4783323,8.0,-3.0,-76.0
1777890937.4883325,6.0,-5.0,-78.0
1777890937.4983325,7.0,-4.0,-81.0
1777890937.5083325,4.0,-5.0,-83.0
1777890937.5183325,6.0,-5.0,-81.0
1777890937.5283325,7.0,-7.0,-84.0
1777890937.5383325,10.0,-5.0,-86.0
1777890937.5483325,3.0,-5.0,-85.0
1777890937.5583324,4.0,-4.0,-83.0
1777890937.5683324,4.0,-1.0,-76.0
1777890937.5783324,2.0,-1.0,-79.0
1777890937.5883324,0.0,1.0,-81.0
1777890937.5983324,4.0,0.0,-78.0
1777890937.6083324,-2.0,-3.0,-78.0
1777890937.6183324,-1.0,-3.0,-73.0
1777890937.6283324,-3.0,0.0,-75.0
1777890937.6383324,-2.0,3.0,-80.0
1777890937.6483324,-6.0,-2.0,-80.0
1777890937.6583323,-7.0,0.0,-81.0
1777890937.6683323,-5.0,-1.0,-84.0
1777890937.6783323,-6.0,-6.0,-76.0
1777890937.6883323,-2.0,-2.0,-72.0
1777890937.6983323,-2.0,-3.0,-71.0
1777890937.7083323,-5.0,-5.0,-64.0
1777890937.7183323,-8.0,-8.0,-60.0
1777890937.7283323,-5.0,-8.0,-63.0
1777890937.7383325,-6.0,-1.0,-72.0
1777890937.7483325,-5.0,0.0,-73.0
1777890937.7583325,-2.0,0.0,-76.0
1777890937.7683325,2.0,0.0,-72.0
1777890937.7783325,1.0,1.0,-73.0
1777890937.7883325,2.0,-2.0,-70.0
1777890937.7983325,3.0,1.0,-72.0
1777890937.8083324,-2.0,1.0,-76.0
1777890937.8183324,-7.0,0.0,-71.0
1777890937.8283324,-3.0,-4.0,-73.0
1777890937.8383324,0.0,-2.0,-67.0
1777890937.8483324,1.0,-5.0,-70.0
1777890937.8583324,6.0,-6.0,-62.0
1777890937.8683324,3.0,-5.0,-59.0
1777890937.8783324,1.0,0.0,-61.0
1777890937.8883324,1.0,-3.0,-57.0
1777890937.8983324,1.0,-6.0,-57.0
1777890937.9083323,2.0,-6.0,-63.0
1777890937.9183323,2.0,-8.0,-62.0
1777890937.9283323,0.0,-8.0,-64.0
1777890937.9383323,-1.0,-3.0,-65.0
1777890937.9483323,0.0,-6.0,-67.0
1777890937.9583323,5.0,-9.0,-69.0
1777890937.9683323,8.0,-5.0,-66.0
1777890937.9783323,9.0,-4.0,-62.0
1777890937.9883325,8.0,-7.0,-62.0
1777890937.9983325,8.0,-4.0,-63.0
1777890938.0083325,5.0,-4.0,-73.0
1777890938.0183325,4.0,-5.0,-68.0
1777890938.0283325,4.0,-7.0,-70.0
1777890938.0383325,11.0,-7.0,-70.0
1777890938.0483325,7.0,-4.0,-79.0
1777890938.0583324,7.0,-8.0,-79.0
1777890938.0683324,5.0,-6.0,-79.0
1777890938.0783324,5.0,-6.0,-81.0
1777890938.0883324,7.0,-4.0,-77.0
1777890938.0983324,5.0,0.0,-74.0
1777890938.1083324,3.0,0.0,-75.0
1777890938.1183324,-1.0,0.0,-73.0
1777890938.1283324,-2.0,0.0,-75.0
1777890938.1383324,0.0,2.0,-71.0
1777890938.1483324,3.0,2.0,-74.0
1777890938.1583323,-3.0,3.0,-79.0
1777890938.1683323,-6.0,1.0,-78.0
1777890938.1783323,-5.0,2.0,-78.0
1777890938.1883323,0.0,5.0,-75.0
1777890938.1983323,-1.0,3.0,-73.0
1777890938.2083323,1.0,2.0,-67.0
1777890938.2183323,1.0,1.0,-68.0
1777890938.2283323,1.0,2.0,-68.0
1777890938.2383325,2.0,5.0,-67.0
1777890938.2483325,0.0,6.0,-61.0
1777890938.2583325,-2.0,3.0,-61.0
1777890938.2683325,-2.0,1.0,-69.0
1777890938.2783325,8.0,2.0,-70.0
1777890938.2883325,6.0,2.0,-69.0
1777890938.2983325,4.0,2.0,-65.0
1777890938.3083324,0.0,1.0,-68.0
1777890938.3183324,1.0,3.0,-66.0
1777890938.3283324,2.0,1.0,-64.0
1777890938.3383324,1.0,1.0,-59.0
1777890938.3483324,7.0,0.0,-63.0
1777890938.3583324,8.0,0.0,-62.0
1777890938.3683324,4.0,1.0,-64.0
1777890938.3783324,-1.0,0.0,-68.0
1777890938.3883324,2.0,0.0,-67.0
1777890938.3983324,2.0,-1.0,-74.0
1777890938.4083323,0.0,-4.0,-78.0
1777890938.4183323,0.0,-7.0,-77.0
1777890938.4283323,2.0,-8.0,-78.0
1777890938.4383323,-1.0,-10.0,-83.0
1777890938.4483323,0.0,-8.0,-84.0
1777890938.4583323,0.0,-5.0,-90.0
1777890938.4683323,-3.0,-7.0,-86.0
1777890938.4783323,-2.0,-8.0,-77.0
1777890938.4883325,-4.0,-5.0,-71.0
1777890938.4983325,-6.0,-4.0,-70.0
1777890938.5083325,0.0,-1.0,-74.0
1777890938.5183325,2.0,0.0,-74.0
1777890938.5283325,1.0,1.0,-71.0
1777890938.5383325,1.0,0.0,-75.0
1777890938.5483325,2.0,4.0,-72.0
1777890938.5583324,0.0,1.0,-68.0
1777890938.5683324,1.0,-2.0,-66.0
1777890938.5783324,2.0,-2.0,-59.0
1777890938.5883324,5.0,0.0,-57.0
1777890938.5983324,4.0,0.0,-64.0
1777890938.6083324,3.0,0.0,-66.0
1777890938.6183324,2.0,1.0,-69.0
1777890938.6283324,1.0,2.0,-68.0
1777890938.6383324,0.0,-1.0,-71.0
1777890938.6483324,-1.0,3.0,-75.0
1777890938.6583323,-4.0,6.0,-77.0
1777890938.6683323,-2.0,5.0,-78.0
1777890938.6783323,1.0,3.0,-71.0
1777890938.6883323,6.0,3.0,-65.0
1777890938.6983323,7.0,2.0,-67.0
1777890938.7083323,9.0,-1.0,-67.0
1777890938.7183323,3.0,2.0,-70.0
1777890938.7283323,4.0,1.0,-72.0
1777890938.7383325,0.0,0.0,-69.0
1777890938.7483325,0.0,-2.0,-70.0
1777890938.7583325,2.0,-1.0,-66.0
1777890938.7683325,4.0,0.0,-61.0
1777890938.7783325,3.0,2.0,-64.0
1777890938.7883325,1.0,4.0,-64.0
1777890938.7983325,0.0,5.0,-69.0
1777890938.8083324,0.0,4.0,-76.0
1777890938.8183324,0.0,6.0,-68.0
1777890938.8283324,1.0,1.0,-73.0
1777890938.8383324,0.0,2.0,-72.0
1777890938.8483324,2.0,0.0,-73.0
1777890938.8583324,2.0,-1.0,-72.0
1777890938.8683324,2.0,0.0,-71.0
1777890938.8783324,0.0,0.0,-72.0
1777890938.8883324,5.0,0.0,-69.0
1777890938.8983324,11.0,-3.0,-70.0
1777890938.9083323,12.0,-6.0,-73.0
1777890938.9183323,6.0,0.0,-79.0
1777890938.9283323,0.0,-1.0,-82.0
1777890938.9383323,-3.0,-6.0,-83.0
1777890938.9483323,1.0,-5.0,-81.0
1777890938.9583323,5.0,-7.0,-75.0
1777890938.9683323,3.0,-5.0,-68.0
1777890938.9783323,3.0,-4.0,-68.0
1777890938.9883325,2.0,0.0,-68.0
1777890938.9983325,-2.0,3.0,-66.0
1777890939.0083325,-5.0,0.0,-64.0
1777890939.0183325,-7.0,2.0,-74.0
1777890939.0283325,-4.0,8.0,-73.0
1777890939.0383325,0.0,5.0,-74.0
1777890939.0483325,1.0,1.0,-75.0
1777890939.0583324,4.0,-1.0,-77.0
1777890939.0683324,4.0,-5.0,-78.0
1777890939.0783324,2.0,-5.0,-76.0
1777890939.0893323,1.0,-2.0,-79.0
1777890939.0993323,1.0,1.0,-74.0
1777890939.1093323,4.0,2.0,-72.0
1777890939.1193323,9.0,0.0,-74.0
1777890939.1293323,6.0,-2.0,-75.0
1777890939.1393323,5.0,-2.0,-69.0
1777890939.1493323,3.0,0.0,-64.0
1777890939.1593325,3.0,2.0,-71.0
1777890939.1693325,1.0,0.0,-72.0
1777890939.1793325,1.0,-1.0,-72.0
1777890939.1893325,-2.0,0.0,-66.0
1777890939.1993325,4.0,-2.0,-71.0
1777890939.2093325,4.0,-5.0,-74.0
1777890939.2193325,2.0,0.0,-69.0
1777890939.2293324,3.0,-1.0,-65.0
1777890939.2393324,4.0,-4.0,-60.0
1777890939.2493324,5.0,-2.0,-64.0
1777890939.2593324,7.0,-1.0,-58.0
1777890939.2693324,3.0,-2.0,-62.0
1777890939.2793324,0.0,-1.0,-67.0
1777890939.2893324,-7.0,-2.0,-67.0
1777890939.2993324,-4.0,-1.0,-69.0
1777890939.3093324,-2.0,-4.0,-73.0
1777890939.3193324,1.0,-4.0,-74.0
1777890939.3293324,-1.0,0.0,-72.0
1777890939.3393323,0.0,0.0,-75.0
1777890939.3493323,2.0,0.0,-73.0
1777890939.3593323,1.0,-2.0,-76.0
1777890939.3693323,1.0,-3.0,-75.0
1777890939.3793323,2.0,2.0,-70.0
1777890939.3893323,6.0,-5.0,-76.0
1777890939.3993323,2.0,-5.0,-75.0
1777890939.4093325,3.0,-2.0,-69.0
1777890939.4193325,2.0,-2.0,-72.0
1777890939.4293325,0.0,-2.0,-69.0
1777890939.4393325,0.0,-6.0,-58.0
1777890939.4493325,-4.0,-4.0,-55.0
1777890939.4593325,0.0,0.0,-58.0
1777890939.4693325,-5.0,-2.0,-64.0
1777890939.4793324,-4.0,-2.0,-69.0
1777890939.4893324,-2.0,-4.0,-69.0
1777890939.4993324,-8.0,-3.0,-73.0
1777890939.5093324,-12.0,-2.0,-75.0
1777890939.5193324,-6.0,-3.0,-77.0
1777890939.5293324,-4.0,-2.0,-80.0
1777890939.5393324,-2.0,0.0,-75.0
1777890939.5493324,0.0,1.0,-67.0
1777890939.5593324,0.0,-3.0,-64.0
1777890939.5693324,8.0,-2.0,-68.0
1777890939.5793324,14.0,0.0,-69.0
1777890939.5893323,16.0,-3.0,-66.0
1777890939.5993323,15.0,-2.0,-65.0
1777890939.6093323,11.0,-3.0,-62.0
1777890939.6193323,5.0,-1.0,-68.0
1777890939.6293323,2.0,-2.0,-60.0
1777890939.6393323,0.0,-2.0,-61.0
1777890939.6493323,1.0,3.0,-63.0
1777890939.6593325,4.0,3.0,-55.0
1777890939.6693325,6.0,4.0,-53.0
1777890939.6793325,9.0,4.0,-54.0
1777890939.6893325,1.0,4.0,-61.0
1777890939.7003324,0.0,4.0,-66.0
1777890939.7093325,3.0,0.0,-74.0
1777890939.7193325,4.0,-3.0,-75.0
1777890939.7293324,4.0,-6.0,-71.0
1777890939.7393324,2.0,-3.0,-69.0
1777890939.7493324,-2.0,0.0,-66.0
1777890939.7593324,1.0,-1.0,-71.0
1777890939.7693324,-1.0,-4.0,-74.0
1777890939.7793324,-2.0,-6.0,-67.0
1777890939.7893324,-3.0,-3.0,-69.0
1777890939.7993324,-2.0,-5.0,-74.0
1777890939.8093324,1.0,-2.0,-74.0
1777890939.8193324,2.0,0.0,-77.0
1777890939.8293324,4.0,-1.0,-82.0
1777890939.8393323,6.0,0.0,-80.0
1777890939.8493323,5.0,2.0,-78.0
1777890939.8593323,6.0,-2.0,-76.0
1777890939.8693323,6.0,-4.0,-80.0
1777890939.8793323,3.0,-8.0,-75.0
1777890939.8893323,2.0,-10.0,-72.0
1777890939.8993323,5.0,-9.0,-71.0
1777890939.9093325,6.0,-12.0,-69.0
1777890939.9193325,4.0,-11.0,-64.0
1777890939.9293325,1.0,-12.0,-66.0
1777890939.9393325,-1.0,-11.0,-69.0
1777890939.9493325,-4.0,-9.0,-69.0
1777890939.9593325,-3.0,-6.0,-65.0
1777890939.9693325,-8.0,0.0,-70.0
1777890939.9793324,-7.0,0.0,-76.0
1777890939.9893324,-4.0,0.0,-78.0
1777890939.9993324,-1.0,0.0,-71.0
1777890940.0093324,1.0,1.0,-61.0
1777890940.0193324,3.0,1.0,-55.0
1777890940.0293324,5.0,3.0,-62.0
1777890940.0393324,9.0,9.0,-68.0
1777890940.0493324,9.0,6.0,-59.0
1777890940.0593324,3.0,4.0,-67.0
1777890940.0693324,2.0,3.0,-78.0
1777890940.0793324,0.0,1.0,-73.0
1777890940.0893323,0.0,1.0,-74.0
1777890940.0993323,-1.0,3.0,-74.0
1777890940.1093323,-1.0,2.0,-76.0
1777890940.1193323,-2.0,4.0,-75.0
1777890940.1293323,0.0,0.0,-75.0
1777890940.1393323,0.0,-2.0,-71.0
1777890940.1493323,2.0,2.0,-72.0
1777890940.1593325,-1.0,2.0,-74.0
1777890940.1693325,0.0,3.0,-70.0
1777890940.1793325,-4.0,2.0,-75.0
1777890940.1893325,-8.0,2.0,-79.0
1777890940.1993325,-4.0,1.0,-76.0
1777890940.2093325,-3.0,0.0,-78.0
1777890940.2193325,0.0,0.0,-70.0
1777890940.2293324,4.0,3.0,-73.0
1777890940.2393324,6.0,2.0,-70.0
1777890940.2493324,6.0,3.0,-65.0
1777890940.2593324,1.0,2.0,-76.0
1777890940.2693324,-3.0,-1.0,-76.0
1777890940.2793324,0.0,0.0,-75.0
1777890940.2893324,-1.0,1.0,-71.0
1777890940.2993324,-4.0,3.0,-63.0
1777890940.3093324,-7.0,0.0,-65.0
1777890940.3193324,-4.0,-3.0,-64.0
1777890940.3293324,-7.0,-5.0,-63.0
1777890940.3393323,-8.0,-6.0,-60.0
1777890940.3493323,-3.0,-5.0,-61.0
1777890940.3593323,3.0,-4.0,-69.0
1777890940.3693323,2.0,-4.0,-73.0
1777890940.3793323,5.0,-3.0,-78.0
1777890940.3893323,7.0,-2.0,-71.0
1777890940.3993323,3.0,-2.0,-70.0
1777890940.4093325,-1.0,-2.0,-72.0
1777890940.4193325,-2.0,0.0,-77.0
1777890940.4293325,-3.0,0.0,-80.0
1777890940.4393325,0.0,0.0,-76.0
1777890940.4493325,-1.0,-1.0,-72.0
1777890940.4593325,-3.0,-2.0,-71.0
1777890940.4693325,0.0,-3.0,-69.0
1777890940.4793324,1.0,-5.0,-65.0
1777890940.4893324,2.0,-5.0,-69.0
1777890940.4993324,3.0,-5.0,-67.0
1777890940.5093324,5.0,-2.0,-71.0
1777890940.5193324,0.0,-2.0,-71.0
1777890940.5293324,-2.0,-1.0,-64.0
1777890940.5393324,0.0,-3.0,-64.0
1777890940.5493324,-1.0,0.0,-64.0
1777890940.5593324,1.0,-2.0,-64.0
1777890940.5693324,1.0,-1.0,-68.0
1777890940.5793324,5.0,-5.0,-63.0
1777890940.5893323,7.0,-3.0,-63.0
1777890940.5993323,6.0,-7.0,-64.0
1777890940.6093323,5.0,-5.0,-64.0
1777890940.6193323,4.0,-1.0,-64.0
1777890940.6293323,0.0,0.0,-64.0
1777890940.6393323,0.0,0.0,-68.0
1777890940.6493323,-2.0,3.0,-67.0
1777890940.6593325,-2.0,1.0,-66.0
1777890940.6693325,-5.0,0.0,-70.0
1777890940.6793325,-3.0,-1.0,-68.0
1777890940.6893325,-2.0,0.0,-66.0
1777890940.6993325,-3.0,-2.0,-62.0
1777890940.7093325,2.0,-1.0,-60.0
1777890940.7193325,1.0,-4.0,-67.0
1777890940.7293324,4.0,-2.0,-73.0
1777890940.7393324,0.0,-2.0,-71.0
1777890940.7493324,-4.0,-5.0,-67.0
1777890940.7593324,-8.0,-4.0,-72.0
1777890940.7693324,-8.0,0.0,-76.0
1777890940.7793324,-2.0,3.0,-77.0
1777890940.7893324,0.0,0.0,-73.0
1777890940.7993324,-2.0,-1.0,-75.0
1777890940.8093324,0.0,0.0,-81.0
1777890940.8193324,3.0,-2.0,-78.0
1777890940.8293324,3.0,-2.0,-72.0
1777890940.8393323,2.0,0.0,-75.0
1777890940.8493323,0.0,3.0,-71.0
1777890940.8593323,0.0,-3.0,-75.0
1777890940.8693323,-3.0,-9.0,-75.0
1777890940.8793323,1.0,-8.0,-73.0
1777890940.8893323,1.0,-7.0,-74.0
1777890940.8993323,4.0,-8.0,-72.0
1777890940.9093325,4.0,-5.0,-67.0
1777890940.9193325,2.0,0.0,-67.0
1777890940.9293325,0.0,-1.0,-67.0
1777890940.9393325,3.0,0.0,-69.0
1777890940.9493325,3.0,2.0,-76.0
1777890940.9593325,1.0,1.0,-77.0
1777890940.9693325,0.0,6.0,-70.0
1777890940.9793324,-3.0,6.0,-68.0
1777890940.9893324,-6.0,4.0,-62.0
1777890940.9993324,-3.0,1.0,-68.0
1777890941.0093324,4.0,1.0,-60.0
1777890941.0193324,0.0,-2.0,-59.0
1777890941.0293324,-3.0,-1.0,-60.0
1777890941.0393324,-3.0,0.0,-69.0
1777890941.0503323,1.0,-2.0,-72.0
1777890941.0593324,3.0,-2.0,-71.0
1777890941.0693324,1.0,-3.0,-72.0
1777890941.0803325,5.0,-3.0,-70.0
1777890941.0903325,3.0,-1.0,-71.0
1777890941.1003325,3.0,-1.0,-74.0
1777890941.1093323,2.0,-3.0,-74.0
1777890941.1203325,4.0,-5.0,-81.0
1777890941.1303325,7.0,-2.0,-79.0
1777890941.1403325,2.0,-4.0,-78.0
1777890941.1503325,2.0,-3.0,-71.0
1777890941.1603324,3.0,-4.0,-63.0
1777890941.1703324,5.0,-3.0,-67.0
1777890941.1803324,7.0,0.0,-68.0
1777890941.1903324,5.0,-2.0,-66.0
1777890941.2003324,4.0,0.0,-65.0
1777890941.2103324,9.0,0.0,-62.0
1777890941.2203324,6.0,3.0,-66.0
1777890941.2303324,5.0,0.0,-70.0
1777890941.2403324,3.0,-5.0,-69.0
1777890941.2503324,6.0,-7.0,-70.0
1777890941.2603323,3.0,-2.0,-69.0
1777890941.2703323,0.0,-3.0,-73.0
1777890941.2803323,3.0,-2.0,-70.0
1777890941.2913325,0.0,-3.0,-71.0
1777890941.3003323,-5.0,-1.0,-67.0
1777890941.3103323,1.0,0.0,-66.0
1777890941.3203323,0.0,0.0,-64.0
1777890941.3303325,1.0,-2.0,-71.0
1777890941.3403325,-3.0,-1.0,-68.0
1777890941.3503325,0.0,-1.0,-66.0
1777890941.3603325,4.0,-5.0,-62.0
1777890941.3703325,6.0,0.0,-58.0
1777890941.3803325,-1.0,1.0,-69.0
1777890941.3903325,-1.0,2.0,-74.0
1777890941.4003325,0.0,2.0,-75.0
1777890941.4103324,0.0,-3.0,-75.0
1777890941.4203324,4.0,-8.0,-78.0
1777890941.4303324,3.0,-8.0,-75.0
1777890941.4403324,3.0,-9.0,-80.0
1777890941.4503324,3.0,-8.0,-84.0
1777890941.4603324,0.0,-8.0,-78.0
1777890941.4703324,-7.0,-9.0,-81.0
1777890941.4803324,0.0,-5.0,-81.0
1777890941.4903324,-1.0,-3.0,-82.0
1777890941.5003324,0.0,-2.0,-80.0
1777890941.5103323,0.0,0.0,-81.0
1777890941.5203323,-3.0,0.0,-79.0
1777890941.5303323,-3.0,2.0,-78.0
1777890941.5403323,0.0,-1.0,-75.0
1777890941.5503323,1.0,-3.0,-71.0
1777890941.5603323,0.0,-1.0,-79.0
1777890941.5703323,0.0,0.0,-80.0
1777890941.5803325,0.0,0.0,-81.0
1777890941.5903325,1.0,2.0,-80.0
1777890941.6003325,2.0,2.0,-86.0
1777890941.6103325,3.0,-2.0,-79.0
1777890941.6203325,3.0,-2.0,-71.0
1777890941.6303325,1.0,2.0,-69.0
1777890941.6403325,6.0,1.0,-73.0
1777890941.6503325,4.0,0.0,-74.0
1777890941.6603324,5.0,-5.0,-73.0
1777890941.6703324,6.0,-6.0,-67.0
1777890941.6803324,6.0,-1.0,-72.0
1777890941.6903324,3.0,-2.0,-80.0
1777890941.7003324,0.0,-5.0,-80.0
1777890941.7103324,-2.0,-2.0,-78.0
1777890941.7203324,-1.0,-4.0,-73.0
1777890941.7303324,0.0,-5.0,-72.0
1777890941.7403324,-3.0,-1.0,-75.0
1777890941.7503324,-4.0,2.0,-75.0
1777890941.7603323,-1.0,0.0,-76.0
1777890941.7703323,-1.0,-3.0,-77.0
1777890941.7803323,-3.0,0.0,-73.0
1777890941.7903323,-2.0,-3.0,-73.0
1777890941.8003323,-3.0,-5.0,-77.0
1777890941.8103323,-5.0,-4.0,-72.0
1777890941.8203323,-2.0,-5.0,-70.0
1777890941.8303325,0.0,-3.0,-74.0
1777890941.8403325,1.0,-5.0,-75.0
1777890941.8503325,0.0,-2.0,-74.0
1777890941.8603325,-3.0,1.0,-66.0
1777890941.8703325,-3.0,0.0,-66.0
1777890941.8803325,-5.0,2.0,-67.0
1777890941.8903325,-4.0,4.0,-72.0
1777890941.9003325,-3.0,3.0,-65.0
1777890941.9103324,-4.0,2.0,-63.0
1777890941.9203324,-3.0,2.0,-66.0
1777890941.9303324,1.0,6.0,-70.0
1777890941.9403324,2.0,0.0,-67.0
1777890941.9503324,3.0,0.0,-59.0
1777890941.9603324,3.0,1.0,-61.0
1777890941.9703324,4.0,2.0,-63.0
1777890941.9803324,2.0,1.0,-61.0
1777890941.9903324,2.0,1.0,-61.0
1777890942.0003324,0.0,-4.0,-68.0
1777890942.0103323,0.0,-6.0,-66.0
1777890942.0203323,0.0,-4.0,-68.0
1777890942.0303323,-4.0,-6.0,-67.0
1777890942.0403323,-6.0,-4.0,-70.0
1777890942.0503323,-5.0,-2.0,-71.0
1777890942.0603323,-3.0,-2.0,-76.0
1777890942.0703323,-2.0,0.0,-82.0
1777890942.0803325,-2.0,0.0,-81.0
1777890942.0903325,0.0,-1.0,-81.0
1777890942.1003325,0.0,-2.0,-87.0
1777890942.1103325,-1.0,-4.0,-89.0
1777890942.1203325,7.0,-4.0,-85.0
1777890942.1303325,5.0,-8.0,-74.0
1777890942.1403325,3.0,-8.0,-75.0
1777890942.1503325,12.0,-5.0,-75.0
1777890942.1603324,12.0,-2.0,-74.0
1777890942.1703324,8.0,3.0,-71.0
1777890942.1803324,3.0,3.0,-73.0
1777890942.1903324,2.0,4.0,-71.0
1777890942.2003324,8.0,-2.0,-74.0
1777890942.2103324,5.0,-3.0,-76.0
1777890942.2203324,1.0,0.0,-75.0
1777890942.2303324,3.0,-1.0,-72.0
1777890942.2403324,0.0,-3.0,-64.0
1777890942.2503324,2.0,-4.0,-61.0
1777890942.2603323,3.0,-4.0,-59.0
1777890942.2703323,3.0,-3.0,-58.0
1777890942.2803323,4.0,1.0,-66.0
1777890942.2903323,2.0,2.0,-69.0
1777890942.3003323,-1.0,5.0,-70.0
1777890942.3103323,1.0,4.0,-73.0
1777890942.3203323,2.0,3.0,-74.0
1777890942.3303325,0.0,0.0,-81.0
1777890942.3403325,0.0,-2.0,-81.0
1777890942.3503325,1.0,-4.0,-76.0
1777890942.3603325,2.0,-3.0,-71.0
1777890942.3703325,0.0,-5.0,-72.0
1777890942.3803325,1.0,-3.0,-73.0
1777890942.3903325,5.0,-5.0,-71.0
1777890942.4003325,5.0,-4.0,-67.0
1777890942.4103324,6.0,-4.0,-72.0
1777890942.4203324,7.0,-6.0,-73.0
1777890942.4303324,6.0,-8.0,-72.0
1777890942.4403324,5.0,-4.0,-69.0
1777890942.4503324,4.0,-2.0,-75.0
1777890942.4603324,6.0,-3.0,-72.0
1777890942.4703324,5.0,0.0,-64.0
1777890942.4803324,8.0,0.0,-68.0
1777890942.4903324,6.0,0.0,-73.0
1777890942.5003324,0.0,-3.0,-71.0
1777890942.5103323,0.0,-3.0,-75.0
1777890942.5203323,0.0,-3.0,-68.0
1777890942.5303323,0.0,1.0,-78.0
1777890942.5403323,-3.0,0.0,-78.0
1777890942.5503323,-1.0,0.0,-78.0
1777890942.5603323,-4.0,-3.0,-76.0
1777890942.5703323,0.0,0.0,-75.0
1777890942.5803325,-3.0,1.0,-78.0
1777890942.5903325,-1.0,0.0,-77.0
1777890942.6003325,1.0,1.0,-81.0
1777890942.6103325,9.0,0.0,-82.0
1777890942.6203325,13.0,0.0,-77.0
1777890942.6303325,7.0,0.0,-82.0
1777890942.6403325,8.0,4.0,-87.0
1777890942.6503325,6.0,6.0,-92.0
1777890942.6603324,0.0,3.0,-87.0
1777890942.6703324,-3.0,4.0,-85.0
1777890942.6803324,-3.0,6.0,-83.0
1777890942.6903324,0.0,2.0,-79.0
1777890942.7003324,-1.0,-2.0,-80.0
1777890942.7103324,-1.0,-2.0,-83.0
1777890942.7203324,-1.0,-1.0,-77.0
1777890942.7303324,-1.0,-1.0,-78.0
1777890942.7403324,0.0,-3.0,-79.0
1777890942.7503324,-2.0,-6.0,-75.0
1777890942.7603323,0.0,-6.0,-75.0
1777890942.7703323,0.0,-4.0,-75.0
1777890942.7803323,-2.0,-4.0,-76.0
1777890942.7903323,1.0,0.0,-71.0
1777890942.8003323,-1.0,0.0,-68.0
1777890942.8103323,3.0,2.0,-60.0
1777890942.8203323,1.0,4.0,-58.0
1777890942.8303325,0.0,4.0,-57.0
1777890942.8403325,1.0,4.0,-61.0
1777890942.8503325,2.0,0.0,-61.0
1777890942.8603325,2.0,-5.0,-61.0
1777890942.8703325,1.0,-1.0,-62.0
1777890942.8803325,0.0,0.0,-67.0
1777890942.8903325,1.0,0.0,-68.0
1777890942.9003325,0.0,-3.0,-66.0
1777890942.9103324,-1.0,-9.0,-67.0
1777890942.9203324,-2.0,-8.0,-69.0
1777890942.9303324,0.0,-9.0,-63.0
1777890942.9403324,4.0,-6.0,-64.0
1777890942.9503324,5.0,-6.0,-75.0
1777890942.9603324,2.0,0.0,-77.0
1777890942.9703324,0.0,-3.0,-78.0
1777890942.9803324,2.0,-4.0,-76.0
1777890942.9903324,2.0,-3.0,-78.0
1777890943.0003324,3.0,-4.0,-79.0
1777890943.0103323,2.0,-5.0,-75.0
1777890943.0213325,1.0,-1.0,-78.0
1777890943.0303323,0.0,0.0,-79.0
1777890943.0403323,-2.0,-1.0,-83.0
1777890943.0503323,-6.0,-3.0,-84.0
1777890943.0603323,-5.0,-2.0,-84.0
1777890943.0713325,-4.0,-1.0,-86.0
1777890943.0813324,-6.0,0.0,-92.0
1777890943.0913324,-8.0,0.0,-83.0
1777890943.1013324,-3.0,1.0,-78.0
1777890943.1113324,0.0,1.0,-75.0
1777890943.1213324,-2.0,3.0,-77.0
1777890943.1313324,1.0,4.0,-73.0
1777890943.1413324,6.0,1.0,-73.0
1777890943.1513324,9.0,-4.0,-69.0
1777890943.1613324,9.0,0.0,-71.0
1777890943.1713324,5.0,2.0,-75.0
1777890943.1813323,0.0,4.0,-71.0
1777890943.1913323,-2.0,1.0,-65.0
1777890943.2013323,0.0,0.0,-64.0
1777890943.2113323,0.0,-1.0,-69.0
1777890943.2213323,-2.0,-1.0,-67.0
1777890943.2313323,-2.0,0.0,-68.0
1777890943.2413323,-3.0,0.0,-67.0
1777890943.2513323,-3.0,1.0,-73.0
1777890943.2613325,-3.0,0.0,-72.0
1777890943.2713325,-4.0,-1.0,-65.0
1777890943.2813325,0.0,0.0,-66.0
1777890943.2913325,-6.0,-1.0,-64.0
1777890943.3013325,-2.0,1.0,-64.0
1777890943.3113325,2.0,0.0,-63.0
1777890943.3213325,6.0,0.0,-57.0
1777890943.3313324,2.0,-3.0,-57.0
1777890943.3413324,2.0,-5.0,-58.0
1777890943.3513324,2.0,-9.0,-62.0
1777890943.3613324,0.0,-7.0,-63.0
1777890943.3713324,1.0,-7.0,-65.0
1777890943.3813324,4.0,-7.0,-66.0
1777890943.3913324,1.0,-8.0,-67.0
1777890943.4013324,0.0,-8.0,-67.0
1777890943.4113324,-2.0,-5.0,-77.0
1777890943.4213324,-3.0,-4.0,-78.0
1777890943.4313323,-1.0,-3.0,-84.0
1777890943.4413323,0.0,-4.0,-88.0
1777890943.4513323,4.0,-4.0,-86.0
1777890943.4613323,3.0,-3.0,-81.0
1777890943.4713323,5.0,-3.0,-71.0
1777890943.4813323,9.0,-3.0,-74.0
1777890943.4913323,6.0,-1.0,-70.0
1777890943.5013323,8.0,0.0,-74.0
1777890943.5113325,4.0,1.0,-74.0
1777890943.5213325,2.0,2.0,-75.0
1777890943.5313325,3.0,3.0,-73.0
1777890943.5413325,0.0,2.0,-72.0
1777890943.5513325,0.0,-2.0,-70.0
1777890943.5613325,0.0,-2.0,-71.0
1777890943.5713325,0.0,0.0,-69.0
1777890943.5813324,3.0,-3.0,-71.0
1777890943.5913324,3.0,-2.0,-75.0
1777890943.6013324,0.0,-6.0,-76.0
1777890943.6113324,0.0,-6.0,-73.0
1777890943.6213324,3.0,-8.0,-72.0
1777890943.6313324,2.0,-6.0,-71.0
1777890943.6413324,0.0,-3.0,-68.0
1777890943.6513324,-3.0,-3.0,-74.0
1777890943.6613324,-2.0,-4.0,-70.0
1777890943.6713324,-1.0,-1.0,-73.0
1777890943.6813323,-3.0,-5.0,-73.0
1777890943.6913323,-2.0,-5.0,-68.0
1777890943.7013323,-3.0,-6.0,-67.0
1777890943.7113323,-3.0,-5.0,-68.0
1777890943.7213323,-2.0,-4.0,-65.0
1777890943.7313323,-5.0,-5.0,-61.0
1777890943.7413323,-7.0,-1.0,-63.0
1777890943.7513323,-7.0,2.0,-67.0
1777890943.7613325,-5.0,0.0,-69.0
1777890943.7713325,-7.0,-2.0,-74.0
1777890943.7813325,-4.0,-5.0,-76.0
1777890943.7923324,-3.0,-3.0,-77.0
1777890943.8013325,-3.0,-1.0,-77.0
1777890943.8113325,0.0,-2.0,-75.0
1777890943.8213325,2.0,-4.0,-79.0
1777890943.8313324,2.0,-2.0,-85.0
1777890943.8413324,0.0,-1.0,-80.0
1777890943.8513324,0.0,-3.0,-80.0
1777890943.8613324,-1.0,-1.0,-75.0
1777890943.8713324,6.0,0.0,-64.0
1777890943.8813324,6.0,2.0,-65.0
1777890943.8913324,10.0,-1.0,-64.0
1777890943.9013324,11.0,0.0,-65.0
1777890943.9113324,5.0,0.0,-69.0
1777890943.9213324,6.0,3.0,-68.0
1777890943.9313323,5.0,2.0,-71.0
1777890943.9413323,5.0,2.0,-72.0
1777890943.9513323,8.0,2.0,-69.0
1777890943.9613323,10.0,-3.0,-73.0
1777890943.9713323,7.0,-7.0,-77.0
1777890943.9813323,3.0,-1.0,-74.0
1777890943.9913323,3.0,-3.0,-77.0
1777890944.0013323,0.0,-5.0,-77.0
1777890944.0113325,1.0,-9.0,-77.0
1777890944.0213325,2.0,-6.0,-72.0
1777890944.0313325,0.0,-4.0,-65.0
1777890944.0413325,0.0,0.0,-61.0
1777890944.0513325,-2.0,1.0,-60.0
1777890944.0613325,-4.0,-2.0,-54.0
1777890944.0713325,-4.0,-5.0,-56.0
1777890944.0813324,-1.0,-1.0,-66.0
1777890944.0913324,-1.0,0.0,-74.0
1777890944.1013324,2.0,0.0,-75.0
1777890944.1113324,3.0,-1.0,-78.0
1777890944.1213324,6.0,-1.0,-80.0
1777890944.1313324,6.0,-1.0,-71.0
1777890944.1413324,6.0,-1.0,-74.0
1777890944.1513324,9.0,-4.0,-82.0
1777890944.1613324,8.0,0.0,-80.0
1777890944.1713324,6.0,2.0,-80.0
1777890944.1813323,9.0,2.0,-73.0
1777890944.1913323,10.0,5.0,-75.0
1777890944.2013323,10.0,2.0,-81.0
1777890944.2113323,7.0,3.0,-79.0
1777890944.2213323,4.0,3.0,-76.0
1777890944.2313323,-2.0,8.0,-70.0
1777890944.2413323,-4.0,10.0,-60.0
1777890944.2513323,-7.0,5.0,-61.0
1777890944.2613325,-9.0,5.0,-66.0
1777890944.2713325,-7.0,3.0,-72.0
1777890944.2813325,-8.0,3.0,-73.0
1777890944.2913325,-5.0,3.0,-76.0
1777890944.3013325,-2.0,6.0,-79.0
1777890944.3113325,-1.0,0.0,-73.0
1777890944.3213325,-1.0,-2.0,-70.0
1777890944.3313324,3.0,2.0,-73.0
1777890944.3413324,4.0,2.0,-74.0
1777890944.3513324,4.0,1.0,-76.0
1777890944.3613324,5.0,2.0,-84.0
1777890944.3713324,3.0,-2.0,-82.0
1777890944.3813324,4.0,-2.0,-83.0
1777890944.3913324,6.0,0.0,-84.0
1777890944.4013324,9.0,-1.0,-78.0
1777890944.4113324,11.0,2.0,-71.0
1777890944.4213324,9.0,1.0,-68.0
1777890944.4313323,7.0,2.0,-64.0
1777890944.4413323,1.0,2.0,-64.0
1777890944.4513323,0.0,1.0,-70.0
1777890944.4613323,0.0,-4.0,-72.0
1777890944.4713323,-5.0,-4.0,-75.0
1777890944.4813323,-3.0,-6.0,-77.0
1777890944.4913323,-6.0,-6.0,-73.0
1777890944.5013323,-7.0,-9.0,-72.0
1777890944.5113325,-5.0,-9.0,-70.0
1777890944.5213325,-2.0,-7.0,-74.0
1777890944.5313325,-2.0,-6.0,-76.0
1777890944.5413325,-2.0,-7.0,-78.0
1777890944.5513325,-7.0,-4.0,-81.0
1777890944.5613325,-4.0,-2.0,-83.0
1777890944.5713325,0.0,0.0,-86.0
1777890944.5813324,1.0,-2.0,-86.0
1777890944.5913324,2.0,-4.0,-88.0
1777890944.6013324,3.0,-4.0,-85.0
1777890944.6113324,5.0,0.0,-75.0
1777890944.6213324,6.0,1.0,-74.0
1777890944.6313324,6.0,-3.0,-74.0
1777890944.6413324,3.0,-3.0,-80.0
1777890944.6513324,7.0,-3.0,-83.0
1777890944.6613324,0.0,-3.0,-81.0
1777890944.6713324,1.0,-1.0,-76.0
1777890944.6813323,4.0,-3.0,-66.0
1777890944.6913323,1.0,-8.0,-69.0
1777890944.7013323,1.0,-8.0,-69.0
1777890944.7113323,0.0,-9.0,-71.0
1777890944.7213323,-4.0,-6.0,-69.0
1777890944.7313323,-6.0,-6.0,-67.0
1777890944.7413323,-4.0,-2.0,-70.0
1777890944.7513323,-5.0,1.0,-63.0
1777890944.7613325,-2.0,3.0,-61.0
1777890944.7713325,-2.0,-1.0,-62.0
1777890944.7813325,0.0,0.0,-62.0
1777890944.7913325,3.0,-4.0,-64.0
1777890944.8013325,4.0,-4.0,-64.0
1777890944.8113325,0.0,-1.0,-67.0
1777890944.8213325,-1.0,-3.0,-66.0
1777890944.8313324,0.0,-3.0,-61.0
1777890944.8413324,1.0,-2.0,-61.0
1777890944.8513324,2.0,-4.0,-66.0
1777890944.8613324,1.0,-3.0,-66.0
1777890944.8713324,7.0,-4.0,-60.0
1777890944.8813324,7.0,-5.0,-66.0
1777890944.8913324,4.0,0.0,-73.0
1777890944.9013324,3.0,4.0,-75.0
1777890944.9113324,3.0,1.0,-75.0
1777890944.9213324,1.0,-1.0,-75.0
1777890944.9313323,-2.0,-3.0,-74.0
1777890944.9413323,-1.0,-3.0,-72.0
1777890944.9513323,-1.0,-3.0,-75.0
1777890944.9613323,-6.0,-2.0,-75.0
1777890944.9713323,-2.0,-2.0,-81.0
1777890944.9813323,-3.0,-1.0,-78.0
1777890944.9913323,0.0,0.0,-71.0
1777890945.0013323,-3.0,1.0,-67.0
1777890945.0113325,-6.0,1.0,-66.0
1777890945.0213325,-7.0,-2.0,-66.0
1777890945.0313325,-5.0,-2.0,-69.0
1777890945.0423324,-3.0,-7.0,-66.0
1777890945.0523324,-1.0,-8.0,-65.0
1777890945.0623324,0.0,-2.0,-70.0
1777890945.0723324,1.0,2.0,-71.0
1777890945.0823324,5.0,2.0,-71.0
1777890945.0923324,5.0,0.0,-69.0
1777890945.1023324,5.0,-2.0,-74.0
1777890945.1123323,3.0,-1.0,-73.0
1777890945.1223323,5.0,0.0,-76.0
1777890945.1323323,8.0,2.0,-81.0
1777890945.1423323,9.0,0.0,-85.0
1777890945.1523323,4.0,1.0,-83.0
1777890945.1623323,3.0,3.0,-76.0
1777890945.1723323,1.0,2.0,-70.0
1777890945.1823325,0.0,0.0,-68.0
1777890945.1923325,0.0,1.0,-73.0
1777890945.2023325,-2.0,0.0,-71.0
1777890945.2123325,0.0,0.0,-68.0
1777890945.2223325,0.0,0.0,-69.0
1777890945.2323325,0.0,-3.0,-72.0
1777890945.2423325,0.0,-4.0,-74.0
1777890945.2523324,-1.0,-3.0,-77.0
1777890945.2623324,5.0,-1.0,-80.0
1777890945.2723324,6.0,-1.0,-78.0
1777890945.2823324,9.0,-2.0,-80.0
1777890945.2923324,5.0,-2.0,-77.0
1777890945.3023324,6.0,-2.0,-74.0
1777890945.3123324,3.0,-2.0,-75.0
1777890945.3223324,1.0,-4.0,-73.0
1777890945.3323324,4.0,-3.0,-73.0
1777890945.3423324,3.0,-4.0,-72.0
1777890945.3523324,3.0,-1.0,-75.0
1777890945.3623323,5.0,1.0,-75.0
1777890945.3723323,2.0,0.0,-74.0
1777890945.3823323,4.0,0.0,-75.0
1777890945.3923323,7.0,-1.0,-70.0
1777890945.4023323,8.0,0.0,-74.0
1777890945.4123323,1.0,-3.0,-73.0
1777890945.4223323,0.0,-7.0,-71.0
1777890945.4323325,-4.0,-6.0,-77.0
1777890945.4423325,-4.0,-12.0,-78.0
1777890945.4523325,-1.0,-11.0,-81.0
1777890945.4623325,-3.0,-10.0,-83.0
1777890945.4723325,-3.0,-9.0,-83.0
1777890945.4823325,0.0,-9.0,-75.0
1777890945.4923325,0.0,-9.0,-81.0
1777890945.5023324,0.0,-12.0,-82.0
1777890945.5123324,2.0,-8.0,-83.0
1777890945.5223324,-1.0,-1.0,-92.0
1777890945.5323324,0.0,0.0,-90.0
1777890945.5423324,-2.0,-1.0,-83.0
1777890945.5523324,-3.0,-2.0,-81.0
1777890945.5623324,-4.0,-2.0,-82.0
1777890945.5723324,-1.0,-2.0,-78.0
1777890945.5823324,-2.0,0.0,-80.0
1777890945.5923324,0.0,2.0,-82.0
1777890945.6023324,0.0,0.0,-80.0
1777890945.6123323,2.0,-1.0,-74.0
1777890945.6223323,0.0,-5.0,-79.0
1777890945.6323323,0.0,-7.0,-75.0
1777890945.6423323,-2.0,-4.0,-86.0
1777890945.6523323,1.0,0.0,-88.0
1777890945.6623323,2.0,3.0,-88.0
1777890945.6723323,3.0,-1.0,-83.0
1777890945.6823325,4.0,0.0,-78.0
1777890945.6923325,2.0,4.0,-70.0
1777890945.7023325,0.0,2.0,-73.0
1777890945.7123325,2.0,4.0,-74.0
1777890945.7223325,0.0,4.0,-77.0
1777890945.7323325,2.0,1.0,-72.0
1777890945.7423325,0.0,1.0,-73.0
1777890945.7523324,-1.0,1.0,-73.0
1777890945.7623324,0.0,5.0,-68.0
1777890945.7723324,0.0,3.0,-67.0
1777890945.7833323,-1.0,3.0,-77.0
1777890945.7923324,-1.0,5.0,-77.0
1777890945.8023324,-3.0,4.0,-73.0
1777890945.8123324,-1.0,0.0,-75.0
1777890945.8223324,-1.0,0.0,-72.0
1777890945.8323324,2.0,0.0,-71.0
1777890945.8423324,0.0,-1.0,-69.0
1777890945.8523324,-1.0,-4.0,-69.0
1777890945.8623323,-5.0,0.0,-68.0
1777890945.8723323,-9.0,1.0,-70.0
1777890945.8823323,-9.0,-1.0,-65.0
1777890945.8923323,-9.0,0.0,-62.0
1777890945.9023323,-6.0,3.0,-70.0
1777890945.9123323,-4.0,5.0,-73.0
1777890945.9223323,0.0,5.0,-78.0
1777890945.9323325,0.0,2.0,-73.0
1777890945.9423325,-7.0,1.0,-75.0
1777890945.9523325,-4.0,3.0,-72.0
1777890945.9623325,0.0,-1.0,-68.0
1777890945.9723325,6.0,1.0,-65.0
1777890945.9823325,11.0,0.0,-65.0
1777890945.9923325,8.0,-1.0,-68.0
1777890946.0023324,12.0,0.0,-62.0
1777890946.0123324,11.0,-3.0,-69.0
1777890946.0223324,11.0,-6.0,-68.0
1777890946.0323324,10.0,-6.0,-67.0
1777890946.0423324,8.0,-3.0,-71.0
1777890946.0523324,7.0,-2.0,-74.0
1777890946.0623324,2.0,-1.0,-78.0
1777890946.0723324,2.0,-1.0,-83.0
1777890946.0823324,3.0,0.0,-76.0
1777890946.0923324,2.0,1.0,-72.0
1777890946.1023324,3.0,4.0,-65.0
1777890946.1123323,0.0,3.0,-64.0
1777890946.1223323,-4.0,2.0,-64.0
1777890946.1323323,-3.0,1.0,-67.0
1777890946.1423323,-2.0,3.0,-67.0
1777890946.1523323,0.0,7.0,-70.0
1777890946.1623323,-2.0,5.0,-63.0
1777890946.1723323,-2.0,2.0,-70.0
1777890946.1823325,-2.0,0.0,-69.0
1777890946.1923325,1.0,-1.0,-71.0
1777890946.2023325,3.0,-2.0,-68.0
1777890946.2123325,7.0,-5.0,-66.0
1777890946.2223325,6.0,-5.0,-73.0
1777890946.2323325,5.0,0.0,-68.0
1777890946.2423325,7.0,0.0,-60.0
1777890946.2523324,4.0,-1.0,-61.0
1777890946.2623324,2.0,-2.0,-58.0
1777890946.2723324,4.0,-4.0,-61.0
1777890946.2823324,1.0,-8.0,-69.0
1777890946.2923324,0.0,-8.0,-74.0
1777890946.3023324,1.0,-9.0,-74.0
1777890946.3123324,3.0,-8.0,-70.0
1777890946.3223324,2.0,-2.0,-72.0
1777890946.3323324,1.0,1.0,-81.0
1777890946.3423324,-3.0,0.0,-81.0
1777890946.3523324,0.0,-2.0,-77.0
1777890946.3623323,0.0,-2.0,-79.0
1777890946.3723323,0.0,0.0,-75.0
1777890946.3823323,0.0,0.0,-73.0
1777890946.3923323,0.0,0.0,-79.0
1777890946.4023323,0.0,-4.0,-78.0
1777890946.4123323,3.0,-5.0,-73.0
1777890946.4223323,3.0,-5.0,-74.0
1777890946.4323325,2.0,-3.0,-74.0
1777890946.4423325,0.0,-2.0,-76.0
1777890946.4523325,0.0,-3.0,-76.0
1777890946.4623325,0.0,-2.0,-74.0
1777890946.4723325,0.0,-3.0,-75.0
1777890946.4823325,-1.0,-1.0,-74.0
1777890946.4923325,0.0,-1.0,-77.0
1777890946.5023324,0.0,1.0,-77.0
1777890946.5123324,0.0,-1.0,-83.0
1777890946.5223324,4.0,1.0,-84.0
1777890946.5323324,8.0,2.0,-77.0
1777890946.5423324,6.0,-2.0,-76.0
1777890946.5523324,9.0,0.0,-76.0
1777890946.5623324,5.0,-1.0,-79.0
1777890946.5723324,6.0,-4.0,-81.0
1777890946.5823324,4.0,-7.0,-78.0
1777890946.5923324,8.0,-3.0,-77.0
1777890946.6023324,7.0,-3.0,-76.0
1777890946.6123323,7.0,-2.0,-74.0
1777890946.6223323,5.0,-6.0,-77.0
1777890946.6323323,4.0,-5.0,-72.0
1777890946.6423323,6.0,-5.0,-75.0
1777890946.6523323,4.0,-4.0,-78.0
1777890946.6623323,4.0,-1.0,-80.0
1777890946.6723323,1.0,0.0,-80.0
1777890946.6823325,-1.0,-1.0,-74.0
1777890946.6923325,-2.0,-5.0,-70.0
1777890946.7023325,0.0,-5.0,-65.0
1777890946.7123325,-1.0,-3.0,-63.0
1777890946.7223325,-2.0,-3.0,-66.0
1777890946.7323325,-2.0,-3.0,-71.0
1777890946.7423325,-1.0,-4.0,-70.0
1777890946.7523324,1.0,-4.0,-75.0
1777890946.7623324,1.0,-5.0,-74.0
1777890946.7723324,-1.0,-6.0,-78.0
1777890946.7823324,3.0,-2.0,-78.0
1777890946.7923324,2.0,-1.0,-76.0
1777890946.8023324,7.0,1.0,-77.0
1777890946.8123324,4.0,-5.0,-80.0
1777890946.8223324,8.0,-6.0,-88.0
1777890946.8323324,10.0,-3.0,-86.0
1777890946.8423324,9.0,1.0,-87.0
1777890946.8523324,3.0,0.0,-83.0
1777890946.8623323,2.0,1.0,-83.0
1777890946.8723323,5.0,-1.0,-79.0
1777890946.8823323,5.0,1.0,-77.0
1777890946.8923323,0.0,2.0,-74.0
1777890946.9023323,0.0,1.0,-77.0
1777890946.9123323,0.0,-1.0,-78.0
1777890946.9223323,3.0,1.0,-74.0
1777890946.9323325,1.0,0.0,-72.0
1777890946.9423325,0.0,2.0,-81.0
1777890946.9523325,-1.0,3.0,-78.0
1777890946.9623325,2.0,2.0,-75.0
1777890946.9723325,3.0,-1.0,-74.0
1777890946.9823325,1.0,0.0,-72.0
1777890946.9923325,3.0,-2.0,-72.0
1777890947.0023324,1.0,0.0,-71.0
1777890947.0123324,-1.0,0.0,-66.0
1777890947.0233324,-4.0,1.0,-65.0
1777890947.0333323,0.0,0.0,-65.0
1777890947.0433323,0.0,0.0,-69.0
1777890947.0533323,0.0,-1.0,-70.0
1777890947.0633323,5.0,0.0,-73.0
1777890947.0733323,2.0,1.0,-69.0
1777890947.0833323,8.0,1.0,-67.0
1777890947.0933323,6.0,0.0,-60.0
1777890947.1033323,0.0,2.0,-57.0
1777890947.1133325,3.0,5.0,-56.0
1777890947.1233325,1.0,2.0,-53.0
1777890947.1333325,0.0,3.0,-53.0
1777890947.1433325,3.0,0.0,-63.0
1777890947.1533325,1.0,0.0,-57.0
1777890947.1633325,1.0,-3.0,-56.0
1777890947.1733325,-2.0,-5.0,-58.0
1777890947.1833324,2.0,0.0,-71.0
1777890947.1933324,1.0,-4.0,-78.0
1777890947.2033324,0.0,-7.0,-82.0
1777890947.2133324,1.0,-7.0,-83.0
1777890947.2233324,0.0,-1.0,-75.0
1777890947.2333324,1.0,-7.0,-74.0
1777890947.2433324,0.0,-7.0,-75.0
1777890947.2533324,-3.0,-2.0,-76.0
1777890947.2633324,3.0,-1.0,-77.0
1777890947.2733324,7.0,0.0,-74.0
1777890947.2833323,4.0,4.0,-74.0
1777890947.2933323,4.0,1.0,-76.0
1777890947.3033323,2.0,0.0,-79.0
1777890947.3133323,0.0,-3.0,-69.0
1777890947.3233323,0.0,-7.0,-69.0
1777890947.3333323,-2.0,-12.0,-69.0
1777890947.3433323,-3.0,-16.0,-70.0
1777890947.3533323,2.0,-14.0,-76.0
1777890947.3633325,-3.0,-12.0,-81.0
1777890947.3733325,-7.0,-11.0,-85.0
1777890947.3833325,-5.0,-13.0,-79.0
1777890947.3933325,-3.0,-7.0,-84.0
1777890947.4033325,-2.0,-2.0,-87.0
1777890947.4133325,0.0,-4.0,-90.0
1777890947.4233325,-4.0,-7.0,-93.0
1777890947.4333324,-8.0,-2.0,-86.0
1777890947.4433324,-3.0,0.0,-82.0
1777890947.4533324,2.0,0.0,-78.0
1777890947.4633324,4.0,4.0,-78.0
1777890947.4733324,0.0,1.0,-78.0
1777890947.4833324,-2.0,5.0,-74.0
1777890947.4933324,0.0,1.0,-71.0
1777890947.5033324,0.0,3.0,-66.0
1777890947.5133324,1.0,4.0,-72.0
1777890947.5233324,1.0,2.0,-68.0
1777890947.5333323,4.0,1.0,-67.0
1777890947.5433323,1.0,2.0,-64.0
1777890947.5533323,0.0,0.0,-63.0
1777890947.5633323,2.0,0.0,-62.0
1777890947.5733323,0.0,3.0,-61.0
1777890947.5833323,0.0,0.0,-65.0
1777890947.5933323,-4.0,0.0,-66.0
1777890947.6033323,-6.0,-1.0,-66.0
1777890947.6133325,-5.0,-2.0,-68.0
1777890947.6233325,-3.0,-2.0,-69.0
1777890947.6333325,-1.0,-2.0,-73.0
1777890947.6433325,2.0,-6.0,-76.0
1777890947.6533325,0.0,-7.0,-76.0
1777890947.6633325,3.0,-7.0,-78.0
1777890947.6733325,3.0,-2.0,-79.0
1777890947.6833324,2.0,-3.0,-80.0
1777890947.6933324,0.0,-5.0,-78.0
1777890947.7033324,-1.0,-5.0,-71.0
1777890947.7133324,-5.0,-6.0,-75.0
1777890947.7233324,-3.0,-6.0,-74.0
1777890947.7333324,-2.0,-4.0,-81.0
1777890947.7433324,-2.0,0.0,-80.0
1777890947.7533324,0.0,0.0,-80.0
1777890947.7633324,0.0,0.0,-77.0
1777890947.7733324,4.0,-4.0,-78.0
1777890947.7833323,7.0,-2.0,-78.0
1777890947.7933323,4.0,4.0,-68.0
1777890947.8033323,3.0,5.0,-68.0
1777890947.8133323,2.0,2.0,-66.0
1777890947.8233323,1.0,1.0,-66.0
1777890947.8333323,1.0,1.0,-63.0
1777890947.8433323,1.0,0.0,-60.0
1777890947.8533323,1.0,0.0,-64.0
1777890947.8633325,1.0,-4.0,-66.0
1777890947.8733325,0.0,-3.0,-65.0
1777890947.8833325,0.0,-2.0,-67.0
1777890947.8933325,3.0,-1.0,-71.0
1777890947.9033325,1.0,0.0,-70.0
1777890947.9133325,-1.0,2.0,-75.0
1777890947.9233325,1.0,2.0,-74.0
1777890947.9333324,0.0,0.0,-74.0
1777890947.9433324,-1.0,-1.0,-69.0
1777890947.9533324,-3.0,0.0,-73.0
1777890947.9633324,0.0,-1.0,-73.0
1777890947.9733324,4.0,-3.0,-70.0
1777890947.9833324,5.0,-5.0,-77.0
1777890947.9933324,5.0,-3.0,-73.0
1777890948.0033324,7.0,-4.0,-68.0
1777890948.0133324,5.0,-1.0,-70.0
1777890948.0233324,6.0,-1.0,-77.0
1777890948.0333323,1.0,-3.0,-74.0
1777890948.0433323,-2.0,0.0,-74.0
1777890948.0533323,0.0,1.0,-65.0
1777890948.0633323,0.0,1.0,-64.0
1777890948.0733323,1.0,0.0,-68.0
1777890948.0833323,1.0,0.0,-69.0
1777890948.0933323,0.0,2.0,-71.0
1777890948.1033323,0.0,3.0,-69.0
1777890948.1133325,2.0,3.0,-72.0
1777890948.1233325,1.0,0.0,-75.0
1777890948.1333325,1.0,-1.0,-75.0
1777890948.1433325,3.0,3.0,-78.0
1777890948.1533325,4.0,4.0,-77.0
1777890948.1633325,4.0,7.0,-74.0
1777890948.1733325,2.0,6.0,-66.0
1777890948.1833324,3.0,2.0,-70.0
1777890948.1933324,0.0,-1.0,-68.0
1777890948.2033324,2.0,-1.0,-67.0
1777890948.2133324,3.0,-3.0,-75.0
1777890948.2233324,4.0,-5.0,-76.0
1777890948.2333324,7.0,-2.0,-71.0
1777890948.2433324,5.0,-2.0,-69.0
1777890948.2533324,1.0,0.0,-69.0
1777890948.2633324,-1.0,4.0,-66.0
1777890948.2733324,-1.0,1.0,-68.0
1777890948.2833323,-2.0,3.0,-76.0
1777890948.2933323,0.0,0.0,-75.0
1777890948.3033323,1.0,6.0,-71.0
1777890948.3133323,1.0,4.0,-76.0
1777890948.3233323,4.0,2.0,-71.0
1777890948.3333323,5.0,2.0,-73.0
1777890948.3433323,7.0,1.0,-69.0
1777890948.3533323,6.0,2.0,-70.0
1777890948.3633325,4.0,2.0,-72.0
1777890948.3733325,2.0,2.0,-68.0
1777890948.3833325,2.0,-2.0,-69.0
1777890948.3933325,3.0,0.0,-76.0
1777890948.4033325,0.0,0.0,-81.0
1777890948.4133325,2.0,4.0,-83.0
1777890948.4233325,0.0,0.0,-79.0
1777890948.4333324,1.0,-6.0,-76.0
1777890948.4433324,6.0,-8.0,-70.0
1777890948.4533324,5.0,-4.0,-72.0
1777890948.4633324,1.0,-1.0,-76.0
1777890948.4733324,0.0,0.0,-71.0
1777890948.4833324,0.0,-1.0,-71.0
1777890948.4933324,0.0,0.0,-74.0
1777890948.5033324,1.0,-1.0,-79.0
1777890948.5133324,4.0,-1.0,-80.0
1777890948.5233324,0.0,-1.0,-82.0
1777890948.5333323,0.0,-3.0,-77.0
1777890948.5433323,2.0,-4.0,-75.0
1777890948.5533323,3.0,-4.0,-72.0
1777890948.5633323,5.0,-5.0,-72.0
1777890948.5733323,1.0,-3.0,-73.0
1777890948.5833323,-1.0,-2.0,-76.0
1777890948.5933323,0.0,-8.0,-71.0
1777890948.6033323,-4.0,-6.0,-70.0
1777890948.6133325,-9.0,-2.0,-72.0
1777890948.6233325,-15.0,0.0,-67.0
1777890948.6333325,-12.0,1.0,-66.0
1777890948.6433325,-5.0,0.0,-63.0
1777890948.6533325,-1.0,-2.0,-65.0
1777890948.6643324,0.0,0.0,-65.0
1777890948.6733325,1.0,0.0,-67.0
1777890948.6833324,-1.0,-1.0,-77.0
1777890948.6933324,-2.0,0.0,-85.0
1777890948.7033324,3.0,-3.0,-87.0
1777890948.7133324,3.0,-2.0,-86.0
1777890948.7233324,1.0,0.0,-86.0
1777890948.7333324,-1.0,1.0,-89.0
1777890948.7433324,-1.0,3.0,-88.0
1777890948.7533324,-1.0,3.0,-91.0
1777890948.7633324,-2.0,0.0,-89.0
1777890948.7733324,0.0,0.0,-90.0
1777890948.7833323,1.0,-4.0,-85.0
1777890948.7933323,-3.0,-2.0,-78.0
1777890948.8033323,-2.0,-1.0,-76.0
1777890948.8133323,-1.0,-7.0,-79.0
1777890948.8233323,-1.0,-7.0,-78.0
1777890948.8333323,2.0,-11.0,-80.0
1777890948.8433323,0.0,-10.0,-81.0
1777890948.8533323,-4.0,-10.0,-79.0
1777890948.8633325,-2.0,-12.0,-76.0
1777890948.8733325,-6.0,-13.0,-69.0
1777890948.8833325,-2.0,-10.0,-73.0
1777890948.8933325,0.0,-6.0,-70.0
1777890948.9033325,4.0,-8.0,-70.0
1777890948.9133325,6.0,-9.0,-67.0
1777890948.9233325,4.0,-9.0,-67.0
1777890948.9333324,7.0,-7.0,-66.0
1777890948.9433324,6.0,-6.0,-66.0
1777890948.9533324,1.0,-6.0,-64.0
1777890948.9633324,1.0,-8.0,-68.0
1777890948.9733324,3.0,-5.0,-69.0
1777890948.9833324,0.0,-7.0,-69.0
1777890948.9933324,1.0,-7.0,-68.0
1777890949.0033324,0.0,-5.0,-71.0
1777890949.0143323,0.0,-4.0,-62.0
1777890949.0243323,0.0,0.0,-62.0
1777890949.0343325,0.0,-2.0,-67.0
1777890949.0443325,5.0,-3.0,-75.0
1777890949.0543325,6.0,-4.0,-72.0
1777890949.0643325,4.0,-6.0,-72.0
1777890949.0743325,-2.0,-7.0,-69.0
1777890949.0843325,-3.0,-2.0,-63.0
1777890949.0943325,-1.0,-4.0,-58.0
1777890949.1043324,0.0,-3.0,-61.0
1777890949.1143324,6.0,-1.0,-64.0
1777890949.1243324,4.0,-1.0,-70.0
1777890949.1343324,2.0,0.0,-73.0
1777890949.1443324,0.0,-5.0,-67.0
1777890949.1543324,0.0,-7.0,-74.0
1777890949.1643324,-2.0,-9.0,-78.0
1777890949.1743324,0.0,-7.0,-73.0
1777890949.1843324,0.0,-9.0,-71.0
1777890949.1943324,-2.0,-8.0,-66.0
1777890949.2043324,1.0,-7.0,-65.0
1777890949.2143323,1.0,-2.0,-63.0
1777890949.2243323,-1.0,0.0,-57.0
1777890949.2343323,-2.0,2.0,-60.0
1777890949.2443323,-3.0,3.0,-57.0
1777890949.2543323,0.0,4.0,-59.0
1777890949.2643323,-1.0,3.0,-67.0
1777890949.2743323,-5.0,2.0,-70.0
1777890949.2843325,-4.0,3.0,-64.0
1777890949.2943325,0.0,0.0,-72.0
1777890949.3043325,0.0,0.0,-65.0
1777890949.3143325,2.0,0.0,-73.0
1777890949.3243325,1.0,0.0,-73.0
1777890949.3343325,2.0,3.0,-65.0
1777890949.3443325,0.0,2.0,-64.0
1777890949.3543324,0.0,0.0,-68.0
1777890949.3643324,-3.0,2.0,-68.0
1777890949.3743324,1.0,-1.0,-68.0
1777890949.3843324,2.0,0.0,-65.0
1777890949.3943324,-1.0,3.0,-66.0
1777890949.4043324,0.0,4.0,-70.0
1777890949.4143324,1.0,2.0,-74.0
1777890949.4243324,4.0,5.0,-77.0
1777890949.4343324,3.0,1.0,-74.0
1777890949.4443324,5.0,3.0,-66.0
1777890949.4543324,3.0,1.0,-62.0
1777890949.4643323,1.0,0.0,-65.0
1777890949.4743323,2.0,-1.0,-68.0
1777890949.4843323,4.0,0.0,-69.0
1777890949.4943323,0.0,1.0,-67.0
1777890949.5043323,0.0,0.0,-69.0
1777890949.5143323,0.0,-2.0,-72.0
1777890949.5243323,2.0,0.0,-70.0
1777890949.5343325,4.0,0.0,-66.0
1777890949.5443325,2.0,-3.0,-62.0
1777890949.5543325,0.0,1.0,-57.0
1777890949.5643325,0.0,-1.0,-62.0
1777890949.5743325,-2.0,-1.0,-69.0
1777890949.5843325,-4.0,0.0,-69.0
1777890949.5943325,-1.0,1.0,-69.0
1777890949.6043324,-4.0,3.0,-67.0
1777890949.6143324,0.0,3.0,-72.0
1777890949.6243324,0.0,2.0,-69.0
1777890949.6343324,1.0,-1.0,-62.0
1777890949.6443324,-6.0,-1.0,-66.0
1777890949.6543324,-7.0,-1.0,-73.0
1777890949.6643324,-3.0,-8.0,-73.0
1777890949.6743324,3.0,-4.0,-71.0
1777890949.6843324,5.0,-4.0,-68.0
1777890949.6943324,1.0,2.0,-72.0
1777890949.7043324,5.0,0.0,-68.0
1777890949.7143323,-3.0,1.0,-69.0
1777890949.7243323,-4.0,0.0,-67.0
1777890949.7343323,-2.0,-2.0,-71.0
1777890949.7443323,-6.0,-3.0,-71.0
1777890949.7543323,-4.0,1.0,-69.0
1777890949.7643323,-5.0,-1.0,-74.0
1777890949.7743323,-5.0,-2.0,-71.0
1777890949.7843325,-4.0,-1.0,-74.0
1777890949.7943325,-2.0,1.0,-78.0
1777890949.8043325,-7.0,0.0,-83.0
1777890949.8143325,-4.0,-1.0,-86.0
1777890949.8243325,-5.0,-2.0,-83.0
1777890949.8343325,-7.0,-2.0,-81.0
1777890949.8443325,-8.0,0.0,-83.0
1777890949.8543324,-7.0,0.0,-81.0
1777890949.8643324,-8.0,2.0,-71.0
1777890949.8743324,-8.0,5.0,-72.0
1777890949.8843324,-1.0,8.0,-80.0
1777890949.8943324,0.0,5.0,-84.0
1777890949.9043324,-1.0,5.0,-79.0
1777890949.9143324,1.0,5.0,-73.0
1777890949.9243324,0.0,8.0,-70.0
1777890949.9343324,-1.0,5.0,-72.0
1777890949.9443324,3.0,3.0,-73.0
1777890949.9543324,3.0,5.0,-67.0
1777890949.9643323,4.0,5.0,-64.0
1777890949.9743323,4.0,6.0,-62.0
1777890949.9843323,5.0,4.0,-69.0
1777890949.9943323,5.0,2.0,-67.0
1777890950.0043323,3.0,0.0,-68.0
1777890950.0143323,7.0,-1.0,-72.0
1777890950.0243323,7.0,0.0,-75.0
1777890950.0343325,9.0,-2.0,-66.0
1777890950.0443325,8.0,-3.0,-65.0
1777890950.0543325,4.0,-5.0,-70.0
1777890950.0643325,3.0,-3.0,-77.0
1777890950.0743325,3.0,0.0,-77.0
1777890950.0843325,1.0,-2.0,-75.0
1777890950.0943325,0.0,-1.0,-74.0
1777890950.1043324,2.0,-3.0,-80.0
1777890950.1143324,0.0,-4.0,-83.0
1777890950.1243324,3.0,0.0,-84.0
1777890950.1343324,7.0,2.0,-80.0
1777890950.1443324,7.0,6.0,-77.0
1777890950.1543324,4.0,9.0,-79.0
1777890950.1643324,9.0,10.0,-85.0
1777890950.1743324,13.0,6.0,-78.0
1777890950.1843324,11.0,1.0,-74.0
1777890950.1943324,8.0,2.0,-72.0
1777890950.2043324,5.0,0.0,-74.0
1777890950.2143323,5.0,0.0,-73.0
1777890950.2243323,5.0,-3.0,-68.0
1777890950.2343323,7.0,0.0,-72.0
1777890950.2443323,4.0,1.0,-72.0
1777890950.2543323,6.0,3.0,-70.0
1777890950.2643323,9.0,-3.0,-76.0
1777890950.2743323,11.0,0.0,-78.0
1777890950.2843325,8.0,0.0,-78.0
1777890950.2943325,7.0,-3.0,-72.0
1777890950.3043325,2.0,-3.0,-73.0
1777890950.3143325,3.0,-5.0,-70.0
1777890950.3243325,3.0,-2.0,-67.0
1777890950.3343325,0.0,-3.0,-70.0
1777890950.3443325,0.0,-4.0,-63.0
1777890950.3543324,-2.0,-4.0,-68.0
1777890950.3643324,2.0,-3.0,-70.0
1777890950.3743324,4.0,-1.0,-70.0
1777890950.3843324,1.0,-2.0,-69.0
1777890950.3943324,0.0,0.0,-73.0
1777890950.4043324,-1.0,0.0,-75.0
1777890950.4143324,0.0,0.0,-74.0
1777890950.4243324,-1.0,5.0,-69.0
1777890950.4343324,-2.0,0.0,-71.0
1777890950.4443324,-3.0,4.0,-73.0
1777890950.4543324,1.0,3.0,-74.0
1777890950.4643323,0.0,0.0,-77.0
1777890950.4743323,1.0,0.0,-70.0
1777890950.4843323,-1.0,3.0,-68.0
1777890950.4943323,-2.0,-1.0,-72.0
1777890950.5043323,-1.0,3.0,-71.0
1777890950.5143323,1.0,-4.0,-73.0
1777890950.5243323,3.0,-5.0,-75.0
1777890950.5343325,3.0,-4.0,-70.0
1777890950.5443325,0.0,-4.0,-78.0
1777890950.5543325,-2.0,-1.0,-73.0
1777890950.5643325,-1.0,-4.0,-75.0
1777890950.5743325,3.0,-3.0,-72.0
1777890950.5843325,1.0,-1.0,-76.0
1777890950.5943325,2.0,0.0,-80.0
1777890950.6043324,4.0,3.0,-81.0
1777890950.6143324,4.0,5.0,-80.0
1777890950.6243324,2.0,1.0,-75.0
1777890950.6343324,0.0,-2.0,-73.0
1777890950.6443324,3.0,0.0,-74.0
1777890950.6543324,0.0,2.0,-68.0
1777890950.6643324,0.0,-2.0,-65.0
1777890950.6743324,-5.0,-3.0,-62.0
1777890950.6843324,-4.0,-3.0,-62.0
1777890950.6943324,-3.0,-2.0,-64.0
1777890950.7043324,-1.0,-1.0,-76.0
1777890950.7143323,3.0,-1.0,-76.0
1777890950.7243323,2.0,2.0,-77.0
1777890950.7343323,5.0,2.0,-72.0
1777890950.7443323,2.0,1.0,-74.0
1777890950.7543323,3.0,0.0,-70.0
1777890950.7643323,4.0,2.0,-68.0
1777890950.7743323,2.0,4.0,-66.0
1777890950.7843325,2.0,-4.0,-77.0
1777890950.7943325,4.0,-4.0,-82.0
1777890950.8043325,3.0,-3.0,-76.0
1777890950.8143325,2.0,-3.0,-79.0
1777890950.8243325,4.0,-4.0,-74.0
1777890950.8343325,4.0,-3.0,-76.0
1777890950.8443325,2.0,-2.0,-78.0
1777890950.8543324,0.0,-1.0,-76.0
1777890950.8643324,-3.0,0.0,-71.0
1777890950.8743324,-5.0,0.0,-77.0
1777890950.8843324,-6.0,5.0,-79.0
1777890950.8943324,-5.0,3.0,-77.0
1777890950.9043324,-6.0,0.0,-72.0
1777890950.9143324,-1.0,-3.0,-67.0
1777890950.9243324,1.0,-7.0,-70.0
1777890950.9343324,3.0,-5.0,-68.0
1777890950.9443324,1.0,-4.0,-69.0
1777890950.9543324,1.0,-2.0,-69.0
1777890950.9643323,0.0,-2.0,-65.0
1777890950.9753325,-2.0,-1.0,-63.0
1777890950.9853325,-6.0,-3.0,-69.0
1777890950.9953325,-3.0,-4.0,-68.0
1777890951.0053325,-3.0,-7.0,-66.0
1777890951.0153325,-3.0,-4.0,-72.0
1777890951.0253325,-2.0,1.0,-74.0
1777890951.0353324,0.0,4.0,-75.0
1777890951.0453324,2.0,2.0,-81.0
1777890951.0553324,7.0,3.0,-81.0
1777890951.0653324,7.0,7.0,-75.0
1777890951.0753324,6.0,3.0,-76.0
1777890951.0853324,3.0,5.0,-80.0
1777890951.0953324,4.0,4.0,-74.0
1777890951.1053324,2.0,2.0,-75.0
1777890951.1153324,4.0,2.0,-73.0
1777890951.1253324,2.0,0.0,-74.0
1777890951.1353323,4.0,0.0,-76.0
1777890951.1453323,7.0,0.0,-80.0
1777890951.1553323,6.0,-1.0,-74.0
1777890951.1653323,5.0,-8.0,-73.0
1777890951.1753323,3.0,0.0,-73.0
1777890951.1853323,3.0,0.0,-70.0
1777890951.1953323,3.0,1.0,-68.0
1777890951.2053325,2.0,-1.0,-75.0
1777890951.2153325,-2.0,-1.0,-78.0
1777890951.2253325,-4.0,0.0,-77.0
1777890951.2353325,1.0,1.0,-73.0
1777890951.2453325,6.0,0.0,-69.0
1777890951.2553325,4.0,0.0,-70.0
1777890951.2653325,0.0,1.0,-67.0
1777890951.2753325,2.0,1.0,-68.0
1777890951.2853324,0.0,1.0,-71.0
1777890951.2953324,2.0,-1.0,-67.0
1777890951.3053324,0.0,-7.0,-72.0
1777890951.3153324,-2.0,-5.0,-73.0
1777890951.3253324,2.0,-5.0,-74.0
1777890951.3353324,0.0,-3.0,-73.0
1777890951.3453324,1.0,0.0,-74.0
1777890951.3553324,8.0,1.0,-77.0
1777890951.3653324,5.0,0.0,-80.0
1777890951.3753324,3.0,-5.0,-83.0
1777890951.3853323,1.0,-5.0,-76.0
1777890951.3953323,4.0,-2.0,-74.0
1777890951.4053323,4.0,-5.0,-73.0
1777890951.4153323,10.0,-3.0,-74.0
1777890951.4253323,6.0,-4.0,-74.0
1777890951.4353323,4.0,-3.0,-78.0
1777890951.4453323,7.0,-1.0,-81.0
1777890951.4553325,8.0,-3.0,-80.0
1777890951.4653325,3.0,-5.0,-78.0
1777890951.4753325,5.0,-6.0,-77.0
1777890951.4853325,5.0,-8.0,-72.0
1777890951.4953325,4.0,-8.0,-69.0
1777890951.5053325,3.0,-4.0,-65.0
1777890951.5153325,2.0,-3.0,-66.0
1777890951.5253325,3.0,-3.0,-62.0
1777890951.5353324,0.0,-5.0,-68.0
1777890951.5453324,0.0,-1.0,-72.0
1777890951.5553324,0.0,-1.0,-74.0
1777890951.5653324,-4.0,0.0,-73.0
1777890951.5753324,-2.0,-2.0,-68.0
1777890951.5853324,-1.0,0.0,-67.0
1777890951.5953324,-1.0,-2.0,-66.0
1777890951.6053324,-4.0,0.0,-68.0
1777890951.6153324,-3.0,1.0,-66.0
1777890951.6253324,-2.0,0.0,-70.0
1777890951.6353323,-3.0,1.0,-74.0
1777890951.6453323,-5.0,2.0,-67.0
1777890951.6553323,-4.0,3.0,-76.0
1777890951.6653323,-2.0,3.0,-72.0
1777890951.6753323,0.0,1.0,-60.0
1777890951.6853323,0.0,0.0,-57.0
1777890951.6953323,-3.0,-5.0,-56.0
1777890951.7053325,-4.0,-9.0,-56.0
1777890951.7153325,-4.0,-10.0,-58.0
1777890951.7253325,-7.0,-4.0,-48.0
1777890951.7353325,-4.0,-2.0,-49.0
1777890951.7453325,-4.0,0.0,-56.0
1777890951.7553325,0.0,1.0,-64.0
1777890951.7653325,1.0,1.0,-63.0
1777890951.7753325,0.0,-1.0,-67.0
1777890951.7853324,2.0,-7.0,-64.0
1777890951.7953324,1.0,-1.0,-60.0
1777890951.8053324,-3.0,0.0,-63.0
1777890951.8153324,-2.0,1.0,-67.0
1777890951.8253324,-1.0,0.0,-66.0
1777890951.8353324,0.0,0.0,-70.0
1777890951.8453324,-2.0,0.0,-72.0
1777890951.8553324,-2.0,1.0,-77.0
1777890951.8653324,-1.0,4.0,-78.0
1777890951.8753324,4.0,2.0,-72.0
1777890951.8853323,5.0,1.0,-72.0
1777890951.8953323,3.0,0.0,-75.0
1777890951.9053323,5.0,0.0,-79.0
1777890951.9153323,0.0,0.0,-74.0
1777890951.9253323,-1.0,0.0,-75.0
1777890951.9353323,1.0,3.0,-78.0
1777890951.9453323,3.0,0.0,-83.0
1777890951.9553325,0.0,-1.0,-78.0
1777890951.9653325,-1.0,-1.0,-75.0
1777890951.9753325,1.0,0.0,-74.0
1777890951.9853325,3.0,2.0,-77.0
1777890951.9953325,0.0,-1.0,-77.0
1777890952.0053325,-4.0,-2.0,-76.0
1777890952.0153325,-6.0,-1.0,-76.0
1777890952.0253325,-4.0,2.0,-82.0
1777890952.0353324,-3.0,8.0,-85.0
1777890952.0453324,-1.0,6.0,-83.0
1777890952.0553324,-5.0,3.0,-86.0
1777890952.0653324,-3.0,0.0,-82.0
1777890952.0753324,0.0,-2.0,-82.0
1777890952.0853324,-2.0,-6.0,-86.0
1777890952.0953324,-5.0,0.0,-91.0
1777890952.1053324,-3.0,2.0,-85.0
1777890952.1153324,-1.0,4.0,-77.0
1777890952.1253324,0.0,7.0,-72.0
1777890952.1353323,3.0,2.0,-72.0
1777890952.1453323,2.0,2.0,-75.0
1777890952.1553323,-5.0,5.0,-72.0
1777890952.1653323,-3.0,8.0,-73.0
1777890952.1753323,-4.0,1.0,-69.0
1777890952.1853323,-3.0,4.0,-69.0
1777890952.1953323,-4.0,4.0,-74.0
1777890952.2053325,-1.0,7.0,-77.0
1777890952.2153325,0.0,3.0,-81.0
1777890952.2253325,4.0,3.0,-74.0
1777890952.2353325,5.0,5.0,-74.0
1777890952.2453325,3.0,6.0,-68.0
1777890952.2553325,4.0,5.0,-69.0
1777890952.2653325,4.0,6.0,-73.0
1777890952.2753325,7.0,4.0,-72.0
1777890952.2853324,3.0,4.0,-68.0
1777890952.2953324,4.0,1.0,-72.0
1777890952.3053324,3.0,-1.0,-79.0
1777890952.3153324,0.0,-1.0,-80.0
1777890952.3253324,2.0,-5.0,-80.0
1777890952.3353324,7.0,-3.0,-74.0
1777890952.3453324,8.0,-4.0,-79.0
1777890952.3553324,6.0,-2.0,-80.0
1777890952.3653324,2.0,-2.0,-80.0
1777890952.3753324,1.0,0.0,-77.0
1777890952.3853323,0.0,-1.0,-78.0
1777890952.3953323,-4.0,-4.0,-75.0
1777890952.4053323,-5.0,-7.0,-77.0
1777890952.4153323,-1.0,-6.0,-80.0
1777890952.4253323,-1.0,-6.0,-79.0
1777890952.4353323,2.0,-4.0,-77.0
1777890952.4453323,1.0,-1.0,-77.0
1777890952.4553325,0.0,0.0,-80.0
1777890952.4653325,-2.0,-3.0,-78.0
1777890952.4753325,0.0,-4.0,-75.0
1777890952.4853325,-7.0,-7.0,-69.0
1777890952.4953325,-7.0,-7.0,-72.0
1777890952.5053325,-6.0,-5.0,-71.0
1777890952.5153325,-6.0,-3.0,-66.0
1777890952.5253325,-8.0,2.0,-61.0
1777890952.5353324,-1.0,-1.0,-65.0
1777890952.5453324,0.0,-3.0,-68.0
1777890952.5553324,-1.0,0.0,-66.0
1777890952.5653324,3.0,0.0,-70.0
1777890952.5753324,8.0,-1.0,-72.0
1777890952.5853324,6.0,-3.0,-78.0
1777890952.5953324,5.0,-4.0,-74.0
1777890952.6053324,4.0,1.0,-78.0
1777890952.6153324,3.0,0.0,-74.0
1777890952.6253324,10.0,-1.0,-72.0
1777890952.6353323,8.0,-3.0,-71.0
1777890952.6453323,6.0,0.0,-69.0
1777890952.6553323,0.0,-2.0,-69.0
1777890952.6653323,0.0,0.0,-68.0
1777890952.6753323,-1.0,1.0,-62.0
1777890952.6853323,1.0,-2.0,-73.0
1777890952.6953323,0.0,-1.0,-69.0
1777890952.7053325,1.0,-1.0,-68.0
1777890952.7153325,0.0,-3.0,-77.0
1777890952.7253325,2.0,-5.0,-70.0
1777890952.7353325,6.0,0.0,-71.0
1777890952.7453325,7.0,3.0,-71.0
1777890952.7553325,9.0,1.0,-78.0
1777890952.7653325,8.0,-3.0,-83.0
1777890952.7753325,10.0,-3.0,-84.0
1777890952.7853324,8.0,-1.0,-81.0
1777890952.7953324,8.0,-1.0,-81.0
1777890952.8053324,4.0,0.0,-81.0
1777890952.8153324,3.0,2.0,-81.0
1777890952.8253324,2.0,5.0,-80.0
1777890952.8353324,-3.0,2.0,-72.0
1777890952.8453324,-2.0,4.0,-74.0
1777890952.8553324,0.0,5.0,-70.0
1777890952.8653324,-1.0,4.0,-74.0
1777890952.8753324,-1.0,2.0,-73.0
1777890952.8853323,-1.0,-1.0,-67.0
1777890952.8953323,-4.0,-6.0,-70.0
1777890952.9053323,-4.0,-6.0,-70.0
1777890952.9153323,-1.0,-2.0,-78.0
1777890952.9253323,-2.0,0.0,-79.0
1777890952.9353323,-3.0,1.0,-74.0
1777890952.9453323,-2.0,0.0,-80.0
1777890952.9553325,-5.0,-2.0,-77.0
1777890952.9653325,-2.0,-1.0,-80.0
1777890952.9753325,0.0,2.0,-84.0
1777890952.9863324,3.0,6.0,-74.0
1777890952.9963324,1.0,3.0,-68.0
1777890953.0063324,1.0,3.0,-74.0
1777890953.0163324,-1.0,7.0,-81.0
1777890953.0263324,-4.0,6.0,-81.0
1777890953.0363324,-5.0,1.0,-75.0
1777890953.0463324,-2.0,1.0,-72.0
1777890953.0563323,5.0,0.0,-66.0
1777890953.0663323,2.0,-2.0,-66.0
1777890953.0763323,-1.0,0.0,-74.0
1777890953.0863323,1.0,-1.0,-72.0
1777890953.0963323,3.0,1.0,-69.0
1777890953.1063323,-2.0,-1.0,-64.0
1777890953.1163323,-1.0,0.0,-66.0
1777890953.1263323,-1.0,-2.0,-67.0
1777890953.1363325,0.0,-4.0,-71.0
1777890953.1463325,-1.0,-3.0,-72.0
1777890953.1563325,0.0,-5.0,-70.0
1777890953.1663325,-2.0,-6.0,-70.0
1777890953.1763325,2.0,-5.0,-75.0
1777890953.1863325,6.0,-1.0,-78.0
1777890953.1963325,3.0,0.0,-79.0
1777890953.2063324,2.0,4.0,-81.0
1777890953.2163324,0.0,-1.0,-78.0
1777890953.2263324,3.0,-3.0,-70.0
1777890953.2363324,6.0,-5.0,-73.0
1777890953.2463324,5.0,-7.0,-79.0
1777890953.2563324,1.0,-7.0,-87.0
1777890953.2663324,0.0,-6.0,-90.0
1777890953.2763324,0.0,-7.0,-79.0
1777890953.2863324,0.0,-3.0,-78.0
1777890953.2963324,2.0,-1.0,-72.0
1777890953.3063323,1.0,0.0,-66.0
1777890953.3163323,4.0,-3.0,-70.0
1777890953.3263323,1.0,-1.0,-72.0
1777890953.3363323,0.0,-2.0,-72.0
1777890953.3463323,-3.0,-1.0,-67.0
1777890953.3563323,-2.0,1.0,-71.0
1777890953.3663323,0.0,0.0,-74.0
1777890953.3763323,3.0,0.0,-80.0
1777890953.3863325,3.0,0.0,-80.0
1777890953.3963325,5.0,1.0,-81.0
1777890953.4063325,5.0,-6.0,-83.0
1777890953.4163325,9.0,-3.0,-73.0
1777890953.4263325,9.0,-5.0,-71.0
1777890953.4363325,9.0,1.0,-72.0
1777890953.4463325,8.0,3.0,-72.0
1777890953.4563324,7.0,4.0,-67.0
1777890953.4663324,5.0,2.0,-71.0
1777890953.4773324,5.0,0.0,-72.0
1777890953.4863324,7.0,0.0,-70.0
1777890953.4963324,9.0,0.0,-70.0
1777890953.5063324,8.0,1.0,-73.0
1777890953.5163324,6.0,2.0,-74.0
1777890953.5263324,1.0,1.0,-75.0
1777890953.5363324,0.0,1.0,-71.0
1777890953.5463324,0.0,2.0,-75.0
1777890953.5563323,-4.0,2.0,-74.0
1777890953.5663323,-4.0,1.0,-71.0
1777890953.5763323,-9.0,2.0,-72.0
1777890953.5863323,-2.0,3.0,-71.0
1777890953.5963323,0.0,0.0,-76.0
1777890953.6063323,0.0,3.0,-78.0
1777890953.6163323,3.0,2.0,-76.0
1777890953.6263323,-1.0,1.0,-73.0
1777890953.6363325,0.0,1.0,-70.0
1777890953.6463325,0.0,0.0,-72.0
1777890953.6563325,0.0,0.0,-70.0
1777890953.6663325,-4.0,0.0,-70.0
1777890953.6763325,-5.0,0.0,-69.0
1777890953.6863325,-5.0,0.0,-68.0
1777890953.6963325,-6.0,0.0,-77.0
1777890953.7063324,-6.0,2.0,-88.0
1777890953.7163324,-5.0,2.0,-88.0
1777890953.7263324,-1.0,6.0,-86.0
1777890953.7363324,0.0,4.0,-85.0
1777890953.7463324,5.0,4.0,-79.0
1777890953.7563324,3.0,6.0,-80.0
1777890953.7663324,-2.0,3.0,-79.0
1777890953.7763324,2.0,-2.0,-77.0
1777890953.7863324,3.0,-2.0,-84.0
1777890953.7963324,1.0,-4.0,-81.0
1777890953.8063323,1.0,-3.0,-77.0
1777890953.8163323,1.0,-1.0,-81.0
1777890953.8263323,2.0,-2.0,-77.0
1777890953.8363323,0.0,-5.0,-84.0
1777890953.8463323,1.0,-10.0,-87.0
1777890953.8563323,-1.0,-13.0,-87.0
1777890953.8663323,-2.0,-11.0,-78.0
1777890953.8763323,1.0,-9.0,-78.0
1777890953.8863325,1.0,-9.0,-76.0
1777890953.8963325,5.0,-5.0,-75.0
1777890953.9063325,2.0,-4.0,-76.0
1777890953.9163325,2.0,0.0,-79.0
1777890953.9263325,3.0,-2.0,-79.0
1777890953.9363325,2.0,-4.0,-70.0
1777890953.9463325,1.0,-5.0,-66.0
1777890953.9563324,5.0,-4.0,-69.0
1777890953.9663324,8.0,-1.0,-76.0
1777890953.9763324,6.0,1.0,-73.0
1777890953.9863324,6.0,0.0,-65.0
1777890953.9963324,2.0,4.0,-63.0
1777890954.0063324,-3.0,5.0,-71.0
1777890954.0163324,-2.0,1.0,-69.0
1777890954.0263324,0.0,3.0,-69.0
1777890954.0363324,-1.0,1.0,-77.0
1777890954.0463324,-2.0,6.0,-82.0
1777890954.0563323,-6.0,1.0,-78.0
1777890954.0663323,-5.0,0.0,-75.0
1777890954.0763323,-3.0,1.0,-77.0
1777890954.0863323,-4.0,0.0,-78.0
1777890954.0963323,-2.0,2.0,-67.0
1777890954.1063323,0.0,0.0,-72.0
1777890954.1163323,2.0,3.0,-75.0
1777890954.1263323,0.0,0.0,-79.0
1777890954.1363325,1.0,0.0,-76.0
1777890954.1463325,1.0,0.0,-68.0
1777890954.1563325,3.0,0.0,-66.0
1777890954.1663325,3.0,4.0,-69.0
1777890954.1763325,1.0,2.0,-66.0
1777890954.1863325,4.0,0.0,-62.0
1777890954.1963325,0.0,-2.0,-63.0
1777890954.2063324,1.0,0.0,-63.0
1777890954.2163324,2.0,0.0,-65.0
1777890954.2263324,2.0,-1.0,-70.0
1777890954.2363324,1.0,0.0,-71.0
1777890954.2463324,3.0,-1.0,-66.0
1777890954.2563324,6.0,-7.0,-73.0
1777890954.2663324,0.0,-8.0,-71.0
1777890954.2763324,-1.0,-7.0,-72.0
1777890954.2863324,-4.0,-6.0,-69.0
1777890954.2963324,-1.0,-7.0,-72.0
1777890954.3063323,0.0,-7.0,-70.0
1777890954.3163323,3.0,-6.0,-72.0
1777890954.3263323,2.0,-1.0,-73.0
1777890954.3363323,3.0,0.0,-76.0
1777890954.3463323,6.0,-4.0,-72.0
1777890954.3563323,7.0,1.0,-69.0
1777890954.3663323,5.0,0.0,-65.0
1777890954.3763323,3.0,1.0,-61.0
1777890954.3863325,1.0,2.0,-61.0
1777890954.3963325,-4.0,0.0,-58.0
1777890954.4063325,-6.0,0.0,-59.0
1777890954.4163325,-4.0,0.0,-60.0
1777890954.4263325,0.0,0.0,-68.0
1777890954.4363325,2.0,0.0,-67.0
1777890954.4463325,7.0,0.0,-75.0
1777890954.4563324,4.0,-3.0,-77.0
1777890954.4663324,3.0,-6.0,-75.0
1777890954.4763324,5.0,-2.0,-72.0
1777890954.4863324,2.0,1.0,-74.0
1777890954.4963324,1.0,-1.0,-68.0
1777890954.5063324,3.0,-2.0,-66.0
1777890954.5163324,4.0,-2.0,-69.0
1777890954.5263324,5.0,-1.0,-72.0
1777890954.5363324,7.0,2.0,-73.0
1777890954.5463324,3.0,2.0,-80.0
1777890954.5563323,0.0,0.0,-79.0
1777890954.5663323,-2.0,-1.0,-78.0
1777890954.5763323,-3.0,-2.0,-68.0
1777890954.5863323,-6.0,-3.0,-66.0
1777890954.5963323,-6.0,-1.0,-69.0
1777890954.6063323,-5.0,-1.0,-68.0
1777890954.6163323,-2.0,-1.0,-70.0
1777890954.6263323,-2.0,-3.0,-65.0
1777890954.6363325,2.0,0.0,-64.0
1777890954.6463325,6.0,-1.0,-67.0
1777890954.6563325,1.0,0.0,-66.0
1777890954.6663325,-1.0,1.0,-62.0
1777890954.6763325,-1.0,0.0,-63.0
1777890954.6863325,-3.0,-4.0,-65.0
1777890954.6963325,-3.0,-6.0,-64.0
1777890954.7063324,-1.0,-5.0,-65.0
1777890954.7163324,3.0,-5.0,-75.0
1777890954.7263324,1.0,-2.0,-79.0
1777890954.7363324,2.0,-2.0,-75.0
1777890954.7463324,1.0,-2.0,-74.0
1777890954.7563324,2.0,-4.0,-69.0
1777890954.7663324,-4.0,-5.0,-71.0
1777890954.7763324,0.0,-3.0,-68.0
1777890954.7863324,0.0,-2.0,-64.0
1777890954.7963324,2.0,-3.0,-67.0
1777890954.8063323,5.0,-4.0,-73.0
1777890954.8163323,4.0,-5.0,-72.0
1777890954.8263323,3.0,-6.0,-67.0
1777890954.8363323,-1.0,0.0,-63.0
1777890954.8463323,0.0,0.0,-61.0
1777890954.8563323,0.0,-2.0,-56.0
1777890954.8663323,0.0,-2.0,-57.0
1777890954.8763323,-5.0,-1.0,-62.0
1777890954.8863325,-4.0,-1.0,-65.0
1777890954.8963325,-3.0,-2.0,-68.0
1777890954.9063325,-4.0,-4.0,-62.0
1777890954.9163325,-2.0,-4.0,-62.0
1777890954.9263325,-1.0,-7.0,-65.0
1777890954.9363325,-3.0,-1.0,-71.0
1777890954.9463325,0.0,-2.0,-70.0
1777890954.9573324,0.0,-4.0,-68.0
1777890954.9673324,0.0,-7.0,-64.0
1777890954.9773324,0.0,-6.0,-69.0
1777890954.9873323,0.0,-1.0,-70.0
1777890954.9973323,3.0,-1.0,-66.0
1777890955.0073323,4.0,0.0,-66.0
1777890955.0173323,2.0,-1.0,-72.0
1777890955.0273323,5.0,-6.0,-69.0
1777890955.0373323,2.0,-5.0,-67.0
1777890955.0473323,4.0,-2.0,-68.0
1777890955.0573325,7.0,-3.0,-65.0
1777890955.0673325,4.0,-4.0,-62.0
1777890955.0773325,7.0,-4.0,-64.0
1777890955.0873325,3.0,0.0,-69.0
1777890955.0973325,2.0,0.0,-69.0
1777890955.1073325,-1.0,2.0,-68.0
1777890955.1173325,5.0,1.0,-72.0
1777890955.1273324,6.0,2.0,-67.0
1777890955.1373324,4.0,4.0,-68.0
1777890955.1473324,2.0,4.0,-69.0
1777890955.1573324,4.0,2.0,-71.0
1777890955.1673324,0.0,1.0,-67.0
1777890955.1773324,0.0,0.0,-70.0
1777890955.1873324,0.0,0.0,-71.0
1777890955.1973324,5.0,-1.0,-67.0
1777890955.2073324,9.0,-1.0,-65.0
1777890955.2173324,3.0,0.0,-67.0
1777890955.2273324,-3.0,4.0,-68.0
1777890955.2373323,-4.0,6.0,-67.0
1777890955.2473323,-6.0,4.0,-62.0
1777890955.2573323,-3.0,2.0,-64.0
1777890955.2673323,-1.0,5.0,-66.0
1777890955.2773323,-6.0,7.0,-69.0
1777890955.2873323,-8.0,6.0,-70.0
1777890955.2973323,-5.0,3.0,-79.0
1777890955.3073325,-2.0,0.0,-80.0
1777890955.3173325,0.0,0.0,-71.0
1777890955.3273325,0.0,1.0,-69.0
1777890955.3373325,-2.0,6.0,-72.0
1777890955.3473325,0.0,7.0,-72.0
1777890955.3573325,1.0,8.0,-67.0
1777890955.3673325,-1.0,4.0,-63.0
1777890955.3773324,-4.0,1.0,-64.0
1777890955.3873324,-2.0,2.0,-66.0
1777890955.3973324,-1.0,3.0,-66.0
1777890955.4073324,0.0,2.0,-61.0
1777890955.4173324,-4.0,-1.0,-66.0
1777890955.4273324,-3.0,3.0,-67.0
1777890955.4373324,-4.0,6.0,-66.0
1777890955.4473324,-3.0,3.0,-66.0
1777890955.4573324,-9.0,0.0,-65.0
1777890955.4673324,-7.0,0.0,-67.0
1777890955.4773324,-4.0,0.0,-69.0
1777890955.4873323,-2.0,-3.0,-73.0
1777890955.4973323,0.0,-4.0,-74.0
1777890955.5073323,0.0,-1.0,-75.0
1777890955.5173323,2.0,0.0,-76.0
1777890955.5273323,1.0,1.0,-74.0
1777890955.5373323,0.0,2.0,-79.0
1777890955.5473323,4.0,0.0,-88.0
1777890955.5573325,4.0,-1.0,-88.0
1777890955.5673325,4.0,-1.0,-89.0
1777890955.5773325,2.0,-4.0,-90.0
1777890955.5873325,0.0,-3.0,-86.0
1777890955.5973325,-5.0,-4.0,-80.0
1777890955.6073325,-5.0,-2.0,-77.0
1777890955.6173325,-1.0,-2.0,-73.0
1777890955.6273324,-1.0,1.0,-69.0
1777890955.6373324,1.0,-5.0,-77.0
1777890955.6473324,5.0,-6.0,-73.0
1777890955.6573324,1.0,-5.0,-77.0
1777890955.6673324,4.0,-5.0,-76.0
1777890955.6773324,2.0,-4.0,-74.0
1777890955.6873324,2.0,2.0,-78.0
1777890955.6973324,0.0,3.0,-79.0
1777890955.7073324,-2.0,0.0,-78.0
1777890955.7173324,-5.0,0.0,-74.0
1777890955.7273324,-2.0,1.0,-78.0
1777890955.7373323,0.0,2.0,-82.0
1777890955.7473323,1.0,3.0,-86.0
1777890955.7573323,2.0,3.0,-81.0
1777890955.7673323,3.0,2.0,-78.0
1777890955.7773323,0.0,3.0,-75.0
1777890955.7873323,2.0,5.0,-73.0
1777890955.7973323,5.0,3.0,-76.0
1777890955.8073325,6.0,0.0,-76.0
1777890955.8173325,-1.0,-3.0,-69.0
1777890955.8273325,0.0,0.0,-70.0
1777890955.8373325,-1.0,0.0,-70.0
1777890955.8473325,-4.0,-2.0,-77.0
1777890955.8573325,0.0,-3.0,-79.0
1777890955.8673325,0.0,-3.0,-78.0
1777890955.8773324,-1.0,-10.0,-68.0
1777890955.8873324,0.0,-9.0,-69.0
1777890955.8973324,1.0,-7.0,-66.0
1777890955.9073324,4.0,-1.0,-62.0
1777890955.9173324,6.0,-1.0,-60.0
1777890955.9273324,5.0,0.0,-63.0
1777890955.9373324,4.0,0.0,-60.0
1777890955.9473324,3.0,2.0,-71.0
1777890955.9573324,0.0,2.0,-73.0
1777890955.9673324,3.0,1.0,-75.0
1777890955.9773324,7.0,1.0,-70.0
1777890955.9873323,3.0,0.0,-71.0
1777890955.9973323,1.0,-1.0,-74.0
1777890956.0073323,2.0,1.0,-73.0
1777890956.0173323,8.0,0.0,-72.0
1777890956.0273323,9.0,1.0,-71.0
1777890956.0373323,9.0,2.0,-68.0
1777890956.0473323,8.0,0.0,-71.0
1777890956.0573325,3.0,0.0,-72.0
1777890956.0673325,0.0,1.0,-76.0
1777890956.0773325,4.0,2.0,-83.0
1777890956.0873325,6.0,3.0,-82.0
1777890956.0973325,3.0,2.0,-79.0
1777890956.1073325,0.0,0.0,-80.0
1777890956.1173325,0.0,1.0,-85.0
1777890956.1273324,0.0,0.0,-81.0
1777890956.1373324,0.0,0.0,-82.0
1777890956.1473324,0.0,0.0,-77.0
1777890956.1573324,-2.0,-4.0,-64.0
1777890956.1673324,0.0,-6.0,-59.0
1777890956.1773324,2.0,-6.0,-71.0
1777890956.1873324,5.0,-7.0,-69.0
1777890956.1973324,3.0,-4.0,-70.0
1777890956.2073324,4.0,-6.0,-74.0
1777890956.2173324,3.0,-6.0,-75.0
1777890956.2273324,3.0,-6.0,-67.0
1777890956.2373323,4.0,-5.0,-72.0
1777890956.2473323,5.0,-7.0,-67.0
1777890956.2573323,1.0,-7.0,-67.0
1777890956.2673323,1.0,-6.0,-68.0
1777890956.2773323,1.0,-4.0,-73.0
1777890956.2873323,3.0,-6.0,-70.0
1777890956.2973323,0.0,-2.0,-71.0
1777890956.3073325,0.0,-4.0,-69.0
1777890956.3173325,-1.0,-7.0,-65.0
1777890956.3273325,-1.0,-10.0,-63.0
1777890956.3373325,-6.0,-6.0,-69.0
1777890956.3473325,-5.0,-5.0,-73.0
1777890956.3573325,-4.0,-3.0,-71.0
1777890956.3673325,-5.0,-4.0,-73.0
1777890956.3773324,-1.0,-4.0,-70.0
1777890956.3873324,-1.0,-2.0,-72.0
1777890956.3973324,-1.0,-1.0,-71.0
1777890956.4073324,-2.0,2.0,-64.0
1777890956.4173324,-5.0,8.0,-70.0
1777890956.4273324,1.0,8.0,-68.0
1777890956.4373324,5.0,2.0,-63.0
1777890956.4473324,3.0,0.0,-64.0
1777890956.4573324,6.0,0.0,-64.0
1777890956.4673324,1.0,-2.0,-65.0
1777890956.4773324,5.0,-2.0,-70.0
1777890956.4873323,1.0,-1.0,-73.0
1777890956.4973323,1.0,0.0,-73.0
1777890956.5073323,-2.0,-1.0,-71.0
1777890956.5173323,0.0,-2.0,-68.0
1777890956.5273323,3.0,-3.0,-67.0
1777890956.5373323,0.0,-4.0,-64.0
1777890956.5473323,0.0,0.0,-70.0
1777890956.5573325,0.0,5.0,-65.0
1777890956.5673325,-5.0,5.0,-66.0
1777890956.5773325,-3.0,6.0,-57.0
1777890956.5873325,-2.0,5.0,-60.0
1777890956.5973325,-4.0,4.0,-59.0
1777890956.6073325,-1.0,0.0,-67.0
1777890956.6173325,-2.0,4.0,-69.0
1777890956.6273324,1.0,-2.0,-68.0
1777890956.6373324,0.0,-4.0,-71.0
1777890956.6473324,3.0,-3.0,-77.0
1777890956.6573324,0.0,0.0,-73.0
1777890956.6673324,-4.0,3.0,-69.0
1777890956.6773324,-1.0,2.0,-74.0
1777890956.6873324,0.0,-3.0,-77.0
1777890956.6973324,0.0,-3.0,-73.0
1777890956.7073324,4.0,-3.0,-67.0
1777890956.7173324,0.0,-6.0,-68.0
1777890956.7273324,3.0,-5.0,-68.0
1777890956.7373323,4.0,-5.0,-67.0
1777890956.7473323,6.0,-3.0,-64.0
1777890956.7573323,4.0,-2.0,-67.0
1777890956.7673323,3.0,-2.0,-72.0
1777890956.7773323,1.0,-1.0,-80.0
1777890956.7873323,1.0,-2.0,-77.0
1777890956.7973323,0.0,-4.0,-76.0
1777890956.8073325,-2.0,-3.0,-78.0
1777890956.8173325,0.0,-3.0,-82.0
1777890956.8273325,-3.0,5.0,-87.0
1777890956.8373325,0.0,5.0,-79.0
1777890956.8473325,0.0,2.0,-73.0
1777890956.8573325,1.0,-2.0,-76.0
1777890956.8673325,2.0,-4.0,-75.0
1777890956.8773324,2.0,-3.0,-77.0
1777890956.8873324,0.0,-1.0,-80.0
1777890956.8973324,-2.0,0.0,-83.0
1777890956.9073324,-4.0,-2.0,-80.0
1777890956.9173324,0.0,0.0,-76.0
1777890956.9273324,-1.0,0.0,-70.0
1777890956.9373324,-2.0,0.0,-69.0
1777890956.9483323,1.0,-1.0,-69.0
1777890956.9583323,-1.0,-3.0,-69.0
1777890956.9683323,0.0,0.0,-67.0
1777890956.9783323,0.0,-3.0,-63.0
1777890956.9883325,0.0,-6.0,-71.0
1777890956.9983325,-6.0,1.0,-66.0
1777890957.0083325,-1.0,7.0,-60.0
1777890957.0183325,0.0,5.0,-59.0
1777890957.0283325,-2.0,5.0,-68.0
1777890957.0383325,-4.0,2.0,-71.0
1777890957.0483325,-1.0,1.0,-70.0
1777890957.0583324,3.0,2.0,-71.0
1777890957.0683324,4.0,1.0,-74.0
1777890957.0783324,7.0,6.0,-78.0
1777890957.0883324,9.0,2.0,-78.0
1777890957.0983324,8.0,0.0,-76.0
1777890957.1083324,3.0,-1.0,-76.0
1777890957.1183324,1.0,0.0,-77.0
1777890957.1283324,2.0,1.0,-73.0
1777890957.1383324,-1.0,0.0,-72.0
1777890957.1483324,-4.0,0.0,-74.0
1777890957.1583323,-3.0,0.0,-76.0
1777890957.1683323,0.0,-2.0,-75.0
1777890957.1783323,2.0,0.0,-80.0
1777890957.1883323,5.0,3.0,-84.0
1777890957.1983323,8.0,0.0,-81.0
1777890957.2083323,5.0,0.0,-76.0
1777890957.2183323,0.0,0.0,-76.0
1777890957.2283323,1.0,0.0,-75.0
1777890957.2383325,-1.0,0.0,-73.0
1777890957.2483325,2.0,-1.0,-81.0
1777890957.2583325,-1.0,1.0,-74.0
1777890957.2683325,-2.0,0.0,-76.0
1777890957.2783325,5.0,-4.0,-83.0
1777890957.2883325,9.0,-7.0,-80.0
1777890957.2983325,6.0,-5.0,-77.0
1777890957.3083324,8.0,-1.0,-77.0
1777890957.3183324,8.0,-1.0,-75.0
1777890957.3283324,7.0,-1.0,-72.0
1777890957.3383324,5.0,0.0,-71.0
1777890957.3483324,4.0,4.0,-77.0
1777890957.3583324,5.0,1.0,-82.0
1777890957.3683324,4.0,3.0,-80.0
1777890957.3783324,2.0,4.0,-77.0
1777890957.3883324,2.0,2.0,-77.0
1777890957.3983324,4.0,1.0,-67.0
1777890957.4083323,4.0,-2.0,-67.0
1777890957.4183323,0.0,-5.0,-70.0
1777890957.4283323,4.0,-2.0,-72.0
1777890957.4383323,2.0,0.0,-72.0
1777890957.4483323,3.0,-3.0,-78.0
1777890957.4583323,1.0,-5.0,-74.0
1777890957.4683323,4.0,-7.0,-76.0
1777890957.4783323,3.0,-10.0,-71.0
1777890957.4883325,7.0,-10.0,-68.0
1777890957.4983325,9.0,-5.0,-73.0
1777890957.5083325,10.0,-8.0,-72.0
1777890957.5183325,8.0,-5.0,-72.0
1777890957.5283325,6.0,-6.0,-68.0
1777890957.5383325,9.0,-7.0,-67.0
1777890957.5483325,12.0,-3.0,-67.0
1777890957.5583324,9.0,-2.0,-70.0
1777890957.5683324,11.0,-3.0,-73.0
1777890957.5783324,13.0,-4.0,-76.0
1777890957.5883324,11.0,-4.0,-75.0
1777890957.5983324,5.0,0.0,-66.0
1777890957.6083324,1.0,3.0,-63.0
1777890957.6183324,0.0,5.0,-66.0
1777890957.6283324,0.0,3.0,-73.0
1777890957.6383324,2.0,5.0,-74.0
1777890957.6483324,1.0,4.0,-72.0
1777890957.6583323,1.0,-2.0,-73.0
1777890957.6683323,-2.0,0.0,-74.0
1777890957.6783323,-6.0,-1.0,-67.0
1777890957.6883323,-7.0,1.0,-65.0
1777890957.6983323,-9.0,0.0,-69.0
1777890957.7083323,-11.0,1.0,-71.0
1777890957.7183323,-7.0,1.0,-69.0
1777890957.7283323,-1.0,-1.0,-71.0
1777890957.7383325,1.0,-3.0,-70.0
1777890957.7483325,-1.0,2.0,-69.0
1777890957.7583325,-3.0,2.0,-68.0
1777890957.7683325,-3.0,0.0,-64.0
1777890957.7783325,2.0,0.0,-64.0
1777890957.7883325,3.0,-1.0,-61.0
1777890957.7983325,0.0,0.0,-68.0
1777890957.8083324,3.0,2.0,-67.0
1777890957.8183324,4.0,5.0,-66.0
1777890957.8283324,5.0,4.0,-70.0
1777890957.8383324,5.0,4.0,-78.0
1777890957.8483324,7.0,3.0,-77.0
1777890957.8583324,7.0,5.0,-73.0
1777890957.8683324,8.0,2.0,-75.0
1777890957.8783324,5.0,5.0,-72.0
1777890957.8883324,7.0,1.0,-77.0
1777890957.8983324,4.0,0.0,-75.0
1777890957.9083323,1.0,2.0,-73.0
1777890957.9183323,0.0,0.0,-75.0
1777890957.9283323,0.0,-3.0,-78.0
1777890957.9383323,-2.0,-3.0,-75.0
1777890957.9483323,-4.0,-3.0,-72.0
1777890957.9583323,-1.0,0.0,-71.0
1777890957.9683323,4.0,-1.0,-75.0
1777890957.9783323,5.0,-3.0,-76.0
1777890957.9883325,5.0,-4.0,-78.0
1777890957.9983325,6.0,-3.0,-73.0
1777890958.0083325,5.0,-1.0,-71.0
1777890958.0183325,3.0,-1.0,-70.0
1777890958.0283325,0.0,-3.0,-72.0
1777890958.0383325,1.0,1.0,-71.0
1777890958.0483325,5.0,1.0,-70.0
1777890958.0583324,3.0,2.0,-66.0
1777890958.0683324,0.0,4.0,-63.0
1777890958.0783324,0.0,3.0,-66.0
1777890958.0883324,4.0,2.0,-64.0
1777890958.0983324,2.0,-1.0,-69.0
1777890958.1083324,1.0,-2.0,-72.0
1777890958.1183324,-1.0,-3.0,-70.0
1777890958.1283324,-2.0,0.0,-72.0
1777890958.1383324,2.0,1.0,-74.0
1777890958.1483324,4.0,0.0,-67.0
1777890958.1583323,4.0,-1.0,-67.0
1777890958.1683323,0.0,0.0,-74.0
1777890958.1783323,4.0,1.0,-74.0
1777890958.1883323,1.0,0.0,-70.0
1777890958.1983323,0.0,-1.0,-71.0
1777890958.2083323,0.0,0.0,-64.0
1777890958.2183323,0.0,-2.0,-61.0
1777890958.2283323,0.0,1.0,-68.0
1777890958.2383325,-3.0,3.0,-70.0
1777890958.2483325,-4.0,3.0,-72.0
1777890958.2583325,-3.0,1.0,-75.0
1777890958.2683325,-4.0,-1.0,-70.0
1777890958.2783325,-3.0,1.0,-76.0
1777890958.2883325,-1.0,4.0,-79.0
1777890958.2983325,0.0,5.0,-77.0
1777890958.3083324,2.0,0.0,-73.0
1777890958.3183324,1.0,0.0,-72.0
1777890958.3283324,1.0,2.0,-70.0
1777890958.3383324,0.0,3.0,-71.0
1777890958.3483324,-3.0,6.0,-75.0
1777890958.3583324,2.0,3.0,-73.0
1777890958.3683324,5.0,0.0,-72.0
1777890958.3783324,1.0,-1.0,-72.0
1777890958.3883324,-3.0,-2.0,-78.0
1777890958.3983324,-2.0,-3.0,-75.0
1777890958.4083323,-1.0,-4.0,-71.0
1777890958.4183323,-3.0,-5.0,-64.0
1777890958.4283323,-4.0,-9.0,-66.0
1777890958.4383323,-2.0,-8.0,-70.0
1777890958.4483323,-2.0,-7.0,-75.0
1777890958.4583323,0.0,-8.0,-75.0
1777890958.4683323,2.0,-2.0,-77.0
1777890958.4783323,1.0,0.0,-83.0
1777890958.4883325,-1.0,4.0,-76.0
1777890958.4983325,-4.0,6.0,-69.0
1777890958.5083325,-4.0,6.0,-75.0
1777890958.5183325,-1.0,0.0,-78.0
1777890958.5283325,2.0,0.0,-73.0
1777890958.5383325,3.0,-2.0,-70.0
1777890958.5483325,4.0,1.0,-60.0
1777890958.5583324,0.0,-3.0,-62.0
1777890958.5683324,-3.0,-2.0,-64.0
1777890958.5783324,0.0,-3.0,-67.0
1777890958.5883324,3.0,0.0,-66.0
1777890958.5983324,5.0,1.0,-68.0
1777890958.6083324,7.0,0.0,-70.0
1777890958.6183324,5.0,2.0,-67.0
1777890958.6283324,2.0,0.0,-72.0
1777890958.6383324,2.0,-3.0,-70.0
1777890958.6483324,4.0,-8.0,-65.0
1777890958.6583323,3.0,-9.0,-66.0
1777890958.6683323,6.0,-4.0,-72.0
1777890958.6783323,6.0,-4.0,-77.0
1777890958.6883323,10.0,-3.0,-78.0
1777890958.6983323,9.0,-2.0,-75.0
1777890958.7083323,1.0,-2.0,-79.0
1777890958.7183323,4.0,-2.0,-74.0
1777890958.7283323,8.0,-1.0,-72.0
1777890958.7383325,5.0,1.0,-72.0
1777890958.7483325,5.0,1.0,-69.0
1777890958.7583325,7.0,4.0,-69.0
1777890958.7683325,8.0,0.0,-69.0
1777890958.7783325,8.0,1.0,-69.0
1777890958.7883325,6.0,3.0,-65.0
1777890958.7983325,4.0,4.0,-73.0
1777890958.8083324,1.0,2.0,-79.0
1777890958.8183324,1.0,2.0,-79.0
1777890958.8283324,3.0,3.0,-80.0
1777890958.8383324,-2.0,0.0,-83.0
1777890958.8483324,-1.0,0.0,-80.0
1777890958.8583324,0.0,-4.0,-77.0
1777890958.8683324,1.0,-9.0,-74.0
1777890958.8783324,4.0,-9.0,-82.0
1777890958.8883324,3.0,-7.0,-79.0
1777890958.8983324,3.0,0.0,-73.0
1777890958.9083323,4.0,-1.0,-70.0
1777890958.9193325,3.0,-2.0,-70.0
1777890958.9283323,5.0,-3.0,-69.0
1777890958.9383323,7.0,0.0,-73.0
1777890958.9493325,5.0,0.0,-67.0
1777890958.9583323,4.0,0.0,-70.0
1777890958.9693325,4.0,0.0,-72.0
1777890958.9793324,2.0,0.0,-79.0
1777890958.9893324,3.0,0.0,-82.0
1777890958.9993324,2.0,0.0,-77.0
1777890959.0093324,0.0,-1.0,-79.0
1777890959.0193324,0.0,1.0,-84.0
1777890959.0293324,-3.0,2.0,-81.0
1777890959.0393324,-1.0,-2.0,-81.0
1777890959.0493324,0.0,-7.0,-72.0
1777890959.0593324,0.0,-8.0,-78.0
1777890959.0693324,1.0,-6.0,-78.0
1777890959.0793324,3.0,-4.0,-72.0
1777890959.0893323,0.0,-4.0,-65.0
1777890959.0993323,0.0,-2.0,-74.0
1777890959.1093323,1.0,-1.0,-77.0
1777890959.1193323,6.0,-3.0,-77.0
1777890959.1293323,5.0,-4.0,-79.0
1777890959.1393323,6.0,-5.0,-90.0
1777890959.1493323,6.0,0.0,-85.0
1777890959.1593325,1.0,0.0,-74.0
1777890959.1693325,-1.0,0.0,-75.0
1777890959.1793325,2.0,0.0,-76.0
1777890959.1893325,3.0,-1.0,-77.0
1777890959.1993325,2.0,-2.0,-72.0
1777890959.2093325,1.0,-4.0,-76.0
1777890959.2193325,0.0,-1.0,-88.0
1777890959.2293324,0.0,0.0,-86.0
1777890959.2393324,1.0,0.0,-86.0
1777890959.2493324,0.0,2.0,-74.0
1777890959.2593324,1.0,0.0,-69.0
1777890959.2693324,1.0,-1.0,-66.0
1777890959.2793324,0.0,-2.0,-72.0
1777890959.2893324,0.0,-2.0,-75.0
1777890959.2993324,3.0,-3.0,-76.0
1777890959.3093324,3.0,-6.0,-73.0
1777890959.3193324,-1.0,-5.0,-73.0
1777890959.3293324,-5.0,-6.0,-73.0
1777890959.3393323,-6.0,-2.0,-76.0
1777890959.3493323,-5.0,0.0,-71.0
1777890959.3593323,-3.0,-2.0,-72.0
1777890959.3693323,-5.0,0.0,-71.0
1777890959.3793323,-5.0,1.0,-73.0
1777890959.3893323,-1.0,1.0,-74.0
1777890959.3993323,0.0,-2.0,-78.0
1777890959.4093325,-1.0,-2.0,-78.0
1777890959.4193325,0.0,-3.0,-77.0
1777890959.4293325,-2.0,-2.0,-78.0
1777890959.4393325,0.0,-2.0,-79.0
1777890959.4493325,0.0,-2.0,-81.0
1777890959.4593325,3.0,-5.0,-85.0
1777890959.4693325,1.0,-4.0,-81.0
1777890959.4793324,1.0,-7.0,-77.0
1777890959.4893324,3.0,-5.0,-78.0
1777890959.4993324,3.0,0.0,-83.0
1777890959.5093324,0.0,0.0,-75.0
1777890959.5193324,1.0,0.0,-73.0
1777890959.5293324,4.0,2.0,-76.0
1777890959.5393324,5.0,2.0,-74.0
1777890959.5493324,9.0,-2.0,-78.0
1777890959.5593324,6.0,0.0,-80.0
1777890959.5693324,6.0,4.0,-78.0
1777890959.5793324,6.0,7.0,-73.0
1777890959.5893323,0.0,3.0,-75.0
1777890959.5993323,-1.0,6.0,-78.0
1777890959.6093323,0.0,2.0,-78.0
1777890959.6193323,4.0,5.0,-75.0
1777890959.6293323,3.0,3.0,-71.0
1777890959.6393323,6.0,0.0,-78.0
1777890959.6493323,6.0,-1.0,-82.0
1777890959.6593325,7.0,-7.0,-76.0
1777890959.6693325,4.0,-4.0,-75.0
1777890959.6793325,0.0,0.0,-71.0
1777890959.6893325,2.0,3.0,-73.0
1777890959.6993325,1.0,0.0,-79.0
1777890959.7093325,-2.0,0.0,-76.0
1777890959.7193325,0.0,1.0,-72.0
1777890959.7293324,0.0,0.0,-70.0
1777890959.7393324,-2.0,1.0,-74.0
1777890959.7493324,-2.0,1.0,-70.0
1777890959.7593324,0.0,1.0,-76.0
1777890959.7693324,-3.0,0.0,-71.0
1777890959.7793324,-2.0,0.0,-75.0
1777890959.7893324,-1.0,3.0,-80.0
1777890959.7993324,-2.0,3.0,-72.0
1777890959.8093324,0.0,5.0,-76.0
1777890959.8193324,0.0,0.0,-83.0
1777890959.8293324,-1.0,-3.0,-82.0
1777890959.8393323,-3.0,0.0,-86.0
1777890959.8493323,-5.0,-1.0,-92.0
1777890959.8593323,-3.0,-2.0,-87.0
1777890959.8693323,-1.0,-5.0,-80.0
1777890959.8793323,-4.0,-3.0,-78.0
1777890959.8893323,-4.0,-3.0,-77.0
1777890959.8993323,-3.0,-1.0,-76.0
1777890959.9093325,-3.0,2.0,-82.0
1777890959.9193325,0.0,3.0,-73.0
1777890959.9293325,4.0,2.0,-71.0
1777890959.9393325,5.0,4.0,-75.0
1777890959.9493325,1.0,0.0,-74.0
1777890959.9593325,2.0,1.0,-71.0
1777890959.9693325,0.0,3.0,-67.0
1777890959.9793324,0.0,2.0,-61.0
1777890959.9893324,1.0,1.0,-67.0
1777890959.9993324,0.0,0.0,-73.0
1777890960.0093324,0.0,-6.0,-66.0
1777890960.0193324,-1.0,-1.0,-74.0
1777890960.0293324,-3.0,1.0,-81.0
1777890960.0393324,-1.0,3.0,-78.0
1777890960.0493324,4.0,-2.0,-78.0
1777890960.0593324,3.0,-4.0,-79.0
1777890960.0693324,1.0,-2.0,-75.0
1777890960.0793324,0.0,-3.0,-67.0
1777890960.0893323,2.0,-2.0,-69.0
1777890960.0993323,2.0,-2.0,-75.0
1777890960.1093323,5.0,-3.0,-85.0
1777890960.1193323,6.0,0.0,-86.0
1777890960.1293323,3.0,-1.0,-81.0
1777890960.1393323,4.0,0.0,-77.0
1777890960.1493323,7.0,-2.0,-75.0
1777890960.1593325,3.0,-3.0,-74.0
1777890960.1693325,3.0,-8.0,-65.0
1777890960.1793325,3.0,-8.0,-63.0
1777890960.1893325,5.0,-5.0,-64.0
1777890960.1993325,0.0,-6.0,-62.0
1777890960.2093325,0.0,-8.0,-62.0
1777890960.2193325,-1.0,-2.0,-67.0
1777890960.2293324,-6.0,0.0,-67.0
1777890960.2393324,-2.0,1.0,-68.0
1777890960.2493324,1.0,2.0,-71.0
1777890960.2593324,1.0,1.0,-75.0
1777890960.2693324,0.0,1.0,-71.0
1777890960.2793324,-1.0,-2.0,-73.0
1777890960.2893324,-1.0,-3.0,-77.0
1777890960.2993324,0.0,-2.0,-78.0
1777890960.3093324,1.0,-2.0,-76.0
1777890960.3193324,6.0,1.0,-76.0
1777890960.3293324,0.0,4.0,-72.0
1777890960.3393323,1.0,2.0,-73.0
1777890960.3493323,5.0,2.0,-70.0
1777890960.3593323,5.0,4.0,-69.0
1777890960.3693323,6.0,6.0,-73.0
1777890960.3793323,5.0,2.0,-82.0
1777890960.3893323,4.0,4.0,-82.0
1777890960.3993323,7.0,-1.0,-77.0
1777890960.4093325,4.0,-5.0,-79.0
1777890960.4193325,0.0,-3.0,-75.0
1777890960.4293325,0.0,-1.0,-76.0
1777890960.4393325,-4.0,-3.0,-80.0
1777890960.4493325,-4.0,-3.0,-76.0
1777890960.4593325,-1.0,-2.0,-74.0
1777890960.4693325,-3.0,-3.0,-76.0
1777890960.4793324,0.0,-2.0,-76.0
1777890960.4893324,3.0,0.0,-76.0
1777890960.4993324,1.0,1.0,-73.0
1777890960.5093324,0.0,0.0,-74.0
1777890960.5193324,0.0,0.0,-69.0
1777890960.5293324,1.0,-1.0,-70.0
1777890960.5393324,5.0,-2.0,-74.0
1777890960.5493324,9.0,-2.0,-76.0
1777890960.5593324,5.0,1.0,-79.0
1777890960.5693324,3.0,1.0,-77.0
1777890960.5793324,5.0,2.0,-76.0
1777890960.5893323,4.0,0.0,-80.0
1777890960.5993323,6.0,0.0,-78.0
1777890960.6093323,3.0,2.0,-68.0
1777890960.6193323,1.0,0.0,-65.0
1777890960.6293323,3.0,0.0,-65.0
1777890960.6393323,3.0,1.0,-63.0
1777890960.6493323,4.0,1.0,-73.0
1777890960.6593325,4.0,0.0,-70.0
1777890960.6693325,4.0,0.0,-68.0
1777890960.6793325,8.0,-1.0,-70.0
1777890960.6893325,3.0,-1.0,-70.0
1777890960.6993325,0.0,-6.0,-76.0
1777890960.7093325,0.0,-9.0,-74.0
1777890960.7193325,2.0,-11.0,-77.0
1777890960.7293324,-1.0,-9.0,-80.0
1777890960.7393324,0.0,-10.0,-74.0
1777890960.7493324,1.0,-10.0,-72.0
1777890960.7593324,-1.0,-6.0,-69.0
1777890960.7693324,0.0,0.0,-72.0
1777890960.7793324,1.0,2.0,-74.0
1777890960.7893324,4.0,2.0,-77.0
1777890960.7993324,4.0,1.0,-74.0
1777890960.8093324,1.0,-3.0,-67.0
1777890960.8193324,0.0,-5.0,-69.0
1777890960.8293324,0.0,-3.0,-68.0
1777890960.8393323,1.0,-1.0,-70.0
1777890960.8493323,3.0,-1.0,-72.0
1777890960.8593323,1.0,1.0,-66.0
1777890960.8693323,1.0,6.0,-72.0
1777890960.8793323,0.0,3.0,-73.0
1777890960.8893323,2.0,6.0,-77.0
1777890960.8993323,0.0,5.0,-80.0
1777890960.9093325,0.0,1.0,-82.0
1777890960.9193325,-2.0,-7.0,-84.0
1777890960.9303324,-1.0,-3.0,-79.0
1777890960.9403324,-1.0,0.0,-78.0
1777890960.9503324,-4.0,0.0,-77.0
1777890960.9603324,-6.0,-3.0,-67.0
1777890960.9703324,-2.0,-3.0,-73.0
1777890960.9803324,-2.0,-2.0,-77.0
1777890960.9903324,-5.0,1.0,-78.0
1777890961.0003324,-5.0,0.0,-88.0
1777890961.0103323,-1.0,2.0,-87.0
1777890961.0203323,3.0,3.0,-87.0
1777890961.0303323,4.0,0.0,-87.0
1777890961.0403323,4.0,-5.0,-81.0
1777890961.0503323,5.0,-1.0,-77.0
1777890961.0603323,0.0,-5.0,-76.0
1777890961.0703323,0.0,0.0,-82.0
1777890961.0803325,4.0,0.0,-82.0
1777890961.0903325,2.0,-2.0,-78.0
1777890961.1003325,0.0,-2.0,-73.0
1777890961.1103325,2.0,-2.0,-76.0
1777890961.1203325,0.0,1.0,-74.0
1777890961.1303325,6.0,-2.0,-69.0
1777890961.1403325,1.0,-2.0,-68.0
1777890961.1503325,2.0,-4.0,-75.0
1777890961.1603324,5.0,-2.0,-80.0
1777890961.1703324,0.0,0.0,-79.0
1777890961.1803324,1.0,-5.0,-81.0
1777890961.1903324,0.0,-8.0,-78.0
1777890961.2003324,4.0,-6.0,-83.0
1777890961.2103324,3.0,-3.0,-86.0
1777890961.2203324,8.0,-3.0,-78.0
1777890961.2303324,8.0,-6.0,-76.0
1777890961.2403324,8.0,-5.0,-78.0
1777890961.2503324,11.0,-3.0,-73.0
1777890961.2603323,8.0,-3.0,-71.0
1777890961.2703323,9.0,-2.0,-74.0
1777890961.2803323,7.0,-9.0,-76.0
1777890961.2903323,11.0,-8.0,-72.0
1777890961.3003323,4.0,-6.0,-73.0
1777890961.3103323,4.0,-3.0,-75.0
1777890961.3203323,6.0,-6.0,-76.0
1777890961.3303325,4.0,-8.0,-74.0
1777890961.3403325,1.0,-8.0,-74.0
1777890961.3503325,-2.0,-5.0,-74.0
1777890961.3603325,-3.0,-5.0,-67.0
1777890961.3703325,-4.0,-3.0,-69.0
1777890961.3803325,-2.0,0.0,-67.0
1777890961.3903325,-4.0,1.0,-67.0
1777890961.4003325,-7.0,1.0,-68.0
1777890961.4103324,-4.0,0.0,-74.0
1777890961.4203324,-3.0,0.0,-77.0
1777890961.4303324,-5.0,-1.0,-70.0
1777890961.4403324,-3.0,-1.0,-72.0
1777890961.4503324,0.0,0.0,-68.0
1777890961.4603324,1.0,-1.0,-65.0
1777890961.4703324,3.0,3.0,-63.0
1777890961.4803324,4.0,1.0,-68.0
1777890961.4903324,4.0,-1.0,-70.0
1777890961.5003324,1.0,0.0,-62.0
1777890961.5103323,-4.0,0.0,-65.0
1777890961.5203323,-7.0,-1.0,-60.0
1777890961.5303323,-3.0,0.0,-60.0
1777890961.5403323,-1.0,-4.0,-70.0
1777890961.5503323,3.0,-4.0,-72.0
1777890961.5603323,8.0,-6.0,-78.0
1777890961.5703323,4.0,-4.0,-75.0
1777890961.5803325,2.0,-5.0,-78.0
1777890961.5903325,0.0,-2.0,-75.0
1777890961.6003325,3.0,0.0,-67.0
1777890961.6103325,-3.0,3.0,-72.0
1777890961.6203325,-3.0,0.0,-76.0
1777890961.6303325,-1.0,0.0,-78.0
1777890961.6403325,0.0,2.0,-84.0
1777890961.6503325,0.0,1.0,-93.0
1777890961.6603324,1.0,2.0,-91.0
1777890961.6703324,4.0,0.0,-90.0
1777890961.6803324,4.0,3.0,-81.0
1777890961.6903324,3.0,3.0,-84.0
1777890961.7003324,3.0,1.0,-83.0
1777890961.7103324,1.0,-1.0,-86.0
1777890961.7203324,-3.0,0.0,-90.0
1777890961.7303324,-3.0,2.0,-86.0
1777890961.7403324,1.0,0.0,-86.0
1777890961.7503324,8.0,0.0,-79.0
1777890961.7603323,9.0,-1.0,-76.0
1777890961.7703323,8.0,-5.0,-75.0
1777890961.7803323,10.0,-5.0,-78.0
1777890961.7903323,8.0,-2.0,-73.0
1777890961.8003323,10.0,-4.0,-79.0
1777890961.8103323,10.0,-1.0,-78.0
1777890961.8203323,4.0,-4.0,-73.0
1777890961.8303325,-2.0,-2.0,-75.0
1777890961.8403325,-2.0,-2.0,-69.0
1777890961.8503325,-1.0,0.0,-70.0
1777890961.8603325,-3.0,0.0,-68.0
1777890961.8703325,-4.0,-4.0,-69.0
1777890961.8803325,-4.0,-3.0,-72.0
1777890961.8903325,2.0,-1.0,-72.0
1777890961.9003325,1.0,0.0,-70.0
1777890961.9103324,0.0,2.0,-69.0
1777890961.9203324,-1.0,2.0,-71.0
1777890961.9303324,3.0,2.0,-71.0
1777890961.9403324,4.0,1.0,-76.0
1777890961.9503324,2.0,-1.0,-79.0
1777890961.9603324,3.0,0.0,-76.0
1777890961.9703324,0.0,3.0,-74.0
1777890961.9803324,4.0,4.0,-73.0
1777890961.9903324,2.0,4.0,-80.0
1777890962.0003324,-3.0,5.0,-77.0
1777890962.0103323,-10.0,5.0,-77.0
1777890962.0203323,-4.0,6.0,-74.0
1777890962.0303323,-4.0,6.0,-71.0
1777890962.0403323,-6.0,7.0,-74.0
1777890962.0503323,-4.0,3.0,-74.0
1777890962.0603323,-3.0,-3.0,-72.0
1777890962.0703323,-3.0,-4.0,-69.0
1777890962.0803325,-1.0,-5.0,-71.0
1777890962.0903325,-3.0,-5.0,-73.0
1777890962.1003325,-2.0,-1.0,-72.0
1777890962.1103325,-2.0,0.0,-70.0
1777890962.1203325,-2.0,5.0,-73.0
1777890962.1303325,0.0,8.0,-68.0
1777890962.1403325,-2.0,4.0,-64.0
1777890962.1503325,-3.0,5.0,-67.0
1777890962.1603324,-4.0,5.0,-72.0
1777890962.1703324,-2.0,5.0,-73.0
1777890962.1803324,0.0,4.0,-74.0
1777890962.1903324,0.0,5.0,-72.0
1777890962.2003324,0.0,5.0,-74.0
1777890962.2103324,0.0,7.0,-72.0
1777890962.2203324,0.0,5.0,-80.0
1777890962.2303324,2.0,3.0,-81.0
1777890962.2403324,5.0,0.0,-80.0
1777890962.2503324,8.0,-4.0,-82.0
1777890962.2603323,9.0,-1.0,-74.0
1777890962.2703323,9.0,0.0,-70.0
1777890962.2803323,5.0,0.0,-72.0
1777890962.2903323,7.0,2.0,-75.0
1777890962.3003323,6.0,6.0,-73.0
1777890962.3103323,-1.0,8.0,-76.0
1777890962.3203323,4.0,4.0,-74.0
1777890962.3303325,1.0,5.0,-79.0
1777890962.3403325,0.0,0.0,-80.0
1777890962.3503325,0.0,0.0,-77.0
1777890962.3603325,-2.0,1.0,-74.0
1777890962.3703325,-1.0,0.0,-72.0
1777890962.3803325,5.0,1.0,-77.0
1777890962.3903325,3.0,-1.0,-77.0
1777890962.4003325,2.0,0.0,-74.0
1777890962.4103324,0.0,1.0,-73.0
1777890962.4203324,0.0,1.0,-69.0
1777890962.4303324,0.0,-3.0,-69.0
1777890962.4403324,-2.0,0.0,-69.0
1777890962.4503324,2.0,-5.0,-72.0
1777890962.4603324,0.0,-1.0,-72.0
1777890962.4703324,-2.0,0.0,-72.0
1777890962.4803324,0.0,1.0,-77.0
1777890962.4903324,4.0,0.0,-73.0
1777890962.5003324,7.0,-2.0,-71.0
1777890962.5103323,6.0,-1.0,-73.0
1777890962.5203323,5.0,-2.0,-72.0
1777890962.5303323,5.0,-4.0,-69.0
1777890962.5403323,7.0,-7.0,-71.0
1777890962.5503323,3.0,-5.0,-69.0
1777890962.5603323,3.0,-7.0,-74.0
1777890962.5703323,-1.0,-3.0,-75.0
1777890962.5803325,-4.0,2.0,-75.0
1777890962.5903325,0.0,3.0,-69.0
1777890962.6003325,4.0,2.0,-71.0
1777890962.6103325,3.0,4.0,-70.0
1777890962.6203325,6.0,2.0,-62.0
1777890962.6303325,2.0,6.0,-61.0
1777890962.6403325,-2.0,4.0,-65.0
1777890962.6503325,0.0,0.0,-67.0
1777890962.6603324,-2.0,-1.0,-66.0
1777890962.6703324,-4.0,3.0,-59.0
1777890962.6803324,-6.0,1.0,-70.0
1777890962.6903324,-5.0,1.0,-69.0
1777890962.7003324,-5.0,0.0,-70.0
1777890962.7103324,0.0,0.0,-74.0
1777890962.7203324,0.0,-1.0,-70.0
1777890962.7303324,-2.0,-3.0,-71.0
1777890962.7403324,0.0,-1.0,-73.0
1777890962.7503324,3.0,2.0,-71.0
1777890962.7603323,4.0,1.0,-68.0
1777890962.7703323,7.0,1.0,-72.0
1777890962.7803323,4.0,-2.0,-70.0
1777890962.7903323,1.0,0.0,-76.0
1777890962.8003323,-1.0,0.0,-70.0
1777890962.8103323,1.0,0.0,-74.0
1777890962.8203323,0.0,0.0,-78.0
1777890962.8303325,1.0,-1.0,-76.0
1777890962.8403325,5.0,-2.0,-79.0
1777890962.8503325,4.0,-3.0,-79.0
1777890962.8603325,1.0,-3.0,-73.0
1777890962.8703325,4.0,-4.0,-69.0
1777890962.8813324,5.0,0.0,-69.0
1777890962.8913324,8.0,-3.0,-65.0
1777890962.9013324,1.0,-5.0,-69.0
1777890962.9103324,2.0,-3.0,-74.0
1777890962.9213324,3.0,-1.0,-73.0
1777890962.9303324,3.0,-3.0,-72.0
1777890962.9413323,3.0,-1.0,-72.0
1777890962.9513323,4.0,0.0,-76.0
1777890962.9613323,3.0,2.0,-77.0
1777890962.9713323,6.0,1.0,-78.0
1777890962.9813323,0.0,0.0,-78.0
1777890962.9913323,3.0,-1.0,-80.0
1777890963.0013323,2.0,-3.0,-72.0
1777890963.0113325,0.0,-2.0,-71.0
1777890963.0213325,0.0,-2.0,-70.0
1777890963.0313325,-1.0,-6.0,-71.0
1777890963.0413325,0.0,-4.0,-73.0
1777890963.0513325,-3.0,-3.0,-73.0
1777890963.0613325,-6.0,-3.0,-71.0
1777890963.0713325,0.0,-4.0,-71.0
1777890963.0813324,0.0,-5.0,-71.0
1777890963.0913324,-1.0,-5.0,-67.0
1777890963.1013324,-2.0,-3.0,-65.0
1777890963.1113324,-2.0,-2.0,-70.0
1777890963.1213324,-1.0,-4.0,-73.0
1777890963.1313324,-3.0,-2.0,-74.0
1777890963.1413324,-2.0,-4.0,-77.0
1777890963.1513324,2.0,-3.0,-88.0
1777890963.1613324,-1.0,-5.0,-83.0
1777890963.1713324,0.0,-7.0,-82.0
1777890963.1813323,1.0,-8.0,-82.0
1777890963.1913323,1.0,-8.0,-70.0
1777890963.2013323,0.0,-9.0,-72.0
1777890963.2113323,1.0,-5.0,-75.0
1777890963.2213323,0.0,-6.0,-72.0
1777890963.2313323,3.0,-9.0,-72.0
1777890963.2413323,2.0,-8.0,-66.0
1777890963.2513323,2.0,-11.0,-70.0
1777890963.2613325,0.0,-10.0,-67.0
1777890963.2713325,-2.0,-12.0,-68.0
1777890963.2813325,-1.0,-9.0,-64.0
1777890963.2913325,0.0,-9.0,-65.0
1777890963.3013325,3.0,-8.0,-75.0
1777890963.3113325,3.0,-6.0,-78.0
1777890963.3213325,4.0,-9.0,-81.0
1777890963.3313324,3.0,-7.0,-81.0
1777890963.3413324,0.0,-9.0,-79.0
1777890963.3513324,1.0,-6.0,-82.0
1777890963.3613324,1.0,-7.0,-77.0
1777890963.3713324,0.0,-6.0,-74.0
1777890963.3813324,1.0,-8.0,-73.0
1777890963.3913324,0.0,-8.0,-78.0
1777890963.4013324,3.0,-4.0,-73.0
1777890963.4113324,2.0,-3.0,-73.0
1777890963.4213324,4.0,0.0,-72.0
1777890963.4313323,4.0,4.0,-72.0
1777890963.4413323,8.0,5.0,-71.0
1777890963.4513323,8.0,3.0,-75.0
1777890963.4613323,10.0,1.0,-79.0
1777890963.4713323,6.0,4.0,-75.0
1777890963.4813323,4.0,9.0,-76.0
1777890963.4913323,7.0,4.0,-77.0
1777890963.5013323,4.0,4.0,-77.0
1777890963.5113325,0.0,2.0,-71.0
1777890963.5213325,0.0,2.0,-71.0
1777890963.5313325,6.0,-1.0,-69.0
1777890963.5413325,6.0,0.0,-68.0
1777890963.5513325,6.0,-2.0,-64.0
1777890963.5613325,2.0,2.0,-64.0
1777890963.5713325,3.0,5.0,-64.0
1777890963.5813324,7.0,1.0,-66.0
1777890963.5913324,7.0,3.0,-62.0
1777890963.6013324,8.0,3.0,-63.0
1777890963.6113324,6.0,3.0,-61.0
1777890963.6213324,3.0,0.0,-66.0
1777890963.6313324,1.0,0.0,-67.0
1777890963.6413324,0.0,0.0,-66.0
1777890963.6513324,0.0,5.0,-67.0
1777890963.6613324,-4.0,6.0,-69.0
1777890963.6713324,-6.0,9.0,-63.0
1777890963.6813323,-6.0,7.0,-63.0
1777890963.6913323,-5.0,3.0,-63.0
1777890963.7013323,-5.0,4.0,-72.0
1777890963.7113323,-4.0,0.0,-74.0
1777890963.7213323,-5.0,0.0,-73.0
1777890963.7313323,-9.0,-1.0,-70.0
1777890963.7413323,-10.0,-1.0,-68.0
1777890963.7513323,-2.0,1.0,-66.0
1777890963.7613325,3.0,0.0,-63.0
1777890963.7713325,6.0,0.0,-68.0
1777890963.7813325,3.0,1.0,-71.0
1777890963.7913325,3.0,4.0,-72.0
1777890963.8013325,1.0,2.0,-75.0
1777890963.8113325,0.0,0.0,-81.0
1777890963.8213325,-3.0,-1.0,-82.0
1777890963.8313324,-1.0,-2.0,-85.0
1777890963.8413324,0.0,0.0,-88.0
1777890963.8513324,1.0,-1.0,-80.0
1777890963.8613324,4.0,0.0,-73.0
1777890963.8713324,4.0,0.0,-75.0
1777890963.8813324,0.0,0.0,-71.0
1777890963.8913324,-1.0,4.0,-78.0
1777890963.9013324,3.0,2.0,-83.0
1777890963.9113324,2.0,0.0,-87.0
1777890963.9213324,-1.0,-1.0,-91.0
1777890963.9313323,-6.0,-6.0,-85.0
1777890963.9413323,-8.0,-6.0,-81.0
1777890963.9513323,-7.0,-7.0,-75.0
1777890963.9613323,-5.0,-9.0,-77.0
1777890963.9713323,-5.0,-11.0,-73.0
1777890963.9813323,-7.0,-12.0,-70.0
1777890963.9913323,-7.0,-9.0,-63.0
1777890964.0013323,-5.0,-8.0,-61.0
1777890964.0113325,-9.0,-6.0,-71.0
1777890964.0213325,-8.0,-2.0,-70.0
1777890964.0313325,-5.0,-4.0,-69.0
1777890964.0413325,-6.0,-4.0,-69.0
1777890964.0513325,-7.0,-2.0,-65.0
1777890964.0613325,-9.0,-2.0,-60.0
1777890964.0713325,-11.0,0.0,-57.0
1777890964.0813324,-8.0,-3.0,-54.0
1777890964.0913324,-4.0,-7.0,-61.0
1777890964.1013324,-6.0,-7.0,-69.0
1777890964.1113324,-3.0,-2.0,-75.0
1777890964.1213324,-2.0,0.0,-75.0
1777890964.1313324,-3.0,0.0,-72.0
1777890964.1413324,-1.0,4.0,-74.0
1777890964.1513324,0.0,6.0,-82.0
1777890964.1613324,4.0,3.0,-83.0
1777890964.1713324,-1.0,6.0,-86.0
1777890964.1813323,-2.0,4.0,-76.0
1777890964.1913323,0.0,4.0,-83.0
1777890964.2013323,-2.0,1.0,-74.0
1777890964.2113323,0.0,1.0,-75.0
1777890964.2213323,2.0,2.0,-75.0
1777890964.2313323,5.0,4.0,-80.0
1777890964.2413323,5.0,6.0,-76.0
1777890964.2513323,2.0,2.0,-76.0
1777890964.2613325,0.0,3.0,-79.0
1777890964.2713325,0.0,2.0,-72.0
1777890964.2813325,0.0,0.0,-72.0
1777890964.2913325,0.0,-5.0,-73.0
1777890964.3013325,1.0,-3.0,-72.0
1777890964.3113325,-1.0,-6.0,-70.0
1777890964.3213325,-1.0,-4.0,-73.0
1777890964.3313324,1.0,-1.0,-71.0
1777890964.3413324,0.0,-2.0,-72.0
1777890964.3513324,-3.0,-1.0,-72.0
1777890964.3613324,0.0,-5.0,-76.0
1777890964.3713324,1.0,-6.0,-79.0
1777890964.3813324,4.0,-3.0,-79.0
1777890964.3913324,8.0,-2.0,-83.0
1777890964.4013324,7.0,-1.0,-86.0
1777890964.4113324,6.0,-2.0,-81.0
1777890964.4213324,11.0,-3.0,-85.0
1777890964.4313323,10.0,0.0,-79.0
1777890964.4413323,7.0,-1.0,-74.0
1777890964.4513323,8.0,-3.0,-72.0
1777890964.4613323,7.0,-1.0,-67.0
1777890964.4713323,6.0,-2.0,-66.0
1777890964.4813323,0.0,-2.0,-64.0
1777890964.4913323,3.0,-1.0,-66.0
1777890964.5013323,2.0,-2.0,-67.0
1777890964.5113325,4.0,0.0,-66.0
1777890964.5213325,8.0,0.0,-67.0
1777890964.5313325,4.0,-5.0,-66.0
1777890964.5413325,4.0,-5.0,-67.0
1777890964.5513325,3.0,-5.0,-69.0
1777890964.5613325,8.0,-5.0,-70.0
1777890964.5713325,6.0,-3.0,-66.0
1777890964.5813324,7.0,-5.0,-59.0
1777890964.5913324,3.0,0.0,-61.0
1777890964.6013324,7.0,0.0,-66.0
1777890964.6113324,6.0,3.0,-70.0
1777890964.6213324,4.0,3.0,-71.0
1777890964.6313324,6.0,4.0,-66.0
1777890964.6413324,0.0,0.0,-72.0
1777890964.6513324,1.0,3.0,-66.0
1777890964.6613324,1.0,1.0,-66.0
1777890964.6713324,0.0,-4.0,-69.0
1777890964.6813323,-4.0,-4.0,-70.0
1777890964.6913323,-1.0,-2.0,-72.0
1777890964.7013323,0.0,0.0,-71.0
1777890964.7113323,0.0,2.0,-73.0
1777890964.7213323,-1.0,1.0,-72.0
1777890964.7313323,-1.0,0.0,-74.0
1777890964.7413323,-5.0,0.0,-74.0
1777890964.7513323,-10.0,2.0,-72.0
1777890964.7613325,-5.0,0.0,-67.0
1777890964.7713325,-2.0,-1.0,-75.0
1777890964.7813325,0.0,-3.0,-74.0
1777890964.7913325,0.0,-7.0,-70.0
1777890964.8013325,-2.0,-5.0,-69.0
1777890964.8113325,-2.0,-4.0,-74.0
1777890964.8213325,1.0,-1.0,-79.0
1777890964.8313324,-1.0,0.0,-75.0
1777890964.8413324,-3.0,-5.0,-73.0
1777890964.8513324,-2.0,-5.0,-73.0
1777890964.8613324,2.0,-6.0,-67.0
1777890964.8713324,1.0,0.0,-66.0
1777890964.8813324,6.0,-1.0,-67.0
1777890964.8923323,6.0,-1.0,-75.0
1777890964.9013324,6.0,-1.0,-71.0
1777890964.9123323,8.0,-2.0,-69.0
1777890964.9223323,1.0,-4.0,-69.0
1777890964.9323325,2.0,-4.0,-74.0
1777890964.9423325,4.0,-5.0,-74.0
1777890964.9523325,0.0,-8.0,-66.0
1777890964.9623325,2.0,-5.0,-76.0
1777890964.9723325,4.0,-2.0,-77.0
1777890964.9823325,4.0,-6.0,-73.0
1777890964.9923325,-1.0,-5.0,-63.0
1777890965.0023324,-1.0,-3.0,-61.0
1777890965.0123324,1.0,0.0,-62.0
1777890965.0223324,-3.0,-2.0,-67.0
1777890965.0323324,1.0,-2.0,-65.0
1777890965.0423324,1.0,-1.0,-72.0
1777890965.0523324,8.0,0.0,-69.0
1777890965.0623324,13.0,-3.0,-66.0
1777890965.0723324,13.0,1.0,-61.0
1777890965.0823324,10.0,7.0,-62.0
1777890965.0923324,4.0,5.0,-62.0
1777890965.1023324,0.0,4.0,-74.0
1777890965.1123323,-1.0,1.0,-70.0
1777890965.1223323,2.0,-1.0,-64.0
1777890965.1323323,1.0,-2.0,-63.0
1777890965.1423323,2.0,3.0,-63.0
1777890965.1523323,-1.0,6.0,-68.0
1777890965.1623323,-5.0,5.0,-65.0
1777890965.1723323,-1.0,2.0,-64.0
1777890965.1823325,0.0,0.0,-71.0
1777890965.1923325,0.0,-2.0,-72.0
1777890965.2023325,-2.0,-4.0,-73.0
1777890965.2123325,1.0,1.0,-72.0
1777890965.2223325,2.0,2.0,-70.0
1777890965.2323325,3.0,0.0,-71.0
1777890965.2423325,0.0,0.0,-73.0
1777890965.2523324,3.0,3.0,-72.0
1777890965.2623324,5.0,4.0,-72.0
1777890965.2723324,6.0,4.0,-76.0
1777890965.2823324,4.0,3.0,-79.0
1777890965.2923324,3.0,0.0,-83.0
1777890965.3023324,6.0,-5.0,-85.0
1777890965.3123324,4.0,-3.0,-80.0
1777890965.3223324,3.0,-4.0,-85.0
1777890965.3323324,4.0,-1.0,-79.0
1777890965.3423324,5.0,-1.0,-72.0
1777890965.3523324,8.0,0.0,-74.0
1777890965.3623323,9.0,-1.0,-79.0
1777890965.3723323,7.0,-3.0,-78.0
1777890965.3823323,7.0,0.0,-78.0
1777890965.3923323,3.0,2.0,-79.0
1777890965.4023323,1.0,3.0,-81.0
1777890965.4123323,6.0,1.0,-73.0
1777890965.4223323,6.0,-1.0,-76.0
1777890965.4323325,5.0,0.0,-75.0
1777890965.4423325,8.0,3.0,-75.0
1777890965.4523325,11.0,0.0,-72.0
1777890965.4623325,3.0,-1.0,-76.0
1777890965.4723325,5.0,0.0,-76.0
1777890965.4823325,5.0,-1.0,-76.0
1777890965.4923325,6.0,-1.0,-77.0
1777890965.5023324,6.0,1.0,-82.0
1777890965.5123324,5.0,0.0,-80.0
1777890965.5223324,5.0,-2.0,-82.0
1777890965.5323324,3.0,-4.0,-81.0
1777890965.5423324,0.0,-3.0,-74.0
1777890965.5523324,0.0,-3.0,-70.0
1777890965.5623324,1.0,-3.0,-68.0
1777890965.5723324,2.0,-2.0,-67.0
1777890965.5823324,4.0,1.0,-66.0
1777890965.5923324,1.0,0.0,-66.0
1777890965.6023324,0.0,2.0,-74.0
1777890965.6123323,0.0,0.0,-76.0
1777890965.6223323,-1.0,-1.0,-81.0
1777890965.6323323,0.0,-2.0,-82.0
1777890965.6423323,-3.0,-4.0,-83.0
1777890965.6523323,-4.0,-7.0,-80.0
1777890965.6633325,-3.0,-5.0,-74.0
1777890965.6723323,2.0,0.0,-70.0
1777890965.6823325,5.0,2.0,-72.0
1777890965.6923325,2.0,3.0,-76.0
1777890965.7023325,0.0,1.0,-76.0
1777890965.7123325,-1.0,1.0,-69.0
1777890965.7223325,1.0,-1.0,-74.0
1777890965.7323325,0.0,-4.0,-71.0
1777890965.7423325,-3.0,-3.0,-77.0
1777890965.7523324,-6.0,-1.0,-76.0
1777890965.7623324,-9.0,0.0,-72.0
1777890965.7723324,-12.0,1.0,-71.0
1777890965.7823324,-5.0,2.0,-64.0
1777890965.7923324,-6.0,0.0,-64.0
1777890965.8023324,-1.0,-1.0,-66.0
1777890965.8123324,-1.0,0.0,-75.0
1777890965.8223324,-4.0,-6.0,-82.0
1777890965.8323324,-4.0,-4.0,-81.0
1777890965.8423324,-1.0,-2.0,-82.0
1777890965.8523324,-1.0,0.0,-88.0
1777890965.8623323,3.0,3.0,-90.0
1777890965.8723323,6.0,1.0,-84.0
1777890965.8823323,3.0,0.0,-78.0
1777890965.8923323,0.0,1.0,-79.0
1777890965.9023323,0.0,-2.0,-72.0
1777890965.9123323,-2.0,-2.0,-64.0
1777890965.9223323,-3.0,-2.0,-64.0
1777890965.9323325,-2.0,0.0,-61.0
1777890965.9423325,3.0,2.0,-66.0
1777890965.9523325,1.0,-1.0,-64.0
1777890965.9623325,1.0,0.0,-57.0
1777890965.9723325,6.0,0.0,-68.0
1777890965.9823325,9.0,-1.0,-69.0
1777890965.9923325,2.0,-2.0,-70.0
1777890966.0023324,0.0,-1.0,-66.0
1777890966.0123324,2.0,-1.0,-59.0
1777890966.0223324,-2.0,-2.0,-63.0
1777890966.0323324,1.0,0.0,-67.0
1777890966.0423324,0.0,1.0,-72.0
1777890966.0523324,0.0,1.0,-65.0
1777890966.0623324,1.0,0.0,-72.0
1777890966.0723324,3.0,-1.0,-78.0
1777890966.0823324,7.0,-2.0,-76.0
1777890966.0923324,4.0,-5.0,-76.0
1777890966.1023324,1.0,-4.0,-83.0
1777890966.1123323,-1.0,-1.0,-82.0
1777890966.1223323,-2.0,-5.0,-79.0
1777890966.1323323,-4.0,-7.0,-79.0
1777890966.1423323,-6.0,-10.0,-76.0
1777890966.1523323,-6.0,-16.0,-68.0
1777890966.1623323,-7.0,-12.0,-66.0
1777890966.1723323,-6.0,-11.0,-66.0
1777890966.1823325,-6.0,-13.0,-71.0
1777890966.1923325,-4.0,-7.0,-75.0
1777890966.2023325,-4.0,-8.0,-80.0
1777890966.2123325,-6.0,-4.0,-84.0
1777890966.2223325,-7.0,-2.0,-80.0
1777890966.2323325,-4.0,0.0,-73.0
1777890966.2423325,-3.0,0.0,-74.0
1777890966.2523324,-2.0,0.0,-79.0
1777890966.2623324,-2.0,-1.0,-84.0
1777890966.2723324,-1.0,1.0,-81.0
1777890966.2823324,0.0,1.0,-82.0
1777890966.2923324,4.0,-7.0,-81.0
1777890966.3023324,0.0,-12.0,-80.0
1777890966.3123324,0.0,-10.0,-73.0
1777890966.3223324,0.0,-8.0,-71.0
1777890966.3323324,1.0,-6.0,-74.0
1777890966.3423324,2.0,-6.0,-76.0
1777890966.3523324,3.0,-7.0,-75.0
1777890966.3623323,6.0,-6.0,-78.0
1777890966.3723323,8.0,-5.0,-79.0
1777890966.3823323,4.0,-5.0,-80.0
1777890966.3923323,4.0,-8.0,-80.0
1777890966.4023323,4.0,-6.0,-80.0
1777890966.4123323,0.0,-6.0,-77.0
1777890966.4223323,2.0,-3.0,-76.0
1777890966.4323325,0.0,-1.0,-74.0
1777890966.4423325,3.0,-1.0,-72.0
1777890966.4523325,-1.0,0.0,-74.0
1777890966.4623325,0.0,-2.0,-72.0
1777890966.4723325,7.0,-3.0,-67.0
1777890966.4823325,11.0,1.0,-68.0
1777890966.4923325,11.0,0.0,-72.0
1777890966.5023324,5.0,-3.0,-76.0
1777890966.5123324,6.0,0.0,-80.0
1777890966.5223324,11.0,5.0,-78.0
1777890966.5323324,8.0,4.0,-76.0
1777890966.5423324,7.0,5.0,-76.0
1777890966.5523324,6.0,4.0,-81.0
1777890966.5623324,3.0,3.0,-77.0
1777890966.5723324,4.0,-2.0,-78.0
1777890966.5823324,3.0,-4.0,-72.0
1777890966.5923324,0.0,-7.0,-75.0
1777890966.6023324,1.0,-5.0,-74.0
1777890966.6123323,1.0,-2.0,-80.0
1777890966.6223323,8.0,0.0,-78.0
1777890966.6323323,8.0,0.0,-80.0
1777890966.6423323,1.0,-3.0,-76.0
1777890966.6523323,0.0,-3.0,-75.0
1777890966.6623323,-1.0,-1.0,-72.0
1777890966.6723323,0.0,-1.0,-72.0
1777890966.6823325,0.0,-7.0,-79.0
1777890966.6923325,-2.0,-6.0,-74.0
1777890966.7023325,1.0,-5.0,-65.0
1777890966.7123325,0.0,-5.0,-69.0
1777890966.7223325,6.0,-3.0,-67.0
1777890966.7323325,5.0,-3.0,-75.0
1777890966.7423325,7.0,-4.0,-80.0
1777890966.7523324,7.0,-2.0,-80.0
1777890966.7623324,11.0,0.0,-83.0
1777890966.7723324,2.0,-1.0,-86.0
1777890966.7823324,6.0,-5.0,-84.0
1777890966.7923324,11.0,-3.0,-79.0
1777890966.8023324,2.0,-1.0,-75.0
1777890966.8123324,0.0,1.0,-79.0
1777890966.8223324,-2.0,-3.0,-76.0
1777890966.8323324,0.0,-1.0,-78.0
1777890966.8423324,2.0,1.0,-77.0
1777890966.8523324,7.0,1.0,-78.0
1777890966.8623323,10.0,-2.0,-74.0
1777890966.8723323,6.0,-4.0,-74.0
1777890966.8823323,2.0,-3.0,-68.0
1777890966.8933325,1.0,0.0,-72.0
1777890966.9033325,5.0,-1.0,-71.0
1777890966.9133325,1.0,-1.0,-77.0
1777890966.9233325,2.0,-7.0,-76.0
1777890966.9333324,5.0,-5.0,-75.0
1777890966.9433324,0.0,0.0,-70.0
1777890966.9533324,2.0,-4.0,-65.0
1777890966.9633324,1.0,-4.0,-67.0
1777890966.9733324,1.0,-3.0,-70.0
1777890966.9833324,0.0,-5.0,-67.0
1777890966.9933324,2.0,-5.0,-59.0
1777890967.0033324,-3.0,-5.0,-59.0
1777890967.0133324,-3.0,-6.0,-65.0
1777890967.0233324,2.0,-6.0,-63.0
1777890967.0333323,0.0,-4.0,-58.0
1777890967.0433323,4.0,-3.0,-63.0
1777890967.0533323,2.0,-2.0,-66.0
1777890967.0633323,3.0,-4.0,-68.0
1777890967.0733323,0.0,-7.0,-67.0
1777890967.0833323,0.0,-4.0,-72.0
1777890967.0933323,0.0,-4.0,-70.0
1777890967.1033323,2.0,0.0,-70.0
1777890967.1133325,1.0,4.0,-71.0
1777890967.1233325,-2.0,6.0,-71.0
1777890967.1333325,0.0,9.0,-74.0
1777890967.1433325,3.0,9.0,-79.0
1777890967.1533325,1.0,10.0,-80.0
1777890967.1633325,3.0,4.0,-78.0
1777890967.1733325,3.0,1.0,-75.0
1777890967.1833324,6.0,0.0,-74.0
1777890967.1933324,0.0,-2.0,-77.0
1777890967.2033324,3.0,-6.0,-79.0
1777890967.2133324,3.0,-2.0,-73.0
1777890967.2233324,1.0,-3.0,-72.0
1777890967.2333324,4.0,1.0,-67.0
1777890967.2433324,2.0,3.0,-65.0
1777890967.2533324,3.0,1.0,-69.0
1777890967.2633324,0.0,0.0,-61.0
1777890967.2733324,-1.0,0.0,-65.0
1777890967.2833323,-5.0,-5.0,-70.0
1777890967.2933323,-4.0,-4.0,-70.0
1777890967.3033323,-2.0,0.0,-80.0
1777890967.3133323,-3.0,0.0,-87.0
1777890967.3233323,-3.0,0.0,-84.0
1777890967.3333323,-7.0,3.0,-85.0
1777890967.3433323,-11.0,2.0,-79.0
1777890967.3533323,-6.0,0.0,-79.0
1777890967.3633325,0.0,1.0,-76.0
1777890967.3733325,3.0,1.0,-70.0
1777890967.3833325,0.0,1.0,-69.0
1777890967.3933325,-4.0,0.0,-72.0
1777890967.4033325,-1.0,-3.0,-69.0
1777890967.4133325,-1.0,-3.0,-62.0
1777890967.4233325,-2.0,-2.0,-58.0
1777890967.4333324,-3.0,-3.0,-62.0
1777890967.4433324,-3.0,-4.0,-58.0
1777890967.4533324,-2.0,-5.0,-64.0
1777890967.4633324,-2.0,-4.0,-62.0
1777890967.4733324,-5.0,-4.0,-63.0
1777890967.4833324,-4.0,-6.0,-66.0
1777890967.4933324,-3.0,-2.0,-69.0
1777890967.5033324,-6.0,-1.0,-73.0
1777890967.5133324,-8.0,1.0,-75.0
1777890967.5233324,-4.0,4.0,-74.0
1777890967.5333323,0.0,-1.0,-79.0
1777890967.5433323,0.0,-7.0,-76.0
1777890967.5533323,1.0,-8.0,-73.0
1777890967.5633323,-2.0,-6.0,-70.0
1777890967.5733323,0.0,-4.0,-66.0
1777890967.5833323,0.0,-2.0,-72.0
1777890967.5933323,3.0,0.0,-78.0
1777890967.6033323,4.0,-3.0,-78.0
1777890967.6133325,1.0,-3.0,-81.0
1777890967.6233325,1.0,-3.0,-80.0
1777890967.6333325,2.0,-7.0,-80.0
1777890967.6433325,2.0,-9.0,-76.0
1777890967.6533325,0.0,-7.0,-83.0
1777890967.6633325,4.0,-5.0,-80.0
1777890967.6733325,4.0,-3.0,-76.0
1777890967.6833324,0.0,0.0,-74.0
1777890967.6933324,-2.0,0.0,-73.0
1777890967.7033324,-2.0,0.0,-70.0
1777890967.7133324,-2.0,2.0,-78.0
1777890967.7233324,-1.0,2.0,-79.0
1777890967.7333324,-1.0,-3.0,-79.0
1777890967.7433324,1.0,-6.0,-80.0
1777890967.7533324,4.0,-8.0,-79.0
1777890967.7633324,2.0,-7.0,-76.0
1777890967.7733324,3.0,-8.0,-79.0
1777890967.7833323,1.0,-14.0,-77.0
1777890967.7933323,2.0,-11.0,-74.0
1777890967.8033323,3.0,-12.0,-71.0
1777890967.8133323,5.0,-9.0,-77.0
1777890967.8233323,5.0,-9.0,-78.0
1777890967.8333323,4.0,-9.0,-83.0
1777890967.8433323,7.0,-11.0,-78.0
1777890967.8533323,8.0,-10.0,-83.0
1777890967.8633325,4.0,-7.0,-77.0
1777890967.8733325,0.0,-6.0,-72.0
1777890967.8833325,-1.0,-7.0,-72.0
1777890967.8933325,-2.0,-11.0,-72.0
1777890967.9033325,1.0,-9.0,-74.0
1777890967.9133325,-1.0,-5.0,-72.0
1777890967.9233325,-2.0,-4.0,-74.0
1777890967.9333324,-5.0,-7.0,-73.0
1777890967.9433324,-6.0,-6.0,-73.0
1777890967.9533324,-3.0,-1.0,-73.0
1777890967.9633324,-1.0,0.0,-69.0
1777890967.9733324,-3.0,-1.0,-66.0
1777890967.9833324,2.0,-4.0,-68.0
1777890967.9933324,2.0,-3.0,-70.0
1777890968.0033324,2.0,-4.0,-76.0
1777890968.0133324,0.0,-2.0,-75.0
1777890968.0233324,-2.0,-3.0,-79.0
1777890968.0333323,0.0,0.0,-87.0
1777890968.0433323,1.0,1.0,-84.0
1777890968.0533323,0.0,0.0,-85.0
1777890968.0633323,-3.0,1.0,-74.0
1777890968.0733323,0.0,1.0,-65.0
1777890968.0833323,0.0,5.0,-60.0
1777890968.0933323,2.0,2.0,-63.0
1777890968.1033323,4.0,0.0,-69.0
1777890968.1133325,0.0,1.0,-76.0
1777890968.1233325,1.0,-2.0,-75.0
1777890968.1333325,8.0,0.0,-70.0
1777890968.1433325,5.0,-1.0,-70.0
1777890968.1533325,4.0,-1.0,-72.0
1777890968.1633325,1.0,-4.0,-73.0
1777890968.1733325,-2.0,-2.0,-76.0
1777890968.1833324,0.0,0.0,-83.0
1777890968.1933324,2.0,0.0,-76.0
1777890968.2033324,6.0,0.0,-76.0
1777890968.2133324,2.0,-5.0,-80.0
1777890968.2233324,4.0,-2.0,-76.0
1777890968.2333324,8.0,-1.0,-79.0
1777890968.2433324,3.0,0.0,-69.0
1777890968.2533324,4.0,1.0,-69.0
1777890968.2633324,0.0,-2.0,-67.0
1777890968.2733324,-2.0,0.0,-66.0
1777890968.2833323,-5.0,-4.0,-73.0
1777890968.2933323,0.0,-4.0,-72.0
1777890968.3033323,2.0,0.0,-74.0
1777890968.3133323,3.0,-2.0,-66.0
1777890968.3233323,7.0,-1.0,-71.0
1777890968.3333323,4.0,-4.0,-77.0
1777890968.3433323,0.0,0.0,-80.0
1777890968.3533323,5.0,0.0,-79.0
1777890968.3633325,9.0,0.0,-72.0
1777890968.3733325,8.0,1.0,-65.0
1777890968.3833325,4.0,1.0,-67.0
1777890968.3933325,0.0,-1.0,-66.0
1777890968.4033325,-4.0,-2.0,-64.0
1777890968.4133325,-4.0,-3.0,-77.0
1777890968.4233325,-4.0,-1.0,-72.0
1777890968.4333324,-3.0,2.0,-68.0
1777890968.4433324,-3.0,7.0,-66.0
1777890968.4533324,1.0,5.0,-70.0
1777890968.4633324,4.0,0.0,-68.0
1777890968.4733324,6.0,0.0,-72.0
1777890968.4833324,4.0,1.0,-67.0
1777890968.4933324,2.0,0.0,-68.0
1777890968.5033324,0.0,2.0,-66.0
1777890968.5133324,-2.0,2.0,-67.0
1777890968.5233324,-1.0,2.0,-63.0
1777890968.5333323,0.0,1.0,-67.0
1777890968.5433323,-1.0,5.0,-61.0
1777890968.5533323,0.0,5.0,-65.0
1777890968.5633323,2.0,1.0,-73.0
1777890968.5733323,6.0,-4.0,-77.0
1777890968.5833323,4.0,-3.0,-71.0
1777890968.5933323,5.0,-1.0,-72.0
1777890968.6033323,5.0,0.0,-73.0
1777890968.6133325,3.0,0.0,-79.0
1777890968.6233325,3.0,1.0,-80.0
1777890968.6333325,3.0,8.0,-76.0
1777890968.6433325,2.0,9.0,-79.0
1777890968.6533325,2.0,8.0,-79.0
1777890968.6633325,6.0,4.0,-82.0
1777890968.6733325,9.0,2.0,-91.0
1777890968.6833324,9.0,1.0,-84.0
1777890968.6933324,7.0,0.0,-79.0
1777890968.7033324,7.0,-4.0,-82.0
1777890968.7133324,7.0,-9.0,-84.0
1777890968.7233324,7.0,-8.0,-83.0
1777890968.7333324,6.0,-7.0,-83.0
1777890968.7433324,7.0,-7.0,-86.0
1777890968.7533324,1.0,-6.0,-83.0
1777890968.7633324,-4.0,-6.0,-84.0
1777890968.7733324,-8.0,-3.0,-86.0
1777890968.7833323,-6.0,-5.0,-83.0
1777890968.7933323,-3.0,-2.0,-80.0
1777890968.8033323,-2.0,-2.0,-78.0
1777890968.8133323,-2.0,-1.0,-78.0
1777890968.8233323,-1.0,-3.0,-76.0
1777890968.8333323,-5.0,-3.0,-68.0
1777890968.8433323,-1.0,0.0,-63.0
1777890968.8533323,-1.0,0.0,-68.0
1777890968.8633325,0.0,2.0,-76.0
1777890968.8743324,0.0,-1.0,-77.0
1777890968.8843324,0.0,-1.0,-75.0
1777890968.8943324,-4.0,-4.0,-76.0
1777890968.9043324,-4.0,-2.0,-72.0
1777890968.9143324,1.0,0.0,-72.0
1777890968.9243324,-2.0,1.0,-68.0
1777890968.9343324,-4.0,1.0,-76.0
1777890968.9443324,-1.0,4.0,-79.0
1777890968.9543324,-2.0,3.0,-87.0
1777890968.9643323,2.0,2.0,-86.0
1777890968.9743323,6.0,-1.0,-80.0
1777890968.9843323,5.0,0.0,-74.0
1777890968.9943323,6.0,-3.0,-73.0
1777890969.0043323,7.0,-3.0,-73.0
1777890969.0143323,5.0,0.0,-73.0
1777890969.0243323,0.0,0.0,-66.0
1777890969.0343325,0.0,0.0,-64.0
1777890969.0443325,5.0,-4.0,-64.0
1777890969.0543325,7.0,-2.0,-61.0
1777890969.0643325,8.0,-2.0,-59.0
1777890969.0743325,4.0,-4.0,-65.0
1777890969.0843325,3.0,-6.0,-69.0
1777890969.0943325,2.0,-6.0,-74.0
1777890969.1043324,4.0,-5.0,-73.0
1777890969.1143324,9.0,-5.0,-71.0
1777890969.1243324,7.0,-2.0,-68.0
1777890969.1343324,6.0,1.0,-64.0
1777890969.1443324,5.0,-1.0,-72.0
1777890969.1543324,2.0,-1.0,-65.0
1777890969.1643324,3.0,0.0,-61.0
1777890969.1743324,3.0,0.0,-65.0
1777890969.1843324,8.0,-2.0,-62.0
1777890969.1943324,3.0,-5.0,-64.0
1777890969.2043324,6.0,-7.0,-66.0
1777890969.2143323,8.0,-7.0,-71.0
1777890969.2243323,5.0,-6.0,-77.0
1777890969.2343323,2.0,-5.0,-72.0
1777890969.2443323,0.0,-3.0,-76.0
1777890969.2543323,0.0,0.0,-82.0
1777890969.2643323,0.0,0.0,-87.0
1777890969.2743323,0.0,-2.0,-85.0
1777890969.2843325,3.0,0.0,-81.0
1777890969.2943325,5.0,2.0,-81.0
1777890969.3043325,6.0,5.0,-83.0
1777890969.3143325,7.0,3.0,-81.0
1777890969.3243325,2.0,7.0,-80.0
1777890969.3343325,0.0,4.0,-78.0
1777890969.3443325,-2.0,0.0,-81.0
1777890969.3543324,2.0,-5.0,-81.0
1777890969.3643324,3.0,-6.0,-73.0
1777890969.3743324,6.0,-7.0,-70.0
1777890969.3843324,3.0,-4.0,-69.0
1777890969.3943324,2.0,-6.0,-71.0
1777890969.4043324,-4.0,-9.0,-70.0
1777890969.4143324,-2.0,-3.0,-75.0
1777890969.4243324,-1.0,3.0,-77.0
1777890969.4343324,0.0,0.0,-78.0
1777890969.4443324,0.0,2.0,-79.0
1777890969.4543324,0.0,1.0,-78.0
1777890969.4643323,5.0,1.0,-75.0
1777890969.4743323,4.0,5.0,-66.0
1777890969.4843323,7.0,0.0,-68.0
1777890969.4943323,7.0,-1.0,-73.0
1777890969.5043323,5.0,1.0,-64.0
1777890969.5143323,11.0,4.0,-67.0
1777890969.5243323,18.0,-2.0,-73.0
1777890969.5343325,19.0,-2.0,-72.0
1777890969.5443325,17.0,-2.0,-75.0
1777890969.5543325,10.0,0.0,-74.0
1777890969.5643325,7.0,-2.0,-75.0
1777890969.5743325,3.0,0.0,-78.0
1777890969.5843325,2.0,0.0,-83.0
1777890969.5943325,4.0,-1.0,-77.0
1777890969.6043324,1.0,-1.0,-80.0
1777890969.6143324,4.0,-1.0,-80.0
1777890969.6243324,9.0,-2.0,-80.0
1777890969.6343324,12.0,-2.0,-78.0
1777890969.6443324,5.0,-3.0,-71.0
1777890969.6543324,1.0,0.0,-66.0
1777890969.6643324,-6.0,-1.0,-68.0
1777890969.6743324,-3.0,-6.0,-71.0
1777890969.6843324,-3.0,-4.0,-64.0
1777890969.6943324,-2.0,-1.0,-69.0
1777890969.7043324,-3.0,2.0,-68.0
1777890969.7143323,-6.0,3.0,-65.0
1777890969.7243323,-3.0,2.0,-73.0
1777890969.7343323,1.0,3.0,-70.0
1777890969.7443323,3.0,3.0,-73.0
1777890969.7543323,0.0,3.0,-70.0
1777890969.7643323,0.0,1.0,-69.0
1777890969.7743323,2.0,4.0,-68.0
1777890969.7843325,7.0,6.0,-69.0
1777890969.7943325,4.0,4.0,-62.0
1777890969.8043325,3.0,2.0,-64.0
1777890969.8143325,4.0,3.0,-73.0
1777890969.8243325,6.0,2.0,-69.0
1777890969.8343325,6.0,-1.0,-68.0
1777890969.8443325,7.0,0.0,-62.0
1777890969.8543324,5.0,1.0,-64.0
1777890969.8643324,4.0,0.0,-68.0
1777890969.8743324,5.0,-6.0,-68.0
1777890969.8843324,4.0,-5.0,-64.0
1777890969.8943324,0.0,0.0,-64.0
1777890969.9043324,-1.0,-4.0,-59.0
1777890969.9143324,1.0,-1.0,-64.0
1777890969.9243324,0.0,-2.0,-69.0
1777890969.9343324,0.0,0.0,-69.0
1777890969.9443324,0.0,0.0,-62.0
1777890969.9543324,-1.0,0.0,-68.0
1777890969.9643323,-1.0,0.0,-65.0
1777890969.9743323,0.0,3.0,-67.0
1777890969.9843323,0.0,0.0,-68.0
1777890969.9943323,3.0,-1.0,-65.0
1777890970.0043323,6.0,-4.0,-63.0
1777890970.0143323,4.0,-2.0,-60.0
1777890970.0243323,2.0,0.0,-65.0
1777890970.0343325,4.0,-1.0,-64.0
1777890970.0443325,3.0,-2.0,-61.0
1777890970.0543325,-3.0,0.0,-64.0
1777890970.0653324,-4.0,-2.0,-63.0
1777890970.0743325,-4.0,0.0,-71.0
1777890970.0843325,1.0,2.0,-75.0
1777890970.0943325,4.0,5.0,-80.0
1777890970.1043324,2.0,8.0,-78.0
1777890970.1143324,0.0,0.0,-73.0
1777890970.1243324,-1.0,2.0,-80.0
1777890970.1343324,-8.0,2.0,-82.0
1777890970.1443324,-8.0,0.0,-75.0
1777890970.1543324,-7.0,-5.0,-72.0
1777890970.1643324,-4.0,-6.0,-63.0
1777890970.1743324,0.0,-6.0,-66.0
1777890970.1843324,0.0,-7.0,-64.0
1777890970.1943324,0.0,-8.0,-63.0
1777890970.2043324,0.0,-4.0,-68.0
1777890970.2143323,-1.0,0.0,-71.0
1777890970.2243323,0.0,1.0,-72.0
1777890970.2343323,2.0,0.0,-82.0
1777890970.2443323,3.0,0.0,-79.0
1777890970.2543323,1.0,-2.0,-80.0
1777890970.2643323,0.0,-2.0,-81.0
1777890970.2743323,-4.0,0.0,-68.0
1777890970.2843325,-4.0,3.0,-63.0
1777890970.2943325,0.0,-2.0,-65.0
1777890970.3043325,0.0,-5.0,-65.0
1777890970.3143325,2.0,0.0,-64.0
1777890970.3243325,4.0,-3.0,-65.0
1777890970.3343325,2.0,-6.0,-56.0
1777890970.3443325,4.0,-1.0,-51.0
1777890970.3543324,2.0,-2.0,-59.0
1777890970.3643324,-1.0,-3.0,-67.0
1777890970.3743324,-8.0,-7.0,-69.0
1777890970.3843324,-8.0,-1.0,-66.0
1777890970.3943324,-2.0,0.0,-70.0
1777890970.4043324,-5.0,-1.0,-72.0
1777890970.4143324,-2.0,-3.0,-77.0
1777890970.4243324,-3.0,-8.0,-79.0
1777890970.4343324,-7.0,-4.0,-80.0
1777890970.4443324,-8.0,-4.0,-79.0
1777890970.4543324,-10.0,-2.0,-77.0
1777890970.4643323,-7.0,-2.0,-77.0
1777890970.4743323,-3.0,-2.0,-74.0
1777890970.4843323,-1.0,-5.0,-76.0
1777890970.4943323,2.0,-2.0,-82.0
1777890970.5043323,1.0,-2.0,-75.0
1777890970.5143323,0.0,0.0,-78.0
1777890970.5243323,1.0,-2.0,-78.0
1777890970.5343325,-1.0,-5.0,-78.0
1777890970.5443325,-6.0,-3.0,-78.0
1777890970.5543325,-4.0,0.0,-86.0
1777890970.5643325,-8.0,-3.0,-88.0
1777890970.5743325,-3.0,-2.0,-87.0
1777890970.5843325,-2.0,0.0,-81.0
1777890970.5943325,-2.0,1.0,-77.0
1777890970.6043324,0.0,0.0,-72.0
1777890970.6143324,0.0,-5.0,-74.0
1777890970.6243324,0.0,-6.0,-75.0
1777890970.6343324,-3.0,-7.0,-69.0
1777890970.6443324,2.0,-4.0,-71.0
1777890970.6543324,3.0,-5.0,-71.0
1777890970.6643324,0.0,-5.0,-74.0
1777890970.6743324,0.0,-5.0,-73.0
1777890970.6843324,-1.0,-7.0,-75.0
1777890970.6943324,-1.0,-7.0,-79.0
1777890970.7043324,-3.0,-7.0,-81.0
1777890970.7143323,-3.0,-4.0,-67.0
1777890970.7243323,0.0,1.0,-62.0
1777890970.7343323,3.0,1.0,-60.0
1777890970.7443323,4.0,-2.0,-63.0
1777890970.7543323,3.0,-2.0,-65.0
1777890970.7643323,0.0,-3.0,-61.0
1777890970.7743323,0.0,0.0,-64.0
1777890970.7843325,3.0,0.0,-64.0
1777890970.7943325,2.0,1.0,-66.0
1777890970.8043325,3.0,1.0,-62.0
1777890970.8143325,4.0,5.0,-62.0
1777890970.8243325,7.0,2.0,-59.0
1777890970.8343325,4.0,-3.0,-58.0
1777890970.8443325,8.0,-6.0,-67.0
1777890970.8553324,6.0,-6.0,-72.0
1777890970.8653324,7.0,-2.0,-66.0
1777890970.8753324,10.0,-3.0,-72.0
1777890970.8853323,7.0,-6.0,-71.0
1777890970.8953323,7.0,-3.0,-72.0
1777890970.9053323,4.0,-2.0,-69.0
1777890970.9153323,4.0,-2.0,-70.0
1777890970.9253323,2.0,-6.0,-69.0
1777890970.9353323,4.0,-5.0,-71.0
1777890970.9453323,4.0,-2.0,-75.0
1777890970.9553325,1.0,-3.0,-81.0
1777890970.9653325,0.0,-3.0,-76.0
1777890970.9753325,-5.0,-3.0,-73.0
1777890970.9853325,-1.0,-4.0,-71.0
1777890970.9953325,-5.0,-7.0,-79.0
1777890971.0053325,-6.0,-6.0,-78.0
1777890971.0153325,-8.0,-3.0,-80.0
1777890971.0253325,-8.0,-4.0,-75.0
1777890971.0353324,-13.0,-7.0,-76.0
1777890971.0453324,-10.0,-6.0,-77.0
1777890971.0553324,-4.0,-7.0,-73.0
1777890971.0653324,0.0,-4.0,-74.0
1777890971.0753324,2.0,-4.0,-72.0
1777890971.0853324,-3.0,-5.0,-72.0
1777890971.0953324,-4.0,-5.0,-69.0
1777890971.1053324,0.0,-3.0,-77.0
1777890971.1153324,-3.0,-2.0,-70.0
1777890971.1253324,-5.0,2.0,-63.0
1777890971.1353323,0.0,3.0,-69.0
1777890971.1453323,0.0,4.0,-66.0
1777890971.1553323,0.0,2.0,-64.0
1777890971.1653323,0.0,0.0,-62.0
1777890971.1753323,-6.0,-4.0,-70.0
1777890971.1853323,-8.0,-1.0,-71.0
1777890971.1953323,-8.0,-3.0,-77.0
1777890971.2053325,-3.0,-1.0,-77.0
1777890971.2153325,2.0,-1.0,-79.0
1777890971.2253325,1.0,1.0,-74.0
1777890971.2353325,3.0,0.0,-78.0
1777890971.2453325,-1.0,4.0,-81.0
1777890971.2553325,2.0,2.0,-81.0
1777890971.2653325,-2.0,0.0,-79.0
1777890971.2753325,0.0,2.0,-78.0
1777890971.2853324,1.0,0.0,-83.0
1777890971.2953324,-4.0,-1.0,-82.0
1777890971.3053324,-2.0,-2.0,-77.0
1777890971.3153324,-2.0,1.0,-75.0
1777890971.3253324,-3.0,4.0,-76.0
1777890971.3353324,0.0,1.0,-76.0
1777890971.3453324,-3.0,1.0,-74.0
1777890971.3553324,0.0,0.0,-71.0
1777890971.3653324,0.0,-2.0,-69.0
1777890971.3753324,3.0,-4.0,-72.0
1777890971.3853323,5.0,-4.0,-78.0
1777890971.3953323,5.0,-6.0,-73.0
1777890971.4053323,8.0,-10.0,-69.0
1777890971.4153323,0.0,-9.0,-69.0
1777890971.4253323,0.0,-9.0,-67.0
1777890971.4353323,0.0,-6.0,-61.0
1777890971.4453323,-4.0,-10.0,-62.0
1777890971.4553325,-4.0,-10.0,-66.0
1777890971.4653325,0.0,-9.0,-69.0
1777890971.4753325,4.0,-7.0,-72.0
1777890971.4853325,4.0,-6.0,-68.0
1777890971.4953325,4.0,-5.0,-65.0
1777890971.5053325,0.0,-2.0,-61.0
1777890971.5153325,0.0,1.0,-67.0
1777890971.5253325,4.0,1.0,-69.0
1777890971.5353324,6.0,0.0,-74.0
1777890971.5453324,4.0,3.0,-74.0
1777890971.5553324,1.0,4.0,-72.0
1777890971.5653324,0.0,-3.0,-73.0
1777890971.5753324,0.0,-2.0,-69.0
1777890971.5853324,-2.0,0.0,-66.0
1777890971.5953324,-2.0,3.0,-69.0
1777890971.6053324,-4.0,3.0,-61.0
1777890971.6153324,-2.0,6.0,-69.0
1777890971.6253324,-1.0,8.0,-73.0
1777890971.6353323,0.0,5.0,-69.0
1777890971.6453323,5.0,0.0,-68.0
1777890971.6553323,2.0,1.0,-68.0
1777890971.6653323,2.0,1.0,-72.0
1777890971.6753323,4.0,1.0,-80.0
1777890971.6853323,1.0,5.0,-81.0
1777890971.6953323,0.0,3.0,-84.0
1777890971.7053325,0.0,0.0,-82.0
1777890971.7153325,5.0,0.0,-82.0
1777890971.7253325,6.0,-1.0,-79.0
1777890971.7353325,6.0,0.0,-75.0
1777890971.7453325,7.0,1.0,-74.0
1777890971.7553325,7.0,2.0,-71.0
1777890971.7653325,5.0,0.0,-69.0
1777890971.7753325,6.0,-2.0,-65.0
1777890971.7853324,0.0,-7.0,-64.0
1777890971.7953324,0.0,-2.0,-71.0
1777890971.8053324,-1.0,-1.0,-72.0
1777890971.8153324,-7.0,0.0,-73.0
1777890971.8253324,-9.0,3.0,-70.0
1777890971.8353324,-7.0,0.0,-74.0
1777890971.8453324,-3.0,3.0,-69.0
1777890971.8553324,0.0,0.0,-68.0
1777890971.8653324,5.0,-3.0,-62.0
1777890971.8753324,8.0,-1.0,-66.0
1777890971.8853323,6.0,-2.0,-75.0
1777890971.8953323,2.0,-2.0,-79.0
1777890971.9053323,0.0,-1.0,-73.0
1777890971.9153323,0.0,0.0,-68.0
1777890971.9253323,0.0,0.0,-70.0
1777890971.9353323,2.0,1.0,-70.0
1777890971.9453323,1.0,-2.0,-72.0
1777890971.9553325,4.0,-4.0,-68.0
1777890971.9653325,4.0,0.0,-64.0
1777890971.9753325,0.0,-2.0,-58.0
1777890971.9853325,2.0,-1.0,-71.0
1777890971.9953325,0.0,0.0,-73.0
1777890972.0053325,-1.0,-3.0,-74.0
1777890972.0153325,-5.0,-2.0,-73.0
1777890972.0253325,0.0,0.0,-72.0
1777890972.0353324,2.0,-5.0,-73.0
1777890972.0453324,-2.0,-7.0,-78.0
1777890972.0553324,-7.0,-3.0,-79.0
1777890972.0653324,-4.0,-5.0,-75.0
1777890972.0753324,-2.0,-1.0,-72.0
1777890972.0853324,-1.0,1.0,-70.0
1777890972.0953324,-2.0,-2.0,-65.0
1777890972.1053324,-2.0,-4.0,-62.0
1777890972.1153324,-2.0,-5.0,-64.0
1777890972.1253324,0.0,-8.0,-71.0
1777890972.1353323,-3.0,-8.0,-75.0
1777890972.1453323,0.0,-8.0,-73.0
1777890972.1553323,6.0,-5.0,-65.0
1777890972.1653323,4.0,-5.0,-67.0
1777890972.1753323,1.0,-9.0,-74.0
1777890972.1853323,4.0,-12.0,-62.0
1777890972.1953323,9.0,-6.0,-64.0
1777890972.2053325,8.0,-3.0,-66.0
1777890972.2153325,8.0,-1.0,-67.0
1777890972.2253325,9.0,0.0,-59.0
1777890972.2353325,7.0,1.0,-62.0
1777890972.2453325,7.0,0.0,-66.0
1777890972.2553325,5.0,-3.0,-72.0
1777890972.2653325,6.0,0.0,-73.0
1777890972.2753325,6.0,0.0,-75.0
1777890972.2853324,4.0,0.0,-72.0
1777890972.2953324,-1.0,-3.0,-66.0
1777890972.3053324,-3.0,-3.0,-67.0
1777890972.3153324,0.0,0.0,-66.0
1777890972.3253324,-2.0,1.0,-65.0
1777890972.3353324,-1.0,1.0,-71.0
1777890972.3453324,-1.0,0.0,-73.0
1777890972.3553324,-3.0,-1.0,-77.0
1777890972.3653324,-3.0,0.0,-78.0
1777890972.3753324,-2.0,-1.0,-82.0
1777890972.3853323,-1.0,0.0,-87.0
1777890972.3953323,1.0,1.0,-85.0
1777890972.4053323,2.0,3.0,-80.0
1777890972.4153323,-2.0,0.0,-69.0
1777890972.4253323,0.0,1.0,-67.0
1777890972.4353323,7.0,1.0,-71.0
1777890972.4453323,5.0,0.0,-67.0
1777890972.4553325,2.0,0.0,-70.0
1777890972.4653325,1.0,-2.0,-68.0
1777890972.4753325,0.0,-5.0,-67.0
1777890972.4853325,-1.0,-7.0,-69.0
1777890972.4953325,0.0,-6.0,-65.0
1777890972.5053325,-1.0,-3.0,-64.0
1777890972.5153325,0.0,-4.0,-65.0
1777890972.5253325,1.0,0.0,-63.0
1777890972.5353324,0.0,3.0,-65.0
1777890972.5453324,0.0,3.0,-71.0
1777890972.5553324,0.0,1.0,-78.0
1777890972.5653324,-4.0,5.0,-71.0
1777890972.5753324,-3.0,5.0,-70.0
1777890972.5853324,-4.0,5.0,-76.0
1777890972.5953324,-2.0,7.0,-81.0
1777890972.6053324,-3.0,11.0,-81.0
1777890972.6153324,0.0,3.0,-74.0
1777890972.6253324,2.0,5.0,-78.0
1777890972.6353323,3.0,2.0,-84.0
1777890972.6453323,8.0,1.0,-82.0
1777890972.6553323,4.0,3.0,-76.0
1777890972.6653323,3.0,4.0,-67.0
1777890972.6753323,2.0,3.0,-69.0
1777890972.6853323,-2.0,0.0,-70.0
1777890972.6953323,-5.0,-2.0,-66.0
1777890972.7053325,-6.0,-4.0,-65.0
1777890972.7153325,-5.0,-3.0,-67.0
1777890972.7253325,-8.0,0.0,-73.0
1777890972.7353325,-8.0,0.0,-71.0
1777890972.7453325,-6.0,3.0,-71.0
1777890972.7553325,-7.0,0.0,-70.0
1777890972.7653325,-4.0,2.0,-71.0
1777890972.7753325,-7.0,4.0,-73.0
1777890972.7853324,-9.0,-5.0,-70.0
1777890972.7953324,-10.0,-7.0,-64.0
1777890972.8053324,-11.0,-6.0,-64.0
1777890972.8153324,-5.0,-5.0,-66.0
1777890972.8253324,0.0,-6.0,-66.0
1777890972.8353324,2.0,-6.0,-65.0
1777890972.8463323,-1.0,-1.0,-69.0
1777890972.8553324,0.0,-2.0,-65.0
1777890972.8663323,-3.0,-5.0,-68.0
1777890972.8763323,-4.0,-4.0,-75.0
1777890972.8863325,-4.0,-3.0,-72.0
1777890972.8963325,-2.0,-3.0,-70.0
1777890972.9063325,0.0,-6.0,-61.0
1777890972.9163325,1.0,-1.0,-63.0
1777890972.9263325,0.0,-3.0,-62.0
1777890972.9363325,1.0,-3.0,-65.0
1777890972.9463325,3.0,-6.0,-72.0
1777890972.9563324,7.0,-3.0,-75.0
1777890972.9663324,9.0,-3.0,-82.0
1777890972.9763324,7.0,0.0,-86.0
1777890972.9863324,1.0,-1.0,-90.0
1777890972.9963324,1.0,1.0,-83.0
1777890973.0063324,3.0,4.0,-77.0
1777890973.0163324,3.0,0.0,-71.0
1777890973.0263324,0.0,-1.0,-71.0
1777890973.0363324,0.0,0.0,-75.0
1777890973.0463324,2.0,-6.0,-74.0
1777890973.0563323,-1.0,-2.0,-73.0
1777890973.0663323,2.0,-4.0,-72.0
1777890973.0763323,4.0,-7.0,-72.0
1777890973.0863323,9.0,-9.0,-67.0
1777890973.0963323,8.0,-7.0,-70.0
1777890973.1063323,5.0,-8.0,-68.0
1777890973.1163323,6.0,-9.0,-67.0
1777890973.1263323,3.0,-8.0,-69.0
1777890973.1363325,0.0,-7.0,-68.0
1777890973.1463325,0.0,-5.0,-69.0
1777890973.1563325,3.0,0.0,-73.0
1777890973.1663325,4.0,0.0,-76.0
1777890973.1763325,1.0,0.0,-82.0
1777890973.1863325,0.0,-1.0,-90.0
1777890973.1963325,-1.0,-2.0,-89.0
1777890973.2063324,0.0,-3.0,-94.0
1777890973.2163324,2.0,-4.0,-88.0
1777890973.2263324,3.0,-4.0,-81.0
1777890973.2363324,4.0,-1.0,-79.0
1777890973.2463324,2.0,-1.0,-83.0
1777890973.2563324,7.0,4.0,-75.0
1777890973.2663324,3.0,5.0,-71.0
1777890973.2763324,0.0,1.0,-66.0
1777890973.2863324,0.0,1.0,-70.0
1777890973.2963324,-1.0,0.0,-77.0
1777890973.3063323,-7.0,-1.0,-68.0
1777890973.3163323,-7.0,-2.0,-69.0
1777890973.3263323,0.0,-5.0,-72.0
1777890973.3363323,8.0,-6.0,-70.0
1777890973.3463323,12.0,-5.0,-72.0
1777890973.3563323,8.0,-5.0,-74.0
1777890973.3663323,8.0,-6.0,-72.0
1777890973.3763323,4.0,-3.0,-65.0
1777890973.3863325,3.0,-2.0,-65.0
1777890973.3963325,0.0,-2.0,-67.0
1777890973.4063325,0.0,0.0,-71.0
1777890973.4163325,0.0,3.0,-77.0
1777890973.4263325,0.0,3.0,-78.0
1777890973.4363325,-1.0,1.0,-78.0
1777890973.4463325,-6.0,1.0,-80.0
1777890973.4563324,-4.0,-3.0,-77.0
1777890973.4663324,-1.0,-3.0,-80.0
1777890973.4763324,-4.0,-6.0,-75.0
1777890973.4863324,-4.0,-6.0,-75.0
1777890973.4963324,-3.0,-5.0,-73.0
1777890973.5063324,-2.0,-4.0,-71.0
1777890973.5163324,0.0,-4.0,-74.0
1777890973.5263324,2.0,-7.0,-74.0
1777890973.5363324,3.0,-7.0,-71.0
1777890973.5463324,0.0,-5.0,-71.0
1777890973.5563323,3.0,-8.0,-78.0
1777890973.5663323,2.0,-6.0,-78.0
1777890973.5763323,2.0,-4.0,-74.0
1777890973.5863323,0.0,-10.0,-74.0
1777890973.5963323,2.0,-7.0,-73.0
1777890973.6063323,3.0,-8.0,-67.0
1777890973.6163323,2.0,-8.0,-65.0
1777890973.6263323,6.0,-6.0,-67.0
1777890973.6363325,8.0,-3.0,-73.0
1777890973.6463325,0.0,0.0,-71.0
1777890973.6563325,0.0,3.0,-74.0
1777890973.6663325,-2.0,6.0,-71.0
1777890973.6763325,0.0,5.0,-71.0
1777890973.6863325,-7.0,1.0,-68.0
1777890973.6963325,-10.0,0.0,-66.0
1777890973.7063324,-4.0,3.0,-67.0
1777890973.7163324,-3.0,-2.0,-79.0
1777890973.7263324,-5.0,-3.0,-83.0
1777890973.7363324,-1.0,-2.0,-80.0
1777890973.7463324,-2.0,-3.0,-84.0
1777890973.7563324,-1.0,-3.0,-83.0
1777890973.7663324,0.0,-1.0,-82.0
1777890973.7763324,4.0,0.0,-91.0
1777890973.7863324,2.0,5.0,-90.0
1777890973.7963324,4.0,6.0,-93.0
1777890973.8063323,0.0,2.0,-82.0
1777890973.8163323,0.0,-1.0,-77.0
1777890973.8263323,2.0,0.0,-75.0
1777890973.8363323,4.0,1.0,-82.0
1777890973.8463323,4.0,0.0,-86.0
1777890973.8563323,5.0,-2.0,-88.0
1777890973.8663323,4.0,-1.0,-90.0
1777890973.8763323,-1.0,0.0,-81.0
1777890973.8863325,-5.0,1.0,-78.0
1777890973.8963325,-7.0,0.0,-73.0
1777890973.9063325,-6.0,-3.0,-71.0
1777890973.9163325,-3.0,-3.0,-69.0
1777890973.9263325,0.0,-6.0,-60.0
1777890973.9363325,0.0,-6.0,-65.0
1777890973.9463325,-2.0,-5.0,-68.0
1777890973.9563324,-2.0,-2.0,-67.0
1777890973.9663324,-2.0,-2.0,-66.0
1777890973.9763324,1.0,-3.0,-66.0
1777890973.9863324,0.0,0.0,-69.0
1777890973.9963324,-1.0,3.0,-69.0
1777890974.0063324,-1.0,5.0,-78.0
1777890974.0163324,0.0,4.0,-75.0
1777890974.0263324,0.0,4.0,-71.0
1777890974.0363324,-1.0,2.0,-71.0
1777890974.0463324,-3.0,6.0,-73.0
1777890974.0563323,0.0,4.0,-76.0
1777890974.0663323,1.0,6.0,-74.0
1777890974.0763323,1.0,4.0,-74.0
1777890974.0863323,0.0,-2.0,-79.0
1777890974.0963323,0.0,-2.0,-80.0
1777890974.1063323,0.0,0.0,-79.0
1777890974.1163323,2.0,-1.0,-74.0
1777890974.1263323,2.0,-1.0,-74.0
1777890974.1363325,1.0,1.0,-76.0
1777890974.1463325,-5.0,3.0,-77.0
1777890974.1563325,-9.0,0.0,-77.0
1777890974.1663325,-8.0,-2.0,-80.0
1777890974.1763325,-5.0,-4.0,-80.0
1777890974.1863325,-3.0,-3.0,-78.0
1777890974.1963325,-3.0,-1.0,-75.0
1777890974.2063324,-5.0,-3.0,-66.0
1777890974.2163324,-5.0,-7.0,-64.0
1777890974.2263324,-3.0,-3.0,-73.0
1777890974.2363324,-5.0,-1.0,-77.0
1777890974.2463324,-1.0,0.0,-78.0
1777890974.2563324,2.0,1.0,-79.0
1777890974.2663324,1.0,-1.0,-78.0
1777890974.2763324,0.0,-1.0,-76.0
1777890974.2863324,-1.0,-1.0,-70.0
1777890974.2963324,-1.0,0.0,-66.0
1777890974.3063323,-1.0,0.0,-67.0
1777890974.3163323,0.0,0.0,-73.0
1777890974.3263323,2.0,0.0,-69.0
1777890974.3363323,3.0,-1.0,-74.0
1777890974.3463323,3.0,0.0,-74.0
1777890974.3563323,2.0,-1.0,-75.0
1777890974.3663323,1.0,0.0,-75.0
1777890974.3763323,0.0,-3.0,-73.0
1777890974.3863325,-3.0,-3.0,-65.0
1777890974.3963325,1.0,-1.0,-58.0
1777890974.4063325,4.0,-5.0,-63.0
1777890974.4163325,3.0,-9.0,-72.0
1777890974.4263325,4.0,-7.0,-75.0
1777890974.4363325,4.0,-5.0,-70.0
1777890974.4463325,0.0,-7.0,-72.0
1777890974.4563324,-5.0,-6.0,-72.0
1777890974.4663324,-9.0,-6.0,-72.0
1777890974.4763324,-7.0,-4.0,-74.0
1777890974.4863324,-3.0,0.0,-80.0
1777890974.4963324,-2.0,0.0,-80.0
1777890974.5063324,-1.0,1.0,-74.0
1777890974.5163324,0.0,2.0,-78.0
1777890974.5263324,2.0,0.0,-73.0
1777890974.5363324,3.0,0.0,-72.0
1777890974.5463324,4.0,1.0,-69.0
1777890974.5563323,1.0,1.0,-70.0
1777890974.5663323,0.0,0.0,-64.0
1777890974.5763323,-1.0,-2.0,-63.0
1777890974.5863323,-2.0,-2.0,-58.0
1777890974.5963323,-1.0,-3.0,-59.0
1777890974.6063323,0.0,-3.0,-59.0
1777890974.6163323,-1.0,0.0,-61.0
1777890974.6263323,3.0,1.0,-62.0
1777890974.6363325,3.0,3.0,-58.0
1777890974.6463325,0.0,4.0,-55.0
1777890974.6563325,0.0,3.0,-58.0
1777890974.6663325,0.0,4.0,-63.0
1777890974.6763325,8.0,5.0,-68.0
1777890974.6863325,6.0,7.0,-66.0
1777890974.6963325,2.0,3.0,-67.0
1777890974.7063324,3.0,6.0,-62.0
1777890974.7163324,1.0,3.0,-65.0
1777890974.7263324,-2.0,2.0,-67.0
1777890974.7363324,-1.0,4.0,-68.0
1777890974.7463324,-2.0,2.0,-70.0
1777890974.7563324,0.0,3.0,-73.0
1777890974.7663324,0.0,2.0,-74.0
1777890974.7773323,-1.0,2.0,-80.0
1777890974.7863324,0.0,3.0,-81.0
1777890974.7963324,-2.0,6.0,-81.0
1777890974.8063323,0.0,5.0,-71.0
1777890974.8163323,4.0,4.0,-73.0
1777890974.8263323,6.0,-2.0,-73.0
1777890974.8363323,8.0,1.0,-66.0
1777890974.8473325,11.0,3.0,-69.0
1777890974.8573325,11.0,4.0,-61.0
1777890974.8673325,9.0,5.0,-55.0
1777890974.8773324,10.0,4.0,-68.0
1777890974.8873324,12.0,7.0,-77.0
1777890974.8973324,10.0,8.0,-69.0
1777890974.9073324,7.0,2.0,-60.0
1777890974.9173324,8.0,8.0,-59.0
1777890974.9273324,5.0,7.0,-58.0
1777890974.9373324,4.0,6.0,-60.0
1777890974.9473324,5.0,4.0,-56.0
1777890974.9573324,3.0,3.0,-65.0
1777890974.9673324,1.0,0.0,-70.0
1777890974.9773324,1.0,-2.0,-75.0
1777890974.9873323,2.0,2.0,-83.0
1777890974.9973323,0.0,6.0,-76.0
1777890975.0073323,0.0,4.0,-76.0
1777890975.0173323,0.0,2.0,-79.0
1777890975.0273323,0.0,-3.0,-78.0
1777890975.0373323,-2.0,1.0,-82.0
1777890975.0473323,-1.0,-2.0,-78.0
1777890975.0573325,1.0,0.0,-80.0
1777890975.0673325,-3.0,-3.0,-79.0
1777890975.0773325,-6.0,-6.0,-79.0
1777890975.0873325,-5.0,-3.0,-77.0
1777890975.0973325,-2.0,-4.0,-71.0
1777890975.1073325,0.0,-6.0,-69.0
1777890975.1173325,-4.0,-7.0,-72.0
1777890975.1273324,-5.0,-3.0,-76.0
1777890975.1373324,-7.0,0.0,-81.0
1777890975.1473324,-6.0,0.0,-78.0
1777890975.1573324,-2.0,3.0,-73.0
1777890975.1673324,0.0,0.0,-83.0
1777890975.1773324,6.0,0.0,-80.0
1777890975.1873324,3.0,0.0,-79.0
1777890975.1973324,6.0,0.0,-73.0
1777890975.2073324,2.0,-5.0,-65.0
1777890975.2173324,2.0,-6.0,-59.0
1777890975.2273324,5.0,-3.0,-60.0
1777890975.2373323,7.0,-1.0,-65.0
1777890975.2473323,3.0,2.0,-72.0
1777890975.2573323,2.0,2.0,-72.0
1777890975.2673323,7.0,-1.0,-71.0
1777890975.2773323,1.0,-1.0,-70.0
1777890975.2873323,1.0,2.0,-73.0
1777890975.2973323,2.0,-1.0,-78.0
1777890975.3073325,1.0,-2.0,-79.0
1777890975.3173325,2.0,-2.0,-83.0
1777890975.3273325,1.0,0.0,-86.0
1777890975.3373325,7.0,-2.0,-83.0
1777890975.3473325,9.0,-3.0,-76.0
1777890975.3573325,11.0,-3.0,-78.0
1777890975.3673325,5.0,0.0,-80.0
1777890975.3773324,2.0,0.0,-78.0
1777890975.3873324,3.0,3.0,-78.0
1777890975.3973324,1.0,3.0,-74.0
1777890975.4073324,0.0,1.0,-78.0
1777890975.4173324,6.0,0.0,-78.0
1777890975.4273324,0.0,0.0,-82.0
1777890975.4373324,1.0,0.0,-83.0
1777890975.4473324,-5.0,-2.0,-71.0
1777890975.4573324,-5.0,-3.0,-65.0
1777890975.4673324,-6.0,-4.0,-65.0
1777890975.4773324,-7.0,0.0,-61.0
1777890975.4873323,-3.0,2.0,-71.0
1777890975.4973323,-2.0,5.0,-78.0
1777890975.5073323,-1.0,7.0,-76.0
1777890975.5173323,0.0,7.0,-73.0
1777890975.5273323,1.0,4.0,-69.0
1777890975.5373323,3.0,7.0,-70.0
1777890975.5473323,6.0,4.0,-68.0
1777890975.5573325,4.0,3.0,-68.0
1777890975.5673325,2.0,0.0,-73.0
1777890975.5773325,0.0,0.0,-75.0
1777890975.5873325,-3.0,2.0,-68.0
1777890975.5973325,-2.0,3.0,-70.0
1777890975.6073325,-1.0,1.0,-64.0
1777890975.6173325,-4.0,1.0,-68.0
1777890975.6273324,-4.0,3.0,-67.0
1777890975.6373324,-3.0,2.0,-72.0
1777890975.6473324,-1.0,4.0,-80.0
1777890975.6573324,1.0,-2.0,-72.0
1777890975.6673324,0.0,-2.0,-71.0
1777890975.6773324,1.0,0.0,-70.0
1777890975.6873324,3.0,-7.0,-71.0
1777890975.6973324,-3.0,-2.0,-72.0
1777890975.7073324,-5.0,-4.0,-68.0
1777890975.7173324,-4.0,-4.0,-66.0
1777890975.7273324,-2.0,-3.0,-66.0
1777890975.7373323,-6.0,-1.0,-65.0
1777890975.7473323,0.0,-3.0,-72.0
1777890975.7573323,3.0,-5.0,-75.0
1777890975.7673323,7.0,-2.0,-76.0
1777890975.7773323,2.0,0.0,-80.0
1777890975.7873323,-1.0,2.0,-78.0
1777890975.7973323,0.0,3.0,-79.0
1777890975.8073325,1.0,6.0,-82.0
1777890975.8173325,0.0,3.0,-91.0
1777890975.8273325,2.0,2.0,-87.0
1777890975.8373325,1.0,2.0,-86.0
1777890975.8473325,1.0,3.0,-85.0
1777890975.8573325,1.0,0.0,-86.0
1777890975.8673325,1.0,4.0,-89.0
1777890975.8773324,0.0,1.0,-84.0
1777890975.8873324,-1.0,0.0,-79.0
1777890975.8973324,0.0,0.0,-76.0
1777890975.9073324,2.0,-2.0,-69.0
1777890975.9173324,4.0,-3.0,-67.0
1777890975.9273324,3.0,-3.0,-71.0
1777890975.9373324,1.0,-3.0,-70.0
1777890975.9473324,3.0,-1.0,-74.0
1777890975.9573324,3.0,0.0,-67.0
1777890975.9673324,3.0,0.0,-78.0
1777890975.9773324,7.0,4.0,-78.0
1777890975.9873323,5.0,0.0,-75.0
1777890975.9973323,6.0,-4.0,-82.0
1777890976.0073323,3.0,-5.0,-88.0
1777890976.0173323,3.0,-2.0,-91.0
1777890976.0273323,0.0,2.0,-95.0
1777890976.0373323,-3.0,0.0,-93.0
1777890976.0473323,-3.0,0.0,-89.0
1777890976.0573325,0.0,-4.0,-86.0
1777890976.0673325,-2.0,-1.0,-82.0
1777890976.0773325,-5.0,0.0,-80.0
1777890976.0873325,-1.0,1.0,-76.0
1777890976.0973325,0.0,1.0,-77.0
1777890976.1083324,0.0,7.0,-81.0
1777890976.1173325,0.0,4.0,-78.0
1777890976.1273324,3.0,6.0,-76.0
1777890976.1373324,1.0,3.0,-71.0
1777890976.1473324,3.0,2.0,-73.0
1777890976.1573324,0.0,5.0,-71.0
1777890976.1673324,3.0,2.0,-71.0
1777890976.1773324,4.0,0.0,-69.0
1777890976.1873324,1.0,1.0,-76.0
1777890976.1973324,6.0,1.0,-73.0
1777890976.2073324,8.0,0.0,-78.0
1777890976.2173324,6.0,3.0,-74.0
1777890976.2273324,3.0,0.0,-70.0
1777890976.2373323,0.0,-5.0,-74.0
1777890976.2473323,2.0,-7.0,-74.0
1777890976.2573323,2.0,-5.0,-77.0
1777890976.2673323,3.0,-3.0,-71.0
1777890976.2773323,1.0,2.0,-68.0
1777890976.2873323,1.0,1.0,-67.0
1777890976.2973323,2.0,2.0,-68.0
1777890976.3073325,1.0,0.0,-66.0
1777890976.3173325,1.0,0.0,-68.0
1777890976.3273325,-3.0,0.0,-72.0
1777890976.3373325,-1.0,-3.0,-78.0
1777890976.3473325,0.0,-4.0,-79.0
1777890976.3573325,3.0,-1.0,-77.0
1777890976.3673325,3.0,-2.0,-79.0
1777890976.3773324,1.0,-2.0,-77.0
1777890976.3873324,3.0,-1.0,-78.0
1777890976.3973324,2.0,-4.0,-74.0
1777890976.4073324,1.0,-3.0,-73.0
1777890976.4173324,-4.0,1.0,-71.0
1777890976.4273324,0.0,4.0,-73.0
1777890976.4373324,3.0,4.0,-79.0
1777890976.4473324,1.0,7.0,-68.0
1777890976.4573324,0.0,3.0,-66.0
1777890976.4673324,4.0,0.0,-69.0
1777890976.4773324,0.0,0.0,-72.0
1777890976.4873323,-7.0,-4.0,-69.0
1777890976.4973323,-6.0,-5.0,-66.0
1777890976.5073323,4.0,-7.0,-70.0
1777890976.5173323,5.0,-7.0,-61.0
1777890976.5273323,5.0,-6.0,-58.0
1777890976.5373323,3.0,-5.0,-57.0
1777890976.5473323,0.0,-7.0,-57.0
1777890976.5573325,3.0,-1.0,-55.0
1777890976.5673325,0.0,-3.0,-56.0
1777890976.5773325,0.0,-4.0,-62.0
1777890976.5873325,0.0,-2.0,-61.0
1777890976.5973325,1.0,-2.0,-70.0
1777890976.6073325,2.0,-3.0,-71.0
1777890976.6173325,4.0,-4.0,-70.0
1777890976.6273324,2.0,0.0,-67.0
1777890976.6373324,0.0,-2.0,-69.0
1777890976.6473324,-1.0,-4.0,-71.0
1777890976.6573324,-3.0,-7.0,-71.0
1777890976.6673324,1.0,-4.0,-69.0
1777890976.6773324,1.0,0.0,-71.0
1777890976.6873324,1.0,-4.0,-71.0
1777890976.6973324,0.0,-8.0,-70.0
1777890976.7073324,0.0,-6.0,-69.0
1777890976.7173324,-2.0,-4.0,-64.0
1777890976.7273324,-5.0,-9.0,-59.0
1777890976.7373323,-4.0,-8.0,-60.0
1777890976.7473323,-3.0,-8.0,-66.0
1777890976.7573323,-6.0,-5.0,-63.0
1777890976.7673323,-1.0,-7.0,-61.0
1777890976.7773323,0.0,-8.0,-65.0
1777890976.7873323,-2.0,-7.0,-67.0
1777890976.7973323,-1.0,-6.0,-66.0
1777890976.8073325,0.0,-8.0,-66.0
1777890976.8173325,-1.0,-8.0,-71.0
1777890976.8283324,0.0,-8.0,-75.0
1777890976.8383324,-1.0,-6.0,-76.0
1777890976.8483324,0.0,-10.0,-74.0
1777890976.8583324,0.0,-11.0,-72.0
1777890976.8683324,0.0,-10.0,-75.0
1777890976.8783324,0.0,-8.0,-79.0
1777890976.8883324,0.0,-7.0,-78.0
1777890976.8983324,-1.0,-4.0,-68.0
1777890976.9083323,-1.0,0.0,-70.0
1777890976.9183323,-5.0,2.0,-66.0
1777890976.9283323,-2.0,2.0,-65.0
1777890976.9383323,1.0,1.0,-69.0
1777890976.9483323,3.0,-1.0,-62.0
1777890976.9583323,0.0,0.0,-57.0
1777890976.9683323,2.0,0.0,-62.0
1777890976.9783323,-1.0,0.0,-65.0
1777890976.9883325,1.0,1.0,-67.0
1777890976.9983325,0.0,1.0,-71.0
1777890977.0083325,4.0,1.0,-68.0
1777890977.0183325,5.0,3.0,-66.0
1777890977.0283325,2.0,4.0,-66.0
1777890977.0383325,3.0,4.0,-67.0
1777890977.0483325,0.0,4.0,-67.0
1777890977.0583324,0.0,0.0,-68.0
1777890977.0683324,0.0,0.0,-71.0
1777890977.0783324,0.0,1.0,-78.0
1777890977.0883324,1.0,0.0,-73.0
1777890977.0983324,2.0,3.0,-71.0
1777890977.1083324,0.0,2.0,-76.0
1777890977.1183324,0.0,0.0,-78.0
1777890977.1283324,1.0,1.0,-80.0
1777890977.1383324,0.0,2.0,-76.0
1777890977.1483324,-2.0,1.0,-70.0
1777890977.1583323,0.0,-1.0,-68.0
1777890977.1683323,-1.0,1.0,-70.0
1777890977.1783323,-2.0,2.0,-74.0
1777890977.1883323,-2.0,-2.0,-76.0
1777890977.1983323,-3.0,1.0,-81.0
1777890977.2083323,0.0,2.0,-81.0
1777890977.2183323,7.0,-2.0,-76.0
1777890977.2283323,3.0,2.0,-77.0
1777890977.2383325,6.0,2.0,-77.0
1777890977.2483325,6.0,4.0,-75.0
1777890977.2583325,9.0,5.0,-67.0
1777890977.2683325,7.0,4.0,-71.0
1777890977.2783325,7.0,0.0,-74.0
1777890977.2883325,6.0,-1.0,-72.0
1777890977.2983325,4.0,-5.0,-68.0
1777890977.3083324,4.0,-6.0,-72.0
1777890977.3183324,6.0,-4.0,-70.0
1777890977.3283324,6.0,-3.0,-70.0
1777890977.3383324,7.0,-2.0,-66.0
1777890977.3483324,5.0,1.0,-69.0
1777890977.3583324,1.0,4.0,-69.0
1777890977.3683324,-1.0,1.0,-72.0
1777890977.3783324,-2.0,1.0,-71.0
1777890977.3883324,-2.0,4.0,-78.0
1777890977.3983324,1.0,5.0,-82.0
1777890977.4083323,-1.0,3.0,-76.0
1777890977.4183323,1.0,2.0,-74.0
1777890977.4283323,0.0,-1.0,-75.0
1777890977.4383323,1.0,-1.0,-79.0
1777890977.4483323,3.0,-2.0,-76.0
1777890977.4583323,-2.0,1.0,-68.0
1777890977.4683323,-3.0,4.0,-65.0
1777890977.4783323,0.0,2.0,-63.0
1777890977.4883325,1.0,3.0,-72.0
1777890977.4983325,2.0,1.0,-76.0
1777890977.5083325,3.0,3.0,-73.0
1777890977.5183325,2.0,0.0,-70.0
1777890977.5283325,0.0,-1.0,-74.0
1777890977.5383325,1.0,-1.0,-80.0
1777890977.5483325,-6.0,-6.0,-75.0
1777890977.5583324,-7.0,-6.0,-74.0
1777890977.5683324,-6.0,-9.0,-68.0
1777890977.5783324,-1.0,-8.0,-64.0
1777890977.5883324,3.0,-9.0,-68.0
1777890977.5983324,7.0,-13.0,-69.0
1777890977.6083324,5.0,-12.0,-72.0
1777890977.6183324,2.0,-10.0,-77.0
1777890977.6283324,1.0,-5.0,-73.0
1777890977.6383324,3.0,-2.0,-77.0
1777890977.6483324,4.0,-3.0,-81.0
1777890977.6583323,3.0,-2.0,-84.0
1777890977.6683323,1.0,-2.0,-79.0
1777890977.6783323,-1.0,-4.0,-78.0
1777890977.6883323,-3.0,0.0,-78.0
1777890977.6983323,-2.0,0.0,-75.0
1777890977.7083323,-2.0,-2.0,-76.0
1777890977.7183323,-3.0,-3.0,-83.0
1777890977.7283323,-1.0,-4.0,-80.0
1777890977.7383325,-2.0,-3.0,-75.0
1777890977.7483325,-7.0,-7.0,-73.0
1777890977.7583325,-7.0,-7.0,-73.0
1777890977.7683325,-4.0,-9.0,-72.0
1777890977.7783325,0.0,-12.0,-67.0
1777890977.7883325,-2.0,-11.0,-67.0
1777890977.7983325,1.0,-9.0,-65.0
1777890977.8083324,4.0,-7.0,-58.0
1777890977.8183324,6.0,-6.0,-51.0
1777890977.8283324,4.0,-4.0,-61.0
1777890977.8383324,3.0,-7.0,-65.0
1777890977.8483324,3.0,-5.0,-75.0
1777890977.8583324,2.0,-4.0,-79.0
1777890977.8683324,0.0,-4.0,-69.0
1777890977.8783324,-1.0,-6.0,-74.0
1777890977.8883324,0.0,-6.0,-72.0
1777890977.8983324,1.0,-4.0,-76.0
1777890977.9083323,0.0,0.0,-71.0
1777890977.9183323,0.0,0.0,-74.0
1777890977.9283323,-1.0,-2.0,-74.0
1777890977.9383323,1.0,-1.0,-71.0
1777890977.9483323,5.0,-1.0,-76.0
1777890977.9583323,2.0,0.0,-83.0
1777890977.9683323,-2.0,0.0,-81.0
1777890977.9783323,0.0,0.0,-76.0
1777890977.9883325,-1.0,5.0,-76.0
1777890977.9983325,-2.0,2.0,-76.0
1777890978.0083325,-2.0,3.0,-80.0
1777890978.0183325,3.0,5.0,-81.0
1777890978.0283325,1.0,6.0,-84.0
1777890978.0383325,1.0,5.0,-78.0
1777890978.0483325,2.0,3.0,-78.0
1777890978.0583324,3.0,3.0,-65.0
1777890978.0683324,7.0,4.0,-59.0
1777890978.0783324,5.0,-1.0,-59.0
1777890978.0883324,1.0,0.0,-58.0
1777890978.0983324,-1.0,-1.0,-59.0
1777890978.1083324,0.0,-6.0,-67.0
1777890978.1183324,0.0,-7.0,-68.0
1777890978.1283324,0.0,-6.0,-74.0
1777890978.1383324,0.0,-3.0,-75.0
1777890978.1483324,-5.0,2.0,-72.0
1777890978.1583323,0.0,5.0,-70.0
1777890978.1683323,-1.0,5.0,-68.0
1777890978.1783323,0.0,2.0,-74.0
1777890978.1883323,1.0,0.0,-76.0
1777890978.1983323,6.0,0.0,-81.0
1777890978.2083323,6.0,0.0,-81.0
1777890978.2183323,0.0,-2.0,-80.0
1777890978.2283323,5.0,-1.0,-85.0
1777890978.2383325,0.0,-1.0,-76.0
1777890978.2483325,1.0,0.0,-73.0
1777890978.2583325,0.0,0.0,-75.0
1777890978.2683325,0.0,-2.0,-72.0
1777890978.2783325,2.0,-2.0,-71.0
1777890978.2883325,2.0,-3.0,-68.0
1777890978.2983325,3.0,0.0,-64.0
1777890978.3083324,4.0,-2.0,-66.0
1777890978.3183324,1.0,-1.0,-63.0
1777890978.3283324,0.0,0.0,-70.0
1777890978.3383324,-3.0,5.0,-74.0
1777890978.3483324,0.0,5.0,-75.0
1777890978.3583324,-2.0,2.0,-73.0
1777890978.3683324,-2.0,5.0,-76.0
1777890978.3783324,2.0,5.0,-74.0
1777890978.3883324,2.0,8.0,-71.0
1777890978.3983324,2.0,4.0,-72.0
1777890978.4083323,2.0,2.0,-67.0
1777890978.4183323,5.0,1.0,-68.0
1777890978.4283323,5.0,2.0,-69.0
1777890978.4383323,5.0,0.0,-75.0
1777890978.4483323,3.0,0.0,-72.0
1777890978.4583323,3.0,0.0,-74.0
1777890978.4683323,0.0,0.0,-69.0
1777890978.4783323,-5.0,0.0,-71.0
1777890978.4883325,-5.0,-1.0,-73.0
1777890978.4983325,-5.0,-5.0,-68.0
1777890978.5083325,-7.0,-5.0,-70.0
1777890978.5183325,-8.0,-3.0,-76.0
1777890978.5283325,-9.0,-4.0,-76.0
1777890978.5383325,-7.0,-6.0,-78.0
1777890978.5483325,-4.0,-1.0,-71.0
1777890978.5583324,-3.0,1.0,-66.0
1777890978.5683324,-2.0,2.0,-69.0
1777890978.5783324,-5.0,5.0,-72.0
1777890978.5883324,-3.0,0.0,-79.0
1777890978.5983324,-8.0,0.0,-83.0
1777890978.6083324,-6.0,-3.0,-82.0
1777890978.6183324,-6.0,-9.0,-80.0
1777890978.6283324,-2.0,-2.0,-79.0
1777890978.6383324,-5.0,0.0,-73.0
1777890978.6483324,-4.0,-1.0,-71.0
1777890978.6583323,-7.0,-1.0,-73.0
1777890978.6683323,-8.0,-1.0,-77.0
1777890978.6783323,-1.0,-4.0,-72.0
1777890978.6883323,0.0,-5.0,-65.0
1777890978.6983323,-1.0,-5.0,-62.0
1777890978.7083323,0.0,-6.0,-66.0
1777890978.7183323,-4.0,-8.0,-60.0
1777890978.7283323,1.0,-9.0,-65.0
1777890978.7383325,1.0,-4.0,-68.0
1777890978.7483325,3.0,-4.0,-76.0
1777890978.7583325,0.0,-1.0,-81.0
1777890978.7683325,-4.0,-3.0,-73.0
1777890978.7783325,-7.0,0.0,-70.0
1777890978.7893324,-6.0,3.0,-75.0
1777890978.7983325,-7.0,2.0,-83.0
1777890978.8083324,-7.0,0.0,-90.0
1777890978.8183324,-5.0,-3.0,-85.0
1777890978.8293324,-2.0,-1.0,-80.0
1777890978.8393323,1.0,2.0,-76.0
1777890978.8493323,0.0,4.0,-75.0
1777890978.8593323,0.0,7.0,-67.0
1777890978.8693323,3.0,8.0,-68.0
1777890978.8793323,4.0,5.0,-69.0
1777890978.8893323,-1.0,3.0,-69.0
1777890978.8993323,-1.0,-1.0,-70.0
1777890978.9093325,-1.0,-1.0,-76.0
1777890978.9193325,0.0,-1.0,-81.0
1777890978.9293325,-1.0,2.0,-86.0
1777890978.9393325,-5.0,6.0,-87.0
1777890978.9493325,-9.0,7.0,-78.0
1777890978.9593325,-7.0,4.0,-72.0
1777890978.9693325,-4.0,1.0,-68.0
1777890978.9793324,-3.0,-1.0,-67.0
1777890978.9893324,-2.0,-1.0,-67.0
1777890978.9993324,-1.0,3.0,-63.0
1777890979.0093324,5.0,2.0,-64.0
1777890979.0193324,4.0,-1.0,-66.0
1777890979.0293324,1.0,-1.0,-66.0
1777890979.0393324,4.0,-2.0,-67.0
1777890979.0493324,0.0,-2.0,-61.0
1777890979.0593324,2.0,0.0,-56.0
1777890979.0693324,0.0,-2.0,-59.0
1777890979.0793324,3.0,-5.0,-60.0
1777890979.0893323,0.0,-3.0,-66.0
1777890979.0993323,-3.0,0.0,-65.0
1777890979.1093323,-6.0,-2.0,-66.0
1777890979.1193323,-5.0,0.0,-69.0
1777890979.1293323,-4.0,2.0,-65.0
1777890979.1393323,-6.0,0.0,-72.0
1777890979.1493323,-5.0,-4.0,-78.0
1777890979.1593325,-1.0,-4.0,-72.0
1777890979.1693325,-3.0,-1.0,-75.0
1777890979.1793325,0.0,1.0,-76.0
1777890979.1893325,2.0,-1.0,-71.0
1777890979.1993325,-1.0,0.0,-79.0
1777890979.2093325,-1.0,1.0,-73.0
1777890979.2193325,-1.0,0.0,-73.0
1777890979.2293324,0.0,-3.0,-75.0
1777890979.2393324,2.0,-4.0,-81.0
1777890979.2493324,5.0,-1.0,-76.0
1777890979.2593324,6.0,0.0,-76.0
1777890979.2693324,7.0,2.0,-79.0
1777890979.2793324,1.0,2.0,-83.0
1777890979.2893324,1.0,0.0,-85.0
1777890979.2993324,4.0,-6.0,-86.0
1777890979.3093324,7.0,-1.0,-81.0
1777890979.3193324,5.0,-5.0,-82.0
1777890979.3293324,8.0,-8.0,-75.0
1777890979.3393323,8.0,-9.0,-77.0
1777890979.3493323,10.0,-7.0,-77.0
1777890979.3593323,6.0,-4.0,-74.0
1777890979.3693323,6.0,-1.0,-79.0
1777890979.3793323,3.0,0.0,-81.0
1777890979.3893323,1.0,0.0,-76.0
1777890979.3993323,0.0,5.0,-72.0
1777890979.4093325,5.0,2.0,-67.0
1777890979.4193325,6.0,3.0,-73.0
1777890979.4293325,7.0,5.0,-76.0
1777890979.4393325,5.0,3.0,-76.0
1777890979.4493325,5.0,7.0,-79.0
1777890979.4593325,5.0,7.0,-74.0
1777890979.4693325,6.0,1.0,-63.0
1777890979.4793324,5.0,-6.0,-68.0
1777890979.4893324,0.0,-3.0,-64.0
1777890979.4993324,2.0,-2.0,-63.0
1777890979.5093324,2.0,-1.0,-64.0
1777890979.5193324,0.0,-2.0,-65.0
1777890979.5293324,1.0,0.0,-64.0
1777890979.5393324,1.0,-4.0,-63.0
1777890979.5493324,-2.0,-3.0,-66.0
1777890979.5593324,-4.0,0.0,-71.0
1777890979.5693324,-5.0,0.0,-64.0
1777890979.5793324,-3.0,0.0,-56.0
1777890979.5893323,-6.0,-3.0,-58.0
1777890979.5993323,-4.0,-3.0,-60.0
1777890979.6093323,-1.0,-6.0,-60.0
1777890979.6193323,-3.0,-1.0,-64.0
1777890979.6293323,0.0,0.0,-67.0
1777890979.6393323,-2.0,-3.0,-78.0
1777890979.6493323,-2.0,0.0,-81.0
1777890979.6593325,-5.0,2.0,-85.0
1777890979.6693325,-7.0,3.0,-83.0
1777890979.6793325,-10.0,6.0,-83.0
1777890979.6893325,-5.0,9.0,-87.0
1777890979.6993325,-3.0,9.0,-78.0
1777890979.7093325,-5.0,7.0,-72.0
1777890979.7193325,-3.0,3.0,-70.0
1777890979.7293324,-6.0,0.0,-57.0
1777890979.7393324,-6.0,-5.0,-58.0
1777890979.7493324,-4.0,-4.0,-59.0
1777890979.7593324,-2.0,0.0,-60.0
1777890979.7693324,0.0,0.0,-61.0
1777890979.7793324,5.0,0.0,-63.0
1777890979.7893324,5.0,-2.0,-68.0
1777890979.7993324,2.0,0.0,-68.0
1777890979.8093324,1.0,-2.0,-70.0
1777890979.8193324,0.0,-3.0,-67.0
1777890979.8293324,-1.0,0.0,-68.0
1777890979.8393323,0.0,-1.0,-74.0
1777890979.8493323,-1.0,-1.0,-73.0
1777890979.8593323,1.0,0.0,-68.0
1777890979.8693323,1.0,0.0,-69.0
1777890979.8793323,7.0,-2.0,-75.0
1777890979.8893323,6.0,-6.0,-75.0
1777890979.8993323,6.0,0.0,-76.0
1777890979.9093325,6.0,1.0,-70.0
1777890979.9193325,1.0,0.0,-71.0
1777890979.9293325,0.0,-1.0,-69.0
1777890979.9393325,0.0,-2.0,-70.0
1777890979.9493325,0.0,-5.0,-66.0
1777890979.9593325,4.0,-5.0,-62.0
1777890979.9693325,3.0,-4.0,-61.0
1777890979.9793324,6.0,-3.0,-60.0
1777890979.9893324,7.0,-1.0,-64.0
1777890979.9993324,4.0,-2.0,-64.0
1777890980.0093324,3.0,-4.0,-68.0
1777890980.0193324,2.0,-3.0,-67.0
1777890980.0293324,-3.0,0.0,-68.0
1777890980.0393324,-1.0,-3.0,-67.0
1777890980.0493324,-1.0,-9.0,-68.0
1777890980.0593324,0.0,-8.0,-67.0
1777890980.0693324,5.0,-7.0,-68.0
1777890980.0793324,2.0,-6.0,-67.0
1777890980.0893323,5.0,-5.0,-72.0
1777890980.0993323,6.0,-4.0,-73.0
1777890980.1093323,3.0,-2.0,-71.0
1777890980.1193323,2.0,-1.0,-78.0
1777890980.1293323,2.0,-2.0,-78.0
1777890980.1393323,2.0,-1.0,-79.0
1777890980.1493323,1.0,-2.0,-80.0
1777890980.1593325,-1.0,-4.0,-80.0
1777890980.1693325,-2.0,-8.0,-73.0
1777890980.1793325,-2.0,-10.0,-72.0
1777890980.1893325,4.0,-7.0,-73.0
1777890980.1993325,1.0,-2.0,-75.0
1777890980.2093325,4.0,-7.0,-73.0
1777890980.2193325,4.0,-4.0,-73.0
1777890980.2293324,5.0,0.0,-74.0
1777890980.2393324,8.0,-1.0,-71.0
1777890980.2493324,6.0,-4.0,-66.0
1777890980.2593324,4.0,-3.0,-67.0
1777890980.2693324,0.0,-2.0,-70.0
1777890980.2793324,0.0,-3.0,-70.0
1777890980.2893324,0.0,-2.0,-66.0
1777890980.2993324,3.0,-1.0,-62.0
1777890980.3093324,5.0,-3.0,-68.0
1777890980.3193324,0.0,-4.0,-69.0
1777890980.3293324,-2.0,-2.0,-73.0
1777890980.3393323,0.0,-1.0,-75.0
1777890980.3493323,1.0,-3.0,-72.0
1777890980.3593323,1.0,-5.0,-73.0
1777890980.3693323,0.0,-4.0,-81.0
1777890980.3793323,1.0,-2.0,-78.0
1777890980.3893323,0.0,-1.0,-75.0
1777890980.3993323,-3.0,1.0,-72.0
1777890980.4093325,-3.0,-1.0,-62.0
1777890980.4193325,-6.0,0.0,-60.0
1777890980.4293325,-9.0,1.0,-69.0
1777890980.4393325,-5.0,-1.0,-75.0
1777890980.4493325,-5.0,0.0,-80.0
1777890980.4593325,-9.0,0.0,-81.0
1777890980.4693325,-7.0,-2.0,-83.0
1777890980.4793324,-5.0,1.0,-82.0
1777890980.4893324,0.0,-1.0,-82.0
1777890980.4993324,-1.0,-3.0,-74.0
1777890980.5093324,0.0,-4.0,-72.0
1777890980.5193324,1.0,-5.0,-65.0
1777890980.5293324,2.0,0.0,-66.0
1777890980.5393324,1.0,-1.0,-67.0
1777890980.5493324,-1.0,2.0,-75.0
1777890980.5593324,0.0,0.0,-79.0
1777890980.5693324,1.0,1.0,-76.0
1777890980.5793324,1.0,2.0,-71.0
1777890980.5893323,2.0,4.0,-71.0
1777890980.5993323,5.0,7.0,-76.0
1777890980.6093323,2.0,7.0,-80.0
1777890980.6193323,0.0,4.0,-72.0
1777890980.6293323,-2.0,3.0,-68.0
1777890980.6393323,-2.0,6.0,-69.0
1777890980.6493323,0.0,3.0,-70.0
1777890980.6593325,2.0,1.0,-68.0
1777890980.6693325,6.0,1.0,-73.0
1777890980.6793325,10.0,2.0,-75.0
1777890980.6893325,5.0,0.0,-69.0
1777890980.6993325,2.0,0.0,-65.0
1777890980.7093325,0.0,-1.0,-69.0
1777890980.7193325,-2.0,-2.0,-65.0
1777890980.7293324,-3.0,0.0,-64.0
1777890980.7393324,-3.0,1.0,-67.0
1777890980.7493324,0.0,1.0,-67.0
1777890980.7593324,7.0,2.0,-69.0
1777890980.7693324,8.0,0.0,-71.0
1777890980.7803323,10.0,-2.0,-76.0
1777890980.7903323,8.0,-2.0,-76.0
1777890980.8003323,6.0,-1.0,-80.0
1777890980.8103323,5.0,-3.0,-77.0
1777890980.8203323,10.0,-4.0,-77.0
1777890980.8303325,6.0,0.0,-71.0
1777890980.8403325,2.0,1.0,-67.0
1777890980.8503325,0.0,2.0,-74.0
1777890980.8603325,1.0,0.0,-75.0
1777890980.8703325,-2.0,0.0,-71.0
1777890980.8803325,-2.0,0.0,-76.0
1777890980.8903325,-1.0,-4.0,-78.0
1777890980.9003325,0.0,-1.0,-84.0
1777890980.9103324,-5.0,0.0,-75.0
1777890980.9203324,-1.0,-1.0,-80.0
1777890980.9303324,-1.0,-3.0,-79.0
1777890980.9403324,3.0,-6.0,-79.0
1777890980.9503324,3.0,-3.0,-78.0
1777890980.9603324,5.0,-1.0,-67.0
1777890980.9703324,6.0,-5.0,-63.0
1777890980.9803324,0.0,-3.0,-65.0
1777890980.9903324,1.0,-6.0,-66.0
1777890981.0003324,3.0,-1.0,-73.0
1777890981.0103323,3.0,0.0,-67.0
1777890981.0203323,0.0,-1.0,-69.0
1777890981.0303323,-2.0,0.0,-67.0
1777890981.0403323,-4.0,0.0,-71.0
1777890981.0503323,-3.0,1.0,-68.0
1777890981.0603323,0.0,0.0,-71.0
1777890981.0703323,1.0,-2.0,-75.0
1777890981.0803325,-1.0,-1.0,-75.0
1777890981.0903325,2.0,0.0,-71.0
1777890981.1003325,3.0,2.0,-75.0
1777890981.1103325,4.0,0.0,-78.0
1777890981.1203325,3.0,0.0,-69.0
1777890981.1303325,1.0,-3.0,-66.0
1777890981.1403325,3.0,-3.0,-71.0
1777890981.1503325,7.0,0.0,-71.0
1777890981.1613324,6.0,1.0,-72.0
1777890981.1703324,4.0,2.0,-63.0
1777890981.1803324,2.0,0.0,-65.0
1777890981.1903324,-1.0,2.0,-64.0
1777890981.2003324,3.0,3.0,-64.0
1777890981.2103324,7.0,4.0,-64.0
1777890981.2203324,3.0,1.0,-54.0
1777890981.2303324,1.0,2.0,-56.0
1777890981.2403324,0.0,1.0,-68.0
1777890981.2503324,0.0,0.0,-72.0
1777890981.2603323,-1.0,-2.0,-81.0
1777890981.2703323,0.0,-1.0,-77.0
1777890981.2803323,3.0,-1.0,-72.0
1777890981.2903323,1.0,-2.0,-69.0
1777890981.3003323,2.0,0.0,-64.0
1777890981.3103323,1.0,0.0,-66.0
1777890981.3203323,3.0,0.0,-77.0
1777890981.3303325,1.0,-3.0,-75.0
1777890981.3403325,-3.0,-2.0,-64.0
1777890981.3503325,-3.0,-4.0,-69.0
1777890981.3603325,-2.0,-2.0,-70.0
1777890981.3703325,0.0,-3.0,-71.0
1777890981.3803325,0.0,-5.0,-71.0
1777890981.3903325,-2.0,-5.0,-75.0
1777890981.4003325,0.0,-5.0,-75.0
1777890981.4103324,3.0,-5.0,-68.0
1777890981.4203324,0.0,-5.0,-68.0
1777890981.4303324,-1.0,-9.0,-66.0
1777890981.4403324,-5.0,-6.0,-69.0
1777890981.4503324,0.0,-5.0,-72.0
1777890981.4603324,1.0,-3.0,-76.0
1777890981.4703324,0.0,-3.0,-69.0
1777890981.4803324,-5.0,-1.0,-65.0
1777890981.4903324,-6.0,0.0,-71.0
1777890981.5003324,-9.0,0.0,-70.0
1777890981.5103323,-10.0,1.0,-72.0
1777890981.5203323,-8.0,0.0,-69.0
1777890981.5303323,-2.0,0.0,-66.0
1777890981.5403323,-3.0,0.0,-69.0
1777890981.5503323,-3.0,-6.0,-64.0
1777890981.5603323,-3.0,-5.0,-63.0
1777890981.5703323,-5.0,-3.0,-65.0
1777890981.5803325,-5.0,-5.0,-65.0
1777890981.5903325,-5.0,-1.0,-70.0
1777890981.6003325,0.0,-2.0,-70.0
1777890981.6103325,-1.0,-5.0,-63.0
1777890981.6203325,-3.0,-4.0,-61.0
1777890981.6303325,-6.0,-1.0,-66.0
1777890981.6403325,-3.0,-2.0,-72.0
1777890981.6503325,0.0,0.0,-78.0
1777890981.6603324,2.0,2.0,-87.0
1777890981.6703324,0.0,2.0,-92.0
1777890981.6803324,1.0,-2.0,-86.0
1777890981.6903324,1.0,0.0,-80.0
1777890981.7003324,-2.0,-2.0,-82.0
1777890981.7103324,-2.0,0.0,-83.0
1777890981.7203324,-1.0,0.0,-86.0
1777890981.7303324,5.0,-4.0,-83.0
1777890981.7403324,4.0,-8.0,-78.0
1777890981.7503324,1.0,-10.0,-77.0
1777890981.7603323,1.0,-8.0,-79.0
1777890981.7703323,1.0,-6.0,-81.0
1777890981.7803323,4.0,-6.0,-80.0
1777890981.7903323,3.0,-5.0,-75.0
1777890981.8003323,2.0,-4.0,-77.0
1777890981.8103323,4.0,-5.0,-83.0
1777890981.8203323,2.0,-6.0,-90.0
1777890981.8303325,-3.0,-6.0,-89.0
1777890981.8403325,1.0,-5.0,-79.0
1777890981.8503325,3.0,-4.0,-73.0
1777890981.8603325,5.0,-6.0,-69.0
1777890981.8703325,5.0,-5.0,-63.0
1777890981.8803325,6.0,-4.0,-62.0
1777890981.8903325,-2.0,-6.0,-62.0
1777890981.9003325,-3.0,-4.0,-63.0
1777890981.9103324,0.0,-1.0,-67.0
1777890981.9203324,3.0,-4.0,-74.0
1777890981.9303324,4.0,-4.0,-77.0
1777890981.9403324,6.0,0.0,-75.0
1777890981.9503324,9.0,0.0,-76.0
1777890981.9603324,8.0,0.0,-74.0
1777890981.9703324,9.0,0.0,-74.0
1777890981.9803324,6.0,-1.0,-71.0
1777890981.9903324,5.0,1.0,-79.0
1777890982.0003324,2.0,2.0,-73.0
1777890982.0103323,1.0,2.0,-69.0
1777890982.0203323,1.0,3.0,-73.0
1777890982.0303323,-1.0,3.0,-77.0
1777890982.0403323,-5.0,1.0,-79.0
1777890982.0503323,-9.0,-3.0,-70.0
1777890982.0603323,-8.0,-4.0,-72.0
1777890982.0703323,-5.0,-2.0,-68.0
1777890982.0803325,-3.0,-1.0,-66.0
1777890982.0903325,-5.0,0.0,-68.0
1777890982.1003325,-1.0,0.0,-62.0
1777890982.1103325,2.0,0.0,-67.0
1777890982.1203325,2.0,0.0,-68.0
1777890982.1303325,4.0,0.0,-70.0
1777890982.1403325,3.0,0.0,-68.0
1777890982.1503325,0.0,3.0,-72.0
1777890982.1603324,1.0,-1.0,-77.0
1777890982.1703324,2.0,-6.0,-82.0
1777890982.1813323,3.0,-3.0,-83.0
1777890982.1903324,0.0,-6.0,-84.0
1777890982.2003324,-4.0,-6.0,-83.0
1777890982.2103324,-1.0,-6.0,-81.0
1777890982.2203324,1.0,-3.0,-76.0
1777890982.2303324,2.0,3.0,-72.0
1777890982.2403324,0.0,1.0,-75.0
1777890982.2503324,-4.0,-4.0,-76.0
1777890982.2603323,-1.0,-5.0,-82.0
1777890982.2703323,0.0,-4.0,-83.0
1777890982.2803323,5.0,-4.0,-79.0
1777890982.2903323,2.0,-2.0,-77.0
1777890982.3003323,2.0,-2.0,-78.0
1777890982.3103323,2.0,1.0,-75.0
1777890982.3203323,0.0,5.0,-75.0
1777890982.3303325,-4.0,4.0,-74.0
1777890982.3403325,-2.0,2.0,-71.0
1777890982.3503325,0.0,1.0,-69.0
1777890982.3603325,-1.0,-1.0,-79.0
1777890982.3703325,1.0,0.0,-73.0
1777890982.3803325,0.0,-1.0,-68.0
1777890982.3903325,-4.0,-3.0,-74.0
1777890982.4003325,-6.0,-7.0,-75.0
1777890982.4103324,-2.0,-6.0,-79.0
1777890982.4203324,1.0,-6.0,-70.0
1777890982.4303324,0.0,-7.0,-75.0
1777890982.4403324,4.0,-6.0,-78.0
1777890982.4503324,1.0,-3.0,-81.0
1777890982.4603324,0.0,-1.0,-85.0
1777890982.4703324,1.0,-1.0,-84.0
1777890982.4803324,0.0,1.0,-74.0
1777890982.4903324,-1.0,-2.0,-71.0
1777890982.5003324,0.0,-3.0,-72.0
1777890982.5103323,0.0,-2.0,-68.0
1777890982.5203323,-1.0,-4.0,-67.0
1777890982.5303323,1.0,-7.0,-69.0
1777890982.5403323,4.0,0.0,-63.0
1777890982.5503323,1.0,-3.0,-62.0
1777890982.5603323,1.0,-5.0,-66.0
1777890982.5703323,-4.0,-1.0,-71.0
1777890982.5803325,-1.0,0.0,-76.0
1777890982.5903325,2.0,-3.0,-78.0
1777890982.6003325,4.0,0.0,-76.0
1777890982.6103325,3.0,0.0,-69.0
1777890982.6203325,-1.0,-1.0,-71.0
1777890982.6303325,0.0,-2.0,-72.0
1777890982.6403325,0.0,-2.0,-71.0
1777890982.6503325,1.0,-2.0,-70.0
1777890982.6603324,2.0,-3.0,-73.0
1777890982.6703324,2.0,-4.0,-75.0
1777890982.6803324,-1.0,-3.0,-81.0
1777890982.6903324,0.0,-2.0,-86.0
1777890982.7003324,-4.0,-4.0,-86.0
1777890982.7103324,-1.0,-2.0,-85.0
1777890982.7203324,-2.0,0.0,-77.0
1777890982.7303324,-4.0,0.0,-79.0
1777890982.7403324,-2.0,-4.0,-78.0
1777890982.7503324,-4.0,-1.0,-81.0
1777890982.7603323,-3.0,-2.0,-83.0
1777890982.7703323,0.0,-2.0,-82.0
1777890982.7803323,-2.0,-4.0,-78.0
1777890982.7913325,0.0,-3.0,-79.0
1777890982.8013325,2.0,-3.0,-74.0
1777890982.8113325,-2.0,-6.0,-69.0
1777890982.8213325,-5.0,-4.0,-76.0
1777890982.8313324,-4.0,-4.0,-75.0
1777890982.8413324,-3.0,-1.0,-72.0
1777890982.8513324,-6.0,0.0,-79.0
1777890982.8613324,-10.0,0.0,-79.0
1777890982.8713324,-5.0,0.0,-78.0
1777890982.8813324,-4.0,-5.0,-75.0
1777890982.8913324,-1.0,-5.0,-71.0
1777890982.9013324,0.0,-4.0,-73.0
1777890982.9113324,-3.0,-2.0,-74.0
1777890982.9213324,-2.0,-2.0,-73.0
1777890982.9313323,0.0,3.0,-72.0
1777890982.9413323,0.0,1.0,-81.0
1777890982.9513323,0.0,0.0,-83.0
1777890982.9613323,-2.0,-2.0,-79.0
1777890982.9713323,0.0,0.0,-78.0
1777890982.9813323,1.0,-1.0,-76.0
1777890982.9913323,-1.0,-4.0,-80.0
1777890983.0013323,0.0,-5.0,-86.0
1777890983.0113325,5.0,-5.0,-86.0
1777890983.0213325,7.0,-4.0,-89.0
1777890983.0313325,6.0,-3.0,-86.0
1777890983.0413325,3.0,-3.0,-81.0
1777890983.0513325,6.0,-1.0,-78.0
1777890983.0613325,9.0,-1.0,-64.0
1777890983.0713325,6.0,-2.0,-66.0
1777890983.0813324,4.0,-2.0,-66.0
1777890983.0913324,2.0,-3.0,-66.0
1777890983.1013324,2.0,-5.0,-71.0
1777890983.1113324,2.0,-8.0,-71.0
1777890983.1213324,0.0,-2.0,-64.0
1777890983.1313324,-1.0,-6.0,-70.0
1777890983.1413324,0.0,-10.0,-67.0
1777890983.1513324,0.0,-7.0,-68.0
1777890983.1613324,4.0,-5.0,-69.0
1777890983.1713324,4.0,-6.0,-62.0
1777890983.1813323,3.0,-4.0,-56.0
1777890983.1913323,2.0,-1.0,-57.0
1777890983.2013323,-2.0,-1.0,-61.0
1777890983.2113323,1.0,0.0,-66.0
1777890983.2213323,4.0,-1.0,-64.0
1777890983.2313323,4.0,0.0,-69.0
1777890983.2413323,1.0,0.0,-71.0
1777890983.2513323,-1.0,0.0,-72.0
1777890983.2613325,2.0,0.0,-74.0
1777890983.2713325,3.0,1.0,-73.0
1777890983.2813325,3.0,0.0,-66.0
1777890983.2913325,3.0,2.0,-72.0
1777890983.3013325,1.0,7.0,-72.0
1777890983.3113325,0.0,3.0,-74.0
1777890983.3213325,-3.0,2.0,-77.0
1777890983.3313324,-2.0,2.0,-78.0
1777890983.3413324,-1.0,2.0,-74.0
1777890983.3513324,-2.0,1.0,-70.0
1777890983.3613324,-4.0,1.0,-74.0
1777890983.3713324,-2.0,-1.0,-78.0
1777890983.3813324,1.0,-1.0,-75.0
1777890983.3913324,2.0,1.0,-74.0
1777890983.4013324,1.0,0.0,-74.0
1777890983.4113324,1.0,0.0,-83.0
1777890983.4213324,-3.0,0.0,-84.0
1777890983.4313323,-4.0,-4.0,-78.0
1777890983.4413323,-2.0,-1.0,-72.0
1777890983.4513323,-2.0,2.0,-73.0
1777890983.4613323,-4.0,4.0,-75.0
1777890983.4713323,-4.0,0.0,-73.0
1777890983.4813323,-5.0,2.0,-76.0
1777890983.4913323,-7.0,1.0,-80.0
1777890983.5013323,-1.0,-4.0,-76.0
1777890983.5113325,-3.0,-5.0,-79.0
1777890983.5213325,0.0,-4.0,-81.0
1777890983.5313325,-1.0,-5.0,-84.0
1777890983.5413325,-3.0,-5.0,-78.0
1777890983.5513325,3.0,-6.0,-75.0
1777890983.5613325,6.0,-1.0,-77.0
1777890983.5713325,5.0,-3.0,-76.0
1777890983.5813324,3.0,-2.0,-74.0
1777890983.5913324,3.0,3.0,-74.0
1777890983.6013324,3.0,5.0,-73.0
1777890983.6113324,2.0,5.0,-75.0
1777890983.6213324,5.0,2.0,-71.0
1777890983.6313324,3.0,0.0,-68.0
1777890983.6413324,2.0,-2.0,-70.0
1777890983.6513324,1.0,-1.0,-76.0
1777890983.6613324,-2.0,0.0,-77.0
1777890983.6713324,-1.0,1.0,-79.0
1777890983.6813323,-2.0,4.0,-80.0
1777890983.6913323,-4.0,1.0,-79.0
1777890983.7013323,-5.0,0.0,-80.0
1777890983.7113323,-3.0,4.0,-74.0
1777890983.7213323,-1.0,0.0,-75.0
1777890983.7313323,-1.0,0.0,-80.0
1777890983.7413323,-7.0,3.0,-82.0
1777890983.7513323,-9.0,1.0,-81.0
1777890983.7613325,-9.0,2.0,-78.0
1777890983.7713325,-10.0,4.0,-79.0
1777890983.7813325,-13.0,2.0,-76.0
1777890983.7913325,-11.0,6.0,-68.0
1777890983.8013325,-6.0,4.0,-68.0
1777890983.8113325,-7.0,1.0,-65.0
1777890983.8213325,-3.0,0.0,-67.0
1777890983.8313324,0.0,-2.0,-66.0
1777890983.8413324,0.0,0.0,-71.0
1777890983.8513324,2.0,2.0,-76.0
1777890983.8613324,3.0,-1.0,-77.0
1777890983.8713324,3.0,-4.0,-77.0
1777890983.8813324,0.0,-5.0,-74.0
1777890983.8913324,0.0,-3.0,-76.0
1777890983.9013324,-1.0,-2.0,-83.0
1777890983.9113324,0.0,-2.0,-79.0
1777890983.9213324,0.0,0.0,-82.0
1777890983.9313323,0.0,2.0,-80.0
1777890983.9413323,2.0,1.0,-74.0
1777890983.9513323,0.0,1.0,-74.0
1777890983.9613323,4.0,-2.0,-73.0
1777890983.9713323,4.0,0.0,-69.0
1777890983.9813323,3.0,1.0,-69.0
1777890983.9913323,1.0,0.0,-66.0
1777890984.0013323,4.0,-3.0,-65.0
1777890984.0113325,6.0,-3.0,-62.0
1777890984.0213325,4.0,-2.0,-66.0
1777890984.0313325,3.0,-2.0,-74.0
1777890984.0413325,5.0,-3.0,-68.0
1777890984.0513325,3.0,0.0,-75.0
1777890984.0613325,1.0,-3.0,-73.0
1777890984.0713325,0.0,0.0,-74.0
1777890984.0813324,2.0,1.0,-65.0
1777890984.0913324,5.0,4.0,-70.0
1777890984.1013324,6.0,2.0,-63.0
1777890984.1113324,0.0,3.0,-62.0
1777890984.1213324,0.0,5.0,-59.0
1777890984.1313324,3.0,5.0,-56.0
1777890984.1413324,4.0,4.0,-54.0
1777890984.1513324,2.0,4.0,-56.0
1777890984.1613324,3.0,2.0,-62.0
1777890984.1713324,11.0,3.0,-62.0
1777890984.1813323,9.0,2.0,-65.0
1777890984.1913323,4.0,0.0,-61.0
1777890984.2013323,0.0,0.0,-62.0
1777890984.2113323,1.0,0.0,-64.0
1777890984.2213323,0.0,2.0,-66.0
1777890984.2313323,0.0,-1.0,-69.0
1777890984.2413323,-2.0,1.0,-73.0
1777890984.2513323,-3.0,2.0,-73.0
1777890984.2613325,-6.0,1.0,-72.0
1777890984.2713325,-3.0,4.0,-70.0
1777890984.2813325,-5.0,1.0,-72.0
1777890984.2913325,-5.0,-2.0,-73.0
1777890984.3013325,-2.0,0.0,-72.0
1777890984.3113325,0.0,-1.0,-81.0
1777890984.3213325,0.0,-3.0,-80.0
1777890984.3313324,-1.0,-6.0,-76.0
1777890984.3413324,1.0,-6.0,-77.0
1777890984.3513324,0.0,-6.0,-84.0
1777890984.3613324,4.0,-3.0,-83.0
1777890984.3713324,5.0,-8.0,-79.0
1777890984.3813324,2.0,-6.0,-80.0
1777890984.3913324,0.0,-7.0,-77.0
1777890984.4013324,4.0,-8.0,-74.0
1777890984.4113324,2.0,-9.0,-76.0
1777890984.4213324,4.0,-10.0,-70.0
1777890984.4313323,4.0,-3.0,-71.0
1777890984.4413323,4.0,-1.0,-74.0
1777890984.4513323,3.0,0.0,-75.0
1777890984.4613323,4.0,0.0,-70.0
1777890984.4713323,0.0,-1.0,-68.0
1777890984.4813323,2.0,0.0,-69.0
1777890984.4913323,3.0,2.0,-76.0
1777890984.5013323,1.0,0.0,-69.0
1777890984.5113325,3.0,0.0,-70.0
1777890984.5213325,4.0,1.0,-63.0
1777890984.5313325,1.0,2.0,-68.0
1777890984.5413325,0.0,1.0,-71.0
1777890984.5513325,2.0,-1.0,-69.0
1777890984.5613325,5.0,0.0,-67.0
1777890984.5713325,9.0,-1.0,-67.0
1777890984.5813324,6.0,1.0,-64.0
1777890984.5913324,8.0,1.0,-64.0
1777890984.6013324,9.0,1.0,-68.0
1777890984.6113324,4.0,0.0,-71.0
1777890984.6213324,2.0,-2.0,-71.0
1777890984.6313324,2.0,0.0,-74.0
1777890984.6413324,1.0,0.0,-81.0
1777890984.6513324,0.0,-1.0,-72.0
1777890984.6613324,6.0,-1.0,-75.0
1777890984.6713324,7.0,-1.0,-75.0
1777890984.6813323,0.0,-2.0,-81.0
1777890984.6913323,2.0,-4.0,-78.0
1777890984.7013323,-4.0,-1.0,-73.0
1777890984.7113323,-9.0,-7.0,-68.0
1777890984.7213323,-7.0,-8.0,-69.0
1777890984.7313323,-4.0,-3.0,-73.0
1777890984.7413323,-6.0,0.0,-76.0
1777890984.7513323,-4.0,0.0,-78.0
1777890984.7613325,-1.0,1.0,-74.0
1777890984.7723324,0.0,3.0,-66.0
1777890984.7823324,3.0,2.0,-60.0
1777890984.7913325,3.0,2.0,-63.0
1777890984.8023324,5.0,1.0,-66.0
1777890984.8123324,7.0,1.0,-69.0
1777890984.8223324,6.0,0.0,-70.0
1777890984.8323324,6.0,-2.0,-71.0
1777890984.8423324,3.0,-2.0,-75.0
1777890984.8523324,0.0,-3.0,-81.0
1777890984.8623323,-1.0,-4.0,-83.0
1777890984.8723323,-5.0,-5.0,-74.0
1777890984.8823323,-3.0,-2.0,-71.0
1777890984.8923323,-3.0,0.0,-71.0
1777890984.9023323,-1.0,0.0,-69.0
1777890984.9123323,0.0,0.0,-74.0
1777890984.9223323,2.0,3.0,-73.0
1777890984.9323325,3.0,3.0,-74.0
1777890984.9423325,3.0,5.0,-74.0
1777890984.9523325,5.0,3.0,-70.0
1777890984.9623325,2.0,-1.0,-71.0
1777890984.9723325,0.0,-2.0,-71.0
1777890984.9823325,2.0,-3.0,-72.0
1777890984.9923325,5.0,-3.0,-73.0
1777890985.0023324,7.0,-3.0,-77.0
1777890985.0123324,8.0,-6.0,-78.0
1777890985.0223324,3.0,-8.0,-73.0
1777890985.0323324,2.0,-7.0,-78.0
1777890985.0423324,-2.0,-5.0,-84.0
1777890985.0523324,-2.0,-3.0,-90.0
1777890985.0623324,0.0,-1.0,-84.0
1777890985.0723324,-4.0,-2.0,-77.0
1777890985.0823324,-2.0,0.0,-75.0
1777890985.0923324,1.0,-2.0,-76.0
1777890985.1023324,0.0,0.0,-69.0
1777890985.1123323,1.0,0.0,-67.0
1777890985.1223323,-4.0,-1.0,-76.0
1777890985.1323323,-8.0,-7.0,-75.0
1777890985.1423323,-9.0,-7.0,-72.0
1777890985.1523323,-3.0,-7.0,-73.0
1777890985.1623323,-8.0,-7.0,-69.0
1777890985.1723323,-7.0,-8.0,-69.0
1777890985.1823325,-3.0,-6.0,-68.0
1777890985.1923325,-2.0,-3.0,-74.0
1777890985.2023325,-2.0,-2.0,-78.0
1777890985.2123325,-5.0,0.0,-78.0
1777890985.2223325,0.0,-1.0,-81.0
1777890985.2323325,0.0,0.0,-74.0
1777890985.2423325,-1.0,2.0,-71.0
1777890985.2523324,-3.0,3.0,-67.0
1777890985.2623324,0.0,0.0,-69.0
1777890985.2723324,4.0,-5.0,-66.0
1777890985.2823324,9.0,-2.0,-60.0
1777890985.2923324,6.0,0.0,-63.0
1777890985.3023324,6.0,1.0,-58.0
1777890985.3123324,3.0,0.0,-61.0
1777890985.3223324,-1.0,3.0,-68.0
1777890985.3323324,-2.0,1.0,-68.0
1777890985.3423324,-2.0,0.0,-67.0
1777890985.3523324,-2.0,-1.0,-70.0
1777890985.3623323,-2.0,-1.0,-63.0
1777890985.3723323,0.0,-4.0,-65.0
1777890985.3823323,2.0,-5.0,-64.0
1777890985.3923323,0.0,-7.0,-64.0
1777890985.4023323,-2.0,-6.0,-66.0
1777890985.4123323,-1.0,-2.0,-70.0
1777890985.4223323,2.0,-4.0,-70.0
1777890985.4323325,2.0,-3.0,-70.0
1777890985.4423325,1.0,-1.0,-72.0
1777890985.4523325,3.0,-4.0,-75.0
1777890985.4623325,4.0,-6.0,-71.0
1777890985.4723325,4.0,-5.0,-74.0
1777890985.4823325,3.0,-7.0,-76.0
1777890985.4923325,4.0,-5.0,-73.0
1777890985.5023324,5.0,-3.0,-66.0
1777890985.5123324,6.0,-1.0,-71.0
1777890985.5223324,8.0,-2.0,-72.0
1777890985.5323324,7.0,0.0,-70.0
1777890985.5423324,6.0,0.0,-67.0
1777890985.5523324,7.0,3.0,-66.0
1777890985.5623324,6.0,0.0,-71.0
1777890985.5723324,5.0,0.0,-70.0
1777890985.5823324,-3.0,2.0,-68.0
1777890985.5923324,-4.0,0.0,-60.0
1777890985.6023324,-6.0,0.0,-60.0
1777890985.6123323,0.0,3.0,-62.0
1777890985.6223323,-2.0,4.0,-64.0
1777890985.6323323,1.0,3.0,-61.0
1777890985.6423323,6.0,2.0,-66.0
1777890985.6523323,5.0,0.0,-67.0
1777890985.6623323,1.0,-1.0,-63.0
1777890985.6723323,0.0,0.0,-64.0
1777890985.6823325,-1.0,-4.0,-66.0
1777890985.6923325,-4.0,-3.0,-63.0
1777890985.7023325,-3.0,-4.0,-67.0
1777890985.7123325,-5.0,-2.0,-70.0
1777890985.7223325,-5.0,-1.0,-75.0
1777890985.7323325,-3.0,0.0,-81.0
1777890985.7423325,-3.0,2.0,-77.0
1777890985.7523324,-1.0,-2.0,-73.0
1777890985.7623324,0.0,-5.0,-76.0
1777890985.7723324,-3.0,-7.0,-79.0
1777890985.7823324,-7.0,-4.0,-78.0
1777890985.7923324,0.0,-1.0,-69.0
1777890985.8023324,0.0,-4.0,-65.0
1777890985.8123324,-1.0,0.0,-66.0
1777890985.8223324,-1.0,0.0,-66.0
1777890985.8323324,0.0,2.0,-68.0
1777890985.8423324,3.0,2.0,-67.0
1777890985.8523324,-2.0,1.0,-69.0
1777890985.8623323,-7.0,0.0,-68.0
1777890985.8723323,-3.0,0.0,-66.0
1777890985.8823323,-4.0,4.0,-66.0
1777890985.8923323,-6.0,0.0,-65.0
1777890985.9023323,-6.0,-3.0,-65.0
1777890985.9123323,-5.0,-1.0,-68.0
1777890985.9223323,-2.0,-2.0,-65.0
1777890985.9323325,-5.0,-5.0,-72.0
1777890985.9423325,-7.0,-6.0,-69.0
1777890985.9523325,-4.0,-2.0,-64.0
1777890985.9623325,-1.0,-5.0,-63.0
1777890985.9723325,-1.0,-1.0,-67.0
1777890985.9823325,-3.0,-2.0,-64.0
1777890985.9923325,-5.0,0.0,-69.0
1777890986.0023324,-10.0,1.0,-71.0
1777890986.0123324,-4.0,-1.0,-61.0
1777890986.0223324,-6.0,-4.0,-62.0
1777890986.0323324,-5.0,-2.0,-70.0
1777890986.0423324,1.0,-1.0,-72.0
1777890986.0523324,8.0,0.0,-74.0
1777890986.0623324,9.0,-1.0,-70.0
1777890986.0723324,7.0,-1.0,-72.0
1777890986.0823324,3.0,-3.0,-68.0
1777890986.0923324,0.0,0.0,-79.0
1777890986.1023324,-1.0,0.0,-78.0
1777890986.1123323,0.0,-1.0,-77.0
1777890986.1223323,1.0,1.0,-76.0
1777890986.1323323,3.0,-2.0,-75.0
1777890986.1423323,5.0,-2.0,-70.0
1777890986.1523323,2.0,-2.0,-68.0
1777890986.1623323,-2.0,-3.0,-72.0
1777890986.1723323,0.0,-1.0,-70.0
1777890986.1823325,-1.0,0.0,-68.0
1777890986.1923325,2.0,-2.0,-69.0
1777890986.2023325,2.0,-1.0,-73.0
1777890986.2123325,3.0,2.0,-72.0
1777890986.2223325,0.0,6.0,-74.0
1777890986.2323325,1.0,0.0,-75.0
1777890986.2423325,0.0,2.0,-75.0
1777890986.2523324,5.0,1.0,-72.0
1777890986.2623324,2.0,-3.0,-75.0
1777890986.2723324,0.0,0.0,-71.0
1777890986.2823324,0.0,-3.0,-70.0
1777890986.2923324,0.0,-3.0,-70.0
1777890986.3023324,3.0,-1.0,-70.0
1777890986.3123324,6.0,0.0,-67.0
1777890986.3223324,3.0,1.0,-65.0
1777890986.3323324,1.0,-1.0,-66.0
1777890986.3423324,0.0,-2.0,-65.0
1777890986.3523324,-2.0,-5.0,-60.0
1777890986.3623323,-2.0,-3.0,-63.0
1777890986.3723323,0.0,1.0,-68.0
1777890986.3823323,4.0,1.0,-65.0
1777890986.3923323,8.0,-3.0,-64.0
1777890986.4023323,6.0,-1.0,-64.0
1777890986.4123323,6.0,-3.0,-64.0
1777890986.4223323,10.0,-5.0,-66.0
1777890986.4323325,9.0,-2.0,-66.0
1777890986.4423325,4.0,1.0,-69.0
1777890986.4523325,2.0,-3.0,-60.0
1777890986.4623325,-5.0,-2.0,-63.0
1777890986.4723325,-3.0,-6.0,-60.0
1777890986.4823325,0.0,-7.0,-56.0
1777890986.4923325,0.0,-3.0,-56.0
1777890986.5023324,3.0,-5.0,-56.0
1777890986.5123324,0.0,-2.0,-53.0
1777890986.5223324,-4.0,0.0,-56.0
1777890986.5323324,-6.0,0.0,-62.0
1777890986.5423324,-6.0,0.0,-62.0
1777890986.5523324,-3.0,2.0,-60.0
1777890986.5623324,-3.0,0.0,-62.0
1777890986.5723324,-2.0,3.0,-63.0
1777890986.5823324,-1.0,2.0,-61.0
1777890986.5923324,-1.0,0.0,-76.0
1777890986.6023324,1.0,0.0,-77.0
1777890986.6123323,-1.0,0.0,-72.0
1777890986.6223323,-2.0,0.0,-68.0
1777890986.6323323,-2.0,1.0,-61.0
1777890986.6423323,-1.0,0.0,-58.0
1777890986.6523323,-3.0,0.0,-67.0
1777890986.6623323,-4.0,-1.0,-73.0
1777890986.6723323,-6.0,-1.0,-77.0
1777890986.6823325,-3.0,-3.0,-76.0
1777890986.6923325,0.0,-3.0,-78.0
1777890986.7023325,1.0,-3.0,-79.0
1777890986.7123325,2.0,0.0,-80.0
1777890986.7233324,5.0,0.0,-76.0
1777890986.7333324,6.0,0.0,-76.0
1777890986.7423325,3.0,0.0,-79.0
1777890986.7523324,2.0,3.0,-81.0
1777890986.7633324,2.0,4.0,-75.0
1777890986.7733324,1.0,3.0,-76.0
1777890986.7833323,0.0,5.0,-81.0
1777890986.7933323,1.0,0.0,-76.0
1777890986.8033323,1.0,0.0,-72.0
1777890986.8133323,0.0,4.0,-75.0
1777890986.8233323,2.0,1.0,-72.0
1777890986.8333323,3.0,2.0,-82.0
1777890986.8433323,0.0,2.0,-91.0
1777890986.8533323,0.0,0.0,-89.0
1777890986.8633325,-2.0,1.0,-81.0
1777890986.8733325,-1.0,-1.0,-87.0
1777890986.8833325,-3.0,-3.0,-82.0
1777890986.8933325,-1.0,-2.0,-74.0
1777890986.9033325,3.0,0.0,-66.0
1777890986.9133325,6.0,-3.0,-66.0
1777890986.9233325,2.0,-8.0,-65.0
1777890986.9333324,4.0,-11.0,-66.0
1777890986.9433324,7.0,-6.0,-74.0
1777890986.9533324,1.0,-7.0,-71.0
1777890986.9633324,1.0,-5.0,-65.0
1777890986.9733324,5.0,-2.0,-69.0
1777890986.9833324,5.0,-2.0,-75.0
1777890986.9933324,1.0,0.0,-67.0
1777890987.0033324,0.0,3.0,-66.0
1777890987.0133324,3.0,5.0,-68.0
1777890987.0233324,0.0,2.0,-61.0
1777890987.0333323,-1.0,0.0,-62.0
1777890987.0433323,0.0,1.0,-67.0
1777890987.0533323,2.0,0.0,-68.0
1777890987.0633323,1.0,-1.0,-71.0
1777890987.0733323,3.0,-6.0,-69.0
1777890987.0833323,4.0,-5.0,-71.0
1777890987.0933323,5.0,-4.0,-66.0
1777890987.1033323,3.0,-2.0,-66.0
1777890987.1133325,-1.0,-1.0,-74.0
1777890987.1233325,0.0,0.0,-76.0
1777890987.1333325,0.0,0.0,-72.0
1777890987.1433325,3.0,-1.0,-71.0
1777890987.1533325,7.0,-5.0,-74.0
1777890987.1633325,5.0,-5.0,-76.0
1777890987.1733325,0.0,-5.0,-80.0
1777890987.1833324,-2.0,-3.0,-79.0
1777890987.1933324,0.0,-3.0,-76.0
1777890987.2033324,2.0,-1.0,-68.0
1777890987.2133324,1.0,0.0,-64.0
1777890987.2233324,0.0,1.0,-63.0
1777890987.2333324,-2.0,2.0,-64.0
1777890987.2433324,2.0,0.0,-72.0
1777890987.2533324,6.0,-2.0,-74.0
1777890987.2633324,6.0,2.0,-75.0
1777890987.2733324,5.0,4.0,-77.0
1777890987.2833323,1.0,5.0,-75.0
1777890987.2933323,3.0,1.0,-72.0
1777890987.3033323,0.0,0.0,-73.0
1777890987.3133323,0.0,4.0,-77.0
1777890987.3233323,2.0,8.0,-64.0
1777890987.3333323,2.0,9.0,-66.0
1777890987.3433323,1.0,4.0,-71.0
1777890987.3533323,0.0,6.0,-73.0
1777890987.3633325,-4.0,6.0,-73.0
1777890987.3733325,-1.0,6.0,-71.0
1777890987.3833325,0.0,8.0,-72.0
1777890987.3933325,-2.0,5.0,-78.0
1777890987.4033325,0.0,5.0,-75.0
1777890987.4133325,0.0,4.0,-77.0
1777890987.4233325,4.0,0.0,-78.0
1777890987.4333324,2.0,-1.0,-75.0
1777890987.4433324,2.0,-6.0,-74.0
1777890987.4533324,5.0,-2.0,-73.0
1777890987.4633324,5.0,0.0,-73.0
1777890987.4733324,5.0,-2.0,-74.0
1777890987.4833324,1.0,0.0,-70.0
1777890987.4933324,2.0,2.0,-67.0
1777890987.5033324,5.0,5.0,-72.0
1777890987.5133324,6.0,2.0,-72.0
1777890987.5233324,2.0,-2.0,-67.0
1777890987.5333323,2.0,-3.0,-69.0
1777890987.5433323,0.0,-5.0,-73.0
1777890987.5533323,4.0,-4.0,-81.0
1777890987.5633323,2.0,-7.0,-80.0
1777890987.5733323,2.0,-3.0,-77.0
1777890987.5833323,2.0,-3.0,-68.0
1777890987.5933323,-2.0,-1.0,-66.0
1777890987.6033323,0.0,0.0,-70.0
1777890987.6133325,0.0,-1.0,-70.0
1777890987.6233325,1.0,0.0,-67.0
1777890987.6333325,-1.0,-1.0,-63.0
1777890987.6433325,-5.0,-5.0,-64.0
1777890987.6533325,-5.0,-1.0,-62.0
1777890987.6633325,-2.0,1.0,-63.0
1777890987.6733325,0.0,-2.0,-61.0
1777890987.6833324,-1.0,-1.0,-67.0
1777890987.6933324,0.0,-3.0,-65.0
1777890987.7033324,1.0,-2.0,-63.0
1777890987.7133324,1.0,0.0,-68.0
1777890987.7233324,4.0,0.0,-77.0
1777890987.7333324,6.0,0.0,-77.0
1777890987.7433324,-1.0,-1.0,-77.0
1777890987.7533324,-3.0,0.0,-73.0
1777890987.7633324,-5.0,0.0,-67.0
1777890987.7733324,-5.0,0.0,-66.0
1777890987.7833323,-2.0,-1.0,-71.0
1777890987.7933323,0.0,-1.0,-73.0
1777890987.8033323,2.0,-1.0,-66.0
1777890987.8133323,0.0,3.0,-66.0
1777890987.8233323,0.0,4.0,-65.0
1777890987.8333323,2.0,-1.0,-64.0
1777890987.8433323,4.0,-4.0,-61.0
1777890987.8533323,0.0,-6.0,-67.0
1777890987.8633325,0.0,-7.0,-68.0
1777890987.8733325,-3.0,-9.0,-67.0
1777890987.8833325,-3.0,-11.0,-71.0
1777890987.8933325,-4.0,-12.0,-74.0
1777890987.9033325,-7.0,-9.0,-79.0
1777890987.9133325,-4.0,-11.0,-74.0
1777890987.9233325,-1.0,-7.0,-73.0
1777890987.9333324,3.0,-5.0,-70.0
1777890987.9433324,7.0,0.0,-69.0
1777890987.9533324,2.0,-2.0,-64.0
1777890987.9633324,5.0,-1.0,-62.0
1777890987.9733324,9.0,0.0,-62.0
1777890987.9833324,8.0,-1.0,-60.0
1777890987.9933324,7.0,0.0,-65.0
1777890988.0033324,6.0,0.0,-67.0
1777890988.0133324,4.0,0.0,-70.0
1777890988.0233324,2.0,0.0,-70.0
1777890988.0333323,0.0,3.0,-73.0
1777890988.0433323,-2.0,0.0,-76.0
1777890988.0533323,-3.0,0.0,-80.0
1777890988.0633323,-4.0,0.0,-85.0
1777890988.0733323,-1.0,1.0,-86.0
1777890988.0833323,1.0,1.0,-89.0
1777890988.0933323,2.0,3.0,-83.0
1777890988.1033323,2.0,5.0,-76.0
1777890988.1133325,2.0,4.0,-68.0
1777890988.1233325,2.0,0.0,-72.0
1777890988.1333325,3.0,0.0,-80.0
1777890988.1433325,8.0,0.0,-77.0
1777890988.1533325,6.0,-1.0,-79.0
1777890988.1633325,3.0,0.0,-81.0
1777890988.1733325,1.0,4.0,-82.0
1777890988.1833324,3.0,1.0,-83.0
1777890988.1933324,5.0,0.0,-87.0
1777890988.2033324,4.0,0.0,-83.0
1777890988.2133324,6.0,3.0,-71.0
1777890988.2233324,1.0,1.0,-66.0
1777890988.2333324,4.0,2.0,-68.0
1777890988.2433324,2.0,-1.0,-71.0
1777890988.2533324,0.0,1.0,-75.0
1777890988.2633324,1.0,1.0,-82.0
1777890988.2733324,2.0,3.0,-80.0
1777890988.2833323,5.0,2.0,-77.0
1777890988.2933323,5.0,5.0,-78.0
1777890988.3033323,7.0,2.0,-80.0
1777890988.3133323,7.0,-4.0,-79.0
1777890988.3233323,5.0,-1.0,-86.0
1777890988.3333323,5.0,2.0,-85.0
1777890988.3433323,5.0,0.0,-81.0
1777890988.3533323,4.0,-4.0,-80.0
1777890988.3633325,3.0,-5.0,-73.0
1777890988.3733325,1.0,-1.0,-69.0
1777890988.3833325,5.0,0.0,-75.0
1777890988.3933325,5.0,-4.0,-86.0
1777890988.4033325,3.0,0.0,-83.0
1777890988.4133325,8.0,3.0,-81.0
1777890988.4233325,12.0,5.0,-78.0
1777890988.4333324,8.0,1.0,-77.0
1777890988.4433324,11.0,0.0,-77.0
1777890988.4533324,11.0,-1.0,-79.0
1777890988.4633324,10.0,0.0,-80.0
1777890988.4733324,5.0,-1.0,-80.0
1777890988.4833324,4.0,-2.0,-74.0
1777890988.4933324,6.0,-3.0,-72.0
1777890988.5033324,7.0,-3.0,-73.0
1777890988.5133324,4.0,-2.0,-64.0
1777890988.5233324,7.0,-2.0,-60.0
1777890988.5333323,3.0,1.0,-65.0
1777890988.5433323,1.0,4.0,-68.0
1777890988.5533323,2.0,6.0,-68.0
1777890988.5633323,1.0,2.0,-72.0
1777890988.5733323,3.0,2.0,-78.0
1777890988.5833323,1.0,3.0,-72.0
1777890988.5933323,-3.0,2.0,-72.0
1777890988.6033323,-1.0,-1.0,-74.0
1777890988.6133325,0.0,-2.0,-72.0
1777890988.6233325,1.0,-1.0,-69.0
1777890988.6333325,4.0,0.0,-60.0
1777890988.6433325,6.0,0.0,-61.0
1777890988.6533325,0.0,1.0,-66.0
1777890988.6633325,-1.0,2.0,-65.0
1777890988.6733325,2.0,6.0,-66.0
1777890988.6833324,4.0,4.0,-67.0
1777890988.6933324,1.0,0.0,-65.0
1777890988.7033324,1.0,-1.0,-66.0
1777890988.7143323,1.0,-1.0,-68.0
1777890988.7233324,0.0,-3.0,-62.0
1777890988.7333324,1.0,-1.0,-60.0
1777890988.7433324,0.0,-1.0,-63.0
1777890988.7543323,0.0,-1.0,-64.0
1777890988.7643323,0.0,1.0,-73.0
1777890988.7743323,-2.0,-1.0,-74.0
1777890988.7843325,3.0,-2.0,-67.0
1777890988.7943325,2.0,-6.0,-75.0
1777890988.8043325,2.0,-5.0,-76.0
1777890988.8143325,3.0,-2.0,-79.0
1777890988.8243325,6.0,-4.0,-75.0
1777890988.8343325,7.0,-5.0,-71.0
1777890988.8443325,1.0,-5.0,-65.0
1777890988.8543324,2.0,-2.0,-70.0
1777890988.8643324,1.0,-3.0,-73.0
1777890988.8743324,0.0,-1.0,-81.0
1777890988.8843324,2.0,0.0,-80.0
1777890988.8943324,2.0,0.0,-74.0
1777890988.9043324,1.0,1.0,-72.0
1777890988.9143324,-2.0,1.0,-72.0
1777890988.9243324,-2.0,2.0,-76.0
1777890988.9343324,-4.0,2.0,-85.0
1777890988.9443324,-3.0,0.0,-84.0
1777890988.9543324,-1.0,0.0,-81.0
1777890988.9643323,-2.0,1.0,-76.0
1777890988.9743323,-3.0,-3.0,-69.0
1777890988.9843323,-4.0,-4.0,-71.0
1777890988.9943323,-3.0,-3.0,-69.0
1777890989.0043323,-2.0,-3.0,-68.0
1777890989.0143323,0.0,-5.0,-65.0
1777890989.0243323,1.0,-7.0,-64.0
1777890989.0343325,1.0,-4.0,-62.0
1777890989.0443325,1.0,-6.0,-74.0
1777890989.0543325,2.0,-7.0,-73.0
1777890989.0643325,1.0,-6.0,-73.0
1777890989.0743325,2.0,-3.0,-77.0
1777890989.0843325,1.0,-3.0,-74.0
1777890989.0943325,4.0,-7.0,-75.0
1777890989.1043324,1.0,0.0,-63.0
1777890989.1143324,1.0,1.0,-67.0
1777890989.1243324,0.0,0.0,-66.0
1777890989.1343324,3.0,1.0,-69.0
1777890989.1443324,-2.0,0.0,-74.0
1777890989.1543324,-6.0,0.0,-62.0
1777890989.1643324,1.0,0.0,-66.0
1777890989.1743324,5.0,-4.0,-60.0
1777890989.1843324,5.0,-6.0,-56.0
1777890989.1943324,4.0,-5.0,-58.0
1777890989.2043324,5.0,-6.0,-66.0
1777890989.2143323,4.0,-5.0,-67.0
1777890989.2243323,4.0,-1.0,-63.0
1777890989.2343323,1.0,0.0,-67.0
1777890989.2443323,3.0,0.0,-74.0
1777890989.2543323,6.0,0.0,-78.0
1777890989.2643323,5.0,1.0,-74.0
1777890989.2743323,7.0,0.0,-74.0
1777890989.2843325,11.0,0.0,-78.0
1777890989.2943325,12.0,0.0,-81.0
1777890989.3043325,11.0,5.0,-81.0
1777890989.3143325,5.0,4.0,-85.0
1777890989.3243325,7.0,0.0,-87.0
1777890989.3343325,7.0,1.0,-79.0
1777890989.3443325,5.0,3.0,-78.0
1777890989.3543324,2.0,4.0,-80.0
1777890989.3643324,1.0,3.0,-74.0
1777890989.3743324,1.0,0.0,-71.0
1777890989.3843324,3.0,0.0,-70.0
1777890989.3943324,1.0,-1.0,-70.0
1777890989.4043324,1.0,-4.0,-65.0
1777890989.4143324,-4.0,-6.0,-65.0
1777890989.4243324,-3.0,-9.0,-62.0
1777890989.4343324,-1.0,-13.0,-56.0
1777890989.4443324,0.0,-7.0,-54.0
1777890989.4543324,0.0,-4.0,-50.0
1777890989.4643323,-1.0,-5.0,-58.0
1777890989.4743323,4.0,-5.0,-60.0
1777890989.4843323,3.0,-3.0,-66.0
1777890989.4943323,1.0,-1.0,-61.0
1777890989.5043323,3.0,0.0,-71.0
1777890989.5143323,3.0,0.0,-81.0
1777890989.5243323,1.0,0.0,-80.0
1777890989.5343325,2.0,1.0,-80.0
1777890989.5443325,1.0,0.0,-83.0
1777890989.5543325,-3.0,-2.0,-77.0
1777890989.5643325,-1.0,0.0,-73.0
1777890989.5743325,3.0,0.0,-79.0
1777890989.5843325,1.0,0.0,-80.0
1777890989.5943325,2.0,-2.0,-75.0
1777890989.6043324,2.0,-2.0,-76.0
1777890989.6143324,0.0,-1.0,-74.0
1777890989.6243324,2.0,0.0,-72.0
1777890989.6343324,-1.0,0.0,-71.0
1777890989.6443324,-5.0,-5.0,-75.0
1777890989.6543324,-3.0,-2.0,-75.0
1777890989.6643324,-2.0,-3.0,-73.0
1777890989.6743324,0.0,-4.0,-71.0
1777890989.6843324,1.0,-3.0,-70.0
1777890989.6943324,1.0,-8.0,-69.0
1777890989.7043324,-2.0,-8.0,-72.0
1777890989.7143323,-2.0,-3.0,-71.0
1777890989.7243323,-3.0,-3.0,-71.0
1777890989.7343323,0.0,1.0,-73.0
1777890989.7443323,1.0,3.0,-70.0
1777890989.7543323,-1.0,3.0,-73.0
1777890989.7643323,-1.0,5.0,-77.0
1777890989.7743323,-4.0,8.0,-81.0
1777890989.7843325,0.0,4.0,-77.0
1777890989.7943325,-2.0,3.0,-79.0
1777890989.8043325,-2.0,5.0,-68.0
1777890989.8143325,2.0,7.0,-67.0
1777890989.8243325,2.0,3.0,-70.0
1777890989.8343325,4.0,3.0,-68.0
1777890989.8443325,5.0,-5.0,-67.0
1777890989.8543324,4.0,-1.0,-68.0
1777890989.8643324,2.0,-4.0,-67.0
1777890989.8743324,0.0,-3.0,-71.0
1777890989.8843324,-4.0,-3.0,-74.0
1777890989.8943324,-3.0,-1.0,-76.0
1777890989.9043324,0.0,-3.0,-78.0
1777890989.9143324,0.0,-1.0,-69.0
1777890989.9243324,-2.0,2.0,-65.0
1777890989.9343324,-3.0,3.0,-67.0
1777890989.9443324,-6.0,1.0,-70.0
1777890989.9543324,-3.0,3.0,-66.0
1777890989.9643323,-4.0,4.0,-72.0
1777890989.9743323,-1.0,0.0,-74.0
1777890989.9843323,0.0,-2.0,-76.0
1777890989.9943323,3.0,0.0,-74.0
1777890990.0043323,3.0,0.0,-72.0
1777890990.0143323,5.0,-3.0,-76.0
1777890990.0243323,2.0,-3.0,-79.0
1777890990.0343325,0.0,-2.0,-83.0
1777890990.0443325,-3.0,2.0,-80.0
1777890990.0543325,-3.0,0.0,-72.0
1777890990.0643325,-3.0,-5.0,-75.0
1777890990.0743325,-1.0,-4.0,-69.0
1777890990.0843325,-7.0,-1.0,-69.0
1777890990.0943325,-5.0,4.0,-69.0
1777890990.1043324,-1.0,4.0,-69.0
1777890990.1143324,0.0,2.0,-74.0
1777890990.1243324,-1.0,0.0,-73.0
1777890990.1343324,0.0,0.0,-78.0
1777890990.1443324,-1.0,2.0,-75.0
1777890990.1543324,0.0,1.0,-72.0
1777890990.1643324,4.0,2.0,-73.0
1777890990.1743324,4.0,1.0,-70.0
1777890990.1843324,3.0,0.0,-70.0
1777890990.1943324,3.0,2.0,-71.0
1777890990.2043324,2.0,2.0,-73.0
1777890990.2143323,2.0,3.0,-71.0
1777890990.2243323,2.0,1.0,-79.0
1777890990.2343323,5.0,1.0,-79.0
1777890990.2443323,2.0,2.0,-78.0
1777890990.2543323,-1.0,4.0,-72.0
1777890990.2643323,-6.0,2.0,-79.0
1777890990.2743323,-5.0,0.0,-78.0
1777890990.2843325,-4.0,-2.0,-76.0
1777890990.2943325,-1.0,0.0,-81.0
1777890990.3043325,-1.0,1.0,-78.0
1777890990.3143325,0.0,-2.0,-79.0
1777890990.3243325,-1.0,-4.0,-81.0
1777890990.3343325,-2.0,-4.0,-81.0
1777890990.3443325,-1.0,-4.0,-74.0
1777890990.3543324,1.0,1.0,-68.0
1777890990.3643324,0.0,0.0,-65.0
1777890990.3743324,4.0,-4.0,-61.0
1777890990.3843324,7.0,0.0,-68.0
1777890990.3943324,4.0,0.0,-70.0
1777890990.4043324,4.0,2.0,-72.0
1777890990.4143324,0.0,4.0,-70.0
1777890990.4243324,0.0,6.0,-67.0
1777890990.4343324,-1.0,3.0,-70.0
1777890990.4443324,2.0,0.0,-75.0
1777890990.4543324,0.0,-4.0,-79.0
1777890990.4643323,0.0,-6.0,-75.0
1777890990.4743323,2.0,-5.0,-76.0
1777890990.4843323,3.0,-3.0,-79.0
1777890990.4943323,1.0,-4.0,-81.0
1777890990.5043323,1.0,-6.0,-71.0
1777890990.5143323,0.0,-3.0,-67.0
1777890990.5243323,0.0,0.0,-74.0
1777890990.5343325,-4.0,0.0,-73.0
1777890990.5443325,-5.0,-4.0,-70.0
1777890990.5543325,2.0,-6.0,-70.0
1777890990.5643325,0.0,-6.0,-73.0
1777890990.5743325,1.0,-6.0,-80.0
1777890990.5843325,0.0,-6.0,-81.0
1777890990.5943325,0.0,-4.0,-77.0
1777890990.6043324,0.0,-3.0,-77.0
1777890990.6143324,-3.0,-3.0,-78.0
1777890990.6243324,0.0,-7.0,-78.0
1777890990.6343324,-2.0,-8.0,-81.0
1777890990.6443324,-3.0,-9.0,-82.0
1777890990.6543324,-7.0,-3.0,-79.0
1777890990.6643324,-3.0,-1.0,-76.0
1777890990.6743324,-4.0,-2.0,-77.0
1777890990.6843324,-6.0,-2.0,-81.0
1777890990.6943324,-3.0,1.0,-78.0
1777890990.7043324,-2.0,4.0,-76.0
1777890990.7143323,-1.0,1.0,-75.0
1777890990.7243323,2.0,1.0,-70.0
1777890990.7353325,2.0,-1.0,-76.0
1777890990.7453325,0.0,-2.0,-79.0
1777890990.7553325,2.0,-4.0,-81.0
1777890990.7653325,7.0,-2.0,-76.0
1777890990.7753325,8.0,-2.0,-67.0
1777890990.7853324,6.0,0.0,-68.0
1777890990.7953324,5.0,0.0,-69.0
1777890990.8053324,4.0,-5.0,-69.0
1777890990.8153324,4.0,-8.0,-69.0
1777890990.8253324,3.0,-5.0,-74.0
1777890990.8353324,0.0,-2.0,-77.0
1777890990.8453324,-2.0,-1.0,-76.0
1777890990.8553324,1.0,0.0,-69.0
1777890990.8653324,1.0,1.0,-70.0
1777890990.8753324,3.0,1.0,-71.0
1777890990.8853323,1.0,4.0,-80.0
1777890990.8953323,2.0,2.0,-76.0
1777890990.9053323,3.0,-2.0,-75.0
1777890990.9153323,1.0,-3.0,-72.0
1777890990.9253323,-1.0,-3.0,-64.0
1777890990.9353323,0.0,-3.0,-61.0
1777890990.9453323,1.0,-2.0,-60.0
1777890990.9553325,3.0,-2.0,-59.0
1777890990.9653325,3.0,-3.0,-65.0
1777890990.9753325,1.0,-5.0,-64.0
1777890990.9853325,-2.0,-1.0,-64.0
1777890990.9953325,2.0,-3.0,-71.0
1777890991.0053325,6.0,-2.0,-71.0
1777890991.0153325,5.0,-1.0,-72.0
1777890991.0253325,4.0,-1.0,-70.0
1777890991.0353324,3.0,-2.0,-68.0
1777890991.0453324,-5.0,-1.0,-73.0
1777890991.0553324,-12.0,-3.0,-76.0
1777890991.0653324,-11.0,0.0,-77.0
1777890991.0753324,-6.0,4.0,-71.0
1777890991.0853324,-7.0,6.0,-62.0
1777890991.0953324,-3.0,8.0,-65.0
1777890991.1053324,4.0,6.0,-65.0
1777890991.1153324,8.0,0.0,-68.0
1777890991.1253324,3.0,0.0,-70.0
1777890991.1353323,0.0,0.0,-78.0
1777890991.1453323,0.0,2.0,-73.0
1777890991.1553323,1.0,3.0,-70.0
1777890991.1653323,2.0,0.0,-66.0
1777890991.1753323,8.0,0.0,-70.0
1777890991.1853323,8.0,-3.0,-70.0
1777890991.1953323,7.0,-2.0,-75.0
1777890991.2053325,9.0,-1.0,-75.0
1777890991.2153325,13.0,-1.0,-70.0
1777890991.2253325,11.0,-3.0,-69.0
1777890991.2353325,8.0,-1.0,-69.0
1777890991.2453325,7.0,-1.0,-69.0
1777890991.2553325,8.0,-1.0,-76.0
1777890991.2653325,7.0,-1.0,-73.0
1777890991.2753325,9.0,-2.0,-73.0
1777890991.2853324,5.0,-2.0,-74.0
1777890991.2953324,6.0,-5.0,-73.0
1777890991.3053324,4.0,-4.0,-68.0
1777890991.3153324,0.0,-1.0,-72.0
1777890991.3253324,0.0,-5.0,-79.0
1777890991.3353324,-1.0,-6.0,-78.0
1777890991.3453324,-1.0,-3.0,-79.0
1777890991.3553324,-2.0,-6.0,-76.0
1777890991.3653324,-3.0,-2.0,-71.0
1777890991.3753324,-7.0,0.0,-75.0
1777890991.3853323,-4.0,1.0,-77.0
1777890991.3953323,-1.0,2.0,-77.0
1777890991.4053323,0.0,0.0,-79.0
1777890991.4153323,0.0,-3.0,-79.0
1777890991.4253323,0.0,0.0,-78.0
1777890991.4353323,0.0,0.0,-78.0
1777890991.4453323,4.0,1.0,-83.0
1777890991.4553325,1.0,2.0,-80.0
1777890991.4653325,1.0,0.0,-78.0
1777890991.4753325,-2.0,-1.0,-77.0
1777890991.4853325,-6.0,-5.0,-74.0
1777890991.4953325,-7.0,-4.0,-73.0
1777890991.5053325,-3.0,-3.0,-69.0
1777890991.5153325,-3.0,-1.0,-77.0
1777890991.5253325,2.0,-1.0,-76.0
1777890991.5353324,2.0,-3.0,-77.0
1777890991.5453324,0.0,-9.0,-75.0
1777890991.5553324,0.0,-6.0,-79.0
1777890991.5653324,-3.0,-6.0,-76.0
1777890991.5753324,-4.0,-3.0,-84.0
1777890991.5853324,-5.0,-5.0,-88.0
1777890991.5953324,-7.0,-4.0,-79.0
1777890991.6053324,-3.0,-4.0,-78.0
1777890991.6153324,2.0,-3.0,-84.0
1777890991.6253324,1.0,-3.0,-85.0
1777890991.6353323,0.0,0.0,-83.0
1777890991.6453323,-5.0,1.0,-68.0
1777890991.6553323,-7.0,0.0,-72.0
1777890991.6653323,-1.0,3.0,-71.0
1777890991.6753323,1.0,5.0,-77.0
1777890991.6853323,0.0,3.0,-87.0
1777890991.6953323,1.0,1.0,-96.0
1777890991.7053325,3.0,0.0,-91.0
1777890991.7153325,-1.0,0.0,-86.0
1777890991.7253325,-3.0,-2.0,-85.0
1777890991.7353325,0.0,-2.0,-78.0
1777890991.7453325,1.0,-1.0,-81.0
1777890991.7553325,1.0,-1.0,-87.0
1777890991.7653325,1.0,-1.0,-89.0
1777890991.7753325,1.0,-2.0,-83.0
1777890991.7853324,0.0,-2.0,-82.0
1777890991.7953324,5.0,0.0,-81.0
1777890991.8053324,5.0,0.0,-77.0
1777890991.8153324,4.0,1.0,-74.0
1777890991.8253324,6.0,0.0,-69.0
1777890991.8353324,7.0,-1.0,-73.0
1777890991.8453324,3.0,-3.0,-68.0
1777890991.8553324,6.0,-3.0,-69.0
1777890991.8653324,8.0,-1.0,-72.0
1777890991.8753324,8.0,-1.0,-78.0
1777890991.8853323,5.0,-3.0,-73.0
1777890991.8953323,0.0,-3.0,-74.0
1777890991.9053323,0.0,-3.0,-74.0
1777890991.9153323,3.0,-3.0,-72.0
1777890991.9253323,-3.0,-2.0,-63.0
1777890991.9353323,-4.0,-6.0,-75.0
1777890991.9453323,-2.0,-6.0,-78.0
1777890991.9553325,-1.0,-5.0,-76.0
1777890991.9653325,1.0,-3.0,-77.0
1777890991.9753325,1.0,-1.0,-72.0
1777890991.9853325,4.0,0.0,-76.0
1777890991.9953325,3.0,0.0,-77.0
1777890992.0053325,8.0,0.0,-72.0
1777890992.0153325,8.0,0.0,-70.0
1777890992.0253325,11.0,-2.0,-70.0
1777890992.0353324,8.0,-6.0,-73.0
1777890992.0453324,9.0,-2.0,-73.0
1777890992.0553324,7.0,-6.0,-66.0
1777890992.0653324,5.0,-3.0,-71.0
1777890992.0753324,4.0,-2.0,-73.0
1777890992.0853324,1.0,-1.0,-74.0
1777890992.0953324,0.0,-3.0,-73.0
1777890992.1053324,4.0,-3.0,-74.0
1777890992.1153324,5.0,-4.0,-74.0
1777890992.1253324,3.0,-3.0,-78.0
1777890992.1353323,1.0,-1.0,-75.0
1777890992.1453323,0.0,0.0,-72.0
1777890992.1553323,0.0,0.0,-63.0
1777890992.1653323,-1.0,-1.0,-58.0
1777890992.1753323,1.0,1.0,-65.0
1777890992.1853323,0.0,2.0,-66.0
1777890992.1953323,0.0,2.0,-68.0
1777890992.2053325,3.0,0.0,-71.0
1777890992.2153325,2.0,1.0,-72.0
1777890992.2253325,2.0,0.0,-70.0
1777890992.2353325,-1.0,0.0,-72.0
1777890992.2453325,0.0,0.0,-72.0
1777890992.2553325,-2.0,-1.0,-66.0
1777890992.2653325,-1.0,-3.0,-62.0
1777890992.2753325,-5.0,-3.0,-56.0
1777890992.2853324,-9.0,-3.0,-59.0
1777890992.2953324,-5.0,-5.0,-66.0
1777890992.3053324,-10.0,0.0,-65.0
1777890992.3153324,-6.0,0.0,-61.0
1777890992.3253324,-4.0,-3.0,-60.0
1777890992.3353324,-3.0,-2.0,-54.0
1777890992.3453324,-4.0,-4.0,-61.0
1777890992.3553324,-4.0,-5.0,-70.0
1777890992.3653324,-3.0,2.0,-69.0
1777890992.3753324,3.0,4.0,-68.0
1777890992.3853323,1.0,-2.0,-70.0
1777890992.3953323,-3.0,2.0,-78.0
1777890992.4053323,-8.0,4.0,-81.0
1777890992.4153323,-3.0,4.0,-81.0
1777890992.4253323,-1.0,2.0,-76.0
1777890992.4353323,-1.0,1.0,-70.0
1777890992.4453323,0.0,2.0,-72.0
1777890992.4553325,-2.0,2.0,-73.0
1777890992.4653325,3.0,0.0,-72.0
1777890992.4753325,7.0,0.0,-74.0
1777890992.4853325,7.0,0.0,-69.0
1777890992.4953325,6.0,1.0,-64.0
1777890992.5053325,11.0,-3.0,-65.0
1777890992.5153325,9.0,-2.0,-64.0
1777890992.5253325,4.0,-4.0,-64.0
1777890992.5353324,3.0,-3.0,-69.0
1777890992.5453324,5.0,-6.0,-71.0
1777890992.5553324,4.0,-3.0,-71.0
1777890992.5653324,2.0,-2.0,-69.0
1777890992.5753324,0.0,3.0,-68.0
1777890992.5853324,-1.0,2.0,-70.0
1777890992.5953324,3.0,0.0,-72.0
1777890992.6053324,3.0,5.0,-71.0
1777890992.6153324,2.0,0.0,-74.0
1777890992.6253324,3.0,0.0,-80.0
1777890992.6353323,6.0,-4.0,-80.0
1777890992.6453323,4.0,-1.0,-82.0
1777890992.6553323,3.0,0.0,-76.0
1777890992.6653323,4.0,0.0,-73.0
1777890992.6753323,2.0,-2.0,-71.0
1777890992.6853323,0.0,-1.0,-70.0
1777890992.6953323,2.0,-1.0,-75.0
1777890992.7053325,-1.0,-2.0,-74.0
1777890992.7153325,-1.0,-3.0,-72.0
1777890992.7263324,5.0,-4.0,-67.0
1777890992.7353325,1.0,-4.0,-64.0
1777890992.7453325,2.0,-1.0,-66.0
1777890992.7563324,2.0,-1.0,-68.0
1777890992.7663324,-3.0,-2.0,-70.0
1777890992.7763324,-2.0,-2.0,-69.0
1777890992.7863324,-3.0,1.0,-72.0
1777890992.7963324,-2.0,0.0,-72.0
1777890992.8063323,-1.0,-6.0,-75.0
1777890992.8163323,1.0,-9.0,-75.0
1777890992.8263323,2.0,-10.0,-75.0
1777890992.8363323,2.0,-8.0,-75.0
1777890992.8463323,3.0,-10.0,-74.0
1777890992.8563323,-2.0,-7.0,-80.0
1777890992.8663323,-3.0,-6.0,-86.0
1777890992.8763323,-1.0,-3.0,-80.0
1777890992.8863325,0.0,-2.0,-83.0
1777890992.8963325,-3.0,0.0,-84.0
1777890992.9063325,-2.0,-2.0,-83.0
1777890992.9163325,-2.0,0.0,-76.0
1777890992.9263325,-4.0,2.0,-71.0
1777890992.9363325,0.0,1.0,-80.0
1777890992.9463325,1.0,3.0,-86.0
1777890992.9563324,-3.0,1.0,-90.0
1777890992.9663324,-1.0,2.0,-87.0
1777890992.9763324,0.0,1.0,-88.0
1777890992.9863324,1.0,2.0,-83.0
1777890992.9963324,3.0,-1.0,-77.0
1777890993.0063324,1.0,0.0,-76.0
1777890993.0163324,1.0,1.0,-80.0
1777890993.0263324,1.0,0.0,-81.0
1777890993.0363324,0.0,3.0,-75.0
1777890993.0463324,2.0,0.0,-70.0
1777890993.0563323,7.0,1.0,-74.0
1777890993.0663323,7.0,1.0,-74.0
1777890993.0763323,2.0,1.0,-84.0
1777890993.0863323,2.0,-3.0,-84.0
1777890993.0963323,0.0,-3.0,-80.0
1777890993.1063323,4.0,0.0,-72.0
1777890993.1163323,2.0,0.0,-78.0
1777890993.1263323,0.0,0.0,-78.0
1777890993.1363325,0.0,0.0,-71.0
1777890993.1463325,1.0,-2.0,-70.0
1777890993.1563325,0.0,0.0,-66.0
1777890993.1663325,3.0,0.0,-69.0
1777890993.1763325,3.0,0.0,-70.0
1777890993.1863325,3.0,-1.0,-72.0
1777890993.1963325,2.0,-1.0,-77.0
1777890993.2063324,2.0,-6.0,-76.0
1777890993.2163324,3.0,-5.0,-74.0
1777890993.2263324,-1.0,-1.0,-72.0
1777890993.2363324,1.0,-4.0,-76.0
1777890993.2463324,3.0,-1.0,-78.0
1777890993.2563324,2.0,-2.0,-80.0
1777890993.2663324,4.0,-3.0,-78.0
1777890993.2763324,3.0,0.0,-78.0
1777890993.2863324,1.0,0.0,-68.0
1777890993.2963324,0.0,-2.0,-69.0
1777890993.3063323,-1.0,-5.0,-72.0
1777890993.3163323,0.0,-2.0,-76.0
1777890993.3263323,-1.0,2.0,-70.0
1777890993.3363323,-1.0,2.0,-65.0
1777890993.3463323,-1.0,2.0,-73.0
1777890993.3563323,-3.0,0.0,-76.0
1777890993.3663323,-3.0,-2.0,-77.0
1777890993.3763323,-4.0,-4.0,-78.0
1777890993.3863325,0.0,-3.0,-83.0
1777890993.3963325,0.0,1.0,-81.0
1777890993.4063325,1.0,2.0,-81.0
1777890993.4163325,3.0,0.0,-75.0
1777890993.4263325,3.0,1.0,-80.0
1777890993.4363325,4.0,3.0,-80.0
1777890993.4463325,8.0,1.0,-76.0
1777890993.4563324,8.0,0.0,-79.0
1777890993.4663324,9.0,-7.0,-71.0
1777890993.4763324,11.0,-11.0,-67.0
1777890993.4863324,10.0,-10.0,-68.0
1777890993.4963324,9.0,-12.0,-73.0
1777890993.5063324,12.0,-9.0,-74.0
1777890993.5163324,10.0,-6.0,-79.0
1777890993.5263324,9.0,-1.0,-80.0
1777890993.5363324,11.0,0.0,-74.0
1777890993.5463324,10.0,1.0,-75.0
1777890993.5563323,7.0,1.0,-73.0
1777890993.5663323,6.0,0.0,-70.0
1777890993.5763323,1.0,-1.0,-70.0
1777890993.5863323,0.0,2.0,-76.0
1777890993.5963323,0.0,1.0,-74.0
1777890993.6063323,1.0,0.0,-79.0
1777890993.6163323,0.0,0.0,-78.0
1777890993.6263323,1.0,0.0,-76.0
1777890993.6363325,-2.0,0.0,-73.0
1777890993.6463325,-1.0,0.0,-74.0
1777890993.6563325,1.0,3.0,-78.0
1777890993.6663325,0.0,2.0,-78.0
1777890993.6763325,3.0,-1.0,-77.0
1777890993.6863325,5.0,-4.0,-80.0
1777890993.6963325,6.0,-5.0,-75.0
1777890993.7063324,4.0,-3.0,-65.0
1777890993.7163324,5.0,-3.0,-64.0
1777890993.7263324,4.0,-3.0,-66.0
1777890993.7363324,0.0,-2.0,-60.0
1777890993.7463324,-3.0,0.0,-63.0
1777890993.7563324,-2.0,-2.0,-64.0
1777890993.7663324,0.0,-3.0,-66.0
1777890993.7763324,0.0,-4.0,-63.0
1777890993.7863324,2.0,0.0,-63.0
1777890993.7963324,3.0,-2.0,-65.0
1777890993.8063323,1.0,1.0,-66.0
1777890993.8163323,2.0,1.0,-68.0
1777890993.8263323,2.0,3.0,-68.0
1777890993.8363323,2.0,5.0,-73.0
1777890993.8463323,5.0,3.0,-72.0
1777890993.8563323,8.0,1.0,-74.0
1777890993.8663323,10.0,-4.0,-76.0
1777890993.8763323,3.0,-1.0,-69.0
1777890993.8863325,5.0,-2.0,-66.0
1777890993.8963325,4.0,2.0,-59.0
1777890993.9063325,5.0,2.0,-57.0
1777890993.9163325,6.0,2.0,-68.0
1777890993.9263325,7.0,1.0,-72.0
1777890993.9363325,8.0,-4.0,-70.0
1777890993.9463325,3.0,-7.0,-69.0
1777890993.9563324,2.0,-9.0,-64.0
1777890993.9663324,0.0,-10.0,-64.0
1777890993.9763324,-3.0,-5.0,-69.0
1777890993.9863324,0.0,-7.0,-72.0
1777890993.9963324,2.0,-2.0,-75.0
1777890994.0063324,5.0,-2.0,-75.0
1777890994.0163324,1.0,-3.0,-72.0
1777890994.0263324,0.0,-1.0,-76.0
1777890994.0363324,2.0,1.0,-78.0
1777890994.0463324,3.0,2.0,-81.0
1777890994.0563323,4.0,0.0,-76.0
1777890994.0663323,8.0,-4.0,-72.0
1777890994.0763323,6.0,-1.0,-73.0
1777890994.0863323,5.0,0.0,-78.0
1777890994.0963323,4.0,-2.0,-86.0
1777890994.1063323,3.0,4.0,-84.0
1777890994.1163323,1.0,3.0,-79.0
1777890994.1263323,2.0,0.0,-78.0
1777890994.1363325,7.0,0.0,-79.0
1777890994.1463325,7.0,0.0,-77.0
1777890994.1563325,0.0,1.0,-85.0
1777890994.1663325,0.0,0.0,-79.0
1777890994.1763325,0.0,1.0,-80.0
1777890994.1863325,1.0,4.0,-71.0
1777890994.1963325,1.0,5.0,-75.0
1777890994.2063324,1.0,5.0,-71.0
1777890994.2163324,-2.0,4.0,-74.0
1777890994.2263324,0.0,6.0,-74.0
1777890994.2363324,0.0,5.0,-82.0
1777890994.2463324,2.0,4.0,-85.0
1777890994.2563324,2.0,0.0,-80.0
1777890994.2663324,3.0,0.0,-82.0
1777890994.2763324,-1.0,0.0,-77.0
1777890994.2863324,0.0,0.0,-75.0
1777890994.2963324,5.0,-3.0,-74.0
1777890994.3063323,3.0,0.0,-74.0
1777890994.3163323,-1.0,0.0,-67.0
1777890994.3263323,0.0,1.0,-64.0
1777890994.3363323,0.0,-1.0,-61.0
1777890994.3463323,0.0,0.0,-62.0
1777890994.3563323,-2.0,-3.0,-67.0
1777890994.3663323,0.0,-3.0,-67.0
1777890994.3763323,2.0,-5.0,-70.0
1777890994.3863325,4.0,-2.0,-70.0
1777890994.3963325,7.0,-4.0,-71.0
1777890994.4063325,10.0,-3.0,-71.0
1777890994.4163325,13.0,-6.0,-71.0
1777890994.4263325,13.0,-2.0,-74.0
1777890994.4363325,10.0,0.0,-73.0
1777890994.4463325,3.0,2.0,-73.0
1777890994.4563324,-2.0,4.0,-77.0
1777890994.4663324,-3.0,5.0,-72.0
1777890994.4763324,-5.0,3.0,-73.0
1777890994.4863324,-5.0,-1.0,-74.0
1777890994.4963324,0.0,2.0,-74.0
1777890994.5063324,-1.0,2.0,-72.0
1777890994.5163324,1.0,-1.0,-74.0
1777890994.5263324,1.0,0.0,-74.0
1777890994.5363324,3.0,-1.0,-73.0
1777890994.5463324,1.0,-1.0,-71.0
1777890994.5563323,0.0,0.0,-69.0
1777890994.5663323,0.0,-1.0,-69.0
1777890994.5763323,-2.0,-4.0,-73.0
1777890994.5863323,-1.0,-4.0,-78.0
1777890994.5963323,-1.0,-2.0,-72.0
1777890994.6063323,0.0,-3.0,-74.0
1777890994.6163323,2.0,-5.0,-74.0
1777890994.6263323,0.0,-8.0,-78.0
1777890994.6363325,0.0,-7.0,-77.0
1777890994.6463325,-4.0,-5.0,-77.0
1777890994.6563325,-5.0,-5.0,-69.0
1777890994.6673324,-7.0,-5.0,-67.0
1777890994.6763325,-5.0,-4.0,-67.0
1777890994.6873324,-1.0,0.0,-67.0
1777890994.6973324,-2.0,0.0,-61.0
1777890994.7063324,-2.0,-1.0,-58.0
1777890994.7173324,-3.0,0.0,-65.0
1777890994.7273324,0.0,0.0,-65.0
1777890994.7373323,4.0,0.0,-63.0
1777890994.7473323,2.0,0.0,-67.0
1777890994.7573323,5.0,-3.0,-65.0
1777890994.7673323,11.0,-4.0,-62.0
1777890994.7773323,9.0,-3.0,-60.0
1777890994.7873323,5.0,0.0,-62.0
1777890994.7973323,4.0,1.0,-65.0
1777890994.8073325,2.0,-2.0,-68.0
1777890994.8173325,0.0,-2.0,-71.0
1777890994.8273325,1.0,0.0,-73.0
1777890994.8373325,0.0,2.0,-73.0
1777890994.8483324,-4.0,2.0,-78.0
1777890994.8573325,2.0,4.0,-79.0
1777890994.8673325,0.0,3.0,-81.0
1777890994.8773324,-1.0,3.0,-78.0
1777890994.8873324,-3.0,-3.0,-81.0
1777890994.8973324,-5.0,-2.0,-80.0
1777890994.9073324,-6.0,-2.0,-84.0
1777890994.9173324,-4.0,-2.0,-77.0
1777890994.9273324,-2.0,0.0,-66.0
1777890994.9373324,6.0,-3.0,-65.0
1777890994.9473324,9.0,-4.0,-65.0
1777890994.9573324,6.0,-2.0,-74.0
1777890994.9673324,5.0,-1.0,-67.0
1777890994.9773324,9.0,2.0,-64.0
1777890994.9873323,7.0,1.0,-67.0
1777890994.9973323,6.0,1.0,-67.0
1777890995.0073323,2.0,1.0,-65.0
1777890995.0173323,3.0,2.0,-62.0
1777890995.0273323,4.0,0.0,-64.0
1777890995.0373323,1.0,0.0,-72.0
1777890995.0473323,-1.0,0.0,-73.0
1777890995.0573325,3.0,0.0,-74.0
1777890995.0673325,2.0,-2.0,-77.0
1777890995.0773325,0.0,-4.0,-81.0
1777890995.0873325,-1.0,-8.0,-81.0
1777890995.0973325,0.0,-10.0,-84.0
1777890995.1073325,1.0,-9.0,-81.0
1777890995.1173325,0.0,-6.0,-78.0
1777890995.1273324,0.0,-4.0,-73.0
1777890995.1373324,0.0,-1.0,-64.0
1777890995.1473324,-1.0,-3.0,-68.0
1777890995.1573324,-2.0,-6.0,-74.0
1777890995.1673324,1.0,-4.0,-74.0
1777890995.1773324,7.0,-4.0,-71.0
1777890995.1873324,8.0,-2.0,-64.0
1777890995.1973324,1.0,-2.0,-66.0
1777890995.2073324,5.0,-6.0,-74.0
1777890995.2173324,4.0,-4.0,-77.0
1777890995.2273324,1.0,-4.0,-77.0
1777890995.2373323,5.0,-5.0,-81.0
1777890995.2473323,5.0,-1.0,-73.0
1777890995.2573323,1.0,-3.0,-68.0
1777890995.2673323,3.0,-6.0,-67.0
1777890995.2773323,-1.0,-4.0,-67.0
1777890995.2873323,-4.0,-1.0,-69.0
1777890995.2973323,-2.0,-1.0,-71.0
1777890995.3073325,-3.0,-3.0,-71.0
1777890995.3173325,-4.0,0.0,-68.0
1777890995.3273325,1.0,0.0,-71.0
1777890995.3373325,0.0,1.0,-76.0
1777890995.3473325,0.0,0.0,-71.0
1777890995.3573325,-1.0,0.0,-71.0
1777890995.3673325,-2.0,1.0,-66.0
1777890995.3773324,-2.0,1.0,-72.0
1777890995.3873324,-1.0,1.0,-66.0
1777890995.3973324,2.0,0.0,-70.0
1777890995.4073324,2.0,0.0,-73.0
1777890995.4173324,5.0,1.0,-75.0
1777890995.4273324,2.0,1.0,-82.0
1777890995.4373324,7.0,1.0,-72.0
1777890995.4473324,7.0,6.0,-66.0
1777890995.4573324,12.0,8.0,-59.0
1777890995.4673324,14.0,1.0,-64.0
1777890995.4773324,9.0,3.0,-71.0
1777890995.4873323,6.0,3.0,-71.0
1777890995.4973323,2.0,-1.0,-64.0
1777890995.5073323,0.0,-3.0,-64.0
1777890995.5173323,5.0,0.0,-69.0
1777890995.5273323,8.0,0.0,-71.0
1777890995.5373323,11.0,-2.0,-74.0
1777890995.5473323,12.0,-3.0,-74.0
1777890995.5573325,10.0,-3.0,-77.0
1777890995.5673325,8.0,-2.0,-68.0
1777890995.5773325,5.0,0.0,-72.0
1777890995.5873325,4.0,0.0,-72.0
1777890995.5973325,3.0,0.0,-71.0
1777890995.6073325,-1.0,2.0,-73.0
1777890995.6173325,-2.0,5.0,-79.0
1777890995.6273324,-3.0,2.0,-78.0
1777890995.6373324,0.0,1.0,-72.0
1777890995.6473324,2.0,2.0,-72.0
1777890995.6573324,2.0,1.0,-76.0
1777890995.6673324,6.0,0.0,-71.0
1777890995.6773324,4.0,1.0,-67.0
1777890995.6873324,6.0,0.0,-65.0
1777890995.6973324,4.0,-3.0,-68.0
1777890995.7073324,3.0,-4.0,-70.0
1777890995.7173324,3.0,-4.0,-67.0
1777890995.7273324,-3.0,-3.0,-67.0
1777890995.7373323,-6.0,-4.0,-71.0
1777890995.7473323,-4.0,-3.0,-77.0
1777890995.7573323,-5.0,-3.0,-81.0
1777890995.7673323,-4.0,-4.0,-78.0
1777890995.7773323,-5.0,-3.0,-68.0
1777890995.7873323,-4.0,-4.0,-69.0
1777890995.7973323,-2.0,-4.0,-71.0
1777890995.8073325,-3.0,-1.0,-69.0
1777890995.8173325,-1.0,-1.0,-64.0
1777890995.8273325,-5.0,-1.0,-65.0
1777890995.8373325,-5.0,0.0,-65.0
1777890995.8473325,-3.0,-1.0,-72.0
1777890995.8573325,-5.0,1.0,-72.0
1777890995.8673325,-3.0,-2.0,-70.0
1777890995.8773324,-4.0,-3.0,-71.0
1777890995.8873324,-5.0,0.0,-73.0
1777890995.8973324,-3.0,0.0,-79.0
1777890995.9073324,-3.0,2.0,-71.0
1777890995.9173324,1.0,5.0,-71.0
1777890995.9273324,-3.0,2.0,-68.0
1777890995.9373324,0.0,-1.0,-64.0
1777890995.9473324,0.0,1.0,-65.0
1777890995.9573324,0.0,0.0,-63.0
1777890995.9673324,-2.0,2.0,-69.0
1777890995.9773324,0.0,1.0,-81.0
1777890995.9873323,0.0,0.0,-83.0
1777890995.9973323,2.0,0.0,-83.0
1777890996.0073323,6.0,-5.0,-76.0
1777890996.0173323,4.0,-2.0,-74.0
1777890996.0273323,1.0,-1.0,-73.0
1777890996.0373323,-1.0,-1.0,-73.0
1777890996.0473323,-5.0,0.0,-71.0
1777890996.0573325,-4.0,-4.0,-73.0
1777890996.0673325,-2.0,-3.0,-72.0
1777890996.0773325,0.0,-5.0,-77.0
1777890996.0873325,-1.0,-1.0,-78.0
1777890996.0973325,4.0,0.0,-77.0
1777890996.1073325,4.0,0.0,-77.0
1777890996.1173325,5.0,-2.0,-76.0
1777890996.1273324,7.0,2.0,-75.0
1777890996.1373324,9.0,4.0,-72.0
1777890996.1473324,6.0,4.0,-67.0
1777890996.1573324,3.0,4.0,-60.0
1777890996.1673324,0.0,0.0,-60.0
1777890996.1773324,2.0,-1.0,-67.0
1777890996.1873324,0.0,-3.0,-68.0
1777890996.1973324,2.0,-1.0,-64.0
1777890996.2073324,3.0,-5.0,-66.0
1777890996.2173324,0.0,-4.0,-68.0
1777890996.2273324,0.0,-3.0,-76.0
1777890996.2373323,-1.0,-5.0,-79.0
1777890996.2473323,-5.0,-7.0,-77.0
1777890996.2573323,-4.0,-2.0,-75.0
1777890996.2673323,-5.0,-6.0,-81.0
1777890996.2773323,-7.0,-2.0,-70.0
1777890996.2873323,-7.0,0.0,-69.0
1777890996.2973323,-5.0,1.0,-78.0
1777890996.3073325,0.0,7.0,-84.0
1777890996.3173325,0.0,11.0,-83.0
1777890996.3273325,6.0,8.0,-82.0
1777890996.3373325,2.0,4.0,-76.0
1777890996.3473325,0.0,2.0,-80.0
1777890996.3573325,2.0,2.0,-69.0
1777890996.3673325,2.0,0.0,-71.0
1777890996.3773324,2.0,2.0,-68.0
1777890996.3873324,2.0,0.0,-74.0
1777890996.3973324,-1.0,-3.0,-69.0
1777890996.4073324,-1.0,-7.0,-75.0
1777890996.4173324,-1.0,-5.0,-74.0
1777890996.4273324,0.0,-1.0,-70.0
1777890996.4373324,2.0,1.0,-73.0
1777890996.4473324,2.0,-4.0,-75.0
1777890996.4573324,0.0,-8.0,-71.0
1777890996.4673324,3.0,-10.0,-67.0
1777890996.4773324,2.0,-7.0,-62.0
1777890996.4873323,1.0,-9.0,-62.0
1777890996.4973323,-1.0,-2.0,-63.0
1777890996.5073323,0.0,2.0,-61.0
1777890996.5173323,-1.0,3.0,-58.0
1777890996.5273323,0.0,0.0,-66.0
1777890996.5373323,-4.0,1.0,-67.0
1777890996.5473323,-2.0,3.0,-65.0
1777890996.5573325,-3.0,4.0,-63.0
1777890996.5673325,-2.0,1.0,-61.0
1777890996.5773325,-4.0,2.0,-69.0
1777890996.5873325,-4.0,3.0,-66.0
1777890996.5973325,-7.0,3.0,-72.0
1777890996.6073325,-8.0,0.0,-73.0
1777890996.6173325,-6.0,0.0,-70.0
1777890996.6273324,-2.0,1.0,-66.0
1777890996.6373324,-4.0,3.0,-68.0
1777890996.6473324,-9.0,1.0,-69.0
1777890996.6583323,-7.0,0.0,-67.0
1777890996.6673324,-5.0,2.0,-64.0
1777890996.6783323,-1.0,0.0,-71.0
1777890996.6883323,0.0,4.0,-71.0
1777890996.6973324,1.0,7.0,-72.0
1777890996.7083323,2.0,6.0,-68.0
1777890996.7183323,5.0,5.0,-69.0
1777890996.7283323,5.0,0.0,-71.0
1777890996.7383325,4.0,4.0,-71.0
1777890996.7483325,2.0,2.0,-70.0
1777890996.7583325,-1.0,3.0,-75.0
1777890996.7683325,1.0,4.0,-78.0
1777890996.7783325,6.0,4.0,-71.0
1777890996.7883325,7.0,0.0,-69.0
1777890996.7983325,4.0,-2.0,-67.0
1777890996.8083324,2.0,-1.0,-73.0
1777890996.8183324,3.0,-1.0,-65.0
1777890996.8283324,4.0,-2.0,-65.0
1777890996.8383324,6.0,-2.0,-63.0
1777890996.8483324,5.0,0.0,-74.0
1777890996.8583324,2.0,2.0,-72.0
1777890996.8683324,3.0,3.0,-74.0
1777890996.8783324,4.0,3.0,-68.0
1777890996.8883324,-2.0,2.0,-72.0
1777890996.8983324,-4.0,0.0,-69.0
1777890996.9083323,0.0,-1.0,-67.0
1777890996.9183323,0.0,-1.0,-65.0
1777890996.9283323,0.0,0.0,-66.0
1777890996.9383323,-1.0,-1.0,-66.0
1777890996.9483323,-9.0,-2.0,-70.0
1777890996.9583323,-5.0,0.0,-76.0
1777890996.9683323,-8.0,3.0,-77.0
1777890996.9783323,-9.0,3.0,-81.0
1777890996.9883325,-8.0,0.0,-78.0
1777890996.9983325,-3.0,1.0,-72.0
1777890997.0083325,1.0,1.0,-72.0
1777890997.0183325,4.0,-2.0,-75.0
1777890997.0283325,5.0,0.0,-74.0
1777890997.0383325,9.0,-2.0,-70.0
1777890997.0483325,8.0,-1.0,-71.0
1777890997.0583324,6.0,-2.0,-67.0
1777890997.0683324,8.0,-2.0,-66.0
1777890997.0783324,6.0,-1.0,-65.0
1777890997.0883324,13.0,0.0,-68.0
1777890997.0983324,12.0,0.0,-80.0
1777890997.1083324,9.0,1.0,-80.0
1777890997.1183324,6.0,0.0,-76.0
1777890997.1283324,0.0,1.0,-79.0
1777890997.1383324,-4.0,0.0,-81.0
1777890997.1483324,0.0,2.0,-86.0
1777890997.1583323,4.0,3.0,-82.0
1777890997.1683323,4.0,0.0,-81.0
1777890997.1783323,5.0,-2.0,-75.0
1777890997.1883323,1.0,-3.0,-70.0
1777890997.1983323,1.0,-4.0,-71.0
1777890997.2083323,-3.0,0.0,-69.0
1777890997.2183323,-1.0,0.0,-72.0
1777890997.2283323,-1.0,0.0,-72.0
1777890997.2383325,5.0,3.0,-78.0
1777890997.2483325,9.0,4.0,-86.0
1777890997.2583325,7.0,0.0,-77.0
1777890997.2683325,9.0,-1.0,-79.0
1777890997.2783325,11.0,-8.0,-72.0
1777890997.2883325,7.0,-7.0,-78.0
1777890997.2983325,9.0,-5.0,-79.0
1777890997.3083324,9.0,-4.0,-78.0
1777890997.3183324,3.0,-6.0,-73.0
1777890997.3283324,4.0,-1.0,-71.0
1777890997.3383324,6.0,4.0,-66.0
1777890997.3483324,4.0,0.0,-65.0
1777890997.3583324,3.0,-1.0,-66.0
1777890997.3683324,4.0,1.0,-72.0
1777890997.3783324,4.0,0.0,-70.0
1777890997.3883324,-3.0,1.0,-75.0
1777890997.3983324,-4.0,-1.0,-76.0
1777890997.4083323,-8.0,0.0,-77.0
1777890997.4183323,-6.0,-1.0,-84.0
1777890997.4283323,-5.0,-6.0,-86.0
1777890997.4383323,-5.0,-4.0,-84.0
1777890997.4483323,1.0,-2.0,-78.0
1777890997.4583323,5.0,-1.0,-79.0
1777890997.4683323,3.0,-1.0,-76.0
1777890997.4783323,8.0,0.0,-77.0
1777890997.4883325,10.0,-3.0,-82.0
1777890997.4983325,9.0,-4.0,-81.0
1777890997.5083325,7.0,-8.0,-76.0
1777890997.5183325,5.0,-6.0,-70.0
1777890997.5283325,5.0,-6.0,-68.0
1777890997.5383325,2.0,-6.0,-72.0
1777890997.5483325,0.0,-6.0,-77.0
1777890997.5583324,0.0,0.0,-73.0
1777890997.5683324,-3.0,-3.0,-69.0
1777890997.5783324,1.0,-2.0,-69.0
1777890997.5883324,0.0,-2.0,-68.0
1777890997.5983324,0.0,-1.0,-71.0
1777890997.6083324,-4.0,-3.0,-61.0
1777890997.6183324,-3.0,0.0,-60.0
1777890997.6283324,0.0,1.0,-66.0
1777890997.6383324,0.0,1.0,-70.0
1777890997.6483324,1.0,1.0,-77.0
1777890997.6583323,1.0,0.0,-78.0
1777890997.6683323,5.0,0.0,-70.0
1777890997.6783323,10.0,5.0,-66.0
1777890997.6883323,5.0,4.0,-71.0
1777890997.6983323,9.0,7.0,-71.0
1777890997.7083323,6.0,4.0,-68.0
1777890997.7183323,5.0,2.0,-69.0
1777890997.7283323,7.0,1.0,-65.0
1777890997.7383325,6.0,3.0,-62.0
1777890997.7483325,3.0,4.0,-74.0
1777890997.7583325,4.0,0.0,-76.0
1777890997.7683325,4.0,0.0,-75.0
1777890997.7783325,0.0,3.0,-72.0
1777890997.7883325,0.0,1.0,-64.0
1777890997.7983325,0.0,3.0,-65.0
1777890997.8083324,1.0,7.0,-68.0
1777890997.8183324,2.0,6.0,-71.0
1777890997.8283324,5.0,3.0,-76.0
1777890997.8383324,0.0,0.0,-78.0
1777890997.8483324,1.0,-1.0,-84.0
1777890997.8583324,0.0,-2.0,-78.0
1777890997.8683324,5.0,-5.0,-77.0
1777890997.8783324,4.0,-2.0,-78.0
1777890997.8883324,3.0,0.0,-74.0
1777890997.8983324,3.0,3.0,-78.0
1777890997.9083323,6.0,3.0,-78.0
1777890997.9183323,3.0,2.0,-74.0
1777890997.9283323,3.0,1.0,-72.0
1777890997.9383323,0.0,0.0,-69.0
1777890997.9483323,2.0,1.0,-67.0
1777890997.9583323,-5.0,2.0,-66.0
1777890997.9683323,-3.0,3.0,-70.0
1777890997.9783323,-2.0,1.0,-73.0
1777890997.9883325,-4.0,-1.0,-73.0
1777890997.9983325,-6.0,-4.0,-72.0
1777890998.0083325,-5.0,-8.0,-73.0
1777890998.0183325,-1.0,-5.0,-80.0
1777890998.0283325,1.0,-10.0,-81.0
1777890998.0383325,8.0,-10.0,-82.0
1777890998.0483325,4.0,-8.0,-74.0
1777890998.0583324,1.0,-1.0,-74.0
1777890998.0683324,0.0,0.0,-67.0
1777890998.0783324,-2.0,-3.0,-72.0
1777890998.0883324,-3.0,-4.0,-71.0
1777890998.0983324,-2.0,-6.0,-67.0
1777890998.1083324,-1.0,-5.0,-71.0
1777890998.1183324,0.0,-5.0,-72.0
1777890998.1283324,0.0,-5.0,-72.0
1777890998.1383324,0.0,0.0,-72.0
1777890998.1483324,2.0,0.0,-72.0
1777890998.1583323,3.0,1.0,-67.0
1777890998.1683323,1.0,2.0,-69.0
1777890998.1783323,1.0,-2.0,-64.0
1777890998.1883323,-2.0,-5.0,-62.0
1777890998.1983323,-1.0,-5.0,-57.0
1777890998.2083323,2.0,-2.0,-59.0
1777890998.2183323,-2.0,-5.0,-68.0
1777890998.2283323,-1.0,-3.0,-69.0
1777890998.2383325,1.0,-2.0,-73.0
1777890998.2483325,1.0,-3.0,-74.0
1777890998.2583325,4.0,-5.0,-76.0
1777890998.2683325,-2.0,-8.0,-74.0
1777890998.2783325,-3.0,0.0,-70.0
1777890998.2883325,0.0,0.0,-74.0
1777890998.2983325,-3.0,0.0,-69.0
1777890998.3083324,2.0,0.0,-69.0
1777890998.3183324,0.0,5.0,-69.0
1777890998.3283324,0.0,0.0,-69.0
1777890998.3383324,-2.0,0.0,-70.0
1777890998.3483324,-4.0,-4.0,-73.0
1777890998.3583324,-8.0,-1.0,-70.0
1777890998.3683324,-1.0,-1.0,-68.0
1777890998.3783324,1.0,0.0,-64.0
1777890998.3883324,2.0,0.0,-65.0
1777890998.3983324,-1.0,0.0,-65.0
1777890998.4083323,-1.0,-3.0,-66.0
1777890998.4183323,0.0,-1.0,-63.0
1777890998.4283323,-3.0,3.0,-65.0
1777890998.4383323,-3.0,3.0,-65.0
1777890998.4483323,2.0,6.0,-69.0
1777890998.4583323,3.0,6.0,-66.0
1777890998.4683323,2.0,0.0,-65.0
1777890998.4783323,2.0,-2.0,-62.0
1777890998.4883325,4.0,-6.0,-68.0
1777890998.4983325,2.0,1.0,-70.0
1777890998.5083325,1.0,4.0,-67.0
1777890998.5183325,0.0,0.0,-65.0
1777890998.5283325,3.0,-2.0,-71.0
1777890998.5383325,2.0,-5.0,-73.0
1777890998.5483325,1.0,-10.0,-74.0
1777890998.5583324,-1.0,-7.0,-77.0
1777890998.5683324,-9.0,-7.0,-79.0
1777890998.5783324,-8.0,-4.0,-82.0
1777890998.5883324,-6.0,-5.0,-74.0
1777890998.5983324,-1.0,-11.0,-72.0
1777890998.6083324,-1.0,-8.0,-76.0
1777890998.6183324,-4.0,-5.0,-76.0
1777890998.6283324,0.0,-4.0,-79.0
1777890998.6383324,-3.0,0.0,-79.0
1777890998.6483324,-3.0,-1.0,-81.0
1777890998.6583323,0.0,-1.0,-80.0
1777890998.6683323,-2.0,0.0,-79.0
1777890998.6783323,-6.0,-2.0,-77.0
1777890998.6893325,2.0,-2.0,-72.0
1777890998.6993325,0.0,-2.0,-72.0
1777890998.7093325,0.0,-7.0,-71.0
1777890998.7193325,-2.0,-7.0,-73.0
1777890998.7293324,2.0,-5.0,-75.0
1777890998.7393324,2.0,-1.0,-73.0
1777890998.7493324,10.0,-4.0,-75.0
1777890998.7593324,9.0,-4.0,-80.0
1777890998.7693324,9.0,-5.0,-71.0
1777890998.7793324,8.0,-2.0,-68.0
1777890998.7893324,8.0,-3.0,-65.0
1777890998.7993324,5.0,-4.0,-71.0
1777890998.8093324,4.0,-6.0,-70.0
1777890998.8193324,3.0,-5.0,-75.0
1777890998.8293324,1.0,-5.0,-77.0
1777890998.8393323,-5.0,-5.0,-79.0
1777890998.8493323,0.0,-4.0,-81.0
1777890998.8593323,5.0,-4.0,-75.0
1777890998.8693323,2.0,-5.0,-73.0
1777890998.8793323,2.0,-6.0,-81.0
1777890998.8893323,-4.0,-1.0,-81.0
1777890998.8993323,0.0,-3.0,-84.0
1777890998.9093325,2.0,-3.0,-89.0
1777890998.9193325,1.0,-1.0,-88.0
1777890998.9293325,10.0,-3.0,-88.0
1777890998.9393325,9.0,-3.0,-87.0
1777890998.9493325,7.0,0.0,-83.0
1777890998.9593325,3.0,0.0,-74.0
1777890998.9693325,1.0,0.0,-77.0
1777890998.9793324,0.0,0.0,-74.0
1777890998.9893324,0.0,1.0,-75.0
1777890998.9993324,-1.0,1.0,-82.0
1777890999.0093324,-2.0,4.0,-86.0
1777890999.0193324,-2.0,3.0,-82.0
1777890999.0293324,-3.0,2.0,-78.0
1777890999.0393324,2.0,1.0,-78.0
1777890999.0493324,4.0,5.0,-77.0
1777890999.0593324,3.0,5.0,-79.0
1777890999.0693324,4.0,5.0,-79.0
1777890999.0793324,-3.0,0.0,-80.0
1777890999.0893323,-4.0,-2.0,-80.0
1777890999.0993323,-6.0,-5.0,-82.0
1777890999.1093323,-5.0,-11.0,-77.0
1777890999.1193323,-2.0,-9.0,-71.0
1777890999.1293323,-2.0,-2.0,-72.0
1777890999.1393323,-6.0,-1.0,-64.0
1777890999.1493323,-7.0,1.0,-61.0
1777890999.1593325,-9.0,3.0,-61.0
1777890999.1693325,-5.0,0.0,-57.0
1777890999.1793325,-8.0,0.0,-59.0
1777890999.1893325,-2.0,-1.0,-60.0
1777890999.1993325,-3.0,-1.0,-61.0
1777890999.2093325,-1.0,-3.0,-66.0
1777890999.2193325,0.0,-1.0,-62.0
1777890999.2293324,-5.0,0.0,-65.0
1777890999.2393324,-3.0,4.0,-62.0
1777890999.2493324,-3.0,2.0,-61.0
1777890999.2593324,-8.0,4.0,-65.0
1777890999.2693324,-6.0,0.0,-69.0
1777890999.2793324,-6.0,1.0,-70.0
1777890999.2893324,0.0,0.0,-70.0
1777890999.2993324,4.0,3.0,-71.0
1777890999.3093324,1.0,2.0,-77.0
1777890999.3193324,2.0,0.0,-81.0
1777890999.3293324,3.0,0.0,-72.0
1777890999.3393323,3.0,-1.0,-69.0
1777890999.3493323,5.0,0.0,-65.0
1777890999.3593323,2.0,-6.0,-61.0
1777890999.3693323,-1.0,-4.0,-59.0
1777890999.3793323,-5.0,-4.0,-58.0
1777890999.3893323,-6.0,-4.0,-65.0
1777890999.3993323,-2.0,-6.0,-69.0
1777890999.4093325,-4.0,-6.0,-74.0
1777890999.4193325,-2.0,-2.0,-73.0
1777890999.4293325,-1.0,1.0,-75.0
1777890999.4393325,0.0,3.0,-77.0
1777890999.4493325,-1.0,0.0,-74.0
1777890999.4593325,-2.0,2.0,-71.0
1777890999.4693325,0.0,8.0,-72.0
1777890999.4793324,4.0,2.0,-61.0
1777890999.4893324,6.0,-2.0,-66.0
1777890999.4993324,8.0,-4.0,-68.0
1777890999.5093324,9.0,0.0,-68.0
1777890999.5193324,7.0,-4.0,-76.0
1777890999.5293324,8.0,-1.0,-79.0
1777890999.5393324,7.0,-1.0,-86.0
1777890999.5493324,9.0,-5.0,-85.0
1777890999.5593324,9.0,-5.0,-81.0
1777890999.5693324,4.0,-2.0,-80.0
1777890999.5793324,0.0,1.0,-77.0
1777890999.5893323,2.0,0.0,-77.0
1777890999.5993323,6.0,1.0,-76.0
1777890999.6093323,5.0,-3.0,-75.0
1777890999.6193323,2.0,-5.0,-74.0
1777890999.6293323,2.0,-10.0,-83.0
1777890999.6393323,2.0,-9.0,-85.0
1777890999.6493323,0.0,-5.0,-82.0
1777890999.6593325,-1.0,-3.0,-72.0
1777890999.6693325,0.0,-7.0,-78.0
1777890999.6793325,0.0,-9.0,-76.0
1777890999.6893325,0.0,-5.0,-70.0
1777890999.6993325,-2.0,-4.0,-70.0
1777890999.7093325,0.0,-2.0,-71.0
1777890999.7193325,2.0,-5.0,-71.0
1777890999.7293324,8.0,-6.0,-73.0
1777890999.7393324,11.0,-7.0,-74.0
1777890999.7493324,2.0,-8.0,-71.0
1777890999.7593324,4.0,-9.0,-69.0
1777890999.7693324,9.0,-3.0,-73.0
1777890999.7793324,10.0,-1.0,-73.0
1777890999.7893324,11.0,-3.0,-76.0
1777890999.7993324,11.0,0.0,-79.0
1777890999.8093324,12.0,2.0,-77.0
1777890999.8193324,7.0,4.0,-80.0
1777890999.8293324,7.0,3.0,-77.0
1777890999.8393323,4.0,-1.0,-76.0
1777890999.8493323,4.0,0.0,-78.0
1777890999.8593323,1.0,0.0,-76.0
1777890999.8693323,6.0,4.0,-71.0
1777890999.8793323,5.0,4.0,-71.0
1777890999.8893323,5.0,0.0,-70.0
1777890999.8993323,4.0,0.0,-78.0
1777890999.9093325,3.0,0.0,-74.0
1777890999.9193325,0.0,2.0,-68.0
1777890999.9293325,0.0,3.0,-66.0
1777890999.9393325,3.0,2.0,-64.0
1777890999.9493325,3.0,-2.0,-66.0
1777890999.9593325,0.0,0.0,-68.0
1777890999.9693325,-5.0,0.0,-76.0
1777890999.9793324,-6.0,-2.0,-81.0
1777890999.9893324,-4.0,0.0,-87.0
1777890999.9993324,-6.0,-3.0,-84.0
1777891000.0093324,-3.0,-3.0,-82.0
1777891000.0193324,1.0,2.0,-87.0
1777891000.0293324,1.0,1.0,-89.0
1777891000.0393324,4.0,2.0,-86.0
1777891000.0493324,1.0,2.0,-77.0
1777891000.0593324,2.0,-2.0,-74.0
1777891000.0693324,2.0,-7.0,-70.0
1777891000.0793324,0.0,-8.0,-66.0
1777891000.0893323,3.0,-9.0,-63.0
1777891000.0993323,1.0,-9.0,-65.0
1777891000.1093323,1.0,-9.0,-68.0
1777891000.1193323,1.0,-10.0,-73.0
1777891000.1293323,1.0,-7.0,-77.0
1777891000.1393323,5.0,-6.0,-69.0
1777891000.1493323,7.0,-2.0,-72.0
1777891000.1593325,4.0,-7.0,-72.0
1777891000.1693325,-1.0,-5.0,-70.0
1777891000.1793325,5.0,-4.0,-68.0
1777891000.1893325,6.0,0.0,-64.0
1777891000.1993325,10.0,0.0,-69.0
1777891000.2093325,9.0,-3.0,-68.0
1777891000.2193325,13.0,0.0,-71.0
1777891000.2293324,7.0,-1.0,-75.0
1777891000.2393324,10.0,-2.0,-75.0
1777891000.2493324,6.0,-2.0,-74.0
1777891000.2593324,5.0,-2.0,-73.0
1777891000.2693324,2.0,0.0,-75.0
1777891000.2793324,4.0,2.0,-75.0
1777891000.2893324,1.0,2.0,-69.0
1777891000.2993324,0.0,2.0,-69.0
1777891000.3093324,0.0,2.0,-62.0
1777891000.3193324,0.0,-1.0,-73.0
1777891000.3293324,4.0,-1.0,-73.0
1777891000.3393323,1.0,0.0,-70.0
1777891000.3493323,4.0,-8.0,-69.0
1777891000.3593323,5.0,-8.0,-68.0
1777891000.3693323,4.0,-8.0,-64.0
1777891000.3793323,1.0,-8.0,-66.0
1777891000.3893323,4.0,-10.0,-65.0
1777891000.3993323,5.0,-8.0,-61.0
1777891000.4093325,3.0,-6.0,-66.0
1777891000.4193325,4.0,-6.0,-62.0
1777891000.4293325,1.0,-1.0,-62.0
1777891000.4393325,-3.0,-1.0,-73.0
1777891000.4493325,-3.0,1.0,-67.0
1777891000.4593325,-3.0,0.0,-61.0
1777891000.4693325,-5.0,-1.0,-71.0
1777891000.4793324,-1.0,0.0,-73.0
1777891000.4893324,-1.0,0.0,-76.0
1777891000.4993324,-1.0,-3.0,-76.0
1777891000.5093324,-3.0,-3.0,-73.0
1777891000.5193324,0.0,0.0,-72.0
1777891000.5293324,3.0,2.0,-76.0
1777891000.5393324,5.0,4.0,-74.0
1777891000.5493324,4.0,6.0,-72.0
1777891000.5593324,4.0,1.0,-72.0
1777891000.5693324,5.0,-3.0,-69.0
1777891000.5793324,5.0,-4.0,-66.0
1777891000.5893323,8.0,-8.0,-70.0
1777891000.5993323,11.0,-7.0,-74.0
1777891000.6093323,12.0,-4.0,-75.0
1777891000.6193323,10.0,-1.0,-69.0
1777891000.6293323,13.0,0.0,-67.0
1777891000.6393323,11.0,1.0,-69.0
1777891000.6493323,9.0,0.0,-69.0
1777891000.6593325,8.0,-2.0,-66.0
1777891000.6693325,6.0,-4.0,-69.0
1777891000.6803324,4.0,-3.0,-75.0
1777891000.6903324,3.0,1.0,-76.0
1777891000.7003324,4.0,1.0,-72.0
1777891000.7103324,5.0,4.0,-72.0
1777891000.7203324,1.0,0.0,-70.0
1777891000.7303324,-2.0,1.0,-61.0
1777891000.7403324,-4.0,0.0,-55.0
1777891000.7503324,-2.0,-3.0,-64.0
1777891000.7603323,0.0,-3.0,-70.0
1777891000.7703323,-3.0,-1.0,-76.0
1777891000.7803323,-7.0,-4.0,-71.0
1777891000.7903323,-7.0,-1.0,-75.0
1777891000.8003323,-7.0,-2.0,-75.0
1777891000.8103323,-6.0,-2.0,-73.0
1777891000.8203323,-3.0,0.0,-68.0
1777891000.8303325,-4.0,-1.0,-67.0
1777891000.8403325,1.0,-1.0,-68.0
1777891000.8503325,0.0,-1.0,-66.0
1777891000.8603325,5.0,-3.0,-70.0
1777891000.8703325,8.0,-1.0,-73.0
1777891000.8803325,9.0,0.0,-74.0
1777891000.8903325,11.0,1.0,-77.0
1777891000.9003325,5.0,2.0,-78.0
1777891000.9103324,3.0,4.0,-74.0
1777891000.9203324,7.0,4.0,-73.0
1777891000.9303324,5.0,0.0,-71.0
1777891000.9403324,0.0,0.0,-71.0
1777891000.9503324,0.0,-1.0,-70.0
1777891000.9603324,-2.0,-3.0,-70.0
1777891000.9703324,5.0,-4.0,-69.0
1777891000.9803324,5.0,-7.0,-71.0
1777891000.9903324,0.0,-8.0,-68.0
1777891001.0003324,0.0,-11.0,-70.0
1777891001.0103323,-1.0,-13.0,-67.0
1777891001.0203323,2.0,-8.0,-66.0
1777891001.0303323,4.0,-5.0,-68.0
1777891001.0403323,1.0,-4.0,-62.0
1777891001.0503323,2.0,-4.0,-64.0
1777891001.0603323,0.0,-1.0,-68.0
1777891001.0703323,0.0,-4.0,-65.0
1777891001.0803325,0.0,-3.0,-63.0
1777891001.0903325,0.0,-2.0,-70.0
1777891001.1003325,2.0,-3.0,-78.0
1777891001.1103325,2.0,0.0,-73.0
1777891001.1203325,-2.0,0.0,-67.0
1777891001.1303325,-4.0,-6.0,-65.0
1777891001.1403325,-5.0,-6.0,-68.0
1777891001.1503325,-2.0,-3.0,-74.0
1777891001.1603324,1.0,-1.0,-67.0
1777891001.1703324,3.0,3.0,-66.0
1777891001.1803324,8.0,3.0,-65.0
1777891001.1903324,6.0,2.0,-63.0
1777891001.2003324,7.0,3.0,-65.0
1777891001.2103324,7.0,0.0,-68.0
1777891001.2203324,7.0,-2.0,-70.0
1777891001.2303324,1.0,-1.0,-67.0
1777891001.2403324,1.0,0.0,-70.0
1777891001.2503324,-1.0,0.0,-67.0
1777891001.2603323,-2.0,0.0,-73.0
1777891001.2703323,-1.0,0.0,-78.0
1777891001.2803323,-4.0,-3.0,-75.0
1777891001.2903323,-2.0,-1.0,-66.0
1777891001.3003323,-4.0,0.0,-62.0
1777891001.3103323,-3.0,-3.0,-54.0
1777891001.3203323,-1.0,-1.0,-66.0
1777891001.3303325,-2.0,1.0,-70.0
1777891001.3403325,2.0,0.0,-74.0
1777891001.3503325,6.0,2.0,-73.0
1777891001.3603325,5.0,1.0,-69.0
1777891001.3703325,5.0,2.0,-70.0
1777891001.3803325,2.0,0.0,-71.0
1777891001.3903325,3.0,-4.0,-69.0
1777891001.4003325,3.0,-7.0,-64.0
1777891001.4103324,1.0,-6.0,-67.0
1777891001.4203324,6.0,-2.0,-68.0
1777891001.4303324,5.0,-1.0,-69.0
1777891001.4403324,2.0,-4.0,-64.0
1777891001.4503324,-2.0,-2.0,-68.0
1777891001.4603324,0.0,-1.0,-70.0
1777891001.4703324,-1.0,-2.0,-72.0
1777891001.4803324,1.0,-1.0,-70.0
1777891001.4903324,2.0,-2.0,-70.0
1777891001.5003324,3.0,-1.0,-72.0
1777891001.5103323,1.0,-1.0,-74.0
1777891001.5203323,-4.0,-1.0,-82.0
1777891001.5303323,-5.0,-4.0,-82.0
1777891001.5403323,2.0,0.0,-77.0
1777891001.5503323,1.0,-1.0,-77.0
1777891001.5603323,5.0,2.0,-74.0
1777891001.5703323,10.0,-4.0,-73.0
1777891001.5803325,11.0,-1.0,-70.0
1777891001.5903325,7.0,-3.0,-71.0
1777891001.6003325,3.0,2.0,-71.0
1777891001.6103325,4.0,1.0,-64.0
1777891001.6203325,6.0,2.0,-65.0
1777891001.6303325,3.0,1.0,-68.0
1777891001.6403325,1.0,-2.0,-73.0
1777891001.6503325,0.0,0.0,-69.0
1777891001.6603324,-2.0,0.0,-74.0
1777891001.6703324,-3.0,-2.0,-80.0
1777891001.6803324,-1.0,-5.0,-76.0
1777891001.6903324,3.0,-3.0,-72.0
1777891001.7003324,4.0,1.0,-67.0
1777891001.7103324,4.0,-1.0,-68.0
1777891001.7203324,2.0,1.0,-64.0
1777891001.7303324,0.0,0.0,-64.0
1777891001.7403324,2.0,0.0,-71.0
1777891001.7503324,-1.0,2.0,-74.0
1777891001.7603323,-3.0,-1.0,-68.0
1777891001.7703323,0.0,-3.0,-62.0
1777891001.7803323,1.0,-5.0,-57.0
1777891001.7903323,-4.0,-1.0,-60.0
1777891001.8003323,-2.0,-3.0,-63.0
1777891001.8103323,-1.0,-1.0,-65.0
1777891001.8203323,0.0,-3.0,-68.0
1777891001.8303325,2.0,-1.0,-70.0
1777891001.8403325,4.0,-1.0,-67.0
1777891001.8503325,9.0,-5.0,-69.0
1777891001.8603325,5.0,-7.0,-73.0
1777891001.8703325,5.0,-6.0,-78.0
1777891001.8803325,6.0,-6.0,-78.0
1777891001.8903325,4.0,-8.0,-76.0
1777891001.9003325,1.0,-7.0,-82.0
1777891001.9103324,0.0,-1.0,-83.0
1777891001.9203324,-4.0,-1.0,-78.0
1777891001.9303324,-4.0,-3.0,-76.0
1777891001.9403324,0.0,1.0,-79.0
1777891001.9503324,0.0,1.0,-85.0
1777891001.9603324,-7.0,-1.0,-80.0
1777891001.9703324,-8.0,-5.0,-75.0
1777891001.9803324,-6.0,-6.0,-76.0
1777891001.9903324,-3.0,-9.0,-75.0
1777891002.0003324,-2.0,-9.0,-82.0
1777891002.0103323,-2.0,-9.0,-76.0
1777891002.0203323,-2.0,-6.0,-72.0
1777891002.0303323,-2.0,-7.0,-64.0
1777891002.0403323,-1.0,-3.0,-73.0
1777891002.0503323,-2.0,1.0,-67.0
1777891002.0603323,-2.0,-1.0,-69.0
1777891002.0703323,-2.0,-3.0,-71.0
1777891002.0803325,-2.0,-2.0,-66.0
1777891002.0903325,-4.0,-1.0,-61.0
1777891002.1003325,-1.0,-1.0,-68.0
1777891002.1103325,1.0,-1.0,-68.0
1777891002.1203325,5.0,-4.0,-75.0
1777891002.1303325,5.0,-7.0,-80.0
1777891002.1403325,2.0,-8.0,-90.0
1777891002.1503325,4.0,-9.0,-91.0
1777891002.1603324,4.0,-10.0,-87.0
1777891002.1703324,1.0,-10.0,-82.0
1777891002.1803324,-3.0,-8.0,-79.0
1777891002.1903324,-3.0,-10.0,-74.0
1777891002.2003324,-2.0,-4.0,-77.0
1777891002.2103324,-1.0,-5.0,-73.0
1777891002.2203324,-1.0,-8.0,-70.0
1777891002.2303324,-2.0,-12.0,-76.0
1777891002.2403324,-8.0,-13.0,-72.0
1777891002.2503324,-7.0,-13.0,-67.0
1777891002.2603323,-11.0,-11.0,-65.0
1777891002.2703323,-8.0,-6.0,-69.0
1777891002.2803323,-5.0,-4.0,-76.0
1777891002.2903323,0.0,-7.0,-73.0
1777891002.3003323,-3.0,-6.0,-78.0
1777891002.3103323,-6.0,-4.0,-80.0
1777891002.3203323,-8.0,-3.0,-81.0
1777891002.3303325,-6.0,0.0,-86.0
1777891002.3403325,0.0,1.0,-82.0
1777891002.3503325,-1.0,4.0,-86.0
1777891002.3603325,-4.0,2.0,-85.0
1777891002.3703325,-6.0,5.0,-83.0
1777891002.3803325,-4.0,1.0,-85.0
1777891002.3903325,0.0,1.0,-84.0
1777891002.4003325,0.0,-3.0,-85.0
1777891002.4103324,2.0,-1.0,-76.0
1777891002.4203324,2.0,-3.0,-77.0
1777891002.4303324,4.0,-2.0,-83.0
1777891002.4403324,1.0,-4.0,-80.0
1777891002.4503324,0.0,-9.0,-76.0
1777891002.4603324,5.0,-5.0,-71.0
1777891002.4703324,3.0,-2.0,-73.0
1777891002.4803324,2.0,0.0,-69.0
1777891002.4903324,0.0,-3.0,-69.0
1777891002.5003324,-1.0,-4.0,-64.0
1777891002.5103323,0.0,-6.0,-75.0
1777891002.5203323,1.0,-8.0,-82.0
1777891002.5303323,-1.0,-5.0,-71.0
1777891002.5403323,-3.0,-7.0,-73.0
1777891002.5503323,-3.0,-5.0,-76.0
1777891002.5603323,-2.0,-3.0,-72.0
1777891002.5703323,-1.0,-1.0,-66.0
1777891002.5803325,-1.0,0.0,-68.0
1777891002.5903325,2.0,-2.0,-68.0
1777891002.6003325,5.0,-4.0,-70.0
1777891002.6103325,0.0,-3.0,-78.0
1777891002.6203325,-3.0,0.0,-80.0
1777891002.6303325,5.0,0.0,-83.0
1777891002.6403325,4.0,0.0,-87.0
1777891002.6503325,3.0,0.0,-81.0
1777891002.6613324,0.0,1.0,-77.0
1777891002.6713324,2.0,-2.0,-77.0
1777891002.6813323,0.0,-4.0,-77.0
1777891002.6913323,-4.0,-4.0,-85.0
1777891002.7013323,-4.0,-1.0,-75.0
1777891002.7113323,-1.0,-3.0,-68.0
1777891002.7213323,0.0,-3.0,-65.0
1777891002.7313323,1.0,-2.0,-69.0
1777891002.7413323,8.0,-3.0,-71.0
1777891002.7513323,10.0,-3.0,-76.0
1777891002.7613325,6.0,-5.0,-76.0
1777891002.7713325,1.0,-1.0,-77.0
1777891002.7813325,4.0,0.0,-72.0
1777891002.7913325,3.0,-1.0,-72.0
1777891002.8013325,0.0,-4.0,-77.0
1777891002.8113325,1.0,-4.0,-78.0
1777891002.8213325,0.0,-2.0,-72.0
1777891002.8313324,2.0,0.0,-73.0
1777891002.8413324,2.0,0.0,-71.0
1777891002.8513324,-2.0,1.0,-69.0
1777891002.8613324,-3.0,4.0,-70.0
1777891002.8713324,0.0,2.0,-70.0
1777891002.8813324,2.0,1.0,-67.0
1777891002.8913324,8.0,0.0,-70.0
1777891002.9013324,7.0,1.0,-68.0
1777891002.9113324,3.0,0.0,-71.0
1777891002.9213324,-3.0,1.0,-72.0
1777891002.9313323,-1.0,3.0,-70.0
1777891002.9413323,5.0,9.0,-67.0
1777891002.9513323,1.0,9.0,-59.0
1777891002.9613323,4.0,9.0,-60.0
1777891002.9713323,2.0,4.0,-62.0
1777891002.9813323,0.0,0.0,-58.0
1777891002.9913323,-1.0,4.0,-60.0
1777891003.0013323,-2.0,4.0,-64.0
1777891003.0113325,-3.0,0.0,-65.0
1777891003.0213325,-9.0,0.0,-68.0
1777891003.0313325,-5.0,0.0,-71.0
1777891003.0413325,-3.0,-2.0,-73.0
1777891003.0513325,-8.0,-5.0,-66.0
1777891003.0613325,-7.0,-7.0,-62.0
1777891003.0713325,-1.0,-5.0,-69.0
1777891003.0813324,-2.0,-4.0,-70.0
1777891003.0913324,-8.0,-5.0,-62.0
1777891003.1013324,-3.0,-6.0,-64.0
1777891003.1113324,-3.0,-4.0,-72.0
1777891003.1213324,-6.0,-7.0,-67.0
1777891003.1313324,-4.0,-5.0,-74.0
1777891003.1413324,-3.0,-3.0,-75.0
1777891003.1513324,0.0,0.0,-75.0
1777891003.1613324,-2.0,0.0,-77.0
1777891003.1713324,-3.0,-2.0,-81.0
1777891003.1813323,-1.0,1.0,-80.0
1777891003.1913323,2.0,5.0,-82.0
1777891003.2013323,-2.0,5.0,-74.0
1777891003.2113323,-1.0,6.0,-75.0
1777891003.2213323,1.0,7.0,-77.0
1777891003.2313323,0.0,2.0,-74.0
1777891003.2413323,0.0,6.0,-84.0
1777891003.2513323,0.0,7.0,-84.0
1777891003.2613325,3.0,7.0,-80.0
1777891003.2713325,6.0,6.0,-77.0
1777891003.2813325,2.0,7.0,-82.0
1777891003.2913325,-1.0,5.0,-79.0
1777891003.3013325,-3.0,10.0,-80.0
1777891003.3113325,0.0,8.0,-78.0
1777891003.3213325,0.0,8.0,-78.0
1777891003.3313324,-4.0,6.0,-71.0
1777891003.3413324,-3.0,2.0,-70.0
1777891003.3513324,-2.0,2.0,-75.0
1777891003.3613324,0.0,3.0,-74.0
1777891003.3713324,-1.0,3.0,-75.0
1777891003.3813324,-2.0,1.0,-81.0
1777891003.3913324,-6.0,-5.0,-80.0
1777891003.4013324,-8.0,-1.0,-76.0
1777891003.4113324,-5.0,-5.0,-76.0
1777891003.4213324,-4.0,-2.0,-67.0
1777891003.4313323,-8.0,-1.0,-69.0
1777891003.4413323,-6.0,1.0,-69.0
1777891003.4513323,-7.0,-2.0,-68.0
1777891003.4613323,-2.0,-4.0,-71.0
1777891003.4713323,0.0,-1.0,-68.0
1777891003.4813323,0.0,0.0,-69.0
1777891003.4913323,1.0,1.0,-67.0
1777891003.5013323,4.0,-1.0,-67.0
1777891003.5113325,6.0,0.0,-72.0
1777891003.5213325,9.0,1.0,-79.0
1777891003.5313325,2.0,1.0,-85.0
1777891003.5413325,-1.0,7.0,-79.0
1777891003.5513325,-3.0,9.0,-69.0
1777891003.5613325,-3.0,6.0,-69.0
1777891003.5713325,-6.0,7.0,-74.0
1777891003.5813324,-9.0,8.0,-70.0
1777891003.5913324,-9.0,3.0,-73.0
1777891003.6013324,-9.0,4.0,-72.0
1777891003.6113324,-4.0,5.0,-74.0
1777891003.6213324,-1.0,3.0,-76.0
1777891003.6313324,-2.0,5.0,-76.0
1777891003.6413324,-2.0,0.0,-80.0
1777891003.6513324,-2.0,-1.0,-81.0
1777891003.6613324,-2.0,-2.0,-83.0
1777891003.6713324,-4.0,-2.0,-84.0
1777891003.6813323,-5.0,-4.0,-85.0
1777891003.6913323,-1.0,-5.0,-75.0
1777891003.7013323,-3.0,-8.0,-68.0
1777891003.7113323,0.0,-11.0,-69.0
1777891003.7213323,2.0,-14.0,-72.0
1777891003.7313323,0.0,-15.0,-72.0
1777891003.7413323,0.0,-11.0,-70.0
1777891003.7513323,3.0,-6.0,-68.0
1777891003.7613325,5.0,-6.0,-71.0
1777891003.7713325,8.0,-4.0,-72.0
1777891003.7813325,6.0,0.0,-70.0
1777891003.7913325,5.0,1.0,-66.0
1777891003.8013325,4.0,0.0,-64.0
1777891003.8113325,4.0,0.0,-69.0
1777891003.8213325,2.0,0.0,-74.0
1777891003.8313324,2.0,-2.0,-75.0
1777891003.8413324,2.0,-1.0,-76.0
1777891003.8513324,6.0,-2.0,-74.0
1777891003.8613324,5.0,-1.0,-72.0
1777891003.8713324,7.0,-1.0,-66.0
1777891003.8813324,7.0,0.0,-62.0
1777891003.8913324,1.0,-3.0,-65.0
1777891003.9013324,2.0,-6.0,-65.0
1777891003.9113324,1.0,-5.0,-66.0
1777891003.9213324,4.0,-8.0,-61.0
1777891003.9313323,4.0,-7.0,-58.0
1777891003.9413323,3.0,-2.0,-62.0
1777891003.9513323,2.0,-3.0,-60.0
1777891003.9623325,2.0,-4.0,-60.0
1777891003.9713323,0.0,-4.0,-72.0
1777891003.9813323,-3.0,-2.0,-73.0
1777891003.9913323,1.0,-3.0,-72.0
1777891004.0013323,1.0,-5.0,-68.0
1777891004.0113325,4.0,-6.0,-66.0
1777891004.0213325,1.0,-7.0,-70.0
1777891004.0313325,0.0,-4.0,-78.0
1777891004.0413325,2.0,-6.0,-76.0
1777891004.0513325,2.0,-5.0,-79.0
1777891004.0613325,3.0,-4.0,-80.0
1777891004.0713325,6.0,-4.0,-78.0
1777891004.0813324,7.0,-2.0,-70.0
1777891004.0913324,5.0,-1.0,-74.0
1777891004.1013324,4.0,-2.0,-78.0
1777891004.1113324,-1.0,-1.0,-78.0
1777891004.1213324,0.0,0.0,-77.0
1777891004.1313324,5.0,-1.0,-71.0
1777891004.1413324,4.0,-2.0,-69.0
1777891004.1513324,3.0,0.0,-61.0
1777891004.1613324,7.0,1.0,-60.0
1777891004.1713324,2.0,2.0,-59.0
1777891004.1813323,0.0,6.0,-64.0
1777891004.1913323,0.0,5.0,-70.0
1777891004.2013323,3.0,0.0,-68.0
1777891004.2113323,6.0,-1.0,-68.0
1777891004.2213323,5.0,-3.0,-69.0
1777891004.2313323,5.0,-6.0,-65.0
1777891004.2413323,2.0,-7.0,-64.0
1777891004.2513323,4.0,-5.0,-68.0
1777891004.2613325,0.0,-5.0,-71.0
1777891004.2713325,0.0,-7.0,-77.0
1777891004.2813325,0.0,-4.0,-72.0
1777891004.2913325,-1.0,0.0,-67.0
1777891004.3013325,0.0,-2.0,-71.0
1777891004.3113325,0.0,-1.0,-65.0
1777891004.3213325,0.0,-2.0,-69.0
1777891004.3313324,-1.0,-2.0,-73.0
1777891004.3413324,0.0,-2.0,-72.0
1777891004.3513324,1.0,-4.0,-76.0
1777891004.3613324,-2.0,-5.0,-73.0
1777891004.3713324,0.0,-7.0,-69.0
1777891004.3813324,1.0,-1.0,-69.0
1777891004.3913324,-2.0,0.0,-70.0
1777891004.4013324,-4.0,-1.0,-78.0
1777891004.4113324,-1.0,-3.0,-73.0
1777891004.4213324,5.0,-1.0,-66.0
1777891004.4313323,6.0,1.0,-67.0
1777891004.4413323,9.0,4.0,-67.0
1777891004.4513323,9.0,5.0,-66.0
1777891004.4613323,7.0,5.0,-69.0
1777891004.4713323,6.0,4.0,-64.0
1777891004.4813323,4.0,0.0,-68.0
1777891004.4913323,3.0,-4.0,-70.0
1777891004.5013323,-1.0,0.0,-71.0
1777891004.5113325,-4.0,-1.0,-74.0
1777891004.5213325,-4.0,-1.0,-72.0
1777891004.5313325,0.0,-1.0,-71.0
1777891004.5413325,2.0,0.0,-74.0
1777891004.5513325,5.0,1.0,-77.0
1777891004.5613325,4.0,0.0,-72.0
1777891004.5713325,2.0,2.0,-76.0
1777891004.5813324,0.0,6.0,-72.0
1777891004.5913324,0.0,3.0,-68.0
1777891004.6013324,-4.0,4.0,-64.0
1777891004.6113324,-3.0,4.0,-67.0
1777891004.6213324,-2.0,4.0,-68.0
1777891004.6323323,2.0,0.0,-70.0
1777891004.6423323,1.0,-2.0,-70.0
1777891004.6513324,-2.0,3.0,-67.0
1777891004.6623323,-2.0,0.0,-61.0
1777891004.6723323,-5.0,-5.0,-65.0
1777891004.6823325,-7.0,-6.0,-60.0
1777891004.6923325,-7.0,-3.0,-63.0
1777891004.7023325,-9.0,-3.0,-67.0
1777891004.7123325,-7.0,-2.0,-77.0
1777891004.7223325,-9.0,-2.0,-78.0
1777891004.7323325,-8.0,-1.0,-77.0
1777891004.7423325,-4.0,0.0,-75.0
1777891004.7523324,-5.0,-2.0,-66.0
1777891004.7623324,-5.0,0.0,-71.0
1777891004.7723324,-4.0,0.0,-74.0
1777891004.7823324,2.0,1.0,-78.0
1777891004.7923324,1.0,-1.0,-76.0
1777891004.8023324,0.0,-2.0,-77.0
1777891004.8123324,-2.0,-2.0,-78.0
1777891004.8223324,-1.0,-2.0,-75.0
1777891004.8323324,0.0,-1.0,-75.0
1777891004.8423324,0.0,-1.0,-76.0
1777891004.8523324,-3.0,-2.0,-81.0
1777891004.8623323,0.0,-3.0,-87.0
1777891004.8723323,3.0,0.0,-87.0
1777891004.8823323,6.0,-3.0,-76.0
1777891004.8923323,8.0,-6.0,-73.0
1777891004.9023323,10.0,-1.0,-74.0
1777891004.9123323,5.0,-3.0,-78.0
1777891004.9223323,0.0,0.0,-75.0
1777891004.9323325,0.0,5.0,-68.0
1777891004.9423325,2.0,0.0,-64.0
1777891004.9523325,6.0,-2.0,-64.0
1777891004.9623325,8.0,-1.0,-61.0
1777891004.9723325,8.0,-5.0,-61.0
1777891004.9823325,0.0,-1.0,-66.0
1777891004.9923325,2.0,0.0,-67.0
1777891005.0023324,3.0,0.0,-72.0
1777891005.0123324,3.0,0.0,-72.0
1777891005.0223324,2.0,-1.0,-72.0
1777891005.0323324,4.0,-1.0,-77.0
1777891005.0423324,3.0,2.0,-79.0
1777891005.0523324,3.0,1.0,-79.0
1777891005.0623324,1.0,3.0,-77.0
1777891005.0723324,2.0,1.0,-72.0
1777891005.0823324,2.0,1.0,-77.0
1777891005.0923324,0.0,3.0,-73.0
1777891005.1023324,-3.0,3.0,-74.0
1777891005.1123323,-4.0,1.0,-82.0
1777891005.1223323,-3.0,-3.0,-86.0
1777891005.1323323,-1.0,-2.0,-79.0
1777891005.1423323,-3.0,-4.0,-76.0
1777891005.1523323,-4.0,-5.0,-74.0
1777891005.1623323,-3.0,-3.0,-77.0
1777891005.1723323,-5.0,-1.0,-78.0
1777891005.1823325,-7.0,-1.0,-67.0
1777891005.1923325,-9.0,-3.0,-72.0
1777891005.2023325,-7.0,-7.0,-74.0
1777891005.2123325,-1.0,-4.0,-72.0
1777891005.2223325,-2.0,-7.0,-70.0
1777891005.2323325,0.0,-10.0,-63.0
1777891005.2423325,0.0,-7.0,-63.0
1777891005.2523324,-2.0,-3.0,-69.0
1777891005.2623324,-1.0,0.0,-72.0
1777891005.2723324,2.0,-1.0,-69.0
1777891005.2823324,1.0,-2.0,-71.0
1777891005.2923324,0.0,-1.0,-72.0
1777891005.3023324,2.0,-2.0,-71.0
1777891005.3123324,2.0,-2.0,-75.0
1777891005.3223324,3.0,-10.0,-71.0
1777891005.3323324,3.0,-12.0,-67.0
1777891005.3423324,8.0,-8.0,-68.0
1777891005.3523324,6.0,-9.0,-73.0
1777891005.3623323,8.0,-10.0,-75.0
1777891005.3723323,4.0,-6.0,-71.0
1777891005.3823323,1.0,-6.0,-68.0
1777891005.3923323,1.0,-5.0,-67.0
1777891005.4023323,1.0,-6.0,-63.0
1777891005.4123323,10.0,-7.0,-67.0
1777891005.4223323,8.0,-7.0,-66.0
1777891005.4323325,8.0,-7.0,-69.0
1777891005.4423325,8.0,-4.0,-77.0
1777891005.4523325,15.0,-2.0,-72.0
1777891005.4623325,16.0,-4.0,-76.0
1777891005.4723325,14.0,-6.0,-72.0
1777891005.4823325,8.0,1.0,-77.0
1777891005.4923325,6.0,0.0,-74.0
1777891005.5023324,6.0,0.0,-78.0
1777891005.5123324,7.0,0.0,-84.0
1777891005.5223324,5.0,-1.0,-79.0
1777891005.5323324,3.0,-2.0,-82.0
1777891005.5423324,2.0,0.0,-84.0
1777891005.5523324,-1.0,-1.0,-86.0
1777891005.5623324,-5.0,-3.0,-83.0
1777891005.5723324,-8.0,-1.0,-82.0
1777891005.5823324,-9.0,-2.0,-78.0
1777891005.5923324,-5.0,-2.0,-75.0
1777891005.6023324,-2.0,0.0,-78.0
1777891005.6123323,-1.0,-1.0,-76.0
1777891005.6223323,-2.0,0.0,-83.0
1777891005.6323323,1.0,0.0,-77.0
1777891005.6423323,-2.0,0.0,-76.0
1777891005.6523323,1.0,-2.0,-82.0
1777891005.6623323,7.0,-1.0,-71.0
1777891005.6723323,6.0,-2.0,-66.0
1777891005.6823325,4.0,-2.0,-65.0
1777891005.6923325,4.0,-3.0,-65.0
1777891005.7023325,1.0,-5.0,-69.0
1777891005.7123325,-1.0,-1.0,-78.0
1777891005.7223325,3.0,0.0,-79.0
1777891005.7323325,5.0,4.0,-79.0
1777891005.7423325,4.0,4.0,-76.0
1777891005.7523324,2.0,0.0,-73.0
1777891005.7623324,-1.0,1.0,-70.0
1777891005.7723324,-2.0,0.0,-76.0
1777891005.7823324,-1.0,-3.0,-73.0
1777891005.7923324,-3.0,0.0,-73.0
1777891005.8023324,-1.0,3.0,-74.0
1777891005.8123324,-1.0,4.0,-73.0
1777891005.8223324,-2.0,7.0,-68.0
1777891005.8323324,-4.0,5.0,-67.0
1777891005.8423324,-6.0,5.0,-68.0
1777891005.8523324,-3.0,5.0,-65.0
1777891005.8623323,0.0,6.0,-62.0
1777891005.8723323,1.0,5.0,-69.0
1777891005.8823323,-5.0,3.0,-69.0
1777891005.8923323,-6.0,3.0,-75.0
1777891005.9023323,-5.0,1.0,-67.0
1777891005.9123323,-5.0,4.0,-69.0
1777891005.9223323,-2.0,2.0,-68.0
1777891005.9323325,-2.0,2.0,-78.0
1777891005.9423325,0.0,4.0,-84.0
1777891005.9523325,0.0,4.0,-83.0
1777891005.9623325,0.0,4.0,-88.0
1777891005.9723325,5.0,3.0,-88.0
1777891005.9823325,0.0,1.0,-83.0
1777891005.9923325,1.0,2.0,-75.0
1777891006.0023324,4.0,1.0,-75.0
1777891006.0123324,1.0,2.0,-76.0
1777891006.0223324,-2.0,0.0,-75.0
1777891006.0323324,0.0,-3.0,-74.0
1777891006.0423324,0.0,-1.0,-71.0
1777891006.0523324,-3.0,0.0,-65.0
1777891006.0623324,-4.0,-3.0,-66.0
1777891006.0723324,-2.0,-1.0,-71.0
1777891006.0823324,0.0,-3.0,-74.0
1777891006.0923324,0.0,-5.0,-75.0
1777891006.1023324,-1.0,-9.0,-76.0
1777891006.1123323,-3.0,-8.0,-75.0
1777891006.1223323,1.0,-4.0,-74.0
1777891006.1323323,1.0,-7.0,-72.0
1777891006.1423323,-2.0,-4.0,-75.0
1777891006.1523323,-8.0,0.0,-75.0
1777891006.1623323,-6.0,-1.0,-75.0
1777891006.1723323,-2.0,-1.0,-76.0
1777891006.1823325,-4.0,-3.0,-76.0
1777891006.1923325,-7.0,-2.0,-78.0
1777891006.2023325,-10.0,0.0,-74.0
1777891006.2123325,-8.0,-2.0,-72.0
1777891006.2223325,-8.0,0.0,-69.0
1777891006.2323325,-5.0,-7.0,-73.0
1777891006.2423325,-5.0,-6.0,-73.0
1777891006.2523324,-1.0,0.0,-71.0
1777891006.2623324,0.0,-2.0,-69.0
1777891006.2723324,0.0,-5.0,-77.0
1777891006.2823324,0.0,-3.0,-80.0
1777891006.2923324,-2.0,-3.0,-74.0
1777891006.3023324,-6.0,-1.0,-80.0
1777891006.3123324,-5.0,-4.0,-75.0
1777891006.3223324,-3.0,-3.0,-69.0
1777891006.3323324,-2.0,-7.0,-75.0
1777891006.3423324,-6.0,-3.0,-78.0
1777891006.3523324,-10.0,-2.0,-77.0
1777891006.3623323,-8.0,0.0,-85.0
1777891006.3723323,0.0,0.0,-85.0
1777891006.3823323,-1.0,0.0,-82.0
1777891006.3923323,0.0,0.0,-73.0
1777891006.4023323,-4.0,1.0,-67.0
1777891006.4123323,-3.0,2.0,-64.0
1777891006.4223323,0.0,2.0,-65.0
1777891006.4323325,5.0,2.0,-70.0
1777891006.4423325,8.0,5.0,-72.0
1777891006.4523325,1.0,9.0,-73.0
1777891006.4623325,-2.0,6.0,-73.0
1777891006.4723325,-5.0,-1.0,-74.0
1777891006.4823325,-5.0,-5.0,-81.0
1777891006.4923325,-9.0,-2.0,-83.0
1777891006.5023324,-4.0,-1.0,-78.0
1777891006.5123324,-5.0,0.0,-82.0
1777891006.5223324,-6.0,0.0,-74.0
1777891006.5323324,-3.0,0.0,-72.0
1777891006.5423324,-1.0,-3.0,-73.0
1777891006.5523324,0.0,0.0,-77.0
1777891006.5623324,1.0,2.0,-75.0
1777891006.5723324,3.0,2.0,-74.0
1777891006.5823324,0.0,0.0,-84.0
1777891006.5923324,0.0,-2.0,-86.0
1777891006.6023324,-1.0,-2.0,-77.0
1777891006.6133325,0.0,-1.0,-77.0
1777891006.6223323,0.0,-2.0,-78.0
1777891006.6333325,-1.0,-5.0,-79.0
1777891006.6433325,-4.0,-2.0,-71.0
1777891006.6533325,0.0,0.0,-71.0
1777891006.6633325,4.0,0.0,-72.0
1777891006.6733325,1.0,-2.0,-74.0
1777891006.6833324,3.0,-5.0,-80.0
1777891006.6933324,1.0,-4.0,-87.0
1777891006.7033324,1.0,1.0,-83.0
1777891006.7133324,5.0,1.0,-77.0
1777891006.7233324,5.0,1.0,-73.0
1777891006.7333324,2.0,-2.0,-73.0
1777891006.7433324,4.0,-1.0,-78.0
1777891006.7533324,2.0,-3.0,-81.0
1777891006.7633324,4.0,-1.0,-81.0
1777891006.7733324,6.0,-2.0,-84.0
1777891006.7833323,9.0,-8.0,-86.0
1777891006.7933323,17.0,-5.0,-81.0
1777891006.8033323,13.0,-3.0,-81.0
1777891006.8133323,14.0,-6.0,-80.0
1777891006.8233323,9.0,-6.0,-78.0
1777891006.8333323,2.0,-11.0,-74.0
1777891006.8433323,4.0,-10.0,-64.0
1777891006.8533323,4.0,-9.0,-61.0
1777891006.8633325,0.0,-5.0,-61.0
1777891006.8733325,-2.0,-3.0,-63.0
1777891006.8833325,-5.0,2.0,-61.0
1777891006.8933325,-5.0,2.0,-65.0
1777891006.9033325,-7.0,1.0,-61.0
1777891006.9133325,-6.0,2.0,-63.0
1777891006.9233325,-6.0,4.0,-66.0
1777891006.9333324,-3.0,2.0,-66.0
1777891006.9433324,-1.0,3.0,-69.0
1777891006.9533324,0.0,7.0,-67.0
1777891006.9633324,-3.0,3.0,-62.0
1777891006.9733324,-3.0,2.0,-60.0
1777891006.9833324,-3.0,4.0,-64.0
1777891006.9933324,-7.0,0.0,-67.0
1777891007.0033324,-9.0,-1.0,-70.0
1777891007.0133324,-2.0,-6.0,-74.0
1777891007.0233324,1.0,-5.0,-80.0
1777891007.0333323,-1.0,-4.0,-78.0
1777891007.0433323,4.0,-1.0,-81.0
1777891007.0533323,4.0,-1.0,-75.0
1777891007.0633323,0.0,0.0,-76.0
1777891007.0733323,0.0,0.0,-71.0
1777891007.0833323,-1.0,-2.0,-75.0
1777891007.0933323,0.0,-4.0,-81.0
1777891007.1033323,0.0,-2.0,-80.0
1777891007.1133325,-1.0,2.0,-76.0
1777891007.1233325,-1.0,5.0,-77.0
1777891007.1333325,0.0,6.0,-72.0
1777891007.1433325,-1.0,3.0,-78.0
1777891007.1533325,-3.0,3.0,-76.0
1777891007.1633325,1.0,3.0,-73.0
1777891007.1733325,0.0,2.0,-61.0
1777891007.1833324,0.0,0.0,-63.0
1777891007.1933324,2.0,-1.0,-64.0
1777891007.2033324,1.0,1.0,-69.0
1777891007.2133324,-4.0,0.0,-70.0
1777891007.2233324,-2.0,1.0,-78.0
1777891007.2333324,0.0,-2.0,-74.0
1777891007.2433324,-1.0,-3.0,-72.0
1777891007.2533324,-1.0,-3.0,-77.0
1777891007.2633324,-1.0,1.0,-68.0
1777891007.2733324,-1.0,3.0,-71.0
1777891007.2833323,-2.0,6.0,-72.0
1777891007.2933323,-5.0,7.0,-68.0
1777891007.3033323,-1.0,4.0,-71.0
1777891007.3133323,0.0,1.0,-75.0
1777891007.3233323,2.0,-3.0,-81.0
1777891007.3333323,4.0,-4.0,-78.0
1777891007.3433323,6.0,-4.0,-70.0
1777891007.3533323,6.0,-7.0,-72.0
1777891007.3633325,6.0,-4.0,-75.0
1777891007.3733325,-1.0,-4.0,-71.0
1777891007.3833325,-1.0,-4.0,-73.0
1777891007.3933325,3.0,-2.0,-71.0
1777891007.4033325,8.0,-3.0,-75.0
1777891007.4133325,5.0,-6.0,-84.0
1777891007.4233325,3.0,-7.0,-82.0
1777891007.4333324,6.0,-6.0,-77.0
1777891007.4433324,9.0,-8.0,-77.0
1777891007.4533324,7.0,-8.0,-76.0
1777891007.4633324,2.0,-9.0,-75.0
1777891007.4733324,9.0,-5.0,-67.0
1777891007.4833324,5.0,-6.0,-65.0
1777891007.4933324,2.0,-6.0,-67.0
1777891007.5033324,3.0,-3.0,-67.0
1777891007.5133324,3.0,-5.0,-66.0
1777891007.5233324,4.0,-3.0,-71.0
1777891007.5333323,7.0,-4.0,-68.0
1777891007.5433323,4.0,-3.0,-67.0
1777891007.5533323,4.0,-6.0,-70.0
1777891007.5633323,6.0,-9.0,-75.0
1777891007.5733323,6.0,-7.0,-78.0
1777891007.5833323,4.0,-5.0,-77.0
1777891007.5933323,0.0,-3.0,-78.0
1777891007.6033323,0.0,-4.0,-76.0
1777891007.6133325,0.0,-3.0,-86.0
1777891007.6233325,3.0,0.0,-83.0
1777891007.6333325,6.0,-5.0,-82.0
1777891007.6433325,0.0,0.0,-77.0
1777891007.6533325,0.0,0.0,-75.0
1777891007.6633325,-1.0,2.0,-76.0
1777891007.6733325,0.0,-1.0,-78.0
1777891007.6833324,2.0,-4.0,-73.0
1777891007.6933324,-1.0,-6.0,-80.0
1777891007.7033324,-4.0,-5.0,-88.0
1777891007.7133324,-5.0,-1.0,-87.0
1777891007.7233324,-6.0,0.0,-83.0
1777891007.7333324,-5.0,1.0,-86.0
1777891007.7433324,-2.0,2.0,-90.0
1777891007.7533324,0.0,0.0,-80.0
1777891007.7633324,0.0,0.0,-76.0
1777891007.7733324,-2.0,-2.0,-73.0
1777891007.7833323,-2.0,3.0,-70.0
1777891007.7933323,-6.0,1.0,-68.0
1777891007.8033323,-2.0,0.0,-75.0
1777891007.8133323,-2.0,-1.0,-74.0
1777891007.8233323,-3.0,-1.0,-70.0
1777891007.8333323,0.0,0.0,-67.0
1777891007.8433323,-1.0,-1.0,-67.0
1777891007.8533323,-8.0,-1.0,-65.0
1777891007.8633325,-8.0,-2.0,-65.0
1777891007.8733325,-8.0,-2.0,-60.0
1777891007.8833325,-10.0,-2.0,-67.0
1777891007.8933325,-7.0,-6.0,-59.0
1777891007.9033325,0.0,-9.0,-64.0
1777891007.9133325,4.0,-5.0,-66.0
1777891007.9233325,2.0,-4.0,-64.0
1777891007.9333324,5.0,-6.0,-63.0
1777891007.9433324,9.0,-6.0,-65.0
1777891007.9533324,10.0,-4.0,-61.0
1777891007.9633324,12.0,-4.0,-65.0
1777891007.9733324,9.0,-2.0,-63.0
1777891007.9833324,3.0,-4.0,-71.0
1777891007.9933324,4.0,-4.0,-74.0
1777891008.0033324,2.0,-7.0,-69.0
1777891008.0133324,1.0,-9.0,-64.0
1777891008.0233324,5.0,-7.0,-72.0
1777891008.0333323,5.0,-3.0,-79.0
1777891008.0433323,5.0,0.0,-79.0
1777891008.0533323,5.0,3.0,-79.0
1777891008.0633323,8.0,0.0,-83.0
1777891008.0733323,6.0,-1.0,-77.0
1777891008.0833323,1.0,-2.0,-67.0
1777891008.0933323,4.0,-3.0,-70.0
1777891008.1033323,5.0,-3.0,-70.0
1777891008.1133325,1.0,-8.0,-75.0
1777891008.1233325,2.0,0.0,-75.0
1777891008.1333325,-3.0,3.0,-79.0
1777891008.1433325,-4.0,7.0,-81.0
1777891008.1533325,-4.0,6.0,-80.0
1777891008.1633325,-2.0,8.0,-80.0
1777891008.1733325,3.0,3.0,-80.0
1777891008.1833324,5.0,2.0,-82.0
1777891008.1933324,4.0,0.0,-79.0
1777891008.2033324,-1.0,-1.0,-77.0
1777891008.2133324,0.0,2.0,-74.0
1777891008.2233324,-2.0,-1.0,-73.0
1777891008.2333324,-1.0,1.0,-75.0
1777891008.2433324,0.0,1.0,-72.0
1777891008.2533324,-1.0,1.0,-72.0
1777891008.2633324,0.0,4.0,-76.0
1777891008.2733324,-5.0,2.0,-76.0
1777891008.2833323,-1.0,0.0,-76.0
1777891008.2933323,-4.0,-4.0,-75.0
1777891008.3033323,1.0,-5.0,-77.0
1777891008.3133323,-1.0,-7.0,-69.0
1777891008.3233323,-6.0,-9.0,-72.0
1777891008.3333323,-7.0,-10.0,-70.0
1777891008.3433323,-9.0,-11.0,-69.0
1777891008.3533323,-9.0,-7.0,-74.0
1777891008.3633325,-9.0,-6.0,-76.0
1777891008.3733325,-1.0,-2.0,-75.0
1777891008.3833325,0.0,-4.0,-81.0
1777891008.3933325,1.0,-7.0,-86.0
1777891008.4033325,0.0,-10.0,-84.0
1777891008.4133325,3.0,-7.0,-68.0
1777891008.4233325,6.0,-10.0,-64.0
1777891008.4333324,5.0,-8.0,-61.0
1777891008.4433324,5.0,-4.0,-64.0
1777891008.4533324,1.0,-5.0,-58.0
1777891008.4633324,0.0,-7.0,-53.0
1777891008.4733324,-1.0,-5.0,-62.0
1777891008.4833324,-3.0,-6.0,-63.0
1777891008.4933324,-6.0,-4.0,-61.0
1777891008.5033324,-4.0,-2.0,-66.0
1777891008.5133324,-6.0,-4.0,-72.0
1777891008.5233324,-8.0,-4.0,-69.0
1777891008.5333323,-4.0,1.0,-68.0
1777891008.5433323,-6.0,4.0,-68.0
1777891008.5533323,-6.0,2.0,-72.0
1777891008.5633323,-3.0,3.0,-64.0
1777891008.5733323,-2.0,1.0,-66.0
1777891008.5833323,-7.0,4.0,-68.0
1777891008.5933323,-8.0,2.0,-65.0
1777891008.6033323,-4.0,0.0,-68.0
1777891008.6143324,-3.0,3.0,-72.0
1777891008.6233325,-1.0,4.0,-69.0
1777891008.6333325,1.0,3.0,-64.0
1777891008.6433325,1.0,3.0,-69.0
1777891008.6543324,1.0,2.0,-68.0
1777891008.6643324,0.0,3.0,-72.0
1777891008.6743324,1.0,4.0,-74.0
1777891008.6843324,7.0,1.0,-76.0
1777891008.6943324,3.0,-2.0,-77.0
1777891008.7043324,0.0,-3.0,-75.0
1777891008.7143323,1.0,-2.0,-77.0
1777891008.7243323,1.0,-2.0,-69.0
1777891008.7343323,4.0,-1.0,-69.0
1777891008.7443323,2.0,2.0,-65.0
1777891008.7543323,3.0,2.0,-67.0
1777891008.7643323,2.0,-1.0,-70.0
1777891008.7753325,2.0,0.0,-68.0
1777891008.7843325,2.0,0.0,-68.0
1777891008.7943325,4.0,0.0,-66.0
1777891008.8043325,0.0,-2.0,-65.0
1777891008.8143325,3.0,-1.0,-69.0
1777891008.8243325,1.0,0.0,-72.0
1777891008.8343325,3.0,-1.0,-76.0
1777891008.8443325,-2.0,-1.0,-76.0
1777891008.8543324,-2.0,0.0,-76.0
1777891008.8643324,-2.0,2.0,-77.0
1777891008.8743324,0.0,0.0,-75.0
1777891008.8843324,0.0,-1.0,-77.0
1777891008.8943324,5.0,-4.0,-79.0
1777891008.9043324,9.0,-3.0,-88.0
1777891008.9143324,7.0,-5.0,-85.0
1777891008.9243324,1.0,-4.0,-80.0
1777891008.9343324,2.0,-1.0,-83.0
1777891008.9443324,0.0,-3.0,-88.0
1777891008.9543324,-2.0,-9.0,-86.0
1777891008.9643323,0.0,-9.0,-79.0
1777891008.9743323,3.0,-10.0,-79.0
1777891008.9843323,2.0,-8.0,-77.0
1777891008.9943323,3.0,-7.0,-74.0
1777891009.0043323,0.0,-3.0,-79.0
1777891009.0143323,4.0,0.0,-79.0
1777891009.0243323,4.0,1.0,-78.0
1777891009.0343325,2.0,0.0,-72.0
1777891009.0443325,5.0,4.0,-71.0
1777891009.0543325,7.0,4.0,-74.0
1777891009.0643325,7.0,5.0,-74.0
1777891009.0743325,6.0,4.0,-71.0
1777891009.0843325,4.0,1.0,-62.0
1777891009.0943325,7.0,0.0,-59.0
1777891009.1043324,2.0,3.0,-55.0
1777891009.1143324,2.0,2.0,-62.0
1777891009.1243324,4.0,2.0,-61.0
1777891009.1343324,4.0,3.0,-61.0
1777891009.1443324,2.0,4.0,-63.0
1777891009.1543324,3.0,2.0,-68.0
1777891009.1643324,5.0,-1.0,-72.0
1777891009.1743324,6.0,-2.0,-73.0
1777891009.1843324,5.0,0.0,-75.0
1777891009.1943324,1.0,-3.0,-72.0
1777891009.2043324,1.0,0.0,-75.0
1777891009.2143323,7.0,-1.0,-76.0
1777891009.2243323,11.0,0.0,-75.0
1777891009.2343323,11.0,2.0,-75.0
1777891009.2443323,14.0,3.0,-78.0
1777891009.2543323,12.0,2.0,-78.0
1777891009.2643323,11.0,2.0,-73.0
1777891009.2743323,8.0,0.0,-74.0
1777891009.2843325,3.0,2.0,-71.0
1777891009.2943325,6.0,0.0,-68.0
1777891009.3043325,5.0,1.0,-76.0
1777891009.3143325,8.0,3.0,-71.0
1777891009.3243325,5.0,-2.0,-68.0
1777891009.3343325,12.0,-7.0,-68.0
1777891009.3443325,10.0,-7.0,-72.0
1777891009.3543324,9.0,-8.0,-70.0
1777891009.3643324,2.0,-7.0,-71.0
1777891009.3743324,0.0,-9.0,-71.0
1777891009.3843324,-1.0,-9.0,-69.0
1777891009.3943324,-1.0,-12.0,-76.0
1777891009.4043324,-1.0,-9.0,-79.0
1777891009.4143324,-3.0,-3.0,-77.0
1777891009.4243324,-3.0,-3.0,-68.0
1777891009.4343324,-1.0,-2.0,-66.0
1777891009.4443324,0.0,1.0,-61.0
1777891009.4543324,2.0,0.0,-66.0
1777891009.4643323,2.0,0.0,-69.0
1777891009.4743323,-4.0,-2.0,-74.0
1777891009.4843323,-3.0,-5.0,-73.0
1777891009.4943323,-2.0,-3.0,-69.0
1777891009.5043323,0.0,-3.0,-70.0
1777891009.5143323,2.0,-4.0,-75.0
1777891009.5243323,3.0,-4.0,-74.0
1777891009.5343325,7.0,-7.0,-79.0
1777891009.5443325,4.0,-6.0,-75.0
1777891009.5543325,2.0,-1.0,-81.0
1777891009.5643325,2.0,-4.0,-73.0
1777891009.5743325,0.0,-5.0,-73.0
1777891009.5843325,1.0,-3.0,-74.0
1777891009.5943325,4.0,0.0,-79.0
1777891009.6043324,3.0,-1.0,-72.0
1777891009.6143324,5.0,0.0,-66.0
1777891009.6243324,6.0,0.0,-64.0
1777891009.6343324,6.0,-1.0,-68.0
1777891009.6443324,0.0,-2.0,-69.0
1777891009.6543324,0.0,-2.0,-69.0
1777891009.6643324,-3.0,-4.0,-73.0
1777891009.6743324,-3.0,-4.0,-76.0
1777891009.6843324,-2.0,-3.0,-73.0
1777891009.6943324,-2.0,-1.0,-76.0
1777891009.7043324,0.0,-3.0,-72.0
1777891009.7143323,-7.0,-2.0,-74.0
1777891009.7243323,-4.0,-1.0,-63.0
1777891009.7343323,0.0,-3.0,-61.0
1777891009.7443323,0.0,-6.0,-67.0
1777891009.7543323,6.0,-3.0,-74.0
1777891009.7643323,7.0,-4.0,-71.0
1777891009.7743323,5.0,-4.0,-67.0
1777891009.7843325,5.0,-6.0,-69.0
1777891009.7943325,6.0,-3.0,-71.0
1777891009.8043325,5.0,-1.0,-73.0
1777891009.8143325,1.0,-4.0,-70.0
1777891009.8243325,2.0,-3.0,-70.0
1777891009.8343325,1.0,-8.0,-69.0
1777891009.8443325,0.0,-8.0,-67.0
1777891009.8543324,5.0,-11.0,-73.0
1777891009.8643324,5.0,-1.0,-72.0
1777891009.8743324,5.0,2.0,-71.0
1777891009.8843324,4.0,1.0,-70.0
1777891009.8943324,5.0,0.0,-72.0
1777891009.9043324,0.0,1.0,-73.0
1777891009.9143324,1.0,0.0,-69.0
1777891009.9243324,0.0,-4.0,-70.0
1777891009.9343324,1.0,-4.0,-70.0
1777891009.9443324,1.0,-5.0,-68.0
1777891009.9543324,2.0,-6.0,-66.0
1777891009.9643323,1.0,-4.0,-73.0
1777891009.9743323,2.0,-3.0,-75.0
1777891009.9843323,1.0,-3.0,-69.0
1777891009.9943323,1.0,-2.0,-71.0
1777891010.0043323,2.0,-6.0,-70.0
1777891010.0143323,2.0,-9.0,-79.0
1777891010.0243323,0.0,-9.0,-84.0
1777891010.0343325,-2.0,-7.0,-85.0
1777891010.0443325,-3.0,-6.0,-78.0
1777891010.0543325,0.0,-5.0,-79.0
1777891010.0643325,4.0,0.0,-77.0
1777891010.0743325,6.0,0.0,-76.0
1777891010.0843325,6.0,-2.0,-72.0
1777891010.0943325,5.0,-3.0,-76.0
1777891010.1043324,6.0,-3.0,-72.0
1777891010.1143324,8.0,-8.0,-68.0
1777891010.1243324,7.0,-6.0,-74.0
1777891010.1343324,5.0,-6.0,-72.0
1777891010.1443324,2.0,-4.0,-69.0
1777891010.1543324,-2.0,-4.0,-75.0
1777891010.1643324,-4.0,-4.0,-84.0
1777891010.1743324,-2.0,-4.0,-79.0
1777891010.1843324,-4.0,-4.0,-75.0
1777891010.1943324,-5.0,-2.0,-78.0
1777891010.2043324,-8.0,-4.0,-81.0
1777891010.2143323,-7.0,-3.0,-80.0
1777891010.2243323,-7.0,-3.0,-80.0
1777891010.2343323,-7.0,-3.0,-80.0
1777891010.2443323,-11.0,-4.0,-77.0
1777891010.2543323,-11.0,-1.0,-70.0
1777891010.2643323,-14.0,0.0,-69.0
1777891010.2743323,-7.0,-1.0,-71.0
1777891010.2843325,-4.0,0.0,-69.0
1777891010.2943325,-5.0,0.0,-68.0
1777891010.3043325,-4.0,1.0,-67.0
1777891010.3143325,1.0,0.0,-70.0
1777891010.3243325,-1.0,0.0,-61.0
1777891010.3343325,1.0,1.0,-63.0
1777891010.3443325,0.0,-1.0,-65.0
1777891010.3543324,0.0,-3.0,-69.0
1777891010.3643324,0.0,-2.0,-66.0
1777891010.3743324,0.0,0.0,-70.0
1777891010.3843324,0.0,2.0,-73.0
1777891010.3943324,0.0,2.0,-67.0
1777891010.4043324,1.0,0.0,-70.0
1777891010.4143324,-2.0,-4.0,-71.0
1777891010.4243324,-2.0,-4.0,-73.0
1777891010.4343324,-1.0,2.0,-73.0
1777891010.4443324,1.0,-3.0,-73.0
1777891010.4543324,2.0,-5.0,-68.0
1777891010.4643323,1.0,-3.0,-67.0
1777891010.4743323,0.0,-6.0,-63.0
1777891010.4843323,1.0,-6.0,-71.0
1777891010.4943323,2.0,-5.0,-66.0
1777891010.5043323,4.0,-4.0,-68.0
1777891010.5143323,4.0,-6.0,-69.0
1777891010.5243323,5.0,-9.0,-61.0
1777891010.5343325,4.0,-8.0,-64.0
1777891010.5443325,8.0,-5.0,-68.0
1777891010.5543325,9.0,-3.0,-75.0
1777891010.5653324,9.0,-3.0,-72.0
1777891010.5743325,9.0,0.0,-71.0
1777891010.5843325,6.0,1.0,-75.0
1777891010.5953324,3.0,0.0,-74.0
1777891010.6043324,4.0,0.0,-72.0
1777891010.6153324,1.0,4.0,-67.0
1777891010.6253324,0.0,5.0,-70.0
1777891010.6353323,3.0,2.0,-80.0
1777891010.6453323,4.0,3.0,-82.0
1777891010.6553323,4.0,0.0,-83.0
1777891010.6653323,3.0,0.0,-82.0
1777891010.6753323,0.0,-1.0,-74.0
1777891010.6853323,-2.0,0.0,-68.0
1777891010.6953323,-1.0,1.0,-73.0
1777891010.7053325,0.0,-1.0,-72.0
1777891010.7153325,-2.0,0.0,-71.0
1777891010.7253325,-3.0,2.0,-72.0
1777891010.7353325,-1.0,1.0,-68.0
1777891010.7453325,-4.0,0.0,-66.0
1777891010.7553325,-2.0,0.0,-63.0
1777891010.7653325,-3.0,0.0,-66.0
1777891010.7753325,-3.0,-2.0,-70.0
1777891010.7853324,-4.0,-4.0,-70.0
1777891010.7953324,-2.0,0.0,-69.0
1777891010.8053324,0.0,-1.0,-60.0
1777891010.8153324,-2.0,-6.0,-66.0
1777891010.8253324,-2.0,-3.0,-70.0
1777891010.8353324,2.0,0.0,-74.0
1777891010.8453324,6.0,0.0,-75.0
1777891010.8553324,6.0,0.0,-69.0
1777891010.8653324,4.0,0.0,-65.0
1777891010.8753324,2.0,3.0,-60.0
1777891010.8853323,2.0,1.0,-59.0
1777891010.8953323,2.0,0.0,-62.0
1777891010.9053323,1.0,-1.0,-63.0
1777891010.9153323,0.0,-6.0,-65.0
1777891010.9253323,-3.0,-3.0,-67.0
1777891010.9353323,-3.0,-5.0,-67.0
1777891010.9453323,-1.0,-6.0,-73.0
1777891010.9553325,-4.0,-7.0,-69.0
1777891010.9653325,1.0,-6.0,-69.0
1777891010.9753325,2.0,-3.0,-73.0
1777891010.9853325,2.0,-2.0,-80.0
1777891010.9953325,0.0,0.0,-81.0
1777891011.0053325,-1.0,-1.0,-81.0
1777891011.0153325,0.0,0.0,-83.0
1777891011.0253325,-1.0,2.0,-86.0
1777891011.0353324,0.0,1.0,-87.0
1777891011.0453324,2.0,3.0,-88.0
1777891011.0553324,2.0,3.0,-88.0
1777891011.0653324,1.0,3.0,-83.0
1777891011.0753324,0.0,2.0,-84.0
1777891011.0853324,2.0,-1.0,-83.0
1777891011.0953324,3.0,-1.0,-81.0
1777891011.1053324,0.0,-1.0,-78.0
1777891011.1153324,0.0,-1.0,-69.0
1777891011.1253324,0.0,-3.0,-63.0
1777891011.1353323,0.0,0.0,-67.0
1777891011.1453323,0.0,0.0,-72.0
1777891011.1553323,-2.0,-3.0,-71.0
1777891011.1653323,-3.0,-2.0,-72.0
1777891011.1753323,-3.0,-3.0,-73.0
1777891011.1853323,2.0,-4.0,-77.0
1777891011.1953323,3.0,-2.0,-79.0
1777891011.2053325,-3.0,-2.0,-82.0
1777891011.2153325,-2.0,-4.0,-79.0
1777891011.2253325,-1.0,-4.0,-76.0
1777891011.2353325,2.0,-1.0,-71.0
1777891011.2453325,2.0,-1.0,-75.0
1777891011.2553325,0.0,-2.0,-75.0
1777891011.2653325,0.0,-3.0,-72.0
1777891011.2753325,2.0,-4.0,-70.0
1777891011.2853324,6.0,0.0,-71.0
1777891011.2953324,7.0,0.0,-68.0
1777891011.3053324,9.0,0.0,-73.0
1777891011.3153324,8.0,2.0,-74.0
1777891011.3253324,6.0,-1.0,-73.0
1777891011.3353324,7.0,-10.0,-65.0
1777891011.3453324,3.0,-11.0,-60.0
1777891011.3553324,1.0,-11.0,-64.0
1777891011.3653324,6.0,-12.0,-71.0
1777891011.3753324,7.0,-7.0,-66.0
1777891011.3853323,6.0,-4.0,-72.0
1777891011.3953323,10.0,-2.0,-73.0
1777891011.4053323,7.0,-5.0,-87.0
1777891011.4153323,1.0,-8.0,-77.0
1777891011.4253323,4.0,-8.0,-69.0
1777891011.4353323,9.0,-2.0,-68.0
1777891011.4453323,6.0,-3.0,-72.0
1777891011.4553325,6.0,-2.0,-69.0
1777891011.4653325,8.0,-1.0,-72.0
1777891011.4753325,4.0,-2.0,-73.0
1777891011.4853325,6.0,-3.0,-72.0
1777891011.4953325,8.0,-1.0,-70.0
1777891011.5053325,8.0,-1.0,-69.0
1777891011.5153325,2.0,0.0,-71.0
1777891011.5253325,1.0,3.0,-73.0
1777891011.5353324,0.0,0.0,-66.0
1777891011.5453324,0.0,0.0,-71.0
1777891011.5553324,0.0,0.0,-70.0
1777891011.5653324,1.0,-2.0,-79.0
1777891011.5753324,6.0,0.0,-82.0
1777891011.5853324,4.0,-1.0,-72.0
1777891011.5953324,1.0,1.0,-74.0
1777891011.6053324,-1.0,0.0,-72.0
1777891011.6153324,0.0,-1.0,-71.0
1777891011.6253324,2.0,0.0,-75.0
1777891011.6353323,1.0,0.0,-80.0
1777891011.6453323,0.0,0.0,-80.0
1777891011.6553323,-3.0,0.0,-84.0
1777891011.6653323,-3.0,2.0,-82.0
1777891011.6753323,-2.0,1.0,-75.0
1777891011.6853323,1.0,-1.0,-77.0
1777891011.6953323,0.0,-5.0,-81.0
1777891011.7053325,1.0,-8.0,-80.0
1777891011.7153325,-4.0,-6.0,-81.0
1777891011.7253325,-4.0,-8.0,-89.0
1777891011.7353325,1.0,-9.0,-89.0
1777891011.7453325,5.0,-9.0,-83.0
1777891011.7553325,5.0,-10.0,-85.0
1777891011.7653325,7.0,-8.0,-86.0
1777891011.7753325,7.0,-7.0,-82.0
1777891011.7853324,9.0,-2.0,-72.0
1777891011.7953324,7.0,-2.0,-69.0
1777891011.8053324,8.0,-5.0,-66.0
1777891011.8153324,9.0,0.0,-75.0
1777891011.8253324,4.0,5.0,-85.0
1777891011.8353324,5.0,9.0,-83.0
1777891011.8453324,2.0,4.0,-82.0
1777891011.8553324,-2.0,1.0,-73.0
1777891011.8653324,-2.0,0.0,-71.0
1777891011.8753324,-1.0,1.0,-68.0
1777891011.8853323,1.0,1.0,-67.0
1777891011.8953323,2.0,2.0,-71.0
1777891011.9053323,2.0,4.0,-69.0
1777891011.9153323,4.0,1.0,-63.0
1777891011.9253323,2.0,2.0,-68.0
1777891011.9353323,3.0,3.0,-69.0
1777891011.9453323,1.0,2.0,-71.0
1777891011.9553325,2.0,0.0,-68.0
1777891011.9653325,5.0,0.0,-74.0
1777891011.9753325,7.0,0.0,-76.0
1777891011.9853325,7.0,-1.0,-79.0
1777891011.9953325,5.0,1.0,-79.0
1777891012.0053325,4.0,0.0,-71.0
1777891012.0153325,5.0,-2.0,-78.0
1777891012.0253325,2.0,-2.0,-72.0
1777891012.0353324,2.0,-3.0,-77.0
1777891012.0453324,2.0,-2.0,-77.0
1777891012.0553324,3.0,1.0,-75.0
1777891012.0653324,0.0,4.0,-74.0
1777891012.0753324,1.0,9.0,-75.0
1777891012.0853324,0.0,8.0,-77.0
1777891012.0953324,0.0,1.0,-80.0
1777891012.1053324,-2.0,-1.0,-78.0
1777891012.1153324,-2.0,0.0,-70.0
1777891012.1253324,0.0,0.0,-76.0
1777891012.1353323,-3.0,0.0,-75.0
1777891012.1453323,-2.0,-4.0,-74.0
1777891012.1553323,-1.0,-6.0,-69.0
1777891012.1653323,0.0,-5.0,-75.0
1777891012.1753323,0.0,0.0,-77.0
1777891012.1853323,0.0,0.0,-78.0
1777891012.1953323,0.0,-1.0,-75.0
1777891012.2053325,-1.0,0.0,-69.0
1777891012.2153325,0.0,-2.0,-68.0
1777891012.2253325,-1.0,-4.0,-70.0
1777891012.2353325,-1.0,-2.0,-72.0
1777891012.2453325,-2.0,1.0,-76.0
1777891012.2553325,1.0,0.0,-74.0
1777891012.2653325,5.0,-2.0,-71.0
1777891012.2753325,7.0,1.0,-64.0
1777891012.2853324,3.0,2.0,-59.0
1777891012.2953324,1.0,1.0,-54.0
1777891012.3053324,1.0,-1.0,-54.0
1777891012.3153324,0.0,-1.0,-55.0
1777891012.3253324,-1.0,0.0,-58.0
1777891012.3353324,-1.0,0.0,-56.0
1777891012.3453324,-2.0,0.0,-51.0
1777891012.3553324,-3.0,-1.0,-53.0
1777891012.3653324,1.0,0.0,-59.0
1777891012.3753324,5.0,6.0,-59.0
1777891012.3853323,3.0,4.0,-68.0
1777891012.3953323,3.0,0.0,-74.0
1777891012.4053323,4.0,-2.0,-72.0
1777891012.4153323,3.0,-1.0,-68.0
1777891012.4253323,0.0,-3.0,-71.0
1777891012.4353323,1.0,-1.0,-74.0
1777891012.4453323,3.0,-2.0,-64.0
1777891012.4553325,0.0,-4.0,-63.0
1777891012.4653325,0.0,-5.0,-59.0
1777891012.4753325,-4.0,-6.0,-62.0
1777891012.4853325,0.0,-3.0,-67.0
1777891012.4953325,2.0,0.0,-67.0
1777891012.5053325,-2.0,-2.0,-65.0
1777891012.5153325,0.0,-3.0,-65.0
1777891012.5253325,3.0,0.0,-69.0
1777891012.5353324,1.0,1.0,-67.0
1777891012.5453324,5.0,-2.0,-66.0
1777891012.5553324,3.0,-3.0,-71.0
1777891012.5653324,3.0,-5.0,-68.0
1777891012.5753324,1.0,-6.0,-66.0
1777891012.5863323,6.0,-5.0,-69.0
1777891012.5953324,7.0,0.0,-82.0
1777891012.6063323,5.0,-4.0,-81.0
1777891012.6163323,7.0,-5.0,-78.0
1777891012.6263323,4.0,0.0,-79.0
1777891012.6363325,2.0,-2.0,-75.0
1777891012.6463325,4.0,-6.0,-70.0
1777891012.6563325,0.0,-5.0,-63.0
1777891012.6663325,-1.0,-3.0,-63.0
1777891012.6763325,-3.0,-1.0,-69.0
1777891012.6863325,-1.0,-3.0,-64.0
1777891012.6963325,-2.0,-7.0,-59.0
1777891012.7063324,-2.0,-6.0,-62.0
1777891012.7163324,-2.0,-3.0,-66.0
1777891012.7263324,-4.0,-2.0,-65.0
1777891012.7363324,0.0,-1.0,-68.0
1777891012.7463324,-1.0,1.0,-74.0
1777891012.7563324,-3.0,0.0,-76.0
1777891012.7663324,-3.0,5.0,-79.0
1777891012.7763324,-6.0,6.0,-81.0
1777891012.7863324,-6.0,3.0,-77.0
1777891012.7963324,-3.0,2.0,-74.0
1777891012.8063323,-3.0,-1.0,-72.0
1777891012.8163323,-4.0,-2.0,-69.0
1777891012.8263323,-2.0,-2.0,-74.0
1777891012.8363323,2.0,-1.0,-71.0
1777891012.8463323,3.0,-2.0,-65.0
1777891012.8563323,8.0,0.0,-60.0
1777891012.8663323,8.0,1.0,-61.0
1777891012.8763323,7.0,2.0,-57.0
1777891012.8863325,7.0,1.0,-65.0
1777891012.8963325,2.0,0.0,-64.0
1777891012.9063325,1.0,-1.0,-67.0
1777891012.9163325,2.0,-1.0,-69.0
1777891012.9263325,3.0,-4.0,-64.0
1777891012.9363325,1.0,-5.0,-68.0
1777891012.9463325,-2.0,-4.0,-70.0
1777891012.9563324,0.0,-2.0,-66.0
1777891012.9663324,2.0,0.0,-71.0
1777891012.9763324,3.0,2.0,-72.0
1777891012.9863324,5.0,2.0,-71.0
1777891012.9963324,8.0,3.0,-69.0
1777891013.0063324,6.0,3.0,-69.0
1777891013.0163324,6.0,0.0,-68.0
1777891013.0263324,2.0,-1.0,-67.0
1777891013.0363324,1.0,0.0,-66.0
1777891013.0463324,0.0,0.0,-68.0
1777891013.0563323,1.0,3.0,-77.0
1777891013.0663323,-1.0,4.0,-74.0
1777891013.0763323,-2.0,3.0,-74.0
1777891013.0863323,-3.0,3.0,-73.0
1777891013.0963323,0.0,4.0,-81.0
1777891013.1063323,0.0,6.0,-86.0
1777891013.1163323,1.0,4.0,-86.0
1777891013.1263323,4.0,4.0,-85.0
1777891013.1363325,4.0,7.0,-84.0
1777891013.1463325,6.0,2.0,-76.0
1777891013.1563325,7.0,1.0,-78.0
1777891013.1663325,8.0,2.0,-77.0
1777891013.1763325,7.0,0.0,-78.0
1777891013.1863325,4.0,-1.0,-80.0
1777891013.1963325,0.0,-2.0,-78.0
1777891013.2063324,3.0,-1.0,-82.0
1777891013.2163324,3.0,1.0,-81.0
1777891013.2263324,-1.0,0.0,-76.0
1777891013.2363324,-1.0,-4.0,-75.0
1777891013.2463324,-3.0,-5.0,-72.0
1777891013.2563324,-5.0,2.0,-76.0
1777891013.2663324,-6.0,0.0,-76.0
1777891013.2763324,-4.0,2.0,-76.0
1777891013.2863324,-1.0,2.0,-68.0
1777891013.2963324,1.0,6.0,-72.0
1777891013.3063323,3.0,7.0,-76.0
1777891013.3163323,-1.0,3.0,-76.0
1777891013.3263323,0.0,0.0,-73.0
1777891013.3363323,0.0,-3.0,-75.0
1777891013.3463323,3.0,-4.0,-76.0
1777891013.3563323,4.0,-3.0,-78.0
1777891013.3663323,-1.0,-2.0,-79.0
1777891013.3763323,0.0,-4.0,-75.0
1777891013.3863325,0.0,-1.0,-76.0
1777891013.3963325,0.0,1.0,-83.0
1777891013.4063325,4.0,3.0,-75.0
1777891013.4163325,1.0,1.0,-76.0
1777891013.4263325,0.0,-3.0,-74.0
1777891013.4363325,3.0,-3.0,-72.0
1777891013.4463325,1.0,-1.0,-66.0
1777891013.4563324,-1.0,-1.0,-63.0
1777891013.4663324,-2.0,-3.0,-63.0
1777891013.4763324,-1.0,-6.0,-66.0
1777891013.4863324,4.0,-9.0,-72.0
1777891013.4963324,5.0,-6.0,-74.0
1777891013.5063324,4.0,-2.0,-77.0
1777891013.5163324,5.0,-5.0,-81.0
1777891013.5263324,6.0,-1.0,-82.0
1777891013.5363324,6.0,-3.0,-79.0
1777891013.5463324,0.0,-3.0,-80.0
1777891013.5563323,0.0,0.0,-81.0
1777891013.5663323,2.0,2.0,-79.0
1777891013.5763323,4.0,0.0,-78.0
1777891013.5863323,4.0,0.0,-76.0
1777891013.5963323,3.0,1.0,-77.0
1777891013.6063323,3.0,1.0,-77.0
1777891013.6163323,5.0,0.0,-72.0
1777891013.6263323,8.0,-3.0,-67.0
1777891013.6363325,6.0,-3.0,-66.0
1777891013.6463325,3.0,-3.0,-67.0
1777891013.6563325,0.0,-3.0,-74.0
1777891013.6663325,0.0,-3.0,-81.0
1777891013.6763325,4.0,-2.0,-81.0
1777891013.6863325,5.0,2.0,-78.0
1777891013.6963325,4.0,4.0,-76.0
1777891013.7063324,4.0,1.0,-76.0
1777891013.7163324,3.0,0.0,-69.0
1777891013.7263324,3.0,-1.0,-70.0
1777891013.7363324,2.0,-5.0,-75.0
1777891013.7463324,3.0,-4.0,-72.0
1777891013.7563324,4.0,-7.0,-73.0
1777891013.7663324,9.0,-10.0,-77.0
1777891013.7763324,1.0,-9.0,-78.0
1777891013.7863324,0.0,-4.0,-81.0
1777891013.7963324,-2.0,-1.0,-80.0
1777891013.8063323,-3.0,0.0,-76.0
1777891013.8163323,-6.0,4.0,-73.0
1777891013.8263323,-6.0,0.0,-68.0
1777891013.8363323,-4.0,0.0,-66.0
1777891013.8463323,-7.0,1.0,-59.0
1777891013.8563323,-3.0,4.0,-63.0
1777891013.8663323,0.0,4.0,-64.0
1777891013.8763323,3.0,3.0,-71.0
1777891013.8863325,2.0,3.0,-68.0
1777891013.8963325,10.0,1.0,-72.0
1777891013.9063325,13.0,1.0,-73.0
1777891013.9163325,15.0,1.0,-72.0
1777891013.9263325,14.0,1.0,-69.0
1777891013.9363325,13.0,3.0,-69.0
1777891013.9463325,8.0,-1.0,-70.0
1777891013.9563324,8.0,0.0,-69.0
1777891013.9663324,7.0,-2.0,-64.0
1777891013.9763324,3.0,-4.0,-71.0
1777891013.9863324,-3.0,-6.0,-70.0
1777891013.9963324,-3.0,-6.0,-69.0
1777891014.0063324,-2.0,-3.0,-64.0
1777891014.0163324,0.0,1.0,-70.0
1777891014.0263324,-2.0,0.0,-69.0
1777891014.0363324,-1.0,0.0,-68.0
1777891014.0463324,0.0,0.0,-68.0
1777891014.0563323,-1.0,0.0,-66.0
1777891014.0663323,1.0,-1.0,-60.0
1777891014.0763323,1.0,5.0,-58.0
1777891014.0863323,0.0,5.0,-59.0
1777891014.0963323,0.0,4.0,-65.0
1777891014.1063323,1.0,2.0,-69.0
1777891014.1163323,0.0,2.0,-72.0
1777891014.1263323,0.0,0.0,-66.0
1777891014.1363325,0.0,7.0,-58.0
1777891014.1463325,4.0,6.0,-61.0
1777891014.1563325,0.0,4.0,-59.0
1777891014.1663325,1.0,3.0,-57.0
1777891014.1763325,3.0,-1.0,-65.0
1777891014.1863325,2.0,-4.0,-70.0
1777891014.1963325,3.0,-7.0,-74.0
1777891014.2063324,2.0,-11.0,-69.0
1777891014.2163324,4.0,-9.0,-76.0
1777891014.2263324,6.0,-5.0,-81.0
1777891014.2363324,6.0,0.0,-81.0
1777891014.2463324,4.0,1.0,-80.0
1777891014.2563324,1.0,1.0,-82.0
1777891014.2663324,2.0,-1.0,-79.0
1777891014.2763324,3.0,-1.0,-75.0
1777891014.2863324,0.0,0.0,-81.0
1777891014.2963324,0.0,-1.0,-76.0
1777891014.3063323,-1.0,-6.0,-74.0
1777891014.3163323,3.0,-4.0,-75.0
1777891014.3263323,-1.0,-6.0,-75.0
1777891014.3363323,-2.0,-4.0,-74.0
1777891014.3463323,1.0,-5.0,-74.0
1777891014.3563323,-3.0,-6.0,-66.0
1777891014.3663323,0.0,-6.0,-71.0
1777891014.3763323,1.0,-1.0,-68.0
1777891014.3863325,1.0,2.0,-63.0
1777891014.3963325,0.0,3.0,-65.0
1777891014.4063325,2.0,7.0,-67.0
1777891014.4163325,1.0,3.0,-69.0
1777891014.4263325,-1.0,5.0,-77.0
1777891014.4363325,-5.0,1.0,-70.0
1777891014.4463325,-4.0,4.0,-70.0
1777891014.4563324,-4.0,5.0,-71.0
1777891014.4663324,-1.0,5.0,-71.0
1777891014.4763324,0.0,5.0,-66.0
1777891014.4863324,0.0,5.0,-68.0
1777891014.4973323,0.0,3.0,-69.0
1777891014.5063324,0.0,6.0,-64.0
1777891014.5163324,1.0,5.0,-65.0
1777891014.5263324,2.0,3.0,-65.0
1777891014.5363324,1.0,3.0,-68.0
1777891014.5463324,2.0,2.0,-73.0
1777891014.5573325,2.0,0.0,-68.0
1777891014.5663323,5.0,-1.0,-66.0
1777891014.5773325,3.0,4.0,-67.0
1777891014.5873325,0.0,2.0,-71.0
1777891014.5963323,1.0,4.0,-71.0
1777891014.6073325,4.0,3.0,-69.0
1777891014.6173325,4.0,3.0,-64.0
1777891014.6273324,10.0,2.0,-63.0
1777891014.6373324,10.0,2.0,-65.0
1777891014.6473324,11.0,4.0,-71.0
1777891014.6573324,4.0,3.0,-77.0
1777891014.6673324,4.0,3.0,-70.0
1777891014.6773324,-1.0,6.0,-75.0
1777891014.6873324,0.0,6.0,-87.0
1777891014.6973324,-1.0,5.0,-90.0
1777891014.7073324,-5.0,3.0,-88.0
1777891014.7173324,-1.0,6.0,-91.0
1777891014.7273324,2.0,5.0,-90.0
1777891014.7373323,6.0,6.0,-86.0
1777891014.7473323,7.0,3.0,-85.0
1777891014.7573323,3.0,0.0,-80.0
1777891014.7673323,5.0,-2.0,-75.0
1777891014.7773323,3.0,-3.0,-74.0
1777891014.7873323,0.0,0.0,-68.0
1777891014.7973323,-2.0,0.0,-68.0
1777891014.8073325,-2.0,-4.0,-78.0
1777891014.8173325,0.0,-6.0,-80.0
1777891014.8273325,2.0,-7.0,-84.0
1777891014.8373325,2.0,-5.0,-79.0
1777891014.8473325,1.0,-3.0,-78.0
1777891014.8573325,3.0,-2.0,-68.0
1777891014.8673325,1.0,-2.0,-68.0
1777891014.8773324,2.0,-1.0,-67.0
1777891014.8873324,-1.0,-2.0,-70.0
1777891014.8973324,-2.0,-2.0,-71.0
1777891014.9073324,-4.0,-1.0,-74.0
1777891014.9173324,-3.0,0.0,-75.0
1777891014.9273324,4.0,-1.0,-69.0
1777891014.9373324,8.0,-4.0,-71.0
1777891014.9473324,7.0,-4.0,-74.0
1777891014.9573324,4.0,0.0,-73.0
1777891014.9673324,5.0,-3.0,-77.0
1777891014.9773324,0.0,-2.0,-75.0
1777891014.9873323,-2.0,-2.0,-75.0
1777891014.9973323,0.0,-1.0,-68.0
1777891015.0073323,3.0,0.0,-68.0
1777891015.0173323,7.0,0.0,-72.0
1777891015.0273323,6.0,-1.0,-78.0
1777891015.0373323,9.0,-4.0,-84.0
1777891015.0473323,6.0,-3.0,-86.0
1777891015.0573325,2.0,0.0,-84.0
1777891015.0673325,1.0,2.0,-83.0
1777891015.0773325,2.0,2.0,-79.0
1777891015.0873325,6.0,1.0,-77.0
1777891015.0973325,9.0,-1.0,-75.0
1777891015.1073325,3.0,-4.0,-76.0
1777891015.1173325,5.0,-4.0,-77.0
1777891015.1273324,3.0,-6.0,-78.0
1777891015.1373324,5.0,-5.0,-80.0
1777891015.1473324,7.0,-5.0,-88.0
1777891015.1573324,6.0,-4.0,-82.0
1777891015.1673324,4.0,-3.0,-74.0
1777891015.1773324,0.0,0.0,-75.0
1777891015.1873324,0.0,1.0,-77.0
1777891015.1973324,-1.0,0.0,-68.0
1777891015.2073324,0.0,0.0,-71.0
1777891015.2173324,0.0,2.0,-67.0
1777891015.2273324,0.0,2.0,-69.0
1777891015.2373323,1.0,1.0,-63.0
1777891015.2473323,3.0,0.0,-67.0
1777891015.2573323,5.0,3.0,-71.0
1777891015.2673323,5.0,5.0,-74.0
1777891015.2773323,5.0,8.0,-72.0
1777891015.2873323,3.0,4.0,-80.0
1777891015.2973323,2.0,-1.0,-81.0
1777891015.3073325,4.0,-2.0,-79.0
1777891015.3173325,1.0,-3.0,-83.0
1777891015.3273325,4.0,-6.0,-83.0
1777891015.3373325,7.0,-5.0,-80.0
1777891015.3473325,1.0,-2.0,-81.0
1777891015.3573325,0.0,-1.0,-72.0
1777891015.3673325,2.0,-3.0,-73.0
1777891015.3773324,2.0,-1.0,-69.0
1777891015.3873324,2.0,-3.0,-68.0
1777891015.3973324,5.0,-5.0,-66.0
1777891015.4073324,1.0,-5.0,-71.0
1777891015.4173324,-5.0,-8.0,-74.0
1777891015.4273324,-5.0,-9.0,-72.0
1777891015.4373324,-4.0,-3.0,-73.0
1777891015.4473324,-1.0,-4.0,-70.0
1777891015.4573324,0.0,-5.0,-69.0
1777891015.4673324,0.0,-7.0,-71.0
1777891015.4773324,0.0,-5.0,-70.0
1777891015.4873323,0.0,-8.0,-78.0
1777891015.4973323,0.0,-12.0,-78.0
1777891015.5073323,-4.0,-13.0,-82.0
1777891015.5173323,-1.0,-7.0,-71.0
1777891015.5273323,-3.0,-3.0,-71.0
1777891015.5373323,-1.0,-4.0,-81.0
1777891015.5473323,-4.0,1.0,-77.0
1777891015.5573325,-5.0,0.0,-75.0
1777891015.5673325,-8.0,-2.0,-79.0
1777891015.5773325,-5.0,4.0,-79.0
1777891015.5873325,-3.0,3.0,-78.0
1777891015.5973325,-5.0,2.0,-76.0
1777891015.6073325,-8.0,3.0,-72.0
1777891015.6173325,-2.0,0.0,-66.0
1777891015.6273324,0.0,-2.0,-68.0
1777891015.6373324,-4.0,0.0,-70.0
1777891015.6473324,0.0,0.0,-75.0
1777891015.6573324,-3.0,3.0,-77.0
1777891015.6673324,0.0,5.0,-75.0
1777891015.6773324,-1.0,8.0,-77.0
1777891015.6873324,0.0,6.0,-78.0
1777891015.6973324,-5.0,3.0,-77.0
1777891015.7073324,-5.0,1.0,-72.0
1777891015.7173324,-1.0,6.0,-66.0
1777891015.7273324,-2.0,7.0,-66.0
1777891015.7373323,-3.0,4.0,-74.0
1777891015.7473323,0.0,7.0,-68.0
1777891015.7573323,1.0,12.0,-67.0
1777891015.7673323,1.0,6.0,-65.0
1777891015.7773323,1.0,-4.0,-68.0
1777891015.7873323,0.0,-4.0,-75.0
1777891015.7973323,0.0,-2.0,-78.0
1777891015.8073325,2.0,-3.0,-74.0
1777891015.8173325,-1.0,0.0,-78.0
1777891015.8273325,-3.0,0.0,-73.0
1777891015.8373325,2.0,0.0,-63.0
1777891015.8473325,3.0,1.0,-68.0
1777891015.8573325,1.0,0.0,-75.0
1777891015.8673325,0.0,0.0,-75.0
1777891015.8773324,3.0,-2.0,-81.0
1777891015.8873324,2.0,-3.0,-86.0
1777891015.8973324,6.0,-2.0,-78.0
1777891015.9073324,6.0,2.0,-71.0
1777891015.9173324,4.0,0.0,-70.0
1777891015.9273324,1.0,0.0,-68.0
1777891015.9373324,-3.0,1.0,-66.0
1777891015.9473324,-3.0,0.0,-63.0
1777891015.9573324,-1.0,-2.0,-62.0
1777891015.9673324,1.0,0.0,-66.0
1777891015.9773324,-1.0,-1.0,-69.0
1777891015.9873323,0.0,0.0,-80.0
1777891015.9973323,-2.0,-3.0,-77.0
1777891016.0073323,1.0,-5.0,-75.0
1777891016.0173323,-1.0,-4.0,-72.0
1777891016.0273323,3.0,1.0,-72.0
1777891016.0373323,1.0,0.0,-64.0
1777891016.0473323,0.0,-1.0,-72.0
1777891016.0573325,-6.0,-1.0,-77.0
1777891016.0673325,-8.0,0.0,-74.0
1777891016.0773325,-5.0,-4.0,-70.0
1777891016.0873325,0.0,0.0,-65.0
1777891016.0973325,0.0,4.0,-68.0
1777891016.1073325,2.0,0.0,-66.0
1777891016.1173325,1.0,2.0,-65.0
1777891016.1273324,3.0,2.0,-69.0
1777891016.1373324,0.0,-2.0,-66.0
1777891016.1483324,0.0,2.0,-67.0
1777891016.1573324,0.0,1.0,-62.0
1777891016.1673324,0.0,3.0,-64.0
1777891016.1773324,3.0,1.0,-60.0
1777891016.1873324,1.0,1.0,-59.0
1777891016.1973324,0.0,3.0,-54.0
1777891016.2073324,-3.0,0.0,-57.0
1777891016.2173324,4.0,4.0,-59.0
1777891016.2273324,7.0,3.0,-62.0
1777891016.2373323,4.0,2.0,-72.0
1777891016.2473323,1.0,1.0,-71.0
1777891016.2573323,6.0,-2.0,-72.0
1777891016.2673323,2.0,-3.0,-69.0
1777891016.2773323,3.0,-3.0,-69.0
1777891016.2873323,8.0,0.0,-71.0
1777891016.2973323,5.0,-2.0,-74.0
1777891016.3073325,4.0,-2.0,-73.0
1777891016.3173325,3.0,-4.0,-76.0
1777891016.3273325,4.0,-4.0,-80.0
1777891016.3373325,6.0,-2.0,-86.0
1777891016.3473325,10.0,-2.0,-78.0
1777891016.3573325,8.0,-6.0,-77.0
1777891016.3673325,4.0,-5.0,-78.0
1777891016.3773324,0.0,-6.0,-80.0
1777891016.3873324,0.0,-3.0,-72.0
1777891016.3973324,0.0,-3.0,-74.0
1777891016.4073324,0.0,-2.0,-73.0
1777891016.4173324,3.0,-1.0,-75.0
1777891016.4273324,2.0,-1.0,-74.0
1777891016.4373324,0.0,-1.0,-75.0
1777891016.4473324,-3.0,-3.0,-71.0
1777891016.4573324,-7.0,-2.0,-75.0
1777891016.4673324,-2.0,-2.0,-81.0
1777891016.4773324,-1.0,0.0,-79.0
1777891016.4873323,5.0,-2.0,-81.0
1777891016.4973323,6.0,0.0,-86.0
1777891016.5073323,2.0,0.0,-86.0
1777891016.5173323,4.0,-2.0,-84.0
1777891016.5283325,1.0,2.0,-84.0
1777891016.5383325,0.0,0.0,-76.0
1777891016.5473323,3.0,0.0,-75.0
1777891016.5583324,5.0,-4.0,-73.0
1777891016.5683324,5.0,-6.0,-66.0
1777891016.5783324,2.0,-3.0,-67.0
1777891016.5883324,3.0,0.0,-65.0
1777891016.5983324,3.0,0.0,-69.0
1777891016.6083324,5.0,0.0,-72.0
1777891016.6183324,0.0,1.0,-70.0
1777891016.6283324,-3.0,-3.0,-69.0
1777891016.6383324,-3.0,-5.0,-73.0
1777891016.6483324,-1.0,-7.0,-78.0
1777891016.6583323,1.0,-8.0,-82.0
1777891016.6683323,3.0,-7.0,-88.0
1777891016.6783323,0.0,-5.0,-85.0
1777891016.6883323,0.0,-6.0,-84.0
1777891016.6983323,3.0,-5.0,-83.0
1777891016.7083323,6.0,-5.0,-79.0
1777891016.7183323,4.0,-3.0,-74.0
1777891016.7283323,2.0,-5.0,-73.0
1777891016.7383325,5.0,-2.0,-77.0
1777891016.7483325,5.0,-2.0,-78.0
1777891016.7583325,2.0,-1.0,-74.0
1777891016.7683325,0.0,1.0,-71.0
1777891016.7783325,3.0,0.0,-64.0
1777891016.7883325,5.0,0.0,-64.0
1777891016.7983325,0.0,-1.0,-67.0
1777891016.8083324,0.0,-1.0,-69.0
1777891016.8183324,0.0,-2.0,-64.0
1777891016.8283324,0.0,-6.0,-69.0
1777891016.8383324,0.0,-4.0,-71.0
1777891016.8483324,0.0,-1.0,-74.0
1777891016.8583324,1.0,4.0,-73.0
1777891016.8683324,2.0,1.0,-75.0
1777891016.8783324,4.0,-2.0,-76.0
1777891016.8883324,-1.0,-2.0,-75.0
1777891016.8983324,-6.0,1.0,-74.0
1777891016.9083323,-9.0,0.0,-72.0
1777891016.9183323,-11.0,1.0,-60.0
1777891016.9283323,-13.0,2.0,-60.0
1777891016.9383323,-17.0,2.0,-67.0
1777891016.9483323,-10.0,0.0,-68.0
1777891016.9583323,-4.0,1.0,-70.0
1777891016.9683323,-5.0,3.0,-71.0
1777891016.9783323,-6.0,1.0,-70.0
1777891016.9883325,-3.0,1.0,-69.0
1777891016.9983325,-2.0,3.0,-71.0
1777891017.0083325,-1.0,1.0,-72.0
1777891017.0183325,0.0,-1.0,-70.0
1777891017.0283325,0.0,0.0,-70.0
1777891017.0383325,0.0,0.0,-68.0
1777891017.0483325,0.0,0.0,-74.0
1777891017.0583324,-1.0,0.0,-82.0
1777891017.0683324,-4.0,-2.0,-79.0
1777891017.0783324,-4.0,-4.0,-73.0
1777891017.0883324,-2.0,-8.0,-74.0
1777891017.0983324,-1.0,-1.0,-71.0
1777891017.1083324,0.0,-3.0,-64.0
1777891017.1183324,0.0,-2.0,-61.0
1777891017.1283324,-1.0,0.0,-63.0
1777891017.1383324,-4.0,0.0,-62.0
1777891017.1483324,-3.0,-4.0,-68.0
1777891017.1583323,-4.0,-4.0,-67.0
1777891017.1683323,-3.0,-4.0,-63.0
1777891017.1783323,0.0,-3.0,-62.0
1777891017.1883323,-4.0,-4.0,-64.0
1777891017.1983323,-4.0,-6.0,-67.0
1777891017.2083323,0.0,-3.0,-64.0
1777891017.2183323,-1.0,-1.0,-67.0
1777891017.2283323,-3.0,0.0,-73.0
1777891017.2383325,0.0,-2.0,-79.0
1777891017.2483325,-1.0,-3.0,-78.0
1777891017.2583325,0.0,0.0,-78.0
1777891017.2683325,0.0,-7.0,-76.0
1777891017.2783325,-3.0,-5.0,-76.0
1777891017.2883325,-2.0,-2.0,-75.0
1777891017.2983325,-4.0,-2.0,-72.0
1777891017.3083324,-1.0,-1.0,-66.0
1777891017.3183324,-1.0,-4.0,-62.0
1777891017.3283324,2.0,-6.0,-63.0
1777891017.3383324,5.0,-5.0,-68.0
1777891017.3483324,2.0,0.0,-73.0
1777891017.3583324,-1.0,-5.0,-71.0
1777891017.3683324,-1.0,-2.0,-72.0
1777891017.3783324,-6.0,-1.0,-72.0
1777891017.3883324,-6.0,1.0,-72.0
1777891017.3983324,-5.0,-2.0,-70.0
1777891017.4083323,0.0,0.0,-73.0
1777891017.4183323,3.0,-1.0,-71.0
1777891017.4283323,2.0,-4.0,-67.0
1777891017.4383323,1.0,-3.0,-71.0
1777891017.4483323,0.0,1.0,-70.0
1777891017.4583323,1.0,1.0,-69.0
1777891017.4683323,1.0,0.0,-66.0
1777891017.4783323,0.0,-3.0,-63.0
1777891017.4883325,2.0,-2.0,-66.0
1777891017.4983325,1.0,-2.0,-73.0
1777891017.5083325,3.0,-1.0,-72.0
1777891017.5183325,1.0,3.0,-77.0
1777891017.5283325,1.0,1.0,-78.0
1777891017.5383325,0.0,0.0,-83.0
1777891017.5483325,-1.0,-1.0,-77.0
1777891017.5583324,-4.0,-1.0,-68.0
1777891017.5683324,-3.0,0.0,-72.0
1777891017.5783324,-1.0,-1.0,-71.0
1777891017.5883324,1.0,-2.0,-71.0
1777891017.5983324,0.0,-5.0,-67.0
1777891017.6083324,-2.0,-6.0,-64.0
1777891017.6183324,0.0,-6.0,-64.0
1777891017.6283324,-1.0,-6.0,-69.0
1777891017.6383324,-2.0,-3.0,-72.0
1777891017.6483324,-7.0,-5.0,-65.0
1777891017.6583323,-5.0,0.0,-62.0
1777891017.6683323,-6.0,-1.0,-61.0
1777891017.6783323,-5.0,-2.0,-57.0
1777891017.6883323,-6.0,-2.0,-64.0
1777891017.6983323,-5.0,-2.0,-65.0
1777891017.7083323,-5.0,0.0,-63.0
1777891017.7183323,-2.0,-2.0,-68.0
1777891017.7283323,-2.0,2.0,-68.0
1777891017.7383325,-3.0,-2.0,-68.0
1777891017.7483325,-2.0,-7.0,-73.0
1777891017.7583325,-2.0,-8.0,-78.0
1777891017.7683325,-1.0,-10.0,-77.0
1777891017.7783325,-2.0,-8.0,-69.0
1777891017.7883325,-4.0,-5.0,-72.0
1777891017.7983325,0.0,-7.0,-73.0
1777891017.8083324,0.0,-10.0,-68.0
1777891017.8183324,-2.0,-11.0,-68.0
1777891017.8283324,-3.0,-7.0,-70.0
1777891017.8383324,-5.0,-6.0,-74.0
1777891017.8483324,-2.0,-5.0,-74.0
1777891017.8583324,-2.0,-5.0,-73.0
1777891017.8683324,-1.0,-3.0,-70.0
1777891017.8783324,0.0,-3.0,-68.0
1777891017.8883324,-7.0,-7.0,-62.0
1777891017.8983324,-2.0,-3.0,-59.0
1777891017.9083323,-4.0,-3.0,-69.0
1777891017.9183323,2.0,3.0,-68.0
1777891017.9283323,1.0,7.0,-66.0
1777891017.9383323,4.0,4.0,-64.0
1777891017.9483323,7.0,1.0,-57.0
1777891017.9583323,6.0,-1.0,-53.0
1777891017.9683323,9.0,-3.0,-57.0
1777891017.9783323,7.0,0.0,-56.0
1777891017.9883325,7.0,-2.0,-61.0
1777891017.9983325,7.0,-1.0,-61.0
1777891018.0083325,6.0,0.0,-67.0
1777891018.0183325,7.0,0.0,-71.0
1777891018.0283325,0.0,-6.0,-70.0
1777891018.0383325,0.0,-12.0,-70.0
1777891018.0483325,1.0,-9.0,-75.0
1777891018.0583324,6.0,-6.0,-66.0
1777891018.0683324,2.0,-4.0,-66.0
1777891018.0783324,-1.0,-3.0,-68.0
1777891018.0883324,4.0,0.0,-74.0
1777891018.0983324,0.0,-2.0,-74.0
1777891018.1083324,-3.0,0.0,-76.0
1777891018.1183324,-3.0,-1.0,-75.0
1777891018.1283324,-1.0,1.0,-69.0
1777891018.1383324,0.0,4.0,-70.0
1777891018.1483324,1.0,1.0,-74.0
1777891018.1583323,0.0,0.0,-76.0
1777891018.1683323,-3.0,0.0,-79.0
1777891018.1783323,-3.0,-3.0,-75.0
1777891018.1883323,-2.0,-9.0,-71.0
1777891018.1983323,-2.0,-9.0,-65.0
1777891018.2083323,0.0,-7.0,-62.0
1777891018.2183323,1.0,-4.0,-63.0
1777891018.2283323,-3.0,-1.0,-61.0
1777891018.2383325,-8.0,-3.0,-63.0
1777891018.2483325,-7.0,-2.0,-67.0
1777891018.2583325,-4.0,-5.0,-66.0
1777891018.2683325,0.0,-9.0,-62.0
1777891018.2783325,0.0,-10.0,-66.0
1777891018.2883325,0.0,-6.0,-65.0
1777891018.2983325,-1.0,-3.0,-66.0
1777891018.3083324,-2.0,-2.0,-71.0
1777891018.3183324,-3.0,-4.0,-68.0
1777891018.3283324,0.0,-3.0,-66.0
1777891018.3383324,3.0,-1.0,-66.0
1777891018.3483324,3.0,-4.0,-64.0
1777891018.3583324,1.0,-3.0,-69.0
1777891018.3683324,-1.0,-3.0,-72.0
1777891018.3783324,-1.0,-2.0,-73.0
1777891018.3883324,-3.0,0.0,-80.0
1777891018.3983324,-6.0,0.0,-79.0
1777891018.4083323,-6.0,0.0,-81.0
1777891018.4183323,-6.0,1.0,-77.0
1777891018.4283323,-6.0,0.0,-76.0
1777891018.4383323,-4.0,0.0,-74.0
1777891018.4483323,-5.0,0.0,-73.0
1777891018.4583323,-3.0,1.0,-67.0
1777891018.4683323,0.0,5.0,-59.0
1777891018.4783323,0.0,5.0,-62.0
1777891018.4883325,-1.0,3.0,-61.0
1777891018.4983325,3.0,3.0,-64.0
1777891018.5083325,7.0,3.0,-63.0
1777891018.5183325,4.0,0.0,-71.0
1777891018.5283325,3.0,-2.0,-67.0
1777891018.5383325,-1.0,-2.0,-68.0
1777891018.5493324,-8.0,1.0,-73.0
1777891018.5593324,-7.0,-3.0,-77.0
1777891018.5693324,-7.0,-2.0,-76.0
1777891018.5793324,-6.0,-4.0,-77.0
1777891018.5893323,-6.0,-4.0,-79.0
1777891018.5993323,0.0,-6.0,-80.0
1777891018.6093323,-4.0,-5.0,-75.0
1777891018.6193323,-2.0,-3.0,-81.0
1777891018.6293323,-3.0,0.0,-84.0
1777891018.6393323,0.0,-2.0,-84.0
1777891018.6493323,1.0,-1.0,-81.0
1777891018.6593325,2.0,-8.0,-83.0
1777891018.6693325,4.0,-8.0,-78.0
1777891018.6793325,2.0,-2.0,-75.0
1777891018.6893325,1.0,1.0,-70.0
1777891018.6993325,4.0,2.0,-71.0
1777891018.7093325,3.0,0.0,-73.0
1777891018.7193325,5.0,-6.0,-69.0
1777891018.7293324,9.0,-4.0,-76.0
1777891018.7393324,11.0,-3.0,-79.0
1777891018.7493324,11.0,-2.0,-79.0
1777891018.7593324,8.0,-5.0,-77.0
1777891018.7693324,1.0,-7.0,-76.0
1777891018.7793324,-3.0,-4.0,-74.0
1777891018.7893324,1.0,-1.0,-70.0
1777891018.7993324,0.0,-3.0,-71.0
1777891018.8093324,-2.0,0.0,-67.0
1777891018.8193324,-2.0,1.0,-68.0
1777891018.8293324,-1.0,0.0,-72.0
1777891018.8393323,-1.0,-1.0,-73.0
1777891018.8493323,0.0,-2.0,-72.0
1777891018.8593323,-3.0,-3.0,-76.0
1777891018.8693323,0.0,-2.0,-75.0
1777891018.8793323,1.0,-1.0,-71.0
1777891018.8893323,-1.0,0.0,-71.0
1777891018.8993323,0.0,1.0,-67.0
1777891018.9093325,0.0,3.0,-64.0
1777891018.9193325,1.0,4.0,-69.0
1777891018.9293325,2.0,1.0,-69.0
1777891018.9393325,6.0,1.0,-69.0
1777891018.9493325,1.0,6.0,-68.0
1777891018.9593325,3.0,5.0,-67.0
1777891018.9693325,3.0,3.0,-71.0
1777891018.9793324,2.0,5.0,-67.0
1777891018.9893324,6.0,2.0,-69.0
1777891018.9993324,3.0,-1.0,-68.0
1777891019.0093324,2.0,1.0,-64.0
1777891019.0193324,0.0,1.0,-66.0
1777891019.0293324,0.0,2.0,-65.0
1777891019.0393324,-3.0,5.0,-59.0
1777891019.0493324,-5.0,5.0,-59.0
1777891019.0593324,0.0,7.0,-57.0
1777891019.0693324,0.0,4.0,-65.0
1777891019.0793324,-2.0,1.0,-66.0
1777891019.0893323,-1.0,2.0,-67.0
1777891019.0993323,-4.0,2.0,-66.0
1777891019.1093323,-6.0,-2.0,-69.0
1777891019.1193323,-3.0,-4.0,-69.0
1777891019.1293323,-4.0,-2.0,-69.0
1777891019.1393323,-2.0,0.0,-67.0
1777891019.1493323,2.0,0.0,-59.0
1777891019.1593325,4.0,3.0,-67.0
1777891019.1693325,3.0,5.0,-67.0
1777891019.1793325,1.0,1.0,-70.0
1777891019.1893325,0.0,-2.0,-70.0
1777891019.1993325,-2.0,-4.0,-73.0
1777891019.2093325,-4.0,-4.0,-74.0
1777891019.2193325,-1.0,-5.0,-74.0
1777891019.2293324,0.0,-12.0,-78.0
1777891019.2393324,2.0,-7.0,-83.0
1777891019.2493324,0.0,-7.0,-79.0
1777891019.2593324,1.0,-2.0,-83.0
1777891019.2693324,-1.0,-2.0,-79.0
1777891019.2793324,-1.0,-2.0,-76.0
1777891019.2893324,0.0,1.0,-77.0
1777891019.2993324,-3.0,0.0,-79.0
1777891019.3093324,-3.0,1.0,-78.0
1777891019.3193324,-3.0,2.0,-71.0
1777891019.3293324,-6.0,0.0,-68.0
1777891019.3393323,0.0,-2.0,-68.0
1777891019.3493323,0.0,-2.0,-72.0
1777891019.3593323,2.0,1.0,-70.0
1777891019.3693323,3.0,2.0,-72.0
1777891019.3793323,4.0,3.0,-71.0
1777891019.3893323,1.0,2.0,-70.0
1777891019.3993323,-1.0,-3.0,-74.0
1777891019.4093325,-4.0,-3.0,-76.0
1777891019.4193325,-4.0,-3.0,-78.0
1777891019.4293325,0.0,-3.0,-74.0
1777891019.4393325,0.0,0.0,-75.0
1777891019.4493325,0.0,-2.0,-73.0
1777891019.4593325,-1.0,0.0,-69.0
1777891019.4693325,0.0,0.0,-69.0
1777891019.4793324,0.0,-1.0,-71.0
1777891019.4893324,0.0,-3.0,-71.0
1777891019.4993324,2.0,-5.0,-68.0
1777891019.5093324,5.0,-1.0,-71.0
1777891019.5193324,7.0,2.0,-67.0
1777891019.5293324,4.0,0.0,-67.0
1777891019.5393324,2.0,0.0,-65.0
1777891019.5493324,0.0,-6.0,-72.0
1777891019.5593324,2.0,-5.0,-74.0
1777891019.5693324,5.0,-5.0,-71.0
1777891019.5793324,4.0,-4.0,-72.0
1777891019.5893323,3.0,-3.0,-78.0
1777891019.5993323,1.0,-4.0,-77.0
1777891019.6093323,0.0,-6.0,-79.0
1777891019.6193323,2.0,-9.0,-71.0
1777891019.6293323,6.0,-9.0,-65.0
1777891019.6393323,6.0,-6.0,-73.0
1777891019.6493323,5.0,-5.0,-75.0
1777891019.6593325,3.0,-4.0,-75.0
1777891019.6693325,4.0,-3.0,-75.0
1777891019.6793325,10.0,-5.0,-68.0
1777891019.6893325,11.0,-5.0,-65.0
1777891019.6993325,9.0,-3.0,-67.0
1777891019.7093325,3.0,-2.0,-63.0
1777891019.7193325,2.0,-2.0,-59.0
1777891019.7293324,1.0,-3.0,-58.0
1777891019.7393324,0.0,-7.0,-61.0
1777891019.7493324,-2.0,0.0,-68.0
1777891019.7593324,-5.0,0.0,-72.0
1777891019.7693324,-4.0,1.0,-74.0
1777891019.7793324,-6.0,-1.0,-75.0
1777891019.7893324,-6.0,-2.0,-69.0
1777891019.7993324,-4.0,1.0,-72.0
1777891019.8093324,3.0,-1.0,-75.0
1777891019.8193324,0.0,2.0,-74.0
1777891019.8293324,-5.0,7.0,-79.0
1777891019.8393323,-5.0,1.0,-74.0
1777891019.8493323,-2.0,1.0,-74.0
1777891019.8593323,0.0,0.0,-72.0
1777891019.8693323,-2.0,-2.0,-64.0
1777891019.8793323,-3.0,-3.0,-56.0
1777891019.8893323,-2.0,-5.0,-57.0
1777891019.8993323,1.0,-6.0,-62.0
1777891019.9093325,2.0,-4.0,-66.0
1777891019.9193325,0.0,-2.0,-64.0
1777891019.9293325,-2.0,-1.0,-68.0
1777891019.9393325,-3.0,-4.0,-71.0
1777891019.9493325,-1.0,-6.0,-75.0
1777891019.9593325,-2.0,-6.0,-73.0
1777891019.9693325,0.0,-6.0,-76.0
1777891019.9793324,3.0,-1.0,-74.0
1777891019.9893324,5.0,-4.0,-77.0
1777891019.9993324,2.0,0.0,-76.0
1777891020.0093324,0.0,1.0,-72.0
1777891020.0193324,-2.0,-4.0,-73.0
1777891020.0293324,-1.0,-3.0,-73.0
1777891020.0393324,-3.0,-2.0,-73.0
1777891020.0493324,0.0,-3.0,-68.0
1777891020.0593324,0.0,-3.0,-60.0
1777891020.0693324,-2.0,-2.0,-57.0
1777891020.0793324,-2.0,0.0,-56.0
1777891020.0893323,3.0,-1.0,-59.0
1777891020.0993323,7.0,-3.0,-66.0
1777891020.1093323,9.0,-4.0,-63.0
1777891020.1193323,9.0,-3.0,-66.0
1777891020.1293323,8.0,-1.0,-71.0
1777891020.1393323,6.0,-3.0,-72.0
1777891020.1493323,9.0,-2.0,-79.0
1777891020.1593325,9.0,-1.0,-77.0
1777891020.1693325,9.0,-2.0,-73.0
1777891020.1793325,1.0,0.0,-73.0
1777891020.1893325,1.0,0.0,-74.0
1777891020.1993325,0.0,0.0,-76.0
1777891020.2093325,1.0,-2.0,-76.0
1777891020.2193325,3.0,-1.0,-73.0
1777891020.2293324,3.0,-1.0,-80.0
1777891020.2393324,0.0,-2.0,-81.0
1777891020.2493324,-2.0,-3.0,-80.0
1777891020.2593324,-1.0,-2.0,-73.0
1777891020.2693324,0.0,-4.0,-76.0
1777891020.2793324,4.0,0.0,-75.0
1777891020.2893324,1.0,-2.0,-72.0
1777891020.2993324,4.0,0.0,-73.0
1777891020.3093324,4.0,-1.0,-76.0
1777891020.3193324,3.0,-5.0,-66.0
1777891020.3293324,0.0,-5.0,-66.0
1777891020.3393323,0.0,-3.0,-62.0
1777891020.3493323,3.0,-1.0,-69.0
1777891020.3593323,5.0,-1.0,-76.0
1777891020.3693323,1.0,-3.0,-75.0
1777891020.3793323,1.0,-4.0,-69.0
1777891020.3893323,3.0,0.0,-70.0
1777891020.3993323,8.0,2.0,-64.0
1777891020.4093325,4.0,-2.0,-67.0
1777891020.4193325,5.0,2.0,-70.0
1777891020.4293325,4.0,0.0,-67.0
1777891020.4393325,0.0,0.0,-72.0
1777891020.4493325,-1.0,-1.0,-70.0
1777891020.4593325,-4.0,-3.0,-71.0
1777891020.4693325,-3.0,-3.0,-73.0
1777891020.4793324,-4.0,-4.0,-78.0
1777891020.4893324,-2.0,-1.0,-77.0
1777891020.4993324,-2.0,-7.0,-78.0
1777891020.5093324,2.0,-5.0,-73.0
1777891020.5203323,3.0,-6.0,-74.0
1777891020.5303323,5.0,-8.0,-67.0
1777891020.5403323,1.0,-9.0,-71.0
1777891020.5503323,-2.0,-10.0,-76.0
1777891020.5603323,-2.0,-9.0,-79.0
1777891020.5703323,-1.0,-10.0,-80.0
1777891020.5803325,0.0,-9.0,-77.0
1777891020.5903325,1.0,-10.0,-78.0
1777891020.6003325,-1.0,-6.0,-77.0
1777891020.6103325,1.0,-2.0,-72.0
1777891020.6203325,0.0,0.0,-75.0
1777891020.6303325,0.0,-4.0,-73.0
1777891020.6403325,1.0,-4.0,-73.0
1777891020.6503325,4.0,-4.0,-71.0
1777891020.6603324,4.0,-5.0,-72.0
1777891020.6703324,5.0,-8.0,-73.0
1777891020.6803324,3.0,-6.0,-75.0
1777891020.6903324,3.0,-6.0,-78.0
1777891020.7003324,2.0,-4.0,-75.0
1777891020.7103324,5.0,-2.0,-76.0
1777891020.7203324,8.0,-3.0,-69.0
1777891020.7303324,4.0,-1.0,-74.0
1777891020.7403324,6.0,-2.0,-81.0
1777891020.7503324,4.0,-7.0,-80.0
1777891020.7603323,7.0,-5.0,-80.0
1777891020.7703323,7.0,-3.0,-79.0
1777891020.7803323,3.0,-1.0,-84.0
1777891020.7903323,1.0,0.0,-85.0
1777891020.8003323,5.0,-3.0,-86.0
1777891020.8103323,1.0,-8.0,-89.0
1777891020.8203323,-1.0,-5.0,-86.0
1777891020.8303325,2.0,-4.0,-78.0
1777891020.8403325,-1.0,-1.0,-71.0
1777891020.8503325,-2.0,0.0,-69.0
1777891020.8603325,3.0,3.0,-66.0
1777891020.8703325,2.0,-2.0,-64.0
1777891020.8803325,0.0,-8.0,-62.0
1777891020.8903325,1.0,-3.0,-63.0
1777891020.9003325,4.0,-6.0,-67.0
1777891020.9103324,9.0,-8.0,-67.0
1777891020.9203324,6.0,-7.0,-76.0
1777891020.9303324,8.0,-4.0,-73.0
1777891020.9403324,9.0,-6.0,-75.0
1777891020.9503324,5.0,-4.0,-73.0
1777891020.9613323,2.0,-2.0,-76.0
1777891020.9703324,-2.0,-4.0,-84.0
1777891020.9803324,0.0,-3.0,-78.0
1777891020.9903324,1.0,0.0,-71.0
1777891021.0003324,0.0,0.0,-67.0
1777891021.0103323,2.0,0.0,-70.0
1777891021.0203323,1.0,0.0,-79.0
1777891021.0303323,-1.0,-5.0,-79.0
1777891021.0403323,-3.0,-8.0,-80.0
1777891021.0503323,0.0,-5.0,-78.0
1777891021.0603323,0.0,-3.0,-78.0
1777891021.0703323,-5.0,-2.0,-75.0
1777891021.0803325,-1.0,0.0,-79.0
1777891021.0903325,1.0,-1.0,-83.0
1777891021.1003325,0.0,-1.0,-77.0
1777891021.1103325,2.0,0.0,-76.0
1777891021.1203325,0.0,-1.0,-74.0
1777891021.1303325,0.0,0.0,-72.0
1777891021.1403325,2.0,1.0,-76.0
1777891021.1503325,-1.0,0.0,-70.0
1777891021.1603324,-3.0,1.0,-66.0
1777891021.1703324,0.0,2.0,-67.0
1777891021.1803324,0.0,0.0,-68.0
1777891021.1903324,2.0,0.0,-74.0
1777891021.2003324,8.0,1.0,-73.0
1777891021.2103324,8.0,3.0,-69.0
1777891021.2203324,10.0,0.0,-70.0
1777891021.2303324,10.0,-1.0,-76.0
1777891021.2403324,8.0,-4.0,-78.0
1777891021.2503324,11.0,-6.0,-77.0
1777891021.2603323,8.0,-6.0,-77.0
1777891021.2703323,4.0,-5.0,-76.0
1777891021.2803323,0.0,-9.0,-74.0
1777891021.2903323,-5.0,-10.0,-77.0
1777891021.3003323,-2.0,-6.0,-80.0
1777891021.3103323,-5.0,-9.0,-77.0
1777891021.3203323,-2.0,-5.0,-79.0
1777891021.3303325,-1.0,-3.0,-68.0
1777891021.3403325,2.0,-4.0,-61.0
1777891021.3503325,3.0,-1.0,-62.0
1777891021.3603325,2.0,-3.0,-63.0
1777891021.3703325,0.0,-3.0,-64.0
1777891021.3803325,2.0,1.0,-68.0
1777891021.3903325,2.0,4.0,-72.0
1777891021.4003325,1.0,2.0,-70.0
1777891021.4103324,4.0,0.0,-65.0
1777891021.4203324,4.0,0.0,-69.0
1777891021.4303324,4.0,-2.0,-71.0
1777891021.4403324,3.0,0.0,-72.0
1777891021.4503324,2.0,-1.0,-69.0
1777891021.4603324,0.0,-1.0,-65.0
1777891021.4703324,5.0,0.0,-64.0
1777891021.4803324,4.0,1.0,-60.0
1777891021.4903324,0.0,2.0,-65.0
1777891021.5003324,2.0,5.0,-67.0
1777891021.5103323,7.0,3.0,-72.0
1777891021.5203323,4.0,1.0,-72.0
1777891021.5303323,0.0,2.0,-77.0
1777891021.5403323,-2.0,3.0,-73.0
1777891021.5503323,-4.0,5.0,-70.0
1777891021.5603323,-4.0,6.0,-70.0
1777891021.5703323,-1.0,2.0,-66.0
1777891021.5803325,1.0,1.0,-69.0
1777891021.5903325,-2.0,-2.0,-66.0
1777891021.6003325,-4.0,1.0,-66.0
1777891021.6103325,1.0,4.0,-76.0
1777891021.6203325,2.0,4.0,-66.0
1777891021.6303325,0.0,6.0,-68.0
1777891021.6403325,2.0,5.0,-61.0
1777891021.6503325,1.0,2.0,-60.0
1777891021.6603324,0.0,1.0,-61.0
1777891021.6703324,-2.0,1.0,-59.0
1777891021.6803324,0.0,0.0,-62.0
1777891021.6903324,-1.0,-2.0,-67.0
1777891021.7003324,-3.0,-2.0,-72.0
1777891021.7103324,-2.0,-2.0,-72.0
1777891021.7203324,2.0,0.0,-67.0
1777891021.7303324,6.0,0.0,-73.0
1777891021.7403324,7.0,0.0,-70.0
1777891021.7503324,4.0,0.0,-75.0
1777891021.7603323,3.0,1.0,-79.0
1777891021.7703323,0.0,1.0,-75.0
1777891021.7803323,0.0,-2.0,-76.0
1777891021.7903323,0.0,-2.0,-71.0
1777891021.8003323,1.0,-7.0,-71.0
1777891021.8103323,-1.0,-10.0,-72.0
1777891021.8203323,0.0,-6.0,-78.0
1777891021.8303325,-2.0,-8.0,-81.0
1777891021.8403325,-1.0,-3.0,-83.0
1777891021.8503325,-1.0,-3.0,-84.0
1777891021.8603325,3.0,-4.0,-78.0
1777891021.8703325,6.0,3.0,-77.0
1777891021.8803325,6.0,4.0,-75.0
1777891021.8903325,2.0,1.0,-72.0
1777891021.9003325,1.0,-1.0,-67.0
1777891021.9103324,0.0,-1.0,-67.0
1777891021.9203324,0.0,-5.0,-67.0
1777891021.9303324,0.0,-2.0,-68.0
1777891021.9403324,2.0,-1.0,-67.0
1777891021.9503324,0.0,-2.0,-75.0
1777891021.9603324,4.0,-4.0,-77.0
1777891021.9703324,4.0,-5.0,-76.0
1777891021.9803324,3.0,-8.0,-77.0
1777891021.9903324,1.0,-7.0,-74.0
1777891022.0003324,0.0,-8.0,-79.0
1777891022.0103323,-2.0,-7.0,-78.0
1777891022.0203323,-4.0,-9.0,-80.0
1777891022.0303323,-4.0,-10.0,-87.0
1777891022.0403323,0.0,-11.0,-83.0
1777891022.0503323,0.0,-6.0,-74.0
1777891022.0603323,0.0,-2.0,-75.0
1777891022.0703323,-2.0,0.0,-78.0
1777891022.0803325,-3.0,1.0,-67.0
1777891022.0903325,-3.0,1.0,-74.0
1777891022.1003325,-1.0,0.0,-73.0
1777891022.1103325,3.0,-3.0,-73.0
1777891022.1203325,2.0,0.0,-68.0
1777891022.1303325,0.0,-1.0,-69.0
1777891022.1403325,-10.0,-3.0,-70.0
1777891022.1503325,-9.0,-3.0,-75.0
1777891022.1603324,-7.0,-3.0,-68.0
1777891022.1703324,-6.0,-3.0,-71.0
1777891022.1803324,-9.0,0.0,-78.0
1777891022.1903324,-9.0,4.0,-80.0
1777891022.2003324,-10.0,1.0,-80.0
1777891022.2103324,0.0,1.0,-75.0
1777891022.2203324,0.0,4.0,-73.0
1777891022.2303324,0.0,3.0,-65.0
1777891022.2403324,0.0,4.0,-60.0
1777891022.2503324,3.0,0.0,-59.0
1777891022.2603323,5.0,-1.0,-62.0
1777891022.2703323,0.0,-1.0,-68.0
1777891022.2803323,0.0,1.0,-63.0
1777891022.2903323,-1.0,5.0,-68.0
1777891022.3003323,0.0,2.0,-71.0
1777891022.3103323,0.0,-4.0,-77.0
1777891022.3203323,-3.0,-6.0,-79.0
1777891022.3303325,-2.0,-10.0,-79.0
1777891022.3403325,-3.0,-8.0,-76.0
1777891022.3503325,-2.0,-13.0,-78.0
1777891022.3603325,1.0,-10.0,-78.0
1777891022.3703325,-2.0,-7.0,-78.0
1777891022.3803325,-1.0,-9.0,-77.0
1777891022.3903325,0.0,-10.0,-73.0
1777891022.4003325,-2.0,-10.0,-79.0
1777891022.4103324,2.0,-11.0,-74.0
1777891022.4203324,8.0,-7.0,-70.0
1777891022.4303324,4.0,-2.0,-68.0
1777891022.4403324,5.0,1.0,-64.0
1777891022.4503324,2.0,-5.0,-60.0
1777891022.4603324,-1.0,-3.0,-64.0
1777891022.4703324,-4.0,0.0,-63.0
1777891022.4803324,0.0,0.0,-69.0
1777891022.4903324,1.0,2.0,-74.0
1777891022.5003324,1.0,-2.0,-80.0
1777891022.5113325,-5.0,-2.0,-76.0
1777891022.5203323,-6.0,0.0,-80.0
1777891022.5313325,-6.0,-3.0,-76.0
1777891022.5413325,-9.0,-4.0,-73.0
1777891022.5513325,-4.0,-3.0,-76.0
1777891022.5613325,-5.0,-4.0,-77.0
1777891022.5713325,-2.0,-3.0,-76.0
1777891022.5813324,-4.0,-5.0,-73.0
1777891022.5913324,-8.0,-6.0,-67.0
1777891022.6013324,-6.0,-4.0,-65.0
1777891022.6113324,-7.0,-3.0,-65.0
1777891022.6213324,-4.0,-1.0,-69.0
1777891022.6313324,-4.0,0.0,-75.0
1777891022.6413324,-3.0,0.0,-80.0
1777891022.6513324,-8.0,-2.0,-73.0
1777891022.6613324,-4.0,-2.0,-68.0
1777891022.6703324,2.0,-4.0,-65.0
1777891022.6813323,3.0,-3.0,-71.0
1777891022.6913323,2.0,-3.0,-70.0
1777891022.7013323,0.0,0.0,-72.0
1777891022.7113323,0.0,2.0,-84.0
1777891022.7213323,3.0,2.0,-88.0
1777891022.7313323,6.0,4.0,-80.0
1777891022.7413323,6.0,7.0,-78.0
1777891022.7513323,6.0,6.0,-74.0
1777891022.7613325,4.0,5.0,-74.0
1777891022.7713325,4.0,4.0,-78.0
1777891022.7813325,2.0,-1.0,-78.0
1777891022.7913325,3.0,-2.0,-70.0
1777891022.8013325,1.0,-3.0,-70.0
1777891022.8113325,0.0,-2.0,-73.0
1777891022.8213325,-3.0,-5.0,-78.0
1777891022.8313324,-3.0,-5.0,-76.0
1777891022.8413324,-4.0,-2.0,-78.0
1777891022.8513324,-3.0,1.0,-78.0
1777891022.8613324,-2.0,2.0,-81.0
1777891022.8713324,-2.0,0.0,-84.0
1777891022.8813324,-2.0,3.0,-78.0
1777891022.8913324,-3.0,1.0,-74.0
1777891022.9013324,-2.0,1.0,-77.0
1777891022.9113324,0.0,4.0,-75.0
1777891022.9213324,2.0,5.0,-75.0
1777891022.9313323,0.0,9.0,-77.0
1777891022.9413323,0.0,4.0,-66.0
1777891022.9513323,-1.0,1.0,-65.0
1777891022.9613323,2.0,-1.0,-74.0
1777891022.9713323,6.0,-4.0,-78.0
1777891022.9813323,8.0,-4.0,-79.0
1777891022.9913323,3.0,-4.0,-76.0
1777891023.0013323,4.0,-2.0,-79.0
1777891023.0113325,3.0,-1.0,-76.0
1777891023.0213325,-3.0,0.0,-73.0
1777891023.0313325,-3.0,-2.0,-68.0
1777891023.0413325,-3.0,-8.0,-67.0
1777891023.0513325,-1.0,-6.0,-62.0
1777891023.0613325,-4.0,-7.0,-57.0
1777891023.0713325,0.0,-8.0,-53.0
1777891023.0813324,-1.0,-5.0,-53.0
1777891023.0913324,0.0,-2.0,-57.0
1777891023.1013324,6.0,-2.0,-62.0
1777891023.1113324,8.0,-4.0,-71.0
1777891023.1213324,7.0,1.0,-70.0
1777891023.1313324,7.0,2.0,-74.0
1777891023.1413324,3.0,2.0,-81.0
1777891023.1513324,1.0,0.0,-74.0
1777891023.1613324,0.0,-4.0,-80.0
1777891023.1713324,-2.0,-7.0,-75.0
1777891023.1813323,2.0,-5.0,-77.0
1777891023.1913323,6.0,-3.0,-82.0
1777891023.2013323,4.0,-4.0,-78.0
1777891023.2113323,0.0,-1.0,-80.0
1777891023.2213323,2.0,-1.0,-81.0
1777891023.2313323,2.0,-1.0,-75.0
1777891023.2413323,3.0,3.0,-73.0
1777891023.2513323,0.0,3.0,-75.0
1777891023.2613325,1.0,2.0,-75.0
1777891023.2713325,2.0,0.0,-72.0
1777891023.2813325,6.0,1.0,-72.0
1777891023.2913325,6.0,0.0,-77.0
1777891023.3013325,1.0,0.0,-74.0
1777891023.3113325,0.0,2.0,-76.0
1777891023.3213325,0.0,3.0,-70.0
1777891023.3313324,0.0,4.0,-70.0
1777891023.3413324,2.0,5.0,-75.0
1777891023.3513324,2.0,1.0,-77.0
1777891023.3613324,3.0,1.0,-78.0
1777891023.3713324,1.0,5.0,-79.0
1777891023.3813324,-2.0,5.0,-79.0
1777891023.3913324,-6.0,9.0,-77.0
1777891023.4013324,-9.0,11.0,-79.0
1777891023.4113324,-2.0,5.0,-82.0
1777891023.4213324,0.0,4.0,-81.0
1777891023.4313323,2.0,7.0,-77.0
1777891023.4413323,3.0,2.0,-69.0
1777891023.4513323,7.0,1.0,-68.0
1777891023.4613323,5.0,0.0,-68.0
1777891023.4713323,10.0,-1.0,-73.0
1777891023.4813323,3.0,0.0,-74.0
1777891023.4913323,0.0,0.0,-69.0
1777891023.5013323,-5.0,3.0,-66.0
1777891023.5113325,-8.0,-2.0,-60.0
1777891023.5213325,-5.0,-2.0,-57.0
1777891023.5313325,0.0,1.0,-60.0
1777891023.5413325,1.0,3.0,-62.0
1777891023.5513325,0.0,2.0,-65.0
1777891023.5613325,0.0,3.0,-61.0
1777891023.5713325,0.0,2.0,-61.0
1777891023.5813324,3.0,3.0,-65.0
1777891023.5913324,7.0,2.0,-64.0
1777891023.6013324,6.0,0.0,-68.0
1777891023.6113324,0.0,0.0,-71.0
1777891023.6213324,0.0,3.0,-70.0
1777891023.6313324,3.0,1.0,-71.0
1777891023.6413324,2.0,1.0,-70.0
1777891023.6513324,0.0,0.0,-81.0
1777891023.6613324,-2.0,-2.0,-80.0
1777891023.6713324,-5.0,-8.0,-84.0
1777891023.6813323,-3.0,-6.0,-79.0
1777891023.6913323,-2.0,-5.0,-73.0
1777891023.7013323,0.0,-6.0,-71.0
1777891023.7113323,5.0,-3.0,-65.0
1777891023.7213323,2.0,0.0,-64.0
1777891023.7313323,-1.0,2.0,-63.0
1777891023.7413323,-6.0,4.0,-62.0
1777891023.7513323,-4.0,0.0,-59.0
1777891023.7613325,-5.0,-4.0,-68.0
1777891023.7713325,-4.0,-4.0,-77.0
1777891023.7813325,-9.0,-9.0,-77.0
1777891023.7913325,-5.0,-11.0,-70.0
1777891023.8013325,-1.0,-8.0,-72.0
1777891023.8113325,-2.0,-6.0,-70.0
1777891023.8213325,0.0,-4.0,-69.0
1777891023.8313324,-1.0,-3.0,-66.0
1777891023.8413324,0.0,-6.0,-70.0
1777891023.8513324,-1.0,-4.0,-70.0
1777891023.8613324,0.0,0.0,-75.0
1777891023.8713324,3.0,-3.0,-79.0
1777891023.8813324,5.0,-3.0,-77.0
1777891023.8913324,4.0,-4.0,-71.0
1777891023.9013324,4.0,-5.0,-76.0
1777891023.9113324,-1.0,-1.0,-74.0
1777891023.9213324,-3.0,-2.0,-72.0
1777891023.9313323,-6.0,0.0,-77.0
1777891023.9413323,-4.0,-1.0,-79.0
1777891023.9513323,-2.0,-2.0,-75.0
1777891023.9613323,-1.0,1.0,-75.0
1777891023.9713323,-3.0,2.0,-71.0
1777891023.9813323,-3.0,2.0,-72.0
1777891023.9913323,-3.0,6.0,-79.0
1777891024.0013323,-3.0,0.0,-75.0
1777891024.0113325,-4.0,0.0,-60.0
1777891024.0213325,-5.0,0.0,-58.0
1777891024.0313325,-3.0,0.0,-65.0
1777891024.0413325,-5.0,1.0,-66.0
1777891024.0513325,-5.0,0.0,-67.0
1777891024.0613325,-7.0,-3.0,-62.0
1777891024.0713325,-7.0,-3.0,-62.0
1777891024.0813324,-9.0,0.0,-69.0
1777891024.0913324,-4.0,5.0,-70.0
1777891024.1013324,2.0,9.0,-70.0
1777891024.1113324,3.0,6.0,-71.0
1777891024.1213324,4.0,1.0,-78.0
1777891024.1313324,1.0,2.0,-85.0
1777891024.1413324,3.0,3.0,-84.0
1777891024.1513324,0.0,3.0,-83.0
1777891024.1613324,2.0,0.0,-80.0
1777891024.1713324,2.0,-1.0,-79.0
1777891024.1813323,1.0,2.0,-74.0
1777891024.1913323,4.0,0.0,-76.0
1777891024.2013323,2.0,-3.0,-81.0
1777891024.2113323,0.0,-4.0,-81.0
1777891024.2213323,-3.0,-4.0,-79.0
1777891024.2313323,0.0,-3.0,-80.0
1777891024.2413323,3.0,-3.0,-75.0
1777891024.2513323,1.0,-8.0,-70.0
1777891024.2613325,3.0,-8.0,-70.0
1777891024.2713325,5.0,-5.0,-68.0
1777891024.2813325,7.0,-5.0,-67.0
1777891024.2913325,9.0,-3.0,-64.0
1777891024.3013325,6.0,-5.0,-62.0
1777891024.3113325,5.0,-5.0,-64.0
1777891024.3213325,6.0,-7.0,-63.0
1777891024.3313324,1.0,-8.0,-66.0
1777891024.3413324,5.0,-6.0,-73.0
1777891024.3513324,4.0,-6.0,-69.0
1777891024.3613324,6.0,-1.0,-64.0
1777891024.3713324,6.0,-3.0,-70.0
1777891024.3813324,3.0,-6.0,-66.0
1777891024.3913324,2.0,-4.0,-68.0
1777891024.4013324,2.0,-5.0,-70.0
1777891024.4113324,6.0,-6.0,-68.0
1777891024.4213324,12.0,-6.0,-73.0
1777891024.4313323,11.0,-9.0,-76.0
1777891024.4413323,11.0,-10.0,-80.0
1777891024.4513323,5.0,-10.0,-78.0
1777891024.4613323,0.0,-10.0,-78.0
1777891024.4713323,2.0,-9.0,-74.0
1777891024.4813323,0.0,-9.0,-78.0
1777891024.4913323,-3.0,-10.0,-78.0
1777891024.5013323,-5.0,-16.0,-80.0
1777891024.5123324,-4.0,-12.0,-76.0
1777891024.5223324,-3.0,-13.0,-71.0
1777891024.5323324,0.0,-10.0,-77.0
1777891024.5423324,5.0,-6.0,-86.0
1777891024.5523324,7.0,-2.0,-80.0
1777891024.5623324,0.0,4.0,-77.0
1777891024.5723324,4.0,2.0,-72.0
1777891024.5823324,5.0,0.0,-73.0
1777891024.5923324,3.0,-6.0,-77.0
1777891024.6023324,4.0,-2.0,-82.0
1777891024.6123323,2.0,0.0,-79.0
1777891024.6223323,2.0,2.0,-78.0
1777891024.6333325,3.0,1.0,-73.0
1777891024.6423323,4.0,0.0,-74.0
1777891024.6523323,3.0,-2.0,-65.0
1777891024.6623323,0.0,-3.0,-63.0
1777891024.6723323,1.0,-2.0,-64.0
1777891024.6823325,-1.0,1.0,-65.0
1777891024.6923325,0.0,3.0,-63.0
1777891024.7023325,1.0,1.0,-65.0
1777891024.7123325,0.0,0.0,-68.0
1777891024.7223325,-1.0,1.0,-68.0
1777891024.7323325,-2.0,2.0,-69.0
1777891024.7423325,-4.0,1.0,-62.0
1777891024.7523324,-6.0,4.0,-66.0
1777891024.7623324,-6.0,2.0,-60.0
1777891024.7723324,-10.0,3.0,-65.0
1777891024.7823324,-11.0,0.0,-73.0
1777891024.7923324,-7.0,-5.0,-77.0
1777891024.8023324,-2.0,-4.0,-78.0
1777891024.8123324,2.0,-1.0,-75.0
1777891024.8223324,2.0,0.0,-74.0
1777891024.8323324,1.0,-1.0,-75.0
1777891024.8423324,-1.0,0.0,-78.0
1777891024.8523324,-1.0,1.0,-75.0
1777891024.8623323,0.0,1.0,-78.0
1777891024.8723323,6.0,-1.0,-85.0
1777891024.8823323,8.0,0.0,-91.0
1777891024.8923323,8.0,2.0,-86.0
1777891024.9023323,7.0,0.0,-86.0
1777891024.9123323,3.0,0.0,-85.0
1777891024.9223323,0.0,-2.0,-83.0
1777891024.9323325,0.0,0.0,-80.0
1777891024.9423325,4.0,2.0,-81.0
1777891024.9523325,4.0,0.0,-73.0
1777891024.9623325,6.0,-2.0,-72.0
1777891024.9723325,6.0,-3.0,-76.0
1777891024.9823325,8.0,0.0,-80.0
1777891024.9923325,6.0,0.0,-82.0
1777891025.0023324,1.0,-3.0,-83.0
1777891025.0123324,0.0,-6.0,-76.0
1777891025.0223324,1.0,-5.0,-77.0
1777891025.0323324,0.0,-4.0,-78.0
1777891025.0423324,2.0,-5.0,-83.0
1777891025.0523324,-3.0,-2.0,-86.0
1777891025.0623324,-6.0,-3.0,-81.0
1777891025.0723324,-5.0,-3.0,-75.0
1777891025.0823324,-3.0,-2.0,-73.0
1777891025.0923324,0.0,0.0,-73.0
1777891025.1023324,4.0,-1.0,-72.0
1777891025.1123323,9.0,-3.0,-68.0
1777891025.1223323,7.0,-1.0,-58.0
1777891025.1323323,7.0,0.0,-69.0
1777891025.1423323,9.0,0.0,-73.0
1777891025.1523323,4.0,2.0,-71.0
1777891025.1623323,5.0,5.0,-68.0
1777891025.1723323,3.0,5.0,-70.0
1777891025.1823325,2.0,1.0,-67.0
1777891025.1923325,4.0,0.0,-66.0
1777891025.2023325,7.0,1.0,-66.0
1777891025.2123325,8.0,1.0,-65.0
1777891025.2223325,8.0,2.0,-68.0
1777891025.2323325,10.0,1.0,-69.0
1777891025.2423325,9.0,-3.0,-76.0
1777891025.2523324,5.0,-5.0,-78.0
1777891025.2623324,7.0,-8.0,-78.0
1777891025.2723324,3.0,-5.0,-77.0
1777891025.2823324,3.0,-5.0,-72.0
1777891025.2923324,1.0,-5.0,-64.0
1777891025.3023324,0.0,-1.0,-66.0
1777891025.3123324,2.0,-2.0,-72.0
1777891025.3223324,0.0,-3.0,-72.0
1777891025.3323324,1.0,-1.0,-73.0
1777891025.3423324,0.0,0.0,-81.0
1777891025.3523324,1.0,-4.0,-84.0
1777891025.3623323,2.0,-6.0,-82.0
1777891025.3723323,4.0,-5.0,-80.0
1777891025.3823323,1.0,-5.0,-78.0
1777891025.3923323,-3.0,-5.0,-69.0
1777891025.4023323,1.0,-3.0,-72.0
1777891025.4123323,-1.0,0.0,-75.0
1777891025.4223323,-7.0,2.0,-72.0
1777891025.4323325,-4.0,2.0,-72.0
1777891025.4423325,-2.0,3.0,-77.0
1777891025.4523325,-3.0,1.0,-81.0
1777891025.4623325,-3.0,-3.0,-75.0
1777891025.4723325,-2.0,-6.0,-71.0
1777891025.4823325,-8.0,-4.0,-66.0
1777891025.4923325,-7.0,-1.0,-66.0
1777891025.5023324,-6.0,-1.0,-68.0
1777891025.5123324,-8.0,-1.0,-68.0
1777891025.5223324,-2.0,0.0,-62.0
1777891025.5323324,0.0,0.0,-61.0
1777891025.5423324,-3.0,1.0,-61.0
1777891025.5523324,-8.0,-3.0,-57.0
1777891025.5623324,-8.0,-7.0,-55.0
1777891025.5723324,-3.0,-4.0,-56.0
1777891025.5823324,-2.0,-5.0,-60.0
1777891025.5923324,-4.0,-6.0,-65.0
1777891025.6023324,-3.0,-3.0,-62.0
1777891025.6123323,-1.0,-2.0,-62.0
1777891025.6223323,0.0,-2.0,-58.0
1777891025.6323323,-3.0,1.0,-58.0
1777891025.6423323,3.0,0.0,-60.0
1777891025.6523323,5.0,-2.0,-59.0
1777891025.6623323,0.0,-6.0,-58.0
1777891025.6723323,0.0,-4.0,-61.0
1777891025.6823325,3.0,-3.0,-58.0
1777891025.6923325,2.0,-1.0,-64.0
1777891025.7023325,1.0,-1.0,-73.0
1777891025.7123325,-1.0,-1.0,-72.0
1777891025.7223325,0.0,1.0,-69.0
1777891025.7323325,0.0,3.0,-62.0
1777891025.7423325,-4.0,8.0,-61.0
1777891025.7523324,-2.0,3.0,-64.0
1777891025.7623324,5.0,-3.0,-69.0
1777891025.7723324,7.0,-3.0,-73.0
1777891025.7823324,7.0,0.0,-69.0
1777891025.7923324,3.0,2.0,-78.0
1777891025.8023324,2.0,1.0,-78.0
1777891025.8123324,0.0,2.0,-74.0
1777891025.8223324,-2.0,1.0,-77.0
1777891025.8323324,-3.0,1.0,-71.0
1777891025.8423324,-2.0,2.0,-73.0
1777891025.8523324,-1.0,0.0,-70.0
1777891025.8623323,0.0,1.0,-60.0
1777891025.8723323,2.0,2.0,-63.0
1777891025.8823323,0.0,3.0,-59.0
1777891025.8923323,3.0,4.0,-58.0
1777891025.9023323,1.0,4.0,-64.0
1777891025.9123323,0.0,4.0,-74.0
1777891025.9223323,3.0,2.0,-74.0
1777891025.9323325,1.0,-2.0,-71.0
1777891025.9423325,0.0,0.0,-72.0
1777891025.9523325,-1.0,3.0,-75.0
1777891025.9623325,-5.0,2.0,-82.0
1777891025.9723325,-4.0,3.0,-80.0
1777891025.9823325,-4.0,0.0,-84.0
1777891025.9923325,0.0,2.0,-88.0
1777891026.0023324,0.0,-1.0,-83.0
1777891026.0123324,6.0,0.0,-80.0
1777891026.0223324,9.0,3.0,-71.0
1777891026.0323324,4.0,3.0,-69.0
1777891026.0423324,5.0,0.0,-73.0
1777891026.0523324,5.0,0.0,-74.0
1777891026.0623324,0.0,3.0,-71.0
1777891026.0723324,0.0,2.0,-73.0
1777891026.0823324,-1.0,7.0,-71.0
1777891026.0923324,-4.0,7.0,-73.0
1777891026.1023324,-2.0,5.0,-79.0
1777891026.1123323,-4.0,3.0,-80.0
1777891026.1223323,-3.0,4.0,-80.0
1777891026.1323323,-1.0,0.0,-75.0
1777891026.1423323,-4.0,-3.0,-72.0
1777891026.1523323,-3.0,-8.0,-71.0
1777891026.1623323,-3.0,-3.0,-70.0
1777891026.1723323,-1.0,0.0,-70.0
1777891026.1823325,-3.0,3.0,-67.0
1777891026.1923325,-1.0,0.0,-66.0
1777891026.2023325,-1.0,-3.0,-66.0
1777891026.2123325,5.0,-2.0,-67.0
1777891026.2223325,8.0,-5.0,-70.0
1777891026.2323325,7.0,-5.0,-69.0
1777891026.2423325,4.0,-5.0,-65.0
1777891026.2523324,4.0,-1.0,-64.0
1777891026.2623324,0.0,-3.0,-64.0
1777891026.2723324,0.0,-5.0,-74.0
1777891026.2823324,0.0,-6.0,-71.0
1777891026.2923324,1.0,-3.0,-76.0
1777891026.3023324,1.0,-3.0,-77.0
1777891026.3123324,4.0,-3.0,-82.0
1777891026.3223324,2.0,-3.0,-78.0
1777891026.3323324,-1.0,-4.0,-86.0
1777891026.3423324,0.0,-2.0,-91.0
1777891026.3523324,4.0,1.0,-82.0
1777891026.3623323,5.0,1.0,-73.0
1777891026.3723323,3.0,-1.0,-75.0
1777891026.3823323,1.0,-5.0,-73.0
1777891026.3923323,3.0,-1.0,-76.0
1777891026.4023323,6.0,-2.0,-73.0
1777891026.4123323,4.0,-3.0,-73.0
1777891026.4223323,3.0,-3.0,-69.0
1777891026.4323325,5.0,-5.0,-71.0
1777891026.4423325,6.0,-6.0,-77.0
1777891026.4523325,5.0,-4.0,-71.0
1777891026.4623325,2.0,-2.0,-71.0
1777891026.4723325,0.0,-1.0,-80.0
1777891026.4823325,0.0,-1.0,-75.0
1777891026.4933324,2.0,-1.0,-71.0
1777891026.5033324,-1.0,-3.0,-70.0
1777891026.5123324,-2.0,-2.0,-68.0
1777891026.5233324,-1.0,2.0,-65.0
1777891026.5333323,1.0,0.0,-71.0
1777891026.5433323,1.0,1.0,-73.0
1777891026.5533323,3.0,0.0,-70.0
1777891026.5633323,3.0,0.0,-66.0
1777891026.5733323,-2.0,2.0,-63.0
1777891026.5833323,-3.0,5.0,-63.0
1777891026.5933323,-3.0,6.0,-67.0
1777891026.6033323,0.0,5.0,-71.0
1777891026.6133325,0.0,0.0,-71.0
1777891026.6233325,1.0,0.0,-71.0
1777891026.6333325,2.0,3.0,-71.0
1777891026.6433325,3.0,3.0,-72.0
1777891026.6533325,3.0,-1.0,-74.0
1777891026.6633325,5.0,0.0,-66.0
1777891026.6733325,-1.0,-3.0,-63.0
1777891026.6833324,-1.0,-5.0,-65.0
1777891026.6933324,4.0,-4.0,-67.0
1777891026.7033324,2.0,-2.0,-68.0
1777891026.7133324,2.0,-2.0,-66.0
1777891026.7233324,3.0,0.0,-68.0
1777891026.7333324,4.0,0.0,-72.0
1777891026.7433324,4.0,1.0,-72.0
1777891026.7533324,5.0,3.0,-67.0
1777891026.7633324,4.0,4.0,-63.0
1777891026.7733324,2.0,5.0,-64.0
1777891026.7833323,0.0,3.0,-64.0
1777891026.7933323,-4.0,0.0,-64.0
1777891026.8033323,-3.0,-1.0,-66.0
1777891026.8133323,-2.0,0.0,-69.0
1777891026.8233323,3.0,-1.0,-65.0
1777891026.8333323,0.0,-4.0,-59.0
1777891026.8433323,-5.0,-2.0,-62.0
1777891026.8533323,-5.0,-2.0,-62.0
1777891026.8633325,-4.0,-1.0,-67.0
1777891026.8733325,-2.0,0.0,-67.0
1777891026.8833325,-2.0,-3.0,-66.0
1777891026.8933325,-2.0,-7.0,-67.0
1777891026.9033325,-3.0,-8.0,-66.0
1777891026.9133325,1.0,-9.0,-69.0
1777891026.9233325,1.0,-6.0,-72.0
1777891026.9333324,0.0,-2.0,-72.0
1777891026.9433324,0.0,-1.0,-74.0
1777891026.9533324,1.0,-6.0,-72.0
1777891026.9633324,0.0,-5.0,-75.0
1777891026.9733324,-4.0,-4.0,-78.0
1777891026.9833324,-5.0,-4.0,-76.0
1777891026.9933324,-7.0,1.0,-71.0
1777891027.0033324,-5.0,-4.0,-71.0
1777891027.0133324,-1.0,-6.0,-70.0
1777891027.0233324,4.0,-4.0,-75.0
1777891027.0333323,4.0,-2.0,-71.0
1777891027.0433323,3.0,0.0,-77.0
1777891027.0533323,2.0,0.0,-75.0
1777891027.0633323,0.0,1.0,-69.0
1777891027.0733323,0.0,2.0,-63.0
1777891027.0833323,-2.0,2.0,-67.0
1777891027.0933323,2.0,0.0,-65.0
1777891027.1033323,2.0,3.0,-64.0
1777891027.1133325,4.0,4.0,-63.0
1777891027.1233325,3.0,3.0,-64.0
1777891027.1333325,4.0,4.0,-58.0
1777891027.1433325,2.0,7.0,-57.0
1777891027.1533325,2.0,5.0,-58.0
1777891027.1633325,2.0,3.0,-61.0
1777891027.1733325,5.0,-1.0,-66.0
1777891027.1833324,6.0,-2.0,-65.0
1777891027.1933324,6.0,-4.0,-60.0
1777891027.2033324,2.0,-3.0,-64.0
1777891027.2133324,0.0,4.0,-67.0
1777891027.2233324,-2.0,3.0,-67.0
1777891027.2333324,-2.0,7.0,-71.0
1777891027.2433324,-2.0,7.0,-71.0
1777891027.2533324,-2.0,4.0,-78.0
1777891027.2633324,-1.0,5.0,-79.0
1777891027.2733324,3.0,5.0,-78.0
1777891027.2833323,0.0,4.0,-77.0
1777891027.2933323,-1.0,4.0,-77.0
1777891027.3033323,-2.0,1.0,-74.0
1777891027.3133323,-6.0,2.0,-79.0
1777891027.3233323,-7.0,0.0,-73.0
1777891027.3333323,-8.0,3.0,-65.0
1777891027.3433323,-8.0,0.0,-68.0
1777891027.3533323,-5.0,0.0,-69.0
1777891027.3633325,-7.0,-4.0,-68.0
1777891027.3733325,-3.0,-3.0,-73.0
1777891027.3833325,0.0,-5.0,-73.0
1777891027.3933325,-1.0,0.0,-77.0
1777891027.4033325,2.0,0.0,-70.0
1777891027.4133325,-1.0,3.0,-74.0
1777891027.4233325,-2.0,3.0,-71.0
1777891027.4333324,-4.0,3.0,-68.0
1777891027.4433324,0.0,1.0,-64.0
1777891027.4533324,-2.0,0.0,-68.0
1777891027.4633324,-4.0,-2.0,-64.0
1777891027.4733324,-4.0,-5.0,-65.0
1777891027.4833324,-2.0,-9.0,-62.0
1777891027.4933324,-1.0,-9.0,-63.0
1777891027.5033324,-4.0,-8.0,-63.0
1777891027.5133324,0.0,-5.0,-63.0
1777891027.5233324,5.0,-7.0,-66.0
1777891027.5333323,8.0,-5.0,-66.0
1777891027.5433323,6.0,-6.0,-74.0
1777891027.5533323,4.0,-4.0,-76.0
1777891027.5633323,4.0,-2.0,-77.0
1777891027.5733323,6.0,-2.0,-76.0
1777891027.5833323,12.0,-2.0,-74.0
1777891027.5933323,13.0,-2.0,-74.0
1777891027.6033323,6.0,-1.0,-76.0
1777891027.6133325,3.0,-3.0,-74.0
1777891027.6233325,7.0,-5.0,-72.0
1777891027.6333325,7.0,-5.0,-78.0
1777891027.6433325,10.0,-8.0,-80.0
1777891027.6533325,12.0,-5.0,-84.0
1777891027.6633325,11.0,-3.0,-83.0
1777891027.6733325,10.0,-2.0,-81.0
1777891027.6833324,8.0,-4.0,-77.0
1777891027.6933324,9.0,-3.0,-72.0
1777891027.7033324,6.0,-2.0,-79.0
1777891027.7133324,4.0,-8.0,-86.0
1777891027.7233324,0.0,-9.0,-85.0
1777891027.7333324,-3.0,-6.0,-78.0
1777891027.7433324,-2.0,-6.0,-75.0
1777891027.7533324,-3.0,-6.0,-67.0
1777891027.7633324,-5.0,-6.0,-72.0
1777891027.7733324,0.0,-5.0,-69.0
1777891027.7833323,0.0,0.0,-74.0
1777891027.7933323,-1.0,-1.0,-76.0
1777891027.8033323,0.0,-2.0,-75.0
1777891027.8133323,-4.0,-3.0,-74.0
1777891027.8233323,-6.0,-2.0,-78.0
1777891027.8333323,-8.0,0.0,-78.0
1777891027.8433323,-4.0,0.0,-76.0
1777891027.8533323,-6.0,2.0,-76.0
1777891027.8633325,-7.0,0.0,-75.0
1777891027.8733325,-9.0,-1.0,-81.0
1777891027.8833325,-7.0,2.0,-84.0
1777891027.8933325,-1.0,2.0,-83.0
1777891027.9033325,-2.0,2.0,-77.0
1777891027.9133325,-2.0,-2.0,-72.0
1777891027.9233325,-1.0,-4.0,-71.0
1777891027.9333324,0.0,-3.0,-77.0
1777891027.9433324,0.0,-5.0,-72.0
1777891027.9533324,5.0,-3.0,-76.0
1777891027.9633324,7.0,1.0,-78.0
1777891027.9733324,8.0,4.0,-79.0
1777891027.9833324,8.0,2.0,-80.0
1777891027.9933324,8.0,0.0,-80.0
1777891028.0033324,8.0,0.0,-77.0
1777891028.0133324,5.0,0.0,-75.0
1777891028.0233324,1.0,3.0,-68.0
1777891028.0333323,5.0,-2.0,-72.0
1777891028.0433323,1.0,-1.0,-72.0
1777891028.0533323,0.0,-2.0,-71.0
1777891028.0633323,2.0,-3.0,-67.0
1777891028.0733323,3.0,-8.0,-67.0
1777891028.0833323,1.0,-9.0,-70.0
1777891028.0933323,1.0,-4.0,-70.0
1777891028.1033323,0.0,-3.0,-75.0
1777891028.1133325,-1.0,0.0,-78.0
1777891028.1233325,-2.0,-1.0,-72.0
1777891028.1333325,-3.0,0.0,-71.0
1777891028.1433325,-4.0,0.0,-76.0
1777891028.1533325,-2.0,1.0,-74.0
1777891028.1633325,4.0,1.0,-79.0
1777891028.1733325,4.0,2.0,-72.0
1777891028.1833324,6.0,3.0,-74.0
1777891028.1933324,7.0,-1.0,-69.0
1777891028.2033324,6.0,-3.0,-69.0
1777891028.2133324,1.0,-3.0,-69.0
1777891028.2233324,0.0,-3.0,-77.0
1777891028.2333324,2.0,-7.0,-79.0
1777891028.2433324,0.0,-6.0,-80.0
1777891028.2533324,-2.0,-5.0,-70.0
1777891028.2633324,-2.0,-7.0,-77.0
1777891028.2733324,-1.0,-7.0,-72.0
1777891028.2833323,2.0,-4.0,-71.0
1777891028.2933323,8.0,0.0,-73.0
1777891028.3033323,6.0,3.0,-78.0
1777891028.3133323,3.0,0.0,-90.0
1777891028.3233323,5.0,-5.0,-80.0
1777891028.3343325,8.0,-4.0,-76.0
1777891028.3433323,5.0,-4.0,-81.0
1777891028.3533323,3.0,0.0,-77.0
1777891028.3633325,0.0,-2.0,-73.0
1777891028.3733325,-3.0,-3.0,-68.0
1777891028.3833325,3.0,-4.0,-70.0
1777891028.3933325,3.0,0.0,-69.0
1777891028.4033325,3.0,1.0,-72.0
1777891028.4133325,4.0,0.0,-72.0
1777891028.4233325,3.0,-2.0,-70.0
1777891028.4333324,0.0,-7.0,-70.0
1777891028.4433324,0.0,-6.0,-65.0
1777891028.4533324,0.0,-6.0,-69.0
1777891028.4633324,2.0,-7.0,-70.0
1777891028.4733324,4.0,-6.0,-71.0
1777891028.4833324,6.0,-6.0,-72.0
1777891028.4933324,4.0,-4.0,-71.0
1777891028.5033324,3.0,-1.0,-67.0
1777891028.5143323,4.0,3.0,-67.0
1777891028.5243323,7.0,4.0,-69.0
1777891028.5343325,5.0,1.0,-70.0
1777891028.5443325,3.0,7.0,-62.0
1777891028.5543325,0.0,5.0,-64.0
1777891028.5643325,1.0,0.0,-73.0
1777891028.5743325,-1.0,0.0,-71.0
1777891028.5843325,4.0,0.0,-67.0
1777891028.5943325,8.0,0.0,-62.0
1777891028.6043324,5.0,0.0,-71.0
1777891028.6143324,3.0,1.0,-71.0
1777891028.6243324,2.0,3.0,-76.0
1777891028.6343324,1.0,5.0,-75.0
1777891028.6443324,1.0,1.0,-68.0
1777891028.6543324,1.0,-1.0,-64.0
1777891028.6643324,-2.0,0.0,-69.0
1777891028.6743324,-2.0,3.0,-62.0
1777891028.6843324,0.0,2.0,-61.0
1777891028.6943324,0.0,2.0,-65.0
1777891028.7043324,0.0,4.0,-68.0
1777891028.7143323,4.0,3.0,-62.0
1777891028.7243323,0.0,0.0,-57.0
1777891028.7343323,1.0,-2.0,-61.0
1777891028.7443323,4.0,1.0,-65.0
1777891028.7543323,6.0,0.0,-66.0
1777891028.7643323,1.0,-3.0,-68.0
1777891028.7743323,0.0,-3.0,-72.0
1777891028.7843325,2.0,-2.0,-79.0
1777891028.7943325,2.0,0.0,-70.0
1777891028.8043325,0.0,-2.0,-70.0
1777891028.8143325,1.0,-3.0,-74.0
1777891028.8243325,1.0,-5.0,-72.0
1777891028.8343325,3.0,-4.0,-71.0
1777891028.8443325,7.0,-5.0,-76.0
1777891028.8543324,5.0,-3.0,-74.0
1777891028.8643324,7.0,-6.0,-69.0
1777891028.8743324,4.0,-8.0,-70.0
1777891028.8843324,0.0,-9.0,-69.0
1777891028.8943324,-1.0,-12.0,-74.0
1777891028.9043324,0.0,-9.0,-75.0
1777891028.9143324,-3.0,-7.0,-72.0
1777891028.9243324,-6.0,-10.0,-69.0
1777891028.9343324,-5.0,-13.0,-72.0
1777891028.9443324,-10.0,-9.0,-71.0
1777891028.9543324,-8.0,-4.0,-68.0
1777891028.9643323,-4.0,-3.0,-69.0
1777891028.9743323,-4.0,-3.0,-75.0
1777891028.9843323,0.0,-4.0,-74.0
1777891028.9943323,3.0,-2.0,-77.0
1777891029.0043323,9.0,-3.0,-71.0
1777891029.0143323,6.0,-4.0,-68.0
1777891029.0243323,2.0,-8.0,-69.0
1777891029.0343325,3.0,-7.0,-69.0
1777891029.0443325,-1.0,-5.0,-76.0
1777891029.0543325,3.0,-1.0,-71.0
1777891029.0643325,7.0,0.0,-72.0
1777891029.0743325,7.0,3.0,-71.0
1777891029.0843325,7.0,4.0,-71.0
1777891029.0943325,0.0,0.0,-72.0
1777891029.1043324,-3.0,-2.0,-69.0
1777891029.1143324,-1.0,-2.0,-72.0
1777891029.1243324,1.0,-3.0,-72.0
1777891029.1343324,0.0,-3.0,-73.0
1777891029.1443324,0.0,0.0,-72.0
1777891029.1543324,-6.0,0.0,-70.0
1777891029.1643324,-7.0,0.0,-71.0
1777891029.1743324,-8.0,5.0,-72.0
1777891029.1843324,-3.0,5.0,-78.0
1777891029.1943324,-1.0,1.0,-79.0
1777891029.2043324,4.0,-2.0,-80.0
1777891029.2143323,10.0,-2.0,-78.0
1777891029.2243323,14.0,0.0,-80.0
1777891029.2343323,9.0,-4.0,-83.0
1777891029.2443323,10.0,-3.0,-75.0
1777891029.2543323,8.0,-5.0,-73.0
1777891029.2643323,8.0,-6.0,-72.0
1777891029.2743323,4.0,-7.0,-70.0
1777891029.2843325,0.0,-6.0,-73.0
1777891029.2943325,-4.0,-4.0,-74.0
1777891029.3043325,-5.0,-3.0,-75.0
1777891029.3143325,-5.0,-3.0,-75.0
1777891029.3243325,-6.0,-3.0,-74.0
1777891029.3343325,-6.0,-3.0,-73.0
1777891029.3443325,-7.0,0.0,-74.0
1777891029.3543324,-9.0,0.0,-64.0
1777891029.3643324,-3.0,-4.0,-63.0
1777891029.3743324,2.0,-3.0,-67.0
1777891029.3843324,1.0,1.0,-66.0
1777891029.3943324,-1.0,1.0,-68.0
1777891029.4043324,-3.0,1.0,-63.0
1777891029.4143324,-1.0,-1.0,-63.0
1777891029.4243324,-1.0,-3.0,-67.0
1777891029.4343324,0.0,-5.0,-74.0
1777891029.4443324,2.0,-5.0,-74.0
1777891029.4543324,5.0,-3.0,-71.0
1777891029.4643323,2.0,0.0,-71.0
1777891029.4743323,2.0,3.0,-70.0
1777891029.4843323,-2.0,3.0,-71.0
1777891029.4943323,-4.0,1.0,-71.0
1777891029.5043323,0.0,0.0,-68.0
1777891029.5143323,7.0,4.0,-68.0
1777891029.5243323,11.0,3.0,-65.0
1777891029.5343325,8.0,-1.0,-61.0
1777891029.5443325,2.0,0.0,-59.0
1777891029.5543325,-1.0,0.0,-56.0
1777891029.5643325,0.0,-3.0,-65.0
1777891029.5743325,1.0,-4.0,-73.0
1777891029.5843325,5.0,-3.0,-80.0
1777891029.5943325,7.0,-1.0,-74.0
1777891029.6043324,1.0,0.0,-71.0
1777891029.6143324,1.0,0.0,-73.0
1777891029.6243324,0.0,-3.0,-71.0
1777891029.6343324,0.0,-1.0,-69.0
1777891029.6443324,1.0,0.0,-68.0
1777891029.6543324,3.0,3.0,-69.0
1777891029.6643324,5.0,2.0,-67.0
1777891029.6743324,5.0,0.0,-73.0
1777891029.6843324,2.0,-3.0,-70.0
1777891029.6943324,0.0,0.0,-72.0
1777891029.7043324,0.0,-3.0,-70.0
1777891029.7143323,3.0,-3.0,-68.0
1777891029.7243323,7.0,-1.0,-71.0
1777891029.7343323,5.0,-1.0,-73.0
1777891029.7443323,3.0,-1.0,-76.0
1777891029.7543323,2.0,0.0,-79.0
1777891029.7643323,3.0,4.0,-74.0
1777891029.7743323,5.0,-2.0,-73.0
1777891029.7843325,6.0,0.0,-72.0
1777891029.7943325,8.0,0.0,-73.0
1777891029.8043325,8.0,2.0,-76.0
1777891029.8143325,10.0,-1.0,-81.0
1777891029.8243325,5.0,0.0,-80.0
1777891029.8343325,2.0,0.0,-85.0
1777891029.8443325,0.0,1.0,-75.0
1777891029.8543324,1.0,0.0,-73.0
1777891029.8643324,1.0,0.0,-65.0
1777891029.8743324,3.0,3.0,-64.0
1777891029.8843324,4.0,5.0,-69.0
1777891029.8943324,4.0,3.0,-76.0
1777891029.9043324,6.0,2.0,-80.0
1777891029.9143324,3.0,0.0,-83.0
1777891029.9243324,1.0,0.0,-81.0
1777891029.9343324,3.0,-1.0,-81.0
1777891029.9443324,5.0,-3.0,-81.0
1777891029.9543324,6.0,-4.0,-83.0
1777891029.9643323,7.0,0.0,-81.0
1777891029.9743323,6.0,-3.0,-81.0
1777891029.9843323,6.0,-4.0,-80.0
1777891029.9943323,2.0,-5.0,-83.0
1777891030.0043323,3.0,-1.0,-76.0
1777891030.0143323,4.0,-3.0,-75.0
1777891030.0243323,0.0,-7.0,-82.0
1777891030.0343325,-2.0,-6.0,-86.0
1777891030.0443325,-3.0,-4.0,-81.0
1777891030.0543325,0.0,-4.0,-78.0
1777891030.0643325,1.0,-4.0,-72.0
1777891030.0743325,1.0,-2.0,-80.0
1777891030.0843325,-1.0,1.0,-75.0
1777891030.0943325,0.0,1.0,-73.0
1777891030.1043324,0.0,-3.0,-67.0
1777891030.1143324,1.0,-3.0,-66.0
1777891030.1243324,-1.0,-2.0,-70.0
1777891030.1343324,0.0,-3.0,-71.0
1777891030.1443324,3.0,-4.0,-66.0
1777891030.1543324,0.0,-3.0,-67.0
1777891030.1643324,-2.0,-1.0,-71.0
1777891030.1743324,-4.0,1.0,-71.0
1777891030.1843324,-1.0,2.0,-76.0
1777891030.1943324,-1.0,0.0,-84.0
1777891030.2043324,0.0,2.0,-86.0
1777891030.2143323,0.0,1.0,-81.0
1777891030.2243323,0.0,0.0,-78.0
1777891030.2343323,-3.0,0.0,-81.0
1777891030.2443323,0.0,0.0,-75.0
1777891030.2543323,2.0,-1.0,-72.0
1777891030.2643323,4.0,-1.0,-79.0
1777891030.2743323,1.0,-2.0,-74.0
1777891030.2843325,-3.0,-2.0,-76.0
1777891030.2943325,-3.0,-1.0,-75.0
1777891030.3043325,-2.0,-5.0,-70.0
1777891030.3143325,-2.0,-8.0,-70.0
1777891030.3243325,-1.0,-12.0,-68.0
1777891030.3343325,0.0,-10.0,-63.0
1777891030.3443325,3.0,-10.0,-63.0
1777891030.3543324,-2.0,-9.0,-61.0
1777891030.3643324,0.0,-9.0,-67.0
1777891030.3743324,5.0,-1.0,-68.0
1777891030.3843324,4.0,1.0,-67.0
1777891030.3943324,10.0,5.0,-69.0
1777891030.4043324,10.0,4.0,-73.0
1777891030.4143324,8.0,-1.0,-74.0
1777891030.4243324,5.0,-4.0,-82.0
1777891030.4343324,0.0,-5.0,-76.0
1777891030.4443324,3.0,-4.0,-79.0
1777891030.4553325,4.0,-2.0,-73.0
1777891030.4653325,8.0,0.0,-69.0
1777891030.4753325,4.0,4.0,-69.0
1777891030.4853325,0.0,5.0,-61.0
1777891030.4953325,-1.0,2.0,-61.0
1777891030.5053325,0.0,5.0,-68.0
1777891030.5153325,2.0,4.0,-76.0
1777891030.5253325,0.0,0.0,-71.0
1777891030.5353324,-1.0,-2.0,-71.0
1777891030.5453324,-2.0,0.0,-69.0
1777891030.5553324,-2.0,-4.0,-66.0
1777891030.5653324,1.0,-2.0,-72.0
1777891030.5753324,4.0,2.0,-73.0
1777891030.5853324,3.0,0.0,-75.0
1777891030.5953324,-1.0,0.0,-72.0
1777891030.6053324,-2.0,3.0,-67.0
1777891030.6153324,-5.0,2.0,-78.0
1777891030.6253324,-4.0,0.0,-77.0
1777891030.6353323,-7.0,0.0,-82.0
1777891030.6453323,-5.0,-3.0,-80.0
1777891030.6553323,-2.0,-5.0,-72.0
1777891030.6653323,0.0,-4.0,-71.0
1777891030.6753323,-1.0,-4.0,-77.0
1777891030.6853323,2.0,-1.0,-77.0
1777891030.6953323,1.0,0.0,-77.0
1777891030.7053325,2.0,0.0,-71.0
1777891030.7153325,0.0,0.0,-74.0
1777891030.7253325,4.0,-3.0,-75.0
1777891030.7353325,5.0,0.0,-75.0
1777891030.7453325,4.0,1.0,-76.0
1777891030.7553325,7.0,-1.0,-73.0
1777891030.7653325,10.0,0.0,-70.0
1777891030.7753325,9.0,3.0,-69.0
1777891030.7853324,9.0,3.0,-71.0
1777891030.7953324,11.0,6.0,-75.0
1777891030.8053324,10.0,4.0,-72.0
1777891030.8153324,9.0,0.0,-74.0
1777891030.8253324,10.0,2.0,-74.0
1777891030.8353324,6.0,0.0,-73.0
1777891030.8453324,3.0,0.0,-74.0
1777891030.8553324,0.0,-3.0,-68.0
1777891030.8653324,-2.0,-5.0,-69.0
1777891030.8753324,-2.0,-6.0,-65.0
1777891030.8853323,0.0,-3.0,-61.0
1777891030.8953323,-1.0,-6.0,-61.0
1777891030.9053323,-2.0,-4.0,-63.0
1777891030.9153323,-2.0,-1.0,-69.0
1777891030.9253323,-3.0,-2.0,-67.0
1777891030.9353323,0.0,-3.0,-63.0
1777891030.9453323,-1.0,-1.0,-64.0
1777891030.9553325,-2.0,1.0,-66.0
1777891030.9653325,-3.0,-2.0,-64.0
1777891030.9753325,2.0,-1.0,-61.0
1777891030.9853325,-2.0,0.0,-58.0
1777891030.9953325,1.0,0.0,-57.0
1777891031.0053325,2.0,0.0,-59.0
1777891031.0153325,0.0,1.0,-57.0
1777891031.0253325,-2.0,3.0,-60.0
1777891031.0353324,1.0,0.0,-64.0
1777891031.0453324,-2.0,0.0,-68.0
1777891031.0553324,0.0,0.0,-64.0
1777891031.0653324,0.0,0.0,-62.0
1777891031.0753324,0.0,0.0,-68.0
1777891031.0853324,-4.0,-1.0,-69.0
1777891031.0953324,-1.0,-3.0,-69.0
1777891031.1053324,-3.0,-5.0,-68.0
1777891031.1153324,-4.0,0.0,-70.0
1777891031.1253324,0.0,3.0,-77.0
1777891031.1353323,0.0,1.0,-78.0
1777891031.1453323,0.0,0.0,-85.0
1777891031.1553323,1.0,-1.0,-84.0
1777891031.1653323,3.0,-4.0,-84.0
1777891031.1753323,1.0,-4.0,-83.0
1777891031.1853323,3.0,-2.0,-82.0
1777891031.1953323,0.0,0.0,-86.0
1777891031.2053325,-1.0,-2.0,-88.0
1777891031.2153325,3.0,-4.0,-83.0
1777891031.2253325,2.0,-5.0,-80.0
1777891031.2353325,2.0,-5.0,-82.0
1777891031.2453325,1.0,-4.0,-76.0
1777891031.2553325,0.0,-3.0,-69.0
1777891031.2653325,2.0,0.0,-71.0
1777891031.2753325,3.0,-1.0,-72.0
1777891031.2853324,7.0,-1.0,-74.0
1777891031.2953324,9.0,-2.0,-79.0
1777891031.3053324,8.0,-3.0,-75.0
1777891031.3153324,4.0,-2.0,-74.0
1777891031.3253324,4.0,-4.0,-75.0
1777891031.3353324,0.0,-2.0,-75.0
1777891031.3453324,-1.0,-4.0,-75.0
1777891031.3553324,0.0,-2.0,-77.0
1777891031.3653324,-1.0,-1.0,-83.0
1777891031.3753324,5.0,-3.0,-85.0
1777891031.3853323,0.0,-5.0,-87.0
1777891031.3953323,0.0,-2.0,-82.0
1777891031.4053323,-1.0,-6.0,-75.0
1777891031.4153323,-2.0,-7.0,-71.0
1777891031.4253323,0.0,-8.0,-66.0
1777891031.4353323,-2.0,-5.0,-66.0
1777891031.4453323,-1.0,-6.0,-68.0
1777891031.4553325,-2.0,-11.0,-78.0
1777891031.4653325,0.0,-11.0,-77.0
1777891031.4753325,1.0,-12.0,-78.0
1777891031.4853325,5.0,-13.0,-78.0
1777891031.4953325,4.0,-12.0,-76.0
1777891031.5053325,6.0,-10.0,-70.0
1777891031.5153325,5.0,-8.0,-70.0
1777891031.5253325,3.0,-6.0,-66.0
1777891031.5353324,7.0,-6.0,-73.0
1777891031.5453324,10.0,-10.0,-74.0
1777891031.5553324,6.0,-5.0,-77.0
1777891031.5653324,7.0,-3.0,-75.0
1777891031.5753324,7.0,-5.0,-80.0
1777891031.5853324,8.0,-7.0,-77.0
1777891031.5953324,5.0,-7.0,-83.0
1777891031.6053324,2.0,-4.0,-83.0
1777891031.6153324,5.0,-3.0,-88.0
1777891031.6253324,3.0,-3.0,-83.0
1777891031.6353323,3.0,-3.0,-81.0
1777891031.6453323,-1.0,-3.0,-83.0
1777891031.6553323,-4.0,-3.0,-81.0
1777891031.6653323,-2.0,-1.0,-82.0
1777891031.6753323,1.0,-2.0,-82.0
1777891031.6853323,0.0,-1.0,-77.0
1777891031.6953323,3.0,1.0,-74.0
1777891031.7053325,8.0,1.0,-76.0
1777891031.7153325,6.0,3.0,-74.0
1777891031.7253325,1.0,5.0,-73.0
1777891031.7353325,0.0,4.0,-75.0
1777891031.7453325,-3.0,3.0,-79.0
1777891031.7553325,-6.0,0.0,-81.0
1777891031.7653325,-7.0,-1.0,-82.0
1777891031.7753325,-2.0,-5.0,-84.0
1777891031.7853324,1.0,-2.0,-79.0
1777891031.7953324,0.0,-4.0,-81.0
1777891031.8053324,-3.0,-2.0,-73.0
1777891031.8153324,-4.0,0.0,-69.0
1777891031.8253324,-10.0,-5.0,-68.0
1777891031.8353324,-10.0,-7.0,-65.0
1777891031.8453324,-8.0,-8.0,-71.0
1777891031.8553324,-4.0,-6.0,-73.0
1777891031.8653324,-1.0,-6.0,-75.0
1777891031.8753324,0.0,-5.0,-75.0
1777891031.8853323,0.0,-7.0,-63.0
1777891031.8953323,4.0,-7.0,-68.0
1777891031.9053323,7.0,-5.0,-72.0
1777891031.9153323,8.0,-2.0,-71.0
1777891031.9253323,2.0,1.0,-64.0
1777891031.9353323,0.0,1.0,-66.0
1777891031.9453323,-1.0,5.0,-71.0
1777891031.9553325,0.0,7.0,-76.0
1777891031.9653325,2.0,4.0,-80.0
1777891031.9753325,-2.0,3.0,-74.0
1777891031.9853325,-5.0,4.0,-71.0
1777891031.9953325,-2.0,3.0,-77.0
1777891032.0053325,0.0,1.0,-69.0
1777891032.0153325,4.0,0.0,-67.0
1777891032.0253325,2.0,0.0,-67.0
1777891032.0353324,1.0,0.0,-70.0
1777891032.0453324,0.0,1.0,-69.0
1777891032.0553324,0.0,0.0,-71.0
1777891032.0653324,0.0,-1.0,-74.0
1777891032.0753324,-1.0,-7.0,-75.0
1777891032.0853324,-3.0,-9.0,-76.0
1777891032.0953324,-1.0,-5.0,-79.0
1777891032.1053324,-4.0,-6.0,-81.0
1777891032.1153324,-2.0,-7.0,-78.0
1777891032.1253324,-2.0,-9.0,-77.0
1777891032.1353323,-1.0,-8.0,-72.0
1777891032.1453323,0.0,-6.0,-72.0
1777891032.1553323,4.0,-6.0,-68.0
1777891032.1653323,8.0,-3.0,-70.0
1777891032.1753323,12.0,-3.0,-79.0
1777891032.1853323,8.0,-6.0,-76.0
1777891032.1953323,9.0,-5.0,-80.0
1777891032.2053325,13.0,-8.0,-84.0
1777891032.2153325,12.0,-7.0,-79.0
1777891032.2253325,9.0,-10.0,-80.0
1777891032.2353325,9.0,-7.0,-83.0
1777891032.2453325,9.0,-4.0,-86.0
1777891032.2553325,7.0,-5.0,-80.0
1777891032.2653325,4.0,-8.0,-69.0
1777891032.2753325,1.0,-11.0,-72.0
1777891032.2853324,1.0,-9.0,-72.0
1777891032.2953324,1.0,-7.0,-69.0
1777891032.3053324,2.0,-12.0,-62.0
1777891032.3153324,6.0,-9.0,-63.0
1777891032.3253324,3.0,-3.0,-64.0
1777891032.3353324,4.0,1.0,-70.0
1777891032.3453324,6.0,1.0,-60.0
1777891032.3553324,5.0,4.0,-64.0
1777891032.3653324,6.0,2.0,-70.0
1777891032.3753324,8.0,-3.0,-80.0
1777891032.3853323,3.0,-1.0,-77.0
1777891032.3953323,2.0,0.0,-74.0
1777891032.4053323,-1.0,-1.0,-75.0
1777891032.4153323,0.0,-1.0,-80.0
1777891032.4253323,0.0,0.0,-71.0
1777891032.4353323,-2.0,0.0,-78.0
1777891032.4453323,0.0,1.0,-79.0
1777891032.4553325,3.0,0.0,-78.0
1777891032.4653325,1.0,-1.0,-75.0
1777891032.4763324,6.0,-6.0,-76.0
1777891032.4863324,5.0,-6.0,-69.0
1777891032.4963324,9.0,-6.0,-75.0
1777891032.5063324,8.0,-4.0,-76.0
1777891032.5163324,7.0,-2.0,-76.0
1777891032.5263324,11.0,-1.0,-79.0
1777891032.5363324,8.0,-1.0,-76.0
1777891032.5463324,7.0,1.0,-76.0
1777891032.5563323,3.0,-1.0,-74.0
1777891032.5663323,5.0,-6.0,-79.0
1777891032.5763323,10.0,-6.0,-80.0
1777891032.5863323,8.0,-8.0,-76.0
1777891032.5963323,9.0,-4.0,-72.0
1777891032.6063323,12.0,-1.0,-76.0
1777891032.6163323,7.0,-1.0,-69.0
1777891032.6263323,6.0,-1.0,-70.0
1777891032.6363325,6.0,-3.0,-67.0
1777891032.6463325,7.0,0.0,-68.0
1777891032.6563325,11.0,2.0,-65.0
1777891032.6663325,7.0,-2.0,-75.0
1777891032.6763325,8.0,-6.0,-73.0
1777891032.6863325,4.0,-6.0,-78.0
1777891032.6963325,1.0,-4.0,-82.0
1777891032.7063324,0.0,0.0,-81.0
1777891032.7163324,1.0,-3.0,-72.0
1777891032.7263324,1.0,-3.0,-77.0
1777891032.7363324,0.0,-1.0,-77.0
1777891032.7463324,1.0,-2.0,-76.0
1777891032.7563324,0.0,-3.0,-74.0
1777891032.7663324,-3.0,-3.0,-71.0
1777891032.7763324,-4.0,-2.0,-76.0
1777891032.7863324,-3.0,0.0,-69.0
1777891032.7963324,-1.0,2.0,-77.0
1777891032.8063323,-2.0,8.0,-80.0
1777891032.8163323,0.0,8.0,-80.0
1777891032.8263323,0.0,4.0,-79.0
1777891032.8363323,1.0,1.0,-71.0
1777891032.8463323,0.0,-4.0,-71.0
1777891032.8563323,3.0,-1.0,-79.0
1777891032.8663323,2.0,-1.0,-79.0
1777891032.8763323,0.0,0.0,-84.0
1777891032.8863325,0.0,2.0,-91.0
1777891032.8963325,-2.0,0.0,-84.0
1777891032.9063325,0.0,-1.0,-81.0
1777891032.9163325,-1.0,0.0,-83.0
1777891032.9263325,2.0,1.0,-86.0
1777891032.9363325,2.0,1.0,-78.0
1777891032.9463325,0.0,0.0,-74.0
1777891032.9563324,-4.0,0.0,-75.0
1777891032.9663324,-4.0,-2.0,-73.0
1777891032.9763324,-3.0,-2.0,-67.0
1777891032.9863324,-3.0,-7.0,-68.0
1777891032.9963324,-2.0,-5.0,-65.0
1777891033.0063324,-1.0,-4.0,-60.0
1777891033.0163324,0.0,-4.0,-65.0
1777891033.0263324,-1.0,-7.0,-64.0
1777891033.0363324,-4.0,-5.0,-67.0
1777891033.0463324,-2.0,-4.0,-69.0
1777891033.0563323,1.0,-2.0,-63.0
1777891033.0663323,0.0,0.0,-67.0
1777891033.0763323,1.0,1.0,-64.0
1777891033.0863323,-1.0,-2.0,-70.0
1777891033.0963323,-2.0,-2.0,-64.0
1777891033.1063323,0.0,0.0,-67.0
1777891033.1163323,3.0,0.0,-67.0
1777891033.1263323,4.0,1.0,-64.0
1777891033.1363325,4.0,2.0,-61.0
1777891033.1473324,4.0,2.0,-57.0
1777891033.1563325,0.0,0.0,-65.0
1777891033.1663325,0.0,0.0,-70.0
1777891033.1763325,1.0,3.0,-69.0
1777891033.1863325,1.0,6.0,-72.0
1777891033.1963325,0.0,0.0,-73.0
1777891033.2063324,0.0,-1.0,-71.0
1777891033.2163324,-1.0,0.0,-67.0
1777891033.2263324,-5.0,-4.0,-62.0
1777891033.2363324,-4.0,-2.0,-56.0
1777891033.2463324,-6.0,-2.0,-65.0
1777891033.2563324,-7.0,-4.0,-66.0
1777891033.2663324,-5.0,-4.0,-67.0
1777891033.2763324,-3.0,0.0,-72.0
1777891033.2863324,-1.0,-1.0,-70.0
1777891033.2963324,0.0,-1.0,-69.0
1777891033.3063323,2.0,-4.0,-65.0
1777891033.3163323,1.0,-4.0,-70.0
1777891033.3263323,-1.0,-1.0,-77.0
1777891033.3363323,-2.0,-2.0,-73.0
1777891033.3463323,-4.0,-4.0,-68.0
1777891033.3563323,-8.0,-8.0,-74.0
1777891033.3663323,-4.0,-8.0,-72.0
1777891033.3763323,0.0,-4.0,-70.0
1777891033.3863325,5.0,-3.0,-65.0
1777891033.3963325,3.0,-8.0,-64.0
1777891033.4063325,2.0,-8.0,-73.0
1777891033.4163325,9.0,-7.0,-73.0
1777891033.4263325,11.0,-5.0,-67.0
1777891033.4363325,9.0,-5.0,-65.0
1777891033.4463325,4.0,-7.0,-74.0
1777891033.4563324,1.0,-8.0,-75.0
1777891033.4663324,0.0,-4.0,-80.0
1777891033.4763324,4.0,-2.0,-77.0
1777891033.4863324,1.0,-2.0,-76.0
1777891033.4963324,-2.0,-4.0,-76.0
1777891033.5063324,-3.0,-5.0,-72.0
1777891033.5163324,-7.0,-1.0,-68.0
1777891033.5263324,-5.0,0.0,-72.0
1777891033.5363324,-4.0,0.0,-72.0
1777891033.5463324,-2.0,3.0,-68.0
1777891033.5563323,-6.0,0.0,-79.0
1777891033.5663323,-4.0,0.0,-76.0
1777891033.5763323,-2.0,0.0,-76.0
1777891033.5863323,-4.0,0.0,-76.0
1777891033.5963323,-11.0,0.0,-78.0
1777891033.6063323,-2.0,1.0,-80.0
1777891033.6163323,3.0,0.0,-76.0
1777891033.6263323,1.0,1.0,-72.0
1777891033.6363325,1.0,3.0,-71.0
1777891033.6463325,2.0,2.0,-70.0
1777891033.6563325,0.0,5.0,-71.0
1777891033.6663325,-3.0,2.0,-74.0
1777891033.6763325,-5.0,-3.0,-67.0
1777891033.6863325,-5.0,-1.0,-67.0
1777891033.6963325,-5.0,1.0,-67.0
1777891033.7063324,-5.0,1.0,-67.0
1777891033.7163324,-4.0,0.0,-68.0
1777891033.7263324,-2.0,3.0,-72.0
1777891033.7363324,0.0,0.0,-69.0
1777891033.7463324,1.0,1.0,-68.0
1777891033.7563324,0.0,1.0,-72.0
1777891033.7663324,0.0,-2.0,-68.0
1777891033.7763324,1.0,-2.0,-70.0
1777891033.7863324,4.0,-6.0,-73.0
1777891033.7963324,5.0,-6.0,-69.0
1777891033.8063323,2.0,-7.0,-70.0
1777891033.8163323,0.0,-4.0,-71.0
1777891033.8263323,0.0,0.0,-67.0
1777891033.8363323,3.0,7.0,-65.0
1777891033.8463323,2.0,9.0,-69.0
1777891033.8563323,2.0,6.0,-72.0
1777891033.8663323,0.0,3.0,-74.0
1777891033.8763323,1.0,0.0,-79.0
1777891033.8863325,4.0,0.0,-78.0
1777891033.8963325,5.0,3.0,-72.0
1777891033.9063325,2.0,0.0,-74.0
1777891033.9163325,2.0,-1.0,-75.0
1777891033.9263325,-1.0,0.0,-69.0
1777891033.9363325,-4.0,0.0,-66.0
1777891033.9463325,-8.0,2.0,-75.0
1777891033.9563324,-9.0,0.0,-76.0
1777891033.9663324,-8.0,0.0,-78.0
1777891033.9763324,-7.0,-3.0,-77.0
1777891033.9863324,0.0,1.0,-80.0
1777891033.9963324,0.0,-3.0,-76.0
1777891034.0063324,1.0,-4.0,-80.0
1777891034.0163324,4.0,-4.0,-82.0
1777891034.0263324,7.0,-4.0,-78.0
1777891034.0363324,9.0,-2.0,-82.0
1777891034.0463324,11.0,-1.0,-75.0
1777891034.0563323,6.0,-4.0,-77.0
1777891034.0663323,3.0,-5.0,-77.0
1777891034.0763323,1.0,-3.0,-74.0
1777891034.0863323,5.0,-2.0,-77.0
1777891034.0963323,7.0,-7.0,-71.0
1777891034.1063323,5.0,-7.0,-70.0
1777891034.1163323,2.0,-7.0,-64.0
1777891034.1263323,-1.0,-4.0,-63.0
1777891034.1363325,-3.0,-2.0,-64.0
1777891034.1463325,0.0,-3.0,-68.0
1777891034.1563325,1.0,-6.0,-67.0
1777891034.1663325,2.0,-9.0,-68.0
1777891034.1763325,-3.0,-10.0,-69.0
1777891034.1863325,-5.0,-8.0,-65.0
1777891034.1963325,-4.0,-4.0,-70.0
1777891034.2063324,-5.0,-4.0,-77.0
1777891034.2163324,-6.0,-3.0,-75.0
1777891034.2263324,-3.0,0.0,-74.0
1777891034.2363324,-1.0,0.0,-73.0
1777891034.2463324,0.0,1.0,-74.0
1777891034.2563324,-1.0,2.0,-75.0
1777891034.2663324,-1.0,1.0,-78.0
1777891034.2763324,-1.0,2.0,-73.0
1777891034.2863324,0.0,4.0,-76.0
1777891034.2963324,-3.0,3.0,-78.0
1777891034.3063323,-2.0,3.0,-84.0
1777891034.3163323,-3.0,0.0,-84.0
1777891034.3263323,-2.0,-1.0,-81.0
1777891034.3363323,0.0,-1.0,-83.0
1777891034.3463323,0.0,-1.0,-78.0
1777891034.3563323,2.0,-6.0,-75.0
1777891034.3663323,2.0,-5.0,-67.0
1777891034.3763323,2.0,-5.0,-69.0
1777891034.3863325,5.0,0.0,-67.0
1777891034.3963325,5.0,-2.0,-64.0
1777891034.4063325,6.0,0.0,-62.0
1777891034.4173324,5.0,-1.0,-59.0
1777891034.4263325,5.0,-1.0,-56.0
1777891034.4373324,1.0,0.0,-60.0
1777891034.4473324,0.0,0.0,-62.0
1777891034.4573324,1.0,0.0,-65.0
1777891034.4673324,-1.0,0.0,-58.0
1777891034.4773324,0.0,0.0,-65.0
1777891034.4873323,5.0,1.0,-65.0
1777891034.4973323,0.0,-1.0,-68.0
1777891034.5073323,0.0,-4.0,-67.0
1777891034.5173323,0.0,-9.0,-74.0
1777891034.5273323,0.0,-7.0,-73.0
1777891034.5373323,-4.0,-4.0,-70.0
1777891034.5473323,-2.0,3.0,-73.0
1777891034.5573325,1.0,-1.0,-69.0
1777891034.5673325,2.0,-6.0,-66.0
1777891034.5773325,0.0,-8.0,-64.0
1777891034.5873325,-1.0,-7.0,-57.0
1777891034.5973325,-4.0,-9.0,-61.0
1777891034.6073325,-1.0,-10.0,-65.0
1777891034.6173325,-2.0,-9.0,-70.0
1777891034.6273324,-1.0,-6.0,-69.0
1777891034.6373324,-1.0,-5.0,-68.0
1777891034.6473324,4.0,-2.0,-72.0
1777891034.6573324,6.0,-4.0,-76.0
1777891034.6673324,3.0,-6.0,-72.0
1777891034.6773324,0.0,-4.0,-72.0
1777891034.6873324,-2.0,-3.0,-71.0
1777891034.6973324,-1.0,0.0,-70.0
1777891034.7073324,2.0,-6.0,-72.0
1777891034.7173324,3.0,-6.0,-62.0
1777891034.7273324,0.0,-5.0,-60.0
1777891034.7373323,1.0,-9.0,-59.0
1777891034.7473323,1.0,-9.0,-70.0
1777891034.7573323,1.0,-6.0,-72.0
1777891034.7673323,0.0,-7.0,-71.0
1777891034.7773323,-2.0,-4.0,-70.0
1777891034.7873323,0.0,-1.0,-67.0
1777891034.7973323,-2.0,-2.0,-67.0
1777891034.8073325,-6.0,-3.0,-66.0
1777891034.8173325,-12.0,1.0,-73.0
1777891034.8273325,-4.0,0.0,-80.0
1777891034.8373325,-5.0,2.0,-77.0
1777891034.8473325,-7.0,2.0,-78.0
1777891034.8573325,-3.0,3.0,-76.0
1777891034.8673325,-1.0,1.0,-76.0
1777891034.8773324,0.0,2.0,-74.0
1777891034.8873324,-1.0,1.0,-76.0
1777891034.8973324,-4.0,0.0,-77.0
1777891034.9073324,-3.0,-4.0,-77.0
1777891034.9173324,-5.0,-5.0,-75.0
1777891034.9273324,-8.0,-5.0,-77.0
1777891034.9373324,-8.0,0.0,-81.0
1777891034.9473324,-2.0,-3.0,-80.0
1777891034.9573324,0.0,0.0,-80.0
1777891034.9673324,-2.0,1.0,-79.0
1777891034.9773324,0.0,-1.0,-68.0
1777891034.9873323,0.0,-2.0,-73.0
1777891034.9973323,-3.0,-2.0,-70.0
1777891035.0073323,-7.0,-2.0,-69.0
1777891035.0173323,0.0,-3.0,-75.0
1777891035.0273323,-2.0,-1.0,-75.0
1777891035.0373323,-2.0,-2.0,-76.0
1777891035.0473323,0.0,-3.0,-73.0
1777891035.0573325,-1.0,-4.0,-75.0
1777891035.0673325,0.0,-7.0,-76.0
1777891035.0773325,0.0,-6.0,-74.0
1777891035.0873325,2.0,-7.0,-73.0
1777891035.0973325,0.0,-10.0,-73.0
1777891035.1073325,0.0,-8.0,-71.0
1777891035.1173325,4.0,-2.0,-78.0
1777891035.1273324,0.0,-1.0,-77.0
1777891035.1373324,-1.0,-3.0,-68.0
1777891035.1473324,3.0,-5.0,-68.0
1777891035.1573324,2.0,-8.0,-72.0
1777891035.1673324,1.0,-3.0,-74.0
1777891035.1773324,5.0,1.0,-68.0
1777891035.1873324,5.0,5.0,-68.0
1777891035.1973324,4.0,3.0,-75.0
1777891035.2073324,3.0,0.0,-82.0
1777891035.2173324,2.0,-1.0,-82.0
1777891035.2273324,4.0,-2.0,-81.0
1777891035.2373323,4.0,-2.0,-77.0
1777891035.2473323,2.0,-4.0,-79.0
1777891035.2573323,3.0,-5.0,-92.0
1777891035.2673323,3.0,-4.0,-89.0
1777891035.2773323,3.0,-1.0,-87.0
1777891035.2873323,4.0,-2.0,-84.0
1777891035.2973323,1.0,-7.0,-85.0
1777891035.3073325,4.0,-8.0,-79.0
1777891035.3173325,-1.0,-5.0,-79.0
1777891035.3273325,-2.0,-8.0,-72.0
1777891035.3373325,-2.0,-9.0,-69.0
1777891035.3473325,0.0,-7.0,-75.0
1777891035.3573325,6.0,-5.0,-79.0
1777891035.3673325,1.0,0.0,-81.0
1777891035.3773324,2.0,2.0,-75.0
1777891035.3873324,5.0,2.0,-74.0
1777891035.3973324,0.0,1.0,-67.0
1777891035.4073324,2.0,1.0,-68.0
1777891035.4173324,-3.0,1.0,-70.0
1777891035.4273324,0.0,4.0,-73.0
1777891035.4373324,4.0,0.0,-68.0
1777891035.4473324,0.0,0.0,-66.0
1777891035.4573324,-1.0,0.0,-69.0
1777891035.4673324,0.0,0.0,-62.0
1777891035.4773324,3.0,1.0,-60.0
1777891035.4873323,7.0,5.0,-62.0
1777891035.4973323,8.0,4.0,-59.0
1777891035.5073323,4.0,2.0,-59.0
1777891035.5173323,6.0,3.0,-57.0
1777891035.5273323,6.0,-2.0,-62.0
1777891035.5373323,4.0,-2.0,-66.0
1777891035.5473323,1.0,-2.0,-66.0
1777891035.5573325,0.0,-4.0,-67.0
1777891035.5673325,-3.0,-3.0,-70.0
1777891035.5773325,0.0,-3.0,-58.0
1777891035.5873325,0.0,-3.0,-56.0
1777891035.5973325,-3.0,0.0,-66.0
1777891035.6073325,-3.0,2.0,-69.0
1777891035.6173325,-3.0,6.0,-67.0
1777891035.6273324,0.0,4.0,-70.0
1777891035.6373324,1.0,3.0,-70.0
1777891035.6473324,-1.0,4.0,-70.0
1777891035.6573324,0.0,1.0,-71.0
1777891035.6673324,1.0,6.0,-69.0
1777891035.6773324,0.0,5.0,-70.0
1777891035.6873324,-1.0,0.0,-70.0
1777891035.6973324,0.0,-1.0,-72.0
1777891035.7073324,4.0,1.0,-72.0
1777891035.7173324,1.0,-2.0,-73.0
1777891035.7273324,4.0,-3.0,-77.0
1777891035.7373323,4.0,-5.0,-71.0
1777891035.7473323,1.0,-9.0,-77.0
1777891035.7573323,1.0,-3.0,-80.0
1777891035.7673323,-1.0,-4.0,-80.0
1777891035.7773323,0.0,-4.0,-81.0
1777891035.7873323,-2.0,-6.0,-78.0
1777891035.7973323,-2.0,-6.0,-74.0
1777891035.8073325,0.0,-4.0,-67.0
1777891035.8173325,2.0,-4.0,-68.0
1777891035.8273325,5.0,-4.0,-64.0
1777891035.8373325,3.0,-2.0,-63.0
1777891035.8473325,6.0,0.0,-59.0
1777891035.8573325,4.0,-1.0,-67.0
1777891035.8673325,4.0,-6.0,-73.0
1777891035.8773324,2.0,-10.0,-70.0
1777891035.8873324,0.0,-8.0,-64.0
1777891035.8973324,2.0,-7.0,-63.0
1777891035.9073324,0.0,-5.0,-61.0
1777891035.9173324,0.0,-1.0,-63.0
1777891035.9273324,2.0,-1.0,-67.0
1777891035.9373324,6.0,0.0,-75.0
1777891035.9473324,2.0,-2.0,-79.0
1777891035.9573324,3.0,-1.0,-76.0
1777891035.9673324,7.0,0.0,-73.0
1777891035.9773324,2.0,0.0,-76.0
1777891035.9873323,0.0,1.0,-78.0
1777891035.9973323,-3.0,0.0,-80.0
1777891036.0073323,0.0,2.0,-74.0
1777891036.0173323,-3.0,4.0,-68.0
1777891036.0273323,0.0,0.0,-69.0
1777891036.0373323,0.0,-4.0,-72.0
1777891036.0473323,-5.0,-2.0,-71.0
1777891036.0573325,-4.0,0.0,-65.0
1777891036.0673325,-2.0,0.0,-69.0
1777891036.0773325,0.0,0.0,-70.0
1777891036.0873325,0.0,-4.0,-71.0
1777891036.0973325,5.0,-6.0,-73.0
1777891036.1073325,5.0,-4.0,-68.0
1777891036.1173325,0.0,-2.0,-66.0
1777891036.1273324,0.0,-2.0,-67.0
1777891036.1373324,-1.0,-3.0,-67.0
1777891036.1473324,-4.0,-5.0,-65.0
1777891036.1573324,-4.0,-4.0,-68.0
1777891036.1673324,0.0,-6.0,-69.0
1777891036.1773324,2.0,-7.0,-67.0
1777891036.1873324,0.0,-4.0,-71.0
1777891036.1973324,-1.0,0.0,-72.0
1777891036.2073324,-2.0,-2.0,-76.0
1777891036.2173324,1.0,0.0,-77.0
1777891036.2273324,1.0,-2.0,-76.0
1777891036.2373323,2.0,-1.0,-76.0
1777891036.2473323,1.0,0.0,-80.0
1777891036.2573323,2.0,-1.0,-76.0
1777891036.2673323,2.0,-3.0,-75.0
1777891036.2773323,0.0,-2.0,-75.0
1777891036.2873323,4.0,-3.0,-72.0
1777891036.2973323,2.0,-3.0,-78.0
1777891036.3073325,-1.0,-1.0,-75.0
1777891036.3173325,-1.0,-5.0,-78.0
1777891036.3273325,0.0,-4.0,-76.0
1777891036.3373325,0.0,-5.0,-75.0
1777891036.3473325,0.0,-7.0,-73.0
1777891036.3573325,-3.0,-7.0,-71.0
1777891036.3673325,-2.0,-2.0,-71.0
1777891036.3773324,-1.0,-3.0,-67.0
1777891036.3873324,-1.0,0.0,-71.0
1777891036.3973324,1.0,0.0,-70.0
1777891036.4073324,3.0,0.0,-73.0
1777891036.4173324,3.0,-3.0,-74.0
1777891036.4283323,3.0,-3.0,-73.0
1777891036.4383323,2.0,0.0,-75.0
1777891036.4483323,2.0,0.0,-76.0
1777891036.4583323,6.0,-2.0,-78.0
1777891036.4683323,6.0,-5.0,-85.0
1777891036.4783323,8.0,-8.0,-79.0
1777891036.4883325,10.0,-7.0,-74.0
1777891036.4983325,7.0,-9.0,-71.0
1777891036.5083325,8.0,-9.0,-63.0
1777891036.5183325,5.0,-8.0,-66.0
1777891036.5283325,0.0,-7.0,-63.0
1777891036.5383325,0.0,-2.0,-61.0
1777891036.5483325,-1.0,-3.0,-64.0
1777891036.5583324,-3.0,-6.0,-64.0
1777891036.5683324,1.0,-1.0,-64.0
1777891036.5783324,1.0,0.0,-58.0
1777891036.5883324,1.0,1.0,-64.0
1777891036.5983324,3.0,0.0,-69.0
1777891036.6083324,0.0,0.0,-75.0
1777891036.6183324,-4.0,2.0,-78.0
1777891036.6283324,-6.0,0.0,-74.0
1777891036.6383324,-3.0,-1.0,-71.0
1777891036.6483324,1.0,-2.0,-70.0
1777891036.6583323,5.0,0.0,-70.0
1777891036.6683323,5.0,-1.0,-72.0
1777891036.6783323,5.0,-1.0,-68.0
1777891036.6883323,5.0,0.0,-58.0
1777891036.6983323,5.0,-2.0,-63.0
1777891036.7083323,3.0,-3.0,-64.0
1777891036.7183323,4.0,0.0,-63.0
1777891036.7283323,2.0,0.0,-73.0
1777891036.7383325,3.0,0.0,-72.0
1777891036.7483325,5.0,0.0,-70.0
1777891036.7583325,6.0,0.0,-70.0
1777891036.7683325,4.0,0.0,-74.0
1777891036.7783325,7.0,-1.0,-75.0
1777891036.7883325,8.0,-3.0,-62.0
1777891036.7983325,6.0,-3.0,-64.0
1777891036.8083324,7.0,-5.0,-61.0
1777891036.8183324,4.0,-8.0,-67.0
1777891036.8283324,4.0,-11.0,-66.0
1777891036.8383324,1.0,-7.0,-71.0
1777891036.8483324,-2.0,-8.0,-71.0
1777891036.8583324,-2.0,-5.0,-64.0
1777891036.8683324,0.0,0.0,-65.0
1777891036.8783324,2.0,1.0,-64.0
1777891036.8883324,-1.0,0.0,-69.0
1777891036.8983324,-2.0,-2.0,-76.0
1777891036.9083323,-1.0,-3.0,-74.0
1777891036.9183323,-2.0,0.0,-73.0
1777891036.9283323,-2.0,0.0,-67.0
1777891036.9383323,0.0,0.0,-71.0
1777891036.9483323,-2.0,-2.0,-68.0
1777891036.9583323,2.0,-1.0,-63.0
1777891036.9683323,2.0,-2.0,-68.0
1777891036.9783323,0.0,-2.0,-64.0
1777891036.9883325,-2.0,-5.0,-53.0
1777891036.9983325,-4.0,-7.0,-58.0
1777891037.0083325,-7.0,-6.0,-57.0
1777891037.0183325,-7.0,-2.0,-61.0
1777891037.0283325,-6.0,-1.0,-64.0
1777891037.0383325,-2.0,4.0,-68.0
1777891037.0483325,-7.0,3.0,-74.0
1777891037.0583324,-7.0,0.0,-77.0
1777891037.0683324,-6.0,-2.0,-74.0
1777891037.0783324,-7.0,-5.0,-69.0
1777891037.0883324,-8.0,-7.0,-64.0
1777891037.0983324,-1.0,-2.0,-60.0
1777891037.1083324,-2.0,-6.0,-63.0
1777891037.1183324,-1.0,-8.0,-67.0
1777891037.1283324,-3.0,-8.0,-68.0
1777891037.1383324,-4.0,-6.0,-69.0
1777891037.1483324,0.0,-1.0,-73.0
1777891037.1583323,-1.0,-5.0,-69.0
1777891037.1683323,-1.0,-2.0,-76.0
1777891037.1783323,0.0,-1.0,-77.0
1777891037.1883323,-1.0,-5.0,-70.0
1777891037.1983323,-3.0,-5.0,-71.0
1777891037.2083323,-1.0,-7.0,-62.0
1777891037.2183323,0.0,-10.0,-63.0
1777891037.2283323,-4.0,-8.0,-63.0
1777891037.2383325,-2.0,-3.0,-67.0
1777891037.2483325,0.0,-1.0,-76.0
1777891037.2583325,1.0,-5.0,-75.0
1777891037.2683325,4.0,-4.0,-72.0
1777891037.2783325,0.0,-2.0,-76.0
1777891037.2883325,4.0,0.0,-75.0
1777891037.2983325,5.0,0.0,-76.0
1777891037.3083324,3.0,-4.0,-73.0
1777891037.3183324,2.0,-1.0,-74.0
1777891037.3283324,2.0,-4.0,-69.0
1777891037.3383324,3.0,-6.0,-68.0
1777891037.3483324,2.0,-2.0,-76.0
1777891037.3583324,-2.0,-3.0,-75.0
1777891037.3683324,-4.0,-8.0,-75.0
1777891037.3783324,0.0,-8.0,-69.0
1777891037.3883324,0.0,-8.0,-70.0
1777891037.3983324,0.0,-7.0,-73.0
1777891037.4083323,1.0,-5.0,-69.0
1777891037.4183323,1.0,-3.0,-72.0
1777891037.4283323,0.0,-4.0,-68.0
1777891037.4383323,-4.0,-3.0,-71.0
1777891037.4483323,-4.0,-3.0,-71.0
1777891037.4583323,-4.0,0.0,-74.0
1777891037.4683323,-5.0,0.0,-79.0
1777891037.4783323,-5.0,1.0,-80.0
1777891037.4883325,-5.0,0.0,-76.0
1777891037.4983325,-4.0,0.0,-76.0
1777891037.5083325,-5.0,0.0,-79.0
1777891037.5183325,-6.0,0.0,-83.0
1777891037.5283325,-2.0,-2.0,-75.0
1777891037.5383325,-1.0,-4.0,-75.0
1777891037.5483325,0.0,-5.0,-78.0
1777891037.5583324,-4.0,-10.0,-84.0
1777891037.5683324,-1.0,-11.0,-80.0
1777891037.5783324,2.0,-7.0,-74.0
1777891037.5883324,1.0,-7.0,-71.0
1777891037.5983324,-1.0,-4.0,-75.0
1777891037.6083324,-3.0,-4.0,-73.0
1777891037.6183324,-2.0,-4.0,-73.0
1777891037.6283324,0.0,-4.0,-73.0
1777891037.6383324,0.0,-3.0,-75.0
1777891037.6483324,0.0,-1.0,-79.0
1777891037.6583323,0.0,-3.0,-73.0
1777891037.6683323,0.0,-1.0,-75.0
1777891037.6783323,2.0,1.0,-74.0
1777891037.6883323,-3.0,1.0,-73.0
1777891037.6983323,1.0,0.0,-73.0
1777891037.7083323,0.0,-1.0,-70.0
1777891037.7183323,0.0,1.0,-71.0
1777891037.7283323,-2.0,-1.0,-80.0
1777891037.7383325,-3.0,-3.0,-75.0
1777891037.7483325,-6.0,0.0,-71.0
1777891037.7583325,-1.0,2.0,-71.0
1777891037.7683325,0.0,5.0,-70.0
1777891037.7783325,-5.0,3.0,-65.0
1777891037.7883325,-7.0,0.0,-67.0
1777891037.7983325,-4.0,0.0,-73.0
1777891037.8083324,0.0,1.0,-78.0
1777891037.8183324,6.0,0.0,-74.0
1777891037.8283324,8.0,-2.0,-75.0
1777891037.8383324,8.0,-1.0,-74.0
1777891037.8483324,5.0,-4.0,-68.0
1777891037.8583324,2.0,-2.0,-67.0
1777891037.8683324,5.0,-8.0,-68.0
1777891037.8783324,8.0,-9.0,-74.0
1777891037.8883324,9.0,-9.0,-72.0
1777891037.8983324,8.0,-6.0,-72.0
1777891037.9083323,3.0,-9.0,-68.0
1777891037.9183323,0.0,-8.0,-61.0
1777891037.9283323,0.0,-5.0,-61.0
1777891037.9383323,-1.0,-7.0,-55.0
1777891037.9483323,1.0,-7.0,-58.0
1777891037.9583323,3.0,-5.0,-68.0
1777891037.9683323,-2.0,-5.0,-66.0
1777891037.9783323,0.0,-1.0,-64.0
1777891037.9883325,-1.0,2.0,-64.0
1777891037.9983325,-1.0,2.0,-64.0
1777891038.0083325,1.0,-3.0,-66.0
1777891038.0183325,2.0,-2.0,-68.0
1777891038.0283325,5.0,-6.0,-70.0
1777891038.0383325,4.0,-7.0,-67.0
1777891038.0483325,-2.0,-3.0,-68.0
1777891038.0583324,-5.0,-2.0,-69.0
1777891038.0683324,-5.0,-1.0,-71.0
1777891038.0783324,-5.0,0.0,-76.0
1777891038.0883324,-3.0,-2.0,-72.0
1777891038.0983324,-2.0,-5.0,-71.0
1777891038.1083324,-1.0,0.0,-76.0
1777891038.1183324,0.0,0.0,-71.0
1777891038.1283324,0.0,0.0,-67.0
1777891038.1383324,-1.0,-1.0,-68.0
1777891038.1483324,-4.0,-6.0,-69.0
1777891038.1583323,-1.0,-7.0,-72.0
1777891038.1683323,0.0,-6.0,-71.0
1777891038.1783323,-3.0,-2.0,-72.0
1777891038.1883323,-5.0,-3.0,-75.0
1777891038.1983323,-3.0,-2.0,-74.0
1777891038.2083323,-6.0,-2.0,-68.0
1777891038.2183323,-6.0,-1.0,-73.0
1777891038.2283323,-5.0,0.0,-74.0
1777891038.2383325,0.0,1.0,-80.0
1777891038.2483325,2.0,1.0,-74.0
1777891038.2583325,2.0,1.0,-72.0
1777891038.2683325,6.0,0.0,-77.0
1777891038.2783325,8.0,2.0,-82.0
1777891038.2883325,4.0,4.0,-80.0
1777891038.2983325,-4.0,3.0,-80.0
1777891038.3083324,-4.0,6.0,-80.0
1777891038.3183324,-1.0,5.0,-78.0
1777891038.3283324,-1.0,-2.0,-75.0
1777891038.3383324,-5.0,-3.0,-78.0
1777891038.3483324,-5.0,-2.0,-74.0
1777891038.3583324,-4.0,-2.0,-77.0
1777891038.3683324,-1.0,-2.0,-74.0
1777891038.3783324,-4.0,-1.0,-73.0
1777891038.3883324,-4.0,-3.0,-77.0
1777891038.3983324,-2.0,-3.0,-81.0
1777891038.4083323,-2.0,-2.0,-81.0
1777891038.4193325,-2.0,-3.0,-85.0
1777891038.4293325,0.0,0.0,-87.0
1777891038.4393325,-1.0,-6.0,-88.0
1777891038.4493325,0.0,-7.0,-82.0
1777891038.4593325,0.0,-3.0,-79.0
1777891038.4693325,-2.0,-4.0,-84.0
1777891038.4793324,-1.0,-3.0,-85.0
1777891038.4893324,3.0,2.0,-86.0
1777891038.4993324,1.0,4.0,-85.0
1777891038.5093324,1.0,-2.0,-76.0
1777891038.5193324,3.0,1.0,-76.0
1777891038.5293324,3.0,5.0,-74.0
1777891038.5393324,0.0,3.0,-68.0
1777891038.5493324,1.0,1.0,-57.0
1777891038.5593324,2.0,-1.0,-60.0
1777891038.5693324,-1.0,-2.0,-71.0
1777891038.5793324,-1.0,2.0,-72.0
1777891038.5893323,-1.0,2.0,-74.0
1777891038.5993323,0.0,0.0,-70.0
1777891038.6093323,0.0,0.0,-67.0
1777891038.6193323,-1.0,4.0,-68.0
1777891038.6293323,0.0,7.0,-71.0
1777891038.6393323,-4.0,2.0,-76.0
1777891038.6493323,-7.0,2.0,-77.0
1777891038.6593325,-8.0,1.0,-78.0
1777891038.6693325,-11.0,1.0,-82.0
1777891038.6793325,-11.0,0.0,-76.0
1777891038.6893325,-9.0,0.0,-75.0
1777891038.6993325,-4.0,2.0,-75.0
1777891038.7093325,-1.0,-1.0,-72.0
1777891038.7193325,-4.0,1.0,-71.0
1777891038.7293324,0.0,-1.0,-64.0
1777891038.7393324,1.0,-3.0,-62.0
1777891038.7493324,0.0,-4.0,-62.0
1777891038.7593324,0.0,0.0,-63.0
1777891038.7693324,-1.0,3.0,-62.0
1777891038.7793324,0.0,3.0,-56.0
1777891038.7893324,-1.0,2.0,-67.0
1777891038.7993324,0.0,1.0,-68.0
1777891038.8093324,0.0,1.0,-63.0
1777891038.8193324,1.0,1.0,-66.0
1777891038.8293324,-2.0,3.0,-65.0
1777891038.8393323,-3.0,6.0,-71.0
1777891038.8493323,-1.0,3.0,-72.0
1777891038.8593323,-1.0,0.0,-67.0
1777891038.8693323,-3.0,0.0,-74.0
1777891038.8793323,-2.0,0.0,-81.0
1777891038.8893323,-3.0,0.0,-78.0
1777891038.8993323,0.0,0.0,-81.0
1777891038.9093325,0.0,1.0,-72.0
1777891038.9193325,-2.0,3.0,-79.0
1777891038.9293325,0.0,2.0,-83.0
1777891038.9393325,-1.0,-1.0,-79.0
1777891038.9493325,-2.0,-4.0,-82.0
1777891038.9593325,-4.0,0.0,-79.0
1777891038.9693325,-3.0,0.0,-68.0
1777891038.9793324,-2.0,0.0,-70.0
1777891038.9893324,-4.0,0.0,-71.0
1777891038.9993324,-4.0,-4.0,-72.0
1777891039.0093324,-1.0,-2.0,-81.0
1777891039.0193324,-1.0,-4.0,-80.0
1777891039.0293324,-2.0,-3.0,-76.0
1777891039.0393324,1.0,-3.0,-72.0
1777891039.0493324,4.0,-5.0,-77.0
1777891039.0593324,5.0,-2.0,-80.0
1777891039.0693324,0.0,3.0,-79.0
1777891039.0793324,2.0,8.0,-82.0
1777891039.0893323,0.0,9.0,-88.0
1777891039.0993323,3.0,5.0,-84.0
1777891039.1093323,7.0,3.0,-82.0
1777891039.1193323,7.0,5.0,-73.0
1777891039.1293323,3.0,3.0,-78.0
1777891039.1393323,2.0,0.0,-79.0
1777891039.1493323,-3.0,-1.0,-80.0
1777891039.1593325,-4.0,0.0,-73.0
1777891039.1693325,0.0,-3.0,-64.0
1777891039.1793325,4.0,-1.0,-60.0
1777891039.1893325,8.0,-3.0,-63.0
1777891039.1993325,7.0,-4.0,-65.0
1777891039.2093325,8.0,-3.0,-68.0
1777891039.2193325,10.0,-1.0,-58.0
1777891039.2293324,7.0,0.0,-61.0
1777891039.2393324,8.0,1.0,-68.0
1777891039.2493324,5.0,2.0,-66.0
1777891039.2593324,6.0,0.0,-68.0
1777891039.2693324,4.0,-2.0,-68.0
1777891039.2793324,3.0,-2.0,-69.0
1777891039.2893324,5.0,-5.0,-67.0
1777891039.2993324,5.0,-6.0,-56.0
1777891039.3093324,7.0,-4.0,-61.0
1777891039.3193324,3.0,0.0,-65.0
1777891039.3293324,0.0,0.0,-69.0
1777891039.3393323,-2.0,0.0,-71.0
1777891039.3493323,-3.0,-1.0,-75.0
1777891039.3593323,-3.0,-2.0,-72.0
1777891039.3693323,-3.0,-2.0,-74.0
1777891039.3793323,-6.0,0.0,-74.0
1777891039.3893323,-9.0,0.0,-74.0
1777891039.3993323,-8.0,4.0,-77.0
1777891039.4093325,-7.0,4.0,-80.0
1777891039.4193325,-3.0,3.0,-77.0
1777891039.4293325,-2.0,3.0,-75.0
1777891039.4393325,-7.0,2.0,-68.0
1777891039.4493325,0.0,2.0,-63.0
1777891039.4593325,1.0,2.0,-70.0
1777891039.4693325,0.0,5.0,-74.0
1777891039.4793324,-1.0,0.0,-70.0
1777891039.4893324,-2.0,2.0,-66.0
1777891039.4993324,2.0,-1.0,-64.0
1777891039.5093324,4.0,-1.0,-56.0
1777891039.5193324,0.0,0.0,-56.0
1777891039.5293324,0.0,1.0,-54.0
1777891039.5393324,1.0,0.0,-61.0
1777891039.5493324,2.0,0.0,-59.0
1777891039.5593324,4.0,2.0,-60.0
1777891039.5693324,6.0,3.0,-62.0
1777891039.5793324,2.0,3.0,-69.0
1777891039.5893323,0.0,-1.0,-71.0
1777891039.5993323,2.0,-2.0,-78.0
1777891039.6093323,2.0,0.0,-78.0
1777891039.6193323,0.0,-4.0,-75.0
1777891039.6293323,4.0,-7.0,-69.0
1777891039.6393323,0.0,-1.0,-68.0
1777891039.6493323,2.0,-3.0,-67.0
1777891039.6593325,0.0,-3.0,-62.0
1777891039.6693325,2.0,-4.0,-64.0
1777891039.6793325,5.0,-2.0,-74.0
1777891039.6893325,0.0,-2.0,-79.0
1777891039.6993325,2.0,1.0,-78.0
1777891039.7093325,1.0,-1.0,-82.0
1777891039.7193325,2.0,-2.0,-85.0
1777891039.7293324,-2.0,-4.0,-85.0
1777891039.7393324,1.0,-1.0,-73.0
1777891039.7493324,1.0,-4.0,-75.0
1777891039.7593324,1.0,-2.0,-78.0
1777891039.7693324,0.0,1.0,-73.0
1777891039.7793324,4.0,-4.0,-74.0
1777891039.7893324,4.0,-1.0,-75.0
1777891039.7993324,1.0,-1.0,-73.0
1777891039.8093324,0.0,-3.0,-72.0
1777891039.8193324,-1.0,-3.0,-69.0
1777891039.8293324,1.0,0.0,-62.0
1777891039.8393323,-2.0,-1.0,-64.0
1777891039.8493323,-3.0,-1.0,-69.0
1777891039.8593323,-6.0,1.0,-72.0
1777891039.8693323,-8.0,0.0,-76.0
1777891039.8793323,-9.0,0.0,-72.0
1777891039.8893323,-5.0,0.0,-70.0
1777891039.8993323,-4.0,-1.0,-74.0
1777891039.9093325,-2.0,-2.0,-78.0
1777891039.9193325,6.0,-3.0,-78.0
1777891039.9293325,8.0,-4.0,-75.0
1777891039.9393325,7.0,-3.0,-72.0
1777891039.9493325,6.0,-6.0,-75.0
1777891039.9593325,4.0,-7.0,-74.0
1777891039.9693325,1.0,-4.0,-78.0
1777891039.9793324,0.0,0.0,-78.0
1777891039.9893324,0.0,1.0,-72.0
1777891039.9993324,-2.0,0.0,-70.0
1777891040.0093324,-1.0,-3.0,-72.0
1777891040.0193324,-3.0,-3.0,-75.0
1777891040.0293324,-1.0,-2.0,-74.0
1777891040.0393324,-1.0,0.0,-74.0
1777891040.0493324,1.0,0.0,-68.0
1777891040.0593324,0.0,1.0,-69.0
1777891040.0693324,-1.0,0.0,-77.0
1777891040.0793324,-3.0,0.0,-81.0
1777891040.0893323,-1.0,-5.0,-81.0
1777891040.0993323,-7.0,-1.0,-79.0
1777891040.1093323,-6.0,2.0,-71.0
1777891040.1193323,-6.0,3.0,-69.0
1777891040.1293323,-10.0,2.0,-65.0
1777891040.1393323,-7.0,1.0,-59.0
1777891040.1493323,-4.0,0.0,-56.0
1777891040.1593325,0.0,0.0,-54.0
1777891040.1693325,0.0,0.0,-59.0
1777891040.1793325,0.0,2.0,-60.0
1777891040.1893325,-3.0,0.0,-62.0
1777891040.1993325,-6.0,0.0,-64.0
1777891040.2093325,-2.0,-3.0,-67.0
1777891040.2193325,0.0,-7.0,-66.0
1777891040.2293324,2.0,-3.0,-64.0
1777891040.2393324,1.0,-3.0,-68.0
1777891040.2493324,-3.0,0.0,-70.0
1777891040.2593324,-6.0,-1.0,-71.0
1777891040.2693324,-7.0,1.0,-77.0
1777891040.2793324,-8.0,5.0,-79.0
1777891040.2893324,-5.0,7.0,-82.0
1777891040.2993324,-2.0,3.0,-71.0
1777891040.3093324,0.0,0.0,-72.0
1777891040.3193324,-6.0,4.0,-77.0
1777891040.3293324,-4.0,5.0,-77.0
1777891040.3393323,-1.0,5.0,-83.0
1777891040.3493323,0.0,2.0,-85.0
1777891040.3593323,1.0,3.0,-78.0
1777891040.3693323,3.0,0.0,-77.0
1777891040.3793323,4.0,1.0,-77.0
1777891040.3893323,6.0,-1.0,-78.0
1777891040.4003325,2.0,-6.0,-80.0
1777891040.4093325,2.0,-8.0,-77.0
1777891040.4193325,0.0,-8.0,-75.0
1777891040.4303324,-2.0,-2.0,-74.0
1777891040.4403324,-1.0,-6.0,-71.0
1777891040.4503324,1.0,-5.0,-68.0
1777891040.4603324,2.0,-1.0,-72.0
1777891040.4703324,-1.0,-1.0,-71.0
1777891040.4803324,0.0,-3.0,-69.0
1777891040.4903324,4.0,-3.0,-66.0
1777891040.5003324,3.0,-7.0,-63.0
1777891040.5103323,2.0,-7.0,-66.0
1777891040.5203323,4.0,-4.0,-71.0
1777891040.5303323,6.0,-3.0,-72.0
1777891040.5403323,3.0,-5.0,-76.0
1777891040.5503323,2.0,-4.0,-73.0
1777891040.5603323,0.0,-4.0,-73.0
1777891040.5703323,0.0,-1.0,-75.0
1777891040.5803325,1.0,-3.0,-80.0
1777891040.5903325,0.0,-5.0,-86.0
1777891040.6003325,2.0,-5.0,-76.0
1777891040.6103325,2.0,-4.0,-80.0
1777891040.6203325,0.0,-2.0,-80.0
1777891040.6303325,0.0,-2.0,-76.0
1777891040.6403325,-1.0,1.0,-72.0
1777891040.6503325,-4.0,1.0,-75.0
1777891040.6603324,-6.0,2.0,-79.0
1777891040.6703324,-8.0,0.0,-78.0
1777891040.6803324,-2.0,-3.0,-76.0
1777891040.6903324,0.0,-4.0,-74.0
1777891040.7003324,3.0,-2.0,-77.0
1777891040.7103324,0.0,-1.0,-74.0
1777891040.7203324,-1.0,0.0,-73.0
1777891040.7303324,2.0,-4.0,-68.0
1777891040.7403324,5.0,-2.0,-70.0
1777891040.7503324,4.0,-4.0,-74.0
1777891040.7603323,4.0,0.0,-72.0
1777891040.7703323,5.0,-1.0,-69.0
1777891040.7803323,1.0,1.0,-67.0
1777891040.7903323,2.0,4.0,-65.0
1777891040.8003323,2.0,5.0,-61.0
1777891040.8103323,4.0,2.0,-69.0
1777891040.8203323,7.0,2.0,-71.0
1777891040.8303325,6.0,0.0,-69.0
1777891040.8403325,4.0,4.0,-63.0
1777891040.8503325,2.0,5.0,-63.0
1777891040.8603325,0.0,4.0,-69.0
1777891040.8703325,2.0,6.0,-69.0
1777891040.8803325,6.0,0.0,-67.0
1777891040.8903325,6.0,0.0,-65.0
1777891040.9003325,1.0,-1.0,-64.0
1777891040.9103324,0.0,-1.0,-65.0
1777891040.9203324,0.0,-3.0,-75.0
1777891040.9303324,-6.0,0.0,-79.0
1777891040.9403324,-7.0,4.0,-78.0
1777891040.9503324,-4.0,2.0,-83.0
1777891040.9603324,0.0,-1.0,-83.0
1777891040.9703324,3.0,-3.0,-81.0
1777891040.9803324,9.0,-2.0,-76.0
1777891040.9903324,7.0,-3.0,-75.0
1777891041.0003324,7.0,-5.0,-71.0
1777891041.0103323,5.0,-4.0,-71.0
1777891041.0203323,5.0,-6.0,-68.0
1777891041.0303323,4.0,-6.0,-66.0
1777891041.0403323,2.0,1.0,-59.0
1777891041.0503323,0.0,0.0,-57.0
1777891041.0603323,-6.0,0.0,-55.0
1777891041.0703323,-1.0,5.0,-59.0
1777891041.0803325,-1.0,4.0,-62.0
1777891041.0903325,-3.0,2.0,-59.0
1777891041.1003325,-2.0,1.0,-62.0
1777891041.1103325,0.0,0.0,-70.0
1777891041.1203325,1.0,0.0,-73.0
1777891041.1303325,0.0,0.0,-78.0
1777891041.1403325,1.0,-2.0,-79.0
1777891041.1503325,0.0,-5.0,-79.0
1777891041.1603324,-1.0,-6.0,-78.0
1777891041.1703324,5.0,-6.0,-78.0
1777891041.1803324,8.0,-8.0,-83.0
1777891041.1903324,1.0,-3.0,-86.0
1777891041.2003324,2.0,-3.0,-81.0
1777891041.2103324,-1.0,-5.0,-77.0
1777891041.2203324,0.0,-1.0,-77.0
1777891041.2303324,1.0,-2.0,-72.0
1777891041.2403324,3.0,-1.0,-73.0
1777891041.2503324,2.0,1.0,-79.0
1777891041.2603323,0.0,0.0,-80.0
1777891041.2703323,3.0,-2.0,-80.0
1777891041.2803323,1.0,-5.0,-78.0
1777891041.2903323,4.0,-6.0,-76.0
1777891041.3003323,3.0,-3.0,-82.0
1777891041.3103323,0.0,-5.0,-84.0
1777891041.3203323,2.0,-6.0,-88.0
1777891041.3303325,2.0,-5.0,-85.0
1777891041.3403325,1.0,-5.0,-78.0
1777891041.3503325,6.0,-5.0,-76.0
1777891041.3603325,6.0,-6.0,-76.0
1777891041.3703325,2.0,-5.0,-79.0
1777891041.3803325,2.0,-1.0,-81.0
1777891041.3903325,4.0,0.0,-78.0
1777891041.4003325,0.0,-1.0,-74.0
1777891041.4103324,1.0,-3.0,-72.0
1777891041.4203324,3.0,0.0,-71.0
1777891041.4303324,2.0,0.0,-73.0
1777891041.4403324,4.0,-3.0,-71.0
1777891041.4503324,7.0,-4.0,-68.0
1777891041.4603324,7.0,-3.0,-69.0
1777891041.4703324,3.0,0.0,-67.0
1777891041.4803324,3.0,-2.0,-74.0
1777891041.4903324,5.0,0.0,-75.0
1777891041.5003324,0.0,-2.0,-76.0
1777891041.5103323,0.0,-3.0,-73.0
1777891041.5203323,1.0,-5.0,-70.0
1777891041.5303323,-1.0,0.0,-70.0
1777891041.5403323,-3.0,0.0,-72.0
1777891041.5503323,-3.0,1.0,-76.0
1777891041.5603323,-3.0,1.0,-70.0
1777891041.5703323,-1.0,0.0,-79.0
1777891041.5803325,5.0,0.0,-80.0
1777891041.5903325,1.0,0.0,-77.0
1777891041.6003325,-1.0,0.0,-67.0
1777891041.6103325,-1.0,-3.0,-66.0
1777891041.6203325,-1.0,-6.0,-66.0
1777891041.6303325,-1.0,-7.0,-62.0
1777891041.6403325,1.0,-10.0,-58.0
1777891041.6503325,1.0,-11.0,-61.0
1777891041.6603324,-2.0,-10.0,-70.0
1777891041.6703324,-3.0,-6.0,-70.0
1777891041.6803324,-3.0,0.0,-72.0
1777891041.6903324,-6.0,1.0,-79.0
1777891041.7003324,-10.0,2.0,-82.0
1777891041.7103324,-7.0,1.0,-84.0
1777891041.7203324,-1.0,2.0,-83.0
1777891041.7303324,-1.0,4.0,-82.0
1777891041.7403324,0.0,4.0,-83.0
1777891041.7503324,-2.0,3.0,-84.0
1777891041.7603323,2.0,1.0,-84.0
1777891041.7703323,5.0,1.0,-85.0
1777891041.7803323,1.0,0.0,-82.0
1777891041.7903323,-2.0,2.0,-90.0
1777891041.8003323,-1.0,1.0,-86.0
1777891041.8103323,3.0,-2.0,-81.0
1777891041.8203323,5.0,-1.0,-79.0
1777891041.8303325,8.0,0.0,-81.0
1777891041.8403325,8.0,-1.0,-81.0
1777891041.8503325,4.0,-3.0,-73.0
1777891041.8603325,0.0,-4.0,-76.0
1777891041.8703325,-5.0,-3.0,-78.0
1777891041.8803325,-1.0,-2.0,-78.0
1777891041.8903325,1.0,-4.0,-76.0
1777891041.9003325,4.0,-5.0,-77.0
1777891041.9103324,6.0,-6.0,-81.0
1777891041.9203324,2.0,-9.0,-76.0
1777891041.9303324,0.0,-6.0,-80.0
1777891041.9403324,-5.0,-7.0,-91.0
1777891041.9503324,-1.0,-4.0,-83.0
1777891041.9603324,-4.0,-3.0,-78.0
1777891041.9703324,-7.0,-6.0,-74.0
1777891041.9803324,-3.0,-1.0,-69.0
1777891041.9903324,-4.0,0.0,-68.0
1777891042.0003324,-3.0,-2.0,-70.0
1777891042.0103323,-3.0,-2.0,-68.0
1777891042.0203323,-1.0,-2.0,-61.0
1777891042.0303323,-1.0,3.0,-62.0
1777891042.0403323,2.0,4.0,-64.0
1777891042.0503323,-2.0,7.0,-68.0
1777891042.0603323,-2.0,6.0,-70.0
1777891042.0703323,0.0,6.0,-72.0
1777891042.0803325,4.0,0.0,-72.0
1777891042.0903325,6.0,0.0,-76.0
1777891042.1003325,5.0,1.0,-73.0
1777891042.1103325,3.0,5.0,-78.0
1777891042.1203325,0.0,0.0,-73.0
1777891042.1303325,0.0,-1.0,-67.0
1777891042.1403325,1.0,1.0,-66.0
1777891042.1503325,4.0,3.0,-67.0
1777891042.1603324,-2.0,4.0,-68.0
1777891042.1703324,-8.0,4.0,-69.0
1777891042.1803324,-6.0,1.0,-72.0
1777891042.1903324,-4.0,-1.0,-74.0
1777891042.2003324,-1.0,-2.0,-77.0
1777891042.2103324,-3.0,-2.0,-73.0
1777891042.2203324,-6.0,0.0,-68.0
1777891042.2303324,-5.0,1.0,-69.0
1777891042.2403324,-4.0,3.0,-68.0
1777891042.2503324,-3.0,4.0,-69.0
1777891042.2603323,3.0,2.0,-68.0
1777891042.2703323,-2.0,-1.0,-65.0
1777891042.2803323,-3.0,-2.0,-69.0
1777891042.2903323,-4.0,0.0,-81.0
1777891042.3003323,-1.0,3.0,-83.0
1777891042.3103323,-1.0,5.0,-80.0
1777891042.3203323,0.0,4.0,-79.0
1777891042.3303325,2.0,2.0,-79.0
1777891042.3403325,2.0,3.0,-79.0
1777891042.3503325,-2.0,2.0,-78.0
1777891042.3603325,-5.0,2.0,-70.0
1777891042.3703325,-3.0,2.0,-75.0
1777891042.3803325,-1.0,-2.0,-74.0
1777891042.3903325,3.0,-5.0,-76.0
1777891042.4013324,1.0,-4.0,-83.0
1777891042.4103324,1.0,-2.0,-87.0
1777891042.4213324,0.0,-4.0,-89.0
1777891042.4313323,1.0,-1.0,-83.0
1777891042.4413323,4.0,-1.0,-75.0
1777891042.4513323,4.0,3.0,-76.0
1777891042.4603324,2.0,5.0,-72.0
1777891042.4713323,1.0,1.0,-72.0
1777891042.4813323,3.0,0.0,-72.0
1777891042.4913323,2.0,0.0,-66.0
1777891042.5013323,0.0,0.0,-71.0
1777891042.5113325,2.0,-2.0,-71.0
1777891042.5213325,2.0,-5.0,-67.0
1777891042.5313325,2.0,-4.0,-69.0
1777891042.5413325,-1.0,-6.0,-64.0
1777891042.5513325,0.0,0.0,-60.0
1777891042.5613325,0.0,0.0,-58.0
1777891042.5713325,0.0,0.0,-56.0
1777891042.5813324,-3.0,-1.0,-59.0
1777891042.5913324,1.0,0.0,-69.0
1777891042.6013324,2.0,1.0,-69.0
1777891042.6113324,5.0,0.0,-66.0
1777891042.6213324,4.0,-3.0,-66.0
1777891042.6313324,1.0,-2.0,-61.0
1777891042.6413324,2.0,-3.0,-67.0
1777891042.6513324,5.0,-3.0,-63.0
1777891042.6613324,3.0,0.0,-67.0
1777891042.6713324,3.0,-2.0,-72.0
1777891042.6813323,4.0,-2.0,-78.0
1777891042.6913323,4.0,-1.0,-74.0
1777891042.7013323,4.0,-4.0,-73.0
1777891042.7113323,4.0,-1.0,-76.0
1777891042.7213323,5.0,2.0,-75.0
1777891042.7313323,1.0,3.0,-71.0
1777891042.7413323,0.0,2.0,-80.0
1777891042.7513323,1.0,0.0,-73.0
1777891042.7613325,2.0,0.0,-72.0
1777891042.7713325,-1.0,1.0,-73.0
1777891042.7813325,0.0,3.0,-76.0
1777891042.7913325,1.0,1.0,-78.0
1777891042.8013325,6.0,5.0,-76.0
1777891042.8113325,6.0,4.0,-78.0
1777891042.8213325,3.0,0.0,-81.0
1777891042.8313324,2.0,-2.0,-74.0
1777891042.8413324,4.0,-3.0,-70.0
1777891042.8513324,5.0,-6.0,-72.0
1777891042.8613324,4.0,-7.0,-78.0
1777891042.8713324,0.0,-7.0,-83.0
1777891042.8813324,-1.0,-6.0,-81.0
1777891042.8913324,0.0,-7.0,-79.0
1777891042.9013324,2.0,-2.0,-77.0
1777891042.9113324,3.0,0.0,-79.0
1777891042.9213324,3.0,2.0,-81.0
1777891042.9313323,1.0,1.0,-81.0
1777891042.9413323,-1.0,1.0,-86.0
1777891042.9513323,0.0,-2.0,-90.0
1777891042.9613323,0.0,0.0,-80.0
1777891042.9713323,0.0,1.0,-74.0
1777891042.9813323,3.0,4.0,-74.0
1777891042.9913323,0.0,3.0,-76.0
1777891043.0013323,0.0,4.0,-81.0
1777891043.0113325,1.0,2.0,-81.0
1777891043.0213325,4.0,1.0,-75.0
1777891043.0313325,5.0,-1.0,-67.0
1777891043.0413325,1.0,-2.0,-63.0
1777891043.0513325,-1.0,-1.0,-60.0
1777891043.0613325,0.0,0.0,-65.0
1777891043.0713325,0.0,-4.0,-64.0
1777891043.0813324,0.0,-4.0,-53.0
1777891043.0913324,2.0,-4.0,-52.0
1777891043.1013324,0.0,-3.0,-57.0
1777891043.1113324,3.0,-2.0,-62.0
1777891043.1213324,4.0,-3.0,-64.0
1777891043.1313324,3.0,-3.0,-68.0
1777891043.1413324,-1.0,-2.0,-71.0
1777891043.1513324,-2.0,0.0,-78.0
1777891043.1613324,-3.0,4.0,-80.0
1777891043.1713324,0.0,3.0,-83.0
1777891043.1813323,4.0,4.0,-81.0
1777891043.1913323,3.0,6.0,-77.0
1777891043.2013323,5.0,0.0,-84.0
1777891043.2113323,8.0,-3.0,-78.0
1777891043.2213323,10.0,0.0,-70.0
1777891043.2313323,9.0,0.0,-70.0
1777891043.2413323,9.0,-2.0,-70.0
1777891043.2513323,5.0,0.0,-68.0
1777891043.2613325,8.0,1.0,-68.0
1777891043.2713325,5.0,3.0,-67.0
1777891043.2813325,3.0,5.0,-68.0
1777891043.2913325,2.0,7.0,-71.0
1777891043.3013325,-2.0,7.0,-75.0
1777891043.3113325,-5.0,6.0,-72.0
1777891043.3213325,-11.0,6.0,-78.0
1777891043.3313324,-8.0,7.0,-75.0
1777891043.3413324,-8.0,6.0,-74.0
1777891043.3513324,-6.0,3.0,-69.0
1777891043.3613324,-6.0,2.0,-66.0
1777891043.3713324,-5.0,1.0,-66.0
1777891043.3813324,0.0,-3.0,-63.0
1777891043.3913324,0.0,-2.0,-65.0
1777891043.4013324,4.0,-1.0,-65.0
1777891043.4113324,0.0,-1.0,-70.0
1777891043.4213324,-2.0,0.0,-72.0
1777891043.4313323,-3.0,1.0,-76.0
1777891043.4413323,-2.0,1.0,-81.0
1777891043.4513323,-5.0,0.0,-80.0
1777891043.4613323,0.0,-3.0,-76.0
1777891043.4713323,-3.0,0.0,-70.0
1777891043.4813323,-1.0,0.0,-64.0
1777891043.4913323,-2.0,0.0,-69.0
1777891043.5013323,0.0,0.0,-74.0
1777891043.5113325,0.0,-1.0,-80.0
1777891043.5213325,-1.0,-2.0,-74.0
1777891043.5313325,-4.0,0.0,-78.0
1777891043.5413325,-11.0,0.0,-74.0
1777891043.5513325,-8.0,-1.0,-71.0
1777891043.5613325,-6.0,0.0,-68.0
1777891043.5713325,-1.0,4.0,-73.0
1777891043.5813324,0.0,3.0,-67.0
1777891043.5913324,3.0,0.0,-63.0
1777891043.6013324,6.0,-2.0,-66.0
1777891043.6113324,2.0,-2.0,-72.0
1777891043.6213324,9.0,-5.0,-73.0
1777891043.6313324,7.0,-4.0,-72.0
1777891043.6413324,15.0,-5.0,-69.0
1777891043.6513324,11.0,-4.0,-73.0
1777891043.6613324,8.0,-2.0,-83.0
1777891043.6713324,1.0,1.0,-83.0
1777891043.6813323,0.0,1.0,-82.0
1777891043.6913323,-2.0,1.0,-78.0
1777891043.7013323,0.0,0.0,-72.0
1777891043.7113323,4.0,-1.0,-73.0
1777891043.7213323,1.0,-1.0,-70.0
1777891043.7313323,1.0,3.0,-67.0
1777891043.7413323,-2.0,-2.0,-72.0
1777891043.7513323,-7.0,-3.0,-75.0
1777891043.7613325,-3.0,-1.0,-83.0
1777891043.7713325,-1.0,-1.0,-79.0
1777891043.7813325,0.0,0.0,-78.0
1777891043.7913325,1.0,0.0,-81.0
1777891043.8013325,3.0,2.0,-81.0
1777891043.8113325,3.0,6.0,-85.0
1777891043.8223324,0.0,5.0,-84.0
1777891043.8313324,3.0,6.0,-86.0
1777891043.8413324,0.0,6.0,-81.0
1777891043.8513324,-4.0,5.0,-74.0
1777891043.8613324,-8.0,2.0,-82.0
1777891043.8713324,-5.0,3.0,-82.0
1777891043.8813324,-7.0,1.0,-79.0
1777891043.8913324,-5.0,6.0,-69.0
1777891043.9013324,-7.0,4.0,-73.0
1777891043.9113324,-5.0,1.0,-72.0
1777891043.9213324,-4.0,1.0,-72.0
1777891043.9313323,-3.0,0.0,-75.0
1777891043.9413323,-1.0,3.0,-74.0
1777891043.9513323,2.0,5.0,-71.0
1777891043.9613323,6.0,0.0,-73.0
1777891043.9713323,4.0,0.0,-79.0
1777891043.9813323,3.0,3.0,-81.0
1777891043.9913323,2.0,5.0,-86.0
1777891044.0013323,5.0,0.0,-86.0
1777891044.0113325,2.0,-1.0,-76.0
1777891044.0213325,4.0,0.0,-67.0
1777891044.0313325,8.0,0.0,-64.0
1777891044.0413325,4.0,-1.0,-60.0
1777891044.0513325,5.0,-2.0,-65.0
1777891044.0613325,5.0,0.0,-67.0
1777891044.0713325,9.0,-1.0,-69.0
1777891044.0813324,8.0,-1.0,-76.0
1777891044.0913324,3.0,-4.0,-78.0
1777891044.1013324,-1.0,-1.0,-75.0
1777891044.1113324,-2.0,-3.0,-78.0
1777891044.1213324,0.0,-3.0,-79.0
1777891044.1313324,0.0,-3.0,-78.0
1777891044.1413324,2.0,-3.0,-75.0
1777891044.1513324,0.0,0.0,-78.0
1777891044.1613324,-1.0,0.0,-75.0
1777891044.1713324,0.0,-2.0,-76.0
1777891044.1813323,-3.0,0.0,-77.0
1777891044.1913323,-4.0,-1.0,-75.0
1777891044.2013323,0.0,0.0,-75.0
1777891044.2113323,2.0,-4.0,-84.0
1777891044.2213323,0.0,-3.0,-83.0
1777891044.2313323,0.0,0.0,-79.0
1777891044.2413323,0.0,-5.0,-74.0
1777891044.2513323,2.0,-4.0,-74.0
1777891044.2613325,0.0,0.0,-69.0
1777891044.2713325,-2.0,1.0,-67.0
1777891044.2813325,-5.0,0.0,-65.0
1777891044.2913325,-3.0,-1.0,-66.0
1777891044.3013325,-2.0,0.0,-62.0
1777891044.3113325,-2.0,1.0,-64.0
1777891044.3213325,-1.0,4.0,-62.0
1777891044.3313324,-2.0,3.0,-64.0
1777891044.3423324,-8.0,1.0,-68.0
1777891044.3513324,-9.0,4.0,-68.0
1777891044.3623323,-7.0,3.0,-69.0
1777891044.3713324,-5.0,-1.0,-74.0
1777891044.3813324,-5.0,-1.0,-75.0
1777891044.3923323,-8.0,5.0,-71.0
1777891044.4023323,-2.0,5.0,-75.0
1777891044.4113324,1.0,7.0,-81.0
1777891044.4223323,-2.0,9.0,-76.0
1777891044.4323325,-7.0,5.0,-70.0
1777891044.4423325,-8.0,6.0,-75.0
1777891044.4523325,-7.0,3.0,-75.0
1777891044.4623325,-2.0,2.0,-73.0
1777891044.4723325,0.0,0.0,-71.0
1777891044.4823325,-1.0,0.0,-66.0
1777891044.4923325,-2.0,2.0,-67.0
1777891044.5023324,-3.0,-1.0,-69.0
1777891044.5123324,-3.0,0.0,-71.0
1777891044.5223324,-8.0,3.0,-73.0
1777891044.5323324,-4.0,3.0,-73.0
1777891044.5423324,0.0,0.0,-71.0
1777891044.5523324,0.0,-1.0,-73.0
1777891044.5623324,1.0,-2.0,-75.0
1777891044.5723324,-3.0,-3.0,-75.0
1777891044.5823324,-2.0,-6.0,-74.0
1777891044.5923324,0.0,-4.0,-77.0
1777891044.6023324,0.0,-5.0,-73.0
1777891044.6123323,-1.0,-2.0,-68.0
1777891044.6223323,3.0,-2.0,-66.0
1777891044.6323323,3.0,-1.0,-73.0
1777891044.6423323,2.0,0.0,-69.0
1777891044.6523323,0.0,-3.0,-67.0
1777891044.6623323,-1.0,-1.0,-68.0
1777891044.6723323,-5.0,-2.0,-69.0
1777891044.6823325,-1.0,-7.0,-70.0
1777891044.6923325,0.0,-7.0,-74.0
1777891044.7023325,0.0,-6.0,-74.0
1777891044.7123325,5.0,0.0,-72.0
1777891044.7223325,9.0,-1.0,-72.0
1777891044.7323325,13.0,-1.0,-71.0
1777891044.7423325,13.0,0.0,-64.0
1777891044.7523324,8.0,-1.0,-60.0
1777891044.7623324,6.0,-2.0,-67.0
1777891044.7723324,6.0,-3.0,-73.0
1777891044.7823324,6.0,0.0,-71.0
1777891044.7923324,8.0,0.0,-64.0
1777891044.8023324,4.0,-2.0,-61.0
1777891044.8123324,2.0,0.0,-68.0
1777891044.8223324,4.0,-3.0,-69.0
1777891044.8323324,2.0,-1.0,-70.0
1777891044.8423324,3.0,3.0,-75.0
1777891044.8523324,8.0,-4.0,-72.0
1777891044.8623323,3.0,-5.0,-75.0
1777891044.8723323,0.0,-3.0,-75.0
1777891044.8823323,0.0,-2.0,-80.0
1777891044.8923323,-1.0,0.0,-73.0
1777891044.9023323,0.0,-3.0,-73.0
1777891044.9123323,1.0,-4.0,-71.0
1777891044.9223323,0.0,-2.0,-73.0
1777891044.9323325,0.0,4.0,-77.0
1777891044.9423325,-1.0,8.0,-73.0
1777891044.9523325,0.0,9.0,-65.0
1777891044.9623325,4.0,2.0,-59.0
1777891044.9723325,2.0,1.0,-56.0
1777891044.9823325,1.0,1.0,-59.0
1777891044.9923325,2.0,0.0,-63.0
1777891045.0023324,1.0,2.0,-70.0
1777891045.0123324,1.0,1.0,-73.0
1777891045.0223324,-6.0,4.0,-75.0
1777891045.0323324,-5.0,3.0,-75.0
1777891045.0423324,-4.0,0.0,-70.0
1777891045.0523324,-1.0,-1.0,-68.0
1777891045.0623324,5.0,-5.0,-65.0
1777891045.0723324,9.0,-4.0,-67.0
1777891045.0823324,11.0,0.0,-72.0
1777891045.0923324,1.0,-4.0,-72.0
1777891045.1023324,1.0,-3.0,-71.0
1777891045.1123323,0.0,-1.0,-78.0
1777891045.1223323,-4.0,-3.0,-75.0
1777891045.1323323,-3.0,-2.0,-75.0
1777891045.1423323,-5.0,-5.0,-76.0
1777891045.1523323,2.0,0.0,-67.0
1777891045.1623323,4.0,0.0,-63.0
1777891045.1723323,0.0,2.0,-67.0
1777891045.1823325,5.0,2.0,-65.0
1777891045.1923325,2.0,1.0,-63.0
1777891045.2023325,0.0,4.0,-66.0
1777891045.2123325,3.0,4.0,-70.0
1777891045.2223325,5.0,5.0,-66.0
1777891045.2323325,4.0,7.0,-61.0
1777891045.2423325,0.0,9.0,-58.0
1777891045.2523324,0.0,6.0,-64.0
1777891045.2623324,0.0,6.0,-62.0
1777891045.2723324,3.0,7.0,-64.0
1777891045.2823324,5.0,8.0,-63.0
1777891045.2923324,4.0,8.0,-62.0
1777891045.3023324,4.0,5.0,-67.0
1777891045.3123324,4.0,4.0,-67.0
1777891045.3223324,-1.0,2.0,-67.0
1777891045.3333323,-4.0,0.0,-69.0
1777891045.3423324,1.0,-1.0,-68.0
1777891045.3523324,2.0,-1.0,-74.0
1777891045.3623323,3.0,-3.0,-72.0
1777891045.3723323,0.0,-6.0,-80.0
1777891045.3823323,-2.0,-5.0,-84.0
1777891045.3923323,1.0,-4.0,-78.0
1777891045.4023323,4.0,-3.0,-67.0
1777891045.4123323,5.0,0.0,-61.0
1777891045.4223323,4.0,-2.0,-70.0
1777891045.4323325,0.0,-2.0,-71.0
1777891045.4423325,0.0,-2.0,-68.0
1777891045.4523325,1.0,-2.0,-69.0
1777891045.4623325,2.0,-5.0,-72.0
1777891045.4723325,1.0,-7.0,-76.0
1777891045.4823325,-3.0,-6.0,-78.0
1777891045.4923325,-6.0,0.0,-81.0
1777891045.5023324,-11.0,1.0,-79.0
1777891045.5123324,-12.0,3.0,-73.0
1777891045.5223324,-7.0,0.0,-71.0
1777891045.5323324,-5.0,-2.0,-80.0
1777891045.5423324,-1.0,1.0,-77.0
1777891045.5523324,1.0,-1.0,-78.0
1777891045.5623324,0.0,0.0,-76.0
1777891045.5723324,-1.0,1.0,-79.0
1777891045.5823324,-2.0,4.0,-83.0
1777891045.5923324,-4.0,9.0,-78.0
1777891045.6023324,-1.0,6.0,-75.0
1777891045.6123323,-1.0,12.0,-77.0
1777891045.6223323,-2.0,10.0,-73.0
1777891045.6323323,0.0,7.0,-73.0
1777891045.6423323,-4.0,9.0,-74.0
1777891045.6523323,-6.0,1.0,-72.0
1777891045.6623323,-4.0,1.0,-67.0
1777891045.6723323,0.0,0.0,-66.0
1777891045.6823325,3.0,-1.0,-67.0
1777891045.6923325,1.0,-6.0,-74.0
1777891045.7023325,0.0,-5.0,-73.0
1777891045.7123325,-2.0,-6.0,-71.0
1777891045.7223325,-7.0,-4.0,-75.0
1777891045.7323325,-5.0,-4.0,-80.0
1777891045.7423325,-5.0,-5.0,-75.0
1777891045.7523324,-1.0,-4.0,-80.0
1777891045.7623324,-2.0,-1.0,-79.0
1777891045.7723324,-1.0,0.0,-70.0
1777891045.7823324,2.0,0.0,-67.0
1777891045.7923324,6.0,-1.0,-68.0
1777891045.8023324,2.0,2.0,-68.0
1777891045.8123324,3.0,5.0,-63.0
1777891045.8223324,4.0,2.0,-60.0
1777891045.8323324,4.0,2.0,-62.0
1777891045.8423324,6.0,4.0,-68.0
1777891045.8523324,8.0,4.0,-67.0
1777891045.8623323,10.0,0.0,-74.0
1777891045.8723323,9.0,-2.0,-83.0
1777891045.8823323,7.0,-2.0,-77.0
1777891045.8923323,5.0,-1.0,-77.0
1777891045.9023323,6.0,-3.0,-67.0
1777891045.9123323,7.0,-2.0,-67.0
1777891045.9223323,11.0,-2.0,-69.0
1777891045.9323325,13.0,-4.0,-71.0
1777891045.9423325,10.0,-3.0,-79.0
1777891045.9523325,10.0,0.0,-84.0
1777891045.9623325,8.0,1.0,-86.0
1777891045.9723325,9.0,-5.0,-78.0
1777891045.9823325,7.0,-3.0,-79.0
1777891045.9923325,4.0,-4.0,-78.0
1777891046.0023324,7.0,-4.0,-78.0
1777891046.0123324,6.0,-6.0,-71.0
1777891046.0223324,7.0,-1.0,-71.0
1777891046.0323324,7.0,0.0,-74.0
1777891046.0423324,4.0,2.0,-74.0
1777891046.0523324,1.0,1.0,-75.0
1777891046.0623324,1.0,0.0,-82.0
1777891046.0723324,2.0,3.0,-86.0
1777891046.0823324,1.0,0.0,-81.0
1777891046.0923324,1.0,1.0,-80.0
1777891046.1023324,2.0,-2.0,-78.0
1777891046.1123323,1.0,-3.0,-76.0
1777891046.1223323,2.0,0.0,-79.0
1777891046.1323323,1.0,-5.0,-73.0
1777891046.1423323,0.0,-5.0,-74.0
1777891046.1523323,2.0,-4.0,-74.0
1777891046.1623323,3.0,-6.0,-73.0
1777891046.1723323,0.0,-5.0,-72.0
1777891046.1823325,-5.0,-4.0,-68.0
1777891046.1923325,-10.0,-1.0,-70.0
1777891046.2023325,-5.0,2.0,-74.0
1777891046.2123325,-5.0,3.0,-72.0
1777891046.2223325,0.0,2.0,-67.0
1777891046.2323325,0.0,-1.0,-65.0
1777891046.2423325,0.0,0.0,-65.0
1777891046.2523324,3.0,0.0,-67.0
1777891046.2623324,3.0,-1.0,-61.0
1777891046.2723324,3.0,0.0,-60.0
1777891046.2823324,-2.0,-1.0,-58.0
1777891046.2923324,-2.0,1.0,-60.0
1777891046.3023324,-2.0,1.0,-60.0
1777891046.3123324,1.0,3.0,-63.0
1777891046.3223324,0.0,5.0,-62.0
1777891046.3323324,-2.0,2.0,-62.0
1777891046.3423324,0.0,0.0,-57.0
1777891046.3533323,0.0,-2.0,-57.0
1777891046.3623323,0.0,-2.0,-59.0
1777891046.3733325,5.0,-1.0,-56.0
1777891046.3833325,4.0,-1.0,-60.0
1777891046.3933325,3.0,0.0,-65.0
1777891046.4033325,2.0,2.0,-68.0
1777891046.4133325,-2.0,3.0,-68.0
1777891046.4233325,-3.0,-1.0,-62.0
1777891046.4333324,-2.0,3.0,-57.0
1777891046.4433324,0.0,0.0,-60.0
1777891046.4533324,0.0,1.0,-60.0
1777891046.4633324,-1.0,0.0,-60.0
1777891046.4733324,4.0,1.0,-52.0
1777891046.4833324,3.0,-3.0,-52.0
1777891046.4933324,1.0,-2.0,-55.0
1777891046.5033324,5.0,5.0,-57.0
1777891046.5133324,8.0,5.0,-62.0
1777891046.5233324,6.0,4.0,-60.0
1777891046.5333323,3.0,2.0,-59.0
1777891046.5433323,0.0,3.0,-63.0
1777891046.5533323,-2.0,1.0,-66.0
1777891046.5633323,-11.0,0.0,-71.0
1777891046.5733323,-10.0,0.0,-66.0
1777891046.5833323,0.0,1.0,-65.0
1777891046.5933323,3.0,-1.0,-63.0
1777891046.6033323,2.0,-3.0,-68.0
1777891046.6133325,-2.0,-1.0,-67.0
1777891046.6233325,-3.0,-4.0,-62.0
1777891046.6333325,1.0,-2.0,-64.0
1777891046.6433325,2.0,-2.0,-65.0
1777891046.6533325,4.0,-3.0,-70.0
1777891046.6633325,0.0,-4.0,-64.0
1777891046.6733325,-3.0,-3.0,-71.0
1777891046.6833324,-6.0,-8.0,-74.0
1777891046.6933324,-6.0,-8.0,-78.0
1777891046.7033324,-3.0,-7.0,-81.0
1777891046.7133324,-1.0,-7.0,-78.0
1777891046.7233324,2.0,-8.0,-80.0
1777891046.7333324,3.0,-6.0,-80.0
1777891046.7433324,4.0,-3.0,-77.0
1777891046.7533324,1.0,2.0,-82.0
1777891046.7633324,-1.0,1.0,-77.0
1777891046.7733324,0.0,0.0,-80.0
1777891046.7833323,5.0,1.0,-84.0
1777891046.7933323,5.0,0.0,-80.0
1777891046.8033323,3.0,-2.0,-74.0
1777891046.8133323,1.0,0.0,-64.0
1777891046.8233323,2.0,0.0,-63.0
1777891046.8333323,5.0,0.0,-62.0
1777891046.8433323,2.0,-1.0,-61.0
1777891046.8533323,1.0,-3.0,-60.0
1777891046.8633325,3.0,0.0,-60.0
1777891046.8733325,-1.0,0.0,-57.0
1777891046.8833325,0.0,3.0,-53.0
1777891046.8933325,-1.0,0.0,-54.0
1777891046.9033325,2.0,-1.0,-62.0
1777891046.9133325,2.0,1.0,-66.0
1777891046.9233325,0.0,-1.0,-67.0
1777891046.9333324,2.0,1.0,-67.0
1777891046.9433324,4.0,0.0,-58.0
1777891046.9533324,2.0,-1.0,-59.0
1777891046.9633324,6.0,-4.0,-59.0
1777891046.9733324,7.0,-6.0,-67.0
1777891046.9833324,6.0,-8.0,-68.0
1777891046.9933324,8.0,-6.0,-67.0
1777891047.0033324,7.0,-8.0,-71.0
1777891047.0133324,6.0,-5.0,-71.0
1777891047.0233324,5.0,-6.0,-70.0
1777891047.0333323,3.0,-10.0,-62.0
1777891047.0433323,3.0,-10.0,-65.0
1777891047.0533323,3.0,-3.0,-64.0
1777891047.0633323,0.0,-5.0,-67.0
1777891047.0733323,-2.0,-5.0,-71.0
1777891047.0833323,0.0,-3.0,-74.0
1777891047.0933323,0.0,0.0,-79.0
1777891047.1033323,3.0,2.0,-74.0
1777891047.1133325,7.0,3.0,-72.0
1777891047.1233325,4.0,-1.0,-66.0
1777891047.1333325,1.0,-4.0,-65.0
1777891047.1433325,3.0,0.0,-69.0
1777891047.1533325,8.0,0.0,-72.0
1777891047.1633325,7.0,-1.0,-75.0
1777891047.1733325,8.0,1.0,-76.0
1777891047.1833324,6.0,1.0,-77.0
1777891047.1933324,1.0,7.0,-82.0
1777891047.2033324,-1.0,6.0,-78.0
1777891047.2133324,0.0,0.0,-73.0
1777891047.2233324,-4.0,2.0,-77.0
1777891047.2333324,0.0,3.0,-84.0
1777891047.2433324,3.0,3.0,-77.0
1777891047.2533324,2.0,-2.0,-79.0
1777891047.2633324,2.0,-3.0,-76.0
1777891047.2733324,-1.0,0.0,-69.0
1777891047.2833323,0.0,2.0,-75.0
1777891047.2933323,0.0,3.0,-76.0
1777891047.3033323,1.0,0.0,-77.0
1777891047.3133323,0.0,-2.0,-75.0
1777891047.3233323,4.0,1.0,-70.0
1777891047.3333323,-2.0,0.0,-71.0
1777891047.3433323,-2.0,-1.0,-72.0
1777891047.3533323,-3.0,0.0,-70.0
1777891047.3633325,0.0,0.0,-75.0
1777891047.3733325,1.0,-2.0,-76.0
1777891047.3833325,-1.0,-5.0,-75.0
1777891047.3933325,-8.0,-4.0,-74.0
1777891047.4033325,-8.0,-4.0,-77.0
1777891047.4133325,-9.0,-2.0,-73.0
1777891047.4233325,-5.0,-2.0,-73.0
1777891047.4333324,-4.0,-8.0,-72.0
1777891047.4433324,-6.0,-5.0,-71.0
1777891047.4533324,-6.0,-2.0,-64.0
1777891047.4633324,-1.0,-3.0,-63.0
1777891047.4733324,0.0,0.0,-73.0
1777891047.4833324,2.0,2.0,-74.0
1777891047.4933324,2.0,1.0,-79.0
1777891047.5033324,3.0,0.0,-70.0
1777891047.5133324,2.0,-1.0,-67.0
1777891047.5233324,1.0,-2.0,-74.0
1777891047.5333323,5.0,-1.0,-76.0
1777891047.5433323,5.0,0.0,-76.0
1777891047.5533323,3.0,-2.0,-77.0
1777891047.5633323,1.0,0.0,-76.0
1777891047.5733323,0.0,2.0,-76.0
1777891047.5833323,-1.0,-3.0,-66.0
1777891047.5933323,-1.0,-5.0,-58.0
1777891047.6033323,-1.0,-9.0,-55.0
1777891047.6133325,-5.0,-11.0,-57.0
1777891047.6233325,-4.0,-12.0,-65.0
1777891047.6333325,1.0,-11.0,-68.0
1777891047.6433325,4.0,-12.0,-65.0
1777891047.6533325,6.0,-9.0,-68.0
1777891047.6633325,6.0,-7.0,-69.0
1777891047.6733325,8.0,-2.0,-73.0
1777891047.6833324,5.0,-2.0,-80.0
1777891047.6933324,5.0,-7.0,-76.0
1777891047.7033324,4.0,-8.0,-75.0
1777891047.7133324,4.0,-7.0,-69.0
1777891047.7233324,6.0,-9.0,-69.0
1777891047.7333324,4.0,-11.0,-78.0
1777891047.7433324,4.0,-13.0,-75.0
1777891047.7533324,6.0,-11.0,-74.0
1777891047.7633324,1.0,-9.0,-70.0
1777891047.7733324,0.0,-7.0,-71.0
1777891047.7833323,3.0,-9.0,-72.0
1777891047.7933323,3.0,-5.0,-75.0
1777891047.8033323,6.0,-1.0,-72.0
1777891047.8133323,6.0,-1.0,-77.0
1777891047.8233323,4.0,0.0,-75.0
1777891047.8333323,3.0,-1.0,-75.0
1777891047.8433323,11.0,0.0,-71.0
1777891047.8533323,11.0,1.0,-67.0
1777891047.8633325,7.0,0.0,-70.0
1777891047.8733325,7.0,-4.0,-68.0
1777891047.8833325,5.0,-4.0,-70.0
1777891047.8933325,0.0,-7.0,-66.0
1777891047.9033325,-4.0,-5.0,-75.0
1777891047.9133325,-1.0,-6.0,-81.0
1777891047.9233325,0.0,-3.0,-78.0
1777891047.9333324,0.0,-2.0,-79.0
1777891047.9433324,2.0,-1.0,-77.0
1777891047.9533324,0.0,-1.0,-74.0
1777891047.9633324,0.0,2.0,-77.0
1777891047.9733324,0.0,1.0,-79.0
1777891047.9833324,0.0,0.0,-77.0
1777891047.9933324,-2.0,0.0,-73.0
1777891048.0033324,-1.0,-2.0,-72.0
1777891048.0133324,-1.0,-5.0,-71.0
1777891048.0233324,1.0,-8.0,-65.0
1777891048.0333323,0.0,-2.0,-63.0
1777891048.0433323,2.0,-1.0,-62.0
1777891048.0533323,-1.0,-2.0,-64.0
1777891048.0633323,-3.0,-2.0,-64.0
1777891048.0733323,-3.0,0.0,-63.0
1777891048.0833323,-4.0,-1.0,-65.0
1777891048.0933323,-1.0,-5.0,-67.0
1777891048.1033323,0.0,-5.0,-69.0
1777891048.1133325,-7.0,-4.0,-70.0
1777891048.1233325,-1.0,-1.0,-71.0
1777891048.1333325,-4.0,-2.0,-64.0
1777891048.1433325,-1.0,0.0,-57.0
1777891048.1533325,1.0,4.0,-57.0
1777891048.1633325,0.0,2.0,-59.0
1777891048.1733325,2.0,1.0,-68.0
1777891048.1833324,0.0,4.0,-70.0
1777891048.1933324,0.0,4.0,-69.0
1777891048.2033324,0.0,5.0,-71.0
1777891048.2133324,4.0,1.0,-74.0
1777891048.2233324,7.0,1.0,-78.0
1777891048.2333324,7.0,3.0,-84.0
1777891048.2433324,2.0,2.0,-80.0
1777891048.2533324,2.0,3.0,-78.0
1777891048.2633324,-3.0,3.0,-74.0
1777891048.2733324,-1.0,2.0,-75.0
1777891048.2833323,-5.0,2.0,-75.0
1777891048.2933323,-8.0,2.0,-78.0
1777891048.3033323,-4.0,1.0,-79.0
1777891048.3133323,4.0,1.0,-74.0
1777891048.3233323,2.0,0.0,-72.0
1777891048.3333323,4.0,4.0,-75.0
1777891048.3433323,0.0,2.0,-72.0
1777891048.3533323,3.0,2.0,-74.0
1777891048.3643324,3.0,2.0,-66.0
1777891048.3733325,1.0,0.0,-60.0
1777891048.3843324,5.0,-1.0,-63.0
1777891048.3943324,2.0,-8.0,-68.0
1777891048.4043324,0.0,-8.0,-71.0
1777891048.4143324,-3.0,-8.0,-69.0
1777891048.4243324,-4.0,-9.0,-68.0
1777891048.4343324,-7.0,-5.0,-70.0
1777891048.4443324,-5.0,-5.0,-72.0
1777891048.4543324,-4.0,-4.0,-66.0
1777891048.4643323,-2.0,-5.0,-64.0
1777891048.4743323,0.0,-3.0,-61.0
1777891048.4843323,0.0,-2.0,-60.0
1777891048.4943323,0.0,-3.0,-63.0
1777891048.5043323,-1.0,-2.0,-65.0
1777891048.5143323,-4.0,0.0,-73.0
1777891048.5243323,3.0,0.0,-72.0
1777891048.5343325,5.0,-2.0,-71.0
1777891048.5443325,6.0,-2.0,-74.0
1777891048.5543325,4.0,-4.0,-74.0
1777891048.5643325,2.0,-2.0,-75.0
1777891048.5743325,-1.0,-1.0,-77.0
1777891048.5843325,2.0,0.0,-72.0
1777891048.5943325,3.0,3.0,-78.0
1777891048.6043324,1.0,1.0,-76.0
1777891048.6143324,0.0,-2.0,-79.0
1777891048.6243324,4.0,-4.0,-72.0
1777891048.6343324,2.0,-5.0,-78.0
1777891048.6443324,0.0,-5.0,-82.0
1777891048.6543324,2.0,-3.0,-74.0
1777891048.6643324,4.0,-4.0,-76.0
1777891048.6743324,5.0,-10.0,-75.0
1777891048.6843324,5.0,-11.0,-76.0
1777891048.6943324,6.0,-7.0,-75.0
1777891048.7043324,3.0,-8.0,-70.0
1777891048.7143323,0.0,-9.0,-66.0
1777891048.7243323,0.0,-8.0,-71.0
1777891048.7343323,-2.0,-8.0,-73.0
1777891048.7443323,2.0,-11.0,-72.0
1777891048.7543323,-1.0,-10.0,-77.0
1777891048.7643323,-2.0,-11.0,-80.0
1777891048.7743323,-2.0,-5.0,-74.0
1777891048.7843325,-4.0,-3.0,-73.0
1777891048.7943325,-1.0,-3.0,-71.0
1777891048.8043325,0.0,-3.0,-72.0
1777891048.8143325,-3.0,-4.0,-71.0
1777891048.8243325,-3.0,0.0,-73.0
1777891048.8343325,-1.0,-2.0,-82.0
1777891048.8443325,-2.0,0.0,-80.0
1777891048.8543324,-4.0,0.0,-78.0
1777891048.8643324,-4.0,0.0,-78.0
1777891048.8743324,0.0,0.0,-73.0
1777891048.8843324,1.0,4.0,-68.0
1777891048.8943324,2.0,7.0,-63.0
1777891048.9043324,0.0,5.0,-69.0
1777891048.9143324,-2.0,1.0,-69.0
1777891048.9243324,-4.0,-3.0,-70.0
1777891048.9343324,-5.0,-2.0,-74.0
1777891048.9443324,-4.0,0.0,-70.0
1777891048.9543324,-1.0,0.0,-67.0
1777891048.9643323,-6.0,0.0,-73.0
1777891048.9743323,-2.0,0.0,-75.0
1777891048.9843323,-2.0,-1.0,-76.0
1777891048.9943323,0.0,-3.0,-69.0
1777891049.0043323,-1.0,0.0,-65.0
1777891049.0143323,-2.0,5.0,-69.0
1777891049.0243323,-1.0,3.0,-72.0
1777891049.0343325,1.0,0.0,-76.0
1777891049.0443325,3.0,0.0,-76.0
1777891049.0543325,2.0,1.0,-75.0
1777891049.0643325,1.0,-4.0,-69.0
1777891049.0743325,-2.0,-11.0,-71.0
1777891049.0843325,-2.0,-5.0,-71.0
1777891049.0943325,2.0,-8.0,-68.0
1777891049.1043324,1.0,-7.0,-72.0
1777891049.1143324,-1.0,-7.0,-69.0
1777891049.1243324,3.0,-2.0,-68.0
1777891049.1343324,5.0,-4.0,-61.0
1777891049.1443324,0.0,-6.0,-58.0
1777891049.1543324,1.0,-6.0,-65.0
1777891049.1643324,2.0,-7.0,-69.0
1777891049.1743324,7.0,-5.0,-74.0
1777891049.1843324,8.0,-2.0,-74.0
1777891049.1943324,5.0,-3.0,-74.0
1777891049.2043324,6.0,-4.0,-70.0
1777891049.2143323,0.0,-3.0,-77.0
1777891049.2243323,0.0,-2.0,-76.0
1777891049.2343323,-3.0,-6.0,-76.0
1777891049.2443323,-4.0,-3.0,-68.0
1777891049.2543323,-2.0,-4.0,-66.0
1777891049.2643323,0.0,-5.0,-67.0
1777891049.2743323,2.0,-1.0,-65.0
1777891049.2843325,0.0,0.0,-65.0
1777891049.2943325,-1.0,-3.0,-73.0
1777891049.3043325,1.0,-1.0,-70.0
1777891049.3143325,3.0,-2.0,-71.0
1777891049.3243325,3.0,-3.0,-72.0
1777891049.3343325,3.0,0.0,-76.0
1777891049.3443325,-1.0,0.0,-80.0
1777891049.3543324,3.0,4.0,-75.0
1777891049.3643324,0.0,8.0,-75.0
1777891049.3743324,-3.0,8.0,-81.0
1777891049.3843324,5.0,5.0,-81.0
1777891049.3943324,5.0,7.0,-82.0
1777891049.4043324,8.0,2.0,-79.0
1777891049.4143324,9.0,-3.0,-74.0
1777891049.4243324,12.0,-6.0,-70.0
1777891049.4343324,8.0,-3.0,-77.0
1777891049.4443324,6.0,-5.0,-76.0
1777891049.4543324,4.0,-4.0,-74.0
1777891049.4643323,4.0,-3.0,-71.0
1777891049.4743323,6.0,-4.0,-67.0
1777891049.4843323,3.0,-3.0,-71.0
1777891049.4943323,1.0,-3.0,-68.0
1777891049.5043323,0.0,-8.0,-69.0
1777891049.5143323,2.0,-9.0,-74.0
1777891049.5243323,0.0,-8.0,-71.0
1777891049.5343325,1.0,-6.0,-72.0
1777891049.5443325,-3.0,-6.0,-69.0
1777891049.5543325,-7.0,-5.0,-65.0
1777891049.5643325,-4.0,-1.0,-64.0
1777891049.5743325,-4.0,-4.0,-68.0
1777891049.5843325,-3.0,-3.0,-71.0
1777891049.5943325,4.0,0.0,-67.0
1777891049.6043324,9.0,0.0,-66.0
1777891049.6143324,2.0,-3.0,-72.0
1777891049.6243324,1.0,-6.0,-74.0
1777891049.6343324,0.0,-1.0,-74.0
1777891049.6443324,-2.0,0.0,-74.0
1777891049.6543324,-2.0,0.0,-73.0
1777891049.6643324,-7.0,-1.0,-71.0
1777891049.6743324,-3.0,-1.0,-71.0
1777891049.6843324,-2.0,-3.0,-66.0
1777891049.6943324,0.0,-7.0,-68.0
1777891049.7043324,-1.0,-5.0,-70.0
1777891049.7143323,3.0,-2.0,-76.0
1777891049.7243323,5.0,-1.0,-80.0
1777891049.7343323,3.0,1.0,-84.0
1777891049.7443323,1.0,1.0,-75.0
1777891049.7543323,3.0,0.0,-76.0
1777891049.7643323,4.0,0.0,-79.0
1777891049.7743323,2.0,-1.0,-76.0
1777891049.7843325,3.0,0.0,-73.0
1777891049.7943325,1.0,0.0,-72.0
1777891049.8043325,1.0,0.0,-72.0
1777891049.8143325,1.0,0.0,-73.0
1777891049.8243325,1.0,2.0,-73.0
1777891049.8343325,-2.0,-3.0,-74.0
1777891049.8443325,3.0,1.0,-75.0
1777891049.8543324,-1.0,2.0,-77.0
1777891049.8643324,-2.0,6.0,-78.0
1777891049.8743324,-3.0,0.0,-74.0
1777891049.8843324,-2.0,0.0,-75.0
1777891049.8943324,0.0,-2.0,-76.0
1777891049.9043324,1.0,-1.0,-74.0
1777891049.9143324,0.0,0.0,-76.0
1777891049.9243324,-1.0,-2.0,-80.0
1777891049.9343324,1.0,-2.0,-79.0
1777891049.9443324,1.0,-3.0,-71.0
1777891049.9543324,2.0,-1.0,-70.0
1777891049.9643323,0.0,-1.0,-71.0
1777891049.9743323,0.0,-3.0,-79.0
1777891049.9843323,1.0,-4.0,-67.0
1777891049.9943323,1.0,-5.0,-63.0
1777891050.0043323,-2.0,-5.0,-63.0
1777891050.0143323,0.0,-7.0,-66.0
1777891050.0243323,3.0,-6.0,-71.0
1777891050.0343325,7.0,-8.0,-76.0
1777891050.0443325,5.0,-6.0,-75.0
1777891050.0543325,5.0,-4.0,-75.0
1777891050.0643325,3.0,3.0,-72.0
1777891050.0743325,1.0,5.0,-74.0
1777891050.0843325,1.0,5.0,-73.0
1777891050.0943325,0.0,2.0,-75.0
1777891050.1043324,1.0,0.0,-75.0
1777891050.1143324,3.0,-1.0,-74.0
1777891050.1243324,5.0,1.0,-74.0
1777891050.1343324,6.0,1.0,-73.0
1777891050.1443324,4.0,3.0,-74.0
1777891050.1543324,3.0,0.0,-73.0
1777891050.1643324,4.0,1.0,-69.0
1777891050.1743324,7.0,0.0,-70.0
1777891050.1843324,5.0,-2.0,-75.0
1777891050.1943324,5.0,1.0,-80.0
1777891050.2043324,3.0,0.0,-73.0
1777891050.2143323,4.0,-3.0,-73.0
1777891050.2243323,1.0,-1.0,-83.0
1777891050.2343323,-4.0,0.0,-84.0
1777891050.2443323,-3.0,1.0,-79.0
1777891050.2543323,-2.0,-2.0,-83.0
1777891050.2643323,-3.0,-7.0,-85.0
1777891050.2743323,-2.0,-5.0,-86.0
1777891050.2843325,0.0,-3.0,-88.0
1777891050.2943325,-1.0,-2.0,-81.0
1777891050.3043325,1.0,-4.0,-78.0
1777891050.3143325,2.0,-2.0,-74.0
1777891050.3243325,-1.0,-1.0,-77.0
1777891050.3353324,0.0,-3.0,-79.0
1777891050.3453324,0.0,2.0,-75.0
1777891050.3553324,-4.0,0.0,-73.0
1777891050.3653324,-4.0,0.0,-74.0
1777891050.3753324,-3.0,5.0,-73.0
1777891050.3853323,1.0,6.0,-73.0
1777891050.3953323,0.0,6.0,-75.0
1777891050.4053323,-2.0,7.0,-69.0
1777891050.4153323,-3.0,3.0,-70.0
1777891050.4253323,-4.0,1.0,-67.0
1777891050.4353323,-2.0,3.0,-61.0
1777891050.4453323,-2.0,-1.0,-61.0
1777891050.4553325,-2.0,-2.0,-67.0
1777891050.4653325,0.0,0.0,-69.0
1777891050.4753325,0.0,3.0,-70.0
1777891050.4853325,-3.0,3.0,-80.0
1777891050.4953325,-1.0,5.0,-85.0
1777891050.5053325,1.0,7.0,-80.0
1777891050.5153325,5.0,5.0,-82.0
1777891050.5253325,2.0,4.0,-79.0
1777891050.5353324,0.0,2.0,-71.0
1777891050.5453324,3.0,3.0,-72.0
1777891050.5553324,2.0,2.0,-71.0
1777891050.5653324,0.0,0.0,-68.0
1777891050.5753324,2.0,-6.0,-63.0
1777891050.5853324,2.0,-6.0,-68.0
1777891050.5953324,7.0,-2.0,-70.0
1777891050.6053324,10.0,-2.0,-69.0
1777891050.6153324,7.0,-1.0,-68.0
1777891050.6253324,7.0,0.0,-63.0
1777891050.6353323,9.0,0.0,-66.0
1777891050.6453323,5.0,-1.0,-62.0
1777891050.6553323,3.0,-1.0,-60.0
1777891050.6653323,0.0,0.0,-58.0
1777891050.6753323,5.0,-3.0,-57.0
1777891050.6853323,11.0,-5.0,-59.0
1777891050.6953323,13.0,-5.0,-64.0
1777891050.7053325,11.0,-1.0,-64.0
1777891050.7153325,11.0,-2.0,-63.0
1777891050.7253325,11.0,-1.0,-67.0
1777891050.7353325,4.0,0.0,-71.0
1777891050.7453325,-1.0,0.0,-72.0
1777891050.7553325,0.0,2.0,-69.0
1777891050.7653325,-2.0,6.0,-73.0
1777891050.7753325,-1.0,6.0,-75.0
1777891050.7853324,0.0,2.0,-72.0
1777891050.7953324,3.0,1.0,-72.0
1777891050.8053324,3.0,4.0,-76.0
1777891050.8153324,0.0,8.0,-74.0
1777891050.8253324,-5.0,6.0,-67.0
1777891050.8353324,-2.0,5.0,-72.0
1777891050.8453324,-2.0,5.0,-74.0
1777891050.8553324,-6.0,7.0,-77.0
1777891050.8653324,-3.0,7.0,-82.0
1777891050.8753324,-5.0,1.0,-83.0
1777891050.8853323,-2.0,-1.0,-77.0
1777891050.8953323,0.0,1.0,-73.0
1777891050.9043324,-1.0,0.0,-76.0
1777891050.9153323,0.0,5.0,-77.0
1777891050.9253323,0.0,4.0,-73.0
1777891050.9353323,2.0,1.0,-70.0
1777891050.9453323,2.0,0.0,-69.0
1777891050.9553325,0.0,1.0,-68.0
1777891050.9653325,-3.0,-1.0,-66.0
1777891050.9753325,-3.0,-3.0,-61.0
1777891050.9853325,-4.0,-6.0,-59.0
1777891050.9953325,1.0,-2.0,-51.0
1777891051.0053325,5.0,-5.0,-55.0
1777891051.0153325,4.0,0.0,-61.0
1777891051.0253325,0.0,1.0,-63.0
1777891051.0353324,-6.0,-2.0,-64.0
1777891051.0453324,-5.0,3.0,-68.0
1777891051.0553324,-2.0,-1.0,-71.0
1777891051.0653324,2.0,-3.0,-70.0
1777891051.0753324,-3.0,-2.0,-75.0
1777891051.0853324,0.0,-7.0,-68.0
1777891051.0953324,4.0,-7.0,-70.0
1777891051.1053324,5.0,-6.0,-66.0
1777891051.1153324,4.0,-5.0,-67.0
1777891051.1253324,3.0,-3.0,-74.0
1777891051.1353323,3.0,-7.0,-74.0
1777891051.1453323,4.0,-4.0,-72.0
1777891051.1553323,1.0,-3.0,-66.0
1777891051.1653323,3.0,-2.0,-63.0
1777891051.1753323,2.0,-1.0,-64.0
1777891051.1853323,4.0,1.0,-73.0
1777891051.1953323,1.0,5.0,-78.0
1777891051.2053325,0.0,0.0,-70.0
1777891051.2153325,0.0,0.0,-74.0
1777891051.2253325,-1.0,0.0,-78.0
1777891051.2353325,-3.0,1.0,-73.0
1777891051.2453325,-2.0,2.0,-72.0
1777891051.2553325,-1.0,1.0,-73.0
1777891051.2653325,-2.0,-4.0,-75.0
1777891051.2753325,0.0,1.0,-77.0
1777891051.2853324,-1.0,-1.0,-78.0
1777891051.2953324,-4.0,-2.0,-82.0
1777891051.3053324,0.0,-2.0,-78.0
1777891051.3153324,0.0,-4.0,-77.0
1777891051.3253324,0.0,-3.0,-76.0
1777891051.3353324,2.0,-3.0,-78.0
1777891051.3453324,2.0,-4.0,-75.0
1777891051.3553324,1.0,0.0,-73.0
1777891051.3653324,0.0,0.0,-71.0
1777891051.3753324,2.0,0.0,-71.0
1777891051.3853323,1.0,-4.0,-80.0
1777891051.3953323,0.0,-3.0,-83.0
1777891051.4053323,5.0,1.0,-87.0
1777891051.4153323,4.0,0.0,-84.0
1777891051.4253323,0.0,0.0,-75.0
1777891051.4353323,0.0,-1.0,-68.0
1777891051.4453323,2.0,-2.0,-71.0
1777891051.4553325,2.0,0.0,-73.0
1777891051.4653325,-1.0,0.0,-83.0
1777891051.4753325,0.0,2.0,-77.0
1777891051.4853325,0.0,1.0,-73.0
1777891051.4953325,4.0,0.0,-71.0
1777891051.5053325,3.0,3.0,-67.0
1777891051.5153325,2.0,2.0,-75.0
1777891051.5253325,1.0,0.0,-82.0
1777891051.5353324,6.0,-1.0,-81.0
1777891051.5453324,9.0,-6.0,-76.0
1777891051.5553324,11.0,-4.0,-80.0
1777891051.5653324,10.0,-1.0,-78.0
1777891051.5753324,7.0,0.0,-73.0
1777891051.5853324,3.0,-1.0,-74.0
1777891051.5953324,3.0,0.0,-78.0
1777891051.6053324,-1.0,-1.0,-76.0
1777891051.6153324,-5.0,-2.0,-77.0
1777891051.6253324,-3.0,-4.0,-69.0
1777891051.6353323,-3.0,0.0,-70.0
1777891051.6453323,-1.0,1.0,-75.0
1777891051.6553323,-3.0,3.0,-76.0
1777891051.6653323,-2.0,2.0,-76.0
1777891051.6753323,1.0,0.0,-78.0
1777891051.6853323,0.0,1.0,-72.0
1777891051.6953323,3.0,1.0,-73.0
1777891051.7053325,4.0,0.0,-68.0
1777891051.7153325,3.0,4.0,-58.0
1777891051.7253325,1.0,0.0,-64.0
1777891051.7353325,-3.0,-5.0,-70.0
1777891051.7453325,-6.0,-5.0,-63.0
1777891051.7553325,-3.0,-3.0,-64.0
1777891051.7653325,-5.0,-7.0,-71.0
1777891051.7753325,-6.0,-3.0,-64.0
1777891051.7853324,0.0,0.0,-68.0
1777891051.7953324,0.0,4.0,-65.0
1777891051.8053324,2.0,6.0,-74.0
1777891051.8153324,1.0,6.0,-79.0
1777891051.8253324,7.0,3.0,-73.0
1777891051.8353324,7.0,4.0,-80.0
1777891051.8453324,7.0,3.0,-80.0
1777891051.8553324,9.0,6.0,-69.0
1777891051.8653324,8.0,-1.0,-69.0
1777891051.8753324,8.0,-1.0,-67.0
1777891051.8853323,4.0,-1.0,-71.0
1777891051.8953323,3.0,-2.0,-78.0
1777891051.9053323,-1.0,-1.0,-74.0
1777891051.9153323,0.0,-2.0,-69.0
1777891051.9253323,-2.0,-2.0,-70.0
1777891051.9353323,0.0,-1.0,-71.0
1777891051.9453323,0.0,0.0,-76.0
1777891051.9553325,5.0,0.0,-76.0
1777891051.9653325,4.0,-1.0,-77.0
1777891051.9753325,1.0,-3.0,-74.0
1777891051.9853325,2.0,-2.0,-72.0
1777891051.9953325,1.0,-3.0,-75.0
1777891052.0053325,0.0,-3.0,-75.0
1777891052.0153325,0.0,0.0,-74.0
1777891052.0253325,-3.0,-1.0,-71.0
1777891052.0353324,2.0,-5.0,-70.0
1777891052.0453324,2.0,-3.0,-70.0
1777891052.0553324,6.0,-1.0,-70.0
1777891052.0653324,10.0,0.0,-72.0
1777891052.0753324,9.0,0.0,-81.0
1777891052.0853324,6.0,5.0,-82.0
1777891052.0953324,0.0,6.0,-77.0
1777891052.1053324,-4.0,3.0,-74.0
1777891052.1153324,-2.0,2.0,-74.0
1777891052.1253324,-2.0,0.0,-75.0
1777891052.1353323,-1.0,0.0,-72.0
1777891052.1453323,-1.0,-3.0,-63.0
1777891052.1553323,0.0,-4.0,-59.0
1777891052.1653323,0.0,-1.0,-62.0
1777891052.1753323,-1.0,0.0,-69.0
1777891052.1853323,-6.0,-1.0,-69.0
1777891052.1953323,-5.0,-2.0,-70.0
1777891052.2053325,-6.0,-3.0,-70.0
1777891052.2153325,-1.0,-6.0,-73.0
1777891052.2253325,-3.0,-6.0,-71.0
1777891052.2353325,0.0,-4.0,-73.0
1777891052.2453325,3.0,-2.0,-71.0
1777891052.2553325,3.0,-4.0,-66.0
1777891052.2653325,6.0,-4.0,-65.0
1777891052.2753325,3.0,-2.0,-65.0
1777891052.2853324,3.0,-2.0,-66.0
1777891052.2953324,2.0,-4.0,-70.0
1777891052.3053324,0.0,-4.0,-76.0
1777891052.3163323,-2.0,0.0,-79.0
1777891052.3253324,-1.0,-4.0,-81.0
1777891052.3363323,-1.0,-3.0,-76.0
1777891052.3463323,-5.0,-4.0,-75.0
1777891052.3553324,1.0,-5.0,-77.0
1777891052.3663323,6.0,-6.0,-78.0
1777891052.3763323,5.0,-7.0,-79.0
1777891052.3863325,7.0,-6.0,-77.0
1777891052.3963325,5.0,-2.0,-73.0
1777891052.4063325,4.0,0.0,-71.0
1777891052.4163325,3.0,-3.0,-72.0
1777891052.4263325,4.0,-3.0,-69.0
1777891052.4363325,0.0,0.0,-70.0
1777891052.4463325,3.0,0.0,-68.0
1777891052.4563324,1.0,0.0,-64.0
1777891052.4663324,6.0,-7.0,-62.0
1777891052.4763324,4.0,-1.0,-65.0
1777891052.4863324,2.0,-1.0,-72.0
1777891052.4963324,2.0,-2.0,-78.0
1777891052.5063324,2.0,-9.0,-75.0
1777891052.5163324,1.0,-9.0,-68.0
1777891052.5263324,0.0,-2.0,-64.0
1777891052.5363324,-1.0,0.0,-62.0
1777891052.5463324,0.0,1.0,-61.0
1777891052.5563323,4.0,0.0,-64.0
1777891052.5663323,3.0,-3.0,-63.0
1777891052.5763323,4.0,-6.0,-70.0
1777891052.5863323,4.0,-5.0,-69.0
1777891052.5963323,2.0,-1.0,-69.0
1777891052.6063323,2.0,-2.0,-72.0
1777891052.6163323,1.0,-1.0,-68.0
1777891052.6263323,0.0,-1.0,-69.0
1777891052.6363325,-3.0,0.0,-67.0
1777891052.6463325,-7.0,0.0,-70.0
1777891052.6563325,-11.0,0.0,-74.0
1777891052.6663325,-3.0,1.0,-66.0
1777891052.6763325,-3.0,0.0,-65.0
1777891052.6863325,-9.0,-2.0,-63.0
1777891052.6963325,-6.0,-1.0,-66.0
1777891052.7063324,-3.0,-2.0,-68.0
1777891052.7163324,0.0,-5.0,-64.0
1777891052.7263324,-3.0,-3.0,-63.0
1777891052.7363324,0.0,-1.0,-67.0
1777891052.7463324,-1.0,0.0,-75.0
1777891052.7563324,0.0,-2.0,-78.0
1777891052.7663324,0.0,1.0,-76.0
1777891052.7763324,0.0,2.0,-71.0
1777891052.7863324,3.0,3.0,-65.0
1777891052.7963324,5.0,1.0,-66.0
1777891052.8063323,2.0,0.0,-68.0
1777891052.8163323,4.0,-4.0,-65.0
1777891052.8263323,4.0,-1.0,-71.0
1777891052.8363323,6.0,0.0,-76.0
1777891052.8463323,5.0,0.0,-76.0
1777891052.8563323,1.0,0.0,-73.0
1777891052.8663323,3.0,0.0,-76.0
1777891052.8763323,3.0,0.0,-72.0
1777891052.8863325,9.0,0.0,-72.0
1777891052.8963325,7.0,1.0,-79.0
1777891052.9063325,5.0,2.0,-78.0
1777891052.9163325,9.0,2.0,-73.0
1777891052.9263325,8.0,3.0,-67.0
1777891052.9363325,8.0,3.0,-65.0
1777891052.9463325,7.0,5.0,-71.0
1777891052.9563324,2.0,3.0,-72.0
1777891052.9663324,0.0,8.0,-71.0
1777891052.9763324,-1.0,8.0,-76.0
1777891052.9863324,0.0,1.0,-79.0
1777891052.9963324,4.0,-1.0,-82.0
1777891053.0063324,6.0,0.0,-79.0
1777891053.0163324,5.0,0.0,-82.0
1777891053.0263324,2.0,0.0,-81.0
1777891053.0363324,1.0,0.0,-79.0
1777891053.0463324,1.0,-3.0,-79.0
1777891053.0563323,3.0,-4.0,-86.0
1777891053.0663323,1.0,-5.0,-84.0
1777891053.0763323,0.0,-5.0,-79.0
1777891053.0863323,-2.0,-4.0,-82.0
1777891053.0963323,0.0,-4.0,-82.0
1777891053.1063323,0.0,-2.0,-85.0
1777891053.1163323,0.0,0.0,-81.0
1777891053.1263323,0.0,-5.0,-78.0
1777891053.1363325,-4.0,-6.0,-74.0
1777891053.1463325,-3.0,-3.0,-77.0
1777891053.1563325,0.0,-3.0,-76.0
1777891053.1663325,1.0,-1.0,-78.0
1777891053.1763325,0.0,0.0,-77.0
1777891053.1863325,0.0,-1.0,-79.0
1777891053.1963325,-2.0,-2.0,-78.0
1777891053.2063324,0.0,0.0,-81.0
1777891053.2163324,2.0,0.0,-77.0
1777891053.2263324,2.0,-1.0,-77.0
1777891053.2363324,1.0,2.0,-77.0
1777891053.2463324,0.0,4.0,-76.0
1777891053.2563324,-2.0,1.0,-78.0
1777891053.2663324,1.0,-2.0,-80.0
1777891053.2763324,5.0,-4.0,-80.0
1777891053.2863324,7.0,0.0,-78.0
1777891053.2963324,6.0,-5.0,-76.0
1777891053.3063323,1.0,-6.0,-73.0
1777891053.3163323,2.0,-5.0,-74.0
1777891053.3263323,0.0,-9.0,-73.0
1777891053.3363323,-3.0,-9.0,-67.0
1777891053.3463323,-1.0,-4.0,-64.0
1777891053.3563323,-3.0,-3.0,-71.0
1777891053.3663323,-2.0,-1.0,-71.0
1777891053.3763323,0.0,-4.0,-66.0
1777891053.3863325,-1.0,-6.0,-70.0
1777891053.3963325,-5.0,-2.0,-74.0
1777891053.4063325,-3.0,0.0,-72.0
1777891053.4163325,-2.0,2.0,-71.0
1777891053.4263325,3.0,3.0,-76.0
1777891053.4363325,3.0,1.0,-73.0
1777891053.4463325,3.0,1.0,-66.0
1777891053.4563324,6.0,-1.0,-59.0
1777891053.4663324,6.0,-2.0,-63.0
1777891053.4763324,0.0,-3.0,-66.0
1777891053.4863324,0.0,-4.0,-71.0
1777891053.4963324,-1.0,-7.0,-72.0
1777891053.5063324,3.0,-5.0,-78.0
1777891053.5163324,2.0,-4.0,-74.0
1777891053.5263324,0.0,-6.0,-73.0
1777891053.5363324,-5.0,-2.0,-77.0
1777891053.5463324,0.0,0.0,-80.0
1777891053.5563323,0.0,5.0,-77.0
1777891053.5663323,-4.0,1.0,-71.0
1777891053.5763323,-5.0,4.0,-72.0
1777891053.5863323,-7.0,0.0,-71.0
1777891053.5963323,-1.0,2.0,-75.0
1777891053.6063323,1.0,0.0,-73.0
1777891053.6163323,0.0,2.0,-69.0
1777891053.6263323,0.0,0.0,-69.0
1777891053.6363325,-2.0,-3.0,-70.0
1777891053.6463325,0.0,0.0,-71.0
1777891053.6563325,2.0,-3.0,-73.0
1777891053.6663325,1.0,-4.0,-77.0
1777891053.6763325,4.0,-1.0,-76.0
1777891053.6863325,7.0,0.0,-79.0
1777891053.6963325,6.0,0.0,-80.0
1777891053.7063324,3.0,0.0,-74.0
1777891053.7163324,3.0,1.0,-72.0
1777891053.7263324,-1.0,0.0,-75.0
1777891053.7363324,-5.0,4.0,-73.0
1777891053.7463324,-4.0,3.0,-70.0
1777891053.7563324,-2.0,-2.0,-73.0
1777891053.7663324,-2.0,-5.0,-72.0
1777891053.7763324,-1.0,-3.0,-79.0
1777891053.7863324,0.0,0.0,-70.0
1777891053.7963324,3.0,1.0,-65.0
1777891053.8063323,4.0,3.0,-61.0
1777891053.8163323,0.0,3.0,-60.0
1777891053.8263323,0.0,4.0,-65.0
1777891053.8363323,6.0,0.0,-58.0
1777891053.8463323,5.0,0.0,-63.0
1777891053.8563323,4.0,5.0,-68.0
1777891053.8663323,4.0,3.0,-70.0
1777891053.8763323,1.0,0.0,-73.0
1777891053.8863325,3.0,-7.0,-72.0
1777891053.8963325,0.0,-11.0,-73.0
1777891053.9063325,2.0,-10.0,-68.0
1777891053.9163325,-2.0,-9.0,-65.0
1777891053.9263325,-7.0,-9.0,-66.0
1777891053.9363325,-3.0,-5.0,-65.0
1777891053.9463325,-3.0,-4.0,-68.0
1777891053.9563324,1.0,-7.0,-77.0
1777891053.9663324,2.0,0.0,-74.0
1777891053.9763324,-2.0,3.0,-70.0
1777891053.9863324,1.0,3.0,-73.0
1777891053.9963324,1.0,0.0,-69.0
1777891054.0063324,2.0,-1.0,-72.0
1777891054.0163324,2.0,0.0,-71.0
1777891054.0263324,4.0,-1.0,-67.0
1777891054.0363324,5.0,-3.0,-63.0
1777891054.0463324,5.0,-3.0,-60.0
1777891054.0563323,0.0,-2.0,-64.0
1777891054.0663323,-1.0,-2.0,-71.0
1777891054.0763323,-2.0,-5.0,-74.0
1777891054.0863323,1.0,-5.0,-82.0
1777891054.0963323,4.0,-8.0,-76.0
1777891054.1063323,2.0,-6.0,-74.0
1777891054.1163323,-3.0,-6.0,-69.0
1777891054.1263323,-1.0,-5.0,-70.0
1777891054.1363325,-3.0,-2.0,-74.0
1777891054.1463325,-4.0,-4.0,-75.0
1777891054.1563325,-1.0,0.0,-73.0
1777891054.1663325,1.0,-1.0,-77.0
1777891054.1763325,9.0,-1.0,-82.0
1777891054.1863325,6.0,0.0,-74.0
1777891054.1963325,3.0,4.0,-71.0
1777891054.2063324,0.0,6.0,-75.0
1777891054.2163324,-1.0,3.0,-82.0
1777891054.2263324,1.0,0.0,-83.0
1777891054.2363324,4.0,2.0,-82.0
1777891054.2463324,2.0,1.0,-75.0
1777891054.2563324,5.0,-1.0,-69.0
1777891054.2663324,6.0,0.0,-69.0
1777891054.2763324,2.0,-1.0,-65.0
1777891054.2863324,0.0,-1.0,-68.0
1777891054.2963324,3.0,0.0,-72.0
1777891054.3063323,0.0,0.0,-81.0
1777891054.3173325,-1.0,-4.0,-73.0
1777891054.3273325,2.0,-4.0,-69.0
1777891054.3373325,5.0,-4.0,-71.0
1777891054.3473325,4.0,-4.0,-71.0
1777891054.3573325,4.0,-3.0,-66.0
1777891054.3673325,6.0,-2.0,-71.0
1777891054.3773324,4.0,0.0,-70.0
1777891054.3873324,5.0,-5.0,-72.0
1777891054.3973324,1.0,-7.0,-71.0
1777891054.4073324,2.0,-11.0,-65.0
1777891054.4173324,0.0,-8.0,-62.0
1777891054.4273324,4.0,-4.0,-60.0
1777891054.4373324,4.0,-1.0,-60.0
1777891054.4473324,0.0,-4.0,-63.0
1777891054.4573324,0.0,-1.0,-62.0
1777891054.4673324,0.0,0.0,-61.0
1777891054.4773324,2.0,-2.0,-62.0
1777891054.4873323,4.0,-5.0,-65.0
1777891054.4973323,3.0,-3.0,-69.0
1777891054.5073323,5.0,-3.0,-72.0
1777891054.5173323,6.0,-4.0,-74.0
1777891054.5273323,1.0,-3.0,-70.0
1777891054.5373323,2.0,1.0,-74.0
1777891054.5473323,5.0,4.0,-73.0
1777891054.5573325,2.0,3.0,-68.0
1777891054.5673325,0.0,2.0,-68.0
1777891054.5773325,3.0,0.0,-71.0
1777891054.5873325,0.0,-2.0,-69.0
1777891054.5973325,0.0,1.0,-68.0
1777891054.6073325,0.0,0.0,-71.0
1777891054.6173325,0.0,0.0,-68.0
1777891054.6273324,0.0,-3.0,-72.0
1777891054.6373324,0.0,-5.0,-78.0
1777891054.6473324,-6.0,-4.0,-74.0
1777891054.6573324,-6.0,-3.0,-77.0
1777891054.6673324,-8.0,-4.0,-79.0
1777891054.6773324,-3.0,-3.0,-79.0
1777891054.6873324,-3.0,-2.0,-76.0
1777891054.6973324,-4.0,0.0,-73.0
1777891054.7073324,-4.0,0.0,-74.0
1777891054.7173324,-5.0,0.0,-71.0
1777891054.7273324,-5.0,2.0,-64.0
1777891054.7373323,-2.0,1.0,-66.0
1777891054.7473323,-3.0,2.0,-62.0
1777891054.7573323,-6.0,-2.0,-64.0
1777891054.7673323,-6.0,-3.0,-61.0
1777891054.7773323,-8.0,-2.0,-63.0
1777891054.7873323,-4.0,1.0,-64.0
1777891054.7973323,0.0,1.0,-61.0
1777891054.8073325,2.0,3.0,-57.0
1777891054.8173325,1.0,2.0,-61.0
1777891054.8273325,2.0,1.0,-64.0
1777891054.8373325,1.0,-2.0,-66.0
1777891054.8473325,-1.0,-3.0,-67.0
1777891054.8573325,1.0,-2.0,-65.0
1777891054.8673325,2.0,-5.0,-64.0
1777891054.8773324,1.0,-6.0,-63.0
1777891054.8873324,0.0,-5.0,-57.0
1777891054.8973324,3.0,-2.0,-55.0
1777891054.9073324,3.0,0.0,-56.0
1777891054.9173324,3.0,4.0,-63.0
1777891054.9273324,1.0,1.0,-69.0
1777891054.9373324,6.0,-3.0,-66.0
1777891054.9473324,6.0,-3.0,-72.0
1777891054.9573324,5.0,-3.0,-80.0
1777891054.9673324,5.0,-4.0,-70.0
1777891054.9773324,0.0,-5.0,-71.0
1777891054.9873323,1.0,-7.0,-72.0
1777891054.9973323,-3.0,-5.0,-75.0
1777891055.0073323,-2.0,-2.0,-76.0
1777891055.0173323,0.0,0.0,-84.0
1777891055.0273323,3.0,1.0,-83.0
1777891055.0373323,6.0,0.0,-79.0
1777891055.0473323,1.0,-3.0,-80.0
1777891055.0573325,0.0,4.0,-81.0
1777891055.0673325,-1.0,6.0,-80.0
1777891055.0773325,0.0,3.0,-80.0
1777891055.0873325,4.0,3.0,-77.0
1777891055.0973325,2.0,4.0,-78.0
1777891055.1073325,0.0,1.0,-78.0
1777891055.1173325,0.0,-3.0,-78.0
1777891055.1273324,0.0,-5.0,-77.0
1777891055.1373324,1.0,-5.0,-72.0
1777891055.1473324,0.0,-6.0,-69.0
1777891055.1573324,0.0,-3.0,-74.0
1777891055.1673324,0.0,-4.0,-83.0
1777891055.1773324,2.0,-9.0,-77.0
1777891055.1873324,2.0,-7.0,-73.0
1777891055.1973324,1.0,-8.0,-71.0
1777891055.2073324,2.0,-5.0,-72.0
1777891055.2173324,3.0,-3.0,-71.0
1777891055.2273324,0.0,-2.0,-69.0
1777891055.2373323,1.0,1.0,-75.0
1777891055.2473323,0.0,0.0,-75.0
1777891055.2573323,1.0,0.0,-76.0
1777891055.2673323,0.0,-1.0,-78.0
1777891055.2773323,0.0,0.0,-74.0
1777891055.2873323,0.0,0.0,-78.0
1777891055.2973323,4.0,0.0,-74.0
1777891055.3073325,-2.0,4.0,-78.0
1777891055.3173325,-2.0,1.0,-75.0
1777891055.3273325,1.0,-3.0,-77.0
1777891055.3373325,2.0,-5.0,-75.0
1777891055.3473325,5.0,-3.0,-72.0
1777891055.3573325,5.0,-4.0,-76.0
1777891055.3673325,6.0,-5.0,-74.0
1777891055.3773324,9.0,-3.0,-70.0
1777891055.3873324,11.0,-4.0,-70.0
1777891055.3973324,10.0,0.0,-74.0
1777891055.4073324,4.0,-1.0,-74.0
1777891055.4173324,4.0,-5.0,-69.0
1777891055.4273324,6.0,-5.0,-74.0
1777891055.4373324,7.0,-1.0,-78.0
1777891055.4473324,2.0,-3.0,-78.0
1777891055.4573324,1.0,-5.0,-73.0
1777891055.4673324,3.0,-3.0,-65.0
1777891055.4773324,9.0,-3.0,-65.0
1777891055.4873323,8.0,-5.0,-64.0
1777891055.4973323,4.0,-5.0,-70.0
1777891055.5073323,6.0,-2.0,-65.0
1777891055.5173323,5.0,-3.0,-70.0
1777891055.5273323,2.0,-3.0,-72.0
1777891055.5373323,-1.0,-2.0,-72.0
1777891055.5473323,-5.0,-5.0,-73.0
1777891055.5573325,-5.0,-3.0,-65.0
1777891055.5673325,-8.0,-3.0,-67.0
1777891055.5773325,-8.0,-6.0,-68.0
1777891055.5873325,-5.0,-4.0,-70.0
1777891055.5973325,-6.0,-2.0,-74.0
1777891055.6073325,-6.0,-2.0,-81.0
1777891055.6173325,-6.0,-1.0,-71.0
1777891055.6273324,-11.0,0.0,-71.0
1777891055.6373324,-9.0,-3.0,-73.0
1777891055.6473324,-1.0,-3.0,-69.0
1777891055.6573324,0.0,-1.0,-73.0
1777891055.6673324,3.0,-1.0,-75.0
1777891055.6773324,3.0,-2.0,-87.0
1777891055.6873324,0.0,-6.0,-86.0
1777891055.6973324,2.0,-7.0,-88.0
1777891055.7073324,2.0,-5.0,-84.0
1777891055.7173324,3.0,-2.0,-77.0
1777891055.7273324,5.0,-3.0,-73.0
1777891055.7373323,6.0,-1.0,-69.0
1777891055.7473323,3.0,0.0,-63.0
1777891055.7573323,1.0,3.0,-67.0
1777891055.7673323,5.0,-2.0,-69.0
1777891055.7773323,9.0,-3.0,-73.0
1777891055.7873323,5.0,-4.0,-75.0
1777891055.7973323,1.0,-2.0,-71.0
1777891055.8073325,2.0,0.0,-70.0
1777891055.8173325,1.0,0.0,-69.0
1777891055.8273325,4.0,0.0,-67.0
1777891055.8373325,5.0,-1.0,-66.0
1777891055.8473325,2.0,-2.0,-68.0
1777891055.8573325,1.0,-5.0,-66.0
1777891055.8673325,1.0,-5.0,-70.0
1777891055.8773324,3.0,-5.0,-73.0
1777891055.8873324,5.0,-3.0,-74.0
1777891055.8973324,7.0,-3.0,-68.0
1777891055.9073324,5.0,-1.0,-68.0
1777891055.9173324,12.0,1.0,-68.0
1777891055.9273324,7.0,0.0,-66.0
1777891055.9373324,2.0,0.0,-68.0
1777891055.9473324,0.0,-2.0,-68.0
1777891055.9573324,-3.0,0.0,-66.0
1777891055.9673324,-3.0,-2.0,-62.0
1777891055.9773324,-7.0,-4.0,-60.0
1777891055.9873323,-8.0,-5.0,-57.0
1777891055.9973323,-3.0,-3.0,-57.0
1777891056.0073323,1.0,1.0,-58.0
1777891056.0173323,3.0,0.0,-63.0
1777891056.0273323,1.0,0.0,-64.0
1777891056.0373323,0.0,1.0,-65.0
1777891056.0473323,-2.0,-1.0,-65.0
1777891056.0573325,-6.0,0.0,-66.0
1777891056.0673325,-3.0,-3.0,-66.0
1777891056.0773325,0.0,-2.0,-65.0
1777891056.0873325,-2.0,0.0,-68.0
1777891056.0973325,-3.0,2.0,-68.0
1777891056.1073325,-1.0,2.0,-68.0
1777891056.1173325,0.0,0.0,-67.0
1777891056.1273324,-3.0,0.0,-68.0
1777891056.1373324,-3.0,2.0,-70.0
1777891056.1473324,-1.0,4.0,-68.0
1777891056.1573324,-6.0,5.0,-70.0
1777891056.1673324,-3.0,3.0,-78.0
1777891056.1773324,2.0,0.0,-72.0
1777891056.1873324,1.0,1.0,-71.0
1777891056.1973324,-1.0,-4.0,-70.0
1777891056.2073324,-7.0,0.0,-72.0
1777891056.2173324,-4.0,0.0,-79.0
1777891056.2273324,-4.0,-1.0,-77.0
1777891056.2373323,-2.0,-4.0,-80.0
1777891056.2473323,-3.0,-6.0,-75.0
1777891056.2573323,-4.0,-3.0,-78.0
1777891056.2673323,-3.0,-7.0,-78.0
1777891056.2773323,0.0,-3.0,-85.0
1777891056.2873323,0.0,-3.0,-83.0
1777891056.2983325,-3.0,0.0,-77.0
1777891056.3083324,0.0,1.0,-72.0
1777891056.3183324,-4.0,1.0,-80.0
1777891056.3283324,-12.0,3.0,-83.0
1777891056.3383324,-5.0,7.0,-75.0
1777891056.3483324,-5.0,5.0,-74.0
1777891056.3583324,-1.0,1.0,-73.0
1777891056.3683324,-1.0,-2.0,-71.0
1777891056.3783324,-3.0,-2.0,-76.0
1777891056.3883324,-3.0,-2.0,-72.0
1777891056.3983324,-2.0,1.0,-67.0
1777891056.4083323,0.0,-1.0,-62.0
1777891056.4183323,0.0,2.0,-67.0
1777891056.4283323,1.0,1.0,-70.0
1777891056.4383323,1.0,0.0,-72.0
1777891056.4483323,0.0,1.0,-78.0
1777891056.4583323,2.0,2.0,-73.0
1777891056.4683323,3.0,3.0,-73.0
1777891056.4783323,0.0,3.0,-76.0
1777891056.4883325,-4.0,-1.0,-81.0
1777891056.4983325,-3.0,0.0,-81.0
1777891056.5083325,2.0,0.0,-83.0
1777891056.5183325,4.0,-1.0,-78.0
1777891056.5283325,6.0,-1.0,-77.0
1777891056.5383325,6.0,-1.0,-75.0
1777891056.5483325,5.0,-3.0,-65.0
1777891056.5583324,1.0,-1.0,-63.0
1777891056.5683324,0.0,-4.0,-68.0
1777891056.5783324,2.0,-6.0,-68.0
1777891056.5883324,4.0,-2.0,-72.0
1777891056.5983324,0.0,-4.0,-80.0
1777891056.6083324,0.0,-8.0,-80.0
1777891056.6183324,0.0,-8.0,-78.0
1777891056.6283324,1.0,-10.0,-81.0
1777891056.6383324,4.0,-7.0,-81.0
1777891056.6483324,0.0,-6.0,-78.0
1777891056.6583323,3.0,-6.0,-77.0
1777891056.6683323,1.0,-7.0,-72.0
1777891056.6783323,4.0,-9.0,-81.0
1777891056.6883323,1.0,-11.0,-80.0
1777891056.6983323,0.0,-11.0,-75.0
1777891056.7083323,-1.0,-10.0,-78.0
1777891056.7183323,-6.0,-11.0,-77.0
1777891056.7283323,-5.0,-7.0,-78.0
1777891056.7383325,0.0,-4.0,-75.0
1777891056.7483325,3.0,-4.0,-75.0
1777891056.7583325,2.0,-1.0,-74.0
1777891056.7683325,0.0,-4.0,-71.0
1777891056.7783325,1.0,-3.0,-73.0
1777891056.7883325,2.0,-4.0,-69.0
1777891056.7983325,0.0,-5.0,-67.0
1777891056.8083324,1.0,-4.0,-64.0
1777891056.8183324,3.0,-6.0,-69.0
1777891056.8283324,5.0,-5.0,-70.0
1777891056.8383324,6.0,-7.0,-74.0
1777891056.8483324,3.0,-5.0,-74.0
1777891056.8583324,0.0,-5.0,-76.0
1777891056.8683324,-3.0,-4.0,-75.0
1777891056.8783324,-5.0,-6.0,-75.0
1777891056.8883324,-5.0,-3.0,-76.0
1777891056.8983324,-1.0,-3.0,-83.0
1777891056.9083323,-5.0,-2.0,-84.0
1777891056.9183323,-2.0,0.0,-75.0
1777891056.9283323,3.0,2.0,-67.0
1777891056.9383323,3.0,2.0,-68.0
1777891056.9483323,5.0,0.0,-73.0
1777891056.9583323,1.0,1.0,-70.0
1777891056.9683323,-2.0,0.0,-63.0
1777891056.9783323,-5.0,0.0,-62.0
1777891056.9883325,-7.0,1.0,-69.0
1777891056.9983325,-4.0,-1.0,-67.0
1777891057.0083325,-4.0,1.0,-69.0
1777891057.0183325,0.0,0.0,-72.0
1777891057.0283325,0.0,-2.0,-76.0
1777891057.0383325,-7.0,0.0,-77.0
1777891057.0483325,-6.0,-1.0,-79.0
1777891057.0583324,-5.0,0.0,-82.0
1777891057.0683324,-7.0,-3.0,-78.0
1777891057.0783324,-8.0,-2.0,-77.0
1777891057.0883324,-6.0,-2.0,-72.0
1777891057.0983324,-8.0,-3.0,-72.0
1777891057.1083324,-6.0,-1.0,-75.0
1777891057.1183324,-6.0,-1.0,-73.0
1777891057.1283324,-6.0,-5.0,-76.0
1777891057.1383324,-6.0,-6.0,-75.0
1777891057.1483324,-1.0,-4.0,-72.0
1777891057.1583323,0.0,-9.0,-61.0
1777891057.1683323,-2.0,-13.0,-61.0
1777891057.1783323,-4.0,-14.0,-64.0
1777891057.1883323,-2.0,-12.0,-69.0
1777891057.1983323,0.0,-11.0,-73.0
1777891057.2083323,1.0,-10.0,-73.0
1777891057.2183323,-3.0,-12.0,-75.0
1777891057.2283323,-5.0,-13.0,-69.0
1777891057.2383325,-6.0,-10.0,-65.0
1777891057.2483325,-7.0,-7.0,-66.0
1777891057.2583325,-3.0,-10.0,-67.0
1777891057.2683325,-1.0,-7.0,-63.0
1777891057.2783325,-4.0,-3.0,-68.0
1777891057.2883325,-3.0,-2.0,-73.0
1777891057.2983325,3.0,-3.0,-76.0
1777891057.3083324,2.0,-3.0,-69.0
1777891057.3183324,-2.0,-3.0,-72.0
1777891057.3283324,1.0,-6.0,-72.0
1777891057.3383324,5.0,-3.0,-67.0
1777891057.3483324,3.0,-6.0,-64.0
1777891057.3583324,3.0,-4.0,-62.0
1777891057.3683324,0.0,-3.0,-57.0
1777891057.3783324,-1.0,-3.0,-57.0
1777891057.3883324,-4.0,-3.0,-57.0
1777891057.3983324,-6.0,-7.0,-61.0
1777891057.4083323,-5.0,-7.0,-64.0
1777891057.4183323,0.0,-6.0,-67.0
1777891057.4283323,1.0,-6.0,-64.0
1777891057.4383323,3.0,-7.0,-63.0
1777891057.4483323,1.0,-4.0,-62.0
1777891057.4583323,0.0,-5.0,-64.0
1777891057.4683323,3.0,-2.0,-65.0
1777891057.4783323,0.0,-4.0,-66.0
1777891057.4883325,0.0,-8.0,-71.0
1777891057.4983325,0.0,-5.0,-75.0
1777891057.5083325,0.0,-4.0,-75.0
1777891057.5193324,2.0,-4.0,-74.0
1777891057.5283325,1.0,0.0,-70.0
1777891057.5383325,-1.0,-2.0,-67.0
1777891057.5483325,-1.0,-5.0,-77.0
1777891057.5583324,2.0,-4.0,-80.0
1777891057.5683324,4.0,-2.0,-88.0
1777891057.5783324,2.0,0.0,-82.0
1777891057.5883324,0.0,3.0,-78.0
1777891057.5983324,0.0,6.0,-73.0
1777891057.6083324,0.0,2.0,-76.0
1777891057.6183324,-1.0,4.0,-75.0
1777891057.6283324,-1.0,1.0,-70.0
1777891057.6383324,0.0,-1.0,-73.0
1777891057.6483324,-1.0,-4.0,-72.0
1777891057.6583323,3.0,-8.0,-75.0
1777891057.6683323,4.0,-5.0,-75.0
1777891057.6783323,6.0,-3.0,-73.0
1777891057.6883323,0.0,0.0,-75.0
1777891057.6983323,0.0,-3.0,-71.0
1777891057.7083323,1.0,-7.0,-67.0
1777891057.7183323,0.0,-5.0,-60.0
1777891057.7283323,1.0,-3.0,-56.0
1777891057.7383325,-1.0,-1.0,-61.0
1777891057.7483325,-4.0,0.0,-64.0
1777891057.7583325,-2.0,-1.0,-67.0
1777891057.7683325,-1.0,-4.0,-67.0
1777891057.7783325,0.0,-4.0,-60.0
1777891057.7883325,0.0,-3.0,-56.0
1777891057.7983325,1.0,-2.0,-66.0
1777891057.8083324,1.0,-3.0,-70.0
1777891057.8183324,3.0,-1.0,-66.0
1777891057.8283324,5.0,0.0,-70.0
1777891057.8383324,0.0,0.0,-70.0
1777891057.8483324,-1.0,-2.0,-73.0
1777891057.8583324,-6.0,0.0,-76.0
1777891057.8683324,-9.0,-1.0,-68.0
1777891057.8783324,-6.0,0.0,-63.0
1777891057.8883324,-3.0,2.0,-63.0
1777891057.8983324,-2.0,-3.0,-65.0
1777891057.9083323,-2.0,-6.0,-69.0
1777891057.9183323,-5.0,-6.0,-66.0
1777891057.9283323,-2.0,-9.0,-70.0
1777891057.9383323,-1.0,-8.0,-71.0
1777891057.9483323,0.0,-10.0,-67.0
1777891057.9583323,0.0,-11.0,-66.0
1777891057.9683323,6.0,-8.0,-69.0
1777891057.9783323,4.0,-5.0,-70.0
1777891057.9883325,4.0,-1.0,-72.0
1777891057.9983325,4.0,-1.0,-74.0
1777891058.0083325,3.0,-1.0,-70.0
1777891058.0183325,2.0,-3.0,-75.0
1777891058.0283325,3.0,-5.0,-75.0
1777891058.0383325,0.0,-7.0,-82.0
1777891058.0483325,1.0,-4.0,-83.0
1777891058.0583324,2.0,-5.0,-77.0
1777891058.0683324,5.0,-3.0,-73.0
1777891058.0783324,1.0,-8.0,-78.0
1777891058.0883324,0.0,-8.0,-80.0
1777891058.0983324,2.0,-7.0,-72.0
1777891058.1083324,3.0,-5.0,-67.0
1777891058.1183324,3.0,-1.0,-69.0
1777891058.1283324,6.0,-4.0,-76.0
1777891058.1383324,4.0,-1.0,-66.0
1777891058.1483324,4.0,-2.0,-67.0
1777891058.1583323,8.0,-6.0,-68.0
1777891058.1683323,9.0,-6.0,-70.0
1777891058.1783323,8.0,-6.0,-75.0
1777891058.1883323,3.0,-7.0,-79.0
1777891058.1983323,2.0,-7.0,-78.0
1777891058.2083323,3.0,-7.0,-79.0
1777891058.2183323,5.0,-5.0,-77.0
1777891058.2283323,7.0,-5.0,-76.0
1777891058.2383325,5.0,-4.0,-77.0
1777891058.2483325,8.0,-4.0,-80.0
1777891058.2583325,10.0,0.0,-79.0
1777891058.2683325,5.0,0.0,-83.0
1777891058.2783325,3.0,0.0,-80.0
1777891058.2883325,-2.0,0.0,-78.0
1777891058.2983325,-7.0,0.0,-70.0
1777891058.3093324,0.0,0.0,-64.0
1777891058.3193324,-3.0,0.0,-64.0
1777891058.3293324,0.0,0.0,-69.0
1777891058.3393323,4.0,-1.0,-74.0
1777891058.3493323,4.0,-3.0,-69.0
1777891058.3593323,3.0,-4.0,-75.0
1777891058.3693323,-5.0,-3.0,-77.0
1777891058.3793323,-5.0,0.0,-72.0
1777891058.3893323,-8.0,2.0,-71.0
1777891058.3993323,-5.0,2.0,-76.0
1777891058.4093325,-1.0,0.0,-74.0
1777891058.4193325,-1.0,0.0,-82.0
1777891058.4293325,0.0,0.0,-84.0
1777891058.4393325,0.0,-5.0,-85.0
1777891058.4493325,-3.0,-2.0,-79.0
1777891058.4593325,-7.0,-3.0,-74.0
1777891058.4693325,-9.0,1.0,-70.0
1777891058.4793324,-4.0,0.0,-69.0
1777891058.4893324,-2.0,-1.0,-74.0
1777891058.4993324,1.0,-4.0,-71.0
1777891058.5093324,3.0,-5.0,-71.0
1777891058.5193324,5.0,0.0,-73.0
1777891058.5293324,4.0,-3.0,-70.0
1777891058.5393324,1.0,-5.0,-74.0
1777891058.5493324,4.0,-3.0,-73.0
1777891058.5593324,5.0,-4.0,-71.0
1777891058.5693324,9.0,-3.0,-69.0
1777891058.5793324,10.0,-2.0,-72.0
1777891058.5893323,16.0,0.0,-70.0
1777891058.5993323,11.0,2.0,-70.0
1777891058.6093323,6.0,0.0,-70.0
1777891058.6193323,8.0,0.0,-72.0
1777891058.6293323,11.0,0.0,-70.0
1777891058.6393323,4.0,-1.0,-66.0
1777891058.6493323,2.0,-2.0,-73.0
1777891058.6593325,-2.0,-3.0,-71.0
1777891058.6693325,-3.0,-5.0,-71.0
1777891058.6793325,-1.0,-10.0,-73.0
1777891058.6893325,-2.0,-7.0,-69.0
1777891058.6993325,-2.0,-5.0,-67.0
1777891058.7093325,-1.0,0.0,-66.0
1777891058.7193325,-6.0,-1.0,-70.0
1777891058.7293324,-2.0,1.0,-73.0
1777891058.7393324,6.0,-1.0,-75.0
1777891058.7493324,4.0,0.0,-71.0
1777891058.7593324,6.0,0.0,-69.0
1777891058.7693324,5.0,1.0,-70.0
1777891058.7793324,7.0,1.0,-68.0
1777891058.7893324,9.0,0.0,-71.0
1777891058.7993324,8.0,-2.0,-71.0
1777891058.8093324,3.0,-1.0,-64.0
1777891058.8193324,1.0,0.0,-66.0
1777891058.8293324,0.0,-3.0,-65.0
1777891058.8393323,-4.0,0.0,-67.0
1777891058.8493323,-6.0,0.0,-71.0
1777891058.8593323,-4.0,-4.0,-74.0
1777891058.8693323,-2.0,-2.0,-74.0
1777891058.8793323,0.0,-3.0,-76.0
1777891058.8893323,1.0,-5.0,-78.0
1777891058.8993323,0.0,-3.0,-74.0
1777891058.9093325,6.0,-2.0,-78.0
1777891058.9193325,6.0,-4.0,-75.0
1777891058.9293325,1.0,-7.0,-72.0
1777891058.9393325,-1.0,-7.0,-74.0
1777891058.9493325,-3.0,-9.0,-73.0
1777891058.9593325,0.0,-11.0,-78.0
1777891058.9693325,1.0,-10.0,-77.0
1777891058.9793324,1.0,-10.0,-77.0
1777891058.9893324,-2.0,-6.0,-77.0
1777891058.9993324,-2.0,-8.0,-81.0
1777891059.0093324,-2.0,-6.0,-77.0
1777891059.0193324,5.0,-4.0,-78.0
1777891059.0293324,10.0,-2.0,-81.0
1777891059.0393324,9.0,-3.0,-78.0
1777891059.0493324,1.0,-2.0,-79.0
1777891059.0593324,0.0,0.0,-85.0
1777891059.0693324,-3.0,0.0,-82.0
1777891059.0793324,2.0,-5.0,-79.0
1777891059.0893323,3.0,-6.0,-79.0
1777891059.0993323,1.0,-8.0,-78.0
1777891059.1093323,0.0,-7.0,-74.0
1777891059.1193323,-1.0,-3.0,-77.0
1777891059.1293323,-1.0,-5.0,-69.0
1777891059.1393323,2.0,-1.0,-68.0
1777891059.1493323,2.0,-1.0,-68.0
1777891059.1593325,5.0,3.0,-74.0
1777891059.1693325,4.0,3.0,-79.0
1777891059.1793325,2.0,4.0,-74.0
1777891059.1893325,-1.0,0.0,-73.0
1777891059.1993325,-1.0,-5.0,-73.0
1777891059.2093325,-7.0,-3.0,-74.0
1777891059.2193325,-9.0,-3.0,-75.0
1777891059.2293324,-5.0,-4.0,-78.0
1777891059.2393324,0.0,-4.0,-79.0
1777891059.2493324,2.0,-1.0,-76.0
1777891059.2593324,0.0,-2.0,-82.0
1777891059.2693324,-4.0,-3.0,-81.0
1777891059.2793324,-5.0,0.0,-80.0
1777891059.2893324,-4.0,0.0,-79.0
1777891059.2993324,-4.0,2.0,-77.0
1777891059.3093324,-4.0,0.0,-77.0
1777891059.3193324,-1.0,0.0,-83.0
1777891059.3293324,-5.0,-7.0,-78.0
1777891059.3393323,-5.0,-6.0,-75.0
1777891059.3493323,-5.0,-7.0,-77.0
1777891059.3593323,-6.0,-4.0,-77.0
1777891059.3693323,-3.0,0.0,-77.0
1777891059.3793323,0.0,1.0,-70.0
1777891059.3893323,1.0,4.0,-76.0
1777891059.3993323,3.0,6.0,-68.0
1777891059.4093325,6.0,1.0,-67.0
1777891059.4193325,2.0,2.0,-72.0
1777891059.4293325,0.0,0.0,-69.0
1777891059.4393325,-1.0,-4.0,-65.0
1777891059.4493325,-2.0,-6.0,-65.0
1777891059.4593325,0.0,-5.0,-64.0
1777891059.4693325,-1.0,-3.0,-62.0
1777891059.4793324,0.0,-3.0,-67.0
1777891059.4893324,0.0,-1.0,-64.0
1777891059.4993324,0.0,0.0,-62.0
1777891059.5093324,-1.0,-2.0,-72.0
1777891059.5193324,0.0,-3.0,-76.0
1777891059.5293324,0.0,0.0,-74.0
1777891059.5393324,-2.0,-1.0,-72.0
1777891059.5493324,-2.0,-2.0,-69.0
1777891059.5593324,-1.0,0.0,-64.0
1777891059.5693324,-2.0,1.0,-70.0
1777891059.5793324,0.0,-2.0,-72.0
1777891059.5893323,0.0,-5.0,-71.0
1777891059.5993323,1.0,-3.0,-74.0
1777891059.6093323,-1.0,0.0,-73.0
1777891059.6193323,-2.0,0.0,-76.0
1777891059.6293323,1.0,4.0,-75.0
1777891059.6393323,-3.0,2.0,-74.0
1777891059.6493323,-2.0,-5.0,-73.0
1777891059.6593325,-2.0,-2.0,-76.0
1777891059.6693325,1.0,0.0,-74.0
1777891059.6793325,3.0,2.0,-67.0
1777891059.6893325,0.0,3.0,-63.0
1777891059.6993325,-1.0,3.0,-70.0
1777891059.7093325,-4.0,0.0,-70.0
1777891059.7193325,-2.0,-1.0,-76.0
1777891059.7293324,2.0,1.0,-80.0
1777891059.7393324,4.0,2.0,-82.0
1777891059.7493324,7.0,0.0,-82.0
1777891059.7593324,3.0,-1.0,-84.0
1777891059.7693324,3.0,0.0,-76.0
1777891059.7793324,3.0,-2.0,-68.0
1777891059.7893324,3.0,0.0,-59.0
1777891059.7993324,3.0,-1.0,-61.0
1777891059.8093324,1.0,-4.0,-66.0
1777891059.8193324,6.0,-5.0,-75.0
1777891059.8293324,2.0,-5.0,-73.0
1777891059.8393323,2.0,-1.0,-72.0
1777891059.8493323,3.0,-3.0,-75.0
1777891059.8593323,2.0,-7.0,-77.0
1777891059.8693323,0.0,-5.0,-79.0
1777891059.8793323,-1.0,-3.0,-75.0
1777891059.8893323,-3.0,-1.0,-72.0
1777891059.8993323,3.0,2.0,-73.0
1777891059.9093325,0.0,3.0,-71.0
1777891059.9193325,2.0,2.0,-73.0
1777891059.9293325,0.0,1.0,-75.0
1777891059.9393325,-2.0,-8.0,-71.0
1777891059.9493325,0.0,-7.0,-76.0
1777891059.9593325,2.0,-9.0,-74.0
1777891059.9693325,2.0,-8.0,-67.0
1777891059.9793324,0.0,-4.0,-68.0
1777891059.9893324,-3.0,-5.0,-71.0
1777891059.9993324,0.0,-3.0,-72.0
1777891060.0093324,0.0,-3.0,-70.0
1777891060.0193324,0.0,-4.0,-78.0
1777891060.0293324,0.0,-5.0,-85.0
1777891060.0393324,5.0,-4.0,-83.0
1777891060.0493324,4.0,-2.0,-83.0
1777891060.0593324,7.0,-4.0,-78.0
1777891060.0693324,3.0,-4.0,-74.0
1777891060.0793324,2.0,-6.0,-71.0
1777891060.0893323,0.0,-5.0,-67.0
1777891060.0993323,0.0,-6.0,-66.0
1777891060.1093323,3.0,-4.0,-66.0
1777891060.1193323,0.0,-7.0,-70.0
1777891060.1293323,2.0,-8.0,-69.0
1777891060.1393323,0.0,-11.0,-69.0
1777891060.1493323,-2.0,-13.0,-65.0
1777891060.1593325,-4.0,-8.0,-65.0
1777891060.1693325,0.0,-6.0,-69.0
1777891060.1793325,5.0,-2.0,-75.0
1777891060.1893325,3.0,1.0,-74.0
1777891060.1993325,3.0,2.0,-73.0
1777891060.2093325,1.0,-4.0,-69.0
1777891060.2193325,3.0,-4.0,-72.0
1777891060.2293324,3.0,-3.0,-72.0
1777891060.2393324,5.0,-4.0,-72.0
1777891060.2503324,1.0,-3.0,-72.0
1777891060.2593324,1.0,-5.0,-74.0
1777891060.2703323,4.0,-4.0,-74.0
1777891060.2803323,3.0,-5.0,-67.0
1777891060.2893324,0.0,-11.0,-74.0
1777891060.3003323,2.0,-8.0,-74.0
1777891060.3103323,2.0,-8.0,-74.0
1777891060.3203323,5.0,-2.0,-75.0
1777891060.3303325,0.0,-3.0,-77.0
1777891060.3403325,4.0,-1.0,-76.0
1777891060.3503325,2.0,1.0,-73.0
1777891060.3603325,0.0,0.0,-70.0
1777891060.3703325,-3.0,-2.0,-63.0
1777891060.3803325,-9.0,-1.0,-62.0
1777891060.3903325,-7.0,-1.0,-66.0
1777891060.4003325,-5.0,0.0,-68.0
1777891060.4103324,-3.0,4.0,-68.0
1777891060.4203324,0.0,1.0,-70.0
1777891060.4303324,5.0,-2.0,-68.0
1777891060.4403324,2.0,-5.0,-68.0
1777891060.4503324,1.0,-4.0,-56.0
1777891060.4603324,1.0,-2.0,-59.0
1777891060.4703324,0.0,-1.0,-63.0
1777891060.4803324,-1.0,1.0,-62.0
1777891060.4903324,-3.0,-3.0,-63.0
1777891060.5003324,1.0,-3.0,-63.0
1777891060.5103323,-2.0,-7.0,-66.0
1777891060.5203323,-3.0,-5.0,-69.0
1777891060.5303323,-2.0,-4.0,-69.0
1777891060.5403323,0.0,-8.0,-70.0
1777891060.5503323,0.0,-5.0,-69.0
1777891060.5603323,2.0,-2.0,-72.0
1777891060.5703323,-3.0,-4.0,-74.0
1777891060.5803325,-3.0,-4.0,-74.0
1777891060.5903325,-2.0,-8.0,-79.0
1777891060.6003325,-3.0,-6.0,-77.0
1777891060.6103325,0.0,-6.0,-71.0
1777891060.6203325,0.0,-9.0,-75.0
1777891060.6303325,0.0,-8.0,-75.0
1777891060.6403325,2.0,-7.0,-76.0
1777891060.6503325,1.0,-5.0,-75.0
1777891060.6603324,1.0,-10.0,-79.0
1777891060.6703324,2.0,-13.0,-78.0
1777891060.6803324,0.0,-7.0,-83.0
1777891060.6903324,-1.0,-1.0,-81.0
1777891060.7003324,0.0,-1.0,-77.0
1777891060.7103324,0.0,-2.0,-73.0
1777891060.7203324,0.0,-1.0,-74.0
1777891060.7303324,-2.0,0.0,-78.0
1777891060.7403324,-1.0,0.0,-73.0
1777891060.7503324,0.0,-5.0,-72.0
1777891060.7603323,-6.0,-6.0,-71.0
1777891060.7703323,-1.0,-8.0,-71.0
1777891060.7803323,5.0,-7.0,-67.0
1777891060.7903323,8.0,-10.0,-67.0
1777891060.8003323,9.0,-12.0,-61.0
1777891060.8103323,8.0,-12.0,-65.0
1777891060.8203323,6.0,-11.0,-72.0
1777891060.8303325,7.0,-10.0,-76.0
1777891060.8403325,7.0,-8.0,-76.0
1777891060.8503325,8.0,-5.0,-72.0
1777891060.8603325,4.0,-4.0,-73.0
1777891060.8703325,6.0,-4.0,-77.0
1777891060.8803325,5.0,-5.0,-75.0
1777891060.8903325,4.0,-5.0,-77.0
1777891060.9003325,4.0,-4.0,-70.0
1777891060.9103324,0.0,-3.0,-74.0
1777891060.9203324,0.0,-5.0,-77.0
1777891060.9303324,0.0,-7.0,-80.0
1777891060.9403324,-1.0,-5.0,-87.0
1777891060.9503324,0.0,-5.0,-80.0
1777891060.9603324,0.0,-6.0,-80.0
1777891060.9703324,1.0,-5.0,-78.0
1777891060.9803324,-1.0,-5.0,-79.0
1777891060.9903324,-1.0,-6.0,-80.0
1777891061.0003324,1.0,-4.0,-79.0
1777891061.0113325,3.0,-3.0,-78.0
1777891061.0203323,2.0,-2.0,-79.0
1777891061.0303323,2.0,0.0,-85.0
1777891061.0403323,2.0,-3.0,-82.0
1777891061.0503323,0.0,0.0,-80.0
1777891061.0603323,0.0,0.0,-82.0
1777891061.0703323,0.0,-4.0,-76.0
1777891061.0803325,4.0,0.0,-77.0
1777891061.0903325,2.0,-2.0,-76.0
1777891061.1003325,7.0,3.0,-70.0
1777891061.1103325,3.0,0.0,-68.0
1777891061.1203325,6.0,0.0,-67.0
1777891061.1303325,4.0,-4.0,-69.0
1777891061.1403325,1.0,-2.0,-69.0
1777891061.1503325,-2.0,-3.0,-80.0
1777891061.1603324,-1.0,-7.0,-83.0
1777891061.1703324,0.0,-4.0,-83.0
1777891061.1803324,0.0,-4.0,-73.0
1777891061.1903324,0.0,-1.0,-71.0
1777891061.2003324,-1.0,-1.0,-66.0
1777891061.2103324,0.0,0.0,-68.0
1777891061.2203324,2.0,3.0,-69.0
1777891061.2303324,4.0,7.0,-69.0
1777891061.2403324,3.0,8.0,-78.0
1777891061.2503324,1.0,7.0,-71.0
1777891061.2603323,3.0,3.0,-71.0
1777891061.2703323,4.0,8.0,-67.0
1777891061.2803323,6.0,5.0,-65.0
1777891061.2903323,6.0,1.0,-69.0
1777891061.3003323,7.0,0.0,-72.0
1777891061.3103323,8.0,0.0,-66.0
1777891061.3203323,4.0,0.0,-68.0
1777891061.3303325,1.0,-1.0,-72.0
1777891061.3403325,0.0,-3.0,-78.0
1777891061.3503325,0.0,-7.0,-76.0
1777891061.3603325,-1.0,-11.0,-73.0
1777891061.3703325,-3.0,-10.0,-72.0
1777891061.3803325,0.0,-8.0,-77.0
1777891061.3903325,0.0,-7.0,-77.0
1777891061.4003325,1.0,-4.0,-79.0
1777891061.4103324,3.0,2.0,-79.0
1777891061.4203324,-1.0,2.0,-78.0
1777891061.4303324,1.0,4.0,-77.0
1777891061.4403324,0.0,2.0,-73.0
1777891061.4503324,5.0,2.0,-77.0
1777891061.4603324,4.0,2.0,-82.0
1777891061.4703324,10.0,-2.0,-95.0
1777891061.4803324,10.0,-10.0,-92.0
1777891061.4903324,9.0,-10.0,-85.0
1777891061.5003324,7.0,-9.0,-81.0
1777891061.5103323,4.0,-9.0,-77.0
1777891061.5203323,2.0,-5.0,-77.0
1777891061.5303323,0.0,-6.0,-74.0
1777891061.5403323,-3.0,-8.0,-74.0
1777891061.5503323,-2.0,-8.0,-71.0
1777891061.5603323,-1.0,-8.0,-70.0
1777891061.5703323,-1.0,-4.0,-75.0
1777891061.5803325,-1.0,-3.0,-72.0
1777891061.5903325,-7.0,-2.0,-73.0
1777891061.6003325,-4.0,-4.0,-77.0
1777891061.6103325,-5.0,-6.0,-79.0
1777891061.6203325,-1.0,-2.0,-73.0
1777891061.6303325,-5.0,-1.0,-72.0
1777891061.6403325,-2.0,-4.0,-71.0
1777891061.6503325,0.0,-2.0,-75.0
1777891061.6603324,0.0,-1.0,-75.0
1777891061.6703324,-4.0,1.0,-80.0
1777891061.6803324,-12.0,2.0,-80.0
1777891061.6903324,-10.0,0.0,-80.0
1777891061.7003324,-10.0,2.0,-76.0
1777891061.7103324,-6.0,1.0,-79.0
1777891061.7203324,-4.0,2.0,-82.0
1777891061.7303324,-1.0,2.0,-86.0
1777891061.7403324,-2.0,0.0,-88.0
1777891061.7503324,0.0,-1.0,-81.0
1777891061.7603323,-1.0,0.0,-78.0
1777891061.7703323,-4.0,-3.0,-77.0
1777891061.7803323,-2.0,-2.0,-83.0
1777891061.7903323,0.0,0.0,-74.0
1777891061.8003323,-1.0,0.0,-74.0
1777891061.8103323,-3.0,2.0,-75.0
1777891061.8203323,-4.0,-1.0,-78.0
1777891061.8303325,0.0,2.0,-82.0
1777891061.8403325,6.0,4.0,-82.0
1777891061.8503325,5.0,5.0,-79.0
1777891061.8603325,5.0,3.0,-75.0
1777891061.8703325,10.0,1.0,-73.0
1777891061.8803325,11.0,0.0,-75.0
1777891061.8903325,8.0,-2.0,-79.0
1777891061.9003325,5.0,-4.0,-80.0
1777891061.9103324,0.0,-4.0,-78.0
1777891061.9203324,-2.0,-4.0,-74.0
1777891061.9303324,-4.0,-2.0,-67.0
1777891061.9403324,-3.0,1.0,-65.0
1777891061.9503324,-3.0,2.0,-63.0
1777891061.9603324,-4.0,1.0,-59.0
1777891061.9703324,-7.0,-1.0,-66.0
1777891061.9803324,-2.0,-2.0,-76.0
1777891061.9903324,-2.0,1.0,-81.0
1777891062.0003324,1.0,0.0,-81.0
1777891062.0103323,3.0,-2.0,-77.0
1777891062.0203323,8.0,-3.0,-82.0
1777891062.0303323,6.0,-3.0,-83.0
1777891062.0403323,6.0,-1.0,-78.0
1777891062.0503323,7.0,-5.0,-74.0
1777891062.0603323,3.0,-4.0,-75.0
1777891062.0703323,0.0,-4.0,-74.0
1777891062.0803325,1.0,-2.0,-75.0
1777891062.0903325,7.0,-3.0,-77.0
1777891062.1003325,5.0,0.0,-69.0
1777891062.1103325,1.0,-1.0,-71.0
1777891062.1203325,-1.0,-2.0,-74.0
1777891062.1303325,-3.0,-3.0,-75.0
1777891062.1403325,-5.0,1.0,-74.0
1777891062.1503325,-1.0,3.0,-73.0
1777891062.1603324,-2.0,5.0,-66.0
1777891062.1703324,-2.0,0.0,-64.0
1777891062.1803324,-5.0,-1.0,-61.0
1777891062.1903324,-2.0,-1.0,-60.0
1777891062.2003324,-5.0,-1.0,-61.0
1777891062.2103324,-5.0,0.0,-62.0
1777891062.2203324,-3.0,0.0,-62.0
1777891062.2303324,-5.0,-3.0,-62.0
1777891062.2403324,-5.0,-6.0,-70.0
1777891062.2503324,-7.0,-7.0,-70.0
1777891062.2613325,-10.0,-9.0,-73.0
1777891062.2713325,-11.0,-10.0,-71.0
1777891062.2813325,-12.0,-12.0,-67.0
1777891062.2913325,-7.0,-14.0,-76.0
1777891062.3013325,0.0,-8.0,-86.0
1777891062.3113325,3.0,-6.0,-80.0
1777891062.3213325,4.0,-7.0,-73.0
1777891062.3323324,7.0,-5.0,-74.0
1777891062.3413324,7.0,-2.0,-67.0
1777891062.3513324,5.0,-1.0,-69.0
1777891062.3613324,5.0,-2.0,-64.0
1777891062.3713324,8.0,-3.0,-71.0
1777891062.3813324,3.0,-6.0,-72.0
1777891062.3913324,5.0,-6.0,-75.0
1777891062.4013324,2.0,-8.0,-82.0
1777891062.4113324,2.0,-5.0,-89.0
1777891062.4213324,0.0,-4.0,-78.0
1777891062.4313323,0.0,-5.0,-71.0
1777891062.4413323,0.0,-2.0,-68.0
1777891062.4513323,2.0,-1.0,-67.0
1777891062.4613323,7.0,-1.0,-62.0
1777891062.4713323,7.0,-5.0,-64.0
1777891062.4813323,6.0,-6.0,-66.0
1777891062.4913323,6.0,-8.0,-61.0
1777891062.5013323,2.0,-7.0,-67.0
1777891062.5113325,1.0,-7.0,-63.0
1777891062.5213325,-1.0,-4.0,-59.0
1777891062.5313325,-1.0,-3.0,-61.0
1777891062.5413325,-3.0,-5.0,-63.0
1777891062.5513325,-5.0,-6.0,-67.0
1777891062.5613325,-6.0,-5.0,-67.0
1777891062.5713325,-7.0,-11.0,-67.0
1777891062.5813324,-5.0,-8.0,-63.0
1777891062.5913324,-1.0,-1.0,-72.0
1777891062.6013324,1.0,-1.0,-74.0
1777891062.6113324,1.0,-5.0,-74.0
1777891062.6213324,1.0,-8.0,-69.0
1777891062.6313324,-2.0,-10.0,-68.0
1777891062.6413324,0.0,-11.0,-71.0
1777891062.6513324,-2.0,-9.0,-71.0
1777891062.6613324,2.0,-7.0,-69.0
1777891062.6713324,3.0,-4.0,-58.0
1777891062.6813323,5.0,-2.0,-56.0
1777891062.6913323,6.0,-5.0,-59.0
1777891062.7013323,4.0,-4.0,-58.0
1777891062.7113323,-3.0,-4.0,-57.0
1777891062.7213323,-2.0,-3.0,-61.0
1777891062.7313323,1.0,-3.0,-67.0
1777891062.7413323,0.0,0.0,-74.0
1777891062.7513323,-1.0,2.0,-76.0
1777891062.7613325,1.0,0.0,-75.0
1777891062.7713325,3.0,-1.0,-74.0
1777891062.7813325,0.0,0.0,-75.0
1777891062.7913325,2.0,1.0,-76.0
1777891062.8013325,7.0,0.0,-74.0
1777891062.8113325,6.0,0.0,-73.0
1777891062.8213325,5.0,1.0,-73.0
1777891062.8313324,3.0,0.0,-80.0
1777891062.8413324,9.0,-1.0,-76.0
1777891062.8513324,3.0,0.0,-75.0
1777891062.8613324,3.0,0.0,-71.0
1777891062.8713324,3.0,3.0,-67.0
1777891062.8813324,4.0,4.0,-74.0
1777891062.8913324,1.0,5.0,-70.0
1777891062.9013324,0.0,7.0,-67.0
1777891062.9113324,2.0,5.0,-68.0
1777891062.9213324,-2.0,5.0,-76.0
1777891062.9313323,0.0,4.0,-81.0
1777891062.9413323,3.0,5.0,-81.0
1777891062.9513323,3.0,4.0,-78.0
1777891062.9613323,4.0,7.0,-81.0
1777891062.9713323,5.0,0.0,-87.0
1777891062.9813323,2.0,0.0,-82.0
1777891062.9913323,1.0,0.0,-83.0
1777891063.0013323,3.0,-1.0,-79.0
1777891063.0113325,3.0,-2.0,-79.0
1777891063.0213325,3.0,0.0,-78.0
1777891063.0313325,5.0,-1.0,-73.0
1777891063.0413325,5.0,-3.0,-65.0
1777891063.0513325,8.0,0.0,-53.0
1777891063.0613325,3.0,0.0,-54.0
1777891063.0713325,0.0,-1.0,-59.0
1777891063.0813324,-2.0,1.0,-59.0
1777891063.0913324,-1.0,-2.0,-56.0
1777891063.1013324,2.0,-3.0,-52.0
1777891063.1113324,0.0,-3.0,-60.0
1777891063.1213324,-4.0,-4.0,-67.0
1777891063.1313324,-4.0,-4.0,-65.0
1777891063.1413324,-8.0,-5.0,-64.0
1777891063.1513324,-10.0,-5.0,-64.0
1777891063.1613324,-7.0,-4.0,-70.0
1777891063.1713324,-4.0,0.0,-74.0
1777891063.1813323,-2.0,-1.0,-80.0
1777891063.1913323,-4.0,0.0,-83.0
1777891063.2013323,-3.0,2.0,-78.0
1777891063.2113323,0.0,0.0,-80.0
1777891063.2213323,2.0,0.0,-77.0
1777891063.2313323,2.0,3.0,-71.0
1777891063.2413323,1.0,-3.0,-71.0
1777891063.2513323,0.0,-2.0,-65.0
1777891063.2613325,0.0,-1.0,-59.0
1777891063.2713325,2.0,3.0,-57.0
1777891063.2813325,5.0,0.0,-65.0
1777891063.2913325,4.0,-4.0,-69.0
1777891063.3013325,3.0,-6.0,-73.0
1777891063.3113325,8.0,-11.0,-77.0
1777891063.3213325,4.0,-8.0,-70.0
1777891063.3313324,5.0,-5.0,-69.0
1777891063.3413324,-1.0,-5.0,-74.0
1777891063.3513324,-3.0,-4.0,-75.0
1777891063.3613324,-7.0,-7.0,-82.0
1777891063.3713324,-4.0,-11.0,-83.0
1777891063.3813324,-1.0,-10.0,-77.0
1777891063.3913324,4.0,-10.0,-73.0
1777891063.4013324,0.0,-9.0,-71.0
1777891063.4113324,0.0,-10.0,-72.0
1777891063.4213324,7.0,-9.0,-68.0
1777891063.4313323,4.0,-9.0,-72.0
1777891063.4413323,4.0,-4.0,-73.0
1777891063.4513323,5.0,-3.0,-69.0
1777891063.4613323,0.0,-2.0,-67.0
1777891063.4713323,2.0,-1.0,-72.0
1777891063.4813323,1.0,-5.0,-72.0
1777891063.4913323,1.0,-1.0,-73.0
1777891063.5013323,4.0,-5.0,-79.0
1777891063.5113325,2.0,-2.0,-78.0
1777891063.5213325,0.0,0.0,-72.0
1777891063.5313325,0.0,-1.0,-66.0
1777891063.5413325,4.0,-1.0,-64.0
1777891063.5513325,3.0,0.0,-67.0
1777891063.5613325,1.0,0.0,-66.0
1777891063.5713325,0.0,-2.0,-73.0
1777891063.5813324,1.0,-4.0,-76.0
1777891063.5913324,-1.0,0.0,-74.0
1777891063.6013324,2.0,1.0,-67.0
1777891063.6113324,3.0,0.0,-73.0
1777891063.6213324,3.0,6.0,-75.0
1777891063.6313324,5.0,6.0,-78.0
1777891063.6413324,6.0,2.0,-76.0
1777891063.6513324,4.0,-3.0,-73.0
1777891063.6613324,4.0,-4.0,-70.0
1777891063.6713324,4.0,-2.0,-74.0
1777891063.6813323,3.0,2.0,-71.0
1777891063.6913323,2.0,3.0,-72.0
1777891063.7013323,1.0,2.0,-72.0
1777891063.7113323,3.0,0.0,-73.0
1777891063.7213323,2.0,-3.0,-65.0
1777891063.7313323,0.0,-5.0,-66.0
1777891063.7413323,-1.0,-6.0,-73.0
1777891063.7513323,0.0,-3.0,-74.0
1777891063.7613325,-2.0,-3.0,-75.0
1777891063.7713325,-2.0,-1.0,-73.0
1777891063.7813325,0.0,2.0,-74.0
1777891063.7913325,3.0,0.0,-69.0
1777891063.8013325,2.0,-2.0,-72.0
1777891063.8113325,4.0,-3.0,-75.0
1777891063.8213325,5.0,-3.0,-77.0
1777891063.8313324,8.0,-4.0,-74.0
1777891063.8413324,5.0,0.0,-79.0
1777891063.8513324,4.0,-1.0,-83.0
1777891063.8613324,0.0,-1.0,-81.0
1777891063.8713324,0.0,-2.0,-76.0
1777891063.8813324,0.0,-2.0,-74.0
1777891063.8913324,-3.0,0.0,-76.0
1777891063.9013324,-5.0,2.0,-70.0
1777891063.9113324,-3.0,6.0,-67.0
1777891063.9213324,-7.0,6.0,-75.0
1777891063.9313323,-3.0,3.0,-74.0
1777891063.9413323,-5.0,2.0,-69.0
1777891063.9513323,-5.0,0.0,-68.0
1777891063.9613323,-3.0,-4.0,-68.0
1777891063.9713323,0.0,-3.0,-63.0
1777891063.9813323,-2.0,-2.0,-58.0
1777891063.9913323,-1.0,-3.0,-61.0
1777891064.0013323,-2.0,-1.0,-57.0
1777891064.0113325,-1.0,-4.0,-64.0
1777891064.0213325,1.0,-2.0,-67.0
1777891064.0313325,3.0,0.0,-64.0
1777891064.0413325,4.0,-2.0,-68.0
1777891064.0513325,0.0,-5.0,-67.0
1777891064.0613325,-1.0,-6.0,-64.0
1777891064.0713325,0.0,-5.0,-65.0
1777891064.0813324,0.0,-5.0,-68.0
1777891064.0913324,-1.0,-6.0,-67.0
1777891064.1013324,-2.0,-6.0,-60.0
1777891064.1113324,2.0,-4.0,-67.0
1777891064.1213324,2.0,0.0,-63.0
1777891064.1313324,2.0,0.0,-63.0
1777891064.1413324,3.0,0.0,-71.0
1777891064.1513324,6.0,0.0,-72.0
1777891064.1613324,0.0,0.0,-75.0
1777891064.1713324,0.0,1.0,-75.0
1777891064.1813323,1.0,0.0,-73.0
1777891064.1913323,4.0,-1.0,-66.0
1777891064.2013323,3.0,0.0,-61.0
1777891064.2113323,1.0,-2.0,-65.0
1777891064.2213323,0.0,0.0,-63.0
1777891064.2313323,-1.0,0.0,-62.0
1777891064.2413323,0.0,2.0,-63.0
1777891064.2523324,2.0,2.0,-65.0
1777891064.2623324,2.0,1.0,-69.0
1777891064.2723324,0.0,3.0,-71.0
1777891064.2823324,0.0,-3.0,-72.0
1777891064.2923324,0.0,-3.0,-65.0
1777891064.3023324,4.0,-3.0,-68.0
1777891064.3123324,3.0,-2.0,-68.0
1777891064.3223324,1.0,0.0,-70.0
1777891064.3323324,4.0,-2.0,-73.0
1777891064.3423324,5.0,-3.0,-71.0
1777891064.3523324,8.0,-6.0,-75.0
1777891064.3623323,6.0,-7.0,-73.0
1777891064.3723323,5.0,-5.0,-79.0
1777891064.3823323,2.0,0.0,-75.0
1777891064.3923323,-2.0,1.0,-74.0
1777891064.4023323,-5.0,0.0,-72.0
1777891064.4123323,-3.0,2.0,-71.0
1777891064.4223323,0.0,1.0,-75.0
1777891064.4323325,0.0,1.0,-74.0
1777891064.4423325,-2.0,0.0,-75.0
1777891064.4523325,-2.0,-1.0,-74.0
1777891064.4623325,-3.0,0.0,-80.0
1777891064.4723325,0.0,-1.0,-81.0
1777891064.4823325,0.0,-3.0,-85.0
1777891064.4923325,4.0,-2.0,-84.0
1777891064.5023324,3.0,-2.0,-83.0
1777891064.5123324,6.0,3.0,-92.0
1777891064.5223324,8.0,1.0,-88.0
1777891064.5323324,6.0,0.0,-77.0
1777891064.5423324,0.0,0.0,-74.0
1777891064.5523324,1.0,0.0,-77.0
1777891064.5623324,1.0,-1.0,-77.0
1777891064.5723324,-2.0,-1.0,-78.0
1777891064.5823324,-4.0,3.0,-77.0
1777891064.5923324,-6.0,0.0,-82.0
1777891064.6023324,-4.0,-4.0,-87.0
1777891064.6123323,-3.0,-2.0,-84.0
1777891064.6223323,-3.0,0.0,-84.0
1777891064.6323323,-4.0,0.0,-84.0
1777891064.6423323,-8.0,1.0,-83.0
1777891064.6523323,-3.0,0.0,-87.0
1777891064.6623323,2.0,-1.0,-83.0
1777891064.6723323,0.0,-5.0,-85.0
1777891064.6823325,-1.0,-4.0,-88.0
1777891064.6923325,0.0,-4.0,-86.0
1777891064.7023325,0.0,1.0,-80.0
1777891064.7123325,1.0,4.0,-74.0
1777891064.7223325,0.0,-2.0,-70.0
1777891064.7323325,0.0,-7.0,-69.0
1777891064.7423325,5.0,-6.0,-75.0
1777891064.7523324,4.0,0.0,-82.0
1777891064.7623324,4.0,0.0,-88.0
1777891064.7723324,3.0,-6.0,-83.0
1777891064.7823324,4.0,-2.0,-85.0
1777891064.7923324,6.0,-1.0,-80.0
1777891064.8023324,5.0,-4.0,-79.0
1777891064.8123324,6.0,-7.0,-78.0
1777891064.8223324,4.0,-8.0,-74.0
1777891064.8323324,3.0,-9.0,-66.0
1777891064.8423324,1.0,-8.0,-62.0
1777891064.8523324,0.0,-7.0,-71.0
1777891064.8623323,0.0,-6.0,-73.0
1777891064.8723323,0.0,-4.0,-69.0
1777891064.8823323,-1.0,-5.0,-67.0
1777891064.8923323,0.0,-6.0,-64.0
1777891064.9023323,2.0,-2.0,-64.0
1777891064.9123323,6.0,-2.0,-68.0
1777891064.9223323,4.0,-1.0,-72.0
1777891064.9323325,6.0,-1.0,-82.0
1777891064.9423325,7.0,0.0,-85.0
1777891064.9523325,5.0,0.0,-84.0
1777891064.9623325,5.0,-3.0,-84.0
1777891064.9723325,0.0,0.0,-79.0
1777891064.9823325,1.0,0.0,-79.0
1777891064.9923325,3.0,-1.0,-74.0
1777891065.0023324,0.0,0.0,-72.0
1777891065.0123324,-1.0,-4.0,-72.0
1777891065.0223324,-4.0,-3.0,-70.0
1777891065.0323324,-3.0,-5.0,-73.0
1777891065.0423324,0.0,-4.0,-75.0
1777891065.0523324,1.0,-2.0,-76.0
1777891065.0623324,2.0,-7.0,-77.0
1777891065.0723324,-3.0,-8.0,-77.0
1777891065.0823324,-5.0,-7.0,-76.0
1777891065.0923324,-6.0,-9.0,-80.0
1777891065.1023324,-2.0,-6.0,-83.0
1777891065.1123323,-2.0,-9.0,-77.0
1777891065.1223323,6.0,-11.0,-70.0
1777891065.1323323,6.0,-10.0,-70.0
1777891065.1423323,7.0,-6.0,-69.0
1777891065.1523323,5.0,-9.0,-65.0
1777891065.1623323,2.0,-7.0,-62.0
1777891065.1723323,5.0,-3.0,-61.0
1777891065.1823325,4.0,-1.0,-61.0
1777891065.1923325,5.0,-5.0,-62.0
1777891065.2023325,3.0,-8.0,-75.0
1777891065.2123325,3.0,-6.0,-70.0
1777891065.2223325,1.0,-2.0,-73.0
1777891065.2323325,0.0,0.0,-78.0
1777891065.2423325,0.0,6.0,-84.0
1777891065.2523324,3.0,4.0,-86.0
1777891065.2623324,5.0,2.0,-78.0
1777891065.2723324,2.0,0.0,-78.0
1777891065.2823324,2.0,0.0,-77.0
1777891065.2923324,1.0,3.0,-76.0
1777891065.3023324,5.0,5.0,-76.0
1777891065.3123324,0.0,1.0,-68.0
1777891065.3223324,5.0,-1.0,-64.0
1777891065.3323324,5.0,0.0,-61.0
1777891065.3423324,10.0,-5.0,-53.0
1777891065.3523324,6.0,-3.0,-55.0
1777891065.3623323,3.0,2.0,-60.0
1777891065.3723323,0.0,6.0,-54.0
1777891065.3823323,-6.0,6.0,-59.0
1777891065.3923323,-8.0,3.0,-53.0
1777891065.4023323,-6.0,4.0,-55.0
1777891065.4123323,-2.0,0.0,-59.0
1777891065.4223323,0.0,-2.0,-64.0
1777891065.4323325,-3.0,1.0,-67.0
1777891065.4423325,2.0,3.0,-70.0
1777891065.4523325,3.0,1.0,-77.0
1777891065.4623325,1.0,5.0,-74.0
1777891065.4723325,0.0,6.0,-75.0
1777891065.4823325,2.0,4.0,-81.0
1777891065.4923325,5.0,-2.0,-81.0
1777891065.5023324,4.0,-7.0,-84.0
1777891065.5123324,2.0,-4.0,-83.0
1777891065.5223324,4.0,-2.0,-76.0
1777891065.5323324,7.0,-1.0,-74.0
1777891065.5423324,3.0,2.0,-78.0
1777891065.5523324,3.0,4.0,-75.0
1777891065.5623324,2.0,0.0,-75.0
1777891065.5723324,0.0,-3.0,-73.0
1777891065.5823324,2.0,-5.0,-71.0
1777891065.5923324,4.0,-3.0,-74.0
1777891065.6023324,5.0,-4.0,-75.0
1777891065.6123323,5.0,-4.0,-77.0
1777891065.6223323,6.0,1.0,-80.0
1777891065.6323323,3.0,2.0,-72.0
1777891065.6423323,0.0,-1.0,-72.0
1777891065.6523323,-1.0,-1.0,-69.0
1777891065.6623323,3.0,-2.0,-65.0
1777891065.6723323,4.0,-3.0,-69.0
1777891065.6823325,5.0,0.0,-72.0
1777891065.6923325,5.0,0.0,-75.0
1777891065.7023325,2.0,-1.0,-78.0
1777891065.7123325,0.0,-3.0,-80.0
1777891065.7223325,0.0,-4.0,-80.0
1777891065.7323325,-1.0,-4.0,-73.0
1777891065.7423325,2.0,-3.0,-76.0
1777891065.7523324,8.0,-3.0,-78.0
1777891065.7623324,10.0,-4.0,-78.0
1777891065.7723324,7.0,-4.0,-80.0
1777891065.7823324,2.0,-4.0,-81.0
1777891065.7923324,3.0,-7.0,-77.0
1777891065.8023324,9.0,-4.0,-76.0
1777891065.8123324,5.0,-3.0,-69.0
1777891065.8223324,2.0,-2.0,-63.0
1777891065.8323324,4.0,0.0,-67.0
1777891065.8423324,8.0,0.0,-76.0
1777891065.8523324,8.0,-1.0,-74.0
1777891065.8623323,8.0,0.0,-70.0
1777891065.8723323,6.0,0.0,-68.0
1777891065.8823323,5.0,3.0,-60.0
1777891065.8923323,1.0,2.0,-58.0
1777891065.9023323,0.0,2.0,-62.0
1777891065.9123323,4.0,0.0,-68.0
1777891065.9223323,0.0,-1.0,-72.0
1777891065.9323325,0.0,1.0,-72.0
1777891065.9423325,0.0,0.0,-77.0
1777891065.9523325,0.0,-5.0,-78.0
1777891065.9623325,2.0,-5.0,-73.0
1777891065.9723325,3.0,-2.0,-73.0
1777891065.9823325,5.0,0.0,-73.0
1777891065.9923325,3.0,-1.0,-76.0
1777891066.0023324,3.0,-4.0,-82.0
1777891066.0123324,0.0,-1.0,-75.0
1777891066.0223324,0.0,1.0,-70.0
1777891066.0323324,-4.0,-1.0,-71.0
1777891066.0423324,-3.0,-1.0,-74.0
1777891066.0523324,-1.0,-2.0,-73.0
1777891066.0623324,0.0,-4.0,-80.0
1777891066.0723324,-2.0,0.0,-80.0
1777891066.0823324,-5.0,4.0,-78.0
1777891066.0923324,-5.0,2.0,-81.0
1777891066.1023324,-3.0,0.0,-84.0
1777891066.1123323,-4.0,-1.0,-86.0
1777891066.1223323,1.0,-3.0,-88.0
1777891066.1323323,4.0,0.0,-87.0
1777891066.1423323,4.0,1.0,-81.0
1777891066.1523323,3.0,0.0,-85.0
1777891066.1623323,2.0,0.0,-84.0
1777891066.1723323,0.0,0.0,-74.0
1777891066.1823325,0.0,0.0,-72.0
1777891066.1923325,2.0,0.0,-76.0
1777891066.2023325,0.0,-1.0,-69.0
1777891066.2123325,-3.0,-2.0,-71.0
1777891066.2223325,-4.0,-2.0,-76.0
1777891066.2323325,-3.0,-4.0,-71.0
1777891066.2433324,-1.0,-1.0,-70.0
1777891066.2533324,0.0,-2.0,-72.0
1777891066.2633324,-2.0,-2.0,-74.0
1777891066.2733324,1.0,-1.0,-79.0
1777891066.2833323,7.0,-1.0,-79.0
1777891066.2933323,6.0,-2.0,-77.0
1777891066.3033323,-1.0,0.0,-76.0
1777891066.3133323,1.0,0.0,-78.0
1777891066.3233323,3.0,-4.0,-75.0
1777891066.3333323,-1.0,-6.0,-73.0
1777891066.3433323,-2.0,-6.0,-70.0
1777891066.3533323,-3.0,-6.0,-70.0
1777891066.3633325,-3.0,-6.0,-73.0
1777891066.3733325,2.0,-7.0,-79.0
1777891066.3833325,0.0,-7.0,-77.0
1777891066.3933325,0.0,-7.0,-80.0
1777891066.4033325,6.0,-5.0,-74.0
1777891066.4133325,5.0,-3.0,-69.0
1777891066.4233325,4.0,0.0,-73.0
1777891066.4333324,3.0,0.0,-76.0
1777891066.4433324,0.0,1.0,-78.0
1777891066.4533324,-2.0,3.0,-83.0
1777891066.4633324,-2.0,0.0,-84.0
1777891066.4733324,-7.0,1.0,-77.0
1777891066.4833324,-5.0,-1.0,-72.0
1777891066.4933324,-5.0,-1.0,-80.0
1777891066.5033324,-3.0,0.0,-79.0
1777891066.5133324,0.0,-1.0,-74.0
1777891066.5233324,1.0,2.0,-63.0
1777891066.5333323,0.0,1.0,-62.0
1777891066.5433323,-2.0,1.0,-65.0
1777891066.5533323,0.0,0.0,-69.0
1777891066.5633323,0.0,1.0,-70.0
1777891066.5733323,-3.0,-3.0,-74.0
1777891066.5833323,-3.0,-6.0,-69.0
1777891066.5933323,3.0,-3.0,-66.0
1777891066.6033323,1.0,-4.0,-66.0
1777891066.6133325,-2.0,-6.0,-61.0
1777891066.6233325,-3.0,-4.0,-65.0
1777891066.6333325,-4.0,-9.0,-68.0
1777891066.6433325,0.0,-4.0,-72.0
1777891066.6533325,4.0,-2.0,-74.0
1777891066.6633325,6.0,-3.0,-74.0
1777891066.6733325,0.0,-2.0,-74.0
1777891066.6833324,5.0,-5.0,-74.0
1777891066.6933324,9.0,-4.0,-75.0
1777891066.7033324,6.0,-6.0,-76.0
1777891066.7133324,5.0,0.0,-75.0
1777891066.7233324,0.0,0.0,-77.0
1777891066.7333324,1.0,0.0,-84.0
1777891066.7433324,0.0,2.0,-81.0
1777891066.7533324,-4.0,0.0,-79.0
1777891066.7633324,-2.0,-2.0,-78.0
1777891066.7733324,0.0,-5.0,-81.0
1777891066.7833323,-1.0,-4.0,-79.0
1777891066.7933323,0.0,-2.0,-78.0
1777891066.8033323,-3.0,0.0,-75.0
1777891066.8133323,-6.0,-1.0,-71.0
1777891066.8233323,-4.0,0.0,-63.0
1777891066.8333323,-5.0,0.0,-59.0
1777891066.8433323,-3.0,4.0,-61.0
1777891066.8533323,-7.0,2.0,-61.0
1777891066.8633325,-6.0,1.0,-69.0
1777891066.8733325,-7.0,-3.0,-78.0
1777891066.8833325,-4.0,-3.0,-76.0
1777891066.8933325,0.0,0.0,-73.0
1777891066.9033325,0.0,-3.0,-72.0
1777891066.9133325,0.0,-4.0,-73.0
1777891066.9233325,0.0,-1.0,-72.0
1777891066.9333324,2.0,0.0,-71.0
1777891066.9433324,1.0,0.0,-72.0
1777891066.9533324,1.0,0.0,-71.0
1777891066.9633324,5.0,3.0,-74.0
1777891066.9733324,3.0,3.0,-72.0
1777891066.9833324,1.0,0.0,-74.0
1777891066.9933324,-1.0,0.0,-75.0
1777891067.0033324,-1.0,0.0,-69.0
1777891067.0133324,0.0,-3.0,-71.0
1777891067.0233324,2.0,-2.0,-81.0
1777891067.0333323,3.0,-5.0,-83.0
1777891067.0433323,0.0,-3.0,-84.0
1777891067.0533323,3.0,-2.0,-81.0
1777891067.0633323,3.0,1.0,-79.0
1777891067.0733323,1.0,3.0,-78.0
1777891067.0833323,2.0,2.0,-76.0
1777891067.0933323,4.0,2.0,-75.0
1777891067.1033323,2.0,0.0,-77.0
1777891067.1133325,3.0,0.0,-77.0
1777891067.1233325,5.0,0.0,-75.0
1777891067.1333325,9.0,0.0,-77.0
1777891067.1433325,14.0,0.0,-78.0
1777891067.1533325,12.0,0.0,-74.0
1777891067.1633325,9.0,0.0,-77.0
1777891067.1733325,8.0,0.0,-77.0
1777891067.1833324,7.0,1.0,-80.0
1777891067.1933324,7.0,4.0,-83.0
1777891067.2033324,2.0,5.0,-80.0
1777891067.2133324,1.0,7.0,-84.0
1777891067.2233324,3.0,5.0,-88.0
1777891067.2333324,0.0,6.0,-83.0
1777891067.2433324,0.0,5.0,-82.0
1777891067.2533324,0.0,1.0,-85.0
1777891067.2633324,-1.0,0.0,-84.0
1777891067.2733324,3.0,-2.0,-85.0
1777891067.2833323,7.0,0.0,-83.0
1777891067.2933323,5.0,-3.0,-82.0
1777891067.3033323,0.0,0.0,-79.0
1777891067.3133323,1.0,0.0,-76.0
1777891067.3233323,-2.0,1.0,-83.0
1777891067.3333323,-2.0,1.0,-75.0
1777891067.3433323,2.0,1.0,-79.0
1777891067.3533323,0.0,-2.0,-78.0
1777891067.3633325,0.0,-1.0,-71.0
1777891067.3733325,1.0,2.0,-73.0
1777891067.3833325,-1.0,3.0,-69.0
1777891067.3933325,-4.0,-3.0,-73.0
1777891067.4033325,-4.0,-5.0,-75.0
1777891067.4133325,-5.0,-6.0,-77.0
1777891067.4233325,-2.0,-5.0,-74.0
1777891067.4333324,-2.0,-6.0,-76.0
1777891067.4433324,0.0,-7.0,-76.0
1777891067.4533324,-4.0,-4.0,-74.0
1777891067.4633324,-4.0,1.0,-74.0
1777891067.4733324,0.0,-1.0,-73.0
1777891067.4833324,0.0,-2.0,-66.0
1777891067.4933324,1.0,-1.0,-71.0
1777891067.5033324,4.0,-6.0,-69.0
1777891067.5133324,2.0,-9.0,-70.0
1777891067.5233324,4.0,-9.0,-70.0
1777891067.5333323,4.0,-6.0,-75.0
1777891067.5433323,0.0,-2.0,-68.0
1777891067.5533323,0.0,-4.0,-76.0
1777891067.5633323,-2.0,0.0,-75.0
1777891067.5733323,-7.0,-2.0,-69.0
1777891067.5833323,-5.0,-1.0,-65.0
1777891067.5933323,-3.0,-2.0,-68.0
1777891067.6033323,-4.0,-1.0,-64.0
1777891067.6133325,-5.0,0.0,-67.0
1777891067.6233325,-3.0,0.0,-76.0
1777891067.6333325,-1.0,1.0,-73.0
1777891067.6433325,3.0,2.0,-76.0
1777891067.6533325,4.0,7.0,-77.0
1777891067.6633325,7.0,7.0,-81.0
1777891067.6733325,12.0,9.0,-80.0
1777891067.6833324,10.0,3.0,-77.0
1777891067.6933324,7.0,1.0,-78.0
1777891067.7033324,8.0,5.0,-74.0
1777891067.7133324,8.0,3.0,-77.0
1777891067.7233324,1.0,5.0,-78.0
1777891067.7333324,-1.0,2.0,-75.0
1777891067.7433324,0.0,0.0,-70.0
1777891067.7533324,-3.0,-4.0,-68.0
1777891067.7633324,-2.0,-3.0,-69.0
1777891067.7733324,-7.0,-4.0,-67.0
1777891067.7833323,-10.0,-5.0,-68.0
1777891067.7933323,-6.0,-6.0,-70.0
1777891067.8033323,-2.0,-4.0,-69.0
1777891067.8133323,-5.0,-3.0,-69.0
1777891067.8233323,0.0,1.0,-66.0
1777891067.8333323,0.0,5.0,-67.0
1777891067.8433323,-2.0,4.0,-64.0
1777891067.8533323,-2.0,5.0,-68.0
1777891067.8633325,0.0,5.0,-69.0
1777891067.8733325,4.0,0.0,-65.0
1777891067.8833325,5.0,0.0,-70.0
1777891067.8933325,5.0,3.0,-74.0
1777891067.9033325,3.0,5.0,-68.0
1777891067.9133325,-3.0,3.0,-70.0
1777891067.9233325,-6.0,6.0,-70.0
1777891067.9333324,-6.0,1.0,-69.0
1777891067.9433324,-2.0,3.0,-72.0
1777891067.9533324,-1.0,0.0,-70.0
1777891067.9633324,0.0,3.0,-72.0
1777891067.9733324,0.0,0.0,-65.0
1777891067.9833324,3.0,0.0,-66.0
1777891067.9933324,0.0,4.0,-65.0
1777891068.0033324,0.0,2.0,-63.0
1777891068.0133324,5.0,-2.0,-68.0
1777891068.0233324,3.0,-5.0,-66.0
1777891068.0333323,-5.0,-2.0,-69.0
1777891068.0433323,-5.0,1.0,-72.0
1777891068.0533323,-3.0,3.0,-74.0
1777891068.0633323,0.0,1.0,-73.0
1777891068.0733323,0.0,0.0,-68.0
1777891068.0833323,2.0,0.0,-69.0
1777891068.0933323,-1.0,-1.0,-72.0
1777891068.1033323,-3.0,-2.0,-74.0
1777891068.1133325,-1.0,-5.0,-71.0
1777891068.1233325,-2.0,-4.0,-71.0
1777891068.1333325,-7.0,-1.0,-72.0
1777891068.1433325,-6.0,-5.0,-68.0
1777891068.1533325,-7.0,-2.0,-66.0
1777891068.1633325,-7.0,-2.0,-73.0
1777891068.1733325,-5.0,-2.0,-72.0
1777891068.1833324,-4.0,1.0,-70.0
1777891068.1933324,-1.0,0.0,-65.0
1777891068.2033324,-2.0,-1.0,-65.0
1777891068.2133324,-3.0,-2.0,-65.0
1777891068.2243323,-3.0,-4.0,-69.0
1777891068.2343323,-2.0,-2.0,-76.0
1777891068.2443323,2.0,-2.0,-79.0
1777891068.2543323,5.0,-3.0,-81.0
1777891068.2643323,2.0,-4.0,-83.0
1777891068.2743323,0.0,-5.0,-81.0
1777891068.2843325,0.0,-6.0,-82.0
1777891068.2943325,1.0,0.0,-81.0
1777891068.3043325,-2.0,0.0,-84.0
1777891068.3143325,0.0,4.0,-81.0
1777891068.3243325,1.0,5.0,-78.0
1777891068.3343325,1.0,1.0,-71.0
1777891068.3443325,0.0,-2.0,-77.0
1777891068.3543324,-4.0,0.0,-75.0
1777891068.3643324,-1.0,1.0,-75.0
1777891068.3743324,0.0,-2.0,-77.0
1777891068.3843324,-6.0,-1.0,-74.0
1777891068.3943324,-5.0,0.0,-73.0
1777891068.4043324,-2.0,-3.0,-74.0
1777891068.4143324,-8.0,0.0,-68.0
1777891068.4243324,-5.0,0.0,-78.0
1777891068.4343324,-5.0,0.0,-81.0
1777891068.4443324,-4.0,2.0,-84.0
1777891068.4543324,-5.0,1.0,-78.0
1777891068.4643323,-4.0,-1.0,-76.0
1777891068.4743323,1.0,-2.0,-75.0
1777891068.4843323,4.0,-3.0,-69.0
1777891068.4943323,2.0,-1.0,-68.0
1777891068.5043323,-2.0,1.0,-73.0
1777891068.5143323,-3.0,-1.0,-71.0
1777891068.5243323,0.0,-1.0,-71.0
1777891068.5343325,1.0,0.0,-67.0
1777891068.5443325,1.0,0.0,-68.0
1777891068.5543325,0.0,-1.0,-76.0
1777891068.5643325,1.0,-1.0,-81.0
1777891068.5743325,3.0,0.0,-79.0
1777891068.5843325,3.0,-1.0,-80.0
1777891068.5943325,4.0,-2.0,-78.0
1777891068.6043324,4.0,0.0,-81.0
1777891068.6143324,0.0,5.0,-77.0
1777891068.6243324,2.0,8.0,-74.0
1777891068.6343324,2.0,6.0,-72.0
1777891068.6443324,2.0,6.0,-70.0
1777891068.6543324,2.0,5.0,-74.0
1777891068.6643324,7.0,9.0,-79.0
1777891068.6743324,8.0,9.0,-73.0
1777891068.6843324,7.0,5.0,-66.0
1777891068.6943324,4.0,4.0,-66.0
1777891068.7043324,2.0,6.0,-68.0
1777891068.7143323,4.0,8.0,-76.0
1777891068.7243323,0.0,5.0,-68.0
1777891068.7343323,-5.0,8.0,-64.0
1777891068.7443323,-5.0,9.0,-66.0
1777891068.7543323,-6.0,3.0,-67.0
1777891068.7643323,-5.0,2.0,-72.0
1777891068.7743323,-6.0,4.0,-71.0
1777891068.7843325,-9.0,2.0,-72.0
1777891068.7943325,-8.0,0.0,-76.0
1777891068.8043325,-3.0,2.0,-74.0
1777891068.8143325,-2.0,2.0,-68.0
1777891068.8243325,-2.0,1.0,-66.0
1777891068.8343325,-1.0,0.0,-69.0
1777891068.8443325,-1.0,-2.0,-67.0
1777891068.8543324,1.0,-3.0,-65.0
1777891068.8643324,3.0,-1.0,-63.0
1777891068.8743324,0.0,-1.0,-66.0
1777891068.8843324,1.0,0.0,-59.0
1777891068.8943324,0.0,0.0,-59.0
1777891068.9043324,0.0,0.0,-66.0
1777891068.9143324,-1.0,0.0,-69.0
1777891068.9243324,1.0,5.0,-70.0
1777891068.9343324,0.0,2.0,-67.0
1777891068.9443324,0.0,2.0,-68.0
1777891068.9543324,2.0,0.0,-72.0
1777891068.9643323,3.0,4.0,-75.0
1777891068.9743323,7.0,5.0,-77.0
1777891068.9843323,6.0,1.0,-79.0
1777891068.9943323,2.0,0.0,-73.0
1777891069.0043323,2.0,0.0,-72.0
1777891069.0143323,4.0,0.0,-67.0
1777891069.0243323,1.0,0.0,-67.0
1777891069.0343325,1.0,-1.0,-71.0
1777891069.0443325,1.0,0.0,-73.0
1777891069.0543325,4.0,2.0,-71.0
1777891069.0643325,3.0,1.0,-68.0
1777891069.0743325,4.0,-2.0,-72.0
1777891069.0843325,6.0,-1.0,-74.0
1777891069.0943325,11.0,-1.0,-69.0
1777891069.1043324,10.0,1.0,-69.0
1777891069.1143324,10.0,1.0,-68.0
1777891069.1243324,7.0,4.0,-68.0
1777891069.1343324,9.0,0.0,-64.0
1777891069.1443324,6.0,1.0,-63.0
1777891069.1543324,4.0,4.0,-67.0
1777891069.1643324,0.0,3.0,-67.0
1777891069.1743324,2.0,0.0,-66.0
1777891069.1843324,3.0,1.0,-71.0
1777891069.1943324,1.0,0.0,-76.0
1777891069.2043324,1.0,-5.0,-72.0
1777891069.2143323,1.0,-5.0,-72.0
1777891069.2243323,2.0,-5.0,-81.0
1777891069.2343323,2.0,-8.0,-85.0
1777891069.2443323,2.0,-7.0,-84.0
1777891069.2543323,-1.0,-3.0,-81.0
1777891069.2643323,1.0,-2.0,-83.0
1777891069.2743323,2.0,0.0,-84.0
1777891069.2843325,4.0,-2.0,-76.0
1777891069.2943325,1.0,-3.0,-72.0
1777891069.3043325,2.0,-2.0,-71.0
1777891069.3143325,2.0,-1.0,-79.0
1777891069.3243325,5.0,-1.0,-82.0
1777891069.3343325,4.0,-1.0,-76.0
1777891069.3443325,3.0,2.0,-74.0
1777891069.3543324,0.0,2.0,-66.0
1777891069.3643324,-1.0,0.0,-68.0
1777891069.3743324,-3.0,0.0,-76.0
1777891069.3843324,-2.0,-1.0,-80.0
1777891069.3943324,-3.0,0.0,-70.0
1777891069.4043324,0.0,5.0,-74.0
1777891069.4143324,5.0,7.0,-74.0
1777891069.4243324,4.0,3.0,-78.0
1777891069.4343324,4.0,0.0,-76.0
1777891069.4443324,2.0,0.0,-72.0
1777891069.4543324,2.0,4.0,-78.0
1777891069.4643323,-2.0,0.0,-72.0
1777891069.4743323,0.0,-1.0,-68.0
1777891069.4843323,-3.0,0.0,-66.0
1777891069.4943323,-7.0,0.0,-65.0
1777891069.5043323,-4.0,0.0,-67.0
1777891069.5143323,-6.0,-4.0,-68.0
1777891069.5243323,-2.0,-4.0,-68.0
1777891069.5343325,1.0,-3.0,-62.0
1777891069.5443325,0.0,-2.0,-61.0
1777891069.5543325,0.0,-1.0,-64.0
1777891069.5643325,1.0,-4.0,-72.0
1777891069.5743325,1.0,-2.0,-80.0
1777891069.5843325,3.0,0.0,-79.0
1777891069.5943325,2.0,0.0,-78.0
1777891069.6043324,5.0,1.0,-83.0
1777891069.6143324,3.0,0.0,-82.0
1777891069.6243324,4.0,-4.0,-83.0
1777891069.6343324,6.0,-4.0,-87.0
1777891069.6443324,2.0,-2.0,-85.0
1777891069.6543324,3.0,-4.0,-81.0
1777891069.6643324,10.0,-6.0,-80.0
1777891069.6743324,9.0,-6.0,-76.0
1777891069.6843324,9.0,-3.0,-70.0
1777891069.6943324,10.0,-3.0,-70.0
1777891069.7043324,14.0,-6.0,-67.0
1777891069.7143323,17.0,-3.0,-68.0
1777891069.7243323,8.0,-4.0,-74.0
1777891069.7343323,3.0,-4.0,-73.0
1777891069.7443323,0.0,-4.0,-74.0
1777891069.7543323,-1.0,-3.0,-73.0
1777891069.7643323,-4.0,0.0,-74.0
1777891069.7743323,-4.0,3.0,-73.0
1777891069.7843325,-4.0,0.0,-69.0
1777891069.7943325,-3.0,0.0,-69.0
1777891069.8043325,-6.0,-1.0,-68.0
1777891069.8143325,-6.0,-1.0,-66.0
1777891069.8243325,-10.0,-3.0,-77.0
1777891069.8343325,-10.0,-1.0,-77.0
1777891069.8443325,-8.0,1.0,-83.0
1777891069.8543324,0.0,-5.0,-83.0
1777891069.8643324,2.0,-4.0,-77.0
1777891069.8743324,2.0,-5.0,-75.0
1777891069.8843324,2.0,-4.0,-72.0
1777891069.8943324,-2.0,-2.0,-74.0
1777891069.9043324,0.0,0.0,-81.0
1777891069.9143324,0.0,0.0,-87.0
1777891069.9243324,-1.0,0.0,-86.0
1777891069.9343324,0.0,-1.0,-83.0
1777891069.9443324,1.0,-2.0,-81.0
1777891069.9543324,0.0,-6.0,-72.0
1777891069.9643323,0.0,-3.0,-71.0
1777891069.9743323,2.0,0.0,-79.0
1777891069.9843323,5.0,0.0,-76.0
1777891069.9943323,5.0,0.0,-75.0
1777891070.0043323,0.0,0.0,-76.0
1777891070.0143323,0.0,1.0,-71.0
1777891070.0243323,0.0,-2.0,-65.0
1777891070.0343325,-3.0,-2.0,-70.0
1777891070.0443325,-2.0,-3.0,-74.0
1777891070.0543325,-3.0,0.0,-80.0
1777891070.0643325,-2.0,0.0,-81.0
1777891070.0743325,-1.0,3.0,-79.0
1777891070.0843325,-1.0,0.0,-82.0
1777891070.0943325,0.0,2.0,-82.0
1777891070.1043324,3.0,-1.0,-83.0
1777891070.1143324,5.0,-6.0,-77.0
1777891070.1243324,7.0,-4.0,-74.0
1777891070.1343324,9.0,-5.0,-72.0
1777891070.1443324,7.0,-7.0,-71.0
1777891070.1543324,6.0,-9.0,-77.0
1777891070.1643324,0.0,-7.0,-80.0
1777891070.1743324,5.0,-8.0,-80.0
1777891070.1843324,1.0,-4.0,-76.0
1777891070.1943324,-3.0,0.0,-72.0
1777891070.2043324,0.0,2.0,-73.0
1777891070.2143323,0.0,2.0,-71.0
1777891070.2243323,0.0,0.0,-74.0
1777891070.2353325,-5.0,-2.0,-73.0
1777891070.2453325,-7.0,-1.0,-68.0
1777891070.2553325,-6.0,-1.0,-71.0
1777891070.2653325,-4.0,-1.0,-71.0
1777891070.2753325,-4.0,1.0,-71.0
1777891070.2853324,-5.0,2.0,-69.0
1777891070.2953324,-4.0,0.0,-70.0
1777891070.3053324,-3.0,0.0,-70.0
1777891070.3153324,-4.0,-5.0,-75.0
1777891070.3253324,-6.0,-3.0,-79.0
1777891070.3353324,-2.0,-2.0,-74.0
1777891070.3453324,4.0,-4.0,-74.0
1777891070.3553324,3.0,0.0,-75.0
1777891070.3653324,6.0,-2.0,-73.0
1777891070.3753324,5.0,-3.0,-74.0
1777891070.3853323,4.0,-1.0,-77.0
1777891070.3953323,2.0,1.0,-75.0
1777891070.4053323,5.0,-2.0,-74.0
1777891070.4153323,2.0,-5.0,-75.0
1777891070.4253323,1.0,-3.0,-75.0
1777891070.4353323,-3.0,2.0,-74.0
1777891070.4453323,-2.0,4.0,-76.0
1777891070.4553325,-4.0,3.0,-80.0
1777891070.4653325,-3.0,0.0,-82.0
1777891070.4753325,-4.0,0.0,-79.0
1777891070.4853325,-3.0,0.0,-71.0
1777891070.4953325,-2.0,3.0,-75.0
1777891070.5053325,2.0,2.0,-79.0
1777891070.5153325,12.0,2.0,-70.0
1777891070.5253325,12.0,6.0,-69.0
1777891070.5353324,14.0,5.0,-73.0
1777891070.5453324,8.0,6.0,-73.0
1777891070.5553324,4.0,9.0,-69.0
1777891070.5653324,1.0,5.0,-71.0
1777891070.5753324,2.0,4.0,-71.0
1777891070.5853324,4.0,8.0,-65.0
1777891070.5953324,4.0,8.0,-65.0
1777891070.6053324,6.0,8.0,-67.0
1777891070.6153324,8.0,10.0,-65.0
1777891070.6253324,4.0,10.0,-70.0
1777891070.6353323,0.0,3.0,-69.0
1777891070.6453323,0.0,5.0,-77.0
1777891070.6553323,4.0,4.0,-77.0
1777891070.6653323,6.0,1.0,-77.0
1777891070.6753323,6.0,0.0,-71.0
1777891070.6853323,4.0,-4.0,-67.0
1777891070.6953323,3.0,-3.0,-71.0
1777891070.7053325,2.0,-5.0,-73.0
1777891070.7153325,2.0,-4.0,-80.0
1777891070.7253325,0.0,-5.0,-81.0
1777891070.7353325,4.0,-2.0,-86.0
1777891070.7453325,4.0,0.0,-80.0
1777891070.7553325,0.0,1.0,-83.0
1777891070.7653325,-4.0,1.0,-81.0
1777891070.7753325,-10.0,2.0,-88.0
1777891070.7853324,-8.0,4.0,-92.0
1777891070.7953324,1.0,5.0,-93.0
1777891070.8053324,4.0,3.0,-90.0
1777891070.8153324,2.0,0.0,-85.0
1777891070.8253324,1.0,-1.0,-78.0
1777891070.8353324,2.0,0.0,-74.0
1777891070.8453324,3.0,0.0,-78.0
1777891070.8553324,0.0,0.0,-75.0
1777891070.8653324,0.0,1.0,-73.0
1777891070.8753324,5.0,0.0,-70.0
1777891070.8853323,3.0,0.0,-69.0
1777891070.8953323,2.0,-1.0,-65.0
1777891070.9053323,7.0,-1.0,-65.0
1777891070.9153323,7.0,0.0,-73.0
1777891070.9253323,7.0,0.0,-79.0
1777891070.9353323,8.0,1.0,-74.0
1777891070.9453323,5.0,2.0,-73.0
1777891070.9553325,3.0,-1.0,-84.0
1777891070.9653325,4.0,-3.0,-85.0
1777891070.9753325,1.0,-3.0,-81.0
1777891070.9853325,3.0,0.0,-77.0
1777891070.9953325,6.0,0.0,-79.0
1777891071.0053325,3.0,3.0,-79.0
1777891071.0153325,6.0,-1.0,-76.0
1777891071.0253325,10.0,-5.0,-71.0
1777891071.0353324,5.0,-5.0,-72.0
1777891071.0453324,4.0,-4.0,-66.0
1777891071.0553324,7.0,-1.0,-69.0
1777891071.0653324,3.0,0.0,-64.0
1777891071.0763323,0.0,-1.0,-65.0
1777891071.0853324,-3.0,-1.0,-67.0
1777891071.0953324,-3.0,0.0,-71.0
1777891071.1053324,-6.0,0.0,-74.0
1777891071.1153324,-3.0,-3.0,-73.0
1777891071.1253324,4.0,-3.0,-67.0
1777891071.1353323,6.0,-6.0,-67.0
1777891071.1453323,2.0,-7.0,-68.0
1777891071.1553323,2.0,-5.0,-66.0
1777891071.1653323,-4.0,-5.0,-69.0
1777891071.1753323,0.0,-4.0,-62.0
1777891071.1853323,0.0,-4.0,-62.0
1777891071.1953323,-9.0,0.0,-68.0
1777891071.2053325,-12.0,-2.0,-70.0
1777891071.2153325,-13.0,-4.0,-74.0
1777891071.2253325,-10.0,-2.0,-73.0
1777891071.2353325,-9.0,-1.0,-70.0
1777891071.2453325,-8.0,2.0,-79.0
1777891071.2553325,-2.0,0.0,-72.0
1777891071.2653325,-5.0,2.0,-73.0
1777891071.2753325,-3.0,0.0,-73.0
1777891071.2853324,-4.0,3.0,-78.0
1777891071.2953324,-4.0,5.0,-79.0
1777891071.3053324,-3.0,5.0,-77.0
1777891071.3153324,-2.0,7.0,-77.0
1777891071.3253324,2.0,4.0,-80.0
1777891071.3353324,-3.0,4.0,-74.0
1777891071.3453324,-4.0,4.0,-71.0
1777891071.3553324,-5.0,8.0,-73.0
1777891071.3653324,-7.0,9.0,-70.0
1777891071.3753324,-6.0,8.0,-72.0
1777891071.3853323,-8.0,9.0,-77.0
1777891071.3953323,-6.0,8.0,-72.0
1777891071.4053323,0.0,5.0,-76.0
1777891071.4153323,-1.0,4.0,-76.0
1777891071.4253323,1.0,1.0,-71.0
1777891071.4353323,-2.0,1.0,-69.0
1777891071.4453323,1.0,0.0,-72.0
1777891071.4553325,0.0,0.0,-71.0
1777891071.4653325,3.0,0.0,-71.0
1777891071.4753325,2.0,2.0,-76.0
1777891071.4853325,-2.0,3.0,-77.0
1777891071.4953325,0.0,3.0,-78.0
1777891071.5053325,1.0,0.0,-79.0
1777891071.5153325,0.0,-1.0,-72.0
1777891071.5253325,0.0,-4.0,-71.0
1777891071.5353324,4.0,0.0,-64.0
1777891071.5453324,5.0,4.0,-66.0
1777891071.5553324,4.0,3.0,-68.0
1777891071.5653324,1.0,1.0,-67.0
1777891071.5753324,1.0,3.0,-66.0
1777891071.5853324,-1.0,0.0,-67.0
1777891071.5953324,0.0,0.0,-66.0
1777891071.6053324,7.0,-1.0,-65.0
1777891071.6153324,9.0,-4.0,-66.0
1777891071.6253324,4.0,-4.0,-62.0
1777891071.6353323,1.0,-5.0,-66.0
1777891071.6453323,-4.0,-6.0,-64.0
1777891071.6553323,-1.0,-2.0,-68.0
1777891071.6653323,1.0,-3.0,-70.0
1777891071.6753323,3.0,-6.0,-69.0
1777891071.6853323,7.0,-6.0,-75.0
1777891071.6953323,5.0,-2.0,-71.0
1777891071.7053325,3.0,-1.0,-70.0
1777891071.7153325,1.0,-2.0,-77.0
1777891071.7253325,5.0,-3.0,-79.0
1777891071.7353325,5.0,-2.0,-83.0
1777891071.7453325,3.0,-1.0,-82.0
1777891071.7553325,1.0,1.0,-81.0
1777891071.7653325,0.0,0.0,-82.0
1777891071.7753325,1.0,2.0,-81.0
1777891071.7853324,4.0,1.0,-83.0
1777891071.7953324,2.0,0.0,-83.0
1777891071.8053324,3.0,-3.0,-81.0
1777891071.8153324,0.0,-6.0,-81.0
1777891071.8253324,-3.0,-5.0,-81.0
1777891071.8353324,3.0,-5.0,-77.0
1777891071.8453324,3.0,-5.0,-75.0
1777891071.8553324,0.0,-5.0,-71.0
1777891071.8653324,1.0,-5.0,-75.0
1777891071.8753324,3.0,0.0,-81.0
1777891071.8853323,0.0,-1.0,-76.0
1777891071.8953323,-1.0,0.0,-74.0
1777891071.9053323,-3.0,-4.0,-72.0
1777891071.9153323,0.0,-1.0,-74.0
1777891071.9253323,3.0,-1.0,-74.0
1777891071.9353323,2.0,-2.0,-74.0
1777891071.9453323,2.0,0.0,-73.0
1777891071.9553325,2.0,4.0,-69.0
1777891071.9653325,0.0,7.0,-70.0
1777891071.9753325,0.0,4.0,-70.0
1777891071.9853325,0.0,2.0,-74.0
1777891071.9953325,1.0,5.0,-70.0
1777891072.0053325,-6.0,2.0,-65.0
1777891072.0153325,-1.0,2.0,-67.0
1777891072.0253325,2.0,5.0,-68.0
1777891072.0353324,2.0,3.0,-67.0
1777891072.0453324,-2.0,4.0,-65.0
1777891072.0553324,-9.0,8.0,-63.0
1777891072.0653324,-2.0,9.0,-62.0
1777891072.0753324,1.0,10.0,-60.0
1777891072.0853324,-2.0,7.0,-62.0
1777891072.0953324,-2.0,6.0,-70.0
1777891072.1053324,-2.0,2.0,-78.0
1777891072.1153324,0.0,0.0,-80.0
1777891072.1253324,2.0,-1.0,-88.0
1777891072.1353323,0.0,-4.0,-83.0
1777891072.1453323,-3.0,-1.0,-77.0
1777891072.1553323,-4.0,0.0,-74.0
1777891072.1653323,-4.0,1.0,-77.0
1777891072.1753323,-1.0,0.0,-66.0
1777891072.1863325,-3.0,-3.0,-65.0
1777891072.1953323,-1.0,-2.0,-71.0
1777891072.2063324,2.0,0.0,-71.0
1777891072.2163324,8.0,2.0,-71.0
1777891072.2263324,4.0,0.0,-71.0
1777891072.2363324,1.0,2.0,-72.0
1777891072.2463324,6.0,3.0,-77.0
1777891072.2563324,7.0,3.0,-84.0
1777891072.2663324,5.0,2.0,-74.0
1777891072.2763324,3.0,3.0,-65.0
1777891072.2863324,6.0,0.0,-65.0
1777891072.2963324,5.0,-1.0,-69.0
1777891072.3063323,0.0,-3.0,-71.0
1777891072.3163323,2.0,-3.0,-74.0
1777891072.3263323,-1.0,-4.0,-77.0
1777891072.3363323,3.0,-5.0,-87.0
1777891072.3463323,1.0,-9.0,-85.0
1777891072.3563323,0.0,-4.0,-84.0
1777891072.3663323,-3.0,-4.0,-75.0
1777891072.3763323,-2.0,-2.0,-72.0
1777891072.3863325,2.0,-3.0,-69.0
1777891072.3963325,3.0,0.0,-65.0
1777891072.4063325,2.0,-1.0,-71.0
1777891072.4163325,1.0,0.0,-68.0
1777891072.4263325,1.0,3.0,-73.0
1777891072.4363325,-4.0,1.0,-67.0
1777891072.4463325,-3.0,-2.0,-69.0
1777891072.4563324,0.0,-1.0,-65.0
1777891072.4663324,-1.0,2.0,-64.0
1777891072.4763324,-3.0,1.0,-69.0
1777891072.4863324,0.0,1.0,-66.0
1777891072.4963324,-1.0,-1.0,-72.0
1777891072.5063324,-5.0,0.0,-72.0
1777891072.5163324,-7.0,1.0,-77.0
1777891072.5263324,-7.0,3.0,-77.0
1777891072.5363324,-2.0,0.0,-76.0
1777891072.5463324,5.0,-2.0,-70.0
1777891072.5563323,0.0,-1.0,-63.0
1777891072.5663323,-2.0,-2.0,-65.0
1777891072.5763323,-2.0,1.0,-70.0
1777891072.5863323,0.0,2.0,-71.0
1777891072.5963323,2.0,2.0,-73.0
1777891072.6063323,0.0,0.0,-73.0
1777891072.6163323,0.0,2.0,-64.0
1777891072.6263323,-4.0,5.0,-65.0
1777891072.6363325,-5.0,3.0,-69.0
1777891072.6463325,-7.0,3.0,-65.0
1777891072.6563325,-6.0,1.0,-64.0
1777891072.6663325,-6.0,-1.0,-59.0
1777891072.6763325,-1.0,0.0,-64.0
1777891072.6863325,0.0,3.0,-70.0
1777891072.6963325,0.0,2.0,-66.0
1777891072.7063324,5.0,0.0,-64.0
1777891072.7163324,4.0,0.0,-71.0
1777891072.7263324,1.0,0.0,-68.0
1777891072.7363324,0.0,-2.0,-70.0
1777891072.7463324,-3.0,0.0,-71.0
1777891072.7563324,0.0,-1.0,-70.0
1777891072.7663324,0.0,-2.0,-71.0
1777891072.7763324,2.0,3.0,-75.0
1777891072.7863324,0.0,1.0,-76.0
1777891072.7963324,2.0,-2.0,-77.0
1777891072.8063323,5.0,0.0,-74.0
1777891072.8163323,3.0,0.0,-71.0
1777891072.8263323,3.0,3.0,-67.0
1777891072.8363323,1.0,0.0,-71.0
1777891072.8463323,4.0,1.0,-68.0
1777891072.8563323,4.0,3.0,-73.0
1777891072.8663323,6.0,0.0,-73.0
1777891072.8763323,4.0,-6.0,-72.0
1777891072.8863325,3.0,-3.0,-71.0
1777891072.8963325,7.0,-10.0,-72.0
1777891072.9063325,10.0,-9.0,-69.0
1777891072.9163325,10.0,-7.0,-65.0
1777891072.9263325,14.0,-6.0,-70.0
1777891072.9363325,10.0,-3.0,-67.0
1777891072.9463325,6.0,3.0,-67.0
1777891072.9563324,2.0,1.0,-68.0
1777891072.9663324,3.0,-1.0,-65.0
1777891072.9763324,2.0,-4.0,-58.0
1777891072.9863324,3.0,-4.0,-54.0
1777891072.9963324,-3.0,-4.0,-66.0
1777891073.0063324,-5.0,-5.0,-70.0
1777891073.0163324,-1.0,1.0,-76.0
1777891073.0263324,-6.0,1.0,-74.0
1777891073.0363324,-2.0,0.0,-77.0
1777891073.0463324,-4.0,1.0,-74.0
1777891073.0563323,-8.0,2.0,-76.0
1777891073.0663323,-8.0,3.0,-76.0
1777891073.0763323,-2.0,3.0,-76.0
1777891073.0863323,0.0,1.0,-74.0
1777891073.0963323,0.0,-1.0,-74.0
1777891073.1073325,4.0,-2.0,-74.0
1777891073.1163323,-1.0,1.0,-73.0
1777891073.1263323,0.0,4.0,-71.0
1777891073.1363325,1.0,5.0,-76.0
1777891073.1463325,4.0,3.0,-81.0
1777891073.1563325,7.0,-1.0,-81.0
1777891073.1663325,6.0,0.0,-75.0
1777891073.1763325,5.0,-1.0,-77.0
1777891073.1863325,3.0,1.0,-75.0
1777891073.1963325,8.0,-2.0,-77.0
1777891073.2063324,7.0,-4.0,-83.0
1777891073.2163324,9.0,-4.0,-81.0
1777891073.2263324,5.0,-1.0,-74.0
1777891073.2363324,2.0,-2.0,-72.0
1777891073.2463324,3.0,-2.0,-79.0
1777891073.2563324,-1.0,-3.0,-74.0
1777891073.2663324,-4.0,-2.0,-77.0
1777891073.2763324,-3.0,-5.0,-73.0
1777891073.2863324,-4.0,-5.0,-78.0
1777891073.2963324,-5.0,-5.0,-77.0
1777891073.3063323,0.0,-5.0,-69.0
1777891073.3163323,3.0,-6.0,-72.0
1777891073.3263323,5.0,-2.0,-66.0
1777891073.3363323,1.0,-2.0,-65.0
1777891073.3463323,0.0,0.0,-65.0
1777891073.3563323,0.0,-2.0,-66.0
1777891073.3663323,2.0,-5.0,-64.0
1777891073.3763323,4.0,-6.0,-58.0
1777891073.3863325,1.0,0.0,-65.0
1777891073.3963325,-2.0,0.0,-65.0
1777891073.4063325,0.0,-1.0,-73.0
1777891073.4163325,-4.0,2.0,-80.0
1777891073.4263325,-4.0,5.0,-82.0
1777891073.4363325,-6.0,2.0,-79.0
1777891073.4463325,-4.0,0.0,-77.0
1777891073.4563324,-3.0,0.0,-78.0
1777891073.4663324,-2.0,-2.0,-73.0
1777891073.4763324,6.0,-1.0,-70.0
1777891073.4863324,3.0,0.0,-70.0
1777891073.4963324,1.0,1.0,-66.0
1777891073.5063324,0.0,4.0,-64.0
1777891073.5163324,0.0,5.0,-68.0
1777891073.5263324,1.0,1.0,-75.0
1777891073.5363324,1.0,1.0,-77.0
1777891073.5463324,2.0,-1.0,-76.0
1777891073.5563323,3.0,2.0,-77.0
1777891073.5663323,5.0,0.0,-82.0
1777891073.5763323,8.0,0.0,-83.0
1777891073.5863323,8.0,0.0,-77.0
1777891073.5963323,6.0,0.0,-73.0
1777891073.6063323,9.0,3.0,-74.0
1777891073.6163323,4.0,2.0,-78.0
1777891073.6263323,2.0,-1.0,-73.0
1777891073.6363325,3.0,-6.0,-77.0
1777891073.6463325,4.0,-5.0,-71.0
1777891073.6563325,4.0,-5.0,-70.0
1777891073.6663325,1.0,-5.0,-66.0
1777891073.6763325,0.0,-4.0,-61.0
1777891073.6863325,0.0,-4.0,-67.0
1777891073.6963325,0.0,-6.0,-68.0
1777891073.7063324,0.0,-4.0,-74.0
1777891073.7163324,2.0,-1.0,-81.0
1777891073.7263324,-1.0,-2.0,-82.0
1777891073.7363324,-1.0,0.0,-80.0
1777891073.7463324,-2.0,3.0,-79.0
1777891073.7563324,-2.0,0.0,-78.0
1777891073.7663324,-3.0,0.0,-84.0
1777891073.7763324,-2.0,-2.0,-77.0
1777891073.7863324,0.0,0.0,-73.0
1777891073.7963324,-7.0,1.0,-72.0
1777891073.8063323,-8.0,-1.0,-79.0
1777891073.8163323,-6.0,1.0,-78.0
1777891073.8263323,1.0,0.0,-73.0
1777891073.8363323,2.0,-2.0,-75.0
1777891073.8463323,4.0,-2.0,-76.0
1777891073.8563323,3.0,-2.0,-76.0
1777891073.8663323,3.0,-4.0,-81.0
1777891073.8763323,0.0,-2.0,-79.0
1777891073.8863325,2.0,0.0,-84.0
1777891073.8963325,-2.0,-1.0,-80.0
1777891073.9063325,-1.0,2.0,-81.0
1777891073.9163325,0.0,3.0,-83.0
1777891073.9263325,-4.0,3.0,-79.0
1777891073.9363325,-6.0,2.0,-74.0
1777891073.9463325,-2.0,-2.0,-72.0
1777891073.9563324,0.0,-1.0,-69.0
1777891073.9663324,0.0,0.0,-68.0
1777891073.9763324,-1.0,0.0,-77.0
1777891073.9863324,-2.0,2.0,-74.0
1777891073.9963324,-1.0,4.0,-71.0
1777891074.0063324,-1.0,0.0,-67.0
1777891074.0163324,1.0,-3.0,-69.0
1777891074.0263324,2.0,-4.0,-76.0
1777891074.0363324,5.0,-3.0,-74.0
1777891074.0463324,3.0,1.0,-80.0
1777891074.0563323,3.0,2.0,-81.0
1777891074.0663323,2.0,4.0,-84.0
1777891074.0763323,0.0,1.0,-74.0
1777891074.0863323,0.0,0.0,-75.0
1777891074.0963323,1.0,-1.0,-73.0
1777891074.1063323,0.0,-2.0,-76.0
1777891074.1163323,0.0,-4.0,-82.0
1777891074.1263323,1.0,0.0,-80.0
1777891074.1363325,0.0,-4.0,-76.0
1777891074.1463325,-1.0,-5.0,-81.0
1777891074.1563325,-1.0,-7.0,-82.0
1777891074.1663325,2.0,-5.0,-76.0
1777891074.1763325,9.0,-4.0,-72.0
1777891074.1873324,11.0,-1.0,-64.0
1777891074.1973324,7.0,-2.0,-69.0
1777891074.2073324,5.0,-3.0,-70.0
1777891074.2163324,0.0,-4.0,-66.0
1777891074.2273324,1.0,-2.0,-62.0
1777891074.2373323,0.0,-1.0,-67.0
1777891074.2473323,0.0,-1.0,-63.0
1777891074.2573323,0.0,0.0,-64.0
1777891074.2673323,-3.0,1.0,-62.0
1777891074.2773323,2.0,5.0,-58.0
1777891074.2873323,1.0,4.0,-57.0
1777891074.2973323,2.0,4.0,-62.0
1777891074.3073325,3.0,3.0,-66.0
1777891074.3173325,4.0,5.0,-67.0
1777891074.3273325,0.0,1.0,-73.0
1777891074.3373325,0.0,1.0,-72.0
1777891074.3473325,0.0,-1.0,-73.0
1777891074.3573325,1.0,-3.0,-74.0
1777891074.3673325,-1.0,-7.0,-71.0
1777891074.3773324,-2.0,-6.0,-64.0
1777891074.3873324,-6.0,0.0,-73.0
1777891074.3973324,-5.0,0.0,-75.0
1777891074.4073324,-2.0,0.0,-75.0
1777891074.4173324,-5.0,3.0,-72.0
1777891074.4273324,-9.0,0.0,-77.0
1777891074.4373324,-6.0,0.0,-81.0
1777891074.4473324,-2.0,-1.0,-82.0
1777891074.4573324,0.0,3.0,-87.0
1777891074.4673324,2.0,0.0,-85.0
1777891074.4773324,1.0,4.0,-77.0
1777891074.4873323,-2.0,5.0,-79.0
1777891074.4973323,0.0,0.0,-74.0
1777891074.5073323,0.0,-3.0,-69.0
1777891074.5183325,0.0,-1.0,-76.0
1777891074.5273323,0.0,-4.0,-76.0
1777891074.5373323,2.0,-4.0,-71.0
1777891074.5473323,-2.0,-4.0,-70.0
1777891074.5573325,-6.0,-3.0,-67.0
1777891074.5673325,-4.0,-5.0,-66.0
1777891074.5773325,-4.0,-9.0,-73.0
1777891074.5873325,-4.0,-5.0,-71.0
1777891074.5973325,0.0,-3.0,-67.0
1777891074.6073325,0.0,0.0,-67.0
1777891074.6173325,0.0,4.0,-75.0
1777891074.6273324,-2.0,1.0,-75.0
1777891074.6373324,-4.0,-3.0,-74.0
1777891074.6473324,-5.0,-3.0,-67.0
1777891074.6573324,-3.0,-4.0,-67.0
1777891074.6673324,-2.0,-3.0,-70.0
1777891074.6773324,-2.0,0.0,-70.0
1777891074.6873324,0.0,4.0,-69.0
1777891074.6973324,-2.0,5.0,-68.0
1777891074.7073324,-2.0,4.0,-64.0
1777891074.7173324,-4.0,3.0,-66.0
1777891074.7273324,-3.0,1.0,-70.0
1777891074.7373323,-4.0,0.0,-75.0
1777891074.7473323,-3.0,-4.0,-77.0
1777891074.7573323,-3.0,-6.0,-76.0
1777891074.7673323,-3.0,-6.0,-73.0
1777891074.7773323,-4.0,-6.0,-71.0
1777891074.7873323,-4.0,-9.0,-74.0
1777891074.7973323,-5.0,-9.0,-79.0
1777891074.8073325,-2.0,-5.0,-79.0
1777891074.8173325,0.0,0.0,-68.0
1777891074.8273325,0.0,1.0,-65.0
1777891074.8373325,0.0,1.0,-67.0
1777891074.8473325,1.0,-1.0,-65.0
1777891074.8573325,6.0,0.0,-69.0
1777891074.8673325,6.0,2.0,-66.0
1777891074.8773324,5.0,3.0,-61.0
1777891074.8873324,1.0,3.0,-59.0
1777891074.8973324,0.0,3.0,-64.0
1777891074.9073324,0.0,2.0,-69.0
1777891074.9173324,-2.0,-2.0,-68.0
1777891074.9273324,1.0,-4.0,-74.0
1777891074.9373324,1.0,-7.0,-76.0
1777891074.9473324,4.0,-9.0,-70.0
1777891074.9573324,3.0,-5.0,-68.0
1777891074.9673324,2.0,0.0,-71.0
1777891074.9773324,1.0,1.0,-70.0
1777891074.9873323,3.0,0.0,-74.0
1777891074.9973323,5.0,-1.0,-71.0
1777891075.0073323,4.0,-2.0,-71.0
1777891075.0173323,3.0,0.0,-67.0
1777891075.0273323,0.0,2.0,-62.0
1777891075.0373323,-2.0,0.0,-61.0
1777891075.0473323,-4.0,0.0,-58.0
1777891075.0573325,0.0,0.0,-57.0
1777891075.0673325,0.0,0.0,-66.0
1777891075.0773325,-1.0,3.0,-63.0
1777891075.0873325,0.0,-1.0,-69.0
1777891075.0973325,2.0,1.0,-68.0
1777891075.1073325,3.0,0.0,-70.0
1777891075.1173325,6.0,0.0,-79.0
1777891075.1273324,8.0,-5.0,-79.0
1777891075.1373324,5.0,-5.0,-79.0
1777891075.1473324,2.0,-1.0,-82.0
1777891075.1573324,3.0,0.0,-79.0
1777891075.1673324,1.0,-1.0,-72.0
1777891075.1773324,3.0,-3.0,-66.0
1777891075.1873324,7.0,-3.0,-66.0
1777891075.1973324,5.0,0.0,-70.0
1777891075.2073324,1.0,-1.0,-73.0
1777891075.2173324,2.0,1.0,-80.0
1777891075.2273324,-4.0,0.0,-78.0
1777891075.2373323,-4.0,-2.0,-78.0
1777891075.2473323,-7.0,-1.0,-85.0
1777891075.2573323,-5.0,-3.0,-81.0
1777891075.2673323,-1.0,-5.0,-75.0
1777891075.2773323,0.0,0.0,-81.0
1777891075.2873323,0.0,-2.0,-78.0
1777891075.2973323,3.0,3.0,-69.0
1777891075.3073325,2.0,6.0,-74.0
1777891075.3173325,2.0,5.0,-68.0
1777891075.3273325,-3.0,4.0,-60.0
1777891075.3373325,-3.0,5.0,-61.0
1777891075.3473325,-1.0,0.0,-67.0
1777891075.3573325,6.0,0.0,-66.0
1777891075.3673325,4.0,0.0,-73.0
1777891075.3773324,4.0,3.0,-76.0
1777891075.3873324,4.0,4.0,-76.0
1777891075.3973324,8.0,4.0,-78.0
1777891075.4073324,7.0,2.0,-76.0
1777891075.4173324,0.0,1.0,-79.0
1777891075.4273324,-1.0,2.0,-76.0
1777891075.4373324,0.0,1.0,-72.0
1777891075.4473324,0.0,0.0,-64.0
1777891075.4573324,-3.0,-1.0,-67.0
1777891075.4673324,-6.0,0.0,-70.0
1777891075.4773324,-4.0,0.0,-72.0
1777891075.4873323,0.0,2.0,-77.0
1777891075.4973323,0.0,2.0,-76.0
1777891075.5073323,2.0,3.0,-69.0
1777891075.5173323,-7.0,-3.0,-75.0
1777891075.5273323,-4.0,-6.0,-78.0
1777891075.5373323,5.0,-4.0,-75.0
1777891075.5473323,4.0,-6.0,-75.0
1777891075.5573325,5.0,-5.0,-71.0
1777891075.5673325,1.0,-3.0,-72.0
1777891075.5773325,1.0,-3.0,-71.0
1777891075.5873325,2.0,-2.0,-78.0
1777891075.5973325,3.0,-6.0,-82.0
1777891075.6073325,0.0,-6.0,-79.0
1777891075.6173325,0.0,-6.0,-75.0
1777891075.6273324,3.0,-7.0,-75.0
1777891075.6373324,3.0,-4.0,-65.0
1777891075.6473324,2.0,-1.0,-67.0
1777891075.6573324,0.0,-2.0,-63.0
1777891075.6673324,1.0,-3.0,-70.0
1777891075.6773324,3.0,-1.0,-75.0
1777891075.6873324,4.0,-3.0,-72.0
1777891075.6973324,2.0,-6.0,-75.0
1777891075.7073324,0.0,-3.0,-72.0
1777891075.7173324,1.0,1.0,-77.0
1777891075.7273324,-2.0,2.0,-81.0
1777891075.7373323,-1.0,0.0,-86.0
1777891075.7473323,-2.0,0.0,-85.0
1777891075.7573323,-1.0,-2.0,-77.0
1777891075.7673323,0.0,-3.0,-78.0
1777891075.7773323,2.0,-4.0,-73.0
1777891075.7873323,6.0,-3.0,-70.0
1777891075.7973323,8.0,-3.0,-76.0
1777891075.8073325,5.0,1.0,-79.0
1777891075.8173325,3.0,3.0,-78.0
1777891075.8273325,2.0,2.0,-85.0
1777891075.8373325,6.0,4.0,-85.0
1777891075.8473325,5.0,3.0,-81.0
1777891075.8573325,8.0,3.0,-74.0
1777891075.8673325,8.0,4.0,-72.0
1777891075.8773324,10.0,1.0,-74.0
1777891075.8873324,8.0,1.0,-77.0
1777891075.8973324,4.0,2.0,-77.0
1777891075.9073324,5.0,6.0,-74.0
1777891075.9173324,-1.0,5.0,-71.0
1777891075.9273324,0.0,2.0,-74.0
1777891075.9373324,2.0,2.0,-75.0
1777891075.9473324,2.0,1.0,-76.0
1777891075.9573324,5.0,2.0,-72.0
1777891075.9673324,6.0,-2.0,-68.0
1777891075.9773324,6.0,-3.0,-74.0
1777891075.9873323,4.0,-5.0,-80.0
1777891075.9973323,6.0,-5.0,-81.0
1777891076.0073323,7.0,-6.0,-79.0
1777891076.0173323,7.0,-7.0,-67.0
1777891076.0273323,6.0,-7.0,-62.0
1777891076.0373323,7.0,-8.0,-65.0
1777891076.0473323,6.0,-8.0,-64.0
1777891076.0573325,3.0,-1.0,-66.0
1777891076.0673325,3.0,0.0,-70.0
1777891076.0773325,2.0,2.0,-75.0
1777891076.0873325,-1.0,-1.0,-69.0
1777891076.0973325,-3.0,-1.0,-65.0
1777891076.1073325,0.0,0.0,-72.0
1777891076.1173325,-7.0,0.0,-76.0
1777891076.1273324,-7.0,-4.0,-76.0
1777891076.1373324,-2.0,-1.0,-79.0
1777891076.1473324,-2.0,0.0,-81.0
1777891076.1573324,-4.0,3.0,-76.0
1777891076.1673324,-8.0,0.0,-75.0
1777891076.1773324,-7.0,-2.0,-66.0
1777891076.1873324,-7.0,0.0,-62.0
1777891076.1983323,-7.0,-2.0,-66.0
1777891076.2083323,-5.0,-4.0,-67.0
1777891076.2183323,-3.0,-4.0,-70.0
1777891076.2283323,4.0,0.0,-71.0
1777891076.2383325,6.0,0.0,-73.0
1777891076.2483325,0.0,5.0,-75.0
1777891076.2593324,0.0,6.0,-79.0
1777891076.2683325,0.0,8.0,-77.0
1777891076.2783325,0.0,5.0,-71.0
1777891076.2883325,-2.0,7.0,-64.0
1777891076.2983325,1.0,7.0,-65.0
1777891076.3083324,2.0,8.0,-67.0
1777891076.3183324,5.0,8.0,-70.0
1777891076.3283324,0.0,3.0,-71.0
1777891076.3383324,2.0,1.0,-61.0
1777891076.3483324,4.0,0.0,-68.0
1777891076.3583324,4.0,-2.0,-76.0
1777891076.3683324,5.0,-3.0,-74.0
1777891076.3783324,4.0,2.0,-75.0
1777891076.3883324,1.0,0.0,-78.0
1777891076.3983324,1.0,3.0,-82.0
1777891076.4083323,-1.0,3.0,-81.0
1777891076.4183323,2.0,0.0,-83.0
1777891076.4283323,5.0,0.0,-84.0
1777891076.4383323,-2.0,3.0,-83.0
1777891076.4483323,0.0,1.0,-82.0
1777891076.4583323,-4.0,0.0,-81.0
1777891076.4683323,-3.0,2.0,-78.0
1777891076.4783323,-1.0,3.0,-64.0
1777891076.4883325,-2.0,5.0,-66.0
1777891076.4983325,2.0,5.0,-71.0
1777891076.5083325,3.0,2.0,-70.0
1777891076.5183325,1.0,2.0,-68.0
1777891076.5283325,4.0,2.0,-71.0
1777891076.5383325,8.0,0.0,-64.0
1777891076.5483325,7.0,0.0,-58.0
1777891076.5583324,3.0,0.0,-67.0
1777891076.5683324,0.0,-4.0,-65.0
1777891076.5783324,2.0,-2.0,-65.0
1777891076.5883324,5.0,0.0,-70.0
1777891076.5983324,2.0,-3.0,-75.0
1777891076.6083324,6.0,0.0,-72.0
1777891076.6183324,-1.0,0.0,-76.0
1777891076.6283324,-3.0,1.0,-74.0
1777891076.6383324,0.0,-2.0,-70.0
1777891076.6483324,2.0,-3.0,-72.0
1777891076.6583323,3.0,-2.0,-76.0
1777891076.6683323,0.0,-5.0,-80.0
1777891076.6783323,-2.0,-6.0,-78.0
1777891076.6883323,-4.0,-7.0,-78.0
1777891076.6983323,-3.0,-10.0,-76.0
1777891076.7083323,-2.0,-3.0,-72.0
1777891076.7183323,-1.0,-6.0,-71.0
1777891076.7283323,1.0,-7.0,-75.0
1777891076.7383325,1.0,-8.0,-68.0
1777891076.7483325,1.0,-4.0,-68.0
1777891076.7583325,4.0,0.0,-65.0
1777891076.7683325,3.0,-1.0,-61.0
1777891076.7783325,1.0,1.0,-65.0
1777891076.7883325,-1.0,1.0,-60.0
1777891076.7983325,2.0,0.0,-67.0
1777891076.8083324,1.0,1.0,-69.0
1777891076.8183324,1.0,0.0,-67.0
1777891076.8283324,0.0,-1.0,-67.0
1777891076.8383324,1.0,-1.0,-71.0
1777891076.8483324,0.0,-4.0,-63.0
1777891076.8583324,-3.0,-5.0,-67.0
1777891076.8683324,-3.0,-3.0,-70.0
1777891076.8783324,3.0,-5.0,-67.0
1777891076.8883324,3.0,-7.0,-73.0
1777891076.8983324,5.0,-7.0,-70.0
1777891076.9083323,0.0,-6.0,-70.0
1777891076.9183323,0.0,-6.0,-65.0
1777891076.9283323,2.0,-1.0,-69.0
1777891076.9383323,2.0,-1.0,-70.0
1777891076.9483323,1.0,-1.0,-63.0
1777891076.9583323,0.0,0.0,-67.0
1777891076.9683323,-4.0,-4.0,-63.0
1777891076.9783323,-6.0,-4.0,-67.0
1777891076.9883325,-7.0,-3.0,-65.0
1777891076.9983325,-7.0,-3.0,-67.0
1777891077.0083325,-7.0,0.0,-73.0
1777891077.0183325,-6.0,0.0,-71.0
1777891077.0283325,-3.0,0.0,-69.0
1777891077.0383325,-1.0,-1.0,-68.0
1777891077.0483325,0.0,2.0,-72.0
1777891077.0583324,0.0,1.0,-73.0
1777891077.0683324,4.0,0.0,-69.0
1777891077.0783324,4.0,0.0,-77.0
1777891077.0883324,8.0,1.0,-80.0
1777891077.0983324,4.0,0.0,-80.0
1777891077.1083324,2.0,-2.0,-73.0
1777891077.1183324,2.0,1.0,-74.0
1777891077.1283324,0.0,1.0,-77.0
1777891077.1383324,0.0,0.0,-77.0
1777891077.1483324,2.0,0.0,-78.0
1777891077.1583323,2.0,-1.0,-81.0
1777891077.1683323,5.0,0.0,-75.0
1777891077.1783323,3.0,0.0,-69.0
1777891077.1883323,1.0,0.0,-67.0
1777891077.1983323,1.0,0.0,-70.0
1777891077.2083323,0.0,-1.0,-71.0
1777891077.2183323,-2.0,-2.0,-66.0
1777891077.2283323,-3.0,-2.0,-64.0
1777891077.2383325,-1.0,-3.0,-69.0
1777891077.2483325,0.0,0.0,-73.0
1777891077.2583325,0.0,1.0,-72.0
1777891077.2683325,3.0,-1.0,-73.0
1777891077.2783325,6.0,-2.0,-79.0
1777891077.2883325,3.0,-4.0,-85.0
1777891077.2983325,0.0,-1.0,-81.0
1777891077.3083324,1.0,-4.0,-78.0
1777891077.3183324,4.0,-3.0,-75.0
1777891077.3283324,2.0,-2.0,-76.0
1777891077.3383324,0.0,-3.0,-74.0
1777891077.3483324,-1.0,2.0,-71.0
1777891077.3583324,1.0,-1.0,-76.0
1777891077.3683324,2.0,-4.0,-72.0
1777891077.3783324,5.0,-3.0,-73.0
1777891077.3883324,0.0,-3.0,-75.0
1777891077.3983324,1.0,0.0,-75.0
1777891077.4083323,3.0,-2.0,-76.0
1777891077.4183323,1.0,0.0,-81.0
1777891077.4283323,2.0,1.0,-81.0
1777891077.4383323,4.0,4.0,-76.0
1777891077.4483323,3.0,3.0,-75.0
1777891077.4583323,-1.0,-2.0,-73.0
1777891077.4683323,-4.0,-4.0,-66.0
1777891077.4783323,-3.0,-6.0,-70.0
1777891077.4883325,-5.0,-6.0,-75.0
1777891077.4983325,-6.0,-8.0,-79.0
1777891077.5083325,-5.0,-6.0,-73.0
1777891077.5183325,-3.0,-2.0,-72.0
1777891077.5283325,0.0,0.0,-79.0
1777891077.5383325,-1.0,1.0,-79.0
1777891077.5483325,-1.0,-1.0,-80.0
1777891077.5583324,-3.0,0.0,-82.0
1777891077.5683324,-3.0,2.0,-78.0
1777891077.5783324,0.0,7.0,-69.0
1777891077.5883324,0.0,7.0,-67.0
1777891077.5983324,0.0,4.0,-71.0
1777891077.6083324,1.0,1.0,-71.0
1777891077.6183324,-2.0,5.0,-69.0
1777891077.6283324,-2.0,5.0,-74.0
1777891077.6383324,0.0,7.0,-74.0
1777891077.6483324,0.0,3.0,-70.0
1777891077.6583323,0.0,1.0,-67.0
1777891077.6683323,3.0,0.0,-66.0
1777891077.6783323,-1.0,-2.0,-64.0
1777891077.6883323,0.0,-2.0,-68.0
1777891077.6983323,2.0,-3.0,-68.0
1777891077.7083323,1.0,-2.0,-64.0
1777891077.7183323,3.0,-4.0,-65.0
1777891077.7283323,2.0,-4.0,-65.0
1777891077.7383325,1.0,-2.0,-65.0
1777891077.7483325,3.0,-5.0,-73.0
1777891077.7583325,7.0,-5.0,-75.0
1777891077.7683325,9.0,-3.0,-69.0
1777891077.7783325,7.0,-3.0,-73.0
1777891077.7883325,3.0,-2.0,-66.0
1777891077.7983325,0.0,-3.0,-62.0
1777891077.8083324,-2.0,0.0,-58.0
1777891077.8183324,-3.0,0.0,-62.0
1777891077.8283324,-2.0,-1.0,-64.0
1777891077.8383324,-3.0,-4.0,-72.0
1777891077.8483324,-6.0,-1.0,-69.0
1777891077.8583324,-8.0,-6.0,-70.0
1777891077.8683324,-10.0,-4.0,-78.0
1777891077.8783324,-8.0,-3.0,-74.0
1777891077.8883324,-5.0,-1.0,-74.0
1777891077.8983324,-4.0,4.0,-73.0
1777891077.9083323,-5.0,5.0,-71.0
1777891077.9183323,-7.0,2.0,-74.0
1777891077.9283323,-7.0,1.0,-77.0
1777891077.9383323,0.0,1.0,-77.0
1777891077.9483323,2.0,2.0,-74.0
1777891077.9583323,0.0,1.0,-73.0
1777891077.9683323,2.0,-1.0,-75.0
1777891077.9783323,0.0,-2.0,-78.0
1777891077.9883325,1.0,-4.0,-79.0
1777891077.9983325,2.0,0.0,-78.0
1777891078.0083325,1.0,-4.0,-74.0
1777891078.0183325,3.0,-9.0,-75.0
1777891078.0283325,0.0,-7.0,-71.0
1777891078.0383325,1.0,-2.0,-72.0
1777891078.0483325,4.0,0.0,-71.0
1777891078.0583324,1.0,0.0,-66.0
1777891078.0683324,2.0,1.0,-63.0
1777891078.0783324,1.0,0.0,-61.0
1777891078.0883324,2.0,-1.0,-69.0
1777891078.0983324,1.0,-2.0,-70.0
1777891078.1083324,3.0,-2.0,-68.0
1777891078.1183324,1.0,-2.0,-66.0
1777891078.1283324,-1.0,-2.0,-60.0
1777891078.1383324,0.0,-4.0,-58.0
1777891078.1483324,0.0,-1.0,-67.0
1777891078.1583323,1.0,2.0,-77.0
1777891078.1693325,1.0,3.0,-76.0
1777891078.1793325,1.0,2.0,-78.0
1777891078.1883323,2.0,-1.0,-84.0
1777891078.1993325,0.0,-3.0,-80.0
1777891078.2093325,-1.0,-1.0,-78.0
1777891078.2193325,0.0,-1.0,-70.0
1777891078.2293324,0.0,-1.0,-69.0
1777891078.2393324,1.0,-4.0,-71.0
1777891078.2493324,9.0,-7.0,-74.0
1777891078.2593324,8.0,-3.0,-76.0
1777891078.2693324,3.0,-2.0,-72.0
1777891078.2793324,0.0,-6.0,-67.0
1777891078.2893324,-2.0,-8.0,-67.0
1777891078.2993324,-2.0,-8.0,-72.0
1777891078.3093324,-2.0,-10.0,-73.0
1777891078.3193324,1.0,-7.0,-81.0
1777891078.3293324,7.0,-7.0,-77.0
1777891078.3393323,4.0,-8.0,-76.0
1777891078.3493323,3.0,-6.0,-68.0
1777891078.3593323,5.0,-5.0,-66.0
1777891078.3693323,6.0,-4.0,-65.0
1777891078.3793323,7.0,-6.0,-64.0
1777891078.3893323,7.0,-5.0,-60.0
1777891078.3993323,4.0,-8.0,-59.0
1777891078.4093325,7.0,-6.0,-66.0
1777891078.4193325,3.0,-5.0,-71.0
1777891078.4293325,3.0,-6.0,-74.0
1777891078.4393325,2.0,-3.0,-70.0
1777891078.4493325,3.0,-4.0,-73.0
1777891078.4593325,4.0,1.0,-67.0
1777891078.4693325,4.0,3.0,-66.0
1777891078.4793324,4.0,6.0,-68.0
1777891078.4893324,0.0,4.0,-71.0
1777891078.4993324,-1.0,1.0,-69.0
1777891078.5093324,0.0,0.0,-66.0
1777891078.5193324,-1.0,4.0,-67.0
1777891078.5293324,-3.0,0.0,-71.0
1777891078.5393324,0.0,0.0,-67.0
1777891078.5493324,-3.0,-1.0,-74.0
1777891078.5593324,-4.0,-3.0,-82.0
1777891078.5693324,-2.0,-7.0,-82.0
1777891078.5793324,0.0,-8.0,-74.0
1777891078.5893323,2.0,-8.0,-80.0
1777891078.5993323,2.0,-7.0,-88.0
1777891078.6093323,5.0,-7.0,-91.0
1777891078.6193323,4.0,-4.0,-88.0
1777891078.6293323,0.0,2.0,-83.0
1777891078.6393323,3.0,0.0,-82.0
1777891078.6493323,6.0,-3.0,-90.0
1777891078.6593325,8.0,-4.0,-80.0
1777891078.6693325,3.0,-3.0,-76.0
1777891078.6793325,3.0,-3.0,-72.0
1777891078.6893325,0.0,-3.0,-67.0
1777891078.6993325,-6.0,0.0,-66.0
1777891078.7093325,-5.0,-4.0,-64.0
1777891078.7193325,-6.0,-9.0,-65.0
1777891078.7293324,-8.0,-7.0,-67.0
1777891078.7393324,-7.0,-6.0,-70.0
1777891078.7493324,-7.0,-6.0,-68.0
1777891078.7593324,-5.0,-6.0,-67.0
1777891078.7693324,-3.0,-2.0,-65.0
1777891078.7793324,2.0,-2.0,-71.0
1777891078.7893324,6.0,0.0,-72.0
1777891078.7993324,8.0,0.0,-70.0
1777891078.8093324,12.0,1.0,-69.0
1777891078.8193324,11.0,0.0,-66.0
1777891078.8293324,8.0,0.0,-66.0
1777891078.8393323,7.0,0.0,-72.0
1777891078.8493323,0.0,0.0,-75.0
1777891078.8593323,-2.0,3.0,-72.0
1777891078.8693323,-1.0,5.0,-69.0
1777891078.8793323,0.0,1.0,-68.0
1777891078.8893323,0.0,4.0,-70.0
1777891078.8993323,0.0,6.0,-69.0
1777891078.9093325,1.0,7.0,-66.0
1777891078.9193325,1.0,7.0,-76.0
1777891078.9293325,4.0,7.0,-71.0
1777891078.9393325,6.0,5.0,-69.0
1777891078.9493325,2.0,9.0,-67.0
1777891078.9593325,4.0,12.0,-69.0
1777891078.9693325,2.0,12.0,-64.0
1777891078.9793324,2.0,8.0,-67.0
1777891078.9893324,3.0,4.0,-68.0
1777891078.9993324,-2.0,5.0,-67.0
1777891079.0093324,0.0,3.0,-67.0
1777891079.0193324,2.0,3.0,-67.0
1777891079.0293324,0.0,1.0,-71.0
1777891079.0393324,-7.0,1.0,-71.0
1777891079.0493324,-2.0,-1.0,-76.0
1777891079.0593324,0.0,0.0,-78.0
1777891079.0693324,2.0,-2.0,-77.0
1777891079.0793324,3.0,-4.0,-80.0
1777891079.0893323,5.0,-6.0,-78.0
1777891079.0993323,4.0,-5.0,-78.0
1777891079.1093323,6.0,-4.0,-75.0
1777891079.1193323,5.0,-5.0,-76.0
1777891079.1293323,5.0,-7.0,-80.0
1777891079.1393323,6.0,-6.0,-82.0
1777891079.1493323,5.0,-8.0,-77.0
1777891079.1593325,4.0,-6.0,-76.0
1777891079.1693325,4.0,-4.0,-77.0
1777891079.1793325,4.0,-1.0,-77.0
1777891079.1893325,0.0,-3.0,-71.0
1777891079.1993325,1.0,0.0,-66.0
1777891079.2093325,0.0,0.0,-70.0
1777891079.2193325,0.0,0.0,-75.0
1777891079.2293324,1.0,-1.0,-70.0
1777891079.2393324,1.0,0.0,-74.0
1777891079.2493324,0.0,0.0,-75.0
1777891079.2593324,4.0,0.0,-76.0
1777891079.2693324,5.0,-4.0,-67.0
1777891079.2793324,4.0,-5.0,-66.0
1777891079.2893324,4.0,-5.0,-73.0
1777891079.2993324,3.0,-2.0,-69.0
1777891079.3093324,0.0,0.0,-66.0
1777891079.3193324,0.0,0.0,-72.0
1777891079.3293324,5.0,0.0,-74.0
1777891079.3393323,5.0,-4.0,-75.0
1777891079.3493323,5.0,-4.0,-75.0
1777891079.3593323,3.0,0.0,-77.0
1777891079.3693323,3.0,-1.0,-82.0
1777891079.3793323,1.0,1.0,-83.0
1777891079.3893323,6.0,1.0,-76.0
1777891079.3993323,9.0,1.0,-73.0
1777891079.4093325,10.0,0.0,-64.0
1777891079.4193325,6.0,-2.0,-61.0
1777891079.4293325,4.0,0.0,-63.0
1777891079.4393325,3.0,0.0,-61.0
1777891079.4493325,0.0,-2.0,-68.0
1777891079.4593325,-2.0,-1.0,-70.0
1777891079.4693325,-4.0,1.0,-70.0
1777891079.4793324,-5.0,1.0,-60.0
1777891079.4893324,-7.0,3.0,-51.0
1777891079.4993324,-4.0,2.0,-55.0
1777891079.5093324,-2.0,0.0,-59.0
1777891079.5193324,-4.0,-1.0,-61.0
1777891079.5293324,-5.0,-3.0,-63.0
1777891079.5393324,-5.0,-2.0,-68.0
1777891079.5493324,-2.0,-3.0,-67.0
1777891079.5593324,1.0,-2.0,-64.0
1777891079.5693324,0.0,-4.0,-64.0
1777891079.5793324,0.0,0.0,-64.0
1777891079.5893323,-2.0,3.0,-68.0
1777891079.5993323,0.0,4.0,-68.0
1777891079.6093323,-2.0,0.0,-73.0
1777891079.6193323,-4.0,1.0,-73.0
1777891079.6293323,-3.0,2.0,-73.0
1777891079.6393323,-4.0,0.0,-74.0
1777891079.6493323,-7.0,0.0,-71.0
1777891079.6593325,-8.0,0.0,-69.0
1777891079.6693325,-8.0,1.0,-70.0
1777891079.6793325,-6.0,0.0,-66.0
1777891079.6893325,-6.0,-5.0,-64.0
1777891079.6993325,-3.0,-1.0,-69.0
1777891079.7093325,0.0,-3.0,-64.0
1777891079.7193325,0.0,-6.0,-67.0
1777891079.7293324,0.0,-7.0,-62.0
1777891079.7393324,0.0,-6.0,-69.0
1777891079.7493324,1.0,-7.0,-65.0
1777891079.7593324,0.0,-8.0,-70.0
1777891079.7693324,-5.0,-7.0,-63.0
1777891079.7793324,2.0,-6.0,-67.0
1777891079.7893324,4.0,-7.0,-66.0
1777891079.7993324,6.0,-5.0,-67.0
1777891079.8093324,3.0,-2.0,-66.0
1777891079.8193324,3.0,0.0,-68.0
1777891079.8293324,4.0,-2.0,-64.0
1777891079.8393323,4.0,0.0,-64.0
1777891079.8493323,4.0,0.0,-68.0
1777891079.8593323,5.0,-4.0,-76.0
1777891079.8693323,10.0,-5.0,-75.0
1777891079.8793323,6.0,-1.0,-75.0
1777891079.8893323,5.0,-3.0,-72.0
1777891079.8993323,4.0,-2.0,-70.0
1777891079.9093325,0.0,-4.0,-76.0
1777891079.9193325,0.0,-2.0,-70.0
1777891079.9293325,0.0,0.0,-69.0
1777891079.9393325,5.0,-1.0,-71.0
1777891079.9493325,3.0,0.0,-72.0
1777891079.9593325,0.0,0.0,-65.0
1777891079.9693325,3.0,1.0,-66.0
1777891079.9793324,6.0,0.0,-67.0
1777891079.9893324,11.0,0.0,-76.0
1777891079.9993324,12.0,0.0,-76.0
1777891080.0093324,11.0,0.0,-77.0
1777891080.0193324,11.0,-1.0,-74.0
1777891080.0293324,10.0,5.0,-75.0
1777891080.0393324,10.0,5.0,-79.0
1777891080.0493324,8.0,4.0,-88.0
1777891080.0593324,3.0,5.0,-85.0
1777891080.0693324,-2.0,8.0,-77.0
1777891080.0793324,-1.0,8.0,-77.0
1777891080.0893323,-2.0,0.0,-79.0
1777891080.0993323,-2.0,0.0,-80.0
1777891080.1093323,-1.0,0.0,-73.0
1777891080.1193323,-2.0,0.0,-78.0
1777891080.1293323,-3.0,-2.0,-76.0
1777891080.1393323,0.0,1.0,-75.0
1777891080.1493323,5.0,3.0,-76.0
1777891080.1603324,0.0,1.0,-78.0
1777891080.1703324,0.0,-1.0,-78.0
1777891080.1803324,3.0,-3.0,-78.0
1777891080.1903324,0.0,-6.0,-77.0
1777891080.2003324,0.0,-7.0,-78.0
1777891080.2103324,-2.0,-5.0,-75.0
1777891080.2203324,0.0,-6.0,-82.0
1777891080.2303324,-2.0,-5.0,-76.0
1777891080.2403324,-3.0,0.0,-76.0
1777891080.2503324,-7.0,0.0,-75.0
1777891080.2603323,-8.0,0.0,-74.0
1777891080.2703323,-5.0,0.0,-70.0
1777891080.2803323,-4.0,0.0,-69.0
1777891080.2903323,-1.0,0.0,-71.0
1777891080.3003323,0.0,-2.0,-77.0
1777891080.3103323,6.0,0.0,-78.0
1777891080.3203323,5.0,2.0,-72.0
1777891080.3303325,0.0,6.0,-72.0
1777891080.3403325,0.0,3.0,-77.0
1777891080.3503325,2.0,5.0,-77.0
1777891080.3603325,2.0,0.0,-80.0
1777891080.3703325,0.0,-6.0,-72.0
1777891080.3803325,0.0,-6.0,-75.0
1777891080.3903325,-1.0,-9.0,-79.0
1777891080.4003325,-1.0,-5.0,-71.0
1777891080.4103324,-5.0,-4.0,-67.0
1777891080.4203324,-4.0,-9.0,-59.0
1777891080.4303324,-3.0,-7.0,-64.0
1777891080.4403324,-6.0,-5.0,-63.0
1777891080.4503324,-8.0,-6.0,-68.0
1777891080.4603324,-7.0,-2.0,-76.0
1777891080.4703324,-4.0,-6.0,-73.0
1777891080.4803324,1.0,-5.0,-80.0
1777891080.4903324,2.0,-9.0,-81.0
1777891080.5003324,-1.0,-11.0,-78.0
1777891080.5103323,-2.0,-11.0,-67.0
1777891080.5203323,1.0,-10.0,-69.0
1777891080.5303323,0.0,-12.0,-70.0
1777891080.5403323,0.0,-5.0,-70.0
1777891080.5503323,-2.0,-5.0,-66.0
1777891080.5603323,-3.0,-4.0,-67.0
1777891080.5703323,-4.0,-2.0,-61.0
1777891080.5803325,-3.0,0.0,-62.0
1777891080.5903325,-4.0,-1.0,-63.0
1777891080.6003325,-2.0,-3.0,-69.0
1777891080.6103325,2.0,2.0,-78.0
1777891080.6203325,5.0,4.0,-78.0
1777891080.6303325,3.0,3.0,-73.0
1777891080.6403325,4.0,4.0,-67.0
1777891080.6503325,5.0,0.0,-67.0
1777891080.6603324,4.0,-4.0,-66.0
1777891080.6703324,7.0,-1.0,-63.0
1777891080.6803324,1.0,3.0,-63.0
1777891080.6903324,0.0,2.0,-71.0
1777891080.7003324,2.0,1.0,-72.0
1777891080.7103324,5.0,1.0,-70.0
1777891080.7203324,1.0,0.0,-65.0
1777891080.7303324,-3.0,3.0,-64.0
1777891080.7403324,-6.0,6.0,-64.0
1777891080.7503324,-7.0,7.0,-61.0
1777891080.7603323,-4.0,4.0,-58.0
1777891080.7703323,-4.0,1.0,-59.0
1777891080.7803323,-5.0,5.0,-67.0
1777891080.7903323,-7.0,6.0,-59.0
1777891080.8003323,-6.0,4.0,-59.0
1777891080.8103323,-5.0,0.0,-60.0
1777891080.8203323,-6.0,0.0,-57.0
1777891080.8303325,-8.0,2.0,-67.0
1777891080.8403325,-9.0,7.0,-69.0
1777891080.8503325,-4.0,5.0,-74.0
1777891080.8603325,-1.0,7.0,-72.0
1777891080.8703325,0.0,6.0,-70.0
1777891080.8803325,0.0,9.0,-62.0
1777891080.8903325,4.0,9.0,-70.0
1777891080.9003325,4.0,8.0,-67.0
1777891080.9103324,2.0,3.0,-67.0
1777891080.9203324,-1.0,0.0,-64.0
1777891080.9303324,-3.0,-1.0,-61.0
1777891080.9403324,-4.0,-1.0,-66.0
1777891080.9503324,1.0,-3.0,-69.0
1777891080.9603324,0.0,-1.0,-69.0
1777891080.9703324,2.0,-3.0,-71.0
1777891080.9803324,0.0,-3.0,-73.0
1777891080.9903324,2.0,-3.0,-68.0
1777891081.0003324,0.0,-2.0,-72.0
1777891081.0103323,-2.0,-1.0,-75.0
1777891081.0203323,-2.0,-2.0,-80.0
1777891081.0303323,-1.0,1.0,-84.0
1777891081.0403323,-1.0,-3.0,-81.0
1777891081.0503323,-2.0,-2.0,-75.0
1777891081.0603323,-1.0,-4.0,-71.0
1777891081.0703323,-1.0,-5.0,-75.0
1777891081.0803325,2.0,-4.0,-81.0
1777891081.0903325,3.0,-6.0,-76.0
1777891081.1003325,2.0,-2.0,-74.0
1777891081.1103325,2.0,-3.0,-70.0
1777891081.1203325,3.0,-5.0,-70.0
1777891081.1303325,6.0,-3.0,-72.0
1777891081.1403325,7.0,1.0,-72.0
1777891081.1503325,8.0,1.0,-75.0
1777891081.1603324,7.0,3.0,-71.0
1777891081.1703324,5.0,6.0,-74.0
1777891081.1803324,2.0,5.0,-76.0
1777891081.1903324,0.0,3.0,-81.0
1777891081.2003324,-3.0,0.0,-84.0
1777891081.2103324,-1.0,1.0,-75.0
1777891081.2203324,-5.0,1.0,-72.0
1777891081.2303324,-8.0,1.0,-76.0
1777891081.2403324,-8.0,0.0,-77.0
1777891081.2503324,-6.0,0.0,-74.0
1777891081.2603323,-8.0,-2.0,-71.0
1777891081.2703323,-8.0,-3.0,-68.0
1777891081.2803323,-6.0,-4.0,-66.0
1777891081.2903323,-6.0,-10.0,-67.0
1777891081.3003323,-7.0,-9.0,-75.0
1777891081.3103323,-4.0,-8.0,-68.0
1777891081.3203323,-1.0,-3.0,-60.0
1777891081.3303325,-2.0,4.0,-59.0
1777891081.3403325,-4.0,5.0,-57.0
1777891081.3503325,0.0,4.0,-58.0
1777891081.3603325,0.0,3.0,-63.0
1777891081.3703325,-2.0,3.0,-70.0
1777891081.3803325,0.0,7.0,-70.0
1777891081.3903325,0.0,5.0,-74.0
1777891081.4003325,1.0,2.0,-60.0
1777891081.4103324,0.0,3.0,-59.0
1777891081.4203324,1.0,1.0,-62.0
1777891081.4303324,-3.0,1.0,-65.0
1777891081.4403324,-3.0,2.0,-65.0
1777891081.4503324,3.0,-3.0,-62.0
1777891081.4603324,5.0,-5.0,-69.0
1777891081.4703324,1.0,-8.0,-71.0
1777891081.4803324,1.0,-8.0,-77.0
1777891081.4903324,3.0,-9.0,-77.0
1777891081.5003324,4.0,-8.0,-76.0
1777891081.5103323,6.0,-8.0,-74.0
1777891081.5203323,6.0,-8.0,-78.0
1777891081.5303323,4.0,-4.0,-79.0
1777891081.5403323,4.0,-6.0,-73.0
1777891081.5503323,0.0,-3.0,-74.0
1777891081.5603323,0.0,0.0,-75.0
1777891081.5703323,0.0,0.0,-73.0
1777891081.5803325,-2.0,0.0,-80.0
1777891081.5903325,-1.0,1.0,-86.0
1777891081.6003325,0.0,-1.0,-80.0
1777891081.6103325,2.0,-2.0,-79.0
1777891081.6203325,1.0,2.0,-79.0
1777891081.6303325,3.0,-2.0,-76.0
1777891081.6403325,5.0,-2.0,-77.0
1777891081.6503325,0.0,-1.0,-72.0
1777891081.6603324,0.0,-1.0,-74.0
1777891081.6703324,1.0,-1.0,-76.0
1777891081.6803324,1.0,-1.0,-72.0
1777891081.6903324,0.0,-2.0,-69.0
1777891081.7003324,3.0,-3.0,-65.0
1777891081.7103324,1.0,1.0,-68.0
1777891081.7203324,0.0,0.0,-68.0
1777891081.7303324,-2.0,0.0,-73.0
1777891081.7403324,-4.0,-1.0,-69.0
1777891081.7503324,0.0,-4.0,-59.0
1777891081.7603323,4.0,-4.0,-57.0
1777891081.7703323,1.0,-4.0,-59.0
1777891081.7803323,5.0,0.0,-66.0
1777891081.7903323,5.0,0.0,-66.0
1777891081.8003323,2.0,3.0,-67.0
1777891081.8103323,0.0,1.0,-66.0
1777891081.8203323,0.0,0.0,-72.0
1777891081.8303325,3.0,-1.0,-75.0
1777891081.8403325,1.0,2.0,-75.0
1777891081.8503325,1.0,1.0,-71.0
1777891081.8603325,3.0,0.0,-66.0
1777891081.8703325,8.0,3.0,-67.0
1777891081.8803325,4.0,-1.0,-73.0
1777891081.8903325,3.0,-3.0,-72.0
1777891081.9003325,4.0,-2.0,-77.0
1777891081.9103324,5.0,0.0,-78.0
1777891081.9203324,6.0,-2.0,-76.0
1777891081.9303324,2.0,-1.0,-73.0
1777891081.9403324,0.0,-2.0,-74.0
1777891081.9503324,-4.0,-1.0,-81.0
1777891081.9603324,-5.0,-5.0,-84.0
1777891081.9703324,-6.0,-4.0,-87.0
1777891081.9803324,-1.0,-2.0,-82.0
1777891081.9903324,-2.0,-1.0,-78.0
1777891082.0003324,-5.0,-1.0,-76.0
1777891082.0103323,-6.0,-3.0,-74.0
1777891082.0203323,-2.0,-1.0,-71.0
1777891082.0303323,-4.0,-2.0,-71.0
1777891082.0403323,-4.0,-3.0,-69.0
1777891082.0503323,-3.0,1.0,-65.0
1777891082.0603323,-2.0,0.0,-64.0
1777891082.0703323,-4.0,0.0,-58.0
1777891082.0803325,-2.0,0.0,-63.0
1777891082.0903325,-4.0,0.0,-64.0
1777891082.1013324,-2.0,0.0,-65.0
1777891082.1113324,-5.0,2.0,-69.0
1777891082.1203325,-10.0,1.0,-70.0
1777891082.1303325,-5.0,2.0,-73.0
1777891082.1413324,0.0,0.0,-75.0
1777891082.1513324,-2.0,-2.0,-73.0
1777891082.1613324,0.0,0.0,-78.0
1777891082.1713324,-1.0,-3.0,-78.0
1777891082.1813323,0.0,-8.0,-80.0
1777891082.1913323,2.0,-10.0,-76.0
1777891082.2013323,1.0,-9.0,-74.0
1777891082.2113323,-4.0,-8.0,-75.0
1777891082.2213323,-5.0,-2.0,-78.0
1777891082.2313323,-1.0,0.0,-81.0
1777891082.2413323,-1.0,-4.0,-79.0
1777891082.2513323,-2.0,-5.0,-73.0
1777891082.2613325,-7.0,-4.0,-71.0
1777891082.2713325,-10.0,-1.0,-73.0
1777891082.2813325,-4.0,1.0,-69.0
1777891082.2913325,0.0,3.0,-66.0
1777891082.3013325,1.0,4.0,-68.0
1777891082.3113325,-1.0,4.0,-68.0
1777891082.3213325,0.0,-1.0,-74.0
1777891082.3313324,0.0,0.0,-75.0
1777891082.3413324,-1.0,0.0,-76.0
1777891082.3513324,-2.0,-6.0,-75.0
1777891082.3613324,-4.0,-9.0,-83.0
1777891082.3713324,-2.0,-11.0,-83.0
1777891082.3813324,0.0,-10.0,-79.0
1777891082.3913324,-1.0,-6.0,-78.0
1777891082.4013324,1.0,-2.0,-78.0
1777891082.4113324,0.0,2.0,-69.0
1777891082.4213324,-4.0,0.0,-65.0
1777891082.4313323,-6.0,2.0,-66.0
1777891082.4413323,0.0,3.0,-63.0
1777891082.4513323,0.0,4.0,-67.0
1777891082.4613323,4.0,4.0,-69.0
1777891082.4713323,6.0,8.0,-64.0
1777891082.4813323,5.0,7.0,-67.0
1777891082.4913323,3.0,6.0,-65.0
1777891082.5013323,1.0,5.0,-63.0
1777891082.5113325,2.0,4.0,-64.0
1777891082.5213325,0.0,2.0,-67.0
1777891082.5313325,1.0,5.0,-68.0
1777891082.5413325,4.0,4.0,-69.0
1777891082.5513325,5.0,0.0,-72.0
1777891082.5613325,7.0,-3.0,-74.0
1777891082.5713325,4.0,3.0,-79.0
1777891082.5813324,3.0,5.0,-78.0
1777891082.5913324,3.0,6.0,-77.0
1777891082.6013324,0.0,3.0,-77.0
1777891082.6113324,0.0,0.0,-77.0
1777891082.6213324,-6.0,-2.0,-75.0
1777891082.6313324,-4.0,-2.0,-72.0
1777891082.6413324,-3.0,0.0,-72.0
1777891082.6513324,-3.0,0.0,-77.0
1777891082.6613324,-3.0,0.0,-77.0
1777891082.6713324,-5.0,-1.0,-78.0
1777891082.6813323,-6.0,-3.0,-74.0
1777891082.6913323,-6.0,-1.0,-74.0
1777891082.7013323,-4.0,1.0,-76.0
1777891082.7113323,-8.0,2.0,-78.0
1777891082.7213323,-10.0,0.0,-74.0
1777891082.7313323,-5.0,0.0,-70.0
1777891082.7413323,-4.0,0.0,-76.0
1777891082.7513323,0.0,-4.0,-74.0
1777891082.7613325,-1.0,-6.0,-73.0
1777891082.7713325,-1.0,-5.0,-68.0
1777891082.7813325,1.0,-5.0,-65.0
1777891082.7913325,1.0,-1.0,-67.0
1777891082.8013325,0.0,0.0,-75.0
1777891082.8113325,0.0,0.0,-75.0
1777891082.8213325,0.0,-1.0,-81.0
1777891082.8313324,3.0,-3.0,-79.0
1777891082.8413324,6.0,-6.0,-77.0
1777891082.8513324,6.0,-4.0,-83.0
1777891082.8613324,6.0,-2.0,-81.0
1777891082.8713324,4.0,1.0,-83.0
1777891082.8813324,3.0,0.0,-87.0
1777891082.8913324,0.0,-3.0,-82.0
1777891082.9013324,3.0,-4.0,-77.0
1777891082.9113324,2.0,-7.0,-77.0
1777891082.9213324,2.0,-6.0,-72.0
1777891082.9313323,6.0,-6.0,-75.0
1777891082.9413323,6.0,-4.0,-77.0
1777891082.9513323,6.0,0.0,-69.0
1777891082.9613323,6.0,0.0,-71.0
1777891082.9713323,0.0,0.0,-73.0
1777891082.9813323,-2.0,-1.0,-68.0
1777891082.9913323,-1.0,-1.0,-66.0
1777891083.0013323,-4.0,0.0,-75.0
1777891083.0113325,0.0,-2.0,-86.0
1777891083.0213325,-1.0,-1.0,-82.0
1777891083.0313325,1.0,1.0,-78.0
1777891083.0413325,0.0,1.0,-72.0
1777891083.0513325,-2.0,-3.0,-68.0
1777891083.0613325,0.0,-6.0,-69.0
1777891083.0713325,-2.0,-3.0,-73.0
1777891083.0813324,-1.0,-4.0,-72.0
1777891083.0913324,0.0,-2.0,-72.0
1777891083.1013324,3.0,-1.0,-76.0
1777891083.1113324,4.0,-2.0,-80.0
1777891083.1213324,1.0,-2.0,-81.0
1777891083.1313324,4.0,-3.0,-80.0
1777891083.1413324,5.0,0.0,-79.0
1777891083.1513324,3.0,1.0,-79.0
1777891083.1613324,-1.0,-5.0,-81.0
1777891083.1713324,0.0,-6.0,-84.0
1777891083.1813323,0.0,-7.0,-90.0
1777891083.1913323,5.0,-4.0,-84.0
1777891083.2013323,8.0,-6.0,-80.0
1777891083.2113323,4.0,-6.0,-77.0
1777891083.2213323,5.0,-2.0,-76.0
1777891083.2313323,2.0,0.0,-75.0
1777891083.2413323,-2.0,0.0,-71.0
1777891083.2513323,-4.0,-2.0,-72.0
1777891083.2613325,-3.0,-1.0,-68.0
1777891083.2713325,-2.0,3.0,-70.0
1777891083.2813325,-3.0,3.0,-73.0
1777891083.2913325,2.0,2.0,-73.0
1777891083.3013325,1.0,0.0,-75.0
1777891083.3113325,1.0,3.0,-75.0
1777891083.3213325,2.0,3.0,-76.0
1777891083.3313324,1.0,0.0,-71.0
1777891083.3413324,4.0,-3.0,-65.0
1777891083.3513324,3.0,-6.0,-71.0
1777891083.3613324,8.0,-4.0,-75.0
1777891083.3713324,7.0,-6.0,-76.0
1777891083.3813324,7.0,-4.0,-78.0
1777891083.3913324,2.0,-4.0,-76.0
1777891083.4013324,0.0,-1.0,-73.0
1777891083.4113324,-1.0,0.0,-73.0
1777891083.4213324,-1.0,-1.0,-71.0
1777891083.4313323,0.0,-3.0,-73.0
1777891083.4413323,0.0,-3.0,-75.0
1777891083.4513323,1.0,-7.0,-77.0
1777891083.4613323,6.0,-2.0,-78.0
1777891083.4713323,5.0,-1.0,-88.0
1777891083.4813323,6.0,0.0,-82.0
1777891083.4913323,4.0,-1.0,-78.0
1777891083.5013323,8.0,-3.0,-73.0
1777891083.5113325,9.0,-4.0,-71.0
1777891083.5213325,6.0,-3.0,-74.0
1777891083.5313325,2.0,-3.0,-84.0
1777891083.5413325,-1.0,-2.0,-82.0
1777891083.5513325,-4.0,-4.0,-76.0
1777891083.5613325,2.0,-5.0,-72.0
1777891083.5713325,2.0,-6.0,-70.0
1777891083.5813324,0.0,-6.0,-74.0
1777891083.5913324,5.0,-3.0,-81.0
1777891083.6013324,4.0,-1.0,-76.0
1777891083.6113324,1.0,-5.0,-74.0
1777891083.6213324,0.0,-4.0,-70.0
1777891083.6323323,-1.0,0.0,-72.0
1777891083.6413324,-1.0,0.0,-74.0
1777891083.6513324,-3.0,-4.0,-72.0
1777891083.6613324,0.0,0.0,-74.0
1777891083.6713324,0.0,2.0,-72.0
1777891083.6813323,-4.0,2.0,-75.0
1777891083.6913323,-9.0,0.0,-76.0
1777891083.7013323,-10.0,2.0,-77.0
1777891083.7113323,-11.0,1.0,-79.0
1777891083.7213323,-8.0,-2.0,-77.0
1777891083.7313323,-5.0,1.0,-71.0
1777891083.7413323,-4.0,0.0,-66.0
1777891083.7513323,-9.0,-3.0,-65.0
1777891083.7613325,-10.0,0.0,-68.0
1777891083.7713325,-10.0,1.0,-72.0
1777891083.7813325,-10.0,1.0,-78.0
1777891083.7913325,-5.0,-1.0,-74.0
1777891083.8013325,-4.0,0.0,-71.0
1777891083.8113325,-1.0,-3.0,-70.0
1777891083.8213325,-3.0,1.0,-63.0
1777891083.8313324,-4.0,2.0,-57.0
1777891083.8413324,1.0,0.0,-62.0
1777891083.8513324,8.0,1.0,-68.0
1777891083.8613324,4.0,2.0,-71.0
1777891083.8713324,2.0,4.0,-70.0
1777891083.8813324,2.0,2.0,-66.0
1777891083.8913324,6.0,3.0,-60.0
1777891083.9013324,3.0,0.0,-70.0
1777891083.9113324,0.0,3.0,-72.0
1777891083.9213324,0.0,5.0,-75.0
1777891083.9313323,3.0,2.0,-76.0
1777891083.9413323,7.0,-1.0,-69.0
1777891083.9513323,10.0,-3.0,-70.0
1777891083.9613323,13.0,-5.0,-67.0
1777891083.9713323,9.0,-5.0,-70.0
1777891083.9813323,11.0,-6.0,-66.0
1777891083.9913323,10.0,-6.0,-65.0
1777891084.0013323,9.0,-5.0,-66.0
1777891084.0113325,7.0,-9.0,-68.0
1777891084.0213325,6.0,-8.0,-73.0
1777891084.0313325,1.0,-6.0,-71.0
1777891084.0413325,0.0,-4.0,-65.0
1777891084.0513325,0.0,-3.0,-64.0
1777891084.0613325,-4.0,-2.0,-70.0
1777891084.0713325,-1.0,0.0,-70.0
1777891084.0813324,0.0,0.0,-77.0
1777891084.0913324,0.0,0.0,-73.0
1777891084.1013324,-2.0,3.0,-71.0
1777891084.1113324,-1.0,3.0,-68.0
1777891084.1213324,-6.0,1.0,-69.0
1777891084.1313324,-6.0,0.0,-78.0
1777891084.1423323,-2.0,-1.0,-80.0
1777891084.1523323,-1.0,1.0,-81.0
1777891084.1623323,0.0,0.0,-75.0
1777891084.1723323,2.0,2.0,-70.0
1777891084.1823325,4.0,1.0,-73.0
1777891084.1923325,7.0,0.0,-78.0
1777891084.2023325,7.0,0.0,-83.0
1777891084.2133324,4.0,-1.0,-83.0
1777891084.2223325,7.0,0.0,-86.0
1777891084.2323325,8.0,-1.0,-80.0
1777891084.2423325,6.0,-2.0,-78.0
1777891084.2523324,14.0,-2.0,-81.0
1777891084.2623324,10.0,-5.0,-86.0
1777891084.2723324,3.0,-3.0,-80.0
1777891084.2823324,2.0,-8.0,-78.0
1777891084.2923324,5.0,-8.0,-68.0
1777891084.3023324,4.0,-6.0,-70.0
1777891084.3123324,6.0,-5.0,-72.0
1777891084.3223324,4.0,-2.0,-74.0
1777891084.3323324,5.0,0.0,-75.0
1777891084.3423324,6.0,0.0,-74.0
1777891084.3523324,2.0,0.0,-79.0
1777891084.3623323,0.0,-3.0,-81.0
1777891084.3723323,0.0,0.0,-76.0
1777891084.3823323,0.0,-2.0,-82.0
1777891084.3923323,0.0,-1.0,-71.0
1777891084.4023323,-5.0,0.0,-66.0
1777891084.4123323,-6.0,-1.0,-70.0
1777891084.4223323,-8.0,-1.0,-71.0
1777891084.4323325,-2.0,-3.0,-69.0
1777891084.4423325,-1.0,-2.0,-64.0
1777891084.4523325,0.0,0.0,-70.0
1777891084.4623325,-1.0,-2.0,-73.0
1777891084.4723325,-3.0,-2.0,-78.0
1777891084.4823325,0.0,-2.0,-74.0
1777891084.4923325,4.0,-3.0,-73.0
1777891084.5023324,4.0,-4.0,-69.0
1777891084.5123324,4.0,-5.0,-66.0
1777891084.5223324,2.0,-8.0,-72.0
1777891084.5323324,0.0,-7.0,-69.0
1777891084.5423324,2.0,-6.0,-67.0
1777891084.5523324,5.0,-7.0,-64.0
1777891084.5623324,-1.0,-7.0,-63.0
1777891084.5723324,-3.0,-7.0,-65.0
1777891084.5823324,-3.0,-6.0,-71.0
1777891084.5923324,-6.0,-3.0,-74.0
1777891084.6023324,-5.0,-5.0,-71.0
1777891084.6123323,-4.0,-3.0,-72.0
1777891084.6223323,-5.0,-5.0,-73.0
1777891084.6323323,-1.0,-5.0,-75.0
1777891084.6423323,-4.0,-8.0,-75.0
1777891084.6523323,-3.0,-4.0,-68.0
1777891084.6623323,0.0,-4.0,-67.0
1777891084.6723323,0.0,-3.0,-64.0
1777891084.6823325,2.0,-6.0,-64.0
1777891084.6923325,7.0,-9.0,-64.0
1777891084.7023325,12.0,-10.0,-66.0
1777891084.7123325,12.0,-8.0,-71.0
1777891084.7223325,7.0,-4.0,-75.0
1777891084.7323325,6.0,-4.0,-70.0
1777891084.7423325,3.0,-4.0,-78.0
1777891084.7523324,2.0,3.0,-85.0
1777891084.7623324,3.0,0.0,-84.0
1777891084.7723324,2.0,-1.0,-86.0
1777891084.7823324,4.0,-4.0,-84.0
1777891084.7923324,6.0,-6.0,-80.0
1777891084.8023324,3.0,-3.0,-81.0
1777891084.8123324,7.0,2.0,-76.0
1777891084.8223324,2.0,3.0,-76.0
1777891084.8323324,-1.0,0.0,-72.0
1777891084.8423324,-3.0,0.0,-70.0
1777891084.8523324,-1.0,-5.0,-71.0
1777891084.8623323,0.0,0.0,-68.0
1777891084.8723323,-4.0,0.0,-68.0
1777891084.8823323,-2.0,-5.0,-69.0
1777891084.8923323,0.0,-3.0,-72.0
1777891084.9023323,-1.0,-3.0,-82.0
1777891084.9123323,3.0,-3.0,-80.0
1777891084.9223323,4.0,-4.0,-74.0
1777891084.9323325,6.0,-7.0,-69.0
1777891084.9423325,6.0,-5.0,-66.0
1777891084.9523325,8.0,-2.0,-66.0
1777891084.9623325,8.0,0.0,-71.0
1777891084.9723325,4.0,-2.0,-71.0
1777891084.9823325,2.0,-3.0,-70.0
1777891084.9923325,3.0,-7.0,-77.0
1777891085.0023324,4.0,-5.0,-77.0
1777891085.0123324,3.0,-4.0,-78.0
1777891085.0223324,5.0,-3.0,-83.0
1777891085.0323324,2.0,-4.0,-85.0
1777891085.0423324,3.0,-4.0,-87.0
1777891085.0523324,1.0,0.0,-80.0
1777891085.0623324,3.0,3.0,-72.0
1777891085.0723324,2.0,0.0,-68.0
1777891085.0823324,5.0,-2.0,-62.0
1777891085.0923324,9.0,0.0,-54.0
1777891085.1023324,9.0,1.0,-51.0
1777891085.1123323,6.0,2.0,-54.0
1777891085.1223323,5.0,0.0,-58.0
1777891085.1323323,12.0,-4.0,-64.0
1777891085.1423323,7.0,-4.0,-69.0
1777891085.1523323,5.0,-4.0,-66.0
1777891085.1623323,4.0,-3.0,-68.0
1777891085.1723323,3.0,-3.0,-68.0
1777891085.1823325,2.0,-2.0,-66.0
1777891085.1923325,7.0,-1.0,-67.0
1777891085.2023325,8.0,-2.0,-65.0
1777891085.2123325,12.0,-8.0,-68.0
1777891085.2223325,12.0,-7.0,-65.0
1777891085.2323325,9.0,-6.0,-70.0
1777891085.2423325,9.0,0.0,-71.0
1777891085.2523324,7.0,0.0,-70.0
1777891085.2623324,6.0,-3.0,-70.0
1777891085.2723324,8.0,-4.0,-73.0
1777891085.2823324,3.0,-2.0,-72.0
1777891085.2923324,2.0,0.0,-75.0
1777891085.3023324,4.0,0.0,-77.0
1777891085.3123324,2.0,0.0,-74.0
1777891085.3223324,-2.0,-1.0,-71.0
1777891085.3323324,-4.0,0.0,-75.0
1777891085.3423324,0.0,-5.0,-72.0
1777891085.3523324,3.0,-5.0,-76.0
1777891085.3623323,1.0,-2.0,-79.0
1777891085.3723323,4.0,-1.0,-85.0
1777891085.3823323,0.0,0.0,-82.0
1777891085.3923323,-2.0,-5.0,-86.0
1777891085.4023323,-3.0,-4.0,-86.0
1777891085.4123323,-5.0,0.0,-82.0
1777891085.4223323,-5.0,-2.0,-75.0
1777891085.4323325,-4.0,-3.0,-70.0
1777891085.4423325,-2.0,-5.0,-73.0
1777891085.4523325,-1.0,-4.0,-74.0
1777891085.4623325,-3.0,-1.0,-71.0
1777891085.4723325,0.0,-4.0,-73.0
1777891085.4823325,-1.0,-5.0,-75.0
1777891085.4923325,0.0,-3.0,-79.0
1777891085.5023324,0.0,-2.0,-77.0
1777891085.5123324,1.0,3.0,-75.0
1777891085.5223324,2.0,1.0,-72.0
1777891085.5323324,2.0,0.0,-72.0
1777891085.5423324,0.0,3.0,-68.0
1777891085.5523324,0.0,0.0,-69.0
1777891085.5623324,3.0,0.0,-75.0
1777891085.5723324,3.0,0.0,-73.0
1777891085.5823324,0.0,-3.0,-76.0
1777891085.5923324,2.0,1.0,-78.0
1777891085.6023324,-2.0,0.0,-79.0
1777891085.6123323,-6.0,0.0,-73.0
1777891085.6223323,-5.0,0.0,-72.0
1777891085.6323323,-4.0,-6.0,-69.0
1777891085.6423323,1.0,-7.0,-69.0
1777891085.6523323,1.0,-6.0,-76.0
1777891085.6623323,6.0,-3.0,-76.0
1777891085.6723323,5.0,-3.0,-72.0
1777891085.6823325,2.0,-4.0,-76.0
1777891085.6923325,4.0,-1.0,-76.0
1777891085.7023325,5.0,0.0,-73.0
1777891085.7123325,5.0,1.0,-74.0
1777891085.7223325,2.0,2.0,-76.0
1777891085.7323325,1.0,3.0,-73.0
1777891085.7423325,-2.0,-2.0,-69.0
1777891085.7523324,-3.0,-4.0,-73.0
1777891085.7623324,-6.0,-1.0,-67.0
1777891085.7723324,-7.0,-3.0,-66.0
1777891085.7823324,-8.0,-2.0,-69.0
1777891085.7923324,-4.0,-2.0,-67.0
1777891085.8023324,-6.0,0.0,-66.0
1777891085.8123324,-2.0,0.0,-68.0
1777891085.8223324,0.0,2.0,-69.0
1777891085.8323324,-1.0,-2.0,-73.0
1777891085.8423324,-3.0,-4.0,-75.0
1777891085.8523324,-2.0,-5.0,-72.0
1777891085.8623323,-3.0,-8.0,-71.0
1777891085.8723323,-4.0,-7.0,-71.0
1777891085.8823323,-4.0,-2.0,-67.0
1777891085.8923323,-7.0,0.0,-73.0
1777891085.9023323,-10.0,0.0,-66.0
1777891085.9123323,-8.0,0.0,-66.0
1777891085.9223323,-6.0,0.0,-71.0
1777891085.9323325,-3.0,-1.0,-73.0
1777891085.9423325,4.0,-4.0,-85.0
1777891085.9523325,9.0,-3.0,-84.0
1777891085.9623325,3.0,1.0,-79.0
1777891085.9723325,0.0,0.0,-75.0
1777891085.9823325,0.0,-2.0,-77.0
1777891085.9923325,2.0,-2.0,-85.0
1777891086.0023324,-1.0,-4.0,-84.0
1777891086.0123324,-7.0,-3.0,-86.0
1777891086.0223324,-7.0,-5.0,-87.0
1777891086.0323324,-5.0,-3.0,-87.0
1777891086.0423324,-3.0,-2.0,-86.0
1777891086.0523324,0.0,-2.0,-87.0
1777891086.0633323,-2.0,-1.0,-83.0
1777891086.0723324,-3.0,-4.0,-83.0
1777891086.0823324,1.0,0.0,-81.0
1777891086.0923324,0.0,9.0,-74.0
1777891086.1023324,-4.0,4.0,-73.0
1777891086.1123323,-2.0,3.0,-75.0
1777891086.1233325,0.0,6.0,-71.0
1777891086.1333325,4.0,5.0,-70.0
1777891086.1433325,7.0,0.0,-74.0
1777891086.1533325,8.0,1.0,-78.0
1777891086.1633325,3.0,1.0,-80.0
1777891086.1733325,3.0,0.0,-82.0
1777891086.1833324,3.0,0.0,-79.0
1777891086.1933324,1.0,1.0,-79.0
1777891086.2033324,0.0,-3.0,-79.0
1777891086.2133324,-3.0,-6.0,-76.0
1777891086.2233324,-3.0,-7.0,-72.0
1777891086.2333324,-7.0,-5.0,-67.0
1777891086.2433324,-5.0,-2.0,-72.0
1777891086.2533324,-3.0,-2.0,-75.0
1777891086.2633324,-2.0,-1.0,-71.0
1777891086.2733324,0.0,0.0,-75.0
1777891086.2833323,0.0,1.0,-76.0
1777891086.2933323,-2.0,-1.0,-76.0
1777891086.3033323,0.0,-1.0,-79.0
1777891086.3133323,3.0,1.0,-82.0
1777891086.3233323,5.0,1.0,-78.0
1777891086.3333323,5.0,0.0,-76.0
1777891086.3433323,7.0,0.0,-74.0
1777891086.3533323,3.0,-3.0,-74.0
1777891086.3633325,0.0,-3.0,-78.0
1777891086.3733325,-4.0,0.0,-80.0
1777891086.3833325,0.0,-1.0,-71.0
1777891086.3933325,0.0,0.0,-63.0
1777891086.4033325,-3.0,0.0,-63.0
1777891086.4133325,-2.0,0.0,-70.0
1777891086.4233325,-3.0,0.0,-73.0
1777891086.4333324,-5.0,0.0,-68.0
1777891086.4433324,-6.0,-1.0,-63.0
1777891086.4533324,-3.0,-4.0,-62.0
1777891086.4633324,-3.0,-6.0,-61.0
1777891086.4733324,-3.0,-10.0,-62.0
1777891086.4833324,0.0,-11.0,-67.0
1777891086.4933324,-1.0,-9.0,-62.0
1777891086.5033324,0.0,-5.0,-53.0
1777891086.5133324,-3.0,-3.0,-56.0
1777891086.5233324,0.0,0.0,-60.0
1777891086.5333323,3.0,0.0,-60.0
1777891086.5433323,8.0,0.0,-65.0
1777891086.5533323,7.0,-1.0,-65.0
1777891086.5633323,3.0,0.0,-66.0
1777891086.5733323,4.0,-4.0,-72.0
1777891086.5833323,0.0,-6.0,-72.0
1777891086.5933323,1.0,0.0,-75.0
1777891086.6033323,0.0,-2.0,-78.0
1777891086.6133325,-4.0,-7.0,-82.0
1777891086.6233325,-3.0,-9.0,-79.0
1777891086.6333325,-3.0,-8.0,-75.0
1777891086.6433325,0.0,-3.0,-73.0
1777891086.6533325,2.0,-4.0,-74.0
1777891086.6633325,6.0,-4.0,-70.0
1777891086.6733325,0.0,-7.0,-69.0
1777891086.6833324,0.0,-5.0,-70.0
1777891086.6933324,-1.0,-2.0,-67.0
1777891086.7033324,2.0,-1.0,-63.0
1777891086.7133324,5.0,5.0,-63.0
1777891086.7233324,5.0,2.0,-68.0
1777891086.7333324,5.0,2.0,-73.0
1777891086.7433324,3.0,1.0,-73.0
1777891086.7533324,-2.0,3.0,-77.0
1777891086.7633324,-5.0,3.0,-75.0
1777891086.7733324,-6.0,4.0,-75.0
1777891086.7833323,-8.0,2.0,-72.0
1777891086.7933323,-5.0,1.0,-73.0
1777891086.8033323,-5.0,-2.0,-78.0
1777891086.8133323,-6.0,-2.0,-77.0
1777891086.8233323,-7.0,-2.0,-82.0
1777891086.8333323,-2.0,-2.0,-89.0
1777891086.8433323,0.0,-5.0,-89.0
1777891086.8533323,1.0,-4.0,-93.0
1777891086.8633325,0.0,-5.0,-91.0
1777891086.8733325,-1.0,-4.0,-89.0
1777891086.8833325,-2.0,-5.0,-89.0
1777891086.8933325,-1.0,-4.0,-90.0
1777891086.9033325,5.0,-1.0,-81.0
1777891086.9133325,11.0,2.0,-73.0
1777891086.9233325,8.0,1.0,-69.0
1777891086.9333324,9.0,3.0,-64.0
1777891086.9433324,4.0,6.0,-65.0
1777891086.9533324,3.0,5.0,-63.0
1777891086.9633324,1.0,1.0,-60.0
1777891086.9733324,1.0,-1.0,-58.0
1777891086.9833324,3.0,-5.0,-56.0
1777891086.9933324,4.0,-3.0,-58.0
1777891087.0033324,0.0,-9.0,-63.0
1777891087.0133324,0.0,-10.0,-72.0
1777891087.0233324,2.0,-9.0,-76.0
1777891087.0333323,2.0,-6.0,-76.0
1777891087.0433323,2.0,-7.0,-75.0
1777891087.0533323,1.0,-6.0,-79.0
1777891087.0633323,0.0,-4.0,-75.0
1777891087.0733323,1.0,-2.0,-77.0
1777891087.0833323,3.0,-8.0,-77.0
1777891087.0933323,0.0,-8.0,-73.0
1777891087.1033323,0.0,-8.0,-72.0
1777891087.1133325,2.0,-5.0,-70.0
1777891087.1233325,3.0,-5.0,-79.0
1777891087.1333325,0.0,-3.0,-82.0
1777891087.1433325,-2.0,0.0,-72.0
1777891087.1533325,0.0,-3.0,-71.0
1777891087.1633325,0.0,-3.0,-76.0
1777891087.1733325,-1.0,-7.0,-81.0
1777891087.1833324,-3.0,-5.0,-81.0
1777891087.1933324,2.0,-7.0,-76.0
1777891087.2033324,1.0,-5.0,-80.0
1777891087.2133324,3.0,-4.0,-80.0
1777891087.2233324,0.0,1.0,-81.0
1777891087.2333324,1.0,3.0,-79.0
1777891087.2433324,0.0,4.0,-75.0
1777891087.2533324,1.0,0.0,-73.0
1777891087.2633324,0.0,0.0,-75.0
1777891087.2733324,-1.0,0.0,-75.0
1777891087.2833323,-4.0,-1.0,-74.0
1777891087.2933323,-5.0,0.0,-74.0
1777891087.3033323,-2.0,-2.0,-71.0
1777891087.3133323,-1.0,0.0,-74.0
1777891087.3233323,-1.0,-1.0,-80.0
1777891087.3333323,-3.0,-4.0,-77.0
1777891087.3433323,-5.0,-1.0,-79.0
1777891087.3533323,0.0,-2.0,-74.0
1777891087.3633325,1.0,-1.0,-79.0
1777891087.3733325,1.0,-2.0,-78.0
1777891087.3833325,-1.0,-4.0,-81.0
1777891087.3933325,0.0,-8.0,-72.0
1777891087.4033325,-1.0,-10.0,-73.0
1777891087.4133325,3.0,-10.0,-66.0
1777891087.4233325,5.0,-9.0,-72.0
1777891087.4333324,3.0,-5.0,-69.0
1777891087.4433324,3.0,-2.0,-69.0
1777891087.4533324,1.0,-3.0,-58.0
1777891087.4633324,1.0,-4.0,-67.0
1777891087.4733324,2.0,-4.0,-66.0
1777891087.4833324,2.0,-5.0,-65.0
1777891087.4933324,7.0,-4.0,-66.0
1777891087.5033324,6.0,-5.0,-69.0
1777891087.5133324,8.0,-2.0,-65.0
1777891087.5233324,2.0,-6.0,-65.0
1777891087.5333323,0.0,-3.0,-74.0
1777891087.5433323,0.0,-3.0,-76.0
1777891087.5533323,6.0,-5.0,-81.0
1777891087.5633323,7.0,-4.0,-74.0
1777891087.5733323,5.0,-3.0,-71.0
1777891087.5833323,4.0,-3.0,-73.0
1777891087.5933323,0.0,-2.0,-78.0
1777891087.6033323,-5.0,-3.0,-74.0
1777891087.6133325,-1.0,-7.0,-71.0
1777891087.6233325,3.0,-6.0,-73.0
1777891087.6333325,2.0,-2.0,-76.0
1777891087.6433325,0.0,-2.0,-69.0
1777891087.6533325,0.0,0.0,-66.0
1777891087.6633325,-2.0,-3.0,-68.0
1777891087.6733325,-3.0,-2.0,-73.0
1777891087.6833324,-1.0,-1.0,-76.0
1777891087.6933324,-4.0,0.0,-80.0
1777891087.7033324,-2.0,-1.0,-81.0
1777891087.7133324,-2.0,-5.0,-85.0
1777891087.7233324,-4.0,-4.0,-86.0
1777891087.7333324,-7.0,-2.0,-80.0
1777891087.7433324,-3.0,-5.0,-73.0
1777891087.7533324,-5.0,-4.0,-71.0
1777891087.7633324,-2.0,-7.0,-73.0
1777891087.7733324,-3.0,-8.0,-69.0
1777891087.7833323,-5.0,-2.0,-68.0
1777891087.7933323,-3.0,-5.0,-66.0
1777891087.8033323,-5.0,-2.0,-68.0
1777891087.8133323,-8.0,-1.0,-73.0
1777891087.8233323,-7.0,-2.0,-75.0
1777891087.8333323,-3.0,-2.0,-72.0
1777891087.8433323,0.0,2.0,-76.0
1777891087.8533323,0.0,0.0,-79.0
1777891087.8633325,1.0,0.0,-77.0
1777891087.8733325,2.0,-4.0,-76.0
1777891087.8833325,0.0,-5.0,-69.0
1777891087.8933325,1.0,-8.0,-70.0
1777891087.9033325,3.0,-6.0,-76.0
1777891087.9133325,4.0,-11.0,-80.0
1777891087.9233325,4.0,-8.0,-79.0
1777891087.9333324,2.0,-6.0,-81.0
1777891087.9433324,3.0,-5.0,-76.0
1777891087.9533324,3.0,-3.0,-71.0
1777891087.9633324,7.0,-1.0,-64.0
1777891087.9733324,13.0,0.0,-70.0
1777891087.9833324,14.0,1.0,-65.0
1777891087.9933324,10.0,2.0,-71.0
1777891088.0033324,5.0,6.0,-72.0
1777891088.0133324,5.0,8.0,-67.0
1777891088.0233324,4.0,9.0,-75.0
1777891088.0333323,7.0,7.0,-73.0
1777891088.0433323,5.0,3.0,-70.0
1777891088.0533323,2.0,2.0,-67.0
1777891088.0633323,6.0,4.0,-61.0
1777891088.0733323,1.0,5.0,-63.0
1777891088.0833323,4.0,4.0,-67.0
1777891088.0943325,7.0,4.0,-67.0
1777891088.1043324,7.0,4.0,-69.0
1777891088.1133325,6.0,3.0,-64.0
1777891088.1243324,1.0,0.0,-64.0
1777891088.1343324,4.0,-2.0,-60.0
1777891088.1443324,4.0,0.0,-69.0
1777891088.1543324,5.0,4.0,-70.0
1777891088.1643324,5.0,5.0,-65.0
1777891088.1743324,1.0,1.0,-73.0
1777891088.1843324,3.0,2.0,-70.0
1777891088.1943324,2.0,2.0,-69.0
1777891088.2043324,1.0,-3.0,-66.0
1777891088.2143323,0.0,-3.0,-67.0
1777891088.2243323,0.0,0.0,-63.0
1777891088.2343323,1.0,4.0,-66.0
1777891088.2443323,4.0,0.0,-63.0
1777891088.2543323,4.0,0.0,-63.0
1777891088.2643323,1.0,3.0,-67.0
1777891088.2743323,0.0,1.0,-64.0
1777891088.2843325,4.0,2.0,-65.0
1777891088.2943325,6.0,0.0,-64.0
1777891088.3043325,3.0,0.0,-59.0
1777891088.3143325,5.0,-1.0,-60.0
1777891088.3243325,3.0,0.0,-65.0
1777891088.3343325,0.0,0.0,-64.0
1777891088.3443325,2.0,0.0,-72.0
1777891088.3543324,2.0,-1.0,-72.0
1777891088.3643324,-2.0,-5.0,-73.0
1777891088.3743324,0.0,-3.0,-77.0
1777891088.3843324,2.0,0.0,-81.0
1777891088.3943324,1.0,4.0,-81.0
1777891088.4043324,0.0,1.0,-70.0
1777891088.4143324,1.0,1.0,-77.0
1777891088.4243324,0.0,2.0,-70.0
1777891088.4343324,3.0,0.0,-70.0
1777891088.4443324,6.0,2.0,-74.0
1777891088.4543324,8.0,3.0,-77.0
1777891088.4643323,8.0,-1.0,-77.0
1777891088.4743323,6.0,-4.0,-79.0
1777891088.4843323,3.0,-6.0,-77.0
1777891088.4943323,0.0,-3.0,-72.0
1777891088.5043323,4.0,0.0,-75.0
1777891088.5143323,7.0,3.0,-77.0
1777891088.5243323,7.0,-2.0,-79.0
1777891088.5343325,5.0,-1.0,-75.0
1777891088.5443325,6.0,0.0,-73.0
1777891088.5543325,1.0,-3.0,-72.0
1777891088.5643325,-3.0,-7.0,-68.0
1777891088.5743325,-2.0,-6.0,-64.0
1777891088.5843325,0.0,-7.0,-66.0
1777891088.5943325,2.0,-6.0,-69.0
1777891088.6043324,4.0,-3.0,-69.0
1777891088.6143324,4.0,-3.0,-66.0
1777891088.6243324,5.0,-4.0,-68.0
1777891088.6343324,3.0,-4.0,-72.0
1777891088.6443324,1.0,-4.0,-73.0
1777891088.6543324,-1.0,-4.0,-75.0
1777891088.6643324,0.0,-5.0,-77.0
1777891088.6743324,-3.0,-4.0,-74.0
1777891088.6843324,-6.0,-6.0,-73.0
1777891088.6943324,-5.0,-4.0,-73.0
1777891088.7043324,0.0,-3.0,-72.0
1777891088.7143323,0.0,-4.0,-79.0
1777891088.7243323,3.0,-5.0,-77.0
1777891088.7343323,7.0,-4.0,-74.0
1777891088.7443323,2.0,-9.0,-76.0
1777891088.7543323,0.0,-8.0,-73.0
1777891088.7643323,-1.0,-6.0,-77.0
1777891088.7743323,0.0,-3.0,-78.0
1777891088.7843325,-4.0,0.0,-75.0
1777891088.7943325,-2.0,2.0,-73.0
1777891088.8043325,0.0,2.0,-66.0
1777891088.8143325,0.0,0.0,-67.0
1777891088.8243325,-1.0,2.0,-70.0
1777891088.8343325,-3.0,5.0,-69.0
1777891088.8443325,-4.0,0.0,-67.0
1777891088.8543324,-3.0,-1.0,-67.0
1777891088.8643324,0.0,-3.0,-71.0
1777891088.8743324,5.0,-2.0,-74.0
1777891088.8843324,7.0,-7.0,-77.0
1777891088.8943324,11.0,-6.0,-75.0
1777891088.9043324,7.0,-4.0,-78.0
1777891088.9143324,7.0,0.0,-82.0
1777891088.9243324,6.0,2.0,-73.0
1777891088.9343324,6.0,0.0,-76.0
1777891088.9443324,4.0,-1.0,-72.0
1777891088.9543324,4.0,0.0,-71.0
1777891088.9643323,13.0,0.0,-60.0
1777891088.9743323,12.0,0.0,-54.0
1777891088.9843323,5.0,-2.0,-51.0
1777891088.9943323,2.0,-4.0,-55.0
1777891089.0043323,4.0,-2.0,-56.0
1777891089.0143323,7.0,0.0,-63.0
1777891089.0243323,10.0,2.0,-63.0
1777891089.0343325,5.0,-2.0,-68.0
1777891089.0443325,5.0,-5.0,-73.0
1777891089.0543325,5.0,-3.0,-75.0
1777891089.0643325,4.0,-3.0,-71.0
1777891089.0743325,6.0,-4.0,-70.0
1777891089.0843325,5.0,-1.0,-65.0
1777891089.0943325,11.0,-3.0,-67.0
1777891089.1043324,8.0,-5.0,-70.0
1777891089.1143324,6.0,-5.0,-71.0
1777891089.1243324,5.0,-3.0,-73.0
1777891089.1343324,3.0,-3.0,-72.0
1777891089.1443324,1.0,-3.0,-72.0
1777891089.1543324,-1.0,-4.0,-67.0
1777891089.1643324,-1.0,-4.0,-70.0
1777891089.1743324,0.0,-7.0,-79.0
1777891089.1843324,-2.0,-5.0,-80.0
1777891089.1943324,-1.0,-5.0,-78.0
1777891089.2043324,1.0,-9.0,-76.0
1777891089.2143323,0.0,-6.0,-81.0
1777891089.2243323,-2.0,-8.0,-81.0
1777891089.2343323,-1.0,-6.0,-84.0
1777891089.2443323,-2.0,-4.0,-84.0
1777891089.2543323,-2.0,-3.0,-83.0
1777891089.2643323,0.0,-2.0,-75.0
1777891089.2743323,0.0,0.0,-74.0
1777891089.2843325,-1.0,2.0,-69.0
1777891089.2943325,-5.0,2.0,-68.0
1777891089.3043325,-3.0,1.0,-67.0
1777891089.3143325,-3.0,0.0,-68.0
1777891089.3243325,-3.0,3.0,-70.0
1777891089.3343325,-1.0,3.0,-69.0
1777891089.3443325,1.0,0.0,-66.0
1777891089.3543324,-1.0,0.0,-63.0
1777891089.3643324,0.0,-4.0,-66.0
1777891089.3743324,-5.0,-4.0,-69.0
1777891089.3843324,-1.0,-8.0,-72.0
1777891089.3943324,1.0,-4.0,-83.0
1777891089.4043324,0.0,-1.0,-81.0
1777891089.4143324,-1.0,-1.0,-81.0
1777891089.4243324,0.0,0.0,-79.0
1777891089.4343324,0.0,0.0,-77.0
1777891089.4443324,1.0,-5.0,-77.0
1777891089.4543324,0.0,0.0,-76.0
1777891089.4643323,-1.0,-3.0,-74.0
1777891089.4743323,-5.0,-7.0,-67.0
1777891089.4843323,-4.0,-9.0,-66.0
1777891089.4943323,-3.0,-8.0,-66.0
1777891089.5043323,4.0,-7.0,-70.0
1777891089.5143323,1.0,-5.0,-75.0
1777891089.5243323,1.0,-5.0,-71.0
1777891089.5343325,1.0,-5.0,-72.0
1777891089.5443325,0.0,-5.0,-78.0
1777891089.5543325,-3.0,1.0,-78.0
1777891089.5643325,1.0,4.0,-78.0
1777891089.5743325,7.0,4.0,-73.0
1777891089.5843325,6.0,-1.0,-68.0
1777891089.5943325,4.0,0.0,-71.0
1777891089.6043324,3.0,0.0,-72.0
1777891089.6143324,0.0,0.0,-69.0
1777891089.6243324,-5.0,-4.0,-69.0
1777891089.6343324,-4.0,-7.0,-68.0
1777891089.6443324,0.0,-5.0,-68.0
1777891089.6543324,3.0,-5.0,-78.0
1777891089.6643324,1.0,-2.0,-80.0
1777891089.6743324,2.0,-4.0,-82.0
1777891089.6843324,0.0,-2.0,-79.0
1777891089.6943324,1.0,-4.0,-79.0
1777891089.7043324,1.0,-4.0,-75.0
1777891089.7143323,-6.0,-2.0,-69.0
1777891089.7243323,-5.0,1.0,-70.0
1777891089.7343323,-8.0,-1.0,-70.0
1777891089.7443323,-7.0,-2.0,-64.0
1777891089.7543323,-3.0,-1.0,-68.0
1777891089.7643323,-1.0,0.0,-71.0
1777891089.7743323,-1.0,0.0,-69.0
1777891089.7843325,-5.0,-1.0,-70.0
1777891089.7943325,-2.0,-7.0,-71.0
1777891089.8043325,-2.0,-5.0,-77.0
1777891089.8143325,0.0,-3.0,-79.0
1777891089.8243325,-1.0,0.0,-85.0
1777891089.8343325,-4.0,1.0,-80.0
1777891089.8443325,-3.0,-2.0,-81.0
1777891089.8543324,-1.0,-2.0,-85.0
1777891089.8643324,-7.0,0.0,-90.0
1777891089.8743324,-6.0,1.0,-91.0
1777891089.8843324,-8.0,1.0,-87.0
1777891089.8943324,-6.0,3.0,-82.0
1777891089.9043324,-4.0,2.0,-79.0
1777891089.9143324,-2.0,0.0,-71.0
1777891089.9243324,-1.0,-1.0,-67.0
1777891089.9343324,-2.0,-3.0,-73.0
1777891089.9443324,-1.0,-10.0,-74.0
1777891089.9543324,0.0,-8.0,-73.0
1777891089.9643323,0.0,-1.0,-72.0
1777891089.9743323,-3.0,2.0,-76.0
1777891089.9843323,-6.0,0.0,-82.0
1777891089.9943323,-1.0,-1.0,-83.0
1777891090.0043323,0.0,-3.0,-76.0
1777891090.0143323,-3.0,-3.0,-76.0
1777891090.0243323,-4.0,0.0,-71.0
1777891090.0343325,0.0,2.0,-72.0
1777891090.0453324,2.0,0.0,-73.0
1777891090.0543325,7.0,0.0,-70.0
1777891090.0643325,7.0,-1.0,-67.0
1777891090.0743325,7.0,1.0,-64.0
1777891090.0843325,9.0,5.0,-63.0
1777891090.0953324,14.0,6.0,-67.0
1777891090.1053324,11.0,3.0,-73.0
1777891090.1153324,9.0,-1.0,-77.0
1777891090.1253324,7.0,1.0,-74.0
1777891090.1353323,9.0,5.0,-72.0
1777891090.1453323,10.0,0.0,-73.0
1777891090.1553323,15.0,-5.0,-77.0
1777891090.1653323,9.0,-7.0,-81.0
1777891090.1753323,9.0,-6.0,-85.0
1777891090.1853323,12.0,-6.0,-87.0
1777891090.1953323,8.0,-4.0,-90.0
1777891090.2053325,7.0,0.0,-91.0
1777891090.2153325,4.0,-2.0,-93.0
1777891090.2253325,3.0,-5.0,-88.0
1777891090.2353325,2.0,-5.0,-84.0
1777891090.2453325,2.0,-3.0,-82.0
1777891090.2553325,2.0,-4.0,-76.0
1777891090.2653325,3.0,-6.0,-79.0
1777891090.2753325,2.0,-3.0,-76.0
1777891090.2853324,2.0,-4.0,-70.0
1777891090.2953324,1.0,-6.0,-69.0
1777891090.3053324,5.0,-8.0,-75.0
1777891090.3153324,1.0,-5.0,-75.0
1777891090.3253324,-5.0,-6.0,-73.0
1777891090.3353324,-2.0,-4.0,-68.0
1777891090.3453324,-4.0,-3.0,-68.0
1777891090.3553324,-2.0,3.0,-65.0
1777891090.3653324,1.0,0.0,-61.0
1777891090.3753324,5.0,-1.0,-65.0
1777891090.3853323,9.0,-3.0,-69.0
1777891090.3953323,4.0,-2.0,-77.0
1777891090.4053323,4.0,-4.0,-90.0
1777891090.4153323,8.0,-7.0,-79.0
1777891090.4253323,9.0,-5.0,-72.0
1777891090.4353323,8.0,-5.0,-72.0
1777891090.4453323,6.0,-5.0,-71.0
1777891090.4553325,0.0,-5.0,-68.0
1777891090.4653325,0.0,-3.0,-72.0
1777891090.4753325,1.0,-4.0,-69.0
1777891090.4853325,3.0,-1.0,-66.0
1777891090.4953325,0.0,-3.0,-63.0
1777891090.5053325,0.0,0.0,-63.0
1777891090.5153325,0.0,1.0,-60.0
1777891090.5253325,1.0,-5.0,-58.0
1777891090.5353324,1.0,-10.0,-63.0
1777891090.5453324,-6.0,-9.0,-63.0
1777891090.5553324,-9.0,-9.0,-57.0
1777891090.5653324,-6.0,-1.0,-53.0
1777891090.5753324,1.0,0.0,-57.0
1777891090.5853324,0.0,0.0,-58.0
1777891090.5953324,4.0,-1.0,-60.0
1777891090.6053324,3.0,-4.0,-58.0
1777891090.6153324,2.0,-6.0,-63.0
1777891090.6253324,1.0,-3.0,-67.0
1777891090.6353323,0.0,-2.0,-69.0
1777891090.6453323,-5.0,-1.0,-63.0
1777891090.6553323,-3.0,-2.0,-60.0
1777891090.6653323,1.0,-3.0,-56.0
1777891090.6753323,0.0,0.0,-55.0
1777891090.6853323,-2.0,-3.0,-54.0
1777891090.6953323,-5.0,-3.0,-58.0
1777891090.7053325,-2.0,-2.0,-59.0
1777891090.7153325,-3.0,-2.0,-60.0
1777891090.7253325,-1.0,-2.0,-61.0
1777891090.7353325,-5.0,-4.0,-64.0
1777891090.7453325,-2.0,-5.0,-60.0
1777891090.7553325,-3.0,-3.0,-60.0
1777891090.7653325,-4.0,-6.0,-66.0
1777891090.7753325,-2.0,-7.0,-61.0
1777891090.7853324,-1.0,-1.0,-67.0
1777891090.7953324,-5.0,-3.0,-71.0
1777891090.8053324,-6.0,-4.0,-68.0
1777891090.8153324,-6.0,-1.0,-64.0
1777891090.8253324,-4.0,0.0,-65.0
1777891090.8353324,-2.0,4.0,-62.0
1777891090.8453324,-3.0,2.0,-58.0
1777891090.8553324,-2.0,-1.0,-59.0
1777891090.8653324,0.0,-4.0,-58.0
1777891090.8753324,-3.0,-6.0,-60.0
1777891090.8853323,-1.0,-9.0,-60.0
1777891090.8953323,-1.0,-9.0,-58.0
1777891090.9053323,-3.0,-6.0,-60.0
1777891090.9153323,-6.0,-6.0,-65.0
1777891090.9253323,-5.0,-6.0,-67.0
1777891090.9353323,-5.0,-6.0,-68.0
1777891090.9453323,0.0,-7.0,-73.0
1777891090.9553325,2.0,-1.0,-69.0
1777891090.9653325,6.0,-1.0,-71.0
1777891090.9753325,5.0,-2.0,-70.0
1777891090.9853325,4.0,1.0,-69.0
1777891090.9953325,2.0,0.0,-73.0
1777891091.0053325,3.0,-5.0,-78.0
1777891091.0153325,2.0,-12.0,-72.0
1777891091.0253325,0.0,-10.0,-75.0
1777891091.0353324,3.0,-7.0,-75.0
1777891091.0453324,3.0,-7.0,-74.0
1777891091.0553324,3.0,-7.0,-76.0
1777891091.0653324,-2.0,-5.0,-76.0
1777891091.0753324,-2.0,-2.0,-75.0
1777891091.0853324,-3.0,-6.0,-77.0
1777891091.0953324,0.0,-6.0,-74.0
1777891091.1053324,3.0,-3.0,-72.0
1777891091.1153324,1.0,-4.0,-74.0
1777891091.1253324,4.0,-6.0,-76.0
1777891091.1353323,5.0,-7.0,-77.0
1777891091.1453323,6.0,-9.0,-76.0
1777891091.1553323,8.0,-7.0,-74.0
1777891091.1653323,7.0,-7.0,-70.0
1777891091.1753323,4.0,-4.0,-70.0
1777891091.1853323,3.0,-3.0,-64.0
1777891091.1953323,2.0,-2.0,-70.0
1777891091.2053325,2.0,-1.0,-66.0
1777891091.2153325,0.0,1.0,-66.0
1777891091.2253325,2.0,4.0,-69.0
1777891091.2353325,1.0,2.0,-67.0
1777891091.2453325,0.0,-3.0,-72.0
1777891091.2553325,-6.0,-4.0,-74.0
1777891091.2653325,-6.0,-3.0,-78.0
1777891091.2753325,-6.0,-3.0,-78.0
1777891091.2853324,-3.0,2.0,-72.0
1777891091.2953324,-2.0,-1.0,-70.0
1777891091.3053324,0.0,3.0,-80.0
1777891091.3153324,1.0,3.0,-77.0
1777891091.3253324,2.0,0.0,-69.0
1777891091.3353324,0.0,0.0,-67.0
1777891091.3453324,4.0,0.0,-69.0
1777891091.3553324,1.0,-2.0,-68.0
1777891091.3653324,0.0,-4.0,-69.0
1777891091.3753324,0.0,-6.0,-72.0
1777891091.3853323,1.0,-4.0,-66.0
1777891091.3953323,1.0,0.0,-65.0
1777891091.4053323,-2.0,0.0,-64.0
1777891091.4153323,0.0,-4.0,-61.0
1777891091.4253323,0.0,-8.0,-71.0
1777891091.4353323,2.0,-10.0,-72.0
1777891091.4453323,1.0,-8.0,-76.0
1777891091.4553325,4.0,-5.0,-75.0
1777891091.4653325,8.0,-2.0,-71.0
1777891091.4753325,2.0,1.0,-68.0
1777891091.4853325,3.0,1.0,-73.0
1777891091.4953325,1.0,3.0,-74.0
1777891091.5053325,6.0,2.0,-77.0
1777891091.5153325,5.0,0.0,-72.0
1777891091.5253325,0.0,3.0,-76.0
1777891091.5353324,0.0,0.0,-68.0
1777891091.5453324,2.0,0.0,-68.0
1777891091.5553324,0.0,-1.0,-73.0
1777891091.5653324,-4.0,-1.0,-73.0
1777891091.5753324,0.0,-3.0,-72.0
1777891091.5853324,5.0,-5.0,-65.0
1777891091.5953324,4.0,-2.0,-69.0
1777891091.6053324,1.0,3.0,-69.0
1777891091.6153324,-2.0,4.0,-68.0
1777891091.6253324,0.0,1.0,-62.0
1777891091.6353323,-1.0,0.0,-66.0
1777891091.6453323,-5.0,1.0,-63.0
1777891091.6553323,-6.0,0.0,-67.0
1777891091.6653323,-1.0,6.0,-72.0
1777891091.6753323,1.0,11.0,-65.0
1777891091.6853323,2.0,9.0,-63.0
1777891091.6953323,5.0,7.0,-64.0
1777891091.7053325,2.0,9.0,-72.0
1777891091.7153325,-1.0,6.0,-72.0
1777891091.7253325,-2.0,3.0,-70.0
1777891091.7353325,-7.0,4.0,-68.0
1777891091.7453325,-5.0,4.0,-67.0
1777891091.7553325,-3.0,0.0,-65.0
1777891091.7653325,1.0,-2.0,-64.0
1777891091.7753325,2.0,-3.0,-67.0
1777891091.7853324,3.0,0.0,-67.0
1777891091.7953324,5.0,0.0,-66.0
1777891091.8053324,5.0,-1.0,-68.0
1777891091.8153324,3.0,-2.0,-76.0
1777891091.8253324,6.0,0.0,-77.0
1777891091.8353324,8.0,-2.0,-77.0
1777891091.8453324,5.0,-3.0,-75.0
1777891091.8553324,5.0,-1.0,-74.0
1777891091.8653324,4.0,2.0,-71.0
1777891091.8753324,3.0,-3.0,-71.0
1777891091.8853323,2.0,-3.0,-67.0
1777891091.8953323,3.0,-5.0,-64.0
1777891091.9053323,6.0,-3.0,-59.0
1777891091.9153323,6.0,-2.0,-57.0
1777891091.9253323,7.0,-2.0,-57.0
1777891091.9353323,9.0,-2.0,-63.0
1777891091.9453323,2.0,0.0,-59.0
1777891091.9553325,0.0,0.0,-50.0
1777891091.9653325,0.0,-3.0,-60.0
1777891091.9753325,-2.0,-1.0,-55.0
1777891091.9853325,-2.0,-1.0,-54.0
1777891091.9953325,0.0,-1.0,-58.0
1777891092.0053325,-3.0,0.0,-61.0
1777891092.0153325,-2.0,0.0,-63.0
1777891092.0253325,-1.0,-1.0,-71.0
1777891092.0353324,0.0,2.0,-77.0
1777891092.0453324,2.0,2.0,-77.0
1777891092.0553324,0.0,0.0,-75.0
1777891092.0653324,-1.0,3.0,-82.0
1777891092.0763323,0.0,2.0,-82.0
1777891092.0853324,2.0,4.0,-80.0
1777891092.0953324,2.0,4.0,-78.0
1777891092.1063323,0.0,1.0,-74.0
1777891092.1163323,-5.0,0.0,-82.0
1777891092.1263323,-4.0,-1.0,-79.0
1777891092.1363325,-3.0,-1.0,-78.0
1777891092.1463325,1.0,-1.0,-75.0
1777891092.1563325,0.0,0.0,-71.0
1777891092.1663325,4.0,5.0,-67.0
1777891092.1763325,5.0,4.0,-71.0
1777891092.1863325,4.0,0.0,-75.0
1777891092.1963325,-3.0,1.0,-75.0
1777891092.2063324,-4.0,4.0,-73.0
1777891092.2163324,-2.0,7.0,-75.0
1777891092.2263324,-1.0,3.0,-79.0
1777891092.2363324,0.0,1.0,-72.0
1777891092.2463324,-5.0,0.0,-73.0
1777891092.2563324,-3.0,0.0,-69.0
1777891092.2663324,-4.0,-4.0,-66.0
1777891092.2763324,-2.0,-5.0,-65.0
1777891092.2863324,-1.0,-2.0,-66.0
1777891092.2963324,1.0,0.0,-67.0
1777891092.3063323,0.0,0.0,-69.0
1777891092.3163323,1.0,0.0,-68.0
1777891092.3263323,1.0,2.0,-63.0
1777891092.3363323,2.0,4.0,-65.0
1777891092.3463323,3.0,2.0,-72.0
1777891092.3563323,5.0,4.0,-78.0
1777891092.3663323,1.0,2.0,-71.0
1777891092.3763323,0.0,0.0,-79.0
1777891092.3863325,0.0,0.0,-79.0
1777891092.3963325,-2.0,-1.0,-74.0
1777891092.4063325,1.0,-3.0,-83.0
1777891092.4163325,0.0,-3.0,-84.0
1777891092.4263325,0.0,-4.0,-86.0
1777891092.4363325,1.0,-6.0,-87.0
1777891092.4463325,0.0,-5.0,-85.0
1777891092.4563324,-1.0,-3.0,-78.0
1777891092.4663324,-3.0,-1.0,-81.0
1777891092.4763324,-1.0,-2.0,-73.0
1777891092.4863324,0.0,-3.0,-75.0
1777891092.4963324,1.0,0.0,-74.0
1777891092.5063324,2.0,0.0,-72.0
1777891092.5163324,8.0,-1.0,-78.0
1777891092.5263324,8.0,-3.0,-75.0
1777891092.5363324,6.0,-5.0,-76.0
1777891092.5463324,8.0,-6.0,-78.0
1777891092.5563323,8.0,-4.0,-77.0
1777891092.5663323,7.0,-1.0,-79.0
1777891092.5763323,5.0,0.0,-74.0
1777891092.5863323,0.0,-1.0,-76.0
1777891092.5963323,-1.0,-3.0,-74.0
1777891092.6063323,-2.0,-3.0,-68.0
1777891092.6163323,-4.0,0.0,-64.0
1777891092.6263323,-3.0,-4.0,-63.0
1777891092.6363325,0.0,-4.0,-70.0
1777891092.6463325,0.0,-4.0,-65.0
1777891092.6563325,0.0,-7.0,-71.0
1777891092.6663325,-4.0,-8.0,-73.0
1777891092.6763325,-2.0,-6.0,-75.0
1777891092.6863325,-1.0,-2.0,-77.0
1777891092.6963325,0.0,-1.0,-76.0
1777891092.7063324,-3.0,-4.0,-77.0
1777891092.7163324,-1.0,0.0,-75.0
1777891092.7263324,3.0,-3.0,-69.0
1777891092.7363324,7.0,0.0,-67.0
1777891092.7463324,6.0,1.0,-75.0
1777891092.7563324,4.0,0.0,-80.0
1777891092.7663324,2.0,0.0,-86.0
1777891092.7763324,4.0,-4.0,-77.0
1777891092.7863324,3.0,-6.0,-74.0
1777891092.7963324,3.0,-3.0,-71.0
1777891092.8063323,3.0,-2.0,-69.0
1777891092.8163323,1.0,-4.0,-68.0
1777891092.8263323,-1.0,-4.0,-75.0
1777891092.8363323,-4.0,-1.0,-72.0
1777891092.8463323,-6.0,0.0,-71.0
1777891092.8563323,0.0,-1.0,-74.0
1777891092.8663323,4.0,-1.0,-78.0
1777891092.8763323,0.0,0.0,-76.0
1777891092.8863325,4.0,-1.0,-77.0
1777891092.8963325,1.0,-3.0,-78.0
1777891092.9063325,2.0,-7.0,-75.0
1777891092.9163325,5.0,-10.0,-76.0
1777891092.9263325,2.0,-7.0,-71.0
1777891092.9363325,3.0,-1.0,-76.0
1777891092.9463325,3.0,-2.0,-73.0
1777891092.9563324,1.0,-4.0,-74.0
1777891092.9663324,1.0,-4.0,-75.0
1777891092.9763324,4.0,-5.0,-70.0
1777891092.9863324,2.0,1.0,-73.0
1777891092.9963324,-2.0,2.0,-68.0
1777891093.0063324,1.0,0.0,-62.0
1777891093.0163324,0.0,0.0,-54.0
1777891093.0263324,1.0,-1.0,-61.0
1777891093.0363324,-1.0,-4.0,-64.0
1777891093.0463324,-4.0,-3.0,-68.0
1777891093.0563323,-4.0,-7.0,-74.0
1777891093.0663323,-4.0,-8.0,-69.0
1777891093.0763323,-7.0,-6.0,-62.0
1777891093.0863323,-9.0,-7.0,-61.0
1777891093.0963323,-4.0,-3.0,-63.0
1777891093.1063323,-2.0,-4.0,-67.0
1777891093.1163323,0.0,-5.0,-69.0
1777891093.1263323,-4.0,-2.0,-70.0
1777891093.1363325,-2.0,-2.0,-67.0
1777891093.1463325,-3.0,0.0,-72.0
1777891093.1563325,-1.0,0.0,-72.0
1777891093.1663325,0.0,-2.0,-66.0
1777891093.1763325,2.0,-2.0,-68.0
1777891093.1863325,2.0,1.0,-66.0
1777891093.1963325,-1.0,2.0,-64.0
1777891093.2063324,-1.0,3.0,-70.0
1777891093.2163324,-2.0,0.0,-72.0
1777891093.2263324,1.0,5.0,-72.0
1777891093.2363324,2.0,4.0,-72.0
1777891093.2463324,2.0,4.0,-69.0
1777891093.2563324,5.0,6.0,-73.0
1777891093.2663324,9.0,4.0,-73.0
1777891093.2763324,4.0,1.0,-75.0
1777891093.2863324,2.0,1.0,-72.0
1777891093.2963324,1.0,4.0,-72.0
1777891093.3063323,5.0,5.0,-71.0
1777891093.3163323,4.0,4.0,-76.0
1777891093.3263323,1.0,0.0,-81.0
1777891093.3363323,2.0,-2.0,-81.0
1777891093.3463323,3.0,-1.0,-80.0
1777891093.3563323,0.0,-1.0,-75.0
1777891093.3663323,0.0,-1.0,-79.0
1777891093.3763323,-4.0,3.0,-76.0
1777891093.3863325,-4.0,0.0,-80.0
1777891093.3963325,-4.0,0.0,-78.0
1777891093.4063325,-4.0,0.0,-81.0
1777891093.4163325,-3.0,0.0,-85.0
1777891093.4263325,1.0,0.0,-81.0
1777891093.4363325,1.0,2.0,-82.0
1777891093.4463325,0.0,2.0,-86.0
1777891093.4563324,0.0,-1.0,-88.0
1777891093.4663324,-4.0,-1.0,-83.0
1777891093.4763324,-5.0,0.0,-81.0
1777891093.4863324,-2.0,0.0,-83.0
1777891093.4963324,-2.0,3.0,-76.0
1777891093.5063324,-1.0,3.0,-75.0
1777891093.5163324,-4.0,-6.0,-69.0
1777891093.5263324,-8.0,-8.0,-65.0
1777891093.5363324,-5.0,-5.0,-62.0
1777891093.5463324,-1.0,-4.0,-61.0
1777891093.5563323,-1.0,-2.0,-65.0
1777891093.5663323,-1.0,0.0,-68.0
1777891093.5763323,0.0,0.0,-67.0
1777891093.5863323,-2.0,4.0,-69.0
1777891093.5963323,-4.0,4.0,-74.0
1777891093.6063323,-4.0,3.0,-75.0
1777891093.6163323,-6.0,2.0,-73.0
1777891093.6263323,-6.0,1.0,-73.0
1777891093.6363325,-1.0,-4.0,-75.0
1777891093.6463325,-2.0,-3.0,-75.0
1777891093.6563325,-3.0,-1.0,-73.0
1777891093.6663325,0.0,-2.0,-72.0
1777891093.6763325,2.0,1.0,-63.0
1777891093.6863325,0.0,2.0,-70.0
1777891093.6963325,0.0,3.0,-73.0
1777891093.7063324,-1.0,6.0,-74.0
1777891093.7163324,-2.0,7.0,-73.0
1777891093.7263324,-2.0,5.0,-70.0
1777891093.7363324,2.0,0.0,-69.0
1777891093.7463324,4.0,0.0,-70.0
1777891093.7563324,5.0,1.0,-68.0
1777891093.7663324,2.0,1.0,-70.0
1777891093.7763324,2.0,1.0,-66.0
1777891093.7863324,2.0,-1.0,-60.0
1777891093.7963324,-2.0,2.0,-61.0
1777891093.8063323,-3.0,6.0,-64.0
1777891093.8163323,-1.0,6.0,-66.0
1777891093.8263323,0.0,8.0,-69.0
1777891093.8363323,1.0,6.0,-67.0
1777891093.8463323,4.0,9.0,-69.0
1777891093.8563323,4.0,7.0,-68.0
1777891093.8663323,5.0,6.0,-67.0
1777891093.8763323,0.0,5.0,-67.0
1777891093.8863325,-1.0,2.0,-70.0
1777891093.8963325,1.0,1.0,-74.0
1777891093.9063325,1.0,0.0,-71.0
1777891093.9163325,1.0,3.0,-71.0
1777891093.9263325,-3.0,1.0,-70.0
1777891093.9363325,-4.0,2.0,-80.0
1777891093.9463325,-4.0,0.0,-80.0
1777891093.9563324,0.0,-3.0,-84.0
1777891093.9663324,0.0,-5.0,-76.0
1777891093.9763324,0.0,-3.0,-69.0
1777891093.9863324,0.0,-2.0,-64.0
1777891093.9963324,0.0,-2.0,-65.0
1777891094.0063324,0.0,-3.0,-65.0
1777891094.0163324,5.0,-2.0,-64.0
1777891094.0273323,2.0,-3.0,-68.0
1777891094.0363324,0.0,0.0,-73.0
1777891094.0463324,-3.0,4.0,-76.0
1777891094.0573325,-3.0,6.0,-76.0
1777891094.0673325,0.0,1.0,-82.0
1777891094.0763323,-3.0,2.0,-73.0
1777891094.0873325,-1.0,4.0,-75.0
1777891094.0973325,-2.0,5.0,-75.0
1777891094.1073325,0.0,6.0,-73.0
1777891094.1173325,0.0,3.0,-80.0
1777891094.1273324,0.0,6.0,-77.0
1777891094.1373324,3.0,4.0,-70.0
1777891094.1473324,0.0,2.0,-75.0
1777891094.1573324,-1.0,2.0,-75.0
1777891094.1673324,0.0,1.0,-73.0
1777891094.1773324,-2.0,0.0,-72.0
1777891094.1873324,-4.0,1.0,-74.0
1777891094.1973324,0.0,0.0,-73.0
1777891094.2073324,1.0,2.0,-79.0
1777891094.2173324,0.0,3.0,-81.0
1777891094.2273324,0.0,0.0,-83.0
1777891094.2373323,-4.0,0.0,-88.0
1777891094.2473323,-6.0,1.0,-87.0
1777891094.2573323,-9.0,-1.0,-76.0
1777891094.2673323,-8.0,-2.0,-72.0
1777891094.2773323,-2.0,-2.0,-69.0
1777891094.2873323,-1.0,-1.0,-65.0
1777891094.2973323,0.0,-4.0,-65.0
1777891094.3073325,2.0,0.0,-73.0
1777891094.3173325,1.0,0.0,-83.0
1777891094.3273325,0.0,0.0,-75.0
1777891094.3373325,-3.0,-2.0,-82.0
1777891094.3473325,-6.0,-2.0,-85.0
1777891094.3573325,-1.0,0.0,-85.0
1777891094.3673325,-5.0,-1.0,-82.0
1777891094.3773324,-7.0,-2.0,-81.0
1777891094.3873324,-4.0,0.0,-79.0
1777891094.3973324,-3.0,0.0,-80.0
1777891094.4073324,-6.0,-2.0,-70.0
1777891094.4173324,-5.0,0.0,-63.0
1777891094.4273324,0.0,0.0,-67.0
1777891094.4373324,2.0,-3.0,-72.0
1777891094.4473324,7.0,0.0,-81.0
1777891094.4573324,8.0,1.0,-78.0
1777891094.4673324,6.0,3.0,-71.0
1777891094.4773324,8.0,4.0,-71.0
1777891094.4873323,8.0,2.0,-72.0
1777891094.4973323,7.0,0.0,-73.0
1777891094.5073323,8.0,1.0,-73.0
1777891094.5173323,2.0,0.0,-73.0
1777891094.5273323,2.0,1.0,-76.0
1777891094.5373323,2.0,-2.0,-73.0
1777891094.5473323,5.0,0.0,-73.0
1777891094.5573325,2.0,0.0,-64.0
1777891094.5673325,7.0,-2.0,-68.0
1777891094.5773325,5.0,0.0,-72.0
1777891094.5873325,6.0,3.0,-73.0
1777891094.5973325,5.0,5.0,-74.0
1777891094.6073325,6.0,6.0,-78.0
1777891094.6173325,5.0,1.0,-81.0
1777891094.6273324,2.0,-1.0,-83.0
1777891094.6373324,1.0,-5.0,-83.0
1777891094.6473324,4.0,-7.0,-86.0
1777891094.6573324,3.0,-6.0,-85.0
1777891094.6673324,2.0,-6.0,-79.0
1777891094.6773324,-2.0,-3.0,-80.0
1777891094.6873324,-1.0,-2.0,-76.0
1777891094.6973324,-3.0,0.0,-72.0
1777891094.7073324,3.0,0.0,-80.0
1777891094.7173324,-1.0,-3.0,-81.0
1777891094.7273324,-4.0,-1.0,-81.0
1777891094.7373323,-4.0,-1.0,-81.0
1777891094.7473323,-6.0,0.0,-78.0
1777891094.7573323,-2.0,0.0,-80.0
1777891094.7673323,-1.0,-2.0,-81.0
1777891094.7773323,-3.0,-1.0,-79.0
1777891094.7873323,0.0,-5.0,-76.0
1777891094.7973323,1.0,-4.0,-74.0
1777891094.8073325,-2.0,-3.0,-73.0
1777891094.8173325,-2.0,-2.0,-70.0
1777891094.8273325,-1.0,-2.0,-68.0
1777891094.8373325,3.0,0.0,-71.0
1777891094.8473325,1.0,-6.0,-70.0
1777891094.8573325,1.0,-8.0,-68.0
1777891094.8673325,5.0,-7.0,-73.0
1777891094.8773324,1.0,-8.0,-73.0
1777891094.8873324,4.0,-3.0,-69.0
1777891094.8973324,7.0,1.0,-61.0
1777891094.9073324,10.0,2.0,-67.0
1777891094.9173324,9.0,3.0,-68.0
1777891094.9273324,10.0,0.0,-63.0
1777891094.9373324,9.0,-6.0,-59.0
1777891094.9473324,2.0,-1.0,-66.0
1777891094.9573324,1.0,0.0,-69.0
1777891094.9673324,3.0,2.0,-74.0
1777891094.9773324,-1.0,0.0,-75.0
1777891094.9873323,1.0,2.0,-74.0
1777891094.9973323,-2.0,4.0,-69.0
1777891095.0073323,0.0,2.0,-70.0
1777891095.0173323,-1.0,4.0,-68.0
1777891095.0273323,-2.0,2.0,-63.0
1777891095.0373323,0.0,4.0,-67.0
1777891095.0473323,0.0,8.0,-64.0
1777891095.0573325,1.0,11.0,-71.0
1777891095.0673325,1.0,9.0,-72.0
1777891095.0773325,2.0,6.0,-69.0
1777891095.0873325,1.0,4.0,-67.0
1777891095.0973325,-2.0,2.0,-68.0
1777891095.1073325,-1.0,2.0,-74.0
1777891095.1173325,-3.0,1.0,-74.0
1777891095.1273324,0.0,4.0,-74.0
1777891095.1373324,1.0,0.0,-73.0
1777891095.1473324,3.0,-1.0,-70.0
1777891095.1573324,5.0,-1.0,-76.0
1777891095.1673324,7.0,0.0,-71.0
1777891095.1773324,4.0,-2.0,-59.0
1777891095.1873324,6.0,-2.0,-58.0
1777891095.1973324,4.0,0.0,-64.0
1777891095.2073324,1.0,-1.0,-57.0
1777891095.2173324,0.0,-2.0,-62.0
1777891095.2273324,0.0,-1.0,-63.0
1777891095.2373323,0.0,-3.0,-67.0
1777891095.2473323,1.0,-1.0,-69.0
1777891095.2573323,2.0,0.0,-77.0
1777891095.2673323,3.0,-1.0,-77.0
1777891095.2773323,1.0,-3.0,-75.0
1777891095.2873323,2.0,-6.0,-74.0
1777891095.2973323,4.0,-3.0,-74.0
1777891095.3073325,6.0,0.0,-71.0
1777891095.3173325,7.0,0.0,-69.0
1777891095.3273325,6.0,-1.0,-72.0
1777891095.3373325,3.0,-2.0,-72.0
1777891095.3473325,7.0,2.0,-75.0
1777891095.3573325,3.0,0.0,-70.0
1777891095.3673325,1.0,0.0,-69.0
1777891095.3773324,-2.0,0.0,-65.0
1777891095.3873324,-2.0,1.0,-65.0
1777891095.3973324,-2.0,1.0,-64.0
1777891095.4073324,0.0,2.0,-65.0
1777891095.4173324,1.0,3.0,-67.0
1777891095.4273324,1.0,3.0,-71.0
1777891095.4373324,1.0,0.0,-70.0
1777891095.4473324,3.0,0.0,-73.0
1777891095.4573324,1.0,1.0,-77.0
1777891095.4673324,-4.0,-2.0,-65.0
1777891095.4773324,-4.0,-2.0,-61.0
1777891095.4873323,-5.0,-2.0,-62.0
1777891095.4973323,-9.0,-1.0,-69.0
1777891095.5073323,-5.0,-2.0,-76.0
1777891095.5173323,-1.0,0.0,-75.0
1777891095.5273323,7.0,-1.0,-82.0
1777891095.5373323,8.0,-2.0,-77.0
1777891095.5473323,3.0,-2.0,-75.0
1777891095.5573325,0.0,0.0,-79.0
1777891095.5673325,0.0,-5.0,-79.0
1777891095.5773325,-2.0,-1.0,-82.0
1777891095.5873325,-4.0,-1.0,-79.0
1777891095.5973325,-2.0,-1.0,-82.0
1777891095.6073325,-6.0,0.0,-80.0
1777891095.6173325,0.0,3.0,-81.0
1777891095.6273324,1.0,4.0,-79.0
1777891095.6373324,1.0,3.0,-76.0
1777891095.6473324,2.0,2.0,-79.0
1777891095.6573324,4.0,1.0,-80.0
1777891095.6673324,3.0,0.0,-77.0
1777891095.6773324,0.0,4.0,-75.0
1777891095.6873324,-1.0,5.0,-69.0
1777891095.6973324,-4.0,5.0,-69.0
1777891095.7073324,-8.0,1.0,-69.0
1777891095.7173324,-8.0,0.0,-66.0
1777891095.7273324,-6.0,-2.0,-65.0
1777891095.7373323,-3.0,-1.0,-57.0
1777891095.7473323,-5.0,0.0,-60.0
1777891095.7573323,-5.0,4.0,-60.0
1777891095.7673323,-9.0,1.0,-63.0
1777891095.7773323,-11.0,-2.0,-64.0
1777891095.7873323,-10.0,-4.0,-69.0
1777891095.7973323,-9.0,-5.0,-71.0
1777891095.8073325,-9.0,-6.0,-72.0
1777891095.8183324,-8.0,-7.0,-66.0
1777891095.8273325,-6.0,-7.0,-57.0
1777891095.8373325,-5.0,-7.0,-64.0
1777891095.8473325,-4.0,-7.0,-67.0
1777891095.8573325,2.0,-6.0,-66.0
1777891095.8673325,5.0,-6.0,-69.0
1777891095.8773324,4.0,-5.0,-68.0
1777891095.8873324,1.0,-1.0,-71.0
1777891095.8973324,0.0,-1.0,-71.0
1777891095.9073324,-2.0,-3.0,-74.0
1777891095.9173324,1.0,-4.0,-76.0
1777891095.9273324,-1.0,-4.0,-71.0
1777891095.9373324,-1.0,-3.0,-69.0
1777891095.9473324,-1.0,-4.0,-63.0
1777891095.9573324,-3.0,-1.0,-64.0
1777891095.9673324,-3.0,-1.0,-61.0
1777891095.9773324,-4.0,-4.0,-65.0
1777891095.9873323,-4.0,-5.0,-65.0
1777891095.9973323,-4.0,-4.0,-63.0
1777891096.0073323,-6.0,-5.0,-62.0
1777891096.0183325,0.0,-6.0,-66.0
1777891096.0283325,0.0,-4.0,-69.0
1777891096.0383325,4.0,-3.0,-73.0
1777891096.0483325,0.0,-3.0,-73.0
1777891096.0583324,-2.0,0.0,-74.0
1777891096.0683324,-3.0,-4.0,-72.0
1777891096.0783324,0.0,-7.0,-69.0
1777891096.0883324,1.0,-7.0,-70.0
1777891096.0983324,0.0,-3.0,-66.0
1777891096.1083324,3.0,-6.0,-64.0
1777891096.1183324,1.0,-5.0,-64.0
1777891096.1283324,0.0,-4.0,-63.0
1777891096.1383324,-1.0,-3.0,-72.0
1777891096.1483324,-1.0,-1.0,-74.0
1777891096.1583323,-1.0,-3.0,-71.0
1777891096.1683323,2.0,0.0,-71.0
1777891096.1783323,0.0,-1.0,-79.0
1777891096.1883323,7.0,0.0,-79.0
1777891096.1983323,2.0,0.0,-77.0
1777891096.2083323,-1.0,0.0,-79.0
1777891096.2183323,-1.0,-2.0,-71.0
1777891096.2283323,1.0,-6.0,-74.0
1777891096.2383325,4.0,-7.0,-66.0
1777891096.2483325,4.0,-5.0,-72.0
1777891096.2583325,6.0,-2.0,-79.0
1777891096.2683325,4.0,-3.0,-77.0
1777891096.2783325,2.0,-1.0,-82.0
1777891096.2883325,3.0,0.0,-80.0
1777891096.2983325,0.0,0.0,-86.0
1777891096.3083324,3.0,-7.0,-80.0
1777891096.3183324,7.0,-7.0,-80.0
1777891096.3283324,5.0,-5.0,-72.0
1777891096.3383324,7.0,-5.0,-66.0
1777891096.3483324,11.0,-3.0,-66.0
1777891096.3583324,13.0,0.0,-63.0
1777891096.3683324,8.0,0.0,-64.0
1777891096.3793323,2.0,-3.0,-72.0
1777891096.3883324,1.0,-5.0,-70.0
1777891096.3983324,1.0,-2.0,-73.0
1777891096.4083323,-2.0,-3.0,-70.0
1777891096.4183323,-3.0,0.0,-73.0
1777891096.4283323,-4.0,0.0,-74.0
1777891096.4383323,-3.0,3.0,-73.0
1777891096.4483323,-2.0,6.0,-79.0
1777891096.4583323,0.0,7.0,-79.0
1777891096.4683323,2.0,3.0,-77.0
1777891096.4783323,1.0,2.0,-79.0
1777891096.4883325,4.0,4.0,-82.0
1777891096.4983325,4.0,3.0,-76.0
1777891096.5083325,5.0,0.0,-74.0
1777891096.5183325,6.0,-3.0,-75.0
1777891096.5283325,0.0,-6.0,-76.0
1777891096.5383325,-3.0,-4.0,-73.0
1777891096.5483325,-6.0,-1.0,-68.0
1777891096.5583324,-6.0,-1.0,-72.0
1777891096.5683324,-7.0,-3.0,-67.0
1777891096.5783324,-2.0,2.0,-64.0
1777891096.5883324,-2.0,3.0,-66.0
1777891096.5983324,-2.0,1.0,-64.0
1777891096.6083324,-1.0,1.0,-63.0
1777891096.6183324,-4.0,-1.0,-63.0
1777891096.6283324,-1.0,-2.0,-66.0
1777891096.6383324,5.0,0.0,-69.0
1777891096.6483324,8.0,0.0,-71.0
1777891096.6583323,3.0,-2.0,-72.0
1777891096.6683323,9.0,-4.0,-77.0
1777891096.6783323,5.0,-6.0,-76.0
1777891096.6883323,0.0,-1.0,-77.0
1777891096.6983323,1.0,0.0,-83.0
1777891096.7083323,5.0,-2.0,-82.0
1777891096.7183323,3.0,-1.0,-76.0
1777891096.7283323,0.0,-6.0,-77.0
1777891096.7383325,1.0,-8.0,-75.0
1777891096.7483325,3.0,-7.0,-67.0
1777891096.7583325,1.0,-4.0,-69.0
1777891096.7683325,2.0,-5.0,-74.0
1777891096.7783325,2.0,-4.0,-77.0
1777891096.7883325,4.0,-3.0,-84.0
1777891096.7983325,4.0,-6.0,-78.0
1777891096.8083324,8.0,-4.0,-85.0
1777891096.8183324,5.0,0.0,-81.0
1777891096.8283324,8.0,0.0,-81.0
1777891096.8383324,8.0,0.0,-84.0
1777891096.8483324,7.0,-4.0,-87.0
1777891096.8583324,1.0,-6.0,-84.0
1777891096.8683324,4.0,-3.0,-82.0
1777891096.8783324,2.0,-4.0,-81.0
1777891096.8883324,4.0,0.0,-80.0
1777891096.8983324,2.0,0.0,-76.0
1777891096.9083323,5.0,-1.0,-81.0
1777891096.9183323,8.0,-4.0,-82.0
1777891096.9283323,4.0,-4.0,-84.0
1777891096.9383323,-1.0,-3.0,-81.0
1777891096.9483323,0.0,0.0,-77.0
1777891096.9583323,2.0,0.0,-77.0
1777891096.9683323,4.0,0.0,-77.0
1777891096.9783323,3.0,-1.0,-82.0
1777891096.9883325,4.0,-2.0,-78.0
1777891096.9983325,0.0,-3.0,-73.0
1777891097.0083325,2.0,-3.0,-69.0
1777891097.0183325,3.0,-1.0,-76.0
1777891097.0283325,4.0,0.0,-86.0
1777891097.0383325,1.0,0.0,-89.0
1777891097.0483325,3.0,-4.0,-88.0
1777891097.0583324,0.0,-4.0,-91.0
1777891097.0683324,-1.0,-1.0,-84.0
1777891097.0783324,-3.0,0.0,-73.0
1777891097.0883324,-2.0,-2.0,-63.0
1777891097.0983324,-3.0,0.0,-67.0
1777891097.1083324,-4.0,-3.0,-72.0
1777891097.1183324,-2.0,0.0,-67.0
1777891097.1283324,-4.0,1.0,-67.0
1777891097.1383324,-5.0,1.0,-68.0
1777891097.1483324,-5.0,1.0,-58.0
1777891097.1583323,-2.0,0.0,-56.0
1777891097.1683323,-4.0,1.0,-55.0
1777891097.1783323,-1.0,-1.0,-55.0
1777891097.1883323,-2.0,-2.0,-62.0
1777891097.1983323,2.0,0.0,-68.0
1777891097.2083323,3.0,3.0,-76.0
1777891097.2183323,-2.0,1.0,-73.0
1777891097.2283323,-7.0,2.0,-73.0
1777891097.2383325,-4.0,0.0,-76.0
1777891097.2483325,-1.0,1.0,-76.0
1777891097.2583325,0.0,0.0,-80.0
1777891097.2683325,0.0,-2.0,-75.0
1777891097.2783325,0.0,-4.0,-72.0
1777891097.2883325,-5.0,-1.0,-74.0
1777891097.2983325,-1.0,-1.0,-73.0
1777891097.3083324,1.0,-1.0,-70.0
1777891097.3183324,0.0,1.0,-67.0
1777891097.3283324,-1.0,0.0,-65.0
1777891097.3383324,-5.0,0.0,-68.0
1777891097.3483324,0.0,-2.0,-71.0
1777891097.3583324,-1.0,-1.0,-75.0
1777891097.3683324,0.0,-5.0,-80.0
1777891097.3783324,1.0,-2.0,-78.0
1777891097.3883324,2.0,-2.0,-76.0
1777891097.3983324,4.0,-1.0,-84.0
1777891097.4083323,3.0,0.0,-78.0
1777891097.4183323,0.0,-1.0,-77.0
1777891097.4283323,0.0,0.0,-73.0
1777891097.4383323,3.0,2.0,-74.0
1777891097.4483323,3.0,-2.0,-69.0
1777891097.4583323,5.0,-5.0,-60.0
1777891097.4683323,1.0,2.0,-57.0
1777891097.4783323,1.0,2.0,-52.0
1777891097.4883325,2.0,0.0,-58.0
1777891097.4983325,0.0,-4.0,-61.0
1777891097.5083325,2.0,-7.0,-67.0
1777891097.5183325,5.0,-4.0,-71.0
1777891097.5283325,5.0,-3.0,-69.0
1777891097.5383325,5.0,-1.0,-66.0
1777891097.5483325,1.0,-3.0,-74.0
1777891097.5583324,0.0,-2.0,-75.0
1777891097.5683324,0.0,-1.0,-71.0
1777891097.5783324,0.0,-3.0,-66.0
1777891097.5883324,2.0,-4.0,-63.0
1777891097.5983324,3.0,0.0,-68.0
1777891097.6083324,3.0,-4.0,-72.0
1777891097.6183324,6.0,-6.0,-75.0
1777891097.6283324,6.0,-7.0,-76.0
1777891097.6383324,8.0,-2.0,-68.0
1777891097.6483324,5.0,0.0,-68.0
1777891097.6583323,1.0,0.0,-75.0
1777891097.6683323,1.0,0.0,-74.0
1777891097.6783323,-1.0,-2.0,-69.0
1777891097.6883323,-1.0,-6.0,-67.0
1777891097.6983323,0.0,-8.0,-66.0
1777891097.7083323,1.0,-10.0,-72.0
1777891097.7183323,1.0,-4.0,-76.0
1777891097.7283323,-4.0,-2.0,-76.0
1777891097.7383325,-7.0,-7.0,-77.0
1777891097.7483325,-3.0,-4.0,-83.0
1777891097.7583325,0.0,-3.0,-85.0
1777891097.7683325,4.0,-2.0,-79.0
1777891097.7783325,6.0,-5.0,-84.0
1777891097.7883325,7.0,-3.0,-83.0
1777891097.7983325,5.0,0.0,-74.0
1777891097.8083324,0.0,0.0,-70.0
1777891097.8183324,-1.0,1.0,-67.0
1777891097.8283324,-1.0,5.0,-73.0
1777891097.8383324,0.0,3.0,-77.0
1777891097.8483324,-1.0,0.0,-79.0
1777891097.8583324,0.0,-1.0,-76.0
1777891097.8683324,4.0,-1.0,-73.0
1777891097.8783324,3.0,-1.0,-70.0
1777891097.8883324,4.0,0.0,-71.0
1777891097.8983324,3.0,5.0,-75.0
1777891097.9083323,2.0,0.0,-80.0
1777891097.9183323,5.0,-1.0,-79.0
1777891097.9283323,6.0,-7.0,-75.0
1777891097.9383323,8.0,-6.0,-75.0
1777891097.9483323,4.0,-3.0,-71.0
1777891097.9583323,4.0,0.0,-78.0
1777891097.9683323,0.0,1.0,-79.0
1777891097.9783323,0.0,3.0,-74.0
1777891097.9883325,1.0,1.0,-72.0
1777891097.9983325,1.0,1.0,-71.0
1777891098.0083325,0.0,0.0,-79.0
1777891098.0183325,3.0,-1.0,-78.0
1777891098.0293324,2.0,3.0,-72.0
1777891098.0393324,0.0,0.0,-69.0
1777891098.0493324,-3.0,0.0,-69.0
1777891098.0593324,-4.0,-5.0,-70.0
1777891098.0693324,-2.0,-6.0,-76.0
1777891098.0793324,1.0,0.0,-76.0
1777891098.0893323,0.0,3.0,-72.0
1777891098.0993323,1.0,3.0,-79.0
1777891098.1093323,2.0,1.0,-72.0
1777891098.1193323,1.0,0.0,-74.0
1777891098.1293323,-2.0,0.0,-74.0
1777891098.1393323,0.0,1.0,-74.0
1777891098.1493323,0.0,0.0,-73.0
1777891098.1593325,0.0,5.0,-74.0
1777891098.1693325,0.0,5.0,-73.0
1777891098.1793325,1.0,4.0,-73.0
1777891098.1893325,4.0,-2.0,-67.0
1777891098.1993325,7.0,-4.0,-65.0
1777891098.2093325,12.0,-1.0,-64.0
1777891098.2193325,9.0,-2.0,-75.0
1777891098.2293324,12.0,3.0,-76.0
1777891098.2393324,11.0,0.0,-77.0
1777891098.2493324,6.0,2.0,-76.0
1777891098.2593324,0.0,0.0,-81.0
1777891098.2693324,4.0,2.0,-81.0
1777891098.2793324,3.0,2.0,-79.0
1777891098.2893324,0.0,0.0,-80.0
1777891098.2993324,1.0,-4.0,-78.0
1777891098.3093324,7.0,-3.0,-71.0
1777891098.3193324,12.0,-3.0,-71.0
1777891098.3293324,13.0,-3.0,-71.0
1777891098.3393323,10.0,-4.0,-77.0
1777891098.3493323,9.0,-1.0,-73.0
1777891098.3593323,8.0,0.0,-71.0
1777891098.3693323,7.0,0.0,-72.0
1777891098.3793323,4.0,0.0,-75.0
1777891098.3893323,6.0,-1.0,-79.0
1777891098.3993323,6.0,-1.0,-84.0
1777891098.4093325,1.0,-3.0,-87.0
1777891098.4193325,-3.0,-2.0,-83.0
1777891098.4293325,-1.0,0.0,-81.0
1777891098.4393325,0.0,-4.0,-82.0
1777891098.4493325,1.0,-2.0,-78.0
1777891098.4593325,2.0,-1.0,-73.0
1777891098.4693325,-2.0,0.0,-69.0
1777891098.4793324,-3.0,1.0,-68.0
1777891098.4893324,2.0,-2.0,-76.0
1777891098.4993324,-1.0,-1.0,-82.0
1777891098.5093324,1.0,0.0,-72.0
1777891098.5193324,5.0,-1.0,-68.0
1777891098.5293324,11.0,-4.0,-66.0
1777891098.5393324,6.0,-6.0,-62.0
1777891098.5493324,1.0,-4.0,-58.0
1777891098.5593324,0.0,-3.0,-66.0
1777891098.5693324,-4.0,-4.0,-70.0
1777891098.5793324,-4.0,-4.0,-68.0
1777891098.5893323,-4.0,-5.0,-75.0
1777891098.5993323,-2.0,-3.0,-82.0
1777891098.6093323,1.0,-5.0,-83.0
1777891098.6193323,2.0,-8.0,-79.0
1777891098.6293323,2.0,-5.0,-81.0
1777891098.6393323,2.0,-3.0,-77.0
1777891098.6493323,2.0,-6.0,-80.0
1777891098.6593325,0.0,-4.0,-79.0
1777891098.6693325,-1.0,-3.0,-76.0
1777891098.6793325,3.0,-3.0,-81.0
1777891098.6893325,0.0,-4.0,-77.0
1777891098.6993325,4.0,-1.0,-79.0
1777891098.7093325,0.0,-1.0,-80.0
1777891098.7193325,0.0,-1.0,-82.0
1777891098.7293324,8.0,-5.0,-83.0
1777891098.7393324,9.0,-5.0,-78.0
1777891098.7493324,12.0,-5.0,-76.0
1777891098.7593324,9.0,-4.0,-62.0
1777891098.7693324,10.0,0.0,-67.0
1777891098.7793324,10.0,1.0,-67.0
1777891098.7893324,10.0,5.0,-74.0
1777891098.7993324,9.0,5.0,-77.0
1777891098.8093324,7.0,5.0,-73.0
1777891098.8193324,8.0,5.0,-74.0
1777891098.8293324,10.0,4.0,-71.0
1777891098.8393323,5.0,1.0,-74.0
1777891098.8493323,2.0,-5.0,-75.0
1777891098.8593323,2.0,-2.0,-68.0
1777891098.8693323,-2.0,3.0,-70.0
1777891098.8793323,-3.0,2.0,-75.0
1777891098.8893323,-1.0,2.0,-81.0
1777891098.8993323,-3.0,0.0,-72.0
1777891098.9093325,-3.0,0.0,-73.0
1777891098.9193325,-7.0,-1.0,-76.0
1777891098.9293325,-8.0,0.0,-79.0
1777891098.9393325,-10.0,-1.0,-73.0
1777891098.9493325,-8.0,-7.0,-74.0
1777891098.9593325,-8.0,-5.0,-72.0
1777891098.9693325,-5.0,-1.0,-75.0
1777891098.9793324,-4.0,-1.0,-72.0
1777891098.9893324,-3.0,-1.0,-74.0
1777891098.9993324,-2.0,0.0,-75.0
1777891099.0093324,-3.0,2.0,-78.0
1777891099.0193324,-1.0,3.0,-75.0
1777891099.0293324,-2.0,2.0,-73.0
1777891099.0393324,-4.0,1.0,-73.0
1777891099.0493324,-1.0,0.0,-79.0
1777891099.0593324,-1.0,2.0,-76.0
1777891099.0693324,0.0,0.0,-72.0
1777891099.0793324,0.0,2.0,-66.0
1777891099.0893323,-2.0,-2.0,-66.0
1777891099.0993323,-1.0,-7.0,-63.0
1777891099.1093323,0.0,-7.0,-59.0
1777891099.1193323,4.0,-4.0,-69.0
1777891099.1293323,6.0,-2.0,-73.0
1777891099.1393323,5.0,0.0,-73.0
1777891099.1493323,9.0,0.0,-69.0
1777891099.1593325,10.0,0.0,-69.0
1777891099.1693325,7.0,-1.0,-65.0
1777891099.1793325,2.0,0.0,-60.0
1777891099.1893325,3.0,0.0,-59.0
1777891099.1993325,-1.0,-1.0,-60.0
1777891099.2093325,0.0,1.0,-56.0
1777891099.2193325,2.0,4.0,-59.0
1777891099.2293324,2.0,6.0,-64.0
1777891099.2393324,0.0,5.0,-65.0
1777891099.2493324,1.0,-1.0,-64.0
1777891099.2593324,6.0,-2.0,-64.0
1777891099.2693324,9.0,-7.0,-61.0
1777891099.2793324,7.0,-6.0,-64.0
1777891099.2893324,7.0,-5.0,-71.0
1777891099.2993324,7.0,-4.0,-73.0
1777891099.3093324,2.0,-4.0,-72.0
1777891099.3193324,-1.0,-1.0,-71.0
1777891099.3293324,1.0,-1.0,-64.0
1777891099.3393323,1.0,-4.0,-64.0
1777891099.3493323,0.0,-1.0,-71.0
1777891099.3593323,0.0,-2.0,-67.0
1777891099.3693323,-5.0,1.0,-72.0
1777891099.3793323,-7.0,1.0,-73.0
1777891099.3893323,-2.0,1.0,-74.0
1777891099.3993323,6.0,1.0,-77.0
1777891099.4093325,4.0,0.0,-83.0
1777891099.4193325,3.0,1.0,-83.0
1777891099.4293325,1.0,1.0,-80.0
1777891099.4393325,-2.0,2.0,-79.0
1777891099.4493325,-5.0,0.0,-75.0
1777891099.4593325,-7.0,2.0,-70.0
1777891099.4693325,-5.0,0.0,-66.0
1777891099.4793324,-3.0,0.0,-62.0
1777891099.4893324,0.0,0.0,-67.0
1777891099.4993324,0.0,0.0,-72.0
1777891099.5093324,-3.0,-1.0,-78.0
1777891099.5193324,0.0,-5.0,-76.0
1777891099.5293324,0.0,1.0,-77.0
1777891099.5393324,11.0,0.0,-83.0
1777891099.5493324,13.0,0.0,-77.0
1777891099.5593324,13.0,5.0,-81.0
1777891099.5693324,13.0,9.0,-87.0
1777891099.5793324,8.0,8.0,-87.0
1777891099.5893323,6.0,10.0,-78.0
1777891099.5993323,12.0,4.0,-77.0
1777891099.6093323,9.0,4.0,-80.0
1777891099.6193323,9.0,6.0,-80.0
1777891099.6293323,5.0,5.0,-82.0
1777891099.6393323,7.0,3.0,-79.0
1777891099.6493323,5.0,1.0,-79.0
1777891099.6593325,3.0,0.0,-78.0
1777891099.6693325,5.0,0.0,-68.0
1777891099.6793325,4.0,-2.0,-66.0
1777891099.6893325,3.0,3.0,-66.0
1777891099.6993325,3.0,1.0,-70.0
1777891099.7093325,0.0,1.0,-70.0
1777891099.7193325,-2.0,2.0,-70.0
1777891099.7293324,0.0,-1.0,-70.0
1777891099.7393324,0.0,-1.0,-70.0
1777891099.7493324,0.0,-3.0,-76.0
1777891099.7593324,1.0,-4.0,-74.0
1777891099.7693324,0.0,-4.0,-72.0
1777891099.7793324,2.0,-4.0,-77.0
1777891099.7893324,0.0,-4.0,-77.0
1777891099.7993324,-2.0,-6.0,-78.0
1777891099.8093324,-3.0,-1.0,-82.0
1777891099.8193324,-2.0,-1.0,-84.0
1777891099.8293324,-1.0,-1.0,-78.0
1777891099.8393323,2.0,0.0,-73.0
1777891099.8493323,-2.0,1.0,-68.0
1777891099.8593323,1.0,0.0,-67.0
1777891099.8693323,4.0,-3.0,-69.0
1777891099.8793323,1.0,-5.0,-70.0
1777891099.8893323,4.0,-9.0,-72.0
1777891099.8993323,1.0,-8.0,-76.0
1777891099.9093325,0.0,-4.0,-73.0
1777891099.9193325,-1.0,-2.0,-76.0
1777891099.9293325,2.0,-4.0,-82.0
1777891099.9393325,4.0,-6.0,-81.0
1777891099.9493325,4.0,-3.0,-83.0
1777891099.9593325,1.0,0.0,-81.0
1777891099.9693325,-2.0,0.0,-83.0
1777891099.9793324,-6.0,-1.0,-77.0
1777891099.9903324,-7.0,-1.0,-77.0
1777891099.9993324,-2.0,-1.0,-75.0
1777891100.0093324,-1.0,-2.0,-77.0
1777891100.0203323,1.0,-3.0,-79.0
1777891100.0303323,0.0,-5.0,-78.0
1777891100.0403323,3.0,-10.0,-82.0
1777891100.0503323,2.0,-10.0,-80.0
1777891100.0603323,3.0,-3.0,-80.0
1777891100.0703323,3.0,-1.0,-88.0
1777891100.0803325,3.0,0.0,-85.0
1777891100.0903325,-2.0,0.0,-81.0
1777891100.1003325,-3.0,0.0,-74.0
1777891100.1103325,-5.0,2.0,-71.0
1777891100.1203325,-7.0,2.0,-73.0
1777891100.1303325,-6.0,0.0,-73.0
1777891100.1403325,0.0,1.0,-76.0
1777891100.1503325,0.0,-2.0,-78.0
1777891100.1603324,0.0,0.0,-81.0
1777891100.1703324,0.0,2.0,-76.0
1777891100.1803324,-3.0,6.0,-76.0
1777891100.1903324,-4.0,6.0,-78.0
1777891100.2003324,-2.0,5.0,-77.0
1777891100.2103324,-2.0,1.0,-77.0
1777891100.2203324,-3.0,0.0,-78.0
1777891100.2303324,0.0,2.0,-78.0
1777891100.2403324,2.0,2.0,-82.0
1777891100.2503324,0.0,2.0,-89.0
1777891100.2603323,-1.0,-1.0,-85.0
1777891100.2703323,-1.0,1.0,-82.0
1777891100.2803323,-7.0,1.0,-80.0
1777891100.2903323,-3.0,0.0,-71.0
1777891100.3003323,-3.0,2.0,-69.0
1777891100.3103323,-3.0,1.0,-68.0
1777891100.3203323,0.0,4.0,-71.0
1777891100.3303325,-1.0,-1.0,-76.0
1777891100.3403325,2.0,-3.0,-79.0
1777891100.3503325,-3.0,-5.0,-76.0
1777891100.3603325,-2.0,-2.0,-77.0
1777891100.3703325,2.0,1.0,-76.0
1777891100.3803325,1.0,0.0,-75.0
1777891100.3903325,1.0,-1.0,-79.0
1777891100.4003325,-1.0,0.0,-73.0
1777891100.4103324,1.0,0.0,-75.0
1777891100.4203324,-3.0,-2.0,-77.0
1777891100.4303324,0.0,-2.0,-81.0
1777891100.4403324,0.0,-2.0,-80.0
1777891100.4503324,3.0,-3.0,-82.0
1777891100.4603324,7.0,0.0,-76.0
1777891100.4703324,2.0,2.0,-77.0
1777891100.4803324,-1.0,1.0,-74.0
1777891100.4903324,0.0,0.0,-77.0
1777891100.5003324,2.0,0.0,-81.0
1777891100.5103323,0.0,2.0,-79.0
1777891100.5203323,1.0,4.0,-73.0
1777891100.5303323,2.0,0.0,-69.0
1777891100.5403323,1.0,2.0,-65.0
1777891100.5503323,0.0,6.0,-61.0
1777891100.5603323,-1.0,4.0,-64.0
1777891100.5703323,-1.0,0.0,-69.0
1777891100.5803325,3.0,-3.0,-75.0
1777891100.5903325,4.0,-1.0,-72.0
1777891100.6003325,3.0,-4.0,-70.0
1777891100.6103325,1.0,-6.0,-72.0
1777891100.6203325,-1.0,-7.0,-74.0
1777891100.6303325,-1.0,-5.0,-76.0
1777891100.6403325,0.0,-5.0,-79.0
1777891100.6503325,3.0,0.0,-77.0
1777891100.6603324,1.0,2.0,-76.0
1777891100.6703324,-2.0,0.0,-76.0
1777891100.6813323,-3.0,-5.0,-76.0
1777891100.6903324,-2.0,-5.0,-76.0
1777891100.7003324,-3.0,-5.0,-80.0
1777891100.7103324,-2.0,-5.0,-77.0
1777891100.7203324,0.0,-2.0,-80.0
1777891100.7303324,0.0,-2.0,-73.0
1777891100.7403324,0.0,0.0,-64.0
1777891100.7503324,2.0,-1.0,-60.0
1777891100.7603323,2.0,0.0,-71.0
1777891100.7703323,3.0,0.0,-61.0
1777891100.7803323,-1.0,1.0,-64.0
1777891100.7903323,-2.0,2.0,-66.0
1777891100.8003323,0.0,0.0,-70.0
1777891100.8103323,3.0,0.0,-69.0
1777891100.8203323,4.0,1.0,-65.0
1777891100.8303325,6.0,0.0,-67.0
1777891100.8403325,8.0,0.0,-66.0
1777891100.8503325,10.0,4.0,-71.0
1777891100.8603325,7.0,-1.0,-75.0
1777891100.8703325,7.0,0.0,-78.0
1777891100.8803325,8.0,0.0,-75.0
1777891100.8903325,-1.0,2.0,-72.0
1777891100.9003325,-1.0,2.0,-75.0
1777891100.9103324,2.0,2.0,-76.0
1777891100.9203324,2.0,4.0,-80.0
1777891100.9303324,-2.0,1.0,-77.0
1777891100.9403324,1.0,3.0,-81.0
1777891100.9503324,7.0,6.0,-75.0
1777891100.9603324,5.0,1.0,-73.0
1777891100.9703324,5.0,3.0,-74.0
1777891100.9803324,7.0,0.0,-81.0
1777891100.9903324,3.0,0.0,-80.0
1777891101.0003324,4.0,2.0,-81.0
1777891101.0103323,2.0,3.0,-87.0
1777891101.0203323,3.0,2.0,-82.0
1777891101.0303323,-2.0,1.0,-78.0
1777891101.0403323,-1.0,-1.0,-75.0
1777891101.0503323,0.0,0.0,-72.0
1777891101.0603323,2.0,2.0,-72.0
1777891101.0703323,4.0,-2.0,-70.0
1777891101.0803325,2.0,-2.0,-70.0
1777891101.0903325,-1.0,0.0,-66.0
1777891101.1003325,0.0,4.0,-57.0
1777891101.1103325,3.0,6.0,-61.0
1777891101.1203325,1.0,5.0,-70.0
1777891101.1303325,0.0,5.0,-71.0
1777891101.1403325,0.0,5.0,-62.0
1777891101.1503325,0.0,6.0,-64.0
1777891101.1603324,0.0,8.0,-58.0
1777891101.1703324,-1.0,2.0,-55.0
1777891101.1803324,-3.0,1.0,-60.0
1777891101.1903324,-3.0,-1.0,-71.0
1777891101.2003324,-3.0,1.0,-70.0
1777891101.2103324,-5.0,6.0,-72.0
1777891101.2203324,-1.0,3.0,-71.0
1777891101.2303324,-6.0,3.0,-73.0
1777891101.2403324,-3.0,0.0,-71.0
1777891101.2503324,-2.0,2.0,-70.0
1777891101.2603323,1.0,5.0,-68.0
1777891101.2703323,7.0,5.0,-66.0
1777891101.2803323,5.0,0.0,-70.0
1777891101.2903323,3.0,-3.0,-75.0
1777891101.3003323,4.0,-6.0,-75.0
1777891101.3103323,3.0,-2.0,-75.0
1777891101.3203323,3.0,0.0,-70.0
1777891101.3303325,1.0,1.0,-65.0
1777891101.3403325,-3.0,0.0,-67.0
1777891101.3503325,-2.0,2.0,-65.0
1777891101.3603325,2.0,2.0,-63.0
1777891101.3703325,5.0,0.0,-68.0
1777891101.3803325,10.0,-1.0,-68.0
1777891101.3903325,7.0,-1.0,-63.0
1777891101.4003325,11.0,-1.0,-63.0
1777891101.4103324,12.0,1.0,-69.0
1777891101.4203324,6.0,1.0,-70.0
1777891101.4303324,5.0,2.0,-79.0
1777891101.4403324,6.0,1.0,-77.0
1777891101.4503324,4.0,1.0,-72.0
1777891101.4603324,7.0,0.0,-68.0
1777891101.4703324,8.0,-2.0,-68.0
1777891101.4803324,3.0,-1.0,-72.0
1777891101.4903324,0.0,0.0,-70.0
1777891101.5003324,-2.0,0.0,-68.0
1777891101.5103323,0.0,2.0,-64.0
1777891101.5203323,0.0,0.0,-67.0
1777891101.5303323,1.0,-4.0,-70.0
1777891101.5403323,4.0,-6.0,-71.0
1777891101.5503323,5.0,-5.0,-66.0
1777891101.5603323,3.0,-3.0,-59.0
1777891101.5703323,0.0,-2.0,-64.0
1777891101.5803325,1.0,1.0,-63.0
1777891101.5903325,5.0,1.0,-64.0
1777891101.6003325,5.0,4.0,-67.0
1777891101.6103325,7.0,6.0,-73.0
1777891101.6203325,7.0,6.0,-75.0
1777891101.6303325,4.0,7.0,-73.0
1777891101.6403325,0.0,5.0,-76.0
1777891101.6503325,1.0,5.0,-78.0
1777891101.6603324,-3.0,6.0,-73.0
1777891101.6703324,-1.0,7.0,-74.0
1777891101.6803324,-1.0,1.0,-74.0
1777891101.6903324,-1.0,0.0,-74.0
1777891101.7003324,-5.0,-1.0,-77.0
1777891101.7103324,-3.0,-3.0,-81.0
1777891101.7203324,-2.0,-4.0,-77.0
1777891101.7303324,-2.0,-1.0,-76.0
1777891101.7403324,-3.0,0.0,-75.0
1777891101.7503324,-2.0,3.0,-67.0
1777891101.7603323,0.0,3.0,-63.0
1777891101.7703323,0.0,2.0,-70.0
1777891101.7803323,2.0,0.0,-68.0
1777891101.7903323,0.0,0.0,-68.0
1777891101.8003323,3.0,1.0,-72.0
1777891101.8103323,5.0,0.0,-73.0
1777891101.8203323,7.0,2.0,-74.0
1777891101.8303325,10.0,2.0,-72.0
1777891101.8403325,8.0,4.0,-77.0
1777891101.8503325,6.0,3.0,-72.0
1777891101.8603325,7.0,2.0,-75.0
1777891101.8703325,4.0,-2.0,-73.0
1777891101.8803325,1.0,-4.0,-68.0
1777891101.8903325,0.0,-6.0,-70.0
1777891101.9003325,4.0,-7.0,-72.0
1777891101.9103324,8.0,-7.0,-68.0
1777891101.9203324,6.0,-7.0,-69.0
1777891101.9303324,4.0,-1.0,-74.0
1777891101.9403324,0.0,0.0,-75.0
1777891101.9503324,-1.0,1.0,-77.0
1777891101.9603324,-1.0,-1.0,-72.0
1777891101.9703324,3.0,1.0,-73.0
1777891101.9813323,1.0,3.0,-67.0
1777891101.9903324,4.0,3.0,-71.0
1777891102.0003324,4.0,3.0,-71.0
1777891102.0113325,0.0,0.0,-73.0
1777891102.0213325,2.0,0.0,-78.0
1777891102.0313325,0.0,-3.0,-77.0
1777891102.0413325,0.0,-5.0,-79.0
1777891102.0513325,-3.0,-4.0,-75.0
1777891102.0613325,-5.0,-4.0,-75.0
1777891102.0713325,1.0,-6.0,-75.0
1777891102.0813324,0.0,-6.0,-70.0
1777891102.0913324,0.0,-6.0,-69.0
1777891102.1013324,-2.0,-1.0,-70.0
1777891102.1113324,-3.0,-1.0,-76.0
1777891102.1213324,0.0,-4.0,-76.0
1777891102.1313324,2.0,-1.0,-81.0
1777891102.1413324,0.0,-1.0,-83.0
1777891102.1513324,0.0,0.0,-83.0
1777891102.1613324,0.0,0.0,-75.0
1777891102.1713324,0.0,0.0,-67.0
1777891102.1813323,0.0,2.0,-69.0
1777891102.1913323,-2.0,-1.0,-74.0
1777891102.2013323,-3.0,-4.0,-74.0
1777891102.2113323,0.0,-4.0,-73.0
1777891102.2213323,1.0,-3.0,-73.0
1777891102.2313323,3.0,0.0,-74.0
1777891102.2413323,3.0,-2.0,-75.0
1777891102.2513323,0.0,-5.0,-77.0
1777891102.2613325,0.0,-4.0,-79.0
1777891102.2713325,0.0,0.0,-79.0
1777891102.2813325,-2.0,-4.0,-74.0
1777891102.2913325,-3.0,-7.0,-71.0
1777891102.3013325,-7.0,-2.0,-72.0
1777891102.3113325,-5.0,0.0,-72.0
1777891102.3213325,-6.0,1.0,-76.0
1777891102.3313324,-11.0,0.0,-75.0
1777891102.3413324,-14.0,1.0,-73.0
1777891102.3513324,-14.0,1.0,-68.0
1777891102.3613324,-6.0,4.0,-68.0
1777891102.3713324,-4.0,5.0,-74.0
1777891102.3813324,-6.0,3.0,-81.0
1777891102.3913324,-7.0,2.0,-80.0
1777891102.4013324,-5.0,1.0,-76.0
1777891102.4113324,-4.0,5.0,-71.0
1777891102.4213324,-2.0,5.0,-68.0
1777891102.4313323,-1.0,1.0,-62.0
1777891102.4413323,-4.0,-1.0,-63.0
1777891102.4513323,-8.0,0.0,-60.0
1777891102.4613323,-3.0,-1.0,-65.0
1777891102.4713323,0.0,0.0,-59.0
1777891102.4813323,0.0,-3.0,-64.0
1777891102.4913323,-1.0,-5.0,-66.0
1777891102.5013323,1.0,-8.0,-73.0
1777891102.5113325,3.0,-7.0,-74.0
1777891102.5213325,2.0,-8.0,-74.0
1777891102.5313325,3.0,-7.0,-72.0
1777891102.5413325,2.0,-7.0,-71.0
1777891102.5513325,4.0,-3.0,-70.0
1777891102.5613325,3.0,-4.0,-70.0
1777891102.5713325,0.0,-3.0,-69.0
1777891102.5813324,1.0,-2.0,-73.0
1777891102.5913324,0.0,0.0,-72.0
1777891102.6013324,0.0,3.0,-76.0
1777891102.6113324,0.0,3.0,-73.0
1777891102.6213324,3.0,0.0,-73.0
1777891102.6313324,7.0,-5.0,-74.0
1777891102.6413324,10.0,-3.0,-73.0
1777891102.6513324,8.0,-2.0,-70.0
1777891102.6613324,1.0,1.0,-70.0
1777891102.6713324,3.0,-2.0,-69.0
1777891102.6813323,6.0,-2.0,-71.0
1777891102.6913323,9.0,-4.0,-76.0
1777891102.7013323,8.0,-2.0,-66.0
1777891102.7113323,6.0,-2.0,-63.0
1777891102.7213323,7.0,-1.0,-66.0
1777891102.7313323,9.0,1.0,-66.0
1777891102.7413323,5.0,-1.0,-64.0
1777891102.7513323,4.0,0.0,-62.0
1777891102.7613325,0.0,-1.0,-63.0
1777891102.7713325,3.0,-1.0,-60.0
1777891102.7813325,5.0,0.0,-62.0
1777891102.7913325,-1.0,2.0,-60.0
1777891102.8013325,-6.0,1.0,-64.0
1777891102.8113325,-7.0,-3.0,-70.0
1777891102.8213325,-6.0,0.0,-69.0
1777891102.8313324,-3.0,-1.0,-69.0
1777891102.8413324,-3.0,2.0,-68.0
1777891102.8513324,-4.0,4.0,-70.0
1777891102.8613324,-1.0,0.0,-73.0
1777891102.8713324,-2.0,-5.0,-67.0
1777891102.8813324,1.0,-8.0,-67.0
1777891102.8913324,3.0,-7.0,-67.0
1777891102.9013324,5.0,-7.0,-71.0
1777891102.9113324,3.0,-6.0,-73.0
1777891102.9213324,6.0,-5.0,-82.0
1777891102.9313323,-1.0,-5.0,-84.0
1777891102.9413323,-4.0,-9.0,-82.0
1777891102.9513323,-4.0,-12.0,-78.0
1777891102.9613323,-5.0,-11.0,-71.0
1777891102.9713323,-5.0,-2.0,-70.0
1777891102.9813323,-1.0,1.0,-70.0
1777891102.9913323,-1.0,1.0,-72.0
1777891103.0013323,-1.0,3.0,-70.0
1777891103.0113325,-1.0,2.0,-75.0
1777891103.0213325,1.0,0.0,-76.0
1777891103.0313325,3.0,0.0,-73.0
1777891103.0413325,3.0,-1.0,-71.0
1777891103.0513325,4.0,0.0,-76.0
1777891103.0613325,-2.0,-1.0,-81.0
1777891103.0713325,-2.0,0.0,-81.0
1777891103.0813324,0.0,0.0,-81.0
1777891103.0913324,-2.0,1.0,-78.0
1777891103.1013324,-1.0,-4.0,-67.0
1777891103.1113324,-4.0,-3.0,-68.0
1777891103.1213324,-4.0,-3.0,-68.0
1777891103.1313324,-4.0,-2.0,-65.0
1777891103.1413324,-3.0,-2.0,-61.0
1777891103.1513324,-6.0,-1.0,-63.0
1777891103.1613324,-7.0,-1.0,-66.0
1777891103.1713324,-5.0,0.0,-65.0
1777891103.1813323,-4.0,-2.0,-70.0
1777891103.1913323,-8.0,-1.0,-75.0
1777891103.2013323,-9.0,0.0,-76.0
1777891103.2113323,-9.0,1.0,-74.0
1777891103.2213323,-4.0,3.0,-71.0
1777891103.2313323,0.0,-3.0,-72.0
1777891103.2413323,-2.0,0.0,-71.0
1777891103.2513323,0.0,0.0,-67.0
1777891103.2613325,0.0,0.0,-71.0
1777891103.2713325,2.0,1.0,-69.0
1777891103.2813325,1.0,3.0,-69.0
1777891103.2913325,-4.0,5.0,-64.0
1777891103.3013325,-3.0,5.0,-63.0
1777891103.3113325,-1.0,3.0,-65.0
1777891103.3213325,0.0,2.0,-71.0
1777891103.3313324,2.0,6.0,-68.0
1777891103.3413324,4.0,5.0,-68.0
1777891103.3513324,5.0,4.0,-64.0
1777891103.3613324,1.0,3.0,-70.0
1777891103.3713324,0.0,2.0,-68.0
1777891103.3813324,-2.0,-1.0,-60.0
1777891103.3913324,-1.0,-4.0,-65.0
1777891103.4013324,0.0,-6.0,-63.0
1777891103.4113324,4.0,0.0,-66.0
1777891103.4213324,6.0,0.0,-64.0
1777891103.4313323,3.0,-1.0,-58.0
1777891103.4413323,5.0,-3.0,-48.0
1777891103.4513323,0.0,-3.0,-52.0
1777891103.4613323,0.0,-7.0,-60.0
1777891103.4713323,4.0,-8.0,-59.0
1777891103.4813323,0.0,-3.0,-64.0
1777891103.4913323,2.0,-3.0,-62.0
1777891103.5013323,0.0,-5.0,-65.0
1777891103.5113325,0.0,-5.0,-66.0
1777891103.5213325,-3.0,-4.0,-64.0
1777891103.5313325,0.0,0.0,-67.0
1777891103.5413325,3.0,-1.0,-73.0
1777891103.5513325,0.0,2.0,-71.0
1777891103.5613325,0.0,4.0,-72.0
1777891103.5713325,1.0,4.0,-74.0
1777891103.5813324,4.0,4.0,-72.0
1777891103.5913324,6.0,4.0,-72.0
1777891103.6013324,8.0,0.0,-71.0
1777891103.6113324,2.0,-3.0,-64.0
1777891103.6213324,0.0,3.0,-65.0
1777891103.6313324,-2.0,3.0,-68.0
1777891103.6413324,0.0,0.0,-73.0
1777891103.6513324,5.0,-2.0,-74.0
1777891103.6613324,7.0,-3.0,-68.0
1777891103.6713324,4.0,-4.0,-71.0
1777891103.6813323,5.0,-5.0,-68.0
1777891103.6913323,0.0,-6.0,-75.0
1777891103.7013323,-2.0,-4.0,-69.0
1777891103.7113323,-1.0,-7.0,-69.0
1777891103.7213323,-4.0,-5.0,-70.0
1777891103.7313323,-5.0,-4.0,-70.0
1777891103.7413323,-2.0,-7.0,-68.0
1777891103.7513323,-4.0,-4.0,-71.0
1777891103.7613325,-4.0,-10.0,-66.0
1777891103.7713325,-4.0,-6.0,-65.0
1777891103.7813325,0.0,-6.0,-64.0
1777891103.7913325,0.0,-6.0,-67.0
1777891103.8013325,-1.0,-3.0,-70.0
1777891103.8113325,2.0,0.0,-69.0
1777891103.8213325,8.0,-4.0,-74.0
1777891103.8313324,4.0,0.0,-77.0
1777891103.8413324,7.0,1.0,-74.0
1777891103.8513324,4.0,6.0,-72.0
1777891103.8613324,1.0,9.0,-71.0
1777891103.8713324,0.0,9.0,-67.0
1777891103.8813324,3.0,7.0,-62.0
1777891103.8913324,4.0,1.0,-71.0
1777891103.9013324,3.0,2.0,-75.0
1777891103.9113324,4.0,1.0,-74.0
1777891103.9213324,2.0,-2.0,-81.0
1777891103.9313323,1.0,-2.0,-78.0
1777891103.9413323,1.0,-2.0,-72.0
1777891103.9513323,6.0,-3.0,-75.0
1777891103.9613323,4.0,0.0,-74.0
1777891103.9713323,2.0,-2.0,-67.0
1777891103.9823325,0.0,-3.0,-70.0
1777891103.9913323,0.0,-2.0,-72.0
1777891104.0023324,-1.0,-3.0,-64.0
1777891104.0123324,0.0,-3.0,-59.0
1777891104.0223324,-2.0,0.0,-63.0
1777891104.0323324,1.0,0.0,-66.0
1777891104.0423324,6.0,3.0,-68.0
1777891104.0523324,4.0,6.0,-72.0
1777891104.0623324,1.0,2.0,-69.0
1777891104.0723324,-3.0,-1.0,-73.0
1777891104.0823324,-5.0,-1.0,-74.0
1777891104.0923324,-2.0,-3.0,-76.0
1777891104.1023324,0.0,-4.0,-73.0
1777891104.1123323,-3.0,0.0,-71.0
1777891104.1223323,-1.0,0.0,-70.0
1777891104.1323323,-1.0,-2.0,-72.0
1777891104.1423323,-2.0,0.0,-70.0
1777891104.1523323,-2.0,0.0,-71.0
1777891104.1623323,-2.0,-3.0,-67.0
1777891104.1723323,-5.0,-2.0,-62.0
1777891104.1823325,-6.0,1.0,-63.0
1777891104.1923325,-4.0,0.0,-67.0
1777891104.2023325,0.0,4.0,-71.0
1777891104.2123325,0.0,4.0,-69.0
1777891104.2223325,0.0,0.0,-65.0
1777891104.2323325,-1.0,-1.0,-62.0
1777891104.2423325,0.0,-1.0,-69.0
1777891104.2523324,-3.0,0.0,-69.0
1777891104.2623324,-6.0,1.0,-68.0
1777891104.2723324,0.0,-3.0,-71.0
1777891104.2823324,1.0,-4.0,-77.0
1777891104.2923324,2.0,-6.0,-79.0
1777891104.3023324,1.0,-8.0,-75.0
1777891104.3123324,0.0,-7.0,-76.0
1777891104.3223324,-1.0,-8.0,-75.0
1777891104.3323324,0.0,-7.0,-75.0
1777891104.3423324,0.0,-6.0,-76.0
1777891104.3523324,-1.0,-6.0,-78.0
1777891104.3623323,1.0,-1.0,-82.0
1777891104.3723323,1.0,0.0,-82.0
1777891104.3823323,1.0,0.0,-80.0
1777891104.3923323,1.0,-3.0,-78.0
1777891104.4023323,4.0,-1.0,-81.0
1777891104.4123323,2.0,1.0,-80.0
1777891104.4223323,-5.0,4.0,-78.0
1777891104.4323325,-7.0,7.0,-74.0
1777891104.4423325,-5.0,9.0,-76.0
1777891104.4523325,-4.0,7.0,-71.0
1777891104.4623325,-3.0,6.0,-72.0
1777891104.4723325,-4.0,9.0,-69.0
1777891104.4823325,-2.0,8.0,-77.0
1777891104.4923325,-4.0,5.0,-78.0
1777891104.5023324,0.0,2.0,-71.0
1777891104.5123324,4.0,-2.0,-74.0
1777891104.5223324,2.0,-5.0,-69.0
1777891104.5323324,5.0,-7.0,-69.0
1777891104.5423324,6.0,-8.0,-67.0
1777891104.5523324,5.0,-2.0,-72.0
1777891104.5623324,0.0,3.0,-70.0
1777891104.5723324,0.0,9.0,-64.0
1777891104.5823324,2.0,8.0,-60.0
1777891104.5923324,5.0,2.0,-68.0
1777891104.6023324,4.0,5.0,-72.0
1777891104.6123323,-1.0,8.0,-75.0
1777891104.6223323,-2.0,5.0,-77.0
1777891104.6323323,-1.0,8.0,-81.0
1777891104.6423323,-1.0,10.0,-86.0
1777891104.6523323,-2.0,9.0,-84.0
1777891104.6623323,2.0,7.0,-88.0
1777891104.6723323,5.0,1.0,-82.0
1777891104.6823325,9.0,2.0,-83.0
1777891104.6923325,6.0,0.0,-82.0
1777891104.7023325,7.0,1.0,-77.0
1777891104.7123325,6.0,0.0,-81.0
1777891104.7223325,7.0,3.0,-80.0
1777891104.7323325,8.0,2.0,-74.0
1777891104.7423325,0.0,3.0,-72.0
1777891104.7523324,2.0,0.0,-74.0
1777891104.7623324,3.0,-5.0,-76.0
1777891104.7723324,0.0,-6.0,-75.0
1777891104.7823324,5.0,-1.0,-73.0
1777891104.7923324,3.0,2.0,-69.0
1777891104.8023324,7.0,6.0,-71.0
1777891104.8123324,1.0,5.0,-66.0
1777891104.8223324,1.0,3.0,-68.0
1777891104.8323324,1.0,0.0,-71.0
1777891104.8423324,-1.0,3.0,-71.0
1777891104.8523324,-2.0,2.0,-77.0
1777891104.8623323,-2.0,2.0,-75.0
1777891104.8723323,-2.0,1.0,-72.0
1777891104.8823323,-2.0,6.0,-68.0
1777891104.8923323,0.0,1.0,-65.0
1777891104.9023323,0.0,0.0,-68.0
1777891104.9123323,0.0,0.0,-73.0
1777891104.9223323,0.0,0.0,-65.0
1777891104.9323325,-2.0,-3.0,-59.0
1777891104.9423325,1.0,-6.0,-59.0
1777891104.9523325,0.0,-5.0,-59.0
1777891104.9623325,0.0,-5.0,-61.0
1777891104.9723325,0.0,-3.0,-64.0
1777891104.9823325,2.0,-5.0,-71.0
1777891104.9923325,5.0,-3.0,-73.0
1777891105.0023324,3.0,-6.0,-76.0
1777891105.0123324,4.0,-8.0,-76.0
1777891105.0223324,7.0,-3.0,-74.0
1777891105.0323324,5.0,-2.0,-69.0
1777891105.0423324,4.0,-4.0,-74.0
1777891105.0523324,7.0,0.0,-76.0
1777891105.0623324,4.0,2.0,-76.0
1777891105.0723324,6.0,4.0,-78.0
1777891105.0823324,2.0,4.0,-80.0
1777891105.0923324,0.0,4.0,-79.0
1777891105.1023324,-4.0,1.0,-75.0
1777891105.1123323,-3.0,0.0,-76.0
1777891105.1223323,-5.0,-2.0,-76.0
1777891105.1323323,-5.0,1.0,-80.0
1777891105.1423323,-5.0,1.0,-74.0
1777891105.1523323,-7.0,0.0,-70.0
1777891105.1623323,-7.0,1.0,-66.0
1777891105.1723323,-4.0,0.0,-63.0
1777891105.1823325,-2.0,-1.0,-57.0
1777891105.1923325,-4.0,-3.0,-61.0
1777891105.2023325,-3.0,1.0,-66.0
1777891105.2123325,0.0,1.0,-70.0
1777891105.2223325,2.0,6.0,-71.0
1777891105.2323325,0.0,3.0,-65.0
1777891105.2423325,-2.0,4.0,-67.0
1777891105.2523324,4.0,2.0,-69.0
1777891105.2623324,1.0,1.0,-66.0
1777891105.2723324,1.0,1.0,-69.0
1777891105.2823324,0.0,-4.0,-75.0
1777891105.2923324,1.0,-5.0,-73.0
1777891105.3023324,0.0,-4.0,-72.0
1777891105.3123324,-3.0,-1.0,-73.0
1777891105.3223324,0.0,1.0,-78.0
1777891105.3323324,2.0,4.0,-75.0
1777891105.3423324,3.0,2.0,-73.0
1777891105.3523324,0.0,6.0,-77.0
1777891105.3623323,0.0,6.0,-77.0
1777891105.3723323,-3.0,3.0,-75.0
1777891105.3823323,-6.0,5.0,-82.0
1777891105.3923323,-3.0,6.0,-83.0
1777891105.4023323,-4.0,6.0,-82.0
1777891105.4123323,-5.0,7.0,-78.0
1777891105.4223323,-10.0,7.0,-73.0
1777891105.4323325,-9.0,4.0,-73.0
1777891105.4423325,-10.0,2.0,-73.0
1777891105.4523325,-3.0,0.0,-68.0
1777891105.4623325,-4.0,4.0,-70.0
1777891105.4723325,-1.0,5.0,-73.0
1777891105.4823325,-1.0,2.0,-69.0
1777891105.4923325,1.0,0.0,-64.0
1777891105.5023324,0.0,1.0,-65.0
1777891105.5123324,3.0,2.0,-68.0
1777891105.5223324,-2.0,2.0,-70.0
1777891105.5323324,1.0,-1.0,-69.0
1777891105.5423324,5.0,-1.0,-69.0
1777891105.5523324,5.0,-2.0,-69.0
1777891105.5623324,6.0,-5.0,-64.0
1777891105.5723324,6.0,-7.0,-65.0
1777891105.5823324,3.0,-2.0,-71.0
1777891105.5923324,4.0,0.0,-74.0
1777891105.6023324,5.0,3.0,-72.0
1777891105.6123323,5.0,3.0,-70.0
1777891105.6223323,2.0,5.0,-70.0
1777891105.6323323,2.0,4.0,-68.0
1777891105.6423323,0.0,0.0,-64.0
1777891105.6523323,0.0,0.0,-68.0
1777891105.6623323,-3.0,-5.0,-63.0
1777891105.6723323,-5.0,-9.0,-67.0
1777891105.6823325,-4.0,-9.0,-66.0
1777891105.6923325,-3.0,-9.0,-69.0
1777891105.7023325,-6.0,-7.0,-68.0
1777891105.7123325,-7.0,0.0,-65.0
1777891105.7223325,0.0,2.0,-63.0
1777891105.7323325,4.0,2.0,-68.0
1777891105.7423325,1.0,0.0,-71.0
1777891105.7523324,4.0,-3.0,-71.0
1777891105.7623324,3.0,-6.0,-72.0
1777891105.7723324,2.0,-6.0,-69.0
1777891105.7823324,1.0,-8.0,-72.0
1777891105.7923324,4.0,-6.0,-71.0
1777891105.8023324,0.0,-9.0,-66.0
1777891105.8123324,1.0,-3.0,-63.0
1777891105.8223324,1.0,-5.0,-62.0
1777891105.8323324,2.0,-6.0,-66.0
1777891105.8423324,0.0,-8.0,-66.0
1777891105.8523324,2.0,-9.0,-68.0
1777891105.8623323,5.0,-8.0,-72.0
1777891105.8723323,2.0,-7.0,-80.0
1777891105.8823323,1.0,-3.0,-79.0
1777891105.8923323,2.0,-5.0,-71.0
1777891105.9023323,2.0,-2.0,-77.0
1777891105.9123323,1.0,3.0,-84.0
1777891105.9223323,3.0,1.0,-80.0
1777891105.9323325,3.0,2.0,-74.0
1777891105.9423325,1.0,1.0,-70.0
1777891105.9523325,1.0,0.0,-65.0
1777891105.9623325,0.0,3.0,-67.0
1777891105.9733324,1.0,5.0,-72.0
1777891105.9823325,3.0,6.0,-68.0
1777891105.9933324,2.0,5.0,-63.0
1777891106.0033324,6.0,6.0,-65.0
1777891106.0133324,10.0,7.0,-68.0
1777891106.0233324,8.0,6.0,-70.0
1777891106.0333323,4.0,3.0,-69.0
1777891106.0433323,3.0,1.0,-68.0
1777891106.0533323,3.0,0.0,-72.0
1777891106.0633323,-1.0,-3.0,-73.0
1777891106.0733323,-2.0,-4.0,-82.0
1777891106.0833323,-1.0,-4.0,-78.0
1777891106.0933323,-1.0,-3.0,-77.0
1777891106.1033323,0.0,-1.0,-79.0
1777891106.1133325,2.0,-3.0,-78.0
1777891106.1233325,6.0,0.0,-75.0
1777891106.1333325,4.0,6.0,-72.0
1777891106.1433325,6.0,1.0,-75.0
1777891106.1533325,9.0,3.0,-81.0
1777891106.1633325,6.0,0.0,-73.0
1777891106.1733325,1.0,1.0,-76.0
1777891106.1833324,0.0,1.0,-67.0
1777891106.1933324,3.0,3.0,-75.0
1777891106.2033324,0.0,-1.0,-82.0
1777891106.2133324,1.0,0.0,-78.0
1777891106.2233324,1.0,4.0,-79.0
1777891106.2333324,0.0,6.0,-84.0
1777891106.2433324,0.0,6.0,-75.0
1777891106.2533324,5.0,0.0,-78.0
1777891106.2633324,0.0,5.0,-78.0
1777891106.2733324,1.0,1.0,-75.0
1777891106.2833323,2.0,2.0,-80.0
1777891106.2933323,1.0,0.0,-80.0
1777891106.3033323,0.0,-2.0,-74.0
1777891106.3133323,1.0,-5.0,-64.0
1777891106.3233323,0.0,-2.0,-69.0
1777891106.3333323,2.0,-1.0,-67.0
1777891106.3433323,5.0,-1.0,-66.0
1777891106.3533323,3.0,1.0,-55.0
1777891106.3633325,1.0,0.0,-60.0
1777891106.3733325,-2.0,1.0,-68.0
1777891106.3833325,0.0,-2.0,-70.0
1777891106.3933325,0.0,0.0,-77.0
1777891106.4033325,1.0,-1.0,-74.0
1777891106.4133325,-2.0,-1.0,-73.0
1777891106.4233325,-1.0,0.0,-68.0
1777891106.4333324,0.0,0.0,-70.0
1777891106.4433324,2.0,0.0,-68.0
1777891106.4533324,4.0,-1.0,-66.0
1777891106.4633324,2.0,0.0,-62.0
1777891106.4733324,3.0,-1.0,-68.0
1777891106.4833324,6.0,-4.0,-68.0
1777891106.4933324,2.0,0.0,-68.0
1777891106.5033324,-1.0,0.0,-73.0
1777891106.5133324,0.0,-1.0,-72.0
1777891106.5233324,0.0,-3.0,-75.0
1777891106.5333323,0.0,-3.0,-72.0
1777891106.5433323,-5.0,0.0,-76.0
1777891106.5533323,-7.0,0.0,-75.0
1777891106.5633323,-3.0,1.0,-78.0
1777891106.5733323,-1.0,9.0,-83.0
1777891106.5833323,-4.0,8.0,-78.0
1777891106.5933323,-6.0,1.0,-81.0
1777891106.6033323,-1.0,0.0,-84.0
1777891106.6133325,-6.0,-3.0,-86.0
1777891106.6233325,-10.0,-4.0,-80.0
1777891106.6333325,-7.0,-7.0,-76.0
1777891106.6433325,-8.0,-6.0,-74.0
1777891106.6533325,0.0,-6.0,-79.0
1777891106.6633325,0.0,-6.0,-79.0
1777891106.6733325,3.0,-5.0,-79.0
1777891106.6833324,4.0,0.0,-80.0
1777891106.6933324,3.0,-3.0,-83.0
1777891106.7033324,3.0,0.0,-80.0
1777891106.7133324,2.0,3.0,-85.0
1777891106.7233324,0.0,1.0,-85.0
1777891106.7333324,-1.0,0.0,-77.0
1777891106.7433324,0.0,1.0,-81.0
1777891106.7533324,4.0,0.0,-85.0
1777891106.7633324,4.0,-2.0,-89.0
1777891106.7733324,4.0,0.0,-85.0
1777891106.7833323,1.0,2.0,-87.0
1777891106.7933323,0.0,2.0,-86.0
1777891106.8033323,-1.0,1.0,-77.0
1777891106.8133323,-3.0,2.0,-76.0
1777891106.8233323,-3.0,5.0,-71.0
1777891106.8333323,-3.0,5.0,-67.0
1777891106.8433323,1.0,4.0,-69.0
1777891106.8533323,2.0,5.0,-67.0
1777891106.8633325,4.0,2.0,-67.0
1777891106.8733325,5.0,4.0,-71.0
1777891106.8833325,7.0,4.0,-71.0
1777891106.8933325,4.0,1.0,-73.0
1777891106.9033325,4.0,-1.0,-71.0
1777891106.9133325,7.0,-7.0,-68.0
1777891106.9233325,6.0,0.0,-68.0
1777891106.9333324,4.0,0.0,-73.0
1777891106.9433324,3.0,0.0,-76.0
1777891106.9533324,0.0,-1.0,-75.0
1777891106.9633324,-2.0,-3.0,-77.0
1777891106.9733324,-4.0,-4.0,-74.0
1777891106.9833324,0.0,-3.0,-69.0
1777891106.9933324,2.0,-4.0,-68.0
1777891107.0033324,4.0,-5.0,-72.0
1777891107.0133324,5.0,-4.0,-71.0
1777891107.0233324,3.0,1.0,-70.0
1777891107.0333323,0.0,3.0,-71.0
1777891107.0433323,3.0,4.0,-77.0
1777891107.0533323,7.0,2.0,-70.0
1777891107.0633323,7.0,-1.0,-69.0
1777891107.0733323,9.0,-3.0,-64.0
1777891107.0833323,6.0,-3.0,-69.0
1777891107.0933323,3.0,-3.0,-76.0
1777891107.1033323,0.0,-1.0,-79.0
1777891107.1133325,0.0,-5.0,-75.0
1777891107.1233325,3.0,-6.0,-71.0
1777891107.1333325,6.0,-5.0,-65.0
1777891107.1433325,4.0,-2.0,-69.0
1777891107.1533325,0.0,0.0,-60.0
1777891107.1633325,2.0,0.0,-57.0
1777891107.1733325,-1.0,1.0,-61.0
1777891107.1833324,-2.0,0.0,-62.0
1777891107.1933324,-5.0,0.0,-55.0
1777891107.2033324,-5.0,0.0,-57.0
1777891107.2133324,-6.0,3.0,-57.0
1777891107.2233324,-2.0,3.0,-67.0
1777891107.2333324,0.0,4.0,-67.0
1777891107.2433324,0.0,7.0,-67.0
1777891107.2533324,0.0,8.0,-65.0
1777891107.2633324,3.0,2.0,-67.0
1777891107.2733324,0.0,0.0,-75.0
1777891107.2833323,-1.0,-3.0,-75.0
1777891107.2933323,0.0,-1.0,-71.0
1777891107.3033323,2.0,1.0,-73.0
1777891107.3133323,-2.0,0.0,-71.0
1777891107.3233323,-6.0,-2.0,-65.0
1777891107.3333323,-5.0,-7.0,-67.0
1777891107.3433323,1.0,-8.0,-70.0
1777891107.3533323,2.0,-3.0,-66.0
1777891107.3633325,5.0,1.0,-65.0
1777891107.3733325,2.0,9.0,-65.0
1777891107.3833325,3.0,7.0,-61.0
1777891107.3933325,5.0,6.0,-67.0
1777891107.4033325,3.0,4.0,-63.0
1777891107.4133325,1.0,1.0,-68.0
1777891107.4233325,0.0,-1.0,-66.0
1777891107.4333324,-4.0,-2.0,-70.0
1777891107.4433324,-2.0,0.0,-68.0
1777891107.4533324,-8.0,1.0,-69.0
1777891107.4633324,-3.0,0.0,-62.0
1777891107.4733324,0.0,2.0,-60.0
1777891107.4833324,0.0,-2.0,-62.0
1777891107.4933324,2.0,-3.0,-70.0
1777891107.5033324,2.0,-1.0,-73.0
1777891107.5133324,5.0,-2.0,-76.0
1777891107.5233324,8.0,-3.0,-69.0
1777891107.5333323,8.0,-1.0,-65.0
1777891107.5433323,5.0,0.0,-72.0
1777891107.5533323,2.0,3.0,-74.0
1777891107.5633323,1.0,3.0,-69.0
1777891107.5733323,3.0,3.0,-61.0
1777891107.5833323,2.0,3.0,-64.0
1777891107.5933323,0.0,0.0,-56.0
1777891107.6033323,-2.0,-2.0,-54.0
1777891107.6133325,-5.0,-4.0,-53.0
1777891107.6233325,-1.0,-6.0,-51.0
1777891107.6333325,-1.0,-4.0,-56.0
1777891107.6433325,0.0,-3.0,-59.0
1777891107.6533325,1.0,-3.0,-62.0
1777891107.6633325,1.0,-5.0,-62.0
1777891107.6733325,0.0,-3.0,-59.0
1777891107.6833324,1.0,0.0,-64.0
1777891107.6933324,0.0,3.0,-67.0
1777891107.7033324,1.0,7.0,-68.0
1777891107.7133324,0.0,8.0,-70.0
1777891107.7233324,0.0,9.0,-81.0
1777891107.7333324,0.0,4.0,-81.0
1777891107.7433324,-1.0,5.0,-82.0
1777891107.7533324,0.0,3.0,-84.0
1777891107.7633324,-5.0,0.0,-82.0
1777891107.7733324,-7.0,-1.0,-74.0
1777891107.7833323,-3.0,-5.0,-75.0
1777891107.7933323,4.0,-5.0,-74.0
1777891107.8033323,9.0,-3.0,-76.0
1777891107.8133323,2.0,-1.0,-77.0
1777891107.8233323,5.0,-1.0,-74.0
1777891107.8333323,2.0,0.0,-74.0
1777891107.8433323,2.0,0.0,-67.0
1777891107.8533323,3.0,0.0,-66.0
1777891107.8633325,2.0,2.0,-69.0
1777891107.8733325,4.0,1.0,-66.0
1777891107.8833325,5.0,-3.0,-62.0
1777891107.8933325,0.0,-6.0,-56.0
1777891107.9033325,0.0,-8.0,-57.0
1777891107.9133325,0.0,-11.0,-58.0
1777891107.9233325,0.0,-10.0,-57.0
1777891107.9333324,-3.0,-4.0,-55.0
1777891107.9433324,-1.0,-5.0,-62.0
1777891107.9543324,4.0,-4.0,-66.0
1777891107.9633324,6.0,-6.0,-72.0
1777891107.9743323,3.0,-1.0,-71.0
1777891107.9843323,0.0,0.0,-74.0
1777891107.9943323,2.0,3.0,-79.0
1777891108.0043323,2.0,2.0,-73.0
1777891108.0143323,1.0,1.0,-65.0
1777891108.0243323,0.0,-1.0,-70.0
1777891108.0343325,-4.0,-6.0,-71.0
1777891108.0443325,-2.0,-2.0,-73.0
1777891108.0543325,1.0,-11.0,-80.0
1777891108.0643325,2.0,-9.0,-79.0
1777891108.0743325,5.0,-8.0,-75.0
1777891108.0843325,3.0,-5.0,-73.0
1777891108.0943325,6.0,-3.0,-70.0
1777891108.1043324,1.0,-3.0,-73.0
1777891108.1143324,4.0,-1.0,-72.0
1777891108.1243324,2.0,1.0,-74.0
1777891108.1343324,1.0,1.0,-76.0
1777891108.1443324,0.0,2.0,-81.0
1777891108.1543324,2.0,5.0,-78.0
1777891108.1643324,1.0,2.0,-77.0
1777891108.1743324,4.0,3.0,-79.0
1777891108.1843324,1.0,3.0,-74.0
1777891108.1943324,1.0,4.0,-68.0
1777891108.2043324,3.0,3.0,-67.0
1777891108.2143323,1.0,2.0,-69.0
1777891108.2243323,6.0,4.0,-66.0
1777891108.2343323,7.0,6.0,-61.0
1777891108.2443323,7.0,6.0,-67.0
1777891108.2543323,5.0,9.0,-70.0
1777891108.2643323,7.0,9.0,-71.0
1777891108.2743323,3.0,8.0,-72.0
1777891108.2843325,1.0,1.0,-76.0
1777891108.2943325,2.0,0.0,-72.0
1777891108.3043325,8.0,1.0,-73.0
1777891108.3143325,10.0,2.0,-74.0
1777891108.3243325,13.0,0.0,-78.0
1777891108.3343325,8.0,-3.0,-74.0
1777891108.3443325,7.0,-8.0,-77.0
1777891108.3543324,7.0,-8.0,-74.0
1777891108.3643324,7.0,-8.0,-73.0
1777891108.3743324,0.0,-5.0,-75.0
1777891108.3843324,-1.0,0.0,-80.0
1777891108.3943324,0.0,0.0,-81.0
1777891108.4043324,2.0,5.0,-82.0
1777891108.4143324,4.0,3.0,-83.0
1777891108.4243324,0.0,2.0,-78.0
1777891108.4343324,0.0,8.0,-67.0
1777891108.4443324,0.0,5.0,-68.0
1777891108.4543324,-2.0,4.0,-66.0
1777891108.4643323,1.0,8.0,-69.0
1777891108.4743323,-2.0,5.0,-69.0
1777891108.4843323,-6.0,3.0,-69.0
1777891108.4943323,-11.0,4.0,-69.0
1777891108.5043323,-6.0,4.0,-73.0
1777891108.5143323,-10.0,4.0,-73.0
1777891108.5243323,-9.0,4.0,-78.0
1777891108.5343325,-6.0,0.0,-81.0
1777891108.5443325,-2.0,-2.0,-80.0
1777891108.5543325,-1.0,-1.0,-74.0
1777891108.5643325,-4.0,-1.0,-65.0
1777891108.5743325,0.0,-1.0,-65.0
1777891108.5843325,-1.0,-6.0,-59.0
1777891108.5943325,-3.0,-3.0,-61.0
1777891108.6043324,-1.0,-1.0,-59.0
1777891108.6143324,-1.0,1.0,-53.0
1777891108.6243324,0.0,0.0,-60.0
1777891108.6343324,0.0,-3.0,-62.0
1777891108.6443324,4.0,-4.0,-67.0
1777891108.6543324,4.0,-1.0,-74.0
1777891108.6643324,3.0,-1.0,-75.0
1777891108.6743324,3.0,-1.0,-75.0
1777891108.6843324,4.0,-1.0,-77.0
1777891108.6943324,2.0,-2.0,-75.0
1777891108.7043324,1.0,-1.0,-77.0
1777891108.7143323,0.0,0.0,-76.0
1777891108.7243323,0.0,4.0,-79.0
1777891108.7343323,-1.0,7.0,-75.0
1777891108.7443323,-2.0,6.0,-73.0
1777891108.7543323,-8.0,6.0,-79.0
1777891108.7643323,-6.0,5.0,-80.0
1777891108.7743323,-9.0,4.0,-81.0
1777891108.7843325,-7.0,1.0,-68.0
1777891108.7943325,-4.0,-1.0,-64.0
1777891108.8043325,-5.0,-3.0,-68.0
1777891108.8143325,-2.0,-3.0,-67.0
1777891108.8243325,0.0,-5.0,-64.0
1777891108.8343325,-2.0,-2.0,-67.0
1777891108.8443325,0.0,0.0,-71.0
1777891108.8543324,-1.0,3.0,-71.0
1777891108.8643324,-1.0,6.0,-68.0
1777891108.8743324,-4.0,2.0,-71.0
1777891108.8843324,-10.0,-4.0,-74.0
1777891108.8943324,-10.0,-9.0,-78.0
1777891108.9043324,-7.0,-8.0,-78.0
1777891108.9143324,-5.0,-9.0,-77.0
1777891108.9243324,-3.0,-9.0,-80.0
1777891108.9343324,-3.0,-3.0,-80.0
1777891108.9443324,2.0,-3.0,-79.0
1777891108.9543324,1.0,0.0,-74.0
1777891108.9643323,1.0,-3.0,-73.0
1777891108.9743323,0.0,-6.0,-73.0
1777891108.9843323,3.0,-2.0,-76.0
1777891108.9943323,2.0,-2.0,-75.0
1777891109.0043323,0.0,-4.0,-73.0
1777891109.0143323,0.0,0.0,-76.0
1777891109.0243323,-6.0,0.0,-77.0
1777891109.0343325,-7.0,3.0,-75.0
1777891109.0443325,-5.0,3.0,-72.0
1777891109.0543325,-6.0,9.0,-73.0
1777891109.0643325,-6.0,2.0,-76.0
1777891109.0743325,-4.0,2.0,-77.0
1777891109.0843325,-7.0,-1.0,-76.0
1777891109.0943325,-9.0,-2.0,-79.0
1777891109.1043324,-5.0,-2.0,-84.0
1777891109.1143324,-3.0,-1.0,-82.0
1777891109.1243324,-1.0,0.0,-74.0
1777891109.1343324,-5.0,0.0,-69.0
1777891109.1443324,0.0,1.0,-64.0
1777891109.1543324,0.0,5.0,-67.0
1777891109.1643324,-2.0,0.0,-69.0
1777891109.1743324,-1.0,1.0,-63.0
1777891109.1843324,0.0,0.0,-69.0
1777891109.1943324,0.0,0.0,-70.0
1777891109.2043324,0.0,0.0,-67.0
1777891109.2143323,1.0,1.0,-70.0
1777891109.2243323,3.0,5.0,-73.0
1777891109.2343323,3.0,2.0,-68.0
1777891109.2443323,4.0,0.0,-63.0
1777891109.2543323,1.0,-4.0,-61.0
1777891109.2643323,1.0,0.0,-64.0
1777891109.2743323,1.0,2.0,-60.0
1777891109.2843325,0.0,1.0,-64.0
1777891109.2943325,-1.0,1.0,-67.0
1777891109.3043325,0.0,0.0,-66.0
1777891109.3143325,2.0,1.0,-70.0
1777891109.3243325,3.0,2.0,-80.0
1777891109.3343325,1.0,-1.0,-76.0
1777891109.3443325,0.0,-1.0,-80.0
1777891109.3543324,3.0,0.0,-79.0
1777891109.3643324,0.0,-2.0,-77.0
1777891109.3743324,0.0,1.0,-81.0
1777891109.3843324,-2.0,0.0,-82.0
1777891109.3943324,-3.0,1.0,-70.0
1777891109.4043324,-6.0,1.0,-66.0
1777891109.4143324,-6.0,-2.0,-67.0
1777891109.4243324,-6.0,-2.0,-65.0
1777891109.4343324,-4.0,0.0,-59.0
1777891109.4443324,-2.0,-3.0,-58.0
1777891109.4543324,-4.0,-4.0,-62.0
1777891109.4643323,-2.0,0.0,-66.0
1777891109.4743323,-5.0,0.0,-68.0
1777891109.4853325,-4.0,3.0,-65.0
1777891109.4943323,-3.0,3.0,-65.0
1777891109.5043323,-5.0,4.0,-65.0
1777891109.5143323,-8.0,5.0,-65.0
1777891109.5243323,-5.0,7.0,-64.0
1777891109.5343325,-3.0,7.0,-65.0
1777891109.5443325,-7.0,6.0,-65.0
1777891109.5543325,-4.0,4.0,-67.0
1777891109.5643325,-1.0,4.0,-68.0
1777891109.5743325,0.0,2.0,-71.0
1777891109.5843325,3.0,6.0,-60.0
1777891109.5943325,2.0,8.0,-63.0
1777891109.6043324,4.0,8.0,-59.0
1777891109.6143324,-1.0,5.0,-59.0
1777891109.6243324,-2.0,2.0,-62.0
1777891109.6343324,-2.0,2.0,-64.0
1777891109.6443324,-4.0,2.0,-71.0
1777891109.6543324,-3.0,2.0,-73.0
1777891109.6643324,-7.0,1.0,-73.0
1777891109.6743324,-3.0,2.0,-69.0
1777891109.6843324,-3.0,2.0,-72.0
1777891109.6943324,-3.0,0.0,-70.0
1777891109.7043324,-5.0,-2.0,-67.0
1777891109.7143323,-3.0,-3.0,-64.0
1777891109.7243323,0.0,2.0,-64.0
1777891109.7343323,4.0,-3.0,-68.0
1777891109.7443323,-2.0,-4.0,-65.0
1777891109.7543323,0.0,-2.0,-72.0
1777891109.7643323,3.0,-3.0,-75.0
1777891109.7743323,3.0,-4.0,-76.0
1777891109.7843325,7.0,0.0,-69.0
1777891109.7943325,7.0,0.0,-69.0
1777891109.8043325,7.0,0.0,-67.0
1777891109.8143325,4.0,-1.0,-71.0
1777891109.8243325,5.0,-2.0,-75.0
1777891109.8343325,6.0,0.0,-74.0
1777891109.8443325,3.0,-2.0,-79.0
1777891109.8543324,3.0,-4.0,-81.0
1777891109.8643324,2.0,0.0,-73.0
1777891109.8743324,6.0,-4.0,-68.0
1777891109.8843324,8.0,-5.0,-71.0
1777891109.8943324,3.0,-3.0,-68.0
1777891109.9043324,3.0,-6.0,-69.0
1777891109.9153323,8.0,-3.0,-65.0
1777891109.9243324,5.0,-1.0,-65.0
1777891109.9343324,0.0,-2.0,-69.0
1777891109.9453323,0.0,0.0,-71.0
1777891109.9553325,0.0,0.0,-68.0
1777891109.9653325,1.0,0.0,-68.0
1777891109.9753325,-2.0,3.0,-70.0
1777891109.9843323,-3.0,6.0,-73.0
1777891109.9953325,-2.0,7.0,-77.0
1777891110.0053325,0.0,7.0,-78.0
1777891110.0153325,3.0,9.0,-76.0
1777891110.0253325,1.0,9.0,-73.0
1777891110.0353324,4.0,7.0,-76.0
1777891110.0453324,9.0,7.0,-76.0
1777891110.0553324,11.0,7.0,-72.0
1777891110.0653324,7.0,4.0,-74.0
1777891110.0753324,3.0,5.0,-75.0
1777891110.0853324,3.0,7.0,-74.0
1777891110.0953324,4.0,4.0,-70.0
1777891110.1053324,4.0,6.0,-63.0
1777891110.1153324,1.0,5.0,-59.0
1777891110.1253324,-1.0,5.0,-61.0
1777891110.1353323,0.0,3.0,-65.0
1777891110.1453323,1.0,3.0,-61.0
1777891110.1553323,1.0,0.0,-57.0
1777891110.1653323,0.0,3.0,-60.0
1777891110.1753323,0.0,2.0,-66.0
1777891110.1853323,-3.0,0.0,-71.0
1777891110.1953323,-2.0,0.0,-71.0
1777891110.2053325,-6.0,-3.0,-72.0
1777891110.2153325,-2.0,-5.0,-70.0
1777891110.2253325,-2.0,-2.0,-60.0
1777891110.2353325,-1.0,-2.0,-60.0
1777891110.2453325,-2.0,-1.0,-68.0
1777891110.2553325,-2.0,0.0,-69.0
1777891110.2653325,0.0,0.0,-69.0
1777891110.2753325,-2.0,-1.0,-63.0
1777891110.2853324,4.0,-4.0,-68.0
1777891110.2953324,6.0,0.0,-66.0
1777891110.3053324,0.0,4.0,-68.0
1777891110.3153324,0.0,4.0,-61.0
1777891110.3253324,3.0,1.0,-54.0
1777891110.3353324,2.0,-4.0,-56.0
1777891110.3453324,3.0,-3.0,-60.0
1777891110.3553324,6.0,-3.0,-71.0
1777891110.3653324,4.0,-1.0,-69.0
1777891110.3753324,2.0,-5.0,-69.0
1777891110.3853323,5.0,-3.0,-73.0
1777891110.3953323,5.0,-3.0,-72.0
1777891110.4053323,4.0,-1.0,-63.0
1777891110.4153323,3.0,0.0,-60.0
1777891110.4253323,1.0,-2.0,-69.0
1777891110.4353323,5.0,-2.0,-65.0
1777891110.4453323,4.0,-2.0,-58.0
1777891110.4553325,4.0,-1.0,-62.0
1777891110.4653325,7.0,-2.0,-67.0
1777891110.4753325,4.0,-4.0,-67.0
1777891110.4853325,8.0,-1.0,-71.0
1777891110.4953325,7.0,-1.0,-70.0
1777891110.5053325,4.0,0.0,-69.0
1777891110.5153325,5.0,0.0,-70.0
1777891110.5253325,2.0,0.0,-78.0
1777891110.5353324,0.0,1.0,-74.0
1777891110.5453324,-2.0,0.0,-67.0
1777891110.5553324,-1.0,0.0,-67.0
1777891110.5653324,0.0,-2.0,-68.0
1777891110.5753324,5.0,-4.0,-76.0
1777891110.5853324,7.0,-7.0,-78.0
1777891110.5953324,7.0,-7.0,-81.0
1777891110.6053324,7.0,-9.0,-74.0
1777891110.6153324,8.0,-7.0,-73.0
1777891110.6253324,8.0,-3.0,-69.0
1777891110.6353323,7.0,-1.0,-67.0
1777891110.6453323,9.0,1.0,-69.0
1777891110.6553323,5.0,2.0,-66.0
1777891110.6653323,3.0,2.0,-68.0
1777891110.6753323,4.0,0.0,-70.0
1777891110.6853323,4.0,-1.0,-69.0
1777891110.6953323,4.0,-4.0,-63.0
1777891110.7053325,1.0,-5.0,-66.0
1777891110.7153325,-2.0,-3.0,-65.0
1777891110.7253325,0.0,0.0,-64.0
1777891110.7353325,1.0,-1.0,-65.0
1777891110.7453325,2.0,-5.0,-70.0
1777891110.7553325,0.0,-6.0,-70.0
1777891110.7653325,0.0,-10.0,-73.0
1777891110.7753325,-3.0,-13.0,-71.0
1777891110.7853324,-4.0,-10.0,-71.0
1777891110.7953324,0.0,-4.0,-77.0
1777891110.8053324,1.0,-1.0,-76.0
1777891110.8153324,4.0,0.0,-75.0
1777891110.8253324,7.0,-2.0,-85.0
1777891110.8353324,3.0,1.0,-80.0
1777891110.8453324,0.0,-1.0,-77.0
1777891110.8553324,1.0,2.0,-71.0
1777891110.8653324,0.0,3.0,-77.0
1777891110.8753324,0.0,3.0,-75.0
1777891110.8853323,0.0,-2.0,-75.0
1777891110.8953323,-1.0,-2.0,-75.0
1777891110.9053323,-7.0,0.0,-79.0
1777891110.9153323,0.0,1.0,-78.0
1777891110.9253323,0.0,-4.0,-84.0
1777891110.9353323,-2.0,-1.0,-79.0
1777891110.9453323,-4.0,-1.0,-78.0
1777891110.9553325,-5.0,-4.0,-84.0
1777891110.9653325,-2.0,-9.0,-85.0
1777891110.9753325,-1.0,-7.0,-89.0
1777891110.9853325,1.0,-4.0,-88.0
1777891110.9953325,0.0,-3.0,-80.0
1777891111.0053325,0.0,-1.0,-74.0
1777891111.0153325,4.0,0.0,-72.0
1777891111.0253325,4.0,0.0,-69.0
1777891111.0353324,3.0,0.0,-64.0
1777891111.0453324,3.0,-4.0,-63.0
1777891111.0553324,4.0,-6.0,-62.0
1777891111.0653324,3.0,-6.0,-59.0
1777891111.0753324,4.0,0.0,-61.0
1777891111.0853324,2.0,0.0,-63.0
1777891111.0953324,1.0,0.0,-64.0
1777891111.1053324,2.0,0.0,-65.0
1777891111.1153324,4.0,1.0,-67.0
1777891111.1253324,2.0,0.0,-73.0
1777891111.1353323,4.0,0.0,-77.0
1777891111.1453323,3.0,1.0,-78.0
1777891111.1553323,1.0,-1.0,-73.0
1777891111.1653323,0.0,0.0,-72.0
1777891111.1753323,0.0,0.0,-71.0
1777891111.1853323,0.0,1.0,-72.0
1777891111.1953323,0.0,1.0,-73.0
1777891111.2053325,-4.0,2.0,-79.0
1777891111.2153325,-1.0,1.0,-78.0
1777891111.2253325,0.0,-3.0,-78.0
1777891111.2353325,-1.0,-3.0,-70.0
1777891111.2453325,0.0,-2.0,-65.0
1777891111.2553325,-1.0,0.0,-59.0
1777891111.2653325,-2.0,-4.0,-59.0
1777891111.2753325,-2.0,-6.0,-62.0
1777891111.2853324,0.0,-3.0,-66.0
1777891111.2953324,2.0,-5.0,-68.0
1777891111.3053324,4.0,-2.0,-72.0
1777891111.3153324,4.0,-1.0,-71.0
1777891111.3253324,4.0,-2.0,-78.0
1777891111.3353324,6.0,-6.0,-78.0
1777891111.3453324,6.0,-9.0,-75.0
1777891111.3553324,0.0,-3.0,-71.0
1777891111.3653324,2.0,0.0,-74.0
1777891111.3753324,0.0,0.0,-76.0
1777891111.3853323,3.0,1.0,-78.0
1777891111.3953323,3.0,1.0,-74.0
1777891111.4053323,3.0,2.0,-70.0
1777891111.4153323,0.0,-4.0,-66.0
1777891111.4253323,0.0,-4.0,-68.0
1777891111.4353323,0.0,0.0,-76.0
1777891111.4453323,0.0,1.0,-72.0
1777891111.4553325,1.0,-1.0,-69.0
1777891111.4653325,-5.0,-3.0,-66.0
1777891111.4753325,0.0,1.0,-70.0
1777891111.4853325,0.0,-1.0,-77.0
1777891111.4953325,-2.0,0.0,-78.0
1777891111.5053325,-4.0,0.0,-71.0
1777891111.5153325,-1.0,0.0,-69.0
1777891111.5253325,2.0,-2.0,-71.0
1777891111.5353324,0.0,1.0,-71.0
1777891111.5453324,2.0,3.0,-69.0
1777891111.5553324,1.0,0.0,-70.0
1777891111.5653324,4.0,0.0,-59.0
1777891111.5753324,3.0,0.0,-58.0
1777891111.5853324,4.0,2.0,-59.0
1777891111.5953324,1.0,0.0,-60.0
1777891111.6053324,1.0,0.0,-62.0
1777891111.6153324,-1.0,-2.0,-68.0
1777891111.6253324,0.0,-5.0,-69.0
1777891111.6353323,3.0,-8.0,-78.0
1777891111.6453323,0.0,-5.0,-79.0
1777891111.6553323,-1.0,-8.0,-69.0
1777891111.6653323,0.0,-4.0,-73.0
1777891111.6753323,6.0,-3.0,-70.0
1777891111.6853323,2.0,-4.0,-60.0
1777891111.6953323,-4.0,-1.0,-65.0
1777891111.7053325,-5.0,0.0,-63.0
1777891111.7153325,-4.0,-1.0,-54.0
1777891111.7253325,0.0,-2.0,-53.0
1777891111.7353325,4.0,-6.0,-51.0
1777891111.7453325,4.0,-2.0,-57.0
1777891111.7553325,3.0,-2.0,-64.0
1777891111.7653325,0.0,-1.0,-65.0
1777891111.7753325,-3.0,0.0,-63.0
1777891111.7853324,0.0,-2.0,-66.0
1777891111.7953324,1.0,0.0,-68.0
1777891111.8053324,2.0,3.0,-75.0
1777891111.8153324,0.0,4.0,-71.0
1777891111.8253324,-1.0,4.0,-69.0
1777891111.8353324,6.0,6.0,-69.0
1777891111.8453324,9.0,5.0,-72.0
1777891111.8553324,15.0,2.0,-73.0
1777891111.8653324,12.0,-1.0,-71.0
1777891111.8753324,14.0,-1.0,-72.0
1777891111.8853323,8.0,-3.0,-73.0
1777891111.8953323,6.0,-3.0,-67.0
1777891111.9053323,4.0,-4.0,-69.0
1777891111.9153323,2.0,-1.0,-64.0
1777891111.9253323,0.0,0.0,-66.0
1777891111.9353323,-1.0,2.0,-67.0
1777891111.9463325,-2.0,2.0,-78.0
1777891111.9563324,-5.0,0.0,-78.0
1777891111.9663324,-4.0,0.0,-82.0
1777891111.9763324,-1.0,2.0,-91.0
1777891111.9863324,-4.0,6.0,-93.0
1777891111.9963324,2.0,6.0,-90.0
1777891112.0063324,8.0,11.0,-85.0
1777891112.0163324,7.0,10.0,-82.0
1777891112.0263324,0.0,10.0,-77.0
1777891112.0363324,-1.0,7.0,-73.0
1777891112.0463324,-1.0,2.0,-76.0
1777891112.0563323,1.0,0.0,-81.0
1777891112.0663323,2.0,0.0,-82.0
1777891112.0763323,1.0,-3.0,-83.0
1777891112.0863323,0.0,-1.0,-73.0
1777891112.0963323,-2.0,1.0,-73.0
1777891112.1063323,-2.0,1.0,-75.0
1777891112.1163323,-1.0,-1.0,-74.0
1777891112.1263323,0.0,0.0,-74.0
1777891112.1363325,1.0,-3.0,-78.0
1777891112.1463325,4.0,-6.0,-72.0
1777891112.1563325,1.0,-7.0,-68.0
1777891112.1663325,6.0,-8.0,-67.0
1777891112.1763325,4.0,-6.0,-72.0
1777891112.1863325,3.0,-8.0,-70.0
1777891112.1963325,3.0,-6.0,-69.0
1777891112.2063324,7.0,-5.0,-79.0
1777891112.2163324,3.0,-5.0,-79.0
1777891112.2263324,5.0,-4.0,-74.0
1777891112.2363324,2.0,1.0,-74.0
1777891112.2463324,1.0,0.0,-73.0
1777891112.2563324,-1.0,0.0,-70.0
1777891112.2663324,-2.0,0.0,-67.0
1777891112.2763324,-1.0,-4.0,-62.0
1777891112.2863324,1.0,0.0,-69.0
1777891112.2963324,5.0,0.0,-73.0
1777891112.3063323,5.0,-2.0,-64.0
1777891112.3163323,4.0,-5.0,-64.0
1777891112.3263323,1.0,-5.0,-69.0
1777891112.3363323,4.0,-6.0,-67.0
1777891112.3463323,3.0,-1.0,-72.0
1777891112.3563323,1.0,-1.0,-74.0
1777891112.3663323,0.0,0.0,-71.0
1777891112.3763323,0.0,0.0,-70.0
1777891112.3863325,0.0,2.0,-71.0
1777891112.3963325,4.0,0.0,-74.0
1777891112.4063325,6.0,-1.0,-60.0
1777891112.4163325,3.0,-1.0,-66.0
1777891112.4263325,1.0,-4.0,-68.0
1777891112.4363325,0.0,-2.0,-71.0
1777891112.4463325,-4.0,-3.0,-71.0
1777891112.4563324,-1.0,-8.0,-69.0
1777891112.4663324,1.0,-7.0,-65.0
1777891112.4763324,1.0,-5.0,-75.0
1777891112.4863324,2.0,-4.0,-71.0
1777891112.4963324,2.0,1.0,-73.0
1777891112.5063324,5.0,0.0,-80.0
1777891112.5163324,5.0,-3.0,-81.0
1777891112.5263324,4.0,-5.0,-78.0
1777891112.5363324,4.0,-6.0,-84.0
1777891112.5463324,3.0,-4.0,-81.0
1777891112.5563323,3.0,-6.0,-84.0
1777891112.5663323,4.0,-5.0,-81.0
1777891112.5763323,2.0,-8.0,-81.0
1777891112.5863323,1.0,-3.0,-81.0
1777891112.5963323,5.0,-1.0,-79.0
1777891112.6063323,4.0,-2.0,-72.0
1777891112.6163323,7.0,-2.0,-72.0
1777891112.6263323,6.0,-3.0,-74.0
1777891112.6363325,2.0,-1.0,-77.0
1777891112.6463325,-2.0,0.0,-76.0
1777891112.6563325,-4.0,-4.0,-76.0
1777891112.6663325,-3.0,-6.0,-68.0
1777891112.6763325,-1.0,-3.0,-71.0
1777891112.6863325,-2.0,-1.0,-70.0
1777891112.6963325,-5.0,0.0,-76.0
1777891112.7063324,-1.0,2.0,-71.0
1777891112.7163324,3.0,0.0,-71.0
1777891112.7263324,8.0,-2.0,-72.0
1777891112.7363324,6.0,0.0,-76.0
1777891112.7463324,4.0,-2.0,-80.0
1777891112.7563324,2.0,-3.0,-78.0
1777891112.7663324,2.0,-1.0,-75.0
1777891112.7763324,0.0,-1.0,-75.0
1777891112.7863324,0.0,-1.0,-74.0
1777891112.7963324,-5.0,-1.0,-67.0
1777891112.8063323,0.0,-3.0,-75.0
1777891112.8173325,2.0,-3.0,-76.0
1777891112.8263323,1.0,-7.0,-74.0
1777891112.8363323,3.0,-5.0,-69.0
1777891112.8463323,6.0,-3.0,-69.0
1777891112.8563323,0.0,-2.0,-72.0
1777891112.8663323,2.0,-1.0,-73.0
1777891112.8763323,3.0,1.0,-68.0
1777891112.8863325,3.0,0.0,-71.0
1777891112.8963325,0.0,0.0,-73.0
1777891112.9063325,3.0,1.0,-68.0
1777891112.9163325,0.0,-1.0,-70.0
1777891112.9263325,0.0,0.0,-74.0
1777891112.9363325,0.0,-1.0,-77.0
1777891112.9463325,4.0,0.0,-73.0
1777891112.9563324,1.0,0.0,-69.0
1777891112.9663324,0.0,0.0,-67.0
1777891112.9763324,-1.0,0.0,-70.0
1777891112.9863324,3.0,-3.0,-67.0
1777891112.9963324,2.0,-1.0,-68.0
1777891113.0063324,0.0,-3.0,-67.0
1777891113.0163324,6.0,-4.0,-67.0
1777891113.0263324,3.0,-4.0,-66.0
1777891113.0363324,0.0,-3.0,-68.0
1777891113.0463324,1.0,-5.0,-72.0
1777891113.0563323,2.0,-3.0,-74.0
1777891113.0663323,0.0,-2.0,-70.0
1777891113.0763323,1.0,-1.0,-64.0
1777891113.0863323,0.0,-1.0,-66.0
1777891113.0963323,7.0,3.0,-58.0
1777891113.1063323,8.0,2.0,-54.0
1777891113.1163323,5.0,0.0,-59.0
1777891113.1263323,1.0,-1.0,-61.0
1777891113.1363325,1.0,0.0,-63.0
1777891113.1463325,4.0,1.0,-64.0
1777891113.1563325,8.0,2.0,-68.0
1777891113.1663325,13.0,4.0,-67.0
1777891113.1763325,11.0,5.0,-63.0
1777891113.1863325,7.0,1.0,-57.0
1777891113.1963325,6.0,-4.0,-54.0
1777891113.2063324,8.0,-2.0,-59.0
1777891113.2163324,4.0,0.0,-62.0
1777891113.2263324,2.0,1.0,-68.0
1777891113.2363324,5.0,1.0,-70.0
1777891113.2463324,5.0,3.0,-70.0
1777891113.2563324,5.0,1.0,-72.0
1777891113.2663324,8.0,4.0,-75.0
1777891113.2763324,8.0,5.0,-72.0
1777891113.2863324,11.0,3.0,-73.0
1777891113.2963324,6.0,-1.0,-85.0
1777891113.3063323,8.0,-1.0,-89.0
1777891113.3163323,4.0,-2.0,-83.0
1777891113.3263323,1.0,-3.0,-83.0
1777891113.3363323,0.0,-4.0,-77.0
1777891113.3463323,-2.0,-5.0,-68.0
1777891113.3563323,-6.0,-5.0,-63.0
1777891113.3663323,-12.0,-4.0,-61.0
1777891113.3763323,-6.0,-4.0,-60.0
1777891113.3863325,-5.0,-5.0,-60.0
1777891113.3963325,-6.0,-5.0,-57.0
1777891113.4063325,-3.0,-4.0,-66.0
1777891113.4163325,-4.0,-2.0,-70.0
1777891113.4263325,-1.0,0.0,-70.0
1777891113.4363325,5.0,-2.0,-65.0
1777891113.4463325,1.0,-1.0,-64.0
1777891113.4563324,-1.0,-1.0,-67.0
1777891113.4663324,-1.0,-1.0,-75.0
1777891113.4763324,1.0,4.0,-70.0
1777891113.4863324,5.0,1.0,-68.0
1777891113.4963324,1.0,2.0,-64.0
1777891113.5063324,-4.0,2.0,-65.0
1777891113.5163324,0.0,2.0,-63.0
1777891113.5263324,-1.0,2.0,-62.0
1777891113.5363324,0.0,6.0,-67.0
1777891113.5463324,0.0,4.0,-63.0
1777891113.5563323,3.0,8.0,-69.0
1777891113.5663323,0.0,5.0,-70.0
1777891113.5763323,-6.0,0.0,-70.0
1777891113.5863323,-6.0,0.0,-69.0
1777891113.5963323,-8.0,0.0,-71.0
1777891113.6063323,-2.0,1.0,-72.0
1777891113.6163323,-1.0,0.0,-75.0
1777891113.6263323,-2.0,-2.0,-79.0
1777891113.6363325,1.0,-2.0,-77.0
1777891113.6463325,0.0,2.0,-74.0
1777891113.6563325,5.0,2.0,-81.0
1777891113.6663325,1.0,1.0,-78.0
1777891113.6763325,1.0,1.0,-74.0
1777891113.6863325,0.0,-1.0,-75.0
1777891113.6963325,0.0,-5.0,-80.0
1777891113.7063324,-1.0,-5.0,-84.0
1777891113.7163324,0.0,-3.0,-78.0
1777891113.7263324,1.0,-5.0,-74.0
1777891113.7363324,2.0,-7.0,-72.0
1777891113.7463324,2.0,-3.0,-73.0
1777891113.7563324,7.0,0.0,-72.0
1777891113.7663324,3.0,0.0,-66.0
1777891113.7763324,5.0,-2.0,-73.0
1777891113.7863324,3.0,0.0,-75.0
1777891113.7963324,5.0,0.0,-68.0
1777891113.8063323,3.0,0.0,-62.0
1777891113.8163323,0.0,-5.0,-65.0
1777891113.8263323,-5.0,-12.0,-63.0
1777891113.8363323,-4.0,-13.0,-64.0
1777891113.8463323,-3.0,-3.0,-64.0
1777891113.8563323,3.0,4.0,-64.0
1777891113.8663323,6.0,5.0,-68.0
1777891113.8763323,8.0,0.0,-70.0
1777891113.8863325,6.0,-1.0,-72.0
1777891113.8963325,2.0,-5.0,-69.0
1777891113.9063325,0.0,-5.0,-69.0
1777891113.9163325,-4.0,-7.0,-70.0
1777891113.9273324,-3.0,-8.0,-73.0
1777891113.9363325,-4.0,-9.0,-73.0
1777891113.9473324,-4.0,-5.0,-67.0
1777891113.9573324,-6.0,-6.0,-63.0
1777891113.9673324,-5.0,-4.0,-70.0
1777891113.9773324,-1.0,-6.0,-72.0
1777891113.9873323,1.0,-4.0,-80.0
1777891113.9973323,2.0,-4.0,-81.0
1777891114.0073323,1.0,1.0,-75.0
1777891114.0173323,-4.0,0.0,-79.0
1777891114.0273323,-6.0,-2.0,-77.0
1777891114.0373323,-7.0,-1.0,-78.0
1777891114.0473323,-7.0,0.0,-75.0
1777891114.0573325,-9.0,0.0,-77.0
1777891114.0673325,-8.0,3.0,-79.0
1777891114.0773325,-6.0,-1.0,-82.0
1777891114.0873325,-5.0,0.0,-77.0
1777891114.0973325,-1.0,-5.0,-78.0
1777891114.1073325,3.0,-7.0,-80.0
1777891114.1173325,0.0,0.0,-79.0
1777891114.1273324,3.0,0.0,-79.0
1777891114.1373324,5.0,2.0,-72.0
1777891114.1473324,6.0,2.0,-72.0
1777891114.1573324,4.0,-5.0,-72.0
1777891114.1673324,-1.0,-5.0,-70.0
1777891114.1773324,0.0,-4.0,-62.0
1777891114.1873324,0.0,-3.0,-68.0
1777891114.1973324,-1.0,-4.0,-67.0
1777891114.2073324,-1.0,-4.0,-66.0
1777891114.2173324,1.0,-5.0,-67.0
1777891114.2273324,0.0,-3.0,-68.0
1777891114.2373323,0.0,2.0,-71.0
1777891114.2473323,1.0,2.0,-68.0
1777891114.2573323,1.0,3.0,-73.0
1777891114.2673323,1.0,3.0,-81.0
1777891114.2773323,3.0,2.0,-85.0
1777891114.2873323,5.0,2.0,-87.0
1777891114.2973323,6.0,2.0,-91.0
1777891114.3073325,2.0,1.0,-83.0
1777891114.3173325,1.0,0.0,-74.0
1777891114.3273325,1.0,-3.0,-75.0
1777891114.3373325,2.0,-4.0,-81.0
1777891114.3473325,2.0,-4.0,-85.0
1777891114.3573325,0.0,-3.0,-79.0
1777891114.3673325,-1.0,-5.0,-75.0
1777891114.3773324,0.0,-3.0,-76.0
1777891114.3873324,0.0,-1.0,-75.0
1777891114.3973324,1.0,0.0,-73.0
1777891114.4073324,3.0,0.0,-71.0
1777891114.4173324,4.0,2.0,-64.0
1777891114.4273324,0.0,3.0,-70.0
1777891114.4373324,6.0,2.0,-73.0
1777891114.4473324,2.0,1.0,-73.0
1777891114.4573324,-4.0,0.0,-77.0
1777891114.4673324,-3.0,-2.0,-72.0
1777891114.4773324,-4.0,1.0,-69.0
1777891114.4873323,-2.0,1.0,-74.0
1777891114.4973323,2.0,2.0,-72.0
1777891114.5073323,4.0,0.0,-66.0
1777891114.5173323,4.0,3.0,-63.0
1777891114.5273323,4.0,4.0,-57.0
1777891114.5373323,4.0,4.0,-59.0
1777891114.5473323,6.0,3.0,-66.0
1777891114.5573325,2.0,0.0,-69.0
1777891114.5673325,0.0,0.0,-75.0
1777891114.5773325,0.0,-1.0,-71.0
1777891114.5873325,0.0,-4.0,-68.0
1777891114.5973325,5.0,-8.0,-63.0
1777891114.6073325,4.0,-6.0,-69.0
1777891114.6173325,5.0,-5.0,-60.0
1777891114.6273324,1.0,1.0,-66.0
1777891114.6373324,3.0,1.0,-71.0
1777891114.6473324,4.0,0.0,-75.0
1777891114.6573324,3.0,-1.0,-75.0
1777891114.6673324,1.0,1.0,-73.0
1777891114.6773324,0.0,-1.0,-66.0
1777891114.6873324,3.0,-3.0,-64.0
1777891114.6973324,6.0,-4.0,-66.0
1777891114.7073324,7.0,-4.0,-77.0
1777891114.7173324,1.0,-1.0,-77.0
1777891114.7273324,0.0,-2.0,-75.0
1777891114.7373323,0.0,0.0,-74.0
1777891114.7473323,-5.0,-5.0,-75.0
1777891114.7573323,-6.0,-1.0,-73.0
1777891114.7673323,-7.0,2.0,-69.0
1777891114.7773323,-7.0,2.0,-71.0
1777891114.7873323,-3.0,3.0,-69.0
1777891114.7973323,-3.0,1.0,-69.0
1777891114.8073325,-4.0,3.0,-73.0
1777891114.8173325,-5.0,0.0,-80.0
1777891114.8273325,-4.0,0.0,-73.0
1777891114.8373325,-4.0,-5.0,-79.0
1777891114.8473325,0.0,-8.0,-81.0
1777891114.8573325,0.0,-9.0,-78.0
1777891114.8673325,0.0,-7.0,-80.0
1777891114.8773324,0.0,-7.0,-77.0
1777891114.8873324,2.0,-6.0,-74.0
1777891114.8973324,6.0,-10.0,-69.0
1777891114.9073324,7.0,-7.0,-67.0
1777891114.9173324,5.0,-5.0,-73.0
1777891114.9273324,5.0,-5.0,-75.0
1777891114.9373324,5.0,-5.0,-82.0
1777891114.9473324,1.0,-4.0,-76.0
1777891114.9573324,0.0,-2.0,-69.0
1777891114.9673324,-3.0,0.0,-70.0
1777891114.9773324,-3.0,3.0,-73.0
1777891114.9873323,2.0,2.0,-68.0
1777891114.9973323,3.0,4.0,-69.0
1777891115.0073323,1.0,3.0,-66.0
1777891115.0173323,4.0,0.0,-67.0
1777891115.0273323,2.0,-1.0,-72.0
1777891115.0373323,3.0,-3.0,-68.0
1777891115.0473323,2.0,0.0,-75.0
1777891115.0573325,3.0,-1.0,-83.0
1777891115.0673325,2.0,1.0,-86.0
1777891115.0773325,5.0,3.0,-86.0
1777891115.0873325,5.0,2.0,-78.0
1777891115.0973325,6.0,3.0,-72.0
1777891115.1073325,6.0,1.0,-73.0
1777891115.1173325,0.0,-2.0,-72.0
1777891115.1273324,-4.0,0.0,-70.0
1777891115.1373324,-1.0,0.0,-77.0
1777891115.1473324,-2.0,1.0,-84.0
1777891115.1573324,-2.0,1.0,-88.0
1777891115.1673324,0.0,0.0,-86.0
1777891115.1773324,0.0,-2.0,-81.0
1777891115.1873324,3.0,-5.0,-69.0
1777891115.1973324,1.0,-10.0,-72.0
1777891115.2073324,0.0,-11.0,-71.0
1777891115.2173324,-5.0,-8.0,-70.0
1777891115.2273324,-5.0,-7.0,-76.0
1777891115.2373323,-5.0,-7.0,-77.0
1777891115.2473323,-6.0,-7.0,-77.0
1777891115.2573323,0.0,-6.0,-78.0
1777891115.2673323,-2.0,-4.0,-71.0
1777891115.2773323,-7.0,-3.0,-70.0
1777891115.2873323,-1.0,0.0,-71.0
1777891115.2973323,4.0,-4.0,-70.0
1777891115.3073325,3.0,-5.0,-70.0
1777891115.3173325,4.0,-5.0,-66.0
1777891115.3273325,5.0,-1.0,-67.0
1777891115.3373325,9.0,-1.0,-66.0
1777891115.3473325,10.0,-1.0,-70.0
1777891115.3573325,15.0,2.0,-71.0
1777891115.3673325,11.0,1.0,-70.0
1777891115.3773324,9.0,-3.0,-65.0
1777891115.3873324,7.0,-9.0,-63.0
1777891115.3973324,4.0,-11.0,-63.0
1777891115.4073324,5.0,-10.0,-62.0
1777891115.4173324,3.0,-7.0,-66.0
1777891115.4273324,0.0,-5.0,-66.0
1777891115.4373324,-1.0,-4.0,-74.0
1777891115.4473324,5.0,-5.0,-68.0
1777891115.4573324,2.0,-4.0,-72.0
1777891115.4673324,3.0,-1.0,-70.0
1777891115.4773324,2.0,0.0,-70.0
1777891115.4873323,1.0,2.0,-69.0
1777891115.4973323,-2.0,1.0,-78.0
1777891115.5073323,-4.0,1.0,-82.0
1777891115.5173323,0.0,2.0,-84.0
1777891115.5273323,3.0,0.0,-81.0
1777891115.5373323,4.0,-3.0,-76.0
1777891115.5473323,8.0,-6.0,-78.0
1777891115.5573325,4.0,-1.0,-72.0
1777891115.5673325,6.0,-2.0,-69.0
1777891115.5773325,7.0,0.0,-68.0
1777891115.5873325,7.0,4.0,-71.0
1777891115.5973325,9.0,5.0,-71.0
1777891115.6073325,5.0,4.0,-69.0
1777891115.6173325,3.0,6.0,-79.0
1777891115.6273324,2.0,4.0,-78.0
1777891115.6373324,0.0,1.0,-74.0
1777891115.6473324,4.0,0.0,-66.0
1777891115.6573324,2.0,0.0,-66.0
1777891115.6673324,0.0,-1.0,-74.0
1777891115.6773324,-2.0,2.0,-82.0
1777891115.6873324,0.0,1.0,-80.0
1777891115.6973324,0.0,0.0,-75.0
1777891115.7073324,3.0,-2.0,-71.0
1777891115.7173324,3.0,0.0,-73.0
1777891115.7273324,5.0,3.0,-73.0
1777891115.7373323,6.0,3.0,-71.0
1777891115.7473323,2.0,1.0,-72.0
1777891115.7573323,6.0,2.0,-73.0
1777891115.7673323,2.0,3.0,-67.0
1777891115.7773323,0.0,-1.0,-67.0
1777891115.7873323,-1.0,-1.0,-72.0
1777891115.7973323,0.0,0.0,-66.0
1777891115.8073325,3.0,1.0,-68.0
1777891115.8173325,0.0,0.0,-72.0
1777891115.8273325,-2.0,-1.0,-72.0
1777891115.8373325,0.0,-2.0,-63.0
1777891115.8473325,3.0,-1.0,-70.0
1777891115.8573325,0.0,0.0,-68.0
1777891115.8673325,0.0,2.0,-73.0
1777891115.8773324,0.0,2.0,-67.0
1777891115.8873324,-3.0,-3.0,-63.0
1777891115.8973324,-6.0,-5.0,-66.0
1777891115.9073324,-6.0,2.0,-66.0
1777891115.9183323,-1.0,0.0,-69.0
1777891115.9283323,0.0,2.0,-67.0
1777891115.9383323,1.0,0.0,-71.0
1777891115.9483323,0.0,-3.0,-71.0
1777891115.9583323,-5.0,-4.0,-72.0
1777891115.9683323,-10.0,-5.0,-75.0
1777891115.9783323,-9.0,-6.0,-74.0
1777891115.9883325,-6.0,-3.0,-78.0
1777891115.9983325,-5.0,-1.0,-76.0
1777891116.0083325,-1.0,-1.0,-69.0
1777891116.0183325,-1.0,2.0,-72.0
1777891116.0283325,0.0,0.0,-80.0
1777891116.0383325,2.0,-2.0,-85.0
1777891116.0483325,1.0,-3.0,-81.0
1777891116.0583324,4.0,-2.0,-78.0
1777891116.0683324,4.0,-3.0,-84.0
1777891116.0783324,0.0,0.0,-84.0
1777891116.0883324,-1.0,3.0,-80.0
1777891116.0983324,-1.0,3.0,-72.0
1777891116.1083324,-2.0,6.0,-68.0
1777891116.1183324,0.0,0.0,-65.0
1777891116.1283324,0.0,-1.0,-70.0
1777891116.1383324,4.0,-3.0,-69.0
1777891116.1483324,6.0,-4.0,-71.0
1777891116.1583323,0.0,-2.0,-74.0
1777891116.1683323,-2.0,1.0,-73.0
1777891116.1783323,0.0,0.0,-72.0
1777891116.1883323,0.0,0.0,-74.0
1777891116.1983323,2.0,-1.0,-69.0
1777891116.2083323,5.0,0.0,-72.0
1777891116.2183323,3.0,-2.0,-68.0
1777891116.2283323,0.0,-3.0,-63.0
1777891116.2383325,1.0,0.0,-67.0
1777891116.2483325,-1.0,-3.0,-69.0
1777891116.2583325,4.0,-5.0,-72.0
1777891116.2683325,7.0,-6.0,-76.0
1777891116.2783325,8.0,-6.0,-77.0
1777891116.2883325,5.0,-5.0,-74.0
1777891116.2983325,3.0,-7.0,-76.0
1777891116.3083324,1.0,-4.0,-81.0
1777891116.3183324,0.0,-5.0,-78.0
1777891116.3283324,3.0,-8.0,-71.0
1777891116.3383324,0.0,-7.0,-68.0
1777891116.3483324,-4.0,-4.0,-71.0
1777891116.3583324,-2.0,-5.0,-66.0
1777891116.3683324,-5.0,-5.0,-67.0
1777891116.3783324,-6.0,-2.0,-66.0
1777891116.3883324,-4.0,-5.0,-77.0
1777891116.3983324,-3.0,-6.0,-89.0
1777891116.4083323,-6.0,-5.0,-93.0
1777891116.4183323,-7.0,-4.0,-91.0
1777891116.4283323,-9.0,-7.0,-91.0
1777891116.4383323,-6.0,0.0,-87.0
1777891116.4483323,-1.0,0.0,-84.0
1777891116.4583323,2.0,-2.0,-82.0
1777891116.4683323,1.0,-5.0,-83.0
1777891116.4783323,0.0,-5.0,-67.0
1777891116.4883325,2.0,-5.0,-66.0
1777891116.4983325,2.0,-4.0,-70.0
1777891116.5083325,-4.0,-4.0,-75.0
1777891116.5183325,-4.0,-8.0,-75.0
1777891116.5283325,-1.0,-7.0,-77.0
1777891116.5383325,0.0,-6.0,-75.0
1777891116.5483325,-4.0,-4.0,-72.0
1777891116.5583324,-4.0,-3.0,-72.0
1777891116.5683324,-6.0,-1.0,-78.0
1777891116.5783324,-7.0,0.0,-74.0
1777891116.5883324,-2.0,3.0,-70.0
1777891116.5983324,-2.0,0.0,-70.0
1777891116.6083324,-1.0,0.0,-74.0
1777891116.6183324,1.0,-3.0,-77.0
1777891116.6283324,1.0,-3.0,-81.0
1777891116.6383324,0.0,-4.0,-83.0
1777891116.6483324,1.0,0.0,-81.0
1777891116.6583323,2.0,-4.0,-85.0
1777891116.6683323,3.0,-11.0,-84.0
1777891116.6783323,1.0,-12.0,-86.0
1777891116.6883323,0.0,-7.0,-79.0
1777891116.6983323,3.0,-3.0,-77.0
1777891116.7083323,2.0,-7.0,-81.0
1777891116.7183323,1.0,-4.0,-79.0
1777891116.7283323,3.0,-4.0,-77.0
1777891116.7383325,2.0,-5.0,-80.0
1777891116.7483325,7.0,-1.0,-75.0
1777891116.7583325,11.0,0.0,-72.0
1777891116.7683325,5.0,0.0,-69.0
1777891116.7783325,5.0,-5.0,-73.0
1777891116.7883325,1.0,1.0,-74.0
1777891116.7983325,0.0,1.0,-78.0
1777891116.8083324,0.0,1.0,-79.0
1777891116.8183324,2.0,1.0,-77.0
1777891116.8283324,4.0,2.0,-77.0
1777891116.8383324,5.0,0.0,-72.0
1777891116.8483324,5.0,3.0,-71.0
1777891116.8583324,0.0,4.0,-75.0
1777891116.8683324,-2.0,5.0,-77.0
1777891116.8783324,-6.0,2.0,-73.0
1777891116.8883324,-1.0,1.0,-73.0
1777891116.8983324,3.0,0.0,-74.0
1777891116.9083323,3.0,0.0,-79.0
1777891116.9183323,5.0,1.0,-80.0
1777891116.9283323,3.0,3.0,-71.0
1777891116.9383323,2.0,-1.0,-70.0
1777891116.9483323,3.0,0.0,-66.0
1777891116.9583323,5.0,1.0,-66.0
1777891116.9683323,7.0,4.0,-65.0
1777891116.9783323,5.0,6.0,-65.0
1777891116.9883325,-1.0,6.0,-61.0
1777891116.9983325,0.0,3.0,-64.0
1777891117.0083325,2.0,5.0,-70.0
1777891117.0183325,4.0,2.0,-71.0
1777891117.0283325,2.0,3.0,-71.0
1777891117.0383325,-1.0,0.0,-68.0
1777891117.0483325,0.0,1.0,-68.0
1777891117.0583324,1.0,4.0,-72.0
1777891117.0683324,-3.0,6.0,-76.0
1777891117.0783324,1.0,3.0,-73.0
1777891117.0883324,0.0,1.0,-78.0
1777891117.0983324,-2.0,0.0,-82.0
1777891117.1083324,0.0,-4.0,-77.0
1777891117.1183324,3.0,1.0,-73.0
1777891117.1283324,2.0,-2.0,-74.0
1777891117.1383324,6.0,-6.0,-73.0
1777891117.1483324,7.0,-3.0,-69.0
1777891117.1583323,4.0,-3.0,-71.0
1777891117.1683323,6.0,-2.0,-77.0
1777891117.1783323,2.0,1.0,-74.0
1777891117.1883323,-1.0,0.0,-80.0
1777891117.1983323,7.0,-3.0,-78.0
1777891117.2083323,5.0,0.0,-78.0
1777891117.2183323,6.0,0.0,-81.0
1777891117.2283323,2.0,-3.0,-82.0
1777891117.2383325,-1.0,0.0,-82.0
1777891117.2483325,-2.0,2.0,-82.0
1777891117.2583325,2.0,1.0,-76.0
1777891117.2683325,4.0,0.0,-70.0
1777891117.2783325,7.0,3.0,-68.0
1777891117.2883325,6.0,2.0,-73.0
1777891117.2983325,8.0,0.0,-74.0
1777891117.3083324,9.0,0.0,-71.0
1777891117.3183324,9.0,-1.0,-74.0
1777891117.3283324,6.0,-3.0,-76.0
1777891117.3383324,1.0,-2.0,-78.0
1777891117.3483324,2.0,4.0,-76.0
1777891117.3583324,4.0,3.0,-71.0
1777891117.3683324,6.0,5.0,-76.0
1777891117.3783324,7.0,2.0,-75.0
1777891117.3883324,7.0,-3.0,-77.0
1777891117.3983324,7.0,-5.0,-80.0
1777891117.4083323,0.0,-5.0,-73.0
1777891117.4183323,-1.0,-4.0,-77.0
1777891117.4283323,2.0,-5.0,-77.0
1777891117.4383323,4.0,-2.0,-80.0
1777891117.4483323,1.0,-5.0,-80.0
1777891117.4583323,1.0,-4.0,-83.0
1777891117.4683323,-4.0,-3.0,-72.0
1777891117.4783323,0.0,-3.0,-71.0
1777891117.4883325,0.0,-2.0,-72.0
1777891117.4983325,-5.0,-1.0,-79.0
1777891117.5083325,0.0,-2.0,-77.0
1777891117.5183325,1.0,-4.0,-73.0
1777891117.5283325,1.0,-5.0,-67.0
1777891117.5383325,-2.0,-3.0,-67.0
1777891117.5483325,-1.0,-2.0,-68.0
1777891117.5583324,0.0,1.0,-68.0
1777891117.5683324,3.0,0.0,-71.0
1777891117.5783324,-3.0,-5.0,-70.0
1777891117.5883324,0.0,-7.0,-72.0
1777891117.5983324,-2.0,-6.0,-73.0
1777891117.6083324,-5.0,2.0,-71.0
1777891117.6183324,-3.0,0.0,-72.0
1777891117.6283324,-1.0,-1.0,-69.0
1777891117.6383324,1.0,-6.0,-67.0
1777891117.6483324,3.0,-7.0,-66.0
1777891117.6583323,6.0,-5.0,-70.0
1777891117.6683323,5.0,-4.0,-75.0
1777891117.6783323,8.0,-9.0,-76.0
1777891117.6883323,4.0,-9.0,-73.0
1777891117.6983323,0.0,-12.0,-71.0
1777891117.7083323,-1.0,-5.0,-72.0
1777891117.7183323,-2.0,-1.0,-72.0
1777891117.7283323,-2.0,-4.0,-68.0
1777891117.7383325,1.0,-6.0,-67.0
1777891117.7483325,-2.0,-6.0,-67.0
1777891117.7583325,-2.0,-2.0,-64.0
1777891117.7683325,2.0,-3.0,-63.0
1777891117.7783325,-2.0,-5.0,-65.0
1777891117.7883325,0.0,-7.0,-66.0
1777891117.7983325,0.0,-2.0,-67.0
1777891117.8083324,0.0,-3.0,-67.0
1777891117.8183324,5.0,-2.0,-68.0
1777891117.8283324,1.0,1.0,-74.0
1777891117.8383324,2.0,-1.0,-73.0
1777891117.8483324,6.0,2.0,-71.0
1777891117.8583324,5.0,0.0,-70.0
1777891117.8683324,3.0,-4.0,-70.0
1777891117.8783324,0.0,-8.0,-66.0
1777891117.8883324,-5.0,-7.0,-67.0
1777891117.8993323,-6.0,-5.0,-65.0
1777891117.9093325,-4.0,-2.0,-70.0
1777891117.9193325,-5.0,0.0,-68.0
1777891117.9293325,-4.0,4.0,-65.0
1777891117.9393325,-3.0,5.0,-64.0
1777891117.9493325,-1.0,0.0,-66.0
1777891117.9593325,-1.0,-3.0,-64.0
1777891117.9693325,3.0,-3.0,-65.0
1777891117.9793324,-2.0,-2.0,-63.0
1777891117.9893324,-5.0,-3.0,-64.0
1777891117.9993324,-3.0,-1.0,-70.0
1777891118.0093324,-1.0,1.0,-76.0
1777891118.0193324,-1.0,1.0,-83.0
1777891118.0293324,0.0,0.0,-81.0
1777891118.0393324,2.0,0.0,-83.0
1777891118.0493324,0.0,0.0,-80.0
1777891118.0593324,-1.0,1.0,-75.0
1777891118.0693324,-2.0,0.0,-72.0
1777891118.0793324,1.0,-3.0,-68.0
1777891118.0893323,7.0,-1.0,-65.0
1777891118.0993323,6.0,-3.0,-68.0
1777891118.1093323,4.0,-5.0,-71.0
1777891118.1193323,3.0,-3.0,-72.0
1777891118.1293323,4.0,-2.0,-78.0
1777891118.1393323,7.0,-3.0,-79.0
1777891118.1493323,3.0,-1.0,-78.0
1777891118.1593325,2.0,0.0,-76.0
1777891118.1693325,3.0,1.0,-66.0
1777891118.1793325,3.0,-2.0,-67.0
1777891118.1893325,3.0,0.0,-68.0
1777891118.1993325,3.0,-2.0,-74.0
1777891118.2093325,0.0,-2.0,-76.0
1777891118.2193325,-4.0,0.0,-80.0
1777891118.2293324,-1.0,-1.0,-75.0
1777891118.2393324,0.0,-2.0,-76.0
1777891118.2493324,1.0,0.0,-71.0
1777891118.2593324,2.0,-4.0,-69.0
1777891118.2693324,1.0,-3.0,-72.0
1777891118.2793324,2.0,-2.0,-70.0
1777891118.2893324,-1.0,0.0,-67.0
1777891118.2993324,-5.0,1.0,-67.0
1777891118.3093324,-4.0,0.0,-69.0
1777891118.3193324,-4.0,-2.0,-67.0
1777891118.3293324,0.0,-7.0,-66.0
1777891118.3393323,0.0,-10.0,-69.0
1777891118.3493323,0.0,-11.0,-70.0
1777891118.3593323,0.0,-11.0,-74.0
1777891118.3693323,0.0,-9.0,-76.0
1777891118.3793323,-1.0,-5.0,-76.0
1777891118.3893323,-1.0,-2.0,-75.0
1777891118.3993323,-2.0,0.0,-76.0
1777891118.4093325,-2.0,0.0,-80.0
1777891118.4193325,-1.0,-3.0,-80.0
1777891118.4293325,-3.0,3.0,-75.0
1777891118.4393325,-4.0,1.0,-68.0
1777891118.4493325,0.0,-1.0,-66.0
1777891118.4593325,0.0,-3.0,-63.0
1777891118.4693325,-1.0,-1.0,-64.0
1777891118.4793324,0.0,-2.0,-62.0
1777891118.4893324,5.0,-1.0,-61.0
1777891118.4993324,3.0,0.0,-65.0
1777891118.5093324,1.0,-1.0,-63.0
1777891118.5193324,0.0,-5.0,-60.0
1777891118.5293324,0.0,-9.0,-65.0
1777891118.5393324,-3.0,-9.0,-71.0
1777891118.5493324,-3.0,-8.0,-76.0
1777891118.5593324,-1.0,-5.0,-76.0
1777891118.5693324,2.0,-2.0,-65.0
1777891118.5793324,1.0,0.0,-64.0
1777891118.5893323,0.0,-5.0,-70.0
1777891118.5993323,-1.0,-3.0,-69.0
1777891118.6093323,1.0,2.0,-77.0
1777891118.6193323,1.0,1.0,-73.0
1777891118.6293323,3.0,1.0,-65.0
1777891118.6393323,2.0,2.0,-71.0
1777891118.6493323,2.0,-1.0,-73.0
1777891118.6593325,0.0,0.0,-77.0
1777891118.6693325,-2.0,-2.0,-77.0
1777891118.6793325,0.0,-2.0,-75.0
1777891118.6893325,-3.0,-4.0,-82.0
1777891118.6993325,-3.0,-3.0,-87.0
1777891118.7093325,-7.0,-3.0,-81.0
1777891118.7193325,-8.0,-3.0,-73.0
1777891118.7293324,-8.0,-5.0,-77.0
1777891118.7393324,-6.0,-2.0,-77.0
1777891118.7493324,-5.0,0.0,-73.0
1777891118.7593324,-1.0,-5.0,-69.0
1777891118.7693324,-3.0,-6.0,-70.0
1777891118.7793324,-3.0,-6.0,-75.0
1777891118.7893324,-6.0,-7.0,-76.0
1777891118.7993324,-10.0,-8.0,-77.0
1777891118.8093324,-10.0,-6.0,-81.0
1777891118.8193324,-9.0,-9.0,-77.0
1777891118.8293324,-3.0,-13.0,-69.0
1777891118.8393323,0.0,-13.0,-66.0
1777891118.8493323,2.0,-12.0,-63.0
1777891118.8593323,4.0,-10.0,-72.0
1777891118.8693323,4.0,-11.0,-74.0
1777891118.8793323,5.0,-8.0,-73.0
1777891118.8893323,6.0,-2.0,-66.0
1777891118.8993323,6.0,-2.0,-71.0
1777891118.9093325,6.0,-2.0,-74.0
1777891118.9193325,5.0,0.0,-76.0
1777891118.9293325,2.0,0.0,-75.0
1777891118.9393325,4.0,1.0,-72.0
1777891118.9493325,4.0,2.0,-76.0
1777891118.9593325,3.0,0.0,-77.0
1777891118.9693325,9.0,0.0,-73.0
1777891118.9793324,9.0,-1.0,-72.0
1777891118.9893324,9.0,-2.0,-70.0
1777891118.9993324,8.0,1.0,-70.0
1777891119.0093324,8.0,0.0,-64.0
1777891119.0193324,10.0,0.0,-70.0
1777891119.0293324,9.0,-5.0,-74.0
1777891119.0393324,6.0,-3.0,-76.0
1777891119.0493324,1.0,-1.0,-76.0
1777891119.0593324,-1.0,-2.0,-75.0
1777891119.0693324,0.0,-3.0,-73.0
1777891119.0793324,3.0,-4.0,-69.0
1777891119.0893323,0.0,-1.0,-69.0
1777891119.0993323,-3.0,-1.0,-70.0
1777891119.1093323,-1.0,0.0,-68.0
1777891119.1193323,-2.0,0.0,-67.0
1777891119.1293323,-5.0,-2.0,-75.0
1777891119.1393323,-3.0,0.0,-73.0
1777891119.1493323,0.0,0.0,-72.0
1777891119.1593325,2.0,0.0,-74.0
1777891119.1693325,3.0,-2.0,-73.0
1777891119.1793325,2.0,-4.0,-69.0
1777891119.1893325,-1.0,-4.0,-72.0
1777891119.1993325,-1.0,-3.0,-65.0
1777891119.2093325,-3.0,-5.0,-63.0
1777891119.2193325,-3.0,-3.0,-68.0
1777891119.2293324,0.0,-5.0,-73.0
1777891119.2393324,0.0,-5.0,-75.0
1777891119.2493324,-2.0,-7.0,-75.0
1777891119.2593324,0.0,-10.0,-74.0
1777891119.2693324,-4.0,-9.0,-72.0
1777891119.2793324,-3.0,-6.0,-71.0
1777891119.2893324,2.0,-3.0,-68.0
1777891119.2993324,5.0,5.0,-70.0
1777891119.3093324,5.0,2.0,-69.0
1777891119.3193324,5.0,1.0,-72.0
1777891119.3293324,8.0,2.0,-71.0
1777891119.3393323,5.0,0.0,-72.0
1777891119.3493323,14.0,-1.0,-75.0
1777891119.3593323,12.0,-1.0,-81.0
1777891119.3693323,8.0,1.0,-82.0
1777891119.3793323,6.0,-1.0,-83.0
1777891119.3893323,6.0,-3.0,-85.0
1777891119.3993323,4.0,-6.0,-84.0
1777891119.4093325,5.0,-3.0,-75.0
1777891119.4193325,9.0,-1.0,-75.0
1777891119.4293325,10.0,-5.0,-78.0
1777891119.4393325,8.0,-3.0,-75.0
1777891119.4493325,4.0,-5.0,-74.0
1777891119.4593325,-4.0,-5.0,-79.0
1777891119.4693325,-4.0,0.0,-80.0
1777891119.4793324,-3.0,2.0,-82.0
1777891119.4893324,-1.0,2.0,-83.0
1777891119.4993324,-2.0,4.0,-80.0
1777891119.5093324,-4.0,3.0,-77.0
1777891119.5193324,-3.0,5.0,-75.0
1777891119.5293324,-3.0,7.0,-75.0
1777891119.5393324,0.0,4.0,-76.0
1777891119.5493324,0.0,4.0,-76.0
1777891119.5593324,1.0,5.0,-77.0
1777891119.5693324,0.0,2.0,-71.0
1777891119.5793324,0.0,4.0,-70.0
1777891119.5893323,-2.0,2.0,-70.0
1777891119.5993323,0.0,0.0,-72.0
1777891119.6093323,-2.0,-1.0,-85.0
1777891119.6193323,-1.0,-3.0,-82.0
1777891119.6293323,-4.0,-4.0,-83.0
1777891119.6393323,-2.0,-3.0,-85.0
1777891119.6493323,2.0,3.0,-81.0
1777891119.6593325,0.0,2.0,-73.0
1777891119.6693325,2.0,2.0,-67.0
1777891119.6793325,2.0,3.0,-71.0
1777891119.6893325,2.0,3.0,-80.0
1777891119.6993325,4.0,0.0,-88.0
1777891119.7093325,-1.0,-1.0,-92.0
1777891119.7193325,0.0,-3.0,-88.0
1777891119.7293324,1.0,-2.0,-82.0
1777891119.7393324,-4.0,0.0,-85.0
1777891119.7493324,-3.0,0.0,-79.0
1777891119.7593324,-4.0,-7.0,-73.0
1777891119.7693324,-7.0,-3.0,-69.0
1777891119.7793324,-6.0,-6.0,-72.0
1777891119.7893324,-7.0,-9.0,-75.0
1777891119.7993324,-5.0,-6.0,-75.0
1777891119.8093324,-3.0,-2.0,-78.0
1777891119.8193324,1.0,3.0,-84.0
1777891119.8293324,1.0,3.0,-79.0
1777891119.8393323,3.0,3.0,-79.0
1777891119.8493323,4.0,-1.0,-73.0
1777891119.8593323,-1.0,-4.0,-76.0
1777891119.8703325,-1.0,-2.0,-79.0
1777891119.8793323,0.0,0.0,-80.0
1777891119.8893323,0.0,0.0,-80.0
1777891119.9003325,0.0,1.0,-77.0
1777891119.9103324,0.0,4.0,-77.0
1777891119.9203324,1.0,2.0,-75.0
1777891119.9303324,3.0,5.0,-72.0
1777891119.9403324,5.0,3.0,-71.0
1777891119.9503324,0.0,1.0,-72.0
1777891119.9603324,4.0,0.0,-68.0
1777891119.9703324,5.0,-1.0,-72.0
1777891119.9803324,4.0,3.0,-64.0
1777891119.9903324,0.0,-1.0,-68.0
1777891120.0003324,1.0,2.0,-68.0
1777891120.0103323,1.0,-1.0,-66.0
1777891120.0203323,0.0,0.0,-65.0
1777891120.0303323,1.0,0.0,-63.0
1777891120.0403323,3.0,1.0,-61.0
1777891120.0503323,4.0,2.0,-66.0
1777891120.0603323,10.0,0.0,-76.0
1777891120.0703323,14.0,0.0,-77.0
1777891120.0803325,11.0,1.0,-81.0
1777891120.0903325,6.0,0.0,-75.0
1777891120.1003325,7.0,-1.0,-77.0
1777891120.1103325,6.0,2.0,-66.0
1777891120.1203325,5.0,3.0,-72.0
1777891120.1303325,2.0,3.0,-73.0
1777891120.1403325,3.0,0.0,-70.0
1777891120.1503325,4.0,-3.0,-69.0
1777891120.1603324,0.0,-5.0,-69.0
1777891120.1703324,3.0,-7.0,-77.0
1777891120.1803324,2.0,-7.0,-75.0
1777891120.1903324,2.0,-4.0,-69.0
1777891120.2003324,5.0,-2.0,-72.0
1777891120.2103324,10.0,-5.0,-74.0
1777891120.2203324,8.0,-3.0,-77.0
1777891120.2303324,4.0,-5.0,-76.0
1777891120.2403324,0.0,-8.0,-76.0
1777891120.2503324,0.0,-8.0,-77.0
1777891120.2603323,2.0,-8.0,-78.0
1777891120.2703323,2.0,-7.0,-70.0
1777891120.2803323,4.0,-9.0,-69.0
1777891120.2903323,4.0,-7.0,-70.0
1777891120.3003323,4.0,-4.0,-66.0
1777891120.3103323,3.0,0.0,-71.0
1777891120.3203323,3.0,1.0,-67.0
1777891120.3303325,0.0,-3.0,-66.0
1777891120.3403325,1.0,-6.0,-62.0
1777891120.3503325,0.0,-5.0,-63.0
1777891120.3603325,0.0,-3.0,-62.0
1777891120.3703325,-1.0,0.0,-64.0
1777891120.3803325,0.0,-2.0,-69.0
1777891120.3903325,-1.0,-2.0,-72.0
1777891120.4003325,1.0,-1.0,-70.0
1777891120.4103324,3.0,-1.0,-68.0
1777891120.4203324,1.0,0.0,-67.0
1777891120.4303324,1.0,-2.0,-67.0
1777891120.4403324,4.0,-5.0,-70.0
1777891120.4503324,0.0,-2.0,-65.0
1777891120.4603324,0.0,-2.0,-68.0
1777891120.4703324,6.0,0.0,-65.0
1777891120.4803324,7.0,1.0,-68.0
1777891120.4903324,9.0,2.0,-72.0
1777891120.5003324,7.0,-1.0,-74.0
1777891120.5103323,5.0,-2.0,-75.0
1777891120.5203323,6.0,-3.0,-79.0
1777891120.5303323,3.0,-9.0,-74.0
1777891120.5403323,3.0,-4.0,-74.0
1777891120.5503323,0.0,-2.0,-74.0
1777891120.5603323,-1.0,0.0,-71.0
1777891120.5703323,-2.0,0.0,-71.0
1777891120.5803325,-1.0,-1.0,-73.0
1777891120.5903325,0.0,0.0,-64.0
1777891120.6003325,0.0,1.0,-69.0
1777891120.6103325,0.0,0.0,-73.0
1777891120.6203325,-4.0,-2.0,-84.0
1777891120.6303325,-1.0,-4.0,-83.0
1777891120.6403325,0.0,-6.0,-87.0
1777891120.6503325,1.0,-5.0,-82.0
1777891120.6603324,-2.0,-4.0,-81.0
1777891120.6703324,-3.0,-1.0,-76.0
1777891120.6803324,0.0,-4.0,-77.0
1777891120.6903324,4.0,-4.0,-76.0
1777891120.7003324,5.0,-3.0,-72.0
1777891120.7103324,9.0,-2.0,-71.0
1777891120.7203324,9.0,-2.0,-79.0
1777891120.7303324,8.0,-6.0,-71.0
1777891120.7403324,7.0,-11.0,-70.0
1777891120.7503324,7.0,-8.0,-67.0
1777891120.7603323,6.0,-8.0,-64.0
1777891120.7703323,6.0,-5.0,-63.0
1777891120.7803323,6.0,0.0,-67.0
1777891120.7903323,2.0,-2.0,-69.0
1777891120.8003323,-1.0,-4.0,-74.0
1777891120.8103323,-5.0,-2.0,-63.0
1777891120.8203323,-2.0,-6.0,-62.0
1777891120.8303325,-4.0,-9.0,-68.0
1777891120.8403325,-8.0,-6.0,-68.0
1777891120.8503325,-4.0,-3.0,-68.0
1777891120.8603325,-3.0,0.0,-64.0
1777891120.8703325,-1.0,0.0,-72.0
1777891120.8803325,-4.0,0.0,-67.0
1777891120.8903325,-4.0,0.0,-65.0
1777891120.9003325,-7.0,4.0,-62.0
1777891120.9103324,-6.0,3.0,-64.0
1777891120.9203324,-6.0,4.0,-67.0
1777891120.9303324,-4.0,-2.0,-71.0
1777891120.9403324,-1.0,-2.0,-62.0
1777891120.9503324,0.0,-3.0,-67.0
1777891120.9603324,-1.0,-5.0,-69.0
1777891120.9703324,0.0,-4.0,-70.0
1777891120.9803324,-2.0,0.0,-77.0
1777891120.9903324,-1.0,0.0,-83.0
1777891121.0003324,0.0,-4.0,-76.0
1777891121.0103323,-3.0,-6.0,-82.0
1777891121.0203323,-4.0,-3.0,-85.0
1777891121.0303323,-2.0,-5.0,-88.0
1777891121.0403323,0.0,-6.0,-82.0
1777891121.0503323,1.0,-7.0,-84.0
1777891121.0603323,-2.0,-4.0,-75.0
1777891121.0703323,0.0,-6.0,-74.0
1777891121.0803325,-1.0,-8.0,-78.0
1777891121.0903325,0.0,-7.0,-83.0
1777891121.1003325,0.0,-4.0,-71.0
1777891121.1103325,-1.0,0.0,-64.0
1777891121.1203325,0.0,0.0,-62.0
1777891121.1303325,3.0,2.0,-60.0
1777891121.1403325,3.0,5.0,-70.0
1777891121.1503325,2.0,0.0,-79.0
1777891121.1603324,0.0,0.0,-75.0
1777891121.1703324,-1.0,-1.0,-72.0
1777891121.1803324,-3.0,3.0,-69.0
1777891121.1903324,-2.0,0.0,-75.0
1777891121.2003324,-4.0,-1.0,-81.0
1777891121.2103324,-8.0,-4.0,-85.0
1777891121.2203324,-5.0,-3.0,-87.0
1777891121.2303324,-5.0,-1.0,-81.0
1777891121.2403324,-5.0,1.0,-84.0
1777891121.2503324,-4.0,4.0,-88.0
1777891121.2603323,-5.0,3.0,-80.0
1777891121.2703323,-4.0,-1.0,-80.0
1777891121.2803323,-1.0,0.0,-80.0
1777891121.2903323,-2.0,1.0,-74.0
1777891121.3003323,-2.0,1.0,-76.0
1777891121.3103323,0.0,1.0,-81.0
1777891121.3203323,4.0,1.0,-84.0
1777891121.3303325,10.0,2.0,-89.0
1777891121.3403325,6.0,0.0,-84.0
1777891121.3503325,10.0,-3.0,-80.0
1777891121.3603325,9.0,-2.0,-84.0
1777891121.3703325,5.0,-4.0,-86.0
1777891121.3803325,6.0,-12.0,-80.0
1777891121.3903325,8.0,-9.0,-81.0
1777891121.4003325,7.0,-4.0,-78.0
1777891121.4103324,4.0,0.0,-78.0
1777891121.4203324,0.0,1.0,-72.0
1777891121.4303324,0.0,-1.0,-66.0
1777891121.4403324,2.0,-1.0,-67.0
1777891121.4503324,0.0,-3.0,-65.0
1777891121.4603324,1.0,-2.0,-68.0
1777891121.4703324,3.0,0.0,-72.0
1777891121.4803324,1.0,5.0,-68.0
1777891121.4903324,0.0,3.0,-68.0
1777891121.5003324,0.0,4.0,-74.0
1777891121.5103323,0.0,0.0,-77.0
1777891121.5203323,6.0,-1.0,-72.0
1777891121.5303323,5.0,-3.0,-66.0
1777891121.5403323,-1.0,-1.0,-70.0
1777891121.5503323,0.0,3.0,-69.0
1777891121.5603323,1.0,3.0,-71.0
1777891121.5703323,0.0,0.0,-67.0
1777891121.5803325,-2.0,-2.0,-67.0
1777891121.5903325,-3.0,1.0,-63.0
1777891121.6003325,-1.0,2.0,-60.0
1777891121.6103325,-2.0,4.0,-60.0
1777891121.6203325,-4.0,2.0,-63.0
1777891121.6303325,-8.0,8.0,-62.0
1777891121.6403325,-2.0,3.0,-66.0
1777891121.6503325,-1.0,0.0,-65.0
1777891121.6603324,-4.0,1.0,-65.0
1777891121.6703324,0.0,0.0,-66.0
1777891121.6803324,0.0,3.0,-69.0
1777891121.6903324,1.0,0.0,-70.0
1777891121.7003324,0.0,-2.0,-69.0
1777891121.7103324,0.0,0.0,-68.0
1777891121.7203324,-1.0,1.0,-68.0
1777891121.7303324,0.0,2.0,-68.0
1777891121.7403324,0.0,0.0,-62.0
1777891121.7503324,3.0,-2.0,-64.0
1777891121.7603323,4.0,-2.0,-67.0
1777891121.7703323,9.0,0.0,-63.0
1777891121.7803323,4.0,-1.0,-62.0
1777891121.7903323,4.0,0.0,-65.0
1777891121.8003323,6.0,-2.0,-71.0
1777891121.8103323,8.0,0.0,-73.0
1777891121.8203323,5.0,-1.0,-73.0
1777891121.8303325,1.0,-2.0,-79.0
1777891121.8403325,5.0,0.0,-72.0
1777891121.8503325,6.0,-2.0,-73.0
1777891121.8613324,3.0,2.0,-76.0
1777891121.8713324,3.0,0.0,-71.0
1777891121.8813324,5.0,-2.0,-68.0
1777891121.8913324,1.0,1.0,-66.0
1777891121.9013324,5.0,2.0,-70.0
1777891121.9113324,3.0,-3.0,-78.0
1777891121.9213324,1.0,-8.0,-78.0
1777891121.9313323,1.0,-5.0,-83.0
1777891121.9413323,2.0,-4.0,-85.0
1777891121.9513323,0.0,-3.0,-84.0
1777891121.9613323,3.0,-2.0,-79.0
1777891121.9713323,2.0,-3.0,-74.0
1777891121.9813323,-2.0,-5.0,-76.0
1777891121.9913323,-5.0,-3.0,-76.0
1777891122.0013323,-7.0,-3.0,-76.0
1777891122.0113325,-2.0,0.0,-77.0
1777891122.0213325,0.0,-3.0,-75.0
1777891122.0313325,-1.0,-2.0,-72.0
1777891122.0413325,-2.0,-6.0,-69.0
1777891122.0513325,-5.0,-6.0,-65.0
1777891122.0613325,-6.0,-6.0,-66.0
1777891122.0713325,-4.0,-5.0,-71.0
1777891122.0813324,-2.0,-6.0,-72.0
1777891122.0913324,-3.0,-4.0,-73.0
1777891122.1013324,-5.0,-5.0,-72.0
1777891122.1113324,-7.0,-9.0,-77.0
1777891122.1213324,-5.0,-5.0,-74.0
1777891122.1313324,-5.0,-4.0,-70.0
1777891122.1413324,-5.0,-6.0,-73.0
1777891122.1513324,-8.0,-4.0,-75.0
1777891122.1613324,-6.0,-3.0,-76.0
1777891122.1713324,-2.0,0.0,-75.0
1777891122.1813323,-1.0,0.0,-79.0
1777891122.1913323,-3.0,-2.0,-82.0
1777891122.2013323,-3.0,-1.0,-88.0
1777891122.2113323,-4.0,-2.0,-79.0
1777891122.2213323,-1.0,0.0,-75.0
1777891122.2313323,0.0,1.0,-76.0
1777891122.2413323,5.0,1.0,-74.0
1777891122.2513323,0.0,0.0,-71.0
1777891122.2613325,-2.0,-3.0,-72.0
1777891122.2713325,-3.0,-4.0,-64.0
1777891122.2813325,-4.0,-5.0,-68.0
1777891122.2913325,-1.0,-7.0,-68.0
1777891122.3013325,0.0,-6.0,-62.0
1777891122.3113325,2.0,-8.0,-66.0
1777891122.3213325,3.0,-5.0,-64.0
1777891122.3313324,-1.0,-5.0,-62.0
1777891122.3413324,-3.0,-3.0,-58.0
1777891122.3513324,-4.0,1.0,-64.0
1777891122.3613324,-2.0,2.0,-62.0
1777891122.3713324,-2.0,0.0,-64.0
1777891122.3813324,-1.0,0.0,-67.0
1777891122.3913324,-1.0,-3.0,-65.0
1777891122.4013324,-2.0,-3.0,-69.0
1777891122.4113324,2.0,-5.0,-65.0
1777891122.4213324,1.0,-5.0,-63.0
1777891122.4313323,1.0,-5.0,-65.0
1777891122.4413323,-1.0,-4.0,-60.0
1777891122.4513323,4.0,-3.0,-65.0
1777891122.4613323,5.0,-3.0,-80.0
1777891122.4713323,8.0,-3.0,-85.0
1777891122.4813323,6.0,-3.0,-82.0
1777891122.4913323,2.0,-2.0,-87.0
1777891122.5013323,5.0,0.0,-84.0
1777891122.5113325,2.0,-4.0,-81.0
1777891122.5213325,3.0,-1.0,-73.0
1777891122.5313325,3.0,-1.0,-73.0
1777891122.5413325,0.0,-4.0,-74.0
1777891122.5513325,1.0,-7.0,-71.0
1777891122.5613325,4.0,-5.0,-68.0
1777891122.5713325,2.0,-8.0,-67.0
1777891122.5813324,5.0,-5.0,-71.0
1777891122.5913324,6.0,0.0,-73.0
1777891122.6013324,6.0,0.0,-69.0
1777891122.6113324,5.0,-2.0,-60.0
1777891122.6213324,2.0,-3.0,-70.0
1777891122.6313324,-6.0,-8.0,-73.0
1777891122.6413324,-9.0,-8.0,-73.0
1777891122.6513324,-9.0,-10.0,-69.0
1777891122.6613324,-10.0,-6.0,-63.0
1777891122.6713324,-11.0,-6.0,-61.0
1777891122.6813323,-10.0,-9.0,-57.0
1777891122.6913323,-8.0,-3.0,-57.0
1777891122.7013323,-6.0,-5.0,-61.0
1777891122.7113323,0.0,-4.0,-66.0
1777891122.7213323,0.0,-6.0,-67.0
1777891122.7313323,0.0,-6.0,-64.0
1777891122.7413323,5.0,-12.0,-62.0
1777891122.7513323,8.0,-11.0,-66.0
1777891122.7613325,7.0,-11.0,-62.0
1777891122.7713325,6.0,-9.0,-60.0
1777891122.7813325,8.0,-10.0,-50.0
1777891122.7913325,7.0,-12.0,-56.0
1777891122.8013325,6.0,-8.0,-59.0
1777891122.8113325,3.0,-3.0,-64.0
1777891122.8213325,0.0,-1.0,-62.0
1777891122.8313324,2.0,-3.0,-67.0
1777891122.8413324,7.0,-2.0,-73.0
1777891122.8513324,11.0,0.0,-71.0
1777891122.8613324,14.0,1.0,-67.0
1777891122.8713324,9.0,0.0,-66.0
1777891122.8813324,10.0,-2.0,-67.0
1777891122.8913324,9.0,0.0,-67.0
1777891122.9013324,5.0,1.0,-67.0
1777891122.9113324,7.0,0.0,-62.0
1777891122.9213324,5.0,-1.0,-63.0
1777891122.9313323,3.0,-6.0,-62.0
1777891122.9413323,5.0,-9.0,-63.0
1777891122.9513323,8.0,-5.0,-67.0
1777891122.9613323,8.0,-7.0,-65.0
1777891122.9713323,6.0,0.0,-62.0
1777891122.9813323,8.0,-2.0,-57.0
1777891122.9913323,5.0,-3.0,-61.0
1777891123.0013323,2.0,-5.0,-61.0
1777891123.0113325,-1.0,-4.0,-64.0
1777891123.0213325,0.0,-3.0,-70.0
1777891123.0313325,1.0,-1.0,-73.0
1777891123.0413325,0.0,0.0,-72.0
1777891123.0513325,2.0,-2.0,-68.0
1777891123.0613325,6.0,-4.0,-76.0
1777891123.0713325,10.0,0.0,-80.0
1777891123.0813324,8.0,0.0,-77.0
1777891123.0913324,6.0,1.0,-76.0
1777891123.1013324,4.0,2.0,-76.0
1777891123.1113324,2.0,-1.0,-71.0
1777891123.1213324,6.0,-1.0,-72.0
1777891123.1313324,9.0,-7.0,-69.0
1777891123.1413324,14.0,-7.0,-74.0
1777891123.1513324,8.0,-5.0,-75.0
1777891123.1613324,5.0,-2.0,-79.0
1777891123.1713324,2.0,-2.0,-73.0
1777891123.1813323,-1.0,-1.0,-74.0
1777891123.1913323,2.0,-4.0,-76.0
1777891123.2013323,5.0,-8.0,-70.0
1777891123.2113323,5.0,-3.0,-74.0
1777891123.2213323,2.0,-1.0,-71.0
1777891123.2313323,0.0,-3.0,-67.0
1777891123.2413323,-5.0,-3.0,-70.0
1777891123.2513323,-5.0,0.0,-75.0
1777891123.2613325,-1.0,2.0,-71.0
1777891123.2713325,0.0,2.0,-74.0
1777891123.2813325,-3.0,0.0,-76.0
1777891123.2913325,2.0,-3.0,-80.0
1777891123.3013325,3.0,-4.0,-81.0
1777891123.3113325,0.0,-5.0,-76.0
1777891123.3213325,3.0,-11.0,-67.0
1777891123.3313324,6.0,-11.0,-67.0
1777891123.3413324,5.0,-9.0,-63.0
1777891123.3513324,7.0,-7.0,-66.0
1777891123.3613324,5.0,-5.0,-69.0
1777891123.3713324,8.0,-1.0,-64.0
1777891123.3813324,5.0,-2.0,-69.0
1777891123.3913324,5.0,-2.0,-69.0
1777891123.4013324,5.0,-1.0,-70.0
1777891123.4113324,3.0,1.0,-70.0
1777891123.4213324,4.0,3.0,-71.0
1777891123.4313323,5.0,2.0,-68.0
1777891123.4413323,3.0,7.0,-70.0
1777891123.4513323,-3.0,3.0,-73.0
1777891123.4613323,-3.0,1.0,-76.0
1777891123.4713323,-4.0,0.0,-79.0
1777891123.4813323,-8.0,0.0,-76.0
1777891123.4913323,-8.0,1.0,-75.0
1777891123.5013323,-7.0,-2.0,-77.0
1777891123.5113325,-5.0,-3.0,-73.0
1777891123.5213325,-1.0,-2.0,-68.0
1777891123.5313325,2.0,0.0,-68.0
1777891123.5413325,0.0,2.0,-71.0
1777891123.5513325,0.0,2.0,-73.0
1777891123.5613325,-4.0,3.0,-73.0
1777891123.5713325,-3.0,3.0,-74.0
1777891123.5813324,-6.0,4.0,-77.0
1777891123.5913324,-5.0,0.0,-77.0
1777891123.6013324,-6.0,0.0,-73.0
1777891123.6113324,-4.0,-1.0,-73.0
1777891123.6213324,-1.0,0.0,-74.0
1777891123.6313324,1.0,0.0,-78.0
1777891123.6413324,1.0,0.0,-81.0
1777891123.6513324,1.0,3.0,-75.0
1777891123.6613324,5.0,-1.0,-65.0
1777891123.6713324,4.0,0.0,-60.0
1777891123.6813323,1.0,-1.0,-65.0
1777891123.6913323,4.0,3.0,-69.0
1777891123.7013323,1.0,0.0,-72.0
1777891123.7113323,1.0,-2.0,-70.0
1777891123.7213323,0.0,-1.0,-68.0
1777891123.7313323,0.0,-4.0,-72.0
1777891123.7413323,5.0,-2.0,-79.0
1777891123.7513323,1.0,0.0,-81.0
1777891123.7613325,-3.0,0.0,-79.0
1777891123.7713325,0.0,-2.0,-77.0
1777891123.7813325,0.0,-1.0,-82.0
1777891123.7913325,0.0,1.0,-79.0
1777891123.8013325,3.0,-2.0,-78.0
1777891123.8113325,4.0,-7.0,-82.0
1777891123.8213325,6.0,-10.0,-78.0
1777891123.8313324,6.0,-6.0,-79.0
1777891123.8423324,5.0,-4.0,-75.0
1777891123.8523324,4.0,-3.0,-70.0
1777891123.8613324,3.0,-2.0,-68.0
1777891123.8723323,1.0,0.0,-60.0
1777891123.8823323,7.0,-1.0,-66.0
1777891123.8923323,12.0,-2.0,-73.0
1777891123.9023323,10.0,0.0,-77.0
1777891123.9123323,6.0,-3.0,-77.0
1777891123.9223323,8.0,-2.0,-72.0
1777891123.9323325,12.0,-3.0,-68.0
1777891123.9423325,14.0,-1.0,-75.0
1777891123.9523325,6.0,-1.0,-76.0
1777891123.9623325,5.0,-1.0,-70.0
1777891123.9723325,3.0,1.0,-72.0
1777891123.9823325,2.0,4.0,-73.0
1777891123.9923325,3.0,3.0,-71.0
1777891124.0023324,4.0,1.0,-66.0
1777891124.0123324,6.0,-2.0,-62.0
1777891124.0223324,1.0,-3.0,-64.0
1777891124.0323324,1.0,-7.0,-69.0
1777891124.0423324,0.0,-5.0,-67.0
1777891124.0523324,-1.0,0.0,-70.0
1777891124.0623324,4.0,-2.0,-75.0
1777891124.0723324,7.0,-2.0,-74.0
1777891124.0823324,8.0,-1.0,-70.0
1777891124.0923324,5.0,-1.0,-74.0
1777891124.1023324,1.0,1.0,-76.0
1777891124.1123323,0.0,0.0,-74.0
1777891124.1223323,5.0,0.0,-74.0
1777891124.1323323,7.0,0.0,-72.0
1777891124.1423323,7.0,1.0,-66.0
1777891124.1523323,11.0,1.0,-70.0
1777891124.1623323,12.0,-1.0,-68.0
1777891124.1723323,11.0,-3.0,-64.0
1777891124.1823325,8.0,-2.0,-61.0
1777891124.1923325,9.0,-2.0,-63.0
1777891124.2023325,7.0,-5.0,-67.0
1777891124.2123325,2.0,-4.0,-67.0
1777891124.2223325,4.0,-7.0,-65.0
1777891124.2323325,2.0,0.0,-62.0
1777891124.2423325,1.0,0.0,-71.0
1777891124.2523324,5.0,0.0,-77.0
1777891124.2623324,5.0,-4.0,-77.0
1777891124.2723324,4.0,-2.0,-73.0
1777891124.2823324,2.0,-2.0,-74.0
1777891124.2923324,6.0,-5.0,-70.0
1777891124.3023324,3.0,-3.0,-75.0
1777891124.3123324,4.0,-2.0,-75.0
1777891124.3223324,6.0,-4.0,-71.0
1777891124.3323324,5.0,-5.0,-71.0
1777891124.3423324,4.0,-1.0,-76.0
1777891124.3523324,5.0,0.0,-79.0
1777891124.3623323,3.0,0.0,-78.0
1777891124.3723323,3.0,-2.0,-75.0
1777891124.3823323,4.0,-2.0,-75.0
1777891124.3923323,1.0,-1.0,-71.0
1777891124.4023323,-1.0,0.0,-68.0
1777891124.4123323,0.0,-1.0,-66.0
1777891124.4223323,0.0,0.0,-73.0
1777891124.4323325,3.0,1.0,-75.0
1777891124.4423325,5.0,0.0,-77.0
1777891124.4523325,2.0,-3.0,-73.0
1777891124.4623325,0.0,-4.0,-72.0
1777891124.4723325,0.0,0.0,-73.0
1777891124.4823325,0.0,0.0,-71.0
1777891124.4923325,-2.0,0.0,-73.0
1777891124.5023324,-5.0,0.0,-70.0
1777891124.5123324,-6.0,1.0,-79.0
1777891124.5223324,-4.0,3.0,-83.0
1777891124.5323324,-1.0,0.0,-79.0
1777891124.5423324,-2.0,-3.0,-78.0
1777891124.5523324,-2.0,-4.0,-75.0
1777891124.5623324,-2.0,-3.0,-76.0
1777891124.5723324,-8.0,0.0,-81.0
1777891124.5823324,-7.0,1.0,-81.0
1777891124.5923324,-8.0,0.0,-79.0
1777891124.6023324,-6.0,1.0,-76.0
1777891124.6123323,-1.0,0.0,-79.0
1777891124.6223323,-3.0,-2.0,-78.0
1777891124.6323323,-6.0,-2.0,-85.0
1777891124.6423323,-7.0,-2.0,-85.0
1777891124.6523323,-3.0,0.0,-79.0
1777891124.6623323,-3.0,1.0,-70.0
1777891124.6733325,0.0,4.0,-71.0
1777891124.6823325,0.0,3.0,-64.0
1777891124.6923325,-1.0,3.0,-68.0
1777891124.7023325,-1.0,4.0,-69.0
1777891124.7123325,3.0,2.0,-65.0
1777891124.7223325,1.0,0.0,-69.0
1777891124.7323325,1.0,0.0,-72.0
1777891124.7423325,0.0,2.0,-77.0
1777891124.7523324,-4.0,2.0,-75.0
1777891124.7623324,-5.0,2.0,-75.0
1777891124.7723324,-2.0,2.0,-67.0
1777891124.7823324,0.0,2.0,-70.0
1777891124.7923324,3.0,0.0,-72.0
1777891124.8023324,3.0,-2.0,-68.0
1777891124.8123324,0.0,0.0,-69.0
1777891124.8223324,0.0,-1.0,-78.0
1777891124.8323324,3.0,-4.0,-80.0
1777891124.8423324,3.0,-4.0,-73.0
1777891124.8523324,1.0,-7.0,-74.0
1777891124.8623323,1.0,-6.0,-78.0
1777891124.8723323,2.0,-7.0,-82.0
1777891124.8823323,9.0,-8.0,-82.0
1777891124.8923323,8.0,-7.0,-82.0
1777891124.9023323,2.0,-1.0,-81.0
1777891124.9123323,1.0,0.0,-81.0
1777891124.9223323,6.0,0.0,-81.0
1777891124.9323325,4.0,-4.0,-81.0
1777891124.9423325,1.0,-2.0,-79.0
1777891124.9523325,0.0,0.0,-82.0
1777891124.9623325,-2.0,-2.0,-85.0
1777891124.9723325,-2.0,-1.0,-86.0
1777891124.9823325,-3.0,0.0,-87.0
1777891124.9923325,-1.0,-4.0,-85.0
1777891125.0023324,-3.0,-3.0,-85.0
1777891125.0123324,-4.0,-6.0,-82.0
1777891125.0223324,-7.0,-7.0,-81.0
1777891125.0323324,-9.0,-9.0,-78.0
1777891125.0423324,-8.0,-4.0,-73.0
1777891125.0523324,-4.0,-2.0,-79.0
1777891125.0623324,-2.0,-3.0,-79.0
1777891125.0723324,0.0,-3.0,-76.0
1777891125.0823324,-5.0,-3.0,-82.0
1777891125.0923324,-8.0,0.0,-83.0
1777891125.1023324,-8.0,0.0,-87.0
1777891125.1123323,-6.0,-1.0,-87.0
1777891125.1223323,-9.0,1.0,-80.0
1777891125.1323323,-6.0,8.0,-77.0
1777891125.1423323,-8.0,5.0,-78.0
1777891125.1523323,-8.0,6.0,-72.0
1777891125.1623323,-6.0,6.0,-65.0
1777891125.1723323,-6.0,2.0,-63.0
1777891125.1823325,-6.0,0.0,-69.0
1777891125.1923325,-4.0,2.0,-71.0
1777891125.2023325,-1.0,1.0,-76.0
1777891125.2123325,0.0,4.0,-75.0
1777891125.2223325,0.0,3.0,-67.0
1777891125.2323325,1.0,2.0,-70.0
1777891125.2423325,2.0,4.0,-74.0
1777891125.2523324,-3.0,1.0,-72.0
1777891125.2623324,-1.0,-4.0,-75.0
1777891125.2723324,0.0,-9.0,-80.0
1777891125.2823324,0.0,-5.0,-75.0
1777891125.2923324,3.0,-3.0,-70.0
1777891125.3023324,6.0,-7.0,-69.0
1777891125.3123324,4.0,-7.0,-69.0
1777891125.3223324,5.0,-3.0,-68.0
1777891125.3323324,5.0,2.0,-72.0
1777891125.3423324,2.0,6.0,-64.0
1777891125.3523324,4.0,3.0,-60.0
1777891125.3623323,7.0,8.0,-60.0
1777891125.3723323,9.0,4.0,-63.0
1777891125.3823323,5.0,2.0,-58.0
1777891125.3923323,3.0,0.0,-63.0
1777891125.4023323,3.0,5.0,-62.0
1777891125.4123323,8.0,5.0,-63.0
1777891125.4223323,8.0,2.0,-67.0
1777891125.4323325,2.0,1.0,-61.0
1777891125.4423325,7.0,0.0,-61.0
1777891125.4523325,3.0,0.0,-66.0
1777891125.4623325,1.0,-1.0,-74.0
1777891125.4723325,0.0,-1.0,-70.0
1777891125.4823325,0.0,-3.0,-69.0
1777891125.4923325,-1.0,1.0,-63.0
1777891125.5023324,-1.0,0.0,-58.0
1777891125.5123324,0.0,-1.0,-53.0
1777891125.5223324,0.0,0.0,-64.0
1777891125.5323324,1.0,-5.0,-78.0
1777891125.5423324,-1.0,-3.0,-75.0
1777891125.5523324,3.0,-1.0,-69.0
1777891125.5623324,0.0,-1.0,-68.0
1777891125.5723324,3.0,0.0,-66.0
1777891125.5823324,3.0,0.0,-66.0
1777891125.5923324,2.0,6.0,-65.0
1777891125.6023324,1.0,5.0,-71.0
1777891125.6123323,2.0,5.0,-72.0
1777891125.6223323,0.0,3.0,-70.0
1777891125.6323323,0.0,1.0,-74.0
1777891125.6423323,0.0,-2.0,-71.0
1777891125.6523323,0.0,0.0,-77.0
1777891125.6623323,-2.0,0.0,-71.0
1777891125.6723323,-4.0,1.0,-73.0
1777891125.6823325,-7.0,-1.0,-73.0
1777891125.6923325,-4.0,-8.0,-71.0
1777891125.7023325,-6.0,-5.0,-71.0
1777891125.7123325,0.0,-6.0,-72.0
1777891125.7223325,0.0,-6.0,-72.0
1777891125.7323325,-1.0,-5.0,-76.0
1777891125.7423325,-2.0,-7.0,-78.0
1777891125.7523324,-1.0,-1.0,-78.0
1777891125.7623324,0.0,0.0,-86.0
1777891125.7723324,1.0,0.0,-87.0
1777891125.7823324,0.0,-1.0,-88.0
1777891125.7923324,-2.0,-3.0,-84.0
1777891125.8023324,-3.0,0.0,-77.0
1777891125.8133323,-3.0,-1.0,-72.0
1777891125.8223324,0.0,2.0,-69.0
1777891125.8333323,1.0,5.0,-72.0
1777891125.8433323,3.0,3.0,-71.0
1777891125.8533323,6.0,3.0,-70.0
1777891125.8623323,2.0,2.0,-69.0
1777891125.8733325,3.0,1.0,-68.0
1777891125.8833325,3.0,0.0,-69.0
1777891125.8933325,2.0,0.0,-73.0
1777891125.9033325,-3.0,-2.0,-74.0
1777891125.9133325,-4.0,-7.0,-74.0
1777891125.9233325,-4.0,-6.0,-72.0
1777891125.9333324,-1.0,-3.0,-70.0
1777891125.9433324,-1.0,-6.0,-72.0
1777891125.9533324,-1.0,-10.0,-76.0
1777891125.9633324,3.0,-9.0,-74.0
1777891125.9733324,9.0,-2.0,-75.0
1777891125.9833324,6.0,0.0,-76.0
1777891125.9933324,2.0,0.0,-75.0
1777891126.0033324,-1.0,0.0,-74.0
1777891126.0133324,2.0,-1.0,-69.0
1777891126.0233324,6.0,-1.0,-68.0
1777891126.0333323,2.0,-3.0,-65.0
1777891126.0433323,0.0,-3.0,-71.0
1777891126.0533323,3.0,-4.0,-66.0
1777891126.0633323,2.0,-5.0,-69.0
1777891126.0733323,0.0,-7.0,-70.0
1777891126.0833323,0.0,-6.0,-76.0
1777891126.0933323,2.0,-2.0,-76.0
1777891126.1033323,-1.0,2.0,-68.0
1777891126.1133325,-5.0,6.0,-64.0
1777891126.1233325,-4.0,7.0,-63.0
1777891126.1333325,0.0,9.0,-69.0
1777891126.1433325,3.0,8.0,-69.0
1777891126.1533325,0.0,2.0,-72.0
1777891126.1633325,-3.0,2.0,-75.0
1777891126.1733325,-2.0,2.0,-75.0
1777891126.1833324,1.0,2.0,-70.0
1777891126.1933324,-3.0,1.0,-75.0
1777891126.2033324,-4.0,-2.0,-72.0
1777891126.2133324,-3.0,-6.0,-71.0
1777891126.2233324,-4.0,-4.0,-71.0
1777891126.2333324,0.0,1.0,-68.0
1777891126.2433324,0.0,1.0,-70.0
1777891126.2533324,-3.0,4.0,-73.0
1777891126.2633324,-3.0,4.0,-74.0
1777891126.2733324,-7.0,2.0,-74.0
1777891126.2833323,-2.0,0.0,-75.0
1777891126.2933323,-2.0,-3.0,-66.0
1777891126.3033323,0.0,-4.0,-65.0
1777891126.3133323,3.0,-1.0,-63.0
1777891126.3233323,5.0,2.0,-67.0
1777891126.3333323,8.0,1.0,-65.0
1777891126.3433323,8.0,1.0,-72.0
1777891126.3533323,4.0,-2.0,-79.0
1777891126.3633325,3.0,-2.0,-73.0
1777891126.3733325,1.0,-1.0,-77.0
1777891126.3833325,2.0,0.0,-79.0
1777891126.3933325,3.0,1.0,-82.0
1777891126.4033325,2.0,2.0,-74.0
1777891126.4133325,-3.0,4.0,-70.0
1777891126.4233325,-5.0,2.0,-77.0
1777891126.4333324,-1.0,0.0,-68.0
1777891126.4433324,2.0,0.0,-65.0
1777891126.4533324,8.0,-3.0,-67.0
1777891126.4633324,9.0,0.0,-61.0
1777891126.4733324,8.0,3.0,-60.0
1777891126.4833324,9.0,4.0,-64.0
1777891126.4933324,8.0,3.0,-67.0
1777891126.5033324,6.0,4.0,-69.0
1777891126.5133324,5.0,7.0,-61.0
1777891126.5233324,7.0,5.0,-63.0
1777891126.5333323,6.0,3.0,-64.0
1777891126.5433323,2.0,0.0,-66.0
1777891126.5533323,0.0,0.0,-69.0
1777891126.5633323,0.0,4.0,-70.0
1777891126.5733323,0.0,2.0,-71.0
1777891126.5833323,0.0,2.0,-71.0
1777891126.5933323,-1.0,2.0,-65.0
1777891126.6033323,-6.0,0.0,-69.0
1777891126.6133325,-3.0,-1.0,-68.0
1777891126.6233325,0.0,-2.0,-72.0
1777891126.6333325,4.0,-3.0,-70.0
1777891126.6433325,9.0,-2.0,-74.0
1777891126.6533325,9.0,-4.0,-68.0
1777891126.6633325,8.0,-6.0,-63.0
1777891126.6733325,1.0,-4.0,-67.0
1777891126.6833324,5.0,-5.0,-70.0
1777891126.6933324,0.0,0.0,-72.0
1777891126.7033324,-3.0,1.0,-72.0
1777891126.7133324,-3.0,0.0,-72.0
1777891126.7233324,-2.0,0.0,-70.0
1777891126.7333324,0.0,-1.0,-68.0
1777891126.7433324,-4.0,-1.0,-67.0
1777891126.7533324,2.0,-3.0,-70.0
1777891126.7633324,1.0,-6.0,-78.0
1777891126.7733324,4.0,-3.0,-78.0
1777891126.7833323,8.0,-1.0,-78.0
1777891126.7933323,9.0,-5.0,-82.0
1777891126.8033323,4.0,-5.0,-78.0
1777891126.8133323,-3.0,-4.0,-69.0
1777891126.8233323,-2.0,-9.0,-66.0
1777891126.8333323,-4.0,-5.0,-69.0
1777891126.8433323,-3.0,-6.0,-74.0
1777891126.8533323,0.0,-7.0,-69.0
1777891126.8633325,0.0,-5.0,-70.0
1777891126.8733325,-3.0,-2.0,-67.0
1777891126.8833325,0.0,-1.0,-69.0
1777891126.8933325,2.0,0.0,-65.0
1777891126.9033325,3.0,-1.0,-73.0
1777891126.9133325,4.0,0.0,-71.0
1777891126.9233325,5.0,-1.0,-65.0
1777891126.9333324,6.0,2.0,-64.0
1777891126.9433324,4.0,4.0,-65.0
1777891126.9533324,8.0,1.0,-75.0
1777891126.9633324,6.0,4.0,-77.0
1777891126.9733324,7.0,4.0,-79.0
1777891126.9833324,6.0,0.0,-71.0
1777891126.9933324,4.0,-1.0,-73.0
1777891127.0033324,5.0,-1.0,-74.0
1777891127.0133324,3.0,-1.0,-75.0
1777891127.0233324,1.0,-1.0,-76.0
1777891127.0333323,2.0,0.0,-79.0
1777891127.0433323,4.0,4.0,-72.0
1777891127.0533323,4.0,5.0,-71.0
1777891127.0633323,2.0,6.0,-68.0
1777891127.0733323,0.0,2.0,-64.0
1777891127.0833323,6.0,0.0,-68.0
1777891127.0933323,6.0,0.0,-71.0
1777891127.1033323,4.0,2.0,-70.0
1777891127.1133325,1.0,-2.0,-72.0
1777891127.1233325,2.0,-7.0,-72.0
1777891127.1333325,2.0,-8.0,-71.0
1777891127.1433325,4.0,-3.0,-78.0
1777891127.1533325,10.0,-2.0,-83.0
1777891127.1633325,11.0,0.0,-84.0
1777891127.1733325,11.0,1.0,-79.0
1777891127.1833324,7.0,0.0,-72.0
1777891127.1933324,4.0,2.0,-75.0
1777891127.2033324,3.0,0.0,-72.0
1777891127.2133324,-2.0,0.0,-71.0
1777891127.2233324,-2.0,-1.0,-77.0
1777891127.2333324,-6.0,-1.0,-76.0
1777891127.2433324,-7.0,-1.0,-82.0
1777891127.2533324,-8.0,-1.0,-78.0
1777891127.2633324,-3.0,-3.0,-73.0
1777891127.2733324,0.0,-6.0,-71.0
1777891127.2833323,1.0,-6.0,-67.0
1777891127.2933323,2.0,-6.0,-63.0
1777891127.3033323,4.0,-5.0,-68.0
1777891127.3133323,2.0,-5.0,-70.0
1777891127.3233323,2.0,-5.0,-74.0
1777891127.3333323,0.0,-3.0,-71.0
1777891127.3433323,1.0,-5.0,-76.0
1777891127.3533323,0.0,-5.0,-77.0
1777891127.3633325,1.0,-2.0,-82.0
1777891127.3733325,0.0,-6.0,-70.0
1777891127.3833325,0.0,-5.0,-75.0
1777891127.3933325,-4.0,-5.0,-71.0
1777891127.4033325,-5.0,-5.0,-63.0
1777891127.4133325,-5.0,0.0,-67.0
1777891127.4233325,-4.0,0.0,-66.0
1777891127.4333324,-4.0,-2.0,-66.0
1777891127.4433324,-1.0,0.0,-68.0
1777891127.4533324,4.0,0.0,-61.0
1777891127.4633324,7.0,3.0,-63.0
1777891127.4733324,6.0,3.0,-72.0
1777891127.4833324,8.0,3.0,-72.0
1777891127.4933324,7.0,0.0,-73.0
1777891127.5033324,7.0,0.0,-73.0
1777891127.5133324,6.0,0.0,-73.0
1777891127.5233324,7.0,-3.0,-74.0
1777891127.5333323,6.0,0.0,-67.0
1777891127.5433323,1.0,-1.0,-69.0
1777891127.5533323,-1.0,-4.0,-67.0
1777891127.5633323,0.0,-1.0,-65.0
1777891127.5733323,1.0,0.0,-64.0
1777891127.5833323,4.0,-1.0,-62.0
1777891127.5933323,2.0,-1.0,-69.0
1777891127.6033323,1.0,1.0,-70.0
1777891127.6133325,2.0,-1.0,-65.0
1777891127.6233325,0.0,0.0,-68.0
1777891127.6333325,2.0,1.0,-69.0
1777891127.6433325,4.0,0.0,-71.0
1777891127.6533325,6.0,3.0,-70.0
1777891127.6633325,5.0,2.0,-73.0
1777891127.6733325,7.0,-2.0,-78.0
1777891127.6833324,8.0,1.0,-71.0
1777891127.6933324,6.0,3.0,-72.0
1777891127.7033324,5.0,2.0,-68.0
1777891127.7133324,0.0,0.0,-71.0
1777891127.7233324,-4.0,2.0,-74.0
1777891127.7333324,-7.0,4.0,-72.0
1777891127.7433324,-3.0,2.0,-78.0
1777891127.7533324,-5.0,4.0,-84.0
1777891127.7633324,-5.0,4.0,-81.0
1777891127.7733324,-6.0,4.0,-83.0
1777891127.7833323,-5.0,0.0,-88.0
1777891127.7933323,0.0,-3.0,-84.0
1777891127.8033323,-2.0,-1.0,-76.0
1777891127.8133323,-3.0,-1.0,-73.0
1777891127.8233323,-1.0,-2.0,-75.0
1777891127.8343325,0.0,0.0,-72.0
1777891127.8433323,5.0,0.0,-75.0
1777891127.8543324,4.0,-3.0,-73.0
1777891127.8643324,3.0,-6.0,-68.0
1777891127.8743324,3.0,-6.0,-64.0
1777891127.8843324,1.0,-5.0,-60.0
1777891127.8943324,1.0,-5.0,-66.0
1777891127.9043324,1.0,-7.0,-73.0
1777891127.9143324,2.0,-8.0,-79.0
1777891127.9243324,2.0,-7.0,-87.0
1777891127.9343324,2.0,-3.0,-84.0
1777891127.9443324,2.0,-7.0,-83.0
1777891127.9543324,0.0,-5.0,-78.0
1777891127.9643323,0.0,-5.0,-83.0
1777891127.9743323,0.0,-4.0,-83.0
1777891127.9843323,1.0,-1.0,-78.0
1777891127.9943323,0.0,-4.0,-76.0
1777891128.0043323,5.0,-6.0,-77.0
1777891128.0143323,7.0,-9.0,-83.0
1777891128.0243323,4.0,-4.0,-89.0
1777891128.0343325,6.0,-3.0,-91.0
1777891128.0443325,4.0,-6.0,-88.0
1777891128.0543325,-1.0,-4.0,-84.0
1777891128.0643325,1.0,-2.0,-81.0
1777891128.0743325,1.0,-2.0,-81.0
1777891128.0843325,1.0,0.0,-80.0
1777891128.0943325,2.0,3.0,-80.0
1777891128.1043324,1.0,2.0,-82.0
1777891128.1143324,0.0,2.0,-82.0
1777891128.1243324,0.0,-1.0,-89.0
1777891128.1343324,4.0,-2.0,-88.0
1777891128.1443324,4.0,2.0,-85.0
1777891128.1543324,5.0,1.0,-87.0
1777891128.1643324,2.0,0.0,-78.0
1777891128.1743324,1.0,1.0,-74.0
1777891128.1843324,-3.0,1.0,-76.0
1777891128.1943324,-4.0,0.0,-75.0
1777891128.2043324,-1.0,2.0,-72.0
1777891128.2143323,3.0,5.0,-79.0
1777891128.2243323,1.0,6.0,-76.0
1777891128.2343323,-1.0,4.0,-74.0
1777891128.2443323,1.0,0.0,-70.0
1777891128.2543323,3.0,1.0,-69.0
1777891128.2643323,2.0,3.0,-68.0
1777891128.2743323,0.0,1.0,-70.0
1777891128.2843325,0.0,0.0,-65.0
1777891128.2943325,1.0,-2.0,-71.0
1777891128.3043325,2.0,0.0,-70.0
1777891128.3143325,5.0,0.0,-69.0
1777891128.3243325,2.0,3.0,-70.0
1777891128.3343325,4.0,5.0,-66.0
1777891128.3443325,4.0,0.0,-68.0
1777891128.3543324,1.0,5.0,-69.0
1777891128.3643324,0.0,4.0,-72.0
1777891128.3743324,-2.0,5.0,-70.0
1777891128.3843324,-2.0,7.0,-84.0
1777891128.3943324,-2.0,8.0,-81.0
1777891128.4043324,0.0,8.0,-79.0
1777891128.4143324,0.0,7.0,-70.0
1777891128.4243324,0.0,4.0,-71.0
1777891128.4343324,5.0,2.0,-75.0
1777891128.4443324,3.0,0.0,-76.0
1777891128.4543324,1.0,-1.0,-74.0
1777891128.4643323,0.0,0.0,-71.0
1777891128.4743323,1.0,3.0,-67.0
1777891128.4843323,4.0,2.0,-68.0
1777891128.4943323,1.0,0.0,-71.0
1777891128.5043323,-1.0,-3.0,-69.0
1777891128.5143323,-1.0,-3.0,-69.0
1777891128.5243323,3.0,-1.0,-70.0
1777891128.5343325,2.0,3.0,-71.0
1777891128.5443325,-2.0,2.0,-66.0
1777891128.5543325,-4.0,4.0,-66.0
1777891128.5643325,-3.0,3.0,-63.0
1777891128.5743325,-1.0,3.0,-68.0
1777891128.5843325,-2.0,1.0,-72.0
1777891128.5943325,0.0,0.0,-72.0
1777891128.6043324,0.0,1.0,-72.0
1777891128.6143324,-2.0,2.0,-74.0
1777891128.6243324,0.0,2.0,-72.0
1777891128.6343324,0.0,3.0,-66.0
1777891128.6443324,3.0,0.0,-62.0
1777891128.6543324,5.0,-4.0,-62.0
1777891128.6643324,8.0,-4.0,-66.0
1777891128.6743324,6.0,-1.0,-74.0
1777891128.6843324,7.0,3.0,-77.0
1777891128.6943324,6.0,5.0,-75.0
1777891128.7043324,2.0,6.0,-75.0
1777891128.7143323,0.0,7.0,-78.0
1777891128.7243323,-3.0,2.0,-76.0
1777891128.7343323,-4.0,0.0,-70.0
1777891128.7443323,-1.0,0.0,-68.0
1777891128.7543323,-1.0,2.0,-70.0
1777891128.7643323,-3.0,0.0,-79.0
1777891128.7743323,-4.0,1.0,-70.0
1777891128.7843325,-4.0,3.0,-74.0
1777891128.7943325,-4.0,4.0,-75.0
1777891128.8043325,-4.0,7.0,-78.0
1777891128.8143325,-2.0,9.0,-83.0
1777891128.8243325,3.0,9.0,-80.0
1777891128.8343325,2.0,7.0,-80.0
1777891128.8443325,3.0,4.0,-79.0
1777891128.8543324,7.0,4.0,-77.0
1777891128.8643324,10.0,2.0,-77.0
1777891128.8743324,11.0,1.0,-81.0
1777891128.8843324,9.0,6.0,-82.0
1777891128.8943324,8.0,5.0,-75.0
1777891128.9043324,6.0,3.0,-70.0
1777891128.9143324,7.0,0.0,-67.0
1777891128.9243324,7.0,2.0,-69.0
1777891128.9343324,6.0,-3.0,-68.0
1777891128.9443324,9.0,-7.0,-67.0
1777891128.9543324,10.0,-7.0,-64.0
1777891128.9643323,5.0,-7.0,-66.0
1777891128.9743323,3.0,-6.0,-69.0
1777891128.9843323,6.0,-3.0,-72.0
1777891128.9943323,4.0,-4.0,-70.0
1777891129.0043323,0.0,-3.0,-72.0
1777891129.0143323,-2.0,-7.0,-76.0
1777891129.0243323,0.0,-8.0,-78.0
1777891129.0343325,3.0,-9.0,-77.0
1777891129.0443325,1.0,-6.0,-77.0
1777891129.0543325,0.0,-4.0,-74.0
1777891129.0643325,0.0,-6.0,-74.0
1777891129.0743325,-1.0,-8.0,-77.0
1777891129.0843325,-6.0,-6.0,-79.0
1777891129.0943325,-3.0,-3.0,-78.0
1777891129.1043324,-1.0,-6.0,-77.0
1777891129.1143324,1.0,-4.0,-81.0
1777891129.1243324,5.0,1.0,-75.0
1777891129.1343324,4.0,4.0,-73.0
1777891129.1443324,0.0,3.0,-78.0
1777891129.1543324,0.0,4.0,-77.0
1777891129.1643324,0.0,3.0,-79.0
1777891129.1743324,0.0,0.0,-72.0
1777891129.1843324,0.0,2.0,-70.0
1777891129.1943324,-2.0,-3.0,-73.0
1777891129.2043324,-1.0,1.0,-81.0
1777891129.2143323,0.0,0.0,-81.0
1777891129.2243323,-2.0,-2.0,-79.0
1777891129.2343323,-7.0,-2.0,-71.0
1777891129.2443323,-8.0,2.0,-72.0
1777891129.2543323,-3.0,0.0,-70.0
1777891129.2643323,-3.0,0.0,-73.0
1777891129.2743323,-3.0,0.0,-71.0
1777891129.2843325,-1.0,-2.0,-71.0
1777891129.2943325,-2.0,1.0,-66.0
1777891129.3043325,-8.0,1.0,-68.0
1777891129.3143325,-5.0,-1.0,-69.0
1777891129.3243325,0.0,2.0,-73.0
1777891129.3343325,-1.0,3.0,-77.0
1777891129.3443325,-2.0,1.0,-68.0
1777891129.3543324,-3.0,0.0,-69.0
1777891129.3643324,-7.0,1.0,-80.0
1777891129.3743324,-4.0,0.0,-77.0
1777891129.3843324,-11.0,2.0,-78.0
1777891129.3943324,-8.0,4.0,-77.0
1777891129.4043324,-3.0,2.0,-77.0
1777891129.4143324,-2.0,4.0,-79.0
1777891129.4243324,0.0,3.0,-73.0
1777891129.4343324,-1.0,1.0,-69.0
1777891129.4443324,0.0,0.0,-63.0
1777891129.4543324,-7.0,0.0,-69.0
1777891129.4643323,-2.0,-4.0,-72.0
1777891129.4743323,-4.0,-9.0,-80.0
1777891129.4843323,-5.0,-5.0,-79.0
1777891129.4943323,-5.0,-1.0,-85.0
1777891129.5043323,-5.0,3.0,-81.0
1777891129.5143323,-5.0,3.0,-81.0
1777891129.5243323,-5.0,0.0,-82.0
1777891129.5343325,-4.0,0.0,-79.0
1777891129.5443325,-3.0,1.0,-76.0
1777891129.5543325,-6.0,0.0,-75.0
1777891129.5643325,-2.0,2.0,-74.0
1777891129.5743325,-4.0,1.0,-81.0
1777891129.5843325,-6.0,2.0,-76.0
1777891129.5943325,-5.0,1.0,-77.0
1777891129.6043324,-1.0,-1.0,-74.0
1777891129.6143324,0.0,0.0,-77.0
1777891129.6243324,0.0,-1.0,-80.0
1777891129.6343324,1.0,-2.0,-79.0
1777891129.6443324,1.0,-3.0,-82.0
1777891129.6543324,0.0,0.0,-81.0
1777891129.6643324,-1.0,0.0,-83.0
1777891129.6743324,-2.0,-1.0,-84.0
1777891129.6843324,-4.0,-5.0,-81.0
1777891129.6943324,-1.0,-4.0,-83.0
1777891129.7043324,0.0,-4.0,-81.0
1777891129.7143323,1.0,-4.0,-78.0
1777891129.7243323,2.0,-6.0,-71.0
1777891129.7343323,4.0,-10.0,-74.0
1777891129.7443323,2.0,-5.0,-72.0
1777891129.7543323,3.0,-3.0,-73.0
1777891129.7643323,2.0,0.0,-79.0
1777891129.7743323,0.0,1.0,-83.0
1777891129.7843325,4.0,1.0,-77.0
1777891129.7943325,1.0,1.0,-81.0
1777891129.8043325,1.0,0.0,-79.0
1777891129.8153324,0.0,-2.0,-76.0
1777891129.8243325,1.0,-5.0,-73.0
1777891129.8353324,5.0,-9.0,-80.0
1777891129.8453324,6.0,-7.0,-81.0
1777891129.8553324,8.0,-4.0,-74.0
1777891129.8653324,7.0,-3.0,-68.0
1777891129.8753324,9.0,2.0,-69.0
1777891129.8853323,8.0,7.0,-71.0
1777891129.8953323,8.0,4.0,-74.0
1777891129.9053323,4.0,3.0,-71.0
1777891129.9153323,4.0,0.0,-70.0
1777891129.9253323,4.0,4.0,-72.0
1777891129.9353323,4.0,4.0,-68.0
1777891129.9453323,5.0,2.0,-63.0
1777891129.9553325,4.0,0.0,-68.0
1777891129.9653325,1.0,4.0,-69.0
1777891129.9753325,-3.0,8.0,-72.0
1777891129.9853325,0.0,7.0,-75.0
1777891129.9953325,0.0,6.0,-77.0
1777891130.0053325,-2.0,5.0,-79.0
1777891130.0153325,-4.0,2.0,-77.0
1777891130.0253325,-1.0,1.0,-71.0
1777891130.0353324,1.0,1.0,-75.0
1777891130.0453324,-2.0,1.0,-74.0
1777891130.0553324,-1.0,1.0,-72.0
1777891130.0653324,0.0,2.0,-73.0
1777891130.0753324,-1.0,-1.0,-69.0
1777891130.0853324,0.0,-2.0,-66.0
1777891130.0953324,4.0,0.0,-70.0
1777891130.1053324,5.0,-2.0,-74.0
1777891130.1153324,3.0,-1.0,-76.0
1777891130.1253324,2.0,-5.0,-77.0
1777891130.1353323,0.0,-6.0,-77.0
1777891130.1453323,5.0,-3.0,-74.0
1777891130.1553323,4.0,-4.0,-71.0
1777891130.1653323,5.0,-5.0,-66.0
1777891130.1753323,0.0,-4.0,-67.0
1777891130.1853323,1.0,0.0,-68.0
1777891130.1953323,0.0,-1.0,-69.0
1777891130.2053325,3.0,-5.0,-72.0
1777891130.2153325,4.0,-8.0,-74.0
1777891130.2253325,5.0,-11.0,-69.0
1777891130.2353325,7.0,-8.0,-68.0
1777891130.2453325,6.0,-3.0,-66.0
1777891130.2553325,3.0,-3.0,-67.0
1777891130.2653325,9.0,-3.0,-68.0
1777891130.2753325,11.0,0.0,-64.0
1777891130.2853324,7.0,-3.0,-66.0
1777891130.2953324,2.0,-2.0,-69.0
1777891130.3053324,5.0,-2.0,-67.0
1777891130.3153324,0.0,-3.0,-65.0
1777891130.3253324,2.0,-3.0,-71.0
1777891130.3353324,4.0,-6.0,-69.0
1777891130.3453324,5.0,-5.0,-66.0
1777891130.3553324,2.0,-2.0,-68.0
1777891130.3653324,-1.0,-2.0,-68.0
1777891130.3753324,-2.0,-1.0,-65.0
1777891130.3853323,-2.0,-4.0,-68.0
1777891130.3953323,-4.0,-1.0,-70.0
1777891130.4053323,-5.0,-3.0,-77.0
1777891130.4153323,-4.0,-2.0,-76.0
1777891130.4253323,-1.0,0.0,-72.0
1777891130.4353323,1.0,4.0,-65.0
1777891130.4453323,3.0,2.0,-61.0
1777891130.4553325,3.0,1.0,-61.0
1777891130.4653325,3.0,0.0,-67.0
1777891130.4753325,1.0,2.0,-73.0
1777891130.4853325,-1.0,3.0,-74.0
1777891130.4953325,0.0,4.0,-73.0
1777891130.5053325,0.0,2.0,-67.0
1777891130.5153325,0.0,0.0,-67.0
1777891130.5253325,1.0,1.0,-68.0
1777891130.5353324,0.0,0.0,-68.0
1777891130.5453324,-1.0,-2.0,-77.0
1777891130.5553324,-6.0,-3.0,-78.0
1777891130.5653324,-3.0,-7.0,-75.0
1777891130.5753324,-1.0,-7.0,-63.0
1777891130.5853324,0.0,-10.0,-56.0
1777891130.5953324,-2.0,-5.0,-54.0
1777891130.6053324,-2.0,-4.0,-57.0
1777891130.6153324,-6.0,-3.0,-62.0
1777891130.6253324,-6.0,-3.0,-67.0
1777891130.6353323,-6.0,-2.0,-66.0
1777891130.6453323,0.0,-5.0,-67.0
1777891130.6553323,0.0,-5.0,-61.0
1777891130.6653323,4.0,-1.0,-61.0
1777891130.6753323,7.0,-1.0,-62.0
1777891130.6853323,5.0,-1.0,-66.0
1777891130.6953323,6.0,-1.0,-70.0
1777891130.7053325,2.0,-1.0,-74.0
1777891130.7153325,2.0,0.0,-76.0
1777891130.7253325,2.0,-3.0,-72.0
1777891130.7353325,6.0,0.0,-67.0
1777891130.7453325,7.0,-3.0,-68.0
1777891130.7553325,9.0,-6.0,-67.0
1777891130.7653325,5.0,-5.0,-62.0
1777891130.7753325,1.0,-4.0,-55.0
1777891130.7853324,0.0,-2.0,-58.0
1777891130.7953324,1.0,0.0,-70.0
1777891130.8053324,3.0,2.0,-64.0
1777891130.8153324,0.0,1.0,-60.0
1777891130.8253324,-8.0,0.0,-62.0
1777891130.8353324,-4.0,0.0,-71.0
1777891130.8453324,-4.0,-1.0,-77.0
1777891130.8553324,3.0,0.0,-81.0
1777891130.8653324,2.0,0.0,-85.0
1777891130.8753324,0.0,-6.0,-83.0
1777891130.8853323,0.0,-5.0,-82.0
1777891130.8953323,2.0,-7.0,-82.0
1777891130.9053323,2.0,-6.0,-81.0
1777891130.9153323,3.0,-6.0,-79.0
1777891130.9253323,8.0,-1.0,-78.0
1777891130.9353323,11.0,0.0,-73.0
1777891130.9453323,13.0,2.0,-76.0
1777891130.9553325,15.0,2.0,-75.0
1777891130.9653325,12.0,-1.0,-77.0
1777891130.9753325,6.0,-3.0,-76.0
1777891130.9853325,9.0,0.0,-68.0
1777891130.9953325,7.0,1.0,-68.0
1777891131.0053325,0.0,0.0,-68.0
1777891131.0153325,0.0,-3.0,-67.0
1777891131.0253325,-2.0,-5.0,-69.0
1777891131.0353324,0.0,-2.0,-70.0
1777891131.0453324,2.0,-2.0,-82.0
1777891131.0553324,2.0,-2.0,-79.0
1777891131.0653324,2.0,-1.0,-70.0
1777891131.0753324,5.0,-2.0,-68.0
1777891131.0853324,-5.0,-2.0,-64.0
1777891131.0953324,-2.0,0.0,-61.0
1777891131.1053324,-1.0,0.0,-67.0
1777891131.1153324,1.0,0.0,-63.0
1777891131.1253324,1.0,1.0,-59.0
1777891131.1353323,3.0,1.0,-56.0
1777891131.1453323,4.0,0.0,-57.0
1777891131.1553323,6.0,-2.0,-53.0
1777891131.1653323,3.0,-4.0,-60.0
1777891131.1753323,7.0,0.0,-66.0
1777891131.1853323,5.0,5.0,-74.0
1777891131.1953323,7.0,6.0,-76.0
1777891131.2053325,8.0,7.0,-74.0
1777891131.2153325,6.0,4.0,-73.0
1777891131.2253325,5.0,5.0,-66.0
1777891131.2353325,2.0,2.0,-69.0
1777891131.2453325,1.0,5.0,-71.0
1777891131.2553325,-1.0,6.0,-77.0
1777891131.2653325,1.0,5.0,-82.0
1777891131.2753325,4.0,5.0,-84.0
1777891131.2853324,6.0,0.0,-83.0
1777891131.2953324,3.0,-5.0,-75.0
1777891131.3053324,1.0,-6.0,-71.0
1777891131.3153324,3.0,-6.0,-70.0
1777891131.3253324,0.0,-3.0,-69.0
1777891131.3353324,0.0,-2.0,-67.0
1777891131.3453324,1.0,1.0,-67.0
1777891131.3553324,0.0,1.0,-69.0
1777891131.3653324,0.0,2.0,-76.0
1777891131.3753324,1.0,2.0,-78.0
1777891131.3853323,2.0,-1.0,-75.0
1777891131.3953323,1.0,0.0,-68.0
1777891131.4053323,1.0,1.0,-67.0
1777891131.4153323,-2.0,0.0,-64.0
1777891131.4253323,-2.0,2.0,-70.0
1777891131.4353323,-1.0,3.0,-68.0
1777891131.4453323,2.0,3.0,-66.0
1777891131.4553325,5.0,1.0,-66.0
1777891131.4653325,7.0,-3.0,-70.0
1777891131.4753325,11.0,-5.0,-73.0
1777891131.4853325,11.0,-3.0,-75.0
1777891131.4953325,12.0,-5.0,-80.0
1777891131.5053325,8.0,-3.0,-77.0
1777891131.5153325,8.0,0.0,-74.0
1777891131.5253325,5.0,0.0,-73.0
1777891131.5353324,4.0,2.0,-76.0
1777891131.5453324,1.0,7.0,-81.0
1777891131.5553324,1.0,6.0,-82.0
1777891131.5653324,1.0,3.0,-82.0
1777891131.5753324,1.0,1.0,-83.0
1777891131.5853324,-1.0,-1.0,-88.0
1777891131.5953324,-1.0,0.0,-81.0
1777891131.6053324,-8.0,0.0,-75.0
1777891131.6153324,-1.0,-3.0,-74.0
1777891131.6253324,-1.0,0.0,-64.0
1777891131.6353323,0.0,0.0,-67.0
1777891131.6453323,-1.0,1.0,-71.0
1777891131.6553323,0.0,0.0,-73.0
1777891131.6653323,-1.0,5.0,-74.0
1777891131.6753323,-1.0,6.0,-75.0
1777891131.6853323,4.0,2.0,-82.0
1777891131.6953323,3.0,2.0,-79.0
1777891131.7053325,0.0,2.0,-78.0
1777891131.7153325,-2.0,0.0,-77.0
1777891131.7253325,0.0,-3.0,-82.0
1777891131.7353325,3.0,1.0,-83.0
1777891131.7453325,-2.0,0.0,-85.0
1777891131.7553325,0.0,2.0,-79.0
1777891131.7653325,-1.0,0.0,-80.0
1777891131.7753325,-5.0,-2.0,-80.0
1777891131.7863324,-6.0,-4.0,-77.0
1777891131.7963324,-4.0,-6.0,-71.0
1777891131.8053324,2.0,-2.0,-69.0
1777891131.8153324,1.0,2.0,-73.0
1777891131.8253324,3.0,-1.0,-77.0
1777891131.8363323,8.0,-1.0,-78.0
1777891131.8463323,12.0,-3.0,-78.0
1777891131.8563323,8.0,-5.0,-75.0
1777891131.8663323,1.0,-4.0,-69.0
1777891131.8763323,-2.0,-9.0,-69.0
1777891131.8863325,0.0,-13.0,-72.0
1777891131.8963325,0.0,-15.0,-75.0
1777891131.9063325,0.0,-14.0,-77.0
1777891131.9163325,-1.0,-14.0,-73.0
1777891131.9263325,0.0,-12.0,-76.0
1777891131.9363325,-1.0,-11.0,-72.0
1777891131.9463325,-3.0,-8.0,-77.0
1777891131.9563324,-5.0,-8.0,-88.0
1777891131.9663324,0.0,-6.0,-83.0
1777891131.9763324,2.0,-2.0,-76.0
1777891131.9863324,1.0,1.0,-69.0
1777891131.9963324,3.0,4.0,-72.0
1777891132.0063324,6.0,3.0,-72.0
1777891132.0163324,1.0,0.0,-76.0
1777891132.0263324,-2.0,0.0,-76.0
1777891132.0363324,-1.0,0.0,-76.0
1777891132.0463324,-1.0,-1.0,-69.0
1777891132.0563323,-1.0,-4.0,-73.0
1777891132.0663323,-2.0,-3.0,-69.0
1777891132.0763323,-2.0,0.0,-64.0
1777891132.0863323,0.0,-1.0,-63.0
1777891132.0963323,2.0,-2.0,-70.0
1777891132.1063323,1.0,0.0,-78.0
1777891132.1163323,-1.0,1.0,-78.0
1777891132.1263323,0.0,0.0,-75.0
1777891132.1363325,-1.0,1.0,-76.0
1777891132.1463325,-1.0,3.0,-72.0
1777891132.1563325,2.0,6.0,-66.0
1777891132.1663325,3.0,4.0,-67.0
1777891132.1763325,3.0,0.0,-72.0
1777891132.1863325,1.0,0.0,-73.0
1777891132.1963325,7.0,2.0,-69.0
1777891132.2063324,6.0,0.0,-65.0
1777891132.2163324,7.0,0.0,-64.0
1777891132.2263324,5.0,0.0,-63.0
1777891132.2363324,5.0,1.0,-59.0
1777891132.2463324,3.0,0.0,-61.0
1777891132.2563324,1.0,2.0,-65.0
1777891132.2663324,1.0,0.0,-69.0
1777891132.2763324,-1.0,2.0,-71.0
1777891132.2863324,0.0,1.0,-71.0
1777891132.2963324,3.0,-4.0,-68.0
1777891132.3063323,1.0,-4.0,-73.0
1777891132.3163323,0.0,-4.0,-81.0
1777891132.3263323,1.0,-2.0,-78.0
1777891132.3363323,-1.0,-2.0,-81.0
1777891132.3463323,-3.0,4.0,-79.0
1777891132.3563323,-1.0,3.0,-79.0
1777891132.3663323,2.0,1.0,-77.0
1777891132.3763323,6.0,1.0,-73.0
1777891132.3863325,5.0,-1.0,-71.0
1777891132.3963325,3.0,-2.0,-69.0
1777891132.4063325,2.0,-4.0,-69.0
1777891132.4163325,0.0,-6.0,-73.0
1777891132.4263325,5.0,-5.0,-81.0
1777891132.4363325,4.0,0.0,-75.0
1777891132.4463325,0.0,-3.0,-74.0
1777891132.4563324,0.0,-4.0,-75.0
1777891132.4663324,-4.0,-2.0,-76.0
1777891132.4763324,-2.0,-2.0,-75.0
1777891132.4863324,-1.0,0.0,-69.0
1777891132.4963324,-4.0,3.0,-68.0
1777891132.5063324,-6.0,0.0,-70.0
1777891132.5163324,-4.0,-2.0,-75.0
1777891132.5263324,-2.0,-2.0,-74.0
1777891132.5363324,-3.0,-4.0,-76.0
1777891132.5463324,0.0,-3.0,-75.0
1777891132.5563323,0.0,-2.0,-78.0
1777891132.5663323,-1.0,-1.0,-77.0
1777891132.5763323,-5.0,-1.0,-72.0
1777891132.5863323,-7.0,1.0,-73.0
1777891132.5963323,-4.0,0.0,-77.0
1777891132.6063323,-7.0,0.0,-71.0
1777891132.6163323,-3.0,0.0,-74.0
1777891132.6263323,-4.0,-1.0,-74.0
1777891132.6363325,-2.0,-3.0,-72.0
1777891132.6463325,0.0,-2.0,-63.0
1777891132.6563325,1.0,-2.0,-58.0
1777891132.6663325,3.0,-5.0,-51.0
1777891132.6763325,1.0,-5.0,-53.0
1777891132.6863325,0.0,-4.0,-55.0
1777891132.6963325,1.0,-6.0,-55.0
1777891132.7063324,7.0,-2.0,-65.0
1777891132.7163324,3.0,0.0,-78.0
1777891132.7263324,0.0,0.0,-73.0
1777891132.7363324,4.0,4.0,-76.0
1777891132.7463324,5.0,3.0,-74.0
1777891132.7563324,9.0,6.0,-72.0
1777891132.7663324,9.0,4.0,-71.0
1777891132.7763324,8.0,5.0,-75.0
1777891132.7863324,10.0,4.0,-75.0
1777891132.7963324,9.0,-1.0,-82.0
1777891132.8063323,3.0,-1.0,-83.0
1777891132.8163323,3.0,-3.0,-80.0
1777891132.8263323,4.0,-1.0,-75.0
1777891132.8363323,7.0,-3.0,-74.0
1777891132.8463323,4.0,0.0,-78.0
1777891132.8563323,6.0,3.0,-75.0
1777891132.8663323,9.0,2.0,-75.0
1777891132.8763323,10.0,4.0,-78.0
1777891132.8863325,10.0,4.0,-76.0
1777891132.8963325,7.0,1.0,-74.0
1777891132.9063325,7.0,0.0,-74.0
1777891132.9163325,4.0,-1.0,-75.0
1777891132.9263325,5.0,-3.0,-75.0
1777891132.9363325,5.0,-7.0,-70.0
1777891132.9463325,4.0,-8.0,-75.0
1777891132.9563324,1.0,-8.0,-70.0
1777891132.9663324,0.0,-8.0,-70.0
1777891132.9763324,-4.0,-3.0,-75.0
1777891132.9863324,-5.0,-6.0,-69.0
1777891132.9963324,-3.0,-8.0,-68.0
1777891133.0063324,-2.0,-9.0,-69.0
1777891133.0163324,-1.0,-4.0,-67.0
1777891133.0263324,-4.0,-1.0,-70.0
1777891133.0363324,-7.0,3.0,-74.0
1777891133.0463324,-3.0,0.0,-67.0
1777891133.0563323,0.0,-5.0,-62.0
1777891133.0663323,7.0,-4.0,-71.0
1777891133.0763323,6.0,-3.0,-71.0
1777891133.0863323,7.0,-8.0,-75.0
1777891133.0963323,11.0,-7.0,-74.0
1777891133.1063323,9.0,-9.0,-72.0
1777891133.1163323,12.0,-7.0,-72.0
1777891133.1263323,12.0,-3.0,-71.0
1777891133.1363325,7.0,-1.0,-71.0
1777891133.1463325,3.0,-2.0,-75.0
1777891133.1563325,4.0,0.0,-70.0
1777891133.1663325,-2.0,1.0,-66.0
1777891133.1763325,3.0,3.0,-59.0
1777891133.1863325,9.0,1.0,-61.0
1777891133.1963325,4.0,4.0,-68.0
1777891133.2063324,4.0,4.0,-72.0
1777891133.2163324,0.0,0.0,-74.0
1777891133.2263324,-1.0,0.0,-77.0
1777891133.2363324,4.0,-3.0,-75.0
1777891133.2463324,4.0,-3.0,-78.0
1777891133.2563324,8.0,-4.0,-77.0
1777891133.2663324,9.0,-3.0,-74.0
1777891133.2763324,9.0,-3.0,-77.0
1777891133.2863324,10.0,-4.0,-77.0
1777891133.2963324,11.0,-4.0,-76.0
1777891133.3063323,15.0,-2.0,-75.0
1777891133.3163323,12.0,-2.0,-75.0
1777891133.3263323,4.0,-2.0,-68.0
1777891133.3363323,2.0,-7.0,-68.0
1777891133.3463323,5.0,-6.0,-66.0
1777891133.3563323,1.0,-3.0,-74.0
1777891133.3663323,5.0,-1.0,-74.0
1777891133.3763323,5.0,0.0,-71.0
1777891133.3863325,3.0,2.0,-70.0
1777891133.3963325,2.0,-1.0,-73.0
1777891133.4063325,0.0,-2.0,-77.0
1777891133.4163325,0.0,0.0,-79.0
1777891133.4263325,0.0,2.0,-79.0
1777891133.4363325,0.0,1.0,-75.0
1777891133.4463325,0.0,-2.0,-75.0
1777891133.4563324,1.0,-1.0,-70.0
1777891133.4663324,0.0,-2.0,-73.0
1777891133.4763324,0.0,-1.0,-68.0
1777891133.4863324,1.0,-1.0,-64.0
1777891133.4963324,0.0,4.0,-61.0
1777891133.5063324,0.0,8.0,-64.0
1777891133.5163324,6.0,11.0,-60.0
1777891133.5263324,2.0,8.0,-57.0
1777891133.5363324,0.0,4.0,-59.0
1777891133.5463324,3.0,7.0,-59.0
1777891133.5563323,0.0,3.0,-64.0
1777891133.5663323,2.0,-1.0,-70.0
1777891133.5763323,4.0,0.0,-70.0
1777891133.5863323,1.0,2.0,-80.0
1777891133.5963323,-1.0,2.0,-80.0
1777891133.6063323,0.0,4.0,-75.0
1777891133.6163323,2.0,4.0,-75.0
1777891133.6263323,7.0,7.0,-74.0
1777891133.6363325,5.0,5.0,-74.0
1777891133.6463325,8.0,4.0,-76.0
1777891133.6563325,0.0,2.0,-78.0
1777891133.6663325,0.0,1.0,-79.0
1777891133.6763325,-3.0,-1.0,-71.0
1777891133.6863325,-7.0,-3.0,-69.0
1777891133.6963325,-9.0,-4.0,-65.0
1777891133.7063324,-6.0,-3.0,-68.0
1777891133.7163324,-4.0,-3.0,-67.0
1777891133.7263324,-2.0,0.0,-72.0
1777891133.7363324,-4.0,-5.0,-69.0
1777891133.7463324,-4.0,-4.0,-70.0
1777891133.7563324,-3.0,-5.0,-72.0
1777891133.7663324,1.0,0.0,-77.0
1777891133.7763324,2.0,3.0,-71.0
1777891133.7863324,4.0,0.0,-62.0
1777891133.7963324,2.0,1.0,-64.0
1777891133.8073325,2.0,-3.0,-65.0
1777891133.8173325,5.0,0.0,-65.0
1777891133.8273325,1.0,3.0,-69.0
1777891133.8373325,1.0,2.0,-75.0
1777891133.8473325,0.0,0.0,-73.0
1777891133.8573325,0.0,-3.0,-71.0
1777891133.8673325,4.0,-1.0,-70.0
1777891133.8773324,0.0,-3.0,-71.0
1777891133.8873324,0.0,-5.0,-74.0
1777891133.8973324,-2.0,-3.0,-74.0
1777891133.9073324,0.0,-7.0,-74.0
1777891133.9173324,2.0,-9.0,-74.0
1777891133.9273324,0.0,-12.0,-78.0
1777891133.9373324,2.0,-14.0,-81.0
1777891133.9473324,3.0,-11.0,-78.0
1777891133.9573324,1.0,-6.0,-72.0
1777891133.9673324,0.0,-7.0,-73.0
1777891133.9773324,5.0,-5.0,-74.0
1777891133.9873323,1.0,-4.0,-68.0
1777891133.9973323,2.0,-2.0,-64.0
1777891134.0073323,0.0,-2.0,-64.0
1777891134.0173323,1.0,1.0,-67.0
1777891134.0273323,3.0,-1.0,-77.0
1777891134.0373323,0.0,2.0,-76.0
1777891134.0473323,-2.0,1.0,-84.0
1777891134.0573325,0.0,-4.0,-81.0
1777891134.0673325,-1.0,-1.0,-82.0
1777891134.0773325,1.0,-3.0,-79.0
1777891134.0873325,2.0,-3.0,-83.0
1777891134.0973325,2.0,-2.0,-72.0
1777891134.1073325,2.0,-1.0,-67.0
1777891134.1173325,4.0,0.0,-68.0
1777891134.1273324,2.0,-2.0,-65.0
1777891134.1373324,2.0,-4.0,-74.0
1777891134.1473324,0.0,-7.0,-76.0
1777891134.1573324,0.0,-6.0,-73.0
1777891134.1673324,-2.0,-6.0,-70.0
1777891134.1773324,0.0,-9.0,-65.0
1777891134.1873324,3.0,-4.0,-58.0
1777891134.1973324,5.0,-5.0,-68.0
1777891134.2073324,5.0,-5.0,-71.0
1777891134.2173324,2.0,-4.0,-67.0
1777891134.2273324,2.0,-5.0,-64.0
1777891134.2373323,1.0,-7.0,-69.0
1777891134.2473323,-1.0,-4.0,-75.0
1777891134.2573323,-5.0,-7.0,-77.0
1777891134.2673323,-4.0,-6.0,-82.0
1777891134.2773323,-2.0,-5.0,-80.0
1777891134.2873323,-4.0,-6.0,-75.0
1777891134.2973323,-3.0,-1.0,-77.0
1777891134.3073325,-4.0,0.0,-76.0
1777891134.3173325,-4.0,3.0,-77.0
1777891134.3273325,-1.0,3.0,-72.0
1777891134.3373325,-4.0,0.0,-72.0
1777891134.3473325,-3.0,0.0,-74.0
1777891134.3573325,1.0,0.0,-77.0
1777891134.3673325,3.0,0.0,-74.0
1777891134.3773324,0.0,-1.0,-75.0
1777891134.3873324,0.0,-3.0,-69.0
1777891134.3973324,1.0,-4.0,-71.0
1777891134.4073324,1.0,-4.0,-68.0
1777891134.4173324,0.0,0.0,-73.0
1777891134.4273324,-1.0,0.0,-71.0
1777891134.4373324,4.0,0.0,-69.0
1777891134.4473324,9.0,3.0,-70.0
1777891134.4573324,4.0,0.0,-71.0
1777891134.4673324,0.0,0.0,-73.0
1777891134.4773324,2.0,-3.0,-79.0
1777891134.4873323,3.0,-1.0,-78.0
1777891134.4973323,5.0,-1.0,-82.0
1777891134.5073323,5.0,2.0,-82.0
1777891134.5173323,4.0,-1.0,-79.0
1777891134.5273323,5.0,0.0,-75.0
1777891134.5373323,0.0,3.0,-75.0
1777891134.5473323,-2.0,0.0,-79.0
1777891134.5573325,-3.0,-2.0,-79.0
1777891134.5673325,-7.0,-1.0,-77.0
1777891134.5773325,-5.0,-1.0,-81.0
1777891134.5873325,-1.0,0.0,-83.0
1777891134.5973325,2.0,2.0,-76.0
1777891134.6073325,2.0,1.0,-77.0
1777891134.6173325,2.0,1.0,-78.0
1777891134.6273324,6.0,3.0,-70.0
1777891134.6373324,6.0,0.0,-67.0
1777891134.6473324,5.0,-2.0,-70.0
1777891134.6573324,4.0,-8.0,-74.0
1777891134.6673324,8.0,-7.0,-73.0
1777891134.6773324,0.0,-4.0,-68.0
1777891134.6873324,-1.0,-3.0,-71.0
1777891134.6973324,0.0,0.0,-74.0
1777891134.7073324,-1.0,2.0,-75.0
1777891134.7173324,-1.0,3.0,-80.0
1777891134.7273324,-2.0,0.0,-81.0
1777891134.7373323,-4.0,-3.0,-80.0
1777891134.7473323,-7.0,-6.0,-77.0
1777891134.7573323,0.0,-3.0,-70.0
1777891134.7673323,7.0,-1.0,-69.0
1777891134.7773323,10.0,-2.0,-72.0
1777891134.7873323,9.0,1.0,-69.0
1777891134.7973323,2.0,2.0,-69.0
1777891134.8073325,0.0,-1.0,-72.0
1777891134.8173325,0.0,-3.0,-75.0
1777891134.8273325,0.0,-3.0,-80.0
1777891134.8373325,1.0,-1.0,-71.0
1777891134.8473325,-1.0,0.0,-74.0
1777891134.8573325,-3.0,-2.0,-75.0
1777891134.8673325,2.0,1.0,-79.0
1777891134.8773324,5.0,2.0,-77.0
1777891134.8873324,5.0,5.0,-73.0
1777891134.8973324,8.0,5.0,-75.0
1777891134.9073324,4.0,7.0,-72.0
1777891134.9173324,2.0,6.0,-74.0
1777891134.9273324,2.0,4.0,-72.0
1777891134.9373324,0.0,3.0,-71.0
1777891134.9473324,1.0,3.0,-67.0
1777891134.9573324,-1.0,2.0,-68.0
1777891134.9673324,1.0,0.0,-73.0
1777891134.9773324,4.0,1.0,-77.0
1777891134.9873323,5.0,6.0,-85.0
1777891134.9973323,2.0,2.0,-82.0
1777891135.0073323,0.0,4.0,-79.0
1777891135.0173323,-2.0,3.0,-82.0
1777891135.0273323,0.0,-2.0,-79.0
1777891135.0373323,2.0,-4.0,-77.0
1777891135.0473323,4.0,-10.0,-76.0
1777891135.0573325,3.0,-7.0,-77.0
1777891135.0673325,5.0,-8.0,-78.0
1777891135.0773325,4.0,-10.0,-68.0
1777891135.0873325,2.0,-5.0,-73.0
1777891135.0973325,1.0,-3.0,-73.0
1777891135.1073325,0.0,-4.0,-70.0
1777891135.1173325,1.0,-5.0,-69.0
1777891135.1273324,4.0,-4.0,-68.0
1777891135.1373324,5.0,-2.0,-70.0
1777891135.1473324,0.0,-2.0,-70.0
1777891135.1573324,0.0,-3.0,-74.0
1777891135.1673324,0.0,-1.0,-72.0
1777891135.1773324,0.0,1.0,-72.0
1777891135.1873324,0.0,8.0,-69.0
1777891135.1973324,0.0,7.0,-73.0
1777891135.2073324,-3.0,5.0,-76.0
1777891135.2173324,0.0,0.0,-71.0
1777891135.2273324,3.0,1.0,-70.0
1777891135.2373323,1.0,1.0,-67.0
1777891135.2473323,2.0,3.0,-60.0
1777891135.2573323,6.0,2.0,-58.0
1777891135.2673323,7.0,2.0,-61.0
1777891135.2773323,8.0,3.0,-63.0
1777891135.2873323,7.0,1.0,-67.0
1777891135.2973323,3.0,0.0,-66.0
1777891135.3073325,6.0,0.0,-76.0
1777891135.3173325,7.0,1.0,-80.0
1777891135.3273325,8.0,-1.0,-84.0
1777891135.3373325,10.0,-6.0,-82.0
1777891135.3473325,3.0,-3.0,-80.0
1777891135.3573325,1.0,-1.0,-82.0
1777891135.3673325,-4.0,-6.0,-84.0
1777891135.3773324,-3.0,-1.0,-80.0
1777891135.3873324,-8.0,0.0,-71.0
1777891135.3973324,-4.0,0.0,-67.0
1777891135.4073324,-2.0,-5.0,-76.0
1777891135.4173324,-6.0,-2.0,-80.0
1777891135.4273324,-5.0,-4.0,-75.0
1777891135.4373324,-4.0,-3.0,-74.0
1777891135.4473324,-3.0,-3.0,-63.0
1777891135.4573324,-2.0,-3.0,-63.0
1777891135.4673324,1.0,-2.0,-70.0
1777891135.4773324,5.0,-8.0,-74.0
1777891135.4873323,9.0,-13.0,-75.0
1777891135.4973323,6.0,-10.0,-69.0
1777891135.5073323,8.0,-6.0,-64.0
1777891135.5173323,4.0,-8.0,-65.0
1777891135.5273323,3.0,-8.0,-72.0
1777891135.5373323,1.0,-6.0,-75.0
1777891135.5473323,0.0,-9.0,-77.0
1777891135.5573325,2.0,-12.0,-82.0
1777891135.5673325,5.0,-12.0,-72.0
1777891135.5773325,2.0,-14.0,-67.0
1777891135.5873325,5.0,-10.0,-66.0
1777891135.5973325,0.0,-7.0,-73.0
1777891135.6073325,-4.0,-4.0,-74.0
1777891135.6173325,-2.0,0.0,-75.0
1777891135.6273324,2.0,-1.0,-73.0
1777891135.6373324,2.0,1.0,-73.0
1777891135.6473324,3.0,1.0,-76.0
1777891135.6573324,1.0,1.0,-64.0
1777891135.6673324,3.0,0.0,-64.0
1777891135.6773324,3.0,-3.0,-73.0
1777891135.6873324,0.0,-5.0,-74.0
1777891135.6973324,0.0,-3.0,-71.0
1777891135.7073324,0.0,0.0,-71.0
1777891135.7173324,0.0,0.0,-74.0
1777891135.7273324,0.0,0.0,-73.0
1777891135.7373323,3.0,2.0,-67.0
1777891135.7473323,5.0,2.0,-68.0
1777891135.7573323,4.0,-3.0,-65.0
1777891135.7673323,2.0,-3.0,-65.0
1777891135.7773323,4.0,0.0,-62.0
1777891135.7883325,0.0,1.0,-60.0
1777891135.7983325,-1.0,3.0,-72.0
1777891135.8083324,1.0,2.0,-74.0
1777891135.8183324,1.0,0.0,-72.0
1777891135.8283324,5.0,-3.0,-61.0
1777891135.8383324,1.0,0.0,-65.0
1777891135.8483324,-2.0,2.0,-58.0
1777891135.8583324,-3.0,1.0,-59.0
1777891135.8683324,-2.0,0.0,-63.0
1777891135.8783324,0.0,4.0,-65.0
1777891135.8883324,5.0,5.0,-70.0
1777891135.8983324,7.0,6.0,-69.0
1777891135.9083323,12.0,1.0,-72.0
1777891135.9183323,5.0,1.0,-71.0
1777891135.9283323,0.0,0.0,-72.0
1777891135.9383323,3.0,0.0,-62.0
1777891135.9483323,3.0,-5.0,-66.0
1777891135.9583323,1.0,1.0,-70.0
1777891135.9683323,3.0,2.0,-74.0
1777891135.9783323,1.0,2.0,-72.0
1777891135.9883325,0.0,-4.0,-70.0
1777891135.9983325,1.0,-6.0,-72.0
1777891136.0083325,1.0,-5.0,-72.0
1777891136.0183325,4.0,-1.0,-76.0
1777891136.0283325,4.0,2.0,-81.0
1777891136.0383325,3.0,7.0,-80.0
1777891136.0483325,2.0,3.0,-77.0
1777891136.0583324,0.0,4.0,-71.0
1777891136.0683324,0.0,2.0,-70.0
1777891136.0783324,3.0,0.0,-67.0
1777891136.0883324,2.0,0.0,-68.0
1777891136.0983324,3.0,-1.0,-67.0
1777891136.1083324,3.0,-2.0,-66.0
1777891136.1183324,2.0,-1.0,-68.0
1777891136.1283324,2.0,0.0,-70.0
1777891136.1383324,2.0,0.0,-68.0
1777891136.1483324,-3.0,1.0,-67.0
1777891136.1583323,0.0,1.0,-69.0
1777891136.1683323,5.0,4.0,-69.0
1777891136.1783323,1.0,4.0,-71.0
1777891136.1883323,0.0,5.0,-77.0
1777891136.1983323,-3.0,6.0,-79.0
1777891136.2083323,-3.0,7.0,-76.0
1777891136.2183323,-3.0,2.0,-80.0
1777891136.2283323,1.0,2.0,-78.0
1777891136.2383325,2.0,1.0,-76.0
1777891136.2483325,3.0,0.0,-74.0
1777891136.2583325,4.0,-4.0,-82.0
1777891136.2683325,3.0,-4.0,-85.0
1777891136.2783325,1.0,-5.0,-89.0
1777891136.2883325,-1.0,-7.0,-91.0
1777891136.2983325,-1.0,-9.0,-85.0
1777891136.3083324,4.0,-6.0,-77.0
1777891136.3183324,3.0,-6.0,-78.0
1777891136.3283324,8.0,-6.0,-70.0
1777891136.3383324,7.0,-5.0,-72.0
1777891136.3483324,4.0,-4.0,-72.0
1777891136.3583324,4.0,-6.0,-66.0
1777891136.3683324,6.0,-10.0,-68.0
1777891136.3783324,1.0,-8.0,-68.0
1777891136.3883324,2.0,-4.0,-69.0
1777891136.3983324,3.0,-6.0,-74.0
1777891136.4083323,2.0,-8.0,-76.0
1777891136.4183323,3.0,-7.0,-77.0
1777891136.4283323,3.0,-7.0,-80.0
1777891136.4383323,0.0,-7.0,-75.0
1777891136.4483323,1.0,-6.0,-75.0
1777891136.4583323,-1.0,-5.0,-81.0
1777891136.4683323,-3.0,-4.0,-84.0
1777891136.4783323,0.0,-2.0,-87.0
1777891136.4883325,0.0,0.0,-81.0
1777891136.4983325,-4.0,-1.0,-83.0
1777891136.5083325,-5.0,-1.0,-86.0
1777891136.5183325,-6.0,0.0,-83.0
1777891136.5283325,-3.0,0.0,-77.0
1777891136.5383325,-3.0,-1.0,-72.0
1777891136.5483325,-4.0,-5.0,-72.0
1777891136.5583324,-8.0,-8.0,-71.0
1777891136.5683324,-6.0,-8.0,-72.0
1777891136.5783324,-7.0,-4.0,-73.0
1777891136.5883324,-3.0,-5.0,-74.0
1777891136.5983324,0.0,-8.0,-77.0
1777891136.6083324,1.0,-5.0,-77.0
1777891136.6183324,5.0,-7.0,-73.0
1777891136.6283324,7.0,-4.0,-76.0
1777891136.6383324,6.0,-5.0,-75.0
1777891136.6483324,6.0,-5.0,-70.0
1777891136.6583323,6.0,-1.0,-73.0
1777891136.6683323,4.0,-3.0,-78.0
1777891136.6783323,4.0,0.0,-77.0
1777891136.6883323,4.0,0.0,-81.0
1777891136.6983323,2.0,2.0,-75.0
1777891136.7083323,-1.0,5.0,-76.0
1777891136.7183323,-1.0,3.0,-81.0
1777891136.7283323,0.0,0.0,-74.0
1777891136.7383325,0.0,0.0,-70.0
1777891136.7483325,2.0,-2.0,-67.0
1777891136.7583325,2.0,-8.0,-64.0
1777891136.7683325,4.0,-11.0,-64.0
1777891136.7783325,5.0,-7.0,-64.0
1777891136.7883325,1.0,-2.0,-66.0
1777891136.7983325,0.0,0.0,-72.0
1777891136.8083324,1.0,0.0,-71.0
1777891136.8183324,0.0,1.0,-71.0
1777891136.8283324,0.0,2.0,-74.0
1777891136.8383324,-2.0,3.0,-70.0
1777891136.8483324,0.0,-1.0,-71.0
1777891136.8583324,1.0,-2.0,-76.0
1777891136.8683324,0.0,0.0,-77.0
1777891136.8783324,0.0,-2.0,-78.0
1777891136.8883324,-1.0,-7.0,-82.0
1777891136.8983324,-4.0,-5.0,-78.0
1777891136.9083323,0.0,-6.0,-82.0
1777891136.9183323,0.0,-8.0,-85.0
1777891136.9283323,0.0,-9.0,-82.0
1777891136.9383323,3.0,-6.0,-73.0
1777891136.9493325,2.0,1.0,-72.0
1777891136.9583323,1.0,5.0,-74.0
1777891136.9683323,1.0,1.0,-78.0
1777891136.9783323,-3.0,-1.0,-76.0
1777891136.9883325,-4.0,0.0,-73.0
1777891136.9983325,-5.0,-3.0,-69.0
1777891137.0083325,-7.0,-5.0,-70.0
1777891137.0183325,-4.0,-7.0,-62.0
1777891137.0283325,0.0,-10.0,-61.0
1777891137.0383325,-1.0,-6.0,-65.0
1777891137.0483325,-1.0,-3.0,-66.0
1777891137.0583324,-3.0,-5.0,-67.0
1777891137.0683324,-5.0,-6.0,-62.0
1777891137.0783324,-2.0,-2.0,-60.0
1777891137.0883324,-2.0,-6.0,-58.0
1777891137.0983324,-4.0,-5.0,-67.0
1777891137.1083324,-2.0,-4.0,-69.0
1777891137.1183324,0.0,-3.0,-73.0
1777891137.1283324,-3.0,-3.0,-72.0
1777891137.1383324,-3.0,0.0,-76.0
1777891137.1483324,-3.0,0.0,-77.0
1777891137.1583323,-1.0,1.0,-69.0
1777891137.1683323,-1.0,3.0,-67.0
1777891137.1783323,3.0,0.0,-74.0
1777891137.1893325,1.0,-1.0,-68.0
1777891137.1983323,-1.0,-1.0,-72.0
1777891137.2083323,0.0,-6.0,-72.0
1777891137.2183323,0.0,-3.0,-76.0
1777891137.2283323,1.0,1.0,-81.0
1777891137.2383325,0.0,2.0,-79.0
1777891137.2483325,-1.0,2.0,-80.0
1777891137.2583325,0.0,0.0,-79.0
1777891137.2683325,-4.0,-1.0,-82.0
1777891137.2783325,-2.0,-2.0,-81.0
1777891137.2883325,0.0,-6.0,-81.0
1777891137.2983325,1.0,-7.0,-74.0
1777891137.3083324,1.0,-7.0,-73.0
1777891137.3183324,7.0,-10.0,-74.0
1777891137.3283324,7.0,-7.0,-78.0
1777891137.3383324,5.0,-10.0,-77.0
1777891137.3483324,3.0,-9.0,-71.0
1777891137.3583324,-3.0,-8.0,-77.0
1777891137.3683324,-8.0,-9.0,-82.0
1777891137.3783324,-6.0,-13.0,-82.0
1777891137.3883324,-10.0,-6.0,-80.0
1777891137.3983324,-12.0,-6.0,-79.0
1777891137.4083323,-6.0,-6.0,-69.0
1777891137.4183323,0.0,-1.0,-69.0
1777891137.4283323,-1.0,0.0,-70.0
1777891137.4383323,-1.0,1.0,-74.0
1777891137.4483323,-2.0,-2.0,-73.0
1777891137.4583323,-5.0,-3.0,-74.0
1777891137.4683323,-2.0,-3.0,-77.0
1777891137.4783323,-1.0,-2.0,-80.0
1777891137.4883325,0.0,-4.0,-75.0
1777891137.4983325,0.0,-6.0,-63.0
1777891137.5083325,-1.0,-5.0,-70.0
1777891137.5183325,-3.0,-4.0,-62.0
1777891137.5283325,-5.0,-8.0,-65.0
1777891137.5383325,-1.0,-9.0,-65.0
1777891137.5483325,0.0,-9.0,-68.0
1777891137.5583324,1.0,-7.0,-66.0
1777891137.5683324,-1.0,-5.0,-67.0
1777891137.5783324,-1.0,0.0,-70.0
1777891137.5883324,-6.0,0.0,-70.0
1777891137.5983324,-3.0,0.0,-74.0
1777891137.6083324,3.0,-2.0,-75.0
1777891137.6183324,0.0,0.0,-70.0
1777891137.6283324,1.0,-1.0,-69.0
1777891137.6383324,1.0,-2.0,-65.0
1777891137.6483324,8.0,-2.0,-64.0
1777891137.6583323,5.0,-6.0,-67.0
1777891137.6683323,4.0,-5.0,-74.0
1777891137.6783323,4.0,-5.0,-67.0
1777891137.6883323,3.0,-9.0,-63.0
1777891137.6983323,2.0,-9.0,-60.0
1777891137.7083323,-2.0,-6.0,-67.0
1777891137.7183323,-2.0,-2.0,-68.0
1777891137.7283323,3.0,-6.0,-68.0
1777891137.7383325,1.0,-5.0,-70.0
1777891137.7493324,1.0,-4.0,-69.0
1777891137.7593324,1.0,-10.0,-71.0
1777891137.7683325,1.0,-12.0,-72.0
1777891137.7793324,1.0,-8.0,-66.0
1777891137.7893324,5.0,-5.0,-61.0
1777891137.7993324,0.0,-3.0,-63.0
1777891137.8093324,2.0,-8.0,-66.0
1777891137.8193324,1.0,-11.0,-72.0
1777891137.8293324,1.0,-8.0,-75.0
1777891137.8393323,2.0,-4.0,-74.0
1777891137.8493323,2.0,0.0,-69.0
1777891137.8593323,-1.0,0.0,-71.0
1777891137.8693323,-2.0,-1.0,-66.0
1777891137.8793323,0.0,-3.0,-70.0
1777891137.8893323,0.0,-4.0,-75.0
1777891137.8993323,0.0,0.0,-78.0
1777891137.9093325,1.0,-2.0,-73.0
1777891137.9193325,1.0,-2.0,-74.0
1777891137.9293325,1.0,-4.0,-71.0
1777891137.9393325,1.0,-3.0,-72.0
1777891137.9493325,1.0,-1.0,-73.0
1777891137.9593325,0.0,-2.0,-73.0
1777891137.9693325,0.0,0.0,-68.0
1777891137.9793324,0.0,-4.0,-69.0
1777891137.9893324,-7.0,-4.0,-68.0
1777891137.9993324,-7.0,-3.0,-65.0
1777891138.0093324,0.0,-3.0,-75.0
1777891138.0193324,0.0,-2.0,-74.0
1777891138.0293324,0.0,0.0,-71.0
1777891138.0393324,3.0,-6.0,-70.0
1777891138.0493324,0.0,-4.0,-69.0
1777891138.0593324,-3.0,-3.0,-65.0
1777891138.0693324,-2.0,-8.0,-69.0
1777891138.0793324,-5.0,-1.0,-74.0
1777891138.0893323,-1.0,1.0,-75.0
1777891138.0993323,-1.0,-1.0,-74.0
1777891138.1093323,-3.0,0.0,-75.0
1777891138.1193323,-3.0,1.0,-77.0
1777891138.1293323,0.0,0.0,-78.0
1777891138.1393323,1.0,-3.0,-74.0
1777891138.1493323,-3.0,-4.0,-70.0
1777891138.1593325,-2.0,-2.0,-70.0
1777891138.1693325,0.0,-2.0,-64.0
1777891138.1793325,3.0,-1.0,-63.0
1777891138.1893325,3.0,0.0,-65.0
1777891138.1993325,3.0,0.0,-69.0
1777891138.2093325,3.0,-2.0,-70.0
1777891138.2193325,7.0,-4.0,-65.0
1777891138.2293324,2.0,-6.0,-63.0
1777891138.2393324,4.0,-5.0,-66.0
1777891138.2493324,1.0,-3.0,-71.0
1777891138.2593324,0.0,-2.0,-79.0
1777891138.2693324,1.0,0.0,-74.0
1777891138.2793324,2.0,1.0,-80.0
1777891138.2893324,0.0,-2.0,-82.0
1777891138.2993324,-1.0,-1.0,-77.0
1777891138.3093324,-2.0,2.0,-80.0
1777891138.3193324,-1.0,0.0,-73.0
1777891138.3293324,0.0,-1.0,-73.0
1777891138.3393323,0.0,-2.0,-76.0
1777891138.3493323,-2.0,-4.0,-75.0
1777891138.3593323,0.0,0.0,-69.0
1777891138.3693323,-2.0,-1.0,-74.0
1777891138.3793323,-1.0,-1.0,-69.0
1777891138.3893323,-1.0,-1.0,-71.0
1777891138.3993323,1.0,-1.0,-72.0
1777891138.4093325,3.0,-4.0,-69.0
1777891138.4193325,4.0,-4.0,-72.0
1777891138.4293325,5.0,-4.0,-73.0
1777891138.4393325,6.0,0.0,-77.0
1777891138.4493325,0.0,1.0,-82.0
1777891138.4593325,1.0,-1.0,-81.0
1777891138.4693325,-2.0,4.0,-88.0
1777891138.4793324,-5.0,4.0,-84.0
1777891138.4893324,0.0,2.0,-76.0
1777891138.4993324,0.0,1.0,-76.0
1777891138.5093324,3.0,-2.0,-71.0
1777891138.5193324,4.0,-2.0,-68.0
1777891138.5293324,2.0,-4.0,-71.0
1777891138.5393324,5.0,-4.0,-73.0
1777891138.5493324,7.0,3.0,-71.0
1777891138.5593324,7.0,2.0,-71.0
1777891138.5693324,4.0,4.0,-72.0
1777891138.5793324,3.0,6.0,-69.0
1777891138.5893323,3.0,4.0,-69.0
1777891138.5993323,2.0,2.0,-71.0
1777891138.6093323,1.0,5.0,-77.0
1777891138.6193323,5.0,6.0,-78.0
1777891138.6293323,2.0,6.0,-77.0
1777891138.6393323,2.0,2.0,-75.0
1777891138.6493323,5.0,1.0,-72.0
1777891138.6593325,3.0,5.0,-70.0
1777891138.6693325,3.0,0.0,-77.0
1777891138.6793325,1.0,-1.0,-77.0
1777891138.6893325,-2.0,1.0,-81.0
1777891138.6993325,1.0,3.0,-73.0
1777891138.7093325,1.0,0.0,-71.0
1777891138.7193325,-1.0,-2.0,-71.0
1777891138.7293324,0.0,0.0,-74.0
1777891138.7393324,0.0,-2.0,-73.0
1777891138.7493324,3.0,-1.0,-74.0
1777891138.7593324,1.0,1.0,-71.0
1777891138.7693324,1.0,3.0,-68.0
1777891138.7793324,0.0,0.0,-67.0
1777891138.7903323,-2.0,-3.0,-68.0
1777891138.7993324,-1.0,-4.0,-71.0
1777891138.8093324,0.0,-7.0,-74.0
1777891138.8193324,0.0,-3.0,-76.0
1777891138.8293324,2.0,-6.0,-73.0
1777891138.8393323,2.0,-5.0,-76.0
1777891138.8493323,0.0,-8.0,-75.0
1777891138.8593323,-1.0,-5.0,-72.0
1777891138.8693323,-1.0,-5.0,-71.0
1777891138.8793323,3.0,0.0,-70.0
1777891138.8893323,7.0,-1.0,-72.0
1777891138.8993323,5.0,0.0,-72.0
1777891138.9093325,3.0,0.0,-74.0
1777891138.9193325,-1.0,-6.0,-79.0
1777891138.9303324,-3.0,-7.0,-82.0
1777891138.9393325,-3.0,-7.0,-85.0
1777891138.9493325,1.0,-4.0,-83.0
1777891138.9593325,1.0,-1.0,-85.0
1777891138.9693325,3.0,-2.0,-81.0
1777891138.9793324,3.0,1.0,-82.0
1777891138.9893324,3.0,2.0,-80.0
1777891138.9993324,3.0,0.0,-80.0
1777891139.0093324,3.0,3.0,-78.0
1777891139.0193324,3.0,2.0,-78.0
1777891139.0293324,1.0,0.0,-77.0
1777891139.0393324,4.0,0.0,-84.0
1777891139.0493324,0.0,0.0,-78.0
1777891139.0593324,7.0,0.0,-83.0
1777891139.0693324,7.0,3.0,-87.0
1777891139.0793324,5.0,-1.0,-81.0
1777891139.0893323,3.0,-2.0,-79.0
1777891139.0993323,4.0,0.0,-70.0
1777891139.1093323,8.0,1.0,-70.0
1777891139.1193323,5.0,-5.0,-67.0
1777891139.1293323,2.0,-4.0,-68.0
1777891139.1393323,4.0,-5.0,-69.0
1777891139.1493323,7.0,-7.0,-71.0
1777891139.1593325,6.0,-4.0,-68.0
1777891139.1693325,3.0,-2.0,-70.0
1777891139.1793325,4.0,-4.0,-71.0
1777891139.1893325,6.0,-2.0,-69.0
1777891139.1993325,7.0,0.0,-68.0
1777891139.2093325,6.0,0.0,-71.0
1777891139.2193325,3.0,-1.0,-65.0
1777891139.2293324,3.0,0.0,-63.0
1777891139.2393324,3.0,0.0,-64.0
1777891139.2493324,4.0,2.0,-65.0
1777891139.2593324,6.0,-3.0,-61.0
1777891139.2693324,9.0,0.0,-61.0
1777891139.2793324,7.0,0.0,-62.0
1777891139.2893324,3.0,-1.0,-65.0
1777891139.2993324,2.0,-2.0,-65.0
1777891139.3093324,0.0,-5.0,-67.0
1777891139.3193324,-3.0,-1.0,-72.0
1777891139.3293324,0.0,-1.0,-71.0
1777891139.3393323,0.0,-1.0,-72.0
1777891139.3493323,2.0,0.0,-70.0
1777891139.3593323,0.0,0.0,-69.0
1777891139.3693323,0.0,-6.0,-69.0
1777891139.3793323,0.0,-7.0,-66.0
1777891139.3893323,3.0,-10.0,-60.0
1777891139.3993323,6.0,-9.0,-58.0
1777891139.4093325,11.0,-7.0,-66.0
1777891139.4193325,14.0,-5.0,-73.0
1777891139.4293325,16.0,-5.0,-77.0
1777891139.4393325,14.0,-4.0,-76.0
1777891139.4493325,12.0,-5.0,-76.0
1777891139.4593325,12.0,-5.0,-75.0
1777891139.4693325,13.0,0.0,-68.0
1777891139.4793324,9.0,-2.0,-69.0
1777891139.4893324,10.0,-2.0,-72.0
1777891139.4993324,5.0,-4.0,-74.0
1777891139.5093324,0.0,-7.0,-80.0
1777891139.5193324,-8.0,-3.0,-78.0
1777891139.5293324,-10.0,-2.0,-78.0
1777891139.5393324,-5.0,-3.0,-82.0
1777891139.5493324,0.0,-6.0,-85.0
1777891139.5593324,2.0,-5.0,-74.0
1777891139.5693324,0.0,-8.0,-73.0
1777891139.5793324,0.0,-8.0,-68.0
1777891139.5893323,-8.0,-10.0,-71.0
1777891139.5993323,-8.0,-6.0,-71.0
1777891139.6093323,-7.0,-3.0,-69.0
1777891139.6193323,-4.0,0.0,-67.0
1777891139.6293323,-3.0,0.0,-69.0
1777891139.6393323,-1.0,1.0,-64.0
1777891139.6493323,-1.0,-2.0,-58.0
1777891139.6593325,1.0,0.0,-58.0
1777891139.6693325,2.0,3.0,-58.0
1777891139.6793325,-2.0,6.0,-58.0
1777891139.6893325,-5.0,5.0,-62.0
1777891139.6993325,-7.0,8.0,-65.0
1777891139.7093325,-1.0,6.0,-76.0
1777891139.7193325,-3.0,0.0,-79.0
1777891139.7293324,-5.0,-1.0,-75.0
1777891139.7393324,-9.0,-3.0,-74.0
1777891139.7493324,-9.0,-1.0,-76.0
1777891139.7603323,-5.0,-2.0,-76.0
1777891139.7703323,-1.0,0.0,-78.0
1777891139.7803323,1.0,0.0,-75.0
1777891139.7903323,1.0,-4.0,-76.0
1777891139.8003323,3.0,-4.0,-76.0
1777891139.8103323,6.0,-1.0,-74.0
1777891139.8203323,4.0,-3.0,-72.0
1777891139.8303325,4.0,-5.0,-69.0
1777891139.8403325,1.0,-7.0,-70.0
1777891139.8503325,2.0,-4.0,-74.0
1777891139.8603325,3.0,-5.0,-77.0
1777891139.8703325,-1.0,-6.0,-76.0
1777891139.8803325,-2.0,-3.0,-74.0
1777891139.8903325,0.0,-4.0,-67.0
1777891139.9003325,0.0,-3.0,-68.0
1777891139.9103324,-3.0,-7.0,-69.0
1777891139.9203324,0.0,-3.0,-70.0
1777891139.9303324,1.0,-5.0,-75.0
1777891139.9403324,0.0,-5.0,-77.0
1777891139.9503324,3.0,-2.0,-71.0
1777891139.9603324,1.0,0.0,-73.0
1777891139.9703324,2.0,-1.0,-73.0
1777891139.9803324,4.0,1.0,-71.0
1777891139.9903324,5.0,3.0,-79.0
1777891140.0003324,9.0,3.0,-82.0
1777891140.0103323,4.0,4.0,-83.0
1777891140.0203323,6.0,4.0,-76.0
1777891140.0303323,2.0,4.0,-76.0
1777891140.0403323,4.0,0.0,-76.0
1777891140.0503323,4.0,0.0,-78.0
1777891140.0603323,4.0,0.0,-82.0
1777891140.0703323,7.0,-2.0,-81.0
1777891140.0803325,5.0,0.0,-81.0
1777891140.0903325,5.0,2.0,-77.0
1777891140.1003325,5.0,2.0,-73.0
1777891140.1103325,6.0,-1.0,-67.0
1777891140.1203325,2.0,1.0,-69.0
1777891140.1303325,-1.0,3.0,-61.0
1777891140.1403325,0.0,0.0,-72.0
1777891140.1503325,0.0,-2.0,-73.0
1777891140.1603324,2.0,0.0,-78.0
1777891140.1703324,2.0,-3.0,-73.0
1777891140.1803324,0.0,-4.0,-69.0
1777891140.1903324,3.0,-5.0,-68.0
1777891140.2003324,3.0,-3.0,-67.0
1777891140.2103324,0.0,0.0,-65.0
1777891140.2203324,-4.0,0.0,-61.0
1777891140.2303324,-8.0,3.0,-67.0
1777891140.2403324,-9.0,1.0,-65.0
1777891140.2503324,-9.0,-1.0,-69.0
1777891140.2603323,-8.0,1.0,-68.0
1777891140.2703323,-7.0,-2.0,-71.0
1777891140.2803323,-3.0,-3.0,-72.0
1777891140.2903323,0.0,3.0,-73.0
1777891140.3003323,-3.0,4.0,-76.0
1777891140.3103323,-1.0,5.0,-71.0
1777891140.3203323,-1.0,3.0,-65.0
1777891140.3303325,1.0,2.0,-62.0
1777891140.3403325,-1.0,2.0,-58.0
1777891140.3503325,-2.0,4.0,-61.0
1777891140.3603325,-3.0,0.0,-68.0
1777891140.3703325,-5.0,-3.0,-69.0
1777891140.3803325,-2.0,-1.0,-61.0
1777891140.3903325,-1.0,-3.0,-60.0
1777891140.4003325,0.0,-4.0,-57.0
1777891140.4103324,3.0,-6.0,-62.0
1777891140.4203324,4.0,-3.0,-61.0
1777891140.4303324,4.0,-2.0,-61.0
1777891140.4403324,-2.0,0.0,-64.0
1777891140.4503324,-2.0,4.0,-62.0
1777891140.4603324,-4.0,-1.0,-63.0
1777891140.4703324,-4.0,-6.0,-60.0
1777891140.4803324,-4.0,-3.0,-62.0
1777891140.4903324,-2.0,-3.0,-68.0
1777891140.5003324,-1.0,-3.0,-75.0
1777891140.5103323,-2.0,-5.0,-79.0
1777891140.5203323,-2.0,-7.0,-75.0
1777891140.5303323,0.0,-6.0,-75.0
1777891140.5403323,0.0,-6.0,-67.0
1777891140.5503323,2.0,-8.0,-68.0
1777891140.5603323,2.0,-5.0,-72.0
1777891140.5703323,1.0,-4.0,-78.0
1777891140.5803325,1.0,-5.0,-74.0
1777891140.5903325,0.0,-4.0,-75.0
1777891140.6003325,1.0,-4.0,-78.0
1777891140.6103325,2.0,-9.0,-73.0
1777891140.6203325,0.0,-11.0,-71.0
1777891140.6303325,-1.0,-10.0,-69.0
1777891140.6403325,-1.0,-10.0,-66.0
1777891140.6503325,0.0,-9.0,-71.0
1777891140.6603324,0.0,-3.0,-68.0
1777891140.6703324,3.0,-1.0,-72.0
1777891140.6803324,5.0,2.0,-71.0
1777891140.6903324,7.0,0.0,-72.0
1777891140.7003324,8.0,-1.0,-72.0
1777891140.7103324,3.0,0.0,-71.0
1777891140.7203324,1.0,-3.0,-75.0
1777891140.7303324,1.0,-5.0,-78.0
1777891140.7403324,4.0,-2.0,-81.0
1777891140.7503324,0.0,-2.0,-74.0
1777891140.7603323,0.0,-2.0,-77.0
1777891140.7703323,-2.0,-2.0,-83.0
1777891140.7803323,-1.0,0.0,-83.0
1777891140.7903323,-3.0,4.0,-80.0
1777891140.8003323,-1.0,1.0,-76.0
1777891140.8103323,0.0,-2.0,-77.0
1777891140.8203323,0.0,-2.0,-91.0
1777891140.8303325,0.0,-3.0,-87.0
1777891140.8403325,0.0,-3.0,-87.0
1777891140.8503325,-3.0,0.0,-89.0
1777891140.8603325,-1.0,-3.0,-81.0
1777891140.8703325,0.0,-1.0,-78.0
1777891140.8803325,1.0,4.0,-69.0
1777891140.8903325,1.0,5.0,-63.0
1777891140.9003325,1.0,5.0,-60.0
1777891140.9103324,5.0,0.0,-60.0
1777891140.9203324,3.0,-2.0,-59.0
1777891140.9303324,2.0,-1.0,-61.0
1777891140.9403324,1.0,-1.0,-62.0
1777891140.9503324,0.0,-1.0,-66.0
1777891140.9603324,0.0,-1.0,-65.0
1777891140.9703324,-3.0,0.0,-73.0
1777891140.9803324,-1.0,0.0,-77.0
1777891140.9903324,2.0,0.0,-75.0
1777891141.0003324,3.0,1.0,-76.0
1777891141.0103323,1.0,1.0,-77.0
1777891141.0203323,1.0,-1.0,-77.0
1777891141.0303323,4.0,-8.0,-82.0
1777891141.0403323,2.0,-2.0,-81.0
1777891141.0503323,-1.0,-1.0,-74.0
1777891141.0603323,-2.0,0.0,-72.0
1777891141.0703323,-4.0,0.0,-67.0
1777891141.0803325,-3.0,-4.0,-68.0
1777891141.0903325,-2.0,-4.0,-68.0
1777891141.1003325,1.0,-3.0,-66.0
1777891141.1103325,-1.0,-4.0,-66.0
1777891141.1203325,-5.0,-2.0,-70.0
1777891141.1303325,-5.0,-2.0,-71.0
1777891141.1403325,-2.0,-1.0,-70.0
1777891141.1503325,3.0,-4.0,-68.0
1777891141.1603324,4.0,-7.0,-70.0
1777891141.1703324,2.0,-6.0,-69.0
1777891141.1803324,2.0,-2.0,-72.0
1777891141.1903324,2.0,-5.0,-62.0
1777891141.2003324,6.0,1.0,-62.0
1777891141.2103324,3.0,-1.0,-65.0
1777891141.2203324,2.0,-2.0,-70.0
1777891141.2303324,4.0,-6.0,-78.0
1777891141.2403324,7.0,-9.0,-82.0
1777891141.2503324,3.0,-7.0,-83.0
1777891141.2603323,2.0,-3.0,-79.0
1777891141.2703323,0.0,-1.0,-79.0
1777891141.2803323,-1.0,-1.0,-70.0
1777891141.2903323,-2.0,-1.0,-74.0
1777891141.3003323,-5.0,-1.0,-72.0
1777891141.3103323,-7.0,-1.0,-78.0
1777891141.3203323,-4.0,0.0,-73.0
1777891141.3303325,-3.0,0.0,-75.0
1777891141.3403325,2.0,-1.0,-75.0
1777891141.3503325,11.0,0.0,-71.0
1777891141.3603325,9.0,6.0,-70.0
1777891141.3703325,8.0,2.0,-75.0
1777891141.3803325,1.0,0.0,-71.0
1777891141.3903325,3.0,3.0,-68.0
1777891141.4003325,4.0,3.0,-71.0
1777891141.4103324,-1.0,4.0,-80.0
1777891141.4203324,-2.0,7.0,-77.0
1777891141.4303324,2.0,8.0,-78.0
1777891141.4403324,0.0,8.0,-76.0
1777891141.4503324,-3.0,8.0,-82.0
1777891141.4603324,-4.0,10.0,-85.0
1777891141.4703324,-3.0,5.0,-80.0
1777891141.4803324,-4.0,5.0,-72.0
1777891141.4903324,-2.0,6.0,-70.0
1777891141.5003324,0.0,6.0,-67.0
1777891141.5103323,0.0,4.0,-74.0
1777891141.5203323,1.0,3.0,-74.0
1777891141.5303323,0.0,4.0,-79.0
1777891141.5403323,3.0,4.0,-75.0
1777891141.5503323,6.0,3.0,-80.0
1777891141.5603323,4.0,-1.0,-82.0
1777891141.5703323,6.0,-7.0,-85.0
1777891141.5803325,6.0,-5.0,-80.0
1777891141.5903325,4.0,-8.0,-75.0
1777891141.6003325,0.0,-8.0,-75.0
1777891141.6103325,0.0,-7.0,-75.0
1777891141.6203325,-2.0,-6.0,-73.0
1777891141.6303325,-3.0,-6.0,-74.0
1777891141.6403325,0.0,-6.0,-75.0
1777891141.6503325,3.0,-4.0,-70.0
1777891141.6603324,1.0,-7.0,-68.0
1777891141.6703324,-3.0,-6.0,-67.0
1777891141.6803324,-2.0,-6.0,-66.0
1777891141.6903324,-3.0,-7.0,-70.0
1777891141.7003324,-1.0,-7.0,-63.0
1777891141.7103324,-2.0,-3.0,-60.0
1777891141.7213323,-4.0,-5.0,-64.0
1777891141.7303324,-3.0,-4.0,-66.0
1777891141.7413323,-3.0,-6.0,-66.0
1777891141.7513323,-2.0,-4.0,-65.0
1777891141.7613325,-4.0,-5.0,-62.0
1777891141.7703323,-3.0,-10.0,-63.0
1777891141.7813325,-5.0,-9.0,-67.0
1777891141.7913325,-2.0,-7.0,-65.0
1777891141.8013325,-1.0,-6.0,-63.0
1777891141.8113325,-1.0,0.0,-64.0
1777891141.8213325,-2.0,0.0,-67.0
1777891141.8303325,-2.0,-2.0,-70.0
1777891141.8413324,0.0,-5.0,-69.0
1777891141.8513324,1.0,-7.0,-69.0
1777891141.8613324,0.0,-4.0,-73.0
1777891141.8713324,0.0,-4.0,-70.0
1777891141.8813324,4.0,-2.0,-74.0
1777891141.8913324,5.0,-3.0,-77.0
1777891141.9013324,1.0,-1.0,-78.0
1777891141.9113324,0.0,-4.0,-72.0
1777891141.9213324,1.0,-5.0,-76.0
1777891141.9313323,3.0,-2.0,-78.0
1777891141.9413323,8.0,-2.0,-70.0
1777891141.9513323,8.0,0.0,-66.0
1777891141.9613323,4.0,1.0,-68.0
1777891141.9713323,5.0,1.0,-77.0
1777891141.9813323,2.0,3.0,-71.0
1777891141.9913323,5.0,0.0,-65.0
1777891142.0013323,5.0,-2.0,-67.0
1777891142.0113325,4.0,-5.0,-68.0
1777891142.0213325,1.0,-5.0,-65.0
1777891142.0313325,1.0,-3.0,-63.0
1777891142.0413325,2.0,0.0,-69.0
1777891142.0513325,1.0,1.0,-70.0
1777891142.0613325,2.0,0.0,-66.0
1777891142.0713325,1.0,-3.0,-62.0
1777891142.0813324,0.0,0.0,-65.0
1777891142.0913324,5.0,-1.0,-63.0
1777891142.1013324,4.0,2.0,-62.0
1777891142.1113324,8.0,1.0,-54.0
1777891142.1213324,3.0,0.0,-55.0
1777891142.1313324,3.0,0.0,-59.0
1777891142.1413324,0.0,2.0,-64.0
1777891142.1513324,0.0,4.0,-69.0
1777891142.1613324,0.0,1.0,-71.0
1777891142.1713324,1.0,-2.0,-72.0
1777891142.1813323,-3.0,1.0,-74.0
1777891142.1913323,-1.0,3.0,-69.0
1777891142.2013323,-3.0,8.0,-70.0
1777891142.2113323,-8.0,11.0,-71.0
1777891142.2213323,-10.0,7.0,-73.0
1777891142.2313323,-7.0,3.0,-72.0
1777891142.2413323,-4.0,5.0,-72.0
1777891142.2513323,-6.0,6.0,-74.0
1777891142.2613325,-4.0,4.0,-75.0
1777891142.2713325,-5.0,5.0,-73.0
1777891142.2813325,-1.0,2.0,-72.0
1777891142.2913325,0.0,0.0,-71.0
1777891142.3013325,3.0,-2.0,-69.0
1777891142.3113325,7.0,0.0,-69.0
1777891142.3213325,1.0,-1.0,-69.0
1777891142.3313324,-3.0,2.0,-69.0
1777891142.3413324,-2.0,6.0,-71.0
1777891142.3513324,0.0,0.0,-70.0
1777891142.3613324,2.0,0.0,-70.0
1777891142.3713324,0.0,1.0,-68.0
1777891142.3813324,0.0,-2.0,-62.0
1777891142.3913324,3.0,-1.0,-58.0
1777891142.4013324,7.0,0.0,-62.0
1777891142.4113324,7.0,0.0,-66.0
1777891142.4213324,10.0,-7.0,-66.0
1777891142.4313323,12.0,-9.0,-74.0
1777891142.4413323,12.0,-8.0,-75.0
1777891142.4513323,8.0,-5.0,-67.0
1777891142.4613323,7.0,-5.0,-65.0
1777891142.4713323,8.0,-5.0,-60.0
1777891142.4813323,10.0,-7.0,-59.0
1777891142.4913323,11.0,-8.0,-58.0
1777891142.5013323,7.0,-10.0,-60.0
1777891142.5113325,4.0,-8.0,-68.0
1777891142.5213325,4.0,-6.0,-70.0
1777891142.5313325,9.0,-7.0,-62.0
1777891142.5413325,13.0,-5.0,-57.0
1777891142.5513325,11.0,-2.0,-66.0
1777891142.5613325,7.0,-1.0,-64.0
1777891142.5713325,4.0,-1.0,-72.0
1777891142.5813324,5.0,-6.0,-73.0
1777891142.5913324,0.0,-10.0,-71.0
1777891142.6013324,1.0,-11.0,-66.0
1777891142.6113324,0.0,-6.0,-64.0
1777891142.6213324,2.0,-1.0,-64.0
1777891142.6313324,-2.0,-2.0,-58.0
1777891142.6413324,0.0,-1.0,-63.0
1777891142.6513324,-5.0,-3.0,-76.0
1777891142.6613324,-4.0,4.0,-73.0
1777891142.6713324,-1.0,3.0,-75.0
1777891142.6813323,2.0,4.0,-75.0
1777891142.6913323,0.0,4.0,-75.0
1777891142.7013323,-2.0,0.0,-75.0
1777891142.7113323,0.0,0.0,-74.0
1777891142.7213323,0.0,1.0,-71.0
1777891142.7313323,0.0,4.0,-67.0
1777891142.7413323,3.0,5.0,-70.0
1777891142.7513323,4.0,7.0,-70.0
1777891142.7613325,2.0,3.0,-69.0
1777891142.7713325,2.0,1.0,-69.0
1777891142.7813325,2.0,-1.0,-67.0
1777891142.7913325,3.0,1.0,-73.0
1777891142.8013325,1.0,4.0,-70.0
1777891142.8113325,2.0,0.0,-66.0
1777891142.8213325,0.0,-1.0,-66.0
1777891142.8313324,3.0,1.0,-65.0
1777891142.8413324,6.0,-2.0,-65.0
1777891142.8513324,7.0,-3.0,-63.0
1777891142.8613324,6.0,0.0,-55.0
1777891142.8713324,9.0,1.0,-56.0
1777891142.8813324,7.0,0.0,-55.0
1777891142.8913324,5.0,-2.0,-64.0
1777891142.9013324,6.0,2.0,-73.0
1777891142.9113324,2.0,2.0,-75.0
1777891142.9213324,-2.0,0.0,-72.0
1777891142.9313323,-3.0,0.0,-77.0
1777891142.9413323,-5.0,1.0,-82.0
1777891142.9513323,-4.0,-2.0,-79.0
1777891142.9613323,3.0,0.0,-76.0
1777891142.9713323,-3.0,-1.0,-74.0
1777891142.9813323,-6.0,-1.0,-75.0
1777891142.9913323,-11.0,-4.0,-72.0
1777891143.0013323,-5.0,-5.0,-71.0
1777891143.0113325,-5.0,-5.0,-71.0
1777891143.0213325,-6.0,-6.0,-71.0
1777891143.0313325,-3.0,-5.0,-74.0
1777891143.0413325,-8.0,0.0,-68.0
1777891143.0513325,-9.0,0.0,-74.0
1777891143.0613325,-3.0,0.0,-76.0
1777891143.0713325,-4.0,3.0,-79.0
1777891143.0813324,-1.0,2.0,-71.0
1777891143.0913324,-4.0,4.0,-65.0
1777891143.1013324,-2.0,0.0,-62.0
1777891143.1113324,1.0,-1.0,-65.0
1777891143.1213324,-1.0,-4.0,-65.0
1777891143.1313324,-3.0,-4.0,-60.0
1777891143.1413324,-2.0,-5.0,-57.0
1777891143.1513324,-3.0,-5.0,-61.0
1777891143.1613324,-5.0,-3.0,-68.0
1777891143.1713324,-8.0,0.0,-68.0
1777891143.1813323,-8.0,-4.0,-58.0
1777891143.1913323,-8.0,-9.0,-67.0
1777891143.2013323,-4.0,-8.0,-71.0
1777891143.2113323,-7.0,-7.0,-67.0
1777891143.2213323,-10.0,-6.0,-69.0
1777891143.2313323,-10.0,-6.0,-71.0
1777891143.2413323,-5.0,-5.0,-69.0
1777891143.2513323,0.0,0.0,-59.0
1777891143.2613325,5.0,0.0,-63.0
1777891143.2713325,8.0,0.0,-68.0
1777891143.2813325,8.0,0.0,-65.0
1777891143.2913325,7.0,0.0,-73.0
1777891143.3013325,7.0,0.0,-73.0
1777891143.3113325,6.0,2.0,-70.0
1777891143.3213325,4.0,-1.0,-69.0
1777891143.3313324,6.0,1.0,-67.0
1777891143.3413324,10.0,-2.0,-65.0
1777891143.3513324,6.0,0.0,-67.0
1777891143.3613324,2.0,0.0,-63.0
1777891143.3713324,4.0,0.0,-71.0
1777891143.3813324,0.0,-2.0,-70.0
1777891143.3913324,2.0,-6.0,-71.0
1777891143.4013324,1.0,-9.0,-71.0
1777891143.4113324,3.0,-8.0,-72.0
1777891143.4213324,3.0,-7.0,-68.0
1777891143.4313323,0.0,-11.0,-69.0
1777891143.4413323,2.0,-8.0,-71.0
1777891143.4513323,4.0,-6.0,-67.0
1777891143.4613323,4.0,-4.0,-62.0
1777891143.4713323,2.0,-2.0,-63.0
1777891143.4813323,-1.0,-4.0,-61.0
1777891143.4913323,0.0,-4.0,-61.0
1777891143.5013323,2.0,-5.0,-58.0
1777891143.5113325,2.0,-6.0,-57.0
1777891143.5213325,4.0,-5.0,-58.0
1777891143.5313325,2.0,-9.0,-61.0
1777891143.5413325,4.0,-6.0,-62.0
1777891143.5513325,5.0,-2.0,-63.0
1777891143.5613325,4.0,0.0,-72.0
1777891143.5713325,0.0,3.0,-68.0
1777891143.5813324,5.0,1.0,-73.0
1777891143.5913324,8.0,4.0,-71.0
1777891143.6013324,2.0,3.0,-70.0
1777891143.6113324,-1.0,5.0,-71.0
1777891143.6213324,-2.0,2.0,-75.0
1777891143.6313324,-3.0,4.0,-77.0
1777891143.6413324,-3.0,4.0,-75.0
1777891143.6513324,0.0,1.0,-82.0
1777891143.6613324,0.0,4.0,-78.0
1777891143.6713324,0.0,9.0,-75.0
1777891143.6813323,3.0,5.0,-73.0
1777891143.6913323,3.0,5.0,-70.0
1777891143.7013323,6.0,8.0,-74.0
1777891143.7113323,5.0,5.0,-74.0
1777891143.7213323,8.0,1.0,-67.0
1777891143.7313323,8.0,2.0,-64.0
1777891143.7423325,7.0,0.0,-64.0
1777891143.7523324,4.0,0.0,-62.0
1777891143.7623324,7.0,-1.0,-67.0
1777891143.7723324,8.0,-4.0,-66.0
1777891143.7823324,2.0,-6.0,-65.0
1777891143.7923324,4.0,-3.0,-64.0
1777891143.8023324,3.0,0.0,-65.0
1777891143.8123324,0.0,1.0,-60.0
1777891143.8223324,1.0,4.0,-62.0
1777891143.8323324,1.0,1.0,-58.0
1777891143.8423324,-2.0,1.0,-51.0
1777891143.8523324,-1.0,2.0,-54.0
1777891143.8623323,0.0,4.0,-58.0
1777891143.8723323,-2.0,3.0,-55.0
1777891143.8823323,0.0,3.0,-56.0
1777891143.8923323,-1.0,3.0,-57.0
1777891143.9023323,3.0,3.0,-60.0
1777891143.9123323,5.0,4.0,-57.0
1777891143.9223323,3.0,7.0,-56.0
1777891143.9323325,3.0,7.0,-58.0
1777891143.9423325,2.0,4.0,-57.0
1777891143.9523325,5.0,1.0,-63.0
1777891143.9623325,9.0,1.0,-63.0
1777891143.9723325,6.0,0.0,-65.0
1777891143.9823325,9.0,0.0,-66.0
1777891143.9923325,8.0,0.0,-73.0
1777891144.0023324,4.0,5.0,-76.0
1777891144.0123324,4.0,2.0,-72.0
1777891144.0223324,5.0,0.0,-72.0
1777891144.0323324,5.0,0.0,-67.0
1777891144.0423324,6.0,4.0,-68.0
1777891144.0523324,6.0,3.0,-74.0
1777891144.0623324,8.0,3.0,-80.0
1777891144.0723324,7.0,0.0,-76.0
1777891144.0823324,3.0,-1.0,-65.0
1777891144.0923324,0.0,0.0,-66.0
1777891144.1023324,-2.0,-1.0,-68.0
1777891144.1123323,-4.0,-4.0,-70.0
1777891144.1223323,-4.0,-2.0,-67.0
1777891144.1323323,0.0,2.0,-72.0
1777891144.1423323,-1.0,2.0,-74.0
1777891144.1523323,-5.0,4.0,-80.0
1777891144.1623323,-4.0,7.0,-81.0
1777891144.1723323,-2.0,9.0,-82.0
1777891144.1823325,-1.0,6.0,-81.0
1777891144.1923325,-2.0,3.0,-77.0
1777891144.2023325,-1.0,0.0,-72.0
1777891144.2123325,2.0,0.0,-70.0
1777891144.2223325,-4.0,2.0,-68.0
1777891144.2323325,-2.0,0.0,-69.0
1777891144.2423325,0.0,-1.0,-68.0
1777891144.2523324,2.0,-5.0,-69.0
1777891144.2623324,4.0,-2.0,-71.0
1777891144.2723324,4.0,-3.0,-72.0
1777891144.2823324,5.0,0.0,-72.0
1777891144.2923324,3.0,5.0,-73.0
1777891144.3023324,2.0,5.0,-79.0
1777891144.3123324,1.0,1.0,-76.0
1777891144.3223324,4.0,2.0,-82.0
1777891144.3323324,1.0,1.0,-76.0
1777891144.3423324,-3.0,-2.0,-78.0
1777891144.3523324,-2.0,-3.0,-71.0
1777891144.3623323,-2.0,-1.0,-73.0
1777891144.3723323,-2.0,0.0,-77.0
1777891144.3823323,-3.0,-1.0,-78.0
1777891144.3923323,0.0,-5.0,-78.0
1777891144.4023323,-2.0,0.0,-76.0
1777891144.4123323,-3.0,-2.0,-73.0
1777891144.4223323,-2.0,0.0,-71.0
1777891144.4323325,2.0,0.0,-69.0
1777891144.4423325,0.0,-3.0,-71.0
1777891144.4523325,0.0,0.0,-67.0
1777891144.4623325,5.0,1.0,-68.0
1777891144.4723325,3.0,-4.0,-66.0
1777891144.4823325,4.0,-4.0,-65.0
1777891144.4923325,4.0,-6.0,-65.0
1777891144.5023324,4.0,-3.0,-64.0
1777891144.5123324,-1.0,-3.0,-67.0
1777891144.5223324,-2.0,-6.0,-68.0
1777891144.5323324,-4.0,-4.0,-65.0
1777891144.5423324,-4.0,-4.0,-72.0
1777891144.5523324,-3.0,4.0,-72.0
1777891144.5623324,-8.0,6.0,-68.0
1777891144.5723324,-9.0,4.0,-70.0
1777891144.5823324,-11.0,7.0,-72.0
1777891144.5923324,-8.0,4.0,-65.0
1777891144.6023324,-8.0,4.0,-65.0
1777891144.6123323,-6.0,0.0,-66.0
1777891144.6223323,-6.0,-1.0,-74.0
1777891144.6323323,0.0,-6.0,-73.0
1777891144.6423323,-3.0,-5.0,-71.0
1777891144.6523323,-1.0,0.0,-67.0
1777891144.6623323,1.0,-6.0,-62.0
1777891144.6723323,4.0,-10.0,-65.0
1777891144.6823325,5.0,-4.0,-71.0
1777891144.6923325,5.0,0.0,-71.0
1777891144.7023325,5.0,0.0,-76.0
1777891144.7123325,-3.0,0.0,-80.0
1777891144.7223325,1.0,-1.0,-78.0
1777891144.7323325,4.0,-3.0,-86.0
1777891144.7423325,3.0,-2.0,-82.0
1777891144.7523324,4.0,0.0,-84.0
1777891144.7623324,-1.0,4.0,-83.0
1777891144.7723324,0.0,1.0,-75.0
1777891144.7823324,4.0,0.0,-69.0
1777891144.7923324,6.0,-1.0,-68.0
1777891144.8023324,5.0,-3.0,-67.0
1777891144.8123324,6.0,-7.0,-74.0
1777891144.8223324,3.0,-6.0,-72.0
1777891144.8323324,4.0,-6.0,-74.0
1777891144.8433323,5.0,-2.0,-75.0
1777891144.8523324,0.0,0.0,-78.0
1777891144.8623323,-2.0,-4.0,-76.0
1777891144.8723323,2.0,-2.0,-72.0
1777891144.8823323,2.0,-2.0,-76.0
1777891144.8923323,3.0,1.0,-74.0
1777891144.9023323,2.0,0.0,-73.0
1777891144.9123323,-3.0,-1.0,-82.0
1777891144.9223323,-7.0,2.0,-71.0
1777891144.9323325,-4.0,4.0,-78.0
1777891144.9423325,-4.0,3.0,-86.0
1777891144.9523325,-5.0,2.0,-84.0
1777891144.9623325,-8.0,1.0,-85.0
1777891144.9723325,-8.0,3.0,-77.0
1777891144.9823325,-9.0,-1.0,-80.0
1777891144.9923325,-9.0,-6.0,-73.0
1777891145.0023324,-4.0,-6.0,-70.0
1777891145.0123324,-5.0,-4.0,-68.0
1777891145.0223324,-8.0,-3.0,-71.0
1777891145.0323324,-8.0,-1.0,-70.0
1777891145.0423324,-4.0,-1.0,-74.0
1777891145.0523324,-4.0,-4.0,-75.0
1777891145.0623324,2.0,-4.0,-77.0
1777891145.0723324,7.0,-6.0,-80.0
1777891145.0823324,4.0,-8.0,-75.0
1777891145.0923324,2.0,-4.0,-69.0
1777891145.1023324,4.0,-1.0,-68.0
1777891145.1123323,1.0,0.0,-72.0
1777891145.1223323,-2.0,1.0,-67.0
1777891145.1323323,0.0,2.0,-73.0
1777891145.1423323,-1.0,0.0,-66.0
1777891145.1523323,6.0,-1.0,-67.0
1777891145.1623323,5.0,0.0,-66.0
1777891145.1723323,4.0,2.0,-71.0
1777891145.1823325,-1.0,0.0,-72.0
1777891145.1923325,-3.0,-3.0,-72.0
1777891145.2023325,0.0,-6.0,-71.0
1777891145.2123325,0.0,-3.0,-69.0
1777891145.2223325,-2.0,-2.0,-71.0
1777891145.2323325,-8.0,-1.0,-79.0
1777891145.2423325,-5.0,-2.0,-75.0
1777891145.2523324,-4.0,1.0,-73.0
1777891145.2623324,-3.0,-1.0,-83.0
1777891145.2723324,-4.0,0.0,-85.0
1777891145.2823324,1.0,-1.0,-83.0
1777891145.2923324,0.0,-2.0,-85.0
1777891145.3023324,1.0,-1.0,-85.0
1777891145.3123324,5.0,-3.0,-86.0
1777891145.3223324,7.0,-2.0,-82.0
1777891145.3323324,5.0,-4.0,-77.0
1777891145.3423324,4.0,-8.0,-79.0
1777891145.3523324,2.0,-10.0,-79.0
1777891145.3623323,0.0,-7.0,-83.0
1777891145.3723323,1.0,-4.0,-84.0
1777891145.3823323,4.0,0.0,-76.0
1777891145.3923323,3.0,1.0,-75.0
1777891145.4023323,4.0,0.0,-76.0
1777891145.4123323,5.0,0.0,-76.0
1777891145.4223323,3.0,0.0,-75.0
1777891145.4323325,5.0,-8.0,-70.0
1777891145.4423325,-1.0,-8.0,-69.0
1777891145.4523325,0.0,-7.0,-75.0
1777891145.4623325,0.0,-6.0,-77.0
1777891145.4723325,-2.0,-3.0,-77.0
1777891145.4823325,0.0,-3.0,-76.0
1777891145.4923325,0.0,0.0,-77.0
1777891145.5023324,4.0,-1.0,-81.0
1777891145.5123324,6.0,-5.0,-87.0
1777891145.5223324,2.0,-4.0,-81.0
1777891145.5323324,2.0,-3.0,-84.0
1777891145.5423324,-1.0,-2.0,-88.0
1777891145.5523324,2.0,-3.0,-85.0
1777891145.5623324,2.0,-7.0,-84.0
1777891145.5723324,4.0,-6.0,-77.0
1777891145.5823324,5.0,-2.0,-71.0
1777891145.5923324,4.0,0.0,-71.0
1777891145.6023324,4.0,3.0,-70.0
1777891145.6123323,7.0,1.0,-69.0
1777891145.6223323,8.0,0.0,-68.0
1777891145.6323323,7.0,1.0,-66.0
1777891145.6423323,6.0,1.0,-72.0
1777891145.6523323,5.0,3.0,-71.0
1777891145.6623323,-1.0,4.0,-70.0
1777891145.6723323,4.0,3.0,-71.0
1777891145.6823325,7.0,4.0,-70.0
1777891145.6923325,2.0,0.0,-71.0
1777891145.7023325,0.0,-4.0,-67.0
1777891145.7133324,0.0,-3.0,-75.0
1777891145.7233324,0.0,2.0,-80.0
1777891145.7333324,0.0,6.0,-74.0
1777891145.7433324,-2.0,6.0,-74.0
1777891145.7533324,1.0,1.0,-79.0
1777891145.7633324,1.0,1.0,-83.0
1777891145.7733324,-2.0,-1.0,-72.0
1777891145.7833323,0.0,1.0,-70.0
1777891145.7933323,-1.0,0.0,-75.0
1777891145.8033323,-4.0,-3.0,-76.0
1777891145.8133323,-3.0,-3.0,-82.0
1777891145.8233323,-5.0,-1.0,-83.0
1777891145.8333323,-4.0,-4.0,-81.0
1777891145.8433323,-3.0,-8.0,-77.0
1777891145.8533323,-1.0,-6.0,-74.0
1777891145.8633325,5.0,-6.0,-76.0
1777891145.8733325,3.0,-4.0,-72.0
1777891145.8833325,2.0,-3.0,-69.0
1777891145.8933325,-1.0,-6.0,-70.0
1777891145.9033325,-3.0,-3.0,-71.0
1777891145.9133325,0.0,0.0,-73.0
1777891145.9233325,0.0,1.0,-74.0
1777891145.9333324,-2.0,5.0,-75.0
1777891145.9433324,-5.0,4.0,-77.0
1777891145.9533324,-2.0,1.0,-79.0
1777891145.9633324,0.0,0.0,-80.0
1777891145.9733324,3.0,1.0,-78.0
1777891145.9833324,4.0,-1.0,-65.0
1777891145.9933324,1.0,-2.0,-60.0
1777891146.0033324,-4.0,-2.0,-56.0
1777891146.0133324,-2.0,-3.0,-67.0
1777891146.0233324,0.0,0.0,-68.0
1777891146.0333323,-1.0,0.0,-67.0
1777891146.0433323,-7.0,4.0,-64.0
1777891146.0533323,-7.0,0.0,-66.0
1777891146.0633323,-6.0,1.0,-69.0
1777891146.0733323,-7.0,1.0,-73.0
1777891146.0833323,-6.0,2.0,-73.0
1777891146.0933323,-8.0,1.0,-70.0
1777891146.1033323,-4.0,2.0,-73.0
1777891146.1133325,-3.0,5.0,-74.0
1777891146.1233325,-2.0,4.0,-78.0
1777891146.1333325,4.0,0.0,-73.0
1777891146.1433325,2.0,3.0,-68.0
1777891146.1533325,4.0,2.0,-73.0
1777891146.1633325,0.0,1.0,-76.0
1777891146.1733325,-1.0,1.0,-81.0
1777891146.1833324,3.0,-1.0,-75.0
1777891146.1933324,0.0,-2.0,-74.0
1777891146.2033324,0.0,-3.0,-79.0
1777891146.2133324,0.0,-2.0,-76.0
1777891146.2233324,1.0,0.0,-78.0
1777891146.2333324,1.0,1.0,-80.0
1777891146.2433324,5.0,-1.0,-77.0
1777891146.2533324,7.0,2.0,-73.0
1777891146.2633324,0.0,4.0,-76.0
1777891146.2733324,-1.0,7.0,-76.0
1777891146.2833323,-1.0,4.0,-70.0
1777891146.2933323,-1.0,0.0,-66.0
1777891146.3033323,-1.0,0.0,-71.0
1777891146.3133323,1.0,-3.0,-76.0
1777891146.3233323,-1.0,-3.0,-69.0
1777891146.3333323,-1.0,-4.0,-66.0
1777891146.3433323,1.0,-7.0,-72.0
1777891146.3533323,1.0,-9.0,-77.0
1777891146.3633325,0.0,-4.0,-73.0
1777891146.3733325,0.0,-1.0,-68.0
1777891146.3833325,0.0,0.0,-71.0
1777891146.3933325,3.0,0.0,-73.0
1777891146.4033325,4.0,-2.0,-78.0
1777891146.4133325,5.0,-1.0,-84.0
1777891146.4233325,4.0,2.0,-83.0
1777891146.4333324,0.0,5.0,-79.0
1777891146.4433324,2.0,4.0,-72.0
1777891146.4533324,1.0,3.0,-73.0
1777891146.4633324,3.0,6.0,-74.0
1777891146.4733324,2.0,5.0,-66.0
1777891146.4833324,2.0,5.0,-62.0
1777891146.4933324,3.0,6.0,-61.0
1777891146.5033324,0.0,2.0,-71.0
1777891146.5133324,2.0,-4.0,-75.0
1777891146.5233324,4.0,-5.0,-80.0
1777891146.5333323,5.0,-3.0,-71.0
1777891146.5433323,4.0,-5.0,-68.0
1777891146.5533323,3.0,-2.0,-75.0
1777891146.5633323,6.0,0.0,-79.0
1777891146.5733323,5.0,0.0,-80.0
1777891146.5833323,2.0,3.0,-83.0
1777891146.5933323,0.0,2.0,-84.0
1777891146.6033323,-1.0,4.0,-89.0
1777891146.6133325,0.0,4.0,-80.0
1777891146.6233325,3.0,0.0,-75.0
1777891146.6333325,3.0,0.0,-66.0
1777891146.6433325,1.0,-3.0,-64.0
1777891146.6533325,1.0,-3.0,-64.0
1777891146.6633325,0.0,0.0,-63.0
1777891146.6733325,0.0,-2.0,-59.0
1777891146.6833324,0.0,-2.0,-62.0
1777891146.6933324,0.0,-4.0,-61.0
1777891146.7033324,-5.0,-3.0,-61.0
1777891146.7133324,-5.0,-1.0,-63.0
1777891146.7233324,3.0,5.0,-66.0
1777891146.7333324,3.0,6.0,-65.0
1777891146.7433324,4.0,4.0,-69.0
1777891146.7533324,2.0,3.0,-73.0
1777891146.7633324,-2.0,5.0,-72.0
1777891146.7733324,-5.0,3.0,-65.0
1777891146.7833323,-3.0,1.0,-66.0
1777891146.7933323,0.0,-4.0,-68.0
1777891146.8033323,2.0,-5.0,-68.0
1777891146.8133323,6.0,-5.0,-67.0
1777891146.8233323,6.0,-2.0,-71.0
1777891146.8333323,7.0,0.0,-69.0
1777891146.8433323,10.0,3.0,-65.0
1777891146.8533323,8.0,1.0,-72.0
1777891146.8633325,6.0,1.0,-68.0
1777891146.8733325,3.0,2.0,-67.0
1777891146.8833325,5.0,0.0,-70.0
1777891146.8933325,6.0,-3.0,-76.0
1777891146.9033325,6.0,-2.0,-74.0
1777891146.9133325,1.0,0.0,-74.0
1777891146.9233325,0.0,-1.0,-71.0
1777891146.9333324,3.0,2.0,-72.0
1777891146.9433324,1.0,3.0,-71.0
1777891146.9533324,5.0,2.0,-65.0
1777891146.9633324,4.0,0.0,-66.0
1777891146.9733324,4.0,-3.0,-62.0
1777891146.9833324,3.0,1.0,-58.0
1777891146.9933324,5.0,2.0,-61.0
1777891147.0033324,8.0,-1.0,-61.0
1777891147.0133324,12.0,-1.0,-67.0
1777891147.0233324,7.0,-2.0,-73.0
1777891147.0333323,4.0,-1.0,-74.0
1777891147.0433323,-1.0,1.0,-83.0
1777891147.0533323,-1.0,1.0,-78.0
1777891147.0633323,-2.0,0.0,-73.0
1777891147.0733323,-1.0,0.0,-74.0
1777891147.0833323,-4.0,0.0,-71.0
1777891147.0933323,-3.0,2.0,-79.0
1777891147.1033323,-2.0,2.0,-84.0
1777891147.1133325,0.0,-2.0,-85.0
1777891147.1233325,-2.0,-2.0,-85.0
1777891147.1333325,0.0,-6.0,-87.0
1777891147.1433325,1.0,-4.0,-83.0
1777891147.1533325,0.0,-5.0,-76.0
1777891147.1633325,3.0,-3.0,-70.0
1777891147.1733325,8.0,-5.0,-72.0
1777891147.1833324,7.0,-2.0,-76.0
1777891147.1933324,7.0,0.0,-72.0
1777891147.2033324,4.0,5.0,-74.0
1777891147.2133324,3.0,1.0,-77.0
1777891147.2233324,1.0,3.0,-68.0
1777891147.2333324,1.0,1.0,-64.0
1777891147.2433324,0.0,2.0,-66.0
1777891147.2533324,0.0,-1.0,-72.0
1777891147.2633324,0.0,1.0,-65.0
1777891147.2733324,-1.0,1.0,-65.0
1777891147.2833323,-1.0,4.0,-66.0
1777891147.2933323,2.0,1.0,-69.0
1777891147.3033323,6.0,3.0,-69.0
1777891147.3133323,4.0,5.0,-60.0
1777891147.3233323,1.0,3.0,-61.0
1777891147.3333323,3.0,2.0,-59.0
1777891147.3433323,1.0,2.0,-61.0
1777891147.3533323,-1.0,3.0,-65.0
1777891147.3633325,-1.0,0.0,-72.0
1777891147.3733325,-2.0,-1.0,-70.0
1777891147.3833325,-8.0,-1.0,-68.0
1777891147.3933325,-6.0,2.0,-64.0
1777891147.4033325,-5.0,3.0,-62.0
1777891147.4133325,-2.0,0.0,-61.0
1777891147.4233325,1.0,-1.0,-60.0
1777891147.4333324,4.0,-1.0,-59.0
1777891147.4433324,3.0,-4.0,-57.0
1777891147.4533324,0.0,-5.0,-61.0
1777891147.4633324,3.0,-2.0,-57.0
1777891147.4733324,0.0,-3.0,-59.0
1777891147.4833324,0.0,-3.0,-58.0
1777891147.4933324,3.0,-4.0,-62.0
1777891147.5033324,7.0,-4.0,-65.0
1777891147.5133324,6.0,-7.0,-75.0
1777891147.5233324,4.0,-12.0,-72.0
1777891147.5333323,9.0,-6.0,-74.0
1777891147.5433323,7.0,-5.0,-74.0
1777891147.5533323,4.0,-5.0,-70.0
1777891147.5633323,4.0,-3.0,-73.0
1777891147.5733323,5.0,0.0,-70.0
1777891147.5833323,1.0,-5.0,-72.0
1777891147.5933323,-1.0,-2.0,-72.0
1777891147.6033323,-3.0,0.0,-75.0
1777891147.6133325,0.0,-2.0,-74.0
1777891147.6233325,-1.0,-1.0,-73.0
1777891147.6333325,-3.0,0.0,-70.0
1777891147.6433325,0.0,-3.0,-70.0
1777891147.6533325,2.0,-3.0,-75.0
1777891147.6633325,3.0,0.0,-75.0
1777891147.6733325,2.0,-1.0,-75.0
1777891147.6833324,4.0,-6.0,-74.0
1777891147.6933324,7.0,-6.0,-77.0
1777891147.7033324,1.0,-5.0,-76.0
1777891147.7133324,0.0,-1.0,-74.0
1777891147.7243323,-3.0,0.0,-74.0
1777891147.7343323,-3.0,0.0,-77.0
1777891147.7443323,0.0,-2.0,-76.0
1777891147.7543323,0.0,-3.0,-75.0
1777891147.7643323,-1.0,-2.0,-75.0
1777891147.7743323,-3.0,-2.0,-77.0
1777891147.7843325,0.0,-3.0,-72.0
1777891147.7943325,2.0,-5.0,-69.0
1777891147.8043325,7.0,-2.0,-68.0
1777891147.8143325,8.0,-2.0,-69.0
1777891147.8243325,9.0,1.0,-72.0
1777891147.8343325,6.0,0.0,-73.0
1777891147.8443325,6.0,1.0,-71.0
1777891147.8543324,0.0,-1.0,-69.0
1777891147.8643324,-4.0,-2.0,-71.0
1777891147.8743324,-3.0,0.0,-63.0
1777891147.8843324,-4.0,0.0,-67.0
1777891147.8943324,-1.0,0.0,-68.0
1777891147.9043324,-2.0,3.0,-69.0
1777891147.9143324,-4.0,0.0,-65.0
1777891147.9243324,-7.0,-3.0,-65.0
1777891147.9343324,-4.0,-3.0,-64.0
1777891147.9443324,-4.0,-2.0,-62.0
1777891147.9543324,-3.0,-4.0,-67.0
1777891147.9643323,-1.0,-4.0,-64.0
1777891147.9743323,2.0,-5.0,-63.0
1777891147.9843323,3.0,-4.0,-66.0
1777891147.9943323,0.0,0.0,-68.0
1777891148.0043323,-1.0,4.0,-69.0
1777891148.0143323,-1.0,5.0,-76.0
1777891148.0243323,-2.0,8.0,-72.0
1777891148.0343325,-2.0,5.0,-75.0
1777891148.0443325,4.0,2.0,-76.0
1777891148.0543325,5.0,-1.0,-75.0
1777891148.0643325,0.0,-4.0,-72.0
1777891148.0743325,0.0,-4.0,-72.0
1777891148.0843325,-1.0,0.0,-77.0
1777891148.0943325,0.0,-1.0,-77.0
1777891148.1043324,2.0,-2.0,-69.0
1777891148.1143324,3.0,3.0,-70.0
1777891148.1243324,0.0,2.0,-70.0
1777891148.1343324,0.0,5.0,-66.0
1777891148.1443324,-1.0,7.0,-65.0
1777891148.1543324,0.0,4.0,-67.0
1777891148.1643324,2.0,2.0,-66.0
1777891148.1743324,0.0,2.0,-65.0
1777891148.1843324,0.0,2.0,-59.0
1777891148.1943324,0.0,0.0,-61.0
1777891148.2043324,1.0,1.0,-57.0
1777891148.2143323,3.0,-6.0,-63.0
1777891148.2243323,8.0,-11.0,-65.0
1777891148.2343323,7.0,-11.0,-62.0
1777891148.2443323,9.0,-11.0,-65.0
1777891148.2543323,3.0,-6.0,-63.0
1777891148.2643323,2.0,-4.0,-68.0
1777891148.2743323,3.0,-4.0,-65.0
1777891148.2843325,5.0,-3.0,-67.0
1777891148.2943325,0.0,-5.0,-68.0
1777891148.3043325,0.0,-5.0,-64.0
1777891148.3143325,1.0,-3.0,-61.0
1777891148.3243325,2.0,-9.0,-65.0
1777891148.3343325,7.0,-10.0,-68.0
1777891148.3443325,4.0,-11.0,-72.0
1777891148.3543324,4.0,-6.0,-68.0
1777891148.3643324,1.0,-4.0,-75.0
1777891148.3743324,3.0,-4.0,-71.0
1777891148.3843324,7.0,-5.0,-74.0
1777891148.3943324,5.0,-10.0,-75.0
1777891148.4043324,0.0,-11.0,-83.0
1777891148.4143324,-1.0,-10.0,-72.0
1777891148.4243324,0.0,-7.0,-75.0
1777891148.4343324,0.0,-4.0,-81.0
1777891148.4443324,2.0,-3.0,-85.0
1777891148.4543324,0.0,-2.0,-81.0
1777891148.4643323,0.0,-1.0,-72.0
1777891148.4743323,2.0,1.0,-76.0
1777891148.4843323,1.0,2.0,-71.0
1777891148.4943323,0.0,3.0,-78.0
1777891148.5043323,1.0,2.0,-77.0
1777891148.5143323,6.0,-1.0,-79.0
1777891148.5243323,4.0,0.0,-80.0
1777891148.5343325,4.0,-2.0,-73.0
1777891148.5443325,7.0,-6.0,-77.0
1777891148.5543325,5.0,-1.0,-75.0
1777891148.5643325,4.0,1.0,-73.0
1777891148.5743325,6.0,0.0,-69.0
1777891148.5843325,7.0,0.0,-67.0
1777891148.5943325,6.0,0.0,-67.0
1777891148.6043324,4.0,-4.0,-72.0
1777891148.6143324,6.0,-1.0,-72.0
1777891148.6243324,4.0,0.0,-72.0
1777891148.6343324,4.0,1.0,-72.0
1777891148.6443324,5.0,4.0,-73.0
1777891148.6543324,6.0,-1.0,-75.0
1777891148.6643324,3.0,-1.0,-79.0
1777891148.6743324,5.0,2.0,-76.0
1777891148.6843324,2.0,1.0,-86.0
1777891148.6943324,-1.0,-2.0,-86.0
1777891148.7043324,-2.0,0.0,-80.0
1777891148.7143323,-2.0,2.0,-79.0
1777891148.7243323,-1.0,-4.0,-84.0
1777891148.7343323,1.0,-4.0,-84.0
1777891148.7443323,1.0,-2.0,-83.0
1777891148.7543323,5.0,0.0,-82.0
1777891148.7643323,5.0,-4.0,-82.0
1777891148.7743323,4.0,-6.0,-77.0
1777891148.7843325,3.0,-8.0,-75.0
1777891148.7943325,0.0,-8.0,-72.0
1777891148.8043325,-3.0,-9.0,-72.0
1777891148.8143325,-2.0,-2.0,-74.0
1777891148.8243325,-1.0,2.0,-77.0
1777891148.8343325,-1.0,2.0,-75.0
1777891148.8443325,-2.0,1.0,-72.0
1777891148.8543324,-3.0,-3.0,-73.0
1777891148.8643324,-1.0,-2.0,-76.0
1777891148.8743324,2.0,1.0,-73.0
1777891148.8843324,6.0,-1.0,-71.0
1777891148.8943324,7.0,-1.0,-67.0
1777891148.9043324,7.0,-2.0,-68.0
1777891148.9143324,2.0,0.0,-66.0
1777891148.9243324,3.0,2.0,-71.0
1777891148.9343324,2.0,4.0,-73.0
1777891148.9443324,2.0,2.0,-73.0
1777891148.9543324,5.0,-1.0,-75.0
1777891148.9643323,10.0,-3.0,-76.0
1777891148.9743323,7.0,-5.0,-70.0
1777891148.9843323,5.0,-1.0,-70.0
1777891148.9943323,0.0,0.0,-70.0
1777891149.0043323,-3.0,-1.0,-66.0
1777891149.0143323,-4.0,-1.0,-71.0
1777891149.0243323,-1.0,-2.0,-71.0
1777891149.0343325,0.0,-1.0,-71.0
1777891149.0443325,0.0,-4.0,-74.0
1777891149.0543325,3.0,-5.0,-76.0
1777891149.0643325,0.0,-7.0,-80.0
1777891149.0743325,-3.0,-6.0,-83.0
1777891149.0843325,1.0,-6.0,-82.0
1777891149.0943325,0.0,-4.0,-82.0
1777891149.1043324,-2.0,-3.0,-82.0
1777891149.1143324,-4.0,-4.0,-79.0
1777891149.1243324,2.0,0.0,-85.0
1777891149.1343324,3.0,-2.0,-81.0
1777891149.1443324,4.0,-4.0,-82.0
1777891149.1543324,3.0,-3.0,-82.0
1777891149.1643324,1.0,-2.0,-82.0
1777891149.1743324,0.0,-1.0,-86.0
1777891149.1843324,0.0,-6.0,-88.0
1777891149.1943324,0.0,-7.0,-87.0
1777891149.2043324,1.0,-3.0,-86.0
1777891149.2143323,0.0,0.0,-90.0
1777891149.2243323,-1.0,0.0,-90.0
1777891149.2343323,1.0,3.0,-84.0
1777891149.2443323,3.0,1.0,-80.0
1777891149.2543323,0.0,0.0,-77.0
1777891149.2643323,0.0,3.0,-80.0
1777891149.2743323,0.0,6.0,-81.0
1777891149.2843325,-1.0,1.0,-83.0
1777891149.2943325,-5.0,0.0,-82.0
1777891149.3043325,-9.0,1.0,-87.0
1777891149.3143325,-7.0,6.0,-85.0
1777891149.3243325,-4.0,3.0,-79.0
1777891149.3343325,-3.0,0.0,-80.0
1777891149.3443325,-3.0,0.0,-79.0
1777891149.3543324,-3.0,3.0,-70.0
1777891149.3643324,-4.0,0.0,-73.0
1777891149.3753324,-5.0,-1.0,-71.0
1777891149.3843324,-5.0,-1.0,-66.0
1777891149.3943324,-4.0,-5.0,-67.0
1777891149.4043324,-2.0,-7.0,-67.0
1777891149.4143324,0.0,-9.0,-69.0
1777891149.4243324,0.0,-9.0,-75.0
1777891149.4343324,0.0,-7.0,-70.0
1777891149.4443324,0.0,-7.0,-72.0
1777891149.4543324,-4.0,-7.0,-71.0
1777891149.4643323,-4.0,-8.0,-69.0
1777891149.4743323,-2.0,-5.0,-72.0
1777891149.4843323,-2.0,-1.0,-68.0
1777891149.4943323,-2.0,0.0,-67.0
1777891149.5043323,-3.0,0.0,-67.0
1777891149.5143323,-1.0,-2.0,-66.0
1777891149.5243323,2.0,-2.0,-65.0
1777891149.5343325,5.0,-3.0,-65.0
1777891149.5443325,8.0,-2.0,-60.0
1777891149.5543325,3.0,-4.0,-66.0
1777891149.5643325,0.0,-7.0,-72.0
1777891149.5743325,1.0,-8.0,-75.0
1777891149.5843325,1.0,-9.0,-75.0
1777891149.5943325,0.0,-6.0,-72.0
1777891149.6043324,1.0,-5.0,-68.0
1777891149.6143324,1.0,-8.0,-73.0
1777891149.6243324,5.0,-8.0,-73.0
1777891149.6343324,3.0,-7.0,-69.0
1777891149.6443324,4.0,-7.0,-77.0
1777891149.6543324,3.0,0.0,-73.0
1777891149.6643324,4.0,-2.0,-69.0
1777891149.6753323,3.0,-2.0,-69.0
1777891149.6843324,2.0,-4.0,-70.0
1777891149.6953323,3.0,-1.0,-74.0
1777891149.7053325,4.0,2.0,-67.0
1777891149.7153325,7.0,1.0,-62.0
1777891149.7253325,3.0,0.0,-65.0
1777891149.7353325,4.0,0.0,-63.0
1777891149.7453325,4.0,0.0,-64.0
1777891149.7553325,0.0,-3.0,-65.0
1777891149.7653325,2.0,-2.0,-72.0
1777891149.7753325,0.0,2.0,-74.0
1777891149.7853324,0.0,3.0,-77.0
1777891149.7953324,1.0,3.0,-78.0
1777891149.8053324,6.0,0.0,-78.0
1777891149.8153324,5.0,-1.0,-70.0
1777891149.8253324,1.0,-3.0,-64.0
1777891149.8353324,-1.0,-1.0,-66.0
1777891149.8453324,0.0,0.0,-68.0
1777891149.8553324,3.0,2.0,-74.0
1777891149.8653324,2.0,3.0,-75.0
1777891149.8753324,1.0,4.0,-68.0
1777891149.8853323,1.0,4.0,-69.0
1777891149.8953323,0.0,0.0,-70.0
1777891149.9053323,2.0,0.0,-68.0
1777891149.9153323,0.0,1.0,-73.0
1777891149.9253323,1.0,3.0,-72.0
1777891149.9353323,-3.0,6.0,-77.0
1777891149.9453323,-5.0,1.0,-73.0
1777891149.9553325,-4.0,-2.0,-72.0
1777891149.9653325,-7.0,3.0,-76.0
1777891149.9753325,-5.0,4.0,-74.0
1777891149.9853325,-5.0,4.0,-71.0
1777891149.9953325,-4.0,1.0,-74.0
1777891150.0053325,-4.0,-7.0,-77.0
1777891150.0153325,-4.0,-8.0,-69.0
1777891150.0253325,-4.0,-7.0,-66.0
1777891150.0353324,-3.0,-10.0,-66.0
1777891150.0453324,0.0,-8.0,-55.0
1777891150.0553324,2.0,-9.0,-53.0
1777891150.0653324,5.0,-2.0,-55.0
1777891150.0753324,2.0,-1.0,-65.0
1777891150.0853324,4.0,0.0,-68.0
1777891150.0953324,5.0,-2.0,-75.0
1777891150.1053324,2.0,-1.0,-75.0
1777891150.1153324,0.0,-2.0,-79.0
1777891150.1253324,2.0,-1.0,-78.0
1777891150.1353323,3.0,1.0,-80.0
1777891150.1453323,5.0,0.0,-78.0
1777891150.1553323,3.0,0.0,-76.0
1777891150.1653323,4.0,-3.0,-82.0
1777891150.1753323,2.0,-5.0,-76.0
1777891150.1853323,3.0,-1.0,-81.0
1777891150.1953323,3.0,4.0,-84.0
1777891150.2053325,6.0,3.0,-77.0
1777891150.2153325,4.0,0.0,-72.0
1777891150.2253325,5.0,-3.0,-63.0
1777891150.2353325,6.0,1.0,-61.0
1777891150.2453325,6.0,2.0,-65.0
1777891150.2553325,5.0,6.0,-70.0
1777891150.2653325,2.0,1.0,-64.0
1777891150.2753325,0.0,2.0,-67.0
1777891150.2853324,0.0,2.0,-69.0
1777891150.2953324,3.0,0.0,-70.0
1777891150.3053324,7.0,0.0,-65.0
1777891150.3153324,6.0,1.0,-62.0
1777891150.3253324,3.0,0.0,-63.0
1777891150.3353324,0.0,-1.0,-66.0
1777891150.3453324,-1.0,0.0,-69.0
1777891150.3553324,-6.0,-3.0,-73.0
1777891150.3653324,-7.0,-7.0,-73.0
1777891150.3753324,-9.0,-9.0,-68.0
1777891150.3853323,-10.0,-12.0,-64.0
1777891150.3953323,-7.0,-7.0,-70.0
1777891150.4053323,-2.0,-2.0,-75.0
1777891150.4153323,-2.0,1.0,-79.0
1777891150.4253323,-2.0,0.0,-80.0
1777891150.4353323,3.0,0.0,-79.0
1777891150.4453323,8.0,0.0,-75.0
1777891150.4553325,2.0,-2.0,-78.0
1777891150.4653325,1.0,-1.0,-73.0
1777891150.4753325,2.0,-4.0,-67.0
1777891150.4853325,0.0,-4.0,-67.0
1777891150.4953325,-5.0,-4.0,-65.0
1777891150.5053325,-1.0,-6.0,-69.0
1777891150.5153325,1.0,-3.0,-72.0
1777891150.5253325,2.0,-2.0,-74.0
1777891150.5353324,7.0,-3.0,-66.0
1777891150.5453324,9.0,-6.0,-69.0
1777891150.5553324,6.0,-5.0,-69.0
1777891150.5653324,4.0,-4.0,-69.0
1777891150.5753324,3.0,-5.0,-67.0
1777891150.5853324,0.0,-3.0,-61.0
1777891150.5953324,0.0,-2.0,-58.0
1777891150.6053324,-3.0,0.0,-58.0
1777891150.6153324,-4.0,2.0,-56.0
1777891150.6253324,-5.0,5.0,-57.0
1777891150.6353323,-8.0,2.0,-68.0
1777891150.6453323,-8.0,0.0,-70.0
1777891150.6553323,-9.0,0.0,-75.0
1777891150.6653323,-12.0,2.0,-78.0
1777891150.6753323,-8.0,0.0,-84.0
1777891150.6853323,-5.0,0.0,-84.0
1777891150.6953323,0.0,0.0,-80.0
1777891150.7053325,-5.0,-3.0,-73.0
1777891150.7153325,-4.0,0.0,-76.0
1777891150.7253325,-4.0,-1.0,-74.0
1777891150.7353325,0.0,1.0,-72.0
1777891150.7453325,0.0,0.0,-74.0
1777891150.7553325,2.0,-2.0,-68.0
1777891150.7653325,-3.0,-6.0,-73.0
1777891150.7753325,0.0,-9.0,-74.0
1777891150.7853324,-2.0,-7.0,-74.0
1777891150.7953324,-2.0,-4.0,-76.0
1777891150.8053324,0.0,-6.0,-70.0
1777891150.8153324,2.0,-8.0,-72.0
1777891150.8253324,-1.0,-5.0,-76.0
1777891150.8353324,0.0,-8.0,-76.0
1777891150.8453324,0.0,-5.0,-79.0
1777891150.8553324,0.0,-4.0,-77.0
1777891150.8653324,0.0,0.0,-74.0
1777891150.8753324,1.0,2.0,-71.0
1777891150.8853323,1.0,0.0,-70.0
1777891150.8953323,-3.0,-3.0,-69.0
1777891150.9053323,-8.0,-3.0,-75.0
1777891150.9153323,-8.0,0.0,-73.0
1777891150.9253323,-7.0,-1.0,-70.0
1777891150.9353323,-5.0,-1.0,-69.0
1777891150.9453323,-4.0,0.0,-65.0
1777891150.9553325,0.0,-2.0,-71.0
1777891150.9653325,3.0,-3.0,-75.0
1777891150.9753325,5.0,-2.0,-72.0
1777891150.9853325,3.0,-6.0,-66.0
1777891150.9953325,6.0,-2.0,-67.0
1777891151.0053325,2.0,5.0,-68.0
1777891151.0153325,7.0,7.0,-68.0
1777891151.0253325,5.0,6.0,-67.0
1777891151.0353324,0.0,4.0,-69.0
1777891151.0453324,3.0,3.0,-69.0
1777891151.0553324,7.0,0.0,-71.0
1777891151.0653324,7.0,-2.0,-69.0
1777891151.0753324,2.0,-3.0,-66.0
1777891151.0853324,2.0,0.0,-65.0
1777891151.0953324,0.0,0.0,-67.0
1777891151.1053324,0.0,1.0,-62.0
1777891151.1163323,0.0,1.0,-62.0
1777891151.1253324,-1.0,-1.0,-66.0
1777891151.1353323,0.0,3.0,-68.0
1777891151.1453323,0.0,0.0,-76.0
1777891151.1553323,0.0,-6.0,-71.0
1777891151.1653323,-3.0,-7.0,-68.0
1777891151.1753323,-3.0,0.0,-77.0
1777891151.1853323,0.0,3.0,-77.0
1777891151.1953323,-5.0,0.0,-82.0
1777891151.2053325,-5.0,3.0,-77.0
1777891151.2153325,-1.0,7.0,-80.0
1777891151.2253325,0.0,4.0,-75.0
1777891151.2353325,1.0,1.0,-72.0
1777891151.2453325,1.0,1.0,-72.0
1777891151.2553325,-3.0,0.0,-67.0
1777891151.2653325,-2.0,0.0,-67.0
1777891151.2753325,-3.0,-2.0,-69.0
1777891151.2853324,-2.0,0.0,-72.0
1777891151.2953324,-2.0,-1.0,-70.0
1777891151.3053324,0.0,2.0,-68.0
1777891151.3153324,3.0,0.0,-70.0
1777891151.3253324,5.0,-3.0,-78.0
1777891151.3353324,5.0,-4.0,-80.0
1777891151.3453324,2.0,-7.0,-81.0
1777891151.3553324,-1.0,-11.0,-82.0
1777891151.3653324,-1.0,-11.0,-81.0
1777891151.3753324,-5.0,-8.0,-84.0
1777891151.3853323,-7.0,-5.0,-85.0
1777891151.3953323,-3.0,-5.0,-82.0
1777891151.4053323,0.0,-6.0,-81.0
1777891151.4153323,-3.0,-4.0,-75.0
1777891151.4253323,0.0,-1.0,-70.0
1777891151.4353323,3.0,0.0,-71.0
1777891151.4453323,5.0,-3.0,-72.0
1777891151.4553325,6.0,-4.0,-76.0
1777891151.4653325,1.0,-4.0,-77.0
1777891151.4753325,3.0,-3.0,-74.0
1777891151.4853325,4.0,-3.0,-75.0
1777891151.4953325,6.0,-2.0,-72.0
1777891151.5053325,4.0,1.0,-72.0
1777891151.5153325,0.0,1.0,-72.0
1777891151.5253325,0.0,-1.0,-75.0
1777891151.5353324,-1.0,-1.0,-76.0
1777891151.5453324,-4.0,-2.0,-73.0
1777891151.5553324,-2.0,-5.0,-67.0
1777891151.5653324,0.0,-5.0,-62.0
1777891151.5753324,-2.0,-3.0,-62.0
1777891151.5853324,-5.0,-4.0,-65.0
1777891151.5953324,-5.0,-2.0,-65.0
1777891151.6053324,-6.0,-2.0,-63.0
1777891151.6153324,-4.0,1.0,-71.0
1777891151.6253324,-1.0,-3.0,-71.0
1777891151.6353323,-4.0,-5.0,-71.0
1777891151.6453323,-7.0,-2.0,-63.0
1777891151.6553323,-3.0,-2.0,-62.0
1777891151.6653323,5.0,0.0,-60.0
1777891151.6753323,10.0,0.0,-68.0
1777891151.6853323,9.0,4.0,-72.0
1777891151.6963325,6.0,1.0,-70.0
1777891151.7063324,5.0,-2.0,-72.0
1777891151.7163324,7.0,-4.0,-76.0
1777891151.7263324,6.0,-5.0,-75.0
1777891151.7363324,3.0,-3.0,-77.0
1777891151.7463324,-1.0,0.0,-76.0
1777891151.7563324,0.0,0.0,-72.0
1777891151.7663324,-1.0,0.0,-73.0
1777891151.7763324,0.0,-2.0,-73.0
1777891151.7863324,5.0,0.0,-75.0
1777891151.7963324,3.0,0.0,-72.0
1777891151.8063323,3.0,0.0,-74.0
1777891151.8163323,4.0,0.0,-80.0
1777891151.8263323,8.0,0.0,-80.0
1777891151.8363323,8.0,0.0,-76.0
1777891151.8463323,5.0,4.0,-75.0
1777891151.8563323,6.0,4.0,-79.0
1777891151.8663323,1.0,0.0,-73.0
1777891151.8763323,2.0,1.0,-70.0
1777891151.8863325,2.0,0.0,-73.0
1777891151.8963325,-4.0,-1.0,-78.0
1777891151.9063325,-2.0,0.0,-78.0
1777891151.9173324,2.0,0.0,-83.0
1777891151.9263325,-3.0,-2.0,-77.0
1777891151.9363325,-1.0,-3.0,-77.0
1777891151.9463325,0.0,-3.0,-77.0
1777891151.9563324,5.0,-3.0,-74.0
1777891151.9663324,1.0,-4.0,-81.0
1777891151.9763324,2.0,-5.0,-76.0
1777891151.9863324,1.0,-3.0,-72.0
1777891151.9963324,4.0,-3.0,-72.0
1777891152.0063324,8.0,-7.0,-70.0
1777891152.0163324,10.0,-5.0,-63.0
1777891152.0263324,7.0,0.0,-70.0
1777891152.0363324,0.0,2.0,-69.0
1777891152.0463324,0.0,2.0,-69.0
1777891152.0563323,6.0,1.0,-69.0
1777891152.0663323,1.0,0.0,-70.0
1777891152.0763323,2.0,-1.0,-73.0
1777891152.0863323,-1.0,-2.0,-76.0
1777891152.0963323,-2.0,-3.0,-67.0
1777891152.1063323,-1.0,0.0,-66.0
1777891152.1163323,4.0,-1.0,-69.0
1777891152.1263323,3.0,-2.0,-61.0
1777891152.1363325,6.0,-1.0,-66.0
1777891152.1463325,4.0,0.0,-69.0
1777891152.1563325,2.0,1.0,-71.0
1777891152.1663325,2.0,2.0,-75.0
1777891152.1763325,6.0,-1.0,-82.0
1777891152.1863325,4.0,0.0,-80.0
1777891152.1963325,2.0,0.0,-71.0
1777891152.2063324,-1.0,1.0,-68.0
1777891152.2163324,-1.0,4.0,-68.0
1777891152.2263324,0.0,6.0,-69.0
1777891152.2363324,0.0,8.0,-73.0
1777891152.2463324,-1.0,6.0,-75.0
1777891152.2563324,0.0,7.0,-72.0
1777891152.2663324,0.0,6.0,-80.0
1777891152.2763324,3.0,9.0,-82.0
1777891152.2863324,5.0,9.0,-76.0
1777891152.2963324,4.0,5.0,-66.0
1777891152.3063323,4.0,8.0,-62.0
1777891152.3163323,5.0,6.0,-66.0
1777891152.3263323,4.0,0.0,-74.0
1777891152.3363323,1.0,1.0,-74.0
1777891152.3463323,0.0,5.0,-76.0
1777891152.3563323,3.0,2.0,-75.0
1777891152.3663323,2.0,1.0,-79.0
1777891152.3763323,0.0,2.0,-78.0
1777891152.3863325,1.0,0.0,-79.0
1777891152.3963325,0.0,-1.0,-77.0
1777891152.4063325,-7.0,0.0,-75.0
1777891152.4163325,-3.0,-1.0,-76.0
1777891152.4263325,-1.0,0.0,-72.0
1777891152.4363325,0.0,-1.0,-65.0
1777891152.4463325,0.0,-2.0,-70.0
1777891152.4563324,4.0,-5.0,-79.0
1777891152.4663324,6.0,-7.0,-75.0
1777891152.4763324,3.0,-5.0,-75.0
1777891152.4863324,-4.0,-2.0,-72.0
1777891152.4963324,-1.0,1.0,-71.0
1777891152.5063324,2.0,3.0,-71.0
1777891152.5163324,3.0,0.0,-70.0
1777891152.5263324,3.0,0.0,-74.0
1777891152.5363324,0.0,-4.0,-78.0
1777891152.5463324,5.0,-7.0,-82.0
1777891152.5563323,5.0,-7.0,-76.0
1777891152.5663323,4.0,-4.0,-80.0
1777891152.5763323,7.0,-1.0,-85.0
1777891152.5863323,2.0,-4.0,-89.0
1777891152.5963323,3.0,-3.0,-86.0
1777891152.6063323,6.0,-7.0,-84.0
1777891152.6163323,5.0,-6.0,-77.0
1777891152.6263323,3.0,-3.0,-86.0
1777891152.6363325,3.0,-2.0,-87.0
1777891152.6463325,2.0,1.0,-83.0
1777891152.6563325,0.0,-2.0,-76.0
1777891152.6663325,0.0,-1.0,-72.0
1777891152.6763325,2.0,-2.0,-72.0
1777891152.6863325,0.0,-2.0,-74.0
1777891152.6963325,1.0,-1.0,-77.0
1777891152.7063324,1.0,-2.0,-75.0
1777891152.7163324,-4.0,-3.0,-72.0
1777891152.7263324,0.0,-2.0,-79.0
1777891152.7363324,2.0,0.0,-75.0
1777891152.7463324,1.0,1.0,-75.0
1777891152.7563324,-2.0,5.0,-72.0
1777891152.7663324,-3.0,4.0,-71.0
1777891152.7763324,0.0,5.0,-72.0
1777891152.7863324,4.0,5.0,-71.0
1777891152.7963324,7.0,6.0,-71.0
1777891152.8063323,5.0,0.0,-67.0
1777891152.8163323,4.0,1.0,-71.0
1777891152.8263323,7.0,2.0,-76.0
1777891152.8363323,8.0,0.0,-73.0
1777891152.8463323,5.0,-3.0,-72.0
1777891152.8563323,1.0,-7.0,-69.0
1777891152.8663323,-6.0,-8.0,-68.0
1777891152.8763323,0.0,-5.0,-65.0
1777891152.8863325,2.0,-3.0,-64.0
1777891152.8963325,1.0,-3.0,-65.0
1777891152.9063325,0.0,-4.0,-71.0
1777891152.9163325,2.0,0.0,-78.0
1777891152.9263325,0.0,-1.0,-83.0
1777891152.9363325,0.0,0.0,-88.0
1777891152.9463325,1.0,1.0,-81.0
1777891152.9563324,0.0,1.0,-80.0
1777891152.9663324,-5.0,-1.0,-75.0
1777891152.9763324,-4.0,1.0,-78.0
1777891152.9863324,0.0,0.0,-74.0
1777891152.9963324,0.0,0.0,-71.0
1777891153.0063324,2.0,3.0,-73.0
1777891153.0163324,4.0,-1.0,-80.0
1777891153.0263324,5.0,-2.0,-82.0
1777891153.0363324,6.0,-2.0,-83.0
1777891153.0463324,3.0,-2.0,-81.0
1777891153.0563323,0.0,-1.0,-83.0
1777891153.0663323,-1.0,1.0,-80.0
1777891153.0763323,-1.0,2.0,-76.0
1777891153.0863323,-2.0,0.0,-79.0
1777891153.0963323,3.0,0.0,-80.0
1777891153.1063323,0.0,0.0,-75.0
1777891153.1163323,0.0,-1.0,-71.0
1777891153.1263323,0.0,2.0,-74.0
1777891153.1363325,0.0,0.0,-74.0
1777891153.1463325,3.0,0.0,-73.0
1777891153.1563325,1.0,0.0,-73.0
1777891153.1663325,0.0,1.0,-72.0
1777891153.1763325,0.0,3.0,-80.0
1777891153.1863325,0.0,4.0,-84.0
1777891153.1963325,-1.0,3.0,-78.0
1777891153.2063324,-2.0,0.0,-74.0
1777891153.2163324,-3.0,0.0,-69.0
1777891153.2263324,0.0,-1.0,-73.0
1777891153.2363324,0.0,-2.0,-80.0
1777891153.2463324,-3.0,-3.0,-78.0
1777891153.2563324,0.0,-1.0,-75.0
1777891153.2663324,-1.0,0.0,-70.0
1777891153.2763324,0.0,-2.0,-66.0
1777891153.2863324,1.0,1.0,-74.0
1777891153.2963324,3.0,1.0,-75.0
1777891153.3063323,7.0,0.0,-77.0
1777891153.3163323,6.0,-3.0,-85.0
1777891153.3263323,0.0,0.0,-88.0
1777891153.3363323,2.0,1.0,-84.0
1777891153.3463323,-4.0,0.0,-81.0
1777891153.3563323,-5.0,0.0,-82.0
1777891153.3663323,-2.0,2.0,-78.0
1777891153.3763323,-5.0,1.0,-74.0
1777891153.3863325,-1.0,1.0,-71.0
1777891153.3963325,-3.0,3.0,-70.0
1777891153.4063325,0.0,3.0,-71.0
1777891153.4163325,-1.0,6.0,-72.0
1777891153.4263325,-1.0,5.0,-72.0
1777891153.4363325,0.0,2.0,-68.0
1777891153.4463325,0.0,2.0,-70.0
1777891153.4563324,3.0,0.0,-69.0
1777891153.4663324,3.0,0.0,-74.0
1777891153.4763324,6.0,-3.0,-75.0
1777891153.4863324,9.0,-1.0,-72.0
1777891153.4963324,8.0,-4.0,-77.0
1777891153.5063324,5.0,-1.0,-76.0
1777891153.5163324,2.0,0.0,-75.0
1777891153.5263324,2.0,2.0,-78.0
1777891153.5363324,2.0,2.0,-82.0
1777891153.5463324,0.0,5.0,-79.0
1777891153.5563323,1.0,0.0,-79.0
1777891153.5663323,0.0,0.0,-76.0
1777891153.5763323,2.0,2.0,-74.0
1777891153.5863323,5.0,2.0,-72.0
1777891153.5963323,3.0,1.0,-76.0
1777891153.6063323,5.0,-1.0,-72.0
1777891153.6163323,7.0,-3.0,-69.0
1777891153.6263323,5.0,-3.0,-68.0
1777891153.6373324,3.0,-7.0,-66.0
1777891153.6463325,0.0,-7.0,-69.0
1777891153.6563325,1.0,-6.0,-72.0
1777891153.6663325,5.0,-9.0,-78.0
1777891153.6773324,0.0,-10.0,-75.0
1777891153.6873324,0.0,-10.0,-78.0
1777891153.6973324,1.0,-6.0,-78.0
1777891153.7073324,0.0,-5.0,-78.0
1777891153.7173324,0.0,-6.0,-70.0
1777891153.7273324,0.0,-4.0,-71.0
1777891153.7373323,3.0,-1.0,-72.0
1777891153.7473323,3.0,-1.0,-76.0
1777891153.7573323,3.0,-2.0,-80.0
1777891153.7673323,2.0,0.0,-82.0
1777891153.7773323,1.0,1.0,-75.0
1777891153.7873323,-2.0,3.0,-74.0
1777891153.7973323,0.0,3.0,-72.0
1777891153.8073325,4.0,6.0,-75.0
1777891153.8173325,0.0,5.0,-73.0
1777891153.8273325,2.0,6.0,-69.0
1777891153.8373325,1.0,8.0,-68.0
1777891153.8473325,-2.0,7.0,-74.0
1777891153.8573325,0.0,6.0,-62.0
1777891153.8673325,0.0,6.0,-63.0
1777891153.8773324,0.0,6.0,-68.0
1777891153.8873324,-2.0,1.0,-70.0
1777891153.8973324,-2.0,0.0,-76.0
1777891153.9073324,2.0,2.0,-77.0
1777891153.9173324,4.0,0.0,-81.0
1777891153.9273324,8.0,0.0,-80.0
1777891153.9373324,2.0,1.0,-83.0
1777891153.9473324,0.0,3.0,-84.0
1777891153.9573324,-1.0,2.0,-83.0
1777891153.9673324,0.0,0.0,-82.0
1777891153.9773324,1.0,-4.0,-72.0
1777891153.9873323,0.0,-6.0,-68.0
1777891153.9973323,3.0,0.0,-68.0
1777891154.0073323,6.0,-5.0,-70.0
1777891154.0173323,8.0,-6.0,-68.0
1777891154.0273323,3.0,-7.0,-65.0
1777891154.0373323,3.0,-4.0,-68.0
1777891154.0473323,5.0,-7.0,-67.0
1777891154.0573325,0.0,-8.0,-65.0
1777891154.0673325,-1.0,-3.0,-71.0
1777891154.0773325,0.0,-4.0,-74.0
1777891154.0873325,0.0,-2.0,-80.0
1777891154.0973325,0.0,-4.0,-79.0
1777891154.1073325,1.0,-3.0,-75.0
1777891154.1173325,-2.0,-1.0,-70.0
1777891154.1273324,-4.0,-2.0,-66.0
1777891154.1373324,-2.0,-7.0,-65.0
1777891154.1473324,-1.0,-6.0,-70.0
1777891154.1573324,0.0,-3.0,-73.0
1777891154.1673324,1.0,-2.0,-76.0
1777891154.1773324,1.0,1.0,-81.0
1777891154.1883323,0.0,3.0,-74.0
1777891154.1973324,5.0,1.0,-82.0
1777891154.2073324,4.0,0.0,-87.0
1777891154.2173324,6.0,0.0,-79.0
1777891154.2273324,0.0,-5.0,-78.0
1777891154.2373323,-5.0,-7.0,-74.0
1777891154.2473323,-4.0,-7.0,-66.0
1777891154.2573323,-2.0,-3.0,-63.0
1777891154.2673323,0.0,0.0,-67.0
1777891154.2773323,4.0,0.0,-69.0
1777891154.2873323,6.0,-5.0,-70.0
1777891154.2973323,7.0,-5.0,-64.0
1777891154.3073325,5.0,-1.0,-66.0
1777891154.3173325,3.0,-2.0,-67.0
1777891154.3273325,1.0,-2.0,-71.0
1777891154.3373325,4.0,-1.0,-77.0
1777891154.3473325,6.0,0.0,-74.0
1777891154.3573325,4.0,0.0,-78.0
1777891154.3673325,2.0,0.0,-82.0
1777891154.3773324,2.0,0.0,-71.0
1777891154.3873324,2.0,2.0,-73.0
1777891154.3973324,2.0,2.0,-68.0
1777891154.4073324,0.0,0.0,-73.0
1777891154.4173324,0.0,-1.0,-73.0
1777891154.4273324,2.0,-1.0,-75.0
1777891154.4373324,3.0,0.0,-70.0
1777891154.4473324,0.0,-1.0,-73.0
1777891154.4573324,-4.0,0.0,-76.0
1777891154.4673324,-6.0,-1.0,-74.0
1777891154.4773324,-3.0,-3.0,-76.0
1777891154.4873323,-3.0,-3.0,-75.0
1777891154.4973323,-5.0,-3.0,-75.0
1777891154.5073323,-1.0,-3.0,-79.0
1777891154.5173323,-3.0,0.0,-89.0
1777891154.5273323,-5.0,-2.0,-80.0
1777891154.5373323,-4.0,-2.0,-77.0
1777891154.5473323,-1.0,-2.0,-74.0
1777891154.5573325,3.0,-2.0,-70.0
1777891154.5673325,2.0,-3.0,-69.0
1777891154.5773325,0.0,-5.0,-68.0
1777891154.5873325,1.0,-6.0,-68.0
1777891154.5973325,-1.0,-8.0,-73.0
1777891154.6073325,-4.0,-3.0,-78.0
1777891154.6173325,-5.0,0.0,-74.0
1777891154.6273324,-8.0,1.0,-73.0
1777891154.6373324,-1.0,-1.0,-72.0
1777891154.6473324,-3.0,-4.0,-71.0
1777891154.6573324,0.0,-5.0,-74.0
1777891154.6673324,-1.0,-1.0,-73.0
1777891154.6773324,-3.0,-3.0,-78.0
1777891154.6873324,-2.0,-6.0,-75.0
1777891154.6973324,0.0,-5.0,-74.0
1777891154.7073324,1.0,-6.0,-70.0
1777891154.7173324,2.0,-8.0,-69.0
1777891154.7273324,1.0,-8.0,-64.0
1777891154.7373323,0.0,-4.0,-64.0
1777891154.7473323,0.0,0.0,-68.0
1777891154.7573323,1.0,4.0,-66.0
1777891154.7673323,2.0,5.0,-71.0
1777891154.7773323,3.0,3.0,-74.0
1777891154.7873323,6.0,0.0,-72.0
1777891154.7973323,5.0,-1.0,-78.0
1777891154.8073325,7.0,0.0,-76.0
1777891154.8173325,8.0,-2.0,-74.0
1777891154.8273325,7.0,-3.0,-79.0
1777891154.8373325,6.0,-1.0,-71.0
1777891154.8473325,6.0,-3.0,-78.0
1777891154.8573325,5.0,-3.0,-78.0
1777891154.8673325,0.0,-5.0,-75.0
1777891154.8773324,1.0,-6.0,-78.0
1777891154.8873324,0.0,-6.0,-73.0
1777891154.8973324,0.0,-6.0,-73.0
1777891154.9073324,0.0,-7.0,-72.0
1777891154.9173324,-3.0,-6.0,-72.0
1777891154.9273324,0.0,-4.0,-77.0
1777891154.9373324,2.0,-4.0,-77.0
1777891154.9473324,1.0,-2.0,-76.0
1777891154.9573324,1.0,-3.0,-77.0
1777891154.9673324,1.0,-2.0,-72.0
1777891154.9773324,-2.0,-9.0,-67.0
1777891154.9873323,0.0,-11.0,-66.0
1777891154.9973323,1.0,-9.0,-63.0
1777891155.0073323,2.0,-8.0,-63.0
1777891155.0173323,1.0,-9.0,-63.0
1777891155.0273323,-1.0,-9.0,-66.0
1777891155.0373323,-1.0,-8.0,-65.0
1777891155.0473323,-2.0,-6.0,-74.0
1777891155.0573325,-1.0,-3.0,-77.0
1777891155.0673325,0.0,0.0,-74.0
1777891155.0773325,4.0,1.0,-71.0
1777891155.0873325,6.0,2.0,-75.0
1777891155.0973325,3.0,3.0,-73.0
1777891155.1073325,1.0,1.0,-68.0
1777891155.1173325,-1.0,0.0,-65.0
1777891155.1273324,-5.0,0.0,-59.0
1777891155.1373324,-5.0,-2.0,-59.0
1777891155.1473324,-9.0,-2.0,-59.0
1777891155.1573324,-6.0,-1.0,-64.0
1777891155.1673324,-1.0,-4.0,-72.0
1777891155.1773324,-2.0,-3.0,-69.0
1777891155.1873324,-6.0,-4.0,-65.0
1777891155.1973324,-5.0,-2.0,-68.0
1777891155.2073324,-4.0,-2.0,-73.0
1777891155.2173324,-4.0,-1.0,-79.0
1777891155.2273324,-2.0,-6.0,-72.0
1777891155.2373323,-4.0,-4.0,-68.0
1777891155.2473323,-6.0,-1.0,-72.0
1777891155.2573323,-2.0,-5.0,-74.0
1777891155.2673323,0.0,-10.0,-73.0
1777891155.2773323,-1.0,-10.0,-71.0
1777891155.2873323,-2.0,-7.0,-68.0
1777891155.2973323,-1.0,-3.0,-76.0
1777891155.3073325,4.0,0.0,-80.0
1777891155.3173325,3.0,0.0,-86.0
1777891155.3273325,3.0,-1.0,-86.0
1777891155.3373325,3.0,-1.0,-84.0
1777891155.3473325,4.0,0.0,-80.0
1777891155.3573325,4.0,0.0,-84.0
1777891155.3673325,1.0,0.0,-78.0
1777891155.3773324,-1.0,-5.0,-81.0
1777891155.3873324,0.0,-2.0,-77.0
1777891155.3973324,3.0,-3.0,-74.0
1777891155.4073324,3.0,-2.0,-70.0
1777891155.4173324,5.0,-2.0,-68.0
1777891155.4273324,7.0,2.0,-67.0
1777891155.4373324,10.0,5.0,-65.0
1777891155.4473324,6.0,7.0,-66.0
1777891155.4573324,4.0,2.0,-68.0
1777891155.4673324,6.0,1.0,-62.0
1777891155.4773324,6.0,1.0,-61.0
1777891155.4873323,5.0,0.0,-66.0
1777891155.4973323,8.0,-2.0,-67.0
1777891155.5073323,5.0,-1.0,-66.0
1777891155.5173323,0.0,-1.0,-68.0
1777891155.5273323,2.0,0.0,-73.0
1777891155.5373323,3.0,0.0,-68.0
1777891155.5473323,2.0,-1.0,-64.0
1777891155.5573325,-3.0,0.0,-64.0
1777891155.5673325,-3.0,-2.0,-67.0
1777891155.5773325,0.0,-3.0,-65.0
1777891155.5873325,0.0,1.0,-71.0
1777891155.5973325,3.0,0.0,-82.0
1777891155.6073325,2.0,2.0,-80.0
1777891155.6173325,-1.0,2.0,-82.0
1777891155.6273324,2.0,3.0,-84.0
1777891155.6373324,2.0,0.0,-82.0
1777891155.6473324,0.0,0.0,-75.0
1777891155.6583323,-2.0,2.0,-74.0
1777891155.6683323,-2.0,4.0,-73.0
1777891155.6783323,-4.0,2.0,-77.0
1777891155.6883323,-5.0,-2.0,-77.0
1777891155.6983323,-3.0,-1.0,-74.0
1777891155.7083323,-3.0,-4.0,-78.0
1777891155.7183323,-3.0,-3.0,-77.0
1777891155.7283323,-2.0,-4.0,-75.0
1777891155.7383325,-1.0,-2.0,-78.0
1777891155.7483325,3.0,-2.0,-78.0
1777891155.7583325,6.0,-7.0,-72.0
1777891155.7683325,2.0,-7.0,-70.0
1777891155.7783325,5.0,-8.0,-71.0
1777891155.7883325,2.0,-9.0,-70.0
1777891155.7983325,5.0,-7.0,-71.0
1777891155.8083324,0.0,-5.0,-77.0
1777891155.8183324,0.0,-2.0,-73.0
1777891155.8283324,2.0,0.0,-71.0
1777891155.8383324,-4.0,4.0,-64.0
1777891155.8483324,-4.0,1.0,-71.0
1777891155.8583324,-3.0,0.0,-73.0
1777891155.8683324,-5.0,1.0,-71.0
1777891155.8783324,-7.0,2.0,-68.0
1777891155.8883324,-5.0,4.0,-71.0
1777891155.8983324,-1.0,3.0,-72.0
1777891155.9083323,-5.0,3.0,-72.0
1777891155.9183323,-4.0,0.0,-68.0
1777891155.9283323,-2.0,-1.0,-72.0
1777891155.9383323,-3.0,1.0,-79.0
1777891155.9483323,-1.0,-1.0,-74.0
1777891155.9583323,-3.0,2.0,-75.0
1777891155.9683323,-1.0,1.0,-73.0
1777891155.9783323,-1.0,0.0,-79.0
1777891155.9883325,0.0,0.0,-79.0
1777891155.9973323,-1.0,1.0,-76.0
1777891156.0083325,-3.0,-4.0,-78.0
1777891156.0183325,0.0,-8.0,-87.0
1777891156.0283325,1.0,-9.0,-89.0
1777891156.0383325,4.0,-6.0,-86.0
1777891156.0483325,4.0,-5.0,-76.0
1777891156.0583324,5.0,-3.0,-70.0
1777891156.0683324,8.0,-3.0,-73.0
1777891156.0783324,5.0,-1.0,-66.0
1777891156.0883324,7.0,0.0,-71.0
1777891156.0983324,7.0,0.0,-63.0
1777891156.1083324,4.0,-1.0,-66.0
1777891156.1183324,7.0,0.0,-73.0
1777891156.1283324,5.0,2.0,-75.0
1777891156.1383324,3.0,1.0,-79.0
1777891156.1483324,0.0,0.0,-76.0
1777891156.1583323,0.0,0.0,-71.0
1777891156.1683323,1.0,0.0,-70.0
1777891156.1783323,3.0,-3.0,-71.0
1777891156.1883323,0.0,-2.0,-77.0
1777891156.1983323,-1.0,0.0,-76.0
1777891156.2083323,0.0,1.0,-74.0
1777891156.2183323,2.0,1.0,-78.0
1777891156.2283323,0.0,0.0,-80.0
1777891156.2383325,3.0,0.0,-81.0
1777891156.2483325,0.0,1.0,-78.0
1777891156.2583325,0.0,0.0,-82.0
1777891156.2683325,-4.0,2.0,-80.0
1777891156.2783325,0.0,0.0,-78.0
1777891156.2883325,3.0,3.0,-78.0
1777891156.2983325,2.0,5.0,-79.0
1777891156.3083324,1.0,2.0,-82.0
1777891156.3183324,5.0,0.0,-78.0
1777891156.3283324,6.0,-4.0,-71.0
1777891156.3383324,4.0,-3.0,-75.0
1777891156.3483324,4.0,-1.0,-81.0
1777891156.3583324,5.0,0.0,-81.0
1777891156.3683324,5.0,0.0,-78.0
1777891156.3783324,11.0,3.0,-81.0
1777891156.3883324,10.0,3.0,-81.0
1777891156.3983324,11.0,4.0,-84.0
1777891156.4083323,10.0,1.0,-81.0
1777891156.4183323,8.0,0.0,-75.0
1777891156.4283323,6.0,3.0,-76.0
1777891156.4383323,2.0,5.0,-81.0
1777891156.4483323,2.0,1.0,-76.0
1777891156.4583323,0.0,-4.0,-73.0
1777891156.4683323,-4.0,-5.0,-72.0
1777891156.4783323,-2.0,-6.0,-76.0
1777891156.4883325,1.0,-8.0,-75.0
1777891156.4983325,1.0,-5.0,-72.0
1777891156.5083325,0.0,-4.0,-70.0
1777891156.5183325,0.0,-2.0,-72.0
1777891156.5283325,-1.0,1.0,-66.0
1777891156.5383325,1.0,0.0,-65.0
1777891156.5483325,1.0,-1.0,-67.0
1777891156.5583324,3.0,1.0,-63.0
1777891156.5683324,6.0,4.0,-57.0
1777891156.5783324,8.0,10.0,-61.0
1777891156.5883324,9.0,11.0,-61.0
1777891156.5983324,8.0,11.0,-67.0
1777891156.6083324,4.0,5.0,-63.0
1777891156.6183324,4.0,1.0,-62.0
1777891156.6283324,2.0,3.0,-68.0
1777891156.6383324,8.0,2.0,-68.0
1777891156.6483324,8.0,0.0,-64.0
1777891156.6583323,4.0,1.0,-67.0
1777891156.6683323,0.0,3.0,-67.0
1777891156.6783323,1.0,-1.0,-73.0
1777891156.6883323,-4.0,-5.0,-74.0
1777891156.6983323,-4.0,-6.0,-73.0
1777891156.7083323,-4.0,-4.0,-78.0
1777891156.7183323,-1.0,-3.0,-71.0
1777891156.7283323,0.0,-2.0,-65.0
1777891156.7383325,6.0,0.0,-68.0
1777891156.7483325,9.0,-1.0,-66.0
1777891156.7583325,8.0,-1.0,-64.0
1777891156.7683325,7.0,-1.0,-60.0
1777891156.7783325,3.0,3.0,-64.0
1777891156.7883325,0.0,-2.0,-63.0
1777891156.7983325,2.0,-5.0,-65.0
1777891156.8083324,6.0,-6.0,-63.0
1777891156.8183324,0.0,-3.0,-60.0
1777891156.8283324,0.0,-5.0,-65.0
1777891156.8383324,0.0,-6.0,-66.0
1777891156.8483324,0.0,-7.0,-66.0
1777891156.8583324,4.0,-6.0,-65.0
1777891156.8683324,7.0,-4.0,-70.0
1777891156.8783324,5.0,-1.0,-76.0
1777891156.8883324,9.0,0.0,-81.0
1777891156.8983324,10.0,3.0,-84.0
1777891156.9083323,6.0,3.0,-82.0
1777891156.9183323,1.0,0.0,-81.0
1777891156.9283323,0.0,1.0,-76.0
1777891156.9383323,-2.0,2.0,-76.0
1777891156.9483323,-3.0,-1.0,-78.0
1777891156.9583323,-1.0,-3.0,-72.0
1777891156.9683323,0.0,-3.0,-71.0
1777891156.9783323,5.0,-1.0,-73.0
1777891156.9883325,4.0,-3.0,-72.0
1777891156.9983325,2.0,-3.0,-69.0
1777891157.0083325,3.0,0.0,-74.0
1777891157.0183325,3.0,1.0,-74.0
1777891157.0283325,3.0,5.0,-77.0
1777891157.0383325,2.0,7.0,-74.0
1777891157.0483325,4.0,4.0,-73.0
1777891157.0583324,7.0,5.0,-67.0
1777891157.0683324,5.0,5.0,-72.0
1777891157.0783324,2.0,0.0,-70.0
1777891157.0883324,2.0,0.0,-66.0
1777891157.0983324,2.0,2.0,-69.0
1777891157.1083324,0.0,2.0,-74.0
1777891157.1183324,-2.0,3.0,-75.0
1777891157.1283324,2.0,4.0,-69.0
1777891157.1383324,2.0,2.0,-71.0
1777891157.1483324,2.0,0.0,-70.0
1777891157.1583323,2.0,0.0,-68.0
1777891157.1683323,1.0,-1.0,-66.0
1777891157.1783323,-2.0,-2.0,-64.0
1777891157.1883323,-4.0,0.0,-65.0
1777891157.1983323,-1.0,2.0,-69.0
1777891157.2083323,0.0,0.0,-68.0
1777891157.2183323,2.0,-1.0,-71.0
1777891157.2283323,2.0,-4.0,-74.0
1777891157.2383325,0.0,-3.0,-67.0
1777891157.2483325,0.0,-2.0,-71.0
1777891157.2583325,0.0,-1.0,-72.0
1777891157.2683325,1.0,0.0,-75.0
1777891157.2783325,1.0,3.0,-81.0
1777891157.2883325,2.0,3.0,-82.0
1777891157.2983325,-4.0,0.0,-82.0
1777891157.3083324,-7.0,3.0,-77.0
1777891157.3183324,-9.0,3.0,-77.0
1777891157.3283324,-9.0,6.0,-78.0
1777891157.3383324,-8.0,3.0,-78.0
1777891157.3483324,-5.0,2.0,-72.0
1777891157.3583324,-2.0,3.0,-69.0
1777891157.3683324,2.0,6.0,-70.0
1777891157.3783324,0.0,0.0,-70.0
1777891157.3883324,0.0,-2.0,-66.0
1777891157.3983324,-2.0,-2.0,-69.0
1777891157.4083323,-7.0,-2.0,-72.0
1777891157.4183323,-7.0,-1.0,-71.0
1777891157.4283323,-6.0,-1.0,-70.0
1777891157.4383323,-6.0,0.0,-70.0
1777891157.4483323,0.0,4.0,-76.0
1777891157.4583323,1.0,7.0,-83.0
1777891157.4683323,6.0,6.0,-82.0
1777891157.4783323,9.0,11.0,-77.0
1777891157.4883325,5.0,7.0,-75.0
1777891157.4983325,3.0,4.0,-71.0
1777891157.5083325,2.0,2.0,-69.0
1777891157.5183325,4.0,1.0,-71.0
1777891157.5283325,4.0,5.0,-73.0
1777891157.5383325,4.0,1.0,-82.0
1777891157.5483325,4.0,0.0,-81.0
1777891157.5583324,2.0,0.0,-77.0
1777891157.5683324,1.0,1.0,-73.0
1777891157.5783324,2.0,1.0,-67.0
1777891157.5883324,5.0,1.0,-69.0
1777891157.5983324,3.0,2.0,-72.0
1777891157.6093323,0.0,4.0,-72.0
1777891157.6193323,-3.0,4.0,-73.0
1777891157.6293323,0.0,4.0,-73.0
1777891157.6383324,0.0,5.0,-72.0
1777891157.6493323,2.0,6.0,-74.0
1777891157.6593325,1.0,2.0,-71.0
1777891157.6693325,4.0,4.0,-69.0
1777891157.6793325,8.0,5.0,-66.0
1777891157.6893325,10.0,6.0,-70.0
1777891157.6993325,10.0,8.0,-72.0
1777891157.7093325,12.0,8.0,-70.0
1777891157.7193325,10.0,10.0,-71.0
1777891157.7293324,15.0,8.0,-66.0
1777891157.7393324,14.0,7.0,-64.0
1777891157.7493324,13.0,5.0,-64.0
1777891157.7593324,11.0,9.0,-73.0
1777891157.7693324,6.0,6.0,-66.0
1777891157.7793324,7.0,1.0,-66.0
1777891157.7893324,5.0,2.0,-68.0
1777891157.7993324,7.0,3.0,-70.0
1777891157.8093324,8.0,4.0,-63.0
1777891157.8193324,11.0,1.0,-60.0
1777891157.8293324,5.0,0.0,-65.0
1777891157.8393323,3.0,-8.0,-69.0
1777891157.8493323,2.0,-6.0,-68.0
1777891157.8593323,6.0,-2.0,-70.0
1777891157.8693323,5.0,-2.0,-65.0
1777891157.8793323,5.0,-3.0,-66.0
1777891157.8893323,2.0,-7.0,-64.0
1777891157.8993323,-2.0,-6.0,-61.0
1777891157.9093325,-5.0,-7.0,-73.0
1777891157.9193325,-3.0,0.0,-71.0
1777891157.9293325,4.0,2.0,-73.0
1777891157.9393325,6.0,3.0,-72.0
1777891157.9493325,4.0,3.0,-72.0
1777891157.9593325,1.0,0.0,-79.0
1777891157.9693325,5.0,0.0,-81.0
1777891157.9793324,5.0,-4.0,-81.0
1777891157.9893324,8.0,-7.0,-74.0
1777891157.9993324,7.0,-4.0,-75.0
1777891158.0093324,6.0,-1.0,-78.0
1777891158.0193324,7.0,-3.0,-78.0
1777891158.0293324,7.0,-1.0,-77.0
1777891158.0393324,5.0,-1.0,-77.0
1777891158.0493324,0.0,0.0,-79.0
1777891158.0593324,-1.0,3.0,-76.0
1777891158.0693324,0.0,3.0,-70.0
1777891158.0793324,-1.0,0.0,-67.0
1777891158.0893323,-3.0,0.0,-70.0
1777891158.0993323,-4.0,0.0,-73.0
1777891158.1093323,-4.0,0.0,-75.0
1777891158.1193323,0.0,-1.0,-71.0
1777891158.1293323,-2.0,-1.0,-75.0
1777891158.1393323,-4.0,1.0,-73.0
1777891158.1493323,-8.0,-1.0,-77.0
1777891158.1593325,-5.0,-3.0,-70.0
1777891158.1693325,-8.0,-6.0,-66.0
1777891158.1793325,-8.0,-5.0,-62.0
1777891158.1893325,-5.0,-2.0,-62.0
1777891158.1993325,-3.0,0.0,-63.0
1777891158.2093325,-2.0,0.0,-66.0
1777891158.2193325,-4.0,0.0,-70.0
1777891158.2293324,0.0,0.0,-78.0
1777891158.2393324,0.0,0.0,-74.0
1777891158.2493324,0.0,2.0,-73.0
1777891158.2593324,-1.0,4.0,-71.0
1777891158.2693324,2.0,4.0,-72.0
1777891158.2793324,1.0,1.0,-70.0
1777891158.2893324,2.0,0.0,-63.0
1777891158.2993324,2.0,5.0,-67.0
1777891158.3093324,2.0,2.0,-73.0
1777891158.3193324,1.0,1.0,-72.0
1777891158.3293324,3.0,2.0,-77.0
1777891158.3393323,2.0,3.0,-78.0
1777891158.3493323,-3.0,2.0,-82.0
1777891158.3593323,0.0,1.0,-79.0
1777891158.3693323,4.0,-5.0,-81.0
1777891158.3793323,3.0,-7.0,-79.0
1777891158.3893323,3.0,-5.0,-74.0
1777891158.3993323,2.0,0.0,-71.0
1777891158.4093325,1.0,3.0,-67.0
1777891158.4193325,4.0,5.0,-66.0
1777891158.4293325,0.0,2.0,-67.0
1777891158.4393325,-1.0,0.0,-73.0
1777891158.4493325,-4.0,-2.0,-78.0
1777891158.4593325,-1.0,-6.0,-74.0
1777891158.4693325,-4.0,-7.0,-77.0
1777891158.4793324,-7.0,-8.0,-81.0
1777891158.4893324,-9.0,-4.0,-82.0
1777891158.4993324,-9.0,-2.0,-74.0
1777891158.5093324,-7.0,1.0,-74.0
1777891158.5193324,-4.0,2.0,-65.0
1777891158.5293324,-5.0,2.0,-65.0
1777891158.5393324,-4.0,0.0,-67.0
1777891158.5493324,0.0,-6.0,-64.0
1777891158.5593324,-2.0,-6.0,-65.0
1777891158.5693324,-4.0,-3.0,-70.0
1777891158.5793324,-3.0,-4.0,-67.0
1777891158.5893323,-1.0,-6.0,-64.0
1777891158.5993323,-2.0,-3.0,-68.0
1777891158.6093323,-2.0,0.0,-71.0
1777891158.6193323,2.0,-1.0,-71.0
1777891158.6293323,5.0,0.0,-77.0
1777891158.6393323,3.0,4.0,-82.0
1777891158.6493323,6.0,8.0,-82.0
1777891158.6593325,4.0,7.0,-79.0
1777891158.6693325,4.0,2.0,-76.0
1777891158.6793325,-1.0,3.0,-76.0
1777891158.6893325,0.0,3.0,-70.0
1777891158.6993325,0.0,1.0,-72.0
1777891158.7093325,0.0,-1.0,-71.0
1777891158.7193325,1.0,-3.0,-71.0
1777891158.7293324,2.0,-1.0,-66.0
1777891158.7393324,4.0,-5.0,-63.0
1777891158.7493324,5.0,-5.0,-64.0
1777891158.7593324,1.0,-5.0,-63.0
1777891158.7693324,-1.0,-2.0,-63.0
1777891158.7793324,-7.0,-4.0,-60.0
1777891158.7893324,-10.0,0.0,-65.0
1777891158.7993324,-3.0,0.0,-70.0
1777891158.8093324,-2.0,0.0,-76.0
1777891158.8193324,-3.0,5.0,-82.0
1777891158.8293324,2.0,2.0,-83.0
1777891158.8393323,2.0,-1.0,-81.0
1777891158.8493323,1.0,1.0,-87.0
1777891158.8593323,6.0,0.0,-79.0
1777891158.8693323,7.0,-1.0,-79.0
1777891158.8793323,9.0,-1.0,-76.0
1777891158.8893323,8.0,0.0,-73.0
1777891158.8993323,1.0,-4.0,-66.0
1777891158.9093325,0.0,-7.0,-60.0
1777891158.9193325,1.0,-8.0,-59.0
1777891158.9293325,1.0,-4.0,-62.0
1777891158.9393325,5.0,-2.0,-66.0
1777891158.9493325,3.0,-3.0,-61.0
1777891158.9593325,4.0,-2.0,-68.0
1777891158.9693325,6.0,-4.0,-70.0
1777891158.9793324,6.0,-5.0,-73.0
1777891158.9893324,4.0,-5.0,-72.0
1777891158.9993324,0.0,0.0,-73.0
1777891159.0093324,0.0,2.0,-75.0
1777891159.0193324,-2.0,0.0,-74.0
1777891159.0293324,0.0,-2.0,-72.0
1777891159.0393324,3.0,-3.0,-75.0
1777891159.0493324,2.0,-3.0,-74.0
1777891159.0593324,0.0,-3.0,-73.0
1777891159.0693324,0.0,-4.0,-75.0
1777891159.0793324,2.0,-3.0,-71.0
1777891159.0893323,0.0,0.0,-71.0
1777891159.0993323,1.0,-1.0,-69.0
1777891159.1093323,-1.0,-4.0,-71.0
1777891159.1193323,-1.0,-1.0,-69.0
1777891159.1293323,0.0,-2.0,-62.0
1777891159.1393323,0.0,-4.0,-65.0
1777891159.1493323,3.0,-3.0,-64.0
1777891159.1593325,4.0,-4.0,-65.0
1777891159.1693325,2.0,-3.0,-70.0
1777891159.1793325,1.0,-3.0,-80.0
1777891159.1893325,2.0,-7.0,-78.0
1777891159.1993325,0.0,-9.0,-75.0
1777891159.2093325,-5.0,-5.0,-75.0
1777891159.2193325,-5.0,0.0,-72.0
1777891159.2293324,-6.0,3.0,-73.0
1777891159.2393324,-2.0,1.0,-69.0
1777891159.2493324,-4.0,2.0,-65.0
1777891159.2593324,-6.0,4.0,-63.0
1777891159.2693324,-3.0,3.0,-67.0
1777891159.2793324,0.0,2.0,-69.0
1777891159.2893324,1.0,0.0,-73.0
1777891159.2993324,0.0,0.0,-73.0
1777891159.3093324,-1.0,1.0,-71.0
1777891159.3193324,-2.0,3.0,-71.0
1777891159.3293324,0.0,4.0,-76.0
1777891159.3393323,-2.0,4.0,-75.0
1777891159.3493323,-5.0,1.0,-77.0
1777891159.3593323,-4.0,1.0,-83.0
1777891159.3693323,0.0,0.0,-73.0
1777891159.3793323,2.0,2.0,-71.0
1777891159.3893323,2.0,0.0,-72.0
1777891159.3993323,-4.0,4.0,-79.0
1777891159.4093325,-4.0,5.0,-79.0
1777891159.4193325,-2.0,3.0,-78.0
1777891159.4293325,-4.0,3.0,-83.0
1777891159.4393325,-2.0,0.0,-92.0
1777891159.4493325,0.0,5.0,-89.0
1777891159.4593325,-2.0,5.0,-80.0
1777891159.4693325,0.0,3.0,-74.0
1777891159.4793324,3.0,0.0,-67.0
1777891159.4893324,4.0,-1.0,-63.0
1777891159.4993324,3.0,-3.0,-60.0
1777891159.5093324,2.0,-1.0,-64.0
1777891159.5193324,8.0,-1.0,-58.0
1777891159.5293324,8.0,-3.0,-67.0
1777891159.5393324,9.0,-1.0,-72.0
1777891159.5493324,6.0,0.0,-78.0
1777891159.5593324,7.0,1.0,-81.0
1777891159.5693324,4.0,3.0,-82.0
1777891159.5793324,-1.0,3.0,-74.0
1777891159.5893323,-6.0,0.0,-76.0
1777891159.5993323,-6.0,-2.0,-82.0
1777891159.6093323,0.0,0.0,-84.0
1777891159.6203325,0.0,1.0,-78.0
1777891159.6303325,0.0,0.0,-78.0
1777891159.6393323,0.0,-1.0,-74.0
1777891159.6503325,1.0,-2.0,-73.0
1777891159.6603324,-2.0,0.0,-77.0
1777891159.6703324,4.0,2.0,-85.0
1777891159.6803324,3.0,3.0,-86.0
1777891159.6903324,2.0,-3.0,-84.0
1777891159.7003324,1.0,-1.0,-81.0
1777891159.7103324,0.0,-2.0,-85.0
1777891159.7203324,-4.0,0.0,-86.0
1777891159.7303324,-2.0,-3.0,-77.0
1777891159.7403324,0.0,0.0,-79.0
1777891159.7503324,0.0,-4.0,-75.0
1777891159.7603323,5.0,-5.0,-75.0
1777891159.7703323,5.0,-3.0,-81.0
1777891159.7803323,0.0,0.0,-80.0
1777891159.7903323,1.0,3.0,-76.0
1777891159.8003323,5.0,5.0,-75.0
1777891159.8103323,4.0,1.0,-74.0
1777891159.8203323,9.0,0.0,-73.0
1777891159.8303325,8.0,0.0,-80.0
1777891159.8403325,4.0,3.0,-81.0
1777891159.8503325,6.0,7.0,-78.0
1777891159.8603325,3.0,5.0,-81.0
1777891159.8703325,5.0,5.0,-76.0
1777891159.8803325,2.0,8.0,-82.0
1777891159.8903325,1.0,8.0,-77.0
1777891159.9003325,2.0,9.0,-76.0
1777891159.9103324,5.0,5.0,-76.0
1777891159.9203324,4.0,4.0,-76.0
1777891159.9303324,5.0,1.0,-79.0
1777891159.9403324,8.0,0.0,-76.0
1777891159.9503324,8.0,1.0,-75.0
1777891159.9603324,8.0,2.0,-74.0
1777891159.9703324,6.0,-4.0,-77.0
1777891159.9803324,5.0,-5.0,-69.0
1777891159.9903324,3.0,-4.0,-73.0
1777891160.0003324,-2.0,0.0,-72.0
1777891160.0103323,0.0,2.0,-71.0
1777891160.0203323,0.0,0.0,-66.0
1777891160.0303323,5.0,-4.0,-63.0
1777891160.0403323,1.0,1.0,-63.0
1777891160.0503323,0.0,3.0,-65.0
1777891160.0603323,0.0,0.0,-68.0
1777891160.0703323,0.0,2.0,-66.0
1777891160.0803325,-1.0,3.0,-70.0
1777891160.0903325,-2.0,1.0,-77.0
1777891160.1003325,2.0,4.0,-83.0
1777891160.1103325,1.0,1.0,-79.0
1777891160.1203325,2.0,1.0,-76.0
1777891160.1303325,1.0,3.0,-77.0
1777891160.1403325,1.0,8.0,-74.0
1777891160.1503325,0.0,7.0,-73.0
1777891160.1603324,-4.0,0.0,-71.0
1777891160.1703324,-6.0,2.0,-68.0
1777891160.1803324,-4.0,0.0,-65.0
1777891160.1903324,0.0,2.0,-71.0
1777891160.2003324,0.0,3.0,-70.0
1777891160.2103324,3.0,8.0,-69.0
1777891160.2203324,3.0,6.0,-70.0
1777891160.2303324,4.0,4.0,-70.0
1777891160.2403324,1.0,1.0,-63.0
1777891160.2503324,-2.0,0.0,-62.0
1777891160.2603323,-1.0,0.0,-64.0
1777891160.2703323,-4.0,-4.0,-62.0
1777891160.2803323,-5.0,-1.0,-60.0
1777891160.2903323,-9.0,-3.0,-63.0
1777891160.3003323,-3.0,-3.0,-65.0
1777891160.3103323,-2.0,-3.0,-64.0
1777891160.3203323,0.0,-3.0,-67.0
1777891160.3303325,-1.0,-1.0,-70.0
1777891160.3403325,0.0,0.0,-70.0
1777891160.3503325,0.0,-2.0,-68.0
1777891160.3603325,-1.0,-5.0,-70.0
1777891160.3703325,3.0,-1.0,-74.0
1777891160.3803325,-1.0,-1.0,-74.0
1777891160.3903325,0.0,1.0,-70.0
1777891160.4003325,0.0,0.0,-71.0
1777891160.4103324,2.0,0.0,-68.0
1777891160.4203324,1.0,-1.0,-65.0
1777891160.4303324,3.0,0.0,-72.0
1777891160.4403324,3.0,4.0,-72.0
1777891160.4503324,0.0,4.0,-73.0
1777891160.4603324,2.0,7.0,-71.0
1777891160.4703324,4.0,8.0,-69.0
1777891160.4803324,1.0,8.0,-64.0
1777891160.4903324,0.0,8.0,-63.0
1777891160.5003324,2.0,6.0,-62.0
1777891160.5103323,1.0,6.0,-63.0
1777891160.5203323,1.0,4.0,-63.0
1777891160.5303323,-1.0,1.0,-63.0
1777891160.5403323,1.0,0.0,-59.0
1777891160.5503323,6.0,3.0,-60.0
1777891160.5603323,6.0,2.0,-62.0
1777891160.5703323,9.0,0.0,-63.0
1777891160.5803325,7.0,2.0,-66.0
1777891160.5903325,3.0,0.0,-65.0
1777891160.6003325,0.0,-1.0,-69.0
1777891160.6103325,2.0,0.0,-76.0
1777891160.6203325,1.0,4.0,-78.0
1777891160.6303325,0.0,3.0,-79.0
1777891160.6403325,-2.0,5.0,-75.0
1777891160.6503325,-4.0,8.0,-79.0
1777891160.6603324,-2.0,4.0,-75.0
1777891160.6703324,0.0,3.0,-72.0
1777891160.6803324,0.0,0.0,-66.0
1777891160.6903324,-1.0,0.0,-69.0
1777891160.7003324,-1.0,0.0,-74.0
1777891160.7103324,-4.0,0.0,-72.0
1777891160.7203324,-1.0,3.0,-71.0
1777891160.7303324,-6.0,2.0,-75.0
1777891160.7403324,-3.0,3.0,-70.0
1777891160.7503324,-5.0,5.0,-70.0
1777891160.7603323,-1.0,4.0,-62.0
1777891160.7703323,0.0,5.0,-66.0
1777891160.7803323,0.0,3.0,-73.0
1777891160.7903323,2.0,2.0,-75.0
1777891160.8003323,-1.0,0.0,-75.0
1777891160.8103323,-6.0,0.0,-77.0
1777891160.8203323,-6.0,-1.0,-71.0
1777891160.8303325,-2.0,-2.0,-74.0
1777891160.8403325,2.0,-2.0,-75.0
1777891160.8503325,0.0,-3.0,-77.0
1777891160.8603325,0.0,-3.0,-74.0
1777891160.8703325,-2.0,-7.0,-67.0
1777891160.8803325,-3.0,-8.0,-66.0
1777891160.8903325,0.0,-5.0,-70.0
1777891160.9003325,-2.0,-7.0,-68.0
1777891160.9103324,0.0,-4.0,-66.0
1777891160.9203324,-4.0,-2.0,-60.0
1777891160.9303324,0.0,0.0,-52.0
1777891160.9403324,1.0,-1.0,-53.0
1777891160.9503324,2.0,-1.0,-58.0
1777891160.9603324,1.0,-2.0,-65.0
1777891160.9703324,0.0,-1.0,-67.0
1777891160.9803324,-4.0,-1.0,-65.0
1777891160.9903324,-4.0,0.0,-60.0
1777891161.0003324,-1.0,3.0,-62.0
1777891161.0103323,-2.0,7.0,-61.0
1777891161.0203323,1.0,7.0,-64.0
1777891161.0303323,4.0,4.0,-71.0
1777891161.0403323,1.0,1.0,-68.0
1777891161.0503323,0.0,0.0,-66.0
1777891161.0603323,5.0,0.0,-60.0
1777891161.0703323,1.0,0.0,-64.0
1777891161.0803325,4.0,0.0,-68.0
1777891161.0903325,6.0,0.0,-67.0
1777891161.1003325,4.0,-2.0,-63.0
1777891161.1103325,5.0,-1.0,-72.0
1777891161.1203325,2.0,-2.0,-71.0
1777891161.1303325,4.0,-3.0,-67.0
1777891161.1403325,1.0,-9.0,-65.0
1777891161.1503325,2.0,-6.0,-67.0
1777891161.1603324,4.0,-4.0,-70.0
1777891161.1703324,4.0,0.0,-68.0
1777891161.1803324,0.0,-4.0,-64.0
1777891161.1903324,0.0,-2.0,-70.0
1777891161.2003324,4.0,-1.0,-79.0
1777891161.2103324,2.0,0.0,-85.0
1777891161.2203324,2.0,-4.0,-81.0
1777891161.2303324,2.0,-2.0,-81.0
1777891161.2403324,-1.0,0.0,-82.0
1777891161.2503324,-1.0,3.0,-72.0
1777891161.2603323,2.0,-1.0,-74.0
1777891161.2703323,-2.0,-1.0,-74.0
1777891161.2803323,-2.0,-1.0,-75.0
1777891161.2903323,0.0,4.0,-77.0
1777891161.3003323,2.0,0.0,-81.0
1777891161.3103323,2.0,-4.0,-76.0
1777891161.3203323,2.0,-5.0,-75.0
1777891161.3303325,4.0,-1.0,-68.0
1777891161.3403325,3.0,-2.0,-66.0
1777891161.3503325,4.0,-1.0,-59.0
1777891161.3603325,4.0,2.0,-63.0
1777891161.3703325,1.0,2.0,-67.0
1777891161.3803325,0.0,0.0,-75.0
1777891161.3903325,-3.0,-5.0,-71.0
1777891161.4003325,-5.0,-4.0,-74.0
1777891161.4103324,-4.0,0.0,-77.0
1777891161.4203324,-7.0,1.0,-80.0
1777891161.4303324,-5.0,0.0,-80.0
1777891161.4403324,-4.0,-1.0,-82.0
1777891161.4503324,-6.0,1.0,-76.0
1777891161.4603324,-5.0,6.0,-76.0
1777891161.4703324,-1.0,4.0,-73.0
1777891161.4803324,-3.0,2.0,-67.0
1777891161.4903324,-5.0,1.0,-70.0
1777891161.5003324,-2.0,2.0,-75.0
1777891161.5103323,-3.0,0.0,-74.0
1777891161.5203323,-5.0,-1.0,-76.0
1777891161.5303323,-3.0,0.0,-78.0
1777891161.5403323,0.0,3.0,-79.0
1777891161.5503323,0.0,0.0,-82.0
1777891161.5603323,-7.0,0.0,-81.0
1777891161.5703323,-3.0,0.0,-76.0
1777891161.5813324,-2.0,0.0,-75.0
1777891161.5903325,0.0,0.0,-78.0
1777891161.6003325,0.0,0.0,-78.0
1777891161.6113324,-1.0,1.0,-76.0
1777891161.6213324,-3.0,1.0,-74.0
1777891161.6313324,0.0,3.0,-69.0
1777891161.6413324,2.0,5.0,-65.0
1777891161.6503325,1.0,2.0,-68.0
1777891161.6613324,1.0,0.0,-69.0
1777891161.6713324,3.0,-3.0,-66.0
1777891161.6813323,4.0,-4.0,-68.0
1777891161.6913323,3.0,0.0,-68.0
1777891161.7013323,1.0,0.0,-72.0
1777891161.7113323,6.0,-3.0,-75.0
1777891161.7213323,9.0,-5.0,-77.0
1777891161.7313323,9.0,-2.0,-76.0
1777891161.7413323,7.0,0.0,-77.0
1777891161.7513323,7.0,0.0,-73.0
1777891161.7613325,7.0,5.0,-76.0
1777891161.7713325,8.0,2.0,-79.0
1777891161.7813325,9.0,0.0,-80.0
1777891161.7913325,8.0,0.0,-84.0
1777891161.8013325,0.0,1.0,-86.0
1777891161.8113325,1.0,2.0,-89.0
1777891161.8213325,1.0,5.0,-89.0
1777891161.8313324,4.0,3.0,-86.0
1777891161.8413324,4.0,1.0,-78.0
1777891161.8513324,3.0,0.0,-77.0
1777891161.8613324,3.0,-3.0,-74.0
1777891161.8713324,0.0,-1.0,-73.0
1777891161.8813324,0.0,0.0,-77.0
1777891161.8913324,2.0,2.0,-82.0
1777891161.9013324,2.0,0.0,-82.0
1777891161.9113324,1.0,0.0,-75.0
1777891161.9213324,0.0,2.0,-70.0
1777891161.9313323,-2.0,4.0,-65.0
1777891161.9413323,-4.0,3.0,-69.0
1777891161.9513323,-2.0,1.0,-72.0
1777891161.9613323,0.0,0.0,-64.0
1777891161.9713323,1.0,3.0,-58.0
1777891161.9813323,3.0,1.0,-67.0
1777891161.9913323,3.0,3.0,-72.0
1777891162.0013323,0.0,2.0,-74.0
1777891162.0113325,-2.0,-4.0,-76.0
1777891162.0213325,-2.0,-4.0,-71.0
1777891162.0313325,-6.0,-5.0,-66.0
1777891162.0413325,-6.0,-5.0,-67.0
1777891162.0513325,-5.0,-2.0,-73.0
1777891162.0613325,-4.0,-1.0,-70.0
1777891162.0713325,-3.0,-3.0,-64.0
1777891162.0813324,-6.0,0.0,-59.0
1777891162.0913324,-5.0,2.0,-63.0
1777891162.1013324,-4.0,-1.0,-62.0
1777891162.1113324,-4.0,-3.0,-68.0
1777891162.1213324,-5.0,-2.0,-75.0
1777891162.1313324,-1.0,0.0,-70.0
1777891162.1413324,-3.0,-2.0,-71.0
1777891162.1513324,-5.0,3.0,-78.0
1777891162.1613324,-5.0,1.0,-79.0
1777891162.1713324,-3.0,-2.0,-76.0
1777891162.1813323,-3.0,2.0,-72.0
1777891162.1913323,-5.0,3.0,-73.0
1777891162.2013323,-6.0,3.0,-69.0
1777891162.2113323,-6.0,3.0,-69.0
1777891162.2213323,1.0,6.0,-73.0
1777891162.2313323,1.0,4.0,-74.0
1777891162.2413323,1.0,3.0,-78.0
1777891162.2513323,3.0,2.0,-78.0
1777891162.2613325,3.0,-3.0,-80.0
1777891162.2713325,2.0,-5.0,-76.0
1777891162.2813325,3.0,-5.0,-74.0
1777891162.2913325,3.0,-1.0,-71.0
1777891162.3013325,0.0,0.0,-69.0
1777891162.3113325,-3.0,2.0,-69.0
1777891162.3213325,-1.0,-1.0,-70.0
1777891162.3313324,-3.0,-6.0,-71.0
1777891162.3413324,4.0,-5.0,-70.0
1777891162.3513324,6.0,-3.0,-69.0
1777891162.3613324,10.0,-3.0,-66.0
1777891162.3713324,5.0,-2.0,-71.0
1777891162.3813324,0.0,0.0,-74.0
1777891162.3913324,1.0,2.0,-76.0
1777891162.4013324,0.0,-1.0,-75.0
1777891162.4113324,-3.0,-1.0,-74.0
1777891162.4213324,-4.0,-3.0,-75.0
1777891162.4313323,-3.0,-5.0,-82.0
1777891162.4413323,0.0,-3.0,-76.0
1777891162.4513323,-1.0,-1.0,-69.0
1777891162.4613323,0.0,-2.0,-71.0
1777891162.4713323,0.0,-3.0,-75.0
1777891162.4813323,0.0,-5.0,-76.0
1777891162.4913323,0.0,-5.0,-81.0
1777891162.5013323,0.0,-1.0,-80.0
1777891162.5113325,2.0,-5.0,-82.0
1777891162.5213325,4.0,-4.0,-82.0
1777891162.5313325,4.0,-1.0,-81.0
1777891162.5413325,0.0,0.0,-75.0
1777891162.5513325,0.0,-2.0,-72.0
1777891162.5613325,-6.0,-6.0,-68.0
1777891162.5713325,-3.0,-7.0,-66.0
1777891162.5813324,0.0,-10.0,-68.0
1777891162.5913324,3.0,-9.0,-70.0
1777891162.6013324,3.0,-5.0,-74.0
1777891162.6113324,1.0,-5.0,-74.0
1777891162.6213324,0.0,-5.0,-80.0
1777891162.6313324,-2.0,-2.0,-83.0
1777891162.6413324,-1.0,-3.0,-77.0
1777891162.6513324,3.0,-2.0,-62.0
1777891162.6613324,2.0,-1.0,-63.0
1777891162.6713324,-2.0,1.0,-58.0
1777891162.6813323,0.0,1.0,-60.0
1777891162.6913323,1.0,4.0,-58.0
1777891162.7013323,-2.0,3.0,-55.0
1777891162.7113323,-3.0,5.0,-57.0
1777891162.7213323,-4.0,5.0,-63.0
1777891162.7313323,-1.0,4.0,-62.0
1777891162.7413323,0.0,2.0,-66.0
1777891162.7513323,0.0,0.0,-72.0
1777891162.7613325,0.0,3.0,-70.0
1777891162.7713325,-1.0,1.0,-64.0
1777891162.7813325,0.0,0.0,-70.0
1777891162.7913325,-1.0,0.0,-72.0
1777891162.8013325,1.0,1.0,-75.0
1777891162.8113325,4.0,4.0,-72.0
1777891162.8213325,4.0,7.0,-72.0
1777891162.8313324,0.0,5.0,-74.0
1777891162.8413324,-1.0,3.0,-73.0
1777891162.8513324,-2.0,0.0,-69.0
1777891162.8613324,0.0,-2.0,-64.0
1777891162.8713324,-1.0,-5.0,-75.0
1777891162.8813324,-2.0,-3.0,-76.0
1777891162.8913324,-1.0,-1.0,-73.0
1777891162.9013324,-2.0,5.0,-70.0
1777891162.9113324,0.0,3.0,-69.0
1777891162.9213324,1.0,3.0,-72.0
1777891162.9313323,5.0,-1.0,-69.0
1777891162.9413323,4.0,-4.0,-71.0
1777891162.9513323,6.0,-3.0,-69.0
1777891162.9613323,4.0,-3.0,-69.0
1777891162.9713323,2.0,-5.0,-69.0
1777891162.9813323,1.0,0.0,-70.0
1777891162.9913323,0.0,-1.0,-84.0
1777891163.0013323,1.0,-1.0,-88.0
1777891163.0113325,0.0,0.0,-85.0
1777891163.0213325,0.0,-5.0,-83.0
1777891163.0313325,3.0,-6.0,-80.0
1777891163.0413325,1.0,-6.0,-77.0
1777891163.0513325,6.0,-11.0,-73.0
1777891163.0613325,4.0,-8.0,-69.0
1777891163.0713325,3.0,-9.0,-69.0
1777891163.0813324,0.0,-6.0,-76.0
1777891163.0913324,1.0,-2.0,-72.0
1777891163.1013324,1.0,-2.0,-68.0
1777891163.1113324,1.0,-2.0,-69.0
1777891163.1213324,3.0,0.0,-71.0
1777891163.1313324,1.0,-2.0,-65.0
1777891163.1413324,-3.0,-2.0,-58.0
1777891163.1513324,-4.0,-1.0,-56.0
1777891163.1613324,-2.0,0.0,-60.0
1777891163.1713324,0.0,0.0,-65.0
1777891163.1813323,3.0,-1.0,-73.0
1777891163.1913323,7.0,-2.0,-70.0
1777891163.2013323,3.0,-2.0,-72.0
1777891163.2113323,0.0,-3.0,-71.0
1777891163.2213323,0.0,-2.0,-70.0
1777891163.2313323,-2.0,0.0,-70.0
1777891163.2413323,-3.0,-1.0,-69.0
1777891163.2513323,0.0,-2.0,-67.0
1777891163.2613325,0.0,-6.0,-65.0
1777891163.2713325,0.0,-5.0,-71.0
1777891163.2813325,-1.0,-4.0,-67.0
1777891163.2913325,2.0,-5.0,-74.0
1777891163.3013325,5.0,-2.0,-73.0
1777891163.3113325,1.0,-1.0,-69.0
1777891163.3213325,-1.0,-1.0,-75.0
1777891163.3313324,-1.0,-1.0,-72.0
1777891163.3413324,0.0,-1.0,-70.0
1777891163.3513324,4.0,-2.0,-77.0
1777891163.3613324,2.0,-3.0,-74.0
1777891163.3713324,4.0,-3.0,-71.0
1777891163.3813324,4.0,-5.0,-77.0
1777891163.3913324,7.0,-5.0,-78.0
1777891163.4013324,5.0,-4.0,-79.0
1777891163.4113324,2.0,-5.0,-80.0
1777891163.4213324,5.0,-2.0,-78.0
1777891163.4313323,5.0,-3.0,-76.0
1777891163.4413323,1.0,0.0,-73.0
1777891163.4513323,0.0,0.0,-76.0
1777891163.4613323,0.0,3.0,-79.0
1777891163.4713323,0.0,5.0,-77.0
1777891163.4813323,2.0,2.0,-78.0
1777891163.4913323,2.0,0.0,-76.0
1777891163.5013323,2.0,-3.0,-73.0
1777891163.5113325,2.0,-4.0,-78.0
1777891163.5213325,-1.0,-1.0,-78.0
1777891163.5313325,-2.0,-2.0,-77.0
1777891163.5413325,-2.0,-3.0,-75.0
1777891163.5513325,0.0,-2.0,-70.0
1777891163.5613325,0.0,-3.0,-65.0
1777891163.5713325,-1.0,0.0,-60.0
1777891163.5813324,1.0,-2.0,-60.0
1777891163.5913324,0.0,-1.0,-69.0
1777891163.6023324,0.0,0.0,-76.0
1777891163.6123323,0.0,2.0,-70.0
1777891163.6213324,5.0,1.0,-72.0
1777891163.6323323,6.0,-1.0,-75.0
1777891163.6423323,9.0,0.0,-72.0
1777891163.6523323,12.0,1.0,-66.0
1777891163.6623323,9.0,-2.0,-64.0
1777891163.6723323,4.0,0.0,-59.0
1777891163.6823325,0.0,-1.0,-59.0
1777891163.6923325,-1.0,-2.0,-64.0
1777891163.7023325,-1.0,0.0,-66.0
1777891163.7123325,1.0,-4.0,-71.0
1777891163.7223325,0.0,0.0,-68.0
1777891163.7323325,0.0,-1.0,-61.0
1777891163.7423325,0.0,0.0,-64.0
1777891163.7523324,0.0,3.0,-67.0
1777891163.7623324,-1.0,1.0,-74.0
1777891163.7723324,-3.0,3.0,-71.0
1777891163.7823324,0.0,3.0,-69.0
1777891163.7923324,2.0,5.0,-71.0
1777891163.8023324,8.0,1.0,-63.0
1777891163.8123324,12.0,5.0,-64.0
1777891163.8223324,14.0,4.0,-67.0
1777891163.8323324,10.0,4.0,-68.0
1777891163.8423324,11.0,6.0,-75.0
1777891163.8523324,11.0,4.0,-72.0
1777891163.8623323,12.0,5.0,-74.0
1777891163.8723323,12.0,4.0,-72.0
1777891163.8823323,8.0,1.0,-67.0
1777891163.8923323,7.0,-2.0,-65.0
1777891163.9023323,6.0,0.0,-66.0
1777891163.9123323,2.0,3.0,-64.0
1777891163.9223323,3.0,0.0,-70.0
1777891163.9323325,0.0,0.0,-67.0
1777891163.9423325,-3.0,-5.0,-65.0
1777891163.9523325,0.0,-3.0,-66.0
1777891163.9623325,-1.0,2.0,-68.0
1777891163.9723325,-7.0,1.0,-67.0
1777891163.9823325,-9.0,0.0,-71.0
1777891163.9923325,-8.0,1.0,-71.0
1777891164.0023324,-5.0,2.0,-63.0
1777891164.0123324,-6.0,5.0,-60.0
1777891164.0223324,-4.0,4.0,-63.0
1777891164.0323324,-7.0,1.0,-69.0
1777891164.0423324,0.0,-2.0,-73.0
1777891164.0523324,0.0,-1.0,-69.0
1777891164.0623324,0.0,-2.0,-62.0
1777891164.0723324,-1.0,-1.0,-56.0
1777891164.0823324,-2.0,-6.0,-64.0
1777891164.0923324,-4.0,-7.0,-64.0
1777891164.1023324,-3.0,-8.0,-59.0
1777891164.1123323,2.0,-7.0,-60.0
1777891164.1223323,3.0,-7.0,-67.0
1777891164.1323323,3.0,-10.0,-61.0
1777891164.1423323,1.0,-6.0,-65.0
1777891164.1523323,0.0,-9.0,-64.0
1777891164.1623323,-3.0,-7.0,-69.0
1777891164.1723323,-2.0,-7.0,-69.0
1777891164.1823325,-3.0,-6.0,-68.0
1777891164.1923325,0.0,-3.0,-64.0
1777891164.2023325,0.0,-2.0,-64.0
1777891164.2123325,3.0,0.0,-63.0
1777891164.2223325,2.0,-1.0,-65.0
1777891164.2323325,3.0,1.0,-77.0
1777891164.2423325,7.0,0.0,-80.0
1777891164.2523324,10.0,0.0,-75.0
1777891164.2623324,9.0,-1.0,-64.0
1777891164.2723324,10.0,-2.0,-64.0
1777891164.2823324,7.0,-5.0,-68.0
1777891164.2923324,8.0,-2.0,-65.0
1777891164.3023324,2.0,5.0,-65.0
1777891164.3123324,3.0,6.0,-61.0
1777891164.3223324,0.0,6.0,-64.0
1777891164.3323324,-3.0,2.0,-69.0
1777891164.3423324,-1.0,0.0,-71.0
1777891164.3523324,0.0,0.0,-75.0
1777891164.3623323,-1.0,-1.0,-78.0
1777891164.3723323,-6.0,0.0,-77.0
1777891164.3823323,0.0,2.0,-77.0
1777891164.3923323,2.0,0.0,-71.0
1777891164.4023323,0.0,-2.0,-66.0
1777891164.4123323,0.0,-3.0,-64.0
1777891164.4223323,3.0,-1.0,-67.0
1777891164.4323325,2.0,-1.0,-63.0
1777891164.4423325,0.0,-2.0,-65.0
1777891164.4523325,0.0,0.0,-65.0
1777891164.4623325,0.0,3.0,-69.0
1777891164.4723325,0.0,-3.0,-72.0
1777891164.4823325,0.0,-1.0,-76.0
1777891164.4923325,1.0,-1.0,-76.0
1777891164.5023324,0.0,-3.0,-78.0
1777891164.5123324,-2.0,-1.0,-75.0
1777891164.5223324,-2.0,-4.0,-79.0
1777891164.5323324,-4.0,-4.0,-81.0
1777891164.5423324,-1.0,-2.0,-75.0
1777891164.5523324,2.0,-1.0,-69.0
1777891164.5623324,-2.0,-4.0,-69.0
1777891164.5723324,-2.0,-2.0,-64.0
1777891164.5823324,-2.0,-1.0,-63.0
1777891164.5923324,0.0,-1.0,-58.0
1777891164.6023324,4.0,3.0,-56.0
1777891164.6123323,6.0,3.0,-61.0
1777891164.6223323,6.0,-1.0,-61.0
1777891164.6323323,10.0,-1.0,-64.0
1777891164.6423323,10.0,-2.0,-66.0
1777891164.6523323,8.0,-6.0,-67.0
1777891164.6623323,10.0,-8.0,-67.0
1777891164.6723323,8.0,-4.0,-66.0
1777891164.6823325,7.0,-2.0,-72.0
1777891164.6923325,4.0,0.0,-71.0
1777891164.7023325,2.0,-2.0,-74.0
1777891164.7123325,2.0,-4.0,-72.0
1777891164.7223325,3.0,-3.0,-69.0
1777891164.7323325,-1.0,-1.0,-73.0
1777891164.7423325,0.0,-2.0,-63.0
1777891164.7523324,-3.0,0.0,-64.0
1777891164.7623324,-5.0,0.0,-67.0
1777891164.7723324,-6.0,5.0,-68.0
1777891164.7823324,-8.0,9.0,-69.0
1777891164.7923324,-9.0,9.0,-70.0
1777891164.8023324,-6.0,9.0,-79.0
1777891164.8123324,-7.0,5.0,-75.0
1777891164.8223324,-5.0,3.0,-75.0
1777891164.8323324,-3.0,1.0,-72.0
1777891164.8423324,-1.0,-1.0,-74.0
1777891164.8523324,1.0,-2.0,-76.0
1777891164.8623323,1.0,-6.0,-77.0
1777891164.8723323,-1.0,-2.0,-76.0
1777891164.8823323,-4.0,-2.0,-80.0
1777891164.8923323,-6.0,-6.0,-80.0
1777891164.9023323,-5.0,-5.0,-81.0
1777891164.9123323,0.0,-5.0,-77.0
1777891164.9223323,0.0,-3.0,-78.0
1777891164.9323325,0.0,-2.0,-80.0
1777891164.9423325,0.0,0.0,-77.0
1777891164.9523325,0.0,3.0,-74.0
1777891164.9623325,0.0,4.0,-73.0
1777891164.9723325,1.0,4.0,-75.0
1777891164.9823325,2.0,3.0,-78.0
1777891164.9923325,2.0,5.0,-80.0
1777891165.0023324,1.0,2.0,-79.0
1777891165.0123324,0.0,0.0,-73.0
1777891165.0223324,-2.0,2.0,-78.0
1777891165.0323324,-2.0,-1.0,-76.0
1777891165.0423324,-1.0,0.0,-72.0
1777891165.0523324,5.0,0.0,-75.0
1777891165.0623324,7.0,0.0,-77.0
1777891165.0733323,7.0,1.0,-77.0
1777891165.0823324,3.0,3.0,-77.0
1777891165.0923324,2.0,2.0,-76.0
1777891165.1023324,6.0,3.0,-76.0
1777891165.1123323,6.0,0.0,-74.0
1777891165.1223323,3.0,-10.0,-79.0
1777891165.1323323,0.0,-10.0,-77.0
1777891165.1423323,1.0,-7.0,-78.0
1777891165.1523323,0.0,-7.0,-77.0
1777891165.1623323,0.0,-8.0,-77.0
1777891165.1723323,1.0,-6.0,-77.0
1777891165.1823325,2.0,-3.0,-77.0
1777891165.1923325,5.0,-3.0,-76.0
1777891165.2023325,1.0,-2.0,-76.0
1777891165.2123325,0.0,-1.0,-80.0
1777891165.2223325,-2.0,0.0,-83.0
1777891165.2323325,-1.0,-3.0,-76.0
1777891165.2423325,-1.0,-2.0,-72.0
1777891165.2523324,-2.0,4.0,-63.0
1777891165.2623324,-4.0,1.0,-63.0
1777891165.2723324,-3.0,-3.0,-69.0
1777891165.2823324,0.0,-3.0,-73.0
1777891165.2923324,1.0,0.0,-68.0
1777891165.3023324,0.0,0.0,-65.0
1777891165.3123324,1.0,-1.0,-69.0
1777891165.3223324,3.0,0.0,-76.0
1777891165.3323324,4.0,3.0,-74.0
1777891165.3423324,6.0,2.0,-69.0
1777891165.3523324,8.0,-2.0,-67.0
1777891165.3623323,5.0,-7.0,-67.0
1777891165.3723323,5.0,-5.0,-59.0
1777891165.3823323,4.0,-3.0,-58.0
1777891165.3923323,4.0,-2.0,-61.0
1777891165.4023323,1.0,-6.0,-66.0
1777891165.4123323,1.0,-7.0,-77.0
1777891165.4223323,3.0,-5.0,-80.0
1777891165.4323325,4.0,-5.0,-77.0
1777891165.4423325,2.0,-7.0,-77.0
1777891165.4523325,-2.0,-5.0,-79.0
1777891165.4623325,-6.0,-6.0,-78.0
1777891165.4723325,-9.0,-4.0,-74.0
1777891165.4823325,-4.0,-4.0,-75.0
1777891165.4923325,3.0,0.0,-73.0
1777891165.5023324,6.0,2.0,-75.0
1777891165.5123324,5.0,1.0,-78.0
1777891165.5223324,6.0,2.0,-79.0
1777891165.5323324,7.0,0.0,-83.0
1777891165.5423324,4.0,2.0,-83.0
1777891165.5523324,5.0,2.0,-85.0
1777891165.5623324,5.0,2.0,-86.0
1777891165.5723324,2.0,0.0,-85.0
1777891165.5823324,2.0,-1.0,-84.0
1777891165.5923324,0.0,-3.0,-82.0
1777891165.6033323,4.0,-4.0,-78.0
1777891165.6133325,4.0,-2.0,-70.0
1777891165.6233325,6.0,-1.0,-63.0
1777891165.6333325,7.0,-3.0,-61.0
1777891165.6433325,1.0,-6.0,-65.0
1777891165.6533325,6.0,-5.0,-65.0
1777891165.6633325,4.0,-2.0,-64.0
1777891165.6733325,1.0,-1.0,-66.0
1777891165.6833324,5.0,-2.0,-68.0
1777891165.6933324,9.0,0.0,-64.0
1777891165.7033324,8.0,1.0,-66.0
1777891165.7133324,8.0,-1.0,-67.0
1777891165.7233324,8.0,-1.0,-65.0
1777891165.7333324,6.0,0.0,-65.0
1777891165.7433324,0.0,-4.0,-68.0
1777891165.7533324,-2.0,-4.0,-69.0
1777891165.7633324,-5.0,-2.0,-68.0
1777891165.7733324,-1.0,-3.0,-69.0
1777891165.7833323,-1.0,-5.0,-71.0
1777891165.7933323,-3.0,-5.0,-70.0
1777891165.8033323,-2.0,-6.0,-67.0
1777891165.8133323,-2.0,-7.0,-73.0
1777891165.8233323,0.0,-5.0,-74.0
1777891165.8333323,-1.0,-3.0,-75.0
1777891165.8433323,5.0,-3.0,-73.0
1777891165.8533323,5.0,0.0,-77.0
1777891165.8633325,7.0,-1.0,-72.0
1777891165.8733325,2.0,0.0,-68.0
1777891165.8833325,3.0,0.0,-66.0
1777891165.8933325,0.0,0.0,-64.0
1777891165.9033325,0.0,2.0,-70.0
1777891165.9133325,0.0,0.0,-70.0
1777891165.9233325,-2.0,0.0,-71.0
1777891165.9333324,0.0,-2.0,-69.0
1777891165.9433324,-1.0,-1.0,-71.0
1777891165.9533324,-1.0,1.0,-65.0
1777891165.9633324,0.0,-5.0,-63.0
1777891165.9733324,-1.0,-7.0,-65.0
1777891165.9833324,0.0,-6.0,-69.0
1777891165.9933324,4.0,-2.0,-69.0
1777891166.0033324,2.0,-1.0,-70.0
1777891166.0133324,5.0,-2.0,-71.0
1777891166.0233324,6.0,-7.0,-69.0
1777891166.0333323,0.0,-12.0,-63.0
1777891166.0433323,0.0,-7.0,-62.0
1777891166.0533323,-1.0,-10.0,-61.0
1777891166.0633323,-4.0,-6.0,-62.0
1777891166.0733323,-8.0,-7.0,-68.0
1777891166.0833323,0.0,-8.0,-73.0
1777891166.0933323,4.0,-10.0,-73.0
1777891166.1033323,6.0,-13.0,-68.0
1777891166.1133325,6.0,-12.0,-72.0
1777891166.1233325,9.0,-10.0,-71.0
1777891166.1333325,15.0,-4.0,-71.0
1777891166.1433325,11.0,-5.0,-67.0
1777891166.1533325,9.0,-3.0,-65.0
1777891166.1633325,5.0,-7.0,-68.0
1777891166.1733325,-1.0,0.0,-65.0
1777891166.1833324,0.0,0.0,-65.0
1777891166.1933324,0.0,1.0,-72.0
1777891166.2033324,-4.0,-4.0,-66.0
1777891166.2133324,-4.0,-9.0,-63.0
1777891166.2233324,-1.0,-6.0,-69.0
1777891166.2333324,-3.0,-4.0,-70.0
1777891166.2433324,-2.0,-3.0,-74.0
1777891166.2533324,-6.0,-1.0,-74.0
1777891166.2633324,-3.0,-5.0,-70.0
1777891166.2733324,-3.0,-4.0,-67.0
1777891166.2833323,-2.0,-2.0,-68.0
1777891166.2933323,2.0,-2.0,-64.0
1777891166.3033323,7.0,2.0,-67.0
1777891166.3133323,1.0,-1.0,-62.0
1777891166.3233323,0.0,0.0,-63.0
1777891166.3333323,-2.0,-4.0,-59.0
1777891166.3433323,-3.0,0.0,-56.0
1777891166.3533323,-1.0,0.0,-57.0
1777891166.3633325,-4.0,0.0,-63.0
1777891166.3743324,0.0,0.0,-68.0
1777891166.3833325,4.0,-2.0,-71.0
1777891166.3933325,-1.0,-5.0,-77.0
1777891166.4033325,-3.0,-7.0,-79.0
1777891166.4133325,0.0,-8.0,-75.0
1777891166.4233325,0.0,-4.0,-78.0
1777891166.4333324,-2.0,-6.0,-81.0
1777891166.4433324,-1.0,-4.0,-87.0
1777891166.4533324,-3.0,-5.0,-82.0
1777891166.4633324,-2.0,-9.0,-80.0
1777891166.4733324,-1.0,-11.0,-75.0
1777891166.4833324,0.0,-5.0,-71.0
1777891166.4933324,-1.0,-5.0,-74.0
1777891166.5033324,2.0,-7.0,-71.0
1777891166.5133324,5.0,-7.0,-79.0
1777891166.5233324,6.0,-12.0,-77.0
1777891166.5333323,3.0,-9.0,-75.0
1777891166.5433323,3.0,-5.0,-75.0
1777891166.5533323,-2.0,-6.0,-73.0
1777891166.5633323,-3.0,-5.0,-78.0
1777891166.5733323,-4.0,-6.0,-79.0
1777891166.5833323,-1.0,-3.0,-82.0
1777891166.5933323,0.0,-1.0,-78.0
1777891166.6033323,3.0,-2.0,-79.0
1777891166.6133325,5.0,-2.0,-80.0
1777891166.6233325,7.0,-1.0,-82.0
1777891166.6333325,9.0,-1.0,-86.0
1777891166.6433325,7.0,-2.0,-80.0
1777891166.6533325,2.0,-3.0,-80.0
1777891166.6633325,0.0,-5.0,-78.0
1777891166.6733325,1.0,-3.0,-84.0
1777891166.6833324,1.0,-1.0,-85.0
1777891166.6933324,0.0,4.0,-85.0
1777891166.7033324,-1.0,1.0,-86.0
1777891166.7133324,-2.0,2.0,-84.0
1777891166.7233324,0.0,0.0,-78.0
1777891166.7333324,-1.0,-2.0,-75.0
1777891166.7433324,0.0,-4.0,-74.0
1777891166.7533324,-1.0,-6.0,-70.0
1777891166.7633324,1.0,-10.0,-68.0
1777891166.7733324,4.0,-10.0,-72.0
1777891166.7833323,5.0,-7.0,-71.0
1777891166.7933323,2.0,-8.0,-78.0
1777891166.8033323,2.0,-5.0,-84.0
1777891166.8133323,0.0,-5.0,-84.0
1777891166.8233323,-1.0,-1.0,-89.0
1777891166.8333323,-1.0,1.0,-87.0
1777891166.8433323,-1.0,6.0,-87.0
1777891166.8533323,-2.0,4.0,-85.0
1777891166.8633325,-1.0,5.0,-88.0
1777891166.8733325,-3.0,1.0,-88.0
1777891166.8833325,0.0,2.0,-88.0
1777891166.8933325,1.0,2.0,-88.0
1777891166.9033325,6.0,-4.0,-88.0
1777891166.9133325,11.0,-7.0,-82.0
1777891166.9233325,8.0,-6.0,-78.0
1777891166.9333324,7.0,-4.0,-75.0
1777891166.9433324,8.0,-4.0,-74.0
1777891166.9533324,11.0,-5.0,-75.0
1777891166.9633324,5.0,-5.0,-72.0
1777891166.9733324,3.0,-3.0,-67.0
1777891166.9833324,0.0,-3.0,-68.0
1777891166.9933324,0.0,0.0,-70.0
1777891167.0033324,-2.0,-2.0,-70.0
1777891167.0133324,0.0,-3.0,-64.0
1777891167.0233324,2.0,-7.0,-66.0
1777891167.0333323,7.0,-6.0,-63.0
1777891167.0433323,6.0,-3.0,-66.0
1777891167.0533323,3.0,0.0,-71.0
1777891167.0633323,3.0,-5.0,-68.0
1777891167.0733323,0.0,-1.0,-68.0
1777891167.0833323,0.0,-4.0,-63.0
1777891167.0933323,2.0,-7.0,-64.0
1777891167.1033323,4.0,0.0,-72.0
1777891167.1133325,6.0,-1.0,-69.0
1777891167.1233325,8.0,-4.0,-71.0
1777891167.1333325,4.0,-4.0,-69.0
1777891167.1433325,6.0,-2.0,-73.0
1777891167.1533325,1.0,-4.0,-74.0
1777891167.1633325,-1.0,-3.0,-74.0
1777891167.1733325,-2.0,1.0,-71.0
1777891167.1833324,-1.0,2.0,-72.0
1777891167.1933324,1.0,2.0,-75.0
1777891167.2033324,0.0,1.0,-78.0
1777891167.2133324,-3.0,1.0,-83.0
1777891167.2233324,-2.0,0.0,-86.0
1777891167.2333324,4.0,-1.0,-85.0
1777891167.2433324,6.0,-3.0,-81.0
1777891167.2533324,5.0,-1.0,-77.0
1777891167.2633324,3.0,-3.0,-72.0
1777891167.2733324,1.0,0.0,-75.0
1777891167.2833323,-2.0,0.0,-70.0
1777891167.2933323,-2.0,0.0,-65.0
1777891167.3033323,0.0,-2.0,-67.0
1777891167.3133323,-3.0,-1.0,-71.0
1777891167.3233323,-5.0,-3.0,-73.0
1777891167.3333323,-7.0,-4.0,-70.0
1777891167.3433323,-12.0,1.0,-70.0
1777891167.3533323,-9.0,0.0,-75.0
1777891167.3633325,-6.0,1.0,-76.0
1777891167.3733325,-2.0,2.0,-72.0
1777891167.3833325,-3.0,2.0,-71.0
1777891167.3933325,-4.0,3.0,-70.0
1777891167.4033325,-1.0,3.0,-73.0
1777891167.4133325,0.0,2.0,-73.0
1777891167.4233325,0.0,0.0,-76.0
1777891167.4333324,-2.0,1.0,-74.0
1777891167.4433324,0.0,1.0,-77.0
1777891167.4533324,-3.0,-2.0,-72.0
1777891167.4633324,-1.0,-2.0,-72.0
1777891167.4733324,-4.0,-4.0,-74.0
1777891167.4833324,-4.0,0.0,-79.0
1777891167.4933324,-1.0,0.0,-78.0
1777891167.5033324,-1.0,4.0,-80.0
1777891167.5133324,0.0,2.0,-86.0
1777891167.5233324,3.0,0.0,-81.0
1777891167.5333323,5.0,3.0,-79.0
1777891167.5433323,4.0,3.0,-72.0
1777891167.5533323,5.0,-1.0,-68.0
1777891167.5643325,3.0,-4.0,-70.0
1777891167.5733323,5.0,-5.0,-65.0
1777891167.5833323,4.0,-2.0,-63.0
1777891167.5943325,3.0,-1.0,-60.0
1777891167.6043324,0.0,0.0,-60.0
1777891167.6143324,-2.0,0.0,-68.0
1777891167.6243324,-5.0,-1.0,-72.0
1777891167.6343324,-3.0,-2.0,-74.0
1777891167.6443324,0.0,-5.0,-72.0
1777891167.6543324,3.0,0.0,-79.0
1777891167.6643324,1.0,0.0,-74.0
1777891167.6743324,0.0,1.0,-75.0
1777891167.6843324,3.0,5.0,-72.0
1777891167.6943324,2.0,2.0,-67.0
1777891167.7043324,6.0,3.0,-68.0
1777891167.7143323,9.0,2.0,-68.0
1777891167.7243323,9.0,0.0,-74.0
1777891167.7343323,9.0,5.0,-73.0
1777891167.7443323,7.0,3.0,-75.0
1777891167.7543323,4.0,0.0,-72.0
1777891167.7643323,1.0,0.0,-64.0
1777891167.7743323,0.0,-3.0,-64.0
1777891167.7843325,1.0,-3.0,-64.0
1777891167.7943325,-1.0,-8.0,-70.0
1777891167.8043325,-5.0,-6.0,-72.0
1777891167.8143325,-6.0,-5.0,-73.0
1777891167.8243325,0.0,-5.0,-73.0
1777891167.8343325,0.0,-1.0,-74.0
1777891167.8443325,-2.0,-3.0,-73.0
1777891167.8543324,-9.0,-5.0,-69.0
1777891167.8643324,-3.0,-2.0,-76.0
1777891167.8743324,-2.0,-4.0,-75.0
1777891167.8843324,5.0,-3.0,-78.0
1777891167.8943324,5.0,-5.0,-75.0
1777891167.9043324,11.0,-5.0,-70.0
1777891167.9143324,12.0,-6.0,-64.0
1777891167.9243324,6.0,-5.0,-60.0
1777891167.9343324,8.0,-6.0,-59.0
1777891167.9443324,7.0,-5.0,-63.0
1777891167.9543324,8.0,-9.0,-54.0
1777891167.9643323,8.0,-10.0,-50.0
1777891167.9743323,3.0,-11.0,-55.0
1777891167.9843323,8.0,-12.0,-65.0
1777891167.9943323,15.0,-10.0,-69.0
1777891168.0043323,15.0,-5.0,-65.0
1777891168.0143323,13.0,-7.0,-69.0
1777891168.0243323,10.0,-4.0,-70.0
1777891168.0343325,3.0,-2.0,-74.0
1777891168.0443325,5.0,4.0,-74.0
1777891168.0543325,1.0,5.0,-76.0
1777891168.0643325,2.0,7.0,-66.0
1777891168.0743325,1.0,10.0,-61.0
1777891168.0843325,0.0,4.0,-60.0
1777891168.0943325,-2.0,0.0,-64.0
1777891168.1043324,1.0,1.0,-63.0
1777891168.1143324,3.0,2.0,-63.0
1777891168.1243324,-2.0,1.0,-62.0
1777891168.1343324,-3.0,0.0,-65.0
1777891168.1443324,-6.0,0.0,-65.0
1777891168.1543324,-6.0,-4.0,-65.0
1777891168.1643324,0.0,-5.0,-65.0
1777891168.1743324,1.0,-2.0,-68.0
1777891168.1843324,2.0,-4.0,-68.0
1777891168.1943324,1.0,-6.0,-69.0
1777891168.2043324,1.0,-5.0,-69.0
1777891168.2143323,0.0,-6.0,-72.0
1777891168.2243323,1.0,-4.0,-68.0
1777891168.2343323,1.0,-5.0,-68.0
1777891168.2443323,4.0,-6.0,-62.0
1777891168.2543323,2.0,-1.0,-63.0
1777891168.2643323,3.0,-1.0,-65.0
1777891168.2743323,9.0,-1.0,-76.0
1777891168.2843325,9.0,-1.0,-79.0
1777891168.2943325,5.0,-4.0,-75.0
1777891168.3043325,5.0,-3.0,-73.0
1777891168.3143325,7.0,-3.0,-72.0
1777891168.3243325,11.0,-4.0,-73.0
1777891168.3343325,8.0,-5.0,-70.0
1777891168.3443325,5.0,-1.0,-66.0
1777891168.3543324,8.0,-1.0,-67.0
1777891168.3643324,8.0,0.0,-67.0
1777891168.3743324,4.0,1.0,-70.0
1777891168.3843324,8.0,0.0,-70.0
1777891168.3943324,12.0,0.0,-69.0
1777891168.4043324,10.0,1.0,-65.0
1777891168.4143324,4.0,1.0,-67.0
1777891168.4243324,0.0,4.0,-71.0
1777891168.4343324,0.0,5.0,-75.0
1777891168.4443324,0.0,5.0,-78.0
1777891168.4543324,0.0,2.0,-75.0
1777891168.4643323,2.0,2.0,-76.0
1777891168.4743323,1.0,4.0,-76.0
1777891168.4843323,0.0,1.0,-69.0
1777891168.4943323,3.0,0.0,-75.0
1777891168.5043323,0.0,5.0,-74.0
1777891168.5143323,1.0,0.0,-74.0
1777891168.5243323,4.0,1.0,-70.0
1777891168.5343325,4.0,3.0,-65.0
1777891168.5443325,1.0,3.0,-67.0
1777891168.5543325,-7.0,3.0,-68.0
1777891168.5643325,-9.0,-5.0,-70.0
1777891168.5743325,-2.0,-6.0,-78.0
1777891168.5843325,-3.0,-6.0,-74.0
1777891168.5943325,-1.0,-7.0,-73.0
1777891168.6043324,3.0,-8.0,-72.0
1777891168.6143324,4.0,-7.0,-74.0
1777891168.6243324,0.0,-6.0,-68.0
1777891168.6343324,4.0,-3.0,-67.0
1777891168.6443324,6.0,-2.0,-69.0
1777891168.6543324,5.0,-2.0,-62.0
1777891168.6643324,3.0,0.0,-64.0
1777891168.6743324,5.0,2.0,-66.0
1777891168.6843324,5.0,3.0,-66.0
1777891168.6943324,6.0,1.0,-65.0
1777891168.7043324,1.0,0.0,-65.0
1777891168.7143323,1.0,0.0,-69.0
1777891168.7243323,1.0,-2.0,-67.0
1777891168.7343323,-1.0,0.0,-72.0
1777891168.7443323,-1.0,2.0,-70.0
1777891168.7543323,0.0,2.0,-71.0
1777891168.7643323,3.0,0.0,-73.0
1777891168.7743323,3.0,2.0,-72.0
1777891168.7843325,5.0,3.0,-66.0
1777891168.7943325,4.0,1.0,-68.0
1777891168.8043325,7.0,0.0,-75.0
1777891168.8143325,7.0,-3.0,-66.0
1777891168.8243325,8.0,-1.0,-66.0
1777891168.8343325,10.0,-4.0,-64.0
1777891168.8443325,3.0,-2.0,-63.0
1777891168.8543324,-1.0,-5.0,-68.0
1777891168.8643324,5.0,-5.0,-70.0
1777891168.8743324,10.0,0.0,-73.0
1777891168.8843324,6.0,0.0,-65.0
1777891168.8943324,7.0,-5.0,-66.0
1777891168.9043324,4.0,-2.0,-70.0
1777891168.9143324,-1.0,0.0,-64.0
1777891168.9243324,-3.0,-1.0,-65.0
1777891168.9343324,0.0,0.0,-67.0
1777891168.9443324,-2.0,2.0,-69.0
1777891168.9543324,3.0,2.0,-66.0
1777891168.9643323,4.0,-2.0,-64.0
1777891168.9743323,2.0,-3.0,-73.0
1777891168.9843323,0.0,-5.0,-71.0
1777891168.9943323,3.0,-6.0,-61.0
1777891169.0043323,1.0,-6.0,-54.0
1777891169.0143323,-2.0,-8.0,-53.0
1777891169.0243323,-2.0,-3.0,-53.0
1777891169.0343325,0.0,2.0,-56.0
1777891169.0443325,-3.0,0.0,-64.0
1777891169.0543325,-3.0,2.0,-64.0
1777891169.0643325,-4.0,-1.0,-71.0
1777891169.0743325,-2.0,-3.0,-77.0
1777891169.0843325,0.0,-2.0,-78.0
1777891169.0943325,-1.0,-5.0,-79.0
1777891169.1043324,-2.0,-6.0,-78.0
1777891169.1143324,0.0,-8.0,-79.0
1777891169.1243324,0.0,-3.0,-84.0
1777891169.1343324,5.0,-6.0,-79.0
1777891169.1443324,6.0,-2.0,-85.0
1777891169.1543324,6.0,0.0,-82.0
1777891169.1643324,6.0,1.0,-75.0
1777891169.1743324,8.0,-1.0,-70.0
1777891169.1843324,7.0,0.0,-69.0
1777891169.1943324,4.0,-1.0,-64.0
1777891169.2043324,9.0,0.0,-66.0
1777891169.2143323,4.0,1.0,-62.0
1777891169.2243323,5.0,1.0,-69.0
1777891169.2343323,4.0,1.0,-73.0
1777891169.2443323,0.0,1.0,-76.0
1777891169.2543323,1.0,1.0,-74.0
1777891169.2643323,0.0,0.0,-77.0
1777891169.2743323,-3.0,1.0,-78.0
1777891169.2843325,-1.0,0.0,-80.0
1777891169.2943325,1.0,-3.0,-77.0
1777891169.3043325,0.0,-5.0,-68.0
1777891169.3143325,1.0,-4.0,-63.0
1777891169.3243325,0.0,-2.0,-58.0
1777891169.3343325,-3.0,-3.0,-63.0
1777891169.3443325,-3.0,0.0,-69.0
1777891169.3543324,-3.0,1.0,-68.0
1777891169.3643324,-5.0,4.0,-67.0
1777891169.3743324,-7.0,9.0,-66.0
1777891169.3843324,-2.0,8.0,-65.0
1777891169.3943324,0.0,0.0,-62.0
1777891169.4043324,1.0,-5.0,-64.0
1777891169.4143324,-1.0,-3.0,-65.0
1777891169.4243324,-2.0,-4.0,-60.0
1777891169.4343324,0.0,-5.0,-59.0
1777891169.4443324,-1.0,-1.0,-61.0
1777891169.4543324,-1.0,-1.0,-64.0
1777891169.4643323,1.0,-5.0,-65.0
1777891169.4743323,0.0,-3.0,-68.0
1777891169.4843323,-4.0,-2.0,-67.0
1777891169.4943323,-3.0,-1.0,-71.0
1777891169.5043323,-4.0,-5.0,-74.0
1777891169.5143323,-1.0,-5.0,-71.0
1777891169.5243323,3.0,-1.0,-69.0
1777891169.5343325,-1.0,-2.0,-68.0
1777891169.5443325,0.0,-2.0,-61.0
1777891169.5543325,2.0,-1.0,-60.0
1777891169.5653324,5.0,0.0,-63.0
1777891169.5743325,0.0,-1.0,-66.0
1777891169.5853324,-1.0,3.0,-62.0
1777891169.5953324,-3.0,4.0,-69.0
1777891169.6053324,0.0,1.0,-73.0
1777891169.6153324,-2.0,-1.0,-71.0
1777891169.6253324,-1.0,0.0,-67.0
1777891169.6353323,3.0,2.0,-67.0
1777891169.6453323,0.0,5.0,-66.0
1777891169.6553323,-2.0,1.0,-71.0
1777891169.6653323,-4.0,2.0,-73.0
1777891169.6753323,-5.0,3.0,-72.0
1777891169.6853323,-2.0,4.0,-77.0
1777891169.6953323,-5.0,5.0,-75.0
1777891169.7053325,-5.0,4.0,-74.0
1777891169.7153325,-6.0,3.0,-80.0
1777891169.7253325,-2.0,-2.0,-78.0
1777891169.7353325,5.0,-5.0,-77.0
1777891169.7453325,3.0,-4.0,-75.0
1777891169.7553325,4.0,-5.0,-74.0
1777891169.7653325,5.0,-4.0,-70.0
1777891169.7753325,-1.0,-6.0,-78.0
1777891169.7853324,-1.0,-7.0,-75.0
1777891169.7953324,1.0,-7.0,-76.0
1777891169.8053324,1.0,-7.0,-78.0
1777891169.8153324,4.0,-4.0,-80.0
1777891169.8253324,4.0,-9.0,-81.0
1777891169.8353324,6.0,-5.0,-81.0
1777891169.8453324,3.0,-5.0,-79.0
1777891169.8553324,4.0,-4.0,-79.0
1777891169.8653324,2.0,-2.0,-71.0
1777891169.8753324,2.0,-2.0,-72.0
1777891169.8853323,1.0,-3.0,-69.0
1777891169.8953323,0.0,-1.0,-61.0
1777891169.9053323,0.0,-1.0,-61.0
1777891169.9153323,3.0,-1.0,-67.0
1777891169.9253323,3.0,-1.0,-67.0
1777891169.9353323,5.0,-2.0,-62.0
1777891169.9453323,3.0,0.0,-60.0
1777891169.9553325,2.0,0.0,-59.0
1777891169.9653325,0.0,2.0,-64.0
1777891169.9753325,1.0,0.0,-66.0
1777891169.9853325,1.0,3.0,-65.0
1777891169.9953325,-2.0,6.0,-65.0
1777891170.0053325,-3.0,5.0,-66.0
1777891170.0153325,2.0,4.0,-64.0
1777891170.0253325,-1.0,2.0,-66.0
1777891170.0353324,0.0,2.0,-66.0
1777891170.0453324,0.0,2.0,-70.0
1777891170.0553324,-3.0,1.0,-71.0
1777891170.0653324,-3.0,0.0,-72.0
1777891170.0753324,-4.0,-1.0,-72.0
1777891170.0853324,-5.0,-1.0,-64.0
1777891170.0953324,-1.0,0.0,-67.0
1777891170.1053324,3.0,-4.0,-74.0
1777891170.1163323,9.0,-4.0,-79.0
1777891170.1253324,8.0,-2.0,-75.0
1777891170.1353323,9.0,-4.0,-72.0
1777891170.1453323,8.0,-5.0,-64.0
1777891170.1553323,2.0,-4.0,-64.0
1777891170.1653323,-2.0,-3.0,-65.0
1777891170.1753323,0.0,-4.0,-61.0
1777891170.1853323,-1.0,-4.0,-61.0
1777891170.1953323,0.0,-2.0,-65.0
1777891170.2053325,0.0,-4.0,-58.0
1777891170.2153325,4.0,-4.0,-59.0
1777891170.2253325,8.0,-1.0,-63.0
1777891170.2353325,4.0,-2.0,-66.0
1777891170.2453325,1.0,-4.0,-71.0
1777891170.2553325,-1.0,-6.0,-77.0
1777891170.2653325,0.0,-6.0,-78.0
1777891170.2753325,-2.0,-7.0,-72.0
1777891170.2853324,-6.0,-5.0,-76.0
1777891170.2953324,-5.0,0.0,-76.0
1777891170.3053324,-4.0,-1.0,-79.0
1777891170.3153324,-1.0,-4.0,-82.0
1777891170.3253324,0.0,-3.0,-78.0
1777891170.3353324,2.0,-6.0,-75.0
1777891170.3453324,7.0,-2.0,-81.0
1777891170.3553324,6.0,0.0,-91.0
1777891170.3653324,2.0,1.0,-88.0
1777891170.3753324,0.0,-1.0,-82.0
1777891170.3853323,3.0,-2.0,-78.0
1777891170.3953323,2.0,-3.0,-80.0
1777891170.4053323,4.0,-8.0,-75.0
1777891170.4153323,0.0,-6.0,-71.0
1777891170.4253323,-3.0,-5.0,-65.0
1777891170.4353323,-7.0,0.0,-65.0
1777891170.4453323,-5.0,0.0,-72.0
1777891170.4553325,-5.0,-1.0,-75.0
1777891170.4653325,-6.0,-1.0,-72.0
1777891170.4753325,-2.0,-3.0,-76.0
1777891170.4853325,-1.0,-2.0,-70.0
1777891170.4953325,-1.0,-1.0,-72.0
1777891170.5053325,0.0,-4.0,-76.0
1777891170.5153325,2.0,2.0,-78.0
1777891170.5253325,0.0,-1.0,-81.0
1777891170.5353324,0.0,-1.0,-78.0
1777891170.5453324,0.0,-3.0,-70.0
1777891170.5553324,-1.0,-2.0,-71.0
1777891170.5653324,-1.0,-4.0,-68.0
1777891170.5753324,3.0,0.0,-66.0
1777891170.5853324,6.0,0.0,-65.0
1777891170.5953324,5.0,0.0,-64.0
1777891170.6053324,0.0,-1.0,-66.0
1777891170.6153324,0.0,0.0,-67.0
1777891170.6253324,0.0,2.0,-62.0
1777891170.6353323,0.0,4.0,-58.0
1777891170.6453323,-3.0,0.0,-61.0
1777891170.6553323,-6.0,0.0,-66.0
1777891170.6653323,-5.0,0.0,-66.0
1777891170.6753323,-3.0,-3.0,-67.0
1777891170.6853323,-1.0,-1.0,-65.0
1777891170.6953323,-2.0,-2.0,-67.0
1777891170.7053325,2.0,-3.0,-70.0
1777891170.7153325,6.0,-3.0,-74.0
1777891170.7253325,0.0,-4.0,-72.0
1777891170.7353325,-5.0,-2.0,-73.0
1777891170.7453325,-5.0,-1.0,-79.0
1777891170.7553325,-6.0,2.0,-81.0
1777891170.7653325,-5.0,1.0,-76.0
1777891170.7753325,-5.0,-1.0,-69.0
1777891170.7853324,0.0,0.0,-69.0
1777891170.7953324,-3.0,-1.0,-68.0
1777891170.8053324,-4.0,2.0,-75.0
1777891170.8153324,-4.0,0.0,-72.0
1777891170.8253324,5.0,1.0,-74.0
1777891170.8353324,4.0,6.0,-73.0
1777891170.8453324,5.0,4.0,-75.0
1777891170.8553324,5.0,2.0,-80.0
1777891170.8653324,4.0,6.0,-79.0
1777891170.8753324,4.0,2.0,-70.0
1777891170.8853323,2.0,3.0,-74.0
1777891170.8953323,0.0,0.0,-73.0
1777891170.9053323,6.0,-4.0,-76.0
1777891170.9153323,9.0,0.0,-76.0
1777891170.9253323,8.0,1.0,-75.0
1777891170.9353323,6.0,-1.0,-74.0
1777891170.9453323,5.0,-4.0,-72.0
1777891170.9553325,0.0,-8.0,-73.0
1777891170.9653325,-3.0,-9.0,-70.0
1777891170.9753325,-4.0,-5.0,-80.0
1777891170.9853325,-1.0,-7.0,-83.0
1777891170.9953325,1.0,-6.0,-83.0
1777891171.0053325,4.0,-4.0,-74.0
1777891171.0153325,8.0,-1.0,-77.0
1777891171.0253325,8.0,0.0,-77.0
1777891171.0353324,6.0,2.0,-76.0
1777891171.0453324,0.0,1.0,-73.0
1777891171.0553324,-5.0,4.0,-74.0
1777891171.0653324,-12.0,11.0,-75.0
1777891171.0753324,-6.0,6.0,-81.0
1777891171.0853324,-4.0,0.0,-80.0
1777891171.0953324,1.0,0.0,-82.0
1777891171.1053324,-2.0,3.0,-81.0
1777891171.1153324,1.0,0.0,-77.0
1777891171.1253324,1.0,1.0,-82.0
1777891171.1353323,2.0,1.0,-83.0
1777891171.1453323,0.0,0.0,-84.0
1777891171.1553323,-7.0,2.0,-82.0
1777891171.1653323,-3.0,2.0,-78.0
1777891171.1753323,-5.0,0.0,-77.0
1777891171.1853323,0.0,0.0,-81.0
1777891171.1953323,-2.0,-5.0,-84.0
1777891171.2053325,0.0,-3.0,-79.0
1777891171.2153325,3.0,-2.0,-77.0
1777891171.2253325,4.0,-1.0,-73.0
1777891171.2353325,2.0,-2.0,-74.0
1777891171.2453325,1.0,-1.0,-72.0
1777891171.2553325,2.0,-2.0,-74.0
1777891171.2653325,-2.0,-1.0,-76.0
1777891171.2753325,-2.0,-1.0,-80.0
1777891171.2853324,-6.0,0.0,-82.0
1777891171.2953324,-6.0,-1.0,-83.0
1777891171.3053324,-3.0,-2.0,-77.0
1777891171.3153324,-1.0,0.0,-73.0
1777891171.3253324,-1.0,1.0,-74.0
1777891171.3353324,-2.0,-4.0,-79.0
1777891171.3453324,-1.0,-3.0,-79.0
1777891171.3553324,-1.0,-3.0,-82.0
1777891171.3653324,-6.0,-3.0,-73.0
1777891171.3753324,-4.0,-3.0,-72.0
1777891171.3853323,-1.0,-4.0,-72.0
1777891171.3953323,-1.0,1.0,-69.0
1777891171.4053323,0.0,3.0,-68.0
1777891171.4153323,-4.0,3.0,-69.0
1777891171.4253323,-1.0,2.0,-65.0
1777891171.4353323,1.0,4.0,-66.0
1777891171.4453323,2.0,4.0,-70.0
1777891171.4553325,0.0,6.0,-66.0
1777891171.4653325,1.0,6.0,-62.0
1777891171.4753325,3.0,4.0,-64.0
1777891171.4853325,2.0,3.0,-71.0
1777891171.4953325,0.0,2.0,-72.0
1777891171.5053325,1.0,4.0,-69.0
1777891171.5153325,-1.0,4.0,-70.0
1777891171.5253325,0.0,1.0,-72.0
1777891171.5363324,0.0,3.0,-70.0
1777891171.5453324,2.0,0.0,-76.0
1777891171.5553324,-3.0,-3.0,-75.0
1777891171.5653324,-2.0,-3.0,-73.0
1777891171.5753324,-1.0,0.0,-66.0
1777891171.5863323,0.0,1.0,-61.0
1777891171.5963323,0.0,5.0,-55.0
1777891171.6063323,-1.0,2.0,-59.0
1777891171.6163323,-1.0,3.0,-54.0
1777891171.6263323,0.0,5.0,-64.0
1777891171.6363325,0.0,1.0,-61.0
1777891171.6463325,1.0,2.0,-64.0
1777891171.6563325,3.0,0.0,-66.0
1777891171.6663325,1.0,3.0,-67.0
1777891171.6763325,2.0,1.0,-64.0
1777891171.6863325,3.0,2.0,-62.0
1777891171.6963325,-1.0,0.0,-66.0
1777891171.7063324,-5.0,0.0,-67.0
1777891171.7163324,1.0,-4.0,-67.0
1777891171.7263324,5.0,-4.0,-69.0
1777891171.7363324,3.0,-1.0,-77.0
1777891171.7463324,2.0,-2.0,-81.0
1777891171.7563324,7.0,-2.0,-73.0
1777891171.7663324,3.0,-3.0,-74.0
1777891171.7763324,1.0,-4.0,-73.0
1777891171.7863324,3.0,-7.0,-63.0
1777891171.7963324,7.0,-5.0,-65.0
1777891171.8063323,8.0,-2.0,-68.0
1777891171.8163323,10.0,-2.0,-62.0
1777891171.8263323,11.0,-3.0,-66.0
1777891171.8363323,11.0,-4.0,-71.0
1777891171.8463323,11.0,-5.0,-74.0
1777891171.8563323,10.0,-4.0,-75.0
1777891171.8663323,7.0,-4.0,-78.0
1777891171.8763323,10.0,-1.0,-74.0
1777891171.8863325,5.0,5.0,-73.0
1777891171.8963325,1.0,3.0,-75.0
1777891171.9063325,0.0,1.0,-75.0
1777891171.9163325,0.0,1.0,-74.0
1777891171.9263325,-3.0,1.0,-79.0
1777891171.9363325,-6.0,-4.0,-78.0
1777891171.9463325,-5.0,-8.0,-78.0
1777891171.9563324,-4.0,-5.0,-72.0
1777891171.9663324,-1.0,-7.0,-71.0
1777891171.9763324,0.0,-4.0,-66.0
1777891171.9863324,-1.0,-3.0,-63.0
1777891171.9963324,0.0,-6.0,-67.0
1777891172.0063324,3.0,-4.0,-67.0
1777891172.0163324,0.0,-3.0,-68.0
1777891172.0263324,-1.0,-1.0,-71.0
1777891172.0363324,-3.0,0.0,-73.0
1777891172.0463324,-1.0,0.0,-65.0
1777891172.0563323,-1.0,-1.0,-65.0
1777891172.0663323,-1.0,0.0,-66.0
1777891172.0763323,0.0,0.0,-64.0
1777891172.0863323,0.0,1.0,-69.0
1777891172.0963323,-5.0,0.0,-68.0
1777891172.1063323,-1.0,2.0,-79.0
1777891172.1163323,4.0,0.0,-83.0
1777891172.1263323,10.0,0.0,-79.0
1777891172.1363325,10.0,0.0,-75.0
1777891172.1463325,9.0,-5.0,-74.0
1777891172.1563325,1.0,-3.0,-73.0
1777891172.1663325,6.0,-3.0,-70.0
1777891172.1763325,8.0,-5.0,-73.0
1777891172.1863325,12.0,-6.0,-74.0
1777891172.1963325,11.0,-5.0,-72.0
1777891172.2063324,11.0,-6.0,-79.0
1777891172.2163324,7.0,-2.0,-80.0
1777891172.2263324,4.0,1.0,-80.0
1777891172.2363324,3.0,4.0,-83.0
1777891172.2463324,0.0,4.0,-75.0
1777891172.2563324,1.0,1.0,-74.0
1777891172.2663324,0.0,1.0,-70.0
1777891172.2763324,1.0,0.0,-73.0
1777891172.2863324,1.0,0.0,-74.0
1777891172.2963324,4.0,-2.0,-70.0
1777891172.3063323,3.0,-5.0,-68.0
1777891172.3163323,2.0,-4.0,-64.0
1777891172.3263323,1.0,-3.0,-64.0
1777891172.3363323,0.0,0.0,-61.0
1777891172.3463323,-4.0,3.0,-67.0
1777891172.3563323,-1.0,2.0,-70.0
1777891172.3663323,0.0,1.0,-73.0
1777891172.3763323,-1.0,1.0,-71.0
1777891172.3863325,-1.0,5.0,-73.0
1777891172.3963325,-2.0,5.0,-73.0
1777891172.4063325,-2.0,4.0,-75.0
1777891172.4163325,-2.0,2.0,-75.0
1777891172.4263325,0.0,3.0,-74.0
1777891172.4363325,3.0,2.0,-69.0
1777891172.4463325,5.0,0.0,-68.0
1777891172.4563324,2.0,2.0,-64.0
1777891172.4663324,1.0,3.0,-69.0
1777891172.4763324,2.0,2.0,-66.0
1777891172.4863324,-1.0,-1.0,-71.0
1777891172.4963324,-4.0,-2.0,-73.0
1777891172.5063324,-4.0,0.0,-78.0
1777891172.5163324,0.0,-2.0,-79.0
1777891172.5263324,-2.0,0.0,-77.0
1777891172.5363324,1.0,0.0,-77.0
1777891172.5463324,3.0,-1.0,-76.0
1777891172.5563323,5.0,2.0,-78.0
1777891172.5663323,1.0,3.0,-79.0
1777891172.5763323,2.0,3.0,-79.0
1777891172.5863323,0.0,6.0,-71.0
1777891172.5963323,0.0,4.0,-72.0
1777891172.6063323,3.0,0.0,-74.0
1777891172.6163323,8.0,-2.0,-73.0
1777891172.6263323,0.0,-3.0,-78.0
1777891172.6363325,-2.0,-4.0,-75.0
1777891172.6463325,0.0,-4.0,-74.0
1777891172.6563325,2.0,-4.0,-71.0
1777891172.6663325,4.0,-3.0,-77.0
1777891172.6763325,3.0,-4.0,-78.0
1777891172.6863325,5.0,-3.0,-76.0
1777891172.6963325,10.0,-2.0,-78.0
1777891172.7063324,7.0,-3.0,-81.0
1777891172.7163324,4.0,-4.0,-76.0
1777891172.7263324,3.0,-5.0,-69.0
1777891172.7363324,1.0,-5.0,-71.0
1777891172.7463324,3.0,-5.0,-76.0
1777891172.7563324,1.0,-6.0,-72.0
1777891172.7663324,2.0,-4.0,-64.0
1777891172.7763324,5.0,-6.0,-65.0
1777891172.7863324,4.0,-5.0,-63.0
1777891172.7963324,5.0,-8.0,-62.0
1777891172.8063323,7.0,-12.0,-69.0
1777891172.8163323,2.0,-8.0,-74.0
1777891172.8263323,4.0,-4.0,-75.0
1777891172.8363323,4.0,-6.0,-67.0
1777891172.8463323,6.0,-5.0,-70.0
1777891172.8563323,6.0,0.0,-71.0
1777891172.8663323,6.0,-3.0,-69.0
1777891172.8763323,2.0,-4.0,-71.0
1777891172.8863325,3.0,-5.0,-76.0
1777891172.8963325,2.0,-3.0,-74.0
1777891172.9063325,1.0,-8.0,-71.0
1777891172.9163325,1.0,-6.0,-71.0
1777891172.9263325,0.0,-4.0,-71.0
1777891172.9363325,1.0,-6.0,-78.0
1777891172.9463325,0.0,-7.0,-79.0
1777891172.9563324,3.0,-3.0,-78.0
1777891172.9663324,4.0,-6.0,-77.0
1777891172.9763324,4.0,-6.0,-76.0
1777891172.9863324,2.0,-4.0,-73.0
1777891172.9963324,-2.0,-4.0,-69.0
1777891173.0063324,-2.0,-6.0,-70.0
1777891173.0163324,-2.0,-1.0,-75.0
1777891173.0263324,1.0,0.0,-76.0
1777891173.0363324,4.0,0.0,-71.0
1777891173.0463324,3.0,2.0,-68.0
1777891173.0563323,0.0,2.0,-70.0
1777891173.0663323,-2.0,5.0,-72.0
1777891173.0763323,-3.0,4.0,-72.0
1777891173.0863323,-2.0,3.0,-69.0
1777891173.0963323,0.0,-1.0,-67.0
1777891173.1063323,-1.0,4.0,-67.0
1777891173.1163323,2.0,4.0,-69.0
1777891173.1263323,3.0,4.0,-64.0
1777891173.1363325,0.0,2.0,-70.0
1777891173.1463325,-1.0,3.0,-77.0
1777891173.1563325,-5.0,3.0,-74.0
1777891173.1663325,-9.0,2.0,-74.0
1777891173.1763325,-7.0,3.0,-74.0
1777891173.1863325,-7.0,3.0,-77.0
1777891173.1963325,-8.0,0.0,-73.0
1777891173.2063324,-4.0,-4.0,-72.0
1777891173.2163324,0.0,-9.0,-74.0
1777891173.2263324,0.0,-11.0,-74.0
1777891173.2363324,0.0,-12.0,-76.0
1777891173.2463324,-2.0,-11.0,-76.0
1777891173.2563324,2.0,-9.0,-75.0
1777891173.2663324,3.0,-5.0,-80.0
1777891173.2763324,8.0,-7.0,-83.0
1777891173.2863324,5.0,-6.0,-83.0
1777891173.2963324,6.0,-1.0,-79.0
1777891173.3063323,8.0,0.0,-69.0
1777891173.3163323,1.0,-2.0,-69.0
1777891173.3263323,1.0,-4.0,-71.0
1777891173.3363323,2.0,-3.0,-72.0
1777891173.3463323,3.0,-6.0,-75.0
1777891173.3563323,-1.0,-4.0,-65.0
1777891173.3663323,-4.0,1.0,-68.0
1777891173.3763323,0.0,2.0,-75.0
1777891173.3863325,6.0,-2.0,-75.0
1777891173.3963325,8.0,-1.0,-73.0
1777891173.4063325,7.0,-5.0,-73.0
1777891173.4163325,2.0,-8.0,-68.0
1777891173.4263325,0.0,-5.0,-72.0
1777891173.4363325,-6.0,-3.0,-64.0
1777891173.4463325,-9.0,-1.0,-64.0
1777891173.4563324,-4.0,-1.0,-73.0
1777891173.4663324,1.0,1.0,-76.0
1777891173.4763324,4.0,0.0,-77.0
1777891173.4863324,2.0,-2.0,-70.0
1777891173.4963324,0.0,-6.0,-75.0
1777891173.5063324,0.0,-5.0,-70.0
1777891173.5163324,-3.0,-2.0,-73.0
1777891173.5263324,0.0,-4.0,-73.0
1777891173.5363324,-6.0,-7.0,-75.0
1777891173.5463324,-4.0,-5.0,-74.0
1777891173.5563323,-5.0,0.0,-76.0
1777891173.5673325,0.0,0.0,-73.0
1777891173.5773325,2.0,0.0,-71.0
1777891173.5873325,1.0,-1.0,-72.0
1777891173.5973325,0.0,-3.0,-75.0
1777891173.6073325,1.0,3.0,-79.0
1777891173.6173325,1.0,3.0,-79.0
1777891173.6273324,4.0,-1.0,-78.0
1777891173.6373324,4.0,0.0,-65.0
1777891173.6473324,2.0,-3.0,-65.0
1777891173.6573324,3.0,-2.0,-69.0
1777891173.6673324,1.0,0.0,-68.0
1777891173.6773324,-5.0,-1.0,-63.0
1777891173.6873324,-3.0,-2.0,-62.0
1777891173.6973324,-1.0,-4.0,-67.0
1777891173.7073324,-1.0,-7.0,-68.0
1777891173.7173324,1.0,-6.0,-65.0
1777891173.7273324,-2.0,-3.0,-64.0
1777891173.7373323,0.0,0.0,-63.0
1777891173.7473323,0.0,-2.0,-69.0
1777891173.7573323,0.0,-2.0,-69.0
1777891173.7673323,1.0,0.0,-74.0
1777891173.7773323,-1.0,-2.0,-70.0
1777891173.7873323,-1.0,1.0,-67.0
1777891173.7973323,0.0,2.0,-65.0
1777891173.8073325,0.0,0.0,-65.0
1777891173.8173325,2.0,0.0,-65.0
1777891173.8273325,5.0,0.0,-72.0
1777891173.8373325,4.0,0.0,-77.0
1777891173.8473325,0.0,-1.0,-77.0
1777891173.8573325,0.0,-5.0,-78.0
1777891173.8673325,5.0,-5.0,-77.0
1777891173.8773324,5.0,-1.0,-76.0
1777891173.8873324,0.0,2.0,-79.0
1777891173.8973324,-2.0,4.0,-74.0
1777891173.9073324,0.0,3.0,-75.0
1777891173.9173324,-2.0,3.0,-73.0
1777891173.9273324,-4.0,4.0,-70.0
1777891173.9373324,-6.0,5.0,-69.0
1777891173.9473324,-4.0,2.0,-58.0
1777891173.9573324,-3.0,0.0,-59.0
1777891173.9673324,-2.0,-5.0,-59.0
1777891173.9773324,1.0,-6.0,-68.0
1777891173.9873323,5.0,-3.0,-68.0
1777891173.9973323,10.0,-1.0,-69.0
1777891174.0073323,8.0,-2.0,-71.0
1777891174.0173323,3.0,-5.0,-71.0
1777891174.0273323,-2.0,-4.0,-68.0
1777891174.0373323,-3.0,-1.0,-73.0
1777891174.0473323,-4.0,-3.0,-68.0
1777891174.0573325,-2.0,-2.0,-71.0
1777891174.0673325,-1.0,-4.0,-76.0
1777891174.0773325,0.0,-3.0,-74.0
1777891174.0873325,2.0,-3.0,-72.0
1777891174.0973325,4.0,-1.0,-74.0
1777891174.1073325,0.0,1.0,-76.0
1777891174.1173325,3.0,2.0,-70.0
1777891174.1273324,0.0,2.0,-70.0
1777891174.1373324,0.0,2.0,-67.0
1777891174.1473324,-3.0,1.0,-66.0
1777891174.1573324,3.0,0.0,-66.0
1777891174.1673324,1.0,-1.0,-66.0
1777891174.1773324,7.0,-3.0,-66.0
1777891174.1873324,4.0,-1.0,-65.0
1777891174.1973324,1.0,-5.0,-66.0
1777891174.2073324,-1.0,-5.0,-64.0
1777891174.2173324,-4.0,-4.0,-60.0
1777891174.2273324,0.0,0.0,-60.0
1777891174.2373323,3.0,-1.0,-67.0
1777891174.2473323,5.0,-2.0,-66.0
1777891174.2573323,5.0,-4.0,-65.0
1777891174.2673323,8.0,0.0,-64.0
1777891174.2773323,8.0,-2.0,-68.0
1777891174.2873323,11.0,0.0,-72.0
1777891174.2973323,11.0,2.0,-69.0
1777891174.3073325,6.0,0.0,-76.0
1777891174.3173325,3.0,0.0,-76.0
1777891174.3273325,6.0,0.0,-68.0
1777891174.3373325,8.0,2.0,-65.0
1777891174.3473325,9.0,0.0,-66.0
1777891174.3573325,8.0,0.0,-67.0
1777891174.3673325,3.0,0.0,-70.0
1777891174.3773324,5.0,-1.0,-68.0
1777891174.3873324,9.0,-2.0,-71.0
1777891174.3973324,2.0,-2.0,-67.0
1777891174.4073324,-3.0,2.0,-62.0
1777891174.4173324,-6.0,-1.0,-60.0
1777891174.4273324,-10.0,0.0,-65.0
1777891174.4373324,-8.0,0.0,-70.0
1777891174.4473324,-4.0,2.0,-72.0
1777891174.4573324,1.0,2.0,-69.0
1777891174.4673324,8.0,1.0,-63.0
1777891174.4773324,6.0,0.0,-65.0
1777891174.4873323,11.0,2.0,-71.0
1777891174.4973323,8.0,-2.0,-70.0
1777891174.5073323,6.0,-3.0,-69.0
1777891174.5173323,4.0,0.0,-62.0
1777891174.5273323,0.0,2.0,-56.0
1777891174.5373323,-2.0,-2.0,-64.0
1777891174.5473323,-7.0,-3.0,-63.0
1777891174.5573325,-3.0,-3.0,-70.0
1777891174.5673325,-4.0,0.0,-72.0
1777891174.5773325,-6.0,-3.0,-73.0
1777891174.5873325,-4.0,-2.0,-73.0
1777891174.5973325,-3.0,0.0,-76.0
1777891174.6073325,-7.0,-2.0,-78.0
1777891174.6173325,-8.0,-2.0,-77.0
1777891174.6273324,-7.0,-1.0,-70.0
1777891174.6373324,-7.0,-2.0,-71.0
1777891174.6473324,-4.0,0.0,-69.0
1777891174.6573324,-3.0,-1.0,-65.0
1777891174.6673324,0.0,0.0,-63.0
1777891174.6773324,3.0,0.0,-67.0
1777891174.6873324,4.0,-2.0,-77.0
1777891174.6973324,3.0,-4.0,-75.0
1777891174.7073324,-4.0,-6.0,-75.0
1777891174.7173324,-2.0,-4.0,-78.0
1777891174.7273324,-8.0,-4.0,-83.0
1777891174.7373323,-7.0,-6.0,-80.0
1777891174.7473323,-7.0,-2.0,-77.0
1777891174.7573323,0.0,-1.0,-72.0
1777891174.7673323,0.0,-4.0,-66.0
1777891174.7773323,-1.0,-5.0,-69.0
1777891174.7873323,3.0,-3.0,-65.0
1777891174.7973323,0.0,-5.0,-64.0
1777891174.8073325,0.0,-3.0,-62.0
1777891174.8173325,2.0,-3.0,-66.0
1777891174.8273325,-2.0,-4.0,-65.0
1777891174.8373325,-2.0,-8.0,-68.0
1777891174.8473325,-6.0,-6.0,-67.0
1777891174.8573325,-7.0,-8.0,-72.0
1777891174.8673325,0.0,-4.0,-76.0
1777891174.8773324,0.0,-1.0,-80.0
1777891174.8873324,1.0,2.0,-74.0
1777891174.8973324,0.0,2.0,-77.0
1777891174.9073324,0.0,1.0,-80.0
1777891174.9173324,-1.0,1.0,-82.0
1777891174.9273324,0.0,6.0,-81.0
1777891174.9373324,1.0,4.0,-76.0
1777891174.9473324,-2.0,1.0,-77.0
1777891174.9573324,0.0,1.0,-78.0
1777891174.9673324,1.0,-1.0,-77.0
1777891174.9773324,2.0,0.0,-78.0
1777891174.9873323,0.0,3.0,-71.0
1777891174.9973323,0.0,6.0,-73.0
1777891175.0073323,4.0,7.0,-73.0
1777891175.0173323,5.0,12.0,-69.0
1777891175.0273323,0.0,8.0,-66.0
1777891175.0373323,0.0,5.0,-72.0
1777891175.0473323,-5.0,3.0,-73.0
1777891175.0573325,-3.0,5.0,-75.0
1777891175.0673325,-2.0,2.0,-77.0
1777891175.0773325,0.0,1.0,-80.0
1777891175.0873325,0.0,0.0,-78.0
1777891175.0973325,4.0,-2.0,-71.0
1777891175.1073325,7.0,-1.0,-66.0
1777891175.1173325,10.0,-2.0,-69.0
1777891175.1273324,16.0,2.0,-71.0
1777891175.1373324,11.0,2.0,-73.0
1777891175.1473324,3.0,4.0,-68.0
1777891175.1573324,1.0,6.0,-72.0
1777891175.1673324,4.0,1.0,-75.0
1777891175.1773324,1.0,0.0,-74.0
1777891175.1873324,4.0,0.0,-76.0
1777891175.1973324,4.0,0.0,-75.0
1777891175.2073324,5.0,2.0,-68.0
1777891175.2173324,1.0,-1.0,-69.0
1777891175.2273324,1.0,-3.0,-64.0
1777891175.2373323,1.0,-3.0,-62.0
1777891175.2473323,0.0,-1.0,-63.0
1777891175.2573323,3.0,0.0,-54.0
1777891175.2673323,1.0,-2.0,-59.0
1777891175.2773323,1.0,0.0,-67.0
1777891175.2873323,0.0,0.0,-64.0
1777891175.2973323,1.0,0.0,-66.0
1777891175.3073325,-1.0,3.0,-75.0
1777891175.3173325,-1.0,6.0,-78.0
1777891175.3273325,3.0,7.0,-79.0
1777891175.3373325,7.0,6.0,-80.0
1777891175.3473325,7.0,4.0,-82.0
1777891175.3573325,2.0,0.0,-76.0
1777891175.3673325,1.0,0.0,-68.0
1777891175.3773324,4.0,3.0,-61.0
1777891175.3873324,0.0,1.0,-63.0
1777891175.3973324,0.0,2.0,-73.0
1777891175.4073324,3.0,1.0,-72.0
1777891175.4173324,2.0,-1.0,-71.0
1777891175.4273324,0.0,-1.0,-75.0
1777891175.4373324,4.0,0.0,-71.0
1777891175.4473324,7.0,0.0,-70.0
1777891175.4573324,8.0,-2.0,-66.0
1777891175.4673324,7.0,-3.0,-62.0
1777891175.4773324,7.0,0.0,-67.0
1777891175.4883325,6.0,0.0,-68.0
1777891175.4973323,9.0,-2.0,-75.0
1777891175.5073323,10.0,1.0,-78.0
1777891175.5183325,5.0,0.0,-81.0
1777891175.5283325,0.0,-1.0,-81.0
1777891175.5383325,0.0,1.0,-73.0
1777891175.5483325,0.0,0.0,-64.0
1777891175.5583324,0.0,-2.0,-67.0
1777891175.5683324,0.0,-2.0,-72.0
1777891175.5783324,0.0,-5.0,-75.0
1777891175.5883324,2.0,-6.0,-74.0
1777891175.5983324,7.0,-4.0,-78.0
1777891175.6083324,8.0,-2.0,-76.0
1777891175.6183324,8.0,0.0,-75.0
1777891175.6283324,0.0,-2.0,-66.0
1777891175.6383324,-4.0,0.0,-63.0
1777891175.6483324,-3.0,1.0,-66.0
1777891175.6583323,0.0,2.0,-69.0
1777891175.6683323,-2.0,3.0,-73.0
1777891175.6783323,-2.0,2.0,-68.0
1777891175.6883323,1.0,1.0,-69.0
1777891175.6983323,1.0,2.0,-70.0
1777891175.7083323,1.0,-1.0,-65.0
1777891175.7183323,3.0,2.0,-66.0
1777891175.7283323,4.0,1.0,-68.0
1777891175.7383325,1.0,4.0,-75.0
1777891175.7483325,2.0,0.0,-75.0
1777891175.7583325,0.0,-3.0,-75.0
1777891175.7683325,2.0,-5.0,-70.0
1777891175.7783325,4.0,-8.0,-64.0
1777891175.7883325,0.0,-8.0,-66.0
1777891175.7983325,0.0,-1.0,-69.0
1777891175.8083324,-5.0,0.0,-79.0
1777891175.8183324,-3.0,-2.0,-72.0
1777891175.8283324,-1.0,-1.0,-72.0
1777891175.8383324,0.0,1.0,-80.0
1777891175.8483324,0.0,-2.0,-80.0
1777891175.8583324,0.0,-2.0,-83.0
1777891175.8683324,5.0,1.0,-78.0
1777891175.8783324,4.0,3.0,-72.0
1777891175.8883324,1.0,0.0,-71.0
1777891175.8983324,-4.0,-4.0,-71.0
1777891175.9083323,-4.0,-6.0,-77.0
1777891175.9183323,-1.0,-3.0,-75.0
1777891175.9283323,2.0,-2.0,-76.0
1777891175.9383323,2.0,2.0,-75.0
1777891175.9483323,3.0,7.0,-70.0
1777891175.9583323,-5.0,4.0,-71.0
1777891175.9683323,-4.0,0.0,-72.0
1777891175.9783323,-6.0,-1.0,-71.0
1777891175.9883325,-8.0,2.0,-73.0
1777891175.9983325,-2.0,1.0,-77.0
1777891176.0083325,-2.0,2.0,-76.0
1777891176.0183325,0.0,3.0,-79.0
1777891176.0283325,1.0,3.0,-77.0
1777891176.0383325,1.0,-1.0,-76.0
1777891176.0483325,-2.0,-3.0,-75.0
1777891176.0583324,-4.0,-7.0,-76.0
1777891176.0683324,-6.0,-7.0,-77.0
1777891176.0783324,-6.0,-7.0,-77.0
1777891176.0883324,-4.0,-6.0,-74.0
1777891176.0983324,-7.0,-3.0,-68.0
1777891176.1083324,-5.0,-1.0,-71.0
1777891176.1183324,-5.0,0.0,-69.0
1777891176.1283324,-1.0,-4.0,-72.0
1777891176.1383324,-2.0,-1.0,-76.0
1777891176.1483324,-3.0,0.0,-81.0
1777891176.1583323,-6.0,1.0,-81.0
1777891176.1683323,-7.0,1.0,-78.0
1777891176.1783323,-6.0,6.0,-65.0
1777891176.1883323,-4.0,1.0,-68.0
1777891176.1983323,0.0,1.0,-68.0
1777891176.2083323,-1.0,2.0,-70.0
1777891176.2183323,0.0,1.0,-73.0
1777891176.2283323,-1.0,4.0,-72.0
1777891176.2383325,1.0,1.0,-72.0
1777891176.2483325,2.0,2.0,-71.0
1777891176.2583325,5.0,2.0,-74.0
1777891176.2683325,0.0,1.0,-76.0
1777891176.2783325,1.0,0.0,-80.0
1777891176.2883325,-2.0,-1.0,-77.0
1777891176.2983325,-3.0,-2.0,-68.0
1777891176.3083324,0.0,-1.0,-68.0
1777891176.3183324,-3.0,-3.0,-72.0
1777891176.3283324,-2.0,-4.0,-75.0
1777891176.3383324,4.0,-5.0,-75.0
1777891176.3483324,0.0,-7.0,-76.0
1777891176.3583324,-2.0,-5.0,-80.0
1777891176.3683324,-5.0,-4.0,-79.0
1777891176.3783324,-2.0,-4.0,-74.0
1777891176.3883324,-2.0,-5.0,-64.0
1777891176.3983324,0.0,-4.0,-62.0
1777891176.4083323,-2.0,-1.0,-60.0
1777891176.4183323,-5.0,0.0,-60.0
1777891176.4283323,-12.0,6.0,-59.0
1777891176.4383323,-6.0,3.0,-60.0
1777891176.4483323,-7.0,0.0,-59.0
1777891176.4583323,-11.0,0.0,-54.0
1777891176.4683323,-12.0,3.0,-57.0
1777891176.4783323,-9.0,0.0,-65.0
1777891176.4883325,-1.0,2.0,-67.0
1777891176.4983325,1.0,4.0,-69.0
1777891176.5083325,1.0,3.0,-66.0
1777891176.5183325,2.0,2.0,-76.0
1777891176.5283325,1.0,1.0,-72.0
1777891176.5383325,2.0,0.0,-73.0
1777891176.5483325,2.0,2.0,-78.0
1777891176.5583324,1.0,0.0,-79.0
1777891176.5683324,3.0,1.0,-78.0
1777891176.5783324,2.0,-1.0,-79.0
1777891176.5883324,1.0,2.0,-75.0
1777891176.5983324,6.0,0.0,-70.0
1777891176.6083324,3.0,-1.0,-74.0
1777891176.6183324,3.0,3.0,-72.0
1777891176.6283324,2.0,1.0,-65.0
1777891176.6383324,0.0,0.0,-62.0
1777891176.6483324,1.0,-1.0,-60.0
1777891176.6583323,1.0,-2.0,-70.0
1777891176.6683323,6.0,0.0,-64.0
1777891176.6783323,5.0,-1.0,-66.0
1777891176.6883323,3.0,-1.0,-68.0
1777891176.6983323,2.0,-2.0,-64.0
1777891176.7083323,3.0,-7.0,-67.0
1777891176.7183323,7.0,-9.0,-66.0
1777891176.7283323,3.0,-7.0,-63.0
1777891176.7383325,4.0,-9.0,-64.0
1777891176.7483325,7.0,-7.0,-66.0
1777891176.7583325,8.0,-1.0,-64.0
1777891176.7683325,8.0,-4.0,-67.0
1777891176.7783325,9.0,-2.0,-69.0
1777891176.7883325,11.0,-6.0,-74.0
1777891176.7983325,9.0,-3.0,-74.0
1777891176.8083324,11.0,0.0,-70.0
1777891176.8183324,9.0,2.0,-68.0
1777891176.8283324,4.0,2.0,-70.0
1777891176.8383324,4.0,-3.0,-65.0
1777891176.8483324,2.0,-5.0,-65.0
1777891176.8583324,0.0,-4.0,-61.0
1777891176.8683324,-4.0,1.0,-59.0
1777891176.8783324,-2.0,0.0,-64.0
1777891176.8883324,0.0,0.0,-58.0
1777891176.8983324,2.0,-2.0,-63.0
1777891176.9083323,2.0,4.0,-63.0
1777891176.9183323,-2.0,2.0,-58.0
1777891176.9283323,-1.0,4.0,-55.0
1777891176.9383323,-4.0,5.0,-56.0
1777891176.9483323,-5.0,4.0,-58.0
1777891176.9583323,-3.0,4.0,-55.0
1777891176.9683323,-4.0,6.0,-51.0
1777891176.9783323,-7.0,5.0,-54.0
1777891176.9883325,-7.0,9.0,-61.0
1777891176.9983325,-6.0,8.0,-73.0
1777891177.0083325,-3.0,4.0,-81.0
1777891177.0183325,0.0,5.0,-82.0
1777891177.0283325,1.0,2.0,-75.0
1777891177.0383325,0.0,2.0,-72.0
1777891177.0483325,1.0,3.0,-67.0
1777891177.0583324,0.0,0.0,-67.0
1777891177.0683324,3.0,0.0,-70.0
1777891177.0783324,0.0,0.0,-68.0
1777891177.0883324,2.0,-5.0,-72.0
1777891177.0983324,0.0,-4.0,-74.0
1777891177.1083324,1.0,-2.0,-77.0
1777891177.1183324,1.0,0.0,-67.0
1777891177.1283324,4.0,-2.0,-61.0
1777891177.1383324,1.0,-1.0,-64.0
1777891177.1483324,3.0,-5.0,-74.0
1777891177.1583323,0.0,-6.0,-76.0
1777891177.1683323,-2.0,-4.0,-70.0
1777891177.1783323,-3.0,-3.0,-72.0
1777891177.1883323,-8.0,0.0,-75.0
1777891177.1983323,-5.0,1.0,-72.0
1777891177.2083323,-3.0,3.0,-71.0
1777891177.2183323,-3.0,5.0,-67.0
1777891177.2283323,1.0,6.0,-65.0
1777891177.2383325,3.0,7.0,-58.0
1777891177.2483325,2.0,3.0,-62.0
1777891177.2583325,1.0,-2.0,-66.0
1777891177.2683325,1.0,-3.0,-67.0
1777891177.2783325,5.0,-1.0,-66.0
1777891177.2883325,0.0,-4.0,-70.0
1777891177.2983325,2.0,-3.0,-73.0
1777891177.3083324,1.0,-1.0,-73.0
1777891177.3183324,-4.0,-4.0,-75.0
1777891177.3283324,-1.0,0.0,-65.0
1777891177.3383324,3.0,1.0,-63.0
1777891177.3483324,2.0,0.0,-59.0
1777891177.3583324,2.0,0.0,-59.0
1777891177.3683324,1.0,-2.0,-61.0
1777891177.3783324,-2.0,-2.0,-69.0
1777891177.3883324,1.0,-2.0,-70.0
1777891177.3983324,-1.0,0.0,-69.0
1777891177.4083323,-2.0,-1.0,-73.0
1777891177.4183323,3.0,-5.0,-72.0
1777891177.4283323,4.0,-5.0,-73.0
1777891177.4383323,8.0,-8.0,-74.0
1777891177.4483323,8.0,-9.0,-71.0
1777891177.4583323,7.0,-8.0,-75.0
1777891177.4683323,8.0,-3.0,-72.0
1777891177.4783323,9.0,-7.0,-71.0
1777891177.4883325,13.0,-5.0,-72.0
1777891177.4983325,10.0,-1.0,-76.0
1777891177.5093324,8.0,3.0,-76.0
1777891177.5193324,6.0,0.0,-79.0
1777891177.5283325,0.0,0.0,-81.0
1777891177.5393324,0.0,-2.0,-77.0
1777891177.5493324,-3.0,-6.0,-73.0
1777891177.5593324,2.0,-10.0,-75.0
1777891177.5693324,-2.0,-4.0,-70.0
1777891177.5793324,-2.0,-2.0,-71.0
1777891177.5893323,0.0,-2.0,-72.0
1777891177.5993323,2.0,0.0,-75.0
1777891177.6093323,0.0,-5.0,-67.0
1777891177.6193323,-1.0,-2.0,-67.0
1777891177.6293323,0.0,-2.0,-70.0
1777891177.6393323,-2.0,0.0,-67.0
1777891177.6493323,0.0,0.0,-65.0
1777891177.6593325,-2.0,-1.0,-69.0
1777891177.6693325,0.0,-3.0,-75.0
1777891177.6793325,0.0,-7.0,-75.0
1777891177.6893325,3.0,-3.0,-70.0
1777891177.6993325,3.0,-4.0,-70.0
1777891177.7093325,0.0,-4.0,-74.0
1777891177.7193325,-2.0,-1.0,-73.0
1777891177.7293324,-1.0,-1.0,-70.0
1777891177.7393324,-1.0,0.0,-64.0
1777891177.7493324,1.0,0.0,-65.0
1777891177.7593324,3.0,0.0,-66.0
1777891177.7693324,2.0,1.0,-69.0
1777891177.7793324,4.0,0.0,-74.0
1777891177.7893324,5.0,-3.0,-64.0
1777891177.7993324,9.0,-6.0,-71.0
1777891177.8093324,6.0,-7.0,-72.0
1777891177.8193324,4.0,-5.0,-79.0
1777891177.8293324,4.0,-2.0,-79.0
1777891177.8393323,5.0,-3.0,-74.0
1777891177.8493323,0.0,0.0,-75.0
1777891177.8593323,-1.0,2.0,-71.0
1777891177.8693323,-2.0,0.0,-68.0
1777891177.8793323,0.0,3.0,-65.0
1777891177.8893323,-3.0,2.0,-70.0
1777891177.8993323,-3.0,3.0,-73.0
1777891177.9093325,-4.0,3.0,-72.0
1777891177.9193325,-2.0,1.0,-80.0
1777891177.9293325,-4.0,1.0,-76.0
1777891177.9393325,-4.0,0.0,-71.0
1777891177.9493325,-3.0,0.0,-74.0
1777891177.9593325,1.0,-4.0,-78.0
1777891177.9693325,0.0,-6.0,-77.0
1777891177.9793324,0.0,-7.0,-73.0
1777891177.9893324,0.0,-6.0,-69.0
1777891177.9993324,3.0,-1.0,-69.0
1777891178.0093324,1.0,1.0,-77.0
1777891178.0193324,0.0,0.0,-79.0
1777891178.0293324,0.0,-1.0,-78.0
1777891178.0393324,-2.0,1.0,-70.0
1777891178.0493324,-2.0,-2.0,-72.0
1777891178.0593324,0.0,-4.0,-80.0
1777891178.0693324,-2.0,-3.0,-79.0
1777891178.0793324,-2.0,-8.0,-74.0
1777891178.0893323,2.0,-6.0,-70.0
1777891178.0993323,4.0,0.0,-73.0
1777891178.1093323,4.0,0.0,-74.0
1777891178.1193323,3.0,1.0,-78.0
1777891178.1293323,0.0,1.0,-77.0
1777891178.1393323,-1.0,-1.0,-74.0
1777891178.1493323,1.0,-1.0,-68.0
1777891178.1593325,-2.0,1.0,-62.0
1777891178.1693325,-1.0,0.0,-65.0
1777891178.1793325,1.0,0.0,-69.0
1777891178.1893325,4.0,0.0,-75.0
1777891178.1993325,9.0,2.0,-74.0
1777891178.2093325,6.0,-1.0,-67.0
1777891178.2193325,6.0,-6.0,-66.0
1777891178.2293324,2.0,-7.0,-65.0
1777891178.2393324,10.0,-5.0,-63.0
1777891178.2493324,11.0,-2.0,-72.0
1777891178.2593324,12.0,-1.0,-71.0
1777891178.2693324,9.0,2.0,-65.0
1777891178.2793324,8.0,1.0,-72.0
1777891178.2893324,6.0,0.0,-74.0
1777891178.2993324,6.0,-3.0,-73.0
1777891178.3093324,2.0,-3.0,-72.0
1777891178.3193324,4.0,-5.0,-76.0
1777891178.3293324,3.0,-5.0,-74.0
1777891178.3393323,1.0,-7.0,-72.0
1777891178.3493323,3.0,-7.0,-72.0
1777891178.3593323,2.0,-9.0,-73.0
1777891178.3693323,2.0,-7.0,-70.0
1777891178.3793323,2.0,-2.0,-69.0
1777891178.3893323,-2.0,-3.0,-72.0
1777891178.3993323,-2.0,-2.0,-71.0
1777891178.4093325,0.0,1.0,-72.0
1777891178.4193325,0.0,0.0,-75.0
1777891178.4293325,0.0,0.0,-74.0
1777891178.4393325,-2.0,1.0,-76.0
1777891178.4493325,-5.0,0.0,-76.0
1777891178.4593325,-5.0,-3.0,-76.0
1777891178.4693325,-2.0,-4.0,-70.0
1777891178.4793324,-9.0,-3.0,-64.0
1777891178.4893324,-11.0,-1.0,-68.0
1777891178.4993324,-8.0,0.0,-68.0
1777891178.5093324,-3.0,-1.0,-61.0
1777891178.5193324,0.0,-5.0,-61.0
1777891178.5293324,0.0,-7.0,-60.0
1777891178.5393324,1.0,-3.0,-64.0
1777891178.5493324,2.0,-4.0,-64.0
1777891178.5603323,0.0,-8.0,-64.0
1777891178.5693324,4.0,-7.0,-67.0
1777891178.5793324,8.0,-7.0,-67.0
1777891178.5893323,8.0,-10.0,-63.0
1777891178.5993323,3.0,-7.0,-66.0
1777891178.6093323,1.0,-4.0,-71.0
1777891178.6193323,-2.0,-4.0,-84.0
1777891178.6293323,-4.0,-4.0,-88.0
1777891178.6393323,-3.0,0.0,-85.0
1777891178.6493323,-2.0,1.0,-87.0
1777891178.6593325,-4.0,2.0,-77.0
1777891178.6693325,-4.0,1.0,-75.0
1777891178.6793325,-4.0,-2.0,-74.0
1777891178.6893325,-1.0,0.0,-85.0
1777891178.6993325,1.0,-1.0,-82.0
1777891178.7093325,-3.0,-4.0,-74.0
1777891178.7193325,-4.0,-6.0,-76.0
1777891178.7293324,-1.0,-7.0,-77.0
1777891178.7393324,2.0,-5.0,-81.0
1777891178.7493324,1.0,-1.0,-76.0
1777891178.7593324,-3.0,0.0,-73.0
1777891178.7693324,-2.0,2.0,-78.0
1777891178.7793324,4.0,0.0,-76.0
1777891178.7893324,2.0,-1.0,-78.0
1777891178.7993324,1.0,0.0,-76.0
1777891178.8093324,3.0,0.0,-74.0
1777891178.8193324,2.0,0.0,-77.0
1777891178.8293324,1.0,3.0,-76.0
1777891178.8393323,3.0,8.0,-77.0
1777891178.8493323,2.0,10.0,-72.0
1777891178.8593323,5.0,10.0,-73.0
1777891178.8693323,4.0,8.0,-70.0
1777891178.8793323,2.0,6.0,-76.0
1777891178.8893323,0.0,1.0,-73.0
1777891178.8993323,-1.0,0.0,-66.0
1777891178.9093325,-6.0,1.0,-68.0
1777891178.9193325,-6.0,1.0,-67.0
1777891178.9293325,-1.0,1.0,-76.0
1777891178.9393325,1.0,0.0,-77.0
1777891178.9493325,1.0,-1.0,-79.0
1777891178.9593325,-1.0,0.0,-72.0
1777891178.9693325,-3.0,0.0,-70.0
1777891178.9793324,-2.0,1.0,-77.0
1777891178.9893324,1.0,-1.0,-75.0
1777891178.9993324,0.0,3.0,-74.0
1777891179.0093324,0.0,1.0,-69.0
1777891179.0193324,0.0,3.0,-73.0
1777891179.0293324,-3.0,4.0,-72.0
1777891179.0393324,-2.0,0.0,-73.0
1777891179.0493324,-6.0,-2.0,-70.0
1777891179.0593324,-5.0,-1.0,-69.0
1777891179.0693324,-5.0,-1.0,-71.0
1777891179.0793324,-6.0,-5.0,-74.0
1777891179.0893323,-4.0,-7.0,-75.0
1777891179.0993323,0.0,-9.0,-71.0
1777891179.1093323,0.0,-4.0,-71.0
1777891179.1193323,3.0,-3.0,-78.0
1777891179.1293323,0.0,-2.0,-75.0
1777891179.1393323,-4.0,-1.0,-72.0
1777891179.1493323,0.0,-2.0,-78.0
1777891179.1593325,3.0,-2.0,-71.0
1777891179.1693325,5.0,0.0,-70.0
1777891179.1793325,4.0,-3.0,-66.0
1777891179.1893325,0.0,-1.0,-69.0
1777891179.1993325,3.0,-3.0,-72.0
1777891179.2093325,-1.0,-2.0,-68.0
1777891179.2193325,-2.0,0.0,-66.0
1777891179.2293324,-3.0,-2.0,-59.0
1777891179.2403324,0.0,-4.0,-59.0
1777891179.2493324,0.0,-6.0,-68.0
1777891179.2593324,-1.0,-3.0,-76.0
1777891179.2693324,-1.0,-8.0,-76.0
1777891179.2793324,1.0,-8.0,-79.0
1777891179.2893324,1.0,-6.0,-75.0
1777891179.2993324,7.0,-4.0,-70.0
1777891179.3093324,2.0,0.0,-64.0
1777891179.3193324,1.0,6.0,-68.0
1777891179.3293324,-1.0,6.0,-79.0
1777891179.3393323,-3.0,3.0,-82.0
1777891179.3493323,0.0,3.0,-81.0
1777891179.3593323,0.0,5.0,-76.0
1777891179.3693323,0.0,3.0,-73.0
1777891179.3793323,5.0,0.0,-73.0
1777891179.3893323,4.0,0.0,-77.0
1777891179.3993323,3.0,2.0,-75.0
1777891179.4093325,6.0,1.0,-75.0
1777891179.4193325,1.0,0.0,-71.0
1777891179.4293325,7.0,-1.0,-71.0
1777891179.4393325,5.0,-2.0,-68.0
1777891179.4493325,0.0,0.0,-64.0
1777891179.4593325,2.0,-1.0,-67.0
1777891179.4703324,5.0,3.0,-66.0
1777891179.4793324,9.0,1.0,-69.0
1777891179.4893324,10.0,0.0,-69.0
1777891179.5003324,7.0,-2.0,-66.0
1777891179.5093324,7.0,-1.0,-66.0
1777891179.5203323,6.0,-1.0,-66.0
1777891179.5303323,6.0,-5.0,-63.0
1777891179.5403323,3.0,-4.0,-59.0
1777891179.5503323,2.0,-7.0,-59.0
1777891179.5603323,0.0,-3.0,-71.0
1777891179.5703323,-3.0,-1.0,-72.0
1777891179.5803325,-5.0,-3.0,-66.0
1777891179.5903325,0.0,-3.0,-64.0
1777891179.6003325,-2.0,-4.0,-61.0
1777891179.6103325,-7.0,-1.0,-54.0
1777891179.6203325,-4.0,-1.0,-63.0
1777891179.6303325,-4.0,3.0,-63.0
1777891179.6403325,-1.0,3.0,-67.0
1777891179.6503325,0.0,3.0,-70.0
1777891179.6603324,-1.0,3.0,-72.0
1777891179.6703324,-2.0,-3.0,-71.0
1777891179.6803324,-4.0,-2.0,-66.0
1777891179.6903324,0.0,-2.0,-66.0
1777891179.7003324,0.0,-3.0,-68.0
1777891179.7103324,-2.0,-3.0,-72.0
1777891179.7203324,-1.0,-4.0,-66.0
1777891179.7303324,-2.0,-6.0,-71.0
1777891179.7403324,-1.0,-4.0,-72.0
1777891179.7503324,0.0,-4.0,-73.0
1777891179.7603323,-3.0,0.0,-77.0
1777891179.7703323,-3.0,2.0,-75.0
1777891179.7803323,-1.0,-1.0,-64.0
1777891179.7903323,2.0,-1.0,-62.0
1777891179.8003323,2.0,1.0,-68.0
1777891179.8103323,2.0,2.0,-64.0
1777891179.8203323,4.0,-2.0,-66.0
1777891179.8303325,-1.0,-3.0,-65.0
1777891179.8403325,0.0,-2.0,-64.0
1777891179.8503325,2.0,-1.0,-68.0
1777891179.8603325,6.0,-2.0,-62.0
1777891179.8703325,10.0,0.0,-63.0
1777891179.8803325,10.0,1.0,-64.0
1777891179.8903325,9.0,0.0,-66.0
1777891179.9003325,9.0,-1.0,-71.0
1777891179.9103324,9.0,0.0,-77.0
1777891179.9203324,8.0,-1.0,-85.0
1777891179.9303324,7.0,0.0,-90.0
1777891179.9403324,6.0,3.0,-89.0
1777891179.9503324,8.0,2.0,-88.0
1777891179.9603324,8.0,0.0,-83.0
1777891179.9703324,8.0,1.0,-75.0
1777891179.9803324,9.0,-2.0,-77.0
1777891179.9903324,6.0,-2.0,-75.0
1777891180.0003324,4.0,-3.0,-76.0
1777891180.0103323,3.0,-5.0,-73.0
1777891180.0203323,3.0,-6.0,-74.0
1777891180.0303323,1.0,-2.0,-79.0
1777891180.0403323,-2.0,-7.0,-79.0
1777891180.0503323,-3.0,-7.0,-76.0
1777891180.0603323,-2.0,-7.0,-69.0
1777891180.0703323,-4.0,-3.0,-66.0
1777891180.0803325,-1.0,-1.0,-63.0
1777891180.0903325,2.0,0.0,-67.0
1777891180.1003325,6.0,-2.0,-69.0
1777891180.1103325,5.0,-3.0,-74.0
1777891180.1203325,5.0,-2.0,-71.0
1777891180.1303325,-1.0,0.0,-72.0
1777891180.1403325,-2.0,0.0,-75.0
1777891180.1503325,-2.0,0.0,-75.0
1777891180.1603324,-1.0,-2.0,-73.0
1777891180.1703324,0.0,-6.0,-76.0
1777891180.1803324,-2.0,-4.0,-82.0
1777891180.1903324,-1.0,-3.0,-74.0
1777891180.2003324,1.0,0.0,-73.0
1777891180.2103324,0.0,-2.0,-73.0
1777891180.2203324,-1.0,0.0,-73.0
1777891180.2303324,-8.0,-1.0,-77.0
1777891180.2403324,-8.0,-2.0,-75.0
1777891180.2503324,-5.0,-2.0,-78.0
1777891180.2603323,-7.0,-1.0,-79.0
1777891180.2703323,-1.0,0.0,-74.0
1777891180.2803323,3.0,0.0,-73.0
1777891180.2903323,2.0,2.0,-77.0
1777891180.3003323,-2.0,4.0,-70.0
1777891180.3103323,-3.0,4.0,-71.0
1777891180.3203323,-4.0,3.0,-74.0
1777891180.3303325,-3.0,0.0,-71.0
1777891180.3403325,-4.0,0.0,-74.0
1777891180.3503325,-3.0,0.0,-70.0
1777891180.3603325,0.0,0.0,-73.0
1777891180.3703325,0.0,2.0,-72.0
1777891180.3803325,-3.0,0.0,-73.0
1777891180.3903325,0.0,-2.0,-78.0
1777891180.4003325,-2.0,-2.0,-77.0
1777891180.4103324,1.0,-2.0,-74.0
1777891180.4203324,0.0,0.0,-69.0
1777891180.4303324,-5.0,-5.0,-71.0
1777891180.4403324,-4.0,-7.0,-72.0
1777891180.4503324,-2.0,-1.0,-65.0
1777891180.4603324,0.0,-1.0,-59.0
1777891180.4703324,-2.0,0.0,-60.0
1777891180.4803324,-5.0,1.0,-60.0
1777891180.4903324,-1.0,3.0,-64.0
1777891180.5003324,3.0,0.0,-57.0
1777891180.5103323,1.0,1.0,-69.0
1777891180.5203323,2.0,0.0,-68.0
1777891180.5303323,1.0,0.0,-61.0
1777891180.5403323,2.0,-3.0,-65.0
1777891180.5503323,-2.0,-6.0,-65.0
1777891180.5603323,-3.0,-5.0,-63.0
1777891180.5703323,-5.0,-4.0,-67.0
1777891180.5803325,-6.0,-7.0,-63.0
1777891180.5903325,-4.0,-7.0,-67.0
1777891180.6003325,-2.0,-2.0,-73.0
1777891180.6103325,-1.0,-1.0,-77.0
1777891180.6203325,3.0,-3.0,-70.0
1777891180.6303325,0.0,-6.0,-65.0
1777891180.6403325,-3.0,-3.0,-62.0
1777891180.6503325,0.0,0.0,-69.0
1777891180.6603324,3.0,0.0,-75.0
1777891180.6703324,5.0,-1.0,-75.0
1777891180.6803324,7.0,-2.0,-68.0
1777891180.6903324,0.0,1.0,-75.0
1777891180.7003324,-4.0,3.0,-71.0
1777891180.7103324,-4.0,2.0,-74.0
1777891180.7203324,-1.0,0.0,-76.0
1777891180.7303324,1.0,3.0,-81.0
1777891180.7403324,-1.0,2.0,-76.0
1777891180.7503324,-2.0,1.0,-69.0
1777891180.7603323,-5.0,1.0,-65.0
1777891180.7703323,-7.0,0.0,-68.0
1777891180.7803323,-5.0,1.0,-69.0
1777891180.7903323,0.0,0.0,-72.0
1777891180.8003323,3.0,0.0,-68.0
1777891180.8103323,0.0,-1.0,-68.0
1777891180.8203323,-3.0,-1.0,-62.0
1777891180.8303325,0.0,0.0,-73.0
1777891180.8403325,0.0,0.0,-74.0
1777891180.8503325,3.0,-3.0,-71.0
1777891180.8603325,6.0,-3.0,-67.0
1777891180.8703325,2.0,0.0,-68.0
1777891180.8803325,0.0,-2.0,-71.0
1777891180.8903325,0.0,0.0,-69.0
1777891180.9003325,0.0,-1.0,-67.0
1777891180.9103324,0.0,0.0,-64.0
1777891180.9203324,2.0,0.0,-65.0
1777891180.9303324,-1.0,0.0,-77.0
1777891180.9403324,-2.0,0.0,-75.0
1777891180.9503324,-1.0,-1.0,-71.0
1777891180.9603324,0.0,-3.0,-74.0
1777891180.9703324,-4.0,4.0,-76.0
1777891180.9803324,-7.0,2.0,-75.0
1777891180.9903324,-4.0,1.0,-72.0
1777891181.0003324,-5.0,1.0,-73.0
1777891181.0103323,-1.0,0.0,-76.0
1777891181.0203323,-2.0,1.0,-74.0
1777891181.0303323,-5.0,-1.0,-72.0
1777891181.0403323,-3.0,3.0,-75.0
1777891181.0503323,-2.0,4.0,-68.0
1777891181.0603323,0.0,-2.0,-64.0
1777891181.0703323,0.0,-4.0,-64.0
1777891181.0803325,0.0,-6.0,-58.0
1777891181.0903325,1.0,-3.0,-65.0
1777891181.1003325,2.0,-4.0,-74.0
1777891181.1103325,0.0,-3.0,-72.0
1777891181.1203325,1.0,-6.0,-73.0
1777891181.1303325,3.0,-4.0,-81.0
1777891181.1403325,2.0,-1.0,-77.0
1777891181.1503325,0.0,0.0,-77.0
1777891181.1603324,-4.0,1.0,-77.0
1777891181.1703324,-6.0,3.0,-68.0
1777891181.1803324,-7.0,3.0,-71.0
1777891181.1903324,-7.0,4.0,-79.0
1777891181.2003324,-4.0,6.0,-73.0
1777891181.2103324,3.0,1.0,-68.0
1777891181.2203324,-2.0,2.0,-62.0
1777891181.2303324,-4.0,1.0,-66.0
1777891181.2413323,0.0,0.0,-66.0
1777891181.2503324,-3.0,0.0,-67.0
1777891181.2603323,-2.0,0.0,-62.0
1777891181.2703323,0.0,0.0,-67.0
1777891181.2803323,1.0,1.0,-69.0
1777891181.2903323,0.0,-1.0,-73.0
1777891181.3003323,0.0,-2.0,-76.0
1777891181.3103323,1.0,1.0,-68.0
1777891181.3203323,-1.0,0.0,-65.0
1777891181.3303325,0.0,0.0,-62.0
1777891181.3403325,0.0,-5.0,-58.0
1777891181.3503325,2.0,-7.0,-62.0
1777891181.3603325,2.0,-4.0,-74.0
1777891181.3703325,3.0,-6.0,-75.0
1777891181.3803325,2.0,-8.0,-76.0
1777891181.3903325,5.0,-10.0,-67.0
1777891181.4003325,2.0,-5.0,-67.0
1777891181.4103324,-1.0,-8.0,-67.0
1777891181.4203324,-2.0,-10.0,-70.0
1777891181.4303324,-2.0,-6.0,-65.0
1777891181.4403324,0.0,-4.0,-63.0
1777891181.4503324,4.0,0.0,-58.0
1777891181.4603324,3.0,0.0,-64.0
1777891181.4713323,3.0,2.0,-65.0
1777891181.4803324,1.0,3.0,-64.0
1777891181.4913323,0.0,2.0,-63.0
1777891181.5013323,3.0,2.0,-68.0
1777891181.5103323,1.0,-1.0,-75.0
1777891181.5213325,0.0,-4.0,-76.0
1777891181.5313325,4.0,-1.0,-77.0
1777891181.5413325,4.0,0.0,-68.0
1777891181.5513325,-1.0,-4.0,-67.0
1777891181.5613325,-1.0,-10.0,-66.0
1777891181.5713325,-3.0,-7.0,-69.0
1777891181.5813324,1.0,-5.0,-73.0
1777891181.5913324,3.0,-4.0,-74.0
1777891181.6013324,5.0,-3.0,-75.0
1777891181.6113324,5.0,0.0,-79.0
1777891181.6213324,0.0,-5.0,-74.0
1777891181.6313324,6.0,-5.0,-75.0
1777891181.6413324,4.0,-8.0,-71.0
1777891181.6513324,0.0,-6.0,-72.0
1777891181.6613324,-4.0,-6.0,-78.0
1777891181.6713324,-1.0,-2.0,-78.0
1777891181.6813323,0.0,0.0,-76.0
1777891181.6913323,1.0,-1.0,-75.0
1777891181.7013323,0.0,-4.0,-72.0
1777891181.7113323,2.0,-2.0,-70.0
1777891181.7213323,4.0,-3.0,-72.0
1777891181.7313323,0.0,-4.0,-69.0
1777891181.7413323,0.0,-8.0,-70.0
1777891181.7513323,0.0,-5.0,-66.0
1777891181.7613325,0.0,1.0,-64.0
1777891181.7713325,-3.0,1.0,-67.0
1777891181.7813325,-3.0,-1.0,-69.0
1777891181.7913325,-2.0,-6.0,-65.0
1777891181.8013325,-3.0,-11.0,-71.0
1777891181.8113325,2.0,-12.0,-69.0
1777891181.8213325,4.0,-9.0,-71.0
1777891181.8313324,2.0,-6.0,-74.0
1777891181.8413324,0.0,-1.0,-83.0
1777891181.8513324,-1.0,1.0,-87.0
1777891181.8613324,-1.0,3.0,-85.0
1777891181.8713324,-2.0,8.0,-79.0
1777891181.8813324,0.0,4.0,-84.0
1777891181.8913324,2.0,0.0,-80.0
1777891181.9013324,2.0,2.0,-69.0
1777891181.9113324,4.0,0.0,-69.0
1777891181.9213324,5.0,-4.0,-68.0
1777891181.9313323,2.0,0.0,-67.0
1777891181.9413323,3.0,-1.0,-66.0
1777891181.9513323,4.0,0.0,-68.0
1777891181.9613323,3.0,-2.0,-67.0
1777891181.9713323,5.0,-3.0,-69.0
1777891181.9813323,5.0,-2.0,-70.0
1777891181.9913323,4.0,-2.0,-79.0
1777891182.0013323,6.0,-2.0,-82.0
1777891182.0113325,9.0,-7.0,-86.0
1777891182.0213325,8.0,-5.0,-88.0
1777891182.0313325,8.0,-5.0,-86.0
1777891182.0413325,3.0,-3.0,-83.0
1777891182.0513325,3.0,1.0,-82.0
1777891182.0613325,3.0,2.0,-88.0
1777891182.0713325,-1.0,0.0,-87.0
1777891182.0813324,3.0,0.0,-87.0
1777891182.0913324,6.0,2.0,-79.0
1777891182.1013324,2.0,0.0,-80.0
1777891182.1113324,2.0,0.0,-74.0
1777891182.1213324,3.0,-1.0,-78.0
1777891182.1313324,6.0,2.0,-76.0
1777891182.1413324,7.0,1.0,-74.0
1777891182.1513324,5.0,0.0,-67.0
1777891182.1613324,1.0,1.0,-68.0
1777891182.1713324,0.0,2.0,-68.0
1777891182.1813323,5.0,3.0,-66.0
1777891182.1913323,4.0,4.0,-67.0
1777891182.2013323,4.0,0.0,-71.0
1777891182.2113323,3.0,1.0,-76.0
1777891182.2213323,1.0,2.0,-78.0
1777891182.2313323,3.0,0.0,-76.0
1777891182.2413323,4.0,0.0,-76.0
1777891182.2513323,1.0,-1.0,-77.0
1777891182.2613325,0.0,-4.0,-78.0
1777891182.2713325,2.0,-7.0,-74.0
1777891182.2813325,3.0,-9.0,-67.0
1777891182.2913325,3.0,-10.0,-66.0
1777891182.3013325,3.0,-8.0,-71.0
1777891182.3113325,-1.0,-5.0,-73.0
1777891182.3213325,-1.0,-8.0,-71.0
1777891182.3313324,-1.0,-9.0,-70.0
1777891182.3413324,1.0,-5.0,-72.0
1777891182.3513324,0.0,-8.0,-68.0
1777891182.3613324,-2.0,-12.0,-69.0
1777891182.3713324,2.0,-9.0,-64.0
1777891182.3813324,1.0,-5.0,-64.0
1777891182.3913324,-3.0,-6.0,-68.0
1777891182.4013324,-2.0,-4.0,-72.0
1777891182.4113324,-4.0,0.0,-76.0
1777891182.4213324,-7.0,-2.0,-71.0
1777891182.4313323,-5.0,2.0,-72.0
1777891182.4413323,-5.0,0.0,-80.0
1777891182.4513323,-5.0,1.0,-78.0
1777891182.4613323,-6.0,2.0,-82.0
1777891182.4713323,-2.0,4.0,-82.0
1777891182.4813323,0.0,5.0,-78.0
1777891182.4913323,-5.0,4.0,-83.0
1777891182.5013323,-2.0,3.0,-80.0
1777891182.5113325,-7.0,3.0,-79.0
1777891182.5213325,-2.0,2.0,-81.0
1777891182.5313325,-7.0,4.0,-82.0
1777891182.5413325,-7.0,5.0,-85.0
1777891182.5513325,-4.0,1.0,-89.0
1777891182.5613325,-3.0,-1.0,-87.0
1777891182.5713325,-1.0,0.0,-83.0
1777891182.5813324,-1.0,-1.0,-81.0
1777891182.5913324,0.0,-2.0,-84.0
1777891182.6013324,3.0,-3.0,-79.0
1777891182.6113324,1.0,-2.0,-78.0
1777891182.6213324,3.0,-1.0,-74.0
1777891182.6313324,-1.0,0.0,-73.0
1777891182.6413324,-3.0,1.0,-76.0
1777891182.6513324,-6.0,0.0,-73.0
1777891182.6613324,-6.0,-2.0,-76.0
1777891182.6713324,-6.0,-1.0,-83.0
1777891182.6813323,-5.0,2.0,-86.0
1777891182.6913323,-4.0,1.0,-83.0
1777891182.7013323,-6.0,4.0,-78.0
1777891182.7113323,-4.0,4.0,-76.0
1777891182.7213323,0.0,3.0,-70.0
1777891182.7313323,-1.0,0.0,-69.0
1777891182.7413323,0.0,0.0,-72.0
1777891182.7513323,-4.0,0.0,-66.0
1777891182.7613325,0.0,0.0,-68.0
1777891182.7713325,3.0,3.0,-69.0
1777891182.7813325,1.0,1.0,-71.0
1777891182.7913325,0.0,0.0,-84.0
1777891182.8013325,-5.0,-1.0,-88.0
1777891182.8113325,-5.0,1.0,-90.0
1777891182.8213325,-8.0,2.0,-83.0
1777891182.8313324,-5.0,0.0,-82.0
1777891182.8413324,-5.0,-1.0,-79.0
1777891182.8513324,0.0,-2.0,-83.0
1777891182.8613324,0.0,0.0,-83.0
1777891182.8713324,-2.0,0.0,-79.0
1777891182.8813324,-4.0,-1.0,-71.0
1777891182.8913324,-6.0,1.0,-70.0
1777891182.9013324,-2.0,3.0,-65.0
1777891182.9113324,-2.0,3.0,-66.0
1777891182.9213324,-3.0,0.0,-68.0
1777891182.9313323,0.0,0.0,-68.0
1777891182.9413323,1.0,-4.0,-69.0
1777891182.9513323,0.0,-1.0,-70.0
1777891182.9613323,-3.0,0.0,-70.0
1777891182.9713323,0.0,-5.0,-70.0
1777891182.9813323,1.0,-6.0,-73.0
1777891182.9913323,2.0,-5.0,-80.0
1777891183.0013323,1.0,-2.0,-82.0
1777891183.0113325,0.0,-2.0,-83.0
1777891183.0213325,-2.0,-4.0,-80.0
1777891183.0313325,-1.0,-1.0,-76.0
1777891183.0413325,1.0,-3.0,-78.0
1777891183.0513325,3.0,-4.0,-76.0
1777891183.0613325,1.0,-8.0,-81.0
1777891183.0713325,0.0,-7.0,-86.0
1777891183.0813324,0.0,-10.0,-88.0
1777891183.0913324,2.0,-10.0,-80.0
1777891183.1013324,2.0,-7.0,-79.0
1777891183.1113324,4.0,-4.0,-77.0
1777891183.1213324,0.0,0.0,-73.0
1777891183.1313324,0.0,1.0,-73.0
1777891183.1413324,-3.0,-2.0,-69.0
1777891183.1513324,3.0,-2.0,-70.0
1777891183.1613324,2.0,-4.0,-74.0
1777891183.1713324,4.0,-2.0,-68.0
1777891183.1813323,4.0,-1.0,-67.0
1777891183.1913323,1.0,-2.0,-69.0
1777891183.2013323,-1.0,-3.0,-71.0
1777891183.2113323,-2.0,2.0,-61.0
1777891183.2213323,0.0,4.0,-64.0
1777891183.2313323,0.0,1.0,-68.0
1777891183.2413323,0.0,-1.0,-72.0
1777891183.2513323,0.0,-4.0,-72.0
1777891183.2613325,1.0,-1.0,-78.0
1777891183.2713325,4.0,0.0,-78.0
1777891183.2813325,3.0,1.0,-73.0
1777891183.2913325,-2.0,0.0,-72.0
1777891183.3013325,0.0,1.0,-75.0
1777891183.3113325,-2.0,3.0,-75.0
1777891183.3213325,-2.0,-1.0,-73.0
1777891183.3313324,0.0,-4.0,-74.0
1777891183.3413324,1.0,-3.0,-77.0
1777891183.3513324,4.0,-4.0,-79.0
1777891183.3613324,3.0,-1.0,-80.0
1777891183.3713324,7.0,-3.0,-76.0
1777891183.3813324,5.0,-4.0,-77.0
1777891183.3913324,10.0,-1.0,-80.0
1777891183.4013324,3.0,-2.0,-78.0
1777891183.4113324,2.0,-3.0,-80.0
1777891183.4213324,2.0,0.0,-82.0
1777891183.4313323,7.0,1.0,-73.0
1777891183.4413323,8.0,3.0,-68.0
1777891183.4513323,4.0,6.0,-71.0
1777891183.4623325,0.0,7.0,-71.0
1777891183.4723325,-2.0,6.0,-70.0
1777891183.4813323,-7.0,0.0,-68.0
1777891183.4923325,-4.0,2.0,-78.0
1777891183.5023324,-4.0,-1.0,-79.0
1777891183.5123324,-1.0,-2.0,-70.0
1777891183.5223324,0.0,-2.0,-65.0
1777891183.5323324,0.0,-2.0,-63.0
1777891183.5423324,-2.0,0.0,-66.0
1777891183.5523324,-3.0,0.0,-67.0
1777891183.5623324,-1.0,-2.0,-70.0
1777891183.5723324,0.0,-4.0,-72.0
1777891183.5823324,1.0,-1.0,-71.0
1777891183.5923324,0.0,0.0,-74.0
1777891183.6023324,-4.0,0.0,-78.0
1777891183.6123323,-3.0,0.0,-72.0
1777891183.6223323,-6.0,0.0,-67.0
1777891183.6323323,-5.0,1.0,-67.0
1777891183.6423323,-3.0,-1.0,-66.0
1777891183.6523323,-1.0,-3.0,-69.0
1777891183.6623323,-1.0,-3.0,-70.0
1777891183.6723323,-1.0,-3.0,-66.0
1777891183.6823325,-3.0,-4.0,-71.0
1777891183.6923325,-1.0,-6.0,-72.0
1777891183.7023325,-3.0,-5.0,-76.0
1777891183.7123325,-2.0,-6.0,-77.0
1777891183.7223325,-1.0,-8.0,-80.0
1777891183.7323325,1.0,-9.0,-77.0
1777891183.7423325,-1.0,-8.0,-75.0
1777891183.7523324,-3.0,-4.0,-73.0
1777891183.7623324,0.0,1.0,-70.0
1777891183.7723324,1.0,-2.0,-75.0
1777891183.7823324,-1.0,-2.0,-68.0
1777891183.7923324,0.0,-3.0,-64.0
1777891183.8023324,-2.0,-2.0,-62.0
1777891183.8123324,0.0,0.0,-64.0
1777891183.8223324,-1.0,-4.0,-73.0
1777891183.8323324,0.0,-6.0,-68.0
1777891183.8423324,2.0,-4.0,-70.0
1777891183.8523324,2.0,0.0,-72.0
1777891183.8623323,3.0,0.0,-68.0
1777891183.8723323,2.0,-1.0,-74.0
1777891183.8823323,1.0,-4.0,-73.0
1777891183.8923323,2.0,-2.0,-79.0
1777891183.9023323,0.0,0.0,-75.0
1777891183.9123323,-5.0,-3.0,-76.0
1777891183.9223323,-2.0,-2.0,-80.0
1777891183.9323325,-3.0,-3.0,-76.0
1777891183.9423325,-2.0,0.0,-69.0
1777891183.9523325,-4.0,0.0,-73.0
1777891183.9623325,4.0,-1.0,-74.0
1777891183.9723325,8.0,0.0,-69.0
1777891183.9823325,5.0,-2.0,-74.0
1777891183.9923325,0.0,2.0,-76.0
1777891184.0023324,0.0,-4.0,-75.0
1777891184.0123324,1.0,-2.0,-70.0
1777891184.0223324,2.0,2.0,-69.0
1777891184.0323324,2.0,4.0,-64.0
1777891184.0423324,4.0,0.0,-66.0
1777891184.0523324,5.0,1.0,-60.0
1777891184.0623324,5.0,0.0,-60.0
1777891184.0723324,0.0,-1.0,-63.0
1777891184.0823324,-3.0,-1.0,-62.0
1777891184.0923324,0.0,0.0,-65.0
1777891184.1023324,-4.0,-2.0,-65.0
1777891184.1123323,-1.0,-1.0,-67.0
1777891184.1223323,-3.0,0.0,-74.0
1777891184.1323323,-3.0,0.0,-77.0
1777891184.1423323,-2.0,0.0,-76.0
1777891184.1523323,1.0,0.0,-72.0
1777891184.1623323,3.0,0.0,-73.0
1777891184.1723323,2.0,0.0,-75.0
1777891184.1823325,3.0,-1.0,-78.0
1777891184.1923325,6.0,-1.0,-75.0
1777891184.2023325,7.0,-2.0,-75.0
1777891184.2123325,3.0,-3.0,-67.0
1777891184.2223325,5.0,0.0,-68.0
1777891184.2323325,6.0,0.0,-62.0
1777891184.2423325,3.0,1.0,-62.0
1777891184.2523324,0.0,2.0,-64.0
1777891184.2623324,-2.0,-1.0,-72.0
1777891184.2723324,-3.0,0.0,-69.0
1777891184.2823324,-1.0,1.0,-69.0
1777891184.2923324,-1.0,1.0,-68.0
1777891184.3023324,1.0,0.0,-62.0
1777891184.3123324,1.0,0.0,-61.0
1777891184.3223324,4.0,-4.0,-63.0
1777891184.3323324,0.0,-4.0,-62.0
1777891184.3423324,3.0,-3.0,-62.0
1777891184.3523324,8.0,-3.0,-66.0
1777891184.3623323,7.0,-4.0,-69.0
1777891184.3723323,1.0,-3.0,-73.0
1777891184.3823323,2.0,2.0,-81.0
1777891184.3923323,5.0,4.0,-77.0
1777891184.4023323,12.0,1.0,-80.0
1777891184.4123323,11.0,3.0,-75.0
1777891184.4223323,9.0,4.0,-76.0
1777891184.4323325,8.0,6.0,-83.0
1777891184.4423325,8.0,5.0,-86.0
1777891184.4523325,6.0,6.0,-80.0
1777891184.4623325,4.0,7.0,-79.0
1777891184.4723325,8.0,3.0,-81.0
1777891184.4823325,4.0,6.0,-77.0
1777891184.4923325,0.0,1.0,-73.0
1777891184.5023324,-1.0,0.0,-80.0
1777891184.5123324,-4.0,-8.0,-80.0
1777891184.5223324,-7.0,-8.0,-85.0
1777891184.5323324,-6.0,-3.0,-90.0
1777891184.5423324,1.0,-3.0,-86.0
1777891184.5523324,1.0,-4.0,-84.0
1777891184.5623324,2.0,-2.0,-82.0
1777891184.5723324,5.0,-1.0,-87.0
1777891184.5823324,6.0,-5.0,-89.0
1777891184.5923324,4.0,-6.0,-83.0
1777891184.6023324,2.0,-8.0,-77.0
1777891184.6123323,2.0,-7.0,-77.0
1777891184.6223323,0.0,-7.0,-70.0
1777891184.6323323,-1.0,-3.0,-66.0
1777891184.6423323,2.0,0.0,-65.0
1777891184.6523323,3.0,-4.0,-73.0
1777891184.6623323,4.0,-4.0,-67.0
1777891184.6723323,7.0,-7.0,-71.0
1777891184.6823325,3.0,-5.0,-74.0
1777891184.6923325,2.0,-9.0,-84.0
1777891184.7023325,0.0,-8.0,-91.0
1777891184.7123325,0.0,-10.0,-84.0
1777891184.7223325,0.0,-8.0,-84.0
1777891184.7323325,-3.0,-1.0,-83.0
1777891184.7423325,0.0,1.0,-81.0
1777891184.7523324,0.0,6.0,-71.0
1777891184.7623324,3.0,6.0,-71.0
1777891184.7723324,4.0,6.0,-75.0
1777891184.7823324,5.0,3.0,-75.0
1777891184.7923324,6.0,1.0,-75.0
1777891184.8023324,3.0,0.0,-69.0
1777891184.8123324,4.0,1.0,-67.0
1777891184.8223324,1.0,3.0,-66.0
1777891184.8323324,4.0,1.0,-69.0
1777891184.8423324,0.0,0.0,-66.0
1777891184.8523324,3.0,2.0,-64.0
1777891184.8623323,2.0,3.0,-60.0
1777891184.8723323,2.0,1.0,-58.0
1777891184.8823323,-1.0,4.0,-58.0
1777891184.8923323,-4.0,2.0,-65.0
1777891184.9023323,-1.0,0.0,-66.0
1777891184.9123323,-2.0,-1.0,-68.0
1777891184.9223323,-1.0,-3.0,-65.0
1777891184.9323325,0.0,0.0,-66.0
1777891184.9423325,0.0,1.0,-61.0
1777891184.9523325,0.0,-1.0,-62.0
1777891184.9623325,-2.0,0.0,-62.0
1777891184.9723325,-7.0,0.0,-58.0
1777891184.9823325,1.0,0.0,-57.0
1777891184.9923325,1.0,0.0,-66.0
1777891185.0023324,2.0,0.0,-70.0
1777891185.0123324,-1.0,3.0,-67.0
1777891185.0223324,-3.0,0.0,-69.0
1777891185.0323324,-2.0,-4.0,-67.0
1777891185.0423324,0.0,-4.0,-68.0
1777891185.0523324,0.0,-4.0,-70.0
1777891185.0623324,-1.0,-5.0,-78.0
1777891185.0723324,0.0,-4.0,-79.0
1777891185.0823324,3.0,-4.0,-82.0
1777891185.0923324,4.0,-1.0,-75.0
1777891185.1023324,5.0,-1.0,-73.0
1777891185.1123323,9.0,-1.0,-74.0
1777891185.1223323,5.0,0.0,-74.0
1777891185.1323323,4.0,-4.0,-79.0
1777891185.1423323,5.0,-2.0,-78.0
1777891185.1523323,3.0,-6.0,-72.0
1777891185.1623323,6.0,-2.0,-71.0
1777891185.1723323,6.0,1.0,-61.0
1777891185.1823325,9.0,3.0,-60.0
1777891185.1923325,8.0,8.0,-59.0
1777891185.2023325,6.0,6.0,-62.0
1777891185.2123325,7.0,2.0,-63.0
1777891185.2223325,6.0,0.0,-63.0
1777891185.2323325,5.0,1.0,-62.0
1777891185.2423325,4.0,-2.0,-74.0
1777891185.2523324,7.0,-6.0,-75.0
1777891185.2623324,7.0,-6.0,-72.0
1777891185.2723324,5.0,-4.0,-76.0
1777891185.2823324,6.0,-3.0,-78.0
1777891185.2923324,2.0,-5.0,-74.0
1777891185.3023324,-1.0,0.0,-75.0
1777891185.3123324,-3.0,1.0,-72.0
1777891185.3223324,-4.0,3.0,-72.0
1777891185.3323324,-3.0,5.0,-70.0
1777891185.3423324,-2.0,3.0,-65.0
1777891185.3523324,-5.0,0.0,-68.0
1777891185.3623323,2.0,0.0,-75.0
1777891185.3723323,5.0,2.0,-75.0
1777891185.3823323,3.0,4.0,-72.0
1777891185.3923323,-1.0,1.0,-66.0
1777891185.4023323,-3.0,3.0,-63.0
1777891185.4133325,-3.0,2.0,-66.0
1777891185.4223323,-4.0,1.0,-66.0
1777891185.4323325,-8.0,0.0,-66.0
1777891185.4423325,-7.0,-2.0,-67.0
1777891185.4533324,-4.0,-1.0,-68.0
1777891185.4633324,0.0,-2.0,-70.0
1777891185.4733324,3.0,-3.0,-71.0
1777891185.4833324,4.0,-4.0,-75.0
1777891185.4923325,6.0,-4.0,-77.0
1777891185.5033324,1.0,-2.0,-85.0
1777891185.5133324,-1.0,-1.0,-85.0
1777891185.5233324,0.0,-2.0,-80.0
1777891185.5333323,-3.0,-2.0,-82.0
1777891185.5433323,1.0,-4.0,-79.0
1777891185.5533323,0.0,-4.0,-79.0
1777891185.5633323,4.0,-5.0,-79.0
1777891185.5733323,3.0,-6.0,-80.0
1777891185.5833323,4.0,-6.0,-80.0
1777891185.5933323,3.0,-5.0,-75.0
1777891185.6033323,6.0,-3.0,-66.0
1777891185.6133325,4.0,-4.0,-62.0
1777891185.6233325,1.0,-1.0,-66.0
1777891185.6333325,1.0,0.0,-73.0
1777891185.6433325,-4.0,-1.0,-79.0
1777891185.6533325,-1.0,0.0,-81.0
1777891185.6633325,3.0,-1.0,-81.0
1777891185.6733325,4.0,-3.0,-82.0
1777891185.6833324,11.0,0.0,-72.0
1777891185.6933324,10.0,-1.0,-66.0
1777891185.7033324,7.0,2.0,-61.0
1777891185.7133324,5.0,4.0,-65.0
1777891185.7233324,6.0,6.0,-71.0
1777891185.7333324,5.0,1.0,-70.0
1777891185.7433324,1.0,0.0,-73.0
1777891185.7533324,4.0,0.0,-69.0
1777891185.7633324,7.0,2.0,-66.0
1777891185.7733324,10.0,4.0,-71.0
1777891185.7833323,5.0,1.0,-65.0
1777891185.7933323,4.0,-2.0,-72.0
1777891185.8033323,5.0,-4.0,-75.0
1777891185.8133323,3.0,-7.0,-71.0
1777891185.8233323,0.0,-5.0,-77.0
1777891185.8333323,0.0,-3.0,-74.0
1777891185.8433323,1.0,0.0,-69.0
1777891185.8533323,5.0,-2.0,-65.0
1777891185.8633325,3.0,-1.0,-64.0
1777891185.8733325,-1.0,2.0,-70.0
1777891185.8833325,1.0,4.0,-74.0
1777891185.8933325,4.0,2.0,-75.0
1777891185.9033325,5.0,0.0,-66.0
1777891185.9133325,2.0,-1.0,-66.0
1777891185.9233325,2.0,0.0,-68.0
1777891185.9333324,4.0,-1.0,-67.0
1777891185.9433324,4.0,2.0,-74.0
1777891185.9533324,7.0,1.0,-73.0
1777891185.9633324,4.0,-1.0,-80.0
1777891185.9733324,3.0,0.0,-78.0
1777891185.9833324,5.0,0.0,-78.0
1777891185.9933324,2.0,1.0,-73.0
1777891186.0033324,-1.0,5.0,-69.0
1777891186.0133324,-2.0,5.0,-65.0
1777891186.0233324,0.0,6.0,-60.0
1777891186.0333323,-3.0,4.0,-62.0
1777891186.0433323,-6.0,2.0,-74.0
1777891186.0533323,-1.0,0.0,-80.0
1777891186.0633323,2.0,2.0,-73.0
1777891186.0733323,0.0,3.0,-78.0
1777891186.0833323,-4.0,0.0,-76.0
1777891186.0933323,-1.0,0.0,-77.0
1777891186.1033323,0.0,1.0,-75.0
1777891186.1133325,1.0,1.0,-78.0
1777891186.1233325,1.0,2.0,-82.0
1777891186.1333325,4.0,-2.0,-81.0
1777891186.1433325,5.0,0.0,-78.0
1777891186.1533325,6.0,-2.0,-76.0
1777891186.1633325,6.0,-3.0,-73.0
1777891186.1733325,7.0,0.0,-72.0
1777891186.1833324,10.0,1.0,-69.0
1777891186.1933324,9.0,2.0,-73.0
1777891186.2033324,8.0,2.0,-70.0
1777891186.2133324,8.0,-1.0,-73.0
1777891186.2233324,9.0,-3.0,-69.0
1777891186.2333324,4.0,-4.0,-71.0
1777891186.2433324,1.0,-7.0,-77.0
1777891186.2533324,-2.0,-4.0,-72.0
1777891186.2633324,-3.0,-5.0,-74.0
1777891186.2733324,2.0,-1.0,-72.0
1777891186.2833323,4.0,-2.0,-74.0
1777891186.2933323,-1.0,-4.0,-69.0
1777891186.3033323,-2.0,-5.0,-66.0
1777891186.3133323,-1.0,-3.0,-71.0
1777891186.3233323,0.0,-2.0,-74.0
1777891186.3333323,0.0,0.0,-77.0
1777891186.3433323,-3.0,4.0,-81.0
1777891186.3533323,-5.0,2.0,-77.0
1777891186.3633325,-5.0,1.0,-79.0
1777891186.3733325,-6.0,0.0,-76.0
1777891186.3833325,-2.0,0.0,-72.0
1777891186.3933325,-4.0,2.0,-68.0
1777891186.4033325,-8.0,0.0,-68.0
1777891186.4133325,-9.0,1.0,-65.0
1777891186.4233325,-3.0,0.0,-65.0
1777891186.4333324,-1.0,-2.0,-67.0
1777891186.4433324,-2.0,-1.0,-68.0
1777891186.4533324,-1.0,3.0,-74.0
1777891186.4633324,4.0,1.0,-70.0
1777891186.4733324,3.0,-2.0,-73.0
1777891186.4833324,0.0,-2.0,-72.0
1777891186.4933324,2.0,0.0,-65.0
1777891186.5033324,0.0,-3.0,-64.0
1777891186.5133324,-1.0,-2.0,-68.0
1777891186.5233324,-3.0,-1.0,-70.0
1777891186.5333323,-7.0,-4.0,-74.0
1777891186.5433323,-6.0,0.0,-79.0
1777891186.5533323,-10.0,0.0,-78.0
1777891186.5633323,-9.0,1.0,-79.0
1777891186.5733323,-9.0,0.0,-79.0
1777891186.5833323,-11.0,2.0,-72.0
1777891186.5933323,-8.0,0.0,-69.0
1777891186.6033323,-3.0,1.0,-68.0
1777891186.6133325,0.0,3.0,-65.0
1777891186.6233325,-2.0,3.0,-63.0
1777891186.6333325,-1.0,5.0,-65.0
1777891186.6433325,-3.0,2.0,-68.0
1777891186.6533325,-1.0,3.0,-68.0
1777891186.6633325,2.0,1.0,-75.0
1777891186.6733325,-1.0,1.0,-78.0
1777891186.6833324,-4.0,0.0,-71.0
1777891186.6933324,-5.0,1.0,-74.0
1777891186.7033324,-1.0,-1.0,-72.0
1777891186.7133324,6.0,2.0,-71.0
1777891186.7233324,4.0,2.0,-73.0
1777891186.7333324,3.0,3.0,-74.0
1777891186.7433324,0.0,1.0,-75.0
1777891186.7533324,0.0,1.0,-75.0
1777891186.7633324,1.0,0.0,-79.0
1777891186.7733324,0.0,0.0,-80.0
1777891186.7833323,1.0,-3.0,-85.0
1777891186.7933323,1.0,-1.0,-86.0
1777891186.8033323,5.0,0.0,-86.0
1777891186.8133323,4.0,-1.0,-77.0
1777891186.8233323,6.0,-2.0,-76.0
1777891186.8333323,6.0,-3.0,-78.0
1777891186.8433323,1.0,-8.0,-75.0
1777891186.8533323,-6.0,-8.0,-73.0
1777891186.8633325,-6.0,-7.0,-82.0
1777891186.8733325,-3.0,-10.0,-83.0
1777891186.8833325,-1.0,-5.0,-81.0
1777891186.8933325,0.0,-3.0,-77.0
1777891186.9033325,-5.0,-5.0,-81.0
1777891186.9133325,-3.0,0.0,-82.0
1777891186.9233325,-2.0,0.0,-80.0
1777891186.9333324,4.0,0.0,-75.0
1777891186.9433324,3.0,3.0,-75.0
1777891186.9533324,0.0,2.0,-73.0
1777891186.9633324,-5.0,0.0,-65.0
1777891186.9733324,-5.0,-1.0,-69.0
1777891186.9833324,-1.0,0.0,-70.0
1777891186.9933324,0.0,0.0,-75.0
1777891187.0033324,3.0,0.0,-77.0
1777891187.0133324,0.0,0.0,-78.0
1777891187.0233324,0.0,0.0,-78.0
1777891187.0333323,0.0,-1.0,-81.0
1777891187.0433323,3.0,0.0,-82.0
1777891187.0533323,0.0,0.0,-79.0
1777891187.0633323,1.0,2.0,-72.0
1777891187.0733323,2.0,0.0,-67.0
1777891187.0833323,2.0,-2.0,-70.0
1777891187.0933323,7.0,-2.0,-67.0
1777891187.1033323,5.0,-6.0,-60.0
1777891187.1133325,4.0,-3.0,-59.0
1777891187.1233325,0.0,0.0,-59.0
1777891187.1333325,-1.0,-2.0,-61.0
1777891187.1433325,3.0,2.0,-67.0
1777891187.1533325,1.0,5.0,-75.0
1777891187.1633325,-2.0,6.0,-74.0
1777891187.1733325,-1.0,3.0,-82.0
1777891187.1833324,4.0,0.0,-84.0
1777891187.1933324,4.0,0.0,-89.0
1777891187.2033324,6.0,-2.0,-90.0
1777891187.2133324,10.0,0.0,-91.0
1777891187.2233324,7.0,2.0,-89.0
1777891187.2333324,4.0,6.0,-84.0
1777891187.2433324,2.0,5.0,-88.0
1777891187.2533324,0.0,2.0,-92.0
1777891187.2633324,0.0,0.0,-87.0
1777891187.2733324,-1.0,-4.0,-85.0
1777891187.2833323,3.0,-2.0,-77.0
1777891187.2933323,3.0,-1.0,-76.0
1777891187.3033323,2.0,1.0,-77.0
1777891187.3133323,1.0,0.0,-83.0
1777891187.3233323,1.0,-1.0,-75.0
1777891187.3333323,4.0,-1.0,-78.0
1777891187.3433323,-2.0,-7.0,-81.0
1777891187.3533323,-3.0,-7.0,-82.0
1777891187.3633325,-1.0,-8.0,-72.0
1777891187.3733325,0.0,-5.0,-68.0
1777891187.3833325,1.0,-3.0,-64.0
1777891187.3933325,3.0,-3.0,-62.0
1777891187.4033325,5.0,-4.0,-67.0
1777891187.4133325,0.0,0.0,-68.0
1777891187.4233325,2.0,0.0,-72.0
1777891187.4343324,4.0,1.0,-75.0
1777891187.4433324,1.0,-3.0,-73.0
1777891187.4543324,0.0,0.0,-71.0
1777891187.4643323,-2.0,-4.0,-74.0
1777891187.4743323,-2.0,-6.0,-76.0
1777891187.4843323,0.0,-9.0,-78.0
1777891187.4943323,0.0,-10.0,-79.0
1777891187.5043323,0.0,-7.0,-75.0
1777891187.5143323,0.0,-7.0,-80.0
1777891187.5243323,3.0,-4.0,-81.0
1777891187.5343325,3.0,-5.0,-76.0
1777891187.5443325,0.0,-3.0,-73.0
1777891187.5543325,0.0,-1.0,-72.0
1777891187.5643325,3.0,1.0,-77.0
1777891187.5743325,3.0,-1.0,-74.0
1777891187.5843325,0.0,-1.0,-72.0
1777891187.5943325,0.0,-2.0,-67.0
1777891187.6043324,0.0,-4.0,-64.0
1777891187.6143324,0.0,2.0,-67.0
1777891187.6243324,0.0,1.0,-60.0
1777891187.6343324,-2.0,-3.0,-67.0
1777891187.6443324,-2.0,-6.0,-70.0
1777891187.6543324,-5.0,-9.0,-75.0
1777891187.6643324,-9.0,-10.0,-74.0
1777891187.6743324,-7.0,-6.0,-65.0
1777891187.6843324,-5.0,-4.0,-72.0
1777891187.6943324,1.0,-3.0,-79.0
1777891187.7043324,4.0,-7.0,-75.0
1777891187.7143323,-2.0,-5.0,-78.0
1777891187.7243323,3.0,-2.0,-79.0
1777891187.7343323,4.0,0.0,-74.0
1777891187.7443323,1.0,-3.0,-75.0
1777891187.7543323,1.0,-5.0,-76.0
1777891187.7643323,-1.0,-4.0,-79.0
1777891187.7743323,-1.0,-1.0,-74.0
1777891187.7843325,1.0,-6.0,-75.0
1777891187.7943325,5.0,-9.0,-77.0
1777891187.8043325,7.0,-12.0,-77.0
1777891187.8143325,4.0,-9.0,-74.0
1777891187.8243325,5.0,-4.0,-81.0
1777891187.8343325,5.0,-1.0,-84.0
1777891187.8443325,7.0,0.0,-82.0
1777891187.8543324,3.0,0.0,-86.0
1777891187.8643324,2.0,-1.0,-82.0
1777891187.8743324,0.0,-5.0,-75.0
1777891187.8843324,-9.0,-4.0,-81.0
1777891187.8943324,-9.0,-5.0,-79.0
1777891187.9043324,-5.0,0.0,-69.0
1777891187.9143324,-1.0,2.0,-57.0
1777891187.9243324,-1.0,-2.0,-62.0
1777891187.9343324,1.0,-5.0,-65.0
1777891187.9443324,0.0,-5.0,-71.0
1777891187.9543324,-1.0,-2.0,-72.0
1777891187.9643323,0.0,0.0,-74.0
1777891187.9743323,0.0,-2.0,-71.0
1777891187.9843323,4.0,-8.0,-71.0
1777891187.9943323,4.0,-2.0,-71.0
1777891188.0043323,2.0,-3.0,-74.0
1777891188.0143323,1.0,-4.0,-74.0
1777891188.0243323,3.0,-3.0,-73.0
1777891188.0343325,5.0,1.0,-82.0
1777891188.0443325,4.0,4.0,-82.0
1777891188.0543325,1.0,1.0,-84.0
1777891188.0643325,-1.0,3.0,-80.0
1777891188.0743325,0.0,0.0,-77.0
1777891188.0843325,-5.0,2.0,-74.0
1777891188.0943325,0.0,0.0,-79.0
1777891188.1043324,0.0,1.0,-75.0
1777891188.1143324,-5.0,0.0,-67.0
1777891188.1243324,-5.0,1.0,-69.0
1777891188.1343324,-5.0,0.0,-70.0
1777891188.1443324,-3.0,2.0,-75.0
1777891188.1543324,0.0,0.0,-74.0
1777891188.1643324,-3.0,0.0,-74.0
1777891188.1743324,-2.0,-2.0,-79.0
1777891188.1843324,-3.0,-5.0,-79.0
1777891188.1943324,-3.0,-1.0,-77.0
1777891188.2043324,-3.0,-3.0,-81.0
1777891188.2143323,-1.0,1.0,-77.0
1777891188.2243323,-1.0,0.0,-75.0
1777891188.2343323,1.0,1.0,-70.0
1777891188.2443323,3.0,-1.0,-75.0
1777891188.2543323,2.0,-4.0,-78.0
1777891188.2643323,2.0,-10.0,-76.0
1777891188.2743323,-1.0,-4.0,-76.0
1777891188.2843325,-3.0,-5.0,-78.0
1777891188.2943325,-1.0,0.0,-78.0
1777891188.3043325,-1.0,-3.0,-77.0
1777891188.3153324,-1.0,-6.0,-75.0
1777891188.3243325,0.0,-6.0,-70.0
1777891188.3343325,0.0,-4.0,-74.0
1777891188.3443325,1.0,1.0,-72.0
1777891188.3543324,-1.0,-1.0,-81.0
1777891188.3643324,-2.0,-3.0,-77.0
1777891188.3743324,-3.0,-1.0,-74.0
1777891188.3843324,-3.0,0.0,-77.0
1777891188.3943324,-5.0,0.0,-79.0
1777891188.4043324,-6.0,-1.0,-72.0
1777891188.4143324,-4.0,3.0,-68.0
1777891188.4243324,-2.0,5.0,-75.0
1777891188.4343324,-6.0,3.0,-78.0
1777891188.4443324,-4.0,3.0,-80.0
1777891188.4543324,-2.0,5.0,-83.0
1777891188.4643323,-2.0,7.0,-81.0
1777891188.4743323,-2.0,7.0,-81.0
1777891188.4843323,-3.0,2.0,-82.0
1777891188.4943323,-2.0,0.0,-81.0
1777891188.5043323,-4.0,0.0,-83.0
1777891188.5143323,-4.0,-5.0,-81.0
1777891188.5243323,0.0,-6.0,-90.0
1777891188.5343325,3.0,-8.0,-85.0
1777891188.5443325,4.0,-6.0,-87.0
1777891188.5543325,6.0,1.0,-87.0
1777891188.5643325,3.0,0.0,-85.0
1777891188.5743325,2.0,-2.0,-90.0
1777891188.5843325,5.0,-2.0,-89.0
1777891188.5943325,7.0,-3.0,-88.0
1777891188.6043324,0.0,-2.0,-85.0
1777891188.6143324,-2.0,0.0,-85.0
1777891188.6243324,-4.0,-2.0,-78.0
1777891188.6343324,-2.0,-6.0,-77.0
1777891188.6443324,-2.0,-1.0,-85.0
1777891188.6543324,-3.0,-3.0,-80.0
1777891188.6643324,-1.0,0.0,-72.0
1777891188.6743324,2.0,1.0,-68.0
1777891188.6843324,0.0,0.0,-72.0
1777891188.6943324,0.0,2.0,-69.0
1777891188.7043324,0.0,6.0,-69.0
1777891188.7143323,0.0,5.0,-71.0
1777891188.7243323,1.0,0.0,-71.0
1777891188.7343323,0.0,-4.0,-74.0
1777891188.7443323,0.0,-1.0,-68.0
1777891188.7543323,-1.0,4.0,-64.0
1777891188.7643323,0.0,2.0,-68.0
1777891188.7743323,-6.0,1.0,-71.0
1777891188.7843325,-5.0,3.0,-78.0
1777891188.7943325,-3.0,2.0,-77.0
1777891188.8043325,0.0,1.0,-81.0
1777891188.8143325,1.0,0.0,-77.0
1777891188.8243325,0.0,6.0,-78.0
1777891188.8343325,0.0,7.0,-70.0
1777891188.8443325,0.0,3.0,-71.0
1777891188.8543324,-1.0,0.0,-74.0
1777891188.8643324,0.0,-1.0,-79.0
1777891188.8743324,2.0,0.0,-75.0
1777891188.8843324,3.0,-2.0,-78.0
1777891188.8943324,9.0,-3.0,-78.0
1777891188.9043324,5.0,-2.0,-74.0
1777891188.9143324,6.0,-2.0,-68.0
1777891188.9243324,3.0,1.0,-72.0
1777891188.9343324,0.0,0.0,-73.0
1777891188.9443324,0.0,0.0,-72.0
1777891188.9543324,0.0,1.0,-65.0
1777891188.9643323,1.0,0.0,-64.0
1777891188.9743323,6.0,0.0,-66.0
1777891188.9843323,5.0,-2.0,-68.0
1777891188.9943323,0.0,1.0,-67.0
1777891189.0043323,1.0,2.0,-63.0
1777891189.0143323,-1.0,5.0,-71.0
1777891189.0243323,1.0,4.0,-74.0
1777891189.0343325,3.0,4.0,-79.0
1777891189.0443325,0.0,0.0,-75.0
1777891189.0543325,3.0,-1.0,-77.0
1777891189.0643325,3.0,0.0,-81.0
1777891189.0743325,4.0,0.0,-83.0
1777891189.0843325,1.0,2.0,-86.0
1777891189.0943325,0.0,5.0,-91.0
1777891189.1043324,0.0,5.0,-89.0
1777891189.1143324,0.0,6.0,-85.0
1777891189.1243324,0.0,3.0,-85.0
1777891189.1343324,2.0,3.0,-81.0
1777891189.1443324,-2.0,2.0,-79.0
1777891189.1543324,-2.0,-1.0,-78.0
1777891189.1643324,-1.0,1.0,-82.0
1777891189.1743324,-3.0,-1.0,-77.0
1777891189.1843324,-1.0,0.0,-78.0
1777891189.1943324,-3.0,0.0,-81.0
1777891189.2043324,1.0,-1.0,-81.0
1777891189.2143323,2.0,0.0,-80.0
1777891189.2243323,2.0,0.0,-76.0
1777891189.2343323,1.0,0.0,-67.0
1777891189.2443323,1.0,0.0,-61.0
1777891189.2543323,-4.0,-4.0,-57.0
1777891189.2643323,-7.0,-7.0,-61.0
1777891189.2743323,-4.0,-4.0,-61.0
1777891189.2843325,0.0,-1.0,-61.0
1777891189.2943325,2.0,-5.0,-56.0
1777891189.3043325,1.0,-5.0,-56.0
1777891189.3143325,3.0,-9.0,-65.0
1777891189.3243325,1.0,-4.0,-65.0
1777891189.3343325,0.0,-7.0,-65.0
1777891189.3443325,0.0,-4.0,-69.0
1777891189.3543324,-4.0,0.0,-73.0
1777891189.3643324,0.0,0.0,-72.0
1777891189.3743324,0.0,-1.0,-69.0
1777891189.3843324,4.0,-1.0,-71.0
1777891189.3943324,-1.0,-3.0,-70.0
1777891189.4043324,-7.0,-10.0,-63.0
1777891189.4143324,-9.0,-7.0,-57.0
1777891189.4243324,-8.0,-3.0,-65.0
1777891189.4343324,-1.0,-4.0,-67.0
1777891189.4453323,-2.0,-1.0,-67.0
1777891189.4553325,-1.0,-4.0,-63.0
1777891189.4653325,-2.0,-6.0,-68.0
1777891189.4753325,-5.0,-5.0,-77.0
1777891189.4853325,-3.0,-2.0,-75.0
1777891189.4953325,-8.0,-1.0,-76.0
1777891189.5053325,-12.0,-4.0,-79.0
1777891189.5153325,-8.0,-5.0,-80.0
1777891189.5253325,-5.0,-3.0,-78.0
1777891189.5353324,-4.0,-2.0,-77.0
1777891189.5453324,-2.0,2.0,-77.0
1777891189.5553324,-1.0,0.0,-75.0
1777891189.5653324,0.0,1.0,-75.0
1777891189.5753324,0.0,0.0,-72.0
1777891189.5853324,2.0,1.0,-76.0
1777891189.5953324,3.0,4.0,-71.0
1777891189.6053324,3.0,3.0,-72.0
1777891189.6153324,2.0,2.0,-69.0
1777891189.6253324,-2.0,1.0,-67.0
1777891189.6353323,0.0,1.0,-68.0
1777891189.6453323,-2.0,3.0,-71.0
1777891189.6553323,-1.0,0.0,-67.0
1777891189.6653323,-4.0,2.0,-62.0
1777891189.6753323,-9.0,2.0,-66.0
1777891189.6853323,-4.0,-1.0,-71.0
1777891189.6953323,-1.0,-2.0,-72.0
1777891189.7053325,-2.0,-2.0,-75.0
1777891189.7153325,-2.0,-3.0,-68.0
1777891189.7253325,-3.0,-2.0,-62.0
1777891189.7353325,2.0,0.0,-70.0
1777891189.7453325,2.0,-3.0,-77.0
1777891189.7553325,3.0,0.0,-82.0
1777891189.7653325,0.0,2.0,-77.0
1777891189.7753325,0.0,1.0,-75.0
1777891189.7853324,3.0,2.0,-71.0
1777891189.7953324,6.0,0.0,-69.0
1777891189.8053324,3.0,-2.0,-66.0
1777891189.8153324,1.0,1.0,-63.0
1777891189.8253324,4.0,-2.0,-66.0
1777891189.8353324,6.0,0.0,-63.0
1777891189.8453324,6.0,2.0,-61.0
1777891189.8553324,6.0,3.0,-63.0
1777891189.8653324,3.0,2.0,-71.0
1777891189.8753324,3.0,1.0,-79.0
1777891189.8853323,3.0,3.0,-80.0
1777891189.8953323,0.0,1.0,-80.0
1777891189.9053323,0.0,3.0,-76.0
1777891189.9153323,2.0,1.0,-77.0
1777891189.9253323,1.0,0.0,-71.0
1777891189.9353323,1.0,0.0,-79.0
1777891189.9453323,0.0,1.0,-81.0
1777891189.9553325,10.0,0.0,-83.0
1777891189.9653325,13.0,1.0,-82.0
1777891189.9753325,4.0,3.0,-82.0
1777891189.9853325,1.0,0.0,-81.0
1777891189.9953325,1.0,-1.0,-83.0
1777891190.0053325,3.0,0.0,-79.0
1777891190.0153325,3.0,0.0,-76.0
1777891190.0253325,9.0,1.0,-73.0
1777891190.0353324,4.0,1.0,-72.0
1777891190.0453324,5.0,0.0,-72.0
1777891190.0553324,4.0,0.0,-75.0
1777891190.0653324,5.0,3.0,-80.0
1777891190.0753324,4.0,1.0,-75.0
1777891190.0853324,6.0,6.0,-69.0
1777891190.0953324,4.0,5.0,-71.0
1777891190.1053324,5.0,3.0,-76.0
1777891190.1153324,3.0,2.0,-69.0
1777891190.1253324,0.0,3.0,-69.0
1777891190.1353323,1.0,3.0,-68.0
1777891190.1453323,-3.0,2.0,-67.0
1777891190.1553323,-3.0,3.0,-69.0
1777891190.1653323,-4.0,2.0,-72.0
1777891190.1753323,-6.0,0.0,-69.0
1777891190.1853323,-2.0,-3.0,-77.0
1777891190.1953323,0.0,-1.0,-72.0
1777891190.2053325,0.0,-3.0,-72.0
1777891190.2153325,0.0,-4.0,-73.0
1777891190.2253325,1.0,-3.0,-71.0
1777891190.2353325,3.0,-1.0,-75.0
1777891190.2453325,4.0,2.0,-75.0
1777891190.2553325,1.0,0.0,-72.0
1777891190.2653325,0.0,1.0,-74.0
1777891190.2753325,0.0,0.0,-76.0
1777891190.2853324,-4.0,1.0,-69.0
1777891190.2953324,-2.0,3.0,-68.0
1777891190.3053324,0.0,2.0,-66.0
1777891190.3153324,3.0,1.0,-67.0
1777891190.3253324,0.0,0.0,-69.0
1777891190.3353324,0.0,0.0,-71.0
1777891190.3453324,2.0,1.0,-72.0
1777891190.3553324,5.0,-1.0,-75.0
1777891190.3653324,3.0,0.0,-75.0
1777891190.3753324,-2.0,0.0,-73.0
1777891190.3853323,0.0,-3.0,-75.0
1777891190.3953323,-2.0,-7.0,-78.0
1777891190.4053323,-4.0,-2.0,-76.0
1777891190.4153323,-6.0,-1.0,-75.0
1777891190.4253323,2.0,0.0,-74.0
1777891190.4353323,2.0,0.0,-70.0
1777891190.4453323,-1.0,-3.0,-69.0
1777891190.4553325,-5.0,-4.0,-67.0
1777891190.4653325,-3.0,-6.0,-69.0
1777891190.4753325,-2.0,-2.0,-67.0
1777891190.4853325,0.0,-1.0,-73.0
1777891190.4953325,4.0,-4.0,-81.0
1777891190.5053325,5.0,-5.0,-89.0
1777891190.5153325,2.0,-3.0,-89.0
1777891190.5253325,0.0,2.0,-81.0
1777891190.5353324,5.0,2.0,-71.0
1777891190.5453324,3.0,1.0,-72.0
1777891190.5553324,3.0,-1.0,-64.0
1777891190.5653324,2.0,0.0,-62.0
1777891190.5753324,3.0,-2.0,-61.0
1777891190.5853324,0.0,-2.0,-62.0
1777891190.5953324,0.0,-2.0,-67.0
1777891190.6053324,-3.0,-3.0,-71.0
1777891190.6153324,-3.0,-4.0,-67.0
1777891190.6253324,-4.0,-1.0,-67.0
1777891190.6353323,1.0,-1.0,-71.0
1777891190.6453323,0.0,0.0,-78.0
1777891190.6553323,1.0,-3.0,-80.0
1777891190.6653323,4.0,-2.0,-83.0
1777891190.6753323,3.0,3.0,-79.0
1777891190.6853323,3.0,0.0,-74.0
1777891190.6953323,-3.0,-2.0,-68.0
1777891190.7053325,-1.0,-6.0,-68.0
1777891190.7153325,2.0,-9.0,-66.0
1777891190.7253325,3.0,-4.0,-67.0
1777891190.7353325,5.0,0.0,-71.0
1777891190.7453325,2.0,-1.0,-70.0
1777891190.7553325,2.0,-1.0,-65.0
1777891190.7653325,0.0,-2.0,-66.0
1777891190.7753325,0.0,1.0,-70.0
1777891190.7853324,2.0,0.0,-78.0
1777891190.7953324,0.0,-1.0,-82.0
1777891190.8053324,-7.0,0.0,-76.0
1777891190.8153324,-7.0,0.0,-77.0
1777891190.8253324,-6.0,-3.0,-80.0
1777891190.8353324,-2.0,-4.0,-80.0
1777891190.8453324,-3.0,-4.0,-81.0
1777891190.8553324,0.0,-6.0,-81.0
1777891190.8653324,4.0,-11.0,-78.0
1777891190.8753324,5.0,-9.0,-76.0
1777891190.8853323,4.0,-7.0,-72.0
1777891190.8953323,2.0,-5.0,-66.0
1777891190.9053323,5.0,-6.0,-70.0
1777891190.9153323,3.0,-2.0,-77.0
1777891190.9253323,0.0,-1.0,-74.0
1777891190.9353323,2.0,-5.0,-77.0
1777891190.9453323,6.0,-4.0,-77.0
1777891190.9553325,0.0,-7.0,-72.0
1777891190.9653325,6.0,-4.0,-72.0
1777891190.9753325,5.0,0.0,-73.0
1777891190.9853325,4.0,3.0,-73.0
1777891190.9953325,7.0,2.0,-70.0
1777891191.0053325,10.0,3.0,-70.0
1777891191.0153325,13.0,6.0,-70.0
1777891191.0253325,13.0,3.0,-68.0
1777891191.0353324,11.0,2.0,-75.0
1777891191.0453324,13.0,-2.0,-79.0
1777891191.0553324,10.0,0.0,-74.0
1777891191.0653324,6.0,-2.0,-73.0
1777891191.0753324,2.0,0.0,-73.0
1777891191.0853324,3.0,-3.0,-71.0
1777891191.0953324,2.0,-1.0,-68.0
1777891191.1053324,3.0,-7.0,-76.0
1777891191.1153324,8.0,-8.0,-72.0
1777891191.1253324,9.0,-10.0,-77.0
1777891191.1353323,5.0,-7.0,-81.0
1777891191.1453323,2.0,-6.0,-80.0
1777891191.1553323,4.0,-4.0,-80.0
1777891191.1653323,1.0,-5.0,-75.0
1777891191.1753323,5.0,-5.0,-72.0
1777891191.1853323,4.0,-7.0,-70.0
1777891191.1953323,4.0,-4.0,-69.0
1777891191.2053325,0.0,-1.0,-72.0
1777891191.2153325,3.0,-4.0,-64.0
1777891191.2253325,8.0,-2.0,-61.0
1777891191.2353325,7.0,-1.0,-69.0
1777891191.2453325,8.0,-3.0,-79.0
1777891191.2553325,6.0,-3.0,-77.0
1777891191.2653325,8.0,-8.0,-78.0
1777891191.2753325,9.0,-8.0,-76.0
1777891191.2853324,7.0,-6.0,-68.0
1777891191.2953324,6.0,-6.0,-73.0
1777891191.3053324,8.0,-4.0,-73.0
1777891191.3153324,6.0,-5.0,-72.0
1777891191.3253324,4.0,-4.0,-70.0
1777891191.3353324,2.0,-5.0,-68.0
1777891191.3453324,1.0,-3.0,-64.0
1777891191.3553324,7.0,-5.0,-62.0
1777891191.3653324,6.0,-6.0,-62.0
1777891191.3753324,3.0,0.0,-65.0
1777891191.3853323,4.0,0.0,-70.0
1777891191.3953323,5.0,-3.0,-70.0
1777891191.4053323,2.0,-1.0,-66.0
1777891191.4153323,1.0,-3.0,-68.0
1777891191.4263325,2.0,0.0,-71.0
1777891191.4353323,7.0,0.0,-69.0
1777891191.4463325,4.0,0.0,-68.0
1777891191.4563324,3.0,1.0,-68.0
1777891191.4663324,4.0,4.0,-68.0
1777891191.4763324,0.0,7.0,-65.0
1777891191.4863324,-2.0,4.0,-61.0
1777891191.4963324,0.0,0.0,-63.0
1777891191.5063324,-2.0,-4.0,-60.0
1777891191.5163324,-7.0,-5.0,-65.0
1777891191.5263324,-7.0,-6.0,-68.0
1777891191.5363324,-5.0,-7.0,-63.0
1777891191.5463324,0.0,-8.0,-69.0
1777891191.5563323,0.0,-9.0,-75.0
1777891191.5663323,0.0,-12.0,-73.0
1777891191.5763323,4.0,-5.0,-73.0
1777891191.5863323,0.0,-3.0,-66.0
1777891191.5963323,1.0,-6.0,-61.0
1777891191.6063323,0.0,-8.0,-61.0
1777891191.6163323,-4.0,-8.0,-73.0
1777891191.6263323,-5.0,-6.0,-82.0
1777891191.6363325,-7.0,-5.0,-84.0
1777891191.6463325,-8.0,-3.0,-83.0
1777891191.6563325,-6.0,0.0,-82.0
1777891191.6663325,-4.0,0.0,-82.0
1777891191.6763325,0.0,2.0,-76.0
1777891191.6863325,-4.0,4.0,-80.0
1777891191.6963325,-5.0,4.0,-87.0
1777891191.7063324,-5.0,4.0,-84.0
1777891191.7163324,-2.0,-1.0,-83.0
1777891191.7263324,-1.0,-4.0,-82.0
1777891191.7363324,-2.0,-4.0,-79.0
1777891191.7463324,-3.0,-3.0,-75.0
1777891191.7563324,0.0,-5.0,-76.0
1777891191.7663324,1.0,-6.0,-82.0
1777891191.7763324,3.0,-6.0,-85.0
1777891191.7863324,5.0,-6.0,-83.0
1777891191.7963324,6.0,-6.0,-83.0
1777891191.8063323,5.0,-7.0,-79.0
1777891191.8163323,3.0,-7.0,-77.0
1777891191.8263323,2.0,-5.0,-70.0
1777891191.8363323,0.0,-6.0,-75.0
1777891191.8463323,-1.0,-2.0,-75.0
1777891191.8563323,-2.0,-4.0,-73.0
1777891191.8663323,-2.0,-6.0,-79.0
1777891191.8763323,-3.0,-4.0,-76.0
1777891191.8863325,-2.0,-4.0,-75.0
1777891191.8963325,-3.0,-6.0,-68.0
1777891191.9063325,3.0,-1.0,-63.0
1777891191.9163325,3.0,-2.0,-67.0
1777891191.9263325,3.0,0.0,-66.0
1777891191.9363325,2.0,2.0,-68.0
1777891191.9463325,0.0,3.0,-75.0
1777891191.9563324,-3.0,2.0,-75.0
1777891191.9663324,-1.0,0.0,-70.0
1777891191.9763324,-5.0,1.0,-68.0
1777891191.9863324,-4.0,1.0,-71.0
1777891191.9963324,-2.0,0.0,-71.0
1777891192.0063324,1.0,0.0,-77.0
1777891192.0163324,5.0,-2.0,-74.0
1777891192.0263324,8.0,0.0,-75.0
1777891192.0363324,4.0,1.0,-74.0
1777891192.0463324,-3.0,0.0,-70.0
1777891192.0563323,0.0,0.0,-68.0
1777891192.0663323,0.0,-1.0,-75.0
1777891192.0763323,-1.0,0.0,-71.0
1777891192.0863323,-1.0,2.0,-66.0
1777891192.0963323,0.0,4.0,-65.0
1777891192.1063323,1.0,2.0,-60.0
1777891192.1163323,2.0,3.0,-64.0
1777891192.1263323,1.0,7.0,-64.0
1777891192.1363325,0.0,7.0,-67.0
1777891192.1463325,3.0,4.0,-75.0
1777891192.1563325,3.0,1.0,-71.0
1777891192.1663325,4.0,0.0,-70.0
1777891192.1763325,-1.0,0.0,-77.0
1777891192.1863325,0.0,0.0,-71.0
1777891192.1963325,-4.0,-3.0,-68.0
1777891192.2063324,2.0,-3.0,-73.0
1777891192.2163324,8.0,-4.0,-72.0
1777891192.2263324,9.0,0.0,-74.0
1777891192.2363324,8.0,2.0,-71.0
1777891192.2463324,7.0,0.0,-67.0
1777891192.2563324,6.0,0.0,-77.0
1777891192.2663324,6.0,0.0,-82.0
1777891192.2763324,2.0,5.0,-77.0
1777891192.2863324,0.0,2.0,-73.0
1777891192.2963324,1.0,0.0,-70.0
1777891192.3063323,0.0,0.0,-68.0
1777891192.3163323,-3.0,-2.0,-62.0
1777891192.3263323,-4.0,-4.0,-70.0
1777891192.3363323,0.0,-2.0,-77.0
1777891192.3463323,0.0,0.0,-83.0
1777891192.3563323,-2.0,0.0,-80.0
1777891192.3663323,-2.0,0.0,-73.0
1777891192.3763323,-2.0,0.0,-73.0
1777891192.3863325,1.0,1.0,-73.0
1777891192.3963325,3.0,3.0,-69.0
1777891192.4063325,3.0,5.0,-67.0
1777891192.4163325,-2.0,0.0,-70.0
1777891192.4263325,-5.0,2.0,-65.0
1777891192.4363325,-2.0,2.0,-68.0
1777891192.4463325,0.0,3.0,-72.0
1777891192.4563324,4.0,1.0,-68.0
1777891192.4663324,6.0,-1.0,-69.0
1777891192.4763324,5.0,1.0,-69.0
1777891192.4863324,0.0,1.0,-73.0
1777891192.4963324,-3.0,3.0,-70.0
1777891192.5063324,-3.0,-2.0,-75.0
1777891192.5163324,-4.0,0.0,-74.0
1777891192.5263324,-4.0,-2.0,-70.0
1777891192.5363324,-3.0,-7.0,-68.0
1777891192.5463324,1.0,-6.0,-71.0
1777891192.5563323,3.0,-9.0,-76.0
1777891192.5663323,5.0,-6.0,-77.0
1777891192.5763323,9.0,-4.0,-69.0
1777891192.5863323,11.0,-7.0,-65.0
1777891192.5963323,8.0,-7.0,-72.0
1777891192.6063323,3.0,-8.0,-77.0
1777891192.6163323,-2.0,-9.0,-80.0
1777891192.6263323,1.0,-6.0,-82.0
1777891192.6363325,2.0,-2.0,-80.0
1777891192.6463325,1.0,-3.0,-82.0
1777891192.6563325,3.0,-4.0,-77.0
1777891192.6663325,3.0,-2.0,-75.0
1777891192.6763325,6.0,-7.0,-78.0
1777891192.6863325,3.0,-8.0,-75.0
1777891192.6963325,1.0,-3.0,-78.0
1777891192.7063324,3.0,-1.0,-78.0
1777891192.7163324,2.0,-1.0,-73.0
1777891192.7263324,3.0,0.0,-80.0
1777891192.7363324,4.0,-2.0,-81.0
1777891192.7463324,9.0,-3.0,-83.0
1777891192.7563324,11.0,-1.0,-77.0
1777891192.7663324,9.0,1.0,-74.0
1777891192.7763324,4.0,0.0,-75.0
1777891192.7863324,1.0,2.0,-79.0
1777891192.7963324,5.0,2.0,-76.0
1777891192.8063323,3.0,1.0,-78.0
1777891192.8163323,4.0,0.0,-74.0
1777891192.8263323,4.0,0.0,-84.0
1777891192.8363323,3.0,1.0,-85.0
1777891192.8463323,5.0,0.0,-83.0
1777891192.8563323,8.0,0.0,-80.0
1777891192.8663323,5.0,-2.0,-74.0
1777891192.8763323,4.0,-2.0,-72.0
1777891192.8863325,2.0,-3.0,-77.0
1777891192.8963325,2.0,0.0,-73.0
1777891192.9063325,4.0,0.0,-68.0
1777891192.9163325,3.0,-1.0,-73.0
1777891192.9263325,0.0,-4.0,-70.0
1777891192.9363325,1.0,-3.0,-70.0
1777891192.9463325,-3.0,0.0,-72.0
1777891192.9563324,-1.0,1.0,-73.0
1777891192.9663324,-3.0,3.0,-65.0
1777891192.9763324,-2.0,4.0,-69.0
1777891192.9863324,-1.0,0.0,-68.0
1777891192.9963324,-1.0,2.0,-71.0
1777891193.0063324,0.0,-4.0,-75.0
1777891193.0163324,-1.0,-4.0,-76.0
1777891193.0263324,0.0,-3.0,-76.0
1777891193.0363324,2.0,-4.0,-70.0
1777891193.0463324,4.0,-5.0,-71.0
1777891193.0563323,3.0,-7.0,-66.0
1777891193.0663323,2.0,-8.0,-69.0
1777891193.0763323,1.0,-7.0,-66.0
1777891193.0863323,1.0,-8.0,-65.0
1777891193.0963323,0.0,-6.0,-64.0
1777891193.1063323,0.0,-12.0,-67.0
1777891193.1163323,1.0,-13.0,-69.0
1777891193.1263323,2.0,-11.0,-71.0
1777891193.1363325,5.0,-10.0,-68.0
1777891193.1463325,8.0,-9.0,-63.0
1777891193.1563325,12.0,-9.0,-65.0
1777891193.1663325,10.0,-6.0,-67.0
1777891193.1763325,8.0,-3.0,-62.0
1777891193.1863325,8.0,-2.0,-66.0
1777891193.1963325,11.0,0.0,-67.0
1777891193.2063324,8.0,0.0,-65.0
1777891193.2163324,6.0,0.0,-63.0
1777891193.2263324,6.0,-1.0,-68.0
1777891193.2363324,8.0,0.0,-70.0
1777891193.2463324,4.0,2.0,-73.0
1777891193.2563324,8.0,1.0,-72.0
1777891193.2663324,6.0,2.0,-78.0
1777891193.2763324,4.0,1.0,-73.0
1777891193.2863324,1.0,3.0,-74.0
1777891193.2963324,4.0,3.0,-76.0
1777891193.3063323,2.0,3.0,-76.0
1777891193.3163323,5.0,0.0,-75.0
1777891193.3263323,5.0,-1.0,-72.0
1777891193.3363323,1.0,1.0,-74.0
1777891193.3463323,-5.0,2.0,-73.0
1777891193.3563323,-1.0,2.0,-72.0
1777891193.3663323,2.0,2.0,-67.0
1777891193.3763323,0.0,2.0,-62.0
1777891193.3863325,0.0,2.0,-67.0
1777891193.3963325,0.0,2.0,-71.0
1777891193.4063325,1.0,6.0,-74.0
1777891193.4173324,-2.0,4.0,-76.0
1777891193.4273324,-4.0,1.0,-74.0
1777891193.4363325,-2.0,-3.0,-79.0
1777891193.4473324,-4.0,-5.0,-82.0
1777891193.4573324,-6.0,-7.0,-78.0
1777891193.4673324,-2.0,-4.0,-75.0
1777891193.4773324,-2.0,-6.0,-76.0
1777891193.4873323,0.0,-9.0,-78.0
1777891193.4973323,-3.0,-6.0,-69.0
1777891193.5073323,-5.0,-8.0,-58.0
1777891193.5173323,-3.0,-8.0,-62.0
1777891193.5273323,-3.0,-7.0,-60.0
1777891193.5373323,-5.0,-4.0,-63.0
1777891193.5473323,-4.0,-3.0,-62.0
1777891193.5573325,-5.0,-3.0,-69.0
1777891193.5673325,-5.0,-4.0,-71.0
1777891193.5773325,-5.0,-7.0,-66.0
1777891193.5873325,-4.0,-4.0,-65.0
1777891193.5973325,2.0,-5.0,-68.0
1777891193.6073325,6.0,-4.0,-69.0
1777891193.6173325,7.0,-2.0,-67.0
1777891193.6273324,5.0,-5.0,-68.0
1777891193.6373324,6.0,-2.0,-66.0
1777891193.6473324,2.0,-3.0,-62.0
1777891193.6573324,5.0,-5.0,-64.0
1777891193.6673324,5.0,-3.0,-65.0
1777891193.6773324,5.0,-5.0,-69.0
1777891193.6873324,3.0,-2.0,-74.0
1777891193.6973324,6.0,-3.0,-76.0
1777891193.7073324,3.0,-2.0,-70.0
1777891193.7173324,2.0,-1.0,-66.0
1777891193.7273324,3.0,-6.0,-63.0
1777891193.7373323,6.0,-10.0,-70.0
1777891193.7473323,12.0,-7.0,-78.0
1777891193.7573323,11.0,-5.0,-80.0
1777891193.7673323,2.0,-4.0,-78.0
1777891193.7773323,2.0,-1.0,-84.0
1777891193.7873323,0.0,1.0,-79.0
1777891193.7973323,-2.0,2.0,-75.0
1777891193.8073325,2.0,2.0,-78.0
1777891193.8173325,3.0,-1.0,-80.0
1777891193.8273325,2.0,0.0,-81.0
1777891193.8373325,0.0,0.0,-80.0
1777891193.8473325,0.0,-1.0,-78.0
1777891193.8573325,1.0,-1.0,-71.0
1777891193.8673325,0.0,-1.0,-63.0
1777891193.8773324,0.0,-2.0,-63.0
1777891193.8873324,0.0,-7.0,-65.0
1777891193.8973324,0.0,-6.0,-71.0
1777891193.9073324,0.0,-5.0,-74.0
1777891193.9173324,6.0,-9.0,-74.0
1777891193.9273324,5.0,-10.0,-69.0
1777891193.9373324,5.0,-13.0,-68.0
1777891193.9473324,9.0,-12.0,-70.0
1777891193.9573324,6.0,-6.0,-72.0
1777891193.9673324,6.0,-5.0,-73.0
1777891193.9773324,8.0,-4.0,-67.0
1777891193.9873323,5.0,-5.0,-66.0
1777891193.9973323,3.0,-6.0,-67.0
1777891194.0073323,0.0,-11.0,-69.0
1777891194.0173323,1.0,-11.0,-73.0
1777891194.0273323,-3.0,-7.0,-69.0
1777891194.0373323,-4.0,-5.0,-67.0
1777891194.0473323,-5.0,-3.0,-67.0
1777891194.0573325,-8.0,-9.0,-71.0
1777891194.0673325,-5.0,-6.0,-71.0
1777891194.0773325,-5.0,-4.0,-68.0
1777891194.0873325,-5.0,-2.0,-69.0
1777891194.0973325,-6.0,-1.0,-69.0
1777891194.1073325,-3.0,-4.0,-62.0
1777891194.1173325,0.0,-6.0,-66.0
1777891194.1273324,-2.0,-7.0,-73.0
1777891194.1373324,-1.0,-5.0,-76.0
1777891194.1473324,0.0,-3.0,-75.0
1777891194.1573324,2.0,-2.0,-75.0
1777891194.1673324,3.0,-2.0,-78.0
1777891194.1773324,0.0,-3.0,-76.0
1777891194.1873324,3.0,-4.0,-77.0
1777891194.1973324,0.0,-6.0,-72.0
1777891194.2073324,0.0,-5.0,-80.0
1777891194.2173324,4.0,-6.0,-83.0
1777891194.2273324,4.0,-3.0,-80.0
1777891194.2373323,4.0,-5.0,-81.0
1777891194.2473323,4.0,-3.0,-74.0
1777891194.2573323,1.0,-2.0,-73.0
1777891194.2673323,0.0,-2.0,-76.0
1777891194.2773323,-1.0,-5.0,-82.0
1777891194.2873323,-1.0,-1.0,-86.0
1777891194.2973323,3.0,0.0,-82.0
1777891194.3073325,1.0,-3.0,-82.0
1777891194.3173325,0.0,-5.0,-82.0
1777891194.3273325,-3.0,-4.0,-84.0
1777891194.3373325,-1.0,-1.0,-72.0
1777891194.3473325,0.0,-2.0,-66.0
1777891194.3573325,0.0,0.0,-71.0
1777891194.3673325,-5.0,0.0,-65.0
1777891194.3773324,0.0,0.0,-58.0
1777891194.3873324,0.0,-6.0,-57.0
1777891194.3973324,2.0,-7.0,-52.0
1777891194.4073324,-4.0,-7.0,-55.0
1777891194.4173324,-6.0,0.0,-63.0
1777891194.4273324,-7.0,3.0,-73.0
1777891194.4373324,-7.0,2.0,-76.0
1777891194.4473324,-4.0,2.0,-76.0
1777891194.4573324,-2.0,3.0,-76.0
1777891194.4673324,0.0,0.0,-81.0
1777891194.4773324,2.0,1.0,-78.0
1777891194.4873323,2.0,3.0,-68.0
1777891194.4973323,2.0,0.0,-60.0
1777891194.5073323,1.0,0.0,-60.0
1777891194.5173323,2.0,3.0,-64.0
1777891194.5273323,2.0,1.0,-67.0
1777891194.5373323,5.0,2.0,-70.0
1777891194.5473323,2.0,5.0,-72.0
1777891194.5573325,3.0,5.0,-76.0
1777891194.5673325,0.0,5.0,-75.0
1777891194.5773325,0.0,7.0,-69.0
1777891194.5873325,0.0,5.0,-65.0
1777891194.5973325,1.0,5.0,-68.0
1777891194.6073325,1.0,2.0,-65.0
1777891194.6173325,6.0,0.0,-62.0
1777891194.6273324,2.0,0.0,-69.0
1777891194.6373324,0.0,-3.0,-70.0
1777891194.6473324,0.0,-6.0,-72.0
1777891194.6573324,1.0,-6.0,-70.0
1777891194.6673324,-3.0,-1.0,-68.0
1777891194.6773324,0.0,-7.0,-68.0
1777891194.6873324,-3.0,-5.0,-66.0
1777891194.6973324,-5.0,-1.0,-66.0
1777891194.7073324,-5.0,0.0,-65.0
1777891194.7173324,-1.0,0.0,-65.0
1777891194.7273324,-3.0,0.0,-70.0
1777891194.7373323,-4.0,-3.0,-73.0
1777891194.7473323,-2.0,-3.0,-74.0
1777891194.7573323,-6.0,-3.0,-80.0
1777891194.7673323,-2.0,-3.0,-73.0
1777891194.7773323,0.0,-5.0,-77.0
1777891194.7873323,-6.0,-1.0,-73.0
1777891194.7973323,-4.0,-6.0,-74.0
1777891194.8073325,-5.0,-4.0,-74.0
1777891194.8173325,-2.0,-2.0,-73.0
1777891194.8273325,-6.0,-7.0,-74.0
1777891194.8373325,-5.0,-6.0,-74.0
1777891194.8473325,-8.0,-6.0,-68.0
1777891194.8573325,-9.0,-6.0,-59.0
1777891194.8673325,-3.0,1.0,-56.0
1777891194.8773324,-4.0,3.0,-50.0
1777891194.8873324,-3.0,0.0,-55.0
1777891194.8973324,-3.0,-5.0,-63.0
1777891194.9073324,-5.0,-8.0,-66.0
1777891194.9173324,1.0,-8.0,-72.0
1777891194.9273324,2.0,-7.0,-74.0
1777891194.9373324,3.0,-9.0,-73.0
1777891194.9473324,3.0,-4.0,-67.0
1777891194.9573324,2.0,2.0,-69.0
1777891194.9673324,3.0,1.0,-72.0
1777891194.9773324,5.0,0.0,-70.0
1777891194.9873323,5.0,-3.0,-73.0
1777891194.9973323,1.0,3.0,-75.0
1777891195.0073323,4.0,3.0,-74.0
1777891195.0173323,3.0,-3.0,-70.0
1777891195.0273323,-1.0,-5.0,-68.0
1777891195.0373323,-1.0,-5.0,-76.0
1777891195.0473323,2.0,-3.0,-75.0
1777891195.0573325,3.0,-4.0,-76.0
1777891195.0673325,1.0,-4.0,-68.0
1777891195.0773325,0.0,-3.0,-65.0
1777891195.0873325,-3.0,-5.0,-69.0
1777891195.0973325,-1.0,-7.0,-68.0
1777891195.1073325,-1.0,-4.0,-68.0
1777891195.1173325,0.0,-2.0,-71.0
1777891195.1273324,3.0,-4.0,-74.0
1777891195.1373324,0.0,-3.0,-71.0
1777891195.1473324,2.0,0.0,-70.0
1777891195.1573324,2.0,0.0,-67.0
1777891195.1673324,1.0,0.0,-66.0
1777891195.1773324,0.0,0.0,-68.0
1777891195.1873324,-1.0,-1.0,-64.0
1777891195.1973324,2.0,0.0,-70.0
1777891195.2073324,0.0,-2.0,-72.0
1777891195.2173324,1.0,-6.0,-72.0
1777891195.2273324,0.0,-6.0,-77.0
1777891195.2373323,5.0,-7.0,-68.0
1777891195.2473323,6.0,-4.0,-68.0
1777891195.2573323,8.0,-3.0,-74.0
1777891195.2673323,9.0,-2.0,-75.0
1777891195.2773323,5.0,0.0,-72.0
1777891195.2873323,2.0,-3.0,-67.0
1777891195.2973323,0.0,-3.0,-72.0
1777891195.3073325,0.0,-6.0,-71.0
1777891195.3173325,0.0,-3.0,-72.0
1777891195.3273325,1.0,-6.0,-71.0
1777891195.3373325,-1.0,-4.0,-82.0
1777891195.3473325,3.0,-5.0,-82.0
1777891195.3573325,1.0,-2.0,-86.0
1777891195.3673325,1.0,-4.0,-85.0
1777891195.3773324,2.0,-6.0,-82.0
1777891195.3873324,6.0,-10.0,-83.0
1777891195.3973324,4.0,-4.0,-82.0
1777891195.4083323,6.0,-3.0,-84.0
1777891195.4183323,5.0,-1.0,-81.0
1777891195.4283323,6.0,1.0,-73.0
1777891195.4383323,3.0,1.0,-66.0
1777891195.4483323,3.0,0.0,-59.0
1777891195.4583323,4.0,-3.0,-57.0
1777891195.4683323,6.0,-1.0,-57.0
1777891195.4783323,8.0,-2.0,-57.0
1777891195.4883325,8.0,-4.0,-63.0
1777891195.4983325,8.0,-5.0,-69.0
1777891195.5083325,5.0,-4.0,-67.0
1777891195.5183325,2.0,-5.0,-60.0
1777891195.5283325,4.0,-6.0,-66.0
1777891195.5383325,2.0,-6.0,-62.0
1777891195.5483325,-3.0,-8.0,-66.0
1777891195.5593324,0.0,-7.0,-66.0
1777891195.5683324,1.0,-7.0,-76.0
1777891195.5783324,0.0,-3.0,-78.0
1777891195.5883324,1.0,-2.0,-77.0
1777891195.5983324,6.0,0.0,-79.0
1777891195.6083324,7.0,1.0,-76.0
1777891195.6183324,4.0,4.0,-75.0
1777891195.6283324,6.0,7.0,-72.0
1777891195.6383324,1.0,5.0,-64.0
1777891195.6483324,1.0,0.0,-68.0
1777891195.6583323,2.0,0.0,-69.0
1777891195.6683323,3.0,-2.0,-71.0
1777891195.6783323,4.0,-1.0,-70.0
1777891195.6883323,7.0,-1.0,-65.0
1777891195.6983323,5.0,-5.0,-70.0
1777891195.7083323,2.0,-5.0,-68.0
1777891195.7183323,3.0,-5.0,-70.0
1777891195.7283323,6.0,-1.0,-71.0
1777891195.7383325,3.0,1.0,-73.0
1777891195.7483325,0.0,0.0,-71.0
1777891195.7583325,0.0,-1.0,-68.0
1777891195.7683325,-4.0,2.0,-68.0
1777891195.7783325,-1.0,2.0,-70.0
1777891195.7883325,1.0,0.0,-70.0
1777891195.7983325,2.0,-5.0,-72.0
1777891195.8083324,2.0,-7.0,-73.0
1777891195.8183324,1.0,-5.0,-79.0
1777891195.8283324,2.0,-3.0,-79.0
1777891195.8383324,0.0,-2.0,-73.0
1777891195.8483324,0.0,-6.0,-66.0
1777891195.8583324,4.0,-7.0,-66.0
1777891195.8683324,3.0,-6.0,-69.0
1777891195.8783324,2.0,-6.0,-70.0
1777891195.8883324,1.0,-6.0,-80.0
1777891195.8983324,0.0,-9.0,-76.0
1777891195.9083323,-2.0,-7.0,-65.0
1777891195.9183323,-2.0,-4.0,-61.0
1777891195.9283323,-8.0,-8.0,-52.0
1777891195.9383323,-6.0,-5.0,-53.0
1777891195.9483323,-4.0,-8.0,-60.0
1777891195.9583323,-1.0,-10.0,-69.0
1777891195.9683323,-2.0,-9.0,-67.0
1777891195.9783323,-3.0,-9.0,-71.0
1777891195.9883325,0.0,-7.0,-74.0
1777891195.9983325,0.0,-5.0,-75.0
1777891196.0083325,0.0,-4.0,-71.0
1777891196.0183325,-1.0,-6.0,-77.0
1777891196.0283325,2.0,-4.0,-73.0
1777891196.0383325,0.0,-3.0,-71.0
1777891196.0483325,-3.0,-1.0,-67.0
1777891196.0583324,-2.0,1.0,-68.0
1777891196.0683324,-1.0,0.0,-72.0
1777891196.0783324,0.0,-4.0,-65.0
1777891196.0883324,-1.0,-2.0,-72.0
1777891196.0983324,-4.0,-1.0,-72.0
1777891196.1083324,-3.0,-2.0,-63.0
1777891196.1183324,-1.0,-4.0,-62.0
1777891196.1283324,-3.0,-7.0,-62.0
1777891196.1383324,-4.0,-7.0,-65.0
1777891196.1483324,-2.0,-3.0,-69.0
1777891196.1583323,0.0,0.0,-70.0
1777891196.1683323,1.0,0.0,-70.0
1777891196.1783323,0.0,-1.0,-73.0
1777891196.1883323,0.0,0.0,-72.0
1777891196.1983323,0.0,2.0,-64.0
1777891196.2083323,0.0,3.0,-68.0
1777891196.2183323,1.0,2.0,-69.0
1777891196.2283323,2.0,4.0,-68.0
1777891196.2383325,2.0,2.0,-71.0
1777891196.2483325,1.0,2.0,-70.0
1777891196.2583325,0.0,3.0,-70.0
1777891196.2683325,3.0,3.0,-79.0
1777891196.2783325,0.0,3.0,-76.0
1777891196.2883325,-1.0,1.0,-74.0
1777891196.2983325,-1.0,0.0,-73.0
1777891196.3083324,-3.0,-1.0,-73.0
1777891196.3183324,-4.0,-2.0,-70.0
1777891196.3283324,-2.0,0.0,-72.0
1777891196.3383324,2.0,-1.0,-70.0
1777891196.3483324,1.0,0.0,-68.0
1777891196.3583324,0.0,2.0,-62.0
1777891196.3683324,1.0,3.0,-54.0
1777891196.3783324,0.0,3.0,-58.0
1777891196.3883324,0.0,1.0,-63.0
1777891196.3983324,1.0,0.0,-64.0
1777891196.4083323,4.0,-3.0,-70.0
1777891196.4183323,6.0,-5.0,-67.0
1777891196.4283323,4.0,-2.0,-69.0
1777891196.4383323,3.0,0.0,-69.0
1777891196.4483323,5.0,4.0,-65.0
1777891196.4583323,1.0,2.0,-66.0
1777891196.4683323,1.0,1.0,-72.0
1777891196.4783323,2.0,1.0,-75.0
1777891196.4883325,1.0,7.0,-73.0
1777891196.4983325,0.0,7.0,-76.0
1777891196.5083325,-2.0,6.0,-78.0
1777891196.5183325,-5.0,3.0,-83.0
1777891196.5283325,-5.0,-1.0,-84.0
1777891196.5383325,-1.0,-5.0,-91.0
1777891196.5483325,0.0,-6.0,-91.0
1777891196.5583324,2.0,-5.0,-89.0
1777891196.5683324,0.0,-3.0,-84.0
1777891196.5783324,0.0,0.0,-79.0
1777891196.5883324,-2.0,0.0,-79.0
1777891196.5983324,0.0,-1.0,-79.0
1777891196.6083324,-3.0,-1.0,-79.0
1777891196.6183324,-2.0,-2.0,-81.0
1777891196.6283324,-3.0,0.0,-73.0
1777891196.6383324,-4.0,0.0,-78.0
1777891196.6483324,-6.0,1.0,-79.0
1777891196.6583323,-6.0,-2.0,-73.0
1777891196.6683323,-1.0,-3.0,-64.0
1777891196.6783323,-1.0,-2.0,-65.0
1777891196.6883323,0.0,-5.0,-66.0
1777891196.6983323,1.0,-3.0,-76.0
1777891196.7083323,1.0,-3.0,-81.0
1777891196.7183323,1.0,-7.0,-83.0
1777891196.7283323,-1.0,-6.0,-81.0
1777891196.7383325,-1.0,-3.0,-74.0
1777891196.7483325,-2.0,0.0,-73.0
1777891196.7583325,-3.0,3.0,-73.0
1777891196.7683325,-2.0,3.0,-73.0
1777891196.7783325,0.0,3.0,-73.0
1777891196.7883325,-1.0,1.0,-64.0
1777891196.7983325,0.0,0.0,-73.0
1777891196.8083324,3.0,1.0,-81.0
1777891196.8183324,2.0,0.0,-81.0
1777891196.8283324,3.0,-3.0,-86.0
1777891196.8383324,3.0,-4.0,-73.0
1777891196.8483324,1.0,-5.0,-69.0
1777891196.8583324,0.0,-5.0,-69.0
1777891196.8683324,-2.0,-5.0,-69.0
1777891196.8783324,-2.0,-1.0,-65.0
1777891196.8883324,-5.0,1.0,-73.0
1777891196.8983324,-4.0,-2.0,-77.0
1777891196.9083323,-3.0,-4.0,-81.0
1777891196.9183323,-4.0,-11.0,-81.0
1777891196.9283323,-2.0,-6.0,-81.0
1777891196.9383323,0.0,-3.0,-81.0
1777891196.9483323,1.0,0.0,-82.0
1777891196.9583323,2.0,0.0,-79.0
1777891196.9683323,-2.0,2.0,-82.0
1777891196.9783323,0.0,5.0,-80.0
1777891196.9883325,0.0,2.0,-74.0
1777891196.9983325,-1.0,0.0,-74.0
1777891197.0083325,-3.0,0.0,-75.0
1777891197.0183325,-4.0,-3.0,-71.0
1777891197.0283325,0.0,-5.0,-71.0
1777891197.0383325,-2.0,-3.0,-73.0
1777891197.0483325,2.0,-3.0,-67.0
1777891197.0583324,1.0,-6.0,-70.0
1777891197.0683324,5.0,-6.0,-73.0
1777891197.0783324,1.0,0.0,-71.0
1777891197.0883324,2.0,1.0,-69.0
1777891197.0983324,-1.0,-2.0,-71.0
1777891197.1083324,-1.0,-6.0,-71.0
1777891197.1183324,0.0,-3.0,-70.0
1777891197.1283324,-3.0,-5.0,-67.0
1777891197.1383324,-1.0,-3.0,-70.0
1777891197.1483324,0.0,-2.0,-66.0
1777891197.1583323,-1.0,-1.0,-66.0
1777891197.1683323,-5.0,-7.0,-66.0
1777891197.1783323,-5.0,-4.0,-67.0
1777891197.1883323,-9.0,-3.0,-66.0
1777891197.1983323,-9.0,-1.0,-64.0
1777891197.2083323,-8.0,-1.0,-66.0
1777891197.2183323,-5.0,-1.0,-68.0
1777891197.2283323,-2.0,-1.0,-67.0
1777891197.2383325,4.0,-1.0,-66.0
1777891197.2483325,5.0,0.0,-64.0
1777891197.2583325,3.0,-4.0,-61.0
1777891197.2683325,7.0,-4.0,-68.0
1777891197.2783325,6.0,-5.0,-67.0
1777891197.2883325,6.0,-3.0,-76.0
1777891197.2983325,6.0,-1.0,-77.0
1777891197.3083324,6.0,-2.0,-72.0
1777891197.3183324,3.0,-5.0,-68.0
1777891197.3283324,6.0,-6.0,-73.0
1777891197.3383324,4.0,-5.0,-72.0
1777891197.3483324,5.0,-5.0,-66.0
1777891197.3593323,4.0,-4.0,-64.0
1777891197.3693323,0.0,-3.0,-64.0
1777891197.3793323,-1.0,-3.0,-71.0
1777891197.3893323,-1.0,-5.0,-75.0
1777891197.3993323,2.0,-1.0,-70.0
1777891197.4093325,4.0,-1.0,-71.0
1777891197.4193325,11.0,-3.0,-78.0
1777891197.4293325,9.0,-7.0,-66.0
1777891197.4393325,5.0,-5.0,-67.0
1777891197.4483323,6.0,-4.0,-66.0
1777891197.4593325,3.0,-4.0,-66.0
1777891197.4693325,0.0,-8.0,-75.0
1777891197.4793324,1.0,-7.0,-80.0
1777891197.4893324,3.0,-7.0,-82.0
1777891197.4993324,4.0,-6.0,-77.0
1777891197.5093324,1.0,-4.0,-80.0
1777891197.5193324,-1.0,-3.0,-76.0
1777891197.5293324,-1.0,0.0,-74.0
1777891197.5393324,3.0,1.0,-72.0
1777891197.5493324,3.0,1.0,-70.0
1777891197.5593324,-4.0,0.0,-68.0
1777891197.5693324,-7.0,2.0,-71.0
1777891197.5793324,-8.0,-1.0,-67.0
1777891197.5893323,-7.0,-3.0,-70.0
1777891197.5993323,-10.0,-6.0,-74.0
1777891197.6093323,-9.0,-5.0,-81.0
1777891197.6193323,-5.0,-6.0,-75.0
1777891197.6293323,2.0,-6.0,-74.0
1777891197.6393323,-1.0,-7.0,-75.0
1777891197.6493323,0.0,-3.0,-72.0
1777891197.6593325,-4.0,0.0,-71.0
1777891197.6693325,-3.0,0.0,-71.0
1777891197.6793325,-1.0,0.0,-69.0
1777891197.6893325,3.0,-6.0,-67.0
1777891197.6993325,3.0,-6.0,-70.0
1777891197.7093325,3.0,-4.0,-67.0
1777891197.7193325,12.0,-3.0,-72.0
1777891197.7293324,11.0,-2.0,-75.0
1777891197.7393324,9.0,-4.0,-73.0
1777891197.7493324,4.0,-3.0,-73.0
1777891197.7593324,5.0,-3.0,-75.0
1777891197.7693324,3.0,-2.0,-77.0
1777891197.7793324,2.0,0.0,-80.0
1777891197.7893324,3.0,-1.0,-78.0
1777891197.7993324,3.0,0.0,-76.0
1777891197.8093324,5.0,-5.0,-72.0
1777891197.8193324,7.0,-6.0,-73.0
1777891197.8293324,10.0,-4.0,-76.0
1777891197.8393323,7.0,0.0,-82.0
1777891197.8493323,6.0,-3.0,-74.0
1777891197.8593323,5.0,-8.0,-81.0
1777891197.8693323,6.0,-6.0,-83.0
1777891197.8793323,3.0,0.0,-78.0
1777891197.8893323,0.0,-1.0,-79.0
1777891197.8993323,0.0,-1.0,-77.0
1777891197.9093325,0.0,-3.0,-80.0
1777891197.9193325,2.0,-2.0,-77.0
1777891197.9293325,0.0,0.0,-73.0
1777891197.9393325,-3.0,-2.0,-73.0
1777891197.9493325,-10.0,-3.0,-74.0
1777891197.9593325,-7.0,-4.0,-74.0
1777891197.9693325,-5.0,-3.0,-70.0
1777891197.9793324,-2.0,0.0,-68.0
1777891197.9893324,-2.0,-6.0,-70.0
1777891197.9993324,1.0,-6.0,-68.0
1777891198.0093324,1.0,-6.0,-69.0
1777891198.0193324,-2.0,-3.0,-73.0
1777891198.0293324,0.0,-4.0,-66.0
1777891198.0393324,1.0,-10.0,-65.0
1777891198.0493324,0.0,-7.0,-67.0
1777891198.0593324,4.0,-6.0,-71.0
1777891198.0693324,3.0,-4.0,-70.0
1777891198.0793324,1.0,-4.0,-73.0
1777891198.0893323,1.0,0.0,-69.0
1777891198.0993323,1.0,-5.0,-70.0
1777891198.1093323,5.0,0.0,-69.0
1777891198.1193323,0.0,-1.0,-70.0
1777891198.1293323,-1.0,-3.0,-68.0
1777891198.1393323,-7.0,-4.0,-70.0
1777891198.1493323,-6.0,-1.0,-77.0
1777891198.1593325,-6.0,1.0,-69.0
1777891198.1693325,-3.0,0.0,-72.0
1777891198.1793325,-1.0,0.0,-75.0
1777891198.1893325,-3.0,2.0,-77.0
1777891198.1993325,-2.0,0.0,-75.0
1777891198.2093325,-3.0,2.0,-73.0
1777891198.2193325,-6.0,2.0,-71.0
1777891198.2293324,-5.0,0.0,-75.0
1777891198.2393324,-7.0,1.0,-73.0
1777891198.2493324,-7.0,0.0,-69.0
1777891198.2593324,-4.0,2.0,-70.0
1777891198.2693324,-4.0,4.0,-70.0
1777891198.2793324,2.0,1.0,-74.0
1777891198.2893324,-3.0,1.0,-70.0
1777891198.2993324,0.0,0.0,-67.0
1777891198.3093324,4.0,-7.0,-73.0
1777891198.3193324,4.0,-9.0,-74.0
1777891198.3293324,3.0,-9.0,-73.0
1777891198.3393323,3.0,-10.0,-75.0
1777891198.3493323,4.0,-8.0,-76.0
1777891198.3593323,1.0,-4.0,-75.0
1777891198.3693323,-3.0,-4.0,-68.0
1777891198.3793323,-2.0,-1.0,-64.0
1777891198.3893323,0.0,-3.0,-66.0
1777891198.3993323,0.0,1.0,-67.0
1777891198.4093325,5.0,-2.0,-72.0
1777891198.4193325,3.0,0.0,-79.0
1777891198.4293325,6.0,0.0,-80.0
1777891198.4393325,5.0,2.0,-77.0
1777891198.4493325,1.0,4.0,-78.0
1777891198.4593325,4.0,4.0,-75.0
1777891198.4693325,4.0,5.0,-79.0
1777891198.4793324,4.0,5.0,-80.0
1777891198.4893324,2.0,4.0,-75.0
1777891198.4993324,6.0,0.0,-75.0
1777891198.5093324,3.0,-2.0,-76.0
1777891198.5193324,0.0,-1.0,-77.0
1777891198.5293324,0.0,0.0,-73.0
1777891198.5393324,3.0,2.0,-77.0
1777891198.5493324,6.0,5.0,-78.0
1777891198.5593324,4.0,4.0,-78.0
1777891198.5693324,0.0,3.0,-81.0
1777891198.5793324,1.0,4.0,-84.0
1777891198.5893323,3.0,1.0,-84.0
1777891198.5993323,5.0,-3.0,-81.0
1777891198.6093323,3.0,-3.0,-81.0
1777891198.6193323,3.0,-5.0,-81.0
1777891198.6293323,2.0,1.0,-74.0
1777891198.6393323,1.0,1.0,-78.0
1777891198.6493323,-4.0,-2.0,-72.0
1777891198.6593325,-7.0,-5.0,-71.0
1777891198.6693325,-5.0,-4.0,-71.0
1777891198.6793325,-3.0,-3.0,-63.0
1777891198.6893325,-3.0,-2.0,-67.0
1777891198.6993325,-3.0,-1.0,-70.0
1777891198.7093325,-1.0,-5.0,-67.0
1777891198.7193325,0.0,0.0,-69.0
1777891198.7293324,-2.0,0.0,-73.0
1777891198.7393324,-3.0,1.0,-71.0
1777891198.7493324,-9.0,-1.0,-70.0
1777891198.7593324,-5.0,5.0,-68.0
1777891198.7693324,-1.0,9.0,-64.0
1777891198.7793324,2.0,5.0,-73.0
1777891198.7893324,-4.0,6.0,-74.0
1777891198.7993324,-3.0,2.0,-79.0
1777891198.8093324,-3.0,1.0,-75.0
1777891198.8193324,-3.0,-2.0,-73.0
1777891198.8293324,-6.0,-5.0,-78.0
1777891198.8393323,-7.0,-4.0,-75.0
1777891198.8493323,-7.0,-4.0,-78.0
1777891198.8593323,-9.0,-5.0,-76.0
1777891198.8693323,-3.0,-7.0,-72.0
1777891198.8793323,-1.0,-4.0,-69.0
1777891198.8893323,1.0,-3.0,-64.0
1777891198.8993323,-1.0,-2.0,-64.0
1777891198.9093325,-4.0,-6.0,-67.0
1777891198.9193325,-5.0,-5.0,-63.0
1777891198.9293325,-4.0,-5.0,-65.0
1777891198.9393325,-4.0,-3.0,-64.0
1777891198.9493325,-6.0,-2.0,-71.0
1777891198.9593325,-2.0,-4.0,-71.0
1777891198.9693325,0.0,-6.0,-72.0
1777891198.9793324,0.0,-4.0,-72.0
1777891198.9893324,0.0,-5.0,-72.0
1777891198.9993324,0.0,-8.0,-69.0
1777891199.0093324,-1.0,-7.0,-71.0
1777891199.0193324,-3.0,-5.0,-70.0
1777891199.0293324,0.0,-3.0,-66.0
1777891199.0393324,-3.0,-7.0,-67.0
1777891199.0493324,0.0,-6.0,-73.0
1777891199.0593324,6.0,-5.0,-68.0
1777891199.0693324,4.0,-6.0,-62.0
1777891199.0793324,4.0,-4.0,-65.0
1777891199.0893323,1.0,-1.0,-69.0
1777891199.0993323,5.0,0.0,-68.0
1777891199.1093323,9.0,0.0,-70.0
1777891199.1193323,10.0,-2.0,-68.0
1777891199.1293323,9.0,-3.0,-67.0
1777891199.1393323,8.0,0.0,-72.0
1777891199.1493323,1.0,-4.0,-72.0
1777891199.1593325,3.0,-8.0,-76.0
1777891199.1693325,6.0,-7.0,-77.0
1777891199.1793325,10.0,-11.0,-71.0
1777891199.1893325,8.0,-10.0,-72.0
1777891199.1993325,7.0,-7.0,-67.0
1777891199.2093325,4.0,-7.0,-66.0
1777891199.2193325,7.0,-8.0,-63.0
1777891199.2293324,7.0,-7.0,-65.0
1777891199.2393324,8.0,-5.0,-69.0
1777891199.2493324,9.0,-6.0,-67.0
1777891199.2593324,6.0,-5.0,-67.0
1777891199.2693324,7.0,-7.0,-70.0
1777891199.2793324,6.0,-3.0,-70.0
1777891199.2893324,4.0,-7.0,-72.0
1777891199.2993324,0.0,-7.0,-76.0
1777891199.3093324,-4.0,-7.0,-75.0
1777891199.3193324,-2.0,-5.0,-82.0
1777891199.3293324,-4.0,-3.0,-78.0
1777891199.3393323,-1.0,0.0,-70.0
1777891199.3493323,1.0,4.0,-63.0
1777891199.3603325,0.0,5.0,-66.0
1777891199.3693323,-6.0,4.0,-68.0
1777891199.3803325,-7.0,2.0,-72.0
1777891199.3903325,-7.0,1.0,-75.0
1777891199.4003325,-5.0,0.0,-79.0
1777891199.4103324,-4.0,-3.0,-77.0
1777891199.4203324,-3.0,0.0,-75.0
1777891199.4303324,-4.0,0.0,-72.0
1777891199.4403324,-1.0,1.0,-70.0
1777891199.4503324,0.0,2.0,-75.0
1777891199.4603324,1.0,4.0,-80.0
1777891199.4703324,4.0,0.0,-76.0
1777891199.4803324,4.0,-2.0,-73.0
1777891199.4893324,3.0,1.0,-69.0
1777891199.5003324,5.0,0.0,-75.0
1777891199.5103323,0.0,0.0,-74.0
1777891199.5203323,0.0,4.0,-75.0
1777891199.5303323,3.0,3.0,-77.0
1777891199.5403323,8.0,3.0,-80.0
1777891199.5503323,6.0,1.0,-78.0
1777891199.5603323,4.0,4.0,-71.0
1777891199.5703323,6.0,1.0,-72.0
1777891199.5803325,5.0,2.0,-72.0
1777891199.5903325,4.0,1.0,-72.0
1777891199.6003325,4.0,1.0,-72.0
1777891199.6103325,0.0,0.0,-69.0
1777891199.6203325,-1.0,1.0,-73.0
1777891199.6303325,1.0,-1.0,-64.0
1777891199.6403325,5.0,-2.0,-67.0
1777891199.6503325,4.0,-3.0,-61.0
1777891199.6603324,-2.0,-4.0,-63.0
1777891199.6703324,0.0,-6.0,-63.0
1777891199.6803324,0.0,-5.0,-70.0
1777891199.6903324,0.0,-3.0,-59.0
1777891199.7003324,-3.0,0.0,-62.0
1777891199.7103324,-6.0,0.0,-64.0
1777891199.7203324,-6.0,0.0,-64.0
1777891199.7303324,-1.0,0.0,-68.0
1777891199.7403324,0.0,-2.0,-68.0
1777891199.7503324,6.0,-2.0,-64.0
1777891199.7603323,6.0,0.0,-64.0
1777891199.7703323,3.0,0.0,-67.0
1777891199.7803323,0.0,0.0,-68.0
1777891199.7903323,0.0,0.0,-73.0
1777891199.8003323,0.0,-2.0,-75.0
1777891199.8103323,0.0,-3.0,-71.0
1777891199.8203323,3.0,-1.0,-68.0
1777891199.8303325,4.0,-4.0,-67.0
1777891199.8403325,4.0,-1.0,-66.0
1777891199.8503325,1.0,0.0,-65.0
1777891199.8603325,-1.0,-4.0,-62.0
1777891199.8703325,-3.0,-4.0,-59.0
1777891199.8803325,-2.0,-7.0,-63.0
1777891199.8903325,3.0,-6.0,-74.0
1777891199.9003325,-1.0,-7.0,-75.0
1777891199.9103324,2.0,-8.0,-73.0
1777891199.9203324,4.0,-11.0,-75.0
1777891199.9303324,4.0,-12.0,-71.0
1777891199.9403324,2.0,-9.0,-75.0
1777891199.9503324,4.0,-5.0,-74.0
1777891199.9603324,-1.0,-6.0,-71.0
1777891199.9703324,-1.0,-5.0,-73.0
1777891199.9803324,-3.0,-5.0,-72.0
1777891199.9903324,-8.0,-6.0,-73.0
1777891200.0003324,-9.0,0.0,-73.0
1777891200.0103323,-6.0,-2.0,-74.0
1777891200.0203323,-6.0,0.0,-77.0
1777891200.0303323,-7.0,-3.0,-79.0
1777891200.0403323,-6.0,0.0,-76.0
1777891200.0503323,-6.0,-3.0,-76.0
1777891200.0603323,-2.0,0.0,-74.0
1777891200.0703323,-4.0,3.0,-78.0
1777891200.0803325,-4.0,7.0,-82.0
1777891200.0903325,-4.0,10.0,-86.0
1777891200.1003325,-1.0,7.0,-80.0
1777891200.1103325,-2.0,7.0,-72.0
1777891200.1203325,-7.0,5.0,-74.0
1777891200.1303325,-2.0,3.0,-74.0
1777891200.1403325,-6.0,-2.0,-76.0
1777891200.1503325,-11.0,-5.0,-73.0
1777891200.1603324,-10.0,-3.0,-76.0
1777891200.1703324,-11.0,0.0,-84.0
1777891200.1803324,-8.0,3.0,-83.0
1777891200.1903324,-9.0,1.0,-80.0
1777891200.2003324,-6.0,3.0,-74.0
1777891200.2103324,-5.0,-1.0,-83.0
1777891200.2203324,-1.0,-6.0,-81.0
1777891200.2303324,1.0,-6.0,-83.0
1777891200.2403324,0.0,-2.0,-82.0
1777891200.2503324,-2.0,-2.0,-74.0
1777891200.2603323,1.0,0.0,-75.0
1777891200.2703323,3.0,1.0,-80.0
1777891200.2803323,5.0,2.0,-75.0
1777891200.2903323,3.0,4.0,-79.0
1777891200.3003323,0.0,3.0,-77.0
1777891200.3103323,2.0,2.0,-68.0
1777891200.3203323,4.0,1.0,-63.0
1777891200.3303325,3.0,4.0,-62.0
1777891200.3403325,4.0,3.0,-66.0
1777891200.3503325,-1.0,7.0,-78.0
1777891200.3603325,1.0,11.0,-82.0
1777891200.3703325,2.0,10.0,-72.0
1777891200.3803325,4.0,7.0,-65.0
1777891200.3903325,2.0,0.0,-70.0
1777891200.4003325,0.0,0.0,-74.0
1777891200.4103324,-3.0,-2.0,-68.0
1777891200.4203324,-2.0,-1.0,-72.0
1777891200.4303324,-3.0,0.0,-75.0
1777891200.4403324,-3.0,2.0,-66.0
1777891200.4503324,-3.0,1.0,-69.0
1777891200.4613323,-2.0,-1.0,-70.0
1777891200.4703324,-4.0,0.0,-69.0
1777891200.4803324,-1.0,-4.0,-69.0
1777891200.4903324,0.0,-2.0,-66.0
1777891200.5003324,1.0,-2.0,-70.0
1777891200.5103323,0.0,0.0,-65.0
1777891200.5203323,-4.0,1.0,-72.0
1777891200.5303323,-10.0,0.0,-74.0
1777891200.5403323,-10.0,1.0,-73.0
1777891200.5503323,-8.0,-1.0,-72.0
1777891200.5603323,-6.0,0.0,-73.0
1777891200.5703323,-4.0,-3.0,-70.0
1777891200.5803325,-2.0,-3.0,-65.0
1777891200.5903325,0.0,0.0,-63.0
1777891200.6003325,0.0,2.0,-67.0
1777891200.6103325,0.0,2.0,-73.0
1777891200.6203325,3.0,1.0,-75.0
1777891200.6303325,3.0,-2.0,-71.0
1777891200.6403325,3.0,-3.0,-72.0
1777891200.6503325,4.0,-2.0,-71.0
1777891200.6603324,4.0,-2.0,-74.0
1777891200.6703324,5.0,0.0,-72.0
1777891200.6803324,9.0,0.0,-75.0
1777891200.6903324,11.0,-3.0,-67.0
1777891200.7003324,6.0,-4.0,-68.0
1777891200.7103324,0.0,-7.0,-64.0
1777891200.7203324,-1.0,-3.0,-67.0
1777891200.7303324,-1.0,-1.0,-74.0
1777891200.7403324,1.0,0.0,-71.0
1777891200.7503324,0.0,-4.0,-72.0
1777891200.7603323,1.0,-6.0,-74.0
1777891200.7703323,0.0,-4.0,-74.0
1777891200.7803323,0.0,0.0,-65.0
1777891200.7903323,0.0,2.0,-62.0
1777891200.8003323,-5.0,0.0,-68.0
1777891200.8103323,-4.0,-1.0,-71.0
1777891200.8203323,-2.0,1.0,-73.0
1777891200.8303325,0.0,-2.0,-70.0
1777891200.8403325,7.0,-1.0,-65.0
1777891200.8503325,8.0,-2.0,-68.0
1777891200.8603325,0.0,-4.0,-73.0
1777891200.8703325,-1.0,-2.0,-64.0
1777891200.8803325,1.0,0.0,-61.0
1777891200.8903325,-2.0,2.0,-66.0
1777891200.9003325,-4.0,1.0,-72.0
1777891200.9103324,-6.0,3.0,-77.0
1777891200.9203324,-11.0,1.0,-80.0
1777891200.9303324,-8.0,3.0,-76.0
1777891200.9403324,-5.0,3.0,-77.0
1777891200.9503324,-4.0,3.0,-72.0
1777891200.9603324,-3.0,2.0,-65.0
1777891200.9703324,-2.0,0.0,-64.0
1777891200.9803324,-3.0,0.0,-68.0
1777891200.9903324,-3.0,0.0,-69.0
1777891201.0003324,-2.0,-1.0,-72.0
1777891201.0103323,-2.0,3.0,-73.0
1777891201.0203323,1.0,0.0,-76.0
1777891201.0303323,1.0,2.0,-77.0
1777891201.0403323,2.0,2.0,-74.0
1777891201.0503323,2.0,5.0,-77.0
1777891201.0603323,0.0,4.0,-73.0
1777891201.0703323,-2.0,1.0,-77.0
1777891201.0803325,-3.0,-2.0,-80.0
1777891201.0903325,-3.0,-5.0,-68.0
1777891201.1003325,3.0,-3.0,-65.0
1777891201.1103325,6.0,-7.0,-62.0
1777891201.1203325,2.0,-7.0,-64.0
1777891201.1303325,0.0,-7.0,-67.0
1777891201.1403325,-2.0,-5.0,-72.0
1777891201.1503325,-2.0,-9.0,-69.0
1777891201.1603324,1.0,-6.0,-73.0
1777891201.1703324,0.0,3.0,-65.0
1777891201.1803324,0.0,5.0,-71.0
1777891201.1903324,-1.0,-3.0,-67.0
1777891201.2003324,-3.0,-1.0,-63.0
1777891201.2103324,-1.0,2.0,-62.0
1777891201.2203324,0.0,4.0,-69.0
1777891201.2303324,-4.0,4.0,-67.0
1777891201.2403324,0.0,3.0,-68.0
1777891201.2503324,0.0,3.0,-72.0
1777891201.2603323,8.0,1.0,-76.0
1777891201.2703323,5.0,-5.0,-74.0
1777891201.2803323,3.0,-6.0,-72.0
1777891201.2903323,7.0,-9.0,-73.0
1777891201.3003323,4.0,-10.0,-73.0
1777891201.3103323,4.0,-5.0,-71.0
1777891201.3203323,5.0,-2.0,-68.0
1777891201.3303325,10.0,1.0,-69.0
1777891201.3413324,9.0,1.0,-67.0
1777891201.3503325,11.0,1.0,-70.0
1777891201.3613324,7.0,0.0,-71.0
1777891201.3713324,9.0,4.0,-67.0
1777891201.3813324,7.0,7.0,-63.0
1777891201.3913324,5.0,3.0,-66.0
1777891201.4013324,0.0,1.0,-67.0
1777891201.4113324,0.0,3.0,-72.0
1777891201.4213324,0.0,0.0,-71.0
1777891201.4313323,-5.0,0.0,-70.0
1777891201.4413323,0.0,0.0,-76.0
1777891201.4513323,0.0,5.0,-72.0
1777891201.4613323,0.0,9.0,-75.0
1777891201.4713323,3.0,7.0,-67.0
1777891201.4813323,4.0,9.0,-66.0
1777891201.4913323,0.0,6.0,-66.0
1777891201.5013323,-1.0,4.0,-71.0
1777891201.5113325,0.0,1.0,-68.0
1777891201.5213325,-2.0,-3.0,-71.0
1777891201.5313325,3.0,-2.0,-66.0
1777891201.5413325,4.0,2.0,-67.0
1777891201.5513325,3.0,2.0,-66.0
1777891201.5613325,4.0,4.0,-70.0
1777891201.5713325,1.0,4.0,-70.0
1777891201.5813324,2.0,3.0,-73.0
1777891201.5913324,0.0,1.0,-79.0
1777891201.6013324,-1.0,2.0,-80.0
1777891201.6113324,0.0,2.0,-76.0
1777891201.6213324,1.0,1.0,-66.0
1777891201.6313324,2.0,0.0,-67.0
1777891201.6413324,2.0,2.0,-68.0
1777891201.6513324,0.0,2.0,-75.0
1777891201.6613324,-4.0,3.0,-78.0
1777891201.6713324,-7.0,3.0,-71.0
1777891201.6813323,-2.0,1.0,-72.0
1777891201.6913323,-2.0,-2.0,-73.0
1777891201.7013323,2.0,1.0,-72.0
1777891201.7113323,0.0,4.0,-69.0
1777891201.7213323,-2.0,5.0,-76.0
1777891201.7313323,-1.0,0.0,-82.0
1777891201.7413323,0.0,-1.0,-77.0
1777891201.7513323,2.0,1.0,-79.0
1777891201.7613325,1.0,1.0,-79.0
1777891201.7713325,0.0,0.0,-78.0
1777891201.7813325,-3.0,-2.0,-80.0
1777891201.7913325,0.0,-2.0,-74.0
1777891201.8013325,5.0,-6.0,-73.0
1777891201.8113325,5.0,-4.0,-77.0
1777891201.8213325,2.0,-5.0,-77.0
1777891201.8313324,0.0,-4.0,-73.0
1777891201.8413324,0.0,0.0,-75.0
1777891201.8513324,5.0,-4.0,-73.0
1777891201.8613324,4.0,-2.0,-70.0
1777891201.8713324,3.0,1.0,-71.0
1777891201.8813324,6.0,0.0,-65.0
1777891201.8913324,5.0,-1.0,-66.0
1777891201.9013324,7.0,-3.0,-75.0
1777891201.9113324,6.0,-2.0,-67.0
1777891201.9213324,5.0,-2.0,-74.0
1777891201.9313323,6.0,-3.0,-77.0
1777891201.9413323,3.0,-4.0,-74.0
1777891201.9513323,6.0,-5.0,-82.0
1777891201.9613323,5.0,-3.0,-78.0
1777891201.9713323,7.0,-4.0,-80.0
1777891201.9813323,9.0,-6.0,-79.0
1777891201.9913323,8.0,-6.0,-83.0
1777891202.0013323,6.0,-2.0,-81.0
1777891202.0113325,5.0,-2.0,-69.0
1777891202.0213325,3.0,-4.0,-71.0
1777891202.0313325,0.0,-2.0,-66.0
1777891202.0413325,2.0,-2.0,-67.0
1777891202.0513325,8.0,-3.0,-68.0
1777891202.0613325,10.0,-4.0,-79.0
1777891202.0713325,10.0,0.0,-73.0
1777891202.0813324,9.0,0.0,-70.0
1777891202.0913324,3.0,-1.0,-69.0
1777891202.1013324,2.0,-2.0,-70.0
1777891202.1113324,2.0,-6.0,-64.0
1777891202.1213324,-2.0,-1.0,-72.0
1777891202.1313324,-2.0,0.0,-74.0
1777891202.1413324,-1.0,-3.0,-79.0
1777891202.1513324,-1.0,-4.0,-78.0
1777891202.1613324,1.0,-2.0,-72.0
1777891202.1713324,5.0,-2.0,-72.0
1777891202.1813323,3.0,4.0,-70.0
1777891202.1913323,2.0,6.0,-73.0
1777891202.2013323,3.0,3.0,-71.0
1777891202.2113323,3.0,0.0,-71.0
1777891202.2213323,2.0,1.0,-69.0
1777891202.2313323,-2.0,2.0,-72.0
1777891202.2413323,0.0,-2.0,-71.0
1777891202.2513323,3.0,1.0,-69.0
1777891202.2613325,1.0,-3.0,-74.0
1777891202.2713325,0.0,-3.0,-74.0
1777891202.2813325,0.0,-1.0,-68.0
1777891202.2913325,2.0,-1.0,-66.0
1777891202.3013325,4.0,-1.0,-66.0
1777891202.3113325,2.0,0.0,-73.0
1777891202.3213325,-1.0,2.0,-69.0
1777891202.3313324,-2.0,3.0,-74.0
1777891202.3413324,-3.0,1.0,-74.0
1777891202.3513324,-3.0,0.0,-78.0
1777891202.3613324,-2.0,-2.0,-73.0
1777891202.3713324,-4.0,-8.0,-68.0
1777891202.3813324,-4.0,-13.0,-65.0
1777891202.3913324,-3.0,-9.0,-63.0
1777891202.4013324,-6.0,-8.0,-63.0
1777891202.4113324,-1.0,-9.0,-72.0
1777891202.4213324,-1.0,-9.0,-73.0
1777891202.4313323,-1.0,-7.0,-72.0
1777891202.4413323,-2.0,-7.0,-71.0
1777891202.4513323,-3.0,-4.0,-72.0
1777891202.4613323,-5.0,-3.0,-73.0
1777891202.4713323,-5.0,-3.0,-72.0
1777891202.4813323,0.0,1.0,-72.0
1777891202.4913323,1.0,0.0,-74.0
1777891202.5013323,-1.0,-5.0,-79.0
1777891202.5113325,3.0,-5.0,-78.0
1777891202.5213325,4.0,-5.0,-73.0
1777891202.5313325,4.0,-2.0,-72.0
1777891202.5413325,5.0,-3.0,-72.0
1777891202.5513325,0.0,-2.0,-72.0
1777891202.5613325,-3.0,-4.0,-69.0
1777891202.5713325,-6.0,-5.0,-73.0
1777891202.5813324,-9.0,-7.0,-71.0
1777891202.5913324,-6.0,-5.0,-69.0
1777891202.6013324,-4.0,-2.0,-63.0
1777891202.6113324,-3.0,-4.0,-66.0
1777891202.6213324,-1.0,-3.0,-71.0
1777891202.6313324,1.0,-4.0,-76.0
1777891202.6413324,0.0,-5.0,-74.0
1777891202.6513324,1.0,-3.0,-73.0
1777891202.6613324,3.0,-8.0,-71.0
1777891202.6713324,5.0,-10.0,-72.0
1777891202.6813323,4.0,-6.0,-73.0
1777891202.6913323,3.0,-4.0,-79.0
1777891202.7013323,-1.0,0.0,-76.0
1777891202.7113323,-4.0,-2.0,-81.0
1777891202.7213323,0.0,-4.0,-80.0
1777891202.7313323,-1.0,-7.0,-77.0
1777891202.7413323,0.0,-9.0,-75.0
1777891202.7513323,0.0,-10.0,-69.0
1777891202.7613325,-3.0,-10.0,-78.0
1777891202.7713325,-4.0,-8.0,-75.0
1777891202.7813325,-3.0,-7.0,-70.0
1777891202.7913325,0.0,-6.0,-74.0
1777891202.8013325,0.0,0.0,-75.0
1777891202.8113325,4.0,-1.0,-72.0
1777891202.8213325,6.0,1.0,-67.0
1777891202.8313324,9.0,-1.0,-71.0
1777891202.8413324,8.0,1.0,-75.0
1777891202.8513324,12.0,2.0,-77.0
1777891202.8613324,11.0,-6.0,-77.0
1777891202.8713324,6.0,-6.0,-75.0
1777891202.8813324,3.0,-8.0,-76.0
1777891202.8913324,1.0,-6.0,-73.0
1777891202.9013324,7.0,-2.0,-72.0
1777891202.9113324,4.0,-4.0,-64.0
1777891202.9213324,5.0,-2.0,-62.0
1777891202.9313323,3.0,-2.0,-63.0
1777891202.9413323,7.0,0.0,-64.0
1777891202.9513323,8.0,-1.0,-70.0
1777891202.9613323,10.0,0.0,-79.0
1777891202.9713323,9.0,2.0,-75.0
1777891202.9813323,8.0,2.0,-84.0
1777891202.9913323,8.0,-3.0,-83.0
1777891203.0013323,8.0,-1.0,-76.0
1777891203.0113325,7.0,2.0,-73.0
1777891203.0213325,4.0,2.0,-73.0
1777891203.0313325,0.0,2.0,-72.0
1777891203.0413325,-1.0,1.0,-76.0
1777891203.0513325,0.0,1.0,-72.0
1777891203.0613325,1.0,4.0,-71.0
1777891203.0713325,5.0,-1.0,-72.0
1777891203.0813324,5.0,-1.0,-77.0
1777891203.0913324,5.0,-5.0,-79.0
1777891203.1013324,3.0,-2.0,-80.0
1777891203.1113324,7.0,-1.0,-84.0
1777891203.1213324,7.0,0.0,-79.0
1777891203.1313324,11.0,-1.0,-76.0
1777891203.1413324,9.0,-3.0,-68.0
1777891203.1513324,8.0,-4.0,-64.0
1777891203.1613324,4.0,-3.0,-60.0
1777891203.1713324,4.0,0.0,-65.0
1777891203.1813323,-2.0,-1.0,-71.0
1777891203.1913323,-1.0,1.0,-69.0
1777891203.2013323,-3.0,1.0,-72.0
1777891203.2113323,-2.0,2.0,-74.0
1777891203.2213323,1.0,4.0,-76.0
1777891203.2313323,0.0,2.0,-81.0
1777891203.2413323,0.0,0.0,-81.0
1777891203.2513323,1.0,0.0,-82.0
1777891203.2613325,7.0,-1.0,-79.0
1777891203.2713325,1.0,-3.0,-77.0
1777891203.2813325,0.0,-4.0,-74.0
1777891203.2913325,0.0,-4.0,-72.0
1777891203.3013325,-1.0,-4.0,-73.0
1777891203.3113325,0.0,-3.0,-78.0
1777891203.3213325,2.0,-1.0,-81.0
1777891203.3313324,1.0,0.0,-82.0
1777891203.3423324,-3.0,1.0,-77.0
1777891203.3513324,-1.0,0.0,-71.0
1777891203.3623323,0.0,0.0,-74.0
1777891203.3723323,0.0,0.0,-76.0
1777891203.3823323,-2.0,0.0,-83.0
1777891203.3923323,-5.0,0.0,-79.0
1777891203.4023323,-6.0,3.0,-76.0
1777891203.4123323,-1.0,4.0,-72.0
1777891203.4223323,-1.0,1.0,-68.0
1777891203.4323325,0.0,-3.0,-66.0
1777891203.4423325,0.0,-7.0,-72.0
1777891203.4523325,1.0,-9.0,-75.0
1777891203.4623325,2.0,-9.0,-84.0
1777891203.4723325,5.0,-7.0,-84.0
1777891203.4823325,9.0,-5.0,-82.0
1777891203.4923325,6.0,-7.0,-81.0
1777891203.5023324,7.0,-3.0,-83.0
1777891203.5123324,10.0,-6.0,-82.0
1777891203.5223324,8.0,-5.0,-83.0
1777891203.5323324,11.0,-1.0,-77.0
1777891203.5423324,11.0,1.0,-78.0
1777891203.5523324,7.0,4.0,-77.0
1777891203.5623324,7.0,2.0,-76.0
1777891203.5723324,6.0,5.0,-78.0
1777891203.5823324,2.0,3.0,-68.0
1777891203.5923324,2.0,6.0,-75.0
1777891203.6023324,2.0,2.0,-76.0
1777891203.6123323,1.0,0.0,-74.0
1777891203.6223323,1.0,0.0,-69.0
1777891203.6323323,-3.0,1.0,-76.0
1777891203.6423323,-2.0,1.0,-76.0
1777891203.6523323,-7.0,0.0,-75.0
1777891203.6623323,-7.0,-3.0,-78.0
1777891203.6723323,-3.0,-1.0,-73.0
1777891203.6823325,-3.0,2.0,-72.0
1777891203.6923325,-4.0,6.0,-73.0
1777891203.7023325,-2.0,6.0,-67.0
1777891203.7123325,-3.0,5.0,-63.0
1777891203.7223325,0.0,2.0,-64.0
1777891203.7323325,4.0,1.0,-62.0
1777891203.7423325,4.0,4.0,-66.0
1777891203.7523324,8.0,1.0,-61.0
1777891203.7623324,6.0,3.0,-65.0
1777891203.7723324,5.0,0.0,-67.0
1777891203.7823324,7.0,-2.0,-69.0
1777891203.7923324,11.0,0.0,-70.0
1777891203.8023324,7.0,4.0,-69.0
1777891203.8123324,5.0,5.0,-67.0
1777891203.8223324,3.0,4.0,-65.0
1777891203.8323324,6.0,6.0,-71.0
1777891203.8423324,7.0,7.0,-80.0
1777891203.8523324,7.0,3.0,-74.0
1777891203.8623323,7.0,1.0,-67.0
1777891203.8723323,4.0,-3.0,-74.0
1777891203.8823323,2.0,-3.0,-69.0
1777891203.8923323,7.0,-2.0,-67.0
1777891203.9023323,7.0,-4.0,-70.0
1777891203.9123323,6.0,-2.0,-71.0
1777891203.9223323,6.0,0.0,-72.0
1777891203.9323325,4.0,1.0,-72.0
1777891203.9423325,1.0,0.0,-69.0
1777891203.9523325,0.0,0.0,-69.0
1777891203.9623325,-2.0,0.0,-69.0
1777891203.9723325,-2.0,-2.0,-69.0
1777891203.9823325,-2.0,-1.0,-66.0
1777891203.9923325,-2.0,-1.0,-63.0
1777891204.0023324,-4.0,0.0,-72.0
1777891204.0123324,-2.0,0.0,-68.0
1777891204.0223324,-1.0,4.0,-71.0
1777891204.0323324,0.0,4.0,-70.0
1777891204.0423324,2.0,4.0,-67.0
1777891204.0523324,3.0,0.0,-70.0
1777891204.0623324,5.0,0.0,-73.0
1777891204.0723324,6.0,0.0,-72.0
1777891204.0823324,4.0,2.0,-77.0
1777891204.0923324,3.0,4.0,-82.0
1777891204.1023324,0.0,0.0,-79.0
1777891204.1123323,4.0,-1.0,-69.0
1777891204.1223323,10.0,-2.0,-62.0
1777891204.1323323,4.0,-2.0,-62.0
1777891204.1423323,5.0,-3.0,-65.0
1777891204.1523323,0.0,-4.0,-69.0
1777891204.1623323,2.0,0.0,-72.0
1777891204.1723323,4.0,0.0,-72.0
1777891204.1823325,1.0,-4.0,-76.0
1777891204.1923325,3.0,-2.0,-79.0
1777891204.2023325,-1.0,-2.0,-80.0
1777891204.2123325,-2.0,-4.0,-75.0
1777891204.2223325,-1.0,-4.0,-69.0
1777891204.2323325,0.0,0.0,-70.0
1777891204.2423325,1.0,5.0,-73.0
1777891204.2523324,2.0,7.0,-77.0
1777891204.2623324,3.0,4.0,-76.0
1777891204.2723324,0.0,2.0,-81.0
1777891204.2823324,1.0,0.0,-81.0
1777891204.2923324,5.0,-2.0,-77.0
1777891204.3023324,7.0,-3.0,-71.0
1777891204.3123324,6.0,0.0,-74.0
1777891204.3223324,6.0,0.0,-72.0
1777891204.3323324,6.0,2.0,-75.0
1777891204.3423324,4.0,1.0,-68.0
1777891204.3523324,5.0,0.0,-68.0
1777891204.3623323,3.0,2.0,-68.0
1777891204.3723323,3.0,1.0,-75.0
1777891204.3823323,5.0,1.0,-72.0
1777891204.3923323,6.0,-2.0,-75.0
1777891204.4023323,1.0,-3.0,-77.0
1777891204.4123323,0.0,0.0,-71.0
1777891204.4223323,0.0,0.0,-69.0
1777891204.4323325,1.0,0.0,-69.0
1777891204.4423325,-2.0,-4.0,-70.0
1777891204.4523325,-2.0,-7.0,-79.0
1777891204.4623325,0.0,-3.0,-76.0
1777891204.4723325,5.0,-1.0,-79.0
1777891204.4823325,7.0,0.0,-79.0
1777891204.4923325,2.0,-6.0,-76.0
1777891204.5023324,8.0,-2.0,-68.0
1777891204.5123324,9.0,-2.0,-68.0
1777891204.5223324,5.0,-3.0,-64.0
1777891204.5323324,10.0,1.0,-69.0
1777891204.5423324,11.0,2.0,-78.0
1777891204.5523324,7.0,-1.0,-73.0
1777891204.5623324,9.0,-3.0,-67.0
1777891204.5723324,10.0,-2.0,-60.0
1777891204.5823324,14.0,-2.0,-64.0
1777891204.5923324,5.0,-2.0,-70.0
1777891204.6023324,5.0,0.0,-66.0
1777891204.6123323,0.0,1.0,-68.0
1777891204.6223323,0.0,1.0,-71.0
1777891204.6323323,3.0,1.0,-69.0
1777891204.6423323,4.0,1.0,-66.0
1777891204.6523323,2.0,1.0,-67.0
1777891204.6623323,0.0,0.0,-65.0
1777891204.6733325,2.0,0.0,-64.0
1777891204.6823325,3.0,-3.0,-60.0
1777891204.6923325,5.0,-5.0,-59.0
1777891204.7023325,9.0,-3.0,-57.0
1777891204.7123325,10.0,-6.0,-65.0
1777891204.7223325,5.0,-7.0,-69.0
1777891204.7323325,2.0,-5.0,-58.0
1777891204.7423325,4.0,-4.0,-61.0
1777891204.7523324,6.0,0.0,-67.0
1777891204.7623324,3.0,4.0,-66.0
1777891204.7723324,2.0,8.0,-68.0
1777891204.7823324,0.0,8.0,-68.0
1777891204.7923324,1.0,8.0,-69.0
1777891204.8023324,1.0,5.0,-75.0
1777891204.8123324,0.0,2.0,-78.0
1777891204.8223324,0.0,-3.0,-77.0
1777891204.8323324,4.0,0.0,-81.0
1777891204.8423324,3.0,0.0,-81.0
1777891204.8523324,1.0,-1.0,-81.0
1777891204.8623323,-5.0,-4.0,-78.0
1777891204.8723323,-6.0,-4.0,-75.0
1777891204.8823323,-5.0,0.0,-71.0
1777891204.8923323,-7.0,0.0,-66.0
1777891204.9023323,-4.0,0.0,-67.0
1777891204.9123323,-3.0,-2.0,-72.0
1777891204.9223323,-1.0,-1.0,-73.0
1777891204.9323325,0.0,2.0,-77.0
1777891204.9423325,5.0,3.0,-79.0
1777891204.9523325,3.0,0.0,-76.0
1777891204.9623325,5.0,-3.0,-80.0
1777891204.9723325,7.0,-4.0,-78.0
1777891204.9823325,6.0,-9.0,-77.0
1777891204.9923325,5.0,-8.0,-76.0
1777891205.0023324,5.0,-5.0,-79.0
1777891205.0123324,7.0,-4.0,-71.0
1777891205.0223324,7.0,-6.0,-67.0
1777891205.0323324,5.0,-4.0,-68.0
1777891205.0423324,3.0,-4.0,-68.0
1777891205.0523324,3.0,-3.0,-67.0
1777891205.0623324,3.0,0.0,-73.0
1777891205.0723324,3.0,2.0,-67.0
1777891205.0823324,2.0,0.0,-60.0
1777891205.0923324,-1.0,1.0,-63.0
1777891205.1023324,3.0,1.0,-70.0
1777891205.1123323,6.0,2.0,-71.0
1777891205.1223323,3.0,2.0,-72.0
1777891205.1323323,5.0,-4.0,-74.0
1777891205.1423323,4.0,0.0,-70.0
1777891205.1523323,4.0,-1.0,-72.0
1777891205.1623323,2.0,-2.0,-72.0
1777891205.1723323,5.0,1.0,-72.0
1777891205.1823325,5.0,0.0,-68.0
1777891205.1923325,4.0,-2.0,-66.0
1777891205.2023325,2.0,2.0,-67.0
1777891205.2123325,4.0,3.0,-76.0
1777891205.2223325,2.0,7.0,-77.0
1777891205.2323325,2.0,7.0,-76.0
1777891205.2423325,0.0,7.0,-71.0
1777891205.2523324,0.0,5.0,-70.0
1777891205.2623324,2.0,4.0,-70.0
1777891205.2723324,3.0,2.0,-74.0
1777891205.2823324,1.0,-1.0,-80.0
1777891205.2923324,1.0,0.0,-80.0
1777891205.3023324,-1.0,-2.0,-77.0
1777891205.3123324,-9.0,-6.0,-79.0
1777891205.3223324,-7.0,-5.0,-76.0
1777891205.3333323,-3.0,-8.0,-72.0
1777891205.3433323,-4.0,-2.0,-67.0
1777891205.3533323,-4.0,-1.0,-62.0
1777891205.3633325,-4.0,0.0,-63.0
1777891205.3733325,-1.0,-3.0,-61.0
1777891205.3833325,0.0,-4.0,-55.0
1777891205.3933325,0.0,-3.0,-65.0
1777891205.4033325,4.0,-6.0,-69.0
1777891205.4133325,6.0,-4.0,-68.0
1777891205.4233325,8.0,-5.0,-74.0
1777891205.4333324,6.0,-2.0,-78.0
1777891205.4433324,4.0,0.0,-70.0
1777891205.4533324,5.0,1.0,-72.0
1777891205.4633324,4.0,3.0,-69.0
1777891205.4733324,4.0,2.0,-65.0
1777891205.4833324,1.0,-2.0,-68.0
1777891205.4933324,0.0,0.0,-71.0
1777891205.5033324,-1.0,0.0,-72.0
1777891205.5133324,-3.0,-2.0,-72.0
1777891205.5233324,-5.0,-2.0,-68.0
1777891205.5333323,-5.0,0.0,-67.0
1777891205.5433323,0.0,-3.0,-73.0
1777891205.5533323,5.0,0.0,-82.0
1777891205.5633323,1.0,1.0,-81.0
1777891205.5733323,0.0,4.0,-83.0
1777891205.5833323,5.0,7.0,-79.0
1777891205.5933323,2.0,1.0,-73.0
1777891205.6033323,1.0,2.0,-66.0
1777891205.6133325,-1.0,1.0,-70.0
1777891205.6233325,-2.0,-2.0,-67.0
1777891205.6333325,0.0,-5.0,-70.0
1777891205.6433325,-1.0,-2.0,-72.0
1777891205.6533325,-1.0,1.0,-74.0
1777891205.6633325,-5.0,1.0,-68.0
1777891205.6733325,-6.0,-1.0,-64.0
1777891205.6833324,-6.0,-4.0,-63.0
1777891205.6933324,-4.0,-8.0,-63.0
1777891205.7033324,-2.0,-7.0,-65.0
1777891205.7133324,-1.0,-8.0,-63.0
1777891205.7233324,3.0,-7.0,-64.0
1777891205.7333324,1.0,-2.0,-67.0
1777891205.7433324,2.0,-5.0,-69.0
1777891205.7533324,0.0,-3.0,-72.0
1777891205.7633324,4.0,-4.0,-77.0
1777891205.7733324,1.0,-7.0,-79.0
1777891205.7833323,3.0,-4.0,-73.0
1777891205.7933323,0.0,0.0,-72.0
1777891205.8033323,1.0,2.0,-75.0
1777891205.8133323,-4.0,3.0,-80.0
1777891205.8233323,-2.0,0.0,-84.0
1777891205.8333323,-4.0,0.0,-83.0
1777891205.8433323,1.0,-5.0,-76.0
1777891205.8533323,1.0,-3.0,-77.0
1777891205.8633325,3.0,-7.0,-78.0
1777891205.8733325,5.0,-6.0,-80.0
1777891205.8833325,0.0,-6.0,-83.0
1777891205.8933325,0.0,-8.0,-81.0
1777891205.9033325,0.0,-9.0,-79.0
1777891205.9133325,2.0,-9.0,-79.0
1777891205.9233325,2.0,-9.0,-75.0
1777891205.9333324,0.0,-10.0,-70.0
1777891205.9433324,0.0,-10.0,-66.0
1777891205.9533324,0.0,-6.0,-67.0
1777891205.9633324,0.0,-2.0,-71.0
1777891205.9733324,3.0,2.0,-74.0
1777891205.9833324,3.0,4.0,-70.0
1777891205.9933324,3.0,0.0,-75.0
1777891206.0033324,6.0,0.0,-73.0
1777891206.0133324,9.0,3.0,-74.0
1777891206.0233324,7.0,5.0,-69.0
1777891206.0333323,5.0,8.0,-69.0
1777891206.0433323,2.0,8.0,-67.0
1777891206.0533323,2.0,6.0,-66.0
1777891206.0633323,0.0,3.0,-66.0
1777891206.0733323,1.0,-6.0,-69.0
1777891206.0833323,0.0,0.0,-69.0
1777891206.0933323,0.0,-1.0,-65.0
1777891206.1033323,0.0,0.0,-69.0
1777891206.1133325,3.0,-1.0,-66.0
1777891206.1233325,2.0,0.0,-72.0
1777891206.1333325,-2.0,-2.0,-75.0
1777891206.1433325,0.0,-2.0,-75.0
1777891206.1533325,-1.0,-4.0,-73.0
1777891206.1633325,2.0,-2.0,-73.0
1777891206.1733325,3.0,-1.0,-72.0
1777891206.1833324,2.0,-2.0,-70.0
1777891206.1933324,0.0,-1.0,-69.0
1777891206.2033324,0.0,-1.0,-65.0
1777891206.2133324,0.0,0.0,-62.0
1777891206.2233324,0.0,0.0,-69.0
1777891206.2333324,-2.0,0.0,-79.0
1777891206.2433324,-2.0,-4.0,-80.0
1777891206.2533324,-3.0,-5.0,-79.0
1777891206.2633324,1.0,-5.0,-78.0
1777891206.2733324,3.0,-1.0,-81.0
1777891206.2833323,2.0,0.0,-82.0
1777891206.2933323,5.0,1.0,-81.0
1777891206.3033323,9.0,-2.0,-74.0
1777891206.3133323,12.0,-2.0,-79.0
1777891206.3233323,7.0,-4.0,-81.0
1777891206.3333323,8.0,-5.0,-80.0
1777891206.3433323,12.0,-6.0,-78.0
1777891206.3533323,7.0,-3.0,-75.0
1777891206.3633325,8.0,-5.0,-77.0
1777891206.3733325,5.0,-3.0,-78.0
1777891206.3833325,3.0,-7.0,-77.0
1777891206.3933325,1.0,-6.0,-70.0
1777891206.4033325,8.0,-4.0,-65.0
1777891206.4133325,9.0,-5.0,-68.0
1777891206.4233325,10.0,0.0,-69.0
1777891206.4333324,6.0,2.0,-73.0
1777891206.4433324,6.0,7.0,-74.0
1777891206.4533324,3.0,0.0,-71.0
1777891206.4633324,2.0,0.0,-75.0
1777891206.4733324,-1.0,0.0,-72.0
1777891206.4833324,3.0,0.0,-63.0
1777891206.4933324,5.0,-4.0,-61.0
1777891206.5033324,2.0,-4.0,-66.0
1777891206.5133324,-1.0,-5.0,-67.0
1777891206.5233324,1.0,-3.0,-71.0
1777891206.5333323,5.0,-2.0,-69.0
1777891206.5433323,7.0,-2.0,-74.0
1777891206.5533323,4.0,-1.0,-71.0
1777891206.5633323,2.0,-2.0,-76.0
1777891206.5733323,-5.0,-3.0,-72.0
1777891206.5833323,-3.0,-3.0,-72.0
1777891206.5933323,-4.0,-3.0,-66.0
1777891206.6033323,-4.0,0.0,-69.0
1777891206.6133325,-2.0,3.0,-69.0
1777891206.6233325,0.0,0.0,-64.0
1777891206.6333325,3.0,3.0,-64.0
1777891206.6433325,4.0,2.0,-69.0
1777891206.6533325,8.0,2.0,-68.0
1777891206.6633325,4.0,3.0,-71.0
1777891206.6733325,-1.0,1.0,-72.0
1777891206.6833324,-3.0,0.0,-74.0
1777891206.6933324,-5.0,-2.0,-70.0
1777891206.7033324,2.0,-2.0,-73.0
1777891206.7133324,0.0,-4.0,-70.0
1777891206.7233324,3.0,-6.0,-76.0
1777891206.7333324,-2.0,-1.0,-78.0
1777891206.7433324,-4.0,-2.0,-80.0
1777891206.7533324,-4.0,2.0,-84.0
1777891206.7633324,-3.0,5.0,-82.0
1777891206.7733324,-8.0,1.0,-71.0
1777891206.7833323,-8.0,1.0,-70.0
1777891206.7933323,-9.0,0.0,-74.0
1777891206.8033323,-5.0,1.0,-78.0
1777891206.8133323,0.0,1.0,-83.0
1777891206.8233323,-1.0,-2.0,-86.0
1777891206.8333323,0.0,-3.0,-88.0
1777891206.8433323,0.0,0.0,-78.0
1777891206.8533323,2.0,-2.0,-74.0
1777891206.8633325,5.0,0.0,-73.0
1777891206.8733325,5.0,0.0,-71.0
1777891206.8833325,5.0,-1.0,-67.0
1777891206.8933325,11.0,-1.0,-64.0
1777891206.9033325,7.0,-1.0,-67.0
1777891206.9133325,6.0,-1.0,-64.0
1777891206.9233325,3.0,0.0,-68.0
1777891206.9333324,-2.0,-1.0,-64.0
1777891206.9433324,-5.0,-2.0,-74.0
1777891206.9533324,3.0,-6.0,-74.0
1777891206.9633324,6.0,-7.0,-79.0
1777891206.9733324,3.0,-5.0,-78.0
1777891206.9833324,3.0,-5.0,-79.0
1777891206.9933324,3.0,0.0,-76.0
1777891207.0033324,2.0,2.0,-73.0
1777891207.0133324,2.0,0.0,-84.0
1777891207.0233324,1.0,-3.0,-83.0
1777891207.0333323,1.0,-1.0,-85.0
1777891207.0433323,1.0,-2.0,-87.0
1777891207.0533323,8.0,-2.0,-82.0
1777891207.0633323,9.0,-1.0,-84.0
1777891207.0733323,7.0,2.0,-81.0
1777891207.0833323,8.0,-2.0,-79.0
1777891207.0933323,10.0,-7.0,-78.0
1777891207.1033323,7.0,-9.0,-72.0
1777891207.1133325,10.0,-7.0,-68.0
1777891207.1233325,7.0,-6.0,-70.0
1777891207.1333325,1.0,-6.0,-75.0
1777891207.1433325,6.0,-3.0,-83.0
1777891207.1533325,3.0,1.0,-84.0
1777891207.1633325,4.0,0.0,-83.0
1777891207.1733325,1.0,-3.0,-82.0
1777891207.1833324,3.0,-1.0,-78.0
1777891207.1933324,2.0,0.0,-75.0
1777891207.2033324,3.0,1.0,-79.0
1777891207.2133324,5.0,0.0,-74.0
1777891207.2233324,6.0,-1.0,-76.0
1777891207.2333324,6.0,3.0,-75.0
1777891207.2433324,3.0,4.0,-75.0
1777891207.2533324,5.0,0.0,-70.0
1777891207.2633324,4.0,2.0,-70.0
1777891207.2733324,5.0,2.0,-70.0
1777891207.2833323,4.0,-6.0,-73.0
1777891207.2933323,5.0,-5.0,-70.0
1777891207.3033323,7.0,-5.0,-72.0
1777891207.3133323,4.0,-4.0,-70.0
1777891207.3243325,4.0,-2.0,-76.0
1777891207.3343325,4.0,-3.0,-81.0
1777891207.3443325,6.0,-3.0,-73.0
1777891207.3543324,8.0,0.0,-70.0
1777891207.3643324,12.0,2.0,-74.0
1777891207.3743324,13.0,0.0,-78.0
1777891207.3843324,11.0,0.0,-75.0
1777891207.3943324,7.0,-2.0,-82.0
1777891207.4043324,2.0,0.0,-80.0
1777891207.4143324,0.0,2.0,-77.0
1777891207.4243324,1.0,3.0,-78.0
1777891207.4343324,0.0,2.0,-68.0
1777891207.4443324,-1.0,3.0,-69.0
1777891207.4543324,2.0,6.0,-70.0
1777891207.4643323,1.0,5.0,-78.0
1777891207.4743323,6.0,4.0,-73.0
1777891207.4843323,6.0,4.0,-69.0
1777891207.4943323,8.0,4.0,-70.0
1777891207.5043323,6.0,2.0,-78.0
1777891207.5143323,5.0,0.0,-83.0
1777891207.5243323,4.0,1.0,-89.0
1777891207.5343325,2.0,4.0,-87.0
1777891207.5443325,3.0,0.0,-89.0
1777891207.5543325,5.0,-5.0,-85.0
1777891207.5643325,8.0,-6.0,-76.0
1777891207.5743325,5.0,-12.0,-79.0
1777891207.5843325,2.0,-13.0,-78.0
1777891207.5943325,-2.0,-15.0,-74.0
1777891207.6043324,0.0,-9.0,-68.0
1777891207.6143324,8.0,-5.0,-75.0
1777891207.6243324,8.0,-4.0,-82.0
1777891207.6343324,10.0,-4.0,-75.0
1777891207.6443324,6.0,-2.0,-75.0
1777891207.6543324,7.0,-2.0,-72.0
1777891207.6643324,5.0,-4.0,-71.0
1777891207.6743324,3.0,-5.0,-75.0
1777891207.6843324,3.0,-4.0,-83.0
1777891207.6943324,3.0,-7.0,-78.0
1777891207.7043324,2.0,-1.0,-76.0
1777891207.7143323,3.0,-3.0,-73.0
1777891207.7243323,1.0,1.0,-73.0
1777891207.7343323,0.0,-3.0,-70.0
1777891207.7443323,1.0,-2.0,-78.0
1777891207.7543323,8.0,-1.0,-78.0
1777891207.7643323,3.0,-3.0,-78.0
1777891207.7743323,1.0,-2.0,-77.0
1777891207.7843325,-1.0,0.0,-72.0
1777891207.7943325,-3.0,-2.0,-66.0
1777891207.8043325,1.0,-1.0,-64.0
1777891207.8143325,3.0,-2.0,-67.0
1777891207.8243325,4.0,-3.0,-70.0
1777891207.8343325,6.0,-4.0,-73.0
1777891207.8443325,4.0,-3.0,-72.0
1777891207.8543324,8.0,-2.0,-72.0
1777891207.8643324,9.0,0.0,-68.0
1777891207.8743324,5.0,2.0,-65.0
1777891207.8843324,6.0,-3.0,-66.0
1777891207.8943324,3.0,-3.0,-65.0
1777891207.9043324,2.0,-3.0,-67.0
1777891207.9143324,1.0,0.0,-66.0
1777891207.9243324,0.0,1.0,-69.0
1777891207.9343324,-2.0,4.0,-70.0
1777891207.9443324,0.0,0.0,-72.0
1777891207.9543324,-1.0,1.0,-67.0
1777891207.9643323,-1.0,3.0,-69.0
1777891207.9743323,0.0,3.0,-72.0
1777891207.9843323,5.0,0.0,-80.0
1777891207.9943323,9.0,-4.0,-74.0
1777891208.0043323,7.0,-5.0,-70.0
1777891208.0143323,2.0,-2.0,-76.0
1777891208.0243323,-2.0,-5.0,-76.0
1777891208.0343325,-2.0,-6.0,-68.0
1777891208.0443325,-3.0,-3.0,-71.0
1777891208.0543325,-1.0,-3.0,-70.0
1777891208.0643325,2.0,-2.0,-76.0
1777891208.0743325,0.0,-1.0,-77.0
1777891208.0843325,0.0,-1.0,-78.0
1777891208.0943325,-1.0,-1.0,-80.0
1777891208.1043324,-5.0,-1.0,-78.0
1777891208.1143324,-4.0,-1.0,-90.0
1777891208.1243324,-7.0,0.0,-86.0
1777891208.1343324,-5.0,0.0,-81.0
1777891208.1443324,-5.0,0.0,-76.0
1777891208.1543324,-4.0,0.0,-73.0
1777891208.1643324,-6.0,-1.0,-74.0
1777891208.1743324,-4.0,-4.0,-75.0
1777891208.1843324,-1.0,-3.0,-73.0
1777891208.1943324,-2.0,-4.0,-75.0
1777891208.2043324,2.0,-7.0,-77.0
1777891208.2143323,0.0,-2.0,-76.0
1777891208.2243323,0.0,0.0,-69.0
1777891208.2343323,1.0,-2.0,-68.0
1777891208.2443323,2.0,-3.0,-70.0
1777891208.2543323,2.0,-3.0,-67.0
1777891208.2643323,2.0,-2.0,-74.0
1777891208.2743323,1.0,-5.0,-71.0
1777891208.2843325,5.0,-8.0,-69.0
1777891208.2943325,7.0,-6.0,-72.0
1777891208.3043325,3.0,-6.0,-70.0
1777891208.3143325,-2.0,-3.0,-70.0
1777891208.3243325,0.0,0.0,-73.0
1777891208.3343325,2.0,2.0,-80.0
1777891208.3443325,0.0,1.0,-80.0
1777891208.3543324,4.0,0.0,-83.0
1777891208.3643324,8.0,4.0,-82.0
1777891208.3743324,5.0,0.0,-80.0
1777891208.3843324,9.0,0.0,-75.0
1777891208.3943324,10.0,1.0,-69.0
1777891208.4043324,10.0,0.0,-73.0
1777891208.4143324,10.0,0.0,-79.0
1777891208.4243324,9.0,0.0,-80.0
1777891208.4343324,7.0,-3.0,-73.0
1777891208.4443324,8.0,-1.0,-72.0
1777891208.4543324,4.0,-1.0,-67.0
1777891208.4643323,5.0,-1.0,-69.0
1777891208.4743323,6.0,-6.0,-64.0
1777891208.4843323,7.0,-6.0,-68.0
1777891208.4943323,3.0,-6.0,-64.0
1777891208.5043323,0.0,-6.0,-77.0
1777891208.5143323,-5.0,-5.0,-79.0
1777891208.5243323,-2.0,-4.0,-80.0
1777891208.5343325,0.0,-1.0,-69.0
1777891208.5443325,1.0,-3.0,-68.0
1777891208.5543325,4.0,-6.0,-78.0
1777891208.5643325,7.0,-9.0,-73.0
1777891208.5743325,2.0,-6.0,-71.0
1777891208.5843325,0.0,-2.0,-75.0
1777891208.5943325,0.0,0.0,-79.0
1777891208.6043324,-1.0,-2.0,-73.0
1777891208.6143324,-3.0,0.0,-70.0
1777891208.6243324,0.0,5.0,-75.0
1777891208.6343324,0.0,6.0,-73.0
1777891208.6443324,0.0,2.0,-67.0
1777891208.6543324,0.0,1.0,-66.0
1777891208.6643324,4.0,5.0,-71.0
1777891208.6743324,4.0,3.0,-73.0
1777891208.6843324,8.0,1.0,-73.0
1777891208.6943324,4.0,0.0,-76.0
1777891208.7043324,2.0,-1.0,-75.0
1777891208.7143323,-2.0,3.0,-75.0
1777891208.7243323,-4.0,5.0,-75.0
1777891208.7343323,1.0,9.0,-80.0
1777891208.7443323,2.0,5.0,-82.0
1777891208.7543323,0.0,4.0,-82.0
1777891208.7643323,2.0,2.0,-85.0
1777891208.7743323,3.0,1.0,-80.0
1777891208.7843325,3.0,2.0,-77.0
1777891208.7943325,1.0,0.0,-81.0
1777891208.8043325,-1.0,-1.0,-73.0
1777891208.8143325,0.0,1.0,-72.0
1777891208.8243325,-1.0,0.0,-71.0
1777891208.8343325,-4.0,-4.0,-67.0
1777891208.8443325,-4.0,-1.0,-68.0
1777891208.8543324,-3.0,-1.0,-78.0
1777891208.8643324,2.0,-5.0,-72.0
1777891208.8743324,0.0,-1.0,-75.0
1777891208.8843324,-2.0,0.0,-75.0
1777891208.8943324,-3.0,-3.0,-74.0
1777891208.9043324,-3.0,-4.0,-70.0
1777891208.9143324,-2.0,-3.0,-74.0
1777891208.9243324,0.0,-3.0,-76.0
1777891208.9343324,-1.0,-3.0,-78.0
1777891208.9443324,0.0,1.0,-81.0
1777891208.9543324,0.0,1.0,-79.0
1777891208.9643323,0.0,0.0,-78.0
1777891208.9743323,-2.0,-2.0,-77.0
1777891208.9843323,-2.0,-3.0,-75.0
1777891208.9943323,0.0,-3.0,-76.0
1777891209.0043323,0.0,-1.0,-84.0
1777891209.0143323,-1.0,-5.0,-79.0
1777891209.0243323,-5.0,-1.0,-75.0
1777891209.0343325,-1.0,0.0,-71.0
1777891209.0443325,0.0,-3.0,-71.0
1777891209.0543325,-3.0,-4.0,-71.0
1777891209.0643325,-3.0,-3.0,-63.0
1777891209.0743325,0.0,-2.0,-65.0
1777891209.0843325,-1.0,0.0,-68.0
1777891209.0943325,3.0,0.0,-66.0
1777891209.1043324,4.0,-4.0,-71.0
1777891209.1143324,3.0,-2.0,-69.0
1777891209.1243324,3.0,0.0,-69.0
1777891209.1343324,4.0,0.0,-74.0
1777891209.1443324,0.0,0.0,-74.0
1777891209.1543324,1.0,0.0,-72.0
1777891209.1643324,0.0,1.0,-71.0
1777891209.1743324,-3.0,1.0,-62.0
1777891209.1843324,-4.0,2.0,-61.0
1777891209.1943324,0.0,3.0,-62.0
1777891209.2043324,3.0,4.0,-64.0
1777891209.2143323,6.0,3.0,-76.0
1777891209.2243323,9.0,7.0,-79.0
1777891209.2343323,11.0,7.0,-76.0
1777891209.2443323,9.0,6.0,-75.0
1777891209.2543323,4.0,3.0,-79.0
1777891209.2643323,5.0,5.0,-80.0
1777891209.2743323,3.0,3.0,-72.0
1777891209.2853324,-1.0,4.0,-61.0
1777891209.2953324,-2.0,0.0,-62.0
1777891209.3043325,-4.0,0.0,-69.0
1777891209.3153324,-2.0,-1.0,-72.0
1777891209.3253324,0.0,0.0,-69.0
1777891209.3353324,0.0,-2.0,-63.0
1777891209.3453324,0.0,-1.0,-57.0
1777891209.3553324,3.0,-2.0,-56.0
1777891209.3653324,-2.0,-1.0,-62.0
1777891209.3753324,-7.0,0.0,-66.0
1777891209.3853323,-5.0,5.0,-67.0
1777891209.3953323,-5.0,0.0,-69.0
1777891209.4053323,-6.0,1.0,-69.0
1777891209.4153323,-5.0,-4.0,-74.0
1777891209.4253323,-5.0,-5.0,-71.0
1777891209.4353323,-7.0,0.0,-74.0
1777891209.4453323,-2.0,0.0,-76.0
1777891209.4553325,0.0,3.0,-84.0
1777891209.4653325,4.0,3.0,-88.0
1777891209.4753325,0.0,3.0,-86.0
1777891209.4863324,2.0,-1.0,-72.0
1777891209.4953325,3.0,-2.0,-70.0
1777891209.5053325,5.0,-5.0,-63.0
1777891209.5163324,9.0,-2.0,-63.0
1777891209.5253325,6.0,0.0,-63.0
1777891209.5353324,4.0,-2.0,-64.0
1777891209.5453324,3.0,-3.0,-64.0
1777891209.5553324,-1.0,-5.0,-69.0
1777891209.5653324,0.0,-8.0,-70.0
1777891209.5753324,4.0,-5.0,-73.0
1777891209.5853324,1.0,-8.0,-76.0
1777891209.5953324,1.0,-4.0,-71.0
1777891209.6053324,2.0,-2.0,-69.0
1777891209.6153324,1.0,0.0,-66.0
1777891209.6253324,2.0,5.0,-63.0
1777891209.6353323,3.0,5.0,-67.0
1777891209.6453323,2.0,2.0,-66.0
1777891209.6553323,3.0,3.0,-61.0
1777891209.6653323,-1.0,5.0,-69.0
1777891209.6753323,-1.0,3.0,-69.0
1777891209.6853323,-3.0,3.0,-75.0
1777891209.6953323,1.0,0.0,-70.0
1777891209.7053325,3.0,0.0,-73.0
1777891209.7153325,-2.0,2.0,-71.0
1777891209.7253325,-6.0,1.0,-70.0
1777891209.7353325,-6.0,-3.0,-71.0
1777891209.7453325,0.0,-7.0,-68.0
1777891209.7553325,-1.0,-8.0,-64.0
1777891209.7653325,0.0,-11.0,-63.0
1777891209.7753325,6.0,-7.0,-60.0
1777891209.7853324,4.0,-4.0,-64.0
1777891209.7953324,3.0,-2.0,-65.0
1777891209.8053324,1.0,0.0,-66.0
1777891209.8153324,3.0,0.0,-72.0
1777891209.8253324,3.0,-4.0,-75.0
1777891209.8353324,6.0,-5.0,-77.0
1777891209.8453324,4.0,-1.0,-74.0
1777891209.8553324,8.0,-4.0,-71.0
1777891209.8653324,4.0,-4.0,-66.0
1777891209.8753324,0.0,-3.0,-66.0
1777891209.8853323,5.0,-3.0,-66.0
1777891209.8953323,0.0,-4.0,-69.0
1777891209.9053323,1.0,-4.0,-70.0
1777891209.9153323,0.0,-5.0,-70.0
1777891209.9253323,0.0,-5.0,-74.0
1777891209.9353323,0.0,-6.0,-73.0
1777891209.9453323,1.0,-2.0,-69.0
1777891209.9553325,2.0,-3.0,-65.0
1777891209.9653325,4.0,-3.0,-63.0
1777891209.9753325,4.0,-3.0,-72.0
1777891209.9853325,4.0,0.0,-74.0
1777891209.9953325,6.0,2.0,-71.0
1777891210.0053325,3.0,2.0,-71.0
1777891210.0153325,4.0,0.0,-72.0
1777891210.0253325,2.0,0.0,-67.0
1777891210.0353324,1.0,0.0,-65.0
1777891210.0453324,3.0,0.0,-61.0
1777891210.0553324,2.0,1.0,-65.0
1777891210.0653324,2.0,0.0,-62.0
1777891210.0753324,3.0,-3.0,-58.0
1777891210.0853324,3.0,0.0,-63.0
1777891210.0953324,8.0,-1.0,-68.0
1777891210.1053324,7.0,0.0,-73.0
1777891210.1153324,4.0,0.0,-73.0
1777891210.1253324,2.0,4.0,-69.0
1777891210.1353323,1.0,7.0,-69.0
1777891210.1453323,3.0,7.0,-71.0
1777891210.1553323,4.0,5.0,-68.0
1777891210.1653323,5.0,6.0,-71.0
1777891210.1753323,5.0,4.0,-73.0
1777891210.1853323,2.0,1.0,-72.0
1777891210.1953323,2.0,1.0,-76.0
1777891210.2053325,0.0,2.0,-79.0
1777891210.2153325,-2.0,3.0,-79.0
1777891210.2253325,-2.0,4.0,-76.0
1777891210.2353325,1.0,3.0,-78.0
1777891210.2453325,1.0,5.0,-76.0
1777891210.2553325,2.0,-1.0,-73.0
1777891210.2653325,1.0,0.0,-73.0
1777891210.2753325,1.0,0.0,-69.0
1777891210.2853324,1.0,0.0,-72.0
1777891210.2953324,3.0,2.0,-73.0
1777891210.3053324,4.0,-4.0,-68.0
1777891210.3153324,4.0,-6.0,-66.0
1777891210.3253324,2.0,-7.0,-74.0
1777891210.3353324,3.0,-7.0,-71.0
1777891210.3453324,5.0,-6.0,-63.0
1777891210.3553324,2.0,-4.0,-63.0
1777891210.3653324,2.0,-4.0,-70.0
1777891210.3753324,2.0,-3.0,-69.0
1777891210.3853323,0.0,0.0,-68.0
1777891210.3953323,2.0,-2.0,-76.0
1777891210.4053323,4.0,0.0,-78.0
1777891210.4153323,6.0,2.0,-75.0
1777891210.4253323,5.0,3.0,-69.0
1777891210.4353323,6.0,7.0,-73.0
1777891210.4453323,2.0,10.0,-76.0
1777891210.4553325,1.0,2.0,-73.0
1777891210.4653325,-2.0,-1.0,-69.0
1777891210.4753325,-1.0,-2.0,-71.0
1777891210.4853325,-1.0,-3.0,-71.0
1777891210.4953325,-2.0,-4.0,-64.0
1777891210.5053325,-8.0,-3.0,-64.0
1777891210.5153325,-10.0,-2.0,-66.0
1777891210.5253325,-7.0,0.0,-65.0
1777891210.5353324,-4.0,-1.0,-65.0
1777891210.5453324,-1.0,-2.0,-69.0
1777891210.5553324,0.0,-4.0,-63.0
1777891210.5653324,0.0,-3.0,-65.0
1777891210.5753324,2.0,-3.0,-66.0
1777891210.5853324,-1.0,-1.0,-72.0
1777891210.5953324,-3.0,-2.0,-69.0
1777891210.6053324,-4.0,0.0,-72.0
1777891210.6153324,-2.0,0.0,-80.0
1777891210.6253324,0.0,1.0,-81.0
1777891210.6353323,0.0,2.0,-77.0
1777891210.6453323,0.0,2.0,-73.0
1777891210.6553323,-2.0,0.0,-74.0
1777891210.6653323,-1.0,0.0,-68.0
1777891210.6753323,-5.0,-1.0,-69.0
1777891210.6853323,0.0,1.0,-70.0
1777891210.6953323,0.0,0.0,-69.0
1777891210.7053325,-1.0,0.0,-71.0
1777891210.7153325,0.0,0.0,-69.0
1777891210.7253325,2.0,-4.0,-63.0
1777891210.7353325,0.0,-8.0,-65.0
1777891210.7453325,0.0,-7.0,-65.0
1777891210.7553325,0.0,-8.0,-65.0
1777891210.7653325,2.0,-5.0,-68.0
1777891210.7753325,1.0,-2.0,-66.0
1777891210.7853324,0.0,-5.0,-70.0
1777891210.7953324,0.0,-6.0,-71.0
1777891210.8053324,0.0,-2.0,-66.0
1777891210.8153324,-1.0,-4.0,-67.0
1777891210.8253324,1.0,-7.0,-79.0
1777891210.8353324,0.0,-5.0,-76.0
1777891210.8453324,2.0,-1.0,-68.0
1777891210.8553324,1.0,-1.0,-69.0
1777891210.8653324,1.0,0.0,-76.0
1777891210.8753324,3.0,2.0,-70.0
1777891210.8853323,4.0,3.0,-72.0
1777891210.8953323,6.0,2.0,-76.0
1777891210.9053323,2.0,1.0,-73.0
1777891210.9153323,2.0,-1.0,-79.0
1777891210.9253323,5.0,0.0,-79.0
1777891210.9353323,8.0,-1.0,-74.0
1777891210.9453323,9.0,1.0,-71.0
1777891210.9553325,4.0,-1.0,-65.0
1777891210.9653325,-2.0,-2.0,-66.0
1777891210.9753325,-5.0,0.0,-76.0
1777891210.9853325,-4.0,-1.0,-77.0
1777891210.9953325,-7.0,-2.0,-77.0
1777891211.0053325,-5.0,-3.0,-79.0
1777891211.0153325,-3.0,-2.0,-78.0
1777891211.0253325,-2.0,-4.0,-76.0
1777891211.0353324,-1.0,-1.0,-75.0
1777891211.0453324,-2.0,4.0,-73.0
1777891211.0553324,3.0,4.0,-67.0
1777891211.0653324,3.0,1.0,-68.0
1777891211.0753324,2.0,0.0,-74.0
1777891211.0853324,0.0,-2.0,-66.0
1777891211.0953324,-4.0,-4.0,-70.0
1777891211.1053324,0.0,-2.0,-73.0
1777891211.1153324,0.0,-2.0,-76.0
1777891211.1253324,-1.0,-2.0,-75.0
1777891211.1353323,-5.0,-2.0,-67.0
1777891211.1453323,0.0,0.0,-70.0
1777891211.1553323,2.0,0.0,-69.0
1777891211.1653323,2.0,0.0,-69.0
1777891211.1753323,5.0,-5.0,-75.0
1777891211.1853323,0.0,-5.0,-75.0
1777891211.1953323,0.0,-3.0,-73.0
1777891211.2053325,0.0,-6.0,-72.0
1777891211.2153325,-1.0,-1.0,-74.0
1777891211.2253325,-2.0,1.0,-75.0
1777891211.2353325,4.0,5.0,-70.0
1777891211.2453325,4.0,4.0,-70.0
1777891211.2553325,2.0,1.0,-71.0
1777891211.2653325,0.0,0.0,-73.0
1777891211.2763324,-1.0,-1.0,-68.0
1777891211.2853324,-2.0,-1.0,-71.0
1777891211.2963324,-1.0,0.0,-70.0
1777891211.3063323,-2.0,1.0,-66.0
1777891211.3163323,-3.0,-1.0,-67.0
1777891211.3263323,1.0,2.0,-65.0
1777891211.3363323,2.0,3.0,-68.0
1777891211.3463323,3.0,4.0,-67.0
1777891211.3563323,0.0,3.0,-64.0
1777891211.3663323,-6.0,0.0,-61.0
1777891211.3763323,-8.0,-4.0,-61.0
1777891211.3863325,-6.0,-7.0,-61.0
1777891211.3963325,-4.0,-5.0,-61.0
1777891211.4063325,-2.0,-3.0,-72.0
1777891211.4163325,-1.0,2.0,-73.0
1777891211.4263325,-2.0,2.0,-73.0
1777891211.4363325,3.0,0.0,-71.0
1777891211.4463325,7.0,-1.0,-70.0
1777891211.4563324,9.0,0.0,-74.0
1777891211.4663324,9.0,-3.0,-73.0
1777891211.4763324,10.0,0.0,-68.0
1777891211.4863324,14.0,-1.0,-70.0
1777891211.4963324,16.0,-2.0,-74.0
1777891211.5063324,16.0,-1.0,-68.0
1777891211.5163324,11.0,0.0,-67.0
1777891211.5263324,9.0,-2.0,-69.0
1777891211.5363324,4.0,-3.0,-69.0
1777891211.5463324,2.0,-2.0,-71.0
1777891211.5563323,0.0,-4.0,-71.0
1777891211.5663323,3.0,-3.0,-75.0
1777891211.5763323,1.0,-4.0,-81.0
1777891211.5863323,2.0,0.0,-83.0
1777891211.5963323,7.0,-4.0,-79.0
1777891211.6063323,6.0,-7.0,-82.0
1777891211.6163323,5.0,-5.0,-77.0
1777891211.6263323,6.0,-5.0,-81.0
1777891211.6363325,5.0,-7.0,-82.0
1777891211.6463325,2.0,-2.0,-69.0
1777891211.6563325,-1.0,4.0,-70.0
1777891211.6663325,-2.0,1.0,-68.0
1777891211.6763325,2.0,0.0,-68.0
1777891211.6863325,5.0,3.0,-65.0
1777891211.6963325,5.0,6.0,-69.0
1777891211.7063324,0.0,6.0,-70.0
1777891211.7163324,0.0,8.0,-70.0
1777891211.7263324,2.0,7.0,-71.0
1777891211.7363324,4.0,0.0,-77.0
1777891211.7463324,1.0,0.0,-76.0
1777891211.7563324,2.0,0.0,-74.0
1777891211.7663324,0.0,-1.0,-72.0
1777891211.7763324,0.0,-4.0,-70.0
1777891211.7863324,-3.0,-6.0,-70.0
1777891211.7963324,-3.0,-3.0,-74.0
1777891211.8063323,0.0,-3.0,-80.0
1777891211.8163323,0.0,-3.0,-75.0
1777891211.8263323,1.0,-1.0,-75.0
1777891211.8363323,5.0,0.0,-76.0
1777891211.8463323,5.0,0.0,-81.0
1777891211.8563323,3.0,0.0,-81.0
1777891211.8663323,-2.0,0.0,-80.0
1777891211.8763323,-1.0,1.0,-79.0
1777891211.8863325,0.0,6.0,-77.0
1777891211.8963325,0.0,6.0,-76.0
1777891211.9063325,2.0,9.0,-82.0
1777891211.9163325,0.0,7.0,-80.0
1777891211.9263325,-1.0,3.0,-71.0
1777891211.9363325,-3.0,5.0,-72.0
1777891211.9463325,0.0,4.0,-71.0
1777891211.9563324,0.0,6.0,-58.0
1777891211.9663324,0.0,4.0,-65.0
1777891211.9763324,-2.0,2.0,-74.0
1777891211.9863324,-7.0,2.0,-74.0
1777891211.9963324,-5.0,3.0,-71.0
1777891212.0063324,-3.0,1.0,-70.0
1777891212.0163324,-4.0,1.0,-70.0
1777891212.0263324,-3.0,-6.0,-66.0
1777891212.0363324,0.0,-2.0,-69.0
1777891212.0463324,0.0,0.0,-68.0
1777891212.0563323,0.0,4.0,-69.0
1777891212.0663323,0.0,0.0,-65.0
1777891212.0763323,2.0,0.0,-69.0
1777891212.0863323,0.0,0.0,-73.0
1777891212.0963323,4.0,1.0,-76.0
1777891212.1063323,8.0,-3.0,-75.0
1777891212.1163323,6.0,-4.0,-75.0
1777891212.1263323,6.0,-4.0,-79.0
1777891212.1363325,0.0,-2.0,-80.0
1777891212.1463325,0.0,-4.0,-75.0
1777891212.1563325,1.0,-4.0,-76.0
1777891212.1663325,0.0,-3.0,-80.0
1777891212.1763325,-3.0,1.0,-78.0
1777891212.1863325,-4.0,-2.0,-70.0
1777891212.1963325,-3.0,-3.0,-75.0
1777891212.2063324,-4.0,-1.0,-75.0
1777891212.2163324,0.0,-1.0,-70.0
1777891212.2263324,0.0,-3.0,-69.0
1777891212.2363324,-1.0,-9.0,-72.0
1777891212.2463324,-3.0,-12.0,-70.0
1777891212.2563324,-5.0,-11.0,-72.0
1777891212.2663324,0.0,-9.0,-76.0
1777891212.2763324,2.0,-6.0,-73.0
1777891212.2863324,0.0,-5.0,-72.0
1777891212.2963324,0.0,-3.0,-71.0
1777891212.3063323,2.0,-1.0,-67.0
1777891212.3163323,3.0,-1.0,-66.0
1777891212.3263323,-3.0,-6.0,-68.0
1777891212.3363323,-4.0,-3.0,-72.0
1777891212.3463323,-2.0,0.0,-72.0
1777891212.3563323,1.0,-1.0,-68.0
1777891212.3663323,3.0,0.0,-67.0
1777891212.3763323,0.0,-1.0,-66.0
1777891212.3863325,0.0,-3.0,-68.0
1777891212.3963325,0.0,0.0,-73.0
1777891212.4063325,-1.0,0.0,-71.0
1777891212.4163325,-2.0,-4.0,-67.0
1777891212.4263325,-1.0,-3.0,-71.0
1777891212.4363325,0.0,-3.0,-75.0
1777891212.4463325,2.0,1.0,-78.0
1777891212.4563324,5.0,3.0,-74.0
1777891212.4663324,4.0,3.0,-72.0
1777891212.4763324,0.0,2.0,-78.0
1777891212.4863324,0.0,2.0,-79.0
1777891212.4963324,0.0,5.0,-86.0
1777891212.5063324,0.0,3.0,-82.0
1777891212.5163324,1.0,2.0,-75.0
1777891212.5263324,0.0,2.0,-76.0
1777891212.5363324,1.0,2.0,-79.0
1777891212.5463324,3.0,0.0,-74.0
1777891212.5563323,0.0,1.0,-75.0
1777891212.5663323,2.0,2.0,-77.0
1777891212.5763323,-4.0,4.0,-76.0
1777891212.5863323,-3.0,3.0,-74.0
1777891212.5963323,0.0,2.0,-70.0
1777891212.6063323,-1.0,-1.0,-73.0
1777891212.6163323,-1.0,0.0,-70.0
1777891212.6263323,0.0,-1.0,-69.0
1777891212.6363325,2.0,0.0,-70.0
1777891212.6463325,0.0,0.0,-64.0
1777891212.6563325,2.0,0.0,-63.0
1777891212.6663325,0.0,-1.0,-70.0
1777891212.6763325,1.0,-2.0,-68.0
1777891212.6863325,0.0,-1.0,-67.0
1777891212.6963325,-2.0,0.0,-71.0
1777891212.7063324,0.0,0.0,-75.0
1777891212.7163324,2.0,0.0,-76.0
1777891212.7263324,0.0,1.0,-74.0
1777891212.7363324,3.0,1.0,-73.0
1777891212.7463324,3.0,0.0,-74.0
1777891212.7563324,3.0,0.0,-73.0
1777891212.7663324,6.0,0.0,-71.0
1777891212.7763324,4.0,0.0,-69.0
1777891212.7863324,0.0,0.0,-73.0
1777891212.7963324,-2.0,0.0,-74.0
1777891212.8063323,-2.0,0.0,-75.0
1777891212.8163323,1.0,-3.0,-77.0
1777891212.8263323,5.0,-8.0,-75.0
1777891212.8363323,8.0,-13.0,-68.0
1777891212.8463323,10.0,-8.0,-67.0
1777891212.8563323,8.0,-3.0,-64.0
1777891212.8663323,8.0,-5.0,-64.0
1777891212.8763323,12.0,-1.0,-65.0
1777891212.8863325,11.0,-2.0,-72.0
1777891212.8963325,10.0,-3.0,-79.0
1777891212.9063325,12.0,-3.0,-81.0
1777891212.9163325,9.0,-3.0,-81.0
1777891212.9263325,1.0,-2.0,-80.0
1777891212.9363325,0.0,-2.0,-79.0
1777891212.9463325,0.0,-2.0,-79.0
1777891212.9563324,1.0,0.0,-76.0
1777891212.9663324,6.0,0.0,-73.0
1777891212.9763324,8.0,-2.0,-74.0
1777891212.9863324,7.0,2.0,-78.0
1777891212.9963324,11.0,2.0,-75.0
1777891213.0063324,13.0,5.0,-73.0
1777891213.0163324,13.0,3.0,-75.0
1777891213.0263324,13.0,2.0,-71.0
1777891213.0363324,7.0,0.0,-63.0
1777891213.0463324,5.0,2.0,-60.0
1777891213.0563323,2.0,1.0,-62.0
1777891213.0663323,4.0,2.0,-65.0
1777891213.0763323,5.0,1.0,-66.0
1777891213.0863323,3.0,0.0,-74.0
1777891213.0963323,1.0,0.0,-70.0
1777891213.1063323,0.0,2.0,-67.0
1777891213.1163323,1.0,0.0,-66.0
1777891213.1263323,5.0,-3.0,-64.0
1777891213.1363325,5.0,-1.0,-63.0
1777891213.1463325,-1.0,-1.0,-66.0
1777891213.1563325,2.0,-1.0,-64.0
1777891213.1663325,-1.0,0.0,-60.0
1777891213.1763325,0.0,1.0,-60.0
1777891213.1863325,2.0,-4.0,-66.0
1777891213.1963325,3.0,-2.0,-71.0
1777891213.2063324,5.0,-4.0,-68.0
1777891213.2163324,9.0,-7.0,-68.0
1777891213.2263324,10.0,-10.0,-73.0
1777891213.2363324,7.0,-9.0,-78.0
1777891213.2463324,7.0,-8.0,-75.0
1777891213.2563324,3.0,-9.0,-79.0
1777891213.2673323,4.0,-6.0,-77.0
1777891213.2763324,0.0,-8.0,-72.0
1777891213.2873323,4.0,-5.0,-74.0
1777891213.2973323,4.0,-7.0,-75.0
1777891213.3073325,3.0,-5.0,-81.0
1777891213.3173325,-2.0,-4.0,-75.0
1777891213.3273325,0.0,-1.0,-73.0
1777891213.3373325,0.0,0.0,-71.0
1777891213.3473325,0.0,-6.0,-77.0
1777891213.3573325,-3.0,-4.0,-80.0
1777891213.3673325,3.0,0.0,-79.0
1777891213.3773324,4.0,0.0,-77.0
1777891213.3873324,8.0,4.0,-79.0
1777891213.3973324,7.0,3.0,-79.0
1777891213.4073324,8.0,4.0,-80.0
1777891213.4173324,7.0,7.0,-81.0
1777891213.4273324,7.0,8.0,-77.0
1777891213.4373324,3.0,5.0,-76.0
1777891213.4473324,1.0,4.0,-76.0
1777891213.4573324,4.0,9.0,-75.0
1777891213.4673324,6.0,7.0,-72.0
1777891213.4773324,4.0,6.0,-69.0
1777891213.4873323,2.0,5.0,-67.0
1777891213.4973323,0.0,1.0,-67.0
1777891213.5073323,0.0,-4.0,-72.0
1777891213.5173323,-1.0,-7.0,-69.0
1777891213.5273323,-2.0,-5.0,-70.0
1777891213.5373323,0.0,-10.0,-73.0
1777891213.5473323,6.0,-10.0,-76.0
1777891213.5573325,8.0,-7.0,-69.0
1777891213.5673325,3.0,0.0,-70.0
1777891213.5773325,3.0,2.0,-72.0
1777891213.5873325,2.0,6.0,-69.0
1777891213.5973325,1.0,2.0,-71.0
1777891213.6073325,-1.0,0.0,-72.0
1777891213.6173325,1.0,0.0,-66.0
1777891213.6273324,2.0,-6.0,-73.0
1777891213.6373324,1.0,-5.0,-73.0
1777891213.6473324,1.0,0.0,-72.0
1777891213.6573324,4.0,-4.0,-66.0
1777891213.6673324,4.0,-8.0,-70.0
1777891213.6773324,5.0,-3.0,-72.0
1777891213.6873324,5.0,1.0,-77.0
1777891213.6973324,0.0,2.0,-75.0
1777891213.7073324,-1.0,0.0,-75.0
1777891213.7173324,0.0,2.0,-73.0
1777891213.7273324,-5.0,0.0,-74.0
1777891213.7373323,-6.0,-3.0,-70.0
1777891213.7473323,-6.0,-1.0,-71.0
1777891213.7573323,-6.0,-3.0,-70.0
1777891213.7673323,-4.0,-6.0,-73.0
1777891213.7773323,-6.0,-6.0,-82.0
1777891213.7873323,-4.0,-7.0,-83.0
1777891213.7973323,-4.0,-8.0,-76.0
1777891213.8073325,0.0,-8.0,-75.0
1777891213.8173325,-4.0,-6.0,-78.0
1777891213.8273325,-2.0,-2.0,-77.0
1777891213.8373325,2.0,0.0,-77.0
1777891213.8473325,3.0,2.0,-79.0
1777891213.8573325,4.0,2.0,-77.0
1777891213.8673325,1.0,3.0,-74.0
1777891213.8773324,0.0,3.0,-74.0
1777891213.8873324,-5.0,3.0,-75.0
1777891213.8973324,-7.0,2.0,-77.0
1777891213.9073324,-4.0,-3.0,-76.0
1777891213.9173324,-3.0,0.0,-79.0
1777891213.9273324,-2.0,4.0,-79.0
1777891213.9373324,-1.0,2.0,-77.0
1777891213.9473324,-6.0,2.0,-81.0
1777891213.9573324,-8.0,0.0,-85.0
1777891213.9673324,-9.0,-3.0,-87.0
1777891213.9773324,-10.0,-3.0,-84.0
1777891213.9873323,-3.0,-8.0,-85.0
1777891213.9973323,-4.0,-8.0,-85.0
1777891214.0073323,-4.0,-9.0,-83.0
1777891214.0173323,-5.0,-8.0,-80.0
1777891214.0273323,-3.0,-5.0,-80.0
1777891214.0373323,-3.0,-4.0,-74.0
1777891214.0473323,-1.0,-4.0,-67.0
1777891214.0573325,-3.0,-2.0,-63.0
1777891214.0673325,-1.0,-2.0,-65.0
1777891214.0773325,3.0,-2.0,-69.0
1777891214.0873325,-1.0,1.0,-72.0
1777891214.0973325,-2.0,-3.0,-72.0
1777891214.1073325,-4.0,-2.0,-72.0
1777891214.1173325,-3.0,-7.0,-70.0
1777891214.1273324,-3.0,-4.0,-78.0
1777891214.1373324,-6.0,-1.0,-76.0
1777891214.1473324,-7.0,-1.0,-76.0
1777891214.1573324,-4.0,0.0,-79.0
1777891214.1673324,-3.0,2.0,-81.0
1777891214.1773324,0.0,0.0,-79.0
1777891214.1873324,0.0,0.0,-76.0
1777891214.1973324,2.0,-3.0,-74.0
1777891214.2073324,1.0,-5.0,-75.0
1777891214.2173324,1.0,-2.0,-69.0
1777891214.2273324,0.0,-1.0,-74.0
1777891214.2373323,3.0,-4.0,-76.0
1777891214.2473323,3.0,-9.0,-73.0
1777891214.2573323,1.0,-10.0,-72.0
1777891214.2673323,1.0,-12.0,-74.0
1777891214.2773323,2.0,-7.0,-69.0
1777891214.2873323,8.0,-4.0,-66.0
1777891214.2973323,5.0,-6.0,-71.0
1777891214.3073325,-2.0,-3.0,-76.0
1777891214.3173325,-2.0,-1.0,-76.0
1777891214.3273325,0.0,-1.0,-79.0
1777891214.3373325,4.0,-3.0,-81.0
1777891214.3473325,3.0,-4.0,-79.0
1777891214.3573325,3.0,-2.0,-73.0
1777891214.3673325,3.0,-2.0,-78.0
1777891214.3773324,0.0,-3.0,-81.0
1777891214.3873324,-1.0,-4.0,-77.0
1777891214.3973324,-4.0,-2.0,-76.0
1777891214.4073324,-6.0,-5.0,-75.0
1777891214.4173324,-5.0,-6.0,-74.0
1777891214.4273324,-5.0,-6.0,-71.0
1777891214.4373324,-6.0,-4.0,-76.0
1777891214.4473324,-4.0,0.0,-77.0
1777891214.4573324,-4.0,1.0,-78.0
1777891214.4673324,-1.0,1.0,-78.0
1777891214.4773324,-1.0,2.0,-72.0
1777891214.4873323,-3.0,1.0,-68.0
1777891214.4973323,-4.0,-2.0,-68.0
1777891214.5073323,-4.0,-1.0,-67.0
1777891214.5173323,-5.0,0.0,-69.0
1777891214.5273323,-4.0,0.0,-74.0
1777891214.5373323,-10.0,-2.0,-70.0
1777891214.5473323,-6.0,-1.0,-67.0
1777891214.5573325,4.0,-3.0,-67.0
1777891214.5673325,6.0,-3.0,-70.0
1777891214.5773325,3.0,0.0,-77.0
1777891214.5873325,2.0,1.0,-80.0
1777891214.5973325,3.0,0.0,-77.0
1777891214.6073325,2.0,1.0,-76.0
1777891214.6173325,0.0,1.0,-78.0
1777891214.6273324,-1.0,0.0,-72.0
1777891214.6373324,-3.0,0.0,-78.0
1777891214.6473324,-4.0,2.0,-76.0
1777891214.6573324,-3.0,2.0,-71.0
1777891214.6673324,-4.0,1.0,-77.0
1777891214.6773324,0.0,-1.0,-72.0
1777891214.6873324,-3.0,0.0,-71.0
1777891214.6973324,0.0,-3.0,-74.0
1777891214.7073324,6.0,1.0,-74.0
1777891214.7173324,5.0,0.0,-70.0
1777891214.7273324,9.0,-3.0,-77.0
1777891214.7373323,8.0,-1.0,-72.0
1777891214.7473323,7.0,3.0,-72.0
1777891214.7573323,4.0,8.0,-68.0
1777891214.7673323,4.0,1.0,-70.0
1777891214.7773323,3.0,2.0,-69.0
1777891214.7873323,1.0,6.0,-67.0
1777891214.7973323,2.0,3.0,-65.0
1777891214.8073325,3.0,-3.0,-68.0
1777891214.8173325,0.0,-7.0,-70.0
1777891214.8273325,4.0,-9.0,-62.0
1777891214.8373325,3.0,-10.0,-63.0
1777891214.8473325,3.0,-9.0,-68.0
1777891214.8573325,4.0,-7.0,-71.0
1777891214.8673325,6.0,-6.0,-80.0
1777891214.8773324,7.0,-6.0,-84.0
1777891214.8873324,5.0,-8.0,-82.0
1777891214.8973324,5.0,-4.0,-74.0
1777891214.9073324,0.0,-4.0,-75.0
1777891214.9173324,-1.0,2.0,-79.0
1777891214.9273324,1.0,1.0,-76.0
1777891214.9373324,0.0,4.0,-76.0
1777891214.9473324,0.0,0.0,-80.0
1777891214.9573324,0.0,3.0,-82.0
1777891214.9673324,-3.0,1.0,-87.0
1777891214.9773324,0.0,1.0,-83.0
1777891214.9873323,0.0,7.0,-76.0
1777891214.9973323,3.0,2.0,-76.0
1777891215.0073323,6.0,0.0,-73.0
1777891215.0173323,6.0,-1.0,-72.0
1777891215.0273323,4.0,-1.0,-68.0
1777891215.0373323,8.0,-2.0,-67.0
1777891215.0473323,9.0,-4.0,-68.0
1777891215.0573325,10.0,0.0,-68.0
1777891215.0673325,8.0,0.0,-60.0
1777891215.0773325,5.0,0.0,-66.0
1777891215.0873325,8.0,0.0,-73.0
1777891215.0973325,7.0,2.0,-75.0
1777891215.1073325,5.0,0.0,-71.0
1777891215.1173325,4.0,0.0,-65.0
1777891215.1273324,3.0,-1.0,-69.0
1777891215.1373324,2.0,-2.0,-65.0
1777891215.1473324,1.0,-2.0,-71.0
1777891215.1573324,2.0,-6.0,-75.0
1777891215.1673324,1.0,-4.0,-75.0
1777891215.1773324,2.0,-3.0,-69.0
1777891215.1873324,1.0,-1.0,-70.0
1777891215.1973324,6.0,0.0,-72.0
1777891215.2073324,8.0,1.0,-78.0
1777891215.2173324,5.0,1.0,-77.0
1777891215.2273324,0.0,-5.0,-82.0
1777891215.2373323,5.0,-9.0,-82.0
1777891215.2473323,4.0,-5.0,-77.0
1777891215.2583325,0.0,-3.0,-69.0
1777891215.2683325,-2.0,-3.0,-65.0
1777891215.2783325,-5.0,-1.0,-70.0
1777891215.2883325,-3.0,-1.0,-78.0
1777891215.2983325,-2.0,-1.0,-74.0
1777891215.3083324,-4.0,-5.0,-79.0
1777891215.3183324,-7.0,-9.0,-78.0
1777891215.3283324,-4.0,-8.0,-67.0
1777891215.3383324,-4.0,-8.0,-64.0
1777891215.3483324,1.0,-9.0,-66.0
1777891215.3583324,0.0,-6.0,-65.0
1777891215.3683324,-1.0,-3.0,-67.0
1777891215.3783324,-4.0,-2.0,-71.0
1777891215.3883324,0.0,-2.0,-78.0
1777891215.3983324,1.0,0.0,-74.0
1777891215.4083323,0.0,-4.0,-72.0
1777891215.4183323,4.0,-3.0,-71.0
1777891215.4283323,-1.0,-4.0,-70.0
1777891215.4383323,1.0,-5.0,-70.0
1777891215.4483323,2.0,-8.0,-73.0
1777891215.4583323,1.0,-8.0,-78.0
1777891215.4683323,3.0,-6.0,-75.0
1777891215.4783323,6.0,-1.0,-78.0
1777891215.4883325,6.0,0.0,-78.0
1777891215.4983325,4.0,0.0,-76.0
1777891215.5083325,4.0,4.0,-74.0
1777891215.5183325,6.0,2.0,-67.0
1777891215.5283325,4.0,1.0,-69.0
1777891215.5383325,2.0,1.0,-66.0
1777891215.5483325,2.0,4.0,-66.0
1777891215.5583324,-5.0,5.0,-64.0
1777891215.5683324,-4.0,7.0,-65.0
1777891215.5783324,-6.0,9.0,-64.0
1777891215.5883324,-2.0,7.0,-65.0
1777891215.5983324,0.0,2.0,-64.0
1777891215.6083324,-1.0,-1.0,-64.0
1777891215.6193323,-2.0,-1.0,-66.0
1777891215.6283324,0.0,-5.0,-68.0
1777891215.6383324,1.0,-5.0,-70.0
1777891215.6483324,3.0,-8.0,-69.0
1777891215.6583323,6.0,-7.0,-67.0
1777891215.6683323,8.0,-14.0,-61.0
1777891215.6783323,11.0,-11.0,-62.0
1777891215.6883323,11.0,-7.0,-66.0
1777891215.6983323,7.0,-8.0,-69.0
1777891215.7083323,3.0,-7.0,-69.0
1777891215.7183323,0.0,-2.0,-75.0
1777891215.7283323,-2.0,1.0,-77.0
1777891215.7383325,0.0,3.0,-77.0
1777891215.7483325,0.0,3.0,-79.0
1777891215.7583325,0.0,2.0,-76.0
1777891215.7683325,-1.0,-1.0,-74.0
1777891215.7783325,0.0,-3.0,-71.0
1777891215.7883325,-1.0,0.0,-71.0
1777891215.7983325,-2.0,1.0,-68.0
1777891215.8083324,1.0,1.0,-72.0
1777891215.8183324,-1.0,2.0,-75.0
1777891215.8283324,6.0,-1.0,-76.0
1777891215.8383324,10.0,1.0,-78.0
1777891215.8483324,5.0,0.0,-79.0
1777891215.8583324,4.0,1.0,-76.0
1777891215.8683324,3.0,0.0,-72.0
1777891215.8783324,1.0,-2.0,-65.0
1777891215.8883324,0.0,-3.0,-65.0
1777891215.8983324,-4.0,-2.0,-60.0
1777891215.9083323,-1.0,-3.0,-67.0
1777891215.9183323,-3.0,-5.0,-67.0
1777891215.9283323,0.0,-7.0,-65.0
1777891215.9383323,-2.0,-10.0,-70.0
1777891215.9483323,-3.0,-11.0,-69.0
1777891215.9583323,-1.0,-7.0,-67.0
1777891215.9683323,4.0,-5.0,-71.0
1777891215.9783323,5.0,-4.0,-73.0
1777891215.9883325,7.0,-4.0,-75.0
1777891215.9983325,9.0,-4.0,-76.0
1777891216.0083325,5.0,-3.0,-75.0
1777891216.0183325,7.0,3.0,-79.0
1777891216.0283325,6.0,5.0,-76.0
1777891216.0383325,4.0,8.0,-76.0
1777891216.0483325,-1.0,6.0,-75.0
1777891216.0583324,-5.0,7.0,-77.0
1777891216.0683324,-3.0,5.0,-81.0
1777891216.0783324,-5.0,3.0,-80.0
1777891216.0883324,1.0,3.0,-77.0
1777891216.0983324,1.0,3.0,-71.0
1777891216.1083324,0.0,3.0,-74.0
1777891216.1183324,-7.0,1.0,-74.0
1777891216.1283324,-4.0,1.0,-69.0
1777891216.1383324,-5.0,2.0,-71.0
1777891216.1483324,-6.0,1.0,-78.0
1777891216.1583323,-10.0,0.0,-75.0
1777891216.1683323,-2.0,0.0,-77.0
1777891216.1783323,-2.0,-1.0,-79.0
1777891216.1883323,0.0,-2.0,-74.0
1777891216.1983323,3.0,1.0,-66.0
1777891216.2083323,5.0,3.0,-70.0
1777891216.2183323,1.0,2.0,-71.0
1777891216.2283323,7.0,-1.0,-77.0
1777891216.2383325,8.0,-5.0,-78.0
1777891216.2483325,9.0,-8.0,-81.0
1777891216.2583325,9.0,-4.0,-81.0
1777891216.2683325,6.0,1.0,-70.0
1777891216.2783325,5.0,-1.0,-72.0
1777891216.2883325,4.0,-2.0,-73.0
1777891216.2983325,5.0,-4.0,-73.0
1777891216.3083324,5.0,-4.0,-69.0
1777891216.3183324,6.0,-3.0,-71.0
1777891216.3283324,1.0,-4.0,-69.0
1777891216.3383324,-1.0,-2.0,-71.0
1777891216.3483324,1.0,-4.0,-72.0
1777891216.3583324,2.0,-3.0,-78.0
1777891216.3683324,3.0,-3.0,-79.0
1777891216.3783324,5.0,-1.0,-81.0
1777891216.3883324,3.0,0.0,-78.0
1777891216.3983324,2.0,2.0,-75.0
1777891216.4083323,0.0,-1.0,-74.0
1777891216.4183323,1.0,0.0,-76.0
1777891216.4283323,1.0,0.0,-76.0
1777891216.4383323,1.0,0.0,-79.0
1777891216.4483323,0.0,3.0,-78.0
1777891216.4583323,-4.0,8.0,-84.0
1777891216.4683323,-7.0,5.0,-84.0
1777891216.4783323,-4.0,4.0,-78.0
1777891216.4883325,-1.0,2.0,-75.0
1777891216.4983325,3.0,1.0,-74.0
1777891216.5083325,6.0,3.0,-74.0
1777891216.5183325,4.0,2.0,-77.0
1777891216.5283325,1.0,0.0,-84.0
1777891216.5383325,-3.0,1.0,-78.0
1777891216.5483325,-3.0,3.0,-74.0
1777891216.5583324,-6.0,1.0,-66.0
1777891216.5683324,-2.0,0.0,-70.0
1777891216.5783324,0.0,-4.0,-73.0
1777891216.5883324,0.0,-4.0,-79.0
1777891216.5983324,-2.0,-1.0,-84.0
1777891216.6083324,-3.0,0.0,-77.0
1777891216.6183324,-5.0,-1.0,-76.0
1777891216.6283324,-5.0,-3.0,-75.0
1777891216.6383324,-2.0,-2.0,-72.0
1777891216.6483324,-2.0,-4.0,-67.0
1777891216.6583323,-3.0,-3.0,-68.0
1777891216.6683323,-1.0,0.0,-60.0
1777891216.6783323,3.0,0.0,-57.0
1777891216.6883323,5.0,-1.0,-57.0
1777891216.6983323,6.0,-2.0,-62.0
1777891216.7083323,1.0,-6.0,-65.0
1777891216.7183323,1.0,-3.0,-65.0
1777891216.7283323,0.0,-4.0,-66.0
1777891216.7383325,0.0,-5.0,-70.0
1777891216.7483325,0.0,-2.0,-73.0
1777891216.7583325,-3.0,-2.0,-67.0
1777891216.7683325,-6.0,-1.0,-60.0
1777891216.7783325,-6.0,-4.0,-61.0
1777891216.7883325,-3.0,-1.0,-69.0
1777891216.7983325,-3.0,-1.0,-72.0
1777891216.8083324,-2.0,-2.0,-69.0
1777891216.8183324,-2.0,1.0,-69.0
1777891216.8283324,3.0,1.0,-71.0
1777891216.8383324,1.0,1.0,-76.0
1777891216.8483324,5.0,1.0,-72.0
1777891216.8593323,0.0,1.0,-70.0
1777891216.8683324,0.0,-2.0,-68.0
1777891216.8783324,-3.0,-3.0,-73.0
1777891216.8883324,-8.0,-1.0,-77.0
1777891216.8983324,-8.0,1.0,-80.0
1777891216.9083323,-6.0,0.0,-82.0
1777891216.9183323,-5.0,2.0,-87.0
1777891216.9283323,-5.0,0.0,-90.0
1777891216.9383323,0.0,0.0,-81.0
1777891216.9483323,-3.0,-3.0,-83.0
1777891216.9583323,-1.0,1.0,-81.0
1777891216.9683323,2.0,0.0,-85.0
1777891216.9783323,4.0,-1.0,-75.0
1777891216.9883325,0.0,1.0,-65.0
1777891216.9983325,3.0,6.0,-65.0
1777891217.0083325,0.0,3.0,-58.0
1777891217.0183325,0.0,4.0,-60.0
1777891217.0283325,1.0,3.0,-66.0
1777891217.0383325,0.0,0.0,-73.0
1777891217.0483325,2.0,-6.0,-71.0
1777891217.0583324,5.0,-6.0,-73.0
1777891217.0683324,1.0,-3.0,-76.0
1777891217.0783324,0.0,-2.0,-72.0
1777891217.0883324,-3.0,-4.0,-74.0
1777891217.0983324,-1.0,0.0,-70.0
1777891217.1083324,-2.0,0.0,-70.0
1777891217.1183324,-4.0,0.0,-72.0
1777891217.1283324,-4.0,0.0,-70.0
1777891217.1383324,0.0,0.0,-77.0
1777891217.1483324,3.0,-1.0,-73.0
1777891217.1583323,2.0,-2.0,-71.0
1777891217.1683323,2.0,1.0,-66.0
1777891217.1783323,4.0,-3.0,-66.0
1777891217.1883323,2.0,-3.0,-60.0
1777891217.1983323,7.0,3.0,-65.0
1777891217.2083323,6.0,2.0,-67.0
1777891217.2183323,11.0,6.0,-69.0
1777891217.2283323,6.0,4.0,-62.0
1777891217.2393324,5.0,1.0,-66.0
1777891217.2483325,4.0,0.0,-70.0
1777891217.2593324,1.0,-2.0,-70.0
1777891217.2683325,5.0,-4.0,-71.0
1777891217.2783325,6.0,-2.0,-73.0
1777891217.2893324,0.0,-4.0,-79.0
1777891217.2993324,-1.0,0.0,-80.0
1777891217.3093324,-2.0,0.0,-81.0
1777891217.3193324,-2.0,-3.0,-89.0
1777891217.3293324,1.0,-4.0,-89.0
1777891217.3393323,-1.0,-11.0,-82.0
1777891217.3493323,-3.0,-10.0,-81.0
1777891217.3593323,0.0,-9.0,-72.0
1777891217.3693323,1.0,-9.0,-67.0
1777891217.3793323,3.0,-8.0,-63.0
1777891217.3893323,5.0,-6.0,-66.0
1777891217.3993323,8.0,-5.0,-70.0
1777891217.4093325,5.0,-3.0,-72.0
1777891217.4193325,1.0,-3.0,-68.0
1777891217.4293325,0.0,1.0,-66.0
1777891217.4393325,2.0,-2.0,-72.0
1777891217.4493325,0.0,-1.0,-68.0
1777891217.4593325,0.0,-1.0,-65.0
1777891217.4693325,-4.0,0.0,-67.0
1777891217.4793324,-2.0,1.0,-63.0
1777891217.4893324,0.0,2.0,-67.0
1777891217.4993324,0.0,7.0,-72.0
1777891217.5093324,-4.0,5.0,-75.0
1777891217.5193324,-5.0,1.0,-71.0
1777891217.5293324,-2.0,-1.0,-72.0
1777891217.5393324,-6.0,-2.0,-79.0
1777891217.5493324,-3.0,-3.0,-79.0
1777891217.5593324,-1.0,-4.0,-80.0
1777891217.5693324,-1.0,-1.0,-81.0
1777891217.5793324,-2.0,2.0,-81.0
1777891217.5893323,2.0,2.0,-87.0
1777891217.5993323,2.0,4.0,-84.0
1777891217.6093323,-1.0,3.0,-85.0
1777891217.6193323,-7.0,2.0,-84.0
1777891217.6293323,-10.0,1.0,-83.0
1777891217.6393323,-5.0,0.0,-76.0
1777891217.6493323,-3.0,0.0,-72.0
1777891217.6593325,-1.0,3.0,-73.0
1777891217.6693325,-1.0,4.0,-64.0
1777891217.6793325,-3.0,1.0,-63.0
1777891217.6893325,-3.0,0.0,-62.0
1777891217.6993325,0.0,3.0,-61.0
1777891217.7093325,0.0,2.0,-65.0
1777891217.7193325,0.0,0.0,-69.0
1777891217.7293324,3.0,-2.0,-78.0
1777891217.7393324,4.0,0.0,-77.0
1777891217.7493324,1.0,0.0,-81.0
1777891217.7593324,2.0,-2.0,-76.0
1777891217.7693324,1.0,-1.0,-76.0
1777891217.7793324,-1.0,1.0,-66.0
1777891217.7893324,-1.0,0.0,-60.0
1777891217.7993324,0.0,-7.0,-55.0
1777891217.8093324,0.0,-6.0,-55.0
1777891217.8193324,3.0,-4.0,-55.0
1777891217.8293324,0.0,-2.0,-58.0
1777891217.8393323,-5.0,0.0,-68.0
1777891217.8493323,-3.0,1.0,-67.0
1777891217.8593323,-2.0,2.0,-78.0
1777891217.8693323,1.0,0.0,-75.0
1777891217.8793323,6.0,0.0,-69.0
1777891217.8893323,3.0,0.0,-71.0
1777891217.8993323,2.0,1.0,-69.0
1777891217.9093325,6.0,0.0,-70.0
1777891217.9193325,8.0,0.0,-69.0
1777891217.9293325,9.0,0.0,-72.0
1777891217.9393325,4.0,1.0,-74.0
1777891217.9493325,4.0,-1.0,-73.0
1777891217.9593325,5.0,-1.0,-75.0
1777891217.9693325,5.0,-6.0,-76.0
1777891217.9793324,6.0,-3.0,-72.0
1777891217.9893324,3.0,-5.0,-69.0
1777891217.9993324,0.0,-2.0,-68.0
1777891218.0093324,-6.0,-3.0,-74.0
1777891218.0193324,-2.0,-3.0,-75.0
1777891218.0293324,-1.0,-3.0,-71.0
1777891218.0393324,-2.0,-6.0,-69.0
1777891218.0493324,-1.0,-2.0,-70.0
1777891218.0593324,-3.0,0.0,-77.0
1777891218.0693324,-3.0,0.0,-77.0
1777891218.0793324,0.0,0.0,-78.0
1777891218.0893323,2.0,-3.0,-74.0
1777891218.0993323,1.0,1.0,-72.0
1777891218.1093323,-4.0,0.0,-67.0
1777891218.1193323,-5.0,1.0,-65.0
1777891218.1293323,-2.0,3.0,-72.0
1777891218.1393323,-1.0,-1.0,-70.0
1777891218.1493323,0.0,-6.0,-71.0
1777891218.1593325,3.0,-3.0,-66.0
1777891218.1693325,0.0,1.0,-69.0
1777891218.1793325,1.0,1.0,-69.0
1777891218.1893325,1.0,2.0,-64.0
1777891218.1993325,0.0,1.0,-66.0
1777891218.2093325,-2.0,3.0,-66.0
1777891218.2193325,1.0,4.0,-65.0
1777891218.2293324,2.0,1.0,-69.0
1777891218.2393324,1.0,0.0,-68.0
1777891218.2493324,0.0,-3.0,-72.0
1777891218.2593324,-3.0,-2.0,-68.0
1777891218.2693324,-5.0,-2.0,-68.0
1777891218.2793324,-6.0,-4.0,-77.0
1777891218.2893324,-3.0,-3.0,-75.0
1777891218.2993324,-10.0,-5.0,-75.0
1777891218.3093324,-11.0,-6.0,-77.0
1777891218.3193324,-11.0,0.0,-79.0
1777891218.3293324,-2.0,-1.0,-82.0
1777891218.3393323,-5.0,-3.0,-79.0
1777891218.3493323,0.0,-2.0,-82.0
1777891218.3593323,0.0,-6.0,-81.0
1777891218.3693323,0.0,-4.0,-78.0
1777891218.3793323,5.0,-1.0,-73.0
1777891218.3893323,2.0,-4.0,-69.0
1777891218.3993323,0.0,-7.0,-65.0
1777891218.4093325,-1.0,-6.0,-71.0
1777891218.4193325,2.0,-4.0,-69.0
1777891218.4293325,0.0,-1.0,-64.0
1777891218.4393325,1.0,0.0,-71.0
1777891218.4493325,3.0,0.0,-69.0
1777891218.4593325,1.0,3.0,-73.0
1777891218.4693325,-2.0,3.0,-76.0
1777891218.4793324,-4.0,6.0,-79.0
1777891218.4893324,-2.0,3.0,-77.0
1777891218.4993324,-2.0,0.0,-74.0
1777891218.5093324,-6.0,0.0,-78.0
1777891218.5193324,-4.0,0.0,-76.0
1777891218.5293324,-1.0,-5.0,-73.0
1777891218.5393324,-3.0,1.0,-83.0
1777891218.5493324,-8.0,-1.0,-76.0
1777891218.5593324,-4.0,0.0,-77.0
1777891218.5693324,-1.0,1.0,-72.0
1777891218.5793324,4.0,0.0,-69.0
1777891218.5893323,0.0,-5.0,-67.0
1777891218.5993323,-2.0,-5.0,-65.0
1777891218.6093323,-2.0,-7.0,-71.0
1777891218.6193323,0.0,-3.0,-77.0
1777891218.6293323,1.0,0.0,-77.0
1777891218.6393323,0.0,-4.0,-72.0
1777891218.6493323,1.0,-4.0,-76.0
1777891218.6593325,4.0,-2.0,-81.0
1777891218.6693325,4.0,-1.0,-79.0
1777891218.6793325,3.0,-1.0,-74.0
1777891218.6893325,2.0,0.0,-71.0
1777891218.6993325,0.0,0.0,-68.0
1777891218.7093325,0.0,3.0,-79.0
1777891218.7193325,0.0,2.0,-79.0
1777891218.7293324,0.0,-3.0,-78.0
1777891218.7393324,0.0,-2.0,-76.0
1777891218.7493324,1.0,-2.0,-76.0
1777891218.7593324,0.0,-1.0,-74.0
1777891218.7693324,1.0,-4.0,-75.0
1777891218.7793324,6.0,-3.0,-71.0
1777891218.7893324,6.0,-4.0,-71.0
1777891218.7993324,2.0,-2.0,-68.0
1777891218.8093324,0.0,3.0,-68.0
1777891218.8193324,0.0,4.0,-62.0
1777891218.8293324,0.0,3.0,-66.0
1777891218.8393323,-2.0,2.0,-63.0
1777891218.8493323,-3.0,2.0,-61.0
1777891218.8593323,-3.0,0.0,-61.0
1777891218.8693323,0.0,1.0,-63.0
1777891218.8793323,0.0,3.0,-67.0
1777891218.8893323,0.0,5.0,-68.0
1777891218.8993323,1.0,4.0,-69.0
1777891218.9093325,4.0,5.0,-70.0
1777891218.9193325,6.0,3.0,-71.0
1777891218.9293325,3.0,0.0,-73.0
1777891218.9393325,8.0,0.0,-73.0
1777891218.9493325,9.0,0.0,-78.0
1777891218.9593325,5.0,2.0,-80.0
1777891218.9693325,6.0,0.0,-78.0
1777891218.9793324,7.0,2.0,-76.0
1777891218.9893324,10.0,2.0,-78.0
1777891218.9993324,10.0,0.0,-77.0
1777891219.0093324,7.0,-2.0,-68.0
1777891219.0193324,5.0,0.0,-72.0
1777891219.0293324,5.0,1.0,-70.0
1777891219.0393324,4.0,4.0,-75.0
1777891219.0493324,2.0,5.0,-73.0
1777891219.0593324,5.0,3.0,-68.0
1777891219.0693324,4.0,-2.0,-70.0
1777891219.0793324,3.0,-4.0,-69.0
1777891219.0893323,3.0,-1.0,-68.0
1777891219.0993323,1.0,0.0,-64.0
1777891219.1093323,8.0,0.0,-68.0
1777891219.1193323,11.0,0.0,-67.0
1777891219.1293323,12.0,0.0,-69.0
1777891219.1393323,11.0,0.0,-69.0
1777891219.1493323,5.0,0.0,-71.0
1777891219.1593325,1.0,0.0,-69.0
1777891219.1693325,3.0,-2.0,-67.0
1777891219.1793325,2.0,-3.0,-70.0
1777891219.1893325,0.0,0.0,-65.0
1777891219.1993325,1.0,0.0,-69.0
1777891219.2093325,3.0,3.0,-67.0
1777891219.2193325,2.0,0.0,-67.0
1777891219.2293324,2.0,-1.0,-71.0
1777891219.2393324,4.0,0.0,-63.0
1777891219.2493324,5.0,1.0,-63.0
1777891219.2603323,3.0,8.0,-64.0
1777891219.2703323,1.0,8.0,-72.0
1777891219.2803323,-2.0,4.0,-75.0
1777891219.2903323,-1.0,3.0,-74.0
1777891219.3003323,0.0,2.0,-75.0
1777891219.3103323,0.0,4.0,-77.0
1777891219.3203323,-2.0,3.0,-80.0
1777891219.3303325,-1.0,1.0,-77.0
1777891219.3403325,1.0,-3.0,-75.0
1777891219.3503325,1.0,-1.0,-72.0
1777891219.3603325,3.0,-2.0,-66.0
1777891219.3703325,3.0,0.0,-70.0
1777891219.3803325,8.0,-2.0,-71.0
1777891219.3903325,11.0,-3.0,-71.0
1777891219.4003325,10.0,-3.0,-70.0
1777891219.4103324,11.0,-3.0,-73.0
1777891219.4203324,5.0,-2.0,-78.0
1777891219.4303324,0.0,-1.0,-83.0
1777891219.4403324,2.0,-2.0,-78.0
1777891219.4503324,2.0,-2.0,-78.0
1777891219.4603324,1.0,0.0,-76.0
1777891219.4703324,-4.0,1.0,-74.0
1777891219.4803324,-4.0,0.0,-70.0
1777891219.4903324,-1.0,1.0,-72.0
1777891219.5003324,3.0,-2.0,-79.0
1777891219.5103323,5.0,-4.0,-82.0
1777891219.5203323,0.0,-3.0,-79.0
1777891219.5303323,0.0,0.0,-74.0
1777891219.5403323,0.0,2.0,-72.0
1777891219.5503323,0.0,3.0,-73.0
1777891219.5603323,-1.0,2.0,-75.0
1777891219.5703323,0.0,0.0,-74.0
1777891219.5803325,-1.0,0.0,-78.0
1777891219.5903325,-4.0,-3.0,-77.0
1777891219.6003325,-5.0,1.0,-78.0
1777891219.6103325,-4.0,0.0,-81.0
1777891219.6203325,-7.0,-3.0,-81.0
1777891219.6303325,-4.0,0.0,-74.0
1777891219.6403325,3.0,0.0,-69.0
1777891219.6503325,8.0,0.0,-63.0
1777891219.6603324,2.0,0.0,-59.0
1777891219.6703324,3.0,-3.0,-65.0
1777891219.6803324,0.0,-2.0,-67.0
1777891219.6903324,1.0,1.0,-67.0
1777891219.7003324,0.0,0.0,-68.0
1777891219.7103324,3.0,-3.0,-77.0
1777891219.7203324,3.0,-3.0,-77.0
1777891219.7303324,5.0,-1.0,-72.0
1777891219.7403324,7.0,-1.0,-72.0
1777891219.7503324,11.0,2.0,-70.0
1777891219.7603323,7.0,-2.0,-66.0
1777891219.7703323,7.0,0.0,-68.0
1777891219.7803323,9.0,2.0,-69.0
1777891219.7903323,8.0,3.0,-69.0
1777891219.8003323,9.0,5.0,-70.0
1777891219.8103323,5.0,4.0,-69.0
1777891219.8203323,0.0,5.0,-68.0
1777891219.8303325,2.0,6.0,-65.0
1777891219.8403325,4.0,1.0,-64.0
1777891219.8503325,7.0,0.0,-69.0
1777891219.8603325,7.0,4.0,-74.0
1777891219.8703325,4.0,4.0,-69.0
1777891219.8803325,1.0,1.0,-71.0
1777891219.8903325,-1.0,0.0,-68.0
1777891219.9003325,0.0,-1.0,-70.0
1777891219.9103324,-2.0,-1.0,-69.0
1777891219.9203324,-1.0,-1.0,-63.0
1777891219.9303324,-8.0,-1.0,-61.0
1777891219.9403324,-5.0,0.0,-59.0
1777891219.9503324,-5.0,3.0,-61.0
1777891219.9603324,-8.0,4.0,-64.0
1777891219.9703324,-7.0,6.0,-66.0
1777891219.9803324,-9.0,4.0,-72.0
1777891219.9903324,-10.0,5.0,-74.0
1777891220.0003324,-4.0,6.0,-74.0
1777891220.0103323,-2.0,4.0,-73.0
1777891220.0203323,5.0,5.0,-72.0
1777891220.0303323,8.0,3.0,-66.0
1777891220.0403323,2.0,0.0,-70.0
1777891220.0503323,1.0,-1.0,-68.0
1777891220.0603323,-5.0,-10.0,-64.0
1777891220.0703323,-6.0,-11.0,-71.0
1777891220.0803325,-5.0,-11.0,-68.0
1777891220.0903325,-4.0,-9.0,-74.0
1777891220.1003325,-2.0,-8.0,-73.0
1777891220.1103325,-1.0,-7.0,-72.0
1777891220.1203325,0.0,-7.0,-68.0
1777891220.1303325,0.0,-3.0,-65.0
1777891220.1403325,0.0,0.0,-70.0
1777891220.1503325,-1.0,0.0,-72.0
1777891220.1603324,4.0,0.0,-74.0
1777891220.1703324,4.0,0.0,-71.0
1777891220.1803324,1.0,-5.0,-67.0
1777891220.1903324,9.0,0.0,-60.0
1777891220.2003324,5.0,3.0,-65.0
1777891220.2103324,8.0,3.0,-74.0
1777891220.2203324,8.0,3.0,-78.0
1777891220.2303324,5.0,1.0,-85.0
1777891220.2403324,3.0,2.0,-82.0
1777891220.2503324,3.0,1.0,-76.0
1777891220.2603323,4.0,5.0,-73.0
1777891220.2703323,0.0,4.0,-75.0
1777891220.2803323,0.0,0.0,-76.0
1777891220.2903323,-1.0,0.0,-80.0
1777891220.3003323,-1.0,-4.0,-76.0
1777891220.3103323,-2.0,-5.0,-71.0
1777891220.3203323,0.0,-1.0,-65.0
1777891220.3303325,2.0,0.0,-65.0
1777891220.3403325,1.0,1.0,-70.0
1777891220.3503325,5.0,0.0,-76.0
1777891220.3603325,2.0,-1.0,-80.0
1777891220.3703325,0.0,-3.0,-79.0
1777891220.3803325,0.0,-1.0,-80.0
1777891220.3903325,0.0,0.0,-76.0
1777891220.4003325,0.0,3.0,-71.0
1777891220.4103324,2.0,0.0,-78.0
1777891220.4203324,4.0,2.0,-85.0
1777891220.4303324,7.0,0.0,-77.0
1777891220.4403324,1.0,-1.0,-76.0
1777891220.4503324,-1.0,-3.0,-73.0
1777891220.4603324,0.0,-5.0,-72.0
1777891220.4703324,-1.0,-1.0,-68.0
1777891220.4803324,0.0,0.0,-76.0
1777891220.4903324,1.0,-1.0,-81.0
1777891220.5003324,4.0,-1.0,-83.0
1777891220.5103323,5.0,-5.0,-83.0
1777891220.5203323,0.0,-5.0,-79.0
1777891220.5303323,1.0,-6.0,-72.0
1777891220.5403323,-4.0,-7.0,-74.0
1777891220.5503323,-3.0,-4.0,-67.0
1777891220.5603323,0.0,-4.0,-65.0
1777891220.5703323,3.0,-2.0,-72.0
1777891220.5803325,3.0,0.0,-72.0
1777891220.5903325,1.0,0.0,-75.0
1777891220.6003325,-2.0,1.0,-72.0
1777891220.6103325,0.0,0.0,-68.0
1777891220.6213324,0.0,-2.0,-70.0
1777891220.6303325,0.0,-4.0,-71.0
1777891220.6403325,-1.0,-6.0,-74.0
1777891220.6503325,-1.0,-5.0,-78.0
1777891220.6603324,-2.0,-2.0,-80.0
1777891220.6703324,0.0,-3.0,-76.0
1777891220.6803324,0.0,-3.0,-69.0
1777891220.6903324,0.0,-7.0,-69.0
1777891220.7003324,-2.0,-7.0,-65.0
1777891220.7103324,-3.0,-7.0,-65.0
1777891220.7203324,0.0,-6.0,-71.0
1777891220.7303324,3.0,-4.0,-80.0
1777891220.7403324,3.0,-2.0,-80.0
1777891220.7503324,0.0,-3.0,-74.0
1777891220.7603323,3.0,-2.0,-74.0
1777891220.7703323,1.0,-4.0,-77.0
1777891220.7803323,0.0,-5.0,-82.0
1777891220.7903323,2.0,-5.0,-86.0
1777891220.8003323,9.0,0.0,-76.0
1777891220.8103323,6.0,-2.0,-69.0
1777891220.8203323,3.0,-5.0,-75.0
1777891220.8303325,4.0,-7.0,-73.0
1777891220.8403325,1.0,-6.0,-80.0
1777891220.8503325,0.0,-3.0,-83.0
1777891220.8603325,-2.0,-3.0,-84.0
1777891220.8703325,-1.0,-1.0,-81.0
1777891220.8803325,-2.0,-1.0,-80.0
1777891220.8903325,0.0,0.0,-85.0
1777891220.9003325,2.0,-3.0,-88.0
1777891220.9103324,1.0,-2.0,-80.0
1777891220.9203324,3.0,-1.0,-84.0
1777891220.9303324,0.0,0.0,-81.0
1777891220.9403324,6.0,-1.0,-86.0
1777891220.9503324,2.0,-6.0,-85.0
1777891220.9603324,1.0,-1.0,-84.0
1777891220.9703324,4.0,-1.0,-78.0
1777891220.9803324,5.0,-4.0,-77.0
1777891220.9903324,4.0,-1.0,-78.0
1777891221.0003324,5.0,2.0,-68.0
1777891221.0103323,7.0,0.0,-68.0
1777891221.0203323,12.0,1.0,-69.0
1777891221.0303323,9.0,0.0,-68.0
1777891221.0403323,10.0,0.0,-62.0
1777891221.0503323,7.0,-1.0,-64.0
1777891221.0603323,7.0,4.0,-71.0
1777891221.0703323,9.0,2.0,-73.0
1777891221.0803325,7.0,3.0,-71.0
1777891221.0903325,8.0,0.0,-79.0
1777891221.1003325,8.0,7.0,-75.0
1777891221.1103325,3.0,8.0,-75.0
1777891221.1203325,3.0,6.0,-75.0
1777891221.1303325,4.0,7.0,-74.0
1777891221.1403325,4.0,5.0,-73.0
1777891221.1503325,0.0,7.0,-78.0
1777891221.1603324,-1.0,4.0,-80.0
1777891221.1703324,-1.0,3.0,-80.0
1777891221.1803324,-1.0,2.0,-82.0
1777891221.1903324,1.0,5.0,-74.0
1777891221.2003324,-2.0,3.0,-77.0
1777891221.2103324,0.0,2.0,-85.0
1777891221.2203324,3.0,-1.0,-86.0
1777891221.2303324,3.0,0.0,-79.0
1777891221.2413323,4.0,-1.0,-78.0
1777891221.2513323,0.0,0.0,-82.0
1777891221.2613325,-5.0,-1.0,-89.0
1777891221.2713325,-8.0,-3.0,-88.0
1777891221.2813325,-2.0,-3.0,-84.0
1777891221.2913325,-4.0,-3.0,-80.0
1777891221.3013325,-3.0,0.0,-80.0
1777891221.3113325,-3.0,3.0,-65.0
1777891221.3213325,-5.0,-1.0,-68.0
1777891221.3313324,-6.0,0.0,-75.0
1777891221.3413324,-3.0,-1.0,-76.0
1777891221.3513324,0.0,2.0,-78.0
1777891221.3613324,0.0,1.0,-76.0
1777891221.3713324,2.0,2.0,-77.0
1777891221.3813324,0.0,0.0,-78.0
1777891221.3913324,1.0,0.0,-77.0
1777891221.4013324,3.0,-2.0,-76.0
1777891221.4113324,6.0,-3.0,-76.0
1777891221.4213324,2.0,-2.0,-74.0
1777891221.4313323,4.0,-4.0,-72.0
1777891221.4413323,0.0,-5.0,-67.0
1777891221.4513323,-1.0,-4.0,-68.0
1777891221.4613323,0.0,-5.0,-74.0
1777891221.4713323,0.0,-7.0,-78.0
1777891221.4813323,-3.0,-6.0,-72.0
1777891221.4913323,-4.0,-6.0,-66.0
1777891221.5013323,0.0,-5.0,-72.0
1777891221.5113325,2.0,-2.0,-77.0
1777891221.5213325,6.0,-3.0,-73.0
1777891221.5313325,1.0,-3.0,-74.0
1777891221.5413325,-3.0,-3.0,-67.0
1777891221.5513325,-2.0,-6.0,-61.0
1777891221.5613325,0.0,-7.0,-63.0
1777891221.5713325,0.0,-6.0,-69.0
1777891221.5813324,3.0,-7.0,-65.0
1777891221.5913324,5.0,-5.0,-68.0
1777891221.6013324,5.0,-7.0,-71.0
1777891221.6113324,5.0,-3.0,-73.0
1777891221.6213324,1.0,-2.0,-74.0
1777891221.6313324,0.0,1.0,-79.0
1777891221.6413324,0.0,3.0,-73.0
1777891221.6513324,-1.0,2.0,-71.0
1777891221.6613324,-1.0,1.0,-67.0
1777891221.6713324,-2.0,0.0,-69.0
1777891221.6813323,0.0,0.0,-67.0
1777891221.6913323,0.0,-2.0,-63.0
1777891221.7013323,0.0,0.0,-62.0
1777891221.7113323,1.0,6.0,-65.0
1777891221.7213323,0.0,3.0,-67.0
1777891221.7313323,0.0,1.0,-70.0
1777891221.7413323,2.0,1.0,-63.0
1777891221.7513323,3.0,4.0,-62.0
1777891221.7613325,3.0,3.0,-61.0
1777891221.7713325,2.0,0.0,-65.0
1777891221.7813325,0.0,-1.0,-62.0
1777891221.7913325,-1.0,0.0,-66.0
1777891221.8013325,0.0,3.0,-68.0
1777891221.8113325,0.0,2.0,-66.0
1777891221.8213325,-3.0,2.0,-66.0
1777891221.8313324,-6.0,0.0,-64.0
1777891221.8413324,-3.0,-1.0,-68.0
1777891221.8513324,2.0,-4.0,-67.0
1777891221.8613324,1.0,-3.0,-66.0
1777891221.8713324,5.0,-4.0,-66.0
1777891221.8813324,5.0,-4.0,-63.0
1777891221.8913324,4.0,2.0,-71.0
1777891221.9013324,-1.0,4.0,-80.0
1777891221.9113324,-3.0,3.0,-78.0
1777891221.9213324,-2.0,1.0,-81.0
1777891221.9313323,-5.0,3.0,-78.0
1777891221.9413323,0.0,0.0,-78.0
1777891221.9513323,1.0,2.0,-78.0
1777891221.9613323,5.0,2.0,-73.0
1777891221.9713323,3.0,3.0,-75.0
1777891221.9813323,3.0,5.0,-71.0
1777891221.9913323,2.0,2.0,-66.0
1777891222.0013323,3.0,1.0,-69.0
1777891222.0113325,3.0,3.0,-71.0
1777891222.0213325,4.0,1.0,-67.0
1777891222.0313325,0.0,1.0,-67.0
1777891222.0413325,4.0,2.0,-70.0
1777891222.0513325,4.0,2.0,-70.0
1777891222.0613325,4.0,1.0,-67.0
1777891222.0713325,8.0,0.0,-66.0
1777891222.0813324,6.0,1.0,-62.0
1777891222.0913324,3.0,0.0,-70.0
1777891222.1013324,4.0,0.0,-71.0
1777891222.1113324,0.0,-2.0,-72.0
1777891222.1213324,2.0,-3.0,-78.0
1777891222.1313324,-2.0,1.0,-78.0
1777891222.1413324,-1.0,1.0,-78.0
1777891222.1513324,-1.0,1.0,-66.0
1777891222.1613324,-5.0,0.0,-69.0
1777891222.1713324,-7.0,0.0,-69.0
1777891222.1813323,-2.0,-1.0,-62.0
1777891222.1913323,-1.0,-2.0,-69.0
1777891222.2013323,-4.0,-3.0,-71.0
1777891222.2113323,-4.0,-3.0,-67.0
1777891222.2213323,-2.0,0.0,-70.0
1777891222.2313323,-3.0,0.0,-67.0
1777891222.2413323,-2.0,-3.0,-67.0
1777891222.2513323,-4.0,0.0,-68.0
1777891222.2613325,-3.0,0.0,-65.0
1777891222.2713325,-1.0,1.0,-62.0
1777891222.2813325,-1.0,2.0,-66.0
1777891222.2913325,0.0,1.0,-70.0
1777891222.3013325,-1.0,-1.0,-76.0
1777891222.3113325,1.0,-3.0,-75.0
1777891222.3213325,5.0,-4.0,-70.0
1777891222.3313324,5.0,-4.0,-65.0
1777891222.3413324,5.0,-5.0,-67.0
1777891222.3513324,5.0,-4.0,-63.0
1777891222.3613324,6.0,0.0,-69.0
1777891222.3713324,4.0,-2.0,-67.0
1777891222.3813324,0.0,-6.0,-67.0
1777891222.3913324,4.0,-5.0,-66.0
1777891222.4013324,4.0,-5.0,-66.0
1777891222.4113324,4.0,-3.0,-68.0
1777891222.4213324,2.0,-2.0,-67.0
1777891222.4313323,5.0,2.0,-70.0
1777891222.4413323,7.0,6.0,-64.0
1777891222.4513323,7.0,1.0,-64.0
1777891222.4613323,9.0,-3.0,-64.0
1777891222.4713323,7.0,-1.0,-71.0
1777891222.4813323,6.0,3.0,-76.0
1777891222.4913323,6.0,6.0,-80.0
1777891222.5013323,7.0,8.0,-83.0
1777891222.5113325,6.0,3.0,-80.0
1777891222.5213325,8.0,-3.0,-82.0
1777891222.5313325,4.0,-3.0,-77.0
1777891222.5413325,4.0,-4.0,-82.0
1777891222.5513325,4.0,-2.0,-85.0
1777891222.5613325,3.0,-1.0,-79.0
1777891222.5713325,5.0,3.0,-75.0
1777891222.5813324,7.0,0.0,-73.0
1777891222.5913324,8.0,0.0,-64.0
1777891222.6013324,11.0,4.0,-64.0
1777891222.6113324,15.0,7.0,-68.0
1777891222.6213324,7.0,4.0,-69.0
1777891222.6313324,8.0,6.0,-71.0
1777891222.6413324,4.0,7.0,-72.0
1777891222.6513324,4.0,3.0,-70.0
1777891222.6613324,2.0,4.0,-69.0
1777891222.6713324,4.0,3.0,-73.0
1777891222.6813323,2.0,3.0,-73.0
1777891222.6913323,1.0,6.0,-74.0
1777891222.7013323,1.0,6.0,-73.0
1777891222.7113323,2.0,2.0,-78.0
1777891222.7213323,1.0,2.0,-80.0
1777891222.7313323,-1.0,-1.0,-73.0
1777891222.7413323,-6.0,-1.0,-66.0
1777891222.7513323,-1.0,-3.0,-65.0
1777891222.7613325,0.0,-4.0,-72.0
1777891222.7713325,4.0,-3.0,-68.0
1777891222.7813325,4.0,-3.0,-65.0
1777891222.7913325,4.0,0.0,-68.0
1777891222.8013325,2.0,2.0,-69.0
1777891222.8113325,2.0,5.0,-75.0
1777891222.8213325,0.0,2.0,-80.0
1777891222.8313324,0.0,-3.0,-72.0
1777891222.8413324,1.0,-2.0,-74.0
1777891222.8513324,-3.0,-3.0,-73.0
1777891222.8613324,-2.0,-4.0,-73.0
1777891222.8713324,-2.0,-1.0,-74.0
1777891222.8813324,-2.0,0.0,-68.0
1777891222.8913324,0.0,0.0,-62.0
1777891222.9013324,0.0,-4.0,-64.0
1777891222.9113324,1.0,-5.0,-63.0
1777891222.9213324,3.0,-6.0,-65.0
1777891222.9313323,3.0,-3.0,-64.0
1777891222.9413323,5.0,-2.0,-70.0
1777891222.9513323,10.0,-1.0,-71.0
1777891222.9613323,3.0,-3.0,-71.0
1777891222.9713323,-1.0,0.0,-73.0
1777891222.9813323,-3.0,1.0,-70.0
1777891222.9913323,1.0,2.0,-76.0
1777891223.0013323,2.0,1.0,-77.0
1777891223.0113325,5.0,-1.0,-78.0
1777891223.0213325,5.0,0.0,-79.0
1777891223.0313325,2.0,0.0,-77.0
1777891223.0413325,-4.0,1.0,-78.0
1777891223.0513325,-7.0,-1.0,-78.0
1777891223.0613325,-6.0,0.0,-73.0
1777891223.0713325,-4.0,-2.0,-68.0
1777891223.0813324,0.0,-7.0,-62.0
1777891223.0913324,0.0,-5.0,-60.0
1777891223.1013324,0.0,-2.0,-59.0
1777891223.1113324,5.0,-1.0,-64.0
1777891223.1213324,3.0,0.0,-67.0
1777891223.1313324,-4.0,2.0,-74.0
1777891223.1413324,-8.0,2.0,-77.0
1777891223.1513324,-4.0,1.0,-75.0
1777891223.1613324,-5.0,3.0,-75.0
1777891223.1713324,-2.0,2.0,-72.0
1777891223.1813323,-3.0,5.0,-68.0
1777891223.1913323,-2.0,6.0,-70.0
1777891223.2013323,0.0,4.0,-68.0
1777891223.2123325,2.0,2.0,-72.0
1777891223.2223325,5.0,1.0,-73.0
1777891223.2323325,2.0,1.0,-79.0
1777891223.2423325,0.0,-2.0,-81.0
1777891223.2523324,0.0,0.0,-88.0
1777891223.2623324,0.0,0.0,-94.0
1777891223.2723324,-4.0,0.0,-91.0
1777891223.2823324,0.0,-1.0,-88.0
1777891223.2923324,2.0,-1.0,-80.0
1777891223.3023324,4.0,0.0,-73.0
1777891223.3123324,2.0,0.0,-71.0
1777891223.3223324,5.0,0.0,-72.0
1777891223.3323324,5.0,0.0,-70.0
1777891223.3423324,2.0,-2.0,-73.0
1777891223.3523324,1.0,-3.0,-77.0
1777891223.3623323,0.0,-1.0,-74.0
1777891223.3723323,0.0,0.0,-74.0
1777891223.3823323,4.0,-2.0,-70.0
1777891223.3923323,9.0,0.0,-68.0
1777891223.4023323,10.0,4.0,-73.0
1777891223.4123323,8.0,8.0,-69.0
1777891223.4223323,8.0,10.0,-66.0
1777891223.4323325,6.0,10.0,-62.0
1777891223.4423325,1.0,10.0,-67.0
1777891223.4523325,-2.0,13.0,-66.0
1777891223.4623325,-8.0,14.0,-64.0
1777891223.4723325,-4.0,7.0,-64.0
1777891223.4823325,-2.0,8.0,-66.0
1777891223.4923325,7.0,7.0,-65.0
1777891223.5023324,6.0,4.0,-67.0
1777891223.5123324,2.0,5.0,-72.0
1777891223.5223324,3.0,4.0,-77.0
1777891223.5323324,2.0,3.0,-69.0
1777891223.5423324,0.0,-1.0,-69.0
1777891223.5523324,0.0,1.0,-70.0
1777891223.5623324,4.0,-1.0,-69.0
1777891223.5723324,5.0,2.0,-71.0
1777891223.5823324,5.0,0.0,-81.0
1777891223.5923324,2.0,0.0,-79.0
1777891223.6023324,3.0,4.0,-77.0
1777891223.6123323,1.0,3.0,-79.0
1777891223.6223323,0.0,1.0,-73.0
1777891223.6323323,1.0,-1.0,-74.0
1777891223.6423323,3.0,1.0,-75.0
1777891223.6523323,-3.0,2.0,-75.0
1777891223.6623323,-6.0,1.0,-68.0
1777891223.6733325,-10.0,2.0,-68.0
1777891223.6823325,-11.0,3.0,-67.0
1777891223.6923325,-5.0,5.0,-67.0
1777891223.7023325,-1.0,-1.0,-66.0
1777891223.7123325,-4.0,-4.0,-63.0
1777891223.7223325,-3.0,-4.0,-64.0
1777891223.7323325,0.0,-4.0,-67.0
1777891223.7423325,1.0,-7.0,-61.0
1777891223.7523324,1.0,-8.0,-53.0
1777891223.7623324,6.0,-5.0,-56.0
1777891223.7723324,12.0,-2.0,-63.0
1777891223.7823324,11.0,-4.0,-65.0
1777891223.7923324,3.0,-5.0,-64.0
1777891223.8023324,4.0,-5.0,-65.0
1777891223.8123324,2.0,-5.0,-68.0
1777891223.8223324,1.0,-6.0,-67.0
1777891223.8323324,0.0,-2.0,-71.0
1777891223.8423324,0.0,0.0,-77.0
1777891223.8523324,2.0,0.0,-74.0
1777891223.8623323,6.0,-2.0,-81.0
1777891223.8723323,6.0,0.0,-80.0
1777891223.8823323,2.0,0.0,-81.0
1777891223.8923323,8.0,0.0,-78.0
1777891223.9023323,6.0,0.0,-75.0
1777891223.9123323,7.0,0.0,-78.0
1777891223.9223323,2.0,-1.0,-78.0
1777891223.9323325,3.0,0.0,-76.0
1777891223.9423325,1.0,3.0,-74.0
1777891223.9523325,0.0,5.0,-66.0
1777891223.9623325,0.0,6.0,-66.0
1777891223.9723325,1.0,6.0,-62.0
1777891223.9823325,3.0,9.0,-59.0
1777891223.9923325,0.0,4.0,-52.0
1777891224.0023324,3.0,0.0,-53.0
1777891224.0123324,5.0,0.0,-62.0
1777891224.0223324,4.0,0.0,-58.0
1777891224.0323324,5.0,1.0,-56.0
1777891224.0423324,4.0,3.0,-53.0
1777891224.0523324,3.0,3.0,-53.0
1777891224.0623324,2.0,4.0,-59.0
1777891224.0723324,3.0,5.0,-55.0
1777891224.0823324,8.0,3.0,-56.0
1777891224.0923324,9.0,1.0,-64.0
1777891224.1023324,8.0,0.0,-75.0
1777891224.1123323,10.0,2.0,-73.0
1777891224.1223323,7.0,0.0,-65.0
1777891224.1323323,3.0,2.0,-66.0
1777891224.1423323,2.0,-1.0,-69.0
1777891224.1523323,0.0,2.0,-74.0
1777891224.1623323,2.0,4.0,-72.0
1777891224.1723323,5.0,5.0,-71.0
1777891224.1823325,2.0,3.0,-65.0
1777891224.1923325,4.0,0.0,-62.0
1777891224.2023325,0.0,2.0,-67.0
1777891224.2123325,-2.0,-1.0,-69.0
1777891224.2223325,-1.0,-2.0,-66.0
1777891224.2323325,-4.0,3.0,-60.0
1777891224.2423325,-5.0,0.0,-62.0
1777891224.2523324,-4.0,-2.0,-61.0
1777891224.2623324,-3.0,-5.0,-66.0
1777891224.2723324,-1.0,-6.0,-74.0
1777891224.2823324,-1.0,-8.0,-74.0
1777891224.2923324,-3.0,-4.0,-76.0
1777891224.3023324,-2.0,-4.0,-73.0
1777891224.3123324,-1.0,-1.0,-75.0
1777891224.3223324,0.0,-2.0,-76.0
1777891224.3323324,0.0,-1.0,-82.0
1777891224.3423324,3.0,0.0,-74.0
1777891224.3523324,2.0,1.0,-63.0
1777891224.3623323,4.0,3.0,-63.0
1777891224.3723323,0.0,1.0,-68.0
1777891224.3823323,2.0,2.0,-76.0
1777891224.3923323,-2.0,-1.0,-67.0
1777891224.4023323,-4.0,-1.0,-67.0
1777891224.4123323,-1.0,-1.0,-63.0
1777891224.4223323,1.0,-3.0,-60.0
1777891224.4323325,0.0,-1.0,-65.0
1777891224.4423325,-1.0,-2.0,-70.0
1777891224.4523325,0.0,-2.0,-75.0
1777891224.4623325,-1.0,-4.0,-73.0
1777891224.4723325,-2.0,-4.0,-71.0
1777891224.4823325,0.0,-4.0,-67.0
1777891224.4923325,0.0,-3.0,-70.0
1777891224.5023324,-1.0,-5.0,-77.0
1777891224.5123324,0.0,-1.0,-77.0
1777891224.5223324,-1.0,1.0,-83.0
1777891224.5323324,1.0,0.0,-83.0
1777891224.5423324,-3.0,2.0,-81.0
1777891224.5523324,0.0,1.0,-85.0
1777891224.5623324,-1.0,1.0,-81.0
1777891224.5723324,-4.0,0.0,-73.0
1777891224.5823324,-7.0,0.0,-72.0
1777891224.5923324,-5.0,-1.0,-73.0
1777891224.6023324,-7.0,3.0,-64.0
1777891224.6123323,-8.0,2.0,-61.0
1777891224.6223323,-9.0,2.0,-62.0
1777891224.6323323,-6.0,0.0,-59.0
1777891224.6423323,-3.0,1.0,-62.0
1777891224.6523323,-1.0,0.0,-67.0
1777891224.6623323,3.0,0.0,-75.0
1777891224.6723323,0.0,0.0,-79.0
1777891224.6823325,-1.0,0.0,-76.0
1777891224.6923325,-1.0,0.0,-75.0
1777891224.7023325,-4.0,0.0,-69.0
1777891224.7123325,-2.0,4.0,-71.0
1777891224.7223325,-2.0,2.0,-68.0
1777891224.7323325,-1.0,0.0,-70.0
1777891224.7423325,-4.0,-2.0,-76.0
1777891224.7523324,-1.0,-3.0,-66.0
1777891224.7623324,3.0,0.0,-63.0
1777891224.7723324,2.0,2.0,-64.0
1777891224.7823324,-1.0,1.0,-69.0
1777891224.7923324,3.0,0.0,-62.0
1777891224.8023324,3.0,0.0,-61.0
1777891224.8123324,-2.0,1.0,-66.0
1777891224.8223324,-4.0,0.0,-71.0
1777891224.8323324,-1.0,-1.0,-74.0
1777891224.8423324,0.0,-3.0,-70.0
1777891224.8523324,2.0,0.0,-67.0
1777891224.8623323,3.0,0.0,-66.0
1777891224.8723323,2.0,-1.0,-70.0
1777891224.8823323,1.0,-1.0,-70.0
1777891224.8923323,3.0,-4.0,-68.0
1777891224.9023323,6.0,-3.0,-76.0
1777891224.9123323,6.0,-2.0,-74.0
1777891224.9223323,6.0,0.0,-77.0
1777891224.9323325,5.0,5.0,-76.0
1777891224.9423325,5.0,4.0,-73.0
1777891224.9523325,6.0,-2.0,-69.0
1777891224.9623325,5.0,-1.0,-75.0
1777891224.9723325,5.0,-3.0,-78.0
1777891224.9823325,4.0,-6.0,-74.0
1777891224.9923325,5.0,-7.0,-68.0
1777891225.0023324,9.0,-10.0,-70.0
1777891225.0123324,8.0,-8.0,-65.0
1777891225.0223324,7.0,-4.0,-67.0
1777891225.0323324,6.0,-4.0,-69.0
1777891225.0423324,4.0,-4.0,-68.0
1777891225.0523324,4.0,-9.0,-70.0
1777891225.0623324,0.0,-5.0,-71.0
1777891225.0723324,-1.0,-5.0,-66.0
1777891225.0823324,1.0,-6.0,-67.0
1777891225.0923324,0.0,-5.0,-66.0
1777891225.1023324,-2.0,-2.0,-69.0
1777891225.1123323,-2.0,0.0,-71.0
1777891225.1223323,-5.0,0.0,-72.0
1777891225.1323323,-4.0,2.0,-75.0
1777891225.1423323,-6.0,3.0,-75.0
1777891225.1523323,-9.0,5.0,-77.0
1777891225.1623323,-4.0,1.0,-82.0
1777891225.1723323,-6.0,0.0,-70.0
1777891225.1823325,-8.0,-2.0,-63.0
1777891225.1933324,-7.0,-2.0,-68.0
1777891225.2023325,-4.0,-1.0,-65.0
1777891225.2133324,-4.0,0.0,-65.0
1777891225.2233324,-5.0,1.0,-70.0
1777891225.2333324,-6.0,0.0,-67.0
1777891225.2433324,-5.0,-2.0,-68.0
1777891225.2533324,-2.0,0.0,-71.0
1777891225.2633324,-2.0,-1.0,-73.0
1777891225.2733324,-3.0,-1.0,-66.0
1777891225.2833323,-3.0,0.0,-68.0
1777891225.2933323,-1.0,0.0,-68.0
1777891225.3033323,0.0,5.0,-64.0
1777891225.3133323,-1.0,5.0,-58.0
1777891225.3233323,0.0,6.0,-52.0
1777891225.3333323,2.0,3.0,-55.0
1777891225.3433323,1.0,3.0,-65.0
1777891225.3533323,-2.0,0.0,-74.0
1777891225.3633325,-5.0,-2.0,-75.0
1777891225.3733325,-6.0,-4.0,-68.0
1777891225.3833325,-2.0,-1.0,-74.0
1777891225.3933325,-2.0,1.0,-72.0
1777891225.4033325,-1.0,0.0,-66.0
1777891225.4133325,-2.0,-2.0,-65.0
1777891225.4233325,-6.0,-2.0,-57.0
1777891225.4333324,-2.0,-1.0,-60.0
1777891225.4433324,-7.0,3.0,-58.0
1777891225.4533324,-8.0,1.0,-63.0
1777891225.4633324,-2.0,2.0,-67.0
1777891225.4733324,-1.0,-3.0,-74.0
1777891225.4833324,5.0,-2.0,-67.0
1777891225.4933324,6.0,-5.0,-65.0
1777891225.5033324,0.0,-1.0,-68.0
1777891225.5133324,-1.0,1.0,-69.0
1777891225.5233324,-1.0,2.0,-70.0
1777891225.5333323,0.0,0.0,-74.0
1777891225.5433323,6.0,0.0,-77.0
1777891225.5533323,6.0,0.0,-66.0
1777891225.5633323,2.0,0.0,-67.0
1777891225.5733323,0.0,0.0,-64.0
1777891225.5833323,-2.0,1.0,-56.0
1777891225.5933323,-5.0,0.0,-54.0
1777891225.6033323,-4.0,0.0,-60.0
1777891225.6133325,-4.0,1.0,-62.0
1777891225.6233325,3.0,4.0,-65.0
1777891225.6333325,6.0,6.0,-68.0
1777891225.6433325,10.0,3.0,-70.0
1777891225.6533325,5.0,-2.0,-67.0
1777891225.6633325,-1.0,-3.0,-66.0
1777891225.6733325,-1.0,0.0,-67.0
1777891225.6833324,0.0,-2.0,-61.0
1777891225.6933324,-3.0,2.0,-61.0
1777891225.7033324,-3.0,2.0,-59.0
1777891225.7133324,-2.0,0.0,-61.0
1777891225.7233324,-3.0,1.0,-61.0
1777891225.7333324,0.0,0.0,-62.0
1777891225.7433324,-4.0,-2.0,-71.0
1777891225.7533324,-2.0,0.0,-72.0
1777891225.7633324,-3.0,-1.0,-72.0
1777891225.7733324,-3.0,-3.0,-73.0
1777891225.7833323,-4.0,-1.0,-73.0
1777891225.7933323,-5.0,-5.0,-72.0
1777891225.8033323,-7.0,-2.0,-66.0
1777891225.8133323,-5.0,-4.0,-71.0
1777891225.8233323,-2.0,-5.0,-78.0
1777891225.8333323,2.0,-1.0,-77.0
1777891225.8433323,1.0,0.0,-71.0
1777891225.8533323,0.0,0.0,-73.0
1777891225.8633325,0.0,4.0,-69.0
1777891225.8733325,3.0,4.0,-72.0
1777891225.8833325,5.0,-2.0,-70.0
1777891225.8933325,3.0,-1.0,-69.0
1777891225.9033325,2.0,-3.0,-65.0
1777891225.9133325,5.0,-1.0,-67.0
1777891225.9233325,1.0,2.0,-62.0
1777891225.9333324,1.0,0.0,-70.0
1777891225.9433324,5.0,3.0,-69.0
1777891225.9533324,5.0,3.0,-75.0
1777891225.9633324,8.0,2.0,-74.0
1777891225.9733324,8.0,3.0,-76.0
1777891225.9833324,8.0,5.0,-74.0
1777891225.9933324,8.0,0.0,-73.0
1777891226.0033324,11.0,1.0,-70.0
1777891226.0133324,12.0,0.0,-73.0
1777891226.0233324,8.0,0.0,-79.0
1777891226.0333323,1.0,0.0,-82.0
1777891226.0433323,-2.0,1.0,-82.0
1777891226.0533323,-5.0,0.0,-71.0
1777891226.0633323,-8.0,0.0,-73.0
1777891226.0733323,-2.0,0.0,-70.0
1777891226.0833323,-2.0,0.0,-63.0
1777891226.0933323,-3.0,-3.0,-60.0
1777891226.1033323,-5.0,0.0,-64.0
1777891226.1133325,-7.0,1.0,-65.0
1777891226.1233325,-7.0,-1.0,-67.0
1777891226.1333325,-6.0,0.0,-75.0
1777891226.1433325,-6.0,0.0,-77.0
1777891226.1533325,-9.0,1.0,-76.0
1777891226.1633325,-12.0,0.0,-79.0
1777891226.1733325,-9.0,0.0,-76.0
1777891226.1833324,-6.0,1.0,-80.0
1777891226.1933324,-8.0,1.0,-73.0
1777891226.2033324,-7.0,1.0,-69.0
1777891226.2133324,-10.0,0.0,-70.0
1777891226.2233324,-10.0,-4.0,-66.0
1777891226.2333324,-5.0,-4.0,-65.0
1777891226.2433324,-5.0,-2.0,-61.0
1777891226.2533324,-4.0,-2.0,-58.0
1777891226.2633324,0.0,-2.0,-60.0
1777891226.2733324,-3.0,0.0,-62.0
1777891226.2833323,-2.0,-3.0,-61.0
1777891226.2933323,-3.0,-2.0,-67.0
1777891226.3033323,-1.0,2.0,-68.0
1777891226.3133323,-4.0,4.0,-64.0
1777891226.3233323,-3.0,4.0,-61.0
1777891226.3333323,-4.0,1.0,-68.0
1777891226.3433323,-8.0,-2.0,-70.0
1777891226.3533323,-9.0,0.0,-69.0
1777891226.3633325,-2.0,0.0,-68.0
1777891226.3733325,-3.0,0.0,-66.0
1777891226.3833325,-2.0,1.0,-73.0
1777891226.3933325,-2.0,-1.0,-78.0
1777891226.4033325,0.0,1.0,-70.0
1777891226.4133325,0.0,3.0,-73.0
1777891226.4233325,2.0,0.0,-71.0
1777891226.4333324,6.0,-1.0,-68.0
1777891226.4433324,-1.0,-2.0,-67.0
1777891226.4533324,0.0,3.0,-69.0
1777891226.4633324,-2.0,6.0,-71.0
1777891226.4733324,-3.0,7.0,-73.0
1777891226.4833324,-2.0,3.0,-77.0
1777891226.4933324,1.0,2.0,-77.0
1777891226.5033324,-1.0,4.0,-74.0
1777891226.5133324,0.0,3.0,-70.0
1777891226.5233324,-2.0,1.0,-72.0
1777891226.5333323,-4.0,2.0,-72.0
1777891226.5433323,0.0,6.0,-79.0
1777891226.5533323,2.0,4.0,-76.0
1777891226.5633323,0.0,4.0,-77.0
1777891226.5733323,-1.0,4.0,-75.0
1777891226.5833323,-2.0,5.0,-74.0
1777891226.5933323,-1.0,8.0,-81.0
1777891226.6033323,-1.0,8.0,-83.0
1777891226.6133325,0.0,8.0,-82.0
1777891226.6233325,3.0,7.0,-77.0
1777891226.6333325,1.0,5.0,-72.0
1777891226.6433325,1.0,2.0,-63.0
1777891226.6533325,2.0,3.0,-60.0
1777891226.6633325,3.0,0.0,-53.0
1777891226.6733325,0.0,-2.0,-62.0
1777891226.6833324,1.0,0.0,-62.0
1777891226.6933324,0.0,1.0,-68.0
1777891226.7033324,-3.0,2.0,-76.0
1777891226.7133324,1.0,0.0,-71.0
1777891226.7233324,-3.0,5.0,-71.0
1777891226.7333324,-3.0,7.0,-67.0
1777891226.7433324,-2.0,2.0,-67.0
1777891226.7533324,-8.0,2.0,-64.0
1777891226.7633324,-4.0,1.0,-65.0
1777891226.7733324,-2.0,0.0,-65.0
1777891226.7833323,-6.0,0.0,-70.0
1777891226.7933323,-2.0,1.0,-73.0
1777891226.8033323,4.0,2.0,-71.0
1777891226.8133323,0.0,0.0,-65.0
1777891226.8233323,2.0,2.0,-71.0
1777891226.8333323,6.0,0.0,-69.0
1777891226.8433323,0.0,-5.0,-68.0
1777891226.8533323,-2.0,-6.0,-70.0
1777891226.8633325,-5.0,-9.0,-70.0
1777891226.8733325,-1.0,-8.0,-70.0
1777891226.8833325,3.0,-5.0,-73.0
1777891226.8933325,5.0,0.0,-79.0
1777891226.9033325,1.0,1.0,-80.0
1777891226.9133325,-1.0,1.0,-73.0
1777891226.9233325,0.0,0.0,-73.0
1777891226.9333324,0.0,1.0,-76.0
1777891226.9433324,-4.0,0.0,-77.0
1777891226.9533324,0.0,-3.0,-77.0
1777891226.9633324,2.0,-4.0,-79.0
1777891226.9733324,5.0,-1.0,-80.0
1777891226.9833324,0.0,-1.0,-81.0
1777891226.9933324,-1.0,0.0,-77.0
1777891227.0033324,1.0,0.0,-75.0
1777891227.0133324,1.0,-1.0,-69.0
1777891227.0233324,6.0,0.0,-70.0
1777891227.0333323,0.0,-1.0,-69.0
1777891227.0433323,0.0,-1.0,-74.0
1777891227.0533323,-4.0,-1.0,-75.0
1777891227.0633323,-6.0,0.0,-76.0
1777891227.0733323,-6.0,3.0,-73.0
1777891227.0833323,-6.0,2.0,-76.0
1777891227.0933323,-3.0,4.0,-74.0
1777891227.1033323,0.0,5.0,-69.0
1777891227.1133325,2.0,1.0,-73.0
1777891227.1233325,-2.0,1.0,-67.0
1777891227.1333325,-3.0,1.0,-65.0
1777891227.1433325,-2.0,-2.0,-63.0
1777891227.1533325,0.0,-4.0,-65.0
1777891227.1633325,-2.0,0.0,-64.0
1777891227.1733325,0.0,0.0,-65.0
1777891227.1833324,3.0,2.0,-63.0
1777891227.1933324,0.0,0.0,-65.0
1777891227.2043324,0.0,-2.0,-72.0
1777891227.2143323,1.0,0.0,-73.0
1777891227.2243323,0.0,-1.0,-75.0
1777891227.2343323,2.0,-1.0,-76.0
1777891227.2443323,-4.0,1.0,-76.0
1777891227.2543323,-4.0,0.0,-74.0
1777891227.2643323,-5.0,-1.0,-79.0
1777891227.2743323,-3.0,0.0,-71.0
1777891227.2843325,-2.0,1.0,-69.0
1777891227.2943325,0.0,5.0,-69.0
1777891227.3043325,-1.0,4.0,-67.0
1777891227.3143325,-2.0,5.0,-68.0
1777891227.3243325,-2.0,1.0,-69.0
1777891227.3343325,-4.0,3.0,-75.0
1777891227.3443325,-3.0,3.0,-72.0
1777891227.3543324,-1.0,5.0,-74.0
1777891227.3643324,-1.0,3.0,-75.0
1777891227.3743324,1.0,0.0,-73.0
1777891227.3843324,-5.0,-1.0,-71.0
1777891227.3943324,-6.0,-1.0,-68.0
1777891227.4043324,-10.0,0.0,-72.0
1777891227.4143324,-5.0,-4.0,-81.0
1777891227.4243324,-3.0,-5.0,-79.0
1777891227.4343324,0.0,-6.0,-81.0
1777891227.4443324,2.0,-3.0,-79.0
1777891227.4543324,1.0,-5.0,-77.0
1777891227.4643323,2.0,-4.0,-74.0
1777891227.4743323,0.0,-4.0,-73.0
1777891227.4843323,1.0,-4.0,-72.0
1777891227.4943323,-1.0,-2.0,-74.0
1777891227.5043323,0.0,-4.0,-75.0
1777891227.5143323,0.0,-6.0,-74.0
1777891227.5243323,1.0,-3.0,-72.0
1777891227.5343325,3.0,-2.0,-71.0
1777891227.5443325,1.0,0.0,-74.0
1777891227.5543325,0.0,0.0,-69.0
1777891227.5643325,5.0,-2.0,-69.0
1777891227.5743325,5.0,0.0,-78.0
1777891227.5843325,8.0,-1.0,-78.0
1777891227.5943325,4.0,-5.0,-78.0
1777891227.6043324,2.0,-6.0,-76.0
1777891227.6143324,1.0,-5.0,-82.0
1777891227.6243324,-1.0,-3.0,-90.0
1777891227.6343324,-1.0,-8.0,-88.0
1777891227.6443324,-4.0,-4.0,-84.0
1777891227.6543324,1.0,-8.0,-84.0
1777891227.6643324,3.0,-7.0,-81.0
1777891227.6743324,7.0,-9.0,-79.0
1777891227.6843324,7.0,-2.0,-81.0
1777891227.6943324,8.0,-1.0,-80.0
1777891227.7043324,8.0,0.0,-80.0
1777891227.7143323,9.0,-2.0,-87.0
1777891227.7243323,6.0,-2.0,-90.0
1777891227.7343323,6.0,1.0,-86.0
1777891227.7443323,0.0,1.0,-83.0
1777891227.7543323,-2.0,3.0,-88.0
1777891227.7643323,-5.0,3.0,-88.0
1777891227.7743323,-5.0,0.0,-91.0
1777891227.7843325,-5.0,-4.0,-86.0
1777891227.7943325,-4.0,-4.0,-88.0
1777891227.8043325,2.0,-5.0,-88.0
1777891227.8143325,0.0,1.0,-85.0
1777891227.8243325,0.0,5.0,-79.0
1777891227.8343325,-3.0,5.0,-70.0
1777891227.8443325,-3.0,3.0,-74.0
1777891227.8543324,-5.0,2.0,-78.0
1777891227.8643324,-4.0,0.0,-73.0
1777891227.8743324,-1.0,0.0,-63.0
1777891227.8843324,-1.0,0.0,-65.0
1777891227.8943324,4.0,0.0,-70.0
1777891227.9043324,3.0,0.0,-69.0
1777891227.9143324,4.0,5.0,-68.0
1777891227.9243324,0.0,3.0,-72.0
1777891227.9343324,1.0,5.0,-72.0
1777891227.9443324,2.0,4.0,-73.0
1777891227.9543324,1.0,2.0,-68.0
1777891227.9643323,-1.0,1.0,-68.0
1777891227.9743323,-3.0,1.0,-68.0
1777891227.9843323,-5.0,1.0,-62.0
1777891227.9943323,-7.0,-2.0,-58.0
1777891228.0043323,-5.0,-5.0,-58.0
1777891228.0143323,-4.0,-1.0,-58.0
1777891228.0243323,-4.0,0.0,-66.0
1777891228.0343325,-3.0,3.0,-71.0
1777891228.0443325,-6.0,-2.0,-72.0
1777891228.0543325,-6.0,-1.0,-73.0
1777891228.0643325,-1.0,-2.0,-72.0
1777891228.0743325,-1.0,1.0,-74.0
1777891228.0843325,0.0,0.0,-73.0
1777891228.0943325,3.0,-3.0,-70.0
1777891228.1043324,10.0,-7.0,-70.0
1777891228.1143324,13.0,-2.0,-74.0
1777891228.1243324,12.0,-1.0,-70.0
1777891228.1343324,9.0,-2.0,-71.0
1777891228.1443324,3.0,-3.0,-75.0
1777891228.1543324,4.0,-6.0,-74.0
1777891228.1643324,-5.0,0.0,-73.0
1777891228.1743324,-9.0,0.0,-73.0
1777891228.1843324,-10.0,0.0,-76.0
1777891228.1943324,-6.0,1.0,-81.0
1777891228.2043324,-2.0,-2.0,-77.0
1777891228.2143323,-2.0,2.0,-77.0
1777891228.2243323,0.0,-2.0,-68.0
1777891228.2343323,-2.0,-4.0,-69.0
1777891228.2443323,1.0,-2.0,-60.0
1777891228.2543323,0.0,-2.0,-62.0
1777891228.2643323,0.0,-3.0,-69.0
1777891228.2743323,-1.0,-2.0,-69.0
1777891228.2843325,0.0,-6.0,-67.0
1777891228.2943325,-1.0,-6.0,-63.0
1777891228.3043325,-5.0,-3.0,-70.0
1777891228.3143325,-5.0,-5.0,-75.0
1777891228.3243325,-9.0,-1.0,-78.0
1777891228.3343325,-8.0,0.0,-74.0
1777891228.3443325,-7.0,3.0,-70.0
1777891228.3543324,-4.0,1.0,-68.0
1777891228.3643324,-5.0,-2.0,-67.0
1777891228.3743324,-1.0,-6.0,-64.0
1777891228.3843324,-1.0,-7.0,-66.0
1777891228.3943324,2.0,-4.0,-60.0
1777891228.4043324,4.0,-6.0,-58.0
1777891228.4143324,7.0,-4.0,-58.0
1777891228.4243324,4.0,-3.0,-58.0
1777891228.4343324,4.0,-4.0,-58.0
1777891228.4443324,4.0,0.0,-61.0
1777891228.4543324,5.0,-1.0,-68.0
1777891228.4643323,3.0,0.0,-64.0
1777891228.4743323,4.0,2.0,-65.0
1777891228.4843323,0.0,0.0,-63.0
1777891228.4943323,0.0,-1.0,-64.0
1777891228.5043323,4.0,2.0,-63.0
1777891228.5143323,6.0,1.0,-71.0
1777891228.5243323,1.0,0.0,-74.0
1777891228.5343325,2.0,-2.0,-77.0
1777891228.5443325,4.0,-3.0,-71.0
1777891228.5543325,5.0,-1.0,-72.0
1777891228.5643325,1.0,2.0,-81.0
1777891228.5743325,5.0,6.0,-86.0
1777891228.5843325,4.0,5.0,-83.0
1777891228.5943325,4.0,1.0,-79.0
1777891228.6043324,1.0,-3.0,-79.0
1777891228.6143324,1.0,-2.0,-82.0
1777891228.6243324,-2.0,-1.0,-83.0
1777891228.6343324,-7.0,5.0,-82.0
1777891228.6443324,-4.0,3.0,-83.0
1777891228.6543324,0.0,2.0,-83.0
1777891228.6643324,2.0,6.0,-84.0
1777891228.6743324,-2.0,2.0,-76.0
1777891228.6843324,2.0,1.0,-78.0
1777891228.6943324,1.0,-2.0,-80.0
1777891228.7043324,1.0,-2.0,-77.0
1777891228.7143323,0.0,-2.0,-80.0
1777891228.7243323,0.0,0.0,-74.0
1777891228.7343323,-7.0,0.0,-67.0
1777891228.7443323,-4.0,0.0,-62.0
1777891228.7543323,-5.0,0.0,-65.0
1777891228.7643323,-1.0,2.0,-68.0
1777891228.7743323,-1.0,6.0,-76.0
1777891228.7843325,3.0,4.0,-74.0
1777891228.7943325,-1.0,1.0,-73.0
1777891228.8043325,-4.0,-1.0,-65.0
1777891228.8143325,2.0,-1.0,-68.0
1777891228.8243325,3.0,-4.0,-73.0
1777891228.8343325,3.0,-6.0,-70.0
1777891228.8443325,0.0,-5.0,-69.0
1777891228.8543324,2.0,-4.0,-75.0
1777891228.8643324,9.0,-5.0,-77.0
1777891228.8743324,3.0,-8.0,-75.0
1777891228.8843324,2.0,-6.0,-71.0
1777891228.8943324,3.0,-6.0,-70.0
1777891228.9043324,0.0,-4.0,-77.0
1777891228.9143324,0.0,-1.0,-80.0
1777891228.9243324,0.0,0.0,-76.0
1777891228.9343324,-2.0,-2.0,-71.0
1777891228.9443324,-3.0,-3.0,-71.0
1777891228.9543324,-4.0,-4.0,-74.0
1777891228.9643323,-2.0,0.0,-74.0
1777891228.9743323,-6.0,0.0,-64.0
1777891228.9843323,-6.0,-2.0,-66.0
1777891228.9943323,-2.0,-3.0,-64.0
1777891229.0043323,0.0,3.0,-67.0
1777891229.0143323,0.0,3.0,-72.0
1777891229.0243323,2.0,2.0,-65.0
1777891229.0343325,0.0,1.0,-71.0
1777891229.0453324,0.0,2.0,-72.0
1777891229.0543325,3.0,1.0,-70.0
1777891229.0643325,6.0,2.0,-71.0
1777891229.0743325,6.0,1.0,-75.0
1777891229.0843325,3.0,3.0,-75.0
1777891229.0943325,4.0,1.0,-77.0
1777891229.1043324,10.0,2.0,-68.0
1777891229.1143324,4.0,1.0,-69.0
1777891229.1243324,0.0,3.0,-73.0
1777891229.1343324,-4.0,3.0,-77.0
1777891229.1443324,-4.0,0.0,-76.0
1777891229.1543324,-5.0,-2.0,-75.0
1777891229.1643324,-5.0,-5.0,-70.0
1777891229.1743324,0.0,-4.0,-70.0
1777891229.1843324,1.0,-5.0,-73.0
1777891229.1943324,2.0,-7.0,-65.0
1777891229.2053325,6.0,-3.0,-70.0
1777891229.2153325,8.0,1.0,-75.0
1777891229.2243323,6.0,0.0,-70.0
1777891229.2353325,3.0,-3.0,-72.0
1777891229.2453325,5.0,-3.0,-75.0
1777891229.2553325,0.0,-10.0,-73.0
1777891229.2653325,-2.0,-8.0,-72.0
1777891229.2753325,0.0,-6.0,-72.0
1777891229.2853324,2.0,-3.0,-77.0
1777891229.2953324,0.0,-4.0,-77.0
1777891229.3053324,0.0,-5.0,-76.0
1777891229.3153324,0.0,-6.0,-77.0
1777891229.3253324,0.0,0.0,-73.0
1777891229.3353324,1.0,0.0,-77.0
1777891229.3453324,7.0,0.0,-78.0
1777891229.3553324,9.0,0.0,-78.0
1777891229.3653324,9.0,-2.0,-80.0
1777891229.3753324,10.0,0.0,-81.0
1777891229.3853323,7.0,2.0,-80.0
1777891229.3953323,5.0,5.0,-81.0
1777891229.4053323,6.0,2.0,-78.0
1777891229.4153323,2.0,3.0,-81.0
1777891229.4253323,4.0,3.0,-80.0
1777891229.4353323,4.0,6.0,-74.0
1777891229.4453323,0.0,6.0,-71.0
1777891229.4553325,-1.0,3.0,-76.0
1777891229.4653325,4.0,-2.0,-66.0
1777891229.4753325,7.0,0.0,-60.0
1777891229.4853325,7.0,-2.0,-58.0
1777891229.4953325,9.0,-1.0,-61.0
1777891229.5053325,7.0,5.0,-68.0
1777891229.5153325,0.0,7.0,-67.0
1777891229.5253325,-4.0,7.0,-66.0
1777891229.5353324,-5.0,12.0,-72.0
1777891229.5453324,-2.0,11.0,-74.0
1777891229.5553324,1.0,6.0,-69.0
1777891229.5653324,3.0,6.0,-66.0
1777891229.5753324,-2.0,3.0,-66.0
1777891229.5853324,-2.0,0.0,-57.0
1777891229.5953324,-1.0,0.0,-59.0
1777891229.6053324,0.0,1.0,-64.0
1777891229.6153324,5.0,0.0,-67.0
1777891229.6253324,12.0,1.0,-63.0
1777891229.6353323,11.0,1.0,-68.0
1777891229.6453323,8.0,1.0,-74.0
1777891229.6553323,7.0,0.0,-78.0
1777891229.6653323,6.0,1.0,-71.0
1777891229.6753323,4.0,0.0,-74.0
1777891229.6853323,5.0,0.0,-74.0
1777891229.6953323,0.0,-1.0,-73.0
1777891229.7053325,-3.0,-3.0,-74.0
1777891229.7153325,-5.0,-5.0,-71.0
1777891229.7253325,-6.0,-1.0,-69.0
1777891229.7353325,-4.0,-2.0,-73.0
1777891229.7453325,0.0,-3.0,-77.0
1777891229.7553325,3.0,-4.0,-73.0
1777891229.7653325,0.0,-5.0,-65.0
1777891229.7753325,-2.0,-5.0,-66.0
1777891229.7853324,2.0,-8.0,-65.0
1777891229.7953324,0.0,-7.0,-69.0
1777891229.8053324,-3.0,-5.0,-68.0
1777891229.8153324,-3.0,-7.0,-70.0
1777891229.8253324,-1.0,-12.0,-71.0
1777891229.8353324,1.0,-11.0,-72.0
1777891229.8453324,2.0,-4.0,-82.0
1777891229.8553324,5.0,-3.0,-82.0
1777891229.8653324,4.0,0.0,-80.0
1777891229.8753324,2.0,-2.0,-79.0
1777891229.8853323,1.0,-1.0,-69.0
1777891229.8953323,0.0,2.0,-72.0
1777891229.9053323,4.0,0.0,-70.0
1777891229.9153323,2.0,-1.0,-74.0
1777891229.9253323,1.0,-2.0,-78.0
1777891229.9353323,4.0,-2.0,-72.0
1777891229.9453323,4.0,-1.0,-72.0
1777891229.9553325,3.0,0.0,-75.0
1777891229.9653325,3.0,2.0,-75.0
1777891229.9753325,0.0,2.0,-75.0
1777891229.9853325,-2.0,-1.0,-76.0
1777891229.9953325,-4.0,-2.0,-78.0
1777891230.0053325,-1.0,0.0,-78.0
1777891230.0153325,0.0,-2.0,-77.0
1777891230.0253325,-4.0,-2.0,-75.0
1777891230.0353324,-5.0,-6.0,-78.0
1777891230.0453324,-3.0,-5.0,-76.0
1777891230.0553324,-3.0,-8.0,-75.0
1777891230.0653324,-5.0,-4.0,-76.0
1777891230.0753324,-5.0,-8.0,-73.0
1777891230.0853324,-6.0,-6.0,-72.0
1777891230.0953324,-7.0,-6.0,-69.0
1777891230.1053324,-11.0,-5.0,-65.0
1777891230.1153324,-5.0,-3.0,-66.0
1777891230.1253324,-6.0,-4.0,-70.0
1777891230.1353323,-8.0,0.0,-78.0
1777891230.1453323,0.0,0.0,-82.0
1777891230.1553323,3.0,-3.0,-71.0
1777891230.1653323,0.0,-2.0,-70.0
1777891230.1753323,-4.0,0.0,-77.0
1777891230.1853323,-6.0,3.0,-77.0
1777891230.1953323,-4.0,5.0,-72.0
1777891230.2053325,0.0,4.0,-71.0
1777891230.2153325,6.0,5.0,-72.0
1777891230.2253325,4.0,3.0,-67.0
1777891230.2353325,2.0,4.0,-67.0
1777891230.2453325,2.0,-1.0,-66.0
1777891230.2553325,2.0,-3.0,-65.0
1777891230.2653325,-1.0,-2.0,-72.0
1777891230.2753325,-3.0,0.0,-74.0
1777891230.2853324,-7.0,-1.0,-77.0
1777891230.2953324,-3.0,0.0,-72.0
1777891230.3053324,-4.0,0.0,-65.0
1777891230.3153324,0.0,-1.0,-63.0
1777891230.3253324,1.0,-4.0,-62.0
1777891230.3353324,0.0,-1.0,-56.0
1777891230.3453324,2.0,-3.0,-63.0
1777891230.3553324,2.0,-5.0,-68.0
1777891230.3653324,3.0,-6.0,-67.0
1777891230.3753324,2.0,-4.0,-69.0
1777891230.3853323,5.0,-5.0,-72.0
1777891230.3953323,2.0,-2.0,-65.0
1777891230.4053323,-2.0,-1.0,-69.0
1777891230.4153323,-2.0,-6.0,-67.0
1777891230.4253323,-5.0,-2.0,-65.0
1777891230.4353323,-4.0,-3.0,-67.0
1777891230.4453323,-3.0,-1.0,-72.0
1777891230.4553325,-4.0,-2.0,-79.0
1777891230.4653325,-4.0,1.0,-76.0
1777891230.4753325,-7.0,1.0,-70.0
1777891230.4853325,-3.0,0.0,-70.0
1777891230.4953325,-3.0,2.0,-66.0
1777891230.5053325,-2.0,3.0,-71.0
1777891230.5153325,-3.0,3.0,-72.0
1777891230.5253325,-2.0,-4.0,-78.0
1777891230.5353324,1.0,-6.0,-75.0
1777891230.5453324,4.0,-5.0,-74.0
1777891230.5553324,2.0,-6.0,-73.0
1777891230.5653324,0.0,-6.0,-75.0
1777891230.5753324,-2.0,-4.0,-73.0
1777891230.5853324,-1.0,-3.0,-75.0
1777891230.5953324,-3.0,-3.0,-75.0
1777891230.6053324,-5.0,0.0,-75.0
1777891230.6153324,-3.0,0.0,-76.0
1777891230.6253324,0.0,0.0,-74.0
1777891230.6353323,1.0,0.0,-70.0
1777891230.6453323,2.0,0.0,-66.0
1777891230.6553323,2.0,-2.0,-70.0
1777891230.6653323,3.0,-4.0,-69.0
1777891230.6753323,-3.0,-2.0,-71.0
1777891230.6853323,-1.0,0.0,-76.0
1777891230.6953323,-1.0,-1.0,-81.0
1777891230.7053325,-1.0,0.0,-78.0
1777891230.7153325,0.0,4.0,-79.0
1777891230.7253325,3.0,5.0,-76.0
1777891230.7353325,3.0,2.0,-80.0
1777891230.7453325,-1.0,2.0,-82.0
1777891230.7553325,-1.0,4.0,-77.0
1777891230.7653325,-2.0,2.0,-78.0
1777891230.7753325,-4.0,6.0,-73.0
1777891230.7853324,-7.0,4.0,-78.0
1777891230.7953324,-3.0,2.0,-71.0
1777891230.8053324,-1.0,6.0,-73.0
1777891230.8153324,0.0,2.0,-70.0
1777891230.8253324,2.0,4.0,-76.0
1777891230.8353324,4.0,-2.0,-72.0
1777891230.8453324,7.0,-4.0,-69.0
1777891230.8553324,2.0,-4.0,-68.0
1777891230.8653324,-1.0,-3.0,-72.0
1777891230.8753324,2.0,0.0,-76.0
1777891230.8853323,3.0,0.0,-77.0
1777891230.8953323,1.0,0.0,-80.0
1777891230.9053323,3.0,-1.0,-74.0
1777891230.9153323,4.0,-2.0,-75.0
1777891230.9253323,2.0,-3.0,-68.0
1777891230.9353323,0.0,-1.0,-61.0
1777891230.9453323,5.0,0.0,-64.0
1777891230.9553325,0.0,1.0,-69.0
1777891230.9653325,-3.0,0.0,-68.0
1777891230.9753325,-1.0,0.0,-74.0
1777891230.9853325,0.0,-4.0,-79.0
1777891230.9953325,0.0,-3.0,-76.0
1777891231.0053325,0.0,-4.0,-73.0
1777891231.0153325,-1.0,-5.0,-70.0
1777891231.0253325,1.0,-9.0,-66.0
1777891231.0353324,2.0,-6.0,-68.0
1777891231.0453324,1.0,-7.0,-72.0
1777891231.0553324,-3.0,-4.0,-70.0
1777891231.0653324,-4.0,-4.0,-70.0
1777891231.0753324,-3.0,-3.0,-71.0
1777891231.0853324,0.0,0.0,-78.0
1777891231.0953324,1.0,0.0,-75.0
1777891231.1053324,1.0,0.0,-74.0
1777891231.1153324,4.0,-4.0,-74.0
1777891231.1253324,3.0,-2.0,-74.0
1777891231.1353323,5.0,1.0,-74.0
1777891231.1453323,7.0,3.0,-69.0
1777891231.1563325,5.0,3.0,-73.0
1777891231.1663325,5.0,1.0,-71.0
1777891231.1753323,2.0,-2.0,-72.0
1777891231.1863325,-1.0,-1.0,-79.0
1777891231.1963325,-3.0,-4.0,-79.0
1777891231.2063324,-2.0,-4.0,-74.0
1777891231.2163324,-5.0,-8.0,-71.0
1777891231.2263324,0.0,-6.0,-74.0
1777891231.2363324,1.0,-6.0,-75.0
1777891231.2463324,1.0,-2.0,-72.0
1777891231.2563324,-1.0,-1.0,-72.0
1777891231.2663324,-4.0,0.0,-82.0
1777891231.2763324,-6.0,0.0,-81.0
1777891231.2863324,-8.0,2.0,-86.0
1777891231.2963324,-7.0,2.0,-87.0
1777891231.3063323,-1.0,5.0,-89.0
1777891231.3163323,-1.0,8.0,-82.0
1777891231.3263323,-1.0,4.0,-75.0
1777891231.3363323,0.0,3.0,-71.0
1777891231.3463323,2.0,5.0,-76.0
1777891231.3563323,-2.0,7.0,-67.0
1777891231.3663323,0.0,1.0,-68.0
1777891231.3763323,-1.0,4.0,-67.0
1777891231.3863325,-1.0,5.0,-76.0
1777891231.3963325,0.0,5.0,-79.0
1777891231.4063325,0.0,2.0,-81.0
1777891231.4163325,6.0,-1.0,-79.0
1777891231.4263325,8.0,2.0,-75.0
1777891231.4363325,7.0,4.0,-74.0
1777891231.4463325,4.0,-1.0,-77.0
1777891231.4563324,2.0,2.0,-79.0
1777891231.4663324,-2.0,3.0,-75.0
1777891231.4763324,-5.0,3.0,-77.0
1777891231.4863324,-2.0,5.0,-77.0
1777891231.4963324,1.0,5.0,-72.0
1777891231.5063324,-3.0,-1.0,-68.0
1777891231.5163324,0.0,2.0,-70.0
1777891231.5263324,0.0,0.0,-71.0
1777891231.5363324,0.0,0.0,-68.0
1777891231.5463324,0.0,1.0,-74.0
1777891231.5563323,3.0,-1.0,-73.0
1777891231.5663323,4.0,0.0,-70.0
1777891231.5763323,4.0,0.0,-75.0
1777891231.5863323,0.0,-1.0,-72.0
1777891231.5963323,0.0,0.0,-68.0
1777891231.6063323,-1.0,3.0,-67.0
1777891231.6163323,0.0,1.0,-72.0
1777891231.6263323,-4.0,1.0,-78.0
1777891231.6363325,-4.0,3.0,-78.0
1777891231.6463325,0.0,5.0,-79.0
1777891231.6563325,0.0,5.0,-77.0
1777891231.6663325,-1.0,5.0,-80.0
1777891231.6763325,2.0,5.0,-73.0
1777891231.6863325,1.0,4.0,-73.0
1777891231.6963325,4.0,6.0,-69.0
1777891231.7063324,3.0,3.0,-72.0
1777891231.7163324,8.0,-1.0,-75.0
1777891231.7263324,6.0,3.0,-77.0
1777891231.7363324,1.0,0.0,-72.0
1777891231.7463324,1.0,1.0,-66.0
1777891231.7563324,3.0,3.0,-68.0
1777891231.7663324,1.0,4.0,-78.0
1777891231.7763324,0.0,8.0,-85.0
1777891231.7863324,0.0,5.0,-79.0
1777891231.7963324,2.0,4.0,-72.0
1777891231.8063323,0.0,4.0,-70.0
1777891231.8163323,5.0,2.0,-66.0
1777891231.8263323,7.0,1.0,-70.0
1777891231.8363323,6.0,1.0,-71.0
1777891231.8463323,6.0,4.0,-75.0
1777891231.8563323,3.0,6.0,-65.0
1777891231.8663323,3.0,4.0,-65.0
1777891231.8763323,2.0,1.0,-74.0
1777891231.8863325,2.0,0.0,-74.0
1777891231.8963325,4.0,0.0,-78.0
1777891231.9063325,7.0,1.0,-73.0
1777891231.9163325,3.0,2.0,-67.0
1777891231.9263325,4.0,4.0,-68.0
1777891231.9363325,8.0,3.0,-72.0
1777891231.9463325,6.0,4.0,-71.0
1777891231.9563324,0.0,4.0,-70.0
1777891231.9663324,0.0,0.0,-66.0
1777891231.9763324,-1.0,-2.0,-66.0
1777891231.9863324,2.0,-3.0,-62.0
1777891231.9963324,2.0,-3.0,-63.0
1777891232.0063324,-1.0,0.0,-71.0
1777891232.0163324,2.0,0.0,-69.0
1777891232.0263324,-1.0,-1.0,-63.0
1777891232.0363324,-1.0,-3.0,-55.0
1777891232.0463324,-2.0,-5.0,-54.0
1777891232.0563323,-4.0,-5.0,-57.0
1777891232.0663323,2.0,-4.0,-63.0
1777891232.0763323,3.0,-6.0,-62.0
1777891232.0863323,-1.0,-5.0,-61.0
1777891232.0963323,-4.0,-1.0,-65.0
1777891232.1063323,-1.0,0.0,-79.0
1777891232.1163323,-1.0,-2.0,-78.0
1777891232.1263323,-2.0,-2.0,-72.0
1777891232.1363325,-1.0,-1.0,-75.0
1777891232.1463325,3.0,0.0,-81.0
1777891232.1563325,6.0,-3.0,-81.0
1777891232.1663325,6.0,-8.0,-79.0
1777891232.1763325,8.0,-5.0,-81.0
1777891232.1863325,11.0,-4.0,-75.0
1777891232.1963325,5.0,-2.0,-71.0
1777891232.2063324,6.0,-1.0,-75.0
1777891232.2163324,3.0,2.0,-71.0
1777891232.2263324,4.0,1.0,-77.0
1777891232.2363324,5.0,-3.0,-71.0
1777891232.2463324,8.0,-8.0,-74.0
1777891232.2563324,6.0,-9.0,-76.0
1777891232.2663324,11.0,-7.0,-74.0
1777891232.2763324,13.0,-2.0,-63.0
1777891232.2863324,10.0,0.0,-63.0
1777891232.2963324,11.0,0.0,-60.0
1777891232.3063323,13.0,-2.0,-56.0
1777891232.3163323,10.0,-2.0,-48.0
1777891232.3263323,11.0,-3.0,-49.0
1777891232.3363323,5.0,-4.0,-56.0
1777891232.3463323,6.0,-6.0,-60.0
1777891232.3563323,1.0,-8.0,-63.0
1777891232.3663323,4.0,-8.0,-62.0
1777891232.3763323,3.0,-9.0,-62.0
1777891232.3863325,2.0,-8.0,-65.0
1777891232.3963325,3.0,-5.0,-70.0
1777891232.4063325,4.0,-3.0,-75.0
1777891232.4163325,4.0,-2.0,-70.0
1777891232.4263325,3.0,-3.0,-67.0
1777891232.4363325,2.0,-2.0,-74.0
1777891232.4463325,5.0,0.0,-83.0
1777891232.4563324,4.0,-1.0,-83.0
1777891232.4663324,2.0,0.0,-80.0
1777891232.4763324,-1.0,-3.0,-86.0
1777891232.4863324,1.0,-4.0,-83.0
1777891232.4963324,2.0,-2.0,-80.0
1777891232.5063324,4.0,0.0,-76.0
1777891232.5163324,6.0,0.0,-73.0
1777891232.5263324,1.0,-1.0,-74.0
1777891232.5363324,1.0,-1.0,-78.0
1777891232.5463324,1.0,0.0,-75.0
1777891232.5563323,4.0,1.0,-77.0
1777891232.5663323,4.0,-1.0,-76.0
1777891232.5763323,1.0,0.0,-74.0
1777891232.5863323,0.0,-4.0,-71.0
1777891232.5963323,-4.0,-2.0,-70.0
1777891232.6063323,-7.0,0.0,-65.0
1777891232.6163323,-7.0,2.0,-74.0
1777891232.6263323,-2.0,3.0,-77.0
1777891232.6363325,0.0,1.0,-72.0
1777891232.6463325,5.0,7.0,-68.0
1777891232.6563325,4.0,5.0,-67.0
1777891232.6663325,8.0,8.0,-73.0
1777891232.6763325,11.0,6.0,-73.0
1777891232.6863325,6.0,4.0,-75.0
1777891232.6963325,1.0,6.0,-72.0
1777891232.7063324,1.0,6.0,-68.0
1777891232.7163324,0.0,6.0,-67.0
1777891232.7263324,-1.0,7.0,-67.0
1777891232.7363324,-3.0,4.0,-66.0
1777891232.7463324,-2.0,3.0,-75.0
1777891232.7563324,-3.0,7.0,-78.0
1777891232.7663324,-7.0,1.0,-69.0
1777891232.7763324,-10.0,-4.0,-69.0
1777891232.7863324,-10.0,-6.0,-69.0
1777891232.7963324,-4.0,-3.0,-76.0
1777891232.8063323,-3.0,-3.0,-79.0
1777891232.8163323,0.0,-6.0,-76.0
1777891232.8263323,-4.0,-7.0,-74.0
1777891232.8363323,-4.0,-7.0,-70.0
1777891232.8463323,-5.0,-6.0,-64.0
1777891232.8563323,-2.0,-5.0,-62.0
1777891232.8663323,-2.0,-4.0,-57.0
1777891232.8763323,0.0,-4.0,-63.0
1777891232.8863325,0.0,-6.0,-64.0
1777891232.8963325,-3.0,-7.0,-64.0
1777891232.9063325,-1.0,-6.0,-65.0
1777891232.9163325,-3.0,-5.0,-55.0
1777891232.9263325,-1.0,-4.0,-58.0
1777891232.9363325,-5.0,-6.0,-60.0
1777891232.9463325,-5.0,-4.0,-56.0
1777891232.9563324,-2.0,0.0,-53.0
1777891232.9663324,-1.0,-3.0,-57.0
1777891232.9763324,3.0,-3.0,-60.0
1777891232.9863324,0.0,0.0,-65.0
1777891232.9963324,2.0,1.0,-68.0
1777891233.0063324,1.0,4.0,-67.0
1777891233.0163324,4.0,5.0,-63.0
1777891233.0263324,7.0,2.0,-68.0
1777891233.0363324,10.0,2.0,-71.0
1777891233.0463324,11.0,2.0,-75.0
1777891233.0563323,7.0,0.0,-80.0
1777891233.0663323,7.0,3.0,-74.0
1777891233.0763323,5.0,2.0,-73.0
1777891233.0863323,7.0,0.0,-71.0
1777891233.0963323,5.0,-1.0,-68.0
1777891233.1063323,3.0,0.0,-71.0
1777891233.1163323,4.0,0.0,-73.0
1777891233.1263323,0.0,0.0,-70.0
1777891233.1363325,2.0,0.0,-68.0
1777891233.1463325,-1.0,0.0,-67.0
1777891233.1573324,-2.0,0.0,-68.0
1777891233.1673324,-5.0,1.0,-64.0
1777891233.1773324,-3.0,2.0,-63.0
1777891233.1873324,-3.0,1.0,-67.0
1777891233.1973324,-6.0,-2.0,-62.0
1777891233.2073324,-4.0,-5.0,-61.0
1777891233.2173324,-3.0,-3.0,-67.0
1777891233.2273324,-4.0,-3.0,-70.0
1777891233.2373323,-2.0,-4.0,-79.0
1777891233.2473323,-3.0,-5.0,-77.0
1777891233.2573323,-7.0,-8.0,-79.0
1777891233.2673323,-7.0,-5.0,-82.0
1777891233.2773323,-7.0,-5.0,-78.0
1777891233.2873323,1.0,-8.0,-77.0
1777891233.2973323,2.0,-4.0,-74.0
1777891233.3073325,0.0,-5.0,-73.0
1777891233.3173325,-4.0,-2.0,-69.0
1777891233.3273325,0.0,-1.0,-67.0
1777891233.3373325,1.0,1.0,-62.0
1777891233.3473325,1.0,1.0,-64.0
1777891233.3573325,3.0,0.0,-69.0
1777891233.3673325,6.0,0.0,-68.0
1777891233.3773324,7.0,0.0,-70.0
1777891233.3873324,6.0,2.0,-67.0
1777891233.3973324,3.0,2.0,-64.0
1777891233.4073324,0.0,0.0,-56.0
1777891233.4173324,-1.0,0.0,-58.0
1777891233.4273324,1.0,0.0,-55.0
1777891233.4373324,3.0,-1.0,-60.0
1777891233.4473324,4.0,-2.0,-58.0
1777891233.4573324,1.0,-5.0,-58.0
1777891233.4673324,2.0,-4.0,-58.0
1777891233.4773324,-1.0,-4.0,-60.0
1777891233.4873323,-3.0,-8.0,-58.0
1777891233.4973323,-3.0,-5.0,-62.0
1777891233.5073323,0.0,-6.0,-62.0
1777891233.5173323,1.0,-1.0,-64.0
1777891233.5273323,-2.0,-1.0,-67.0
1777891233.5373323,-1.0,-3.0,-73.0
1777891233.5473323,-2.0,0.0,-84.0
1777891233.5573325,-1.0,3.0,-86.0
1777891233.5673325,4.0,5.0,-80.0
1777891233.5773325,3.0,1.0,-78.0
1777891233.5873325,0.0,-3.0,-74.0
1777891233.5973325,0.0,-6.0,-76.0
1777891233.6073325,2.0,-4.0,-78.0
1777891233.6173325,1.0,-2.0,-76.0
1777891233.6273324,4.0,-5.0,-72.0
1777891233.6373324,6.0,0.0,-69.0
1777891233.6473324,3.0,2.0,-69.0
1777891233.6573324,3.0,-1.0,-80.0
1777891233.6673324,1.0,-2.0,-83.0
1777891233.6773324,1.0,-3.0,-80.0
1777891233.6873324,2.0,-5.0,-72.0
1777891233.6973324,0.0,-6.0,-72.0
1777891233.7073324,-3.0,-5.0,-74.0
1777891233.7173324,-4.0,-6.0,-65.0
1777891233.7273324,-2.0,-2.0,-66.0
1777891233.7373323,-4.0,-3.0,-65.0
1777891233.7473323,-5.0,-3.0,-61.0
1777891233.7573323,-1.0,-3.0,-64.0
1777891233.7673323,2.0,-3.0,-66.0
1777891233.7773323,4.0,-3.0,-73.0
1777891233.7873323,3.0,-2.0,-71.0
1777891233.7973323,4.0,-5.0,-70.0
1777891233.8073325,3.0,-5.0,-73.0
1777891233.8173325,0.0,-4.0,-81.0
1777891233.8273325,0.0,-5.0,-77.0
1777891233.8373325,2.0,-2.0,-73.0
1777891233.8473325,2.0,2.0,-77.0
1777891233.8573325,1.0,0.0,-83.0
1777891233.8673325,2.0,-2.0,-84.0
1777891233.8773324,0.0,0.0,-78.0
1777891233.8873324,1.0,-1.0,-73.0
1777891233.8973324,4.0,0.0,-72.0
1777891233.9073324,9.0,-1.0,-70.0
1777891233.9173324,4.0,-1.0,-72.0
1777891233.9273324,4.0,-3.0,-75.0
1777891233.9373324,2.0,-3.0,-72.0
1777891233.9473324,0.0,1.0,-70.0
1777891233.9573324,0.0,0.0,-74.0
1777891233.9673324,4.0,0.0,-73.0
1777891233.9773324,2.0,0.0,-72.0
1777891233.9873323,1.0,3.0,-73.0
1777891233.9973323,4.0,4.0,-72.0
1777891234.0073323,5.0,3.0,-67.0
1777891234.0173323,-1.0,-1.0,-67.0
1777891234.0273323,-3.0,3.0,-71.0
1777891234.0373323,0.0,7.0,-78.0
1777891234.0473323,5.0,3.0,-77.0
1777891234.0573325,3.0,2.0,-76.0
1777891234.0673325,4.0,1.0,-80.0
1777891234.0773325,0.0,0.0,-73.0
1777891234.0873325,2.0,0.0,-80.0
1777891234.0973325,3.0,0.0,-74.0
1777891234.1073325,7.0,0.0,-75.0
1777891234.1173325,4.0,-1.0,-75.0
1777891234.1273324,0.0,-5.0,-75.0
1777891234.1373324,-1.0,-4.0,-75.0
1777891234.1473324,-6.0,0.0,-78.0
1777891234.1573324,-9.0,1.0,-76.0
1777891234.1673324,-7.0,3.0,-72.0
1777891234.1773324,-2.0,0.0,-70.0
1777891234.1873324,2.0,0.0,-69.0
1777891234.1973324,-5.0,0.0,-68.0
1777891234.2073324,-6.0,-2.0,-64.0
1777891234.2173324,-4.0,0.0,-65.0
1777891234.2273324,-1.0,3.0,-64.0
1777891234.2373323,1.0,5.0,-67.0
1777891234.2473323,-1.0,4.0,-71.0
1777891234.2573323,0.0,1.0,-74.0
1777891234.2673323,1.0,-3.0,-74.0
1777891234.2773323,0.0,-2.0,-71.0
1777891234.2873323,1.0,1.0,-73.0
1777891234.2973323,1.0,0.0,-69.0
1777891234.3073325,0.0,2.0,-66.0
1777891234.3173325,-3.0,1.0,-68.0
1777891234.3273325,-4.0,1.0,-72.0
1777891234.3373325,-3.0,-6.0,-67.0
1777891234.3473325,0.0,-3.0,-64.0
1777891234.3573325,-2.0,2.0,-71.0
1777891234.3673325,-4.0,0.0,-74.0
1777891234.3773324,-3.0,3.0,-77.0
1777891234.3873324,-2.0,0.0,-76.0
1777891234.3973324,0.0,-6.0,-77.0
1777891234.4073324,0.0,-7.0,-76.0
1777891234.4173324,0.0,-7.0,-73.0
1777891234.4273324,-3.0,-3.0,-73.0
1777891234.4373324,0.0,0.0,-65.0
1777891234.4473324,-3.0,0.0,-63.0
1777891234.4573324,-8.0,2.0,-62.0
1777891234.4673324,-5.0,3.0,-63.0
1777891234.4773324,-2.0,7.0,-62.0
1777891234.4873323,-1.0,5.0,-66.0
1777891234.4973323,-2.0,4.0,-69.0
1777891234.5073323,-4.0,7.0,-69.0
1777891234.5173323,-6.0,3.0,-65.0
1777891234.5273323,-5.0,0.0,-65.0
1777891234.5373323,-7.0,0.0,-69.0
1777891234.5473323,-3.0,0.0,-73.0
1777891234.5573325,-1.0,1.0,-82.0
1777891234.5673325,-2.0,-1.0,-77.0
1777891234.5773325,-4.0,0.0,-79.0
1777891234.5873325,-5.0,5.0,-72.0
1777891234.5973325,-3.0,2.0,-64.0
1777891234.6073325,-6.0,-1.0,-66.0
1777891234.6173325,-4.0,-9.0,-61.0
1777891234.6273324,-5.0,-4.0,-60.0
1777891234.6373324,-3.0,-1.0,-60.0
1777891234.6473324,-2.0,-5.0,-62.0
1777891234.6573324,1.0,-4.0,-65.0
1777891234.6673324,0.0,-4.0,-64.0
1777891234.6773324,1.0,-1.0,-60.0
1777891234.6873324,0.0,-4.0,-70.0
1777891234.6973324,3.0,-4.0,-70.0
1777891234.7073324,8.0,-1.0,-67.0
1777891234.7173324,6.0,-1.0,-60.0
1777891234.7273324,4.0,-2.0,-58.0
1777891234.7373323,2.0,0.0,-59.0
1777891234.7473323,2.0,-2.0,-60.0
1777891234.7573323,0.0,-1.0,-62.0
1777891234.7673323,3.0,2.0,-60.0
1777891234.7773323,0.0,-3.0,-63.0
1777891234.7873323,-1.0,-5.0,-70.0
1777891234.7973323,-3.0,-1.0,-68.0
1777891234.8073325,-3.0,-2.0,-67.0
1777891234.8173325,-5.0,0.0,-67.0
1777891234.8273325,-1.0,-3.0,-71.0
1777891234.8373325,3.0,-3.0,-75.0
1777891234.8473325,2.0,-3.0,-75.0
1777891234.8573325,0.0,-3.0,-79.0
1777891234.8673325,-4.0,0.0,-80.0
1777891234.8773324,-9.0,0.0,-83.0
1777891234.8873324,-8.0,-1.0,-84.0
1777891234.8973324,-5.0,-1.0,-79.0
1777891234.9073324,-8.0,-1.0,-78.0
1777891234.9173324,-3.0,1.0,-77.0
1777891234.9273324,-1.0,0.0,-73.0
1777891234.9373324,-3.0,2.0,-67.0
1777891234.9473324,-4.0,3.0,-65.0
1777891234.9573324,-5.0,4.0,-70.0
1777891234.9673324,-4.0,0.0,-79.0
1777891234.9773324,1.0,-1.0,-81.0
1777891234.9873323,4.0,-2.0,-77.0
1777891234.9973323,10.0,-1.0,-74.0
1777891235.0073323,12.0,-2.0,-74.0
1777891235.0173323,8.0,-6.0,-71.0
1777891235.0273323,7.0,-4.0,-72.0
1777891235.0373323,9.0,-5.0,-66.0
1777891235.0473323,4.0,-4.0,-66.0
1777891235.0573325,6.0,-3.0,-67.0
1777891235.0673325,6.0,-3.0,-75.0
1777891235.0773325,4.0,-2.0,-76.0
1777891235.0873325,2.0,-3.0,-78.0
1777891235.0973325,-1.0,-1.0,-73.0
1777891235.1083324,0.0,-2.0,-71.0
1777891235.1173325,0.0,0.0,-70.0
1777891235.1273324,-1.0,-1.0,-69.0
1777891235.1373324,0.0,0.0,-68.0
1777891235.1473324,0.0,0.0,-69.0
1777891235.1583323,3.0,-4.0,-62.0
1777891235.1683323,4.0,-1.0,-59.0
1777891235.1783323,4.0,0.0,-55.0
1777891235.1883323,3.0,1.0,-57.0
1777891235.1983323,4.0,2.0,-53.0
1777891235.2083323,2.0,-1.0,-55.0
1777891235.2183323,-4.0,3.0,-59.0
1777891235.2283323,-3.0,3.0,-59.0
1777891235.2383325,0.0,8.0,-65.0
1777891235.2483325,9.0,4.0,-66.0
1777891235.2583325,6.0,4.0,-63.0
1777891235.2683325,4.0,3.0,-61.0
1777891235.2783325,4.0,8.0,-67.0
1777891235.2883325,5.0,8.0,-73.0
1777891235.2983325,7.0,5.0,-75.0
1777891235.3083324,5.0,5.0,-69.0
1777891235.3183324,3.0,3.0,-69.0
1777891235.3283324,2.0,5.0,-74.0
1777891235.3383324,0.0,2.0,-72.0
1777891235.3483324,-2.0,4.0,-71.0
1777891235.3583324,-1.0,0.0,-74.0
1777891235.3683324,1.0,1.0,-73.0
1777891235.3783324,4.0,-1.0,-69.0
1777891235.3883324,-3.0,-1.0,-71.0
1777891235.3983324,0.0,0.0,-70.0
1777891235.4083323,-1.0,-2.0,-67.0
1777891235.4183323,0.0,2.0,-68.0
1777891235.4283323,3.0,0.0,-71.0
1777891235.4383323,3.0,2.0,-72.0
1777891235.4483323,0.0,1.0,-76.0
1777891235.4583323,0.0,2.0,-81.0
1777891235.4683323,3.0,0.0,-83.0
1777891235.4783323,4.0,3.0,-84.0
1777891235.4883325,7.0,0.0,-83.0
1777891235.4983325,9.0,0.0,-76.0
1777891235.5083325,2.0,0.0,-73.0
1777891235.5183325,1.0,-2.0,-77.0
1777891235.5283325,4.0,-2.0,-70.0
1777891235.5383325,3.0,-1.0,-69.0
1777891235.5483325,4.0,0.0,-66.0
1777891235.5583324,3.0,-1.0,-74.0
1777891235.5683324,3.0,0.0,-71.0
1777891235.5783324,1.0,3.0,-69.0
1777891235.5883324,1.0,4.0,-69.0
1777891235.5983324,3.0,1.0,-70.0
1777891235.6083324,0.0,0.0,-66.0
1777891235.6183324,1.0,-6.0,-72.0
1777891235.6283324,0.0,-5.0,-71.0
1777891235.6383324,-1.0,-9.0,-63.0
1777891235.6483324,-3.0,-8.0,-68.0
1777891235.6583323,-3.0,-5.0,-73.0
1777891235.6683323,0.0,-10.0,-70.0
1777891235.6783323,0.0,-15.0,-63.0
1777891235.6883323,3.0,-14.0,-69.0
1777891235.6983323,2.0,-5.0,-76.0
1777891235.7083323,2.0,0.0,-71.0
1777891235.7183323,3.0,0.0,-68.0
1777891235.7283323,5.0,3.0,-68.0
1777891235.7383325,4.0,1.0,-67.0
1777891235.7483325,6.0,-2.0,-67.0
1777891235.7583325,4.0,-1.0,-62.0
1777891235.7683325,7.0,0.0,-61.0
1777891235.7783325,5.0,0.0,-63.0
1777891235.7883325,4.0,1.0,-63.0
1777891235.7983325,1.0,-1.0,-59.0
1777891235.8083324,5.0,0.0,-69.0
1777891235.8183324,3.0,-2.0,-73.0
1777891235.8283324,5.0,0.0,-74.0
1777891235.8383324,2.0,1.0,-68.0
1777891235.8483324,6.0,1.0,-63.0
1777891235.8583324,4.0,-2.0,-68.0
1777891235.8683324,7.0,-5.0,-72.0
1777891235.8783324,3.0,-5.0,-71.0
1777891235.8883324,4.0,-5.0,-69.0
1777891235.8983324,3.0,-5.0,-70.0
1777891235.9083323,5.0,-3.0,-67.0
1777891235.9183323,2.0,-3.0,-72.0
1777891235.9283323,-2.0,-5.0,-75.0
1777891235.9383323,-1.0,-3.0,-85.0
1777891235.9483323,0.0,0.0,-84.0
1777891235.9583323,6.0,-5.0,-85.0
1777891235.9683323,6.0,-1.0,-84.0
1777891235.9783323,1.0,1.0,-85.0
1777891235.9883325,0.0,2.0,-80.0
1777891235.9983325,-2.0,1.0,-79.0
1777891236.0083325,0.0,0.0,-73.0
1777891236.0183325,0.0,7.0,-74.0
1777891236.0283325,0.0,5.0,-78.0
1777891236.0383325,3.0,0.0,-75.0
1777891236.0483325,5.0,-2.0,-75.0
1777891236.0583324,2.0,1.0,-67.0
1777891236.0683324,2.0,-3.0,-63.0
1777891236.0783324,5.0,-2.0,-60.0
1777891236.0883324,9.0,-2.0,-64.0
1777891236.0983324,5.0,-4.0,-64.0
1777891236.1083324,2.0,-8.0,-65.0
1777891236.1183324,2.0,-8.0,-64.0
1777891236.1283324,5.0,-10.0,-62.0
1777891236.1383324,0.0,-10.0,-59.0
1777891236.1483324,3.0,-10.0,-65.0
1777891236.1583323,2.0,-9.0,-69.0
1777891236.1683323,3.0,-4.0,-78.0
1777891236.1783323,1.0,-4.0,-79.0
1777891236.1883323,3.0,-6.0,-78.0
1777891236.1983323,3.0,-5.0,-68.0
1777891236.2083323,-1.0,-5.0,-66.0
1777891236.2183323,2.0,-7.0,-67.0
1777891236.2283323,2.0,-6.0,-61.0
1777891236.2383325,6.0,-6.0,-59.0
1777891236.2483325,3.0,-8.0,-63.0
1777891236.2583325,4.0,-8.0,-63.0
1777891236.2683325,-1.0,-4.0,-64.0
1777891236.2783325,-5.0,-1.0,-69.0
1777891236.2883325,-4.0,0.0,-69.0
1777891236.2983325,-2.0,-1.0,-74.0
1777891236.3083324,0.0,0.0,-78.0
1777891236.3183324,0.0,-2.0,-74.0
1777891236.3283324,4.0,1.0,-84.0
1777891236.3383324,10.0,2.0,-82.0
1777891236.3483324,14.0,1.0,-84.0
1777891236.3583324,8.0,2.0,-83.0
1777891236.3683324,7.0,0.0,-76.0
1777891236.3783324,2.0,3.0,-81.0
1777891236.3883324,4.0,1.0,-76.0
1777891236.3983324,2.0,7.0,-73.0
1777891236.4083323,1.0,8.0,-73.0
1777891236.4183323,0.0,7.0,-76.0
1777891236.4283323,1.0,5.0,-71.0
1777891236.4383323,-2.0,6.0,-69.0
1777891236.4483323,0.0,5.0,-65.0
1777891236.4583323,0.0,4.0,-65.0
1777891236.4683323,0.0,4.0,-70.0
1777891236.4783323,2.0,0.0,-70.0
1777891236.4883325,-1.0,2.0,-68.0
1777891236.4983325,-3.0,0.0,-68.0
1777891236.5083325,-5.0,-1.0,-71.0
1777891236.5183325,-3.0,-2.0,-66.0
1777891236.5283325,0.0,-6.0,-67.0
1777891236.5383325,5.0,-7.0,-69.0
1777891236.5483325,4.0,-5.0,-68.0
1777891236.5583324,6.0,-5.0,-64.0
1777891236.5683324,5.0,-2.0,-57.0
1777891236.5783324,6.0,-1.0,-68.0
1777891236.5883324,4.0,0.0,-66.0
1777891236.5983324,4.0,1.0,-67.0
1777891236.6083324,2.0,0.0,-69.0
1777891236.6183324,2.0,3.0,-68.0
1777891236.6283324,4.0,4.0,-64.0
1777891236.6383324,3.0,2.0,-63.0
1777891236.6483324,2.0,0.0,-67.0
1777891236.6583323,0.0,-1.0,-67.0
1777891236.6683323,0.0,-3.0,-74.0
1777891236.6783323,-2.0,-3.0,-74.0
1777891236.6883323,-3.0,-3.0,-69.0
1777891236.6983323,1.0,-2.0,-76.0
1777891236.7083323,0.0,-5.0,-78.0
1777891236.7183323,-2.0,-8.0,-87.0
1777891236.7283323,-5.0,-8.0,-88.0
1777891236.7383325,-9.0,-6.0,-85.0
1777891236.7483325,-9.0,-7.0,-80.0
1777891236.7583325,-7.0,-4.0,-79.0
1777891236.7683325,-6.0,-3.0,-66.0
1777891236.7783325,-8.0,-2.0,-68.0
1777891236.7883325,-9.0,-3.0,-72.0
1777891236.7983325,-5.0,-4.0,-70.0
1777891236.8083324,2.0,-4.0,-73.0
1777891236.8183324,0.0,-2.0,-73.0
1777891236.8283324,-3.0,0.0,-74.0
1777891236.8383324,-2.0,0.0,-71.0
1777891236.8483324,2.0,1.0,-78.0
1777891236.8583324,4.0,0.0,-78.0
1777891236.8683324,6.0,0.0,-75.0
1777891236.8783324,10.0,-3.0,-71.0
1777891236.8883324,5.0,0.0,-68.0
1777891236.8983324,4.0,-1.0,-65.0
1777891236.9083323,6.0,-2.0,-65.0
1777891236.9183323,6.0,3.0,-64.0
1777891236.9283323,4.0,2.0,-61.0
1777891236.9383323,0.0,1.0,-68.0
1777891236.9483323,0.0,0.0,-76.0
1777891236.9583323,6.0,1.0,-77.0
1777891236.9683323,5.0,0.0,-80.0
1777891236.9783323,3.0,-3.0,-77.0
1777891236.9883325,2.0,-4.0,-73.0
1777891236.9983325,3.0,-2.0,-73.0
1777891237.0083325,0.0,0.0,-77.0
1777891237.0183325,0.0,2.0,-81.0
1777891237.0283325,1.0,5.0,-87.0
1777891237.0383325,-1.0,4.0,-80.0
1777891237.0483325,0.0,9.0,-78.0
1777891237.0583324,0.0,8.0,-74.0
1777891237.0683324,4.0,4.0,-74.0
1777891237.0783324,3.0,0.0,-70.0
1777891237.0883324,0.0,0.0,-76.0
1777891237.0983324,2.0,5.0,-73.0
1777891237.1083324,1.0,4.0,-73.0
1777891237.1183324,-4.0,7.0,-78.0
1777891237.1283324,-4.0,5.0,-74.0
1777891237.1393323,-6.0,5.0,-67.0
1777891237.1493323,-5.0,3.0,-64.0
1777891237.1593325,-2.0,3.0,-68.0
1777891237.1693325,-2.0,1.0,-63.0
1777891237.1793325,-5.0,-1.0,-70.0
1777891237.1893325,0.0,-1.0,-69.0
1777891237.1993325,4.0,-4.0,-73.0
1777891237.2093325,0.0,-10.0,-71.0
1777891237.2193325,3.0,-9.0,-68.0
1777891237.2293324,2.0,-4.0,-68.0
1777891237.2393324,1.0,-2.0,-72.0
1777891237.2493324,3.0,-3.0,-75.0
1777891237.2593324,3.0,-2.0,-78.0
1777891237.2693324,0.0,-3.0,-70.0
1777891237.2793324,4.0,-4.0,-67.0
1777891237.2893324,4.0,-2.0,-65.0
1777891237.2993324,4.0,0.0,-70.0
1777891237.3093324,0.0,2.0,-69.0
1777891237.3193324,-1.0,-1.0,-72.0
1777891237.3293324,-3.0,0.0,-72.0
1777891237.3393323,-6.0,1.0,-75.0
1777891237.3493323,-9.0,6.0,-71.0
1777891237.3593323,-12.0,7.0,-72.0
1777891237.3693323,-12.0,7.0,-69.0
1777891237.3793323,-11.0,5.0,-62.0
1777891237.3893323,-11.0,5.0,-58.0
1777891237.3993323,-4.0,1.0,-67.0
1777891237.4093325,-2.0,0.0,-66.0
1777891237.4193325,1.0,-1.0,-64.0
1777891237.4293325,3.0,4.0,-64.0
1777891237.4393325,0.0,3.0,-65.0
1777891237.4493325,0.0,-3.0,-62.0
1777891237.4593325,-3.0,-4.0,-64.0
1777891237.4693325,0.0,-5.0,-60.0
1777891237.4793324,-1.0,-8.0,-60.0
1777891237.4893324,-2.0,-10.0,-68.0
1777891237.4993324,-4.0,-8.0,-73.0
1777891237.5093324,-3.0,-1.0,-73.0
1777891237.5193324,-3.0,0.0,-69.0
1777891237.5293324,-1.0,0.0,-64.0
1777891237.5393324,-4.0,6.0,-66.0
1777891237.5493324,-3.0,9.0,-71.0
1777891237.5593324,0.0,8.0,-72.0
1777891237.5693324,1.0,5.0,-71.0
1777891237.5793324,0.0,1.0,-70.0
1777891237.5893323,-2.0,0.0,-77.0
1777891237.5993323,2.0,2.0,-81.0
1777891237.6093323,4.0,4.0,-75.0
1777891237.6193323,2.0,1.0,-72.0
1777891237.6293323,-1.0,0.0,-75.0
1777891237.6393323,-1.0,-2.0,-74.0
1777891237.6493323,0.0,-2.0,-70.0
1777891237.6593325,0.0,0.0,-69.0
1777891237.6693325,-3.0,5.0,-69.0
1777891237.6793325,-2.0,3.0,-71.0
1777891237.6893325,-5.0,2.0,-80.0
1777891237.6993325,-3.0,4.0,-70.0
1777891237.7093325,-4.0,-1.0,-71.0
1777891237.7193325,-6.0,-5.0,-66.0
1777891237.7293324,-4.0,-1.0,-69.0
1777891237.7393324,-1.0,-1.0,-72.0
1777891237.7493324,-3.0,0.0,-78.0
1777891237.7593324,-1.0,2.0,-80.0
1777891237.7693324,0.0,0.0,-80.0
1777891237.7793324,0.0,1.0,-77.0
1777891237.7893324,2.0,1.0,-76.0
1777891237.7993324,2.0,1.0,-71.0
1777891237.8093324,0.0,3.0,-71.0
1777891237.8193324,0.0,-3.0,-73.0
1777891237.8293324,-1.0,-4.0,-72.0
1777891237.8393323,-2.0,-4.0,-71.0
1777891237.8493323,-2.0,-4.0,-75.0
1777891237.8593323,-3.0,0.0,-73.0
1777891237.8693323,-3.0,2.0,-73.0
1777891237.8793323,-5.0,-1.0,-73.0
1777891237.8893323,-4.0,-1.0,-76.0
1777891237.8993323,-3.0,-1.0,-74.0
1777891237.9093325,-1.0,0.0,-75.0
1777891237.9193325,-2.0,0.0,-75.0
1777891237.9293325,0.0,0.0,-72.0
1777891237.9393325,0.0,-2.0,-73.0
1777891237.9493325,-1.0,0.0,-79.0
1777891237.9593325,-4.0,3.0,-82.0
1777891237.9693325,-6.0,0.0,-75.0
1777891237.9793324,-5.0,-1.0,-71.0
1777891237.9893324,-2.0,0.0,-72.0
1777891237.9993324,-4.0,0.0,-71.0
1777891238.0093324,-1.0,0.0,-78.0
1777891238.0193324,-5.0,3.0,-80.0
1777891238.0293324,-4.0,1.0,-79.0
1777891238.0393324,-2.0,1.0,-82.0
1777891238.0493324,4.0,1.0,-80.0
1777891238.0593324,9.0,1.0,-74.0
1777891238.0693324,11.0,1.0,-71.0
1777891238.0793324,4.0,0.0,-73.0
1777891238.0893323,0.0,1.0,-71.0
1777891238.0993323,-2.0,1.0,-66.0
1777891238.1093323,-1.0,0.0,-66.0
1777891238.1193323,0.0,0.0,-61.0
1777891238.1293323,-1.0,1.0,-69.0
1777891238.1393323,-1.0,0.0,-72.0
1777891238.1493323,2.0,-5.0,-69.0
1777891238.1593325,3.0,-1.0,-64.0
1777891238.1693325,2.0,2.0,-64.0
1777891238.1793325,5.0,0.0,-65.0
1777891238.1893325,3.0,3.0,-61.0
1777891238.1993325,0.0,0.0,-59.0
1777891238.2093325,-6.0,-5.0,-65.0
1777891238.2193325,-8.0,-7.0,-67.0
1777891238.2293324,-5.0,-2.0,-68.0
1777891238.2393324,-3.0,2.0,-69.0
1777891238.2493324,-5.0,3.0,-70.0
1777891238.2593324,-5.0,1.0,-75.0
1777891238.2693324,0.0,0.0,-77.0
1777891238.2793324,3.0,-2.0,-76.0
1777891238.2893324,3.0,-4.0,-70.0
1777891238.2993324,0.0,-1.0,-68.0
1777891238.3093324,2.0,-4.0,-60.0
1777891238.3193324,-2.0,-5.0,-65.0
1777891238.3293324,-4.0,-1.0,-67.0
1777891238.3393323,-7.0,-3.0,-66.0
1777891238.3493323,-10.0,-7.0,-64.0
1777891238.3593323,-9.0,-7.0,-76.0
1777891238.3693323,-7.0,-6.0,-75.0
1777891238.3793323,-8.0,-2.0,-75.0
1777891238.3893323,-5.0,-1.0,-77.0
1777891238.3993323,-3.0,2.0,-76.0
1777891238.4093325,0.0,5.0,-79.0
1777891238.4193325,3.0,6.0,-78.0
1777891238.4293325,3.0,4.0,-73.0
1777891238.4393325,3.0,2.0,-70.0
1777891238.4493325,3.0,0.0,-69.0
1777891238.4593325,0.0,1.0,-66.0
1777891238.4693325,0.0,2.0,-70.0
1777891238.4793324,2.0,6.0,-77.0
1777891238.4893324,0.0,9.0,-76.0
1777891238.4993324,-2.0,3.0,-82.0
1777891238.5093324,-1.0,5.0,-74.0
1777891238.5193324,-1.0,5.0,-76.0
1777891238.5293324,0.0,1.0,-79.0
1777891238.5393324,2.0,-4.0,-75.0
1777891238.5493324,-1.0,-6.0,-73.0
1777891238.5593324,-2.0,-4.0,-72.0
1777891238.5693324,0.0,-1.0,-72.0
1777891238.5793324,-2.0,-3.0,-73.0
1777891238.5893323,-3.0,-1.0,-68.0
1777891238.5993323,0.0,-1.0,-74.0
1777891238.6093323,-3.0,0.0,-77.0
1777891238.6193323,0.0,-1.0,-80.0
1777891238.6293323,-1.0,-1.0,-79.0
1777891238.6393323,2.0,-2.0,-75.0
1777891238.6493323,4.0,-5.0,-73.0
1777891238.6593325,7.0,-2.0,-73.0
1777891238.6693325,5.0,-2.0,-73.0
1777891238.6793325,2.0,-1.0,-72.0
1777891238.6893325,1.0,0.0,-70.0
1777891238.6993325,0.0,0.0,-70.0
1777891238.7093325,1.0,0.0,-68.0
1777891238.7193325,-2.0,0.0,-60.0
1777891238.7293324,-4.0,1.0,-58.0
1777891238.7393324,-6.0,2.0,-59.0
1777891238.7493324,-1.0,3.0,-62.0
1777891238.7593324,1.0,0.0,-57.0
1777891238.7693324,-3.0,-2.0,-58.0
1777891238.7793324,2.0,-2.0,-61.0
1777891238.7893324,0.0,-3.0,-58.0
1777891238.7993324,1.0,-5.0,-58.0
1777891238.8093324,4.0,-6.0,-58.0
1777891238.8193324,5.0,-4.0,-60.0
1777891238.8293324,0.0,-3.0,-52.0
1777891238.8393323,-1.0,-4.0,-59.0
1777891238.8493323,0.0,-3.0,-61.0
1777891238.8593323,-2.0,-5.0,-70.0
1777891238.8693323,0.0,-4.0,-74.0
1777891238.8793323,1.0,0.0,-80.0
1777891238.8893323,0.0,2.0,-78.0
1777891238.8993323,0.0,5.0,-71.0
1777891238.9093325,-3.0,4.0,-66.0
1777891238.9193325,-2.0,2.0,-69.0
1777891238.9293325,-4.0,1.0,-71.0
1777891238.9393325,-5.0,-1.0,-74.0
1777891238.9493325,-6.0,1.0,-76.0
1777891238.9593325,-5.0,-2.0,-80.0
1777891238.9693325,1.0,-3.0,-84.0
1777891238.9793324,0.0,-2.0,-79.0
1777891238.9893324,-3.0,0.0,-75.0
1777891238.9993324,-5.0,-2.0,-77.0
1777891239.0093324,-9.0,-4.0,-75.0
1777891239.0193324,-5.0,-4.0,-73.0
1777891239.0293324,-2.0,-4.0,-77.0
1777891239.0393324,-3.0,-3.0,-78.0
1777891239.0493324,1.0,1.0,-78.0
1777891239.0593324,5.0,-2.0,-77.0
1777891239.0693324,7.0,-3.0,-76.0
1777891239.0793324,3.0,-2.0,-76.0
1777891239.0893323,7.0,0.0,-82.0
1777891239.0993323,8.0,-2.0,-84.0
1777891239.1093323,3.0,3.0,-82.0
1777891239.1193323,0.0,4.0,-82.0
1777891239.1303325,-1.0,1.0,-82.0
1777891239.1403325,7.0,0.0,-85.0
1777891239.1503325,3.0,0.0,-86.0
1777891239.1603324,2.0,1.0,-87.0
1777891239.1703324,4.0,-2.0,-88.0
1777891239.1803324,5.0,-2.0,-81.0
1777891239.1903324,3.0,1.0,-80.0
1777891239.2003324,5.0,4.0,-83.0
1777891239.2103324,5.0,4.0,-85.0
1777891239.2203324,3.0,3.0,-78.0
1777891239.2303324,0.0,0.0,-84.0
1777891239.2403324,-1.0,4.0,-82.0
1777891239.2503324,-1.0,1.0,-76.0
1777891239.2603323,-3.0,3.0,-70.0
1777891239.2703323,-2.0,0.0,-71.0
1777891239.2803323,-1.0,4.0,-69.0
1777891239.2903323,1.0,7.0,-72.0
1777891239.3003323,7.0,11.0,-67.0
1777891239.3103323,6.0,8.0,-64.0
1777891239.3203323,2.0,4.0,-66.0
1777891239.3303325,1.0,2.0,-67.0
1777891239.3403325,3.0,-3.0,-68.0
1777891239.3503325,4.0,-4.0,-73.0
1777891239.3603325,2.0,-3.0,-75.0
1777891239.3703325,1.0,-3.0,-68.0
1777891239.3803325,-1.0,2.0,-72.0
1777891239.3903325,2.0,4.0,-71.0
1777891239.4003325,4.0,2.0,-73.0
1777891239.4103324,0.0,3.0,-75.0
1777891239.4203324,1.0,0.0,-71.0
1777891239.4303324,2.0,0.0,-70.0
1777891239.4403324,5.0,-3.0,-67.0
1777891239.4503324,6.0,-2.0,-62.0
1777891239.4603324,1.0,-2.0,-67.0
1777891239.4703324,0.0,0.0,-69.0
1777891239.4803324,-3.0,3.0,-67.0
1777891239.4903324,-1.0,3.0,-65.0
1777891239.5003324,-4.0,3.0,-64.0
1777891239.5103323,-9.0,6.0,-68.0
1777891239.5203323,-6.0,5.0,-73.0
1777891239.5303323,-5.0,3.0,-80.0
1777891239.5403323,-4.0,0.0,-80.0
1777891239.5503323,-4.0,0.0,-77.0
1777891239.5603323,-2.0,-1.0,-81.0
1777891239.5703323,-4.0,-1.0,-74.0
1777891239.5803325,-2.0,1.0,-73.0
1777891239.5903325,-3.0,0.0,-77.0
1777891239.6003325,0.0,6.0,-82.0
1777891239.6103325,-2.0,4.0,-79.0
1777891239.6203325,-3.0,2.0,-75.0
1777891239.6303325,-1.0,0.0,-67.0
1777891239.6403325,6.0,-2.0,-66.0
1777891239.6503325,5.0,-4.0,-69.0
1777891239.6603324,0.0,-7.0,-67.0
1777891239.6703324,1.0,-2.0,-74.0
1777891239.6803324,-1.0,0.0,-79.0
1777891239.6903324,5.0,-2.0,-78.0
1777891239.7003324,2.0,0.0,-72.0
1777891239.7103324,0.0,-1.0,-70.0
1777891239.7203324,-3.0,0.0,-70.0
1777891239.7303324,-4.0,-2.0,-73.0
1777891239.7403324,0.0,0.0,-73.0
1777891239.7503324,0.0,1.0,-74.0
1777891239.7603323,0.0,0.0,-72.0
1777891239.7703323,-3.0,0.0,-75.0
1777891239.7803323,-8.0,0.0,-74.0
1777891239.7903323,-5.0,0.0,-77.0
1777891239.8003323,-5.0,0.0,-74.0
1777891239.8103323,-2.0,-1.0,-61.0
1777891239.8203323,-1.0,0.0,-54.0
1777891239.8303325,-4.0,3.0,-60.0
1777891239.8403325,-6.0,2.0,-63.0
1777891239.8503325,-10.0,-3.0,-63.0
1777891239.8603325,-4.0,-4.0,-67.0
1777891239.8703325,-2.0,0.0,-72.0
1777891239.8803325,2.0,0.0,-74.0
1777891239.8903325,0.0,1.0,-77.0
1777891239.9003325,-6.0,3.0,-77.0
1777891239.9103324,-9.0,0.0,-73.0
1777891239.9203324,-6.0,2.0,-75.0
1777891239.9303324,1.0,2.0,-74.0
1777891239.9403324,9.0,3.0,-72.0
1777891239.9503324,9.0,-1.0,-70.0
1777891239.9603324,9.0,-3.0,-70.0
1777891239.9703324,7.0,1.0,-68.0
1777891239.9803324,6.0,0.0,-70.0
1777891239.9903324,4.0,4.0,-61.0
1777891240.0003324,2.0,4.0,-59.0
1777891240.0103323,-1.0,2.0,-65.0
1777891240.0203323,0.0,1.0,-69.0
1777891240.0303323,-2.0,-1.0,-71.0
1777891240.0403323,-2.0,-7.0,-73.0
1777891240.0503323,-3.0,-3.0,-70.0
1777891240.0603323,0.0,-2.0,-68.0
1777891240.0703323,0.0,3.0,-67.0
1777891240.0803325,-2.0,3.0,-66.0
1777891240.0903325,-3.0,2.0,-70.0
1777891240.1003325,-2.0,1.0,-70.0
1777891240.1103325,-6.0,3.0,-67.0
1777891240.1203325,-8.0,4.0,-68.0
1777891240.1303325,-4.0,6.0,-68.0
1777891240.1403325,1.0,4.0,-68.0
1777891240.1503325,3.0,1.0,-66.0
1777891240.1603324,5.0,1.0,-74.0
1777891240.1703324,0.0,4.0,-71.0
1777891240.1803324,-1.0,4.0,-73.0
1777891240.1903324,-4.0,2.0,-71.0
1777891240.2003324,-6.0,2.0,-71.0
1777891240.2103324,-5.0,0.0,-74.0
1777891240.2203324,-5.0,1.0,-77.0
1777891240.2303324,-1.0,3.0,-78.0
1777891240.2403324,-3.0,7.0,-73.0
1777891240.2503324,-5.0,8.0,-74.0
1777891240.2603323,-1.0,8.0,-71.0
1777891240.2703323,-4.0,9.0,-69.0
1777891240.2803323,1.0,0.0,-72.0
1777891240.2903323,2.0,0.0,-73.0
1777891240.3003323,0.0,1.0,-62.0
1777891240.3103323,-6.0,4.0,-58.0
1777891240.3203323,-6.0,5.0,-61.0
1777891240.3303325,-5.0,6.0,-66.0
1777891240.3403325,-2.0,0.0,-65.0
1777891240.3503325,0.0,-1.0,-63.0
1777891240.3603325,-2.0,2.0,-69.0
1777891240.3703325,-2.0,2.0,-66.0
1777891240.3803325,-2.0,0.0,-67.0
1777891240.3903325,-1.0,1.0,-66.0
1777891240.4003325,-5.0,2.0,-69.0
1777891240.4103324,-2.0,3.0,-69.0
1777891240.4203324,0.0,2.0,-69.0
1777891240.4303324,0.0,5.0,-73.0
1777891240.4403324,2.0,0.0,-72.0
1777891240.4503324,-2.0,0.0,-70.0
1777891240.4603324,2.0,2.0,-64.0
1777891240.4703324,5.0,1.0,-60.0
1777891240.4803324,3.0,-4.0,-61.0
1777891240.4903324,6.0,-6.0,-68.0
1777891240.5003324,5.0,-8.0,-73.0
1777891240.5103323,1.0,-7.0,-66.0
1777891240.5203323,1.0,-7.0,-68.0
1777891240.5303323,4.0,-5.0,-65.0
1777891240.5403323,3.0,-3.0,-69.0
1777891240.5503323,5.0,1.0,-70.0
1777891240.5603323,6.0,3.0,-69.0
1777891240.5703323,9.0,2.0,-70.0
1777891240.5803325,5.0,3.0,-66.0
1777891240.5903325,9.0,3.0,-68.0
1777891240.6003325,5.0,0.0,-66.0
1777891240.6103325,6.0,0.0,-63.0
1777891240.6203325,3.0,-3.0,-62.0
1777891240.6303325,4.0,-4.0,-63.0
1777891240.6403325,2.0,0.0,-65.0
1777891240.6503325,4.0,0.0,-74.0
1777891240.6603324,0.0,2.0,-77.0
1777891240.6703324,1.0,3.0,-74.0
1777891240.6803324,1.0,6.0,-69.0
1777891240.6903324,3.0,6.0,-66.0
1777891240.7003324,0.0,5.0,-60.0
1777891240.7103324,-2.0,8.0,-66.0
1777891240.7203324,6.0,4.0,-71.0
1777891240.7303324,4.0,3.0,-66.0
1777891240.7403324,1.0,0.0,-75.0
1777891240.7503324,-1.0,2.0,-76.0
1777891240.7603323,4.0,0.0,-68.0
1777891240.7703323,1.0,-5.0,-72.0
1777891240.7803323,3.0,-7.0,-75.0
1777891240.7903323,5.0,-8.0,-73.0
1777891240.8003323,2.0,-11.0,-67.0
1777891240.8103323,1.0,-12.0,-65.0
1777891240.8203323,1.0,-9.0,-60.0
1777891240.8303325,2.0,-10.0,-58.0
1777891240.8403325,-1.0,-5.0,-58.0
1777891240.8503325,-2.0,-10.0,-60.0
1777891240.8603325,3.0,-11.0,-63.0
1777891240.8703325,2.0,-9.0,-67.0
1777891240.8803325,7.0,-9.0,-71.0
1777891240.8903325,4.0,-12.0,-69.0
1777891240.9003325,1.0,-9.0,-66.0
1777891240.9103324,2.0,-6.0,-73.0
1777891240.9203324,2.0,-2.0,-70.0
1777891240.9303324,4.0,4.0,-64.0
1777891240.9403324,0.0,5.0,-67.0
1777891240.9503324,-5.0,2.0,-72.0
1777891240.9603324,-6.0,1.0,-72.0
1777891240.9703324,-7.0,0.0,-75.0
1777891240.9803324,-4.0,1.0,-74.0
1777891240.9903324,-4.0,0.0,-76.0
1777891241.0003324,-2.0,-3.0,-75.0
1777891241.0103323,-6.0,-2.0,-80.0
1777891241.0203323,-9.0,-4.0,-76.0
1777891241.0303323,-8.0,-4.0,-76.0
1777891241.0403323,-4.0,-5.0,-77.0
1777891241.0503323,1.0,-4.0,-72.0
1777891241.0603323,4.0,-5.0,-71.0
1777891241.0703323,2.0,-1.0,-67.0
1777891241.0803325,6.0,0.0,-69.0
1777891241.0903325,1.0,0.0,-67.0
1777891241.1003325,3.0,0.0,-70.0
1777891241.1103325,6.0,1.0,-74.0
1777891241.1203325,6.0,1.0,-68.0
1777891241.1313324,4.0,5.0,-64.0
1777891241.1413324,6.0,7.0,-67.0
1777891241.1513324,1.0,8.0,-70.0
1777891241.1613324,0.0,5.0,-70.0
1777891241.1713324,-3.0,4.0,-67.0
1777891241.1813323,-7.0,3.0,-59.0
1777891241.1913323,-3.0,3.0,-55.0
1777891241.2013323,1.0,3.0,-56.0
1777891241.2113323,4.0,3.0,-53.0
1777891241.2213323,1.0,3.0,-56.0
1777891241.2313323,0.0,0.0,-59.0
1777891241.2413323,2.0,0.0,-57.0
1777891241.2513323,1.0,0.0,-58.0
1777891241.2613325,-4.0,-1.0,-62.0
1777891241.2713325,-5.0,-3.0,-66.0
1777891241.2813325,-3.0,-1.0,-70.0
1777891241.2913325,0.0,0.0,-64.0
1777891241.3013325,8.0,0.0,-68.0
1777891241.3113325,7.0,3.0,-67.0
1777891241.3213325,7.0,3.0,-66.0
1777891241.3313324,3.0,2.0,-71.0
1777891241.3413324,3.0,0.0,-76.0
1777891241.3513324,5.0,-3.0,-80.0
1777891241.3613324,6.0,0.0,-75.0
1777891241.3713324,3.0,0.0,-70.0
1777891241.3813324,4.0,5.0,-67.0
1777891241.3913324,3.0,3.0,-67.0
1777891241.4013324,0.0,1.0,-64.0
1777891241.4113324,0.0,3.0,-63.0
1777891241.4213324,-1.0,0.0,-59.0
1777891241.4313323,-1.0,1.0,-62.0
1777891241.4413323,-2.0,5.0,-65.0
1777891241.4513323,2.0,5.0,-56.0
1777891241.4613323,8.0,0.0,-59.0
1777891241.4713323,9.0,-1.0,-58.0
1777891241.4813323,7.0,-3.0,-65.0
1777891241.4913323,0.0,-3.0,-67.0
1777891241.5013323,1.0,-2.0,-68.0
1777891241.5113325,5.0,-1.0,-70.0
1777891241.5213325,6.0,-3.0,-72.0
1777891241.5313325,0.0,1.0,-69.0
1777891241.5413325,0.0,-1.0,-72.0
1777891241.5513325,-3.0,-5.0,-72.0
1777891241.5613325,0.0,-7.0,-68.0
1777891241.5713325,-3.0,-6.0,-66.0
1777891241.5813324,-2.0,-4.0,-67.0
1777891241.5913324,-2.0,-2.0,-66.0
1777891241.6013324,-4.0,-3.0,-69.0
1777891241.6113324,-3.0,0.0,-69.0
1777891241.6213324,-3.0,0.0,-71.0
1777891241.6313324,0.0,5.0,-69.0
1777891241.6413324,3.0,3.0,-68.0
1777891241.6513324,3.0,5.0,-73.0
1777891241.6613324,4.0,6.0,-78.0
1777891241.6713324,5.0,9.0,-74.0
1777891241.6813323,3.0,4.0,-72.0
1777891241.6913323,5.0,3.0,-68.0
1777891241.7013323,6.0,0.0,-72.0
1777891241.7113323,3.0,-3.0,-67.0
1777891241.7213323,5.0,-2.0,-66.0
1777891241.7313323,2.0,2.0,-64.0
1777891241.7413323,3.0,0.0,-70.0
1777891241.7513323,0.0,5.0,-76.0
1777891241.7613325,-1.0,2.0,-81.0
1777891241.7713325,3.0,1.0,-83.0
1777891241.7813325,1.0,0.0,-82.0
1777891241.7913325,3.0,1.0,-77.0
1777891241.8013325,4.0,1.0,-75.0
1777891241.8113325,7.0,3.0,-78.0
1777891241.8213325,2.0,3.0,-77.0
1777891241.8313324,4.0,0.0,-74.0
1777891241.8413324,3.0,4.0,-74.0
1777891241.8513324,2.0,4.0,-79.0
1777891241.8613324,1.0,8.0,-81.0
1777891241.8713324,0.0,8.0,-76.0
1777891241.8813324,3.0,6.0,-78.0
1777891241.8913324,0.0,7.0,-75.0
1777891241.9013324,-2.0,3.0,-76.0
1777891241.9113324,-1.0,0.0,-77.0
1777891241.9213324,-1.0,-2.0,-78.0
1777891241.9313323,-3.0,-3.0,-78.0
1777891241.9413323,-2.0,2.0,-80.0
1777891241.9513323,-1.0,3.0,-72.0
1777891241.9613323,-2.0,2.0,-67.0
1777891241.9713323,0.0,0.0,-72.0
1777891241.9813323,0.0,0.0,-70.0
1777891241.9913323,0.0,-4.0,-68.0
1777891242.0013323,0.0,-9.0,-72.0
1777891242.0113325,0.0,-8.0,-67.0
1777891242.0213325,0.0,-7.0,-64.0
1777891242.0313325,1.0,-5.0,-63.0
1777891242.0413325,2.0,-6.0,-65.0
1777891242.0513325,5.0,-2.0,-67.0
1777891242.0613325,6.0,0.0,-70.0
1777891242.0713325,7.0,0.0,-74.0
1777891242.0813324,5.0,-2.0,-76.0
1777891242.0913324,0.0,-4.0,-71.0
1777891242.1013324,4.0,-4.0,-64.0
1777891242.1113324,5.0,-1.0,-68.0
1777891242.1213324,0.0,-1.0,-74.0
1777891242.1313324,3.0,0.0,-73.0
1777891242.1413324,1.0,0.0,-68.0
1777891242.1513324,4.0,-3.0,-69.0
1777891242.1613324,4.0,-6.0,-73.0
1777891242.1713324,2.0,-6.0,-74.0
1777891242.1813323,1.0,-4.0,-72.0
1777891242.1913323,1.0,-7.0,-69.0
1777891242.2013323,-2.0,-5.0,-72.0
1777891242.2113323,0.0,-3.0,-74.0
1777891242.2213323,-1.0,-2.0,-67.0
1777891242.2313323,-4.0,-6.0,-67.0
1777891242.2413323,-3.0,-2.0,-64.0
1777891242.2513323,-3.0,-5.0,-65.0
1777891242.2613325,-6.0,-3.0,-66.0
1777891242.2713325,-1.0,-4.0,-64.0
1777891242.2813325,-3.0,-6.0,-73.0
1777891242.2913325,-1.0,-7.0,-70.0
1777891242.3013325,-1.0,-1.0,-66.0
1777891242.3113325,-2.0,-3.0,-63.0
1777891242.3213325,-2.0,-4.0,-59.0
1777891242.3313324,0.0,-1.0,-52.0
1777891242.3413324,-1.0,4.0,-54.0
1777891242.3513324,-3.0,3.0,-53.0
1777891242.3613324,0.0,0.0,-49.0
1777891242.3713324,1.0,0.0,-55.0
1777891242.3813324,6.0,-6.0,-63.0
1777891242.3913324,4.0,-8.0,-64.0
1777891242.4013324,3.0,-8.0,-73.0
1777891242.4113324,6.0,-8.0,-68.0
1777891242.4213324,0.0,-3.0,-62.0
1777891242.4313323,1.0,-6.0,-62.0
1777891242.4413323,1.0,-6.0,-61.0
1777891242.4513323,4.0,-4.0,-59.0
1777891242.4613323,3.0,-2.0,-60.0
1777891242.4713323,0.0,-8.0,-63.0
1777891242.4813323,4.0,-6.0,-64.0
1777891242.4913323,8.0,-7.0,-65.0
1777891242.5013323,5.0,-6.0,-63.0
1777891242.5113325,4.0,-8.0,-67.0
1777891242.5213325,8.0,-6.0,-64.0
1777891242.5313325,11.0,-11.0,-63.0
1777891242.5413325,9.0,-9.0,-61.0
1777891242.5513325,5.0,-5.0,-61.0
1777891242.5613325,3.0,-2.0,-66.0
1777891242.5713325,3.0,-3.0,-71.0
1777891242.5813324,5.0,-2.0,-67.0
1777891242.5913324,0.0,-3.0,-62.0
1777891242.6013324,1.0,-2.0,-70.0
1777891242.6113324,4.0,-2.0,-72.0
1777891242.6213324,5.0,0.0,-68.0
1777891242.6313324,5.0,0.0,-67.0
1777891242.6413324,1.0,0.0,-66.0
1777891242.6513324,-1.0,-5.0,-69.0
1777891242.6613324,2.0,-4.0,-71.0
1777891242.6713324,3.0,-7.0,-72.0
1777891242.6813323,9.0,-9.0,-70.0
1777891242.6913323,10.0,-3.0,-68.0
1777891242.7013323,8.0,-5.0,-69.0
1777891242.7113323,8.0,-3.0,-72.0
1777891242.7213323,5.0,-4.0,-69.0
1777891242.7313323,8.0,-3.0,-64.0
1777891242.7413323,6.0,2.0,-59.0
1777891242.7513323,6.0,3.0,-65.0
1777891242.7613325,6.0,5.0,-72.0
1777891242.7713325,5.0,4.0,-78.0
1777891242.7813325,5.0,5.0,-77.0
1777891242.7913325,6.0,4.0,-83.0
1777891242.8013325,4.0,2.0,-74.0
1777891242.8113325,3.0,-2.0,-78.0
1777891242.8213325,2.0,-4.0,-72.0
1777891242.8313324,0.0,-3.0,-71.0
1777891242.8413324,-1.0,0.0,-71.0
1777891242.8513324,0.0,0.0,-69.0
1777891242.8613324,0.0,2.0,-70.0
1777891242.8713324,4.0,2.0,-74.0
1777891242.8813324,4.0,1.0,-73.0
1777891242.8913324,2.0,-1.0,-70.0
1777891242.9013324,4.0,1.0,-72.0
1777891242.9113324,7.0,3.0,-68.0
1777891242.9213324,7.0,5.0,-64.0
1777891242.9313323,11.0,1.0,-63.0
1777891242.9413323,8.0,1.0,-59.0
1777891242.9513323,5.0,1.0,-59.0
1777891242.9613323,5.0,3.0,-63.0
1777891242.9723325,5.0,3.0,-67.0
1777891242.9813323,2.0,2.0,-68.0
1777891242.9913323,0.0,0.0,-65.0
1777891243.0013323,-1.0,0.0,-66.0
1777891243.0113325,0.0,2.0,-67.0
1777891243.0213325,3.0,1.0,-75.0
1777891243.0313325,-1.0,0.0,-74.0
1777891243.0413325,1.0,4.0,-70.0
1777891243.0513325,-1.0,1.0,-75.0
1777891243.0613325,-4.0,1.0,-77.0
1777891243.0713325,-9.0,3.0,-78.0
1777891243.0813324,-9.0,4.0,-77.0
1777891243.0913324,-9.0,3.0,-80.0
1777891243.1023324,-3.0,-4.0,-78.0
1777891243.1123323,-4.0,-7.0,-78.0
1777891243.1213324,-4.0,0.0,-72.0
1777891243.1323323,-1.0,3.0,-71.0
1777891243.1423323,-4.0,2.0,-81.0
1777891243.1523323,-1.0,-1.0,-80.0
1777891243.1623323,-3.0,0.0,-78.0
1777891243.1723323,-2.0,-2.0,-76.0
1777891243.1823325,-8.0,-4.0,-80.0
1777891243.1923325,-7.0,-7.0,-85.0
1777891243.2023325,-4.0,-2.0,-80.0
1777891243.2123325,-1.0,-5.0,-79.0
1777891243.2223325,-2.0,-4.0,-79.0
1777891243.2323325,-1.0,-2.0,-73.0
1777891243.2423325,2.0,0.0,-75.0
1777891243.2523324,6.0,-2.0,-70.0
1777891243.2623324,6.0,0.0,-72.0
1777891243.2723324,4.0,1.0,-71.0
1777891243.2823324,2.0,5.0,-71.0
1777891243.2923324,5.0,7.0,-72.0
1777891243.3023324,8.0,5.0,-75.0
1777891243.3123324,8.0,6.0,-75.0
1777891243.3223324,7.0,3.0,-69.0
1777891243.3323324,5.0,4.0,-72.0
1777891243.3423324,3.0,3.0,-73.0
1777891243.3523324,2.0,2.0,-69.0
1777891243.3623323,4.0,1.0,-69.0
1777891243.3723323,3.0,-2.0,-61.0
1777891243.3823323,1.0,-5.0,-59.0
1777891243.3923323,-1.0,-4.0,-65.0
1777891243.4023323,-5.0,-2.0,-65.0
1777891243.4123323,-5.0,-2.0,-69.0
1777891243.4223323,-2.0,-3.0,-65.0
1777891243.4323325,3.0,0.0,-65.0
1777891243.4423325,2.0,-3.0,-69.0
1777891243.4523325,0.0,-5.0,-71.0
1777891243.4623325,-4.0,-7.0,-75.0
1777891243.4723325,-2.0,-9.0,-72.0
1777891243.4823325,-2.0,-4.0,-66.0
1777891243.4923325,-1.0,-4.0,-66.0
1777891243.5023324,2.0,3.0,-68.0
1777891243.5123324,-2.0,6.0,-70.0
1777891243.5223324,-2.0,3.0,-71.0
1777891243.5323324,0.0,2.0,-74.0
1777891243.5423324,0.0,0.0,-80.0
1777891243.5523324,-2.0,-1.0,-75.0
1777891243.5623324,-2.0,-2.0,-82.0
1777891243.5723324,0.0,3.0,-74.0
1777891243.5823324,2.0,2.0,-75.0
1777891243.5923324,4.0,-2.0,-81.0
1777891243.6023324,4.0,-4.0,-72.0
1777891243.6123323,-1.0,-4.0,-72.0
1777891243.6223323,0.0,-4.0,-72.0
1777891243.6323323,-5.0,-5.0,-67.0
1777891243.6423323,-5.0,-5.0,-69.0
1777891243.6523323,-6.0,-5.0,-72.0
1777891243.6623323,-7.0,-2.0,-68.0
1777891243.6723323,-2.0,-4.0,-69.0
1777891243.6823325,-1.0,-2.0,-68.0
1777891243.6923325,-1.0,0.0,-65.0
1777891243.7023325,4.0,-1.0,-68.0
1777891243.7123325,5.0,0.0,-70.0
1777891243.7223325,5.0,0.0,-72.0
1777891243.7323325,8.0,0.0,-72.0
1777891243.7423325,6.0,0.0,-71.0
1777891243.7523324,3.0,0.0,-68.0
1777891243.7623324,0.0,0.0,-68.0
1777891243.7723324,-1.0,1.0,-72.0
1777891243.7823324,1.0,2.0,-67.0
1777891243.7923324,0.0,6.0,-68.0
1777891243.8023324,0.0,6.0,-72.0
1777891243.8123324,2.0,6.0,-69.0
1777891243.8223324,3.0,5.0,-61.0
1777891243.8323324,2.0,5.0,-57.0
1777891243.8423324,2.0,3.0,-60.0
1777891243.8523324,3.0,1.0,-64.0
1777891243.8623323,8.0,0.0,-61.0
1777891243.8723323,4.0,-1.0,-65.0
1777891243.8823323,3.0,-2.0,-72.0
1777891243.8933325,7.0,-5.0,-78.0
1777891243.9023323,8.0,-4.0,-80.0
1777891243.9123323,6.0,-4.0,-72.0
1777891243.9223323,7.0,-4.0,-70.0
1777891243.9323325,5.0,-3.0,-72.0
1777891243.9423325,4.0,-4.0,-70.0
1777891243.9523325,7.0,-6.0,-72.0
1777891243.9623325,5.0,-6.0,-69.0
1777891243.9723325,0.0,-2.0,-70.0
1777891243.9823325,2.0,-1.0,-76.0
1777891243.9923325,2.0,-1.0,-68.0
1777891244.0023324,-3.0,0.0,-66.0
1777891244.0123324,-2.0,2.0,-69.0
1777891244.0223324,0.0,0.0,-70.0
1777891244.0323324,-2.0,0.0,-73.0
1777891244.0423324,-3.0,1.0,-74.0
1777891244.0523324,-4.0,3.0,-76.0
1777891244.0623324,-6.0,4.0,-69.0
1777891244.0723324,-6.0,7.0,-71.0
1777891244.0823324,-6.0,8.0,-69.0
1777891244.0923324,-7.0,7.0,-65.0
1777891244.1023324,-7.0,0.0,-60.0
1777891244.1123323,-6.0,6.0,-65.0
1777891244.1223323,0.0,4.0,-68.0
1777891244.1323323,4.0,-1.0,-68.0
1777891244.1423323,4.0,-6.0,-74.0
1777891244.1523323,3.0,-7.0,-71.0
1777891244.1623323,1.0,-5.0,-70.0
1777891244.1723323,7.0,-1.0,-78.0
1777891244.1823325,9.0,0.0,-77.0
1777891244.1923325,9.0,0.0,-77.0
1777891244.2023325,13.0,0.0,-78.0
1777891244.2123325,8.0,0.0,-73.0
1777891244.2223325,5.0,1.0,-75.0
1777891244.2323325,8.0,0.0,-75.0
1777891244.2423325,8.0,-2.0,-80.0
1777891244.2523324,13.0,-8.0,-78.0
1777891244.2623324,14.0,-10.0,-68.0
1777891244.2723324,11.0,-7.0,-70.0
1777891244.2823324,9.0,-1.0,-71.0
1777891244.2923324,10.0,-2.0,-70.0
1777891244.3023324,11.0,0.0,-75.0
1777891244.3123324,5.0,2.0,-78.0
1777891244.3223324,4.0,2.0,-79.0
1777891244.3323324,5.0,1.0,-80.0
1777891244.3423324,2.0,7.0,-80.0
1777891244.3523324,1.0,8.0,-78.0
1777891244.3623323,-1.0,7.0,-77.0
1777891244.3723323,0.0,3.0,-81.0
1777891244.3823323,0.0,2.0,-73.0
1777891244.3923323,2.0,3.0,-71.0
1777891244.4023323,4.0,3.0,-76.0
1777891244.4123323,5.0,5.0,-73.0
1777891244.4223323,5.0,1.0,-73.0
1777891244.4323325,4.0,0.0,-72.0
1777891244.4423325,0.0,-1.0,-75.0
1777891244.4523325,0.0,-4.0,-73.0
1777891244.4623325,-1.0,-7.0,-68.0
1777891244.4723325,0.0,-12.0,-60.0
1777891244.4823325,0.0,-10.0,-65.0
1777891244.4923325,1.0,-6.0,-67.0
1777891244.5023324,2.0,-6.0,-68.0
1777891244.5123324,0.0,-4.0,-64.0
1777891244.5223324,3.0,0.0,-70.0
1777891244.5323324,3.0,0.0,-72.0
1777891244.5423324,5.0,0.0,-75.0
1777891244.5523324,3.0,0.0,-76.0
1777891244.5623324,8.0,0.0,-78.0
1777891244.5723324,10.0,-1.0,-75.0
1777891244.5823324,12.0,0.0,-69.0
1777891244.5923324,11.0,-1.0,-64.0
1777891244.6023324,7.0,0.0,-63.0
1777891244.6123323,7.0,0.0,-65.0
1777891244.6223323,7.0,-3.0,-65.0
1777891244.6323323,11.0,-2.0,-69.0
1777891244.6423323,6.0,-1.0,-67.0
1777891244.6523323,4.0,-2.0,-64.0
1777891244.6623323,6.0,-5.0,-69.0
1777891244.6723323,5.0,-5.0,-75.0
1777891244.6823325,4.0,-3.0,-76.0
1777891244.6923325,3.0,-1.0,-81.0
1777891244.7023325,4.0,1.0,-80.0
1777891244.7123325,5.0,0.0,-76.0
1777891244.7223325,4.0,3.0,-73.0
1777891244.7323325,2.0,4.0,-75.0
1777891244.7423325,3.0,5.0,-75.0
1777891244.7523324,4.0,4.0,-72.0
1777891244.7623324,0.0,3.0,-73.0
1777891244.7723324,0.0,0.0,-78.0
1777891244.7823324,1.0,-2.0,-75.0
1777891244.7923324,-2.0,-3.0,-72.0
1777891244.8023324,1.0,-2.0,-75.0
1777891244.8123324,5.0,-1.0,-75.0
1777891244.8223324,7.0,-2.0,-74.0
1777891244.8323324,8.0,-2.0,-79.0
1777891244.8423324,5.0,-2.0,-75.0
1777891244.8523324,2.0,0.0,-80.0
1777891244.8623323,0.0,4.0,-81.0
1777891244.8723323,-2.0,5.0,-83.0
1777891244.8823323,-4.0,1.0,-92.0
1777891244.8923323,-1.0,1.0,-89.0
1777891244.9023323,-1.0,-3.0,-85.0
1777891244.9123323,-1.0,-5.0,-83.0
1777891244.9223323,0.0,-6.0,-84.0
1777891244.9323325,1.0,-3.0,-81.0
1777891244.9423325,-2.0,-3.0,-71.0
1777891244.9523325,-7.0,-4.0,-72.0
1777891244.9623325,-3.0,-2.0,-68.0
1777891244.9723325,-1.0,-8.0,-69.0
1777891244.9823325,-2.0,-7.0,-73.0
1777891244.9923325,0.0,-8.0,-76.0
1777891245.0023324,-2.0,-7.0,-73.0
1777891245.0123324,-5.0,-4.0,-71.0
1777891245.0223324,-2.0,-2.0,-71.0
1777891245.0323324,-4.0,-4.0,-63.0
1777891245.0423324,-6.0,-4.0,-64.0
1777891245.0523324,-4.0,-7.0,-68.0
1777891245.0623324,-2.0,-2.0,-69.0
1777891245.0733323,-1.0,-2.0,-70.0
1777891245.0833323,2.0,-1.0,-70.0
1777891245.0923324,2.0,-6.0,-69.0
1777891245.1033323,4.0,-4.0,-80.0
1777891245.1133325,4.0,-1.0,-78.0
1777891245.1233325,8.0,-4.0,-86.0
1777891245.1333325,4.0,-2.0,-85.0
1777891245.1433325,2.0,-10.0,-77.0
1777891245.1533325,0.0,-4.0,-74.0
1777891245.1633325,-3.0,-3.0,-73.0
1777891245.1733325,-7.0,-3.0,-74.0
1777891245.1833324,-9.0,1.0,-75.0
1777891245.1933324,-7.0,2.0,-76.0
1777891245.2033324,-5.0,3.0,-69.0
1777891245.2133324,-7.0,6.0,-72.0
1777891245.2233324,-4.0,8.0,-70.0
1777891245.2333324,0.0,9.0,-74.0
1777891245.2433324,0.0,6.0,-76.0
1777891245.2533324,-1.0,0.0,-76.0
1777891245.2633324,0.0,0.0,-71.0
1777891245.2733324,-2.0,4.0,-78.0
1777891245.2833323,1.0,5.0,-77.0
1777891245.2933323,3.0,8.0,-75.0
1777891245.3033323,5.0,2.0,-74.0
1777891245.3133323,4.0,0.0,-67.0
1777891245.3233323,-2.0,-2.0,-71.0
1777891245.3333323,-3.0,-4.0,-75.0
1777891245.3433323,-2.0,-3.0,-76.0
1777891245.3533323,-5.0,-3.0,-77.0
1777891245.3633325,-5.0,-1.0,-83.0
1777891245.3733325,-4.0,-2.0,-86.0
1777891245.3833325,-5.0,0.0,-77.0
1777891245.3933325,-3.0,0.0,-73.0
1777891245.4033325,-6.0,-3.0,-75.0
1777891245.4133325,-3.0,-4.0,-74.0
1777891245.4233325,-3.0,-1.0,-73.0
1777891245.4333324,-6.0,-4.0,-72.0
1777891245.4433324,-3.0,0.0,-72.0
1777891245.4533324,-1.0,0.0,-76.0
1777891245.4633324,3.0,0.0,-72.0
1777891245.4733324,5.0,-1.0,-67.0
1777891245.4833324,7.0,0.0,-71.0
1777891245.4933324,5.0,3.0,-69.0
1777891245.5033324,8.0,4.0,-72.0
1777891245.5133324,13.0,5.0,-78.0
1777891245.5233324,10.0,6.0,-78.0
1777891245.5333323,14.0,2.0,-83.0
1777891245.5433323,13.0,5.0,-80.0
1777891245.5533323,12.0,3.0,-81.0
1777891245.5633323,7.0,1.0,-80.0
1777891245.5733323,3.0,-3.0,-80.0
1777891245.5833323,0.0,-1.0,-81.0
1777891245.5933323,0.0,-2.0,-82.0
1777891245.6033323,-3.0,0.0,-80.0
1777891245.6133325,0.0,-2.0,-75.0
1777891245.6233325,2.0,0.0,-72.0
1777891245.6333325,2.0,-2.0,-66.0
1777891245.6433325,0.0,-3.0,-65.0
1777891245.6533325,-2.0,2.0,-67.0
1777891245.6633325,-2.0,5.0,-69.0
1777891245.6733325,0.0,8.0,-70.0
1777891245.6833324,-2.0,5.0,-69.0
1777891245.6933324,-2.0,2.0,-72.0
1777891245.7033324,-5.0,0.0,-71.0
1777891245.7133324,-2.0,0.0,-74.0
1777891245.7233324,0.0,-2.0,-75.0
1777891245.7333324,-4.0,0.0,-73.0
1777891245.7433324,-5.0,-2.0,-72.0
1777891245.7533324,-3.0,0.0,-73.0
1777891245.7633324,-3.0,0.0,-70.0
1777891245.7733324,-3.0,0.0,-71.0
1777891245.7833323,-2.0,0.0,-67.0
1777891245.7933323,2.0,-1.0,-70.0
1777891245.8033323,5.0,0.0,-66.0
1777891245.8133323,6.0,4.0,-61.0
1777891245.8233323,6.0,2.0,-61.0
1777891245.8333323,6.0,0.0,-71.0
1777891245.8433323,-1.0,0.0,-64.0
1777891245.8533323,0.0,-4.0,-59.0
1777891245.8633325,0.0,-4.0,-64.0
1777891245.8733325,0.0,-2.0,-67.0
1777891245.8833325,3.0,0.0,-68.0
1777891245.8933325,6.0,3.0,-69.0
1777891245.9033325,5.0,0.0,-71.0
1777891245.9133325,3.0,-2.0,-77.0
1777891245.9233325,4.0,-4.0,-80.0
1777891245.9333324,0.0,-4.0,-85.0
1777891245.9433324,1.0,-3.0,-84.0
1777891245.9533324,1.0,-4.0,-83.0
1777891245.9633324,4.0,0.0,-77.0
1777891245.9733324,5.0,0.0,-76.0
1777891245.9833324,7.0,1.0,-72.0
1777891245.9933324,6.0,2.0,-72.0
1777891246.0033324,5.0,3.0,-66.0
1777891246.0133324,1.0,3.0,-64.0
1777891246.0233324,1.0,2.0,-70.0
1777891246.0333323,0.0,1.0,-69.0
1777891246.0443325,1.0,-4.0,-68.0
1777891246.0533323,1.0,-6.0,-68.0
1777891246.0633323,-5.0,-7.0,-70.0
1777891246.0733323,-4.0,-9.0,-72.0
1777891246.0833323,-3.0,-10.0,-72.0
1777891246.0933323,-5.0,-8.0,-73.0
1777891246.1033323,-2.0,-5.0,-75.0
1777891246.1133325,-2.0,-1.0,-78.0
1777891246.1233325,0.0,0.0,-81.0
1777891246.1333325,0.0,0.0,-83.0
1777891246.1433325,1.0,-2.0,-74.0
1777891246.1533325,0.0,0.0,-69.0
1777891246.1633325,2.0,-2.0,-67.0
1777891246.1733325,6.0,0.0,-67.0
1777891246.1833324,9.0,-1.0,-67.0
1777891246.1933324,10.0,-3.0,-69.0
1777891246.2033324,7.0,-3.0,-71.0
1777891246.2133324,11.0,-3.0,-70.0
1777891246.2233324,11.0,-1.0,-71.0
1777891246.2333324,13.0,0.0,-68.0
1777891246.2433324,13.0,-2.0,-72.0
1777891246.2533324,12.0,-1.0,-67.0
1777891246.2633324,9.0,-3.0,-72.0
1777891246.2733324,4.0,0.0,-74.0
1777891246.2833323,1.0,2.0,-76.0
1777891246.2933323,0.0,1.0,-81.0
1777891246.3033323,0.0,-2.0,-79.0
1777891246.3133323,1.0,1.0,-85.0
1777891246.3233323,0.0,1.0,-84.0
1777891246.3333323,2.0,0.0,-85.0
1777891246.3433323,1.0,4.0,-80.0
1777891246.3533323,2.0,4.0,-77.0
1777891246.3633325,2.0,0.0,-80.0
1777891246.3733325,2.0,-1.0,-78.0
1777891246.3833325,7.0,-1.0,-73.0
1777891246.3933325,12.0,0.0,-66.0
1777891246.4033325,11.0,-2.0,-74.0
1777891246.4133325,7.0,-4.0,-71.0
1777891246.4233325,-2.0,0.0,-71.0
1777891246.4333324,-3.0,0.0,-70.0
1777891246.4433324,-3.0,-2.0,-70.0
1777891246.4533324,-5.0,0.0,-70.0
1777891246.4633324,-9.0,-2.0,-72.0
1777891246.4733324,-7.0,-2.0,-71.0
1777891246.4833324,-8.0,3.0,-67.0
1777891246.4933324,-9.0,0.0,-64.0
1777891246.5033324,-7.0,2.0,-61.0
1777891246.5133324,-9.0,0.0,-64.0
1777891246.5233324,-14.0,0.0,-65.0
1777891246.5333323,-11.0,0.0,-69.0
1777891246.5433323,-10.0,2.0,-64.0
1777891246.5533323,-13.0,2.0,-66.0
1777891246.5633323,-12.0,0.0,-71.0
1777891246.5733323,-11.0,-2.0,-69.0
1777891246.5833323,-17.0,-2.0,-72.0
1777891246.5933323,-13.0,0.0,-72.0
1777891246.6033323,-8.0,0.0,-67.0
1777891246.6133325,-9.0,1.0,-64.0
1777891246.6233325,-7.0,4.0,-68.0
1777891246.6333325,-2.0,4.0,-69.0
1777891246.6433325,-7.0,4.0,-68.0
1777891246.6533325,-5.0,0.0,-66.0
1777891246.6633325,-3.0,-1.0,-64.0
1777891246.6733325,1.0,0.0,-63.0
1777891246.6833324,0.0,0.0,-66.0
1777891246.6933324,-2.0,2.0,-70.0
1777891246.7033324,1.0,2.0,-70.0
1777891246.7133324,-1.0,3.0,-66.0
1777891246.7233324,-1.0,-1.0,-68.0
1777891246.7333324,0.0,-3.0,-70.0
1777891246.7433324,2.0,-3.0,-70.0
1777891246.7533324,1.0,-6.0,-74.0
1777891246.7633324,1.0,-4.0,-80.0
1777891246.7733324,2.0,-5.0,-85.0
1777891246.7833323,1.0,-6.0,-84.0
1777891246.7933323,7.0,-8.0,-78.0
1777891246.8033323,4.0,-2.0,-81.0
1777891246.8133323,0.0,0.0,-78.0
1777891246.8233323,0.0,3.0,-74.0
1777891246.8333323,-4.0,0.0,-73.0
1777891246.8433323,-3.0,0.0,-75.0
1777891246.8533323,-3.0,-3.0,-75.0
1777891246.8633325,-1.0,-3.0,-80.0
1777891246.8733325,-2.0,-4.0,-74.0
1777891246.8833325,-1.0,-4.0,-68.0
1777891246.8933325,-4.0,0.0,-64.0
1777891246.9033325,-4.0,-3.0,-66.0
1777891246.9133325,0.0,-3.0,-64.0
1777891246.9233325,-2.0,0.0,-71.0
1777891246.9333324,-7.0,3.0,-73.0
1777891246.9433324,-3.0,-1.0,-77.0
1777891246.9533324,-1.0,0.0,-71.0
1777891246.9633324,0.0,-2.0,-70.0
1777891246.9733324,-2.0,0.0,-72.0
1777891246.9833324,-1.0,0.0,-70.0
1777891246.9933324,2.0,2.0,-73.0
1777891247.0033324,2.0,2.0,-78.0
1777891247.0133324,3.0,2.0,-75.0
1777891247.0233324,6.0,3.0,-73.0
1777891247.0333323,2.0,0.0,-72.0
1777891247.0433323,6.0,-1.0,-70.0
1777891247.0533323,3.0,-3.0,-70.0
1777891247.0633323,2.0,-5.0,-69.0
1777891247.0733323,1.0,-4.0,-71.0
1777891247.0833323,1.0,-5.0,-70.0
1777891247.0943325,0.0,-4.0,-72.0
1777891247.1043324,2.0,-4.0,-64.0
1777891247.1143324,-1.0,-3.0,-65.0
1777891247.1243324,-7.0,0.0,-62.0
1777891247.1343324,-6.0,4.0,-62.0
1777891247.1443324,-4.0,2.0,-64.0
1777891247.1543324,0.0,4.0,-63.0
1777891247.1643324,0.0,6.0,-63.0
1777891247.1743324,1.0,2.0,-66.0
1777891247.1843324,4.0,-1.0,-71.0
1777891247.1943324,7.0,-7.0,-75.0
1777891247.2043324,4.0,-7.0,-75.0
1777891247.2143323,4.0,-10.0,-77.0
1777891247.2243323,5.0,-6.0,-76.0
1777891247.2343323,2.0,-3.0,-79.0
1777891247.2443323,3.0,-7.0,-74.0
1777891247.2543323,6.0,-10.0,-75.0
1777891247.2643323,8.0,-4.0,-69.0
1777891247.2743323,6.0,-4.0,-73.0
1777891247.2843325,5.0,-3.0,-78.0
1777891247.2943325,5.0,0.0,-78.0
1777891247.3043325,0.0,0.0,-81.0
1777891247.3143325,1.0,-2.0,-82.0
1777891247.3243325,3.0,0.0,-79.0
1777891247.3343325,1.0,-2.0,-72.0
1777891247.3443325,0.0,-3.0,-72.0
1777891247.3543324,4.0,-3.0,-69.0
1777891247.3643324,6.0,-4.0,-71.0
1777891247.3743324,6.0,1.0,-71.0
1777891247.3843324,2.0,5.0,-73.0
1777891247.3943324,0.0,4.0,-70.0
1777891247.4043324,3.0,1.0,-72.0
1777891247.4143324,2.0,3.0,-72.0
1777891247.4243324,5.0,2.0,-66.0
1777891247.4343324,7.0,-1.0,-68.0
1777891247.4443324,7.0,-3.0,-69.0
1777891247.4543324,1.0,-1.0,-71.0
1777891247.4643323,-1.0,3.0,-72.0
1777891247.4743323,-3.0,2.0,-73.0
1777891247.4843323,-3.0,0.0,-71.0
1777891247.4943323,-5.0,1.0,-76.0
1777891247.5043323,-3.0,0.0,-82.0
1777891247.5143323,-4.0,0.0,-84.0
1777891247.5243323,-8.0,1.0,-82.0
1777891247.5343325,-12.0,0.0,-81.0
1777891247.5443325,-9.0,1.0,-85.0
1777891247.5543325,-6.0,1.0,-83.0
1777891247.5643325,-3.0,0.0,-78.0
1777891247.5743325,-7.0,0.0,-85.0
1777891247.5843325,-3.0,-3.0,-85.0
1777891247.5943325,0.0,0.0,-84.0
1777891247.6043324,0.0,-2.0,-80.0
1777891247.6143324,-2.0,-1.0,-73.0
1777891247.6243324,-4.0,-2.0,-74.0
1777891247.6343324,-3.0,-1.0,-74.0
1777891247.6443324,-2.0,0.0,-68.0
1777891247.6543324,2.0,0.0,-72.0
1777891247.6643324,1.0,-2.0,-72.0
1777891247.6743324,3.0,1.0,-69.0
1777891247.6843324,-1.0,3.0,-74.0
1777891247.6943324,0.0,2.0,-71.0
1777891247.7043324,1.0,0.0,-73.0
1777891247.7143323,0.0,0.0,-69.0
1777891247.7243323,1.0,0.0,-73.0
1777891247.7343323,-1.0,-2.0,-75.0
1777891247.7443323,-1.0,-1.0,-76.0
1777891247.7543323,-5.0,0.0,-82.0
1777891247.7643323,-7.0,-1.0,-82.0
1777891247.7743323,-4.0,-2.0,-74.0
1777891247.7843325,0.0,-2.0,-75.0
1777891247.7943325,1.0,4.0,-79.0
1777891247.8043325,0.0,5.0,-83.0
1777891247.8143325,0.0,4.0,-76.0
1777891247.8243325,0.0,6.0,-73.0
1777891247.8343325,0.0,7.0,-70.0
1777891247.8443325,-6.0,7.0,-71.0
1777891247.8543324,-1.0,10.0,-71.0
1777891247.8643324,0.0,8.0,-65.0
1777891247.8743324,0.0,3.0,-67.0
1777891247.8843324,-1.0,3.0,-66.0
1777891247.8943324,-7.0,-1.0,-61.0
1777891247.9043324,-8.0,0.0,-59.0
1777891247.9143324,-1.0,-1.0,-66.0
1777891247.9243324,3.0,-3.0,-64.0
1777891247.9343324,7.0,4.0,-61.0
1777891247.9443324,2.0,4.0,-67.0
1777891247.9543324,3.0,3.0,-67.0
1777891247.9643323,-1.0,5.0,-71.0
1777891247.9743323,-1.0,3.0,-71.0
1777891247.9843323,-5.0,2.0,-74.0
1777891247.9943323,0.0,1.0,-72.0
1777891248.0043323,3.0,-3.0,-70.0
1777891248.0143323,4.0,-4.0,-62.0
1777891248.0243323,8.0,-6.0,-64.0
1777891248.0343325,7.0,-6.0,-72.0
1777891248.0443325,4.0,-3.0,-76.0
1777891248.0543325,3.0,-1.0,-72.0
1777891248.0643325,3.0,2.0,-71.0
1777891248.0743325,10.0,5.0,-70.0
1777891248.0843325,9.0,1.0,-67.0
1777891248.0943325,9.0,1.0,-60.0
1777891248.1043324,7.0,0.0,-61.0
1777891248.1143324,8.0,-2.0,-61.0
1777891248.1243324,5.0,1.0,-60.0
1777891248.1343324,5.0,-3.0,-60.0
1777891248.1443324,5.0,-2.0,-62.0
1777891248.1543324,4.0,0.0,-63.0
1777891248.1643324,1.0,-2.0,-60.0
1777891248.1743324,1.0,-4.0,-67.0
1777891248.1843324,0.0,-4.0,-73.0
1777891248.1943324,-3.0,-4.0,-70.0
1777891248.2043324,-3.0,-1.0,-71.0
1777891248.2143323,-3.0,-4.0,-66.0
1777891248.2243323,0.0,0.0,-66.0
1777891248.2343323,-1.0,0.0,-69.0
1777891248.2443323,2.0,-2.0,-76.0
1777891248.2543323,-1.0,-5.0,-73.0
1777891248.2643323,-3.0,0.0,-68.0
1777891248.2743323,-4.0,0.0,-65.0
1777891248.2843325,0.0,0.0,-72.0
1777891248.2943325,5.0,-1.0,-71.0
1777891248.3043325,4.0,1.0,-71.0
1777891248.3143325,0.0,-1.0,-73.0
1777891248.3243325,2.0,0.0,-73.0
1777891248.3343325,1.0,-1.0,-81.0
1777891248.3443325,2.0,0.0,-76.0
1777891248.3543324,3.0,-6.0,-71.0
1777891248.3643324,4.0,-3.0,-69.0
1777891248.3743324,3.0,-3.0,-73.0
1777891248.3843324,1.0,0.0,-76.0
1777891248.3943324,1.0,4.0,-73.0
1777891248.4043324,2.0,2.0,-72.0
1777891248.4143324,1.0,1.0,-70.0
1777891248.4243324,4.0,0.0,-73.0
1777891248.4343324,3.0,-3.0,-78.0
1777891248.4443324,3.0,-8.0,-83.0
1777891248.4543324,4.0,-10.0,-79.0
1777891248.4643323,1.0,-5.0,-72.0
1777891248.4743323,-2.0,-6.0,-71.0
1777891248.4843323,0.0,-7.0,-74.0
1777891248.4943323,-2.0,-1.0,-72.0
1777891248.5043323,0.0,1.0,-73.0
1777891248.5143323,-1.0,1.0,-64.0
1777891248.5243323,0.0,1.0,-64.0
1777891248.5343325,-3.0,3.0,-66.0
1777891248.5443325,-3.0,2.0,-78.0
1777891248.5543325,-2.0,7.0,-79.0
1777891248.5643325,0.0,3.0,-72.0
1777891248.5743325,1.0,1.0,-70.0
1777891248.5843325,0.0,0.0,-69.0
1777891248.5943325,1.0,0.0,-75.0
1777891248.6043324,5.0,-1.0,-70.0
1777891248.6143324,1.0,-6.0,-68.0
1777891248.6243324,4.0,-6.0,-77.0
1777891248.6343324,1.0,-4.0,-86.0
1777891248.6443324,1.0,-4.0,-79.0
1777891248.6543324,1.0,-5.0,-69.0
1777891248.6643324,-3.0,-6.0,-70.0
1777891248.6743324,-5.0,-6.0,-74.0
1777891248.6843324,-4.0,-5.0,-72.0
1777891248.6943324,-6.0,-5.0,-70.0
1777891248.7043324,-9.0,-2.0,-76.0
1777891248.7143323,-9.0,-4.0,-70.0
1777891248.7243323,-4.0,-7.0,-74.0
1777891248.7343323,-6.0,-8.0,-67.0
1777891248.7443323,-3.0,-7.0,-68.0
1777891248.7543323,-1.0,-4.0,-67.0
1777891248.7643323,0.0,-3.0,-68.0
1777891248.7743323,-1.0,1.0,-77.0
1777891248.7843325,0.0,1.0,-70.0
1777891248.7943325,0.0,4.0,-66.0
1777891248.8043325,-2.0,1.0,-69.0
1777891248.8143325,0.0,-2.0,-62.0
1777891248.8243325,-2.0,1.0,-62.0
1777891248.8343325,-4.0,-6.0,-70.0
1777891248.8443325,-5.0,0.0,-69.0
1777891248.8543324,-4.0,1.0,-70.0
1777891248.8643324,-2.0,1.0,-75.0
1777891248.8743324,-1.0,1.0,-76.0
1777891248.8843324,-2.0,3.0,-71.0
1777891248.8943324,-3.0,5.0,-72.0
1777891248.9043324,-3.0,7.0,-70.0
1777891248.9143324,0.0,7.0,-67.0
1777891248.9243324,-3.0,7.0,-62.0
1777891248.9343324,-4.0,4.0,-67.0
1777891248.9443324,0.0,4.0,-72.0
1777891248.9543324,0.0,3.0,-70.0
1777891248.9643323,0.0,4.0,-73.0
1777891248.9743323,0.0,4.0,-75.0
1777891248.9843323,2.0,0.0,-72.0
1777891248.9943323,6.0,0.0,-69.0
1777891249.0043323,6.0,0.0,-70.0
1777891249.0143323,2.0,3.0,-74.0
1777891249.0243323,0.0,5.0,-72.0
1777891249.0343325,-1.0,5.0,-73.0
1777891249.0453324,0.0,6.0,-75.0
1777891249.0553324,-1.0,6.0,-74.0
1777891249.0653324,-2.0,7.0,-76.0
1777891249.0743325,-3.0,6.0,-72.0
1777891249.0853324,1.0,6.0,-68.0
1777891249.0953324,4.0,4.0,-67.0
1777891249.1053324,3.0,2.0,-64.0
1777891249.1153324,2.0,3.0,-66.0
1777891249.1253324,-2.0,3.0,-76.0
1777891249.1353323,0.0,3.0,-76.0
1777891249.1453323,2.0,0.0,-74.0
1777891249.1553323,5.0,1.0,-76.0
1777891249.1653323,8.0,3.0,-83.0
1777891249.1753323,6.0,5.0,-81.0
1777891249.1853323,7.0,0.0,-83.0
1777891249.1953323,5.0,1.0,-74.0
1777891249.2053325,4.0,0.0,-75.0
1777891249.2153325,2.0,0.0,-74.0
1777891249.2253325,3.0,-4.0,-71.0
1777891249.2353325,2.0,-3.0,-72.0
1777891249.2453325,3.0,1.0,-76.0
1777891249.2553325,3.0,0.0,-80.0
1777891249.2653325,7.0,1.0,-82.0
1777891249.2753325,7.0,0.0,-79.0
1777891249.2853324,8.0,0.0,-80.0
1777891249.2953324,7.0,3.0,-76.0
1777891249.3053324,2.0,3.0,-69.0
1777891249.3153324,0.0,3.0,-71.0
1777891249.3253324,2.0,2.0,-66.0
1777891249.3353324,0.0,1.0,-69.0
1777891249.3453324,4.0,0.0,-74.0
1777891249.3553324,2.0,0.0,-73.0
1777891249.3653324,2.0,2.0,-70.0
1777891249.3753324,1.0,3.0,-68.0
1777891249.3853323,5.0,1.0,-66.0
1777891249.3953323,9.0,0.0,-65.0
1777891249.4053323,4.0,-1.0,-70.0
1777891249.4153323,5.0,-1.0,-72.0
1777891249.4253323,4.0,-5.0,-80.0
1777891249.4353323,5.0,-4.0,-84.0
1777891249.4453323,6.0,-5.0,-86.0
1777891249.4553325,5.0,-1.0,-89.0
1777891249.4653325,8.0,-3.0,-85.0
1777891249.4753325,5.0,-3.0,-82.0
1777891249.4853325,5.0,-2.0,-80.0
1777891249.4953325,6.0,-3.0,-80.0
1777891249.5053325,7.0,0.0,-79.0
1777891249.5153325,7.0,0.0,-83.0
1777891249.5253325,8.0,3.0,-79.0
1777891249.5353324,10.0,3.0,-73.0
1777891249.5453324,8.0,4.0,-72.0
1777891249.5553324,10.0,5.0,-68.0
1777891249.5653324,6.0,0.0,-68.0
1777891249.5753324,4.0,-4.0,-66.0
1777891249.5853324,1.0,2.0,-64.0
1777891249.5953324,0.0,1.0,-69.0
1777891249.6053324,0.0,0.0,-69.0
1777891249.6153324,0.0,3.0,-68.0
1777891249.6253324,0.0,-3.0,-68.0
1777891249.6353323,5.0,-5.0,-74.0
1777891249.6453323,7.0,-8.0,-77.0
1777891249.6553323,7.0,-8.0,-67.0
1777891249.6653323,2.0,-5.0,-69.0
1777891249.6753323,-1.0,-3.0,-67.0
1777891249.6853323,-2.0,-2.0,-64.0
1777891249.6953323,-1.0,-3.0,-62.0
1777891249.7053325,0.0,-3.0,-61.0
1777891249.7153325,0.0,-1.0,-54.0
1777891249.7253325,0.0,-7.0,-56.0
1777891249.7353325,1.0,-8.0,-64.0
1777891249.7453325,5.0,-3.0,-65.0
1777891249.7553325,6.0,-1.0,-68.0
1777891249.7653325,3.0,-3.0,-68.0
1777891249.7753325,4.0,-2.0,-62.0
1777891249.7853324,4.0,-7.0,-64.0
1777891249.7953324,4.0,-3.0,-68.0
1777891249.8053324,6.0,-3.0,-69.0
1777891249.8153324,5.0,1.0,-69.0
1777891249.8253324,4.0,0.0,-70.0
1777891249.8353324,0.0,-3.0,-68.0
1777891249.8453324,0.0,-2.0,-72.0
1777891249.8553324,0.0,0.0,-69.0
1777891249.8653324,2.0,-1.0,-69.0
1777891249.8753324,4.0,-3.0,-69.0
1777891249.8853323,2.0,-2.0,-69.0
1777891249.8953323,3.0,0.0,-73.0
1777891249.9053323,5.0,2.0,-73.0
1777891249.9153323,3.0,4.0,-69.0
1777891249.9253323,3.0,2.0,-69.0
1777891249.9353323,1.0,0.0,-72.0
1777891249.9453323,-3.0,-2.0,-76.0
1777891249.9553325,-4.0,-3.0,-75.0
1777891249.9653325,-7.0,-1.0,-69.0
1777891249.9753325,-3.0,0.0,-72.0
1777891249.9853325,0.0,-2.0,-72.0
1777891249.9953325,0.0,-2.0,-72.0
1777891250.0053325,0.0,0.0,-79.0
1777891250.0153325,-1.0,-1.0,-78.0
1777891250.0253325,-2.0,0.0,-75.0
1777891250.0353324,0.0,1.0,-74.0
1777891250.0453324,0.0,1.0,-71.0
1777891250.0553324,1.0,-3.0,-73.0
1777891250.0653324,2.0,0.0,-69.0
1777891250.0753324,3.0,-3.0,-71.0
1777891250.0853324,0.0,-3.0,-63.0
1777891250.0953324,-2.0,0.0,-60.0
1777891250.1053324,-2.0,3.0,-62.0
1777891250.1153324,-8.0,1.0,-66.0
1777891250.1253324,-8.0,0.0,-67.0
1777891250.1353323,-7.0,-2.0,-63.0
1777891250.1453323,-6.0,-2.0,-63.0
1777891250.1553323,-1.0,-1.0,-59.0
1777891250.1653323,-3.0,-6.0,-65.0
1777891250.1753323,-2.0,-7.0,-71.0
1777891250.1853323,-1.0,0.0,-73.0
1777891250.1953323,-5.0,0.0,-69.0
1777891250.2053325,-5.0,-1.0,-74.0
1777891250.2153325,-6.0,-2.0,-70.0
1777891250.2253325,0.0,1.0,-70.0
1777891250.2353325,0.0,3.0,-76.0
1777891250.2453325,-1.0,0.0,-83.0
1777891250.2553325,-1.0,0.0,-77.0
1777891250.2653325,-5.0,-1.0,-80.0
1777891250.2753325,-5.0,-4.0,-77.0
1777891250.2853324,-5.0,-3.0,-75.0
1777891250.2953324,0.0,0.0,-71.0
1777891250.3053324,0.0,0.0,-70.0
1777891250.3153324,0.0,-2.0,-73.0
1777891250.3253324,0.0,-2.0,-77.0
1777891250.3353324,-1.0,-5.0,-70.0
1777891250.3453324,-3.0,-4.0,-71.0
1777891250.3553324,-1.0,0.0,-67.0
1777891250.3653324,-1.0,2.0,-64.0
1777891250.3753324,-1.0,1.0,-62.0
1777891250.3853323,3.0,0.0,-65.0
1777891250.3953323,3.0,4.0,-71.0
1777891250.4053323,10.0,3.0,-64.0
1777891250.4153323,8.0,0.0,-65.0
1777891250.4253323,7.0,-1.0,-66.0
1777891250.4353323,4.0,-2.0,-69.0
1777891250.4453323,8.0,-1.0,-65.0
1777891250.4553325,0.0,0.0,-70.0
1777891250.4653325,-2.0,1.0,-72.0
1777891250.4753325,-1.0,1.0,-67.0
1777891250.4853325,-6.0,3.0,-68.0
1777891250.4953325,-1.0,3.0,-68.0
1777891250.5053325,0.0,1.0,-75.0
1777891250.5153325,-1.0,0.0,-73.0
1777891250.5253325,-2.0,0.0,-70.0
1777891250.5353324,0.0,-3.0,-73.0
1777891250.5453324,0.0,0.0,-78.0
1777891250.5553324,-3.0,0.0,-74.0
1777891250.5653324,-1.0,-2.0,-71.0
1777891250.5753324,-1.0,-3.0,-78.0
1777891250.5853324,-3.0,-4.0,-84.0
1777891250.5953324,-1.0,-3.0,-84.0
1777891250.6053324,0.0,-8.0,-78.0
1777891250.6153324,1.0,-8.0,-73.0
1777891250.6253324,1.0,-6.0,-80.0
1777891250.6353323,3.0,0.0,-79.0
1777891250.6453323,1.0,-2.0,-74.0
1777891250.6553323,2.0,0.0,-77.0
1777891250.6653323,-3.0,0.0,-80.0
1777891250.6753323,-7.0,2.0,-78.0
1777891250.6853323,-6.0,0.0,-73.0
1777891250.6953323,0.0,-5.0,-74.0
1777891250.7053325,0.0,-4.0,-75.0
1777891250.7153325,2.0,-7.0,-76.0
1777891250.7253325,0.0,-8.0,-80.0
1777891250.7353325,0.0,-4.0,-80.0
1777891250.7453325,-3.0,-1.0,-80.0
1777891250.7553325,-5.0,3.0,-89.0
1777891250.7653325,-4.0,3.0,-88.0
1777891250.7753325,-2.0,0.0,-88.0
1777891250.7853324,1.0,1.0,-87.0
1777891250.7953324,3.0,5.0,-81.0
1777891250.8053324,2.0,4.0,-82.0
1777891250.8153324,3.0,3.0,-80.0
1777891250.8253324,1.0,2.0,-86.0
1777891250.8353324,3.0,0.0,-91.0
1777891250.8453324,7.0,0.0,-83.0
1777891250.8553324,4.0,-2.0,-78.0
1777891250.8653324,4.0,-2.0,-79.0
1777891250.8753324,2.0,-1.0,-77.0
1777891250.8853323,1.0,2.0,-77.0
1777891250.8953323,0.0,0.0,-75.0
1777891250.9053323,1.0,0.0,-75.0
1777891250.9153323,1.0,-1.0,-74.0
1777891250.9253323,0.0,0.0,-73.0
1777891250.9353323,0.0,2.0,-70.0
1777891250.9453323,5.0,0.0,-65.0
1777891250.9553325,6.0,-2.0,-62.0
1777891250.9653325,4.0,-5.0,-59.0
1777891250.9753325,3.0,-5.0,-65.0
1777891250.9853325,2.0,-6.0,-65.0
1777891250.9953325,2.0,-3.0,-69.0
1777891251.0053325,5.0,-1.0,-72.0
1777891251.0153325,1.0,-1.0,-68.0
1777891251.0253325,2.0,0.0,-71.0
1777891251.0353324,1.0,2.0,-74.0
1777891251.0453324,0.0,2.0,-77.0
1777891251.0553324,-4.0,4.0,-75.0
1777891251.0663323,0.0,1.0,-72.0
1777891251.0763323,0.0,-1.0,-73.0
1777891251.0863323,-1.0,-3.0,-68.0
1777891251.0963323,1.0,0.0,-68.0
1777891251.1063323,4.0,1.0,-66.0
1777891251.1163323,6.0,2.0,-65.0
1777891251.1263323,4.0,3.0,-68.0
1777891251.1363325,6.0,3.0,-63.0
1777891251.1463325,4.0,0.0,-63.0
1777891251.1563325,3.0,0.0,-58.0
1777891251.1663325,1.0,0.0,-66.0
1777891251.1763325,3.0,-1.0,-71.0
1777891251.1863325,0.0,0.0,-74.0
1777891251.1963325,-2.0,0.0,-84.0
1777891251.2063324,-2.0,-1.0,-88.0
1777891251.2163324,0.0,1.0,-81.0
1777891251.2263324,2.0,3.0,-80.0
1777891251.2363324,2.0,0.0,-79.0
1777891251.2463324,3.0,-3.0,-78.0
1777891251.2563324,2.0,-3.0,-73.0
1777891251.2663324,1.0,-5.0,-68.0
1777891251.2763324,0.0,-4.0,-70.0
1777891251.2863324,1.0,-3.0,-73.0
1777891251.2963324,0.0,-1.0,-66.0
1777891251.3063323,-4.0,0.0,-65.0
1777891251.3163323,-2.0,0.0,-64.0
1777891251.3263323,1.0,3.0,-64.0
1777891251.3363323,-1.0,4.0,-70.0
1777891251.3463323,-2.0,4.0,-74.0
1777891251.3563323,1.0,1.0,-72.0
1777891251.3663323,2.0,2.0,-77.0
1777891251.3763323,-1.0,0.0,-81.0
1777891251.3863325,-2.0,-1.0,-75.0
1777891251.3963325,3.0,1.0,-77.0
1777891251.4063325,1.0,2.0,-80.0
1777891251.4163325,2.0,1.0,-80.0
1777891251.4263325,2.0,-5.0,-77.0
1777891251.4363325,2.0,-7.0,-66.0
1777891251.4463325,5.0,-9.0,-57.0
1777891251.4563324,6.0,-5.0,-61.0
1777891251.4663324,5.0,-4.0,-66.0
1777891251.4763324,0.0,0.0,-61.0
1777891251.4863324,-1.0,-1.0,-63.0
1777891251.4963324,0.0,0.0,-64.0
1777891251.5063324,-3.0,0.0,-64.0
1777891251.5163324,-4.0,-4.0,-67.0
1777891251.5263324,-4.0,0.0,-59.0
1777891251.5363324,-6.0,2.0,-66.0
1777891251.5463324,-4.0,1.0,-67.0
1777891251.5563323,-5.0,0.0,-69.0
1777891251.5663323,-6.0,0.0,-68.0
1777891251.5763323,-5.0,0.0,-75.0
1777891251.5863323,-2.0,4.0,-76.0
1777891251.5963323,2.0,6.0,-78.0
1777891251.6063323,2.0,5.0,-77.0
1777891251.6163323,0.0,4.0,-75.0
1777891251.6263323,2.0,2.0,-78.0
1777891251.6363325,3.0,1.0,-83.0
1777891251.6463325,1.0,-1.0,-85.0
1777891251.6563325,0.0,1.0,-85.0
1777891251.6663325,-1.0,0.0,-76.0
1777891251.6763325,-1.0,2.0,-73.0
1777891251.6863325,1.0,3.0,-72.0
1777891251.6963325,2.0,5.0,-72.0
1777891251.7063324,4.0,6.0,-78.0
1777891251.7163324,6.0,6.0,-77.0
1777891251.7263324,4.0,1.0,-71.0
1777891251.7363324,7.0,2.0,-67.0
1777891251.7463324,9.0,3.0,-70.0
1777891251.7563324,6.0,3.0,-72.0
1777891251.7663324,0.0,4.0,-71.0
1777891251.7763324,2.0,-1.0,-69.0
1777891251.7863324,-1.0,-1.0,-68.0
1777891251.7963324,-2.0,-6.0,-66.0
1777891251.8063323,-1.0,-5.0,-66.0
1777891251.8163323,-3.0,-4.0,-66.0
1777891251.8263323,-7.0,0.0,-65.0
1777891251.8363323,-6.0,4.0,-61.0
1777891251.8463323,0.0,10.0,-63.0
1777891251.8563323,2.0,7.0,-61.0
1777891251.8663323,1.0,6.0,-62.0
1777891251.8763323,1.0,6.0,-58.0
1777891251.8863325,2.0,1.0,-60.0
1777891251.8963325,0.0,3.0,-60.0
1777891251.9063325,0.0,4.0,-54.0
1777891251.9163325,0.0,1.0,-57.0
1777891251.9263325,2.0,0.0,-65.0
1777891251.9363325,4.0,0.0,-66.0
1777891251.9463325,3.0,0.0,-71.0
1777891251.9563324,-1.0,0.0,-70.0
1777891251.9663324,-3.0,3.0,-75.0
1777891251.9763324,-4.0,4.0,-76.0
1777891251.9863324,-2.0,9.0,-74.0
1777891251.9963324,0.0,6.0,-78.0
1777891252.0063324,-1.0,4.0,-79.0
1777891252.0163324,-4.0,2.0,-71.0
1777891252.0263324,5.0,3.0,-66.0
1777891252.0363324,4.0,2.0,-64.0
1777891252.0463324,0.0,3.0,-68.0
1777891252.0563323,-5.0,0.0,-69.0
1777891252.0663323,-4.0,0.0,-68.0
1777891252.0763323,-2.0,0.0,-67.0
1777891252.0863323,-3.0,-1.0,-69.0
1777891252.0963323,-1.0,0.0,-65.0
1777891252.1063323,-3.0,-1.0,-63.0
1777891252.1163323,0.0,-2.0,-58.0
1777891252.1263323,0.0,-3.0,-66.0
1777891252.1363325,0.0,-4.0,-64.0
1777891252.1463325,0.0,-2.0,-74.0
1777891252.1563325,-2.0,0.0,-70.0
1777891252.1663325,1.0,1.0,-69.0
1777891252.1763325,3.0,0.0,-68.0
1777891252.1863325,4.0,-3.0,-66.0
1777891252.1963325,-4.0,-3.0,-60.0
1777891252.2063324,0.0,-3.0,-65.0
1777891252.2163324,-1.0,-2.0,-64.0
1777891252.2263324,0.0,0.0,-62.0
1777891252.2363324,-1.0,-1.0,-60.0
1777891252.2463324,-4.0,1.0,-65.0
1777891252.2563324,-1.0,4.0,-69.0
1777891252.2663324,0.0,0.0,-73.0
1777891252.2763324,3.0,-3.0,-77.0
1777891252.2863324,0.0,0.0,-73.0
1777891252.2963324,3.0,0.0,-77.0
1777891252.3063323,2.0,-1.0,-78.0
1777891252.3163323,0.0,-5.0,-74.0
1777891252.3263323,0.0,-2.0,-72.0
1777891252.3363323,0.0,-2.0,-69.0
1777891252.3463323,-1.0,-3.0,-67.0
1777891252.3563323,-2.0,-3.0,-69.0
1777891252.3663323,-4.0,-5.0,-72.0
1777891252.3763323,0.0,-3.0,-76.0
1777891252.3863325,0.0,-1.0,-76.0
1777891252.3963325,-2.0,-6.0,-78.0
1777891252.4063325,0.0,-2.0,-74.0
1777891252.4163325,-4.0,0.0,-79.0
1777891252.4263325,-1.0,-5.0,-80.0
1777891252.4363325,-4.0,-6.0,-71.0
1777891252.4463325,-1.0,-6.0,-66.0
1777891252.4563324,0.0,-5.0,-64.0
1777891252.4663324,-1.0,0.0,-67.0
1777891252.4763324,-2.0,2.0,-67.0
1777891252.4863324,0.0,0.0,-65.0
1777891252.4963324,-1.0,-3.0,-74.0
1777891252.5063324,-1.0,0.0,-80.0
1777891252.5163324,0.0,-3.0,-76.0
1777891252.5263324,0.0,-1.0,-79.0
1777891252.5363324,1.0,3.0,-82.0
1777891252.5463324,-1.0,0.0,-78.0
1777891252.5563323,1.0,-2.0,-76.0
1777891252.5663323,1.0,-1.0,-78.0
1777891252.5763323,-4.0,-1.0,-72.0
1777891252.5863323,-2.0,0.0,-73.0
1777891252.5963323,1.0,-1.0,-74.0
1777891252.6063323,3.0,0.0,-77.0
1777891252.6163323,0.0,-2.0,-78.0
1777891252.6263323,2.0,-2.0,-77.0
1777891252.6363325,4.0,-1.0,-77.0
1777891252.6463325,2.0,-3.0,-79.0
1777891252.6563325,4.0,-1.0,-76.0
1777891252.6663325,5.0,-1.0,-75.0
1777891252.6763325,5.0,-7.0,-72.0
1777891252.6863325,4.0,-6.0,-67.0
1777891252.6963325,2.0,-7.0,-69.0
1777891252.7063324,4.0,-4.0,-78.0
1777891252.7163324,6.0,-6.0,-78.0
1777891252.7263324,2.0,-6.0,-80.0
1777891252.7363324,1.0,-3.0,-72.0
1777891252.7463324,0.0,0.0,-65.0
1777891252.7563324,0.0,-1.0,-69.0
1777891252.7663324,2.0,0.0,-71.0
1777891252.7763324,2.0,0.0,-72.0
1777891252.7863324,0.0,1.0,-76.0
1777891252.7963324,1.0,1.0,-74.0
1777891252.8063323,0.0,-2.0,-74.0
1777891252.8163323,3.0,0.0,-72.0
1777891252.8263323,4.0,0.0,-79.0
1777891252.8363323,5.0,0.0,-78.0
1777891252.8463323,5.0,0.0,-75.0
1777891252.8563323,2.0,0.0,-81.0
1777891252.8663323,2.0,0.0,-75.0
1777891252.8763323,6.0,1.0,-78.0
1777891252.8863325,6.0,0.0,-80.0
1777891252.8963325,3.0,-7.0,-75.0
1777891252.9063325,2.0,-9.0,-75.0
1777891252.9163325,3.0,-7.0,-71.0
1777891252.9263325,10.0,-9.0,-69.0
1777891252.9363325,12.0,-9.0,-75.0
1777891252.9463325,4.0,-4.0,-73.0
1777891252.9563324,1.0,-2.0,-74.0
1777891252.9663324,-1.0,-4.0,-72.0
1777891252.9763324,-6.0,-7.0,-73.0
1777891252.9863324,-6.0,-5.0,-74.0
1777891252.9963324,-4.0,-3.0,-70.0
1777891253.0073323,-2.0,-2.0,-70.0
1777891253.0173323,-1.0,-5.0,-75.0
1777891253.0263324,0.0,-5.0,-72.0
1777891253.0373323,-1.0,-1.0,-71.0
1777891253.0473323,0.0,-4.0,-77.0
1777891253.0573325,-2.0,-6.0,-69.0
1777891253.0673325,0.0,-1.0,-72.0
1777891253.0773325,0.0,-9.0,-72.0
1777891253.0873325,0.0,-7.0,-76.0
1777891253.0973325,0.0,-4.0,-67.0
1777891253.1073325,-3.0,0.0,-69.0
1777891253.1173325,-2.0,1.0,-75.0
1777891253.1273324,0.0,1.0,-75.0
1777891253.1373324,0.0,-1.0,-78.0
1777891253.1473324,0.0,0.0,-75.0
1777891253.1573324,1.0,0.0,-70.0
1777891253.1673324,1.0,0.0,-73.0
1777891253.1773324,4.0,0.0,-70.0
1777891253.1873324,4.0,-5.0,-75.0
1777891253.1973324,5.0,-6.0,-82.0
1777891253.2073324,4.0,-8.0,-77.0
1777891253.2173324,4.0,-6.0,-76.0
1777891253.2273324,1.0,-2.0,-80.0
1777891253.2373323,1.0,-2.0,-79.0
1777891253.2473323,4.0,1.0,-76.0
1777891253.2573323,2.0,0.0,-70.0
1777891253.2673323,3.0,-1.0,-62.0
1777891253.2773323,3.0,-1.0,-66.0
1777891253.2873323,3.0,-2.0,-72.0
1777891253.2973323,4.0,-4.0,-69.0
1777891253.3073325,7.0,0.0,-71.0
1777891253.3173325,8.0,1.0,-74.0
1777891253.3273325,7.0,0.0,-71.0
1777891253.3373325,6.0,2.0,-72.0
1777891253.3473325,6.0,1.0,-70.0
1777891253.3573325,0.0,2.0,-71.0
1777891253.3673325,-2.0,3.0,-70.0
1777891253.3773324,-5.0,8.0,-69.0
1777891253.3873324,-6.0,5.0,-75.0
1777891253.3973324,-2.0,4.0,-70.0
1777891253.4073324,0.0,3.0,-75.0
1777891253.4173324,6.0,2.0,-75.0
1777891253.4273324,10.0,2.0,-77.0
1777891253.4373324,6.0,0.0,-77.0
1777891253.4473324,1.0,1.0,-71.0
1777891253.4573324,2.0,0.0,-73.0
1777891253.4673324,1.0,1.0,-69.0
1777891253.4773324,-4.0,4.0,-62.0
1777891253.4873323,0.0,2.0,-55.0
1777891253.4973323,6.0,0.0,-53.0
1777891253.5073323,1.0,-3.0,-57.0
1777891253.5173323,-1.0,-2.0,-60.0
1777891253.5273323,0.0,-2.0,-61.0
1777891253.5373323,0.0,-1.0,-62.0
1777891253.5473323,2.0,-2.0,-71.0
1777891253.5573325,4.0,-1.0,-67.0
1777891253.5673325,1.0,1.0,-72.0
1777891253.5773325,-1.0,1.0,-71.0
1777891253.5873325,-4.0,-2.0,-75.0
1777891253.5973325,-2.0,0.0,-77.0
1777891253.6073325,-1.0,-1.0,-71.0
1777891253.6173325,1.0,1.0,-68.0
1777891253.6273324,2.0,4.0,-72.0
1777891253.6373324,0.0,0.0,-77.0
1777891253.6473324,2.0,-2.0,-77.0
1777891253.6573324,3.0,-2.0,-77.0
1777891253.6673324,0.0,-5.0,-73.0
1777891253.6773324,-1.0,-7.0,-72.0
1777891253.6873324,0.0,-5.0,-74.0
1777891253.6973324,1.0,-4.0,-83.0
1777891253.7073324,0.0,-6.0,-79.0
1777891253.7173324,-1.0,-10.0,-78.0
1777891253.7273324,-1.0,-12.0,-74.0
1777891253.7373323,0.0,-13.0,-70.0
1777891253.7473323,0.0,-14.0,-73.0
1777891253.7573323,-6.0,-13.0,-74.0
1777891253.7673323,-7.0,-9.0,-74.0
1777891253.7773323,-10.0,-6.0,-71.0
1777891253.7873323,-9.0,-1.0,-72.0
1777891253.7973323,-6.0,-5.0,-69.0
1777891253.8073325,-4.0,-3.0,-72.0
1777891253.8173325,1.0,-4.0,-68.0
1777891253.8273325,0.0,-1.0,-65.0
1777891253.8373325,0.0,0.0,-61.0
1777891253.8473325,2.0,-2.0,-66.0
1777891253.8573325,0.0,-1.0,-65.0
1777891253.8673325,-4.0,0.0,-67.0
1777891253.8773324,-9.0,0.0,-66.0
1777891253.8873324,-5.0,0.0,-68.0
1777891253.8973324,-1.0,0.0,-70.0
1777891253.9073324,-3.0,-2.0,-74.0
1777891253.9173324,-4.0,-5.0,-75.0
1777891253.9273324,-4.0,-9.0,-67.0
1777891253.9373324,-6.0,-7.0,-68.0
1777891253.9473324,-6.0,-6.0,-72.0
1777891253.9573324,-3.0,-8.0,-69.0
1777891253.9673324,-3.0,-6.0,-72.0
1777891253.9773324,-2.0,-7.0,-69.0
1777891253.9873323,-2.0,-5.0,-68.0
1777891253.9973323,-4.0,-3.0,-66.0
1777891254.0073323,-2.0,-3.0,-66.0
1777891254.0173323,0.0,-4.0,-63.0
1777891254.0273323,0.0,-8.0,-63.0
1777891254.0373323,2.0,-5.0,-64.0
1777891254.0473323,1.0,-6.0,-67.0
1777891254.0573325,-1.0,-4.0,-58.0
1777891254.0673325,-6.0,-3.0,-61.0
1777891254.0773325,-1.0,1.0,-58.0
1777891254.0873325,3.0,1.0,-65.0
1777891254.0973325,1.0,3.0,-74.0
1777891254.1073325,3.0,1.0,-76.0
1777891254.1173325,2.0,-3.0,-76.0
1777891254.1273324,1.0,-4.0,-71.0
1777891254.1373324,2.0,-6.0,-74.0
1777891254.1473324,4.0,-4.0,-71.0
1777891254.1573324,5.0,-1.0,-67.0
1777891254.1673324,2.0,1.0,-76.0
1777891254.1773324,-2.0,0.0,-68.0
1777891254.1873324,-3.0,-6.0,-64.0
1777891254.1973324,-3.0,-5.0,-67.0
1777891254.2073324,-1.0,-5.0,-72.0
1777891254.2173324,-5.0,-8.0,-74.0
1777891254.2273324,-4.0,-10.0,-77.0
1777891254.2373323,-7.0,-11.0,-76.0
1777891254.2473323,-4.0,-10.0,-79.0
1777891254.2573323,-4.0,-8.0,-73.0
1777891254.2673323,0.0,-6.0,-74.0
1777891254.2773323,0.0,-5.0,-69.0
1777891254.2873323,-1.0,-3.0,-64.0
1777891254.2973323,-5.0,0.0,-65.0
1777891254.3073325,-6.0,-3.0,-70.0
1777891254.3173325,-4.0,-6.0,-75.0
1777891254.3273325,-7.0,-2.0,-73.0
1777891254.3373325,-6.0,1.0,-66.0
1777891254.3473325,-5.0,-2.0,-76.0
1777891254.3573325,-6.0,-1.0,-80.0
1777891254.3673325,-2.0,1.0,-80.0
1777891254.3773324,-2.0,2.0,-79.0
1777891254.3873324,-5.0,0.0,-78.0
1777891254.3973324,-3.0,-2.0,-78.0
1777891254.4073324,-1.0,0.0,-81.0
1777891254.4173324,0.0,1.0,-79.0
1777891254.4273324,0.0,0.0,-79.0
1777891254.4373324,1.0,-1.0,-81.0
1777891254.4473324,-2.0,-1.0,-83.0
1777891254.4573324,-1.0,-1.0,-80.0
1777891254.4673324,-2.0,-1.0,-81.0
1777891254.4773324,-5.0,-5.0,-75.0
1777891254.4873323,1.0,-7.0,-74.0
1777891254.4973323,2.0,-3.0,-70.0
1777891254.5073323,2.0,-4.0,-69.0
1777891254.5173323,0.0,-6.0,-68.0
1777891254.5273323,0.0,-2.0,-63.0
1777891254.5373323,3.0,0.0,-67.0
1777891254.5473323,0.0,-1.0,-71.0
1777891254.5573325,3.0,0.0,-65.0
1777891254.5673325,4.0,-5.0,-69.0
1777891254.5773325,7.0,-6.0,-69.0
1777891254.5873325,5.0,-10.0,-62.0
1777891254.5973325,8.0,-8.0,-61.0
1777891254.6073325,4.0,-12.0,-63.0
1777891254.6173325,1.0,-11.0,-59.0
1777891254.6273324,1.0,-10.0,-59.0
1777891254.6373324,3.0,-6.0,-60.0
1777891254.6473324,7.0,0.0,-66.0
1777891254.6573324,8.0,0.0,-63.0
1777891254.6673324,5.0,0.0,-67.0
1777891254.6773324,6.0,-4.0,-67.0
1777891254.6873324,4.0,-4.0,-64.0
1777891254.6973324,2.0,-6.0,-64.0
1777891254.7073324,5.0,-5.0,-67.0
1777891254.7173324,7.0,-5.0,-67.0
1777891254.7273324,5.0,-2.0,-68.0
1777891254.7373323,2.0,-4.0,-73.0
1777891254.7473323,0.0,-5.0,-76.0
1777891254.7573323,1.0,-4.0,-77.0
1777891254.7673323,3.0,-6.0,-73.0
1777891254.7773323,1.0,-8.0,-65.0
1777891254.7873323,0.0,-5.0,-68.0
1777891254.7973323,0.0,-3.0,-69.0
1777891254.8073325,2.0,-3.0,-66.0
1777891254.8173325,2.0,-7.0,-70.0
1777891254.8273325,4.0,-4.0,-69.0
1777891254.8373325,5.0,-4.0,-76.0
1777891254.8473325,6.0,-5.0,-79.0
1777891254.8573325,4.0,-1.0,-76.0
1777891254.8673325,0.0,0.0,-66.0
1777891254.8773324,1.0,0.0,-60.0
1777891254.8873324,4.0,0.0,-58.0
1777891254.8973324,0.0,0.0,-56.0
1777891254.9073324,2.0,0.0,-59.0
1777891254.9173324,1.0,0.0,-62.0
1777891254.9273324,-1.0,0.0,-71.0
1777891254.9373324,-2.0,0.0,-72.0
1777891254.9473324,-2.0,1.0,-70.0
1777891254.9573324,-1.0,-2.0,-70.0
1777891254.9673324,0.0,-2.0,-74.0
1777891254.9773324,3.0,-1.0,-73.0
1777891254.9873323,2.0,0.0,-68.0
1777891254.9973323,3.0,0.0,-72.0
1777891255.0073323,3.0,-5.0,-72.0
1777891255.0173323,5.0,-7.0,-72.0
1777891255.0283325,2.0,-7.0,-74.0
1777891255.0373323,4.0,-4.0,-70.0
1777891255.0483325,1.0,-3.0,-78.0
1777891255.0583324,2.0,-2.0,-76.0
1777891255.0683324,4.0,-4.0,-74.0
1777891255.0783324,3.0,-6.0,-73.0
1777891255.0883324,0.0,-7.0,-77.0
1777891255.0983324,5.0,0.0,-71.0
1777891255.1083324,10.0,-2.0,-73.0
1777891255.1183324,6.0,-7.0,-72.0
1777891255.1283324,0.0,-7.0,-73.0
1777891255.1383324,1.0,-2.0,-71.0
1777891255.1483324,0.0,1.0,-76.0
1777891255.1583323,3.0,3.0,-73.0
1777891255.1683323,2.0,3.0,-80.0
1777891255.1783323,4.0,0.0,-70.0
1777891255.1883323,1.0,-1.0,-69.0
1777891255.1983323,1.0,1.0,-66.0
1777891255.2083323,1.0,-1.0,-63.0
1777891255.2183323,1.0,-4.0,-61.0
1777891255.2283323,4.0,-6.0,-69.0
1777891255.2383325,3.0,-6.0,-70.0
1777891255.2483325,2.0,-3.0,-66.0
1777891255.2583325,-4.0,-4.0,-66.0
1777891255.2683325,-6.0,-4.0,-70.0
1777891255.2783325,-6.0,-4.0,-76.0
1777891255.2883325,-8.0,-2.0,-72.0
1777891255.2983325,-3.0,-1.0,-67.0
1777891255.3083324,0.0,-2.0,-72.0
1777891255.3183324,-1.0,-3.0,-67.0
1777891255.3283324,0.0,-1.0,-63.0
1777891255.3383324,-1.0,2.0,-66.0
1777891255.3483324,-1.0,-3.0,-67.0
1777891255.3583324,-3.0,-5.0,-64.0
1777891255.3683324,-2.0,-4.0,-64.0
1777891255.3783324,0.0,-4.0,-63.0
1777891255.3883324,0.0,-3.0,-57.0
1777891255.3983324,-2.0,1.0,-63.0
1777891255.4083323,-2.0,2.0,-68.0
1777891255.4183323,0.0,2.0,-76.0
1777891255.4283323,-1.0,2.0,-76.0
1777891255.4383323,0.0,2.0,-79.0
1777891255.4483323,-1.0,-1.0,-81.0
1777891255.4583323,0.0,-5.0,-73.0
1777891255.4683323,2.0,-6.0,-73.0
1777891255.4783323,1.0,-8.0,-66.0
1777891255.4883325,2.0,-6.0,-65.0
1777891255.4983325,0.0,-4.0,-62.0
1777891255.5083325,0.0,-2.0,-62.0
1777891255.5183325,0.0,-2.0,-65.0
1777891255.5283325,0.0,-9.0,-65.0
1777891255.5383325,0.0,-6.0,-65.0
1777891255.5483325,-1.0,-7.0,-67.0
1777891255.5583324,-2.0,-6.0,-67.0
1777891255.5683324,0.0,-3.0,-68.0
1777891255.5783324,3.0,-4.0,-70.0
1777891255.5883324,4.0,-13.0,-67.0
1777891255.5983324,3.0,-10.0,-70.0
1777891255.6083324,6.0,-10.0,-66.0
1777891255.6183324,7.0,-8.0,-70.0
1777891255.6283324,5.0,-3.0,-66.0
1777891255.6383324,1.0,-5.0,-71.0
1777891255.6483324,1.0,-3.0,-69.0
1777891255.6583323,5.0,-1.0,-68.0
1777891255.6683323,8.0,2.0,-72.0
1777891255.6783323,7.0,4.0,-67.0
1777891255.6883323,0.0,0.0,-64.0
1777891255.6983323,0.0,-1.0,-66.0
1777891255.7083323,-2.0,0.0,-71.0
1777891255.7183323,-2.0,-2.0,-62.0
1777891255.7283323,1.0,-2.0,-63.0
1777891255.7383325,1.0,-3.0,-63.0
1777891255.7483325,-1.0,-4.0,-67.0
1777891255.7583325,0.0,-7.0,-66.0
1777891255.7683325,0.0,-9.0,-71.0
1777891255.7783325,-2.0,-8.0,-74.0
1777891255.7883325,0.0,-1.0,-75.0
1777891255.7983325,0.0,1.0,-71.0
1777891255.8083324,0.0,2.0,-74.0
1777891255.8183324,2.0,0.0,-73.0
1777891255.8283324,2.0,-2.0,-67.0
1777891255.8383324,0.0,-1.0,-67.0
1777891255.8483324,-1.0,-6.0,-64.0
1777891255.8583324,3.0,-5.0,-62.0
1777891255.8683324,4.0,-6.0,-59.0
1777891255.8783324,7.0,-5.0,-59.0
1777891255.8883324,8.0,-8.0,-60.0
1777891255.8983324,7.0,-8.0,-68.0
1777891255.9083323,4.0,-3.0,-72.0
1777891255.9183323,1.0,-1.0,-78.0
1777891255.9283323,-1.0,0.0,-83.0
1777891255.9383323,4.0,2.0,-84.0
1777891255.9483323,6.0,4.0,-86.0
1777891255.9583323,4.0,7.0,-82.0
1777891255.9683323,4.0,6.0,-77.0
1777891255.9783323,5.0,1.0,-78.0
1777891255.9883325,5.0,-3.0,-76.0
1777891255.9983325,4.0,-2.0,-66.0
1777891256.0083325,4.0,-4.0,-65.0
1777891256.0183325,5.0,-4.0,-64.0
1777891256.0283325,4.0,0.0,-72.0
1777891256.0383325,5.0,0.0,-75.0
1777891256.0483325,0.0,1.0,-73.0
1777891256.0583324,-8.0,2.0,-76.0
1777891256.0683324,-9.0,1.0,-75.0
1777891256.0783324,-6.0,-1.0,-80.0
1777891256.0883324,-7.0,2.0,-82.0
1777891256.0983324,-6.0,0.0,-86.0
1777891256.1083324,-4.0,-1.0,-85.0
1777891256.1183324,-5.0,-3.0,-78.0
1777891256.1283324,-8.0,-4.0,-80.0
1777891256.1383324,-5.0,-1.0,-80.0
1777891256.1483324,-1.0,0.0,-78.0
1777891256.1583323,-2.0,-3.0,-80.0
1777891256.1683323,-3.0,-2.0,-77.0
1777891256.1783323,-2.0,-1.0,-78.0
1777891256.1883323,0.0,2.0,-74.0
1777891256.1983323,4.0,4.0,-69.0
1777891256.2083323,7.0,7.0,-75.0
1777891256.2183323,9.0,8.0,-72.0
1777891256.2283323,4.0,4.0,-75.0
1777891256.2383325,7.0,2.0,-74.0
1777891256.2483325,8.0,0.0,-66.0
1777891256.2583325,10.0,-1.0,-66.0
1777891256.2683325,10.0,0.0,-69.0
1777891256.2783325,5.0,-2.0,-74.0
1777891256.2883325,4.0,0.0,-67.0
1777891256.2983325,6.0,-1.0,-70.0
1777891256.3083324,5.0,-4.0,-79.0
1777891256.3183324,2.0,-4.0,-86.0
1777891256.3283324,-1.0,-5.0,-79.0
1777891256.3383324,0.0,-5.0,-81.0
1777891256.3483324,0.0,-2.0,-83.0
1777891256.3583324,5.0,-1.0,-80.0
1777891256.3683324,2.0,-4.0,-70.0
1777891256.3783324,4.0,-3.0,-66.0
1777891256.3883324,1.0,-3.0,-69.0
1777891256.3983324,1.0,-3.0,-74.0
1777891256.4083323,0.0,-1.0,-62.0
1777891256.4183323,4.0,-4.0,-63.0
1777891256.4283323,1.0,-3.0,-64.0
1777891256.4383323,6.0,0.0,-67.0
1777891256.4483323,8.0,0.0,-68.0
1777891256.4583323,3.0,-1.0,-65.0
1777891256.4683323,2.0,-3.0,-61.0
1777891256.4783323,5.0,-2.0,-62.0
1777891256.4883325,5.0,-2.0,-73.0
1777891256.4983325,3.0,-1.0,-76.0
1777891256.5083325,1.0,0.0,-71.0
1777891256.5183325,1.0,1.0,-71.0
1777891256.5283325,-5.0,3.0,-75.0
1777891256.5383325,-2.0,0.0,-73.0
1777891256.5483325,0.0,-3.0,-66.0
1777891256.5583324,-1.0,-2.0,-78.0
1777891256.5683324,-2.0,-3.0,-76.0
1777891256.5783324,0.0,-3.0,-71.0
1777891256.5883324,3.0,-1.0,-72.0
1777891256.5983324,0.0,-2.0,-76.0
1777891256.6083324,-4.0,-1.0,-74.0
1777891256.6183324,-1.0,4.0,-70.0
1777891256.6283324,-1.0,2.0,-68.0
1777891256.6383324,0.0,3.0,-70.0
1777891256.6483324,-2.0,1.0,-70.0
1777891256.6583323,-2.0,-1.0,-67.0
1777891256.6683323,-1.0,-9.0,-63.0
1777891256.6783323,0.0,-11.0,-53.0
1777891256.6883323,7.0,-9.0,-56.0
1777891256.6983323,6.0,-13.0,-62.0
1777891256.7083323,10.0,-8.0,-60.0
1777891256.7183323,4.0,-9.0,-66.0
1777891256.7283323,3.0,-5.0,-68.0
1777891256.7383325,5.0,-7.0,-60.0
1777891256.7483325,4.0,-4.0,-62.0
1777891256.7583325,3.0,-6.0,-64.0
1777891256.7683325,-2.0,-6.0,-69.0
1777891256.7783325,0.0,-6.0,-73.0
1777891256.7883325,1.0,-4.0,-71.0
1777891256.7983325,0.0,-4.0,-70.0
1777891256.8083324,0.0,-4.0,-72.0
1777891256.8183324,1.0,1.0,-68.0
1777891256.8283324,-2.0,0.0,-63.0
1777891256.8383324,-2.0,2.0,-63.0
1777891256.8483324,-3.0,0.0,-62.0
1777891256.8583324,0.0,0.0,-66.0
1777891256.8683324,3.0,-1.0,-67.0
1777891256.8783324,7.0,0.0,-68.0
1777891256.8883324,7.0,-3.0,-69.0
1777891256.8983324,7.0,-6.0,-70.0
1777891256.9083323,5.0,-7.0,-67.0
1777891256.9183323,0.0,-2.0,-75.0
1777891256.9283323,0.0,-1.0,-80.0
1777891256.9383323,-1.0,0.0,-78.0
1777891256.9483323,1.0,0.0,-73.0
1777891256.9583323,-2.0,1.0,-80.0
1777891256.9683323,1.0,-4.0,-83.0
1777891256.9783323,0.0,-4.0,-83.0
1777891256.9883325,0.0,0.0,-95.0
1777891256.9983325,3.0,0.0,-89.0
1777891257.0093324,9.0,1.0,-84.0
1777891257.0183325,6.0,1.0,-83.0
1777891257.0283325,4.0,0.0,-75.0
1777891257.0393324,3.0,-5.0,-73.0
1777891257.0493324,0.0,-6.0,-76.0
1777891257.0593324,-2.0,-10.0,-75.0
1777891257.0693324,0.0,-10.0,-71.0
1777891257.0783324,2.0,-9.0,-74.0
1777891257.0893323,-4.0,-8.0,-75.0
1777891257.0993323,0.0,-9.0,-70.0
1777891257.1093323,-5.0,-6.0,-75.0
1777891257.1193323,-1.0,-4.0,-75.0
1777891257.1293323,-2.0,-4.0,-77.0
1777891257.1393323,0.0,-1.0,-78.0
1777891257.1493323,-1.0,-1.0,-79.0
1777891257.1593325,0.0,-3.0,-84.0
1777891257.1693325,-4.0,-3.0,-77.0
1777891257.1793325,-1.0,-3.0,-75.0
1777891257.1893325,-2.0,0.0,-75.0
1777891257.1993325,-1.0,-2.0,-74.0
1777891257.2093325,3.0,-2.0,-70.0
1777891257.2193325,6.0,-2.0,-66.0
1777891257.2293324,2.0,0.0,-70.0
1777891257.2393324,0.0,-2.0,-74.0
1777891257.2493324,6.0,-3.0,-74.0
1777891257.2593324,4.0,-3.0,-76.0
1777891257.2693324,1.0,0.0,-74.0
1777891257.2793324,0.0,-1.0,-74.0
1777891257.2893324,1.0,2.0,-80.0
1777891257.2993324,5.0,5.0,-84.0
1777891257.3093324,6.0,0.0,-81.0
1777891257.3193324,3.0,0.0,-83.0
1777891257.3293324,4.0,1.0,-79.0
1777891257.3393323,4.0,1.0,-79.0
1777891257.3493323,3.0,0.0,-80.0
1777891257.3593323,0.0,-2.0,-87.0
1777891257.3693323,0.0,-8.0,-86.0
1777891257.3793323,2.0,-5.0,-82.0
1777891257.3893323,-1.0,-7.0,-84.0
1777891257.3993323,-1.0,-5.0,-79.0
1777891257.4093325,-2.0,-1.0,-80.0
1777891257.4193325,-6.0,0.0,-78.0
1777891257.4293325,0.0,0.0,-77.0
1777891257.4393325,-2.0,-3.0,-64.0
1777891257.4493325,-2.0,-4.0,-60.0
1777891257.4593325,-4.0,-2.0,-59.0
1777891257.4693325,-3.0,-2.0,-54.0
1777891257.4793324,-4.0,-1.0,-57.0
1777891257.4893324,-4.0,1.0,-63.0
1777891257.4993324,-4.0,-1.0,-73.0
1777891257.5093324,-8.0,-2.0,-79.0
1777891257.5193324,-8.0,-2.0,-81.0
1777891257.5293324,-9.0,-4.0,-73.0
1777891257.5393324,-9.0,-5.0,-67.0
1777891257.5493324,-8.0,-2.0,-63.0
1777891257.5593324,-6.0,-1.0,-65.0
1777891257.5693324,-2.0,-1.0,-66.0
1777891257.5793324,0.0,-4.0,-64.0
1777891257.5893323,2.0,-3.0,-64.0
1777891257.5993323,4.0,1.0,-67.0
1777891257.6093323,5.0,2.0,-75.0
1777891257.6193323,6.0,-1.0,-75.0
1777891257.6293323,5.0,0.0,-66.0
1777891257.6393323,3.0,1.0,-64.0
1777891257.6493323,2.0,0.0,-66.0
1777891257.6593325,3.0,2.0,-63.0
1777891257.6693325,1.0,2.0,-65.0
1777891257.6793325,1.0,-2.0,-68.0
1777891257.6893325,3.0,-1.0,-72.0
1777891257.6993325,0.0,0.0,-71.0
1777891257.7093325,-1.0,1.0,-66.0
1777891257.7193325,-1.0,3.0,-70.0
1777891257.7293324,1.0,7.0,-72.0
1777891257.7393324,0.0,4.0,-68.0
1777891257.7493324,0.0,8.0,-65.0
1777891257.7593324,-1.0,5.0,-73.0
1777891257.7693324,1.0,0.0,-76.0
1777891257.7793324,4.0,-2.0,-73.0
1777891257.7893324,8.0,3.0,-70.0
1777891257.7993324,4.0,0.0,-67.0
1777891257.8093324,2.0,1.0,-74.0
1777891257.8193324,-1.0,-1.0,-72.0
1777891257.8293324,-1.0,2.0,-73.0
1777891257.8393323,0.0,1.0,-76.0
1777891257.8493323,-1.0,0.0,-77.0
1777891257.8593323,0.0,-2.0,-73.0
1777891257.8693323,2.0,2.0,-74.0
1777891257.8793323,2.0,-1.0,-73.0
1777891257.8893323,-1.0,-3.0,-75.0
1777891257.8993323,0.0,-1.0,-76.0
1777891257.9093325,0.0,0.0,-78.0
1777891257.9193325,-3.0,2.0,-77.0
1777891257.9293325,-1.0,-1.0,-74.0
1777891257.9393325,0.0,0.0,-66.0
1777891257.9493325,0.0,0.0,-66.0
1777891257.9593325,3.0,-1.0,-69.0
1777891257.9693325,-1.0,-2.0,-77.0
1777891257.9793324,-4.0,-1.0,-77.0
1777891257.9893324,-6.0,0.0,-71.0
1777891257.9993324,-9.0,-1.0,-72.0
1777891258.0093324,-5.0,0.0,-79.0
1777891258.0193324,-2.0,-5.0,-87.0
1777891258.0293324,-3.0,-7.0,-84.0
1777891258.0393324,-1.0,-3.0,-81.0
1777891258.0493324,1.0,-2.0,-77.0
1777891258.0593324,4.0,0.0,-76.0
1777891258.0693324,2.0,2.0,-76.0
1777891258.0793324,3.0,0.0,-73.0
1777891258.0893323,3.0,2.0,-71.0
1777891258.0993323,3.0,1.0,-71.0
1777891258.1093323,3.0,0.0,-73.0
1777891258.1193323,0.0,-1.0,-65.0
1777891258.1293323,1.0,-1.0,-68.0
1777891258.1393323,2.0,0.0,-72.0
1777891258.1493323,3.0,1.0,-74.0
1777891258.1593325,0.0,0.0,-72.0
1777891258.1693325,2.0,0.0,-73.0
1777891258.1793325,4.0,2.0,-71.0
1777891258.1893325,2.0,-1.0,-67.0
1777891258.1993325,3.0,1.0,-60.0
1777891258.2093325,5.0,-1.0,-61.0
1777891258.2193325,2.0,0.0,-66.0
1777891258.2303324,3.0,-3.0,-70.0
1777891258.2393324,7.0,0.0,-73.0
1777891258.2493324,4.0,-4.0,-72.0
1777891258.2593324,4.0,-4.0,-71.0
1777891258.2693324,-3.0,0.0,-68.0
1777891258.2793324,-6.0,-5.0,-69.0
1777891258.2893324,-5.0,-4.0,-67.0
1777891258.2993324,-5.0,-1.0,-65.0
1777891258.3093324,-1.0,-2.0,-70.0
1777891258.3193324,2.0,-3.0,-75.0
1777891258.3293324,3.0,0.0,-69.0
1777891258.3393323,5.0,0.0,-73.0
1777891258.3493323,0.0,3.0,-69.0
1777891258.3593323,0.0,1.0,-73.0
1777891258.3693323,2.0,0.0,-67.0
1777891258.3793323,7.0,0.0,-72.0
1777891258.3893323,8.0,0.0,-80.0
1777891258.3993323,8.0,-2.0,-76.0
1777891258.4093325,8.0,-1.0,-68.0
1777891258.4193325,5.0,-2.0,-71.0
1777891258.4293325,4.0,-5.0,-75.0
1777891258.4393325,3.0,-8.0,-72.0
1777891258.4493325,9.0,-7.0,-68.0
1777891258.4593325,10.0,-9.0,-68.0
1777891258.4693325,7.0,-5.0,-69.0
1777891258.4793324,6.0,-1.0,-74.0
1777891258.4893324,2.0,-1.0,-75.0
1777891258.4993324,0.0,0.0,-80.0
1777891258.5093324,-1.0,1.0,-80.0
1777891258.5193324,2.0,3.0,-70.0
1777891258.5293324,6.0,-1.0,-75.0
1777891258.5393324,6.0,-1.0,-71.0
1777891258.5493324,4.0,3.0,-70.0
1777891258.5593324,2.0,0.0,-64.0
1777891258.5693324,1.0,2.0,-68.0
1777891258.5793324,3.0,0.0,-72.0
1777891258.5893323,0.0,1.0,-70.0
1777891258.5993323,0.0,-1.0,-68.0
1777891258.6093323,0.0,-5.0,-68.0
1777891258.6193323,0.0,-5.0,-72.0
1777891258.6293323,0.0,-4.0,-78.0
1777891258.6393323,2.0,-2.0,-77.0
1777891258.6493323,4.0,1.0,-68.0
1777891258.6593325,7.0,1.0,-61.0
1777891258.6693325,7.0,-1.0,-66.0
1777891258.6793325,3.0,-5.0,-77.0
1777891258.6893325,2.0,-7.0,-78.0
1777891258.6993325,0.0,-4.0,-73.0
1777891258.7093325,-1.0,-6.0,-74.0
1777891258.7193325,-4.0,-1.0,-79.0
1777891258.7293324,-5.0,3.0,-80.0
1777891258.7393324,-3.0,3.0,-86.0
1777891258.7493324,1.0,3.0,-82.0
1777891258.7593324,4.0,4.0,-84.0
1777891258.7693324,4.0,2.0,-80.0
1777891258.7793324,3.0,3.0,-67.0
1777891258.7893324,7.0,2.0,-69.0
1777891258.7993324,14.0,-4.0,-77.0
1777891258.8093324,12.0,-7.0,-85.0
1777891258.8193324,12.0,-7.0,-84.0
1777891258.8293324,14.0,-4.0,-80.0
1777891258.8393323,11.0,-3.0,-80.0
1777891258.8493323,9.0,0.0,-86.0
1777891258.8593323,7.0,-1.0,-80.0
1777891258.8693323,4.0,2.0,-77.0
1777891258.8793323,4.0,2.0,-79.0
1777891258.8893323,2.0,-4.0,-74.0
1777891258.8993323,1.0,-4.0,-79.0
1777891258.9093325,0.0,0.0,-81.0
1777891258.9193325,-2.0,0.0,-84.0
1777891258.9293325,-2.0,-4.0,-84.0
1777891258.9393325,0.0,-4.0,-89.0
1777891258.9493325,0.0,-4.0,-87.0
1777891258.9593325,2.0,-3.0,-83.0
1777891258.9693325,6.0,1.0,-82.0
1777891258.9793324,2.0,1.0,-76.0
1777891258.9893324,0.0,3.0,-77.0
1777891258.9993324,8.0,3.0,-66.0
1777891259.0093324,11.0,3.0,-66.0
1777891259.0203323,9.0,0.0,-68.0
1777891259.0303323,10.0,-3.0,-76.0
1777891259.0403323,7.0,-1.0,-82.0
1777891259.0503323,5.0,-2.0,-78.0
1777891259.0603323,1.0,0.0,-75.0
1777891259.0703323,0.0,-3.0,-70.0
1777891259.0803325,3.0,-5.0,-75.0
1777891259.0903325,0.0,-7.0,-70.0
1777891259.1003325,3.0,-8.0,-68.0
1777891259.1103325,5.0,-9.0,-77.0
1777891259.1203325,5.0,-8.0,-76.0
1777891259.1303325,4.0,-4.0,-71.0
1777891259.1403325,3.0,-6.0,-73.0
1777891259.1503325,3.0,-5.0,-70.0
1777891259.1603324,2.0,-4.0,-65.0
1777891259.1703324,2.0,-2.0,-75.0
1777891259.1803324,8.0,-7.0,-74.0
1777891259.1903324,7.0,-9.0,-75.0
1777891259.2003324,7.0,-10.0,-70.0
1777891259.2103324,6.0,-6.0,-65.0
1777891259.2203324,5.0,-5.0,-71.0
1777891259.2303324,9.0,-2.0,-75.0
1777891259.2403324,6.0,0.0,-75.0
1777891259.2503324,6.0,0.0,-78.0
1777891259.2603323,6.0,0.0,-72.0
1777891259.2703323,2.0,0.0,-70.0
1777891259.2803323,4.0,0.0,-78.0
1777891259.2903323,3.0,1.0,-74.0
1777891259.3003323,-2.0,3.0,-68.0
1777891259.3103323,-2.0,-3.0,-61.0
1777891259.3203323,0.0,-6.0,-66.0
1777891259.3303325,4.0,-8.0,-72.0
1777891259.3403325,2.0,-9.0,-73.0
1777891259.3503325,4.0,-4.0,-68.0
1777891259.3603325,4.0,-1.0,-73.0
1777891259.3703325,0.0,3.0,-74.0
1777891259.3803325,0.0,7.0,-78.0
1777891259.3903325,1.0,3.0,-77.0
1777891259.4003325,1.0,1.0,-83.0
1777891259.4103324,0.0,0.0,-85.0
1777891259.4203324,0.0,1.0,-79.0
1777891259.4303324,-1.0,3.0,-74.0
1777891259.4403324,-2.0,3.0,-77.0
1777891259.4503324,-5.0,0.0,-72.0
1777891259.4603324,-6.0,1.0,-78.0
1777891259.4703324,-7.0,-1.0,-86.0
1777891259.4803324,-2.0,-4.0,-82.0
1777891259.4903324,0.0,-4.0,-80.0
1777891259.5003324,0.0,-8.0,-77.0
1777891259.5103323,0.0,-5.0,-72.0
1777891259.5203323,2.0,-5.0,-71.0
1777891259.5303323,1.0,-2.0,-69.0
1777891259.5403323,-4.0,-5.0,-71.0
1777891259.5503323,0.0,0.0,-68.0
1777891259.5603323,-2.0,-4.0,-71.0
1777891259.5703323,-1.0,-3.0,-68.0
1777891259.5803325,-2.0,1.0,-73.0
1777891259.5903325,-2.0,-2.0,-77.0
1777891259.6003325,-3.0,-6.0,-79.0
1777891259.6103325,-3.0,-5.0,-76.0
1777891259.6203325,1.0,-3.0,-72.0
1777891259.6303325,2.0,-1.0,-78.0
1777891259.6403325,0.0,-1.0,-71.0
1777891259.6503325,0.0,0.0,-67.0
1777891259.6603324,-4.0,-1.0,-66.0
1777891259.6703324,0.0,-3.0,-67.0
1777891259.6803324,-1.0,-3.0,-66.0
1777891259.6903324,0.0,-3.0,-67.0
1777891259.7003324,-3.0,-1.0,-65.0
1777891259.7103324,-6.0,-2.0,-64.0
1777891259.7203324,-7.0,-3.0,-62.0
1777891259.7303324,-5.0,-2.0,-60.0
1777891259.7403324,-1.0,-6.0,-62.0
1777891259.7503324,3.0,-2.0,-72.0
1777891259.7603323,7.0,-4.0,-77.0
1777891259.7703323,5.0,-2.0,-80.0
1777891259.7803323,11.0,-4.0,-76.0
1777891259.7903323,10.0,-5.0,-71.0
1777891259.8003323,1.0,-3.0,-69.0
1777891259.8103323,0.0,-2.0,-68.0
1777891259.8203323,0.0,-3.0,-72.0
1777891259.8303325,-3.0,-5.0,-69.0
1777891259.8403325,-3.0,-5.0,-70.0
1777891259.8503325,-3.0,-5.0,-71.0
1777891259.8603325,-6.0,-7.0,-69.0
1777891259.8703325,-3.0,-6.0,-68.0
1777891259.8803325,-3.0,-6.0,-73.0
1777891259.8903325,-2.0,-2.0,-64.0
1777891259.9003325,0.0,0.0,-60.0
1777891259.9103324,1.0,-1.0,-62.0
1777891259.9203324,0.0,-4.0,-57.0
1777891259.9303324,-2.0,0.0,-65.0
1777891259.9403324,0.0,5.0,-63.0
1777891259.9503324,-1.0,4.0,-60.0
1777891259.9603324,6.0,2.0,-58.0
1777891259.9703324,4.0,1.0,-56.0
1777891259.9803324,3.0,2.0,-64.0
1777891259.9903324,1.0,1.0,-62.0
1777891260.0003324,0.0,0.0,-57.0
1777891260.0103323,0.0,1.0,-55.0
1777891260.0203323,-5.0,-1.0,-54.0
1777891260.0303323,-5.0,-4.0,-56.0
1777891260.0403323,-6.0,-5.0,-62.0
1777891260.0503323,-5.0,-5.0,-66.0
1777891260.0603323,-4.0,-5.0,-64.0
1777891260.0703323,-5.0,-5.0,-61.0
1777891260.0803325,-3.0,-3.0,-60.0
1777891260.0903325,0.0,-2.0,-64.0
1777891260.1003325,5.0,-7.0,-67.0
1777891260.1103325,9.0,-3.0,-69.0
1777891260.1203325,6.0,-3.0,-71.0
1777891260.1303325,2.0,0.0,-66.0
1777891260.1403325,8.0,-1.0,-70.0
1777891260.1503325,4.0,-8.0,-70.0
1777891260.1603324,0.0,-8.0,-67.0
1777891260.1703324,-3.0,-7.0,-65.0
1777891260.1803324,-4.0,-6.0,-57.0
1777891260.1903324,-1.0,-9.0,-61.0
1777891260.2003324,-2.0,-5.0,-60.0
1777891260.2103324,1.0,-6.0,-61.0
1777891260.2203324,4.0,-7.0,-71.0
1777891260.2303324,2.0,-3.0,-77.0
1777891260.2403324,0.0,0.0,-78.0
1777891260.2503324,3.0,0.0,-75.0
1777891260.2603323,4.0,1.0,-75.0
1777891260.2703323,5.0,5.0,-77.0
1777891260.2803323,0.0,7.0,-79.0
1777891260.2903323,-3.0,2.0,-73.0
1777891260.3003323,-5.0,-2.0,-73.0
1777891260.3103323,-5.0,-5.0,-73.0
1777891260.3203323,-3.0,-3.0,-68.0
1777891260.3303325,0.0,-2.0,-68.0
1777891260.3403325,1.0,-3.0,-65.0
1777891260.3503325,2.0,-6.0,-61.0
1777891260.3603325,-1.0,-5.0,-64.0
1777891260.3703325,-2.0,-5.0,-69.0
1777891260.3803325,-1.0,-6.0,-69.0
1777891260.3903325,0.0,-6.0,-67.0
1777891260.4003325,3.0,-2.0,-69.0
1777891260.4103324,3.0,-1.0,-75.0
1777891260.4203324,5.0,0.0,-75.0
1777891260.4303324,4.0,0.0,-79.0
1777891260.4403324,5.0,0.0,-83.0
1777891260.4503324,7.0,-1.0,-82.0
1777891260.4603324,0.0,-2.0,-78.0
1777891260.4703324,8.0,-1.0,-71.0
1777891260.4803324,6.0,-1.0,-69.0
1777891260.4903324,5.0,-5.0,-82.0
1777891260.5003324,1.0,-6.0,-75.0
1777891260.5103323,3.0,-9.0,-73.0
1777891260.5203323,2.0,-7.0,-74.0
1777891260.5303323,0.0,-7.0,-70.0
1777891260.5403323,0.0,-2.0,-73.0
1777891260.5503323,-3.0,4.0,-72.0
1777891260.5603323,-4.0,3.0,-69.0
1777891260.5703323,-3.0,-2.0,-68.0
1777891260.5803325,-5.0,-2.0,-68.0
1777891260.5903325,-3.0,2.0,-70.0
1777891260.6003325,-1.0,3.0,-68.0
1777891260.6103325,0.0,3.0,-63.0
1777891260.6203325,0.0,6.0,-64.0
1777891260.6303325,6.0,11.0,-67.0
1777891260.6403325,5.0,6.0,-72.0
1777891260.6503325,8.0,-1.0,-74.0
1777891260.6603324,8.0,-2.0,-69.0
1777891260.6703324,10.0,0.0,-62.0
1777891260.6803324,6.0,-2.0,-60.0
1777891260.6903324,4.0,-3.0,-59.0
1777891260.7003324,4.0,0.0,-61.0
1777891260.7103324,5.0,-3.0,-57.0
1777891260.7203324,6.0,-1.0,-58.0
1777891260.7303324,5.0,-2.0,-61.0
1777891260.7403324,2.0,0.0,-61.0
1777891260.7503324,0.0,0.0,-56.0
1777891260.7603323,-2.0,0.0,-66.0
1777891260.7703323,-3.0,0.0,-74.0
1777891260.7803323,-5.0,0.0,-75.0
1777891260.7903323,-1.0,-3.0,-82.0
1777891260.8003323,0.0,-6.0,-84.0
1777891260.8103323,0.0,-9.0,-81.0
1777891260.8203323,0.0,-8.0,-74.0
1777891260.8303325,1.0,-3.0,-70.0
1777891260.8403325,3.0,-3.0,-72.0
1777891260.8503325,3.0,-3.0,-73.0
1777891260.8603325,3.0,-5.0,-69.0
1777891260.8703325,3.0,0.0,-77.0
1777891260.8803325,0.0,4.0,-71.0
1777891260.8903325,-2.0,-2.0,-74.0
1777891260.9003325,-2.0,-5.0,-73.0
1777891260.9103324,-3.0,-7.0,-68.0
1777891260.9203324,0.0,-3.0,-66.0
1777891260.9303324,2.0,-1.0,-62.0
1777891260.9403324,8.0,-4.0,-60.0
1777891260.9503324,8.0,0.0,-63.0
1777891260.9603324,6.0,-2.0,-69.0
1777891260.9703324,2.0,-2.0,-74.0
1777891260.9813323,3.0,-2.0,-76.0
1777891260.9913323,3.0,-1.0,-77.0
1777891261.0013323,5.0,-5.0,-70.0
1777891261.0113325,3.0,-8.0,-75.0
1777891261.0213325,5.0,-5.0,-77.0
1777891261.0313325,1.0,-5.0,-75.0
1777891261.0413325,0.0,-1.0,-72.0
1777891261.0513325,5.0,0.0,-78.0
1777891261.0613325,2.0,-2.0,-82.0
1777891261.0713325,4.0,-1.0,-70.0
1777891261.0813324,4.0,-7.0,-69.0
1777891261.0913324,4.0,-4.0,-69.0
1777891261.1013324,4.0,-4.0,-67.0
1777891261.1113324,0.0,-5.0,-68.0
1777891261.1213324,1.0,-4.0,-66.0
1777891261.1313324,-3.0,-5.0,-64.0
1777891261.1413324,0.0,-4.0,-70.0
1777891261.1513324,-1.0,-3.0,-74.0
1777891261.1613324,0.0,-5.0,-69.0
1777891261.1713324,-1.0,-1.0,-65.0
1777891261.1813323,-3.0,1.0,-63.0
1777891261.1913323,-3.0,1.0,-66.0
1777891261.2013323,-6.0,-2.0,-70.0
1777891261.2113323,-2.0,-7.0,-71.0
1777891261.2213323,-6.0,-10.0,-82.0
1777891261.2313323,-4.0,-8.0,-73.0
1777891261.2413323,-4.0,-3.0,-70.0
1777891261.2513323,-1.0,-1.0,-70.0
1777891261.2613325,3.0,-3.0,-68.0
1777891261.2713325,3.0,-6.0,-75.0
1777891261.2813325,5.0,0.0,-79.0
1777891261.2913325,2.0,0.0,-77.0
1777891261.3013325,0.0,-4.0,-72.0
1777891261.3113325,1.0,-3.0,-81.0
1777891261.3213325,4.0,-4.0,-83.0
1777891261.3313324,10.0,-2.0,-79.0
1777891261.3413324,8.0,-1.0,-70.0
1777891261.3513324,11.0,0.0,-69.0
1777891261.3613324,4.0,3.0,-66.0
1777891261.3713324,7.0,0.0,-63.0
1777891261.3813324,5.0,2.0,-63.0
1777891261.3913324,0.0,1.0,-60.0
1777891261.4013324,-1.0,-2.0,-61.0
1777891261.4113324,1.0,-3.0,-67.0
1777891261.4213324,0.0,-3.0,-61.0
1777891261.4313323,-4.0,-4.0,-64.0
1777891261.4413323,-3.0,-2.0,-64.0
1777891261.4513323,-5.0,0.0,-69.0
1777891261.4613323,-5.0,0.0,-69.0
1777891261.4713323,-3.0,0.0,-75.0
1777891261.4813323,0.0,-1.0,-73.0
1777891261.4913323,1.0,-5.0,-70.0
1777891261.5013323,3.0,-5.0,-74.0
1777891261.5113325,1.0,-6.0,-70.0
1777891261.5213325,-2.0,-5.0,-67.0
1777891261.5313325,0.0,-5.0,-69.0
1777891261.5413325,2.0,-3.0,-76.0
1777891261.5513325,0.0,0.0,-80.0
1777891261.5613325,5.0,0.0,-78.0
1777891261.5713325,7.0,-4.0,-78.0
1777891261.5813324,9.0,-7.0,-73.0
1777891261.5913324,5.0,-5.0,-67.0
1777891261.6013324,5.0,-5.0,-68.0
1777891261.6113324,6.0,-6.0,-74.0
1777891261.6213324,5.0,-4.0,-73.0
1777891261.6313324,5.0,-3.0,-78.0
1777891261.6413324,0.0,-2.0,-73.0
1777891261.6513324,0.0,-2.0,-69.0
1777891261.6613324,-2.0,-2.0,-67.0
1777891261.6713324,3.0,0.0,-64.0
1777891261.6813323,2.0,-3.0,-67.0
1777891261.6913323,0.0,0.0,-65.0
1777891261.7013323,-1.0,-1.0,-65.0
1777891261.7113323,-6.0,4.0,-59.0
1777891261.7213323,-4.0,5.0,-58.0
1777891261.7313323,-3.0,3.0,-64.0
1777891261.7413323,0.0,5.0,-63.0
1777891261.7513323,2.0,6.0,-62.0
1777891261.7613325,9.0,6.0,-66.0
1777891261.7713325,12.0,7.0,-69.0
1777891261.7813325,8.0,0.0,-65.0
1777891261.7913325,5.0,1.0,-64.0
1777891261.8013325,7.0,1.0,-66.0
1777891261.8113325,7.0,2.0,-72.0
1777891261.8213325,12.0,2.0,-70.0
1777891261.8313324,7.0,0.0,-73.0
1777891261.8413324,6.0,0.0,-72.0
1777891261.8513324,7.0,1.0,-80.0
1777891261.8613324,9.0,0.0,-75.0
1777891261.8713324,7.0,0.0,-76.0
1777891261.8813324,2.0,2.0,-75.0
1777891261.8913324,2.0,3.0,-69.0
1777891261.9013324,2.0,4.0,-71.0
1777891261.9113324,4.0,4.0,-70.0
1777891261.9213324,3.0,4.0,-73.0
1777891261.9313323,5.0,3.0,-71.0
1777891261.9413323,6.0,0.0,-72.0
1777891261.9513323,1.0,-4.0,-69.0
1777891261.9613323,-1.0,-5.0,-70.0
1777891261.9713323,-3.0,-8.0,-74.0
1777891261.9813323,-4.0,-10.0,-73.0
1777891261.9913323,-4.0,-8.0,-75.0
1777891262.0013323,-5.0,-7.0,-80.0
1777891262.0113325,-2.0,-7.0,-83.0
1777891262.0213325,-3.0,-4.0,-89.0
1777891262.0313325,-3.0,-6.0,-84.0
1777891262.0413325,0.0,-5.0,-77.0
1777891262.0513325,0.0,-6.0,-77.0
1777891262.0613325,-1.0,-9.0,-71.0
1777891262.0713325,0.0,-13.0,-71.0
1777891262.0813324,-3.0,-11.0,-68.0
1777891262.0913324,-1.0,-8.0,-72.0
1777891262.1013324,1.0,-5.0,-69.0
1777891262.1113324,0.0,-2.0,-80.0
1777891262.1213324,-4.0,-2.0,-78.0
1777891262.1313324,-5.0,-2.0,-74.0
1777891262.1413324,0.0,1.0,-78.0
1777891262.1513324,-2.0,5.0,-75.0
1777891262.1613324,-3.0,4.0,-73.0
1777891262.1713324,-2.0,6.0,-76.0
1777891262.1813323,-1.0,8.0,-72.0
1777891262.1913323,-4.0,8.0,-71.0
1777891262.2013323,-5.0,7.0,-73.0
1777891262.2113323,0.0,6.0,-75.0
1777891262.2213323,-3.0,8.0,-73.0
1777891262.2313323,0.0,10.0,-66.0
1777891262.2413323,0.0,11.0,-68.0
1777891262.2513323,-1.0,12.0,-74.0
1777891262.2613325,-3.0,9.0,-74.0
1777891262.2713325,1.0,3.0,-76.0
1777891262.2813325,0.0,-2.0,-71.0
1777891262.2913325,3.0,1.0,-69.0
1777891262.3013325,3.0,2.0,-70.0
1777891262.3113325,3.0,0.0,-62.0
1777891262.3213325,7.0,-1.0,-55.0
1777891262.3313324,4.0,2.0,-60.0
1777891262.3413324,0.0,4.0,-56.0
1777891262.3513324,2.0,5.0,-58.0
1777891262.3613324,1.0,8.0,-55.0
1777891262.3713324,1.0,2.0,-63.0
1777891262.3813324,0.0,-1.0,-73.0
1777891262.3913324,1.0,-3.0,-76.0
1777891262.4013324,0.0,-5.0,-71.0
1777891262.4113324,-1.0,-3.0,-65.0
1777891262.4213324,-3.0,-4.0,-67.0
1777891262.4313323,-4.0,-3.0,-70.0
1777891262.4413323,0.0,-4.0,-70.0
1777891262.4513323,-3.0,-3.0,-74.0
1777891262.4613323,0.0,-5.0,-69.0
1777891262.4713323,1.0,-2.0,-71.0
1777891262.4813323,0.0,1.0,-73.0
1777891262.4913323,-1.0,0.0,-74.0
1777891262.5013323,0.0,3.0,-66.0
1777891262.5113325,-1.0,3.0,-70.0
1777891262.5213325,1.0,3.0,-68.0
1777891262.5313325,2.0,5.0,-68.0
1777891262.5413325,3.0,2.0,-70.0
1777891262.5513325,0.0,1.0,-67.0
1777891262.5613325,-2.0,-3.0,-68.0
1777891262.5713325,1.0,-3.0,-66.0
1777891262.5813324,-1.0,0.0,-59.0
1777891262.5913324,-2.0,1.0,-64.0
1777891262.6013324,1.0,-1.0,-65.0
1777891262.6113324,4.0,-1.0,-67.0
1777891262.6213324,3.0,-1.0,-67.0
1777891262.6313324,0.0,0.0,-74.0
1777891262.6413324,3.0,-2.0,-71.0
1777891262.6513324,3.0,-7.0,-70.0
1777891262.6613324,0.0,-6.0,-67.0
1777891262.6713324,4.0,0.0,-77.0
1777891262.6813323,2.0,-3.0,-76.0
1777891262.6913323,0.0,-2.0,-78.0
1777891262.7013323,-2.0,1.0,-76.0
1777891262.7113323,-4.0,0.0,-74.0
1777891262.7213323,0.0,2.0,-72.0
1777891262.7313323,3.0,7.0,-74.0
1777891262.7413323,3.0,5.0,-75.0
1777891262.7513323,3.0,5.0,-75.0
1777891262.7613325,5.0,7.0,-75.0
1777891262.7713325,5.0,2.0,-76.0
1777891262.7813325,4.0,1.0,-71.0
1777891262.7913325,4.0,1.0,-71.0
1777891262.8013325,-2.0,1.0,-73.0
1777891262.8113325,0.0,2.0,-74.0
1777891262.8213325,0.0,1.0,-75.0
1777891262.8313324,-1.0,0.0,-78.0
1777891262.8413324,1.0,-2.0,-82.0
1777891262.8513324,0.0,-3.0,-79.0
1777891262.8613324,-6.0,-3.0,-76.0
1777891262.8713324,-4.0,1.0,-83.0
1777891262.8813324,-5.0,0.0,-81.0
1777891262.8913324,-3.0,1.0,-79.0
1777891262.9013324,0.0,0.0,-76.0
1777891262.9113324,0.0,0.0,-77.0
1777891262.9213324,0.0,0.0,-79.0
1777891262.9313323,-2.0,1.0,-75.0
1777891262.9423325,-7.0,1.0,-73.0
1777891262.9513323,-5.0,0.0,-77.0
1777891262.9623325,-4.0,-1.0,-71.0
1777891262.9713323,-1.0,-3.0,-75.0
1777891262.9813323,0.0,-1.0,-80.0
1777891262.9923325,-6.0,0.0,-80.0
1777891263.0023324,-1.0,-3.0,-81.0
1777891263.0123324,-2.0,0.0,-81.0
1777891263.0223324,-2.0,0.0,-81.0
1777891263.0323324,1.0,0.0,-87.0
1777891263.0433323,-2.0,-1.0,-81.0
1777891263.0523324,-3.0,-6.0,-77.0
1777891263.0623324,-2.0,-7.0,-72.0
1777891263.0723324,-6.0,-9.0,-71.0
1777891263.0823324,0.0,-6.0,-65.0
1777891263.0923324,4.0,-8.0,-74.0
1777891263.1023324,8.0,-4.0,-77.0
1777891263.1123323,8.0,-4.0,-84.0
1777891263.1223323,7.0,-2.0,-87.0
1777891263.1323323,4.0,0.0,-84.0
1777891263.1423323,4.0,-2.0,-88.0
1777891263.1523323,5.0,-1.0,-81.0
1777891263.1623323,4.0,0.0,-86.0
1777891263.1723323,4.0,0.0,-82.0
1777891263.1823325,2.0,0.0,-79.0
1777891263.1923325,-2.0,0.0,-79.0
1777891263.2023325,1.0,3.0,-71.0
1777891263.2123325,1.0,4.0,-67.0
1777891263.2223325,-4.0,5.0,-69.0
1777891263.2323325,-4.0,5.0,-70.0
1777891263.2423325,-4.0,2.0,-73.0
1777891263.2523324,-3.0,0.0,-71.0
1777891263.2623324,-6.0,-1.0,-71.0
1777891263.2723324,-8.0,1.0,-70.0
1777891263.2823324,-6.0,0.0,-67.0
1777891263.2923324,-3.0,0.0,-65.0
1777891263.3023324,1.0,0.0,-71.0
1777891263.3123324,3.0,-5.0,-76.0
1777891263.3223324,0.0,-3.0,-76.0
1777891263.3323324,2.0,-5.0,-70.0
1777891263.3423324,1.0,-2.0,-72.0
1777891263.3523324,2.0,-1.0,-80.0
1777891263.3623323,0.0,0.0,-70.0
1777891263.3723323,0.0,-2.0,-69.0
1777891263.3823323,0.0,-2.0,-68.0
1777891263.3923323,4.0,3.0,-71.0
1777891263.4023323,9.0,3.0,-69.0
1777891263.4123323,11.0,4.0,-71.0
1777891263.4223323,12.0,3.0,-76.0
1777891263.4323325,10.0,4.0,-66.0
1777891263.4423325,11.0,3.0,-62.0
1777891263.4523325,10.0,3.0,-68.0
1777891263.4623325,13.0,6.0,-74.0
1777891263.4723325,7.0,6.0,-69.0
1777891263.4823325,6.0,0.0,-67.0
1777891263.4923325,5.0,-1.0,-78.0
1777891263.5023324,0.0,-2.0,-78.0
1777891263.5123324,-1.0,0.0,-79.0
1777891263.5223324,0.0,-1.0,-79.0
1777891263.5323324,-4.0,-5.0,-82.0
1777891263.5423324,-5.0,-2.0,-81.0
1777891263.5523324,-6.0,0.0,-78.0
1777891263.5623324,-7.0,-1.0,-77.0
1777891263.5723324,-5.0,-2.0,-77.0
1777891263.5823324,-8.0,-1.0,-78.0
1777891263.5923324,-7.0,-4.0,-83.0
1777891263.6023324,-3.0,-7.0,-83.0
1777891263.6123323,0.0,-4.0,-89.0
1777891263.6223323,-1.0,-4.0,-83.0
1777891263.6323323,0.0,-4.0,-78.0
1777891263.6423323,-2.0,0.0,-80.0
1777891263.6523323,-1.0,-1.0,-83.0
1777891263.6623323,0.0,1.0,-85.0
1777891263.6723323,-3.0,0.0,-83.0
1777891263.6823325,0.0,0.0,-80.0
1777891263.6923325,0.0,0.0,-80.0
1777891263.7023325,-2.0,0.0,-79.0
1777891263.7123325,0.0,0.0,-76.0
1777891263.7223325,0.0,0.0,-82.0
1777891263.7323325,1.0,-3.0,-86.0
1777891263.7423325,2.0,-2.0,-82.0
1777891263.7523324,4.0,-3.0,-77.0
1777891263.7623324,3.0,-2.0,-72.0
1777891263.7723324,2.0,-1.0,-77.0
1777891263.7823324,2.0,-3.0,-81.0
1777891263.7923324,6.0,1.0,-73.0
1777891263.8023324,5.0,4.0,-74.0
1777891263.8123324,5.0,4.0,-73.0
1777891263.8223324,1.0,3.0,-68.0
1777891263.8323324,4.0,5.0,-62.0
1777891263.8423324,5.0,1.0,-62.0
1777891263.8523324,3.0,0.0,-71.0
1777891263.8623323,5.0,3.0,-71.0
1777891263.8723323,8.0,2.0,-70.0
1777891263.8823323,6.0,-1.0,-71.0
1777891263.8923323,4.0,-2.0,-72.0
1777891263.9023323,-1.0,1.0,-76.0
1777891263.9123323,-2.0,1.0,-74.0
1777891263.9223323,-3.0,2.0,-76.0
1777891263.9323325,-2.0,-3.0,-79.0
1777891263.9423325,1.0,-3.0,-79.0
1777891263.9523325,0.0,-7.0,-77.0
1777891263.9623325,-1.0,-5.0,-78.0
1777891263.9723325,-4.0,-5.0,-73.0
1777891263.9823325,-2.0,-2.0,-74.0
1777891263.9923325,-5.0,-3.0,-74.0
1777891264.0023324,-1.0,-3.0,-82.0
1777891264.0123324,0.0,-4.0,-78.0
1777891264.0223324,-2.0,-3.0,-74.0
1777891264.0323324,0.0,-4.0,-74.0
1777891264.0423324,1.0,-3.0,-68.0
1777891264.0523324,-1.0,-2.0,-66.0
1777891264.0623324,-3.0,-5.0,-73.0
1777891264.0723324,-3.0,-4.0,-72.0
1777891264.0823324,-2.0,-3.0,-73.0
1777891264.0923324,1.0,-2.0,-72.0
1777891264.1023324,0.0,-2.0,-70.0
1777891264.1123323,1.0,-1.0,-68.0
1777891264.1223323,0.0,-2.0,-70.0
1777891264.1323323,-2.0,-1.0,-69.0
1777891264.1423323,1.0,-1.0,-67.0
1777891264.1523323,3.0,-2.0,-67.0
1777891264.1623323,7.0,-4.0,-69.0
1777891264.1723323,6.0,-5.0,-72.0
1777891264.1823325,3.0,-3.0,-74.0
1777891264.1923325,4.0,-4.0,-77.0
1777891264.2023325,4.0,0.0,-75.0
1777891264.2123325,6.0,0.0,-70.0
1777891264.2223325,4.0,0.0,-65.0
1777891264.2323325,1.0,-2.0,-59.0
1777891264.2423325,4.0,-1.0,-57.0
1777891264.2523324,8.0,0.0,-74.0
1777891264.2623324,10.0,0.0,-67.0
1777891264.2723324,13.0,0.0,-66.0
1777891264.2823324,12.0,1.0,-71.0
1777891264.2923324,13.0,1.0,-72.0
1777891264.3023324,13.0,0.0,-70.0
1777891264.3123324,12.0,-1.0,-69.0
1777891264.3223324,11.0,2.0,-72.0
1777891264.3323324,9.0,2.0,-69.0
1777891264.3423324,5.0,1.0,-69.0
1777891264.3523324,4.0,3.0,-63.0
1777891264.3623323,1.0,0.0,-66.0
1777891264.3723323,1.0,2.0,-64.0
1777891264.3823323,8.0,2.0,-64.0
1777891264.3923323,7.0,0.0,-68.0
1777891264.4023323,6.0,0.0,-66.0
1777891264.4123323,2.0,0.0,-73.0
1777891264.4223323,-6.0,0.0,-68.0
1777891264.4323325,-7.0,-4.0,-74.0
1777891264.4423325,-5.0,-4.0,-72.0
1777891264.4523325,1.0,-5.0,-72.0
1777891264.4623325,4.0,-5.0,-73.0
1777891264.4723325,3.0,0.0,-77.0
1777891264.4823325,4.0,-3.0,-78.0
1777891264.4923325,5.0,-3.0,-84.0
1777891264.5023324,6.0,-2.0,-79.0
1777891264.5123324,7.0,0.0,-75.0
1777891264.5223324,7.0,0.0,-76.0
1777891264.5323324,10.0,-2.0,-78.0
1777891264.5423324,11.0,-1.0,-79.0
1777891264.5523324,8.0,0.0,-82.0
1777891264.5623324,5.0,0.0,-84.0
1777891264.5723324,3.0,-4.0,-86.0
1777891264.5823324,0.0,-2.0,-87.0
1777891264.5923324,0.0,-2.0,-87.0
1777891264.6023324,-4.0,1.0,-82.0
1777891264.6123323,-7.0,1.0,-80.0
1777891264.6223323,-6.0,0.0,-75.0
1777891264.6323323,-3.0,0.0,-79.0
1777891264.6423323,0.0,0.0,-74.0
1777891264.6523323,-2.0,-1.0,-73.0
1777891264.6623323,-4.0,-1.0,-70.0
1777891264.6723323,0.0,0.0,-72.0
1777891264.6823325,0.0,1.0,-69.0
1777891264.6923325,0.0,2.0,-66.0
1777891264.7023325,-2.0,3.0,-71.0
1777891264.7123325,1.0,0.0,-70.0
1777891264.7223325,1.0,-1.0,-72.0
1777891264.7323325,4.0,-1.0,-77.0
1777891264.7423325,2.0,-1.0,-77.0
1777891264.7523324,0.0,-2.0,-71.0
1777891264.7623324,5.0,-2.0,-76.0
1777891264.7723324,4.0,-1.0,-77.0
1777891264.7823324,4.0,0.0,-77.0
1777891264.7923324,4.0,2.0,-80.0
1777891264.8023324,5.0,3.0,-82.0
1777891264.8123324,2.0,0.0,-84.0
1777891264.8223324,1.0,0.0,-79.0
1777891264.8323324,3.0,1.0,-75.0
1777891264.8423324,4.0,1.0,-75.0
1777891264.8523324,1.0,1.0,-75.0
1777891264.8623323,3.0,1.0,-71.0
1777891264.8723323,-1.0,3.0,-73.0
1777891264.8823323,0.0,6.0,-68.0
1777891264.8923323,2.0,8.0,-72.0
1777891264.9023323,2.0,9.0,-80.0
1777891264.9123323,0.0,6.0,-76.0
1777891264.9223323,0.0,4.0,-73.0
1777891264.9333324,-1.0,4.0,-63.0
1777891264.9423325,-1.0,3.0,-64.0
1777891264.9523325,-3.0,2.0,-62.0
1777891264.9633324,-1.0,2.0,-66.0
1777891264.9733324,2.0,1.0,-76.0
1777891264.9833324,-2.0,2.0,-76.0
1777891264.9933324,-1.0,7.0,-76.0
1777891265.0033324,0.0,2.0,-69.0
1777891265.0133324,3.0,1.0,-73.0
1777891265.0233324,3.0,-2.0,-82.0
1777891265.0333323,9.0,-2.0,-74.0
1777891265.0433323,11.0,-2.0,-72.0
1777891265.0533323,13.0,-8.0,-75.0
1777891265.0633323,6.0,-4.0,-73.0
1777891265.0733323,6.0,-2.0,-76.0
1777891265.0833323,3.0,-4.0,-75.0
1777891265.0933323,1.0,-1.0,-74.0
1777891265.1033323,1.0,-4.0,-73.0
1777891265.1133325,1.0,-4.0,-73.0
1777891265.1233325,3.0,-1.0,-70.0
1777891265.1333325,3.0,1.0,-63.0
1777891265.1433325,-3.0,5.0,-64.0
1777891265.1533325,-1.0,5.0,-61.0
1777891265.1633325,-2.0,1.0,-63.0
1777891265.1733325,0.0,-3.0,-71.0
1777891265.1833324,1.0,-6.0,-80.0
1777891265.1933324,0.0,-5.0,-83.0
1777891265.2033324,1.0,-3.0,-88.0
1777891265.2133324,4.0,2.0,-77.0
1777891265.2233324,3.0,3.0,-77.0
1777891265.2333324,5.0,-1.0,-77.0
1777891265.2433324,3.0,0.0,-78.0
1777891265.2533324,1.0,1.0,-79.0
1777891265.2633324,-3.0,2.0,-73.0
1777891265.2733324,-1.0,0.0,-70.0
1777891265.2833323,0.0,0.0,-66.0
1777891265.2933323,-2.0,-2.0,-71.0
1777891265.3033323,-2.0,-2.0,-73.0
1777891265.3133323,0.0,-3.0,-79.0
1777891265.3233323,-4.0,0.0,-75.0
1777891265.3333323,-4.0,3.0,-69.0
1777891265.3433323,-8.0,-2.0,-65.0
1777891265.3533323,-7.0,-4.0,-67.0
1777891265.3633325,-4.0,-1.0,-75.0
1777891265.3733325,-2.0,0.0,-73.0
1777891265.3833325,0.0,4.0,-73.0
1777891265.3933325,2.0,1.0,-77.0
1777891265.4033325,2.0,-2.0,-74.0
1777891265.4133325,2.0,-1.0,-75.0
1777891265.4233325,3.0,-4.0,-66.0
1777891265.4333324,0.0,-4.0,-66.0
1777891265.4433324,1.0,-7.0,-74.0
1777891265.4533324,6.0,-4.0,-70.0
1777891265.4633324,8.0,0.0,-77.0
1777891265.4733324,3.0,2.0,-72.0
1777891265.4833324,6.0,4.0,-68.0
1777891265.4933324,4.0,2.0,-69.0
1777891265.5033324,4.0,0.0,-76.0
1777891265.5133324,11.0,-1.0,-76.0
1777891265.5233324,13.0,-2.0,-71.0
1777891265.5333323,13.0,0.0,-69.0
1777891265.5433323,11.0,-5.0,-67.0
1777891265.5533323,7.0,-5.0,-67.0
1777891265.5633323,7.0,-6.0,-73.0
1777891265.5733323,5.0,-5.0,-74.0
1777891265.5833323,4.0,-2.0,-78.0
1777891265.5933323,0.0,-3.0,-83.0
1777891265.6033323,1.0,-4.0,-81.0
1777891265.6133325,1.0,-5.0,-79.0
1777891265.6233325,0.0,-2.0,-78.0
1777891265.6333325,-3.0,1.0,-77.0
1777891265.6433325,-1.0,1.0,-78.0
1777891265.6533325,1.0,1.0,-79.0
1777891265.6633325,2.0,2.0,-69.0
1777891265.6733325,5.0,2.0,-74.0
1777891265.6833324,2.0,4.0,-75.0
1777891265.6933324,1.0,5.0,-72.0
1777891265.7033324,3.0,5.0,-77.0
1777891265.7133324,0.0,3.0,-81.0
1777891265.7233324,0.0,-1.0,-77.0
1777891265.7333324,-2.0,-1.0,-75.0
1777891265.7433324,-6.0,-1.0,-69.0
1777891265.7533324,-5.0,-4.0,-75.0
1777891265.7633324,-3.0,-5.0,-80.0
1777891265.7733324,-4.0,-3.0,-80.0
1777891265.7833323,-8.0,-5.0,-78.0
1777891265.7933323,-4.0,-6.0,-76.0
1777891265.8033323,-4.0,-10.0,-81.0
1777891265.8133323,1.0,-10.0,-77.0
1777891265.8233323,0.0,-12.0,-76.0
1777891265.8333323,-2.0,-12.0,-73.0
1777891265.8433323,0.0,-10.0,-78.0
1777891265.8533323,3.0,-7.0,-79.0
1777891265.8633325,-2.0,-8.0,-81.0
1777891265.8733325,-1.0,-9.0,-76.0
1777891265.8833325,-1.0,-4.0,-64.0
1777891265.8933325,-2.0,-4.0,-57.0
1777891265.9033325,-1.0,-4.0,-60.0
1777891265.9133325,-3.0,-9.0,-62.0
1777891265.9233325,-2.0,-7.0,-67.0
1777891265.9333324,0.0,-5.0,-67.0
1777891265.9433324,2.0,0.0,-63.0
1777891265.9533324,2.0,0.0,-66.0
1777891265.9633324,-2.0,-1.0,-68.0
1777891265.9733324,0.0,-3.0,-71.0
1777891265.9833324,-2.0,-2.0,-78.0
1777891265.9933324,0.0,-1.0,-76.0
1777891266.0033324,2.0,-7.0,-73.0
1777891266.0133324,-2.0,-8.0,-67.0
1777891266.0233324,-3.0,-6.0,-61.0
1777891266.0333323,-5.0,-1.0,-60.0
1777891266.0433323,-4.0,-2.0,-63.0
1777891266.0533323,-4.0,-3.0,-63.0
1777891266.0633323,4.0,-2.0,-61.0
1777891266.0733323,6.0,-5.0,-71.0
1777891266.0833323,7.0,-7.0,-77.0
1777891266.0933323,2.0,-3.0,-73.0
1777891266.1033323,0.0,-2.0,-71.0
1777891266.1133325,0.0,2.0,-74.0
1777891266.1233325,-1.0,3.0,-72.0
1777891266.1333325,-2.0,3.0,-75.0
1777891266.1433325,-5.0,3.0,-78.0
1777891266.1533325,-3.0,4.0,-78.0
1777891266.1633325,0.0,3.0,-74.0
1777891266.1733325,-4.0,0.0,-66.0
1777891266.1833324,-7.0,0.0,-64.0
1777891266.1933324,-7.0,-1.0,-70.0
1777891266.2033324,-3.0,-3.0,-69.0
1777891266.2133324,-1.0,-3.0,-62.0
1777891266.2233324,-2.0,0.0,-65.0
1777891266.2333324,0.0,3.0,-63.0
1777891266.2433324,2.0,0.0,-67.0
1777891266.2533324,1.0,1.0,-76.0
1777891266.2633324,0.0,4.0,-70.0
1777891266.2733324,-2.0,2.0,-70.0
1777891266.2833323,-1.0,3.0,-65.0
1777891266.2933323,0.0,4.0,-70.0
1777891266.3033323,0.0,-1.0,-72.0
1777891266.3133323,-4.0,0.0,-74.0
1777891266.3233323,-2.0,4.0,-67.0
1777891266.3333323,-3.0,2.0,-69.0
1777891266.3433323,-2.0,0.0,-66.0
1777891266.3533323,-1.0,-4.0,-69.0
1777891266.3633325,0.0,-3.0,-74.0
1777891266.3733325,2.0,-3.0,-74.0
1777891266.3833325,5.0,-4.0,-66.0
1777891266.3933325,7.0,-1.0,-66.0
1777891266.4033325,5.0,0.0,-68.0
1777891266.4133325,2.0,2.0,-71.0
1777891266.4233325,2.0,0.0,-69.0
1777891266.4333324,0.0,-1.0,-68.0
1777891266.4433324,0.0,-2.0,-69.0
1777891266.4533324,-4.0,1.0,-72.0
1777891266.4633324,-9.0,4.0,-68.0
1777891266.4733324,-5.0,4.0,-64.0
1777891266.4833324,-2.0,5.0,-64.0
1777891266.4933324,-4.0,1.0,-66.0
1777891266.5033324,0.0,0.0,-63.0
1777891266.5133324,2.0,-2.0,-64.0
1777891266.5233324,1.0,-5.0,-63.0
1777891266.5333323,5.0,-5.0,-65.0
1777891266.5433323,8.0,0.0,-65.0
1777891266.5533323,8.0,0.0,-67.0
1777891266.5633323,4.0,1.0,-71.0
1777891266.5733323,7.0,2.0,-66.0
1777891266.5833323,6.0,1.0,-71.0
1777891266.5933323,2.0,0.0,-68.0
1777891266.6033323,0.0,2.0,-71.0
1777891266.6133325,-1.0,0.0,-72.0
1777891266.6233325,0.0,-2.0,-68.0
1777891266.6333325,-4.0,-3.0,-67.0
1777891266.6433325,-7.0,-2.0,-69.0
1777891266.6533325,-8.0,-3.0,-66.0
1777891266.6633325,-7.0,0.0,-73.0
1777891266.6733325,-4.0,-1.0,-64.0
1777891266.6833324,-6.0,0.0,-57.0
1777891266.6933324,-5.0,0.0,-60.0
1777891266.7033324,-8.0,0.0,-63.0
1777891266.7133324,-7.0,-2.0,-65.0
1777891266.7233324,-6.0,-3.0,-69.0
1777891266.7333324,-5.0,-2.0,-71.0
1777891266.7433324,-5.0,-5.0,-65.0
1777891266.7533324,-3.0,-8.0,-65.0
1777891266.7633324,-3.0,-6.0,-64.0
1777891266.7733324,-2.0,-6.0,-69.0
1777891266.7833323,0.0,-7.0,-71.0
1777891266.7933323,1.0,-4.0,-67.0
1777891266.8033323,5.0,0.0,-70.0
1777891266.8133323,6.0,0.0,-69.0
1777891266.8233323,3.0,1.0,-65.0
1777891266.8333323,6.0,0.0,-64.0
1777891266.8433323,2.0,3.0,-67.0
1777891266.8533323,2.0,0.0,-71.0
1777891266.8633325,2.0,1.0,-78.0
1777891266.8733325,-1.0,0.0,-77.0
1777891266.8833325,0.0,0.0,-82.0
1777891266.8933325,0.0,-2.0,-77.0
1777891266.9033325,-1.0,-7.0,-74.0
1777891266.9133325,3.0,-1.0,-81.0
1777891266.9243324,2.0,3.0,-82.0
1777891266.9333324,0.0,0.0,-79.0
1777891266.9433324,0.0,0.0,-77.0
1777891266.9543324,0.0,4.0,-74.0
1777891266.9633324,-1.0,2.0,-77.0
1777891266.9743323,-2.0,0.0,-71.0
1777891266.9843323,-3.0,-3.0,-67.0
1777891266.9943323,-3.0,1.0,-72.0
1777891267.0043323,-2.0,1.0,-72.0
1777891267.0143323,-1.0,0.0,-67.0
1777891267.0243323,0.0,5.0,-66.0
1777891267.0343325,0.0,5.0,-68.0
1777891267.0443325,-2.0,8.0,-71.0
1777891267.0543325,-3.0,7.0,-74.0
1777891267.0643325,-3.0,8.0,-72.0
1777891267.0743325,-1.0,4.0,-69.0
1777891267.0843325,-1.0,4.0,-68.0
1777891267.0943325,-1.0,3.0,-70.0
1777891267.1043324,-1.0,0.0,-68.0
1777891267.1143324,-3.0,-1.0,-66.0
1777891267.1243324,-5.0,0.0,-68.0
1777891267.1343324,-6.0,2.0,-78.0
1777891267.1443324,-1.0,-2.0,-86.0
1777891267.1543324,0.0,0.0,-82.0
1777891267.1643324,0.0,0.0,-81.0
1777891267.1743324,3.0,1.0,-82.0
1777891267.1843324,2.0,0.0,-77.0
1777891267.1943324,-3.0,3.0,-73.0
1777891267.2043324,0.0,3.0,-72.0
1777891267.2143323,1.0,5.0,-67.0
1777891267.2243323,-2.0,6.0,-61.0
1777891267.2343323,-5.0,7.0,-66.0
1777891267.2443323,4.0,7.0,-64.0
1777891267.2543323,9.0,2.0,-69.0
1777891267.2643323,4.0,2.0,-77.0
1777891267.2743323,-2.0,0.0,-81.0
1777891267.2843325,1.0,1.0,-83.0
1777891267.2943325,2.0,2.0,-77.0
1777891267.3043325,0.0,0.0,-78.0
1777891267.3143325,-2.0,3.0,-81.0
1777891267.3243325,-4.0,1.0,-78.0
1777891267.3343325,-2.0,0.0,-78.0
1777891267.3443325,-2.0,0.0,-76.0
1777891267.3543324,-1.0,0.0,-76.0
1777891267.3643324,-4.0,-1.0,-76.0
1777891267.3743324,0.0,0.0,-70.0
1777891267.3843324,1.0,-3.0,-66.0
1777891267.3943324,5.0,-4.0,-67.0
1777891267.4043324,11.0,-3.0,-66.0
1777891267.4143324,9.0,0.0,-67.0
1777891267.4243324,12.0,0.0,-73.0
1777891267.4343324,9.0,-2.0,-77.0
1777891267.4443324,6.0,-1.0,-75.0
1777891267.4543324,5.0,0.0,-68.0
1777891267.4643323,1.0,0.0,-73.0
1777891267.4743323,2.0,-1.0,-82.0
1777891267.4843323,0.0,1.0,-83.0
1777891267.4943323,-2.0,1.0,-86.0
1777891267.5043323,-8.0,0.0,-80.0
1777891267.5143323,-5.0,-2.0,-76.0
1777891267.5243323,-5.0,2.0,-76.0
1777891267.5343325,-5.0,2.0,-78.0
1777891267.5443325,-4.0,0.0,-76.0
1777891267.5543325,-6.0,-1.0,-73.0
1777891267.5643325,-3.0,-2.0,-71.0
1777891267.5743325,-2.0,0.0,-71.0
1777891267.5843325,0.0,0.0,-73.0
1777891267.5943325,-3.0,0.0,-73.0
1777891267.6043324,-2.0,1.0,-74.0
1777891267.6143324,-3.0,0.0,-74.0
1777891267.6243324,0.0,0.0,-72.0
1777891267.6343324,0.0,3.0,-69.0
1777891267.6443324,0.0,0.0,-73.0
1777891267.6543324,0.0,-3.0,-79.0
1777891267.6643324,-3.0,-6.0,-71.0
1777891267.6743324,-2.0,-6.0,-68.0
1777891267.6843324,-1.0,-4.0,-72.0
1777891267.6943324,2.0,-3.0,-78.0
1777891267.7043324,1.0,-3.0,-72.0
1777891267.7143323,3.0,-4.0,-75.0
1777891267.7243323,2.0,-6.0,-76.0
1777891267.7343323,4.0,-3.0,-77.0
1777891267.7443323,0.0,-4.0,-69.0
1777891267.7543323,-2.0,1.0,-68.0
1777891267.7643323,-3.0,0.0,-69.0
1777891267.7743323,-4.0,0.0,-74.0
1777891267.7843325,-5.0,0.0,-83.0
1777891267.7943325,-5.0,-2.0,-82.0
1777891267.8043325,-6.0,-3.0,-82.0
1777891267.8143325,-7.0,-2.0,-76.0
1777891267.8243325,-1.0,2.0,-71.0
1777891267.8343325,0.0,0.0,-73.0
1777891267.8443325,3.0,1.0,-73.0
1777891267.8543324,6.0,-1.0,-79.0
1777891267.8643324,5.0,-5.0,-77.0
1777891267.8743324,4.0,-8.0,-78.0
1777891267.8843324,0.0,-9.0,-75.0
1777891267.8943324,-3.0,-10.0,-77.0
1777891267.9043324,-5.0,-8.0,-78.0
1777891267.9143324,-6.0,-3.0,-82.0
1777891267.9243324,-4.0,-3.0,-85.0
1777891267.9343324,-2.0,0.0,-85.0
1777891267.9443324,-3.0,0.0,-87.0
1777891267.9543324,0.0,-3.0,-87.0
1777891267.9643323,7.0,0.0,-81.0
1777891267.9743323,7.0,-1.0,-84.0
1777891267.9843323,10.0,1.0,-81.0
1777891267.9943323,7.0,-2.0,-85.0
1777891268.0043323,7.0,-3.0,-80.0
1777891268.0143323,8.0,-3.0,-82.0
1777891268.0243323,5.0,0.0,-82.0
1777891268.0343325,5.0,3.0,-89.0
1777891268.0443325,5.0,0.0,-85.0
1777891268.0543325,1.0,0.0,-86.0
1777891268.0643325,3.0,2.0,-84.0
1777891268.0743325,2.0,2.0,-79.0
1777891268.0843325,0.0,-2.0,-76.0
1777891268.0943325,-2.0,1.0,-75.0
1777891268.1043324,-3.0,1.0,-79.0
1777891268.1143324,0.0,-4.0,-76.0
1777891268.1243324,4.0,-2.0,-70.0
1777891268.1343324,6.0,-2.0,-67.0
1777891268.1443324,6.0,-5.0,-68.0
1777891268.1543324,4.0,-6.0,-62.0
1777891268.1643324,2.0,-3.0,-64.0
1777891268.1743324,2.0,-6.0,-66.0
1777891268.1843324,0.0,-5.0,-61.0
1777891268.1943324,1.0,-4.0,-56.0
1777891268.2043324,6.0,-2.0,-55.0
1777891268.2143323,2.0,-4.0,-62.0
1777891268.2243323,1.0,-5.0,-67.0
1777891268.2343323,-3.0,-1.0,-65.0
1777891268.2443323,-1.0,-3.0,-63.0
1777891268.2543323,2.0,-3.0,-60.0
1777891268.2643323,-1.0,0.0,-66.0
1777891268.2743323,-5.0,0.0,-68.0
1777891268.2843325,0.0,-1.0,-71.0
1777891268.2943325,2.0,3.0,-70.0
1777891268.3043325,0.0,7.0,-69.0
1777891268.3143325,0.0,3.0,-67.0
1777891268.3243325,0.0,3.0,-70.0
1777891268.3343325,2.0,2.0,-72.0
1777891268.3443325,3.0,0.0,-69.0
1777891268.3543324,5.0,-3.0,-66.0
1777891268.3643324,5.0,-4.0,-65.0
1777891268.3743324,5.0,-3.0,-63.0
1777891268.3843324,7.0,-2.0,-61.0
1777891268.3943324,6.0,-5.0,-63.0
1777891268.4043324,5.0,-6.0,-65.0
1777891268.4143324,2.0,-9.0,-72.0
1777891268.4243324,3.0,-6.0,-77.0
1777891268.4343324,1.0,-3.0,-78.0
1777891268.4443324,4.0,-1.0,-73.0
1777891268.4543324,2.0,0.0,-72.0
1777891268.4643323,5.0,0.0,-77.0
1777891268.4743323,3.0,2.0,-72.0
1777891268.4843323,0.0,2.0,-70.0
1777891268.4943323,2.0,0.0,-67.0
1777891268.5043323,3.0,-2.0,-73.0
1777891268.5143323,4.0,-2.0,-72.0
1777891268.5243323,2.0,-2.0,-75.0
1777891268.5343325,0.0,-2.0,-81.0
1777891268.5443325,2.0,-1.0,-80.0
1777891268.5543325,3.0,-7.0,-80.0
1777891268.5643325,2.0,-1.0,-74.0
1777891268.5743325,5.0,1.0,-72.0
1777891268.5843325,11.0,1.0,-77.0
1777891268.5943325,8.0,7.0,-84.0
1777891268.6043324,6.0,4.0,-82.0
1777891268.6143324,0.0,6.0,-82.0
1777891268.6243324,-2.0,2.0,-82.0
1777891268.6343324,-2.0,2.0,-86.0
1777891268.6443324,0.0,0.0,-79.0
1777891268.6543324,5.0,0.0,-74.0
1777891268.6643324,3.0,0.0,-72.0
1777891268.6743324,-2.0,1.0,-76.0
1777891268.6843324,-3.0,-3.0,-77.0
1777891268.6943324,-7.0,-6.0,-71.0
1777891268.7043324,-6.0,-5.0,-78.0
1777891268.7143323,-2.0,-6.0,-76.0
1777891268.7243323,0.0,-8.0,-67.0
1777891268.7343323,-1.0,-7.0,-67.0
1777891268.7443323,1.0,-6.0,-72.0
1777891268.7543323,-1.0,-5.0,-75.0
1777891268.7643323,-4.0,-1.0,-79.0
1777891268.7743323,-4.0,1.0,-88.0
1777891268.7843325,-9.0,-1.0,-85.0
1777891268.7943325,-5.0,-1.0,-82.0
1777891268.8043325,-1.0,1.0,-74.0
1777891268.8143325,-1.0,5.0,-71.0
1777891268.8243325,-3.0,4.0,-75.0
1777891268.8343325,-6.0,2.0,-73.0
1777891268.8443325,-7.0,0.0,-73.0
1777891268.8553324,0.0,-1.0,-71.0
1777891268.8643324,3.0,0.0,-69.0
1777891268.8743324,3.0,1.0,-72.0
1777891268.8843324,10.0,-1.0,-77.0
1777891268.8943324,4.0,-5.0,-75.0
1777891268.9053323,4.0,-5.0,-75.0
1777891268.9143324,5.0,-2.0,-70.0
1777891268.9243324,8.0,-2.0,-70.0
1777891268.9343324,10.0,-1.0,-76.0
1777891268.9453323,6.0,-2.0,-77.0
1777891268.9553325,3.0,-1.0,-79.0
1777891268.9653325,0.0,-3.0,-78.0
1777891268.9753325,-3.0,-1.0,-77.0
1777891268.9853325,-2.0,-1.0,-75.0
1777891268.9953325,-3.0,-3.0,-77.0
1777891269.0053325,-4.0,0.0,-76.0
1777891269.0153325,-9.0,-3.0,-68.0
1777891269.0253325,-9.0,-3.0,-72.0
1777891269.0353324,-8.0,-3.0,-76.0
1777891269.0453324,-8.0,-2.0,-79.0
1777891269.0553324,-10.0,-2.0,-75.0
1777891269.0653324,-10.0,-6.0,-76.0
1777891269.0753324,-6.0,-5.0,-85.0
1777891269.0853324,-8.0,-1.0,-87.0
1777891269.0953324,-3.0,-2.0,-83.0
1777891269.1053324,1.0,-2.0,-83.0
1777891269.1153324,1.0,-2.0,-79.0
1777891269.1253324,-2.0,-1.0,-77.0
1777891269.1353323,-6.0,-2.0,-72.0
1777891269.1453323,-5.0,-5.0,-70.0
1777891269.1553323,-5.0,-6.0,-68.0
1777891269.1653323,-4.0,-4.0,-73.0
1777891269.1753323,0.0,-6.0,-68.0
1777891269.1853323,4.0,-5.0,-74.0
1777891269.1953323,5.0,-6.0,-72.0
1777891269.2053325,4.0,-9.0,-67.0
1777891269.2153325,9.0,-9.0,-71.0
1777891269.2253325,7.0,-6.0,-77.0
1777891269.2353325,7.0,-6.0,-79.0
1777891269.2453325,4.0,-1.0,-81.0
1777891269.2553325,3.0,0.0,-83.0
1777891269.2653325,5.0,0.0,-82.0
1777891269.2753325,2.0,-3.0,-78.0
1777891269.2853324,8.0,-5.0,-73.0
1777891269.2953324,6.0,-4.0,-74.0
1777891269.3053324,9.0,-6.0,-69.0
1777891269.3153324,8.0,-2.0,-68.0
1777891269.3253324,2.0,-5.0,-74.0
1777891269.3353324,0.0,-5.0,-70.0
1777891269.3453324,2.0,-3.0,-64.0
1777891269.3553324,1.0,-3.0,-60.0
1777891269.3653324,0.0,0.0,-61.0
1777891269.3753324,-4.0,4.0,-67.0
1777891269.3853323,-6.0,4.0,-71.0
1777891269.3953323,-8.0,1.0,-71.0
1777891269.4053323,-5.0,1.0,-71.0
1777891269.4153323,-6.0,1.0,-65.0
1777891269.4253323,-5.0,-2.0,-61.0
1777891269.4353323,-6.0,-6.0,-63.0
1777891269.4453323,-9.0,-1.0,-63.0
1777891269.4553325,-6.0,-4.0,-68.0
1777891269.4653325,-4.0,-6.0,-71.0
1777891269.4753325,0.0,-5.0,-77.0
1777891269.4853325,0.0,-6.0,-77.0
1777891269.4953325,-5.0,-6.0,-76.0
1777891269.5053325,-7.0,-4.0,-76.0
1777891269.5153325,-8.0,-3.0,-74.0
1777891269.5253325,-9.0,1.0,-71.0
1777891269.5353324,-11.0,-1.0,-72.0
1777891269.5453324,-7.0,-2.0,-71.0
1777891269.5553324,-3.0,0.0,-68.0
1777891269.5653324,-5.0,-2.0,-71.0
1777891269.5753324,-3.0,-4.0,-73.0
1777891269.5853324,-4.0,-8.0,-71.0
1777891269.5953324,0.0,-7.0,-73.0
1777891269.6053324,-1.0,-6.0,-70.0
1777891269.6153324,-1.0,-6.0,-67.0
1777891269.6253324,-1.0,-5.0,-67.0
1777891269.6353323,-2.0,-1.0,-69.0
1777891269.6453323,0.0,1.0,-65.0
1777891269.6553323,7.0,2.0,-64.0
1777891269.6653323,7.0,3.0,-65.0
1777891269.6753323,7.0,6.0,-68.0
1777891269.6853323,7.0,2.0,-71.0
1777891269.6953323,5.0,3.0,-76.0
1777891269.7053325,2.0,-1.0,-76.0
1777891269.7153325,5.0,-1.0,-78.0
1777891269.7253325,1.0,0.0,-79.0
1777891269.7353325,0.0,-2.0,-79.0
1777891269.7453325,4.0,0.0,-72.0
1777891269.7553325,4.0,-1.0,-71.0
1777891269.7653325,0.0,2.0,-68.0
1777891269.7753325,0.0,0.0,-72.0
1777891269.7853324,2.0,-4.0,-78.0
1777891269.7953324,-1.0,-1.0,-75.0
1777891269.8053324,0.0,-4.0,-67.0
1777891269.8153324,-2.0,-3.0,-66.0
1777891269.8253324,-7.0,-2.0,-67.0
1777891269.8353324,-5.0,-2.0,-71.0
1777891269.8453324,-1.0,0.0,-71.0
1777891269.8553324,0.0,-3.0,-73.0
1777891269.8653324,1.0,-3.0,-76.0
1777891269.8753324,0.0,-3.0,-74.0
1777891269.8853323,-1.0,0.0,-69.0
1777891269.8953323,-7.0,1.0,-74.0
1777891269.9053323,-3.0,-3.0,-73.0
1777891269.9153323,-6.0,-5.0,-71.0
1777891269.9253323,1.0,-2.0,-77.0
1777891269.9353323,2.0,-1.0,-74.0
1777891269.9453323,2.0,0.0,-72.0
1777891269.9553325,4.0,-1.0,-75.0
1777891269.9653325,7.0,1.0,-72.0
1777891269.9753325,7.0,-2.0,-65.0
1777891269.9853325,8.0,-2.0,-65.0
1777891269.9953325,10.0,-3.0,-69.0
1777891270.0053325,8.0,-1.0,-76.0
1777891270.0153325,4.0,0.0,-76.0
1777891270.0253325,2.0,-2.0,-76.0
1777891270.0353324,2.0,0.0,-74.0
1777891270.0453324,0.0,9.0,-75.0
1777891270.0553324,5.0,4.0,-76.0
1777891270.0653324,4.0,0.0,-75.0
1777891270.0753324,9.0,-1.0,-73.0
1777891270.0853324,8.0,-3.0,-72.0
1777891270.0953324,1.0,-2.0,-75.0
1777891270.1053324,0.0,0.0,-76.0
1777891270.1153324,3.0,2.0,-80.0
1777891270.1253324,-2.0,3.0,-83.0
1777891270.1353323,0.0,2.0,-84.0
1777891270.1453323,4.0,4.0,-85.0
1777891270.1553323,2.0,3.0,-80.0
1777891270.1653323,-1.0,1.0,-84.0
1777891270.1753323,1.0,5.0,-83.0
1777891270.1863325,3.0,4.0,-84.0
1777891270.1953323,0.0,5.0,-83.0
1777891270.2053325,2.0,4.0,-82.0
1777891270.2153325,-3.0,-2.0,-79.0
1777891270.2253325,-2.0,-4.0,-78.0
1777891270.2353325,-2.0,-4.0,-69.0
1777891270.2453325,0.0,-4.0,-64.0
1777891270.2553325,-1.0,-7.0,-62.0
1777891270.2653325,-1.0,-9.0,-65.0
1777891270.2753325,0.0,-6.0,-69.0
1777891270.2853324,2.0,-5.0,-72.0
1777891270.2953324,6.0,-3.0,-70.0
1777891270.3053324,5.0,0.0,-65.0
1777891270.3153324,8.0,0.0,-67.0
1777891270.3253324,9.0,-1.0,-69.0
1777891270.3353324,4.0,0.0,-68.0
1777891270.3453324,4.0,0.0,-65.0
1777891270.3553324,3.0,0.0,-69.0
1777891270.3653324,6.0,0.0,-69.0
1777891270.3753324,6.0,-2.0,-69.0
1777891270.3853323,5.0,-3.0,-67.0
1777891270.3953323,3.0,-4.0,-67.0
1777891270.4053323,8.0,-3.0,-71.0
1777891270.4153323,8.0,1.0,-74.0
1777891270.4253323,3.0,6.0,-74.0
1777891270.4353323,6.0,5.0,-74.0
1777891270.4453323,4.0,1.0,-72.0
1777891270.4553325,3.0,-1.0,-70.0
1777891270.4653325,1.0,2.0,-68.0
1777891270.4753325,-1.0,0.0,-74.0
1777891270.4853325,1.0,0.0,-75.0
1777891270.4953325,-1.0,1.0,-77.0
1777891270.5053325,-2.0,-3.0,-74.0
1777891270.5153325,-5.0,-4.0,-79.0
1777891270.5253325,-2.0,-7.0,-81.0
1777891270.5353324,0.0,-7.0,-80.0
1777891270.5453324,-1.0,-8.0,-79.0
1777891270.5553324,0.0,-5.0,-79.0
1777891270.5653324,0.0,-3.0,-82.0
1777891270.5753324,0.0,1.0,-81.0
1777891270.5853324,1.0,0.0,-69.0
1777891270.5953324,3.0,-3.0,-65.0
1777891270.6053324,0.0,-4.0,-69.0
1777891270.6153324,5.0,-1.0,-76.0
1777891270.6253324,6.0,0.0,-76.0
1777891270.6353323,6.0,0.0,-81.0
1777891270.6453323,6.0,0.0,-81.0
1777891270.6553323,7.0,-1.0,-75.0
1777891270.6653323,0.0,0.0,-75.0
1777891270.6753323,2.0,-2.0,-78.0
1777891270.6853323,0.0,-1.0,-79.0
1777891270.6953323,3.0,-3.0,-74.0
1777891270.7053325,4.0,0.0,-74.0
1777891270.7153325,1.0,-2.0,-66.0
1777891270.7253325,5.0,0.0,-69.0
1777891270.7353325,2.0,0.0,-68.0
1777891270.7453325,1.0,0.0,-73.0
1777891270.7553325,1.0,1.0,-75.0
1777891270.7653325,4.0,-1.0,-73.0
1777891270.7753325,5.0,-3.0,-69.0
1777891270.7853324,1.0,-1.0,-63.0
1777891270.7953324,4.0,-1.0,-66.0
1777891270.8053324,5.0,-1.0,-63.0
1777891270.8153324,7.0,0.0,-67.0
1777891270.8253324,5.0,-6.0,-68.0
1777891270.8353324,2.0,-4.0,-68.0
1777891270.8453324,-3.0,-1.0,-78.0
1777891270.8553324,0.0,-1.0,-75.0
1777891270.8653324,-1.0,-1.0,-68.0
1777891270.8753324,-2.0,-1.0,-68.0
1777891270.8853323,-6.0,-2.0,-68.0
1777891270.8953323,-6.0,-4.0,-70.0
1777891270.9063325,-4.0,-1.0,-71.0
1777891270.9153323,0.0,-3.0,-69.0
1777891270.9253323,-3.0,-1.0,-59.0
1777891270.9363325,-3.0,-5.0,-59.0
1777891270.9463325,-1.0,-3.0,-58.0
1777891270.9563324,-4.0,-7.0,-66.0
1777891270.9663324,-2.0,-4.0,-71.0
1777891270.9763324,-6.0,-4.0,-69.0
1777891270.9863324,-3.0,-4.0,-72.0
1777891270.9963324,-5.0,0.0,-74.0
1777891271.0063324,-3.0,0.0,-74.0
1777891271.0163324,-1.0,-3.0,-74.0
1777891271.0263324,-1.0,-8.0,-72.0
1777891271.0363324,3.0,-6.0,-77.0
1777891271.0463324,3.0,-6.0,-75.0
1777891271.0563323,1.0,-2.0,-75.0
1777891271.0663323,2.0,0.0,-75.0
1777891271.0763323,2.0,0.0,-77.0
1777891271.0863323,7.0,3.0,-70.0
1777891271.0963323,4.0,0.0,-67.0
1777891271.1063323,1.0,0.0,-69.0
1777891271.1163323,5.0,2.0,-71.0
1777891271.1263323,3.0,2.0,-70.0
1777891271.1363325,-2.0,-1.0,-65.0
1777891271.1463325,-4.0,1.0,-69.0
1777891271.1563325,-2.0,1.0,-71.0
1777891271.1663325,0.0,4.0,-73.0
1777891271.1763325,0.0,2.0,-73.0
1777891271.1863325,2.0,2.0,-70.0
1777891271.1963325,6.0,-3.0,-76.0
1777891271.2063324,11.0,-2.0,-82.0
1777891271.2163324,6.0,-10.0,-72.0
1777891271.2263324,5.0,-10.0,-68.0
1777891271.2363324,0.0,-7.0,-68.0
1777891271.2463324,0.0,-3.0,-62.0
1777891271.2563324,-2.0,0.0,-63.0
1777891271.2663324,-2.0,1.0,-69.0
1777891271.2763324,-1.0,0.0,-65.0
1777891271.2863324,1.0,1.0,-71.0
1777891271.2963324,1.0,-2.0,-76.0
1777891271.3063323,-1.0,-8.0,-76.0
1777891271.3163323,0.0,-4.0,-82.0
1777891271.3263323,1.0,-5.0,-79.0
1777891271.3363323,2.0,-6.0,-82.0
1777891271.3463323,1.0,-7.0,-77.0
1777891271.3563323,4.0,-5.0,-73.0
1777891271.3663323,6.0,-1.0,-72.0
1777891271.3763323,10.0,-1.0,-75.0
1777891271.3863325,6.0,0.0,-76.0
1777891271.3963325,3.0,1.0,-77.0
1777891271.4063325,0.0,1.0,-82.0
1777891271.4163325,-1.0,-3.0,-78.0
1777891271.4263325,-7.0,0.0,-76.0
1777891271.4363325,-1.0,-1.0,-71.0
1777891271.4463325,-5.0,-4.0,-70.0
1777891271.4563324,-3.0,-7.0,-74.0
1777891271.4663324,4.0,-1.0,-74.0
1777891271.4763324,5.0,0.0,-72.0
1777891271.4863324,6.0,0.0,-73.0
1777891271.4963324,3.0,-2.0,-73.0
1777891271.5063324,0.0,-1.0,-79.0
1777891271.5163324,0.0,-2.0,-79.0
1777891271.5263324,0.0,-1.0,-80.0
1777891271.5363324,0.0,2.0,-72.0
1777891271.5463324,0.0,4.0,-70.0
1777891271.5563323,3.0,4.0,-73.0
1777891271.5663323,1.0,3.0,-75.0
1777891271.5763323,4.0,5.0,-74.0
1777891271.5863323,2.0,1.0,-70.0
1777891271.5963323,5.0,0.0,-69.0
1777891271.6063323,8.0,-1.0,-69.0
1777891271.6163323,10.0,3.0,-70.0
1777891271.6263323,8.0,4.0,-68.0
1777891271.6363325,3.0,6.0,-72.0
1777891271.6463325,4.0,5.0,-72.0
1777891271.6563325,6.0,4.0,-77.0
1777891271.6663325,3.0,3.0,-79.0
1777891271.6763325,0.0,0.0,-76.0
1777891271.6863325,0.0,0.0,-72.0
1777891271.6963325,2.0,-3.0,-72.0
1777891271.7063324,5.0,-1.0,-77.0
1777891271.7163324,7.0,-4.0,-71.0
1777891271.7263324,7.0,-1.0,-72.0
1777891271.7363324,5.0,3.0,-75.0
1777891271.7463324,4.0,7.0,-76.0
1777891271.7563324,6.0,3.0,-77.0
1777891271.7663324,4.0,3.0,-80.0
1777891271.7763324,3.0,2.0,-76.0
1777891271.7863324,1.0,6.0,-70.0
1777891271.7963324,-1.0,6.0,-71.0
1777891271.8063323,0.0,2.0,-77.0
1777891271.8163323,1.0,0.0,-78.0
1777891271.8263323,2.0,-2.0,-74.0
1777891271.8363323,0.0,-2.0,-72.0
1777891271.8463323,2.0,-4.0,-72.0
1777891271.8563323,6.0,-4.0,-73.0
1777891271.8663323,3.0,-4.0,-70.0
1777891271.8763323,6.0,-5.0,-74.0
1777891271.8863325,5.0,-8.0,-74.0
1777891271.8963325,0.0,-9.0,-78.0
1777891271.9063325,0.0,-8.0,-77.0
1777891271.9163325,-2.0,-7.0,-73.0
1777891271.9263325,1.0,-5.0,-73.0
1777891271.9363325,-2.0,-2.0,-80.0
1777891271.9463325,-3.0,-7.0,-77.0
1777891271.9563324,0.0,-5.0,-76.0
1777891271.9663324,-2.0,0.0,-76.0
1777891271.9763324,1.0,-1.0,-77.0
1777891271.9863324,0.0,-3.0,-80.0
1777891271.9963324,-1.0,-1.0,-72.0
1777891272.0063324,0.0,0.0,-71.0
1777891272.0163324,3.0,3.0,-80.0
1777891272.0263324,2.0,7.0,-77.0
1777891272.0363324,1.0,1.0,-78.0
1777891272.0463324,0.0,1.0,-82.0
1777891272.0563323,-4.0,1.0,-80.0
1777891272.0663323,0.0,0.0,-82.0
1777891272.0763323,-2.0,0.0,-88.0
1777891272.0863323,-1.0,-2.0,-86.0
1777891272.0963323,-4.0,-5.0,-82.0
1777891272.1063323,-2.0,-3.0,-86.0
1777891272.1163323,-1.0,0.0,-92.0
1777891272.1263323,-4.0,-4.0,-83.0
1777891272.1363325,-1.0,-2.0,-81.0
1777891272.1463325,-3.0,0.0,-78.0
1777891272.1563325,-2.0,4.0,-83.0
1777891272.1663325,-3.0,4.0,-85.0
1777891272.1763325,1.0,1.0,-88.0
1777891272.1863325,3.0,0.0,-83.0
1777891272.1963325,0.0,-1.0,-81.0
1777891272.2063324,-4.0,0.0,-80.0
1777891272.2163324,-7.0,-2.0,-81.0
1777891272.2263324,-8.0,-3.0,-76.0
1777891272.2363324,-10.0,-3.0,-75.0
1777891272.2463324,-4.0,-4.0,-72.0
1777891272.2563324,0.0,-4.0,-69.0
1777891272.2663324,0.0,-4.0,-70.0
1777891272.2763324,-2.0,0.0,-69.0
1777891272.2863324,0.0,1.0,-69.0
1777891272.2963324,0.0,4.0,-65.0
1777891272.3063323,2.0,1.0,-68.0
1777891272.3163323,1.0,1.0,-69.0
1777891272.3263323,0.0,0.0,-74.0
1777891272.3363323,0.0,-1.0,-78.0
1777891272.3463323,2.0,-1.0,-78.0
1777891272.3563323,4.0,0.0,-77.0
1777891272.3663323,7.0,1.0,-73.0
1777891272.3763323,5.0,0.0,-77.0
1777891272.3863325,0.0,-1.0,-73.0
1777891272.3963325,0.0,-2.0,-73.0
1777891272.4063325,0.0,-6.0,-69.0
1777891272.4163325,-1.0,-7.0,-62.0
1777891272.4263325,0.0,-5.0,-65.0
1777891272.4363325,2.0,0.0,-62.0
1777891272.4463325,4.0,0.0,-68.0
1777891272.4563324,2.0,0.0,-74.0
1777891272.4663324,5.0,-3.0,-78.0
1777891272.4763324,-1.0,-2.0,-76.0
1777891272.4863324,-5.0,0.0,-81.0
1777891272.4963324,-2.0,-2.0,-78.0
1777891272.5063324,-2.0,-2.0,-81.0
1777891272.5163324,-4.0,-1.0,-78.0
1777891272.5263324,0.0,-3.0,-76.0
1777891272.5363324,1.0,-2.0,-83.0
1777891272.5463324,4.0,0.0,-85.0
1777891272.5563323,5.0,2.0,-76.0
1777891272.5663323,7.0,1.0,-75.0
1777891272.5763323,7.0,2.0,-67.0
1777891272.5863323,3.0,3.0,-75.0
1777891272.5963323,1.0,0.0,-84.0
1777891272.6063323,6.0,-1.0,-81.0
1777891272.6163323,8.0,-4.0,-78.0
1777891272.6263323,4.0,-1.0,-87.0
1777891272.6363325,2.0,0.0,-85.0
1777891272.6463325,-2.0,1.0,-78.0
1777891272.6563325,0.0,0.0,-79.0
1777891272.6663325,1.0,0.0,-86.0
1777891272.6763325,0.0,-1.0,-86.0
1777891272.6863325,0.0,-5.0,-80.0
1777891272.6963325,-3.0,-4.0,-82.0
1777891272.7063324,-1.0,-2.0,-79.0
1777891272.7163324,-3.0,0.0,-78.0
1777891272.7263324,-4.0,-2.0,-73.0
1777891272.7363324,-8.0,-4.0,-72.0
1777891272.7463324,-6.0,-2.0,-75.0
1777891272.7563324,-8.0,-2.0,-77.0
1777891272.7663324,-6.0,-1.0,-75.0
1777891272.7763324,-3.0,1.0,-79.0
1777891272.7863324,0.0,3.0,-80.0
1777891272.7963324,-2.0,1.0,-81.0
1777891272.8063323,-2.0,0.0,-81.0
1777891272.8163323,-6.0,2.0,-79.0
1777891272.8263323,-7.0,4.0,-78.0
1777891272.8363323,-6.0,0.0,-78.0
1777891272.8463323,-4.0,0.0,-78.0
1777891272.8563323,-3.0,5.0,-78.0
1777891272.8663323,-2.0,5.0,-76.0
1777891272.8773324,1.0,0.0,-77.0
1777891272.8873324,3.0,-1.0,-75.0
1777891272.8973324,0.0,0.0,-79.0
1777891272.9063325,2.0,1.0,-80.0
1777891272.9163325,2.0,2.0,-84.0
1777891272.9273324,6.0,8.0,-78.0
1777891272.9373324,5.0,3.0,-77.0
1777891272.9473324,4.0,-2.0,-76.0
1777891272.9573324,7.0,0.0,-79.0
1777891272.9673324,7.0,1.0,-92.0
1777891272.9773324,6.0,1.0,-85.0
1777891272.9873323,7.0,1.0,-81.0
1777891272.9973323,3.0,1.0,-72.0
1777891273.0073323,1.0,6.0,-65.0
1777891273.0173323,-2.0,4.0,-72.0
1777891273.0273323,-2.0,1.0,-67.0
1777891273.0373323,-4.0,0.0,-69.0
1777891273.0473323,-3.0,-1.0,-69.0
1777891273.0573325,1.0,0.0,-69.0
1777891273.0673325,2.0,2.0,-74.0
1777891273.0773325,1.0,4.0,-75.0
1777891273.0873325,-1.0,1.0,-73.0
1777891273.0973325,-1.0,0.0,-72.0
1777891273.1073325,-2.0,0.0,-72.0
1777891273.1173325,3.0,0.0,-69.0
1777891273.1273324,10.0,0.0,-61.0
1777891273.1373324,8.0,0.0,-65.0
1777891273.1473324,8.0,0.0,-69.0
1777891273.1573324,3.0,0.0,-75.0
1777891273.1673324,5.0,1.0,-81.0
1777891273.1773324,0.0,3.0,-79.0
1777891273.1873324,-2.0,2.0,-71.0
1777891273.1973324,0.0,-1.0,-70.0
1777891273.2073324,1.0,-1.0,-66.0
1777891273.2173324,0.0,2.0,-72.0
1777891273.2273324,-1.0,2.0,-73.0
1777891273.2373323,1.0,8.0,-73.0
1777891273.2473323,-2.0,7.0,-76.0
1777891273.2573323,-2.0,3.0,-80.0
1777891273.2673323,3.0,-3.0,-74.0
1777891273.2773323,2.0,-1.0,-72.0
1777891273.2873323,2.0,-6.0,-73.0
1777891273.2973323,2.0,-3.0,-74.0
1777891273.3073325,2.0,-2.0,-72.0
1777891273.3173325,2.0,-3.0,-73.0
1777891273.3273325,1.0,-7.0,-76.0
1777891273.3373325,4.0,-4.0,-79.0
1777891273.3473325,2.0,-1.0,-74.0
1777891273.3573325,5.0,-2.0,-74.0
1777891273.3673325,4.0,0.0,-70.0
1777891273.3773324,4.0,3.0,-71.0
1777891273.3873324,4.0,1.0,-67.0
1777891273.3973324,1.0,0.0,-62.0
1777891273.4073324,2.0,-3.0,-66.0
1777891273.4173324,7.0,-3.0,-64.0
1777891273.4273324,5.0,-1.0,-69.0
1777891273.4373324,6.0,0.0,-75.0
1777891273.4473324,8.0,2.0,-76.0
1777891273.4573324,6.0,0.0,-86.0
1777891273.4673324,6.0,-1.0,-88.0
1777891273.4773324,5.0,-1.0,-87.0
1777891273.4873323,7.0,0.0,-81.0
1777891273.4973323,2.0,-3.0,-75.0
1777891273.5073323,0.0,0.0,-78.0
1777891273.5173323,3.0,2.0,-77.0
1777891273.5273323,5.0,2.0,-74.0
1777891273.5373323,5.0,1.0,-75.0
1777891273.5473323,9.0,4.0,-72.0
1777891273.5573325,9.0,0.0,-70.0
1777891273.5673325,6.0,-5.0,-72.0
1777891273.5773325,2.0,-4.0,-76.0
1777891273.5873325,-1.0,-4.0,-66.0
1777891273.5973325,0.0,-3.0,-68.0
1777891273.6073325,0.0,-7.0,-59.0
1777891273.6173325,-2.0,-8.0,-61.0
1777891273.6273324,-2.0,-5.0,-64.0
1777891273.6373324,-1.0,-1.0,-61.0
1777891273.6473324,0.0,0.0,-60.0
1777891273.6573324,2.0,3.0,-64.0
1777891273.6673324,3.0,4.0,-62.0
1777891273.6773324,8.0,5.0,-61.0
1777891273.6873324,11.0,2.0,-65.0
1777891273.6973324,5.0,3.0,-73.0
1777891273.7073324,2.0,3.0,-70.0
1777891273.7173324,3.0,1.0,-71.0
1777891273.7273324,2.0,-2.0,-73.0
1777891273.7373323,3.0,-5.0,-70.0
1777891273.7473323,4.0,-5.0,-70.0
1777891273.7573323,3.0,-7.0,-64.0
1777891273.7673323,2.0,-2.0,-62.0
1777891273.7773323,2.0,-1.0,-61.0
1777891273.7873323,-1.0,-2.0,-64.0
1777891273.7973323,-4.0,-5.0,-69.0
1777891273.8073325,-6.0,-6.0,-77.0
1777891273.8173325,-4.0,-6.0,-75.0
1777891273.8273325,-2.0,-2.0,-68.0
1777891273.8373325,0.0,-6.0,-68.0
1777891273.8473325,0.0,-7.0,-71.0
1777891273.8573325,3.0,-8.0,-69.0
1777891273.8673325,2.0,-7.0,-65.0
1777891273.8773324,4.0,-2.0,-65.0
1777891273.8873324,2.0,-2.0,-68.0
1777891273.8973324,8.0,-2.0,-68.0
1777891273.9073324,6.0,-2.0,-70.0
1777891273.9173324,2.0,-2.0,-79.0
1777891273.9273324,0.0,-2.0,-85.0
1777891273.9373324,0.0,-3.0,-80.0
1777891273.9473324,1.0,0.0,-79.0
1777891273.9573324,4.0,2.0,-76.0
1777891273.9673324,1.0,2.0,-75.0
1777891273.9773324,3.0,0.0,-71.0
1777891273.9873323,1.0,0.0,-77.0
1777891273.9973323,-1.0,-4.0,-76.0
1777891274.0073323,1.0,-2.0,-76.0
1777891274.0173323,2.0,-1.0,-77.0
1777891274.0273323,0.0,0.0,-72.0
1777891274.0373323,0.0,-1.0,-74.0
1777891274.0473323,-3.0,0.0,-71.0
1777891274.0573325,-3.0,-1.0,-77.0
1777891274.0673325,-7.0,-4.0,-69.0
1777891274.0773325,-4.0,-7.0,-65.0
1777891274.0873325,-5.0,-8.0,-67.0
1777891274.0973325,-5.0,-6.0,-70.0
1777891274.1073325,-6.0,-2.0,-71.0
1777891274.1173325,-8.0,-5.0,-73.0
1777891274.1273324,-7.0,0.0,-71.0
1777891274.1373324,-3.0,-1.0,-71.0
1777891274.1473324,1.0,-2.0,-70.0
1777891274.1573324,2.0,-2.0,-73.0
1777891274.1673324,3.0,-4.0,-71.0
1777891274.1773324,1.0,-4.0,-66.0
1777891274.1873324,4.0,-3.0,-72.0
1777891274.1973324,1.0,0.0,-76.0
1777891274.2073324,1.0,3.0,-81.0
1777891274.2173324,3.0,4.0,-80.0
1777891274.2273324,3.0,2.0,-81.0
1777891274.2373323,-1.0,-2.0,-80.0
1777891274.2473323,-1.0,-2.0,-80.0
1777891274.2573323,0.0,-1.0,-81.0
1777891274.2673323,2.0,-2.0,-80.0
1777891274.2773323,5.0,-2.0,-74.0
1777891274.2873323,4.0,-2.0,-68.0
1777891274.2973323,8.0,-2.0,-75.0
1777891274.3073325,9.0,-4.0,-76.0
1777891274.3173325,5.0,-4.0,-76.0
1777891274.3273325,5.0,-3.0,-76.0
1777891274.3373325,4.0,-2.0,-75.0
1777891274.3473325,3.0,1.0,-74.0
1777891274.3573325,1.0,2.0,-78.0
1777891274.3673325,5.0,5.0,-73.0
1777891274.3773324,4.0,6.0,-75.0
1777891274.3873324,2.0,6.0,-75.0
1777891274.3973324,6.0,5.0,-70.0
1777891274.4073324,6.0,2.0,-71.0
1777891274.4173324,8.0,3.0,-78.0
1777891274.4273324,7.0,4.0,-78.0
1777891274.4373324,8.0,2.0,-74.0
1777891274.4473324,10.0,1.0,-74.0
1777891274.4573324,4.0,3.0,-73.0
1777891274.4673324,3.0,5.0,-70.0
1777891274.4773324,9.0,7.0,-68.0
1777891274.4873323,2.0,8.0,-74.0
1777891274.4973323,2.0,8.0,-75.0
1777891274.5073323,5.0,4.0,-75.0
1777891274.5173323,5.0,4.0,-71.0
1777891274.5273323,7.0,2.0,-69.0
1777891274.5373323,4.0,-2.0,-72.0
1777891274.5473323,-3.0,-1.0,-77.0
1777891274.5573325,0.0,-2.0,-81.0
1777891274.5673325,-3.0,0.0,-82.0
1777891274.5773325,0.0,2.0,-73.0
1777891274.5873325,0.0,5.0,-68.0
1777891274.5973325,0.0,6.0,-73.0
1777891274.6073325,-1.0,7.0,-73.0
1777891274.6173325,1.0,6.0,-77.0
1777891274.6273324,-1.0,4.0,-82.0
1777891274.6373324,0.0,2.0,-81.0
1777891274.6473324,0.0,0.0,-79.0
1777891274.6573324,0.0,-3.0,-75.0
1777891274.6673324,-2.0,-1.0,-72.0
1777891274.6773324,-2.0,-1.0,-73.0
1777891274.6873324,-1.0,0.0,-76.0
1777891274.6973324,-2.0,-1.0,-78.0
1777891274.7073324,-3.0,-1.0,-82.0
1777891274.7173324,0.0,-1.0,-81.0
1777891274.7273324,0.0,0.0,-80.0
1777891274.7373323,-7.0,-3.0,-77.0
1777891274.7473323,-8.0,-5.0,-74.0
1777891274.7573323,-3.0,-7.0,-68.0
1777891274.7673323,-1.0,-7.0,-73.0
1777891274.7773323,0.0,-7.0,-73.0
1777891274.7873323,-2.0,-5.0,-74.0
1777891274.7973323,-6.0,-4.0,-78.0
1777891274.8073325,-5.0,-4.0,-75.0
1777891274.8173325,-7.0,0.0,-70.0
1777891274.8273325,-7.0,-1.0,-68.0
1777891274.8373325,-4.0,-2.0,-66.0
1777891274.8473325,-3.0,0.0,-72.0
1777891274.8573325,-7.0,1.0,-75.0
1777891274.8673325,-4.0,0.0,-76.0
1777891274.8773324,-5.0,0.0,-71.0
1777891274.8883324,-6.0,0.0,-67.0
1777891274.8973324,-4.0,0.0,-62.0
1777891274.9083323,-7.0,-1.0,-64.0
1777891274.9183323,-3.0,-1.0,-64.0
1777891274.9283323,1.0,0.0,-62.0
1777891274.9383323,4.0,-1.0,-54.0
1777891274.9483323,0.0,0.0,-58.0
1777891274.9583323,-1.0,1.0,-61.0
1777891274.9683323,-8.0,4.0,-65.0
1777891274.9783323,-3.0,1.0,-69.0
1777891274.9883325,-6.0,-1.0,-74.0
1777891274.9983325,-10.0,-2.0,-75.0
1777891275.0083325,-6.0,-3.0,-76.0
1777891275.0183325,-1.0,-2.0,-81.0
1777891275.0283325,2.0,0.0,-76.0
1777891275.0383325,3.0,-1.0,-65.0
1777891275.0483325,3.0,0.0,-67.0
1777891275.0583324,5.0,0.0,-65.0
1777891275.0683324,4.0,1.0,-70.0
1777891275.0783324,1.0,2.0,-71.0
1777891275.0883324,0.0,5.0,-72.0
1777891275.0983324,5.0,1.0,-67.0
1777891275.1083324,8.0,2.0,-63.0
1777891275.1183324,3.0,0.0,-61.0
1777891275.1283324,5.0,1.0,-58.0
1777891275.1383324,4.0,0.0,-69.0
1777891275.1483324,1.0,-5.0,-69.0
1777891275.1583323,-1.0,-8.0,-72.0
1777891275.1683323,3.0,-7.0,-70.0
1777891275.1783323,4.0,-8.0,-71.0
1777891275.1883323,2.0,-6.0,-71.0
1777891275.1983323,4.0,-2.0,-70.0
1777891275.2083323,3.0,0.0,-67.0
1777891275.2183323,8.0,1.0,-70.0
1777891275.2283323,11.0,0.0,-80.0
1777891275.2383325,9.0,-2.0,-80.0
1777891275.2483325,10.0,-1.0,-80.0
1777891275.2583325,12.0,-2.0,-72.0
1777891275.2683325,10.0,-2.0,-71.0
1777891275.2783325,8.0,1.0,-74.0
1777891275.2883325,6.0,-1.0,-73.0
1777891275.2983325,5.0,0.0,-68.0
1777891275.3083324,3.0,0.0,-71.0
1777891275.3183324,3.0,1.0,-74.0
1777891275.3283324,3.0,0.0,-72.0
1777891275.3383324,0.0,-2.0,-74.0
1777891275.3483324,0.0,1.0,-70.0
1777891275.3583324,-5.0,1.0,-65.0
1777891275.3683324,-4.0,-2.0,-58.0
1777891275.3783324,0.0,-7.0,-61.0
1777891275.3883324,2.0,-5.0,-68.0
1777891275.3983324,2.0,0.0,-67.0
1777891275.4083323,1.0,-1.0,-73.0
1777891275.4183323,2.0,0.0,-84.0
1777891275.4283323,6.0,-1.0,-75.0
1777891275.4383323,2.0,2.0,-74.0
1777891275.4483323,6.0,0.0,-71.0
1777891275.4583323,6.0,2.0,-74.0
1777891275.4683323,4.0,0.0,-68.0
1777891275.4783323,5.0,-2.0,-62.0
1777891275.4883325,0.0,0.0,-63.0
1777891275.4983325,0.0,0.0,-69.0
1777891275.5083325,-2.0,0.0,-70.0
1777891275.5183325,-2.0,0.0,-73.0
1777891275.5283325,-1.0,1.0,-76.0
1777891275.5383325,-1.0,0.0,-75.0
1777891275.5483325,3.0,-3.0,-71.0
1777891275.5583324,3.0,-3.0,-81.0
1777891275.5683324,2.0,0.0,-80.0
1777891275.5783324,6.0,0.0,-68.0
1777891275.5883324,8.0,1.0,-65.0
1777891275.5983324,1.0,0.0,-73.0
1777891275.6083324,4.0,-1.0,-75.0
1777891275.6183324,5.0,0.0,-76.0
1777891275.6283324,4.0,-4.0,-68.0
1777891275.6383324,3.0,-3.0,-70.0
1777891275.6483324,5.0,0.0,-69.0
1777891275.6583323,1.0,-1.0,-75.0
1777891275.6683323,1.0,-1.0,-72.0
1777891275.6783323,0.0,-2.0,-75.0
1777891275.6883323,1.0,-7.0,-73.0
1777891275.6983323,2.0,-8.0,-72.0
1777891275.7083323,0.0,-8.0,-70.0
1777891275.7183323,1.0,-13.0,-69.0
1777891275.7283323,1.0,-10.0,-70.0
1777891275.7383325,1.0,-10.0,-78.0
1777891275.7483325,3.0,-11.0,-77.0
1777891275.7583325,4.0,-8.0,-77.0
1777891275.7683325,3.0,-5.0,-77.0
1777891275.7783325,0.0,-3.0,-77.0
1777891275.7883325,3.0,-1.0,-81.0
1777891275.7983325,-2.0,0.0,-71.0
1777891275.8083324,-2.0,-2.0,-72.0
1777891275.8183324,-5.0,-3.0,-67.0
1777891275.8283324,0.0,-7.0,-73.0
1777891275.8383324,7.0,-8.0,-71.0
1777891275.8483324,6.0,-8.0,-69.0
1777891275.8583324,5.0,-6.0,-69.0
1777891275.8683324,6.0,-5.0,-64.0
1777891275.8783324,5.0,-8.0,-70.0
1777891275.8883324,5.0,-4.0,-72.0
1777891275.8983324,5.0,-2.0,-77.0
1777891275.9083323,5.0,0.0,-85.0
1777891275.9183323,5.0,1.0,-83.0
1777891275.9283323,5.0,1.0,-83.0
1777891275.9383323,7.0,5.0,-84.0
1777891275.9483323,7.0,6.0,-85.0
1777891275.9583323,3.0,9.0,-91.0
1777891275.9683323,2.0,6.0,-87.0
1777891275.9783323,4.0,1.0,-85.0
1777891275.9883325,3.0,0.0,-78.0
1777891275.9983325,5.0,-2.0,-80.0
1777891276.0083325,3.0,-3.0,-82.0
1777891276.0183325,-2.0,-3.0,-82.0
1777891276.0283325,-6.0,0.0,-81.0
1777891276.0383325,-1.0,0.0,-77.0
1777891276.0483325,-5.0,1.0,-74.0
1777891276.0583324,-7.0,5.0,-70.0
1777891276.0683324,-7.0,1.0,-70.0
1777891276.0783324,-10.0,-1.0,-67.0
1777891276.0883324,-9.0,-1.0,-72.0
1777891276.0983324,-6.0,-2.0,-76.0
1777891276.1083324,-3.0,-3.0,-78.0
1777891276.1183324,-2.0,-2.0,-77.0
1777891276.1283324,1.0,2.0,-70.0
1777891276.1383324,4.0,4.0,-72.0
1777891276.1483324,7.0,5.0,-73.0
1777891276.1583323,4.0,5.0,-67.0
1777891276.1683323,2.0,4.0,-73.0
1777891276.1783323,0.0,1.0,-69.0
1777891276.1883323,2.0,0.0,-64.0
1777891276.1983323,0.0,-4.0,-65.0
1777891276.2083323,0.0,-1.0,-67.0
1777891276.2183323,2.0,0.0,-72.0
1777891276.2283323,3.0,0.0,-74.0
1777891276.2383325,4.0,-1.0,-82.0
1777891276.2483325,4.0,-2.0,-76.0
1777891276.2583325,7.0,0.0,-78.0
1777891276.2683325,10.0,-2.0,-83.0
1777891276.2783325,9.0,-5.0,-85.0
1777891276.2883325,8.0,-2.0,-85.0
1777891276.2983325,8.0,0.0,-76.0
1777891276.3083324,10.0,0.0,-78.0
1777891276.3183324,2.0,0.0,-75.0
1777891276.3283324,2.0,0.0,-72.0
1777891276.3383324,3.0,-2.0,-77.0
1777891276.3483324,5.0,-3.0,-71.0
1777891276.3583324,7.0,-2.0,-73.0
1777891276.3683324,11.0,-5.0,-72.0
1777891276.3783324,10.0,-5.0,-75.0
1777891276.3883324,10.0,-6.0,-79.0
1777891276.3983324,7.0,-3.0,-80.0
1777891276.4083323,2.0,-1.0,-80.0
1777891276.4183323,6.0,-4.0,-77.0
1777891276.4283323,10.0,-2.0,-77.0
1777891276.4383323,5.0,-4.0,-79.0
1777891276.4483323,4.0,-4.0,-78.0
1777891276.4583323,6.0,-6.0,-79.0
1777891276.4683323,2.0,-7.0,-77.0
1777891276.4783323,-2.0,-4.0,-72.0
1777891276.4883325,3.0,0.0,-72.0
1777891276.4983325,2.0,-3.0,-69.0
1777891276.5083325,0.0,-2.0,-70.0
1777891276.5183325,0.0,-2.0,-70.0
1777891276.5283325,0.0,-4.0,-68.0
1777891276.5383325,5.0,0.0,-68.0
1777891276.5483325,4.0,0.0,-70.0
1777891276.5583324,1.0,2.0,-78.0
1777891276.5683324,5.0,5.0,-82.0
1777891276.5783324,5.0,3.0,-79.0
1777891276.5883324,3.0,2.0,-72.0
1777891276.5983324,0.0,0.0,-64.0
1777891276.6083324,0.0,0.0,-59.0
1777891276.6183324,-2.0,0.0,-65.0
1777891276.6283324,-1.0,0.0,-70.0
1777891276.6383324,0.0,0.0,-71.0
1777891276.6483324,0.0,0.0,-72.0
1777891276.6583323,1.0,-2.0,-72.0
1777891276.6683323,0.0,0.0,-71.0
1777891276.6783323,0.0,-6.0,-67.0
1777891276.6883323,-1.0,-9.0,-70.0
1777891276.6983323,0.0,-7.0,-69.0
1777891276.7083323,0.0,-3.0,-66.0
1777891276.7183323,-1.0,0.0,-70.0
1777891276.7283323,-3.0,1.0,-73.0
1777891276.7383325,-3.0,-1.0,-67.0
1777891276.7483325,-4.0,-2.0,-71.0
1777891276.7583325,-1.0,-3.0,-74.0
1777891276.7683325,-4.0,-2.0,-71.0
1777891276.7783325,-8.0,-1.0,-68.0
1777891276.7883325,-11.0,-2.0,-68.0
1777891276.7983325,-8.0,-4.0,-71.0
1777891276.8083324,-5.0,-5.0,-67.0
1777891276.8183324,-5.0,-3.0,-66.0
1777891276.8283324,0.0,-5.0,-69.0
1777891276.8383324,5.0,-9.0,-65.0
1777891276.8483324,5.0,-10.0,-70.0
1777891276.8583324,2.0,-12.0,-73.0
1777891276.8693323,3.0,-10.0,-73.0
1777891276.8793323,5.0,-10.0,-78.0
1777891276.8893323,3.0,-8.0,-79.0
1777891276.8993323,4.0,-7.0,-72.0
1777891276.9093325,5.0,-6.0,-72.0
1777891276.9193325,2.0,-5.0,-70.0
1777891276.9293325,7.0,-5.0,-69.0
1777891276.9393325,6.0,-5.0,-70.0
1777891276.9493325,5.0,-7.0,-74.0
1777891276.9593325,6.0,-9.0,-71.0
1777891276.9693325,6.0,-8.0,-65.0
1777891276.9793324,6.0,-6.0,-60.0
1777891276.9893324,7.0,-7.0,-54.0
1777891276.9993324,7.0,-8.0,-55.0
1777891277.0093324,5.0,-5.0,-64.0
1777891277.0193324,6.0,0.0,-63.0
1777891277.0293324,6.0,1.0,-68.0
1777891277.0393324,4.0,1.0,-63.0
1777891277.0493324,4.0,1.0,-74.0
1777891277.0593324,10.0,0.0,-72.0
1777891277.0693324,10.0,-1.0,-72.0
1777891277.0793324,10.0,-4.0,-75.0
1777891277.0893323,10.0,-1.0,-70.0
1777891277.0993323,7.0,0.0,-71.0
1777891277.1093323,3.0,0.0,-61.0
1777891277.1193323,2.0,1.0,-60.0
1777891277.1293323,3.0,-1.0,-67.0
1777891277.1393323,3.0,-1.0,-74.0
1777891277.1493323,3.0,-4.0,-74.0
1777891277.1593325,4.0,-3.0,-69.0
1777891277.1693325,4.0,-2.0,-72.0
1777891277.1793325,5.0,0.0,-68.0
1777891277.1893325,3.0,-2.0,-68.0
1777891277.1993325,-2.0,-1.0,-71.0
1777891277.2093325,-2.0,-4.0,-75.0
1777891277.2193325,-2.0,-3.0,-76.0
1777891277.2293324,-1.0,-5.0,-72.0
1777891277.2393324,2.0,-5.0,-74.0
1777891277.2493324,2.0,-8.0,-64.0
1777891277.2593324,2.0,-6.0,-64.0
1777891277.2693324,3.0,-8.0,-65.0
1777891277.2793324,1.0,-8.0,-66.0
1777891277.2893324,-1.0,-6.0,-70.0
1777891277.2993324,1.0,-4.0,-71.0
1777891277.3093324,2.0,-2.0,-72.0
1777891277.3193324,-2.0,0.0,-67.0
1777891277.3293324,-5.0,1.0,-64.0
1777891277.3393323,0.0,-3.0,-64.0
1777891277.3493323,1.0,-8.0,-65.0
1777891277.3593323,3.0,-7.0,-65.0
1777891277.3693323,5.0,-4.0,-73.0
1777891277.3793323,5.0,-4.0,-74.0
1777891277.3893323,6.0,-4.0,-78.0
1777891277.3993323,7.0,-4.0,-79.0
1777891277.4093325,4.0,-6.0,-76.0
1777891277.4193325,8.0,-3.0,-77.0
1777891277.4293325,12.0,-3.0,-79.0
1777891277.4393325,11.0,1.0,-76.0
1777891277.4493325,6.0,-2.0,-76.0
1777891277.4593325,0.0,-3.0,-77.0
1777891277.4693325,0.0,0.0,-72.0
1777891277.4793324,-2.0,0.0,-73.0
1777891277.4893324,1.0,1.0,-74.0
1777891277.4993324,0.0,4.0,-72.0
1777891277.5093324,0.0,5.0,-70.0
1777891277.5193324,-1.0,2.0,-71.0
1777891277.5293324,0.0,1.0,-72.0
1777891277.5393324,-2.0,2.0,-71.0
1777891277.5493324,-2.0,0.0,-75.0
1777891277.5593324,-3.0,-4.0,-73.0
1777891277.5693324,0.0,-3.0,-77.0
1777891277.5793324,0.0,-4.0,-78.0
1777891277.5893323,-3.0,-2.0,-74.0
1777891277.5993323,0.0,-3.0,-73.0
1777891277.6093323,4.0,-2.0,-68.0
1777891277.6193323,3.0,-3.0,-71.0
1777891277.6293323,2.0,0.0,-76.0
1777891277.6393323,-3.0,-3.0,-74.0
1777891277.6493323,-4.0,-4.0,-69.0
1777891277.6593325,0.0,-6.0,-77.0
1777891277.6693325,7.0,-6.0,-77.0
1777891277.6793325,7.0,-7.0,-74.0
1777891277.6893325,2.0,-2.0,-70.0
1777891277.6993325,2.0,0.0,-68.0
1777891277.7093325,1.0,-3.0,-70.0
1777891277.7193325,4.0,-4.0,-70.0
1777891277.7293324,8.0,-1.0,-65.0
1777891277.7393324,7.0,-3.0,-64.0
1777891277.7493324,3.0,-3.0,-66.0
1777891277.7593324,0.0,-3.0,-67.0
1777891277.7693324,3.0,-5.0,-76.0
1777891277.7793324,4.0,0.0,-77.0
1777891277.7893324,5.0,0.0,-72.0
1777891277.7993324,9.0,4.0,-61.0
1777891277.8093324,5.0,3.0,-60.0
1777891277.8193324,0.0,3.0,-60.0
1777891277.8293324,2.0,1.0,-60.0
1777891277.8393323,1.0,3.0,-65.0
1777891277.8493323,-1.0,0.0,-72.0
1777891277.8593323,0.0,1.0,-73.0
1777891277.8693323,1.0,2.0,-71.0
1777891277.8793323,0.0,5.0,-68.0
1777891277.8893323,1.0,7.0,-69.0
1777891277.8993323,3.0,5.0,-66.0
1777891277.9093325,4.0,4.0,-68.0
1777891277.9193325,4.0,4.0,-69.0
1777891277.9293325,6.0,0.0,-71.0
1777891277.9393325,7.0,0.0,-75.0
1777891277.9493325,10.0,-3.0,-77.0
1777891277.9593325,7.0,-5.0,-78.0
1777891277.9693325,4.0,-4.0,-72.0
1777891277.9793324,4.0,-1.0,-65.0
1777891277.9893324,3.0,1.0,-56.0
1777891277.9993324,3.0,4.0,-58.0
1777891278.0093324,2.0,5.0,-62.0
1777891278.0193324,3.0,4.0,-59.0
1777891278.0293324,6.0,5.0,-63.0
1777891278.0393324,6.0,4.0,-58.0
1777891278.0493324,1.0,3.0,-64.0
1777891278.0593324,-1.0,1.0,-70.0
1777891278.0693324,0.0,4.0,-70.0
1777891278.0793324,3.0,-3.0,-65.0
1777891278.0893323,8.0,-5.0,-67.0
1777891278.0993323,7.0,0.0,-68.0
1777891278.1093323,3.0,1.0,-69.0
1777891278.1193323,2.0,7.0,-67.0
1777891278.1293323,-6.0,5.0,-59.0
1777891278.1393323,-1.0,1.0,-57.0
1777891278.1493323,-2.0,1.0,-59.0
1777891278.1593325,-3.0,1.0,-66.0
1777891278.1693325,-3.0,2.0,-67.0
1777891278.1793325,-4.0,0.0,-75.0
1777891278.1893325,-1.0,-2.0,-76.0
1777891278.1993325,-2.0,1.0,-76.0
1777891278.2093325,-2.0,1.0,-77.0
1777891278.2193325,-4.0,2.0,-86.0
1777891278.2293324,-2.0,-1.0,-84.0
1777891278.2393324,-3.0,-2.0,-82.0
1777891278.2493324,-4.0,-1.0,-82.0
1777891278.2593324,-5.0,3.0,-82.0
1777891278.2693324,-3.0,4.0,-85.0
1777891278.2793324,-1.0,1.0,-82.0
1777891278.2893324,2.0,0.0,-81.0
1777891278.2993324,2.0,0.0,-81.0
1777891278.3093324,4.0,-3.0,-83.0
1777891278.3193324,3.0,-6.0,-77.0
1777891278.3293324,6.0,-4.0,-74.0
1777891278.3393323,3.0,-5.0,-68.0
1777891278.3493323,6.0,-9.0,-66.0
1777891278.3593323,6.0,-9.0,-62.0
1777891278.3693323,7.0,-6.0,-58.0
1777891278.3793323,9.0,-9.0,-60.0
1777891278.3893323,7.0,-6.0,-65.0
1777891278.3993323,5.0,-1.0,-61.0
1777891278.4093325,-1.0,-1.0,-60.0
1777891278.4193325,-1.0,-6.0,-67.0
1777891278.4293325,0.0,-8.0,-71.0
1777891278.4393325,0.0,-2.0,-77.0
1777891278.4493325,-3.0,-2.0,-73.0
1777891278.4593325,2.0,0.0,-81.0
1777891278.4693325,5.0,0.0,-84.0
1777891278.4793324,5.0,0.0,-81.0
1777891278.4893324,5.0,0.0,-82.0
1777891278.4993324,0.0,-2.0,-85.0
1777891278.5093324,0.0,-5.0,-90.0
1777891278.5193324,0.0,-4.0,-88.0
1777891278.5293324,-2.0,-6.0,-82.0
1777891278.5393324,-5.0,-3.0,-83.0
1777891278.5493324,-1.0,-3.0,-82.0
1777891278.5593324,0.0,-2.0,-81.0
1777891278.5693324,3.0,-2.0,-82.0
1777891278.5793324,4.0,0.0,-74.0
1777891278.5893323,1.0,1.0,-73.0
1777891278.5993323,1.0,1.0,-67.0
1777891278.6093323,7.0,1.0,-65.0
1777891278.6193323,4.0,5.0,-71.0
1777891278.6293323,3.0,2.0,-71.0
1777891278.6393323,5.0,1.0,-65.0
1777891278.6493323,9.0,-5.0,-65.0
1777891278.6593325,6.0,-3.0,-71.0
1777891278.6693325,2.0,-2.0,-78.0
1777891278.6793325,0.0,-6.0,-74.0
1777891278.6893325,0.0,-8.0,-75.0
1777891278.6993325,2.0,-4.0,-84.0
1777891278.7093325,3.0,-2.0,-77.0
1777891278.7193325,1.0,-2.0,-76.0
1777891278.7293324,4.0,0.0,-70.0
1777891278.7393324,6.0,0.0,-70.0
1777891278.7493324,3.0,-3.0,-74.0
1777891278.7593324,3.0,-6.0,-69.0
1777891278.7693324,1.0,-7.0,-61.0
1777891278.7793324,2.0,-7.0,-67.0
1777891278.7893324,0.0,-5.0,-70.0
1777891278.7993324,1.0,-8.0,-75.0
1777891278.8093324,1.0,-10.0,-79.0
1777891278.8193324,0.0,-7.0,-74.0
1777891278.8303325,1.0,-1.0,-75.0
1777891278.8393323,1.0,2.0,-72.0
1777891278.8493323,2.0,2.0,-74.0
1777891278.8593323,3.0,1.0,-79.0
1777891278.8703325,2.0,-3.0,-79.0
1777891278.8803325,3.0,-7.0,-76.0
1777891278.8903325,2.0,-3.0,-73.0
1777891278.9003325,5.0,1.0,-70.0
1777891278.9103324,5.0,4.0,-63.0
1777891278.9203324,4.0,0.0,-68.0
1777891278.9303324,4.0,1.0,-66.0
1777891278.9403324,0.0,4.0,-65.0
1777891278.9503324,1.0,1.0,-66.0
1777891278.9603324,-1.0,0.0,-75.0
1777891278.9703324,-3.0,0.0,-69.0
1777891278.9803324,-4.0,1.0,-73.0
1777891278.9903324,-9.0,-5.0,-71.0
1777891279.0003324,-6.0,0.0,-72.0
1777891279.0103323,-8.0,-2.0,-66.0
1777891279.0203323,-5.0,-2.0,-62.0
1777891279.0303323,0.0,-1.0,-61.0
1777891279.0403323,0.0,-2.0,-66.0
1777891279.0503323,-1.0,-1.0,-69.0
1777891279.0603323,0.0,-2.0,-73.0
1777891279.0703323,4.0,2.0,-76.0
1777891279.0803325,3.0,-1.0,-69.0
1777891279.0903325,-1.0,-1.0,-71.0
1777891279.1003325,-1.0,0.0,-71.0
1777891279.1103325,2.0,0.0,-67.0
1777891279.1203325,1.0,2.0,-63.0
1777891279.1303325,1.0,0.0,-68.0
1777891279.1403325,2.0,0.0,-74.0
1777891279.1503325,1.0,0.0,-79.0
1777891279.1603324,1.0,0.0,-85.0
1777891279.1703324,1.0,0.0,-83.0
1777891279.1803324,1.0,0.0,-79.0
1777891279.1903324,0.0,0.0,-78.0
1777891279.2003324,1.0,-4.0,-83.0
1777891279.2103324,2.0,-7.0,-81.0
1777891279.2203324,-1.0,-6.0,-74.0
1777891279.2303324,-5.0,-2.0,-80.0
1777891279.2403324,-6.0,-4.0,-80.0
1777891279.2503324,-6.0,-7.0,-84.0
1777891279.2603323,-4.0,-7.0,-82.0
1777891279.2703323,-5.0,-1.0,-74.0
1777891279.2803323,-3.0,0.0,-70.0
1777891279.2903323,-1.0,-1.0,-74.0
1777891279.3003323,2.0,-1.0,-80.0
1777891279.3103323,1.0,-2.0,-76.0
1777891279.3203323,1.0,-1.0,-71.0
1777891279.3303325,2.0,0.0,-70.0
1777891279.3403325,1.0,-2.0,-76.0
1777891279.3503325,2.0,-2.0,-79.0
1777891279.3603325,4.0,-4.0,-74.0
1777891279.3703325,1.0,-2.0,-74.0
1777891279.3803325,4.0,-5.0,-75.0
1777891279.3903325,1.0,-10.0,-73.0
1777891279.4003325,3.0,-5.0,-65.0
1777891279.4103324,-1.0,-3.0,-74.0
1777891279.4203324,-3.0,-3.0,-73.0
1777891279.4303324,0.0,0.0,-75.0
1777891279.4403324,0.0,0.0,-66.0
1777891279.4503324,0.0,-4.0,-66.0
1777891279.4603324,0.0,-4.0,-68.0
1777891279.4703324,1.0,-3.0,-70.0
1777891279.4803324,3.0,-4.0,-72.0
1777891279.4903324,1.0,-5.0,-74.0
1777891279.5003324,2.0,-6.0,-77.0
1777891279.5103323,2.0,-6.0,-82.0
1777891279.5203323,3.0,-3.0,-88.0
1777891279.5303323,4.0,-6.0,-83.0
1777891279.5403323,7.0,-4.0,-78.0
1777891279.5503323,7.0,-2.0,-77.0
1777891279.5603323,4.0,1.0,-76.0
1777891279.5703323,4.0,0.0,-83.0
1777891279.5803325,4.0,0.0,-80.0
1777891279.5903325,3.0,-1.0,-78.0
1777891279.6003325,4.0,0.0,-77.0
1777891279.6103325,1.0,1.0,-79.0
1777891279.6203325,1.0,5.0,-79.0
1777891279.6303325,0.0,7.0,-75.0
1777891279.6403325,4.0,7.0,-78.0
1777891279.6503325,3.0,3.0,-83.0
1777891279.6603324,-3.0,5.0,-82.0
1777891279.6703324,0.0,-2.0,-77.0
1777891279.6803324,10.0,-6.0,-77.0
1777891279.6903324,9.0,-8.0,-82.0
1777891279.7003324,7.0,-3.0,-80.0
1777891279.7103324,6.0,0.0,-80.0
1777891279.7203324,3.0,-1.0,-75.0
1777891279.7303324,5.0,0.0,-68.0
1777891279.7403324,6.0,-3.0,-59.0
1777891279.7503324,7.0,0.0,-54.0
1777891279.7603323,7.0,0.0,-62.0
1777891279.7703323,6.0,0.0,-63.0
1777891279.7803323,8.0,0.0,-61.0
1777891279.7903323,3.0,2.0,-64.0
1777891279.8003323,4.0,-1.0,-69.0
1777891279.8103323,5.0,-4.0,-75.0
1777891279.8203323,-1.0,-8.0,-71.0
1777891279.8303325,-5.0,-2.0,-63.0
1777891279.8403325,-5.0,0.0,-66.0
1777891279.8503325,-2.0,-2.0,-69.0
1777891279.8603325,-2.0,-3.0,-71.0
1777891279.8703325,-2.0,-4.0,-73.0
1777891279.8803325,0.0,0.0,-74.0
1777891279.8903325,-1.0,1.0,-71.0
1777891279.9003325,-5.0,2.0,-65.0
1777891279.9103324,-4.0,4.0,-61.0
1777891279.9203324,-2.0,7.0,-70.0
1777891279.9303324,-1.0,5.0,-73.0
1777891279.9403324,1.0,5.0,-75.0
1777891279.9503324,0.0,2.0,-74.0
1777891279.9603324,-1.0,4.0,-74.0
1777891279.9703324,0.0,4.0,-76.0
1777891279.9803324,3.0,5.0,-72.0
1777891279.9903324,3.0,3.0,-71.0
1777891280.0003324,0.0,9.0,-72.0
1777891280.0103323,0.0,9.0,-71.0
1777891280.0203323,-2.0,10.0,-67.0
1777891280.0303323,-7.0,11.0,-66.0
1777891280.0403323,-7.0,7.0,-59.0
1777891280.0503323,-7.0,2.0,-57.0
1777891280.0603323,-4.0,0.0,-57.0
1777891280.0703323,-5.0,-1.0,-56.0
1777891280.0803325,-4.0,0.0,-62.0
1777891280.0903325,-6.0,-1.0,-63.0
1777891280.1003325,-3.0,0.0,-67.0
1777891280.1103325,-5.0,0.0,-71.0
1777891280.1203325,-5.0,-2.0,-73.0
1777891280.1303325,-4.0,-3.0,-71.0
1777891280.1403325,-3.0,-5.0,-70.0
1777891280.1503325,-7.0,-5.0,-74.0
1777891280.1603324,-6.0,-4.0,-72.0
1777891280.1703324,-6.0,-3.0,-65.0
1777891280.1803324,-3.0,-1.0,-62.0
1777891280.1903324,-1.0,0.0,-58.0
1777891280.2003324,2.0,3.0,-60.0
1777891280.2103324,3.0,8.0,-70.0
1777891280.2203324,0.0,6.0,-64.0
1777891280.2303324,-2.0,3.0,-66.0
1777891280.2403324,5.0,3.0,-69.0
1777891280.2503324,3.0,4.0,-73.0
1777891280.2603323,-1.0,1.0,-76.0
1777891280.2703323,1.0,0.0,-70.0
1777891280.2803323,3.0,-1.0,-76.0
1777891280.2903323,4.0,0.0,-74.0
1777891280.3003323,8.0,1.0,-72.0
1777891280.3103323,2.0,0.0,-72.0
1777891280.3203323,2.0,-4.0,-74.0
1777891280.3303325,6.0,-3.0,-69.0
1777891280.3403325,5.0,-1.0,-72.0
1777891280.3503325,0.0,-1.0,-62.0
1777891280.3603325,2.0,0.0,-60.0
1777891280.3703325,5.0,-1.0,-57.0
1777891280.3803325,5.0,-1.0,-54.0
1777891280.3903325,1.0,-2.0,-66.0
1777891280.4003325,0.0,-3.0,-74.0
1777891280.4103324,0.0,-2.0,-76.0
1777891280.4203324,-2.0,-1.0,-77.0
1777891280.4303324,-1.0,3.0,-80.0
1777891280.4403324,0.0,0.0,-67.0
1777891280.4503324,1.0,2.0,-70.0
1777891280.4603324,2.0,0.0,-76.0
1777891280.4703324,4.0,3.0,-67.0
1777891280.4803324,5.0,5.0,-62.0
1777891280.4903324,6.0,7.0,-58.0
1777891280.5003324,1.0,4.0,-63.0
1777891280.5103323,5.0,3.0,-71.0
1777891280.5203323,1.0,0.0,-73.0
1777891280.5303323,-2.0,-1.0,-66.0
1777891280.5403323,-1.0,-3.0,-70.0
1777891280.5503323,0.0,-2.0,-67.0
1777891280.5603323,-1.0,-1.0,-65.0
1777891280.5703323,2.0,0.0,-66.0
1777891280.5803325,2.0,0.0,-69.0
1777891280.5903325,4.0,-2.0,-71.0
1777891280.6003325,4.0,-7.0,-71.0
1777891280.6103325,0.0,-8.0,-60.0
1777891280.6203325,0.0,-7.0,-56.0
1777891280.6303325,-3.0,-2.0,-63.0
1777891280.6403325,-1.0,4.0,-63.0
1777891280.6503325,0.0,7.0,-64.0
1777891280.6603324,3.0,5.0,-64.0
1777891280.6703324,1.0,0.0,-71.0
1777891280.6803324,-2.0,0.0,-74.0
1777891280.6903324,-7.0,-2.0,-73.0
1777891280.7003324,-5.0,-1.0,-70.0
1777891280.7103324,-5.0,-1.0,-69.0
1777891280.7203324,-6.0,-2.0,-66.0
1777891280.7303324,-2.0,-5.0,-63.0
1777891280.7403324,0.0,-4.0,-70.0
1777891280.7503324,-3.0,-6.0,-71.0
1777891280.7603323,0.0,-4.0,-64.0
1777891280.7703323,0.0,-5.0,-65.0
1777891280.7803323,-2.0,-7.0,-63.0
1777891280.7903323,0.0,-5.0,-64.0
1777891280.8003323,-2.0,-2.0,-64.0
1777891280.8103323,-1.0,-4.0,-76.0
1777891280.8203323,1.0,-3.0,-85.0
1777891280.8303325,0.0,-1.0,-80.0
1777891280.8403325,8.0,-4.0,-75.0
1777891280.8503325,4.0,-4.0,-72.0
1777891280.8603325,0.0,-2.0,-69.0
1777891280.8713324,-2.0,-4.0,-68.0
1777891280.8813324,-5.0,-3.0,-62.0
1777891280.8913324,-5.0,0.0,-60.0
1777891280.9013324,-2.0,0.0,-62.0
1777891280.9113324,2.0,-2.0,-59.0
1777891280.9213324,2.0,-7.0,-63.0
1777891280.9313323,-1.0,-3.0,-69.0
1777891280.9413323,0.0,-5.0,-63.0
1777891280.9513323,3.0,-6.0,-62.0
1777891280.9613323,-2.0,-7.0,-60.0
1777891280.9713323,3.0,-5.0,-70.0
1777891280.9813323,6.0,-1.0,-70.0
1777891280.9913323,9.0,-2.0,-71.0
1777891281.0013323,9.0,-4.0,-75.0
1777891281.0113325,8.0,-1.0,-71.0
1777891281.0213325,8.0,-2.0,-73.0
1777891281.0313325,9.0,-1.0,-75.0
1777891281.0413325,7.0,0.0,-72.0
1777891281.0513325,0.0,-1.0,-69.0
1777891281.0613325,3.0,0.0,-72.0
1777891281.0713325,5.0,0.0,-79.0
1777891281.0813324,4.0,2.0,-76.0
1777891281.0913324,0.0,3.0,-83.0
1777891281.1013324,-2.0,2.0,-83.0
1777891281.1113324,1.0,-4.0,-84.0
1777891281.1213324,1.0,-4.0,-80.0
1777891281.1313324,0.0,0.0,-85.0
1777891281.1413324,-1.0,0.0,-88.0
1777891281.1513324,0.0,0.0,-80.0
1777891281.1613324,4.0,0.0,-77.0
1777891281.1713324,5.0,-1.0,-77.0
1777891281.1813323,4.0,-3.0,-70.0
1777891281.1913323,8.0,-1.0,-71.0
1777891281.2013323,7.0,1.0,-66.0
1777891281.2113323,7.0,0.0,-72.0
1777891281.2213323,13.0,1.0,-69.0
1777891281.2313323,7.0,1.0,-69.0
1777891281.2413323,8.0,0.0,-66.0
1777891281.2513323,6.0,-4.0,-66.0
1777891281.2613325,7.0,-1.0,-64.0
1777891281.2713325,0.0,-1.0,-61.0
1777891281.2813325,1.0,-2.0,-60.0
1777891281.2913325,2.0,-3.0,-61.0
1777891281.3013325,11.0,0.0,-62.0
1777891281.3113325,8.0,-2.0,-63.0
1777891281.3213325,9.0,-5.0,-67.0
1777891281.3313324,10.0,-2.0,-69.0
1777891281.3413324,10.0,-1.0,-71.0
1777891281.3513324,11.0,-3.0,-74.0
1777891281.3613324,11.0,-1.0,-69.0
1777891281.3713324,10.0,-4.0,-76.0
1777891281.3813324,7.0,-2.0,-72.0
1777891281.3913324,5.0,-5.0,-72.0
1777891281.4013324,4.0,0.0,-70.0
1777891281.4113324,4.0,4.0,-67.0
1777891281.4213324,2.0,-1.0,-68.0
1777891281.4313323,4.0,0.0,-69.0
1777891281.4413323,2.0,1.0,-73.0
1777891281.4513323,-1.0,6.0,-76.0
1777891281.4613323,-3.0,4.0,-82.0
1777891281.4713323,1.0,3.0,-72.0
1777891281.4813323,7.0,0.0,-70.0
1777891281.4913323,2.0,-3.0,-71.0
1777891281.5013323,2.0,-4.0,-71.0
1777891281.5113325,-2.0,1.0,-68.0
1777891281.5213325,-5.0,3.0,-67.0
1777891281.5313325,-1.0,0.0,-71.0
1777891281.5413325,3.0,-4.0,-69.0
1777891281.5513325,0.0,-4.0,-67.0
1777891281.5613325,3.0,1.0,-68.0
1777891281.5713325,0.0,1.0,-64.0
1777891281.5813324,-3.0,1.0,-66.0
1777891281.5913324,-3.0,1.0,-62.0
1777891281.6013324,1.0,3.0,-68.0
1777891281.6113324,-2.0,5.0,-68.0
1777891281.6213324,-4.0,3.0,-74.0
1777891281.6313324,-6.0,1.0,-74.0
1777891281.6413324,-5.0,0.0,-70.0
1777891281.6513324,2.0,0.0,-70.0
1777891281.6613324,4.0,0.0,-76.0
1777891281.6713324,1.0,3.0,-70.0
1777891281.6813323,4.0,0.0,-61.0
1777891281.6913323,4.0,0.0,-69.0
1777891281.7013323,3.0,-3.0,-68.0
1777891281.7113323,1.0,-4.0,-72.0
1777891281.7213323,4.0,-3.0,-76.0
1777891281.7313323,9.0,-1.0,-79.0
1777891281.7413323,2.0,-4.0,-79.0
1777891281.7513323,0.0,-2.0,-82.0
1777891281.7613325,-3.0,-4.0,-80.0
1777891281.7713325,-4.0,-3.0,-83.0
1777891281.7813325,0.0,-4.0,-80.0
1777891281.7913325,3.0,-3.0,-76.0
1777891281.8013325,0.0,-2.0,-76.0
1777891281.8113325,-1.0,-2.0,-76.0
1777891281.8213325,-3.0,-2.0,-74.0
1777891281.8313324,-5.0,-2.0,-77.0
1777891281.8413324,-5.0,-3.0,-76.0
1777891281.8513324,-5.0,0.0,-75.0
1777891281.8613324,-8.0,-3.0,-78.0
1777891281.8713324,-5.0,-3.0,-72.0
1777891281.8813324,-1.0,-4.0,-64.0
1777891281.8913324,-1.0,-4.0,-63.0
1777891281.9013324,2.0,-7.0,-62.0
1777891281.9113324,4.0,-8.0,-57.0
1777891281.9213324,-1.0,-11.0,-59.0
1777891281.9313323,-4.0,-10.0,-61.0
1777891281.9413323,0.0,-4.0,-62.0
1777891281.9513323,2.0,-3.0,-59.0
1777891281.9613323,-1.0,-2.0,-61.0
1777891281.9713323,0.0,-3.0,-64.0
1777891281.9813323,2.0,-2.0,-72.0
1777891281.9913323,2.0,-1.0,-76.0
1777891282.0013323,0.0,-3.0,-73.0
1777891282.0113325,1.0,-1.0,-68.0
1777891282.0213325,-1.0,-1.0,-67.0
1777891282.0313325,-2.0,0.0,-71.0
1777891282.0413325,-1.0,1.0,-70.0
1777891282.0513325,-2.0,-2.0,-68.0
1777891282.0613325,-3.0,0.0,-63.0
1777891282.0713325,-4.0,0.0,-64.0
1777891282.0813324,-5.0,0.0,-65.0
1777891282.0913324,-7.0,3.0,-70.0
1777891282.1013324,-10.0,0.0,-75.0
1777891282.1113324,-9.0,-2.0,-71.0
1777891282.1213324,-7.0,0.0,-70.0
1777891282.1313324,-9.0,-1.0,-69.0
1777891282.1413324,-3.0,0.0,-70.0
1777891282.1513324,-2.0,2.0,-69.0
1777891282.1613324,1.0,2.0,-68.0
1777891282.1713324,0.0,2.0,-67.0
1777891282.1813323,-2.0,0.0,-68.0
1777891282.1913323,-6.0,1.0,-66.0
1777891282.2013323,-3.0,-1.0,-59.0
1777891282.2113323,-1.0,0.0,-59.0
1777891282.2213323,1.0,-1.0,-61.0
1777891282.2313323,0.0,-1.0,-57.0
1777891282.2413323,3.0,0.0,-60.0
1777891282.2513323,1.0,-2.0,-60.0
1777891282.2613325,-6.0,2.0,-54.0
1777891282.2713325,-4.0,0.0,-59.0
1777891282.2813325,-2.0,1.0,-63.0
1777891282.2913325,-1.0,1.0,-60.0
1777891282.3013325,0.0,-5.0,-59.0
1777891282.3113325,3.0,-5.0,-62.0
1777891282.3213325,0.0,-1.0,-59.0
1777891282.3313324,0.0,-3.0,-58.0
1777891282.3413324,0.0,1.0,-61.0
1777891282.3513324,2.0,3.0,-63.0
1777891282.3613324,-1.0,7.0,-63.0
1777891282.3713324,0.0,7.0,-62.0
1777891282.3813324,-1.0,5.0,-62.0
1777891282.3913324,-4.0,3.0,-66.0
1777891282.4013324,-2.0,2.0,-68.0
1777891282.4113324,-3.0,0.0,-70.0
1777891282.4213324,3.0,-2.0,-71.0
1777891282.4313323,5.0,-2.0,-68.0
1777891282.4413323,6.0,-2.0,-72.0
1777891282.4513323,6.0,-2.0,-73.0
1777891282.4613323,5.0,3.0,-74.0
1777891282.4713323,3.0,4.0,-79.0
1777891282.4813323,4.0,4.0,-75.0
1777891282.4913323,3.0,3.0,-73.0
1777891282.5013323,0.0,2.0,-73.0
1777891282.5113325,-2.0,3.0,-70.0
1777891282.5213325,0.0,3.0,-74.0
1777891282.5313325,2.0,7.0,-70.0
1777891282.5413325,1.0,6.0,-72.0
1777891282.5513325,2.0,4.0,-75.0
1777891282.5613325,-2.0,6.0,-67.0
1777891282.5713325,-3.0,2.0,-61.0
1777891282.5813324,-4.0,0.0,-61.0
1777891282.5913324,-6.0,1.0,-71.0
1777891282.6013324,-3.0,1.0,-70.0
1777891282.6113324,-3.0,-2.0,-69.0
1777891282.6213324,-2.0,-5.0,-67.0
1777891282.6313324,3.0,-3.0,-76.0
1777891282.6413324,0.0,-2.0,-81.0
1777891282.6513324,0.0,-2.0,-85.0
1777891282.6613324,-6.0,0.0,-84.0
1777891282.6713324,-7.0,4.0,-84.0
1777891282.6813323,-1.0,7.0,-83.0
1777891282.6913323,0.0,8.0,-75.0
1777891282.7013323,1.0,5.0,-71.0
1777891282.7113323,6.0,3.0,-69.0
1777891282.7213323,8.0,6.0,-72.0
1777891282.7313323,4.0,2.0,-75.0
1777891282.7413323,4.0,-2.0,-70.0
1777891282.7513323,2.0,-2.0,-70.0
1777891282.7613325,3.0,0.0,-74.0
1777891282.7713325,2.0,-2.0,-70.0
1777891282.7813325,1.0,-2.0,-70.0
1777891282.7913325,1.0,-3.0,-70.0
1777891282.8013325,4.0,-4.0,-75.0
1777891282.8113325,1.0,-6.0,-74.0
1777891282.8213325,1.0,-4.0,-73.0
1777891282.8323324,4.0,-4.0,-71.0
1777891282.8423324,6.0,-7.0,-69.0
1777891282.8513324,5.0,-6.0,-75.0
1777891282.8613324,5.0,-6.0,-65.0
1777891282.8723323,2.0,-6.0,-67.0
1777891282.8823323,2.0,-4.0,-66.0
1777891282.8923323,-2.0,-3.0,-77.0
1777891282.9023323,-2.0,0.0,-85.0
1777891282.9123323,0.0,-1.0,-84.0
1777891282.9223323,0.0,-4.0,-78.0
1777891282.9323325,0.0,-8.0,-71.0
1777891282.9423325,-2.0,-10.0,-78.0
1777891282.9523325,-2.0,-7.0,-72.0
1777891282.9623325,-1.0,-8.0,-70.0
1777891282.9723325,0.0,-6.0,-69.0
1777891282.9823325,2.0,-4.0,-67.0
1777891282.9923325,3.0,-1.0,-65.0
1777891283.0023324,3.0,0.0,-65.0
1777891283.0123324,1.0,0.0,-68.0
1777891283.0223324,3.0,0.0,-75.0
1777891283.0323324,2.0,2.0,-72.0
1777891283.0423324,2.0,1.0,-70.0
1777891283.0523324,1.0,2.0,-71.0
1777891283.0623324,1.0,1.0,-70.0
1777891283.0723324,1.0,3.0,-70.0
1777891283.0823324,0.0,0.0,-73.0
1777891283.0923324,-1.0,-2.0,-70.0
1777891283.1023324,-4.0,1.0,-73.0
1777891283.1123323,-6.0,6.0,-76.0
1777891283.1223323,-5.0,3.0,-66.0
1777891283.1323323,-8.0,0.0,-66.0
1777891283.1423323,-6.0,0.0,-70.0
1777891283.1523323,-8.0,0.0,-73.0
1777891283.1623323,-4.0,0.0,-68.0
1777891283.1723323,-1.0,1.0,-73.0
1777891283.1823325,0.0,-1.0,-70.0
1777891283.1923325,-1.0,0.0,-72.0
1777891283.2023325,-1.0,0.0,-79.0
1777891283.2123325,-3.0,0.0,-84.0
1777891283.2223325,-4.0,0.0,-85.0
1777891283.2323325,-6.0,0.0,-79.0
1777891283.2423325,-3.0,0.0,-81.0
1777891283.2523324,-7.0,-4.0,-81.0
1777891283.2623324,-8.0,-3.0,-74.0
1777891283.2723324,-8.0,-3.0,-69.0
1777891283.2823324,-5.0,-2.0,-76.0
1777891283.2923324,0.0,-4.0,-77.0
1777891283.3023324,0.0,-6.0,-78.0
1777891283.3133323,5.0,-3.0,-90.0
1777891283.3223324,5.0,0.0,-83.0
1777891283.3323324,4.0,0.0,-73.0
1777891283.3423324,5.0,0.0,-65.0
1777891283.3523324,7.0,0.0,-66.0
1777891283.3623323,7.0,1.0,-68.0
1777891283.3723323,1.0,1.0,-65.0
1777891283.3823323,4.0,0.0,-70.0
1777891283.3923323,7.0,1.0,-73.0
1777891283.4023323,0.0,0.0,-80.0
1777891283.4123323,0.0,-1.0,-85.0
1777891283.4223323,3.0,0.0,-84.0
1777891283.4323325,3.0,0.0,-85.0
1777891283.4423325,1.0,1.0,-73.0
1777891283.4523325,-1.0,-1.0,-72.0
1777891283.4623325,-2.0,2.0,-66.0
1777891283.4723325,-7.0,0.0,-66.0
1777891283.4823325,-4.0,2.0,-66.0
1777891283.4923325,-1.0,3.0,-63.0
1777891283.5023324,1.0,3.0,-64.0
1777891283.5123324,-4.0,2.0,-64.0
1777891283.5223324,0.0,4.0,-68.0
1777891283.5323324,-5.0,2.0,-72.0
1777891283.5423324,-6.0,0.0,-77.0
1777891283.5523324,-4.0,1.0,-69.0
1777891283.5623324,-2.0,2.0,-65.0
1777891283.5723324,1.0,2.0,-72.0
1777891283.5823324,4.0,0.0,-79.0
1777891283.5923324,5.0,-3.0,-74.0
1777891283.6023324,3.0,-3.0,-75.0
1777891283.6123323,7.0,-1.0,-74.0
1777891283.6223323,7.0,-6.0,-83.0
1777891283.6323323,6.0,-9.0,-89.0
1777891283.6423323,5.0,-5.0,-82.0
1777891283.6523323,3.0,-4.0,-79.0
1777891283.6623323,1.0,-2.0,-71.0
1777891283.6723323,0.0,-2.0,-64.0
1777891283.6823325,2.0,-1.0,-64.0
1777891283.6923325,0.0,2.0,-67.0
1777891283.7023325,2.0,2.0,-68.0
1777891283.7123325,4.0,1.0,-67.0
1777891283.7223325,5.0,-3.0,-66.0
1777891283.7323325,8.0,-3.0,-67.0
1777891283.7423325,11.0,-3.0,-64.0
1777891283.7523324,6.0,-4.0,-66.0
1777891283.7623324,3.0,-5.0,-64.0
1777891283.7723324,4.0,-6.0,-67.0
1777891283.7823324,4.0,-9.0,-66.0
1777891283.7923324,5.0,-7.0,-61.0
1777891283.8023324,6.0,-1.0,-67.0
1777891283.8123324,4.0,-4.0,-73.0
1777891283.8223324,2.0,-2.0,-76.0
1777891283.8323324,3.0,-1.0,-77.0
1777891283.8423324,4.0,-2.0,-77.0
1777891283.8523324,2.0,-3.0,-71.0
1777891283.8623323,-1.0,-3.0,-65.0
1777891283.8723323,0.0,-5.0,-66.0
1777891283.8823323,3.0,-6.0,-75.0
1777891283.8923323,3.0,-7.0,-78.0
1777891283.9023323,5.0,-9.0,-75.0
1777891283.9123323,-1.0,-7.0,-75.0
1777891283.9223323,-1.0,-2.0,-76.0
1777891283.9323325,-1.0,-2.0,-79.0
1777891283.9423325,0.0,-3.0,-76.0
1777891283.9523325,-4.0,-1.0,-79.0
1777891283.9623325,-3.0,2.0,-84.0
1777891283.9723325,-1.0,2.0,-79.0
1777891283.9823325,1.0,2.0,-76.0
1777891283.9923325,1.0,0.0,-74.0
1777891284.0023324,0.0,0.0,-73.0
1777891284.0123324,0.0,3.0,-70.0
1777891284.0223324,-3.0,1.0,-70.0
1777891284.0323324,-4.0,1.0,-72.0
1777891284.0423324,-11.0,3.0,-71.0
1777891284.0523324,-10.0,7.0,-69.0
1777891284.0623324,-9.0,7.0,-68.0
1777891284.0723324,-5.0,2.0,-71.0
1777891284.0823324,-10.0,-3.0,-71.0
1777891284.0923324,-10.0,-2.0,-78.0
1777891284.1023324,-7.0,0.0,-78.0
1777891284.1123323,-7.0,-2.0,-79.0
1777891284.1223323,-2.0,-4.0,-79.0
1777891284.1323323,-4.0,0.0,-80.0
1777891284.1423323,-5.0,0.0,-74.0
1777891284.1523323,-4.0,0.0,-68.0
1777891284.1623323,0.0,-1.0,-70.0
1777891284.1723323,1.0,3.0,-67.0
1777891284.1823325,0.0,1.0,-67.0
1777891284.1923325,-2.0,3.0,-69.0
1777891284.2023325,-3.0,2.0,-70.0
1777891284.2123325,-3.0,1.0,-68.0
1777891284.2223325,-4.0,2.0,-65.0
1777891284.2323325,-4.0,3.0,-67.0
1777891284.2423325,-10.0,0.0,-68.0
1777891284.2523324,-8.0,-2.0,-70.0
1777891284.2623324,-4.0,0.0,-76.0
1777891284.2723324,0.0,1.0,-79.0
1777891284.2823324,2.0,2.0,-77.0
1777891284.2923324,1.0,-1.0,-69.0
1777891284.3023324,-1.0,-1.0,-73.0
1777891284.3123324,0.0,-2.0,-69.0
1777891284.3223324,3.0,-3.0,-69.0
1777891284.3323324,6.0,-1.0,-70.0
1777891284.3423324,4.0,2.0,-78.0
1777891284.3523324,3.0,0.0,-78.0
1777891284.3623323,2.0,-3.0,-69.0
1777891284.3723323,6.0,-5.0,-68.0
1777891284.3823323,7.0,-4.0,-66.0
1777891284.3923323,4.0,-2.0,-63.0
1777891284.4023323,1.0,-1.0,-68.0
1777891284.4123323,-2.0,-2.0,-70.0
1777891284.4223323,-3.0,1.0,-67.0
1777891284.4323325,-2.0,2.0,-67.0
1777891284.4423325,-5.0,2.0,-66.0
1777891284.4523325,-8.0,6.0,-71.0
1777891284.4623325,-4.0,9.0,-76.0
1777891284.4723325,-6.0,7.0,-67.0
1777891284.4823325,-2.0,2.0,-70.0
1777891284.4923325,-1.0,0.0,-71.0
1777891284.5023324,0.0,-1.0,-68.0
1777891284.5123324,-2.0,0.0,-67.0
1777891284.5223324,-4.0,2.0,-62.0
1777891284.5323324,-4.0,0.0,-62.0
1777891284.5423324,-3.0,0.0,-68.0
1777891284.5523324,-4.0,-3.0,-65.0
1777891284.5623324,-5.0,-6.0,-68.0
1777891284.5723324,-5.0,-2.0,-72.0
1777891284.5823324,-3.0,0.0,-79.0
1777891284.5923324,0.0,-6.0,-76.0
1777891284.6023324,0.0,-5.0,-84.0
1777891284.6123323,0.0,-3.0,-86.0
1777891284.6223323,-1.0,-4.0,-86.0
1777891284.6323323,-3.0,0.0,-87.0
1777891284.6423323,-2.0,-2.0,-83.0
1777891284.6523323,0.0,-1.0,-80.0
1777891284.6623323,0.0,3.0,-75.0
1777891284.6723323,3.0,1.0,-72.0
1777891284.6823325,8.0,0.0,-77.0
1777891284.6923325,7.0,0.0,-76.0
1777891284.7023325,2.0,-1.0,-79.0
1777891284.7123325,0.0,-3.0,-79.0
1777891284.7223325,2.0,-7.0,-74.0
1777891284.7323325,7.0,-6.0,-72.0
1777891284.7423325,10.0,-6.0,-68.0
1777891284.7523324,11.0,-3.0,-69.0
1777891284.7623324,7.0,-2.0,-68.0
1777891284.7723324,2.0,-2.0,-69.0
1777891284.7823324,4.0,-5.0,-70.0
1777891284.7923324,7.0,-5.0,-68.0
1777891284.8023324,0.0,-4.0,-67.0
1777891284.8133323,0.0,-6.0,-68.0
1777891284.8233323,-1.0,-1.0,-73.0
1777891284.8323324,3.0,0.0,-74.0
1777891284.8423324,2.0,-3.0,-78.0
1777891284.8533323,6.0,0.0,-78.0
1777891284.8633325,7.0,0.0,-74.0
1777891284.8733325,3.0,-1.0,-74.0
1777891284.8833325,6.0,-2.0,-76.0
1777891284.8923323,3.0,-5.0,-77.0
1777891284.9033325,5.0,-6.0,-77.0
1777891284.9133325,4.0,-5.0,-74.0
1777891284.9233325,3.0,-4.0,-74.0
1777891284.9333324,3.0,-6.0,-76.0
1777891284.9433324,0.0,-6.0,-79.0
1777891284.9533324,0.0,-9.0,-71.0
1777891284.9633324,0.0,-4.0,-68.0
1777891284.9733324,0.0,-6.0,-69.0
1777891284.9833324,2.0,-4.0,-70.0
1777891284.9933324,4.0,-6.0,-77.0
1777891285.0033324,-1.0,-2.0,-81.0
1777891285.0133324,0.0,-5.0,-83.0
1777891285.0233324,0.0,-8.0,-82.0
1777891285.0333323,0.0,-6.0,-83.0
1777891285.0433323,0.0,-7.0,-75.0
1777891285.0533323,2.0,-6.0,-70.0
1777891285.0633323,4.0,-2.0,-71.0
1777891285.0733323,0.0,2.0,-67.0
1777891285.0833323,-3.0,1.0,-66.0
1777891285.0933323,-3.0,5.0,-66.0
1777891285.1033323,-2.0,4.0,-65.0
1777891285.1133325,1.0,1.0,-75.0
1777891285.1233325,0.0,-1.0,-75.0
1777891285.1333325,0.0,-6.0,-77.0
1777891285.1433325,-1.0,-4.0,-73.0
1777891285.1533325,2.0,-4.0,-76.0
1777891285.1633325,0.0,0.0,-75.0
1777891285.1733325,-1.0,1.0,-70.0
1777891285.1833324,-3.0,0.0,-69.0
1777891285.1933324,-5.0,-1.0,-68.0
1777891285.2033324,-5.0,0.0,-73.0
1777891285.2133324,1.0,0.0,-77.0
1777891285.2233324,3.0,1.0,-83.0
1777891285.2333324,2.0,4.0,-84.0
1777891285.2433324,5.0,3.0,-83.0
1777891285.2533324,6.0,3.0,-76.0
1777891285.2633324,5.0,1.0,-72.0
1777891285.2733324,3.0,1.0,-67.0
1777891285.2833323,1.0,5.0,-66.0
1777891285.2933323,0.0,0.0,-64.0
1777891285.3033323,1.0,0.0,-70.0
1777891285.3133323,3.0,0.0,-73.0
1777891285.3233323,2.0,-1.0,-73.0
1777891285.3333323,2.0,-1.0,-77.0
1777891285.3433323,1.0,-4.0,-86.0
1777891285.3533323,2.0,0.0,-91.0
1777891285.3633325,-1.0,-4.0,-89.0
1777891285.3733325,-4.0,-5.0,-82.0
1777891285.3833325,0.0,-3.0,-75.0
1777891285.3933325,4.0,0.0,-74.0
1777891285.4033325,5.0,-1.0,-74.0
1777891285.4133325,2.0,0.0,-74.0
1777891285.4233325,1.0,0.0,-79.0
1777891285.4333324,6.0,-2.0,-76.0
1777891285.4433324,7.0,-2.0,-75.0
1777891285.4533324,12.0,0.0,-78.0
1777891285.4633324,10.0,1.0,-80.0
1777891285.4733324,10.0,3.0,-71.0
1777891285.4833324,9.0,2.0,-73.0
1777891285.4933324,8.0,5.0,-74.0
1777891285.5033324,7.0,8.0,-71.0
1777891285.5133324,9.0,4.0,-77.0
1777891285.5233324,8.0,2.0,-76.0
1777891285.5333323,7.0,4.0,-72.0
1777891285.5433323,3.0,0.0,-74.0
1777891285.5533323,1.0,-3.0,-74.0
1777891285.5633323,4.0,0.0,-77.0
1777891285.5733323,5.0,-1.0,-74.0
1777891285.5833323,7.0,3.0,-70.0
1777891285.5933323,7.0,7.0,-72.0
1777891285.6033323,9.0,5.0,-73.0
1777891285.6133325,6.0,4.0,-80.0
1777891285.6233325,1.0,0.0,-74.0
1777891285.6333325,1.0,-2.0,-74.0
1777891285.6433325,0.0,-6.0,-75.0
1777891285.6533325,2.0,-6.0,-79.0
1777891285.6633325,2.0,-3.0,-70.0
1777891285.6733325,4.0,0.0,-73.0
1777891285.6833324,5.0,0.0,-78.0
1777891285.6933324,3.0,1.0,-79.0
1777891285.7033324,4.0,1.0,-83.0
1777891285.7133324,5.0,1.0,-84.0
1777891285.7233324,2.0,3.0,-86.0
1777891285.7333324,6.0,0.0,-78.0
1777891285.7433324,9.0,-1.0,-76.0
1777891285.7533324,7.0,0.0,-70.0
1777891285.7633324,5.0,3.0,-71.0
1777891285.7733324,7.0,3.0,-76.0
1777891285.7833323,7.0,2.0,-79.0
1777891285.7933323,4.0,2.0,-76.0
1777891285.8033323,2.0,0.0,-75.0
1777891285.8133323,6.0,0.0,-78.0
1777891285.8233323,8.0,0.0,-84.0
1777891285.8333323,7.0,2.0,-85.0
1777891285.8433323,8.0,0.0,-88.0
1777891285.8533323,10.0,1.0,-84.0
1777891285.8633325,7.0,-1.0,-75.0
1777891285.8733325,8.0,-4.0,-73.0
1777891285.8833325,4.0,-2.0,-77.0
1777891285.8933325,1.0,-2.0,-71.0
1777891285.9033325,2.0,0.0,-68.0
1777891285.9133325,0.0,1.0,-68.0
1777891285.9233325,-5.0,2.0,-71.0
1777891285.9333324,-7.0,1.0,-77.0
1777891285.9433324,-7.0,-1.0,-70.0
1777891285.9533324,-5.0,-3.0,-65.0
1777891285.9633324,-6.0,0.0,-67.0
1777891285.9733324,-6.0,0.0,-66.0
1777891285.9833324,-3.0,-3.0,-63.0
1777891285.9933324,-2.0,-5.0,-61.0
1777891286.0033324,-6.0,-3.0,-71.0
1777891286.0133324,-4.0,0.0,-69.0
1777891286.0233324,-4.0,2.0,-69.0
1777891286.0333323,-3.0,-1.0,-76.0
1777891286.0433323,0.0,-4.0,-82.0
1777891286.0533323,3.0,-1.0,-72.0
1777891286.0633323,1.0,0.0,-70.0
1777891286.0733323,-1.0,-2.0,-59.0
1777891286.0833323,-1.0,1.0,-60.0
1777891286.0933323,0.0,5.0,-62.0
1777891286.1033323,4.0,2.0,-63.0
1777891286.1133325,1.0,1.0,-64.0
1777891286.1233325,-1.0,1.0,-70.0
1777891286.1333325,-1.0,3.0,-71.0
1777891286.1433325,-1.0,3.0,-69.0
1777891286.1533325,0.0,5.0,-71.0
1777891286.1633325,0.0,8.0,-65.0
1777891286.1733325,0.0,6.0,-58.0
1777891286.1833324,-5.0,2.0,-62.0
1777891286.1933324,-2.0,2.0,-68.0
1777891286.2033324,2.0,-2.0,-72.0
1777891286.2133324,1.0,-2.0,-61.0
1777891286.2233324,3.0,-3.0,-64.0
1777891286.2333324,5.0,-3.0,-65.0
1777891286.2433324,4.0,-3.0,-73.0
1777891286.2533324,8.0,0.0,-80.0
1777891286.2633324,5.0,-2.0,-84.0
1777891286.2733324,5.0,-3.0,-78.0
1777891286.2833323,3.0,-4.0,-78.0
1777891286.2933323,0.0,-7.0,-73.0
1777891286.3033323,-3.0,-5.0,-72.0
1777891286.3133323,-1.0,-7.0,-73.0
1777891286.3233323,-2.0,-6.0,-74.0
1777891286.3333323,-3.0,-4.0,-76.0
1777891286.3433323,-2.0,-6.0,-75.0
1777891286.3533323,1.0,-5.0,-68.0
1777891286.3633325,1.0,-2.0,-74.0
1777891286.3733325,0.0,-4.0,-71.0
1777891286.3833325,4.0,-6.0,-74.0
1777891286.3933325,6.0,-7.0,-73.0
1777891286.4033325,1.0,-5.0,-76.0
1777891286.4133325,2.0,0.0,-78.0
1777891286.4233325,3.0,3.0,-79.0
1777891286.4333324,1.0,1.0,-86.0
1777891286.4433324,3.0,1.0,-85.0
1777891286.4533324,0.0,2.0,-81.0
1777891286.4633324,-2.0,4.0,-77.0
1777891286.4733324,-3.0,-3.0,-74.0
1777891286.4833324,-4.0,-4.0,-74.0
1777891286.4933324,-6.0,-6.0,-75.0
1777891286.5033324,-2.0,-5.0,-64.0
1777891286.5133324,0.0,-3.0,-61.0
1777891286.5233324,-1.0,-4.0,-64.0
1777891286.5333323,0.0,-2.0,-62.0
1777891286.5433323,3.0,-4.0,-64.0
1777891286.5533323,4.0,-4.0,-64.0
1777891286.5633323,-2.0,-4.0,-72.0
1777891286.5733323,0.0,-6.0,-71.0
1777891286.5833323,0.0,-2.0,-72.0
1777891286.5933323,-2.0,0.0,-71.0
1777891286.6033323,0.0,2.0,-73.0
1777891286.6133325,-1.0,2.0,-68.0
1777891286.6233325,0.0,6.0,-72.0
1777891286.6333325,1.0,5.0,-72.0
1777891286.6433325,3.0,5.0,-75.0
1777891286.6533325,4.0,9.0,-73.0
1777891286.6633325,7.0,4.0,-81.0
1777891286.6733325,6.0,1.0,-85.0
1777891286.6833324,1.0,0.0,-91.0
1777891286.6933324,-1.0,0.0,-83.0
1777891286.7033324,0.0,0.0,-83.0
1777891286.7133324,0.0,0.0,-79.0
1777891286.7233324,2.0,0.0,-81.0
1777891286.7333324,0.0,-1.0,-78.0
1777891286.7433324,1.0,-2.0,-82.0
1777891286.7533324,3.0,0.0,-82.0
1777891286.7633324,8.0,-3.0,-79.0
1777891286.7733324,0.0,-5.0,-73.0
1777891286.7843325,-4.0,-3.0,-76.0
1777891286.7933323,-1.0,0.0,-80.0
1777891286.8043325,-1.0,-3.0,-78.0
1777891286.8143325,-2.0,-3.0,-72.0
1777891286.8233323,1.0,-3.0,-73.0
1777891286.8343325,0.0,-5.0,-74.0
1777891286.8443325,-1.0,-6.0,-75.0
1777891286.8543324,0.0,-2.0,-75.0
1777891286.8643324,-2.0,0.0,-80.0
1777891286.8743324,0.0,-3.0,-73.0
1777891286.8843324,3.0,-3.0,-64.0
1777891286.8943324,-1.0,-2.0,-67.0
1777891286.9043324,-2.0,-2.0,-72.0
1777891286.9143324,0.0,-2.0,-77.0
1777891286.9243324,1.0,-2.0,-78.0
1777891286.9343324,0.0,-7.0,-75.0
1777891286.9443324,3.0,-3.0,-73.0
1777891286.9543324,11.0,0.0,-69.0
1777891286.9643323,9.0,-2.0,-69.0
1777891286.9743323,10.0,-1.0,-75.0
1777891286.9843323,14.0,4.0,-76.0
1777891286.9943323,11.0,4.0,-76.0
1777891287.0043323,6.0,7.0,-75.0
1777891287.0143323,4.0,2.0,-62.0
1777891287.0243323,5.0,-1.0,-61.0
1777891287.0343325,2.0,-4.0,-62.0
1777891287.0443325,-2.0,-4.0,-66.0
1777891287.0543325,1.0,-3.0,-70.0
1777891287.0643325,0.0,-3.0,-65.0
1777891287.0743325,0.0,-5.0,-64.0
1777891287.0843325,3.0,-5.0,-64.0
1777891287.0943325,6.0,-6.0,-67.0
1777891287.1043324,4.0,-3.0,-66.0
1777891287.1143324,5.0,-4.0,-70.0
1777891287.1243324,9.0,-3.0,-67.0
1777891287.1343324,14.0,-1.0,-70.0
1777891287.1443324,12.0,0.0,-71.0
1777891287.1543324,11.0,0.0,-68.0
1777891287.1643324,8.0,-3.0,-70.0
1777891287.1743324,4.0,1.0,-74.0
1777891287.1843324,-2.0,5.0,-73.0
1777891287.1943324,-1.0,8.0,-71.0
1777891287.2043324,1.0,9.0,-69.0
1777891287.2143323,1.0,7.0,-67.0
1777891287.2243323,0.0,5.0,-70.0
1777891287.2343323,4.0,5.0,-72.0
1777891287.2443323,5.0,9.0,-74.0
1777891287.2543323,5.0,8.0,-69.0
1777891287.2643323,5.0,5.0,-70.0
1777891287.2743323,9.0,-1.0,-70.0
1777891287.2843325,4.0,-1.0,-73.0
1777891287.2943325,-1.0,1.0,-76.0
1777891287.3043325,-2.0,3.0,-75.0
1777891287.3143325,-2.0,0.0,-81.0
1777891287.3243325,-7.0,0.0,-82.0
1777891287.3343325,-9.0,-3.0,-83.0
1777891287.3443325,-10.0,-2.0,-80.0
1777891287.3543324,-5.0,0.0,-72.0
1777891287.3643324,-3.0,-3.0,-68.0
1777891287.3743324,-1.0,-3.0,-68.0
1777891287.3843324,-2.0,-3.0,-71.0
1777891287.3943324,-1.0,-3.0,-75.0
1777891287.4043324,0.0,-5.0,-69.0
1777891287.4143324,-2.0,-4.0,-60.0
1777891287.4243324,-4.0,-2.0,-59.0
1777891287.4343324,-3.0,-1.0,-61.0
1777891287.4443324,-3.0,-1.0,-65.0
1777891287.4543324,-3.0,-1.0,-66.0
1777891287.4643323,-7.0,0.0,-65.0
1777891287.4743323,-5.0,-6.0,-62.0
1777891287.4843323,0.0,-6.0,-75.0
1777891287.4943323,-4.0,-6.0,-83.0
1777891287.5043323,-7.0,-8.0,-80.0
1777891287.5143323,-5.0,-7.0,-81.0
1777891287.5243323,-6.0,-1.0,-79.0
1777891287.5343325,-9.0,1.0,-77.0
1777891287.5443325,-7.0,-2.0,-78.0
1777891287.5543325,-6.0,-3.0,-75.0
1777891287.5643325,-5.0,-2.0,-77.0
1777891287.5743325,2.0,0.0,-81.0
1777891287.5843325,10.0,1.0,-80.0
1777891287.5943325,7.0,-1.0,-80.0
1777891287.6043324,4.0,-1.0,-80.0
1777891287.6143324,1.0,-3.0,-81.0
1777891287.6243324,-1.0,-1.0,-89.0
1777891287.6343324,0.0,0.0,-94.0
1777891287.6443324,6.0,0.0,-88.0
1777891287.6543324,5.0,1.0,-82.0
1777891287.6643324,2.0,-2.0,-69.0
1777891287.6743324,2.0,0.0,-70.0
1777891287.6843324,0.0,0.0,-69.0
1777891287.6943324,3.0,0.0,-71.0
1777891287.7043324,-4.0,0.0,-74.0
1777891287.7143323,-1.0,2.0,-74.0
1777891287.7243323,2.0,4.0,-78.0
1777891287.7343323,2.0,2.0,-80.0
1777891287.7443323,4.0,1.0,-74.0
1777891287.7543323,6.0,0.0,-78.0
1777891287.7643323,4.0,1.0,-79.0
1777891287.7743323,0.0,1.0,-76.0
1777891287.7843325,3.0,-1.0,-76.0
1777891287.7943325,0.0,-2.0,-76.0
1777891287.8043325,-2.0,-3.0,-79.0
1777891287.8143325,-2.0,-1.0,-75.0
1777891287.8243325,-1.0,0.0,-77.0
1777891287.8343325,-1.0,3.0,-78.0
1777891287.8443325,1.0,7.0,-81.0
1777891287.8543324,0.0,4.0,-79.0
1777891287.8643324,1.0,-1.0,-75.0
1777891287.8743324,5.0,-1.0,-71.0
1777891287.8843324,1.0,-1.0,-74.0
1777891287.8943324,3.0,-1.0,-67.0
1777891287.9043324,5.0,0.0,-66.0
1777891287.9143324,6.0,0.0,-66.0
1777891287.9243324,9.0,-1.0,-63.0
1777891287.9343324,7.0,-3.0,-58.0
1777891287.9443324,7.0,-4.0,-61.0
1777891287.9543324,14.0,-4.0,-63.0
1777891287.9643323,11.0,-2.0,-64.0
1777891287.9743323,8.0,-2.0,-62.0
1777891287.9843323,9.0,-1.0,-64.0
1777891287.9943323,10.0,0.0,-67.0
1777891288.0043323,7.0,3.0,-68.0
1777891288.0143323,7.0,5.0,-75.0
1777891288.0243323,7.0,2.0,-72.0
1777891288.0343325,7.0,1.0,-69.0
1777891288.0443325,5.0,0.0,-66.0
1777891288.0543325,6.0,0.0,-69.0
1777891288.0643325,9.0,-6.0,-70.0
1777891288.0743325,8.0,-1.0,-68.0
1777891288.0843325,8.0,3.0,-71.0
1777891288.0943325,8.0,3.0,-76.0
1777891288.1043324,5.0,2.0,-77.0
1777891288.1143324,10.0,0.0,-70.0
1777891288.1243324,9.0,-1.0,-72.0
1777891288.1343324,9.0,2.0,-80.0
1777891288.1443324,6.0,0.0,-80.0
1777891288.1543324,3.0,4.0,-75.0
1777891288.1643324,6.0,4.0,-77.0
1777891288.1743324,8.0,5.0,-71.0
1777891288.1843324,8.0,4.0,-69.0
1777891288.1943324,10.0,3.0,-72.0
1777891288.2043324,12.0,8.0,-73.0
1777891288.2143323,11.0,8.0,-66.0
1777891288.2243323,9.0,7.0,-63.0
1777891288.2343323,7.0,6.0,-71.0
1777891288.2443323,6.0,4.0,-71.0
1777891288.2543323,5.0,2.0,-73.0
1777891288.2643323,1.0,0.0,-74.0
1777891288.2743323,1.0,-1.0,-73.0
1777891288.2843325,3.0,-1.0,-70.0
1777891288.2943325,5.0,-1.0,-69.0
1777891288.3043325,7.0,-3.0,-68.0
1777891288.3143325,9.0,-5.0,-67.0
1777891288.3243325,4.0,-4.0,-66.0
1777891288.3343325,7.0,0.0,-62.0
1777891288.3443325,9.0,-1.0,-64.0
1777891288.3543324,4.0,-3.0,-62.0
1777891288.3643324,5.0,-5.0,-63.0
1777891288.3743324,1.0,-4.0,-62.0
1777891288.3843324,3.0,-5.0,-60.0
1777891288.3943324,-1.0,-7.0,-60.0
1777891288.4043324,-3.0,-9.0,-64.0
1777891288.4143324,-4.0,-9.0,-61.0
1777891288.4243324,-2.0,-7.0,-74.0
1777891288.4343324,-3.0,-4.0,-74.0
1777891288.4443324,4.0,-1.0,-72.0
1777891288.4543324,0.0,-3.0,-75.0
1777891288.4643323,-2.0,-2.0,-76.0
1777891288.4743323,-3.0,-2.0,-72.0
1777891288.4843323,0.0,1.0,-73.0
1777891288.4943323,-2.0,0.0,-70.0
1777891288.5043323,1.0,0.0,-73.0
1777891288.5143323,0.0,-1.0,-81.0
1777891288.5243323,4.0,-4.0,-84.0
1777891288.5343325,5.0,-3.0,-85.0
1777891288.5443325,10.0,-2.0,-80.0
1777891288.5543325,6.0,-1.0,-74.0
1777891288.5643325,8.0,-3.0,-75.0
1777891288.5743325,3.0,0.0,-70.0
1777891288.5843325,0.0,0.0,-59.0
1777891288.5943325,-2.0,-1.0,-68.0
1777891288.6043324,-1.0,0.0,-71.0
1777891288.6143324,0.0,2.0,-78.0
1777891288.6243324,-1.0,-1.0,-76.0
1777891288.6343324,0.0,0.0,-73.0
1777891288.6443324,5.0,-3.0,-74.0
1777891288.6543324,10.0,-4.0,-72.0
1777891288.6643324,5.0,-6.0,-76.0
1777891288.6743324,3.0,-4.0,-76.0
1777891288.6843324,6.0,-6.0,-79.0
1777891288.6943324,4.0,-8.0,-83.0
1777891288.7043324,-1.0,-8.0,-77.0
1777891288.7143323,-8.0,-11.0,-77.0
1777891288.7243323,-7.0,-12.0,-72.0
1777891288.7343323,-4.0,-7.0,-70.0
1777891288.7443323,-1.0,-3.0,-76.0
1777891288.7543323,2.0,-4.0,-73.0
1777891288.7643323,4.0,-6.0,-72.0
1777891288.7743323,5.0,-8.0,-67.0
1777891288.7843325,2.0,-6.0,-76.0
1777891288.7943325,1.0,-7.0,-74.0
1777891288.8043325,3.0,-9.0,-77.0
1777891288.8143325,5.0,-7.0,-85.0
1777891288.8243325,4.0,-8.0,-87.0
1777891288.8353324,5.0,-8.0,-82.0
1777891288.8453324,6.0,-8.0,-83.0
1777891288.8553324,3.0,-9.0,-83.0
1777891288.8653324,-1.0,-6.0,-82.0
1777891288.8753324,-6.0,0.0,-78.0
1777891288.8853323,-4.0,2.0,-75.0
1777891288.8953323,-1.0,-1.0,-76.0
1777891288.9053323,0.0,1.0,-78.0
1777891288.9153323,3.0,-2.0,-81.0
1777891288.9253323,3.0,-4.0,-81.0
1777891288.9353323,8.0,0.0,-81.0
1777891288.9453323,4.0,0.0,-82.0
1777891288.9553325,3.0,2.0,-83.0
1777891288.9653325,4.0,4.0,-81.0
1777891288.9753325,4.0,3.0,-73.0
1777891288.9853325,2.0,6.0,-73.0
1777891288.9953325,1.0,7.0,-68.0
1777891289.0053325,3.0,2.0,-64.0
1777891289.0153325,2.0,3.0,-72.0
1777891289.0253325,0.0,4.0,-74.0
1777891289.0353324,0.0,1.0,-74.0
1777891289.0453324,2.0,-3.0,-80.0
1777891289.0553324,1.0,-5.0,-75.0
1777891289.0653324,1.0,-8.0,-73.0
1777891289.0753324,0.0,-10.0,-73.0
1777891289.0853324,3.0,-9.0,-70.0
1777891289.0953324,6.0,-4.0,-70.0
1777891289.1053324,3.0,0.0,-68.0
1777891289.1153324,0.0,-1.0,-71.0
1777891289.1253324,1.0,-1.0,-76.0
1777891289.1353323,3.0,0.0,-79.0
1777891289.1453323,0.0,-1.0,-75.0
1777891289.1553323,-5.0,-3.0,-80.0
1777891289.1653323,-2.0,-5.0,-81.0
1777891289.1753323,-1.0,-4.0,-76.0
1777891289.1853323,-2.0,1.0,-74.0
1777891289.1953323,4.0,1.0,-70.0
1777891289.2053325,5.0,1.0,-70.0
1777891289.2153325,0.0,1.0,-69.0
1777891289.2253325,0.0,-1.0,-65.0
1777891289.2353325,-2.0,-3.0,-58.0
1777891289.2453325,-4.0,-4.0,-59.0
1777891289.2553325,-4.0,-4.0,-66.0
1777891289.2653325,-7.0,-4.0,-74.0
1777891289.2753325,-8.0,-2.0,-76.0
1777891289.2853324,-9.0,-6.0,-76.0
1777891289.2953324,-10.0,-8.0,-79.0
1777891289.3053324,-10.0,-9.0,-75.0
1777891289.3153324,-11.0,-7.0,-75.0
1777891289.3253324,-13.0,-8.0,-69.0
1777891289.3353324,-11.0,-4.0,-73.0
1777891289.3453324,-13.0,-1.0,-80.0
1777891289.3553324,-11.0,1.0,-84.0
1777891289.3653324,-4.0,4.0,-81.0
1777891289.3753324,-4.0,2.0,-74.0
1777891289.3853323,-3.0,2.0,-73.0
1777891289.3953323,-1.0,4.0,-80.0
1777891289.4053323,0.0,5.0,-84.0
1777891289.4153323,1.0,4.0,-84.0
1777891289.4253323,1.0,3.0,-77.0
1777891289.4353323,3.0,0.0,-78.0
1777891289.4453323,-1.0,0.0,-77.0
1777891289.4553325,0.0,0.0,-76.0
1777891289.4653325,0.0,1.0,-76.0
1777891289.4753325,-2.0,0.0,-78.0
1777891289.4853325,-1.0,-1.0,-78.0
1777891289.4953325,0.0,-2.0,-74.0
1777891289.5053325,-2.0,-2.0,-74.0
1777891289.5153325,-2.0,-2.0,-71.0
1777891289.5253325,1.0,-2.0,-66.0
1777891289.5353324,3.0,-2.0,-66.0
1777891289.5453324,4.0,-2.0,-68.0
1777891289.5553324,1.0,-6.0,-73.0
1777891289.5653324,-3.0,-3.0,-71.0
1777891289.5753324,-2.0,-1.0,-71.0
1777891289.5853324,0.0,-3.0,-71.0
1777891289.5953324,-3.0,0.0,-75.0
1777891289.6053324,1.0,0.0,-75.0
1777891289.6153324,1.0,1.0,-75.0
1777891289.6253324,1.0,1.0,-81.0
1777891289.6353323,0.0,-1.0,-76.0
1777891289.6453323,3.0,0.0,-69.0
1777891289.6553323,1.0,1.0,-67.0
1777891289.6653323,2.0,-1.0,-68.0
1777891289.6753323,7.0,-3.0,-69.0
1777891289.6853323,5.0,-4.0,-71.0
1777891289.6953323,2.0,-6.0,-68.0
1777891289.7053325,0.0,-6.0,-67.0
1777891289.7153325,-2.0,-6.0,-66.0
1777891289.7253325,-3.0,-4.0,-70.0
1777891289.7353325,-3.0,-9.0,-71.0
1777891289.7453325,-3.0,-9.0,-69.0
1777891289.7553325,0.0,-6.0,-69.0
1777891289.7653325,1.0,-3.0,-70.0
1777891289.7753325,0.0,0.0,-74.0
1777891289.7853324,0.0,0.0,-75.0
1777891289.7953324,1.0,0.0,-74.0
1777891289.8053324,-2.0,0.0,-76.0
1777891289.8153324,-4.0,1.0,-72.0
1777891289.8253324,-7.0,3.0,-72.0
1777891289.8353324,-3.0,0.0,-70.0
1777891289.8453324,1.0,0.0,-73.0
1777891289.8553324,4.0,0.0,-71.0
1777891289.8653324,1.0,-2.0,-69.0
1777891289.8753324,1.0,0.0,-77.0
1777891289.8853323,5.0,0.0,-78.0
1777891289.8953323,4.0,-1.0,-68.0
1777891289.9053323,0.0,-1.0,-75.0
1777891289.9153323,-2.0,-2.0,-75.0
1777891289.9253323,-1.0,-3.0,-74.0
1777891289.9353323,0.0,-3.0,-77.0
1777891289.9453323,-1.0,-6.0,-79.0
1777891289.9553325,-3.0,-2.0,-79.0
1777891289.9653325,-4.0,-3.0,-75.0
1777891289.9753325,-6.0,-2.0,-73.0
1777891289.9853325,-7.0,-5.0,-80.0
1777891289.9953325,-10.0,-8.0,-82.0
1777891290.0053325,-7.0,-5.0,-74.0
1777891290.0153325,-2.0,-5.0,-74.0
1777891290.0253325,-3.0,-1.0,-69.0
1777891290.0353324,-7.0,-4.0,-66.0
1777891290.0453324,-5.0,-6.0,-63.0
1777891290.0553324,-3.0,-6.0,-59.0
1777891290.0653324,-1.0,-2.0,-64.0
1777891290.0753324,-4.0,-1.0,-60.0
1777891290.0853324,-6.0,-1.0,-62.0
1777891290.0953324,-5.0,0.0,-69.0
1777891290.1053324,0.0,-3.0,-66.0
1777891290.1153324,1.0,-1.0,-67.0
1777891290.1253324,-3.0,0.0,-67.0
1777891290.1353323,-5.0,0.0,-66.0
1777891290.1453323,-4.0,-4.0,-68.0
1777891290.1553323,-2.0,0.0,-69.0
1777891290.1653323,1.0,0.0,-65.0
1777891290.1753323,-1.0,-1.0,-58.0
1777891290.1853323,3.0,0.0,-62.0
1777891290.1953323,2.0,-4.0,-69.0
1777891290.2053325,0.0,-7.0,-72.0
1777891290.2153325,-4.0,-5.0,-77.0
1777891290.2253325,-4.0,-9.0,-75.0
1777891290.2353325,-2.0,-9.0,-75.0
1777891290.2453325,-3.0,-6.0,-81.0
1777891290.2553325,-2.0,-4.0,-81.0
1777891290.2653325,0.0,-4.0,-83.0
1777891290.2753325,2.0,0.0,-86.0
1777891290.2853324,3.0,3.0,-85.0
1777891290.2953324,0.0,2.0,-85.0
1777891290.3053324,0.0,-1.0,-83.0
1777891290.3153324,7.0,-2.0,-78.0
1777891290.3253324,4.0,-1.0,-67.0
1777891290.3353324,5.0,-6.0,-66.0
1777891290.3453324,9.0,-5.0,-72.0
1777891290.3553324,13.0,-4.0,-71.0
1777891290.3653324,11.0,-1.0,-63.0
1777891290.3753324,9.0,-1.0,-66.0
1777891290.3853323,7.0,-5.0,-67.0
1777891290.3953323,8.0,-5.0,-68.0
1777891290.4053323,7.0,-4.0,-66.0
1777891290.4153323,3.0,-4.0,-64.0
1777891290.4253323,4.0,-1.0,-73.0
1777891290.4353323,6.0,0.0,-74.0
1777891290.4453323,9.0,1.0,-72.0
1777891290.4553325,9.0,1.0,-76.0
1777891290.4653325,6.0,1.0,-74.0
1777891290.4753325,6.0,0.0,-76.0
1777891290.4853325,7.0,-3.0,-74.0
1777891290.4953325,6.0,-4.0,-72.0
1777891290.5053325,5.0,-3.0,-67.0
1777891290.5153325,1.0,0.0,-66.0
1777891290.5253325,4.0,4.0,-70.0
1777891290.5353324,0.0,3.0,-65.0
1777891290.5453324,-1.0,5.0,-65.0
1777891290.5553324,-4.0,7.0,-69.0
1777891290.5653324,-7.0,6.0,-69.0
1777891290.5753324,-2.0,4.0,-70.0
1777891290.5853324,0.0,2.0,-70.0
1777891290.5953324,2.0,5.0,-69.0
1777891290.6053324,-1.0,2.0,-71.0
1777891290.6153324,0.0,3.0,-74.0
1777891290.6253324,5.0,4.0,-72.0
1777891290.6353323,4.0,4.0,-73.0
1777891290.6453323,2.0,7.0,-74.0
1777891290.6553323,-3.0,6.0,-73.0
1777891290.6653323,-1.0,4.0,-78.0
1777891290.6753323,-1.0,2.0,-73.0
1777891290.6853323,-3.0,6.0,-77.0
1777891290.6953323,0.0,8.0,-71.0
1777891290.7053325,3.0,5.0,-65.0
1777891290.7153325,7.0,5.0,-64.0
1777891290.7253325,3.0,5.0,-64.0
1777891290.7353325,1.0,0.0,-69.0
1777891290.7453325,1.0,-1.0,-72.0
1777891290.7553325,6.0,0.0,-73.0
1777891290.7663324,7.0,3.0,-76.0
1777891290.7753325,9.0,-1.0,-72.0
1777891290.7853324,8.0,-3.0,-74.0
1777891290.7963324,8.0,-3.0,-74.0
1777891290.8063323,9.0,-1.0,-66.0
1777891290.8163323,9.0,-2.0,-62.0
1777891290.8263323,7.0,-3.0,-65.0
1777891290.8363323,5.0,-7.0,-60.0
1777891290.8463323,6.0,-5.0,-57.0
1777891290.8563323,3.0,-4.0,-57.0
1777891290.8663323,1.0,-3.0,-61.0
1777891290.8763323,2.0,-5.0,-66.0
1777891290.8863325,4.0,-5.0,-64.0
1777891290.8963325,1.0,-4.0,-66.0
1777891290.9063325,4.0,-4.0,-64.0
1777891290.9163325,2.0,-2.0,-65.0
1777891290.9263325,6.0,-6.0,-73.0
1777891290.9363325,5.0,-8.0,-74.0
1777891290.9463325,0.0,-5.0,-69.0
1777891290.9563324,0.0,-4.0,-65.0
1777891290.9663324,0.0,-8.0,-66.0
1777891290.9763324,0.0,-5.0,-68.0
1777891290.9863324,-2.0,-2.0,-63.0
1777891290.9963324,-1.0,-6.0,-67.0
1777891291.0063324,3.0,-3.0,-70.0
1777891291.0163324,3.0,-4.0,-71.0
1777891291.0263324,3.0,-6.0,-68.0
1777891291.0363324,4.0,-4.0,-68.0
1777891291.0463324,4.0,-3.0,-64.0
1777891291.0563323,3.0,-6.0,-66.0
1777891291.0663323,2.0,-5.0,-67.0
1777891291.0763323,2.0,-3.0,-68.0
1777891291.0863323,6.0,-2.0,-71.0
1777891291.0963323,2.0,-3.0,-69.0
1777891291.1063323,3.0,-2.0,-71.0
1777891291.1163323,7.0,-2.0,-68.0
1777891291.1263323,7.0,-4.0,-62.0
1777891291.1363325,10.0,-4.0,-65.0
1777891291.1463325,10.0,-2.0,-72.0
1777891291.1563325,4.0,2.0,-74.0
1777891291.1663325,0.0,2.0,-78.0
1777891291.1763325,0.0,1.0,-78.0
1777891291.1863325,4.0,2.0,-77.0
1777891291.1963325,6.0,5.0,-80.0
1777891291.2063324,8.0,2.0,-86.0
1777891291.2163324,9.0,0.0,-87.0
1777891291.2263324,8.0,-1.0,-84.0
1777891291.2363324,6.0,-3.0,-78.0
1777891291.2463324,6.0,-4.0,-73.0
1777891291.2563324,8.0,-3.0,-75.0
1777891291.2663324,7.0,-4.0,-74.0
1777891291.2763324,6.0,-4.0,-71.0
1777891291.2863324,11.0,-6.0,-74.0
1777891291.2963324,12.0,-1.0,-71.0
1777891291.3063323,9.0,0.0,-67.0
1777891291.3163323,3.0,-1.0,-67.0
1777891291.3263323,3.0,0.0,-71.0
1777891291.3363323,2.0,0.0,-68.0
1777891291.3463323,2.0,0.0,-69.0
1777891291.3563323,0.0,0.0,-71.0
1777891291.3663323,0.0,0.0,-74.0
1777891291.3763323,0.0,0.0,-78.0
1777891291.3863325,3.0,1.0,-86.0
1777891291.3963325,2.0,2.0,-79.0
1777891291.4063325,4.0,0.0,-78.0
1777891291.4163325,3.0,0.0,-73.0
1777891291.4263325,8.0,-2.0,-73.0
1777891291.4363325,10.0,1.0,-76.0
1777891291.4463325,7.0,1.0,-74.0
1777891291.4563324,3.0,2.0,-73.0
1777891291.4663324,3.0,7.0,-80.0
1777891291.4763324,1.0,4.0,-79.0
1777891291.4863324,-3.0,4.0,-78.0
1777891291.4963324,-3.0,5.0,-76.0
1777891291.5063324,-2.0,4.0,-75.0
1777891291.5163324,0.0,2.0,-75.0
1777891291.5263324,0.0,0.0,-83.0
1777891291.5363324,-1.0,0.0,-77.0
1777891291.5463324,-2.0,-4.0,-73.0
1777891291.5563323,-3.0,-7.0,-70.0
1777891291.5663323,-5.0,-9.0,-70.0
1777891291.5763323,-3.0,-6.0,-76.0
1777891291.5863323,-5.0,-7.0,-78.0
1777891291.5963323,-3.0,-8.0,-75.0
1777891291.6063323,-2.0,-12.0,-70.0
1777891291.6163323,1.0,-14.0,-71.0
1777891291.6263323,5.0,-12.0,-70.0
1777891291.6363325,11.0,-10.0,-73.0
1777891291.6463325,9.0,-4.0,-76.0
1777891291.6563325,5.0,-4.0,-76.0
1777891291.6663325,7.0,-2.0,-75.0
1777891291.6763325,9.0,0.0,-66.0
1777891291.6863325,9.0,0.0,-73.0
1777891291.6963325,9.0,1.0,-71.0
1777891291.7063324,3.0,0.0,-71.0
1777891291.7163324,4.0,5.0,-77.0
1777891291.7263324,1.0,4.0,-82.0
1777891291.7363324,-5.0,2.0,-85.0
1777891291.7463324,-5.0,2.0,-77.0
1777891291.7563324,0.0,3.0,-75.0
1777891291.7663324,-1.0,1.0,-70.0
1777891291.7763324,-1.0,-4.0,-78.0
1777891291.7863324,3.0,-1.0,-76.0
1777891291.7963324,2.0,-1.0,-70.0
1777891291.8063323,3.0,0.0,-72.0
1777891291.8163323,0.0,0.0,-70.0
1777891291.8263323,2.0,0.0,-72.0
1777891291.8363323,1.0,0.0,-67.0
1777891291.8463323,2.0,-1.0,-67.0
1777891291.8563323,5.0,0.0,-71.0
1777891291.8663323,0.0,0.0,-75.0
1777891291.8763323,0.0,-5.0,-80.0
1777891291.8863325,2.0,-6.0,-78.0
1777891291.8963325,0.0,0.0,-89.0
1777891291.9063325,-1.0,1.0,-92.0
1777891291.9163325,0.0,0.0,-90.0
1777891291.9263325,2.0,-1.0,-87.0
1777891291.9363325,3.0,0.0,-85.0
1777891291.9463325,1.0,-1.0,-84.0
1777891291.9563324,2.0,0.0,-80.0
1777891291.9663324,0.0,1.0,-74.0
1777891291.9763324,-2.0,0.0,-74.0
1777891291.9863324,-7.0,-1.0,-75.0
1777891291.9963324,0.0,-1.0,-80.0
1777891292.0063324,2.0,-2.0,-74.0
1777891292.0163324,5.0,2.0,-74.0
1777891292.0263324,0.0,2.0,-67.0
1777891292.0363324,1.0,0.0,-71.0
1777891292.0463324,1.0,0.0,-63.0
1777891292.0563323,-1.0,-1.0,-63.0
1777891292.0663323,-4.0,-1.0,-60.0
1777891292.0763323,-1.0,-1.0,-65.0
1777891292.0863323,0.0,1.0,-62.0
1777891292.0963323,-3.0,-4.0,-62.0
1777891292.1063323,0.0,-5.0,-65.0
1777891292.1163323,-1.0,-9.0,-73.0
1777891292.1263323,0.0,-3.0,-74.0
1777891292.1363325,0.0,3.0,-76.0
1777891292.1463325,-1.0,0.0,-76.0
1777891292.1563325,-3.0,1.0,-77.0
1777891292.1663325,-4.0,0.0,-78.0
1777891292.1763325,-2.0,1.0,-78.0
1777891292.1863325,2.0,-2.0,-74.0
1777891292.1963325,1.0,-2.0,-65.0
1777891292.2063324,-1.0,-2.0,-63.0
1777891292.2163324,1.0,-4.0,-60.0
1777891292.2263324,0.0,-2.0,-64.0
1777891292.2363324,1.0,1.0,-65.0
1777891292.2463324,0.0,-1.0,-74.0
1777891292.2563324,0.0,-4.0,-75.0
1777891292.2663324,4.0,-1.0,-72.0
1777891292.2763324,3.0,-2.0,-74.0
1777891292.2863324,7.0,-4.0,-74.0
1777891292.2963324,4.0,-3.0,-72.0
1777891292.3063323,-2.0,-5.0,-77.0
1777891292.3163323,-1.0,-5.0,-82.0
1777891292.3263323,3.0,-3.0,-75.0
1777891292.3363323,5.0,-6.0,-78.0
1777891292.3463323,4.0,-7.0,-84.0
1777891292.3563323,10.0,-4.0,-79.0
1777891292.3663323,5.0,-6.0,-77.0
1777891292.3763323,2.0,-5.0,-72.0
1777891292.3863325,1.0,-6.0,-71.0
1777891292.3963325,2.0,0.0,-69.0
1777891292.4063325,0.0,0.0,-67.0
1777891292.4163325,1.0,1.0,-69.0
1777891292.4263325,0.0,-1.0,-71.0
1777891292.4363325,-1.0,2.0,-73.0
1777891292.4463325,-3.0,1.0,-71.0
1777891292.4563324,0.0,-1.0,-72.0
1777891292.4663324,-6.0,-4.0,-69.0
1777891292.4763324,-6.0,-3.0,-67.0
1777891292.4863324,-2.0,0.0,-74.0
1777891292.4963324,-1.0,0.0,-82.0
1777891292.5063324,1.0,1.0,-83.0
1777891292.5163324,0.0,3.0,-83.0
1777891292.5263324,-1.0,1.0,-80.0
1777891292.5363324,-2.0,0.0,-74.0
1777891292.5463324,-1.0,3.0,-75.0
1777891292.5563323,-4.0,4.0,-78.0
1777891292.5663323,-3.0,4.0,-78.0
1777891292.5763323,-7.0,-1.0,-81.0
1777891292.5863323,-6.0,-1.0,-81.0
1777891292.5963323,-7.0,-1.0,-80.0
1777891292.6063323,-5.0,-3.0,-81.0
1777891292.6163323,-4.0,-3.0,-75.0
1777891292.6263323,-4.0,1.0,-78.0
1777891292.6363325,0.0,1.0,-80.0
1777891292.6463325,5.0,1.0,-81.0
1777891292.6563325,6.0,1.0,-79.0
1777891292.6663325,8.0,4.0,-74.0
1777891292.6763325,7.0,2.0,-79.0
1777891292.6863325,2.0,3.0,-72.0
1777891292.6963325,2.0,2.0,-71.0
1777891292.7063324,-3.0,2.0,-67.0
1777891292.7163324,0.0,3.0,-71.0
1777891292.7263324,3.0,5.0,-67.0
1777891292.7363324,5.0,3.0,-64.0
1777891292.7463324,5.0,0.0,-76.0
1777891292.7563324,10.0,3.0,-78.0
1777891292.7663324,4.0,2.0,-78.0
1777891292.7763324,2.0,0.0,-79.0
1777891292.7863324,1.0,-2.0,-74.0
1777891292.7963324,2.0,1.0,-82.0
1777891292.8063323,5.0,-2.0,-79.0
1777891292.8173325,3.0,-9.0,-71.0
1777891292.8273325,9.0,-8.0,-70.0
1777891292.8373325,7.0,-7.0,-68.0
1777891292.8473325,2.0,-6.0,-69.0
1777891292.8573325,0.0,-7.0,-70.0
1777891292.8673325,-4.0,-4.0,-68.0
1777891292.8773324,-2.0,-4.0,-71.0
1777891292.8873324,0.0,-7.0,-71.0
1777891292.8973324,5.0,-4.0,-62.0
1777891292.9073324,4.0,-3.0,-68.0
1777891292.9173324,0.0,0.0,-70.0
1777891292.9273324,-1.0,-2.0,-62.0
1777891292.9373324,-2.0,-2.0,-61.0
1777891292.9473324,-3.0,3.0,-61.0
1777891292.9573324,-2.0,3.0,-61.0
1777891292.9673324,1.0,0.0,-68.0
1777891292.9773324,4.0,1.0,-67.0
1777891292.9873323,8.0,-3.0,-67.0
1777891292.9973323,17.0,-2.0,-71.0
1777891293.0073323,13.0,2.0,-67.0
1777891293.0173323,13.0,3.0,-71.0
1777891293.0273323,14.0,0.0,-74.0
1777891293.0373323,9.0,0.0,-79.0
1777891293.0473323,5.0,0.0,-88.0
1777891293.0573325,4.0,0.0,-86.0
1777891293.0673325,4.0,0.0,-79.0
1777891293.0773325,5.0,-1.0,-77.0
1777891293.0873325,6.0,-1.0,-74.0
1777891293.0973325,9.0,0.0,-71.0
1777891293.1073325,9.0,1.0,-77.0
1777891293.1173325,6.0,0.0,-77.0
1777891293.1273324,1.0,0.0,-76.0
1777891293.1373324,-4.0,1.0,-71.0
1777891293.1473324,2.0,1.0,-72.0
1777891293.1573324,4.0,-2.0,-65.0
1777891293.1673324,6.0,-2.0,-66.0
1777891293.1773324,2.0,-6.0,-69.0
1777891293.1873324,-3.0,-2.0,-71.0
1777891293.1973324,-3.0,-6.0,-76.0
1777891293.2073324,-1.0,-1.0,-73.0
1777891293.2173324,0.0,-1.0,-68.0
1777891293.2273324,1.0,-1.0,-68.0
1777891293.2373323,0.0,-5.0,-70.0
1777891293.2473323,1.0,-4.0,-72.0
1777891293.2573323,0.0,0.0,-72.0
1777891293.2673323,-2.0,1.0,-73.0
1777891293.2773323,0.0,0.0,-68.0
1777891293.2873323,3.0,-1.0,-67.0
1777891293.2973323,1.0,0.0,-63.0
1777891293.3073325,1.0,-4.0,-60.0
1777891293.3173325,3.0,-6.0,-65.0
1777891293.3273325,0.0,-7.0,-65.0
1777891293.3373325,4.0,-1.0,-60.0
1777891293.3473325,1.0,0.0,-57.0
1777891293.3573325,-1.0,-1.0,-65.0
1777891293.3673325,0.0,-1.0,-72.0
1777891293.3773324,1.0,0.0,-73.0
1777891293.3873324,4.0,-3.0,-72.0
1777891293.3973324,3.0,-2.0,-68.0
1777891293.4073324,2.0,-2.0,-63.0
1777891293.4173324,-2.0,-4.0,-59.0
1777891293.4273324,-1.0,-1.0,-60.0
1777891293.4373324,3.0,0.0,-66.0
1777891293.4473324,9.0,-1.0,-69.0
1777891293.4573324,6.0,-2.0,-74.0
1777891293.4673324,0.0,0.0,-79.0
1777891293.4773324,3.0,-2.0,-80.0
1777891293.4873323,2.0,-3.0,-78.0
1777891293.4973323,0.0,-3.0,-80.0
1777891293.5073323,-2.0,0.0,-83.0
1777891293.5173323,-6.0,-1.0,-83.0
1777891293.5273323,-5.0,3.0,-83.0
1777891293.5373323,-6.0,2.0,-82.0
1777891293.5473323,-7.0,-1.0,-79.0
1777891293.5573325,-7.0,-3.0,-76.0
1777891293.5673325,-5.0,0.0,-72.0
1777891293.5773325,-7.0,1.0,-69.0
1777891293.5873325,-7.0,6.0,-71.0
1777891293.5973325,-3.0,3.0,-75.0
1777891293.6073325,0.0,0.0,-79.0
1777891293.6173325,-1.0,-1.0,-73.0
1777891293.6273324,-4.0,0.0,-75.0
1777891293.6373324,-1.0,-3.0,-71.0
1777891293.6473324,-1.0,-5.0,-74.0
1777891293.6573324,-2.0,-5.0,-69.0
1777891293.6673324,1.0,-4.0,-73.0
1777891293.6773324,2.0,-4.0,-68.0
1777891293.6873324,2.0,-5.0,-72.0
1777891293.6973324,1.0,-7.0,-71.0
1777891293.7073324,0.0,-5.0,-72.0
1777891293.7173324,0.0,-3.0,-67.0
1777891293.7273324,0.0,0.0,-73.0
1777891293.7373323,2.0,1.0,-75.0
1777891293.7473323,4.0,3.0,-80.0
1777891293.7573323,2.0,2.0,-78.0
1777891293.7673323,3.0,2.0,-74.0
1777891293.7773323,3.0,2.0,-70.0
1777891293.7873323,2.0,2.0,-73.0
1777891293.7973323,2.0,1.0,-81.0
1777891293.8073325,0.0,3.0,-78.0
1777891293.8173325,2.0,-2.0,-70.0
1777891293.8273325,0.0,-1.0,-73.0
1777891293.8373325,-1.0,0.0,-70.0
1777891293.8473325,0.0,0.0,-76.0
1777891293.8573325,0.0,4.0,-82.0
1777891293.8673325,-1.0,5.0,-81.0
1777891293.8773324,-3.0,4.0,-74.0
1777891293.8873324,-2.0,4.0,-75.0
1777891293.8973324,-4.0,1.0,-75.0
1777891293.9073324,-7.0,1.0,-78.0
1777891293.9173324,-4.0,5.0,-78.0
1777891293.9273324,0.0,4.0,-68.0
1777891293.9373324,4.0,1.0,-69.0
1777891293.9473324,8.0,0.0,-73.0
1777891293.9573324,5.0,-2.0,-74.0
1777891293.9673324,1.0,1.0,-78.0
1777891293.9773324,5.0,1.0,-75.0
1777891293.9873323,6.0,-1.0,-65.0
1777891293.9973323,8.0,-2.0,-62.0
1777891294.0073323,8.0,-6.0,-58.0
1777891294.0173323,4.0,-7.0,-59.0
1777891294.0273323,4.0,-8.0,-62.0
1777891294.0373323,5.0,-8.0,-70.0
1777891294.0473323,3.0,-11.0,-73.0
1777891294.0573325,5.0,-10.0,-79.0
1777891294.0673325,5.0,-9.0,-85.0
1777891294.0773325,5.0,-5.0,-83.0
1777891294.0873325,2.0,0.0,-81.0
1777891294.0973325,2.0,0.0,-79.0
1777891294.1073325,1.0,0.0,-79.0
1777891294.1173325,-1.0,0.0,-77.0
1777891294.1273324,-4.0,0.0,-77.0
1777891294.1373324,-3.0,0.0,-71.0
1777891294.1473324,-1.0,-2.0,-67.0
1777891294.1573324,1.0,-2.0,-66.0
1777891294.1673324,5.0,-1.0,-61.0
1777891294.1773324,1.0,-1.0,-67.0
1777891294.1873324,1.0,1.0,-67.0
1777891294.1973324,1.0,8.0,-64.0
1777891294.2073324,2.0,9.0,-58.0
1777891294.2173324,0.0,7.0,-59.0
1777891294.2273324,1.0,9.0,-55.0
1777891294.2373323,-1.0,2.0,-65.0
1777891294.2473323,0.0,0.0,-76.0
1777891294.2573323,-1.0,-3.0,-76.0
1777891294.2673323,-3.0,-5.0,-65.0
1777891294.2773323,0.0,-1.0,-63.0
1777891294.2873323,2.0,1.0,-69.0
1777891294.2973323,6.0,0.0,-75.0
1777891294.3073325,6.0,1.0,-74.0
1777891294.3173325,1.0,4.0,-78.0
1777891294.3273325,1.0,-1.0,-75.0
1777891294.3373325,3.0,-2.0,-72.0
1777891294.3473325,8.0,0.0,-69.0
1777891294.3573325,9.0,-3.0,-72.0
1777891294.3673325,5.0,-1.0,-76.0
1777891294.3773324,1.0,0.0,-79.0
1777891294.3873324,0.0,3.0,-75.0
1777891294.3973324,-1.0,3.0,-72.0
1777891294.4073324,0.0,3.0,-73.0
1777891294.4173324,4.0,5.0,-74.0
1777891294.4283323,5.0,2.0,-71.0
1777891294.4373324,6.0,2.0,-77.0
1777891294.4473324,7.0,1.0,-76.0
1777891294.4573324,3.0,0.0,-73.0
1777891294.4673324,0.0,3.0,-77.0
1777891294.4773324,0.0,3.0,-78.0
1777891294.4873323,3.0,-3.0,-74.0
1777891294.4973323,1.0,0.0,-73.0
1777891294.5073323,5.0,3.0,-72.0
1777891294.5173323,4.0,3.0,-68.0
1777891294.5273323,5.0,5.0,-65.0
1777891294.5373323,0.0,5.0,-67.0
1777891294.5473323,-1.0,6.0,-59.0
1777891294.5573325,0.0,6.0,-59.0
1777891294.5673325,-2.0,3.0,-61.0
1777891294.5773325,-3.0,-2.0,-66.0
1777891294.5873325,-2.0,-5.0,-68.0
1777891294.5973325,-2.0,-5.0,-72.0
1777891294.6073325,-1.0,-6.0,-79.0
1777891294.6173325,0.0,-4.0,-68.0
1777891294.6273324,-6.0,-7.0,-64.0
1777891294.6373324,-6.0,-8.0,-69.0
1777891294.6473324,-2.0,-6.0,-65.0
1777891294.6573324,-3.0,-3.0,-59.0
1777891294.6673324,3.0,1.0,-62.0
1777891294.6773324,-1.0,0.0,-68.0
1777891294.6873324,-4.0,-3.0,-66.0
1777891294.6973324,0.0,-2.0,-66.0
1777891294.7073324,0.0,-3.0,-68.0
1777891294.7173324,-1.0,0.0,-71.0
1777891294.7273324,-1.0,-3.0,-64.0
1777891294.7383325,0.0,-1.0,-63.0
1777891294.7473323,0.0,-2.0,-63.0
1777891294.7573323,-2.0,-3.0,-66.0
1777891294.7673323,-1.0,-3.0,-69.0
1777891294.7783325,1.0,-3.0,-67.0
1777891294.7873323,1.0,-2.0,-67.0
1777891294.7983325,1.0,-1.0,-71.0
1777891294.8083324,2.0,-4.0,-75.0
1777891294.8183324,5.0,-2.0,-73.0
1777891294.8283324,5.0,0.0,-68.0
1777891294.8383324,2.0,1.0,-67.0
1777891294.8483324,0.0,-4.0,-70.0
1777891294.8583324,0.0,-8.0,-67.0
1777891294.8683324,0.0,-13.0,-64.0
1777891294.8783324,-2.0,-12.0,-71.0
1777891294.8883324,-3.0,-11.0,-69.0
1777891294.8983324,-4.0,-9.0,-73.0
1777891294.9083323,0.0,-5.0,-73.0
1777891294.9183323,0.0,-6.0,-73.0
1777891294.9283323,-1.0,-6.0,-78.0
1777891294.9383323,2.0,-6.0,-79.0
1777891294.9483323,2.0,-3.0,-72.0
1777891294.9583323,0.0,0.0,-73.0
1777891294.9683323,4.0,-4.0,-74.0
1777891294.9783323,8.0,-3.0,-76.0
1777891294.9883325,2.0,-5.0,-73.0
1777891294.9983325,0.0,-5.0,-69.0
1777891295.0083325,-2.0,0.0,-71.0
1777891295.0183325,-2.0,1.0,-72.0
1777891295.0283325,0.0,3.0,-75.0
1777891295.0383325,2.0,2.0,-77.0
1777891295.0483325,3.0,2.0,-69.0
1777891295.0583324,1.0,0.0,-69.0
1777891295.0683324,2.0,0.0,-68.0
1777891295.0783324,5.0,1.0,-73.0
1777891295.0883324,5.0,0.0,-71.0
1777891295.0983324,4.0,3.0,-71.0
1777891295.1083324,5.0,7.0,-67.0
1777891295.1183324,6.0,4.0,-64.0
1777891295.1283324,3.0,3.0,-67.0
1777891295.1383324,0.0,1.0,-70.0
1777891295.1483324,0.0,-2.0,-61.0
1777891295.1583323,2.0,-3.0,-59.0
1777891295.1683323,1.0,-2.0,-59.0
1777891295.1783323,0.0,-2.0,-56.0
1777891295.1883323,2.0,0.0,-60.0
1777891295.1983323,0.0,-2.0,-56.0
1777891295.2083323,0.0,1.0,-62.0
1777891295.2183323,2.0,1.0,-66.0
1777891295.2283323,4.0,-3.0,-67.0
1777891295.2383325,2.0,-2.0,-69.0
1777891295.2483325,-2.0,0.0,-73.0
1777891295.2583325,-2.0,0.0,-70.0
1777891295.2683325,0.0,-1.0,-73.0
1777891295.2783325,-3.0,0.0,-79.0
1777891295.2883325,-2.0,0.0,-82.0
1777891295.2983325,-5.0,-3.0,-81.0
1777891295.3083324,-5.0,-1.0,-78.0
1777891295.3183324,-4.0,-1.0,-80.0
1777891295.3283324,-4.0,0.0,-79.0
1777891295.3383324,-1.0,-1.0,-81.0
1777891295.3483324,-1.0,1.0,-71.0
1777891295.3583324,-1.0,1.0,-69.0
1777891295.3683324,-1.0,5.0,-71.0
1777891295.3783324,0.0,7.0,-75.0
1777891295.3883324,-4.0,8.0,-84.0
1777891295.3983324,-4.0,5.0,-86.0
1777891295.4083323,0.0,5.0,-86.0
1777891295.4183323,0.0,2.0,-87.0
1777891295.4283323,0.0,-1.0,-87.0
1777891295.4383323,3.0,1.0,-79.0
1777891295.4483323,0.0,2.0,-73.0
1777891295.4583323,-2.0,-1.0,-71.0
1777891295.4683323,0.0,0.0,-69.0
1777891295.4783323,-1.0,-1.0,-70.0
1777891295.4883325,0.0,5.0,-69.0
1777891295.4983325,0.0,2.0,-71.0
1777891295.5083325,2.0,4.0,-76.0
1777891295.5183325,-1.0,3.0,-82.0
1777891295.5283325,-4.0,-1.0,-77.0
1777891295.5383325,-7.0,0.0,-73.0
1777891295.5483325,-3.0,-6.0,-79.0
1777891295.5583324,-1.0,-6.0,-81.0
1777891295.5683324,0.0,-6.0,-77.0
1777891295.5783324,0.0,-7.0,-76.0
1777891295.5883324,1.0,-4.0,-73.0
1777891295.5983324,4.0,-5.0,-74.0
1777891295.6083324,2.0,-8.0,-75.0
1777891295.6183324,0.0,-7.0,-78.0
1777891295.6283324,0.0,-3.0,-78.0
1777891295.6383324,-1.0,-4.0,-75.0
1777891295.6483324,0.0,0.0,-71.0
1777891295.6583323,0.0,-1.0,-70.0
1777891295.6683323,0.0,2.0,-71.0
1777891295.6783323,2.0,5.0,-77.0
1777891295.6883323,7.0,6.0,-79.0
1777891295.6983323,4.0,2.0,-77.0
1777891295.7083323,2.0,1.0,-81.0
1777891295.7183323,-6.0,-2.0,-84.0
1777891295.7283323,-4.0,-5.0,-79.0
1777891295.7383325,-2.0,-6.0,-82.0
1777891295.7483325,-1.0,-3.0,-84.0
1777891295.7583325,-3.0,-2.0,-80.0
1777891295.7683325,0.0,0.0,-80.0
1777891295.7783325,0.0,-1.0,-80.0
1777891295.7883325,0.0,-2.0,-79.0
1777891295.7983325,3.0,0.0,-78.0
1777891295.8083324,2.0,0.0,-73.0
1777891295.8183324,0.0,1.0,-71.0
1777891295.8283324,0.0,0.0,-74.0
1777891295.8383324,0.0,-3.0,-72.0
1777891295.8483324,-1.0,0.0,-73.0
1777891295.8583324,-6.0,-3.0,-78.0
1777891295.8683324,-2.0,-5.0,-74.0
1777891295.8783324,1.0,-8.0,-71.0
1777891295.8883324,6.0,-4.0,-69.0
1777891295.8983324,2.0,-4.0,-68.0
1777891295.9083323,5.0,0.0,-71.0
1777891295.9183323,5.0,3.0,-71.0
1777891295.9283323,6.0,-1.0,-69.0
1777891295.9383323,2.0,-6.0,-70.0
1777891295.9483323,-2.0,-2.0,-69.0
1777891295.9583323,1.0,0.0,-73.0
1777891295.9683323,0.0,0.0,-68.0
1777891295.9783323,0.0,-1.0,-64.0
1777891295.9883325,2.0,-4.0,-57.0
1777891295.9983325,2.0,-5.0,-54.0
1777891296.0083325,0.0,-10.0,-52.0
1777891296.0183325,2.0,-8.0,-53.0
1777891296.0283325,4.0,-3.0,-57.0
1777891296.0383325,6.0,-6.0,-62.0
1777891296.0483325,0.0,-6.0,-69.0
1777891296.0583324,1.0,-8.0,-75.0
1777891296.0683324,0.0,-7.0,-73.0
1777891296.0783324,-3.0,-6.0,-71.0
1777891296.0883324,-4.0,-7.0,-68.0
1777891296.0983324,-2.0,-4.0,-75.0
1777891296.1083324,0.0,0.0,-73.0
1777891296.1183324,3.0,0.0,-73.0
1777891296.1283324,6.0,3.0,-83.0
1777891296.1383324,5.0,6.0,-79.0
1777891296.1483324,2.0,11.0,-77.0
1777891296.1583323,6.0,10.0,-78.0
1777891296.1683323,5.0,10.0,-79.0
1777891296.1783323,3.0,9.0,-82.0
1777891296.1883323,3.0,3.0,-80.0
1777891296.1983323,6.0,6.0,-79.0
1777891296.2083323,6.0,5.0,-69.0
1777891296.2183323,5.0,7.0,-61.0
1777891296.2283323,4.0,7.0,-71.0
1777891296.2383325,4.0,7.0,-67.0
1777891296.2483325,2.0,8.0,-75.0
1777891296.2583325,1.0,4.0,-79.0
1777891296.2683325,2.0,0.0,-82.0
1777891296.2783325,-1.0,-2.0,-77.0
1777891296.2883325,-2.0,-1.0,-72.0
1777891296.2983325,-3.0,2.0,-69.0
1777891296.3083324,-2.0,6.0,-69.0
1777891296.3183324,-5.0,8.0,-69.0
1777891296.3283324,-5.0,8.0,-70.0
1777891296.3383324,-2.0,14.0,-72.0
1777891296.3483324,-3.0,8.0,-77.0
1777891296.3583324,-1.0,2.0,-75.0
1777891296.3683324,-3.0,2.0,-70.0
1777891296.3783324,-8.0,3.0,-68.0
1777891296.3883324,-9.0,3.0,-69.0
1777891296.3983324,-8.0,4.0,-71.0
1777891296.4083323,-5.0,3.0,-67.0
1777891296.4183323,-2.0,2.0,-68.0
1777891296.4283323,-4.0,3.0,-64.0
1777891296.4383323,-6.0,0.0,-70.0
1777891296.4483323,-7.0,0.0,-70.0
1777891296.4583323,-2.0,2.0,-69.0
1777891296.4683323,-3.0,0.0,-70.0
1777891296.4783323,-6.0,1.0,-66.0
1777891296.4883325,-3.0,0.0,-67.0
1777891296.4983325,-1.0,2.0,-71.0
1777891296.5083325,4.0,5.0,-68.0
1777891296.5183325,3.0,1.0,-71.0
1777891296.5283325,3.0,-3.0,-72.0
1777891296.5383325,4.0,-4.0,-74.0
1777891296.5483325,3.0,-2.0,-77.0
1777891296.5583324,3.0,-3.0,-72.0
1777891296.5683324,3.0,-2.0,-71.0
1777891296.5783324,5.0,-1.0,-72.0
1777891296.5883324,6.0,1.0,-73.0
1777891296.5983324,7.0,0.0,-73.0
1777891296.6083324,5.0,2.0,-74.0
1777891296.6183324,2.0,2.0,-74.0
1777891296.6283324,3.0,0.0,-71.0
1777891296.6383324,0.0,2.0,-71.0
1777891296.6483324,0.0,-2.0,-68.0
1777891296.6583323,0.0,0.0,-65.0
1777891296.6683323,1.0,0.0,-68.0
1777891296.6783323,5.0,2.0,-73.0
1777891296.6883323,4.0,0.0,-75.0
1777891296.6983323,2.0,-2.0,-72.0
1777891296.7083323,0.0,-1.0,-73.0
1777891296.7183323,0.0,-2.0,-77.0
1777891296.7283323,3.0,-4.0,-74.0
1777891296.7383325,0.0,-2.0,-71.0
1777891296.7493324,-3.0,0.0,-73.0
1777891296.7593324,0.0,3.0,-75.0
1777891296.7693324,2.0,8.0,-73.0
1777891296.7793324,2.0,9.0,-72.0
1777891296.7893324,0.0,11.0,-74.0
1777891296.7993324,1.0,10.0,-71.0
1777891296.8093324,3.0,8.0,-67.0
1777891296.8193324,3.0,9.0,-64.0
1777891296.8293324,0.0,8.0,-60.0
1777891296.8393323,0.0,2.0,-58.0
1777891296.8493323,-2.0,5.0,-64.0
1777891296.8593323,-8.0,6.0,-65.0
1777891296.8693323,-5.0,5.0,-65.0
1777891296.8793323,-5.0,1.0,-61.0
1777891296.8893323,-4.0,-1.0,-63.0
1777891296.8993323,0.0,-3.0,-75.0
1777891296.9093325,-3.0,-1.0,-71.0
1777891296.9193325,-4.0,2.0,-69.0
1777891296.9293325,-4.0,3.0,-72.0
1777891296.9393325,-5.0,7.0,-65.0
1777891296.9493325,-6.0,5.0,-63.0
1777891296.9593325,-10.0,2.0,-56.0
1777891296.9693325,-9.0,1.0,-61.0
1777891296.9793324,-5.0,0.0,-62.0
1777891296.9893324,-3.0,2.0,-68.0
1777891296.9993324,-3.0,6.0,-71.0
1777891297.0093324,-6.0,5.0,-67.0
1777891297.0193324,-5.0,6.0,-62.0
1777891297.0293324,-3.0,6.0,-66.0
1777891297.0393324,-4.0,2.0,-69.0
1777891297.0493324,0.0,-3.0,-75.0
1777891297.0593324,3.0,0.0,-72.0
1777891297.0693324,3.0,1.0,-72.0
1777891297.0793324,4.0,-1.0,-73.0
1777891297.0893323,3.0,0.0,-75.0
1777891297.0993323,1.0,0.0,-76.0
1777891297.1093323,-1.0,-2.0,-74.0
1777891297.1193323,-4.0,-1.0,-80.0
1777891297.1293323,-1.0,-1.0,-72.0
1777891297.1393323,2.0,-4.0,-75.0
1777891297.1493323,2.0,-4.0,-77.0
1777891297.1593325,4.0,-5.0,-75.0
1777891297.1693325,7.0,-8.0,-80.0
1777891297.1793325,7.0,-8.0,-74.0
1777891297.1893325,13.0,-8.0,-67.0
1777891297.1993325,13.0,-5.0,-66.0
1777891297.2093325,9.0,-4.0,-66.0
1777891297.2193325,5.0,-1.0,-70.0
1777891297.2293324,4.0,0.0,-72.0
1777891297.2393324,4.0,0.0,-69.0
1777891297.2493324,0.0,1.0,-75.0
1777891297.2593324,0.0,3.0,-79.0
1777891297.2693324,1.0,1.0,-80.0
1777891297.2793324,2.0,1.0,-81.0
1777891297.2893324,3.0,1.0,-79.0
1777891297.2993324,1.0,2.0,-82.0
1777891297.3093324,-2.0,1.0,-81.0
1777891297.3193324,-3.0,-2.0,-77.0
1777891297.3293324,3.0,-2.0,-68.0
1777891297.3393323,4.0,-2.0,-70.0
1777891297.3493323,5.0,-4.0,-70.0
1777891297.3593323,1.0,0.0,-71.0
1777891297.3693323,0.0,1.0,-69.0
1777891297.3793323,0.0,2.0,-71.0
1777891297.3893323,3.0,0.0,-76.0
1777891297.3993323,2.0,0.0,-75.0
1777891297.4093325,0.0,0.0,-73.0
1777891297.4193325,-3.0,3.0,-72.0
1777891297.4293325,-3.0,4.0,-75.0
1777891297.4393325,-4.0,4.0,-75.0
1777891297.4493325,1.0,4.0,-74.0
1777891297.4593325,0.0,2.0,-77.0
1777891297.4693325,-3.0,0.0,-86.0
1777891297.4793324,-3.0,-4.0,-91.0
1777891297.4893324,3.0,-10.0,-87.0
1777891297.4993324,5.0,-8.0,-81.0
1777891297.5093324,4.0,-5.0,-79.0
1777891297.5193324,6.0,-5.0,-80.0
1777891297.5293324,10.0,-4.0,-80.0
1777891297.5393324,5.0,-2.0,-75.0
1777891297.5493324,4.0,-4.0,-71.0
1777891297.5593324,9.0,-4.0,-71.0
1777891297.5693324,8.0,-7.0,-71.0
1777891297.5793324,8.0,-4.0,-71.0
1777891297.5893323,9.0,-6.0,-74.0
1777891297.5993323,7.0,-5.0,-71.0
1777891297.6093323,11.0,-4.0,-69.0
1777891297.6193323,8.0,-5.0,-65.0
1777891297.6293323,4.0,-9.0,-69.0
1777891297.6393323,4.0,-9.0,-76.0
1777891297.6493323,7.0,-8.0,-77.0
1777891297.6593325,4.0,-5.0,-74.0
1777891297.6693325,3.0,0.0,-77.0
1777891297.6793325,0.0,3.0,-80.0
1777891297.6893325,0.0,5.0,-81.0
1777891297.6993325,-1.0,2.0,-84.0
1777891297.7093325,-3.0,1.0,-78.0
1777891297.7193325,-3.0,-3.0,-76.0
1777891297.7293324,-4.0,0.0,-74.0
1777891297.7393324,-3.0,2.0,-75.0
1777891297.7493324,0.0,-4.0,-75.0
1777891297.7593324,0.0,-5.0,-68.0
1777891297.7693324,3.0,-4.0,-66.0
1777891297.7793324,6.0,-4.0,-66.0
1777891297.7893324,6.0,-3.0,-72.0
1777891297.7993324,6.0,-4.0,-76.0
1777891297.8093324,4.0,-8.0,-73.0
1777891297.8193324,2.0,-5.0,-69.0
1777891297.8293324,6.0,-2.0,-61.0
1777891297.8393323,10.0,-1.0,-68.0
1777891297.8493323,10.0,1.0,-72.0
1777891297.8593323,8.0,-1.0,-72.0
1777891297.8693323,2.0,0.0,-66.0
1777891297.8793323,7.0,0.0,-71.0
1777891297.8893323,4.0,1.0,-69.0
1777891297.8993323,6.0,0.0,-75.0
1777891297.9093325,4.0,2.0,-81.0
1777891297.9193325,4.0,2.0,-88.0
1777891297.9293325,6.0,0.0,-84.0
1777891297.9393325,8.0,0.0,-79.0
1777891297.9493325,9.0,2.0,-82.0
1777891297.9593325,5.0,3.0,-74.0
1777891297.9693325,8.0,1.0,-69.0
1777891297.9793324,6.0,2.0,-73.0
1777891297.9893324,7.0,5.0,-73.0
1777891297.9993324,4.0,3.0,-75.0
1777891298.0093324,3.0,-1.0,-75.0
1777891298.0193324,2.0,-1.0,-77.0
1777891298.0293324,3.0,-3.0,-82.0
1777891298.0393324,0.0,-5.0,-83.0
1777891298.0493324,5.0,-1.0,-83.0
1777891298.0593324,12.0,2.0,-84.0
1777891298.0693324,5.0,0.0,-88.0
1777891298.0793324,6.0,-2.0,-88.0
1777891298.0893323,8.0,-5.0,-88.0
1777891298.0993323,3.0,-7.0,-83.0
1777891298.1093323,0.0,-4.0,-74.0
1777891298.1193323,1.0,-1.0,-68.0
1777891298.1293323,5.0,3.0,-77.0
1777891298.1393323,4.0,0.0,-81.0
1777891298.1493323,1.0,1.0,-79.0
1777891298.1593325,2.0,4.0,-77.0
1777891298.1693325,2.0,5.0,-70.0
1777891298.1793325,4.0,8.0,-73.0
1777891298.1893325,4.0,1.0,-77.0
1777891298.1993325,5.0,1.0,-82.0
1777891298.2093325,3.0,1.0,-82.0
1777891298.2193325,3.0,1.0,-81.0
1777891298.2293324,8.0,5.0,-75.0
1777891298.2393324,7.0,4.0,-76.0
1777891298.2493324,5.0,4.0,-86.0
1777891298.2593324,6.0,3.0,-83.0
1777891298.2693324,0.0,0.0,-80.0
1777891298.2793324,0.0,2.0,-81.0
1777891298.2893324,0.0,1.0,-85.0
1777891298.2993324,1.0,-1.0,-81.0
1777891298.3093324,-2.0,-3.0,-77.0
1777891298.3193324,-4.0,-2.0,-64.0
1777891298.3293324,0.0,-3.0,-65.0
1777891298.3393323,-1.0,-3.0,-66.0
1777891298.3493323,-3.0,-2.0,-71.0
1777891298.3593323,-2.0,-7.0,-72.0
1777891298.3693323,0.0,-5.0,-71.0
1777891298.3793323,4.0,-5.0,-69.0
1777891298.3893323,1.0,-2.0,-74.0
1777891298.3993323,5.0,-3.0,-68.0
1777891298.4093325,5.0,0.0,-72.0
1777891298.4193325,0.0,0.0,-74.0
1777891298.4293325,-2.0,0.0,-69.0
1777891298.4393325,-2.0,0.0,-69.0
1777891298.4493325,0.0,-3.0,-69.0
1777891298.4593325,1.0,-4.0,-64.0
1777891298.4693325,1.0,-8.0,-64.0
1777891298.4793324,2.0,-11.0,-67.0
1777891298.4893324,-2.0,-5.0,-76.0
1777891298.4993324,-4.0,-5.0,-76.0
1777891298.5093324,-4.0,-6.0,-75.0
1777891298.5193324,-6.0,-4.0,-72.0
1777891298.5293324,-7.0,-3.0,-69.0
1777891298.5393324,-9.0,0.0,-67.0
1777891298.5493324,-4.0,0.0,-67.0
1777891298.5593324,1.0,0.0,-64.0
1777891298.5693324,2.0,0.0,-66.0
1777891298.5793324,2.0,0.0,-67.0
1777891298.5893323,-1.0,-2.0,-63.0
1777891298.5993323,-9.0,-5.0,-66.0
1777891298.6093323,-8.0,-2.0,-67.0
1777891298.6193323,-6.0,-2.0,-65.0
1777891298.6293323,0.0,-1.0,-67.0
1777891298.6393323,-2.0,0.0,-67.0
1777891298.6493323,-4.0,-1.0,-73.0
1777891298.6593325,-4.0,-4.0,-82.0
1777891298.6693325,0.0,-3.0,-82.0
1777891298.6793325,-1.0,0.0,-75.0
1777891298.6893325,0.0,-1.0,-73.0
1777891298.6993325,-1.0,0.0,-70.0
1777891298.7093325,-5.0,1.0,-63.0
1777891298.7193325,-6.0,-1.0,-65.0
1777891298.7293324,-2.0,0.0,-72.0
1777891298.7393324,6.0,5.0,-71.0
1777891298.7493324,3.0,4.0,-73.0
1777891298.7603323,0.0,8.0,-70.0
1777891298.7703323,2.0,7.0,-71.0
1777891298.7803323,7.0,9.0,-71.0
1777891298.7893324,6.0,9.0,-70.0
1777891298.8003323,4.0,8.0,-73.0
1777891298.8103323,8.0,4.0,-77.0
1777891298.8203323,3.0,6.0,-78.0
1777891298.8303325,2.0,1.0,-76.0
1777891298.8403325,1.0,-2.0,-72.0
1777891298.8503325,7.0,-3.0,-72.0
1777891298.8603325,8.0,-3.0,-69.0
1777891298.8703325,8.0,-4.0,-71.0
1777891298.8803325,7.0,1.0,-73.0
1777891298.8903325,6.0,-1.0,-75.0
1777891298.9003325,3.0,-1.0,-74.0
1777891298.9103324,-1.0,0.0,-82.0
1777891298.9203324,2.0,-2.0,-81.0
1777891298.9303324,0.0,-8.0,-83.0
1777891298.9403324,1.0,-6.0,-83.0
1777891298.9503324,2.0,-3.0,-81.0
1777891298.9603324,1.0,0.0,-74.0
1777891298.9703324,-3.0,0.0,-74.0
1777891298.9803324,-5.0,0.0,-73.0
1777891298.9903324,-3.0,-1.0,-75.0
1777891299.0003324,-4.0,2.0,-83.0
1777891299.0103323,-2.0,5.0,-83.0
1777891299.0203323,-3.0,3.0,-85.0
1777891299.0303323,-1.0,1.0,-81.0
1777891299.0403323,-6.0,-2.0,-86.0
1777891299.0503323,-5.0,0.0,-79.0
1777891299.0603323,0.0,-2.0,-81.0
1777891299.0703323,-5.0,-5.0,-85.0
1777891299.0803325,-7.0,-6.0,-80.0
1777891299.0903325,-3.0,-5.0,-78.0
1777891299.1003325,2.0,-4.0,-76.0
1777891299.1103325,0.0,-6.0,-69.0
1777891299.1203325,0.0,-5.0,-71.0
1777891299.1303325,0.0,-4.0,-75.0
1777891299.1403325,1.0,-2.0,-75.0
1777891299.1503325,0.0,-4.0,-70.0
1777891299.1603324,-1.0,-5.0,-73.0
1777891299.1703324,-3.0,-5.0,-74.0
1777891299.1803324,-9.0,-1.0,-72.0
1777891299.1903324,-8.0,0.0,-73.0
1777891299.2003324,-5.0,0.0,-70.0
1777891299.2103324,0.0,0.0,-77.0
1777891299.2203324,2.0,1.0,-86.0
1777891299.2303324,0.0,1.0,-90.0
1777891299.2403324,0.0,2.0,-86.0
1777891299.2503324,-2.0,6.0,-77.0
1777891299.2603323,2.0,3.0,-78.0
1777891299.2703323,3.0,0.0,-76.0
1777891299.2803323,4.0,3.0,-75.0
1777891299.2903323,7.0,3.0,-65.0
1777891299.3003323,4.0,2.0,-67.0
1777891299.3103323,1.0,2.0,-73.0
1777891299.3203323,6.0,0.0,-69.0
1777891299.3303325,0.0,0.0,-66.0
1777891299.3403325,-3.0,1.0,-73.0
1777891299.3503325,-2.0,0.0,-75.0
1777891299.3603325,-2.0,0.0,-73.0
1777891299.3703325,-1.0,1.0,-70.0
1777891299.3803325,-10.0,2.0,-66.0
1777891299.3903325,-7.0,0.0,-69.0
1777891299.4003325,-8.0,-1.0,-76.0
1777891299.4103324,-6.0,-1.0,-73.0
1777891299.4203324,-6.0,0.0,-70.0
1777891299.4303324,-6.0,-2.0,-73.0
1777891299.4403324,-9.0,-4.0,-72.0
1777891299.4503324,-10.0,0.0,-74.0
1777891299.4603324,-9.0,0.0,-75.0
1777891299.4703324,-7.0,-7.0,-75.0
1777891299.4803324,-5.0,-4.0,-66.0
1777891299.4903324,-4.0,1.0,-73.0
1777891299.5003324,-1.0,0.0,-80.0
1777891299.5103323,1.0,3.0,-76.0
1777891299.5203323,5.0,1.0,-81.0
1777891299.5303323,7.0,0.0,-82.0
1777891299.5403323,13.0,-1.0,-77.0
1777891299.5503323,7.0,-2.0,-80.0
1777891299.5603323,7.0,-4.0,-78.0
1777891299.5703323,4.0,-3.0,-67.0
1777891299.5803325,9.0,-1.0,-61.0
1777891299.5903325,3.0,-4.0,-70.0
1777891299.6003325,6.0,-3.0,-72.0
1777891299.6103325,2.0,0.0,-79.0
1777891299.6203325,-2.0,0.0,-78.0
1777891299.6303325,-1.0,2.0,-78.0
1777891299.6403325,1.0,5.0,-72.0
1777891299.6503325,-1.0,6.0,-71.0
1777891299.6603324,-3.0,4.0,-78.0
1777891299.6703324,0.0,0.0,-77.0
1777891299.6803324,0.0,-3.0,-75.0
1777891299.6903324,4.0,-5.0,-75.0
1777891299.7003324,5.0,-7.0,-78.0
1777891299.7103324,7.0,-7.0,-77.0
1777891299.7203324,5.0,-8.0,-73.0
1777891299.7303324,5.0,-6.0,-78.0
1777891299.7403324,4.0,-5.0,-73.0
1777891299.7503324,-2.0,0.0,-68.0
1777891299.7603323,-8.0,2.0,-65.0
1777891299.7703323,-7.0,0.0,-67.0
1777891299.7803323,-4.0,2.0,-68.0
1777891299.7903323,1.0,1.0,-68.0
1777891299.8003323,2.0,-5.0,-71.0
1777891299.8103323,2.0,-5.0,-77.0
1777891299.8203323,1.0,-3.0,-80.0
1777891299.8303325,5.0,-4.0,-78.0
1777891299.8403325,2.0,-3.0,-73.0
1777891299.8503325,0.0,1.0,-74.0
1777891299.8603325,0.0,3.0,-72.0
1777891299.8703325,0.0,3.0,-71.0
1777891299.8803325,0.0,0.0,-64.0
1777891299.8903325,2.0,-3.0,-69.0
1777891299.9003325,1.0,-2.0,-66.0
1777891299.9103324,2.0,0.0,-69.0
1777891299.9203324,-1.0,0.0,-66.0
1777891299.9303324,0.0,0.0,-67.0
1777891299.9403324,1.0,4.0,-73.0
1777891299.9503324,0.0,4.0,-74.0
1777891299.9603324,3.0,2.0,-79.0
1777891299.9703324,5.0,3.0,-85.0
1777891299.9803324,6.0,3.0,-80.0
1777891299.9903324,7.0,3.0,-81.0
1777891300.0003324,7.0,1.0,-79.0
1777891300.0103323,4.0,5.0,-80.0
1777891300.0203323,6.0,6.0,-77.0
1777891300.0303323,10.0,6.0,-76.0
1777891300.0403323,11.0,3.0,-68.0
1777891300.0503323,14.0,3.0,-67.0
1777891300.0603323,7.0,0.0,-72.0
1777891300.0703323,4.0,-3.0,-73.0
1777891300.0803325,7.0,2.0,-74.0
1777891300.0903325,6.0,2.0,-71.0
1777891300.1003325,4.0,0.0,-79.0
1777891300.1103325,6.0,0.0,-77.0
1777891300.1203325,5.0,0.0,-74.0
1777891300.1303325,3.0,0.0,-74.0
1777891300.1403325,5.0,1.0,-76.0
1777891300.1503325,6.0,2.0,-76.0
1777891300.1603324,7.0,0.0,-73.0
1777891300.1703324,4.0,0.0,-74.0
1777891300.1803324,0.0,-2.0,-78.0
1777891300.1903324,4.0,0.0,-80.0
1777891300.2003324,1.0,-3.0,-79.0
1777891300.2103324,0.0,0.0,-80.0
1777891300.2203324,0.0,-1.0,-79.0
1777891300.2303324,0.0,0.0,-82.0
1777891300.2403324,0.0,0.0,-84.0
1777891300.2503324,-1.0,-3.0,-80.0
1777891300.2603323,-2.0,-4.0,-76.0
1777891300.2703323,-4.0,-6.0,-72.0
1777891300.2803323,-7.0,-4.0,-69.0
1777891300.2903323,-8.0,-3.0,-69.0
1777891300.3003323,-10.0,-2.0,-71.0
1777891300.3103323,-5.0,0.0,-72.0
1777891300.3203323,-4.0,2.0,-72.0
1777891300.3303325,-1.0,6.0,-72.0
1777891300.3403325,1.0,5.0,-73.0
1777891300.3503325,2.0,3.0,-66.0
1777891300.3603325,6.0,3.0,-61.0
1777891300.3703325,6.0,1.0,-60.0
1777891300.3803325,3.0,4.0,-61.0
1777891300.3903325,0.0,7.0,-68.0
1777891300.4003325,-5.0,7.0,-70.0
1777891300.4103324,-3.0,9.0,-74.0
1777891300.4203324,0.0,7.0,-82.0
1777891300.4303324,0.0,5.0,-77.0
1777891300.4403324,6.0,4.0,-73.0
1777891300.4503324,4.0,0.0,-74.0
1777891300.4603324,4.0,1.0,-72.0
1777891300.4703324,0.0,1.0,-66.0
1777891300.4803324,1.0,6.0,-66.0
1777891300.4903324,2.0,7.0,-69.0
1777891300.5003324,-1.0,4.0,-64.0
1777891300.5103323,-5.0,3.0,-59.0
1777891300.5203323,-5.0,1.0,-61.0
1777891300.5303323,0.0,0.0,-68.0
1777891300.5403323,2.0,0.0,-69.0
1777891300.5503323,4.0,0.0,-76.0
1777891300.5603323,3.0,0.0,-73.0
1777891300.5703323,5.0,-1.0,-73.0
1777891300.5803325,4.0,-2.0,-65.0
1777891300.5903325,0.0,-3.0,-69.0
1777891300.6003325,0.0,3.0,-72.0
1777891300.6103325,-5.0,6.0,-77.0
1777891300.6203325,-2.0,5.0,-76.0
1777891300.6303325,-1.0,6.0,-75.0
1777891300.6403325,-3.0,6.0,-74.0
1777891300.6503325,-1.0,3.0,-74.0
1777891300.6603324,2.0,0.0,-71.0
1777891300.6703324,-1.0,0.0,-63.0
1777891300.6803324,-4.0,3.0,-61.0
1777891300.6913323,-4.0,2.0,-56.0
1777891300.7003324,-1.0,0.0,-53.0
1777891300.7113323,5.0,0.0,-56.0
1777891300.7203324,7.0,-2.0,-59.0
1777891300.7303324,9.0,-2.0,-62.0
1777891300.7413323,2.0,-3.0,-66.0
1777891300.7513323,1.0,-1.0,-67.0
1777891300.7613325,1.0,-1.0,-66.0
1777891300.7713325,5.0,2.0,-69.0
1777891300.7813325,1.0,1.0,-73.0
1777891300.7913325,-3.0,1.0,-70.0
1777891300.8013325,-5.0,1.0,-69.0
1777891300.8113325,-4.0,1.0,-68.0
1777891300.8213325,-6.0,1.0,-69.0
1777891300.8313324,-3.0,2.0,-71.0
1777891300.8413324,-1.0,3.0,-73.0
1777891300.8513324,0.0,1.0,-77.0
1777891300.8613324,0.0,-4.0,-77.0
1777891300.8713324,3.0,-4.0,-74.0
1777891300.8813324,4.0,-4.0,-75.0
1777891300.8913324,7.0,-4.0,-71.0
1777891300.9013324,6.0,0.0,-69.0
1777891300.9113324,4.0,4.0,-64.0
1777891300.9213324,4.0,4.0,-67.0
1777891300.9313323,7.0,8.0,-68.0
1777891300.9413323,9.0,7.0,-70.0
1777891300.9513323,6.0,5.0,-64.0
1777891300.9613323,5.0,5.0,-62.0
1777891300.9713323,1.0,3.0,-66.0
1777891300.9813323,4.0,7.0,-68.0
1777891300.9913323,5.0,2.0,-68.0
1777891301.0013323,6.0,2.0,-69.0
1777891301.0113325,3.0,0.0,-68.0
1777891301.0213325,-2.0,-4.0,-68.0
1777891301.0313325,-1.0,-4.0,-68.0
1777891301.0413325,-2.0,0.0,-70.0
1777891301.0513325,-1.0,0.0,-67.0
1777891301.0613325,0.0,0.0,-74.0
1777891301.0713325,-1.0,2.0,-79.0
1777891301.0813324,-1.0,0.0,-74.0
1777891301.0913324,2.0,-3.0,-75.0
1777891301.1013324,3.0,-4.0,-76.0
1777891301.1113324,1.0,-4.0,-74.0
1777891301.1213324,-3.0,0.0,-73.0
1777891301.1313324,-1.0,0.0,-76.0
1777891301.1413324,-3.0,1.0,-78.0
1777891301.1513324,-2.0,-2.0,-82.0
1777891301.1613324,3.0,-4.0,-78.0
1777891301.1713324,7.0,0.0,-73.0
1777891301.1813323,6.0,3.0,-77.0
1777891301.1913323,1.0,3.0,-73.0
1777891301.2013323,3.0,1.0,-77.0
1777891301.2113323,2.0,0.0,-74.0
1777891301.2213323,0.0,3.0,-74.0
1777891301.2313323,-4.0,1.0,-77.0
1777891301.2413323,-2.0,2.0,-74.0
1777891301.2513323,-1.0,1.0,-76.0
1777891301.2613325,1.0,0.0,-79.0
1777891301.2713325,3.0,0.0,-74.0
1777891301.2813325,8.0,0.0,-71.0
1777891301.2913325,6.0,-1.0,-69.0
1777891301.3013325,7.0,-2.0,-71.0
1777891301.3113325,4.0,-4.0,-71.0
1777891301.3213325,1.0,-3.0,-69.0
1777891301.3313324,2.0,-2.0,-67.0
1777891301.3413324,1.0,-5.0,-71.0
1777891301.3513324,4.0,-5.0,-83.0
1777891301.3613324,3.0,-6.0,-73.0
1777891301.3713324,3.0,-5.0,-75.0
1777891301.3813324,2.0,-3.0,-71.0
1777891301.3913324,6.0,0.0,-61.0
1777891301.4013324,4.0,-3.0,-64.0
1777891301.4113324,3.0,-3.0,-62.0
1777891301.4213324,0.0,-2.0,-65.0
1777891301.4313323,-1.0,3.0,-73.0
1777891301.4413323,-2.0,1.0,-70.0
1777891301.4513323,-1.0,3.0,-71.0
1777891301.4613323,4.0,2.0,-69.0
1777891301.4713323,1.0,4.0,-70.0
1777891301.4813323,0.0,4.0,-68.0
1777891301.4913323,1.0,6.0,-73.0
1777891301.5013323,2.0,1.0,-76.0
1777891301.5113325,1.0,2.0,-76.0
1777891301.5213325,0.0,1.0,-78.0
1777891301.5313325,3.0,3.0,-73.0
1777891301.5413325,0.0,2.0,-74.0
1777891301.5513325,4.0,-1.0,-83.0
1777891301.5613325,3.0,0.0,-84.0
1777891301.5713325,0.0,0.0,-80.0
1777891301.5813324,-2.0,-4.0,-75.0
1777891301.5913324,-2.0,-4.0,-78.0
1777891301.6013324,-2.0,-2.0,-74.0
1777891301.6113324,-4.0,-5.0,-75.0
1777891301.6213324,0.0,-6.0,-78.0
1777891301.6313324,0.0,-6.0,-82.0
1777891301.6413324,1.0,-2.0,-75.0
1777891301.6513324,2.0,-6.0,-71.0
1777891301.6613324,4.0,-5.0,-69.0
1777891301.6713324,0.0,-4.0,-69.0
1777891301.6813323,1.0,-6.0,-62.0
1777891301.6913323,0.0,-7.0,-65.0
1777891301.7013323,-3.0,-6.0,-72.0
1777891301.7113323,-2.0,-4.0,-78.0
1777891301.7213323,2.0,0.0,-73.0
1777891301.7313323,3.0,0.0,-74.0
1777891301.7413323,1.0,-1.0,-73.0
1777891301.7513323,0.0,-2.0,-81.0
1777891301.7613325,2.0,-2.0,-84.0
1777891301.7713325,3.0,-1.0,-80.0
1777891301.7813325,5.0,-1.0,-76.0
1777891301.7913325,1.0,-4.0,-72.0
1777891301.8013325,1.0,-3.0,-69.0
1777891301.8113325,0.0,-4.0,-69.0
1777891301.8213325,1.0,-3.0,-70.0
1777891301.8313324,-2.0,0.0,-76.0
1777891301.8413324,0.0,0.0,-76.0
1777891301.8513324,3.0,-2.0,-80.0
1777891301.8613324,3.0,0.0,-80.0
1777891301.8713324,2.0,0.0,-80.0
1777891301.8813324,1.0,0.0,-81.0
1777891301.8913324,3.0,0.0,-79.0
1777891301.9013324,5.0,0.0,-80.0
1777891301.9113324,1.0,3.0,-78.0
1777891301.9213324,-1.0,-1.0,-72.0
1777891301.9313323,-3.0,2.0,-60.0
1777891301.9413323,0.0,2.0,-69.0
1777891301.9513323,-1.0,3.0,-70.0
1777891301.9613323,-2.0,3.0,-67.0
1777891301.9713323,-1.0,5.0,-67.0
1777891301.9813323,-2.0,2.0,-72.0
1777891301.9913323,-5.0,0.0,-73.0
1777891302.0013323,-3.0,-1.0,-76.0
1777891302.0113325,0.0,0.0,-73.0
1777891302.0213325,0.0,-4.0,-71.0
1777891302.0313325,1.0,0.0,-66.0
1777891302.0413325,1.0,0.0,-62.0
1777891302.0513325,1.0,0.0,-62.0
1777891302.0613325,3.0,-3.0,-74.0
1777891302.0713325,1.0,0.0,-74.0
1777891302.0813324,0.0,-3.0,-74.0
1777891302.0913324,-4.0,0.0,-77.0
1777891302.1013324,-2.0,0.0,-76.0
1777891302.1113324,0.0,2.0,-75.0
1777891302.1213324,-1.0,5.0,-82.0
1777891302.1313324,-4.0,-1.0,-81.0
1777891302.1413324,-8.0,0.0,-83.0
1777891302.1513324,-4.0,1.0,-79.0
1777891302.1613324,-2.0,3.0,-78.0
1777891302.1713324,0.0,3.0,-81.0
1777891302.1813323,1.0,0.0,-80.0
1777891302.1913323,0.0,4.0,-76.0
1777891302.2013323,-2.0,1.0,-77.0
1777891302.2113323,-1.0,4.0,-83.0
1777891302.2213323,4.0,2.0,-76.0
1777891302.2313323,2.0,-5.0,-78.0
1777891302.2413323,-1.0,-2.0,-74.0
1777891302.2513323,3.0,0.0,-71.0
1777891302.2613325,6.0,3.0,-70.0
1777891302.2713325,1.0,4.0,-69.0
1777891302.2813325,-1.0,1.0,-64.0
1777891302.2913325,-5.0,0.0,-64.0
1777891302.3013325,-1.0,0.0,-68.0
1777891302.3113325,-1.0,1.0,-63.0
1777891302.3213325,0.0,3.0,-61.0
1777891302.3313324,0.0,4.0,-63.0
1777891302.3413324,4.0,-1.0,-66.0
1777891302.3513324,6.0,-2.0,-69.0
1777891302.3613324,2.0,-2.0,-69.0
1777891302.3713324,0.0,-5.0,-69.0
1777891302.3813324,-3.0,-3.0,-71.0
1777891302.3913324,-4.0,-5.0,-72.0
1777891302.4013324,-1.0,-9.0,-73.0
1777891302.4113324,-1.0,-1.0,-74.0
1777891302.4213324,-3.0,1.0,-73.0
1777891302.4313323,-3.0,1.0,-69.0
1777891302.4413323,0.0,0.0,-68.0
1777891302.4513323,3.0,0.0,-68.0
1777891302.4613323,4.0,-3.0,-70.0
1777891302.4713323,1.0,-3.0,-78.0
1777891302.4813323,1.0,-6.0,-85.0
1777891302.4913323,1.0,-8.0,-87.0
1777891302.5013323,0.0,-3.0,-82.0
1777891302.5113325,0.0,-2.0,-84.0
1777891302.5213325,0.0,-3.0,-78.0
1777891302.5313325,0.0,-4.0,-76.0
1777891302.5413325,-2.0,-1.0,-77.0
1777891302.5513325,3.0,-1.0,-78.0
1777891302.5613325,4.0,-4.0,-75.0
1777891302.5713325,7.0,-4.0,-77.0
1777891302.5813324,4.0,-2.0,-74.0
1777891302.5913324,0.0,1.0,-73.0
1777891302.6013324,0.0,0.0,-79.0
1777891302.6113324,1.0,2.0,-81.0
1777891302.6213324,5.0,2.0,-79.0
1777891302.6313324,7.0,2.0,-74.0
1777891302.6413324,11.0,0.0,-67.0
1777891302.6513324,7.0,-1.0,-67.0
1777891302.6613324,7.0,-1.0,-68.0
1777891302.6713324,4.0,0.0,-72.0
1777891302.6813323,1.0,0.0,-69.0
1777891302.6913323,5.0,-1.0,-71.0
1777891302.7013323,4.0,-3.0,-70.0
1777891302.7113323,3.0,-2.0,-68.0
1777891302.7223325,0.0,-4.0,-72.0
1777891302.7323325,4.0,-5.0,-77.0
1777891302.7423325,10.0,-8.0,-84.0
1777891302.7523324,7.0,-2.0,-85.0
1777891302.7623324,2.0,0.0,-82.0
1777891302.7723324,4.0,-5.0,-72.0
1777891302.7823324,3.0,-4.0,-75.0
1777891302.7923324,5.0,-3.0,-75.0
1777891302.8023324,7.0,-4.0,-72.0
1777891302.8123324,1.0,-6.0,-68.0
1777891302.8223324,-5.0,-6.0,-67.0
1777891302.8323324,-5.0,-3.0,-71.0
1777891302.8423324,-6.0,-3.0,-71.0
1777891302.8523324,-9.0,0.0,-76.0
1777891302.8623323,-9.0,-3.0,-77.0
1777891302.8723323,-5.0,-3.0,-77.0
1777891302.8823323,-5.0,-6.0,-79.0
1777891302.8923323,-6.0,-5.0,-83.0
1777891302.9023323,-1.0,-2.0,-68.0
1777891302.9123323,0.0,-1.0,-65.0
1777891302.9223323,3.0,1.0,-72.0
1777891302.9323325,6.0,4.0,-76.0
1777891302.9423325,5.0,6.0,-76.0
1777891302.9523325,6.0,4.0,-73.0
1777891302.9623325,7.0,1.0,-74.0
1777891302.9723325,6.0,1.0,-69.0
1777891302.9823325,5.0,1.0,-71.0
1777891302.9923325,3.0,0.0,-72.0
1777891303.0023324,1.0,-4.0,-68.0
1777891303.0123324,0.0,-8.0,-70.0
1777891303.0223324,2.0,-11.0,-69.0
1777891303.0323324,5.0,-10.0,-64.0
1777891303.0423324,4.0,-9.0,-66.0
1777891303.0523324,3.0,-5.0,-71.0
1777891303.0623324,2.0,-5.0,-71.0
1777891303.0723324,4.0,-7.0,-79.0
1777891303.0823324,0.0,-4.0,-78.0
1777891303.0923324,1.0,-3.0,-74.0
1777891303.1023324,1.0,-5.0,-82.0
1777891303.1123323,5.0,-4.0,-82.0
1777891303.1223323,11.0,-1.0,-80.0
1777891303.1323323,11.0,0.0,-77.0
1777891303.1423323,14.0,-3.0,-80.0
1777891303.1523323,5.0,-1.0,-77.0
1777891303.1623323,5.0,1.0,-78.0
1777891303.1723323,4.0,-4.0,-79.0
1777891303.1823325,7.0,-5.0,-77.0
1777891303.1923325,9.0,-3.0,-76.0
1777891303.2023325,12.0,-5.0,-84.0
1777891303.2123325,11.0,-3.0,-87.0
1777891303.2223325,8.0,0.0,-83.0
1777891303.2323325,7.0,0.0,-84.0
1777891303.2423325,2.0,-1.0,-85.0
1777891303.2523324,3.0,0.0,-84.0
1777891303.2623324,2.0,-4.0,-77.0
1777891303.2723324,0.0,0.0,-75.0
1777891303.2823324,0.0,-3.0,-77.0
1777891303.2923324,0.0,0.0,-80.0
1777891303.3023324,0.0,0.0,-74.0
1777891303.3123324,3.0,-1.0,-76.0
1777891303.3223324,-1.0,-5.0,-70.0
1777891303.3323324,3.0,-3.0,-72.0
1777891303.3423324,-1.0,-4.0,-72.0
1777891303.3523324,-3.0,-5.0,-75.0
1777891303.3623323,-5.0,-7.0,-72.0
1777891303.3723323,-4.0,-5.0,-74.0
1777891303.3823323,0.0,-5.0,-69.0
1777891303.3923323,-3.0,-5.0,-72.0
1777891303.4023323,-4.0,0.0,-72.0
1777891303.4123323,-6.0,-1.0,-70.0
1777891303.4223323,-5.0,-2.0,-72.0
1777891303.4323325,-1.0,-4.0,-68.0
1777891303.4423325,0.0,-5.0,-69.0
1777891303.4523325,6.0,-4.0,-64.0
1777891303.4623325,6.0,-4.0,-63.0
1777891303.4723325,4.0,1.0,-72.0
1777891303.4823325,6.0,3.0,-73.0
1777891303.4923325,2.0,2.0,-70.0
1777891303.5023324,-1.0,2.0,-78.0
1777891303.5123324,3.0,3.0,-79.0
1777891303.5223324,0.0,4.0,-71.0
1777891303.5323324,1.0,3.0,-69.0
1777891303.5423324,0.0,0.0,-65.0
1777891303.5523324,3.0,-3.0,-66.0
1777891303.5623324,5.0,-2.0,-71.0
1777891303.5723324,1.0,-5.0,-71.0
1777891303.5823324,-2.0,-8.0,-65.0
1777891303.5923324,-2.0,-6.0,-70.0
1777891303.6023324,-7.0,-2.0,-73.0
1777891303.6123323,-3.0,-3.0,-78.0
1777891303.6223323,0.0,-2.0,-79.0
1777891303.6323323,2.0,-1.0,-81.0
1777891303.6423323,0.0,-1.0,-76.0
1777891303.6523323,2.0,-1.0,-77.0
1777891303.6623323,0.0,-4.0,-77.0
1777891303.6723323,6.0,-4.0,-72.0
1777891303.6823325,4.0,-1.0,-66.0
1777891303.6923325,6.0,-1.0,-66.0
1777891303.7023325,4.0,-1.0,-73.0
1777891303.7123325,1.0,-3.0,-68.0
1777891303.7223325,0.0,-3.0,-74.0
1777891303.7323325,-2.0,0.0,-70.0
1777891303.7423325,-3.0,0.0,-73.0
1777891303.7523324,-6.0,-4.0,-75.0
1777891303.7623324,-5.0,-6.0,-68.0
1777891303.7723324,-2.0,-4.0,-64.0
1777891303.7823324,-4.0,-3.0,-60.0
1777891303.7923324,-4.0,-3.0,-66.0
1777891303.8023324,-2.0,1.0,-64.0
1777891303.8123324,0.0,3.0,-68.0
1777891303.8223324,-2.0,5.0,-74.0
1777891303.8323324,2.0,5.0,-73.0
1777891303.8423324,2.0,1.0,-73.0
1777891303.8523324,1.0,0.0,-68.0
1777891303.8623323,2.0,-2.0,-67.0
1777891303.8723323,-2.0,0.0,-74.0
1777891303.8823323,0.0,-3.0,-74.0
1777891303.8923323,0.0,-2.0,-76.0
1777891303.9023323,2.0,-3.0,-79.0
1777891303.9123323,1.0,-2.0,-81.0
1777891303.9223323,0.0,-1.0,-82.0
1777891303.9323325,0.0,-3.0,-77.0
1777891303.9423325,-1.0,0.0,-74.0
1777891303.9523325,0.0,0.0,-80.0
1777891303.9623325,0.0,-4.0,-80.0
1777891303.9723325,0.0,-4.0,-81.0
1777891303.9823325,3.0,-7.0,-82.0
1777891303.9923325,1.0,-2.0,-85.0
1777891304.0023324,0.0,0.0,-77.0
1777891304.0123324,0.0,-2.0,-77.0
1777891304.0223324,-4.0,-4.0,-75.0
1777891304.0323324,0.0,-3.0,-76.0
1777891304.0423324,2.0,-3.0,-74.0
1777891304.0523324,3.0,0.0,-72.0
1777891304.0623324,4.0,3.0,-75.0
1777891304.0723324,0.0,1.0,-74.0
1777891304.0823324,4.0,0.0,-75.0
1777891304.0923324,3.0,2.0,-73.0
1777891304.1023324,4.0,0.0,-69.0
1777891304.1123323,2.0,0.0,-73.0
1777891304.1223323,0.0,-3.0,-72.0
1777891304.1323323,1.0,-2.0,-77.0
1777891304.1423323,-2.0,2.0,-76.0
1777891304.1523323,-5.0,-2.0,-77.0
1777891304.1623323,0.0,-5.0,-82.0
1777891304.1723323,0.0,0.0,-85.0
1777891304.1823325,-2.0,-1.0,-88.0
1777891304.1923325,-2.0,-1.0,-82.0
1777891304.2023325,-1.0,-2.0,-80.0
1777891304.2123325,-5.0,-2.0,-76.0
1777891304.2223325,-4.0,-3.0,-77.0
1777891304.2323325,1.0,-2.0,-72.0
1777891304.2423325,6.0,-2.0,-69.0
1777891304.2523324,6.0,0.0,-68.0
1777891304.2623324,5.0,3.0,-71.0
1777891304.2723324,4.0,1.0,-75.0
1777891304.2823324,6.0,2.0,-75.0
1777891304.2923324,5.0,0.0,-72.0
1777891304.3023324,5.0,-1.0,-71.0
1777891304.3123324,1.0,3.0,-75.0
1777891304.3223324,1.0,0.0,-77.0
1777891304.3323324,2.0,2.0,-75.0
1777891304.3423324,-1.0,2.0,-73.0
1777891304.3523324,2.0,0.0,-69.0
1777891304.3623323,1.0,-2.0,-70.0
1777891304.3723323,-4.0,-4.0,-73.0
1777891304.3823323,-3.0,-6.0,-68.0
1777891304.3923323,-1.0,-1.0,-67.0
1777891304.4023323,1.0,-1.0,-70.0
1777891304.4123323,0.0,2.0,-78.0
1777891304.4223323,2.0,1.0,-78.0
1777891304.4323325,-1.0,0.0,-76.0
1777891304.4423325,-1.0,0.0,-69.0
1777891304.4523325,-3.0,5.0,-60.0
1777891304.4623325,-2.0,0.0,-61.0
1777891304.4723325,0.0,2.0,-61.0
1777891304.4823325,-3.0,3.0,-60.0
1777891304.4923325,0.0,3.0,-60.0
1777891304.5023324,0.0,0.0,-66.0
1777891304.5123324,0.0,3.0,-68.0
1777891304.5223324,3.0,3.0,-72.0
1777891304.5323324,2.0,6.0,-71.0
1777891304.5423324,-3.0,5.0,-69.0
1777891304.5523324,-6.0,2.0,-66.0
1777891304.5623324,-6.0,0.0,-67.0
1777891304.5723324,-7.0,-2.0,-74.0
1777891304.5823324,-4.0,-4.0,-78.0
1777891304.5923324,-4.0,0.0,-79.0
1777891304.6023324,-3.0,0.0,-75.0
1777891304.6123323,0.0,1.0,-73.0
1777891304.6223323,-1.0,5.0,-69.0
1777891304.6323323,0.0,1.0,-70.0
1777891304.6423323,-1.0,0.0,-69.0
1777891304.6523323,1.0,-2.0,-72.0
1777891304.6623323,0.0,0.0,-70.0
1777891304.6723323,0.0,-3.0,-67.0
1777891304.6823325,-2.0,-3.0,-65.0
1777891304.6923325,4.0,2.0,-59.0
1777891304.7033324,5.0,6.0,-63.0
1777891304.7123325,0.0,9.0,-68.0
1777891304.7233324,0.0,6.0,-64.0
1777891304.7333324,0.0,0.0,-67.0
1777891304.7433324,-3.0,0.0,-68.0
1777891304.7533324,-2.0,0.0,-63.0
1777891304.7633324,-3.0,6.0,-64.0
1777891304.7733324,2.0,4.0,-63.0
1777891304.7833323,4.0,3.0,-55.0
1777891304.7933323,6.0,3.0,-57.0
1777891304.8033323,2.0,3.0,-58.0
1777891304.8133323,0.0,0.0,-60.0
1777891304.8233323,0.0,0.0,-60.0
1777891304.8333323,2.0,-1.0,-64.0
1777891304.8433323,5.0,0.0,-66.0
1777891304.8533323,6.0,0.0,-65.0
1777891304.8633325,12.0,-4.0,-62.0
1777891304.8733325,7.0,-5.0,-68.0
1777891304.8833325,7.0,-2.0,-72.0
1777891304.8933325,8.0,0.0,-72.0
1777891304.9033325,8.0,0.0,-75.0
1777891304.9133325,9.0,-2.0,-73.0
1777891304.9233325,8.0,1.0,-73.0
1777891304.9333324,5.0,-2.0,-76.0
1777891304.9433324,5.0,-4.0,-75.0
1777891304.9533324,5.0,-1.0,-73.0
1777891304.9633324,2.0,-6.0,-67.0
1777891304.9733324,0.0,-4.0,-63.0
1777891304.9833324,0.0,-5.0,-63.0
1777891304.9933324,0.0,-4.0,-68.0
1777891305.0033324,-3.0,0.0,-73.0
1777891305.0133324,-3.0,-3.0,-72.0
1777891305.0233324,0.0,-2.0,-68.0
1777891305.0333323,1.0,-3.0,-65.0
1777891305.0433323,7.0,-2.0,-64.0
1777891305.0533323,10.0,-2.0,-59.0
1777891305.0633323,11.0,-5.0,-63.0
1777891305.0733323,8.0,-4.0,-64.0
1777891305.0833323,5.0,0.0,-67.0
1777891305.0933323,9.0,0.0,-68.0
1777891305.1033323,13.0,-9.0,-68.0
1777891305.1133325,12.0,-6.0,-63.0
1777891305.1233325,13.0,-5.0,-68.0
1777891305.1333325,7.0,-4.0,-69.0
1777891305.1433325,7.0,-2.0,-59.0
1777891305.1533325,2.0,0.0,-62.0
1777891305.1633325,0.0,-1.0,-68.0
1777891305.1733325,0.0,1.0,-75.0
1777891305.1833324,-2.0,2.0,-75.0
1777891305.1933324,1.0,6.0,-75.0
1777891305.2033324,5.0,4.0,-77.0
1777891305.2133324,4.0,2.0,-75.0
1777891305.2233324,1.0,1.0,-70.0
1777891305.2333324,1.0,-1.0,-70.0
1777891305.2433324,0.0,0.0,-72.0
1777891305.2533324,2.0,1.0,-74.0
1777891305.2633324,6.0,0.0,-77.0
1777891305.2733324,7.0,-2.0,-73.0
1777891305.2833323,6.0,-4.0,-76.0
1777891305.2933323,8.0,-3.0,-73.0
1777891305.3033323,3.0,-4.0,-71.0
1777891305.3133323,7.0,-4.0,-67.0
1777891305.3233323,7.0,-4.0,-62.0
1777891305.3333323,2.0,-1.0,-64.0
1777891305.3433323,2.0,1.0,-70.0
1777891305.3533323,0.0,3.0,-73.0
1777891305.3633325,0.0,2.0,-82.0
1777891305.3733325,0.0,2.0,-77.0
1777891305.3833325,-1.0,2.0,-73.0
1777891305.3933325,0.0,4.0,-64.0
1777891305.4033325,-4.0,2.0,-63.0
1777891305.4133325,-8.0,0.0,-63.0
1777891305.4233325,-7.0,1.0,-74.0
1777891305.4333324,-6.0,6.0,-73.0
1777891305.4433324,-2.0,7.0,-78.0
1777891305.4533324,1.0,5.0,-76.0
1777891305.4633324,-1.0,7.0,-67.0
1777891305.4733324,-2.0,7.0,-65.0
1777891305.4833324,-2.0,7.0,-71.0
1777891305.4933324,-6.0,7.0,-73.0
1777891305.5033324,-6.0,6.0,-72.0
1777891305.5133324,-2.0,7.0,-67.0
1777891305.5233324,-6.0,3.0,-68.0
1777891305.5333323,-5.0,0.0,-74.0
1777891305.5433323,-3.0,-2.0,-73.0
1777891305.5533323,2.0,-3.0,-72.0
1777891305.5633323,2.0,-3.0,-75.0
1777891305.5733323,3.0,-2.0,-73.0
1777891305.5833323,1.0,0.0,-74.0
1777891305.5933323,0.0,5.0,-68.0
1777891305.6033323,0.0,7.0,-70.0
1777891305.6133325,0.0,5.0,-68.0
1777891305.6233325,-2.0,0.0,-70.0
1777891305.6333325,-1.0,0.0,-74.0
1777891305.6433325,-2.0,5.0,-70.0
1777891305.6533325,5.0,7.0,-64.0
1777891305.6633325,2.0,-1.0,-63.0
1777891305.6733325,7.0,-1.0,-61.0
1777891305.6833324,4.0,-1.0,-68.0
1777891305.6933324,5.0,-4.0,-65.0
1777891305.7033324,-1.0,-3.0,-67.0
1777891305.7133324,-1.0,-1.0,-65.0
1777891305.7233324,-1.0,0.0,-60.0
1777891305.7333324,0.0,3.0,-53.0
1777891305.7433324,-6.0,2.0,-63.0
1777891305.7533324,-7.0,3.0,-68.0
1777891305.7633324,-2.0,2.0,-67.0
1777891305.7733324,0.0,-3.0,-66.0
1777891305.7833323,0.0,-4.0,-66.0
1777891305.7933323,0.0,-2.0,-69.0
1777891305.8033323,4.0,-7.0,-69.0
1777891305.8133323,2.0,-4.0,-65.0
1777891305.8233323,-3.0,-5.0,-68.0
1777891305.8333323,-7.0,-3.0,-69.0
1777891305.8433323,-1.0,-6.0,-67.0
1777891305.8533323,0.0,-3.0,-68.0
1777891305.8633325,0.0,-3.0,-70.0
1777891305.8733325,-4.0,-3.0,-70.0
1777891305.8833325,-5.0,0.0,-69.0
1777891305.8933325,4.0,3.0,-73.0
1777891305.9033325,7.0,3.0,-73.0
1777891305.9133325,5.0,0.0,-76.0
1777891305.9233325,4.0,0.0,-73.0
1777891305.9333324,8.0,4.0,-69.0
1777891305.9433324,8.0,5.0,-73.0
1777891305.9533324,4.0,3.0,-72.0
1777891305.9633324,-3.0,0.0,-68.0
1777891305.9733324,-10.0,0.0,-67.0
1777891305.9833324,-12.0,2.0,-65.0
1777891305.9933324,-11.0,7.0,-71.0
1777891306.0033324,-4.0,7.0,-67.0
1777891306.0133324,-8.0,0.0,-66.0
1777891306.0233324,-2.0,0.0,-71.0
1777891306.0333323,-1.0,1.0,-70.0
1777891306.0433323,-2.0,2.0,-72.0
1777891306.0533323,-5.0,0.0,-70.0
1777891306.0633323,-5.0,-3.0,-70.0
1777891306.0733323,-3.0,-3.0,-76.0
1777891306.0833323,0.0,-3.0,-72.0
1777891306.0933323,2.0,0.0,-74.0
1777891306.1033323,-1.0,2.0,-73.0
1777891306.1133325,1.0,5.0,-75.0
1777891306.1233325,4.0,6.0,-75.0
1777891306.1333325,2.0,3.0,-71.0
1777891306.1433325,3.0,0.0,-77.0
1777891306.1533325,2.0,2.0,-77.0
1777891306.1633325,0.0,2.0,-75.0
1777891306.1733325,-1.0,1.0,-80.0
1777891306.1833324,0.0,1.0,-85.0
1777891306.1933324,3.0,4.0,-87.0
1777891306.2033324,6.0,-1.0,-78.0
1777891306.2133324,4.0,-2.0,-78.0
1777891306.2233324,1.0,0.0,-68.0
1777891306.2333324,4.0,0.0,-69.0
1777891306.2433324,2.0,-1.0,-71.0
1777891306.2533324,1.0,1.0,-74.0
1777891306.2633324,2.0,1.0,-77.0
1777891306.2733324,4.0,4.0,-66.0
1777891306.2833323,2.0,5.0,-62.0
1777891306.2933323,1.0,2.0,-63.0
1777891306.3033323,0.0,5.0,-65.0
1777891306.3133323,3.0,2.0,-64.0
1777891306.3233323,2.0,0.0,-69.0
1777891306.3333323,1.0,-5.0,-76.0
1777891306.3433323,2.0,-4.0,-79.0
1777891306.3533323,3.0,-5.0,-74.0
1777891306.3633325,7.0,-7.0,-76.0
1777891306.3733325,9.0,-3.0,-78.0
1777891306.3833325,7.0,0.0,-76.0
1777891306.3933325,8.0,0.0,-75.0
1777891306.4033325,8.0,5.0,-78.0
1777891306.4133325,5.0,0.0,-76.0
1777891306.4233325,5.0,3.0,-64.0
1777891306.4333324,0.0,0.0,-70.0
1777891306.4433324,-4.0,0.0,-75.0
1777891306.4533324,-1.0,-1.0,-64.0
1777891306.4633324,0.0,-3.0,-62.0
1777891306.4733324,-2.0,-5.0,-65.0
1777891306.4833324,-1.0,-7.0,-69.0
1777891306.4933324,1.0,-2.0,-73.0
1777891306.5033324,0.0,-2.0,-75.0
1777891306.5133324,-1.0,-2.0,-83.0
1777891306.5233324,-2.0,-5.0,-77.0
1777891306.5333323,-1.0,-3.0,-73.0
1777891306.5433323,0.0,-6.0,-73.0
1777891306.5533323,-2.0,-6.0,-81.0
1777891306.5633323,0.0,-8.0,-77.0
1777891306.5733323,-2.0,-7.0,-80.0
1777891306.5833323,0.0,-6.0,-82.0
1777891306.5933323,0.0,-8.0,-73.0
1777891306.6033323,0.0,-9.0,-74.0
1777891306.6133325,0.0,-7.0,-74.0
1777891306.6233325,1.0,-5.0,-67.0
1777891306.6333325,0.0,-1.0,-62.0
1777891306.6433325,-1.0,1.0,-63.0
1777891306.6533325,3.0,2.0,-64.0
1777891306.6633325,5.0,1.0,-68.0
1777891306.6733325,1.0,0.0,-65.0
1777891306.6833324,0.0,-2.0,-72.0
1777891306.6943324,2.0,-2.0,-72.0
1777891306.7043324,0.0,0.0,-73.0
1777891306.7133324,0.0,-2.0,-69.0
1777891306.7243323,1.0,-4.0,-63.0
1777891306.7343323,7.0,-5.0,-61.0
1777891306.7443323,5.0,-6.0,-68.0
1777891306.7543323,5.0,-3.0,-72.0
1777891306.7643323,1.0,-1.0,-65.0
1777891306.7743323,0.0,-2.0,-69.0
1777891306.7843325,4.0,-3.0,-65.0
1777891306.7943325,4.0,0.0,-65.0
1777891306.8043325,8.0,-2.0,-65.0
1777891306.8143325,14.0,-2.0,-67.0
1777891306.8243325,13.0,-4.0,-68.0
1777891306.8343325,11.0,-4.0,-69.0
1777891306.8443325,8.0,-4.0,-64.0
1777891306.8543324,12.0,-4.0,-67.0
1777891306.8643324,6.0,-4.0,-74.0
1777891306.8743324,4.0,0.0,-75.0
1777891306.8843324,1.0,-4.0,-75.0
1777891306.8943324,0.0,-4.0,-72.0
1777891306.9043324,5.0,-5.0,-64.0
1777891306.9143324,6.0,-3.0,-62.0
1777891306.9243324,3.0,-4.0,-62.0
1777891306.9343324,3.0,-3.0,-67.0
1777891306.9443324,1.0,-4.0,-70.0
1777891306.9543324,0.0,-8.0,-72.0
1777891306.9643323,-2.0,-6.0,-70.0
1777891306.9743323,0.0,-4.0,-74.0
1777891306.9843323,2.0,0.0,-69.0
1777891306.9943323,3.0,0.0,-73.0
1777891307.0043323,4.0,2.0,-72.0
1777891307.0143323,0.0,0.0,-66.0
1777891307.0243323,-1.0,-2.0,-67.0
1777891307.0343325,0.0,0.0,-71.0
1777891307.0443325,1.0,2.0,-65.0
1777891307.0543325,1.0,0.0,-69.0
1777891307.0643325,0.0,0.0,-72.0
1777891307.0743325,-1.0,-4.0,-66.0
1777891307.0843325,3.0,0.0,-68.0
1777891307.0943325,3.0,1.0,-68.0
1777891307.1043324,2.0,2.0,-69.0
1777891307.1143324,3.0,1.0,-71.0
1777891307.1243324,2.0,3.0,-74.0
1777891307.1343324,2.0,5.0,-78.0
1777891307.1443324,0.0,4.0,-83.0
1777891307.1543324,1.0,3.0,-87.0
1777891307.1643324,2.0,0.0,-91.0
1777891307.1743324,3.0,-2.0,-80.0
1777891307.1843324,1.0,1.0,-77.0
1777891307.1943324,1.0,1.0,-76.0
1777891307.2043324,1.0,3.0,-73.0
1777891307.2143323,-2.0,0.0,-67.0
1777891307.2243323,-2.0,-1.0,-69.0
1777891307.2343323,0.0,-2.0,-71.0
1777891307.2443323,-5.0,-5.0,-74.0
1777891307.2543323,-4.0,-6.0,-77.0
1777891307.2643323,0.0,-9.0,-72.0
1777891307.2743323,0.0,-7.0,-69.0
1777891307.2843325,-2.0,-3.0,-67.0
1777891307.2943325,-1.0,-5.0,-70.0
1777891307.3043325,0.0,-4.0,-68.0
1777891307.3143325,1.0,-5.0,-61.0
1777891307.3243325,6.0,-6.0,-69.0
1777891307.3343325,0.0,-7.0,-78.0
1777891307.3443325,0.0,-7.0,-74.0
1777891307.3543324,0.0,-4.0,-73.0
1777891307.3643324,-1.0,-5.0,-70.0
1777891307.3743324,3.0,-6.0,-69.0
1777891307.3843324,3.0,-6.0,-69.0
1777891307.3943324,2.0,-5.0,-68.0
1777891307.4043324,4.0,-5.0,-69.0
1777891307.4143324,0.0,-9.0,-66.0
1777891307.4243324,2.0,-8.0,-77.0
1777891307.4343324,2.0,-5.0,-78.0
1777891307.4443324,4.0,-3.0,-76.0
1777891307.4543324,5.0,-1.0,-79.0
1777891307.4643323,5.0,0.0,-76.0
1777891307.4743323,3.0,2.0,-70.0
1777891307.4843323,3.0,0.0,-68.0
1777891307.4943323,6.0,-5.0,-65.0
1777891307.5043323,2.0,-4.0,-62.0
1777891307.5143323,1.0,-3.0,-69.0
1777891307.5243323,0.0,0.0,-69.0
1777891307.5343325,1.0,-1.0,-76.0
1777891307.5443325,5.0,0.0,-75.0
1777891307.5543325,3.0,-2.0,-76.0
1777891307.5643325,3.0,-4.0,-77.0
1777891307.5743325,1.0,0.0,-72.0
1777891307.5843325,0.0,0.0,-67.0
1777891307.5943325,2.0,-2.0,-75.0
1777891307.6043324,0.0,-2.0,-76.0
1777891307.6143324,-3.0,-4.0,-74.0
1777891307.6243324,0.0,-2.0,-74.0
1777891307.6343324,0.0,0.0,-78.0
1777891307.6443324,0.0,3.0,-75.0
1777891307.6543324,-3.0,-2.0,-77.0
1777891307.6643324,-8.0,-2.0,-77.0
1777891307.6743324,-5.0,-5.0,-76.0
1777891307.6843324,-3.0,-3.0,-78.0
1777891307.6943324,4.0,-1.0,-73.0
1777891307.7043324,4.0,-3.0,-77.0
1777891307.7143323,-1.0,-5.0,-72.0
1777891307.7243323,-3.0,-5.0,-76.0
1777891307.7343323,2.0,-4.0,-75.0
1777891307.7443323,7.0,0.0,-74.0
1777891307.7543323,9.0,0.0,-75.0
1777891307.7643323,7.0,-7.0,-70.0
1777891307.7743323,6.0,-3.0,-75.0
1777891307.7843325,7.0,-2.0,-76.0
1777891307.7943325,8.0,0.0,-75.0
1777891307.8043325,11.0,3.0,-73.0
1777891307.8143325,7.0,4.0,-68.0
1777891307.8243325,5.0,1.0,-70.0
1777891307.8343325,6.0,4.0,-73.0
1777891307.8443325,4.0,2.0,-68.0
1777891307.8543324,2.0,-1.0,-75.0
1777891307.8643324,0.0,0.0,-75.0
1777891307.8743324,-4.0,-2.0,-76.0
1777891307.8843324,-4.0,-1.0,-75.0
1777891307.8943324,-2.0,-4.0,-82.0
1777891307.9043324,-4.0,-3.0,-78.0
1777891307.9143324,-1.0,-2.0,-76.0
1777891307.9243324,0.0,2.0,-78.0
1777891307.9343324,0.0,3.0,-74.0
1777891307.9443324,-1.0,1.0,-73.0
1777891307.9543324,0.0,1.0,-74.0
1777891307.9643323,-4.0,-2.0,-76.0
1777891307.9743323,0.0,0.0,-77.0
1777891307.9843323,1.0,-1.0,-68.0
1777891307.9943323,0.0,0.0,-63.0
1777891308.0043323,-2.0,-2.0,-65.0
1777891308.0143323,0.0,2.0,-71.0
1777891308.0243323,2.0,3.0,-71.0
1777891308.0343325,-1.0,3.0,-73.0
1777891308.0443325,-5.0,0.0,-75.0
1777891308.0543325,-8.0,-1.0,-78.0
1777891308.0643325,-4.0,-1.0,-74.0
1777891308.0743325,-1.0,2.0,-74.0
1777891308.0843325,1.0,0.0,-73.0
1777891308.0943325,-2.0,0.0,-73.0
1777891308.1043324,0.0,3.0,-82.0
1777891308.1143324,2.0,1.0,-80.0
1777891308.1243324,7.0,-1.0,-75.0
1777891308.1343324,6.0,0.0,-76.0
1777891308.1443324,4.0,0.0,-80.0
1777891308.1543324,4.0,-3.0,-76.0
1777891308.1643324,6.0,-6.0,-72.0
1777891308.1743324,0.0,-5.0,-72.0
1777891308.1843324,-1.0,-1.0,-75.0
1777891308.1943324,0.0,0.0,-73.0
1777891308.2043324,1.0,1.0,-74.0
1777891308.2143323,-3.0,-5.0,-75.0
1777891308.2243323,-4.0,-5.0,-71.0
1777891308.2343323,-3.0,-8.0,-71.0
1777891308.2443323,-4.0,-3.0,-72.0
1777891308.2543323,0.0,0.0,-68.0
1777891308.2643323,-4.0,-1.0,-73.0
1777891308.2743323,-4.0,0.0,-73.0
1777891308.2843325,-6.0,0.0,-68.0
1777891308.2943325,-4.0,0.0,-75.0
1777891308.3043325,1.0,0.0,-76.0
1777891308.3143325,4.0,-1.0,-73.0
1777891308.3243325,3.0,-2.0,-69.0
1777891308.3343325,-1.0,1.0,-66.0
1777891308.3443325,4.0,-1.0,-69.0
1777891308.3543324,2.0,1.0,-74.0
1777891308.3643324,5.0,0.0,-72.0
1777891308.3743324,8.0,0.0,-66.0
1777891308.3843324,7.0,-1.0,-69.0
1777891308.3943324,6.0,3.0,-75.0
1777891308.4043324,8.0,1.0,-73.0
1777891308.4143324,13.0,0.0,-71.0
1777891308.4243324,13.0,0.0,-73.0
1777891308.4343324,12.0,4.0,-68.0
1777891308.4443324,11.0,3.0,-62.0
1777891308.4543324,9.0,5.0,-66.0
1777891308.4643323,11.0,3.0,-64.0
1777891308.4743323,8.0,3.0,-65.0
1777891308.4843323,0.0,2.0,-59.0
1777891308.4943323,0.0,7.0,-67.0
1777891308.5043323,0.0,5.0,-73.0
1777891308.5143323,2.0,3.0,-74.0
1777891308.5243323,0.0,-2.0,-75.0
1777891308.5343325,0.0,0.0,-77.0
1777891308.5443325,4.0,0.0,-74.0
1777891308.5543325,5.0,-1.0,-71.0
1777891308.5643325,6.0,-1.0,-74.0
1777891308.5743325,5.0,-1.0,-78.0
1777891308.5843325,5.0,0.0,-85.0
1777891308.5943325,4.0,-2.0,-85.0
1777891308.6043324,3.0,-3.0,-84.0
1777891308.6143324,6.0,-2.0,-81.0
1777891308.6243324,6.0,-1.0,-81.0
1777891308.6343324,1.0,0.0,-75.0
1777891308.6443324,0.0,-1.0,-79.0
1777891308.6543324,4.0,0.0,-76.0
1777891308.6643324,-1.0,2.0,-75.0
1777891308.6753323,-2.0,5.0,-79.0
1777891308.6853323,-5.0,8.0,-81.0
1777891308.6953323,-1.0,6.0,-78.0
1777891308.7053325,-3.0,5.0,-82.0
1777891308.7153325,-2.0,5.0,-80.0
1777891308.7253325,0.0,8.0,-78.0
1777891308.7353325,5.0,4.0,-74.0
1777891308.7453325,2.0,1.0,-73.0
1777891308.7553325,0.0,2.0,-74.0
1777891308.7653325,-2.0,0.0,-75.0
1777891308.7753325,1.0,0.0,-69.0
1777891308.7853324,4.0,0.0,-71.0
1777891308.7953324,3.0,5.0,-70.0
1777891308.8053324,7.0,4.0,-73.0
1777891308.8153324,4.0,0.0,-69.0
1777891308.8253324,4.0,1.0,-59.0
1777891308.8353324,3.0,-1.0,-65.0
1777891308.8453324,0.0,-2.0,-70.0
1777891308.8553324,4.0,-1.0,-74.0
1777891308.8653324,5.0,-3.0,-73.0
1777891308.8753324,0.0,-2.0,-70.0
1777891308.8853323,-5.0,-4.0,-82.0
1777891308.8953323,-6.0,-6.0,-80.0
1777891308.9053323,-6.0,0.0,-74.0
1777891308.9153323,-1.0,-1.0,-74.0
1777891308.9253323,8.0,-1.0,-74.0
1777891308.9353323,8.0,-2.0,-77.0
1777891308.9453323,7.0,-6.0,-80.0
1777891308.9553325,2.0,-4.0,-82.0
1777891308.9653325,-1.0,-2.0,-81.0
1777891308.9753325,0.0,1.0,-82.0
1777891308.9853325,0.0,2.0,-82.0
1777891308.9953325,-1.0,1.0,-85.0
1777891309.0053325,0.0,0.0,-86.0
1777891309.0153325,-1.0,2.0,-78.0
1777891309.0253325,1.0,0.0,-74.0
1777891309.0353324,1.0,-2.0,-73.0
1777891309.0453324,-1.0,-3.0,-69.0
1777891309.0553324,0.0,-1.0,-81.0
1777891309.0653324,0.0,3.0,-79.0
1777891309.0753324,2.0,0.0,-74.0
1777891309.0853324,0.0,0.0,-75.0
1777891309.0953324,3.0,0.0,-78.0
1777891309.1053324,2.0,-1.0,-79.0
1777891309.1153324,1.0,-4.0,-76.0
1777891309.1253324,-1.0,-5.0,-78.0
1777891309.1353323,-2.0,-3.0,-81.0
1777891309.1453323,-1.0,-3.0,-81.0
1777891309.1553323,-6.0,0.0,-83.0
1777891309.1653323,-10.0,0.0,-79.0
1777891309.1753323,-9.0,-4.0,-73.0
1777891309.1853323,-10.0,-2.0,-67.0
1777891309.1953323,-9.0,-1.0,-70.0
1777891309.2053325,-7.0,-2.0,-67.0
1777891309.2153325,-5.0,0.0,-65.0
1777891309.2253325,-5.0,-2.0,-63.0
1777891309.2353325,-10.0,-1.0,-60.0
1777891309.2453325,-9.0,-5.0,-73.0
1777891309.2553325,-6.0,-8.0,-76.0
1777891309.2653325,-5.0,-4.0,-78.0
1777891309.2753325,-1.0,-4.0,-82.0
1777891309.2853324,4.0,0.0,-84.0
1777891309.2953324,2.0,1.0,-86.0
1777891309.3053324,1.0,1.0,-86.0
1777891309.3153324,1.0,-1.0,-87.0
1777891309.3253324,-1.0,-1.0,-84.0
1777891309.3353324,-2.0,-1.0,-84.0
1777891309.3453324,-2.0,-2.0,-83.0
1777891309.3553324,1.0,0.0,-87.0
1777891309.3653324,2.0,0.0,-89.0
1777891309.3753324,1.0,2.0,-88.0
1777891309.3853323,1.0,1.0,-86.0
1777891309.3953323,-7.0,-1.0,-79.0
1777891309.4053323,-6.0,-1.0,-80.0
1777891309.4153323,-7.0,-1.0,-77.0
1777891309.4253323,-4.0,-1.0,-80.0
1777891309.4353323,-1.0,-2.0,-80.0
1777891309.4453323,0.0,-1.0,-80.0
1777891309.4553325,-2.0,1.0,-79.0
1777891309.4653325,-2.0,3.0,-79.0
1777891309.4753325,-1.0,5.0,-79.0
1777891309.4853325,1.0,6.0,-78.0
1777891309.4953325,1.0,6.0,-82.0
1777891309.5053325,5.0,1.0,-75.0
1777891309.5153325,4.0,3.0,-73.0
1777891309.5253325,0.0,0.0,-75.0
1777891309.5353324,1.0,0.0,-70.0
1777891309.5453324,2.0,-3.0,-61.0
1777891309.5553324,0.0,0.0,-59.0
1777891309.5653324,-1.0,3.0,-59.0
1777891309.5753324,-5.0,1.0,-62.0
1777891309.5853324,-5.0,-1.0,-62.0
1777891309.5953324,-4.0,0.0,-72.0
1777891309.6053324,-4.0,0.0,-69.0
1777891309.6153324,-4.0,0.0,-72.0
1777891309.6253324,-6.0,-2.0,-70.0
1777891309.6353323,1.0,0.0,-72.0
1777891309.6453323,2.0,-3.0,-77.0
1777891309.6553323,0.0,-6.0,-71.0
1777891309.6653323,-3.0,-5.0,-67.0
1777891309.6753323,-3.0,-8.0,-78.0
1777891309.6853323,-3.0,-11.0,-85.0
1777891309.6953323,-4.0,-9.0,-81.0
1777891309.7053325,-1.0,-6.0,-78.0
1777891309.7153325,-1.0,-5.0,-80.0
1777891309.7253325,-3.0,-6.0,-79.0
1777891309.7353325,-3.0,-7.0,-77.0
1777891309.7453325,-2.0,-5.0,-77.0
1777891309.7553325,0.0,-8.0,-74.0
1777891309.7653325,2.0,-6.0,-73.0
1777891309.7753325,2.0,-3.0,-70.0
1777891309.7853324,0.0,-4.0,-74.0
1777891309.7953324,0.0,-6.0,-67.0
1777891309.8053324,1.0,-6.0,-71.0
1777891309.8153324,-2.0,-3.0,-80.0
1777891309.8253324,0.0,-4.0,-79.0
1777891309.8353324,0.0,-5.0,-81.0
1777891309.8453324,1.0,-3.0,-79.0
1777891309.8553324,-3.0,-2.0,-76.0
1777891309.8653324,-2.0,-2.0,-77.0
1777891309.8753324,-3.0,-1.0,-69.0
1777891309.8853323,2.0,-2.0,-68.0
1777891309.8953323,5.0,-1.0,-65.0
1777891309.9053323,4.0,0.0,-66.0
1777891309.9153323,6.0,0.0,-71.0
1777891309.9253323,-1.0,1.0,-72.0
1777891309.9353323,-2.0,-1.0,-74.0
1777891309.9453323,-7.0,-7.0,-71.0
1777891309.9553325,-3.0,-4.0,-71.0
1777891309.9653325,0.0,-2.0,-75.0
1777891309.9753325,0.0,-1.0,-75.0
1777891309.9853325,6.0,0.0,-74.0
1777891309.9953325,4.0,0.0,-69.0
1777891310.0053325,1.0,0.0,-71.0
1777891310.0153325,1.0,-6.0,-65.0
1777891310.0253325,3.0,-3.0,-67.0
1777891310.0353324,4.0,-4.0,-67.0
1777891310.0453324,2.0,0.0,-63.0
1777891310.0553324,7.0,-1.0,-74.0
1777891310.0653324,3.0,-1.0,-72.0
1777891310.0753324,3.0,0.0,-74.0
1777891310.0853324,2.0,0.0,-68.0
1777891310.0953324,4.0,-4.0,-68.0
1777891310.1053324,8.0,-6.0,-69.0
1777891310.1153324,8.0,-9.0,-64.0
1777891310.1253324,7.0,-9.0,-63.0
1777891310.1353323,4.0,-11.0,-67.0
1777891310.1453323,3.0,-5.0,-67.0
1777891310.1553323,2.0,-3.0,-69.0
1777891310.1653323,7.0,-2.0,-66.0
1777891310.1753323,8.0,0.0,-75.0
1777891310.1853323,7.0,0.0,-74.0
1777891310.1953323,2.0,-2.0,-71.0
1777891310.2053325,1.0,-1.0,-74.0
1777891310.2153325,0.0,-3.0,-74.0
1777891310.2253325,-1.0,0.0,-79.0
1777891310.2353325,-3.0,0.0,-81.0
1777891310.2453325,1.0,0.0,-83.0
1777891310.2553325,5.0,1.0,-81.0
1777891310.2653325,1.0,0.0,-80.0
1777891310.2753325,3.0,0.0,-74.0
1777891310.2853324,6.0,-1.0,-78.0
1777891310.2953324,7.0,-2.0,-83.0
1777891310.3053324,6.0,-7.0,-86.0
1777891310.3153324,9.0,-7.0,-82.0
1777891310.3253324,9.0,-1.0,-77.0
1777891310.3353324,8.0,2.0,-79.0
1777891310.3453324,3.0,0.0,-80.0
1777891310.3553324,1.0,-2.0,-75.0
1777891310.3653324,4.0,-2.0,-70.0
1777891310.3753324,0.0,-1.0,-69.0
1777891310.3853323,1.0,2.0,-70.0
1777891310.3953323,1.0,2.0,-67.0
1777891310.4053323,-1.0,0.0,-64.0
1777891310.4153323,2.0,0.0,-62.0
1777891310.4253323,2.0,-1.0,-57.0
1777891310.4353323,0.0,-1.0,-62.0
1777891310.4453323,-2.0,0.0,-64.0
1777891310.4553325,-4.0,-4.0,-65.0
1777891310.4653325,-2.0,-3.0,-69.0
1777891310.4753325,-3.0,-1.0,-73.0
1777891310.4853325,-6.0,0.0,-66.0
1777891310.4953325,-3.0,0.0,-65.0
1777891310.5053325,-2.0,0.0,-67.0
1777891310.5153325,-5.0,1.0,-73.0
1777891310.5253325,-9.0,1.0,-68.0
1777891310.5353324,-6.0,0.0,-67.0
1777891310.5453324,-4.0,-2.0,-64.0
1777891310.5553324,-1.0,-2.0,-67.0
1777891310.5653324,0.0,-3.0,-71.0
1777891310.5753324,2.0,-1.0,-71.0
1777891310.5853324,5.0,-1.0,-77.0
1777891310.5953324,10.0,2.0,-83.0
1777891310.6053324,7.0,3.0,-82.0
1777891310.6153324,5.0,4.0,-73.0
1777891310.6253324,8.0,1.0,-72.0
1777891310.6353323,3.0,1.0,-77.0
1777891310.6453323,1.0,2.0,-86.0
1777891310.6553323,1.0,2.0,-85.0
1777891310.6663325,0.0,-4.0,-78.0
1777891310.6753323,6.0,-7.0,-78.0
1777891310.6853323,9.0,-7.0,-75.0
1777891310.6963325,6.0,-7.0,-74.0
1777891310.7063324,6.0,-5.0,-64.0
1777891310.7163324,5.0,-4.0,-63.0
1777891310.7263324,9.0,0.0,-68.0
1777891310.7363324,6.0,-1.0,-68.0
1777891310.7463324,4.0,-2.0,-68.0
1777891310.7563324,2.0,-2.0,-63.0
1777891310.7663324,0.0,-4.0,-70.0
1777891310.7763324,-4.0,-3.0,-68.0
1777891310.7863324,-2.0,0.0,-72.0
1777891310.7963324,-3.0,-1.0,-76.0
1777891310.8063323,-3.0,0.0,-76.0
1777891310.8163323,-5.0,-3.0,-71.0
1777891310.8263323,-3.0,-2.0,-69.0
1777891310.8363323,-1.0,0.0,-69.0
1777891310.8463323,-6.0,0.0,-79.0
1777891310.8563323,0.0,-4.0,-82.0
1777891310.8663323,0.0,-2.0,-77.0
1777891310.8763323,0.0,-6.0,-72.0
1777891310.8863325,1.0,-4.0,-74.0
1777891310.8963325,3.0,-4.0,-73.0
1777891310.9063325,1.0,-3.0,-70.0
1777891310.9163325,3.0,-5.0,-64.0
1777891310.9263325,4.0,-4.0,-65.0
1777891310.9363325,1.0,-1.0,-66.0
1777891310.9463325,6.0,-4.0,-72.0
1777891310.9563324,4.0,-9.0,-75.0
1777891310.9663324,1.0,-7.0,-70.0
1777891310.9763324,0.0,-4.0,-71.0
1777891310.9863324,0.0,0.0,-77.0
1777891310.9963324,0.0,4.0,-78.0
1777891311.0063324,7.0,2.0,-78.0
1777891311.0163324,9.0,0.0,-84.0
1777891311.0263324,4.0,0.0,-90.0
1777891311.0363324,0.0,0.0,-83.0
1777891311.0463324,0.0,0.0,-81.0
1777891311.0563323,-2.0,0.0,-70.0
1777891311.0663323,-3.0,0.0,-61.0
1777891311.0763323,-1.0,0.0,-62.0
1777891311.0863323,-3.0,0.0,-63.0
1777891311.0963323,2.0,1.0,-63.0
1777891311.1063323,5.0,2.0,-67.0
1777891311.1163323,1.0,1.0,-69.0
1777891311.1263323,0.0,1.0,-75.0
1777891311.1363325,0.0,2.0,-76.0
1777891311.1463325,-4.0,1.0,-79.0
1777891311.1563325,-2.0,0.0,-76.0
1777891311.1663325,-2.0,0.0,-79.0
1777891311.1763325,-4.0,3.0,-73.0
1777891311.1863325,-1.0,-1.0,-74.0
1777891311.1963325,0.0,-2.0,-71.0
1777891311.2063324,0.0,-2.0,-73.0
1777891311.2163324,1.0,-3.0,-72.0
1777891311.2263324,3.0,-2.0,-66.0
1777891311.2363324,4.0,-1.0,-69.0
1777891311.2463324,6.0,-1.0,-65.0
1777891311.2563324,8.0,-6.0,-58.0
1777891311.2663324,3.0,-8.0,-58.0
1777891311.2763324,3.0,-4.0,-58.0
1777891311.2863324,4.0,-4.0,-66.0
1777891311.2963324,7.0,-1.0,-70.0
1777891311.3063323,8.0,0.0,-69.0
1777891311.3163323,7.0,-2.0,-69.0
1777891311.3263323,3.0,-1.0,-63.0
1777891311.3363323,3.0,3.0,-61.0
1777891311.3463323,7.0,2.0,-55.0
1777891311.3563323,5.0,4.0,-60.0
1777891311.3663323,3.0,2.0,-60.0
1777891311.3763323,6.0,2.0,-62.0
1777891311.3863325,7.0,3.0,-70.0
1777891311.3963325,7.0,5.0,-75.0
1777891311.4063325,6.0,3.0,-78.0
1777891311.4163325,3.0,4.0,-75.0
1777891311.4263325,0.0,2.0,-74.0
1777891311.4363325,5.0,3.0,-80.0
1777891311.4463325,4.0,3.0,-83.0
1777891311.4563324,4.0,3.0,-72.0
1777891311.4663324,6.0,0.0,-74.0
1777891311.4763324,11.0,2.0,-73.0
1777891311.4863324,8.0,4.0,-79.0
1777891311.4963324,2.0,2.0,-74.0
1777891311.5063324,0.0,3.0,-70.0
1777891311.5163324,0.0,0.0,-67.0
1777891311.5263324,1.0,0.0,-67.0
1777891311.5363324,1.0,1.0,-68.0
1777891311.5463324,1.0,1.0,-67.0
1777891311.5563323,4.0,0.0,-63.0
1777891311.5663323,7.0,0.0,-65.0
1777891311.5763323,4.0,3.0,-67.0
1777891311.5863323,7.0,4.0,-70.0
1777891311.5973325,3.0,1.0,-70.0
1777891311.6063323,-3.0,1.0,-76.0
1777891311.6163323,0.0,1.0,-71.0
1777891311.6263323,1.0,-4.0,-70.0
1777891311.6363325,0.0,-2.0,-69.0
1777891311.6463325,-4.0,-4.0,-69.0
1777891311.6563325,-1.0,1.0,-68.0
1777891311.6663325,0.0,1.0,-68.0
1777891311.6763325,1.0,0.0,-66.0
1777891311.6863325,0.0,0.0,-66.0
1777891311.6963325,0.0,2.0,-61.0
1777891311.7063324,-4.0,2.0,-69.0
1777891311.7163324,1.0,2.0,-68.0
1777891311.7263324,4.0,4.0,-67.0
1777891311.7363324,5.0,3.0,-70.0
1777891311.7463324,9.0,2.0,-71.0
1777891311.7563324,8.0,1.0,-70.0
1777891311.7663324,1.0,-3.0,-71.0
1777891311.7763324,1.0,-2.0,-74.0
1777891311.7863324,-1.0,-1.0,-72.0
1777891311.7963324,0.0,0.0,-72.0
1777891311.8063323,0.0,-1.0,-73.0
1777891311.8163323,3.0,0.0,-73.0
1777891311.8263323,3.0,0.0,-80.0
1777891311.8363323,4.0,-1.0,-69.0
1777891311.8463323,0.0,-1.0,-76.0
1777891311.8563323,0.0,-2.0,-72.0
1777891311.8663323,-1.0,-1.0,-73.0
1777891311.8763323,0.0,0.0,-72.0
1777891311.8863325,0.0,5.0,-69.0
1777891311.8963325,1.0,2.0,-67.0
1777891311.9063325,-1.0,-1.0,-71.0
1777891311.9163325,-1.0,-2.0,-73.0
1777891311.9263325,0.0,-1.0,-75.0
1777891311.9363325,-3.0,-2.0,-72.0
1777891311.9463325,-3.0,-3.0,-64.0
1777891311.9563324,-4.0,-2.0,-65.0
1777891311.9663324,-6.0,-2.0,-62.0
1777891311.9763324,-7.0,-1.0,-62.0
1777891311.9863324,-1.0,0.0,-64.0
1777891311.9963324,-4.0,0.0,-67.0
1777891312.0063324,0.0,1.0,-54.0
1777891312.0163324,-2.0,4.0,-52.0
1777891312.0263324,-1.0,5.0,-58.0
1777891312.0363324,0.0,2.0,-62.0
1777891312.0463324,1.0,-2.0,-64.0
1777891312.0563323,2.0,-4.0,-62.0
1777891312.0663323,0.0,-4.0,-69.0
1777891312.0763323,0.0,-3.0,-65.0
1777891312.0863323,0.0,0.0,-69.0
1777891312.0963323,2.0,0.0,-65.0
1777891312.1063323,3.0,7.0,-68.0
1777891312.1163323,5.0,5.0,-71.0
1777891312.1263323,7.0,4.0,-71.0
1777891312.1363325,8.0,0.0,-75.0
1777891312.1463325,5.0,1.0,-72.0
1777891312.1563325,0.0,3.0,-79.0
1777891312.1663325,0.0,5.0,-82.0
1777891312.1763325,1.0,1.0,-85.0
1777891312.1863325,0.0,4.0,-81.0
1777891312.1963325,3.0,3.0,-79.0
1777891312.2063324,5.0,-1.0,-81.0
1777891312.2163324,0.0,0.0,-76.0
1777891312.2263324,-3.0,2.0,-69.0
1777891312.2363324,-3.0,1.0,-67.0
1777891312.2463324,0.0,0.0,-73.0
1777891312.2563324,4.0,2.0,-81.0
1777891312.2663324,2.0,-2.0,-77.0
1777891312.2763324,5.0,0.0,-73.0
1777891312.2863324,4.0,1.0,-72.0
1777891312.2963324,4.0,2.0,-78.0
1777891312.3063323,4.0,1.0,-82.0
1777891312.3163323,3.0,3.0,-82.0
1777891312.3263323,-2.0,3.0,-75.0
1777891312.3363323,-2.0,5.0,-70.0
1777891312.3463323,0.0,6.0,-78.0
1777891312.3563323,-2.0,2.0,-81.0
1777891312.3663323,0.0,4.0,-79.0
1777891312.3763323,0.0,2.0,-79.0
1777891312.3863325,-5.0,2.0,-77.0
1777891312.3963325,0.0,1.0,-73.0
1777891312.4063325,0.0,-1.0,-75.0
1777891312.4163325,5.0,-2.0,-77.0
1777891312.4263325,7.0,-3.0,-82.0
1777891312.4363325,3.0,1.0,-74.0
1777891312.4463325,3.0,3.0,-71.0
1777891312.4563324,1.0,4.0,-68.0
1777891312.4663324,-4.0,5.0,-73.0
1777891312.4763324,0.0,5.0,-77.0
1777891312.4863324,1.0,4.0,-77.0
1777891312.4963324,1.0,0.0,-81.0
1777891312.5063324,-2.0,-1.0,-86.0
1777891312.5163324,-4.0,-3.0,-86.0
1777891312.5263324,-3.0,-4.0,-83.0
1777891312.5363324,1.0,-5.0,-81.0
1777891312.5463324,1.0,-7.0,-81.0
1777891312.5563323,6.0,-6.0,-80.0
1777891312.5663323,6.0,-7.0,-78.0
1777891312.5763323,5.0,-6.0,-69.0
1777891312.5863323,9.0,-8.0,-68.0
1777891312.5963323,8.0,-8.0,-64.0
1777891312.6063323,8.0,-3.0,-63.0
1777891312.6163323,3.0,-2.0,-64.0
1777891312.6263323,0.0,0.0,-62.0
1777891312.6363325,0.0,-2.0,-75.0
1777891312.6463325,-1.0,1.0,-78.0
1777891312.6563325,-1.0,-1.0,-70.0
1777891312.6673324,-1.0,0.0,-70.0
1777891312.6773324,-2.0,4.0,-64.0
1777891312.6873324,1.0,1.0,-63.0
1777891312.6973324,1.0,2.0,-68.0
1777891312.7073324,4.0,4.0,-65.0
1777891312.7173324,1.0,0.0,-71.0
1777891312.7273324,-1.0,0.0,-69.0
1777891312.7373323,0.0,-4.0,-72.0
1777891312.7473323,0.0,-2.0,-65.0
1777891312.7573323,0.0,2.0,-64.0
1777891312.7673323,-3.0,2.0,-67.0
1777891312.7773323,0.0,-1.0,-61.0
1777891312.7873323,-3.0,-1.0,-67.0
1777891312.7973323,-9.0,-1.0,-75.0
1777891312.8073325,-5.0,-1.0,-72.0
1777891312.8173325,-4.0,1.0,-69.0
1777891312.8273325,-4.0,5.0,-73.0
1777891312.8373325,-3.0,5.0,-69.0
1777891312.8473325,-2.0,7.0,-64.0
1777891312.8573325,0.0,2.0,-64.0
1777891312.8673325,3.0,0.0,-67.0
1777891312.8773324,0.0,0.0,-63.0
1777891312.8873324,3.0,-2.0,-61.0
1777891312.8973324,4.0,0.0,-65.0
1777891312.9073324,2.0,0.0,-64.0
1777891312.9173324,3.0,-1.0,-66.0
1777891312.9273324,2.0,0.0,-66.0
1777891312.9373324,0.0,0.0,-71.0
1777891312.9473324,3.0,0.0,-73.0
1777891312.9573324,3.0,-3.0,-79.0
1777891312.9673324,-3.0,-3.0,-79.0
1777891312.9773324,-3.0,-1.0,-78.0
1777891312.9873323,-2.0,-1.0,-81.0
1777891312.9973323,-4.0,-2.0,-87.0
1777891313.0073323,-1.0,0.0,-86.0
1777891313.0173323,-3.0,-3.0,-77.0
1777891313.0273323,0.0,-5.0,-73.0
1777891313.0373323,1.0,-8.0,-65.0
1777891313.0473323,2.0,-5.0,-62.0
1777891313.0573325,3.0,-5.0,-60.0
1777891313.0673325,4.0,0.0,-63.0
1777891313.0773325,4.0,1.0,-65.0
1777891313.0873325,2.0,1.0,-73.0
1777891313.0973325,0.0,-1.0,-72.0
1777891313.1073325,3.0,0.0,-72.0
1777891313.1173325,3.0,0.0,-80.0
1777891313.1273324,8.0,-3.0,-80.0
1777891313.1373324,7.0,-1.0,-82.0
1777891313.1473324,3.0,-1.0,-82.0
1777891313.1573324,0.0,-4.0,-78.0
1777891313.1673324,-2.0,-6.0,-74.0
1777891313.1773324,-2.0,0.0,-77.0
1777891313.1873324,-5.0,0.0,-84.0
1777891313.1973324,-2.0,-4.0,-79.0
1777891313.2073324,-1.0,-7.0,-80.0
1777891313.2173324,0.0,-4.0,-79.0
1777891313.2273324,3.0,-6.0,-75.0
1777891313.2373323,5.0,-7.0,-79.0
1777891313.2473323,4.0,-9.0,-76.0
1777891313.2573323,3.0,-8.0,-77.0
1777891313.2673323,4.0,-9.0,-75.0
1777891313.2773323,5.0,-4.0,-78.0
1777891313.2873323,1.0,2.0,-74.0
1777891313.2973323,0.0,2.0,-71.0
1777891313.3073325,-3.0,0.0,-67.0
1777891313.3173325,-2.0,-2.0,-72.0
1777891313.3273325,0.0,-4.0,-73.0
1777891313.3373325,4.0,-6.0,-67.0
1777891313.3473325,0.0,-2.0,-72.0
1777891313.3573325,0.0,-1.0,-70.0
1777891313.3673325,-1.0,-4.0,-66.0
1777891313.3773324,-2.0,-5.0,-67.0
1777891313.3873324,-4.0,-3.0,-67.0
1777891313.3973324,-2.0,-4.0,-63.0
1777891313.4073324,0.0,-2.0,-67.0
1777891313.4173324,2.0,-7.0,-65.0
1777891313.4273324,3.0,-6.0,-74.0
1777891313.4373324,2.0,-3.0,-70.0
1777891313.4473324,2.0,-3.0,-71.0
1777891313.4573324,1.0,-6.0,-74.0
1777891313.4673324,0.0,-6.0,-80.0
1777891313.4773324,0.0,-4.0,-82.0
1777891313.4873323,1.0,-3.0,-81.0
1777891313.4973323,0.0,-3.0,-81.0
1777891313.5073323,0.0,-4.0,-81.0
1777891313.5173323,-5.0,-3.0,-86.0
1777891313.5283325,-5.0,-5.0,-79.0
1777891313.5373323,-7.0,-8.0,-77.0
1777891313.5473323,-5.0,-5.0,-75.0
1777891313.5573325,-2.0,-3.0,-74.0
1777891313.5673325,-1.0,1.0,-72.0
1777891313.5773325,-1.0,0.0,-65.0
1777891313.5873325,0.0,5.0,-63.0
1777891313.5973325,0.0,8.0,-59.0
1777891313.6073325,1.0,4.0,-54.0
1777891313.6173325,1.0,3.0,-58.0
1777891313.6273324,4.0,0.0,-57.0
1777891313.6373324,6.0,1.0,-62.0
1777891313.6473324,5.0,0.0,-63.0
1777891313.6573324,8.0,0.0,-62.0
1777891313.6673324,8.0,-3.0,-61.0
1777891313.6773324,13.0,0.0,-63.0
1777891313.6873324,14.0,0.0,-66.0
1777891313.6973324,10.0,-1.0,-71.0
1777891313.7073324,7.0,0.0,-74.0
1777891313.7173324,5.0,1.0,-71.0
1777891313.7273324,6.0,1.0,-68.0
1777891313.7373323,3.0,5.0,-70.0
1777891313.7473323,1.0,7.0,-76.0
1777891313.7573323,5.0,3.0,-71.0
1777891313.7673323,3.0,1.0,-79.0
1777891313.7773323,5.0,0.0,-79.0
1777891313.7873323,1.0,1.0,-76.0
1777891313.7973323,-2.0,6.0,-69.0
1777891313.8073325,0.0,6.0,-71.0
1777891313.8173325,0.0,1.0,-72.0
1777891313.8273325,3.0,4.0,-73.0
1777891313.8373325,6.0,5.0,-67.0
1777891313.8473325,12.0,9.0,-69.0
1777891313.8573325,11.0,8.0,-72.0
1777891313.8673325,2.0,6.0,-71.0
1777891313.8773324,-3.0,5.0,-69.0
1777891313.8873324,-4.0,1.0,-72.0
1777891313.8973324,-3.0,0.0,-75.0
1777891313.9073324,-8.0,-1.0,-69.0
1777891313.9173324,-7.0,-4.0,-72.0
1777891313.9273324,-3.0,0.0,-77.0
1777891313.9373324,-5.0,-3.0,-78.0
1777891313.9473324,-6.0,-4.0,-79.0
1777891313.9573324,-4.0,-3.0,-71.0
1777891313.9673324,1.0,-5.0,-70.0
1777891313.9773324,4.0,-5.0,-67.0
1777891313.9873323,3.0,-3.0,-71.0
1777891313.9973323,-1.0,0.0,-71.0
1777891314.0073323,1.0,0.0,-71.0
1777891314.0173323,1.0,2.0,-70.0
1777891314.0273323,0.0,1.0,-68.0
1777891314.0373323,2.0,1.0,-71.0
1777891314.0473323,0.0,0.0,-74.0
1777891314.0573325,-2.0,4.0,-75.0
1777891314.0673325,-4.0,7.0,-74.0
1777891314.0773325,-1.0,5.0,-75.0
1777891314.0873325,-3.0,4.0,-76.0
1777891314.0973325,-6.0,4.0,-79.0
1777891314.1073325,-7.0,4.0,-74.0
1777891314.1173325,-8.0,2.0,-74.0
1777891314.1273324,-8.0,-2.0,-67.0
1777891314.1373324,-3.0,-2.0,-74.0
1777891314.1473324,-4.0,1.0,-77.0
1777891314.1573324,0.0,0.0,-76.0
1777891314.1673324,2.0,0.0,-77.0
1777891314.1773324,0.0,2.0,-75.0
1777891314.1873324,1.0,3.0,-75.0
1777891314.1973324,0.0,2.0,-82.0
1777891314.2073324,0.0,1.0,-77.0
1777891314.2173324,-1.0,2.0,-78.0
1777891314.2273324,-5.0,1.0,-84.0
1777891314.2373323,-1.0,-3.0,-83.0
1777891314.2473323,-1.0,-4.0,-73.0
1777891314.2573323,2.0,-3.0,-73.0
1777891314.2673323,0.0,-1.0,-72.0
1777891314.2773323,-2.0,-1.0,-68.0
1777891314.2873323,-3.0,0.0,-66.0
1777891314.2973323,2.0,0.0,-67.0
1777891314.3073325,3.0,-1.0,-69.0
1777891314.3173325,0.0,-2.0,-69.0
1777891314.3273325,0.0,-5.0,-70.0
1777891314.3373325,2.0,-3.0,-74.0
1777891314.3473325,2.0,-1.0,-77.0
1777891314.3573325,2.0,0.0,-78.0
1777891314.3673325,3.0,0.0,-74.0
1777891314.3773324,5.0,2.0,-74.0
1777891314.3873324,4.0,7.0,-73.0
1777891314.3973324,4.0,4.0,-79.0
1777891314.4073324,1.0,5.0,-84.0
1777891314.4173324,-3.0,0.0,-82.0
1777891314.4273324,-5.0,-1.0,-82.0
1777891314.4373324,-8.0,-3.0,-78.0
1777891314.4473324,-10.0,0.0,-70.0
1777891314.4573324,-12.0,1.0,-70.0
1777891314.4673324,-9.0,0.0,-70.0
1777891314.4773324,0.0,-1.0,-72.0
1777891314.4873323,1.0,-3.0,-72.0
1777891314.4973323,-1.0,-5.0,-73.0
1777891314.5073323,-2.0,0.0,-79.0
1777891314.5173323,-2.0,1.0,-80.0
1777891314.5273323,0.0,0.0,-82.0
1777891314.5373323,3.0,1.0,-79.0
1777891314.5473323,4.0,1.0,-77.0
1777891314.5573325,2.0,3.0,-73.0
1777891314.5673325,2.0,6.0,-68.0
1777891314.5773325,2.0,6.0,-68.0
1777891314.5873325,2.0,5.0,-64.0
1777891314.5973325,0.0,4.0,-67.0
1777891314.6073325,-1.0,4.0,-63.0
1777891314.6173325,0.0,6.0,-56.0
1777891314.6273324,5.0,5.0,-62.0
1777891314.6373324,6.0,3.0,-63.0
1777891314.6483324,10.0,-3.0,-60.0
1777891314.6583323,7.0,-4.0,-62.0
1777891314.6683323,5.0,-3.0,-57.0
1777891314.6783323,9.0,-1.0,-59.0
1777891314.6883323,7.0,0.0,-61.0
1777891314.6983323,8.0,1.0,-68.0
1777891314.7083323,9.0,1.0,-70.0
1777891314.7183323,6.0,1.0,-63.0
1777891314.7283323,-1.0,2.0,-71.0
1777891314.7383325,1.0,1.0,-72.0
1777891314.7483325,0.0,-2.0,-78.0
1777891314.7583325,3.0,0.0,-79.0
1777891314.7683325,3.0,0.0,-71.0
1777891314.7783325,2.0,2.0,-72.0
1777891314.7883325,1.0,6.0,-70.0
1777891314.7983325,0.0,5.0,-70.0
1777891314.8083324,7.0,6.0,-74.0
1777891314.8183324,8.0,3.0,-75.0
1777891314.8283324,7.0,4.0,-70.0
1777891314.8383324,6.0,8.0,-69.0
1777891314.8483324,7.0,7.0,-70.0
1777891314.8583324,7.0,8.0,-67.0
1777891314.8683324,11.0,8.0,-71.0
1777891314.8783324,11.0,6.0,-68.0
1777891314.8883324,8.0,7.0,-69.0
1777891314.8983324,7.0,7.0,-61.0
1777891314.9083323,9.0,4.0,-63.0
1777891314.9183323,8.0,3.0,-64.0
1777891314.9283323,5.0,-1.0,-67.0
1777891314.9383323,7.0,-6.0,-73.0
1777891314.9483323,7.0,-5.0,-78.0
1777891314.9583323,0.0,0.0,-78.0
1777891314.9683323,3.0,4.0,-72.0
1777891314.9783323,4.0,-2.0,-70.0
1777891314.9883325,5.0,-1.0,-71.0
1777891314.9983325,1.0,-2.0,-66.0
1777891315.0083325,1.0,0.0,-73.0
1777891315.0183325,2.0,1.0,-72.0
1777891315.0283325,0.0,-1.0,-70.0
1777891315.0383325,-4.0,0.0,-76.0
1777891315.0483325,-3.0,-2.0,-76.0
1777891315.0583324,-4.0,-6.0,-75.0
1777891315.0683324,-4.0,-1.0,-74.0
1777891315.0783324,-4.0,0.0,-67.0
1777891315.0883324,-1.0,2.0,-68.0
1777891315.0983324,-1.0,3.0,-65.0
1777891315.1083324,2.0,6.0,-66.0
1777891315.1183324,4.0,0.0,-66.0
1777891315.1283324,3.0,-1.0,-64.0
1777891315.1383324,2.0,2.0,-63.0
1777891315.1483324,2.0,3.0,-68.0
1777891315.1583323,3.0,6.0,-68.0
1777891315.1683323,0.0,5.0,-71.0
1777891315.1783323,-1.0,3.0,-68.0
1777891315.1883323,-1.0,2.0,-67.0
1777891315.1983323,-2.0,0.0,-72.0
1777891315.2083323,-5.0,0.0,-74.0
1777891315.2183323,-5.0,0.0,-74.0
1777891315.2283323,1.0,-1.0,-86.0
1777891315.2383325,0.0,0.0,-86.0
1777891315.2483325,0.0,2.0,-78.0
1777891315.2583325,-4.0,0.0,-76.0
1777891315.2683325,-1.0,-1.0,-72.0
1777891315.2783325,-4.0,-3.0,-74.0
1777891315.2883325,2.0,-1.0,-68.0
1777891315.2983325,0.0,3.0,-69.0
1777891315.3083324,-1.0,3.0,-70.0
1777891315.3183324,0.0,1.0,-70.0
1777891315.3283324,1.0,1.0,-67.0
1777891315.3383324,2.0,-4.0,-71.0
1777891315.3483324,3.0,-3.0,-67.0
1777891315.3583324,1.0,-4.0,-67.0
1777891315.3683324,4.0,0.0,-71.0
1777891315.3783324,7.0,-2.0,-71.0
1777891315.3883324,5.0,-2.0,-72.0
1777891315.3983324,4.0,-2.0,-80.0
1777891315.4083323,5.0,0.0,-80.0
1777891315.4183323,1.0,0.0,-68.0
1777891315.4283323,1.0,-2.0,-60.0
1777891315.4383323,-3.0,-1.0,-61.0
1777891315.4483323,-1.0,2.0,-64.0
1777891315.4583323,-2.0,6.0,-65.0
1777891315.4683323,-5.0,7.0,-68.0
1777891315.4783323,-5.0,5.0,-68.0
1777891315.4883325,-4.0,3.0,-66.0
1777891315.4983325,-2.0,3.0,-70.0
1777891315.5083325,-4.0,1.0,-76.0
1777891315.5183325,-2.0,0.0,-70.0
1777891315.5283325,0.0,-2.0,-69.0
1777891315.5383325,2.0,-3.0,-69.0
1777891315.5483325,3.0,-1.0,-69.0
1777891315.5583324,5.0,0.0,-70.0
1777891315.5683324,7.0,-1.0,-66.0
1777891315.5783324,4.0,-3.0,-62.0
1777891315.5883324,5.0,0.0,-58.0
1777891315.5983324,1.0,-1.0,-61.0
1777891315.6083324,-1.0,0.0,-68.0
1777891315.6183324,-4.0,1.0,-78.0
1777891315.6283324,0.0,0.0,-80.0
1777891315.6383324,1.0,4.0,-72.0
1777891315.6483324,0.0,3.0,-68.0
1777891315.6583323,2.0,2.0,-73.0
1777891315.6683323,8.0,-4.0,-72.0
1777891315.6783323,9.0,-4.0,-73.0
1777891315.6883323,2.0,-4.0,-83.0
1777891315.6983323,0.0,0.0,-89.0
1777891315.7083323,1.0,1.0,-79.0
1777891315.7183323,2.0,1.0,-77.0
1777891315.7283323,4.0,1.0,-76.0
1777891315.7383325,2.0,1.0,-71.0
1777891315.7483325,0.0,3.0,-69.0
1777891315.7583325,2.0,0.0,-72.0
1777891315.7683325,2.0,-1.0,-73.0
1777891315.7783325,4.0,-3.0,-72.0
1777891315.7883325,1.0,-4.0,-72.0
1777891315.7983325,0.0,-6.0,-71.0
1777891315.8083324,-1.0,-6.0,-63.0
1777891315.8183324,-5.0,-2.0,-65.0
1777891315.8283324,0.0,0.0,-68.0
1777891315.8383324,0.0,-1.0,-65.0
1777891315.8483324,2.0,-3.0,-69.0
1777891315.8583324,6.0,-4.0,-66.0
1777891315.8683324,10.0,-4.0,-68.0
1777891315.8783324,10.0,-1.0,-66.0
1777891315.8883324,8.0,-2.0,-68.0
1777891315.8983324,5.0,-4.0,-66.0
1777891315.9083323,3.0,-6.0,-70.0
1777891315.9183323,2.0,-6.0,-64.0
1777891315.9283323,0.0,-4.0,-67.0
1777891315.9383323,1.0,-1.0,-71.0
1777891315.9483323,-1.0,-6.0,-72.0
1777891315.9583323,3.0,-8.0,-76.0
1777891315.9683323,3.0,-7.0,-76.0
1777891315.9783323,4.0,-7.0,-75.0
1777891315.9883325,4.0,-5.0,-75.0
1777891315.9983325,1.0,-4.0,-77.0
1777891316.0083325,1.0,-2.0,-68.0
1777891316.0183325,2.0,-5.0,-63.0
1777891316.0283325,3.0,-3.0,-63.0
1777891316.0383325,4.0,-5.0,-66.0
1777891316.0483325,4.0,-4.0,-72.0
1777891316.0583324,2.0,-5.0,-76.0
1777891316.0683324,1.0,-6.0,-74.0
1777891316.0783324,-2.0,-6.0,-73.0
1777891316.0883324,-2.0,-4.0,-74.0
1777891316.0983324,-3.0,-4.0,-74.0
1777891316.1083324,-4.0,-1.0,-72.0
1777891316.1183324,-2.0,2.0,-70.0
1777891316.1283324,-5.0,0.0,-68.0
1777891316.1383324,-4.0,0.0,-71.0
1777891316.1483324,-1.0,2.0,-73.0
1777891316.1583323,-3.0,2.0,-71.0
1777891316.1683323,0.0,0.0,-71.0
1777891316.1783323,1.0,-1.0,-71.0
1777891316.1883323,0.0,-1.0,-72.0
1777891316.1983323,0.0,1.0,-70.0
1777891316.2083323,1.0,-2.0,-70.0
1777891316.2183323,1.0,0.0,-65.0
1777891316.2283323,-3.0,1.0,-67.0
1777891316.2383325,-6.0,1.0,-68.0
1777891316.2483325,-5.0,3.0,-65.0
1777891316.2583325,0.0,4.0,-65.0
1777891316.2683325,4.0,3.0,-69.0
1777891316.2783325,5.0,1.0,-74.0
1777891316.2883325,6.0,0.0,-73.0
1777891316.2983325,5.0,2.0,-74.0
1777891316.3083324,4.0,5.0,-77.0
1777891316.3183324,3.0,7.0,-79.0
1777891316.3283324,4.0,7.0,-88.0
1777891316.3383324,3.0,7.0,-80.0
1777891316.3483324,6.0,5.0,-84.0
1777891316.3583324,5.0,4.0,-77.0
1777891316.3683324,3.0,3.0,-76.0
1777891316.3783324,0.0,7.0,-69.0
1777891316.3883324,3.0,3.0,-71.0
1777891316.3983324,2.0,1.0,-69.0
1777891316.4083323,1.0,2.0,-66.0
1777891316.4183323,3.0,1.0,-64.0
1777891316.4283323,3.0,2.0,-66.0
1777891316.4383323,3.0,0.0,-67.0
1777891316.4483323,2.0,-3.0,-71.0
1777891316.4583323,-2.0,-4.0,-83.0
1777891316.4683323,0.0,0.0,-80.0
1777891316.4783323,1.0,4.0,-75.0
1777891316.4883325,2.0,2.0,-72.0
1777891316.4983325,-2.0,4.0,-74.0
1777891316.5083325,0.0,1.0,-76.0
1777891316.5183325,-3.0,1.0,-81.0
1777891316.5283325,-2.0,1.0,-80.0
1777891316.5383325,-1.0,2.0,-72.0
1777891316.5483325,-3.0,-1.0,-74.0
1777891316.5583324,-9.0,-3.0,-75.0
1777891316.5683324,-6.0,-4.0,-75.0
1777891316.5783324,-4.0,-4.0,-77.0
1777891316.5883324,-1.0,-2.0,-72.0
1777891316.5983324,0.0,0.0,-71.0
1777891316.6093323,0.0,0.0,-77.0
1777891316.6183324,-1.0,-1.0,-76.0
1777891316.6283324,3.0,0.0,-78.0
1777891316.6393323,3.0,2.0,-82.0
1777891316.6493323,3.0,0.0,-78.0
1777891316.6593325,4.0,2.0,-75.0
1777891316.6693325,-1.0,0.0,-71.0
1777891316.6793325,-1.0,-3.0,-74.0
1777891316.6893325,-1.0,-1.0,-74.0
1777891316.6993325,-1.0,-3.0,-79.0
1777891316.7093325,1.0,-4.0,-72.0
1777891316.7193325,1.0,-2.0,-71.0
1777891316.7293324,5.0,-2.0,-69.0
1777891316.7393324,3.0,1.0,-65.0
1777891316.7493324,0.0,4.0,-65.0
1777891316.7593324,0.0,6.0,-72.0
1777891316.7693324,3.0,7.0,-70.0
1777891316.7793324,1.0,5.0,-70.0
1777891316.7893324,1.0,1.0,-85.0
1777891316.7993324,2.0,0.0,-81.0
1777891316.8093324,-1.0,-4.0,-78.0
1777891316.8193324,3.0,-3.0,-77.0
1777891316.8293324,0.0,-6.0,-82.0
1777891316.8393323,0.0,-2.0,-82.0
1777891316.8493323,-3.0,-6.0,-76.0
1777891316.8593323,1.0,-4.0,-76.0
1777891316.8693323,0.0,-5.0,-77.0
1777891316.8793323,1.0,-4.0,-78.0
1777891316.8893323,4.0,-10.0,-72.0
1777891316.8993323,6.0,-6.0,-69.0
1777891316.9093325,0.0,-4.0,-71.0
1777891316.9193325,0.0,1.0,-67.0
1777891316.9293325,0.0,0.0,-67.0
1777891316.9393325,2.0,0.0,-65.0
1777891316.9493325,2.0,5.0,-64.0
1777891316.9593325,1.0,1.0,-67.0
1777891316.9693325,4.0,1.0,-72.0
1777891316.9793324,5.0,0.0,-70.0
1777891316.9893324,5.0,2.0,-63.0
1777891316.9993324,7.0,3.0,-61.0
1777891317.0093324,5.0,4.0,-62.0
1777891317.0193324,1.0,8.0,-61.0
1777891317.0293324,-4.0,7.0,-65.0
1777891317.0393324,-5.0,7.0,-69.0
1777891317.0493324,-6.0,1.0,-64.0
1777891317.0593324,-10.0,-4.0,-60.0
1777891317.0693324,-7.0,-6.0,-63.0
1777891317.0793324,-1.0,-7.0,-67.0
1777891317.0893323,0.0,-6.0,-73.0
1777891317.0993323,-2.0,-2.0,-77.0
1777891317.1093323,0.0,-4.0,-68.0
1777891317.1193323,1.0,-5.0,-72.0
1777891317.1293323,1.0,-4.0,-71.0
1777891317.1393323,1.0,0.0,-62.0
1777891317.1493323,0.0,5.0,-71.0
1777891317.1593325,0.0,0.0,-76.0
1777891317.1693325,0.0,-2.0,-75.0
1777891317.1793325,-2.0,0.0,-72.0
1777891317.1893325,-1.0,0.0,-78.0
1777891317.1993325,1.0,-1.0,-77.0
1777891317.2093325,6.0,-9.0,-74.0
1777891317.2193325,6.0,-7.0,-72.0
1777891317.2293324,4.0,-8.0,-72.0
1777891317.2393324,9.0,-4.0,-77.0
1777891317.2493324,9.0,2.0,-75.0
1777891317.2593324,3.0,3.0,-74.0
1777891317.2693324,7.0,1.0,-76.0
1777891317.2793324,8.0,3.0,-79.0
1777891317.2893324,7.0,0.0,-82.0
1777891317.2993324,6.0,1.0,-84.0
1777891317.3093324,3.0,-1.0,-81.0
1777891317.3193324,7.0,-5.0,-79.0
1777891317.3293324,4.0,-6.0,-73.0
1777891317.3393323,6.0,-7.0,-71.0
1777891317.3493323,3.0,-5.0,-75.0
1777891317.3593323,0.0,-8.0,-76.0
1777891317.3693323,4.0,-5.0,-73.0
1777891317.3793323,4.0,-2.0,-68.0
1777891317.3893323,2.0,0.0,-64.0
1777891317.3993323,-3.0,-1.0,-71.0
1777891317.4093325,-5.0,1.0,-67.0
1777891317.4193325,-1.0,-3.0,-71.0
1777891317.4293325,0.0,0.0,-72.0
1777891317.4393325,2.0,-1.0,-72.0
1777891317.4493325,-5.0,1.0,-71.0
1777891317.4593325,-6.0,2.0,-71.0
1777891317.4693325,-2.0,4.0,-70.0
1777891317.4793324,-7.0,0.0,-65.0
1777891317.4893324,-4.0,-3.0,-70.0
1777891317.4993324,3.0,-4.0,-68.0
1777891317.5093324,0.0,-6.0,-70.0
1777891317.5193324,5.0,-8.0,-69.0
1777891317.5293324,3.0,-8.0,-75.0
1777891317.5393324,5.0,-4.0,-78.0
1777891317.5493324,7.0,-5.0,-81.0
1777891317.5593324,5.0,-5.0,-81.0
1777891317.5693324,1.0,-4.0,-78.0
1777891317.5793324,-1.0,-3.0,-80.0
1777891317.5893323,-3.0,-6.0,-83.0
1777891317.5993323,-2.0,-4.0,-86.0
1777891317.6093323,0.0,-5.0,-84.0
1777891317.6193323,0.0,-3.0,-82.0
1777891317.6293323,0.0,-1.0,-79.0
1777891317.6393323,0.0,-3.0,-77.0
1777891317.6493323,-2.0,-4.0,-76.0
1777891317.6593325,1.0,-6.0,-76.0
1777891317.6693325,3.0,-2.0,-68.0
1777891317.6793325,6.0,2.0,-70.0
1777891317.6893325,4.0,1.0,-64.0
1777891317.6993325,2.0,0.0,-67.0
1777891317.7093325,2.0,2.0,-65.0
1777891317.7193325,3.0,0.0,-67.0
1777891317.7293324,1.0,-2.0,-70.0
1777891317.7393324,4.0,-6.0,-67.0
1777891317.7493324,-2.0,-6.0,-64.0
1777891317.7593324,-4.0,-5.0,-59.0
1777891317.7693324,-1.0,-4.0,-64.0
1777891317.7793324,-1.0,-2.0,-67.0
1777891317.7893324,1.0,-4.0,-67.0
1777891317.7993324,1.0,-5.0,-59.0
1777891317.8093324,0.0,-4.0,-68.0
1777891317.8193324,0.0,-3.0,-66.0
1777891317.8293324,0.0,-8.0,-76.0
1777891317.8393323,4.0,-9.0,-74.0
1777891317.8493323,5.0,-6.0,-72.0
1777891317.8593323,1.0,-5.0,-73.0
1777891317.8693323,-8.0,0.0,-71.0
1777891317.8793323,-5.0,3.0,-62.0
1777891317.8893323,-2.0,6.0,-63.0
1777891317.8993323,-3.0,4.0,-57.0
1777891317.9093325,-2.0,3.0,-55.0
1777891317.9193325,0.0,-1.0,-60.0
1777891317.9293325,0.0,-1.0,-61.0
1777891317.9393325,-7.0,-1.0,-63.0
1777891317.9493325,-3.0,-6.0,-68.0
1777891317.9593325,-1.0,-6.0,-71.0
1777891317.9693325,-2.0,-7.0,-71.0
1777891317.9793324,-5.0,-7.0,-78.0
1777891317.9893324,-5.0,-8.0,-80.0
1777891317.9993324,-5.0,-6.0,-80.0
1777891318.0093324,-7.0,-6.0,-81.0
1777891318.0193324,-2.0,-4.0,-81.0
1777891318.0293324,0.0,-8.0,-76.0
1777891318.0393324,0.0,-7.0,-80.0
1777891318.0493324,2.0,-6.0,-76.0
1777891318.0593324,4.0,-5.0,-78.0
1777891318.0693324,4.0,-3.0,-76.0
1777891318.0793324,2.0,0.0,-77.0
1777891318.0893323,1.0,1.0,-80.0
1777891318.0993323,-4.0,-4.0,-77.0
1777891318.1093323,-8.0,-4.0,-77.0
1777891318.1193323,-7.0,-4.0,-74.0
1777891318.1293323,-1.0,-7.0,-73.0
1777891318.1393323,-2.0,-3.0,-72.0
1777891318.1493323,-2.0,1.0,-70.0
1777891318.1593325,-5.0,0.0,-68.0
1777891318.1693325,-4.0,-2.0,-66.0
1777891318.1793325,0.0,0.0,-67.0
1777891318.1893325,0.0,0.0,-67.0
1777891318.1993325,3.0,1.0,-66.0
1777891318.2093325,4.0,6.0,-70.0
1777891318.2193325,6.0,3.0,-72.0
1777891318.2293324,8.0,2.0,-68.0
1777891318.2393324,5.0,4.0,-68.0
1777891318.2493324,0.0,6.0,-74.0
1777891318.2593324,0.0,0.0,-80.0
1777891318.2693324,5.0,0.0,-76.0
1777891318.2793324,7.0,-2.0,-71.0
1777891318.2893324,8.0,-1.0,-67.0
1777891318.2993324,5.0,0.0,-67.0
1777891318.3093324,5.0,1.0,-71.0
1777891318.3193324,3.0,1.0,-72.0
1777891318.3293324,0.0,-1.0,-69.0
1777891318.3393323,1.0,-4.0,-76.0
1777891318.3493323,4.0,-2.0,-73.0
1777891318.3593323,0.0,-3.0,-71.0
1777891318.3693323,0.0,-1.0,-65.0
1777891318.3793323,-4.0,-4.0,-58.0
1777891318.3893323,-1.0,-6.0,-61.0
1777891318.3993323,2.0,-7.0,-66.0
1777891318.4093325,0.0,-14.0,-72.0
1777891318.4193325,0.0,-14.0,-73.0
1777891318.4293325,-3.0,-7.0,-75.0
1777891318.4393325,-1.0,-4.0,-71.0
1777891318.4493325,-1.0,-2.0,-73.0
1777891318.4593325,-2.0,-2.0,-75.0
1777891318.4693325,-2.0,0.0,-76.0
1777891318.4793324,-3.0,-5.0,-78.0
1777891318.4893324,-5.0,-2.0,-81.0
1777891318.4993324,0.0,0.0,-78.0
1777891318.5093324,0.0,-4.0,-83.0
1777891318.5193324,-1.0,-1.0,-91.0
1777891318.5293324,4.0,0.0,-88.0
1777891318.5393324,4.0,-3.0,-81.0
1777891318.5493324,7.0,-2.0,-77.0
1777891318.5593324,3.0,-2.0,-76.0
1777891318.5693324,0.0,-2.0,-74.0
1777891318.5803325,2.0,-6.0,-70.0
1777891318.5903325,7.0,-6.0,-66.0
1777891318.6003325,8.0,-3.0,-73.0
1777891318.6093323,10.0,0.0,-73.0
1777891318.6203325,10.0,-1.0,-77.0
1777891318.6303325,3.0,0.0,-73.0
1777891318.6403325,0.0,1.0,-74.0
1777891318.6503325,-1.0,1.0,-70.0
1777891318.6603324,-1.0,2.0,-67.0
1777891318.6703324,1.0,1.0,-67.0
1777891318.6803324,1.0,1.0,-75.0
1777891318.6903324,0.0,1.0,-77.0
1777891318.7003324,-2.0,0.0,-75.0
1777891318.7103324,-1.0,-1.0,-78.0
1777891318.7203324,0.0,-1.0,-75.0
1777891318.7303324,-1.0,-1.0,-72.0
1777891318.7403324,0.0,1.0,-74.0
1777891318.7503324,0.0,3.0,-73.0
1777891318.7603323,1.0,5.0,-79.0
1777891318.7703323,3.0,2.0,-84.0
1777891318.7803323,5.0,0.0,-73.0
1777891318.7903323,1.0,0.0,-72.0
1777891318.8003323,3.0,0.0,-67.0
1777891318.8103323,3.0,-2.0,-65.0
1777891318.8203323,1.0,-5.0,-66.0
1777891318.8303325,-4.0,-2.0,-59.0
1777891318.8403325,-4.0,-3.0,-60.0
1777891318.8503325,-6.0,-1.0,-57.0
1777891318.8603325,-5.0,-2.0,-67.0
1777891318.8703325,-4.0,-1.0,-70.0
1777891318.8803325,-7.0,0.0,-72.0
1777891318.8903325,-4.0,2.0,-70.0
1777891318.9003325,-1.0,-1.0,-76.0
1777891318.9103324,0.0,0.0,-81.0
1777891318.9203324,-4.0,-1.0,-85.0
1777891318.9303324,-7.0,3.0,-91.0
1777891318.9403324,-10.0,4.0,-85.0
1777891318.9503324,-3.0,6.0,-85.0
1777891318.9603324,0.0,5.0,-84.0
1777891318.9703324,0.0,4.0,-79.0
1777891318.9803324,5.0,4.0,-77.0
1777891318.9903324,1.0,3.0,-70.0
1777891319.0003324,2.0,2.0,-61.0
1777891319.0103323,-4.0,0.0,-69.0
1777891319.0203323,-2.0,0.0,-74.0
1777891319.0303323,-2.0,3.0,-67.0
1777891319.0403323,-2.0,1.0,-66.0
1777891319.0503323,-2.0,-3.0,-59.0
1777891319.0603323,0.0,-4.0,-60.0
1777891319.0703323,3.0,-3.0,-56.0
1777891319.0803325,0.0,-4.0,-58.0
1777891319.0903325,0.0,-5.0,-61.0
1777891319.1003325,-1.0,-8.0,-57.0
1777891319.1103325,5.0,-10.0,-60.0
1777891319.1203325,3.0,-8.0,-65.0
1777891319.1303325,2.0,-7.0,-70.0
1777891319.1403325,1.0,-3.0,-72.0
1777891319.1503325,0.0,-3.0,-69.0
1777891319.1603324,0.0,-5.0,-67.0
1777891319.1703324,0.0,-2.0,-64.0
1777891319.1803324,2.0,0.0,-69.0
1777891319.1903324,4.0,0.0,-64.0
1777891319.2003324,6.0,0.0,-67.0
1777891319.2103324,3.0,-2.0,-73.0
1777891319.2203324,6.0,-2.0,-66.0
1777891319.2303324,2.0,0.0,-67.0
1777891319.2403324,2.0,0.0,-66.0
1777891319.2503324,0.0,-1.0,-64.0
1777891319.2603323,0.0,2.0,-61.0
1777891319.2703323,1.0,2.0,-65.0
1777891319.2803323,0.0,1.0,-67.0
1777891319.2903323,-1.0,0.0,-64.0
1777891319.3003323,-5.0,0.0,-60.0
1777891319.3103323,0.0,-1.0,-66.0
1777891319.3203323,0.0,5.0,-62.0
1777891319.3303325,0.0,2.0,-68.0
1777891319.3403325,0.0,4.0,-66.0
1777891319.3503325,0.0,2.0,-69.0
1777891319.3603325,1.0,-1.0,-66.0
1777891319.3703325,0.0,0.0,-69.0
1777891319.3803325,2.0,-1.0,-69.0
1777891319.3903325,3.0,-6.0,-70.0
1777891319.4003325,1.0,-3.0,-68.0
1777891319.4103324,0.0,-7.0,-66.0
1777891319.4203324,0.0,-7.0,-67.0
1777891319.4303324,7.0,-7.0,-66.0
1777891319.4403324,8.0,-8.0,-67.0
1777891319.4503324,7.0,-6.0,-65.0
1777891319.4603324,6.0,-6.0,-69.0
1777891319.4703324,3.0,-7.0,-74.0
1777891319.4803324,1.0,-9.0,-81.0
1777891319.4903324,5.0,-5.0,-82.0
1777891319.5003324,7.0,0.0,-82.0
1777891319.5103323,8.0,-1.0,-86.0
1777891319.5203323,3.0,-5.0,-90.0
1777891319.5303323,0.0,-2.0,-84.0
1777891319.5403323,1.0,0.0,-79.0
1777891319.5503323,-3.0,1.0,-73.0
1777891319.5603323,-1.0,0.0,-72.0
1777891319.5703323,4.0,-1.0,-73.0
1777891319.5803325,5.0,1.0,-72.0
1777891319.5903325,0.0,3.0,-74.0
1777891319.6003325,0.0,5.0,-75.0
1777891319.6103325,-2.0,6.0,-79.0
1777891319.6203325,-4.0,4.0,-73.0
1777891319.6303325,-5.0,2.0,-66.0
1777891319.6403325,0.0,0.0,-68.0
1777891319.6503325,1.0,2.0,-76.0
1777891319.6613324,2.0,0.0,-77.0
1777891319.6703324,5.0,0.0,-78.0
1777891319.6803324,7.0,-4.0,-69.0
1777891319.6903324,10.0,-2.0,-66.0
1777891319.7003324,5.0,0.0,-65.0
1777891319.7103324,6.0,-1.0,-66.0
1777891319.7203324,3.0,-1.0,-64.0
1777891319.7303324,0.0,-2.0,-70.0
1777891319.7403324,6.0,-4.0,-77.0
1777891319.7503324,10.0,-5.0,-75.0
1777891319.7603323,9.0,-5.0,-65.0
1777891319.7703323,5.0,-7.0,-66.0
1777891319.7803323,5.0,-4.0,-72.0
1777891319.7903323,4.0,-3.0,-72.0
1777891319.8003323,9.0,-2.0,-64.0
1777891319.8103323,4.0,-3.0,-70.0
1777891319.8203323,1.0,-7.0,-73.0
1777891319.8303325,5.0,-5.0,-68.0
1777891319.8403325,5.0,-1.0,-70.0
1777891319.8503325,4.0,-2.0,-73.0
1777891319.8603325,0.0,0.0,-77.0
1777891319.8703325,-1.0,2.0,-76.0
1777891319.8803325,3.0,0.0,-76.0
1777891319.8903325,-1.0,0.0,-72.0
1777891319.9003325,0.0,-2.0,-73.0
1777891319.9103324,1.0,-1.0,-73.0
1777891319.9203324,-2.0,-6.0,-72.0
1777891319.9303324,0.0,-4.0,-69.0
1777891319.9403324,0.0,1.0,-77.0
1777891319.9503324,-2.0,3.0,-73.0
1777891319.9603324,-3.0,2.0,-72.0
1777891319.9703324,0.0,0.0,-78.0
1777891319.9803324,0.0,0.0,-76.0
1777891319.9903324,-5.0,2.0,-77.0
1777891320.0003324,-3.0,2.0,-66.0
1777891320.0103323,-1.0,0.0,-65.0
1777891320.0203323,0.0,1.0,-66.0
1777891320.0303323,0.0,1.0,-73.0
1777891320.0403323,0.0,-1.0,-78.0
1777891320.0503323,0.0,-4.0,-83.0
1777891320.0603323,3.0,-5.0,-79.0
1777891320.0703323,1.0,-5.0,-72.0
1777891320.0803325,2.0,-1.0,-68.0
1777891320.0903325,4.0,0.0,-60.0
1777891320.1003325,5.0,1.0,-62.0
1777891320.1103325,4.0,-2.0,-64.0
1777891320.1203325,7.0,-5.0,-66.0
1777891320.1303325,5.0,-3.0,-69.0
1777891320.1403325,8.0,-2.0,-78.0
1777891320.1503325,6.0,-2.0,-84.0
1777891320.1603324,10.0,-2.0,-74.0
1777891320.1703324,10.0,0.0,-76.0
1777891320.1803324,6.0,0.0,-75.0
1777891320.1903324,9.0,-3.0,-72.0
1777891320.2003324,6.0,-2.0,-72.0
1777891320.2103324,2.0,-2.0,-68.0
1777891320.2203324,2.0,2.0,-65.0
1777891320.2303324,3.0,3.0,-61.0
1777891320.2403324,5.0,2.0,-66.0
1777891320.2503324,8.0,4.0,-61.0
1777891320.2603323,6.0,3.0,-68.0
1777891320.2703323,1.0,0.0,-76.0
1777891320.2803323,0.0,-1.0,-75.0
1777891320.2903323,-1.0,-6.0,-78.0
1777891320.3003323,0.0,-7.0,-80.0
1777891320.3103323,0.0,-4.0,-78.0
1777891320.3203323,-3.0,-4.0,-80.0
1777891320.3303325,-3.0,-5.0,-83.0
1777891320.3403325,-2.0,-3.0,-85.0
1777891320.3503325,-1.0,0.0,-85.0
1777891320.3603325,-4.0,5.0,-84.0
1777891320.3703325,-1.0,1.0,-79.0
1777891320.3803325,0.0,3.0,-78.0
1777891320.3903325,3.0,2.0,-76.0
1777891320.4003325,1.0,0.0,-76.0
1777891320.4103324,0.0,5.0,-78.0
1777891320.4203324,-7.0,3.0,-82.0
1777891320.4303324,-11.0,8.0,-84.0
1777891320.4403324,-6.0,6.0,-78.0
1777891320.4503324,-2.0,6.0,-71.0
1777891320.4603324,0.0,8.0,-76.0
1777891320.4703324,0.0,5.0,-76.0
1777891320.4803324,0.0,4.0,-73.0
1777891320.4903324,0.0,5.0,-75.0
1777891320.5003324,0.0,4.0,-76.0
1777891320.5103323,3.0,5.0,-84.0
1777891320.5203323,7.0,9.0,-83.0
1777891320.5303323,6.0,12.0,-78.0
1777891320.5403323,0.0,12.0,-80.0
1777891320.5503323,-6.0,5.0,-83.0
1777891320.5603323,-5.0,2.0,-77.0
1777891320.5703323,-3.0,2.0,-73.0
1777891320.5803325,0.0,0.0,-75.0
1777891320.5903325,4.0,2.0,-70.0
1777891320.6003325,6.0,-1.0,-69.0
1777891320.6103325,0.0,0.0,-70.0
1777891320.6213324,-1.0,1.0,-71.0
1777891320.6313324,-5.0,0.0,-81.0
1777891320.6413324,0.0,2.0,-80.0
1777891320.6513324,2.0,0.0,-76.0
1777891320.6613324,0.0,0.0,-75.0
1777891320.6713324,0.0,-4.0,-76.0
1777891320.6813323,-3.0,-1.0,-75.0
1777891320.6913323,0.0,0.0,-74.0
1777891320.7013323,-3.0,0.0,-69.0
1777891320.7113323,-3.0,0.0,-66.0
1777891320.7213323,2.0,1.0,-60.0
1777891320.7313323,3.0,1.0,-60.0
1777891320.7413323,3.0,0.0,-60.0
1777891320.7513323,0.0,0.0,-60.0
1777891320.7613325,3.0,0.0,-63.0
1777891320.7713325,0.0,4.0,-69.0
1777891320.7813325,-3.0,6.0,-69.0
1777891320.7913325,-5.0,9.0,-68.0
1777891320.8013325,-5.0,0.0,-64.0
1777891320.8113325,-2.0,0.0,-66.0
1777891320.8213325,-1.0,1.0,-66.0
1777891320.8313324,3.0,1.0,-74.0
1777891320.8413324,2.0,0.0,-74.0
1777891320.8513324,0.0,-5.0,-73.0
1777891320.8613324,-3.0,-2.0,-76.0
1777891320.8713324,-2.0,-1.0,-76.0
1777891320.8813324,2.0,-4.0,-77.0
1777891320.8913324,3.0,-5.0,-75.0
1777891320.9013324,5.0,-4.0,-75.0
1777891320.9113324,3.0,0.0,-79.0
1777891320.9213324,4.0,-1.0,-81.0
1777891320.9313323,4.0,-1.0,-80.0
1777891320.9413323,3.0,-3.0,-87.0
1777891320.9513323,0.0,-6.0,-86.0
1777891320.9613323,-3.0,-6.0,-86.0
1777891320.9713323,-1.0,-4.0,-84.0
1777891320.9813323,3.0,0.0,-81.0
1777891320.9913323,3.0,-1.0,-80.0
1777891321.0013323,2.0,-1.0,-86.0
1777891321.0113325,0.0,-4.0,-82.0
1777891321.0213325,1.0,-7.0,-81.0
1777891321.0313325,-2.0,-6.0,-80.0
1777891321.0413325,0.0,-2.0,-81.0
1777891321.0513325,-1.0,-2.0,-80.0
1777891321.0613325,0.0,-1.0,-85.0
1777891321.0713325,-3.0,-1.0,-79.0
1777891321.0813324,0.0,1.0,-78.0
1777891321.0913324,1.0,0.0,-73.0
1777891321.1013324,3.0,1.0,-72.0
1777891321.1113324,3.0,-1.0,-74.0
1777891321.1213324,7.0,3.0,-79.0
1777891321.1313324,5.0,3.0,-77.0
1777891321.1413324,3.0,0.0,-77.0
1777891321.1513324,-3.0,-3.0,-84.0
1777891321.1613324,-1.0,-2.0,-86.0
1777891321.1713324,-3.0,-1.0,-82.0
1777891321.1813323,-1.0,-1.0,-75.0
1777891321.1913323,-1.0,0.0,-73.0
1777891321.2013323,-4.0,-3.0,-70.0
1777891321.2113323,-1.0,-2.0,-72.0
1777891321.2213323,0.0,0.0,-75.0
1777891321.2313323,-2.0,2.0,-74.0
1777891321.2413323,1.0,0.0,-70.0
1777891321.2513323,0.0,-1.0,-71.0
1777891321.2613325,3.0,0.0,-76.0
1777891321.2713325,0.0,-4.0,-76.0
1777891321.2813325,1.0,-6.0,-67.0
1777891321.2913325,3.0,-10.0,-70.0
1777891321.3013325,2.0,-10.0,-74.0
1777891321.3113325,2.0,-7.0,-73.0
1777891321.3213325,1.0,-3.0,-73.0
1777891321.3313324,0.0,-5.0,-65.0
1777891321.3413324,6.0,-6.0,-62.0
1777891321.3513324,4.0,-6.0,-64.0
1777891321.3613324,3.0,-6.0,-69.0
1777891321.3713324,3.0,0.0,-69.0
1777891321.3813324,9.0,0.0,-67.0
1777891321.3913324,5.0,2.0,-63.0
1777891321.4013324,2.0,3.0,-67.0
1777891321.4113324,4.0,2.0,-79.0
1777891321.4213324,4.0,-1.0,-81.0
1777891321.4313323,4.0,-2.0,-80.0
1777891321.4413323,7.0,-1.0,-70.0
1777891321.4513323,8.0,2.0,-66.0
1777891321.4613323,7.0,6.0,-64.0
1777891321.4713323,7.0,5.0,-69.0
1777891321.4813323,6.0,3.0,-73.0
1777891321.4913323,10.0,5.0,-72.0
1777891321.5013323,11.0,4.0,-75.0
1777891321.5113325,3.0,4.0,-77.0
1777891321.5213325,3.0,0.0,-67.0
1777891321.5313325,0.0,2.0,-66.0
1777891321.5413325,3.0,6.0,-69.0
1777891321.5513325,3.0,2.0,-70.0
1777891321.5613325,6.0,0.0,-72.0
1777891321.5713325,2.0,4.0,-78.0
1777891321.5813324,2.0,3.0,-81.0
1777891321.5913324,1.0,3.0,-83.0
1777891321.6013324,0.0,0.0,-80.0
1777891321.6113324,-1.0,0.0,-80.0
1777891321.6213324,-2.0,0.0,-77.0
1777891321.6313324,-6.0,0.0,-76.0
1777891321.6413324,-4.0,-2.0,-81.0
1777891321.6513324,-1.0,-1.0,-85.0
1777891321.6613324,0.0,0.0,-81.0
1777891321.6713324,0.0,0.0,-81.0
1777891321.6813323,0.0,-2.0,-85.0
1777891321.6913323,1.0,0.0,-84.0
1777891321.7013323,6.0,0.0,-77.0
1777891321.7113323,8.0,-3.0,-76.0
1777891321.7213323,4.0,-1.0,-80.0
1777891321.7313323,2.0,-4.0,-77.0
1777891321.7413323,1.0,-3.0,-74.0
1777891321.7513323,0.0,-3.0,-76.0
1777891321.7613325,2.0,-6.0,-77.0
1777891321.7713325,4.0,-6.0,-85.0
1777891321.7813325,4.0,-5.0,-88.0
1777891321.7913325,6.0,-7.0,-79.0
1777891321.8013325,5.0,-7.0,-78.0
1777891321.8113325,5.0,-4.0,-78.0
1777891321.8213325,8.0,-5.0,-70.0
1777891321.8313324,8.0,-8.0,-71.0
1777891321.8413324,8.0,-9.0,-74.0
1777891321.8513324,7.0,-7.0,-71.0
1777891321.8613324,9.0,-5.0,-70.0
1777891321.8713324,4.0,-5.0,-73.0
1777891321.8813324,7.0,-9.0,-76.0
1777891321.8913324,5.0,-5.0,-81.0
1777891321.9013324,5.0,-3.0,-91.0
1777891321.9113324,3.0,-2.0,-83.0
1777891321.9213324,5.0,2.0,-81.0
1777891321.9313323,4.0,0.0,-76.0
1777891321.9413323,3.0,0.0,-78.0
1777891321.9513323,3.0,1.0,-76.0
1777891321.9613323,5.0,-1.0,-71.0
1777891321.9713323,3.0,0.0,-72.0
1777891321.9813323,-1.0,0.0,-78.0
1777891321.9913323,-1.0,0.0,-72.0
1777891322.0013323,-3.0,-3.0,-71.0
1777891322.0113325,0.0,-4.0,-76.0
1777891322.0213325,0.0,-6.0,-77.0
1777891322.0313325,-1.0,-4.0,-82.0
1777891322.0413325,0.0,-1.0,-79.0
1777891322.0513325,1.0,-1.0,-76.0
1777891322.0613325,2.0,0.0,-74.0
1777891322.0713325,9.0,-1.0,-74.0
1777891322.0813324,10.0,-3.0,-79.0
1777891322.0913324,10.0,-1.0,-75.0
1777891322.1013324,5.0,1.0,-75.0
1777891322.1113324,-2.0,1.0,-75.0
1777891322.1213324,-4.0,0.0,-71.0
1777891322.1313324,-2.0,1.0,-66.0
1777891322.1413324,-6.0,3.0,-65.0
1777891322.1513324,-4.0,1.0,-63.0
1777891322.1613324,-2.0,0.0,-61.0
1777891322.1713324,4.0,0.0,-67.0
1777891322.1813323,2.0,0.0,-75.0
1777891322.1913323,2.0,0.0,-74.0
1777891322.2013323,7.0,1.0,-72.0
1777891322.2113323,8.0,0.0,-75.0
1777891322.2213323,5.0,-1.0,-73.0
1777891322.2313323,5.0,0.0,-72.0
1777891322.2413323,10.0,-2.0,-70.0
1777891322.2513323,10.0,-3.0,-67.0
1777891322.2613325,5.0,-5.0,-63.0
1777891322.2713325,5.0,-7.0,-63.0
1777891322.2813325,7.0,-7.0,-58.0
1777891322.2913325,11.0,-10.0,-60.0
1777891322.3013325,10.0,-11.0,-61.0
1777891322.3113325,11.0,-9.0,-62.0
1777891322.3213325,10.0,-8.0,-66.0
1777891322.3313324,9.0,-7.0,-67.0
1777891322.3413324,7.0,-8.0,-67.0
1777891322.3513324,5.0,-6.0,-73.0
1777891322.3613324,5.0,-5.0,-74.0
1777891322.3713324,5.0,-9.0,-80.0
1777891322.3813324,3.0,-10.0,-76.0
1777891322.3913324,5.0,-9.0,-74.0
1777891322.4013324,5.0,-8.0,-76.0
1777891322.4113324,1.0,-6.0,-74.0
1777891322.4213324,-4.0,-7.0,-69.0
1777891322.4313323,-3.0,-5.0,-66.0
1777891322.4413323,1.0,-5.0,-69.0
1777891322.4513323,-2.0,-7.0,-67.0
1777891322.4613323,1.0,-10.0,-68.0
1777891322.4713323,3.0,-7.0,-67.0
1777891322.4813323,9.0,-9.0,-65.0
1777891322.4913323,6.0,-7.0,-63.0
1777891322.5013323,5.0,-10.0,-71.0
1777891322.5113325,1.0,-9.0,-70.0
1777891322.5213325,0.0,-10.0,-66.0
1777891322.5313325,4.0,-11.0,-66.0
1777891322.5413325,4.0,-10.0,-65.0
1777891322.5513325,7.0,-8.0,-66.0
1777891322.5613325,3.0,-5.0,-68.0
1777891322.5713325,1.0,-6.0,-62.0
1777891322.5813324,0.0,-5.0,-67.0
1777891322.5923324,0.0,-2.0,-64.0
1777891322.6023324,-1.0,0.0,-62.0
1777891322.6123323,-2.0,1.0,-65.0
1777891322.6223323,-6.0,3.0,-64.0
1777891322.6313324,-2.0,0.0,-61.0
1777891322.6423323,3.0,-1.0,-66.0
1777891322.6523323,4.0,-4.0,-76.0
1777891322.6623323,0.0,-4.0,-81.0
1777891322.6723323,3.0,-2.0,-80.0
1777891322.6813323,6.0,-2.0,-80.0
1777891322.6923325,4.0,-3.0,-83.0
1777891322.7023325,5.0,-2.0,-84.0
1777891322.7123325,11.0,2.0,-85.0
1777891322.7233324,7.0,4.0,-74.0
1777891322.7323325,11.0,1.0,-70.0
1777891322.7423325,9.0,1.0,-71.0
1777891322.7523324,1.0,4.0,-65.0
1777891322.7623324,-3.0,2.0,-62.0
1777891322.7723324,0.0,0.0,-64.0
1777891322.7823324,-4.0,1.0,-73.0
1777891322.7923324,-5.0,-5.0,-75.0
1777891322.8023324,-5.0,-8.0,-78.0
1777891322.8123324,-5.0,-5.0,-77.0
1777891322.8223324,0.0,-5.0,-83.0
1777891322.8323324,-1.0,-4.0,-77.0
1777891322.8423324,-1.0,-2.0,-75.0
1777891322.8523324,-3.0,1.0,-75.0
1777891322.8623323,0.0,0.0,-78.0
1777891322.8723323,1.0,-1.0,-76.0
1777891322.8823323,2.0,-4.0,-77.0
1777891322.8923323,4.0,-2.0,-76.0
1777891322.9023323,4.0,-4.0,-70.0
1777891322.9123323,3.0,-6.0,-70.0
1777891322.9223323,5.0,-3.0,-77.0
1777891322.9323325,4.0,-1.0,-76.0
1777891322.9423325,4.0,-3.0,-82.0
1777891322.9523325,7.0,-5.0,-77.0
1777891322.9623325,13.0,-1.0,-76.0
1777891322.9723325,9.0,-2.0,-78.0
1777891322.9823325,6.0,-4.0,-76.0
1777891322.9923325,1.0,-5.0,-79.0
1777891323.0023324,3.0,-7.0,-81.0
1777891323.0123324,2.0,-6.0,-82.0
1777891323.0223324,3.0,-5.0,-89.0
1777891323.0323324,4.0,-2.0,-82.0
1777891323.0423324,3.0,-2.0,-82.0
1777891323.0523324,1.0,-2.0,-78.0
1777891323.0623324,0.0,0.0,-79.0
1777891323.0723324,0.0,-1.0,-82.0
1777891323.0823324,-3.0,-3.0,-86.0
1777891323.0923324,0.0,-6.0,-84.0
1777891323.1023324,0.0,-8.0,-80.0
1777891323.1123323,0.0,-9.0,-73.0
1777891323.1223323,2.0,-6.0,-69.0
1777891323.1323323,2.0,-4.0,-67.0
1777891323.1423323,6.0,-4.0,-60.0
1777891323.1523323,7.0,-6.0,-60.0
1777891323.1623323,3.0,-4.0,-56.0
1777891323.1723323,1.0,-2.0,-60.0
1777891323.1823325,-1.0,0.0,-62.0
1777891323.1923325,-1.0,4.0,-64.0
1777891323.2023325,-5.0,8.0,-64.0
1777891323.2123325,-1.0,6.0,-70.0
1777891323.2223325,3.0,3.0,-71.0
1777891323.2323325,2.0,5.0,-70.0
1777891323.2423325,3.0,4.0,-69.0
1777891323.2523324,3.0,4.0,-76.0
1777891323.2623324,4.0,2.0,-72.0
1777891323.2723324,3.0,2.0,-74.0
1777891323.2823324,5.0,0.0,-69.0
1777891323.2923324,5.0,0.0,-72.0
1777891323.3023324,4.0,-3.0,-73.0
1777891323.3123324,2.0,-1.0,-74.0
1777891323.3223324,1.0,2.0,-76.0
1777891323.3323324,3.0,1.0,-77.0
1777891323.3423324,-3.0,-3.0,-77.0
1777891323.3523324,-4.0,-6.0,-75.0
1777891323.3623323,0.0,-5.0,-74.0
1777891323.3723323,0.0,-4.0,-72.0
1777891323.3823323,-2.0,-4.0,-73.0
1777891323.3923323,0.0,-4.0,-76.0
1777891323.4023323,1.0,-1.0,-75.0
1777891323.4123323,0.0,-1.0,-72.0
1777891323.4223323,0.0,-1.0,-66.0
1777891323.4323325,-1.0,-1.0,-73.0
1777891323.4423325,-3.0,-6.0,-74.0
1777891323.4523325,-1.0,-7.0,-77.0
1777891323.4623325,6.0,-1.0,-80.0
1777891323.4723325,5.0,-1.0,-85.0
1777891323.4823325,3.0,0.0,-87.0
1777891323.4923325,4.0,1.0,-82.0
1777891323.5023324,1.0,1.0,-82.0
1777891323.5123324,2.0,3.0,-80.0
1777891323.5223324,-1.0,1.0,-79.0
1777891323.5323324,-4.0,2.0,-78.0
1777891323.5423324,-7.0,3.0,-75.0
1777891323.5523324,-3.0,3.0,-75.0
1777891323.5623324,-7.0,1.0,-70.0
1777891323.5723324,-5.0,0.0,-66.0
1777891323.5823324,0.0,0.0,-73.0
1777891323.5923324,8.0,-3.0,-74.0
1777891323.6023324,13.0,-3.0,-80.0
1777891323.6123323,5.0,-3.0,-82.0
1777891323.6223323,3.0,-4.0,-79.0
1777891323.6323323,2.0,-8.0,-75.0
1777891323.6423323,1.0,-5.0,-80.0
1777891323.6523323,4.0,-7.0,-87.0
1777891323.6623323,2.0,-5.0,-87.0
1777891323.6723323,3.0,-4.0,-84.0
1777891323.6823325,2.0,-1.0,-82.0
1777891323.6923325,-3.0,-2.0,-75.0
1777891323.7023325,-1.0,1.0,-73.0
1777891323.7123325,-2.0,0.0,-71.0
1777891323.7223325,-4.0,-3.0,-72.0
1777891323.7323325,-4.0,-6.0,-64.0
1777891323.7433324,-5.0,-2.0,-70.0
1777891323.7523324,-7.0,-3.0,-74.0
1777891323.7623324,-2.0,-2.0,-74.0
1777891323.7723324,0.0,-3.0,-72.0
1777891323.7823324,0.0,-2.0,-71.0
1777891323.7923324,-1.0,-1.0,-68.0
1777891323.8023324,0.0,-1.0,-71.0
1777891323.8123324,3.0,-5.0,-69.0
1777891323.8223324,4.0,-4.0,-75.0
1777891323.8323324,1.0,-9.0,-75.0
1777891323.8423324,1.0,-9.0,-76.0
1777891323.8523324,4.0,-10.0,-74.0
1777891323.8623323,2.0,-7.0,-74.0
1777891323.8723323,5.0,-1.0,-74.0
1777891323.8823323,0.0,0.0,-69.0
1777891323.8923323,2.0,4.0,-68.0
1777891323.9023323,0.0,1.0,-66.0
1777891323.9123323,2.0,4.0,-63.0
1777891323.9223323,1.0,5.0,-70.0
1777891323.9323325,1.0,-1.0,-78.0
1777891323.9423325,-3.0,-4.0,-78.0
1777891323.9523325,-5.0,-4.0,-74.0
1777891323.9623325,3.0,-5.0,-75.0
1777891323.9723325,2.0,-5.0,-72.0
1777891323.9823325,2.0,-4.0,-72.0
1777891323.9923325,1.0,-3.0,-74.0
1777891324.0023324,-1.0,-4.0,-73.0
1777891324.0123324,1.0,-5.0,-70.0
1777891324.0223324,3.0,-9.0,-65.0
1777891324.0323324,1.0,-7.0,-68.0
1777891324.0423324,3.0,-6.0,-69.0
1777891324.0523324,6.0,-7.0,-73.0
1777891324.0623324,8.0,0.0,-67.0
1777891324.0723324,8.0,0.0,-69.0
1777891324.0823324,10.0,3.0,-65.0
1777891324.0923324,8.0,3.0,-70.0
1777891324.1023324,5.0,0.0,-65.0
1777891324.1123323,4.0,0.0,-63.0
1777891324.1223323,5.0,1.0,-65.0
1777891324.1323323,-1.0,-1.0,-67.0
1777891324.1423323,-3.0,0.0,-73.0
1777891324.1523323,-1.0,-1.0,-71.0
1777891324.1623323,-3.0,3.0,-71.0
1777891324.1723323,-4.0,3.0,-70.0
1777891324.1823325,-4.0,2.0,-66.0
1777891324.1923325,-2.0,1.0,-75.0
1777891324.2023325,0.0,0.0,-71.0
1777891324.2123325,-3.0,0.0,-71.0
1777891324.2223325,-7.0,-2.0,-76.0
1777891324.2323325,1.0,-2.0,-81.0
1777891324.2423325,4.0,-4.0,-84.0
1777891324.2523324,0.0,-3.0,-87.0
1777891324.2623324,0.0,-3.0,-85.0
1777891324.2723324,0.0,1.0,-81.0
1777891324.2823324,2.0,2.0,-80.0
1777891324.2923324,-2.0,0.0,-75.0
1777891324.3023324,-10.0,0.0,-80.0
1777891324.3123324,-7.0,4.0,-79.0
1777891324.3223324,-5.0,6.0,-81.0
1777891324.3323324,-1.0,1.0,-83.0
1777891324.3423324,2.0,-2.0,-83.0
1777891324.3523324,0.0,-1.0,-80.0
1777891324.3623323,-3.0,2.0,-74.0
1777891324.3723323,-1.0,0.0,-81.0
1777891324.3823323,-2.0,0.0,-79.0
1777891324.3923323,1.0,3.0,-78.0
1777891324.4023323,-5.0,2.0,-78.0
1777891324.4123323,-7.0,4.0,-78.0
1777891324.4223323,-4.0,5.0,-72.0
1777891324.4323325,-5.0,3.0,-62.0
1777891324.4423325,-9.0,2.0,-62.0
1777891324.4523325,-5.0,-1.0,-62.0
1777891324.4623325,-5.0,1.0,-66.0
1777891324.4723325,-3.0,0.0,-71.0
1777891324.4823325,-3.0,-2.0,-73.0
1777891324.4923325,-5.0,-6.0,-76.0
1777891324.5023324,-2.0,-6.0,-75.0
1777891324.5123324,0.0,-4.0,-75.0
1777891324.5223324,0.0,3.0,-70.0
1777891324.5323324,1.0,1.0,-68.0
1777891324.5423324,-1.0,-1.0,-71.0
1777891324.5523324,-3.0,0.0,-75.0
1777891324.5623324,-1.0,-1.0,-77.0
1777891324.5733323,3.0,3.0,-71.0
1777891324.5823324,1.0,5.0,-64.0
1777891324.5933323,0.0,8.0,-62.0
1777891324.6033323,2.0,8.0,-66.0
1777891324.6133325,3.0,7.0,-67.0
1777891324.6233325,1.0,4.0,-68.0
1777891324.6333325,4.0,5.0,-73.0
1777891324.6433325,2.0,5.0,-69.0
1777891324.6533325,2.0,4.0,-67.0
1777891324.6633325,1.0,3.0,-70.0
1777891324.6733325,2.0,0.0,-68.0
1777891324.6833324,3.0,-2.0,-68.0
1777891324.6933324,-2.0,-1.0,-65.0
1777891324.7033324,-2.0,-5.0,-64.0
1777891324.7133324,-5.0,0.0,-62.0
1777891324.7233324,1.0,2.0,-65.0
1777891324.7333324,-2.0,6.0,-70.0
1777891324.7433324,-3.0,4.0,-73.0
1777891324.7533324,0.0,0.0,-71.0
1777891324.7633324,3.0,-1.0,-73.0
1777891324.7733324,3.0,3.0,-70.0
1777891324.7833323,0.0,8.0,-66.0
1777891324.7933323,0.0,4.0,-69.0
1777891324.8033323,-3.0,6.0,-72.0
1777891324.8133323,0.0,1.0,-71.0
1777891324.8233323,0.0,-1.0,-68.0
1777891324.8333323,-1.0,-1.0,-71.0
1777891324.8433323,-5.0,-2.0,-67.0
1777891324.8533323,-10.0,0.0,-67.0
1777891324.8633325,-6.0,2.0,-74.0
1777891324.8733325,0.0,1.0,-71.0
1777891324.8833325,-1.0,2.0,-68.0
1777891324.8933325,-1.0,2.0,-62.0
1777891324.9033325,1.0,2.0,-66.0
1777891324.9133325,0.0,0.0,-72.0
1777891324.9233325,1.0,1.0,-74.0
1777891324.9333324,2.0,1.0,-80.0
1777891324.9433324,0.0,1.0,-80.0
1777891324.9533324,-4.0,4.0,-82.0
1777891324.9633324,-6.0,-3.0,-82.0
1777891324.9733324,-5.0,-2.0,-77.0
1777891324.9833324,-6.0,0.0,-72.0
1777891324.9933324,-8.0,2.0,-72.0
1777891325.0033324,-11.0,1.0,-68.0
1777891325.0133324,-13.0,2.0,-64.0
1777891325.0233324,-7.0,1.0,-60.0
1777891325.0333323,-5.0,2.0,-64.0
1777891325.0433323,0.0,3.0,-69.0
1777891325.0533323,0.0,2.0,-75.0
1777891325.0633323,2.0,-1.0,-79.0
1777891325.0733323,1.0,2.0,-75.0
1777891325.0833323,1.0,2.0,-70.0
1777891325.0933323,0.0,2.0,-66.0
1777891325.1033323,1.0,0.0,-63.0
1777891325.1133325,4.0,3.0,-64.0
1777891325.1233325,1.0,6.0,-66.0
1777891325.1333325,-1.0,9.0,-67.0
1777891325.1433325,3.0,4.0,-75.0
1777891325.1533325,4.0,2.0,-80.0
1777891325.1633325,5.0,1.0,-69.0
1777891325.1733325,8.0,-2.0,-63.0
1777891325.1833324,10.0,-4.0,-68.0
1777891325.1933324,8.0,-1.0,-66.0
1777891325.2033324,2.0,-2.0,-61.0
1777891325.2133324,1.0,-3.0,-59.0
1777891325.2233324,1.0,-3.0,-58.0
1777891325.2333324,2.0,-7.0,-59.0
1777891325.2433324,5.0,-6.0,-59.0
1777891325.2533324,3.0,-5.0,-60.0
1777891325.2633324,2.0,-3.0,-64.0
1777891325.2733324,-1.0,-2.0,-64.0
1777891325.2833323,2.0,-1.0,-62.0
1777891325.2933323,0.0,1.0,-68.0
1777891325.3033323,-2.0,4.0,-77.0
1777891325.3133323,1.0,3.0,-75.0
1777891325.3233323,1.0,0.0,-75.0
1777891325.3333323,1.0,1.0,-80.0
1777891325.3433323,3.0,0.0,-81.0
1777891325.3533323,0.0,0.0,-74.0
1777891325.3633325,-1.0,0.0,-68.0
1777891325.3733325,-1.0,-1.0,-69.0
1777891325.3833325,-5.0,-1.0,-61.0
1777891325.3933325,-6.0,-4.0,-62.0
1777891325.4033325,-6.0,-2.0,-63.0
1777891325.4133325,-4.0,0.0,-63.0
1777891325.4233325,-4.0,-3.0,-68.0
1777891325.4333324,-3.0,-6.0,-75.0
1777891325.4433324,-4.0,-6.0,-71.0
1777891325.4533324,-6.0,-6.0,-68.0
1777891325.4633324,-3.0,-4.0,-64.0
1777891325.4733324,-5.0,-7.0,-63.0
1777891325.4833324,-4.0,-4.0,-71.0
1777891325.4933324,0.0,-6.0,-82.0
1777891325.5033324,4.0,-8.0,-86.0
1777891325.5133324,3.0,-7.0,-82.0
1777891325.5233324,0.0,-9.0,-76.0
1777891325.5333323,0.0,-8.0,-78.0
1777891325.5433323,-1.0,-9.0,-76.0
1777891325.5533323,-1.0,-6.0,-82.0
1777891325.5633323,-3.0,-8.0,-77.0
1777891325.5733323,-4.0,-5.0,-83.0
1777891325.5833323,0.0,-1.0,-79.0
1777891325.5933323,0.0,1.0,-77.0
1777891325.6033323,0.0,3.0,-74.0
1777891325.6133325,0.0,0.0,-76.0
1777891325.6233325,6.0,0.0,-78.0
1777891325.6333325,3.0,-2.0,-79.0
1777891325.6433325,6.0,0.0,-78.0
1777891325.6533325,6.0,0.0,-72.0
1777891325.6633325,6.0,5.0,-69.0
1777891325.6733325,1.0,4.0,-65.0
1777891325.6833324,5.0,3.0,-70.0
1777891325.6933324,5.0,-1.0,-73.0
1777891325.7033324,6.0,-4.0,-75.0
1777891325.7143323,5.0,-5.0,-80.0
1777891325.7233324,7.0,-6.0,-88.0
1777891325.7333324,6.0,-7.0,-96.0
1777891325.7433324,5.0,-8.0,-87.0
1777891325.7533324,4.0,-6.0,-84.0
1777891325.7633324,4.0,-4.0,-78.0
1777891325.7733324,1.0,-2.0,-80.0
1777891325.7833323,1.0,1.0,-75.0
1777891325.7933323,5.0,1.0,-74.0
1777891325.8033323,7.0,2.0,-71.0
1777891325.8133323,6.0,4.0,-72.0
1777891325.8233323,10.0,2.0,-72.0
1777891325.8333323,14.0,-1.0,-70.0
1777891325.8433323,12.0,-1.0,-73.0
1777891325.8533323,14.0,0.0,-70.0
1777891325.8633325,11.0,1.0,-66.0
1777891325.8733325,9.0,3.0,-67.0
1777891325.8833325,3.0,0.0,-67.0
1777891325.8933325,3.0,-1.0,-71.0
1777891325.9033325,2.0,0.0,-67.0
1777891325.9133325,1.0,3.0,-63.0
1777891325.9233325,-4.0,3.0,-68.0
1777891325.9333324,-7.0,0.0,-73.0
1777891325.9433324,-6.0,1.0,-74.0
1777891325.9533324,0.0,3.0,-72.0
1777891325.9633324,0.0,1.0,-72.0
1777891325.9733324,-2.0,0.0,-74.0
1777891325.9833324,0.0,2.0,-68.0
1777891325.9933324,-3.0,0.0,-71.0
1777891326.0033324,0.0,-1.0,-71.0
1777891326.0133324,0.0,0.0,-72.0
1777891326.0233324,0.0,0.0,-70.0
1777891326.0333323,2.0,-2.0,-68.0
1777891326.0433323,3.0,-4.0,-71.0
1777891326.0533323,2.0,0.0,-70.0
1777891326.0633323,2.0,1.0,-76.0
1777891326.0733323,0.0,2.0,-74.0
1777891326.0833323,1.0,2.0,-74.0
1777891326.0933323,3.0,-1.0,-76.0
1777891326.1033323,9.0,-4.0,-69.0
1777891326.1133325,8.0,-2.0,-71.0
1777891326.1233325,6.0,-3.0,-75.0
1777891326.1333325,3.0,-6.0,-78.0
1777891326.1433325,5.0,-3.0,-73.0
1777891326.1533325,8.0,-5.0,-70.0
1777891326.1633325,9.0,0.0,-75.0
1777891326.1733325,7.0,1.0,-72.0
1777891326.1833324,4.0,0.0,-66.0
1777891326.1933324,1.0,0.0,-63.0
1777891326.2033324,2.0,4.0,-70.0
1777891326.2133324,0.0,4.0,-63.0
1777891326.2233324,-1.0,3.0,-61.0
1777891326.2333324,0.0,0.0,-58.0
1777891326.2433324,0.0,1.0,-59.0
1777891326.2533324,3.0,1.0,-61.0
1777891326.2633324,4.0,1.0,-69.0
1777891326.2733324,4.0,-2.0,-71.0
1777891326.2833323,7.0,-6.0,-69.0
1777891326.2933323,7.0,-3.0,-71.0
1777891326.3033323,7.0,-5.0,-75.0
1777891326.3133323,7.0,-1.0,-75.0
1777891326.3233323,8.0,0.0,-71.0
1777891326.3333323,6.0,0.0,-69.0
1777891326.3433323,8.0,2.0,-64.0
1777891326.3533323,7.0,4.0,-65.0
1777891326.3633325,7.0,8.0,-64.0
1777891326.3733325,1.0,7.0,-67.0
1777891326.3833325,3.0,10.0,-72.0
1777891326.3933325,0.0,8.0,-70.0
1777891326.4033325,-4.0,4.0,-71.0
1777891326.4133325,0.0,0.0,-74.0
1777891326.4233325,-2.0,-1.0,-74.0
1777891326.4333324,-2.0,-2.0,-75.0
1777891326.4433324,0.0,-7.0,-77.0
1777891326.4533324,-2.0,-9.0,-78.0
1777891326.4633324,-4.0,-5.0,-78.0
1777891326.4733324,-8.0,2.0,-76.0
1777891326.4833324,-6.0,3.0,-76.0
1777891326.4933324,-6.0,3.0,-70.0
1777891326.5033324,-1.0,3.0,-70.0
1777891326.5133324,1.0,2.0,-72.0
1777891326.5233324,2.0,0.0,-75.0
1777891326.5333323,3.0,2.0,-72.0
1777891326.5433323,3.0,0.0,-75.0
1777891326.5533323,3.0,1.0,-81.0
1777891326.5633323,-1.0,0.0,-79.0
1777891326.5743325,-1.0,-2.0,-77.0
1777891326.5833323,5.0,-5.0,-76.0
1777891326.5943325,3.0,-5.0,-78.0
1777891326.6043324,3.0,-3.0,-81.0
1777891326.6143324,4.0,-6.0,-80.0
1777891326.6243324,5.0,-9.0,-77.0
1777891326.6343324,7.0,-5.0,-80.0
1777891326.6443324,8.0,-3.0,-78.0
1777891326.6543324,1.0,-4.0,-74.0
1777891326.6643324,1.0,0.0,-75.0
1777891326.6743324,2.0,0.0,-70.0
1777891326.6843324,5.0,1.0,-63.0
1777891326.6943324,9.0,-2.0,-61.0
1777891326.7043324,7.0,-2.0,-61.0
1777891326.7143323,7.0,-2.0,-70.0
1777891326.7243323,4.0,-2.0,-72.0
1777891326.7343323,3.0,-5.0,-68.0
1777891326.7443323,0.0,-4.0,-69.0
1777891326.7543323,-5.0,-3.0,-68.0
1777891326.7643323,-5.0,-5.0,-66.0
1777891326.7743323,-5.0,-3.0,-58.0
1777891326.7843325,-3.0,-4.0,-58.0
1777891326.7943325,-10.0,-4.0,-59.0
1777891326.8043325,-12.0,-6.0,-57.0
1777891326.8143325,-6.0,-9.0,-60.0
1777891326.8243325,-5.0,-10.0,-64.0
1777891326.8343325,-1.0,-13.0,-70.0
1777891326.8443325,3.0,-9.0,-71.0
1777891326.8543324,0.0,-7.0,-70.0
1777891326.8643324,3.0,-8.0,-74.0
1777891326.8743324,0.0,-5.0,-79.0
1777891326.8843324,0.0,-3.0,-73.0
1777891326.8943324,-1.0,-6.0,-74.0
1777891326.9043324,3.0,-8.0,-73.0
1777891326.9143324,0.0,-9.0,-70.0
1777891326.9243324,-1.0,-7.0,-76.0
1777891326.9343324,1.0,-4.0,-78.0
1777891326.9443324,2.0,-2.0,-76.0
1777891326.9543324,2.0,-1.0,-77.0
1777891326.9643323,1.0,0.0,-78.0
1777891326.9743323,1.0,1.0,-80.0
1777891326.9843323,2.0,-2.0,-79.0
1777891326.9943323,3.0,1.0,-81.0
1777891327.0043323,4.0,-1.0,-83.0
1777891327.0143323,7.0,-4.0,-84.0
1777891327.0243323,4.0,-7.0,-81.0
1777891327.0343325,4.0,-9.0,-79.0
1777891327.0443325,3.0,-8.0,-68.0
1777891327.0543325,3.0,-6.0,-61.0
1777891327.0643325,-4.0,-5.0,-64.0
1777891327.0743325,-4.0,-3.0,-66.0
1777891327.0843325,-3.0,-3.0,-68.0
1777891327.0943325,-6.0,-2.0,-64.0
1777891327.1043324,-4.0,-5.0,-62.0
1777891327.1143324,-3.0,0.0,-62.0
1777891327.1243324,0.0,1.0,-70.0
1777891327.1343324,4.0,1.0,-74.0
1777891327.1443324,1.0,2.0,-76.0
1777891327.1543324,-1.0,5.0,-72.0
1777891327.1643324,0.0,1.0,-64.0
1777891327.1743324,-3.0,4.0,-66.0
1777891327.1843324,-1.0,4.0,-63.0
1777891327.1943324,0.0,2.0,-69.0
1777891327.2043324,1.0,3.0,-72.0
1777891327.2143323,2.0,1.0,-72.0
1777891327.2243323,4.0,0.0,-73.0
1777891327.2343323,0.0,-1.0,-66.0
1777891327.2443323,0.0,-3.0,-68.0
1777891327.2543323,3.0,0.0,-69.0
1777891327.2643323,0.0,-2.0,-69.0
1777891327.2743323,4.0,-1.0,-74.0
1777891327.2843325,7.0,-3.0,-75.0
1777891327.2943325,4.0,-2.0,-77.0
1777891327.3043325,-2.0,0.0,-74.0
1777891327.3143325,-6.0,2.0,-72.0
1777891327.3243325,-10.0,0.0,-62.0
1777891327.3343325,-7.0,0.0,-73.0
1777891327.3443325,-1.0,-1.0,-77.0
1777891327.3543324,1.0,1.0,-78.0
1777891327.3643324,3.0,0.0,-77.0
1777891327.3743324,2.0,2.0,-70.0
1777891327.3843324,1.0,0.0,-69.0
1777891327.3943324,3.0,0.0,-69.0
1777891327.4043324,1.0,-2.0,-68.0
1777891327.4143324,2.0,-6.0,-71.0
1777891327.4243324,5.0,-7.0,-68.0
1777891327.4343324,7.0,-11.0,-64.0
1777891327.4443324,9.0,-9.0,-67.0
1777891327.4543324,6.0,-7.0,-69.0
1777891327.4643323,6.0,-6.0,-70.0
1777891327.4743323,7.0,-8.0,-70.0
1777891327.4843323,5.0,-4.0,-69.0
1777891327.4943323,6.0,1.0,-72.0
1777891327.5043323,2.0,4.0,-69.0
1777891327.5143323,0.0,4.0,-72.0
1777891327.5243323,-2.0,3.0,-73.0
1777891327.5343325,-4.0,0.0,-75.0
1777891327.5443325,-3.0,0.0,-77.0
1777891327.5543325,0.0,-2.0,-71.0
1777891327.5643325,0.0,-3.0,-70.0
1777891327.5743325,4.0,0.0,-74.0
1777891327.5843325,9.0,1.0,-74.0
1777891327.5943325,9.0,-2.0,-67.0
1777891327.6043324,8.0,-4.0,-65.0
1777891327.6143324,8.0,-5.0,-74.0
1777891327.6243324,6.0,-4.0,-77.0
1777891327.6343324,3.0,-1.0,-69.0
1777891327.6443324,1.0,-1.0,-74.0
1777891327.6543324,3.0,0.0,-79.0
1777891327.6643324,1.0,0.0,-77.0
1777891327.6743324,-4.0,0.0,-76.0
1777891327.6843324,-2.0,0.0,-72.0
1777891327.6943324,0.0,0.0,-76.0
1777891327.7043324,6.0,0.0,-81.0
1777891327.7143323,9.0,0.0,-77.0
1777891327.7243323,4.0,1.0,-78.0
1777891327.7343323,9.0,2.0,-80.0
1777891327.7443323,9.0,5.0,-75.0
1777891327.7543323,7.0,2.0,-73.0
1777891327.7643323,6.0,1.0,-74.0
1777891327.7743323,2.0,-4.0,-81.0
1777891327.7843325,7.0,-2.0,-75.0
1777891327.7943325,8.0,-4.0,-63.0
1777891327.8043325,6.0,-4.0,-57.0
1777891327.8143325,7.0,-3.0,-56.0
1777891327.8243325,9.0,-3.0,-58.0
1777891327.8343325,14.0,-4.0,-61.0
1777891327.8443325,17.0,-2.0,-60.0
1777891327.8543324,15.0,-2.0,-65.0
1777891327.8643324,12.0,0.0,-63.0
1777891327.8743324,11.0,0.0,-67.0
1777891327.8843324,11.0,2.0,-65.0
1777891327.8943324,7.0,0.0,-69.0
1777891327.9043324,8.0,1.0,-67.0
1777891327.9143324,3.0,0.0,-70.0
1777891327.9243324,4.0,2.0,-73.0
1777891327.9343324,3.0,4.0,-84.0
1777891327.9443324,3.0,2.0,-79.0
1777891327.9543324,4.0,0.0,-76.0
1777891327.9643323,4.0,0.0,-71.0
1777891327.9743323,4.0,-2.0,-74.0
1777891327.9843323,1.0,-4.0,-76.0
1777891327.9943323,0.0,-2.0,-68.0
1777891328.0043323,0.0,-3.0,-71.0
1777891328.0143323,1.0,1.0,-76.0
1777891328.0243323,1.0,4.0,-81.0
1777891328.0343325,0.0,4.0,-79.0
1777891328.0443325,3.0,-3.0,-75.0
1777891328.0543325,3.0,-7.0,-77.0
1777891328.0643325,3.0,-4.0,-72.0
1777891328.0743325,5.0,-3.0,-72.0
1777891328.0843325,0.0,-3.0,-76.0
1777891328.0943325,-4.0,-7.0,-78.0
1777891328.1043324,-7.0,-5.0,-73.0
1777891328.1143324,-5.0,-5.0,-74.0
1777891328.1243324,-4.0,-4.0,-69.0
1777891328.1343324,2.0,-2.0,-72.0
1777891328.1443324,1.0,0.0,-73.0
1777891328.1543324,3.0,-2.0,-77.0
1777891328.1643324,6.0,-3.0,-81.0
1777891328.1743324,9.0,-1.0,-75.0
1777891328.1843324,5.0,-6.0,-81.0
1777891328.1943324,5.0,-8.0,-84.0
1777891328.2043324,5.0,-8.0,-83.0
1777891328.2143323,0.0,-3.0,-85.0
1777891328.2243323,-1.0,0.0,-83.0
1777891328.2343323,0.0,1.0,-80.0
1777891328.2443323,-2.0,-1.0,-76.0
1777891328.2543323,-2.0,0.0,-70.0
1777891328.2643323,-5.0,1.0,-71.0
1777891328.2743323,-9.0,-3.0,-73.0
1777891328.2843325,-8.0,-5.0,-66.0
1777891328.2943325,-3.0,-2.0,-63.0
1777891328.3043325,0.0,-2.0,-58.0
1777891328.3143325,0.0,-1.0,-56.0
1777891328.3243325,0.0,-2.0,-59.0
1777891328.3343325,-2.0,-3.0,-59.0
1777891328.3443325,-4.0,-3.0,-57.0
1777891328.3543324,0.0,-2.0,-60.0
1777891328.3643324,4.0,-4.0,-63.0
1777891328.3743324,2.0,-3.0,-64.0
1777891328.3843324,0.0,-5.0,-65.0
1777891328.3943324,0.0,0.0,-66.0
1777891328.4043324,3.0,-1.0,-66.0
1777891328.4143324,4.0,-1.0,-65.0
1777891328.4243324,3.0,0.0,-72.0
1777891328.4343324,-2.0,0.0,-76.0
1777891328.4443324,-2.0,1.0,-76.0
1777891328.4543324,-1.0,0.0,-75.0
1777891328.4643323,0.0,0.0,-74.0
1777891328.4743323,0.0,-3.0,-73.0
1777891328.4843323,0.0,-2.0,-79.0
1777891328.4943323,0.0,-4.0,-82.0
1777891328.5043323,-1.0,-6.0,-79.0
1777891328.5143323,3.0,-6.0,-67.0
1777891328.5243323,5.0,-3.0,-68.0
1777891328.5343325,0.0,-4.0,-64.0
1777891328.5453324,6.0,-3.0,-66.0
1777891328.5543325,2.0,-5.0,-64.0
1777891328.5643325,0.0,-3.0,-58.0
1777891328.5753324,-2.0,-5.0,-59.0
1777891328.5853324,-1.0,-7.0,-62.0
1777891328.5953324,-2.0,-4.0,-64.0
1777891328.6053324,-5.0,-4.0,-66.0
1777891328.6153324,0.0,-5.0,-69.0
1777891328.6253324,0.0,-11.0,-67.0
1777891328.6353323,3.0,-12.0,-73.0
1777891328.6453323,2.0,-11.0,-80.0
1777891328.6553323,4.0,-10.0,-75.0
1777891328.6653323,7.0,-10.0,-80.0
1777891328.6753323,8.0,-10.0,-81.0
1777891328.6853323,10.0,-8.0,-83.0
1777891328.6953323,12.0,-8.0,-86.0
1777891328.7053325,7.0,-7.0,-82.0
1777891328.7153325,2.0,-5.0,-76.0
1777891328.7253325,0.0,-3.0,-79.0
1777891328.7353325,0.0,0.0,-77.0
1777891328.7453325,0.0,-3.0,-75.0
1777891328.7553325,-1.0,-5.0,-73.0
1777891328.7653325,-1.0,-2.0,-76.0
1777891328.7753325,1.0,-5.0,-71.0
1777891328.7853324,1.0,-5.0,-73.0
1777891328.7953324,3.0,-7.0,-69.0
1777891328.8053324,8.0,-8.0,-70.0
1777891328.8153324,1.0,-3.0,-74.0
1777891328.8253324,-6.0,-2.0,-77.0
1777891328.8353324,-5.0,0.0,-68.0
1777891328.8453324,-4.0,0.0,-64.0
1777891328.8553324,-3.0,-1.0,-66.0
1777891328.8653324,2.0,-2.0,-72.0
1777891328.8753324,2.0,-5.0,-72.0
1777891328.8853323,0.0,-7.0,-70.0
1777891328.8953323,-2.0,-7.0,-72.0
1777891328.9053323,-2.0,-6.0,-71.0
1777891328.9153323,-2.0,-4.0,-73.0
1777891328.9253323,0.0,-2.0,-71.0
1777891328.9353323,-1.0,-1.0,-66.0
1777891328.9453323,-4.0,-2.0,-72.0
1777891328.9553325,-5.0,-5.0,-77.0
1777891328.9653325,0.0,-5.0,-79.0
1777891328.9753325,0.0,-5.0,-76.0
1777891328.9853325,-3.0,-8.0,-77.0
1777891328.9953325,1.0,-7.0,-69.0
1777891329.0053325,1.0,-5.0,-65.0
1777891329.0153325,1.0,-5.0,-64.0
1777891329.0253325,6.0,-3.0,-69.0
1777891329.0353324,6.0,-3.0,-72.0
1777891329.0453324,6.0,-5.0,-72.0
1777891329.0553324,4.0,-4.0,-72.0
1777891329.0653324,4.0,-5.0,-73.0
1777891329.0753324,4.0,-8.0,-71.0
1777891329.0853324,3.0,-9.0,-69.0
1777891329.0953324,2.0,-6.0,-69.0
1777891329.1053324,-2.0,-6.0,-71.0
1777891329.1153324,0.0,-5.0,-71.0
1777891329.1253324,-2.0,-3.0,-73.0
1777891329.1353323,-1.0,1.0,-73.0
1777891329.1453323,2.0,-2.0,-74.0
1777891329.1553323,5.0,0.0,-71.0
1777891329.1653323,6.0,-6.0,-70.0
1777891329.1753323,7.0,-5.0,-71.0
1777891329.1853323,4.0,-3.0,-74.0
1777891329.1953323,1.0,-5.0,-74.0
1777891329.2053325,2.0,-7.0,-76.0
1777891329.2153325,0.0,-4.0,-79.0
1777891329.2253325,10.0,-5.0,-78.0
1777891329.2353325,12.0,-9.0,-83.0
1777891329.2453325,7.0,-11.0,-75.0
1777891329.2553325,7.0,-7.0,-76.0
1777891329.2653325,5.0,-5.0,-79.0
1777891329.2753325,7.0,-5.0,-76.0
1777891329.2853324,5.0,-3.0,-77.0
1777891329.2953324,2.0,-3.0,-74.0
1777891329.3053324,0.0,0.0,-76.0
1777891329.3153324,-1.0,0.0,-79.0
1777891329.3253324,0.0,-2.0,-86.0
1777891329.3353324,2.0,1.0,-84.0
1777891329.3453324,0.0,0.0,-87.0
1777891329.3553324,-1.0,-4.0,-83.0
1777891329.3653324,6.0,-1.0,-82.0
1777891329.3753324,5.0,-3.0,-74.0
1777891329.3853323,3.0,-6.0,-75.0
1777891329.3953323,7.0,-4.0,-71.0
1777891329.4053323,3.0,0.0,-70.0
1777891329.4153323,5.0,-4.0,-68.0
1777891329.4253323,5.0,-4.0,-73.0
1777891329.4353323,6.0,0.0,-76.0
1777891329.4453323,5.0,0.0,-74.0
1777891329.4553325,3.0,0.0,-66.0
1777891329.4653325,2.0,0.0,-70.0
1777891329.4753325,2.0,-2.0,-64.0
1777891329.4853325,0.0,-1.0,-66.0
1777891329.4953325,-4.0,0.0,-67.0
1777891329.5053325,-5.0,0.0,-69.0
1777891329.5153325,-4.0,-2.0,-68.0
1777891329.5253325,0.0,-3.0,-68.0
1777891329.5353324,0.0,-3.0,-76.0
1777891329.5453324,2.0,-6.0,-82.0
1777891329.5553324,1.0,-5.0,-79.0
1777891329.5653324,0.0,-5.0,-74.0
1777891329.5753324,4.0,-5.0,-78.0
1777891329.5853324,0.0,-8.0,-72.0
1777891329.5953324,-2.0,-6.0,-71.0
1777891329.6053324,-3.0,-7.0,-71.0
1777891329.6153324,-6.0,-1.0,-70.0
1777891329.6253324,-4.0,-1.0,-71.0
1777891329.6353323,-5.0,-2.0,-72.0
1777891329.6453323,-4.0,-2.0,-74.0
1777891329.6553323,0.0,-1.0,-74.0
1777891329.6653323,1.0,-2.0,-68.0
1777891329.6753323,2.0,0.0,-68.0
1777891329.6853323,0.0,0.0,-66.0
1777891329.6953323,-2.0,-2.0,-69.0
1777891329.7053325,-1.0,0.0,-68.0
1777891329.7153325,-2.0,-1.0,-69.0
1777891329.7253325,-1.0,0.0,-70.0
1777891329.7353325,-4.0,-2.0,-71.0
1777891329.7453325,-3.0,0.0,-79.0
1777891329.7553325,-3.0,0.0,-72.0
1777891329.7653325,0.0,4.0,-76.0
1777891329.7753325,1.0,7.0,-79.0
1777891329.7853324,5.0,4.0,-70.0
1777891329.7953324,10.0,1.0,-71.0
1777891329.8053324,9.0,-2.0,-63.0
1777891329.8153324,7.0,-6.0,-71.0
1777891329.8253324,5.0,-9.0,-70.0
1777891329.8353324,8.0,-9.0,-79.0
1777891329.8453324,8.0,-5.0,-84.0
1777891329.8553324,6.0,-4.0,-78.0
1777891329.8653324,0.0,-3.0,-78.0
1777891329.8753324,-2.0,-5.0,-67.0
1777891329.8853323,-4.0,-5.0,-65.0
1777891329.8953323,-3.0,-5.0,-63.0
1777891329.9053323,-4.0,-1.0,-66.0
1777891329.9153323,-3.0,2.0,-67.0
1777891329.9253323,0.0,7.0,-62.0
1777891329.9353323,0.0,0.0,-63.0
1777891329.9453323,0.0,0.0,-59.0
1777891329.9553325,0.0,-3.0,-65.0
1777891329.9653325,0.0,0.0,-64.0
1777891329.9753325,-5.0,-1.0,-70.0
1777891329.9853325,0.0,-6.0,-64.0
1777891329.9953325,0.0,-8.0,-61.0
1777891330.0053325,3.0,-6.0,-59.0
1777891330.0153325,4.0,-1.0,-62.0
1777891330.0253325,5.0,-2.0,-69.0
1777891330.0353324,6.0,-3.0,-74.0
1777891330.0453324,2.0,-1.0,-75.0
1777891330.0553324,0.0,-1.0,-74.0
1777891330.0653324,0.0,-1.0,-77.0
1777891330.0753324,0.0,-1.0,-76.0
1777891330.0853324,-4.0,-2.0,-70.0
1777891330.0953324,-4.0,-6.0,-71.0
1777891330.1053324,-2.0,-7.0,-69.0
1777891330.1153324,-3.0,-9.0,-69.0
1777891330.1253324,-4.0,-9.0,-67.0
1777891330.1353323,2.0,-15.0,-60.0
1777891330.1453323,1.0,-12.0,-55.0
1777891330.1553323,0.0,-8.0,-59.0
1777891330.1653323,0.0,-6.0,-66.0
1777891330.1753323,2.0,-10.0,-68.0
1777891330.1853323,1.0,-6.0,-75.0
1777891330.1953323,5.0,-5.0,-85.0
1777891330.2053325,3.0,-7.0,-84.0
1777891330.2153325,0.0,-10.0,-73.0
1777891330.2253325,-4.0,-12.0,-70.0
1777891330.2353325,-3.0,-10.0,-66.0
1777891330.2453325,1.0,-12.0,-69.0
1777891330.2553325,5.0,-10.0,-73.0
1777891330.2653325,5.0,-9.0,-70.0
1777891330.2753325,4.0,-6.0,-69.0
1777891330.2853324,3.0,-2.0,-68.0
1777891330.2953324,3.0,-2.0,-66.0
1777891330.3053324,3.0,0.0,-66.0
1777891330.3153324,3.0,0.0,-65.0
1777891330.3253324,3.0,1.0,-64.0
1777891330.3353324,3.0,3.0,-63.0
1777891330.3453324,5.0,7.0,-63.0
1777891330.3553324,3.0,1.0,-66.0
1777891330.3653324,1.0,-1.0,-68.0
1777891330.3753324,-2.0,0.0,-69.0
1777891330.3853323,-3.0,-2.0,-71.0
1777891330.3953323,0.0,-7.0,-63.0
1777891330.4053323,0.0,-9.0,-65.0
1777891330.4153323,-1.0,-9.0,-73.0
1777891330.4253323,2.0,-8.0,-77.0
1777891330.4353323,1.0,-8.0,-78.0
1777891330.4453323,2.0,-4.0,-70.0
1777891330.4553325,7.0,0.0,-69.0
1777891330.4653325,7.0,1.0,-70.0
1777891330.4753325,4.0,0.0,-72.0
1777891330.4863324,0.0,2.0,-78.0
1777891330.4953325,0.0,3.0,-73.0
1777891330.5053325,2.0,2.0,-73.0
1777891330.5153325,6.0,3.0,-75.0
1777891330.5253325,5.0,0.0,-75.0
1777891330.5363324,2.0,0.0,-78.0
1777891330.5463324,5.0,4.0,-72.0
1777891330.5563323,6.0,4.0,-81.0
1777891330.5653324,2.0,3.0,-83.0
1777891330.5763323,1.0,1.0,-82.0
1777891330.5863323,-2.0,-2.0,-79.0
1777891330.5963323,0.0,-3.0,-76.0
1777891330.6063323,-2.0,0.0,-66.0
1777891330.6153324,-6.0,1.0,-71.0
1777891330.6263323,-6.0,1.0,-72.0
1777891330.6363325,-3.0,-2.0,-71.0
1777891330.6463325,-2.0,-4.0,-74.0
1777891330.6563325,0.0,-6.0,-81.0
1777891330.6663325,4.0,-8.0,-74.0
1777891330.6763325,6.0,-6.0,-70.0
1777891330.6863325,0.0,-6.0,-68.0
1777891330.6963325,0.0,-7.0,-71.0
1777891330.7063324,-2.0,-9.0,-68.0
1777891330.7163324,-1.0,-9.0,-65.0
1777891330.7263324,-5.0,-6.0,-68.0
1777891330.7363324,-6.0,-4.0,-74.0
1777891330.7463324,-4.0,-1.0,-73.0
1777891330.7563324,-3.0,-3.0,-74.0
1777891330.7663324,-3.0,-4.0,-78.0
1777891330.7773323,-3.0,-4.0,-78.0
1777891330.7863324,-5.0,0.0,-81.0
1777891330.7963324,-5.0,0.0,-79.0
1777891330.8063323,-2.0,-1.0,-73.0
1777891330.8163323,0.0,0.0,-71.0
1777891330.8263323,0.0,0.0,-72.0
1777891330.8363323,-1.0,1.0,-67.0
1777891330.8463323,0.0,2.0,-68.0
1777891330.8563323,-1.0,-2.0,-69.0
1777891330.8663323,0.0,-2.0,-74.0
1777891330.8763323,-2.0,-4.0,-77.0
1777891330.8863325,0.0,-8.0,-75.0
1777891330.8963325,-1.0,0.0,-78.0
1777891330.9063325,1.0,5.0,-73.0
1777891330.9163325,2.0,0.0,-76.0
1777891330.9263325,3.0,-2.0,-74.0
1777891330.9363325,0.0,-9.0,-72.0
1777891330.9463325,-2.0,-10.0,-71.0
1777891330.9563324,-2.0,-12.0,-71.0
1777891330.9663324,-5.0,-11.0,-65.0
1777891330.9763324,-3.0,-7.0,-60.0
1777891330.9863324,-1.0,-6.0,-63.0
1777891330.9963324,-4.0,0.0,-67.0
1777891331.0063324,-2.0,5.0,-62.0
1777891331.0163324,1.0,3.0,-60.0
1777891331.0263324,4.0,3.0,-67.0
1777891331.0363324,8.0,2.0,-63.0
1777891331.0463324,8.0,0.0,-69.0
1777891331.0563323,0.0,-2.0,-79.0
1777891331.0663323,-2.0,0.0,-77.0
1777891331.0763323,1.0,-2.0,-71.0
1777891331.0863323,1.0,0.0,-70.0
1777891331.0963323,4.0,-1.0,-67.0
1777891331.1063323,5.0,-3.0,-71.0
1777891331.1163323,4.0,-4.0,-74.0
1777891331.1263323,5.0,-7.0,-68.0
1777891331.1363325,5.0,-8.0,-69.0
1777891331.1463325,8.0,-5.0,-73.0
1777891331.1563325,7.0,-3.0,-67.0
1777891331.1663325,0.0,-4.0,-68.0
1777891331.1763325,-1.0,-3.0,-71.0
1777891331.1863325,0.0,-5.0,-76.0
1777891331.1963325,0.0,0.0,-75.0
1777891331.2063324,-2.0,3.0,-73.0
1777891331.2163324,1.0,5.0,-68.0
1777891331.2263324,2.0,3.0,-66.0
1777891331.2363324,-3.0,0.0,-75.0
1777891331.2463324,0.0,-1.0,-73.0
1777891331.2563324,4.0,0.0,-70.0
1777891331.2663324,5.0,-3.0,-69.0
1777891331.2763324,3.0,-4.0,-67.0
1777891331.2863324,0.0,-8.0,-65.0
1777891331.2963324,1.0,-4.0,-59.0
1777891331.3063323,0.0,-3.0,-60.0
1777891331.3163323,-3.0,0.0,-61.0
1777891331.3263323,-2.0,-1.0,-57.0
1777891331.3363323,0.0,-2.0,-57.0
1777891331.3463323,0.0,-1.0,-60.0
1777891331.3563323,0.0,0.0,-63.0
1777891331.3663323,0.0,-2.0,-64.0
1777891331.3763323,0.0,0.0,-66.0
1777891331.3863325,1.0,-5.0,-69.0
1777891331.3963325,-2.0,-3.0,-71.0
1777891331.4063325,-3.0,0.0,-74.0
1777891331.4163325,0.0,2.0,-74.0
1777891331.4263325,1.0,0.0,-70.0
1777891331.4363325,1.0,-1.0,-72.0
1777891331.4463325,2.0,0.0,-71.0
1777891331.4563324,8.0,-2.0,-68.0
1777891331.4663324,7.0,-3.0,-79.0
1777891331.4763324,5.0,-4.0,-84.0
1777891331.4863324,7.0,-1.0,-91.0
1777891331.4963324,6.0,-2.0,-83.0
1777891331.5063324,4.0,-2.0,-74.0
1777891331.5163324,7.0,-4.0,-68.0
1777891331.5263324,2.0,-4.0,-69.0
1777891331.5363324,0.0,-6.0,-74.0
1777891331.5463324,1.0,-10.0,-75.0
1777891331.5563323,2.0,-13.0,-71.0
1777891331.5663323,-1.0,-16.0,-73.0
1777891331.5763323,-2.0,-12.0,-79.0
1777891331.5863323,-1.0,-6.0,-79.0
1777891331.5963323,0.0,-1.0,-72.0
1777891331.6063323,-2.0,0.0,-65.0
1777891331.6163323,-1.0,2.0,-66.0
1777891331.6263323,0.0,5.0,-64.0
1777891331.6363325,-3.0,4.0,-67.0
1777891331.6463325,-6.0,5.0,-71.0
1777891331.6563325,-8.0,5.0,-68.0
1777891331.6663325,-4.0,6.0,-68.0
1777891331.6763325,-2.0,4.0,-68.0
1777891331.6863325,-7.0,1.0,-68.0
1777891331.6963325,-7.0,-3.0,-64.0
1777891331.7063324,0.0,-1.0,-69.0
1777891331.7163324,3.0,1.0,-70.0
1777891331.7263324,0.0,1.0,-70.0
1777891331.7363324,0.0,-1.0,-77.0
1777891331.7463324,2.0,-7.0,-78.0
1777891331.7563324,4.0,-4.0,-70.0
1777891331.7663324,5.0,-2.0,-67.0
1777891331.7763324,6.0,-4.0,-68.0
1777891331.7863324,3.0,0.0,-70.0
1777891331.7963324,4.0,0.0,-69.0
1777891331.8063323,7.0,-3.0,-62.0
1777891331.8163323,5.0,-1.0,-58.0
1777891331.8263323,4.0,3.0,-57.0
1777891331.8363323,3.0,4.0,-64.0
1777891331.8463323,3.0,5.0,-66.0
1777891331.8563323,3.0,3.0,-74.0
1777891331.8663323,1.0,2.0,-73.0
1777891331.8763323,-2.0,3.0,-72.0
1777891331.8863325,-2.0,2.0,-77.0
1777891331.8963325,0.0,2.0,-72.0
1777891331.9063325,-3.0,4.0,-74.0
1777891331.9163325,0.0,2.0,-74.0
1777891331.9263325,1.0,0.0,-72.0
1777891331.9363325,2.0,-2.0,-74.0
1777891331.9463325,5.0,-4.0,-83.0
1777891331.9563324,6.0,-5.0,-85.0
1777891331.9663324,6.0,-3.0,-83.0
1777891331.9763324,6.0,-4.0,-88.0
1777891331.9863324,6.0,-4.0,-88.0
1777891331.9963324,6.0,-3.0,-78.0
1777891332.0063324,4.0,-5.0,-79.0
1777891332.0163324,1.0,-4.0,-80.0
1777891332.0263324,3.0,-3.0,-79.0
1777891332.0363324,1.0,-4.0,-82.0
1777891332.0463324,3.0,-7.0,-86.0
1777891332.0563323,5.0,-8.0,-78.0
1777891332.0663323,4.0,-6.0,-74.0
1777891332.0763323,5.0,-3.0,-74.0
1777891332.0863323,5.0,-4.0,-68.0
1777891332.0963323,4.0,-3.0,-72.0
1777891332.1063323,4.0,-3.0,-75.0
1777891332.1163323,8.0,-3.0,-78.0
1777891332.1263323,9.0,-1.0,-68.0
1777891332.1363325,7.0,0.0,-69.0
1777891332.1463325,11.0,1.0,-72.0
1777891332.1563325,7.0,1.0,-73.0
1777891332.1663325,7.0,2.0,-66.0
1777891332.1763325,2.0,3.0,-70.0
1777891332.1863325,5.0,1.0,-71.0
1777891332.1963325,1.0,0.0,-65.0
1777891332.2063324,-1.0,0.0,-60.0
1777891332.2163324,4.0,0.0,-62.0
1777891332.2263324,3.0,0.0,-62.0
1777891332.2363324,2.0,-1.0,-71.0
1777891332.2463324,0.0,0.0,-72.0
1777891332.2563324,0.0,0.0,-78.0
1777891332.2663324,0.0,-1.0,-72.0
1777891332.2763324,-1.0,-9.0,-69.0
1777891332.2863324,-5.0,-9.0,-70.0
1777891332.2963324,-6.0,-5.0,-69.0
1777891332.3063323,-2.0,1.0,-66.0
1777891332.3163323,-2.0,0.0,-70.0
1777891332.3263323,-2.0,-3.0,-66.0
1777891332.3363323,-4.0,-1.0,-61.0
1777891332.3463323,-4.0,-3.0,-58.0
1777891332.3563323,-3.0,-5.0,-64.0
1777891332.3663323,-6.0,0.0,-64.0
1777891332.3763323,-6.0,-2.0,-64.0
1777891332.3863325,-3.0,-5.0,-65.0
1777891332.3963325,-1.0,-5.0,-67.0
1777891332.4063325,0.0,0.0,-66.0
1777891332.4163325,0.0,-3.0,-65.0
1777891332.4263325,0.0,-2.0,-68.0
1777891332.4363325,0.0,-6.0,-67.0
1777891332.4463325,2.0,-8.0,-58.0
1777891332.4563324,7.0,-7.0,-57.0
1777891332.4663324,13.0,-3.0,-64.0
1777891332.4763324,13.0,3.0,-62.0
1777891332.4863324,9.0,9.0,-65.0
1777891332.4963324,7.0,8.0,-66.0
1777891332.5063324,2.0,8.0,-65.0
1777891332.5163324,5.0,3.0,-65.0
1777891332.5273323,8.0,2.0,-68.0
1777891332.5373323,6.0,2.0,-70.0
1777891332.5473323,8.0,0.0,-74.0
1777891332.5573325,2.0,2.0,-79.0
1777891332.5673325,2.0,-1.0,-75.0
1777891332.5773325,3.0,0.0,-80.0
1777891332.5873325,3.0,0.0,-81.0
1777891332.5973325,3.0,0.0,-75.0
1777891332.6073325,-1.0,0.0,-74.0
1777891332.6173325,-2.0,1.0,-77.0
1777891332.6273324,0.0,1.0,-76.0
1777891332.6373324,1.0,3.0,-77.0
1777891332.6473324,1.0,2.0,-78.0
1777891332.6573324,4.0,0.0,-71.0
1777891332.6673324,7.0,5.0,-70.0
1777891332.6773324,5.0,3.0,-79.0
1777891332.6873324,0.0,1.0,-76.0
1777891332.6973324,-2.0,1.0,-69.0
1777891332.7073324,0.0,1.0,-73.0
1777891332.7173324,2.0,1.0,-71.0
1777891332.7273324,6.0,2.0,-76.0
1777891332.7373323,9.0,3.0,-83.0
1777891332.7473323,8.0,1.0,-78.0
1777891332.7573323,6.0,0.0,-75.0
1777891332.7673323,3.0,-2.0,-78.0
1777891332.7773323,6.0,-2.0,-81.0
1777891332.7873323,3.0,-3.0,-81.0
1777891332.7973323,-4.0,-4.0,-75.0
1777891332.8073325,-6.0,-1.0,-74.0
1777891332.8173325,0.0,1.0,-73.0
1777891332.8273325,0.0,-1.0,-78.0
1777891332.8373325,1.0,-4.0,-76.0
1777891332.8473325,0.0,-3.0,-74.0
1777891332.8573325,2.0,-3.0,-72.0
1777891332.8673325,0.0,-2.0,-72.0
1777891332.8773324,0.0,-1.0,-79.0
1777891332.8873324,-3.0,0.0,-81.0
1777891332.8973324,-1.0,2.0,-75.0
1777891332.9073324,0.0,2.0,-79.0
1777891332.9173324,-3.0,3.0,-78.0
1777891332.9273324,-2.0,5.0,-74.0
1777891332.9373324,-5.0,8.0,-75.0
1777891332.9473324,-4.0,7.0,-75.0
1777891332.9573324,0.0,5.0,-77.0
1777891332.9673324,0.0,0.0,-77.0
1777891332.9773324,0.0,0.0,-74.0
1777891332.9873323,2.0,1.0,-76.0
1777891332.9973323,0.0,0.0,-75.0
1777891333.0073323,1.0,-1.0,-71.0
1777891333.0173323,4.0,-2.0,-71.0
1777891333.0273323,5.0,-3.0,-73.0
1777891333.0373323,4.0,-2.0,-77.0
1777891333.0473323,5.0,-2.0,-76.0
1777891333.0573325,2.0,1.0,-71.0
1777891333.0673325,4.0,1.0,-67.0
1777891333.0773325,7.0,0.0,-70.0
1777891333.0873325,8.0,-5.0,-72.0
1777891333.0973325,10.0,-5.0,-74.0
1777891333.1073325,3.0,-1.0,-75.0
1777891333.1173325,5.0,-3.0,-78.0
1777891333.1273324,4.0,0.0,-80.0
1777891333.1373324,-1.0,0.0,-75.0
1777891333.1473324,-3.0,0.0,-72.0
1777891333.1573324,0.0,-2.0,-70.0
1777891333.1673324,2.0,-2.0,-75.0
1777891333.1773324,0.0,-2.0,-75.0
1777891333.1873324,-2.0,-4.0,-72.0
1777891333.1973324,-5.0,-4.0,-68.0
1777891333.2073324,-4.0,-2.0,-70.0
1777891333.2173324,0.0,0.0,-75.0
1777891333.2273324,0.0,-1.0,-79.0
1777891333.2373323,0.0,-5.0,-74.0
1777891333.2473323,-1.0,-1.0,-74.0
1777891333.2573323,-2.0,0.0,-71.0
1777891333.2673323,-5.0,2.0,-65.0
1777891333.2773323,-5.0,1.0,-70.0
1777891333.2873323,-1.0,-1.0,-67.0
1777891333.2973323,-1.0,-4.0,-71.0
1777891333.3073325,-2.0,-6.0,-72.0
1777891333.3173325,0.0,-3.0,-76.0
1777891333.3273325,-3.0,-5.0,-76.0
1777891333.3373325,-3.0,-1.0,-70.0
1777891333.3473325,-3.0,-2.0,-80.0
1777891333.3573325,-1.0,-4.0,-74.0
1777891333.3673325,1.0,-6.0,-81.0
1777891333.3773324,1.0,-8.0,-77.0
1777891333.3873324,0.0,-7.0,-78.0
1777891333.3973324,3.0,-8.0,-76.0
1777891333.4073324,4.0,-2.0,-80.0
1777891333.4173324,0.0,1.0,-82.0
1777891333.4273324,-1.0,-1.0,-69.0
1777891333.4373324,-3.0,0.0,-68.0
1777891333.4473324,-7.0,0.0,-68.0
1777891333.4573324,-6.0,0.0,-68.0
1777891333.4673324,-1.0,4.0,-67.0
1777891333.4773324,1.0,5.0,-62.0
1777891333.4873323,3.0,4.0,-63.0
1777891333.4973323,1.0,0.0,-60.0
1777891333.5073323,-2.0,0.0,-65.0
1777891333.5173323,0.0,3.0,-68.0
1777891333.5273323,-6.0,1.0,-69.0
1777891333.5373323,0.0,3.0,-75.0
1777891333.5473323,2.0,0.0,-73.0
1777891333.5573325,2.0,-1.0,-70.0
1777891333.5673325,4.0,-2.0,-69.0
1777891333.5773325,5.0,-5.0,-61.0
1777891333.5873325,7.0,-5.0,-60.0
1777891333.5973325,6.0,-3.0,-59.0
1777891333.6073325,1.0,-3.0,-53.0
1777891333.6173325,3.0,0.0,-49.0
1777891333.6273324,0.0,1.0,-49.0
1777891333.6373324,-3.0,1.0,-49.0
1777891333.6473324,-3.0,-1.0,-61.0
1777891333.6573324,3.0,0.0,-59.0
1777891333.6673324,4.0,0.0,-56.0
1777891333.6773324,6.0,-5.0,-59.0
1777891333.6873324,8.0,-1.0,-66.0
1777891333.6973324,10.0,-2.0,-71.0
1777891333.7073324,9.0,-3.0,-76.0
1777891333.7173324,9.0,-3.0,-80.0
1777891333.7273324,5.0,-3.0,-75.0
1777891333.7373323,7.0,-4.0,-76.0
1777891333.7473323,4.0,-2.0,-73.0
1777891333.7573323,3.0,1.0,-74.0
1777891333.7673323,2.0,2.0,-82.0
1777891333.7773323,-2.0,0.0,-74.0
1777891333.7873323,-2.0,1.0,-73.0
1777891333.7973323,1.0,-1.0,-73.0
1777891333.8073325,0.0,-3.0,-76.0
1777891333.8173325,-4.0,-1.0,-75.0
1777891333.8273325,-6.0,-1.0,-76.0
1777891333.8373325,-8.0,-1.0,-78.0
1777891333.8473325,-3.0,1.0,-72.0
1777891333.8573325,-4.0,2.0,-67.0
1777891333.8673325,1.0,-2.0,-69.0
1777891333.8773324,2.0,-1.0,-71.0
1777891333.8873324,2.0,-3.0,-69.0
1777891333.8973324,5.0,-7.0,-63.0
1777891333.9073324,11.0,-6.0,-62.0
1777891333.9173324,6.0,-4.0,-62.0
1777891333.9273324,6.0,-2.0,-62.0
1777891333.9373324,5.0,0.0,-61.0
1777891333.9473324,5.0,0.0,-69.0
1777891333.9573324,1.0,0.0,-65.0
1777891333.9673324,2.0,3.0,-64.0
1777891333.9773324,-3.0,2.0,-71.0
1777891333.9873323,1.0,0.0,-70.0
1777891333.9973323,5.0,0.0,-70.0
1777891334.0073323,2.0,0.0,-74.0
1777891334.0173323,0.0,0.0,-68.0
1777891334.0273323,4.0,0.0,-74.0
1777891334.0373323,2.0,0.0,-80.0
1777891334.0473323,5.0,-2.0,-80.0
1777891334.0573325,0.0,-2.0,-83.0
1777891334.0673325,-2.0,-7.0,-75.0
1777891334.0773325,0.0,-4.0,-70.0
1777891334.0873325,2.0,-3.0,-76.0
1777891334.0973325,2.0,-3.0,-69.0
1777891334.1073325,0.0,0.0,-71.0
1777891334.1173325,0.0,-1.0,-70.0
1777891334.1273324,4.0,-4.0,-69.0
1777891334.1373324,0.0,-4.0,-65.0
1777891334.1473324,2.0,-6.0,-62.0
1777891334.1573324,4.0,-4.0,-55.0
1777891334.1673324,5.0,-6.0,-55.0
1777891334.1773324,2.0,-4.0,-60.0
1777891334.1873324,1.0,-2.0,-55.0
1777891334.1973324,0.0,-4.0,-62.0
1777891334.2073324,2.0,-1.0,-63.0
1777891334.2173324,3.0,0.0,-70.0
1777891334.2273324,3.0,0.0,-72.0
1777891334.2373323,1.0,-1.0,-71.0
1777891334.2473323,0.0,2.0,-76.0
1777891334.2573323,-2.0,0.0,-73.0
1777891334.2673323,-1.0,-3.0,-68.0
1777891334.2773323,-1.0,-6.0,-74.0
1777891334.2873323,-1.0,-6.0,-80.0
1777891334.2973323,4.0,-6.0,-76.0
1777891334.3073325,4.0,-4.0,-75.0
1777891334.3173325,5.0,-3.0,-75.0
1777891334.3273325,6.0,-2.0,-75.0
1777891334.3373325,3.0,-3.0,-79.0
1777891334.3473325,6.0,-4.0,-78.0
1777891334.3573325,1.0,-1.0,-79.0
1777891334.3673325,-2.0,-1.0,-79.0
1777891334.3773324,0.0,-1.0,-75.0
1777891334.3873324,0.0,-1.0,-77.0
1777891334.3973324,1.0,0.0,-78.0
1777891334.4073324,2.0,-2.0,-73.0
1777891334.4173324,2.0,-1.0,-77.0
1777891334.4273324,3.0,-3.0,-73.0
1777891334.4373324,-1.0,-1.0,-75.0
1777891334.4473324,0.0,-3.0,-66.0
1777891334.4573324,2.0,-2.0,-61.0
1777891334.4673324,1.0,-3.0,-59.0
1777891334.4773324,4.0,0.0,-59.0
1777891334.4873323,5.0,0.0,-62.0
1777891334.4973323,8.0,1.0,-58.0
1777891334.5083325,4.0,2.0,-60.0
1777891334.5183325,4.0,2.0,-64.0
1777891334.5273323,1.0,3.0,-60.0
1777891334.5383325,0.0,0.0,-69.0
1777891334.5483325,-2.0,4.0,-68.0
1777891334.5583324,-3.0,1.0,-72.0
1777891334.5683324,0.0,-1.0,-76.0
1777891334.5783324,0.0,0.0,-69.0
1777891334.5883324,4.0,1.0,-73.0
1777891334.5983324,3.0,1.0,-69.0
1777891334.6083324,6.0,1.0,-73.0
1777891334.6183324,3.0,-3.0,-84.0
1777891334.6283324,5.0,-4.0,-84.0
1777891334.6383324,6.0,-4.0,-77.0
1777891334.6483324,8.0,-3.0,-76.0
1777891334.6583323,7.0,0.0,-75.0
1777891334.6683323,5.0,-2.0,-69.0
1777891334.6783323,0.0,0.0,-68.0
1777891334.6883323,8.0,-1.0,-71.0
1777891334.6983323,10.0,1.0,-67.0
1777891334.7083323,12.0,0.0,-69.0
1777891334.7183323,10.0,1.0,-78.0
1777891334.7283323,5.0,-1.0,-81.0
1777891334.7383325,4.0,-3.0,-83.0
1777891334.7483325,7.0,-5.0,-81.0
1777891334.7583325,6.0,-5.0,-76.0
1777891334.7683325,6.0,-2.0,-72.0
1777891334.7783325,7.0,-1.0,-72.0
1777891334.7883325,7.0,-3.0,-68.0
1777891334.7983325,8.0,-5.0,-73.0
1777891334.8083324,5.0,-3.0,-82.0
1777891334.8183324,9.0,-4.0,-81.0
1777891334.8283324,5.0,-5.0,-84.0
1777891334.8383324,3.0,-1.0,-73.0
1777891334.8483324,4.0,0.0,-76.0
1777891334.8583324,7.0,-3.0,-71.0
1777891334.8683324,7.0,-4.0,-70.0
1777891334.8783324,1.0,0.0,-69.0
1777891334.8883324,-1.0,-2.0,-64.0
1777891334.8983324,-1.0,0.0,-65.0
1777891334.9083323,-2.0,-3.0,-70.0
1777891334.9183323,-1.0,0.0,-69.0
1777891334.9283323,0.0,5.0,-70.0
1777891334.9383323,3.0,4.0,-73.0
1777891334.9483323,2.0,3.0,-69.0
1777891334.9583323,3.0,4.0,-69.0
1777891334.9683323,4.0,4.0,-63.0
1777891334.9783323,3.0,5.0,-59.0
1777891334.9883325,-1.0,4.0,-64.0
1777891334.9983325,0.0,6.0,-63.0
1777891335.0083325,0.0,1.0,-63.0
1777891335.0183325,1.0,-1.0,-61.0
1777891335.0283325,0.0,1.0,-60.0
1777891335.0383325,2.0,2.0,-60.0
1777891335.0483325,2.0,-2.0,-60.0
1777891335.0583324,0.0,-5.0,-59.0
1777891335.0683324,2.0,-4.0,-63.0
1777891335.0783324,-4.0,6.0,-58.0
1777891335.0883324,0.0,2.0,-62.0
1777891335.0983324,0.0,-1.0,-64.0
1777891335.1083324,-1.0,-3.0,-67.0
1777891335.1183324,-1.0,0.0,-69.0
1777891335.1283324,-2.0,4.0,-70.0
1777891335.1383324,-2.0,0.0,-71.0
1777891335.1483324,-1.0,2.0,-76.0
1777891335.1583323,-5.0,2.0,-74.0
1777891335.1683323,-4.0,5.0,-72.0
1777891335.1783323,-4.0,4.0,-68.0
1777891335.1883323,-7.0,2.0,-71.0
1777891335.1983323,-3.0,-2.0,-68.0
1777891335.2083323,0.0,-4.0,-66.0
1777891335.2183323,-4.0,-4.0,-67.0
1777891335.2283323,-1.0,-4.0,-69.0
1777891335.2383325,1.0,-3.0,-71.0
1777891335.2483325,5.0,-3.0,-72.0
1777891335.2583325,-3.0,-2.0,-68.0
1777891335.2683325,-6.0,-1.0,-71.0
1777891335.2783325,-4.0,0.0,-76.0
1777891335.2883325,-1.0,5.0,-76.0
1777891335.2983325,0.0,3.0,-74.0
1777891335.3083324,2.0,4.0,-78.0
1777891335.3183324,1.0,5.0,-80.0
1777891335.3283324,5.0,3.0,-75.0
1777891335.3383324,3.0,7.0,-77.0
1777891335.3483324,7.0,5.0,-78.0
1777891335.3583324,5.0,5.0,-78.0
1777891335.3683324,0.0,6.0,-76.0
1777891335.3783324,-3.0,4.0,-74.0
1777891335.3883324,-2.0,2.0,-75.0
1777891335.3983324,-3.0,2.0,-74.0
1777891335.4083323,0.0,-1.0,-76.0
1777891335.4183323,5.0,-2.0,-67.0
1777891335.4283323,2.0,1.0,-70.0
1777891335.4383323,1.0,-1.0,-72.0
1777891335.4483323,2.0,1.0,-72.0
1777891335.4583323,1.0,6.0,-72.0
1777891335.4683323,0.0,4.0,-69.0
1777891335.4783323,-2.0,8.0,-70.0
1777891335.4883325,-1.0,8.0,-63.0
1777891335.4983325,-2.0,6.0,-64.0
1777891335.5083325,0.0,3.0,-64.0
1777891335.5183325,3.0,5.0,-66.0
1777891335.5283325,1.0,4.0,-66.0
1777891335.5383325,3.0,2.0,-66.0
1777891335.5483325,5.0,1.0,-70.0
1777891335.5583324,3.0,0.0,-68.0
1777891335.5683324,3.0,4.0,-69.0
1777891335.5783324,0.0,6.0,-70.0
1777891335.5883324,0.0,5.0,-75.0
1777891335.5983324,0.0,3.0,-75.0
1777891335.6083324,2.0,0.0,-73.0
1777891335.6183324,6.0,-1.0,-68.0
1777891335.6283324,4.0,0.0,-67.0
1777891335.6383324,3.0,-1.0,-67.0
1777891335.6483324,5.0,0.0,-70.0
1777891335.6583323,2.0,-5.0,-76.0
1777891335.6683323,0.0,-2.0,-75.0
1777891335.6783323,0.0,-1.0,-67.0
1777891335.6883323,-1.0,-1.0,-74.0
1777891335.6983323,-1.0,-4.0,-78.0
1777891335.7083323,-3.0,-4.0,-77.0
1777891335.7183323,0.0,-1.0,-71.0
1777891335.7283323,2.0,2.0,-75.0
1777891335.7383325,0.0,4.0,-75.0
1777891335.7483325,-5.0,2.0,-82.0
1777891335.7583325,-1.0,2.0,-90.0
1777891335.7683325,-2.0,0.0,-88.0
1777891335.7783325,-3.0,0.0,-90.0
1777891335.7883325,-4.0,2.0,-90.0
1777891335.7983325,-2.0,3.0,-88.0
1777891335.8083324,3.0,0.0,-82.0
1777891335.8183324,2.0,-1.0,-79.0
1777891335.8283324,0.0,-1.0,-81.0
1777891335.8383324,-2.0,-2.0,-76.0
1777891335.8483324,1.0,-8.0,-77.0
1777891335.8583324,9.0,-5.0,-86.0
1777891335.8683324,9.0,-5.0,-91.0
1777891335.8783324,7.0,-5.0,-93.0
1777891335.8883324,6.0,-7.0,-77.0
1777891335.8983324,9.0,-8.0,-72.0
1777891335.9083323,5.0,-9.0,-72.0
1777891335.9183323,0.0,-7.0,-70.0
1777891335.9283323,-3.0,-5.0,-78.0
1777891335.9383323,0.0,-1.0,-76.0
1777891335.9483323,0.0,-2.0,-71.0
1777891335.9583323,-1.0,-3.0,-71.0
1777891335.9683323,-3.0,-1.0,-72.0
1777891335.9783323,-4.0,0.0,-74.0
1777891335.9883325,0.0,3.0,-77.0
1777891335.9983325,3.0,5.0,-76.0
1777891336.0083325,2.0,1.0,-78.0
1777891336.0183325,4.0,2.0,-71.0
1777891336.0283325,2.0,4.0,-71.0
1777891336.0383325,3.0,5.0,-69.0
1777891336.0483325,4.0,6.0,-72.0
1777891336.0583324,1.0,3.0,-73.0
1777891336.0683324,0.0,1.0,-83.0
1777891336.0783324,1.0,5.0,-81.0
1777891336.0883324,2.0,4.0,-79.0
1777891336.0983324,0.0,5.0,-74.0
1777891336.1083324,-3.0,-1.0,-73.0
1777891336.1183324,-4.0,-3.0,-74.0
1777891336.1283324,1.0,-5.0,-72.0
1777891336.1383324,3.0,-5.0,-72.0
1777891336.1483324,4.0,-4.0,-78.0
1777891336.1583323,4.0,-1.0,-70.0
1777891336.1683323,4.0,1.0,-73.0
1777891336.1783323,3.0,1.0,-77.0
1777891336.1883323,1.0,4.0,-82.0
1777891336.1983323,-1.0,3.0,-88.0
1777891336.2083323,-5.0,0.0,-88.0
1777891336.2183323,-7.0,0.0,-82.0
1777891336.2283323,-4.0,0.0,-74.0
1777891336.2383325,-2.0,2.0,-71.0
1777891336.2483325,-1.0,5.0,-68.0
1777891336.2583325,0.0,6.0,-63.0
1777891336.2683325,-1.0,1.0,-61.0
1777891336.2783325,-4.0,0.0,-63.0
1777891336.2883325,-2.0,0.0,-67.0
1777891336.2983325,0.0,-4.0,-73.0
1777891336.3083324,-4.0,-1.0,-70.0
1777891336.3183324,-5.0,0.0,-75.0
1777891336.3283324,-4.0,0.0,-76.0
1777891336.3383324,-2.0,2.0,-82.0
1777891336.3483324,-3.0,2.0,-78.0
1777891336.3583324,0.0,3.0,-70.0
1777891336.3683324,2.0,6.0,-67.0
1777891336.3783324,4.0,6.0,-70.0
1777891336.3883324,3.0,6.0,-76.0
1777891336.3983324,3.0,6.0,-69.0
1777891336.4083323,0.0,5.0,-67.0
1777891336.4183323,0.0,2.0,-65.0
1777891336.4283323,-1.0,-2.0,-64.0
1777891336.4383323,1.0,-5.0,-68.0
1777891336.4483323,2.0,-3.0,-65.0
1777891336.4583323,2.0,-8.0,-65.0
1777891336.4683323,3.0,-8.0,-62.0
1777891336.4783323,2.0,-5.0,-62.0
1777891336.4883325,3.0,-1.0,-58.0
1777891336.4983325,2.0,0.0,-62.0
1777891336.5093324,1.0,-4.0,-62.0
1777891336.5193324,2.0,-1.0,-60.0
1777891336.5293324,2.0,-1.0,-68.0
1777891336.5393324,0.0,-3.0,-74.0
1777891336.5493324,0.0,-6.0,-74.0
1777891336.5593324,0.0,-8.0,-72.0
1777891336.5693324,-3.0,-4.0,-76.0
1777891336.5793324,-5.0,-5.0,-69.0
1777891336.5893323,-4.0,-3.0,-74.0
1777891336.5993323,-4.0,-2.0,-71.0
1777891336.6093323,-6.0,-5.0,-70.0
1777891336.6193323,-5.0,-3.0,-66.0
1777891336.6293323,-3.0,0.0,-68.0
1777891336.6393323,0.0,0.0,-67.0
1777891336.6493323,-4.0,-2.0,-68.0
1777891336.6593325,-1.0,0.0,-69.0
1777891336.6693325,2.0,3.0,-73.0
1777891336.6793325,0.0,4.0,-71.0
1777891336.6893325,1.0,1.0,-69.0
1777891336.6993325,0.0,2.0,-67.0
1777891336.7093325,2.0,4.0,-68.0
1777891336.7193325,4.0,5.0,-73.0
1777891336.7293324,5.0,3.0,-71.0
1777891336.7393324,4.0,6.0,-72.0
1777891336.7493324,1.0,4.0,-77.0
1777891336.7593324,4.0,0.0,-75.0
1777891336.7693324,4.0,-1.0,-71.0
1777891336.7793324,1.0,-1.0,-72.0
1777891336.7893324,-2.0,0.0,-73.0
1777891336.7993324,-5.0,-4.0,-68.0
1777891336.8093324,0.0,-9.0,-72.0
1777891336.8193324,3.0,-11.0,-71.0
1777891336.8293324,5.0,-9.0,-73.0
1777891336.8393323,3.0,-5.0,-75.0
1777891336.8493323,2.0,-6.0,-71.0
1777891336.8593323,-1.0,-8.0,-72.0
1777891336.8693323,3.0,-5.0,-69.0
1777891336.8793323,8.0,-4.0,-72.0
1777891336.8893323,10.0,-2.0,-69.0
1777891336.8993323,14.0,4.0,-75.0
1777891336.9093325,12.0,4.0,-80.0
1777891336.9193325,11.0,5.0,-80.0
1777891336.9293325,6.0,4.0,-75.0
1777891336.9393325,0.0,4.0,-73.0
1777891336.9493325,-7.0,5.0,-72.0
1777891336.9593325,-3.0,5.0,-79.0
1777891336.9693325,0.0,0.0,-76.0
1777891336.9793324,-3.0,-2.0,-78.0
1777891336.9893324,-3.0,-4.0,-76.0
1777891336.9993324,0.0,-3.0,-67.0
1777891337.0093324,-1.0,-1.0,-62.0
1777891337.0193324,2.0,0.0,-71.0
1777891337.0293324,0.0,0.0,-69.0
1777891337.0393324,0.0,-1.0,-74.0
1777891337.0493324,-2.0,1.0,-70.0
1777891337.0593324,-4.0,0.0,-70.0
1777891337.0693324,-7.0,-4.0,-70.0
1777891337.0793324,-5.0,-1.0,-75.0
1777891337.0893323,-3.0,-3.0,-77.0
1777891337.0993323,-3.0,1.0,-76.0
1777891337.1093323,-6.0,-1.0,-67.0
1777891337.1193323,-9.0,-1.0,-69.0
1777891337.1293323,-5.0,-1.0,-75.0
1777891337.1393323,1.0,3.0,-76.0
1777891337.1493323,5.0,0.0,-72.0
1777891337.1593325,9.0,-2.0,-69.0
1777891337.1693325,5.0,2.0,-60.0
1777891337.1793325,4.0,2.0,-66.0
1777891337.1893325,2.0,2.0,-70.0
1777891337.1993325,2.0,0.0,-68.0
1777891337.2093325,0.0,3.0,-75.0
1777891337.2193325,4.0,3.0,-72.0
1777891337.2293324,0.0,0.0,-71.0
1777891337.2393324,-2.0,2.0,-76.0
1777891337.2493324,0.0,-1.0,-77.0
1777891337.2593324,2.0,-1.0,-79.0
1777891337.2693324,0.0,0.0,-79.0
1777891337.2793324,0.0,1.0,-80.0
1777891337.2893324,-1.0,3.0,-80.0
1777891337.2993324,0.0,3.0,-87.0
1777891337.3093324,0.0,7.0,-85.0
1777891337.3193324,-2.0,5.0,-86.0
1777891337.3293324,3.0,0.0,-80.0
1777891337.3393323,2.0,-3.0,-75.0
1777891337.3493323,0.0,-4.0,-74.0
1777891337.3593323,0.0,-6.0,-73.0
1777891337.3693323,6.0,-2.0,-76.0
1777891337.3793323,5.0,-1.0,-76.0
1777891337.3893323,6.0,-1.0,-78.0
1777891337.3993323,1.0,-2.0,-81.0
1777891337.4093325,1.0,-1.0,-82.0
1777891337.4193325,6.0,1.0,-77.0
1777891337.4293325,4.0,2.0,-76.0
1777891337.4393325,3.0,3.0,-70.0
1777891337.4493325,1.0,4.0,-69.0
1777891337.4593325,-1.0,5.0,-68.0
1777891337.4693325,-6.0,7.0,-69.0
1777891337.4793324,-7.0,11.0,-62.0
1777891337.4893324,-6.0,5.0,-59.0
1777891337.4993324,-1.0,1.0,-63.0
1777891337.5093324,4.0,-1.0,-69.0
1777891337.5193324,7.0,0.0,-73.0
1777891337.5293324,0.0,2.0,-72.0
1777891337.5393324,-2.0,1.0,-75.0
1777891337.5493324,0.0,0.0,-77.0
1777891337.5593324,-4.0,-3.0,-80.0
1777891337.5693324,-4.0,-4.0,-76.0
1777891337.5793324,-1.0,-6.0,-61.0
1777891337.5893323,-2.0,-6.0,-61.0
1777891337.5993323,-1.0,-4.0,-60.0
1777891337.6093323,0.0,-3.0,-63.0
1777891337.6193323,-1.0,1.0,-61.0
1777891337.6293323,0.0,0.0,-59.0
1777891337.6393323,-4.0,3.0,-64.0
1777891337.6493323,-5.0,1.0,-64.0
1777891337.6593325,-3.0,4.0,-65.0
1777891337.6693325,-2.0,2.0,-71.0
1777891337.6793325,-3.0,0.0,-75.0
1777891337.6893325,-4.0,-4.0,-75.0
1777891337.6993325,-6.0,-1.0,-74.0
1777891337.7093325,-8.0,-3.0,-70.0
1777891337.7193325,-1.0,-3.0,-71.0
1777891337.7293324,0.0,0.0,-67.0
1777891337.7393324,1.0,1.0,-74.0
1777891337.7493324,4.0,2.0,-78.0
1777891337.7593324,5.0,1.0,-80.0
1777891337.7693324,6.0,5.0,-71.0
1777891337.7793324,7.0,5.0,-73.0
1777891337.7893324,6.0,3.0,-67.0
1777891337.7993324,7.0,2.0,-64.0
1777891337.8093324,6.0,1.0,-65.0
1777891337.8193324,2.0,1.0,-55.0
1777891337.8293324,-1.0,3.0,-58.0
1777891337.8393323,0.0,0.0,-55.0
1777891337.8493323,0.0,-2.0,-57.0
1777891337.8593323,0.0,-4.0,-61.0
1777891337.8693323,3.0,0.0,-66.0
1777891337.8793323,1.0,0.0,-63.0
1777891337.8893323,2.0,-3.0,-64.0
1777891337.8993323,2.0,-4.0,-58.0
1777891337.9093325,1.0,-5.0,-55.0
1777891337.9193325,-1.0,-8.0,-57.0
1777891337.9293325,2.0,-6.0,-55.0
1777891337.9393325,0.0,-1.0,-61.0
1777891337.9493325,0.0,-1.0,-64.0
1777891337.9593325,2.0,0.0,-70.0
1777891337.9693325,10.0,-2.0,-69.0
1777891337.9793324,13.0,2.0,-67.0
1777891337.9893324,12.0,8.0,-70.0
1777891337.9993324,9.0,7.0,-69.0
1777891338.0093324,7.0,9.0,-70.0
1777891338.0193324,3.0,6.0,-70.0
1777891338.0293324,-1.0,6.0,-66.0
1777891338.0393324,2.0,7.0,-65.0
1777891338.0493324,2.0,5.0,-70.0
1777891338.0593324,2.0,8.0,-72.0
1777891338.0693324,6.0,9.0,-74.0
1777891338.0793324,3.0,9.0,-78.0
1777891338.0893323,1.0,7.0,-80.0
1777891338.0993323,0.0,11.0,-80.0
1777891338.1093323,0.0,12.0,-78.0
1777891338.1193323,0.0,7.0,-75.0
1777891338.1293323,3.0,1.0,-73.0
1777891338.1393323,1.0,1.0,-74.0
1777891338.1493323,0.0,1.0,-78.0
1777891338.1593325,1.0,0.0,-73.0
1777891338.1693325,2.0,4.0,-74.0
1777891338.1793325,3.0,4.0,-67.0
1777891338.1893325,2.0,4.0,-61.0
1777891338.1993325,2.0,6.0,-65.0
1777891338.2093325,6.0,4.0,-70.0
1777891338.2193325,8.0,0.0,-74.0
1777891338.2293324,8.0,0.0,-70.0
1777891338.2393324,6.0,-1.0,-78.0
1777891338.2493324,5.0,-1.0,-80.0
1777891338.2593324,5.0,-4.0,-71.0
1777891338.2693324,2.0,4.0,-70.0
1777891338.2793324,4.0,3.0,-75.0
1777891338.2893324,1.0,4.0,-72.0
1777891338.2993324,0.0,5.0,-80.0
1777891338.3093324,1.0,0.0,-80.0
1777891338.3193324,2.0,0.0,-75.0
1777891338.3293324,4.0,-1.0,-65.0
1777891338.3393323,3.0,0.0,-68.0
1777891338.3493323,2.0,0.0,-73.0
1777891338.3593323,0.0,2.0,-75.0
1777891338.3693323,1.0,1.0,-81.0
1777891338.3793323,3.0,0.0,-79.0
1777891338.3893323,6.0,1.0,-82.0
1777891338.3993323,11.0,5.0,-76.0
1777891338.4093325,10.0,4.0,-77.0
1777891338.4193325,7.0,5.0,-75.0
1777891338.4293325,5.0,9.0,-74.0
1777891338.4393325,3.0,5.0,-70.0
1777891338.4503324,7.0,6.0,-70.0
1777891338.4593325,6.0,9.0,-66.0
1777891338.4693325,5.0,8.0,-73.0
1777891338.4793324,5.0,4.0,-75.0
1777891338.4893324,2.0,5.0,-75.0
1777891338.5003324,-4.0,5.0,-68.0
1777891338.5103323,0.0,4.0,-68.0
1777891338.5203323,-2.0,1.0,-68.0
1777891338.5303323,-3.0,0.0,-65.0
1777891338.5403323,-1.0,0.0,-71.0
1777891338.5503323,5.0,-2.0,-82.0
1777891338.5603323,4.0,1.0,-81.0
1777891338.5703323,7.0,-1.0,-76.0
1777891338.5803325,8.0,0.0,-79.0
1777891338.5903325,6.0,-3.0,-75.0
1777891338.6003325,3.0,-2.0,-76.0
1777891338.6103325,2.0,-3.0,-72.0
1777891338.6203325,-1.0,-7.0,-75.0
1777891338.6303325,1.0,-6.0,-73.0
1777891338.6403325,1.0,-2.0,-68.0
1777891338.6503325,-1.0,1.0,-68.0
1777891338.6603324,0.0,4.0,-78.0
1777891338.6703324,-1.0,4.0,-75.0
1777891338.6803324,-1.0,2.0,-74.0
1777891338.6903324,1.0,3.0,-77.0
1777891338.7003324,3.0,3.0,-76.0
1777891338.7103324,1.0,2.0,-76.0
1777891338.7203324,-2.0,1.0,-77.0
1777891338.7303324,-3.0,0.0,-79.0
1777891338.7403324,-7.0,-1.0,-81.0
1777891338.7503324,-9.0,-5.0,-75.0
1777891338.7603323,-8.0,-7.0,-81.0
1777891338.7703323,-8.0,-7.0,-76.0
1777891338.7803323,-9.0,-1.0,-63.0
1777891338.7903323,-4.0,-1.0,-60.0
1777891338.8003323,-3.0,-5.0,-64.0
1777891338.8103323,-1.0,-5.0,-63.0
1777891338.8203323,0.0,-2.0,-60.0
1777891338.8303325,0.0,-5.0,-61.0
1777891338.8403325,0.0,-7.0,-59.0
1777891338.8503325,1.0,-3.0,-61.0
1777891338.8603325,1.0,0.0,-58.0
1777891338.8703325,2.0,1.0,-67.0
1777891338.8803325,1.0,0.0,-73.0
1777891338.8903325,3.0,-3.0,-69.0
1777891338.9003325,5.0,-2.0,-74.0
1777891338.9103324,6.0,0.0,-72.0
1777891338.9203324,7.0,0.0,-73.0
1777891338.9303324,7.0,-1.0,-81.0
1777891338.9403324,2.0,-2.0,-79.0
1777891338.9503324,0.0,-1.0,-75.0
1777891338.9603324,-4.0,-2.0,-71.0
1777891338.9703324,-2.0,-1.0,-70.0
1777891338.9803324,-2.0,-1.0,-69.0
1777891338.9903324,-1.0,0.0,-73.0
1777891339.0003324,2.0,1.0,-75.0
1777891339.0103323,1.0,0.0,-71.0
1777891339.0203323,4.0,-4.0,-69.0
1777891339.0303323,6.0,0.0,-68.0
1777891339.0403323,5.0,2.0,-69.0
1777891339.0503323,3.0,2.0,-70.0
1777891339.0603323,0.0,5.0,-69.0
1777891339.0703323,-4.0,4.0,-69.0
1777891339.0803325,-1.0,4.0,-62.0
1777891339.0903325,0.0,6.0,-66.0
1777891339.1003325,0.0,7.0,-75.0
1777891339.1103325,0.0,11.0,-78.0
1777891339.1203325,-1.0,10.0,-75.0
1777891339.1303325,-5.0,10.0,-73.0
1777891339.1403325,-5.0,11.0,-74.0
1777891339.1503325,-10.0,11.0,-71.0
1777891339.1603324,-5.0,8.0,-75.0
1777891339.1703324,-8.0,11.0,-80.0
1777891339.1803324,-6.0,9.0,-75.0
1777891339.1903324,-5.0,3.0,-74.0
1777891339.2003324,-3.0,0.0,-74.0
1777891339.2103324,-3.0,-2.0,-68.0
1777891339.2203324,-3.0,0.0,-67.0
1777891339.2303324,-7.0,-5.0,-69.0
1777891339.2403324,-2.0,-5.0,-71.0
1777891339.2503324,-2.0,-3.0,-75.0
1777891339.2603323,-8.0,-3.0,-75.0
1777891339.2703323,-5.0,-1.0,-80.0
1777891339.2803323,0.0,-1.0,-84.0
1777891339.2903323,-1.0,3.0,-84.0
1777891339.3003323,0.0,0.0,-85.0
1777891339.3103323,2.0,-4.0,-81.0
1777891339.3203323,1.0,-4.0,-76.0
1777891339.3303325,0.0,-9.0,-68.0
1777891339.3403325,0.0,-3.0,-68.0
1777891339.3503325,1.0,0.0,-69.0
1777891339.3603325,-1.0,1.0,-67.0
1777891339.3703325,-1.0,-2.0,-64.0
1777891339.3803325,-2.0,0.0,-63.0
1777891339.3903325,-4.0,3.0,-62.0
1777891339.4003325,-1.0,6.0,-64.0
1777891339.4103324,-3.0,5.0,-63.0
1777891339.4203324,-3.0,5.0,-60.0
1777891339.4303324,0.0,3.0,-60.0
1777891339.4403324,0.0,7.0,-61.0
1777891339.4503324,-1.0,4.0,-60.0
1777891339.4603324,0.0,0.0,-63.0
1777891339.4703324,1.0,-2.0,-63.0
1777891339.4803324,1.0,-1.0,-72.0
1777891339.4903324,4.0,0.0,-71.0
1777891339.5003324,1.0,2.0,-68.0
1777891339.5103323,0.0,3.0,-71.0
1777891339.5203323,0.0,2.0,-75.0
1777891339.5303323,0.0,1.0,-77.0
1777891339.5403323,-1.0,1.0,-74.0
1777891339.5503323,-3.0,5.0,-80.0
1777891339.5603323,1.0,5.0,-77.0
1777891339.5703323,2.0,2.0,-87.0
1777891339.5803325,6.0,1.0,-89.0
1777891339.5903325,10.0,0.0,-89.0
1777891339.6003325,3.0,0.0,-80.0
1777891339.6103325,1.0,-3.0,-75.0
1777891339.6203325,3.0,-4.0,-81.0
1777891339.6303325,5.0,-5.0,-82.0
1777891339.6403325,5.0,1.0,-81.0
1777891339.6503325,3.0,2.0,-79.0
1777891339.6603324,3.0,6.0,-79.0
1777891339.6703324,5.0,6.0,-69.0
1777891339.6803324,0.0,2.0,-68.0
1777891339.6903324,0.0,0.0,-73.0
1777891339.7003324,0.0,-2.0,-68.0
1777891339.7103324,-1.0,-3.0,-61.0
1777891339.7203324,-4.0,-3.0,-62.0
1777891339.7303324,-4.0,-5.0,-64.0
1777891339.7403324,-5.0,-2.0,-62.0
1777891339.7503324,-9.0,-2.0,-62.0
1777891339.7603323,-2.0,-2.0,-67.0
1777891339.7703323,-4.0,-4.0,-65.0
1777891339.7803323,-4.0,-3.0,-73.0
1777891339.7903323,-3.0,-2.0,-76.0
1777891339.8003323,1.0,-3.0,-74.0
1777891339.8103323,6.0,-4.0,-74.0
1777891339.8203323,4.0,-4.0,-78.0
1777891339.8303325,0.0,0.0,-71.0
1777891339.8403325,0.0,-2.0,-72.0
1777891339.8503325,-2.0,-1.0,-74.0
1777891339.8603325,-3.0,-1.0,-72.0
1777891339.8703325,-5.0,0.0,-63.0
1777891339.8803325,-8.0,-2.0,-64.0
1777891339.8903325,-8.0,-4.0,-63.0
1777891339.9003325,-6.0,-3.0,-63.0
1777891339.9103324,-6.0,-4.0,-67.0
1777891339.9203324,-2.0,-4.0,-68.0
1777891339.9303324,0.0,-4.0,-75.0
1777891339.9403324,0.0,0.0,-75.0
1777891339.9503324,0.0,2.0,-75.0
1777891339.9603324,-1.0,1.0,-77.0
1777891339.9703324,0.0,3.0,-83.0
1777891339.9803324,0.0,4.0,-75.0
1777891339.9903324,3.0,2.0,-73.0
1777891340.0003324,4.0,0.0,-69.0
1777891340.0103323,2.0,0.0,-69.0
1777891340.0203323,2.0,0.0,-71.0
1777891340.0303323,2.0,6.0,-72.0
1777891340.0403323,0.0,6.0,-77.0
1777891340.0503323,-4.0,1.0,-77.0
1777891340.0603323,-9.0,-4.0,-72.0
1777891340.0703323,-3.0,-4.0,-76.0
1777891340.0803325,-6.0,-5.0,-80.0
1777891340.0903325,-2.0,-3.0,-83.0
1777891340.1003325,-3.0,0.0,-82.0
1777891340.1103325,-2.0,0.0,-75.0
1777891340.1203325,1.0,-1.0,-77.0
1777891340.1303325,1.0,-1.0,-78.0
1777891340.1403325,2.0,1.0,-74.0
1777891340.1503325,0.0,1.0,-69.0
1777891340.1603324,-1.0,5.0,-67.0
1777891340.1703324,1.0,1.0,-59.0
1777891340.1803324,2.0,2.0,-56.0
1777891340.1903324,6.0,-2.0,-56.0
1777891340.2003324,5.0,-1.0,-58.0
1777891340.2103324,3.0,2.0,-53.0
1777891340.2203324,0.0,2.0,-65.0
1777891340.2303324,0.0,2.0,-63.0
1777891340.2403324,1.0,0.0,-68.0
1777891340.2503324,1.0,0.0,-72.0
1777891340.2603323,5.0,1.0,-72.0
1777891340.2703323,6.0,4.0,-72.0
1777891340.2803323,6.0,4.0,-73.0
1777891340.2903323,3.0,0.0,-76.0
1777891340.3003323,6.0,-2.0,-76.0
1777891340.3103323,2.0,-7.0,-76.0
1777891340.3203323,0.0,-4.0,-85.0
1777891340.3303325,0.0,-4.0,-79.0
1777891340.3403325,0.0,-1.0,-79.0
1777891340.3503325,-1.0,-3.0,-71.0
1777891340.3603325,-3.0,0.0,-73.0
1777891340.3703325,-4.0,0.0,-71.0
1777891340.3803325,-5.0,0.0,-74.0
1777891340.3903325,-5.0,0.0,-77.0
1777891340.4003325,-4.0,0.0,-80.0
1777891340.4103324,-2.0,0.0,-76.0
1777891340.4203324,-3.0,-1.0,-77.0
1777891340.4303324,2.0,-1.0,-77.0
1777891340.4403324,1.0,0.0,-78.0
1777891340.4513323,0.0,0.0,-74.0
1777891340.4603324,3.0,-1.0,-78.0
1777891340.4703324,1.0,-3.0,-75.0
1777891340.4803324,1.0,-5.0,-75.0
1777891340.4913323,0.0,-4.0,-75.0
1777891340.5013323,1.0,-6.0,-76.0
1777891340.5113325,5.0,-4.0,-77.0
1777891340.5213325,5.0,0.0,-78.0
1777891340.5313325,3.0,1.0,-79.0
1777891340.5413325,5.0,4.0,-76.0
1777891340.5513325,0.0,0.0,-70.0
1777891340.5613325,0.0,0.0,-65.0
1777891340.5713325,-3.0,0.0,-71.0
1777891340.5813324,0.0,-2.0,-69.0
1777891340.5913324,0.0,-8.0,-66.0
1777891340.6013324,-1.0,-10.0,-65.0
1777891340.6113324,-1.0,-10.0,-63.0
1777891340.6213324,2.0,-8.0,-65.0
1777891340.6313324,6.0,-10.0,-62.0
1777891340.6413324,9.0,-9.0,-61.0
1777891340.6513324,10.0,-7.0,-69.0
1777891340.6613324,11.0,-3.0,-69.0
1777891340.6713324,9.0,0.0,-64.0
1777891340.6813323,4.0,4.0,-68.0
1777891340.6913323,1.0,6.0,-71.0
1777891340.7013323,-1.0,2.0,-70.0
1777891340.7113323,1.0,2.0,-73.0
1777891340.7213323,2.0,0.0,-76.0
1777891340.7313323,3.0,-4.0,-81.0
1777891340.7413323,4.0,-2.0,-79.0
1777891340.7513323,4.0,-4.0,-76.0
1777891340.7613325,3.0,-1.0,-71.0
1777891340.7713325,2.0,-2.0,-71.0
1777891340.7813325,0.0,0.0,-71.0
1777891340.7913325,0.0,2.0,-77.0
1777891340.8013325,-7.0,0.0,-82.0
1777891340.8113325,-4.0,0.0,-85.0
1777891340.8213325,-5.0,2.0,-83.0
1777891340.8313324,-5.0,1.0,-79.0
1777891340.8413324,-7.0,1.0,-79.0
1777891340.8513324,-3.0,3.0,-75.0
1777891340.8613324,0.0,-2.0,-77.0
1777891340.8713324,1.0,-3.0,-80.0
1777891340.8813324,2.0,-2.0,-83.0
1777891340.8913324,2.0,-2.0,-84.0
1777891340.9013324,-2.0,-2.0,-86.0
1777891340.9113324,-4.0,-1.0,-81.0
1777891340.9213324,-7.0,-6.0,-84.0
1777891340.9313323,-13.0,-3.0,-87.0
1777891340.9413323,-14.0,-4.0,-83.0
1777891340.9513323,-14.0,-7.0,-81.0
1777891340.9613323,-8.0,-3.0,-83.0
1777891340.9713323,-5.0,0.0,-81.0
1777891340.9813323,0.0,0.0,-77.0
1777891340.9913323,-2.0,0.0,-78.0
1777891341.0013323,-2.0,1.0,-79.0
1777891341.0113325,-2.0,0.0,-77.0
1777891341.0213325,-2.0,-2.0,-81.0
1777891341.0313325,-4.0,-4.0,-78.0
1777891341.0413325,-2.0,-6.0,-70.0
1777891341.0513325,-1.0,-3.0,-69.0
1777891341.0613325,3.0,-2.0,-70.0
1777891341.0713325,6.0,-1.0,-72.0
1777891341.0813324,3.0,-2.0,-79.0
1777891341.0913324,5.0,-2.0,-75.0
1777891341.1013324,6.0,0.0,-76.0
1777891341.1113324,5.0,0.0,-77.0
1777891341.1213324,0.0,0.0,-73.0
1777891341.1313324,-4.0,-4.0,-71.0
1777891341.1413324,-4.0,-2.0,-70.0
1777891341.1513324,-5.0,-5.0,-72.0
1777891341.1613324,-3.0,-6.0,-75.0
1777891341.1713324,-7.0,-5.0,-77.0
1777891341.1813323,-1.0,-4.0,-79.0
1777891341.1913323,0.0,-1.0,-78.0
1777891341.2013323,-1.0,0.0,-78.0
1777891341.2113323,-5.0,2.0,-74.0
1777891341.2213323,-5.0,9.0,-71.0
1777891341.2313323,-2.0,7.0,-69.0
1777891341.2413323,0.0,6.0,-73.0
1777891341.2513323,-6.0,6.0,-74.0
1777891341.2613325,-3.0,1.0,-71.0
1777891341.2713325,-2.0,0.0,-69.0
1777891341.2813325,-2.0,-3.0,-68.0
1777891341.2913325,-2.0,0.0,-65.0
1777891341.3013325,0.0,2.0,-68.0
1777891341.3113325,-1.0,3.0,-77.0
1777891341.3213325,1.0,3.0,-77.0
1777891341.3313324,1.0,4.0,-77.0
1777891341.3413324,-2.0,5.0,-70.0
1777891341.3513324,0.0,3.0,-64.0
1777891341.3613324,2.0,3.0,-70.0
1777891341.3713324,3.0,1.0,-80.0
1777891341.3813324,1.0,0.0,-80.0
1777891341.3913324,2.0,-1.0,-73.0
1777891341.4013324,3.0,-2.0,-69.0
1777891341.4113324,2.0,0.0,-65.0
1777891341.4213324,1.0,-3.0,-64.0
1777891341.4313323,1.0,-3.0,-68.0
1777891341.4413323,-3.0,-3.0,-68.0
1777891341.4513323,-5.0,-5.0,-65.0
1777891341.4613323,-8.0,0.0,-64.0
1777891341.4713323,-2.0,-1.0,-58.0
1777891341.4813323,-6.0,-5.0,-56.0
1777891341.4913323,-5.0,-4.0,-61.0
1777891341.5013323,-7.0,0.0,-63.0
1777891341.5113325,-7.0,0.0,-69.0
1777891341.5213325,-8.0,-1.0,-73.0
1777891341.5313325,-8.0,-5.0,-76.0
1777891341.5413325,-9.0,-4.0,-73.0
1777891341.5513325,3.0,-5.0,-70.0
1777891341.5613325,3.0,-10.0,-70.0
1777891341.5713325,4.0,-7.0,-73.0
1777891341.5813324,6.0,-7.0,-69.0
1777891341.5913324,2.0,-10.0,-76.0
1777891341.6013324,0.0,-4.0,-78.0
1777891341.6113324,-1.0,-4.0,-66.0
1777891341.6213324,-3.0,-5.0,-61.0
1777891341.6313324,0.0,-2.0,-66.0
1777891341.6413324,-2.0,0.0,-68.0
1777891341.6513324,-4.0,1.0,-62.0
1777891341.6613324,-1.0,4.0,-68.0
1777891341.6713324,0.0,2.0,-74.0
1777891341.6813323,2.0,2.0,-77.0
1777891341.6913323,3.0,-3.0,-76.0
1777891341.7013323,-3.0,-3.0,-77.0
1777891341.7113323,-5.0,-6.0,-75.0
1777891341.7213323,-5.0,-9.0,-78.0
1777891341.7313323,-2.0,-9.0,-74.0
1777891341.7413323,3.0,-13.0,-72.0
1777891341.7513323,6.0,-15.0,-70.0
1777891341.7613325,7.0,-13.0,-69.0
1777891341.7713325,3.0,-10.0,-69.0
1777891341.7813325,5.0,-14.0,-66.0
1777891341.7913325,5.0,-7.0,-68.0
1777891341.8013325,5.0,-9.0,-76.0
1777891341.8113325,4.0,-10.0,-80.0
1777891341.8213325,4.0,-7.0,-73.0
1777891341.8313324,3.0,-6.0,-73.0
1777891341.8413324,0.0,-3.0,-73.0
1777891341.8513324,4.0,-1.0,-75.0
1777891341.8613324,0.0,-2.0,-71.0
1777891341.8713324,0.0,-7.0,-71.0
1777891341.8813324,-2.0,-4.0,-74.0
1777891341.8913324,-1.0,-3.0,-74.0
1777891341.9013324,2.0,0.0,-64.0
1777891341.9113324,1.0,0.0,-72.0
1777891341.9213324,-4.0,-1.0,-69.0
1777891341.9313323,-5.0,-3.0,-68.0
1777891341.9413323,0.0,-7.0,-65.0
1777891341.9513323,0.0,-2.0,-66.0
1777891341.9613323,0.0,-1.0,-61.0
1777891341.9713323,0.0,0.0,-70.0
1777891341.9813323,-4.0,0.0,-71.0
1777891341.9913323,-2.0,1.0,-64.0
1777891342.0013323,-1.0,3.0,-60.0
1777891342.0113325,-2.0,5.0,-63.0
1777891342.0213325,-3.0,1.0,-65.0
1777891342.0313325,0.0,4.0,-63.0
1777891342.0413325,3.0,5.0,-68.0
1777891342.0513325,2.0,3.0,-62.0
1777891342.0613325,4.0,1.0,-71.0
1777891342.0713325,2.0,0.0,-72.0
1777891342.0813324,0.0,5.0,-74.0
1777891342.0913324,3.0,1.0,-75.0
1777891342.1013324,3.0,3.0,-76.0
1777891342.1113324,3.0,3.0,-81.0
1777891342.1213324,3.0,0.0,-77.0
1777891342.1313324,4.0,0.0,-68.0
1777891342.1413324,1.0,-3.0,-69.0
1777891342.1513324,0.0,-5.0,-72.0
1777891342.1613324,-1.0,-6.0,-71.0
1777891342.1713324,1.0,-7.0,-74.0
1777891342.1813323,1.0,-5.0,-72.0
1777891342.1913323,0.0,0.0,-77.0
1777891342.2013323,-1.0,-3.0,-76.0
1777891342.2113323,1.0,-1.0,-77.0
1777891342.2213323,2.0,-4.0,-80.0
1777891342.2313323,7.0,-4.0,-75.0
1777891342.2413323,2.0,-4.0,-77.0
1777891342.2513323,1.0,-4.0,-75.0
1777891342.2613325,0.0,-2.0,-70.0
1777891342.2713325,-2.0,-4.0,-66.0
1777891342.2813325,-2.0,-6.0,-64.0
1777891342.2913325,-1.0,-5.0,-77.0
1777891342.3013325,0.0,-5.0,-76.0
1777891342.3113325,3.0,-5.0,-75.0
1777891342.3213325,1.0,-3.0,-71.0
1777891342.3313324,-2.0,-4.0,-73.0
1777891342.3413324,0.0,-1.0,-76.0
1777891342.3513324,2.0,-3.0,-79.0
1777891342.3613324,3.0,-2.0,-80.0
1777891342.3713324,2.0,0.0,-80.0
1777891342.3813324,-1.0,3.0,-75.0
1777891342.3913324,1.0,4.0,-72.0
1777891342.4013324,1.0,7.0,-72.0
1777891342.4113324,1.0,2.0,-71.0
1777891342.4213324,4.0,-2.0,-72.0
1777891342.4313323,2.0,0.0,-74.0
1777891342.4413323,1.0,0.0,-67.0
1777891342.4513323,0.0,-3.0,-66.0
1777891342.4623325,0.0,-4.0,-68.0
1777891342.4713323,-1.0,-2.0,-68.0
1777891342.4823325,1.0,-7.0,-68.0
1777891342.4923325,4.0,-2.0,-73.0
1777891342.5023324,2.0,-1.0,-81.0
1777891342.5123324,0.0,-3.0,-78.0
1777891342.5223324,-4.0,-1.0,-67.0
1777891342.5323324,-1.0,0.0,-68.0
1777891342.5423324,1.0,0.0,-77.0
1777891342.5523324,3.0,0.0,-80.0
1777891342.5623324,4.0,2.0,-74.0
1777891342.5723324,6.0,2.0,-77.0
1777891342.5823324,5.0,-1.0,-75.0
1777891342.5923324,3.0,-1.0,-75.0
1777891342.6023324,0.0,-1.0,-71.0
1777891342.6123323,-2.0,-1.0,-61.0
1777891342.6223323,-2.0,-3.0,-57.0
1777891342.6323323,0.0,-7.0,-59.0
1777891342.6423323,2.0,-8.0,-65.0
1777891342.6523323,0.0,-8.0,-62.0
1777891342.6623323,0.0,-5.0,-67.0
1777891342.6723323,-1.0,-2.0,-67.0
1777891342.6823325,1.0,0.0,-64.0
1777891342.6923325,0.0,4.0,-66.0
1777891342.7023325,0.0,4.0,-68.0
1777891342.7133324,-1.0,3.0,-76.0
1777891342.7223325,-2.0,2.0,-71.0
1777891342.7323325,-1.0,4.0,-70.0
1777891342.7423325,-3.0,6.0,-70.0
1777891342.7523324,-2.0,5.0,-68.0
1777891342.7623324,-3.0,4.0,-69.0
1777891342.7723324,1.0,0.0,-76.0
1777891342.7823324,-3.0,-2.0,-84.0
1777891342.7923324,-4.0,-3.0,-80.0
1777891342.8023324,-2.0,-3.0,-71.0
1777891342.8123324,-2.0,0.0,-70.0
1777891342.8223324,2.0,1.0,-67.0
1777891342.8323324,3.0,3.0,-65.0
1777891342.8423324,0.0,0.0,-65.0
1777891342.8523324,0.0,2.0,-69.0
1777891342.8623323,-3.0,1.0,-71.0
1777891342.8723323,-4.0,0.0,-74.0
1777891342.8823323,-5.0,5.0,-80.0
1777891342.8923323,-2.0,8.0,-79.0
1777891342.9023323,0.0,7.0,-73.0
1777891342.9123323,-2.0,5.0,-73.0
1777891342.9223323,0.0,-1.0,-69.0
1777891342.9323325,-1.0,-8.0,-65.0
1777891342.9423325,-2.0,-8.0,-63.0
1777891342.9523325,-5.0,-3.0,-74.0
1777891342.9623325,0.0,0.0,-71.0
1777891342.9723325,2.0,2.0,-71.0
1777891342.9823325,-1.0,1.0,-70.0
1777891342.9923325,3.0,4.0,-67.0
1777891343.0023324,5.0,2.0,-65.0
1777891343.0123324,5.0,1.0,-62.0
1777891343.0223324,3.0,1.0,-69.0
1777891343.0323324,1.0,0.0,-72.0
1777891343.0423324,3.0,0.0,-74.0
1777891343.0523324,9.0,2.0,-76.0
1777891343.0623324,8.0,3.0,-76.0
1777891343.0723324,6.0,0.0,-69.0
1777891343.0823324,8.0,-2.0,-67.0
1777891343.0923324,4.0,-2.0,-70.0
1777891343.1023324,2.0,0.0,-71.0
1777891343.1123323,-2.0,0.0,-78.0
1777891343.1223323,-4.0,-3.0,-72.0
1777891343.1323323,-3.0,-9.0,-65.0
1777891343.1423323,0.0,-6.0,-62.0
1777891343.1523323,3.0,-5.0,-72.0
1777891343.1623323,-4.0,-5.0,-80.0
1777891343.1723323,-7.0,-4.0,-81.0
1777891343.1823325,-6.0,-8.0,-79.0
1777891343.1923325,-3.0,-8.0,-73.0
1777891343.2023325,1.0,-9.0,-69.0
1777891343.2123325,5.0,-6.0,-71.0
1777891343.2223325,5.0,-2.0,-69.0
1777891343.2323325,3.0,-2.0,-66.0
1777891343.2423325,3.0,0.0,-72.0
1777891343.2523324,5.0,2.0,-74.0
1777891343.2623324,4.0,2.0,-73.0
1777891343.2723324,0.0,0.0,-72.0
1777891343.2823324,0.0,0.0,-74.0
1777891343.2923324,2.0,0.0,-68.0
1777891343.3023324,2.0,1.0,-66.0
1777891343.3123324,3.0,1.0,-58.0
1777891343.3223324,0.0,0.0,-57.0
1777891343.3323324,1.0,0.0,-57.0
1777891343.3423324,4.0,-2.0,-63.0
1777891343.3523324,6.0,-2.0,-69.0
1777891343.3623323,2.0,-4.0,-74.0
1777891343.3723323,0.0,-3.0,-75.0
1777891343.3823323,2.0,-5.0,-77.0
1777891343.3923323,6.0,-3.0,-77.0
1777891343.4023323,3.0,-2.0,-74.0
1777891343.4123323,0.0,-4.0,-68.0
1777891343.4223323,-1.0,-6.0,-68.0
1777891343.4323325,-1.0,-6.0,-69.0
1777891343.4423325,0.0,-10.0,-72.0
1777891343.4523325,2.0,-9.0,-78.0
1777891343.4623325,1.0,-10.0,-78.0
1777891343.4723325,0.0,-6.0,-75.0
1777891343.4823325,1.0,-5.0,-77.0
1777891343.4923325,3.0,-6.0,-78.0
1777891343.5023324,-1.0,-5.0,-80.0
1777891343.5123324,-3.0,1.0,-77.0
1777891343.5223324,-1.0,-1.0,-71.0
1777891343.5323324,3.0,0.0,-77.0
1777891343.5423324,0.0,1.0,-76.0
1777891343.5523324,2.0,3.0,-71.0
1777891343.5623324,2.0,0.0,-71.0
1777891343.5723324,2.0,-3.0,-74.0
1777891343.5823324,0.0,-2.0,-70.0
1777891343.5923324,0.0,3.0,-70.0
1777891343.6023324,-1.0,3.0,-71.0
1777891343.6123323,-3.0,0.0,-67.0
1777891343.6223323,-4.0,0.0,-67.0
1777891343.6323323,0.0,1.0,-71.0
1777891343.6423323,1.0,0.0,-65.0
1777891343.6523323,-1.0,0.0,-66.0
1777891343.6623323,0.0,0.0,-70.0
1777891343.6723323,2.0,1.0,-71.0
1777891343.6823325,-1.0,0.0,-67.0
1777891343.6923325,1.0,-7.0,-70.0
1777891343.7023325,0.0,-5.0,-66.0
1777891343.7123325,1.0,-5.0,-67.0
1777891343.7223325,2.0,-6.0,-64.0
1777891343.7323325,3.0,-3.0,-66.0
1777891343.7423325,3.0,-5.0,-68.0
1777891343.7523324,2.0,-2.0,-69.0
1777891343.7623324,6.0,-4.0,-69.0
1777891343.7723324,5.0,-7.0,-74.0
1777891343.7823324,5.0,-8.0,-69.0
1777891343.7923324,1.0,-10.0,-70.0
1777891343.8023324,-2.0,-11.0,-69.0
1777891343.8123324,-2.0,-8.0,-64.0
1777891343.8223324,-1.0,-5.0,-66.0
1777891343.8323324,-2.0,-4.0,-69.0
1777891343.8423324,-5.0,-10.0,-66.0
1777891343.8523324,-3.0,-11.0,-66.0
1777891343.8623323,-1.0,-7.0,-66.0
1777891343.8723323,-2.0,-4.0,-65.0
1777891343.8823323,-1.0,-2.0,-67.0
1777891343.8923323,1.0,-2.0,-71.0
1777891343.9023323,0.0,-4.0,-77.0
1777891343.9123323,0.0,-3.0,-72.0
1777891343.9223323,0.0,-8.0,-80.0
1777891343.9323325,0.0,-5.0,-80.0
1777891343.9423325,0.0,0.0,-75.0
1777891343.9523325,0.0,2.0,-74.0
1777891343.9623325,0.0,4.0,-73.0
1777891343.9723325,0.0,0.0,-72.0
1777891343.9823325,-2.0,0.0,-77.0
1777891343.9923325,-4.0,0.0,-80.0
1777891344.0023324,-8.0,2.0,-80.0
1777891344.0123324,-4.0,-2.0,-83.0
1777891344.0223324,0.0,-3.0,-78.0
1777891344.0323324,0.0,-5.0,-81.0
1777891344.0423324,3.0,-2.0,-81.0
1777891344.0523324,2.0,-1.0,-79.0
1777891344.0623324,0.0,0.0,-80.0
1777891344.0723324,-3.0,4.0,-73.0
1777891344.0823324,0.0,1.0,-78.0
1777891344.0923324,3.0,1.0,-77.0
1777891344.1023324,3.0,-1.0,-75.0
1777891344.1123323,0.0,0.0,-70.0
1777891344.1223323,-1.0,0.0,-75.0
1777891344.1323323,-3.0,-7.0,-80.0
1777891344.1423323,-1.0,-4.0,-82.0
1777891344.1523323,-4.0,-3.0,-81.0
1777891344.1623323,-4.0,0.0,-84.0
1777891344.1723323,-2.0,2.0,-82.0
1777891344.1823325,-2.0,-3.0,-78.0
1777891344.1923325,-2.0,-7.0,-78.0
1777891344.2023325,0.0,-10.0,-79.0
1777891344.2123325,0.0,-8.0,-83.0
1777891344.2223325,-1.0,-10.0,-84.0
1777891344.2323325,-3.0,-11.0,-79.0
1777891344.2423325,-4.0,-9.0,-77.0
1777891344.2523324,-2.0,-5.0,-76.0
1777891344.2623324,-3.0,-5.0,-76.0
1777891344.2723324,1.0,-8.0,-73.0
1777891344.2823324,0.0,-6.0,-74.0
1777891344.2923324,6.0,-1.0,-79.0
1777891344.3023324,8.0,5.0,-83.0
1777891344.3123324,7.0,9.0,-77.0
1777891344.3223324,7.0,6.0,-70.0
1777891344.3323324,3.0,8.0,-67.0
1777891344.3423324,1.0,8.0,-68.0
1777891344.3523324,1.0,2.0,-71.0
1777891344.3623323,1.0,0.0,-67.0
1777891344.3723323,-2.0,-1.0,-69.0
1777891344.3823323,-3.0,0.0,-79.0
1777891344.3923323,1.0,1.0,-85.0
1777891344.4023323,-4.0,4.0,-81.0
1777891344.4123323,-4.0,4.0,-83.0
1777891344.4223323,0.0,2.0,-77.0
1777891344.4323325,0.0,0.0,-70.0
1777891344.4433324,-1.0,0.0,-73.0
1777891344.4523325,2.0,-1.0,-73.0
1777891344.4623325,5.0,0.0,-71.0
1777891344.4733324,5.0,0.0,-68.0
1777891344.4823325,5.0,0.0,-68.0
1777891344.4933324,0.0,2.0,-75.0
1777891344.5033324,-3.0,5.0,-76.0
1777891344.5133324,-4.0,3.0,-73.0
1777891344.5233324,-2.0,-2.0,-72.0
1777891344.5333323,-2.0,-6.0,-71.0
1777891344.5433323,-4.0,-4.0,-77.0
1777891344.5533323,-4.0,-1.0,-71.0
1777891344.5633323,-3.0,-2.0,-70.0
1777891344.5733323,0.0,-4.0,-70.0
1777891344.5833323,0.0,0.0,-77.0
1777891344.5933323,0.0,-2.0,-79.0
1777891344.6033323,0.0,-1.0,-79.0
1777891344.6133325,-1.0,-4.0,-79.0
1777891344.6233325,1.0,-4.0,-84.0
1777891344.6333325,2.0,-6.0,-79.0
1777891344.6433325,0.0,-8.0,-72.0
1777891344.6533325,-2.0,-9.0,-73.0
1777891344.6633325,-2.0,-9.0,-66.0
1777891344.6733325,0.0,-5.0,-67.0
1777891344.6833324,0.0,-7.0,-71.0
1777891344.6933324,-8.0,-7.0,-79.0
1777891344.7033324,-7.0,-8.0,-80.0
1777891344.7133324,-1.0,-2.0,-75.0
1777891344.7233324,4.0,-3.0,-71.0
1777891344.7333324,5.0,-1.0,-78.0
1777891344.7433324,8.0,-5.0,-74.0
1777891344.7533324,7.0,-6.0,-65.0
1777891344.7633324,6.0,-4.0,-70.0
1777891344.7733324,2.0,-3.0,-78.0
1777891344.7833323,1.0,0.0,-74.0
1777891344.7933323,0.0,-2.0,-69.0
1777891344.8033323,-3.0,1.0,-68.0
1777891344.8133323,-1.0,2.0,-66.0
1777891344.8233323,4.0,0.0,-63.0
1777891344.8333323,7.0,1.0,-67.0
1777891344.8433323,1.0,1.0,-66.0
1777891344.8533323,2.0,0.0,-61.0
1777891344.8633325,1.0,3.0,-60.0
1777891344.8733325,3.0,2.0,-63.0
1777891344.8833325,3.0,2.0,-67.0
1777891344.8933325,-1.0,2.0,-63.0
1777891344.9033325,-2.0,2.0,-57.0
1777891344.9133325,0.0,0.0,-66.0
1777891344.9233325,-2.0,-2.0,-72.0
1777891344.9333324,-2.0,0.0,-77.0
1777891344.9433324,-4.0,-4.0,-78.0
1777891344.9533324,1.0,-5.0,-78.0
1777891344.9633324,6.0,-7.0,-78.0
1777891344.9733324,7.0,-6.0,-79.0
1777891344.9833324,3.0,-2.0,-81.0
1777891344.9933324,2.0,0.0,-73.0
1777891345.0033324,0.0,2.0,-77.0
1777891345.0133324,1.0,3.0,-82.0
1777891345.0233324,1.0,0.0,-80.0
1777891345.0333323,1.0,-2.0,-78.0
1777891345.0433323,4.0,0.0,-75.0
1777891345.0533323,8.0,1.0,-72.0
1777891345.0633323,7.0,2.0,-72.0
1777891345.0733323,5.0,1.0,-70.0
1777891345.0833323,4.0,-5.0,-65.0
1777891345.0933323,2.0,-2.0,-66.0
1777891345.1033323,2.0,0.0,-67.0
1777891345.1133325,1.0,0.0,-64.0
1777891345.1233325,4.0,1.0,-64.0
1777891345.1333325,2.0,0.0,-65.0
1777891345.1433325,0.0,-2.0,-63.0
1777891345.1533325,3.0,-3.0,-63.0
1777891345.1633325,2.0,0.0,-64.0
1777891345.1733325,1.0,0.0,-69.0
1777891345.1833324,4.0,4.0,-68.0
1777891345.1933324,4.0,3.0,-68.0
1777891345.2033324,2.0,1.0,-68.0
1777891345.2133324,2.0,-6.0,-71.0
1777891345.2233324,0.0,-4.0,-75.0
1777891345.2333324,0.0,-4.0,-75.0
1777891345.2433324,5.0,-6.0,-76.0
1777891345.2533324,0.0,-8.0,-75.0
1777891345.2633324,-1.0,-3.0,-74.0
1777891345.2733324,-3.0,-3.0,-74.0
1777891345.2833323,0.0,2.0,-82.0
1777891345.2933323,2.0,0.0,-79.0
1777891345.3033323,1.0,-4.0,-76.0
1777891345.3133323,4.0,-6.0,-78.0
1777891345.3233323,11.0,-1.0,-76.0
1777891345.3333323,8.0,0.0,-77.0
1777891345.3433323,1.0,2.0,-75.0
1777891345.3533323,0.0,0.0,-70.0
1777891345.3633325,0.0,3.0,-65.0
1777891345.3733325,0.0,4.0,-70.0
1777891345.3833325,-2.0,6.0,-67.0
1777891345.3933325,-2.0,6.0,-64.0
1777891345.4033325,-2.0,0.0,-64.0
1777891345.4133325,2.0,-1.0,-66.0
1777891345.4233325,4.0,-4.0,-64.0
1777891345.4333324,3.0,-5.0,-64.0
1777891345.4433324,0.0,-5.0,-67.0
1777891345.4533324,-3.0,-3.0,-64.0
1777891345.4633324,-3.0,-2.0,-70.0
1777891345.4733324,-2.0,-2.0,-70.0
1777891345.4833324,-4.0,-8.0,-74.0
1777891345.4933324,-4.0,-5.0,-73.0
1777891345.5033324,-6.0,-5.0,-76.0
1777891345.5133324,-8.0,-5.0,-70.0
1777891345.5233324,-10.0,-2.0,-69.0
1777891345.5333323,-8.0,-2.0,-66.0
1777891345.5433323,-6.0,0.0,-68.0
1777891345.5533323,-6.0,-2.0,-71.0
1777891345.5633323,-3.0,-2.0,-74.0
1777891345.5733323,-5.0,-4.0,-76.0
1777891345.5833323,-8.0,-2.0,-67.0
1777891345.5933323,-11.0,-2.0,-69.0
1777891345.6033323,-3.0,-1.0,-71.0
1777891345.6133325,-2.0,0.0,-74.0
1777891345.6233325,0.0,2.0,-77.0
1777891345.6333325,-3.0,3.0,-81.0
1777891345.6433325,-1.0,4.0,-68.0
1777891345.6533325,-2.0,2.0,-67.0
1777891345.6633325,-2.0,3.0,-66.0
1777891345.6733325,0.0,3.0,-70.0
1777891345.6833324,2.0,-1.0,-70.0
1777891345.6933324,6.0,-2.0,-68.0
1777891345.7033324,2.0,-2.0,-63.0
1777891345.7133324,3.0,0.0,-66.0
1777891345.7233324,0.0,-2.0,-59.0
1777891345.7333324,2.0,0.0,-64.0
1777891345.7433324,2.0,0.0,-68.0
1777891345.7533324,3.0,-2.0,-62.0
1777891345.7633324,5.0,-2.0,-66.0
1777891345.7733324,4.0,-3.0,-72.0
1777891345.7833323,7.0,-2.0,-71.0
1777891345.7933323,7.0,-2.0,-73.0
1777891345.8033323,6.0,-2.0,-71.0
1777891345.8133323,2.0,-3.0,-70.0
1777891345.8233323,0.0,-4.0,-66.0
1777891345.8333323,0.0,-2.0,-71.0
1777891345.8433323,-1.0,-5.0,-71.0
1777891345.8533323,-2.0,-4.0,-80.0
1777891345.8633325,-2.0,-5.0,-88.0
1777891345.8733325,-1.0,-4.0,-82.0
1777891345.8833325,0.0,-4.0,-81.0
1777891345.8933325,1.0,0.0,-81.0
1777891345.9033325,1.0,-4.0,-84.0
1777891345.9133325,-1.0,-3.0,-84.0
1777891345.9233325,-3.0,0.0,-85.0
1777891345.9333324,-3.0,-6.0,-86.0
1777891345.9433324,-2.0,-3.0,-83.0
1777891345.9533324,-1.0,0.0,-78.0
1777891345.9633324,3.0,-2.0,-72.0
1777891345.9733324,1.0,0.0,-75.0
1777891345.9833324,-3.0,1.0,-76.0
1777891345.9933324,-2.0,0.0,-75.0
1777891346.0033324,-3.0,0.0,-70.0
1777891346.0133324,-3.0,1.0,-63.0
1777891346.0233324,1.0,2.0,-63.0
1777891346.0333323,0.0,5.0,-58.0
1777891346.0433323,0.0,0.0,-59.0
1777891346.0533323,2.0,-2.0,-57.0
1777891346.0633323,3.0,-3.0,-63.0
1777891346.0733323,5.0,-5.0,-62.0
1777891346.0833323,3.0,-4.0,-64.0
1777891346.0933323,5.0,-7.0,-62.0
1777891346.1033323,5.0,-3.0,-64.0
1777891346.1133325,3.0,-1.0,-60.0
1777891346.1233325,5.0,2.0,-68.0
1777891346.1333325,4.0,-1.0,-72.0
1777891346.1433325,0.0,0.0,-69.0
1777891346.1533325,0.0,-3.0,-69.0
1777891346.1633325,3.0,-1.0,-64.0
1777891346.1733325,4.0,-1.0,-70.0
1777891346.1833324,3.0,0.0,-75.0
1777891346.1933324,0.0,2.0,-73.0
1777891346.2033324,-1.0,0.0,-74.0
1777891346.2133324,-4.0,-6.0,-71.0
1777891346.2233324,0.0,-7.0,-66.0
1777891346.2333324,2.0,-6.0,-65.0
1777891346.2433324,4.0,-1.0,-67.0
1777891346.2533324,1.0,-3.0,-74.0
1777891346.2633324,3.0,-8.0,-75.0
1777891346.2733324,3.0,-6.0,-68.0
1777891346.2833323,1.0,-4.0,-77.0
1777891346.2933323,0.0,-6.0,-79.0
1777891346.3033323,-3.0,-3.0,-86.0
1777891346.3133323,0.0,-3.0,-87.0
1777891346.3233323,1.0,-8.0,-82.0
1777891346.3333323,3.0,-6.0,-75.0
1777891346.3433323,3.0,-5.0,-67.0
1777891346.3533323,1.0,-3.0,-71.0
1777891346.3633325,1.0,-4.0,-65.0
1777891346.3733325,5.0,-3.0,-65.0
1777891346.3833325,7.0,-1.0,-65.0
1777891346.3933325,11.0,-2.0,-71.0
1777891346.4033325,12.0,0.0,-71.0
1777891346.4133325,7.0,-3.0,-70.0
1777891346.4243324,6.0,-6.0,-67.0
1777891346.4333324,4.0,-2.0,-67.0
1777891346.4443324,0.0,1.0,-69.0
1777891346.4543324,3.0,3.0,-66.0
1777891346.4643323,2.0,6.0,-69.0
1777891346.4743323,-2.0,5.0,-69.0
1777891346.4843323,-1.0,3.0,-71.0
1777891346.4943323,-1.0,1.0,-76.0
1777891346.5043323,0.0,0.0,-78.0
1777891346.5143323,1.0,-3.0,-81.0
1777891346.5243323,3.0,-6.0,-78.0
1777891346.5343325,4.0,-4.0,-82.0
1777891346.5443325,-1.0,-2.0,-74.0
1777891346.5543325,0.0,-4.0,-73.0
1777891346.5643325,-2.0,-2.0,-79.0
1777891346.5743325,-1.0,-5.0,-83.0
1777891346.5843325,-1.0,-5.0,-83.0
1777891346.5943325,-3.0,-5.0,-80.0
1777891346.6043324,0.0,-4.0,-74.0
1777891346.6143324,0.0,-8.0,-75.0
1777891346.6243324,3.0,-6.0,-77.0
1777891346.6343324,6.0,-6.0,-72.0
1777891346.6443324,1.0,-4.0,-75.0
1777891346.6543324,-1.0,0.0,-76.0
1777891346.6643324,-2.0,5.0,-78.0
1777891346.6743324,-2.0,5.0,-80.0
1777891346.6843324,-3.0,1.0,-80.0
1777891346.6943324,-4.0,3.0,-73.0
1777891346.7043324,-3.0,1.0,-66.0
1777891346.7143323,-3.0,2.0,-65.0
1777891346.7243323,-1.0,0.0,-72.0
1777891346.7343323,0.0,0.0,-78.0
1777891346.7443323,2.0,-2.0,-81.0
1777891346.7543323,4.0,-4.0,-79.0
1777891346.7643323,7.0,-3.0,-76.0
1777891346.7743323,6.0,-3.0,-71.0
1777891346.7843325,6.0,-3.0,-74.0
1777891346.7943325,10.0,-8.0,-73.0
1777891346.8043325,6.0,-8.0,-69.0
1777891346.8143325,-3.0,-8.0,-69.0
1777891346.8243325,-7.0,-4.0,-65.0
1777891346.8343325,-6.0,0.0,-69.0
1777891346.8443325,-5.0,-1.0,-67.0
1777891346.8543324,-3.0,0.0,-60.0
1777891346.8643324,0.0,-3.0,-62.0
1777891346.8743324,-1.0,-2.0,-68.0
1777891346.8843324,-4.0,-2.0,-74.0
1777891346.8943324,-6.0,2.0,-71.0
1777891346.9043324,-7.0,1.0,-71.0
1777891346.9143324,-6.0,-2.0,-75.0
1777891346.9243324,-2.0,-3.0,-74.0
1777891346.9343324,1.0,-2.0,-71.0
1777891346.9443324,-4.0,-7.0,-67.0
1777891346.9543324,-3.0,-3.0,-66.0
1777891346.9643323,-5.0,-5.0,-65.0
1777891346.9743323,-6.0,-4.0,-68.0
1777891346.9843323,-4.0,-3.0,-67.0
1777891346.9943323,0.0,-3.0,-69.0
1777891347.0043323,1.0,-1.0,-74.0
1777891347.0143323,1.0,0.0,-75.0
1777891347.0243323,4.0,4.0,-73.0
1777891347.0343325,5.0,6.0,-67.0
1777891347.0443325,6.0,10.0,-70.0
1777891347.0543325,7.0,6.0,-71.0
1777891347.0643325,4.0,3.0,-65.0
1777891347.0743325,4.0,3.0,-68.0
1777891347.0843325,6.0,4.0,-63.0
1777891347.0943325,6.0,5.0,-61.0
1777891347.1043324,5.0,5.0,-66.0
1777891347.1143324,0.0,3.0,-68.0
1777891347.1243324,-1.0,4.0,-68.0
1777891347.1343324,-5.0,3.0,-73.0
1777891347.1443324,-5.0,6.0,-75.0
1777891347.1543324,-8.0,3.0,-70.0
1777891347.1643324,-5.0,2.0,-68.0
1777891347.1743324,-4.0,5.0,-69.0
1777891347.1843324,-2.0,6.0,-66.0
1777891347.1943324,-4.0,3.0,-70.0
1777891347.2043324,-6.0,5.0,-74.0
1777891347.2143323,-6.0,0.0,-80.0
1777891347.2243323,-3.0,1.0,-80.0
1777891347.2343323,-1.0,0.0,-72.0
1777891347.2443323,-4.0,-3.0,-69.0
1777891347.2543323,-4.0,-2.0,-66.0
1777891347.2643323,0.0,-4.0,-62.0
1777891347.2743323,3.0,0.0,-70.0
1777891347.2843325,5.0,0.0,-67.0
1777891347.2943325,4.0,2.0,-68.0
1777891347.3043325,7.0,1.0,-67.0
1777891347.3143325,6.0,2.0,-60.0
1777891347.3243325,7.0,-1.0,-56.0
1777891347.3343325,6.0,-4.0,-63.0
1777891347.3443325,0.0,-2.0,-62.0
1777891347.3543324,2.0,-2.0,-64.0
1777891347.3643324,2.0,-4.0,-70.0
1777891347.3743324,2.0,-5.0,-70.0
1777891347.3843324,7.0,-7.0,-69.0
1777891347.3943324,5.0,-3.0,-67.0
1777891347.4043324,1.0,-2.0,-60.0
1777891347.4143324,0.0,-2.0,-58.0
1777891347.4243324,0.0,0.0,-65.0
1777891347.4343324,-1.0,-3.0,-72.0
1777891347.4443324,-1.0,-1.0,-72.0
1777891347.4543324,-1.0,-1.0,-73.0
1777891347.4643323,3.0,-4.0,-71.0
1777891347.4743323,1.0,-4.0,-73.0
1777891347.4843323,-1.0,-3.0,-73.0
1777891347.4943323,-2.0,0.0,-78.0
1777891347.5043323,0.0,-3.0,-76.0
1777891347.5143323,4.0,-5.0,-72.0
1777891347.5243323,2.0,-7.0,-72.0
1777891347.5343325,0.0,-9.0,-72.0
1777891347.5443325,0.0,-9.0,-73.0
1777891347.5543325,1.0,-9.0,-76.0
1777891347.5643325,2.0,-5.0,-68.0
1777891347.5743325,2.0,-4.0,-70.0
1777891347.5843325,-1.0,-3.0,-66.0
1777891347.5943325,-4.0,-3.0,-60.0
1777891347.6043324,0.0,-2.0,-59.0
1777891347.6143324,3.0,-2.0,-60.0
1777891347.6243324,6.0,-3.0,-67.0
1777891347.6343324,-1.0,-5.0,-71.0
1777891347.6443324,-3.0,-2.0,-77.0
1777891347.6543324,0.0,-2.0,-69.0
1777891347.6643324,-3.0,-4.0,-67.0
1777891347.6743324,-7.0,-5.0,-64.0
1777891347.6843324,0.0,-4.0,-66.0
1777891347.6943324,-1.0,1.0,-72.0
1777891347.7043324,0.0,0.0,-64.0
1777891347.7143323,0.0,0.0,-71.0
1777891347.7243323,3.0,0.0,-73.0
1777891347.7343323,-1.0,-3.0,-77.0
1777891347.7443323,-1.0,-1.0,-74.0
1777891347.7543323,-3.0,-4.0,-73.0
1777891347.7643323,0.0,-8.0,-65.0
1777891347.7743323,-3.0,-6.0,-69.0
1777891347.7843325,0.0,-4.0,-71.0
1777891347.7943325,0.0,-3.0,-71.0
1777891347.8043325,-5.0,-1.0,-78.0
1777891347.8143325,-6.0,-2.0,-83.0
1777891347.8243325,-5.0,-3.0,-79.0
1777891347.8343325,-5.0,0.0,-73.0
1777891347.8443325,-2.0,0.0,-76.0
1777891347.8543324,-6.0,0.0,-71.0
1777891347.8643324,-4.0,0.0,-69.0
1777891347.8743324,0.0,1.0,-67.0
1777891347.8843324,0.0,-1.0,-65.0
1777891347.8943324,2.0,0.0,-68.0
1777891347.9043324,-3.0,0.0,-66.0
1777891347.9143324,-2.0,-5.0,-62.0
1777891347.9243324,-2.0,0.0,-57.0
1777891347.9343324,-1.0,0.0,-56.0
1777891347.9443324,-2.0,-3.0,-56.0
1777891347.9543324,-1.0,-2.0,-63.0
1777891347.9643323,1.0,-1.0,-67.0
1777891347.9743323,-5.0,-2.0,-70.0
1777891347.9843323,-1.0,-4.0,-72.0
1777891347.9943323,0.0,-6.0,-74.0
1777891348.0043323,0.0,0.0,-75.0
1777891348.0143323,-4.0,-1.0,-77.0
1777891348.0243323,0.0,0.0,-72.0
1777891348.0343325,3.0,1.0,-67.0
1777891348.0443325,0.0,0.0,-64.0
1777891348.0543325,1.0,0.0,-66.0
1777891348.0643325,4.0,-2.0,-66.0
1777891348.0743325,6.0,-4.0,-64.0
1777891348.0843325,6.0,-4.0,-63.0
1777891348.0943325,9.0,-4.0,-62.0
1777891348.1043324,5.0,-8.0,-65.0
1777891348.1143324,0.0,-8.0,-72.0
1777891348.1243324,0.0,-8.0,-71.0
1777891348.1343324,1.0,-3.0,-67.0
1777891348.1443324,2.0,0.0,-65.0
1777891348.1543324,2.0,-1.0,-65.0
1777891348.1643324,1.0,-1.0,-67.0
1777891348.1743324,0.0,-1.0,-67.0
1777891348.1843324,4.0,-1.0,-65.0
1777891348.1943324,5.0,-2.0,-69.0
1777891348.2043324,1.0,1.0,-69.0
1777891348.2143323,2.0,0.0,-69.0
1777891348.2243323,1.0,0.0,-76.0
1777891348.2343323,0.0,0.0,-72.0
1777891348.2443323,0.0,0.0,-74.0
1777891348.2543323,3.0,0.0,-68.0
1777891348.2643323,8.0,0.0,-67.0
1777891348.2743323,7.0,-3.0,-64.0
1777891348.2843325,1.0,-3.0,-65.0
1777891348.2943325,2.0,-1.0,-66.0
1777891348.3043325,-1.0,2.0,-72.0
1777891348.3143325,-2.0,2.0,-67.0
1777891348.3243325,0.0,-3.0,-63.0
1777891348.3343325,2.0,-4.0,-66.0
1777891348.3443325,1.0,-3.0,-69.0
1777891348.3543324,-3.0,-7.0,-72.0
1777891348.3643324,-4.0,-7.0,-72.0
1777891348.3743324,-5.0,0.0,-70.0
1777891348.3843324,-3.0,1.0,-63.0
1777891348.3943324,4.0,0.0,-66.0
1777891348.4043324,7.0,0.0,-68.0
1777891348.4143324,7.0,0.0,-67.0
1777891348.4243324,6.0,1.0,-69.0
1777891348.4343324,7.0,1.0,-74.0
1777891348.4443324,2.0,1.0,-84.0
1777891348.4553325,-1.0,-5.0,-80.0
1777891348.4643323,-1.0,-2.0,-77.0
1777891348.4753325,0.0,2.0,-75.0
1777891348.4853325,4.0,2.0,-77.0
1777891348.4953325,4.0,0.0,-72.0
1777891348.5053325,8.0,5.0,-70.0
1777891348.5153325,2.0,3.0,-70.0
1777891348.5253325,-5.0,4.0,-62.0
1777891348.5353324,-6.0,0.0,-65.0
1777891348.5453324,-2.0,0.0,-66.0
1777891348.5553324,-4.0,-1.0,-63.0
1777891348.5653324,-4.0,-5.0,-63.0
1777891348.5753324,0.0,-5.0,-63.0
1777891348.5853324,-1.0,-2.0,-59.0
1777891348.5953324,-1.0,-3.0,-56.0
1777891348.6053324,2.0,-3.0,-57.0
1777891348.6153324,7.0,-4.0,-57.0
1777891348.6253324,8.0,-2.0,-62.0
1777891348.6353323,5.0,-3.0,-54.0
1777891348.6453323,1.0,-4.0,-53.0
1777891348.6553323,1.0,-2.0,-59.0
1777891348.6653323,-1.0,0.0,-59.0
1777891348.6753323,-3.0,0.0,-67.0
1777891348.6853323,-2.0,0.0,-68.0
1777891348.6953323,2.0,-5.0,-70.0
1777891348.7053325,4.0,-5.0,-73.0
1777891348.7153325,-1.0,-4.0,-71.0
1777891348.7253325,-3.0,0.0,-67.0
1777891348.7353325,-1.0,0.0,-71.0
1777891348.7453325,-1.0,-3.0,-73.0
1777891348.7553325,2.0,-4.0,-76.0
1777891348.7653325,6.0,-1.0,-81.0
1777891348.7753325,3.0,-1.0,-77.0
1777891348.7853324,0.0,0.0,-78.0
1777891348.7953324,2.0,1.0,-83.0
1777891348.8053324,3.0,1.0,-77.0
1777891348.8153324,8.0,0.0,-76.0
1777891348.8253324,3.0,-1.0,-69.0
1777891348.8353324,-1.0,0.0,-72.0
1777891348.8453324,-5.0,3.0,-68.0
1777891348.8553324,-7.0,4.0,-70.0
1777891348.8653324,-4.0,1.0,-67.0
1777891348.8753324,-2.0,1.0,-70.0
1777891348.8853323,-2.0,2.0,-70.0
1777891348.8953323,1.0,8.0,-70.0
1777891348.9053323,2.0,7.0,-75.0
1777891348.9153323,7.0,8.0,-72.0
1777891348.9253323,3.0,8.0,-70.0
1777891348.9353323,4.0,8.0,-59.0
1777891348.9453323,1.0,6.0,-51.0
1777891348.9553325,0.0,3.0,-58.0
1777891348.9653325,-1.0,3.0,-65.0
1777891348.9753325,3.0,6.0,-72.0
1777891348.9853325,3.0,4.0,-70.0
1777891348.9953325,0.0,2.0,-68.0
1777891349.0053325,1.0,1.0,-71.0
1777891349.0153325,3.0,0.0,-69.0
1777891349.0253325,3.0,-3.0,-71.0
1777891349.0353324,5.0,-2.0,-71.0
1777891349.0453324,0.0,-2.0,-64.0
1777891349.0553324,-3.0,-2.0,-67.0
1777891349.0653324,-2.0,-2.0,-73.0
1777891349.0753324,-4.0,-5.0,-72.0
1777891349.0853324,-8.0,-10.0,-68.0
1777891349.0953324,-6.0,-10.0,-66.0
1777891349.1053324,-6.0,-8.0,-64.0
1777891349.1153324,-3.0,-4.0,-65.0
1777891349.1253324,-8.0,0.0,-67.0
1777891349.1353323,-5.0,-1.0,-67.0
1777891349.1453323,-4.0,-4.0,-76.0
1777891349.1553323,-5.0,-1.0,-77.0
1777891349.1653323,-7.0,2.0,-72.0
1777891349.1753323,-5.0,4.0,-77.0
1777891349.1853323,-3.0,-1.0,-74.0
1777891349.1953323,0.0,-4.0,-77.0
1777891349.2053325,-1.0,0.0,-77.0
1777891349.2153325,-1.0,-4.0,-80.0
1777891349.2253325,-5.0,-2.0,-72.0
1777891349.2353325,-4.0,0.0,-70.0
1777891349.2453325,-2.0,0.0,-69.0
1777891349.2553325,0.0,0.0,-64.0
1777891349.2653325,-2.0,0.0,-62.0
1777891349.2753325,-3.0,0.0,-59.0
1777891349.2853324,-5.0,-5.0,-63.0
1777891349.2953324,1.0,-4.0,-61.0
1777891349.3053324,0.0,-4.0,-63.0
1777891349.3153324,0.0,-6.0,-68.0
1777891349.3253324,4.0,-12.0,-75.0
1777891349.3353324,7.0,-9.0,-74.0
1777891349.3453324,9.0,-6.0,-84.0
1777891349.3553324,7.0,-6.0,-78.0
1777891349.3653324,7.0,-4.0,-77.0
1777891349.3753324,7.0,-6.0,-77.0
1777891349.3853323,3.0,-4.0,-70.0
1777891349.3953323,3.0,-6.0,-66.0
1777891349.4053323,0.0,-7.0,-65.0
1777891349.4153323,0.0,-8.0,-68.0
1777891349.4253323,-1.0,-7.0,-67.0
1777891349.4353323,-1.0,-4.0,-65.0
1777891349.4453323,0.0,0.0,-73.0
1777891349.4553325,0.0,2.0,-71.0
1777891349.4653325,3.0,1.0,-72.0
1777891349.4753325,2.0,3.0,-75.0
1777891349.4853325,4.0,1.0,-81.0
1777891349.4953325,1.0,-3.0,-81.0
1777891349.5053325,2.0,-4.0,-81.0
1777891349.5153325,4.0,-1.0,-78.0
1777891349.5253325,1.0,-1.0,-84.0
1777891349.5353324,0.0,0.0,-86.0
1777891349.5453324,-4.0,-2.0,-82.0
1777891349.5553324,-1.0,-4.0,-74.0
1777891349.5653324,0.0,-3.0,-74.0
1777891349.5753324,4.0,-3.0,-74.0
1777891349.5853324,0.0,-2.0,-70.0
1777891349.5953324,1.0,3.0,-65.0
1777891349.6053324,6.0,0.0,-61.0
1777891349.6153324,4.0,-3.0,-67.0
1777891349.6253324,2.0,-6.0,-64.0
1777891349.6353323,0.0,-5.0,-74.0
1777891349.6453323,0.0,-6.0,-76.0
1777891349.6553323,0.0,-7.0,-74.0
1777891349.6653323,-4.0,-8.0,-74.0
1777891349.6753323,-6.0,-6.0,-68.0
1777891349.6853323,-10.0,-7.0,-68.0
1777891349.6953323,-8.0,-6.0,-71.0
1777891349.7053325,-6.0,-5.0,-73.0
1777891349.7153325,-8.0,-3.0,-68.0
1777891349.7253325,-9.0,-6.0,-63.0
1777891349.7353325,-8.0,-5.0,-61.0
1777891349.7453325,-7.0,-1.0,-61.0
1777891349.7553325,-8.0,0.0,-57.0
1777891349.7653325,-5.0,1.0,-63.0
1777891349.7753325,0.0,0.0,-65.0
1777891349.7853324,1.0,3.0,-72.0
1777891349.7953324,4.0,4.0,-72.0
1777891349.8053324,5.0,8.0,-76.0
1777891349.8153324,0.0,9.0,-78.0
1777891349.8253324,-1.0,4.0,-83.0
1777891349.8353324,0.0,1.0,-78.0
1777891349.8453324,0.0,0.0,-75.0
1777891349.8553324,4.0,0.0,-76.0
1777891349.8653324,9.0,3.0,-72.0
1777891349.8753324,6.0,3.0,-71.0
1777891349.8853323,5.0,-1.0,-78.0
1777891349.8953323,6.0,-4.0,-71.0
1777891349.9053323,5.0,-3.0,-70.0
1777891349.9153323,11.0,-6.0,-72.0
1777891349.9253323,12.0,-5.0,-70.0
1777891349.9353323,10.0,-5.0,-68.0
1777891349.9453323,9.0,-5.0,-66.0
1777891349.9553325,7.0,-2.0,-67.0
1777891349.9653325,3.0,-5.0,-70.0
1777891349.9753325,6.0,-8.0,-73.0
1777891349.9853325,3.0,-7.0,-68.0
1777891349.9953325,2.0,-4.0,-69.0
1777891350.0053325,4.0,-3.0,-65.0
1777891350.0153325,3.0,-1.0,-68.0
1777891350.0253325,1.0,-4.0,-72.0
1777891350.0353324,-4.0,-3.0,-66.0
1777891350.0453324,-7.0,-1.0,-64.0
1777891350.0553324,-9.0,0.0,-74.0
1777891350.0653324,-3.0,1.0,-74.0
1777891350.0753324,3.0,0.0,-72.0
1777891350.0853324,3.0,-2.0,-71.0
1777891350.0953324,0.0,-3.0,-67.0
1777891350.1053324,1.0,-1.0,-68.0
1777891350.1153324,3.0,-1.0,-75.0
1777891350.1253324,6.0,0.0,-75.0
1777891350.1353323,3.0,-1.0,-77.0
1777891350.1453323,-1.0,0.0,-77.0
1777891350.1553323,2.0,0.0,-73.0
1777891350.1653323,-2.0,0.0,-74.0
1777891350.1753323,0.0,4.0,-68.0
1777891350.1853323,0.0,6.0,-67.0
1777891350.1953323,3.0,6.0,-73.0
1777891350.2053325,2.0,8.0,-76.0
1777891350.2153325,-2.0,3.0,-69.0
1777891350.2253325,-2.0,3.0,-67.0
1777891350.2353325,-1.0,2.0,-75.0
1777891350.2453325,-1.0,1.0,-82.0
1777891350.2553325,0.0,1.0,-77.0
1777891350.2653325,-5.0,0.0,-81.0
1777891350.2753325,-6.0,0.0,-76.0
1777891350.2853324,-7.0,0.0,-81.0
1777891350.2953324,-3.0,0.0,-81.0
1777891350.3053324,0.0,0.0,-77.0
1777891350.3153324,0.0,1.0,-80.0
1777891350.3253324,2.0,0.0,-76.0
1777891350.3353324,4.0,0.0,-74.0
1777891350.3453324,7.0,1.0,-74.0
1777891350.3553324,6.0,-1.0,-73.0
1777891350.3653324,11.0,-2.0,-78.0
1777891350.3763323,8.0,1.0,-74.0
1777891350.3853323,4.0,0.0,-72.0
1777891350.3953323,5.0,-4.0,-75.0
1777891350.4063325,1.0,-3.0,-69.0
1777891350.4153323,-1.0,-2.0,-72.0
1777891350.4263325,0.0,-3.0,-73.0
1777891350.4363325,2.0,-1.0,-76.0
1777891350.4463325,5.0,-1.0,-79.0
1777891350.4563324,7.0,-3.0,-81.0
1777891350.4663324,9.0,-3.0,-79.0
1777891350.4763324,7.0,-3.0,-82.0
1777891350.4863324,7.0,-4.0,-78.0
1777891350.4963324,8.0,-3.0,-80.0
1777891350.5063324,5.0,-6.0,-79.0
1777891350.5163324,2.0,-5.0,-87.0
1777891350.5263324,-1.0,-1.0,-88.0
1777891350.5363324,-1.0,2.0,-80.0
1777891350.5463324,-4.0,3.0,-80.0
1777891350.5563323,2.0,6.0,-74.0
1777891350.5663323,5.0,9.0,-75.0
1777891350.5763323,3.0,6.0,-73.0
1777891350.5863323,8.0,1.0,-76.0
1777891350.5963323,6.0,0.0,-77.0
1777891350.6063323,6.0,-3.0,-77.0
1777891350.6163323,0.0,-2.0,-82.0
1777891350.6263323,-1.0,-1.0,-79.0
1777891350.6363325,0.0,0.0,-73.0
1777891350.6463325,-1.0,-4.0,-66.0
1777891350.6563325,0.0,-1.0,-65.0
1777891350.6663325,1.0,-3.0,-60.0
1777891350.6763325,-1.0,-1.0,-57.0
1777891350.6863325,-2.0,-2.0,-61.0
1777891350.6963325,-2.0,-1.0,-56.0
1777891350.7063324,-5.0,-2.0,-56.0
1777891350.7163324,-5.0,0.0,-61.0
1777891350.7263324,-5.0,3.0,-66.0
1777891350.7363324,1.0,6.0,-65.0
1777891350.7463324,3.0,8.0,-60.0
1777891350.7563324,7.0,9.0,-60.0
1777891350.7663324,8.0,9.0,-61.0
1777891350.7763324,5.0,9.0,-59.0
1777891350.7863324,8.0,8.0,-62.0
1777891350.7963324,7.0,6.0,-57.0
1777891350.8063323,2.0,5.0,-56.0
1777891350.8163323,0.0,4.0,-54.0
1777891350.8263323,-2.0,1.0,-58.0
1777891350.8363323,-2.0,-1.0,-52.0
1777891350.8463323,-2.0,-2.0,-55.0
1777891350.8563323,-6.0,-4.0,-50.0
1777891350.8663323,-7.0,-8.0,-51.0
1777891350.8763323,-4.0,-6.0,-56.0
1777891350.8863325,0.0,-1.0,-58.0
1777891350.8963325,-1.0,-2.0,-57.0
1777891350.9063325,0.0,-4.0,-68.0
1777891350.9163325,1.0,2.0,-70.0
1777891350.9263325,-1.0,3.0,-72.0
1777891350.9363325,-6.0,-1.0,-69.0
1777891350.9463325,-3.0,0.0,-74.0
1777891350.9563324,0.0,-1.0,-73.0
1777891350.9663324,-2.0,0.0,-74.0
1777891350.9763324,-6.0,0.0,-70.0
1777891350.9863324,-3.0,0.0,-75.0
1777891350.9963324,-1.0,3.0,-70.0
1777891351.0063324,-2.0,4.0,-74.0
1777891351.0163324,-3.0,4.0,-78.0
1777891351.0263324,-2.0,1.0,-74.0
1777891351.0363324,1.0,-4.0,-69.0
1777891351.0463324,-1.0,-5.0,-61.0
1777891351.0563323,3.0,-6.0,-67.0
1777891351.0663323,0.0,-6.0,-71.0
1777891351.0763323,0.0,-6.0,-69.0
1777891351.0863323,1.0,0.0,-68.0
1777891351.0963323,1.0,-1.0,-70.0
1777891351.1063323,1.0,0.0,-72.0
1777891351.1163323,0.0,2.0,-70.0
1777891351.1263323,0.0,3.0,-71.0
1777891351.1363325,2.0,0.0,-71.0
1777891351.1463325,7.0,-1.0,-67.0
1777891351.1563325,5.0,0.0,-65.0
1777891351.1663325,2.0,1.0,-61.0
1777891351.1763325,3.0,0.0,-61.0
1777891351.1863325,4.0,1.0,-59.0
1777891351.1963325,1.0,0.0,-59.0
1777891351.2063324,0.0,0.0,-62.0
1777891351.2163324,2.0,-1.0,-66.0
1777891351.2263324,3.0,-3.0,-68.0
1777891351.2363324,4.0,-4.0,-74.0
1777891351.2463324,4.0,1.0,-77.0
1777891351.2563324,7.0,1.0,-79.0
1777891351.2663324,3.0,0.0,-75.0
1777891351.2763324,0.0,0.0,-73.0
1777891351.2863324,0.0,0.0,-76.0
1777891351.2963324,0.0,1.0,-71.0
1777891351.3063323,-1.0,2.0,-64.0
1777891351.3163323,0.0,6.0,-65.0
1777891351.3263323,-1.0,5.0,-71.0
1777891351.3363323,0.0,2.0,-69.0
1777891351.3463323,-2.0,1.0,-67.0
1777891351.3563323,0.0,4.0,-72.0
1777891351.3663323,-2.0,7.0,-74.0
1777891351.3763323,-4.0,7.0,-82.0
1777891351.3863325,-6.0,3.0,-78.0
1777891351.3963325,-9.0,2.0,-75.0
1777891351.4063325,-13.0,4.0,-75.0
1777891351.4163325,-10.0,3.0,-71.0
1777891351.4263325,-9.0,4.0,-75.0
1777891351.4363325,-6.0,5.0,-78.0
1777891351.4463325,-2.0,4.0,-73.0
1777891351.4563324,3.0,1.0,-72.0
1777891351.4663324,6.0,3.0,-71.0
1777891351.4763324,7.0,3.0,-75.0
1777891351.4863324,8.0,-1.0,-80.0
1777891351.4963324,7.0,-1.0,-78.0
1777891351.5063324,3.0,-1.0,-76.0
1777891351.5163324,6.0,-5.0,-82.0
1777891351.5263324,5.0,-7.0,-83.0
1777891351.5363324,4.0,-5.0,-75.0
1777891351.5463324,1.0,-6.0,-77.0
1777891351.5563323,-2.0,0.0,-78.0
1777891351.5663323,-4.0,0.0,-79.0
1777891351.5763323,-5.0,0.0,-81.0
1777891351.5863323,-1.0,-4.0,-76.0
1777891351.5963323,-3.0,-6.0,-77.0
1777891351.6063323,-1.0,-4.0,-76.0
1777891351.6163323,3.0,-5.0,-76.0
1777891351.6263323,4.0,-8.0,-81.0
1777891351.6363325,3.0,-2.0,-76.0
1777891351.6463325,-2.0,0.0,-73.0
1777891351.6563325,-4.0,4.0,-70.0
1777891351.6663325,-7.0,-1.0,-72.0
1777891351.6763325,-8.0,0.0,-78.0
1777891351.6863325,-5.0,-2.0,-82.0
1777891351.6963325,-4.0,-4.0,-77.0
1777891351.7063324,-2.0,-4.0,-77.0
1777891351.7163324,-1.0,-3.0,-77.0
1777891351.7263324,-3.0,0.0,-73.0
1777891351.7363324,1.0,0.0,-73.0
1777891351.7463324,4.0,3.0,-73.0
1777891351.7563324,1.0,5.0,-76.0
1777891351.7663324,0.0,7.0,-79.0
1777891351.7763324,0.0,3.0,-74.0
1777891351.7863324,8.0,4.0,-76.0
1777891351.7963324,12.0,6.0,-78.0
1777891351.8063323,13.0,8.0,-70.0
1777891351.8163323,10.0,3.0,-70.0
1777891351.8263323,11.0,0.0,-66.0
1777891351.8363323,13.0,-6.0,-67.0
1777891351.8463323,10.0,-4.0,-74.0
1777891351.8563323,12.0,-2.0,-75.0
1777891351.8663323,9.0,-2.0,-79.0
1777891351.8763323,5.0,-1.0,-77.0
1777891351.8863325,2.0,-3.0,-74.0
1777891351.8963325,0.0,-4.0,-77.0
1777891351.9063325,-2.0,-3.0,-68.0
1777891351.9163325,-1.0,-1.0,-65.0
1777891351.9263325,-1.0,-1.0,-65.0
1777891351.9363325,-3.0,2.0,-65.0
1777891351.9463325,-4.0,1.0,-67.0
1777891351.9563324,0.0,-1.0,-66.0
1777891351.9663324,0.0,-1.0,-66.0
1777891351.9763324,0.0,1.0,-68.0
1777891351.9863324,-5.0,5.0,-70.0
1777891351.9963324,0.0,2.0,-70.0
1777891352.0063324,1.0,-3.0,-65.0
1777891352.0163324,3.0,-5.0,-60.0
1777891352.0263324,2.0,1.0,-63.0
1777891352.0363324,0.0,4.0,-62.0
1777891352.0463324,1.0,4.0,-63.0
1777891352.0563323,-1.0,-1.0,-69.0
1777891352.0663323,-1.0,-3.0,-69.0
1777891352.0763323,-5.0,-2.0,-68.0
1777891352.0863323,-8.0,-2.0,-63.0
1777891352.0963323,-2.0,-9.0,-68.0
1777891352.1063323,2.0,-3.0,-71.0
1777891352.1163323,1.0,-2.0,-66.0
1777891352.1263323,0.0,-2.0,-71.0
1777891352.1363325,1.0,-2.0,-72.0
1777891352.1463325,0.0,-1.0,-69.0
1777891352.1563325,6.0,0.0,-72.0
1777891352.1663325,6.0,-4.0,-75.0
1777891352.1763325,10.0,-3.0,-77.0
1777891352.1863325,15.0,-4.0,-78.0
1777891352.1963325,9.0,-2.0,-75.0
1777891352.2063324,10.0,-3.0,-74.0
1777891352.2163324,12.0,-2.0,-72.0
1777891352.2263324,9.0,0.0,-79.0
1777891352.2363324,5.0,-1.0,-79.0
1777891352.2463324,3.0,0.0,-76.0
1777891352.2563324,5.0,0.0,-75.0
1777891352.2663324,4.0,-2.0,-74.0
1777891352.2763324,3.0,-3.0,-76.0
1777891352.2863324,4.0,0.0,-75.0
1777891352.2963324,6.0,1.0,-73.0
1777891352.3063323,6.0,0.0,-71.0
1777891352.3163323,0.0,2.0,-73.0
1777891352.3263323,-2.0,3.0,-69.0
1777891352.3363323,-3.0,0.0,-71.0
1777891352.3463323,-2.0,-2.0,-72.0
1777891352.3563323,-1.0,1.0,-70.0
1777891352.3663323,-4.0,-1.0,-73.0
1777891352.3763323,-3.0,-1.0,-77.0
1777891352.3863325,-4.0,1.0,-72.0
1777891352.3963325,1.0,0.0,-67.0
1777891352.4073324,2.0,-1.0,-67.0
1777891352.4163325,4.0,1.0,-68.0
1777891352.4263325,7.0,1.0,-72.0
1777891352.4373324,6.0,5.0,-70.0
1777891352.4473324,10.0,1.0,-71.0
1777891352.4573324,7.0,0.0,-73.0
1777891352.4673324,14.0,0.0,-67.0
1777891352.4773324,12.0,2.0,-63.0
1777891352.4863324,11.0,5.0,-69.0
1777891352.4973323,4.0,3.0,-68.0
1777891352.5073323,4.0,4.0,-68.0
1777891352.5173323,2.0,1.0,-63.0
1777891352.5273323,1.0,0.0,-63.0
1777891352.5373323,4.0,-1.0,-64.0
1777891352.5473323,4.0,-1.0,-64.0
1777891352.5573325,5.0,0.0,-61.0
1777891352.5673325,2.0,0.0,-56.0
1777891352.5773325,0.0,-3.0,-55.0
1777891352.5873325,4.0,-3.0,-61.0
1777891352.5973325,2.0,-2.0,-64.0
1777891352.6073325,4.0,-3.0,-71.0
1777891352.6173325,5.0,0.0,-72.0
1777891352.6273324,3.0,0.0,-72.0
1777891352.6373324,1.0,1.0,-72.0
1777891352.6473324,-1.0,3.0,-70.0
1777891352.6573324,-3.0,0.0,-67.0
1777891352.6673324,-3.0,3.0,-68.0
1777891352.6773324,-5.0,9.0,-71.0
1777891352.6873324,-3.0,6.0,-71.0
1777891352.6973324,-2.0,5.0,-75.0
1777891352.7073324,-5.0,5.0,-77.0
1777891352.7173324,-6.0,3.0,-73.0
1777891352.7273324,-6.0,0.0,-75.0
1777891352.7373323,-3.0,-4.0,-72.0
1777891352.7473323,-7.0,-4.0,-70.0
1777891352.7573323,-6.0,-4.0,-67.0
1777891352.7673323,-4.0,-4.0,-63.0
1777891352.7773323,-1.0,-7.0,-67.0
1777891352.7873323,2.0,-5.0,-73.0
1777891352.7973323,1.0,-5.0,-71.0
1777891352.8073325,-1.0,-8.0,-70.0
1777891352.8173325,0.0,-5.0,-66.0
1777891352.8273325,-5.0,-3.0,-63.0
1777891352.8373325,-5.0,-4.0,-63.0
1777891352.8473325,-8.0,0.0,-69.0
1777891352.8573325,-12.0,7.0,-70.0
1777891352.8673325,-13.0,1.0,-72.0
1777891352.8773324,-12.0,0.0,-66.0
1777891352.8873324,-7.0,4.0,-68.0
1777891352.8973324,-8.0,3.0,-69.0
1777891352.9073324,-4.0,1.0,-69.0
1777891352.9173324,-1.0,1.0,-69.0
1777891352.9273324,-3.0,0.0,-76.0
1777891352.9373324,-3.0,-3.0,-75.0
1777891352.9473324,0.0,-5.0,-78.0
1777891352.9573324,-2.0,-6.0,-80.0
1777891352.9673324,-3.0,-4.0,-77.0
1777891352.9773324,-1.0,0.0,-76.0
1777891352.9873323,0.0,2.0,-70.0
1777891352.9973323,0.0,1.0,-67.0
1777891353.0073323,-2.0,0.0,-64.0
1777891353.0173323,1.0,-1.0,-68.0
1777891353.0273323,6.0,-2.0,-70.0
1777891353.0373323,4.0,0.0,-74.0
1777891353.0473323,2.0,3.0,-77.0
1777891353.0573325,1.0,4.0,-78.0
1777891353.0673325,2.0,4.0,-73.0
1777891353.0773325,3.0,0.0,-63.0
1777891353.0873325,1.0,0.0,-68.0
1777891353.0973325,1.0,0.0,-65.0
1777891353.1073325,1.0,0.0,-66.0
1777891353.1173325,1.0,-2.0,-66.0
1777891353.1273324,3.0,-2.0,-67.0
1777891353.1373324,1.0,-3.0,-71.0
1777891353.1473324,-3.0,-5.0,-67.0
1777891353.1573324,-3.0,-2.0,-73.0
1777891353.1673324,-5.0,0.0,-69.0
1777891353.1773324,-2.0,-1.0,-69.0
1777891353.1873324,0.0,-1.0,-74.0
1777891353.1973324,-4.0,-7.0,-75.0
1777891353.2073324,1.0,-4.0,-67.0
1777891353.2173324,0.0,-3.0,-69.0
1777891353.2273324,0.0,0.0,-66.0
1777891353.2373323,5.0,0.0,-68.0
1777891353.2473323,0.0,3.0,-65.0
1777891353.2573323,1.0,1.0,-69.0
1777891353.2673323,-1.0,-3.0,-68.0
1777891353.2773323,0.0,-3.0,-72.0
1777891353.2873323,-1.0,-6.0,-80.0
1777891353.2973323,-1.0,-7.0,-75.0
1777891353.3073325,-1.0,-5.0,-72.0
1777891353.3173325,1.0,-6.0,-69.0
1777891353.3273325,1.0,-5.0,-69.0
1777891353.3373325,1.0,-1.0,-70.0
1777891353.3473325,2.0,2.0,-68.0
1777891353.3573325,2.0,0.0,-63.0
1777891353.3673325,1.0,-4.0,-61.0
1777891353.3773324,-2.0,-4.0,-60.0
1777891353.3873324,-2.0,-1.0,-63.0
1777891353.3973324,0.0,-1.0,-70.0
1777891353.4073324,-5.0,1.0,-70.0
1777891353.4173324,0.0,4.0,-66.0
1777891353.4273324,6.0,3.0,-63.0
1777891353.4373324,6.0,0.0,-66.0
1777891353.4473324,7.0,-1.0,-73.0
1777891353.4573324,0.0,-6.0,-76.0
1777891353.4673324,0.0,-3.0,-77.0
1777891353.4773324,3.0,0.0,-79.0
1777891353.4873323,3.0,0.0,-77.0
1777891353.4973323,3.0,0.0,-78.0
1777891353.5073323,4.0,0.0,-77.0
1777891353.5173323,2.0,1.0,-72.0
1777891353.5273323,1.0,2.0,-68.0
1777891353.5373323,2.0,0.0,-66.0
1777891353.5473323,2.0,1.0,-71.0
1777891353.5573325,5.0,0.0,-71.0
1777891353.5673325,9.0,-1.0,-65.0
1777891353.5773325,4.0,-3.0,-76.0
1777891353.5873325,3.0,-2.0,-76.0
1777891353.5973325,4.0,-1.0,-69.0
1777891353.6073325,3.0,-4.0,-71.0
1777891353.6173325,0.0,-3.0,-74.0
1777891353.6273324,0.0,5.0,-79.0
1777891353.6373324,1.0,3.0,-80.0
1777891353.6473324,0.0,4.0,-79.0
1777891353.6573324,0.0,4.0,-78.0
1777891353.6673324,0.0,0.0,-77.0
1777891353.6773324,0.0,0.0,-81.0
1777891353.6873324,5.0,0.0,-73.0
1777891353.6973324,5.0,0.0,-73.0
1777891353.7073324,-1.0,2.0,-73.0
1777891353.7173324,0.0,-3.0,-64.0
1777891353.7273324,4.0,-4.0,-73.0
1777891353.7373323,5.0,-3.0,-77.0
1777891353.7473323,6.0,0.0,-82.0
1777891353.7573323,6.0,0.0,-83.0
1777891353.7673323,1.0,0.0,-76.0
1777891353.7773323,-1.0,0.0,-66.0
1777891353.7873323,-1.0,-5.0,-70.0
1777891353.7973323,0.0,-3.0,-66.0
1777891353.8073325,1.0,-1.0,-63.0
1777891353.8173325,-2.0,-2.0,-63.0
1777891353.8273325,0.0,0.0,-69.0
1777891353.8373325,1.0,1.0,-72.0
1777891353.8473325,1.0,0.0,-78.0
1777891353.8573325,2.0,1.0,-79.0
1777891353.8673325,1.0,0.0,-79.0
1777891353.8773324,-1.0,-1.0,-78.0
1777891353.8873324,0.0,-1.0,-80.0
1777891353.8973324,4.0,1.0,-78.0
1777891353.9073324,4.0,0.0,-80.0
1777891353.9173324,0.0,0.0,-78.0
1777891353.9273324,1.0,0.0,-75.0
1777891353.9373324,5.0,-1.0,-80.0
1777891353.9473324,10.0,2.0,-79.0
1777891353.9573324,15.0,0.0,-75.0
1777891353.9673324,12.0,2.0,-73.0
1777891353.9773324,6.0,2.0,-81.0
1777891353.9873323,5.0,0.0,-83.0
1777891353.9973323,6.0,4.0,-85.0
1777891354.0073323,4.0,6.0,-83.0
1777891354.0173323,9.0,1.0,-89.0
1777891354.0273323,6.0,0.0,-93.0
1777891354.0373323,1.0,1.0,-91.0
1777891354.0473323,3.0,1.0,-81.0
1777891354.0573325,3.0,1.0,-81.0
1777891354.0673325,1.0,2.0,-75.0
1777891354.0773325,0.0,2.0,-69.0
1777891354.0873325,-3.0,0.0,-71.0
1777891354.0973325,-9.0,0.0,-75.0
1777891354.1073325,-13.0,-2.0,-71.0
1777891354.1173325,-6.0,1.0,-69.0
1777891354.1273324,-3.0,0.0,-67.0
1777891354.1373324,-2.0,0.0,-70.0
1777891354.1473324,0.0,-4.0,-72.0
1777891354.1573324,3.0,0.0,-68.0
1777891354.1673324,4.0,3.0,-71.0
1777891354.1773324,4.0,3.0,-74.0
1777891354.1873324,0.0,0.0,-72.0
1777891354.1973324,0.0,-2.0,-74.0
1777891354.2073324,2.0,-3.0,-80.0
1777891354.2173324,3.0,-2.0,-77.0
1777891354.2273324,3.0,-5.0,-74.0
1777891354.2373323,4.0,-2.0,-69.0
1777891354.2473323,5.0,1.0,-63.0
1777891354.2573323,4.0,2.0,-67.0
1777891354.2673323,3.0,1.0,-67.0
1777891354.2773323,3.0,0.0,-64.0
1777891354.2873323,0.0,0.0,-63.0
1777891354.2973323,2.0,-1.0,-76.0
1777891354.3073325,3.0,0.0,-75.0
1777891354.3173325,0.0,2.0,-69.0
1777891354.3273325,0.0,-4.0,-66.0
1777891354.3373325,1.0,-6.0,-65.0
1777891354.3473325,1.0,-1.0,-62.0
1777891354.3573325,1.0,-2.0,-62.0
1777891354.3673325,2.0,0.0,-60.0
1777891354.3773324,2.0,3.0,-64.0
1777891354.3873324,-1.0,6.0,-67.0
1777891354.3983324,1.0,7.0,-72.0
1777891354.4083323,6.0,5.0,-76.0
1777891354.4183323,2.0,4.0,-78.0
1777891354.4283323,3.0,1.0,-83.0
1777891354.4383323,0.0,0.0,-83.0
1777891354.4483323,-1.0,1.0,-90.0
1777891354.4583323,-2.0,0.0,-87.0
1777891354.4683323,0.0,5.0,-84.0
1777891354.4783323,-1.0,4.0,-78.0
1777891354.4883325,1.0,0.0,-83.0
1777891354.4983325,4.0,2.0,-81.0
1777891354.5083325,2.0,1.0,-72.0
1777891354.5183325,6.0,4.0,-72.0
1777891354.5283325,6.0,4.0,-69.0
1777891354.5383325,4.0,0.0,-69.0
1777891354.5483325,5.0,-3.0,-70.0
1777891354.5583324,4.0,-4.0,-73.0
1777891354.5683324,10.0,-2.0,-74.0
1777891354.5783324,9.0,1.0,-69.0
1777891354.5883324,8.0,1.0,-68.0
1777891354.5983324,6.0,0.0,-72.0
1777891354.6083324,8.0,0.0,-75.0
1777891354.6183324,5.0,0.0,-69.0
1777891354.6283324,6.0,0.0,-75.0
1777891354.6383324,4.0,0.0,-74.0
1777891354.6483324,4.0,0.0,-78.0
1777891354.6583323,3.0,-1.0,-74.0
1777891354.6683323,1.0,-1.0,-76.0
1777891354.6783323,4.0,-3.0,-74.0
1777891354.6883323,4.0,-6.0,-79.0
1777891354.6983323,5.0,-4.0,-72.0
1777891354.7083323,4.0,-3.0,-72.0
1777891354.7183323,7.0,-10.0,-73.0
1777891354.7283323,2.0,-11.0,-70.0
1777891354.7383325,2.0,-7.0,-69.0
1777891354.7483325,0.0,-5.0,-68.0
1777891354.7583325,-2.0,-7.0,-69.0
1777891354.7683325,0.0,-5.0,-66.0
1777891354.7783325,2.0,-5.0,-70.0
1777891354.7883325,0.0,-5.0,-69.0
1777891354.7983325,1.0,-6.0,-72.0
1777891354.8083324,2.0,-3.0,-72.0
1777891354.8183324,0.0,-3.0,-73.0
1777891354.8283324,1.0,-7.0,-71.0
1777891354.8383324,4.0,-4.0,-70.0
1777891354.8483324,0.0,-7.0,-75.0
1777891354.8583324,-1.0,-7.0,-71.0
1777891354.8683324,-1.0,-9.0,-66.0
1777891354.8783324,3.0,-8.0,-71.0
1777891354.8883324,6.0,-10.0,-77.0
1777891354.8993323,9.0,-4.0,-75.0
1777891354.9083323,6.0,0.0,-71.0
1777891354.9183323,7.0,1.0,-72.0
1777891354.9283323,2.0,0.0,-71.0
1777891354.9383323,1.0,0.0,-70.0
1777891354.9483323,4.0,0.0,-64.0
1777891354.9583323,4.0,-3.0,-64.0
1777891354.9683323,4.0,-7.0,-63.0
1777891354.9783323,4.0,-6.0,-55.0
1777891354.9883325,2.0,-5.0,-55.0
1777891354.9983325,7.0,-6.0,-60.0
1777891355.0083325,6.0,-5.0,-54.0
1777891355.0183325,3.0,-3.0,-58.0
1777891355.0283325,-3.0,-3.0,-60.0
1777891355.0383325,-5.0,-2.0,-62.0
1777891355.0483325,0.0,2.0,-64.0
1777891355.0583324,-2.0,1.0,-68.0
1777891355.0683324,-5.0,-2.0,-71.0
1777891355.0783324,-9.0,-5.0,-73.0
1777891355.0883324,-10.0,-3.0,-70.0
1777891355.0983324,-5.0,0.0,-76.0
1777891355.1083324,0.0,0.0,-76.0
1777891355.1183324,7.0,2.0,-70.0
1777891355.1283324,8.0,0.0,-74.0
1777891355.1383324,2.0,0.0,-72.0
1777891355.1483324,-1.0,0.0,-73.0
1777891355.1583323,0.0,-1.0,-81.0
1777891355.1683323,0.0,0.0,-83.0
1777891355.1783323,1.0,-1.0,-78.0
1777891355.1883323,0.0,-4.0,-77.0
1777891355.1983323,2.0,-3.0,-74.0
1777891355.2083323,-3.0,0.0,-81.0
1777891355.2183323,2.0,1.0,-86.0
1777891355.2283323,2.0,3.0,-85.0
1777891355.2383325,6.0,2.0,-83.0
1777891355.2483325,8.0,4.0,-73.0
1777891355.2583325,8.0,6.0,-73.0
1777891355.2683325,9.0,3.0,-77.0
1777891355.2783325,9.0,4.0,-82.0
1777891355.2883325,9.0,0.0,-82.0
1777891355.2983325,1.0,4.0,-83.0
1777891355.3083324,4.0,1.0,-82.0
1777891355.3183324,5.0,1.0,-85.0
1777891355.3283324,7.0,2.0,-77.0
1777891355.3383324,5.0,5.0,-75.0
1777891355.3483324,1.0,6.0,-76.0
1777891355.3583324,3.0,5.0,-70.0
1777891355.3683324,4.0,2.0,-72.0
1777891355.3783324,1.0,5.0,-68.0
1777891355.3883324,3.0,3.0,-66.0
1777891355.3983324,3.0,2.0,-68.0
1777891355.4083323,3.0,2.0,-68.0
1777891355.4183323,4.0,2.0,-69.0
1777891355.4283323,5.0,1.0,-61.0
1777891355.4383323,1.0,-2.0,-60.0
1777891355.4483323,3.0,-3.0,-63.0
1777891355.4583323,1.0,-5.0,-61.0
1777891355.4683323,3.0,-4.0,-66.0
1777891355.4783323,2.0,-4.0,-72.0
1777891355.4883325,8.0,-5.0,-68.0
1777891355.4983325,4.0,-4.0,-72.0
1777891355.5083325,5.0,-5.0,-69.0
1777891355.5183325,7.0,0.0,-77.0
1777891355.5283325,4.0,-2.0,-72.0
1777891355.5383325,1.0,-1.0,-72.0
1777891355.5483325,2.0,0.0,-74.0
1777891355.5583324,4.0,0.0,-75.0
1777891355.5683324,4.0,1.0,-73.0
1777891355.5783324,4.0,0.0,-77.0
1777891355.5883324,1.0,1.0,-69.0
1777891355.5983324,4.0,0.0,-69.0
1777891355.6083324,2.0,0.0,-69.0
1777891355.6183324,2.0,-4.0,-76.0
1777891355.6283324,4.0,-3.0,-72.0
1777891355.6383324,9.0,-5.0,-64.0
1777891355.6483324,5.0,-5.0,-67.0
1777891355.6583323,0.0,-2.0,-66.0
1777891355.6683323,1.0,-1.0,-72.0
1777891355.6783323,7.0,0.0,-68.0
1777891355.6883323,4.0,-2.0,-67.0
1777891355.6983323,4.0,-5.0,-68.0
1777891355.7083323,-2.0,-7.0,-68.0
1777891355.7183323,-5.0,-1.0,-65.0
1777891355.7283323,-3.0,0.0,-69.0
1777891355.7383325,-6.0,-4.0,-67.0
1777891355.7483325,-6.0,-3.0,-63.0
1777891355.7583325,1.0,-2.0,-58.0
1777891355.7683325,-3.0,-2.0,-57.0
1777891355.7783325,-8.0,-4.0,-62.0
1777891355.7883325,-7.0,-4.0,-63.0
1777891355.7983325,-9.0,-3.0,-56.0
1777891355.8083324,-6.0,-2.0,-60.0
1777891355.8183324,-8.0,2.0,-70.0
1777891355.8283324,-9.0,-1.0,-69.0
1777891355.8383324,-5.0,0.0,-65.0
1777891355.8483324,-6.0,-2.0,-63.0
1777891355.8583324,-2.0,-2.0,-58.0
1777891355.8683324,0.0,0.0,-60.0
1777891355.8783324,0.0,-3.0,-59.0
1777891355.8883324,0.0,0.0,-64.0
1777891355.8983324,0.0,4.0,-71.0
1777891355.9083323,0.0,2.0,-76.0
1777891355.9183323,-5.0,0.0,-75.0
1777891355.9283323,-4.0,-1.0,-68.0
1777891355.9383323,-1.0,1.0,-61.0
1777891355.9483323,0.0,0.0,-58.0
1777891355.9583323,3.0,-1.0,-60.0
1777891355.9683323,4.0,-2.0,-65.0
1777891355.9783323,3.0,0.0,-63.0
1777891355.9883325,4.0,0.0,-66.0
1777891355.9983325,-2.0,1.0,-59.0
1777891356.0083325,3.0,6.0,-55.0
1777891356.0183325,6.0,7.0,-56.0
1777891356.0283325,0.0,7.0,-56.0
1777891356.0383325,-3.0,2.0,-62.0
1777891356.0483325,0.0,0.0,-60.0
1777891356.0583324,-5.0,2.0,-62.0
1777891356.0683324,-7.0,3.0,-70.0
1777891356.0783324,-5.0,0.0,-73.0
1777891356.0883324,-3.0,3.0,-69.0
1777891356.0983324,0.0,3.0,-69.0
1777891356.1083324,0.0,0.0,-67.0
1777891356.1183324,4.0,-1.0,-66.0
1777891356.1283324,5.0,-4.0,-64.0
1777891356.1383324,2.0,-5.0,-65.0
1777891356.1483324,2.0,-3.0,-66.0
1777891356.1583323,4.0,-2.0,-66.0
1777891356.1683323,4.0,-3.0,-67.0
1777891356.1783323,4.0,-3.0,-65.0
1777891356.1883323,7.0,-1.0,-63.0
1777891356.1983323,4.0,0.0,-56.0
1777891356.2083323,0.0,-4.0,-61.0
1777891356.2183323,2.0,1.0,-61.0
1777891356.2283323,1.0,0.0,-65.0
1777891356.2383325,5.0,-4.0,-65.0
1777891356.2483325,1.0,-5.0,-62.0
1777891356.2583325,0.0,-2.0,-65.0
1777891356.2683325,3.0,-5.0,-64.0
1777891356.2783325,0.0,0.0,-70.0
1777891356.2883325,-2.0,1.0,-67.0
1777891356.2983325,-3.0,3.0,-60.0
1777891356.3083324,-5.0,0.0,-65.0
1777891356.3183324,-9.0,1.0,-70.0
1777891356.3283324,-4.0,4.0,-66.0
1777891356.3383324,-3.0,6.0,-70.0
1777891356.3493323,-2.0,5.0,-80.0
1777891356.3583324,-7.0,6.0,-82.0
1777891356.3683324,-8.0,5.0,-78.0
1777891356.3783324,-9.0,3.0,-80.0
1777891356.3893323,-5.0,0.0,-78.0
1777891356.3993323,0.0,-1.0,-72.0
1777891356.4093325,3.0,-2.0,-75.0
1777891356.4193325,2.0,-5.0,-66.0
1777891356.4293325,0.0,-6.0,-66.0
1777891356.4393325,3.0,-8.0,-72.0
1777891356.4493325,7.0,-6.0,-72.0
1777891356.4593325,5.0,-2.0,-62.0
1777891356.4693325,1.0,0.0,-66.0
1777891356.4793324,0.0,0.0,-71.0
1777891356.4893324,3.0,0.0,-75.0
1777891356.4993324,1.0,-2.0,-74.0
1777891356.5093324,0.0,0.0,-74.0
1777891356.5193324,-2.0,0.0,-74.0
1777891356.5293324,-4.0,2.0,-71.0
1777891356.5393324,-7.0,5.0,-70.0
1777891356.5493324,-6.0,10.0,-71.0
1777891356.5593324,-4.0,12.0,-75.0
1777891356.5693324,-6.0,7.0,-73.0
1777891356.5793324,-3.0,4.0,-75.0
1777891356.5893323,-4.0,1.0,-77.0
1777891356.5993323,-3.0,-1.0,-75.0
1777891356.6093323,1.0,1.0,-73.0
1777891356.6193323,0.0,0.0,-69.0
1777891356.6293323,-2.0,2.0,-64.0
1777891356.6393323,-5.0,2.0,-69.0
1777891356.6493323,-5.0,4.0,-69.0
1777891356.6593325,-8.0,1.0,-68.0
1777891356.6693325,-8.0,0.0,-66.0
1777891356.6793325,-3.0,0.0,-61.0
1777891356.6893325,-4.0,-1.0,-61.0
1777891356.6993325,-4.0,0.0,-66.0
1777891356.7093325,-2.0,0.0,-68.0
1777891356.7193325,1.0,1.0,-67.0
1777891356.7293324,-3.0,0.0,-66.0
1777891356.7393324,-4.0,2.0,-64.0
1777891356.7493324,0.0,0.0,-58.0
1777891356.7593324,-2.0,0.0,-58.0
1777891356.7693324,-3.0,0.0,-64.0
1777891356.7793324,-2.0,3.0,-59.0
1777891356.7893324,-7.0,2.0,-60.0
1777891356.7993324,-2.0,2.0,-66.0
1777891356.8093324,0.0,3.0,-66.0
1777891356.8193324,-5.0,2.0,-62.0
1777891356.8293324,-8.0,3.0,-60.0
1777891356.8393323,-4.0,2.0,-64.0
1777891356.8493323,-2.0,1.0,-66.0
1777891356.8593323,0.0,1.0,-70.0
1777891356.8693323,-2.0,0.0,-66.0
1777891356.8793323,-6.0,-2.0,-67.0
1777891356.8893323,-7.0,-1.0,-73.0
1777891356.8993323,-5.0,-3.0,-78.0
1777891356.9093325,-5.0,-4.0,-75.0
1777891356.9193325,-2.0,-2.0,-77.0
1777891356.9293325,-4.0,1.0,-75.0
1777891356.9393325,-1.0,0.0,-73.0
1777891356.9493325,-2.0,1.0,-77.0
1777891356.9593325,-1.0,3.0,-67.0
1777891356.9693325,-4.0,2.0,-68.0
1777891356.9793324,-1.0,0.0,-69.0
1777891356.9893324,-3.0,1.0,-69.0
1777891356.9993324,-5.0,5.0,-71.0
1777891357.0093324,-3.0,5.0,-72.0
1777891357.0193324,-1.0,0.0,-73.0
1777891357.0293324,2.0,-2.0,-79.0
1777891357.0393324,4.0,-6.0,-73.0
1777891357.0493324,3.0,-4.0,-75.0
1777891357.0593324,2.0,-2.0,-73.0
1777891357.0693324,5.0,-6.0,-75.0
1777891357.0793324,-1.0,-7.0,-73.0
1777891357.0893323,0.0,-8.0,-72.0
1777891357.0993323,1.0,-7.0,-75.0
1777891357.1093323,5.0,-4.0,-68.0
1777891357.1193323,3.0,-5.0,-73.0
1777891357.1293323,1.0,-7.0,-76.0
1777891357.1393323,0.0,-11.0,-74.0
1777891357.1493323,0.0,-6.0,-84.0
1777891357.1593325,0.0,-10.0,-87.0
1777891357.1693325,3.0,-13.0,-84.0
1777891357.1793325,1.0,-9.0,-83.0
1777891357.1893325,1.0,-6.0,-74.0
1777891357.1993325,-2.0,-3.0,-72.0
1777891357.2093325,-5.0,-4.0,-74.0
1777891357.2193325,-7.0,-4.0,-68.0
1777891357.2293324,-5.0,-4.0,-68.0
1777891357.2393324,-1.0,-3.0,-69.0
1777891357.2493324,-3.0,-4.0,-67.0
1777891357.2593324,-6.0,-5.0,-65.0
1777891357.2693324,-4.0,-3.0,-67.0
1777891357.2793324,1.0,-5.0,-74.0
1777891357.2893324,3.0,-3.0,-74.0
1777891357.2993324,0.0,-1.0,-79.0
1777891357.3093324,1.0,-1.0,-85.0
1777891357.3193324,-2.0,-2.0,-73.0
1777891357.3293324,0.0,-2.0,-72.0
1777891357.3393323,3.0,-7.0,-71.0
1777891357.3493323,2.0,-6.0,-71.0
1777891357.3593323,2.0,-4.0,-71.0
1777891357.3693323,-2.0,-7.0,-71.0
1777891357.3793323,-1.0,-4.0,-62.0
1777891357.3893323,0.0,-3.0,-64.0
1777891357.3993323,2.0,0.0,-65.0
1777891357.4093325,0.0,-2.0,-64.0
1777891357.4193325,3.0,-2.0,-64.0
1777891357.4293325,1.0,-1.0,-66.0
1777891357.4393325,3.0,-1.0,-72.0
1777891357.4493325,2.0,0.0,-78.0
1777891357.4593325,2.0,1.0,-77.0
1777891357.4693325,3.0,1.0,-67.0
1777891357.4793324,1.0,0.0,-56.0
1777891357.4893324,0.0,1.0,-56.0
1777891357.4993324,-3.0,2.0,-65.0
1777891357.5093324,-1.0,-2.0,-65.0
1777891357.5193324,1.0,-4.0,-69.0
1777891357.5293324,5.0,-5.0,-66.0
1777891357.5393324,2.0,-4.0,-65.0
1777891357.5493324,2.0,-6.0,-66.0
1777891357.5593324,3.0,-10.0,-70.0
1777891357.5693324,2.0,-4.0,-74.0
1777891357.5793324,0.0,-6.0,-75.0
1777891357.5893323,-4.0,-2.0,-74.0
1777891357.5993323,-7.0,0.0,-80.0
1777891357.6093323,-5.0,-1.0,-77.0
1777891357.6193323,-3.0,0.0,-71.0
1777891357.6293323,-1.0,-2.0,-65.0
1777891357.6393323,-4.0,-3.0,-65.0
1777891357.6493323,-3.0,-6.0,-62.0
1777891357.6593325,-3.0,-7.0,-64.0
1777891357.6693325,-5.0,-4.0,-71.0
1777891357.6793325,-5.0,-2.0,-77.0
1777891357.6893325,0.0,-3.0,-71.0
1777891357.6993325,-1.0,-2.0,-69.0
1777891357.7093325,3.0,1.0,-66.0
1777891357.7193325,6.0,-1.0,-65.0
1777891357.7293324,8.0,0.0,-65.0
1777891357.7393324,9.0,0.0,-66.0
1777891357.7493324,8.0,-2.0,-69.0
1777891357.7593324,8.0,0.0,-75.0
1777891357.7693324,5.0,0.0,-73.0
1777891357.7793324,7.0,0.0,-79.0
1777891357.7893324,8.0,1.0,-76.0
1777891357.7993324,2.0,-3.0,-79.0
1777891357.8093324,8.0,-2.0,-72.0
1777891357.8193324,10.0,-3.0,-69.0
1777891357.8293324,6.0,-5.0,-68.0
1777891357.8393323,3.0,-4.0,-78.0
1777891357.8493323,4.0,-7.0,-88.0
1777891357.8593323,3.0,-5.0,-86.0
1777891357.8693323,3.0,-2.0,-85.0
1777891357.8793323,7.0,-3.0,-84.0
1777891357.8893323,0.0,-7.0,-80.0
1777891357.8993323,4.0,-5.0,-74.0
1777891357.9093325,4.0,-1.0,-72.0
1777891357.9193325,1.0,-1.0,-73.0
1777891357.9293325,1.0,0.0,-75.0
1777891357.9393325,-1.0,1.0,-78.0
1777891357.9493325,1.0,3.0,-77.0
1777891357.9593325,2.0,0.0,-76.0
1777891357.9693325,0.0,0.0,-76.0
1777891357.9793324,-1.0,-1.0,-69.0
1777891357.9893324,0.0,-3.0,-69.0
1777891357.9993324,0.0,-2.0,-71.0
1777891358.0093324,-3.0,-2.0,-68.0
1777891358.0193324,-1.0,-1.0,-65.0
1777891358.0293324,-4.0,0.0,-71.0
1777891358.0393324,-8.0,0.0,-70.0
1777891358.0493324,-8.0,0.0,-71.0
1777891358.0593324,-3.0,-2.0,-74.0
1777891358.0693324,-2.0,-2.0,-74.0
1777891358.0793324,0.0,0.0,-75.0
1777891358.0893323,0.0,1.0,-71.0
1777891358.0993323,0.0,4.0,-65.0
1777891358.1093323,2.0,2.0,-67.0
1777891358.1193323,0.0,-2.0,-64.0
1777891358.1293323,2.0,-2.0,-68.0
1777891358.1393323,0.0,-4.0,-71.0
1777891358.1493323,-1.0,-4.0,-73.0
1777891358.1593325,0.0,-6.0,-77.0
1777891358.1693325,0.0,-10.0,-73.0
1777891358.1793325,1.0,-6.0,-70.0
1777891358.1893325,4.0,-7.0,-79.0
1777891358.1993325,3.0,-6.0,-85.0
1777891358.2093325,4.0,-4.0,-78.0
1777891358.2193325,3.0,-1.0,-79.0
1777891358.2293324,5.0,-3.0,-77.0
1777891358.2393324,1.0,-3.0,-77.0
1777891358.2493324,1.0,0.0,-85.0
1777891358.2593324,4.0,1.0,-81.0
1777891358.2693324,8.0,0.0,-75.0
1777891358.2793324,7.0,-2.0,-66.0
1777891358.2893324,11.0,-3.0,-65.0
1777891358.2993324,12.0,-2.0,-65.0
1777891358.3093324,6.0,-6.0,-65.0
1777891358.3193324,4.0,-6.0,-71.0
1777891358.3303325,4.0,-8.0,-72.0
1777891358.3393323,1.0,-6.0,-74.0
1777891358.3493323,0.0,-4.0,-66.0
1777891358.3593323,-1.0,-3.0,-63.0
1777891358.3693323,-5.0,0.0,-58.0
1777891358.3793323,1.0,0.0,-56.0
1777891358.3903325,-1.0,-2.0,-63.0
1777891358.4003325,0.0,-1.0,-68.0
1777891358.4103324,-1.0,0.0,-71.0
1777891358.4203324,2.0,3.0,-65.0
1777891358.4303324,4.0,6.0,-67.0
1777891358.4403324,3.0,5.0,-70.0
1777891358.4503324,2.0,3.0,-71.0
1777891358.4603324,3.0,4.0,-73.0
1777891358.4703324,0.0,4.0,-72.0
1777891358.4803324,1.0,1.0,-68.0
1777891358.4903324,5.0,0.0,-67.0
1777891358.5003324,9.0,1.0,-73.0
1777891358.5103323,3.0,3.0,-72.0
1777891358.5203323,2.0,1.0,-68.0
1777891358.5303323,2.0,0.0,-72.0
1777891358.5403323,1.0,0.0,-71.0
1777891358.5503323,6.0,2.0,-73.0
1777891358.5603323,5.0,0.0,-80.0
1777891358.5703323,5.0,2.0,-76.0
1777891358.5803325,7.0,0.0,-77.0
1777891358.5903325,7.0,-4.0,-72.0
1777891358.6003325,3.0,-3.0,-74.0
1777891358.6103325,1.0,-8.0,-73.0
1777891358.6203325,0.0,-9.0,-73.0
1777891358.6303325,-1.0,-10.0,-69.0
1777891358.6403325,1.0,-11.0,-69.0
1777891358.6503325,0.0,-8.0,-72.0
1777891358.6603324,2.0,-2.0,-74.0
1777891358.6703324,5.0,-3.0,-79.0
1777891358.6803324,10.0,-2.0,-76.0
1777891358.6903324,8.0,-1.0,-72.0
1777891358.7003324,8.0,-3.0,-73.0
1777891358.7103324,5.0,-4.0,-78.0
1777891358.7203324,3.0,-2.0,-77.0
1777891358.7303324,1.0,-2.0,-75.0
1777891358.7403324,0.0,-1.0,-79.0
1777891358.7503324,3.0,0.0,-77.0
1777891358.7603323,3.0,1.0,-70.0
1777891358.7703323,4.0,0.0,-76.0
1777891358.7803323,3.0,-2.0,-77.0
1777891358.7903323,2.0,1.0,-78.0
1777891358.8003323,0.0,-3.0,-74.0
1777891358.8103323,0.0,-5.0,-76.0
1777891358.8203323,0.0,-7.0,-71.0
1777891358.8303325,2.0,-3.0,-72.0
1777891358.8403325,2.0,-4.0,-69.0
1777891358.8503325,0.0,-1.0,-61.0
1777891358.8603325,0.0,0.0,-70.0
1777891358.8703325,3.0,0.0,-70.0
1777891358.8803325,-1.0,-2.0,-72.0
1777891358.8903325,-3.0,-2.0,-74.0
1777891358.9003325,3.0,-2.0,-76.0
1777891358.9103324,2.0,-3.0,-78.0
1777891358.9203324,1.0,-2.0,-80.0
1777891358.9303324,3.0,-2.0,-76.0
1777891358.9403324,5.0,0.0,-77.0
1777891358.9503324,6.0,-3.0,-79.0
1777891358.9603324,8.0,-4.0,-75.0
1777891358.9703324,7.0,-4.0,-67.0
1777891358.9803324,8.0,0.0,-66.0
1777891358.9903324,8.0,0.0,-72.0
1777891359.0003324,6.0,0.0,-71.0
1777891359.0103323,7.0,-2.0,-74.0
1777891359.0203323,0.0,0.0,-75.0
1777891359.0303323,0.0,0.0,-71.0
1777891359.0403323,4.0,-1.0,-68.0
1777891359.0503323,7.0,-1.0,-74.0
1777891359.0603323,6.0,-2.0,-76.0
1777891359.0703323,3.0,-3.0,-79.0
1777891359.0803325,0.0,-2.0,-78.0
1777891359.0903325,-1.0,-7.0,-75.0
1777891359.1003325,-5.0,-6.0,-75.0
1777891359.1103325,-3.0,-5.0,-71.0
1777891359.1203325,-1.0,-6.0,-67.0
1777891359.1303325,0.0,-7.0,-66.0
1777891359.1403325,3.0,-5.0,-72.0
1777891359.1503325,0.0,-6.0,-72.0
1777891359.1603324,1.0,-4.0,-63.0
1777891359.1703324,-1.0,-1.0,-64.0
1777891359.1803324,4.0,-2.0,-72.0
1777891359.1903324,2.0,1.0,-81.0
1777891359.2003324,-1.0,-2.0,-83.0
1777891359.2103324,1.0,-2.0,-78.0
1777891359.2203324,1.0,-1.0,-78.0
1777891359.2303324,-1.0,0.0,-82.0
1777891359.2403324,-4.0,0.0,-83.0
1777891359.2503324,-2.0,-3.0,-83.0
1777891359.2603323,-2.0,-5.0,-88.0
1777891359.2703323,-4.0,-4.0,-88.0
1777891359.2803323,-1.0,0.0,-86.0
1777891359.2903323,-3.0,1.0,-87.0
1777891359.3003323,-5.0,2.0,-84.0
1777891359.3103323,0.0,-1.0,-89.0
1777891359.3203323,-2.0,-4.0,-93.0
1777891359.3303325,-3.0,-9.0,-87.0
1777891359.3403325,0.0,-7.0,-80.0
1777891359.3503325,-2.0,-1.0,-78.0
1777891359.3603325,-1.0,0.0,-81.0
1777891359.3703325,1.0,-2.0,-85.0
1777891359.3803325,3.0,-5.0,-86.0
1777891359.3903325,5.0,-8.0,-85.0
1777891359.4003325,8.0,-5.0,-81.0
1777891359.4103324,3.0,-7.0,-81.0
1777891359.4203324,1.0,-7.0,-83.0
1777891359.4303324,5.0,-4.0,-84.0
1777891359.4403324,5.0,-2.0,-79.0
1777891359.4503324,6.0,-1.0,-83.0
1777891359.4603324,7.0,0.0,-80.0
1777891359.4703324,3.0,2.0,-73.0
1777891359.4803324,1.0,3.0,-82.0
1777891359.4903324,1.0,5.0,-81.0
1777891359.5003324,0.0,5.0,-69.0
1777891359.5103323,-2.0,6.0,-65.0
1777891359.5203323,-2.0,0.0,-66.0
1777891359.5303323,-2.0,0.0,-68.0
1777891359.5403323,-4.0,0.0,-65.0
1777891359.5503323,0.0,0.0,-69.0
1777891359.5603323,0.0,1.0,-67.0
1777891359.5703323,4.0,-2.0,-66.0
1777891359.5803325,1.0,-5.0,-68.0
1777891359.5903325,-2.0,-3.0,-71.0
1777891359.6003325,0.0,-1.0,-77.0
1777891359.6103325,0.0,-2.0,-69.0
1777891359.6203325,0.0,-3.0,-67.0
1777891359.6303325,-4.0,-3.0,-66.0
1777891359.6403325,-5.0,-2.0,-70.0
1777891359.6503325,0.0,-5.0,-76.0
1777891359.6603324,-1.0,-3.0,-76.0
1777891359.6703324,-1.0,-1.0,-75.0
1777891359.6803324,1.0,-2.0,-78.0
1777891359.6903324,0.0,-6.0,-78.0
1777891359.7003324,-2.0,-7.0,-75.0
1777891359.7103324,0.0,-12.0,-76.0
1777891359.7203324,-3.0,-11.0,-80.0
1777891359.7303324,-2.0,-12.0,-78.0
1777891359.7403324,-4.0,-10.0,-76.0
1777891359.7503324,-6.0,-10.0,-72.0
1777891359.7603323,-7.0,-8.0,-68.0
1777891359.7703323,-8.0,-9.0,-65.0
1777891359.7803323,0.0,-7.0,-75.0
1777891359.7903323,-1.0,-7.0,-81.0
1777891359.8003323,1.0,-10.0,-88.0
1777891359.8103323,0.0,-9.0,-85.0
1777891359.8203323,0.0,-8.0,-75.0
1777891359.8303325,-4.0,-2.0,-73.0
1777891359.8403325,0.0,1.0,-78.0
1777891359.8503325,-4.0,0.0,-80.0
1777891359.8603325,-2.0,0.0,-81.0
1777891359.8703325,1.0,-5.0,-79.0
1777891359.8803325,-1.0,-10.0,-81.0
1777891359.8903325,-1.0,-12.0,-76.0
1777891359.9003325,0.0,-11.0,-71.0
1777891359.9103324,4.0,-10.0,-68.0
1777891359.9203324,3.0,-10.0,-66.0
1777891359.9303324,0.0,-7.0,-64.0
1777891359.9403324,0.0,-6.0,-63.0
1777891359.9503324,0.0,-9.0,-64.0
1777891359.9603324,1.0,-9.0,-61.0
1777891359.9703324,1.0,-4.0,-54.0
1777891359.9803324,2.0,-3.0,-53.0
1777891359.9903324,0.0,-2.0,-56.0
1777891360.0003324,2.0,-1.0,-61.0
1777891360.0103323,2.0,-1.0,-66.0
1777891360.0203323,0.0,-1.0,-58.0
1777891360.0303323,2.0,-1.0,-62.0
1777891360.0403323,3.0,-2.0,-70.0
1777891360.0503323,4.0,-1.0,-66.0
1777891360.0603323,0.0,-2.0,-64.0
1777891360.0703323,-1.0,-4.0,-56.0
1777891360.0803325,0.0,-5.0,-58.0
1777891360.0903325,4.0,-2.0,-65.0
1777891360.1003325,9.0,-4.0,-66.0
1777891360.1103325,8.0,-2.0,-73.0
1777891360.1203325,3.0,-1.0,-70.0
1777891360.1303325,2.0,-4.0,-72.0
1777891360.1403325,1.0,-1.0,-70.0
1777891360.1503325,1.0,0.0,-73.0
1777891360.1603324,1.0,1.0,-74.0
1777891360.1703324,-2.0,2.0,-75.0
1777891360.1803324,0.0,0.0,-75.0
1777891360.1903324,0.0,-4.0,-78.0
1777891360.2003324,0.0,-2.0,-81.0
1777891360.2103324,1.0,0.0,-76.0
1777891360.2203324,5.0,-1.0,-82.0
1777891360.2303324,5.0,-1.0,-89.0
1777891360.2403324,4.0,-1.0,-81.0
1777891360.2503324,1.0,2.0,-79.0
1777891360.2603323,-2.0,2.0,-82.0
1777891360.2703323,0.0,0.0,-82.0
1777891360.2803323,0.0,-2.0,-79.0
1777891360.2903323,0.0,-6.0,-81.0
1777891360.3003323,1.0,-2.0,-81.0
1777891360.3103323,2.0,-3.0,-84.0
1777891360.3203323,0.0,-3.0,-74.0
1777891360.3303325,0.0,-2.0,-76.0
1777891360.3403325,3.0,-4.0,-76.0
1777891360.3513324,1.0,-1.0,-76.0
1777891360.3613324,1.0,-3.0,-80.0
1777891360.3703325,0.0,-2.0,-79.0
1777891360.3813324,3.0,-1.0,-74.0
1777891360.3913324,3.0,-2.0,-71.0
1777891360.4013324,0.0,-5.0,-73.0
1777891360.4113324,0.0,-7.0,-80.0
1777891360.4213324,0.0,-5.0,-77.0
1777891360.4313323,0.0,-5.0,-73.0
1777891360.4413323,3.0,-3.0,-64.0
1777891360.4513323,2.0,-4.0,-68.0
1777891360.4613323,0.0,-5.0,-67.0
1777891360.4713323,0.0,-4.0,-69.0
1777891360.4813323,0.0,0.0,-69.0
1777891360.4913323,2.0,-2.0,-70.0
1777891360.5013323,4.0,-3.0,-74.0
1777891360.5113325,-1.0,-3.0,-74.0
1777891360.5213325,0.0,-3.0,-70.0
1777891360.5313325,0.0,-4.0,-64.0
1777891360.5413325,-2.0,-3.0,-64.0
1777891360.5513325,-1.0,-6.0,-65.0
1777891360.5613325,-2.0,-8.0,-67.0
1777891360.5713325,-6.0,-7.0,-70.0
1777891360.5813324,-3.0,-6.0,-74.0
1777891360.5913324,-6.0,-5.0,-75.0
1777891360.6013324,-9.0,-4.0,-77.0
1777891360.6113324,-5.0,-6.0,-72.0
1777891360.6213324,0.0,-4.0,-71.0
1777891360.6313324,-2.0,-2.0,-71.0
1777891360.6413324,0.0,-2.0,-68.0
1777891360.6513324,0.0,-4.0,-68.0
1777891360.6613324,2.0,-4.0,-72.0
1777891360.6713324,2.0,-5.0,-78.0
1777891360.6813323,-2.0,-5.0,-80.0
1777891360.6913323,0.0,-5.0,-73.0
1777891360.7013323,2.0,-3.0,-71.0
1777891360.7113323,0.0,-6.0,-65.0
1777891360.7213323,1.0,-5.0,-69.0
1777891360.7313323,1.0,-6.0,-68.0
1777891360.7413323,-1.0,-2.0,-68.0
1777891360.7513323,-3.0,0.0,-78.0
1777891360.7613325,-3.0,3.0,-84.0
1777891360.7713325,-4.0,0.0,-87.0
1777891360.7813325,-1.0,-3.0,-87.0
1777891360.7913325,0.0,-4.0,-84.0
1777891360.8013325,-3.0,-5.0,-77.0
1777891360.8113325,-2.0,-6.0,-77.0
1777891360.8213325,-5.0,-6.0,-85.0
1777891360.8313324,-2.0,-5.0,-85.0
1777891360.8413324,-2.0,-4.0,-84.0
1777891360.8513324,-1.0,-3.0,-85.0
1777891360.8613324,-1.0,-5.0,-76.0
1777891360.8713324,1.0,-4.0,-77.0
1777891360.8813324,4.0,-6.0,-75.0
1777891360.8913324,3.0,-6.0,-77.0
1777891360.9013324,1.0,-9.0,-81.0
1777891360.9113324,2.0,-11.0,-74.0
1777891360.9213324,0.0,-9.0,-74.0
1777891360.9313323,-4.0,-8.0,-73.0
1777891360.9413323,-1.0,-5.0,-72.0
1777891360.9513323,3.0,-5.0,-74.0
1777891360.9613323,4.0,-1.0,-70.0
1777891360.9713323,0.0,-2.0,-70.0
1777891360.9813323,-1.0,-2.0,-67.0
1777891360.9913323,-1.0,-3.0,-62.0
1777891361.0013323,-2.0,0.0,-62.0
1777891361.0113325,2.0,1.0,-69.0
1777891361.0213325,0.0,2.0,-76.0
1777891361.0313325,1.0,7.0,-75.0
1777891361.0413325,0.0,4.0,-74.0
1777891361.0513325,0.0,3.0,-75.0
1777891361.0613325,2.0,1.0,-78.0
1777891361.0713325,4.0,0.0,-82.0
1777891361.0813324,5.0,0.0,-81.0
1777891361.0913324,9.0,-2.0,-77.0
1777891361.1013324,8.0,-2.0,-72.0
1777891361.1113324,4.0,-5.0,-72.0
1777891361.1213324,5.0,-7.0,-66.0
1777891361.1313324,4.0,-8.0,-63.0
1777891361.1413324,4.0,-9.0,-62.0
1777891361.1513324,1.0,-6.0,-64.0
1777891361.1613324,2.0,-5.0,-64.0
1777891361.1713324,0.0,-7.0,-63.0
1777891361.1813323,0.0,-6.0,-71.0
1777891361.1913323,-4.0,-4.0,-67.0
1777891361.2013323,0.0,-1.0,-68.0
1777891361.2113323,1.0,-3.0,-70.0
1777891361.2213323,2.0,-3.0,-67.0
1777891361.2313323,1.0,-3.0,-65.0
1777891361.2413323,0.0,1.0,-66.0
1777891361.2513323,-2.0,0.0,-67.0
1777891361.2613325,0.0,-2.0,-57.0
1777891361.2713325,2.0,-4.0,-52.0
1777891361.2813325,2.0,0.0,-56.0
1777891361.2913325,3.0,2.0,-68.0
1777891361.3013325,2.0,3.0,-75.0
1777891361.3113325,-1.0,1.0,-67.0
1777891361.3213325,0.0,-2.0,-69.0
1777891361.3313324,1.0,-3.0,-72.0
1777891361.3413324,-2.0,-5.0,-71.0
1777891361.3513324,-4.0,-2.0,-69.0
1777891361.3613324,-7.0,-2.0,-59.0
1777891361.3713324,-4.0,-5.0,-59.0
1777891361.3813324,-6.0,-7.0,-62.0
1777891361.3913324,-3.0,-9.0,-64.0
1777891361.4013324,3.0,-7.0,-68.0
1777891361.4113324,0.0,-8.0,-75.0
1777891361.4213324,-3.0,-7.0,-70.0
1777891361.4313323,-5.0,-8.0,-71.0
1777891361.4413323,-3.0,-7.0,-74.0
1777891361.4513323,-1.0,-7.0,-74.0
1777891361.4613323,-2.0,-6.0,-71.0
1777891361.4713323,-3.0,0.0,-76.0
1777891361.4813323,-6.0,3.0,-76.0
1777891361.4913323,-3.0,0.0,-74.0
1777891361.5013323,0.0,0.0,-76.0
1777891361.5113325,1.0,-4.0,-70.0
1777891361.5213325,6.0,-5.0,-73.0
1777891361.5313325,5.0,-2.0,-69.0
1777891361.5413325,5.0,-4.0,-62.0
1777891361.5513325,9.0,-5.0,-64.0
1777891361.5613325,6.0,-4.0,-61.0
1777891361.5713325,8.0,-2.0,-64.0
1777891361.5813324,1.0,-3.0,-66.0
1777891361.5913324,4.0,-1.0,-69.0
1777891361.6013324,7.0,-1.0,-73.0
1777891361.6113324,7.0,0.0,-74.0
1777891361.6213324,8.0,1.0,-84.0
1777891361.6313324,5.0,3.0,-85.0
1777891361.6413324,4.0,2.0,-88.0
1777891361.6513324,3.0,-1.0,-89.0
1777891361.6613324,0.0,-4.0,-85.0
1777891361.6713324,-4.0,-5.0,-89.0
1777891361.6813323,-1.0,-5.0,-84.0
1777891361.6913323,1.0,-4.0,-86.0
1777891361.7013323,1.0,-4.0,-91.0
1777891361.7113323,1.0,-1.0,-96.0
1777891361.7213323,0.0,0.0,-89.0
1777891361.7313323,5.0,1.0,-89.0
1777891361.7413323,6.0,-3.0,-80.0
1777891361.7513323,1.0,-6.0,-76.0
1777891361.7613325,5.0,-8.0,-69.0
1777891361.7713325,3.0,-8.0,-71.0
1777891361.7813325,2.0,-4.0,-74.0
1777891361.7913325,2.0,-1.0,-76.0
1777891361.8013325,3.0,-2.0,-74.0
1777891361.8113325,2.0,-5.0,-64.0
1777891361.8213325,2.0,-2.0,-62.0
1777891361.8313324,0.0,-1.0,-65.0
1777891361.8413324,1.0,0.0,-66.0
1777891361.8513324,9.0,-4.0,-67.0
1777891361.8613324,5.0,0.0,-74.0
1777891361.8713324,3.0,0.0,-82.0
1777891361.8813324,2.0,-2.0,-78.0
1777891361.8913324,-3.0,-4.0,-73.0
1777891361.9013324,-1.0,-4.0,-67.0
1777891361.9113324,4.0,-3.0,-72.0
1777891361.9213324,6.0,-1.0,-78.0
1777891361.9313323,5.0,-4.0,-80.0
1777891361.9413323,1.0,-4.0,-75.0
1777891361.9513323,0.0,-5.0,-75.0
1777891361.9613323,0.0,-7.0,-70.0
1777891361.9713323,0.0,-5.0,-70.0
1777891361.9813323,2.0,-7.0,-71.0
1777891361.9913323,3.0,-13.0,-74.0
1777891362.0013323,4.0,-10.0,-73.0
1777891362.0113325,9.0,-7.0,-84.0
1777891362.0213325,3.0,-4.0,-81.0
1777891362.0313325,6.0,-7.0,-77.0
1777891362.0413325,8.0,-3.0,-81.0
1777891362.0513325,9.0,-4.0,-81.0
1777891362.0613325,9.0,-2.0,-82.0
1777891362.0713325,8.0,-1.0,-82.0
1777891362.0813324,9.0,0.0,-81.0
1777891362.0913324,10.0,-1.0,-78.0
1777891362.1013324,7.0,1.0,-75.0
1777891362.1113324,7.0,1.0,-80.0
1777891362.1213324,5.0,-4.0,-81.0
1777891362.1313324,2.0,-3.0,-85.0
1777891362.1413324,1.0,-5.0,-79.0
1777891362.1513324,-5.0,0.0,-66.0
1777891362.1613324,0.0,4.0,-66.0
1777891362.1713324,0.0,2.0,-71.0
1777891362.1813323,-4.0,-1.0,-73.0
1777891362.1913323,-3.0,0.0,-77.0
1777891362.2013323,-2.0,-2.0,-81.0
1777891362.2113323,-1.0,-3.0,-78.0
1777891362.2213323,-3.0,-4.0,-73.0
1777891362.2313323,-4.0,-4.0,-73.0
1777891362.2413323,-6.0,-2.0,-76.0
1777891362.2513323,-5.0,-3.0,-76.0
1777891362.2613325,-6.0,0.0,-73.0
1777891362.2713325,-4.0,0.0,-69.0
1777891362.2813325,-2.0,0.0,-60.0
1777891362.2913325,-2.0,0.0,-65.0
1777891362.3013325,-3.0,2.0,-66.0
1777891362.3113325,-2.0,5.0,-66.0
1777891362.3223324,-1.0,4.0,-65.0
1777891362.3313324,0.0,2.0,-70.0
1777891362.3413324,3.0,-2.0,-72.0
1777891362.3523324,5.0,-2.0,-71.0
1777891362.3623323,0.0,-4.0,-68.0
1777891362.3723323,0.0,-3.0,-69.0
1777891362.3823323,-1.0,0.0,-69.0
1777891362.3923323,3.0,-4.0,-66.0
1777891362.4023323,4.0,-9.0,-71.0
1777891362.4123323,1.0,-4.0,-67.0
1777891362.4223323,4.0,-1.0,-66.0
1777891362.4323325,4.0,1.0,-63.0
1777891362.4423325,5.0,2.0,-68.0
1777891362.4523325,7.0,0.0,-79.0
1777891362.4623325,8.0,1.0,-76.0
1777891362.4723325,9.0,-2.0,-69.0
1777891362.4823325,4.0,-2.0,-68.0
1777891362.4923325,0.0,-3.0,-72.0
1777891362.5023324,0.0,-2.0,-74.0
1777891362.5123324,1.0,-1.0,-72.0
1777891362.5223324,5.0,1.0,-74.0
1777891362.5323324,5.0,-1.0,-77.0
1777891362.5423324,4.0,-2.0,-70.0
1777891362.5523324,3.0,-5.0,-64.0
1777891362.5623324,3.0,-6.0,-68.0
1777891362.5723324,1.0,-3.0,-70.0
1777891362.5823324,3.0,-4.0,-69.0
1777891362.5923324,0.0,-6.0,-80.0
1777891362.6023324,0.0,-3.0,-79.0
1777891362.6123323,0.0,-2.0,-77.0
1777891362.6223323,0.0,-5.0,-70.0
1777891362.6323323,2.0,-4.0,-68.0
1777891362.6423323,3.0,-2.0,-70.0
1777891362.6523323,0.0,-2.0,-73.0
1777891362.6623323,-1.0,3.0,-71.0
1777891362.6723323,0.0,1.0,-70.0
1777891362.6823325,0.0,0.0,-65.0
1777891362.6923325,-2.0,2.0,-61.0
1777891362.7023325,-1.0,0.0,-66.0
1777891362.7123325,1.0,-1.0,-75.0
1777891362.7223325,2.0,0.0,-78.0
1777891362.7323325,1.0,-1.0,-79.0
1777891362.7423325,3.0,-1.0,-78.0
1777891362.7523324,2.0,0.0,-79.0
1777891362.7623324,-1.0,0.0,-79.0
1777891362.7723324,-6.0,2.0,-74.0
1777891362.7823324,-6.0,4.0,-78.0
1777891362.7923324,-1.0,4.0,-76.0
1777891362.8023324,1.0,1.0,-77.0
1777891362.8123324,0.0,-3.0,-76.0
1777891362.8223324,-3.0,-7.0,-76.0
1777891362.8323324,0.0,-5.0,-73.0
1777891362.8423324,-2.0,-6.0,-76.0
1777891362.8523324,2.0,-10.0,-65.0
1777891362.8623323,0.0,-8.0,-61.0
1777891362.8723323,-2.0,-5.0,-60.0
1777891362.8823323,-1.0,-3.0,-65.0
1777891362.8923323,-1.0,-1.0,-74.0
1777891362.9023323,0.0,-2.0,-75.0
1777891362.9123323,-1.0,-2.0,-73.0
1777891362.9223323,0.0,-1.0,-71.0
1777891362.9323325,1.0,-4.0,-68.0
1777891362.9423325,5.0,-6.0,-64.0
1777891362.9523325,8.0,-4.0,-64.0
1777891362.9623325,4.0,-7.0,-57.0
1777891362.9723325,0.0,-5.0,-59.0
1777891362.9823325,-3.0,-5.0,-62.0
1777891362.9923325,-4.0,-7.0,-66.0
1777891363.0023324,-5.0,-9.0,-68.0
1777891363.0123324,-7.0,-6.0,-70.0
1777891363.0223324,-7.0,-5.0,-66.0
1777891363.0323324,-1.0,-1.0,-67.0
1777891363.0423324,0.0,-3.0,-72.0
1777891363.0523324,0.0,0.0,-74.0
1777891363.0623324,0.0,1.0,-73.0
1777891363.0723324,0.0,-1.0,-75.0
1777891363.0823324,4.0,-1.0,-75.0
1777891363.0923324,4.0,-3.0,-81.0
1777891363.1023324,3.0,-2.0,-80.0
1777891363.1123323,1.0,0.0,-77.0
1777891363.1223323,0.0,2.0,-75.0
1777891363.1333325,3.0,3.0,-75.0
1777891363.1423323,0.0,0.0,-73.0
1777891363.1523323,-3.0,-3.0,-80.0
1777891363.1623323,-1.0,2.0,-85.0
1777891363.1723323,0.0,1.0,-81.0
1777891363.1823325,6.0,2.0,-79.0
1777891363.1923325,5.0,3.0,-77.0
1777891363.2023325,2.0,1.0,-68.0
1777891363.2123325,5.0,3.0,-78.0
1777891363.2223325,1.0,1.0,-81.0
1777891363.2323325,4.0,-1.0,-71.0
1777891363.2423325,8.0,-3.0,-70.0
1777891363.2523324,4.0,-4.0,-72.0
1777891363.2623324,3.0,-3.0,-74.0
1777891363.2723324,2.0,-1.0,-84.0
1777891363.2823324,0.0,0.0,-80.0
1777891363.2923324,0.0,-6.0,-76.0
1777891363.3023324,3.0,-4.0,-75.0
1777891363.3123324,5.0,-4.0,-75.0
1777891363.3223324,7.0,-2.0,-71.0
1777891363.3323324,9.0,-7.0,-71.0
1777891363.3423324,11.0,-2.0,-73.0
1777891363.3523324,9.0,1.0,-74.0
1777891363.3623323,6.0,2.0,-75.0
1777891363.3723323,4.0,3.0,-75.0
1777891363.3823323,3.0,4.0,-74.0
1777891363.3923323,1.0,2.0,-77.0
1777891363.4023323,2.0,6.0,-74.0
1777891363.4123323,1.0,6.0,-78.0
1777891363.4223323,3.0,4.0,-77.0
1777891363.4323325,6.0,4.0,-78.0
1777891363.4423325,6.0,2.0,-81.0
1777891363.4523325,6.0,0.0,-88.0
1777891363.4623325,4.0,0.0,-89.0
1777891363.4723325,6.0,1.0,-86.0
1777891363.4823325,5.0,3.0,-83.0
1777891363.4923325,0.0,2.0,-79.0
1777891363.5023324,0.0,-1.0,-75.0
1777891363.5123324,1.0,-1.0,-78.0
1777891363.5223324,0.0,5.0,-75.0
1777891363.5323324,2.0,5.0,-77.0
1777891363.5423324,0.0,4.0,-79.0
1777891363.5523324,0.0,7.0,-76.0
1777891363.5623324,-1.0,5.0,-76.0
1777891363.5723324,0.0,3.0,-76.0
1777891363.5823324,0.0,0.0,-75.0
1777891363.5923324,2.0,0.0,-76.0
1777891363.6023324,1.0,0.0,-71.0
1777891363.6123323,2.0,1.0,-71.0
1777891363.6223323,1.0,-1.0,-63.0
1777891363.6323323,1.0,1.0,-64.0
1777891363.6423323,-2.0,0.0,-59.0
1777891363.6523323,-5.0,0.0,-66.0
1777891363.6623323,-2.0,2.0,-73.0
1777891363.6723323,-1.0,2.0,-70.0
1777891363.6823325,0.0,3.0,-70.0
1777891363.6923325,0.0,-2.0,-74.0
1777891363.7023325,0.0,-2.0,-75.0
1777891363.7123325,0.0,0.0,-74.0
1777891363.7223325,5.0,2.0,-79.0
1777891363.7323325,1.0,0.0,-75.0
1777891363.7423325,0.0,-1.0,-71.0
1777891363.7523324,-2.0,-1.0,-70.0
1777891363.7623324,1.0,-3.0,-70.0
1777891363.7723324,3.0,0.0,-71.0
1777891363.7823324,0.0,0.0,-72.0
1777891363.7923324,3.0,5.0,-72.0
1777891363.8023324,8.0,3.0,-74.0
1777891363.8123324,6.0,2.0,-75.0
1777891363.8223324,3.0,1.0,-69.0
1777891363.8323324,0.0,1.0,-75.0
1777891363.8423324,1.0,1.0,-73.0
1777891363.8523324,-1.0,1.0,-76.0
1777891363.8623323,-1.0,0.0,-72.0
1777891363.8723323,2.0,-1.0,-81.0
1777891363.8823323,0.0,-2.0,-81.0
1777891363.8923323,-2.0,-2.0,-78.0
1777891363.9023323,0.0,-3.0,-73.0
1777891363.9123323,4.0,-2.0,-79.0
1777891363.9223323,4.0,2.0,-75.0
1777891363.9323325,3.0,4.0,-75.0
1777891363.9423325,0.0,0.0,-82.0
1777891363.9523325,6.0,-2.0,-84.0
1777891363.9623325,8.0,-4.0,-86.0
1777891363.9723325,5.0,-1.0,-92.0
1777891363.9823325,2.0,-1.0,-90.0
1777891363.9923325,-2.0,-1.0,-87.0
1777891364.0023324,-3.0,-1.0,-87.0
1777891364.0123324,-2.0,-2.0,-80.0
1777891364.0223324,-2.0,1.0,-70.0
1777891364.0323324,2.0,0.0,-71.0
1777891364.0423324,4.0,-1.0,-75.0
1777891364.0523324,3.0,-1.0,-70.0
1777891364.0623324,7.0,-2.0,-71.0
1777891364.0723324,4.0,-4.0,-73.0
1777891364.0823324,0.0,-8.0,-79.0
1777891364.0923324,0.0,-9.0,-82.0
1777891364.1023324,3.0,-10.0,-78.0
1777891364.1123323,3.0,-4.0,-76.0
1777891364.1223323,0.0,-4.0,-69.0
1777891364.1323323,-1.0,-4.0,-68.0
1777891364.1423323,2.0,-5.0,-71.0
1777891364.1523323,2.0,-7.0,-67.0
1777891364.1623323,2.0,-5.0,-66.0
1777891364.1723323,0.0,-1.0,-65.0
1777891364.1823325,4.0,-1.0,-68.0
1777891364.1923325,3.0,-6.0,-71.0
1777891364.2023325,7.0,-3.0,-73.0
1777891364.2123325,5.0,-2.0,-71.0
1777891364.2223325,9.0,-4.0,-75.0
1777891364.2323325,9.0,-7.0,-74.0
1777891364.2423325,5.0,-5.0,-77.0
1777891364.2523324,2.0,-6.0,-78.0
1777891364.2623324,4.0,-4.0,-77.0
1777891364.2723324,4.0,-4.0,-82.0
1777891364.2823324,2.0,-4.0,-87.0
1777891364.2923324,2.0,-7.0,-81.0
1777891364.3023324,1.0,-8.0,-78.0
1777891364.3123324,2.0,-11.0,-74.0
1777891364.3223324,1.0,-8.0,-71.0
1777891364.3333323,0.0,-6.0,-75.0
1777891364.3433323,3.0,-4.0,-75.0
1777891364.3533323,8.0,0.0,-75.0
1777891364.3633325,6.0,-1.0,-74.0
1777891364.3733325,5.0,-3.0,-75.0
1777891364.3833325,4.0,-5.0,-69.0
1777891364.3933325,0.0,-1.0,-68.0
1777891364.4033325,-1.0,0.0,-68.0
1777891364.4133325,-1.0,0.0,-69.0
1777891364.4233325,-1.0,0.0,-63.0
1777891364.4333324,-2.0,0.0,-68.0
1777891364.4433324,-1.0,2.0,-72.0
1777891364.4533324,0.0,0.0,-66.0
1777891364.4633324,-2.0,-2.0,-68.0
1777891364.4733324,-3.0,0.0,-74.0
1777891364.4833324,-2.0,1.0,-76.0
1777891364.4933324,-2.0,5.0,-82.0
1777891364.5033324,2.0,6.0,-73.0
1777891364.5133324,1.0,5.0,-69.0
1777891364.5233324,0.0,0.0,-72.0
1777891364.5333323,0.0,0.0,-70.0
1777891364.5433323,2.0,-4.0,-72.0
1777891364.5533323,1.0,-1.0,-70.0
1777891364.5633323,0.0,-2.0,-71.0
1777891364.5733323,0.0,-4.0,-70.0
1777891364.5833323,0.0,0.0,-71.0
1777891364.5933323,2.0,2.0,-62.0
1777891364.6033323,8.0,2.0,-66.0
1777891364.6133325,8.0,-3.0,-73.0
1777891364.6233325,6.0,-1.0,-75.0
1777891364.6333325,4.0,1.0,-78.0
1777891364.6433325,0.0,3.0,-71.0
1777891364.6533325,-1.0,8.0,-70.0
1777891364.6633325,1.0,8.0,-69.0
1777891364.6733325,5.0,5.0,-69.0
1777891364.6833324,1.0,3.0,-73.0
1777891364.6933324,1.0,4.0,-81.0
1777891364.7033324,1.0,5.0,-78.0
1777891364.7133324,3.0,7.0,-75.0
1777891364.7233324,3.0,6.0,-73.0
1777891364.7333324,3.0,2.0,-66.0
1777891364.7433324,8.0,-1.0,-65.0
1777891364.7533324,3.0,-2.0,-63.0
1777891364.7633324,4.0,-4.0,-66.0
1777891364.7733324,5.0,-3.0,-64.0
1777891364.7833323,2.0,-3.0,-64.0
1777891364.7933323,-2.0,0.0,-70.0
1777891364.8033323,-3.0,-1.0,-68.0
1777891364.8133323,0.0,-1.0,-70.0
1777891364.8233323,1.0,-2.0,-74.0
1777891364.8333323,2.0,-6.0,-60.0
1777891364.8433323,6.0,-3.0,-58.0
1777891364.8533323,2.0,-3.0,-57.0
1777891364.8633325,3.0,-4.0,-59.0
1777891364.8733325,3.0,-3.0,-58.0
1777891364.8833325,3.0,-5.0,-65.0
1777891364.8933325,4.0,1.0,-77.0
1777891364.9033325,1.0,1.0,-76.0
1777891364.9133325,0.0,0.0,-76.0
1777891364.9233325,2.0,1.0,-74.0
1777891364.9333324,-2.0,1.0,-78.0
1777891364.9433324,-4.0,1.0,-74.0
1777891364.9533324,0.0,1.0,-71.0
1777891364.9633324,-3.0,0.0,-71.0
1777891364.9733324,0.0,1.0,-73.0
1777891364.9833324,1.0,-1.0,-76.0
1777891364.9933324,4.0,-1.0,-80.0
1777891365.0033324,7.0,-5.0,-83.0
1777891365.0133324,4.0,-9.0,-84.0
1777891365.0233324,3.0,-6.0,-81.0
1777891365.0333323,3.0,-2.0,-78.0
1777891365.0433323,3.0,-1.0,-80.0
1777891365.0533323,5.0,0.0,-81.0
1777891365.0633323,4.0,0.0,-77.0
1777891365.0733323,4.0,-3.0,-79.0
1777891365.0833323,6.0,-4.0,-78.0
1777891365.0933323,6.0,-4.0,-73.0
1777891365.1033323,0.0,-4.0,-73.0
1777891365.1133325,-4.0,-1.0,-68.0
1777891365.1233325,-2.0,2.0,-65.0
1777891365.1333325,-4.0,7.0,-65.0
1777891365.1433325,-4.0,9.0,-72.0
1777891365.1533325,-4.0,10.0,-80.0
1777891365.1633325,-2.0,11.0,-78.0
1777891365.1733325,2.0,7.0,-73.0
1777891365.1833324,1.0,0.0,-68.0
1777891365.1933324,8.0,0.0,-64.0
1777891365.2033324,4.0,0.0,-63.0
1777891365.2133324,2.0,0.0,-62.0
1777891365.2233324,0.0,-6.0,-65.0
1777891365.2333324,-5.0,-7.0,-67.0
1777891365.2433324,-5.0,-5.0,-70.0
1777891365.2533324,-6.0,-4.0,-66.0
1777891365.2633324,-6.0,-4.0,-68.0
1777891365.2733324,-8.0,-2.0,-78.0
1777891365.2833323,-4.0,0.0,-73.0
1777891365.2933323,0.0,1.0,-73.0
1777891365.3033323,1.0,5.0,-79.0
1777891365.3133323,0.0,3.0,-76.0
1777891365.3233323,-3.0,2.0,-73.0
1777891365.3333323,-6.0,2.0,-76.0
1777891365.3433323,0.0,0.0,-74.0
1777891365.3533323,-1.0,-1.0,-73.0
1777891365.3633325,-1.0,0.0,-71.0
1777891365.3733325,-2.0,-2.0,-68.0
1777891365.3833325,-3.0,-1.0,-66.0
1777891365.3933325,0.0,1.0,-67.0
1777891365.4033325,0.0,0.0,-71.0
1777891365.4133325,2.0,3.0,-75.0
1777891365.4233325,1.0,8.0,-78.0
1777891365.4333324,0.0,9.0,-80.0
1777891365.4433324,0.0,9.0,-78.0
1777891365.4533324,-1.0,7.0,-72.0
1777891365.4633324,-3.0,2.0,-75.0
1777891365.4733324,3.0,-1.0,-69.0
1777891365.4833324,2.0,0.0,-71.0
1777891365.4933324,0.0,0.0,-70.0
1777891365.5033324,0.0,0.0,-73.0
1777891365.5133324,0.0,-5.0,-72.0
1777891365.5233324,-1.0,-1.0,-67.0
1777891365.5333323,0.0,0.0,-70.0
1777891365.5433323,0.0,-2.0,-65.0
1777891365.5533323,0.0,0.0,-63.0
1777891365.5633323,5.0,-7.0,-58.0
1777891365.5733323,4.0,-4.0,-61.0
1777891365.5833323,1.0,-3.0,-66.0
1777891365.5933323,4.0,0.0,-73.0
1777891365.6033323,5.0,0.0,-77.0
1777891365.6133325,4.0,2.0,-81.0
1777891365.6233325,4.0,3.0,-75.0
1777891365.6333325,0.0,3.0,-69.0
1777891365.6433325,-1.0,1.0,-67.0
1777891365.6533325,2.0,-4.0,-68.0
1777891365.6633325,2.0,-2.0,-71.0
1777891365.6733325,6.0,-4.0,-76.0
1777891365.6833324,2.0,-4.0,-69.0
1777891365.6933324,7.0,-1.0,-76.0
1777891365.7033324,6.0,0.0,-73.0
1777891365.7133324,3.0,-1.0,-71.0
1777891365.7233324,6.0,-4.0,-71.0
1777891365.7333324,5.0,-5.0,-73.0
1777891365.7433324,3.0,-5.0,-74.0
1777891365.7533324,0.0,-7.0,-68.0
1777891365.7633324,0.0,-4.0,-72.0
1777891365.7733324,0.0,-1.0,-72.0
1777891365.7833323,3.0,-3.0,-71.0
1777891365.7933323,-1.0,-5.0,-78.0
1777891365.8033323,1.0,-1.0,-78.0
1777891365.8133323,1.0,-1.0,-76.0
1777891365.8233323,-1.0,0.0,-77.0
1777891365.8333323,0.0,-1.0,-81.0
1777891365.8433323,2.0,0.0,-79.0
1777891365.8533323,0.0,1.0,-72.0
1777891365.8633325,1.0,-2.0,-75.0
1777891365.8733325,2.0,-4.0,-67.0
1777891365.8833325,4.0,-2.0,-67.0
1777891365.8933325,1.0,0.0,-65.0
1777891365.9033325,0.0,4.0,-67.0
1777891365.9133325,-3.0,3.0,-69.0
1777891365.9233325,-4.0,2.0,-65.0
1777891365.9333324,0.0,3.0,-70.0
1777891365.9433324,2.0,0.0,-71.0
1777891365.9533324,1.0,-4.0,-66.0
1777891365.9633324,3.0,1.0,-68.0
1777891365.9733324,3.0,5.0,-63.0
1777891365.9833324,4.0,8.0,-58.0
1777891365.9933324,5.0,8.0,-60.0
1777891366.0033324,1.0,9.0,-68.0
1777891366.0133324,-3.0,9.0,-66.0
1777891366.0233324,-2.0,6.0,-67.0
1777891366.0333323,-3.0,5.0,-69.0
1777891366.0433323,0.0,6.0,-72.0
1777891366.0533323,0.0,4.0,-71.0
1777891366.0633323,0.0,0.0,-77.0
1777891366.0733323,0.0,-3.0,-69.0
1777891366.0833323,0.0,-4.0,-69.0
1777891366.0933323,3.0,-1.0,-73.0
1777891366.1033323,3.0,1.0,-72.0
1777891366.1133325,3.0,0.0,-74.0
1777891366.1233325,7.0,-1.0,-74.0
1777891366.1333325,5.0,-2.0,-71.0
1777891366.1433325,5.0,-3.0,-77.0
1777891366.1533325,0.0,-4.0,-73.0
1777891366.1633325,0.0,-7.0,-72.0
1777891366.1733325,0.0,-5.0,-70.0
1777891366.1833324,0.0,-1.0,-71.0
1777891366.1933324,-2.0,-3.0,-67.0
1777891366.2033324,-4.0,0.0,-66.0
1777891366.2133324,-5.0,0.0,-64.0
1777891366.2233324,1.0,4.0,-61.0
1777891366.2333324,0.0,5.0,-62.0
1777891366.2433324,-1.0,6.0,-68.0
1777891366.2533324,-4.0,6.0,-73.0
1777891366.2633324,-5.0,4.0,-67.0
1777891366.2733324,-8.0,3.0,-66.0
1777891366.2833323,-5.0,4.0,-78.0
1777891366.2943325,-5.0,3.0,-82.0
1777891366.3033323,-3.0,-1.0,-82.0
1777891366.3143325,0.0,-2.0,-79.0
1777891366.3243325,0.0,0.0,-77.0
1777891366.3333323,-1.0,2.0,-76.0
1777891366.3443325,0.0,1.0,-77.0
1777891366.3543324,-4.0,0.0,-74.0
1777891366.3643324,-5.0,0.0,-76.0
1777891366.3743324,-4.0,4.0,-73.0
1777891366.3843324,-1.0,2.0,-75.0
1777891366.3943324,1.0,-3.0,-76.0
1777891366.4043324,4.0,-6.0,-72.0
1777891366.4143324,6.0,-5.0,-75.0
1777891366.4243324,5.0,-4.0,-83.0
1777891366.4343324,9.0,-10.0,-85.0
1777891366.4443324,9.0,-10.0,-73.0
1777891366.4543324,14.0,-9.0,-72.0
1777891366.4643323,10.0,-4.0,-72.0
1777891366.4743323,8.0,-3.0,-73.0
1777891366.4843323,7.0,-3.0,-74.0
1777891366.4943323,1.0,-3.0,-67.0
1777891366.5043323,-1.0,-1.0,-69.0
1777891366.5143323,-4.0,-2.0,-69.0
1777891366.5243323,1.0,0.0,-71.0
1777891366.5343325,0.0,2.0,-74.0
1777891366.5443325,3.0,6.0,-75.0
1777891366.5543325,4.0,5.0,-76.0
1777891366.5643325,2.0,5.0,-73.0
1777891366.5743325,-3.0,2.0,-69.0
1777891366.5843325,-1.0,1.0,-65.0
1777891366.5943325,0.0,1.0,-65.0
1777891366.6043324,1.0,-4.0,-66.0
1777891366.6143324,0.0,-2.0,-66.0
1777891366.6243324,2.0,0.0,-66.0
1777891366.6343324,3.0,0.0,-68.0
1777891366.6443324,5.0,2.0,-68.0
1777891366.6543324,3.0,4.0,-67.0
1777891366.6643324,4.0,2.0,-65.0
1777891366.6743324,3.0,-3.0,-62.0
1777891366.6843324,0.0,-3.0,-59.0
1777891366.6943324,-3.0,-8.0,-58.0
1777891366.7043324,-6.0,-6.0,-64.0
1777891366.7143323,-2.0,-2.0,-65.0
1777891366.7243323,3.0,0.0,-72.0
1777891366.7343323,-3.0,0.0,-81.0
1777891366.7443323,-5.0,1.0,-80.0
1777891366.7543323,0.0,1.0,-80.0
1777891366.7643323,0.0,1.0,-72.0
1777891366.7743323,0.0,0.0,-73.0
1777891366.7843325,2.0,0.0,-72.0
1777891366.7943325,2.0,-2.0,-66.0
1777891366.8043325,-1.0,-4.0,-64.0
1777891366.8143325,-4.0,-1.0,-63.0
1777891366.8243325,0.0,2.0,-64.0
1777891366.8343325,0.0,-1.0,-66.0
1777891366.8443325,2.0,-1.0,-71.0
1777891366.8543324,3.0,0.0,-79.0
1777891366.8643324,3.0,-3.0,-82.0
1777891366.8743324,5.0,-1.0,-78.0
1777891366.8843324,7.0,0.0,-77.0
1777891366.8943324,5.0,3.0,-73.0
1777891366.9043324,5.0,3.0,-72.0
1777891366.9143324,3.0,0.0,-75.0
1777891366.9243324,3.0,-2.0,-73.0
1777891366.9343324,2.0,-1.0,-73.0
1777891366.9443324,3.0,0.0,-69.0
1777891366.9543324,3.0,-4.0,-62.0
1777891366.9643323,3.0,-2.0,-63.0
1777891366.9743323,3.0,0.0,-61.0
1777891366.9843323,7.0,0.0,-62.0
1777891366.9943323,11.0,2.0,-57.0
1777891367.0043323,12.0,2.0,-65.0
1777891367.0143323,11.0,5.0,-66.0
1777891367.0243323,8.0,4.0,-67.0
1777891367.0343325,7.0,1.0,-69.0
1777891367.0443325,4.0,0.0,-69.0
1777891367.0543325,5.0,2.0,-70.0
1777891367.0643325,5.0,0.0,-73.0
1777891367.0743325,3.0,-4.0,-76.0
1777891367.0853324,4.0,-6.0,-75.0
1777891367.0943325,3.0,-8.0,-75.0
1777891367.1043324,2.0,-5.0,-73.0
1777891367.1143324,1.0,-2.0,-71.0
1777891367.1243324,1.0,0.0,-69.0
1777891367.1343324,3.0,0.0,-72.0
1777891367.1443324,7.0,-1.0,-74.0
1777891367.1543324,9.0,-2.0,-74.0
1777891367.1643324,4.0,-4.0,-75.0
1777891367.1743324,-2.0,-1.0,-74.0
1777891367.1843324,-3.0,-5.0,-72.0
1777891367.1943324,0.0,-6.0,-76.0
1777891367.2043324,-3.0,2.0,-76.0
1777891367.2143323,-7.0,2.0,-80.0
1777891367.2243323,-6.0,1.0,-81.0
1777891367.2343323,-4.0,5.0,-77.0
1777891367.2443323,-7.0,6.0,-74.0
1777891367.2543323,-6.0,6.0,-69.0
1777891367.2643323,-6.0,0.0,-63.0
1777891367.2743323,0.0,-4.0,-56.0
1777891367.2843325,0.0,-2.0,-51.0
1777891367.2943325,-2.0,1.0,-59.0
1777891367.3043325,1.0,2.0,-63.0
1777891367.3143325,4.0,1.0,-63.0
1777891367.3243325,1.0,0.0,-64.0
1777891367.3343325,1.0,-2.0,-67.0
1777891367.3443325,1.0,-4.0,-71.0
1777891367.3543324,0.0,-2.0,-73.0
1777891367.3643324,-3.0,0.0,-73.0
1777891367.3743324,0.0,0.0,-73.0
1777891367.3843324,0.0,-3.0,-71.0
1777891367.3943324,2.0,-1.0,-72.0
1777891367.4043324,1.0,0.0,-74.0
1777891367.4143324,0.0,-2.0,-71.0
1777891367.4243324,1.0,-3.0,-69.0
1777891367.4343324,0.0,-3.0,-67.0
1777891367.4443324,-2.0,0.0,-68.0
1777891367.4543324,-1.0,-1.0,-70.0
1777891367.4643323,-1.0,-4.0,-72.0
1777891367.4743323,-3.0,-2.0,-70.0
1777891367.4843323,-2.0,0.0,-68.0
1777891367.4943323,1.0,0.0,-65.0
1777891367.5043323,3.0,4.0,-67.0
1777891367.5143323,3.0,3.0,-68.0
1777891367.5243323,2.0,3.0,-73.0
1777891367.5343325,5.0,1.0,-73.0
1777891367.5443325,4.0,3.0,-69.0
1777891367.5543325,3.0,4.0,-69.0
1777891367.5643325,0.0,2.0,-65.0
1777891367.5743325,3.0,3.0,-73.0
1777891367.5843325,1.0,2.0,-69.0
1777891367.5943325,2.0,1.0,-69.0
1777891367.6043324,6.0,0.0,-67.0
1777891367.6143324,1.0,6.0,-62.0
1777891367.6243324,1.0,7.0,-60.0
1777891367.6343324,5.0,4.0,-66.0
1777891367.6443324,1.0,1.0,-74.0
1777891367.6543324,-1.0,2.0,-75.0
1777891367.6643324,-5.0,5.0,-78.0
1777891367.6743324,-4.0,0.0,-73.0
1777891367.6843324,1.0,-2.0,-72.0
1777891367.6943324,0.0,-3.0,-71.0
1777891367.7043324,0.0,0.0,-67.0
1777891367.7143323,1.0,-2.0,-66.0
1777891367.7243323,2.0,0.0,-61.0
1777891367.7343323,2.0,-1.0,-56.0
1777891367.7443323,2.0,-4.0,-55.0
1777891367.7543323,-1.0,-5.0,-56.0
1777891367.7643323,1.0,0.0,-61.0
1777891367.7743323,1.0,3.0,-68.0
1777891367.7843325,6.0,1.0,-63.0
1777891367.7943325,6.0,0.0,-69.0
1777891367.8043325,4.0,0.0,-69.0
1777891367.8143325,1.0,-3.0,-63.0
1777891367.8243325,1.0,0.0,-62.0
1777891367.8343325,3.0,0.0,-60.0
1777891367.8443325,7.0,0.0,-62.0
1777891367.8543324,7.0,5.0,-62.0
1777891367.8643324,7.0,5.0,-65.0
1777891367.8743324,6.0,6.0,-72.0
1777891367.8843324,2.0,6.0,-77.0
1777891367.8943324,6.0,8.0,-80.0
1777891367.9043324,8.0,1.0,-78.0
1777891367.9143324,9.0,1.0,-78.0
1777891367.9243324,2.0,1.0,-87.0
1777891367.9343324,3.0,5.0,-78.0
1777891367.9443324,3.0,3.0,-76.0
1777891367.9543324,1.0,1.0,-72.0
1777891367.9643323,4.0,4.0,-76.0
1777891367.9743323,6.0,0.0,-79.0
1777891367.9843323,4.0,-1.0,-77.0
1777891367.9943323,4.0,-3.0,-72.0
1777891368.0043323,3.0,-2.0,-71.0
1777891368.0143323,2.0,-4.0,-67.0
1777891368.0243323,2.0,-5.0,-65.0
1777891368.0343325,-1.0,-2.0,-66.0
1777891368.0443325,0.0,-3.0,-70.0
1777891368.0543325,0.0,-4.0,-66.0
1777891368.0643325,-1.0,-3.0,-71.0
1777891368.0743325,0.0,0.0,-67.0
1777891368.0843325,-2.0,-7.0,-69.0
1777891368.0943325,-2.0,-10.0,-69.0
1777891368.1043324,0.0,-10.0,-72.0
1777891368.1143324,1.0,-6.0,-74.0
1777891368.1243324,2.0,-2.0,-75.0
1777891368.1343324,6.0,-2.0,-75.0
1777891368.1443324,7.0,0.0,-74.0
1777891368.1543324,6.0,0.0,-71.0
1777891368.1643324,5.0,0.0,-77.0
1777891368.1743324,2.0,0.0,-79.0
1777891368.1843324,1.0,-2.0,-85.0
1777891368.1943324,5.0,0.0,-84.0
1777891368.2043324,6.0,0.0,-81.0
1777891368.2143323,6.0,0.0,-79.0
1777891368.2243323,6.0,0.0,-75.0
1777891368.2343323,3.0,1.0,-72.0
1777891368.2443323,-1.0,2.0,-74.0
1777891368.2543323,-2.0,-1.0,-80.0
1777891368.2643323,3.0,0.0,-80.0
1777891368.2743323,1.0,2.0,-76.0
1777891368.2843325,4.0,2.0,-74.0
1777891368.2953324,5.0,-2.0,-79.0
1777891368.3053324,8.0,-4.0,-74.0
1777891368.3153324,10.0,-4.0,-74.0
1777891368.3253324,4.0,-3.0,-71.0
1777891368.3353324,0.0,0.0,-74.0
1777891368.3453324,0.0,-2.0,-77.0
1777891368.3553324,2.0,0.0,-75.0
1777891368.3653324,1.0,-3.0,-72.0
1777891368.3753324,0.0,-2.0,-75.0
1777891368.3853323,-1.0,0.0,-76.0
1777891368.3953323,-1.0,-1.0,-81.0
1777891368.4053323,-1.0,-1.0,-77.0
1777891368.4153323,-3.0,-3.0,-78.0
1777891368.4253323,-5.0,-3.0,-70.0
1777891368.4353323,-3.0,-3.0,-70.0
1777891368.4453323,0.0,-4.0,-67.0
1777891368.4553325,-4.0,-2.0,-63.0
1777891368.4653325,-1.0,-3.0,-70.0
1777891368.4753325,1.0,-1.0,-73.0
1777891368.4853325,5.0,-2.0,-66.0
1777891368.4953325,1.0,-4.0,-62.0
1777891368.5053325,0.0,-1.0,-57.0
1777891368.5153325,3.0,-1.0,-55.0
1777891368.5253325,1.0,-3.0,-62.0
1777891368.5353324,2.0,-3.0,-71.0
1777891368.5453324,2.0,-7.0,-68.0
1777891368.5553324,0.0,-5.0,-71.0
1777891368.5653324,0.0,-8.0,-71.0
1777891368.5753324,0.0,-6.0,-62.0
1777891368.5853324,0.0,-8.0,-63.0
1777891368.5953324,0.0,-6.0,-69.0
1777891368.6053324,0.0,-1.0,-66.0
1777891368.6153324,-1.0,1.0,-67.0
1777891368.6253324,-1.0,0.0,-67.0
1777891368.6353323,-3.0,-1.0,-68.0
1777891368.6453323,0.0,-3.0,-72.0
1777891368.6553323,1.0,-6.0,-75.0
1777891368.6653323,0.0,-2.0,-81.0
1777891368.6753323,0.0,-2.0,-77.0
1777891368.6853323,0.0,0.0,-72.0
1777891368.6953323,0.0,-1.0,-75.0
1777891368.7053325,0.0,2.0,-83.0
1777891368.7153325,3.0,0.0,-85.0
1777891368.7253325,2.0,-3.0,-83.0
1777891368.7353325,1.0,0.0,-77.0
1777891368.7453325,1.0,1.0,-76.0
1777891368.7553325,0.0,0.0,-73.0
1777891368.7653325,3.0,-1.0,-73.0
1777891368.7753325,2.0,0.0,-70.0
1777891368.7853324,8.0,0.0,-71.0
1777891368.7953324,10.0,0.0,-67.0
1777891368.8053324,8.0,-2.0,-70.0
1777891368.8153324,9.0,1.0,-78.0
1777891368.8253324,9.0,-1.0,-80.0
1777891368.8353324,9.0,1.0,-78.0
1777891368.8453324,10.0,-3.0,-70.0
1777891368.8553324,7.0,0.0,-71.0
1777891368.8653324,4.0,-3.0,-75.0
1777891368.8753324,6.0,-7.0,-76.0
1777891368.8853323,5.0,-7.0,-77.0
1777891368.8953323,0.0,0.0,-78.0
1777891368.9053323,1.0,0.0,-77.0
1777891368.9153323,0.0,2.0,-78.0
1777891368.9253323,4.0,2.0,-81.0
1777891368.9353323,6.0,0.0,-82.0
1777891368.9453323,10.0,6.0,-79.0
1777891368.9553325,9.0,6.0,-75.0
1777891368.9653325,8.0,0.0,-81.0
1777891368.9753325,10.0,0.0,-74.0
1777891368.9853325,12.0,-1.0,-78.0
1777891368.9953325,7.0,-1.0,-74.0
1777891369.0053325,2.0,-1.0,-75.0
1777891369.0153325,-1.0,0.0,-84.0
1777891369.0253325,2.0,1.0,-89.0
1777891369.0353324,2.0,-4.0,-90.0
1777891369.0453324,1.0,-6.0,-87.0
1777891369.0553324,4.0,0.0,-85.0
1777891369.0653324,6.0,0.0,-84.0
1777891369.0753324,2.0,-2.0,-81.0
1777891369.0853324,1.0,-1.0,-81.0
1777891369.0953324,-2.0,-2.0,-80.0
1777891369.1053324,-5.0,-3.0,-74.0
1777891369.1153324,-1.0,0.0,-66.0
1777891369.1253324,0.0,0.0,-71.0
1777891369.1353323,1.0,1.0,-77.0
1777891369.1453323,1.0,0.0,-71.0
1777891369.1553323,1.0,-1.0,-72.0
1777891369.1653323,2.0,-3.0,-75.0
1777891369.1753323,2.0,-1.0,-75.0
1777891369.1853323,4.0,-1.0,-79.0
1777891369.1953323,7.0,2.0,-82.0
1777891369.2053325,4.0,0.0,-84.0
1777891369.2153325,1.0,2.0,-83.0
1777891369.2253325,0.0,5.0,-75.0
1777891369.2353325,2.0,3.0,-70.0
1777891369.2453325,2.0,1.0,-70.0
1777891369.2553325,-3.0,0.0,-70.0
1777891369.2653325,0.0,1.0,-75.0
1777891369.2753325,0.0,0.0,-74.0
1777891369.2853324,-2.0,0.0,-81.0
1777891369.2953324,-3.0,-2.0,-74.0
1777891369.3053324,-3.0,-3.0,-71.0
1777891369.3153324,-2.0,-1.0,-68.0
1777891369.3253324,-4.0,-3.0,-73.0
1777891369.3353324,0.0,-4.0,-71.0
1777891369.3453324,-3.0,-2.0,-69.0
1777891369.3553324,-4.0,-2.0,-68.0
1777891369.3653324,-2.0,0.0,-67.0
1777891369.3753324,1.0,0.0,-65.0
1777891369.3853323,4.0,0.0,-68.0
1777891369.3953323,4.0,1.0,-72.0
1777891369.4053323,6.0,0.0,-68.0
1777891369.4153323,7.0,0.0,-69.0
1777891369.4253323,9.0,0.0,-69.0
1777891369.4353323,9.0,0.0,-69.0
1777891369.4453323,9.0,1.0,-70.0
1777891369.4553325,7.0,-1.0,-76.0
1777891369.4653325,7.0,-3.0,-70.0
1777891369.4753325,5.0,-2.0,-68.0
1777891369.4853325,7.0,0.0,-63.0
1777891369.4953325,4.0,1.0,-64.0
1777891369.5053325,-1.0,0.0,-62.0
1777891369.5153325,-3.0,0.0,-57.0
1777891369.5253325,-4.0,-5.0,-55.0
1777891369.5353324,-4.0,-3.0,-62.0
1777891369.5453324,-3.0,-2.0,-60.0
1777891369.5553324,-4.0,-3.0,-60.0
1777891369.5653324,-1.0,0.0,-66.0
1777891369.5753324,-3.0,0.0,-60.0
1777891369.5853324,0.0,2.0,-60.0
1777891369.5953324,0.0,4.0,-64.0
1777891369.6053324,0.0,4.0,-60.0
1777891369.6153324,0.0,3.0,-62.0
1777891369.6253324,1.0,-2.0,-61.0
1777891369.6353323,1.0,-1.0,-57.0
1777891369.6453323,-1.0,0.0,-61.0
1777891369.6553323,-3.0,-2.0,-64.0
1777891369.6653323,-3.0,-3.0,-71.0
1777891369.6753323,0.0,-2.0,-74.0
1777891369.6853323,2.0,-1.0,-67.0
1777891369.6953323,1.0,-3.0,-68.0
1777891369.7053325,0.0,-6.0,-75.0
1777891369.7153325,-1.0,-7.0,-79.0
1777891369.7253325,2.0,-4.0,-75.0
1777891369.7353325,3.0,1.0,-78.0
1777891369.7453325,3.0,1.0,-82.0
1777891369.7553325,2.0,3.0,-81.0
1777891369.7653325,3.0,4.0,-75.0
1777891369.7753325,4.0,4.0,-73.0
1777891369.7853324,0.0,3.0,-69.0
1777891369.7953324,2.0,7.0,-65.0
1777891369.8053324,5.0,2.0,-63.0
1777891369.8153324,6.0,0.0,-60.0
1777891369.8253324,4.0,-3.0,-66.0
1777891369.8353324,1.0,-3.0,-66.0
1777891369.8453324,6.0,-5.0,-71.0
1777891369.8553324,3.0,-4.0,-72.0
1777891369.8653324,1.0,-1.0,-68.0
1777891369.8753324,-1.0,0.0,-67.0
1777891369.8853323,0.0,-3.0,-63.0
1777891369.8953323,1.0,-2.0,-63.0
1777891369.9053323,-1.0,0.0,-64.0
1777891369.9153323,0.0,-3.0,-70.0
1777891369.9253323,3.0,2.0,-71.0
1777891369.9353323,6.0,5.0,-71.0
1777891369.9453323,5.0,6.0,-69.0
1777891369.9553325,7.0,1.0,-68.0
1777891369.9653325,3.0,-1.0,-65.0
1777891369.9753325,2.0,-4.0,-71.0
1777891369.9853325,4.0,-7.0,-73.0
1777891369.9953325,0.0,-6.0,-76.0
1777891370.0053325,1.0,-2.0,-77.0
1777891370.0153325,4.0,-7.0,-78.0
1777891370.0253325,5.0,-3.0,-74.0
1777891370.0353324,10.0,-2.0,-71.0
1777891370.0453324,10.0,1.0,-67.0
1777891370.0553324,11.0,-1.0,-70.0
1777891370.0653324,10.0,2.0,-68.0
1777891370.0753324,11.0,1.0,-70.0
1777891370.0853324,6.0,1.0,-70.0
1777891370.0953324,3.0,2.0,-69.0
1777891370.1053324,-2.0,6.0,-64.0
1777891370.1153324,-2.0,2.0,-61.0
1777891370.1253324,0.0,4.0,-65.0
1777891370.1353323,-1.0,6.0,-66.0
1777891370.1453323,0.0,4.0,-73.0
1777891370.1553323,5.0,8.0,-78.0
1777891370.1653323,2.0,10.0,-76.0
1777891370.1753323,1.0,11.0,-74.0
1777891370.1853323,4.0,9.0,-78.0
1777891370.1953323,0.0,2.0,-79.0
1777891370.2053325,-1.0,-1.0,-77.0
1777891370.2153325,0.0,0.0,-73.0
1777891370.2253325,0.0,2.0,-69.0
1777891370.2353325,3.0,-1.0,-76.0
1777891370.2453325,0.0,-2.0,-81.0
1777891370.2553325,-1.0,-2.0,-77.0
1777891370.2653325,0.0,0.0,-79.0
1777891370.2763324,1.0,0.0,-83.0
1777891370.2853324,6.0,0.0,-77.0
1777891370.2963324,11.0,1.0,-77.0
1777891370.3063323,8.0,3.0,-76.0
1777891370.3163323,3.0,1.0,-79.0
1777891370.3263323,4.0,0.0,-83.0
1777891370.3363323,1.0,0.0,-86.0
1777891370.3463323,-1.0,-1.0,-76.0
1777891370.3563323,0.0,0.0,-78.0
1777891370.3663323,1.0,-2.0,-86.0
1777891370.3763323,-2.0,-7.0,-83.0
1777891370.3863325,-2.0,-5.0,-84.0
1777891370.3963325,2.0,-6.0,-86.0
1777891370.4063325,4.0,-2.0,-82.0
1777891370.4163325,4.0,1.0,-78.0
1777891370.4263325,0.0,0.0,-75.0
1777891370.4363325,0.0,-1.0,-72.0
1777891370.4463325,-1.0,-2.0,-71.0
1777891370.4563324,-1.0,-3.0,-73.0
1777891370.4663324,-4.0,1.0,-69.0
1777891370.4763324,0.0,-2.0,-66.0
1777891370.4863324,0.0,0.0,-63.0
1777891370.4963324,-3.0,2.0,-60.0
1777891370.5063324,-4.0,1.0,-64.0
1777891370.5163324,-6.0,-2.0,-75.0
1777891370.5263324,-7.0,-4.0,-69.0
1777891370.5363324,-3.0,-2.0,-72.0
1777891370.5463324,-2.0,-2.0,-75.0
1777891370.5563323,-2.0,0.0,-76.0
1777891370.5663323,1.0,-1.0,-65.0
1777891370.5763323,2.0,-1.0,-69.0
1777891370.5863323,4.0,0.0,-66.0
1777891370.5963323,4.0,-5.0,-64.0
1777891370.6063323,2.0,-6.0,-67.0
1777891370.6163323,1.0,-1.0,-68.0
1777891370.6263323,-3.0,1.0,-70.0
1777891370.6363325,-2.0,2.0,-75.0
1777891370.6463325,-5.0,4.0,-77.0
1777891370.6563325,-3.0,-1.0,-80.0
1777891370.6663325,-1.0,0.0,-71.0
1777891370.6763325,-1.0,-4.0,-66.0
1777891370.6863325,0.0,-4.0,-65.0
1777891370.6963325,-1.0,-2.0,-67.0
1777891370.7063324,-4.0,-2.0,-79.0
1777891370.7163324,-2.0,1.0,-80.0
1777891370.7263324,-1.0,1.0,-82.0
1777891370.7363324,-4.0,2.0,-80.0
1777891370.7463324,-7.0,2.0,-73.0
1777891370.7563324,-5.0,0.0,-61.0
1777891370.7663324,-5.0,1.0,-60.0
1777891370.7763324,-6.0,4.0,-61.0
1777891370.7863324,-8.0,5.0,-68.0
1777891370.7963324,-2.0,-1.0,-68.0
1777891370.8063323,-1.0,-5.0,-69.0
1777891370.8163323,-4.0,-6.0,-63.0
1777891370.8263323,-6.0,-6.0,-59.0
1777891370.8363323,-2.0,-7.0,-57.0
1777891370.8463323,1.0,-2.0,-57.0
1777891370.8563323,2.0,1.0,-62.0
1777891370.8663323,5.0,-2.0,-63.0
1777891370.8763323,3.0,-3.0,-65.0
1777891370.8863325,6.0,0.0,-65.0
1777891370.8963325,3.0,0.0,-69.0
1777891370.9063325,1.0,-1.0,-67.0
1777891370.9163325,0.0,-2.0,-66.0
1777891370.9263325,1.0,-6.0,-66.0
1777891370.9363325,1.0,-9.0,-67.0
1777891370.9463325,2.0,-5.0,-64.0
1777891370.9563324,1.0,-2.0,-65.0
1777891370.9663324,4.0,-3.0,-67.0
1777891370.9763324,5.0,-6.0,-63.0
1777891370.9863324,4.0,-7.0,-66.0
1777891370.9963324,0.0,-6.0,-70.0
1777891371.0063324,2.0,-2.0,-78.0
1777891371.0163324,1.0,-3.0,-76.0
1777891371.0263324,2.0,-3.0,-77.0
1777891371.0363324,2.0,-4.0,-78.0
1777891371.0463324,0.0,-7.0,-72.0
1777891371.0563323,-1.0,-9.0,-69.0
1777891371.0663323,-1.0,-6.0,-67.0
1777891371.0763323,-1.0,-7.0,-67.0
1777891371.0863323,0.0,-4.0,-63.0
1777891371.0963323,3.0,-6.0,-65.0
1777891371.1063323,1.0,-4.0,-67.0
1777891371.1163323,2.0,-2.0,-69.0
1777891371.1263323,1.0,2.0,-71.0
1777891371.1363325,0.0,2.0,-73.0
1777891371.1463325,4.0,3.0,-78.0
1777891371.1563325,4.0,4.0,-76.0
1777891371.1663325,4.0,6.0,-66.0
1777891371.1763325,0.0,5.0,-59.0
1777891371.1863325,1.0,1.0,-62.0
1777891371.1963325,2.0,-3.0,-73.0
1777891371.2063324,3.0,1.0,-78.0
1777891371.2163324,0.0,-2.0,-76.0
1777891371.2263324,0.0,-7.0,-72.0
1777891371.2363324,-4.0,-7.0,-69.0
1777891371.2463324,-4.0,-8.0,-75.0
1777891371.2563324,-9.0,-3.0,-71.0
1777891371.2663324,-8.0,-2.0,-67.0
1777891371.2763324,-6.0,-3.0,-71.0
1777891371.2863324,0.0,0.0,-67.0
1777891371.2963324,-2.0,-3.0,-73.0
1777891371.3063323,0.0,-2.0,-76.0
1777891371.3163323,2.0,-4.0,-82.0
1777891371.3263323,0.0,-5.0,-88.0
1777891371.3363323,-1.0,-5.0,-82.0
1777891371.3463323,2.0,-6.0,-80.0
1777891371.3563323,6.0,-3.0,-84.0
1777891371.3663323,6.0,-3.0,-89.0
1777891371.3763323,4.0,-5.0,-75.0
1777891371.3863325,2.0,0.0,-70.0
1777891371.3963325,-2.0,0.0,-73.0
1777891371.4063325,0.0,0.0,-72.0
1777891371.4163325,3.0,0.0,-74.0
1777891371.4263325,5.0,-5.0,-81.0
1777891371.4363325,4.0,-4.0,-82.0
1777891371.4463325,0.0,-2.0,-76.0
1777891371.4563324,-1.0,-1.0,-79.0
1777891371.4663324,0.0,0.0,-74.0
1777891371.4763324,1.0,-3.0,-72.0
1777891371.4863324,0.0,0.0,-78.0
1777891371.4963324,2.0,2.0,-78.0
1777891371.5063324,4.0,2.0,-71.0
1777891371.5163324,2.0,1.0,-75.0
1777891371.5263324,0.0,-2.0,-72.0
1777891371.5363324,1.0,0.0,-70.0
1777891371.5463324,5.0,6.0,-74.0
1777891371.5563323,5.0,8.0,-77.0
1777891371.5663323,7.0,7.0,-74.0
1777891371.5763323,5.0,4.0,-75.0
1777891371.5863323,4.0,1.0,-75.0
1777891371.5963323,6.0,0.0,-76.0
1777891371.6063323,2.0,-3.0,-75.0
1777891371.6163323,5.0,-2.0,-75.0
1777891371.6263323,6.0,-2.0,-76.0
1777891371.6363325,4.0,-1.0,-77.0
1777891371.6463325,0.0,0.0,-84.0
1777891371.6563325,0.0,-1.0,-80.0
1777891371.6663325,-2.0,2.0,-81.0
1777891371.6763325,-2.0,1.0,-77.0
1777891371.6863325,-1.0,3.0,-74.0
1777891371.6963325,-3.0,-3.0,-73.0
1777891371.7063324,-1.0,-5.0,-74.0
1777891371.7163324,-2.0,-3.0,-72.0
1777891371.7263324,-2.0,0.0,-66.0
1777891371.7363324,-3.0,1.0,-69.0
1777891371.7463324,0.0,3.0,-73.0
1777891371.7563324,-1.0,4.0,-74.0
1777891371.7663324,-1.0,0.0,-81.0
1777891371.7763324,-3.0,-2.0,-74.0
1777891371.7863324,0.0,1.0,-70.0
1777891371.7963324,1.0,1.0,-76.0
1777891371.8063323,3.0,0.0,-71.0
1777891371.8163323,0.0,0.0,-72.0
1777891371.8263323,0.0,1.0,-72.0
1777891371.8363323,-3.0,0.0,-67.0
1777891371.8463323,0.0,3.0,-71.0
1777891371.8563323,-3.0,3.0,-69.0
1777891371.8663323,1.0,-2.0,-73.0
1777891371.8763323,5.0,-1.0,-66.0
1777891371.8863325,8.0,5.0,-62.0
1777891371.8963325,9.0,6.0,-65.0
1777891371.9063325,9.0,4.0,-66.0
1777891371.9163325,10.0,3.0,-61.0
1777891371.9263325,6.0,0.0,-67.0
1777891371.9363325,6.0,4.0,-65.0
1777891371.9463325,4.0,5.0,-68.0
1777891371.9563324,1.0,4.0,-72.0
1777891371.9663324,6.0,4.0,-69.0
1777891371.9763324,11.0,0.0,-72.0
1777891371.9863324,9.0,-3.0,-72.0
1777891371.9963324,8.0,-5.0,-72.0
1777891372.0063324,3.0,-1.0,-77.0
1777891372.0163324,1.0,-1.0,-75.0
1777891372.0263324,0.0,0.0,-77.0
1777891372.0363324,1.0,3.0,-76.0
1777891372.0463324,5.0,3.0,-75.0
1777891372.0563323,8.0,2.0,-77.0
1777891372.0663323,9.0,-2.0,-82.0
1777891372.0763323,8.0,-3.0,-86.0
1777891372.0863323,6.0,0.0,-82.0
1777891372.0963323,3.0,-4.0,-78.0
1777891372.1063323,0.0,-3.0,-79.0
1777891372.1163323,2.0,-5.0,-72.0
1777891372.1263323,6.0,-2.0,-77.0
1777891372.1363325,5.0,0.0,-76.0
1777891372.1463325,2.0,1.0,-77.0
1777891372.1563325,2.0,-1.0,-74.0
1777891372.1663325,0.0,1.0,-75.0
1777891372.1763325,-3.0,0.0,-68.0
1777891372.1863325,0.0,-3.0,-65.0
1777891372.1963325,6.0,-1.0,-68.0
1777891372.2063324,3.0,-1.0,-66.0
1777891372.2163324,6.0,-2.0,-74.0
1777891372.2273324,6.0,1.0,-72.0
1777891372.2363324,7.0,1.0,-71.0
1777891372.2463324,3.0,-1.0,-74.0
1777891372.2563324,4.0,-3.0,-78.0
1777891372.2673323,5.0,-4.0,-78.0
1777891372.2773323,2.0,-1.0,-79.0
1777891372.2873323,4.0,0.0,-71.0
1777891372.2963324,3.0,2.0,-73.0
1777891372.3073325,0.0,1.0,-69.0
1777891372.3173325,2.0,-1.0,-65.0
1777891372.3273325,2.0,0.0,-62.0
1777891372.3373325,0.0,-4.0,-60.0
1777891372.3473325,1.0,-3.0,-61.0
1777891372.3573325,-1.0,-2.0,-65.0
1777891372.3673325,-5.0,2.0,-68.0
1777891372.3773324,-8.0,3.0,-70.0
1777891372.3873324,-3.0,0.0,-71.0
1777891372.3973324,-3.0,1.0,-75.0
1777891372.4073324,-3.0,1.0,-78.0
1777891372.4173324,-1.0,3.0,-72.0
1777891372.4273324,0.0,6.0,-74.0
1777891372.4373324,0.0,6.0,-70.0
1777891372.4473324,-1.0,6.0,-67.0
1777891372.4573324,-1.0,8.0,-64.0
1777891372.4673324,3.0,6.0,-62.0
1777891372.4773324,4.0,5.0,-66.0
1777891372.4873323,4.0,3.0,-69.0
1777891372.4973323,1.0,-2.0,-67.0
1777891372.5073323,0.0,-2.0,-69.0
1777891372.5173323,2.0,-1.0,-66.0
1777891372.5273323,8.0,1.0,-57.0
1777891372.5373323,3.0,3.0,-63.0
1777891372.5473323,5.0,0.0,-70.0
1777891372.5573325,3.0,5.0,-67.0
1777891372.5673325,2.0,2.0,-73.0
1777891372.5773325,1.0,0.0,-76.0
1777891372.5873325,3.0,1.0,-77.0
1777891372.5973325,0.0,-1.0,-78.0
1777891372.6073325,-3.0,1.0,-76.0
1777891372.6173325,-1.0,0.0,-72.0
1777891372.6273324,-2.0,4.0,-76.0
1777891372.6373324,-1.0,1.0,-72.0
1777891372.6473324,0.0,2.0,-76.0
1777891372.6573324,-3.0,2.0,-74.0
1777891372.6673324,-2.0,0.0,-76.0
1777891372.6773324,-1.0,-2.0,-79.0
1777891372.6873324,0.0,-1.0,-75.0
1777891372.6973324,2.0,-3.0,-72.0
1777891372.7073324,2.0,0.0,-64.0
1777891372.7173324,4.0,0.0,-65.0
1777891372.7273324,4.0,0.0,-62.0
1777891372.7373323,6.0,-6.0,-59.0
1777891372.7473323,6.0,-5.0,-56.0
1777891372.7573323,4.0,-3.0,-55.0
1777891372.7673323,5.0,0.0,-58.0
1777891372.7773323,4.0,0.0,-62.0
1777891372.7873323,1.0,0.0,-62.0
1777891372.7973323,0.0,3.0,-70.0
1777891372.8073325,-1.0,4.0,-69.0
1777891372.8173325,-1.0,5.0,-70.0
1777891372.8273325,0.0,3.0,-70.0
1777891372.8373325,-1.0,0.0,-77.0
1777891372.8473325,2.0,0.0,-79.0
1777891372.8573325,5.0,2.0,-81.0
1777891372.8673325,8.0,1.0,-73.0
1777891372.8773324,5.0,1.0,-72.0
1777891372.8873324,3.0,1.0,-61.0
1777891372.8973324,2.0,2.0,-58.0
1777891372.9073324,1.0,1.0,-61.0
1777891372.9173324,-2.0,0.0,-67.0
1777891372.9273324,0.0,0.0,-60.0
1777891372.9373324,2.0,-1.0,-66.0
1777891372.9473324,0.0,-3.0,-70.0
1777891372.9573324,-4.0,-6.0,-70.0
1777891372.9673324,4.0,0.0,-72.0
1777891372.9773324,8.0,2.0,-68.0
1777891372.9873323,8.0,1.0,-62.0
1777891372.9973323,10.0,6.0,-66.0
1777891373.0073323,6.0,4.0,-66.0
1777891373.0173323,2.0,4.0,-65.0
1777891373.0273323,0.0,6.0,-71.0
1777891373.0373323,3.0,3.0,-78.0
1777891373.0473323,1.0,5.0,-81.0
1777891373.0573325,0.0,-1.0,-76.0
1777891373.0673325,-1.0,-5.0,-70.0
1777891373.0773325,2.0,-7.0,-73.0
1777891373.0873325,8.0,-8.0,-75.0
1777891373.0973325,6.0,-5.0,-75.0
1777891373.1073325,8.0,-4.0,-79.0
1777891373.1173325,4.0,-1.0,-77.0
1777891373.1273324,9.0,-5.0,-83.0
1777891373.1373324,4.0,-5.0,-76.0
1777891373.1473324,-1.0,-3.0,-68.0
1777891373.1573324,-5.0,-2.0,-72.0
1777891373.1673324,-6.0,3.0,-68.0
1777891373.1773324,-7.0,5.0,-74.0
1777891373.1873324,-1.0,4.0,-71.0
1777891373.1973324,1.0,1.0,-69.0
1777891373.2073324,5.0,4.0,-71.0
1777891373.2173324,5.0,8.0,-71.0
1777891373.2273324,3.0,9.0,-75.0
1777891373.2373323,1.0,8.0,-76.0
1777891373.2473323,0.0,10.0,-71.0
1777891373.2573323,-2.0,5.0,-67.0
1777891373.2673323,-1.0,3.0,-72.0
1777891373.2773323,-1.0,1.0,-75.0
1777891373.2873323,0.0,0.0,-73.0
1777891373.2973323,2.0,0.0,-70.0
1777891373.3073325,0.0,-1.0,-70.0
1777891373.3173325,0.0,-6.0,-74.0
1777891373.3273325,-4.0,-7.0,-78.0
1777891373.3373325,-6.0,-6.0,-72.0
1777891373.3473325,-6.0,-2.0,-71.0
1777891373.3573325,-2.0,0.0,-74.0
1777891373.3673325,-1.0,-1.0,-75.0
1777891373.3773324,0.0,-1.0,-73.0
1777891373.3873324,2.0,-1.0,-75.0
1777891373.3973324,3.0,0.0,-72.0
1777891373.4073324,4.0,-1.0,-76.0
1777891373.4173324,6.0,1.0,-80.0
1777891373.4273324,1.0,4.0,-78.0
1777891373.4373324,-1.0,3.0,-77.0
1777891373.4473324,-1.0,5.0,-77.0
1777891373.4573324,0.0,5.0,-77.0
1777891373.4673324,0.0,5.0,-71.0
1777891373.4773324,0.0,2.0,-77.0
1777891373.4873323,0.0,0.0,-79.0
1777891373.4973323,1.0,3.0,-73.0
1777891373.5073323,2.0,4.0,-76.0
1777891373.5173323,0.0,2.0,-74.0
1777891373.5273323,1.0,-2.0,-71.0
1777891373.5373323,0.0,-4.0,-71.0
1777891373.5473323,0.0,-4.0,-73.0
1777891373.5573325,0.0,0.0,-77.0
1777891373.5673325,4.0,1.0,-77.0
1777891373.5773325,2.0,-1.0,-77.0
1777891373.5873325,2.0,-2.0,-75.0
1777891373.5973325,3.0,-3.0,-79.0
1777891373.6073325,2.0,-3.0,-76.0
1777891373.6173325,-1.0,-2.0,-71.0
1777891373.6273324,0.0,-2.0,-68.0
1777891373.6373324,-1.0,-3.0,-65.0
1777891373.6473324,-1.0,0.0,-66.0
1777891373.6573324,-4.0,0.0,-71.0
1777891373.6673324,-6.0,0.0,-75.0
1777891373.6773324,-5.0,0.0,-78.0
1777891373.6873324,-6.0,0.0,-76.0
1777891373.6973324,0.0,1.0,-74.0
1777891373.7073324,0.0,-1.0,-71.0
1777891373.7173324,-1.0,-1.0,-75.0
1777891373.7273324,-3.0,-2.0,-78.0
1777891373.7373323,-7.0,-1.0,-79.0
1777891373.7473323,-7.0,-1.0,-78.0
1777891373.7573323,-1.0,2.0,-76.0
1777891373.7673323,-4.0,-1.0,-72.0
1777891373.7773323,-1.0,-4.0,-70.0
1777891373.7873323,0.0,-3.0,-63.0
1777891373.7973323,-3.0,1.0,-63.0
1777891373.8073325,-6.0,-2.0,-61.0
1777891373.8173325,-5.0,-6.0,-56.0
1777891373.8273325,-2.0,-6.0,-63.0
1777891373.8373325,3.0,-4.0,-67.0
1777891373.8473325,1.0,-3.0,-64.0
1777891373.8573325,0.0,-2.0,-71.0
1777891373.8673325,0.0,-2.0,-75.0
1777891373.8773324,1.0,-8.0,-74.0
1777891373.8873324,9.0,-10.0,-75.0
1777891373.8973324,8.0,-9.0,-74.0
1777891373.9073324,4.0,-3.0,-70.0
1777891373.9173324,5.0,-4.0,-66.0
1777891373.9273324,3.0,-7.0,-66.0
1777891373.9373324,1.0,-3.0,-68.0
1777891373.9473324,1.0,2.0,-71.0
1777891373.9573324,0.0,0.0,-71.0
1777891373.9673324,2.0,-1.0,-73.0
1777891373.9773324,2.0,-5.0,-68.0
1777891373.9873323,0.0,-1.0,-68.0
1777891373.9973323,5.0,0.0,-66.0
1777891374.0073323,3.0,-1.0,-58.0
1777891374.0173323,0.0,0.0,-60.0
1777891374.0273323,0.0,0.0,-62.0
1777891374.0373323,-2.0,1.0,-63.0
1777891374.0473323,-3.0,0.0,-64.0
1777891374.0573325,-5.0,1.0,-72.0
1777891374.0673325,-3.0,0.0,-68.0
1777891374.0773325,-3.0,-5.0,-68.0
1777891374.0873325,-5.0,-2.0,-66.0
1777891374.0973325,-6.0,1.0,-71.0
1777891374.1073325,-3.0,5.0,-64.0
1777891374.1173325,-2.0,6.0,-65.0
1777891374.1273324,-1.0,7.0,-65.0
1777891374.1373324,-2.0,9.0,-64.0
1777891374.1473324,-1.0,1.0,-71.0
1777891374.1573324,-5.0,-3.0,-70.0
1777891374.1673324,-4.0,-4.0,-77.0
1777891374.1773324,-3.0,-1.0,-77.0
1777891374.1873324,-4.0,0.0,-77.0
1777891374.1973324,-6.0,-3.0,-76.0
1777891374.2073324,-8.0,-3.0,-77.0
1777891374.2173324,-1.0,1.0,-85.0
1777891374.2273324,0.0,-1.0,-84.0
1777891374.2373323,0.0,-6.0,-89.0
1777891374.2473323,3.0,-9.0,-88.0
1777891374.2583325,6.0,-11.0,-84.0
1777891374.2683325,4.0,-5.0,-79.0
1777891374.2773323,6.0,-3.0,-82.0
1777891374.2883325,4.0,-1.0,-75.0
1777891374.2983325,1.0,-2.0,-72.0
1777891374.3083324,4.0,3.0,-74.0
1777891374.3183324,2.0,3.0,-75.0
1777891374.3283324,2.0,2.0,-71.0
1777891374.3383324,2.0,2.0,-72.0
1777891374.3483324,0.0,1.0,-77.0
1777891374.3583324,1.0,2.0,-78.0
1777891374.3683324,0.0,0.0,-80.0
1777891374.3783324,6.0,0.0,-80.0
1777891374.3883324,4.0,-1.0,-70.0
1777891374.3983324,1.0,0.0,-71.0
1777891374.4083323,3.0,0.0,-72.0
1777891374.4183323,6.0,4.0,-73.0
1777891374.4283323,0.0,4.0,-67.0
1777891374.4383323,0.0,0.0,-70.0
1777891374.4483323,-4.0,0.0,-70.0
1777891374.4583323,-5.0,2.0,-76.0
1777891374.4683323,-8.0,1.0,-75.0
1777891374.4783323,-8.0,2.0,-72.0
1777891374.4883325,0.0,1.0,-71.0
1777891374.4983325,-2.0,1.0,-74.0
1777891374.5083325,0.0,4.0,-72.0
1777891374.5183325,-1.0,5.0,-71.0
1777891374.5283325,2.0,3.0,-68.0
1777891374.5383325,1.0,2.0,-68.0
1777891374.5483325,0.0,4.0,-67.0
1777891374.5583324,0.0,7.0,-69.0
1777891374.5683324,0.0,7.0,-71.0
1777891374.5783324,0.0,7.0,-71.0
1777891374.5883324,-1.0,2.0,-68.0
1777891374.5983324,-1.0,-2.0,-69.0
1777891374.6083324,0.0,-3.0,-66.0
1777891374.6183324,0.0,-4.0,-66.0
1777891374.6283324,0.0,-2.0,-64.0
1777891374.6383324,-1.0,-5.0,-64.0
1777891374.6483324,0.0,0.0,-71.0
1777891374.6583323,4.0,0.0,-72.0
1777891374.6683323,5.0,0.0,-68.0
1777891374.6783323,9.0,1.0,-70.0
1777891374.6883323,10.0,-2.0,-64.0
1777891374.6983323,7.0,-8.0,-66.0
1777891374.7083323,4.0,-9.0,-64.0
1777891374.7183323,1.0,-8.0,-63.0
1777891374.7283323,0.0,-3.0,-67.0
1777891374.7383325,2.0,0.0,-70.0
1777891374.7483325,0.0,-1.0,-62.0
1777891374.7583325,-2.0,-4.0,-64.0
1777891374.7683325,0.0,2.0,-66.0
1777891374.7783325,0.0,2.0,-69.0
1777891374.7883325,2.0,3.0,-68.0
1777891374.7983325,2.0,3.0,-69.0
1777891374.8083324,5.0,2.0,-76.0
1777891374.8183324,1.0,0.0,-68.0
1777891374.8283324,2.0,-2.0,-72.0
1777891374.8383324,3.0,-2.0,-70.0
1777891374.8483324,2.0,-2.0,-68.0
1777891374.8583324,4.0,0.0,-71.0
1777891374.8683324,1.0,2.0,-71.0
1777891374.8783324,2.0,3.0,-73.0
1777891374.8883324,-1.0,0.0,-71.0
1777891374.8983324,-2.0,-2.0,-74.0
1777891374.9083323,0.0,1.0,-76.0
1777891374.9183323,-2.0,3.0,-77.0
1777891374.9283323,-2.0,4.0,-81.0
1777891374.9383323,-3.0,0.0,-84.0
1777891374.9483323,-3.0,1.0,-83.0
1777891374.9583323,-5.0,3.0,-74.0
1777891374.9683323,-6.0,-3.0,-71.0
1777891374.9783323,0.0,-3.0,-72.0
1777891374.9883325,-1.0,-2.0,-72.0
1777891374.9983325,1.0,-6.0,-72.0
1777891375.0083325,5.0,-4.0,-75.0
1777891375.0183325,3.0,-2.0,-74.0
1777891375.0283325,0.0,-1.0,-72.0
1777891375.0383325,0.0,-3.0,-76.0
1777891375.0483325,1.0,-1.0,-80.0
1777891375.0583324,0.0,-4.0,-74.0
1777891375.0683324,-2.0,0.0,-78.0
1777891375.0783324,-4.0,0.0,-71.0
1777891375.0883324,0.0,-3.0,-63.0
1777891375.0983324,-5.0,-2.0,-63.0
1777891375.1083324,-8.0,-2.0,-65.0
1777891375.1183324,-10.0,-1.0,-60.0
1777891375.1283324,-12.0,0.0,-61.0
1777891375.1383324,-6.0,3.0,-66.0
1777891375.1483324,-5.0,4.0,-72.0
1777891375.1583323,-3.0,4.0,-71.0
1777891375.1683323,-1.0,1.0,-67.0
1777891375.1783323,-4.0,0.0,-71.0
1777891375.1883323,-2.0,0.0,-66.0
1777891375.1983323,2.0,1.0,-63.0
1777891375.2083323,-5.0,0.0,-54.0
1777891375.2183323,-3.0,-1.0,-54.0
1777891375.2283323,-4.0,-1.0,-52.0
1777891375.2383325,-2.0,-1.0,-64.0
1777891375.2483325,1.0,-4.0,-62.0
1777891375.2583325,2.0,-5.0,-65.0
1777891375.2683325,5.0,-2.0,-66.0
1777891375.2783325,5.0,-4.0,-64.0
1777891375.2883325,1.0,-4.0,-63.0
1777891375.2983325,2.0,0.0,-68.0
1777891375.3083324,1.0,2.0,-76.0
1777891375.3183324,2.0,0.0,-76.0
1777891375.3283324,3.0,-1.0,-68.0
1777891375.3383324,1.0,-1.0,-64.0
1777891375.3483324,0.0,-7.0,-65.0
1777891375.3583324,-7.0,-8.0,-68.0
1777891375.3683324,-9.0,-8.0,-65.0
1777891375.3783324,-8.0,-6.0,-63.0
1777891375.3883324,-8.0,-4.0,-61.0
1777891375.3983324,-4.0,-6.0,-61.0
1777891375.4083323,-6.0,-7.0,-63.0
1777891375.4183323,-9.0,-5.0,-69.0
1777891375.4283323,-6.0,-3.0,-74.0
1777891375.4383323,-2.0,-3.0,-81.0
1777891375.4483323,1.0,-5.0,-82.0
1777891375.4583323,-1.0,-6.0,-73.0
1777891375.4683323,1.0,-5.0,-75.0
1777891375.4783323,4.0,-4.0,-77.0
1777891375.4883325,3.0,-3.0,-83.0
1777891375.4983325,1.0,-5.0,-78.0
1777891375.5083325,0.0,-2.0,-81.0
1777891375.5183325,0.0,-2.0,-75.0
1777891375.5283325,-4.0,0.0,-68.0
1777891375.5383325,-2.0,-6.0,-66.0
1777891375.5483325,3.0,-4.0,-72.0
1777891375.5583324,8.0,-2.0,-77.0
1777891375.5683324,8.0,-7.0,-78.0
1777891375.5783324,9.0,-6.0,-71.0
1777891375.5883324,9.0,-3.0,-70.0
1777891375.5983324,2.0,0.0,-75.0
1777891375.6083324,3.0,0.0,-78.0
1777891375.6183324,1.0,-1.0,-77.0
1777891375.6283324,1.0,2.0,-72.0
1777891375.6383324,-2.0,1.0,-70.0
1777891375.6483324,0.0,1.0,-68.0
1777891375.6583323,-3.0,1.0,-71.0
1777891375.6683323,-4.0,7.0,-69.0
1777891375.6783323,-4.0,9.0,-72.0
1777891375.6883323,-6.0,1.0,-77.0
1777891375.6983323,-1.0,-3.0,-71.0
1777891375.7083323,6.0,-3.0,-68.0
1777891375.7183323,3.0,-7.0,-70.0
1777891375.7283323,0.0,-2.0,-68.0
1777891375.7383325,0.0,-3.0,-66.0
1777891375.7483325,3.0,-2.0,-71.0
1777891375.7583325,2.0,0.0,-70.0
1777891375.7683325,-1.0,-3.0,-72.0
1777891375.7783325,-1.0,-4.0,-70.0
1777891375.7883325,0.0,-2.0,-72.0
1777891375.7983325,-3.0,0.0,-73.0
1777891375.8083324,-2.0,0.0,-73.0
1777891375.8183324,1.0,0.0,-73.0
1777891375.8283324,-3.0,-1.0,-69.0
1777891375.8383324,-3.0,4.0,-66.0
1777891375.8483324,0.0,6.0,-67.0
1777891375.8583324,1.0,5.0,-74.0
1777891375.8683324,2.0,5.0,-69.0
1777891375.8783324,2.0,0.0,-69.0
1777891375.8883324,2.0,0.0,-67.0
1777891375.8983324,1.0,-3.0,-67.0
1777891375.9083323,0.0,-6.0,-67.0
1777891375.9183323,-1.0,-4.0,-67.0
1777891375.9283323,-4.0,-8.0,-67.0
1777891375.9383323,-4.0,-7.0,-67.0
1777891375.9483323,-4.0,-4.0,-68.0
1777891375.9583323,-2.0,-3.0,-70.0
1777891375.9683323,-4.0,1.0,-73.0
1777891375.9783323,-3.0,0.0,-73.0
1777891375.9883325,-1.0,1.0,-74.0
1777891375.9983325,0.0,0.0,-71.0
1777891376.0083325,-1.0,-1.0,-73.0
1777891376.0183325,-2.0,-4.0,-73.0
1777891376.0283325,-3.0,-4.0,-84.0
1777891376.0383325,-1.0,0.0,-86.0
1777891376.0483325,0.0,0.0,-83.0
1777891376.0583324,0.0,0.0,-85.0
1777891376.0683324,2.0,0.0,-79.0
1777891376.0783324,3.0,1.0,-72.0
1777891376.0883324,0.0,3.0,-69.0
1777891376.0983324,0.0,2.0,-71.0
1777891376.1083324,-1.0,4.0,-74.0
1777891376.1183324,-1.0,3.0,-77.0
1777891376.1283324,0.0,-1.0,-77.0
1777891376.1383324,-1.0,-1.0,-76.0
1777891376.1483324,-5.0,0.0,-71.0
1777891376.1583323,-5.0,0.0,-69.0
1777891376.1683323,-4.0,3.0,-71.0
1777891376.1783323,-4.0,1.0,-66.0
1777891376.1883323,2.0,0.0,-67.0
1777891376.1993325,5.0,-1.0,-68.0
1777891376.2083323,7.0,-1.0,-63.0
1777891376.2183323,4.0,0.0,-63.0
1777891376.2283323,3.0,0.0,-61.0
1777891376.2383325,3.0,1.0,-61.0
1777891376.2483325,3.0,-1.0,-64.0
1777891376.2593324,2.0,-4.0,-74.0
1777891376.2683325,3.0,-4.0,-75.0
1777891376.2783325,1.0,-3.0,-75.0
1777891376.2893324,3.0,2.0,-77.0
1777891376.2993324,3.0,2.0,-81.0
1777891376.3093324,0.0,-1.0,-76.0
1777891376.3193324,2.0,1.0,-73.0
1777891376.3293324,-1.0,-2.0,-70.0
1777891376.3393323,-5.0,-6.0,-73.0
1777891376.3493323,-4.0,-10.0,-75.0
1777891376.3593323,0.0,-9.0,-73.0
1777891376.3693323,3.0,-6.0,-75.0
1777891376.3793323,2.0,-3.0,-79.0
1777891376.3893323,5.0,-5.0,-71.0
1777891376.3993323,8.0,-3.0,-66.0
1777891376.4093325,2.0,-2.0,-67.0
1777891376.4193325,2.0,-4.0,-68.0
1777891376.4293325,2.0,0.0,-68.0
1777891376.4393325,2.0,-1.0,-68.0
1777891376.4493325,-2.0,-2.0,-69.0
1777891376.4593325,-7.0,-2.0,-69.0
1777891376.4693325,-3.0,3.0,-77.0
1777891376.4793324,0.0,2.0,-78.0
1777891376.4893324,2.0,0.0,-76.0
1777891376.4993324,3.0,0.0,-72.0
1777891376.5093324,0.0,1.0,-70.0
1777891376.5193324,-1.0,2.0,-67.0
1777891376.5293324,-2.0,1.0,-72.0
1777891376.5393324,0.0,0.0,-71.0
1777891376.5493324,0.0,0.0,-66.0
1777891376.5593324,0.0,2.0,-79.0
1777891376.5693324,-3.0,3.0,-90.0
1777891376.5793324,-1.0,3.0,-76.0
1777891376.5893323,-1.0,4.0,-70.0
1777891376.5993323,1.0,3.0,-71.0
1777891376.6093323,5.0,2.0,-71.0
1777891376.6193323,8.0,2.0,-75.0
1777891376.6293323,11.0,6.0,-78.0
1777891376.6393323,8.0,3.0,-76.0
1777891376.6493323,6.0,1.0,-84.0
1777891376.6593325,4.0,-2.0,-82.0
1777891376.6693325,4.0,-5.0,-75.0
1777891376.6793325,4.0,-3.0,-73.0
1777891376.6893325,5.0,-1.0,-75.0
1777891376.6993325,5.0,0.0,-70.0
1777891376.7093325,4.0,0.0,-67.0
1777891376.7193325,0.0,2.0,-67.0
1777891376.7293324,-2.0,8.0,-65.0
1777891376.7393324,-4.0,10.0,-73.0
1777891376.7493324,-2.0,12.0,-70.0
1777891376.7593324,0.0,10.0,-68.0
1777891376.7693324,3.0,8.0,-61.0
1777891376.7793324,4.0,4.0,-62.0
1777891376.7893324,2.0,1.0,-69.0
1777891376.7993324,1.0,-4.0,-65.0
1777891376.8093324,1.0,-2.0,-61.0
1777891376.8193324,-4.0,-5.0,-59.0
1777891376.8293324,-5.0,0.0,-62.0
1777891376.8393323,-4.0,-1.0,-66.0
1777891376.8493323,-3.0,-2.0,-70.0
1777891376.8593323,-4.0,-1.0,-78.0
1777891376.8693323,-3.0,0.0,-80.0
1777891376.8793323,1.0,-1.0,-77.0
1777891376.8893323,2.0,-2.0,-69.0
1777891376.8993323,1.0,1.0,-67.0
1777891376.9093325,3.0,0.0,-73.0
1777891376.9193325,2.0,-2.0,-70.0
1777891376.9293325,1.0,-4.0,-69.0
1777891376.9393325,2.0,-5.0,-72.0
1777891376.9493325,-1.0,0.0,-81.0
1777891376.9593325,4.0,0.0,-82.0
1777891376.9693325,6.0,1.0,-78.0
1777891376.9793324,12.0,0.0,-75.0
1777891376.9893324,7.0,-4.0,-73.0
1777891376.9993324,3.0,-4.0,-77.0
1777891377.0093324,2.0,-4.0,-76.0
1777891377.0193324,2.0,-5.0,-75.0
1777891377.0293324,3.0,-4.0,-70.0
1777891377.0393324,2.0,-1.0,-69.0
1777891377.0493324,0.0,0.0,-70.0
1777891377.0593324,2.0,0.0,-74.0
1777891377.0693324,6.0,-3.0,-68.0
1777891377.0793324,8.0,-5.0,-69.0
1777891377.0893323,5.0,0.0,-68.0
1777891377.0993323,7.0,0.0,-68.0
1777891377.1093323,6.0,1.0,-71.0
1777891377.1193323,2.0,0.0,-68.0
1777891377.1293323,3.0,-1.0,-63.0
1777891377.1393323,5.0,-2.0,-63.0
1777891377.1493323,11.0,2.0,-62.0
1777891377.1593325,11.0,1.0,-65.0
1777891377.1693325,10.0,0.0,-62.0
1777891377.1793325,11.0,-3.0,-60.0
1777891377.1893325,11.0,0.0,-63.0
1777891377.1993325,8.0,1.0,-63.0
1777891377.2093325,7.0,1.0,-69.0
1777891377.2193325,6.0,3.0,-69.0
1777891377.2293324,5.0,2.0,-72.0
1777891377.2393324,3.0,1.0,-67.0
1777891377.2493324,6.0,3.0,-72.0
1777891377.2593324,0.0,6.0,-71.0
1777891377.2693324,-4.0,5.0,-67.0
1777891377.2793324,-4.0,7.0,-69.0
1777891377.2893324,-3.0,0.0,-69.0
1777891377.2993324,-5.0,-1.0,-74.0
1777891377.3093324,-8.0,-2.0,-76.0
1777891377.3193324,-1.0,-3.0,-75.0
1777891377.3293324,-2.0,-6.0,-79.0
1777891377.3393323,-3.0,-4.0,-80.0
1777891377.3493323,0.0,0.0,-81.0
1777891377.3593323,-1.0,0.0,-77.0
1777891377.3693323,-4.0,0.0,-73.0
1777891377.3793323,-2.0,1.0,-72.0
1777891377.3893323,-2.0,3.0,-68.0
1777891377.3993323,1.0,1.0,-67.0
1777891377.4093325,1.0,7.0,-64.0
1777891377.4193325,0.0,5.0,-70.0
1777891377.4293325,1.0,3.0,-79.0
1777891377.4393325,-3.0,2.0,-81.0
1777891377.4493325,-1.0,-2.0,-85.0
1777891377.4593325,3.0,0.0,-82.0
1777891377.4693325,0.0,0.0,-83.0
1777891377.4793324,-1.0,2.0,-83.0
1777891377.4893324,-3.0,0.0,-77.0
1777891377.4993324,-3.0,2.0,-80.0
1777891377.5093324,-4.0,5.0,-81.0
1777891377.5193324,-5.0,2.0,-80.0
1777891377.5293324,-3.0,3.0,-80.0
1777891377.5393324,-5.0,1.0,-76.0
1777891377.5493324,0.0,1.0,-73.0
1777891377.5593324,4.0,-3.0,-67.0
1777891377.5693324,5.0,-1.0,-75.0
1777891377.5793324,4.0,3.0,-71.0
1777891377.5893323,0.0,6.0,-73.0
1777891377.5993323,0.0,3.0,-78.0
1777891377.6093323,0.0,0.0,-75.0
1777891377.6193323,-1.0,5.0,-78.0
1777891377.6293323,-2.0,1.0,-80.0
1777891377.6393323,-5.0,1.0,-80.0
1777891377.6493323,-3.0,2.0,-75.0
1777891377.6593325,0.0,-1.0,-74.0
1777891377.6693325,2.0,-5.0,-68.0
1777891377.6793325,1.0,-2.0,-71.0
1777891377.6893325,-2.0,-7.0,-78.0
1777891377.6993325,0.0,-3.0,-81.0
1777891377.7093325,1.0,0.0,-81.0
1777891377.7193325,0.0,-3.0,-76.0
1777891377.7293324,-1.0,-3.0,-71.0
1777891377.7393324,-1.0,0.0,-71.0
1777891377.7493324,0.0,3.0,-68.0
1777891377.7593324,2.0,3.0,-77.0
1777891377.7693324,0.0,-2.0,-66.0
1777891377.7793324,-1.0,-4.0,-68.0
1777891377.7893324,-9.0,-4.0,-70.0
1777891377.7993324,-5.0,-2.0,-76.0
1777891377.8093324,-6.0,-4.0,-78.0
1777891377.8193324,-7.0,-8.0,-73.0
1777891377.8293324,-4.0,-13.0,-72.0
1777891377.8393323,1.0,-8.0,-79.0
1777891377.8493323,4.0,-8.0,-82.0
1777891377.8593323,4.0,-5.0,-74.0
1777891377.8693323,0.0,-9.0,-73.0
1777891377.8793323,-1.0,-7.0,-75.0
1777891377.8893323,-3.0,-4.0,-74.0
1777891377.8993323,0.0,-3.0,-76.0
1777891377.9093325,-2.0,1.0,-73.0
1777891377.9193325,0.0,-1.0,-70.0
1777891377.9293325,4.0,-5.0,-67.0
1777891377.9393325,2.0,-5.0,-72.0
1777891377.9493325,1.0,-1.0,-70.0
1777891377.9593325,-1.0,1.0,-66.0
1777891377.9693325,3.0,0.0,-65.0
1777891377.9793324,3.0,0.0,-61.0
1777891377.9893324,3.0,3.0,-66.0
1777891377.9993324,0.0,2.0,-69.0
1777891378.0093324,2.0,3.0,-72.0
1777891378.0193324,3.0,3.0,-72.0
1777891378.0293324,2.0,4.0,-72.0
1777891378.0393324,5.0,7.0,-72.0
1777891378.0493324,1.0,9.0,-72.0
1777891378.0593324,-1.0,2.0,-76.0
1777891378.0693324,0.0,0.0,-74.0
1777891378.0793324,4.0,0.0,-77.0
1777891378.0893323,1.0,0.0,-78.0
1777891378.0993323,2.0,2.0,-79.0
1777891378.1093323,4.0,3.0,-79.0
1777891378.1193323,4.0,4.0,-78.0
1777891378.1293323,2.0,2.0,-71.0
1777891378.1393323,0.0,1.0,-74.0
1777891378.1493323,0.0,2.0,-78.0
1777891378.1593325,0.0,0.0,-75.0
1777891378.1693325,-3.0,-1.0,-72.0
1777891378.1793325,2.0,0.0,-74.0
1777891378.1893325,3.0,-2.0,-71.0
1777891378.1993325,0.0,-1.0,-71.0
1777891378.2093325,-2.0,-2.0,-77.0
1777891378.2193325,2.0,-4.0,-78.0
1777891378.2293324,3.0,-3.0,-77.0
1777891378.2393324,6.0,-4.0,-72.0
1777891378.2503324,3.0,0.0,-78.0
1777891378.2603323,2.0,1.0,-79.0
1777891378.2703323,0.0,3.0,-71.0
1777891378.2803323,2.0,0.0,-68.0
1777891378.2903323,7.0,2.0,-69.0
1777891378.3003323,4.0,1.0,-69.0
1777891378.3093324,6.0,4.0,-65.0
1777891378.3203323,3.0,5.0,-66.0
1777891378.3303325,2.0,2.0,-68.0
1777891378.3403325,0.0,-3.0,-70.0
1777891378.3503325,0.0,0.0,-74.0
1777891378.3603325,3.0,-2.0,-77.0
1777891378.3703325,3.0,4.0,-71.0
1777891378.3803325,5.0,2.0,-68.0
1777891378.3903325,8.0,0.0,-64.0
1777891378.4003325,1.0,3.0,-60.0
1777891378.4103324,-1.0,-2.0,-62.0
1777891378.4203324,0.0,-1.0,-62.0
1777891378.4303324,1.0,-1.0,-67.0
1777891378.4403324,2.0,1.0,-70.0
1777891378.4503324,2.0,0.0,-69.0
1777891378.4603324,5.0,-1.0,-74.0
1777891378.4703324,2.0,0.0,-78.0
1777891378.4803324,5.0,5.0,-72.0
1777891378.4903324,7.0,2.0,-71.0
1777891378.5003324,5.0,2.0,-70.0
1777891378.5103323,3.0,0.0,-74.0
1777891378.5203323,0.0,0.0,-73.0
1777891378.5303323,0.0,0.0,-64.0
1777891378.5403323,-1.0,2.0,-63.0
1777891378.5503323,0.0,-2.0,-64.0
1777891378.5603323,-1.0,-1.0,-70.0
1777891378.5703323,-5.0,-2.0,-71.0
1777891378.5803325,-3.0,-2.0,-71.0
1777891378.5903325,-3.0,-3.0,-74.0
1777891378.6003325,-11.0,-4.0,-78.0
1777891378.6103325,-9.0,-4.0,-78.0
1777891378.6203325,-7.0,-3.0,-71.0
1777891378.6303325,-7.0,-6.0,-73.0
1777891378.6403325,-7.0,-6.0,-69.0
1777891378.6503325,-5.0,-7.0,-67.0
1777891378.6603324,-8.0,-4.0,-69.0
1777891378.6703324,-4.0,-3.0,-71.0
1777891378.6803324,0.0,-5.0,-73.0
1777891378.6903324,-5.0,-2.0,-71.0
1777891378.7003324,-6.0,-7.0,-68.0
1777891378.7103324,-2.0,-10.0,-69.0
1777891378.7203324,0.0,-10.0,-64.0
1777891378.7303324,-3.0,-7.0,-62.0
1777891378.7403324,0.0,-4.0,-65.0
1777891378.7503324,-1.0,-1.0,-72.0
1777891378.7603323,-2.0,-5.0,-73.0
1777891378.7703323,-5.0,-5.0,-68.0
1777891378.7803323,-5.0,-3.0,-67.0
1777891378.7903323,1.0,-1.0,-66.0
1777891378.8003323,0.0,-2.0,-65.0
1777891378.8103323,3.0,4.0,-69.0
1777891378.8203323,4.0,1.0,-66.0
1777891378.8303325,0.0,-1.0,-74.0
1777891378.8403325,0.0,-2.0,-81.0
1777891378.8503325,1.0,-6.0,-76.0
1777891378.8603325,6.0,-6.0,-72.0
1777891378.8703325,5.0,-4.0,-75.0
1777891378.8803325,10.0,-5.0,-74.0
1777891378.8903325,7.0,-4.0,-76.0
1777891378.9003325,5.0,2.0,-72.0
1777891378.9103324,2.0,3.0,-64.0
1777891378.9203324,1.0,2.0,-65.0
1777891378.9303324,1.0,3.0,-62.0
1777891378.9403324,-3.0,1.0,-60.0
1777891378.9503324,0.0,4.0,-63.0
1777891378.9603324,0.0,2.0,-66.0
1777891378.9703324,0.0,5.0,-69.0
1777891378.9803324,0.0,3.0,-76.0
1777891378.9903324,1.0,3.0,-72.0
1777891379.0003324,0.0,5.0,-75.0
1777891379.0103323,3.0,4.0,-77.0
1777891379.0203323,6.0,4.0,-78.0
1777891379.0303323,3.0,7.0,-73.0
1777891379.0403323,7.0,4.0,-66.0
1777891379.0503323,9.0,4.0,-71.0
1777891379.0603323,8.0,6.0,-74.0
1777891379.0703323,5.0,0.0,-82.0
1777891379.0803325,4.0,0.0,-85.0
1777891379.0903325,1.0,2.0,-78.0
1777891379.1003325,3.0,3.0,-72.0
1777891379.1103325,3.0,3.0,-69.0
1777891379.1203325,4.0,0.0,-68.0
1777891379.1303325,2.0,0.0,-73.0
1777891379.1403325,1.0,0.0,-73.0
1777891379.1503325,0.0,-2.0,-72.0
1777891379.1603324,-2.0,-1.0,-67.0
1777891379.1703324,-8.0,-1.0,-69.0
1777891379.1803324,-9.0,1.0,-71.0
1777891379.1903324,-4.0,2.0,-70.0
1777891379.2003324,0.0,1.0,-70.0
1777891379.2103324,-5.0,1.0,-72.0
1777891379.2203324,-13.0,5.0,-74.0
1777891379.2303324,-10.0,0.0,-69.0
1777891379.2403324,-10.0,0.0,-68.0
1777891379.2503324,-8.0,-1.0,-68.0
1777891379.2603323,-9.0,-3.0,-71.0
1777891379.2713325,-9.0,0.0,-71.0
1777891379.2803323,-8.0,3.0,-63.0
1777891379.2903323,-7.0,0.0,-62.0
1777891379.3003323,-2.0,0.0,-68.0
1777891379.3103323,3.0,0.0,-69.0
1777891379.3203323,-1.0,-2.0,-72.0
1777891379.3303325,-1.0,0.0,-72.0
1777891379.3403325,0.0,0.0,-72.0
1777891379.3503325,-1.0,2.0,-67.0
1777891379.3603325,2.0,2.0,-68.0
1777891379.3703325,4.0,2.0,-68.0
1777891379.3803325,3.0,1.0,-68.0
1777891379.3903325,1.0,3.0,-67.0
1777891379.4003325,2.0,0.0,-66.0
1777891379.4103324,2.0,-1.0,-67.0
1777891379.4203324,0.0,-4.0,-70.0
1777891379.4303324,-4.0,-4.0,-71.0
1777891379.4403324,0.0,-9.0,-64.0
1777891379.4503324,-2.0,-7.0,-75.0
1777891379.4603324,-7.0,-5.0,-77.0
1777891379.4703324,-3.0,-2.0,-70.0
1777891379.4803324,-2.0,-1.0,-66.0
1777891379.4903324,2.0,0.0,-62.0
1777891379.5003324,2.0,-2.0,-63.0
1777891379.5103323,0.0,-5.0,-70.0
1777891379.5203323,0.0,-3.0,-75.0
1777891379.5303323,2.0,-1.0,-75.0
1777891379.5403323,5.0,3.0,-77.0
1777891379.5503323,4.0,0.0,-76.0
1777891379.5603323,2.0,-3.0,-70.0
1777891379.5703323,0.0,-2.0,-68.0
1777891379.5803325,3.0,-4.0,-73.0
1777891379.5903325,3.0,-4.0,-72.0
1777891379.6003325,8.0,-3.0,-69.0
1777891379.6103325,8.0,-4.0,-65.0
1777891379.6203325,4.0,-5.0,-70.0
1777891379.6303325,4.0,-7.0,-66.0
1777891379.6403325,2.0,-7.0,-66.0
1777891379.6503325,4.0,-1.0,-70.0
1777891379.6603324,4.0,0.0,-73.0
1777891379.6703324,4.0,0.0,-71.0
1777891379.6803324,2.0,3.0,-75.0
1777891379.6903324,4.0,1.0,-70.0
1777891379.7003324,3.0,-1.0,-69.0
1777891379.7103324,0.0,-5.0,-67.0
1777891379.7203324,0.0,-2.0,-65.0
1777891379.7303324,-3.0,-4.0,-68.0
1777891379.7403324,2.0,-1.0,-73.0
1777891379.7503324,6.0,0.0,-80.0
1777891379.7603323,7.0,-1.0,-75.0
1777891379.7703323,5.0,2.0,-75.0
1777891379.7803323,2.0,1.0,-71.0
1777891379.7903323,3.0,0.0,-73.0
1777891379.8003323,6.0,-3.0,-78.0
1777891379.8103323,2.0,0.0,-77.0
1777891379.8203323,0.0,1.0,-80.0
1777891379.8303325,-3.0,2.0,-86.0
1777891379.8403325,-7.0,5.0,-83.0
1777891379.8503325,-3.0,2.0,-81.0
1777891379.8603325,-5.0,0.0,-83.0
1777891379.8703325,-6.0,-1.0,-85.0
1777891379.8803325,-6.0,5.0,-83.0
1777891379.8903325,-3.0,6.0,-76.0
1777891379.9003325,-5.0,6.0,-71.0
1777891379.9103324,-6.0,1.0,-69.0
1777891379.9203324,-2.0,0.0,-74.0
1777891379.9303324,-1.0,-1.0,-76.0
1777891379.9403324,-5.0,-5.0,-75.0
1777891379.9503324,0.0,-5.0,-78.0
1777891379.9603324,2.0,-4.0,-77.0
1777891379.9703324,3.0,-3.0,-75.0
1777891379.9803324,4.0,-5.0,-65.0
1777891379.9903324,5.0,-4.0,-66.0
1777891380.0003324,5.0,-6.0,-65.0
1777891380.0103323,4.0,-9.0,-68.0
1777891380.0203323,2.0,-6.0,-66.0
1777891380.0303323,6.0,-5.0,-73.0
1777891380.0403323,7.0,0.0,-74.0
1777891380.0503323,7.0,1.0,-78.0
1777891380.0603323,2.0,5.0,-76.0
1777891380.0703323,0.0,6.0,-72.0
1777891380.0803325,-3.0,8.0,-77.0
1777891380.0903325,-4.0,6.0,-73.0
1777891380.1003325,-6.0,0.0,-72.0
1777891380.1103325,-1.0,-1.0,-69.0
1777891380.1203325,1.0,-6.0,-64.0
1777891380.1303325,1.0,-6.0,-66.0
1777891380.1403325,0.0,-5.0,-73.0
1777891380.1503325,3.0,-1.0,-72.0
1777891380.1603324,5.0,1.0,-68.0
1777891380.1703324,3.0,0.0,-58.0
1777891380.1803324,6.0,0.0,-63.0
1777891380.1903324,6.0,-1.0,-63.0
1777891380.2003324,5.0,-1.0,-66.0
1777891380.2113323,3.0,-2.0,-70.0
1777891380.2213323,4.0,-3.0,-68.0
1777891380.2303324,2.0,-5.0,-62.0
1777891380.2403324,6.0,-4.0,-60.0
1777891380.2513323,7.0,-3.0,-61.0
1777891380.2613325,4.0,-4.0,-68.0
1777891380.2713325,2.0,-5.0,-66.0
1777891380.2813325,2.0,-2.0,-65.0
1777891380.2913325,0.0,0.0,-70.0
1777891380.3013325,-2.0,1.0,-67.0
1777891380.3113325,3.0,3.0,-72.0
1777891380.3213325,3.0,4.0,-77.0
1777891380.3313324,5.0,3.0,-76.0
1777891380.3413324,4.0,-2.0,-80.0
1777891380.3513324,1.0,-1.0,-78.0
1777891380.3613324,-2.0,-8.0,-77.0
1777891380.3713324,0.0,-10.0,-76.0
1777891380.3813324,-3.0,-8.0,-73.0
1777891380.3913324,-4.0,-4.0,-72.0
1777891380.4013324,-5.0,-5.0,-73.0
1777891380.4113324,-5.0,-5.0,-68.0
1777891380.4213324,-6.0,-3.0,-71.0
1777891380.4313323,-6.0,-1.0,-73.0
1777891380.4413323,-5.0,0.0,-76.0
1777891380.4513323,-6.0,2.0,-83.0
1777891380.4613323,-2.0,2.0,-79.0
1777891380.4713323,5.0,4.0,-76.0
1777891380.4813323,3.0,3.0,-74.0
1777891380.4913323,7.0,0.0,-68.0
1777891380.5013323,2.0,2.0,-66.0
1777891380.5113325,1.0,5.0,-67.0
1777891380.5213325,5.0,3.0,-72.0
1777891380.5313325,2.0,0.0,-75.0
1777891380.5413325,0.0,3.0,-74.0
1777891380.5513325,-3.0,2.0,-70.0
1777891380.5613325,-5.0,2.0,-70.0
1777891380.5713325,-4.0,1.0,-70.0
1777891380.5813324,0.0,4.0,-72.0
1777891380.5913324,0.0,3.0,-72.0
1777891380.6013324,-2.0,0.0,-75.0
1777891380.6113324,0.0,-2.0,-73.0
1777891380.6213324,0.0,-4.0,-68.0
1777891380.6313324,0.0,-5.0,-62.0
1777891380.6413324,-1.0,-2.0,-66.0
1777891380.6513324,0.0,-3.0,-68.0
1777891380.6613324,3.0,-5.0,-71.0
1777891380.6713324,2.0,-6.0,-76.0
1777891380.6813323,4.0,-4.0,-74.0
1777891380.6913323,1.0,-3.0,-68.0
1777891380.7013323,2.0,-4.0,-68.0
1777891380.7113323,0.0,-5.0,-68.0
1777891380.7213323,-1.0,-5.0,-72.0
1777891380.7313323,0.0,-7.0,-81.0
1777891380.7413323,-1.0,-7.0,-81.0
1777891380.7513323,-3.0,-7.0,-79.0
1777891380.7613325,-5.0,-4.0,-75.0
1777891380.7713325,-6.0,0.0,-74.0
1777891380.7813325,-12.0,-3.0,-66.0
1777891380.7913325,-8.0,-2.0,-73.0
1777891380.8013325,-6.0,-3.0,-71.0
1777891380.8113325,-4.0,1.0,-76.0
1777891380.8213325,-1.0,2.0,-66.0
1777891380.8313324,0.0,1.0,-57.0
1777891380.8413324,-2.0,4.0,-59.0
1777891380.8513324,-2.0,3.0,-57.0
1777891380.8613324,-9.0,0.0,-58.0
1777891380.8713324,-7.0,-1.0,-56.0
1777891380.8813324,-8.0,-8.0,-60.0
1777891380.8913324,-7.0,-5.0,-62.0
1777891380.9013324,-5.0,-2.0,-74.0
1777891380.9113324,-7.0,-3.0,-70.0
1777891380.9213324,-6.0,-3.0,-69.0
1777891380.9313323,-2.0,0.0,-65.0
1777891380.9413323,3.0,3.0,-64.0
1777891380.9513323,10.0,0.0,-63.0
1777891380.9613323,10.0,1.0,-67.0
1777891380.9713323,8.0,0.0,-66.0
1777891380.9813323,7.0,-1.0,-61.0
1777891380.9913323,6.0,-4.0,-69.0
1777891381.0013323,2.0,-3.0,-67.0
1777891381.0113325,4.0,-1.0,-63.0
1777891381.0213325,3.0,1.0,-67.0
1777891381.0313325,0.0,2.0,-65.0
1777891381.0413325,2.0,4.0,-70.0
1777891381.0513325,1.0,1.0,-70.0
1777891381.0613325,4.0,0.0,-66.0
1777891381.0713325,0.0,1.0,-64.0
1777891381.0813324,1.0,0.0,-57.0
1777891381.0913324,-1.0,-1.0,-57.0
1777891381.1013324,-2.0,-1.0,-55.0
1777891381.1113324,-3.0,1.0,-64.0
1777891381.1213324,-2.0,1.0,-68.0
1777891381.1313324,0.0,2.0,-69.0
1777891381.1413324,0.0,6.0,-74.0
1777891381.1513324,2.0,4.0,-72.0
1777891381.1613324,1.0,4.0,-70.0
1777891381.1713324,0.0,3.0,-66.0
1777891381.1813323,1.0,3.0,-71.0
1777891381.1913323,0.0,2.0,-69.0
1777891381.2013323,0.0,1.0,-67.0
1777891381.2113323,-3.0,4.0,-69.0
1777891381.2213323,-4.0,4.0,-71.0
1777891381.2313323,0.0,1.0,-77.0
1777891381.2413323,2.0,0.0,-73.0
1777891381.2513323,0.0,0.0,-68.0
1777891381.2613325,0.0,4.0,-64.0
1777891381.2713325,-3.0,3.0,-62.0
1777891381.2813325,-4.0,5.0,-68.0
1777891381.2913325,-3.0,7.0,-66.0
1777891381.3013325,-4.0,3.0,-68.0
1777891381.3113325,-2.0,2.0,-68.0
1777891381.3213325,-2.0,-2.0,-75.0
1777891381.3313324,1.0,0.0,-71.0
1777891381.3413324,0.0,0.0,-68.0
1777891381.3513324,1.0,0.0,-71.0
1777891381.3613324,0.0,3.0,-76.0
1777891381.3713324,0.0,4.0,-71.0
1777891381.3813324,0.0,0.0,-69.0
1777891381.3913324,-2.0,1.0,-71.0
1777891381.4013324,-5.0,2.0,-75.0
1777891381.4113324,-4.0,1.0,-69.0
1777891381.4213324,-5.0,0.0,-70.0
1777891381.4313323,-4.0,-4.0,-72.0
1777891381.4413323,-5.0,-6.0,-76.0
1777891381.4513323,-8.0,-4.0,-74.0
1777891381.4613323,-6.0,-5.0,-76.0
1777891381.4713323,-7.0,-7.0,-68.0
1777891381.4813323,-5.0,-8.0,-67.0
1777891381.4913323,-2.0,-5.0,-66.0
1777891381.5013323,-1.0,-1.0,-66.0
1777891381.5113325,1.0,-2.0,-66.0
1777891381.5213325,1.0,-1.0,-61.0
1777891381.5313325,0.0,1.0,-63.0
1777891381.5413325,-1.0,1.0,-63.0
1777891381.5513325,1.0,3.0,-66.0
1777891381.5613325,-4.0,1.0,-69.0
1777891381.5713325,-4.0,0.0,-75.0
1777891381.5813324,1.0,1.0,-78.0
1777891381.5913324,1.0,1.0,-80.0
1777891381.6013324,3.0,0.0,-79.0
1777891381.6113324,0.0,0.0,-78.0
1777891381.6213324,-1.0,1.0,-77.0
1777891381.6313324,0.0,2.0,-71.0
1777891381.6413324,-1.0,1.0,-65.0
1777891381.6513324,-1.0,3.0,-71.0
1777891381.6613324,4.0,1.0,-71.0
1777891381.6713324,6.0,1.0,-68.0
1777891381.6813323,6.0,3.0,-70.0
1777891381.6913323,9.0,3.0,-63.0
1777891381.7013323,11.0,0.0,-74.0
1777891381.7113323,10.0,0.0,-76.0
1777891381.7213323,9.0,-1.0,-75.0
1777891381.7313323,5.0,-2.0,-70.0
1777891381.7413323,5.0,0.0,-75.0
1777891381.7513323,4.0,1.0,-82.0
1777891381.7613325,2.0,0.0,-78.0
1777891381.7713325,0.0,-2.0,-78.0
1777891381.7813325,0.0,0.0,-75.0
1777891381.7913325,-2.0,-3.0,-68.0
1777891381.8013325,-1.0,-2.0,-66.0
1777891381.8113325,-3.0,-1.0,-62.0
1777891381.8213325,-5.0,0.0,-69.0
1777891381.8313324,-7.0,3.0,-66.0
1777891381.8413324,-8.0,4.0,-68.0
1777891381.8513324,-11.0,-4.0,-64.0
1777891381.8613324,-10.0,-6.0,-58.0
1777891381.8713324,-11.0,-3.0,-59.0
1777891381.8813324,-5.0,-3.0,-69.0
1777891381.8913324,-3.0,2.0,-72.0
1777891381.9013324,-3.0,5.0,-68.0
1777891381.9113324,-1.0,0.0,-66.0
1777891381.9213324,2.0,0.0,-60.0
1777891381.9313323,-1.0,2.0,-64.0
1777891381.9413323,-6.0,2.0,-63.0
1777891381.9513323,-5.0,3.0,-62.0
1777891381.9613323,1.0,-1.0,-68.0
1777891381.9713323,0.0,-1.0,-63.0
1777891381.9813323,0.0,-5.0,-61.0
1777891381.9913323,4.0,-9.0,-64.0
1777891382.0013323,3.0,-10.0,-69.0
1777891382.0113325,-1.0,-9.0,-76.0
1777891382.0213325,1.0,-6.0,-79.0
1777891382.0313325,0.0,-4.0,-71.0
1777891382.0413325,-2.0,0.0,-70.0
1777891382.0513325,-3.0,-2.0,-75.0
1777891382.0613325,-4.0,0.0,-74.0
1777891382.0713325,0.0,2.0,-78.0
1777891382.0813324,5.0,-1.0,-74.0
1777891382.0913324,7.0,-6.0,-75.0
1777891382.1013324,8.0,-5.0,-73.0
1777891382.1113324,11.0,-2.0,-76.0
1777891382.1213324,10.0,2.0,-72.0
1777891382.1313324,8.0,5.0,-74.0
1777891382.1413324,8.0,6.0,-77.0
1777891382.1513324,6.0,7.0,-83.0
1777891382.1613324,7.0,5.0,-79.0
1777891382.1723323,9.0,6.0,-75.0
1777891382.1813323,7.0,6.0,-67.0
1777891382.1913323,1.0,4.0,-67.0
1777891382.2013323,-1.0,0.0,-63.0
1777891382.2113323,-1.0,-2.0,-64.0
1777891382.2213323,2.0,1.0,-62.0
1777891382.2323325,4.0,8.0,-61.0
1777891382.2423325,3.0,3.0,-69.0
1777891382.2523324,4.0,3.0,-73.0
1777891382.2623324,3.0,3.0,-73.0
1777891382.2723324,0.0,4.0,-73.0
1777891382.2823324,-2.0,10.0,-70.0
1777891382.2923324,1.0,7.0,-71.0
1777891382.3023324,0.0,6.0,-79.0
1777891382.3123324,2.0,7.0,-77.0
1777891382.3223324,4.0,4.0,-69.0
1777891382.3323324,7.0,3.0,-67.0
1777891382.3423324,11.0,1.0,-65.0
1777891382.3523324,10.0,0.0,-65.0
1777891382.3623323,5.0,-2.0,-71.0
1777891382.3723323,6.0,0.0,-73.0
1777891382.3823323,7.0,-3.0,-78.0
1777891382.3923323,6.0,0.0,-79.0
1777891382.4023323,5.0,1.0,-78.0
1777891382.4123323,1.0,0.0,-77.0
1777891382.4223323,1.0,2.0,-74.0
1777891382.4323325,-5.0,0.0,-74.0
1777891382.4423325,-2.0,-2.0,-78.0
1777891382.4523325,-1.0,-2.0,-81.0
1777891382.4623325,-3.0,-1.0,-81.0
1777891382.4723325,-3.0,-2.0,-81.0
1777891382.4823325,-1.0,-4.0,-73.0
1777891382.4923325,-1.0,-1.0,-72.0
1777891382.5023324,2.0,0.0,-69.0
1777891382.5123324,-1.0,0.0,-72.0
1777891382.5223324,4.0,4.0,-70.0
1777891382.5323324,10.0,2.0,-74.0
1777891382.5423324,8.0,5.0,-73.0
1777891382.5523324,7.0,3.0,-69.0
1777891382.5623324,5.0,0.0,-66.0
1777891382.5723324,3.0,-3.0,-64.0
1777891382.5823324,5.0,-2.0,-64.0
1777891382.5923324,6.0,-2.0,-61.0
1777891382.6023324,5.0,0.0,-68.0
1777891382.6123323,2.0,0.0,-73.0
1777891382.6223323,4.0,0.0,-75.0
1777891382.6323323,5.0,-2.0,-71.0
1777891382.6423323,3.0,-1.0,-68.0
1777891382.6523323,0.0,0.0,-71.0
1777891382.6623323,0.0,-2.0,-75.0
1777891382.6723323,-3.0,-4.0,-74.0
1777891382.6823325,-1.0,-4.0,-70.0
1777891382.6923325,1.0,-2.0,-67.0
1777891382.7023325,-1.0,0.0,-68.0
1777891382.7123325,0.0,-1.0,-64.0
1777891382.7223325,-3.0,1.0,-71.0
1777891382.7323325,-3.0,2.0,-67.0
1777891382.7423325,-4.0,3.0,-61.0
1777891382.7523324,-7.0,3.0,-64.0
1777891382.7623324,-10.0,5.0,-70.0
1777891382.7723324,-7.0,7.0,-65.0
1777891382.7823324,-5.0,8.0,-63.0
1777891382.7923324,-2.0,9.0,-69.0
1777891382.8023324,1.0,6.0,-70.0
1777891382.8123324,0.0,6.0,-68.0
1777891382.8223324,7.0,5.0,-66.0
1777891382.8323324,7.0,7.0,-64.0
1777891382.8423324,10.0,3.0,-61.0
1777891382.8523324,9.0,0.0,-68.0
1777891382.8623323,5.0,0.0,-69.0
1777891382.8723323,6.0,0.0,-68.0
1777891382.8823323,7.0,4.0,-68.0
1777891382.8923323,1.0,4.0,-69.0
1777891382.9023323,-5.0,2.0,-68.0
1777891382.9123323,-4.0,2.0,-68.0
1777891382.9223323,-1.0,0.0,-72.0
1777891382.9323325,2.0,0.0,-75.0
1777891382.9423325,4.0,0.0,-80.0
1777891382.9523325,6.0,-1.0,-80.0
1777891382.9623325,5.0,-1.0,-74.0
1777891382.9723325,6.0,0.0,-73.0
1777891382.9823325,6.0,4.0,-70.0
1777891382.9923325,9.0,0.0,-76.0
1777891383.0023324,5.0,0.0,-78.0
1777891383.0123324,3.0,-2.0,-72.0
1777891383.0223324,6.0,-2.0,-68.0
1777891383.0323324,6.0,-6.0,-72.0
1777891383.0423324,13.0,-4.0,-72.0
1777891383.0523324,8.0,-4.0,-73.0
1777891383.0623324,5.0,-4.0,-73.0
1777891383.0723324,8.0,-3.0,-76.0
1777891383.0823324,10.0,-2.0,-77.0
1777891383.0923324,7.0,-2.0,-75.0
1777891383.1023324,3.0,-2.0,-77.0
1777891383.1123323,2.0,0.0,-79.0
1777891383.1223323,0.0,-5.0,-81.0
1777891383.1323323,-7.0,-3.0,-89.0
1777891383.1423323,-9.0,0.0,-87.0
1777891383.1523323,-6.0,0.0,-86.0
1777891383.1623323,-4.0,0.0,-81.0
1777891383.1723323,-1.0,3.0,-77.0
1777891383.1823325,-4.0,0.0,-71.0
1777891383.1923325,-2.0,-5.0,-65.0
1777891383.2023325,0.0,-3.0,-70.0
1777891383.2123325,1.0,1.0,-79.0
1777891383.2223325,4.0,3.0,-86.0
1777891383.2323325,2.0,4.0,-80.0
1777891383.2423325,1.0,0.0,-73.0
1777891383.2523324,-1.0,-3.0,-71.0
1777891383.2623324,-5.0,-3.0,-69.0
1777891383.2723324,-5.0,-1.0,-67.0
1777891383.2823324,-3.0,2.0,-66.0
1777891383.2923324,-4.0,2.0,-66.0
1777891383.3023324,-4.0,4.0,-67.0
1777891383.3123324,-5.0,5.0,-72.0
1777891383.3223324,-1.0,1.0,-78.0
1777891383.3323324,0.0,-1.0,-68.0
1777891383.3423324,1.0,0.0,-67.0
1777891383.3523324,4.0,1.0,-66.0
1777891383.3623323,3.0,3.0,-69.0
1777891383.3723323,5.0,3.0,-64.0
1777891383.3823323,8.0,0.0,-63.0
1777891383.3923323,9.0,-1.0,-60.0
1777891383.4023323,1.0,-3.0,-61.0
1777891383.4123323,2.0,-3.0,-68.0
1777891383.4223323,5.0,-2.0,-70.0
1777891383.4323325,4.0,0.0,-67.0
1777891383.4423325,0.0,-4.0,-66.0
1777891383.4523325,2.0,-1.0,-64.0
1777891383.4623325,4.0,-3.0,-67.0
1777891383.4723325,2.0,1.0,-66.0
1777891383.4823325,-1.0,5.0,-67.0
1777891383.4923325,2.0,2.0,-68.0
1777891383.5023324,-3.0,0.0,-69.0
1777891383.5123324,2.0,-2.0,-61.0
1777891383.5223324,3.0,-5.0,-62.0
1777891383.5323324,2.0,-4.0,-62.0
1777891383.5423324,4.0,-2.0,-66.0
1777891383.5523324,2.0,-1.0,-64.0
1777891383.5623324,2.0,-3.0,-61.0
1777891383.5723324,-1.0,0.0,-68.0
1777891383.5823324,-2.0,0.0,-72.0
1777891383.5923324,-7.0,0.0,-75.0
1777891383.6023324,-6.0,0.0,-71.0
1777891383.6123323,-7.0,0.0,-74.0
1777891383.6223323,-7.0,0.0,-69.0
1777891383.6323323,-6.0,3.0,-65.0
1777891383.6423323,-8.0,2.0,-67.0
1777891383.6523323,-7.0,-4.0,-69.0
1777891383.6623323,-1.0,-2.0,-69.0
1777891383.6723323,3.0,0.0,-70.0
1777891383.6823325,1.0,3.0,-75.0
1777891383.6923325,2.0,0.0,-74.0
1777891383.7023325,0.0,-2.0,-68.0
1777891383.7123325,0.0,0.0,-67.0
1777891383.7223325,-1.0,-3.0,-68.0
1777891383.7323325,0.0,-2.0,-70.0
1777891383.7423325,2.0,-5.0,-74.0
1777891383.7523324,1.0,0.0,-75.0
1777891383.7623324,1.0,3.0,-80.0
1777891383.7723324,7.0,4.0,-79.0
1777891383.7823324,6.0,2.0,-74.0
1777891383.7923324,4.0,4.0,-71.0
1777891383.8023324,5.0,0.0,-69.0
1777891383.8123324,8.0,0.0,-69.0
1777891383.8223324,7.0,1.0,-65.0
1777891383.8323324,6.0,1.0,-71.0
1777891383.8423324,5.0,3.0,-75.0
1777891383.8523324,1.0,2.0,-77.0
1777891383.8623323,0.0,2.0,-78.0
1777891383.8723323,-1.0,3.0,-86.0
1777891383.8823323,-5.0,3.0,-90.0
1777891383.8923323,-9.0,0.0,-83.0
1777891383.9023323,-5.0,-4.0,-80.0
1777891383.9123323,-3.0,-8.0,-76.0
1777891383.9223323,-2.0,-4.0,-85.0
1777891383.9323325,-4.0,-4.0,-86.0
1777891383.9423325,-6.0,-4.0,-77.0
1777891383.9523325,-7.0,-4.0,-79.0
1777891383.9623325,-2.0,-2.0,-78.0
1777891383.9723325,2.0,2.0,-79.0
1777891383.9823325,3.0,-1.0,-80.0
1777891383.9923325,1.0,-4.0,-78.0
1777891384.0023324,-2.0,-3.0,-81.0
1777891384.0123324,-1.0,-4.0,-82.0
1777891384.0223324,-2.0,-7.0,-81.0
1777891384.0323324,0.0,-8.0,-86.0
1777891384.0423324,1.0,-6.0,-87.0
1777891384.0523324,4.0,-1.0,-89.0
1777891384.0623324,3.0,-5.0,-77.0
1777891384.0723324,10.0,-2.0,-79.0
1777891384.0823324,11.0,-1.0,-77.0
1777891384.0923324,10.0,0.0,-80.0
1777891384.1023324,10.0,2.0,-84.0
1777891384.1123323,5.0,3.0,-79.0
1777891384.1223323,2.0,-1.0,-77.0
1777891384.1323323,4.0,0.0,-73.0
1777891384.1423323,0.0,0.0,-82.0
1777891384.1523323,1.0,-5.0,-77.0
1777891384.1623323,-2.0,-4.0,-85.0
1777891384.1723323,-4.0,-1.0,-81.0
1777891384.1823325,0.0,-2.0,-75.0
1777891384.1923325,4.0,-1.0,-70.0
1777891384.2023325,1.0,1.0,-73.0
1777891384.2123325,3.0,-2.0,-76.0
1777891384.2233324,2.0,-6.0,-78.0
1777891384.2333324,2.0,-6.0,-77.0
1777891384.2433324,2.0,-4.0,-77.0
1777891384.2533324,4.0,-2.0,-78.0
1777891384.2633324,6.0,-3.0,-82.0
1777891384.2733324,7.0,-4.0,-82.0
1777891384.2833323,10.0,-3.0,-78.0
1777891384.2933323,5.0,-6.0,-82.0
1777891384.3033323,3.0,-7.0,-74.0
1777891384.3133323,1.0,-6.0,-69.0
1777891384.3233323,5.0,-8.0,-61.0
1777891384.3333323,8.0,-9.0,-72.0
1777891384.3433323,8.0,-4.0,-73.0
1777891384.3533323,8.0,-2.0,-69.0
1777891384.3633325,8.0,4.0,-67.0
1777891384.3733325,5.0,7.0,-70.0
1777891384.3833325,-2.0,3.0,-75.0
1777891384.3933325,-2.0,5.0,-79.0
1777891384.4033325,0.0,5.0,-82.0
1777891384.4133325,-4.0,0.0,-81.0
1777891384.4233325,-1.0,0.0,-78.0
1777891384.4333324,-1.0,3.0,-76.0
1777891384.4433324,-6.0,4.0,-69.0
1777891384.4533324,-4.0,3.0,-71.0
1777891384.4633324,-4.0,2.0,-76.0
1777891384.4733324,0.0,0.0,-75.0
1777891384.4833324,0.0,2.0,-77.0
1777891384.4933324,1.0,1.0,-78.0
1777891384.5033324,4.0,1.0,-78.0
1777891384.5133324,2.0,0.0,-73.0
1777891384.5233324,1.0,-1.0,-73.0
1777891384.5333323,0.0,-3.0,-73.0
1777891384.5433323,2.0,-2.0,-69.0
1777891384.5533323,1.0,-4.0,-69.0
1777891384.5633323,1.0,-1.0,-67.0
1777891384.5733323,3.0,-8.0,-72.0
1777891384.5833323,3.0,-7.0,-72.0
1777891384.5933323,0.0,-1.0,-77.0
1777891384.6033323,3.0,0.0,-81.0
1777891384.6133325,3.0,3.0,-82.0
1777891384.6233325,5.0,4.0,-80.0
1777891384.6333325,-1.0,3.0,-75.0
1777891384.6433325,-5.0,2.0,-72.0
1777891384.6533325,0.0,4.0,-72.0
1777891384.6633325,0.0,3.0,-75.0
1777891384.6733325,0.0,-1.0,-77.0
1777891384.6833324,2.0,1.0,-73.0
1777891384.6933324,0.0,0.0,-62.0
1777891384.7033324,-2.0,-2.0,-63.0
1777891384.7133324,-2.0,-3.0,-63.0
1777891384.7233324,1.0,-3.0,-61.0
1777891384.7333324,3.0,-7.0,-70.0
1777891384.7433324,3.0,-7.0,-70.0
1777891384.7533324,3.0,-8.0,-72.0
1777891384.7633324,0.0,-10.0,-72.0
1777891384.7733324,2.0,-12.0,-71.0
1777891384.7833323,8.0,-7.0,-76.0
1777891384.7933323,10.0,-6.0,-73.0
1777891384.8033323,10.0,-5.0,-77.0
1777891384.8133323,7.0,-1.0,-76.0
1777891384.8233323,3.0,-2.0,-77.0
1777891384.8333323,4.0,-3.0,-77.0
1777891384.8433323,1.0,0.0,-75.0
1777891384.8533323,0.0,2.0,-81.0
1777891384.8633325,0.0,5.0,-82.0
1777891384.8733325,-1.0,0.0,-77.0
1777891384.8833325,-2.0,0.0,-79.0
1777891384.8933325,1.0,-2.0,-75.0
1777891384.9033325,0.0,-3.0,-76.0
1777891384.9133325,0.0,-3.0,-78.0
1777891384.9233325,-1.0,2.0,-78.0
1777891384.9333324,-2.0,1.0,-75.0
1777891384.9433324,-7.0,-1.0,-71.0
1777891384.9533324,0.0,-2.0,-76.0
1777891384.9633324,0.0,-1.0,-81.0
1777891384.9733324,0.0,-2.0,-76.0
1777891384.9833324,1.0,0.0,-77.0
1777891384.9933324,1.0,-4.0,-72.0
1777891385.0033324,3.0,-2.0,-78.0
1777891385.0133324,6.0,-2.0,-83.0
1777891385.0233324,5.0,-1.0,-74.0
1777891385.0333323,3.0,-1.0,-68.0
1777891385.0433323,3.0,-4.0,-62.0
1777891385.0533323,0.0,-2.0,-55.0
1777891385.0633323,-1.0,0.0,-56.0
1777891385.0733323,-3.0,-1.0,-63.0
1777891385.0833323,-6.0,-3.0,-61.0
1777891385.0933323,-8.0,-8.0,-62.0
1777891385.1033323,-4.0,-7.0,-65.0
1777891385.1133325,-2.0,-5.0,-61.0
1777891385.1233325,-2.0,-8.0,-64.0
1777891385.1333325,-1.0,-5.0,-72.0
1777891385.1433325,0.0,-7.0,-73.0
1777891385.1533325,0.0,-8.0,-71.0
1777891385.1633325,0.0,-8.0,-76.0
1777891385.1733325,-1.0,-8.0,-81.0
1777891385.1833324,-5.0,-5.0,-87.0
1777891385.1933324,-4.0,-5.0,-87.0
1777891385.2033324,-3.0,-4.0,-86.0
1777891385.2133324,-4.0,-2.0,-85.0
1777891385.2233324,-3.0,-2.0,-77.0
1777891385.2333324,1.0,-2.0,-69.0
1777891385.2433324,-1.0,-1.0,-69.0
1777891385.2533324,-4.0,-2.0,-71.0
1777891385.2633324,-5.0,0.0,-65.0
1777891385.2733324,0.0,1.0,-62.0
1777891385.2833323,-2.0,-3.0,-69.0
1777891385.2933323,-1.0,-3.0,-71.0
1777891385.3033323,-3.0,0.0,-73.0
1777891385.3133323,-3.0,3.0,-73.0
1777891385.3233323,2.0,6.0,-68.0
1777891385.3333323,0.0,6.0,-70.0
1777891385.3433323,-3.0,8.0,-71.0
1777891385.3533323,-4.0,6.0,-76.0
1777891385.3633325,-2.0,4.0,-79.0
1777891385.3733325,2.0,3.0,-80.0
1777891385.3833325,3.0,0.0,-81.0
1777891385.3933325,4.0,-2.0,-83.0
1777891385.4033325,2.0,-1.0,-79.0
1777891385.4133325,2.0,0.0,-85.0
1777891385.4233325,4.0,-1.0,-81.0
1777891385.4333324,5.0,-3.0,-81.0
1777891385.4433324,4.0,-5.0,-74.0
1777891385.4533324,7.0,-3.0,-71.0
1777891385.4633324,7.0,0.0,-65.0
1777891385.4733324,6.0,-2.0,-63.0
1777891385.4833324,0.0,-1.0,-68.0
1777891385.4933324,5.0,-2.0,-78.0
1777891385.5033324,5.0,-4.0,-76.0
1777891385.5133324,1.0,-2.0,-75.0
1777891385.5233324,0.0,-5.0,-77.0
1777891385.5333323,0.0,-3.0,-78.0
1777891385.5433323,-1.0,-1.0,-76.0
1777891385.5533323,-1.0,-1.0,-77.0
1777891385.5633323,0.0,-1.0,-74.0
1777891385.5733323,-2.0,-3.0,-76.0
1777891385.5833323,-2.0,0.0,-72.0
1777891385.5933323,0.0,3.0,-75.0
1777891385.6033323,-1.0,2.0,-80.0
1777891385.6133325,0.0,2.0,-81.0
1777891385.6233325,1.0,1.0,-85.0
1777891385.6333325,1.0,1.0,-87.0
1777891385.6433325,2.0,0.0,-81.0
1777891385.6533325,-3.0,-2.0,-79.0
1777891385.6633325,3.0,0.0,-77.0
1777891385.6733325,6.0,0.0,-77.0
1777891385.6833324,5.0,0.0,-76.0
1777891385.6933324,5.0,1.0,-69.0
1777891385.7033324,6.0,3.0,-75.0
1777891385.7133324,5.0,4.0,-74.0
1777891385.7233324,3.0,6.0,-74.0
1777891385.7333324,3.0,11.0,-77.0
1777891385.7433324,6.0,11.0,-82.0
1777891385.7533324,4.0,8.0,-86.0
1777891385.7633324,1.0,5.0,-85.0
1777891385.7733324,1.0,-2.0,-84.0
1777891385.7833323,-2.0,-4.0,-78.0
1777891385.7933323,-2.0,-1.0,-80.0
1777891385.8033323,0.0,-4.0,-76.0
1777891385.8133323,2.0,-7.0,-70.0
1777891385.8233323,2.0,-4.0,-69.0
1777891385.8333323,3.0,-7.0,-73.0
1777891385.8433323,-1.0,-6.0,-75.0
1777891385.8533323,0.0,-6.0,-80.0
1777891385.8633325,1.0,-3.0,-80.0
1777891385.8733325,3.0,-4.0,-73.0
1777891385.8833325,5.0,0.0,-73.0
1777891385.8933325,6.0,-1.0,-71.0
1777891385.9033325,5.0,2.0,-78.0
1777891385.9133325,0.0,0.0,-81.0
1777891385.9233325,1.0,2.0,-83.0
1777891385.9333324,2.0,2.0,-84.0
1777891385.9433324,5.0,2.0,-82.0
1777891385.9533324,7.0,5.0,-77.0
1777891385.9633324,8.0,1.0,-79.0
1777891385.9733324,5.0,-1.0,-87.0
1777891385.9833324,3.0,-1.0,-85.0
1777891385.9933324,0.0,-4.0,-77.0
1777891386.0033324,-1.0,-7.0,-70.0
1777891386.0133324,-2.0,-9.0,-66.0
1777891386.0233324,-3.0,-14.0,-68.0
1777891386.0333323,-2.0,-14.0,-70.0
1777891386.0433323,0.0,-8.0,-74.0
1777891386.0533323,-1.0,-2.0,-75.0
1777891386.0633323,-4.0,-2.0,-68.0
1777891386.0733323,-6.0,-4.0,-70.0
1777891386.0833323,-4.0,-2.0,-74.0
1777891386.0933323,-3.0,-2.0,-70.0
1777891386.1033323,-6.0,-2.0,-73.0
1777891386.1133325,-6.0,-6.0,-68.0
1777891386.1233325,-6.0,-8.0,-65.0
1777891386.1333325,-4.0,-9.0,-74.0
1777891386.1433325,-2.0,-7.0,-79.0
1777891386.1533325,-2.0,-5.0,-87.0
1777891386.1643324,-2.0,-4.0,-83.0
1777891386.1733325,-2.0,-10.0,-82.0
1777891386.1843324,-6.0,-10.0,-83.0
1777891386.1943324,-5.0,-8.0,-74.0
1777891386.2043324,0.0,-9.0,-74.0
1777891386.2143323,-2.0,-12.0,-74.0
1777891386.2243323,-8.0,-8.0,-71.0
1777891386.2343323,-9.0,-12.0,-65.0
1777891386.2443323,-5.0,-9.0,-61.0
1777891386.2543323,-3.0,-9.0,-60.0
1777891386.2643323,-7.0,-10.0,-58.0
1777891386.2743323,-6.0,-10.0,-58.0
1777891386.2843325,-1.0,-8.0,-60.0
1777891386.2943325,0.0,-6.0,-57.0
1777891386.3043325,0.0,-1.0,-61.0
1777891386.3143325,0.0,1.0,-54.0
1777891386.3243325,0.0,1.0,-57.0
1777891386.3343325,0.0,1.0,-56.0
1777891386.3443325,-1.0,3.0,-60.0
1777891386.3543324,-1.0,2.0,-63.0
1777891386.3643324,0.0,3.0,-63.0
1777891386.3743324,-2.0,3.0,-66.0
1777891386.3843324,-6.0,2.0,-71.0
1777891386.3943324,-7.0,1.0,-67.0
1777891386.4043324,-8.0,5.0,-62.0
1777891386.4143324,-3.0,5.0,-68.0
1777891386.4243324,2.0,0.0,-69.0
1777891386.4343324,1.0,0.0,-69.0
1777891386.4443324,4.0,1.0,-76.0
1777891386.4543324,12.0,1.0,-72.0
1777891386.4643323,9.0,0.0,-66.0
1777891386.4743323,9.0,-4.0,-69.0
1777891386.4843323,6.0,0.0,-72.0
1777891386.4943323,8.0,-1.0,-71.0
1777891386.5043323,9.0,1.0,-71.0
1777891386.5143323,11.0,2.0,-68.0
1777891386.5243323,10.0,3.0,-69.0
1777891386.5343325,8.0,4.0,-70.0
1777891386.5443325,6.0,1.0,-79.0
1777891386.5543325,6.0,0.0,-79.0
1777891386.5643325,9.0,0.0,-71.0
1777891386.5743325,8.0,-2.0,-70.0
1777891386.5843325,8.0,0.0,-63.0
1777891386.5943325,3.0,0.0,-57.0
1777891386.6043324,1.0,0.0,-61.0
1777891386.6143324,-3.0,-2.0,-67.0
1777891386.6243324,-4.0,-3.0,-73.0
1777891386.6343324,-6.0,-4.0,-76.0
1777891386.6443324,-8.0,-2.0,-75.0
1777891386.6543324,-6.0,-4.0,-75.0
1777891386.6643324,-6.0,-3.0,-74.0
1777891386.6743324,-2.0,-1.0,-66.0
1777891386.6843324,-3.0,1.0,-67.0
1777891386.6943324,-1.0,0.0,-65.0
1777891386.7043324,1.0,-2.0,-60.0
1777891386.7143323,4.0,0.0,-58.0
1777891386.7243323,7.0,-3.0,-57.0
1777891386.7343323,6.0,-6.0,-60.0
1777891386.7443323,0.0,-7.0,-66.0
1777891386.7543323,1.0,-8.0,-71.0
1777891386.7643323,-2.0,-8.0,-75.0
1777891386.7743323,-3.0,-10.0,-71.0
1777891386.7843325,-3.0,-10.0,-75.0
1777891386.7943325,0.0,-10.0,-74.0
1777891386.8043325,-1.0,-7.0,-78.0
1777891386.8143325,2.0,-3.0,-75.0
1777891386.8243325,1.0,-2.0,-70.0
1777891386.8343325,0.0,-2.0,-70.0
1777891386.8443325,-2.0,-1.0,-75.0
1777891386.8543324,-4.0,0.0,-71.0
1777891386.8643324,-6.0,-2.0,-74.0
1777891386.8743324,-4.0,0.0,-77.0
1777891386.8843324,-4.0,0.0,-78.0
1777891386.8943324,-4.0,-2.0,-78.0
1777891386.9043324,-3.0,1.0,-81.0
1777891386.9143324,-2.0,0.0,-75.0
1777891386.9243324,-1.0,0.0,-69.0
1777891386.9343324,0.0,-1.0,-72.0
1777891386.9443324,0.0,0.0,-69.0
1777891386.9543324,0.0,1.0,-73.0
1777891386.9643323,-1.0,2.0,-75.0
1777891386.9743323,-2.0,2.0,-73.0
1777891386.9843323,-3.0,3.0,-71.0
1777891386.9943323,-1.0,4.0,-68.0
1777891387.0043323,0.0,3.0,-60.0
1777891387.0143323,1.0,0.0,-63.0
1777891387.0243323,0.0,-3.0,-65.0
1777891387.0343325,0.0,-2.0,-64.0
1777891387.0443325,1.0,-1.0,-72.0
1777891387.0543325,0.0,0.0,-81.0
1777891387.0643325,3.0,-1.0,-81.0
1777891387.0743325,0.0,0.0,-80.0
1777891387.0843325,0.0,0.0,-74.0
1777891387.0943325,6.0,0.0,-74.0
1777891387.1043324,7.0,0.0,-77.0
1777891387.1143324,3.0,2.0,-69.0
1777891387.1243324,1.0,0.0,-63.0
1777891387.1343324,7.0,-2.0,-60.0
1777891387.1443324,3.0,-5.0,-65.0
1777891387.1543324,0.0,-4.0,-69.0
1777891387.1643324,-2.0,-5.0,-68.0
1777891387.1743324,0.0,-4.0,-68.0
1777891387.1843324,0.0,-5.0,-65.0
1777891387.1943324,0.0,-2.0,-63.0
1777891387.2043324,6.0,-1.0,-68.0
1777891387.2143323,6.0,-3.0,-74.0
1777891387.2243323,3.0,-1.0,-72.0
1777891387.2343323,0.0,-2.0,-74.0
1777891387.2443323,0.0,-2.0,-74.0
1777891387.2543323,0.0,-4.0,-75.0
1777891387.2643323,1.0,-5.0,-73.0
1777891387.2743323,1.0,-8.0,-69.0
1777891387.2843325,3.0,-6.0,-68.0
1777891387.2943325,5.0,-4.0,-68.0
1777891387.3043325,2.0,-1.0,-69.0
1777891387.3143325,4.0,-2.0,-72.0
1777891387.3243325,0.0,-4.0,-70.0
1777891387.3343325,0.0,-2.0,-75.0
1777891387.3443325,-6.0,-3.0,-85.0
1777891387.3543324,-8.0,-3.0,-91.0
1777891387.3643324,-4.0,1.0,-90.0
1777891387.3743324,-5.0,0.0,-82.0
1777891387.3843324,-3.0,0.0,-87.0
1777891387.3943324,0.0,-3.0,-83.0
1777891387.4043324,0.0,-4.0,-80.0
1777891387.4143324,-2.0,-5.0,-79.0
1777891387.4243324,-1.0,-7.0,-73.0
1777891387.4343324,0.0,-8.0,-69.0
1777891387.4443324,0.0,-6.0,-70.0
1777891387.4543324,8.0,-6.0,-69.0
1777891387.4643323,7.0,-7.0,-68.0
1777891387.4743323,4.0,-6.0,-64.0
1777891387.4843323,4.0,-4.0,-62.0
1777891387.4943323,2.0,-2.0,-58.0
1777891387.5043323,1.0,-3.0,-59.0
1777891387.5143323,-2.0,-1.0,-66.0
1777891387.5243323,0.0,0.0,-66.0
1777891387.5343325,0.0,0.0,-69.0
1777891387.5443325,0.0,0.0,-71.0
1777891387.5543325,1.0,5.0,-74.0
1777891387.5643325,0.0,3.0,-81.0
1777891387.5743325,-1.0,0.0,-77.0
1777891387.5843325,0.0,1.0,-77.0
1777891387.5943325,1.0,3.0,-87.0
1777891387.6043324,-1.0,3.0,-81.0
1777891387.6143324,0.0,1.0,-81.0
1777891387.6243324,-1.0,-1.0,-85.0
1777891387.6343324,0.0,-3.0,-77.0
1777891387.6443324,0.0,-3.0,-79.0
1777891387.6543324,3.0,-4.0,-83.0
1777891387.6643324,3.0,-3.0,-84.0
1777891387.6743324,1.0,-2.0,-84.0
1777891387.6843324,3.0,2.0,-80.0
1777891387.6943324,4.0,5.0,-82.0
1777891387.7043324,6.0,5.0,-78.0
1777891387.7143323,8.0,3.0,-71.0
1777891387.7243323,8.0,-2.0,-81.0
1777891387.7343323,5.0,2.0,-80.0
1777891387.7443323,5.0,2.0,-79.0
1777891387.7543323,2.0,7.0,-74.0
1777891387.7643323,5.0,6.0,-71.0
1777891387.7743323,0.0,8.0,-75.0
1777891387.7843325,0.0,9.0,-75.0
1777891387.7943325,1.0,3.0,-72.0
1777891387.8043325,1.0,2.0,-75.0
1777891387.8143325,3.0,3.0,-74.0
1777891387.8243325,2.0,2.0,-76.0
1777891387.8343325,2.0,1.0,-78.0
1777891387.8443325,0.0,-1.0,-75.0
1777891387.8543324,2.0,-2.0,-74.0
1777891387.8643324,7.0,-2.0,-69.0
1777891387.8743324,13.0,-4.0,-76.0
1777891387.8843324,11.0,-7.0,-83.0
1777891387.8943324,8.0,-6.0,-80.0
1777891387.9043324,4.0,-6.0,-85.0
1777891387.9143324,1.0,-5.0,-85.0
1777891387.9243324,1.0,-4.0,-85.0
1777891387.9343324,3.0,-8.0,-75.0
1777891387.9443324,3.0,-8.0,-74.0
1777891387.9543324,0.0,-4.0,-79.0
1777891387.9643323,0.0,-1.0,-81.0
1777891387.9743323,-2.0,3.0,-75.0
1777891387.9843323,-3.0,0.0,-74.0
1777891387.9943323,-3.0,0.0,-77.0
1777891388.0043323,1.0,0.0,-77.0
1777891388.0143323,0.0,-3.0,-76.0
1777891388.0243323,0.0,-1.0,-76.0
1777891388.0343325,-2.0,-3.0,-68.0
1777891388.0443325,-3.0,-1.0,-68.0
1777891388.0543325,-1.0,0.0,-70.0
1777891388.0643325,1.0,-1.0,-72.0
1777891388.0743325,1.0,3.0,-70.0
1777891388.0843325,0.0,1.0,-77.0
1777891388.0943325,3.0,3.0,-84.0
1777891388.1043324,0.0,0.0,-79.0
1777891388.1143324,0.0,0.0,-71.0
1777891388.1243324,3.0,-1.0,-64.0
1777891388.1343324,4.0,0.0,-64.0
1777891388.1443324,3.0,4.0,-67.0
1777891388.1543324,0.0,4.0,-72.0
1777891388.1643324,-3.0,-1.0,-73.0
1777891388.1743324,-5.0,0.0,-70.0
1777891388.1853323,-10.0,-1.0,-69.0
1777891388.1953323,-7.0,-3.0,-80.0
1777891388.2053325,-1.0,-4.0,-75.0
1777891388.2153325,-1.0,-7.0,-77.0
1777891388.2253325,-2.0,-9.0,-79.0
1777891388.2353325,1.0,-10.0,-79.0
1777891388.2453325,2.0,-10.0,-77.0
1777891388.2553325,3.0,-4.0,-70.0
1777891388.2653325,1.0,-7.0,-70.0
1777891388.2753325,-3.0,-6.0,-66.0
1777891388.2853324,-4.0,-5.0,-73.0
1777891388.2953324,-1.0,-7.0,-74.0
1777891388.3053324,-3.0,-5.0,-77.0
1777891388.3153324,-2.0,-6.0,-73.0
1777891388.3253324,-2.0,-4.0,-73.0
1777891388.3353324,0.0,-6.0,-73.0
1777891388.3453324,1.0,-7.0,-73.0
1777891388.3553324,3.0,-4.0,-74.0
1777891388.3653324,0.0,-6.0,-66.0
1777891388.3753324,0.0,-5.0,-72.0
1777891388.3853323,2.0,0.0,-69.0
1777891388.3953323,4.0,1.0,-70.0
1777891388.4053323,3.0,2.0,-68.0
1777891388.4153323,2.0,2.0,-70.0
1777891388.4253323,7.0,0.0,-75.0
1777891388.4353323,7.0,-1.0,-70.0
1777891388.4453323,3.0,-3.0,-69.0
1777891388.4553325,2.0,-2.0,-71.0
1777891388.4653325,7.0,-1.0,-65.0
1777891388.4753325,7.0,-2.0,-70.0
1777891388.4853325,5.0,0.0,-73.0
1777891388.4953325,3.0,-1.0,-75.0
1777891388.5053325,2.0,-2.0,-74.0
1777891388.5153325,1.0,-2.0,-74.0
1777891388.5253325,2.0,-1.0,-71.0
1777891388.5353324,1.0,-3.0,-75.0
1777891388.5453324,6.0,-1.0,-65.0
1777891388.5553324,7.0,-2.0,-69.0
1777891388.5653324,5.0,-5.0,-78.0
1777891388.5753324,6.0,-2.0,-76.0
1777891388.5853324,5.0,0.0,-75.0
1777891388.5953324,6.0,0.0,-78.0
1777891388.6053324,7.0,3.0,-80.0
1777891388.6153324,4.0,2.0,-77.0
1777891388.6253324,9.0,0.0,-75.0
1777891388.6353323,10.0,1.0,-70.0
1777891388.6453323,13.0,0.0,-73.0
1777891388.6553323,11.0,0.0,-71.0
1777891388.6653323,6.0,0.0,-71.0
1777891388.6753323,6.0,0.0,-75.0
1777891388.6853323,2.0,1.0,-77.0
1777891388.6953323,1.0,1.0,-68.0
1777891388.7053325,0.0,0.0,-64.0
1777891388.7153325,-1.0,0.0,-68.0
1777891388.7253325,-1.0,-3.0,-65.0
1777891388.7353325,-1.0,-1.0,-63.0
1777891388.7453325,2.0,-1.0,-68.0
1777891388.7553325,1.0,-2.0,-71.0
1777891388.7653325,3.0,1.0,-65.0
1777891388.7753325,7.0,0.0,-66.0
1777891388.7853324,5.0,4.0,-65.0
1777891388.7953324,3.0,5.0,-68.0
1777891388.8053324,1.0,3.0,-71.0
1777891388.8153324,-4.0,3.0,-79.0
1777891388.8253324,-4.0,0.0,-78.0
1777891388.8353324,0.0,1.0,-78.0
1777891388.8453324,2.0,2.0,-79.0
1777891388.8553324,3.0,1.0,-78.0
1777891388.8653324,3.0,0.0,-83.0
1777891388.8753324,4.0,2.0,-72.0
1777891388.8853323,-1.0,0.0,-71.0
1777891388.8953323,-4.0,1.0,-70.0
1777891388.9053323,-6.0,0.0,-70.0
1777891388.9153323,-5.0,3.0,-69.0
1777891388.9253323,-1.0,1.0,-68.0
1777891388.9353323,0.0,-1.0,-69.0
1777891388.9453323,-1.0,-1.0,-72.0
1777891388.9553325,-2.0,-3.0,-76.0
1777891388.9653325,-4.0,-6.0,-79.0
1777891388.9753325,-2.0,-8.0,-81.0
1777891388.9853325,-1.0,-4.0,-80.0
1777891388.9953325,-1.0,-3.0,-80.0
1777891389.0053325,4.0,-4.0,-71.0
1777891389.0153325,4.0,-5.0,-70.0
1777891389.0253325,7.0,-1.0,-67.0
1777891389.0353324,5.0,0.0,-66.0
1777891389.0453324,1.0,0.0,-67.0
1777891389.0553324,0.0,-2.0,-60.0
1777891389.0653324,-1.0,-3.0,-59.0
1777891389.0753324,5.0,-2.0,-69.0
1777891389.0853324,9.0,3.0,-68.0
1777891389.0953324,7.0,7.0,-69.0
1777891389.1053324,5.0,10.0,-66.0
1777891389.1153324,8.0,10.0,-71.0
1777891389.1253324,10.0,9.0,-80.0
1777891389.1353323,5.0,5.0,-73.0
1777891389.1453323,3.0,-4.0,-65.0
1777891389.1553323,2.0,-2.0,-72.0
1777891389.1653323,6.0,-8.0,-74.0
1777891389.1753323,8.0,-5.0,-72.0
1777891389.1853323,6.0,-5.0,-71.0
1777891389.1953323,7.0,-3.0,-75.0
1777891389.2053325,2.0,0.0,-72.0
1777891389.2153325,0.0,-4.0,-70.0
1777891389.2253325,0.0,-2.0,-74.0
1777891389.2353325,0.0,-2.0,-79.0
1777891389.2453325,1.0,0.0,-74.0
1777891389.2553325,0.0,-2.0,-77.0
1777891389.2653325,-2.0,-5.0,-73.0
1777891389.2753325,-5.0,-6.0,-71.0
1777891389.2853324,-8.0,-8.0,-72.0
1777891389.2953324,-9.0,-7.0,-69.0
1777891389.3053324,-7.0,-5.0,-70.0
1777891389.3153324,-5.0,-4.0,-72.0
1777891389.3253324,-3.0,-5.0,-72.0
1777891389.3353324,6.0,-5.0,-68.0
1777891389.3453324,5.0,-4.0,-63.0
1777891389.3553324,3.0,-3.0,-63.0
1777891389.3653324,4.0,-3.0,-66.0
1777891389.3753324,2.0,-6.0,-73.0
1777891389.3853323,0.0,-3.0,-67.0
1777891389.3963325,-2.0,-3.0,-62.0
1777891389.4053323,0.0,-4.0,-63.0
1777891389.4153323,1.0,0.0,-59.0
1777891389.4253323,0.0,2.0,-60.0
1777891389.4353323,1.0,5.0,-63.0
1777891389.4453323,4.0,1.0,-69.0
1777891389.4553325,3.0,0.0,-72.0
1777891389.4653325,1.0,3.0,-74.0
1777891389.4753325,-1.0,4.0,-76.0
1777891389.4853325,0.0,4.0,-74.0
1777891389.4953325,-1.0,2.0,-67.0
1777891389.5053325,0.0,1.0,-69.0
1777891389.5153325,-2.0,1.0,-70.0
1777891389.5253325,-1.0,3.0,-65.0
1777891389.5353324,-6.0,6.0,-71.0
1777891389.5453324,0.0,8.0,-70.0
1777891389.5553324,-1.0,4.0,-70.0
1777891389.5653324,2.0,0.0,-64.0
1777891389.5753324,0.0,1.0,-70.0
1777891389.5853324,0.0,0.0,-72.0
1777891389.5953324,1.0,-4.0,-78.0
1777891389.6053324,1.0,-4.0,-78.0
1777891389.6153324,1.0,-3.0,-77.0
1777891389.6253324,2.0,0.0,-78.0
1777891389.6353323,3.0,-3.0,-84.0
1777891389.6453323,1.0,0.0,-79.0
1777891389.6553323,0.0,1.0,-77.0
1777891389.6653323,0.0,-1.0,-75.0
1777891389.6753323,0.0,-2.0,-71.0
1777891389.6853323,0.0,0.0,-71.0
1777891389.6953323,0.0,0.0,-70.0
1777891389.7053325,0.0,0.0,-70.0
1777891389.7153325,-3.0,0.0,-77.0
1777891389.7253325,-3.0,0.0,-75.0
1777891389.7353325,0.0,-2.0,-78.0
1777891389.7453325,2.0,-1.0,-78.0
1777891389.7553325,2.0,-1.0,-73.0
1777891389.7653325,2.0,-1.0,-68.0
1777891389.7753325,6.0,0.0,-67.0
1777891389.7853324,6.0,0.0,-68.0
1777891389.7953324,8.0,1.0,-69.0
1777891389.8053324,7.0,0.0,-72.0
1777891389.8153324,10.0,0.0,-75.0
1777891389.8253324,9.0,0.0,-74.0
1777891389.8353324,9.0,0.0,-73.0
1777891389.8453324,6.0,1.0,-73.0
1777891389.8553324,6.0,-1.0,-73.0
1777891389.8653324,4.0,-4.0,-71.0
1777891389.8753324,1.0,-3.0,-77.0
1777891389.8853323,1.0,0.0,-84.0
1777891389.8953323,1.0,-1.0,-79.0
1777891389.9053323,2.0,0.0,-75.0
1777891389.9153323,3.0,-1.0,-80.0
1777891389.9253323,-1.0,-4.0,-86.0
1777891389.9353323,-3.0,-1.0,-82.0
1777891389.9453323,-5.0,0.0,-77.0
1777891389.9553325,1.0,2.0,-78.0
1777891389.9653325,3.0,0.0,-81.0
1777891389.9753325,3.0,-1.0,-80.0
1777891389.9853325,3.0,-3.0,-79.0
1777891389.9953325,7.0,-5.0,-81.0
1777891390.0053325,7.0,-6.0,-73.0
1777891390.0153325,4.0,-7.0,-73.0
1777891390.0253325,3.0,-7.0,-74.0
1777891390.0353324,6.0,-7.0,-78.0
1777891390.0453324,2.0,-7.0,-83.0
1777891390.0553324,3.0,-1.0,-75.0
1777891390.0653324,0.0,-1.0,-73.0
1777891390.0753324,1.0,-1.0,-73.0
1777891390.0853324,0.0,-3.0,-68.0
1777891390.0953324,1.0,-2.0,-58.0
1777891390.1053324,1.0,-6.0,-62.0
1777891390.1153324,-3.0,-5.0,-67.0
1777891390.1253324,-5.0,-4.0,-71.0
1777891390.1353323,-3.0,-6.0,-65.0
1777891390.1453323,-1.0,-5.0,-61.0
1777891390.1553323,0.0,-4.0,-63.0
1777891390.1653323,-1.0,-2.0,-75.0
1777891390.1763325,-3.0,-5.0,-77.0
1777891390.1863325,-4.0,-5.0,-74.0
1777891390.1963325,0.0,-5.0,-69.0
1777891390.2063324,-1.0,-3.0,-67.0
1777891390.2163324,2.0,-2.0,-68.0
1777891390.2263324,1.0,-3.0,-69.0
1777891390.2363324,2.0,-1.0,-73.0
1777891390.2463324,-1.0,0.0,-75.0
1777891390.2563324,2.0,2.0,-72.0
1777891390.2663324,5.0,0.0,-65.0
1777891390.2763324,3.0,0.0,-74.0
1777891390.2863324,3.0,-2.0,-75.0
1777891390.2963324,0.0,0.0,-70.0
1777891390.3063323,-1.0,0.0,-67.0
1777891390.3163323,0.0,-1.0,-74.0
1777891390.3263323,0.0,0.0,-69.0
1777891390.3363323,1.0,0.0,-63.0
1777891390.3463323,2.0,2.0,-63.0
1777891390.3563323,-1.0,0.0,-64.0
1777891390.3663323,-3.0,-2.0,-62.0
1777891390.3763323,-1.0,0.0,-65.0
1777891390.3863325,-3.0,0.0,-61.0
1777891390.3963325,0.0,2.0,-65.0
1777891390.4063325,1.0,3.0,-67.0
1777891390.4163325,0.0,2.0,-68.0
1777891390.4263325,3.0,1.0,-69.0
1777891390.4363325,2.0,3.0,-67.0
1777891390.4463325,0.0,3.0,-66.0
1777891390.4563324,0.0,5.0,-68.0
1777891390.4663324,0.0,11.0,-68.0
1777891390.4763324,0.0,11.0,-65.0
1777891390.4863324,-1.0,13.0,-65.0
1777891390.4963324,1.0,8.0,-70.0
1777891390.5063324,4.0,3.0,-70.0
1777891390.5163324,2.0,0.0,-66.0
1777891390.5263324,4.0,-1.0,-70.0
1777891390.5363324,5.0,0.0,-72.0
1777891390.5463324,7.0,-3.0,-76.0
1777891390.5563323,8.0,-6.0,-80.0
1777891390.5663323,4.0,-8.0,-84.0
1777891390.5763323,0.0,-10.0,-81.0
1777891390.5863323,0.0,-11.0,-83.0
1777891390.5963323,2.0,-9.0,-81.0
1777891390.6063323,3.0,-8.0,-77.0
1777891390.6163323,4.0,-6.0,-73.0
1777891390.6263323,5.0,-5.0,-72.0
1777891390.6363325,6.0,-4.0,-71.0
1777891390.6463325,3.0,-7.0,-64.0
1777891390.6563325,4.0,-7.0,-67.0
1777891390.6663325,3.0,-5.0,-65.0
1777891390.6763325,1.0,-1.0,-63.0
1777891390.6863325,-1.0,-2.0,-67.0
1777891390.6963325,-3.0,0.0,-66.0
1777891390.7063324,-3.0,0.0,-73.0
1777891390.7163324,-2.0,-2.0,-77.0
1777891390.7263324,-3.0,-3.0,-77.0
1777891390.7363324,-2.0,-7.0,-79.0
1777891390.7463324,-2.0,-8.0,-76.0
1777891390.7563324,-3.0,-9.0,-72.0
1777891390.7663324,-5.0,-7.0,-80.0
1777891390.7763324,0.0,-4.0,-81.0
1777891390.7863324,0.0,-2.0,-78.0
1777891390.7963324,3.0,-4.0,-70.0
1777891390.8063323,4.0,-6.0,-74.0
1777891390.8163323,6.0,-2.0,-74.0
1777891390.8263323,7.0,-1.0,-75.0
1777891390.8363323,4.0,-1.0,-75.0
1777891390.8463323,0.0,1.0,-72.0
1777891390.8563323,-1.0,1.0,-66.0
1777891390.8663323,-1.0,-1.0,-67.0
1777891390.8763323,-2.0,-1.0,-64.0
1777891390.8863325,-3.0,-1.0,-69.0
1777891390.8963325,-4.0,-2.0,-69.0
1777891390.9063325,-1.0,0.0,-78.0
1777891390.9163325,-1.0,0.0,-84.0
1777891390.9263325,-1.0,0.0,-78.0
1777891390.9363325,1.0,0.0,-79.0
1777891390.9463325,1.0,1.0,-78.0
1777891390.9563324,0.0,2.0,-78.0
1777891390.9663324,-2.0,5.0,-80.0
1777891390.9763324,-2.0,4.0,-70.0
1777891390.9863324,0.0,3.0,-68.0
1777891390.9963324,-3.0,0.0,-73.0
1777891391.0063324,-2.0,0.0,-76.0
1777891391.0163324,0.0,1.0,-80.0
1777891391.0263324,0.0,0.0,-76.0
1777891391.0363324,0.0,0.0,-70.0
1777891391.0463324,-1.0,-4.0,-74.0
1777891391.0563323,2.0,-6.0,-71.0
1777891391.0663323,1.0,-3.0,-71.0
1777891391.0763323,0.0,-4.0,-68.0
1777891391.0863323,-1.0,-3.0,-73.0
1777891391.0963323,0.0,-1.0,-68.0
1777891391.1063323,2.0,0.0,-65.0
1777891391.1163323,4.0,-5.0,-65.0
1777891391.1263323,3.0,-5.0,-71.0
1777891391.1363325,0.0,-8.0,-75.0
1777891391.1463325,0.0,-2.0,-73.0
1777891391.1563325,0.0,0.0,-74.0
1777891391.1663325,1.0,2.0,-74.0
1777891391.1763325,0.0,7.0,-77.0
1777891391.1863325,1.0,6.0,-81.0
1777891391.1963325,0.0,5.0,-77.0
1777891391.2063324,3.0,5.0,-80.0
1777891391.2163324,1.0,5.0,-77.0
1777891391.2263324,1.0,2.0,-68.0
1777891391.2363324,0.0,3.0,-58.0
1777891391.2463324,-4.0,7.0,-60.0
1777891391.2563324,-6.0,8.0,-60.0
1777891391.2663324,-7.0,10.0,-68.0
1777891391.2763324,-4.0,6.0,-67.0
1777891391.2863324,-7.0,8.0,-65.0
1777891391.2963324,-9.0,5.0,-64.0
1777891391.3063323,-4.0,0.0,-62.0
1777891391.3163323,-1.0,-3.0,-62.0
1777891391.3263323,1.0,0.0,-71.0
1777891391.3363323,-4.0,0.0,-66.0
1777891391.3463323,-5.0,-4.0,-66.0
1777891391.3563323,-6.0,-4.0,-69.0
1777891391.3663323,-1.0,-4.0,-68.0
1777891391.3763323,3.0,-2.0,-65.0
1777891391.3863325,3.0,-3.0,-64.0
1777891391.3963325,4.0,-7.0,-56.0
1777891391.4063325,3.0,-6.0,-60.0
1777891391.4163325,3.0,-8.0,-63.0
1777891391.4263325,1.0,-4.0,-59.0
1777891391.4363325,-1.0,-6.0,-65.0
1777891391.4463325,-5.0,-5.0,-71.0
1777891391.4563324,-8.0,-1.0,-80.0
1777891391.4663324,-8.0,-2.0,-87.0
1777891391.4763324,-8.0,-4.0,-85.0
1777891391.4863324,-5.0,-4.0,-83.0
1777891391.4963324,0.0,-4.0,-82.0
1777891391.5063324,0.0,-6.0,-81.0
1777891391.5163324,-2.0,-3.0,-80.0
1777891391.5263324,0.0,-4.0,-74.0
1777891391.5363324,2.0,-6.0,-66.0
1777891391.5463324,-1.0,-2.0,-64.0
1777891391.5563323,3.0,-1.0,-72.0
1777891391.5663323,4.0,-2.0,-70.0
1777891391.5763323,4.0,-2.0,-70.0
1777891391.5863323,4.0,-4.0,-69.0
1777891391.5963323,1.0,-5.0,-69.0
1777891391.6063323,2.0,-3.0,-70.0
1777891391.6163323,0.0,-4.0,-69.0
1777891391.6263323,2.0,-6.0,-72.0
1777891391.6363325,5.0,-5.0,-74.0
1777891391.6463325,5.0,-1.0,-73.0
1777891391.6563325,3.0,2.0,-77.0
1777891391.6663325,1.0,2.0,-71.0
1777891391.6763325,2.0,0.0,-65.0
1777891391.6863325,4.0,0.0,-68.0
1777891391.6963325,4.0,-3.0,-65.0
1777891391.7063324,3.0,-9.0,-63.0
1777891391.7163324,6.0,-6.0,-58.0
1777891391.7263324,4.0,-7.0,-54.0
1777891391.7363324,-3.0,-5.0,-60.0
1777891391.7463324,-3.0,-3.0,-60.0
1777891391.7563324,0.0,-5.0,-57.0
1777891391.7663324,-1.0,0.0,-54.0
1777891391.7763324,-1.0,1.0,-56.0
1777891391.7863324,-1.0,1.0,-58.0
1777891391.7963324,0.0,-3.0,-58.0
1777891391.8063323,3.0,-5.0,-61.0
1777891391.8163323,2.0,-3.0,-66.0
1777891391.8263323,5.0,-6.0,-73.0
1777891391.8363323,2.0,-7.0,-74.0
1777891391.8463323,2.0,0.0,-73.0
1777891391.8563323,0.0,0.0,-73.0
1777891391.8663323,-1.0,0.0,-64.0
1777891391.8763323,-1.0,-2.0,-71.0
1777891391.8863325,-2.0,-3.0,-77.0
1777891391.8963325,-2.0,-2.0,-72.0
1777891391.9063325,-9.0,0.0,-73.0
1777891391.9163325,-11.0,-1.0,-75.0
1777891391.9263325,-10.0,0.0,-80.0
1777891391.9363325,-11.0,2.0,-81.0
1777891391.9463325,-9.0,0.0,-82.0
1777891391.9563324,-9.0,2.0,-82.0
1777891391.9663324,-2.0,2.0,-86.0
1777891391.9763324,-1.0,1.0,-78.0
1777891391.9863324,4.0,1.0,-70.0
1777891391.9963324,2.0,0.0,-67.0
1777891392.0063324,4.0,-1.0,-72.0
1777891392.0163324,2.0,-1.0,-70.0
1777891392.0263324,0.0,-3.0,-67.0
1777891392.0363324,0.0,-4.0,-72.0
1777891392.0463324,0.0,-2.0,-73.0
1777891392.0563323,-2.0,-6.0,-65.0
1777891392.0663323,-4.0,-2.0,-66.0
1777891392.0763323,-3.0,-2.0,-65.0
1777891392.0863323,-1.0,-2.0,-68.0
1777891392.0963323,-2.0,3.0,-62.0
1777891392.1063323,-4.0,2.0,-58.0
1777891392.1163323,-1.0,0.0,-67.0
1777891392.1273324,1.0,1.0,-64.0
1777891392.1373324,-3.0,3.0,-59.0
1777891392.1463325,-3.0,0.0,-65.0
1777891392.1573324,2.0,-3.0,-68.0
1777891392.1673324,1.0,-6.0,-73.0
1777891392.1773324,3.0,-6.0,-75.0
1777891392.1873324,0.0,-9.0,-70.0
1777891392.1973324,1.0,-6.0,-72.0
1777891392.2073324,0.0,-4.0,-78.0
1777891392.2173324,-2.0,-4.0,-79.0
1777891392.2273324,-2.0,-5.0,-78.0
1777891392.2373323,-2.0,-5.0,-83.0
1777891392.2473323,0.0,-3.0,-82.0
1777891392.2573323,0.0,-2.0,-80.0
1777891392.2673323,2.0,0.0,-78.0
1777891392.2773323,-2.0,3.0,-77.0
1777891392.2873323,-1.0,3.0,-78.0
1777891392.2973323,2.0,0.0,-78.0
1777891392.3073325,5.0,-2.0,-77.0
1777891392.3173325,3.0,-1.0,-74.0
1777891392.3273325,2.0,-1.0,-77.0
1777891392.3373325,5.0,0.0,-74.0
1777891392.3473325,3.0,0.0,-80.0
1777891392.3573325,0.0,0.0,-80.0
1777891392.3673325,3.0,0.0,-73.0
1777891392.3773324,4.0,0.0,-65.0
1777891392.3873324,0.0,2.0,-66.0
1777891392.3973324,4.0,1.0,-65.0
1777891392.4073324,1.0,1.0,-71.0
1777891392.4173324,1.0,1.0,-76.0
1777891392.4273324,1.0,2.0,-77.0
1777891392.4373324,2.0,0.0,-68.0
1777891392.4473324,1.0,-2.0,-75.0
1777891392.4573324,0.0,-1.0,-77.0
1777891392.4673324,0.0,1.0,-83.0
1777891392.4773324,0.0,4.0,-71.0
1777891392.4873323,0.0,5.0,-73.0
1777891392.4973323,-1.0,7.0,-71.0
1777891392.5073323,2.0,5.0,-76.0
1777891392.5173323,1.0,0.0,-75.0
1777891392.5273323,0.0,0.0,-74.0
1777891392.5373323,-1.0,0.0,-72.0
1777891392.5473323,3.0,0.0,-70.0
1777891392.5573325,3.0,0.0,-66.0
1777891392.5673325,5.0,0.0,-70.0
1777891392.5773325,3.0,-2.0,-73.0
1777891392.5873325,-1.0,2.0,-68.0
1777891392.5973325,-4.0,2.0,-73.0
1777891392.6073325,-4.0,2.0,-72.0
1777891392.6173325,-4.0,1.0,-73.0
1777891392.6273324,-8.0,0.0,-71.0
1777891392.6373324,-3.0,-3.0,-72.0
1777891392.6473324,0.0,-2.0,-69.0
1777891392.6573324,-1.0,-3.0,-71.0
1777891392.6673324,-1.0,0.0,-75.0
1777891392.6773324,0.0,2.0,-79.0
1777891392.6873324,1.0,2.0,-80.0
1777891392.6973324,9.0,3.0,-76.0
1777891392.7073324,10.0,2.0,-85.0
1777891392.7173324,7.0,4.0,-84.0
1777891392.7273324,0.0,4.0,-83.0
1777891392.7373323,-4.0,8.0,-88.0
1777891392.7473323,-3.0,0.0,-82.0
1777891392.7573323,-1.0,0.0,-77.0
1777891392.7673323,1.0,-1.0,-74.0
1777891392.7773323,5.0,0.0,-78.0
1777891392.7873323,5.0,-1.0,-77.0
1777891392.7973323,9.0,0.0,-70.0
1777891392.8073325,7.0,0.0,-65.0
1777891392.8173325,9.0,0.0,-60.0
1777891392.8273325,11.0,2.0,-66.0
1777891392.8373325,11.0,0.0,-82.0
1777891392.8473325,8.0,4.0,-75.0
1777891392.8573325,9.0,4.0,-73.0
1777891392.8673325,13.0,2.0,-75.0
1777891392.8773324,13.0,1.0,-75.0
1777891392.8873324,14.0,-1.0,-74.0
1777891392.8973324,12.0,-2.0,-77.0
1777891392.9073324,9.0,0.0,-78.0
1777891392.9173324,9.0,-4.0,-75.0
1777891392.9273324,10.0,-1.0,-75.0
1777891392.9373324,7.0,-6.0,-77.0
1777891392.9473324,3.0,-3.0,-75.0
1777891392.9573324,-3.0,-4.0,-80.0
1777891392.9673324,1.0,-7.0,-84.0
1777891392.9773324,4.0,-6.0,-78.0
1777891392.9873323,5.0,-2.0,-81.0
1777891392.9973323,5.0,-1.0,-86.0
1777891393.0073323,3.0,-2.0,-85.0
1777891393.0173323,6.0,0.0,-83.0
1777891393.0273323,6.0,-2.0,-75.0
1777891393.0373323,5.0,-4.0,-82.0
1777891393.0473323,2.0,-2.0,-78.0
1777891393.0573325,0.0,0.0,-74.0
1777891393.0673325,-3.0,-3.0,-67.0
1777891393.0773325,0.0,-6.0,-74.0
1777891393.0873325,1.0,-5.0,-72.0
1777891393.0973325,4.0,-4.0,-71.0
1777891393.1073325,5.0,-8.0,-68.0
1777891393.1173325,3.0,-8.0,-72.0
1777891393.1273324,4.0,-8.0,-75.0
1777891393.1373324,2.0,-5.0,-71.0
1777891393.1473324,0.0,-5.0,-69.0
1777891393.1573324,0.0,-3.0,-68.0
1777891393.1673324,0.0,-1.0,-64.0
1777891393.1773324,-3.0,0.0,-62.0
1777891393.1873324,-3.0,0.0,-66.0
1777891393.1983323,-3.0,0.0,-66.0
1777891393.2073324,-2.0,0.0,-62.0
1777891393.2173324,0.0,-1.0,-65.0
1777891393.2273324,2.0,-4.0,-72.0
1777891393.2373323,3.0,0.0,-82.0
1777891393.2473323,3.0,2.0,-85.0
1777891393.2573323,6.0,0.0,-80.0
1777891393.2673323,10.0,-4.0,-85.0
1777891393.2773323,7.0,-7.0,-85.0
1777891393.2873323,2.0,-6.0,-82.0
1777891393.2973323,3.0,-4.0,-85.0
1777891393.3073325,1.0,-1.0,-73.0
1777891393.3173325,0.0,-3.0,-69.0
1777891393.3273325,0.0,1.0,-74.0
1777891393.3373325,-1.0,1.0,-75.0
1777891393.3473325,0.0,3.0,-79.0
1777891393.3573325,-5.0,2.0,-72.0
1777891393.3673325,-1.0,-2.0,-72.0
1777891393.3773324,-1.0,-5.0,-73.0
1777891393.3873324,0.0,-1.0,-70.0
1777891393.3973324,2.0,-1.0,-68.0
1777891393.4073324,9.0,-1.0,-69.0
1777891393.4173324,6.0,-5.0,-81.0
1777891393.4273324,1.0,-6.0,-80.0
1777891393.4373324,1.0,-8.0,-81.0
1777891393.4473324,3.0,-9.0,-86.0
1777891393.4573324,4.0,-4.0,-87.0
1777891393.4673324,4.0,-3.0,-83.0
1777891393.4773324,0.0,-5.0,-81.0
1777891393.4873323,-4.0,-5.0,-77.0
1777891393.4973323,-1.0,-9.0,-72.0
1777891393.5073323,1.0,-6.0,-68.0
1777891393.5173323,-2.0,-6.0,-65.0
1777891393.5273323,0.0,-1.0,-68.0
1777891393.5373323,1.0,2.0,-71.0
1777891393.5473323,4.0,0.0,-65.0
1777891393.5573325,1.0,3.0,-72.0
1777891393.5673325,1.0,4.0,-71.0
1777891393.5773325,3.0,3.0,-74.0
1777891393.5873325,-2.0,0.0,-73.0
1777891393.5973325,0.0,0.0,-69.0
1777891393.6073325,-3.0,-4.0,-72.0
1777891393.6173325,0.0,0.0,-70.0
1777891393.6273324,2.0,-2.0,-73.0
1777891393.6373324,4.0,-2.0,-68.0
1777891393.6473324,2.0,-1.0,-63.0
1777891393.6573324,2.0,-3.0,-61.0
1777891393.6673324,3.0,-4.0,-63.0
1777891393.6773324,3.0,-3.0,-68.0
1777891393.6873324,2.0,0.0,-74.0
1777891393.6973324,1.0,-2.0,-74.0
1777891393.7073324,1.0,0.0,-69.0
1777891393.7173324,-1.0,-2.0,-71.0
1777891393.7273324,-2.0,-2.0,-77.0
1777891393.7373323,0.0,-1.0,-78.0
1777891393.7473323,-2.0,-1.0,-77.0
1777891393.7573323,-4.0,1.0,-69.0
1777891393.7673323,-5.0,-1.0,-66.0
1777891393.7773323,-8.0,-11.0,-70.0
1777891393.7873323,-3.0,-10.0,-73.0
1777891393.7973323,0.0,-9.0,-76.0
1777891393.8073325,-3.0,-4.0,-70.0
1777891393.8173325,2.0,-1.0,-71.0
1777891393.8273325,3.0,-1.0,-69.0
1777891393.8373325,0.0,-1.0,-68.0
1777891393.8473325,2.0,0.0,-63.0
1777891393.8573325,4.0,-1.0,-71.0
1777891393.8673325,5.0,-4.0,-77.0
1777891393.8773324,7.0,-1.0,-82.0
1777891393.8873324,3.0,1.0,-72.0
1777891393.8973324,0.0,3.0,-66.0
1777891393.9073324,2.0,5.0,-70.0
1777891393.9173324,0.0,5.0,-66.0
1777891393.9273324,-2.0,0.0,-63.0
1777891393.9373324,-4.0,0.0,-58.0
1777891393.9473324,-2.0,-2.0,-66.0
1777891393.9573324,0.0,0.0,-72.0
1777891393.9673324,1.0,-1.0,-70.0
1777891393.9773324,0.0,-2.0,-73.0
1777891393.9873323,1.0,2.0,-71.0
1777891393.9973323,0.0,0.0,-73.0
1777891394.0073323,1.0,0.0,-73.0
1777891394.0173323,2.0,-2.0,-82.0
1777891394.0273323,5.0,-1.0,-81.0
1777891394.0373323,0.0,-4.0,-78.0
1777891394.0473323,2.0,-6.0,-78.0
1777891394.0573325,1.0,-6.0,-77.0
1777891394.0673325,0.0,-8.0,-74.0
1777891394.0773325,2.0,-6.0,-77.0
1777891394.0873325,-4.0,-3.0,-71.0
1777891394.0973325,-5.0,-1.0,-74.0
1777891394.1073325,-5.0,1.0,-70.0
1777891394.1173325,-3.0,1.0,-66.0
1777891394.1273324,-1.0,-1.0,-69.0
1777891394.1373324,-1.0,-2.0,-66.0
1777891394.1483324,0.0,-1.0,-72.0
1777891394.1583323,4.0,-1.0,-71.0
1777891394.1683323,4.0,-8.0,-72.0
1777891394.1783323,6.0,-8.0,-74.0
1777891394.1883323,7.0,-2.0,-71.0
1777891394.1983323,6.0,1.0,-70.0
1777891394.2083323,6.0,5.0,-73.0
1777891394.2183323,5.0,0.0,-72.0
1777891394.2283323,6.0,0.0,-71.0
1777891394.2383325,2.0,0.0,-75.0
1777891394.2483325,3.0,-2.0,-77.0
1777891394.2583325,5.0,-2.0,-76.0
1777891394.2683325,1.0,-3.0,-78.0
1777891394.2783325,-1.0,-5.0,-79.0
1777891394.2883325,0.0,-3.0,-81.0
1777891394.2983325,1.0,-6.0,-80.0
1777891394.3083324,2.0,-5.0,-78.0
1777891394.3183324,4.0,-7.0,-81.0
1777891394.3283324,-4.0,-7.0,-77.0
1777891394.3383324,-4.0,-4.0,-71.0
1777891394.3483324,-3.0,-2.0,-70.0
1777891394.3583324,2.0,-4.0,-70.0
1777891394.3683324,4.0,-3.0,-70.0
1777891394.3783324,2.0,-6.0,-67.0
1777891394.3883324,2.0,-9.0,-80.0
1777891394.3983324,3.0,-8.0,-81.0
1777891394.4083323,1.0,-8.0,-83.0
1777891394.4183323,5.0,-8.0,-80.0
1777891394.4283323,6.0,-8.0,-80.0
1777891394.4383323,5.0,-6.0,-76.0
1777891394.4483323,4.0,-8.0,-80.0
1777891394.4583323,0.0,-7.0,-85.0
1777891394.4683323,0.0,-3.0,-85.0
1777891394.4783323,2.0,-3.0,-82.0
1777891394.4883325,3.0,0.0,-76.0
1777891394.4983325,6.0,1.0,-79.0
1777891394.5083325,4.0,-1.0,-71.0
1777891394.5183325,1.0,0.0,-75.0
1777891394.5283325,0.0,-1.0,-66.0
1777891394.5383325,3.0,-6.0,-74.0
1777891394.5483325,1.0,-4.0,-67.0
1777891394.5583324,1.0,-4.0,-67.0
1777891394.5683324,3.0,-1.0,-70.0
1777891394.5783324,0.0,-2.0,-71.0
1777891394.5883324,0.0,-1.0,-66.0
1777891394.5983324,-1.0,-1.0,-72.0
1777891394.6083324,-3.0,-2.0,-72.0
1777891394.6183324,0.0,0.0,-74.0
1777891394.6283324,-1.0,0.0,-70.0
1777891394.6383324,0.0,-1.0,-78.0
1777891394.6483324,0.0,-4.0,-77.0
1777891394.6583323,1.0,-7.0,-76.0
1777891394.6683323,-1.0,-3.0,-74.0
1777891394.6783323,3.0,1.0,-69.0
1777891394.6883323,4.0,0.0,-68.0
1777891394.6983323,5.0,0.0,-67.0
1777891394.7083323,7.0,0.0,-62.0
1777891394.7183323,6.0,2.0,-62.0
1777891394.7283323,2.0,1.0,-62.0
1777891394.7383325,-1.0,0.0,-60.0
1777891394.7483325,-3.0,0.0,-66.0
1777891394.7583325,-5.0,-1.0,-65.0
1777891394.7683325,-1.0,-4.0,-60.0
1777891394.7783325,1.0,-3.0,-62.0
1777891394.7883325,-3.0,-3.0,-64.0
1777891394.7983325,-2.0,-2.0,-73.0
1777891394.8083324,3.0,-1.0,-78.0
1777891394.8183324,3.0,0.0,-75.0
1777891394.8283324,7.0,-4.0,-69.0
1777891394.8383324,6.0,-1.0,-73.0
1777891394.8483324,1.0,3.0,-71.0
1777891394.8583324,5.0,0.0,-73.0
1777891394.8683324,4.0,-2.0,-77.0
1777891394.8783324,0.0,-3.0,-80.0
1777891394.8883324,3.0,-2.0,-85.0
1777891394.8983324,2.0,-2.0,-83.0
1777891394.9083323,2.0,-3.0,-78.0
1777891394.9183323,-2.0,-6.0,-73.0
1777891394.9283323,-5.0,-9.0,-66.0
1777891394.9383323,-4.0,-11.0,-64.0
1777891394.9483323,-3.0,-9.0,-65.0
1777891394.9583323,-1.0,-7.0,-65.0
1777891394.9683323,2.0,-3.0,-65.0
1777891394.9783323,2.0,-1.0,-68.0
1777891394.9883325,-1.0,0.0,-63.0
1777891394.9983325,-2.0,-3.0,-63.0
1777891395.0083325,0.0,-2.0,-66.0
1777891395.0183325,0.0,0.0,-70.0
1777891395.0283325,0.0,0.0,-74.0
1777891395.0383325,-1.0,-4.0,-77.0
1777891395.0483325,-1.0,-6.0,-67.0
1777891395.0583324,-2.0,-4.0,-76.0
1777891395.0683324,-2.0,-2.0,-80.0
1777891395.0783324,0.0,0.0,-77.0
1777891395.0883324,-1.0,-2.0,-79.0
1777891395.0983324,2.0,1.0,-80.0
1777891395.1083324,3.0,0.0,-77.0
1777891395.1183324,2.0,-1.0,-75.0
1777891395.1283324,2.0,0.0,-76.0
1777891395.1383324,6.0,-3.0,-78.0
1777891395.1483324,2.0,-6.0,-75.0
1777891395.1583323,3.0,-4.0,-78.0
1777891395.1683323,3.0,-5.0,-82.0
1777891395.1783323,4.0,-6.0,-84.0
1777891395.1883323,5.0,0.0,-79.0
1777891395.1983323,4.0,4.0,-77.0
1777891395.2083323,4.0,1.0,-77.0
1777891395.2183323,4.0,-1.0,-78.0
1777891395.2283323,7.0,-1.0,-76.0
1777891395.2383325,5.0,0.0,-71.0
1777891395.2483325,4.0,1.0,-75.0
1777891395.2583325,4.0,1.0,-78.0
1777891395.2683325,3.0,2.0,-71.0
1777891395.2783325,2.0,-1.0,-66.0
1777891395.2883325,1.0,-1.0,-69.0
1777891395.2983325,-1.0,-3.0,-65.0
1777891395.3083324,0.0,1.0,-65.0
1777891395.3183324,-2.0,-3.0,-71.0
1777891395.3283324,-3.0,-2.0,-73.0
1777891395.3383324,-4.0,-3.0,-81.0
1777891395.3483324,-1.0,-6.0,-72.0
1777891395.3583324,-3.0,-5.0,-73.0
1777891395.3683324,0.0,-4.0,-76.0
1777891395.3783324,1.0,-1.0,-69.0
1777891395.3883324,3.0,0.0,-73.0
1777891395.3983324,3.0,-1.0,-69.0
1777891395.4083323,-1.0,-4.0,-70.0
1777891395.4183323,1.0,-2.0,-76.0
1777891395.4283323,0.0,-1.0,-82.0
1777891395.4383323,3.0,-1.0,-78.0
1777891395.4483323,4.0,-3.0,-75.0
1777891395.4583323,5.0,-3.0,-80.0
1777891395.4683323,0.0,0.0,-78.0
1777891395.4783323,0.0,2.0,-75.0
1777891395.4883325,-2.0,1.0,-70.0
1777891395.4983325,-3.0,0.0,-73.0
1777891395.5083325,-1.0,-1.0,-69.0
1777891395.5183325,-1.0,-8.0,-71.0
1777891395.5283325,1.0,-7.0,-77.0
1777891395.5383325,3.0,-5.0,-83.0
1777891395.5483325,3.0,0.0,-82.0
1777891395.5583324,3.0,0.0,-76.0
1777891395.5683324,3.0,-1.0,-69.0
1777891395.5783324,0.0,-2.0,-71.0
1777891395.5883324,-3.0,0.0,-69.0
1777891395.5983324,-5.0,-2.0,-68.0
1777891395.6083324,-1.0,-2.0,-63.0
1777891395.6183324,-2.0,-2.0,-65.0
1777891395.6283324,-1.0,-1.0,-78.0
1777891395.6383324,1.0,-2.0,-74.0
1777891395.6483324,0.0,-2.0,-73.0
1777891395.6583323,2.0,-4.0,-68.0
1777891395.6683323,1.0,-8.0,-72.0
1777891395.6783323,1.0,-7.0,-69.0
1777891395.6883323,1.0,-6.0,-71.0
1777891395.6983323,4.0,-7.0,-72.0
1777891395.7083323,6.0,-2.0,-70.0
1777891395.7183323,0.0,-3.0,-70.0
1777891395.7283323,0.0,-4.0,-70.0
1777891395.7383325,4.0,-4.0,-70.0
1777891395.7483325,1.0,-5.0,-69.0
1777891395.7583325,0.0,-2.0,-67.0
1777891395.7683325,0.0,-1.0,-67.0
1777891395.7783325,2.0,-2.0,-71.0
1777891395.7883325,2.0,-1.0,-74.0
1777891395.7983325,-1.0,-3.0,-82.0
1777891395.8083324,-1.0,-1.0,-79.0
1777891395.8183324,-1.0,-1.0,-76.0
1777891395.8283324,1.0,-3.0,-75.0
1777891395.8383324,2.0,0.0,-73.0
1777891395.8483324,-3.0,-2.0,-70.0
1777891395.8583324,0.0,-4.0,-68.0
1777891395.8683324,0.0,0.0,-69.0
1777891395.8783324,2.0,-3.0,-66.0
1777891395.8883324,-4.0,-5.0,-71.0
1777891395.8983324,1.0,-7.0,-68.0
1777891395.9083323,0.0,-8.0,-64.0
1777891395.9183323,0.0,-3.0,-68.0
1777891395.9283323,-1.0,-7.0,-68.0
1777891395.9383323,-5.0,-6.0,-68.0
1777891395.9483323,-1.0,-7.0,-72.0
1777891395.9583323,2.0,-9.0,-74.0
1777891395.9683323,3.0,-9.0,-77.0
1777891395.9783323,10.0,-3.0,-83.0
1777891395.9883325,11.0,-3.0,-81.0
1777891395.9983325,10.0,-1.0,-79.0
1777891396.0083325,9.0,2.0,-73.0
1777891396.0183325,8.0,0.0,-72.0
1777891396.0283325,3.0,0.0,-72.0
1777891396.0383325,1.0,-1.0,-83.0
1777891396.0483325,8.0,-4.0,-86.0
1777891396.0583324,12.0,-2.0,-77.0
1777891396.0683324,12.0,-4.0,-74.0
1777891396.0783324,6.0,-6.0,-67.0
1777891396.0883324,11.0,-1.0,-62.0
1777891396.0983324,8.0,0.0,-67.0
1777891396.1083324,7.0,1.0,-69.0
1777891396.1183324,8.0,1.0,-73.0
1777891396.1293323,9.0,-1.0,-77.0
1777891396.1393323,6.0,-2.0,-76.0
1777891396.1493323,6.0,-5.0,-74.0
1777891396.1593325,7.0,0.0,-71.0
1777891396.1693325,9.0,0.0,-64.0
1777891396.1793325,8.0,-2.0,-69.0
1777891396.1893325,4.0,0.0,-67.0
1777891396.1993325,0.0,2.0,-68.0
1777891396.2093325,1.0,0.0,-67.0
1777891396.2193325,0.0,0.0,-73.0
1777891396.2293324,-3.0,-1.0,-77.0
1777891396.2393324,-4.0,-5.0,-72.0
1777891396.2493324,-3.0,-8.0,-71.0
1777891396.2593324,1.0,-10.0,-67.0
1777891396.2703323,2.0,-7.0,-64.0
1777891396.2793324,2.0,-9.0,-71.0
1777891396.2893324,1.0,-8.0,-64.0
1777891396.2993324,3.0,-7.0,-64.0
1777891396.3093324,4.0,-4.0,-71.0
1777891396.3193324,4.0,-2.0,-69.0
1777891396.3293324,4.0,-6.0,-67.0
1777891396.3393323,5.0,-1.0,-63.0
1777891396.3493323,4.0,-2.0,-64.0
1777891396.3593323,3.0,-3.0,-69.0
1777891396.3693323,2.0,-5.0,-75.0
1777891396.3793323,5.0,-6.0,-78.0
1777891396.3893323,1.0,-6.0,-83.0
1777891396.3993323,1.0,-5.0,-80.0
1777891396.4093325,-1.0,-1.0,-73.0
1777891396.4193325,-2.0,0.0,-69.0
1777891396.4293325,-3.0,2.0,-71.0
1777891396.4393325,-4.0,5.0,-70.0
1777891396.4493325,-3.0,4.0,-74.0
1777891396.4593325,-1.0,0.0,-77.0
1777891396.4693325,0.0,-4.0,-80.0
1777891396.4793324,0.0,-5.0,-79.0
1777891396.4893324,0.0,-8.0,-78.0
1777891396.4993324,-1.0,-2.0,-75.0
1777891396.5093324,-3.0,-1.0,-73.0
1777891396.5193324,-4.0,1.0,-71.0
1777891396.5293324,-4.0,1.0,-76.0
1777891396.5393324,0.0,5.0,-73.0
1777891396.5493324,0.0,2.0,-73.0
1777891396.5593324,-3.0,0.0,-82.0
1777891396.5693324,-3.0,-4.0,-85.0
1777891396.5793324,-2.0,-2.0,-84.0
1777891396.5893323,0.0,0.0,-82.0
1777891396.5993323,3.0,0.0,-81.0
1777891396.6093323,1.0,-2.0,-86.0
1777891396.6193323,0.0,-1.0,-82.0
1777891396.6293323,5.0,-3.0,-89.0
1777891396.6393323,3.0,-4.0,-82.0
1777891396.6493323,3.0,-4.0,-75.0
1777891396.6593325,0.0,-2.0,-76.0
1777891396.6693325,-2.0,-4.0,-72.0
1777891396.6793325,-3.0,-1.0,-72.0
1777891396.6893325,-2.0,2.0,-72.0
1777891396.6993325,2.0,2.0,-72.0
1777891396.7093325,0.0,2.0,-68.0
1777891396.7193325,-3.0,-1.0,-66.0
1777891396.7293324,0.0,-3.0,-67.0
1777891396.7393324,2.0,0.0,-68.0
1777891396.7493324,1.0,0.0,-62.0
1777891396.7593324,0.0,-3.0,-66.0
1777891396.7693324,-1.0,-3.0,-65.0
1777891396.7793324,-1.0,-2.0,-72.0
1777891396.7893324,0.0,-5.0,-73.0
1777891396.7993324,-4.0,-2.0,-77.0
1777891396.8093324,-2.0,3.0,-88.0
1777891396.8193324,-1.0,6.0,-87.0
1777891396.8293324,1.0,6.0,-85.0
1777891396.8393323,4.0,2.0,-81.0
1777891396.8493323,6.0,1.0,-74.0
1777891396.8593323,9.0,-1.0,-72.0
1777891396.8693323,2.0,0.0,-70.0
1777891396.8793323,2.0,-1.0,-74.0
1777891396.8893323,0.0,-1.0,-77.0
1777891396.8993323,4.0,-4.0,-75.0
1777891396.9093325,5.0,-2.0,-70.0
1777891396.9193325,2.0,-4.0,-66.0
1777891396.9293325,0.0,-6.0,-71.0
1777891396.9393325,1.0,-4.0,-77.0
1777891396.9493325,2.0,-2.0,-76.0
1777891396.9593325,1.0,-1.0,-79.0
1777891396.9693325,3.0,-7.0,-75.0
1777891396.9793324,5.0,-4.0,-73.0
1777891396.9893324,3.0,0.0,-64.0
1777891396.9993324,3.0,0.0,-72.0
1777891397.0093324,5.0,2.0,-79.0
1777891397.0193324,5.0,0.0,-78.0
1777891397.0293324,4.0,0.0,-81.0
1777891397.0393324,1.0,2.0,-78.0
1777891397.0493324,0.0,4.0,-76.0
1777891397.0593324,-1.0,3.0,-75.0
1777891397.0693324,0.0,3.0,-73.0
1777891397.0793324,1.0,3.0,-71.0
1777891397.0893323,2.0,0.0,-64.0
1777891397.0993323,3.0,0.0,-66.0
1777891397.1093323,0.0,0.0,-64.0
1777891397.1193323,-1.0,0.0,-63.0
1777891397.1293323,-4.0,0.0,-65.0
1777891397.1393323,2.0,0.0,-69.0
1777891397.1493323,5.0,-1.0,-69.0
1777891397.1593325,7.0,-1.0,-67.0
1777891397.1693325,4.0,-2.0,-67.0
1777891397.1793325,3.0,-5.0,-74.0
1777891397.1893325,4.0,-8.0,-81.0
1777891397.1993325,5.0,-7.0,-77.0
1777891397.2093325,0.0,-3.0,-70.0
1777891397.2193325,3.0,-5.0,-68.0
1777891397.2293324,0.0,-5.0,-70.0
1777891397.2393324,1.0,-5.0,-70.0
1777891397.2493324,3.0,0.0,-68.0
1777891397.2593324,5.0,-5.0,-64.0
1777891397.2693324,1.0,-2.0,-64.0
1777891397.2793324,0.0,2.0,-77.0
1777891397.2893324,0.0,2.0,-77.0
1777891397.2993324,-2.0,2.0,-81.0
1777891397.3093324,2.0,-2.0,-73.0
1777891397.3193324,3.0,-4.0,-68.0
1777891397.3293324,1.0,-4.0,-71.0
1777891397.3393323,-1.0,-4.0,-71.0
1777891397.3493323,0.0,-5.0,-69.0
1777891397.3593323,0.0,-4.0,-65.0
1777891397.3693323,1.0,-2.0,-66.0
1777891397.3793323,-1.0,-7.0,-72.0
1777891397.3893323,-4.0,-8.0,-72.0
1777891397.3993323,-1.0,-6.0,-71.0
1777891397.4093325,3.0,-2.0,-72.0
1777891397.4193325,3.0,-3.0,-76.0
1777891397.4293325,4.0,-3.0,-79.0
1777891397.4393325,3.0,0.0,-83.0
1777891397.4493325,2.0,1.0,-84.0
1777891397.4593325,-1.0,2.0,-84.0
1777891397.4693325,2.0,-1.0,-81.0
1777891397.4793324,1.0,-2.0,-81.0
1777891397.4893324,0.0,0.0,-83.0
1777891397.4993324,0.0,0.0,-85.0
1777891397.5093324,2.0,-1.0,-78.0
1777891397.5193324,0.0,-3.0,-79.0
1777891397.5293324,0.0,-1.0,-76.0
1777891397.5393324,1.0,-3.0,-75.0
1777891397.5493324,0.0,-4.0,-75.0
1777891397.5593324,1.0,-4.0,-70.0
1777891397.5693324,2.0,-3.0,-70.0
1777891397.5793324,-3.0,-3.0,-74.0
1777891397.5893323,-4.0,-6.0,-71.0
1777891397.5993323,-3.0,2.0,-69.0
1777891397.6093323,-8.0,2.0,-69.0
1777891397.6193323,-7.0,0.0,-66.0
1777891397.6293323,0.0,-3.0,-66.0
1777891397.6393323,1.0,-2.0,-65.0
1777891397.6493323,-3.0,2.0,-70.0
1777891397.6593325,-6.0,2.0,-70.0
1777891397.6693325,-4.0,3.0,-68.0
1777891397.6793325,-3.0,0.0,-65.0
1777891397.6893325,-2.0,0.0,-63.0
1777891397.6993325,-5.0,1.0,-71.0
1777891397.7093325,-6.0,0.0,-72.0
1777891397.7193325,0.0,2.0,-72.0
1777891397.7293324,1.0,4.0,-77.0
1777891397.7393324,-1.0,4.0,-73.0
1777891397.7493324,-3.0,4.0,-69.0
1777891397.7593324,-4.0,7.0,-69.0
1777891397.7693324,-3.0,5.0,-65.0
1777891397.7793324,0.0,2.0,-66.0
1777891397.7893324,1.0,-1.0,-69.0
1777891397.7993324,3.0,-2.0,-77.0
1777891397.8093324,0.0,-2.0,-80.0
1777891397.8193324,-1.0,-2.0,-78.0
1777891397.8293324,-4.0,-3.0,-80.0
1777891397.8393323,-3.0,-6.0,-80.0
1777891397.8493323,-7.0,-5.0,-72.0
1777891397.8593323,-6.0,-3.0,-69.0
1777891397.8693323,-7.0,-3.0,-69.0
1777891397.8793323,-3.0,-2.0,-73.0
1777891397.8893323,1.0,1.0,-79.0
1777891397.8993323,0.0,0.0,-80.0
1777891397.9093325,2.0,0.0,-81.0
1777891397.9193325,4.0,0.0,-78.0
1777891397.9293325,3.0,-4.0,-70.0
1777891397.9393325,5.0,-2.0,-69.0
1777891397.9493325,0.0,3.0,-71.0
1777891397.9593325,-1.0,2.0,-69.0
1777891397.9693325,-2.0,-2.0,-70.0
1777891397.9793324,-1.0,-5.0,-68.0
1777891397.9893324,1.0,-3.0,-67.0
1777891397.9993324,5.0,0.0,-59.0
1777891398.0093324,7.0,2.0,-53.0
1777891398.0193324,7.0,0.0,-60.0
1777891398.0293324,8.0,1.0,-62.0
1777891398.0393324,7.0,2.0,-63.0
1777891398.0493324,3.0,6.0,-71.0
1777891398.0593324,1.0,4.0,-71.0
1777891398.0693324,0.0,3.0,-76.0
1777891398.0793324,-1.0,2.0,-76.0
1777891398.0893323,5.0,3.0,-75.0
1777891398.0993323,6.0,3.0,-74.0
1777891398.1103325,7.0,1.0,-77.0
1777891398.1203325,5.0,5.0,-81.0
1777891398.1303325,3.0,7.0,-82.0
1777891398.1403325,3.0,8.0,-79.0
1777891398.1503325,0.0,2.0,-72.0
1777891398.1603324,2.0,2.0,-67.0
1777891398.1703324,7.0,-1.0,-62.0
1777891398.1803324,8.0,0.0,-67.0
1777891398.1903324,4.0,-3.0,-69.0
1777891398.2003324,2.0,-2.0,-69.0
1777891398.2103324,0.0,-5.0,-66.0
1777891398.2203324,-1.0,-2.0,-73.0
1777891398.2303324,2.0,-4.0,-80.0
1777891398.2403324,2.0,-4.0,-76.0
1777891398.2503324,1.0,-1.0,-70.0
1777891398.2603323,5.0,-2.0,-71.0
1777891398.2703323,2.0,-1.0,-68.0
1777891398.2803323,4.0,0.0,-71.0
1777891398.2903323,7.0,7.0,-75.0
1777891398.3003323,1.0,3.0,-77.0
1777891398.3103323,0.0,0.0,-72.0
1777891398.3203323,6.0,0.0,-68.0
1777891398.3303325,7.0,-1.0,-66.0
1777891398.3403325,9.0,0.0,-68.0
1777891398.3503325,10.0,-4.0,-67.0
1777891398.3603325,6.0,-5.0,-70.0
1777891398.3703325,4.0,-6.0,-70.0
1777891398.3803325,5.0,-7.0,-74.0
1777891398.3903325,5.0,-7.0,-68.0
1777891398.4003325,1.0,-11.0,-70.0
1777891398.4103324,-3.0,-12.0,-66.0
1777891398.4203324,-5.0,-9.0,-60.0
1777891398.4303324,-3.0,-8.0,-63.0
1777891398.4403324,-6.0,-10.0,-64.0
1777891398.4503324,-7.0,-13.0,-65.0
1777891398.4603324,-3.0,-8.0,-71.0
1777891398.4703324,-6.0,-6.0,-71.0
1777891398.4803324,-6.0,-4.0,-65.0
1777891398.4903324,0.0,-3.0,-67.0
1777891398.5003324,5.0,0.0,-69.0
1777891398.5103323,9.0,-2.0,-62.0
1777891398.5203323,7.0,0.0,-66.0
1777891398.5303323,8.0,-4.0,-71.0
1777891398.5403323,9.0,-5.0,-63.0
1777891398.5503323,6.0,-5.0,-61.0
1777891398.5603323,3.0,-4.0,-68.0
1777891398.5703323,2.0,-4.0,-66.0
1777891398.5803325,0.0,-2.0,-68.0
1777891398.5903325,1.0,0.0,-70.0
1777891398.6003325,-1.0,1.0,-70.0
1777891398.6103325,-3.0,-1.0,-67.0
1777891398.6203325,-1.0,-3.0,-67.0
1777891398.6303325,0.0,-3.0,-65.0
1777891398.6403325,0.0,-3.0,-65.0
1777891398.6503325,0.0,-5.0,-69.0
1777891398.6603324,-2.0,-4.0,-75.0
1777891398.6703324,0.0,-5.0,-72.0
1777891398.6803324,1.0,-5.0,-69.0
1777891398.6903324,1.0,-4.0,-72.0
1777891398.7003324,5.0,-4.0,-72.0
1777891398.7103324,7.0,-5.0,-76.0
1777891398.7203324,9.0,-7.0,-72.0
1777891398.7303324,4.0,-7.0,-71.0
1777891398.7403324,0.0,-7.0,-68.0
1777891398.7503324,0.0,-8.0,-67.0
1777891398.7603323,1.0,-9.0,-68.0
1777891398.7703323,3.0,-6.0,-67.0
1777891398.7803323,6.0,-6.0,-61.0
1777891398.7903323,7.0,-1.0,-57.0
1777891398.8003323,4.0,5.0,-57.0
1777891398.8103323,1.0,9.0,-61.0
1777891398.8203323,4.0,7.0,-67.0
1777891398.8303325,5.0,6.0,-70.0
1777891398.8403325,3.0,5.0,-77.0
1777891398.8503325,9.0,0.0,-72.0
1777891398.8603325,4.0,0.0,-74.0
1777891398.8703325,6.0,-2.0,-81.0
1777891398.8803325,6.0,0.0,-79.0
1777891398.8903325,7.0,0.0,-67.0
1777891398.9003325,5.0,0.0,-67.0
1777891398.9103324,4.0,-2.0,-70.0
1777891398.9203324,1.0,1.0,-74.0
1777891398.9303324,-3.0,3.0,-76.0
1777891398.9403324,-2.0,1.0,-74.0
1777891398.9503324,-3.0,3.0,-74.0
1777891398.9603324,-2.0,0.0,-76.0
1777891398.9703324,0.0,-2.0,-76.0
1777891398.9803324,4.0,-5.0,-75.0
1777891398.9903324,2.0,-4.0,-77.0
1777891399.0003324,0.0,-4.0,-69.0
1777891399.0103323,0.0,-3.0,-69.0
1777891399.0203323,-3.0,-2.0,-70.0
1777891399.0303323,-3.0,-3.0,-69.0
1777891399.0403323,-7.0,-4.0,-61.0
1777891399.0503323,-4.0,0.0,-56.0
1777891399.0603323,-3.0,0.0,-61.0
1777891399.0703323,-6.0,1.0,-60.0
1777891399.0803325,-2.0,2.0,-61.0
1777891399.0903325,-2.0,2.0,-62.0
1777891399.1003325,-2.0,0.0,-64.0
1777891399.1103325,0.0,0.0,-68.0
1777891399.1203325,1.0,0.0,-70.0
1777891399.1303325,-2.0,0.0,-71.0
1777891399.1403325,-1.0,0.0,-81.0
1777891399.1503325,0.0,-1.0,-84.0
1777891399.1603324,-1.0,0.0,-85.0
1777891399.1703324,-2.0,-3.0,-84.0
1777891399.1803324,-3.0,-9.0,-84.0
1777891399.1903324,-5.0,-9.0,-80.0
1777891399.2003324,0.0,-12.0,-74.0
1777891399.2103324,0.0,-11.0,-68.0
1777891399.2203324,0.0,-5.0,-67.0
1777891399.2303324,-8.0,-2.0,-69.0
1777891399.2403324,-3.0,0.0,-78.0
1777891399.2503324,3.0,0.0,-74.0
1777891399.2603323,2.0,-2.0,-74.0
1777891399.2703323,0.0,-6.0,-75.0
1777891399.2803323,-1.0,-5.0,-71.0
1777891399.2903323,0.0,-3.0,-72.0
1777891399.3003323,-2.0,-1.0,-74.0
1777891399.3103323,-1.0,0.0,-71.0
1777891399.3203323,5.0,2.0,-71.0
1777891399.3303325,0.0,1.0,-73.0
1777891399.3403325,5.0,2.0,-79.0
1777891399.3503325,1.0,3.0,-78.0
1777891399.3603325,2.0,3.0,-74.0
1777891399.3703325,-1.0,6.0,-70.0
1777891399.3803325,-4.0,5.0,-69.0
1777891399.3903325,0.0,0.0,-72.0
1777891399.4003325,-1.0,-1.0,-77.0
1777891399.4103324,0.0,0.0,-81.0
1777891399.4203324,5.0,0.0,-75.0
1777891399.4303324,5.0,0.0,-68.0
1777891399.4403324,3.0,3.0,-69.0
1777891399.4503324,2.0,4.0,-64.0
1777891399.4603324,0.0,2.0,-72.0
1777891399.4703324,-2.0,6.0,-77.0
1777891399.4803324,1.0,6.0,-81.0
1777891399.4903324,-7.0,5.0,-74.0
1777891399.5003324,-7.0,2.0,-76.0
1777891399.5103323,-7.0,-2.0,-81.0
1777891399.5203323,-2.0,-5.0,-78.0
1777891399.5303323,-1.0,-4.0,-80.0
1777891399.5403323,-2.0,-4.0,-77.0
1777891399.5503323,-5.0,3.0,-71.0
1777891399.5603323,-7.0,4.0,-68.0
1777891399.5703323,-4.0,0.0,-69.0
1777891399.5803325,-2.0,0.0,-69.0
1777891399.5903325,-1.0,-3.0,-76.0
1777891399.6003325,2.0,-3.0,-81.0
1777891399.6103325,0.0,-6.0,-86.0
1777891399.6203325,-2.0,0.0,-83.0
1777891399.6303325,0.0,0.0,-85.0
1777891399.6403325,-4.0,-1.0,-84.0
1777891399.6503325,0.0,-1.0,-83.0
1777891399.6603324,2.0,-5.0,-80.0
1777891399.6703324,1.0,-2.0,-77.0
1777891399.6803324,0.0,0.0,-76.0
1777891399.6903324,5.0,0.0,-70.0
1777891399.7003324,4.0,0.0,-71.0
1777891399.7103324,-1.0,-1.0,-68.0
1777891399.7203324,-2.0,2.0,-65.0
1777891399.7303324,-4.0,5.0,-64.0
1777891399.7403324,-4.0,3.0,-66.0
1777891399.7503324,0.0,1.0,-57.0
1777891399.7603323,0.0,1.0,-58.0
1777891399.7703323,5.0,3.0,-65.0
1777891399.7803323,3.0,5.0,-65.0
1777891399.7903323,5.0,2.0,-62.0
1777891399.8003323,7.0,0.0,-61.0
1777891399.8103323,6.0,4.0,-60.0
1777891399.8203323,11.0,5.0,-60.0
1777891399.8303325,7.0,3.0,-63.0
1777891399.8403325,9.0,-2.0,-62.0
1777891399.8503325,7.0,0.0,-65.0
1777891399.8603325,3.0,-2.0,-68.0
1777891399.8703325,3.0,-5.0,-69.0
1777891399.8803325,1.0,-8.0,-71.0
1777891399.8903325,3.0,-7.0,-69.0
1777891399.9003325,2.0,-6.0,-72.0
1777891399.9103324,1.0,1.0,-66.0
1777891399.9203324,0.0,1.0,-61.0
1777891399.9303324,-3.0,0.0,-64.0
1777891399.9403324,-7.0,-3.0,-63.0
1777891399.9503324,-7.0,1.0,-65.0
1777891399.9603324,-5.0,0.0,-65.0
1777891399.9703324,-5.0,0.0,-64.0
1777891399.9803324,-7.0,-1.0,-63.0
1777891399.9903324,-6.0,-2.0,-66.0
1777891400.0003324,-5.0,-5.0,-64.0
1777891400.0103323,-7.0,-5.0,-67.0
1777891400.0203323,0.0,-3.0,-72.0
1777891400.0303323,0.0,0.0,-67.0
1777891400.0403323,0.0,3.0,-69.0
1777891400.0503323,-1.0,4.0,-67.0
1777891400.0603323,0.0,6.0,-66.0
1777891400.0703323,3.0,2.0,-69.0
1777891400.0803325,5.0,-2.0,-76.0
1777891400.0913324,6.0,-5.0,-79.0
1777891400.1003325,4.0,-6.0,-75.0
1777891400.1103325,2.0,-11.0,-75.0
1777891400.1213324,0.0,-11.0,-77.0
1777891400.1313324,-1.0,-5.0,-71.0
1777891400.1413324,-3.0,-3.0,-68.0
1777891400.1513324,0.0,-2.0,-64.0
1777891400.1613324,0.0,0.0,-74.0
1777891400.1713324,4.0,0.0,-68.0
1777891400.1813323,2.0,0.0,-79.0
1777891400.1913323,2.0,0.0,-79.0
1777891400.2013323,-4.0,0.0,-71.0
1777891400.2113323,-4.0,-2.0,-73.0
1777891400.2213323,0.0,-2.0,-72.0
1777891400.2313323,-1.0,-3.0,-71.0
1777891400.2413323,-2.0,-4.0,-70.0
1777891400.2513323,0.0,-4.0,-71.0
1777891400.2613325,1.0,-4.0,-76.0
1777891400.2713325,4.0,-9.0,-70.0
1777891400.2813325,1.0,-8.0,-74.0
1777891400.2913325,0.0,-7.0,-73.0
1777891400.3013325,0.0,-4.0,-77.0
1777891400.3113325,2.0,-1.0,-74.0
1777891400.3213325,0.0,0.0,-82.0
1777891400.3313324,-1.0,1.0,-78.0
1777891400.3413324,-1.0,-1.0,-74.0
1777891400.3513324,-6.0,-3.0,-77.0
1777891400.3613324,-3.0,0.0,-68.0
1777891400.3713324,0.0,4.0,-62.0
1777891400.3813324,3.0,3.0,-64.0
1777891400.3913324,3.0,2.0,-64.0
1777891400.4013324,1.0,0.0,-68.0
1777891400.4113324,2.0,1.0,-75.0
1777891400.4213324,0.0,2.0,-78.0
1777891400.4313323,0.0,5.0,-78.0
1777891400.4413323,4.0,2.0,-79.0
1777891400.4513323,2.0,0.0,-73.0
1777891400.4613323,2.0,0.0,-72.0
1777891400.4713323,2.0,-1.0,-70.0
1777891400.4813323,3.0,-6.0,-72.0
1777891400.4913323,4.0,-7.0,-68.0
1777891400.5013323,3.0,-2.0,-65.0
1777891400.5113325,5.0,-4.0,-67.0
1777891400.5213325,5.0,-6.0,-71.0
1777891400.5313325,9.0,-9.0,-69.0
1777891400.5413325,10.0,-9.0,-70.0
1777891400.5513325,7.0,-6.0,-63.0
1777891400.5613325,1.0,-5.0,-66.0
1777891400.5713325,-2.0,-5.0,-69.0
1777891400.5813324,0.0,-4.0,-71.0
1777891400.5913324,-1.0,-6.0,-70.0
1777891400.6013324,0.0,-9.0,-73.0
1777891400.6113324,0.0,-1.0,-73.0
1777891400.6213324,2.0,0.0,-74.0
1777891400.6313324,1.0,2.0,-73.0
1777891400.6413324,-1.0,4.0,-76.0
1777891400.6513324,0.0,0.0,-76.0
1777891400.6613324,4.0,-1.0,-75.0
1777891400.6713324,3.0,-3.0,-68.0
1777891400.6813323,6.0,1.0,-71.0
1777891400.6913323,0.0,3.0,-78.0
1777891400.7013323,0.0,4.0,-79.0
1777891400.7113323,0.0,4.0,-74.0
1777891400.7213323,0.0,2.0,-76.0
1777891400.7313323,-1.0,5.0,-74.0
1777891400.7413323,0.0,4.0,-77.0
1777891400.7513323,2.0,-1.0,-74.0
1777891400.7613325,2.0,-2.0,-79.0
1777891400.7713325,1.0,0.0,-74.0
1777891400.7813325,8.0,-1.0,-75.0
1777891400.7913325,11.0,-4.0,-72.0
1777891400.8013325,16.0,-1.0,-75.0
1777891400.8113325,13.0,0.0,-75.0
1777891400.8213325,13.0,-1.0,-80.0
1777891400.8313324,8.0,-1.0,-82.0
1777891400.8413324,6.0,0.0,-86.0
1777891400.8513324,8.0,5.0,-83.0
1777891400.8613324,2.0,2.0,-79.0
1777891400.8713324,3.0,4.0,-80.0
1777891400.8813324,2.0,7.0,-79.0
1777891400.8913324,2.0,2.0,-72.0
1777891400.9013324,4.0,6.0,-70.0
1777891400.9113324,1.0,5.0,-68.0
1777891400.9213324,0.0,5.0,-71.0
1777891400.9313323,0.0,4.0,-74.0
1777891400.9413323,-3.0,1.0,-72.0
1777891400.9513323,-6.0,5.0,-74.0
1777891400.9613323,-4.0,6.0,-79.0
1777891400.9713323,-2.0,6.0,-82.0
1777891400.9813323,0.0,2.0,-78.0
1777891400.9913323,-1.0,4.0,-78.0
1777891401.0013323,-5.0,2.0,-72.0
1777891401.0113325,-3.0,0.0,-73.0
1777891401.0213325,-3.0,1.0,-74.0
1777891401.0313325,-3.0,-2.0,-67.0
1777891401.0413325,-3.0,-2.0,-63.0
1777891401.0513325,0.0,0.0,-66.0
1777891401.0613325,0.0,0.0,-68.0
1777891401.0713325,4.0,-4.0,-72.0
1777891401.0813324,5.0,-4.0,-71.0
1777891401.0913324,1.0,-3.0,-65.0
1777891401.1013324,0.0,-2.0,-57.0
1777891401.1113324,-2.0,-4.0,-59.0
1777891401.1213324,-3.0,-2.0,-60.0
1777891401.1313324,1.0,1.0,-62.0
1777891401.1413324,-1.0,0.0,-65.0
1777891401.1513324,1.0,-3.0,-65.0
1777891401.1613324,0.0,-4.0,-63.0
1777891401.1713324,-1.0,-6.0,-71.0
1777891401.1813323,-3.0,-8.0,-70.0
1777891401.1913323,-2.0,-10.0,-70.0
1777891401.2013323,-5.0,-6.0,-70.0
1777891401.2113323,-5.0,-3.0,-64.0
1777891401.2213323,-4.0,0.0,-67.0
1777891401.2313323,-2.0,2.0,-73.0
1777891401.2413323,0.0,-3.0,-75.0
1777891401.2513323,2.0,-3.0,-78.0
1777891401.2613325,0.0,-3.0,-73.0
1777891401.2713325,-1.0,-1.0,-75.0
1777891401.2813325,-1.0,-3.0,-79.0
1777891401.2913325,0.0,-5.0,-78.0
1777891401.3013325,-1.0,-7.0,-81.0
1777891401.3113325,0.0,-9.0,-79.0
1777891401.3213325,4.0,-8.0,-72.0
1777891401.3313324,6.0,-10.0,-67.0
1777891401.3413324,3.0,-11.0,-69.0
1777891401.3513324,3.0,-11.0,-70.0
1777891401.3613324,-1.0,-7.0,-73.0
1777891401.3713324,2.0,-5.0,-69.0
1777891401.3813324,2.0,-7.0,-78.0
1777891401.3913324,2.0,-7.0,-80.0
1777891401.4013324,1.0,-4.0,-78.0
1777891401.4113324,3.0,-2.0,-71.0
1777891401.4213324,9.0,-7.0,-77.0
1777891401.4313323,12.0,-6.0,-72.0
1777891401.4413323,4.0,-4.0,-63.0
1777891401.4513323,3.0,-2.0,-63.0
1777891401.4613323,5.0,-3.0,-70.0
1777891401.4713323,4.0,-2.0,-71.0
1777891401.4813323,3.0,-5.0,-73.0
1777891401.4913323,5.0,-2.0,-72.0
1777891401.5013323,3.0,-4.0,-72.0
1777891401.5113325,1.0,-3.0,-65.0
1777891401.5213325,-2.0,-2.0,-64.0
1777891401.5313325,-3.0,-3.0,-64.0
1777891401.5413325,-1.0,-3.0,-64.0
1777891401.5513325,5.0,-4.0,-63.0
1777891401.5613325,4.0,-4.0,-63.0
1777891401.5713325,4.0,-1.0,-68.0
1777891401.5813324,2.0,-1.0,-69.0
1777891401.5913324,0.0,3.0,-73.0
1777891401.6013324,0.0,1.0,-72.0
1777891401.6113324,1.0,2.0,-72.0
1777891401.6213324,1.0,4.0,-75.0
1777891401.6313324,1.0,2.0,-74.0
1777891401.6413324,0.0,4.0,-78.0
1777891401.6513324,0.0,7.0,-72.0
1777891401.6613324,0.0,6.0,-71.0
1777891401.6713324,-1.0,4.0,-71.0
1777891401.6813323,-1.0,-3.0,-75.0
1777891401.6913323,-2.0,-4.0,-71.0
1777891401.7013323,-4.0,-2.0,-72.0
1777891401.7113323,-1.0,-1.0,-68.0
1777891401.7213323,-1.0,-3.0,-72.0
1777891401.7313323,-3.0,-3.0,-70.0
1777891401.7413323,-1.0,-4.0,-71.0
1777891401.7513323,2.0,-4.0,-71.0
1777891401.7613325,1.0,-4.0,-69.0
1777891401.7713325,4.0,-3.0,-65.0
1777891401.7813325,4.0,0.0,-58.0
1777891401.7913325,0.0,1.0,-58.0
1777891401.8013325,-4.0,0.0,-61.0
1777891401.8113325,-5.0,0.0,-65.0
1777891401.8213325,-3.0,3.0,-64.0
1777891401.8313324,-2.0,4.0,-70.0
1777891401.8413324,-1.0,9.0,-69.0
1777891401.8513324,-3.0,7.0,-71.0
1777891401.8613324,3.0,3.0,-71.0
1777891401.8713324,4.0,5.0,-75.0
1777891401.8813324,2.0,7.0,-78.0
1777891401.8913324,5.0,8.0,-80.0
1777891401.9013324,3.0,8.0,-80.0
1777891401.9113324,1.0,4.0,-75.0
1777891401.9213324,-1.0,-2.0,-75.0
1777891401.9313323,-1.0,-2.0,-72.0
1777891401.9413323,-1.0,-2.0,-74.0
1777891401.9513323,-3.0,-2.0,-71.0
1777891401.9613323,-1.0,-1.0,-64.0
1777891401.9713323,1.0,0.0,-69.0
1777891401.9813323,3.0,-1.0,-70.0
1777891401.9913323,0.0,-1.0,-72.0
1777891402.0013323,-1.0,-3.0,-70.0
1777891402.0113325,8.0,1.0,-67.0
1777891402.0213325,10.0,3.0,-66.0
1777891402.0313325,11.0,0.0,-63.0
1777891402.0413325,8.0,0.0,-61.0
1777891402.0523324,8.0,0.0,-64.0
1777891402.0613325,6.0,-2.0,-68.0
1777891402.0713325,9.0,0.0,-68.0
1777891402.0813324,9.0,0.0,-68.0
1777891402.0913324,6.0,2.0,-74.0
1777891402.1013324,0.0,1.0,-75.0
1777891402.1123323,0.0,3.0,-72.0
1777891402.1223323,-2.0,0.0,-70.0
1777891402.1323323,-3.0,-1.0,-72.0
1777891402.1423323,-5.0,0.0,-71.0
1777891402.1523323,-5.0,0.0,-71.0
1777891402.1623323,-1.0,-1.0,-74.0
1777891402.1723323,0.0,0.0,-76.0
1777891402.1823325,-1.0,2.0,-76.0
1777891402.1923325,-1.0,0.0,-75.0
1777891402.2023325,-4.0,-2.0,-70.0
1777891402.2123325,-3.0,-5.0,-72.0
1777891402.2223325,-3.0,-4.0,-80.0
1777891402.2323325,0.0,-3.0,-81.0
1777891402.2423325,-3.0,0.0,-83.0
1777891402.2523324,-9.0,0.0,-79.0
1777891402.2623324,-7.0,2.0,-72.0
1777891402.2723324,-7.0,3.0,-72.0
1777891402.2823324,0.0,1.0,-72.0
1777891402.2923324,1.0,1.0,-69.0
1777891402.3023324,1.0,1.0,-67.0
1777891402.3123324,-4.0,0.0,-65.0
1777891402.3223324,-6.0,0.0,-68.0
1777891402.3323324,-4.0,1.0,-63.0
1777891402.3423324,1.0,3.0,-69.0
1777891402.3523324,4.0,0.0,-70.0
1777891402.3623323,3.0,1.0,-69.0
1777891402.3723323,0.0,1.0,-74.0
1777891402.3823323,-5.0,0.0,-73.0
1777891402.3923323,-6.0,-2.0,-70.0
1777891402.4023323,-6.0,-2.0,-71.0
1777891402.4123323,-3.0,-2.0,-75.0
1777891402.4223323,-1.0,-2.0,-73.0
1777891402.4323325,1.0,1.0,-76.0
1777891402.4423325,0.0,0.0,-72.0
1777891402.4523325,3.0,0.0,-70.0
1777891402.4623325,5.0,1.0,-71.0
1777891402.4723325,1.0,-2.0,-67.0
1777891402.4823325,1.0,-3.0,-69.0
1777891402.4923325,-2.0,2.0,-63.0
1777891402.5023324,0.0,2.0,-61.0
1777891402.5123324,-1.0,6.0,-70.0
1777891402.5223324,0.0,4.0,-67.0
1777891402.5323324,3.0,5.0,-67.0
1777891402.5423324,0.0,8.0,-74.0
1777891402.5523324,2.0,8.0,-72.0
1777891402.5623324,0.0,6.0,-74.0
1777891402.5723324,5.0,2.0,-69.0
1777891402.5823324,0.0,0.0,-70.0
1777891402.5923324,0.0,-2.0,-71.0
1777891402.6023324,1.0,-2.0,-73.0
1777891402.6123323,0.0,5.0,-71.0
1777891402.6223323,2.0,1.0,-65.0
1777891402.6323323,5.0,-1.0,-66.0
1777891402.6423323,9.0,-1.0,-68.0
1777891402.6523323,10.0,-1.0,-66.0
1777891402.6623323,8.0,-4.0,-67.0
1777891402.6723323,4.0,-1.0,-68.0
1777891402.6823325,6.0,-4.0,-72.0
1777891402.6923325,4.0,-4.0,-65.0
1777891402.7023325,9.0,-2.0,-66.0
1777891402.7123325,11.0,-1.0,-68.0
1777891402.7223325,10.0,0.0,-65.0
1777891402.7323325,10.0,0.0,-63.0
1777891402.7423325,6.0,5.0,-67.0
1777891402.7523324,2.0,4.0,-79.0
1777891402.7623324,0.0,2.0,-75.0
1777891402.7723324,1.0,-1.0,-74.0
1777891402.7823324,0.0,0.0,-73.0
1777891402.7923324,-5.0,-2.0,-75.0
1777891402.8023324,-6.0,-1.0,-75.0
1777891402.8123324,-4.0,0.0,-74.0
1777891402.8223324,0.0,-3.0,-73.0
1777891402.8323324,-1.0,-5.0,-81.0
1777891402.8423324,-3.0,-9.0,-83.0
1777891402.8523324,0.0,-6.0,-79.0
1777891402.8623323,1.0,-7.0,-76.0
1777891402.8723323,-2.0,-5.0,-80.0
1777891402.8823323,-6.0,-5.0,-84.0
1777891402.8923323,-5.0,-3.0,-84.0
1777891402.9023323,-2.0,-2.0,-81.0
1777891402.9123323,-2.0,1.0,-82.0
1777891402.9223323,-4.0,4.0,-78.0
1777891402.9323325,0.0,6.0,-76.0
1777891402.9423325,1.0,4.0,-79.0
1777891402.9523325,1.0,4.0,-84.0
1777891402.9623325,1.0,7.0,-83.0
1777891402.9723325,0.0,10.0,-84.0
1777891402.9823325,6.0,10.0,-83.0
1777891402.9923325,8.0,6.0,-79.0
1777891403.0023324,10.0,4.0,-72.0
1777891403.0123324,8.0,2.0,-72.0
1777891403.0223324,4.0,0.0,-69.0
1777891403.0323324,3.0,-1.0,-71.0
1777891403.0423324,3.0,-2.0,-69.0
1777891403.0523324,4.0,-3.0,-65.0
1777891403.0623324,1.0,-3.0,-67.0
1777891403.0723324,1.0,-1.0,-73.0
1777891403.0823324,3.0,0.0,-74.0
1777891403.0923324,5.0,0.0,-74.0
1777891403.1023324,2.0,4.0,-73.0
1777891403.1123323,0.0,2.0,-70.0
1777891403.1223323,1.0,1.0,-68.0
1777891403.1323323,-1.0,3.0,-68.0
1777891403.1423323,1.0,2.0,-69.0
1777891403.1523323,6.0,6.0,-70.0
1777891403.1623323,12.0,2.0,-74.0
1777891403.1723323,7.0,0.0,-77.0
1777891403.1823325,7.0,-1.0,-79.0
1777891403.1923325,0.0,3.0,-76.0
1777891403.2023325,4.0,0.0,-74.0
1777891403.2123325,0.0,-2.0,-70.0
1777891403.2223325,0.0,-2.0,-74.0
1777891403.2323325,0.0,-1.0,-73.0
1777891403.2423325,0.0,-5.0,-69.0
1777891403.2523324,-3.0,-5.0,-69.0
1777891403.2623324,-3.0,-4.0,-68.0
1777891403.2723324,-2.0,-3.0,-67.0
1777891403.2823324,0.0,2.0,-67.0
1777891403.2923324,-1.0,0.0,-67.0
1777891403.3023324,0.0,0.0,-66.0
1777891403.3123324,-2.0,-1.0,-72.0
1777891403.3223324,0.0,-4.0,-70.0
1777891403.3323324,-5.0,-6.0,-73.0
1777891403.3423324,-6.0,-8.0,-72.0
1777891403.3523324,-7.0,-8.0,-80.0
1777891403.3623323,-8.0,-4.0,-78.0
1777891403.3723323,-4.0,-3.0,-76.0
1777891403.3823323,-2.0,-7.0,-82.0
1777891403.3923323,-3.0,-7.0,-82.0
1777891403.4023323,1.0,-12.0,-81.0
1777891403.4123323,-1.0,-14.0,-81.0
1777891403.4223323,-3.0,-12.0,-79.0
1777891403.4323325,-5.0,-10.0,-79.0
1777891403.4423325,-6.0,-6.0,-74.0
1777891403.4523325,-7.0,-3.0,-73.0
1777891403.4623325,-6.0,1.0,-73.0
1777891403.4723325,-10.0,1.0,-74.0
1777891403.4823325,-4.0,1.0,-72.0
1777891403.4923325,-1.0,1.0,-71.0
1777891403.5023324,-3.0,1.0,-66.0
1777891403.5123324,0.0,0.0,-65.0
1777891403.5223324,1.0,-1.0,-64.0
1777891403.5323324,-1.0,-1.0,-67.0
1777891403.5423324,0.0,-1.0,-64.0
1777891403.5523324,-1.0,0.0,-63.0
1777891403.5623324,-1.0,0.0,-71.0
1777891403.5723324,-2.0,0.0,-79.0
1777891403.5823324,-2.0,1.0,-77.0
1777891403.5923324,0.0,1.0,-76.0
1777891403.6023324,2.0,-3.0,-77.0
1777891403.6123323,8.0,-2.0,-74.0
1777891403.6223323,6.0,0.0,-71.0
1777891403.6323323,6.0,-1.0,-74.0
1777891403.6423323,5.0,-3.0,-73.0
1777891403.6523323,4.0,0.0,-70.0
1777891403.6623323,3.0,-2.0,-75.0
1777891403.6723323,5.0,-4.0,-74.0
1777891403.6823325,4.0,-2.0,-74.0
1777891403.6923325,8.0,1.0,-73.0
1777891403.7023325,6.0,5.0,-70.0
1777891403.7123325,4.0,3.0,-72.0
1777891403.7223325,5.0,5.0,-73.0
1777891403.7323325,4.0,1.0,-69.0
1777891403.7423325,2.0,2.0,-72.0
1777891403.7523324,2.0,7.0,-79.0
1777891403.7623324,1.0,7.0,-77.0
1777891403.7723324,0.0,5.0,-70.0
1777891403.7823324,0.0,1.0,-67.0
1777891403.7923324,0.0,-4.0,-70.0
1777891403.8023324,0.0,-4.0,-68.0
1777891403.8123324,1.0,-4.0,-70.0
1777891403.8223324,-3.0,-4.0,-69.0
1777891403.8323324,0.0,-5.0,-68.0
1777891403.8423324,0.0,-6.0,-63.0
1777891403.8523324,5.0,-4.0,-61.0
1777891403.8623323,9.0,-6.0,-64.0
1777891403.8723323,10.0,-4.0,-64.0
1777891403.8823323,3.0,-5.0,-64.0
1777891403.8923323,3.0,-5.0,-64.0
1777891403.9023323,0.0,-10.0,-62.0
1777891403.9123323,0.0,-14.0,-66.0
1777891403.9223323,-2.0,-11.0,-71.0
1777891403.9323325,0.0,-8.0,-66.0
1777891403.9423325,2.0,-7.0,-66.0
1777891403.9523325,3.0,-4.0,-68.0
1777891403.9623325,3.0,0.0,-67.0
1777891403.9723325,3.0,0.0,-72.0
1777891403.9823325,0.0,-2.0,-78.0
1777891403.9923325,-2.0,0.0,-77.0
1777891404.0023324,-2.0,0.0,-80.0
1777891404.0123324,2.0,-1.0,-80.0
1777891404.0223324,2.0,0.0,-86.0
1777891404.0323324,3.0,0.0,-82.0
1777891404.0423324,3.0,-2.0,-79.0
1777891404.0523324,3.0,3.0,-82.0
1777891404.0633323,3.0,3.0,-78.0
1777891404.0723324,6.0,1.0,-72.0
1777891404.0823324,2.0,1.0,-72.0
1777891404.0933323,3.0,-3.0,-70.0
1777891404.1033323,3.0,-1.0,-74.0
1777891404.1133325,5.0,-1.0,-83.0
1777891404.1233325,0.0,-5.0,-77.0
1777891404.1333325,-3.0,-2.0,-79.0
1777891404.1433325,1.0,0.0,-87.0
1777891404.1533325,3.0,3.0,-77.0
1777891404.1633325,6.0,1.0,-68.0
1777891404.1733325,4.0,-1.0,-66.0
1777891404.1833324,7.0,2.0,-66.0
1777891404.1933324,7.0,1.0,-70.0
1777891404.2033324,10.0,8.0,-67.0
1777891404.2133324,9.0,11.0,-71.0
1777891404.2233324,6.0,10.0,-77.0
1777891404.2333324,4.0,7.0,-78.0
1777891404.2433324,4.0,5.0,-73.0
1777891404.2533324,1.0,4.0,-78.0
1777891404.2633324,-2.0,4.0,-82.0
1777891404.2733324,0.0,6.0,-88.0
1777891404.2833323,0.0,5.0,-87.0
1777891404.2933323,2.0,1.0,-85.0
1777891404.3033323,4.0,1.0,-83.0
1777891404.3133323,5.0,3.0,-79.0
1777891404.3233323,2.0,7.0,-74.0
1777891404.3333323,3.0,1.0,-71.0
1777891404.3433323,1.0,1.0,-72.0
1777891404.3533323,5.0,-1.0,-71.0
1777891404.3633325,5.0,-3.0,-79.0
1777891404.3733325,5.0,-3.0,-81.0
1777891404.3833325,7.0,0.0,-76.0
1777891404.3933325,5.0,2.0,-71.0
1777891404.4033325,5.0,6.0,-70.0
1777891404.4133325,3.0,6.0,-71.0
1777891404.4233325,3.0,3.0,-74.0
1777891404.4333324,5.0,2.0,-71.0
1777891404.4433324,8.0,5.0,-71.0
1777891404.4533324,9.0,3.0,-64.0
1777891404.4633324,10.0,2.0,-66.0
1777891404.4733324,9.0,5.0,-68.0
1777891404.4833324,11.0,3.0,-70.0
1777891404.4933324,10.0,-1.0,-76.0
1777891404.5033324,9.0,-3.0,-71.0
1777891404.5133324,4.0,-8.0,-77.0
1777891404.5233324,1.0,-2.0,-86.0
1777891404.5333323,-3.0,-2.0,-90.0
1777891404.5433323,0.0,4.0,-85.0
1777891404.5533323,2.0,7.0,-80.0
1777891404.5633323,0.0,8.0,-76.0
1777891404.5733323,0.0,4.0,-76.0
1777891404.5833323,2.0,4.0,-81.0
1777891404.5933323,4.0,5.0,-85.0
1777891404.6033323,1.0,0.0,-87.0
1777891404.6133325,5.0,2.0,-82.0
1777891404.6233325,4.0,2.0,-80.0
1777891404.6333325,0.0,0.0,-80.0
1777891404.6433325,0.0,3.0,-79.0
1777891404.6533325,2.0,0.0,-79.0
1777891404.6633325,0.0,-1.0,-82.0
1777891404.6733325,0.0,0.0,-73.0
1777891404.6833324,2.0,4.0,-72.0
1777891404.6933324,7.0,6.0,-72.0
1777891404.7033324,2.0,3.0,-73.0
1777891404.7133324,0.0,1.0,-72.0
1777891404.7233324,-1.0,1.0,-75.0
1777891404.7333324,-3.0,0.0,-72.0
1777891404.7433324,-2.0,0.0,-72.0
1777891404.7533324,-2.0,-1.0,-80.0
1777891404.7633324,-2.0,0.0,-79.0
1777891404.7733324,-1.0,-2.0,-71.0
1777891404.7833323,1.0,0.0,-74.0
1777891404.7933323,1.0,2.0,-80.0
1777891404.8033323,3.0,2.0,-80.0
1777891404.8133323,3.0,2.0,-77.0
1777891404.8233323,3.0,3.0,-75.0
1777891404.8333323,0.0,2.0,-81.0
1777891404.8433323,-2.0,2.0,-86.0
1777891404.8533323,-4.0,3.0,-86.0
1777891404.8633325,-3.0,3.0,-84.0
1777891404.8733325,-6.0,1.0,-79.0
1777891404.8833325,-1.0,1.0,-75.0
1777891404.8933325,-2.0,0.0,-72.0
1777891404.9033325,-2.0,0.0,-69.0
1777891404.9133325,-1.0,2.0,-68.0
1777891404.9233325,-1.0,2.0,-69.0
1777891404.9333324,-4.0,-4.0,-68.0
1777891404.9433324,-6.0,-5.0,-66.0
1777891404.9533324,-5.0,-2.0,-61.0
1777891404.9633324,-2.0,-1.0,-62.0
1777891404.9733324,1.0,-2.0,-67.0
1777891404.9833324,3.0,-3.0,-69.0
1777891404.9933324,-1.0,-5.0,-74.0
1777891405.0033324,-2.0,-1.0,-76.0
1777891405.0133324,3.0,1.0,-74.0
1777891405.0233324,4.0,4.0,-77.0
1777891405.0333323,7.0,2.0,-69.0
1777891405.0433323,7.0,2.0,-72.0
1777891405.0533323,10.0,0.0,-75.0
1777891405.0633323,9.0,2.0,-77.0
1777891405.0733323,8.0,0.0,-72.0
1777891405.0833323,10.0,1.0,-70.0
1777891405.0933323,5.0,0.0,-71.0
1777891405.1033323,1.0,-4.0,-68.0
1777891405.1133325,3.0,-2.0,-71.0
1777891405.1233325,2.0,0.0,-71.0
1777891405.1333325,3.0,0.0,-68.0
1777891405.1433325,4.0,1.0,-61.0
1777891405.1533325,6.0,0.0,-69.0
1777891405.1633325,7.0,0.0,-72.0
1777891405.1733325,4.0,-2.0,-73.0
1777891405.1833324,0.0,0.0,-73.0
1777891405.1933324,-1.0,0.0,-69.0
1777891405.2033324,0.0,-1.0,-66.0
1777891405.2133324,-5.0,-2.0,-72.0
1777891405.2233324,-4.0,-1.0,-76.0
1777891405.2333324,-2.0,-3.0,-77.0
1777891405.2433324,2.0,-4.0,-81.0
1777891405.2533324,0.0,-4.0,-77.0
1777891405.2633324,0.0,-3.0,-79.0
1777891405.2733324,2.0,0.0,-78.0
1777891405.2833323,4.0,3.0,-76.0
1777891405.2933323,2.0,1.0,-79.0
1777891405.3033323,-2.0,-1.0,-70.0
1777891405.3133323,-3.0,-1.0,-75.0
1777891405.3233323,1.0,-3.0,-75.0
1777891405.3333323,2.0,-7.0,-77.0
1777891405.3433323,0.0,-5.0,-68.0
1777891405.3533323,0.0,-10.0,-68.0
1777891405.3633325,5.0,-6.0,-69.0
1777891405.3733325,8.0,-5.0,-66.0
1777891405.3843324,4.0,-2.0,-59.0
1777891405.3933325,7.0,-5.0,-54.0
1777891405.4033325,5.0,-6.0,-62.0
1777891405.4133325,2.0,0.0,-71.0
1777891405.4233325,4.0,-5.0,-66.0
1777891405.4333324,5.0,-1.0,-59.0
1777891405.4433324,7.0,-1.0,-62.0
1777891405.4533324,6.0,0.0,-65.0
1777891405.4633324,4.0,-4.0,-63.0
1777891405.4733324,3.0,-3.0,-65.0
1777891405.4833324,4.0,-2.0,-58.0
1777891405.4933324,4.0,-1.0,-60.0
1777891405.5033324,4.0,0.0,-63.0
1777891405.5133324,8.0,3.0,-60.0
1777891405.5233324,7.0,4.0,-58.0
1777891405.5333323,6.0,-2.0,-55.0
1777891405.5433323,6.0,0.0,-65.0
1777891405.5533323,7.0,-1.0,-73.0
1777891405.5633323,5.0,-3.0,-77.0
1777891405.5733323,0.0,-4.0,-74.0
1777891405.5833323,-3.0,-3.0,-72.0
1777891405.5933323,-3.0,0.0,-73.0
1777891405.6033323,0.0,1.0,-67.0
1777891405.6133325,-1.0,0.0,-70.0
1777891405.6233325,4.0,0.0,-69.0
1777891405.6333325,5.0,0.0,-68.0
1777891405.6433325,2.0,0.0,-64.0
1777891405.6533325,6.0,-7.0,-65.0
1777891405.6633325,7.0,-11.0,-68.0
1777891405.6733325,7.0,-9.0,-66.0
1777891405.6833324,0.0,-9.0,-72.0
1777891405.6933324,0.0,-7.0,-80.0
1777891405.7033324,-4.0,-5.0,-79.0
1777891405.7133324,-3.0,-3.0,-79.0
1777891405.7233324,0.0,-3.0,-77.0
1777891405.7333324,0.0,-5.0,-77.0
1777891405.7433324,0.0,-3.0,-83.0
1777891405.7533324,-2.0,-3.0,-82.0
1777891405.7633324,0.0,-1.0,-82.0
1777891405.7733324,-4.0,1.0,-79.0
1777891405.7833323,-1.0,0.0,-75.0
1777891405.7933323,0.0,1.0,-70.0
1777891405.8033323,-2.0,2.0,-68.0
1777891405.8133323,-1.0,3.0,-76.0
1777891405.8233323,-2.0,7.0,-81.0
1777891405.8333323,-2.0,8.0,-77.0
1777891405.8433323,2.0,6.0,-74.0
1777891405.8533323,2.0,2.0,-70.0
1777891405.8633325,0.0,1.0,-71.0
1777891405.8733325,2.0,2.0,-64.0
1777891405.8833325,5.0,2.0,-67.0
1777891405.8933325,6.0,2.0,-64.0
1777891405.9033325,4.0,0.0,-70.0
1777891405.9133325,0.0,5.0,-66.0
1777891405.9233325,1.0,4.0,-60.0
1777891405.9333324,-2.0,1.0,-56.0
1777891405.9433324,-1.0,0.0,-54.0
1777891405.9533324,4.0,0.0,-54.0
1777891405.9633324,5.0,-1.0,-51.0
1777891405.9733324,0.0,-2.0,-60.0
1777891405.9833324,0.0,3.0,-65.0
1777891405.9933324,-1.0,0.0,-63.0
1777891406.0033324,4.0,-1.0,-63.0
1777891406.0133324,4.0,-3.0,-66.0
1777891406.0233324,5.0,0.0,-72.0
1777891406.0333323,5.0,0.0,-75.0
1777891406.0433323,1.0,1.0,-71.0
1777891406.0533323,0.0,1.0,-69.0
1777891406.0633323,-3.0,1.0,-76.0
1777891406.0743325,-3.0,-1.0,-68.0
1777891406.0833323,-1.0,-4.0,-70.0
1777891406.0943325,0.0,-4.0,-77.0
1777891406.1043324,0.0,-3.0,-75.0
1777891406.1143324,3.0,-2.0,-77.0
1777891406.1243324,5.0,-5.0,-82.0
1777891406.1343324,6.0,-4.0,-85.0
1777891406.1443324,5.0,-1.0,-85.0
1777891406.1543324,5.0,0.0,-85.0
1777891406.1643324,5.0,1.0,-80.0
1777891406.1743324,6.0,3.0,-79.0
1777891406.1843324,6.0,1.0,-80.0
1777891406.1943324,6.0,0.0,-76.0
1777891406.2043324,7.0,2.0,-77.0
1777891406.2143323,8.0,-2.0,-79.0
1777891406.2243323,8.0,-4.0,-82.0
1777891406.2343323,6.0,-3.0,-73.0
1777891406.2443323,2.0,-2.0,-69.0
1777891406.2543323,0.0,0.0,-69.0
1777891406.2643323,-1.0,4.0,-68.0
1777891406.2743323,0.0,5.0,-73.0
1777891406.2843325,-3.0,7.0,-70.0
1777891406.2943325,-10.0,5.0,-70.0
1777891406.3043325,-8.0,8.0,-73.0
1777891406.3143325,-5.0,5.0,-73.0
1777891406.3243325,-3.0,2.0,-79.0
1777891406.3343325,5.0,1.0,-75.0
1777891406.3443325,6.0,1.0,-78.0
1777891406.3543324,6.0,5.0,-82.0
1777891406.3643324,2.0,1.0,-85.0
1777891406.3743324,-2.0,1.0,-75.0
1777891406.3843324,-8.0,0.0,-74.0
1777891406.3943324,-11.0,-2.0,-72.0
1777891406.4043324,-5.0,1.0,-70.0
1777891406.4143324,0.0,3.0,-71.0
1777891406.4243324,-1.0,-2.0,-71.0
1777891406.4343324,1.0,-1.0,-71.0
1777891406.4443324,4.0,-5.0,-64.0
1777891406.4543324,5.0,-3.0,-66.0
1777891406.4643323,5.0,2.0,-65.0
1777891406.4743323,15.0,4.0,-61.0
1777891406.4843323,12.0,8.0,-60.0
1777891406.4943323,15.0,6.0,-60.0
1777891406.5043323,10.0,4.0,-63.0
1777891406.5143323,6.0,0.0,-70.0
1777891406.5243323,4.0,0.0,-70.0
1777891406.5343325,3.0,-2.0,-63.0
1777891406.5443325,1.0,-5.0,-58.0
1777891406.5543325,0.0,-3.0,-66.0
1777891406.5643325,-2.0,-2.0,-66.0
1777891406.5743325,-3.0,-3.0,-70.0
1777891406.5843325,1.0,-1.0,-76.0
1777891406.5943325,3.0,1.0,-72.0
1777891406.6043324,4.0,0.0,-74.0
1777891406.6143324,1.0,3.0,-72.0
1777891406.6243324,2.0,6.0,-75.0
1777891406.6343324,3.0,6.0,-80.0
1777891406.6443324,2.0,4.0,-76.0
1777891406.6543324,3.0,-1.0,-70.0
1777891406.6643324,0.0,-3.0,-65.0
1777891406.6743324,-1.0,-4.0,-69.0
1777891406.6843324,-4.0,-6.0,-75.0
1777891406.6943324,-1.0,-6.0,-74.0
1777891406.7043324,-1.0,-4.0,-79.0
1777891406.7143323,3.0,-3.0,-77.0
1777891406.7243323,3.0,-2.0,-78.0
1777891406.7343323,6.0,-2.0,-81.0
1777891406.7443323,5.0,0.0,-88.0
1777891406.7543323,2.0,-3.0,-93.0
1777891406.7643323,0.0,-2.0,-84.0
1777891406.7743323,-1.0,0.0,-77.0
1777891406.7843325,0.0,2.0,-71.0
1777891406.7943325,3.0,0.0,-74.0
1777891406.8043325,3.0,-2.0,-78.0
1777891406.8143325,5.0,-1.0,-76.0
1777891406.8243325,5.0,-2.0,-79.0
1777891406.8343325,4.0,-1.0,-80.0
1777891406.8443325,1.0,0.0,-74.0
1777891406.8543324,-1.0,0.0,-71.0
1777891406.8643324,0.0,1.0,-77.0
1777891406.8743324,3.0,-1.0,-74.0
1777891406.8843324,4.0,0.0,-76.0
1777891406.8943324,6.0,1.0,-76.0
1777891406.9043324,2.0,2.0,-74.0
1777891406.9143324,1.0,2.0,-74.0
1777891406.9243324,0.0,0.0,-75.0
1777891406.9343324,2.0,-2.0,-72.0
1777891406.9443324,4.0,-2.0,-63.0
1777891406.9543324,1.0,-4.0,-62.0
1777891406.9643323,1.0,0.0,-73.0
1777891406.9743323,1.0,-1.0,-63.0
1777891406.9843323,0.0,6.0,-62.0
1777891406.9943323,0.0,8.0,-64.0
1777891407.0043323,6.0,6.0,-64.0
1777891407.0143323,1.0,8.0,-58.0
1777891407.0243323,0.0,2.0,-58.0
1777891407.0343325,3.0,-1.0,-58.0
1777891407.0443325,10.0,0.0,-63.0
1777891407.0543325,10.0,-2.0,-68.0
1777891407.0643325,7.0,-1.0,-73.0
1777891407.0743325,6.0,-4.0,-74.0
1777891407.0843325,7.0,-3.0,-74.0
1777891407.0943325,3.0,-5.0,-79.0
1777891407.1043324,-1.0,-4.0,-74.0
1777891407.1143324,0.0,-6.0,-68.0
1777891407.1243324,2.0,-6.0,-65.0
1777891407.1343324,0.0,-4.0,-65.0
1777891407.1443324,2.0,-3.0,-69.0
1777891407.1543324,6.0,1.0,-64.0
1777891407.1643324,2.0,4.0,-67.0
1777891407.1743324,0.0,6.0,-70.0
1777891407.1843324,0.0,6.0,-77.0
1777891407.1943324,2.0,4.0,-75.0
1777891407.2043324,5.0,2.0,-74.0
1777891407.2143323,4.0,1.0,-75.0
1777891407.2243323,8.0,3.0,-73.0
1777891407.2343323,2.0,3.0,-77.0
1777891407.2443323,4.0,2.0,-77.0
1777891407.2543323,9.0,1.0,-73.0
1777891407.2643323,9.0,0.0,-76.0
1777891407.2743323,4.0,0.0,-77.0
1777891407.2843325,8.0,3.0,-72.0
1777891407.2943325,6.0,6.0,-73.0
1777891407.3043325,3.0,10.0,-77.0
1777891407.3143325,6.0,8.0,-77.0
1777891407.3243325,5.0,2.0,-75.0
1777891407.3343325,5.0,-1.0,-80.0
1777891407.3443325,4.0,0.0,-84.0
1777891407.3543324,2.0,2.0,-83.0
1777891407.3643324,0.0,0.0,-83.0
1777891407.3743324,2.0,0.0,-83.0
1777891407.3843324,2.0,0.0,-82.0
1777891407.3943324,1.0,1.0,-81.0
1777891407.4043324,0.0,3.0,-78.0
1777891407.4143324,-2.0,6.0,-79.0
1777891407.4243324,-1.0,4.0,-72.0
1777891407.4343324,-4.0,0.0,-74.0
1777891407.4443324,-3.0,0.0,-75.0
1777891407.4543324,-5.0,0.0,-76.0
1777891407.4643323,-3.0,0.0,-74.0
1777891407.4743323,-1.0,1.0,-68.0
1777891407.4843323,-4.0,2.0,-72.0
1777891407.4943323,-2.0,-1.0,-69.0
1777891407.5043323,-3.0,-3.0,-70.0
1777891407.5143323,-1.0,-4.0,-70.0
1777891407.5243323,0.0,-6.0,-67.0
1777891407.5343325,3.0,-2.0,-72.0
1777891407.5443325,4.0,2.0,-68.0
1777891407.5543325,5.0,1.0,-67.0
1777891407.5643325,1.0,-1.0,-69.0
1777891407.5743325,1.0,-2.0,-69.0
1777891407.5843325,2.0,-1.0,-70.0
1777891407.5943325,0.0,0.0,-72.0
1777891407.6043324,0.0,-1.0,-74.0
1777891407.6143324,2.0,0.0,-72.0
1777891407.6243324,3.0,4.0,-71.0
1777891407.6343324,6.0,5.0,-71.0
1777891407.6443324,2.0,5.0,-68.0
1777891407.6543324,-2.0,1.0,-63.0
1777891407.6643324,-5.0,0.0,-63.0
1777891407.6743324,-3.0,0.0,-59.0
1777891407.6843324,0.0,2.0,-66.0
1777891407.6943324,-3.0,2.0,-68.0
1777891407.7043324,-1.0,0.0,-68.0
1777891407.7143323,3.0,-2.0,-68.0
1777891407.7243323,1.0,-4.0,-70.0
1777891407.7343323,2.0,-4.0,-72.0
1777891407.7443323,4.0,0.0,-74.0
1777891407.7543323,8.0,0.0,-77.0
1777891407.7643323,13.0,-3.0,-85.0
1777891407.7743323,7.0,2.0,-79.0
1777891407.7843325,1.0,3.0,-78.0
1777891407.7943325,1.0,-1.0,-70.0
1777891407.8043325,2.0,0.0,-74.0
1777891407.8143325,2.0,3.0,-73.0
1777891407.8243325,-1.0,0.0,-75.0
1777891407.8343325,-3.0,0.0,-75.0
1777891407.8443325,5.0,-1.0,-71.0
1777891407.8543324,2.0,1.0,-77.0
1777891407.8643324,1.0,1.0,-72.0
1777891407.8743324,7.0,2.0,-67.0
1777891407.8843324,5.0,4.0,-69.0
1777891407.8943324,2.0,3.0,-73.0
1777891407.9043324,0.0,-1.0,-72.0
1777891407.9143324,1.0,-1.0,-72.0
1777891407.9243324,0.0,-1.0,-76.0
1777891407.9343324,1.0,0.0,-72.0
1777891407.9443324,-2.0,4.0,-76.0
1777891407.9543324,-3.0,1.0,-71.0
1777891407.9643323,-3.0,3.0,-69.0
1777891407.9743323,-1.0,5.0,-66.0
1777891407.9843323,-1.0,0.0,-70.0
1777891407.9943323,-2.0,-3.0,-65.0
1777891408.0043323,1.0,0.0,-74.0
1777891408.0143323,2.0,4.0,-73.0
1777891408.0243323,1.0,1.0,-73.0
1777891408.0343325,3.0,1.0,-68.0
1777891408.0453324,1.0,0.0,-67.0
1777891408.0553324,4.0,-1.0,-68.0
1777891408.0643325,7.0,-4.0,-68.0
1777891408.0753324,2.0,-3.0,-64.0
1777891408.0853324,0.0,-1.0,-66.0
1777891408.0953324,2.0,0.0,-63.0
1777891408.1053324,0.0,-3.0,-61.0
1777891408.1153324,0.0,-1.0,-67.0
1777891408.1253324,1.0,-3.0,-69.0
1777891408.1353323,5.0,-1.0,-74.0
1777891408.1453323,-1.0,-2.0,-74.0
1777891408.1553323,-3.0,-4.0,-71.0
1777891408.1653323,0.0,-1.0,-73.0
1777891408.1753323,0.0,0.0,-73.0
1777891408.1853323,0.0,0.0,-71.0
1777891408.1953323,1.0,-1.0,-67.0
1777891408.2053325,1.0,-3.0,-67.0
1777891408.2153325,0.0,0.0,-68.0
1777891408.2253325,0.0,0.0,-73.0
1777891408.2353325,2.0,0.0,-74.0
1777891408.2453325,1.0,0.0,-71.0
1777891408.2553325,-2.0,0.0,-77.0
1777891408.2653325,0.0,0.0,-73.0
1777891408.2753325,-4.0,-2.0,-70.0
1777891408.2853324,-7.0,1.0,-68.0
1777891408.2953324,-4.0,0.0,-70.0
1777891408.3053324,-1.0,0.0,-70.0
1777891408.3153324,-1.0,-1.0,-75.0
1777891408.3253324,3.0,-2.0,-73.0
1777891408.3353324,6.0,0.0,-77.0
1777891408.3453324,7.0,-5.0,-71.0
1777891408.3553324,1.0,-4.0,-67.0
1777891408.3653324,2.0,-3.0,-64.0
1777891408.3753324,-2.0,-1.0,-67.0
1777891408.3853323,-6.0,1.0,-64.0
1777891408.3953323,-4.0,0.0,-64.0
1777891408.4053323,-8.0,0.0,-69.0
1777891408.4153323,3.0,0.0,-73.0
1777891408.4253323,6.0,0.0,-78.0
1777891408.4353323,6.0,0.0,-75.0
1777891408.4453323,1.0,-1.0,-73.0
1777891408.4553325,0.0,1.0,-73.0
1777891408.4653325,-1.0,0.0,-70.0
1777891408.4753325,-2.0,0.0,-68.0
1777891408.4853325,-3.0,0.0,-69.0
1777891408.4953325,-8.0,-5.0,-66.0
1777891408.5053325,-5.0,0.0,-65.0
1777891408.5153325,-3.0,0.0,-67.0
1777891408.5253325,0.0,0.0,-69.0
1777891408.5353324,-5.0,2.0,-68.0
1777891408.5453324,-6.0,0.0,-72.0
1777891408.5553324,-5.0,-1.0,-70.0
1777891408.5653324,-2.0,-1.0,-69.0
1777891408.5753324,2.0,0.0,-72.0
1777891408.5853324,1.0,0.0,-74.0
1777891408.5953324,4.0,0.0,-71.0
1777891408.6053324,8.0,-1.0,-76.0
1777891408.6153324,5.0,-6.0,-69.0
1777891408.6253324,1.0,-7.0,-71.0
1777891408.6353323,4.0,-5.0,-76.0
1777891408.6453323,1.0,-3.0,-73.0
1777891408.6553323,3.0,0.0,-75.0
1777891408.6653323,6.0,0.0,-74.0
1777891408.6753323,2.0,-1.0,-70.0
1777891408.6853323,-3.0,1.0,-70.0
1777891408.6953323,-2.0,0.0,-69.0
1777891408.7053325,0.0,-2.0,-68.0
1777891408.7153325,-4.0,-7.0,-66.0
1777891408.7253325,-1.0,-8.0,-72.0
1777891408.7353325,-3.0,-11.0,-76.0
1777891408.7453325,-5.0,-9.0,-73.0
1777891408.7553325,-1.0,-10.0,-80.0
1777891408.7653325,0.0,-6.0,-79.0
1777891408.7753325,1.0,-4.0,-73.0
1777891408.7853324,-2.0,-2.0,-72.0
1777891408.7953324,-6.0,-3.0,-71.0
1777891408.8053324,-5.0,0.0,-74.0
1777891408.8153324,-1.0,-4.0,-72.0
1777891408.8253324,0.0,-4.0,-69.0
1777891408.8353324,0.0,-2.0,-65.0
1777891408.8453324,3.0,-6.0,-62.0
1777891408.8553324,3.0,-4.0,-68.0
1777891408.8653324,1.0,0.0,-66.0
1777891408.8753324,-1.0,-2.0,-65.0
1777891408.8853323,-4.0,-3.0,-69.0
1777891408.8953323,-2.0,-1.0,-66.0
1777891408.9053323,0.0,1.0,-66.0
1777891408.9153323,0.0,2.0,-62.0
1777891408.9253323,2.0,1.0,-60.0
1777891408.9353323,-2.0,4.0,-59.0
1777891408.9453323,-4.0,2.0,-59.0
1777891408.9553325,-2.0,0.0,-65.0
1777891408.9653325,-2.0,-1.0,-74.0
1777891408.9753325,0.0,-5.0,-71.0
1777891408.9853325,1.0,-3.0,-71.0
1777891408.9953325,6.0,1.0,-73.0
1777891409.0053325,7.0,0.0,-72.0
1777891409.0153325,4.0,-1.0,-72.0
1777891409.0253325,4.0,-2.0,-73.0
1777891409.0353324,2.0,-2.0,-70.0
1777891409.0453324,1.0,0.0,-78.0
1777891409.0553324,2.0,2.0,-76.0
1777891409.0653324,3.0,0.0,-77.0
1777891409.0753324,7.0,-4.0,-73.0
1777891409.0853324,4.0,-4.0,-73.0
1777891409.0953324,4.0,-4.0,-69.0
1777891409.1053324,2.0,-3.0,-69.0
1777891409.1153324,3.0,-1.0,-67.0
1777891409.1253324,-1.0,-1.0,-69.0
1777891409.1353323,-2.0,-5.0,-72.0
1777891409.1453323,5.0,-5.0,-67.0
1777891409.1553323,4.0,-2.0,-69.0
1777891409.1653323,4.0,0.0,-72.0
1777891409.1753323,3.0,1.0,-74.0
1777891409.1853323,4.0,4.0,-70.0
1777891409.1953323,9.0,6.0,-73.0
1777891409.2053325,11.0,2.0,-74.0
1777891409.2153325,7.0,2.0,-66.0
1777891409.2253325,6.0,1.0,-66.0
1777891409.2353325,5.0,3.0,-65.0
1777891409.2453325,8.0,6.0,-71.0
1777891409.2553325,2.0,4.0,-70.0
1777891409.2653325,4.0,0.0,-70.0
1777891409.2753325,8.0,3.0,-71.0
1777891409.2853324,9.0,4.0,-75.0
1777891409.2953324,5.0,4.0,-72.0
1777891409.3053324,10.0,0.0,-72.0
1777891409.3153324,11.0,0.0,-73.0
1777891409.3253324,8.0,-1.0,-71.0
1777891409.3353324,4.0,1.0,-71.0
1777891409.3453324,1.0,1.0,-60.0
1777891409.3553324,-2.0,1.0,-58.0
1777891409.3653324,-3.0,5.0,-58.0
1777891409.3753324,-3.0,7.0,-59.0
1777891409.3853323,0.0,10.0,-60.0
1777891409.3953323,-1.0,9.0,-64.0
1777891409.4053323,-4.0,8.0,-68.0
1777891409.4153323,-5.0,6.0,-78.0
1777891409.4253323,1.0,6.0,-78.0
1777891409.4353323,-1.0,5.0,-78.0
1777891409.4453323,-3.0,3.0,-70.0
1777891409.4553325,-4.0,-1.0,-71.0
1777891409.4653325,-6.0,0.0,-76.0
1777891409.4753325,-3.0,-3.0,-71.0
1777891409.4853325,0.0,-2.0,-72.0
1777891409.4953325,3.0,-5.0,-67.0
1777891409.5053325,1.0,0.0,-67.0
1777891409.5153325,0.0,0.0,-66.0
1777891409.5253325,-2.0,3.0,-69.0
1777891409.5353324,-4.0,3.0,-71.0
1777891409.5453324,2.0,4.0,-74.0
1777891409.5553324,0.0,6.0,-63.0
1777891409.5653324,-1.0,2.0,-70.0
1777891409.5753324,-2.0,0.0,-77.0
1777891409.5853324,0.0,1.0,-83.0
1777891409.5953324,2.0,-1.0,-85.0
1777891409.6053324,2.0,0.0,-83.0
1777891409.6153324,4.0,-4.0,-75.0
1777891409.6253324,5.0,-3.0,-71.0
1777891409.6353323,7.0,-3.0,-70.0
1777891409.6453323,7.0,-1.0,-68.0
1777891409.6553323,10.0,-7.0,-68.0
1777891409.6653323,10.0,-5.0,-75.0
1777891409.6753323,9.0,-9.0,-78.0
1777891409.6853323,4.0,-6.0,-78.0
1777891409.6953323,10.0,-5.0,-74.0
1777891409.7053325,8.0,-3.0,-78.0
1777891409.7153325,7.0,0.0,-77.0
1777891409.7253325,4.0,-4.0,-74.0
1777891409.7353325,2.0,-4.0,-77.0
1777891409.7453325,7.0,-2.0,-78.0
1777891409.7553325,8.0,-2.0,-78.0
1777891409.7653325,6.0,1.0,-77.0
1777891409.7753325,5.0,4.0,-77.0
1777891409.7853324,8.0,-1.0,-82.0
1777891409.7953324,0.0,-4.0,-81.0
1777891409.8053324,-1.0,-1.0,-77.0
1777891409.8153324,-3.0,0.0,-76.0
1777891409.8253324,-1.0,3.0,-71.0
1777891409.8353324,-4.0,4.0,-72.0
1777891409.8453324,-2.0,4.0,-70.0
1777891409.8553324,-3.0,0.0,-77.0
1777891409.8653324,0.0,0.0,-69.0
1777891409.8753324,0.0,-2.0,-65.0
1777891409.8853323,0.0,-6.0,-70.0
1777891409.8953323,2.0,-3.0,-69.0
1777891409.9053323,6.0,-2.0,-63.0
1777891409.9153323,2.0,-3.0,-60.0
1777891409.9253323,-1.0,-1.0,-66.0
1777891409.9353323,0.0,-3.0,-73.0
1777891409.9453323,-1.0,-3.0,-78.0
1777891409.9553325,0.0,2.0,-69.0
1777891409.9653325,1.0,1.0,-68.0
1777891409.9753325,0.0,1.0,-70.0
1777891409.9853325,3.0,2.0,-71.0
1777891409.9953325,3.0,6.0,-69.0
1777891410.0053325,2.0,2.0,-70.0
1777891410.0153325,0.0,2.0,-69.0
1777891410.0253325,1.0,1.0,-70.0
1777891410.0363324,0.0,2.0,-65.0
1777891410.0463324,4.0,3.0,-70.0
1777891410.0563323,3.0,2.0,-71.0
1777891410.0653324,0.0,1.0,-74.0
1777891410.0763323,-2.0,-5.0,-80.0
1777891410.0863323,4.0,-7.0,-76.0
1777891410.0963323,7.0,-5.0,-77.0
1777891410.1063323,6.0,0.0,-78.0
1777891410.1163323,0.0,-3.0,-78.0
1777891410.1263323,3.0,-3.0,-71.0
1777891410.1363325,4.0,-1.0,-69.0
1777891410.1463325,2.0,-2.0,-75.0
1777891410.1563325,3.0,-4.0,-79.0
1777891410.1663325,8.0,-1.0,-76.0
1777891410.1763325,5.0,0.0,-71.0
1777891410.1863325,4.0,0.0,-75.0
1777891410.1963325,0.0,0.0,-70.0
1777891410.2063324,-4.0,3.0,-68.0
1777891410.2163324,-3.0,0.0,-69.0
1777891410.2263324,-4.0,0.0,-70.0
1777891410.2363324,-2.0,-2.0,-71.0
1777891410.2463324,1.0,-4.0,-70.0
1777891410.2563324,4.0,-4.0,-73.0
1777891410.2663324,1.0,-5.0,-75.0
1777891410.2763324,-1.0,-7.0,-72.0
1777891410.2863324,-4.0,-2.0,-72.0
1777891410.2963324,-4.0,2.0,-68.0
1777891410.3063323,-6.0,5.0,-68.0
1777891410.3163323,-5.0,1.0,-70.0
1777891410.3263323,-4.0,0.0,-72.0
1777891410.3363323,-3.0,0.0,-72.0
1777891410.3463323,0.0,-1.0,-69.0
1777891410.3563323,3.0,-5.0,-72.0
1777891410.3663323,0.0,-4.0,-71.0
1777891410.3763323,-2.0,-4.0,-69.0
1777891410.3863325,-1.0,-1.0,-70.0
1777891410.3963325,-3.0,-3.0,-76.0
1777891410.4063325,-2.0,-5.0,-77.0
1777891410.4163325,1.0,0.0,-75.0
1777891410.4263325,2.0,1.0,-76.0
1777891410.4363325,2.0,0.0,-76.0
1777891410.4463325,4.0,-2.0,-75.0
1777891410.4563324,2.0,0.0,-72.0
1777891410.4663324,0.0,0.0,-74.0
1777891410.4763324,5.0,-5.0,-76.0
1777891410.4863324,6.0,-5.0,-71.0
1777891410.4963324,1.0,-4.0,-70.0
1777891410.5063324,0.0,-5.0,-63.0
1777891410.5163324,3.0,-3.0,-60.0
1777891410.5263324,6.0,-2.0,-51.0
1777891410.5363324,7.0,0.0,-50.0
1777891410.5463324,5.0,0.0,-59.0
1777891410.5563323,1.0,0.0,-68.0
1777891410.5663323,3.0,0.0,-71.0
1777891410.5763323,4.0,4.0,-73.0
1777891410.5863323,6.0,3.0,-78.0
1777891410.5963323,4.0,2.0,-74.0
1777891410.6063323,8.0,3.0,-75.0
1777891410.6163323,7.0,3.0,-77.0
1777891410.6263323,9.0,0.0,-72.0
1777891410.6363325,5.0,1.0,-67.0
1777891410.6463325,4.0,0.0,-64.0
1777891410.6563325,7.0,1.0,-66.0
1777891410.6663325,3.0,0.0,-61.0
1777891410.6763325,4.0,1.0,-63.0
1777891410.6863325,4.0,0.0,-70.0
1777891410.6963325,-2.0,0.0,-77.0
1777891410.7063324,-3.0,-2.0,-77.0
1777891410.7163324,-5.0,-9.0,-71.0
1777891410.7263324,-6.0,-5.0,-68.0
1777891410.7363324,-5.0,0.0,-70.0
1777891410.7463324,-7.0,-1.0,-70.0
1777891410.7563324,-6.0,-1.0,-75.0
1777891410.7663324,-3.0,-4.0,-75.0
1777891410.7763324,0.0,-6.0,-76.0
1777891410.7863324,-1.0,-8.0,-76.0
1777891410.7963324,-2.0,-5.0,-67.0
1777891410.8063323,2.0,-6.0,-68.0
1777891410.8163323,2.0,-1.0,-73.0
1777891410.8263323,1.0,-1.0,-73.0
1777891410.8363323,0.0,-3.0,-74.0
1777891410.8463323,-4.0,0.0,-75.0
1777891410.8563323,-4.0,2.0,-71.0
1777891410.8663323,-1.0,0.0,-67.0
1777891410.8763323,1.0,3.0,-64.0
1777891410.8863325,1.0,2.0,-71.0
1777891410.8963325,-1.0,-2.0,-70.0
1777891410.9063325,-1.0,0.0,-78.0
1777891410.9163325,-6.0,0.0,-81.0
1777891410.9263325,0.0,3.0,-77.0
1777891410.9363325,4.0,2.0,-72.0
1777891410.9463325,2.0,0.0,-70.0
1777891410.9563324,3.0,-3.0,-73.0
1777891410.9663324,4.0,-1.0,-74.0
1777891410.9763324,5.0,-3.0,-70.0
1777891410.9863324,2.0,-5.0,-70.0
1777891410.9963324,7.0,-8.0,-78.0
1777891411.0063324,3.0,-5.0,-80.0
1777891411.0163324,0.0,-5.0,-80.0
1777891411.0263324,0.0,-2.0,-78.0
1777891411.0363324,0.0,-1.0,-80.0
1777891411.0463324,1.0,-2.0,-79.0
1777891411.0563323,2.0,-3.0,-76.0
1777891411.0663323,5.0,-6.0,-68.0
1777891411.0763323,0.0,-10.0,-74.0
1777891411.0863323,-2.0,-6.0,-81.0
1777891411.0963323,0.0,0.0,-85.0
1777891411.1063323,3.0,1.0,-78.0
1777891411.1163323,1.0,-2.0,-70.0
1777891411.1263323,1.0,1.0,-69.0
1777891411.1363325,1.0,4.0,-76.0
1777891411.1463325,0.0,4.0,-77.0
1777891411.1563325,1.0,-1.0,-75.0
1777891411.1663325,-1.0,0.0,-78.0
1777891411.1763325,3.0,-1.0,-78.0
1777891411.1863325,5.0,-1.0,-81.0
1777891411.1963325,2.0,-2.0,-85.0
1777891411.2063324,0.0,-3.0,-82.0
1777891411.2163324,0.0,-2.0,-77.0
1777891411.2263324,1.0,-6.0,-75.0
1777891411.2363324,0.0,-6.0,-79.0
1777891411.2463324,-4.0,-2.0,-75.0
1777891411.2563324,1.0,-2.0,-76.0
1777891411.2663324,0.0,-5.0,-75.0
1777891411.2763324,0.0,-3.0,-70.0
1777891411.2863324,-5.0,-4.0,-67.0
1777891411.2963324,-9.0,-3.0,-69.0
1777891411.3063323,-3.0,-2.0,-74.0
1777891411.3163323,-3.0,-6.0,-78.0
1777891411.3263323,-2.0,-3.0,-81.0
1777891411.3363323,0.0,-2.0,-81.0
1777891411.3463323,4.0,-2.0,-83.0
1777891411.3563323,4.0,-4.0,-78.0
1777891411.3663323,4.0,0.0,-72.0
1777891411.3763323,6.0,2.0,-70.0
1777891411.3863325,8.0,1.0,-78.0
1777891411.3963325,9.0,4.0,-77.0
1777891411.4063325,5.0,4.0,-80.0
1777891411.4163325,2.0,3.0,-82.0
1777891411.4263325,0.0,6.0,-85.0
1777891411.4363325,-6.0,8.0,-82.0
1777891411.4463325,-9.0,5.0,-78.0
1777891411.4563324,-3.0,3.0,-79.0
1777891411.4663324,0.0,-1.0,-77.0
1777891411.4763324,-2.0,-3.0,-74.0
1777891411.4863324,-3.0,-4.0,-75.0
1777891411.4963324,-2.0,-4.0,-78.0
1777891411.5063324,-2.0,-3.0,-76.0
1777891411.5163324,-1.0,-7.0,-71.0
1777891411.5263324,-5.0,-2.0,-70.0
1777891411.5363324,-1.0,2.0,-69.0
1777891411.5463324,-4.0,1.0,-67.0
1777891411.5563323,-2.0,6.0,-69.0
1777891411.5663323,-5.0,1.0,-71.0
1777891411.5763323,-4.0,0.0,-72.0
1777891411.5863323,-4.0,5.0,-72.0
1777891411.5963323,-2.0,1.0,-69.0
1777891411.6063323,-1.0,3.0,-69.0
1777891411.6163323,-3.0,3.0,-75.0
1777891411.6263323,-2.0,3.0,-73.0
1777891411.6363325,-7.0,0.0,-75.0
1777891411.6463325,-6.0,0.0,-78.0
1777891411.6563325,-5.0,-1.0,-73.0
1777891411.6663325,-4.0,-2.0,-67.0
1777891411.6763325,-2.0,-1.0,-68.0
1777891411.6863325,-1.0,-2.0,-65.0
1777891411.6963325,-1.0,-4.0,-63.0
1777891411.7063324,-3.0,-3.0,-68.0
1777891411.7163324,-3.0,-5.0,-71.0
1777891411.7263324,-2.0,-7.0,-80.0
1777891411.7363324,0.0,-5.0,-83.0
1777891411.7463324,1.0,-4.0,-89.0
1777891411.7563324,6.0,0.0,-91.0
1777891411.7663324,2.0,-1.0,-88.0
1777891411.7763324,3.0,-3.0,-82.0
1777891411.7863324,0.0,-3.0,-75.0
1777891411.7963324,0.0,-6.0,-70.0
1777891411.8063323,6.0,-5.0,-67.0
1777891411.8163323,5.0,-5.0,-66.0
1777891411.8263323,7.0,-1.0,-66.0
1777891411.8363323,9.0,0.0,-63.0
1777891411.8463323,7.0,1.0,-69.0
1777891411.8563323,2.0,-2.0,-69.0
1777891411.8663323,1.0,-7.0,-72.0
1777891411.8763323,2.0,-6.0,-70.0
1777891411.8863325,0.0,-4.0,-71.0
1777891411.8963325,-1.0,-1.0,-68.0
1777891411.9063325,-5.0,2.0,-63.0
1777891411.9163325,-4.0,4.0,-71.0
1777891411.9263325,-3.0,6.0,-77.0
1777891411.9363325,-2.0,4.0,-82.0
1777891411.9463325,2.0,2.0,-84.0
1777891411.9563324,3.0,1.0,-78.0
1777891411.9663324,1.0,-4.0,-81.0
1777891411.9763324,-2.0,-6.0,-82.0
1777891411.9863324,-3.0,-5.0,-69.0
1777891411.9963324,-3.0,-8.0,-67.0
1777891412.0073323,-6.0,-8.0,-67.0
1777891412.0173323,-3.0,-4.0,-69.0
1777891412.0273323,-1.0,-1.0,-72.0
1777891412.0373323,-1.0,-3.0,-75.0
1777891412.0473323,-2.0,-7.0,-77.0
1777891412.0573325,0.0,-3.0,-72.0
1777891412.0673325,-2.0,0.0,-70.0
1777891412.0773325,-1.0,0.0,-74.0
1777891412.0873325,-1.0,0.0,-76.0
1777891412.0973325,1.0,-2.0,-78.0
1777891412.1073325,3.0,-5.0,-80.0
1777891412.1173325,0.0,-6.0,-83.0
1777891412.1273324,1.0,-5.0,-82.0
1777891412.1373324,3.0,-4.0,-81.0
1777891412.1473324,7.0,-3.0,-80.0
1777891412.1573324,7.0,0.0,-78.0
1777891412.1673324,9.0,-3.0,-73.0
1777891412.1773324,6.0,-1.0,-72.0
1777891412.1873324,4.0,2.0,-63.0
1777891412.1973324,4.0,4.0,-64.0
1777891412.2073324,2.0,3.0,-68.0
1777891412.2173324,3.0,4.0,-70.0
1777891412.2273324,2.0,5.0,-66.0
1777891412.2373323,0.0,0.0,-70.0
1777891412.2473323,-3.0,1.0,-68.0
1777891412.2573323,-3.0,2.0,-71.0
1777891412.2673323,-4.0,5.0,-68.0
1777891412.2773323,-3.0,6.0,-71.0
1777891412.2873323,3.0,6.0,-70.0
1777891412.2973323,5.0,2.0,-77.0
1777891412.3073325,0.0,1.0,-90.0
1777891412.3173325,5.0,-1.0,-87.0
1777891412.3273325,7.0,-7.0,-81.0
1777891412.3373325,5.0,-1.0,-80.0
1777891412.3473325,6.0,-2.0,-81.0
1777891412.3573325,6.0,-5.0,-80.0
1777891412.3673325,8.0,-7.0,-77.0
1777891412.3773324,12.0,-3.0,-78.0
1777891412.3873324,9.0,-1.0,-74.0
1777891412.3973324,8.0,0.0,-71.0
1777891412.4073324,7.0,-5.0,-65.0
1777891412.4173324,1.0,-8.0,-64.0
1777891412.4273324,-4.0,-5.0,-66.0
1777891412.4373324,-4.0,-2.0,-67.0
1777891412.4473324,-5.0,-1.0,-72.0
1777891412.4573324,-3.0,-5.0,-75.0
1777891412.4673324,-3.0,-1.0,-69.0
1777891412.4773324,0.0,-1.0,-71.0
1777891412.4873323,1.0,0.0,-78.0
1777891412.4973323,0.0,1.0,-78.0
1777891412.5073323,-1.0,2.0,-74.0
1777891412.5173323,0.0,0.0,-77.0
1777891412.5273323,-1.0,-2.0,-76.0
1777891412.5373323,-3.0,-5.0,-73.0
1777891412.5473323,-2.0,-2.0,-70.0
1777891412.5573325,1.0,-1.0,-70.0
1777891412.5673325,4.0,-2.0,-68.0
1777891412.5773325,5.0,-5.0,-79.0
1777891412.5873325,2.0,-3.0,-77.0
1777891412.5973325,5.0,0.0,-76.0
1777891412.6073325,4.0,2.0,-74.0
1777891412.6173325,2.0,2.0,-76.0
1777891412.6273324,0.0,-3.0,-70.0
1777891412.6373324,1.0,-2.0,-71.0
1777891412.6473324,-2.0,-2.0,-63.0
1777891412.6573324,-2.0,0.0,-51.0
1777891412.6673324,0.0,0.0,-58.0
1777891412.6773324,-2.0,3.0,-63.0
1777891412.6873324,-2.0,0.0,-56.0
1777891412.6973324,-2.0,3.0,-64.0
1777891412.7073324,-1.0,1.0,-73.0
1777891412.7173324,-2.0,-1.0,-79.0
1777891412.7273324,-2.0,1.0,-81.0
1777891412.7373323,-1.0,1.0,-77.0
1777891412.7473323,5.0,2.0,-74.0
1777891412.7573323,9.0,0.0,-83.0
1777891412.7673323,10.0,1.0,-81.0
1777891412.7773323,7.0,2.0,-74.0
1777891412.7873323,5.0,0.0,-67.0
1777891412.7973323,4.0,0.0,-56.0
1777891412.8073325,5.0,0.0,-61.0
1777891412.8173325,0.0,-2.0,-64.0
1777891412.8273325,-1.0,-1.0,-58.0
1777891412.8373325,-2.0,-4.0,-59.0
1777891412.8473325,-4.0,-2.0,-60.0
1777891412.8573325,-2.0,1.0,-63.0
1777891412.8673325,-2.0,0.0,-57.0
1777891412.8773324,-4.0,0.0,-63.0
1777891412.8873324,-3.0,3.0,-59.0
1777891412.8973324,0.0,4.0,-65.0
1777891412.9073324,-1.0,3.0,-70.0
1777891412.9173324,-1.0,0.0,-76.0
1777891412.9273324,0.0,0.0,-74.0
1777891412.9373324,-4.0,-1.0,-72.0
1777891412.9473324,-4.0,0.0,-67.0
1777891412.9573324,-5.0,0.0,-59.0
1777891412.9673324,-6.0,3.0,-58.0
1777891412.9773324,-8.0,3.0,-53.0
1777891412.9873323,-6.0,5.0,-60.0
1777891412.9973323,-2.0,-1.0,-58.0
1777891413.0073323,-4.0,-4.0,-58.0
1777891413.0173323,-1.0,-6.0,-59.0
1777891413.0273323,1.0,-4.0,-66.0
1777891413.0373323,6.0,-5.0,-62.0
1777891413.0473323,8.0,-2.0,-56.0
1777891413.0573325,9.0,0.0,-60.0
1777891413.0673325,9.0,-2.0,-66.0
1777891413.0773325,9.0,-1.0,-72.0
1777891413.0873325,10.0,-1.0,-68.0
1777891413.0973325,7.0,-1.0,-73.0
1777891413.1073325,6.0,-1.0,-82.0
1777891413.1173325,7.0,0.0,-88.0
1777891413.1273324,2.0,1.0,-87.0
1777891413.1373324,3.0,5.0,-85.0
1777891413.1473324,1.0,4.0,-83.0
1777891413.1573324,-5.0,2.0,-74.0
1777891413.1673324,-5.0,-1.0,-78.0
1777891413.1773324,-3.0,-1.0,-77.0
1777891413.1873324,-2.0,-2.0,-74.0
1777891413.1973324,-4.0,-2.0,-76.0
1777891413.2073324,-8.0,0.0,-71.0
1777891413.2173324,-6.0,3.0,-72.0
1777891413.2273324,-4.0,4.0,-70.0
1777891413.2373323,0.0,1.0,-70.0
1777891413.2473323,-3.0,-2.0,-67.0
1777891413.2573323,-7.0,0.0,-65.0
1777891413.2673323,-3.0,2.0,-63.0
1777891413.2773323,-5.0,2.0,-65.0
1777891413.2873323,-3.0,3.0,-72.0
1777891413.2973323,-1.0,5.0,-74.0
1777891413.3073325,0.0,2.0,-72.0
1777891413.3173325,0.0,3.0,-72.0
1777891413.3273325,1.0,1.0,-74.0
1777891413.3373325,0.0,0.0,-75.0
1777891413.3473325,0.0,-2.0,-77.0
1777891413.3573325,3.0,-1.0,-67.0
1777891413.3673325,6.0,2.0,-67.0
1777891413.3773324,5.0,0.0,-73.0
1777891413.3873324,4.0,0.0,-74.0
1777891413.3973324,2.0,0.0,-69.0
1777891413.4073324,-2.0,0.0,-65.0
1777891413.4173324,-2.0,-1.0,-64.0
1777891413.4273324,0.0,-1.0,-71.0
1777891413.4373324,1.0,-3.0,-73.0
1777891413.4473324,1.0,-3.0,-76.0
1777891413.4573324,6.0,-2.0,-79.0
1777891413.4673324,7.0,-4.0,-80.0
1777891413.4773324,5.0,-2.0,-80.0
1777891413.4873323,5.0,0.0,-76.0
1777891413.4973323,-2.0,-1.0,-69.0
1777891413.5073323,1.0,-1.0,-67.0
1777891413.5173323,2.0,-3.0,-73.0
1777891413.5273323,4.0,-3.0,-73.0
1777891413.5373323,3.0,-4.0,-65.0
1777891413.5473323,1.0,-1.0,-68.0
1777891413.5573325,1.0,2.0,-66.0
1777891413.5673325,4.0,0.0,-65.0
1777891413.5773325,1.0,-2.0,-68.0
1777891413.5873325,2.0,-6.0,-68.0
1777891413.5973325,3.0,-4.0,-64.0
1777891413.6073325,1.0,-2.0,-61.0
1777891413.6173325,0.0,-3.0,-68.0
1777891413.6273324,-1.0,-4.0,-64.0
1777891413.6373324,-2.0,-3.0,-68.0
1777891413.6473324,3.0,-2.0,-71.0
1777891413.6573324,2.0,0.0,-72.0
1777891413.6673324,0.0,0.0,-77.0
1777891413.6773324,4.0,-2.0,-78.0
1777891413.6873324,2.0,-2.0,-77.0
1777891413.6973324,0.0,-4.0,-83.0
1777891413.7073324,-2.0,-2.0,-76.0
1777891413.7173324,-2.0,1.0,-74.0
1777891413.7273324,-1.0,2.0,-72.0
1777891413.7373323,0.0,1.0,-69.0
1777891413.7473323,1.0,3.0,-69.0
1777891413.7573323,-1.0,0.0,-71.0
1777891413.7673323,-1.0,-2.0,-75.0
1777891413.7773323,-2.0,-5.0,-65.0
1777891413.7873323,-1.0,0.0,-66.0
1777891413.7973323,-3.0,3.0,-72.0
1777891413.8073325,-2.0,1.0,-68.0
1777891413.8173325,0.0,-4.0,-61.0
1777891413.8273325,2.0,-6.0,-70.0
1777891413.8373325,4.0,-9.0,-73.0
1777891413.8473325,0.0,-8.0,-75.0
1777891413.8573325,-1.0,-10.0,-72.0
1777891413.8673325,1.0,-8.0,-75.0
1777891413.8773324,0.0,-7.0,-70.0
1777891413.8873324,0.0,-7.0,-74.0
1777891413.8973324,-1.0,-8.0,-77.0
1777891413.9073324,4.0,-7.0,-79.0
1777891413.9173324,4.0,-2.0,-85.0
1777891413.9273324,5.0,0.0,-83.0
1777891413.9373324,4.0,2.0,-77.0
1777891413.9473324,5.0,6.0,-73.0
1777891413.9573324,6.0,6.0,-75.0
1777891413.9673324,5.0,6.0,-83.0
1777891413.9773324,0.0,7.0,-86.0
1777891413.9873323,0.0,2.0,-83.0
1777891413.9973323,-1.0,4.0,-78.0
1777891414.0073323,0.0,4.0,-81.0
1777891414.0183325,0.0,2.0,-73.0
1777891414.0283325,2.0,-2.0,-80.0
1777891414.0383325,1.0,-3.0,-76.0
1777891414.0483325,-1.0,-1.0,-76.0
1777891414.0583324,-2.0,0.0,-81.0
1777891414.0683324,-3.0,-1.0,-77.0
1777891414.0783324,0.0,0.0,-79.0
1777891414.0883324,3.0,0.0,-70.0
1777891414.0983324,4.0,5.0,-66.0
1777891414.1083324,3.0,4.0,-71.0
1777891414.1183324,1.0,0.0,-61.0
1777891414.1283324,4.0,0.0,-62.0
1777891414.1383324,5.0,0.0,-67.0
1777891414.1483324,5.0,3.0,-71.0
1777891414.1583323,6.0,0.0,-69.0
1777891414.1683323,10.0,1.0,-68.0
1777891414.1783323,4.0,0.0,-63.0
1777891414.1883323,0.0,1.0,-57.0
1777891414.1983323,2.0,1.0,-66.0
1777891414.2083323,3.0,5.0,-69.0
1777891414.2183323,0.0,5.0,-67.0
1777891414.2283323,-1.0,2.0,-65.0
1777891414.2383325,-2.0,3.0,-66.0
1777891414.2483325,-1.0,2.0,-70.0
1777891414.2583325,0.0,2.0,-70.0
1777891414.2683325,0.0,2.0,-67.0
1777891414.2783325,-1.0,1.0,-66.0
1777891414.2883325,-2.0,1.0,-71.0
1777891414.2983325,-2.0,1.0,-74.0
1777891414.3083324,0.0,1.0,-71.0
1777891414.3183324,2.0,1.0,-73.0
1777891414.3283324,3.0,-1.0,-73.0
1777891414.3383324,3.0,-1.0,-67.0
1777891414.3483324,0.0,-2.0,-66.0
1777891414.3583324,1.0,-4.0,-70.0
1777891414.3683324,4.0,-3.0,-75.0
1777891414.3783324,3.0,-1.0,-74.0
1777891414.3883324,3.0,3.0,-75.0
1777891414.3983324,3.0,2.0,-75.0
1777891414.4083323,0.0,-1.0,-72.0
1777891414.4183323,2.0,-4.0,-75.0
1777891414.4283323,6.0,-4.0,-71.0
1777891414.4383323,0.0,-3.0,-73.0
1777891414.4483323,0.0,-2.0,-81.0
1777891414.4583323,0.0,-2.0,-81.0
1777891414.4683323,1.0,-5.0,-75.0
1777891414.4783323,0.0,-4.0,-80.0
1777891414.4883325,-1.0,-1.0,-75.0
1777891414.4983325,-2.0,-3.0,-75.0
1777891414.5083325,-2.0,-5.0,-77.0
1777891414.5183325,-5.0,-3.0,-72.0
1777891414.5283325,-6.0,-3.0,-71.0
1777891414.5383325,-4.0,0.0,-72.0
1777891414.5483325,-6.0,1.0,-71.0
1777891414.5583324,-1.0,1.0,-69.0
1777891414.5683324,4.0,5.0,-69.0
1777891414.5783324,6.0,10.0,-65.0
1777891414.5883324,5.0,10.0,-63.0
1777891414.5983324,1.0,9.0,-59.0
1777891414.6083324,-8.0,6.0,-66.0
1777891414.6183324,-4.0,5.0,-64.0
1777891414.6283324,0.0,6.0,-57.0
1777891414.6383324,0.0,4.0,-65.0
1777891414.6483324,-4.0,6.0,-69.0
1777891414.6583323,-1.0,3.0,-73.0
1777891414.6683323,-1.0,1.0,-70.0
1777891414.6783323,0.0,0.0,-71.0
1777891414.6883323,2.0,0.0,-71.0
1777891414.6983323,2.0,2.0,-70.0
1777891414.7083323,5.0,2.0,-65.0
1777891414.7183323,2.0,2.0,-63.0
1777891414.7283323,4.0,3.0,-62.0
1777891414.7383325,3.0,3.0,-66.0
1777891414.7483325,4.0,4.0,-73.0
1777891414.7583325,7.0,0.0,-70.0
1777891414.7683325,1.0,0.0,-68.0
1777891414.7783325,0.0,3.0,-65.0
1777891414.7883325,-3.0,8.0,-62.0
1777891414.7983325,-4.0,4.0,-64.0
1777891414.8083324,-6.0,1.0,-73.0
1777891414.8183324,-4.0,0.0,-70.0
1777891414.8283324,-2.0,0.0,-70.0
1777891414.8383324,0.0,0.0,-70.0
1777891414.8483324,1.0,-2.0,-72.0
1777891414.8583324,0.0,0.0,-67.0
1777891414.8683324,-3.0,-5.0,-71.0
1777891414.8783324,-5.0,-4.0,-70.0
1777891414.8883324,-3.0,-4.0,-71.0
1777891414.8983324,-1.0,-3.0,-79.0
1777891414.9083323,-1.0,-1.0,-73.0
1777891414.9183323,0.0,-1.0,-71.0
1777891414.9283323,0.0,0.0,-74.0
1777891414.9383323,-1.0,3.0,-71.0
1777891414.9483323,-1.0,2.0,-68.0
1777891414.9583323,-2.0,-2.0,-67.0
1777891414.9683323,0.0,-5.0,-67.0
1777891414.9783323,3.0,-2.0,-63.0
1777891414.9883325,3.0,-6.0,-65.0
1777891414.9983325,0.0,-9.0,-67.0
1777891415.0083325,0.0,-9.0,-70.0
1777891415.0183325,-1.0,-6.0,-73.0
1777891415.0283325,1.0,0.0,-74.0
1777891415.0383325,0.0,-1.0,-70.0
1777891415.0483325,1.0,-2.0,-70.0
1777891415.0583324,9.0,0.0,-63.0
1777891415.0683324,13.0,1.0,-68.0
1777891415.0783324,12.0,1.0,-70.0
1777891415.0883324,10.0,-1.0,-71.0
1777891415.0983324,7.0,-6.0,-68.0
1777891415.1083324,5.0,-8.0,-69.0
1777891415.1183324,3.0,-7.0,-65.0
1777891415.1283324,1.0,-7.0,-71.0
1777891415.1383324,2.0,-8.0,-69.0
1777891415.1483324,3.0,-8.0,-75.0
1777891415.1583323,7.0,-5.0,-75.0
1777891415.1683323,6.0,-2.0,-79.0
1777891415.1783323,2.0,0.0,-72.0
1777891415.1883323,-1.0,3.0,-70.0
1777891415.1983323,-2.0,1.0,-73.0
1777891415.2083323,-4.0,-1.0,-72.0
1777891415.2183323,0.0,-5.0,-74.0
1777891415.2283323,3.0,-1.0,-79.0
1777891415.2383325,3.0,0.0,-81.0
1777891415.2483325,2.0,-3.0,-74.0
1777891415.2583325,0.0,-5.0,-69.0
1777891415.2683325,1.0,-3.0,-63.0
1777891415.2783325,0.0,-3.0,-56.0
1777891415.2883325,0.0,-1.0,-67.0
1777891415.2983325,0.0,4.0,-71.0
1777891415.3083324,0.0,0.0,-74.0
1777891415.3183324,0.0,-3.0,-77.0
1777891415.3283324,-1.0,-5.0,-80.0
1777891415.3383324,-2.0,-5.0,-75.0
1777891415.3483324,0.0,-5.0,-77.0
1777891415.3583324,-1.0,-6.0,-76.0
1777891415.3683324,2.0,-5.0,-71.0
1777891415.3783324,0.0,-1.0,-72.0
1777891415.3883324,0.0,-6.0,-74.0
1777891415.3983324,-6.0,-6.0,-72.0
1777891415.4083323,-8.0,-1.0,-70.0
1777891415.4183323,-5.0,-2.0,-64.0
1777891415.4283323,-4.0,-2.0,-68.0
1777891415.4383323,-3.0,0.0,-65.0
1777891415.4483323,0.0,0.0,-66.0
1777891415.4583323,1.0,1.0,-68.0
1777891415.4683323,2.0,0.0,-66.0
1777891415.4783323,-4.0,0.0,-67.0
1777891415.4883325,-5.0,1.0,-71.0
1777891415.4983325,-3.0,3.0,-78.0
1777891415.5083325,-2.0,5.0,-77.0
1777891415.5183325,-1.0,6.0,-71.0
1777891415.5283325,-1.0,7.0,-77.0
1777891415.5383325,-2.0,4.0,-77.0
1777891415.5483325,1.0,4.0,-81.0
1777891415.5583324,0.0,0.0,-82.0
1777891415.5683324,-1.0,-2.0,-77.0
1777891415.5783324,-2.0,-3.0,-82.0
1777891415.5883324,-1.0,0.0,-80.0
1777891415.5983324,-2.0,-1.0,-80.0
1777891415.6083324,0.0,1.0,-80.0
1777891415.6183324,2.0,1.0,-73.0
1777891415.6283324,1.0,0.0,-68.0
1777891415.6383324,0.0,0.0,-71.0
1777891415.6483324,2.0,1.0,-70.0
1777891415.6583323,2.0,5.0,-69.0
1777891415.6683323,7.0,3.0,-68.0
1777891415.6783323,6.0,3.0,-80.0
1777891415.6883323,5.0,1.0,-76.0
1777891415.6983323,3.0,0.0,-66.0
1777891415.7083323,2.0,-1.0,-69.0
1777891415.7183323,0.0,-3.0,-69.0
1777891415.7283323,-3.0,-4.0,-67.0
1777891415.7383325,-4.0,-2.0,-63.0
1777891415.7483325,-3.0,-2.0,-67.0
1777891415.7583325,-6.0,2.0,-70.0
1777891415.7683325,-2.0,0.0,-70.0
1777891415.7783325,3.0,1.0,-73.0
1777891415.7883325,5.0,-2.0,-75.0
1777891415.7983325,5.0,-1.0,-79.0
1777891415.8083324,4.0,1.0,-80.0
1777891415.8183324,2.0,-2.0,-76.0
1777891415.8283324,2.0,-4.0,-75.0
1777891415.8383324,3.0,-10.0,-72.0
1777891415.8483324,1.0,-8.0,-72.0
1777891415.8583324,1.0,-2.0,-70.0
1777891415.8683324,-3.0,-1.0,-61.0
1777891415.8783324,-1.0,0.0,-64.0
1777891415.8883324,2.0,-1.0,-68.0
1777891415.8983324,5.0,0.0,-66.0
1777891415.9083323,2.0,-1.0,-61.0
1777891415.9183323,0.0,-3.0,-61.0
1777891415.9283323,-1.0,-3.0,-62.0
1777891415.9383323,5.0,-3.0,-69.0
1777891415.9483323,7.0,0.0,-70.0
1777891415.9583323,9.0,-1.0,-65.0
1777891415.9683323,4.0,-2.0,-63.0
1777891415.9793324,4.0,0.0,-66.0
1777891415.9883325,1.0,-2.0,-72.0
1777891415.9983325,6.0,-4.0,-68.0
1777891416.0093324,4.0,-4.0,-67.0
1777891416.0193324,0.0,-8.0,-63.0
1777891416.0293324,1.0,-7.0,-65.0
1777891416.0393324,6.0,-7.0,-76.0
1777891416.0493324,6.0,-6.0,-80.0
1777891416.0593324,7.0,-6.0,-79.0
1777891416.0693324,5.0,-4.0,-76.0
1777891416.0793324,5.0,-4.0,-77.0
1777891416.0893323,3.0,-2.0,-74.0
1777891416.0993323,8.0,0.0,-71.0
1777891416.1093323,2.0,0.0,-75.0
1777891416.1193323,0.0,-4.0,-70.0
1777891416.1293323,-2.0,-6.0,-71.0
1777891416.1393323,-1.0,-5.0,-66.0
1777891416.1493323,4.0,-3.0,-67.0
1777891416.1593325,7.0,-3.0,-67.0
1777891416.1693325,6.0,-6.0,-63.0
1777891416.1793325,0.0,-3.0,-65.0
1777891416.1893325,0.0,-1.0,-67.0
1777891416.1993325,1.0,0.0,-68.0
1777891416.2093325,5.0,-2.0,-65.0
1777891416.2193325,3.0,1.0,-69.0
1777891416.2293324,0.0,0.0,-73.0
1777891416.2393324,-2.0,0.0,-66.0
1777891416.2493324,-1.0,1.0,-71.0
1777891416.2593324,1.0,2.0,-73.0
1777891416.2693324,9.0,2.0,-72.0
1777891416.2793324,14.0,1.0,-68.0
1777891416.2893324,6.0,2.0,-68.0
1777891416.2993324,2.0,2.0,-69.0
1777891416.3093324,3.0,3.0,-59.0
1777891416.3193324,2.0,0.0,-61.0
1777891416.3293324,-1.0,-2.0,-67.0
1777891416.3393323,-3.0,0.0,-73.0
1777891416.3493323,-3.0,-2.0,-77.0
1777891416.3593323,0.0,-1.0,-77.0
1777891416.3693323,0.0,0.0,-71.0
1777891416.3793323,-3.0,-1.0,-73.0
1777891416.3893323,1.0,0.0,-85.0
1777891416.3993323,0.0,2.0,-77.0
1777891416.4093325,2.0,7.0,-76.0
1777891416.4193325,1.0,4.0,-77.0
1777891416.4293325,1.0,2.0,-78.0
1777891416.4393325,1.0,-1.0,-75.0
1777891416.4493325,1.0,-4.0,-76.0
1777891416.4593325,-3.0,-2.0,-77.0
1777891416.4693325,-9.0,-1.0,-75.0
1777891416.4793324,-11.0,-5.0,-75.0
1777891416.4893324,-11.0,-5.0,-80.0
1777891416.4993324,-14.0,-7.0,-83.0
1777891416.5093324,-7.0,-11.0,-78.0
1777891416.5193324,-5.0,-9.0,-76.0
1777891416.5293324,-6.0,-1.0,-78.0
1777891416.5393324,-7.0,-4.0,-78.0
1777891416.5493324,-6.0,-3.0,-76.0
1777891416.5593324,-8.0,-4.0,-79.0
1777891416.5693324,-4.0,-3.0,-78.0
1777891416.5793324,-1.0,-2.0,-81.0
1777891416.5893323,-6.0,-3.0,-83.0
1777891416.5993323,-5.0,-6.0,-82.0
1777891416.6093323,-5.0,-7.0,-75.0
1777891416.6193323,0.0,-12.0,-70.0
1777891416.6293323,1.0,-11.0,-66.0
1777891416.6393323,1.0,-10.0,-65.0
1777891416.6493323,4.0,-7.0,-68.0
1777891416.6593325,5.0,-8.0,-67.0
1777891416.6693325,5.0,-5.0,-70.0
1777891416.6793325,1.0,0.0,-70.0
1777891416.6893325,0.0,-1.0,-70.0
1777891416.6993325,0.0,-1.0,-65.0
1777891416.7093325,2.0,0.0,-68.0
1777891416.7193325,2.0,0.0,-70.0
1777891416.7293324,0.0,0.0,-71.0
1777891416.7393324,1.0,0.0,-77.0
1777891416.7493324,3.0,1.0,-72.0
1777891416.7593324,3.0,4.0,-64.0
1777891416.7693324,4.0,5.0,-65.0
1777891416.7793324,0.0,3.0,-68.0
1777891416.7893324,-2.0,0.0,-64.0
1777891416.7993324,-2.0,-1.0,-70.0
1777891416.8093324,1.0,-2.0,-65.0
1777891416.8193324,2.0,-3.0,-59.0
1777891416.8293324,4.0,-1.0,-61.0
1777891416.8393323,4.0,-4.0,-65.0
1777891416.8493323,0.0,-4.0,-68.0
1777891416.8593323,-1.0,-3.0,-67.0
1777891416.8693323,-3.0,-2.0,-68.0
1777891416.8793323,-1.0,-2.0,-67.0
1777891416.8893323,-1.0,-3.0,-66.0
1777891416.8993323,0.0,-5.0,-64.0
1777891416.9093325,0.0,-1.0,-64.0
1777891416.9193325,-4.0,0.0,-69.0
1777891416.9293325,-7.0,-2.0,-71.0
1777891416.9393325,-5.0,-3.0,-73.0
1777891416.9493325,-10.0,-5.0,-76.0
1777891416.9593325,-5.0,-5.0,-73.0
1777891416.9693325,-9.0,-7.0,-73.0
1777891416.9793324,-4.0,-6.0,-74.0
1777891416.9893324,0.0,-7.0,-76.0
1777891416.9993324,-2.0,-9.0,-78.0
1777891417.0093324,-2.0,-10.0,-75.0
1777891417.0193324,-3.0,-14.0,-77.0
1777891417.0293324,-1.0,-12.0,-77.0
1777891417.0393324,-4.0,-10.0,-73.0
1777891417.0493324,-2.0,-7.0,-70.0
1777891417.0593324,0.0,-5.0,-68.0
1777891417.0693324,0.0,-7.0,-76.0
1777891417.0793324,0.0,-7.0,-70.0
1777891417.0893323,-1.0,-7.0,-75.0
1777891417.0993323,-1.0,-7.0,-74.0
1777891417.1093323,-1.0,-5.0,-76.0
1777891417.1193323,-1.0,-6.0,-71.0
1777891417.1293323,0.0,-7.0,-71.0
1777891417.1393323,-3.0,-8.0,-69.0
1777891417.1493323,0.0,-10.0,-70.0
1777891417.1593325,0.0,-10.0,-70.0
1777891417.1693325,-4.0,-10.0,-74.0
1777891417.1793325,-2.0,-8.0,-77.0
1777891417.1893325,-1.0,-5.0,-71.0
1777891417.1993325,0.0,-6.0,-68.0
1777891417.2093325,2.0,-6.0,-69.0
1777891417.2193325,-1.0,-10.0,-64.0
1777891417.2293324,0.0,-10.0,-68.0
1777891417.2393324,0.0,-9.0,-67.0
1777891417.2493324,1.0,-3.0,-70.0
1777891417.2593324,-2.0,-3.0,-72.0
1777891417.2693324,-5.0,-5.0,-78.0
1777891417.2793324,-7.0,-2.0,-72.0
1777891417.2893324,0.0,-3.0,-71.0
1777891417.2993324,0.0,-4.0,-70.0
1777891417.3093324,0.0,-4.0,-70.0
1777891417.3193324,3.0,-3.0,-68.0
1777891417.3293324,4.0,-2.0,-71.0
1777891417.3393323,6.0,0.0,-72.0
1777891417.3493323,3.0,3.0,-73.0
1777891417.3593323,5.0,2.0,-74.0
1777891417.3693323,5.0,4.0,-75.0
1777891417.3793323,6.0,3.0,-83.0
1777891417.3893323,7.0,3.0,-74.0
1777891417.3993323,4.0,3.0,-72.0
1777891417.4093325,5.0,3.0,-64.0
1777891417.4193325,4.0,1.0,-67.0
1777891417.4293325,4.0,0.0,-70.0
1777891417.4393325,5.0,2.0,-72.0
1777891417.4493325,3.0,0.0,-73.0
1777891417.4593325,4.0,0.0,-68.0
1777891417.4693325,0.0,0.0,-66.0
1777891417.4793324,-1.0,-1.0,-63.0
1777891417.4893324,0.0,0.0,-65.0
1777891417.4993324,-1.0,1.0,-72.0
1777891417.5093324,2.0,-4.0,-72.0
1777891417.5193324,5.0,-6.0,-75.0
1777891417.5293324,0.0,-4.0,-69.0
1777891417.5393324,0.0,-5.0,-73.0
1777891417.5493324,-4.0,-6.0,-71.0
1777891417.5593324,-4.0,-2.0,-65.0
1777891417.5703323,0.0,-1.0,-72.0
1777891417.5793324,3.0,-1.0,-82.0
1777891417.5893323,2.0,-3.0,-86.0
1777891417.5993323,5.0,-7.0,-83.0
1777891417.6093323,8.0,-6.0,-80.0
1777891417.6193323,1.0,-5.0,-82.0
1777891417.6293323,0.0,-5.0,-81.0
1777891417.6393323,2.0,-4.0,-77.0
1777891417.6493323,4.0,-4.0,-65.0
1777891417.6593325,4.0,-5.0,-64.0
1777891417.6693325,5.0,-5.0,-61.0
1777891417.6793325,4.0,-5.0,-60.0
1777891417.6893325,4.0,-4.0,-61.0
1777891417.6993325,1.0,-1.0,-71.0
1777891417.7093325,6.0,-1.0,-66.0
1777891417.7193325,0.0,-2.0,-67.0
1777891417.7293324,0.0,-5.0,-64.0
1777891417.7393324,5.0,-3.0,-69.0
1777891417.7493324,6.0,-2.0,-71.0
1777891417.7593324,6.0,-4.0,-74.0
1777891417.7693324,3.0,-3.0,-75.0
1777891417.7793324,0.0,-4.0,-69.0
1777891417.7893324,0.0,-1.0,-68.0
1777891417.7993324,3.0,-3.0,-67.0
1777891417.8093324,1.0,1.0,-64.0
1777891417.8193324,4.0,5.0,-63.0
1777891417.8293324,3.0,3.0,-63.0
1777891417.8393323,1.0,0.0,-66.0
1777891417.8493323,0.0,1.0,-66.0
1777891417.8593323,3.0,4.0,-70.0
1777891417.8693323,0.0,0.0,-69.0
1777891417.8793323,5.0,3.0,-74.0
1777891417.8893323,3.0,5.0,-75.0
1777891417.8993323,0.0,6.0,-75.0
1777891417.9093325,-2.0,4.0,-73.0
1777891417.9193325,-1.0,4.0,-64.0
1777891417.9293325,-1.0,6.0,-61.0
1777891417.9393325,0.0,4.0,-60.0
1777891417.9493325,0.0,5.0,-63.0
1777891417.9593325,3.0,1.0,-66.0
1777891417.9703324,-1.0,4.0,-69.0
1777891417.9803324,0.0,1.0,-70.0
1777891417.9903324,-1.0,-1.0,-78.0
1777891418.0003324,-1.0,0.0,-74.0
1777891418.0103323,0.0,3.0,-79.0
1777891418.0203323,-1.0,1.0,-79.0
1777891418.0303323,-3.0,0.0,-74.0
1777891418.0403323,-6.0,0.0,-75.0
1777891418.0503323,-3.0,0.0,-80.0
1777891418.0603323,-3.0,0.0,-79.0
1777891418.0703323,0.0,0.0,-74.0
1777891418.0803325,0.0,-5.0,-70.0
1777891418.0903325,-1.0,-6.0,-66.0
1777891418.1003325,5.0,-9.0,-61.0
1777891418.1103325,6.0,-5.0,-58.0
1777891418.1203325,5.0,-4.0,-60.0
1777891418.1303325,0.0,-3.0,-60.0
1777891418.1403325,-2.0,-5.0,-63.0
1777891418.1503325,1.0,-5.0,-67.0
1777891418.1603324,3.0,-9.0,-76.0
1777891418.1703324,5.0,-7.0,-73.0
1777891418.1803324,5.0,-5.0,-78.0
1777891418.1903324,4.0,-4.0,-68.0
1777891418.2003324,3.0,-2.0,-68.0
1777891418.2103324,5.0,0.0,-69.0
1777891418.2203324,0.0,4.0,-66.0
1777891418.2303324,-2.0,6.0,-67.0
1777891418.2403324,-5.0,3.0,-69.0
1777891418.2503324,-1.0,5.0,-76.0
1777891418.2603323,-2.0,2.0,-72.0
1777891418.2703323,-4.0,2.0,-75.0
1777891418.2803323,-2.0,0.0,-74.0
1777891418.2903323,0.0,-5.0,-69.0
1777891418.3003323,-2.0,-3.0,-61.0
1777891418.3103323,1.0,-6.0,-62.0
1777891418.3203323,10.0,-4.0,-60.0
1777891418.3303325,7.0,-5.0,-63.0
1777891418.3403325,5.0,-5.0,-75.0
1777891418.3503325,3.0,-6.0,-71.0
1777891418.3603325,8.0,-1.0,-68.0
1777891418.3703325,14.0,-3.0,-68.0
1777891418.3803325,11.0,-2.0,-71.0
1777891418.3903325,13.0,-1.0,-68.0
1777891418.4003325,7.0,-3.0,-67.0
1777891418.4103324,7.0,-6.0,-71.0
1777891418.4203324,6.0,-4.0,-69.0
1777891418.4303324,3.0,-3.0,-74.0
1777891418.4403324,3.0,-3.0,-72.0
1777891418.4503324,3.0,-5.0,-69.0
1777891418.4603324,5.0,-3.0,-67.0
1777891418.4703324,4.0,-3.0,-61.0
1777891418.4803324,6.0,-3.0,-61.0
1777891418.4903324,7.0,-3.0,-61.0
1777891418.5003324,4.0,-2.0,-60.0
1777891418.5103323,0.0,-1.0,-60.0
1777891418.5203323,3.0,-1.0,-65.0
1777891418.5303323,2.0,-4.0,-64.0
1777891418.5403323,-1.0,-2.0,-65.0
1777891418.5503323,4.0,-1.0,-67.0
1777891418.5603323,2.0,0.0,-69.0
1777891418.5703323,-2.0,-4.0,-74.0
1777891418.5803325,-2.0,-3.0,-81.0
1777891418.5903325,0.0,-1.0,-85.0
1777891418.6003325,-3.0,-2.0,-74.0
1777891418.6103325,3.0,-5.0,-75.0
1777891418.6203325,7.0,0.0,-68.0
1777891418.6303325,8.0,5.0,-62.0
1777891418.6403325,11.0,5.0,-71.0
1777891418.6503325,9.0,3.0,-72.0
1777891418.6603324,5.0,6.0,-72.0
1777891418.6703324,5.0,7.0,-66.0
1777891418.6803324,1.0,2.0,-65.0
1777891418.6903324,-2.0,1.0,-66.0
1777891418.7003324,-1.0,-1.0,-70.0
1777891418.7103324,0.0,-1.0,-80.0
1777891418.7203324,-2.0,-8.0,-79.0
1777891418.7303324,5.0,-1.0,-73.0
1777891418.7403324,2.0,-2.0,-70.0
1777891418.7503324,2.0,-5.0,-68.0
1777891418.7603323,4.0,-8.0,-69.0
1777891418.7703323,0.0,-10.0,-66.0
1777891418.7803323,0.0,-5.0,-65.0
1777891418.7903323,-2.0,-4.0,-67.0
1777891418.8003323,-2.0,-1.0,-63.0
1777891418.8103323,-1.0,1.0,-66.0
1777891418.8203323,2.0,-1.0,-58.0
1777891418.8303325,3.0,-1.0,-58.0
1777891418.8403325,0.0,-2.0,-63.0
1777891418.8503325,0.0,0.0,-64.0
1777891418.8603325,2.0,-4.0,-61.0
1777891418.8703325,2.0,-7.0,-62.0
1777891418.8803325,1.0,-11.0,-64.0
1777891418.8903325,3.0,-10.0,-69.0
1777891418.9003325,7.0,-6.0,-69.0
1777891418.9103324,8.0,-6.0,-74.0
1777891418.9203324,5.0,-7.0,-72.0
1777891418.9303324,2.0,-3.0,-70.0
1777891418.9403324,2.0,1.0,-69.0
1777891418.9503324,-2.0,1.0,-75.0
1777891418.9603324,-6.0,0.0,-77.0
1777891418.9703324,-5.0,0.0,-76.0
1777891418.9803324,-4.0,0.0,-73.0
1777891418.9903324,-2.0,0.0,-76.0
1777891419.0003324,0.0,-3.0,-77.0
1777891419.0103323,-3.0,-2.0,-78.0
1777891419.0203323,0.0,3.0,-77.0
1777891419.0303323,-3.0,4.0,-75.0
1777891419.0403323,0.0,1.0,-76.0
1777891419.0503323,1.0,2.0,-80.0
1777891419.0603323,-1.0,-1.0,-72.0
1777891419.0703323,3.0,0.0,-74.0
1777891419.0803325,0.0,0.0,-75.0
1777891419.0903325,0.0,1.0,-77.0
1777891419.1003325,0.0,0.0,-77.0
1777891419.1103325,-2.0,-3.0,-73.0
1777891419.1203325,-2.0,-7.0,-69.0
1777891419.1303325,-2.0,-4.0,-70.0
1777891419.1403325,-2.0,-3.0,-75.0
1777891419.1503325,-5.0,-1.0,-71.0
1777891419.1603324,-4.0,-1.0,-67.0
1777891419.1703324,-5.0,2.0,-67.0
1777891419.1803324,-2.0,4.0,-69.0
1777891419.1903324,1.0,3.0,-71.0
1777891419.2003324,4.0,0.0,-70.0
1777891419.2103324,5.0,0.0,-66.0
1777891419.2203324,5.0,0.0,-72.0
1777891419.2303324,9.0,0.0,-74.0
1777891419.2403324,6.0,0.0,-76.0
1777891419.2503324,3.0,0.0,-82.0
1777891419.2603323,-2.0,2.0,-79.0
1777891419.2703323,0.0,0.0,-75.0
1777891419.2803323,3.0,0.0,-81.0
1777891419.2903323,2.0,1.0,-82.0
1777891419.3003323,3.0,0.0,-79.0
1777891419.3103323,6.0,5.0,-78.0
1777891419.3203323,5.0,1.0,-77.0
1777891419.3303325,7.0,5.0,-70.0
1777891419.3403325,10.0,3.0,-67.0
1777891419.3503325,8.0,4.0,-66.0
1777891419.3603325,11.0,5.0,-69.0
1777891419.3703325,9.0,4.0,-65.0
1777891419.3803325,6.0,3.0,-69.0
1777891419.3903325,3.0,5.0,-73.0
1777891419.4003325,-1.0,2.0,-70.0
1777891419.4103324,-5.0,2.0,-68.0
1777891419.4203324,-6.0,2.0,-61.0
1777891419.4303324,0.0,3.0,-62.0
1777891419.4403324,4.0,1.0,-59.0
1777891419.4503324,4.0,0.0,-56.0
1777891419.4603324,2.0,0.0,-60.0
1777891419.4703324,0.0,-3.0,-68.0
1777891419.4803324,2.0,-3.0,-66.0
1777891419.4903324,0.0,-1.0,-64.0
1777891419.5003324,-1.0,-2.0,-53.0
1777891419.5103323,0.0,-1.0,-55.0
1777891419.5203323,2.0,1.0,-62.0
1777891419.5303323,3.0,2.0,-67.0
1777891419.5403323,0.0,3.0,-66.0
1777891419.5503323,3.0,3.0,-62.0
1777891419.5603323,6.0,4.0,-60.0
1777891419.5703323,4.0,6.0,-61.0
1777891419.5803325,5.0,0.0,-61.0
1777891419.5903325,4.0,4.0,-67.0
1777891419.6003325,0.0,6.0,-66.0
1777891419.6103325,-3.0,5.0,-70.0
1777891419.6203325,-2.0,1.0,-70.0
1777891419.6303325,0.0,0.0,-66.0
1777891419.6403325,1.0,-2.0,-70.0
1777891419.6503325,5.0,-3.0,-66.0
1777891419.6603324,4.0,0.0,-64.0
1777891419.6703324,3.0,-1.0,-66.0
1777891419.6803324,0.0,-3.0,-67.0
1777891419.6903324,3.0,-4.0,-69.0
1777891419.7003324,1.0,0.0,-71.0
1777891419.7103324,2.0,-3.0,-66.0
1777891419.7203324,2.0,-7.0,-66.0
1777891419.7303324,1.0,-7.0,-63.0
1777891419.7403324,3.0,-8.0,-62.0
1777891419.7503324,-1.0,-6.0,-68.0
1777891419.7603323,1.0,-14.0,-73.0
1777891419.7703323,-1.0,-10.0,-71.0
1777891419.7803323,2.0,-12.0,-72.0
1777891419.7903323,3.0,-11.0,-72.0
1777891419.8003323,6.0,-12.0,-75.0
1777891419.8103323,3.0,-7.0,-70.0
1777891419.8203323,1.0,-3.0,-69.0
1777891419.8303325,-2.0,0.0,-73.0
1777891419.8403325,-2.0,-1.0,-70.0
1777891419.8503325,2.0,3.0,-68.0
1777891419.8603325,0.0,2.0,-64.0
1777891419.8703325,0.0,0.0,-61.0
1777891419.8803325,1.0,-1.0,-68.0
1777891419.8903325,0.0,-4.0,-77.0
1777891419.9003325,0.0,-5.0,-78.0
1777891419.9103324,3.0,-1.0,-69.0
1777891419.9203324,2.0,-5.0,-59.0
1777891419.9303324,2.0,-4.0,-59.0
1777891419.9403324,2.0,-3.0,-58.0
1777891419.9503324,0.0,-3.0,-65.0
1777891419.9603324,-3.0,2.0,-72.0
1777891419.9713323,-5.0,2.0,-86.0
1777891419.9813323,0.0,-1.0,-89.0
1777891419.9913323,1.0,2.0,-85.0
1777891420.0013323,4.0,3.0,-78.0
1777891420.0113325,7.0,6.0,-76.0
1777891420.0213325,5.0,2.0,-77.0
1777891420.0313325,9.0,-4.0,-81.0
1777891420.0413325,8.0,-6.0,-83.0
1777891420.0513325,6.0,-6.0,-74.0
1777891420.0613325,2.0,-4.0,-70.0
1777891420.0713325,0.0,-6.0,-75.0
1777891420.0813324,1.0,-5.0,-83.0
1777891420.0913324,5.0,-6.0,-82.0
1777891420.1013324,6.0,-9.0,-76.0
1777891420.1113324,2.0,-6.0,-76.0
1777891420.1213324,2.0,-2.0,-80.0
1777891420.1313324,0.0,-4.0,-72.0
1777891420.1413324,1.0,-3.0,-68.0
1777891420.1513324,1.0,0.0,-67.0
1777891420.1613324,1.0,0.0,-73.0
1777891420.1713324,0.0,0.0,-72.0
1777891420.1813323,1.0,1.0,-65.0
1777891420.1913323,-3.0,0.0,-70.0
1777891420.2013323,-1.0,3.0,-75.0
1777891420.2113323,2.0,2.0,-77.0
1777891420.2213323,1.0,4.0,-76.0
1777891420.2313323,2.0,3.0,-77.0
1777891420.2413323,9.0,0.0,-77.0
1777891420.2513323,4.0,-6.0,-74.0
1777891420.2613325,6.0,-4.0,-75.0
1777891420.2713325,9.0,-4.0,-77.0
1777891420.2813325,6.0,-4.0,-82.0
1777891420.2913325,7.0,-2.0,-71.0
1777891420.3013325,7.0,-2.0,-66.0
1777891420.3113325,7.0,-2.0,-63.0
1777891420.3213325,10.0,-1.0,-58.0
1777891420.3313324,9.0,0.0,-60.0
1777891420.3413324,9.0,-1.0,-62.0
1777891420.3513324,7.0,0.0,-54.0
1777891420.3613324,3.0,4.0,-56.0
1777891420.3713324,4.0,2.0,-55.0
1777891420.3813324,8.0,3.0,-61.0
1777891420.3913324,2.0,4.0,-67.0
1777891420.4013324,4.0,1.0,-69.0
1777891420.4113324,6.0,-2.0,-68.0
1777891420.4213324,2.0,-3.0,-64.0
1777891420.4313323,4.0,-2.0,-67.0
1777891420.4413323,2.0,0.0,-64.0
1777891420.4513323,2.0,0.0,-63.0
1777891420.4613323,5.0,0.0,-66.0
1777891420.4713323,3.0,-2.0,-68.0
1777891420.4813323,2.0,-3.0,-76.0
1777891420.4913323,0.0,-6.0,-81.0
1777891420.5013323,1.0,-9.0,-81.0
1777891420.5113325,3.0,-8.0,-84.0
1777891420.5213325,8.0,-10.0,-84.0
1777891420.5313325,10.0,-6.0,-78.0
1777891420.5413325,5.0,-3.0,-74.0
1777891420.5513325,1.0,-2.0,-74.0
1777891420.5613325,-2.0,-2.0,-75.0
1777891420.5713325,-4.0,-4.0,-75.0
1777891420.5813324,-5.0,0.0,-67.0
1777891420.5913324,-1.0,-2.0,-72.0
1777891420.6013324,0.0,-3.0,-70.0
1777891420.6113324,1.0,-3.0,-67.0
1777891420.6213324,2.0,-7.0,-70.0
1777891420.6313324,0.0,-9.0,-70.0
1777891420.6413324,3.0,-7.0,-72.0
1777891420.6513324,0.0,-8.0,-75.0
1777891420.6613324,0.0,-8.0,-70.0
1777891420.6713324,2.0,0.0,-64.0
1777891420.6813323,2.0,0.0,-65.0
1777891420.6913323,4.0,-1.0,-63.0
1777891420.7013323,5.0,-1.0,-68.0
1777891420.7113323,2.0,-4.0,-68.0
1777891420.7213323,4.0,-2.0,-67.0
1777891420.7313323,7.0,0.0,-73.0
1777891420.7413323,6.0,-2.0,-74.0
1777891420.7513323,7.0,3.0,-75.0
1777891420.7613325,1.0,6.0,-73.0
1777891420.7713325,2.0,3.0,-76.0
1777891420.7813325,5.0,4.0,-75.0
1777891420.7913325,4.0,2.0,-72.0
1777891420.8013325,0.0,3.0,-76.0
1777891420.8113325,-3.0,8.0,-78.0
1777891420.8213325,-7.0,5.0,-78.0
1777891420.8313324,-3.0,7.0,-76.0
1777891420.8413324,-6.0,5.0,-79.0
1777891420.8513324,-2.0,6.0,-78.0
1777891420.8613324,2.0,2.0,-80.0
1777891420.8713324,1.0,2.0,-81.0
1777891420.8813324,0.0,3.0,-75.0
1777891420.8913324,4.0,-1.0,-72.0
1777891420.9013324,3.0,-7.0,-71.0
1777891420.9113324,3.0,-9.0,-71.0
1777891420.9213324,1.0,-11.0,-65.0
1777891420.9313323,0.0,-11.0,-64.0
1777891420.9413323,-4.0,-9.0,-62.0
1777891420.9513323,-6.0,-10.0,-57.0
1777891420.9613323,-5.0,-10.0,-52.0
1777891420.9713323,-5.0,-8.0,-53.0
1777891420.9813323,0.0,-6.0,-58.0
1777891420.9913323,3.0,-10.0,-67.0
1777891421.0013323,2.0,-8.0,-73.0
1777891421.0113325,2.0,-5.0,-71.0
1777891421.0213325,1.0,-4.0,-68.0
1777891421.0313325,3.0,-4.0,-66.0
1777891421.0413325,4.0,-2.0,-67.0
1777891421.0513325,2.0,-3.0,-68.0
1777891421.0613325,2.0,-5.0,-71.0
1777891421.0713325,0.0,-4.0,-70.0
1777891421.0813324,4.0,-2.0,-69.0
1777891421.0913324,3.0,-2.0,-81.0
1777891421.1013324,2.0,-7.0,-85.0
1777891421.1113324,0.0,-6.0,-85.0
1777891421.1213324,0.0,0.0,-80.0
1777891421.1313324,3.0,-3.0,-78.0
1777891421.1413324,1.0,2.0,-72.0
1777891421.1513324,-2.0,6.0,-75.0
1777891421.1613324,-5.0,6.0,-76.0
1777891421.1713324,2.0,3.0,-67.0
1777891421.1813323,0.0,5.0,-67.0
1777891421.1913323,6.0,3.0,-75.0
1777891421.2013323,9.0,1.0,-80.0
1777891421.2113323,5.0,-3.0,-74.0
1777891421.2213323,1.0,-2.0,-69.0
1777891421.2313323,-2.0,-3.0,-73.0
1777891421.2413323,0.0,-3.0,-67.0
1777891421.2513323,0.0,0.0,-70.0
1777891421.2613325,-1.0,-2.0,-69.0
1777891421.2713325,0.0,-1.0,-78.0
1777891421.2813325,2.0,-4.0,-82.0
1777891421.2913325,7.0,-6.0,-85.0
1777891421.3013325,9.0,-6.0,-87.0
1777891421.3113325,8.0,-6.0,-79.0
1777891421.3213325,6.0,-11.0,-79.0
1777891421.3313324,3.0,-15.0,-81.0
1777891421.3413324,4.0,-9.0,-79.0
1777891421.3513324,0.0,-6.0,-71.0
1777891421.3613324,0.0,-4.0,-71.0
1777891421.3713324,-4.0,-2.0,-70.0
1777891421.3813324,-5.0,1.0,-70.0
1777891421.3913324,-2.0,0.0,-67.0
1777891421.4013324,-1.0,0.0,-66.0
1777891421.4113324,1.0,0.0,-66.0
1777891421.4213324,0.0,1.0,-72.0
1777891421.4313323,0.0,2.0,-80.0
1777891421.4413323,5.0,6.0,-84.0
1777891421.4513323,3.0,4.0,-78.0
1777891421.4613323,1.0,0.0,-83.0
1777891421.4713323,0.0,-1.0,-76.0
1777891421.4813323,-3.0,-3.0,-72.0
1777891421.4913323,0.0,-4.0,-64.0
1777891421.5013323,1.0,-3.0,-65.0
1777891421.5113325,0.0,-4.0,-66.0
1777891421.5213325,-2.0,-4.0,-69.0
1777891421.5313325,-2.0,-4.0,-70.0
1777891421.5413325,-3.0,-2.0,-70.0
1777891421.5513325,-5.0,-2.0,-68.0
1777891421.5613325,-5.0,-6.0,-69.0
1777891421.5713325,-7.0,-7.0,-72.0
1777891421.5813324,-10.0,-3.0,-69.0
1777891421.5913324,-7.0,-5.0,-71.0
1777891421.6013324,-3.0,-5.0,-75.0
1777891421.6113324,-1.0,-6.0,-72.0
1777891421.6213324,2.0,-8.0,-69.0
1777891421.6313324,1.0,-8.0,-69.0
1777891421.6413324,2.0,-6.0,-65.0
1777891421.6513324,-1.0,-1.0,-57.0
1777891421.6613324,-1.0,-6.0,-62.0
1777891421.6713324,-1.0,-2.0,-66.0
1777891421.6813323,0.0,0.0,-69.0
1777891421.6913323,0.0,0.0,-72.0
1777891421.7013323,0.0,-2.0,-66.0
1777891421.7113323,1.0,-2.0,-70.0
1777891421.7213323,0.0,-5.0,-67.0
1777891421.7313323,-1.0,-9.0,-67.0
1777891421.7413323,-2.0,-10.0,-69.0
1777891421.7513323,-3.0,-9.0,-72.0
1777891421.7613325,-3.0,-7.0,-70.0
1777891421.7713325,-1.0,-5.0,-68.0
1777891421.7813325,-1.0,-7.0,-65.0
1777891421.7913325,0.0,-9.0,-70.0
1777891421.8013325,-1.0,-8.0,-65.0
1777891421.8113325,4.0,1.0,-63.0
1777891421.8213325,5.0,5.0,-58.0
1777891421.8313324,1.0,4.0,-62.0
1777891421.8413324,0.0,4.0,-69.0
1777891421.8513324,0.0,1.0,-68.0
1777891421.8613324,0.0,0.0,-62.0
1777891421.8713324,6.0,-7.0,-68.0
1777891421.8813324,6.0,-6.0,-76.0
1777891421.8913324,3.0,-6.0,-73.0
1777891421.9013324,2.0,-5.0,-74.0
1777891421.9113324,4.0,-1.0,-75.0
1777891421.9213324,4.0,-4.0,-68.0
1777891421.9313323,3.0,-1.0,-63.0
1777891421.9413323,3.0,-2.0,-63.0
1777891421.9513323,0.0,-4.0,-57.0
1777891421.9613323,-2.0,-1.0,-58.0
1777891421.9723325,0.0,2.0,-62.0
1777891421.9823325,2.0,2.0,-64.0
1777891421.9923325,2.0,2.0,-64.0
1777891422.0023324,2.0,0.0,-64.0
1777891422.0123324,2.0,3.0,-68.0
1777891422.0223324,1.0,5.0,-71.0
1777891422.0323324,6.0,6.0,-70.0
1777891422.0423324,5.0,2.0,-66.0
1777891422.0523324,3.0,-4.0,-68.0
1777891422.0623324,1.0,-10.0,-70.0
1777891422.0723324,0.0,-5.0,-61.0
1777891422.0823324,1.0,-6.0,-58.0
1777891422.0923324,0.0,-5.0,-59.0
1777891422.1023324,2.0,-1.0,-60.0
1777891422.1123323,4.0,-3.0,-62.0
1777891422.1223323,8.0,-3.0,-60.0
1777891422.1323323,0.0,-6.0,-60.0
1777891422.1423323,-1.0,-4.0,-61.0
1777891422.1523323,0.0,-2.0,-63.0
1777891422.1623323,-3.0,0.0,-61.0
1777891422.1723323,-4.0,0.0,-57.0
1777891422.1823325,0.0,-5.0,-62.0
1777891422.1923325,-3.0,-3.0,-63.0
1777891422.2023325,-2.0,-1.0,-63.0
1777891422.2123325,-2.0,-1.0,-62.0
1777891422.2223325,0.0,-4.0,-59.0
1777891422.2323325,-2.0,-2.0,-59.0
1777891422.2423325,-4.0,-5.0,-57.0
1777891422.2523324,-1.0,-3.0,-55.0
1777891422.2623324,4.0,-1.0,-61.0
1777891422.2723324,9.0,1.0,-58.0
1777891422.2823324,10.0,-2.0,-58.0
1777891422.2923324,5.0,-6.0,-56.0
1777891422.3023324,5.0,-7.0,-61.0
1777891422.3123324,5.0,-8.0,-64.0
1777891422.3223324,1.0,-5.0,-60.0
1777891422.3323324,2.0,-2.0,-63.0
1777891422.3423324,-2.0,2.0,-71.0
1777891422.3523324,-5.0,7.0,-72.0
1777891422.3623323,-6.0,6.0,-73.0
1777891422.3723323,-3.0,2.0,-75.0
1777891422.3833325,-4.0,7.0,-78.0
1777891422.3923323,-3.0,9.0,-78.0
1777891422.4023323,1.0,5.0,-75.0
1777891422.4123323,3.0,7.0,-80.0
1777891422.4223323,0.0,7.0,-79.0
1777891422.4323325,0.0,4.0,-74.0
1777891422.4423325,0.0,0.0,-71.0
1777891422.4523325,0.0,-1.0,-73.0
1777891422.4623325,1.0,-4.0,-74.0
1777891422.4723325,-1.0,-3.0,-81.0
1777891422.4823325,-4.0,0.0,-76.0
1777891422.4923325,-1.0,0.0,-77.0
1777891422.5023324,-6.0,0.0,-77.0
1777891422.5123324,-6.0,-1.0,-74.0
1777891422.5223324,-5.0,0.0,-72.0
1777891422.5323324,-5.0,-1.0,-69.0
1777891422.5423324,-6.0,-1.0,-70.0
1777891422.5523324,-2.0,-4.0,-71.0
1777891422.5623324,0.0,-1.0,-72.0
1777891422.5723324,-2.0,-1.0,-70.0
1777891422.5823324,2.0,0.0,-68.0
1777891422.5923324,2.0,1.0,-68.0
1777891422.6023324,0.0,5.0,-67.0
1777891422.6123323,-2.0,7.0,-68.0
1777891422.6223323,0.0,4.0,-64.0
1777891422.6323323,0.0,1.0,-63.0
1777891422.6423323,-3.0,-4.0,-68.0
1777891422.6523323,-1.0,-5.0,-64.0
1777891422.6623323,-1.0,-5.0,-59.0
1777891422.6723323,-1.0,-3.0,-66.0
1777891422.6823325,3.0,0.0,-71.0
1777891422.6923325,5.0,0.0,-77.0
1777891422.7023325,3.0,0.0,-85.0
1777891422.7123325,2.0,-2.0,-79.0
1777891422.7223325,5.0,2.0,-76.0
1777891422.7323325,7.0,6.0,-78.0
1777891422.7423325,9.0,2.0,-75.0
1777891422.7523324,7.0,3.0,-72.0
1777891422.7623324,2.0,4.0,-72.0
1777891422.7723324,-1.0,4.0,-68.0
1777891422.7823324,-5.0,2.0,-65.0
1777891422.7923324,-5.0,2.0,-66.0
1777891422.8023324,-5.0,0.0,-70.0
1777891422.8123324,-1.0,4.0,-71.0
1777891422.8223324,-4.0,3.0,-71.0
1777891422.8323324,-6.0,5.0,-76.0
1777891422.8423324,-2.0,2.0,-78.0
1777891422.8523324,-3.0,-1.0,-72.0
1777891422.8623323,-4.0,-2.0,-71.0
1777891422.8723323,-5.0,1.0,-75.0
1777891422.8823323,-2.0,0.0,-70.0
1777891422.8923323,-3.0,-3.0,-74.0
1777891422.9023323,-4.0,-4.0,-74.0
1777891422.9123323,0.0,0.0,-77.0
1777891422.9223323,-1.0,0.0,-78.0
1777891422.9323325,0.0,-1.0,-79.0
1777891422.9423325,-2.0,-1.0,-76.0
1777891422.9523325,-3.0,0.0,-75.0
1777891422.9623325,0.0,0.0,-74.0
1777891422.9723325,0.0,-3.0,-71.0
1777891422.9823325,-2.0,-4.0,-67.0
1777891422.9923325,0.0,-6.0,-69.0
1777891423.0023324,0.0,-6.0,-66.0
1777891423.0123324,0.0,-5.0,-68.0
1777891423.0223324,-1.0,0.0,-66.0
1777891423.0323324,-1.0,0.0,-61.0
1777891423.0423324,-3.0,3.0,-63.0
1777891423.0523324,3.0,2.0,-63.0
1777891423.0623324,6.0,-4.0,-67.0
1777891423.0723324,5.0,-3.0,-64.0
1777891423.0823324,4.0,0.0,-60.0
1777891423.0923324,10.0,-1.0,-63.0
1777891423.1023324,4.0,-8.0,-63.0
1777891423.1123323,4.0,-4.0,-67.0
1777891423.1223323,1.0,-2.0,-67.0
1777891423.1323323,-3.0,-4.0,-70.0
1777891423.1423323,-4.0,-2.0,-71.0
1777891423.1523323,-2.0,2.0,-69.0
1777891423.1623323,3.0,-2.0,-67.0
1777891423.1723323,-1.0,-3.0,-66.0
1777891423.1823325,0.0,0.0,-63.0
1777891423.1923325,-1.0,-1.0,-60.0
1777891423.2023325,1.0,2.0,-58.0
1777891423.2123325,4.0,-2.0,-62.0
1777891423.2223325,2.0,1.0,-67.0
1777891423.2323325,-3.0,-1.0,-66.0
1777891423.2423325,-3.0,-2.0,-67.0
1777891423.2523324,-1.0,-4.0,-69.0
1777891423.2623324,1.0,-2.0,-70.0
1777891423.2723324,0.0,-2.0,-76.0
1777891423.2823324,-3.0,-7.0,-80.0
1777891423.2923324,-4.0,-3.0,-78.0
1777891423.3023324,-5.0,-1.0,-76.0
1777891423.3123324,-2.0,0.0,-66.0
1777891423.3223324,-2.0,0.0,-66.0
1777891423.3323324,-5.0,0.0,-67.0
1777891423.3423324,-8.0,-2.0,-69.0
1777891423.3523324,-10.0,0.0,-67.0
1777891423.3623323,-6.0,2.0,-69.0
1777891423.3723323,-4.0,2.0,-75.0
1777891423.3823323,0.0,3.0,-72.0
1777891423.3923323,1.0,1.0,-77.0
1777891423.4023323,0.0,-3.0,-82.0
1777891423.4123323,1.0,-6.0,-75.0
1777891423.4223323,0.0,-5.0,-72.0
1777891423.4323325,3.0,0.0,-73.0
1777891423.4423325,1.0,1.0,-68.0
1777891423.4523325,2.0,4.0,-56.0
1777891423.4623325,0.0,1.0,-56.0
1777891423.4723325,0.0,4.0,-61.0
1777891423.4823325,-3.0,8.0,-67.0
1777891423.4923325,-4.0,7.0,-65.0
1777891423.5023324,-7.0,6.0,-67.0
1777891423.5123324,-6.0,5.0,-68.0
1777891423.5223324,-10.0,3.0,-65.0
1777891423.5323324,-11.0,2.0,-70.0
1777891423.5423324,-10.0,0.0,-73.0
1777891423.5523324,-9.0,2.0,-73.0
1777891423.5623324,-11.0,2.0,-70.0
1777891423.5723324,-5.0,0.0,-69.0
1777891423.5823324,-8.0,1.0,-69.0
1777891423.5923324,-9.0,1.0,-79.0
1777891423.6023324,-6.0,0.0,-72.0
1777891423.6123323,-2.0,-1.0,-72.0
1777891423.6223323,0.0,0.0,-72.0
1777891423.6323323,4.0,-1.0,-69.0
1777891423.6423323,2.0,0.0,-72.0
1777891423.6523323,2.0,-2.0,-71.0
1777891423.6623323,7.0,-1.0,-70.0
1777891423.6723323,3.0,1.0,-73.0
1777891423.6823325,1.0,4.0,-78.0
1777891423.6923325,4.0,6.0,-79.0
1777891423.7023325,7.0,4.0,-79.0
1777891423.7123325,3.0,5.0,-81.0
1777891423.7223325,-1.0,3.0,-71.0
1777891423.7323325,-4.0,2.0,-68.0
1777891423.7423325,-5.0,0.0,-66.0
1777891423.7523324,-6.0,0.0,-68.0
1777891423.7623324,-6.0,-2.0,-75.0
1777891423.7723324,-3.0,-4.0,-78.0
1777891423.7823324,-2.0,0.0,-78.0
1777891423.7923324,0.0,0.0,-75.0
1777891423.8023324,4.0,0.0,-72.0
1777891423.8123324,2.0,2.0,-73.0
1777891423.8223324,5.0,0.0,-72.0
1777891423.8323324,6.0,0.0,-70.0
1777891423.8423324,6.0,0.0,-70.0
1777891423.8523324,10.0,4.0,-70.0
1777891423.8623323,10.0,1.0,-73.0
1777891423.8723323,10.0,0.0,-77.0
1777891423.8823323,8.0,0.0,-74.0
1777891423.8923323,7.0,1.0,-71.0
1777891423.9023323,7.0,4.0,-75.0
1777891423.9123323,8.0,2.0,-81.0
1777891423.9223323,1.0,5.0,-77.0
1777891423.9333324,0.0,1.0,-83.0
1777891423.9433324,0.0,-1.0,-78.0
1777891423.9533324,4.0,-4.0,-75.0
1777891423.9623325,2.0,-5.0,-69.0
1777891423.9733324,3.0,-3.0,-74.0
1777891423.9833324,5.0,-6.0,-70.0
1777891423.9933324,4.0,-7.0,-69.0
1777891424.0033324,7.0,-5.0,-77.0
1777891424.0133324,8.0,-3.0,-75.0
1777891424.0233324,6.0,0.0,-70.0
1777891424.0333323,4.0,-3.0,-72.0
1777891424.0433323,2.0,-5.0,-76.0
1777891424.0533323,1.0,-4.0,-72.0
1777891424.0633323,0.0,-5.0,-76.0
1777891424.0733323,0.0,-3.0,-76.0
1777891424.0833323,0.0,-6.0,-78.0
1777891424.0933323,0.0,-4.0,-85.0
1777891424.1033323,0.0,-2.0,-88.0
1777891424.1133325,0.0,0.0,-89.0
1777891424.1233325,1.0,-2.0,-77.0
1777891424.1333325,0.0,2.0,-73.0
1777891424.1433325,3.0,5.0,-72.0
1777891424.1533325,4.0,4.0,-70.0
1777891424.1633325,6.0,4.0,-69.0
1777891424.1733325,8.0,6.0,-69.0
1777891424.1833324,5.0,7.0,-72.0
1777891424.1933324,1.0,5.0,-73.0
1777891424.2033324,2.0,3.0,-75.0
1777891424.2133324,1.0,0.0,-78.0
1777891424.2233324,4.0,-4.0,-80.0
1777891424.2333324,7.0,-1.0,-76.0
1777891424.2433324,6.0,-2.0,-75.0
1777891424.2533324,4.0,-6.0,-79.0
1777891424.2633324,5.0,-6.0,-82.0
1777891424.2733324,6.0,-1.0,-79.0
1777891424.2833323,9.0,1.0,-75.0
1777891424.2933323,7.0,0.0,-69.0
1777891424.3033323,7.0,0.0,-68.0
1777891424.3133323,5.0,0.0,-71.0
1777891424.3233323,4.0,-1.0,-70.0
1777891424.3333323,1.0,-3.0,-71.0
1777891424.3433323,3.0,-3.0,-67.0
1777891424.3533323,5.0,-3.0,-66.0
1777891424.3633325,5.0,1.0,-71.0
1777891424.3733325,6.0,1.0,-75.0
1777891424.3833325,3.0,-1.0,-76.0
1777891424.3933325,2.0,1.0,-72.0
1777891424.4033325,5.0,0.0,-67.0
1777891424.4133325,5.0,3.0,-63.0
1777891424.4233325,5.0,0.0,-63.0
1777891424.4333324,5.0,-2.0,-64.0
1777891424.4433324,7.0,-3.0,-64.0
1777891424.4533324,5.0,-7.0,-67.0
1777891424.4633324,2.0,-6.0,-72.0
1777891424.4733324,0.0,-9.0,-70.0
1777891424.4833324,-1.0,-7.0,-69.0
1777891424.4933324,0.0,-6.0,-67.0
1777891424.5033324,0.0,-6.0,-66.0
1777891424.5133324,2.0,-7.0,-63.0
1777891424.5233324,0.0,-5.0,-63.0
1777891424.5333323,-2.0,-7.0,-68.0
1777891424.5433323,-2.0,-6.0,-62.0
1777891424.5533323,0.0,-3.0,-66.0
1777891424.5633323,0.0,-4.0,-62.0
1777891424.5733323,0.0,-3.0,-62.0
1777891424.5833323,4.0,-3.0,-59.0
1777891424.5933323,3.0,-4.0,-62.0
1777891424.6033323,5.0,-3.0,-65.0
1777891424.6133325,7.0,0.0,-67.0
1777891424.6233325,5.0,-4.0,-67.0
1777891424.6333325,0.0,-1.0,-70.0
1777891424.6433325,3.0,2.0,-69.0
1777891424.6533325,1.0,1.0,-72.0
1777891424.6633325,5.0,-2.0,-74.0
1777891424.6733325,5.0,-5.0,-74.0
1777891424.6833324,5.0,-5.0,-77.0
1777891424.6933324,8.0,-3.0,-73.0
1777891424.7033324,6.0,-5.0,-72.0
1777891424.7133324,8.0,-8.0,-74.0
1777891424.7233324,6.0,-7.0,-72.0
1777891424.7333324,8.0,-5.0,-74.0
1777891424.7433324,5.0,-7.0,-80.0
1777891424.7533324,5.0,-5.0,-81.0
1777891424.7633324,2.0,-4.0,-80.0
1777891424.7733324,0.0,1.0,-76.0
1777891424.7833323,1.0,2.0,-79.0
1777891424.7933323,0.0,-1.0,-79.0
1777891424.8033323,-3.0,-2.0,-81.0
1777891424.8133323,-7.0,-2.0,-85.0
1777891424.8233323,-9.0,-4.0,-86.0
1777891424.8333323,-14.0,-3.0,-81.0
1777891424.8433323,-8.0,-3.0,-75.0
1777891424.8533323,-5.0,0.0,-72.0
1777891424.8633325,-2.0,3.0,-80.0
1777891424.8733325,1.0,3.0,-83.0
1777891424.8833325,0.0,4.0,-78.0
1777891424.8933325,-4.0,4.0,-73.0
1777891424.9033325,-5.0,4.0,-66.0
1777891424.9133325,2.0,1.0,-61.0
1777891424.9233325,4.0,1.0,-59.0
1777891424.9333324,3.0,1.0,-63.0
1777891424.9433324,3.0,0.0,-57.0
1777891424.9533324,5.0,0.0,-62.0
1777891424.9633324,0.0,-2.0,-66.0
1777891424.9733324,1.0,2.0,-67.0
1777891424.9833324,0.0,3.0,-66.0
1777891424.9933324,1.0,0.0,-63.0
1777891425.0033324,4.0,-4.0,-68.0
1777891425.0133324,2.0,-3.0,-75.0
1777891425.0233324,0.0,-4.0,-77.0
1777891425.0333323,4.0,-1.0,-74.0
1777891425.0433323,2.0,-4.0,-70.0
1777891425.0533323,1.0,-5.0,-69.0
1777891425.0633323,4.0,-3.0,-63.0
1777891425.0733323,3.0,-3.0,-68.0
1777891425.0833323,6.0,-3.0,-66.0
1777891425.0933323,5.0,-1.0,-63.0
1777891425.1033323,2.0,-5.0,-67.0
1777891425.1133325,6.0,-6.0,-73.0
1777891425.1233325,2.0,-10.0,-72.0
1777891425.1333325,3.0,-12.0,-69.0
1777891425.1433325,1.0,-7.0,-74.0
1777891425.1533325,6.0,-6.0,-72.0
1777891425.1633325,5.0,-4.0,-71.0
1777891425.1733325,1.0,-3.0,-71.0
1777891425.1833324,5.0,-1.0,-71.0
1777891425.1933324,6.0,0.0,-73.0
1777891425.2033324,5.0,0.0,-72.0
1777891425.2133324,2.0,0.0,-76.0
1777891425.2233324,2.0,-1.0,-76.0
1777891425.2333324,0.0,0.0,-69.0
1777891425.2433324,0.0,1.0,-75.0
1777891425.2533324,-2.0,0.0,-75.0
1777891425.2633324,-3.0,-1.0,-82.0
1777891425.2733324,-4.0,3.0,-78.0
1777891425.2833323,-2.0,4.0,-76.0
1777891425.2933323,0.0,5.0,-87.0
1777891425.3033323,0.0,6.0,-85.0
1777891425.3133323,0.0,6.0,-82.0
1777891425.3233323,-1.0,3.0,-77.0
1777891425.3333323,0.0,2.0,-72.0
1777891425.3433323,2.0,6.0,-73.0
1777891425.3533323,4.0,10.0,-78.0
1777891425.3633325,6.0,6.0,-78.0
1777891425.3733325,3.0,7.0,-81.0
1777891425.3833325,0.0,4.0,-82.0
1777891425.3933325,0.0,1.0,-73.0
1777891425.4033325,0.0,-5.0,-72.0
1777891425.4133325,6.0,-10.0,-71.0
1777891425.4233325,4.0,-10.0,-75.0
1777891425.4333324,7.0,-11.0,-84.0
1777891425.4433324,6.0,-5.0,-84.0
1777891425.4533324,1.0,-2.0,-79.0
1777891425.4633324,-3.0,-3.0,-85.0
1777891425.4733324,-8.0,-1.0,-78.0
1777891425.4833324,-6.0,-3.0,-81.0
1777891425.4933324,-6.0,0.0,-80.0
1777891425.5033324,-5.0,-1.0,-77.0
1777891425.5133324,-3.0,1.0,-78.0
1777891425.5233324,-6.0,2.0,-78.0
1777891425.5333323,-4.0,0.0,-78.0
1777891425.5433323,0.0,-3.0,-82.0
1777891425.5533323,2.0,-2.0,-81.0
1777891425.5633323,2.0,4.0,-75.0
1777891425.5733323,3.0,0.0,-67.0
1777891425.5833323,3.0,0.0,-72.0
1777891425.5933323,2.0,0.0,-72.0
1777891425.6033323,-2.0,-3.0,-72.0
1777891425.6133325,-3.0,-4.0,-77.0
1777891425.6233325,-4.0,-7.0,-77.0
1777891425.6333325,0.0,-8.0,-72.0
1777891425.6433325,-2.0,-8.0,-69.0
1777891425.6533325,0.0,-8.0,-73.0
1777891425.6633325,-3.0,-8.0,-69.0
1777891425.6733325,-2.0,-7.0,-71.0
1777891425.6833324,-1.0,-6.0,-73.0
1777891425.6933324,3.0,-7.0,-74.0
1777891425.7033324,5.0,-5.0,-74.0
1777891425.7133324,6.0,0.0,-70.0
1777891425.7233324,8.0,0.0,-78.0
1777891425.7333324,8.0,-2.0,-83.0
1777891425.7433324,6.0,-3.0,-81.0
1777891425.7533324,0.0,-2.0,-78.0
1777891425.7633324,4.0,-2.0,-71.0
1777891425.7733324,2.0,-2.0,-71.0
1777891425.7833323,5.0,-1.0,-65.0
1777891425.7933323,9.0,1.0,-65.0
1777891425.8033323,6.0,1.0,-75.0
1777891425.8133323,5.0,-1.0,-81.0
1777891425.8233323,2.0,-3.0,-78.0
1777891425.8333323,2.0,-4.0,-78.0
1777891425.8433323,5.0,-2.0,-74.0
1777891425.8533323,1.0,-1.0,-73.0
1777891425.8633325,4.0,-3.0,-69.0
1777891425.8733325,3.0,-7.0,-65.0
1777891425.8833325,6.0,-9.0,-70.0
1777891425.8933325,4.0,-8.0,-74.0
1777891425.9033325,0.0,-7.0,-76.0
1777891425.9133325,1.0,-4.0,-72.0
1777891425.9233325,-1.0,0.0,-68.0
1777891425.9333324,-4.0,-1.0,-64.0
1777891425.9433324,0.0,0.0,-71.0
1777891425.9543324,0.0,0.0,-71.0
1777891425.9643323,0.0,4.0,-73.0
1777891425.9743323,2.0,5.0,-71.0
1777891425.9843323,0.0,2.0,-77.0
1777891425.9943323,-4.0,3.0,-72.0
1777891426.0043323,-5.0,3.0,-64.0
1777891426.0143323,-3.0,0.0,-63.0
1777891426.0243323,-4.0,2.0,-63.0
1777891426.0343325,-7.0,-1.0,-65.0
1777891426.0443325,-7.0,-2.0,-70.0
1777891426.0543325,-3.0,0.0,-69.0
1777891426.0643325,-4.0,0.0,-70.0
1777891426.0743325,-1.0,0.0,-70.0
1777891426.0843325,0.0,2.0,-72.0
1777891426.0943325,0.0,0.0,-73.0
1777891426.1043324,-2.0,1.0,-75.0
1777891426.1143324,-1.0,0.0,-77.0
1777891426.1243324,3.0,-1.0,-73.0
1777891426.1343324,4.0,5.0,-71.0
1777891426.1443324,6.0,5.0,-70.0
1777891426.1543324,6.0,2.0,-67.0
1777891426.1643324,5.0,2.0,-63.0
1777891426.1743324,1.0,2.0,-68.0
1777891426.1843324,0.0,0.0,-68.0
1777891426.1943324,0.0,3.0,-73.0
1777891426.2043324,0.0,2.0,-73.0
1777891426.2143323,2.0,3.0,-75.0
1777891426.2243323,6.0,4.0,-71.0
1777891426.2343323,6.0,2.0,-65.0
1777891426.2443323,6.0,4.0,-66.0
1777891426.2543323,2.0,7.0,-68.0
1777891426.2643323,0.0,3.0,-67.0
1777891426.2743323,1.0,6.0,-75.0
1777891426.2843325,2.0,7.0,-74.0
1777891426.2943325,3.0,7.0,-79.0
1777891426.3043325,6.0,4.0,-71.0
1777891426.3143325,7.0,0.0,-70.0
1777891426.3243325,10.0,1.0,-76.0
1777891426.3343325,10.0,4.0,-76.0
1777891426.3443325,8.0,2.0,-79.0
1777891426.3543324,11.0,4.0,-72.0
1777891426.3643324,7.0,4.0,-67.0
1777891426.3743324,1.0,6.0,-70.0
1777891426.3843324,0.0,7.0,-72.0
1777891426.3943324,0.0,4.0,-76.0
1777891426.4043324,0.0,3.0,-75.0
1777891426.4143324,-1.0,0.0,-70.0
1777891426.4243324,-3.0,3.0,-68.0
1777891426.4343324,-1.0,4.0,-60.0
1777891426.4443324,2.0,1.0,-63.0
1777891426.4543324,3.0,1.0,-66.0
1777891426.4643323,5.0,2.0,-70.0
1777891426.4743323,6.0,-1.0,-77.0
1777891426.4843323,4.0,1.0,-85.0
1777891426.4943323,2.0,1.0,-84.0
1777891426.5043323,-1.0,4.0,-82.0
1777891426.5143323,-5.0,7.0,-77.0
1777891426.5243323,-6.0,5.0,-72.0
1777891426.5343325,-3.0,7.0,-68.0
1777891426.5443325,0.0,8.0,-66.0
1777891426.5543325,1.0,1.0,-64.0
1777891426.5643325,0.0,-1.0,-68.0
1777891426.5743325,1.0,2.0,-68.0
1777891426.5843325,-1.0,3.0,-66.0
1777891426.5943325,-4.0,2.0,-64.0
1777891426.6043324,-2.0,0.0,-66.0
1777891426.6143324,-3.0,0.0,-71.0
1777891426.6243324,-3.0,1.0,-72.0
1777891426.6343324,-1.0,-2.0,-73.0
1777891426.6443324,-1.0,-2.0,-78.0
1777891426.6543324,-2.0,-2.0,-81.0
1777891426.6643324,-4.0,-2.0,-74.0
1777891426.6743324,1.0,1.0,-74.0
1777891426.6843324,3.0,0.0,-73.0
1777891426.6943324,2.0,1.0,-80.0
1777891426.7043324,4.0,2.0,-80.0
1777891426.7143323,1.0,1.0,-77.0
1777891426.7243323,-6.0,2.0,-70.0
1777891426.7343323,-3.0,4.0,-62.0
1777891426.7443323,-1.0,2.0,-70.0
1777891426.7543323,-2.0,3.0,-72.0
1777891426.7643323,1.0,2.0,-75.0
1777891426.7743323,0.0,0.0,-75.0
1777891426.7843325,-1.0,0.0,-74.0
1777891426.7943325,0.0,0.0,-65.0
1777891426.8043325,1.0,-2.0,-68.0
1777891426.8143325,-2.0,-2.0,-71.0
1777891426.8243325,-3.0,3.0,-68.0
1777891426.8343325,-3.0,5.0,-65.0
1777891426.8443325,0.0,6.0,-70.0
1777891426.8543324,2.0,4.0,-71.0
1777891426.8643324,4.0,2.0,-71.0
1777891426.8743324,6.0,3.0,-67.0
1777891426.8843324,7.0,-1.0,-66.0
1777891426.8943324,6.0,-1.0,-65.0
1777891426.9043324,6.0,-7.0,-72.0
1777891426.9143324,8.0,-6.0,-83.0
1777891426.9243324,6.0,-5.0,-84.0
1777891426.9343324,6.0,-3.0,-80.0
1777891426.9443324,3.0,0.0,-76.0
1777891426.9543324,4.0,0.0,-75.0
1777891426.9643323,3.0,4.0,-83.0
1777891426.9743323,3.0,2.0,-79.0
1777891426.9843323,4.0,2.0,-83.0
1777891426.9943323,5.0,1.0,-84.0
1777891427.0043323,6.0,0.0,-81.0
1777891427.0143323,2.0,0.0,-79.0
1777891427.0243323,-4.0,1.0,-83.0
1777891427.0343325,-1.0,2.0,-74.0
1777891427.0443325,0.0,4.0,-72.0
1777891427.0543325,1.0,5.0,-75.0
1777891427.0643325,2.0,7.0,-78.0
1777891427.0743325,2.0,1.0,-74.0
1777891427.0843325,4.0,2.0,-66.0
1777891427.0943325,9.0,1.0,-66.0
1777891427.1043324,7.0,-2.0,-65.0
1777891427.1143324,3.0,0.0,-71.0
1777891427.1243324,3.0,0.0,-70.0
1777891427.1343324,1.0,-3.0,-71.0
1777891427.1443324,0.0,-3.0,-72.0
1777891427.1543324,1.0,0.0,-77.0
1777891427.1643324,-1.0,-2.0,-80.0
1777891427.1743324,-2.0,-2.0,-78.0
1777891427.1843324,0.0,-4.0,-78.0
1777891427.1943324,-2.0,0.0,-77.0
1777891427.2043324,2.0,0.0,-73.0
1777891427.2143323,4.0,0.0,-68.0
1777891427.2243323,-1.0,-2.0,-66.0
1777891427.2343323,4.0,-2.0,-67.0
1777891427.2443323,0.0,-4.0,-74.0
1777891427.2543323,-2.0,-4.0,-69.0
1777891427.2643323,-2.0,0.0,-62.0
1777891427.2743323,0.0,0.0,-59.0
1777891427.2843325,-1.0,-1.0,-59.0
1777891427.2943325,2.0,-1.0,-59.0
1777891427.3043325,2.0,-1.0,-62.0
1777891427.3143325,1.0,0.0,-72.0
1777891427.3243325,0.0,0.0,-73.0
1777891427.3343325,-2.0,-2.0,-70.0
1777891427.3443325,-6.0,-1.0,-72.0
1777891427.3543324,-6.0,-2.0,-71.0
1777891427.3643324,-6.0,-1.0,-71.0
1777891427.3743324,-2.0,-4.0,-76.0
1777891427.3843324,0.0,0.0,-77.0
1777891427.3943324,3.0,0.0,-64.0
1777891427.4043324,4.0,0.0,-60.0
1777891427.4143324,-4.0,-2.0,-66.0
1777891427.4243324,-4.0,-4.0,-70.0
1777891427.4343324,-1.0,0.0,-60.0
1777891427.4443324,-2.0,-4.0,-64.0
1777891427.4543324,0.0,-5.0,-65.0
1777891427.4643323,0.0,-6.0,-65.0
1777891427.4743323,0.0,1.0,-69.0
1777891427.4843323,3.0,2.0,-72.0
1777891427.4943323,2.0,3.0,-75.0
1777891427.5043323,0.0,0.0,-74.0
1777891427.5143323,0.0,2.0,-73.0
1777891427.5243323,-5.0,7.0,-70.0
1777891427.5343325,-2.0,6.0,-67.0
1777891427.5443325,0.0,1.0,-68.0
1777891427.5543325,3.0,1.0,-72.0
1777891427.5643325,7.0,3.0,-75.0
1777891427.5743325,5.0,4.0,-78.0
1777891427.5843325,3.0,3.0,-89.0
1777891427.5943325,0.0,2.0,-88.0
1777891427.6043324,0.0,-2.0,-93.0
1777891427.6143324,-2.0,-2.0,-92.0
1777891427.6243324,1.0,-4.0,-86.0
1777891427.6343324,2.0,0.0,-79.0
1777891427.6443324,0.0,0.0,-78.0
1777891427.6543324,0.0,1.0,-77.0
1777891427.6643324,3.0,2.0,-74.0
1777891427.6743324,4.0,1.0,-76.0
1777891427.6843324,2.0,3.0,-73.0
1777891427.6943324,4.0,1.0,-67.0
1777891427.7043324,0.0,1.0,-69.0
1777891427.7143323,2.0,0.0,-69.0
1777891427.7243323,3.0,4.0,-78.0
1777891427.7343323,1.0,7.0,-72.0
1777891427.7443323,0.0,5.0,-70.0
1777891427.7543323,2.0,5.0,-71.0
1777891427.7643323,4.0,0.0,-70.0
1777891427.7743323,4.0,0.0,-74.0
1777891427.7843325,3.0,0.0,-67.0
1777891427.7943325,-1.0,-1.0,-73.0
1777891427.8043325,-2.0,1.0,-72.0
1777891427.8143325,-1.0,-1.0,-71.0
1777891427.8243325,-3.0,4.0,-70.0
1777891427.8343325,-3.0,4.0,-72.0
1777891427.8443325,-5.0,2.0,-71.0
1777891427.8543324,-4.0,-4.0,-69.0
1777891427.8643324,-2.0,-5.0,-72.0
1777891427.8743324,-3.0,-6.0,-75.0
1777891427.8843324,-3.0,-2.0,-78.0
1777891427.8943324,-5.0,-5.0,-81.0
1777891427.9043324,-2.0,-4.0,-77.0
1777891427.9143324,-2.0,2.0,-75.0
1777891427.9243324,0.0,0.0,-76.0
1777891427.9353323,-3.0,0.0,-73.0
1777891427.9453323,-2.0,-2.0,-72.0
1777891427.9553325,-2.0,-2.0,-66.0
1777891427.9653325,-4.0,-1.0,-61.0
1777891427.9753325,-6.0,1.0,-66.0
1777891427.9853325,-2.0,0.0,-76.0
1777891427.9953325,-1.0,-2.0,-75.0
1777891428.0053325,-1.0,0.0,-77.0
1777891428.0153325,-1.0,5.0,-74.0
1777891428.0253325,-3.0,6.0,-73.0
1777891428.0353324,-1.0,7.0,-71.0
1777891428.0453324,0.0,3.0,-74.0
1777891428.0553324,-3.0,1.0,-69.0
1777891428.0653324,-6.0,2.0,-64.0
1777891428.0753324,-5.0,1.0,-59.0
1777891428.0853324,-4.0,0.0,-55.0
1777891428.0953324,-4.0,-1.0,-57.0
1777891428.1053324,-3.0,0.0,-59.0
1777891428.1153324,1.0,-1.0,-68.0
1777891428.1253324,1.0,1.0,-68.0
1777891428.1353323,1.0,4.0,-72.0
1777891428.1453323,2.0,7.0,-75.0
1777891428.1553323,3.0,5.0,-79.0
1777891428.1653323,0.0,7.0,-77.0
1777891428.1753323,2.0,5.0,-75.0
1777891428.1853323,0.0,7.0,-75.0
1777891428.1953323,6.0,5.0,-72.0
1777891428.2053325,3.0,7.0,-73.0
1777891428.2153325,2.0,6.0,-73.0
1777891428.2253325,2.0,5.0,-78.0
1777891428.2353325,4.0,6.0,-78.0
1777891428.2453325,-1.0,7.0,-81.0
1777891428.2553325,-6.0,6.0,-84.0
1777891428.2653325,-6.0,3.0,-84.0
1777891428.2753325,-15.0,3.0,-77.0
1777891428.2853324,-14.0,0.0,-77.0
1777891428.2953324,-9.0,-2.0,-73.0
1777891428.3053324,-7.0,-3.0,-66.0
1777891428.3153324,-7.0,-1.0,-67.0
1777891428.3253324,-1.0,1.0,-72.0
1777891428.3353324,0.0,1.0,-68.0
1777891428.3453324,0.0,2.0,-71.0
1777891428.3553324,0.0,0.0,-70.0
1777891428.3653324,1.0,0.0,-73.0
1777891428.3753324,3.0,0.0,-74.0
1777891428.3853323,2.0,-3.0,-72.0
1777891428.3953323,0.0,0.0,-74.0
1777891428.4053323,2.0,-2.0,-76.0
1777891428.4153323,6.0,0.0,-78.0
1777891428.4253323,1.0,0.0,-74.0
1777891428.4353323,2.0,0.0,-72.0
1777891428.4453323,0.0,0.0,-75.0
1777891428.4553325,0.0,-1.0,-79.0
1777891428.4653325,5.0,-1.0,-76.0
1777891428.4753325,0.0,0.0,-74.0
1777891428.4853325,-2.0,0.0,-72.0
1777891428.4953325,-3.0,0.0,-71.0
1777891428.5053325,-3.0,3.0,-69.0
1777891428.5153325,-2.0,6.0,-67.0
1777891428.5253325,0.0,0.0,-71.0
1777891428.5353324,0.0,3.0,-63.0
1777891428.5453324,-3.0,4.0,-64.0
1777891428.5553324,-2.0,3.0,-72.0
1777891428.5653324,0.0,1.0,-68.0
1777891428.5753324,-2.0,0.0,-66.0
1777891428.5853324,-4.0,0.0,-65.0
1777891428.5953324,-7.0,5.0,-63.0
1777891428.6053324,-7.0,6.0,-67.0
1777891428.6153324,-4.0,3.0,-67.0
1777891428.6253324,-2.0,3.0,-67.0
1777891428.6353323,1.0,7.0,-72.0
1777891428.6453323,2.0,4.0,-74.0
1777891428.6553323,0.0,0.0,-71.0
1777891428.6653323,0.0,0.0,-75.0
1777891428.6753323,-2.0,2.0,-72.0
1777891428.6853323,-6.0,5.0,-64.0
1777891428.6953323,-6.0,5.0,-57.0
1777891428.7053325,-3.0,1.0,-59.0
1777891428.7153325,0.0,-2.0,-61.0
1777891428.7253325,0.0,0.0,-65.0
1777891428.7353325,6.0,0.0,-63.0
1777891428.7453325,7.0,-1.0,-62.0
1777891428.7553325,6.0,-2.0,-61.0
1777891428.7653325,4.0,-2.0,-60.0
1777891428.7753325,6.0,0.0,-67.0
1777891428.7853324,6.0,2.0,-63.0
1777891428.7953324,-1.0,0.0,-63.0
1777891428.8053324,-3.0,0.0,-65.0
1777891428.8153324,-7.0,0.0,-61.0
1777891428.8253324,-6.0,-3.0,-71.0
1777891428.8353324,-9.0,0.0,-79.0
1777891428.8453324,-9.0,-2.0,-79.0
1777891428.8553324,-7.0,-2.0,-79.0
1777891428.8653324,-5.0,-3.0,-72.0
1777891428.8753324,-10.0,1.0,-70.0
1777891428.8853323,-9.0,1.0,-70.0
1777891428.8953323,-5.0,0.0,-65.0
1777891428.9053323,-5.0,2.0,-61.0
1777891428.9153323,-3.0,0.0,-64.0
1777891428.9253323,-10.0,0.0,-72.0
1777891428.9353323,-9.0,3.0,-70.0
1777891428.9453323,-3.0,1.0,-72.0
1777891428.9553325,-2.0,-1.0,-72.0
1777891428.9653325,-7.0,0.0,-77.0
1777891428.9753325,-3.0,-1.0,-71.0
1777891428.9853325,-2.0,1.0,-70.0
1777891428.9953325,0.0,2.0,-74.0
1777891429.0053325,1.0,3.0,-70.0
1777891429.0153325,-4.0,3.0,-68.0
1777891429.0253325,0.0,1.0,-71.0
1777891429.0353324,1.0,0.0,-83.0
1777891429.0453324,2.0,0.0,-81.0
1777891429.0553324,1.0,-5.0,-73.0
1777891429.0653324,1.0,-3.0,-68.0
1777891429.0753324,2.0,-2.0,-69.0
1777891429.0853324,3.0,-2.0,-72.0
1777891429.0953324,3.0,-2.0,-72.0
1777891429.1053324,4.0,-1.0,-74.0
1777891429.1153324,0.0,0.0,-75.0
1777891429.1253324,0.0,-3.0,-75.0
1777891429.1353323,-1.0,-8.0,-80.0
1777891429.1453323,0.0,-6.0,-74.0
1777891429.1553323,0.0,1.0,-73.0
1777891429.1653323,0.0,1.0,-75.0
1777891429.1753323,0.0,2.0,-77.0
1777891429.1853323,0.0,4.0,-75.0
1777891429.1953323,6.0,5.0,-73.0
1777891429.2053325,2.0,-1.0,-71.0
1777891429.2153325,0.0,-2.0,-78.0
1777891429.2253325,0.0,1.0,-80.0
1777891429.2353325,-1.0,3.0,-85.0
1777891429.2453325,-6.0,3.0,-84.0
1777891429.2553325,-1.0,6.0,-89.0
1777891429.2653325,3.0,3.0,-77.0
1777891429.2753325,3.0,4.0,-79.0
1777891429.2853324,3.0,3.0,-77.0
1777891429.2953324,0.0,2.0,-81.0
1777891429.3053324,0.0,0.0,-79.0
1777891429.3153324,1.0,0.0,-69.0
1777891429.3253324,4.0,3.0,-64.0
1777891429.3353324,8.0,2.0,-67.0
1777891429.3453324,8.0,1.0,-71.0
1777891429.3553324,8.0,0.0,-73.0
1777891429.3653324,10.0,-4.0,-73.0
1777891429.3753324,6.0,-4.0,-74.0
1777891429.3853323,1.0,-3.0,-76.0
1777891429.3953323,0.0,-5.0,-76.0
1777891429.4053323,0.0,-7.0,-74.0
1777891429.4153323,3.0,-4.0,-76.0
1777891429.4253323,-1.0,0.0,-72.0
1777891429.4353323,0.0,1.0,-73.0
1777891429.4453323,-2.0,1.0,-65.0
1777891429.4553325,-6.0,-3.0,-65.0
1777891429.4653325,-7.0,-2.0,-70.0
1777891429.4753325,-2.0,-3.0,-68.0
1777891429.4853325,-4.0,0.0,-67.0
1777891429.4953325,-3.0,0.0,-66.0
1777891429.5053325,-2.0,-1.0,-64.0
1777891429.5153325,-2.0,0.0,-61.0
1777891429.5253325,0.0,-3.0,-62.0
1777891429.5353324,2.0,-3.0,-66.0
1777891429.5453324,3.0,-2.0,-66.0
1777891429.5553324,2.0,-1.0,-66.0
1777891429.5653324,2.0,-2.0,-72.0
1777891429.5753324,1.0,-1.0,-74.0
1777891429.5853324,0.0,0.0,-73.0
1777891429.5953324,0.0,5.0,-74.0
1777891429.6053324,0.0,6.0,-79.0
1777891429.6153324,0.0,4.0,-76.0
1777891429.6253324,1.0,5.0,-69.0
1777891429.6353323,3.0,1.0,-70.0
1777891429.6453323,2.0,0.0,-71.0
1777891429.6553323,0.0,0.0,-74.0
1777891429.6653323,1.0,-2.0,-69.0
1777891429.6753323,0.0,1.0,-68.0
1777891429.6853323,-2.0,2.0,-72.0
1777891429.6953323,-4.0,3.0,-69.0
1777891429.7053325,-1.0,5.0,-69.0
1777891429.7153325,1.0,8.0,-79.0
1777891429.7253325,3.0,9.0,-74.0
1777891429.7353325,7.0,2.0,-69.0
1777891429.7453325,6.0,-4.0,-69.0
1777891429.7563324,7.0,-5.0,-72.0
1777891429.7653325,4.0,-6.0,-70.0
1777891429.7753325,3.0,-3.0,-71.0
1777891429.7853324,-2.0,1.0,-74.0
1777891429.7953324,-4.0,-3.0,-78.0
1777891429.8053324,-1.0,0.0,-78.0
1777891429.8153324,0.0,0.0,-70.0
1777891429.8253324,0.0,0.0,-71.0
1777891429.8353324,-1.0,2.0,-76.0
1777891429.8453324,1.0,0.0,-75.0
1777891429.8553324,4.0,-1.0,-72.0
1777891429.8653324,6.0,-2.0,-72.0
1777891429.8753324,8.0,0.0,-70.0
1777891429.8853323,8.0,1.0,-73.0
1777891429.8953323,6.0,1.0,-73.0
1777891429.9053323,4.0,-1.0,-69.0
1777891429.9153323,2.0,-3.0,-69.0
1777891429.9263325,-2.0,-4.0,-70.0
1777891429.9363325,-5.0,-4.0,-68.0
1777891429.9463325,0.0,-3.0,-64.0
1777891429.9563324,1.0,0.0,-64.0
1777891429.9663324,-1.0,0.0,-62.0
1777891429.9763324,2.0,1.0,-65.0
1777891429.9863324,6.0,5.0,-59.0
1777891429.9963324,4.0,6.0,-63.0
1777891430.0063324,4.0,6.0,-67.0
1777891430.0163324,3.0,6.0,-64.0
1777891430.0263324,11.0,0.0,-62.0
1777891430.0363324,9.0,1.0,-62.0
1777891430.0463324,7.0,0.0,-65.0
1777891430.0563323,10.0,-1.0,-66.0
1777891430.0663323,8.0,0.0,-67.0
1777891430.0763323,4.0,0.0,-59.0
1777891430.0863323,0.0,1.0,-63.0
1777891430.0963323,-3.0,0.0,-65.0
1777891430.1063323,-1.0,1.0,-67.0
1777891430.1163323,0.0,4.0,-69.0
1777891430.1263323,-2.0,4.0,-72.0
1777891430.1363325,-2.0,4.0,-78.0
1777891430.1463325,-4.0,4.0,-74.0
1777891430.1563325,-7.0,2.0,-69.0
1777891430.1663325,-8.0,0.0,-68.0
1777891430.1763325,-3.0,-2.0,-71.0
1777891430.1863325,-7.0,0.0,-73.0
1777891430.1963325,-8.0,3.0,-75.0
1777891430.2063324,-1.0,4.0,-79.0
1777891430.2163324,-2.0,4.0,-83.0
1777891430.2263324,-3.0,3.0,-79.0
1777891430.2363324,-4.0,4.0,-76.0
1777891430.2463324,1.0,0.0,-78.0
1777891430.2563324,7.0,-1.0,-81.0
1777891430.2663324,7.0,0.0,-76.0
1777891430.2763324,0.0,1.0,-79.0
1777891430.2863324,0.0,-2.0,-75.0
1777891430.2963324,2.0,-2.0,-71.0
1777891430.3063323,0.0,0.0,-73.0
1777891430.3163323,1.0,1.0,-74.0
1777891430.3263323,2.0,-2.0,-80.0
1777891430.3363323,1.0,1.0,-79.0
1777891430.3463323,-1.0,4.0,-82.0
1777891430.3563323,-3.0,1.0,-80.0
1777891430.3663323,-5.0,-2.0,-76.0
1777891430.3763323,-5.0,-4.0,-74.0
1777891430.3863325,-4.0,-3.0,-72.0
1777891430.3963325,-8.0,0.0,-72.0
1777891430.4063325,-7.0,-1.0,-75.0
1777891430.4163325,-3.0,0.0,-69.0
1777891430.4263325,-4.0,1.0,-69.0
1777891430.4363325,-5.0,3.0,-71.0
1777891430.4463325,0.0,2.0,-70.0
1777891430.4563324,1.0,7.0,-67.0
1777891430.4663324,1.0,9.0,-68.0
1777891430.4763324,1.0,8.0,-73.0
1777891430.4863324,3.0,4.0,-70.0
1777891430.4963324,1.0,1.0,-65.0
1777891430.5063324,0.0,0.0,-71.0
1777891430.5163324,3.0,0.0,-73.0
1777891430.5263324,4.0,-2.0,-69.0
1777891430.5363324,7.0,-5.0,-65.0
1777891430.5463324,5.0,-6.0,-62.0
1777891430.5563323,-1.0,-8.0,-65.0
1777891430.5663323,-4.0,-11.0,-75.0
1777891430.5763323,-2.0,-7.0,-74.0
1777891430.5863323,-2.0,1.0,-70.0
1777891430.5963323,-4.0,2.0,-66.0
1777891430.6063323,-3.0,7.0,-65.0
1777891430.6163323,-5.0,8.0,-65.0
1777891430.6263323,-2.0,6.0,-64.0
1777891430.6363325,0.0,4.0,-65.0
1777891430.6463325,3.0,0.0,-60.0
1777891430.6563325,8.0,1.0,-65.0
1777891430.6663325,6.0,-3.0,-70.0
1777891430.6763325,9.0,-5.0,-73.0
1777891430.6863325,5.0,-2.0,-72.0
1777891430.6963325,0.0,-4.0,-72.0
1777891430.7063324,2.0,-5.0,-76.0
1777891430.7163324,2.0,3.0,-76.0
1777891430.7263324,2.0,2.0,-64.0
1777891430.7363324,6.0,5.0,-64.0
1777891430.7463324,9.0,3.0,-71.0
1777891430.7563324,5.0,3.0,-68.0
1777891430.7663324,3.0,-1.0,-67.0
1777891430.7763324,3.0,-4.0,-71.0
1777891430.7863324,3.0,-7.0,-77.0
1777891430.7963324,8.0,-7.0,-87.0
1777891430.8063323,7.0,-4.0,-87.0
1777891430.8163323,5.0,-7.0,-92.0
1777891430.8263323,1.0,-6.0,-86.0
1777891430.8363323,1.0,-5.0,-79.0
1777891430.8463323,0.0,-5.0,-74.0
1777891430.8563323,0.0,-4.0,-65.0
1777891430.8663323,-1.0,-3.0,-65.0
1777891430.8763323,-1.0,-4.0,-70.0
1777891430.8863325,-1.0,-4.0,-72.0
1777891430.8963325,2.0,-3.0,-71.0
1777891430.9063325,1.0,-2.0,-72.0
1777891430.9163325,4.0,-1.0,-69.0
1777891430.9263325,0.0,-4.0,-69.0
1777891430.9363325,-2.0,-5.0,-66.0
1777891430.9463325,-4.0,-4.0,-71.0
1777891430.9563324,-3.0,-1.0,-73.0
1777891430.9663324,0.0,1.0,-79.0
1777891430.9763324,-1.0,2.0,-72.0
1777891430.9863324,-3.0,0.0,-73.0
1777891430.9963324,-2.0,0.0,-75.0
1777891431.0063324,-2.0,0.0,-71.0
1777891431.0163324,-4.0,-3.0,-72.0
1777891431.0263324,-7.0,-3.0,-71.0
1777891431.0363324,-5.0,-7.0,-73.0
1777891431.0463324,-2.0,-5.0,-73.0
1777891431.0573325,-1.0,-5.0,-74.0
1777891431.0663323,-2.0,0.0,-77.0
1777891431.0763323,0.0,0.0,-80.0
1777891431.0863323,3.0,1.0,-79.0
1777891431.0963323,2.0,4.0,-73.0
1777891431.1063323,0.0,2.0,-69.0
1777891431.1163323,-1.0,0.0,-70.0
1777891431.1263323,-1.0,0.0,-71.0
1777891431.1363325,-2.0,-4.0,-75.0
1777891431.1463325,1.0,-3.0,-75.0
1777891431.1563325,3.0,0.0,-69.0
1777891431.1663325,2.0,2.0,-67.0
1777891431.1763325,0.0,1.0,-69.0
1777891431.1863325,3.0,2.0,-71.0
1777891431.1963325,5.0,0.0,-71.0
1777891431.2063324,10.0,0.0,-70.0
1777891431.2163324,5.0,0.0,-72.0
1777891431.2263324,3.0,0.0,-69.0
1777891431.2363324,5.0,1.0,-67.0
1777891431.2463324,7.0,1.0,-66.0
1777891431.2563324,2.0,2.0,-71.0
1777891431.2663324,0.0,-2.0,-70.0
1777891431.2763324,1.0,-1.0,-74.0
1777891431.2863324,1.0,0.0,-77.0
1777891431.2963324,1.0,0.0,-81.0
1777891431.3063323,-1.0,0.0,-84.0
1777891431.3163323,0.0,-3.0,-87.0
1777891431.3263323,1.0,1.0,-81.0
1777891431.3363323,2.0,0.0,-77.0
1777891431.3463323,3.0,2.0,-70.0
1777891431.3563323,0.0,1.0,-67.0
1777891431.3663323,-1.0,2.0,-68.0
1777891431.3763323,0.0,2.0,-65.0
1777891431.3863325,0.0,1.0,-59.0
1777891431.3963325,-2.0,0.0,-60.0
1777891431.4063325,-1.0,-2.0,-60.0
1777891431.4163325,5.0,-4.0,-63.0
1777891431.4263325,4.0,-2.0,-63.0
1777891431.4363325,0.0,-1.0,-62.0
1777891431.4463325,0.0,-4.0,-62.0
1777891431.4563324,0.0,-6.0,-73.0
1777891431.4663324,-1.0,-8.0,-76.0
1777891431.4763324,-1.0,-13.0,-71.0
1777891431.4863324,-4.0,-11.0,-72.0
1777891431.4963324,-3.0,-6.0,-72.0
1777891431.5063324,0.0,-2.0,-73.0
1777891431.5163324,2.0,0.0,-71.0
1777891431.5263324,2.0,-3.0,-78.0
1777891431.5363324,-1.0,-2.0,-77.0
1777891431.5463324,-3.0,0.0,-72.0
1777891431.5563323,-1.0,-2.0,-72.0
1777891431.5663323,3.0,-7.0,-74.0
1777891431.5763323,4.0,-8.0,-74.0
1777891431.5863323,1.0,-4.0,-64.0
1777891431.5963323,6.0,-4.0,-67.0
1777891431.6063323,1.0,-6.0,-70.0
1777891431.6163323,1.0,-5.0,-74.0
1777891431.6263323,2.0,-5.0,-74.0
1777891431.6363325,0.0,0.0,-76.0
1777891431.6463325,-3.0,1.0,-78.0
1777891431.6563325,-4.0,4.0,-75.0
1777891431.6663325,-4.0,2.0,-72.0
1777891431.6763325,-3.0,1.0,-75.0
1777891431.6863325,-2.0,0.0,-73.0
1777891431.6963325,0.0,-5.0,-72.0
1777891431.7063324,2.0,-9.0,-68.0
1777891431.7163324,3.0,-5.0,-73.0
1777891431.7263324,8.0,0.0,-66.0
1777891431.7363324,4.0,1.0,-63.0
1777891431.7463324,2.0,0.0,-62.0
1777891431.7563324,3.0,2.0,-66.0
1777891431.7663324,4.0,-3.0,-73.0
1777891431.7763324,6.0,-7.0,-80.0
1777891431.7863324,3.0,-9.0,-74.0
1777891431.7963324,3.0,-5.0,-68.0
1777891431.8063323,0.0,-5.0,-69.0
1777891431.8163323,2.0,-3.0,-80.0
1777891431.8263323,-1.0,-1.0,-79.0
1777891431.8363323,0.0,-4.0,-76.0
1777891431.8463323,0.0,-1.0,-82.0
1777891431.8563323,0.0,-3.0,-80.0
1777891431.8663323,-4.0,-5.0,-84.0
1777891431.8763323,-5.0,-5.0,-83.0
1777891431.8863325,-7.0,-1.0,-85.0
1777891431.8963325,-7.0,0.0,-80.0
1777891431.9073324,-7.0,-1.0,-78.0
1777891431.9173324,-5.0,-3.0,-76.0
1777891431.9273324,-2.0,-4.0,-75.0
1777891431.9373324,0.0,-2.0,-68.0
1777891431.9473324,-2.0,1.0,-68.0
1777891431.9573324,-6.0,0.0,-72.0
1777891431.9673324,-7.0,0.0,-70.0
1777891431.9773324,-4.0,2.0,-68.0
1777891431.9873323,-2.0,6.0,-67.0
1777891431.9973323,-2.0,6.0,-70.0
1777891432.0073323,-1.0,4.0,-73.0
1777891432.0173323,-3.0,2.0,-74.0
1777891432.0273323,0.0,-1.0,-74.0
1777891432.0373323,0.0,0.0,-71.0
1777891432.0473323,4.0,-3.0,-70.0
1777891432.0573325,2.0,-2.0,-68.0
1777891432.0673325,2.0,0.0,-67.0
1777891432.0773325,6.0,0.0,-63.0
1777891432.0873325,6.0,0.0,-70.0
1777891432.0973325,6.0,-3.0,-81.0
1777891432.1073325,7.0,-2.0,-73.0
1777891432.1173325,7.0,-3.0,-74.0
1777891432.1273324,4.0,0.0,-71.0
1777891432.1373324,3.0,-2.0,-67.0
1777891432.1473324,1.0,0.0,-67.0
1777891432.1573324,3.0,2.0,-71.0
1777891432.1673324,6.0,1.0,-68.0
1777891432.1773324,3.0,2.0,-65.0
1777891432.1873324,6.0,4.0,-64.0
1777891432.1973324,8.0,2.0,-69.0
1777891432.2073324,6.0,-2.0,-65.0
1777891432.2173324,9.0,-3.0,-64.0
1777891432.2273324,6.0,-3.0,-70.0
1777891432.2373323,4.0,0.0,-72.0
1777891432.2473323,0.0,0.0,-69.0
1777891432.2573323,2.0,1.0,-74.0
1777891432.2673323,1.0,4.0,-77.0
1777891432.2773323,0.0,2.0,-77.0
1777891432.2873323,0.0,1.0,-74.0
1777891432.2973323,3.0,-1.0,-76.0
1777891432.3073325,2.0,-3.0,-74.0
1777891432.3173325,1.0,1.0,-76.0
1777891432.3273325,4.0,5.0,-82.0
1777891432.3373325,3.0,8.0,-85.0
1777891432.3473325,3.0,8.0,-85.0
1777891432.3573325,0.0,5.0,-81.0
1777891432.3673325,1.0,3.0,-74.0
1777891432.3773324,0.0,0.0,-69.0
1777891432.3873324,0.0,3.0,-75.0
1777891432.3973324,-2.0,2.0,-81.0
1777891432.4073324,-7.0,1.0,-82.0
1777891432.4173324,-4.0,5.0,-78.0
1777891432.4273324,-7.0,7.0,-82.0
1777891432.4373324,-1.0,5.0,-81.0
1777891432.4473324,0.0,6.0,-80.0
1777891432.4573324,2.0,7.0,-75.0
1777891432.4673324,1.0,7.0,-74.0
1777891432.4773324,1.0,7.0,-75.0
1777891432.4873323,3.0,4.0,-81.0
1777891432.4973323,4.0,3.0,-84.0
1777891432.5073323,0.0,1.0,-86.0
1777891432.5173323,1.0,2.0,-80.0
1777891432.5273323,-3.0,3.0,-79.0
1777891432.5373323,-6.0,6.0,-82.0
1777891432.5473323,-4.0,5.0,-80.0
1777891432.5573325,-3.0,8.0,-78.0
1777891432.5673325,-3.0,5.0,-75.0
1777891432.5773325,-3.0,0.0,-67.0
1777891432.5873325,-4.0,0.0,-65.0
1777891432.5973325,-2.0,1.0,-68.0
1777891432.6073325,1.0,-4.0,-70.0
1777891432.6173325,1.0,-1.0,-69.0
1777891432.6273324,-1.0,-4.0,-73.0
1777891432.6373324,0.0,-4.0,-74.0
1777891432.6473324,3.0,-5.0,-70.0
1777891432.6573324,3.0,-2.0,-70.0
1777891432.6673324,4.0,-5.0,-74.0
1777891432.6773324,5.0,-3.0,-77.0
1777891432.6873324,5.0,0.0,-74.0
1777891432.6973324,6.0,0.0,-73.0
1777891432.7073324,6.0,3.0,-75.0
1777891432.7173324,2.0,2.0,-73.0
1777891432.7273324,4.0,7.0,-68.0
1777891432.7373323,5.0,4.0,-68.0
1777891432.7473323,8.0,0.0,-70.0
1777891432.7573323,3.0,6.0,-69.0
1777891432.7673323,0.0,5.0,-68.0
1777891432.7773323,0.0,2.0,-74.0
1777891432.7873323,-2.0,2.0,-63.0
1777891432.7973323,-3.0,2.0,-69.0
1777891432.8073325,-2.0,4.0,-68.0
1777891432.8173325,1.0,2.0,-67.0
1777891432.8273325,-4.0,-2.0,-65.0
1777891432.8373325,-2.0,-3.0,-67.0
1777891432.8473325,-7.0,-3.0,-63.0
1777891432.8573325,-10.0,-3.0,-64.0
1777891432.8673325,-8.0,0.0,-68.0
1777891432.8773324,-7.0,-1.0,-62.0
1777891432.8873324,-10.0,1.0,-71.0
1777891432.8973324,-8.0,0.0,-69.0
1777891432.9073324,-9.0,1.0,-67.0
1777891432.9173324,-10.0,7.0,-69.0
1777891432.9273324,-9.0,4.0,-70.0
1777891432.9373324,-2.0,2.0,-77.0
1777891432.9473324,0.0,4.0,-72.0
1777891432.9573324,0.0,5.0,-64.0
1777891432.9673324,0.0,5.0,-65.0
1777891432.9773324,0.0,7.0,-71.0
1777891432.9873323,-3.0,5.0,-74.0
1777891432.9973323,0.0,2.0,-77.0
1777891433.0073323,0.0,1.0,-72.0
1777891433.0173323,1.0,0.0,-69.0
1777891433.0273323,0.0,1.0,-71.0
1777891433.0373323,0.0,1.0,-75.0
1777891433.0473323,-3.0,0.0,-76.0
1777891433.0573325,-4.0,-1.0,-75.0
1777891433.0673325,0.0,0.0,-78.0
1777891433.0773325,0.0,-1.0,-74.0
1777891433.0873325,3.0,1.0,-75.0
1777891433.0973325,0.0,2.0,-72.0
1777891433.1073325,2.0,1.0,-74.0
1777891433.1173325,1.0,-2.0,-75.0
1777891433.1273324,1.0,0.0,-71.0
1777891433.1373324,-1.0,-3.0,-66.0
1777891433.1473324,-3.0,0.0,-70.0
1777891433.1573324,-3.0,-2.0,-68.0
1777891433.1673324,-5.0,-4.0,-74.0
1777891433.1773324,-3.0,-5.0,-78.0
1777891433.1873324,-2.0,-5.0,-86.0
1777891433.1973324,-1.0,-3.0,-82.0
1777891433.2073324,-2.0,-3.0,-74.0
1777891433.2173324,-2.0,0.0,-68.0
1777891433.2273324,-4.0,1.0,-67.0
1777891433.2373323,-4.0,0.0,-73.0
1777891433.2473323,-1.0,-1.0,-79.0
1777891433.2573323,0.0,-3.0,-79.0
1777891433.2673323,-2.0,-2.0,-75.0
1777891433.2773323,-1.0,2.0,-79.0
1777891433.2873323,0.0,1.0,-81.0
1777891433.2973323,-2.0,5.0,-76.0
1777891433.3073325,-3.0,2.0,-79.0
1777891433.3173325,-5.0,0.0,-77.0
1777891433.3273325,-1.0,0.0,-71.0
1777891433.3373325,2.0,0.0,-72.0
1777891433.3473325,3.0,1.0,-73.0
1777891433.3573325,3.0,-2.0,-71.0
1777891433.3673325,0.0,-3.0,-70.0
1777891433.3773324,1.0,-2.0,-69.0
1777891433.3873324,1.0,1.0,-66.0
1777891433.3973324,0.0,-5.0,-64.0
1777891433.4073324,1.0,-1.0,-69.0
1777891433.4173324,1.0,-5.0,-73.0
1777891433.4273324,-3.0,-7.0,-70.0
1777891433.4373324,-2.0,-4.0,-69.0
1777891433.4473324,2.0,-6.0,-65.0
1777891433.4573324,5.0,-5.0,-65.0
1777891433.4673324,11.0,-3.0,-68.0
1777891433.4773324,11.0,-2.0,-69.0
1777891433.4873323,9.0,2.0,-70.0
1777891433.4973323,2.0,0.0,-63.0
1777891433.5073323,4.0,1.0,-59.0
1777891433.5173323,1.0,1.0,-56.0
1777891433.5273323,0.0,0.0,-60.0
1777891433.5373323,0.0,-2.0,-64.0
1777891433.5473323,1.0,-4.0,-68.0
1777891433.5573325,7.0,-3.0,-63.0
1777891433.5673325,9.0,-7.0,-61.0
1777891433.5773325,7.0,-9.0,-64.0
1777891433.5873325,4.0,-7.0,-67.0
1777891433.5973325,5.0,-8.0,-68.0
1777891433.6073325,2.0,-6.0,-69.0
1777891433.6173325,1.0,-9.0,-65.0
1777891433.6273324,3.0,-9.0,-67.0
1777891433.6373324,7.0,-6.0,-69.0
1777891433.6473324,0.0,-2.0,-73.0
1777891433.6573324,0.0,-5.0,-63.0
1777891433.6673324,0.0,-6.0,-62.0
1777891433.6773324,3.0,-6.0,-62.0
1777891433.6873324,3.0,-2.0,-71.0
1777891433.6973324,0.0,-6.0,-72.0
1777891433.7073324,0.0,-6.0,-66.0
1777891433.7173324,-2.0,-7.0,-62.0
1777891433.7273324,0.0,-5.0,-65.0
1777891433.7373323,4.0,-5.0,-70.0
1777891433.7473323,2.0,-9.0,-76.0
1777891433.7573323,6.0,-8.0,-71.0
1777891433.7673323,6.0,-11.0,-70.0
1777891433.7773323,5.0,-11.0,-70.0
1777891433.7873323,1.0,-3.0,-66.0
1777891433.7973323,0.0,-7.0,-64.0
1777891433.8073325,1.0,-7.0,-66.0
1777891433.8173325,3.0,-1.0,-72.0
1777891433.8273325,2.0,0.0,-71.0
1777891433.8373325,1.0,0.0,-71.0
1777891433.8473325,-1.0,0.0,-72.0
1777891433.8573325,-6.0,1.0,-69.0
1777891433.8673325,-6.0,-2.0,-74.0
1777891433.8773324,-8.0,-2.0,-71.0
1777891433.8873324,-4.0,-1.0,-74.0
1777891433.8983324,-5.0,-6.0,-74.0
1777891433.9083323,-3.0,-5.0,-72.0
1777891433.9183323,3.0,-6.0,-74.0
1777891433.9283323,2.0,-6.0,-77.0
1777891433.9383323,0.0,-5.0,-73.0
1777891433.9483323,3.0,-4.0,-68.0
1777891433.9583323,0.0,-1.0,-62.0
1777891433.9683323,-5.0,3.0,-66.0
1777891433.9783323,-3.0,0.0,-65.0
1777891433.9883325,-6.0,6.0,-65.0
1777891433.9983325,-2.0,4.0,-65.0
1777891434.0083325,0.0,3.0,-76.0
1777891434.0183325,1.0,1.0,-75.0
1777891434.0283325,2.0,3.0,-65.0
1777891434.0383325,1.0,3.0,-69.0
1777891434.0483325,-1.0,1.0,-65.0
1777891434.0583324,-4.0,1.0,-66.0
1777891434.0683324,-1.0,0.0,-68.0
1777891434.0783324,1.0,2.0,-71.0
1777891434.0883324,0.0,4.0,-71.0
1777891434.0983324,-2.0,5.0,-78.0
1777891434.1083324,-2.0,7.0,-80.0
1777891434.1183324,1.0,3.0,-71.0
1777891434.1283324,0.0,2.0,-69.0
1777891434.1383324,0.0,3.0,-71.0
1777891434.1483324,2.0,2.0,-70.0
1777891434.1583323,1.0,5.0,-69.0
1777891434.1683323,0.0,3.0,-77.0
1777891434.1783323,0.0,4.0,-76.0
1777891434.1883323,2.0,5.0,-75.0
1777891434.1983323,1.0,4.0,-83.0
1777891434.2083323,0.0,3.0,-77.0
1777891434.2183323,1.0,1.0,-78.0
1777891434.2283323,0.0,2.0,-80.0
1777891434.2383325,2.0,1.0,-80.0
1777891434.2483325,6.0,4.0,-77.0
1777891434.2583325,1.0,3.0,-76.0
1777891434.2683325,1.0,5.0,-77.0
1777891434.2783325,2.0,0.0,-80.0
1777891434.2883325,1.0,0.0,-78.0
1777891434.2983325,2.0,-1.0,-82.0
1777891434.3083324,4.0,-1.0,-82.0
1777891434.3183324,2.0,0.0,-75.0
1777891434.3283324,-1.0,0.0,-71.0
1777891434.3383324,-9.0,0.0,-69.0
1777891434.3483324,-7.0,3.0,-67.0
1777891434.3583324,-9.0,0.0,-64.0
1777891434.3683324,-7.0,-1.0,-54.0
1777891434.3783324,-5.0,-2.0,-58.0
1777891434.3883324,-2.0,0.0,-64.0
1777891434.3983324,-2.0,3.0,-68.0
1777891434.4083323,0.0,-3.0,-64.0
1777891434.4183323,0.0,-2.0,-70.0
1777891434.4283323,0.0,0.0,-64.0
1777891434.4383323,3.0,0.0,-70.0
1777891434.4483323,0.0,-3.0,-69.0
1777891434.4583323,-3.0,-4.0,-72.0
1777891434.4683323,-4.0,0.0,-70.0
1777891434.4783323,-4.0,1.0,-73.0
1777891434.4883325,-6.0,0.0,-70.0
1777891434.4983325,-1.0,1.0,-72.0
1777891434.5083325,0.0,4.0,-75.0
1777891434.5183325,0.0,2.0,-75.0
1777891434.5283325,-1.0,2.0,-78.0
1777891434.5383325,3.0,5.0,-77.0
1777891434.5483325,7.0,3.0,-74.0
1777891434.5583324,7.0,1.0,-72.0
1777891434.5693324,6.0,1.0,-75.0
1777891434.5783324,3.0,3.0,-77.0
1777891434.5883324,5.0,2.0,-76.0
1777891434.5983324,5.0,-3.0,-73.0
1777891434.6083324,3.0,-2.0,-70.0
1777891434.6183324,3.0,-4.0,-74.0
1777891434.6283324,6.0,0.0,-76.0
1777891434.6383324,6.0,0.0,-68.0
1777891434.6483324,2.0,0.0,-61.0
1777891434.6583323,0.0,0.0,-65.0
1777891434.6683323,-1.0,-3.0,-70.0
1777891434.6783323,-2.0,0.0,-70.0
1777891434.6883323,0.0,0.0,-73.0
1777891434.6983323,1.0,-1.0,-77.0
1777891434.7083323,0.0,2.0,-72.0
1777891434.7183323,0.0,3.0,-66.0
1777891434.7283323,0.0,2.0,-70.0
1777891434.7383325,0.0,6.0,-61.0
1777891434.7483325,-2.0,4.0,-58.0
1777891434.7583325,-2.0,5.0,-62.0
1777891434.7683325,-1.0,4.0,-65.0
1777891434.7783325,1.0,4.0,-66.0
1777891434.7883325,1.0,4.0,-67.0
1777891434.7983325,-1.0,1.0,-71.0
1777891434.8083324,2.0,-1.0,-72.0
1777891434.8183324,0.0,0.0,-76.0
1777891434.8283324,3.0,1.0,-75.0
1777891434.8383324,3.0,2.0,-75.0
1777891434.8483324,0.0,2.0,-81.0
1777891434.8583324,0.0,4.0,-74.0
1777891434.8683324,6.0,2.0,-70.0
1777891434.8783324,1.0,0.0,-69.0
1777891434.8883324,0.0,2.0,-69.0
1777891434.8983324,-2.0,3.0,-75.0
1777891434.9083323,-2.0,1.0,-75.0
1777891434.9183323,1.0,0.0,-70.0
1777891434.9283323,6.0,1.0,-72.0
1777891434.9383323,7.0,-1.0,-69.0
1777891434.9483323,3.0,-2.0,-75.0
1777891434.9583323,5.0,0.0,-81.0
1777891434.9683323,1.0,0.0,-75.0
1777891434.9783323,0.0,3.0,-77.0
1777891434.9883325,0.0,3.0,-80.0
1777891434.9983325,-1.0,5.0,-73.0
1777891435.0083325,-3.0,1.0,-74.0
1777891435.0183325,-4.0,0.0,-76.0
1777891435.0283325,-5.0,0.0,-70.0
1777891435.0383325,-4.0,-4.0,-68.0
1777891435.0483325,-2.0,-3.0,-63.0
1777891435.0583324,-2.0,-2.0,-58.0
1777891435.0683324,-1.0,-1.0,-61.0
1777891435.0783324,0.0,-5.0,-65.0
1777891435.0883324,-4.0,-2.0,-68.0
1777891435.0983324,-2.0,-3.0,-69.0
1777891435.1083324,-1.0,-6.0,-66.0
1777891435.1183324,1.0,-5.0,-66.0
1777891435.1283324,2.0,-4.0,-74.0
1777891435.1383324,1.0,-2.0,-75.0
1777891435.1483324,0.0,-3.0,-79.0
1777891435.1583323,-5.0,-6.0,-71.0
1777891435.1683323,0.0,-5.0,-73.0
1777891435.1783323,0.0,-5.0,-76.0
1777891435.1883323,0.0,-3.0,-74.0
1777891435.1983323,4.0,-6.0,-74.0
1777891435.2083323,7.0,-4.0,-76.0
1777891435.2183323,7.0,-5.0,-78.0
1777891435.2283323,5.0,-4.0,-80.0
1777891435.2383325,4.0,0.0,-79.0
1777891435.2483325,7.0,-1.0,-80.0
1777891435.2583325,4.0,1.0,-77.0
1777891435.2683325,5.0,4.0,-74.0
1777891435.2783325,5.0,6.0,-79.0
1777891435.2883325,2.0,4.0,-72.0
1777891435.2983325,2.0,-2.0,-73.0
1777891435.3083324,5.0,-3.0,-77.0
1777891435.3183324,2.0,-4.0,-69.0
1777891435.3283324,-1.0,-5.0,-74.0
1777891435.3383324,-1.0,0.0,-79.0
1777891435.3483324,3.0,3.0,-82.0
1777891435.3583324,5.0,5.0,-81.0
1777891435.3683324,4.0,2.0,-83.0
1777891435.3783324,2.0,-4.0,-77.0
1777891435.3883324,0.0,-6.0,-81.0
1777891435.3983324,0.0,0.0,-75.0
1777891435.4083323,0.0,0.0,-71.0
1777891435.4183323,2.0,-3.0,-71.0
1777891435.4283323,0.0,0.0,-74.0
1777891435.4383323,-2.0,2.0,-73.0
1777891435.4483323,4.0,3.0,-73.0
1777891435.4583323,2.0,3.0,-70.0
1777891435.4683323,1.0,3.0,-67.0
1777891435.4783323,5.0,2.0,-66.0
1777891435.4883325,4.0,1.0,-63.0
1777891435.4983325,1.0,5.0,-59.0
1777891435.5083325,0.0,10.0,-55.0
1777891435.5183325,-1.0,8.0,-58.0
1777891435.5283325,0.0,8.0,-60.0
1777891435.5383325,2.0,3.0,-59.0
1777891435.5483325,1.0,8.0,-62.0
1777891435.5583324,1.0,7.0,-65.0
1777891435.5683324,-6.0,5.0,-63.0
1777891435.5783324,-6.0,1.0,-71.0
1777891435.5883324,-3.0,-1.0,-73.0
1777891435.5983324,0.0,0.0,-71.0
1777891435.6083324,5.0,-4.0,-72.0
1777891435.6183324,3.0,-5.0,-73.0
1777891435.6283324,2.0,-4.0,-77.0
1777891435.6383324,0.0,-3.0,-80.0
1777891435.6483324,0.0,-1.0,-84.0
1777891435.6583323,0.0,-1.0,-79.0
1777891435.6683323,1.0,2.0,-75.0
1777891435.6783323,1.0,0.0,-82.0
1777891435.6883323,0.0,0.0,-76.0
1777891435.6983323,1.0,0.0,-73.0
1777891435.7083323,0.0,0.0,-75.0
1777891435.7183323,1.0,-2.0,-70.0
1777891435.7283323,1.0,-2.0,-62.0
1777891435.7383325,1.0,6.0,-63.0
1777891435.7483325,1.0,2.0,-65.0
1777891435.7583325,3.0,0.0,-62.0
1777891435.7683325,4.0,0.0,-64.0
1777891435.7783325,3.0,0.0,-64.0
1777891435.7883325,6.0,-2.0,-59.0
1777891435.7983325,2.0,-1.0,-59.0
1777891435.8083324,4.0,-1.0,-64.0
1777891435.8183324,4.0,0.0,-63.0
1777891435.8283324,6.0,2.0,-63.0
1777891435.8383324,4.0,1.0,-59.0
1777891435.8483324,2.0,2.0,-58.0
1777891435.8593323,-1.0,0.0,-61.0
1777891435.8693323,0.0,-3.0,-65.0
1777891435.8793323,-1.0,-1.0,-69.0
1777891435.8893323,-6.0,-1.0,-73.0
1777891435.8993323,-4.0,-4.0,-70.0
1777891435.9093325,-3.0,-2.0,-77.0
1777891435.9193325,-2.0,-4.0,-71.0
1777891435.9293325,-1.0,-2.0,-69.0
1777891435.9393325,0.0,0.0,-73.0
1777891435.9493325,0.0,3.0,-70.0
1777891435.9593325,3.0,1.0,-75.0
1777891435.9693325,0.0,0.0,-76.0
1777891435.9793324,0.0,0.0,-78.0
1777891435.9893324,1.0,1.0,-85.0
1777891435.9993324,0.0,2.0,-90.0
1777891436.0093324,-1.0,0.0,-88.0
1777891436.0193324,-4.0,0.0,-81.0
1777891436.0293324,0.0,3.0,-85.0
1777891436.0393324,0.0,3.0,-84.0
1777891436.0493324,-5.0,0.0,-85.0
1777891436.0593324,-3.0,0.0,-80.0
1777891436.0693324,-3.0,0.0,-80.0
1777891436.0793324,-2.0,0.0,-81.0
1777891436.0893323,-3.0,0.0,-84.0
1777891436.0993323,-1.0,-2.0,-79.0
1777891436.1093323,-2.0,0.0,-75.0
1777891436.1193323,-5.0,2.0,-69.0
1777891436.1293323,-1.0,-2.0,-63.0
1777891436.1393323,1.0,-3.0,-71.0
1777891436.1493323,5.0,0.0,-67.0
1777891436.1593325,4.0,0.0,-69.0
1777891436.1693325,6.0,4.0,-71.0
1777891436.1793325,7.0,6.0,-64.0
1777891436.1893325,5.0,1.0,-66.0
1777891436.1993325,3.0,-2.0,-66.0
1777891436.2093325,3.0,-3.0,-69.0
1777891436.2193325,1.0,-1.0,-69.0
1777891436.2293324,4.0,3.0,-64.0
1777891436.2393324,7.0,3.0,-70.0
1777891436.2493324,3.0,2.0,-69.0
1777891436.2593324,2.0,2.0,-60.0
1777891436.2693324,0.0,1.0,-57.0
1777891436.2793324,-1.0,4.0,-57.0
1777891436.2893324,1.0,-1.0,-56.0
1777891436.2993324,-2.0,0.0,-63.0
1777891436.3093324,-5.0,-2.0,-66.0
1777891436.3193324,-3.0,-2.0,-61.0
1777891436.3293324,1.0,-2.0,-57.0
1777891436.3393323,1.0,-6.0,-56.0
1777891436.3493323,3.0,-11.0,-65.0
1777891436.3593323,6.0,-9.0,-64.0
1777891436.3693323,4.0,-5.0,-62.0
1777891436.3793323,4.0,0.0,-65.0
1777891436.3893323,2.0,-1.0,-70.0
1777891436.3993323,3.0,0.0,-72.0
1777891436.4093325,0.0,-1.0,-66.0
1777891436.4193325,0.0,-1.0,-65.0
1777891436.4293325,0.0,0.0,-60.0
1777891436.4393325,0.0,-1.0,-66.0
1777891436.4493325,-1.0,-4.0,-68.0
1777891436.4593325,-1.0,-4.0,-65.0
1777891436.4693325,-1.0,-6.0,-61.0
1777891436.4793324,0.0,-6.0,-59.0
1777891436.4893324,-3.0,-4.0,-58.0
1777891436.4993324,0.0,-5.0,-60.0
1777891436.5093324,0.0,-2.0,-61.0
1777891436.5193324,3.0,0.0,-65.0
1777891436.5293324,8.0,1.0,-70.0
1777891436.5393324,5.0,4.0,-70.0
1777891436.5493324,3.0,3.0,-67.0
1777891436.5593324,3.0,3.0,-64.0
1777891436.5693324,9.0,9.0,-68.0
1777891436.5793324,12.0,7.0,-75.0
1777891436.5893323,8.0,6.0,-72.0
1777891436.5993323,7.0,7.0,-77.0
1777891436.6093323,4.0,8.0,-84.0
1777891436.6193323,3.0,7.0,-81.0
1777891436.6293323,5.0,-1.0,-83.0
1777891436.6393323,1.0,-4.0,-80.0
1777891436.6493323,-3.0,-4.0,-79.0
1777891436.6593325,0.0,-5.0,-84.0
1777891436.6693325,0.0,-6.0,-79.0
1777891436.6793325,-3.0,-9.0,-74.0
1777891436.6893325,1.0,-10.0,-71.0
1777891436.6993325,1.0,-5.0,-73.0
1777891436.7093325,-1.0,-2.0,-67.0
1777891436.7193325,0.0,-1.0,-64.0
1777891436.7293324,3.0,-1.0,-67.0
1777891436.7393324,4.0,0.0,-68.0
1777891436.7493324,4.0,2.0,-71.0
1777891436.7593324,1.0,0.0,-75.0
1777891436.7693324,-1.0,-2.0,-77.0
1777891436.7793324,-3.0,0.0,-74.0
1777891436.7893324,-1.0,-1.0,-69.0
1777891436.7993324,1.0,0.0,-68.0
1777891436.8093324,0.0,3.0,-69.0
1777891436.8193324,2.0,2.0,-77.0
1777891436.8293324,2.0,3.0,-71.0
1777891436.8393323,0.0,2.0,-72.0
1777891436.8493323,0.0,0.0,-69.0
1777891436.8593323,-1.0,0.0,-70.0
1777891436.8693323,-7.0,-1.0,-76.0
1777891436.8793323,-10.0,-3.0,-79.0
1777891436.8893323,-6.0,-3.0,-72.0
1777891436.8993323,-7.0,-1.0,-72.0
1777891436.9093325,0.0,3.0,-76.0
1777891436.9193325,-6.0,0.0,-72.0
1777891436.9293325,-3.0,2.0,-73.0
1777891436.9393325,0.0,6.0,-76.0
1777891436.9493325,0.0,10.0,-78.0
1777891436.9593325,1.0,7.0,-75.0
1777891436.9693325,1.0,8.0,-78.0
1777891436.9793324,0.0,9.0,-75.0
1777891436.9893324,0.0,4.0,-74.0
1777891436.9993324,0.0,3.0,-76.0
1777891437.0093324,1.0,0.0,-80.0
1777891437.0193324,1.0,-3.0,-86.0
1777891437.0293324,2.0,-5.0,-81.0
1777891437.0393324,5.0,-3.0,-86.0
1777891437.0493324,2.0,-2.0,-79.0
1777891437.0593324,2.0,-3.0,-77.0
1777891437.0693324,-3.0,-2.0,-77.0
1777891437.0793324,-1.0,-5.0,-72.0
1777891437.0893323,2.0,-3.0,-75.0
1777891437.0993323,7.0,-5.0,-75.0
1777891437.1093323,6.0,-4.0,-68.0
1777891437.1193323,5.0,-3.0,-66.0
1777891437.1293323,4.0,-3.0,-71.0
1777891437.1393323,2.0,-4.0,-71.0
1777891437.1493323,0.0,0.0,-66.0
1777891437.1593325,-3.0,0.0,-60.0
1777891437.1693325,-2.0,0.0,-60.0
1777891437.1793325,-1.0,1.0,-63.0
1777891437.1893325,0.0,0.0,-68.0
1777891437.1993325,-3.0,-1.0,-70.0
1777891437.2093325,-1.0,-1.0,-69.0
1777891437.2193325,0.0,-10.0,-76.0
1777891437.2293324,0.0,-12.0,-78.0
1777891437.2393324,2.0,-11.0,-80.0
1777891437.2493324,4.0,-7.0,-80.0
1777891437.2593324,5.0,-3.0,-73.0
1777891437.2693324,0.0,-4.0,-68.0
1777891437.2793324,-1.0,-7.0,-70.0
1777891437.2893324,6.0,-5.0,-78.0
1777891437.2993324,10.0,-3.0,-80.0
1777891437.3093324,9.0,0.0,-79.0
1777891437.3193324,7.0,0.0,-74.0
1777891437.3293324,5.0,-2.0,-76.0
1777891437.3393323,4.0,0.0,-78.0
1777891437.3493323,5.0,0.0,-75.0
1777891437.3593323,9.0,-1.0,-83.0
1777891437.3693323,10.0,-1.0,-82.0
1777891437.3793323,9.0,-4.0,-83.0
1777891437.3893323,9.0,-5.0,-73.0
1777891437.3993323,6.0,-5.0,-68.0
1777891437.4093325,1.0,-4.0,-74.0
1777891437.4193325,-2.0,-6.0,-75.0
1777891437.4293325,0.0,-8.0,-80.0
1777891437.4393325,0.0,-9.0,-73.0
1777891437.4493325,0.0,-3.0,-72.0
1777891437.4593325,0.0,-3.0,-76.0
1777891437.4693325,0.0,0.0,-73.0
1777891437.4793324,2.0,0.0,-76.0
1777891437.4893324,2.0,-1.0,-70.0
1777891437.4993324,2.0,1.0,-66.0
1777891437.5093324,5.0,-1.0,-68.0
1777891437.5193324,2.0,-4.0,-68.0
1777891437.5293324,0.0,-5.0,-62.0
1777891437.5393324,-1.0,-5.0,-64.0
1777891437.5493324,0.0,-3.0,-64.0
1777891437.5593324,-1.0,-6.0,-61.0
1777891437.5693324,0.0,-5.0,-58.0
1777891437.5793324,3.0,-5.0,-58.0
1777891437.5893323,2.0,-5.0,-69.0
1777891437.5993323,3.0,-5.0,-74.0
1777891437.6093323,0.0,-6.0,-75.0
1777891437.6193323,-5.0,-8.0,-76.0
1777891437.6293323,-5.0,-8.0,-80.0
1777891437.6393323,0.0,-7.0,-78.0
1777891437.6493323,0.0,-9.0,-78.0
1777891437.6593325,0.0,-6.0,-74.0
1777891437.6693325,-2.0,-3.0,-71.0
1777891437.6793325,-2.0,0.0,-64.0
1777891437.6893325,1.0,1.0,-65.0
1777891437.6993325,3.0,0.0,-65.0
1777891437.7093325,2.0,2.0,-68.0
1777891437.7193325,0.0,0.0,-75.0
1777891437.7293324,-1.0,-4.0,-71.0
1777891437.7393324,-5.0,-5.0,-71.0
1777891437.7493324,0.0,-1.0,-74.0
1777891437.7593324,0.0,0.0,-73.0
1777891437.7693324,1.0,0.0,-72.0
1777891437.7793324,0.0,-6.0,-75.0
1777891437.7893324,2.0,-2.0,-76.0
1777891437.7993324,6.0,-3.0,-78.0
1777891437.8093324,8.0,0.0,-79.0
1777891437.8193324,8.0,0.0,-71.0
1777891437.8293324,6.0,0.0,-66.0
1777891437.8393323,3.0,-2.0,-68.0
1777891437.8493323,2.0,-3.0,-65.0
1777891437.8593323,6.0,-6.0,-65.0
1777891437.8703325,1.0,-4.0,-66.0
1777891437.8803325,-1.0,-3.0,-68.0
1777891437.8903325,-4.0,-4.0,-69.0
1777891437.9003325,-5.0,-6.0,-68.0
1777891437.9103324,-4.0,-2.0,-71.0
1777891437.9203324,-4.0,-5.0,-65.0
1777891437.9303324,-2.0,-4.0,-65.0
1777891437.9403324,0.0,-6.0,-68.0
1777891437.9503324,0.0,-6.0,-71.0
1777891437.9603324,2.0,-8.0,-71.0
1777891437.9703324,2.0,-6.0,-69.0
1777891437.9803324,2.0,-6.0,-73.0
1777891437.9903324,2.0,0.0,-74.0
1777891438.0003324,3.0,-3.0,-77.0
1777891438.0103323,2.0,-2.0,-76.0
1777891438.0203323,5.0,0.0,-81.0
1777891438.0303323,0.0,0.0,-78.0
1777891438.0403323,0.0,2.0,-76.0
1777891438.0503323,-1.0,2.0,-76.0
1777891438.0603323,0.0,0.0,-70.0
1777891438.0703323,1.0,4.0,-71.0
1777891438.0803325,0.0,5.0,-66.0
1777891438.0903325,-1.0,1.0,-68.0
1777891438.1003325,0.0,1.0,-67.0
1777891438.1103325,-2.0,1.0,-66.0
1777891438.1203325,-1.0,0.0,-66.0
1777891438.1303325,-1.0,-4.0,-74.0
1777891438.1403325,0.0,-3.0,-75.0
1777891438.1503325,1.0,-1.0,-77.0
1777891438.1603324,4.0,-2.0,-74.0
1777891438.1703324,4.0,-7.0,-70.0
1777891438.1803324,4.0,-6.0,-66.0
1777891438.1903324,-2.0,-4.0,-68.0
1777891438.2003324,0.0,-3.0,-71.0
1777891438.2103324,-1.0,0.0,-74.0
1777891438.2203324,3.0,3.0,-75.0
1777891438.2303324,4.0,2.0,-70.0
1777891438.2403324,0.0,3.0,-71.0
1777891438.2503324,3.0,1.0,-75.0
1777891438.2603323,5.0,-2.0,-69.0
1777891438.2703323,5.0,-5.0,-60.0
1777891438.2803323,4.0,-4.0,-60.0
1777891438.2903323,2.0,-4.0,-61.0
1777891438.3003323,1.0,0.0,-63.0
1777891438.3103323,6.0,0.0,-62.0
1777891438.3203323,5.0,0.0,-71.0
1777891438.3303325,3.0,2.0,-73.0
1777891438.3403325,0.0,3.0,-67.0
1777891438.3503325,0.0,2.0,-68.0
1777891438.3603325,-1.0,1.0,-68.0
1777891438.3703325,-1.0,0.0,-68.0
1777891438.3803325,-2.0,0.0,-67.0
1777891438.3903325,0.0,0.0,-69.0
1777891438.4003325,-4.0,0.0,-73.0
1777891438.4103324,-4.0,-4.0,-75.0
1777891438.4203324,1.0,-2.0,-82.0
1777891438.4303324,2.0,-10.0,-75.0
1777891438.4403324,4.0,-8.0,-75.0
1777891438.4503324,3.0,-1.0,-78.0
1777891438.4603324,5.0,0.0,-77.0
1777891438.4703324,5.0,5.0,-82.0
1777891438.4803324,3.0,0.0,-84.0
1777891438.4903324,3.0,0.0,-78.0
1777891438.5003324,2.0,0.0,-75.0
1777891438.5103323,5.0,-2.0,-76.0
1777891438.5203323,4.0,-4.0,-74.0
1777891438.5303323,0.0,-4.0,-69.0
1777891438.5403323,-6.0,-3.0,-65.0
1777891438.5503323,-6.0,-8.0,-70.0
1777891438.5603323,-6.0,-9.0,-71.0
1777891438.5703323,-8.0,-9.0,-66.0
1777891438.5803325,-8.0,-5.0,-68.0
1777891438.5903325,-3.0,-3.0,-64.0
1777891438.6003325,-2.0,0.0,-66.0
1777891438.6103325,-1.0,3.0,-67.0
1777891438.6203325,-2.0,0.0,-60.0
1777891438.6303325,-4.0,0.0,-64.0
1777891438.6403325,-4.0,0.0,-70.0
1777891438.6503325,-2.0,-1.0,-70.0
1777891438.6603324,4.0,-3.0,-71.0
1777891438.6703324,4.0,-6.0,-74.0
1777891438.6803324,4.0,-7.0,-75.0
1777891438.6903324,4.0,-8.0,-79.0
1777891438.7003324,3.0,-7.0,-76.0
1777891438.7103324,0.0,-8.0,-75.0
1777891438.7203324,0.0,-4.0,-67.0
1777891438.7303324,-1.0,-3.0,-56.0
1777891438.7403324,0.0,-7.0,-62.0
1777891438.7503324,-1.0,-7.0,-62.0
1777891438.7603323,0.0,-5.0,-67.0
1777891438.7703323,4.0,-2.0,-69.0
1777891438.7803323,5.0,-1.0,-66.0
1777891438.7903323,10.0,-2.0,-64.0
1777891438.8003323,3.0,-5.0,-66.0
1777891438.8103323,1.0,-5.0,-66.0
1777891438.8203323,1.0,-4.0,-72.0
1777891438.8303325,0.0,-6.0,-71.0
1777891438.8403325,5.0,-6.0,-68.0
1777891438.8503325,6.0,-6.0,-74.0
1777891438.8603325,7.0,-5.0,-79.0
1777891438.8703325,1.0,-6.0,-75.0
1777891438.8803325,1.0,-6.0,-81.0
1777891438.8903325,1.0,-6.0,-78.0
1777891438.9003325,1.0,-7.0,-74.0
1777891438.9103324,-2.0,-6.0,-73.0
1777891438.9203324,0.0,-8.0,-72.0
1777891438.9313323,-1.0,-6.0,-70.0
1777891438.9403324,0.0,-9.0,-73.0
1777891438.9503324,0.0,-4.0,-74.0
1777891438.9603324,1.0,-5.0,-76.0
1777891438.9703324,2.0,-5.0,-71.0
1777891438.9803324,0.0,-5.0,-70.0
1777891438.9903324,0.0,-1.0,-67.0
1777891439.0003324,-1.0,0.0,-66.0
1777891439.0103323,-1.0,5.0,-66.0
1777891439.0203323,-4.0,4.0,-71.0
1777891439.0303323,-2.0,1.0,-74.0
1777891439.0403323,0.0,-4.0,-75.0
1777891439.0503323,-3.0,-6.0,-78.0
1777891439.0603323,-2.0,-5.0,-76.0
1777891439.0703323,-3.0,-4.0,-78.0
1777891439.0803325,1.0,0.0,-81.0
1777891439.0903325,1.0,0.0,-82.0
1777891439.1003325,1.0,1.0,-81.0
1777891439.1103325,2.0,-4.0,-78.0
1777891439.1203325,2.0,-2.0,-81.0
1777891439.1303325,0.0,1.0,-83.0
1777891439.1403325,-3.0,0.0,-78.0
1777891439.1503325,0.0,0.0,-78.0
1777891439.1603324,2.0,1.0,-78.0
1777891439.1703324,-2.0,1.0,-73.0
1777891439.1803324,-3.0,0.0,-78.0
1777891439.1903324,-3.0,-2.0,-78.0
1777891439.2003324,-2.0,-1.0,-78.0
1777891439.2103324,-3.0,-2.0,-82.0
1777891439.2203324,-4.0,-3.0,-73.0
1777891439.2303324,-3.0,2.0,-68.0
1777891439.2403324,0.0,3.0,-74.0
1777891439.2503324,0.0,2.0,-75.0
1777891439.2603323,0.0,2.0,-75.0
1777891439.2703323,0.0,1.0,-73.0
1777891439.2803323,2.0,3.0,-75.0
1777891439.2903323,5.0,4.0,-69.0
1777891439.3003323,4.0,6.0,-71.0
1777891439.3103323,11.0,6.0,-74.0
1777891439.3203323,7.0,4.0,-78.0
1777891439.3303325,2.0,7.0,-72.0
1777891439.3403325,3.0,10.0,-69.0
1777891439.3503325,7.0,11.0,-64.0
1777891439.3603325,11.0,8.0,-70.0
1777891439.3703325,5.0,5.0,-70.0
1777891439.3803325,5.0,4.0,-66.0
1777891439.3903325,8.0,4.0,-66.0
1777891439.4003325,9.0,0.0,-70.0
1777891439.4103324,10.0,-3.0,-70.0
1777891439.4203324,7.0,-3.0,-71.0
1777891439.4303324,4.0,-6.0,-66.0
1777891439.4403324,1.0,-5.0,-71.0
1777891439.4503324,-1.0,-3.0,-72.0
1777891439.4603324,2.0,-5.0,-70.0
1777891439.4703324,5.0,-8.0,-74.0
1777891439.4803324,5.0,-5.0,-75.0
1777891439.4903324,6.0,-1.0,-83.0
1777891439.5003324,5.0,-2.0,-74.0
1777891439.5103323,9.0,-2.0,-73.0
1777891439.5203323,9.0,-6.0,-75.0
1777891439.5303323,9.0,-4.0,-77.0
1777891439.5403323,6.0,-7.0,-81.0
1777891439.5503323,0.0,-8.0,-85.0
1777891439.5603323,0.0,-8.0,-86.0
1777891439.5703323,-2.0,-5.0,-84.0
1777891439.5803325,-1.0,-2.0,-87.0
1777891439.5903325,0.0,0.0,-82.0
1777891439.6003325,0.0,1.0,-85.0
1777891439.6103325,-1.0,2.0,-80.0
1777891439.6203325,2.0,2.0,-78.0
1777891439.6303325,3.0,-1.0,-80.0
1777891439.6403325,0.0,-3.0,-76.0
1777891439.6503325,3.0,-3.0,-75.0
1777891439.6603324,3.0,-1.0,-77.0
1777891439.6703324,6.0,-1.0,-75.0
1777891439.6803324,6.0,-4.0,-74.0
1777891439.6903324,1.0,-6.0,-76.0
1777891439.7003324,0.0,-3.0,-78.0
1777891439.7103324,3.0,-1.0,-76.0
1777891439.7203324,7.0,1.0,-78.0
1777891439.7303324,5.0,3.0,-75.0
1777891439.7403324,-1.0,1.0,-76.0
1777891439.7503324,1.0,1.0,-76.0
1777891439.7603323,0.0,-1.0,-80.0
1777891439.7703323,-2.0,0.0,-85.0
1777891439.7803323,-1.0,3.0,-79.0
1777891439.7903323,-2.0,5.0,-86.0
1777891439.8003323,-5.0,6.0,-84.0
1777891439.8103323,-4.0,8.0,-83.0
1777891439.8203323,1.0,6.0,-78.0
1777891439.8303325,4.0,3.0,-74.0
1777891439.8413324,6.0,1.0,-74.0
1777891439.8503325,4.0,0.0,-71.0
1777891439.8613324,2.0,-4.0,-71.0
1777891439.8703325,0.0,-1.0,-68.0
1777891439.8813324,-1.0,1.0,-67.0
1777891439.8913324,-2.0,-2.0,-67.0
1777891439.9013324,1.0,-6.0,-70.0
1777891439.9113324,4.0,-2.0,-71.0
1777891439.9213324,1.0,0.0,-76.0
1777891439.9313323,-2.0,-3.0,-74.0
1777891439.9413323,1.0,-1.0,-74.0
1777891439.9513323,6.0,-3.0,-68.0
1777891439.9613323,3.0,-1.0,-68.0
1777891439.9713323,5.0,1.0,-73.0
1777891439.9813323,0.0,0.0,-79.0
1777891439.9913323,0.0,0.0,-79.0
1777891440.0013323,2.0,-4.0,-81.0
1777891440.0113325,4.0,-5.0,-83.0
1777891440.0213325,1.0,-1.0,-73.0
1777891440.0313325,2.0,0.0,-64.0
1777891440.0413325,4.0,2.0,-60.0
1777891440.0513325,1.0,-2.0,-63.0
1777891440.0613325,1.0,-1.0,-69.0
1777891440.0713325,0.0,-4.0,-64.0
1777891440.0813324,1.0,-5.0,-63.0
1777891440.0913324,1.0,-6.0,-66.0
1777891440.1013324,4.0,-5.0,-71.0
1777891440.1113324,5.0,-6.0,-72.0
1777891440.1213324,4.0,-6.0,-77.0
1777891440.1313324,6.0,-3.0,-74.0
1777891440.1413324,9.0,-4.0,-71.0
1777891440.1513324,4.0,-4.0,-65.0
1777891440.1613324,6.0,-3.0,-65.0
1777891440.1713324,3.0,1.0,-65.0
1777891440.1813323,0.0,4.0,-69.0
1777891440.1913323,-1.0,-1.0,-75.0
1777891440.2013323,-4.0,0.0,-74.0
1777891440.2113323,-9.0,0.0,-74.0
1777891440.2213323,-5.0,0.0,-67.0
1777891440.2313323,-7.0,0.0,-65.0
1777891440.2413323,-4.0,1.0,-71.0
1777891440.2513323,-4.0,2.0,-74.0
1777891440.2613325,0.0,-5.0,-72.0
1777891440.2713325,0.0,-2.0,-73.0
1777891440.2813325,4.0,-2.0,-72.0
1777891440.2913325,5.0,0.0,-73.0
1777891440.3013325,4.0,-2.0,-73.0
1777891440.3113325,-1.0,-3.0,-70.0
1777891440.3213325,0.0,-3.0,-71.0
1777891440.3313324,6.0,-2.0,-72.0
1777891440.3413324,3.0,-8.0,-69.0
1777891440.3513324,-1.0,-3.0,-69.0
1777891440.3613324,3.0,-2.0,-79.0
1777891440.3713324,1.0,-1.0,-76.0
1777891440.3813324,3.0,0.0,-82.0
1777891440.3913324,2.0,3.0,-81.0
1777891440.4013324,4.0,1.0,-77.0
1777891440.4113324,0.0,1.0,-73.0
1777891440.4213324,1.0,4.0,-74.0
1777891440.4313323,-3.0,2.0,-73.0
1777891440.4413323,-8.0,-1.0,-72.0
1777891440.4513323,-6.0,-1.0,-79.0
1777891440.4613323,-1.0,-2.0,-84.0
1777891440.4713323,-3.0,-2.0,-84.0
1777891440.4813323,-6.0,0.0,-76.0
1777891440.4913323,-5.0,2.0,-75.0
1777891440.5013323,-5.0,5.0,-70.0
1777891440.5113325,-6.0,5.0,-68.0
1777891440.5213325,0.0,3.0,-66.0
1777891440.5313325,5.0,2.0,-65.0
1777891440.5413325,8.0,2.0,-71.0
1777891440.5513325,9.0,1.0,-73.0
1777891440.5613325,8.0,2.0,-65.0
1777891440.5713325,0.0,-1.0,-75.0
1777891440.5813324,-3.0,-4.0,-72.0
1777891440.5913324,-2.0,-8.0,-78.0
1777891440.6013324,-5.0,-7.0,-75.0
1777891440.6113324,-6.0,-9.0,-75.0
1777891440.6213324,-8.0,-7.0,-75.0
1777891440.6313324,-6.0,-4.0,-72.0
1777891440.6413324,-5.0,-3.0,-74.0
1777891440.6513324,-4.0,-6.0,-74.0
1777891440.6613324,-1.0,-4.0,-75.0
1777891440.6713324,0.0,-6.0,-73.0
1777891440.6813323,-1.0,-3.0,-59.0
1777891440.6913323,5.0,-3.0,-62.0
1777891440.7013323,4.0,-5.0,-64.0
1777891440.7113323,4.0,-5.0,-60.0
1777891440.7213323,0.0,-1.0,-64.0
1777891440.7313323,0.0,-1.0,-70.0
1777891440.7413323,-1.0,-4.0,-67.0
1777891440.7513323,0.0,-5.0,-65.0
1777891440.7613325,-2.0,-7.0,-66.0
1777891440.7713325,-1.0,0.0,-70.0
1777891440.7813325,1.0,3.0,-66.0
1777891440.7913325,6.0,0.0,-69.0
1777891440.8013325,7.0,1.0,-72.0
1777891440.8113325,3.0,-2.0,-71.0
1777891440.8213325,1.0,-3.0,-71.0
1777891440.8313324,2.0,-4.0,-65.0
1777891440.8413324,4.0,-3.0,-65.0
1777891440.8513324,10.0,-2.0,-62.0
1777891440.8613324,7.0,1.0,-59.0
1777891440.8713324,3.0,-2.0,-57.0
1777891440.8813324,6.0,-2.0,-59.0
1777891440.8913324,5.0,-6.0,-66.0
1777891440.9013324,6.0,-7.0,-71.0
1777891440.9113324,3.0,-4.0,-70.0
1777891440.9213324,3.0,0.0,-74.0
1777891440.9313323,1.0,4.0,-72.0
1777891440.9413323,-2.0,3.0,-71.0
1777891440.9513323,0.0,2.0,-73.0
1777891440.9613323,-1.0,-1.0,-77.0
1777891440.9713323,-3.0,0.0,-71.0
1777891440.9813323,1.0,5.0,-67.0
1777891440.9913323,3.0,3.0,-73.0
1777891441.0013323,0.0,4.0,-71.0
1777891441.0113325,3.0,0.0,-70.0
1777891441.0213325,3.0,0.0,-69.0
1777891441.0313325,2.0,-1.0,-67.0
1777891441.0413325,1.0,-3.0,-63.0
1777891441.0513325,4.0,-4.0,-62.0
1777891441.0613325,3.0,-3.0,-68.0
1777891441.0713325,2.0,-2.0,-70.0
1777891441.0813324,0.0,-1.0,-73.0
1777891441.0913324,0.0,2.0,-66.0
1777891441.1013324,-1.0,6.0,-71.0
1777891441.1113324,0.0,2.0,-68.0
1777891441.1213324,0.0,0.0,-73.0
1777891441.1313324,2.0,-2.0,-76.0
1777891441.1413324,0.0,-4.0,-75.0
1777891441.1513324,0.0,-2.0,-79.0
1777891441.1613324,-1.0,-1.0,-76.0
1777891441.1713324,2.0,-6.0,-75.0
1777891441.1813323,2.0,-7.0,-76.0
1777891441.1913323,4.0,-3.0,-77.0
1777891441.2013323,3.0,0.0,-71.0
1777891441.2113323,0.0,-1.0,-77.0
1777891441.2213323,1.0,4.0,-76.0
1777891441.2313323,2.0,3.0,-75.0
1777891441.2413323,5.0,0.0,-72.0
1777891441.2513323,4.0,0.0,-72.0
1777891441.2613325,3.0,-1.0,-74.0
1777891441.2713325,4.0,-3.0,-72.0
1777891441.2813325,7.0,-2.0,-73.0
1777891441.2913325,6.0,3.0,-76.0
1777891441.3013325,8.0,0.0,-74.0
1777891441.3113325,2.0,1.0,-75.0
1777891441.3213325,4.0,-3.0,-77.0
1777891441.3313324,5.0,-6.0,-78.0
1777891441.3413324,2.0,-6.0,-76.0
1777891441.3513324,-6.0,-5.0,-73.0
1777891441.3613324,-7.0,-5.0,-74.0
1777891441.3713324,-8.0,-9.0,-68.0
1777891441.3813324,-13.0,-7.0,-67.0
1777891441.3913324,-7.0,-6.0,-70.0
1777891441.4013324,-4.0,-3.0,-73.0
1777891441.4113324,-2.0,-7.0,-73.0
1777891441.4213324,-2.0,-6.0,-74.0
1777891441.4313323,1.0,-4.0,-76.0
1777891441.4413323,1.0,-2.0,-72.0
1777891441.4513323,2.0,-7.0,-69.0
1777891441.4613323,6.0,-8.0,-71.0
1777891441.4713323,5.0,-7.0,-69.0
1777891441.4813323,12.0,-7.0,-70.0
1777891441.4913323,10.0,-8.0,-69.0
1777891441.5013323,8.0,-9.0,-68.0
1777891441.5113325,3.0,-10.0,-70.0
1777891441.5213325,1.0,-7.0,-70.0
1777891441.5313325,-3.0,-5.0,-72.0
1777891441.5413325,0.0,-4.0,-75.0
1777891441.5513325,0.0,-3.0,-71.0
1777891441.5613325,-2.0,-1.0,-68.0
1777891441.5713325,0.0,0.0,-61.0
1777891441.5813324,1.0,-6.0,-56.0
1777891441.5913324,2.0,-5.0,-63.0
1777891441.6013324,5.0,-1.0,-64.0
1777891441.6113324,5.0,2.0,-68.0
1777891441.6213324,7.0,1.0,-72.0
1777891441.6313324,9.0,0.0,-74.0
1777891441.6413324,5.0,-4.0,-73.0
1777891441.6513324,7.0,-2.0,-78.0
1777891441.6613324,2.0,0.0,-78.0
1777891441.6713324,2.0,-1.0,-78.0
1777891441.6813323,4.0,0.0,-79.0
1777891441.6913323,5.0,0.0,-80.0
1777891441.7013323,0.0,-1.0,-80.0
1777891441.7113323,-3.0,-6.0,-80.0
1777891441.7213323,-5.0,-10.0,-79.0
1777891441.7313323,-5.0,-9.0,-76.0
1777891441.7413323,0.0,-8.0,-74.0
1777891441.7513323,1.0,-4.0,-78.0
1777891441.7613325,0.0,-2.0,-78.0
1777891441.7713325,-1.0,-3.0,-83.0
1777891441.7813325,1.0,-6.0,-77.0
1777891441.7913325,1.0,-8.0,-73.0
1777891441.8013325,5.0,0.0,-72.0
1777891441.8113325,8.0,-1.0,-72.0
1777891441.8223324,7.0,-1.0,-72.0
1777891441.8323324,4.0,0.0,-75.0
1777891441.8413324,6.0,0.0,-76.0
1777891441.8523324,7.0,-2.0,-65.0
1777891441.8623323,5.0,-6.0,-66.0
1777891441.8723323,3.0,-5.0,-65.0
1777891441.8823323,1.0,-2.0,-70.0
1777891441.8923323,-1.0,-1.0,-67.0
1777891441.9023323,0.0,2.0,-71.0
1777891441.9123323,0.0,4.0,-77.0
1777891441.9223323,6.0,4.0,-80.0
1777891441.9323325,6.0,6.0,-76.0
1777891441.9423325,3.0,7.0,-80.0
1777891441.9523325,1.0,3.0,-85.0
1777891441.9623325,3.0,2.0,-84.0
1777891441.9723325,2.0,3.0,-77.0
1777891441.9823325,0.0,0.0,-73.0
1777891441.9923325,-1.0,-1.0,-75.0
1777891442.0023324,2.0,-2.0,-73.0
1777891442.0123324,2.0,-1.0,-72.0
1777891442.0223324,1.0,0.0,-68.0
1777891442.0323324,1.0,0.0,-70.0
1777891442.0423324,0.0,2.0,-67.0
1777891442.0523324,0.0,0.0,-69.0
1777891442.0623324,2.0,-4.0,-66.0
1777891442.0723324,2.0,-5.0,-68.0
1777891442.0823324,-1.0,0.0,-71.0
1777891442.0923324,-1.0,-2.0,-74.0
1777891442.1023324,-4.0,1.0,-69.0
1777891442.1123323,-4.0,2.0,-76.0
1777891442.1223323,0.0,5.0,-79.0
1777891442.1323323,0.0,6.0,-80.0
1777891442.1423323,-1.0,4.0,-71.0
1777891442.1523323,-2.0,0.0,-67.0
1777891442.1623323,1.0,-1.0,-70.0
1777891442.1723323,1.0,5.0,-77.0
1777891442.1823325,0.0,5.0,-76.0
1777891442.1923325,-2.0,2.0,-78.0
1777891442.2023325,0.0,0.0,-74.0
1777891442.2123325,1.0,0.0,-71.0
1777891442.2223325,0.0,-4.0,-73.0
1777891442.2323325,-1.0,-5.0,-73.0
1777891442.2423325,2.0,-6.0,-66.0
1777891442.2523324,2.0,-4.0,-65.0
1777891442.2623324,0.0,-1.0,-62.0
1777891442.2723324,-2.0,-1.0,-59.0
1777891442.2823324,-2.0,-2.0,-59.0
1777891442.2923324,-4.0,-3.0,-64.0
1777891442.3023324,-5.0,-1.0,-68.0
1777891442.3123324,-3.0,-3.0,-69.0
1777891442.3223324,-5.0,-4.0,-73.0
1777891442.3323324,-2.0,-5.0,-71.0
1777891442.3423324,0.0,-5.0,-71.0
1777891442.3523324,3.0,0.0,-62.0
1777891442.3623323,3.0,2.0,-69.0
1777891442.3723323,3.0,3.0,-65.0
1777891442.3823323,3.0,5.0,-69.0
1777891442.3923323,2.0,3.0,-68.0
1777891442.4023323,3.0,2.0,-76.0
1777891442.4123323,1.0,2.0,-78.0
1777891442.4223323,1.0,0.0,-78.0
1777891442.4323325,3.0,-4.0,-81.0
1777891442.4423325,4.0,-4.0,-79.0
1777891442.4523325,3.0,-3.0,-81.0
1777891442.4623325,1.0,0.0,-80.0
1777891442.4723325,2.0,-1.0,-71.0
1777891442.4823325,-3.0,-2.0,-67.0
1777891442.4923325,-10.0,-1.0,-66.0
1777891442.5023324,-11.0,-1.0,-72.0
1777891442.5123324,-11.0,0.0,-69.0
1777891442.5223324,-6.0,0.0,-63.0
1777891442.5323324,-2.0,-4.0,-66.0
1777891442.5423324,-2.0,-4.0,-70.0
1777891442.5523324,-7.0,0.0,-69.0
1777891442.5623324,-9.0,-3.0,-73.0
1777891442.5723324,-8.0,-2.0,-75.0
1777891442.5823324,-2.0,-3.0,-78.0
1777891442.5923324,0.0,-6.0,-76.0
1777891442.6023324,1.0,-3.0,-82.0
1777891442.6123323,0.0,-1.0,-82.0
1777891442.6223323,0.0,-3.0,-74.0
1777891442.6323323,-2.0,-4.0,-72.0
1777891442.6423323,-3.0,-5.0,-76.0
1777891442.6523323,-3.0,-8.0,-74.0
1777891442.6623323,-3.0,-8.0,-68.0
1777891442.6723323,-1.0,-7.0,-78.0
1777891442.6823325,0.0,-1.0,-74.0
1777891442.6923325,0.0,-3.0,-68.0
1777891442.7023325,-1.0,0.0,-70.0
1777891442.7123325,-1.0,0.0,-73.0
1777891442.7223325,-2.0,-1.0,-70.0
1777891442.7323325,1.0,-4.0,-69.0
1777891442.7423325,5.0,0.0,-68.0
1777891442.7523324,1.0,0.0,-65.0
1777891442.7623324,2.0,-2.0,-63.0
1777891442.7723324,0.0,0.0,-60.0
1777891442.7823324,0.0,-5.0,-67.0
1777891442.7923324,1.0,-5.0,-73.0
1777891442.8023324,1.0,-4.0,-71.0
1777891442.8123324,0.0,-3.0,-67.0
1777891442.8223324,0.0,1.0,-68.0
1777891442.8323324,0.0,3.0,-68.0
1777891442.8423324,1.0,2.0,-72.0
1777891442.8523324,-1.0,0.0,-69.0
1777891442.8623323,0.0,-1.0,-62.0
1777891442.8723323,4.0,-3.0,-62.0
1777891442.8823323,8.0,-8.0,-64.0
1777891442.8923323,2.0,-8.0,-65.0
1777891442.9023323,3.0,-4.0,-66.0
1777891442.9123323,0.0,-1.0,-65.0
1777891442.9223323,1.0,-1.0,-63.0
1777891442.9323325,1.0,-3.0,-68.0
1777891442.9423325,3.0,-1.0,-64.0
1777891442.9523325,4.0,-4.0,-62.0
1777891442.9623325,6.0,-8.0,-65.0
1777891442.9723325,6.0,-9.0,-69.0
1777891442.9823325,8.0,-7.0,-69.0
1777891442.9923325,9.0,-8.0,-73.0
1777891443.0023324,8.0,-8.0,-73.0
1777891443.0123324,9.0,-9.0,-76.0
1777891443.0223324,12.0,-7.0,-81.0
1777891443.0323324,7.0,-10.0,-74.0
1777891443.0423324,1.0,-7.0,-67.0
1777891443.0523324,-4.0,-3.0,-60.0
1777891443.0623324,2.0,-1.0,-62.0
1777891443.0723324,-5.0,0.0,-64.0
1777891443.0823324,-4.0,2.0,-61.0
1777891443.0923324,-4.0,-2.0,-62.0
1777891443.1023324,-5.0,-4.0,-59.0
1777891443.1123323,-2.0,-5.0,-65.0
1777891443.1223323,-2.0,-2.0,-67.0
1777891443.1323323,-4.0,2.0,-64.0
1777891443.1423323,-8.0,2.0,-58.0
1777891443.1523323,-4.0,-1.0,-60.0
1777891443.1623323,-2.0,-3.0,-62.0
1777891443.1723323,-5.0,-1.0,-59.0
1777891443.1823325,-3.0,-2.0,-60.0
1777891443.1923325,-1.0,-1.0,-64.0
1777891443.2023325,3.0,0.0,-64.0
1777891443.2123325,2.0,0.0,-63.0
1777891443.2223325,0.0,-1.0,-68.0
1777891443.2323325,-1.0,-1.0,-76.0
1777891443.2423325,5.0,-2.0,-80.0
1777891443.2523324,2.0,0.0,-83.0
1777891443.2623324,2.0,1.0,-83.0
1777891443.2723324,1.0,0.0,-76.0
1777891443.2823324,1.0,-1.0,-78.0
1777891443.2923324,3.0,-3.0,-71.0
1777891443.3023324,3.0,-1.0,-70.0
1777891443.3123324,1.0,-1.0,-77.0
1777891443.3223324,-3.0,-2.0,-77.0
1777891443.3323324,-5.0,0.0,-76.0
1777891443.3423324,-2.0,3.0,-72.0
1777891443.3523324,-1.0,1.0,-75.0
1777891443.3623323,-4.0,2.0,-78.0
1777891443.3723323,-2.0,4.0,-82.0
1777891443.3823323,-2.0,4.0,-88.0
1777891443.3923323,-3.0,2.0,-86.0
1777891443.4023323,-2.0,-2.0,-84.0
1777891443.4123323,0.0,0.0,-80.0
1777891443.4223323,5.0,0.0,-73.0
1777891443.4323325,7.0,-1.0,-69.0
1777891443.4423325,5.0,-1.0,-76.0
1777891443.4523325,5.0,0.0,-79.0
1777891443.4623325,2.0,-3.0,-77.0
1777891443.4723325,3.0,-5.0,-73.0
1777891443.4823325,10.0,-3.0,-66.0
1777891443.4923325,8.0,-2.0,-69.0
1777891443.5023324,4.0,-8.0,-69.0
1777891443.5123324,2.0,-5.0,-67.0
1777891443.5223324,6.0,-5.0,-67.0
1777891443.5323324,6.0,-4.0,-64.0
1777891443.5423324,6.0,-8.0,-60.0
1777891443.5523324,6.0,-4.0,-60.0
1777891443.5623324,-1.0,-3.0,-61.0
1777891443.5723324,4.0,0.0,-60.0
1777891443.5823324,4.0,4.0,-64.0
1777891443.5923324,2.0,2.0,-68.0
1777891443.6023324,2.0,1.0,-64.0
1777891443.6123323,2.0,1.0,-69.0
1777891443.6223323,1.0,0.0,-75.0
1777891443.6323323,3.0,2.0,-71.0
1777891443.6423323,4.0,0.0,-65.0
1777891443.6523323,0.0,-1.0,-66.0
1777891443.6623323,-5.0,-1.0,-72.0
1777891443.6723323,-4.0,0.0,-74.0
1777891443.6823325,-3.0,3.0,-70.0
1777891443.6923325,0.0,7.0,-72.0
1777891443.7023325,-2.0,6.0,-71.0
1777891443.7123325,-5.0,6.0,-72.0
1777891443.7223325,-7.0,4.0,-70.0
1777891443.7323325,-6.0,0.0,-71.0
1777891443.7423325,-6.0,-5.0,-73.0
1777891443.7523324,-4.0,-4.0,-69.0
1777891443.7623324,-2.0,-2.0,-68.0
1777891443.7723324,0.0,-7.0,-68.0
1777891443.7823324,1.0,-4.0,-63.0
1777891443.7933323,1.0,-9.0,-69.0
1777891443.8023324,3.0,-12.0,-75.0
1777891443.8123324,2.0,-10.0,-74.0
1777891443.8233323,0.0,-8.0,-72.0
1777891443.8333323,0.0,-4.0,-73.0
1777891443.8433323,-1.0,-2.0,-75.0
1777891443.8533323,-5.0,-3.0,-71.0
1777891443.8633325,-8.0,-2.0,-73.0
1777891443.8733325,-13.0,-1.0,-71.0
1777891443.8833325,-11.0,0.0,-68.0
1777891443.8933325,-7.0,0.0,-74.0
1777891443.9033325,-9.0,0.0,-71.0
1777891443.9133325,-7.0,4.0,-73.0
1777891443.9233325,-8.0,2.0,-68.0
1777891443.9333324,-3.0,0.0,-66.0
1777891443.9433324,0.0,-2.0,-66.0
1777891443.9533324,-3.0,-4.0,-73.0
1777891443.9633324,0.0,-10.0,-77.0
1777891443.9733324,-1.0,-4.0,-77.0
1777891443.9833324,-2.0,-6.0,-79.0
1777891443.9933324,-3.0,-6.0,-80.0
1777891444.0033324,-2.0,0.0,-86.0
1777891444.0133324,0.0,0.0,-81.0
1777891444.0233324,-2.0,-2.0,-83.0
1777891444.0333323,0.0,-3.0,-78.0
1777891444.0433323,0.0,-2.0,-79.0
1777891444.0533323,2.0,0.0,-76.0
1777891444.0633323,2.0,1.0,-72.0
1777891444.0733323,3.0,-2.0,-72.0
1777891444.0833323,2.0,1.0,-79.0
1777891444.0933323,-1.0,1.0,-83.0
1777891444.1033323,-1.0,3.0,-75.0
1777891444.1133325,3.0,5.0,-75.0
1777891444.1233325,6.0,7.0,-81.0
1777891444.1333325,7.0,6.0,-76.0
1777891444.1433325,8.0,5.0,-70.0
1777891444.1533325,8.0,0.0,-76.0
1777891444.1633325,11.0,0.0,-80.0
1777891444.1733325,9.0,-1.0,-73.0
1777891444.1833324,4.0,1.0,-74.0
1777891444.1933324,2.0,1.0,-74.0
1777891444.2033324,3.0,1.0,-81.0
1777891444.2133324,0.0,0.0,-78.0
1777891444.2233324,0.0,1.0,-72.0
1777891444.2333324,3.0,-2.0,-72.0
1777891444.2433324,-1.0,-3.0,-69.0
1777891444.2533324,-2.0,-2.0,-67.0
1777891444.2633324,-1.0,3.0,-77.0
1777891444.2733324,0.0,0.0,-76.0
1777891444.2833323,0.0,-3.0,-78.0
1777891444.2933323,-1.0,-6.0,-81.0
1777891444.3033323,0.0,0.0,-77.0
1777891444.3133323,-2.0,-2.0,-79.0
1777891444.3233323,0.0,-2.0,-79.0
1777891444.3333323,0.0,-1.0,-88.0
1777891444.3433323,2.0,-3.0,-83.0
1777891444.3533323,1.0,-3.0,-84.0
1777891444.3633325,0.0,-2.0,-79.0
1777891444.3733325,6.0,-5.0,-78.0
1777891444.3833325,6.0,-2.0,-73.0
1777891444.3933325,9.0,-1.0,-68.0
1777891444.4033325,12.0,-4.0,-67.0
1777891444.4133325,12.0,-7.0,-73.0
1777891444.4233325,8.0,-7.0,-69.0
1777891444.4333324,4.0,-7.0,-67.0
1777891444.4433324,4.0,-5.0,-71.0
1777891444.4533324,5.0,-3.0,-75.0
1777891444.4633324,7.0,-4.0,-77.0
1777891444.4733324,5.0,-5.0,-77.0
1777891444.4833324,3.0,-5.0,-75.0
1777891444.4933324,-1.0,-6.0,-76.0
1777891444.5033324,-5.0,-9.0,-80.0
1777891444.5133324,0.0,-5.0,-77.0
1777891444.5233324,0.0,-5.0,-75.0
1777891444.5333323,-1.0,-5.0,-74.0
1777891444.5433323,1.0,-3.0,-70.0
1777891444.5533323,1.0,-1.0,-67.0
1777891444.5633323,4.0,-4.0,-63.0
1777891444.5733323,1.0,-3.0,-62.0
1777891444.5833323,0.0,-2.0,-66.0
1777891444.5933323,1.0,-1.0,-66.0
1777891444.6033323,1.0,-2.0,-70.0
1777891444.6133325,0.0,-7.0,-72.0
1777891444.6233325,0.0,-5.0,-72.0
1777891444.6333325,-2.0,-7.0,-80.0
1777891444.6433325,2.0,-5.0,-82.0
1777891444.6533325,2.0,-3.0,-81.0
1777891444.6633325,7.0,-2.0,-80.0
1777891444.6733325,10.0,-1.0,-77.0
1777891444.6833324,9.0,-6.0,-77.0
1777891444.6933324,7.0,-5.0,-72.0
1777891444.7033324,6.0,-12.0,-73.0
1777891444.7133324,4.0,-11.0,-81.0
1777891444.7233324,2.0,-6.0,-78.0
1777891444.7333324,3.0,-6.0,-78.0
1777891444.7433324,4.0,-3.0,-67.0
1777891444.7533324,4.0,-2.0,-68.0
1777891444.7633324,1.0,-3.0,-66.0
1777891444.7733324,0.0,1.0,-66.0
1777891444.7833323,1.0,4.0,-66.0
1777891444.7933323,-4.0,4.0,-65.0
1777891444.8033323,-5.0,5.0,-68.0
1777891444.8133323,3.0,0.0,-64.0
1777891444.8233323,0.0,-3.0,-63.0
1777891444.8333323,0.0,-4.0,-67.0
1777891444.8433323,2.0,-3.0,-70.0
1777891444.8533323,2.0,-3.0,-75.0
1777891444.8633325,3.0,3.0,-75.0
1777891444.8733325,4.0,3.0,-78.0
1777891444.8833325,1.0,1.0,-78.0
1777891444.8933325,2.0,2.0,-74.0
1777891444.9033325,-3.0,0.0,-73.0
1777891444.9133325,-5.0,1.0,-70.0
1777891444.9233325,-2.0,-2.0,-70.0
1777891444.9333324,-1.0,-3.0,-68.0
1777891444.9433324,-1.0,-3.0,-73.0
1777891444.9533324,1.0,-2.0,-73.0
1777891444.9633324,5.0,-1.0,-72.0
1777891444.9733324,4.0,0.0,-70.0
1777891444.9833324,2.0,0.0,-70.0
1777891444.9933324,2.0,-1.0,-71.0
1777891445.0033324,-1.0,-3.0,-72.0
1777891445.0133324,-1.0,-2.0,-74.0
1777891445.0233324,-1.0,-4.0,-73.0
1777891445.0333323,1.0,-3.0,-73.0
1777891445.0433323,-3.0,-5.0,-74.0
1777891445.0533323,-7.0,-2.0,-72.0
1777891445.0633323,-3.0,0.0,-68.0
1777891445.0733323,0.0,2.0,-69.0
1777891445.0833323,3.0,3.0,-71.0
1777891445.0933323,3.0,1.0,-74.0
1777891445.1033323,0.0,3.0,-78.0
1777891445.1133325,-1.0,0.0,-80.0
1777891445.1233325,3.0,0.0,-81.0
1777891445.1333325,6.0,2.0,-77.0
1777891445.1433325,8.0,3.0,-75.0
1777891445.1533325,5.0,1.0,-77.0
1777891445.1633325,2.0,1.0,-76.0
1777891445.1733325,3.0,0.0,-72.0
1777891445.1833324,2.0,-1.0,-77.0
1777891445.1933324,5.0,-1.0,-81.0
1777891445.2033324,1.0,-3.0,-79.0
1777891445.2133324,0.0,-1.0,-79.0
1777891445.2233324,3.0,-2.0,-81.0
1777891445.2333324,5.0,-5.0,-79.0
1777891445.2433324,7.0,-9.0,-81.0
1777891445.2533324,10.0,-7.0,-77.0
1777891445.2633324,10.0,-6.0,-67.0
1777891445.2733324,5.0,-5.0,-66.0
1777891445.2833323,6.0,0.0,-70.0
1777891445.2933323,9.0,-1.0,-78.0
1777891445.3033323,9.0,-4.0,-78.0
1777891445.3133323,2.0,-5.0,-72.0
1777891445.3233323,0.0,-8.0,-77.0
1777891445.3333323,-3.0,-6.0,-77.0
1777891445.3433323,-4.0,-8.0,-84.0
1777891445.3533323,-4.0,-7.0,-85.0
1777891445.3633325,-4.0,-5.0,-76.0
1777891445.3733325,-3.0,-5.0,-72.0
1777891445.3833325,-2.0,-6.0,-79.0
1777891445.3933325,1.0,-10.0,-78.0
1777891445.4033325,0.0,-7.0,-78.0
1777891445.4133325,-1.0,-6.0,-75.0
1777891445.4233325,-1.0,-4.0,-77.0
1777891445.4333324,-4.0,-4.0,-80.0
1777891445.4433324,-4.0,-6.0,-79.0
1777891445.4533324,1.0,-7.0,-83.0
1777891445.4633324,0.0,-6.0,-77.0
1777891445.4733324,0.0,-7.0,-77.0
1777891445.4833324,-4.0,-3.0,-78.0
1777891445.4933324,-4.0,-5.0,-72.0
1777891445.5033324,-5.0,0.0,-69.0
1777891445.5133324,-5.0,-2.0,-61.0
1777891445.5233324,-7.0,-4.0,-63.0
1777891445.5333323,-6.0,-2.0,-65.0
1777891445.5433323,-4.0,-4.0,-63.0
1777891445.5533323,-7.0,-4.0,-58.0
1777891445.5633323,-2.0,-3.0,-58.0
1777891445.5733323,-2.0,-2.0,-67.0
1777891445.5833323,-4.0,-1.0,-69.0
1777891445.5933323,-2.0,-1.0,-70.0
1777891445.6033323,-2.0,-1.0,-68.0
1777891445.6133325,-3.0,-4.0,-62.0
1777891445.6233325,-1.0,-8.0,-63.0
1777891445.6333325,-2.0,-10.0,-58.0
1777891445.6433325,-5.0,-4.0,-64.0
1777891445.6533325,-2.0,-5.0,-61.0
1777891445.6633325,-4.0,-3.0,-69.0
1777891445.6733325,-5.0,-2.0,-74.0
1777891445.6833324,-6.0,-3.0,-68.0
1777891445.6933324,-9.0,-2.0,-64.0
1777891445.7033324,-8.0,0.0,-66.0
1777891445.7133324,-4.0,-2.0,-64.0
1777891445.7233324,0.0,0.0,-70.0
1777891445.7333324,5.0,0.0,-71.0
1777891445.7433324,2.0,-3.0,-70.0
1777891445.7533324,-3.0,-5.0,-74.0
1777891445.7633324,-4.0,-3.0,-68.0
1777891445.7733324,-4.0,-2.0,-67.0
1777891445.7833323,-4.0,-3.0,-67.0
1777891445.7933323,-2.0,-8.0,-62.0
1777891445.8033323,-2.0,-8.0,-64.0
1777891445.8133323,0.0,-6.0,-68.0
1777891445.8243325,-3.0,-2.0,-63.0
1777891445.8343325,-4.0,-8.0,-60.0
1777891445.8443325,-3.0,-9.0,-64.0
1777891445.8543324,-5.0,-7.0,-63.0
1777891445.8633325,-7.0,-1.0,-63.0
1777891445.8743324,-7.0,-4.0,-56.0
1777891445.8843324,-5.0,-4.0,-57.0
1777891445.8943324,0.0,-5.0,-64.0
1777891445.9043324,5.0,-7.0,-66.0
1777891445.9143324,5.0,-5.0,-67.0
1777891445.9243324,3.0,-2.0,-68.0
1777891445.9343324,1.0,-1.0,-70.0
1777891445.9443324,-1.0,1.0,-74.0
1777891445.9543324,-5.0,3.0,-70.0
1777891445.9643323,-4.0,3.0,-72.0
1777891445.9743323,0.0,3.0,-70.0
1777891445.9843323,-2.0,0.0,-73.0
1777891445.9943323,-1.0,1.0,-77.0
1777891446.0043323,-7.0,0.0,-73.0
1777891446.0143323,-3.0,1.0,-76.0
1777891446.0243323,3.0,5.0,-82.0
1777891446.0343325,7.0,8.0,-79.0
1777891446.0443325,3.0,5.0,-70.0
1777891446.0543325,0.0,3.0,-70.0
1777891446.0643325,0.0,2.0,-67.0
1777891446.0743325,1.0,0.0,-67.0
1777891446.0843325,1.0,4.0,-77.0
1777891446.0943325,4.0,2.0,-77.0
1777891446.1043324,5.0,1.0,-76.0
1777891446.1143324,1.0,-1.0,-75.0
1777891446.1243324,2.0,-5.0,-81.0
1777891446.1343324,-1.0,-6.0,-73.0
1777891446.1443324,-2.0,-3.0,-77.0
1777891446.1543324,-3.0,0.0,-67.0
1777891446.1643324,0.0,-3.0,-69.0
1777891446.1743324,0.0,-6.0,-74.0
1777891446.1843324,0.0,-7.0,-75.0
1777891446.1943324,0.0,-5.0,-75.0
1777891446.2043324,-1.0,0.0,-75.0
1777891446.2143323,0.0,5.0,-80.0
1777891446.2243323,-3.0,1.0,-78.0
1777891446.2343323,1.0,0.0,-78.0
1777891446.2443323,4.0,0.0,-74.0
1777891446.2543323,0.0,-1.0,-74.0
1777891446.2643323,3.0,-1.0,-70.0
1777891446.2743323,2.0,0.0,-73.0
1777891446.2843325,2.0,-3.0,-71.0
1777891446.2943325,3.0,-4.0,-72.0
1777891446.3043325,3.0,-4.0,-71.0
1777891446.3143325,8.0,0.0,-75.0
1777891446.3243325,7.0,0.0,-76.0
1777891446.3343325,0.0,-4.0,-69.0
1777891446.3443325,-2.0,-1.0,-67.0
1777891446.3543324,-7.0,0.0,-62.0
1777891446.3643324,-6.0,2.0,-65.0
1777891446.3743324,-2.0,1.0,-71.0
1777891446.3843324,0.0,2.0,-73.0
1777891446.3943324,0.0,2.0,-64.0
1777891446.4043324,2.0,3.0,-63.0
1777891446.4143324,1.0,1.0,-71.0
1777891446.4243324,6.0,0.0,-69.0
1777891446.4343324,6.0,-4.0,-67.0
1777891446.4443324,7.0,-3.0,-68.0
1777891446.4543324,7.0,-7.0,-64.0
1777891446.4643323,2.0,-7.0,-69.0
1777891446.4743323,-3.0,-4.0,-74.0
1777891446.4843323,-3.0,-7.0,-79.0
1777891446.4943323,-2.0,-5.0,-78.0
1777891446.5043323,0.0,-7.0,-69.0
1777891446.5143323,1.0,-3.0,-66.0
1777891446.5243323,1.0,-1.0,-66.0
1777891446.5343325,5.0,0.0,-64.0
1777891446.5443325,6.0,-1.0,-67.0
1777891446.5543325,2.0,1.0,-64.0
1777891446.5643325,-1.0,0.0,-74.0
1777891446.5743325,-3.0,-2.0,-81.0
1777891446.5843325,0.0,-3.0,-81.0
1777891446.5943325,0.0,-2.0,-69.0
1777891446.6043324,4.0,1.0,-72.0
1777891446.6143324,3.0,-2.0,-71.0
1777891446.6243324,6.0,-2.0,-69.0
1777891446.6343324,4.0,0.0,-72.0
1777891446.6443324,1.0,-1.0,-75.0
1777891446.6543324,4.0,-4.0,-74.0
1777891446.6643324,5.0,-7.0,-72.0
1777891446.6743324,0.0,-7.0,-66.0
1777891446.6843324,3.0,-5.0,-69.0
1777891446.6943324,-1.0,-2.0,-69.0
1777891446.7043324,0.0,-2.0,-72.0
1777891446.7143323,5.0,-4.0,-69.0
1777891446.7243323,5.0,-5.0,-70.0
1777891446.7343323,3.0,-4.0,-70.0
1777891446.7443323,3.0,-6.0,-72.0
1777891446.7553325,5.0,-3.0,-76.0
1777891446.7643323,7.0,1.0,-83.0
1777891446.7743323,4.0,0.0,-82.0
1777891446.7843325,5.0,-1.0,-81.0
1777891446.7943325,10.0,-4.0,-76.0
1777891446.8043325,7.0,0.0,-74.0
1777891446.8143325,6.0,0.0,-68.0
1777891446.8243325,0.0,-2.0,-74.0
1777891446.8343325,0.0,0.0,-79.0
1777891446.8443325,0.0,0.0,-77.0
1777891446.8543324,2.0,2.0,-70.0
1777891446.8643324,4.0,0.0,-68.0
1777891446.8743324,8.0,0.0,-65.0
1777891446.8843324,9.0,1.0,-67.0
1777891446.8943324,5.0,2.0,-68.0
1777891446.9043324,0.0,1.0,-67.0
1777891446.9143324,-4.0,4.0,-71.0
1777891446.9243324,-1.0,6.0,-75.0
1777891446.9343324,0.0,4.0,-79.0
1777891446.9443324,-1.0,6.0,-75.0
1777891446.9543324,-1.0,3.0,-73.0
1777891446.9643323,0.0,3.0,-75.0
1777891446.9743323,2.0,0.0,-77.0
1777891446.9843323,3.0,-1.0,-77.0
1777891446.9943323,1.0,0.0,-75.0
1777891447.0043323,0.0,0.0,-71.0
1777891447.0143323,-1.0,2.0,-76.0
1777891447.0243323,-2.0,3.0,-78.0
1777891447.0343325,-4.0,7.0,-78.0
1777891447.0443325,-1.0,4.0,-78.0
1777891447.0543325,0.0,7.0,-80.0
1777891447.0643325,4.0,6.0,-87.0
1777891447.0743325,5.0,5.0,-79.0
1777891447.0843325,0.0,5.0,-76.0
1777891447.0943325,2.0,0.0,-77.0
1777891447.1043324,8.0,0.0,-80.0
1777891447.1143324,5.0,0.0,-85.0
1777891447.1243324,8.0,-3.0,-84.0
1777891447.1343324,5.0,-1.0,-84.0
1777891447.1443324,2.0,-3.0,-82.0
1777891447.1543324,3.0,-3.0,-80.0
1777891447.1643324,3.0,-5.0,-73.0
1777891447.1743324,1.0,-6.0,-72.0
1777891447.1843324,2.0,-4.0,-67.0
1777891447.1943324,-1.0,-6.0,-62.0
1777891447.2043324,-5.0,-7.0,-67.0
1777891447.2143323,1.0,-9.0,-68.0
1777891447.2243323,0.0,-8.0,-69.0
1777891447.2343323,-1.0,-8.0,-68.0
1777891447.2443323,-3.0,-5.0,-69.0
1777891447.2543323,-5.0,-6.0,-71.0
1777891447.2643323,0.0,-7.0,-75.0
1777891447.2743323,2.0,-5.0,-77.0
1777891447.2843325,0.0,-3.0,-78.0
1777891447.2943325,-2.0,-3.0,-81.0
1777891447.3043325,-4.0,0.0,-82.0
1777891447.3143325,-5.0,1.0,-81.0
1777891447.3243325,-4.0,0.0,-81.0
1777891447.3343325,-2.0,0.0,-88.0
1777891447.3443325,-2.0,1.0,-85.0
1777891447.3543324,0.0,1.0,-83.0
1777891447.3643324,1.0,3.0,-80.0
1777891447.3743324,0.0,4.0,-74.0
1777891447.3843324,0.0,3.0,-76.0
1777891447.3943324,0.0,3.0,-76.0
1777891447.4043324,0.0,4.0,-68.0
1777891447.4143324,-1.0,0.0,-65.0
1777891447.4243324,-3.0,0.0,-70.0
1777891447.4343324,-4.0,3.0,-62.0
1777891447.4443324,-4.0,0.0,-63.0
1777891447.4543324,-2.0,0.0,-59.0
1777891447.4643323,0.0,0.0,-61.0
1777891447.4743323,0.0,-3.0,-63.0
1777891447.4843323,-4.0,-4.0,-72.0
1777891447.4943323,-4.0,-4.0,-78.0
1777891447.5043323,-2.0,0.0,-77.0
1777891447.5143323,-1.0,0.0,-78.0
1777891447.5243323,1.0,1.0,-82.0
1777891447.5343325,3.0,3.0,-82.0
1777891447.5443325,-2.0,4.0,-81.0
1777891447.5543325,-2.0,6.0,-82.0
1777891447.5643325,0.0,4.0,-83.0
1777891447.5743325,2.0,4.0,-81.0
1777891447.5843325,0.0,0.0,-79.0
1777891447.5943325,0.0,-3.0,-81.0
1777891447.6043324,-3.0,-2.0,-83.0
1777891447.6143324,-7.0,-3.0,-75.0
1777891447.6243324,-8.0,-1.0,-81.0
1777891447.6343324,-3.0,-2.0,-85.0
1777891447.6443324,0.0,-1.0,-84.0
1777891447.6543324,4.0,-3.0,-80.0
1777891447.6643324,5.0,-6.0,-77.0
1777891447.6743324,5.0,-7.0,-70.0
1777891447.6843324,3.0,-4.0,-74.0
1777891447.6943324,3.0,-5.0,-71.0
1777891447.7043324,5.0,-7.0,-73.0
1777891447.7143323,0.0,-8.0,-75.0
1777891447.7243323,0.0,-7.0,-75.0
1777891447.7343323,1.0,-4.0,-74.0
1777891447.7443323,4.0,-3.0,-69.0
1777891447.7543323,3.0,-3.0,-71.0
1777891447.7643323,1.0,-2.0,-67.0
1777891447.7743323,0.0,-6.0,-77.0
1777891447.7843325,0.0,-2.0,-79.0
1777891447.7943325,0.0,-6.0,-77.0
1777891447.8043325,-2.0,-5.0,-73.0
1777891447.8153324,4.0,-5.0,-72.0
1777891447.8253324,0.0,-4.0,-71.0
1777891447.8353324,1.0,-2.0,-67.0
1777891447.8453324,1.0,-1.0,-69.0
1777891447.8553324,3.0,-3.0,-66.0
1777891447.8653324,2.0,-5.0,-71.0
1777891447.8753324,2.0,-8.0,-71.0
1777891447.8853323,6.0,-4.0,-76.0
1777891447.8953323,5.0,0.0,-81.0
1777891447.9053323,2.0,0.0,-87.0
1777891447.9153323,-1.0,0.0,-86.0
1777891447.9253323,1.0,6.0,-75.0
1777891447.9353323,0.0,6.0,-71.0
1777891447.9453323,-1.0,6.0,-75.0
1777891447.9553325,-1.0,6.0,-80.0
1777891447.9653325,-3.0,3.0,-77.0
1777891447.9753325,1.0,4.0,-75.0
1777891447.9853325,4.0,4.0,-78.0
1777891447.9953325,5.0,2.0,-79.0
1777891448.0053325,1.0,1.0,-73.0
1777891448.0153325,0.0,4.0,-72.0
1777891448.0253325,3.0,6.0,-68.0
1777891448.0353324,5.0,2.0,-67.0
1777891448.0453324,4.0,3.0,-71.0
1777891448.0553324,4.0,0.0,-66.0
1777891448.0653324,3.0,0.0,-66.0
1777891448.0753324,5.0,1.0,-63.0
1777891448.0853324,6.0,3.0,-68.0
1777891448.0953324,9.0,1.0,-68.0
1777891448.1053324,11.0,0.0,-77.0
1777891448.1153324,7.0,1.0,-73.0
1777891448.1253324,8.0,0.0,-69.0
1777891448.1353323,8.0,-1.0,-68.0
1777891448.1453323,5.0,0.0,-73.0
1777891448.1553323,2.0,-1.0,-75.0
1777891448.1653323,4.0,-4.0,-76.0
1777891448.1753323,3.0,-6.0,-73.0
1777891448.1853323,4.0,-2.0,-74.0
1777891448.1953323,2.0,-3.0,-74.0
1777891448.2053325,4.0,-2.0,-68.0
1777891448.2153325,2.0,0.0,-67.0
1777891448.2253325,2.0,-3.0,-71.0
1777891448.2353325,3.0,0.0,-72.0
1777891448.2453325,5.0,2.0,-76.0
1777891448.2553325,3.0,6.0,-77.0
1777891448.2653325,3.0,5.0,-79.0
1777891448.2753325,1.0,4.0,-78.0
1777891448.2853324,1.0,2.0,-77.0
1777891448.2953324,-2.0,3.0,-70.0
1777891448.3053324,-5.0,1.0,-73.0
1777891448.3153324,-2.0,0.0,-79.0
1777891448.3253324,0.0,0.0,-75.0
1777891448.3353324,3.0,-2.0,-72.0
1777891448.3453324,2.0,2.0,-70.0
1777891448.3553324,5.0,-1.0,-71.0
1777891448.3653324,5.0,1.0,-66.0
1777891448.3753324,0.0,3.0,-66.0
1777891448.3853323,0.0,1.0,-70.0
1777891448.3953323,0.0,2.0,-65.0
1777891448.4053323,4.0,5.0,-59.0
1777891448.4153323,7.0,3.0,-59.0
1777891448.4253323,11.0,3.0,-52.0
1777891448.4353323,11.0,5.0,-54.0
1777891448.4453323,10.0,6.0,-54.0
1777891448.4553325,9.0,4.0,-56.0
1777891448.4653325,7.0,1.0,-58.0
1777891448.4753325,8.0,1.0,-62.0
1777891448.4853325,10.0,2.0,-67.0
1777891448.4953325,6.0,0.0,-62.0
1777891448.5053325,6.0,-2.0,-66.0
1777891448.5153325,1.0,0.0,-68.0
1777891448.5253325,0.0,0.0,-73.0
1777891448.5353324,0.0,0.0,-69.0
1777891448.5453324,-1.0,-2.0,-64.0
1777891448.5553324,0.0,-1.0,-64.0
1777891448.5653324,0.0,-2.0,-62.0
1777891448.5753324,1.0,-4.0,-64.0
1777891448.5853324,1.0,-2.0,-64.0
1777891448.5953324,3.0,-3.0,-67.0
1777891448.6053324,0.0,0.0,-69.0
1777891448.6153324,0.0,-2.0,-60.0
1777891448.6253324,0.0,-7.0,-68.0
1777891448.6353323,1.0,-10.0,-74.0
1777891448.6453323,-1.0,-9.0,-74.0
1777891448.6553323,0.0,-5.0,-78.0
1777891448.6653323,0.0,0.0,-79.0
1777891448.6753323,4.0,-2.0,-86.0
1777891448.6853323,2.0,-4.0,-83.0
1777891448.6953323,0.0,-1.0,-83.0
1777891448.7053325,1.0,-4.0,-82.0
1777891448.7153325,0.0,-5.0,-81.0
1777891448.7253325,0.0,-4.0,-77.0
1777891448.7353325,0.0,-4.0,-77.0
1777891448.7453325,1.0,-3.0,-73.0
1777891448.7553325,1.0,1.0,-67.0
1777891448.7653325,0.0,1.0,-68.0
1777891448.7753325,0.0,0.0,-74.0
1777891448.7853324,-3.0,2.0,-78.0
1777891448.7953324,-1.0,2.0,-72.0
1777891448.8053324,1.0,0.0,-71.0
1777891448.8153324,0.0,1.0,-76.0
1777891448.8253324,2.0,2.0,-73.0
1777891448.8353324,0.0,4.0,-81.0
1777891448.8453324,0.0,5.0,-73.0
1777891448.8553324,-3.0,6.0,-75.0
1777891448.8653324,-1.0,7.0,-77.0
1777891448.8753324,-2.0,4.0,-72.0
1777891448.8853323,-3.0,2.0,-72.0
1777891448.8953323,-5.0,0.0,-74.0
1777891448.9053323,-2.0,-2.0,-79.0
1777891448.9153323,2.0,0.0,-80.0
1777891448.9253323,1.0,0.0,-79.0
1777891448.9353323,2.0,0.0,-68.0
1777891448.9453323,2.0,1.0,-69.0
1777891448.9553325,2.0,0.0,-70.0
1777891448.9653325,2.0,2.0,-69.0
1777891448.9753325,0.0,4.0,-76.0
1777891448.9853325,5.0,3.0,-79.0
1777891448.9953325,5.0,4.0,-75.0
1777891449.0053325,4.0,5.0,-75.0
1777891449.0153325,8.0,-1.0,-76.0
1777891449.0253325,7.0,-5.0,-80.0
1777891449.0353324,6.0,-7.0,-74.0
1777891449.0453324,6.0,-7.0,-68.0
1777891449.0553324,-1.0,-8.0,-62.0
1777891449.0653324,0.0,-6.0,-75.0
1777891449.0753324,0.0,-7.0,-73.0
1777891449.0853324,4.0,-5.0,-67.0
1777891449.0953324,4.0,-4.0,-69.0
1777891449.1053324,6.0,-1.0,-67.0
1777891449.1153324,9.0,-4.0,-69.0
1777891449.1253324,10.0,-6.0,-62.0
1777891449.1353323,9.0,-8.0,-62.0
1777891449.1453323,5.0,-7.0,-59.0
1777891449.1553323,4.0,-4.0,-65.0
1777891449.1653323,2.0,0.0,-62.0
1777891449.1753323,-2.0,-2.0,-69.0
1777891449.1853323,-5.0,-1.0,-75.0
1777891449.1953323,-5.0,-2.0,-74.0
1777891449.2053325,-5.0,-3.0,-74.0
1777891449.2153325,-4.0,-1.0,-81.0
1777891449.2253325,-5.0,-1.0,-80.0
1777891449.2353325,1.0,-1.0,-76.0
1777891449.2453325,0.0,-4.0,-78.0
1777891449.2553325,4.0,0.0,-72.0
1777891449.2653325,0.0,0.0,-76.0
1777891449.2753325,-4.0,-1.0,-73.0
1777891449.2853324,-6.0,-3.0,-78.0
1777891449.2953324,-4.0,-7.0,-79.0
1777891449.3053324,-5.0,-8.0,-73.0
1777891449.3153324,0.0,-4.0,-74.0
1777891449.3253324,0.0,0.0,-69.0
1777891449.3353324,0.0,0.0,-68.0
1777891449.3453324,0.0,0.0,-72.0
1777891449.3553324,-3.0,0.0,-74.0
1777891449.3653324,-5.0,1.0,-73.0
1777891449.3753324,-3.0,0.0,-72.0
1777891449.3853323,0.0,0.0,-78.0
1777891449.3953323,-1.0,-3.0,-72.0
1777891449.4053323,-1.0,-3.0,-73.0
1777891449.4153323,0.0,0.0,-67.0
1777891449.4253323,-3.0,-1.0,-57.0
1777891449.4353323,-4.0,0.0,-65.0
1777891449.4453323,-3.0,0.0,-68.0
1777891449.4553325,-5.0,2.0,-73.0
1777891449.4653325,-2.0,0.0,-68.0
1777891449.4753325,2.0,-1.0,-65.0
1777891449.4853325,7.0,-2.0,-65.0
1777891449.4953325,2.0,-1.0,-67.0
1777891449.5053325,3.0,0.0,-69.0
1777891449.5153325,2.0,-3.0,-66.0
1777891449.5253325,4.0,-2.0,-73.0
1777891449.5353324,5.0,1.0,-77.0
1777891449.5453324,0.0,2.0,-73.0
1777891449.5553324,-3.0,-1.0,-65.0
1777891449.5653324,3.0,2.0,-70.0
1777891449.5753324,7.0,1.0,-71.0
1777891449.5853324,7.0,-2.0,-69.0
1777891449.5953324,0.0,0.0,-75.0
1777891449.6053324,0.0,-3.0,-78.0
1777891449.6153324,6.0,0.0,-86.0
1777891449.6253324,7.0,-1.0,-77.0
1777891449.6353323,3.0,-5.0,-74.0
1777891449.6453323,4.0,-5.0,-78.0
1777891449.6553323,2.0,-3.0,-76.0
1777891449.6653323,0.0,-5.0,-80.0
1777891449.6753323,0.0,-1.0,-80.0
1777891449.6853323,2.0,-3.0,-72.0
1777891449.6953323,3.0,-5.0,-71.0
1777891449.7053325,3.0,-7.0,-66.0
1777891449.7153325,0.0,-10.0,-68.0
1777891449.7253325,0.0,-7.0,-66.0
1777891449.7353325,1.0,-4.0,-70.0
1777891449.7453325,0.0,-2.0,-69.0
1777891449.7553325,-2.0,-3.0,-69.0
1777891449.7653325,0.0,-8.0,-72.0
1777891449.7753325,-3.0,-6.0,-70.0
1777891449.7853324,-1.0,-4.0,-68.0
1777891449.7953324,0.0,-4.0,-74.0
1777891449.8063323,0.0,-2.0,-71.0
1777891449.8163323,0.0,-7.0,-74.0
1777891449.8263323,2.0,-7.0,-77.0
1777891449.8363323,1.0,-3.0,-76.0
1777891449.8463323,6.0,-1.0,-73.0
1777891449.8563323,5.0,-7.0,-72.0
1777891449.8663323,2.0,-5.0,-71.0
1777891449.8763323,3.0,-5.0,-65.0
1777891449.8863325,3.0,-2.0,-62.0
1777891449.8963325,2.0,-1.0,-57.0
1777891449.9063325,2.0,-2.0,-60.0
1777891449.9163325,4.0,-5.0,-65.0
1777891449.9263325,6.0,-4.0,-67.0
1777891449.9363325,10.0,-3.0,-69.0
1777891449.9463325,8.0,-5.0,-72.0
1777891449.9563324,4.0,-3.0,-72.0
1777891449.9663324,6.0,-9.0,-76.0
1777891449.9763324,2.0,-9.0,-74.0
1777891449.9863324,0.0,-3.0,-80.0
1777891449.9963324,0.0,0.0,-78.0
1777891450.0063324,0.0,3.0,-77.0
1777891450.0163324,5.0,0.0,-77.0
1777891450.0263324,5.0,-3.0,-75.0
1777891450.0363324,8.0,-1.0,-60.0
1777891450.0463324,16.0,1.0,-63.0
1777891450.0563323,10.0,2.0,-61.0
1777891450.0663323,6.0,1.0,-65.0
1777891450.0763323,5.0,2.0,-69.0
1777891450.0863323,7.0,1.0,-70.0
1777891450.0963323,11.0,1.0,-71.0
1777891450.1063323,11.0,1.0,-71.0
1777891450.1163323,7.0,4.0,-78.0
1777891450.1263323,2.0,4.0,-80.0
1777891450.1363325,3.0,5.0,-81.0
1777891450.1463325,1.0,7.0,-74.0
1777891450.1563325,0.0,4.0,-70.0
1777891450.1663325,-6.0,1.0,-72.0
1777891450.1763325,-5.0,0.0,-70.0
1777891450.1863325,-6.0,5.0,-72.0
1777891450.1963325,-2.0,6.0,-74.0
1777891450.2063324,-5.0,4.0,-68.0
1777891450.2163324,-4.0,2.0,-67.0
1777891450.2263324,-3.0,1.0,-70.0
1777891450.2363324,-6.0,2.0,-77.0
1777891450.2463324,-3.0,3.0,-83.0
1777891450.2563324,-4.0,1.0,-84.0
1777891450.2663324,0.0,2.0,-74.0
1777891450.2763324,8.0,1.0,-81.0
1777891450.2863324,4.0,0.0,-77.0
1777891450.2963324,5.0,2.0,-70.0
1777891450.3063323,5.0,1.0,-69.0
1777891450.3163323,4.0,0.0,-74.0
1777891450.3263323,3.0,5.0,-71.0
1777891450.3363323,3.0,2.0,-72.0
1777891450.3463323,1.0,4.0,-72.0
1777891450.3563323,3.0,0.0,-65.0
1777891450.3663323,0.0,0.0,-66.0
1777891450.3763323,3.0,4.0,-68.0
1777891450.3863325,0.0,2.0,-64.0
1777891450.3963325,-2.0,1.0,-66.0
1777891450.4063325,-4.0,1.0,-64.0
1777891450.4163325,-6.0,5.0,-69.0
1777891450.4263325,-6.0,3.0,-69.0
1777891450.4363325,0.0,2.0,-71.0
1777891450.4463325,2.0,0.0,-66.0
1777891450.4563324,2.0,0.0,-73.0
1777891450.4663324,1.0,-1.0,-65.0
1777891450.4763324,0.0,-1.0,-63.0
1777891450.4863324,2.0,-1.0,-68.0
1777891450.4963324,0.0,-5.0,-72.0
1777891450.5063324,0.0,-4.0,-75.0
1777891450.5163324,-3.0,-2.0,-75.0
1777891450.5263324,0.0,-3.0,-78.0
1777891450.5363324,5.0,-3.0,-82.0
1777891450.5463324,8.0,-5.0,-83.0
1777891450.5563323,9.0,-7.0,-83.0
1777891450.5663323,11.0,-8.0,-81.0
1777891450.5763323,4.0,-5.0,-81.0
1777891450.5863323,-2.0,-2.0,-83.0
1777891450.5963323,-2.0,-2.0,-86.0
1777891450.6063323,-4.0,-1.0,-81.0
1777891450.6163323,-4.0,0.0,-76.0
1777891450.6263323,-3.0,-3.0,-68.0
1777891450.6363325,1.0,-6.0,-73.0
1777891450.6463325,2.0,-9.0,-78.0
1777891450.6563325,0.0,-6.0,-77.0
1777891450.6663325,4.0,-2.0,-79.0
1777891450.6763325,4.0,-1.0,-82.0
1777891450.6863325,5.0,0.0,-77.0
1777891450.6963325,5.0,0.0,-74.0
1777891450.7063324,9.0,0.0,-68.0
1777891450.7163324,7.0,-1.0,-76.0
1777891450.7263324,0.0,-6.0,-74.0
1777891450.7363324,-2.0,-1.0,-71.0
1777891450.7463324,-2.0,0.0,-71.0
1777891450.7563324,0.0,1.0,-69.0
1777891450.7663324,4.0,0.0,-67.0
1777891450.7763324,2.0,-3.0,-68.0
1777891450.7863324,3.0,-6.0,-63.0
1777891450.7963324,0.0,-5.0,-68.0
1777891450.8063323,0.0,-4.0,-68.0
1777891450.8163323,2.0,-4.0,-69.0
1777891450.8263323,3.0,-4.0,-74.0
1777891450.8363323,0.0,-2.0,-72.0
1777891450.8463323,-1.0,0.0,-72.0
1777891450.8563323,-4.0,2.0,-71.0
1777891450.8663323,-3.0,5.0,-73.0
1777891450.8763323,-6.0,3.0,-74.0
1777891450.8863325,-5.0,4.0,-73.0
1777891450.8963325,-5.0,6.0,-72.0
1777891450.9063325,0.0,11.0,-67.0
1777891450.9163325,1.0,5.0,-67.0
1777891450.9263325,1.0,2.0,-66.0
1777891450.9363325,3.0,1.0,-66.0
1777891450.9463325,4.0,0.0,-65.0
1777891450.9563324,4.0,1.0,-70.0
1777891450.9663324,5.0,-1.0,-72.0
1777891450.9763324,1.0,-1.0,-72.0
1777891450.9863324,0.0,-1.0,-69.0
1777891450.9963324,-2.0,-1.0,-66.0
1777891451.0063324,-8.0,0.0,-66.0
1777891451.0163324,-10.0,3.0,-73.0
1777891451.0263324,-7.0,-1.0,-75.0
1777891451.0363324,-4.0,0.0,-75.0
1777891451.0463324,-1.0,0.0,-70.0
1777891451.0563323,-1.0,0.0,-75.0
1777891451.0663323,1.0,-2.0,-76.0
1777891451.0763323,1.0,0.0,-72.0
1777891451.0863323,2.0,0.0,-72.0
1777891451.0963323,3.0,2.0,-73.0
1777891451.1063323,-6.0,2.0,-75.0
1777891451.1163323,-7.0,0.0,-71.0
1777891451.1263323,-8.0,-3.0,-70.0
1777891451.1363325,-5.0,-2.0,-65.0
1777891451.1463325,-1.0,-1.0,-77.0
1777891451.1563325,-5.0,1.0,-74.0
1777891451.1663325,-5.0,0.0,-71.0
1777891451.1763325,-5.0,0.0,-69.0
1777891451.1863325,-1.0,0.0,-70.0
1777891451.1963325,0.0,0.0,-76.0
1777891451.2063324,2.0,1.0,-82.0
1777891451.2163324,6.0,-1.0,-82.0
1777891451.2263324,9.0,-5.0,-82.0
1777891451.2363324,7.0,-3.0,-84.0
1777891451.2463324,7.0,-3.0,-88.0
1777891451.2563324,4.0,2.0,-82.0
1777891451.2663324,7.0,1.0,-82.0
1777891451.2763324,6.0,1.0,-75.0
1777891451.2863324,12.0,0.0,-67.0
1777891451.2963324,15.0,4.0,-60.0
1777891451.3063323,11.0,5.0,-61.0
1777891451.3163323,10.0,1.0,-65.0
1777891451.3263323,10.0,3.0,-71.0
1777891451.3363323,6.0,2.0,-68.0
1777891451.3463323,8.0,0.0,-73.0
1777891451.3563323,5.0,0.0,-71.0
1777891451.3663323,5.0,0.0,-71.0
1777891451.3763323,2.0,-4.0,-69.0
1777891451.3863325,-1.0,-5.0,-71.0
1777891451.3963325,3.0,-5.0,-78.0
1777891451.4063325,3.0,-2.0,-78.0
1777891451.4163325,4.0,-4.0,-75.0
1777891451.4263325,1.0,-5.0,-80.0
1777891451.4363325,1.0,-2.0,-80.0
1777891451.4463325,2.0,-2.0,-79.0
1777891451.4563324,-1.0,-1.0,-83.0
1777891451.4663324,0.0,0.0,-78.0
1777891451.4763324,0.0,0.0,-76.0
1777891451.4863324,-4.0,1.0,-76.0
1777891451.4963324,-3.0,-1.0,-78.0
1777891451.5063324,-1.0,-2.0,-80.0
1777891451.5163324,0.0,-1.0,-80.0
1777891451.5263324,2.0,5.0,-78.0
1777891451.5363324,-1.0,5.0,-74.0
1777891451.5463324,-1.0,7.0,-72.0
1777891451.5563323,0.0,6.0,-71.0
1777891451.5663323,2.0,0.0,-72.0
1777891451.5763323,0.0,1.0,-76.0
1777891451.5863323,0.0,-1.0,-75.0
1777891451.5963323,2.0,-2.0,-76.0
1777891451.6063323,0.0,-1.0,-85.0
1777891451.6163323,-2.0,-3.0,-81.0
1777891451.6263323,-1.0,-2.0,-80.0
1777891451.6363325,1.0,-3.0,-69.0
1777891451.6463325,3.0,0.0,-67.0
1777891451.6563325,2.0,0.0,-71.0
1777891451.6663325,3.0,-2.0,-76.0
1777891451.6763325,0.0,-1.0,-70.0
1777891451.6863325,4.0,-1.0,-68.0
1777891451.6963325,1.0,2.0,-75.0
1777891451.7063324,4.0,5.0,-67.0
1777891451.7163324,3.0,3.0,-64.0
1777891451.7263324,4.0,0.0,-81.0
1777891451.7363324,0.0,-5.0,-87.0
1777891451.7463324,0.0,0.0,-86.0
1777891451.7563324,2.0,0.0,-81.0
1777891451.7663324,4.0,-4.0,-76.0
1777891451.7763324,3.0,-1.0,-76.0
1777891451.7873323,0.0,1.0,-76.0
1777891451.7973323,-1.0,0.0,-76.0
1777891451.8073325,2.0,-3.0,-79.0
1777891451.8173325,3.0,-3.0,-81.0
1777891451.8273325,7.0,-4.0,-80.0
1777891451.8373325,7.0,-6.0,-83.0
1777891451.8473325,7.0,-3.0,-80.0
1777891451.8573325,1.0,0.0,-78.0
1777891451.8673325,0.0,-4.0,-78.0
1777891451.8773324,0.0,-5.0,-71.0
1777891451.8873324,1.0,-5.0,-64.0
1777891451.8973324,-2.0,-8.0,-64.0
1777891451.9073324,-2.0,-10.0,-60.0
1777891451.9173324,-2.0,-11.0,-64.0
1777891451.9273324,1.0,-13.0,-67.0
1777891451.9373324,1.0,-14.0,-69.0
1777891451.9473324,2.0,-12.0,-72.0
1777891451.9573324,4.0,-12.0,-77.0
1777891451.9673324,6.0,-6.0,-79.0
1777891451.9773324,4.0,0.0,-74.0
1777891451.9873323,-2.0,0.0,-68.0
1777891451.9973323,-9.0,3.0,-65.0
1777891452.0073323,-5.0,3.0,-70.0
1777891452.0173323,-4.0,4.0,-70.0
1777891452.0273323,-9.0,2.0,-73.0
1777891452.0373323,-3.0,1.0,-74.0
1777891452.0473323,0.0,2.0,-84.0
1777891452.0573325,-1.0,4.0,-84.0
1777891452.0673325,2.0,6.0,-80.0
1777891452.0773325,3.0,6.0,-79.0
1777891452.0873325,3.0,4.0,-79.0
1777891452.0973325,7.0,5.0,-72.0
1777891452.1073325,6.0,6.0,-66.0
1777891452.1173325,3.0,0.0,-76.0
1777891452.1273324,3.0,-1.0,-76.0
1777891452.1373324,4.0,-3.0,-62.0
1777891452.1473324,9.0,-2.0,-59.0
1777891452.1573324,12.0,-4.0,-67.0
1777891452.1673324,13.0,-2.0,-72.0
1777891452.1773324,7.0,-2.0,-77.0
1777891452.1873324,7.0,1.0,-78.0
1777891452.1973324,5.0,-1.0,-73.0
1777891452.2073324,5.0,0.0,-77.0
1777891452.2173324,3.0,3.0,-69.0
1777891452.2273324,6.0,3.0,-69.0
1777891452.2373323,2.0,1.0,-70.0
1777891452.2473323,0.0,0.0,-73.0
1777891452.2573323,1.0,0.0,-65.0
1777891452.2673323,6.0,-1.0,-63.0
1777891452.2773323,7.0,0.0,-56.0
1777891452.2873323,4.0,0.0,-61.0
1777891452.2973323,6.0,0.0,-60.0
1777891452.3073325,2.0,-5.0,-65.0
1777891452.3173325,0.0,-5.0,-70.0
1777891452.3273325,-2.0,-1.0,-71.0
1777891452.3373325,0.0,-5.0,-71.0
1777891452.3473325,3.0,-4.0,-77.0
1777891452.3573325,-1.0,-1.0,-79.0
1777891452.3673325,-1.0,-1.0,-80.0
1777891452.3773324,0.0,0.0,-77.0
1777891452.3873324,1.0,0.0,-80.0
1777891452.3973324,-1.0,0.0,-81.0
1777891452.4073324,-5.0,3.0,-77.0
1777891452.4173324,-5.0,4.0,-78.0
1777891452.4273324,0.0,1.0,-73.0
1777891452.4373324,-1.0,0.0,-71.0
1777891452.4473324,0.0,-2.0,-72.0
1777891452.4573324,5.0,-4.0,-75.0
1777891452.4673324,0.0,-5.0,-74.0
1777891452.4773324,-3.0,-6.0,-79.0
1777891452.4873323,3.0,-8.0,-74.0
1777891452.4973323,5.0,-7.0,-72.0
1777891452.5073323,2.0,-5.0,-75.0
1777891452.5173323,5.0,-5.0,-74.0
1777891452.5273323,4.0,-6.0,-70.0
1777891452.5373323,2.0,-6.0,-76.0
1777891452.5473323,6.0,-4.0,-78.0
1777891452.5573325,5.0,-2.0,-77.0
1777891452.5673325,4.0,-3.0,-77.0
1777891452.5773325,7.0,-3.0,-80.0
1777891452.5873325,11.0,0.0,-81.0
1777891452.5973325,13.0,0.0,-87.0
1777891452.6073325,11.0,-4.0,-82.0
1777891452.6173325,9.0,-6.0,-81.0
1777891452.6273324,6.0,-6.0,-80.0
1777891452.6373324,5.0,-6.0,-81.0
1777891452.6473324,2.0,-5.0,-79.0
1777891452.6573324,2.0,-5.0,-74.0
1777891452.6673324,1.0,-6.0,-75.0
1777891452.6773324,7.0,-4.0,-72.0
1777891452.6873324,9.0,-1.0,-70.0
1777891452.6973324,6.0,2.0,-70.0
1777891452.7073324,4.0,3.0,-77.0
1777891452.7173324,1.0,5.0,-70.0
1777891452.7273324,2.0,3.0,-62.0
1777891452.7373323,-3.0,0.0,-60.0
1777891452.7473323,-3.0,0.0,-69.0
1777891452.7573323,-3.0,1.0,-70.0
1777891452.7673323,0.0,4.0,-71.0
1777891452.7773323,-2.0,-1.0,-69.0
1777891452.7873323,-1.0,0.0,-74.0
1777891452.7973323,-2.0,0.0,-73.0
1777891452.8073325,-1.0,1.0,-72.0
1777891452.8173325,0.0,3.0,-74.0
1777891452.8273325,0.0,4.0,-74.0
1777891452.8373325,1.0,2.0,-73.0
1777891452.8473325,0.0,0.0,-77.0
1777891452.8573325,-6.0,0.0,-75.0
1777891452.8673325,-6.0,-2.0,-73.0
1777891452.8773324,-1.0,-4.0,-72.0
1777891452.8873324,0.0,-1.0,-69.0
1777891452.8973324,-4.0,-3.0,-75.0
1777891452.9073324,-3.0,1.0,-75.0
1777891452.9173324,3.0,7.0,-77.0
1777891452.9273324,0.0,8.0,-76.0
1777891452.9373324,0.0,6.0,-74.0
1777891452.9473324,-1.0,3.0,-72.0
1777891452.9573324,-4.0,2.0,-71.0
1777891452.9673324,-7.0,4.0,-68.0
1777891452.9773324,-5.0,7.0,-66.0
1777891452.9873323,-4.0,7.0,-70.0
1777891452.9973323,-2.0,7.0,-74.0
1777891453.0073323,-2.0,9.0,-71.0
1777891453.0173323,1.0,6.0,-65.0
1777891453.0273323,2.0,1.0,-64.0
1777891453.0373323,1.0,0.0,-68.0
1777891453.0473323,-3.0,0.0,-78.0
1777891453.0573325,1.0,-2.0,-72.0
1777891453.0673325,-3.0,0.0,-74.0
1777891453.0773325,2.0,0.0,-76.0
1777891453.0873325,3.0,-1.0,-78.0
1777891453.0973325,0.0,-4.0,-81.0
1777891453.1073325,1.0,-11.0,-76.0
1777891453.1173325,4.0,-7.0,-76.0
1777891453.1273324,2.0,-3.0,-77.0
1777891453.1373324,3.0,-2.0,-74.0
1777891453.1473324,1.0,-1.0,-67.0
1777891453.1573324,0.0,0.0,-71.0
1777891453.1673324,0.0,-1.0,-75.0
1777891453.1773324,6.0,-5.0,-79.0
1777891453.1873324,6.0,-6.0,-80.0
1777891453.1973324,2.0,-5.0,-79.0
1777891453.2073324,7.0,-6.0,-72.0
1777891453.2173324,9.0,-5.0,-75.0
1777891453.2273324,12.0,-9.0,-76.0
1777891453.2373323,9.0,-9.0,-76.0
1777891453.2473323,6.0,-9.0,-77.0
1777891453.2573323,4.0,-5.0,-77.0
1777891453.2673323,5.0,-4.0,-84.0
1777891453.2773323,7.0,0.0,-84.0
1777891453.2873323,0.0,2.0,-85.0
1777891453.2973323,-1.0,3.0,-77.0
1777891453.3073325,2.0,3.0,-73.0
1777891453.3173325,7.0,2.0,-73.0
1777891453.3273325,9.0,4.0,-80.0
1777891453.3373325,9.0,3.0,-82.0
1777891453.3473325,4.0,2.0,-80.0
1777891453.3573325,3.0,2.0,-70.0
1777891453.3673325,4.0,-1.0,-66.0
1777891453.3773324,9.0,-1.0,-76.0
1777891453.3873324,7.0,-3.0,-76.0
1777891453.3973324,2.0,-6.0,-75.0
1777891453.4073324,4.0,-6.0,-76.0
1777891453.4173324,3.0,-1.0,-66.0
1777891453.4273324,7.0,2.0,-69.0
1777891453.4373324,4.0,0.0,-67.0
1777891453.4473324,5.0,0.0,-68.0
1777891453.4573324,4.0,2.0,-79.0
1777891453.4673324,2.0,2.0,-78.0
1777891453.4773324,3.0,0.0,-79.0
1777891453.4873323,-1.0,-2.0,-77.0
1777891453.4973323,-2.0,-6.0,-74.0
1777891453.5073323,-3.0,-3.0,-69.0
1777891453.5173323,-5.0,-3.0,-76.0
1777891453.5273323,-3.0,-1.0,-72.0
1777891453.5373323,1.0,-3.0,-70.0
1777891453.5473323,-1.0,-4.0,-70.0
1777891453.5573325,0.0,1.0,-70.0
1777891453.5673325,1.0,7.0,-74.0
1777891453.5773325,-3.0,4.0,-75.0
1777891453.5873325,-4.0,5.0,-70.0
1777891453.5973325,-1.0,3.0,-71.0
1777891453.6073325,0.0,5.0,-74.0
1777891453.6173325,0.0,2.0,-76.0
1777891453.6273324,3.0,0.0,-78.0
1777891453.6373324,2.0,2.0,-72.0
1777891453.6473324,3.0,2.0,-68.0
1777891453.6573324,6.0,3.0,-66.0
1777891453.6673324,4.0,1.0,-71.0
1777891453.6773324,1.0,4.0,-74.0
1777891453.6873324,2.0,1.0,-75.0
1777891453.6973324,1.0,1.0,-74.0
1777891453.7073324,3.0,2.0,-71.0
1777891453.7173324,4.0,0.0,-67.0
1777891453.7273324,5.0,0.0,-67.0
1777891453.7373323,4.0,-4.0,-66.0
1777891453.7473323,0.0,-3.0,-67.0
1777891453.7583325,-1.0,-3.0,-75.0
1777891453.7673323,-7.0,-5.0,-73.0
1777891453.7783325,-1.0,-5.0,-67.0
1777891453.7883325,1.0,-2.0,-67.0
1777891453.7983325,0.0,0.0,-69.0
1777891453.8083324,5.0,-1.0,-64.0
1777891453.8183324,3.0,0.0,-65.0
1777891453.8283324,5.0,-2.0,-69.0
1777891453.8383324,4.0,-5.0,-72.0
1777891453.8483324,4.0,0.0,-71.0
1777891453.8583324,7.0,-1.0,-69.0
1777891453.8683324,9.0,0.0,-75.0
1777891453.8783324,8.0,-3.0,-74.0
1777891453.8883324,5.0,-1.0,-78.0
1777891453.8983324,4.0,-2.0,-75.0
1777891453.9083323,8.0,-2.0,-71.0
1777891453.9183323,3.0,0.0,-69.0
1777891453.9283323,4.0,1.0,-66.0
1777891453.9383323,3.0,-1.0,-69.0
1777891453.9483323,1.0,-2.0,-72.0
1777891453.9583323,6.0,-7.0,-64.0
1777891453.9683323,8.0,-7.0,-71.0
1777891453.9783323,8.0,-5.0,-70.0
1777891453.9883325,3.0,-1.0,-66.0
1777891453.9983325,3.0,0.0,-65.0
1777891454.0083325,3.0,0.0,-66.0
1777891454.0183325,2.0,-3.0,-73.0
1777891454.0283325,4.0,-3.0,-74.0
1777891454.0383325,-1.0,-4.0,-71.0
1777891454.0483325,-1.0,-2.0,-76.0
1777891454.0583324,-7.0,-2.0,-77.0
1777891454.0683324,-8.0,-1.0,-78.0
1777891454.0783324,-6.0,-3.0,-78.0
1777891454.0883324,-4.0,0.0,-68.0
1777891454.0983324,0.0,0.0,-71.0
1777891454.1083324,0.0,0.0,-75.0
1777891454.1183324,-1.0,-5.0,-72.0
1777891454.1283324,0.0,-3.0,-78.0
1777891454.1383324,0.0,-3.0,-77.0
1777891454.1483324,0.0,-3.0,-76.0
1777891454.1583323,1.0,2.0,-80.0
1777891454.1683323,7.0,0.0,-82.0
1777891454.1783323,4.0,-2.0,-77.0
1777891454.1883323,1.0,-1.0,-77.0
1777891454.1983323,-4.0,-5.0,-78.0
1777891454.2083323,-6.0,-4.0,-70.0
1777891454.2183323,-5.0,-6.0,-73.0
1777891454.2283323,-5.0,-4.0,-66.0
1777891454.2383325,-4.0,-4.0,-71.0
1777891454.2483325,-4.0,-3.0,-70.0
1777891454.2583325,-4.0,-2.0,-64.0
1777891454.2683325,-10.0,1.0,-63.0
1777891454.2783325,-11.0,0.0,-72.0
1777891454.2883325,-11.0,0.0,-73.0
1777891454.2983325,-7.0,0.0,-73.0
1777891454.3083324,-5.0,0.0,-76.0
1777891454.3183324,-1.0,2.0,-74.0
1777891454.3283324,1.0,3.0,-71.0
1777891454.3383324,0.0,0.0,-70.0
1777891454.3483324,-5.0,-3.0,-68.0
1777891454.3583324,-4.0,0.0,-71.0
1777891454.3683324,-3.0,0.0,-70.0
1777891454.3783324,-1.0,-1.0,-71.0
1777891454.3883324,1.0,0.0,-76.0
1777891454.3983324,0.0,5.0,-75.0
1777891454.4083323,-2.0,0.0,-71.0
1777891454.4183323,-2.0,-3.0,-73.0
1777891454.4283323,-3.0,-2.0,-83.0
1777891454.4383323,0.0,-3.0,-82.0
1777891454.4483323,2.0,-4.0,-80.0
1777891454.4583323,2.0,-2.0,-77.0
1777891454.4683323,2.0,0.0,-77.0
1777891454.4783323,0.0,0.0,-76.0
1777891454.4883325,0.0,0.0,-76.0
1777891454.4983325,1.0,3.0,-72.0
1777891454.5083325,4.0,4.0,-70.0
1777891454.5183325,4.0,2.0,-67.0
1777891454.5283325,6.0,-1.0,-68.0
1777891454.5383325,6.0,4.0,-75.0
1777891454.5483325,6.0,1.0,-81.0
1777891454.5583324,7.0,1.0,-83.0
1777891454.5683324,4.0,-5.0,-79.0
1777891454.5783324,3.0,-4.0,-83.0
1777891454.5883324,1.0,-4.0,-86.0
1777891454.5983324,1.0,-1.0,-87.0
1777891454.6083324,4.0,-2.0,-92.0
1777891454.6183324,7.0,2.0,-93.0
1777891454.6283324,4.0,0.0,-91.0
1777891454.6383324,4.0,0.0,-81.0
1777891454.6483324,1.0,-3.0,-77.0
1777891454.6583323,0.0,-6.0,-70.0
1777891454.6683323,0.0,-7.0,-71.0
1777891454.6783323,0.0,-11.0,-71.0
1777891454.6883323,-2.0,-7.0,-75.0
1777891454.6983323,-1.0,-5.0,-74.0
1777891454.7083323,1.0,-5.0,-74.0
1777891454.7183323,5.0,-2.0,-75.0
1777891454.7283323,4.0,-1.0,-72.0
1777891454.7383325,0.0,-2.0,-74.0
1777891454.7483325,0.0,3.0,-77.0
1777891454.7583325,-1.0,4.0,-75.0
1777891454.7683325,2.0,3.0,-68.0
1777891454.7783325,3.0,3.0,-67.0
1777891454.7883325,3.0,2.0,-74.0
1777891454.7983325,5.0,1.0,-74.0
1777891454.8083324,4.0,0.0,-71.0
1777891454.8183324,5.0,-2.0,-71.0
1777891454.8283324,4.0,0.0,-70.0
1777891454.8383324,6.0,-2.0,-71.0
1777891454.8483324,4.0,-2.0,-72.0
1777891454.8583324,4.0,-1.0,-71.0
1777891454.8683324,1.0,-2.0,-73.0
1777891454.8783324,2.0,0.0,-71.0
1777891454.8883324,0.0,2.0,-76.0
1777891454.8983324,4.0,0.0,-79.0
1777891454.9083323,3.0,0.0,-76.0
1777891454.9183323,7.0,0.0,-78.0
1777891454.9283323,7.0,-1.0,-75.0
1777891454.9383323,6.0,-2.0,-74.0
1777891454.9483323,4.0,2.0,-75.0
1777891454.9583323,1.0,0.0,-74.0
1777891454.9683323,0.0,0.0,-82.0
1777891454.9783323,0.0,1.0,-80.0
1777891454.9883325,-2.0,0.0,-77.0
1777891454.9983325,-1.0,5.0,-76.0
1777891455.0083325,4.0,6.0,-77.0
1777891455.0183325,3.0,6.0,-75.0
1777891455.0283325,6.0,6.0,-75.0
1777891455.0383325,4.0,6.0,-77.0
1777891455.0483325,3.0,2.0,-74.0
1777891455.0583324,7.0,-1.0,-73.0
1777891455.0683324,4.0,1.0,-76.0
1777891455.0783324,1.0,2.0,-76.0
1777891455.0883324,3.0,-2.0,-70.0
1777891455.0983324,4.0,-3.0,-62.0
1777891455.1083324,6.0,-4.0,-66.0
1777891455.1183324,5.0,-2.0,-74.0
1777891455.1283324,9.0,-1.0,-70.0
1777891455.1383324,8.0,-4.0,-67.0
1777891455.1483324,5.0,-8.0,-68.0
1777891455.1583323,4.0,-8.0,-71.0
1777891455.1683323,2.0,-7.0,-67.0
1777891455.1783323,-2.0,-3.0,-70.0
1777891455.1883323,-5.0,-3.0,-71.0
1777891455.1983323,-5.0,-3.0,-71.0
1777891455.2083323,-5.0,0.0,-68.0
1777891455.2183323,-8.0,5.0,-67.0
1777891455.2283323,-9.0,3.0,-69.0
1777891455.2383325,-7.0,0.0,-67.0
1777891455.2483325,-4.0,2.0,-67.0
1777891455.2583325,-2.0,0.0,-70.0
1777891455.2683325,1.0,1.0,-76.0
1777891455.2783325,0.0,0.0,-79.0
1777891455.2883325,-2.0,2.0,-80.0
1777891455.2983325,-4.0,3.0,-79.0
1777891455.3083324,-6.0,1.0,-69.0
1777891455.3183324,-4.0,3.0,-64.0
1777891455.3283324,-5.0,2.0,-65.0
1777891455.3383324,-3.0,-1.0,-66.0
1777891455.3483324,-4.0,-4.0,-75.0
1777891455.3583324,-1.0,-2.0,-78.0
1777891455.3683324,-3.0,-3.0,-74.0
1777891455.3783324,-1.0,-4.0,-79.0
1777891455.3883324,0.0,-4.0,-77.0
1777891455.3983324,-1.0,-5.0,-76.0
1777891455.4083323,0.0,-6.0,-72.0
1777891455.4183323,-2.0,-9.0,-76.0
1777891455.4283323,-1.0,-8.0,-74.0
1777891455.4383323,3.0,-10.0,-71.0
1777891455.4483323,5.0,-9.0,-68.0
1777891455.4583323,5.0,-4.0,-68.0
1777891455.4683323,0.0,-4.0,-61.0
1777891455.4783323,-2.0,-3.0,-61.0
1777891455.4883325,-5.0,1.0,-66.0
1777891455.4983325,-2.0,6.0,-71.0
1777891455.5083325,-4.0,9.0,-71.0
1777891455.5183325,-5.0,8.0,-68.0
1777891455.5283325,-2.0,7.0,-66.0
1777891455.5383325,0.0,3.0,-69.0
1777891455.5483325,0.0,4.0,-66.0
1777891455.5583324,4.0,6.0,-66.0
1777891455.5683324,7.0,3.0,-70.0
1777891455.5783324,9.0,3.0,-66.0
1777891455.5883324,8.0,5.0,-68.0
1777891455.5983324,7.0,4.0,-73.0
1777891455.6083324,5.0,2.0,-69.0
1777891455.6183324,1.0,7.0,-72.0
1777891455.6283324,0.0,3.0,-67.0
1777891455.6383324,-1.0,6.0,-66.0
1777891455.6483324,-1.0,0.0,-67.0
1777891455.6583323,-1.0,-3.0,-63.0
1777891455.6683323,0.0,-4.0,-56.0
1777891455.6783323,0.0,0.0,-61.0
1777891455.6883323,-1.0,1.0,-66.0
1777891455.6983323,-3.0,3.0,-66.0
1777891455.7083323,-3.0,2.0,-70.0
1777891455.7183323,0.0,0.0,-61.0
1777891455.7283323,-2.0,0.0,-66.0
1777891455.7383325,-2.0,0.0,-71.0
1777891455.7483325,0.0,-3.0,-72.0
1777891455.7593324,0.0,-6.0,-79.0
1777891455.7693324,2.0,-3.0,-73.0
1777891455.7793324,6.0,0.0,-68.0
1777891455.7893324,7.0,2.0,-66.0
1777891455.7993324,10.0,1.0,-65.0
1777891455.8093324,10.0,-1.0,-63.0
1777891455.8193324,4.0,-2.0,-63.0
1777891455.8293324,-1.0,0.0,-69.0
1777891455.8393323,-3.0,1.0,-65.0
1777891455.8493323,-2.0,0.0,-65.0
1777891455.8593323,-6.0,-2.0,-71.0
1777891455.8693323,-6.0,-3.0,-68.0
1777891455.8793323,-7.0,-6.0,-70.0
1777891455.8893323,-7.0,-5.0,-75.0
1777891455.8993323,-8.0,-6.0,-76.0
1777891455.9093325,-2.0,-4.0,-70.0
1777891455.9193325,0.0,2.0,-61.0
1777891455.9293325,1.0,2.0,-59.0
1777891455.9393325,0.0,-1.0,-60.0
1777891455.9493325,-1.0,3.0,-65.0
1777891455.9593325,-1.0,4.0,-74.0
1777891455.9693325,0.0,7.0,-77.0
1777891455.9793324,4.0,6.0,-73.0
1777891455.9893324,3.0,5.0,-71.0
1777891455.9993324,-1.0,-2.0,-69.0
1777891456.0093324,0.0,0.0,-69.0
1777891456.0193324,1.0,0.0,-71.0
1777891456.0293324,1.0,-4.0,-73.0
1777891456.0393324,3.0,-7.0,-71.0
1777891456.0493324,-1.0,-5.0,-69.0
1777891456.0593324,-3.0,-2.0,-66.0
1777891456.0693324,-3.0,-5.0,-69.0
1777891456.0793324,-4.0,-4.0,-67.0
1777891456.0893323,-2.0,-5.0,-66.0
1777891456.0993323,-5.0,0.0,-65.0
1777891456.1093323,-5.0,1.0,-60.0
1777891456.1193323,-4.0,1.0,-57.0
1777891456.1293323,-1.0,0.0,-56.0
1777891456.1393323,-2.0,3.0,-62.0
1777891456.1493323,-3.0,4.0,-60.0
1777891456.1593325,0.0,1.0,-63.0
1777891456.1693325,2.0,1.0,-68.0
1777891456.1793325,1.0,-1.0,-75.0
1777891456.1893325,2.0,-4.0,-78.0
1777891456.1993325,6.0,-1.0,-79.0
1777891456.2093325,4.0,0.0,-77.0
1777891456.2193325,3.0,1.0,-78.0
1777891456.2293324,2.0,0.0,-75.0
1777891456.2393324,2.0,0.0,-71.0
1777891456.2493324,-3.0,0.0,-71.0
1777891456.2593324,-6.0,-2.0,-69.0
1777891456.2693324,-8.0,-1.0,-70.0
1777891456.2793324,-7.0,-4.0,-75.0
1777891456.2893324,-1.0,-4.0,-73.0
1777891456.2993324,-4.0,0.0,-73.0
1777891456.3093324,-6.0,-1.0,-72.0
1777891456.3193324,-9.0,1.0,-75.0
1777891456.3293324,-6.0,1.0,-75.0
1777891456.3393323,-9.0,0.0,-73.0
1777891456.3493323,-9.0,0.0,-68.0
1777891456.3593323,0.0,0.0,-70.0
1777891456.3693323,0.0,1.0,-75.0
1777891456.3793323,1.0,2.0,-69.0
1777891456.3893323,-4.0,3.0,-76.0
1777891456.3993323,-4.0,1.0,-78.0
1777891456.4093325,-4.0,1.0,-80.0
1777891456.4193325,-7.0,1.0,-76.0
1777891456.4293325,-5.0,0.0,-70.0
1777891456.4393325,-7.0,5.0,-71.0
1777891456.4493325,-9.0,8.0,-71.0
1777891456.4593325,-6.0,10.0,-68.0
1777891456.4693325,-5.0,12.0,-68.0
1777891456.4793324,-5.0,9.0,-69.0
1777891456.4893324,-3.0,7.0,-68.0
1777891456.4993324,-1.0,3.0,-67.0
1777891456.5093324,-1.0,0.0,-73.0
1777891456.5193324,0.0,0.0,-74.0
1777891456.5293324,-4.0,1.0,-72.0
1777891456.5393324,-1.0,0.0,-69.0
1777891456.5493324,1.0,2.0,-68.0
1777891456.5593324,2.0,4.0,-71.0
1777891456.5693324,6.0,2.0,-77.0
1777891456.5793324,8.0,5.0,-79.0
1777891456.5893323,8.0,9.0,-71.0
1777891456.5993323,0.0,6.0,-73.0
1777891456.6093323,-3.0,6.0,-76.0
1777891456.6193323,0.0,2.0,-73.0
1777891456.6293323,-2.0,0.0,-74.0
1777891456.6393323,0.0,-4.0,-76.0
1777891456.6493323,-2.0,-2.0,-72.0
1777891456.6593325,-2.0,-3.0,-65.0
1777891456.6693325,-2.0,-3.0,-61.0
1777891456.6793325,3.0,-5.0,-67.0
1777891456.6893325,4.0,-5.0,-71.0
1777891456.6993325,1.0,-3.0,-76.0
1777891456.7093325,-5.0,-3.0,-74.0
1777891456.7193325,-3.0,-5.0,-73.0
1777891456.7293324,-2.0,-5.0,-70.0
1777891456.7393324,-2.0,-2.0,-66.0
1777891456.7493324,-3.0,2.0,-70.0
1777891456.7593324,-3.0,0.0,-64.0
1777891456.7693324,0.0,2.0,-64.0
1777891456.7793324,0.0,-1.0,-65.0
1777891456.7893324,1.0,-5.0,-67.0
1777891456.7993324,5.0,-4.0,-64.0
1777891456.8093324,7.0,-4.0,-68.0
1777891456.8193324,2.0,-3.0,-64.0
1777891456.8293324,2.0,-4.0,-62.0
1777891456.8393323,1.0,-3.0,-60.0
1777891456.8493323,0.0,-2.0,-62.0
1777891456.8593323,0.0,0.0,-69.0
1777891456.8693323,4.0,-3.0,-75.0
1777891456.8793323,4.0,-6.0,-74.0
1777891456.8893323,2.0,-2.0,-80.0
1777891456.8993323,0.0,0.0,-83.0
1777891456.9093325,1.0,-1.0,-77.0
1777891456.9193325,1.0,-5.0,-76.0
1777891456.9293325,0.0,-4.0,-75.0
1777891456.9393325,5.0,0.0,-74.0
1777891456.9493325,5.0,0.0,-74.0
1777891456.9593325,6.0,0.0,-71.0
1777891456.9693325,8.0,-2.0,-69.0
1777891456.9793324,6.0,0.0,-67.0
1777891456.9893324,6.0,-1.0,-73.0
1777891456.9993324,8.0,-2.0,-72.0
1777891457.0093324,8.0,-1.0,-77.0
1777891457.0193324,11.0,-1.0,-76.0
1777891457.0293324,11.0,2.0,-74.0
1777891457.0393324,8.0,5.0,-76.0
1777891457.0493324,7.0,3.0,-75.0
1777891457.0593324,8.0,0.0,-78.0
1777891457.0693324,5.0,-3.0,-79.0
1777891457.0793324,7.0,-7.0,-82.0
1777891457.0893323,5.0,-4.0,-74.0
1777891457.0993323,-1.0,-6.0,-76.0
1777891457.1093323,5.0,-3.0,-76.0
1777891457.1193323,0.0,-6.0,-75.0
1777891457.1293323,2.0,-5.0,-79.0
1777891457.1393323,0.0,-6.0,-81.0
1777891457.1493323,0.0,-7.0,-78.0
1777891457.1593325,-1.0,-5.0,-81.0
1777891457.1693325,4.0,-3.0,-74.0
1777891457.1793325,0.0,-5.0,-71.0
1777891457.1893325,1.0,-3.0,-70.0
1777891457.1993325,1.0,0.0,-69.0
1777891457.2093325,0.0,1.0,-73.0
1777891457.2193325,3.0,0.0,-79.0
1777891457.2293324,5.0,1.0,-80.0
1777891457.2393324,7.0,4.0,-77.0
1777891457.2493324,7.0,1.0,-71.0
1777891457.2593324,4.0,1.0,-71.0
1777891457.2693324,7.0,1.0,-72.0
1777891457.2793324,4.0,1.0,-76.0
1777891457.2893324,4.0,0.0,-74.0
1777891457.2993324,6.0,1.0,-74.0
1777891457.3093324,7.0,0.0,-73.0
1777891457.3193324,4.0,0.0,-68.0
1777891457.3293324,0.0,3.0,-71.0
1777891457.3393323,4.0,0.0,-79.0
1777891457.3493323,1.0,0.0,-84.0
1777891457.3593323,1.0,3.0,-83.0
1777891457.3693323,2.0,1.0,-80.0
1777891457.3793323,3.0,5.0,-88.0
1777891457.3893323,2.0,5.0,-87.0
1777891457.3993323,3.0,3.0,-85.0
1777891457.4093325,3.0,3.0,-79.0
1777891457.4193325,0.0,0.0,-75.0
1777891457.4293325,0.0,2.0,-77.0
1777891457.4393325,0.0,3.0,-72.0
1777891457.4493325,1.0,2.0,-72.0
1777891457.4593325,0.0,4.0,-73.0
1777891457.4693325,2.0,2.0,-72.0
1777891457.4793324,3.0,0.0,-64.0
1777891457.4893324,0.0,-1.0,-62.0
1777891457.4993324,-5.0,-4.0,-68.0
1777891457.5093324,-2.0,-2.0,-73.0
1777891457.5193324,-3.0,-2.0,-71.0
1777891457.5293324,-3.0,0.0,-75.0
1777891457.5393324,0.0,0.0,-76.0
1777891457.5493324,0.0,0.0,-69.0
1777891457.5593324,1.0,2.0,-73.0
1777891457.5693324,5.0,0.0,-72.0
1777891457.5793324,6.0,1.0,-78.0
1777891457.5893323,2.0,-3.0,-79.0
1777891457.5993323,0.0,-7.0,-74.0
1777891457.6093323,1.0,-8.0,-69.0
1777891457.6193323,0.0,-8.0,-64.0
1777891457.6293323,0.0,-6.0,-69.0
1777891457.6393323,4.0,-7.0,-62.0
1777891457.6493323,6.0,-4.0,-58.0
1777891457.6593325,7.0,0.0,-58.0
1777891457.6693325,9.0,-2.0,-66.0
1777891457.6793325,9.0,-6.0,-67.0
1777891457.6893325,10.0,-6.0,-71.0
1777891457.6993325,8.0,-4.0,-70.0
1777891457.7093325,6.0,-4.0,-74.0
1777891457.7193325,8.0,-8.0,-69.0
1777891457.7293324,8.0,-7.0,-68.0
1777891457.7403324,6.0,-5.0,-68.0
1777891457.7503324,5.0,-5.0,-65.0
1777891457.7603323,1.0,-4.0,-64.0
1777891457.7703323,0.0,-5.0,-65.0
1777891457.7803323,2.0,-6.0,-75.0
1777891457.7903323,1.0,-6.0,-79.0
1777891457.8003323,2.0,-4.0,-75.0
1777891457.8103323,7.0,-2.0,-73.0
1777891457.8203323,3.0,-1.0,-71.0
1777891457.8303325,3.0,0.0,-68.0
1777891457.8403325,5.0,2.0,-74.0
1777891457.8503325,-2.0,3.0,-72.0
1777891457.8603325,-4.0,-1.0,-76.0
1777891457.8703325,-6.0,0.0,-70.0
1777891457.8803325,-9.0,0.0,-69.0
1777891457.8903325,-1.0,0.0,-67.0
1777891457.9003325,0.0,0.0,-66.0
1777891457.9103324,-1.0,2.0,-60.0
1777891457.9203324,1.0,4.0,-62.0
1777891457.9303324,2.0,0.0,-64.0
1777891457.9403324,-2.0,0.0,-63.0
1777891457.9503324,-6.0,0.0,-64.0
1777891457.9603324,-8.0,-2.0,-67.0
1777891457.9703324,-8.0,0.0,-70.0
1777891457.9803324,-8.0,1.0,-69.0
1777891457.9903324,-8.0,-2.0,-64.0
1777891458.0003324,-6.0,-2.0,-67.0
1777891458.0103323,-9.0,-2.0,-73.0
1777891458.0203323,-7.0,0.0,-74.0
1777891458.0303323,-6.0,0.0,-73.0
1777891458.0403323,-6.0,0.0,-72.0
1777891458.0503323,-7.0,-3.0,-75.0
1777891458.0603323,-9.0,-1.0,-82.0
1777891458.0703323,-11.0,0.0,-75.0
1777891458.0803325,-9.0,1.0,-75.0
1777891458.0903325,-7.0,-4.0,-76.0
1777891458.1003325,-5.0,-3.0,-80.0
1777891458.1103325,-3.0,-2.0,-81.0
1777891458.1203325,-2.0,-5.0,-78.0
1777891458.1303325,-3.0,-1.0,-73.0
1777891458.1403325,-2.0,2.0,-75.0
1777891458.1503325,-7.0,4.0,-72.0
1777891458.1603324,-9.0,3.0,-74.0
1777891458.1703324,-15.0,-1.0,-78.0
1777891458.1803324,-17.0,-4.0,-82.0
1777891458.1903324,-10.0,-4.0,-79.0
1777891458.2003324,-6.0,-5.0,-84.0
1777891458.2103324,-4.0,-3.0,-86.0
1777891458.2203324,-4.0,-3.0,-77.0
1777891458.2303324,-1.0,0.0,-82.0
1777891458.2403324,-3.0,3.0,-81.0
1777891458.2503324,-1.0,0.0,-82.0
1777891458.2603323,-1.0,-1.0,-78.0
1777891458.2703323,-2.0,-3.0,-78.0
1777891458.2803323,-2.0,-1.0,-77.0
1777891458.2903323,-2.0,-1.0,-77.0
1777891458.3003323,-1.0,-1.0,-77.0
1777891458.3103323,-2.0,-5.0,-74.0
1777891458.3203323,0.0,-8.0,-71.0
1777891458.3303325,-1.0,-3.0,-77.0
1777891458.3403325,1.0,-1.0,-76.0
1777891458.3503325,-2.0,2.0,-73.0
1777891458.3603325,-1.0,0.0,-71.0
1777891458.3703325,0.0,2.0,-67.0
1777891458.3803325,-1.0,6.0,-65.0
1777891458.3903325,3.0,4.0,-72.0
1777891458.4003325,2.0,5.0,-72.0
1777891458.4103324,0.0,7.0,-74.0
1777891458.4203324,-5.0,6.0,-73.0
1777891458.4303324,-4.0,3.0,-69.0
1777891458.4403324,-7.0,5.0,-68.0
1777891458.4503324,-5.0,4.0,-67.0
1777891458.4603324,-5.0,3.0,-76.0
1777891458.4703324,0.0,-1.0,-82.0
1777891458.4803324,-1.0,-2.0,-86.0
1777891458.4903324,0.0,-7.0,-83.0
1777891458.5003324,2.0,-6.0,-82.0
1777891458.5103323,0.0,-2.0,-79.0
1777891458.5203323,1.0,-3.0,-78.0
1777891458.5303323,4.0,-5.0,-77.0
1777891458.5403323,2.0,-4.0,-79.0
1777891458.5503323,-1.0,-2.0,-81.0
1777891458.5603323,4.0,0.0,-80.0
1777891458.5703323,3.0,0.0,-77.0
1777891458.5803325,3.0,4.0,-77.0
1777891458.5903325,2.0,0.0,-71.0
1777891458.6003325,6.0,-3.0,-68.0
1777891458.6103325,5.0,-6.0,-71.0
1777891458.6203325,3.0,-8.0,-76.0
1777891458.6303325,1.0,-7.0,-71.0
1777891458.6403325,0.0,-3.0,-73.0
1777891458.6503325,-6.0,-2.0,-76.0
1777891458.6603324,-3.0,0.0,-71.0
1777891458.6703324,-1.0,-1.0,-70.0
1777891458.6803324,1.0,0.0,-67.0
1777891458.6903324,-3.0,-1.0,-70.0
1777891458.7003324,0.0,-4.0,-72.0
1777891458.7103324,1.0,-5.0,-77.0
1777891458.7203324,1.0,-5.0,-80.0
1777891458.7303324,0.0,-4.0,-73.0
1777891458.7403324,0.0,-1.0,-71.0
1777891458.7503324,0.0,1.0,-69.0
1777891458.7603323,0.0,-1.0,-69.0
1777891458.7703323,0.0,1.0,-68.0
1777891458.7803323,-2.0,2.0,-65.0
1777891458.7903323,-1.0,4.0,-63.0
1777891458.8003323,-1.0,4.0,-56.0
1777891458.8103323,-2.0,1.0,-57.0
1777891458.8203323,-2.0,7.0,-57.0
1777891458.8303325,2.0,8.0,-62.0
1777891458.8403325,3.0,3.0,-66.0
1777891458.8503325,6.0,-1.0,-64.0
1777891458.8603325,3.0,-7.0,-60.0
1777891458.8703325,5.0,-2.0,-57.0
1777891458.8803325,2.0,-4.0,-64.0
1777891458.8903325,1.0,-5.0,-65.0
1777891458.9003325,0.0,-5.0,-72.0
1777891458.9103324,2.0,-6.0,-70.0
1777891458.9203324,-4.0,-4.0,-76.0
1777891458.9303324,-5.0,-3.0,-74.0
1777891458.9413323,-7.0,-2.0,-74.0
1777891458.9503324,-6.0,-2.0,-81.0
1777891458.9603324,-1.0,-2.0,-82.0
1777891458.9703324,0.0,0.0,-79.0
1777891458.9803324,-1.0,-1.0,-80.0
1777891458.9903324,-1.0,-3.0,-80.0
1777891459.0003324,-4.0,-6.0,-79.0
1777891459.0103323,0.0,-3.0,-83.0
1777891459.0203323,3.0,-3.0,-82.0
1777891459.0303323,0.0,-6.0,-85.0
1777891459.0403323,1.0,-3.0,-86.0
1777891459.0503323,0.0,-4.0,-83.0
1777891459.0603323,0.0,-4.0,-80.0
1777891459.0703323,0.0,-3.0,-74.0
1777891459.0803325,1.0,-7.0,-79.0
1777891459.0903325,0.0,-6.0,-79.0
1777891459.1003325,-2.0,-5.0,-71.0
1777891459.1103325,-2.0,-3.0,-71.0
1777891459.1203325,-1.0,-1.0,-72.0
1777891459.1303325,-2.0,-4.0,-73.0
1777891459.1403325,-5.0,-2.0,-72.0
1777891459.1503325,-4.0,-3.0,-75.0
1777891459.1603324,-3.0,-3.0,-75.0
1777891459.1703324,0.0,-3.0,-77.0
1777891459.1803324,-1.0,1.0,-76.0
1777891459.1903324,-2.0,5.0,-78.0
1777891459.2003324,-3.0,3.0,-75.0
1777891459.2103324,-11.0,4.0,-72.0
1777891459.2203324,-6.0,4.0,-68.0
1777891459.2303324,-1.0,2.0,-65.0
1777891459.2403324,-2.0,3.0,-66.0
1777891459.2503324,2.0,2.0,-72.0
1777891459.2603323,1.0,4.0,-75.0
1777891459.2703323,0.0,3.0,-71.0
1777891459.2803323,-2.0,3.0,-70.0
1777891459.2903323,1.0,2.0,-78.0
1777891459.3003323,-1.0,2.0,-71.0
1777891459.3103323,1.0,2.0,-68.0
1777891459.3203323,1.0,-2.0,-73.0
1777891459.3303325,4.0,0.0,-77.0
1777891459.3403325,6.0,-1.0,-80.0
1777891459.3503325,7.0,-4.0,-82.0
1777891459.3603325,7.0,-6.0,-79.0
1777891459.3703325,6.0,-4.0,-78.0
1777891459.3803325,4.0,0.0,-73.0
1777891459.3903325,4.0,0.0,-70.0
1777891459.4003325,3.0,4.0,-70.0
1777891459.4103324,6.0,0.0,-68.0
1777891459.4203324,8.0,0.0,-73.0
1777891459.4303324,7.0,-3.0,-70.0
1777891459.4403324,10.0,-5.0,-70.0
1777891459.4503324,6.0,-4.0,-74.0
1777891459.4603324,0.0,0.0,-72.0
1777891459.4703324,0.0,2.0,-72.0
1777891459.4803324,0.0,-1.0,-71.0
1777891459.4903324,4.0,-4.0,-65.0
1777891459.5003324,0.0,-6.0,-64.0
1777891459.5103323,0.0,-7.0,-69.0
1777891459.5203323,0.0,-5.0,-65.0
1777891459.5303323,1.0,-2.0,-69.0
1777891459.5403323,-2.0,-4.0,-76.0
1777891459.5503323,0.0,-2.0,-78.0
1777891459.5603323,0.0,-1.0,-80.0
1777891459.5703323,2.0,-2.0,-81.0
1777891459.5803325,1.0,-1.0,-74.0
1777891459.5903325,1.0,2.0,-74.0
1777891459.6003325,1.0,7.0,-74.0
1777891459.6103325,0.0,9.0,-73.0
1777891459.6203325,4.0,6.0,-70.0
1777891459.6303325,-2.0,4.0,-71.0
1777891459.6403325,-4.0,3.0,-75.0
1777891459.6503325,-1.0,0.0,-72.0
1777891459.6603324,7.0,0.0,-74.0
1777891459.6703324,8.0,1.0,-70.0
1777891459.6803324,3.0,0.0,-72.0
1777891459.6903324,1.0,-1.0,-75.0
1777891459.7003324,1.0,2.0,-71.0
1777891459.7103324,2.0,1.0,-69.0
1777891459.7213323,4.0,1.0,-68.0
1777891459.7313323,2.0,6.0,-66.0
1777891459.7413323,2.0,2.0,-67.0
1777891459.7513323,8.0,4.0,-69.0
1777891459.7613325,10.0,3.0,-74.0
1777891459.7713325,3.0,3.0,-74.0
1777891459.7813325,-2.0,6.0,-75.0
1777891459.7913325,-5.0,5.0,-75.0
1777891459.8013325,-3.0,3.0,-80.0
1777891459.8113325,-1.0,5.0,-82.0
1777891459.8213325,-4.0,8.0,-79.0
1777891459.8313324,-5.0,8.0,-76.0
1777891459.8413324,-5.0,11.0,-76.0
1777891459.8513324,-6.0,3.0,-64.0
1777891459.8613324,-7.0,0.0,-62.0
1777891459.8713324,-6.0,-3.0,-64.0
1777891459.8813324,-5.0,-3.0,-67.0
1777891459.8913324,-3.0,-1.0,-63.0
1777891459.9013324,-4.0,-2.0,-66.0
1777891459.9113324,-1.0,-4.0,-65.0
1777891459.9213324,-5.0,-4.0,-63.0
1777891459.9313323,-2.0,-4.0,-64.0
1777891459.9413323,-7.0,-1.0,-69.0
1777891459.9513323,-5.0,-3.0,-70.0
1777891459.9613323,-8.0,-1.0,-75.0
1777891459.9713323,-6.0,-3.0,-67.0
1777891459.9813323,-3.0,-3.0,-69.0
1777891459.9913323,1.0,-4.0,-66.0
1777891460.0013323,3.0,-6.0,-62.0
1777891460.0113325,3.0,-8.0,-61.0
1777891460.0213325,5.0,-5.0,-63.0
1777891460.0313325,5.0,-5.0,-65.0
1777891460.0413325,3.0,0.0,-64.0
1777891460.0513325,1.0,0.0,-72.0
1777891460.0613325,3.0,0.0,-74.0
1777891460.0713325,1.0,-1.0,-75.0
1777891460.0813324,-3.0,0.0,-73.0
1777891460.0913324,-1.0,1.0,-71.0
1777891460.1013324,6.0,-2.0,-77.0
1777891460.1113324,6.0,0.0,-77.0
1777891460.1213324,11.0,0.0,-80.0
1777891460.1313324,6.0,-1.0,-76.0
1777891460.1413324,0.0,-1.0,-78.0
1777891460.1513324,-1.0,0.0,-76.0
1777891460.1613324,1.0,-1.0,-72.0
1777891460.1713324,2.0,0.0,-72.0
1777891460.1813323,-1.0,1.0,-74.0
1777891460.1913323,0.0,2.0,-74.0
1777891460.2013323,-3.0,2.0,-77.0
1777891460.2113323,-4.0,1.0,-73.0
1777891460.2213323,-1.0,0.0,-76.0
1777891460.2313323,-1.0,4.0,-77.0
1777891460.2413323,0.0,7.0,-79.0
1777891460.2513323,3.0,6.0,-80.0
1777891460.2613325,-2.0,1.0,-78.0
1777891460.2713325,-5.0,-2.0,-79.0
1777891460.2813325,-1.0,-6.0,-80.0
1777891460.2913325,-3.0,-5.0,-80.0
1777891460.3013325,0.0,-4.0,-76.0
1777891460.3113325,-5.0,-5.0,-73.0
1777891460.3213325,0.0,1.0,-77.0
1777891460.3313324,1.0,0.0,-74.0
1777891460.3413324,0.0,0.0,-74.0
1777891460.3513324,2.0,-1.0,-72.0
1777891460.3613324,4.0,-1.0,-68.0
1777891460.3713324,6.0,-1.0,-68.0
1777891460.3813324,3.0,0.0,-74.0
1777891460.3913324,-1.0,1.0,-73.0
1777891460.4013324,-1.0,0.0,-69.0
1777891460.4113324,2.0,0.0,-71.0
1777891460.4213324,-3.0,-5.0,-75.0
1777891460.4313323,2.0,-4.0,-82.0
1777891460.4413323,1.0,-2.0,-86.0
1777891460.4513323,3.0,0.0,-87.0
1777891460.4613323,4.0,4.0,-90.0
1777891460.4713323,2.0,4.0,-90.0
1777891460.4813323,0.0,0.0,-95.0
1777891460.4913323,1.0,-1.0,-93.0
1777891460.5013323,5.0,-4.0,-83.0
1777891460.5113325,0.0,-3.0,-80.0
1777891460.5213325,-1.0,-5.0,-80.0
1777891460.5313325,1.0,-6.0,-74.0
1777891460.5413325,2.0,-5.0,-72.0
1777891460.5513325,0.0,-3.0,-78.0
1777891460.5613325,0.0,-5.0,-78.0
1777891460.5713325,0.0,-7.0,-71.0
1777891460.5813324,2.0,-4.0,-72.0
1777891460.5913324,-4.0,-2.0,-74.0
1777891460.6013324,-4.0,-3.0,-74.0
1777891460.6113324,-1.0,-3.0,-73.0
1777891460.6213324,0.0,1.0,-80.0
1777891460.6313324,0.0,0.0,-72.0
1777891460.6413324,0.0,1.0,-71.0
1777891460.6513324,-2.0,-2.0,-79.0
1777891460.6613324,0.0,-2.0,-86.0
1777891460.6713324,0.0,-2.0,-83.0
1777891460.6813323,0.0,-3.0,-82.0
1777891460.6913323,3.0,-2.0,-82.0
1777891460.7013323,2.0,-5.0,-75.0
1777891460.7113323,0.0,-5.0,-73.0
1777891460.7213323,-2.0,-7.0,-72.0
1777891460.7313323,-2.0,-5.0,-72.0
1777891460.7413323,0.0,-3.0,-66.0
1777891460.7513323,2.0,-3.0,-70.0
1777891460.7613325,1.0,-3.0,-76.0
1777891460.7713325,4.0,0.0,-81.0
1777891460.7813325,2.0,0.0,-73.0
1777891460.7913325,4.0,0.0,-77.0
1777891460.8013325,5.0,-2.0,-79.0
1777891460.8113325,7.0,-2.0,-77.0
1777891460.8213325,9.0,-4.0,-75.0
1777891460.8313324,3.0,-3.0,-75.0
1777891460.8413324,2.0,-1.0,-75.0
1777891460.8513324,2.0,-2.0,-78.0
1777891460.8613324,4.0,-6.0,-82.0
1777891460.8713324,0.0,-7.0,-82.0
1777891460.8813324,5.0,-4.0,-81.0
1777891460.8913324,2.0,-4.0,-78.0
1777891460.9013324,0.0,-5.0,-78.0
1777891460.9113324,-2.0,-4.0,-82.0
1777891460.9213324,-1.0,-3.0,-84.0
1777891460.9313323,0.0,-6.0,-74.0
1777891460.9413323,-3.0,-1.0,-73.0
1777891460.9513323,-1.0,-3.0,-72.0
1777891460.9613323,1.0,-1.0,-65.0
1777891460.9713323,3.0,-3.0,-64.0
1777891460.9813323,0.0,-4.0,-70.0
1777891460.9913323,-3.0,0.0,-69.0
1777891461.0013323,-4.0,2.0,-68.0
1777891461.0113325,-3.0,1.0,-70.0
1777891461.0213325,0.0,0.0,-71.0
1777891461.0313325,1.0,2.0,-68.0
1777891461.0413325,2.0,1.0,-61.0
1777891461.0513325,2.0,0.0,-64.0
1777891461.0613325,1.0,-1.0,-73.0
1777891461.0713325,-3.0,1.0,-72.0
1777891461.0813324,-3.0,-2.0,-72.0
1777891461.0913324,-1.0,-5.0,-74.0
1777891461.1013324,-1.0,-3.0,-68.0
1777891461.1113324,-1.0,-6.0,-71.0
1777891461.1213324,-2.0,1.0,-73.0
1777891461.1313324,-2.0,0.0,-73.0
1777891461.1413324,0.0,0.0,-78.0
1777891461.1513324,0.0,2.0,-76.0
1777891461.1613324,-1.0,3.0,-75.0
1777891461.1713324,0.0,4.0,-79.0
1777891461.1813323,-1.0,2.0,-73.0
1777891461.1913323,0.0,0.0,-66.0
1777891461.2013323,0.0,-2.0,-68.0
1777891461.2113323,0.0,-1.0,-75.0
1777891461.2213323,-5.0,2.0,-70.0
1777891461.2313323,0.0,1.0,-72.0
1777891461.2413323,-2.0,2.0,-69.0
1777891461.2513323,1.0,1.0,-74.0
1777891461.2613325,-1.0,2.0,-74.0
1777891461.2713325,-1.0,1.0,-72.0
1777891461.2813325,1.0,0.0,-69.0
1777891461.2913325,1.0,-1.0,-74.0
1777891461.3013325,0.0,0.0,-76.0
1777891461.3113325,-3.0,-1.0,-71.0
1777891461.3213325,-4.0,-4.0,-68.0
1777891461.3313324,-4.0,-1.0,-64.0
1777891461.3413324,-2.0,-4.0,-68.0
1777891461.3513324,-4.0,-5.0,-66.0
1777891461.3613324,-4.0,-2.0,-65.0
1777891461.3713324,1.0,-1.0,-71.0
1777891461.3813324,0.0,-1.0,-80.0
1777891461.3913324,2.0,1.0,-79.0
1777891461.4013324,6.0,0.0,-77.0
1777891461.4113324,8.0,-4.0,-78.0
1777891461.4213324,9.0,-6.0,-75.0
1777891461.4313323,11.0,-4.0,-76.0
1777891461.4413323,11.0,0.0,-80.0
1777891461.4513323,5.0,-2.0,-75.0
1777891461.4613323,7.0,-7.0,-68.0
1777891461.4713323,3.0,-5.0,-63.0
1777891461.4813323,5.0,-3.0,-65.0
1777891461.4913323,5.0,-2.0,-67.0
1777891461.5013323,6.0,-1.0,-69.0
1777891461.5113325,2.0,6.0,-68.0
1777891461.5213325,2.0,6.0,-66.0
1777891461.5313325,2.0,5.0,-61.0
1777891461.5413325,3.0,2.0,-65.0
1777891461.5513325,4.0,1.0,-65.0
1777891461.5613325,0.0,2.0,-65.0
1777891461.5713325,-1.0,4.0,-69.0
1777891461.5813324,0.0,5.0,-72.0
1777891461.5913324,-3.0,1.0,-70.0
1777891461.6013324,-1.0,0.0,-71.0
1777891461.6113324,-7.0,4.0,-77.0
1777891461.6213324,0.0,4.0,-77.0
1777891461.6313324,6.0,1.0,-76.0
1777891461.6413324,8.0,0.0,-75.0
1777891461.6513324,12.0,-2.0,-75.0
1777891461.6613324,9.0,0.0,-80.0
1777891461.6713324,0.0,0.0,-81.0
1777891461.6813323,0.0,-2.0,-78.0
1777891461.6913323,-1.0,-6.0,-80.0
1777891461.7013323,1.0,-5.0,-74.0
1777891461.7113323,0.0,-3.0,-69.0
1777891461.7223325,1.0,-2.0,-69.0
1777891461.7323325,4.0,0.0,-75.0
1777891461.7413323,4.0,-1.0,-65.0
1777891461.7513323,1.0,-2.0,-62.0
1777891461.7623324,-4.0,-1.0,-66.0
1777891461.7723324,-5.0,0.0,-69.0
1777891461.7823324,-1.0,7.0,-68.0
1777891461.7923324,-1.0,8.0,-64.0
1777891461.8023324,0.0,6.0,-68.0
1777891461.8123324,1.0,4.0,-65.0
1777891461.8223324,-1.0,5.0,-69.0
1777891461.8323324,-2.0,6.0,-76.0
1777891461.8423324,-3.0,0.0,-77.0
1777891461.8523324,-5.0,-2.0,-76.0
1777891461.8623323,-4.0,0.0,-77.0
1777891461.8723323,-3.0,-2.0,-75.0
1777891461.8823323,-4.0,-8.0,-85.0
1777891461.8923323,0.0,-5.0,-84.0
1777891461.9023323,-2.0,-7.0,-78.0
1777891461.9123323,-2.0,-5.0,-75.0
1777891461.9223323,2.0,-5.0,-77.0
1777891461.9323325,0.0,-1.0,-74.0
1777891461.9423325,1.0,1.0,-75.0
1777891461.9523325,3.0,0.0,-75.0
1777891461.9623325,3.0,-1.0,-75.0
1777891461.9723325,0.0,-3.0,-79.0
1777891461.9823325,-3.0,0.0,-81.0
1777891461.9923325,-3.0,1.0,-77.0
1777891462.0023324,0.0,0.0,-78.0
1777891462.0123324,0.0,0.0,-78.0
1777891462.0223324,-1.0,0.0,-77.0
1777891462.0323324,-4.0,-2.0,-77.0
1777891462.0423324,1.0,0.0,-78.0
1777891462.0523324,-3.0,1.0,-73.0
1777891462.0623324,-2.0,4.0,-63.0
1777891462.0723324,-5.0,0.0,-67.0
1777891462.0823324,-3.0,0.0,-68.0
1777891462.0923324,-6.0,0.0,-67.0
1777891462.1023324,-2.0,0.0,-66.0
1777891462.1123323,-6.0,0.0,-65.0
1777891462.1223323,-7.0,-1.0,-60.0
1777891462.1323323,-6.0,0.0,-59.0
1777891462.1423323,-1.0,0.0,-64.0
1777891462.1523323,0.0,-2.0,-61.0
1777891462.1623323,-1.0,0.0,-66.0
1777891462.1723323,0.0,-1.0,-71.0
1777891462.1823325,-2.0,-5.0,-70.0
1777891462.1923325,-3.0,-1.0,-71.0
1777891462.2023325,-1.0,1.0,-85.0
1777891462.2123325,-1.0,2.0,-86.0
1777891462.2223325,0.0,0.0,-79.0
1777891462.2323325,1.0,1.0,-82.0
1777891462.2423325,-3.0,0.0,-84.0
1777891462.2523324,-3.0,0.0,-80.0
1777891462.2623324,-5.0,0.0,-80.0
1777891462.2723324,-7.0,-1.0,-83.0
1777891462.2823324,-6.0,3.0,-83.0
1777891462.2923324,-7.0,3.0,-82.0
1777891462.3023324,-4.0,4.0,-78.0
1777891462.3123324,-4.0,6.0,-73.0
1777891462.3223324,-4.0,6.0,-75.0
1777891462.3323324,-2.0,4.0,-79.0
1777891462.3423324,-2.0,1.0,-79.0
1777891462.3523324,2.0,-1.0,-77.0
1777891462.3623323,3.0,0.0,-73.0
1777891462.3723323,5.0,2.0,-77.0
1777891462.3823323,5.0,0.0,-79.0
1777891462.3923323,5.0,1.0,-76.0
1777891462.4023323,9.0,0.0,-72.0
1777891462.4123323,9.0,-4.0,-77.0
1777891462.4223323,6.0,-8.0,-74.0
1777891462.4323325,2.0,-9.0,-80.0
1777891462.4423325,-2.0,-7.0,-78.0
1777891462.4523325,3.0,-7.0,-73.0
1777891462.4623325,4.0,-9.0,-73.0
1777891462.4723325,2.0,-12.0,-70.0
1777891462.4823325,-2.0,-9.0,-70.0
1777891462.4923325,0.0,-8.0,-71.0
1777891462.5023324,1.0,-5.0,-72.0
1777891462.5123324,0.0,-4.0,-73.0
1777891462.5223324,-1.0,1.0,-75.0
1777891462.5323324,-5.0,2.0,-78.0
1777891462.5423324,-3.0,2.0,-78.0
1777891462.5523324,0.0,-1.0,-81.0
1777891462.5623324,4.0,-2.0,-87.0
1777891462.5723324,1.0,-1.0,-83.0
1777891462.5823324,4.0,0.0,-79.0
1777891462.5923324,5.0,0.0,-80.0
1777891462.6023324,5.0,-4.0,-80.0
1777891462.6123323,6.0,-6.0,-84.0
1777891462.6223323,0.0,-6.0,-74.0
1777891462.6323323,-4.0,-8.0,-71.0
1777891462.6423323,-2.0,-9.0,-67.0
1777891462.6523323,-1.0,-9.0,-70.0
1777891462.6623323,-1.0,-7.0,-77.0
1777891462.6723323,2.0,-4.0,-72.0
1777891462.6823325,1.0,-4.0,-70.0
1777891462.6923325,-1.0,-4.0,-66.0
1777891462.7023325,-4.0,-2.0,-73.0
1777891462.7123325,-2.0,0.0,-74.0
1777891462.7223325,-2.0,-3.0,-74.0
1777891462.7323325,2.0,-2.0,-73.0
1777891462.7423325,9.0,-6.0,-74.0
1777891462.7523324,8.0,-7.0,-81.0
1777891462.7623324,10.0,-8.0,-82.0
1777891462.7723324,9.0,-9.0,-72.0
1777891462.7823324,7.0,-9.0,-75.0
1777891462.7923324,4.0,-6.0,-74.0
1777891462.8023324,4.0,-4.0,-71.0
1777891462.8123324,7.0,-4.0,-74.0
1777891462.8223324,3.0,-1.0,-73.0
1777891462.8323324,3.0,2.0,-66.0
1777891462.8423324,0.0,1.0,-60.0
1777891462.8523324,-1.0,2.0,-67.0
1777891462.8623323,0.0,-1.0,-70.0
1777891462.8723323,1.0,-4.0,-69.0
1777891462.8823323,0.0,-1.0,-68.0
1777891462.8923323,-2.0,-5.0,-67.0
1777891462.9023323,-5.0,-9.0,-71.0
1777891462.9123323,-2.0,-8.0,-74.0
1777891462.9223323,3.0,-6.0,-76.0
1777891462.9323325,1.0,-7.0,-78.0
1777891462.9423325,2.0,-6.0,-76.0
1777891462.9523325,-2.0,-8.0,-71.0
1777891462.9623325,-1.0,-8.0,-73.0
1777891462.9723325,1.0,-3.0,-72.0
1777891462.9823325,5.0,-3.0,-70.0
1777891462.9923325,1.0,-6.0,-68.0
1777891463.0023324,-3.0,-7.0,-69.0
1777891463.0123324,1.0,-4.0,-69.0
1777891463.0223324,-2.0,-4.0,-71.0
1777891463.0323324,-5.0,1.0,-71.0
1777891463.0423324,-1.0,1.0,-72.0
1777891463.0523324,2.0,0.0,-71.0
1777891463.0623324,0.0,0.0,-71.0
1777891463.0723324,0.0,-1.0,-78.0
1777891463.0823324,-1.0,0.0,-77.0
1777891463.0923324,-3.0,0.0,-72.0
1777891463.1023324,-7.0,0.0,-71.0
1777891463.1123323,-2.0,0.0,-77.0
1777891463.1223323,1.0,0.0,-79.0
1777891463.1323323,1.0,-2.0,-76.0
1777891463.1423323,2.0,-1.0,-76.0
1777891463.1523323,-1.0,2.0,-74.0
1777891463.1623323,-2.0,7.0,-79.0
1777891463.1723323,-3.0,7.0,-85.0
1777891463.1823325,-1.0,4.0,-85.0
1777891463.1923325,-2.0,1.0,-79.0
1777891463.2023325,-2.0,0.0,-79.0
1777891463.2123325,2.0,1.0,-73.0
1777891463.2223325,3.0,0.0,-65.0
1777891463.2323325,6.0,2.0,-61.0
1777891463.2423325,3.0,-1.0,-61.0
1777891463.2523324,-3.0,-3.0,-62.0
1777891463.2623324,-3.0,-6.0,-64.0
1777891463.2723324,-5.0,-7.0,-68.0
1777891463.2823324,-8.0,-6.0,-73.0
1777891463.2923324,-6.0,-6.0,-76.0
1777891463.3023324,0.0,-5.0,-80.0
1777891463.3123324,0.0,-4.0,-81.0
1777891463.3223324,0.0,-4.0,-83.0
1777891463.3323324,0.0,0.0,-86.0
1777891463.3423324,0.0,0.0,-82.0
1777891463.3523324,0.0,-3.0,-83.0
1777891463.3623323,-2.0,0.0,-78.0
1777891463.3723323,-2.0,-1.0,-80.0
1777891463.3823323,0.0,-4.0,-80.0
1777891463.3923323,4.0,-5.0,-72.0
1777891463.4023323,2.0,0.0,-70.0
1777891463.4123323,1.0,1.0,-70.0
1777891463.4223323,0.0,0.0,-74.0
1777891463.4323325,-3.0,1.0,-75.0
1777891463.4423325,-5.0,-1.0,-76.0
1777891463.4523325,0.0,2.0,-68.0
1777891463.4623325,-2.0,1.0,-70.0
1777891463.4723325,0.0,-3.0,-67.0
1777891463.4823325,2.0,-6.0,-73.0
1777891463.4923325,1.0,0.0,-74.0
1777891463.5023324,-4.0,3.0,-75.0
1777891463.5123324,-3.0,1.0,-71.0
1777891463.5223324,-2.0,4.0,-73.0
1777891463.5323324,-3.0,4.0,-74.0
1777891463.5423324,1.0,-1.0,-70.0
1777891463.5523324,3.0,-6.0,-69.0
1777891463.5623324,2.0,-8.0,-65.0
1777891463.5723324,3.0,-6.0,-74.0
1777891463.5823324,4.0,0.0,-77.0
1777891463.5923324,4.0,-2.0,-73.0
1777891463.6023324,3.0,-2.0,-72.0
1777891463.6123323,3.0,-1.0,-65.0
1777891463.6223323,3.0,0.0,-69.0
1777891463.6323323,2.0,0.0,-70.0
1777891463.6423323,-1.0,1.0,-77.0
1777891463.6523323,0.0,-3.0,-79.0
1777891463.6623323,0.0,-2.0,-74.0
1777891463.6723323,-2.0,2.0,-71.0
1777891463.6823325,-3.0,1.0,-67.0
1777891463.6923325,-2.0,1.0,-70.0
1777891463.7023325,-4.0,0.0,-72.0
1777891463.7133324,-3.0,1.0,-76.0
1777891463.7233324,0.0,0.0,-77.0
1777891463.7333324,1.0,2.0,-78.0
1777891463.7433324,2.0,-1.0,-78.0
1777891463.7543323,5.0,1.0,-79.0
1777891463.7633324,7.0,1.0,-75.0
1777891463.7733324,12.0,0.0,-74.0
1777891463.7833323,12.0,2.0,-74.0
1777891463.7933323,13.0,0.0,-75.0
1777891463.8033323,9.0,5.0,-75.0
1777891463.8133323,9.0,5.0,-66.0
1777891463.8233323,10.0,0.0,-64.0
1777891463.8333323,8.0,-1.0,-68.0
1777891463.8433323,7.0,0.0,-67.0
1777891463.8533323,5.0,-1.0,-70.0
1777891463.8633325,4.0,-1.0,-74.0
1777891463.8733325,2.0,-1.0,-68.0
1777891463.8833325,2.0,-3.0,-82.0
1777891463.8933325,3.0,-1.0,-84.0
1777891463.9033325,3.0,-9.0,-88.0
1777891463.9133325,3.0,-9.0,-90.0
1777891463.9233325,0.0,-4.0,-89.0
1777891463.9333324,1.0,-1.0,-90.0
1777891463.9433324,0.0,-3.0,-92.0
1777891463.9533324,1.0,-2.0,-87.0
1777891463.9633324,4.0,-1.0,-87.0
1777891463.9733324,7.0,-3.0,-77.0
1777891463.9833324,9.0,-2.0,-72.0
1777891463.9933324,3.0,-1.0,-74.0
1777891464.0033324,-2.0,4.0,-76.0
1777891464.0133324,0.0,6.0,-78.0
1777891464.0233324,-5.0,5.0,-73.0
1777891464.0333323,-5.0,-1.0,-77.0
1777891464.0433323,-4.0,-3.0,-77.0
1777891464.0533323,-2.0,-6.0,-76.0
1777891464.0633323,-1.0,-6.0,-76.0
1777891464.0733323,0.0,-6.0,-75.0
1777891464.0833323,2.0,-4.0,-72.0
1777891464.0933323,2.0,-5.0,-69.0
1777891464.1033323,4.0,-5.0,-69.0
1777891464.1133325,4.0,-3.0,-71.0
1777891464.1233325,5.0,-3.0,-81.0
1777891464.1333325,2.0,-5.0,-82.0
1777891464.1433325,1.0,-4.0,-82.0
1777891464.1533325,2.0,-2.0,-86.0
1777891464.1633325,0.0,-1.0,-84.0
1777891464.1733325,2.0,-2.0,-81.0
1777891464.1833324,1.0,1.0,-71.0
1777891464.1933324,0.0,3.0,-72.0
1777891464.2033324,0.0,4.0,-73.0
1777891464.2133324,6.0,-2.0,-75.0
1777891464.2233324,8.0,-3.0,-69.0
1777891464.2333324,6.0,-5.0,-66.0
1777891464.2433324,4.0,-4.0,-74.0
1777891464.2533324,4.0,-7.0,-69.0
1777891464.2633324,5.0,-4.0,-75.0
1777891464.2733324,2.0,1.0,-75.0
1777891464.2833323,2.0,0.0,-75.0
1777891464.2933323,3.0,3.0,-73.0
1777891464.3033323,0.0,0.0,-73.0
1777891464.3133323,-1.0,-4.0,-75.0
1777891464.3233323,0.0,0.0,-70.0
1777891464.3333323,0.0,1.0,-70.0
1777891464.3433323,-1.0,0.0,-68.0
1777891464.3533323,1.0,-3.0,-72.0
1777891464.3633325,1.0,-3.0,-74.0
1777891464.3733325,2.0,-4.0,-65.0
1777891464.3833325,2.0,-3.0,-70.0
1777891464.3933325,2.0,-2.0,-77.0
1777891464.4033325,5.0,0.0,-74.0
1777891464.4133325,4.0,-3.0,-76.0
1777891464.4233325,6.0,0.0,-75.0
1777891464.4333324,7.0,2.0,-75.0
1777891464.4433324,12.0,0.0,-69.0
1777891464.4533324,15.0,0.0,-64.0
1777891464.4633324,12.0,-4.0,-70.0
1777891464.4733324,5.0,-5.0,-70.0
1777891464.4833324,3.0,-7.0,-72.0
1777891464.4933324,3.0,-4.0,-68.0
1777891464.5033324,5.0,-3.0,-74.0
1777891464.5133324,5.0,-1.0,-76.0
1777891464.5233324,7.0,2.0,-75.0
1777891464.5333323,2.0,1.0,-69.0
1777891464.5433323,4.0,-4.0,-74.0
1777891464.5533323,9.0,-3.0,-75.0
1777891464.5633323,13.0,0.0,-76.0
1777891464.5733323,9.0,1.0,-81.0
1777891464.5833323,8.0,-1.0,-87.0
1777891464.5933323,5.0,-2.0,-92.0
1777891464.6033323,3.0,-3.0,-84.0
1777891464.6133325,3.0,-4.0,-80.0
1777891464.6233325,5.0,-4.0,-76.0
1777891464.6333325,4.0,-3.0,-71.0
1777891464.6433325,1.0,0.0,-67.0
1777891464.6533325,5.0,-1.0,-65.0
1777891464.6633325,5.0,1.0,-68.0
1777891464.6733325,7.0,2.0,-70.0
1777891464.6833324,8.0,-2.0,-70.0
1777891464.6933324,2.0,-4.0,-67.0
1777891464.7033324,2.0,-2.0,-70.0
1777891464.7133324,3.0,1.0,-68.0
1777891464.7233324,0.0,4.0,-65.0
1777891464.7333324,0.0,5.0,-62.0
1777891464.7433324,4.0,5.0,-62.0
1777891464.7533324,3.0,1.0,-60.0
1777891464.7633324,3.0,1.0,-70.0
1777891464.7733324,2.0,0.0,-70.0
1777891464.7833323,5.0,-1.0,-70.0
1777891464.7933323,5.0,0.0,-72.0
1777891464.8033323,6.0,2.0,-71.0
1777891464.8133323,0.0,2.0,-82.0
1777891464.8233323,1.0,3.0,-82.0
1777891464.8333323,-3.0,0.0,-79.0
1777891464.8433323,0.0,0.0,-79.0
1777891464.8533323,-5.0,2.0,-73.0
1777891464.8633325,-7.0,3.0,-73.0
1777891464.8733325,-6.0,1.0,-74.0
1777891464.8833325,-7.0,1.0,-81.0
1777891464.8933325,-4.0,0.0,-80.0
1777891464.9033325,-4.0,-1.0,-82.0
1777891464.9133325,0.0,0.0,-78.0
1777891464.9233325,-2.0,-3.0,-85.0
1777891464.9333324,3.0,-4.0,-75.0
1777891464.9433324,8.0,-6.0,-67.0
1777891464.9533324,6.0,-4.0,-70.0
1777891464.9633324,3.0,0.0,-73.0
1777891464.9733324,1.0,4.0,-77.0
1777891464.9833324,-3.0,5.0,-70.0
1777891464.9933324,-4.0,0.0,-71.0
1777891465.0033324,-3.0,0.0,-73.0
1777891465.0133324,-2.0,-1.0,-69.0
1777891465.0233324,-7.0,2.0,-67.0
1777891465.0333323,-7.0,5.0,-66.0
1777891465.0433323,-8.0,5.0,-69.0
1777891465.0533323,-6.0,1.0,-70.0
1777891465.0633323,-4.0,-2.0,-75.0
1777891465.0733323,0.0,-5.0,-72.0
1777891465.0833323,0.0,-5.0,-69.0
1777891465.0933323,0.0,-6.0,-64.0
1777891465.1033323,3.0,-4.0,-58.0
1777891465.1133325,0.0,-8.0,-66.0
1777891465.1233325,-3.0,-5.0,-69.0
1777891465.1333325,-3.0,-3.0,-67.0
1777891465.1433325,-1.0,-4.0,-71.0
1777891465.1533325,-3.0,-1.0,-71.0
1777891465.1633325,0.0,-2.0,-71.0
1777891465.1733325,6.0,0.0,-68.0
1777891465.1833324,10.0,3.0,-61.0
1777891465.1933324,7.0,3.0,-65.0
1777891465.2033324,4.0,2.0,-69.0
1777891465.2133324,0.0,4.0,-73.0
1777891465.2233324,3.0,1.0,-72.0
1777891465.2333324,1.0,0.0,-76.0
1777891465.2433324,4.0,0.0,-77.0
1777891465.2533324,2.0,-3.0,-78.0
1777891465.2633324,5.0,-3.0,-84.0
1777891465.2733324,2.0,-2.0,-80.0
1777891465.2833323,1.0,-1.0,-77.0
1777891465.2933323,2.0,0.0,-77.0
1777891465.3033323,-1.0,-1.0,-78.0
1777891465.3133323,3.0,-1.0,-73.0
1777891465.3233323,8.0,-3.0,-75.0
1777891465.3333323,6.0,0.0,-83.0
1777891465.3433323,3.0,0.0,-79.0
1777891465.3533323,1.0,-1.0,-83.0
1777891465.3633325,-3.0,-1.0,-89.0
1777891465.3733325,-7.0,2.0,-80.0
1777891465.3833325,-5.0,0.0,-76.0
1777891465.3933325,-5.0,-3.0,-78.0
1777891465.4033325,-3.0,-2.0,-82.0
1777891465.4133325,-3.0,-2.0,-83.0
1777891465.4233325,0.0,-2.0,-79.0
1777891465.4333324,-3.0,-3.0,-76.0
1777891465.4433324,-2.0,-3.0,-79.0
1777891465.4533324,-6.0,-3.0,-79.0
1777891465.4633324,-2.0,-1.0,-84.0
1777891465.4733324,1.0,-1.0,-90.0
1777891465.4833324,4.0,0.0,-91.0
1777891465.4933324,5.0,0.0,-86.0
1777891465.5033324,-1.0,2.0,-79.0
1777891465.5133324,-1.0,3.0,-69.0
1777891465.5233324,-1.0,-1.0,-69.0
1777891465.5333323,-4.0,0.0,-77.0
1777891465.5433323,-7.0,4.0,-78.0
1777891465.5533323,-3.0,6.0,-80.0
1777891465.5633323,1.0,7.0,-82.0
1777891465.5733323,4.0,4.0,-77.0
1777891465.5833323,0.0,3.0,-79.0
1777891465.5933323,-1.0,0.0,-77.0
1777891465.6033323,0.0,-1.0,-74.0
1777891465.6133325,0.0,-1.0,-76.0
1777891465.6233325,2.0,-3.0,-78.0
1777891465.6333325,0.0,-6.0,-81.0
1777891465.6433325,-4.0,-5.0,-76.0
1777891465.6533325,-3.0,-2.0,-75.0
1777891465.6633325,-4.0,1.0,-75.0
1777891465.6733325,-3.0,0.0,-79.0
1777891465.6833324,-3.0,-2.0,-78.0
1777891465.6943324,-3.0,-4.0,-75.0
1777891465.7043324,-4.0,-8.0,-78.0
1777891465.7143323,4.0,-6.0,-75.0
1777891465.7243323,6.0,0.0,-79.0
1777891465.7343323,5.0,0.0,-82.0
1777891465.7443323,2.0,-3.0,-84.0
1777891465.7543323,0.0,0.0,-92.0
1777891465.7643323,0.0,0.0,-85.0
1777891465.7743323,3.0,0.0,-90.0
1777891465.7843325,4.0,-2.0,-89.0
1777891465.7943325,10.0,-3.0,-85.0
1777891465.8043325,8.0,0.0,-80.0
1777891465.8143325,8.0,-1.0,-78.0
1777891465.8243325,9.0,0.0,-77.0
1777891465.8343325,5.0,7.0,-73.0
1777891465.8443325,2.0,5.0,-72.0
1777891465.8543324,2.0,2.0,-74.0
1777891465.8643324,6.0,1.0,-74.0
1777891465.8743324,3.0,5.0,-80.0
1777891465.8843324,2.0,3.0,-76.0
1777891465.8943324,0.0,0.0,-79.0
1777891465.9043324,2.0,0.0,-77.0
1777891465.9143324,1.0,-1.0,-72.0
1777891465.9243324,0.0,1.0,-78.0
1777891465.9343324,0.0,1.0,-73.0
1777891465.9443324,-1.0,1.0,-70.0
1777891465.9543324,1.0,0.0,-76.0
1777891465.9643323,1.0,1.0,-79.0
1777891465.9743323,4.0,0.0,-78.0
1777891465.9843323,6.0,0.0,-68.0
1777891465.9943323,3.0,0.0,-74.0
1777891466.0043323,4.0,-3.0,-73.0
1777891466.0143323,4.0,-4.0,-73.0
1777891466.0243323,7.0,-3.0,-78.0
1777891466.0343325,6.0,-6.0,-72.0
1777891466.0443325,3.0,-6.0,-69.0
1777891466.0543325,4.0,-5.0,-63.0
1777891466.0643325,1.0,-5.0,-62.0
1777891466.0743325,-1.0,-3.0,-60.0
1777891466.0843325,0.0,1.0,-59.0
1777891466.0943325,1.0,3.0,-61.0
1777891466.1043324,-5.0,1.0,-66.0
1777891466.1143324,-6.0,0.0,-70.0
1777891466.1243324,-3.0,0.0,-75.0
1777891466.1343324,-2.0,0.0,-73.0
1777891466.1443324,0.0,3.0,-67.0
1777891466.1543324,2.0,2.0,-65.0
1777891466.1643324,5.0,0.0,-65.0
1777891466.1743324,3.0,-2.0,-73.0
1777891466.1843324,0.0,-6.0,-70.0
1777891466.1943324,0.0,-4.0,-67.0
1777891466.2043324,-1.0,-2.0,-75.0
1777891466.2143323,0.0,0.0,-73.0
1777891466.2243323,0.0,1.0,-72.0
1777891466.2343323,0.0,0.0,-74.0
1777891466.2443323,2.0,0.0,-70.0
1777891466.2543323,1.0,-1.0,-72.0
1777891466.2643323,2.0,-1.0,-76.0
1777891466.2743323,4.0,0.0,-73.0
1777891466.2843325,6.0,-3.0,-69.0
1777891466.2943325,3.0,-3.0,-67.0
1777891466.3043325,2.0,0.0,-69.0
1777891466.3143325,1.0,1.0,-68.0
1777891466.3243325,1.0,4.0,-73.0
1777891466.3343325,2.0,2.0,-73.0
1777891466.3443325,3.0,0.0,-69.0
1777891466.3543324,3.0,0.0,-72.0
1777891466.3643324,2.0,-5.0,-71.0
1777891466.3743324,9.0,-4.0,-65.0
1777891466.3843324,13.0,-3.0,-61.0
1777891466.3943324,13.0,-1.0,-62.0
1777891466.4043324,14.0,-2.0,-67.0
1777891466.4143324,10.0,0.0,-79.0
1777891466.4243324,10.0,0.0,-74.0
1777891466.4343324,10.0,-1.0,-73.0
1777891466.4443324,5.0,0.0,-79.0
1777891466.4543324,3.0,-3.0,-77.0
1777891466.4643323,0.0,-3.0,-76.0
1777891466.4743323,1.0,-2.0,-73.0
1777891466.4843323,-4.0,-4.0,-73.0
1777891466.4943323,-6.0,-4.0,-66.0
1777891466.5043323,-3.0,0.0,-60.0
1777891466.5143323,-2.0,0.0,-61.0
1777891466.5243323,-2.0,0.0,-60.0
1777891466.5343325,-6.0,3.0,-69.0
1777891466.5443325,-11.0,3.0,-70.0
1777891466.5543325,-5.0,1.0,-69.0
1777891466.5643325,-2.0,0.0,-73.0
1777891466.5743325,-3.0,-1.0,-76.0
1777891466.5843325,0.0,3.0,-79.0
1777891466.5943325,-3.0,5.0,-83.0
1777891466.6043324,-3.0,2.0,-75.0
1777891466.6143324,0.0,2.0,-81.0
1777891466.6243324,0.0,3.0,-82.0
1777891466.6343324,0.0,0.0,-87.0
1777891466.6443324,2.0,-1.0,-82.0
1777891466.6543324,2.0,1.0,-87.0
1777891466.6643324,2.0,-2.0,-85.0
1777891466.6743324,4.0,-2.0,-84.0
1777891466.6843324,3.0,0.0,-85.0
1777891466.6943324,2.0,0.0,-84.0
1777891466.7043324,1.0,-1.0,-79.0
1777891466.7143323,-5.0,-4.0,-74.0
1777891466.7243323,-2.0,0.0,-77.0
1777891466.7343323,-3.0,0.0,-83.0
1777891466.7443323,-2.0,-4.0,-84.0
1777891466.7543323,0.0,-7.0,-82.0
1777891466.7643323,-3.0,-10.0,-81.0
1777891466.7743323,-1.0,-10.0,-86.0
1777891466.7843325,-2.0,-7.0,-82.0
1777891466.7943325,-3.0,-6.0,-81.0
1777891466.8043325,-2.0,0.0,-76.0
1777891466.8143325,1.0,4.0,-70.0
1777891466.8243325,1.0,3.0,-65.0
1777891466.8343325,-3.0,2.0,-63.0
1777891466.8443325,-2.0,4.0,-66.0
1777891466.8543324,-4.0,3.0,-68.0
1777891466.8643324,0.0,1.0,-72.0
1777891466.8743324,0.0,1.0,-77.0
1777891466.8843324,-3.0,3.0,-79.0
1777891466.8943324,0.0,4.0,-75.0
1777891466.9043324,0.0,3.0,-73.0
1777891466.9143324,0.0,4.0,-67.0
1777891466.9243324,1.0,7.0,-75.0
1777891466.9343324,-2.0,3.0,-74.0
1777891466.9443324,-3.0,0.0,-72.0
1777891466.9543324,-6.0,0.0,-73.0
1777891466.9643323,-8.0,3.0,-76.0
1777891466.9743323,-7.0,2.0,-81.0
1777891466.9843323,-4.0,2.0,-80.0
1777891466.9943323,-3.0,0.0,-89.0
1777891467.0043323,0.0,1.0,-84.0
1777891467.0143323,0.0,3.0,-79.0
1777891467.0243323,0.0,0.0,-74.0
1777891467.0343325,-4.0,-1.0,-71.0
1777891467.0443325,-4.0,-3.0,-73.0
1777891467.0543325,0.0,-2.0,-72.0
1777891467.0643325,0.0,0.0,-70.0
1777891467.0743325,-2.0,-4.0,-66.0
1777891467.0843325,-2.0,-6.0,-62.0
1777891467.0943325,0.0,-6.0,-65.0
1777891467.1043324,0.0,-3.0,-63.0
1777891467.1143324,-2.0,0.0,-67.0
1777891467.1243324,-2.0,0.0,-72.0
1777891467.1343324,-2.0,-1.0,-80.0
1777891467.1443324,-2.0,-1.0,-87.0
1777891467.1543324,0.0,-3.0,-93.0
1777891467.1643324,1.0,-5.0,-92.0
1777891467.1743324,2.0,-6.0,-86.0
1777891467.1843324,0.0,-5.0,-84.0
1777891467.1943324,0.0,-6.0,-81.0
1777891467.2043324,0.0,-4.0,-80.0
1777891467.2143323,0.0,-4.0,-80.0
1777891467.2243323,-2.0,-4.0,-81.0
1777891467.2343323,-1.0,-2.0,-86.0
1777891467.2443323,-2.0,-1.0,-85.0
1777891467.2543323,0.0,3.0,-79.0
1777891467.2643323,-1.0,5.0,-75.0
1777891467.2743323,-1.0,4.0,-78.0
1777891467.2843325,0.0,5.0,-78.0
1777891467.2943325,0.0,3.0,-77.0
1777891467.3043325,0.0,5.0,-79.0
1777891467.3143325,1.0,7.0,-76.0
1777891467.3243325,-4.0,10.0,-68.0
1777891467.3343325,-5.0,7.0,-74.0
1777891467.3443325,0.0,0.0,-75.0
1777891467.3543324,0.0,1.0,-77.0
1777891467.3643324,5.0,1.0,-80.0
1777891467.3743324,0.0,2.0,-73.0
1777891467.3843324,3.0,3.0,-73.0
1777891467.3943324,-4.0,2.0,-72.0
1777891467.4043324,0.0,6.0,-83.0
1777891467.4143324,0.0,4.0,-70.0
1777891467.4243324,0.0,0.0,-76.0
1777891467.4343324,2.0,0.0,-74.0
1777891467.4443324,0.0,-5.0,-69.0
1777891467.4543324,0.0,-5.0,-71.0
1777891467.4643323,-3.0,-5.0,-68.0
1777891467.4743323,-2.0,-4.0,-80.0
1777891467.4843323,0.0,2.0,-81.0
1777891467.4943323,0.0,3.0,-81.0
1777891467.5043323,2.0,6.0,-79.0
1777891467.5143323,1.0,7.0,-77.0
1777891467.5243323,1.0,2.0,-77.0
1777891467.5343325,-2.0,1.0,-75.0
1777891467.5443325,0.0,0.0,-74.0
1777891467.5543325,1.0,-2.0,-83.0
1777891467.5643325,3.0,0.0,-81.0
1777891467.5743325,4.0,6.0,-72.0
1777891467.5843325,5.0,5.0,-78.0
1777891467.5943325,5.0,2.0,-78.0
1777891467.6043324,4.0,7.0,-77.0
1777891467.6143324,5.0,5.0,-78.0
1777891467.6243324,-1.0,0.0,-76.0
1777891467.6343324,0.0,0.0,-77.0
1777891467.6443324,1.0,0.0,-76.0
1777891467.6543324,3.0,5.0,-73.0
1777891467.6643324,6.0,6.0,-75.0
1777891467.6753323,7.0,1.0,-77.0
1777891467.6853323,2.0,2.0,-71.0
1777891467.6943324,0.0,3.0,-75.0
1777891467.7053325,0.0,0.0,-70.0
1777891467.7153325,2.0,-1.0,-60.0
1777891467.7253325,-2.0,-5.0,-55.0
1777891467.7353325,-3.0,-6.0,-55.0
1777891467.7453325,-1.0,-4.0,-51.0
1777891467.7553325,-3.0,0.0,-57.0
1777891467.7653325,-1.0,-1.0,-63.0
1777891467.7753325,0.0,1.0,-63.0
1777891467.7853324,0.0,-1.0,-62.0
1777891467.7953324,-2.0,3.0,-62.0
1777891467.8053324,-2.0,1.0,-67.0
1777891467.8153324,0.0,2.0,-69.0
1777891467.8253324,1.0,0.0,-62.0
1777891467.8353324,1.0,-3.0,-71.0
1777891467.8453324,0.0,-1.0,-71.0
1777891467.8553324,-1.0,0.0,-69.0
1777891467.8653324,5.0,-2.0,-67.0
1777891467.8753324,6.0,1.0,-66.0
1777891467.8853323,3.0,-3.0,-66.0
1777891467.8953323,3.0,-4.0,-73.0
1777891467.9053323,0.0,-1.0,-76.0
1777891467.9153323,0.0,-4.0,-73.0
1777891467.9253323,-2.0,-8.0,-66.0
1777891467.9353323,-4.0,-4.0,-67.0
1777891467.9453323,-3.0,-6.0,-63.0
1777891467.9553325,0.0,-4.0,-69.0
1777891467.9653325,3.0,-3.0,-68.0
1777891467.9753325,2.0,-3.0,-63.0
1777891467.9853325,0.0,-2.0,-63.0
1777891467.9953325,-1.0,-3.0,-59.0
1777891468.0053325,0.0,0.0,-68.0
1777891468.0153325,1.0,2.0,-71.0
1777891468.0253325,0.0,1.0,-69.0
1777891468.0353324,0.0,5.0,-68.0
1777891468.0453324,0.0,4.0,-73.0
1777891468.0553324,0.0,7.0,-72.0
1777891468.0653324,1.0,5.0,-66.0
1777891468.0753324,1.0,0.0,-65.0
1777891468.0853324,-2.0,0.0,-64.0
1777891468.0953324,-4.0,-2.0,-68.0
1777891468.1053324,-2.0,-1.0,-65.0
1777891468.1153324,-6.0,-3.0,-67.0
1777891468.1253324,-6.0,-4.0,-67.0
1777891468.1353323,-4.0,-4.0,-70.0
1777891468.1453323,-5.0,-7.0,-74.0
1777891468.1553323,-6.0,-7.0,-70.0
1777891468.1653323,-7.0,-3.0,-65.0
1777891468.1753323,-5.0,-3.0,-64.0
1777891468.1853323,-5.0,-5.0,-63.0
1777891468.1953323,-6.0,-5.0,-67.0
1777891468.2053325,-6.0,-2.0,-64.0
1777891468.2153325,-1.0,1.0,-65.0
1777891468.2253325,0.0,0.0,-63.0
1777891468.2353325,0.0,0.0,-65.0
1777891468.2453325,0.0,3.0,-72.0
1777891468.2553325,0.0,4.0,-73.0
1777891468.2653325,0.0,0.0,-68.0
1777891468.2753325,5.0,-2.0,-69.0
1777891468.2853324,6.0,-1.0,-70.0
1777891468.2953324,0.0,-2.0,-76.0
1777891468.3053324,2.0,-2.0,-75.0
1777891468.3153324,5.0,-5.0,-68.0
1777891468.3253324,4.0,-6.0,-65.0
1777891468.3353324,0.0,-5.0,-71.0
1777891468.3453324,1.0,-6.0,-69.0
1777891468.3553324,1.0,-6.0,-73.0
1777891468.3653324,3.0,-7.0,-72.0
1777891468.3753324,-1.0,-4.0,-69.0
1777891468.3853323,-5.0,-3.0,-70.0
1777891468.3953323,0.0,-1.0,-71.0
1777891468.4053323,0.0,0.0,-75.0
1777891468.4153323,-4.0,-2.0,-72.0
1777891468.4253323,-2.0,-2.0,-69.0
1777891468.4353323,3.0,1.0,-63.0
1777891468.4453323,3.0,2.0,-64.0
1777891468.4553325,3.0,3.0,-63.0
1777891468.4653325,4.0,5.0,-68.0
1777891468.4753325,5.0,4.0,-70.0
1777891468.4853325,7.0,1.0,-68.0
1777891468.4953325,4.0,2.0,-65.0
1777891468.5053325,3.0,-1.0,-73.0
1777891468.5153325,3.0,0.0,-71.0
1777891468.5253325,6.0,0.0,-62.0
1777891468.5353324,5.0,-3.0,-57.0
1777891468.5453324,3.0,0.0,-64.0
1777891468.5553324,1.0,2.0,-66.0
1777891468.5653324,0.0,-1.0,-69.0
1777891468.5753324,-4.0,-1.0,-70.0
1777891468.5853324,0.0,1.0,-71.0
1777891468.5953324,-3.0,3.0,-77.0
1777891468.6053324,-3.0,3.0,-78.0
1777891468.6153324,0.0,3.0,-75.0
1777891468.6253324,0.0,6.0,-77.0
1777891468.6353323,0.0,5.0,-75.0
1777891468.6453323,0.0,4.0,-76.0
1777891468.6553323,0.0,0.0,-74.0
1777891468.6653323,1.0,-2.0,-70.0
1777891468.6753323,0.0,-2.0,-72.0
1777891468.6853323,1.0,-4.0,-70.0
1777891468.6953323,0.0,-3.0,-70.0
1777891468.7053325,-2.0,-5.0,-67.0
1777891468.7153325,-7.0,-2.0,-75.0
1777891468.7253325,-5.0,-2.0,-73.0
1777891468.7353325,-8.0,-1.0,-79.0
1777891468.7453325,-7.0,-4.0,-74.0
1777891468.7553325,-8.0,-3.0,-73.0
1777891468.7653325,-10.0,-4.0,-75.0
1777891468.7753325,-8.0,-2.0,-80.0
1777891468.7853324,-6.0,-2.0,-81.0
1777891468.7953324,-4.0,-1.0,-85.0
1777891468.8053324,0.0,-3.0,-82.0
1777891468.8153324,-6.0,-5.0,-83.0
1777891468.8253324,-1.0,-4.0,-79.0
1777891468.8353324,0.0,-1.0,-75.0
1777891468.8453324,0.0,-1.0,-70.0
1777891468.8553324,-5.0,0.0,-70.0
1777891468.8653324,-8.0,-1.0,-72.0
1777891468.8753324,-5.0,0.0,-72.0
1777891468.8853323,-4.0,-1.0,-76.0
1777891468.8953323,-5.0,-6.0,-73.0
1777891468.9053323,-7.0,-6.0,-69.0
1777891468.9153323,-3.0,-7.0,-67.0
1777891468.9253323,-4.0,-7.0,-67.0
1777891468.9353323,-1.0,-5.0,-67.0
1777891468.9453323,0.0,-5.0,-68.0
1777891468.9553325,0.0,-8.0,-69.0
1777891468.9653325,0.0,-7.0,-66.0
1777891468.9753325,4.0,-6.0,-67.0
1777891468.9853325,6.0,-4.0,-68.0
1777891468.9953325,4.0,-5.0,-64.0
1777891469.0053325,0.0,-6.0,-62.0
1777891469.0153325,2.0,-7.0,-63.0
1777891469.0253325,-1.0,-7.0,-59.0
1777891469.0353324,-6.0,-6.0,-59.0
1777891469.0453324,-6.0,-4.0,-64.0
1777891469.0553324,-1.0,-6.0,-71.0
1777891469.0653324,-1.0,-8.0,-77.0
1777891469.0753324,0.0,-5.0,-74.0
1777891469.0853324,3.0,-3.0,-68.0
1777891469.0953324,6.0,-2.0,-69.0
1777891469.1053324,6.0,0.0,-77.0
1777891469.1153324,0.0,-1.0,-75.0
1777891469.1253324,-3.0,0.0,-71.0
1777891469.1353323,0.0,-2.0,-66.0
1777891469.1453323,-2.0,-3.0,-75.0
1777891469.1553323,2.0,-4.0,-77.0
1777891469.1653323,7.0,0.0,-72.0
1777891469.1753323,6.0,-4.0,-66.0
1777891469.1853323,7.0,-8.0,-63.0
1777891469.1953323,7.0,-6.0,-65.0
1777891469.2053325,5.0,-8.0,-67.0
1777891469.2153325,5.0,-1.0,-67.0
1777891469.2253325,7.0,1.0,-61.0
1777891469.2353325,5.0,-1.0,-60.0
1777891469.2453325,1.0,-1.0,-65.0
1777891469.2553325,3.0,-1.0,-66.0
1777891469.2653325,6.0,2.0,-68.0
1777891469.2753325,0.0,1.0,-75.0
1777891469.2853324,2.0,0.0,-81.0
1777891469.2953324,0.0,0.0,-75.0
1777891469.3053324,0.0,1.0,-72.0
1777891469.3153324,4.0,2.0,-66.0
1777891469.3253324,6.0,0.0,-60.0
1777891469.3353324,13.0,-1.0,-64.0
1777891469.3453324,9.0,-2.0,-62.0
1777891469.3553324,4.0,2.0,-66.0
1777891469.3653324,0.0,2.0,-68.0
1777891469.3753324,1.0,1.0,-65.0
1777891469.3853323,3.0,0.0,-65.0
1777891469.3953323,0.0,0.0,-60.0
1777891469.4053323,0.0,1.0,-64.0
1777891469.4153323,-3.0,0.0,-64.0
1777891469.4253323,0.0,2.0,-66.0
1777891469.4353323,3.0,3.0,-64.0
1777891469.4453323,0.0,2.0,-57.0
1777891469.4553325,2.0,0.0,-64.0
1777891469.4653325,4.0,-2.0,-65.0
1777891469.4753325,3.0,-2.0,-72.0
1777891469.4853325,3.0,0.0,-81.0
1777891469.4953325,2.0,-1.0,-86.0
1777891469.5053325,0.0,-2.0,-91.0
1777891469.5153325,0.0,-3.0,-85.0
1777891469.5253325,2.0,-3.0,-81.0
1777891469.5353324,4.0,0.0,-74.0
1777891469.5453324,8.0,-2.0,-70.0
1777891469.5553324,6.0,-4.0,-72.0
1777891469.5653324,0.0,-3.0,-74.0
1777891469.5753324,0.0,-2.0,-72.0
1777891469.5853324,0.0,-6.0,-77.0
1777891469.5953324,-2.0,-4.0,-69.0
1777891469.6053324,0.0,-3.0,-66.0
1777891469.6153324,0.0,0.0,-62.0
1777891469.6253324,-3.0,-3.0,-66.0
1777891469.6353323,3.0,-1.0,-73.0
1777891469.6453323,2.0,-1.0,-73.0
1777891469.6553323,2.0,-3.0,-75.0
1777891469.6653323,0.0,-1.0,-80.0
1777891469.6763325,0.0,1.0,-79.0
1777891469.6863325,0.0,0.0,-75.0
1777891469.6953323,0.0,-1.0,-71.0
1777891469.7063324,-2.0,2.0,-73.0
1777891469.7163324,2.0,0.0,-75.0
1777891469.7263324,0.0,-1.0,-83.0
1777891469.7363324,0.0,-1.0,-83.0
1777891469.7463324,2.0,-1.0,-81.0
1777891469.7563324,2.0,-5.0,-76.0
1777891469.7663324,3.0,-4.0,-67.0
1777891469.7763324,4.0,-8.0,-64.0
1777891469.7863324,4.0,-5.0,-64.0
1777891469.7963324,0.0,-4.0,-63.0
1777891469.8063323,-1.0,0.0,-59.0
1777891469.8163323,-5.0,0.0,-56.0
1777891469.8263323,-7.0,-1.0,-58.0
1777891469.8363323,-7.0,-3.0,-66.0
1777891469.8463323,-6.0,-3.0,-64.0
1777891469.8563323,-3.0,-1.0,-63.0
1777891469.8663323,-1.0,0.0,-73.0
1777891469.8763323,0.0,-2.0,-69.0
1777891469.8863325,-2.0,-2.0,-64.0
1777891469.8963325,-1.0,0.0,-70.0
1777891469.9063325,0.0,5.0,-77.0
1777891469.9163325,2.0,2.0,-78.0
1777891469.9263325,3.0,2.0,-79.0
1777891469.9363325,5.0,-2.0,-80.0
1777891469.9463325,3.0,-4.0,-77.0
1777891469.9563324,3.0,-5.0,-70.0
1777891469.9663324,3.0,-6.0,-76.0
1777891469.9763324,3.0,-4.0,-75.0
1777891469.9863324,1.0,0.0,-73.0
1777891469.9963324,0.0,1.0,-70.0
1777891470.0063324,0.0,2.0,-75.0
1777891470.0163324,4.0,5.0,-75.0
1777891470.0263324,4.0,6.0,-79.0
1777891470.0363324,8.0,6.0,-75.0
1777891470.0463324,11.0,11.0,-73.0
1777891470.0563323,3.0,13.0,-67.0
1777891470.0663323,5.0,8.0,-62.0
1777891470.0763323,5.0,8.0,-61.0
1777891470.0863323,2.0,3.0,-62.0
1777891470.0963323,3.0,4.0,-61.0
1777891470.1063323,0.0,0.0,-67.0
1777891470.1163323,0.0,1.0,-69.0
1777891470.1263323,-1.0,2.0,-69.0
1777891470.1363325,-5.0,0.0,-74.0
1777891470.1463325,-5.0,-1.0,-67.0
1777891470.1563325,-1.0,0.0,-68.0
1777891470.1663325,-4.0,2.0,-72.0
1777891470.1763325,-10.0,2.0,-69.0
1777891470.1863325,-8.0,1.0,-70.0
1777891470.1963325,-5.0,0.0,-67.0
1777891470.2063324,0.0,-2.0,-76.0
1777891470.2163324,0.0,-2.0,-76.0
1777891470.2263324,6.0,0.0,-74.0
1777891470.2363324,8.0,1.0,-72.0
1777891470.2463324,7.0,3.0,-75.0
1777891470.2563324,7.0,6.0,-80.0
1777891470.2663324,3.0,3.0,-89.0
1777891470.2763324,4.0,2.0,-85.0
1777891470.2863324,2.0,3.0,-81.0
1777891470.2963324,2.0,6.0,-81.0
1777891470.3063323,-1.0,3.0,-78.0
1777891470.3163323,-2.0,2.0,-72.0
1777891470.3263323,-3.0,0.0,-76.0
1777891470.3363323,-3.0,-2.0,-68.0
1777891470.3463323,-2.0,0.0,-71.0
1777891470.3563323,0.0,3.0,-76.0
1777891470.3663323,0.0,2.0,-79.0
1777891470.3763323,4.0,4.0,-77.0
1777891470.3863325,1.0,3.0,-74.0
1777891470.3963325,2.0,4.0,-78.0
1777891470.4063325,8.0,0.0,-69.0
1777891470.4163325,6.0,-1.0,-67.0
1777891470.4263325,0.0,1.0,-63.0
1777891470.4363325,0.0,4.0,-70.0
1777891470.4463325,2.0,1.0,-70.0
1777891470.4563324,3.0,3.0,-73.0
1777891470.4663324,0.0,1.0,-71.0
1777891470.4763324,1.0,3.0,-71.0
1777891470.4863324,1.0,5.0,-64.0
1777891470.4963324,0.0,4.0,-62.0
1777891470.5063324,0.0,4.0,-64.0
1777891470.5163324,0.0,1.0,-70.0
1777891470.5263324,-1.0,0.0,-71.0
1777891470.5363324,-5.0,0.0,-74.0
1777891470.5463324,-3.0,1.0,-64.0
1777891470.5563323,-1.0,1.0,-65.0
1777891470.5663323,0.0,-2.0,-70.0
1777891470.5763323,5.0,-2.0,-68.0
1777891470.5863323,4.0,0.0,-69.0
1777891470.5963323,1.0,0.0,-68.0
1777891470.6063323,-3.0,0.0,-62.0
1777891470.6163323,1.0,0.0,-61.0
1777891470.6263323,7.0,-1.0,-63.0
1777891470.6363325,5.0,-3.0,-70.0
1777891470.6463325,0.0,-3.0,-71.0
1777891470.6563325,-1.0,-2.0,-70.0
1777891470.6663325,-4.0,-5.0,-71.0
1777891470.6763325,-1.0,-3.0,-71.0
1777891470.6863325,0.0,-7.0,-73.0
1777891470.6963325,0.0,-4.0,-74.0
1777891470.7063324,0.0,-5.0,-75.0
1777891470.7163324,3.0,0.0,-75.0
1777891470.7263324,2.0,-1.0,-72.0
1777891470.7363324,0.0,0.0,-74.0
1777891470.7463324,3.0,-4.0,-73.0
1777891470.7563324,2.0,-6.0,-66.0
1777891470.7663324,3.0,-3.0,-64.0
1777891470.7763324,1.0,-3.0,-70.0
1777891470.7863324,3.0,-1.0,-69.0
1777891470.7963324,4.0,-3.0,-69.0
1777891470.8063323,5.0,-3.0,-70.0
1777891470.8163323,8.0,-3.0,-70.0
1777891470.8263323,6.0,-4.0,-69.0
1777891470.8363323,4.0,-5.0,-65.0
1777891470.8463323,3.0,-3.0,-58.0
1777891470.8563323,4.0,-3.0,-57.0
1777891470.8663323,6.0,-2.0,-59.0
1777891470.8763323,8.0,1.0,-60.0
1777891470.8863325,5.0,5.0,-56.0
1777891470.8963325,3.0,4.0,-64.0
1777891470.9063325,4.0,4.0,-75.0
1777891470.9163325,2.0,4.0,-74.0
1777891470.9263325,0.0,5.0,-74.0
1777891470.9363325,4.0,3.0,-75.0
1777891470.9463325,5.0,4.0,-70.0
1777891470.9563324,6.0,5.0,-71.0
1777891470.9663324,6.0,3.0,-72.0
1777891470.9763324,2.0,-1.0,-71.0
1777891470.9863324,0.0,-5.0,-65.0
1777891470.9963324,-3.0,-8.0,-64.0
1777891471.0063324,-4.0,-3.0,-60.0
1777891471.0163324,-7.0,-3.0,-67.0
1777891471.0263324,-5.0,0.0,-72.0
1777891471.0363324,-4.0,2.0,-70.0
1777891471.0463324,-1.0,1.0,-66.0
1777891471.0563323,0.0,0.0,-64.0
1777891471.0663323,0.0,3.0,-71.0
1777891471.0763323,1.0,2.0,-65.0
1777891471.0863323,2.0,2.0,-72.0
1777891471.0963323,0.0,6.0,-78.0
1777891471.1063323,-1.0,7.0,-72.0
1777891471.1163323,1.0,4.0,-62.0
1777891471.1263323,0.0,2.0,-63.0
1777891471.1363325,3.0,2.0,-59.0
1777891471.1463325,1.0,-1.0,-66.0
1777891471.1563325,0.0,3.0,-65.0
1777891471.1663325,-2.0,4.0,-61.0
1777891471.1763325,-2.0,7.0,-62.0
1777891471.1863325,-4.0,2.0,-69.0
1777891471.1963325,-5.0,4.0,-73.0
1777891471.2063324,-9.0,6.0,-69.0
1777891471.2163324,-8.0,2.0,-69.0
1777891471.2263324,-5.0,2.0,-64.0
1777891471.2363324,1.0,4.0,-60.0
1777891471.2463324,-2.0,1.0,-57.0
1777891471.2563324,-4.0,-1.0,-58.0
1777891471.2663324,-5.0,0.0,-62.0
1777891471.2763324,-4.0,0.0,-61.0
1777891471.2863324,-4.0,0.0,-60.0
1777891471.2963324,-2.0,-1.0,-69.0
1777891471.3063323,-1.0,0.0,-68.0
1777891471.3163323,-1.0,3.0,-73.0
1777891471.3263323,-4.0,8.0,-69.0
1777891471.3363323,-2.0,8.0,-67.0
1777891471.3463323,-3.0,0.0,-74.0
1777891471.3563323,-2.0,3.0,-72.0
1777891471.3663323,-3.0,3.0,-74.0
1777891471.3763323,-5.0,6.0,-66.0
1777891471.3863325,-4.0,2.0,-68.0
1777891471.3963325,-3.0,-2.0,-73.0
1777891471.4063325,-4.0,0.0,-78.0
1777891471.4163325,0.0,1.0,-77.0
1777891471.4263325,3.0,-2.0,-74.0
1777891471.4363325,4.0,-3.0,-72.0
1777891471.4463325,5.0,0.0,-69.0
1777891471.4563324,2.0,5.0,-72.0
1777891471.4663324,4.0,1.0,-78.0
1777891471.4763324,5.0,-1.0,-81.0
1777891471.4863324,2.0,0.0,-82.0
1777891471.4963324,3.0,2.0,-79.0
1777891471.5063324,5.0,3.0,-79.0
1777891471.5163324,3.0,-3.0,-86.0
1777891471.5263324,5.0,0.0,-82.0
1777891471.5363324,6.0,-1.0,-74.0
1777891471.5463324,3.0,0.0,-68.0
1777891471.5563323,1.0,0.0,-68.0
1777891471.5663323,-1.0,1.0,-71.0
1777891471.5763323,-3.0,0.0,-66.0
1777891471.5863323,-2.0,5.0,-64.0
1777891471.5963323,-1.0,9.0,-70.0
1777891471.6063323,1.0,8.0,-68.0
1777891471.6163323,2.0,5.0,-66.0
1777891471.6263323,7.0,5.0,-64.0
1777891471.6363325,9.0,2.0,-66.0
1777891471.6463325,8.0,2.0,-66.0
1777891471.6563325,6.0,3.0,-71.0
1777891471.6673324,9.0,1.0,-69.0
1777891471.6773324,3.0,1.0,-69.0
1777891471.6873324,3.0,1.0,-70.0
1777891471.6973324,4.0,3.0,-71.0
1777891471.7073324,2.0,1.0,-73.0
1777891471.7173324,2.0,-2.0,-70.0
1777891471.7273324,4.0,2.0,-64.0
1777891471.7373323,2.0,0.0,-65.0
1777891471.7473323,4.0,0.0,-65.0
1777891471.7573323,2.0,2.0,-63.0
1777891471.7673323,4.0,5.0,-65.0
1777891471.7773323,7.0,0.0,-64.0
1777891471.7873323,7.0,0.0,-62.0
1777891471.7973323,7.0,0.0,-70.0
1777891471.8073325,9.0,1.0,-74.0
1777891471.8173325,6.0,3.0,-70.0
1777891471.8273325,4.0,4.0,-72.0
1777891471.8373325,2.0,8.0,-72.0
1777891471.8473325,-1.0,10.0,-67.0
1777891471.8573325,2.0,5.0,-65.0
1777891471.8673325,-1.0,4.0,-66.0
1777891471.8773324,-4.0,4.0,-64.0
1777891471.8873324,-7.0,5.0,-67.0
1777891471.8973324,-4.0,2.0,-67.0
1777891471.9073324,-1.0,0.0,-66.0
1777891471.9173324,0.0,1.0,-67.0
1777891471.9273324,1.0,-2.0,-71.0
1777891471.9373324,2.0,0.0,-74.0
1777891471.9473324,3.0,-1.0,-66.0
1777891471.9573324,0.0,0.0,-69.0
1777891471.9673324,0.0,-3.0,-71.0
1777891471.9773324,-4.0,-3.0,-72.0
1777891471.9873323,-2.0,-3.0,-76.0
1777891471.9973323,-2.0,0.0,-77.0
1777891472.0073323,-1.0,0.0,-74.0
1777891472.0173323,1.0,1.0,-74.0
1777891472.0273323,-2.0,-1.0,-71.0
1777891472.0373323,-2.0,-1.0,-73.0
1777891472.0473323,4.0,2.0,-69.0
1777891472.0573325,3.0,0.0,-71.0
1777891472.0673325,4.0,-3.0,-73.0
1777891472.0773325,6.0,-4.0,-72.0
1777891472.0873325,8.0,-6.0,-71.0
1777891472.0973325,6.0,-6.0,-69.0
1777891472.1073325,2.0,-2.0,-71.0
1777891472.1173325,2.0,5.0,-79.0
1777891472.1273324,1.0,1.0,-81.0
1777891472.1373324,4.0,5.0,-82.0
1777891472.1473324,3.0,5.0,-87.0
1777891472.1573324,2.0,6.0,-87.0
1777891472.1673324,2.0,8.0,-78.0
1777891472.1773324,0.0,9.0,-74.0
1777891472.1873324,0.0,6.0,-80.0
1777891472.1973324,1.0,8.0,-80.0
1777891472.2073324,1.0,6.0,-81.0
1777891472.2173324,0.0,3.0,-80.0
1777891472.2273324,3.0,7.0,-76.0
1777891472.2373323,8.0,4.0,-79.0
1777891472.2473323,10.0,1.0,-82.0
1777891472.2573323,8.0,0.0,-88.0
1777891472.2673323,10.0,-2.0,-84.0
1777891472.2773323,10.0,-3.0,-81.0
1777891472.2873323,8.0,-6.0,-77.0
1777891472.2973323,3.0,-5.0,-74.0
1777891472.3073325,2.0,-7.0,-86.0
1777891472.3173325,2.0,-12.0,-83.0
1777891472.3273325,2.0,-13.0,-78.0
1777891472.3373325,2.0,-11.0,-72.0
1777891472.3473325,1.0,-7.0,-72.0
1777891472.3573325,4.0,-4.0,-70.0
1777891472.3673325,4.0,-2.0,-69.0
1777891472.3773324,5.0,-2.0,-71.0
1777891472.3873324,4.0,-1.0,-72.0
1777891472.3973324,3.0,0.0,-69.0
1777891472.4073324,2.0,-4.0,-74.0
1777891472.4173324,1.0,-1.0,-71.0
1777891472.4273324,0.0,5.0,-78.0
1777891472.4373324,2.0,7.0,-81.0
1777891472.4473324,0.0,7.0,-82.0
1777891472.4573324,-2.0,5.0,-82.0
1777891472.4673324,-6.0,1.0,-71.0
1777891472.4773324,-9.0,-6.0,-68.0
1777891472.4873323,-6.0,-10.0,-68.0
1777891472.4973323,-4.0,-11.0,-68.0
1777891472.5073323,0.0,-9.0,-75.0
1777891472.5173323,0.0,-3.0,-72.0
1777891472.5273323,-4.0,-3.0,-71.0
1777891472.5373323,-5.0,-4.0,-71.0
1777891472.5473323,-2.0,-2.0,-71.0
1777891472.5573325,-3.0,2.0,-72.0
1777891472.5673325,-5.0,2.0,-73.0
1777891472.5773325,-3.0,5.0,-69.0
1777891472.5873325,-3.0,6.0,-72.0
1777891472.5973325,-3.0,5.0,-73.0
1777891472.6073325,-4.0,7.0,-80.0
1777891472.6173325,-2.0,7.0,-84.0
1777891472.6273324,0.0,5.0,-76.0
1777891472.6373324,-2.0,4.0,-74.0
1777891472.6473324,-3.0,6.0,-74.0
1777891472.6573324,-5.0,7.0,-84.0
1777891472.6673324,-7.0,6.0,-85.0
1777891472.6773324,-4.0,4.0,-81.0
1777891472.6873324,2.0,3.0,-83.0
1777891472.6973324,1.0,5.0,-83.0
1777891472.7073324,0.0,6.0,-72.0
1777891472.7173324,1.0,1.0,-69.0
1777891472.7273324,1.0,1.0,-68.0
1777891472.7373323,1.0,0.0,-71.0
1777891472.7473323,0.0,0.0,-70.0
1777891472.7573323,-1.0,0.0,-73.0
1777891472.7673323,-1.0,1.0,-76.0
1777891472.7773323,1.0,0.0,-74.0
1777891472.7873323,-2.0,-1.0,-79.0
1777891472.7973323,3.0,0.0,-73.0
1777891472.8073325,2.0,2.0,-72.0
1777891472.8173325,1.0,1.0,-70.0
1777891472.8273325,7.0,-1.0,-68.0
1777891472.8373325,9.0,-4.0,-65.0
1777891472.8473325,9.0,-2.0,-70.0
1777891472.8573325,8.0,-5.0,-73.0
1777891472.8673325,3.0,-7.0,-78.0
1777891472.8773324,1.0,-8.0,-75.0
1777891472.8873324,3.0,-4.0,-74.0
1777891472.8973324,3.0,0.0,-82.0
1777891472.9073324,7.0,0.0,-73.0
1777891472.9173324,13.0,-2.0,-74.0
1777891472.9273324,13.0,0.0,-68.0
1777891472.9373324,13.0,0.0,-69.0
1777891472.9473324,13.0,0.0,-70.0
1777891472.9573324,12.0,-2.0,-74.0
1777891472.9673324,8.0,0.0,-75.0
1777891472.9773324,11.0,-3.0,-79.0
1777891472.9873323,10.0,-2.0,-83.0
1777891472.9973323,8.0,-8.0,-84.0
1777891473.0073323,9.0,-10.0,-81.0
1777891473.0173323,7.0,-8.0,-83.0
1777891473.0273323,2.0,-8.0,-89.0
1777891473.0373323,-1.0,-7.0,-90.0
1777891473.0473323,-3.0,-4.0,-92.0
1777891473.0573325,0.0,-6.0,-92.0
1777891473.0673325,6.0,-7.0,-87.0
1777891473.0773325,3.0,-5.0,-80.0
1777891473.0873325,0.0,-8.0,-73.0
1777891473.0973325,-2.0,-10.0,-74.0
1777891473.1073325,-3.0,-9.0,-78.0
1777891473.1173325,-1.0,-5.0,-70.0
1777891473.1273324,0.0,-3.0,-69.0
1777891473.1373324,0.0,-3.0,-62.0
1777891473.1473324,0.0,-2.0,-65.0
1777891473.1573324,1.0,-3.0,-66.0
1777891473.1673324,-2.0,-2.0,-61.0
1777891473.1773324,-1.0,2.0,-67.0
1777891473.1873324,0.0,7.0,-68.0
1777891473.1973324,7.0,7.0,-61.0
1777891473.2073324,10.0,0.0,-56.0
1777891473.2173324,12.0,-4.0,-57.0
1777891473.2273324,7.0,-4.0,-57.0
1777891473.2373323,6.0,0.0,-58.0
1777891473.2473323,5.0,-1.0,-68.0
1777891473.2573323,5.0,0.0,-70.0
1777891473.2673323,5.0,4.0,-74.0
1777891473.2773323,10.0,1.0,-77.0
1777891473.2873323,12.0,-1.0,-66.0
1777891473.2973323,9.0,-4.0,-66.0
1777891473.3073325,6.0,-3.0,-65.0
1777891473.3173325,1.0,-2.0,-69.0
1777891473.3273325,-3.0,1.0,-67.0
1777891473.3373325,0.0,0.0,-68.0
1777891473.3473325,6.0,-2.0,-69.0
1777891473.3573325,7.0,-3.0,-72.0
1777891473.3673325,2.0,0.0,-71.0
1777891473.3773324,1.0,2.0,-68.0
1777891473.3873324,1.0,-3.0,-69.0
1777891473.3973324,2.0,-9.0,-72.0
1777891473.4073324,0.0,-7.0,-71.0
1777891473.4173324,-1.0,-2.0,-70.0
1777891473.4273324,2.0,-2.0,-72.0
1777891473.4373324,2.0,-4.0,-69.0
1777891473.4473324,3.0,-3.0,-73.0
1777891473.4573324,2.0,-4.0,-78.0
1777891473.4673324,5.0,-2.0,-77.0
1777891473.4773324,6.0,-2.0,-71.0
1777891473.4873323,5.0,0.0,-71.0
1777891473.4973323,7.0,0.0,-79.0
1777891473.5073323,5.0,2.0,-73.0
1777891473.5173323,5.0,2.0,-77.0
1777891473.5273323,3.0,4.0,-78.0
1777891473.5373323,1.0,5.0,-76.0
1777891473.5473323,2.0,6.0,-76.0
1777891473.5573325,6.0,7.0,-78.0
1777891473.5673325,10.0,9.0,-72.0
1777891473.5773325,8.0,5.0,-80.0
1777891473.5873325,10.0,7.0,-82.0
1777891473.5973325,12.0,5.0,-87.0
1777891473.6073325,8.0,6.0,-85.0
1777891473.6173325,4.0,0.0,-85.0
1777891473.6273324,2.0,0.0,-82.0
1777891473.6373324,2.0,1.0,-73.0
1777891473.6483324,1.0,0.0,-78.0
1777891473.6583323,1.0,-1.0,-76.0
1777891473.6683323,6.0,-4.0,-82.0
1777891473.6783323,4.0,-5.0,-78.0
1777891473.6883323,2.0,-4.0,-75.0
1777891473.6983323,5.0,-2.0,-79.0
1777891473.7083323,3.0,-1.0,-79.0
1777891473.7183323,0.0,0.0,-75.0
1777891473.7283323,-5.0,0.0,-77.0
1777891473.7383325,-4.0,0.0,-74.0
1777891473.7483325,-3.0,-1.0,-72.0
1777891473.7583325,-1.0,0.0,-73.0
1777891473.7683325,0.0,2.0,-79.0
1777891473.7783325,3.0,-2.0,-75.0
1777891473.7883325,2.0,-2.0,-69.0
1777891473.7983325,5.0,4.0,-73.0
1777891473.8083324,4.0,2.0,-74.0
1777891473.8183324,4.0,0.0,-72.0
1777891473.8283324,1.0,-1.0,-77.0
1777891473.8383324,0.0,-3.0,-71.0
1777891473.8483324,3.0,-2.0,-67.0
1777891473.8583324,1.0,1.0,-65.0
1777891473.8683324,6.0,2.0,-62.0
1777891473.8783324,4.0,0.0,-63.0
1777891473.8883324,1.0,0.0,-61.0
1777891473.8983324,2.0,0.0,-68.0
1777891473.9083323,5.0,1.0,-74.0
1777891473.9183323,1.0,0.0,-74.0
1777891473.9283323,0.0,4.0,-72.0
1777891473.9383323,0.0,5.0,-77.0
1777891473.9483323,-2.0,2.0,-77.0
1777891473.9583323,1.0,3.0,-74.0
1777891473.9683323,1.0,1.0,-75.0
1777891473.9783323,3.0,1.0,-72.0
1777891473.9883325,3.0,-2.0,-76.0
1777891473.9983325,1.0,-3.0,-79.0
1777891474.0083325,4.0,0.0,-76.0
1777891474.0183325,4.0,0.0,-72.0
1777891474.0283325,7.0,1.0,-71.0
1777891474.0383325,4.0,3.0,-67.0
1777891474.0483325,0.0,4.0,-67.0
1777891474.0583324,0.0,4.0,-58.0
1777891474.0683324,0.0,1.0,-59.0
1777891474.0783324,2.0,4.0,-65.0
1777891474.0883324,-3.0,4.0,-69.0
1777891474.0983324,1.0,7.0,-72.0
1777891474.1083324,0.0,2.0,-69.0
1777891474.1183324,0.0,4.0,-77.0
1777891474.1283324,0.0,7.0,-77.0
1777891474.1383324,-1.0,3.0,-76.0
1777891474.1483324,4.0,1.0,-80.0
1777891474.1583323,2.0,0.0,-79.0
1777891474.1683323,5.0,1.0,-77.0
1777891474.1783323,0.0,2.0,-81.0
1777891474.1883323,4.0,-2.0,-75.0
1777891474.1983323,4.0,-6.0,-75.0
1777891474.2083323,2.0,-7.0,-75.0
1777891474.2183323,2.0,-4.0,-71.0
1777891474.2283323,1.0,0.0,-66.0
1777891474.2383325,1.0,1.0,-66.0
1777891474.2483325,3.0,2.0,-67.0
1777891474.2583325,7.0,4.0,-67.0
1777891474.2683325,5.0,5.0,-71.0
1777891474.2783325,5.0,3.0,-71.0
1777891474.2883325,1.0,2.0,-70.0
1777891474.2983325,0.0,-1.0,-74.0
1777891474.3083324,-3.0,0.0,-70.0
1777891474.3183324,-4.0,-6.0,-65.0
1777891474.3283324,-2.0,-6.0,-70.0
1777891474.3383324,4.0,-8.0,-66.0
1777891474.3483324,3.0,-5.0,-69.0
1777891474.3583324,0.0,-2.0,-72.0
1777891474.3683324,-7.0,-1.0,-75.0
1777891474.3783324,-7.0,-2.0,-82.0
1777891474.3883324,-6.0,-1.0,-78.0
1777891474.3983324,-3.0,-1.0,-80.0
1777891474.4083323,-2.0,2.0,-75.0
1777891474.4183323,0.0,2.0,-74.0
1777891474.4283323,0.0,-2.0,-73.0
1777891474.4383323,3.0,0.0,-72.0
1777891474.4483323,5.0,-2.0,-65.0
1777891474.4583323,5.0,0.0,-69.0
1777891474.4683323,5.0,-2.0,-72.0
1777891474.4783323,3.0,-3.0,-70.0
1777891474.4883325,6.0,-1.0,-68.0
1777891474.4983325,9.0,-2.0,-71.0
1777891474.5083325,5.0,2.0,-75.0
1777891474.5183325,3.0,-1.0,-80.0
1777891474.5283325,1.0,0.0,-80.0
1777891474.5383325,2.0,0.0,-74.0
1777891474.5483325,0.0,-6.0,-69.0
1777891474.5583324,0.0,-4.0,-69.0
1777891474.5683324,-2.0,-4.0,-78.0
1777891474.5783324,-6.0,-2.0,-74.0
1777891474.5883324,-5.0,-1.0,-72.0
1777891474.5983324,-5.0,-1.0,-70.0
1777891474.6083324,-2.0,0.0,-64.0
1777891474.6183324,0.0,3.0,-63.0
1777891474.6283324,-2.0,4.0,-67.0
1777891474.6383324,-1.0,2.0,-69.0
1777891474.6483324,-2.0,0.0,-66.0
1777891474.6583323,0.0,0.0,-66.0
1777891474.6683323,1.0,0.0,-74.0
1777891474.6783323,0.0,0.0,-73.0
1777891474.6883323,-1.0,3.0,-74.0
1777891474.6983323,-2.0,4.0,-76.0
1777891474.7083323,-5.0,4.0,-66.0
1777891474.7183323,0.0,1.0,-70.0
1777891474.7283323,-1.0,1.0,-70.0
1777891474.7383325,-2.0,2.0,-77.0
1777891474.7483325,3.0,7.0,-75.0
1777891474.7583325,4.0,5.0,-74.0
1777891474.7683325,4.0,5.0,-70.0
1777891474.7783325,5.0,5.0,-69.0
1777891474.7883325,0.0,6.0,-69.0
1777891474.7983325,0.0,5.0,-67.0
1777891474.8083324,0.0,2.0,-61.0
1777891474.8183324,-2.0,6.0,-58.0
1777891474.8283324,-2.0,6.0,-59.0
1777891474.8383324,-4.0,0.0,-52.0
1777891474.8483324,-4.0,6.0,-56.0
1777891474.8583324,-2.0,6.0,-66.0
1777891474.8683324,1.0,6.0,-64.0
1777891474.8783324,2.0,8.0,-69.0
1777891474.8883324,0.0,2.0,-69.0
1777891474.8983324,-2.0,0.0,-71.0
1777891474.9083323,-3.0,3.0,-72.0
1777891474.9183323,-1.0,0.0,-73.0
1777891474.9283323,4.0,0.0,-73.0
1777891474.9383323,9.0,2.0,-66.0
1777891474.9483323,11.0,-2.0,-62.0
1777891474.9583323,9.0,-5.0,-62.0
1777891474.9683323,8.0,-5.0,-64.0
1777891474.9783323,5.0,-3.0,-61.0
1777891474.9883325,3.0,0.0,-68.0
1777891474.9983325,6.0,0.0,-74.0
1777891475.0083325,6.0,-2.0,-71.0
1777891475.0183325,5.0,-2.0,-63.0
1777891475.0283325,0.0,-1.0,-64.0
1777891475.0383325,1.0,0.0,-64.0
1777891475.0483325,1.0,0.0,-65.0
1777891475.0583324,3.0,0.0,-68.0
1777891475.0683324,1.0,-1.0,-71.0
1777891475.0783324,1.0,-1.0,-71.0
1777891475.0883324,1.0,-1.0,-73.0
1777891475.0983324,2.0,-2.0,-77.0
1777891475.1083324,3.0,-1.0,-70.0
1777891475.1183324,7.0,0.0,-78.0
1777891475.1283324,5.0,-1.0,-78.0
1777891475.1383324,0.0,-5.0,-75.0
1777891475.1483324,-1.0,-3.0,-79.0
1777891475.1583323,2.0,-3.0,-77.0
1777891475.1683323,4.0,-3.0,-74.0
1777891475.1783323,3.0,-2.0,-72.0
1777891475.1883323,2.0,-2.0,-75.0
1777891475.1983323,1.0,-2.0,-75.0
1777891475.2083323,1.0,-2.0,-79.0
1777891475.2183323,0.0,-3.0,-74.0
1777891475.2283323,-4.0,-5.0,-75.0
1777891475.2383325,0.0,-6.0,-75.0
1777891475.2483325,4.0,-8.0,-74.0
1777891475.2583325,1.0,-2.0,-68.0
1777891475.2683325,-1.0,-5.0,-69.0
1777891475.2783325,-1.0,-7.0,-69.0
1777891475.2883325,0.0,-8.0,-74.0
1777891475.2983325,0.0,-6.0,-81.0
1777891475.3083324,0.0,-8.0,-78.0
1777891475.3183324,1.0,-4.0,-74.0
1777891475.3283324,2.0,1.0,-74.0
1777891475.3383324,3.0,0.0,-72.0
1777891475.3483324,2.0,-2.0,-74.0
1777891475.3583324,-1.0,-7.0,-72.0
1777891475.3683324,3.0,-2.0,-69.0
1777891475.3783324,1.0,0.0,-69.0
1777891475.3883324,6.0,2.0,-71.0
1777891475.3983324,10.0,1.0,-70.0
1777891475.4083323,12.0,-1.0,-65.0
1777891475.4183323,9.0,0.0,-67.0
1777891475.4283323,4.0,1.0,-70.0
1777891475.4383323,2.0,0.0,-75.0
1777891475.4483323,5.0,3.0,-79.0
1777891475.4583323,2.0,4.0,-81.0
1777891475.4683323,0.0,5.0,-87.0
1777891475.4783323,-1.0,5.0,-84.0
1777891475.4883325,-3.0,7.0,-80.0
1777891475.4983325,-1.0,3.0,-76.0
1777891475.5083325,-4.0,2.0,-71.0
1777891475.5183325,0.0,1.0,-69.0
1777891475.5283325,3.0,2.0,-68.0
1777891475.5383325,5.0,0.0,-66.0
1777891475.5483325,5.0,3.0,-71.0
1777891475.5583324,5.0,5.0,-71.0
1777891475.5683324,6.0,2.0,-75.0
1777891475.5783324,7.0,-1.0,-73.0
1777891475.5883324,9.0,-2.0,-72.0
1777891475.5983324,7.0,-3.0,-70.0
1777891475.6083324,5.0,-5.0,-66.0
1777891475.6183324,4.0,-3.0,-63.0
1777891475.6283324,0.0,0.0,-62.0
1777891475.6383324,1.0,3.0,-68.0
1777891475.6493323,0.0,0.0,-72.0
1777891475.6593325,-3.0,1.0,-68.0
1777891475.6693325,-2.0,2.0,-69.0
1777891475.6793325,0.0,2.0,-67.0
1777891475.6893325,-1.0,0.0,-71.0
1777891475.6993325,0.0,0.0,-71.0
1777891475.7093325,0.0,0.0,-67.0
1777891475.7193325,2.0,1.0,-70.0
1777891475.7293324,6.0,-1.0,-79.0
1777891475.7393324,10.0,-2.0,-83.0
1777891475.7493324,10.0,0.0,-79.0
1777891475.7593324,10.0,1.0,-71.0
1777891475.7693324,8.0,0.0,-71.0
1777891475.7793324,7.0,-2.0,-73.0
1777891475.7893324,6.0,-2.0,-66.0
1777891475.7993324,5.0,-1.0,-69.0
1777891475.8093324,6.0,-2.0,-71.0
1777891475.8193324,0.0,-1.0,-72.0
1777891475.8293324,-6.0,0.0,-69.0
1777891475.8393323,0.0,-4.0,-70.0
1777891475.8493323,1.0,-2.0,-69.0
1777891475.8593323,-2.0,-2.0,-69.0
1777891475.8693323,-2.0,-2.0,-62.0
1777891475.8793323,-2.0,2.0,-66.0
1777891475.8893323,-1.0,-1.0,-70.0
1777891475.8993323,-3.0,1.0,-70.0
1777891475.9093325,-1.0,-1.0,-70.0
1777891475.9193325,-1.0,0.0,-70.0
1777891475.9293325,4.0,3.0,-64.0
1777891475.9403324,4.0,5.0,-60.0
1777891475.9493325,1.0,2.0,-62.0
1777891475.9593325,4.0,2.0,-70.0
1777891475.9693325,5.0,1.0,-72.0
1777891475.9793324,5.0,-1.0,-75.0
1777891475.9893324,3.0,-1.0,-75.0
1777891475.9993324,0.0,-1.0,-73.0
1777891476.0093324,0.0,-1.0,-78.0
1777891476.0193324,-1.0,0.0,-84.0
1777891476.0293324,0.0,-2.0,-82.0
1777891476.0393324,2.0,1.0,-80.0
1777891476.0493324,4.0,1.0,-81.0
1777891476.0593324,6.0,5.0,-72.0
1777891476.0693324,5.0,5.0,-71.0
1777891476.0793324,-3.0,7.0,-68.0
1777891476.0893323,-5.0,6.0,-67.0
1777891476.0993323,-5.0,3.0,-69.0
1777891476.1093323,-3.0,1.0,-68.0
1777891476.1193323,-2.0,0.0,-74.0
1777891476.1293323,1.0,1.0,-79.0
1777891476.1393323,5.0,1.0,-87.0
1777891476.1493323,6.0,-1.0,-80.0
1777891476.1593325,5.0,-2.0,-77.0
1777891476.1693325,3.0,-3.0,-73.0
1777891476.1793325,1.0,0.0,-70.0
1777891476.1893325,0.0,0.0,-72.0
1777891476.1993325,0.0,0.0,-74.0
1777891476.2093325,3.0,-4.0,-71.0
1777891476.2193325,4.0,-1.0,-65.0
1777891476.2293324,1.0,3.0,-65.0
1777891476.2393324,3.0,5.0,-69.0
1777891476.2493324,2.0,4.0,-76.0
1777891476.2593324,3.0,2.0,-69.0
1777891476.2693324,0.0,-1.0,-58.0
1777891476.2793324,-1.0,-1.0,-65.0
1777891476.2893324,-2.0,0.0,-67.0
1777891476.2993324,-5.0,2.0,-72.0
1777891476.3093324,-1.0,4.0,-77.0
1777891476.3193324,0.0,1.0,-76.0
1777891476.3293324,-1.0,-1.0,-76.0
1777891476.3393323,-4.0,1.0,-76.0
1777891476.3493323,0.0,4.0,-77.0
1777891476.3593323,0.0,1.0,-76.0
1777891476.3693323,1.0,0.0,-76.0
1777891476.3793323,1.0,-2.0,-71.0
1777891476.3893323,1.0,-4.0,-70.0
1777891476.3993323,-1.0,-3.0,-65.0
1777891476.4093325,-5.0,0.0,-71.0
1777891476.4193325,-5.0,1.0,-78.0
1777891476.4293325,-1.0,0.0,-79.0
1777891476.4393325,-1.0,-2.0,-80.0
1777891476.4493325,-1.0,1.0,-77.0
1777891476.4593325,0.0,0.0,-74.0
1777891476.4693325,-1.0,-1.0,-77.0
1777891476.4793324,0.0,-4.0,-77.0
1777891476.4893324,-3.0,-4.0,-78.0
1777891476.4993324,0.0,-5.0,-71.0
1777891476.5093324,0.0,-4.0,-72.0
1777891476.5193324,-2.0,-1.0,-78.0
1777891476.5293324,-1.0,1.0,-75.0
1777891476.5393324,-1.0,3.0,-71.0
1777891476.5493324,0.0,6.0,-72.0
1777891476.5593324,0.0,6.0,-72.0
1777891476.5693324,-1.0,4.0,-74.0
1777891476.5793324,2.0,7.0,-75.0
1777891476.5893323,0.0,5.0,-73.0
1777891476.5993323,0.0,7.0,-72.0
1777891476.6093323,1.0,5.0,-69.0
1777891476.6193323,-2.0,3.0,-67.0
1777891476.6293323,-2.0,0.0,-64.0
1777891476.6393323,-4.0,-1.0,-64.0
1777891476.6493323,0.0,0.0,-73.0
1777891476.6593325,1.0,3.0,-71.0
1777891476.6693325,1.0,3.0,-68.0
1777891476.6793325,3.0,1.0,-60.0
1777891476.6893325,5.0,1.0,-64.0
1777891476.6993325,5.0,0.0,-59.0
1777891476.7093325,7.0,2.0,-56.0
1777891476.7193325,7.0,0.0,-53.0
1777891476.7293324,11.0,-2.0,-64.0
1777891476.7393324,9.0,0.0,-66.0
1777891476.7493324,1.0,0.0,-66.0
1777891476.7593324,-2.0,-6.0,-62.0
1777891476.7693324,0.0,-6.0,-62.0
1777891476.7793324,0.0,-8.0,-65.0
1777891476.7893324,2.0,-10.0,-70.0
1777891476.7993324,4.0,-11.0,-75.0
1777891476.8093324,0.0,-8.0,-72.0
1777891476.8193324,-4.0,-7.0,-80.0
1777891476.8293324,-3.0,-4.0,-77.0
1777891476.8393323,1.0,1.0,-82.0
1777891476.8493323,1.0,3.0,-78.0
1777891476.8593323,4.0,6.0,-75.0
1777891476.8693323,6.0,3.0,-79.0
1777891476.8793323,8.0,2.0,-71.0
1777891476.8893323,6.0,2.0,-77.0
1777891476.8993323,7.0,1.0,-75.0
1777891476.9093325,4.0,0.0,-80.0
1777891476.9193325,-1.0,1.0,-74.0
1777891476.9293325,0.0,3.0,-71.0
1777891476.9393325,2.0,1.0,-70.0
1777891476.9493325,6.0,4.0,-63.0
1777891476.9593325,1.0,3.0,-69.0
1777891476.9693325,3.0,-2.0,-68.0
1777891476.9793324,9.0,-1.0,-64.0
1777891476.9893324,8.0,1.0,-66.0
1777891476.9993324,7.0,2.0,-72.0
1777891477.0093324,1.0,2.0,-77.0
1777891477.0193324,0.0,3.0,-78.0
1777891477.0293324,1.0,3.0,-79.0
1777891477.0393324,2.0,2.0,-74.0
1777891477.0493324,5.0,3.0,-72.0
1777891477.0593324,-1.0,-1.0,-73.0
1777891477.0693324,0.0,-3.0,-72.0
1777891477.0793324,0.0,-2.0,-68.0
1777891477.0893323,2.0,-5.0,-71.0
1777891477.0993323,2.0,-4.0,-68.0
1777891477.1093323,0.0,-5.0,-72.0
1777891477.1193323,-5.0,-3.0,-70.0
1777891477.1293323,-3.0,-2.0,-69.0
1777891477.1393323,1.0,0.0,-66.0
1777891477.1493323,6.0,-1.0,-67.0
1777891477.1593325,9.0,-2.0,-62.0
1777891477.1693325,10.0,-1.0,-60.0
1777891477.1793325,8.0,-2.0,-61.0
1777891477.1893325,8.0,-3.0,-62.0
1777891477.1993325,4.0,-2.0,-61.0
1777891477.2093325,5.0,-5.0,-59.0
1777891477.2193325,7.0,-2.0,-60.0
1777891477.2293324,0.0,-5.0,-60.0
1777891477.2393324,2.0,-7.0,-65.0
1777891477.2493324,0.0,-1.0,-72.0
1777891477.2593324,1.0,0.0,-76.0
1777891477.2693324,4.0,0.0,-73.0
1777891477.2793324,4.0,4.0,-77.0
1777891477.2893324,8.0,2.0,-77.0
1777891477.2993324,8.0,1.0,-73.0
1777891477.3093324,6.0,5.0,-69.0
1777891477.3193324,1.0,3.0,-66.0
1777891477.3293324,0.0,2.0,-67.0
1777891477.3393323,0.0,2.0,-62.0
1777891477.3493323,-1.0,-3.0,-72.0
1777891477.3593323,3.0,-7.0,-72.0
1777891477.3693323,6.0,-3.0,-65.0
1777891477.3793323,7.0,-3.0,-61.0
1777891477.3893323,5.0,-2.0,-69.0
1777891477.3993323,4.0,-4.0,-74.0
1777891477.4093325,1.0,-6.0,-76.0
1777891477.4193325,0.0,-2.0,-75.0
1777891477.4293325,0.0,0.0,-75.0
1777891477.4393325,4.0,4.0,-79.0
1777891477.4493325,10.0,6.0,-84.0
1777891477.4593325,10.0,2.0,-74.0
1777891477.4693325,7.0,5.0,-67.0
1777891477.4793324,6.0,3.0,-71.0
1777891477.4893324,3.0,5.0,-76.0
1777891477.4993324,2.0,3.0,-69.0
1777891477.5093324,3.0,0.0,-72.0
1777891477.5193324,0.0,4.0,-70.0
1777891477.5293324,5.0,5.0,-68.0
1777891477.5393324,6.0,6.0,-66.0
1777891477.5493324,3.0,0.0,-68.0
1777891477.5593324,1.0,-3.0,-74.0
1777891477.5693324,2.0,-1.0,-79.0
1777891477.5793324,0.0,2.0,-79.0
1777891477.5893323,0.0,2.0,-75.0
1777891477.5993323,-1.0,1.0,-81.0
1777891477.6093323,-1.0,2.0,-84.0
1777891477.6203325,1.0,2.0,-83.0
1777891477.6303325,-2.0,4.0,-84.0
1777891477.6403325,0.0,2.0,-84.0
1777891477.6503325,2.0,-1.0,-82.0
1777891477.6603324,3.0,-5.0,-79.0
1777891477.6703324,0.0,-2.0,-77.0
1777891477.6813323,3.0,-3.0,-76.0
1777891477.6903324,0.0,-3.0,-78.0
1777891477.7003324,-4.0,-3.0,-80.0
1777891477.7103324,0.0,0.0,-78.0
1777891477.7203324,3.0,0.0,-80.0
1777891477.7303324,1.0,2.0,-80.0
1777891477.7403324,-2.0,3.0,-77.0
1777891477.7503324,-3.0,3.0,-69.0
1777891477.7603323,0.0,4.0,-64.0
1777891477.7703323,0.0,-2.0,-65.0
1777891477.7803323,5.0,-4.0,-64.0
1777891477.7903323,9.0,-4.0,-62.0
1777891477.8003323,5.0,-5.0,-64.0
1777891477.8103323,3.0,-4.0,-68.0
1777891477.8203323,3.0,-1.0,-72.0
1777891477.8303325,5.0,-4.0,-71.0
1777891477.8403325,8.0,-3.0,-79.0
1777891477.8503325,6.0,-3.0,-73.0
1777891477.8603325,7.0,-3.0,-69.0
1777891477.8703325,8.0,-2.0,-69.0
1777891477.8803325,9.0,-3.0,-71.0
1777891477.8903325,5.0,0.0,-72.0
1777891477.9003325,1.0,0.0,-71.0
1777891477.9103324,1.0,2.0,-71.0
1777891477.9203324,2.0,0.0,-74.0
1777891477.9303324,3.0,0.0,-80.0
1777891477.9403324,3.0,0.0,-85.0
1777891477.9503324,0.0,-1.0,-80.0
1777891477.9603324,-3.0,-2.0,-80.0
1777891477.9703324,-1.0,-3.0,-82.0
1777891477.9803324,-2.0,-1.0,-77.0
1777891477.9903324,-1.0,1.0,-81.0
1777891478.0003324,3.0,4.0,-80.0
1777891478.0103323,2.0,1.0,-81.0
1777891478.0203323,1.0,0.0,-80.0
1777891478.0303323,-2.0,0.0,-78.0
1777891478.0403323,0.0,4.0,-77.0
1777891478.0503323,-3.0,5.0,-71.0
1777891478.0603323,-7.0,2.0,-65.0
1777891478.0703323,-9.0,-4.0,-62.0
1777891478.0803325,-5.0,-6.0,-57.0
1777891478.0903325,-4.0,-5.0,-58.0
1777891478.1003325,-6.0,-2.0,-62.0
1777891478.1103325,-8.0,2.0,-64.0
1777891478.1203325,-5.0,4.0,-66.0
1777891478.1303325,-4.0,0.0,-62.0
1777891478.1403325,-2.0,-1.0,-68.0
1777891478.1503325,-5.0,0.0,-69.0
1777891478.1603324,-3.0,-1.0,-66.0
1777891478.1703324,1.0,-1.0,-68.0
1777891478.1803324,2.0,0.0,-70.0
1777891478.1903324,3.0,-2.0,-74.0
1777891478.2003324,1.0,0.0,-81.0
1777891478.2103324,3.0,0.0,-77.0
1777891478.2203324,2.0,-1.0,-74.0
1777891478.2303324,-1.0,0.0,-71.0
1777891478.2403324,3.0,1.0,-73.0
1777891478.2503324,3.0,2.0,-69.0
1777891478.2603323,6.0,-2.0,-70.0
1777891478.2703323,1.0,-3.0,-64.0
1777891478.2803323,3.0,-3.0,-68.0
1777891478.2903323,5.0,-5.0,-70.0
1777891478.3003323,9.0,-7.0,-66.0
1777891478.3103323,9.0,-7.0,-57.0
1777891478.3203323,11.0,-7.0,-56.0
1777891478.3303325,14.0,-7.0,-56.0
1777891478.3403325,11.0,-5.0,-58.0
1777891478.3503325,6.0,-5.0,-58.0
1777891478.3603325,3.0,-5.0,-67.0
1777891478.3703325,10.0,2.0,-64.0
1777891478.3803325,9.0,0.0,-67.0
1777891478.3903325,9.0,2.0,-71.0
1777891478.4003325,9.0,0.0,-71.0
1777891478.4103324,10.0,0.0,-73.0
1777891478.4203324,7.0,-2.0,-79.0
1777891478.4303324,3.0,-3.0,-74.0
1777891478.4403324,4.0,1.0,-76.0
1777891478.4503324,4.0,2.0,-75.0
1777891478.4603324,4.0,2.0,-69.0
1777891478.4703324,4.0,2.0,-65.0
1777891478.4803324,6.0,2.0,-68.0
1777891478.4903324,7.0,1.0,-74.0
1777891478.5003324,9.0,0.0,-78.0
1777891478.5103323,5.0,0.0,-74.0
1777891478.5203323,4.0,3.0,-70.0
1777891478.5303323,6.0,4.0,-72.0
1777891478.5403323,6.0,5.0,-73.0
1777891478.5503323,2.0,4.0,-68.0
1777891478.5603323,2.0,8.0,-73.0
1777891478.5703323,0.0,6.0,-67.0
1777891478.5803325,2.0,3.0,-70.0
1777891478.5903325,5.0,4.0,-72.0
1777891478.6003325,4.0,0.0,-69.0
1777891478.6103325,2.0,-2.0,-69.0
1777891478.6203325,0.0,-3.0,-67.0
1777891478.6303325,3.0,-4.0,-66.0
1777891478.6403325,2.0,-3.0,-66.0
1777891478.6503325,2.0,-4.0,-64.0
1777891478.6603324,2.0,-5.0,-64.0
1777891478.6703324,4.0,-5.0,-63.0
1777891478.6803324,1.0,-4.0,-69.0
1777891478.6903324,3.0,-6.0,-71.0
1777891478.7003324,2.0,-3.0,-74.0
1777891478.7103324,4.0,-3.0,-73.0
1777891478.7203324,5.0,2.0,-71.0
1777891478.7303324,5.0,3.0,-73.0
1777891478.7403324,2.0,0.0,-70.0
1777891478.7503324,0.0,1.0,-66.0
1777891478.7603323,-3.0,0.0,-65.0
1777891478.7703323,-1.0,-5.0,-71.0
1777891478.7803323,-3.0,-6.0,-71.0
1777891478.7903323,-3.0,-8.0,-70.0
1777891478.8003323,-1.0,-6.0,-67.0
1777891478.8103323,-3.0,-6.0,-70.0
1777891478.8203323,-2.0,-6.0,-71.0
1777891478.8303325,-4.0,-5.0,-77.0
1777891478.8403325,-4.0,-4.0,-78.0
1777891478.8503325,-4.0,-5.0,-77.0
1777891478.8603325,0.0,-4.0,-81.0
1777891478.8703325,-1.0,-3.0,-83.0
1777891478.8803325,0.0,0.0,-82.0
1777891478.8903325,5.0,-2.0,-85.0
1777891478.9003325,4.0,0.0,-80.0
1777891478.9103324,3.0,-1.0,-79.0
1777891478.9203324,6.0,-5.0,-77.0
1777891478.9303324,6.0,-7.0,-73.0
1777891478.9403324,7.0,-6.0,-72.0
1777891478.9503324,1.0,-6.0,-67.0
1777891478.9603324,0.0,-2.0,-63.0
1777891478.9703324,3.0,-1.0,-62.0
1777891478.9803324,4.0,-3.0,-60.0
1777891478.9903324,5.0,-4.0,-65.0
1777891479.0003324,3.0,2.0,-76.0
1777891479.0103323,-1.0,7.0,-77.0
1777891479.0203323,0.0,3.0,-72.0
1777891479.0303323,-4.0,5.0,-73.0
1777891479.0403323,-2.0,4.0,-67.0
1777891479.0503323,-2.0,5.0,-62.0
1777891479.0603323,-4.0,6.0,-64.0
1777891479.0703323,-3.0,3.0,-66.0
1777891479.0803325,0.0,2.0,-73.0
1777891479.0903325,-1.0,6.0,-79.0
1777891479.1003325,-1.0,3.0,-73.0
1777891479.1103325,2.0,0.0,-72.0
1777891479.1203325,0.0,0.0,-71.0
1777891479.1303325,2.0,2.0,-74.0
1777891479.1403325,4.0,4.0,-83.0
1777891479.1503325,5.0,0.0,-79.0
1777891479.1603324,1.0,2.0,-77.0
1777891479.1703324,-4.0,2.0,-82.0
1777891479.1803324,-6.0,5.0,-81.0
1777891479.1903324,-7.0,3.0,-81.0
1777891479.2003324,-7.0,3.0,-82.0
1777891479.2103324,-8.0,3.0,-77.0
1777891479.2203324,-6.0,3.0,-68.0
1777891479.2303324,-2.0,5.0,-73.0
1777891479.2403324,2.0,1.0,-72.0
1777891479.2503324,3.0,0.0,-75.0
1777891479.2603323,6.0,2.0,-80.0
1777891479.2703323,6.0,0.0,-83.0
1777891479.2803323,3.0,-3.0,-77.0
1777891479.2903323,-3.0,-1.0,-74.0
1777891479.3003323,0.0,1.0,-75.0
1777891479.3103323,-2.0,0.0,-69.0
1777891479.3203323,-1.0,-2.0,-68.0
1777891479.3303325,0.0,-1.0,-68.0
1777891479.3403325,1.0,-4.0,-65.0
1777891479.3503325,3.0,-4.0,-68.0
1777891479.3603325,-1.0,-1.0,-62.0
1777891479.3703325,-7.0,-3.0,-72.0
1777891479.3803325,-4.0,-4.0,-72.0
1777891479.3903325,0.0,0.0,-70.0
1777891479.4003325,0.0,0.0,-75.0
1777891479.4103324,1.0,-3.0,-76.0
1777891479.4203324,3.0,-1.0,-82.0
1777891479.4303324,0.0,-1.0,-82.0
1777891479.4403324,4.0,5.0,-84.0
1777891479.4503324,7.0,1.0,-82.0
1777891479.4603324,0.0,1.0,-77.0
1777891479.4703324,0.0,2.0,-79.0
1777891479.4803324,-4.0,1.0,-75.0
1777891479.4903324,-6.0,-1.0,-71.0
1777891479.5003324,-7.0,-1.0,-78.0
1777891479.5103323,-4.0,0.0,-72.0
1777891479.5203323,1.0,0.0,-73.0
1777891479.5303323,0.0,0.0,-71.0
1777891479.5403323,0.0,-1.0,-72.0
1777891479.5503323,0.0,2.0,-73.0
1777891479.5603323,3.0,0.0,-75.0
1777891479.5703323,7.0,-3.0,-70.0
1777891479.5803325,7.0,0.0,-73.0
1777891479.5903325,4.0,1.0,-73.0
1777891479.6003325,3.0,3.0,-74.0
1777891479.6103325,0.0,0.0,-77.0
1777891479.6213324,-1.0,0.0,-75.0
1777891479.6313324,-5.0,0.0,-77.0
1777891479.6413324,5.0,-2.0,-73.0
1777891479.6513324,9.0,0.0,-73.0
1777891479.6613324,8.0,3.0,-75.0
1777891479.6713324,4.0,1.0,-72.0
1777891479.6813323,1.0,-1.0,-71.0
1777891479.6913323,0.0,1.0,-68.0
1777891479.7013323,-2.0,4.0,-70.0
1777891479.7113323,-5.0,1.0,-73.0
1777891479.7213323,-1.0,-1.0,-78.0
1777891479.7313323,-2.0,-2.0,-73.0
1777891479.7413323,0.0,2.0,-76.0
1777891479.7513323,0.0,1.0,-75.0
1777891479.7613325,2.0,0.0,-80.0
1777891479.7713325,5.0,0.0,-86.0
1777891479.7813325,7.0,4.0,-84.0
1777891479.7913325,11.0,2.0,-79.0
1777891479.8013325,17.0,4.0,-78.0
1777891479.8113325,18.0,0.0,-78.0
1777891479.8213325,12.0,1.0,-79.0
1777891479.8313324,8.0,0.0,-77.0
1777891479.8413324,8.0,-1.0,-75.0
1777891479.8513324,8.0,-3.0,-76.0
1777891479.8613324,4.0,-1.0,-80.0
1777891479.8713324,-3.0,-2.0,-75.0
1777891479.8813324,-5.0,-4.0,-71.0
1777891479.8913324,-5.0,-5.0,-64.0
1777891479.9013324,-1.0,-5.0,-69.0
1777891479.9113324,3.0,-9.0,-66.0
1777891479.9213324,4.0,-7.0,-62.0
1777891479.9313323,4.0,-6.0,-65.0
1777891479.9413323,5.0,0.0,-63.0
1777891479.9513323,2.0,-2.0,-67.0
1777891479.9613323,2.0,1.0,-73.0
1777891479.9713323,2.0,-4.0,-79.0
1777891479.9813323,3.0,-7.0,-74.0
1777891479.9913323,3.0,-6.0,-72.0
1777891480.0013323,0.0,0.0,-77.0
1777891480.0113325,2.0,3.0,-77.0
1777891480.0213325,4.0,3.0,-76.0
1777891480.0313325,6.0,9.0,-69.0
1777891480.0413325,1.0,9.0,-66.0
1777891480.0513325,-3.0,7.0,-70.0
1777891480.0613325,1.0,6.0,-69.0
1777891480.0713325,0.0,4.0,-61.0
1777891480.0813324,0.0,1.0,-58.0
1777891480.0913324,-1.0,2.0,-62.0
1777891480.1013324,1.0,3.0,-63.0
1777891480.1113324,6.0,7.0,-77.0
1777891480.1213324,9.0,4.0,-76.0
1777891480.1313324,11.0,0.0,-68.0
1777891480.1413324,9.0,-1.0,-73.0
1777891480.1513324,10.0,-2.0,-67.0
1777891480.1613324,7.0,0.0,-67.0
1777891480.1713324,4.0,1.0,-63.0
1777891480.1813323,5.0,0.0,-65.0
1777891480.1913323,6.0,0.0,-64.0
1777891480.2013323,3.0,0.0,-67.0
1777891480.2113323,1.0,0.0,-66.0
1777891480.2213323,3.0,0.0,-68.0
1777891480.2313323,1.0,1.0,-74.0
1777891480.2413323,-1.0,0.0,-75.0
1777891480.2513323,2.0,-5.0,-74.0
1777891480.2613325,5.0,-4.0,-76.0
1777891480.2713325,4.0,-2.0,-79.0
1777891480.2813325,2.0,-3.0,-81.0
1777891480.2913325,-1.0,-4.0,-82.0
1777891480.3013325,2.0,-6.0,-80.0
1777891480.3113325,2.0,-11.0,-79.0
1777891480.3213325,5.0,-9.0,-81.0
1777891480.3313324,4.0,-4.0,-76.0
1777891480.3413324,4.0,-5.0,-73.0
1777891480.3513324,6.0,-2.0,-74.0
1777891480.3613324,1.0,-5.0,-71.0
1777891480.3713324,-4.0,-8.0,-71.0
1777891480.3813324,-4.0,-7.0,-68.0
1777891480.3913324,-1.0,-6.0,-62.0
1777891480.4013324,0.0,-6.0,-63.0
1777891480.4113324,2.0,-4.0,-56.0
1777891480.4213324,0.0,-5.0,-66.0
1777891480.4313323,0.0,-6.0,-66.0
1777891480.4413323,-8.0,-4.0,-66.0
1777891480.4513323,-9.0,-5.0,-67.0
1777891480.4613323,-8.0,-3.0,-71.0
1777891480.4713323,-4.0,-7.0,-74.0
1777891480.4813323,-4.0,-3.0,-73.0
1777891480.4913323,-9.0,-3.0,-75.0
1777891480.5013323,-7.0,-3.0,-73.0
1777891480.5113325,-5.0,-1.0,-74.0
1777891480.5213325,0.0,0.0,-67.0
1777891480.5313325,5.0,0.0,-69.0
1777891480.5413325,3.0,-1.0,-69.0
1777891480.5513325,5.0,-1.0,-65.0
1777891480.5613325,7.0,0.0,-72.0
1777891480.5713325,5.0,1.0,-73.0
1777891480.5813324,8.0,5.0,-72.0
1777891480.5913324,4.0,4.0,-67.0
1777891480.6013324,1.0,3.0,-72.0
1777891480.6113324,-4.0,2.0,-67.0
1777891480.6213324,-6.0,1.0,-63.0
1777891480.6313324,-4.0,1.0,-69.0
1777891480.6413324,-1.0,1.0,-63.0
1777891480.6513324,0.0,-1.0,-63.0
1777891480.6613324,4.0,-2.0,-67.0
1777891480.6713324,6.0,-1.0,-70.0
1777891480.6813323,4.0,0.0,-72.0
1777891480.6913323,4.0,1.0,-76.0
1777891480.7013323,1.0,-1.0,-77.0
1777891480.7113323,2.0,0.0,-76.0
1777891480.7213323,0.0,-2.0,-76.0
1777891480.7313323,0.0,0.0,-78.0
1777891480.7413323,2.0,0.0,-71.0
1777891480.7513323,-2.0,-1.0,-70.0
1777891480.7613325,-3.0,-3.0,-71.0
1777891480.7713325,1.0,0.0,-71.0
1777891480.7813325,0.0,0.0,-81.0
1777891480.7913325,-2.0,-1.0,-79.0
1777891480.8013325,-2.0,-1.0,-83.0
1777891480.8113325,-3.0,0.0,-77.0
1777891480.8213325,3.0,0.0,-69.0
1777891480.8313324,6.0,-3.0,-66.0
1777891480.8413324,3.0,-4.0,-65.0
1777891480.8513324,4.0,-3.0,-63.0
1777891480.8613324,1.0,-3.0,-61.0
1777891480.8713324,-3.0,0.0,-58.0
1777891480.8813324,-2.0,-1.0,-61.0
1777891480.8913324,1.0,1.0,-68.0
1777891480.9013324,-1.0,1.0,-69.0
1777891480.9113324,-1.0,3.0,-74.0
1777891480.9213324,0.0,2.0,-75.0
1777891480.9313323,-1.0,-3.0,-72.0
1777891480.9413323,0.0,-4.0,-73.0
1777891480.9513323,0.0,-7.0,-76.0
1777891480.9613323,1.0,-7.0,-80.0
1777891480.9713323,-1.0,-5.0,-80.0
1777891480.9813323,-5.0,-7.0,-76.0
1777891480.9913323,-4.0,-5.0,-72.0
1777891481.0013323,-4.0,-2.0,-77.0
1777891481.0113325,-2.0,-4.0,-78.0
1777891481.0213325,-4.0,-1.0,-76.0
1777891481.0313325,-8.0,3.0,-78.0
1777891481.0413325,-7.0,4.0,-76.0
1777891481.0513325,-2.0,8.0,-81.0
1777891481.0613325,-1.0,9.0,-85.0
1777891481.0713325,-2.0,7.0,-79.0
1777891481.0813324,1.0,4.0,-73.0
1777891481.0913324,3.0,7.0,-67.0
1777891481.1013324,5.0,8.0,-69.0
1777891481.1113324,3.0,2.0,-70.0
1777891481.1213324,4.0,3.0,-70.0
1777891481.1313324,1.0,4.0,-68.0
1777891481.1413324,3.0,3.0,-71.0
1777891481.1513324,4.0,4.0,-66.0
1777891481.1613324,2.0,3.0,-71.0
1777891481.1713324,3.0,2.0,-77.0
1777891481.1813323,-1.0,1.0,-79.0
1777891481.1913323,-1.0,2.0,-77.0
1777891481.2013323,0.0,0.0,-69.0
1777891481.2113323,-5.0,-1.0,-70.0
1777891481.2213323,-5.0,-1.0,-67.0
1777891481.2313323,-2.0,-4.0,-70.0
1777891481.2413323,0.0,-6.0,-65.0
1777891481.2513323,1.0,-3.0,-69.0
1777891481.2613325,1.0,-3.0,-66.0
1777891481.2713325,0.0,0.0,-70.0
1777891481.2813325,0.0,0.0,-79.0
1777891481.2913325,-3.0,-1.0,-78.0
1777891481.3013325,-5.0,-5.0,-69.0
1777891481.3113325,-5.0,-8.0,-69.0
1777891481.3213325,-3.0,-9.0,-71.0
1777891481.3313324,-5.0,-7.0,-67.0
1777891481.3413324,0.0,-8.0,-67.0
1777891481.3513324,0.0,-4.0,-64.0
1777891481.3613324,-2.0,0.0,-67.0
1777891481.3713324,-2.0,0.0,-66.0
1777891481.3813324,0.0,-2.0,-70.0
1777891481.3913324,1.0,-1.0,-69.0
1777891481.4013324,3.0,1.0,-68.0
1777891481.4113324,4.0,0.0,-66.0
1777891481.4213324,8.0,-2.0,-67.0
1777891481.4313323,9.0,0.0,-70.0
1777891481.4413323,7.0,0.0,-75.0
1777891481.4513323,5.0,0.0,-82.0
1777891481.4613323,0.0,1.0,-91.0
1777891481.4713323,0.0,-2.0,-87.0
1777891481.4813323,-1.0,2.0,-80.0
1777891481.4913323,-4.0,3.0,-80.0
1777891481.5013323,0.0,5.0,-74.0
1777891481.5113325,0.0,3.0,-75.0
1777891481.5213325,-1.0,2.0,-72.0
1777891481.5313325,-2.0,0.0,-71.0
1777891481.5413325,-3.0,3.0,-71.0
1777891481.5513325,-1.0,6.0,-70.0
1777891481.5613325,-4.0,4.0,-77.0
1777891481.5723324,-2.0,0.0,-77.0
1777891481.5813324,-4.0,0.0,-78.0
1777891481.5923324,-5.0,-3.0,-76.0
1777891481.6023324,-5.0,-4.0,-83.0
1777891481.6123323,-3.0,-3.0,-79.0
1777891481.6223323,-5.0,1.0,-78.0
1777891481.6323323,-3.0,4.0,-73.0
1777891481.6423323,-5.0,4.0,-79.0
1777891481.6523323,-4.0,1.0,-80.0
1777891481.6623323,-4.0,0.0,-76.0
1777891481.6723323,-4.0,0.0,-72.0
1777891481.6823325,-3.0,-4.0,-70.0
1777891481.6923325,-2.0,-7.0,-76.0
1777891481.7023325,-4.0,-9.0,-81.0
1777891481.7123325,-3.0,-9.0,-78.0
1777891481.7223325,-1.0,-11.0,-75.0
1777891481.7323325,1.0,-11.0,-70.0
1777891481.7423325,0.0,-6.0,-75.0
1777891481.7523324,0.0,-7.0,-76.0
1777891481.7623324,-1.0,-4.0,-69.0
1777891481.7723324,5.0,-3.0,-71.0
1777891481.7823324,0.0,-5.0,-72.0
1777891481.7923324,-3.0,-3.0,-78.0
1777891481.8023324,-3.0,-2.0,-77.0
1777891481.8123324,1.0,-6.0,-79.0
1777891481.8223324,0.0,-6.0,-71.0
1777891481.8323324,-3.0,-4.0,-80.0
1777891481.8423324,-1.0,-1.0,-74.0
1777891481.8523324,1.0,-3.0,-77.0
1777891481.8623323,3.0,-4.0,-76.0
1777891481.8723323,3.0,0.0,-62.0
1777891481.8823323,3.0,0.0,-55.0
1777891481.8923323,-2.0,0.0,-51.0
1777891481.9023323,-5.0,0.0,-55.0
1777891481.9123323,-5.0,0.0,-61.0
1777891481.9223323,-5.0,-2.0,-65.0
1777891481.9323325,-3.0,0.0,-68.0
1777891481.9423325,-3.0,0.0,-63.0
1777891481.9523325,0.0,-2.0,-62.0
1777891481.9623325,-1.0,-5.0,-65.0
1777891481.9723325,0.0,-10.0,-67.0
1777891481.9823325,-1.0,-9.0,-69.0
1777891481.9923325,-1.0,-11.0,-76.0
1777891482.0023324,-1.0,-12.0,-73.0
1777891482.0123324,1.0,-6.0,-73.0
1777891482.0223324,0.0,-2.0,-69.0
1777891482.0323324,-2.0,-2.0,-74.0
1777891482.0423324,-1.0,0.0,-70.0
1777891482.0523324,4.0,-3.0,-66.0
1777891482.0623324,2.0,-2.0,-68.0
1777891482.0723324,5.0,2.0,-70.0
1777891482.0823324,6.0,0.0,-66.0
1777891482.0923324,3.0,-1.0,-69.0
1777891482.1023324,3.0,-1.0,-63.0
1777891482.1123323,1.0,0.0,-64.0
1777891482.1223323,0.0,1.0,-70.0
1777891482.1323323,1.0,0.0,-70.0
1777891482.1423323,1.0,2.0,-68.0
1777891482.1523323,3.0,3.0,-67.0
1777891482.1623323,4.0,0.0,-69.0
1777891482.1723323,8.0,-1.0,-72.0
1777891482.1823325,5.0,-4.0,-72.0
1777891482.1923325,0.0,-4.0,-66.0
1777891482.2023325,-5.0,-6.0,-60.0
1777891482.2123325,-9.0,-4.0,-62.0
1777891482.2223325,-5.0,-3.0,-65.0
1777891482.2323325,0.0,-1.0,-70.0
1777891482.2423325,-1.0,0.0,-72.0
1777891482.2523324,-7.0,-2.0,-68.0
1777891482.2623324,-8.0,-1.0,-71.0
1777891482.2723324,-14.0,0.0,-71.0
1777891482.2823324,-13.0,-2.0,-68.0
1777891482.2923324,-9.0,-6.0,-66.0
1777891482.3023324,-6.0,-5.0,-68.0
1777891482.3123324,-4.0,-2.0,-69.0
1777891482.3223324,-8.0,0.0,-71.0
1777891482.3323324,-8.0,1.0,-68.0
1777891482.3423324,-5.0,-1.0,-76.0
1777891482.3523324,0.0,1.0,-84.0
1777891482.3623323,0.0,1.0,-85.0
1777891482.3723323,-1.0,4.0,-89.0
1777891482.3823323,2.0,5.0,-91.0
1777891482.3923323,1.0,3.0,-91.0
1777891482.4023323,2.0,-2.0,-78.0
1777891482.4123323,3.0,3.0,-79.0
1777891482.4223323,0.0,1.0,-82.0
1777891482.4323325,-3.0,-5.0,-80.0
1777891482.4423325,-2.0,-5.0,-75.0
1777891482.4523325,-4.0,-4.0,-75.0
1777891482.4623325,-4.0,-2.0,-69.0
1777891482.4723325,-1.0,-1.0,-68.0
1777891482.4823325,0.0,0.0,-64.0
1777891482.4923325,3.0,0.0,-62.0
1777891482.5023324,0.0,0.0,-61.0
1777891482.5123324,0.0,3.0,-64.0
1777891482.5223324,-4.0,1.0,-68.0
1777891482.5323324,-6.0,0.0,-73.0
1777891482.5423324,-2.0,0.0,-74.0
1777891482.5523324,-3.0,0.0,-80.0
1777891482.5623324,-2.0,0.0,-79.0
1777891482.5723324,-2.0,2.0,-78.0
1777891482.5823324,-3.0,3.0,-73.0
1777891482.5923324,-4.0,0.0,-70.0
1777891482.6023324,0.0,1.0,-74.0
1777891482.6123323,-1.0,1.0,-72.0
1777891482.6223323,0.0,2.0,-68.0
1777891482.6323323,4.0,2.0,-71.0
1777891482.6423323,6.0,1.0,-72.0
1777891482.6523323,4.0,0.0,-74.0
1777891482.6623323,1.0,0.0,-70.0
1777891482.6723323,0.0,-2.0,-72.0
1777891482.6823325,2.0,-3.0,-76.0
1777891482.6923325,0.0,-6.0,-75.0
1777891482.7023325,4.0,-6.0,-75.0
1777891482.7123325,8.0,-1.0,-64.0
1777891482.7223325,6.0,0.0,-66.0
1777891482.7323325,3.0,-2.0,-64.0
1777891482.7423325,2.0,0.0,-61.0
1777891482.7523324,2.0,0.0,-66.0
1777891482.7623324,4.0,0.0,-59.0
1777891482.7723324,1.0,-1.0,-68.0
1777891482.7823324,0.0,-1.0,-67.0
1777891482.7923324,2.0,-4.0,-65.0
1777891482.8023324,5.0,-6.0,-66.0
1777891482.8123324,3.0,-3.0,-77.0
1777891482.8223324,-1.0,-1.0,-79.0
1777891482.8323324,-2.0,0.0,-80.0
1777891482.8423324,0.0,1.0,-80.0
1777891482.8523324,0.0,-2.0,-78.0
1777891482.8623323,0.0,-3.0,-76.0
1777891482.8723323,1.0,-4.0,-78.0
1777891482.8823323,-2.0,-1.0,-76.0
1777891482.8923323,-1.0,0.0,-80.0
1777891482.9023323,1.0,-1.0,-77.0
1777891482.9123323,2.0,0.0,-83.0
1777891482.9223323,-1.0,0.0,-88.0
1777891482.9323325,0.0,-1.0,-87.0
1777891482.9423325,3.0,-3.0,-81.0
1777891482.9523325,5.0,0.0,-77.0
1777891482.9623325,4.0,0.0,-75.0
1777891482.9723325,3.0,0.0,-78.0
1777891482.9823325,3.0,2.0,-76.0
1777891482.9923325,7.0,6.0,-73.0
1777891483.0023324,7.0,3.0,-79.0
1777891483.0123324,6.0,0.0,-80.0
1777891483.0223324,2.0,1.0,-77.0
1777891483.0323324,0.0,-1.0,-76.0
1777891483.0423324,3.0,-1.0,-79.0
1777891483.0523324,5.0,2.0,-76.0
1777891483.0623324,5.0,4.0,-78.0
1777891483.0723324,3.0,1.0,-76.0
1777891483.0823324,1.0,0.0,-74.0
1777891483.0923324,2.0,-2.0,-79.0
1777891483.1023324,1.0,-3.0,-75.0
1777891483.1123323,1.0,-4.0,-75.0
1777891483.1223323,0.0,-4.0,-74.0
1777891483.1323323,-1.0,-3.0,-75.0
1777891483.1423323,3.0,-7.0,-75.0
1777891483.1523323,4.0,-7.0,-81.0
1777891483.1623323,3.0,-2.0,-82.0
1777891483.1723323,6.0,-7.0,-85.0
1777891483.1823325,7.0,-6.0,-85.0
1777891483.1923325,7.0,0.0,-75.0
1777891483.2023325,8.0,-2.0,-76.0
1777891483.2123325,8.0,0.0,-74.0
1777891483.2223325,9.0,-1.0,-79.0
1777891483.2323325,2.0,-1.0,-79.0
1777891483.2423325,-1.0,0.0,-75.0
1777891483.2523324,0.0,1.0,-72.0
1777891483.2623324,1.0,0.0,-75.0
1777891483.2723324,3.0,-2.0,-75.0
1777891483.2823324,6.0,1.0,-74.0
1777891483.2923324,4.0,5.0,-82.0
1777891483.3023324,3.0,8.0,-85.0
1777891483.3123324,0.0,10.0,-88.0
1777891483.3223324,0.0,11.0,-82.0
1777891483.3323324,-1.0,3.0,-72.0
1777891483.3423324,0.0,0.0,-74.0
1777891483.3523324,-1.0,4.0,-79.0
1777891483.3623323,0.0,2.0,-76.0
1777891483.3723323,0.0,-3.0,-75.0
1777891483.3823323,-3.0,-6.0,-70.0
1777891483.3923323,-4.0,-5.0,-77.0
1777891483.4023323,-8.0,-4.0,-83.0
1777891483.4123323,-8.0,-2.0,-81.0
1777891483.4223323,-9.0,-2.0,-77.0
1777891483.4323325,-6.0,-2.0,-71.0
1777891483.4423325,-1.0,-3.0,-73.0
1777891483.4523325,2.0,-3.0,-77.0
1777891483.4623325,0.0,-1.0,-79.0
1777891483.4723325,0.0,-3.0,-76.0
1777891483.4823325,1.0,-3.0,-78.0
1777891483.4923325,1.0,-7.0,-72.0
1777891483.5023324,-4.0,-6.0,-70.0
1777891483.5123324,0.0,-5.0,-71.0
1777891483.5223324,0.0,-7.0,-73.0
1777891483.5323324,-1.0,-4.0,-74.0
1777891483.5423324,0.0,-3.0,-79.0
1777891483.5523324,0.0,-4.0,-80.0
1777891483.5623324,-1.0,-6.0,-78.0
1777891483.5733323,-4.0,-3.0,-70.0
1777891483.5823324,-4.0,-2.0,-64.0
1777891483.5933323,-1.0,-7.0,-62.0
1777891483.6023324,3.0,-3.0,-65.0
1777891483.6133325,3.0,-2.0,-67.0
1777891483.6233325,7.0,-3.0,-70.0
1777891483.6333325,6.0,-5.0,-69.0
1777891483.6433325,9.0,-5.0,-69.0
1777891483.6533325,8.0,-2.0,-70.0
1777891483.6633325,-2.0,-3.0,-63.0
1777891483.6733325,-1.0,-2.0,-67.0
1777891483.6833324,-1.0,-2.0,-69.0
1777891483.6933324,4.0,-4.0,-72.0
1777891483.7033324,1.0,-6.0,-77.0
1777891483.7133324,2.0,-9.0,-73.0
1777891483.7233324,6.0,-11.0,-70.0
1777891483.7333324,3.0,-9.0,-71.0
1777891483.7433324,0.0,-4.0,-74.0
1777891483.7533324,3.0,-6.0,-73.0
1777891483.7633324,1.0,-4.0,-71.0
1777891483.7733324,4.0,-4.0,-72.0
1777891483.7833323,2.0,-2.0,-69.0
1777891483.7933323,5.0,-4.0,-72.0
1777891483.8033323,7.0,-2.0,-72.0
1777891483.8133323,4.0,-3.0,-75.0
1777891483.8233323,4.0,-3.0,-71.0
1777891483.8333323,0.0,-4.0,-74.0
1777891483.8433323,-5.0,-6.0,-71.0
1777891483.8533323,-4.0,-7.0,-74.0
1777891483.8633325,-4.0,-7.0,-75.0
1777891483.8733325,-5.0,-4.0,-76.0
1777891483.8833325,-1.0,-2.0,-82.0
1777891483.8933325,-2.0,-3.0,-86.0
1777891483.9033325,-1.0,-3.0,-79.0
1777891483.9133325,1.0,-3.0,-73.0
1777891483.9233325,0.0,-3.0,-71.0
1777891483.9333324,0.0,-5.0,-68.0
1777891483.9433324,0.0,-7.0,-69.0
1777891483.9533324,-1.0,-10.0,-69.0
1777891483.9633324,1.0,-8.0,-72.0
1777891483.9733324,0.0,-3.0,-68.0
1777891483.9833324,0.0,-1.0,-72.0
1777891483.9933324,0.0,0.0,-75.0
1777891484.0033324,2.0,-4.0,-71.0
1777891484.0133324,4.0,-4.0,-71.0
1777891484.0233324,0.0,-3.0,-69.0
1777891484.0333323,-1.0,-5.0,-71.0
1777891484.0433323,1.0,-3.0,-71.0
1777891484.0533323,0.0,-4.0,-74.0
1777891484.0633323,0.0,-4.0,-73.0
1777891484.0733323,0.0,0.0,-76.0
1777891484.0833323,2.0,-1.0,-76.0
1777891484.0933323,2.0,-1.0,-78.0
1777891484.1033323,-2.0,-2.0,-74.0
1777891484.1133325,-1.0,-7.0,-74.0
1777891484.1233325,-1.0,-8.0,-74.0
1777891484.1333325,0.0,-9.0,-71.0
1777891484.1433325,5.0,-7.0,-77.0
1777891484.1533325,8.0,-4.0,-74.0
1777891484.1633325,6.0,-4.0,-81.0
1777891484.1733325,2.0,-3.0,-83.0
1777891484.1833324,-2.0,-2.0,-78.0
1777891484.1933324,-2.0,-3.0,-76.0
1777891484.2033324,-7.0,-7.0,-71.0
1777891484.2133324,0.0,-7.0,-75.0
1777891484.2233324,2.0,-1.0,-74.0
1777891484.2333324,0.0,0.0,-72.0
1777891484.2433324,-3.0,2.0,-68.0
1777891484.2533324,-1.0,1.0,-68.0
1777891484.2633324,4.0,3.0,-67.0
1777891484.2733324,9.0,0.0,-72.0
1777891484.2833323,10.0,-2.0,-75.0
1777891484.2933323,8.0,-6.0,-77.0
1777891484.3033323,6.0,-5.0,-74.0
1777891484.3133323,3.0,-10.0,-72.0
1777891484.3233323,5.0,-7.0,-73.0
1777891484.3333323,11.0,-6.0,-74.0
1777891484.3433323,7.0,-1.0,-81.0
1777891484.3533323,2.0,0.0,-76.0
1777891484.3633325,-3.0,0.0,-73.0
1777891484.3733325,0.0,-2.0,-71.0
1777891484.3833325,-2.0,-2.0,-69.0
1777891484.3933325,4.0,-4.0,-69.0
1777891484.4033325,3.0,-5.0,-69.0
1777891484.4133325,4.0,-4.0,-70.0
1777891484.4233325,7.0,-2.0,-64.0
1777891484.4333324,6.0,-2.0,-66.0
1777891484.4433324,2.0,0.0,-68.0
1777891484.4533324,-1.0,-2.0,-76.0
1777891484.4633324,0.0,-1.0,-74.0
1777891484.4733324,4.0,1.0,-67.0
1777891484.4833324,6.0,0.0,-64.0
1777891484.4933324,5.0,0.0,-65.0
1777891484.5033324,6.0,3.0,-68.0
1777891484.5133324,2.0,1.0,-66.0
1777891484.5233324,7.0,1.0,-65.0
1777891484.5333323,6.0,0.0,-66.0
1777891484.5433323,7.0,-3.0,-65.0
1777891484.5533323,3.0,-2.0,-65.0
1777891484.5633323,1.0,-5.0,-69.0
1777891484.5733323,2.0,-6.0,-63.0
1777891484.5833323,5.0,-8.0,-59.0
1777891484.5933323,8.0,-9.0,-58.0
1777891484.6033323,9.0,-5.0,-62.0
1777891484.6133325,6.0,-4.0,-70.0
1777891484.6233325,1.0,0.0,-78.0
1777891484.6333325,3.0,0.0,-84.0
1777891484.6433325,5.0,4.0,-86.0
1777891484.6533325,6.0,4.0,-81.0
1777891484.6633325,4.0,5.0,-85.0
1777891484.6733325,-1.0,1.0,-83.0
1777891484.6833324,0.0,0.0,-81.0
1777891484.6933324,0.0,1.0,-81.0
1777891484.7033324,0.0,6.0,-78.0
1777891484.7133324,1.0,2.0,-73.0
1777891484.7233324,3.0,1.0,-74.0
1777891484.7333324,2.0,5.0,-69.0
1777891484.7433324,2.0,0.0,-63.0
1777891484.7533324,4.0,1.0,-72.0
1777891484.7633324,3.0,0.0,-65.0
1777891484.7733324,4.0,3.0,-66.0
1777891484.7833323,5.0,3.0,-67.0
1777891484.7933323,4.0,1.0,-66.0
1777891484.8033323,0.0,-1.0,-70.0
1777891484.8133323,0.0,-4.0,-62.0
1777891484.8233323,3.0,-3.0,-64.0
1777891484.8333323,7.0,0.0,-64.0
1777891484.8433323,7.0,4.0,-68.0
1777891484.8533323,8.0,6.0,-70.0
1777891484.8633325,9.0,6.0,-70.0
1777891484.8733325,9.0,7.0,-68.0
1777891484.8833325,4.0,5.0,-69.0
1777891484.8933325,1.0,1.0,-69.0
1777891484.9033325,2.0,0.0,-68.0
1777891484.9133325,0.0,2.0,-71.0
1777891484.9233325,-4.0,3.0,-75.0
1777891484.9333324,-4.0,2.0,-76.0
1777891484.9433324,0.0,-1.0,-70.0
1777891484.9533324,0.0,-2.0,-70.0
1777891484.9633324,0.0,-4.0,-68.0
1777891484.9733324,0.0,-3.0,-72.0
1777891484.9833324,2.0,-1.0,-76.0
1777891484.9933324,-2.0,6.0,-75.0
1777891485.0033324,-3.0,3.0,-70.0
1777891485.0133324,-2.0,3.0,-67.0
1777891485.0233324,-3.0,5.0,-70.0
1777891485.0333323,-5.0,4.0,-76.0
1777891485.0433323,-5.0,4.0,-76.0
1777891485.0533323,-1.0,10.0,-72.0
1777891485.0633323,0.0,8.0,-72.0
1777891485.0733323,-4.0,6.0,-73.0
1777891485.0833323,-6.0,2.0,-74.0
1777891485.0933323,-4.0,5.0,-78.0
1777891485.1033323,-2.0,1.0,-75.0
1777891485.1133325,-1.0,0.0,-77.0
1777891485.1233325,-4.0,0.0,-78.0
1777891485.1333325,-4.0,-1.0,-85.0
1777891485.1433325,-2.0,-2.0,-86.0
1777891485.1533325,1.0,0.0,-79.0
1777891485.1633325,2.0,0.0,-84.0
1777891485.1733325,2.0,4.0,-83.0
1777891485.1833324,3.0,3.0,-84.0
1777891485.1933324,2.0,3.0,-79.0
1777891485.2033324,0.0,0.0,-77.0
1777891485.2133324,-5.0,0.0,-75.0
1777891485.2233324,-5.0,-1.0,-69.0
1777891485.2333324,-2.0,0.0,-65.0
1777891485.2433324,0.0,6.0,-67.0
1777891485.2533324,4.0,10.0,-58.0
1777891485.2633324,-1.0,10.0,-65.0
1777891485.2733324,-7.0,6.0,-67.0
1777891485.2833323,-9.0,-2.0,-70.0
1777891485.2933323,-7.0,-6.0,-76.0
1777891485.3033323,-1.0,-5.0,-70.0
1777891485.3133323,1.0,-3.0,-67.0
1777891485.3233323,0.0,0.0,-75.0
1777891485.3333323,-2.0,0.0,-74.0
1777891485.3433323,-1.0,-2.0,-68.0
1777891485.3533323,-5.0,-2.0,-60.0
1777891485.3633325,-8.0,-5.0,-51.0
1777891485.3733325,-5.0,-5.0,-54.0
1777891485.3833325,-3.0,-6.0,-53.0
1777891485.3933325,-1.0,-3.0,-56.0
1777891485.4043324,1.0,-1.0,-59.0
1777891485.4133325,2.0,3.0,-63.0
1777891485.4233325,4.0,-1.0,-70.0
1777891485.4333324,0.0,-1.0,-72.0
1777891485.4433324,-5.0,0.0,-64.0
1777891485.4533324,-4.0,0.0,-62.0
1777891485.4633324,-3.0,1.0,-71.0
1777891485.4733324,0.0,-1.0,-75.0
1777891485.4833324,1.0,1.0,-72.0
1777891485.4933324,0.0,3.0,-72.0
1777891485.5033324,-2.0,3.0,-75.0
1777891485.5133324,0.0,3.0,-74.0
1777891485.5233324,0.0,3.0,-74.0
1777891485.5343325,2.0,7.0,-75.0
1777891485.5433323,2.0,7.0,-75.0
1777891485.5533323,-2.0,3.0,-73.0
1777891485.5633323,0.0,-1.0,-73.0
1777891485.5743325,-2.0,-6.0,-66.0
1777891485.5843325,-3.0,-1.0,-62.0
1777891485.5943325,-1.0,-3.0,-63.0
1777891485.6043324,3.0,-5.0,-66.0
1777891485.6143324,2.0,-6.0,-71.0
1777891485.6243324,1.0,-5.0,-69.0
1777891485.6343324,3.0,-5.0,-74.0
1777891485.6443324,4.0,-3.0,-71.0
1777891485.6543324,0.0,-3.0,-65.0
1777891485.6643324,-3.0,-3.0,-68.0
1777891485.6743324,2.0,-2.0,-67.0
1777891485.6843324,5.0,-3.0,-69.0
1777891485.6943324,5.0,-4.0,-76.0
1777891485.7043324,2.0,-5.0,-77.0
1777891485.7143323,3.0,-5.0,-76.0
1777891485.7243323,1.0,-1.0,-72.0
1777891485.7343323,0.0,-3.0,-68.0
1777891485.7443323,1.0,-2.0,-67.0
1777891485.7543323,-2.0,0.0,-70.0
1777891485.7643323,0.0,0.0,-67.0
1777891485.7743323,2.0,2.0,-68.0
1777891485.7843325,0.0,0.0,-72.0
1777891485.7943325,0.0,-6.0,-72.0
1777891485.8043325,4.0,-9.0,-70.0
1777891485.8143325,7.0,-9.0,-69.0
1777891485.8243325,6.0,-7.0,-63.0
1777891485.8343325,10.0,-3.0,-62.0
1777891485.8443325,11.0,-3.0,-68.0
1777891485.8543324,8.0,-1.0,-70.0
1777891485.8643324,5.0,-2.0,-73.0
1777891485.8743324,4.0,-2.0,-73.0
1777891485.8843324,8.0,-3.0,-73.0
1777891485.8943324,8.0,-3.0,-75.0
1777891485.9043324,6.0,-2.0,-75.0
1777891485.9143324,9.0,-2.0,-72.0
1777891485.9243324,8.0,-5.0,-72.0
1777891485.9343324,9.0,-5.0,-72.0
1777891485.9443324,9.0,-3.0,-80.0
1777891485.9543324,7.0,0.0,-82.0
1777891485.9643323,7.0,-1.0,-77.0
1777891485.9743323,3.0,1.0,-78.0
1777891485.9843323,4.0,1.0,-77.0
1777891485.9943323,6.0,0.0,-84.0
1777891486.0043323,8.0,2.0,-83.0
1777891486.0143323,3.0,5.0,-74.0
1777891486.0243323,4.0,8.0,-68.0
1777891486.0343325,1.0,2.0,-68.0
1777891486.0443325,-1.0,0.0,-74.0
1777891486.0543325,-5.0,-1.0,-78.0
1777891486.0643325,-6.0,0.0,-78.0
1777891486.0743325,-2.0,0.0,-77.0
1777891486.0843325,1.0,5.0,-75.0
1777891486.0943325,-1.0,6.0,-70.0
1777891486.1043324,0.0,4.0,-69.0
1777891486.1143324,1.0,2.0,-66.0
1777891486.1243324,-2.0,1.0,-62.0
1777891486.1343324,-1.0,2.0,-61.0
1777891486.1443324,-1.0,3.0,-65.0
1777891486.1543324,0.0,6.0,-74.0
1777891486.1643324,-1.0,3.0,-81.0
1777891486.1743324,0.0,0.0,-82.0
1777891486.1843324,-1.0,-5.0,-81.0
1777891486.1943324,-3.0,-7.0,-81.0
1777891486.2043324,-5.0,-5.0,-80.0
1777891486.2143323,-6.0,0.0,-77.0
1777891486.2243323,-2.0,0.0,-70.0
1777891486.2343323,0.0,-1.0,-65.0
1777891486.2443323,-1.0,-4.0,-63.0
1777891486.2543323,-2.0,-2.0,-66.0
1777891486.2643323,-1.0,2.0,-63.0
1777891486.2743323,-5.0,3.0,-68.0
1777891486.2843325,-3.0,3.0,-69.0
1777891486.2943325,-4.0,5.0,-70.0
1777891486.3043325,-8.0,5.0,-73.0
1777891486.3143325,-1.0,4.0,-76.0
1777891486.3243325,0.0,1.0,-75.0
1777891486.3343325,0.0,1.0,-77.0
1777891486.3443325,-4.0,0.0,-71.0
1777891486.3543324,-9.0,2.0,-69.0
1777891486.3643324,-5.0,1.0,-74.0
1777891486.3743324,-3.0,1.0,-75.0
1777891486.3843324,-3.0,-2.0,-70.0
1777891486.3943324,-6.0,-3.0,-70.0
1777891486.4043324,-1.0,-7.0,-68.0
1777891486.4143324,-4.0,-6.0,-68.0
1777891486.4243324,-4.0,-7.0,-66.0
1777891486.4343324,-6.0,-6.0,-67.0
1777891486.4443324,-2.0,-6.0,-63.0
1777891486.4543324,1.0,-8.0,-63.0
1777891486.4643323,2.0,-2.0,-70.0
1777891486.4743323,3.0,1.0,-76.0
1777891486.4843323,1.0,2.0,-79.0
1777891486.4943323,0.0,2.0,-82.0
1777891486.5043323,-4.0,1.0,-79.0
1777891486.5143323,-4.0,2.0,-71.0
1777891486.5243323,-2.0,1.0,-78.0
1777891486.5343325,1.0,0.0,-81.0
1777891486.5443325,1.0,0.0,-73.0
1777891486.5543325,1.0,-2.0,-73.0
1777891486.5643325,0.0,-5.0,-75.0
1777891486.5743325,-4.0,-8.0,-70.0
1777891486.5843325,-5.0,-9.0,-63.0
1777891486.5943325,-4.0,-7.0,-71.0
1777891486.6043324,-3.0,-2.0,-71.0
1777891486.6143324,-4.0,0.0,-69.0
1777891486.6243324,-2.0,2.0,-67.0
1777891486.6343324,0.0,3.0,-66.0
1777891486.6443324,-1.0,-1.0,-70.0
1777891486.6543324,2.0,0.0,-71.0
1777891486.6643324,0.0,0.0,-71.0
1777891486.6743324,0.0,-2.0,-72.0
1777891486.6843324,2.0,-3.0,-73.0
1777891486.6943324,2.0,-4.0,-76.0
1777891486.7043324,3.0,-3.0,-73.0
1777891486.7143323,4.0,-2.0,-71.0
1777891486.7243323,7.0,-1.0,-70.0
1777891486.7343323,9.0,-4.0,-71.0
1777891486.7443323,5.0,-2.0,-72.0
1777891486.7543323,8.0,-6.0,-70.0
1777891486.7643323,4.0,-10.0,-68.0
1777891486.7743323,0.0,-10.0,-71.0
1777891486.7843325,0.0,-10.0,-67.0
1777891486.7943325,3.0,-7.0,-71.0
1777891486.8043325,0.0,-5.0,-69.0
1777891486.8143325,0.0,-5.0,-76.0
1777891486.8243325,-1.0,-5.0,-73.0
1777891486.8343325,-2.0,-4.0,-75.0
1777891486.8443325,-1.0,-2.0,-79.0
1777891486.8543324,3.0,-1.0,-71.0
1777891486.8643324,8.0,4.0,-70.0
1777891486.8743324,8.0,6.0,-78.0
1777891486.8843324,5.0,1.0,-72.0
1777891486.8943324,8.0,0.0,-76.0
1777891486.9043324,7.0,2.0,-80.0
1777891486.9143324,2.0,0.0,-75.0
1777891486.9243324,7.0,0.0,-70.0
1777891486.9343324,2.0,-2.0,-71.0
1777891486.9443324,1.0,-5.0,-75.0
1777891486.9543324,2.0,-6.0,-77.0
1777891486.9643323,2.0,-3.0,-79.0
1777891486.9743323,4.0,-1.0,-74.0
1777891486.9843323,4.0,0.0,-74.0
1777891486.9943323,5.0,0.0,-73.0
1777891487.0043323,2.0,-2.0,-68.0
1777891487.0143323,8.0,1.0,-69.0
1777891487.0243323,9.0,-2.0,-70.0
1777891487.0343325,14.0,0.0,-68.0
1777891487.0443325,10.0,-2.0,-72.0
1777891487.0543325,8.0,-3.0,-75.0
1777891487.0643325,5.0,-2.0,-74.0
1777891487.0743325,7.0,0.0,-72.0
1777891487.0843325,4.0,2.0,-71.0
1777891487.0943325,6.0,1.0,-74.0
1777891487.1043324,1.0,1.0,-70.0
1777891487.1143324,0.0,2.0,-71.0
1777891487.1243324,-1.0,2.0,-73.0
1777891487.1343324,-2.0,0.0,-75.0
1777891487.1443324,-1.0,3.0,-78.0
1777891487.1543324,-2.0,-1.0,-81.0
1777891487.1643324,-3.0,1.0,-81.0
1777891487.1743324,0.0,2.0,-75.0
1777891487.1843324,-3.0,3.0,-74.0
1777891487.1943324,-7.0,3.0,-74.0
1777891487.2043324,-5.0,3.0,-78.0
1777891487.2143323,-6.0,7.0,-81.0
1777891487.2243323,-5.0,7.0,-80.0
1777891487.2343323,-4.0,5.0,-82.0
1777891487.2443323,2.0,0.0,-76.0
1777891487.2543323,2.0,-5.0,-81.0
1777891487.2643323,0.0,-6.0,-83.0
1777891487.2743323,4.0,-5.0,-79.0
1777891487.2843325,4.0,-1.0,-69.0
1777891487.2943325,4.0,0.0,-72.0
1777891487.3043325,2.0,-2.0,-73.0
1777891487.3143325,1.0,0.0,-70.0
1777891487.3243325,-1.0,1.0,-68.0
1777891487.3343325,-3.0,3.0,-71.0
1777891487.3443325,-6.0,2.0,-77.0
1777891487.3543324,-4.0,-2.0,-82.0
1777891487.3643324,-1.0,-6.0,-82.0
1777891487.3743324,3.0,-1.0,-83.0
1777891487.3843324,2.0,-3.0,-86.0
1777891487.3943324,7.0,-8.0,-80.0
1777891487.4043324,3.0,-9.0,-78.0
1777891487.4143324,5.0,-7.0,-71.0
1777891487.4243324,7.0,-9.0,-68.0
1777891487.4343324,9.0,-8.0,-69.0
1777891487.4443324,7.0,-7.0,-74.0
1777891487.4543324,5.0,-7.0,-74.0
1777891487.4643323,0.0,-8.0,-77.0
1777891487.4743323,-1.0,-2.0,-74.0
1777891487.4843323,-3.0,-4.0,-77.0
1777891487.4943323,-1.0,-8.0,-71.0
1777891487.5043323,0.0,-7.0,-60.0
1777891487.5143323,0.0,-6.0,-59.0
1777891487.5243323,2.0,-9.0,-67.0
1777891487.5353324,0.0,-10.0,-62.0
1777891487.5453324,0.0,-8.0,-59.0
1777891487.5543325,1.0,-7.0,-68.0
1777891487.5653324,1.0,-7.0,-66.0
1777891487.5753324,0.0,-7.0,-62.0
1777891487.5853324,3.0,-8.0,-71.0
1777891487.5953324,3.0,-8.0,-65.0
1777891487.6053324,-2.0,-8.0,-64.0
1777891487.6153324,0.0,-6.0,-62.0
1777891487.6253324,2.0,-7.0,-62.0
1777891487.6353323,4.0,-7.0,-63.0
1777891487.6453323,1.0,-4.0,-61.0
1777891487.6553323,2.0,-5.0,-62.0
1777891487.6653323,5.0,-5.0,-63.0
1777891487.6753323,7.0,-3.0,-68.0
1777891487.6853323,8.0,-3.0,-62.0
1777891487.6953323,7.0,-1.0,-61.0
1777891487.7053325,5.0,-5.0,-70.0
1777891487.7153325,5.0,-2.0,-70.0
1777891487.7253325,5.0,-4.0,-72.0
1777891487.7353325,0.0,-1.0,-77.0
1777891487.7453325,3.0,-2.0,-74.0
1777891487.7553325,3.0,-1.0,-76.0
1777891487.7653325,3.0,-8.0,-69.0
1777891487.7753325,0.0,-8.0,-71.0
1777891487.7853324,-1.0,-8.0,-74.0
1777891487.7953324,-4.0,-5.0,-76.0
1777891487.8053324,3.0,-7.0,-77.0
1777891487.8153324,2.0,-6.0,-73.0
1777891487.8253324,3.0,-6.0,-76.0
1777891487.8353324,4.0,-5.0,-78.0
1777891487.8453324,6.0,-4.0,-79.0
1777891487.8553324,6.0,-1.0,-87.0
1777891487.8653324,4.0,0.0,-86.0
1777891487.8753324,4.0,1.0,-82.0
1777891487.8853323,3.0,-2.0,-79.0
1777891487.8953323,7.0,-8.0,-77.0
1777891487.9053323,4.0,-7.0,-82.0
1777891487.9153323,0.0,-5.0,-83.0
1777891487.9253323,3.0,-1.0,-79.0
1777891487.9353323,0.0,0.0,-75.0
1777891487.9453323,-2.0,0.0,-72.0
1777891487.9553325,-3.0,1.0,-69.0
1777891487.9653325,-5.0,0.0,-69.0
1777891487.9753325,-2.0,0.0,-67.0
1777891487.9853325,3.0,0.0,-67.0
1777891487.9953325,4.0,0.0,-64.0
1777891488.0053325,1.0,3.0,-63.0
1777891488.0153325,2.0,0.0,-60.0
1777891488.0253325,1.0,0.0,-64.0
1777891488.0353324,3.0,-2.0,-66.0
1777891488.0453324,0.0,0.0,-72.0
1777891488.0553324,-2.0,0.0,-72.0
1777891488.0653324,-1.0,2.0,-67.0
1777891488.0753324,-5.0,2.0,-65.0
1777891488.0853324,-3.0,-2.0,-72.0
1777891488.0953324,-2.0,-3.0,-74.0
1777891488.1053324,-2.0,-2.0,-76.0
1777891488.1153324,0.0,-5.0,-79.0
1777891488.1253324,-1.0,-4.0,-85.0
1777891488.1353323,-4.0,-5.0,-81.0
1777891488.1453323,-5.0,-4.0,-75.0
1777891488.1553323,-3.0,-4.0,-73.0
1777891488.1653323,-3.0,-5.0,-76.0
1777891488.1753323,-5.0,-4.0,-77.0
1777891488.1853323,-2.0,-6.0,-74.0
1777891488.1953323,4.0,-6.0,-71.0
1777891488.2053325,0.0,-8.0,-74.0
1777891488.2153325,-4.0,-8.0,-68.0
1777891488.2253325,-4.0,-13.0,-65.0
1777891488.2353325,-7.0,-12.0,-69.0
1777891488.2453325,-5.0,-9.0,-76.0
1777891488.2553325,-1.0,-8.0,-69.0
1777891488.2653325,1.0,-5.0,-67.0
1777891488.2753325,0.0,-2.0,-65.0
1777891488.2853324,0.0,-2.0,-66.0
1777891488.2953324,1.0,-4.0,-67.0
1777891488.3053324,2.0,-5.0,-72.0
1777891488.3153324,3.0,-8.0,-68.0
1777891488.3253324,0.0,-5.0,-74.0
1777891488.3353324,3.0,0.0,-74.0
1777891488.3453324,-1.0,-5.0,-80.0
1777891488.3553324,-4.0,-9.0,-88.0
1777891488.3653324,-2.0,-9.0,-84.0
1777891488.3753324,-1.0,-8.0,-83.0
1777891488.3853323,0.0,-11.0,-84.0
1777891488.3953323,0.0,-15.0,-82.0
1777891488.4053323,1.0,-15.0,-82.0
1777891488.4153323,3.0,-13.0,-74.0
1777891488.4253323,2.0,-6.0,-66.0
1777891488.4353323,-1.0,-6.0,-69.0
1777891488.4453323,2.0,-5.0,-69.0
1777891488.4553325,-1.0,-8.0,-68.0
1777891488.4653325,-1.0,-12.0,-66.0
1777891488.4753325,0.0,-13.0,-69.0
1777891488.4853325,1.0,-7.0,-74.0
1777891488.4953325,-1.0,-1.0,-80.0
1777891488.5053325,-7.0,0.0,-78.0
1777891488.5153325,-7.0,1.0,-76.0
1777891488.5253325,-8.0,1.0,-73.0
1777891488.5353324,-12.0,-2.0,-71.0
1777891488.5453324,-5.0,1.0,-68.0
1777891488.5553324,-3.0,-1.0,-63.0
1777891488.5653324,-6.0,-3.0,-65.0
1777891488.5753324,-6.0,-1.0,-63.0
1777891488.5853324,-2.0,-1.0,-66.0
1777891488.5953324,1.0,2.0,-65.0
1777891488.6053324,0.0,0.0,-60.0
1777891488.6153324,0.0,-2.0,-63.0
1777891488.6253324,1.0,-1.0,-72.0
1777891488.6353323,3.0,0.0,-68.0
1777891488.6453323,9.0,0.0,-66.0
1777891488.6553323,10.0,3.0,-61.0
1777891488.6653323,9.0,7.0,-53.0
1777891488.6753323,4.0,5.0,-57.0
1777891488.6853323,5.0,3.0,-60.0
1777891488.6953323,6.0,2.0,-60.0
1777891488.7053325,1.0,1.0,-65.0
1777891488.7153325,-2.0,-3.0,-61.0
1777891488.7253325,-1.0,-3.0,-65.0
1777891488.7353325,0.0,-5.0,-68.0
1777891488.7453325,0.0,-4.0,-70.0
1777891488.7553325,-5.0,-2.0,-64.0
1777891488.7653325,-6.0,-2.0,-70.0
1777891488.7753325,-3.0,-2.0,-68.0
1777891488.7853324,-7.0,-2.0,-71.0
1777891488.7953324,-5.0,0.0,-71.0
1777891488.8053324,-6.0,3.0,-69.0
1777891488.8153324,-1.0,0.0,-69.0
1777891488.8253324,0.0,-4.0,-62.0
1777891488.8353324,0.0,-7.0,-64.0
1777891488.8453324,1.0,-11.0,-59.0
1777891488.8553324,0.0,-10.0,-54.0
1777891488.8653324,-1.0,-9.0,-54.0
1777891488.8753324,1.0,-9.0,-56.0
1777891488.8853323,3.0,-10.0,-56.0
1777891488.8953323,4.0,-10.0,-62.0
1777891488.9053323,2.0,-4.0,-61.0
1777891488.9153323,0.0,-6.0,-66.0
1777891488.9253323,0.0,-5.0,-64.0
1777891488.9353323,6.0,-2.0,-68.0
1777891488.9453323,1.0,3.0,-66.0
1777891488.9553325,4.0,4.0,-64.0
1777891488.9653325,6.0,3.0,-66.0
1777891488.9753325,2.0,1.0,-65.0
1777891488.9853325,2.0,0.0,-67.0
1777891488.9953325,1.0,0.0,-66.0
1777891489.0053325,3.0,-4.0,-67.0
1777891489.0153325,3.0,0.0,-71.0
1777891489.0253325,5.0,3.0,-76.0
1777891489.0353324,4.0,0.0,-79.0
1777891489.0453324,3.0,0.0,-71.0
1777891489.0553324,3.0,-1.0,-74.0
1777891489.0653324,-2.0,-1.0,-72.0
1777891489.0753324,-3.0,0.0,-67.0
1777891489.0853324,-1.0,0.0,-66.0
1777891489.0953324,2.0,2.0,-71.0
1777891489.1053324,5.0,3.0,-76.0
1777891489.1153324,0.0,4.0,-74.0
1777891489.1253324,1.0,6.0,-73.0
1777891489.1353323,1.0,1.0,-69.0
1777891489.1453323,-3.0,0.0,-72.0
1777891489.1553323,-3.0,0.0,-68.0
1777891489.1653323,0.0,-2.0,-69.0
1777891489.1753323,0.0,-2.0,-64.0
1777891489.1853323,2.0,-1.0,-59.0
1777891489.1953323,7.0,0.0,-60.0
1777891489.2053325,3.0,-2.0,-66.0
1777891489.2153325,6.0,-4.0,-68.0
1777891489.2253325,4.0,-8.0,-69.0
1777891489.2353325,3.0,-5.0,-73.0
1777891489.2453325,7.0,0.0,-63.0
1777891489.2553325,7.0,1.0,-66.0
1777891489.2653325,9.0,1.0,-71.0
1777891489.2753325,8.0,-2.0,-73.0
1777891489.2853324,5.0,-4.0,-73.0
1777891489.2953324,1.0,-7.0,-73.0
1777891489.3053324,0.0,-7.0,-71.0
1777891489.3153324,3.0,-2.0,-71.0
1777891489.3253324,0.0,-1.0,-75.0
1777891489.3353324,-3.0,1.0,-72.0
1777891489.3453324,-7.0,-1.0,-71.0
1777891489.3553324,-7.0,-3.0,-73.0
1777891489.3653324,-4.0,0.0,-73.0
1777891489.3753324,-4.0,4.0,-70.0
1777891489.3853323,-6.0,3.0,-67.0
1777891489.3953323,-10.0,2.0,-62.0
1777891489.4053323,-8.0,3.0,-64.0
1777891489.4153323,-5.0,5.0,-66.0
1777891489.4253323,-7.0,2.0,-73.0
1777891489.4353323,-5.0,0.0,-73.0
1777891489.4453323,-6.0,1.0,-64.0
1777891489.4553325,-2.0,3.0,-60.0
1777891489.4653325,-5.0,5.0,-66.0
1777891489.4753325,-5.0,3.0,-62.0
1777891489.4853325,-3.0,0.0,-68.0
1777891489.4953325,-6.0,-1.0,-73.0
1777891489.5063324,-1.0,-2.0,-69.0
1777891489.5153325,-1.0,0.0,-67.0
1777891489.5253325,-1.0,-4.0,-61.0
1777891489.5363324,-1.0,-7.0,-63.0
1777891489.5453324,3.0,-6.0,-68.0
1777891489.5563323,4.0,-6.0,-69.0
1777891489.5663323,5.0,-6.0,-71.0
1777891489.5763323,5.0,-2.0,-73.0
1777891489.5863323,0.0,-7.0,-73.0
1777891489.5963323,2.0,-8.0,-73.0
1777891489.6063323,0.0,-9.0,-71.0
1777891489.6163323,0.0,-6.0,-71.0
1777891489.6263323,4.0,-4.0,-68.0
1777891489.6363325,3.0,-4.0,-68.0
1777891489.6463325,0.0,-7.0,-67.0
1777891489.6563325,0.0,-6.0,-66.0
1777891489.6663325,1.0,-10.0,-70.0
1777891489.6763325,3.0,-8.0,-68.0
1777891489.6863325,7.0,-7.0,-74.0
1777891489.6963325,10.0,-3.0,-75.0
1777891489.7063324,8.0,0.0,-71.0
1777891489.7163324,6.0,0.0,-65.0
1777891489.7263324,7.0,-1.0,-70.0
1777891489.7363324,2.0,0.0,-71.0
1777891489.7463324,4.0,-2.0,-74.0
1777891489.7563324,3.0,-2.0,-75.0
1777891489.7663324,1.0,-5.0,-76.0
1777891489.7763324,5.0,-6.0,-79.0
1777891489.7863324,7.0,-4.0,-76.0
1777891489.7963324,6.0,1.0,-77.0
1777891489.8063323,6.0,0.0,-80.0
1777891489.8163323,14.0,-1.0,-83.0
1777891489.8263323,10.0,1.0,-82.0
1777891489.8363323,6.0,4.0,-86.0
1777891489.8463323,1.0,0.0,-83.0
1777891489.8563323,-1.0,1.0,-84.0
1777891489.8663323,0.0,2.0,-82.0
1777891489.8763323,0.0,0.0,-79.0
1777891489.8863325,0.0,-4.0,-80.0
1777891489.8963325,1.0,-4.0,-84.0
1777891489.9063325,1.0,-4.0,-86.0
1777891489.9163325,1.0,-7.0,-80.0
1777891489.9263325,0.0,-2.0,-73.0
1777891489.9363325,-1.0,-1.0,-74.0
1777891489.9463325,-5.0,1.0,-72.0
1777891489.9563324,-6.0,1.0,-78.0
1777891489.9663324,-3.0,2.0,-80.0
1777891489.9763324,-3.0,0.0,-86.0
1777891489.9863324,-3.0,0.0,-86.0
1777891489.9963324,-7.0,-1.0,-90.0
1777891490.0063324,-2.0,0.0,-85.0
1777891490.0163324,0.0,1.0,-79.0
1777891490.0263324,-1.0,1.0,-72.0
1777891490.0363324,1.0,-2.0,-73.0
1777891490.0463324,2.0,-3.0,-75.0
1777891490.0563323,3.0,-5.0,-79.0
1777891490.0663323,1.0,0.0,-72.0
1777891490.0763323,3.0,6.0,-72.0
1777891490.0863323,4.0,3.0,-71.0
1777891490.0963323,4.0,3.0,-72.0
1777891490.1063323,4.0,4.0,-78.0
1777891490.1163323,5.0,4.0,-84.0
1777891490.1263323,5.0,2.0,-81.0
1777891490.1363325,3.0,1.0,-77.0
1777891490.1463325,5.0,-1.0,-72.0
1777891490.1563325,7.0,-4.0,-76.0
1777891490.1663325,10.0,-5.0,-77.0
1777891490.1763325,7.0,-6.0,-74.0
1777891490.1863325,4.0,-4.0,-68.0
1777891490.1963325,4.0,-5.0,-65.0
1777891490.2063324,1.0,-3.0,-65.0
1777891490.2163324,3.0,-2.0,-63.0
1777891490.2263324,1.0,-2.0,-65.0
1777891490.2363324,0.0,-3.0,-61.0
1777891490.2463324,3.0,-4.0,-65.0
1777891490.2563324,2.0,-2.0,-65.0
1777891490.2663324,0.0,-3.0,-62.0
1777891490.2763324,-2.0,-1.0,-62.0
1777891490.2863324,-2.0,0.0,-70.0
1777891490.2963324,-1.0,-3.0,-77.0
1777891490.3063323,-4.0,-7.0,-76.0
1777891490.3163323,-6.0,-5.0,-74.0
1777891490.3263323,-4.0,-6.0,-72.0
1777891490.3363323,-2.0,-4.0,-67.0
1777891490.3463323,-1.0,-4.0,-70.0
1777891490.3563323,0.0,0.0,-69.0
1777891490.3663323,0.0,0.0,-75.0
1777891490.3763323,-1.0,0.0,-75.0
1777891490.3863325,0.0,-1.0,-75.0
1777891490.3963325,3.0,0.0,-71.0
1777891490.4063325,-4.0,0.0,-73.0
1777891490.4163325,-5.0,5.0,-71.0
1777891490.4263325,-6.0,1.0,-68.0
1777891490.4363325,-4.0,-1.0,-70.0
1777891490.4463325,-2.0,-3.0,-69.0
1777891490.4563324,0.0,-6.0,-60.0
1777891490.4663324,-2.0,-5.0,-61.0
1777891490.4763324,-1.0,-5.0,-68.0
1777891490.4863324,0.0,-3.0,-69.0
1777891490.4963324,-2.0,-2.0,-78.0
1777891490.5063324,0.0,0.0,-80.0
1777891490.5163324,-3.0,0.0,-75.0
1777891490.5263324,-9.0,1.0,-69.0
1777891490.5363324,-8.0,2.0,-77.0
1777891490.5463324,-8.0,2.0,-81.0
1777891490.5563323,-3.0,0.0,-81.0
1777891490.5663323,0.0,-2.0,-79.0
1777891490.5763323,4.0,0.0,-73.0
1777891490.5863323,5.0,-2.0,-76.0
1777891490.5963323,4.0,-5.0,-75.0
1777891490.6063323,0.0,-8.0,-75.0
1777891490.6163323,-1.0,-8.0,-78.0
1777891490.6263323,-1.0,-9.0,-72.0
1777891490.6363325,1.0,-8.0,-72.0
1777891490.6463325,0.0,-5.0,-73.0
1777891490.6563325,-1.0,-2.0,-71.0
1777891490.6663325,1.0,-7.0,-73.0
1777891490.6763325,-4.0,-10.0,-70.0
1777891490.6863325,-6.0,-7.0,-72.0
1777891490.6963325,-7.0,-5.0,-65.0
1777891490.7063324,-3.0,-4.0,-74.0
1777891490.7163324,-2.0,-4.0,-81.0
1777891490.7263324,0.0,-1.0,-79.0
1777891490.7363324,1.0,0.0,-74.0
1777891490.7463324,0.0,0.0,-74.0
1777891490.7563324,2.0,1.0,-82.0
1777891490.7663324,5.0,0.0,-83.0
1777891490.7763324,2.0,1.0,-78.0
1777891490.7863324,2.0,2.0,-79.0
1777891490.7963324,4.0,0.0,-83.0
1777891490.8063323,3.0,0.0,-86.0
1777891490.8163323,2.0,1.0,-78.0
1777891490.8263323,1.0,4.0,-74.0
1777891490.8363323,1.0,-1.0,-76.0
1777891490.8463323,3.0,-4.0,-73.0
1777891490.8563323,3.0,-3.0,-71.0
1777891490.8663323,3.0,-5.0,-70.0
1777891490.8763323,1.0,-3.0,-68.0
1777891490.8863325,1.0,-2.0,-69.0
1777891490.8963325,5.0,-6.0,-72.0
1777891490.9063325,7.0,-7.0,-76.0
1777891490.9163325,2.0,-3.0,-72.0
1777891490.9263325,-1.0,-2.0,-69.0
1777891490.9363325,-2.0,-3.0,-75.0
1777891490.9463325,1.0,-2.0,-74.0
1777891490.9563324,5.0,-3.0,-73.0
1777891490.9663324,4.0,-3.0,-78.0
1777891490.9763324,4.0,-1.0,-79.0
1777891490.9863324,0.0,-2.0,-80.0
1777891490.9963324,0.0,-2.0,-77.0
1777891491.0063324,-1.0,-2.0,-73.0
1777891491.0163324,-2.0,-2.0,-66.0
1777891491.0263324,-2.0,0.0,-62.0
1777891491.0363324,1.0,0.0,-73.0
1777891491.0463324,-2.0,-1.0,-66.0
1777891491.0563323,1.0,-3.0,-68.0
1777891491.0663323,3.0,-2.0,-69.0
1777891491.0763323,10.0,-3.0,-70.0
1777891491.0863323,12.0,-4.0,-68.0
1777891491.0963323,10.0,-5.0,-65.0
1777891491.1063323,6.0,-4.0,-62.0
1777891491.1163323,6.0,-2.0,-62.0
1777891491.1263323,5.0,-2.0,-66.0
1777891491.1363325,2.0,0.0,-67.0
1777891491.1463325,0.0,1.0,-67.0
1777891491.1563325,0.0,2.0,-78.0
1777891491.1663325,1.0,2.0,-79.0
1777891491.1763325,-3.0,0.0,-77.0
1777891491.1863325,-4.0,0.0,-68.0
1777891491.1963325,-7.0,4.0,-67.0
1777891491.2063324,-5.0,6.0,-72.0
1777891491.2163324,-4.0,8.0,-73.0
1777891491.2263324,-5.0,9.0,-71.0
1777891491.2363324,-4.0,10.0,-75.0
1777891491.2463324,-9.0,6.0,-75.0
1777891491.2563324,-6.0,3.0,-76.0
1777891491.2663324,-1.0,-1.0,-75.0
1777891491.2763324,4.0,-3.0,-77.0
1777891491.2863324,2.0,-6.0,-75.0
1777891491.2963324,0.0,-3.0,-75.0
1777891491.3063323,-2.0,0.0,-72.0
1777891491.3163323,-4.0,-4.0,-68.0
1777891491.3263323,0.0,-5.0,-73.0
1777891491.3363323,5.0,-4.0,-75.0
1777891491.3463323,3.0,-6.0,-79.0
1777891491.3563323,-2.0,-5.0,-81.0
1777891491.3663323,-5.0,-4.0,-77.0
1777891491.3763323,-5.0,-2.0,-72.0
1777891491.3863325,-3.0,-5.0,-70.0
1777891491.3963325,-2.0,-4.0,-73.0
1777891491.4063325,2.0,-4.0,-73.0
1777891491.4163325,4.0,-2.0,-74.0
1777891491.4263325,-1.0,-2.0,-77.0
1777891491.4363325,0.0,-5.0,-74.0
1777891491.4463325,3.0,-4.0,-69.0
1777891491.4563324,2.0,-4.0,-61.0
1777891491.4663324,0.0,-3.0,-58.0
1777891491.4763324,-3.0,-5.0,-59.0
1777891491.4863324,-4.0,-4.0,-71.0
1777891491.4963324,-6.0,0.0,-82.0
1777891491.5063324,0.0,-1.0,-78.0
1777891491.5163324,1.0,-5.0,-74.0
1777891491.5273323,0.0,-5.0,-70.0
1777891491.5363324,-3.0,-5.0,-70.0
1777891491.5473323,1.0,-2.0,-70.0
1777891491.5573325,1.0,-1.0,-70.0
1777891491.5673325,0.0,-3.0,-69.0
1777891491.5773325,-1.0,0.0,-68.0
1777891491.5873325,-1.0,1.0,-72.0
1777891491.5973325,-2.0,0.0,-73.0
1777891491.6073325,-2.0,-2.0,-71.0
1777891491.6173325,-5.0,-2.0,-71.0
1777891491.6273324,-5.0,-2.0,-75.0
1777891491.6373324,-5.0,-3.0,-73.0
1777891491.6473324,-2.0,-3.0,-72.0
1777891491.6573324,-2.0,-4.0,-69.0
1777891491.6673324,-1.0,-5.0,-64.0
1777891491.6773324,0.0,-7.0,-69.0
1777891491.6873324,3.0,-7.0,-73.0
1777891491.6973324,6.0,-6.0,-68.0
1777891491.7073324,5.0,-10.0,-72.0
1777891491.7173324,1.0,-14.0,-74.0
1777891491.7273324,1.0,-9.0,-77.0
1777891491.7373323,2.0,-4.0,-78.0
1777891491.7473323,5.0,-1.0,-82.0
1777891491.7573323,5.0,0.0,-82.0
1777891491.7673323,3.0,-2.0,-77.0
1777891491.7773323,0.0,-5.0,-77.0
1777891491.7873323,4.0,-4.0,-78.0
1777891491.7973323,3.0,-1.0,-79.0
1777891491.8073325,3.0,0.0,-75.0
1777891491.8173325,8.0,2.0,-77.0
1777891491.8273325,8.0,2.0,-74.0
1777891491.8373325,7.0,3.0,-74.0
1777891491.8473325,5.0,0.0,-69.0
1777891491.8573325,0.0,1.0,-68.0
1777891491.8673325,-2.0,0.0,-67.0
1777891491.8773324,1.0,2.0,-75.0
1777891491.8873324,0.0,2.0,-76.0
1777891491.8973324,-2.0,2.0,-75.0
1777891491.9073324,-2.0,0.0,-72.0
1777891491.9173324,2.0,4.0,-72.0
1777891491.9273324,5.0,4.0,-70.0
1777891491.9373324,2.0,4.0,-69.0
1777891491.9473324,4.0,6.0,-65.0
1777891491.9573324,3.0,0.0,-57.0
1777891491.9673324,7.0,1.0,-56.0
1777891491.9773324,2.0,2.0,-58.0
1777891491.9873323,4.0,0.0,-61.0
1777891491.9973323,5.0,0.0,-65.0
1777891492.0073323,2.0,0.0,-68.0
1777891492.0173323,0.0,4.0,-67.0
1777891492.0273323,0.0,2.0,-68.0
1777891492.0373323,0.0,3.0,-70.0
1777891492.0473323,7.0,0.0,-66.0
1777891492.0573325,7.0,-4.0,-64.0
1777891492.0673325,3.0,-9.0,-71.0
1777891492.0773325,0.0,-11.0,-69.0
1777891492.0873325,0.0,-10.0,-64.0
1777891492.0973325,-1.0,-5.0,-65.0
1777891492.1073325,2.0,-4.0,-69.0
1777891492.1173325,0.0,-1.0,-74.0
1777891492.1273324,-2.0,0.0,-75.0
1777891492.1373324,0.0,2.0,-75.0
1777891492.1473324,0.0,1.0,-75.0
1777891492.1573324,0.0,0.0,-74.0
1777891492.1673324,1.0,-4.0,-81.0
1777891492.1773324,2.0,-1.0,-78.0
1777891492.1873324,-3.0,-3.0,-77.0
1777891492.1973324,-4.0,-5.0,-76.0
1777891492.2073324,-5.0,-5.0,-75.0
1777891492.2173324,-1.0,-1.0,-79.0
1777891492.2273324,-3.0,0.0,-77.0
1777891492.2373323,-6.0,-2.0,-78.0
1777891492.2473323,-6.0,-3.0,-72.0
1777891492.2573323,-8.0,-4.0,-69.0
1777891492.2673323,-4.0,0.0,-69.0
1777891492.2773323,-2.0,0.0,-72.0
1777891492.2873323,0.0,0.0,-72.0
1777891492.2973323,0.0,1.0,-71.0
1777891492.3073325,0.0,1.0,-76.0
1777891492.3173325,1.0,1.0,-77.0
1777891492.3273325,6.0,3.0,-74.0
1777891492.3373325,5.0,0.0,-69.0
1777891492.3473325,8.0,0.0,-67.0
1777891492.3573325,6.0,-4.0,-62.0
1777891492.3673325,2.0,-8.0,-67.0
1777891492.3773324,-1.0,-5.0,-71.0
1777891492.3873324,-2.0,-4.0,-77.0
1777891492.3973324,-2.0,-1.0,-72.0
1777891492.4073324,0.0,0.0,-75.0
1777891492.4173324,-2.0,0.0,-75.0
1777891492.4273324,-3.0,2.0,-81.0
1777891492.4373324,-3.0,1.0,-75.0
1777891492.4473324,-2.0,4.0,-74.0
1777891492.4573324,2.0,3.0,-76.0
1777891492.4673324,2.0,1.0,-77.0
1777891492.4773324,6.0,0.0,-73.0
1777891492.4873323,5.0,0.0,-71.0
1777891492.4973323,2.0,0.0,-70.0
1777891492.5073323,1.0,-1.0,-73.0
1777891492.5173323,-1.0,-7.0,-73.0
1777891492.5273323,4.0,-1.0,-70.0
1777891492.5373323,4.0,-3.0,-70.0
1777891492.5473323,2.0,-4.0,-77.0
1777891492.5573325,2.0,-1.0,-77.0
1777891492.5673325,-2.0,-1.0,-74.0
1777891492.5773325,-5.0,0.0,-67.0
1777891492.5873325,-4.0,-1.0,-67.0
1777891492.5973325,-8.0,2.0,-67.0
1777891492.6073325,-10.0,3.0,-70.0
1777891492.6173325,-11.0,0.0,-72.0
1777891492.6273324,-3.0,-3.0,-72.0
1777891492.6373324,0.0,-7.0,-71.0
1777891492.6473324,2.0,-5.0,-71.0
1777891492.6573324,1.0,-3.0,-71.0
1777891492.6673324,0.0,-5.0,-69.0
1777891492.6773324,2.0,-6.0,-75.0
1777891492.6873324,0.0,-4.0,-74.0
1777891492.6973324,1.0,-4.0,-71.0
1777891492.7073324,2.0,-3.0,-67.0
1777891492.7173324,2.0,-5.0,-66.0
1777891492.7273324,-2.0,1.0,-68.0
1777891492.7373323,0.0,4.0,-71.0
1777891492.7473323,-5.0,0.0,-73.0
1777891492.7573323,0.0,-1.0,-74.0
1777891492.7673323,0.0,-1.0,-70.0
1777891492.7773323,1.0,-7.0,-71.0
1777891492.7873323,2.0,-1.0,-75.0
1777891492.7973323,3.0,1.0,-78.0
1777891492.8073325,8.0,4.0,-73.0
1777891492.8173325,8.0,6.0,-75.0
1777891492.8273325,8.0,4.0,-67.0
1777891492.8373325,10.0,-1.0,-63.0
1777891492.8473325,6.0,-2.0,-63.0
1777891492.8573325,7.0,1.0,-68.0
1777891492.8673325,4.0,0.0,-66.0
1777891492.8773324,7.0,-1.0,-65.0
1777891492.8873324,6.0,-5.0,-67.0
1777891492.8973324,2.0,-3.0,-57.0
1777891492.9073324,0.0,0.0,-61.0
1777891492.9173324,0.0,1.0,-60.0
1777891492.9273324,0.0,-1.0,-61.0
1777891492.9373324,7.0,2.0,-63.0
1777891492.9473324,0.0,-2.0,-64.0
1777891492.9573324,1.0,-4.0,-68.0
1777891492.9673324,3.0,-1.0,-66.0
1777891492.9773324,1.0,-1.0,-64.0
1777891492.9873323,5.0,0.0,-60.0
1777891492.9973323,2.0,0.0,-64.0
1777891493.0073323,1.0,1.0,-67.0
1777891493.0173323,-2.0,3.0,-67.0
1777891493.0273323,-4.0,3.0,-70.0
1777891493.0373323,-4.0,8.0,-74.0
1777891493.0473323,-6.0,6.0,-84.0
1777891493.0573325,-7.0,4.0,-84.0
1777891493.0673325,-3.0,4.0,-86.0
1777891493.0773325,-1.0,1.0,-82.0
1777891493.0873325,-1.0,2.0,-82.0
1777891493.0973325,-1.0,-1.0,-82.0
1777891493.1073325,0.0,0.0,-79.0
1777891493.1173325,0.0,1.0,-76.0
1777891493.1273324,0.0,-3.0,-78.0
1777891493.1373324,0.0,-4.0,-75.0
1777891493.1473324,2.0,-3.0,-70.0
1777891493.1573324,0.0,-4.0,-79.0
1777891493.1673324,2.0,-5.0,-81.0
1777891493.1773324,5.0,-8.0,-79.0
1777891493.1873324,4.0,-8.0,-76.0
1777891493.1973324,4.0,-7.0,-72.0
1777891493.2073324,2.0,-2.0,-69.0
1777891493.2173324,2.0,1.0,-65.0
1777891493.2273324,0.0,2.0,-60.0
1777891493.2373323,-1.0,0.0,-65.0
1777891493.2473323,-2.0,4.0,-69.0
1777891493.2573323,-3.0,1.0,-66.0
1777891493.2673323,-4.0,1.0,-62.0
1777891493.2773323,0.0,0.0,-68.0
1777891493.2873323,2.0,-1.0,-69.0
1777891493.2973323,2.0,0.0,-65.0
1777891493.3073325,3.0,0.0,-67.0
1777891493.3173325,2.0,0.0,-70.0
1777891493.3273325,4.0,0.0,-71.0
1777891493.3373325,1.0,-6.0,-75.0
1777891493.3473325,0.0,-9.0,-83.0
1777891493.3573325,-1.0,-7.0,-77.0
1777891493.3673325,-2.0,-1.0,-82.0
1777891493.3773324,-3.0,3.0,-81.0
1777891493.3873324,-5.0,2.0,-73.0
1777891493.3973324,-5.0,0.0,-69.0
1777891493.4073324,-2.0,-4.0,-68.0
1777891493.4173324,0.0,-3.0,-65.0
1777891493.4273324,2.0,-6.0,-67.0
1777891493.4373324,-2.0,-4.0,-68.0
1777891493.4473324,-5.0,0.0,-68.0
1777891493.4573324,-3.0,-1.0,-70.0
1777891493.4673324,1.0,-3.0,-73.0
1777891493.4773324,-3.0,-6.0,-64.0
1777891493.4873323,-6.0,-5.0,-62.0
1777891493.4973323,-5.0,-4.0,-64.0
1777891493.5073323,-5.0,1.0,-73.0
1777891493.5183325,-6.0,0.0,-75.0
1777891493.5283325,-10.0,-2.0,-76.0
1777891493.5383325,-8.0,-1.0,-79.0
1777891493.5483325,-4.0,1.0,-77.0
1777891493.5583324,-7.0,3.0,-69.0
1777891493.5683324,-6.0,4.0,-61.0
1777891493.5783324,0.0,4.0,-62.0
1777891493.5883324,-1.0,6.0,-64.0
1777891493.5983324,-2.0,6.0,-65.0
1777891493.6083324,0.0,5.0,-74.0
1777891493.6183324,0.0,2.0,-74.0
1777891493.6283324,0.0,0.0,-71.0
1777891493.6383324,0.0,-2.0,-70.0
1777891493.6483324,-2.0,-1.0,-72.0
1777891493.6583323,-6.0,-5.0,-72.0
1777891493.6683323,-9.0,-7.0,-72.0
1777891493.6783323,-7.0,-11.0,-78.0
1777891493.6883323,-11.0,-8.0,-78.0
1777891493.6983323,-8.0,-8.0,-74.0
1777891493.7083323,0.0,-2.0,-72.0
1777891493.7183323,0.0,1.0,-75.0
1777891493.7283323,-4.0,-4.0,-79.0
1777891493.7383325,-2.0,-1.0,-80.0
1777891493.7483325,-1.0,-1.0,-71.0
1777891493.7583325,1.0,-1.0,-74.0
1777891493.7683325,-1.0,-2.0,-74.0
1777891493.7783325,-2.0,-3.0,-71.0
1777891493.7883325,1.0,-1.0,-68.0
1777891493.7983325,2.0,-2.0,-74.0
1777891493.8083324,3.0,-4.0,-77.0
1777891493.8183324,2.0,-1.0,-75.0
1777891493.8283324,-1.0,0.0,-76.0
1777891493.8383324,-4.0,1.0,-80.0
1777891493.8483324,-4.0,1.0,-78.0
1777891493.8583324,-7.0,2.0,-77.0
1777891493.8683324,-3.0,1.0,-77.0
1777891493.8783324,-5.0,2.0,-81.0
1777891493.8883324,-4.0,0.0,-77.0
1777891493.8983324,-6.0,0.0,-73.0
1777891493.9083323,0.0,0.0,-76.0
1777891493.9183323,-2.0,-2.0,-76.0
1777891493.9283323,1.0,2.0,-71.0
1777891493.9383323,5.0,5.0,-73.0
1777891493.9483323,2.0,1.0,-82.0
1777891493.9583323,1.0,1.0,-79.0
1777891493.9683323,0.0,0.0,-81.0
1777891493.9783323,1.0,0.0,-77.0
1777891493.9883325,1.0,3.0,-77.0
1777891493.9983325,-1.0,3.0,-72.0
1777891494.0083325,-1.0,0.0,-66.0
1777891494.0183325,1.0,1.0,-69.0
1777891494.0283325,6.0,-1.0,-72.0
1777891494.0383325,5.0,-1.0,-79.0
1777891494.0483325,2.0,-2.0,-76.0
1777891494.0583324,0.0,-2.0,-73.0
1777891494.0683324,-1.0,0.0,-69.0
1777891494.0783324,-1.0,1.0,-67.0
1777891494.0883324,1.0,3.0,-66.0
1777891494.0983324,2.0,5.0,-68.0
1777891494.1083324,0.0,1.0,-69.0
1777891494.1183324,-2.0,0.0,-68.0
1777891494.1283324,-2.0,-2.0,-70.0
1777891494.1383324,-2.0,-1.0,-73.0
1777891494.1483324,-1.0,-7.0,-84.0
1777891494.1583323,2.0,-3.0,-79.0
1777891494.1683323,2.0,-3.0,-79.0
1777891494.1783323,6.0,3.0,-77.0
1777891494.1883323,4.0,2.0,-73.0
1777891494.1983323,5.0,0.0,-79.0
1777891494.2083323,3.0,-2.0,-80.0
1777891494.2183323,0.0,-2.0,-73.0
1777891494.2283323,-3.0,-7.0,-73.0
1777891494.2383325,-3.0,-3.0,-80.0
1777891494.2483325,1.0,-1.0,-81.0
1777891494.2583325,-4.0,-2.0,-83.0
1777891494.2683325,-3.0,3.0,-81.0
1777891494.2783325,4.0,3.0,-79.0
1777891494.2883325,3.0,4.0,-74.0
1777891494.2983325,2.0,5.0,-69.0
1777891494.3083324,2.0,5.0,-66.0
1777891494.3183324,6.0,2.0,-68.0
1777891494.3283324,9.0,2.0,-67.0
1777891494.3383324,5.0,1.0,-74.0
1777891494.3483324,3.0,-2.0,-68.0
1777891494.3583324,1.0,-1.0,-71.0
1777891494.3683324,0.0,0.0,-68.0
1777891494.3783324,0.0,2.0,-68.0
1777891494.3883324,0.0,0.0,-68.0
1777891494.3983324,4.0,6.0,-76.0
1777891494.4083323,5.0,4.0,-77.0
1777891494.4183323,0.0,2.0,-71.0
1777891494.4283323,-3.0,0.0,-69.0
1777891494.4383323,-6.0,2.0,-68.0
1777891494.4483323,-6.0,2.0,-66.0
1777891494.4583323,-4.0,4.0,-69.0
1777891494.4683323,-2.0,0.0,-69.0
1777891494.4783323,-3.0,0.0,-67.0
1777891494.4883325,-2.0,-2.0,-69.0
1777891494.4983325,0.0,0.0,-66.0
1777891494.5083325,-3.0,-2.0,-70.0
1777891494.5183325,-4.0,0.0,-71.0
1777891494.5283325,-1.0,1.0,-68.0
1777891494.5383325,1.0,0.0,-68.0
1777891494.5483325,2.0,0.0,-67.0
1777891494.5583324,2.0,0.0,-68.0
1777891494.5683324,4.0,0.0,-64.0
1777891494.5783324,9.0,0.0,-67.0
1777891494.5883324,7.0,0.0,-74.0
1777891494.5983324,7.0,2.0,-76.0
1777891494.6083324,5.0,4.0,-71.0
1777891494.6183324,2.0,0.0,-71.0
1777891494.6283324,-1.0,-2.0,-71.0
1777891494.6383324,-4.0,-4.0,-70.0
1777891494.6483324,-3.0,-7.0,-71.0
1777891494.6583323,-1.0,-6.0,-69.0
1777891494.6683323,3.0,-7.0,-73.0
1777891494.6783323,7.0,-4.0,-76.0
1777891494.6883323,8.0,-2.0,-75.0
1777891494.6983323,6.0,-4.0,-78.0
1777891494.7083323,3.0,-3.0,-80.0
1777891494.7183323,3.0,-5.0,-80.0
1777891494.7283323,1.0,-6.0,-76.0
1777891494.7383325,0.0,-9.0,-72.0
1777891494.7483325,0.0,-8.0,-67.0
1777891494.7583325,1.0,-4.0,-71.0
1777891494.7683325,5.0,-4.0,-73.0
1777891494.7783325,2.0,-4.0,-84.0
1777891494.7883325,0.0,3.0,-83.0
1777891494.7983325,-4.0,3.0,-85.0
1777891494.8083324,-2.0,4.0,-79.0
1777891494.8183324,0.0,3.0,-72.0
1777891494.8283324,5.0,3.0,-75.0
1777891494.8383324,5.0,4.0,-72.0
1777891494.8483324,3.0,2.0,-71.0
1777891494.8583324,1.0,7.0,-72.0
1777891494.8683324,0.0,6.0,-73.0
1777891494.8783324,6.0,4.0,-69.0
1777891494.8883324,1.0,3.0,-66.0
1777891494.8983324,2.0,0.0,-68.0
1777891494.9083323,3.0,1.0,-69.0
1777891494.9183323,3.0,-1.0,-71.0
1777891494.9283323,6.0,-2.0,-64.0
1777891494.9383323,5.0,-3.0,-68.0
1777891494.9483323,5.0,-5.0,-70.0
1777891494.9583323,2.0,-4.0,-75.0
1777891494.9683323,2.0,-6.0,-76.0
1777891494.9783323,4.0,-4.0,-80.0
1777891494.9883325,1.0,-4.0,-77.0
1777891494.9983325,2.0,-2.0,-78.0
1777891495.0083325,2.0,-4.0,-78.0
1777891495.0183325,1.0,-9.0,-74.0
1777891495.0283325,0.0,-10.0,-72.0
1777891495.0383325,-4.0,-11.0,-68.0
1777891495.0483325,-4.0,-11.0,-70.0
1777891495.0583324,-6.0,-8.0,-70.0
1777891495.0683324,-7.0,-5.0,-67.0
1777891495.0783324,-3.0,-2.0,-64.0
1777891495.0883324,0.0,-1.0,-71.0
1777891495.0983324,-2.0,0.0,-69.0
1777891495.1083324,1.0,-1.0,-74.0
1777891495.1183324,5.0,0.0,-81.0
1777891495.1283324,0.0,0.0,-78.0
1777891495.1383324,1.0,0.0,-77.0
1777891495.1483324,2.0,0.0,-76.0
1777891495.1583323,2.0,0.0,-72.0
1777891495.1683323,0.0,1.0,-66.0
1777891495.1783323,0.0,-3.0,-71.0
1777891495.1883323,-1.0,-5.0,-72.0
1777891495.1983323,-1.0,-2.0,-75.0
1777891495.2083323,0.0,-2.0,-81.0
1777891495.2183323,3.0,-2.0,-85.0
1777891495.2283323,0.0,-3.0,-75.0
1777891495.2383325,2.0,-1.0,-73.0
1777891495.2483325,6.0,-1.0,-77.0
1777891495.2583325,2.0,-3.0,-74.0
1777891495.2683325,0.0,-4.0,-76.0
1777891495.2783325,2.0,-2.0,-78.0
1777891495.2883325,3.0,-4.0,-74.0
1777891495.2983325,5.0,0.0,-72.0
1777891495.3083324,7.0,3.0,-67.0
1777891495.3183324,7.0,2.0,-66.0
1777891495.3283324,7.0,4.0,-66.0
1777891495.3383324,3.0,0.0,-65.0
1777891495.3483324,5.0,-2.0,-68.0
1777891495.3583324,6.0,-2.0,-69.0
1777891495.3683324,4.0,-3.0,-72.0
1777891495.3783324,3.0,-6.0,-67.0
1777891495.3883324,1.0,-4.0,-70.0
1777891495.3983324,1.0,0.0,-76.0
1777891495.4083323,1.0,0.0,-76.0
1777891495.4183323,0.0,0.0,-77.0
1777891495.4283323,1.0,1.0,-81.0
1777891495.4383323,2.0,2.0,-84.0
1777891495.4483323,4.0,0.0,-79.0
1777891495.4583323,7.0,1.0,-78.0
1777891495.4683323,7.0,0.0,-81.0
1777891495.4783323,9.0,0.0,-84.0
1777891495.4883325,7.0,1.0,-81.0
1777891495.4993324,3.0,0.0,-78.0
1777891495.5083325,4.0,0.0,-75.0
1777891495.5193324,5.0,2.0,-69.0
1777891495.5293324,0.0,-1.0,-80.0
1777891495.5393324,1.0,-3.0,-77.0
1777891495.5493324,2.0,0.0,-70.0
1777891495.5593324,0.0,-2.0,-71.0
1777891495.5693324,-1.0,-3.0,-74.0
1777891495.5793324,0.0,0.0,-75.0
1777891495.5893323,0.0,0.0,-76.0
1777891495.5993323,0.0,0.0,-79.0
1777891495.6093323,-3.0,0.0,-77.0
1777891495.6193323,-5.0,0.0,-71.0
1777891495.6293323,-2.0,-1.0,-68.0
1777891495.6393323,-1.0,-2.0,-77.0
1777891495.6493323,-3.0,0.0,-76.0
1777891495.6593325,-5.0,0.0,-70.0
1777891495.6693325,-7.0,1.0,-70.0
1777891495.6793325,-4.0,6.0,-71.0
1777891495.6893325,-3.0,3.0,-66.0
1777891495.6993325,0.0,3.0,-70.0
1777891495.7093325,3.0,0.0,-69.0
1777891495.7193325,1.0,1.0,-69.0
1777891495.7293324,2.0,3.0,-74.0
1777891495.7393324,0.0,0.0,-72.0
1777891495.7493324,2.0,1.0,-66.0
1777891495.7593324,0.0,0.0,-66.0
1777891495.7693324,4.0,0.0,-67.0
1777891495.7793324,4.0,1.0,-72.0
1777891495.7893324,3.0,1.0,-75.0
1777891495.7993324,0.0,1.0,-74.0
1777891495.8093324,0.0,0.0,-74.0
1777891495.8193324,0.0,-1.0,-73.0
1777891495.8293324,4.0,-3.0,-69.0
1777891495.8393323,2.0,-2.0,-70.0
1777891495.8493323,1.0,-1.0,-68.0
1777891495.8593323,-1.0,0.0,-66.0
1777891495.8693323,-3.0,0.0,-78.0
1777891495.8793323,-2.0,0.0,-84.0
1777891495.8893323,-5.0,-2.0,-80.0
1777891495.8993323,-3.0,0.0,-80.0
1777891495.9093325,-3.0,0.0,-85.0
1777891495.9193325,-3.0,2.0,-85.0
1777891495.9293325,1.0,5.0,-80.0
1777891495.9393325,-2.0,5.0,-77.0
1777891495.9493325,-5.0,0.0,-72.0
1777891495.9593325,-1.0,-1.0,-68.0
1777891495.9693325,0.0,1.0,-73.0
1777891495.9793324,-4.0,1.0,-80.0
1777891495.9893324,-5.0,-2.0,-74.0
1777891495.9993324,-2.0,0.0,-68.0
1777891496.0093324,0.0,0.0,-68.0
1777891496.0193324,-2.0,2.0,-72.0
1777891496.0293324,0.0,2.0,-68.0
1777891496.0393324,2.0,6.0,-64.0
1777891496.0493324,5.0,8.0,-69.0
1777891496.0593324,5.0,8.0,-68.0
1777891496.0693324,0.0,7.0,-67.0
1777891496.0793324,-1.0,4.0,-67.0
1777891496.0893323,-3.0,5.0,-68.0
1777891496.0993323,-2.0,5.0,-71.0
1777891496.1093323,-1.0,2.0,-68.0
1777891496.1193323,1.0,1.0,-66.0
1777891496.1293323,0.0,2.0,-63.0
1777891496.1393323,2.0,-1.0,-60.0
1777891496.1493323,1.0,0.0,-61.0
1777891496.1593325,0.0,2.0,-62.0
1777891496.1693325,1.0,-1.0,-68.0
1777891496.1793325,5.0,3.0,-68.0
1777891496.1893325,6.0,4.0,-70.0
1777891496.1993325,8.0,6.0,-72.0
1777891496.2093325,7.0,4.0,-66.0
1777891496.2193325,8.0,3.0,-67.0
1777891496.2293324,6.0,0.0,-75.0
1777891496.2393324,8.0,0.0,-78.0
1777891496.2493324,4.0,0.0,-77.0
1777891496.2593324,8.0,2.0,-70.0
1777891496.2693324,7.0,2.0,-76.0
1777891496.2793324,3.0,-2.0,-79.0
1777891496.2893324,2.0,-4.0,-69.0
1777891496.2993324,4.0,-2.0,-73.0
1777891496.3093324,6.0,0.0,-71.0
1777891496.3193324,11.0,0.0,-71.0
1777891496.3293324,7.0,-4.0,-75.0
1777891496.3393323,4.0,-5.0,-84.0
1777891496.3493323,3.0,-8.0,-88.0
1777891496.3593323,4.0,-5.0,-87.0
1777891496.3693323,-3.0,-1.0,-78.0
1777891496.3793323,-1.0,-4.0,-75.0
1777891496.3893323,0.0,0.0,-79.0
1777891496.3993323,0.0,0.0,-78.0
1777891496.4093325,2.0,3.0,-82.0
1777891496.4193325,2.0,4.0,-84.0
1777891496.4293325,0.0,4.0,-85.0
1777891496.4393325,1.0,3.0,-81.0
1777891496.4493325,1.0,4.0,-80.0
1777891496.4593325,0.0,-1.0,-77.0
1777891496.4693325,-2.0,0.0,-70.0
1777891496.4793324,-2.0,1.0,-78.0
1777891496.4893324,-3.0,2.0,-77.0
1777891496.4993324,-2.0,7.0,-73.0
1777891496.5093324,1.0,4.0,-72.0
1777891496.5193324,0.0,2.0,-70.0
1777891496.5293324,-3.0,2.0,-76.0
1777891496.5393324,1.0,0.0,-77.0
1777891496.5493324,3.0,-1.0,-73.0
1777891496.5593324,6.0,-3.0,-77.0
1777891496.5693324,9.0,-4.0,-78.0
1777891496.5793324,6.0,-2.0,-71.0
1777891496.5893323,2.0,0.0,-64.0
1777891496.5993323,4.0,-4.0,-61.0
1777891496.6093323,4.0,-6.0,-67.0
1777891496.6193323,3.0,-5.0,-68.0
1777891496.6293323,2.0,-3.0,-70.0
1777891496.6393323,4.0,-5.0,-68.0
1777891496.6493323,0.0,-5.0,-65.0
1777891496.6593325,0.0,-2.0,-68.0
1777891496.6693325,2.0,-4.0,-68.0
1777891496.6793325,2.0,-2.0,-65.0
1777891496.6893325,5.0,-3.0,-71.0
1777891496.6993325,2.0,-3.0,-72.0
1777891496.7093325,2.0,-1.0,-75.0
1777891496.7193325,0.0,-1.0,-76.0
1777891496.7293324,0.0,1.0,-81.0
1777891496.7393324,7.0,2.0,-76.0
1777891496.7493324,7.0,0.0,-73.0
1777891496.7593324,1.0,0.0,-80.0
1777891496.7693324,2.0,4.0,-80.0
1777891496.7793324,4.0,3.0,-89.0
1777891496.7893324,6.0,7.0,-85.0
1777891496.7993324,4.0,5.0,-82.0
1777891496.8093324,3.0,2.0,-78.0
1777891496.8193324,6.0,0.0,-80.0
1777891496.8293324,5.0,2.0,-71.0
1777891496.8393323,-1.0,1.0,-70.0
1777891496.8493323,-4.0,0.0,-67.0
1777891496.8593323,-2.0,-3.0,-67.0
1777891496.8693323,-2.0,0.0,-65.0
1777891496.8793323,1.0,-1.0,-65.0
1777891496.8893323,3.0,0.0,-68.0
1777891496.8993323,7.0,0.0,-72.0
1777891496.9093325,5.0,0.0,-75.0
1777891496.9193325,2.0,0.0,-71.0
1777891496.9293325,0.0,1.0,-72.0
1777891496.9393325,2.0,-1.0,-70.0
1777891496.9493325,0.0,1.0,-70.0
1777891496.9593325,0.0,3.0,-70.0
1777891496.9693325,1.0,1.0,-77.0
1777891496.9793324,2.0,2.0,-72.0
1777891496.9893324,0.0,-1.0,-77.0
1777891496.9993324,-4.0,2.0,-75.0
1777891497.0093324,2.0,2.0,-78.0
1777891497.0193324,-1.0,-1.0,-82.0
1777891497.0293324,0.0,-1.0,-86.0
1777891497.0393324,9.0,0.0,-80.0
1777891497.0493324,7.0,-2.0,-71.0
1777891497.0593324,5.0,0.0,-72.0
1777891497.0693324,6.0,2.0,-75.0
1777891497.0793324,0.0,2.0,-81.0
1777891497.0893323,-1.0,0.0,-79.0
1777891497.0993323,0.0,0.0,-75.0
1777891497.1093323,1.0,4.0,-76.0
1777891497.1193323,2.0,2.0,-75.0
1777891497.1293323,0.0,6.0,-73.0
1777891497.1393323,-3.0,3.0,-73.0
1777891497.1493323,-3.0,2.0,-70.0
1777891497.1593325,2.0,-1.0,-68.0
1777891497.1693325,5.0,0.0,-75.0
1777891497.1793325,12.0,-1.0,-68.0
1777891497.1893325,14.0,-4.0,-66.0
1777891497.1993325,10.0,-4.0,-65.0
1777891497.2093325,7.0,-1.0,-65.0
1777891497.2193325,5.0,-2.0,-64.0
1777891497.2293324,6.0,-1.0,-68.0
1777891497.2403324,5.0,-4.0,-66.0
1777891497.2493324,6.0,0.0,-64.0
1777891497.2593324,6.0,-1.0,-60.0
1777891497.2693324,9.0,0.0,-59.0
1777891497.2793324,8.0,-1.0,-62.0
1777891497.2893324,9.0,-1.0,-66.0
1777891497.2993324,8.0,0.0,-72.0
1777891497.3093324,8.0,1.0,-72.0
1777891497.3193324,2.0,2.0,-64.0
1777891497.3293324,6.0,1.0,-62.0
1777891497.3393323,6.0,3.0,-73.0
1777891497.3493323,4.0,0.0,-80.0
1777891497.3593323,2.0,0.0,-75.0
1777891497.3693323,3.0,0.0,-72.0
1777891497.3793323,6.0,0.0,-70.0
1777891497.3893323,5.0,3.0,-69.0
1777891497.3993323,6.0,-2.0,-75.0
1777891497.4093325,3.0,-4.0,-72.0
1777891497.4193325,1.0,-2.0,-75.0
1777891497.4293325,7.0,-2.0,-78.0
1777891497.4393325,7.0,2.0,-73.0
1777891497.4503324,2.0,1.0,-70.0
1777891497.4593325,5.0,-3.0,-70.0
1777891497.4693325,1.0,-1.0,-63.0
1777891497.4803324,2.0,0.0,-65.0
1777891497.4903324,7.0,-3.0,-72.0
1777891497.5003324,4.0,0.0,-72.0
1777891497.5103323,2.0,2.0,-83.0
1777891497.5203323,0.0,1.0,-80.0
1777891497.5303323,-1.0,-2.0,-72.0
1777891497.5403323,0.0,-7.0,-77.0
1777891497.5503323,3.0,-6.0,-86.0
1777891497.5603323,2.0,-10.0,-75.0
1777891497.5703323,0.0,-3.0,-70.0
1777891497.5803325,2.0,0.0,-72.0
1777891497.5903325,0.0,-1.0,-70.0
1777891497.6003325,0.0,0.0,-75.0
1777891497.6103325,7.0,3.0,-76.0
1777891497.6203325,2.0,1.0,-76.0
1777891497.6303325,5.0,0.0,-81.0
1777891497.6403325,3.0,-1.0,-82.0
1777891497.6503325,4.0,0.0,-79.0
1777891497.6603324,4.0,1.0,-79.0
1777891497.6703324,3.0,4.0,-77.0
1777891497.6803324,3.0,6.0,-74.0
1777891497.6903324,3.0,5.0,-65.0
1777891497.7003324,0.0,6.0,-70.0
1777891497.7103324,-1.0,5.0,-71.0
1777891497.7203324,1.0,7.0,-70.0
1777891497.7303324,1.0,7.0,-70.0
1777891497.7403324,-2.0,4.0,-75.0
1777891497.7503324,-2.0,6.0,-78.0
1777891497.7603323,2.0,4.0,-77.0
1777891497.7703323,2.0,3.0,-67.0
1777891497.7803323,4.0,2.0,-69.0
1777891497.7903323,8.0,0.0,-69.0
1777891497.8003323,9.0,0.0,-72.0
1777891497.8103323,2.0,0.0,-73.0
1777891497.8203323,3.0,-1.0,-72.0
1777891497.8303325,6.0,-2.0,-71.0
1777891497.8403325,11.0,-7.0,-64.0
1777891497.8503325,5.0,-5.0,-61.0
1777891497.8603325,3.0,-5.0,-65.0
1777891497.8703325,3.0,-2.0,-67.0
1777891497.8803325,7.0,0.0,-72.0
1777891497.8903325,4.0,1.0,-78.0
1777891497.9003325,1.0,0.0,-74.0
1777891497.9103324,2.0,-2.0,-73.0
1777891497.9203324,0.0,0.0,-76.0
1777891497.9303324,1.0,5.0,-76.0
1777891497.9403324,1.0,1.0,-76.0
1777891497.9503324,0.0,0.0,-82.0
1777891497.9603324,-2.0,1.0,-82.0
1777891497.9703324,0.0,0.0,-80.0
1777891497.9803324,-1.0,-3.0,-78.0
1777891497.9903324,1.0,-6.0,-79.0
1777891498.0003324,0.0,-5.0,-79.0
1777891498.0103323,-6.0,-4.0,-73.0
1777891498.0203323,-8.0,-4.0,-80.0
1777891498.0303323,-7.0,-4.0,-83.0
1777891498.0403323,-2.0,-2.0,-81.0
1777891498.0503323,-1.0,-2.0,-75.0
1777891498.0603323,2.0,-6.0,-72.0
1777891498.0703323,0.0,-6.0,-79.0
1777891498.0803325,1.0,-5.0,-75.0
1777891498.0903325,-1.0,-2.0,-69.0
1777891498.1003325,1.0,-3.0,-71.0
1777891498.1103325,-1.0,0.0,-73.0
1777891498.1203325,-3.0,1.0,-74.0
1777891498.1303325,-5.0,1.0,-74.0
1777891498.1403325,-6.0,-1.0,-75.0
1777891498.1503325,-2.0,-3.0,-76.0
1777891498.1603324,-4.0,-4.0,-81.0
1777891498.1703324,-8.0,1.0,-87.0
1777891498.1803324,-6.0,3.0,-78.0
1777891498.1903324,-4.0,7.0,-72.0
1777891498.2003324,-6.0,6.0,-68.0
1777891498.2103324,-3.0,2.0,-72.0
1777891498.2203324,-4.0,5.0,-81.0
1777891498.2303324,0.0,3.0,-81.0
1777891498.2403324,3.0,5.0,-80.0
1777891498.2503324,1.0,2.0,-77.0
1777891498.2603323,-1.0,-1.0,-81.0
1777891498.2703323,0.0,-6.0,-86.0
1777891498.2803323,-3.0,-6.0,-82.0
1777891498.2903323,-5.0,-4.0,-83.0
1777891498.3003323,-8.0,-3.0,-87.0
1777891498.3103323,-7.0,-5.0,-92.0
1777891498.3203323,-4.0,-4.0,-94.0
1777891498.3303325,-3.0,0.0,-92.0
1777891498.3403325,-3.0,1.0,-95.0
1777891498.3503325,-1.0,2.0,-90.0
1777891498.3603325,0.0,0.0,-83.0
1777891498.3703325,-1.0,0.0,-80.0
1777891498.3803325,-4.0,-2.0,-78.0
1777891498.3903325,-6.0,-4.0,-67.0
1777891498.4003325,0.0,-3.0,-61.0
1777891498.4103324,1.0,-2.0,-65.0
1777891498.4203324,0.0,-2.0,-63.0
1777891498.4303324,-1.0,-1.0,-60.0
1777891498.4403324,-2.0,-2.0,-58.0
1777891498.4503324,-5.0,0.0,-62.0
1777891498.4603324,-1.0,2.0,-64.0
1777891498.4703324,-2.0,1.0,-72.0
1777891498.4803324,-1.0,3.0,-69.0
1777891498.4903324,0.0,4.0,-67.0
1777891498.5003324,1.0,2.0,-69.0
1777891498.5103323,4.0,2.0,-71.0
1777891498.5203323,2.0,4.0,-71.0
1777891498.5303323,2.0,6.0,-71.0
1777891498.5403323,6.0,5.0,-69.0
1777891498.5503323,5.0,4.0,-68.0
1777891498.5603323,0.0,2.0,-74.0
1777891498.5703323,-4.0,0.0,-75.0
1777891498.5803325,-6.0,-5.0,-76.0
1777891498.5903325,-6.0,-8.0,-79.0
1777891498.6003325,-6.0,-2.0,-74.0
1777891498.6103325,-1.0,-1.0,-69.0
1777891498.6203325,0.0,-1.0,-67.0
1777891498.6303325,-1.0,-2.0,-69.0
1777891498.6403325,0.0,0.0,-75.0
1777891498.6503325,-2.0,0.0,-78.0
1777891498.6603324,0.0,0.0,-73.0
1777891498.6703324,7.0,1.0,-70.0
1777891498.6803324,5.0,0.0,-69.0
1777891498.6903324,2.0,-2.0,-70.0
1777891498.7003324,0.0,0.0,-69.0
1777891498.7103324,0.0,-5.0,-71.0
1777891498.7203324,-4.0,-5.0,-73.0
1777891498.7303324,-3.0,-6.0,-70.0
1777891498.7403324,-4.0,-3.0,-63.0
1777891498.7503324,0.0,-3.0,-60.0
1777891498.7603323,-1.0,-3.0,-61.0
1777891498.7703323,2.0,-6.0,-60.0
1777891498.7803323,1.0,-4.0,-60.0
1777891498.7903323,1.0,-5.0,-63.0
1777891498.8003323,1.0,-5.0,-72.0
1777891498.8103323,5.0,-4.0,-72.0
1777891498.8203323,6.0,-4.0,-75.0
1777891498.8303325,3.0,-2.0,-68.0
1777891498.8403325,2.0,-2.0,-73.0
1777891498.8503325,2.0,-3.0,-69.0
1777891498.8603325,0.0,-3.0,-67.0
1777891498.8703325,-2.0,-5.0,-76.0
1777891498.8803325,-2.0,-3.0,-79.0
1777891498.8903325,-1.0,-2.0,-69.0
1777891498.9003325,2.0,-2.0,-73.0
1777891498.9103324,2.0,-4.0,-71.0
1777891498.9203324,1.0,-6.0,-72.0
1777891498.9303324,0.0,-3.0,-76.0
1777891498.9403324,-1.0,0.0,-74.0
1777891498.9503324,4.0,0.0,-68.0
1777891498.9603324,0.0,-2.0,-73.0
1777891498.9703324,-2.0,0.0,-74.0
1777891498.9803324,-6.0,-2.0,-72.0
1777891498.9903324,-3.0,2.0,-77.0
1777891499.0003324,-1.0,1.0,-79.0
1777891499.0103323,0.0,2.0,-76.0
1777891499.0203323,1.0,5.0,-71.0
1777891499.0303323,4.0,4.0,-71.0
1777891499.0403323,11.0,0.0,-67.0
1777891499.0503323,10.0,2.0,-69.0
1777891499.0603323,7.0,3.0,-78.0
1777891499.0703323,2.0,0.0,-79.0
1777891499.0803325,0.0,-3.0,-81.0
1777891499.0903325,-2.0,-5.0,-84.0
1777891499.1003325,0.0,-3.0,-76.0
1777891499.1103325,3.0,-1.0,-71.0
1777891499.1203325,2.0,0.0,-62.0
1777891499.1303325,-1.0,0.0,-71.0
1777891499.1403325,2.0,-2.0,-74.0
1777891499.1503325,0.0,-2.0,-83.0
1777891499.1603324,0.0,0.0,-75.0
1777891499.1703324,-3.0,-3.0,-71.0
1777891499.1803324,-3.0,-4.0,-68.0
1777891499.1903324,-4.0,-6.0,-70.0
1777891499.2003324,-4.0,-8.0,-68.0
1777891499.2103324,-4.0,-9.0,-66.0
1777891499.2203324,-5.0,-8.0,-68.0
1777891499.2303324,-5.0,-1.0,-63.0
1777891499.2403324,-8.0,-4.0,-57.0
1777891499.2503324,-8.0,-5.0,-52.0
1777891499.2603323,-7.0,0.0,-55.0
1777891499.2703323,-10.0,0.0,-57.0
1777891499.2803323,-5.0,1.0,-55.0
1777891499.2903323,-5.0,1.0,-59.0
1777891499.3003323,-7.0,3.0,-62.0
1777891499.3103323,-6.0,-2.0,-65.0
1777891499.3203323,-7.0,-2.0,-72.0
1777891499.3303325,-3.0,-1.0,-74.0
1777891499.3403325,-1.0,0.0,-71.0
1777891499.3503325,-3.0,-2.0,-76.0
1777891499.3603325,-2.0,-7.0,-73.0
1777891499.3703325,-1.0,-6.0,-66.0
1777891499.3803325,2.0,-2.0,-64.0
1777891499.3903325,3.0,0.0,-68.0
1777891499.4003325,2.0,-2.0,-71.0
1777891499.4103324,2.0,-3.0,-70.0
1777891499.4203324,4.0,-2.0,-70.0
1777891499.4303324,-3.0,-3.0,-70.0
1777891499.4403324,-3.0,-4.0,-73.0
1777891499.4513323,-2.0,-4.0,-74.0
1777891499.4603324,-6.0,-3.0,-75.0
1777891499.4703324,-6.0,-1.0,-79.0
1777891499.4813323,-2.0,1.0,-81.0
1777891499.4913323,0.0,0.0,-84.0
1777891499.5013323,3.0,0.0,-79.0
1777891499.5113325,2.0,0.0,-66.0
1777891499.5213325,-4.0,-1.0,-65.0
1777891499.5313325,-4.0,-3.0,-73.0
1777891499.5413325,-4.0,-6.0,-82.0
1777891499.5513325,-1.0,-6.0,-77.0
1777891499.5613325,2.0,-8.0,-71.0
1777891499.5713325,0.0,-9.0,-72.0
1777891499.5813324,5.0,-7.0,-72.0
1777891499.5913324,6.0,-7.0,-80.0
1777891499.6013324,5.0,-9.0,-83.0
1777891499.6113324,8.0,-9.0,-80.0
1777891499.6213324,9.0,-5.0,-82.0
1777891499.6313324,3.0,0.0,-82.0
1777891499.6413324,0.0,-1.0,-82.0
1777891499.6513324,0.0,-3.0,-84.0
1777891499.6613324,-3.0,0.0,-79.0
1777891499.6713324,0.0,-4.0,-70.0
1777891499.6813323,3.0,-3.0,-66.0
1777891499.6913323,6.0,1.0,-63.0
1777891499.7013323,1.0,2.0,-65.0
1777891499.7113323,0.0,1.0,-68.0
1777891499.7213323,1.0,3.0,-68.0
1777891499.7313323,0.0,4.0,-69.0
1777891499.7413323,0.0,2.0,-72.0
1777891499.7513323,0.0,3.0,-70.0
1777891499.7613325,0.0,0.0,-72.0
1777891499.7713325,2.0,-1.0,-74.0
1777891499.7813325,2.0,-4.0,-80.0
1777891499.7913325,3.0,-3.0,-78.0
1777891499.8013325,2.0,-5.0,-70.0
1777891499.8113325,5.0,-7.0,-68.0
1777891499.8213325,6.0,-6.0,-71.0
1777891499.8313324,8.0,-2.0,-64.0
1777891499.8413324,8.0,-1.0,-68.0
1777891499.8513324,5.0,0.0,-72.0
1777891499.8613324,3.0,5.0,-66.0
1777891499.8713324,7.0,7.0,-70.0
1777891499.8813324,4.0,9.0,-69.0
1777891499.8913324,4.0,9.0,-69.0
1777891499.9013324,4.0,7.0,-67.0
1777891499.9113324,5.0,4.0,-73.0
1777891499.9213324,4.0,2.0,-70.0
1777891499.9313323,4.0,9.0,-72.0
1777891499.9413323,6.0,4.0,-69.0
1777891499.9513323,3.0,4.0,-65.0
1777891499.9613323,1.0,6.0,-67.0
1777891499.9713323,0.0,3.0,-67.0
1777891499.9813323,0.0,3.0,-66.0
1777891499.9913323,-1.0,3.0,-68.0
1777891500.0013323,-1.0,3.0,-75.0
1777891500.0113325,-1.0,0.0,-73.0
1777891500.0213325,2.0,0.0,-74.0
1777891500.0313325,2.0,1.0,-69.0
1777891500.0413325,3.0,6.0,-72.0
1777891500.0513325,2.0,9.0,-67.0
1777891500.0613325,7.0,8.0,-64.0
1777891500.0713325,7.0,7.0,-62.0
1777891500.0813324,1.0,3.0,-65.0
1777891500.0913324,1.0,0.0,-65.0
1777891500.1013324,1.0,4.0,-64.0
1777891500.1113324,7.0,2.0,-63.0
1777891500.1213324,5.0,7.0,-62.0
1777891500.1313324,3.0,7.0,-66.0
1777891500.1413324,4.0,2.0,-69.0
1777891500.1513324,3.0,0.0,-72.0
1777891500.1613324,2.0,1.0,-76.0
1777891500.1713324,0.0,-3.0,-75.0
1777891500.1813323,1.0,-2.0,-77.0
1777891500.1913323,1.0,-4.0,-73.0
1777891500.2013323,-2.0,-4.0,-75.0
1777891500.2113323,0.0,-1.0,-78.0
1777891500.2213323,0.0,0.0,-79.0
1777891500.2313323,3.0,-4.0,-80.0
1777891500.2413323,5.0,-4.0,-78.0
1777891500.2513323,4.0,-6.0,-76.0
1777891500.2613325,0.0,-5.0,-79.0
1777891500.2713325,-1.0,-1.0,-77.0
1777891500.2813325,0.0,-1.0,-77.0
1777891500.2913325,2.0,-2.0,-72.0
1777891500.3013325,4.0,-1.0,-79.0
1777891500.3113325,2.0,0.0,-77.0
1777891500.3213325,3.0,2.0,-78.0
1777891500.3313324,1.0,0.0,-72.0
1777891500.3413324,1.0,-3.0,-73.0
1777891500.3513324,5.0,-4.0,-74.0
1777891500.3613324,6.0,-6.0,-72.0
1777891500.3713324,2.0,-4.0,-77.0
1777891500.3813324,3.0,-5.0,-77.0
1777891500.3913324,3.0,-4.0,-75.0
1777891500.4013324,-1.0,-5.0,-76.0
1777891500.4113324,-3.0,-5.0,-69.0
1777891500.4213324,1.0,-8.0,-76.0
1777891500.4313323,-2.0,-8.0,-83.0
1777891500.4413323,0.0,-9.0,-82.0
1777891500.4513323,3.0,-12.0,-84.0
1777891500.4613323,5.0,-9.0,-87.0
1777891500.4713323,2.0,-7.0,-86.0
1777891500.4813323,1.0,-9.0,-87.0
1777891500.4913323,1.0,-9.0,-82.0
1777891500.5013323,5.0,-11.0,-82.0
1777891500.5113325,7.0,-11.0,-79.0
1777891500.5213325,7.0,-8.0,-78.0
1777891500.5313325,5.0,-3.0,-76.0
1777891500.5413325,3.0,-4.0,-70.0
1777891500.5513325,3.0,-5.0,-69.0
1777891500.5613325,0.0,-3.0,-73.0
1777891500.5713325,-2.0,-6.0,-75.0
1777891500.5813324,0.0,-3.0,-72.0
1777891500.5913324,0.0,-6.0,-72.0
1777891500.6013324,5.0,-4.0,-69.0
1777891500.6113324,6.0,-2.0,-72.0
1777891500.6213324,3.0,-3.0,-76.0
1777891500.6313324,1.0,-5.0,-75.0
1777891500.6413324,2.0,-7.0,-76.0
1777891500.6513324,10.0,-3.0,-74.0
1777891500.6613324,4.0,1.0,-80.0
1777891500.6713324,2.0,2.0,-75.0
1777891500.6813323,0.0,2.0,-76.0
1777891500.6913323,0.0,2.0,-77.0
1777891500.7013323,-1.0,1.0,-75.0
1777891500.7113323,-3.0,1.0,-73.0
1777891500.7213323,0.0,7.0,-78.0
1777891500.7313323,1.0,1.0,-83.0
1777891500.7413323,7.0,1.0,-80.0
1777891500.7513323,5.0,-2.0,-77.0
1777891500.7613325,3.0,-1.0,-79.0
1777891500.7713325,1.0,-2.0,-80.0
1777891500.7813325,0.0,1.0,-80.0
1777891500.7913325,1.0,2.0,-80.0
1777891500.8013325,0.0,1.0,-78.0
1777891500.8113325,5.0,-1.0,-74.0
1777891500.8213325,8.0,-1.0,-74.0
1777891500.8313324,4.0,-1.0,-71.0
1777891500.8413324,6.0,0.0,-76.0
1777891500.8513324,0.0,-1.0,-80.0
1777891500.8613324,-1.0,-2.0,-83.0
1777891500.8713324,-1.0,0.0,-84.0
1777891500.8813324,-5.0,3.0,-74.0
1777891500.8913324,-4.0,4.0,-69.0
1777891500.9013324,-2.0,5.0,-66.0
1777891500.9113324,-6.0,0.0,-63.0
1777891500.9213324,-4.0,-2.0,-64.0
1777891500.9313323,-3.0,-2.0,-62.0
1777891500.9413323,0.0,0.0,-60.0
1777891500.9513323,-4.0,0.0,-62.0
1777891500.9613323,-4.0,3.0,-60.0
1777891500.9713323,-3.0,2.0,-59.0
1777891500.9813323,-8.0,4.0,-60.0
1777891500.9913323,-11.0,5.0,-60.0
1777891501.0013323,-3.0,4.0,-63.0
1777891501.0113325,-3.0,0.0,-66.0
1777891501.0213325,-2.0,0.0,-70.0
1777891501.0313325,-5.0,-2.0,-75.0
1777891501.0413325,-4.0,0.0,-80.0
1777891501.0513325,-2.0,-1.0,-77.0
1777891501.0613325,-6.0,0.0,-80.0
1777891501.0713325,-5.0,-2.0,-79.0
1777891501.0813324,-4.0,-4.0,-74.0
1777891501.0913324,-4.0,0.0,-71.0
1777891501.1013324,-3.0,-1.0,-76.0
1777891501.1113324,0.0,-1.0,-78.0
1777891501.1213324,0.0,-2.0,-73.0
1777891501.1313324,-1.0,-3.0,-74.0
1777891501.1413324,0.0,-2.0,-74.0
1777891501.1513324,4.0,-2.0,-78.0
1777891501.1613324,6.0,-3.0,-81.0
1777891501.1713324,7.0,-5.0,-82.0
1777891501.1813323,8.0,-3.0,-83.0
1777891501.1913323,6.0,-6.0,-79.0
1777891501.2013323,2.0,-4.0,-74.0
1777891501.2113323,-1.0,-3.0,-70.0
1777891501.2213323,0.0,-5.0,-62.0
1777891501.2313323,5.0,-3.0,-71.0
1777891501.2413323,4.0,-3.0,-69.0
1777891501.2513323,5.0,-5.0,-74.0
1777891501.2613325,4.0,-4.0,-77.0
1777891501.2713325,9.0,-2.0,-79.0
1777891501.2813325,7.0,0.0,-71.0
1777891501.2913325,4.0,0.0,-70.0
1777891501.3013325,4.0,0.0,-68.0
1777891501.3113325,3.0,-3.0,-72.0
1777891501.3213325,0.0,-1.0,-75.0
1777891501.3313324,0.0,0.0,-77.0
1777891501.3413324,5.0,0.0,-81.0
1777891501.3513324,1.0,2.0,-75.0
1777891501.3613324,-5.0,5.0,-82.0
1777891501.3713324,-9.0,4.0,-86.0
1777891501.3813324,-3.0,3.0,-76.0
1777891501.3913324,-4.0,1.0,-64.0
1777891501.4013324,-1.0,2.0,-67.0
1777891501.4113324,-4.0,1.0,-64.0
1777891501.4213324,-3.0,1.0,-69.0
1777891501.4313323,-2.0,0.0,-67.0
1777891501.4413323,-3.0,1.0,-71.0
1777891501.4513323,0.0,3.0,-65.0
1777891501.4613323,1.0,1.0,-68.0
1777891501.4713323,1.0,1.0,-69.0
1777891501.4823325,2.0,0.0,-68.0
1777891501.4923325,3.0,2.0,-75.0
1777891501.5023324,-3.0,-1.0,-80.0
1777891501.5123324,-7.0,-2.0,-82.0
1777891501.5223324,-2.0,1.0,-83.0
1777891501.5323324,0.0,0.0,-82.0
1777891501.5423324,2.0,3.0,-85.0
1777891501.5523324,3.0,2.0,-77.0
1777891501.5623324,0.0,2.0,-79.0
1777891501.5723324,2.0,5.0,-75.0
1777891501.5823324,6.0,2.0,-70.0
1777891501.5923324,5.0,1.0,-69.0
1777891501.6023324,5.0,-2.0,-70.0
1777891501.6123323,3.0,-4.0,-73.0
1777891501.6223323,1.0,-2.0,-70.0
1777891501.6323323,1.0,0.0,-72.0
1777891501.6423323,2.0,-2.0,-71.0
1777891501.6523323,4.0,-3.0,-71.0
1777891501.6623323,3.0,0.0,-71.0
1777891501.6723323,1.0,1.0,-69.0
1777891501.6823325,0.0,-3.0,-80.0
1777891501.6923325,-3.0,-5.0,-86.0
1777891501.7023325,-2.0,-2.0,-79.0
1777891501.7123325,1.0,-1.0,-76.0
1777891501.7223325,4.0,1.0,-71.0
1777891501.7323325,2.0,-2.0,-75.0
1777891501.7423325,0.0,-2.0,-72.0
1777891501.7523324,-1.0,-2.0,-75.0
1777891501.7623324,0.0,-2.0,-69.0
1777891501.7723324,5.0,-1.0,-65.0
1777891501.7823324,4.0,0.0,-68.0
1777891501.7923324,5.0,0.0,-69.0
1777891501.8023324,4.0,0.0,-71.0
1777891501.8123324,0.0,-5.0,-68.0
1777891501.8223324,0.0,-2.0,-71.0
1777891501.8323324,-2.0,2.0,-68.0
1777891501.8423324,-1.0,1.0,-72.0
1777891501.8523324,-2.0,-1.0,-71.0
1777891501.8623323,0.0,-4.0,-70.0
1777891501.8723323,6.0,-2.0,-71.0
1777891501.8823323,4.0,-5.0,-74.0
1777891501.8923323,5.0,-2.0,-76.0
1777891501.9023323,2.0,0.0,-79.0
1777891501.9123323,3.0,0.0,-74.0
1777891501.9223323,8.0,-4.0,-78.0
1777891501.9323325,8.0,-6.0,-79.0
1777891501.9423325,6.0,-4.0,-79.0
1777891501.9523325,5.0,-5.0,-74.0
1777891501.9623325,6.0,-3.0,-74.0
1777891501.9723325,2.0,-8.0,-73.0
1777891501.9823325,3.0,-6.0,-72.0
1777891501.9923325,5.0,-4.0,-73.0
1777891502.0023324,3.0,-2.0,-71.0
1777891502.0123324,2.0,-3.0,-70.0
1777891502.0223324,5.0,-1.0,-73.0
1777891502.0323324,8.0,-1.0,-71.0
1777891502.0423324,7.0,-2.0,-67.0
1777891502.0523324,4.0,-4.0,-68.0
1777891502.0623324,3.0,-2.0,-66.0
1777891502.0723324,3.0,-2.0,-69.0
1777891502.0823324,4.0,-3.0,-72.0
1777891502.0923324,2.0,-4.0,-75.0
1777891502.1023324,3.0,-3.0,-76.0
1777891502.1123323,1.0,-6.0,-73.0
1777891502.1223323,4.0,-4.0,-83.0
1777891502.1323323,5.0,-3.0,-86.0
1777891502.1423323,2.0,-3.0,-80.0
1777891502.1523323,-2.0,-2.0,-83.0
1777891502.1623323,1.0,-2.0,-78.0
1777891502.1723323,2.0,-4.0,-68.0
1777891502.1823325,3.0,-5.0,-64.0
1777891502.1923325,3.0,-7.0,-66.0
1777891502.2023325,4.0,-5.0,-71.0
1777891502.2123325,7.0,-5.0,-75.0
1777891502.2223325,1.0,-3.0,-78.0
1777891502.2323325,3.0,-1.0,-82.0
1777891502.2423325,4.0,-3.0,-77.0
1777891502.2523324,3.0,-3.0,-70.0
1777891502.2623324,0.0,-1.0,-79.0
1777891502.2723324,-1.0,-1.0,-80.0
1777891502.2823324,0.0,1.0,-83.0
1777891502.2923324,-2.0,1.0,-88.0
1777891502.3023324,-4.0,0.0,-84.0
1777891502.3123324,-6.0,-3.0,-83.0
1777891502.3223324,-2.0,-3.0,-74.0
1777891502.3323324,1.0,-2.0,-68.0
1777891502.3423324,0.0,-1.0,-63.0
1777891502.3523324,0.0,-1.0,-71.0
1777891502.3623323,2.0,-2.0,-71.0
1777891502.3723323,4.0,0.0,-67.0
1777891502.3823323,3.0,1.0,-64.0
1777891502.3923323,4.0,-2.0,-62.0
1777891502.4023323,4.0,0.0,-62.0
1777891502.4123323,2.0,1.0,-62.0
1777891502.4223323,2.0,0.0,-59.0
1777891502.4323325,2.0,-2.0,-61.0
1777891502.4423325,3.0,-3.0,-66.0
1777891502.4523325,2.0,0.0,-69.0
1777891502.4623325,2.0,0.0,-70.0
1777891502.4723325,-1.0,-3.0,-70.0
1777891502.4823325,0.0,-1.0,-74.0
1777891502.4923325,0.0,0.0,-77.0
1777891502.5023324,-1.0,0.0,-79.0
1777891502.5123324,0.0,-1.0,-81.0
1777891502.5223324,-2.0,0.0,-86.0
1777891502.5323324,-1.0,-1.0,-83.0
1777891502.5423324,-1.0,-6.0,-78.0
1777891502.5523324,-1.0,-2.0,-85.0
1777891502.5623324,-1.0,-1.0,-77.0
1777891502.5723324,-3.0,1.0,-78.0
1777891502.5823324,-1.0,3.0,-75.0
1777891502.5923324,-3.0,1.0,-78.0
1777891502.6023324,-3.0,-1.0,-82.0
1777891502.6123323,1.0,-4.0,-79.0
1777891502.6223323,-1.0,-1.0,-71.0
1777891502.6323323,0.0,-1.0,-69.0
1777891502.6423323,0.0,0.0,-64.0
1777891502.6523323,0.0,-1.0,-66.0
1777891502.6623323,2.0,-4.0,-71.0
1777891502.6723323,3.0,-2.0,-71.0
1777891502.6823325,3.0,-1.0,-67.0
1777891502.6923325,1.0,1.0,-68.0
1777891502.7023325,0.0,2.0,-67.0
1777891502.7123325,0.0,0.0,-66.0
1777891502.7223325,1.0,0.0,-73.0
1777891502.7323325,-4.0,0.0,-74.0
1777891502.7423325,-5.0,0.0,-74.0
1777891502.7523324,-4.0,3.0,-71.0
1777891502.7623324,-2.0,6.0,-72.0
1777891502.7723324,-1.0,7.0,-65.0
1777891502.7823324,-2.0,9.0,-68.0
1777891502.7923324,-1.0,4.0,-68.0
1777891502.8023324,-1.0,0.0,-64.0
1777891502.8123324,0.0,0.0,-60.0
1777891502.8223324,0.0,1.0,-56.0
1777891502.8323324,0.0,3.0,-58.0
1777891502.8423324,1.0,3.0,-60.0
1777891502.8523324,3.0,1.0,-62.0
1777891502.8623323,1.0,1.0,-63.0
1777891502.8723323,3.0,1.0,-69.0
1777891502.8823323,4.0,2.0,-72.0
1777891502.8923323,3.0,-4.0,-73.0
1777891502.9023323,2.0,-4.0,-67.0
1777891502.9123323,6.0,1.0,-69.0
1777891502.9223323,5.0,1.0,-76.0
1777891502.9323325,6.0,1.0,-77.0
1777891502.9423325,7.0,0.0,-75.0
1777891502.9523325,7.0,0.0,-72.0
1777891502.9623325,5.0,0.0,-68.0
1777891502.9723325,0.0,0.0,-71.0
1777891502.9823325,4.0,4.0,-72.0
1777891502.9923325,4.0,1.0,-70.0
1777891503.0023324,2.0,-2.0,-70.0
1777891503.0123324,6.0,-3.0,-66.0
1777891503.0223324,4.0,-2.0,-66.0
1777891503.0323324,4.0,0.0,-60.0
1777891503.0423324,2.0,-4.0,-61.0
1777891503.0523324,1.0,-1.0,-70.0
1777891503.0623324,3.0,-1.0,-73.0
1777891503.0723324,6.0,2.0,-75.0
1777891503.0823324,5.0,2.0,-69.0
1777891503.0923324,1.0,1.0,-63.0
1777891503.1023324,0.0,0.0,-68.0
1777891503.1123323,4.0,-2.0,-72.0
1777891503.1223323,5.0,3.0,-77.0
1777891503.1323323,9.0,0.0,-74.0
1777891503.1423323,8.0,0.0,-79.0
1777891503.1523323,9.0,4.0,-84.0
1777891503.1623323,6.0,3.0,-81.0
1777891503.1723323,8.0,2.0,-76.0
1777891503.1823325,6.0,2.0,-78.0
1777891503.1923325,0.0,1.0,-83.0
1777891503.2023325,-4.0,2.0,-80.0
1777891503.2123325,-4.0,3.0,-80.0
1777891503.2223325,0.0,4.0,-79.0
1777891503.2323325,4.0,0.0,-85.0
1777891503.2423325,3.0,0.0,-88.0
1777891503.2523324,3.0,1.0,-89.0
1777891503.2623324,5.0,3.0,-86.0
1777891503.2723324,6.0,3.0,-79.0
1777891503.2823324,0.0,6.0,-73.0
1777891503.2923324,-1.0,6.0,-68.0
1777891503.3023324,-2.0,4.0,-66.0
1777891503.3123324,-3.0,4.0,-66.0
1777891503.3223324,-1.0,4.0,-68.0
1777891503.3323324,-6.0,0.0,-67.0
1777891503.3423324,-3.0,1.0,-59.0
1777891503.3523324,0.0,0.0,-60.0
1777891503.3623323,-2.0,0.0,-61.0
1777891503.3723323,-4.0,-1.0,-62.0
1777891503.3823323,3.0,0.0,-69.0
1777891503.3923323,3.0,-2.0,-75.0
1777891503.4023323,6.0,-3.0,-76.0
1777891503.4123323,5.0,0.0,-77.0
1777891503.4223323,8.0,-3.0,-80.0
1777891503.4323325,9.0,-4.0,-77.0
1777891503.4423325,0.0,-4.0,-81.0
1777891503.4523325,7.0,-5.0,-79.0
1777891503.4633324,7.0,-6.0,-79.0
1777891503.4733324,3.0,-1.0,-75.0
1777891503.4833324,0.0,-1.0,-75.0
1777891503.4933324,3.0,-5.0,-78.0
1777891503.5033324,5.0,-3.0,-78.0
1777891503.5133324,6.0,-5.0,-78.0
1777891503.5233324,6.0,-3.0,-74.0
1777891503.5333323,4.0,-1.0,-72.0
1777891503.5433323,-1.0,-1.0,-68.0
1777891503.5533323,0.0,-5.0,-68.0
1777891503.5633323,0.0,-3.0,-59.0
1777891503.5733323,-3.0,-3.0,-63.0
1777891503.5833323,-4.0,-4.0,-66.0
1777891503.5933323,0.0,0.0,-73.0
1777891503.6033323,2.0,-1.0,-69.0
1777891503.6133325,2.0,-3.0,-64.0
1777891503.6233325,-2.0,-3.0,-66.0
1777891503.6333325,-3.0,-8.0,-71.0
1777891503.6433325,-2.0,-8.0,-70.0
1777891503.6533325,0.0,-9.0,-75.0
1777891503.6633325,0.0,-7.0,-70.0
1777891503.6733325,2.0,-6.0,-71.0
1777891503.6833324,4.0,-1.0,-75.0
1777891503.6933324,7.0,-4.0,-72.0
1777891503.7033324,12.0,-4.0,-68.0
1777891503.7133324,11.0,-4.0,-69.0
1777891503.7233324,13.0,-3.0,-68.0
1777891503.7333324,5.0,-1.0,-76.0
1777891503.7433324,6.0,-1.0,-80.0
1777891503.7533324,4.0,0.0,-84.0
1777891503.7633324,0.0,0.0,-78.0
1777891503.7733324,2.0,0.0,-73.0
1777891503.7833323,2.0,0.0,-77.0
1777891503.7933323,1.0,2.0,-71.0
1777891503.8033323,1.0,0.0,-72.0
1777891503.8133323,-2.0,-4.0,-72.0
1777891503.8233323,-1.0,-8.0,-72.0
1777891503.8333323,-3.0,-3.0,-72.0
1777891503.8433323,0.0,-2.0,-73.0
1777891503.8533323,1.0,-4.0,-69.0
1777891503.8633325,2.0,-2.0,-74.0
1777891503.8733325,1.0,-1.0,-74.0
1777891503.8833325,-1.0,2.0,-72.0
1777891503.8933325,0.0,1.0,-63.0
1777891503.9033325,2.0,2.0,-66.0
1777891503.9133325,0.0,0.0,-64.0
1777891503.9233325,-4.0,0.0,-70.0
1777891503.9333324,-4.0,0.0,-73.0
1777891503.9433324,-1.0,1.0,-68.0
1777891503.9533324,-4.0,2.0,-72.0
1777891503.9633324,-8.0,2.0,-70.0
1777891503.9733324,-6.0,6.0,-74.0
1777891503.9833324,-4.0,9.0,-77.0
1777891503.9933324,-3.0,5.0,-74.0
1777891504.0033324,-6.0,7.0,-72.0
1777891504.0133324,-2.0,-1.0,-76.0
1777891504.0233324,-5.0,0.0,-75.0
1777891504.0333323,-8.0,-3.0,-70.0
1777891504.0433323,-4.0,1.0,-68.0
1777891504.0533323,-4.0,-1.0,-70.0
1777891504.0633323,-7.0,0.0,-65.0
1777891504.0733323,-6.0,0.0,-77.0
1777891504.0833323,-9.0,0.0,-83.0
1777891504.0933323,-6.0,1.0,-86.0
1777891504.1033323,-3.0,2.0,-79.0
1777891504.1133325,0.0,7.0,-74.0
1777891504.1233325,3.0,5.0,-79.0
1777891504.1333325,6.0,6.0,-80.0
1777891504.1433325,9.0,5.0,-81.0
1777891504.1533325,10.0,0.0,-77.0
1777891504.1633325,8.0,1.0,-76.0
1777891504.1733325,4.0,2.0,-79.0
1777891504.1833324,3.0,0.0,-75.0
1777891504.1933324,-4.0,1.0,-77.0
1777891504.2033324,-3.0,-2.0,-76.0
1777891504.2133324,0.0,-4.0,-82.0
1777891504.2233324,-4.0,-5.0,-87.0
1777891504.2333324,3.0,-2.0,-84.0
1777891504.2433324,4.0,-1.0,-84.0
1777891504.2533324,4.0,1.0,-77.0
1777891504.2633324,6.0,2.0,-76.0
1777891504.2733324,1.0,2.0,-73.0
1777891504.2833323,5.0,2.0,-72.0
1777891504.2933323,6.0,-1.0,-79.0
1777891504.3033323,8.0,-6.0,-72.0
1777891504.3133323,3.0,-4.0,-67.0
1777891504.3233323,3.0,-3.0,-61.0
1777891504.3333323,5.0,-7.0,-58.0
1777891504.3433323,7.0,-7.0,-58.0
1777891504.3533323,9.0,-6.0,-57.0
1777891504.3633325,13.0,-2.0,-62.0
1777891504.3733325,13.0,-3.0,-60.0
1777891504.3833325,7.0,0.0,-60.0
1777891504.3933325,4.0,-2.0,-60.0
1777891504.4033325,3.0,-2.0,-64.0
1777891504.4133325,5.0,-4.0,-71.0
1777891504.4233325,7.0,-5.0,-73.0
1777891504.4333324,6.0,-1.0,-68.0
1777891504.4433324,7.0,-1.0,-74.0
1777891504.4533324,3.0,0.0,-76.0
1777891504.4633324,0.0,1.0,-77.0
1777891504.4733324,1.0,0.0,-83.0
1777891504.4833324,-2.0,-5.0,-80.0
1777891504.4933324,5.0,-6.0,-77.0
1777891504.5033324,4.0,-7.0,-76.0
1777891504.5133324,1.0,-4.0,-75.0
1777891504.5233324,0.0,-5.0,-78.0
1777891504.5333323,-1.0,-2.0,-75.0
1777891504.5433323,2.0,3.0,-78.0
1777891504.5533323,4.0,-1.0,-78.0
1777891504.5633323,2.0,-1.0,-77.0
1777891504.5733323,4.0,-2.0,-78.0
1777891504.5833323,0.0,-1.0,-76.0
1777891504.5933323,-1.0,-2.0,-72.0
1777891504.6033323,0.0,-2.0,-77.0
1777891504.6133325,0.0,0.0,-87.0
1777891504.6233325,2.0,0.0,-85.0
1777891504.6333325,5.0,0.0,-78.0
1777891504.6433325,2.0,0.0,-77.0
1777891504.6533325,1.0,-2.0,-81.0
1777891504.6633325,-2.0,-6.0,-83.0
1777891504.6733325,0.0,-2.0,-81.0
1777891504.6833324,0.0,-2.0,-81.0
1777891504.6933324,-3.0,-4.0,-80.0
1777891504.7033324,-2.0,-1.0,-79.0
1777891504.7133324,2.0,1.0,-81.0
1777891504.7233324,5.0,0.0,-85.0
1777891504.7333324,2.0,-3.0,-77.0
1777891504.7433324,4.0,0.0,-74.0
1777891504.7533324,7.0,-2.0,-74.0
1777891504.7633324,10.0,-2.0,-72.0
1777891504.7733324,13.0,-3.0,-76.0
1777891504.7833323,11.0,-1.0,-76.0
1777891504.7933323,10.0,2.0,-75.0
1777891504.8033323,8.0,4.0,-76.0
1777891504.8133323,10.0,7.0,-71.0
1777891504.8233323,10.0,5.0,-72.0
1777891504.8333323,4.0,5.0,-69.0
1777891504.8433323,0.0,1.0,-57.0
1777891504.8533323,-4.0,2.0,-55.0
1777891504.8633325,0.0,0.0,-58.0
1777891504.8733325,-2.0,-2.0,-62.0
1777891504.8833325,-1.0,-3.0,-68.0
1777891504.8933325,0.0,0.0,-66.0
1777891504.9033325,5.0,-1.0,-73.0
1777891504.9133325,0.0,-3.0,-67.0
1777891504.9233325,2.0,-4.0,-70.0
1777891504.9333324,0.0,-6.0,-74.0
1777891504.9433324,3.0,-3.0,-75.0
1777891504.9533324,5.0,-3.0,-75.0
1777891504.9633324,7.0,0.0,-77.0
1777891504.9733324,8.0,-1.0,-74.0
1777891504.9833324,5.0,0.0,-72.0
1777891504.9933324,5.0,0.0,-71.0
1777891505.0033324,6.0,1.0,-69.0
1777891505.0133324,7.0,1.0,-75.0
1777891505.0233324,3.0,-2.0,-70.0
1777891505.0333323,0.0,-5.0,-72.0
1777891505.0433323,0.0,0.0,-77.0
1777891505.0533323,-4.0,-2.0,-78.0
1777891505.0633323,-2.0,-4.0,-80.0
1777891505.0733323,1.0,-1.0,-85.0
1777891505.0833323,0.0,-1.0,-84.0
1777891505.0933323,4.0,-5.0,-79.0
1777891505.1033323,7.0,-3.0,-77.0
1777891505.1133325,5.0,-4.0,-75.0
1777891505.1233325,7.0,-1.0,-71.0
1777891505.1333325,3.0,-1.0,-74.0
1777891505.1433325,2.0,1.0,-72.0
1777891505.1533325,-1.0,-2.0,-73.0
1777891505.1633325,3.0,-2.0,-69.0
1777891505.1733325,3.0,-4.0,-67.0
1777891505.1833324,5.0,-5.0,-69.0
1777891505.1933324,0.0,-5.0,-68.0
1777891505.2033324,1.0,-4.0,-68.0
1777891505.2133324,3.0,-6.0,-69.0
1777891505.2233324,2.0,-4.0,-68.0
1777891505.2333324,4.0,0.0,-69.0
1777891505.2433324,4.0,2.0,-76.0
1777891505.2533324,3.0,2.0,-77.0
1777891505.2633324,3.0,3.0,-74.0
1777891505.2733324,2.0,4.0,-79.0
1777891505.2833323,-1.0,6.0,-76.0
1777891505.2933323,-3.0,1.0,-78.0
1777891505.3033323,-3.0,-1.0,-76.0
1777891505.3133323,-5.0,0.0,-77.0
1777891505.3233323,-1.0,-4.0,-79.0
1777891505.3333323,0.0,-2.0,-83.0
1777891505.3433323,-1.0,-1.0,-88.0
1777891505.3533323,1.0,1.0,-85.0
1777891505.3633325,-1.0,0.0,-81.0
1777891505.3733325,-1.0,1.0,-82.0
1777891505.3833325,0.0,2.0,-80.0
1777891505.3933325,2.0,4.0,-82.0
1777891505.4033325,1.0,3.0,-76.0
1777891505.4143324,4.0,3.0,-79.0
1777891505.4243324,5.0,0.0,-75.0
1777891505.4343324,5.0,-4.0,-77.0
1777891505.4443324,3.0,0.0,-81.0
1777891505.4543324,1.0,-1.0,-79.0
1777891505.4643323,-1.0,0.0,-82.0
1777891505.4743323,1.0,1.0,-75.0
1777891505.4843323,3.0,1.0,-80.0
1777891505.4943323,3.0,-3.0,-83.0
1777891505.5043323,5.0,-4.0,-80.0
1777891505.5143323,6.0,-5.0,-81.0
1777891505.5243323,5.0,-3.0,-79.0
1777891505.5343325,9.0,-6.0,-70.0
1777891505.5443325,12.0,-2.0,-76.0
1777891505.5543325,15.0,-5.0,-82.0
1777891505.5643325,12.0,-7.0,-75.0
1777891505.5743325,4.0,-5.0,-80.0
1777891505.5843325,1.0,-4.0,-79.0
1777891505.5943325,1.0,0.0,-85.0
1777891505.6043324,2.0,0.0,-81.0
1777891505.6143324,1.0,-3.0,-77.0
1777891505.6243324,0.0,0.0,-74.0
1777891505.6343324,2.0,1.0,-60.0
1777891505.6443324,3.0,-2.0,-60.0
1777891505.6543324,6.0,-6.0,-65.0
1777891505.6643324,7.0,-5.0,-73.0
1777891505.6743324,3.0,-2.0,-75.0
1777891505.6843324,-1.0,2.0,-77.0
1777891505.6943324,-1.0,1.0,-71.0
1777891505.7043324,-3.0,2.0,-72.0
1777891505.7143323,-3.0,2.0,-70.0
1777891505.7243323,-3.0,0.0,-70.0
1777891505.7343323,-2.0,0.0,-68.0
1777891505.7443323,-2.0,-4.0,-68.0
1777891505.7543323,2.0,-4.0,-67.0
1777891505.7643323,-1.0,-5.0,-70.0
1777891505.7743323,0.0,-5.0,-67.0
1777891505.7843325,-3.0,-6.0,-68.0
1777891505.7943325,-4.0,-3.0,-73.0
1777891505.8043325,-5.0,-3.0,-68.0
1777891505.8143325,-3.0,-1.0,-66.0
1777891505.8243325,1.0,0.0,-64.0
1777891505.8343325,0.0,3.0,-60.0
1777891505.8443325,0.0,6.0,-60.0
1777891505.8543324,0.0,4.0,-63.0
1777891505.8643324,-3.0,-3.0,-69.0
1777891505.8743324,3.0,-5.0,-65.0
1777891505.8843324,0.0,-8.0,-67.0
1777891505.8943324,0.0,-10.0,-58.0
1777891505.9043324,3.0,-8.0,-61.0
1777891505.9143324,4.0,-5.0,-67.0
1777891505.9243324,0.0,-4.0,-76.0
1777891505.9343324,0.0,-4.0,-78.0
1777891505.9443324,-1.0,-5.0,-77.0
1777891505.9543324,-2.0,-4.0,-69.0
1777891505.9643323,0.0,-1.0,-71.0
1777891505.9743323,-3.0,-2.0,-71.0
1777891505.9843323,-3.0,-3.0,-68.0
1777891505.9943323,-2.0,-4.0,-63.0
1777891506.0043323,2.0,-3.0,-68.0
1777891506.0143323,4.0,-4.0,-71.0
1777891506.0243323,2.0,1.0,-66.0
1777891506.0343325,0.0,-1.0,-67.0
1777891506.0443325,-1.0,-3.0,-62.0
1777891506.0543325,0.0,-8.0,-61.0
1777891506.0643325,3.0,-8.0,-67.0
1777891506.0743325,4.0,-8.0,-70.0
1777891506.0843325,5.0,-6.0,-71.0
1777891506.0943325,5.0,-3.0,-70.0
1777891506.1043324,10.0,-1.0,-69.0
1777891506.1143324,7.0,-4.0,-76.0
1777891506.1243324,6.0,-5.0,-79.0
1777891506.1343324,4.0,-6.0,-74.0
1777891506.1443324,8.0,-2.0,-70.0
1777891506.1543324,13.0,-4.0,-68.0
1777891506.1643324,10.0,0.0,-64.0
1777891506.1743324,8.0,-2.0,-66.0
1777891506.1843324,3.0,-3.0,-70.0
1777891506.1943324,5.0,-1.0,-72.0
1777891506.2043324,1.0,-2.0,-73.0
1777891506.2143323,2.0,0.0,-69.0
1777891506.2243323,-1.0,2.0,-69.0
1777891506.2343323,0.0,1.0,-72.0
1777891506.2443323,6.0,2.0,-71.0
1777891506.2543323,4.0,0.0,-63.0
1777891506.2643323,0.0,-2.0,-64.0
1777891506.2743323,0.0,-1.0,-67.0
1777891506.2843325,-1.0,-1.0,-67.0
1777891506.2943325,-3.0,1.0,-69.0
1777891506.3043325,0.0,2.0,-72.0
1777891506.3143325,0.0,0.0,-66.0
1777891506.3243325,4.0,0.0,-68.0
1777891506.3343325,4.0,-3.0,-74.0
1777891506.3443325,6.0,-4.0,-72.0
1777891506.3543324,4.0,-2.0,-72.0
1777891506.3643324,0.0,-1.0,-74.0
1777891506.3743324,-1.0,-2.0,-70.0
1777891506.3843324,0.0,-1.0,-69.0
1777891506.3943324,-2.0,-3.0,-69.0
1777891506.4043324,-1.0,-5.0,-69.0
1777891506.4143324,0.0,-3.0,-78.0
1777891506.4243324,-2.0,-3.0,-73.0
1777891506.4343324,3.0,0.0,-68.0
1777891506.4443324,1.0,-1.0,-74.0
1777891506.4543324,3.0,0.0,-73.0
1777891506.4643323,3.0,2.0,-81.0
1777891506.4743323,8.0,2.0,-75.0
1777891506.4843323,6.0,1.0,-70.0
1777891506.4943323,3.0,0.0,-64.0
1777891506.5043323,4.0,1.0,-62.0
1777891506.5143323,2.0,-1.0,-69.0
1777891506.5243323,2.0,0.0,-67.0
1777891506.5343325,8.0,-4.0,-64.0
1777891506.5443325,9.0,-4.0,-60.0
1777891506.5543325,7.0,-3.0,-53.0
1777891506.5643325,4.0,-2.0,-61.0
1777891506.5743325,3.0,-2.0,-67.0
1777891506.5843325,7.0,-1.0,-71.0
1777891506.5943325,7.0,-3.0,-71.0
1777891506.6043324,-1.0,-4.0,-70.0
1777891506.6143324,-6.0,-1.0,-66.0
1777891506.6243324,-5.0,-3.0,-64.0
1777891506.6343324,-1.0,1.0,-64.0
1777891506.6443324,-2.0,4.0,-68.0
1777891506.6543324,-1.0,4.0,-69.0
1777891506.6643324,4.0,3.0,-74.0
1777891506.6743324,3.0,0.0,-75.0
1777891506.6843324,3.0,2.0,-72.0
1777891506.6943324,0.0,1.0,-73.0
1777891506.7043324,0.0,1.0,-73.0
1777891506.7143323,-3.0,2.0,-72.0
1777891506.7243323,0.0,2.0,-75.0
1777891506.7343323,-1.0,0.0,-70.0
1777891506.7443323,-6.0,1.0,-68.0
1777891506.7543323,-10.0,5.0,-63.0
1777891506.7643323,-11.0,2.0,-71.0
1777891506.7743323,-3.0,2.0,-74.0
1777891506.7843325,-3.0,3.0,-74.0
1777891506.7943325,-2.0,0.0,-68.0
1777891506.8043325,-1.0,0.0,-64.0
1777891506.8143325,0.0,3.0,-66.0
1777891506.8243325,3.0,2.0,-67.0
1777891506.8343325,1.0,3.0,-61.0
1777891506.8443325,-1.0,-1.0,-64.0
1777891506.8543324,0.0,0.0,-74.0
1777891506.8643324,1.0,1.0,-72.0
1777891506.8743324,0.0,4.0,-72.0
1777891506.8843324,3.0,5.0,-73.0
1777891506.8943324,2.0,0.0,-74.0
1777891506.9043324,-2.0,-1.0,-72.0
1777891506.9143324,0.0,-7.0,-79.0
1777891506.9243324,0.0,-5.0,-85.0
1777891506.9343324,0.0,0.0,-86.0
1777891506.9443324,1.0,4.0,-88.0
1777891506.9543324,3.0,5.0,-84.0
1777891506.9643323,4.0,4.0,-84.0
1777891506.9743323,5.0,4.0,-80.0
1777891506.9843323,6.0,3.0,-84.0
1777891506.9943323,8.0,0.0,-78.0
1777891507.0043323,6.0,-1.0,-78.0
1777891507.0143323,13.0,-1.0,-77.0
1777891507.0243323,11.0,-2.0,-79.0
1777891507.0343325,7.0,-3.0,-81.0
1777891507.0443325,5.0,-3.0,-85.0
1777891507.0543325,8.0,0.0,-83.0
1777891507.0643325,9.0,0.0,-78.0
1777891507.0743325,5.0,1.0,-78.0
1777891507.0843325,2.0,0.0,-72.0
1777891507.0943325,0.0,0.0,-67.0
1777891507.1043324,2.0,0.0,-63.0
1777891507.1143324,1.0,1.0,-64.0
1777891507.1243324,0.0,0.0,-66.0
1777891507.1343324,0.0,0.0,-70.0
1777891507.1443324,-2.0,0.0,-74.0
1777891507.1543324,-3.0,4.0,-80.0
1777891507.1643324,4.0,2.0,-82.0
1777891507.1743324,5.0,1.0,-80.0
1777891507.1843324,5.0,3.0,-79.0
1777891507.1943324,-1.0,3.0,-79.0
1777891507.2043324,-1.0,3.0,-76.0
1777891507.2143323,0.0,1.0,-75.0
1777891507.2243323,4.0,0.0,-76.0
1777891507.2343323,7.0,1.0,-77.0
1777891507.2443323,3.0,3.0,-70.0
1777891507.2543323,2.0,6.0,-66.0
1777891507.2643323,0.0,7.0,-61.0
1777891507.2743323,-3.0,7.0,-66.0
1777891507.2843325,-3.0,5.0,-70.0
1777891507.2943325,0.0,5.0,-71.0
1777891507.3043325,0.0,-1.0,-66.0
1777891507.3143325,2.0,-1.0,-69.0
1777891507.3243325,-5.0,-3.0,-70.0
1777891507.3343325,-4.0,-3.0,-78.0
1777891507.3443325,0.0,-4.0,-80.0
1777891507.3543324,-3.0,-3.0,-79.0
1777891507.3643324,-2.0,-3.0,-78.0
1777891507.3743324,3.0,-1.0,-70.0
1777891507.3843324,1.0,2.0,-69.0
1777891507.3943324,0.0,1.0,-72.0
1777891507.4053323,0.0,1.0,-75.0
1777891507.4143324,0.0,1.0,-77.0
1777891507.4253323,5.0,1.0,-79.0
1777891507.4353323,3.0,6.0,-75.0
1777891507.4443324,1.0,2.0,-79.0
1777891507.4553325,-1.0,0.0,-78.0
1777891507.4653325,2.0,-1.0,-75.0
1777891507.4753325,2.0,0.0,-75.0
1777891507.4853325,1.0,0.0,-72.0
1777891507.4943323,2.0,0.0,-76.0
1777891507.5053325,0.0,5.0,-77.0
1777891507.5153325,-1.0,2.0,-77.0
1777891507.5253325,-5.0,1.0,-74.0
1777891507.5353324,-2.0,0.0,-81.0
1777891507.5453324,-2.0,-1.0,-79.0
1777891507.5553324,-2.0,2.0,-76.0
1777891507.5653324,-1.0,5.0,-74.0
1777891507.5753324,-1.0,1.0,-64.0
1777891507.5853324,-2.0,-2.0,-66.0
1777891507.5953324,0.0,-1.0,-66.0
1777891507.6063323,1.0,1.0,-61.0
1777891507.6153324,2.0,-2.0,-64.0
1777891507.6253324,0.0,0.0,-77.0
1777891507.6353323,0.0,1.0,-80.0
1777891507.6453323,0.0,1.0,-77.0
1777891507.6553323,2.0,3.0,-75.0
1777891507.6653323,-1.0,1.0,-73.0
1777891507.6753323,2.0,3.0,-75.0
1777891507.6853323,2.0,0.0,-74.0
1777891507.6953323,3.0,-3.0,-79.0
1777891507.7053325,5.0,-3.0,-81.0
1777891507.7153325,7.0,-5.0,-83.0
1777891507.7253325,1.0,-6.0,-76.0
1777891507.7353325,0.0,-4.0,-71.0
1777891507.7453325,0.0,-4.0,-64.0
1777891507.7553325,0.0,-1.0,-66.0
1777891507.7653325,2.0,1.0,-69.0
1777891507.7753325,0.0,3.0,-73.0
1777891507.7853324,1.0,0.0,-70.0
1777891507.7953324,4.0,-1.0,-73.0
1777891507.8053324,3.0,-4.0,-70.0
1777891507.8153324,1.0,-4.0,-68.0
1777891507.8253324,1.0,-2.0,-69.0
1777891507.8353324,-2.0,1.0,-68.0
1777891507.8453324,0.0,0.0,-66.0
1777891507.8553324,3.0,0.0,-69.0
1777891507.8653324,2.0,0.0,-69.0
1777891507.8753324,2.0,0.0,-65.0
1777891507.8853323,2.0,-1.0,-66.0
1777891507.8953323,2.0,-3.0,-71.0
1777891507.9053323,3.0,-6.0,-69.0
1777891507.9153323,-2.0,-5.0,-72.0
1777891507.9253323,-4.0,-1.0,-75.0
1777891507.9353323,0.0,-2.0,-79.0
1777891507.9453323,1.0,-1.0,-80.0
1777891507.9553325,0.0,-5.0,-83.0
1777891507.9653325,0.0,-7.0,-85.0
1777891507.9753325,0.0,-4.0,-90.0
1777891507.9853325,1.0,-5.0,-89.0
1777891507.9953325,0.0,-5.0,-84.0
1777891508.0053325,-2.0,-5.0,-81.0
1777891508.0153325,-1.0,-5.0,-83.0
1777891508.0253325,-3.0,-3.0,-81.0
1777891508.0353324,-2.0,-1.0,-77.0
1777891508.0453324,1.0,-1.0,-75.0
1777891508.0553324,-2.0,-3.0,-76.0
1777891508.0653324,-5.0,-6.0,-76.0
1777891508.0753324,-6.0,-8.0,-74.0
1777891508.0853324,-5.0,-6.0,-72.0
1777891508.0953324,0.0,-4.0,-65.0
1777891508.1053324,-1.0,0.0,-66.0
1777891508.1153324,-9.0,2.0,-69.0
1777891508.1253324,-8.0,4.0,-65.0
1777891508.1353323,-9.0,6.0,-72.0
1777891508.1453323,-11.0,5.0,-68.0
1777891508.1553323,-4.0,4.0,-60.0
1777891508.1653323,-4.0,4.0,-64.0
1777891508.1753323,-3.0,1.0,-68.0
1777891508.1853323,-5.0,-2.0,-65.0
1777891508.1953323,-3.0,-4.0,-67.0
1777891508.2053325,-5.0,-5.0,-69.0
1777891508.2153325,2.0,-9.0,-70.0
1777891508.2253325,1.0,-10.0,-73.0
1777891508.2353325,2.0,-13.0,-73.0
1777891508.2453325,6.0,-9.0,-76.0
1777891508.2553325,8.0,-3.0,-70.0
1777891508.2653325,6.0,-1.0,-65.0
1777891508.2753325,6.0,0.0,-73.0
1777891508.2853324,1.0,0.0,-74.0
1777891508.2953324,3.0,2.0,-73.0
1777891508.3053324,3.0,3.0,-72.0
1777891508.3153324,2.0,0.0,-70.0
1777891508.3253324,1.0,0.0,-72.0
1777891508.3353324,2.0,0.0,-67.0
1777891508.3453324,1.0,0.0,-70.0
1777891508.3553324,0.0,-1.0,-73.0
1777891508.3653324,0.0,1.0,-70.0
1777891508.3753324,-2.0,-1.0,-75.0
1777891508.3853323,-5.0,-1.0,-75.0
1777891508.3953323,-8.0,0.0,-69.0
1777891508.4053323,-8.0,-1.0,-69.0
1777891508.4153323,-8.0,-3.0,-63.0
1777891508.4253323,-7.0,-1.0,-64.0
1777891508.4353323,-3.0,-4.0,-68.0
1777891508.4453323,-3.0,0.0,-68.0
1777891508.4553325,-7.0,1.0,-66.0
1777891508.4653325,-11.0,-1.0,-72.0
1777891508.4753325,-5.0,3.0,-77.0
1777891508.4853325,-4.0,0.0,-75.0
1777891508.4953325,0.0,1.0,-69.0
1777891508.5053325,0.0,-2.0,-75.0
1777891508.5153325,0.0,-1.0,-69.0
1777891508.5253325,3.0,0.0,-71.0
1777891508.5353324,2.0,0.0,-74.0
1777891508.5453324,4.0,0.0,-78.0
1777891508.5553324,4.0,0.0,-74.0
1777891508.5653324,2.0,0.0,-76.0
1777891508.5753324,1.0,0.0,-75.0
1777891508.5853324,0.0,-1.0,-77.0
1777891508.5953324,1.0,-1.0,-73.0
1777891508.6053324,1.0,0.0,-74.0
1777891508.6153324,0.0,-1.0,-76.0
1777891508.6253324,-1.0,-5.0,-69.0
1777891508.6353323,-2.0,-5.0,-69.0
1777891508.6453323,0.0,-8.0,-64.0
1777891508.6553323,4.0,-4.0,-64.0
1777891508.6653323,3.0,-4.0,-62.0
1777891508.6753323,5.0,-3.0,-61.0
1777891508.6853323,5.0,-2.0,-71.0
1777891508.6953323,3.0,0.0,-69.0
1777891508.7053325,4.0,0.0,-64.0
1777891508.7153325,2.0,0.0,-67.0
1777891508.7253325,4.0,0.0,-64.0
1777891508.7353325,3.0,-1.0,-69.0
1777891508.7453325,4.0,1.0,-71.0
1777891508.7553325,3.0,0.0,-70.0
1777891508.7653325,3.0,0.0,-71.0
1777891508.7753325,8.0,1.0,-72.0
1777891508.7853324,10.0,0.0,-66.0
1777891508.7953324,10.0,-1.0,-67.0
1777891508.8053324,4.0,-1.0,-66.0
1777891508.8153324,1.0,-2.0,-69.0
1777891508.8253324,1.0,-3.0,-71.0
1777891508.8353324,-1.0,-2.0,-70.0
1777891508.8453324,2.0,-4.0,-71.0
1777891508.8553324,2.0,-6.0,-66.0
1777891508.8653324,1.0,-7.0,-59.0
1777891508.8753324,0.0,-6.0,-64.0
1777891508.8853323,2.0,-4.0,-61.0
1777891508.8953323,6.0,-6.0,-64.0
1777891508.9053323,6.0,-5.0,-63.0
1777891508.9153323,6.0,-9.0,-64.0
1777891508.9253323,4.0,-6.0,-67.0
1777891508.9353323,6.0,-2.0,-71.0
1777891508.9453323,6.0,-2.0,-76.0
1777891508.9553325,8.0,-1.0,-75.0
1777891508.9653325,3.0,-5.0,-69.0
1777891508.9753325,5.0,-3.0,-66.0
1777891508.9853325,4.0,-4.0,-67.0
1777891508.9953325,1.0,0.0,-65.0
1777891509.0053325,0.0,-2.0,-62.0
1777891509.0153325,2.0,-3.0,-65.0
1777891509.0253325,5.0,-2.0,-67.0
1777891509.0353324,4.0,-5.0,-71.0
1777891509.0453324,3.0,-6.0,-72.0
1777891509.0553324,5.0,-3.0,-76.0
1777891509.0653324,5.0,-3.0,-77.0
1777891509.0753324,5.0,-7.0,-74.0
1777891509.0853324,4.0,-8.0,-84.0
1777891509.0953324,3.0,-3.0,-81.0
1777891509.1053324,0.0,-4.0,-78.0
1777891509.1153324,3.0,-5.0,-72.0
1777891509.1253324,1.0,-9.0,-69.0
1777891509.1353323,0.0,-11.0,-68.0
1777891509.1453323,1.0,-15.0,-69.0
1777891509.1553323,0.0,-12.0,-76.0
1777891509.1653323,0.0,-11.0,-77.0
1777891509.1753323,-2.0,-12.0,-77.0
1777891509.1853323,-3.0,-7.0,-74.0
1777891509.1953323,0.0,-7.0,-75.0
1777891509.2053325,4.0,-7.0,-75.0
1777891509.2153325,4.0,-3.0,-72.0
1777891509.2253325,1.0,-5.0,-72.0
1777891509.2353325,-2.0,-4.0,-70.0
1777891509.2453325,-1.0,-5.0,-68.0
1777891509.2553325,0.0,-5.0,-74.0
1777891509.2653325,-4.0,-3.0,-69.0
1777891509.2753325,-3.0,-3.0,-78.0
1777891509.2853324,-2.0,-6.0,-77.0
1777891509.2953324,-1.0,-7.0,-74.0
1777891509.3053324,0.0,-5.0,-73.0
1777891509.3153324,-3.0,-3.0,-77.0
1777891509.3253324,-3.0,-3.0,-77.0
1777891509.3353324,5.0,-5.0,-72.0
1777891509.3453324,7.0,-4.0,-76.0
1777891509.3553324,7.0,-4.0,-85.0
1777891509.3653324,3.0,-2.0,-87.0
1777891509.3753324,6.0,-2.0,-82.0
1777891509.3853323,4.0,-2.0,-82.0
1777891509.3953323,5.0,-3.0,-77.0
1777891509.4053323,2.0,-4.0,-71.0
1777891509.4163325,1.0,-6.0,-74.0
1777891509.4263325,-1.0,-6.0,-75.0
1777891509.4363325,1.0,-4.0,-76.0
1777891509.4463325,-1.0,-4.0,-78.0
1777891509.4563324,-3.0,-4.0,-74.0
1777891509.4663324,-3.0,-4.0,-70.0
1777891509.4763324,-2.0,-5.0,-72.0
1777891509.4863324,-3.0,-5.0,-71.0
1777891509.4963324,-2.0,-1.0,-75.0
1777891509.5063324,-1.0,0.0,-75.0
1777891509.5163324,-1.0,-2.0,-78.0
1777891509.5263324,1.0,-3.0,-80.0
1777891509.5363324,4.0,-7.0,-84.0
1777891509.5463324,4.0,-4.0,-81.0
1777891509.5563323,3.0,-2.0,-76.0
1777891509.5663323,4.0,-7.0,-71.0
1777891509.5763323,9.0,-6.0,-69.0
1777891509.5863323,12.0,-6.0,-77.0
1777891509.5963323,12.0,-10.0,-78.0
1777891509.6063323,5.0,-8.0,-77.0
1777891509.6163323,2.0,-10.0,-77.0
1777891509.6263323,3.0,-6.0,-77.0
1777891509.6363325,6.0,-4.0,-77.0
1777891509.6463325,5.0,-1.0,-76.0
1777891509.6563325,5.0,0.0,-77.0
1777891509.6663325,2.0,0.0,-79.0
1777891509.6763325,2.0,-2.0,-77.0
1777891509.6863325,1.0,-3.0,-79.0
1777891509.6963325,-1.0,-5.0,-78.0
1777891509.7063324,-1.0,-5.0,-80.0
1777891509.7163324,0.0,-6.0,-78.0
1777891509.7263324,2.0,-5.0,-77.0
1777891509.7363324,0.0,-9.0,-72.0
1777891509.7463324,-1.0,-5.0,-74.0
1777891509.7563324,1.0,-4.0,-71.0
1777891509.7663324,-2.0,-2.0,-74.0
1777891509.7763324,-8.0,0.0,-75.0
1777891509.7863324,-6.0,1.0,-77.0
1777891509.7963324,-6.0,6.0,-81.0
1777891509.8063323,-6.0,8.0,-76.0
1777891509.8163323,-5.0,2.0,-78.0
1777891509.8263323,-5.0,5.0,-82.0
1777891509.8363323,-7.0,3.0,-88.0
1777891509.8463323,-8.0,0.0,-85.0
1777891509.8563323,-9.0,-3.0,-84.0
1777891509.8663323,-9.0,-5.0,-85.0
1777891509.8763323,-9.0,-4.0,-89.0
1777891509.8863325,-5.0,0.0,-87.0
1777891509.8963325,-4.0,2.0,-78.0
1777891509.9063325,-1.0,0.0,-78.0
1777891509.9163325,0.0,0.0,-80.0
1777891509.9263325,-2.0,-2.0,-77.0
1777891509.9363325,-2.0,-5.0,-86.0
1777891509.9463325,0.0,-5.0,-84.0
1777891509.9563324,2.0,-2.0,-85.0
1777891509.9663324,0.0,0.0,-92.0
1777891509.9763324,1.0,3.0,-83.0
1777891509.9863324,6.0,4.0,-79.0
1777891509.9963324,0.0,0.0,-71.0
1777891510.0063324,1.0,-2.0,-70.0
1777891510.0163324,3.0,-1.0,-72.0
1777891510.0263324,-2.0,4.0,-75.0
1777891510.0363324,-7.0,1.0,-75.0
1777891510.0463324,-6.0,0.0,-76.0
1777891510.0563323,-5.0,0.0,-76.0
1777891510.0663323,-3.0,0.0,-76.0
1777891510.0763323,-3.0,1.0,-82.0
1777891510.0863323,0.0,0.0,-81.0
1777891510.0963323,0.0,-3.0,-82.0
1777891510.1063323,3.0,-2.0,-79.0
1777891510.1163323,4.0,-5.0,-76.0
1777891510.1263323,6.0,-6.0,-74.0
1777891510.1363325,8.0,-2.0,-75.0
1777891510.1463325,1.0,-5.0,-75.0
1777891510.1563325,0.0,-3.0,-82.0
1777891510.1663325,1.0,-6.0,-79.0
1777891510.1763325,0.0,-5.0,-76.0
1777891510.1863325,-1.0,-4.0,-76.0
1777891510.1963325,-1.0,-3.0,-78.0
1777891510.2063324,-2.0,0.0,-77.0
1777891510.2163324,-4.0,4.0,-71.0
1777891510.2263324,-3.0,9.0,-71.0
1777891510.2363324,1.0,6.0,-72.0
1777891510.2463324,4.0,2.0,-75.0
1777891510.2563324,5.0,1.0,-77.0
1777891510.2663324,6.0,1.0,-73.0
1777891510.2763324,2.0,-2.0,-74.0
1777891510.2863324,-1.0,-5.0,-73.0
1777891510.2963324,-9.0,-3.0,-71.0
1777891510.3063323,-2.0,0.0,-69.0
1777891510.3163323,0.0,-2.0,-69.0
1777891510.3263323,1.0,-9.0,-70.0
1777891510.3363323,3.0,-7.0,-72.0
1777891510.3463323,0.0,-5.0,-68.0
1777891510.3563323,0.0,-1.0,-67.0
1777891510.3663323,-3.0,0.0,-72.0
1777891510.3763323,0.0,1.0,-75.0
1777891510.3863325,0.0,2.0,-77.0
1777891510.3963325,2.0,4.0,-81.0
1777891510.4063325,3.0,6.0,-82.0
1777891510.4163325,0.0,3.0,-80.0
1777891510.4263325,4.0,3.0,-77.0
1777891510.4363325,0.0,4.0,-73.0
1777891510.4463325,2.0,1.0,-70.0
1777891510.4563324,-2.0,1.0,-75.0
1777891510.4663324,-4.0,-1.0,-76.0
1777891510.4763324,-5.0,-3.0,-75.0
1777891510.4863324,-6.0,0.0,-75.0
1777891510.4963324,-2.0,3.0,-78.0
1777891510.5063324,0.0,7.0,-74.0
1777891510.5163324,1.0,7.0,-67.0
1777891510.5263324,2.0,9.0,-69.0
1777891510.5363324,8.0,6.0,-64.0
1777891510.5463324,6.0,3.0,-67.0
1777891510.5563323,1.0,4.0,-71.0
1777891510.5663323,0.0,0.0,-72.0
1777891510.5763323,-4.0,0.0,-74.0
1777891510.5863323,-5.0,-1.0,-80.0
1777891510.5963323,-5.0,-1.0,-79.0
1777891510.6063323,-2.0,-1.0,-70.0
1777891510.6163323,2.0,0.0,-71.0
1777891510.6263323,2.0,-2.0,-70.0
1777891510.6363325,1.0,-5.0,-70.0
1777891510.6463325,0.0,-5.0,-65.0
1777891510.6563325,1.0,-5.0,-68.0
1777891510.6673324,-3.0,-1.0,-69.0
1777891510.6763325,-5.0,2.0,-72.0
1777891510.6863325,-2.0,-3.0,-68.0
1777891510.6963325,0.0,-6.0,-66.0
1777891510.7063324,0.0,-4.0,-61.0
1777891510.7163324,1.0,-5.0,-62.0
1777891510.7263324,1.0,-5.0,-64.0
1777891510.7363324,-1.0,-3.0,-68.0
1777891510.7463324,-3.0,-3.0,-76.0
1777891510.7563324,0.0,-7.0,-76.0
1777891510.7663324,0.0,-6.0,-80.0
1777891510.7763324,3.0,-2.0,-75.0
1777891510.7863324,3.0,1.0,-75.0
1777891510.7963324,1.0,2.0,-80.0
1777891510.8063323,0.0,2.0,-73.0
1777891510.8163323,-4.0,5.0,-74.0
1777891510.8263323,-1.0,5.0,-69.0
1777891510.8363323,0.0,5.0,-66.0
1777891510.8463323,1.0,5.0,-67.0
1777891510.8563323,7.0,3.0,-68.0
1777891510.8663323,2.0,3.0,-70.0
1777891510.8763323,1.0,1.0,-72.0
1777891510.8863325,4.0,0.0,-71.0
1777891510.8963325,3.0,-1.0,-71.0
1777891510.9063325,6.0,-4.0,-63.0
1777891510.9163325,3.0,-3.0,-67.0
1777891510.9263325,1.0,0.0,-77.0
1777891510.9363325,0.0,-1.0,-80.0
1777891510.9463325,0.0,0.0,-79.0
1777891510.9563324,-1.0,-2.0,-80.0
1777891510.9663324,-1.0,-3.0,-86.0
1777891510.9763324,1.0,-5.0,-84.0
1777891510.9863324,4.0,-2.0,-84.0
1777891510.9963324,5.0,-4.0,-79.0
1777891511.0063324,0.0,-3.0,-71.0
1777891511.0163324,-3.0,-4.0,-79.0
1777891511.0263324,-1.0,0.0,-76.0
1777891511.0363324,0.0,0.0,-70.0
1777891511.0463324,2.0,0.0,-72.0
1777891511.0563323,0.0,0.0,-70.0
1777891511.0663323,-3.0,-4.0,-67.0
1777891511.0763323,-2.0,-9.0,-61.0
1777891511.0863323,-2.0,-8.0,-65.0
1777891511.0963323,0.0,-6.0,-63.0
1777891511.1063323,-4.0,-6.0,-65.0
1777891511.1163323,1.0,-7.0,-71.0
1777891511.1263323,0.0,-5.0,-72.0
1777891511.1363325,5.0,0.0,-69.0
1777891511.1463325,6.0,-1.0,-74.0
1777891511.1563325,5.0,-1.0,-76.0
1777891511.1663325,8.0,0.0,-76.0
1777891511.1763325,4.0,4.0,-71.0
1777891511.1863325,7.0,5.0,-73.0
1777891511.1963325,9.0,2.0,-77.0
1777891511.2063324,9.0,9.0,-81.0
1777891511.2163324,9.0,4.0,-79.0
1777891511.2263324,2.0,6.0,-77.0
1777891511.2363324,-1.0,2.0,-73.0
1777891511.2463324,-2.0,0.0,-74.0
1777891511.2563324,-4.0,-2.0,-71.0
1777891511.2663324,-5.0,-4.0,-72.0
1777891511.2763324,-1.0,-7.0,-73.0
1777891511.2863324,0.0,-7.0,-79.0
1777891511.2963324,4.0,-5.0,-76.0
1777891511.3063323,4.0,-4.0,-75.0
1777891511.3163323,6.0,-6.0,-77.0
1777891511.3263323,4.0,-6.0,-79.0
1777891511.3363323,4.0,-8.0,-77.0
1777891511.3463323,8.0,-8.0,-79.0
1777891511.3563323,8.0,-7.0,-74.0
1777891511.3663323,4.0,-5.0,-74.0
1777891511.3773324,8.0,-6.0,-74.0
1777891511.3863325,3.0,-2.0,-73.0
1777891511.3973324,0.0,0.0,-78.0
1777891511.4073324,0.0,2.0,-80.0
1777891511.4173324,0.0,2.0,-81.0
1777891511.4263325,1.0,0.0,-76.0
1777891511.4373324,2.0,-4.0,-76.0
1777891511.4473324,0.0,-1.0,-70.0
1777891511.4573324,-1.0,-4.0,-71.0
1777891511.4673324,0.0,-8.0,-63.0
1777891511.4773324,4.0,-7.0,-65.0
1777891511.4873323,5.0,-7.0,-65.0
1777891511.4973323,5.0,-4.0,-63.0
1777891511.5073323,5.0,-2.0,-68.0
1777891511.5173323,4.0,0.0,-72.0
1777891511.5273323,0.0,4.0,-80.0
1777891511.5373323,-2.0,5.0,-82.0
1777891511.5473323,1.0,4.0,-83.0
1777891511.5573325,3.0,6.0,-81.0
1777891511.5673325,4.0,6.0,-85.0
1777891511.5773325,5.0,2.0,-79.0
1777891511.5873325,5.0,1.0,-79.0
1777891511.5973325,8.0,0.0,-69.0
1777891511.6073325,8.0,2.0,-61.0
1777891511.6173325,9.0,-1.0,-62.0
1777891511.6273324,6.0,1.0,-72.0
1777891511.6373324,3.0,-1.0,-73.0
1777891511.6473324,4.0,0.0,-74.0
1777891511.6573324,6.0,-3.0,-79.0
1777891511.6673324,0.0,0.0,-77.0
1777891511.6773324,0.0,1.0,-75.0
1777891511.6873324,-1.0,0.0,-72.0
1777891511.6973324,2.0,-1.0,-75.0
1777891511.7073324,0.0,1.0,-75.0
1777891511.7173324,7.0,0.0,-74.0
1777891511.7273324,1.0,1.0,-76.0
1777891511.7373323,2.0,0.0,-78.0
1777891511.7473323,1.0,0.0,-81.0
1777891511.7573323,-3.0,0.0,-76.0
1777891511.7673323,-1.0,1.0,-69.0
1777891511.7773323,0.0,-1.0,-65.0
1777891511.7873323,5.0,0.0,-68.0
1777891511.7973323,3.0,-2.0,-70.0
1777891511.8073325,0.0,0.0,-67.0
1777891511.8173325,-1.0,-3.0,-73.0
1777891511.8273325,-2.0,-2.0,-69.0
1777891511.8373325,-4.0,-3.0,-68.0
1777891511.8473325,-2.0,-4.0,-72.0
1777891511.8573325,-2.0,0.0,-73.0
1777891511.8673325,0.0,1.0,-78.0
1777891511.8773324,0.0,0.0,-77.0
1777891511.8873324,0.0,-2.0,-69.0
1777891511.8973324,3.0,-3.0,-68.0
1777891511.9073324,2.0,-3.0,-70.0
1777891511.9173324,4.0,-2.0,-70.0
1777891511.9273324,4.0,-6.0,-76.0
1777891511.9373324,2.0,-3.0,-69.0
1777891511.9473324,0.0,-1.0,-71.0
1777891511.9573324,0.0,-1.0,-68.0
1777891511.9673324,0.0,0.0,-70.0
1777891511.9773324,-2.0,0.0,-71.0
1777891511.9873323,0.0,-1.0,-67.0
1777891511.9973323,0.0,-5.0,-69.0
1777891512.0073323,-5.0,-2.0,-65.0
1777891512.0173323,-2.0,-1.0,-64.0
1777891512.0273323,2.0,-5.0,-70.0
1777891512.0373323,1.0,-5.0,-70.0
1777891512.0473323,4.0,-7.0,-73.0
1777891512.0573325,1.0,-7.0,-73.0
1777891512.0673325,6.0,-7.0,-75.0
1777891512.0773325,3.0,-5.0,-75.0
1777891512.0873325,2.0,-4.0,-77.0
1777891512.0973325,2.0,-6.0,-66.0
1777891512.1073325,2.0,-6.0,-68.0
1777891512.1173325,-1.0,-6.0,-73.0
1777891512.1273324,-4.0,-4.0,-72.0
1777891512.1373324,-2.0,0.0,-71.0
1777891512.1473324,-1.0,1.0,-75.0
1777891512.1573324,-7.0,5.0,-77.0
1777891512.1673324,-9.0,3.0,-73.0
1777891512.1773324,-6.0,-2.0,-79.0
1777891512.1873324,0.0,0.0,-79.0
1777891512.1973324,5.0,2.0,-76.0
1777891512.2073324,8.0,1.0,-77.0
1777891512.2173324,4.0,0.0,-74.0
1777891512.2273324,6.0,-3.0,-68.0
1777891512.2373323,5.0,-3.0,-62.0
1777891512.2473323,5.0,-3.0,-61.0
1777891512.2573323,3.0,-1.0,-60.0
1777891512.2673323,2.0,0.0,-64.0
1777891512.2773323,-2.0,3.0,-65.0
1777891512.2873323,1.0,4.0,-74.0
1777891512.2973323,0.0,7.0,-74.0
1777891512.3073325,0.0,5.0,-78.0
1777891512.3173325,5.0,4.0,-80.0
1777891512.3273325,5.0,2.0,-78.0
1777891512.3373325,3.0,2.0,-75.0
1777891512.3473325,1.0,1.0,-76.0
1777891512.3573325,0.0,4.0,-76.0
1777891512.3673325,1.0,1.0,-71.0
1777891512.3773324,0.0,0.0,-67.0
1777891512.3873324,1.0,-4.0,-66.0
1777891512.3973324,-3.0,-9.0,-64.0
1777891512.4073324,-3.0,-7.0,-65.0
1777891512.4173324,-5.0,-6.0,-63.0
1777891512.4273324,-3.0,-4.0,-67.0
1777891512.4373324,-5.0,-4.0,-70.0
1777891512.4473324,-6.0,-3.0,-71.0
1777891512.4573324,-6.0,-4.0,-72.0
1777891512.4673324,-1.0,-3.0,-67.0
1777891512.4773324,0.0,-5.0,-68.0
1777891512.4873323,5.0,-2.0,-66.0
1777891512.4973323,3.0,0.0,-59.0
1777891512.5073323,4.0,2.0,-59.0
1777891512.5173323,3.0,5.0,-60.0
1777891512.5273323,1.0,2.0,-61.0
1777891512.5373323,-1.0,0.0,-64.0
1777891512.5473323,-3.0,1.0,-65.0
1777891512.5573325,1.0,1.0,-69.0
1777891512.5673325,0.0,0.0,-73.0
1777891512.5773325,-1.0,0.0,-79.0
1777891512.5873325,-8.0,-3.0,-80.0
1777891512.5973325,-8.0,-8.0,-83.0
1777891512.6073325,-2.0,-5.0,-80.0
1777891512.6173325,-1.0,-5.0,-79.0
1777891512.6273324,-2.0,0.0,-71.0
1777891512.6373324,3.0,-2.0,-65.0
1777891512.6473324,1.0,-4.0,-54.0
1777891512.6573324,3.0,-6.0,-60.0
1777891512.6673324,4.0,-5.0,-64.0
1777891512.6773324,5.0,-1.0,-72.0
1777891512.6873324,0.0,-4.0,-75.0
1777891512.6973324,1.0,-5.0,-79.0
1777891512.7073324,1.0,-6.0,-81.0
1777891512.7173324,0.0,-5.0,-83.0
1777891512.7273324,0.0,0.0,-82.0
1777891512.7373323,1.0,1.0,-79.0
1777891512.7473323,3.0,1.0,-76.0
1777891512.7573323,-1.0,-2.0,-72.0
1777891512.7673323,-3.0,-2.0,-64.0
1777891512.7773323,-2.0,-2.0,-61.0
1777891512.7873323,0.0,1.0,-64.0
1777891512.7973323,0.0,-1.0,-69.0
1777891512.8073325,1.0,-1.0,-76.0
1777891512.8173325,1.0,-4.0,-78.0
1777891512.8273325,0.0,-4.0,-78.0
1777891512.8373325,0.0,-5.0,-74.0
1777891512.8473325,3.0,-7.0,-69.0
1777891512.8573325,2.0,-4.0,-73.0
1777891512.8673325,0.0,-2.0,-78.0
1777891512.8773324,0.0,0.0,-74.0
1777891512.8873324,-3.0,0.0,-71.0
1777891512.8973324,-4.0,-2.0,-69.0
1777891512.9073324,-6.0,-1.0,-76.0
1777891512.9173324,-3.0,0.0,-75.0
1777891512.9273324,0.0,0.0,-73.0
1777891512.9373324,3.0,1.0,-69.0
1777891512.9473324,1.0,-1.0,-73.0
1777891512.9573324,5.0,1.0,-72.0
1777891512.9673324,4.0,0.0,-72.0
1777891512.9773324,5.0,1.0,-78.0
1777891512.9873323,1.0,4.0,-74.0
1777891512.9973323,7.0,5.0,-75.0
1777891513.0073323,5.0,2.0,-81.0
1777891513.0173323,8.0,2.0,-78.0
1777891513.0273323,7.0,3.0,-80.0
1777891513.0373323,6.0,-1.0,-75.0
1777891513.0473323,1.0,-3.0,-75.0
1777891513.0573325,0.0,-2.0,-79.0
1777891513.0673325,0.0,3.0,-79.0
1777891513.0773325,0.0,4.0,-81.0
1777891513.0873325,4.0,5.0,-78.0
1777891513.0973325,4.0,5.0,-78.0
1777891513.1073325,0.0,2.0,-75.0
1777891513.1173325,2.0,1.0,-73.0
1777891513.1273324,-2.0,0.0,-73.0
1777891513.1373324,-3.0,-2.0,-73.0
1777891513.1473324,-4.0,-2.0,-68.0
1777891513.1573324,-3.0,-3.0,-73.0
1777891513.1673324,0.0,-2.0,-71.0
1777891513.1773324,5.0,-2.0,-68.0
1777891513.1873324,6.0,-1.0,-70.0
1777891513.1973324,2.0,0.0,-68.0
1777891513.2073324,0.0,4.0,-64.0
1777891513.2173324,0.0,0.0,-63.0
1777891513.2273324,-4.0,-2.0,-64.0
1777891513.2373323,-1.0,-1.0,-65.0
1777891513.2473323,-7.0,0.0,-62.0
1777891513.2573323,-6.0,-4.0,-61.0
1777891513.2673323,-4.0,-3.0,-65.0
1777891513.2773323,-6.0,0.0,-67.0
1777891513.2873323,-4.0,0.0,-73.0
1777891513.2973323,-1.0,-2.0,-67.0
1777891513.3073325,0.0,-3.0,-66.0
1777891513.3173325,5.0,-1.0,-67.0
1777891513.3273325,2.0,-1.0,-71.0
1777891513.3383324,0.0,-4.0,-70.0
1777891513.3473325,0.0,-1.0,-73.0
1777891513.3573325,1.0,-1.0,-72.0
1777891513.3673325,0.0,2.0,-79.0
1777891513.3773324,-1.0,-1.0,-76.0
1777891513.3873324,0.0,-2.0,-78.0
1777891513.3973324,2.0,0.0,-72.0
1777891513.4083323,2.0,0.0,-76.0
1777891513.4183323,0.0,-3.0,-79.0
1777891513.4283323,0.0,-8.0,-79.0
1777891513.4383323,0.0,-7.0,-82.0
1777891513.4483323,3.0,-2.0,-72.0
1777891513.4583323,7.0,-6.0,-65.0
1777891513.4683323,2.0,-4.0,-67.0
1777891513.4783323,-1.0,-7.0,-78.0
1777891513.4883325,0.0,-3.0,-78.0
1777891513.4983325,-1.0,0.0,-73.0
1777891513.5083325,0.0,3.0,-76.0
1777891513.5183325,1.0,1.0,-80.0
1777891513.5283325,-2.0,-1.0,-83.0
1777891513.5383325,2.0,-3.0,-87.0
1777891513.5483325,5.0,-6.0,-79.0
1777891513.5583324,1.0,-2.0,-76.0
1777891513.5683324,3.0,0.0,-82.0
1777891513.5783324,2.0,-1.0,-77.0
1777891513.5883324,0.0,0.0,-77.0
1777891513.5983324,-3.0,-2.0,-80.0
1777891513.6083324,-4.0,-2.0,-78.0
1777891513.6183324,0.0,-1.0,-77.0
1777891513.6283324,1.0,0.0,-76.0
1777891513.6383324,1.0,0.0,-79.0
1777891513.6483324,2.0,1.0,-78.0
1777891513.6583323,0.0,0.0,-71.0
1777891513.6683323,0.0,-5.0,-68.0
1777891513.6783323,1.0,-6.0,-67.0
1777891513.6883323,1.0,-4.0,-73.0
1777891513.6983323,-3.0,-4.0,-69.0
1777891513.7083323,-3.0,-3.0,-74.0
1777891513.7183323,-3.0,-2.0,-79.0
1777891513.7283323,-6.0,0.0,-75.0
1777891513.7383325,-6.0,-3.0,-80.0
1777891513.7483325,-5.0,-3.0,-81.0
1777891513.7583325,-1.0,0.0,-81.0
1777891513.7683325,2.0,7.0,-85.0
1777891513.7783325,-1.0,6.0,-88.0
1777891513.7883325,0.0,3.0,-83.0
1777891513.7983325,-1.0,2.0,-78.0
1777891513.8083324,2.0,0.0,-69.0
1777891513.8183324,-1.0,1.0,-67.0
1777891513.8283324,-1.0,2.0,-70.0
1777891513.8383324,8.0,1.0,-70.0
1777891513.8483324,3.0,1.0,-70.0
1777891513.8583324,5.0,4.0,-71.0
1777891513.8683324,6.0,4.0,-74.0
1777891513.8783324,5.0,2.0,-74.0
1777891513.8883324,2.0,-1.0,-73.0
1777891513.8983324,0.0,-1.0,-70.0
1777891513.9083323,-1.0,-6.0,-70.0
1777891513.9183323,-2.0,-3.0,-70.0
1777891513.9283323,-2.0,-6.0,-73.0
1777891513.9383323,-4.0,-2.0,-79.0
1777891513.9483323,-6.0,0.0,-77.0
1777891513.9583323,-1.0,3.0,-75.0
1777891513.9683323,6.0,6.0,-69.0
1777891513.9783323,5.0,6.0,-69.0
1777891513.9883325,5.0,8.0,-70.0
1777891513.9983325,0.0,6.0,-65.0
1777891514.0083325,0.0,10.0,-64.0
1777891514.0183325,0.0,8.0,-67.0
1777891514.0283325,4.0,7.0,-56.0
1777891514.0383325,3.0,5.0,-56.0
1777891514.0483325,1.0,2.0,-60.0
1777891514.0583324,0.0,1.0,-63.0
1777891514.0683324,-2.0,0.0,-63.0
1777891514.0783324,-2.0,0.0,-66.0
1777891514.0883324,-3.0,0.0,-66.0
1777891514.0983324,-1.0,-2.0,-68.0
1777891514.1083324,1.0,-4.0,-69.0
1777891514.1183324,1.0,-1.0,-69.0
1777891514.1283324,5.0,-2.0,-67.0
1777891514.1383324,5.0,-5.0,-71.0
1777891514.1483324,5.0,-2.0,-69.0
1777891514.1583323,7.0,-4.0,-70.0
1777891514.1683323,8.0,0.0,-68.0
1777891514.1783323,4.0,-1.0,-71.0
1777891514.1883323,2.0,0.0,-72.0
1777891514.1983323,6.0,-1.0,-76.0
1777891514.2083323,4.0,0.0,-77.0
1777891514.2183323,0.0,3.0,-78.0
1777891514.2283323,-3.0,3.0,-77.0
1777891514.2383325,-2.0,0.0,-80.0
1777891514.2483325,1.0,-3.0,-79.0
1777891514.2583325,1.0,-2.0,-78.0
1777891514.2683325,6.0,-5.0,-70.0
1777891514.2783325,11.0,-3.0,-74.0
1777891514.2883325,8.0,0.0,-73.0
1777891514.2983325,3.0,0.0,-71.0
1777891514.3083324,1.0,-1.0,-73.0
1777891514.3183324,4.0,0.0,-67.0
1777891514.3283324,4.0,-1.0,-65.0
1777891514.3383324,6.0,-1.0,-64.0
1777891514.3483324,5.0,0.0,-64.0
1777891514.3583324,9.0,0.0,-64.0
1777891514.3683324,7.0,0.0,-67.0
1777891514.3783324,7.0,-1.0,-75.0
1777891514.3883324,10.0,-1.0,-77.0
1777891514.3983324,7.0,2.0,-73.0
1777891514.4083323,6.0,5.0,-75.0
1777891514.4183323,2.0,7.0,-76.0
1777891514.4283323,0.0,7.0,-78.0
1777891514.4383323,0.0,6.0,-77.0
1777891514.4483323,2.0,4.0,-76.0
1777891514.4583323,4.0,1.0,-78.0
1777891514.4683323,1.0,2.0,-76.0
1777891514.4783323,0.0,2.0,-73.0
1777891514.4883325,0.0,1.0,-70.0
1777891514.4983325,2.0,0.0,-76.0
1777891514.5083325,0.0,-3.0,-77.0
1777891514.5183325,7.0,-6.0,-77.0
1777891514.5283325,8.0,-5.0,-72.0
1777891514.5383325,2.0,-4.0,-73.0
1777891514.5483325,2.0,-3.0,-75.0
1777891514.5583324,2.0,-4.0,-70.0
1777891514.5683324,-1.0,-5.0,-79.0
1777891514.5783324,1.0,-1.0,-78.0
1777891514.5883324,2.0,0.0,-81.0
1777891514.5983324,-2.0,-1.0,-74.0
1777891514.6083324,-2.0,0.0,-71.0
1777891514.6183324,-2.0,2.0,-77.0
1777891514.6283324,-1.0,1.0,-75.0
1777891514.6383324,-2.0,0.0,-75.0
1777891514.6483324,-2.0,-1.0,-73.0
1777891514.6583323,-4.0,-2.0,-76.0
1777891514.6683323,-4.0,-3.0,-79.0
1777891514.6783323,-2.0,-3.0,-76.0
1777891514.6883323,4.0,-4.0,-76.0
1777891514.6983323,1.0,-1.0,-77.0
1777891514.7083323,3.0,1.0,-78.0
1777891514.7183323,4.0,-1.0,-79.0
1777891514.7293324,7.0,1.0,-77.0
1777891514.7383325,6.0,3.0,-72.0
1777891514.7483325,4.0,1.0,-77.0
1777891514.7583325,2.0,-1.0,-75.0
1777891514.7683325,4.0,-1.0,-76.0
1777891514.7783325,2.0,-2.0,-78.0
1777891514.7883325,0.0,-1.0,-79.0
1777891514.7983325,4.0,-1.0,-89.0
1777891514.8083324,7.0,-3.0,-90.0
1777891514.8183324,4.0,-1.0,-81.0
1777891514.8283324,9.0,1.0,-82.0
1777891514.8383324,5.0,3.0,-79.0
1777891514.8483324,3.0,5.0,-71.0
1777891514.8583324,4.0,4.0,-71.0
1777891514.8683324,4.0,2.0,-73.0
1777891514.8783324,3.0,0.0,-67.0
1777891514.8883324,0.0,-3.0,-66.0
1777891514.8983324,0.0,0.0,-64.0
1777891514.9083323,-4.0,2.0,-68.0
1777891514.9183323,0.0,-2.0,-74.0
1777891514.9283323,1.0,-1.0,-78.0
1777891514.9383323,2.0,-5.0,-82.0
1777891514.9483323,5.0,1.0,-83.0
1777891514.9583323,4.0,1.0,-77.0
1777891514.9683323,6.0,-2.0,-70.0
1777891514.9783323,8.0,-3.0,-76.0
1777891514.9883325,8.0,-5.0,-76.0
1777891514.9983325,12.0,-7.0,-70.0
1777891515.0083325,11.0,-4.0,-74.0
1777891515.0183325,8.0,-4.0,-72.0
1777891515.0283325,5.0,-6.0,-71.0
1777891515.0383325,5.0,-4.0,-68.0
1777891515.0483325,2.0,-5.0,-66.0
1777891515.0583324,0.0,-3.0,-63.0
1777891515.0683324,-1.0,-2.0,-65.0
1777891515.0783324,-2.0,0.0,-70.0
1777891515.0883324,-4.0,0.0,-78.0
1777891515.0983324,-3.0,-3.0,-78.0
1777891515.1083324,0.0,-1.0,-77.0
1777891515.1183324,1.0,0.0,-77.0
1777891515.1283324,0.0,1.0,-82.0
1777891515.1383324,-3.0,1.0,-88.0
1777891515.1483324,2.0,2.0,-89.0
1777891515.1583323,-2.0,1.0,-88.0
1777891515.1683323,-2.0,-4.0,-82.0
1777891515.1783323,0.0,-6.0,-77.0
1777891515.1883323,6.0,-4.0,-80.0
1777891515.1983323,1.0,-3.0,-82.0
1777891515.2083323,-2.0,-3.0,-73.0
1777891515.2183323,-4.0,-2.0,-69.0
1777891515.2283323,1.0,2.0,-66.0
1777891515.2383325,1.0,4.0,-62.0
1777891515.2483325,8.0,2.0,-64.0
1777891515.2583325,7.0,-3.0,-60.0
1777891515.2683325,3.0,-6.0,-59.0
1777891515.2783325,4.0,-4.0,-59.0
1777891515.2883325,5.0,0.0,-60.0
1777891515.2983325,0.0,-1.0,-64.0
1777891515.3083324,-1.0,-1.0,-71.0
1777891515.3183324,-2.0,-1.0,-72.0
1777891515.3283324,3.0,-2.0,-73.0
1777891515.3383324,2.0,-4.0,-72.0
1777891515.3493323,-3.0,-4.0,-68.0
1777891515.3583324,-5.0,-2.0,-68.0
1777891515.3683324,-7.0,1.0,-75.0
1777891515.3783324,-6.0,5.0,-75.0
1777891515.3893323,-2.0,5.0,-77.0
1777891515.3993323,-1.0,2.0,-80.0
1777891515.4093325,-2.0,0.0,-76.0
1777891515.4193325,-1.0,-3.0,-79.0
1777891515.4293325,-4.0,-3.0,-81.0
1777891515.4393325,-2.0,-5.0,-83.0
1777891515.4493325,-3.0,2.0,-81.0
1777891515.4593325,-5.0,2.0,-80.0
1777891515.4693325,-6.0,3.0,-75.0
1777891515.4793324,-5.0,3.0,-77.0
1777891515.4893324,-4.0,5.0,-70.0
1777891515.4993324,0.0,2.0,-72.0
1777891515.5093324,1.0,3.0,-69.0
1777891515.5193324,-3.0,5.0,-69.0
1777891515.5293324,-3.0,4.0,-67.0
1777891515.5393324,-2.0,0.0,-70.0
1777891515.5493324,4.0,0.0,-68.0
1777891515.5593324,-4.0,-2.0,-65.0
1777891515.5693324,-6.0,-3.0,-57.0
1777891515.5793324,-1.0,-1.0,-59.0
1777891515.5893323,0.0,4.0,-68.0
1777891515.5993323,0.0,10.0,-69.0
1777891515.6093323,2.0,9.0,-70.0
1777891515.6193323,7.0,4.0,-73.0
1777891515.6293323,3.0,2.0,-75.0
1777891515.6393323,2.0,3.0,-74.0
1777891515.6493323,-3.0,-2.0,-77.0
1777891515.6593325,-4.0,-1.0,-80.0
1777891515.6693325,-3.0,-1.0,-80.0
1777891515.6793325,-1.0,-1.0,-83.0
1777891515.6893325,0.0,-2.0,-86.0
1777891515.6993325,-1.0,-3.0,-82.0
1777891515.7093325,-3.0,-1.0,-75.0
1777891515.7193325,0.0,0.0,-77.0
1777891515.7293324,-2.0,0.0,-77.0
1777891515.7393324,-3.0,2.0,-72.0
1777891515.7493324,-3.0,0.0,-70.0
1777891515.7593324,-2.0,-1.0,-72.0
1777891515.7693324,-4.0,0.0,-76.0
1777891515.7793324,-5.0,-4.0,-74.0
1777891515.7893324,-2.0,-9.0,-74.0
1777891515.7993324,-5.0,-5.0,-71.0
1777891515.8093324,-1.0,-3.0,-76.0
1777891515.8193324,-6.0,0.0,-73.0
1777891515.8293324,-9.0,0.0,-72.0
1777891515.8393323,-5.0,0.0,-79.0
1777891515.8493323,-1.0,-2.0,-84.0
1777891515.8593323,-7.0,-4.0,-80.0
1777891515.8693323,-8.0,-6.0,-86.0
1777891515.8793323,-11.0,-8.0,-91.0
1777891515.8893323,-4.0,-5.0,-89.0
1777891515.8993323,0.0,-2.0,-81.0
1777891515.9093325,0.0,0.0,-80.0
1777891515.9193325,0.0,-4.0,-80.0
1777891515.9293325,3.0,-2.0,-86.0
1777891515.9393325,2.0,-4.0,-84.0
1777891515.9493325,1.0,-4.0,-77.0
1777891515.9593325,0.0,-4.0,-81.0
1777891515.9693325,0.0,-2.0,-72.0
1777891515.9793324,-4.0,-2.0,-73.0
1777891515.9893324,-6.0,-6.0,-74.0
1777891515.9993324,-7.0,-6.0,-72.0
1777891516.0093324,-4.0,-3.0,-73.0
1777891516.0193324,-3.0,1.0,-72.0
1777891516.0293324,-2.0,0.0,-72.0
1777891516.0393324,0.0,0.0,-74.0
1777891516.0493324,0.0,0.0,-69.0
1777891516.0593324,3.0,0.0,-74.0
1777891516.0693324,1.0,2.0,-67.0
1777891516.0793324,0.0,2.0,-59.0
1777891516.0893323,1.0,2.0,-51.0
1777891516.0993323,2.0,0.0,-50.0
1777891516.1093323,3.0,-3.0,-62.0
1777891516.1193323,2.0,-2.0,-64.0
1777891516.1293323,0.0,-2.0,-59.0
1777891516.1393323,-1.0,-4.0,-64.0
1777891516.1493323,-4.0,-4.0,-68.0
1777891516.1593325,-4.0,-3.0,-66.0
1777891516.1693325,-1.0,-2.0,-70.0
1777891516.1793325,-1.0,-3.0,-68.0
1777891516.1893325,-1.0,-2.0,-67.0
1777891516.1993325,-1.0,-3.0,-77.0
1777891516.2093325,-5.0,-3.0,-77.0
1777891516.2193325,-7.0,-2.0,-70.0
1777891516.2293324,-4.0,-5.0,-64.0
1777891516.2393324,-6.0,1.0,-67.0
1777891516.2493324,-7.0,-2.0,-73.0
1777891516.2593324,-5.0,0.0,-75.0
1777891516.2693324,-5.0,-4.0,-77.0
1777891516.2793324,-6.0,-1.0,-74.0
1777891516.2893324,-4.0,1.0,-74.0
1777891516.2993324,-6.0,-1.0,-76.0
1777891516.3093324,-4.0,-3.0,-75.0
1777891516.3193324,0.0,-5.0,-78.0
1777891516.3293324,-1.0,-4.0,-78.0
1777891516.3393323,0.0,0.0,-71.0
1777891516.3493323,0.0,6.0,-69.0
1777891516.3593323,-1.0,1.0,-73.0
1777891516.3693323,1.0,1.0,-78.0
1777891516.3793323,-2.0,6.0,-78.0
1777891516.3893323,-2.0,5.0,-81.0
1777891516.3993323,-2.0,2.0,-84.0
1777891516.4093325,0.0,3.0,-80.0
1777891516.4193325,0.0,3.0,-70.0
1777891516.4293325,2.0,5.0,-68.0
1777891516.4393325,0.0,5.0,-66.0
1777891516.4493325,0.0,3.0,-71.0
1777891516.4593325,0.0,2.0,-71.0
1777891516.4693325,2.0,3.0,-72.0
1777891516.4793324,5.0,2.0,-75.0
1777891516.4893324,6.0,-3.0,-77.0
1777891516.4993324,7.0,-7.0,-73.0
1777891516.5093324,4.0,-3.0,-65.0
1777891516.5193324,4.0,-1.0,-62.0
1777891516.5293324,7.0,-1.0,-69.0
1777891516.5393324,8.0,-2.0,-75.0
1777891516.5493324,7.0,0.0,-72.0
1777891516.5593324,1.0,0.0,-69.0
1777891516.5693324,0.0,2.0,-65.0
1777891516.5793324,4.0,3.0,-71.0
1777891516.5893323,5.0,-2.0,-79.0
1777891516.5993323,5.0,0.0,-84.0
1777891516.6093323,8.0,1.0,-85.0
1777891516.6193323,4.0,0.0,-79.0
1777891516.6293323,6.0,3.0,-80.0
1777891516.6393323,6.0,6.0,-74.0
1777891516.6493323,6.0,10.0,-66.0
1777891516.6593325,5.0,8.0,-66.0
1777891516.6693325,3.0,6.0,-63.0
1777891516.6793325,6.0,1.0,-65.0
1777891516.6893325,8.0,-1.0,-68.0
1777891516.6993325,12.0,-5.0,-62.0
1777891516.7093325,11.0,-1.0,-67.0
1777891516.7193325,9.0,-1.0,-69.0
1777891516.7293324,6.0,2.0,-76.0
1777891516.7393324,6.0,1.0,-75.0
1777891516.7493324,4.0,2.0,-76.0
1777891516.7593324,2.0,3.0,-73.0
1777891516.7693324,3.0,2.0,-72.0
1777891516.7793324,0.0,-1.0,-72.0
1777891516.7893324,0.0,-2.0,-75.0
1777891516.7993324,-1.0,3.0,-81.0
1777891516.8093324,-2.0,1.0,-84.0
1777891516.8193324,-1.0,4.0,-77.0
1777891516.8293324,5.0,8.0,-72.0
1777891516.8393323,1.0,5.0,-75.0
1777891516.8493323,2.0,4.0,-76.0
1777891516.8593323,1.0,2.0,-68.0
1777891516.8693323,-2.0,-2.0,-73.0
1777891516.8793323,-5.0,-4.0,-70.0
1777891516.8893323,-1.0,-5.0,-73.0
1777891516.8993323,0.0,-2.0,-71.0
1777891516.9093325,-1.0,-5.0,-73.0
1777891516.9193325,0.0,-6.0,-73.0
1777891516.9293325,0.0,-2.0,-80.0
1777891516.9393325,-4.0,1.0,-82.0
1777891516.9493325,-3.0,2.0,-74.0
1777891516.9593325,-2.0,1.0,-74.0
1777891516.9693325,0.0,2.0,-66.0
1777891516.9793324,4.0,5.0,-62.0
1777891516.9893324,1.0,7.0,-59.0
1777891516.9993324,0.0,7.0,-58.0
1777891517.0093324,-2.0,1.0,-62.0
1777891517.0193324,-1.0,0.0,-62.0
1777891517.0293324,0.0,0.0,-68.0
1777891517.0393324,0.0,1.0,-71.0
1777891517.0493324,-1.0,0.0,-71.0
1777891517.0593324,-1.0,0.0,-71.0
1777891517.0693324,-1.0,0.0,-67.0
1777891517.0793324,0.0,0.0,-68.0
1777891517.0893323,0.0,4.0,-62.0
1777891517.0993323,-1.0,0.0,-67.0
1777891517.1093323,-1.0,2.0,-62.0
1777891517.1193323,-4.0,0.0,-65.0
1777891517.1293323,-2.0,0.0,-68.0
1777891517.1393323,0.0,-2.0,-69.0
1777891517.1493323,0.0,-1.0,-69.0
1777891517.1593325,3.0,-3.0,-71.0
1777891517.1693325,6.0,-4.0,-66.0
1777891517.1793325,4.0,-3.0,-62.0
1777891517.1893325,6.0,-8.0,-58.0
1777891517.1993325,1.0,-9.0,-70.0
1777891517.2093325,5.0,-12.0,-75.0
1777891517.2193325,4.0,-13.0,-76.0
1777891517.2293324,3.0,-8.0,-74.0
1777891517.2393324,0.0,-4.0,-77.0
1777891517.2493324,0.0,-2.0,-70.0
1777891517.2593324,-3.0,-6.0,-73.0
1777891517.2693324,-3.0,-6.0,-77.0
1777891517.2793324,0.0,0.0,-72.0
1777891517.2893324,-2.0,0.0,-68.0
1777891517.2993324,-4.0,0.0,-68.0
1777891517.3093324,-4.0,-2.0,-65.0
1777891517.3193324,-1.0,-2.0,-72.0
1777891517.3293324,0.0,-4.0,-69.0
1777891517.3393323,2.0,-4.0,-63.0
1777891517.3503325,3.0,-2.0,-73.0
1777891517.3593323,4.0,-3.0,-82.0
1777891517.3703325,1.0,-7.0,-82.0
1777891517.3793323,2.0,-5.0,-77.0
1777891517.3903325,1.0,-7.0,-69.0
1777891517.4003325,1.0,-7.0,-70.0
1777891517.4103324,-1.0,-7.0,-73.0
1777891517.4203324,-3.0,-8.0,-70.0
1777891517.4303324,-1.0,-4.0,-68.0
1777891517.4403324,-2.0,-1.0,-68.0
1777891517.4503324,0.0,-1.0,-75.0
1777891517.4603324,1.0,-5.0,-78.0
1777891517.4703324,3.0,-6.0,-77.0
1777891517.4803324,2.0,-3.0,-81.0
1777891517.4903324,0.0,-2.0,-77.0
1777891517.5003324,-3.0,2.0,-72.0
1777891517.5103323,-3.0,-2.0,-61.0
1777891517.5203323,-2.0,-6.0,-57.0
1777891517.5303323,1.0,-8.0,-63.0
1777891517.5403323,2.0,-10.0,-61.0
1777891517.5503323,-4.0,-10.0,-62.0
1777891517.5603323,-5.0,-6.0,-65.0
1777891517.5703323,-1.0,-5.0,-72.0
1777891517.5803325,1.0,-2.0,-71.0
1777891517.5903325,3.0,0.0,-74.0
1777891517.6003325,1.0,-1.0,-75.0
1777891517.6103325,0.0,-5.0,-74.0
1777891517.6203325,2.0,-4.0,-72.0
1777891517.6303325,6.0,-3.0,-72.0
1777891517.6403325,6.0,0.0,-67.0
1777891517.6503325,4.0,4.0,-65.0
1777891517.6603324,2.0,0.0,-62.0
1777891517.6703324,0.0,-1.0,-63.0
1777891517.6803324,2.0,2.0,-69.0
1777891517.6903324,0.0,1.0,-68.0
1777891517.7003324,3.0,-2.0,-68.0
1777891517.7103324,2.0,-2.0,-68.0
1777891517.7203324,-1.0,-1.0,-72.0
1777891517.7303324,0.0,0.0,-65.0
1777891517.7403324,-1.0,0.0,-67.0
1777891517.7503324,0.0,-1.0,-65.0
1777891517.7603323,-2.0,1.0,-70.0
1777891517.7703323,-2.0,3.0,-69.0
1777891517.7803323,-3.0,1.0,-69.0
1777891517.7903323,-6.0,4.0,-77.0
1777891517.8003323,-3.0,2.0,-82.0
1777891517.8103323,-1.0,-3.0,-83.0
1777891517.8203323,1.0,0.0,-80.0
1777891517.8303325,-2.0,1.0,-80.0
1777891517.8403325,0.0,-1.0,-72.0
1777891517.8503325,3.0,-3.0,-66.0
1777891517.8603325,1.0,-5.0,-66.0
1777891517.8703325,-3.0,-3.0,-66.0
1777891517.8803325,-3.0,-2.0,-67.0
1777891517.8903325,-2.0,-4.0,-71.0
1777891517.9003325,5.0,-6.0,-68.0
1777891517.9103324,4.0,-2.0,-67.0
1777891517.9203324,5.0,0.0,-70.0
1777891517.9303324,3.0,-1.0,-72.0
1777891517.9403324,2.0,-3.0,-74.0
1777891517.9503324,1.0,-4.0,-82.0
1777891517.9603324,4.0,-4.0,-88.0
1777891517.9703324,3.0,-4.0,-89.0
1777891517.9803324,0.0,-2.0,-93.0
1777891517.9903324,3.0,0.0,-90.0
1777891518.0003324,4.0,-2.0,-87.0
1777891518.0103323,0.0,-1.0,-82.0
1777891518.0203323,3.0,-4.0,-80.0
1777891518.0303323,0.0,-4.0,-86.0
1777891518.0403323,-3.0,-1.0,-83.0
1777891518.0503323,-1.0,-2.0,-85.0
1777891518.0603323,-1.0,-6.0,-79.0
1777891518.0703323,-1.0,-5.0,-77.0
1777891518.0803325,-4.0,-5.0,-78.0
1777891518.0903325,-4.0,-3.0,-75.0
1777891518.1003325,-5.0,0.0,-73.0
1777891518.1103325,-5.0,1.0,-74.0
1777891518.1203325,1.0,-4.0,-71.0
1777891518.1303325,3.0,-3.0,-62.0
1777891518.1403325,5.0,-3.0,-59.0
1777891518.1503325,9.0,-3.0,-65.0
1777891518.1603324,8.0,-3.0,-67.0
1777891518.1703324,5.0,-2.0,-76.0
1777891518.1803324,10.0,-1.0,-76.0
1777891518.1903324,9.0,-3.0,-73.0
1777891518.2003324,10.0,-3.0,-70.0
1777891518.2103324,9.0,-2.0,-71.0
1777891518.2203324,4.0,1.0,-73.0
1777891518.2303324,2.0,2.0,-72.0
1777891518.2403324,0.0,3.0,-77.0
1777891518.2503324,0.0,1.0,-74.0
1777891518.2603323,0.0,4.0,-76.0
1777891518.2703323,1.0,1.0,-85.0
1777891518.2803323,3.0,0.0,-86.0
1777891518.2903323,4.0,0.0,-91.0
1777891518.3003323,4.0,0.0,-84.0
1777891518.3103323,3.0,1.0,-77.0
1777891518.3203323,-2.0,0.0,-81.0
1777891518.3303325,-2.0,-4.0,-79.0
1777891518.3403325,0.0,-4.0,-65.0
1777891518.3503325,-3.0,-1.0,-71.0
1777891518.3603325,-2.0,0.0,-75.0
1777891518.3703325,0.0,0.0,-69.0
1777891518.3803325,-2.0,0.0,-70.0
1777891518.3903325,-3.0,-2.0,-73.0
1777891518.4003325,-3.0,-3.0,-68.0
1777891518.4103324,-4.0,0.0,-70.0
1777891518.4203324,-2.0,-4.0,-68.0
1777891518.4303324,-8.0,-3.0,-65.0
1777891518.4403324,-7.0,-5.0,-60.0
1777891518.4503324,-8.0,-8.0,-69.0
1777891518.4603324,-4.0,-7.0,-65.0
1777891518.4703324,-3.0,-7.0,-68.0
1777891518.4803324,-9.0,-6.0,-75.0
1777891518.4903324,-9.0,-5.0,-79.0
1777891518.5003324,-10.0,-6.0,-80.0
1777891518.5103323,-5.0,-7.0,-77.0
1777891518.5203323,2.0,-1.0,-76.0
1777891518.5303323,0.0,2.0,-81.0
1777891518.5403323,2.0,2.0,-84.0
1777891518.5503323,1.0,2.0,-83.0
1777891518.5603323,0.0,3.0,-83.0
1777891518.5703323,-2.0,5.0,-82.0
1777891518.5803325,1.0,3.0,-81.0
1777891518.5903325,2.0,1.0,-79.0
1777891518.6003325,0.0,0.0,-78.0
1777891518.6103325,-4.0,-2.0,-76.0
1777891518.6203325,-5.0,-2.0,-73.0
1777891518.6303325,-9.0,-2.0,-74.0
1777891518.6403325,-9.0,-1.0,-70.0
1777891518.6503325,-4.0,-3.0,-65.0
1777891518.6603324,-5.0,-6.0,-65.0
1777891518.6703324,-5.0,-6.0,-64.0
1777891518.6803324,-2.0,-3.0,-64.0
1777891518.6903324,0.0,-4.0,-64.0
1777891518.7003324,2.0,-5.0,-65.0
1777891518.7103324,2.0,-3.0,-71.0
1777891518.7203324,5.0,-6.0,-63.0
1777891518.7303324,4.0,-2.0,-68.0
1777891518.7403324,3.0,2.0,-69.0
1777891518.7503324,6.0,0.0,-69.0
1777891518.7603323,11.0,-2.0,-75.0
1777891518.7703323,8.0,-1.0,-72.0
1777891518.7803323,5.0,-3.0,-64.0
1777891518.7903323,8.0,-4.0,-59.0
1777891518.8003323,7.0,-3.0,-66.0
1777891518.8103323,5.0,-4.0,-73.0
1777891518.8203323,6.0,-4.0,-79.0
1777891518.8303325,6.0,-6.0,-86.0
1777891518.8403325,6.0,-8.0,-83.0
1777891518.8503325,3.0,-8.0,-78.0
1777891518.8603325,0.0,-9.0,-74.0
1777891518.8703325,4.0,-9.0,-78.0
1777891518.8803325,2.0,-12.0,-79.0
1777891518.8903325,-1.0,-4.0,-73.0
1777891518.9003325,-1.0,-3.0,-68.0
1777891518.9103324,-3.0,-3.0,-68.0
1777891518.9203324,-1.0,-1.0,-70.0
1777891518.9303324,-3.0,2.0,-65.0
1777891518.9403324,1.0,3.0,-67.0
1777891518.9503324,2.0,2.0,-72.0
1777891518.9603324,2.0,7.0,-75.0
1777891518.9703324,3.0,5.0,-74.0
1777891518.9803324,4.0,1.0,-74.0
1777891518.9903324,2.0,2.0,-79.0
1777891519.0003324,4.0,2.0,-77.0
1777891519.0103323,3.0,2.0,-70.0
1777891519.0203323,3.0,5.0,-68.0
1777891519.0303323,3.0,4.0,-62.0
1777891519.0403323,0.0,2.0,-64.0
1777891519.0503323,5.0,0.0,-60.0
1777891519.0603323,3.0,1.0,-63.0
1777891519.0703323,2.0,0.0,-65.0
1777891519.0803325,1.0,-3.0,-62.0
1777891519.0903325,3.0,-3.0,-67.0
1777891519.1003325,-2.0,-4.0,-63.0
1777891519.1103325,-2.0,-2.0,-64.0
1777891519.1203325,0.0,0.0,-66.0
1777891519.1303325,-1.0,0.0,-73.0
1777891519.1403325,0.0,0.0,-71.0
1777891519.1503325,0.0,-2.0,-69.0
1777891519.1603324,0.0,2.0,-67.0
1777891519.1703324,-1.0,1.0,-67.0
1777891519.1803324,-2.0,2.0,-64.0
1777891519.1903324,-8.0,-1.0,-70.0
1777891519.2003324,-2.0,-1.0,-76.0
1777891519.2103324,-2.0,-2.0,-77.0
1777891519.2203324,-5.0,-5.0,-75.0
1777891519.2303324,0.0,-7.0,-72.0
1777891519.2403324,-1.0,-9.0,-67.0
1777891519.2503324,-1.0,-5.0,-72.0
1777891519.2603323,0.0,-5.0,-76.0
1777891519.2703323,0.0,-6.0,-74.0
1777891519.2803323,-5.0,-7.0,-76.0
1777891519.2903323,-5.0,-9.0,-74.0
1777891519.3003323,-1.0,-7.0,-73.0
1777891519.3103323,0.0,-5.0,-70.0
1777891519.3203323,3.0,-5.0,-74.0
1777891519.3313324,0.0,-3.0,-80.0
1777891519.3413324,-1.0,-3.0,-81.0
1777891519.3503325,-2.0,-5.0,-83.0
1777891519.3613324,1.0,-1.0,-87.0
1777891519.3703325,5.0,-1.0,-83.0
1777891519.3813324,6.0,-1.0,-81.0
1777891519.3913324,8.0,-5.0,-84.0
1777891519.4013324,10.0,-5.0,-78.0
1777891519.4113324,3.0,-3.0,-69.0
1777891519.4213324,4.0,-4.0,-73.0
1777891519.4313323,0.0,-4.0,-73.0
1777891519.4413323,-1.0,-6.0,-78.0
1777891519.4513323,1.0,-3.0,-76.0
1777891519.4613323,5.0,-2.0,-72.0
1777891519.4713323,3.0,-6.0,-71.0
1777891519.4813323,6.0,-6.0,-68.0
1777891519.4913323,4.0,-3.0,-70.0
1777891519.5013323,-2.0,-2.0,-66.0
1777891519.5113325,-1.0,-2.0,-76.0
1777891519.5213325,-2.0,-4.0,-76.0
1777891519.5313325,-2.0,-6.0,-78.0
1777891519.5413325,0.0,-7.0,-79.0
1777891519.5513325,-2.0,-2.0,-78.0
1777891519.5613325,0.0,3.0,-83.0
1777891519.5713325,-2.0,5.0,-79.0
1777891519.5813324,0.0,9.0,-72.0
1777891519.5913324,0.0,8.0,-73.0
1777891519.6013324,0.0,5.0,-77.0
1777891519.6113324,-1.0,5.0,-79.0
1777891519.6213324,-1.0,3.0,-80.0
1777891519.6313324,-3.0,0.0,-80.0
1777891519.6413324,-3.0,2.0,-76.0
1777891519.6513324,0.0,1.0,-79.0
1777891519.6613324,0.0,5.0,-81.0
1777891519.6713324,-2.0,4.0,-81.0
1777891519.6813323,0.0,2.0,-80.0
1777891519.6913323,5.0,-2.0,-84.0
1777891519.7013323,5.0,-4.0,-78.0
1777891519.7113323,8.0,-6.0,-74.0
1777891519.7213323,2.0,-8.0,-74.0
1777891519.7313323,-1.0,-7.0,-76.0
1777891519.7413323,0.0,-6.0,-73.0
1777891519.7513323,0.0,-7.0,-72.0
1777891519.7613325,-3.0,-6.0,-73.0
1777891519.7713325,-3.0,-5.0,-71.0
1777891519.7813325,1.0,-1.0,-73.0
1777891519.7913325,6.0,-2.0,-72.0
1777891519.8013325,7.0,-1.0,-67.0
1777891519.8113325,9.0,-2.0,-63.0
1777891519.8213325,9.0,-1.0,-65.0
1777891519.8313324,7.0,-3.0,-61.0
1777891519.8413324,0.0,0.0,-62.0
1777891519.8513324,1.0,3.0,-63.0
1777891519.8613324,5.0,6.0,-69.0
1777891519.8713324,9.0,5.0,-66.0
1777891519.8813324,9.0,4.0,-68.0
1777891519.8913324,12.0,5.0,-71.0
1777891519.9013324,12.0,5.0,-70.0
1777891519.9113324,10.0,3.0,-74.0
1777891519.9213324,6.0,-3.0,-80.0
1777891519.9313323,3.0,-2.0,-79.0
1777891519.9413323,3.0,-2.0,-77.0
1777891519.9513323,8.0,0.0,-78.0
1777891519.9613323,7.0,-3.0,-80.0
1777891519.9713323,9.0,0.0,-78.0
1777891519.9813323,8.0,0.0,-78.0
1777891519.9913323,4.0,-3.0,-80.0
1777891520.0013323,3.0,-6.0,-80.0
1777891520.0113325,3.0,-3.0,-79.0
1777891520.0213325,0.0,-1.0,-82.0
1777891520.0313325,-1.0,-1.0,-78.0
1777891520.0413325,2.0,0.0,-81.0
1777891520.0513325,0.0,1.0,-75.0
1777891520.0613325,1.0,0.0,-71.0
1777891520.0713325,2.0,1.0,-73.0
1777891520.0813324,0.0,0.0,-74.0
1777891520.0913324,2.0,0.0,-70.0
1777891520.1013324,7.0,2.0,-76.0
1777891520.1113324,2.0,1.0,-81.0
1777891520.1213324,1.0,0.0,-79.0
1777891520.1313324,0.0,0.0,-74.0
1777891520.1413324,3.0,1.0,-71.0
1777891520.1513324,4.0,4.0,-72.0
1777891520.1613324,-2.0,2.0,-73.0
1777891520.1713324,-4.0,0.0,-79.0
1777891520.1813323,0.0,-2.0,-75.0
1777891520.1913323,0.0,-4.0,-75.0
1777891520.2013323,5.0,-6.0,-80.0
1777891520.2113323,8.0,-3.0,-77.0
1777891520.2213323,8.0,-2.0,-71.0
1777891520.2313323,7.0,-3.0,-72.0
1777891520.2413323,6.0,-1.0,-74.0
1777891520.2513323,3.0,0.0,-69.0
1777891520.2613325,1.0,0.0,-67.0
1777891520.2713325,0.0,-1.0,-70.0
1777891520.2813325,3.0,-1.0,-74.0
1777891520.2913325,0.0,-1.0,-77.0
1777891520.3013325,0.0,-1.0,-75.0
1777891520.3113325,-2.0,2.0,-76.0
1777891520.3213325,-4.0,0.0,-79.0
1777891520.3313324,-5.0,2.0,-72.0
1777891520.3413324,-1.0,3.0,-71.0
1777891520.3513324,1.0,4.0,-69.0
1777891520.3613324,-2.0,4.0,-65.0
1777891520.3713324,-3.0,5.0,-69.0
1777891520.3813324,-3.0,6.0,-67.0
1777891520.3913324,-2.0,5.0,-68.0
1777891520.4013324,0.0,2.0,-70.0
1777891520.4113324,-1.0,0.0,-75.0
1777891520.4213324,-5.0,0.0,-77.0
1777891520.4313323,-7.0,-3.0,-78.0
1777891520.4413323,-2.0,-2.0,-77.0
1777891520.4513323,0.0,-1.0,-86.0
1777891520.4613323,-1.0,2.0,-85.0
1777891520.4713323,0.0,1.0,-81.0
1777891520.4813323,4.0,-1.0,-74.0
1777891520.4913323,7.0,4.0,-74.0
1777891520.5013323,9.0,4.0,-75.0
1777891520.5113325,11.0,1.0,-74.0
1777891520.5213325,11.0,0.0,-75.0
1777891520.5313325,9.0,3.0,-79.0
1777891520.5413325,8.0,1.0,-70.0
1777891520.5513325,6.0,4.0,-73.0
1777891520.5613325,2.0,8.0,-79.0
1777891520.5713325,1.0,5.0,-79.0
1777891520.5813324,-2.0,4.0,-75.0
1777891520.5913324,-8.0,0.0,-70.0
1777891520.6013324,-8.0,3.0,-73.0
1777891520.6113324,-4.0,1.0,-75.0
1777891520.6213324,-4.0,1.0,-77.0
1777891520.6313324,-7.0,0.0,-74.0
1777891520.6413324,-5.0,1.0,-74.0
1777891520.6513324,-3.0,1.0,-71.0
1777891520.6613324,-6.0,1.0,-71.0
1777891520.6713324,-5.0,-3.0,-73.0
1777891520.6813323,-2.0,-6.0,-67.0
1777891520.6913323,0.0,1.0,-62.0
1777891520.7013323,4.0,-2.0,-67.0
1777891520.7113323,2.0,-5.0,-70.0
1777891520.7213323,4.0,-4.0,-70.0
1777891520.7313323,5.0,-3.0,-72.0
1777891520.7413323,4.0,-4.0,-73.0
1777891520.7513323,5.0,-6.0,-73.0
1777891520.7613325,4.0,-6.0,-68.0
1777891520.7713325,3.0,-4.0,-68.0
1777891520.7813325,2.0,-4.0,-72.0
1777891520.7913325,0.0,-8.0,-74.0
1777891520.8013325,5.0,-8.0,-81.0
1777891520.8113325,4.0,-5.0,-85.0
1777891520.8213325,6.0,-8.0,-80.0
1777891520.8313324,3.0,-13.0,-78.0
1777891520.8413324,2.0,-12.0,-79.0
1777891520.8513324,0.0,-12.0,-76.0
1777891520.8613324,0.0,-8.0,-79.0
1777891520.8713324,0.0,-6.0,-82.0
1777891520.8813324,2.0,-3.0,-72.0
1777891520.8913324,3.0,0.0,-70.0
1777891520.9013324,4.0,0.0,-69.0
1777891520.9113324,7.0,0.0,-64.0
1777891520.9213324,9.0,0.0,-65.0
1777891520.9313323,8.0,3.0,-67.0
1777891520.9413323,5.0,7.0,-74.0
1777891520.9513323,4.0,6.0,-83.0
1777891520.9613323,5.0,3.0,-81.0
1777891520.9713323,1.0,0.0,-80.0
1777891520.9813323,-2.0,3.0,-78.0
1777891520.9913323,-1.0,0.0,-77.0
1777891521.0013323,-1.0,1.0,-77.0
1777891521.0113325,-1.0,0.0,-76.0
1777891521.0213325,-1.0,2.0,-74.0
1777891521.0313325,1.0,2.0,-73.0
1777891521.0413325,6.0,-2.0,-73.0
1777891521.0513325,10.0,-1.0,-73.0
1777891521.0613325,11.0,1.0,-72.0
1777891521.0713325,3.0,3.0,-77.0
1777891521.0813324,0.0,2.0,-78.0
1777891521.0913324,4.0,5.0,-81.0
1777891521.1013324,3.0,5.0,-79.0
1777891521.1113324,4.0,5.0,-71.0
1777891521.1213324,1.0,1.0,-66.0
1777891521.1313324,1.0,2.0,-66.0
1777891521.1413324,5.0,-1.0,-71.0
1777891521.1513324,5.0,0.0,-68.0
1777891521.1613324,0.0,1.0,-71.0
1777891521.1713324,0.0,-1.0,-79.0
1777891521.1813323,-1.0,-3.0,-84.0
1777891521.1913323,-3.0,0.0,-87.0
1777891521.2013323,-1.0,0.0,-82.0
1777891521.2113323,0.0,-2.0,-79.0
1777891521.2213323,2.0,2.0,-80.0
1777891521.2313323,4.0,0.0,-76.0
1777891521.2413323,2.0,4.0,-75.0
1777891521.2513323,3.0,-1.0,-68.0
1777891521.2613325,-1.0,-2.0,-71.0
1777891521.2713325,-1.0,-3.0,-75.0
1777891521.2813325,-3.0,-3.0,-77.0
1777891521.2913325,-2.0,-2.0,-76.0
1777891521.3013325,-3.0,-3.0,-70.0
1777891521.3113325,-3.0,-1.0,-70.0
1777891521.3223324,-3.0,-1.0,-79.0
1777891521.3323324,0.0,-1.0,-82.0
1777891521.3423324,5.0,-2.0,-82.0
1777891521.3523324,6.0,-1.0,-83.0
1777891521.3623323,9.0,-2.0,-77.0
1777891521.3723323,8.0,-4.0,-79.0
1777891521.3823323,7.0,-2.0,-79.0
1777891521.3923323,5.0,-3.0,-73.0
1777891521.4023323,1.0,-5.0,-78.0
1777891521.4123323,0.0,-5.0,-79.0
1777891521.4223323,3.0,-4.0,-68.0
1777891521.4323325,4.0,0.0,-76.0
1777891521.4423325,2.0,1.0,-74.0
1777891521.4523325,-1.0,0.0,-74.0
1777891521.4623325,-5.0,1.0,-73.0
1777891521.4723325,-2.0,1.0,-75.0
1777891521.4823325,0.0,2.0,-78.0
1777891521.4923325,-2.0,1.0,-75.0
1777891521.5023324,-5.0,4.0,-70.0
1777891521.5123324,-5.0,3.0,-72.0
1777891521.5223324,1.0,0.0,-76.0
1777891521.5323324,0.0,0.0,-75.0
1777891521.5423324,-1.0,-2.0,-80.0
1777891521.5523324,-2.0,-1.0,-87.0
1777891521.5623324,1.0,-4.0,-87.0
1777891521.5723324,0.0,-3.0,-85.0
1777891521.5823324,3.0,-5.0,-82.0
1777891521.5923324,-1.0,-3.0,-75.0
1777891521.6023324,2.0,-3.0,-73.0
1777891521.6123323,0.0,-3.0,-75.0
1777891521.6223323,-1.0,-5.0,-76.0
1777891521.6323323,-4.0,-9.0,-78.0
1777891521.6423323,0.0,-8.0,-77.0
1777891521.6523323,0.0,-5.0,-81.0
1777891521.6623323,1.0,-11.0,-77.0
1777891521.6723323,6.0,-8.0,-75.0
1777891521.6823325,9.0,-6.0,-76.0
1777891521.6923325,7.0,-4.0,-74.0
1777891521.7023325,8.0,2.0,-78.0
1777891521.7123325,7.0,2.0,-76.0
1777891521.7223325,9.0,0.0,-74.0
1777891521.7323325,10.0,0.0,-77.0
1777891521.7423325,2.0,1.0,-79.0
1777891521.7523324,4.0,-1.0,-78.0
1777891521.7623324,3.0,-3.0,-68.0
1777891521.7723324,1.0,-5.0,-73.0
1777891521.7823324,2.0,-2.0,-79.0
1777891521.7923324,0.0,-3.0,-74.0
1777891521.8023324,2.0,-3.0,-68.0
1777891521.8123324,5.0,-8.0,-67.0
1777891521.8223324,6.0,-11.0,-64.0
1777891521.8323324,3.0,-8.0,-73.0
1777891521.8423324,5.0,-7.0,-74.0
1777891521.8523324,2.0,-8.0,-69.0
1777891521.8623323,4.0,-2.0,-66.0
1777891521.8723323,2.0,-1.0,-70.0
1777891521.8823323,4.0,0.0,-71.0
1777891521.8923323,7.0,-3.0,-66.0
1777891521.9023323,8.0,-5.0,-66.0
1777891521.9123323,8.0,-4.0,-69.0
1777891521.9223323,6.0,-6.0,-68.0
1777891521.9323325,9.0,-8.0,-69.0
1777891521.9423325,8.0,-6.0,-68.0
1777891521.9523325,12.0,-4.0,-70.0
1777891521.9623325,10.0,-6.0,-77.0
1777891521.9723325,6.0,-4.0,-67.0
1777891521.9823325,5.0,-5.0,-73.0
1777891521.9923325,6.0,-6.0,-77.0
1777891522.0023324,6.0,-9.0,-81.0
1777891522.0123324,4.0,-4.0,-81.0
1777891522.0223324,1.0,-5.0,-78.0
1777891522.0323324,0.0,-4.0,-74.0
1777891522.0423324,0.0,-9.0,-73.0
1777891522.0523324,6.0,-7.0,-73.0
1777891522.0623324,2.0,-6.0,-76.0
1777891522.0723324,-2.0,-5.0,-71.0
1777891522.0823324,-2.0,-4.0,-70.0
1777891522.0923324,-6.0,-3.0,-72.0
1777891522.1023324,-2.0,-3.0,-79.0
1777891522.1123323,0.0,0.0,-83.0
1777891522.1223323,-2.0,-1.0,-76.0
1777891522.1323323,0.0,-2.0,-73.0
1777891522.1423323,0.0,0.0,-70.0
1777891522.1523323,0.0,1.0,-75.0
1777891522.1623323,4.0,1.0,-73.0
1777891522.1723323,3.0,0.0,-73.0
1777891522.1823325,6.0,0.0,-76.0
1777891522.1923325,5.0,2.0,-84.0
1777891522.2023325,5.0,2.0,-82.0
1777891522.2123325,3.0,-2.0,-83.0
1777891522.2223325,0.0,-4.0,-82.0
1777891522.2323325,2.0,0.0,-76.0
1777891522.2423325,7.0,1.0,-73.0
1777891522.2523324,5.0,-4.0,-73.0
1777891522.2623324,2.0,-2.0,-71.0
1777891522.2723324,3.0,-2.0,-65.0
1777891522.2823324,3.0,-3.0,-70.0
1777891522.2923324,4.0,-4.0,-68.0
1777891522.3023324,6.0,-6.0,-69.0
1777891522.3123324,1.0,-6.0,-72.0
1777891522.3223324,0.0,-4.0,-68.0
1777891522.3323324,0.0,0.0,-72.0
1777891522.3423324,2.0,0.0,-76.0
1777891522.3523324,2.0,-5.0,-70.0
1777891522.3623323,2.0,-7.0,-66.0
1777891522.3723323,5.0,-8.0,-65.0
1777891522.3823323,7.0,-10.0,-68.0
1777891522.3923323,9.0,-8.0,-71.0
1777891522.4023323,6.0,-6.0,-69.0
1777891522.4123323,3.0,-1.0,-65.0
1777891522.4223323,4.0,-2.0,-62.0
1777891522.4323325,2.0,-4.0,-66.0
1777891522.4423325,4.0,-5.0,-76.0
1777891522.4523325,2.0,-4.0,-76.0
1777891522.4623325,-2.0,-8.0,-76.0
1777891522.4723325,-2.0,-4.0,-76.0
1777891522.4823325,0.0,-1.0,-72.0
1777891522.4923325,2.0,-5.0,-66.0
1777891522.5023324,2.0,-5.0,-66.0
1777891522.5123324,3.0,-7.0,-72.0
1777891522.5223324,3.0,-10.0,-69.0
1777891522.5323324,1.0,-8.0,-65.0
1777891522.5423324,3.0,-5.0,-68.0
1777891522.5523324,5.0,0.0,-71.0
1777891522.5623324,1.0,0.0,-74.0
1777891522.5723324,2.0,2.0,-73.0
1777891522.5823324,7.0,2.0,-72.0
1777891522.5923324,7.0,4.0,-74.0
1777891522.6023324,2.0,6.0,-67.0
1777891522.6123323,3.0,7.0,-70.0
1777891522.6223323,3.0,4.0,-68.0
1777891522.6323323,3.0,0.0,-67.0
1777891522.6423323,7.0,-1.0,-64.0
1777891522.6523323,5.0,-1.0,-67.0
1777891522.6623323,5.0,0.0,-61.0
1777891522.6723323,8.0,-1.0,-65.0
1777891522.6823325,4.0,0.0,-74.0
1777891522.6923325,3.0,-1.0,-73.0
1777891522.7023325,2.0,-1.0,-78.0
1777891522.7123325,2.0,0.0,-78.0
1777891522.7223325,1.0,-2.0,-71.0
1777891522.7323325,2.0,2.0,-75.0
1777891522.7423325,1.0,0.0,-76.0
1777891522.7523324,0.0,0.0,-76.0
1777891522.7623324,0.0,1.0,-72.0
1777891522.7723324,2.0,-2.0,-73.0
1777891522.7823324,-3.0,-6.0,-78.0
1777891522.7923324,-2.0,-3.0,-76.0
1777891522.8023324,0.0,-2.0,-74.0
1777891522.8123324,-2.0,-2.0,-69.0
1777891522.8223324,0.0,0.0,-69.0
1777891522.8323324,0.0,-1.0,-67.0
1777891522.8423324,3.0,1.0,-71.0
1777891522.8523324,9.0,2.0,-76.0
1777891522.8623323,7.0,4.0,-82.0
1777891522.8723323,8.0,7.0,-76.0
1777891522.8823323,7.0,6.0,-79.0
1777891522.8923323,3.0,6.0,-80.0
1777891522.9023323,4.0,1.0,-78.0
1777891522.9123323,4.0,0.0,-79.0
1777891522.9223323,5.0,0.0,-79.0
1777891522.9323325,2.0,-1.0,-74.0
1777891522.9423325,1.0,0.0,-67.0
1777891522.9523325,1.0,0.0,-66.0
1777891522.9623325,0.0,0.0,-72.0
1777891522.9723325,-3.0,-2.0,-75.0
1777891522.9823325,-3.0,-2.0,-79.0
1777891522.9923325,-2.0,-4.0,-75.0
1777891523.0023324,-3.0,-1.0,-77.0
1777891523.0123324,1.0,0.0,-71.0
1777891523.0223324,4.0,0.0,-75.0
1777891523.0323324,-3.0,0.0,-78.0
1777891523.0423324,-3.0,-2.0,-74.0
1777891523.0523324,-3.0,-4.0,-75.0
1777891523.0623324,-3.0,-4.0,-74.0
1777891523.0723324,-3.0,-5.0,-65.0
1777891523.0823324,-2.0,-8.0,-58.0
1777891523.0923324,0.0,-2.0,-51.0
1777891523.1023324,3.0,-4.0,-58.0
1777891523.1123323,5.0,-6.0,-62.0
1777891523.1223323,6.0,-3.0,-69.0
1777891523.1323323,10.0,-4.0,-67.0
1777891523.1423323,9.0,-7.0,-66.0
1777891523.1523323,4.0,-5.0,-66.0
1777891523.1623323,3.0,-5.0,-67.0
1777891523.1723323,0.0,-6.0,-66.0
1777891523.1823325,-1.0,-9.0,-74.0
1777891523.1923325,-2.0,-5.0,-79.0
1777891523.2023325,-1.0,-4.0,-80.0
1777891523.2123325,-4.0,0.0,-79.0
1777891523.2223325,-5.0,2.0,-79.0
1777891523.2323325,0.0,6.0,-75.0
1777891523.2423325,0.0,6.0,-72.0
1777891523.2523324,1.0,3.0,-70.0
1777891523.2623324,0.0,0.0,-70.0
1777891523.2723324,0.0,1.0,-69.0
1777891523.2823324,-1.0,2.0,-67.0
1777891523.2923324,-2.0,2.0,-71.0
1777891523.3023324,0.0,4.0,-70.0
1777891523.3133323,2.0,5.0,-65.0
1777891523.3233323,4.0,2.0,-60.0
1777891523.3333323,2.0,4.0,-64.0
1777891523.3433323,1.0,4.0,-71.0
1777891523.3533323,-4.0,0.0,-72.0
1777891523.3633325,0.0,-2.0,-74.0
1777891523.3733325,4.0,-1.0,-75.0
1777891523.3833325,1.0,-1.0,-72.0
1777891523.3933325,3.0,-1.0,-72.0
1777891523.4033325,8.0,0.0,-74.0
1777891523.4133325,5.0,0.0,-79.0
1777891523.4233325,1.0,0.0,-77.0
1777891523.4333324,1.0,-1.0,-74.0
1777891523.4433324,2.0,0.0,-67.0
1777891523.4533324,2.0,-1.0,-71.0
1777891523.4633324,5.0,-6.0,-71.0
1777891523.4733324,8.0,-9.0,-72.0
1777891523.4833324,4.0,-8.0,-67.0
1777891523.4933324,5.0,-4.0,-65.0
1777891523.5033324,2.0,-3.0,-71.0
1777891523.5133324,6.0,-4.0,-68.0
1777891523.5233324,9.0,0.0,-73.0
1777891523.5333323,6.0,0.0,-72.0
1777891523.5433323,4.0,1.0,-66.0
1777891523.5533323,3.0,0.0,-73.0
1777891523.5633323,-1.0,1.0,-68.0
1777891523.5733323,-1.0,7.0,-69.0
1777891523.5833323,2.0,4.0,-72.0
1777891523.5933323,3.0,5.0,-68.0
1777891523.6033323,6.0,6.0,-70.0
1777891523.6133325,4.0,4.0,-67.0
1777891523.6233325,0.0,0.0,-70.0
1777891523.6333325,5.0,0.0,-78.0
1777891523.6433325,4.0,2.0,-73.0
1777891523.6533325,-2.0,5.0,-74.0
1777891523.6633325,1.0,2.0,-73.0
1777891523.6733325,4.0,1.0,-76.0
1777891523.6833324,3.0,-3.0,-76.0
1777891523.6933324,0.0,-1.0,-74.0
1777891523.7033324,5.0,-1.0,-65.0
1777891523.7133324,5.0,3.0,-66.0
1777891523.7233324,0.0,5.0,-63.0
1777891523.7333324,4.0,0.0,-62.0
1777891523.7433324,2.0,4.0,-67.0
1777891523.7533324,5.0,2.0,-79.0
1777891523.7633324,3.0,-1.0,-80.0
1777891523.7733324,3.0,-1.0,-77.0
1777891523.7833323,4.0,0.0,-78.0
1777891523.7933323,9.0,0.0,-80.0
1777891523.8033323,1.0,-2.0,-76.0
1777891523.8133323,1.0,-3.0,-78.0
1777891523.8233323,1.0,-3.0,-83.0
1777891523.8333323,5.0,-5.0,-77.0
1777891523.8433323,0.0,-8.0,-81.0
1777891523.8533323,1.0,-8.0,-75.0
1777891523.8633325,2.0,-12.0,-78.0
1777891523.8733325,3.0,-7.0,-85.0
1777891523.8833325,4.0,-2.0,-82.0
1777891523.8933325,4.0,-5.0,-77.0
1777891523.9033325,4.0,-6.0,-75.0
1777891523.9133325,3.0,-4.0,-78.0
1777891523.9233325,2.0,-3.0,-78.0
1777891523.9333324,-1.0,1.0,-76.0
1777891523.9433324,-3.0,2.0,-75.0
1777891523.9533324,0.0,4.0,-73.0
1777891523.9633324,1.0,9.0,-64.0
1777891523.9733324,4.0,8.0,-62.0
1777891523.9833324,6.0,2.0,-64.0
1777891523.9933324,6.0,1.0,-69.0
1777891524.0033324,4.0,0.0,-75.0
1777891524.0133324,1.0,0.0,-72.0
1777891524.0233324,0.0,-2.0,-76.0
1777891524.0333323,2.0,-2.0,-76.0
1777891524.0433323,4.0,0.0,-74.0
1777891524.0533323,6.0,-4.0,-78.0
1777891524.0633323,5.0,-2.0,-82.0
1777891524.0733323,0.0,-5.0,-82.0
1777891524.0833323,-5.0,-5.0,-76.0
1777891524.0933323,-3.0,-6.0,-77.0
1777891524.1033323,-6.0,-7.0,-81.0
1777891524.1133325,-6.0,-6.0,-81.0
1777891524.1233325,-2.0,-1.0,-80.0
1777891524.1333325,-9.0,0.0,-81.0
1777891524.1433325,-8.0,-1.0,-82.0
1777891524.1533325,-4.0,-1.0,-82.0
1777891524.1633325,-1.0,-4.0,-83.0
1777891524.1733325,0.0,-8.0,-88.0
1777891524.1833324,5.0,-9.0,-80.0
1777891524.1933324,2.0,-6.0,-75.0
1777891524.2033324,2.0,-6.0,-76.0
1777891524.2133324,0.0,-6.0,-80.0
1777891524.2233324,1.0,-6.0,-81.0
1777891524.2333324,2.0,-2.0,-81.0
1777891524.2433324,-1.0,-2.0,-76.0
1777891524.2533324,0.0,0.0,-77.0
1777891524.2633324,0.0,0.0,-79.0
1777891524.2733324,0.0,-4.0,-74.0
1777891524.2833323,0.0,-7.0,-74.0
1777891524.2933323,3.0,-6.0,-69.0
1777891524.3033323,2.0,-5.0,-71.0
1777891524.3133323,-4.0,-6.0,-66.0
1777891524.3233323,0.0,-5.0,-61.0
1777891524.3333323,0.0,-6.0,-63.0
1777891524.3433323,0.0,-6.0,-62.0
1777891524.3533323,1.0,-2.0,-64.0
1777891524.3633325,-1.0,0.0,-63.0
1777891524.3733325,-3.0,1.0,-71.0
1777891524.3833325,-1.0,0.0,-70.0
1777891524.3933325,-1.0,0.0,-73.0
1777891524.4033325,1.0,0.0,-73.0
1777891524.4133325,0.0,0.0,-70.0
1777891524.4233325,1.0,0.0,-69.0
1777891524.4333324,0.0,-2.0,-74.0
1777891524.4433324,0.0,0.0,-75.0
1777891524.4533324,1.0,0.0,-74.0
1777891524.4633324,0.0,-3.0,-83.0
1777891524.4733324,-4.0,0.0,-76.0
1777891524.4833324,-4.0,-2.0,-75.0
1777891524.4933324,-1.0,1.0,-80.0
1777891524.5033324,1.0,1.0,-80.0
1777891524.5133324,0.0,-2.0,-81.0
1777891524.5233324,-2.0,-2.0,-82.0
1777891524.5333323,-1.0,-3.0,-84.0
1777891524.5433323,0.0,-3.0,-82.0
1777891524.5533323,-3.0,-2.0,-79.0
1777891524.5633323,-2.0,-2.0,-75.0
1777891524.5733323,-2.0,-2.0,-72.0
1777891524.5833323,0.0,-2.0,-70.0
1777891524.5933323,0.0,-4.0,-76.0
1777891524.6033323,-1.0,-8.0,-75.0
1777891524.6133325,-1.0,-8.0,-78.0
1777891524.6233325,0.0,0.0,-75.0
1777891524.6333325,1.0,-2.0,-72.0
1777891524.6433325,0.0,-4.0,-72.0
1777891524.6533325,3.0,-5.0,-75.0
1777891524.6633325,8.0,-4.0,-75.0
1777891524.6733325,11.0,-2.0,-74.0
1777891524.6833324,16.0,0.0,-74.0
1777891524.6933324,9.0,0.0,-83.0
1777891524.7033324,5.0,0.0,-85.0
1777891524.7133324,1.0,2.0,-86.0
1777891524.7233324,-2.0,-2.0,-79.0
1777891524.7333324,1.0,-8.0,-75.0
1777891524.7433324,-1.0,-10.0,-65.0
1777891524.7533324,1.0,-9.0,-65.0
1777891524.7633324,4.0,-10.0,-65.0
1777891524.7733324,2.0,-6.0,-66.0
1777891524.7833323,1.0,-4.0,-68.0
1777891524.7933323,2.0,-8.0,-67.0
1777891524.8033323,0.0,0.0,-65.0
1777891524.8133323,1.0,6.0,-59.0
1777891524.8233323,4.0,7.0,-62.0
1777891524.8333323,1.0,6.0,-68.0
1777891524.8433323,0.0,0.0,-72.0
1777891524.8533323,0.0,-1.0,-76.0
1777891524.8633325,3.0,0.0,-82.0
1777891524.8733325,1.0,0.0,-81.0
1777891524.8833325,0.0,-2.0,-82.0
1777891524.8933325,-1.0,-2.0,-79.0
1777891524.9033325,0.0,-5.0,-71.0
1777891524.9133325,-1.0,-2.0,-70.0
1777891524.9233325,0.0,0.0,-72.0
1777891524.9333324,-4.0,2.0,-71.0
1777891524.9433324,-2.0,0.0,-78.0
1777891524.9533324,-3.0,0.0,-81.0
1777891524.9633324,1.0,-1.0,-76.0
1777891524.9733324,1.0,-1.0,-74.0
1777891524.9833324,1.0,0.0,-74.0
1777891524.9933324,3.0,-1.0,-76.0
1777891525.0033324,3.0,-2.0,-75.0
1777891525.0133324,3.0,-2.0,-80.0
1777891525.0233324,-2.0,-3.0,-84.0
1777891525.0333323,-1.0,-6.0,-83.0
1777891525.0433323,0.0,-8.0,-84.0
1777891525.0533323,-1.0,-7.0,-84.0
1777891525.0633323,1.0,-7.0,-76.0
1777891525.0733323,1.0,-5.0,-76.0
1777891525.0833323,1.0,-8.0,-76.0
1777891525.0933323,1.0,-9.0,-77.0
1777891525.1033323,3.0,-6.0,-69.0
1777891525.1133325,5.0,-2.0,-74.0
1777891525.1233325,-1.0,-1.0,-79.0
1777891525.1333325,2.0,-1.0,-77.0
1777891525.1433325,3.0,-2.0,-74.0
1777891525.1533325,6.0,-3.0,-72.0
1777891525.1633325,8.0,0.0,-75.0
1777891525.1733325,7.0,2.0,-67.0
1777891525.1833324,7.0,3.0,-70.0
1777891525.1933324,2.0,5.0,-72.0
1777891525.2033324,4.0,6.0,-83.0
1777891525.2133324,7.0,5.0,-80.0
1777891525.2233324,1.0,4.0,-75.0
1777891525.2333324,-3.0,2.0,-72.0
1777891525.2433324,-5.0,3.0,-69.0
1777891525.2533324,-10.0,2.0,-67.0
1777891525.2633324,-5.0,0.0,-68.0
1777891525.2733324,-3.0,0.0,-66.0
1777891525.2843325,-3.0,-2.0,-73.0
1777891525.2943325,-2.0,-3.0,-76.0
1777891525.3043325,1.0,-5.0,-74.0
1777891525.3143325,5.0,-5.0,-78.0
1777891525.3243325,3.0,-8.0,-79.0
1777891525.3343325,7.0,-6.0,-77.0
1777891525.3443325,7.0,-5.0,-73.0
1777891525.3543324,3.0,-1.0,-70.0
1777891525.3643324,0.0,-5.0,-66.0
1777891525.3743324,0.0,-4.0,-69.0
1777891525.3843324,-1.0,-2.0,-68.0
1777891525.3943324,0.0,-2.0,-72.0
1777891525.4043324,0.0,-1.0,-78.0
1777891525.4143324,0.0,0.0,-78.0
1777891525.4243324,0.0,1.0,-75.0
1777891525.4343324,0.0,3.0,-77.0
1777891525.4443324,-3.0,6.0,-73.0
1777891525.4543324,-1.0,5.0,-77.0
1777891525.4643323,-3.0,3.0,-78.0
1777891525.4743323,-6.0,-2.0,-75.0
1777891525.4843323,-5.0,-3.0,-68.0
1777891525.4943323,-2.0,-1.0,-74.0
1777891525.5043323,0.0,-3.0,-75.0
1777891525.5143323,-1.0,-4.0,-70.0
1777891525.5243323,-1.0,-4.0,-69.0
1777891525.5343325,-4.0,-1.0,-72.0
1777891525.5443325,-6.0,-5.0,-69.0
1777891525.5543325,-6.0,-2.0,-75.0
1777891525.5643325,-3.0,-2.0,-74.0
1777891525.5743325,1.0,-2.0,-72.0
1777891525.5843325,0.0,-5.0,-73.0
1777891525.5943325,-1.0,-7.0,-83.0
1777891525.6043324,-1.0,-6.0,-79.0
1777891525.6143324,2.0,-4.0,-78.0
1777891525.6243324,3.0,-6.0,-77.0
1777891525.6343324,0.0,-4.0,-79.0
1777891525.6443324,-6.0,-4.0,-82.0
1777891525.6543324,-8.0,-6.0,-81.0
1777891525.6643324,-13.0,-2.0,-78.0
1777891525.6743324,-10.0,-5.0,-80.0
1777891525.6843324,-3.0,-2.0,-75.0
1777891525.6943324,-4.0,-2.0,-77.0
1777891525.7043324,-6.0,-2.0,-77.0
1777891525.7143323,-2.0,-4.0,-76.0
1777891525.7243323,-2.0,0.0,-74.0
1777891525.7343323,-1.0,-1.0,-75.0
1777891525.7443323,0.0,0.0,-73.0
1777891525.7543323,0.0,0.0,-81.0
1777891525.7643323,-1.0,1.0,-78.0
1777891525.7743323,-1.0,-3.0,-80.0
1777891525.7843325,-5.0,-1.0,-71.0
1777891525.7943325,-9.0,-4.0,-66.0
1777891525.8043325,-9.0,-7.0,-60.0
1777891525.8143325,-7.0,-3.0,-62.0
1777891525.8243325,-8.0,-4.0,-66.0
1777891525.8343325,-1.0,-4.0,-75.0
1777891525.8443325,0.0,-5.0,-76.0
1777891525.8543324,2.0,-6.0,-69.0
1777891525.8643324,0.0,-5.0,-68.0
1777891525.8743324,-4.0,-2.0,-68.0
1777891525.8843324,-8.0,-2.0,-66.0
1777891525.8943324,-3.0,2.0,-67.0
1777891525.9043324,-1.0,-3.0,-71.0
1777891525.9143324,0.0,-5.0,-73.0
1777891525.9243324,1.0,-8.0,-87.0
1777891525.9343324,0.0,-10.0,-82.0
1777891525.9443324,0.0,-8.0,-77.0
1777891525.9543324,0.0,-7.0,-71.0
1777891525.9643323,1.0,-9.0,-67.0
1777891525.9743323,3.0,-7.0,-70.0
1777891525.9843323,3.0,-5.0,-69.0
1777891525.9943323,3.0,-2.0,-69.0
1777891526.0043323,7.0,-3.0,-65.0
1777891526.0143323,9.0,-4.0,-69.0
1777891526.0243323,7.0,-5.0,-66.0
1777891526.0343325,6.0,-2.0,-57.0
1777891526.0443325,10.0,-1.0,-51.0
1777891526.0543325,5.0,-2.0,-54.0
1777891526.0643325,6.0,-2.0,-62.0
1777891526.0743325,5.0,-4.0,-61.0
1777891526.0843325,7.0,-6.0,-65.0
1777891526.0943325,6.0,-3.0,-69.0
1777891526.1043324,5.0,-4.0,-67.0
1777891526.1143324,4.0,-3.0,-69.0
1777891526.1243324,4.0,-4.0,-76.0
1777891526.1343324,8.0,-6.0,-74.0
1777891526.1443324,10.0,-4.0,-80.0
1777891526.1543324,10.0,-2.0,-83.0
1777891526.1643324,9.0,2.0,-81.0
1777891526.1743324,5.0,0.0,-82.0
1777891526.1843324,3.0,-1.0,-85.0
1777891526.1943324,2.0,0.0,-81.0
1777891526.2043324,0.0,1.0,-82.0
1777891526.2143323,0.0,0.0,-79.0
1777891526.2243323,4.0,3.0,-75.0
1777891526.2343323,5.0,-2.0,-78.0
1777891526.2443323,0.0,-4.0,-74.0
1777891526.2543323,-3.0,0.0,-72.0
1777891526.2643323,-4.0,3.0,-78.0
1777891526.2743323,0.0,3.0,-74.0
1777891526.2843325,0.0,2.0,-72.0
1777891526.2943325,4.0,-1.0,-74.0
1777891526.3043325,0.0,0.0,-78.0
1777891526.3143325,1.0,-1.0,-71.0
1777891526.3243325,1.0,0.0,-79.0
1777891526.3343325,5.0,0.0,-78.0
1777891526.3443325,0.0,2.0,-76.0
1777891526.3543324,0.0,2.0,-75.0
1777891526.3643324,2.0,2.0,-75.0
1777891526.3743324,1.0,0.0,-75.0
1777891526.3843324,1.0,-2.0,-69.0
1777891526.3943324,0.0,-4.0,-66.0
1777891526.4043324,0.0,-3.0,-66.0
1777891526.4143324,0.0,0.0,-63.0
1777891526.4253323,-4.0,0.0,-69.0
1777891526.4343324,-4.0,-4.0,-72.0
1777891526.4443324,-5.0,-3.0,-83.0
1777891526.4543324,-8.0,-3.0,-85.0
1777891526.4643323,-5.0,-3.0,-83.0
1777891526.4743323,0.0,-1.0,-76.0
1777891526.4843323,2.0,-1.0,-72.0
1777891526.4943323,2.0,0.0,-76.0
1777891526.5043323,0.0,0.0,-81.0
1777891526.5143323,1.0,0.0,-79.0
1777891526.5243323,-1.0,0.0,-76.0
1777891526.5343325,-6.0,2.0,-78.0
1777891526.5443325,1.0,4.0,-73.0
1777891526.5543325,3.0,2.0,-69.0
1777891526.5643325,5.0,1.0,-72.0
1777891526.5743325,2.0,0.0,-72.0
1777891526.5843325,1.0,-1.0,-81.0
1777891526.5943325,-1.0,0.0,-78.0
1777891526.6043324,3.0,0.0,-82.0
1777891526.6143324,3.0,0.0,-82.0
1777891526.6243324,0.0,0.0,-72.0
1777891526.6343324,0.0,3.0,-66.0
1777891526.6443324,-1.0,0.0,-69.0
1777891526.6543324,1.0,2.0,-69.0
1777891526.6643324,1.0,2.0,-70.0
1777891526.6743324,1.0,2.0,-74.0
1777891526.6843324,-8.0,2.0,-72.0
1777891526.6943324,-9.0,-3.0,-77.0
1777891526.7043324,-4.0,-2.0,-72.0
1777891526.7143323,0.0,-3.0,-70.0
1777891526.7243323,3.0,-1.0,-75.0
1777891526.7343323,4.0,-1.0,-75.0
1777891526.7443323,2.0,-3.0,-72.0
1777891526.7543323,7.0,-2.0,-75.0
1777891526.7643323,2.0,0.0,-74.0
1777891526.7743323,2.0,1.0,-79.0
1777891526.7843325,2.0,1.0,-89.0
1777891526.7943325,4.0,1.0,-91.0
1777891526.8043325,0.0,1.0,-82.0
1777891526.8143325,2.0,-5.0,-75.0
1777891526.8243325,2.0,-9.0,-78.0
1777891526.8343325,1.0,-5.0,-80.0
1777891526.8443325,-1.0,-2.0,-71.0
1777891526.8543324,-3.0,-5.0,-70.0
1777891526.8643324,-4.0,0.0,-68.0
1777891526.8743324,0.0,-2.0,-68.0
1777891526.8843324,0.0,1.0,-71.0
1777891526.8943324,-1.0,1.0,-76.0
1777891526.9043324,1.0,3.0,-78.0
1777891526.9143324,4.0,1.0,-82.0
1777891526.9243324,8.0,3.0,-73.0
1777891526.9343324,9.0,2.0,-66.0
1777891526.9443324,5.0,1.0,-68.0
1777891526.9543324,7.0,1.0,-72.0
1777891526.9643323,3.0,0.0,-72.0
1777891526.9743323,0.0,-2.0,-79.0
1777891526.9843323,0.0,-1.0,-76.0
1777891526.9943323,-1.0,-3.0,-75.0
1777891527.0043323,1.0,-7.0,-74.0
1777891527.0143323,2.0,-7.0,-72.0
1777891527.0243323,5.0,-6.0,-70.0
1777891527.0343325,6.0,-4.0,-72.0
1777891527.0443325,6.0,-2.0,-74.0
1777891527.0543325,7.0,-1.0,-66.0
1777891527.0643325,2.0,0.0,-73.0
1777891527.0743325,3.0,0.0,-73.0
1777891527.0843325,0.0,0.0,-76.0
1777891527.0943325,-1.0,-3.0,-76.0
1777891527.1043324,0.0,-4.0,-78.0
1777891527.1143324,0.0,-1.0,-76.0
1777891527.1243324,-3.0,0.0,-76.0
1777891527.1343324,-2.0,1.0,-69.0
1777891527.1443324,-2.0,5.0,-69.0
1777891527.1543324,-4.0,6.0,-70.0
1777891527.1643324,-5.0,10.0,-68.0
1777891527.1743324,-6.0,5.0,-71.0
1777891527.1843324,-1.0,4.0,-62.0
1777891527.1943324,-3.0,3.0,-65.0
1777891527.2043324,-1.0,5.0,-61.0
1777891527.2143323,-1.0,7.0,-63.0
1777891527.2243323,3.0,6.0,-67.0
1777891527.2343323,4.0,5.0,-69.0
1777891527.2443323,3.0,2.0,-70.0
1777891527.2543323,0.0,-3.0,-73.0
1777891527.2643323,-3.0,-3.0,-67.0
1777891527.2743323,0.0,-3.0,-65.0
1777891527.2853324,1.0,-3.0,-70.0
1777891527.2953324,6.0,-2.0,-76.0
1777891527.3053324,8.0,0.0,-76.0
1777891527.3153324,6.0,0.0,-76.0
1777891527.3253324,4.0,3.0,-71.0
1777891527.3353324,0.0,5.0,-69.0
1777891527.3453324,0.0,2.0,-66.0
1777891527.3553324,-2.0,-1.0,-69.0
1777891527.3653324,0.0,-1.0,-70.0
1777891527.3753324,-2.0,0.0,-72.0
1777891527.3853323,-3.0,3.0,-77.0
1777891527.3953323,0.0,1.0,-78.0
1777891527.4053323,-2.0,-1.0,-78.0
1777891527.4153323,-3.0,0.0,-76.0
1777891527.4253323,0.0,-3.0,-68.0
1777891527.4353323,-3.0,0.0,-73.0
1777891527.4453323,-3.0,0.0,-75.0
1777891527.4553325,0.0,0.0,-73.0
1777891527.4653325,1.0,1.0,-74.0
1777891527.4753325,2.0,-3.0,-69.0
1777891527.4853325,2.0,-2.0,-68.0
1777891527.4953325,6.0,-2.0,-67.0
1777891527.5053325,5.0,-2.0,-73.0
1777891527.5153325,0.0,-2.0,-74.0
1777891527.5253325,-1.0,-4.0,-72.0
1777891527.5353324,-4.0,-2.0,-65.0
1777891527.5453324,-9.0,-1.0,-71.0
1777891527.5553324,-8.0,-1.0,-74.0
1777891527.5653324,-8.0,-1.0,-78.0
1777891527.5753324,-7.0,0.0,-81.0
1777891527.5853324,-5.0,0.0,-84.0
1777891527.5953324,-1.0,-2.0,-81.0
1777891527.6053324,-2.0,-3.0,-82.0
1777891527.6153324,-4.0,-3.0,-74.0
1777891527.6253324,0.0,-7.0,-69.0
1777891527.6353323,-1.0,-9.0,-71.0
1777891527.6453323,-2.0,-1.0,-67.0
1777891527.6553323,-5.0,-1.0,-67.0
1777891527.6653323,-6.0,0.0,-72.0
1777891527.6753323,-6.0,0.0,-72.0
1777891527.6853323,-9.0,0.0,-68.0
1777891527.6953323,-11.0,0.0,-69.0
1777891527.7053325,-8.0,0.0,-70.0
1777891527.7153325,-3.0,0.0,-67.0
1777891527.7253325,-1.0,-1.0,-63.0
1777891527.7353325,-2.0,-1.0,-61.0
1777891527.7453325,-3.0,-3.0,-57.0
1777891527.7553325,-5.0,-2.0,-68.0
1777891527.7653325,-3.0,-1.0,-67.0
1777891527.7753325,2.0,3.0,-73.0
1777891527.7853324,0.0,4.0,-74.0
1777891527.7953324,0.0,7.0,-76.0
1777891527.8053324,0.0,6.0,-73.0
1777891527.8153324,-3.0,1.0,-70.0
1777891527.8253324,-1.0,0.0,-68.0
1777891527.8353324,-2.0,-2.0,-71.0
1777891527.8453324,-4.0,-6.0,-75.0
1777891527.8553324,-1.0,-8.0,-71.0
1777891527.8653324,-1.0,-7.0,-65.0
1777891527.8753324,1.0,-10.0,-65.0
1777891527.8853323,1.0,-6.0,-78.0
1777891527.8953323,0.0,-2.0,-72.0
1777891527.9053323,-1.0,-1.0,-72.0
1777891527.9153323,0.0,-2.0,-70.0
1777891527.9253323,3.0,-3.0,-72.0
1777891527.9353323,2.0,-7.0,-71.0
1777891527.9453323,0.0,-10.0,-72.0
1777891527.9553325,0.0,-11.0,-78.0
1777891527.9653325,0.0,-7.0,-74.0
1777891527.9753325,2.0,-4.0,-72.0
1777891527.9853325,0.0,-2.0,-73.0
1777891527.9953325,-4.0,-4.0,-74.0
1777891528.0053325,-3.0,-6.0,-67.0
1777891528.0153325,-2.0,-5.0,-62.0
1777891528.0253325,-2.0,-3.0,-60.0
1777891528.0353324,-5.0,-4.0,-63.0
1777891528.0453324,-6.0,-5.0,-70.0
1777891528.0553324,-7.0,-6.0,-71.0
1777891528.0653324,-5.0,-1.0,-73.0
1777891528.0753324,-2.0,1.0,-76.0
1777891528.0853324,-2.0,1.0,-71.0
1777891528.0953324,1.0,1.0,-71.0
1777891528.1053324,3.0,0.0,-70.0
1777891528.1153324,7.0,-1.0,-68.0
1777891528.1253324,4.0,-1.0,-66.0
1777891528.1353323,5.0,-2.0,-65.0
1777891528.1453323,7.0,-4.0,-70.0
1777891528.1553323,6.0,-2.0,-74.0
1777891528.1653323,3.0,0.0,-73.0
1777891528.1753323,-2.0,0.0,-73.0
1777891528.1853323,-2.0,0.0,-73.0
1777891528.1953323,-1.0,1.0,-79.0
1777891528.2053325,0.0,1.0,-78.0
1777891528.2153325,1.0,0.0,-77.0
1777891528.2253325,0.0,1.0,-73.0
1777891528.2353325,1.0,1.0,-73.0
1777891528.2453325,-1.0,0.0,-72.0
1777891528.2553325,-1.0,4.0,-72.0
1777891528.2653325,-7.0,0.0,-69.0
1777891528.2753325,-8.0,-1.0,-74.0
1777891528.2853324,-3.0,1.0,-75.0
1777891528.2953324,-6.0,-1.0,-76.0
1777891528.3053324,-3.0,-4.0,-72.0
1777891528.3153324,-1.0,-2.0,-67.0
1777891528.3253324,0.0,-2.0,-63.0
1777891528.3353324,-1.0,-2.0,-60.0
1777891528.3453324,-3.0,-5.0,-58.0
1777891528.3553324,-1.0,-7.0,-59.0
1777891528.3653324,-1.0,-5.0,-68.0
1777891528.3753324,0.0,-3.0,-71.0
1777891528.3853323,4.0,-3.0,-73.0
1777891528.3953323,5.0,-3.0,-67.0
1777891528.4053323,0.0,0.0,-75.0
1777891528.4153323,6.0,1.0,-78.0
1777891528.4253323,3.0,1.0,-81.0
1777891528.4353323,3.0,2.0,-81.0
1777891528.4453323,4.0,3.0,-75.0
1777891528.4553325,0.0,0.0,-67.0
1777891528.4653325,-1.0,1.0,-62.0
1777891528.4753325,1.0,0.0,-67.0
1777891528.4853325,3.0,-1.0,-69.0
1777891528.4953325,1.0,-1.0,-72.0
1777891528.5053325,2.0,0.0,-80.0
1777891528.5153325,1.0,0.0,-82.0
1777891528.5253325,0.0,0.0,-81.0
1777891528.5353324,2.0,1.0,-74.0
1777891528.5453324,3.0,3.0,-79.0
1777891528.5553324,7.0,3.0,-77.0
1777891528.5653324,7.0,1.0,-74.0
1777891528.5753324,7.0,5.0,-70.0
1777891528.5853324,8.0,8.0,-67.0
1777891528.5953324,10.0,1.0,-64.0
1777891528.6053324,8.0,0.0,-67.0
1777891528.6153324,4.0,-1.0,-67.0
1777891528.6253324,8.0,-4.0,-68.0
1777891528.6353323,4.0,-1.0,-62.0
1777891528.6453323,0.0,-1.0,-63.0
1777891528.6553323,0.0,0.0,-69.0
1777891528.6653323,0.0,0.0,-71.0
1777891528.6753323,0.0,0.0,-69.0
1777891528.6853323,-1.0,-2.0,-72.0
1777891528.6953323,0.0,-1.0,-70.0
1777891528.7053325,-2.0,0.0,-65.0
1777891528.7153325,-3.0,-3.0,-61.0
1777891528.7253325,-4.0,-2.0,-62.0
1777891528.7353325,0.0,-3.0,-65.0
1777891528.7453325,0.0,0.0,-64.0
1777891528.7553325,0.0,-3.0,-69.0
1777891528.7653325,0.0,-6.0,-73.0
1777891528.7753325,1.0,-7.0,-70.0
1777891528.7853324,-1.0,-9.0,-71.0
1777891528.7953324,0.0,-8.0,-75.0
1777891528.8053324,-2.0,-4.0,-79.0
1777891528.8153324,-1.0,-2.0,-69.0
1777891528.8253324,0.0,2.0,-69.0
1777891528.8353324,6.0,6.0,-68.0
1777891528.8453324,5.0,1.0,-64.0
1777891528.8553324,2.0,1.0,-61.0
1777891528.8653324,1.0,0.0,-64.0
1777891528.8753324,0.0,-3.0,-66.0
1777891528.8853323,2.0,-10.0,-71.0
1777891528.8953323,1.0,-11.0,-72.0
1777891528.9053323,-2.0,-8.0,-70.0
1777891528.9153323,-4.0,-11.0,-70.0
1777891528.9253323,-5.0,-9.0,-69.0
1777891528.9353323,-3.0,-5.0,-72.0
1777891528.9453323,0.0,-5.0,-70.0
1777891528.9553325,-1.0,-7.0,-67.0
1777891528.9653325,-1.0,-6.0,-70.0
1777891528.9753325,0.0,-8.0,-74.0
1777891528.9853325,-3.0,-10.0,-72.0
1777891528.9953325,-5.0,-11.0,-79.0
1777891529.0053325,0.0,-12.0,-78.0
1777891529.0153325,0.0,-9.0,-78.0
1777891529.0253325,0.0,-8.0,-84.0
1777891529.0353324,0.0,-8.0,-85.0
1777891529.0453324,0.0,-4.0,-85.0
1777891529.0553324,0.0,-2.0,-86.0
1777891529.0653324,3.0,0.0,-84.0
1777891529.0753324,-1.0,1.0,-86.0
1777891529.0853324,-2.0,1.0,-82.0
1777891529.0953324,3.0,0.0,-81.0
1777891529.1053324,6.0,-2.0,-84.0
1777891529.1153324,13.0,-7.0,-77.0
1777891529.1253324,12.0,-4.0,-72.0
1777891529.1353323,9.0,-2.0,-71.0
1777891529.1453323,9.0,-3.0,-75.0
1777891529.1553323,7.0,-4.0,-73.0
1777891529.1653323,6.0,-3.0,-76.0
1777891529.1753323,2.0,3.0,-76.0
1777891529.1853323,0.0,1.0,-71.0
1777891529.1953323,-4.0,0.0,-70.0
1777891529.2053325,-3.0,0.0,-63.0
1777891529.2153325,-5.0,-1.0,-65.0
1777891529.2253325,-4.0,0.0,-67.0
1777891529.2353325,-7.0,-3.0,-63.0
1777891529.2453325,-3.0,0.0,-61.0
1777891529.2553325,-1.0,3.0,-62.0
1777891529.2663324,-3.0,5.0,-69.0
1777891529.2763324,-1.0,2.0,-73.0
1777891529.2863324,-4.0,0.0,-79.0
1777891529.2953324,-6.0,-2.0,-77.0
1777891529.3063323,-4.0,-3.0,-79.0
1777891529.3163323,-2.0,-5.0,-84.0
1777891529.3263323,0.0,-2.0,-86.0
1777891529.3363323,-3.0,-5.0,-82.0
1777891529.3463323,-5.0,-3.0,-76.0
1777891529.3563323,-1.0,-3.0,-69.0
1777891529.3663323,1.0,0.0,-66.0
1777891529.3763323,1.0,1.0,-58.0
1777891529.3863325,0.0,0.0,-59.0
1777891529.3963325,0.0,1.0,-65.0
1777891529.4063325,0.0,0.0,-68.0
1777891529.4163325,-2.0,-7.0,-59.0
1777891529.4263325,4.0,-7.0,-63.0
1777891529.4363325,4.0,-5.0,-63.0
1777891529.4463325,2.0,-2.0,-60.0
1777891529.4563324,2.0,-4.0,-65.0
1777891529.4663324,0.0,2.0,-76.0
1777891529.4763324,-1.0,1.0,-83.0
1777891529.4863324,-3.0,0.0,-79.0
1777891529.4963324,-3.0,0.0,-76.0
1777891529.5063324,-7.0,0.0,-73.0
1777891529.5163324,-5.0,0.0,-74.0
1777891529.5263324,0.0,0.0,-73.0
1777891529.5363324,2.0,0.0,-72.0
1777891529.5463324,1.0,0.0,-77.0
1777891529.5563323,3.0,1.0,-76.0
1777891529.5663323,5.0,0.0,-75.0
1777891529.5763323,6.0,-1.0,-75.0
1777891529.5863323,3.0,-3.0,-79.0
1777891529.5963323,-1.0,-8.0,-81.0
1777891529.6063323,0.0,-8.0,-74.0
1777891529.6163323,0.0,-5.0,-76.0
1777891529.6263323,0.0,-6.0,-76.0
1777891529.6363325,-5.0,-8.0,-72.0
1777891529.6463325,-6.0,-2.0,-77.0
1777891529.6563325,-7.0,-1.0,-80.0
1777891529.6663325,-8.0,0.0,-76.0
1777891529.6763325,-7.0,-4.0,-78.0
1777891529.6863325,-3.0,0.0,-74.0
1777891529.6963325,-3.0,0.0,-73.0
1777891529.7063324,-5.0,-4.0,-75.0
1777891529.7163324,-5.0,-1.0,-77.0
1777891529.7263324,-6.0,-2.0,-74.0
1777891529.7363324,-3.0,2.0,-75.0
1777891529.7463324,-2.0,1.0,-82.0
1777891529.7563324,1.0,-2.0,-83.0
1777891529.7663324,3.0,-2.0,-79.0
1777891529.7763324,2.0,-5.0,-78.0
1777891529.7863324,3.0,-6.0,-74.0
1777891529.7963324,6.0,-5.0,-70.0
1777891529.8063323,2.0,-2.0,-74.0
1777891529.8163323,-1.0,-4.0,-79.0
1777891529.8263323,0.0,-4.0,-74.0
1777891529.8363323,4.0,-4.0,-75.0
1777891529.8463323,2.0,0.0,-80.0
1777891529.8563323,0.0,2.0,-77.0
1777891529.8663323,1.0,0.0,-75.0
1777891529.8773324,2.0,2.0,-78.0
1777891529.8863325,0.0,5.0,-73.0
1777891529.8963325,2.0,4.0,-69.0
1777891529.9063325,3.0,4.0,-65.0
1777891529.9163325,1.0,4.0,-64.0
1777891529.9263325,-1.0,4.0,-60.0
1777891529.9363325,0.0,2.0,-59.0
1777891529.9463325,0.0,0.0,-60.0
1777891529.9563324,-2.0,-3.0,-65.0
1777891529.9663324,-2.0,-3.0,-61.0
1777891529.9763324,-2.0,-2.0,-63.0
1777891529.9863324,-3.0,0.0,-60.0
1777891529.9963324,-1.0,1.0,-61.0
1777891530.0063324,-1.0,0.0,-67.0
1777891530.0163324,-1.0,1.0,-71.0
1777891530.0263324,0.0,4.0,-68.0
1777891530.0363324,0.0,1.0,-69.0
1777891530.0463324,0.0,0.0,-77.0
1777891530.0563323,-1.0,-3.0,-75.0
1777891530.0663323,-3.0,-7.0,-70.0
1777891530.0763323,-2.0,-6.0,-67.0
1777891530.0863323,-5.0,-4.0,-63.0
1777891530.0963323,-10.0,-2.0,-62.0
1777891530.1063323,-8.0,-1.0,-64.0
1777891530.1163323,-5.0,-2.0,-67.0
1777891530.1263323,-5.0,-2.0,-77.0
1777891530.1363325,-4.0,-3.0,-79.0
1777891530.1463325,-1.0,-7.0,-78.0
1777891530.1563325,-2.0,-3.0,-75.0
1777891530.1663325,-4.0,-1.0,-78.0
1777891530.1763325,-3.0,-2.0,-77.0
1777891530.1863325,-1.0,-6.0,-73.0
1777891530.1963325,1.0,-5.0,-68.0
1777891530.2063324,0.0,-5.0,-74.0
1777891530.2163324,0.0,-7.0,-71.0
1777891530.2263324,0.0,-6.0,-68.0
1777891530.2363324,0.0,-5.0,-66.0
1777891530.2463324,4.0,-2.0,-69.0
1777891530.2563324,0.0,2.0,-71.0
1777891530.2663324,-8.0,2.0,-70.0
1777891530.2763324,-6.0,-2.0,-74.0
1777891530.2863324,-4.0,-3.0,-77.0
1777891530.2963324,0.0,-4.0,-81.0
1777891530.3063323,-4.0,-6.0,-84.0
1777891530.3163323,-4.0,-5.0,-77.0
1777891530.3263323,-3.0,-5.0,-78.0
1777891530.3363323,-3.0,-2.0,-77.0
1777891530.3463323,-4.0,-1.0,-77.0
1777891530.3563323,-1.0,1.0,-78.0
1777891530.3663323,0.0,1.0,-79.0
1777891530.3763323,0.0,0.0,-74.0
1777891530.3863325,-1.0,2.0,-74.0
1777891530.3963325,3.0,0.0,-72.0
1777891530.4063325,1.0,0.0,-75.0
1777891530.4163325,1.0,2.0,-82.0
1777891530.4263325,3.0,1.0,-80.0
1777891530.4363325,-1.0,0.0,-76.0
1777891530.4463325,2.0,2.0,-71.0
1777891530.4563324,7.0,3.0,-70.0
1777891530.4663324,3.0,7.0,-77.0
1777891530.4763324,1.0,2.0,-82.0
1777891530.4863324,3.0,0.0,-82.0
1777891530.4963324,3.0,0.0,-77.0
1777891530.5063324,2.0,-2.0,-71.0
1777891530.5163324,3.0,-1.0,-67.0
1777891530.5263324,1.0,-2.0,-67.0
1777891530.5363324,-2.0,-2.0,-65.0
1777891530.5463324,-1.0,-2.0,-63.0
1777891530.5563323,0.0,-3.0,-63.0
1777891530.5663323,-4.0,-2.0,-65.0
1777891530.5763323,-6.0,-2.0,-62.0
1777891530.5863323,-4.0,-6.0,-63.0
1777891530.5963323,-5.0,-9.0,-68.0
1777891530.6063323,-1.0,-9.0,-70.0
1777891530.6163323,-1.0,-6.0,-72.0
1777891530.6263323,-1.0,-3.0,-77.0
1777891530.6363325,0.0,-1.0,-77.0
1777891530.6463325,3.0,0.0,-80.0
1777891530.6563325,5.0,-1.0,-83.0
1777891530.6663325,9.0,-4.0,-79.0
1777891530.6763325,11.0,-7.0,-77.0
1777891530.6863325,9.0,-6.0,-80.0
1777891530.6963325,8.0,-5.0,-76.0
1777891530.7063324,3.0,-5.0,-72.0
1777891530.7163324,0.0,-1.0,-71.0
1777891530.7263324,3.0,2.0,-74.0
1777891530.7363324,3.0,1.0,-74.0
1777891530.7463324,5.0,3.0,-72.0
1777891530.7563324,5.0,4.0,-74.0
1777891530.7663324,7.0,-3.0,-74.0
1777891530.7763324,5.0,-4.0,-74.0
1777891530.7863324,4.0,-5.0,-68.0
1777891530.7963324,2.0,-8.0,-70.0
1777891530.8063323,0.0,-5.0,-66.0
1777891530.8163323,2.0,-4.0,-66.0
1777891530.8263323,-1.0,-8.0,-69.0
1777891530.8363323,-3.0,-6.0,-71.0
1777891530.8463323,-5.0,-8.0,-71.0
1777891530.8563323,-7.0,-4.0,-70.0
1777891530.8663323,-4.0,-7.0,-71.0
1777891530.8763323,0.0,-5.0,-69.0
1777891530.8863325,3.0,-6.0,-66.0
1777891530.8963325,6.0,-6.0,-60.0
1777891530.9063325,0.0,-3.0,-60.0
1777891530.9163325,-2.0,0.0,-63.0
1777891530.9263325,-4.0,1.0,-59.0
1777891530.9363325,0.0,3.0,-60.0
1777891530.9463325,-3.0,4.0,-62.0
1777891530.9563324,-3.0,3.0,-66.0
1777891530.9663324,-3.0,2.0,-69.0
1777891530.9763324,-1.0,0.0,-70.0
1777891530.9863324,0.0,-4.0,-72.0
1777891530.9963324,0.0,-2.0,-73.0
1777891531.0063324,-2.0,-5.0,-76.0
1777891531.0163324,-2.0,-9.0,-71.0
1777891531.0263324,-5.0,-8.0,-70.0
1777891531.0363324,-4.0,-7.0,-69.0
1777891531.0463324,-3.0,-8.0,-64.0
1777891531.0563323,-2.0,-7.0,-70.0
1777891531.0663323,-2.0,-7.0,-67.0
1777891531.0763323,-4.0,-4.0,-62.0
1777891531.0863323,-6.0,0.0,-66.0
1777891531.0963323,-3.0,1.0,-64.0
1777891531.1063323,-3.0,2.0,-70.0
1777891531.1163323,1.0,0.0,-74.0
1777891531.1263323,1.0,4.0,-80.0
1777891531.1363325,1.0,0.0,-75.0
1777891531.1463325,1.0,-5.0,-77.0
1777891531.1563325,0.0,-6.0,-76.0
1777891531.1663325,-1.0,-4.0,-74.0
1777891531.1763325,-2.0,-4.0,-76.0
1777891531.1863325,0.0,0.0,-70.0
1777891531.1963325,2.0,-3.0,-70.0
1777891531.2063324,5.0,-2.0,-73.0
1777891531.2163324,6.0,-1.0,-77.0
1777891531.2263324,3.0,0.0,-81.0
1777891531.2363324,2.0,-1.0,-76.0
1777891531.2463324,1.0,-3.0,-77.0
1777891531.2563324,3.0,-6.0,-77.0
1777891531.2663324,7.0,-6.0,-77.0
1777891531.2763324,8.0,-3.0,-73.0
1777891531.2873323,5.0,-2.0,-82.0
1777891531.2963324,2.0,0.0,-74.0
1777891531.3073325,4.0,2.0,-71.0
1777891531.3173325,3.0,-1.0,-70.0
1777891531.3273325,0.0,-1.0,-75.0
1777891531.3373325,-4.0,-5.0,-79.0
1777891531.3473325,-6.0,-8.0,-78.0
1777891531.3573325,-6.0,-8.0,-78.0
1777891531.3673325,-3.0,-8.0,-72.0
1777891531.3773324,-6.0,-9.0,-78.0
1777891531.3873324,-4.0,-7.0,-80.0
1777891531.3973324,-3.0,-2.0,-78.0
1777891531.4073324,-5.0,-5.0,-79.0
1777891531.4173324,-3.0,-6.0,-76.0
1777891531.4273324,-5.0,-1.0,-69.0
1777891531.4373324,-1.0,2.0,-70.0
1777891531.4473324,3.0,3.0,-76.0
1777891531.4573324,7.0,2.0,-77.0
1777891531.4673324,2.0,-1.0,-82.0
1777891531.4773324,0.0,0.0,-77.0
1777891531.4873323,0.0,2.0,-69.0
1777891531.4973323,3.0,4.0,-67.0
1777891531.5073323,1.0,2.0,-62.0
1777891531.5173323,0.0,2.0,-69.0
1777891531.5273323,2.0,0.0,-72.0
1777891531.5373323,-1.0,-4.0,-68.0
1777891531.5473323,-11.0,-6.0,-72.0
1777891531.5573325,-4.0,-2.0,-75.0
1777891531.5673325,-3.0,2.0,-76.0
1777891531.5773325,0.0,1.0,-70.0
1777891531.5873325,2.0,-2.0,-66.0
1777891531.5973325,9.0,0.0,-66.0
1777891531.6073325,7.0,5.0,-68.0
1777891531.6173325,0.0,5.0,-71.0
1777891531.6273324,3.0,5.0,-75.0
1777891531.6373324,2.0,7.0,-74.0
1777891531.6473324,0.0,5.0,-73.0
1777891531.6573324,1.0,1.0,-73.0
1777891531.6673324,0.0,2.0,-74.0
1777891531.6773324,1.0,0.0,-67.0
1777891531.6873324,-1.0,0.0,-69.0
1777891531.6973324,-1.0,2.0,-67.0
1777891531.7073324,1.0,-1.0,-70.0
1777891531.7173324,2.0,0.0,-73.0
1777891531.7273324,0.0,1.0,-75.0
1777891531.7373323,-1.0,0.0,-69.0
1777891531.7473323,-2.0,1.0,-64.0
1777891531.7573323,0.0,-1.0,-67.0
1777891531.7673323,2.0,-3.0,-64.0
1777891531.7773323,0.0,1.0,-65.0
1777891531.7873323,0.0,-1.0,-63.0
1777891531.7973323,1.0,0.0,-67.0
1777891531.8073325,2.0,-2.0,-67.0
1777891531.8173325,-3.0,-3.0,-69.0
1777891531.8273325,-3.0,-1.0,-61.0
1777891531.8373325,-6.0,-6.0,-63.0
1777891531.8473325,-7.0,-7.0,-68.0
1777891531.8573325,-4.0,-6.0,-74.0
1777891531.8673325,0.0,-5.0,-69.0
1777891531.8773324,-4.0,-7.0,-69.0
1777891531.8873324,-7.0,-3.0,-64.0
1777891531.8973324,-3.0,-5.0,-63.0
1777891531.9073324,-2.0,-6.0,-62.0
1777891531.9173324,1.0,-5.0,-67.0
1777891531.9273324,2.0,-9.0,-63.0
1777891531.9373324,3.0,-5.0,-63.0
1777891531.9473324,1.0,0.0,-63.0
1777891531.9573324,0.0,-1.0,-62.0
1777891531.9673324,2.0,-6.0,-64.0
1777891531.9773324,1.0,-6.0,-65.0
1777891531.9873323,0.0,-9.0,-64.0
1777891531.9973323,3.0,-8.0,-65.0
1777891532.0073323,-5.0,-3.0,-69.0
1777891532.0173323,-8.0,0.0,-75.0
1777891532.0273323,-6.0,1.0,-80.0
1777891532.0373323,-4.0,-1.0,-79.0
1777891532.0473323,-3.0,-1.0,-86.0
1777891532.0573325,-2.0,-3.0,-88.0
1777891532.0673325,0.0,-2.0,-89.0
1777891532.0773325,0.0,-3.0,-88.0
1777891532.0873325,3.0,-1.0,-85.0
1777891532.0973325,0.0,4.0,-79.0
1777891532.1073325,3.0,0.0,-83.0
1777891532.1173325,3.0,0.0,-80.0
1777891532.1273324,1.0,-1.0,-75.0
1777891532.1373324,0.0,0.0,-72.0
1777891532.1473324,-1.0,1.0,-73.0
1777891532.1573324,2.0,0.0,-77.0
1777891532.1673324,0.0,-2.0,-72.0
1777891532.1773324,4.0,-6.0,-68.0
1777891532.1873324,4.0,-3.0,-66.0
1777891532.1973324,4.0,-3.0,-76.0
1777891532.2073324,6.0,-1.0,-86.0
1777891532.2173324,0.0,3.0,-80.0
1777891532.2273324,0.0,4.0,-75.0
1777891532.2373323,1.0,5.0,-72.0
1777891532.2473323,4.0,3.0,-74.0
1777891532.2573323,2.0,3.0,-74.0
1777891532.2673323,4.0,7.0,-69.0
1777891532.2773323,12.0,4.0,-73.0
1777891532.2873323,10.0,3.0,-78.0
1777891532.2973323,9.0,1.0,-80.0
1777891532.3073325,11.0,0.0,-81.0
1777891532.3173325,9.0,0.0,-84.0
1777891532.3273325,8.0,0.0,-81.0
1777891532.3373325,6.0,3.0,-77.0
1777891532.3473325,1.0,0.0,-82.0
1777891532.3573325,0.0,0.0,-79.0
1777891532.3673325,-2.0,1.0,-72.0
1777891532.3773324,-1.0,-1.0,-74.0
1777891532.3873324,1.0,2.0,-69.0
1777891532.3973324,-3.0,1.0,-65.0
1777891532.4073324,-3.0,3.0,-66.0
1777891532.4173324,-3.0,0.0,-72.0
1777891532.4273324,0.0,-1.0,-68.0
1777891532.4373324,1.0,-4.0,-69.0
1777891532.4473324,4.0,-5.0,-58.0
1777891532.4573324,6.0,-3.0,-54.0
1777891532.4673324,7.0,0.0,-59.0
1777891532.4773324,4.0,-3.0,-58.0
1777891532.4873323,4.0,0.0,-59.0
1777891532.4973323,2.0,1.0,-61.0
1777891532.5073323,1.0,-1.0,-60.0
1777891532.5173323,3.0,1.0,-60.0
1777891532.5273323,5.0,0.0,-63.0
1777891532.5373323,2.0,5.0,-64.0
1777891532.5473323,3.0,3.0,-69.0
1777891532.5573325,3.0,5.0,-70.0
1777891532.5673325,5.0,4.0,-66.0
1777891532.5773325,2.0,0.0,-67.0
1777891532.5873325,-2.0,0.0,-72.0
1777891532.5973325,1.0,3.0,-71.0
1777891532.6073325,-2.0,0.0,-69.0
1777891532.6173325,-1.0,0.0,-72.0
1777891532.6273324,0.0,0.0,-70.0
1777891532.6373324,-1.0,0.0,-70.0
1777891532.6473324,3.0,0.0,-68.0
1777891532.6573324,5.0,-3.0,-69.0
1777891532.6673324,4.0,-4.0,-70.0
1777891532.6773324,6.0,-3.0,-64.0
1777891532.6873324,5.0,-4.0,-64.0
1777891532.6973324,3.0,-9.0,-67.0
1777891532.7073324,8.0,-10.0,-66.0
1777891532.7173324,4.0,-10.0,-65.0
1777891532.7273324,3.0,-11.0,-65.0
1777891532.7373323,0.0,-8.0,-72.0
1777891532.7473323,3.0,-7.0,-74.0
1777891532.7573323,0.0,-2.0,-76.0
1777891532.7673323,-3.0,0.0,-70.0
1777891532.7773323,-5.0,0.0,-70.0
1777891532.7873323,-1.0,-4.0,-74.0
1777891532.7973323,2.0,-2.0,-71.0
1777891532.8073325,3.0,-4.0,-76.0
1777891532.8173325,-2.0,-4.0,-75.0
1777891532.8273325,-2.0,0.0,-79.0
1777891532.8373325,-2.0,1.0,-78.0
1777891532.8473325,3.0,0.0,-75.0
1777891532.8573325,2.0,-1.0,-79.0
1777891532.8673325,1.0,0.0,-80.0
1777891532.8773324,4.0,1.0,-77.0
1777891532.8873324,4.0,0.0,-75.0
1777891532.8973324,4.0,-4.0,-77.0
1777891532.9073324,3.0,-2.0,-77.0
1777891532.9173324,5.0,-2.0,-75.0
1777891532.9273324,5.0,6.0,-71.0
1777891532.9373324,4.0,3.0,-69.0
1777891532.9473324,3.0,2.0,-63.0
1777891532.9573324,8.0,1.0,-68.0
1777891532.9673324,4.0,0.0,-68.0
1777891532.9773324,1.0,-3.0,-69.0
1777891532.9873323,-3.0,-4.0,-67.0
1777891532.9973323,-2.0,-2.0,-66.0
1777891533.0073323,-1.0,0.0,-71.0
1777891533.0173323,-4.0,-1.0,-74.0
1777891533.0273323,1.0,-1.0,-68.0
1777891533.0373323,-1.0,0.0,-66.0
1777891533.0473323,0.0,2.0,-73.0
1777891533.0573325,0.0,2.0,-73.0
1777891533.0673325,-1.0,0.0,-71.0
1777891533.0773325,3.0,-2.0,-71.0
1777891533.0873325,9.0,0.0,-65.0
1777891533.0973325,9.0,-2.0,-65.0
1777891533.1073325,4.0,-7.0,-69.0
1777891533.1173325,-1.0,-8.0,-74.0
1777891533.1273324,0.0,-7.0,-76.0
1777891533.1373324,-2.0,-4.0,-75.0
1777891533.1473324,0.0,-2.0,-70.0
1777891533.1573324,2.0,-2.0,-65.0
1777891533.1673324,3.0,-5.0,-64.0
1777891533.1773324,5.0,-9.0,-63.0
1777891533.1873324,4.0,-11.0,-66.0
1777891533.1973324,5.0,-7.0,-72.0
1777891533.2073324,7.0,-6.0,-72.0
1777891533.2173324,3.0,-4.0,-68.0
1777891533.2273324,5.0,-1.0,-71.0
1777891533.2373323,3.0,-2.0,-81.0
1777891533.2473323,-2.0,0.0,-80.0
1777891533.2573323,-1.0,0.0,-79.0
1777891533.2673323,0.0,2.0,-77.0
1777891533.2783325,1.0,1.0,-71.0
1777891533.2883325,0.0,0.0,-68.0
1777891533.2983325,-2.0,-1.0,-67.0
1777891533.3083324,-1.0,0.0,-70.0
1777891533.3183324,1.0,-2.0,-68.0
1777891533.3283324,0.0,-3.0,-66.0
1777891533.3383324,-4.0,-2.0,-64.0
1777891533.3483324,-7.0,0.0,-71.0
1777891533.3583324,-6.0,-4.0,-72.0
1777891533.3683324,-2.0,-4.0,-84.0
1777891533.3783324,3.0,-5.0,-84.0
1777891533.3883324,6.0,-6.0,-78.0
1777891533.3983324,9.0,-1.0,-81.0
1777891533.4083323,9.0,-1.0,-84.0
1777891533.4183323,11.0,-2.0,-80.0
1777891533.4283323,7.0,-1.0,-77.0
1777891533.4383323,8.0,0.0,-82.0
1777891533.4483323,6.0,1.0,-81.0
1777891533.4583323,1.0,0.0,-80.0
1777891533.4683323,-7.0,-1.0,-83.0
1777891533.4783323,-6.0,0.0,-78.0
1777891533.4883325,-5.0,1.0,-77.0
1777891533.4983325,-7.0,1.0,-78.0
1777891533.5083325,-2.0,-4.0,-80.0
1777891533.5183325,1.0,-4.0,-78.0
1777891533.5283325,3.0,-3.0,-77.0
1777891533.5383325,11.0,-5.0,-71.0
1777891533.5483325,10.0,-4.0,-72.0
1777891533.5583324,10.0,-3.0,-78.0
1777891533.5683324,9.0,0.0,-82.0
1777891533.5783324,7.0,-4.0,-80.0
1777891533.5883324,8.0,-3.0,-83.0
1777891533.5983324,8.0,-4.0,-79.0
1777891533.6083324,7.0,-2.0,-76.0
1777891533.6183324,6.0,0.0,-73.0
1777891533.6283324,10.0,0.0,-69.0
1777891533.6383324,8.0,-2.0,-69.0
1777891533.6483324,7.0,-3.0,-69.0
1777891533.6583323,7.0,-2.0,-67.0
1777891533.6683323,9.0,0.0,-69.0
1777891533.6783323,8.0,0.0,-72.0
1777891533.6883323,10.0,0.0,-74.0
1777891533.6983323,10.0,1.0,-66.0
1777891533.7083323,11.0,-3.0,-66.0
1777891533.7183323,10.0,-3.0,-73.0
1777891533.7283323,5.0,-2.0,-78.0
1777891533.7383325,2.0,-2.0,-72.0
1777891533.7483325,0.0,0.0,-65.0
1777891533.7583325,4.0,-4.0,-68.0
1777891533.7683325,6.0,-4.0,-67.0
1777891533.7783325,5.0,-4.0,-69.0
1777891533.7883325,2.0,-10.0,-69.0
1777891533.7983325,0.0,-8.0,-74.0
1777891533.8083324,0.0,-6.0,-71.0
1777891533.8183324,1.0,-6.0,-74.0
1777891533.8283324,3.0,-5.0,-72.0
1777891533.8383324,-2.0,-8.0,-67.0
1777891533.8483324,-3.0,-2.0,-64.0
1777891533.8583324,-4.0,-3.0,-67.0
1777891533.8683324,-2.0,0.0,-65.0
1777891533.8783324,-2.0,0.0,-63.0
1777891533.8883324,-2.0,-1.0,-69.0
1777891533.8983324,-1.0,-1.0,-63.0
1777891533.9083323,0.0,-1.0,-59.0
1777891533.9183323,-1.0,-2.0,-59.0
1777891533.9283323,0.0,-3.0,-67.0
1777891533.9383323,-2.0,-2.0,-74.0
1777891533.9483323,-1.0,-7.0,-71.0
1777891533.9583323,1.0,-4.0,-71.0
1777891533.9683323,-1.0,-6.0,-70.0
1777891533.9783323,-2.0,-8.0,-69.0
1777891533.9883325,-2.0,-9.0,-71.0
1777891533.9983325,-1.0,-6.0,-81.0
1777891534.0083325,0.0,-8.0,-77.0
1777891534.0183325,0.0,-8.0,-72.0
1777891534.0283325,-3.0,0.0,-73.0
1777891534.0383325,-3.0,0.0,-74.0
1777891534.0483325,0.0,3.0,-76.0
1777891534.0583324,1.0,4.0,-73.0
1777891534.0683324,8.0,4.0,-75.0
1777891534.0783324,6.0,3.0,-71.0
1777891534.0883324,0.0,0.0,-70.0
1777891534.0983324,-1.0,0.0,-70.0
1777891534.1083324,-3.0,-2.0,-70.0
1777891534.1183324,-3.0,-2.0,-70.0
1777891534.1283324,-3.0,-5.0,-67.0
1777891534.1383324,-2.0,-4.0,-67.0
1777891534.1483324,-3.0,-4.0,-62.0
1777891534.1583323,0.0,-3.0,-66.0
1777891534.1683323,0.0,-6.0,-71.0
1777891534.1783323,0.0,-5.0,-74.0
1777891534.1883323,-2.0,-1.0,-79.0
1777891534.1983323,-1.0,0.0,-78.0
1777891534.2083323,0.0,-5.0,-77.0
1777891534.2183323,0.0,-5.0,-81.0
1777891534.2283323,-3.0,-6.0,-83.0
1777891534.2383325,-2.0,-5.0,-80.0
1777891534.2483325,-6.0,-3.0,-84.0
1777891534.2583325,-10.0,-4.0,-81.0
1777891534.2683325,-5.0,-1.0,-82.0
1777891534.2783325,-6.0,-1.0,-76.0
1777891534.2883325,0.0,-3.0,-75.0
1777891534.2983325,2.0,0.0,-76.0
1777891534.3083324,3.0,-3.0,-79.0
1777891534.3183324,0.0,0.0,-70.0
1777891534.3283324,1.0,-2.0,-70.0
1777891534.3383324,0.0,4.0,-75.0
1777891534.3483324,0.0,3.0,-78.0
1777891534.3583324,-2.0,4.0,-76.0
1777891534.3683324,0.0,0.0,-76.0
1777891534.3783324,0.0,-4.0,-84.0
1777891534.3883324,0.0,-3.0,-82.0
1777891534.3983324,-2.0,0.0,-79.0
1777891534.4083323,-2.0,-1.0,-73.0
1777891534.4183323,-5.0,0.0,-66.0
1777891534.4283323,-7.0,2.0,-68.0
1777891534.4383323,-1.0,1.0,-70.0
1777891534.4483323,0.0,3.0,-72.0
1777891534.4583323,0.0,0.0,-78.0
1777891534.4683323,-2.0,-2.0,-77.0
1777891534.4783323,-3.0,-1.0,-72.0
1777891534.4883325,-4.0,-3.0,-75.0
1777891534.4983325,-3.0,-1.0,-75.0
1777891534.5083325,0.0,-1.0,-71.0
1777891534.5183325,2.0,-2.0,-76.0
1777891534.5283325,2.0,-2.0,-76.0
1777891534.5383325,-2.0,-6.0,-72.0
1777891534.5483325,0.0,-9.0,-66.0
1777891534.5583324,0.0,-9.0,-66.0
1777891534.5683324,-1.0,-11.0,-64.0
1777891534.5783324,-2.0,-10.0,-68.0
1777891534.5883324,-4.0,-6.0,-67.0
1777891534.5983324,-3.0,-6.0,-75.0
1777891534.6083324,-4.0,0.0,-73.0
1777891534.6183324,-6.0,-2.0,-70.0
1777891534.6283324,-6.0,-6.0,-67.0
1777891534.6383324,-7.0,-6.0,-64.0
1777891534.6483324,-8.0,-6.0,-65.0
1777891534.6583323,-8.0,-8.0,-74.0
1777891534.6683323,-4.0,-7.0,-70.0
1777891534.6783323,-8.0,0.0,-63.0
1777891534.6883323,-9.0,0.0,-63.0
1777891534.6983323,-7.0,-3.0,-59.0
1777891534.7083323,-5.0,-1.0,-62.0
1777891534.7183323,-4.0,-4.0,-71.0
1777891534.7283323,0.0,-2.0,-73.0
1777891534.7383325,0.0,-2.0,-67.0
1777891534.7483325,4.0,0.0,-66.0
1777891534.7583325,1.0,-1.0,-65.0
1777891534.7683325,1.0,-4.0,-68.0
1777891534.7783325,1.0,-6.0,-65.0
1777891534.7883325,0.0,-8.0,-65.0
1777891534.7983325,0.0,-8.0,-68.0
1777891534.8083324,0.0,-9.0,-71.0
1777891534.8183324,0.0,-4.0,-70.0
1777891534.8283324,2.0,-1.0,-72.0
1777891534.8383324,4.0,-5.0,-69.0
1777891534.8483324,5.0,-10.0,-70.0
1777891534.8583324,6.0,-9.0,-73.0
1777891534.8683324,9.0,-5.0,-75.0
1777891534.8783324,8.0,-1.0,-77.0
1777891534.8883324,7.0,1.0,-75.0
1777891534.8983324,5.0,6.0,-69.0
1777891534.9083323,2.0,6.0,-69.0
1777891534.9183323,0.0,3.0,-70.0
1777891534.9283323,0.0,1.0,-72.0
1777891534.9383323,3.0,1.0,-70.0
1777891534.9483323,2.0,2.0,-75.0
1777891534.9583323,0.0,3.0,-76.0
1777891534.9683323,0.0,4.0,-71.0
1777891534.9783323,0.0,5.0,-74.0
1777891534.9883325,0.0,6.0,-75.0
1777891534.9983325,1.0,2.0,-80.0
1777891535.0083325,1.0,3.0,-76.0
1777891535.0183325,0.0,4.0,-78.0
1777891535.0283325,0.0,4.0,-79.0
1777891535.0383325,1.0,3.0,-80.0
1777891535.0483325,0.0,0.0,-76.0
1777891535.0583324,1.0,-2.0,-76.0
1777891535.0683324,5.0,-2.0,-78.0
1777891535.0783324,0.0,0.0,-75.0
1777891535.0883324,-6.0,-3.0,-71.0
1777891535.0983324,-9.0,-4.0,-71.0
1777891535.1083324,-8.0,-8.0,-77.0
1777891535.1183324,-4.0,-7.0,-80.0
1777891535.1283324,-6.0,-7.0,-83.0
1777891535.1383324,-5.0,-7.0,-87.0
1777891535.1483324,0.0,-6.0,-84.0
1777891535.1583323,1.0,-7.0,-79.0
1777891535.1683323,1.0,-5.0,-80.0
1777891535.1783323,0.0,-4.0,-76.0
1777891535.1883323,-1.0,-2.0,-71.0
1777891535.1983323,1.0,0.0,-69.0
1777891535.2083323,-1.0,0.0,-70.0
1777891535.2183323,1.0,-1.0,-66.0
1777891535.2283323,3.0,-2.0,-70.0
1777891535.2383325,4.0,-2.0,-76.0
1777891535.2483325,3.0,-6.0,-77.0
1777891535.2593324,2.0,-5.0,-76.0
1777891535.2693324,1.0,-2.0,-76.0
1777891535.2793324,1.0,-2.0,-78.0
1777891535.2893324,-4.0,-5.0,-75.0
1777891535.2993324,-4.0,-4.0,-75.0
1777891535.3093324,-9.0,-4.0,-76.0
1777891535.3193324,-9.0,-10.0,-80.0
1777891535.3293324,-4.0,-5.0,-76.0
1777891535.3393323,0.0,-3.0,-72.0
1777891535.3493323,-1.0,-3.0,-77.0
1777891535.3593323,1.0,-5.0,-79.0
1777891535.3693323,0.0,-6.0,-81.0
1777891535.3793323,5.0,-6.0,-82.0
1777891535.3893323,7.0,-5.0,-80.0
1777891535.3993323,4.0,-4.0,-72.0
1777891535.4093325,2.0,-8.0,-68.0
1777891535.4193325,4.0,-2.0,-73.0
1777891535.4293325,1.0,-1.0,-81.0
1777891535.4393325,3.0,-4.0,-78.0
1777891535.4493325,6.0,-2.0,-73.0
1777891535.4593325,6.0,-2.0,-77.0
1777891535.4693325,6.0,0.0,-78.0
1777891535.4793324,5.0,0.0,-69.0
1777891535.4893324,5.0,-1.0,-66.0
1777891535.4993324,5.0,0.0,-59.0
1777891535.5093324,6.0,-4.0,-57.0
1777891535.5193324,0.0,-4.0,-57.0
1777891535.5293324,0.0,-5.0,-63.0
1777891535.5393324,0.0,-5.0,-63.0
1777891535.5493324,1.0,-8.0,-71.0
1777891535.5593324,2.0,-6.0,-78.0
1777891535.5693324,3.0,-6.0,-74.0
1777891535.5793324,3.0,-3.0,-71.0
1777891535.5893323,1.0,-2.0,-68.0
1777891535.5993323,1.0,1.0,-70.0
1777891535.6093323,4.0,0.0,-71.0
1777891535.6193323,2.0,-2.0,-74.0
1777891535.6293323,4.0,-1.0,-77.0
1777891535.6393323,0.0,-4.0,-73.0
1777891535.6493323,1.0,-7.0,-75.0
1777891535.6593325,8.0,-5.0,-72.0
1777891535.6693325,8.0,-6.0,-69.0
1777891535.6793325,6.0,-2.0,-68.0
1777891535.6893325,10.0,-2.0,-76.0
1777891535.6993325,12.0,-3.0,-77.0
1777891535.7093325,8.0,-3.0,-67.0
1777891535.7193325,5.0,0.0,-65.0
1777891535.7293324,5.0,0.0,-68.0
1777891535.7393324,5.0,1.0,-65.0
1777891535.7493324,5.0,1.0,-60.0
1777891535.7593324,3.0,0.0,-62.0
1777891535.7693324,1.0,2.0,-64.0
1777891535.7793324,-4.0,1.0,-69.0
1777891535.7893324,0.0,4.0,-75.0
1777891535.7993324,4.0,0.0,-79.0
1777891535.8093324,4.0,0.0,-80.0
1777891535.8193324,6.0,0.0,-75.0
1777891535.8293324,1.0,0.0,-74.0
1777891535.8393323,0.0,-2.0,-74.0
1777891535.8493323,0.0,-3.0,-73.0
1777891535.8593323,0.0,-3.0,-72.0
1777891535.8693323,-4.0,-3.0,-76.0
1777891535.8793323,-7.0,-1.0,-70.0
1777891535.8893323,-8.0,-2.0,-67.0
1777891535.8993323,-8.0,-1.0,-74.0
1777891535.9093325,-11.0,1.0,-69.0
1777891535.9193325,-14.0,2.0,-69.0
1777891535.9293325,-11.0,3.0,-71.0
1777891535.9393325,-7.0,6.0,-74.0
1777891535.9493325,-7.0,0.0,-84.0
1777891535.9593325,-3.0,0.0,-77.0
1777891535.9693325,0.0,0.0,-76.0
1777891535.9793324,0.0,1.0,-71.0
1777891535.9893324,0.0,1.0,-73.0
1777891535.9993324,2.0,1.0,-72.0
1777891536.0093324,5.0,2.0,-77.0
1777891536.0193324,5.0,2.0,-72.0
1777891536.0293324,3.0,1.0,-74.0
1777891536.0393324,3.0,3.0,-78.0
1777891536.0493324,5.0,3.0,-73.0
1777891536.0593324,3.0,2.0,-74.0
1777891536.0693324,0.0,-2.0,-69.0
1777891536.0793324,4.0,-1.0,-69.0
1777891536.0893323,3.0,1.0,-75.0
1777891536.0993323,2.0,1.0,-71.0
1777891536.1093323,3.0,-1.0,-78.0
1777891536.1193323,2.0,0.0,-78.0
1777891536.1293323,-2.0,0.0,-72.0
1777891536.1393323,-2.0,1.0,-76.0
1777891536.1493323,0.0,0.0,-77.0
1777891536.1593325,0.0,-1.0,-73.0
1777891536.1693325,4.0,2.0,-72.0
1777891536.1793325,4.0,2.0,-69.0
1777891536.1893325,7.0,-1.0,-67.0
1777891536.1993325,8.0,-1.0,-64.0
1777891536.2093325,10.0,-3.0,-67.0
1777891536.2193325,7.0,-3.0,-71.0
1777891536.2293324,6.0,-3.0,-74.0
1777891536.2393324,5.0,0.0,-72.0
1777891536.2493324,4.0,0.0,-67.0
1777891536.2593324,5.0,1.0,-73.0
1777891536.2693324,3.0,0.0,-72.0
1777891536.2793324,4.0,-2.0,-66.0
1777891536.2893324,6.0,-3.0,-61.0
1777891536.2993324,-1.0,-4.0,-61.0
1777891536.3093324,-1.0,0.0,-65.0
1777891536.3193324,-4.0,0.0,-72.0
1777891536.3293324,-4.0,-5.0,-73.0
1777891536.3393323,-6.0,-4.0,-70.0
1777891536.3493323,-3.0,-5.0,-79.0
1777891536.3593323,-3.0,-2.0,-71.0
1777891536.3693323,0.0,-5.0,-68.0
1777891536.3793323,1.0,-4.0,-67.0
1777891536.3893323,-1.0,-5.0,-71.0
1777891536.3993323,-1.0,1.0,-69.0
1777891536.4093325,1.0,1.0,-68.0
1777891536.4193325,0.0,0.0,-65.0
1777891536.4293325,-2.0,1.0,-70.0
1777891536.4393325,4.0,0.0,-68.0
1777891536.4493325,8.0,-5.0,-61.0
1777891536.4593325,4.0,-5.0,-58.0
1777891536.4693325,2.0,-5.0,-63.0
1777891536.4793324,2.0,-2.0,-68.0
1777891536.4893324,6.0,-5.0,-72.0
1777891536.4993324,8.0,-5.0,-69.0
1777891536.5093324,7.0,-9.0,-73.0
1777891536.5193324,5.0,-8.0,-65.0
1777891536.5293324,3.0,-7.0,-65.0
1777891536.5393324,6.0,-8.0,-65.0
1777891536.5493324,2.0,-8.0,-63.0
1777891536.5593324,5.0,-7.0,-61.0
1777891536.5693324,11.0,-8.0,-54.0
1777891536.5793324,10.0,-5.0,-62.0
1777891536.5893323,7.0,-5.0,-60.0
1777891536.5993323,7.0,0.0,-66.0
1777891536.6093323,5.0,0.0,-67.0
1777891536.6193323,3.0,0.0,-62.0
1777891536.6293323,3.0,2.0,-62.0
1777891536.6393323,0.0,3.0,-63.0
1777891536.6493323,2.0,0.0,-64.0
1777891536.6593325,0.0,0.0,-64.0
1777891536.6693325,0.0,1.0,-63.0
1777891536.6793325,-1.0,-2.0,-66.0
1777891536.6893325,0.0,1.0,-69.0
1777891536.6993325,-4.0,0.0,-71.0
1777891536.7093325,-4.0,-1.0,-71.0
1777891536.7193325,0.0,0.0,-68.0
1777891536.7293324,0.0,2.0,-70.0
1777891536.7393324,0.0,2.0,-75.0
1777891536.7493324,0.0,-1.0,-71.0
1777891536.7593324,0.0,0.0,-74.0
1777891536.7693324,0.0,-1.0,-67.0
1777891536.7793324,1.0,0.0,-81.0
1777891536.7893324,0.0,2.0,-86.0
1777891536.7993324,6.0,4.0,-86.0
1777891536.8093324,11.0,4.0,-77.0
1777891536.8193324,10.0,4.0,-78.0
1777891536.8293324,7.0,6.0,-76.0
1777891536.8393323,2.0,5.0,-76.0
1777891536.8493323,-2.0,0.0,-74.0
1777891536.8593323,0.0,-2.0,-73.0
1777891536.8693323,0.0,0.0,-74.0
1777891536.8793323,0.0,-3.0,-71.0
1777891536.8893323,5.0,-6.0,-66.0
1777891536.8993323,4.0,-5.0,-63.0
1777891536.9093325,3.0,-6.0,-69.0
1777891536.9193325,5.0,-2.0,-72.0
1777891536.9293325,3.0,-1.0,-70.0
1777891536.9393325,1.0,1.0,-74.0
1777891536.9493325,-1.0,-4.0,-73.0
1777891536.9593325,-1.0,-6.0,-72.0
1777891536.9693325,-3.0,-6.0,-69.0
1777891536.9793324,-1.0,-7.0,-70.0
1777891536.9893324,0.0,-7.0,-68.0
1777891536.9993324,-2.0,-7.0,-64.0
1777891537.0093324,-2.0,-4.0,-71.0
1777891537.0193324,-1.0,-1.0,-68.0
1777891537.0293324,0.0,0.0,-71.0
1777891537.0393324,-3.0,0.0,-68.0
1777891537.0493324,-2.0,-3.0,-71.0
1777891537.0593324,-3.0,-6.0,-74.0
1777891537.0693324,-6.0,-4.0,-72.0
1777891537.0793324,-3.0,-7.0,-74.0
1777891537.0893323,-3.0,-5.0,-68.0
1777891537.0993323,-1.0,-9.0,-62.0
1777891537.1093323,-4.0,-9.0,-56.0
1777891537.1193323,-6.0,-7.0,-61.0
1777891537.1293323,-1.0,-4.0,-69.0
1777891537.1393323,1.0,-4.0,-70.0
1777891537.1493323,2.0,-4.0,-72.0
1777891537.1593325,5.0,-3.0,-75.0
1777891537.1693325,6.0,-3.0,-78.0
1777891537.1793325,9.0,-4.0,-76.0
1777891537.1893325,9.0,-3.0,-72.0
1777891537.1993325,9.0,-8.0,-68.0
1777891537.2093325,9.0,-11.0,-68.0
1777891537.2193325,2.0,-9.0,-69.0
1777891537.2293324,1.0,-6.0,-69.0
1777891537.2393324,0.0,-4.0,-69.0
1777891537.2493324,-3.0,-2.0,-70.0
1777891537.2593324,0.0,1.0,-58.0
1777891537.2703323,5.0,0.0,-61.0
1777891537.2803323,7.0,0.0,-61.0
1777891537.2903323,10.0,0.0,-63.0
1777891537.3003323,16.0,-2.0,-63.0
1777891537.3103323,13.0,0.0,-63.0
1777891537.3203323,12.0,0.0,-64.0
1777891537.3303325,6.0,3.0,-62.0
1777891537.3403325,8.0,2.0,-71.0
1777891537.3503325,6.0,-1.0,-65.0
1777891537.3603325,4.0,0.0,-70.0
1777891537.3703325,4.0,-6.0,-78.0
1777891537.3803325,7.0,-5.0,-75.0
1777891537.3903325,5.0,-5.0,-71.0
1777891537.4003325,0.0,-4.0,-68.0
1777891537.4103324,-4.0,-1.0,-67.0
1777891537.4203324,1.0,0.0,-68.0
1777891537.4303324,8.0,0.0,-68.0
1777891537.4403324,9.0,-1.0,-65.0
1777891537.4503324,4.0,0.0,-62.0
1777891537.4603324,0.0,6.0,-62.0
1777891537.4703324,0.0,3.0,-67.0
1777891537.4803324,-1.0,4.0,-67.0
1777891537.4903324,-4.0,0.0,-70.0
1777891537.5003324,-6.0,-2.0,-69.0
1777891537.5103323,-6.0,-8.0,-72.0
1777891537.5203323,-5.0,-3.0,-72.0
1777891537.5303323,-4.0,0.0,-72.0
1777891537.5403323,-3.0,-4.0,-71.0
1777891537.5503323,-1.0,-3.0,-69.0
1777891537.5603323,2.0,-7.0,-74.0
1777891537.5703323,0.0,-4.0,-76.0
1777891537.5803325,3.0,-5.0,-78.0
1777891537.5903325,8.0,-2.0,-75.0
1777891537.6003325,13.0,-3.0,-69.0
1777891537.6103325,9.0,0.0,-69.0
1777891537.6203325,0.0,-4.0,-70.0
1777891537.6303325,0.0,-3.0,-72.0
1777891537.6403325,3.0,-3.0,-73.0
1777891537.6503325,6.0,-4.0,-71.0
1777891537.6603324,5.0,-9.0,-71.0
1777891537.6703324,4.0,-3.0,-73.0
1777891537.6803324,0.0,-3.0,-76.0
1777891537.6903324,0.0,-4.0,-80.0
1777891537.7003324,-2.0,-3.0,-79.0
1777891537.7103324,0.0,-2.0,-77.0
1777891537.7203324,-1.0,-1.0,-72.0
1777891537.7303324,0.0,-2.0,-73.0
1777891537.7403324,7.0,0.0,-74.0
1777891537.7503324,2.0,-5.0,-70.0
1777891537.7603323,1.0,-5.0,-71.0
1777891537.7703323,1.0,-2.0,-72.0
1777891537.7803323,1.0,-4.0,-72.0
1777891537.7903323,-1.0,-8.0,-66.0
1777891537.8003323,1.0,-4.0,-65.0
1777891537.8103323,3.0,-4.0,-62.0
1777891537.8203323,4.0,-5.0,-65.0
1777891537.8303325,3.0,-3.0,-67.0
1777891537.8403325,3.0,-2.0,-64.0
1777891537.8503325,1.0,-1.0,-67.0
1777891537.8603325,-1.0,1.0,-68.0
1777891537.8703325,-1.0,-2.0,-67.0
1777891537.8803325,2.0,-3.0,-66.0
1777891537.8903325,3.0,-3.0,-70.0
1777891537.9003325,2.0,-4.0,-71.0
1777891537.9103324,-2.0,-7.0,-65.0
1777891537.9203324,-1.0,-2.0,-63.0
1777891537.9303324,0.0,0.0,-66.0
1777891537.9403324,0.0,0.0,-66.0
1777891537.9503324,0.0,0.0,-68.0
1777891537.9603324,2.0,-2.0,-73.0
1777891537.9703324,6.0,-6.0,-72.0
1777891537.9803324,9.0,-9.0,-77.0
1777891537.9903324,8.0,-6.0,-82.0
1777891538.0003324,14.0,-3.0,-76.0
1777891538.0103323,12.0,-4.0,-72.0
1777891538.0203323,13.0,-6.0,-69.0
1777891538.0303323,12.0,-6.0,-69.0
1777891538.0403323,12.0,-5.0,-67.0
1777891538.0503323,6.0,-3.0,-68.0
1777891538.0603323,9.0,0.0,-71.0
1777891538.0703323,5.0,0.0,-70.0
1777891538.0803325,6.0,0.0,-71.0
1777891538.0903325,7.0,-2.0,-70.0
1777891538.1003325,7.0,-4.0,-66.0
1777891538.1103325,9.0,-3.0,-65.0
1777891538.1203325,7.0,2.0,-66.0
1777891538.1303325,9.0,0.0,-66.0
1777891538.1403325,6.0,3.0,-68.0
1777891538.1503325,6.0,0.0,-76.0
1777891538.1603324,9.0,-2.0,-80.0
1777891538.1703324,9.0,-4.0,-78.0
1777891538.1803324,5.0,-2.0,-68.0
1777891538.1903324,4.0,-1.0,-68.0
1777891538.2003324,6.0,-4.0,-67.0
1777891538.2103324,5.0,-4.0,-71.0
1777891538.2203324,6.0,-3.0,-74.0
1777891538.2303324,4.0,-1.0,-72.0
1777891538.2403324,1.0,-1.0,-72.0
1777891538.2503324,2.0,1.0,-68.0
1777891538.2603323,-4.0,-2.0,-71.0
1777891538.2703323,-3.0,-8.0,-71.0
1777891538.2803323,0.0,-7.0,-61.0
1777891538.2903323,-3.0,-6.0,-63.0
1777891538.3003323,-1.0,-3.0,-69.0
1777891538.3103323,0.0,0.0,-65.0
1777891538.3203323,-6.0,0.0,-70.0
1777891538.3303325,-7.0,5.0,-72.0
1777891538.3403325,-5.0,1.0,-79.0
1777891538.3503325,-3.0,-2.0,-79.0
1777891538.3603325,-2.0,-4.0,-77.0
1777891538.3703325,-3.0,-2.0,-77.0
1777891538.3803325,-4.0,-3.0,-72.0
1777891538.3903325,-3.0,0.0,-67.0
1777891538.4003325,-1.0,0.0,-63.0
1777891538.4103324,-3.0,2.0,-65.0
1777891538.4203324,-3.0,5.0,-66.0
1777891538.4303324,-4.0,4.0,-66.0
1777891538.4403324,-2.0,0.0,-66.0
1777891538.4503324,0.0,2.0,-70.0
1777891538.4603324,1.0,4.0,-79.0
1777891538.4703324,-2.0,3.0,-84.0
1777891538.4803324,1.0,5.0,-77.0
1777891538.4903324,1.0,3.0,-66.0
1777891538.5003324,3.0,-1.0,-61.0
1777891538.5103323,1.0,0.0,-65.0
1777891538.5203323,2.0,1.0,-67.0
1777891538.5303323,0.0,0.0,-66.0
1777891538.5403323,0.0,-2.0,-70.0
1777891538.5503323,0.0,-3.0,-77.0
1777891538.5603323,-2.0,-3.0,-79.0
1777891538.5703323,-4.0,0.0,-71.0
1777891538.5803325,-6.0,-3.0,-70.0
1777891538.5903325,-1.0,0.0,-67.0
1777891538.6003325,-1.0,-3.0,-68.0
1777891538.6113324,-2.0,-4.0,-69.0
1777891538.6203325,2.0,-5.0,-71.0
1777891538.6303325,3.0,-3.0,-76.0
1777891538.6403325,5.0,-3.0,-70.0
1777891538.6503325,0.0,-2.0,-68.0
1777891538.6603324,0.0,-1.0,-71.0
1777891538.6703324,-1.0,-2.0,-71.0
1777891538.6803324,-3.0,-1.0,-65.0
1777891538.6903324,-1.0,-3.0,-66.0
1777891538.7003324,-4.0,-1.0,-67.0
1777891538.7103324,-8.0,-2.0,-68.0
1777891538.7203324,-7.0,-2.0,-66.0
1777891538.7303324,-8.0,-4.0,-64.0
1777891538.7403324,-8.0,-1.0,-68.0
1777891538.7503324,-6.0,3.0,-65.0
1777891538.7603323,-2.0,2.0,-66.0
1777891538.7703323,0.0,0.0,-67.0
1777891538.7803323,-2.0,0.0,-68.0
1777891538.7903323,0.0,2.0,-71.0
1777891538.8003323,0.0,3.0,-71.0
1777891538.8103323,0.0,3.0,-70.0
1777891538.8203323,-4.0,2.0,-70.0
1777891538.8303325,-1.0,3.0,-75.0
1777891538.8403325,1.0,4.0,-75.0
1777891538.8503325,6.0,4.0,-84.0
1777891538.8603325,4.0,4.0,-82.0
1777891538.8703325,4.0,1.0,-80.0
1777891538.8803325,4.0,4.0,-82.0
1777891538.8903325,0.0,0.0,-79.0
1777891538.9003325,-2.0,-2.0,-76.0
1777891538.9103324,-3.0,-1.0,-72.0
1777891538.9203324,-4.0,-1.0,-75.0
1777891538.9303324,-2.0,-1.0,-78.0
1777891538.9403324,-7.0,-3.0,-71.0
1777891538.9503324,-6.0,-6.0,-65.0
1777891538.9603324,-3.0,-4.0,-70.0
1777891538.9703324,1.0,-5.0,-72.0
1777891538.9803324,7.0,-7.0,-67.0
1777891538.9903324,5.0,-7.0,-64.0
1777891539.0003324,3.0,-5.0,-62.0
1777891539.0103323,5.0,-4.0,-67.0
1777891539.0203323,0.0,2.0,-67.0
1777891539.0303323,0.0,2.0,-65.0
1777891539.0403323,-1.0,-2.0,-72.0
1777891539.0503323,0.0,-4.0,-75.0
1777891539.0603323,2.0,-1.0,-66.0
1777891539.0703323,8.0,0.0,-67.0
1777891539.0803325,8.0,0.0,-66.0
1777891539.0903325,7.0,2.0,-64.0
1777891539.1003325,10.0,1.0,-65.0
1777891539.1103325,8.0,-3.0,-68.0
1777891539.1203325,4.0,0.0,-76.0
1777891539.1303325,0.0,-4.0,-77.0
1777891539.1403325,0.0,-6.0,-75.0
1777891539.1503325,4.0,-6.0,-70.0
1777891539.1603324,4.0,-4.0,-64.0
1777891539.1703324,1.0,-4.0,-64.0
1777891539.1803324,1.0,0.0,-64.0
1777891539.1903324,-1.0,0.0,-65.0
1777891539.2003324,-1.0,2.0,-72.0
1777891539.2103324,2.0,1.0,-75.0
1777891539.2213323,0.0,-3.0,-79.0
1777891539.2313323,1.0,-2.0,-71.0
1777891539.2413323,-1.0,-5.0,-66.0
1777891539.2513323,-4.0,-6.0,-65.0
1777891539.2613325,-3.0,-6.0,-75.0
1777891539.2713325,3.0,-9.0,-69.0
1777891539.2813325,3.0,-9.0,-74.0
1777891539.2913325,1.0,-6.0,-80.0
1777891539.3013325,-2.0,-7.0,-78.0
1777891539.3113325,-2.0,-7.0,-74.0
1777891539.3213325,-1.0,-5.0,-78.0
1777891539.3313324,-5.0,-7.0,-80.0
1777891539.3413324,-8.0,-7.0,-86.0
1777891539.3503325,-5.0,-6.0,-88.0
1777891539.3613324,0.0,-9.0,-92.0
1777891539.3713324,3.0,-8.0,-86.0
1777891539.3813324,4.0,-9.0,-86.0
1777891539.3913324,5.0,-10.0,-80.0
1777891539.4013324,3.0,-10.0,-72.0
1777891539.4113324,1.0,-7.0,-75.0
1777891539.4213324,6.0,-4.0,-72.0
1777891539.4313323,8.0,-1.0,-61.0
1777891539.4413323,7.0,1.0,-64.0
1777891539.4513323,12.0,0.0,-67.0
1777891539.4613323,12.0,1.0,-66.0
1777891539.4713323,7.0,4.0,-66.0
1777891539.4813323,3.0,4.0,-66.0
1777891539.4913323,0.0,2.0,-67.0
1777891539.5013323,2.0,2.0,-66.0
1777891539.5113325,2.0,0.0,-70.0
1777891539.5213325,-1.0,0.0,-71.0
1777891539.5313325,-1.0,-1.0,-77.0
1777891539.5413325,-4.0,-5.0,-70.0
1777891539.5513325,-4.0,-8.0,-75.0
1777891539.5613325,-1.0,-3.0,-73.0
1777891539.5713325,1.0,-2.0,-69.0
1777891539.5813324,-1.0,-6.0,-69.0
1777891539.5913324,1.0,-4.0,-70.0
1777891539.6013324,1.0,-4.0,-71.0
1777891539.6113324,1.0,-4.0,-73.0
1777891539.6213324,0.0,0.0,-68.0
1777891539.6313324,-4.0,2.0,-66.0
1777891539.6413324,2.0,4.0,-71.0
1777891539.6513324,3.0,1.0,-72.0
1777891539.6613324,3.0,0.0,-67.0
1777891539.6713324,5.0,3.0,-65.0
1777891539.6813323,6.0,8.0,-65.0
1777891539.6913323,2.0,7.0,-66.0
1777891539.7013323,3.0,6.0,-62.0
1777891539.7113323,2.0,8.0,-62.0
1777891539.7213323,2.0,2.0,-62.0
1777891539.7313323,-2.0,0.0,-63.0
1777891539.7413323,-4.0,2.0,-66.0
1777891539.7513323,-8.0,3.0,-72.0
1777891539.7613325,-7.0,3.0,-73.0
1777891539.7713325,-5.0,-1.0,-77.0
1777891539.7813325,-2.0,1.0,-72.0
1777891539.7913325,-1.0,3.0,-70.0
1777891539.8013325,0.0,3.0,-71.0
1777891539.8113325,1.0,9.0,-69.0
1777891539.8213325,-1.0,3.0,-72.0
1777891539.8313324,-7.0,3.0,-80.0
1777891539.8413324,-5.0,4.0,-78.0
1777891539.8513324,-4.0,3.0,-76.0
1777891539.8613324,-3.0,4.0,-78.0
1777891539.8713324,0.0,0.0,-79.0
1777891539.8813324,0.0,2.0,-75.0
1777891539.8913324,2.0,3.0,-77.0
1777891539.9013324,3.0,3.0,-71.0
1777891539.9113324,0.0,0.0,-65.0
1777891539.9213324,2.0,-1.0,-68.0
1777891539.9313323,0.0,-2.0,-71.0
1777891539.9413323,1.0,-2.0,-75.0
1777891539.9513323,3.0,3.0,-78.0
1777891539.9613323,6.0,4.0,-82.0
1777891539.9713323,3.0,4.0,-84.0
1777891539.9813323,3.0,3.0,-87.0
1777891539.9913323,1.0,4.0,-84.0
1777891540.0013323,3.0,4.0,-76.0
1777891540.0113325,5.0,7.0,-76.0
1777891540.0213325,7.0,7.0,-81.0
1777891540.0313325,4.0,4.0,-87.0
1777891540.0413325,4.0,6.0,-84.0
1777891540.0513325,0.0,6.0,-80.0
1777891540.0613325,1.0,2.0,-80.0
1777891540.0713325,3.0,2.0,-85.0
1777891540.0813324,7.0,-1.0,-79.0
1777891540.0913324,1.0,0.0,-78.0
1777891540.1013324,3.0,2.0,-78.0
1777891540.1113324,1.0,0.0,-72.0
1777891540.1213324,4.0,0.0,-69.0
1777891540.1313324,7.0,1.0,-76.0
1777891540.1413324,6.0,0.0,-82.0
1777891540.1513324,1.0,1.0,-81.0
1777891540.1613324,2.0,2.0,-82.0
1777891540.1713324,1.0,3.0,-76.0
1777891540.1813323,2.0,4.0,-81.0
1777891540.1913323,0.0,0.0,-79.0
1777891540.2013323,0.0,0.0,-80.0
1777891540.2113323,-2.0,1.0,-77.0
1777891540.2213323,-5.0,-2.0,-72.0
1777891540.2313323,-1.0,-6.0,-71.0
1777891540.2413323,-1.0,-10.0,-64.0
1777891540.2513323,-4.0,-8.0,-63.0
1777891540.2613325,-4.0,-6.0,-65.0
1777891540.2713325,-5.0,-3.0,-64.0
1777891540.2813325,-6.0,-3.0,-61.0
1777891540.2913325,-7.0,0.0,-66.0
1777891540.3013325,-3.0,0.0,-70.0
1777891540.3113325,6.0,1.0,-66.0
1777891540.3213325,7.0,0.0,-66.0
1777891540.3313324,4.0,-1.0,-70.0
1777891540.3413324,2.0,-3.0,-67.0
1777891540.3513324,0.0,-1.0,-70.0
1777891540.3613324,2.0,-1.0,-69.0
1777891540.3713324,0.0,-4.0,-68.0
1777891540.3813324,1.0,-7.0,-70.0
1777891540.3913324,2.0,-4.0,-68.0
1777891540.4013324,6.0,-2.0,-76.0
1777891540.4113324,6.0,-2.0,-78.0
1777891540.4213324,1.0,-3.0,-73.0
1777891540.4313323,0.0,-4.0,-75.0
1777891540.4413323,-4.0,-4.0,-72.0
1777891540.4513323,-7.0,-2.0,-76.0
1777891540.4613323,-6.0,-3.0,-80.0
1777891540.4713323,0.0,0.0,-78.0
1777891540.4813323,0.0,-1.0,-76.0
1777891540.4913323,2.0,0.0,-76.0
1777891540.5013323,2.0,-1.0,-81.0
1777891540.5113325,-1.0,-1.0,-81.0
1777891540.5213325,0.0,-1.0,-83.0
1777891540.5313325,0.0,4.0,-81.0
1777891540.5413325,-3.0,2.0,-77.0
1777891540.5513325,-6.0,1.0,-82.0
1777891540.5613325,-2.0,0.0,-88.0
1777891540.5713325,0.0,1.0,-94.0
1777891540.5813324,0.0,1.0,-87.0
1777891540.5913324,-4.0,3.0,-84.0
1777891540.6013324,-3.0,1.0,-79.0
1777891540.6113324,-8.0,4.0,-70.0
1777891540.6213324,-5.0,6.0,-65.0
1777891540.6313324,-5.0,3.0,-69.0
1777891540.6413324,-2.0,2.0,-76.0
1777891540.6513324,-7.0,-2.0,-67.0
1777891540.6613324,-5.0,-3.0,-63.0
1777891540.6713324,-4.0,0.0,-66.0
1777891540.6813323,-1.0,0.0,-68.0
1777891540.6913323,0.0,-1.0,-69.0
1777891540.7013323,3.0,0.0,-65.0
1777891540.7113323,4.0,3.0,-61.0
1777891540.7213323,6.0,3.0,-65.0
1777891540.7313323,3.0,3.0,-74.0
1777891540.7413323,1.0,3.0,-79.0
1777891540.7513323,2.0,1.0,-77.0
1777891540.7613325,0.0,3.0,-72.0
1777891540.7713325,-3.0,0.0,-70.0
1777891540.7813325,0.0,-1.0,-67.0
1777891540.7913325,3.0,-4.0,-67.0
1777891540.8013325,4.0,-3.0,-72.0
1777891540.8113325,5.0,0.0,-78.0
1777891540.8213325,2.0,4.0,-77.0
1777891540.8313324,0.0,0.0,-74.0
1777891540.8413324,-1.0,1.0,-71.0
1777891540.8513324,0.0,-2.0,-68.0
1777891540.8613324,2.0,0.0,-60.0
1777891540.8713324,0.0,0.0,-61.0
1777891540.8813324,1.0,1.0,-59.0
1777891540.8913324,5.0,2.0,-64.0
1777891540.9013324,3.0,3.0,-65.0
1777891540.9113324,5.0,4.0,-68.0
1777891540.9213324,3.0,3.0,-71.0
1777891540.9313323,0.0,4.0,-78.0
1777891540.9413323,1.0,4.0,-76.0
1777891540.9513323,2.0,4.0,-73.0
1777891540.9613323,3.0,2.0,-71.0
1777891540.9713323,4.0,4.0,-75.0
1777891540.9813323,4.0,6.0,-72.0
1777891540.9913323,4.0,8.0,-66.0
1777891541.0013323,8.0,5.0,-64.0
1777891541.0113325,5.0,2.0,-68.0
1777891541.0213325,0.0,0.0,-75.0
1777891541.0313325,3.0,0.0,-73.0
1777891541.0413325,3.0,0.0,-68.0
1777891541.0513325,1.0,-2.0,-71.0
1777891541.0613325,2.0,-2.0,-74.0
1777891541.0713325,-2.0,-4.0,-70.0
1777891541.0813324,-1.0,0.0,-75.0
1777891541.0913324,-1.0,0.0,-75.0
1777891541.1013324,-3.0,1.0,-74.0
1777891541.1113324,-6.0,4.0,-71.0
1777891541.1213324,-6.0,3.0,-71.0
1777891541.1313324,-2.0,0.0,-61.0
1777891541.1413324,-4.0,0.0,-60.0
1777891541.1513324,-4.0,0.0,-67.0
1777891541.1613324,-6.0,0.0,-66.0
1777891541.1713324,-2.0,-3.0,-69.0
1777891541.1813323,2.0,-2.0,-70.0
1777891541.1913323,6.0,0.0,-73.0
1777891541.2013323,6.0,-1.0,-80.0
1777891541.2123325,4.0,0.0,-80.0
1777891541.2213323,3.0,-3.0,-77.0
1777891541.2323325,6.0,4.0,-78.0
1777891541.2423325,8.0,6.0,-78.0
1777891541.2523324,4.0,3.0,-77.0
1777891541.2623324,3.0,2.0,-76.0
1777891541.2723324,3.0,1.0,-75.0
1777891541.2823324,3.0,-1.0,-75.0
1777891541.2923324,5.0,-3.0,-68.0
1777891541.3023324,3.0,-3.0,-69.0
1777891541.3123324,3.0,-4.0,-70.0
1777891541.3223324,1.0,-4.0,-65.0
1777891541.3323324,3.0,-4.0,-64.0
1777891541.3423324,4.0,0.0,-68.0
1777891541.3523324,4.0,-3.0,-76.0
1777891541.3623323,4.0,-4.0,-75.0
1777891541.3723323,1.0,0.0,-69.0
1777891541.3823323,3.0,0.0,-70.0
1777891541.3923323,5.0,2.0,-76.0
1777891541.4023323,8.0,5.0,-79.0
1777891541.4123323,7.0,8.0,-76.0
1777891541.4223323,0.0,5.0,-65.0
1777891541.4323325,0.0,0.0,-66.0
1777891541.4423325,5.0,0.0,-73.0
1777891541.4523325,5.0,1.0,-73.0
1777891541.4623325,3.0,-3.0,-77.0
1777891541.4723325,1.0,-4.0,-77.0
1777891541.4823325,-1.0,0.0,-83.0
1777891541.4923325,0.0,0.0,-82.0
1777891541.5023324,1.0,3.0,-80.0
1777891541.5123324,3.0,2.0,-77.0
1777891541.5223324,0.0,-1.0,-79.0
1777891541.5323324,2.0,0.0,-85.0
1777891541.5423324,0.0,0.0,-79.0
1777891541.5523324,3.0,-2.0,-75.0
1777891541.5623324,-3.0,3.0,-77.0
1777891541.5723324,-4.0,3.0,-73.0
1777891541.5823324,-2.0,6.0,-69.0
1777891541.5923324,2.0,6.0,-69.0
1777891541.6023324,-2.0,5.0,-61.0
1777891541.6123323,0.0,5.0,-59.0
1777891541.6223323,0.0,2.0,-61.0
1777891541.6323323,-1.0,5.0,-64.0
1777891541.6423323,4.0,0.0,-68.0
1777891541.6523323,2.0,0.0,-61.0
1777891541.6623323,0.0,0.0,-60.0
1777891541.6723323,-4.0,3.0,-65.0
1777891541.6823325,-3.0,3.0,-71.0
1777891541.6923325,-5.0,7.0,-78.0
1777891541.7023325,-5.0,8.0,-76.0
1777891541.7123325,-12.0,6.0,-82.0
1777891541.7223325,-9.0,3.0,-80.0
1777891541.7323325,-4.0,0.0,-78.0
1777891541.7423325,0.0,-2.0,-78.0
1777891541.7523324,2.0,-3.0,-82.0
1777891541.7623324,0.0,-2.0,-76.0
1777891541.7723324,1.0,-2.0,-80.0
1777891541.7823324,0.0,-5.0,-85.0
1777891541.7923324,-2.0,-3.0,-83.0
1777891541.8023324,-3.0,-7.0,-85.0
1777891541.8123324,2.0,-2.0,-88.0
1777891541.8223324,5.0,-1.0,-81.0
1777891541.8323324,2.0,-1.0,-75.0
1777891541.8423324,-3.0,-6.0,-71.0
1777891541.8523324,-7.0,-4.0,-74.0
1777891541.8623323,-6.0,-1.0,-68.0
1777891541.8723323,-4.0,0.0,-68.0
1777891541.8823323,-4.0,0.0,-74.0
1777891541.8923323,-4.0,0.0,-76.0
1777891541.9023323,-8.0,-2.0,-71.0
1777891541.9123323,-5.0,-3.0,-72.0
1777891541.9223323,-2.0,-3.0,-73.0
1777891541.9323325,1.0,-3.0,-69.0
1777891541.9423325,0.0,-1.0,-71.0
1777891541.9523325,1.0,-1.0,-60.0
1777891541.9623325,4.0,-1.0,-64.0
1777891541.9723325,2.0,-1.0,-67.0
1777891541.9823325,1.0,-3.0,-65.0
1777891541.9923325,1.0,-7.0,-70.0
1777891542.0023324,1.0,-3.0,-61.0
1777891542.0123324,0.0,-5.0,-61.0
1777891542.0223324,1.0,-7.0,-57.0
1777891542.0323324,-2.0,-4.0,-59.0
1777891542.0423324,-3.0,3.0,-61.0
1777891542.0523324,1.0,9.0,-62.0
1777891542.0623324,0.0,6.0,-63.0
1777891542.0723324,0.0,2.0,-65.0
1777891542.0823324,0.0,4.0,-68.0
1777891542.0923324,-1.0,6.0,-73.0
1777891542.1023324,-3.0,3.0,-75.0
1777891542.1123323,-1.0,0.0,-78.0
1777891542.1223323,2.0,0.0,-73.0
1777891542.1323323,0.0,1.0,-62.0
1777891542.1423323,-2.0,0.0,-64.0
1777891542.1523323,-1.0,2.0,-72.0
1777891542.1623323,1.0,-1.0,-74.0
1777891542.1723323,0.0,-3.0,-73.0
1777891542.1823325,2.0,-2.0,-71.0
1777891542.1923325,3.0,-1.0,-80.0
1777891542.2023325,3.0,2.0,-81.0
1777891542.2123325,3.0,0.0,-80.0
1777891542.2223325,0.0,-3.0,-79.0
1777891542.2323325,1.0,-1.0,-75.0
1777891542.2423325,-2.0,-3.0,-67.0
1777891542.2523324,-5.0,0.0,-71.0
1777891542.2623324,0.0,2.0,-72.0
1777891542.2723324,-3.0,0.0,-72.0
1777891542.2823324,0.0,0.0,-77.0
1777891542.2923324,-1.0,0.0,-76.0
1777891542.3023324,2.0,3.0,-73.0
1777891542.3123324,0.0,4.0,-70.0
1777891542.3223324,-2.0,-1.0,-72.0
1777891542.3323324,-8.0,-7.0,-67.0
1777891542.3423324,-5.0,-3.0,-71.0
1777891542.3523324,-2.0,-5.0,-76.0
1777891542.3623323,-4.0,-9.0,-77.0
1777891542.3723323,-8.0,-7.0,-81.0
1777891542.3823323,-14.0,-8.0,-79.0
1777891542.3923323,-8.0,-4.0,-77.0
1777891542.4023323,-1.0,-3.0,-73.0
1777891542.4123323,-2.0,0.0,-66.0
1777891542.4223323,1.0,5.0,-66.0
1777891542.4323325,1.0,2.0,-66.0
1777891542.4423325,5.0,1.0,-67.0
1777891542.4523325,7.0,0.0,-72.0
1777891542.4623325,10.0,0.0,-71.0
1777891542.4723325,10.0,-3.0,-68.0
1777891542.4823325,8.0,-3.0,-77.0
1777891542.4923325,6.0,-2.0,-89.0
1777891542.5023324,1.0,2.0,-90.0
1777891542.5123324,-2.0,0.0,-87.0
1777891542.5223324,-4.0,-1.0,-80.0
1777891542.5323324,-5.0,-3.0,-76.0
1777891542.5423324,-5.0,0.0,-82.0
1777891542.5523324,-1.0,1.0,-81.0
1777891542.5623324,1.0,4.0,-79.0
1777891542.5723324,0.0,3.0,-77.0
1777891542.5823324,-3.0,0.0,-74.0
1777891542.5923324,-3.0,-1.0,-73.0
1777891542.6023324,-4.0,-3.0,-72.0
1777891542.6123323,-2.0,-3.0,-66.0
1777891542.6223323,-3.0,-3.0,-67.0
1777891542.6323323,-1.0,-3.0,-73.0
1777891542.6423323,0.0,-2.0,-76.0
1777891542.6523323,3.0,0.0,-77.0
1777891542.6623323,1.0,1.0,-69.0
1777891542.6723323,2.0,2.0,-70.0
1777891542.6823325,2.0,3.0,-72.0
1777891542.6923325,0.0,5.0,-75.0
1777891542.7023325,0.0,5.0,-72.0
1777891542.7123325,4.0,3.0,-68.0
1777891542.7223325,2.0,2.0,-67.0
1777891542.7323325,-2.0,3.0,-73.0
1777891542.7423325,0.0,5.0,-70.0
1777891542.7523324,-2.0,4.0,-65.0
1777891542.7623324,0.0,6.0,-61.0
1777891542.7723324,-4.0,5.0,-54.0
1777891542.7823324,0.0,1.0,-63.0
1777891542.7923324,2.0,0.0,-66.0
1777891542.8023324,-3.0,0.0,-71.0
1777891542.8123324,2.0,2.0,-75.0
1777891542.8223324,-1.0,0.0,-76.0
1777891542.8323324,3.0,2.0,-77.0
1777891542.8423324,-1.0,4.0,-78.0
1777891542.8523324,-4.0,6.0,-75.0
1777891542.8623323,-5.0,3.0,-78.0
1777891542.8723323,-4.0,4.0,-82.0
1777891542.8823323,-3.0,2.0,-82.0
1777891542.8923323,-6.0,4.0,-82.0
1777891542.9023323,-5.0,0.0,-84.0
1777891542.9123323,-7.0,-2.0,-80.0
1777891542.9223323,-8.0,-2.0,-74.0
1777891542.9323325,-2.0,0.0,-76.0
1777891542.9423325,-4.0,-1.0,-76.0
1777891542.9523325,-5.0,-1.0,-73.0
1777891542.9623325,0.0,-1.0,-74.0
1777891542.9723325,-2.0,-1.0,-77.0
1777891542.9823325,0.0,-4.0,-73.0
1777891542.9923325,3.0,-1.0,-68.0
1777891543.0023324,-2.0,-3.0,-63.0
1777891543.0123324,-2.0,-2.0,-67.0
1777891543.0223324,-2.0,1.0,-68.0
1777891543.0323324,0.0,4.0,-68.0
1777891543.0423324,0.0,5.0,-59.0
1777891543.0523324,-3.0,0.0,-67.0
1777891543.0623324,0.0,-1.0,-69.0
1777891543.0723324,0.0,-3.0,-69.0
1777891543.0823324,0.0,-5.0,-67.0
1777891543.0923324,0.0,-3.0,-73.0
1777891543.1023324,0.0,-1.0,-70.0
1777891543.1123323,-4.0,-2.0,-67.0
1777891543.1223323,-2.0,-6.0,-67.0
1777891543.1323323,-2.0,-8.0,-70.0
1777891543.1423323,-1.0,-6.0,-73.0
1777891543.1523323,-1.0,-6.0,-73.0
1777891543.1623323,-6.0,-7.0,-71.0
1777891543.1723323,-4.0,-4.0,-73.0
1777891543.1833324,-3.0,0.0,-74.0
1777891543.1933324,-1.0,0.0,-74.0
1777891543.2033324,0.0,1.0,-78.0
1777891543.2133324,4.0,2.0,-75.0
1777891543.2233324,1.0,0.0,-66.0
1777891543.2333324,3.0,-1.0,-74.0
1777891543.2433324,0.0,1.0,-75.0
1777891543.2533324,0.0,2.0,-67.0
1777891543.2633324,-1.0,3.0,-70.0
1777891543.2733324,-5.0,3.0,-74.0
1777891543.2833323,-5.0,6.0,-67.0
1777891543.2933323,-1.0,3.0,-69.0
1777891543.3033323,1.0,1.0,-81.0
1777891543.3133323,0.0,0.0,-85.0
1777891543.3233323,-2.0,1.0,-78.0
1777891543.3333323,-1.0,-2.0,-74.0
1777891543.3433323,-4.0,-7.0,-78.0
1777891543.3533323,0.0,-7.0,-78.0
1777891543.3633325,0.0,-5.0,-72.0
1777891543.3733325,-4.0,-2.0,-76.0
1777891543.3833325,0.0,0.0,-86.0
1777891543.3933325,-1.0,0.0,-82.0
1777891543.4033325,0.0,-1.0,-75.0
1777891543.4133325,3.0,-1.0,-74.0
1777891543.4243324,4.0,0.0,-75.0
1777891543.4333324,3.0,-2.0,-79.0
1777891543.4433324,4.0,0.0,-74.0
1777891543.4533324,0.0,2.0,-75.0
1777891543.4633324,-4.0,2.0,-74.0
1777891543.4733324,-7.0,4.0,-69.0
1777891543.4833324,0.0,0.0,-69.0
1777891543.4933324,5.0,-1.0,-71.0
1777891543.5033324,7.0,0.0,-69.0
1777891543.5133324,2.0,0.0,-73.0
1777891543.5233324,1.0,-1.0,-72.0
1777891543.5333323,0.0,-5.0,-71.0
1777891543.5433323,0.0,-4.0,-71.0
1777891543.5533323,0.0,-5.0,-75.0
1777891543.5633323,0.0,-4.0,-79.0
1777891543.5733323,-1.0,-2.0,-78.0
1777891543.5833323,-4.0,0.0,-77.0
1777891543.5933323,-1.0,2.0,-72.0
1777891543.6033323,1.0,2.0,-72.0
1777891543.6133325,3.0,-1.0,-73.0
1777891543.6233325,2.0,2.0,-78.0
1777891543.6333325,2.0,7.0,-77.0
1777891543.6433325,7.0,7.0,-71.0
1777891543.6533325,3.0,7.0,-76.0
1777891543.6633325,3.0,5.0,-80.0
1777891543.6733325,2.0,3.0,-82.0
1777891543.6833324,3.0,2.0,-79.0
1777891543.6933324,3.0,0.0,-82.0
1777891543.7033324,4.0,2.0,-77.0
1777891543.7133324,0.0,0.0,-77.0
1777891543.7233324,0.0,0.0,-73.0
1777891543.7333324,-3.0,4.0,-72.0
1777891543.7433324,-2.0,4.0,-82.0
1777891543.7533324,-3.0,0.0,-79.0
1777891543.7633324,-1.0,-5.0,-82.0
1777891543.7733324,-1.0,-7.0,-78.0
1777891543.7833323,-4.0,-9.0,-77.0
1777891543.7933323,-2.0,-8.0,-78.0
1777891543.8033323,0.0,-6.0,-79.0
1777891543.8133323,1.0,-7.0,-79.0
1777891543.8233323,-1.0,-3.0,-80.0
1777891543.8333323,-1.0,-3.0,-79.0
1777891543.8433323,-1.0,-4.0,-84.0
1777891543.8533323,-3.0,1.0,-85.0
1777891543.8633325,0.0,1.0,-83.0
1777891543.8733325,0.0,2.0,-75.0
1777891543.8833325,-3.0,5.0,-72.0
1777891543.8933325,-1.0,6.0,-75.0
1777891543.9033325,-1.0,5.0,-78.0
1777891543.9133325,-3.0,8.0,-76.0
1777891543.9233325,0.0,7.0,-74.0
1777891543.9333324,3.0,1.0,-72.0
1777891543.9433324,6.0,0.0,-72.0
1777891543.9533324,1.0,3.0,-78.0
1777891543.9633324,2.0,2.0,-82.0
1777891543.9733324,-2.0,2.0,-79.0
1777891543.9833324,-6.0,3.0,-79.0
1777891543.9933324,-6.0,5.0,-78.0
1777891544.0033324,-3.0,1.0,-73.0
1777891544.0133324,0.0,0.0,-72.0
1777891544.0233324,0.0,1.0,-68.0
1777891544.0333323,1.0,1.0,-67.0
1777891544.0433323,2.0,0.0,-77.0
1777891544.0533323,2.0,2.0,-73.0
1777891544.0633323,2.0,2.0,-75.0
1777891544.0733323,-2.0,1.0,-71.0
1777891544.0833323,0.0,0.0,-67.0
1777891544.0933323,6.0,5.0,-67.0
1777891544.1033323,7.0,4.0,-73.0
1777891544.1133325,5.0,2.0,-72.0
1777891544.1233325,1.0,2.0,-75.0
1777891544.1333325,-2.0,2.0,-74.0
1777891544.1433325,1.0,0.0,-77.0
1777891544.1533325,0.0,-1.0,-78.0
1777891544.1633325,2.0,0.0,-70.0
1777891544.1733325,4.0,-3.0,-69.0
1777891544.1833324,1.0,-1.0,-68.0
1777891544.1933324,1.0,8.0,-69.0
1777891544.2033324,-2.0,9.0,-76.0
1777891544.2133324,-3.0,3.0,-71.0
1777891544.2233324,-4.0,4.0,-70.0
1777891544.2333324,0.0,0.0,-80.0
1777891544.2433324,6.0,-3.0,-81.0
1777891544.2533324,-2.0,-5.0,-79.0
1777891544.2633324,-2.0,-5.0,-78.0
1777891544.2733324,-1.0,-3.0,-75.0
1777891544.2833323,-2.0,-2.0,-73.0
1777891544.2933323,0.0,0.0,-75.0
1777891544.3033323,-2.0,-2.0,-84.0
1777891544.3133323,-3.0,0.0,-84.0
1777891544.3233323,-4.0,1.0,-76.0
1777891544.3333323,-8.0,1.0,-77.0
1777891544.3433323,-7.0,-2.0,-79.0
1777891544.3533323,0.0,-2.0,-84.0
1777891544.3633325,2.0,-5.0,-84.0
1777891544.3733325,3.0,-8.0,-76.0
1777891544.3833325,8.0,-5.0,-69.0
1777891544.3933325,7.0,-4.0,-70.0
1777891544.4033325,8.0,-2.0,-68.0
1777891544.4133325,6.0,-3.0,-66.0
1777891544.4233325,4.0,-5.0,-71.0
1777891544.4333324,5.0,-5.0,-69.0
1777891544.4433324,2.0,-1.0,-67.0
1777891544.4533324,1.0,-1.0,-68.0
1777891544.4633324,5.0,-3.0,-71.0
1777891544.4733324,2.0,-5.0,-72.0
1777891544.4833324,0.0,-2.0,-75.0
1777891544.4933324,0.0,-1.0,-70.0
1777891544.5033324,-1.0,0.0,-72.0
1777891544.5133324,-2.0,0.0,-73.0
1777891544.5233324,2.0,0.0,-74.0
1777891544.5333323,5.0,-1.0,-71.0
1777891544.5433323,7.0,-3.0,-67.0
1777891544.5533323,7.0,-6.0,-74.0
1777891544.5633323,6.0,-7.0,-74.0
1777891544.5733323,6.0,-3.0,-67.0
1777891544.5833323,0.0,-3.0,-67.0
1777891544.5933323,2.0,0.0,-64.0
1777891544.6033323,2.0,1.0,-65.0
1777891544.6133325,2.0,-3.0,-71.0
1777891544.6233325,1.0,3.0,-69.0
1777891544.6333325,2.0,4.0,-67.0
1777891544.6433325,1.0,4.0,-61.0
1777891544.6533325,4.0,1.0,-71.0
1777891544.6633325,5.0,3.0,-71.0
1777891544.6733325,5.0,0.0,-72.0
1777891544.6833324,7.0,-7.0,-75.0
1777891544.6933324,3.0,-7.0,-78.0
1777891544.7033324,-5.0,-6.0,-73.0
1777891544.7133324,-4.0,-4.0,-69.0
1777891544.7233324,-9.0,-6.0,-66.0
1777891544.7333324,-3.0,-8.0,-71.0
1777891544.7433324,1.0,-4.0,-77.0
1777891544.7533324,3.0,-4.0,-73.0
1777891544.7633324,4.0,-5.0,-66.0
1777891544.7733324,6.0,-6.0,-68.0
1777891544.7833323,6.0,-5.0,-66.0
1777891544.7933323,10.0,-6.0,-67.0
1777891544.8033323,9.0,-3.0,-69.0
1777891544.8133323,8.0,-2.0,-69.0
1777891544.8233323,6.0,-2.0,-69.0
1777891544.8333323,5.0,-4.0,-67.0
1777891544.8433323,2.0,-4.0,-70.0
1777891544.8533323,-1.0,-4.0,-71.0
1777891544.8633325,1.0,-2.0,-73.0
1777891544.8733325,0.0,0.0,-76.0
1777891544.8833325,4.0,1.0,-80.0
1777891544.8933325,2.0,0.0,-84.0
1777891544.9033325,-1.0,-1.0,-80.0
1777891544.9133325,-2.0,-1.0,-78.0
1777891544.9233325,-2.0,-3.0,-77.0
1777891544.9333324,-1.0,-2.0,-75.0
1777891544.9433324,2.0,-3.0,-68.0
1777891544.9533324,1.0,-4.0,-67.0
1777891544.9633324,3.0,-2.0,-69.0
1777891544.9733324,3.0,-1.0,-72.0
1777891544.9833324,3.0,1.0,-75.0
1777891544.9933324,3.0,1.0,-76.0
1777891545.0033324,1.0,0.0,-68.0
1777891545.0133324,0.0,2.0,-64.0
1777891545.0233324,2.0,4.0,-63.0
1777891545.0333323,0.0,9.0,-70.0
1777891545.0433323,-1.0,5.0,-73.0
1777891545.0533323,2.0,4.0,-72.0
1777891545.0633323,4.0,6.0,-79.0
1777891545.0733323,4.0,7.0,-77.0
1777891545.0833323,3.0,5.0,-78.0
1777891545.0933323,5.0,2.0,-78.0
1777891545.1033323,0.0,0.0,-79.0
1777891545.1133325,-2.0,-3.0,-76.0
1777891545.1233325,-5.0,-6.0,-76.0
1777891545.1333325,0.0,-3.0,-71.0
1777891545.1433325,0.0,-3.0,-72.0
1777891545.1533325,3.0,-2.0,-70.0
1777891545.1633325,0.0,-4.0,-71.0
1777891545.1733325,0.0,-4.0,-74.0
1777891545.1833324,4.0,-5.0,-71.0
1777891545.1943324,6.0,-6.0,-69.0
1777891545.2033324,5.0,-1.0,-70.0
1777891545.2143323,5.0,-3.0,-75.0
1777891545.2243323,5.0,0.0,-77.0
1777891545.2343323,2.0,3.0,-81.0
1777891545.2443323,-3.0,6.0,-76.0
1777891545.2543323,-3.0,3.0,-74.0
1777891545.2643323,0.0,2.0,-71.0
1777891545.2743323,4.0,1.0,-67.0
1777891545.2843325,3.0,1.0,-69.0
1777891545.2943325,0.0,2.0,-72.0
1777891545.3043325,2.0,2.0,-73.0
1777891545.3143325,3.0,3.0,-76.0
1777891545.3243325,5.0,7.0,-75.0
1777891545.3343325,1.0,5.0,-74.0
1777891545.3443325,2.0,1.0,-72.0
1777891545.3543324,0.0,2.0,-66.0
1777891545.3643324,7.0,-2.0,-72.0
1777891545.3743324,6.0,-4.0,-68.0
1777891545.3843324,5.0,-2.0,-68.0
1777891545.3943324,4.0,0.0,-72.0
1777891545.4043324,0.0,0.0,-74.0
1777891545.4143324,1.0,-1.0,-71.0
1777891545.4243324,0.0,-2.0,-72.0
1777891545.4343324,0.0,0.0,-73.0
1777891545.4443324,-2.0,0.0,-76.0
1777891545.4543324,-3.0,0.0,-75.0
1777891545.4643323,0.0,3.0,-75.0
1777891545.4743323,-1.0,6.0,-75.0
1777891545.4843323,-7.0,9.0,-72.0
1777891545.4943323,-7.0,10.0,-67.0
1777891545.5043323,-9.0,5.0,-65.0
1777891545.5143323,-9.0,0.0,-62.0
1777891545.5243323,-10.0,-5.0,-62.0
1777891545.5343325,-8.0,-3.0,-70.0
1777891545.5443325,-9.0,-1.0,-76.0
1777891545.5543325,-7.0,1.0,-75.0
1777891545.5643325,-5.0,0.0,-76.0
1777891545.5743325,-4.0,5.0,-72.0
1777891545.5843325,-3.0,2.0,-73.0
1777891545.5943325,-5.0,0.0,-75.0
1777891545.6043324,-4.0,0.0,-75.0
1777891545.6143324,-2.0,0.0,-70.0
1777891545.6243324,-3.0,-3.0,-70.0
1777891545.6343324,-2.0,-2.0,-72.0
1777891545.6443324,1.0,-2.0,-77.0
1777891545.6543324,1.0,-1.0,-73.0
1777891545.6643324,1.0,5.0,-73.0
1777891545.6743324,-1.0,5.0,-73.0
1777891545.6843324,0.0,2.0,-70.0
1777891545.6943324,-4.0,2.0,-75.0
1777891545.7043324,-4.0,2.0,-78.0
1777891545.7143323,-4.0,3.0,-81.0
1777891545.7243323,-3.0,0.0,-74.0
1777891545.7343323,0.0,0.0,-69.0
1777891545.7443323,3.0,0.0,-78.0
1777891545.7543323,3.0,0.0,-77.0
1777891545.7643323,1.0,-1.0,-74.0
1777891545.7743323,2.0,-3.0,-69.0
1777891545.7843325,3.0,-5.0,-69.0
1777891545.7943325,0.0,-4.0,-71.0
1777891545.8043325,0.0,-5.0,-74.0
1777891545.8143325,1.0,-2.0,-81.0
1777891545.8243325,5.0,-5.0,-81.0
1777891545.8343325,3.0,-6.0,-76.0
1777891545.8443325,3.0,-4.0,-65.0
1777891545.8543324,2.0,-6.0,-73.0
1777891545.8643324,-1.0,-6.0,-72.0
1777891545.8743324,4.0,-7.0,-70.0
1777891545.8843324,2.0,-7.0,-71.0
1777891545.8943324,1.0,-10.0,-71.0
1777891545.9043324,0.0,-8.0,-70.0
1777891545.9143324,0.0,-1.0,-67.0
1777891545.9243324,1.0,3.0,-68.0
1777891545.9343324,2.0,2.0,-67.0
1777891545.9443324,0.0,-1.0,-69.0
1777891545.9543324,0.0,-2.0,-69.0
1777891545.9643323,2.0,0.0,-69.0
1777891545.9743323,5.0,0.0,-74.0
1777891545.9843323,4.0,-4.0,-76.0
1777891545.9943323,6.0,-7.0,-78.0
1777891546.0043323,8.0,-4.0,-82.0
1777891546.0143323,8.0,-3.0,-79.0
1777891546.0243323,6.0,-2.0,-79.0
1777891546.0343325,5.0,0.0,-74.0
1777891546.0443325,0.0,0.0,-75.0
1777891546.0543325,0.0,0.0,-74.0
1777891546.0643325,3.0,1.0,-70.0
1777891546.0743325,7.0,0.0,-82.0
1777891546.0843325,7.0,6.0,-77.0
1777891546.0943325,1.0,7.0,-74.0
1777891546.1043324,0.0,8.0,-75.0
1777891546.1143324,0.0,9.0,-79.0
1777891546.1243324,6.0,8.0,-77.0
1777891546.1343324,2.0,4.0,-74.0
1777891546.1443324,5.0,5.0,-80.0
1777891546.1543324,4.0,5.0,-82.0
1777891546.1643324,1.0,2.0,-76.0
1777891546.1743324,3.0,2.0,-76.0
1777891546.1843324,2.0,1.0,-72.0
1777891546.1943324,1.0,0.0,-76.0
1777891546.2043324,2.0,1.0,-68.0
1777891546.2143323,0.0,-1.0,-69.0
1777891546.2243323,0.0,-3.0,-69.0
1777891546.2343323,-3.0,-5.0,-70.0
1777891546.2443323,-6.0,-5.0,-76.0
1777891546.2543323,-9.0,-2.0,-84.0
1777891546.2643323,-7.0,-5.0,-79.0
1777891546.2743323,0.0,-6.0,-78.0
1777891546.2843325,2.0,-5.0,-69.0
1777891546.2943325,5.0,-3.0,-70.0
1777891546.3043325,4.0,-1.0,-73.0
1777891546.3143325,0.0,0.0,-70.0
1777891546.3243325,4.0,1.0,-68.0
1777891546.3343325,9.0,1.0,-72.0
1777891546.3443325,2.0,1.0,-66.0
1777891546.3543324,0.0,3.0,-69.0
1777891546.3643324,0.0,4.0,-72.0
1777891546.3743324,-2.0,0.0,-74.0
1777891546.3843324,-4.0,-4.0,-74.0
1777891546.3943324,-5.0,-1.0,-73.0
1777891546.4043324,-2.0,1.0,-77.0
1777891546.4143324,-4.0,2.0,-77.0
1777891546.4243324,-5.0,0.0,-75.0
1777891546.4343324,0.0,-3.0,-77.0
1777891546.4443324,3.0,-3.0,-79.0
1777891546.4543324,0.0,-4.0,-79.0
1777891546.4643323,0.0,0.0,-87.0
1777891546.4743323,-1.0,-2.0,-80.0
1777891546.4843323,0.0,-1.0,-73.0
1777891546.4943323,0.0,2.0,-74.0
1777891546.5043323,-5.0,-1.0,-71.0
1777891546.5143323,-9.0,0.0,-71.0
1777891546.5243323,-9.0,0.0,-64.0
1777891546.5343325,-5.0,0.0,-61.0
1777891546.5443325,0.0,0.0,-67.0
1777891546.5543325,0.0,1.0,-68.0
1777891546.5643325,-2.0,0.0,-68.0
1777891546.5743325,2.0,-1.0,-71.0
1777891546.5843325,3.0,-3.0,-69.0
1777891546.5943325,2.0,-1.0,-70.0
1777891546.6043324,2.0,0.0,-70.0
1777891546.6143324,3.0,-1.0,-78.0
1777891546.6243324,0.0,-5.0,-81.0
1777891546.6343324,1.0,-4.0,-78.0
1777891546.6443324,5.0,-3.0,-86.0
1777891546.6543324,5.0,-3.0,-79.0
1777891546.6643324,9.0,-4.0,-79.0
1777891546.6743324,8.0,-3.0,-71.0
1777891546.6843324,6.0,-1.0,-69.0
1777891546.6943324,9.0,-3.0,-67.0
1777891546.7043324,13.0,-1.0,-66.0
1777891546.7143323,9.0,-3.0,-66.0
1777891546.7243323,2.0,-3.0,-69.0
1777891546.7343323,0.0,-4.0,-68.0
1777891546.7443323,-3.0,-5.0,-71.0
1777891546.7543323,-2.0,-3.0,-71.0
1777891546.7643323,-6.0,-3.0,-78.0
1777891546.7743323,-9.0,-4.0,-78.0
1777891546.7843325,-6.0,-5.0,-75.0
1777891546.7943325,-2.0,-6.0,-76.0
1777891546.8043325,-2.0,-6.0,-76.0
1777891546.8143325,-1.0,-6.0,-73.0
1777891546.8243325,-3.0,-3.0,-74.0
1777891546.8343325,-2.0,-5.0,-73.0
1777891546.8443325,-4.0,-5.0,-80.0
1777891546.8543324,-4.0,-9.0,-80.0
1777891546.8643324,-1.0,-12.0,-80.0
1777891546.8743324,-3.0,-12.0,-76.0
1777891546.8843324,-3.0,-13.0,-73.0
1777891546.8943324,-1.0,-12.0,-73.0
1777891546.9043324,0.0,-11.0,-73.0
1777891546.9143324,0.0,-5.0,-76.0
1777891546.9243324,-2.0,0.0,-78.0
1777891546.9343324,-4.0,-5.0,-81.0
1777891546.9443324,-4.0,-8.0,-80.0
1777891546.9543324,0.0,-7.0,-81.0
1777891546.9643323,1.0,-5.0,-83.0
1777891546.9743323,4.0,-5.0,-83.0
1777891546.9843323,11.0,0.0,-81.0
1777891546.9943323,15.0,-1.0,-78.0
1777891547.0043323,15.0,-1.0,-80.0
1777891547.0143323,12.0,-3.0,-78.0
1777891547.0243323,10.0,-2.0,-74.0
1777891547.0343325,8.0,-1.0,-74.0
1777891547.0443325,4.0,-4.0,-77.0
1777891547.0543325,1.0,-4.0,-80.0
1777891547.0643325,0.0,0.0,-76.0
1777891547.0743325,1.0,-4.0,-73.0
1777891547.0843325,0.0,-6.0,-74.0
1777891547.0943325,-1.0,-6.0,-71.0
1777891547.1043324,0.0,0.0,-70.0
1777891547.1143324,0.0,2.0,-70.0
1777891547.1243324,-2.0,1.0,-69.0
1777891547.1353323,0.0,3.0,-62.0
1777891547.1443324,5.0,10.0,-60.0
1777891547.1543324,7.0,6.0,-71.0
1777891547.1653323,6.0,2.0,-72.0
1777891547.1753323,7.0,-1.0,-69.0
1777891547.1853323,6.0,-1.0,-64.0
1777891547.1953323,3.0,1.0,-60.0
1777891547.2053325,1.0,0.0,-60.0
1777891547.2153325,4.0,0.0,-62.0
1777891547.2253325,2.0,2.0,-62.0
1777891547.2353325,1.0,0.0,-67.0
1777891547.2453325,1.0,0.0,-65.0
1777891547.2553325,4.0,2.0,-67.0
1777891547.2653325,2.0,1.0,-65.0
1777891547.2753325,0.0,3.0,-63.0
1777891547.2853324,0.0,7.0,-66.0
1777891547.2953324,-2.0,3.0,-71.0
1777891547.3053324,2.0,0.0,-75.0
1777891547.3153324,4.0,-3.0,-73.0
1777891547.3253324,4.0,-5.0,-76.0
1777891547.3353324,0.0,-4.0,-80.0
1777891547.3453324,4.0,-4.0,-84.0
1777891547.3553324,4.0,-4.0,-79.0
1777891547.3653324,2.0,-1.0,-77.0
1777891547.3753324,-2.0,0.0,-76.0
1777891547.3853323,0.0,-2.0,-75.0
1777891547.3953323,0.0,-2.0,-69.0
1777891547.4053323,-2.0,-1.0,-71.0
1777891547.4153323,1.0,3.0,-79.0
1777891547.4253323,0.0,2.0,-86.0
1777891547.4353323,1.0,0.0,-78.0
1777891547.4453323,1.0,0.0,-69.0
1777891547.4553325,0.0,0.0,-68.0
1777891547.4653325,-5.0,-1.0,-67.0
1777891547.4753325,-8.0,-4.0,-69.0
1777891547.4853325,-1.0,-4.0,-73.0
1777891547.4953325,0.0,-5.0,-74.0
1777891547.5053325,3.0,-1.0,-71.0
1777891547.5153325,0.0,-2.0,-68.0
1777891547.5253325,0.0,-5.0,-70.0
1777891547.5353324,4.0,-2.0,-75.0
1777891547.5453324,7.0,0.0,-70.0
1777891547.5553324,9.0,0.0,-75.0
1777891547.5653324,5.0,-2.0,-75.0
1777891547.5753324,3.0,-1.0,-80.0
1777891547.5853324,0.0,4.0,-82.0
1777891547.5953324,0.0,4.0,-83.0
1777891547.6053324,2.0,3.0,-82.0
1777891547.6153324,1.0,5.0,-78.0
1777891547.6253324,5.0,3.0,-76.0
1777891547.6353323,5.0,0.0,-77.0
1777891547.6453323,0.0,0.0,-75.0
1777891547.6553323,1.0,0.0,-70.0
1777891547.6653323,1.0,1.0,-72.0
1777891547.6753323,0.0,4.0,-73.0
1777891547.6853323,-1.0,3.0,-77.0
1777891547.6953323,-4.0,1.0,-73.0
1777891547.7053325,0.0,3.0,-71.0
1777891547.7153325,0.0,5.0,-68.0
1777891547.7253325,3.0,3.0,-74.0
1777891547.7353325,7.0,-1.0,-79.0
1777891547.7453325,0.0,-3.0,-79.0
1777891547.7553325,-3.0,0.0,-78.0
1777891547.7653325,-5.0,4.0,-72.0
1777891547.7753325,-4.0,4.0,-75.0
1777891547.7853324,-2.0,5.0,-73.0
1777891547.7953324,2.0,5.0,-71.0
1777891547.8053324,2.0,4.0,-71.0
1777891547.8153324,0.0,0.0,-70.0
1777891547.8253324,-1.0,1.0,-70.0
1777891547.8353324,0.0,0.0,-75.0
1777891547.8453324,0.0,-1.0,-75.0
1777891547.8553324,-3.0,-1.0,-78.0
1777891547.8653324,0.0,0.0,-79.0
1777891547.8753324,3.0,-1.0,-77.0
1777891547.8853323,0.0,1.0,-79.0
1777891547.8953323,0.0,1.0,-77.0
1777891547.9053323,0.0,1.0,-73.0
1777891547.9153323,2.0,0.0,-65.0
1777891547.9253323,0.0,-1.0,-64.0
1777891547.9353323,0.0,-2.0,-61.0
1777891547.9453323,0.0,0.0,-61.0
1777891547.9553325,1.0,2.0,-60.0
1777891547.9653325,6.0,4.0,-62.0
1777891547.9753325,8.0,6.0,-67.0
1777891547.9853325,5.0,0.0,-64.0
1777891547.9953325,6.0,2.0,-74.0
1777891548.0053325,2.0,-5.0,-74.0
1777891548.0153325,1.0,-4.0,-75.0
1777891548.0253325,-3.0,-5.0,-78.0
1777891548.0353324,-1.0,-7.0,-79.0
1777891548.0453324,-1.0,-2.0,-81.0
1777891548.0553324,0.0,0.0,-85.0
1777891548.0653324,3.0,0.0,-89.0
1777891548.0753324,0.0,-4.0,-88.0
1777891548.0853324,3.0,1.0,-87.0
1777891548.0953324,2.0,1.0,-82.0
1777891548.1053324,0.0,-1.0,-79.0
1777891548.1153324,-2.0,3.0,-81.0
1777891548.1253324,-1.0,5.0,-78.0
1777891548.1353323,0.0,3.0,-78.0
1777891548.1453323,2.0,1.0,-75.0
1777891548.1553323,6.0,2.0,-75.0
1777891548.1653323,1.0,3.0,-81.0
1777891548.1753323,2.0,0.0,-84.0
1777891548.1853323,6.0,-4.0,-76.0
1777891548.1953323,8.0,-1.0,-72.0
1777891548.2053325,10.0,-3.0,-80.0
1777891548.2153325,9.0,-3.0,-87.0
1777891548.2253325,8.0,-1.0,-87.0
1777891548.2353325,3.0,-5.0,-85.0
1777891548.2453325,0.0,-2.0,-86.0
1777891548.2553325,0.0,-1.0,-87.0
1777891548.2653325,1.0,2.0,-87.0
1777891548.2753325,1.0,2.0,-80.0
1777891548.2853324,7.0,0.0,-82.0
1777891548.2953324,6.0,0.0,-83.0
1777891548.3053324,6.0,2.0,-85.0
1777891548.3153324,7.0,-2.0,-80.0
1777891548.3253324,10.0,-4.0,-80.0
1777891548.3353324,9.0,-5.0,-81.0
1777891548.3453324,7.0,-7.0,-80.0
1777891548.3553324,6.0,-9.0,-79.0
1777891548.3653324,1.0,-6.0,-78.0
1777891548.3753324,-1.0,-8.0,-85.0
1777891548.3853323,-2.0,-8.0,-87.0
1777891548.3953323,0.0,-9.0,-82.0
1777891548.4053323,0.0,-5.0,-84.0
1777891548.4153323,1.0,-6.0,-80.0
1777891548.4253323,0.0,-5.0,-74.0
1777891548.4353323,0.0,-8.0,-78.0
1777891548.4453323,0.0,-5.0,-79.0
1777891548.4553325,1.0,-4.0,-74.0
1777891548.4653325,2.0,0.0,-72.0
1777891548.4753325,0.0,0.0,-69.0
1777891548.4853325,-1.0,1.0,-71.0
1777891548.4953325,-1.0,4.0,-76.0
1777891548.5053325,-3.0,6.0,-78.0
1777891548.5153325,-6.0,5.0,-73.0
1777891548.5253325,-6.0,7.0,-72.0
1777891548.5353324,-6.0,3.0,-69.0
1777891548.5453324,-5.0,-1.0,-68.0
1777891548.5553324,-2.0,-1.0,-66.0
1777891548.5653324,0.0,-4.0,-71.0
1777891548.5753324,-1.0,-2.0,-72.0
1777891548.5853324,-2.0,-3.0,-76.0
1777891548.5953324,5.0,-9.0,-70.0
1777891548.6053324,0.0,-12.0,-70.0
1777891548.6153324,-1.0,-8.0,-69.0
1777891548.6253324,0.0,-2.0,-72.0
1777891548.6353323,-1.0,0.0,-78.0
1777891548.6453323,0.0,2.0,-77.0
1777891548.6553323,0.0,6.0,-73.0
1777891548.6653323,0.0,5.0,-79.0
1777891548.6753323,0.0,6.0,-78.0
1777891548.6853323,0.0,5.0,-79.0
1777891548.6953323,3.0,1.0,-81.0
1777891548.7053325,-3.0,0.0,-74.0
1777891548.7153325,0.0,-3.0,-72.0
1777891548.7253325,0.0,-1.0,-74.0
1777891548.7353325,-5.0,0.0,-74.0
1777891548.7453325,-4.0,1.0,-67.0
1777891548.7553325,1.0,1.0,-65.0
1777891548.7653325,2.0,-2.0,-58.0
1777891548.7753325,2.0,-2.0,-58.0
1777891548.7853324,2.0,2.0,-62.0
1777891548.7953324,2.0,3.0,-68.0
1777891548.8053324,-4.0,2.0,-72.0
1777891548.8153324,-6.0,3.0,-73.0
1777891548.8253324,-6.0,0.0,-74.0
1777891548.8353324,-4.0,3.0,-82.0
1777891548.8453324,-6.0,3.0,-81.0
1777891548.8553324,-4.0,1.0,-80.0
1777891548.8653324,-2.0,2.0,-76.0
1777891548.8753324,0.0,0.0,-74.0
1777891548.8853323,1.0,1.0,-72.0
1777891548.8953323,2.0,3.0,-66.0
1777891548.9053323,0.0,4.0,-68.0
1777891548.9153323,-3.0,5.0,-69.0
1777891548.9253323,-3.0,2.0,-64.0
1777891548.9353323,-5.0,4.0,-60.0
1777891548.9453323,1.0,3.0,-69.0
1777891548.9553325,1.0,2.0,-70.0
1777891548.9653325,4.0,1.0,-71.0
1777891548.9753325,4.0,3.0,-72.0
1777891548.9853325,6.0,2.0,-67.0
1777891548.9953325,0.0,0.0,-68.0
1777891549.0053325,-1.0,0.0,-67.0
1777891549.0153325,2.0,0.0,-71.0
1777891549.0253325,6.0,0.0,-67.0
1777891549.0353324,1.0,1.0,-67.0
1777891549.0453324,3.0,0.0,-70.0
1777891549.0553324,3.0,-8.0,-70.0
1777891549.0653324,4.0,-9.0,-72.0
1777891549.0753324,0.0,-10.0,-69.0
1777891549.0853324,1.0,-8.0,-74.0
1777891549.0953324,2.0,0.0,-75.0
1777891549.1053324,0.0,-4.0,-64.0
1777891549.1153324,-1.0,-1.0,-65.0
1777891549.1253324,-5.0,-3.0,-69.0
1777891549.1353323,0.0,-4.0,-67.0
1777891549.1453323,0.0,-2.0,-72.0
1777891549.1563325,-5.0,-2.0,-69.0
1777891549.1663325,-4.0,0.0,-64.0
1777891549.1753323,0.0,-2.0,-69.0
1777891549.1863325,1.0,0.0,-71.0
1777891549.1953323,0.0,-1.0,-66.0
1777891549.2063324,-2.0,-4.0,-68.0
1777891549.2163324,-5.0,-7.0,-73.0
1777891549.2263324,-6.0,-9.0,-77.0
1777891549.2363324,-9.0,-7.0,-74.0
1777891549.2453325,-7.0,-7.0,-73.0
1777891549.2563324,-5.0,-4.0,-70.0
1777891549.2663324,-4.0,-9.0,-69.0
1777891549.2763324,-2.0,-3.0,-71.0
1777891549.2863324,-2.0,1.0,-70.0
1777891549.2963324,-3.0,3.0,-70.0
1777891549.3063323,-8.0,7.0,-64.0
1777891549.3163323,-8.0,7.0,-68.0
1777891549.3263323,-2.0,6.0,-77.0
1777891549.3363323,-4.0,4.0,-82.0
1777891549.3463323,-4.0,1.0,-72.0
1777891549.3563323,-5.0,0.0,-71.0
1777891549.3663323,-4.0,0.0,-65.0
1777891549.3763323,-2.0,0.0,-61.0
1777891549.3863325,-2.0,-2.0,-65.0
1777891549.3963325,-4.0,-4.0,-64.0
1777891549.4063325,-3.0,-2.0,-66.0
1777891549.4163325,0.0,2.0,-71.0
1777891549.4263325,0.0,4.0,-70.0
1777891549.4363325,-5.0,6.0,-69.0
1777891549.4463325,-4.0,9.0,-71.0
1777891549.4563324,-4.0,7.0,-63.0
1777891549.4663324,-4.0,8.0,-57.0
1777891549.4763324,-2.0,8.0,-60.0
1777891549.4863324,1.0,9.0,-58.0
1777891549.4963324,1.0,9.0,-59.0
1777891549.5063324,-1.0,9.0,-62.0
1777891549.5163324,0.0,7.0,-64.0
1777891549.5263324,0.0,5.0,-71.0
1777891549.5363324,-1.0,4.0,-72.0
1777891549.5463324,-1.0,5.0,-75.0
1777891549.5563323,0.0,2.0,-78.0
1777891549.5663323,3.0,1.0,-77.0
1777891549.5763323,3.0,1.0,-71.0
1777891549.5863323,6.0,-1.0,-74.0
1777891549.5963323,4.0,3.0,-76.0
1777891549.6063323,1.0,3.0,-82.0
1777891549.6163323,0.0,5.0,-91.0
1777891549.6263323,3.0,1.0,-93.0
1777891549.6363325,1.0,3.0,-86.0
1777891549.6463325,0.0,0.0,-92.0
1777891549.6563325,0.0,-4.0,-81.0
1777891549.6663325,-1.0,-5.0,-80.0
1777891549.6763325,0.0,-5.0,-74.0
1777891549.6863325,0.0,-8.0,-75.0
1777891549.6963325,0.0,-9.0,-70.0
1777891549.7063324,4.0,-8.0,-73.0
1777891549.7163324,6.0,-8.0,-78.0
1777891549.7263324,5.0,-9.0,-78.0
1777891549.7363324,3.0,-7.0,-77.0
1777891549.7463324,0.0,-5.0,-75.0
1777891549.7563324,0.0,-6.0,-78.0
1777891549.7663324,6.0,-3.0,-75.0
1777891549.7763324,7.0,-3.0,-73.0
1777891549.7863324,8.0,0.0,-76.0
1777891549.7963324,5.0,0.0,-71.0
1777891549.8063323,5.0,-1.0,-64.0
1777891549.8163323,4.0,-1.0,-71.0
1777891549.8263323,2.0,-2.0,-75.0
1777891549.8363323,5.0,2.0,-71.0
1777891549.8463323,1.0,1.0,-69.0
1777891549.8563323,1.0,-1.0,-72.0
1777891549.8663323,5.0,0.0,-69.0
1777891549.8763323,3.0,2.0,-65.0
1777891549.8863325,9.0,1.0,-65.0
1777891549.8963325,7.0,2.0,-68.0
1777891549.9063325,7.0,1.0,-70.0
1777891549.9163325,7.0,2.0,-78.0
1777891549.9263325,6.0,0.0,-73.0
1777891549.9363325,2.0,2.0,-70.0
1777891549.9463325,7.0,5.0,-72.0
1777891549.9563324,5.0,2.0,-74.0
1777891549.9663324,5.0,6.0,-79.0
1777891549.9763324,10.0,5.0,-72.0
1777891549.9863324,10.0,3.0,-77.0
1777891549.9963324,8.0,-1.0,-85.0
1777891550.0063324,8.0,1.0,-84.0
1777891550.0163324,7.0,0.0,-77.0
1777891550.0263324,4.0,-2.0,-77.0
1777891550.0363324,7.0,-2.0,-72.0
1777891550.0463324,6.0,-1.0,-74.0
1777891550.0563323,4.0,-4.0,-79.0
1777891550.0663323,7.0,0.0,-75.0
1777891550.0763323,5.0,-1.0,-75.0
1777891550.0863323,4.0,-4.0,-70.0
1777891550.0963323,3.0,-3.0,-74.0
1777891550.1063323,0.0,-4.0,-78.0
1777891550.1163323,-2.0,-5.0,-85.0
1777891550.1263323,-2.0,-5.0,-81.0
1777891550.1363325,3.0,-2.0,-79.0
1777891550.1463325,4.0,-2.0,-82.0
1777891550.1563325,3.0,-4.0,-83.0
1777891550.1663325,0.0,-6.0,-80.0
1777891550.1763325,0.0,-6.0,-81.0
1777891550.1863325,-5.0,-6.0,-80.0
1777891550.1963325,-6.0,-7.0,-81.0
1777891550.2063324,-5.0,-9.0,-86.0
1777891550.2163324,-4.0,-8.0,-79.0
1777891550.2263324,-7.0,-13.0,-76.0
1777891550.2363324,-6.0,-10.0,-80.0
1777891550.2463324,-3.0,-6.0,-80.0
1777891550.2563324,-4.0,-3.0,-82.0
1777891550.2663324,0.0,-4.0,-81.0
1777891550.2763324,-1.0,-6.0,-87.0
1777891550.2863324,0.0,-3.0,-92.0
1777891550.2963324,-4.0,-4.0,-86.0
1777891550.3063323,-4.0,-2.0,-90.0
1777891550.3163323,-7.0,0.0,-84.0
1777891550.3263323,-5.0,-4.0,-82.0
1777891550.3363323,-2.0,-4.0,-80.0
1777891550.3463323,0.0,1.0,-70.0
1777891550.3563323,3.0,3.0,-76.0
1777891550.3663323,0.0,2.0,-70.0
1777891550.3763323,-4.0,1.0,-70.0
1777891550.3863325,-3.0,0.0,-67.0
1777891550.3963325,0.0,-1.0,-75.0
1777891550.4063325,-3.0,1.0,-78.0
1777891550.4163325,-6.0,1.0,-83.0
1777891550.4263325,-1.0,-3.0,-85.0
1777891550.4363325,0.0,-2.0,-81.0
1777891550.4463325,0.0,1.0,-80.0
1777891550.4563324,0.0,-1.0,-75.0
1777891550.4663324,0.0,-2.0,-67.0
1777891550.4763324,-1.0,-3.0,-72.0
1777891550.4863324,0.0,0.0,-80.0
1777891550.4963324,-1.0,-2.0,-79.0
1777891550.5063324,-6.0,0.0,-78.0
1777891550.5163324,-6.0,0.0,-80.0
1777891550.5263324,-5.0,-3.0,-73.0
1777891550.5363324,-3.0,0.0,-70.0
1777891550.5463324,-2.0,0.0,-70.0
1777891550.5563323,2.0,-2.0,-73.0
1777891550.5663323,4.0,-3.0,-64.0
1777891550.5763323,4.0,-2.0,-65.0
1777891550.5863323,7.0,0.0,-68.0
1777891550.5963323,9.0,1.0,-71.0
1777891550.6063323,7.0,1.0,-75.0
1777891550.6163323,6.0,2.0,-79.0
1777891550.6263323,4.0,4.0,-76.0
1777891550.6363325,0.0,0.0,-70.0
1777891550.6463325,-4.0,0.0,-69.0
1777891550.6563325,-2.0,0.0,-69.0
1777891550.6663325,-2.0,0.0,-73.0
1777891550.6763325,-3.0,6.0,-71.0
1777891550.6863325,-1.0,8.0,-69.0
1777891550.6963325,1.0,1.0,-68.0
1777891550.7063324,2.0,-2.0,-61.0
1777891550.7163324,-2.0,0.0,-66.0
1777891550.7263324,-2.0,-1.0,-68.0
1777891550.7363324,-2.0,1.0,-72.0
1777891550.7463324,-1.0,0.0,-74.0
1777891550.7563324,3.0,0.0,-70.0
1777891550.7663324,3.0,1.0,-69.0
1777891550.7763324,2.0,5.0,-70.0
1777891550.7863324,5.0,3.0,-73.0
1777891550.7973323,5.0,9.0,-74.0
1777891550.8063323,4.0,11.0,-74.0
1777891550.8163323,2.0,3.0,-72.0
1777891550.8263323,0.0,1.0,-71.0
1777891550.8363323,-2.0,1.0,-65.0
1777891550.8463323,0.0,1.0,-65.0
1777891550.8563323,0.0,4.0,-64.0
1777891550.8663323,2.0,0.0,-69.0
1777891550.8763323,1.0,-2.0,-72.0
1777891550.8863325,0.0,-1.0,-75.0
1777891550.8963325,0.0,-2.0,-69.0
1777891550.9063325,-2.0,-2.0,-62.0
1777891550.9163325,-8.0,0.0,-70.0
1777891550.9263325,-3.0,2.0,-68.0
1777891550.9363325,1.0,1.0,-65.0
1777891550.9463325,-2.0,1.0,-73.0
1777891550.9563324,0.0,1.0,-77.0
1777891550.9663324,2.0,0.0,-72.0
1777891550.9763324,2.0,5.0,-79.0
1777891550.9863324,3.0,2.0,-72.0
1777891550.9963324,4.0,1.0,-70.0
1777891551.0063324,7.0,0.0,-65.0
1777891551.0163324,8.0,0.0,-62.0
1777891551.0263324,9.0,3.0,-58.0
1777891551.0363324,5.0,0.0,-57.0
1777891551.0463324,2.0,-1.0,-57.0
1777891551.0563323,-2.0,-1.0,-54.0
1777891551.0663323,-6.0,0.0,-57.0
1777891551.0763323,-3.0,-2.0,-58.0
1777891551.0863323,0.0,0.0,-56.0
1777891551.0963323,-5.0,3.0,-55.0
1777891551.1063323,-2.0,1.0,-57.0
1777891551.1163323,-3.0,3.0,-59.0
1777891551.1263323,-6.0,2.0,-59.0
1777891551.1363325,-6.0,4.0,-64.0
1777891551.1463325,-7.0,2.0,-69.0
1777891551.1573324,-10.0,-1.0,-73.0
1777891551.1673324,-7.0,-2.0,-75.0
1777891551.1773324,-2.0,-1.0,-80.0
1777891551.1873324,-2.0,-1.0,-76.0
1777891551.1973324,0.0,0.0,-70.0
1777891551.2073324,3.0,-1.0,-73.0
1777891551.2173324,5.0,1.0,-73.0
1777891551.2273324,5.0,2.0,-72.0
1777891551.2373323,1.0,6.0,-74.0
1777891551.2473323,3.0,3.0,-66.0
1777891551.2573323,4.0,3.0,-68.0
1777891551.2673323,4.0,1.0,-66.0
1777891551.2773323,6.0,0.0,-61.0
1777891551.2873323,3.0,1.0,-64.0
1777891551.2973323,5.0,1.0,-62.0
1777891551.3073325,3.0,4.0,-65.0
1777891551.3173325,4.0,0.0,-68.0
1777891551.3273325,8.0,5.0,-72.0
1777891551.3373325,8.0,4.0,-71.0
1777891551.3473325,5.0,7.0,-65.0
1777891551.3573325,2.0,6.0,-69.0
1777891551.3673325,2.0,5.0,-72.0
1777891551.3773324,-3.0,4.0,-68.0
1777891551.3873324,-4.0,2.0,-70.0
1777891551.3973324,-6.0,0.0,-70.0
1777891551.4073324,-4.0,-1.0,-72.0
1777891551.4173324,0.0,2.0,-77.0
1777891551.4273324,2.0,3.0,-69.0
1777891551.4373324,6.0,-1.0,-75.0
1777891551.4473324,8.0,-3.0,-70.0
1777891551.4573324,8.0,-5.0,-69.0
1777891551.4673324,6.0,-5.0,-72.0
1777891551.4773324,5.0,-1.0,-76.0
1777891551.4873323,0.0,0.0,-74.0
1777891551.4973323,0.0,-4.0,-67.0
1777891551.5073323,-5.0,-4.0,-69.0
1777891551.5173323,-2.0,-3.0,-71.0
1777891551.5273323,-7.0,1.0,-74.0
1777891551.5373323,-5.0,0.0,-65.0
1777891551.5473323,-1.0,-5.0,-61.0
1777891551.5573325,-3.0,-6.0,-63.0
1777891551.5673325,-6.0,-5.0,-65.0
1777891551.5773325,-6.0,-2.0,-69.0
1777891551.5873325,-4.0,-4.0,-64.0
1777891551.5973325,-2.0,-3.0,-74.0
1777891551.6073325,1.0,-3.0,-74.0
1777891551.6173325,6.0,0.0,-77.0
1777891551.6273324,5.0,1.0,-81.0
1777891551.6373324,7.0,-1.0,-77.0
1777891551.6473324,7.0,-2.0,-78.0
1777891551.6573324,7.0,1.0,-78.0
1777891551.6673324,7.0,6.0,-80.0
1777891551.6773324,9.0,3.0,-83.0
1777891551.6873324,7.0,0.0,-82.0
1777891551.6973324,2.0,0.0,-84.0
1777891551.7073324,4.0,0.0,-82.0
1777891551.7173324,0.0,0.0,-79.0
1777891551.7273324,5.0,-2.0,-76.0
1777891551.7373323,3.0,0.0,-76.0
1777891551.7473323,3.0,3.0,-75.0
1777891551.7573323,1.0,2.0,-74.0
1777891551.7673323,4.0,3.0,-70.0
1777891551.7773323,6.0,2.0,-73.0
1777891551.7873323,1.0,2.0,-74.0
1777891551.7973323,2.0,1.0,-73.0
1777891551.8073325,4.0,1.0,-71.0
1777891551.8173325,3.0,0.0,-74.0
1777891551.8273325,0.0,1.0,-75.0
1777891551.8373325,3.0,0.0,-75.0
1777891551.8473325,6.0,-2.0,-79.0
1777891551.8573325,6.0,0.0,-83.0
1777891551.8673325,8.0,0.0,-84.0
1777891551.8773324,4.0,0.0,-80.0
1777891551.8873324,3.0,0.0,-75.0
1777891551.8973324,1.0,0.0,-71.0
1777891551.9073324,2.0,1.0,-74.0
1777891551.9173324,6.0,-4.0,-80.0
1777891551.9273324,5.0,-5.0,-68.0
1777891551.9373324,1.0,-4.0,-62.0
1777891551.9473324,-2.0,-3.0,-56.0
1777891551.9573324,-3.0,-4.0,-64.0
1777891551.9673324,0.0,-3.0,-70.0
1777891551.9773324,0.0,-2.0,-76.0
1777891551.9873323,0.0,-6.0,-79.0
1777891551.9973323,4.0,-1.0,-76.0
1777891552.0073323,2.0,-4.0,-79.0
1777891552.0173323,4.0,-2.0,-84.0
1777891552.0273323,7.0,-1.0,-79.0
1777891552.0373323,8.0,0.0,-73.0
1777891552.0473323,5.0,1.0,-76.0
1777891552.0573325,5.0,0.0,-77.0
1777891552.0673325,3.0,-6.0,-78.0
1777891552.0773325,6.0,-3.0,-76.0
1777891552.0873325,4.0,-3.0,-84.0
1777891552.0973325,3.0,-4.0,-85.0
1777891552.1073325,1.0,-2.0,-83.0
1777891552.1173325,-1.0,-2.0,-81.0
1777891552.1273324,1.0,1.0,-78.0
1777891552.1373324,3.0,3.0,-79.0
1777891552.1473324,5.0,7.0,-79.0
1777891552.1573324,7.0,4.0,-80.0
1777891552.1673324,6.0,6.0,-84.0
1777891552.1773324,2.0,6.0,-81.0
1777891552.1873324,3.0,5.0,-78.0
1777891552.1973324,3.0,4.0,-74.0
1777891552.2073324,0.0,7.0,-70.0
1777891552.2173324,1.0,5.0,-79.0
1777891552.2273324,2.0,0.0,-78.0
1777891552.2373323,3.0,-1.0,-70.0
1777891552.2473323,-1.0,0.0,-63.0
1777891552.2573323,1.0,0.0,-68.0
1777891552.2673323,4.0,2.0,-65.0
1777891552.2773323,2.0,1.0,-67.0
1777891552.2873323,2.0,2.0,-69.0
1777891552.2973323,0.0,-2.0,-67.0
1777891552.3073325,2.0,-5.0,-70.0
1777891552.3173325,1.0,-4.0,-67.0
1777891552.3273325,0.0,-5.0,-71.0
1777891552.3373325,-2.0,0.0,-70.0
1777891552.3473325,2.0,2.0,-74.0
1777891552.3573325,4.0,0.0,-77.0
1777891552.3673325,0.0,1.0,-74.0
1777891552.3773324,1.0,2.0,-75.0
1777891552.3873324,0.0,7.0,-71.0
1777891552.3973324,0.0,7.0,-75.0
1777891552.4073324,-5.0,6.0,-79.0
1777891552.4173324,-3.0,5.0,-75.0
1777891552.4273324,-3.0,4.0,-81.0
1777891552.4373324,-1.0,-1.0,-76.0
1777891552.4473324,-1.0,-5.0,-74.0
1777891552.4573324,1.0,-6.0,-75.0
1777891552.4673324,4.0,-7.0,-72.0
1777891552.4773324,3.0,-7.0,-78.0
1777891552.4873323,-1.0,-5.0,-81.0
1777891552.4973323,-4.0,-5.0,-81.0
1777891552.5073323,-8.0,-4.0,-71.0
1777891552.5173323,-6.0,-6.0,-63.0
1777891552.5273323,-5.0,-6.0,-67.0
1777891552.5373323,-12.0,-8.0,-70.0
1777891552.5473323,-7.0,-8.0,-74.0
1777891552.5573325,-3.0,-5.0,-75.0
1777891552.5673325,-3.0,-1.0,-82.0
1777891552.5773325,-3.0,0.0,-82.0
1777891552.5873325,0.0,-1.0,-84.0
1777891552.5973325,0.0,0.0,-80.0
1777891552.6073325,0.0,0.0,-81.0
1777891552.6173325,0.0,0.0,-78.0
1777891552.6273324,-1.0,1.0,-83.0
1777891552.6373324,-1.0,1.0,-80.0
1777891552.6473324,1.0,0.0,-78.0
1777891552.6573324,4.0,0.0,-78.0
1777891552.6673324,1.0,3.0,-78.0
1777891552.6773324,2.0,3.0,-76.0
1777891552.6873324,3.0,3.0,-73.0
1777891552.6973324,2.0,1.0,-73.0
1777891552.7073324,7.0,0.0,-74.0
1777891552.7173324,6.0,4.0,-73.0
1777891552.7273324,3.0,4.0,-72.0
1777891552.7373323,1.0,2.0,-72.0
1777891552.7473323,3.0,1.0,-67.0
1777891552.7573323,5.0,1.0,-70.0
1777891552.7673323,7.0,1.0,-75.0
1777891552.7773323,9.0,1.0,-69.0
1777891552.7873323,7.0,0.0,-68.0
1777891552.7973323,3.0,0.0,-71.0
1777891552.8073325,5.0,0.0,-69.0
1777891552.8173325,7.0,-4.0,-73.0
1777891552.8273325,2.0,0.0,-74.0
1777891552.8373325,2.0,1.0,-70.0
1777891552.8473325,4.0,2.0,-70.0
1777891552.8573325,0.0,4.0,-71.0
1777891552.8673325,-1.0,5.0,-72.0
1777891552.8773324,-4.0,5.0,-76.0
1777891552.8873324,-2.0,9.0,-79.0
1777891552.8973324,-5.0,8.0,-74.0
1777891552.9073324,-6.0,4.0,-75.0
1777891552.9173324,-3.0,5.0,-75.0
1777891552.9273324,-6.0,3.0,-71.0
1777891552.9373324,-7.0,5.0,-73.0
1777891552.9473324,-8.0,2.0,-73.0
1777891552.9573324,-7.0,-1.0,-68.0
1777891552.9673324,-9.0,-1.0,-74.0
1777891552.9773324,-12.0,1.0,-73.0
1777891552.9873323,-15.0,1.0,-73.0
1777891552.9973323,-15.0,2.0,-75.0
1777891553.0073323,-11.0,0.0,-76.0
1777891553.0173323,-7.0,0.0,-77.0
1777891553.0273323,-5.0,3.0,-78.0
1777891553.0373323,-7.0,0.0,-81.0
1777891553.0473323,-5.0,1.0,-71.0
1777891553.0573325,-6.0,1.0,-69.0
1777891553.0673325,-8.0,5.0,-74.0
1777891553.0773325,-9.0,4.0,-79.0
1777891553.0873325,-2.0,5.0,-82.0
1777891553.0973325,-6.0,6.0,-81.0
1777891553.1073325,-7.0,5.0,-79.0
1777891553.1173325,-4.0,3.0,-83.0
1777891553.1273324,-2.0,3.0,-81.0
1777891553.1373324,0.0,5.0,-78.0
1777891553.1483324,0.0,1.0,-79.0
1777891553.1583323,-2.0,-1.0,-75.0
1777891553.1683323,-2.0,-9.0,-80.0
1777891553.1783323,0.0,-10.0,-81.0
1777891553.1883323,-1.0,-6.0,-77.0
1777891553.1983323,0.0,-5.0,-81.0
1777891553.2083323,3.0,-5.0,-79.0
1777891553.2183323,2.0,-5.0,-81.0
1777891553.2283323,4.0,-4.0,-72.0
1777891553.2383325,4.0,-4.0,-72.0
1777891553.2483325,0.0,-1.0,-69.0
1777891553.2583325,5.0,0.0,-65.0
1777891553.2683325,6.0,-2.0,-62.0
1777891553.2783325,3.0,-1.0,-68.0
1777891553.2883325,4.0,-2.0,-75.0
1777891553.2983325,3.0,-3.0,-75.0
1777891553.3083324,1.0,0.0,-76.0
1777891553.3183324,-1.0,-2.0,-78.0
1777891553.3283324,4.0,-4.0,-77.0
1777891553.3383324,6.0,-3.0,-76.0
1777891553.3483324,5.0,-4.0,-75.0
1777891553.3583324,6.0,-7.0,-74.0
1777891553.3683324,8.0,-5.0,-70.0
1777891553.3783324,4.0,-7.0,-74.0
1777891553.3883324,-1.0,-8.0,-83.0
1777891553.3983324,-5.0,-11.0,-84.0
1777891553.4083323,-4.0,-7.0,-81.0
1777891553.4183323,-3.0,0.0,-78.0
1777891553.4283323,-6.0,-4.0,-65.0
1777891553.4383323,-1.0,-2.0,-58.0
1777891553.4483323,-4.0,0.0,-60.0
1777891553.4583323,-2.0,0.0,-60.0
1777891553.4683323,0.0,-1.0,-59.0
1777891553.4783323,0.0,-2.0,-60.0
1777891553.4883325,-6.0,-2.0,-67.0
1777891553.4983325,-3.0,0.0,-66.0
1777891553.5083325,3.0,-4.0,-66.0
1777891553.5183325,7.0,-2.0,-63.0
1777891553.5283325,3.0,0.0,-67.0
1777891553.5383325,1.0,0.0,-71.0
1777891553.5483325,-3.0,0.0,-72.0
1777891553.5583324,-6.0,-2.0,-71.0
1777891553.5683324,-1.0,-3.0,-68.0
1777891553.5783324,0.0,-4.0,-76.0
1777891553.5883324,1.0,-4.0,-84.0
1777891553.5983324,3.0,-3.0,-83.0
1777891553.6083324,2.0,-3.0,-74.0
1777891553.6183324,8.0,-5.0,-74.0
1777891553.6283324,9.0,0.0,-68.0
1777891553.6383324,4.0,-2.0,-66.0
1777891553.6483324,8.0,-5.0,-70.0
1777891553.6583323,7.0,0.0,-72.0
1777891553.6683323,6.0,-2.0,-72.0
1777891553.6783323,3.0,-4.0,-65.0
1777891553.6883323,1.0,-1.0,-68.0
1777891553.6983323,-1.0,0.0,-74.0
1777891553.7083323,-4.0,5.0,-71.0
1777891553.7183323,0.0,6.0,-64.0
1777891553.7283323,-1.0,3.0,-67.0
1777891553.7383325,0.0,1.0,-60.0
1777891553.7483325,1.0,0.0,-63.0
1777891553.7583325,3.0,0.0,-66.0
1777891553.7683325,3.0,0.0,-64.0
1777891553.7783325,5.0,0.0,-64.0
1777891553.7883325,3.0,3.0,-60.0
1777891553.7983325,3.0,5.0,-61.0
1777891553.8083324,2.0,2.0,-64.0
1777891553.8183324,4.0,3.0,-66.0
1777891553.8283324,8.0,4.0,-66.0
1777891553.8383324,0.0,4.0,-66.0
1777891553.8483324,-3.0,5.0,-73.0
1777891553.8583324,-4.0,5.0,-76.0
1777891553.8683324,-2.0,5.0,-69.0
1777891553.8783324,0.0,3.0,-66.0
1777891553.8883324,1.0,1.0,-69.0
1777891553.8983324,2.0,0.0,-74.0
1777891553.9083323,4.0,0.0,-77.0
1777891553.9183323,8.0,4.0,-70.0
1777891553.9283323,4.0,4.0,-71.0
1777891553.9383323,1.0,5.0,-68.0
1777891553.9483323,-5.0,6.0,-66.0
1777891553.9583323,-2.0,2.0,-70.0
1777891553.9683323,1.0,1.0,-71.0
1777891553.9783323,0.0,-3.0,-72.0
1777891553.9883325,-3.0,-8.0,-71.0
1777891553.9983325,0.0,-7.0,-75.0
1777891554.0083325,-4.0,-6.0,-74.0
1777891554.0183325,-8.0,-7.0,-76.0
1777891554.0283325,-7.0,-8.0,-78.0
1777891554.0383325,-6.0,-4.0,-79.0
1777891554.0483325,-1.0,-7.0,-76.0
1777891554.0583324,0.0,-9.0,-67.0
1777891554.0683324,0.0,-9.0,-69.0
1777891554.0783324,1.0,-2.0,-75.0
1777891554.0883324,2.0,-2.0,-77.0
1777891554.0983324,2.0,-1.0,-76.0
1777891554.1083324,-1.0,-4.0,-74.0
1777891554.1183324,-5.0,-4.0,-72.0
1777891554.1283324,-4.0,0.0,-72.0
1777891554.1383324,-6.0,2.0,-70.0
1777891554.1483324,-4.0,0.0,-69.0
1777891554.1583323,-2.0,1.0,-68.0
1777891554.1683323,0.0,0.0,-80.0
1777891554.1783323,0.0,-2.0,-81.0
1777891554.1883323,-2.0,0.0,-80.0
1777891554.1983323,-4.0,1.0,-81.0
1777891554.2083323,-6.0,2.0,-78.0
1777891554.2183323,-3.0,6.0,-78.0
1777891554.2283323,-6.0,4.0,-78.0
1777891554.2383325,-5.0,-1.0,-72.0
1777891554.2483325,-2.0,-4.0,-69.0
1777891554.2583325,-1.0,-5.0,-69.0
1777891554.2683325,-2.0,-3.0,-67.0
1777891554.2783325,-2.0,-1.0,-64.0
1777891554.2883325,-2.0,3.0,-66.0
1777891554.2983325,-1.0,3.0,-73.0
1777891554.3083324,-3.0,1.0,-74.0
1777891554.3183324,-1.0,1.0,-73.0
1777891554.3283324,-1.0,-2.0,-71.0
1777891554.3383324,0.0,-6.0,-67.0
1777891554.3483324,-2.0,-7.0,-71.0
1777891554.3583324,-3.0,-14.0,-67.0
1777891554.3683324,-4.0,-12.0,-67.0
1777891554.3783324,-2.0,-10.0,-71.0
1777891554.3883324,-7.0,-6.0,-76.0
1777891554.3983324,-6.0,-4.0,-70.0
1777891554.4083323,-1.0,-4.0,-71.0
1777891554.4183323,-5.0,-8.0,-63.0
1777891554.4283323,-6.0,-9.0,-73.0
1777891554.4383323,-1.0,-5.0,-72.0
1777891554.4483323,6.0,-2.0,-76.0
1777891554.4583323,1.0,0.0,-76.0
1777891554.4683323,2.0,4.0,-75.0
1777891554.4783323,0.0,2.0,-77.0
1777891554.4883325,0.0,2.0,-65.0
1777891554.4983325,-1.0,1.0,-69.0
1777891554.5083325,1.0,0.0,-66.0
1777891554.5183325,1.0,-1.0,-67.0
1777891554.5283325,3.0,-1.0,-60.0
1777891554.5383325,0.0,-1.0,-60.0
1777891554.5483325,4.0,-2.0,-61.0
1777891554.5583324,2.0,-3.0,-68.0
1777891554.5683324,4.0,-2.0,-70.0
1777891554.5783324,5.0,-1.0,-66.0
1777891554.5883324,4.0,-3.0,-66.0
1777891554.5983324,4.0,-10.0,-69.0
1777891554.6083324,7.0,-10.0,-71.0
1777891554.6183324,11.0,-10.0,-75.0
1777891554.6283324,12.0,-8.0,-75.0
1777891554.6383324,14.0,-7.0,-76.0
1777891554.6483324,5.0,-8.0,-83.0
1777891554.6583323,0.0,-6.0,-83.0
1777891554.6683323,1.0,-5.0,-75.0
1777891554.6783323,1.0,-7.0,-74.0
1777891554.6883323,6.0,-10.0,-79.0
1777891554.6983323,5.0,-4.0,-78.0
1777891554.7083323,6.0,-4.0,-71.0
1777891554.7183323,1.0,-5.0,-66.0
1777891554.7283323,1.0,-1.0,-67.0
1777891554.7383325,0.0,-4.0,-72.0
1777891554.7483325,-3.0,-2.0,-68.0
1777891554.7583325,-6.0,-3.0,-62.0
1777891554.7683325,-7.0,-5.0,-64.0
1777891554.7783325,-5.0,-5.0,-62.0
1777891554.7883325,-4.0,0.0,-69.0
1777891554.7983325,-4.0,0.0,-71.0
1777891554.8083324,-6.0,-2.0,-70.0
1777891554.8183324,-6.0,-3.0,-72.0
1777891554.8283324,-7.0,0.0,-73.0
1777891554.8383324,-8.0,-3.0,-75.0
1777891554.8483324,-3.0,-3.0,-78.0
1777891554.8583324,1.0,-1.0,-82.0
1777891554.8683324,2.0,0.0,-81.0
1777891554.8783324,2.0,0.0,-76.0
1777891554.8883324,0.0,0.0,-73.0
1777891554.8983324,-2.0,3.0,-72.0
1777891554.9083323,-1.0,4.0,-71.0
1777891554.9183323,0.0,2.0,-70.0
1777891554.9283323,2.0,0.0,-74.0
1777891554.9383323,4.0,2.0,-69.0
1777891554.9483323,7.0,2.0,-64.0
1777891554.9583323,5.0,-1.0,-68.0
1777891554.9683323,5.0,2.0,-68.0
1777891554.9783323,6.0,0.0,-73.0
1777891554.9883325,5.0,-3.0,-75.0
1777891554.9983325,2.0,-5.0,-79.0
1777891555.0083325,3.0,-8.0,-80.0
1777891555.0183325,0.0,-5.0,-82.0
1777891555.0283325,0.0,-5.0,-84.0
1777891555.0383325,2.0,-3.0,-72.0
1777891555.0483325,5.0,0.0,-66.0
1777891555.0583324,3.0,-2.0,-63.0
1777891555.0683324,5.0,0.0,-63.0
1777891555.0783324,10.0,-4.0,-65.0
1777891555.0883324,5.0,-4.0,-67.0
1777891555.0983324,5.0,-1.0,-67.0
1777891555.1093323,3.0,2.0,-67.0
1777891555.1183324,4.0,3.0,-70.0
1777891555.1283324,1.0,-1.0,-74.0
1777891555.1393323,5.0,-3.0,-72.0
1777891555.1493323,2.0,-2.0,-73.0
1777891555.1593325,2.0,-7.0,-68.0
1777891555.1693325,2.0,-10.0,-69.0
1777891555.1793325,2.0,-10.0,-65.0
1777891555.1893325,2.0,-8.0,-64.0
1777891555.1993325,3.0,-4.0,-72.0
1777891555.2093325,0.0,-7.0,-75.0
1777891555.2193325,2.0,-6.0,-67.0
1777891555.2293324,5.0,-3.0,-57.0
1777891555.2393324,7.0,-3.0,-63.0
1777891555.2493324,11.0,-5.0,-68.0
1777891555.2593324,4.0,-5.0,-69.0
1777891555.2693324,6.0,0.0,-64.0
1777891555.2793324,3.0,-1.0,-69.0
1777891555.2893324,0.0,-3.0,-60.0
1777891555.2993324,-4.0,-3.0,-60.0
1777891555.3093324,-2.0,-3.0,-61.0
1777891555.3193324,-2.0,1.0,-65.0
1777891555.3293324,0.0,-1.0,-62.0
1777891555.3393323,1.0,-3.0,-61.0
1777891555.3493323,-1.0,-1.0,-66.0
1777891555.3593323,-1.0,3.0,-67.0
1777891555.3693323,-2.0,7.0,-70.0
1777891555.3793323,0.0,6.0,-72.0
1777891555.3893323,-2.0,8.0,-58.0
1777891555.3993323,-3.0,4.0,-58.0
1777891555.4093325,1.0,5.0,-57.0
1777891555.4193325,0.0,1.0,-58.0
1777891555.4293325,0.0,0.0,-60.0
1777891555.4393325,-2.0,-3.0,-63.0
1777891555.4493325,-3.0,0.0,-63.0
1777891555.4593325,-1.0,-3.0,-60.0
1777891555.4693325,-1.0,-2.0,-65.0
1777891555.4793324,3.0,-3.0,-71.0
1777891555.4893324,4.0,-2.0,-69.0
1777891555.4993324,4.0,-4.0,-66.0
1777891555.5093324,0.0,-2.0,-66.0
1777891555.5193324,1.0,0.0,-71.0
1777891555.5293324,1.0,2.0,-69.0
1777891555.5393324,2.0,-1.0,-67.0
1777891555.5493324,0.0,0.0,-63.0
1777891555.5593324,-5.0,0.0,-62.0
1777891555.5693324,-5.0,-1.0,-68.0
1777891555.5793324,-6.0,-5.0,-73.0
1777891555.5893323,-2.0,-6.0,-80.0
1777891555.5993323,0.0,-4.0,-85.0
1777891555.6103325,0.0,-3.0,-86.0
1777891555.6193323,2.0,-4.0,-86.0
1777891555.6293323,0.0,-2.0,-78.0
1777891555.6393323,0.0,-3.0,-77.0
1777891555.6493323,0.0,-4.0,-78.0
1777891555.6593325,-5.0,-2.0,-90.0
1777891555.6693325,-4.0,-6.0,-87.0
1777891555.6793325,4.0,-3.0,-75.0
1777891555.6893325,4.0,-3.0,-69.0
1777891555.6993325,0.0,0.0,-63.0
1777891555.7093325,-3.0,-1.0,-67.0
1777891555.7193325,-2.0,-1.0,-68.0
1777891555.7293324,-2.0,1.0,-71.0
1777891555.7393324,0.0,-1.0,-69.0
1777891555.7493324,-1.0,0.0,-60.0
1777891555.7593324,-3.0,1.0,-63.0
1777891555.7693324,-3.0,2.0,-68.0
1777891555.7793324,-5.0,-2.0,-65.0
1777891555.7893324,-5.0,-4.0,-70.0
1777891555.7993324,-2.0,-3.0,-69.0
1777891555.8093324,-3.0,-3.0,-66.0
1777891555.8193324,-3.0,-3.0,-66.0
1777891555.8293324,0.0,0.0,-68.0
1777891555.8393323,0.0,0.0,-74.0
1777891555.8493323,6.0,-1.0,-71.0
1777891555.8593323,4.0,0.0,-75.0
1777891555.8693323,1.0,2.0,-80.0
1777891555.8793323,3.0,2.0,-80.0
1777891555.8893323,5.0,3.0,-74.0
1777891555.8993323,9.0,2.0,-71.0
1777891555.9093325,2.0,2.0,-68.0
1777891555.9193325,2.0,2.0,-65.0
1777891555.9293325,2.0,1.0,-75.0
1777891555.9393325,4.0,1.0,-74.0
1777891555.9493325,3.0,3.0,-76.0
1777891555.9593325,1.0,-4.0,-84.0
1777891555.9693325,0.0,-1.0,-79.0
1777891555.9793324,-3.0,0.0,-84.0
1777891555.9893324,-1.0,0.0,-83.0
1777891555.9993324,3.0,4.0,-77.0
1777891556.0093324,7.0,4.0,-78.0
1777891556.0193324,5.0,2.0,-79.0
1777891556.0293324,2.0,-2.0,-74.0
1777891556.0393324,6.0,-1.0,-74.0
1777891556.0493324,9.0,-5.0,-74.0
1777891556.0593324,8.0,0.0,-72.0
1777891556.0693324,1.0,4.0,-80.0
1777891556.0793324,-2.0,3.0,-81.0
1777891556.0893323,0.0,0.0,-75.0
1777891556.0993323,4.0,-1.0,-67.0
1777891556.1093323,3.0,0.0,-65.0
1777891556.1193323,3.0,-4.0,-72.0
1777891556.1293323,4.0,-6.0,-75.0
1777891556.1393323,5.0,-4.0,-73.0
1777891556.1493323,7.0,-5.0,-72.0
1777891556.1593325,4.0,-4.0,-73.0
1777891556.1693325,6.0,-8.0,-72.0
1777891556.1793325,9.0,-10.0,-67.0
1777891556.1893325,9.0,-6.0,-68.0
1777891556.1993325,5.0,-2.0,-70.0
1777891556.2093325,1.0,0.0,-70.0
1777891556.2193325,2.0,5.0,-61.0
1777891556.2293324,2.0,6.0,-66.0
1777891556.2393324,1.0,4.0,-65.0
1777891556.2493324,0.0,6.0,-73.0
1777891556.2593324,0.0,6.0,-79.0
1777891556.2693324,0.0,0.0,-73.0
1777891556.2793324,-3.0,-3.0,-67.0
1777891556.2893324,0.0,-5.0,-65.0
1777891556.2993324,-2.0,-3.0,-67.0
1777891556.3093324,0.0,-6.0,-64.0
1777891556.3193324,2.0,-9.0,-66.0
1777891556.3293324,4.0,-8.0,-73.0
1777891556.3393323,2.0,-6.0,-74.0
1777891556.3493323,0.0,-6.0,-82.0
1777891556.3593323,0.0,-3.0,-84.0
1777891556.3693323,3.0,-1.0,-82.0
1777891556.3793323,0.0,0.0,-78.0
1777891556.3893323,-2.0,0.0,-75.0
1777891556.3993323,0.0,-2.0,-68.0
1777891556.4093325,0.0,-1.0,-68.0
1777891556.4193325,-1.0,0.0,-68.0
1777891556.4293325,2.0,0.0,-69.0
1777891556.4393325,5.0,0.0,-76.0
1777891556.4493325,4.0,0.0,-80.0
1777891556.4593325,6.0,1.0,-75.0
1777891556.4693325,6.0,0.0,-77.0
1777891556.4793324,5.0,5.0,-77.0
1777891556.4893324,9.0,4.0,-71.0
1777891556.4993324,7.0,3.0,-63.0
1777891556.5093324,1.0,4.0,-65.0
1777891556.5193324,1.0,3.0,-72.0
1777891556.5293324,0.0,1.0,-75.0
1777891556.5393324,2.0,-1.0,-71.0
1777891556.5493324,1.0,-2.0,-73.0
1777891556.5593324,-2.0,1.0,-75.0
1777891556.5693324,2.0,1.0,-74.0
1777891556.5793324,4.0,2.0,-71.0
1777891556.5893323,2.0,3.0,-67.0
1777891556.5993323,2.0,0.0,-70.0
1777891556.6093323,4.0,2.0,-70.0
1777891556.6193323,1.0,2.0,-66.0
1777891556.6293323,-1.0,0.0,-58.0
1777891556.6393323,0.0,0.0,-61.0
1777891556.6493323,0.0,-2.0,-75.0
1777891556.6593325,1.0,-1.0,-80.0
1777891556.6693325,0.0,2.0,-74.0
1777891556.6793325,0.0,1.0,-75.0
1777891556.6893325,3.0,5.0,-72.0
1777891556.6993325,3.0,3.0,-72.0
1777891556.7093325,5.0,4.0,-63.0
1777891556.7193325,6.0,0.0,-59.0
1777891556.7293324,5.0,-3.0,-63.0
1777891556.7393324,2.0,-2.0,-70.0
1777891556.7493324,5.0,0.0,-69.0
1777891556.7593324,6.0,-4.0,-74.0
1777891556.7693324,6.0,-5.0,-71.0
1777891556.7793324,9.0,-4.0,-71.0
1777891556.7893324,13.0,-3.0,-71.0
1777891556.7993324,17.0,-4.0,-67.0
1777891556.8093324,18.0,-6.0,-68.0
1777891556.8193324,13.0,-3.0,-64.0
1777891556.8293324,9.0,1.0,-67.0
1777891556.8393323,6.0,-1.0,-65.0
1777891556.8493323,0.0,0.0,-70.0
1777891556.8593323,0.0,-2.0,-65.0
1777891556.8693323,-6.0,-2.0,-63.0
1777891556.8793323,-2.0,-2.0,-67.0
1777891556.8893323,8.0,0.0,-72.0
1777891556.8993323,13.0,-1.0,-71.0
1777891556.9093325,10.0,0.0,-74.0
1777891556.9193325,9.0,-1.0,-71.0
1777891556.9293325,6.0,-2.0,-72.0
1777891556.9393325,5.0,1.0,-73.0
1777891556.9493325,3.0,4.0,-71.0
1777891556.9593325,1.0,0.0,-70.0
1777891556.9693325,-2.0,4.0,-65.0
1777891556.9793324,-1.0,5.0,-62.0
1777891556.9893324,-2.0,2.0,-62.0
1777891556.9993324,0.0,-1.0,-64.0
1777891557.0093324,4.0,-1.0,-64.0
1777891557.0193324,7.0,-2.0,-68.0
1777891557.0293324,6.0,-7.0,-69.0
1777891557.0393324,6.0,-5.0,-77.0
1777891557.0493324,7.0,0.0,-82.0
1777891557.0593324,4.0,0.0,-78.0
1777891557.0693324,2.0,-2.0,-75.0
1777891557.0793324,-5.0,-3.0,-67.0
1777891557.0893323,-3.0,-5.0,-65.0
1777891557.0993323,-4.0,-5.0,-72.0
1777891557.1093323,-3.0,-6.0,-76.0
1777891557.1193323,-1.0,-3.0,-76.0
1777891557.1303325,0.0,0.0,-80.0
1777891557.1403325,4.0,3.0,-82.0
1777891557.1493323,1.0,1.0,-75.0
1777891557.1603324,-3.0,-3.0,-77.0
1777891557.1703324,-6.0,-6.0,-80.0
1777891557.1803324,-6.0,-5.0,-77.0
1777891557.1903324,-5.0,-7.0,-81.0
1777891557.1993325,-9.0,-8.0,-75.0
1777891557.2103324,-6.0,-9.0,-75.0
1777891557.2203324,-5.0,-8.0,-74.0
1777891557.2303324,-1.0,-6.0,-67.0
1777891557.2403324,-3.0,-8.0,-71.0
1777891557.2503324,-2.0,-10.0,-69.0
1777891557.2603323,-1.0,-5.0,-66.0
1777891557.2703323,-1.0,-1.0,-67.0
1777891557.2803323,-7.0,-3.0,-73.0
1777891557.2903323,-11.0,0.0,-71.0
1777891557.3003323,-7.0,-2.0,-69.0
1777891557.3103323,-5.0,-2.0,-66.0
1777891557.3203323,-6.0,-3.0,-68.0
1777891557.3303325,-1.0,-2.0,-69.0
1777891557.3403325,-2.0,0.0,-70.0
1777891557.3503325,0.0,-1.0,-75.0
1777891557.3603325,0.0,-3.0,-81.0
1777891557.3703325,1.0,-4.0,-75.0
1777891557.3803325,0.0,-1.0,-74.0
1777891557.3903325,0.0,3.0,-82.0
1777891557.4003325,-2.0,2.0,-78.0
1777891557.4103324,-4.0,1.0,-84.0
1777891557.4203324,-5.0,3.0,-81.0
1777891557.4303324,-1.0,4.0,-82.0
1777891557.4403324,-3.0,0.0,-81.0
1777891557.4503324,-2.0,0.0,-80.0
1777891557.4603324,-3.0,3.0,-80.0
1777891557.4703324,-6.0,3.0,-76.0
1777891557.4803324,-3.0,4.0,-75.0
1777891557.4903324,-4.0,7.0,-70.0
1777891557.5003324,-2.0,5.0,-69.0
1777891557.5103323,0.0,1.0,-62.0
1777891557.5203323,-1.0,5.0,-74.0
1777891557.5303323,1.0,4.0,-70.0
1777891557.5403323,7.0,1.0,-69.0
1777891557.5503323,3.0,-1.0,-60.0
1777891557.5603323,-1.0,-2.0,-56.0
1777891557.5703323,0.0,-3.0,-61.0
1777891557.5803325,0.0,-2.0,-69.0
1777891557.5903325,3.0,-1.0,-68.0
1777891557.6003325,4.0,0.0,-67.0
1777891557.6103325,2.0,0.0,-65.0
1777891557.6203325,2.0,-1.0,-64.0
1777891557.6303325,1.0,0.0,-54.0
1777891557.6403325,-1.0,-1.0,-56.0
1777891557.6503325,1.0,-2.0,-63.0
1777891557.6603324,0.0,-6.0,-65.0
1777891557.6703324,-5.0,-4.0,-64.0
1777891557.6803324,-3.0,-3.0,-66.0
1777891557.6903324,0.0,-3.0,-68.0
1777891557.7003324,3.0,-3.0,-72.0
1777891557.7103324,5.0,0.0,-73.0
1777891557.7203324,7.0,0.0,-70.0
1777891557.7303324,5.0,0.0,-64.0
1777891557.7403324,3.0,-1.0,-69.0
1777891557.7503324,2.0,0.0,-70.0
1777891557.7603323,3.0,-4.0,-73.0
1777891557.7703323,0.0,-8.0,-74.0
1777891557.7803323,0.0,-10.0,-73.0
1777891557.7903323,0.0,-10.0,-68.0
1777891557.8003323,2.0,-8.0,-65.0
1777891557.8103323,5.0,-6.0,-65.0
1777891557.8203323,2.0,-4.0,-65.0
1777891557.8303325,5.0,1.0,-64.0
1777891557.8403325,-1.0,-2.0,-64.0
1777891557.8503325,-4.0,-3.0,-68.0
1777891557.8603325,-4.0,-7.0,-66.0
1777891557.8703325,-2.0,-2.0,-72.0
1777891557.8803325,-1.0,-5.0,-76.0
1777891557.8903325,0.0,-7.0,-77.0
1777891557.9003325,0.0,-10.0,-75.0
1777891557.9103324,0.0,-5.0,-80.0
1777891557.9203324,1.0,-7.0,-71.0
1777891557.9303324,0.0,-4.0,-74.0
1777891557.9403324,-2.0,-4.0,-79.0
1777891557.9503324,-1.0,-5.0,-75.0
1777891557.9603324,-3.0,-3.0,-71.0
1777891557.9703324,0.0,-4.0,-61.0
1777891557.9803324,2.0,-4.0,-59.0
1777891557.9903324,4.0,-5.0,-59.0
1777891558.0003324,3.0,-7.0,-70.0
1777891558.0103323,3.0,-7.0,-75.0
1777891558.0203323,2.0,-2.0,-73.0
1777891558.0303323,4.0,0.0,-72.0
1777891558.0403323,-2.0,0.0,-66.0
1777891558.0503323,1.0,4.0,-71.0
1777891558.0603323,5.0,4.0,-65.0
1777891558.0703323,4.0,2.0,-67.0
1777891558.0803325,5.0,3.0,-63.0
1777891558.0903325,5.0,3.0,-66.0
1777891558.1003325,2.0,0.0,-75.0
1777891558.1103325,6.0,3.0,-77.0
1777891558.1203325,1.0,2.0,-82.0
1777891558.1303325,0.0,4.0,-71.0
1777891558.1403325,-2.0,0.0,-79.0
1777891558.1503325,-1.0,-2.0,-79.0
1777891558.1603324,-2.0,-1.0,-79.0
1777891558.1703324,-2.0,-2.0,-72.0
1777891558.1803324,-2.0,1.0,-73.0
1777891558.1903324,-1.0,-4.0,-77.0
1777891558.2003324,-1.0,-9.0,-80.0
1777891558.2103324,-3.0,-17.0,-78.0
1777891558.2203324,-3.0,-15.0,-74.0
1777891558.2303324,-4.0,-11.0,-80.0
1777891558.2403324,-2.0,-11.0,-76.0
1777891558.2503324,-6.0,-10.0,-67.0
1777891558.2603323,-7.0,-8.0,-68.0
1777891558.2703323,-7.0,-6.0,-70.0
1777891558.2803323,-8.0,-8.0,-71.0
1777891558.2903323,-12.0,-7.0,-71.0
1777891558.3003323,-8.0,-4.0,-70.0
1777891558.3103323,-5.0,-3.0,-71.0
1777891558.3203323,-2.0,-6.0,-68.0
1777891558.3303325,0.0,-6.0,-72.0
1777891558.3403325,-1.0,-1.0,-71.0
1777891558.3503325,0.0,0.0,-71.0
1777891558.3603325,4.0,1.0,-71.0
1777891558.3703325,2.0,0.0,-79.0
1777891558.3803325,6.0,-3.0,-77.0
1777891558.3903325,4.0,-3.0,-76.0
1777891558.4003325,3.0,-6.0,-64.0
1777891558.4103324,3.0,-6.0,-69.0
1777891558.4203324,4.0,-6.0,-71.0
1777891558.4303324,-1.0,-4.0,-68.0
1777891558.4403324,0.0,-5.0,-73.0
1777891558.4503324,0.0,-2.0,-75.0
1777891558.4603324,0.0,-2.0,-82.0
1777891558.4703324,3.0,-4.0,-76.0
1777891558.4803324,1.0,0.0,-76.0
1777891558.4903324,3.0,1.0,-75.0
1777891558.5003324,0.0,1.0,-78.0
1777891558.5103323,3.0,4.0,-74.0
1777891558.5203323,4.0,1.0,-75.0
1777891558.5303323,1.0,3.0,-80.0
1777891558.5403323,5.0,0.0,-72.0
1777891558.5503323,7.0,0.0,-60.0
1777891558.5603323,3.0,-2.0,-63.0
1777891558.5703323,5.0,-6.0,-67.0
1777891558.5803325,0.0,-7.0,-68.0
1777891558.5903325,-3.0,-7.0,-72.0
1777891558.6003325,-2.0,-7.0,-73.0
1777891558.6103325,2.0,-6.0,-72.0
1777891558.6203325,3.0,-5.0,-69.0
1777891558.6303325,1.0,-2.0,-68.0
1777891558.6403325,5.0,-2.0,-68.0
1777891558.6503325,10.0,-3.0,-70.0
1777891558.6603324,12.0,-4.0,-64.0
1777891558.6703324,14.0,-4.0,-63.0
1777891558.6803324,11.0,-5.0,-66.0
1777891558.6903324,7.0,-2.0,-67.0
1777891558.7003324,11.0,-1.0,-67.0
1777891558.7103324,4.0,-4.0,-65.0
1777891558.7203324,5.0,-12.0,-65.0
1777891558.7303324,3.0,-8.0,-71.0
1777891558.7403324,3.0,-5.0,-74.0
1777891558.7503324,1.0,-5.0,-71.0
1777891558.7603323,3.0,-2.0,-69.0
1777891558.7703323,3.0,2.0,-77.0
1777891558.7803323,2.0,1.0,-77.0
1777891558.7903323,4.0,2.0,-74.0
1777891558.8003323,5.0,0.0,-74.0
1777891558.8103323,2.0,0.0,-74.0
1777891558.8203323,2.0,0.0,-76.0
1777891558.8303325,2.0,0.0,-75.0
1777891558.8403325,-2.0,0.0,-68.0
1777891558.8503325,-3.0,0.0,-70.0
1777891558.8603325,-5.0,0.0,-75.0
1777891558.8703325,-4.0,0.0,-78.0
1777891558.8803325,-5.0,0.0,-81.0
1777891558.8903325,-2.0,-1.0,-80.0
1777891558.9003325,0.0,-2.0,-81.0
1777891558.9103324,2.0,-6.0,-70.0
1777891558.9203324,2.0,-8.0,-70.0
1777891558.9303324,0.0,-8.0,-69.0
1777891558.9403324,-1.0,-7.0,-71.0
1777891558.9503324,-2.0,-8.0,-75.0
1777891558.9603324,-1.0,-7.0,-69.0
1777891558.9703324,0.0,-9.0,-67.0
1777891558.9803324,0.0,-5.0,-62.0
1777891558.9903324,0.0,-2.0,-59.0
1777891559.0003324,4.0,-2.0,-59.0
1777891559.0103323,3.0,0.0,-54.0
1777891559.0203323,-2.0,2.0,-51.0
1777891559.0303323,-4.0,-1.0,-62.0
1777891559.0403323,0.0,-3.0,-64.0
1777891559.0503323,6.0,-6.0,-67.0
1777891559.0603323,4.0,-4.0,-69.0
1777891559.0713325,6.0,-3.0,-62.0
1777891559.0803325,2.0,-5.0,-59.0
1777891559.0913324,1.0,-6.0,-59.0
1777891559.1003325,3.0,-6.0,-62.0
1777891559.1113324,0.0,-5.0,-59.0
1777891559.1213324,1.0,-5.0,-61.0
1777891559.1313324,2.0,-8.0,-63.0
1777891559.1413324,3.0,-5.0,-61.0
1777891559.1513324,0.0,-8.0,-64.0
1777891559.1613324,-3.0,-7.0,-67.0
1777891559.1713324,-4.0,-8.0,-71.0
1777891559.1813323,-6.0,-11.0,-64.0
1777891559.1913323,-3.0,-4.0,-67.0
1777891559.2013323,1.0,-2.0,-60.0
1777891559.2113323,3.0,1.0,-65.0
1777891559.2213323,0.0,2.0,-65.0
1777891559.2313323,-2.0,1.0,-61.0
1777891559.2413323,-3.0,2.0,-65.0
1777891559.2513323,0.0,2.0,-63.0
1777891559.2613325,2.0,0.0,-69.0
1777891559.2713325,3.0,-2.0,-69.0
1777891559.2813325,5.0,-2.0,-70.0
1777891559.2913325,-1.0,-1.0,-73.0
1777891559.3013325,0.0,-3.0,-73.0
1777891559.3113325,3.0,-3.0,-73.0
1777891559.3213325,-1.0,-4.0,-72.0
1777891559.3313324,0.0,-6.0,-72.0
1777891559.3413324,0.0,-1.0,-71.0
1777891559.3513324,0.0,-5.0,-70.0
1777891559.3613324,1.0,-5.0,-75.0
1777891559.3713324,2.0,-7.0,-74.0
1777891559.3813324,3.0,-8.0,-70.0
1777891559.3913324,4.0,-10.0,-70.0
1777891559.4013324,4.0,-8.0,-77.0
1777891559.4113324,0.0,-10.0,-78.0
1777891559.4213324,0.0,-8.0,-72.0
1777891559.4313323,-2.0,-7.0,-70.0
1777891559.4413323,0.0,-7.0,-70.0
1777891559.4513323,-1.0,-6.0,-69.0
1777891559.4613323,1.0,-5.0,-70.0
1777891559.4713323,2.0,-5.0,-75.0
1777891559.4813323,9.0,1.0,-76.0
1777891559.4913323,10.0,2.0,-76.0
1777891559.5013323,13.0,4.0,-71.0
1777891559.5113325,10.0,2.0,-71.0
1777891559.5213325,11.0,0.0,-79.0
1777891559.5313325,10.0,-6.0,-76.0
1777891559.5413325,4.0,-6.0,-82.0
1777891559.5513325,1.0,-5.0,-79.0
1777891559.5613325,0.0,-8.0,-76.0
1777891559.5713325,3.0,-9.0,-67.0
1777891559.5813324,4.0,-7.0,-64.0
1777891559.5913324,4.0,-5.0,-65.0
1777891559.6013324,4.0,-6.0,-73.0
1777891559.6113324,2.0,-5.0,-73.0
1777891559.6213324,0.0,-5.0,-72.0
1777891559.6313324,-4.0,-2.0,-69.0
1777891559.6413324,-3.0,2.0,-71.0
1777891559.6513324,-4.0,4.0,-74.0
1777891559.6613324,-3.0,3.0,-72.0
1777891559.6713324,0.0,2.0,-65.0
1777891559.6813323,1.0,0.0,-67.0
1777891559.6913323,-1.0,4.0,-67.0
1777891559.7013323,-4.0,0.0,-64.0
1777891559.7113323,0.0,-7.0,-64.0
1777891559.7213323,1.0,-8.0,-69.0
1777891559.7313323,0.0,-10.0,-74.0
1777891559.7413323,0.0,-14.0,-74.0
1777891559.7513323,3.0,-9.0,-75.0
1777891559.7613325,0.0,-5.0,-71.0
1777891559.7713325,0.0,-9.0,-71.0
1777891559.7813325,2.0,-6.0,-69.0
1777891559.7913325,3.0,-2.0,-70.0
1777891559.8013325,0.0,-1.0,-73.0
1777891559.8113325,3.0,-1.0,-73.0
1777891559.8213325,3.0,-3.0,-74.0
1777891559.8313324,3.0,0.0,-75.0
1777891559.8413324,6.0,5.0,-80.0
1777891559.8513324,5.0,6.0,-78.0
1777891559.8613324,6.0,5.0,-73.0
1777891559.8713324,3.0,6.0,-73.0
1777891559.8813324,-2.0,4.0,-69.0
1777891559.8913324,-3.0,4.0,-64.0
1777891559.9013324,0.0,0.0,-69.0
1777891559.9113324,-2.0,-2.0,-71.0
1777891559.9213324,0.0,-1.0,-70.0
1777891559.9313323,2.0,-1.0,-70.0
1777891559.9413323,5.0,-1.0,-71.0
1777891559.9513323,7.0,0.0,-70.0
1777891559.9613323,6.0,0.0,-70.0
1777891559.9713323,4.0,0.0,-66.0
1777891559.9813323,5.0,-3.0,-69.0
1777891559.9913323,7.0,-5.0,-68.0
1777891560.0013323,4.0,0.0,-71.0
1777891560.0113325,2.0,-2.0,-73.0
1777891560.0213325,0.0,-2.0,-76.0
1777891560.0313325,3.0,-1.0,-79.0
1777891560.0413325,8.0,-6.0,-75.0
1777891560.0513325,4.0,-8.0,-79.0
1777891560.0613325,0.0,-6.0,-82.0
1777891560.0713325,0.0,-4.0,-83.0
1777891560.0813324,-2.0,-2.0,-83.0
1777891560.0913324,0.0,0.0,-75.0
1777891560.1013324,-2.0,0.0,-73.0
1777891560.1113324,-3.0,-1.0,-74.0
1777891560.1213324,-8.0,4.0,-70.0
1777891560.1313324,-6.0,4.0,-72.0
1777891560.1413324,-1.0,4.0,-73.0
1777891560.1513324,2.0,8.0,-70.0
1777891560.1613324,1.0,10.0,-69.0
1777891560.1713324,3.0,8.0,-70.0
1777891560.1813323,2.0,4.0,-74.0
1777891560.1913323,0.0,2.0,-75.0
1777891560.2013323,0.0,2.0,-79.0
1777891560.2113323,0.0,1.0,-72.0
1777891560.2213323,1.0,0.0,-75.0
1777891560.2313323,-2.0,-2.0,-67.0
1777891560.2413323,-5.0,0.0,-64.0
1777891560.2513323,-10.0,3.0,-67.0
1777891560.2613325,-9.0,3.0,-74.0
1777891560.2713325,-4.0,2.0,-82.0
1777891560.2813325,-5.0,0.0,-73.0
1777891560.2913325,-1.0,0.0,-70.0
1777891560.3013325,0.0,-1.0,-72.0
1777891560.3113325,-2.0,0.0,-70.0
1777891560.3213325,0.0,3.0,-71.0
1777891560.3313324,0.0,4.0,-70.0
1777891560.3413324,-2.0,1.0,-68.0
1777891560.3513324,-2.0,-1.0,-73.0
1777891560.3613324,-2.0,2.0,-73.0
1777891560.3713324,2.0,0.0,-71.0
1777891560.3813324,7.0,0.0,-76.0
1777891560.3913324,7.0,2.0,-78.0
1777891560.4013324,5.0,0.0,-76.0
1777891560.4113324,1.0,-1.0,-76.0
1777891560.4213324,0.0,0.0,-77.0
1777891560.4313323,-4.0,0.0,-72.0
1777891560.4413323,-3.0,-2.0,-74.0
1777891560.4513323,-1.0,-1.0,-72.0
1777891560.4613323,-1.0,-1.0,-67.0
1777891560.4713323,-3.0,-1.0,-70.0
1777891560.4813323,-5.0,-2.0,-74.0
1777891560.4913323,-5.0,-3.0,-68.0
1777891560.5013323,-1.0,-2.0,-64.0
1777891560.5113325,2.0,-2.0,-71.0
1777891560.5213325,0.0,-2.0,-77.0
1777891560.5313325,-2.0,0.0,-79.0
1777891560.5413325,0.0,-3.0,-79.0
1777891560.5513325,2.0,-2.0,-69.0
1777891560.5613325,0.0,-3.0,-65.0
1777891560.5713325,0.0,-2.0,-69.0
1777891560.5813324,-1.0,1.0,-74.0
1777891560.5913324,-3.0,6.0,-69.0
1777891560.6013324,0.0,2.0,-70.0
1777891560.6113324,-1.0,0.0,-69.0
1777891560.6213324,4.0,1.0,-69.0
1777891560.6313324,7.0,-1.0,-73.0
1777891560.6413324,5.0,-3.0,-73.0
1777891560.6513324,5.0,-1.0,-66.0
1777891560.6613324,5.0,-3.0,-72.0
1777891560.6713324,4.0,-5.0,-74.0
1777891560.6813323,0.0,-2.0,-75.0
1777891560.6913323,2.0,-3.0,-77.0
1777891560.7013323,2.0,0.0,-80.0
1777891560.7113323,1.0,-2.0,-82.0
1777891560.7213323,4.0,-4.0,-76.0
1777891560.7313323,1.0,-9.0,-76.0
1777891560.7413323,0.0,-8.0,-78.0
1777891560.7513323,-1.0,-8.0,-76.0
1777891560.7613325,-2.0,-7.0,-79.0
1777891560.7713325,-8.0,-9.0,-72.0
1777891560.7813325,-7.0,-4.0,-69.0
1777891560.7913325,-5.0,-5.0,-70.0
1777891560.8013325,-4.0,-7.0,-72.0
1777891560.8113325,1.0,-2.0,-70.0
1777891560.8213325,-3.0,-7.0,-68.0
1777891560.8313324,-3.0,-6.0,-69.0
1777891560.8413324,-4.0,-4.0,-63.0
1777891560.8513324,-4.0,-5.0,-60.0
1777891560.8613324,-2.0,-10.0,-60.0
1777891560.8713324,-4.0,-8.0,-62.0
1777891560.8813324,-3.0,-5.0,-63.0
1777891560.8913324,-2.0,-8.0,-57.0
1777891560.9013324,-1.0,-6.0,-55.0
1777891560.9113324,-1.0,-4.0,-59.0
1777891560.9213324,1.0,-7.0,-59.0
1777891560.9313323,-5.0,-6.0,-62.0
1777891560.9413323,-2.0,-7.0,-69.0
1777891560.9513323,0.0,-12.0,-72.0
1777891560.9613323,0.0,-7.0,-71.0
1777891560.9713323,2.0,-4.0,-76.0
1777891560.9813323,4.0,-3.0,-82.0
1777891560.9913323,-1.0,-2.0,-80.0
1777891561.0013323,-1.0,-1.0,-78.0
1777891561.0113325,3.0,-1.0,-80.0
1777891561.0213325,5.0,-3.0,-84.0
1777891561.0313325,5.0,-2.0,-83.0
1777891561.0413325,1.0,-4.0,-78.0
1777891561.0513325,0.0,-1.0,-75.0
1777891561.0613325,0.0,-1.0,-78.0
1777891561.0723324,-3.0,1.0,-83.0
1777891561.0813324,-1.0,-2.0,-86.0
1777891561.0923324,-1.0,0.0,-85.0
1777891561.1023324,3.0,4.0,-82.0
1777891561.1123323,5.0,0.0,-80.0
1777891561.1223323,0.0,0.0,-73.0
1777891561.1323323,-2.0,-3.0,-75.0
1777891561.1423323,1.0,-3.0,-73.0
1777891561.1523323,0.0,-5.0,-64.0
1777891561.1623323,0.0,-5.0,-58.0
1777891561.1723323,-1.0,-8.0,-65.0
1777891561.1823325,-2.0,-3.0,-65.0
1777891561.1923325,-5.0,-3.0,-71.0
1777891561.2023325,-2.0,-4.0,-64.0
1777891561.2123325,0.0,-3.0,-72.0
1777891561.2223325,2.0,0.0,-76.0
1777891561.2323325,2.0,-5.0,-74.0
1777891561.2423325,-2.0,-5.0,-73.0
1777891561.2523324,-6.0,-9.0,-72.0
1777891561.2623324,-4.0,-7.0,-69.0
1777891561.2723324,-2.0,-5.0,-70.0
1777891561.2823324,1.0,-8.0,-80.0
1777891561.2923324,2.0,-5.0,-86.0
1777891561.3023324,0.0,-6.0,-86.0
1777891561.3123324,0.0,-4.0,-80.0
1777891561.3223324,0.0,-2.0,-82.0
1777891561.3323324,1.0,2.0,-85.0
1777891561.3423324,2.0,5.0,-74.0
1777891561.3523324,1.0,6.0,-72.0
1777891561.3623323,1.0,3.0,-73.0
1777891561.3723323,0.0,4.0,-74.0
1777891561.3823323,0.0,5.0,-71.0
1777891561.3923323,4.0,3.0,-70.0
1777891561.4023323,5.0,1.0,-74.0
1777891561.4123323,0.0,1.0,-75.0
1777891561.4223323,0.0,0.0,-68.0
1777891561.4323325,0.0,1.0,-63.0
1777891561.4423325,-3.0,-2.0,-71.0
1777891561.4523325,-6.0,-6.0,-71.0
1777891561.4623325,-4.0,-7.0,-70.0
1777891561.4723325,-2.0,-5.0,-73.0
1777891561.4823325,0.0,0.0,-70.0
1777891561.4923325,3.0,0.0,-61.0
1777891561.5023324,4.0,1.0,-70.0
1777891561.5123324,0.0,0.0,-72.0
1777891561.5223324,-4.0,0.0,-79.0
1777891561.5323324,-4.0,0.0,-80.0
1777891561.5423324,-3.0,0.0,-82.0
1777891561.5523324,0.0,2.0,-78.0
1777891561.5623324,0.0,1.0,-71.0
1777891561.5723324,-3.0,3.0,-70.0
1777891561.5823324,-8.0,4.0,-73.0
1777891561.5923324,-3.0,5.0,-73.0
1777891561.6023324,0.0,0.0,-68.0
1777891561.6123323,3.0,-1.0,-66.0
1777891561.6223323,3.0,-6.0,-63.0
1777891561.6323323,1.0,-5.0,-61.0
1777891561.6423323,3.0,-4.0,-55.0
1777891561.6523323,6.0,0.0,-61.0
1777891561.6623323,2.0,0.0,-66.0
1777891561.6723323,0.0,1.0,-67.0
1777891561.6823325,6.0,5.0,-76.0
1777891561.6923325,2.0,5.0,-79.0
1777891561.7023325,-2.0,6.0,-83.0
1777891561.7123325,-3.0,4.0,-82.0
1777891561.7223325,0.0,4.0,-81.0
1777891561.7323325,3.0,1.0,-82.0
1777891561.7423325,6.0,1.0,-81.0
1777891561.7523324,3.0,1.0,-85.0
1777891561.7623324,6.0,0.0,-88.0
1777891561.7723324,5.0,2.0,-84.0
1777891561.7823324,3.0,0.0,-75.0
1777891561.7923324,5.0,0.0,-67.0
1777891561.8023324,0.0,-1.0,-66.0
1777891561.8123324,-1.0,0.0,-65.0
1777891561.8223324,-1.0,1.0,-65.0
1777891561.8323324,-2.0,2.0,-70.0
1777891561.8423324,-4.0,0.0,-75.0
1777891561.8523324,-7.0,4.0,-78.0
1777891561.8623323,-2.0,3.0,-76.0
1777891561.8723323,0.0,5.0,-74.0
1777891561.8823323,0.0,1.0,-78.0
1777891561.8923323,2.0,2.0,-82.0
1777891561.9023323,0.0,1.0,-84.0
1777891561.9123323,0.0,2.0,-84.0
1777891561.9223323,0.0,2.0,-83.0
1777891561.9323325,1.0,2.0,-82.0
1777891561.9423325,-1.0,0.0,-76.0
1777891561.9523325,-4.0,-2.0,-74.0
1777891561.9623325,-4.0,0.0,-71.0
1777891561.9723325,-1.0,1.0,-72.0
1777891561.9823325,-3.0,0.0,-72.0
1777891561.9923325,2.0,1.0,-66.0
1777891562.0023324,4.0,2.0,-71.0
1777891562.0123324,6.0,0.0,-75.0
1777891562.0223324,6.0,0.0,-78.0
1777891562.0323324,9.0,2.0,-81.0
1777891562.0423324,5.0,0.0,-81.0
1777891562.0523324,1.0,-1.0,-81.0
1777891562.0623324,2.0,0.0,-80.0
1777891562.0723324,0.0,4.0,-77.0
1777891562.0823324,-1.0,1.0,-80.0
1777891562.0923324,0.0,0.0,-84.0
1777891562.1023324,6.0,0.0,-79.0
1777891562.1123323,2.0,7.0,-78.0
1777891562.1223323,-2.0,3.0,-75.0
1777891562.1323323,-2.0,-1.0,-78.0
1777891562.1423323,-4.0,2.0,-74.0
1777891562.1523323,-1.0,2.0,-77.0
1777891562.1623323,-3.0,0.0,-80.0
1777891562.1723323,-1.0,0.0,-82.0
1777891562.1823325,-4.0,-2.0,-81.0
1777891562.1923325,-3.0,-7.0,-79.0
1777891562.2023325,-2.0,-6.0,-82.0
1777891562.2123325,-6.0,-1.0,-78.0
1777891562.2223325,-9.0,-1.0,-80.0
1777891562.2323325,-8.0,0.0,-78.0
1777891562.2423325,-9.0,4.0,-73.0
1777891562.2523324,-3.0,4.0,-74.0
1777891562.2623324,-1.0,4.0,-74.0
1777891562.2723324,-5.0,4.0,-75.0
1777891562.2823324,-8.0,10.0,-79.0
1777891562.2923324,-6.0,9.0,-75.0
1777891562.3023324,-1.0,7.0,-74.0
1777891562.3123324,0.0,8.0,-66.0
1777891562.3223324,0.0,4.0,-63.0
1777891562.3323324,3.0,2.0,-65.0
1777891562.3423324,2.0,1.0,-70.0
1777891562.3523324,1.0,0.0,-68.0
1777891562.3623323,3.0,0.0,-74.0
1777891562.3723323,1.0,1.0,-78.0
1777891562.3823323,-1.0,3.0,-79.0
1777891562.3923323,0.0,1.0,-76.0
1777891562.4023323,1.0,2.0,-70.0
1777891562.4123323,0.0,5.0,-70.0
1777891562.4223323,0.0,5.0,-69.0
1777891562.4323325,0.0,4.0,-70.0
1777891562.4423325,-3.0,4.0,-63.0
1777891562.4523325,-4.0,2.0,-61.0
1777891562.4623325,-2.0,3.0,-62.0
1777891562.4723325,3.0,3.0,-61.0
1777891562.4823325,3.0,1.0,-70.0
1777891562.4923325,2.0,3.0,-71.0
1777891562.5023324,-1.0,0.0,-76.0
1777891562.5123324,2.0,-3.0,-75.0
1777891562.5223324,5.0,-3.0,-71.0
1777891562.5323324,3.0,0.0,-69.0
1777891562.5423324,1.0,0.0,-71.0
1777891562.5523324,-1.0,-3.0,-67.0
1777891562.5623324,-3.0,-11.0,-70.0
1777891562.5723324,2.0,-9.0,-70.0
1777891562.5823324,3.0,-3.0,-70.0
1777891562.5923324,3.0,-2.0,-66.0
1777891562.6023324,0.0,0.0,-69.0
1777891562.6123323,2.0,-2.0,-61.0
1777891562.6223323,3.0,-5.0,-60.0
1777891562.6323323,3.0,-3.0,-64.0
1777891562.6423323,2.0,-2.0,-66.0
1777891562.6523323,-2.0,0.0,-69.0
1777891562.6623323,-2.0,2.0,-67.0
1777891562.6723323,-2.0,2.0,-61.0
1777891562.6823325,-3.0,2.0,-59.0
1777891562.6923325,0.0,0.0,-62.0
1777891562.7023325,1.0,3.0,-58.0
1777891562.7123325,-3.0,5.0,-70.0
1777891562.7223325,-4.0,-1.0,-72.0
1777891562.7323325,-2.0,-1.0,-64.0
1777891562.7423325,-5.0,-5.0,-64.0
1777891562.7523324,-3.0,-4.0,-68.0
1777891562.7623324,1.0,0.0,-72.0
1777891562.7723324,1.0,-2.0,-70.0
1777891562.7823324,0.0,-2.0,-68.0
1777891562.7923324,-1.0,-3.0,-59.0
1777891562.8023324,-5.0,-4.0,-57.0
1777891562.8123324,-1.0,-9.0,-59.0
1777891562.8223324,-3.0,-7.0,-54.0
1777891562.8323324,-3.0,-6.0,-56.0
1777891562.8423324,-1.0,-2.0,-62.0
1777891562.8523324,0.0,-1.0,-62.0
1777891562.8623323,-3.0,-8.0,-60.0
1777891562.8723323,-6.0,-14.0,-68.0
1777891562.8823323,-2.0,-11.0,-77.0
1777891562.8923323,0.0,-6.0,-78.0
1777891562.9023323,0.0,-2.0,-82.0
1777891562.9123323,1.0,0.0,-77.0
1777891562.9223323,3.0,2.0,-76.0
1777891562.9323325,2.0,-1.0,-76.0
1777891562.9423325,0.0,0.0,-74.0
1777891562.9523325,0.0,4.0,-75.0
1777891562.9623325,-3.0,5.0,-78.0
1777891562.9723325,1.0,3.0,-78.0
1777891562.9823325,2.0,-3.0,-76.0
1777891562.9923325,3.0,-2.0,-84.0
1777891563.0023324,1.0,-1.0,-77.0
1777891563.0123324,1.0,0.0,-81.0
1777891563.0223324,1.0,1.0,-76.0
1777891563.0333323,0.0,-1.0,-79.0
1777891563.0423324,2.0,0.0,-77.0
1777891563.0523324,0.0,1.0,-77.0
1777891563.0623324,2.0,1.0,-73.0
1777891563.0733323,3.0,1.0,-69.0
1777891563.0833323,5.0,0.0,-69.0
1777891563.0933323,6.0,-2.0,-74.0
1777891563.1033323,6.0,-1.0,-80.0
1777891563.1133325,7.0,-7.0,-81.0
1777891563.1233325,5.0,-3.0,-73.0
1777891563.1333325,3.0,-6.0,-65.0
1777891563.1433325,4.0,-4.0,-67.0
1777891563.1533325,8.0,-4.0,-72.0
1777891563.1633325,9.0,-2.0,-75.0
1777891563.1733325,1.0,-1.0,-77.0
1777891563.1833324,0.0,1.0,-75.0
1777891563.1933324,1.0,0.0,-75.0
1777891563.2033324,2.0,0.0,-75.0
1777891563.2133324,4.0,-2.0,-76.0
1777891563.2233324,7.0,-1.0,-81.0
1777891563.2333324,5.0,-3.0,-77.0
1777891563.2433324,1.0,-3.0,-79.0
1777891563.2533324,1.0,-1.0,-83.0
1777891563.2633324,0.0,-2.0,-83.0
1777891563.2733324,6.0,-1.0,-80.0
1777891563.2833323,1.0,0.0,-78.0
1777891563.2933323,-1.0,-2.0,-72.0
1777891563.3033323,1.0,-1.0,-71.0
1777891563.3133323,-4.0,0.0,-68.0
1777891563.3233323,-2.0,-2.0,-67.0
1777891563.3333323,1.0,-5.0,-66.0
1777891563.3433323,3.0,-5.0,-64.0
1777891563.3533323,1.0,-5.0,-72.0
1777891563.3633325,0.0,-6.0,-79.0
1777891563.3733325,1.0,-5.0,-74.0
1777891563.3833325,0.0,-3.0,-79.0
1777891563.3933325,4.0,-2.0,-75.0
1777891563.4033325,1.0,-5.0,-75.0
1777891563.4133325,-1.0,-4.0,-71.0
1777891563.4233325,-2.0,-1.0,-70.0
1777891563.4333324,-4.0,0.0,-75.0
1777891563.4433324,-5.0,0.0,-71.0
1777891563.4533324,-1.0,0.0,-65.0
1777891563.4633324,-1.0,-3.0,-71.0
1777891563.4733324,-1.0,-7.0,-69.0
1777891563.4833324,0.0,-6.0,-62.0
1777891563.4933324,4.0,-2.0,-57.0
1777891563.5033324,8.0,0.0,-64.0
1777891563.5133324,6.0,-5.0,-64.0
1777891563.5233324,3.0,-3.0,-64.0
1777891563.5333323,-1.0,-3.0,-72.0
1777891563.5433323,0.0,-5.0,-70.0
1777891563.5533323,2.0,-3.0,-69.0
1777891563.5633323,0.0,-2.0,-69.0
1777891563.5733323,0.0,-3.0,-64.0
1777891563.5833323,0.0,-5.0,-65.0
1777891563.5933323,-1.0,-11.0,-64.0
1777891563.6033323,-3.0,-11.0,-64.0
1777891563.6133325,1.0,-7.0,-63.0
1777891563.6233325,-3.0,-1.0,-59.0
1777891563.6333325,-3.0,-2.0,-63.0
1777891563.6433325,-5.0,0.0,-70.0
1777891563.6533325,-3.0,0.0,-71.0
1777891563.6633325,-5.0,-1.0,-75.0
1777891563.6733325,-4.0,-6.0,-77.0
1777891563.6833324,1.0,-1.0,-78.0
1777891563.6933324,3.0,0.0,-76.0
1777891563.7033324,0.0,0.0,-78.0
1777891563.7133324,2.0,-1.0,-78.0
1777891563.7233324,-2.0,0.0,-77.0
1777891563.7333324,-3.0,5.0,-74.0
1777891563.7433324,-2.0,5.0,-72.0
1777891563.7533324,1.0,0.0,-68.0
1777891563.7633324,1.0,0.0,-72.0
1777891563.7733324,5.0,0.0,-70.0
1777891563.7833323,5.0,-2.0,-71.0
1777891563.7933323,4.0,-2.0,-68.0
1777891563.8033323,5.0,-3.0,-65.0
1777891563.8133323,4.0,-1.0,-70.0
1777891563.8233323,3.0,-1.0,-73.0
1777891563.8333323,2.0,0.0,-77.0
1777891563.8433323,-3.0,0.0,-78.0
1777891563.8533323,-8.0,-1.0,-80.0
1777891563.8633325,-9.0,0.0,-79.0
1777891563.8733325,-6.0,-3.0,-74.0
1777891563.8833325,-5.0,0.0,-75.0
1777891563.8933325,-5.0,0.0,-80.0
1777891563.9033325,-8.0,0.0,-77.0
1777891563.9133325,-6.0,-1.0,-70.0
1777891563.9233325,-9.0,-5.0,-68.0
1777891563.9333324,-7.0,-2.0,-69.0
1777891563.9433324,-7.0,0.0,-74.0
1777891563.9533324,-2.0,2.0,-73.0
1777891563.9633324,-6.0,1.0,-69.0
1777891563.9733324,-6.0,3.0,-73.0
1777891563.9833324,-5.0,6.0,-65.0
1777891563.9933324,-1.0,3.0,-69.0
1777891564.0033324,-3.0,4.0,-68.0
1777891564.0133324,0.0,2.0,-79.0
1777891564.0233324,1.0,-3.0,-80.0
1777891564.0333323,2.0,0.0,-79.0
1777891564.0433323,4.0,-2.0,-74.0
1777891564.0533323,4.0,-2.0,-71.0
1777891564.0633323,3.0,0.0,-68.0
1777891564.0733323,4.0,0.0,-67.0
1777891564.0833323,8.0,4.0,-64.0
1777891564.0933323,7.0,4.0,-68.0
1777891564.1033323,7.0,5.0,-68.0
1777891564.1133325,5.0,5.0,-69.0
1777891564.1233325,1.0,2.0,-72.0
1777891564.1333325,0.0,0.0,-74.0
1777891564.1433325,-1.0,1.0,-76.0
1777891564.1533325,-1.0,1.0,-71.0
1777891564.1633325,0.0,2.0,-69.0
1777891564.1733325,1.0,3.0,-67.0
1777891564.1833324,7.0,1.0,-62.0
1777891564.1933324,11.0,3.0,-63.0
1777891564.2033324,7.0,2.0,-69.0
1777891564.2133324,6.0,0.0,-67.0
1777891564.2233324,5.0,-1.0,-72.0
1777891564.2333324,2.0,0.0,-73.0
1777891564.2433324,0.0,-1.0,-72.0
1777891564.2533324,3.0,0.0,-72.0
1777891564.2633324,4.0,5.0,-76.0
1777891564.2733324,5.0,8.0,-82.0
1777891564.2833323,5.0,4.0,-72.0
1777891564.2933323,1.0,2.0,-72.0
1777891564.3033323,-3.0,1.0,-70.0
1777891564.3133323,-5.0,4.0,-75.0
1777891564.3233323,-6.0,2.0,-71.0
1777891564.3333323,-7.0,1.0,-72.0
1777891564.3433323,-1.0,2.0,-70.0
1777891564.3533323,0.0,3.0,-69.0
1777891564.3633325,-3.0,1.0,-70.0
1777891564.3733325,-3.0,0.0,-73.0
1777891564.3833325,-7.0,0.0,-74.0
1777891564.3933325,-6.0,0.0,-77.0
1777891564.4033325,-5.0,0.0,-76.0
1777891564.4133325,-3.0,3.0,-74.0
1777891564.4233325,-3.0,2.0,-75.0
1777891564.4333324,-4.0,-1.0,-75.0
1777891564.4433324,-2.0,-2.0,-73.0
1777891564.4533324,-2.0,-4.0,-70.0
1777891564.4633324,-1.0,-5.0,-67.0
1777891564.4733324,-4.0,-1.0,-60.0
1777891564.4833324,1.0,-3.0,-64.0
1777891564.4933324,0.0,0.0,-69.0
1777891564.5033324,4.0,0.0,-68.0
1777891564.5133324,6.0,-1.0,-73.0
1777891564.5233324,2.0,0.0,-77.0
1777891564.5333323,0.0,-1.0,-75.0
1777891564.5433323,-5.0,-4.0,-73.0
1777891564.5533323,-4.0,-5.0,-77.0
1777891564.5633323,-4.0,-2.0,-70.0
1777891564.5733323,-4.0,0.0,-73.0
1777891564.5833323,-3.0,7.0,-70.0
1777891564.5933323,0.0,7.0,-75.0
1777891564.6033323,-2.0,5.0,-77.0
1777891564.6133325,7.0,0.0,-82.0
1777891564.6233325,9.0,0.0,-83.0
1777891564.6333325,6.0,1.0,-86.0
1777891564.6433325,6.0,0.0,-84.0
1777891564.6533325,4.0,2.0,-75.0
1777891564.6633325,6.0,5.0,-72.0
1777891564.6733325,7.0,1.0,-75.0
1777891564.6833324,1.0,-1.0,-73.0
1777891564.6933324,1.0,-2.0,-75.0
1777891564.7033324,-2.0,0.0,-82.0
1777891564.7133324,-2.0,0.0,-82.0
1777891564.7233324,-3.0,-2.0,-81.0
1777891564.7333324,-5.0,0.0,-77.0
1777891564.7433324,0.0,1.0,-76.0
1777891564.7533324,2.0,1.0,-70.0
1777891564.7633324,-2.0,2.0,-75.0
1777891564.7733324,-2.0,3.0,-73.0
1777891564.7833323,0.0,0.0,-71.0
1777891564.7933323,0.0,0.0,-63.0
1777891564.8033323,-1.0,0.0,-63.0
1777891564.8133323,-2.0,0.0,-67.0
1777891564.8233323,-3.0,-4.0,-68.0
1777891564.8333323,-2.0,-3.0,-67.0
1777891564.8433323,3.0,-1.0,-66.0
1777891564.8533323,3.0,0.0,-65.0
1777891564.8633325,4.0,0.0,-71.0
1777891564.8733325,11.0,1.0,-69.0
1777891564.8833325,9.0,2.0,-73.0
1777891564.8933325,6.0,-1.0,-80.0
1777891564.9033325,0.0,0.0,-80.0
1777891564.9133325,0.0,-1.0,-80.0
1777891564.9233325,-1.0,-1.0,-81.0
1777891564.9333324,-2.0,-2.0,-84.0
1777891564.9433324,-4.0,0.0,-88.0
1777891564.9533324,-4.0,-3.0,-87.0
1777891564.9633324,-3.0,-6.0,-81.0
1777891564.9733324,-4.0,-14.0,-73.0
1777891564.9833324,-3.0,-14.0,-72.0
1777891564.9933324,-5.0,-9.0,-66.0
1777891565.0033324,0.0,-12.0,-63.0
1777891565.0133324,-2.0,-13.0,-67.0
1777891565.0233324,-5.0,-9.0,-74.0
1777891565.0333323,-1.0,-6.0,-69.0
1777891565.0433323,0.0,-9.0,-65.0
1777891565.0533323,-1.0,-8.0,-67.0
1777891565.0633323,-6.0,-9.0,-69.0
1777891565.0743325,-2.0,-5.0,-69.0
1777891565.0843325,-1.0,-3.0,-67.0
1777891565.0943325,-2.0,-3.0,-62.0
1777891565.1043324,1.0,1.0,-63.0
1777891565.1143324,2.0,1.0,-67.0
1777891565.1243324,4.0,3.0,-74.0
1777891565.1343324,2.0,2.0,-82.0
1777891565.1443324,3.0,1.0,-84.0
1777891565.1543324,1.0,0.0,-84.0
1777891565.1643324,1.0,0.0,-80.0
1777891565.1743324,0.0,-6.0,-81.0
1777891565.1843324,5.0,-7.0,-79.0
1777891565.1943324,7.0,-7.0,-79.0
1777891565.2043324,6.0,-8.0,-79.0
1777891565.2143323,7.0,-11.0,-81.0
1777891565.2243323,2.0,-9.0,-75.0
1777891565.2343323,1.0,-6.0,-74.0
1777891565.2443323,1.0,-2.0,-71.0
1777891565.2543323,0.0,0.0,-68.0
1777891565.2643323,0.0,0.0,-72.0
1777891565.2743323,2.0,2.0,-74.0
1777891565.2843325,2.0,3.0,-75.0
1777891565.2943325,-1.0,4.0,-76.0
1777891565.3043325,3.0,2.0,-78.0
1777891565.3143325,1.0,5.0,-71.0
1777891565.3243325,5.0,3.0,-68.0
1777891565.3343325,2.0,0.0,-69.0
1777891565.3443325,5.0,0.0,-70.0
1777891565.3543324,4.0,3.0,-76.0
1777891565.3643324,4.0,3.0,-79.0
1777891565.3743324,6.0,3.0,-75.0
1777891565.3843324,6.0,0.0,-73.0
1777891565.3943324,4.0,0.0,-70.0
1777891565.4043324,4.0,-4.0,-72.0
1777891565.4143324,3.0,-3.0,-73.0
1777891565.4243324,4.0,-2.0,-66.0
1777891565.4343324,6.0,0.0,-68.0
1777891565.4443324,8.0,1.0,-71.0
1777891565.4543324,5.0,6.0,-79.0
1777891565.4643323,3.0,2.0,-78.0
1777891565.4743323,3.0,-4.0,-72.0
1777891565.4843323,0.0,-3.0,-68.0
1777891565.4943323,-1.0,-9.0,-62.0
1777891565.5043323,0.0,-7.0,-59.0
1777891565.5143323,0.0,-4.0,-61.0
1777891565.5243323,1.0,0.0,-59.0
1777891565.5343325,6.0,1.0,-63.0
1777891565.5443325,8.0,0.0,-64.0
1777891565.5543325,9.0,2.0,-70.0
1777891565.5643325,6.0,0.0,-76.0
1777891565.5743325,9.0,-5.0,-77.0
1777891565.5843325,11.0,-6.0,-75.0
1777891565.5943325,10.0,-6.0,-80.0
1777891565.6043324,5.0,-7.0,-83.0
1777891565.6143324,7.0,-9.0,-79.0
1777891565.6243324,1.0,-6.0,-81.0
1777891565.6343324,0.0,-4.0,-73.0
1777891565.6443324,1.0,-2.0,-70.0
1777891565.6543324,2.0,1.0,-68.0
1777891565.6643324,6.0,4.0,-68.0
1777891565.6743324,5.0,3.0,-63.0
1777891565.6843324,1.0,-1.0,-67.0
1777891565.6943324,0.0,0.0,-71.0
1777891565.7043324,-1.0,2.0,-62.0
1777891565.7143323,-2.0,3.0,-69.0
1777891565.7243323,-4.0,6.0,-69.0
1777891565.7343323,-3.0,7.0,-66.0
1777891565.7443323,-2.0,7.0,-67.0
1777891565.7543323,-1.0,3.0,-74.0
1777891565.7643323,-3.0,-1.0,-78.0
1777891565.7743323,2.0,-1.0,-79.0
1777891565.7843325,4.0,1.0,-81.0
1777891565.7943325,4.0,1.0,-78.0
1777891565.8043325,3.0,-2.0,-76.0
1777891565.8143325,4.0,-3.0,-74.0
1777891565.8243325,4.0,-3.0,-69.0
1777891565.8343325,3.0,-6.0,-68.0
1777891565.8443325,1.0,-7.0,-66.0
1777891565.8543324,2.0,-4.0,-68.0
1777891565.8643324,4.0,-7.0,-75.0
1777891565.8743324,1.0,-6.0,-77.0
1777891565.8843324,1.0,-5.0,-81.0
1777891565.8943324,3.0,-2.0,-87.0
1777891565.9043324,4.0,-5.0,-88.0
1777891565.9143324,4.0,0.0,-79.0
1777891565.9243324,4.0,0.0,-79.0
1777891565.9343324,0.0,0.0,-83.0
1777891565.9443324,3.0,0.0,-79.0
1777891565.9543324,3.0,-1.0,-75.0
1777891565.9643323,5.0,-5.0,-76.0
1777891565.9743323,7.0,-7.0,-76.0
1777891565.9843323,6.0,-5.0,-78.0
1777891565.9943323,3.0,-5.0,-73.0
1777891566.0043323,4.0,-2.0,-72.0
1777891566.0143323,9.0,-2.0,-66.0
1777891566.0243323,8.0,-3.0,-71.0
1777891566.0343325,5.0,-2.0,-74.0
1777891566.0443325,6.0,0.0,-84.0
1777891566.0543325,7.0,5.0,-82.0
1777891566.0643325,3.0,9.0,-80.0
1777891566.0743325,4.0,8.0,-78.0
1777891566.0843325,0.0,8.0,-75.0
1777891566.0943325,3.0,10.0,-80.0
1777891566.1043324,0.0,8.0,-79.0
1777891566.1143324,2.0,3.0,-76.0
1777891566.1243324,2.0,1.0,-69.0
1777891566.1343324,4.0,2.0,-66.0
1777891566.1443324,1.0,1.0,-69.0
1777891566.1543324,1.0,2.0,-73.0
1777891566.1643324,0.0,0.0,-68.0
1777891566.1743324,-2.0,2.0,-63.0
1777891566.1843324,-4.0,1.0,-64.0
1777891566.1943324,-9.0,3.0,-70.0
1777891566.2043324,-11.0,6.0,-68.0
1777891566.2143323,-8.0,7.0,-69.0
1777891566.2243323,-9.0,9.0,-71.0
1777891566.2343323,-7.0,6.0,-69.0
1777891566.2443323,-7.0,3.0,-72.0
1777891566.2543323,-2.0,2.0,-67.0
1777891566.2643323,-3.0,0.0,-72.0
1777891566.2743323,-2.0,0.0,-72.0
1777891566.2843325,-3.0,5.0,-69.0
1777891566.2943325,-2.0,7.0,-77.0
1777891566.3043325,-1.0,1.0,-76.0
1777891566.3143325,0.0,-4.0,-75.0
1777891566.3243325,0.0,-10.0,-78.0
1777891566.3343325,1.0,-4.0,-70.0
1777891566.3443325,0.0,0.0,-69.0
1777891566.3543324,-2.0,0.0,-76.0
1777891566.3643324,0.0,-1.0,-75.0
1777891566.3743324,0.0,-1.0,-75.0
1777891566.3843324,-1.0,-2.0,-77.0
1777891566.3943324,-2.0,-4.0,-76.0
1777891566.4043324,-3.0,-6.0,-71.0
1777891566.4143324,0.0,-8.0,-65.0
1777891566.4243324,0.0,-6.0,-62.0
1777891566.4343324,0.0,-7.0,-66.0
1777891566.4443324,0.0,-5.0,-65.0
1777891566.4543324,0.0,-3.0,-64.0
1777891566.4643323,-2.0,-1.0,-64.0
1777891566.4743323,0.0,-2.0,-68.0
1777891566.4843323,2.0,-4.0,-68.0
1777891566.4943323,0.0,-2.0,-71.0
1777891566.5043323,-1.0,-5.0,-71.0
1777891566.5143323,-1.0,-5.0,-75.0
1777891566.5243323,-5.0,-7.0,-68.0
1777891566.5343325,-4.0,-6.0,-64.0
1777891566.5443325,1.0,-4.0,-63.0
1777891566.5543325,2.0,-2.0,-68.0
1777891566.5643325,-5.0,-1.0,-65.0
1777891566.5743325,-10.0,0.0,-64.0
1777891566.5843325,-6.0,-2.0,-64.0
1777891566.5943325,-4.0,-2.0,-58.0
1777891566.6043324,0.0,-5.0,-53.0
1777891566.6143324,0.0,-5.0,-60.0
1777891566.6243324,-2.0,-6.0,-62.0
1777891566.6343324,-2.0,-5.0,-67.0
1777891566.6443324,-5.0,-3.0,-75.0
1777891566.6543324,-4.0,-3.0,-72.0
1777891566.6643324,0.0,-5.0,-69.0
1777891566.6743324,0.0,-11.0,-73.0
1777891566.6843324,-4.0,-12.0,-72.0
1777891566.6943324,-6.0,-7.0,-75.0
1777891566.7043324,-6.0,-5.0,-79.0
1777891566.7143323,-4.0,-5.0,-77.0
1777891566.7243323,0.0,-6.0,-69.0
1777891566.7343323,5.0,-7.0,-71.0
1777891566.7443323,4.0,-5.0,-74.0
1777891566.7543323,0.0,-5.0,-74.0
1777891566.7643323,0.0,-2.0,-69.0
1777891566.7743323,1.0,1.0,-68.0
1777891566.7843325,1.0,6.0,-73.0
1777891566.7943325,2.0,6.0,-77.0
1777891566.8043325,2.0,6.0,-79.0
1777891566.8143325,-1.0,3.0,-74.0
1777891566.8243325,-1.0,4.0,-70.0
1777891566.8343325,-2.0,5.0,-72.0
1777891566.8443325,0.0,2.0,-74.0
1777891566.8543324,0.0,1.0,-69.0
1777891566.8643324,1.0,3.0,-67.0
1777891566.8743324,0.0,0.0,-75.0
1777891566.8843324,0.0,0.0,-82.0
1777891566.8943324,2.0,-3.0,-79.0
1777891566.9043324,2.0,-1.0,-72.0
1777891566.9143324,2.0,0.0,-74.0
1777891566.9243324,2.0,-2.0,-73.0
1777891566.9343324,2.0,-8.0,-68.0
1777891566.9443324,-3.0,-6.0,-74.0
1777891566.9543324,-6.0,-6.0,-73.0
1777891566.9643323,0.0,-12.0,-66.0
1777891566.9743323,-1.0,-8.0,-65.0
1777891566.9843323,-1.0,-3.0,-71.0
1777891566.9943323,-1.0,-3.0,-71.0
1777891567.0043323,0.0,-3.0,-74.0
1777891567.0143323,0.0,-3.0,-73.0
1777891567.0243323,-5.0,-1.0,-65.0
1777891567.0343325,-4.0,-2.0,-69.0
1777891567.0443325,0.0,-5.0,-73.0
1777891567.0553324,2.0,-1.0,-69.0
1777891567.0653324,3.0,2.0,-71.0
1777891567.0753324,0.0,-1.0,-70.0
1777891567.0853324,0.0,-3.0,-74.0
1777891567.0953324,-1.0,-2.0,-76.0
1777891567.1043324,0.0,-2.0,-72.0
1777891567.1153324,0.0,-4.0,-74.0
1777891567.1253324,-1.0,-5.0,-78.0
1777891567.1353323,0.0,-5.0,-78.0
1777891567.1453323,4.0,-6.0,-75.0
1777891567.1553323,3.0,-7.0,-78.0
1777891567.1653323,2.0,-10.0,-73.0
1777891567.1753323,-1.0,-7.0,-75.0
1777891567.1853323,3.0,-6.0,-78.0
1777891567.1953323,0.0,-4.0,-73.0
1777891567.2053325,0.0,-3.0,-67.0
1777891567.2153325,0.0,-4.0,-73.0
1777891567.2253325,-1.0,-3.0,-76.0
1777891567.2353325,-2.0,0.0,-70.0
1777891567.2453325,-2.0,2.0,-67.0
1777891567.2553325,-1.0,2.0,-71.0
1777891567.2653325,-4.0,2.0,-70.0
1777891567.2753325,-3.0,0.0,-66.0
1777891567.2853324,0.0,-2.0,-66.0
1777891567.2953324,-3.0,-4.0,-62.0
1777891567.3053324,-4.0,-4.0,-65.0
1777891567.3153324,-4.0,-1.0,-69.0
1777891567.3253324,0.0,1.0,-63.0
1777891567.3353324,0.0,1.0,-65.0
1777891567.3453324,1.0,7.0,-69.0
1777891567.3553324,-1.0,5.0,-72.0
1777891567.3653324,0.0,0.0,-75.0
1777891567.3753324,-1.0,0.0,-66.0
1777891567.3853323,0.0,-1.0,-66.0
1777891567.3953323,1.0,0.0,-71.0
1777891567.4053323,4.0,0.0,-76.0
1777891567.4153323,7.0,0.0,-73.0
1777891567.4253323,5.0,0.0,-73.0
1777891567.4353323,3.0,3.0,-72.0
1777891567.4453323,4.0,2.0,-63.0
1777891567.4553325,2.0,-1.0,-65.0
1777891567.4653325,-1.0,-3.0,-63.0
1777891567.4753325,-3.0,-1.0,-63.0
1777891567.4853325,-1.0,0.0,-62.0
1777891567.4953325,0.0,0.0,-69.0
1777891567.5053325,2.0,4.0,-65.0
1777891567.5153325,4.0,4.0,-73.0
1777891567.5253325,3.0,2.0,-71.0
1777891567.5353324,4.0,1.0,-64.0
1777891567.5453324,1.0,1.0,-65.0
1777891567.5553324,2.0,0.0,-70.0
1777891567.5653324,8.0,1.0,-70.0
1777891567.5753324,8.0,0.0,-77.0
1777891567.5853324,6.0,1.0,-78.0
1777891567.5953324,3.0,0.0,-76.0
1777891567.6053324,4.0,2.0,-68.0
1777891567.6153324,2.0,0.0,-64.0
1777891567.6253324,-1.0,3.0,-58.0
1777891567.6353323,0.0,6.0,-70.0
1777891567.6453323,0.0,5.0,-77.0
1777891567.6553323,2.0,1.0,-81.0
1777891567.6653323,1.0,0.0,-77.0
1777891567.6753323,-1.0,-1.0,-81.0
1777891567.6853323,-1.0,2.0,-74.0
1777891567.6953323,0.0,2.0,-65.0
1777891567.7053325,0.0,0.0,-67.0
1777891567.7153325,0.0,1.0,-70.0
1777891567.7253325,2.0,4.0,-75.0
1777891567.7353325,2.0,3.0,-69.0
1777891567.7453325,1.0,7.0,-70.0
1777891567.7553325,3.0,6.0,-74.0
1777891567.7653325,10.0,7.0,-75.0
1777891567.7753325,7.0,5.0,-73.0
1777891567.7853324,4.0,4.0,-72.0
1777891567.7963324,3.0,1.0,-73.0
1777891567.8053324,-1.0,0.0,-70.0
1777891567.8153324,0.0,2.0,-78.0
1777891567.8253324,0.0,0.0,-83.0
1777891567.8353324,4.0,-4.0,-80.0
1777891567.8453324,7.0,-7.0,-68.0
1777891567.8553324,7.0,-4.0,-70.0
1777891567.8653324,3.0,-3.0,-72.0
1777891567.8753324,1.0,0.0,-67.0
1777891567.8853323,-3.0,1.0,-69.0
1777891567.8953323,2.0,2.0,-73.0
1777891567.9053323,1.0,-1.0,-75.0
1777891567.9153323,1.0,1.0,-72.0
1777891567.9253323,3.0,2.0,-68.0
1777891567.9353323,1.0,2.0,-67.0
1777891567.9453323,-2.0,6.0,-66.0
1777891567.9553325,-1.0,4.0,-63.0
1777891567.9653325,-4.0,2.0,-64.0
1777891567.9753325,-1.0,-1.0,-62.0
1777891567.9853325,0.0,-1.0,-62.0
1777891567.9953325,0.0,0.0,-61.0
1777891568.0053325,-2.0,-3.0,-62.0
1777891568.0153325,-3.0,-1.0,-65.0
1777891568.0253325,2.0,-3.0,-67.0
1777891568.0353324,5.0,-2.0,-71.0
1777891568.0453324,7.0,-4.0,-70.0
1777891568.0553324,4.0,-2.0,-64.0
1777891568.0653324,2.0,-5.0,-65.0
1777891568.0753324,0.0,-5.0,-71.0
1777891568.0853324,-1.0,-6.0,-66.0
1777891568.0953324,1.0,-6.0,-74.0
1777891568.1053324,3.0,-1.0,-81.0
1777891568.1153324,-1.0,-1.0,-84.0
1777891568.1253324,-2.0,-1.0,-82.0
1777891568.1353323,-2.0,0.0,-74.0
1777891568.1453323,1.0,-4.0,-77.0
1777891568.1553323,-1.0,-5.0,-77.0
1777891568.1653323,-3.0,-3.0,-78.0
1777891568.1753323,-5.0,-4.0,-70.0
1777891568.1853323,-4.0,-4.0,-69.0
1777891568.1953323,-3.0,-1.0,-71.0
1777891568.2053325,-2.0,0.0,-72.0
1777891568.2153325,0.0,0.0,-70.0
1777891568.2253325,-3.0,-4.0,-72.0
1777891568.2353325,-2.0,-4.0,-68.0
1777891568.2453325,2.0,-1.0,-70.0
1777891568.2553325,2.0,-1.0,-74.0
1777891568.2653325,0.0,2.0,-78.0
1777891568.2753325,-2.0,6.0,-72.0
1777891568.2853324,-1.0,4.0,-78.0
1777891568.2953324,0.0,0.0,-75.0
1777891568.3053324,5.0,0.0,-80.0
1777891568.3153324,5.0,4.0,-77.0
1777891568.3253324,5.0,4.0,-73.0
1777891568.3353324,7.0,5.0,-72.0
1777891568.3453324,7.0,-1.0,-76.0
1777891568.3553324,9.0,-1.0,-74.0
1777891568.3653324,8.0,-1.0,-72.0
1777891568.3753324,8.0,0.0,-72.0
1777891568.3853323,4.0,2.0,-74.0
1777891568.3953323,4.0,2.0,-69.0
1777891568.4053323,3.0,2.0,-69.0
1777891568.4153323,0.0,1.0,-66.0
1777891568.4253323,0.0,2.0,-66.0
1777891568.4353323,1.0,4.0,-62.0
1777891568.4453323,0.0,0.0,-65.0
1777891568.4553325,-1.0,0.0,-68.0
1777891568.4653325,-6.0,0.0,-66.0
1777891568.4753325,2.0,0.0,-65.0
1777891568.4853325,5.0,-1.0,-69.0
1777891568.4953325,0.0,-1.0,-77.0
1777891568.5053325,-3.0,0.0,-76.0
1777891568.5153325,-9.0,1.0,-68.0
1777891568.5253325,-6.0,0.0,-64.0
1777891568.5353324,-2.0,-1.0,-60.0
1777891568.5453324,-2.0,-3.0,-64.0
1777891568.5553324,-1.0,-2.0,-71.0
1777891568.5653324,0.0,-4.0,-73.0
1777891568.5753324,0.0,-3.0,-77.0
1777891568.5853324,3.0,0.0,-80.0
1777891568.5953324,3.0,0.0,-79.0
1777891568.6053324,2.0,2.0,-80.0
1777891568.6153324,-1.0,2.0,-74.0
1777891568.6253324,-1.0,5.0,-72.0
1777891568.6353323,1.0,2.0,-69.0
1777891568.6453323,0.0,0.0,-68.0
1777891568.6553323,-2.0,0.0,-71.0
1777891568.6653323,0.0,2.0,-69.0
1777891568.6753323,-1.0,0.0,-69.0
1777891568.6853323,-3.0,-3.0,-69.0
1777891568.6953323,-5.0,-1.0,-73.0
1777891568.7053325,-2.0,0.0,-75.0
1777891568.7153325,1.0,-2.0,-81.0
1777891568.7253325,1.0,-3.0,-76.0
1777891568.7353325,0.0,-2.0,-76.0
1777891568.7453325,2.0,-3.0,-72.0
1777891568.7553325,3.0,-1.0,-72.0
1777891568.7653325,4.0,-3.0,-77.0
1777891568.7753325,2.0,-4.0,-73.0
1777891568.7853324,0.0,-1.0,-75.0
1777891568.7953324,4.0,-5.0,-73.0
1777891568.8053324,5.0,-5.0,-74.0
1777891568.8153324,0.0,0.0,-76.0
1777891568.8253324,5.0,-2.0,-73.0
1777891568.8353324,1.0,-3.0,-72.0
1777891568.8453324,0.0,-1.0,-66.0
1777891568.8553324,0.0,0.0,-69.0
1777891568.8653324,3.0,0.0,-70.0
1777891568.8753324,3.0,0.0,-71.0
1777891568.8853323,7.0,0.0,-71.0
1777891568.8953323,9.0,3.0,-69.0
1777891568.9053323,11.0,2.0,-72.0
1777891568.9153323,8.0,-1.0,-76.0
1777891568.9253323,9.0,2.0,-69.0
1777891568.9353323,3.0,4.0,-70.0
1777891568.9453323,2.0,3.0,-70.0
1777891568.9553325,-1.0,-1.0,-74.0
1777891568.9653325,-4.0,-3.0,-72.0
1777891568.9753325,-5.0,-5.0,-65.0
1777891568.9853325,-8.0,-7.0,-68.0
1777891568.9953325,-7.0,-7.0,-62.0
1777891569.0053325,-5.0,-8.0,-69.0
1777891569.0163324,-3.0,-6.0,-70.0
1777891569.0263324,0.0,-4.0,-68.0
1777891569.0353324,0.0,-4.0,-61.0
1777891569.0463324,4.0,-6.0,-67.0
1777891569.0553324,3.0,-4.0,-70.0
1777891569.0663323,0.0,0.0,-69.0
1777891569.0763323,0.0,-1.0,-66.0
1777891569.0863323,-4.0,-2.0,-69.0
1777891569.0963323,0.0,-5.0,-74.0
1777891569.1063323,-4.0,-3.0,-79.0
1777891569.1163323,-4.0,-1.0,-77.0
1777891569.1263323,-8.0,0.0,-79.0
1777891569.1363325,-7.0,0.0,-71.0
1777891569.1463325,-1.0,-2.0,-69.0
1777891569.1563325,-2.0,-7.0,-78.0
1777891569.1663325,4.0,-6.0,-84.0
1777891569.1763325,7.0,-8.0,-82.0
1777891569.1863325,9.0,-6.0,-80.0
1777891569.1963325,10.0,-1.0,-71.0
1777891569.2063324,7.0,3.0,-62.0
1777891569.2163324,4.0,1.0,-64.0
1777891569.2263324,0.0,-1.0,-69.0
1777891569.2363324,4.0,-4.0,-68.0
1777891569.2463324,6.0,0.0,-68.0
1777891569.2563324,1.0,1.0,-69.0
1777891569.2663324,-2.0,1.0,-74.0
1777891569.2763324,-2.0,3.0,-76.0
1777891569.2863324,-1.0,0.0,-71.0
1777891569.2963324,-3.0,0.0,-70.0
1777891569.3063323,0.0,0.0,-72.0
1777891569.3163323,0.0,2.0,-74.0
1777891569.3263323,0.0,4.0,-75.0
1777891569.3363323,1.0,3.0,-76.0
1777891569.3463323,2.0,3.0,-75.0
1777891569.3563323,1.0,1.0,-74.0
1777891569.3663323,1.0,0.0,-73.0
1777891569.3763323,1.0,-3.0,-77.0
1777891569.3863325,0.0,-5.0,-75.0
1777891569.3963325,0.0,-8.0,-82.0
1777891569.4063325,2.0,-9.0,-83.0
1777891569.4163325,-1.0,-9.0,-85.0
1777891569.4263325,-3.0,-10.0,-80.0
1777891569.4363325,-1.0,-5.0,-80.0
1777891569.4463325,0.0,-4.0,-74.0
1777891569.4563324,2.0,-5.0,-73.0
1777891569.4663324,3.0,-6.0,-77.0
1777891569.4763324,3.0,-8.0,-78.0
1777891569.4863324,0.0,-8.0,-75.0
1777891569.4963324,-1.0,-10.0,-71.0
1777891569.5063324,3.0,-6.0,-75.0
1777891569.5163324,6.0,-2.0,-75.0
1777891569.5263324,4.0,-5.0,-75.0
1777891569.5363324,1.0,-4.0,-69.0
1777891569.5463324,1.0,-7.0,-65.0
1777891569.5563323,2.0,-8.0,-70.0
1777891569.5663323,0.0,-4.0,-70.0
1777891569.5763323,3.0,-4.0,-71.0
1777891569.5863323,3.0,-2.0,-69.0
1777891569.5963323,0.0,0.0,-68.0
1777891569.6063323,0.0,-2.0,-70.0
1777891569.6163323,-1.0,0.0,-67.0
1777891569.6263323,-2.0,0.0,-70.0
1777891569.6363325,0.0,1.0,-69.0
1777891569.6463325,0.0,-3.0,-73.0
1777891569.6563325,3.0,-3.0,-76.0
1777891569.6663325,5.0,0.0,-80.0
1777891569.6763325,7.0,-6.0,-76.0
1777891569.6863325,2.0,-9.0,-78.0
1777891569.6963325,3.0,-6.0,-78.0
1777891569.7063324,2.0,-3.0,-77.0
1777891569.7163324,5.0,-2.0,-75.0
1777891569.7263324,6.0,0.0,-78.0
1777891569.7363324,12.0,-2.0,-76.0
1777891569.7463324,10.0,-1.0,-69.0
1777891569.7563324,11.0,0.0,-69.0
1777891569.7663324,10.0,1.0,-66.0
1777891569.7763324,7.0,3.0,-73.0
1777891569.7863324,6.0,2.0,-75.0
1777891569.7963324,2.0,2.0,-76.0
1777891569.8063323,0.0,2.0,-78.0
1777891569.8163323,-3.0,6.0,-80.0
1777891569.8263323,-4.0,10.0,-82.0
1777891569.8363323,-5.0,9.0,-83.0
1777891569.8463323,-2.0,8.0,-77.0
1777891569.8563323,-5.0,6.0,-73.0
1777891569.8663323,-1.0,2.0,-76.0
1777891569.8763323,-2.0,0.0,-81.0
1777891569.8863325,-1.0,-1.0,-79.0
1777891569.8963325,-2.0,-3.0,-75.0
1777891569.9063325,0.0,0.0,-76.0
1777891569.9163325,0.0,0.0,-74.0
1777891569.9263325,3.0,0.0,-76.0
1777891569.9363325,1.0,-8.0,-80.0
1777891569.9463325,-1.0,-10.0,-80.0
1777891569.9563324,-3.0,-4.0,-73.0
1777891569.9663324,-2.0,-1.0,-72.0
1777891569.9763324,0.0,1.0,-78.0
1777891569.9863324,3.0,-1.0,-81.0
1777891569.9963324,5.0,0.0,-78.0
1777891570.0063324,7.0,3.0,-77.0
1777891570.0163324,4.0,3.0,-79.0
1777891570.0263324,3.0,2.0,-80.0
1777891570.0363324,2.0,-1.0,-76.0
1777891570.0463324,2.0,-3.0,-74.0
1777891570.0563323,1.0,-4.0,-71.0
1777891570.0663323,-2.0,-2.0,-63.0
1777891570.0763323,-2.0,-3.0,-67.0
1777891570.0863323,1.0,-2.0,-69.0
1777891570.0963323,3.0,1.0,-72.0
1777891570.1063323,1.0,-1.0,-73.0
1777891570.1163323,3.0,-2.0,-78.0
1777891570.1263323,4.0,0.0,-80.0
1777891570.1363325,2.0,0.0,-79.0
1777891570.1463325,1.0,-3.0,-80.0
1777891570.1563325,3.0,-1.0,-78.0
1777891570.1663325,0.0,-1.0,-75.0
1777891570.1763325,1.0,-1.0,-81.0
1777891570.1863325,2.0,-1.0,-80.0
1777891570.1963325,-1.0,-3.0,-80.0
1777891570.2063324,0.0,-2.0,-81.0
1777891570.2163324,2.0,0.0,-72.0
1777891570.2263324,1.0,2.0,-77.0
1777891570.2363324,2.0,0.0,-81.0
1777891570.2463324,-1.0,0.0,-83.0
1777891570.2563324,-1.0,-2.0,-77.0
1777891570.2663324,1.0,-6.0,-82.0
1777891570.2763324,-2.0,-6.0,-83.0
1777891570.2863324,-3.0,-6.0,-75.0
1777891570.2963324,-4.0,-5.0,-68.0
1777891570.3063323,-1.0,-7.0,-70.0
1777891570.3163323,-3.0,-10.0,-76.0
1777891570.3263323,-1.0,-9.0,-74.0
1777891570.3363323,-4.0,-9.0,-70.0
1777891570.3463323,-3.0,-2.0,-75.0
1777891570.3563323,-4.0,-2.0,-75.0
1777891570.3663323,-1.0,-3.0,-79.0
1777891570.3763323,-5.0,-6.0,-75.0
1777891570.3863325,-9.0,-7.0,-73.0
1777891570.3963325,-4.0,0.0,-69.0
1777891570.4063325,0.0,0.0,-75.0
1777891570.4163325,5.0,1.0,-77.0
1777891570.4263325,6.0,1.0,-88.0
1777891570.4363325,14.0,5.0,-87.0
1777891570.4463325,10.0,3.0,-79.0
1777891570.4563324,7.0,3.0,-77.0
1777891570.4663324,7.0,6.0,-78.0
1777891570.4763324,3.0,5.0,-78.0
1777891570.4863324,1.0,6.0,-77.0
1777891570.4963324,1.0,3.0,-74.0
1777891570.5063324,1.0,1.0,-70.0
1777891570.5163324,-4.0,0.0,-72.0
1777891570.5263324,5.0,3.0,-77.0
1777891570.5363324,7.0,6.0,-83.0
1777891570.5463324,8.0,2.0,-77.0
1777891570.5563323,6.0,-2.0,-72.0
1777891570.5663323,2.0,0.0,-68.0
1777891570.5763323,6.0,2.0,-69.0
1777891570.5863323,10.0,2.0,-68.0
1777891570.5963323,11.0,1.0,-71.0
1777891570.6063323,8.0,-1.0,-72.0
1777891570.6163323,11.0,0.0,-79.0
1777891570.6263323,9.0,-5.0,-83.0
1777891570.6363325,8.0,-5.0,-78.0
1777891570.6463325,6.0,-3.0,-79.0
1777891570.6563325,7.0,-6.0,-77.0
1777891570.6663325,2.0,-7.0,-74.0
1777891570.6763325,3.0,-1.0,-76.0
1777891570.6863325,1.0,0.0,-75.0
1777891570.6963325,4.0,-1.0,-75.0
1777891570.7063324,8.0,-2.0,-74.0
1777891570.7163324,9.0,-2.0,-71.0
1777891570.7263324,4.0,-6.0,-72.0
1777891570.7363324,3.0,-5.0,-75.0
1777891570.7463324,2.0,-2.0,-76.0
1777891570.7563324,4.0,-2.0,-78.0
1777891570.7663324,3.0,0.0,-79.0
1777891570.7763324,4.0,0.0,-81.0
1777891570.7863324,3.0,0.0,-74.0
1777891570.7963324,6.0,1.0,-73.0
1777891570.8063323,5.0,0.0,-75.0
1777891570.8163323,2.0,0.0,-69.0
1777891570.8263323,3.0,0.0,-63.0
1777891570.8363323,1.0,0.0,-65.0
1777891570.8463323,1.0,1.0,-72.0
1777891570.8563323,-7.0,2.0,-67.0
1777891570.8663323,-7.0,-1.0,-62.0
1777891570.8763323,-6.0,0.0,-68.0
1777891570.8863325,-3.0,1.0,-65.0
1777891570.8963325,-5.0,1.0,-68.0
1777891570.9063325,-2.0,-2.0,-70.0
1777891570.9163325,-1.0,-4.0,-61.0
1777891570.9263325,1.0,-4.0,-68.0
1777891570.9363325,2.0,-8.0,-69.0
1777891570.9463325,0.0,-8.0,-73.0
1777891570.9563324,-2.0,-3.0,-73.0
1777891570.9663324,-4.0,-1.0,-69.0
1777891570.9763324,-4.0,-4.0,-67.0
1777891570.9863324,-2.0,-6.0,-67.0
1777891570.9963324,-3.0,-7.0,-72.0
1777891571.0073323,-5.0,-6.0,-73.0
1777891571.0163324,-1.0,-5.0,-72.0
1777891571.0263324,0.0,-4.0,-74.0
1777891571.0363324,2.0,-9.0,-75.0
1777891571.0463324,5.0,-8.0,-77.0
1777891571.0573325,6.0,-9.0,-77.0
1777891571.0673325,8.0,-8.0,-72.0
1777891571.0773325,12.0,-7.0,-75.0
1777891571.0873325,4.0,-8.0,-77.0
1777891571.0973325,1.0,-7.0,-69.0
1777891571.1073325,-1.0,-5.0,-66.0
1777891571.1173325,0.0,-8.0,-65.0
1777891571.1273324,0.0,-5.0,-63.0
1777891571.1373324,-3.0,-3.0,-69.0
1777891571.1473324,0.0,-4.0,-75.0
1777891571.1573324,0.0,-1.0,-80.0
1777891571.1673324,2.0,-5.0,-86.0
1777891571.1773324,1.0,-6.0,-83.0
1777891571.1873324,1.0,-5.0,-70.0
1777891571.1973324,1.0,-4.0,-65.0
1777891571.2073324,0.0,-4.0,-65.0
1777891571.2173324,-3.0,-2.0,-65.0
1777891571.2273324,4.0,-1.0,-66.0
1777891571.2373323,8.0,0.0,-68.0
1777891571.2473323,6.0,1.0,-72.0
1777891571.2573323,6.0,-2.0,-79.0
1777891571.2673323,2.0,-2.0,-74.0
1777891571.2773323,3.0,-1.0,-76.0
1777891571.2873323,4.0,0.0,-79.0
1777891571.2973323,2.0,-1.0,-78.0
1777891571.3073325,1.0,-5.0,-79.0
1777891571.3173325,0.0,-1.0,-74.0
1777891571.3273325,2.0,-1.0,-76.0
1777891571.3373325,3.0,0.0,-75.0
1777891571.3473325,7.0,0.0,-72.0
1777891571.3573325,9.0,0.0,-70.0
1777891571.3673325,12.0,1.0,-69.0
1777891571.3773324,9.0,2.0,-70.0
1777891571.3873324,5.0,5.0,-67.0
1777891571.3973324,7.0,2.0,-63.0
1777891571.4073324,3.0,4.0,-68.0
1777891571.4173324,4.0,1.0,-69.0
1777891571.4273324,1.0,2.0,-71.0
1777891571.4373324,1.0,1.0,-72.0
1777891571.4473324,4.0,4.0,-68.0
1777891571.4573324,5.0,5.0,-71.0
1777891571.4673324,8.0,3.0,-73.0
1777891571.4773324,7.0,2.0,-74.0
1777891571.4873323,7.0,1.0,-65.0
1777891571.4973323,4.0,0.0,-58.0
1777891571.5073323,4.0,0.0,-56.0
1777891571.5173323,6.0,0.0,-57.0
1777891571.5273323,6.0,2.0,-65.0
1777891571.5373323,7.0,2.0,-70.0
1777891571.5473323,1.0,3.0,-73.0
1777891571.5573325,1.0,1.0,-70.0
1777891571.5673325,0.0,2.0,-69.0
1777891571.5773325,2.0,4.0,-73.0
1777891571.5873325,0.0,3.0,-72.0
1777891571.5973325,1.0,5.0,-78.0
1777891571.6073325,5.0,0.0,-81.0
1777891571.6173325,0.0,-2.0,-86.0
1777891571.6273324,4.0,0.0,-89.0
1777891571.6373324,3.0,-2.0,-85.0
1777891571.6473324,6.0,0.0,-74.0
1777891571.6573324,0.0,3.0,-74.0
1777891571.6673324,0.0,1.0,-72.0
1777891571.6773324,-1.0,-3.0,-78.0
1777891571.6873324,-4.0,-6.0,-78.0
1777891571.6973324,-3.0,-6.0,-79.0
1777891571.7073324,0.0,-6.0,-80.0
1777891571.7173324,4.0,-5.0,-76.0
1777891571.7273324,4.0,-6.0,-80.0
1777891571.7373323,6.0,-5.0,-85.0
1777891571.7473323,9.0,-2.0,-83.0
1777891571.7573323,9.0,2.0,-77.0
1777891571.7673323,8.0,6.0,-75.0
1777891571.7773323,9.0,2.0,-76.0
1777891571.7873323,10.0,0.0,-76.0
1777891571.7973323,7.0,-1.0,-77.0
1777891571.8073325,7.0,-4.0,-76.0
1777891571.8173325,3.0,-6.0,-72.0
1777891571.8273325,6.0,-8.0,-73.0
1777891571.8373325,8.0,-11.0,-82.0
1777891571.8473325,5.0,-9.0,-75.0
1777891571.8573325,4.0,-10.0,-74.0
1777891571.8673325,1.0,-10.0,-70.0
1777891571.8773324,-3.0,-9.0,-76.0
1777891571.8873324,-4.0,-5.0,-72.0
1777891571.8973324,-4.0,-2.0,-79.0
1777891571.9073324,-3.0,-1.0,-79.0
1777891571.9173324,0.0,0.0,-81.0
1777891571.9273324,-3.0,-1.0,-82.0
1777891571.9373324,4.0,2.0,-81.0
1777891571.9473324,9.0,5.0,-82.0
1777891571.9573324,8.0,6.0,-78.0
1777891571.9673324,4.0,4.0,-76.0
1777891571.9773324,1.0,2.0,-69.0
1777891571.9873323,2.0,0.0,-69.0
1777891571.9973323,0.0,0.0,-72.0
1777891572.0073323,0.0,0.0,-75.0
1777891572.0173323,3.0,1.0,-80.0
1777891572.0273323,1.0,3.0,-85.0
1777891572.0373323,2.0,7.0,-81.0
1777891572.0473323,1.0,4.0,-81.0
1777891572.0573325,-1.0,-2.0,-80.0
1777891572.0673325,-1.0,-1.0,-80.0
1777891572.0773325,-1.0,1.0,-74.0
1777891572.0873325,0.0,1.0,-68.0
1777891572.0973325,1.0,0.0,-71.0
1777891572.1073325,1.0,3.0,-72.0
1777891572.1173325,1.0,1.0,-70.0
1777891572.1273324,0.0,1.0,-68.0
1777891572.1373324,1.0,3.0,-70.0
1777891572.1473324,1.0,4.0,-74.0
1777891572.1573324,-1.0,3.0,-74.0
1777891572.1673324,-3.0,3.0,-72.0
1777891572.1773324,-1.0,4.0,-77.0
1777891572.1873324,1.0,0.0,-80.0
1777891572.1973324,1.0,-1.0,-89.0
1777891572.2073324,0.0,-2.0,-93.0
1777891572.2173324,3.0,-1.0,-94.0
1777891572.2273324,4.0,0.0,-87.0
1777891572.2373323,3.0,0.0,-85.0
1777891572.2473323,1.0,-1.0,-80.0
1777891572.2573323,0.0,-1.0,-76.0
1777891572.2673323,2.0,-2.0,-76.0
1777891572.2773323,5.0,-3.0,-80.0
1777891572.2873323,5.0,-3.0,-84.0
1777891572.2973323,7.0,-3.0,-80.0
1777891572.3073325,10.0,-2.0,-78.0
1777891572.3173325,8.0,0.0,-75.0
1777891572.3273325,3.0,2.0,-81.0
1777891572.3373325,0.0,0.0,-82.0
1777891572.3473325,3.0,-1.0,-76.0
1777891572.3573325,-2.0,0.0,-73.0
1777891572.3673325,1.0,0.0,-74.0
1777891572.3773324,1.0,-3.0,-69.0
1777891572.3873324,0.0,-3.0,-62.0
1777891572.3973324,2.0,-6.0,-66.0
1777891572.4073324,1.0,-5.0,-64.0
1777891572.4173324,1.0,-3.0,-64.0
1777891572.4273324,5.0,-4.0,-67.0
1777891572.4373324,0.0,-4.0,-77.0
1777891572.4473324,0.0,-1.0,-70.0
1777891572.4573324,-1.0,0.0,-71.0
1777891572.4673324,-2.0,-1.0,-76.0
1777891572.4773324,-1.0,0.0,-75.0
1777891572.4873323,5.0,-4.0,-77.0
1777891572.4973323,11.0,-4.0,-73.0
1777891572.5073323,9.0,-4.0,-70.0
1777891572.5173323,7.0,-5.0,-65.0
1777891572.5273323,1.0,-7.0,-61.0
1777891572.5373323,-2.0,-4.0,-66.0
1777891572.5473323,0.0,-1.0,-78.0
1777891572.5573325,0.0,0.0,-77.0
1777891572.5673325,1.0,2.0,-73.0
1777891572.5773325,4.0,1.0,-78.0
1777891572.5873325,0.0,1.0,-85.0
1777891572.5973325,-5.0,0.0,-76.0
1777891572.6073325,-1.0,-3.0,-68.0
1777891572.6173325,1.0,-3.0,-71.0
1777891572.6273324,-1.0,-4.0,-72.0
1777891572.6373324,2.0,-5.0,-68.0
1777891572.6473324,6.0,-5.0,-68.0
1777891572.6573324,2.0,-2.0,-65.0
1777891572.6673324,2.0,-5.0,-67.0
1777891572.6773324,0.0,-3.0,-71.0
1777891572.6873324,0.0,-1.0,-69.0
1777891572.6973324,1.0,-4.0,-67.0
1777891572.7073324,2.0,-6.0,-69.0
1777891572.7173324,0.0,-4.0,-70.0
1777891572.7273324,0.0,0.0,-71.0
1777891572.7373323,-2.0,0.0,-81.0
1777891572.7473323,2.0,-1.0,-78.0
1777891572.7573323,4.0,-2.0,-69.0
1777891572.7673323,0.0,0.0,-75.0
1777891572.7773323,-3.0,0.0,-69.0
1777891572.7873323,-3.0,0.0,-70.0
1777891572.7973323,-7.0,2.0,-64.0
1777891572.8073325,-5.0,0.0,-67.0
1777891572.8173325,-3.0,4.0,-73.0
1777891572.8273325,0.0,8.0,-80.0
1777891572.8373325,4.0,3.0,-80.0
1777891572.8473325,-1.0,2.0,-78.0
1777891572.8573325,-2.0,0.0,-76.0
1777891572.8673325,-6.0,0.0,-74.0
1777891572.8773324,-5.0,-2.0,-73.0
1777891572.8873324,-2.0,-2.0,-73.0
1777891572.8973324,0.0,-2.0,-76.0
1777891572.9073324,0.0,-1.0,-76.0
1777891572.9173324,-1.0,-1.0,-66.0
1777891572.9273324,-6.0,-1.0,-67.0
1777891572.9373324,-7.0,-3.0,-67.0
1777891572.9473324,-7.0,-1.0,-62.0
1777891572.9573324,-5.0,-2.0,-62.0
1777891572.9673324,-6.0,0.0,-71.0
1777891572.9773324,-9.0,-2.0,-74.0
1777891572.9873323,-5.0,0.0,-70.0
1777891572.9983325,-1.0,-3.0,-66.0
1777891573.0083325,0.0,0.0,-64.0
1777891573.0183325,-2.0,5.0,-61.0
1777891573.0283325,-2.0,4.0,-70.0
1777891573.0383325,-3.0,-1.0,-69.0
1777891573.0483325,-9.0,-8.0,-72.0
1777891573.0583324,-9.0,-6.0,-70.0
1777891573.0683324,-10.0,-4.0,-62.0
1777891573.0783324,-6.0,-1.0,-54.0
1777891573.0883324,-4.0,-4.0,-54.0
1777891573.0983324,-6.0,-6.0,-53.0
1777891573.1083324,-3.0,-3.0,-50.0
1777891573.1183324,-5.0,0.0,-59.0
1777891573.1283324,-5.0,-2.0,-62.0
1777891573.1383324,-5.0,-1.0,-67.0
1777891573.1483324,0.0,-2.0,-72.0
1777891573.1583323,1.0,-3.0,-73.0
1777891573.1683323,2.0,-2.0,-75.0
1777891573.1783323,1.0,0.0,-75.0
1777891573.1883323,2.0,-2.0,-79.0
1777891573.1983323,-2.0,-1.0,-80.0
1777891573.2083323,1.0,-3.0,-75.0
1777891573.2183323,1.0,-1.0,-71.0
1777891573.2283323,3.0,-2.0,-75.0
1777891573.2383325,-1.0,0.0,-74.0
1777891573.2483325,-1.0,-3.0,-75.0
1777891573.2583325,1.0,-3.0,-77.0
1777891573.2683325,1.0,-2.0,-82.0
1777891573.2783325,-1.0,-4.0,-76.0
1777891573.2883325,4.0,-5.0,-81.0
1777891573.2983325,1.0,-5.0,-83.0
1777891573.3083324,4.0,-6.0,-79.0
1777891573.3183324,1.0,-6.0,-78.0
1777891573.3283324,1.0,-2.0,-81.0
1777891573.3383324,-1.0,0.0,-82.0
1777891573.3483324,-1.0,-2.0,-78.0
1777891573.3583324,2.0,-2.0,-77.0
1777891573.3683324,1.0,-2.0,-69.0
1777891573.3783324,0.0,-1.0,-75.0
1777891573.3883324,0.0,-4.0,-71.0
1777891573.3983324,0.0,-8.0,-71.0
1777891573.4083323,2.0,-5.0,-68.0
1777891573.4183323,1.0,-2.0,-65.0
1777891573.4283323,2.0,-4.0,-64.0
1777891573.4383323,3.0,-3.0,-67.0
1777891573.4483323,1.0,0.0,-72.0
1777891573.4583323,1.0,1.0,-65.0
1777891573.4683323,1.0,-1.0,-62.0
1777891573.4783323,-1.0,3.0,-68.0
1777891573.4883325,-4.0,0.0,-72.0
1777891573.4983325,-2.0,-7.0,-67.0
1777891573.5083325,-2.0,-5.0,-71.0
1777891573.5183325,0.0,-3.0,-67.0
1777891573.5283325,1.0,-8.0,-70.0
1777891573.5383325,2.0,-8.0,-73.0
1777891573.5483325,4.0,-5.0,-75.0
1777891573.5583324,2.0,-7.0,-73.0
1777891573.5683324,6.0,-11.0,-68.0
1777891573.5783324,11.0,-10.0,-71.0
1777891573.5883324,11.0,-10.0,-75.0
1777891573.5983324,7.0,-5.0,-68.0
1777891573.6083324,1.0,-4.0,-66.0
1777891573.6183324,-2.0,-5.0,-61.0
1777891573.6283324,0.0,-4.0,-67.0
1777891573.6383324,1.0,-5.0,-64.0
1777891573.6483324,0.0,-8.0,-72.0
1777891573.6583323,2.0,-9.0,-79.0
1777891573.6683323,4.0,-12.0,-79.0
1777891573.6783323,6.0,-7.0,-77.0
1777891573.6883323,3.0,-3.0,-76.0
1777891573.6983323,2.0,-2.0,-74.0
1777891573.7083323,2.0,-4.0,-73.0
1777891573.7183323,3.0,-3.0,-71.0
1777891573.7283323,5.0,0.0,-76.0
1777891573.7383325,7.0,-2.0,-74.0
1777891573.7483325,4.0,-2.0,-78.0
1777891573.7583325,0.0,-3.0,-70.0
1777891573.7683325,1.0,0.0,-66.0
1777891573.7783325,-3.0,0.0,-70.0
1777891573.7883325,-5.0,0.0,-77.0
1777891573.7983325,-1.0,-2.0,-73.0
1777891573.8083324,0.0,-3.0,-70.0
1777891573.8183324,0.0,-10.0,-68.0
1777891573.8283324,3.0,-9.0,-71.0
1777891573.8383324,1.0,-5.0,-68.0
1777891573.8483324,3.0,-4.0,-66.0
1777891573.8583324,4.0,0.0,-62.0
1777891573.8683324,2.0,3.0,-64.0
1777891573.8783324,-1.0,1.0,-62.0
1777891573.8883324,-2.0,4.0,-66.0
1777891573.8983324,-7.0,4.0,-65.0
1777891573.9083323,-4.0,4.0,-69.0
1777891573.9183323,-1.0,7.0,-72.0
1777891573.9283323,-8.0,5.0,-73.0
1777891573.9383323,-6.0,4.0,-69.0
1777891573.9483323,1.0,-2.0,-69.0
1777891573.9583323,2.0,-5.0,-67.0
1777891573.9683323,3.0,-5.0,-68.0
1777891573.9783323,0.0,-2.0,-77.0
1777891573.9883325,0.0,-3.0,-71.0
1777891573.9983325,-2.0,-1.0,-66.0
1777891574.0083325,0.0,-5.0,-70.0
1777891574.0183325,0.0,-1.0,-74.0
1777891574.0283325,4.0,-3.0,-75.0
1777891574.0383325,3.0,-3.0,-71.0
1777891574.0483325,3.0,-2.0,-69.0
1777891574.0583324,1.0,-4.0,-80.0
1777891574.0683324,4.0,-4.0,-82.0
1777891574.0783324,1.0,-1.0,-84.0
1777891574.0883324,3.0,-1.0,-81.0
1777891574.0983324,2.0,0.0,-77.0
1777891574.1083324,1.0,-1.0,-79.0
1777891574.1183324,1.0,-2.0,-85.0
1777891574.1283324,2.0,-4.0,-80.0
1777891574.1383324,2.0,-3.0,-73.0
1777891574.1483324,0.0,-3.0,-69.0
1777891574.1583323,-1.0,-4.0,-64.0
1777891574.1683323,0.0,-3.0,-64.0
1777891574.1783323,7.0,-3.0,-66.0
1777891574.1883323,8.0,-3.0,-67.0
1777891574.1983323,7.0,-2.0,-65.0
1777891574.2083323,4.0,-2.0,-65.0
1777891574.2183323,8.0,-3.0,-64.0
1777891574.2283323,7.0,-2.0,-70.0
1777891574.2383325,8.0,-2.0,-69.0
1777891574.2483325,6.0,-1.0,-68.0
1777891574.2583325,8.0,3.0,-68.0
1777891574.2683325,6.0,2.0,-73.0
1777891574.2783325,6.0,5.0,-77.0
1777891574.2883325,4.0,4.0,-81.0
1777891574.2983325,2.0,1.0,-82.0
1777891574.3083324,0.0,-1.0,-82.0
1777891574.3183324,3.0,-1.0,-84.0
1777891574.3283324,4.0,-1.0,-80.0
1777891574.3383324,7.0,-2.0,-80.0
1777891574.3483324,4.0,-3.0,-83.0
1777891574.3583324,2.0,-4.0,-77.0
1777891574.3683324,3.0,-4.0,-70.0
1777891574.3783324,3.0,-8.0,-68.0
1777891574.3883324,0.0,-7.0,-69.0
1777891574.3983324,0.0,-5.0,-71.0
1777891574.4083323,0.0,-5.0,-81.0
1777891574.4183323,0.0,-1.0,-80.0
1777891574.4283323,2.0,0.0,-76.0
1777891574.4383323,4.0,2.0,-71.0
1777891574.4483323,0.0,-1.0,-71.0
1777891574.4583323,-2.0,-2.0,-72.0
1777891574.4683323,-2.0,0.0,-72.0
1777891574.4783323,1.0,-5.0,-74.0
1777891574.4883325,3.0,-7.0,-78.0
1777891574.4983325,3.0,-10.0,-77.0
1777891574.5083325,0.0,-9.0,-77.0
1777891574.5183325,-2.0,-6.0,-75.0
1777891574.5283325,0.0,-6.0,-77.0
1777891574.5383325,-1.0,-3.0,-80.0
1777891574.5483325,-1.0,-6.0,-79.0
1777891574.5583324,1.0,-4.0,-75.0
1777891574.5683324,2.0,-4.0,-71.0
1777891574.5783324,4.0,-4.0,-69.0
1777891574.5883324,5.0,-3.0,-71.0
1777891574.5983324,6.0,0.0,-74.0
1777891574.6083324,6.0,4.0,-72.0
1777891574.6183324,5.0,2.0,-70.0
1777891574.6283324,6.0,1.0,-73.0
1777891574.6383324,1.0,0.0,-71.0
1777891574.6483324,0.0,-1.0,-68.0
1777891574.6583323,1.0,-7.0,-70.0
1777891574.6683323,2.0,-8.0,-66.0
1777891574.6783323,7.0,-4.0,-66.0
1777891574.6883323,8.0,-4.0,-61.0
1777891574.6983323,4.0,-1.0,-63.0
1777891574.7083323,6.0,3.0,-67.0
1777891574.7183323,2.0,2.0,-72.0
1777891574.7283323,0.0,3.0,-70.0
1777891574.7383325,1.0,1.0,-66.0
1777891574.7483325,1.0,-2.0,-67.0
1777891574.7583325,-1.0,-6.0,-61.0
1777891574.7683325,-1.0,-2.0,-54.0
1777891574.7783325,2.0,0.0,-52.0
1777891574.7883325,0.0,4.0,-63.0
1777891574.7983325,1.0,3.0,-73.0
1777891574.8083324,0.0,10.0,-75.0
1777891574.8183324,1.0,7.0,-76.0
1777891574.8283324,0.0,7.0,-77.0
1777891574.8383324,0.0,5.0,-73.0
1777891574.8483324,2.0,2.0,-71.0
1777891574.8583324,5.0,-2.0,-71.0
1777891574.8683324,5.0,-4.0,-74.0
1777891574.8783324,2.0,-4.0,-76.0
1777891574.8883324,2.0,0.0,-72.0
1777891574.8983324,6.0,2.0,-71.0
1777891574.9083323,6.0,2.0,-71.0
1777891574.9183323,6.0,0.0,-69.0
1777891574.9283323,3.0,2.0,-73.0
1777891574.9383323,0.0,2.0,-70.0
1777891574.9483323,0.0,2.0,-64.0
1777891574.9583323,0.0,-3.0,-58.0
1777891574.9683323,2.0,-2.0,-64.0
1777891574.9783323,4.0,-1.0,-64.0
1777891574.9883325,3.0,-2.0,-71.0
1777891574.9983325,2.0,0.0,-73.0
1777891575.0083325,6.0,2.0,-70.0
1777891575.0193324,2.0,0.0,-72.0
1777891575.0283325,0.0,-1.0,-76.0
1777891575.0393324,2.0,0.0,-82.0
1777891575.0493324,2.0,6.0,-78.0
1777891575.0583324,3.0,5.0,-75.0
1777891575.0693324,2.0,3.0,-81.0
1777891575.0793324,-1.0,1.0,-74.0
1777891575.0893323,-3.0,0.0,-69.0
1777891575.0993323,-5.0,4.0,-71.0
1777891575.1093323,-5.0,2.0,-80.0
1777891575.1193323,-2.0,0.0,-83.0
1777891575.1293323,-2.0,1.0,-76.0
1777891575.1393323,-2.0,2.0,-74.0
1777891575.1493323,-1.0,1.0,-77.0
1777891575.1593325,-4.0,1.0,-76.0
1777891575.1693325,-8.0,0.0,-75.0
1777891575.1793325,-9.0,3.0,-73.0
1777891575.1893325,-7.0,1.0,-66.0
1777891575.1993325,-1.0,1.0,-65.0
1777891575.2093325,2.0,1.0,-70.0
1777891575.2193325,3.0,0.0,-75.0
1777891575.2293324,6.0,0.0,-76.0
1777891575.2393324,7.0,0.0,-74.0
1777891575.2493324,10.0,-5.0,-71.0
1777891575.2593324,10.0,-5.0,-69.0
1777891575.2693324,10.0,-4.0,-79.0
1777891575.2793324,1.0,-2.0,-75.0
1777891575.2893324,-1.0,-1.0,-73.0
1777891575.2993324,0.0,-1.0,-77.0
1777891575.3093324,0.0,1.0,-74.0
1777891575.3193324,1.0,3.0,-73.0
1777891575.3293324,0.0,3.0,-75.0
1777891575.3393323,-2.0,0.0,-77.0
1777891575.3493323,-6.0,0.0,-74.0
1777891575.3593323,-3.0,-1.0,-73.0
1777891575.3693323,-5.0,-1.0,-68.0
1777891575.3793323,-3.0,-1.0,-65.0
1777891575.3893323,0.0,-4.0,-66.0
1777891575.3993323,-1.0,-3.0,-69.0
1777891575.4093325,0.0,-6.0,-77.0
1777891575.4193325,2.0,-5.0,-78.0
1777891575.4293325,1.0,-1.0,-75.0
1777891575.4393325,6.0,0.0,-78.0
1777891575.4493325,6.0,-3.0,-79.0
1777891575.4593325,9.0,-8.0,-78.0
1777891575.4693325,6.0,-10.0,-78.0
1777891575.4793324,6.0,-8.0,-79.0
1777891575.4893324,3.0,-4.0,-74.0
1777891575.4993324,1.0,1.0,-77.0
1777891575.5093324,1.0,0.0,-76.0
1777891575.5193324,4.0,0.0,-72.0
1777891575.5293324,3.0,-1.0,-71.0
1777891575.5393324,1.0,-4.0,-66.0
1777891575.5493324,-3.0,-3.0,-65.0
1777891575.5593324,-3.0,-3.0,-71.0
1777891575.5693324,0.0,0.0,-74.0
1777891575.5793324,0.0,0.0,-77.0
1777891575.5893323,-5.0,-1.0,-74.0
1777891575.5993323,-1.0,0.0,-67.0
1777891575.6093323,1.0,-2.0,-68.0
1777891575.6193323,3.0,-6.0,-70.0
1777891575.6293323,1.0,-1.0,-70.0
1777891575.6393323,1.0,3.0,-73.0
1777891575.6493323,4.0,4.0,-72.0
1777891575.6593325,4.0,2.0,-74.0
1777891575.6693325,5.0,4.0,-68.0
1777891575.6793325,5.0,6.0,-65.0
1777891575.6893325,0.0,4.0,-64.0
1777891575.6993325,-3.0,0.0,-68.0
1777891575.7093325,-1.0,2.0,-68.0
1777891575.7193325,-4.0,2.0,-65.0
1777891575.7293324,-4.0,2.0,-64.0
1777891575.7393324,-2.0,3.0,-65.0
1777891575.7493324,0.0,1.0,-73.0
1777891575.7593324,2.0,2.0,-69.0
1777891575.7693324,4.0,0.0,-66.0
1777891575.7793324,5.0,0.0,-68.0
1777891575.7893324,5.0,-1.0,-73.0
1777891575.7993324,4.0,0.0,-77.0
1777891575.8093324,9.0,3.0,-83.0
1777891575.8193324,7.0,5.0,-82.0
1777891575.8293324,11.0,3.0,-80.0
1777891575.8393323,11.0,0.0,-77.0
1777891575.8493323,8.0,2.0,-78.0
1777891575.8593323,7.0,4.0,-82.0
1777891575.8693323,12.0,6.0,-82.0
1777891575.8793323,8.0,6.0,-80.0
1777891575.8893323,6.0,4.0,-78.0
1777891575.8993323,6.0,3.0,-82.0
1777891575.9093325,7.0,0.0,-77.0
1777891575.9193325,3.0,0.0,-63.0
1777891575.9293325,5.0,0.0,-57.0
1777891575.9393325,4.0,-3.0,-58.0
1777891575.9493325,6.0,-4.0,-58.0
1777891575.9593325,5.0,-8.0,-67.0
1777891575.9693325,2.0,-4.0,-70.0
1777891575.9793324,7.0,-2.0,-70.0
1777891575.9893324,7.0,0.0,-72.0
1777891575.9993324,1.0,2.0,-75.0
1777891576.0093324,0.0,2.0,-66.0
1777891576.0193324,0.0,1.0,-57.0
1777891576.0293324,1.0,0.0,-64.0
1777891576.0393324,0.0,0.0,-71.0
1777891576.0493324,0.0,1.0,-71.0
1777891576.0593324,-7.0,-1.0,-68.0
1777891576.0693324,-9.0,-3.0,-71.0
1777891576.0793324,-6.0,0.0,-67.0
1777891576.0893323,-5.0,1.0,-65.0
1777891576.0993323,-4.0,0.0,-70.0
1777891576.1093323,-4.0,5.0,-70.0
1777891576.1193323,-6.0,4.0,-70.0
1777891576.1293323,-9.0,2.0,-69.0
1777891576.1393323,-8.0,0.0,-67.0
1777891576.1493323,-5.0,0.0,-65.0
1777891576.1593325,-1.0,-1.0,-69.0
1777891576.1693325,0.0,0.0,-68.0
1777891576.1793325,-1.0,-2.0,-70.0
1777891576.1893325,-3.0,-2.0,-71.0
1777891576.1993325,0.0,0.0,-72.0
1777891576.2093325,0.0,1.0,-81.0
1777891576.2193325,-3.0,0.0,-74.0
1777891576.2293324,0.0,1.0,-71.0
1777891576.2393324,1.0,1.0,-71.0
1777891576.2493324,-3.0,2.0,-67.0
1777891576.2593324,-3.0,1.0,-67.0
1777891576.2693324,-4.0,3.0,-65.0
1777891576.2793324,-4.0,2.0,-68.0
1777891576.2893324,-6.0,-1.0,-66.0
1777891576.2993324,-5.0,-5.0,-66.0
1777891576.3093324,0.0,-10.0,-76.0
1777891576.3193324,2.0,-9.0,-83.0
1777891576.3293324,5.0,-8.0,-84.0
1777891576.3393323,6.0,-3.0,-83.0
1777891576.3493323,6.0,-2.0,-83.0
1777891576.3593323,7.0,-4.0,-80.0
1777891576.3693323,5.0,-4.0,-84.0
1777891576.3793323,2.0,-5.0,-78.0
1777891576.3893323,1.0,-5.0,-77.0
1777891576.3993323,-2.0,-8.0,-76.0
1777891576.4093325,3.0,-5.0,-70.0
1777891576.4193325,7.0,-3.0,-66.0
1777891576.4293325,5.0,-1.0,-63.0
1777891576.4393325,1.0,0.0,-66.0
1777891576.4493325,1.0,0.0,-68.0
1777891576.4593325,0.0,-1.0,-69.0
1777891576.4693325,1.0,-2.0,-69.0
1777891576.4793324,3.0,2.0,-71.0
1777891576.4893324,1.0,4.0,-71.0
1777891576.4993324,2.0,5.0,-71.0
1777891576.5093324,0.0,3.0,-66.0
1777891576.5193324,-7.0,-1.0,-63.0
1777891576.5293324,-6.0,0.0,-69.0
1777891576.5393324,-9.0,3.0,-79.0
1777891576.5493324,-9.0,4.0,-77.0
1777891576.5593324,-6.0,2.0,-78.0
1777891576.5693324,-5.0,4.0,-72.0
1777891576.5793324,-5.0,2.0,-71.0
1777891576.5893323,0.0,2.0,-71.0
1777891576.5993323,0.0,0.0,-70.0
1777891576.6093323,0.0,2.0,-69.0
1777891576.6193323,2.0,0.0,-72.0
1777891576.6293323,0.0,-2.0,-74.0
1777891576.6393323,-1.0,-3.0,-76.0
1777891576.6493323,0.0,0.0,-81.0
1777891576.6593325,0.0,-4.0,-81.0
1777891576.6693325,-4.0,-4.0,-79.0
1777891576.6793325,-3.0,-1.0,-81.0
1777891576.6893325,-3.0,-2.0,-84.0
1777891576.6993325,-2.0,-2.0,-84.0
1777891576.7093325,1.0,-7.0,-84.0
1777891576.7193325,0.0,-10.0,-79.0
1777891576.7293324,-1.0,-10.0,-73.0
1777891576.7393324,2.0,-7.0,-75.0
1777891576.7493324,2.0,-4.0,-76.0
1777891576.7593324,4.0,-1.0,-79.0
1777891576.7693324,4.0,-4.0,-78.0
1777891576.7793324,1.0,0.0,-72.0
1777891576.7893324,2.0,0.0,-73.0
1777891576.7993324,2.0,0.0,-75.0
1777891576.8093324,1.0,1.0,-75.0
1777891576.8193324,2.0,4.0,-73.0
1777891576.8293324,6.0,2.0,-70.0
1777891576.8393323,11.0,1.0,-66.0
1777891576.8493323,6.0,0.0,-67.0
1777891576.8593323,6.0,-3.0,-64.0
1777891576.8693323,3.0,0.0,-62.0
1777891576.8793323,4.0,-3.0,-64.0
1777891576.8893323,6.0,-1.0,-67.0
1777891576.8993323,3.0,-3.0,-71.0
1777891576.9103324,2.0,-5.0,-79.0
1777891576.9193325,4.0,-1.0,-84.0
1777891576.9293325,7.0,2.0,-80.0
1777891576.9393325,6.0,3.0,-75.0
1777891576.9493325,3.0,1.0,-76.0
1777891576.9593325,4.0,-3.0,-77.0
1777891576.9703324,5.0,-7.0,-70.0
1777891576.9803324,3.0,-1.0,-67.0
1777891576.9903324,4.0,-1.0,-65.0
1777891577.0003324,9.0,-2.0,-65.0
1777891577.0103323,12.0,-2.0,-67.0
1777891577.0203323,13.0,-5.0,-66.0
1777891577.0303323,9.0,-7.0,-65.0
1777891577.0403323,7.0,-8.0,-69.0
1777891577.0503323,4.0,-10.0,-71.0
1777891577.0603323,1.0,-10.0,-75.0
1777891577.0703323,3.0,-10.0,-76.0
1777891577.0803325,1.0,-10.0,-75.0
1777891577.0903325,1.0,-13.0,-68.0
1777891577.1003325,4.0,-11.0,-68.0
1777891577.1103325,4.0,-2.0,-66.0
1777891577.1203325,6.0,3.0,-62.0
1777891577.1303325,5.0,3.0,-59.0
1777891577.1403325,8.0,2.0,-71.0
1777891577.1503325,4.0,-2.0,-76.0
1777891577.1603324,4.0,-3.0,-79.0
1777891577.1703324,6.0,-6.0,-86.0
1777891577.1803324,9.0,-3.0,-83.0
1777891577.1903324,5.0,0.0,-77.0
1777891577.2003324,0.0,-1.0,-79.0
1777891577.2103324,-1.0,-2.0,-70.0
1777891577.2203324,-3.0,-3.0,-65.0
1777891577.2303324,-4.0,-3.0,-72.0
1777891577.2403324,-5.0,1.0,-70.0
1777891577.2503324,-3.0,1.0,-72.0
1777891577.2603323,-5.0,0.0,-64.0
1777891577.2703323,-8.0,3.0,-66.0
1777891577.2803323,0.0,1.0,-71.0
1777891577.2903323,-2.0,-1.0,-75.0
1777891577.3003323,-4.0,-4.0,-70.0
1777891577.3103323,0.0,-4.0,-71.0
1777891577.3203323,0.0,-1.0,-68.0
1777891577.3303325,-1.0,2.0,-68.0
1777891577.3403325,1.0,-2.0,-70.0
1777891577.3503325,0.0,0.0,-75.0
1777891577.3603325,1.0,0.0,-75.0
1777891577.3703325,-2.0,4.0,-73.0
1777891577.3803325,-5.0,1.0,-78.0
1777891577.3903325,-11.0,0.0,-73.0
1777891577.4003325,-9.0,4.0,-74.0
1777891577.4103324,-8.0,0.0,-76.0
1777891577.4203324,-9.0,0.0,-71.0
1777891577.4303324,-10.0,4.0,-66.0
1777891577.4403324,-12.0,0.0,-76.0
1777891577.4503324,-8.0,1.0,-80.0
1777891577.4603324,-7.0,6.0,-85.0
1777891577.4703324,-7.0,5.0,-79.0
1777891577.4803324,-7.0,3.0,-77.0
1777891577.4903324,-6.0,0.0,-75.0
1777891577.5003324,-7.0,2.0,-74.0
1777891577.5103323,-4.0,7.0,-74.0
1777891577.5203323,0.0,4.0,-72.0
1777891577.5303323,-2.0,5.0,-70.0
1777891577.5403323,0.0,4.0,-69.0
1777891577.5503323,0.0,4.0,-71.0
1777891577.5603323,0.0,0.0,-67.0
1777891577.5703323,6.0,-6.0,-64.0
1777891577.5803325,6.0,-4.0,-65.0
1777891577.5903325,15.0,-3.0,-67.0
1777891577.6003325,12.0,1.0,-67.0
1777891577.6103325,9.0,2.0,-66.0
1777891577.6203325,6.0,2.0,-66.0
1777891577.6303325,2.0,2.0,-66.0
1777891577.6403325,0.0,-2.0,-69.0
1777891577.6503325,2.0,-4.0,-71.0
1777891577.6603324,3.0,-6.0,-71.0
1777891577.6703324,3.0,-6.0,-75.0
1777891577.6803324,-2.0,-3.0,-75.0
1777891577.6903324,-4.0,0.0,-68.0
1777891577.7003324,2.0,0.0,-76.0
1777891577.7103324,5.0,0.0,-71.0
1777891577.7203324,5.0,0.0,-66.0
1777891577.7303324,3.0,-2.0,-60.0
1777891577.7403324,1.0,0.0,-64.0
1777891577.7503324,1.0,0.0,-68.0
1777891577.7603323,4.0,1.0,-70.0
1777891577.7703323,7.0,1.0,-73.0
1777891577.7803323,6.0,-3.0,-78.0
1777891577.7903323,2.0,-4.0,-84.0
1777891577.8003323,2.0,-5.0,-86.0
1777891577.8103323,0.0,-5.0,-78.0
1777891577.8203323,-1.0,-4.0,-74.0
1777891577.8303325,0.0,-8.0,-71.0
1777891577.8403325,3.0,-6.0,-71.0
1777891577.8503325,1.0,1.0,-75.0
1777891577.8603325,2.0,0.0,-73.0
1777891577.8703325,2.0,0.0,-73.0
1777891577.8803325,0.0,1.0,-73.0
1777891577.8903325,-1.0,1.0,-75.0
1777891577.9003325,-2.0,-1.0,-81.0
1777891577.9103324,-2.0,-3.0,-81.0
1777891577.9203324,2.0,-2.0,-83.0
1777891577.9303324,1.0,0.0,-84.0
1777891577.9403324,3.0,2.0,-83.0
1777891577.9503324,1.0,4.0,-76.0
1777891577.9603324,-3.0,1.0,-72.0
1777891577.9703324,-4.0,0.0,-73.0
1777891577.9803324,-1.0,0.0,-79.0
1777891577.9903324,0.0,-3.0,-77.0
1777891578.0003324,-4.0,-2.0,-85.0
1777891578.0103323,-5.0,-4.0,-79.0
1777891578.0203323,0.0,-3.0,-78.0
1777891578.0303323,-1.0,-4.0,-76.0
1777891578.0403323,-1.0,-5.0,-78.0
1777891578.0503323,0.0,-5.0,-70.0
1777891578.0603323,5.0,-7.0,-66.0
1777891578.0703323,6.0,-1.0,-60.0
1777891578.0803325,7.0,-4.0,-61.0
1777891578.0903325,6.0,-1.0,-63.0
1777891578.1003325,8.0,-3.0,-65.0
1777891578.1103325,5.0,-3.0,-72.0
1777891578.1203325,4.0,-4.0,-68.0
1777891578.1303325,3.0,-5.0,-63.0
1777891578.1403325,1.0,-3.0,-67.0
1777891578.1503325,1.0,0.0,-72.0
1777891578.1603324,0.0,0.0,-66.0
1777891578.1703324,0.0,0.0,-69.0
1777891578.1803324,-2.0,0.0,-68.0
1777891578.1903324,-3.0,-3.0,-65.0
1777891578.2003324,0.0,-4.0,-72.0
1777891578.2103324,-1.0,-3.0,-74.0
1777891578.2203324,-4.0,-2.0,-71.0
1777891578.2303324,-5.0,-5.0,-72.0
1777891578.2403324,-3.0,-8.0,-75.0
1777891578.2503324,-1.0,-3.0,-77.0
1777891578.2603323,-1.0,-1.0,-73.0
1777891578.2703323,0.0,-1.0,-71.0
1777891578.2803323,0.0,-2.0,-72.0
1777891578.2903323,-3.0,1.0,-69.0
1777891578.3003323,-8.0,3.0,-69.0
1777891578.3103323,-4.0,4.0,-69.0
1777891578.3203323,-3.0,2.0,-66.0
1777891578.3303325,-1.0,0.0,-67.0
1777891578.3403325,1.0,0.0,-69.0
1777891578.3503325,7.0,-4.0,-71.0
1777891578.3603325,3.0,-2.0,-71.0
1777891578.3703325,-1.0,1.0,-65.0
1777891578.3803325,-4.0,4.0,-59.0
1777891578.3903325,-1.0,0.0,-55.0
1777891578.4003325,-3.0,-5.0,-57.0
1777891578.4103324,-1.0,-2.0,-65.0
1777891578.4203324,-4.0,0.0,-71.0
1777891578.4303324,-6.0,0.0,-73.0
1777891578.4403324,-8.0,2.0,-76.0
1777891578.4503324,-11.0,0.0,-68.0
1777891578.4603324,-10.0,0.0,-64.0
1777891578.4703324,-7.0,-1.0,-70.0
1777891578.4803324,0.0,-1.0,-80.0
1777891578.4903324,4.0,-4.0,-80.0
1777891578.5003324,0.0,-1.0,-76.0
1777891578.5103323,-1.0,0.0,-76.0
1777891578.5203323,-2.0,-3.0,-75.0
1777891578.5303323,-3.0,-2.0,-75.0
1777891578.5403323,-6.0,0.0,-67.0
1777891578.5503323,-3.0,0.0,-74.0
1777891578.5603323,-3.0,-5.0,-79.0
1777891578.5703323,0.0,-2.0,-78.0
1777891578.5803325,2.0,6.0,-72.0
1777891578.5903325,3.0,7.0,-75.0
1777891578.6003325,5.0,7.0,-81.0
1777891578.6103325,6.0,3.0,-80.0
1777891578.6203325,5.0,5.0,-83.0
1777891578.6303325,2.0,5.0,-84.0
1777891578.6403325,0.0,6.0,-80.0
1777891578.6503325,-7.0,0.0,-79.0
1777891578.6603324,-3.0,-4.0,-83.0
1777891578.6703324,-5.0,-6.0,-77.0
1777891578.6803324,-5.0,-4.0,-76.0
1777891578.6903324,-5.0,-1.0,-75.0
1777891578.7003324,-2.0,-4.0,-72.0
1777891578.7103324,4.0,-3.0,-71.0
1777891578.7203324,4.0,-4.0,-73.0
1777891578.7303324,5.0,-6.0,-78.0
1777891578.7403324,9.0,-3.0,-77.0
1777891578.7503324,11.0,-2.0,-72.0
1777891578.7603323,11.0,0.0,-74.0
1777891578.7703323,7.0,0.0,-75.0
1777891578.7803323,8.0,0.0,-73.0
1777891578.7903323,1.0,-1.0,-70.0
1777891578.8003323,-2.0,-2.0,-69.0
1777891578.8103323,-2.0,0.0,-73.0
1777891578.8203323,-5.0,-1.0,-69.0
1777891578.8303325,-6.0,-1.0,-73.0
1777891578.8403325,-6.0,-3.0,-74.0
1777891578.8503325,-5.0,-1.0,-73.0
1777891578.8603325,0.0,-1.0,-71.0
1777891578.8703325,1.0,1.0,-74.0
1777891578.8803325,5.0,0.0,-71.0
1777891578.8903325,5.0,-1.0,-72.0
1777891578.9003325,4.0,-6.0,-69.0
1777891578.9103324,10.0,-6.0,-69.0
1777891578.9203324,5.0,-6.0,-74.0
1777891578.9303324,1.0,-4.0,-70.0
1777891578.9403324,0.0,-3.0,-68.0
1777891578.9503324,1.0,-3.0,-71.0
1777891578.9613323,2.0,-4.0,-74.0
1777891578.9713323,0.0,-2.0,-79.0
1777891578.9813323,-1.0,0.0,-72.0
1777891578.9903324,0.0,2.0,-67.0
1777891579.0013323,-3.0,2.0,-63.0
1777891579.0113325,-3.0,-2.0,-64.0
1777891579.0213325,-5.0,-3.0,-67.0
1777891579.0313325,-8.0,0.0,-66.0
1777891579.0413325,-2.0,1.0,-62.0
1777891579.0513325,0.0,3.0,-63.0
1777891579.0613325,2.0,2.0,-70.0
1777891579.0713325,1.0,-1.0,-83.0
1777891579.0813324,0.0,-2.0,-82.0
1777891579.0913324,-3.0,1.0,-79.0
1777891579.1013324,-4.0,-1.0,-70.0
1777891579.1113324,-4.0,-1.0,-65.0
1777891579.1213324,-3.0,-1.0,-65.0
1777891579.1313324,0.0,-3.0,-69.0
1777891579.1413324,2.0,-6.0,-74.0
1777891579.1513324,6.0,-3.0,-72.0
1777891579.1613324,6.0,-2.0,-68.0
1777891579.1713324,5.0,-3.0,-66.0
1777891579.1813323,3.0,-10.0,-62.0
1777891579.1913323,2.0,-9.0,-59.0
1777891579.2013323,-1.0,-11.0,-63.0
1777891579.2113323,2.0,-13.0,-66.0
1777891579.2213323,2.0,-7.0,-63.0
1777891579.2313323,2.0,-4.0,-65.0
1777891579.2413323,7.0,-2.0,-76.0
1777891579.2513323,3.0,-3.0,-74.0
1777891579.2613325,4.0,-3.0,-73.0
1777891579.2713325,6.0,-2.0,-72.0
1777891579.2813325,6.0,-6.0,-70.0
1777891579.2913325,3.0,-4.0,-76.0
1777891579.3013325,0.0,1.0,-74.0
1777891579.3113325,0.0,2.0,-75.0
1777891579.3213325,3.0,2.0,-79.0
1777891579.3313324,5.0,0.0,-77.0
1777891579.3413324,1.0,-1.0,-82.0
1777891579.3513324,2.0,-4.0,-75.0
1777891579.3613324,4.0,-5.0,-74.0
1777891579.3713324,6.0,-4.0,-78.0
1777891579.3813324,5.0,-1.0,-79.0
1777891579.3913324,5.0,-5.0,-83.0
1777891579.4013324,7.0,-4.0,-83.0
1777891579.4113324,5.0,-4.0,-83.0
1777891579.4213324,8.0,-3.0,-80.0
1777891579.4313323,7.0,-3.0,-77.0
1777891579.4413323,5.0,-4.0,-84.0
1777891579.4513323,10.0,-9.0,-81.0
1777891579.4613323,9.0,-7.0,-82.0
1777891579.4713323,6.0,-8.0,-77.0
1777891579.4813323,2.0,-5.0,-71.0
1777891579.4913323,2.0,-7.0,-66.0
1777891579.5013323,3.0,-10.0,-63.0
1777891579.5113325,4.0,-12.0,-64.0
1777891579.5213325,5.0,-6.0,-70.0
1777891579.5313325,4.0,-2.0,-75.0
1777891579.5413325,1.0,-1.0,-69.0
1777891579.5513325,0.0,-3.0,-70.0
1777891579.5613325,1.0,-3.0,-69.0
1777891579.5713325,-1.0,-2.0,-66.0
1777891579.5813324,0.0,1.0,-64.0
1777891579.5913324,-1.0,3.0,-69.0
1777891579.6013324,-1.0,0.0,-76.0
1777891579.6113324,0.0,0.0,-78.0
1777891579.6213324,0.0,1.0,-77.0
1777891579.6313324,2.0,2.0,-69.0
1777891579.6413324,-1.0,4.0,-70.0
1777891579.6513324,-6.0,1.0,-69.0
1777891579.6613324,-5.0,0.0,-78.0
1777891579.6713324,-3.0,0.0,-74.0
1777891579.6813323,-1.0,-1.0,-80.0
1777891579.6913323,-3.0,-1.0,-79.0
1777891579.7013323,-3.0,1.0,-77.0
1777891579.7113323,-2.0,2.0,-79.0
1777891579.7213323,-1.0,-1.0,-79.0
1777891579.7313323,3.0,-5.0,-72.0
1777891579.7413323,3.0,-8.0,-70.0
1777891579.7513323,4.0,-11.0,-69.0
1777891579.7613325,4.0,-8.0,-75.0
1777891579.7713325,3.0,0.0,-70.0
1777891579.7813325,3.0,0.0,-65.0
1777891579.7913325,3.0,1.0,-70.0
1777891579.8013325,6.0,0.0,-79.0
1777891579.8113325,6.0,-2.0,-71.0
1777891579.8213325,6.0,-1.0,-72.0
1777891579.8313324,5.0,-3.0,-72.0
1777891579.8413324,8.0,-4.0,-73.0
1777891579.8513324,12.0,-2.0,-78.0
1777891579.8613324,9.0,0.0,-81.0
1777891579.8713324,11.0,0.0,-81.0
1777891579.8813324,11.0,0.0,-77.0
1777891579.8913324,10.0,1.0,-73.0
1777891579.9013324,8.0,0.0,-72.0
1777891579.9113324,11.0,2.0,-71.0
1777891579.9213324,7.0,4.0,-75.0
1777891579.9313323,7.0,0.0,-76.0
1777891579.9413323,6.0,-1.0,-73.0
1777891579.9513323,4.0,0.0,-75.0
1777891579.9613323,0.0,-3.0,-78.0
1777891579.9713323,5.0,0.0,-78.0
1777891579.9813323,5.0,2.0,-70.0
1777891579.9913323,6.0,-2.0,-72.0
1777891580.0013323,5.0,-2.0,-76.0
1777891580.0113325,3.0,-1.0,-76.0
1777891580.0213325,4.0,-5.0,-71.0
1777891580.0313325,0.0,-3.0,-75.0
1777891580.0413325,-1.0,-5.0,-74.0
1777891580.0513325,-2.0,-4.0,-81.0
1777891580.0613325,1.0,0.0,-80.0
1777891580.0713325,4.0,-3.0,-75.0
1777891580.0813324,7.0,-3.0,-72.0
1777891580.0913324,9.0,-7.0,-75.0
1777891580.1013324,6.0,-5.0,-77.0
1777891580.1113324,4.0,-3.0,-77.0
1777891580.1213324,8.0,-1.0,-76.0
1777891580.1313324,5.0,-7.0,-76.0
1777891580.1413324,3.0,-6.0,-75.0
1777891580.1513324,5.0,-3.0,-77.0
1777891580.1613324,4.0,-1.0,-74.0
1777891580.1713324,4.0,-1.0,-69.0
1777891580.1813323,7.0,-4.0,-69.0
1777891580.1913323,6.0,-8.0,-67.0
1777891580.2013323,7.0,-6.0,-69.0
1777891580.2113323,6.0,-3.0,-72.0
1777891580.2213323,4.0,-3.0,-71.0
1777891580.2313323,0.0,-4.0,-70.0
1777891580.2413323,5.0,0.0,-69.0
1777891580.2513323,6.0,1.0,-74.0
1777891580.2613325,5.0,2.0,-70.0
1777891580.2713325,2.0,4.0,-73.0
1777891580.2813325,0.0,3.0,-73.0
1777891580.2913325,1.0,1.0,-75.0
1777891580.3013325,0.0,-2.0,-73.0
1777891580.3113325,2.0,-3.0,-73.0
1777891580.3213325,1.0,-1.0,-68.0
1777891580.3313324,3.0,0.0,-72.0
1777891580.3413324,4.0,1.0,-76.0
1777891580.3513324,8.0,-2.0,-75.0
1777891580.3613324,9.0,-5.0,-72.0
1777891580.3713324,4.0,-4.0,-62.0
1777891580.3813324,1.0,-4.0,-64.0
1777891580.3913324,1.0,-5.0,-68.0
1777891580.4013324,0.0,-3.0,-70.0
1777891580.4113324,0.0,0.0,-68.0
1777891580.4213324,3.0,-1.0,-63.0
1777891580.4313323,5.0,0.0,-73.0
1777891580.4413323,4.0,-1.0,-78.0
1777891580.4513323,0.0,0.0,-73.0
1777891580.4613323,-1.0,1.0,-72.0
1777891580.4713323,-2.0,-1.0,-73.0
1777891580.4813323,-2.0,0.0,-69.0
1777891580.4913323,-2.0,0.0,-70.0
1777891580.5013323,2.0,-1.0,-75.0
1777891580.5113325,3.0,0.0,-81.0
1777891580.5213325,2.0,1.0,-81.0
1777891580.5313325,4.0,5.0,-81.0
1777891580.5413325,6.0,4.0,-77.0
1777891580.5513325,8.0,3.0,-71.0
1777891580.5613325,2.0,0.0,-63.0
1777891580.5713325,0.0,0.0,-64.0
1777891580.5813324,-1.0,-2.0,-69.0
1777891580.5913324,3.0,-3.0,-73.0
1777891580.6013324,8.0,-4.0,-71.0
1777891580.6113324,5.0,-8.0,-74.0
1777891580.6213324,3.0,-8.0,-70.0
1777891580.6313324,0.0,-6.0,-70.0
1777891580.6413324,-4.0,0.0,-77.0
1777891580.6513324,0.0,0.0,-70.0
1777891580.6613324,-4.0,-1.0,-66.0
1777891580.6713324,-4.0,-1.0,-63.0
1777891580.6813323,-3.0,-1.0,-67.0
1777891580.6913323,0.0,-2.0,-67.0
1777891580.7013323,0.0,-4.0,-73.0
1777891580.7113323,4.0,-4.0,-74.0
1777891580.7213323,2.0,-3.0,-75.0
1777891580.7313323,3.0,-2.0,-79.0
1777891580.7413323,2.0,-2.0,-79.0
1777891580.7513323,0.0,-1.0,-81.0
1777891580.7613325,-2.0,0.0,-75.0
1777891580.7713325,2.0,1.0,-75.0
1777891580.7813325,2.0,-2.0,-75.0
1777891580.7913325,0.0,-5.0,-72.0
1777891580.8013325,0.0,-9.0,-73.0
1777891580.8113325,0.0,-12.0,-74.0
1777891580.8213325,2.0,-11.0,-78.0
1777891580.8313324,1.0,-13.0,-86.0
1777891580.8413324,0.0,-7.0,-81.0
1777891580.8513324,0.0,-6.0,-79.0
1777891580.8613324,1.0,-3.0,-71.0
1777891580.8713324,0.0,0.0,-66.0
1777891580.8813324,1.0,-2.0,-68.0
1777891580.8913324,-2.0,-1.0,-69.0
1777891580.9013324,-1.0,0.0,-74.0
1777891580.9113324,3.0,1.0,-72.0
1777891580.9213324,4.0,-3.0,-74.0
1777891580.9323325,2.0,-2.0,-67.0
1777891580.9413323,-3.0,-3.0,-66.0
1777891580.9523325,-1.0,0.0,-70.0
1777891580.9623325,-3.0,-1.0,-77.0
1777891580.9723325,-1.0,-1.0,-81.0
1777891580.9823325,3.0,-1.0,-77.0
1777891580.9923325,7.0,-3.0,-76.0
1777891581.0023324,9.0,0.0,-73.0
1777891581.0123324,11.0,1.0,-76.0
1777891581.0223324,9.0,0.0,-77.0
1777891581.0323324,9.0,2.0,-74.0
1777891581.0423324,6.0,1.0,-67.0
1777891581.0523324,3.0,-3.0,-71.0
1777891581.0623324,3.0,-2.0,-72.0
1777891581.0723324,5.0,-4.0,-75.0
1777891581.0823324,6.0,-2.0,-74.0
1777891581.0923324,5.0,-6.0,-72.0
1777891581.1023324,2.0,-7.0,-68.0
1777891581.1123323,2.0,-5.0,-73.0
1777891581.1223323,4.0,-4.0,-72.0
1777891581.1323323,6.0,-6.0,-65.0
1777891581.1423323,6.0,-2.0,-63.0
1777891581.1523323,4.0,0.0,-60.0
1777891581.1623323,2.0,-2.0,-59.0
1777891581.1723323,3.0,-2.0,-61.0
1777891581.1823325,3.0,-4.0,-68.0
1777891581.1923325,2.0,0.0,-77.0
1777891581.2023325,2.0,1.0,-77.0
1777891581.2123325,1.0,2.0,-76.0
1777891581.2223325,-1.0,3.0,-76.0
1777891581.2323325,-7.0,3.0,-68.0
1777891581.2423325,-7.0,4.0,-67.0
1777891581.2523324,-7.0,4.0,-65.0
1777891581.2623324,-6.0,3.0,-70.0
1777891581.2723324,-6.0,4.0,-68.0
1777891581.2823324,-4.0,0.0,-68.0
1777891581.2923324,-7.0,2.0,-66.0
1777891581.3023324,-1.0,4.0,-66.0
1777891581.3123324,2.0,6.0,-71.0
1777891581.3223324,2.0,7.0,-72.0
1777891581.3323324,0.0,8.0,-70.0
1777891581.3423324,-3.0,3.0,-74.0
1777891581.3523324,-6.0,3.0,-68.0
1777891581.3623323,-3.0,2.0,-66.0
1777891581.3723323,-1.0,1.0,-71.0
1777891581.3823323,1.0,2.0,-79.0
1777891581.3933325,5.0,2.0,-80.0
1777891581.4023323,4.0,0.0,-76.0
1777891581.4123323,1.0,-4.0,-74.0
1777891581.4223323,0.0,0.0,-66.0
1777891581.4323325,-3.0,0.0,-73.0
1777891581.4423325,0.0,-1.0,-77.0
1777891581.4523325,-1.0,0.0,-72.0
1777891581.4623325,-1.0,4.0,-76.0
1777891581.4723325,0.0,4.0,-75.0
1777891581.4823325,-3.0,7.0,-68.0
1777891581.4923325,0.0,2.0,-68.0
1777891581.5023324,-1.0,0.0,-69.0
1777891581.5123324,-2.0,3.0,-67.0
1777891581.5223324,-3.0,2.0,-72.0
1777891581.5323324,-4.0,2.0,-77.0
1777891581.5423324,-3.0,1.0,-69.0
1777891581.5523324,-4.0,2.0,-74.0
1777891581.5623324,-5.0,0.0,-73.0
1777891581.5723324,-6.0,0.0,-75.0
1777891581.5823324,0.0,-1.0,-71.0
1777891581.5923324,4.0,-1.0,-76.0
1777891581.6023324,2.0,2.0,-77.0
1777891581.6123323,2.0,1.0,-78.0
1777891581.6223323,3.0,0.0,-75.0
1777891581.6323323,6.0,2.0,-73.0
1777891581.6423323,9.0,0.0,-74.0
1777891581.6523323,4.0,0.0,-77.0
1777891581.6623323,7.0,0.0,-78.0
1777891581.6723323,7.0,0.0,-84.0
1777891581.6823325,6.0,0.0,-79.0
1777891581.6923325,5.0,-2.0,-75.0
1777891581.7023325,1.0,-5.0,-78.0
1777891581.7123325,3.0,-3.0,-79.0
1777891581.7233324,1.0,-3.0,-78.0
1777891581.7323325,-3.0,1.0,-75.0
1777891581.7423325,-1.0,1.0,-74.0
1777891581.7523324,-4.0,1.0,-66.0
1777891581.7623324,-6.0,0.0,-68.0
1777891581.7723324,0.0,-2.0,-73.0
1777891581.7823324,1.0,-2.0,-77.0
1777891581.7923324,0.0,1.0,-72.0
1777891581.8023324,-2.0,2.0,-78.0
1777891581.8123324,0.0,-2.0,-77.0
1777891581.8223324,1.0,-3.0,-72.0
1777891581.8323324,-1.0,-4.0,-76.0
1777891581.8423324,1.0,-6.0,-71.0
1777891581.8523324,0.0,-2.0,-71.0
1777891581.8623323,1.0,-1.0,-72.0
1777891581.8723323,2.0,-3.0,-71.0
1777891581.8823323,4.0,2.0,-67.0
1777891581.8923323,3.0,0.0,-69.0
1777891581.9023323,3.0,0.0,-67.0
1777891581.9123323,7.0,1.0,-65.0
1777891581.9223323,4.0,-1.0,-64.0
1777891581.9323325,6.0,0.0,-68.0
1777891581.9423325,5.0,0.0,-73.0
1777891581.9523325,4.0,2.0,-80.0
1777891581.9623325,7.0,0.0,-81.0
1777891581.9723325,1.0,-1.0,-73.0
1777891581.9823325,-5.0,-3.0,-76.0
1777891581.9923325,-5.0,-4.0,-82.0
1777891582.0023324,-7.0,-3.0,-77.0
1777891582.0123324,-6.0,-4.0,-72.0
1777891582.0223324,-2.0,-4.0,-69.0
1777891582.0323324,1.0,-2.0,-64.0
1777891582.0423324,4.0,1.0,-66.0
1777891582.0523324,2.0,2.0,-73.0
1777891582.0623324,5.0,3.0,-69.0
1777891582.0723324,6.0,4.0,-70.0
1777891582.0823324,8.0,5.0,-71.0
1777891582.0923324,6.0,5.0,-65.0
1777891582.1023324,7.0,3.0,-73.0
1777891582.1123323,7.0,1.0,-74.0
1777891582.1223323,6.0,1.0,-76.0
1777891582.1323323,5.0,0.0,-75.0
1777891582.1423323,4.0,2.0,-75.0
1777891582.1523323,4.0,0.0,-76.0
1777891582.1623323,3.0,0.0,-76.0
1777891582.1723323,9.0,-1.0,-73.0
1777891582.1823325,9.0,-4.0,-76.0
1777891582.1923325,10.0,-5.0,-78.0
1777891582.2023325,8.0,-1.0,-85.0
1777891582.2123325,12.0,-2.0,-82.0
1777891582.2223325,11.0,-3.0,-79.0
1777891582.2323325,7.0,-3.0,-75.0
1777891582.2423325,7.0,-2.0,-73.0
1777891582.2523324,5.0,0.0,-67.0
1777891582.2623324,5.0,1.0,-66.0
1777891582.2723324,3.0,2.0,-65.0
1777891582.2823324,0.0,3.0,-60.0
1777891582.2923324,-3.0,0.0,-62.0
1777891582.3023324,-9.0,0.0,-66.0
1777891582.3123324,-7.0,-1.0,-68.0
1777891582.3223324,-10.0,0.0,-68.0
1777891582.3323324,-9.0,2.0,-75.0
1777891582.3423324,-5.0,5.0,-72.0
1777891582.3523324,0.0,3.0,-75.0
1777891582.3623323,-3.0,3.0,-72.0
1777891582.3723323,-5.0,-1.0,-80.0
1777891582.3823323,-3.0,-3.0,-80.0
1777891582.3923323,-4.0,0.0,-83.0
1777891582.4023323,-9.0,0.0,-84.0
1777891582.4123323,-5.0,-3.0,-91.0
1777891582.4223323,5.0,-7.0,-89.0
1777891582.4323325,0.0,-7.0,-89.0
1777891582.4423325,-2.0,-10.0,-89.0
1777891582.4523325,1.0,-9.0,-94.0
1777891582.4623325,1.0,-4.0,-90.0
1777891582.4723325,-3.0,0.0,-80.0
1777891582.4823325,0.0,0.0,-81.0
1777891582.4923325,5.0,-3.0,-79.0
1777891582.5023324,5.0,-1.0,-76.0
1777891582.5123324,2.0,1.0,-75.0
1777891582.5223324,1.0,-2.0,-79.0
1777891582.5323324,3.0,-2.0,-79.0
1777891582.5423324,2.0,1.0,-81.0
1777891582.5523324,2.0,2.0,-83.0
1777891582.5623324,5.0,-1.0,-73.0
1777891582.5723324,4.0,-1.0,-75.0
1777891582.5823324,4.0,-4.0,-76.0
1777891582.5923324,8.0,-5.0,-72.0
1777891582.6023324,7.0,-5.0,-74.0
1777891582.6123323,7.0,-6.0,-76.0
1777891582.6223323,9.0,-2.0,-74.0
1777891582.6323323,2.0,-5.0,-80.0
1777891582.6423323,3.0,-6.0,-80.0
1777891582.6523323,4.0,-10.0,-79.0
1777891582.6623323,4.0,-3.0,-84.0
1777891582.6723323,1.0,0.0,-84.0
1777891582.6823325,2.0,-2.0,-80.0
1777891582.6923325,2.0,0.0,-75.0
1777891582.7023325,-1.0,0.0,-77.0
1777891582.7123325,0.0,-2.0,-71.0
1777891582.7223325,-1.0,-1.0,-63.0
1777891582.7323325,-1.0,1.0,-71.0
1777891582.7423325,-4.0,4.0,-80.0
1777891582.7523324,-3.0,0.0,-82.0
1777891582.7623324,-6.0,1.0,-78.0
1777891582.7723324,-4.0,5.0,-76.0
1777891582.7823324,1.0,0.0,-69.0
1777891582.7923324,0.0,0.0,-62.0
1777891582.8023324,0.0,2.0,-67.0
1777891582.8123324,-3.0,3.0,-69.0
1777891582.8223324,-3.0,7.0,-63.0
1777891582.8323324,-2.0,10.0,-69.0
1777891582.8423324,2.0,8.0,-65.0
1777891582.8523324,2.0,4.0,-72.0
1777891582.8623323,0.0,4.0,-64.0
1777891582.8723323,1.0,2.0,-66.0
1777891582.8823323,3.0,-2.0,-61.0
1777891582.8923323,1.0,-1.0,-66.0
1777891582.9023323,1.0,0.0,-61.0
1777891582.9123323,-1.0,-3.0,-63.0
1777891582.9223323,-4.0,0.0,-65.0
1777891582.9333324,-4.0,2.0,-66.0
1777891582.9423325,-4.0,0.0,-66.0
1777891582.9523325,-3.0,0.0,-63.0
1777891582.9623325,-2.0,1.0,-65.0
1777891582.9733324,0.0,0.0,-70.0
1777891582.9833324,0.0,0.0,-70.0
1777891582.9933324,1.0,1.0,-66.0
1777891583.0033324,2.0,5.0,-67.0
1777891583.0133324,1.0,8.0,-69.0
1777891583.0233324,2.0,7.0,-69.0
1777891583.0333323,1.0,2.0,-76.0
1777891583.0433323,-1.0,4.0,-73.0
1777891583.0533323,0.0,3.0,-67.0
1777891583.0633323,-1.0,4.0,-73.0
1777891583.0733323,0.0,4.0,-86.0
1777891583.0833323,0.0,-1.0,-83.0
1777891583.0933323,1.0,-3.0,-80.0
1777891583.1033323,3.0,0.0,-87.0
1777891583.1133325,-2.0,0.0,-87.0
1777891583.1233325,0.0,1.0,-86.0
1777891583.1333325,-4.0,1.0,-72.0
1777891583.1433325,-4.0,-1.0,-65.0
1777891583.1533325,-1.0,3.0,-62.0
1777891583.1633325,0.0,3.0,-66.0
1777891583.1733325,0.0,3.0,-76.0
1777891583.1833324,2.0,2.0,-80.0
1777891583.1933324,3.0,0.0,-85.0
1777891583.2033324,6.0,3.0,-84.0
1777891583.2133324,4.0,3.0,-77.0
1777891583.2233324,4.0,0.0,-76.0
1777891583.2333324,0.0,4.0,-67.0
1777891583.2433324,-5.0,5.0,-67.0
1777891583.2533324,-8.0,6.0,-71.0
1777891583.2633324,-8.0,7.0,-78.0
1777891583.2733324,-7.0,9.0,-82.0
1777891583.2833323,-7.0,6.0,-83.0
1777891583.2933323,-5.0,6.0,-85.0
1777891583.3033323,-5.0,3.0,-88.0
1777891583.3133323,-6.0,2.0,-86.0
1777891583.3233323,-5.0,5.0,-81.0
1777891583.3333323,-1.0,5.0,-79.0
1777891583.3433323,0.0,6.0,-72.0
1777891583.3533323,0.0,2.0,-67.0
1777891583.3633325,0.0,-1.0,-70.0
1777891583.3733325,0.0,-4.0,-75.0
1777891583.3833325,0.0,-3.0,-79.0
1777891583.3933325,0.0,-4.0,-76.0
1777891583.4033325,0.0,1.0,-75.0
1777891583.4133325,-3.0,3.0,-80.0
1777891583.4233325,0.0,4.0,-75.0
1777891583.4333324,0.0,4.0,-76.0
1777891583.4433324,0.0,1.0,-80.0
1777891583.4533324,0.0,0.0,-81.0
1777891583.4633324,-2.0,-1.0,-80.0
1777891583.4733324,-1.0,0.0,-72.0
1777891583.4833324,-3.0,-2.0,-76.0
1777891583.4933324,-2.0,-2.0,-78.0
1777891583.5033324,0.0,-2.0,-80.0
1777891583.5133324,3.0,-4.0,-78.0
1777891583.5233324,2.0,-4.0,-72.0
1777891583.5333323,-1.0,-2.0,-69.0
1777891583.5433323,-4.0,-1.0,-75.0
1777891583.5533323,-2.0,-5.0,-71.0
1777891583.5633323,0.0,-3.0,-65.0
1777891583.5733323,2.0,-2.0,-64.0
1777891583.5833323,2.0,-5.0,-63.0
1777891583.5933323,2.0,-6.0,-69.0
1777891583.6033323,3.0,-6.0,-70.0
1777891583.6133325,0.0,-2.0,-70.0
1777891583.6233325,1.0,-3.0,-62.0
1777891583.6333325,0.0,-6.0,-55.0
1777891583.6433325,0.0,-10.0,-56.0
1777891583.6533325,2.0,-9.0,-59.0
1777891583.6633325,6.0,-4.0,-65.0
1777891583.6733325,5.0,-3.0,-71.0
1777891583.6833324,1.0,-5.0,-71.0
1777891583.6933324,1.0,-4.0,-67.0
1777891583.7033324,2.0,-1.0,-75.0
1777891583.7133324,0.0,0.0,-80.0
1777891583.7233324,0.0,1.0,-84.0
1777891583.7333324,-1.0,4.0,-80.0
1777891583.7433324,2.0,4.0,-77.0
1777891583.7533324,2.0,3.0,-77.0
1777891583.7633324,-1.0,2.0,-77.0
1777891583.7733324,-3.0,1.0,-81.0
1777891583.7833323,0.0,0.0,-79.0
1777891583.7933323,-6.0,-3.0,-79.0
1777891583.8033323,-7.0,-4.0,-77.0
1777891583.8133323,-10.0,-5.0,-85.0
1777891583.8233323,-6.0,-5.0,-78.0
1777891583.8333323,-3.0,-5.0,-69.0
1777891583.8433323,-1.0,-2.0,-70.0
1777891583.8533323,-2.0,-1.0,-73.0
1777891583.8633325,-2.0,0.0,-70.0
1777891583.8733325,0.0,-1.0,-67.0
1777891583.8833325,-4.0,-3.0,-68.0
1777891583.8933325,-6.0,0.0,-70.0
1777891583.9033325,1.0,-1.0,-69.0
1777891583.9133325,3.0,-4.0,-67.0
1777891583.9233325,4.0,-1.0,-69.0
1777891583.9333324,10.0,0.0,-67.0
1777891583.9433324,8.0,0.0,-64.0
1777891583.9533324,8.0,2.0,-68.0
1777891583.9633324,5.0,2.0,-70.0
1777891583.9733324,5.0,0.0,-73.0
1777891583.9833324,-1.0,0.0,-77.0
1777891583.9933324,-3.0,2.0,-75.0
1777891584.0033324,-3.0,1.0,-77.0
1777891584.0133324,-1.0,-4.0,-76.0
1777891584.0233324,0.0,0.0,-80.0
1777891584.0333323,1.0,2.0,-78.0
1777891584.0433323,1.0,3.0,-77.0
1777891584.0533323,2.0,4.0,-72.0
1777891584.0633323,2.0,3.0,-68.0
1777891584.0733323,-1.0,7.0,-67.0
1777891584.0833323,0.0,5.0,-68.0
1777891584.0933323,-5.0,1.0,-70.0
1777891584.1033323,-6.0,2.0,-65.0
1777891584.1133325,-2.0,5.0,-66.0
1777891584.1233325,-3.0,8.0,-65.0
1777891584.1333325,-7.0,1.0,-65.0
1777891584.1433325,-11.0,-2.0,-70.0
1777891584.1533325,-4.0,0.0,-66.0
1777891584.1633325,0.0,-1.0,-63.0
1777891584.1733325,0.0,0.0,-67.0
1777891584.1833324,4.0,-2.0,-70.0
1777891584.1933324,2.0,0.0,-70.0
1777891584.2033324,2.0,-2.0,-74.0
1777891584.2133324,-1.0,2.0,-80.0
1777891584.2233324,-3.0,-1.0,-79.0
1777891584.2333324,1.0,0.0,-79.0
1777891584.2433324,1.0,0.0,-84.0
1777891584.2533324,1.0,2.0,-85.0
1777891584.2633324,3.0,5.0,-80.0
1777891584.2733324,1.0,5.0,-77.0
1777891584.2833323,2.0,5.0,-76.0
1777891584.2933323,1.0,0.0,-80.0
1777891584.3033323,0.0,3.0,-82.0
1777891584.3133323,0.0,2.0,-87.0
1777891584.3233323,0.0,3.0,-86.0
1777891584.3333323,0.0,-1.0,-91.0
1777891584.3433323,0.0,-5.0,-87.0
1777891584.3533323,3.0,-6.0,-84.0
1777891584.3633325,0.0,-1.0,-85.0
1777891584.3733325,0.0,-4.0,-82.0
1777891584.3833325,1.0,-7.0,-77.0
1777891584.3933325,6.0,-8.0,-74.0
1777891584.4033325,4.0,-5.0,-75.0
1777891584.4133325,4.0,-3.0,-80.0
1777891584.4233325,1.0,-1.0,-79.0
1777891584.4333324,2.0,-9.0,-75.0
1777891584.4433324,4.0,-6.0,-69.0
1777891584.4533324,6.0,-2.0,-71.0
1777891584.4633324,7.0,-3.0,-78.0
1777891584.4733324,7.0,-4.0,-75.0
1777891584.4833324,4.0,-1.0,-70.0
1777891584.4933324,0.0,-3.0,-70.0
1777891584.5033324,-2.0,-2.0,-72.0
1777891584.5133324,-7.0,-4.0,-72.0
1777891584.5233324,-11.0,-1.0,-76.0
1777891584.5333323,-14.0,1.0,-75.0
1777891584.5433323,-11.0,1.0,-81.0
1777891584.5533323,-9.0,2.0,-79.0
1777891584.5633323,-5.0,1.0,-75.0
1777891584.5733323,-1.0,3.0,-69.0
1777891584.5833323,-4.0,1.0,-68.0
1777891584.5933323,-4.0,0.0,-65.0
1777891584.6033323,-6.0,7.0,-67.0
1777891584.6133325,-7.0,10.0,-62.0
1777891584.6233325,0.0,7.0,-62.0
1777891584.6333325,-1.0,0.0,-72.0
1777891584.6433325,-1.0,-2.0,-71.0
1777891584.6533325,0.0,-3.0,-76.0
1777891584.6633325,-1.0,-1.0,-82.0
1777891584.6733325,-3.0,-1.0,-75.0
1777891584.6833324,-2.0,-1.0,-76.0
1777891584.6933324,-2.0,-1.0,-75.0
1777891584.7033324,0.0,-2.0,-83.0
1777891584.7133324,2.0,-2.0,-84.0
1777891584.7233324,0.0,-2.0,-75.0
1777891584.7333324,1.0,0.0,-64.0
1777891584.7433324,4.0,1.0,-64.0
1777891584.7533324,4.0,1.0,-71.0
1777891584.7633324,0.0,1.0,-76.0
1777891584.7733324,0.0,2.0,-77.0
1777891584.7833323,1.0,2.0,-69.0
1777891584.7933323,3.0,7.0,-71.0
1777891584.8033323,5.0,3.0,-70.0
1777891584.8133323,0.0,-2.0,-75.0
1777891584.8233323,1.0,-3.0,-79.0
1777891584.8333323,1.0,-7.0,-85.0
1777891584.8433323,0.0,-5.0,-91.0
1777891584.8533323,0.0,-6.0,-87.0
1777891584.8633325,-2.0,-3.0,-89.0
1777891584.8733325,2.0,-6.0,-91.0
1777891584.8833325,6.0,-5.0,-94.0
1777891584.8933325,6.0,-1.0,-83.0
1777891584.9033325,7.0,-1.0,-77.0
1777891584.9133325,4.0,-5.0,-77.0
1777891584.9233325,1.0,-7.0,-77.0
1777891584.9333324,2.0,-7.0,-76.0
1777891584.9443324,2.0,-5.0,-75.0
1777891584.9543324,4.0,-2.0,-72.0
1777891584.9643323,6.0,-1.0,-76.0
1777891584.9743323,5.0,0.0,-78.0
1777891584.9843323,2.0,0.0,-76.0
1777891584.9943323,4.0,-2.0,-75.0
1777891585.0043323,2.0,-10.0,-74.0
1777891585.0143323,-1.0,-10.0,-73.0
1777891585.0243323,-1.0,-9.0,-72.0
1777891585.0343325,-1.0,-6.0,-74.0
1777891585.0443325,3.0,-5.0,-75.0
1777891585.0543325,3.0,-4.0,-73.0
1777891585.0643325,4.0,-4.0,-77.0
1777891585.0743325,1.0,-3.0,-74.0
1777891585.0843325,-5.0,-4.0,-72.0
1777891585.0943325,-1.0,-6.0,-77.0
1777891585.1043324,-5.0,-4.0,-81.0
1777891585.1143324,-5.0,-1.0,-81.0
1777891585.1243324,-6.0,0.0,-75.0
1777891585.1343324,-4.0,2.0,-71.0
1777891585.1443324,-2.0,3.0,-75.0
1777891585.1543324,-1.0,0.0,-77.0
1777891585.1643324,0.0,3.0,-82.0
1777891585.1743324,-1.0,1.0,-84.0
1777891585.1843324,0.0,1.0,-82.0
1777891585.1943324,2.0,0.0,-83.0
1777891585.2043324,-3.0,0.0,-76.0
1777891585.2143323,-3.0,-3.0,-76.0
1777891585.2243323,-4.0,-1.0,-78.0
1777891585.2343323,-5.0,-4.0,-67.0
1777891585.2443323,-10.0,-3.0,-61.0
1777891585.2543323,-12.0,-1.0,-63.0
1777891585.2643323,-10.0,1.0,-68.0
1777891585.2743323,-8.0,0.0,-75.0
1777891585.2843325,-4.0,-2.0,-70.0
1777891585.2943325,-3.0,-3.0,-68.0
1777891585.3043325,-3.0,-5.0,-67.0
1777891585.3143325,-3.0,-4.0,-59.0
1777891585.3243325,0.0,-4.0,-63.0
1777891585.3343325,4.0,-2.0,-66.0
1777891585.3443325,1.0,1.0,-74.0
1777891585.3543324,0.0,5.0,-72.0
1777891585.3643324,-4.0,10.0,-66.0
1777891585.3743324,-2.0,11.0,-72.0
1777891585.3843324,-4.0,4.0,-67.0
1777891585.3943324,-5.0,-2.0,-65.0
1777891585.4043324,-2.0,-1.0,-63.0
1777891585.4143324,1.0,-4.0,-68.0
1777891585.4243324,4.0,-2.0,-67.0
1777891585.4343324,6.0,-1.0,-63.0
1777891585.4443324,1.0,-1.0,-59.0
1777891585.4543324,2.0,-1.0,-65.0
1777891585.4643323,5.0,1.0,-71.0
1777891585.4743323,2.0,-2.0,-62.0
1777891585.4843323,2.0,-7.0,-65.0
1777891585.4943323,2.0,-5.0,-73.0
1777891585.5043323,0.0,-7.0,-69.0
1777891585.5143323,4.0,0.0,-71.0
1777891585.5243323,7.0,1.0,-78.0
1777891585.5343325,10.0,0.0,-76.0
1777891585.5443325,6.0,0.0,-76.0
1777891585.5543325,4.0,1.0,-82.0
1777891585.5643325,7.0,-2.0,-83.0
1777891585.5743325,3.0,-6.0,-78.0
1777891585.5843325,6.0,-4.0,-83.0
1777891585.5943325,3.0,-2.0,-79.0
1777891585.6043324,-2.0,-4.0,-81.0
1777891585.6143324,-2.0,-5.0,-85.0
1777891585.6243324,5.0,-6.0,-84.0
1777891585.6343324,9.0,-5.0,-81.0
1777891585.6443324,4.0,-9.0,-83.0
1777891585.6543324,1.0,-9.0,-81.0
1777891585.6643324,5.0,-8.0,-76.0
1777891585.6743324,4.0,-5.0,-71.0
1777891585.6843324,0.0,-6.0,-72.0
1777891585.6943324,-1.0,-8.0,-75.0
1777891585.7043324,0.0,-9.0,-74.0
1777891585.7143323,1.0,-9.0,-71.0
1777891585.7243323,1.0,-4.0,-64.0
1777891585.7343323,3.0,0.0,-63.0
1777891585.7443323,5.0,3.0,-61.0
1777891585.7543323,5.0,3.0,-65.0
1777891585.7643323,4.0,3.0,-66.0
1777891585.7743323,10.0,3.0,-70.0
1777891585.7843325,5.0,1.0,-70.0
1777891585.7943325,5.0,0.0,-69.0
1777891585.8043325,4.0,0.0,-66.0
1777891585.8143325,0.0,-2.0,-64.0
1777891585.8243325,-2.0,-2.0,-61.0
1777891585.8343325,3.0,-5.0,-64.0
1777891585.8443325,3.0,-4.0,-71.0
1777891585.8543324,3.0,-5.0,-78.0
1777891585.8643324,0.0,-4.0,-74.0
1777891585.8743324,0.0,-1.0,-73.0
1777891585.8843324,1.0,0.0,-73.0
1777891585.8943324,0.0,2.0,-73.0
1777891585.9043324,2.0,5.0,-70.0
1777891585.9143324,2.0,4.0,-75.0
1777891585.9243324,8.0,0.0,-70.0
1777891585.9343324,3.0,5.0,-72.0
1777891585.9443324,-1.0,2.0,-75.0
1777891585.9543324,-4.0,-6.0,-79.0
1777891585.9643323,-5.0,-2.0,-80.0
1777891585.9743323,-7.0,0.0,-77.0
1777891585.9843323,-5.0,0.0,-73.0
1777891585.9943323,1.0,0.0,-67.0
1777891586.0043323,0.0,-1.0,-73.0
1777891586.0143323,3.0,-4.0,-75.0
1777891586.0243323,0.0,-2.0,-75.0
1777891586.0343325,1.0,-1.0,-75.0
1777891586.0443325,-2.0,-2.0,-65.0
1777891586.0543325,-1.0,-4.0,-61.0
1777891586.0643325,0.0,-5.0,-61.0
1777891586.0743325,0.0,-4.0,-59.0
1777891586.0843325,-2.0,-5.0,-63.0
1777891586.0943325,-5.0,-1.0,-69.0
1777891586.1043324,-1.0,0.0,-73.0
1777891586.1143324,-2.0,-4.0,-70.0
1777891586.1243324,-2.0,-3.0,-70.0
1777891586.1343324,0.0,-4.0,-72.0
1777891586.1443324,1.0,-5.0,-76.0
1777891586.1543324,2.0,-1.0,-74.0
1777891586.1643324,3.0,-4.0,-71.0
1777891586.1743324,0.0,-5.0,-67.0
1777891586.1843324,6.0,-2.0,-67.0
1777891586.1943324,4.0,0.0,-62.0
1777891586.2043324,3.0,0.0,-72.0
1777891586.2143323,5.0,-1.0,-70.0
1777891586.2243323,1.0,-1.0,-66.0
1777891586.2343323,2.0,-3.0,-60.0
1777891586.2443323,1.0,-1.0,-64.0
1777891586.2543323,4.0,-1.0,-63.0
1777891586.2643323,-1.0,-3.0,-68.0
1777891586.2743323,1.0,-5.0,-67.0
1777891586.2843325,3.0,-7.0,-68.0
1777891586.2943325,3.0,-6.0,-70.0
1777891586.3043325,2.0,-4.0,-68.0
1777891586.3143325,3.0,-5.0,-73.0
1777891586.3243325,1.0,-3.0,-73.0
1777891586.3343325,1.0,-4.0,-73.0
1777891586.3443325,-3.0,-1.0,-81.0
1777891586.3543324,0.0,-3.0,-89.0
1777891586.3643324,4.0,-7.0,-87.0
1777891586.3743324,1.0,-5.0,-80.0
1777891586.3843324,2.0,-3.0,-80.0
1777891586.3943324,0.0,-1.0,-79.0
1777891586.4043324,1.0,-1.0,-80.0
1777891586.4143324,4.0,0.0,-79.0
1777891586.4243324,0.0,2.0,-76.0
1777891586.4343324,0.0,0.0,-76.0
1777891586.4443324,2.0,-3.0,-77.0
1777891586.4543324,4.0,-2.0,-77.0
1777891586.4643323,3.0,-3.0,-66.0
1777891586.4743323,1.0,-6.0,-66.0
1777891586.4843323,0.0,-10.0,-64.0
1777891586.4943323,0.0,-9.0,-65.0
1777891586.5043323,0.0,-10.0,-66.0
1777891586.5143323,1.0,-7.0,-61.0
1777891586.5243323,-1.0,-9.0,-67.0
1777891586.5343325,-1.0,-7.0,-72.0
1777891586.5443325,0.0,-5.0,-67.0
1777891586.5543325,0.0,-1.0,-72.0
1777891586.5643325,0.0,-6.0,-71.0
1777891586.5743325,-3.0,-6.0,-73.0
1777891586.5843325,-5.0,-4.0,-69.0
1777891586.5943325,-3.0,-2.0,-67.0
1777891586.6043324,-2.0,-3.0,-67.0
1777891586.6143324,0.0,-2.0,-76.0
1777891586.6243324,2.0,0.0,-83.0
1777891586.6343324,5.0,0.0,-82.0
1777891586.6443324,3.0,0.0,-81.0
1777891586.6543324,5.0,0.0,-80.0
1777891586.6643324,2.0,0.0,-77.0
1777891586.6743324,-1.0,1.0,-80.0
1777891586.6843324,1.0,3.0,-76.0
1777891586.6943324,-3.0,0.0,-73.0
1777891586.7043324,-1.0,-3.0,-70.0
1777891586.7143323,0.0,0.0,-62.0
1777891586.7243323,3.0,-1.0,-61.0
1777891586.7343323,2.0,-3.0,-68.0
1777891586.7443323,2.0,0.0,-71.0
1777891586.7543323,0.0,2.0,-75.0
1777891586.7643323,-1.0,2.0,-71.0
1777891586.7743323,0.0,5.0,-67.0
1777891586.7843325,2.0,6.0,-64.0
1777891586.7943325,1.0,4.0,-62.0
1777891586.8043325,5.0,-2.0,-60.0
1777891586.8143325,5.0,-5.0,-60.0
1777891586.8243325,5.0,-3.0,-56.0
1777891586.8343325,-1.0,-5.0,-55.0
1777891586.8443325,-2.0,-5.0,-61.0
1777891586.8543324,-4.0,2.0,-57.0
1777891586.8643324,-3.0,0.0,-57.0
1777891586.8743324,-3.0,0.0,-61.0
1777891586.8843324,-4.0,0.0,-58.0
1777891586.8943324,-2.0,-2.0,-58.0
1777891586.9043324,-1.0,0.0,-65.0
1777891586.9153323,-1.0,2.0,-72.0
1777891586.9243324,-3.0,3.0,-68.0
1777891586.9353323,-6.0,0.0,-66.0
1777891586.9453323,-5.0,-6.0,-67.0
1777891586.9553325,-1.0,-5.0,-74.0
1777891586.9653325,-1.0,-2.0,-79.0
1777891586.9753325,-4.0,2.0,-75.0
1777891586.9853325,0.0,3.0,-75.0
1777891586.9953325,-3.0,0.0,-74.0
1777891587.0053325,-2.0,0.0,-65.0
1777891587.0153325,3.0,0.0,-60.0
1777891587.0253325,0.0,-3.0,-69.0
1777891587.0353324,-2.0,-2.0,-76.0
1777891587.0453324,-2.0,0.0,-74.0
1777891587.0553324,-1.0,1.0,-78.0
1777891587.0653324,-3.0,2.0,-74.0
1777891587.0753324,-1.0,2.0,-74.0
1777891587.0853324,1.0,0.0,-68.0
1777891587.0953324,3.0,0.0,-66.0
1777891587.1053324,5.0,-3.0,-68.0
1777891587.1153324,4.0,0.0,-71.0
1777891587.1253324,3.0,-1.0,-72.0
1777891587.1353323,0.0,-1.0,-74.0
1777891587.1453323,0.0,0.0,-75.0
1777891587.1553323,0.0,-5.0,-75.0
1777891587.1653323,1.0,0.0,-71.0
1777891587.1753323,-3.0,0.0,-67.0
1777891587.1853323,-5.0,4.0,-73.0
1777891587.1953323,-5.0,5.0,-74.0
1777891587.2053325,-8.0,10.0,-76.0
1777891587.2153325,-6.0,4.0,-81.0
1777891587.2253325,-6.0,1.0,-84.0
1777891587.2353325,-7.0,1.0,-78.0
1777891587.2453325,-10.0,1.0,-81.0
1777891587.2553325,-7.0,0.0,-80.0
1777891587.2653325,-3.0,0.0,-70.0
1777891587.2753325,-2.0,1.0,-64.0
1777891587.2853324,0.0,0.0,-70.0
1777891587.2953324,4.0,1.0,-70.0
1777891587.3053324,5.0,0.0,-75.0
1777891587.3153324,8.0,0.0,-75.0
1777891587.3253324,13.0,0.0,-74.0
1777891587.3353324,17.0,-2.0,-73.0
1777891587.3453324,14.0,-5.0,-70.0
1777891587.3553324,13.0,-3.0,-71.0
1777891587.3653324,8.0,0.0,-72.0
1777891587.3753324,6.0,0.0,-74.0
1777891587.3853323,7.0,0.0,-74.0
1777891587.3953323,7.0,2.0,-72.0
1777891587.4053323,5.0,0.0,-72.0
1777891587.4153323,7.0,2.0,-72.0
1777891587.4253323,6.0,-1.0,-74.0
1777891587.4353323,4.0,-3.0,-72.0
1777891587.4453323,2.0,-3.0,-82.0
1777891587.4553325,2.0,0.0,-79.0
1777891587.4653325,2.0,1.0,-81.0
1777891587.4753325,4.0,0.0,-81.0
1777891587.4853325,4.0,2.0,-82.0
1777891587.4953325,6.0,0.0,-80.0
1777891587.5053325,4.0,-2.0,-80.0
1777891587.5153325,2.0,-3.0,-78.0
1777891587.5253325,-1.0,0.0,-84.0
1777891587.5353324,2.0,-2.0,-88.0
1777891587.5453324,0.0,0.0,-80.0
1777891587.5553324,2.0,0.0,-74.0
1777891587.5653324,3.0,-1.0,-66.0
1777891587.5753324,2.0,0.0,-70.0
1777891587.5853324,4.0,2.0,-65.0
1777891587.5953324,2.0,1.0,-63.0
1777891587.6053324,0.0,1.0,-62.0
1777891587.6153324,0.0,-3.0,-65.0
1777891587.6253324,-1.0,-3.0,-73.0
1777891587.6353323,-3.0,-4.0,-73.0
1777891587.6453323,-5.0,-2.0,-76.0
1777891587.6553323,4.0,-4.0,-74.0
1777891587.6653323,0.0,-2.0,-69.0
1777891587.6753323,2.0,-1.0,-68.0
1777891587.6853323,-2.0,0.0,-76.0
1777891587.6953323,0.0,0.0,-71.0
1777891587.7053325,-6.0,-4.0,-73.0
1777891587.7153325,-5.0,-2.0,-74.0
1777891587.7253325,-3.0,-3.0,-70.0
1777891587.7353325,0.0,-3.0,-70.0
1777891587.7453325,3.0,-6.0,-69.0
1777891587.7553325,3.0,-5.0,-66.0
1777891587.7653325,6.0,-7.0,-66.0
1777891587.7753325,4.0,-9.0,-69.0
1777891587.7853324,6.0,-6.0,-71.0
1777891587.7953324,6.0,-5.0,-69.0
1777891587.8053324,4.0,-3.0,-74.0
1777891587.8153324,5.0,-5.0,-75.0
1777891587.8253324,1.0,-4.0,-73.0
1777891587.8353324,1.0,-2.0,-76.0
1777891587.8453324,2.0,-2.0,-72.0
1777891587.8553324,2.0,-3.0,-69.0
1777891587.8653324,2.0,-3.0,-67.0
1777891587.8753324,5.0,0.0,-69.0
1777891587.8853323,7.0,-1.0,-68.0
1777891587.8953323,7.0,-6.0,-68.0
1777891587.9053323,6.0,-5.0,-70.0
1777891587.9153323,6.0,-2.0,-73.0
1777891587.9253323,4.0,-2.0,-75.0
1777891587.9353323,1.0,0.0,-78.0
1777891587.9453323,2.0,0.0,-81.0
1777891587.9553325,6.0,2.0,-79.0
1777891587.9653325,5.0,3.0,-78.0
1777891587.9753325,6.0,0.0,-77.0
1777891587.9853325,4.0,0.0,-76.0
1777891587.9953325,4.0,2.0,-76.0
1777891588.0053325,2.0,5.0,-83.0
1777891588.0153325,4.0,5.0,-80.0
1777891588.0253325,5.0,2.0,-71.0
1777891588.0353324,7.0,1.0,-70.0
1777891588.0453324,7.0,0.0,-67.0
1777891588.0553324,7.0,-4.0,-66.0
1777891588.0653324,3.0,-6.0,-74.0
1777891588.0753324,7.0,-2.0,-82.0
1777891588.0853324,8.0,0.0,-72.0
1777891588.0953324,8.0,5.0,-67.0
1777891588.1053324,11.0,7.0,-71.0
1777891588.1153324,10.0,3.0,-69.0
1777891588.1253324,4.0,4.0,-72.0
1777891588.1353323,1.0,0.0,-71.0
1777891588.1453323,-5.0,-2.0,-74.0
1777891588.1553323,-5.0,-4.0,-73.0
1777891588.1653323,-6.0,-5.0,-76.0
1777891588.1753323,-4.0,-5.0,-76.0
1777891588.1853323,1.0,-1.0,-78.0
1777891588.1953323,1.0,1.0,-81.0
1777891588.2053325,0.0,0.0,-83.0
1777891588.2153325,0.0,-1.0,-85.0
1777891588.2253325,-2.0,-1.0,-84.0
1777891588.2353325,-1.0,-1.0,-83.0
1777891588.2453325,3.0,-1.0,-83.0
1777891588.2553325,3.0,1.0,-88.0
1777891588.2653325,3.0,0.0,-83.0
1777891588.2753325,7.0,-2.0,-78.0
1777891588.2853324,1.0,-8.0,-76.0
1777891588.2953324,-1.0,-10.0,-78.0
1777891588.3053324,-2.0,-10.0,-74.0
1777891588.3153324,0.0,-7.0,-73.0
1777891588.3253324,2.0,-7.0,-80.0
1777891588.3353324,-1.0,-9.0,-82.0
1777891588.3453324,-1.0,-11.0,-81.0
1777891588.3553324,0.0,-8.0,-88.0
1777891588.3653324,-1.0,-7.0,-86.0
1777891588.3753324,-2.0,-9.0,-89.0
1777891588.3853323,-2.0,-14.0,-86.0
1777891588.3953323,-1.0,-11.0,-77.0
1777891588.4053323,-1.0,-4.0,-76.0
1777891588.4153323,1.0,1.0,-76.0
1777891588.4253323,3.0,-2.0,-80.0
1777891588.4353323,-1.0,2.0,-81.0
1777891588.4453323,1.0,2.0,-77.0
1777891588.4553325,2.0,-1.0,-75.0
1777891588.4653325,4.0,2.0,-73.0
1777891588.4753325,3.0,4.0,-66.0
1777891588.4853325,2.0,5.0,-61.0
1777891588.4953325,3.0,7.0,-61.0
1777891588.5053325,7.0,6.0,-58.0
1777891588.5153325,12.0,2.0,-59.0
1777891588.5253325,8.0,0.0,-63.0
1777891588.5353324,1.0,2.0,-66.0
1777891588.5453324,3.0,0.0,-75.0
1777891588.5553324,1.0,2.0,-75.0
1777891588.5653324,0.0,-1.0,-70.0
1777891588.5753324,0.0,-3.0,-69.0
1777891588.5853324,-2.0,-9.0,-68.0
1777891588.5953324,-5.0,-10.0,-68.0
1777891588.6053324,-1.0,-9.0,-72.0
1777891588.6153324,1.0,-5.0,-71.0
1777891588.6253324,2.0,-6.0,-67.0
1777891588.6353323,1.0,-1.0,-70.0
1777891588.6453323,2.0,-1.0,-76.0
1777891588.6553323,1.0,0.0,-79.0
1777891588.6653323,3.0,2.0,-70.0
1777891588.6753323,5.0,0.0,-73.0
1777891588.6853323,6.0,-1.0,-71.0
1777891588.6953323,5.0,-4.0,-70.0
1777891588.7053325,6.0,-4.0,-70.0
1777891588.7153325,4.0,-2.0,-74.0
1777891588.7253325,0.0,2.0,-76.0
1777891588.7353325,2.0,3.0,-80.0
1777891588.7453325,7.0,1.0,-74.0
1777891588.7553325,7.0,0.0,-65.0
1777891588.7653325,8.0,1.0,-63.0
1777891588.7753325,5.0,0.0,-67.0
1777891588.7853324,7.0,0.0,-73.0
1777891588.7953324,7.0,0.0,-73.0
1777891588.8053324,2.0,0.0,-77.0
1777891588.8153324,2.0,2.0,-81.0
1777891588.8253324,1.0,0.0,-75.0
1777891588.8353324,-2.0,2.0,-83.0
1777891588.8453324,0.0,0.0,-82.0
1777891588.8553324,6.0,-6.0,-82.0
1777891588.8663323,6.0,-7.0,-79.0
1777891588.8753324,2.0,-2.0,-80.0
1777891588.8853323,3.0,0.0,-71.0
1777891588.8953323,3.0,1.0,-67.0
1777891588.9053323,5.0,-4.0,-69.0
1777891588.9163325,2.0,-4.0,-73.0
1777891588.9263325,0.0,-1.0,-66.0
1777891588.9363325,-3.0,-4.0,-63.0
1777891588.9463325,-5.0,-2.0,-61.0
1777891588.9563324,-3.0,-4.0,-59.0
1777891588.9663324,0.0,-2.0,-64.0
1777891588.9763324,5.0,0.0,-68.0
1777891588.9863324,8.0,2.0,-64.0
1777891588.9963324,3.0,0.0,-69.0
1777891589.0063324,1.0,1.0,-67.0
1777891589.0163324,-1.0,5.0,-75.0
1777891589.0263324,-3.0,11.0,-81.0
1777891589.0363324,-3.0,12.0,-79.0
1777891589.0463324,0.0,8.0,-76.0
1777891589.0563323,8.0,5.0,-82.0
1777891589.0663323,4.0,3.0,-79.0
1777891589.0763323,3.0,4.0,-81.0
1777891589.0863323,6.0,4.0,-77.0
1777891589.0963323,4.0,2.0,-74.0
1777891589.1063323,3.0,4.0,-77.0
1777891589.1163323,2.0,2.0,-73.0
1777891589.1263323,4.0,0.0,-75.0
1777891589.1363325,5.0,3.0,-74.0
1777891589.1463325,7.0,2.0,-75.0
1777891589.1563325,9.0,0.0,-73.0
1777891589.1663325,7.0,-2.0,-70.0
1777891589.1763325,4.0,4.0,-74.0
1777891589.1863325,5.0,5.0,-76.0
1777891589.1963325,5.0,1.0,-76.0
1777891589.2063324,9.0,-2.0,-82.0
1777891589.2163324,10.0,-3.0,-80.0
1777891589.2263324,12.0,-2.0,-78.0
1777891589.2363324,10.0,-3.0,-82.0
1777891589.2463324,6.0,-1.0,-83.0
1777891589.2563324,10.0,-1.0,-86.0
1777891589.2663324,7.0,1.0,-86.0
1777891589.2763324,6.0,3.0,-87.0
1777891589.2863324,7.0,2.0,-82.0
1777891589.2963324,11.0,-2.0,-78.0
1777891589.3063323,14.0,-6.0,-77.0
1777891589.3163323,12.0,-5.0,-82.0
1777891589.3263323,7.0,-6.0,-78.0
1777891589.3363323,4.0,-5.0,-73.0
1777891589.3463323,7.0,-8.0,-69.0
1777891589.3563323,6.0,-8.0,-68.0
1777891589.3663323,2.0,-11.0,-72.0
1777891589.3763323,0.0,-9.0,-68.0
1777891589.3863325,3.0,-8.0,-75.0
1777891589.3963325,5.0,-7.0,-75.0
1777891589.4063325,2.0,-6.0,-77.0
1777891589.4163325,4.0,-7.0,-77.0
1777891589.4263325,3.0,-6.0,-74.0
1777891589.4363325,3.0,-7.0,-74.0
1777891589.4463325,2.0,-5.0,-70.0
1777891589.4563324,2.0,-2.0,-65.0
1777891589.4663324,2.0,-6.0,-64.0
1777891589.4763324,4.0,-3.0,-57.0
1777891589.4863324,0.0,0.0,-57.0
1777891589.4963324,0.0,5.0,-66.0
1777891589.5063324,5.0,4.0,-64.0
1777891589.5163324,1.0,-2.0,-63.0
1777891589.5263324,-2.0,-3.0,-64.0
1777891589.5363324,-3.0,-1.0,-59.0
1777891589.5463324,0.0,0.0,-65.0
1777891589.5563323,0.0,0.0,-63.0
1777891589.5663323,0.0,-4.0,-67.0
1777891589.5763323,-1.0,-4.0,-71.0
1777891589.5863323,2.0,-3.0,-72.0
1777891589.5963323,2.0,-2.0,-63.0
1777891589.6063323,0.0,0.0,-60.0
1777891589.6163323,0.0,-2.0,-59.0
1777891589.6263323,0.0,-5.0,-60.0
1777891589.6363325,2.0,-5.0,-57.0
1777891589.6463325,2.0,-7.0,-60.0
1777891589.6563325,3.0,-3.0,-65.0
1777891589.6663325,3.0,-4.0,-67.0
1777891589.6763325,0.0,-7.0,-71.0
1777891589.6863325,0.0,-3.0,-72.0
1777891589.6963325,-4.0,1.0,-74.0
1777891589.7063324,-1.0,1.0,-74.0
1777891589.7163324,-3.0,3.0,-75.0
1777891589.7263324,-3.0,5.0,-77.0
1777891589.7363324,-5.0,4.0,-71.0
1777891589.7463324,-4.0,2.0,-72.0
1777891589.7563324,-4.0,-1.0,-68.0
1777891589.7663324,1.0,-2.0,-71.0
1777891589.7763324,2.0,-3.0,-66.0
1777891589.7863324,0.0,-3.0,-67.0
1777891589.7963324,-3.0,-7.0,-65.0
1777891589.8063323,-2.0,-6.0,-66.0
1777891589.8163323,0.0,-11.0,-71.0
1777891589.8263323,5.0,-9.0,-73.0
1777891589.8363323,0.0,-11.0,-76.0
1777891589.8463323,0.0,-12.0,-73.0
1777891589.8563323,2.0,-12.0,-72.0
1777891589.8663323,4.0,-6.0,-69.0
1777891589.8763323,0.0,-6.0,-70.0
1777891589.8863325,2.0,-1.0,-71.0
1777891589.8963325,3.0,-1.0,-71.0
1777891589.9063325,7.0,-2.0,-74.0
1777891589.9163325,0.0,0.0,-75.0
1777891589.9263325,0.0,2.0,-74.0
1777891589.9363325,6.0,0.0,-74.0
1777891589.9463325,2.0,-2.0,-69.0
1777891589.9563324,-4.0,0.0,-64.0
1777891589.9663324,-8.0,1.0,-69.0
1777891589.9763324,-9.0,0.0,-71.0
1777891589.9863324,-6.0,2.0,-65.0
1777891589.9963324,0.0,3.0,-66.0
1777891590.0063324,-6.0,1.0,-72.0
1777891590.0163324,-7.0,0.0,-70.0
1777891590.0263324,-7.0,1.0,-69.0
1777891590.0363324,-4.0,-2.0,-64.0
1777891590.0463324,0.0,-2.0,-70.0
1777891590.0563323,0.0,-3.0,-73.0
1777891590.0663323,4.0,-3.0,-70.0
1777891590.0763323,4.0,-8.0,-71.0
1777891590.0863323,2.0,-4.0,-75.0
1777891590.0963323,8.0,-3.0,-75.0
1777891590.1063323,9.0,-4.0,-75.0
1777891590.1163323,5.0,-6.0,-77.0
1777891590.1263323,-1.0,-2.0,-72.0
1777891590.1363325,0.0,3.0,-72.0
1777891590.1463325,5.0,2.0,-73.0
1777891590.1563325,5.0,0.0,-67.0
1777891590.1663325,2.0,0.0,-70.0
1777891590.1763325,0.0,1.0,-69.0
1777891590.1863325,0.0,0.0,-59.0
1777891590.1963325,0.0,-1.0,-58.0
1777891590.2063324,0.0,0.0,-67.0
1777891590.2163324,5.0,-2.0,-66.0
1777891590.2263324,10.0,-1.0,-62.0
1777891590.2363324,5.0,0.0,-64.0
1777891590.2463324,6.0,1.0,-66.0
1777891590.2563324,6.0,1.0,-63.0
1777891590.2663324,8.0,1.0,-66.0
1777891590.2763324,11.0,-1.0,-67.0
1777891590.2863324,8.0,-4.0,-69.0
1777891590.2963324,1.0,-9.0,-64.0
1777891590.3063323,1.0,-11.0,-64.0
1777891590.3163323,1.0,-7.0,-63.0
1777891590.3263323,2.0,-7.0,-66.0
1777891590.3363323,2.0,-7.0,-64.0
1777891590.3463323,5.0,-8.0,-72.0
1777891590.3563323,11.0,-7.0,-78.0
1777891590.3663323,16.0,-6.0,-78.0
1777891590.3763323,16.0,-5.0,-75.0
1777891590.3863325,17.0,-4.0,-70.0
1777891590.3963325,12.0,-2.0,-68.0
1777891590.4063325,7.0,-2.0,-67.0
1777891590.4163325,5.0,-1.0,-66.0
1777891590.4263325,1.0,-3.0,-74.0
1777891590.4363325,6.0,-1.0,-76.0
1777891590.4463325,9.0,0.0,-71.0
1777891590.4563324,3.0,0.0,-70.0
1777891590.4663324,3.0,-3.0,-74.0
1777891590.4763324,5.0,0.0,-72.0
1777891590.4863324,0.0,2.0,-69.0
1777891590.4963324,-5.0,4.0,-76.0
1777891590.5063324,-4.0,4.0,-76.0
1777891590.5163324,-3.0,3.0,-68.0
1777891590.5263324,-3.0,3.0,-72.0
1777891590.5363324,0.0,0.0,-74.0
1777891590.5463324,1.0,-1.0,-81.0
1777891590.5563323,-1.0,1.0,-83.0
1777891590.5663323,-3.0,-3.0,-76.0
1777891590.5763323,-2.0,-1.0,-81.0
1777891590.5863323,-3.0,0.0,-77.0
1777891590.5963323,-4.0,-2.0,-76.0
1777891590.6063323,-3.0,-3.0,-69.0
1777891590.6163323,0.0,-4.0,-72.0
1777891590.6263323,0.0,-4.0,-70.0
1777891590.6363325,1.0,-5.0,-71.0
1777891590.6463325,2.0,-7.0,-67.0
1777891590.6563325,3.0,-7.0,-69.0
1777891590.6663325,3.0,-1.0,-76.0
1777891590.6763325,2.0,-3.0,-71.0
1777891590.6863325,2.0,0.0,-73.0
1777891590.6963325,1.0,4.0,-70.0
1777891590.7063324,2.0,4.0,-66.0
1777891590.7163324,0.0,6.0,-62.0
1777891590.7263324,1.0,4.0,-60.0
1777891590.7363324,0.0,0.0,-59.0
1777891590.7463324,-3.0,-2.0,-59.0
1777891590.7563324,3.0,0.0,-53.0
1777891590.7663324,5.0,4.0,-59.0
1777891590.7763324,9.0,1.0,-60.0
1777891590.7863324,7.0,0.0,-60.0
1777891590.7963324,6.0,-3.0,-57.0
1777891590.8063323,5.0,-2.0,-63.0
1777891590.8163323,0.0,5.0,-69.0
1777891590.8263323,1.0,2.0,-73.0
1777891590.8363323,6.0,6.0,-75.0
1777891590.8463323,7.0,4.0,-72.0
1777891590.8563323,1.0,2.0,-67.0
1777891590.8663323,-1.0,0.0,-68.0
1777891590.8763323,3.0,0.0,-71.0
1777891590.8873324,4.0,1.0,-79.0
1777891590.8963325,7.0,0.0,-79.0
1777891590.9073324,7.0,-1.0,-73.0
1777891590.9173324,6.0,1.0,-79.0
1777891590.9273324,12.0,0.0,-74.0
1777891590.9373324,6.0,0.0,-70.0
1777891590.9473324,0.0,-2.0,-77.0
1777891590.9573324,-2.0,-1.0,-77.0
1777891590.9673324,-2.0,0.0,-81.0
1777891590.9773324,1.0,1.0,-80.0
1777891590.9873323,3.0,0.0,-78.0
1777891590.9973323,4.0,0.0,-75.0
1777891591.0073323,1.0,-1.0,-74.0
1777891591.0173323,4.0,-3.0,-68.0
1777891591.0273323,0.0,-2.0,-65.0
1777891591.0373323,0.0,-3.0,-66.0
1777891591.0473323,2.0,-5.0,-60.0
1777891591.0573325,6.0,-3.0,-62.0
1777891591.0673325,6.0,-5.0,-73.0
1777891591.0773325,3.0,-4.0,-81.0
1777891591.0873325,3.0,-2.0,-79.0
1777891591.0973325,0.0,1.0,-81.0
1777891591.1073325,-1.0,-3.0,-78.0
1777891591.1173325,1.0,-3.0,-78.0
1777891591.1273324,4.0,-3.0,-75.0
1777891591.1373324,3.0,-2.0,-79.0
1777891591.1473324,4.0,1.0,-78.0
1777891591.1573324,7.0,0.0,-76.0
1777891591.1673324,8.0,0.0,-73.0
1777891591.1773324,6.0,0.0,-76.0
1777891591.1873324,5.0,1.0,-73.0
1777891591.1973324,4.0,1.0,-77.0
1777891591.2073324,3.0,-1.0,-74.0
1777891591.2173324,1.0,-3.0,-69.0
1777891591.2273324,1.0,-2.0,-69.0
1777891591.2373323,1.0,-2.0,-71.0
1777891591.2473323,6.0,-7.0,-70.0
1777891591.2573323,8.0,-7.0,-75.0
1777891591.2673323,5.0,-2.0,-75.0
1777891591.2773323,4.0,0.0,-73.0
1777891591.2873323,8.0,1.0,-70.0
1777891591.2973323,6.0,-2.0,-70.0
1777891591.3073325,5.0,0.0,-66.0
1777891591.3173325,2.0,5.0,-57.0
1777891591.3273325,6.0,-2.0,-57.0
1777891591.3373325,4.0,-2.0,-57.0
1777891591.3473325,3.0,-1.0,-59.0
1777891591.3573325,5.0,-4.0,-57.0
1777891591.3673325,-1.0,-8.0,-67.0
1777891591.3773324,-3.0,-8.0,-63.0
1777891591.3873324,1.0,-8.0,-62.0
1777891591.3973324,1.0,-8.0,-65.0
1777891591.4073324,0.0,-8.0,-63.0
1777891591.4173324,0.0,-6.0,-67.0
1777891591.4273324,-3.0,-4.0,-66.0
1777891591.4373324,-3.0,-4.0,-64.0
1777891591.4473324,-3.0,-2.0,-60.0
1777891591.4573324,1.0,-2.0,-59.0
1777891591.4673324,3.0,-2.0,-64.0
1777891591.4773324,1.0,0.0,-61.0
1777891591.4873323,0.0,1.0,-64.0
1777891591.4973323,0.0,0.0,-67.0
1777891591.5073323,0.0,1.0,-68.0
1777891591.5173323,-1.0,0.0,-71.0
1777891591.5273323,0.0,-1.0,-71.0
1777891591.5373323,0.0,-2.0,-74.0
1777891591.5473323,2.0,-5.0,-76.0
1777891591.5573325,5.0,-6.0,-75.0
1777891591.5673325,3.0,-6.0,-73.0
1777891591.5773325,0.0,-4.0,-75.0
1777891591.5873325,2.0,-2.0,-71.0
1777891591.5973325,2.0,0.0,-70.0
1777891591.6073325,-1.0,-4.0,-72.0
1777891591.6173325,0.0,-1.0,-78.0
1777891591.6273324,2.0,0.0,-69.0
1777891591.6373324,2.0,2.0,-70.0
1777891591.6473324,2.0,6.0,-71.0
1777891591.6573324,7.0,10.0,-71.0
1777891591.6673324,10.0,9.0,-74.0
1777891591.6773324,9.0,6.0,-79.0
1777891591.6873324,8.0,4.0,-70.0
1777891591.6973324,4.0,0.0,-73.0
1777891591.7073324,2.0,-2.0,-73.0
1777891591.7173324,0.0,-6.0,-69.0
1777891591.7273324,2.0,-6.0,-68.0
1777891591.7373323,0.0,-8.0,-73.0
1777891591.7473323,-1.0,-4.0,-74.0
1777891591.7573323,2.0,-2.0,-74.0
1777891591.7673323,0.0,-1.0,-72.0
1777891591.7773323,-2.0,-4.0,-76.0
1777891591.7873323,-3.0,-3.0,-76.0
1777891591.7973323,-5.0,-7.0,-69.0
1777891591.8073325,-5.0,-4.0,-66.0
1777891591.8173325,-4.0,-2.0,-65.0
1777891591.8273325,-6.0,-4.0,-67.0
1777891591.8373325,-3.0,0.0,-65.0
1777891591.8473325,0.0,-1.0,-67.0
1777891591.8573325,-3.0,-2.0,-63.0
1777891591.8673325,-1.0,-3.0,-62.0
1777891591.8773324,1.0,-3.0,-62.0
1777891591.8873324,0.0,1.0,-59.0
1777891591.8973324,1.0,3.0,-68.0
1777891591.9073324,1.0,3.0,-74.0
1777891591.9173324,-3.0,7.0,-77.0
1777891591.9273324,-5.0,1.0,-78.0
1777891591.9373324,0.0,1.0,-81.0
1777891591.9473324,3.0,-2.0,-81.0
1777891591.9573324,7.0,2.0,-83.0
1777891591.9673324,2.0,5.0,-85.0
1777891591.9773324,0.0,1.0,-92.0
1777891591.9873323,0.0,3.0,-83.0
1777891591.9973323,5.0,-1.0,-84.0
1777891592.0073323,5.0,-5.0,-85.0
1777891592.0173323,4.0,-4.0,-82.0
1777891592.0273323,6.0,-4.0,-75.0
1777891592.0373323,3.0,-6.0,-81.0
1777891592.0473323,1.0,-7.0,-80.0
1777891592.0573325,4.0,-3.0,-75.0
1777891592.0673325,4.0,-2.0,-73.0
1777891592.0773325,1.0,-3.0,-68.0
1777891592.0873325,-2.0,0.0,-67.0
1777891592.0973325,-4.0,-2.0,-71.0
1777891592.1073325,-6.0,0.0,-69.0
1777891592.1173325,-4.0,5.0,-80.0
1777891592.1273324,-1.0,4.0,-79.0
1777891592.1373324,0.0,0.0,-74.0
1777891592.1473324,1.0,-5.0,-77.0
1777891592.1573324,-3.0,-7.0,-81.0
1777891592.1673324,-6.0,-7.0,-83.0
1777891592.1773324,-4.0,-3.0,-89.0
1777891592.1873324,0.0,-4.0,-83.0
1777891592.1973324,-4.0,-3.0,-75.0
1777891592.2073324,-2.0,-1.0,-74.0
1777891592.2173324,-2.0,0.0,-71.0
1777891592.2273324,-3.0,0.0,-66.0
1777891592.2373323,-3.0,1.0,-73.0
1777891592.2473323,0.0,2.0,-70.0
1777891592.2573323,-3.0,4.0,-65.0
1777891592.2673323,-4.0,4.0,-70.0
1777891592.2773323,-3.0,6.0,-75.0
1777891592.2873323,-4.0,9.0,-73.0
1777891592.2973323,-3.0,6.0,-78.0
1777891592.3073325,-3.0,5.0,-80.0
1777891592.3173325,-4.0,2.0,-85.0
1777891592.3273325,-1.0,1.0,-85.0
1777891592.3373325,0.0,3.0,-85.0
1777891592.3473325,0.0,0.0,-87.0
1777891592.3573325,0.0,-1.0,-88.0
1777891592.3673325,2.0,-6.0,-86.0
1777891592.3773324,0.0,-3.0,-87.0
1777891592.3873324,3.0,0.0,-82.0
1777891592.3973324,5.0,-1.0,-74.0
1777891592.4073324,8.0,-3.0,-71.0
1777891592.4173324,5.0,-5.0,-70.0
1777891592.4273324,1.0,-1.0,-72.0
1777891592.4373324,-5.0,0.0,-73.0
1777891592.4473324,-6.0,-1.0,-73.0
1777891592.4573324,-7.0,-1.0,-75.0
1777891592.4673324,-9.0,-5.0,-78.0
1777891592.4773324,-5.0,-3.0,-76.0
1777891592.4873323,-2.0,1.0,-78.0
1777891592.4973323,-1.0,2.0,-80.0
1777891592.5073323,-1.0,1.0,-80.0
1777891592.5183325,-1.0,3.0,-77.0
1777891592.5273323,1.0,0.0,-79.0
1777891592.5373323,0.0,-6.0,-75.0
1777891592.5473323,2.0,-3.0,-74.0
1777891592.5573325,3.0,0.0,-68.0
1777891592.5673325,5.0,1.0,-63.0
1777891592.5773325,3.0,0.0,-60.0
1777891592.5873325,2.0,-2.0,-61.0
1777891592.5973325,5.0,0.0,-67.0
1777891592.6073325,0.0,2.0,-67.0
1777891592.6173325,0.0,3.0,-71.0
1777891592.6273324,0.0,4.0,-71.0
1777891592.6373324,1.0,6.0,-69.0
1777891592.6473324,1.0,4.0,-66.0
1777891592.6573324,4.0,1.0,-68.0
1777891592.6673324,1.0,-2.0,-68.0
1777891592.6773324,4.0,0.0,-73.0
1777891592.6873324,2.0,0.0,-67.0
1777891592.6973324,3.0,0.0,-67.0
1777891592.7073324,3.0,2.0,-65.0
1777891592.7173324,5.0,2.0,-64.0
1777891592.7273324,7.0,0.0,-67.0
1777891592.7373323,6.0,1.0,-71.0
1777891592.7473323,3.0,3.0,-75.0
1777891592.7573323,1.0,1.0,-76.0
1777891592.7673323,4.0,-3.0,-79.0
1777891592.7773323,3.0,-6.0,-82.0
1777891592.7873323,2.0,-4.0,-77.0
1777891592.7973323,4.0,-4.0,-73.0
1777891592.8073325,4.0,-7.0,-80.0
1777891592.8173325,3.0,-7.0,-81.0
1777891592.8283324,3.0,-8.0,-86.0
1777891592.8373325,0.0,-2.0,-87.0
1777891592.8473325,0.0,-3.0,-79.0
1777891592.8573325,-4.0,1.0,-80.0
1777891592.8673325,-7.0,0.0,-87.0
1777891592.8773324,-7.0,-3.0,-79.0
1777891592.8883324,-6.0,-2.0,-80.0
1777891592.8983324,-2.0,-5.0,-78.0
1777891592.9083323,2.0,-8.0,-83.0
1777891592.9183323,4.0,-13.0,-81.0
1777891592.9283323,0.0,-10.0,-80.0
1777891592.9383323,-2.0,-6.0,-72.0
1777891592.9483323,-3.0,-4.0,-72.0
1777891592.9583323,-2.0,2.0,-60.0
1777891592.9683323,-1.0,5.0,-60.0
1777891592.9783323,-2.0,2.0,-56.0
1777891592.9883325,-2.0,-2.0,-60.0
1777891592.9983325,-2.0,-3.0,-62.0
1777891593.0083325,-1.0,-5.0,-65.0
1777891593.0183325,-1.0,-4.0,-67.0
1777891593.0283325,-3.0,-4.0,-67.0
1777891593.0383325,-2.0,-5.0,-70.0
1777891593.0483325,0.0,-4.0,-63.0
1777891593.0583324,3.0,0.0,-65.0
1777891593.0683324,5.0,2.0,-59.0
1777891593.0783324,1.0,2.0,-58.0
1777891593.0883324,0.0,1.0,-59.0
1777891593.0983324,6.0,-2.0,-60.0
1777891593.1083324,6.0,-2.0,-63.0
1777891593.1183324,5.0,-3.0,-68.0
1777891593.1283324,3.0,0.0,-62.0
1777891593.1383324,0.0,-1.0,-73.0
1777891593.1483324,1.0,-3.0,-70.0
1777891593.1583323,3.0,1.0,-78.0
1777891593.1683323,4.0,5.0,-80.0
1777891593.1783323,3.0,4.0,-76.0
1777891593.1883323,1.0,4.0,-78.0
1777891593.1983323,-4.0,3.0,-78.0
1777891593.2083323,-2.0,1.0,-70.0
1777891593.2183323,-5.0,0.0,-68.0
1777891593.2283323,0.0,-2.0,-64.0
1777891593.2383325,3.0,0.0,-67.0
1777891593.2483325,6.0,-2.0,-67.0
1777891593.2583325,10.0,-3.0,-67.0
1777891593.2683325,8.0,1.0,-69.0
1777891593.2783325,8.0,2.0,-71.0
1777891593.2883325,3.0,0.0,-70.0
1777891593.2983325,0.0,-1.0,-70.0
1777891593.3083324,1.0,1.0,-66.0
1777891593.3183324,1.0,0.0,-68.0
1777891593.3283324,5.0,0.0,-69.0
1777891593.3383324,2.0,1.0,-71.0
1777891593.3483324,5.0,-1.0,-68.0
1777891593.3583324,7.0,-4.0,-69.0
1777891593.3683324,7.0,-3.0,-66.0
1777891593.3783324,8.0,-5.0,-62.0
1777891593.3883324,10.0,-4.0,-62.0
1777891593.3983324,6.0,-3.0,-66.0
1777891593.4083323,3.0,-3.0,-72.0
1777891593.4183323,2.0,-8.0,-77.0
1777891593.4283323,0.0,-4.0,-70.0
1777891593.4383323,0.0,0.0,-64.0
1777891593.4483323,5.0,1.0,-69.0
1777891593.4583323,4.0,0.0,-66.0
1777891593.4683323,0.0,-4.0,-64.0
1777891593.4783323,-3.0,-10.0,-69.0
1777891593.4883325,-4.0,-10.0,-66.0
1777891593.4983325,0.0,-11.0,-65.0
1777891593.5083325,3.0,-6.0,-68.0
1777891593.5183325,1.0,-3.0,-71.0
1777891593.5283325,3.0,-2.0,-74.0
1777891593.5383325,1.0,0.0,-72.0
1777891593.5483325,1.0,-3.0,-66.0
1777891593.5583324,1.0,-5.0,-62.0
1777891593.5683324,3.0,-3.0,-66.0
1777891593.5783324,7.0,-3.0,-72.0
1777891593.5883324,2.0,-1.0,-68.0
1777891593.5983324,0.0,-3.0,-72.0
1777891593.6083324,0.0,-2.0,-69.0
1777891593.6183324,0.0,-5.0,-75.0
1777891593.6283324,2.0,-7.0,-78.0
1777891593.6383324,5.0,-5.0,-78.0
1777891593.6483324,6.0,-2.0,-76.0
1777891593.6583323,6.0,-2.0,-74.0
1777891593.6683323,8.0,-6.0,-69.0
1777891593.6783323,6.0,0.0,-71.0
1777891593.6883323,-3.0,2.0,-73.0
1777891593.6983323,-3.0,1.0,-78.0
1777891593.7083323,-2.0,1.0,-77.0
1777891593.7183323,-5.0,0.0,-77.0
1777891593.7283323,-2.0,-3.0,-79.0
1777891593.7383325,-1.0,-5.0,-83.0
1777891593.7483325,0.0,-5.0,-84.0
1777891593.7583325,0.0,-5.0,-82.0
1777891593.7683325,2.0,-3.0,-71.0
1777891593.7783325,1.0,-1.0,-71.0
1777891593.7883325,1.0,2.0,-68.0
1777891593.7983325,3.0,4.0,-69.0
1777891593.8083324,2.0,1.0,-66.0
1777891593.8183324,2.0,3.0,-65.0
1777891593.8283324,3.0,3.0,-67.0
1777891593.8383324,4.0,2.0,-77.0
1777891593.8483324,4.0,-1.0,-67.0
1777891593.8583324,7.0,-3.0,-72.0
1777891593.8683324,5.0,-3.0,-69.0
1777891593.8783324,0.0,-2.0,-62.0
1777891593.8883324,-1.0,-1.0,-67.0
1777891593.8983324,-5.0,1.0,-75.0
1777891593.9093325,-3.0,2.0,-65.0
1777891593.9183323,-6.0,0.0,-66.0
1777891593.9283323,-4.0,1.0,-53.0
1777891593.9383323,2.0,-1.0,-60.0
1777891593.9483323,2.0,1.0,-64.0
1777891593.9583323,3.0,1.0,-67.0
1777891593.9683323,4.0,0.0,-75.0
1777891593.9783323,6.0,2.0,-75.0
1777891593.9883325,6.0,1.0,-77.0
1777891593.9983325,4.0,-2.0,-70.0
1777891594.0083325,6.0,-1.0,-77.0
1777891594.0183325,4.0,0.0,-70.0
1777891594.0283325,3.0,-2.0,-63.0
1777891594.0383325,6.0,0.0,-64.0
1777891594.0483325,9.0,2.0,-62.0
1777891594.0583324,11.0,1.0,-63.0
1777891594.0683324,7.0,4.0,-68.0
1777891594.0783324,4.0,5.0,-69.0
1777891594.0883324,6.0,4.0,-71.0
1777891594.0983324,5.0,3.0,-66.0
1777891594.1083324,2.0,0.0,-70.0
1777891594.1183324,0.0,0.0,-66.0
1777891594.1283324,0.0,0.0,-64.0
1777891594.1383324,-1.0,0.0,-68.0
1777891594.1483324,1.0,0.0,-75.0
1777891594.1583323,1.0,-6.0,-76.0
1777891594.1683323,1.0,-3.0,-72.0
1777891594.1783323,0.0,-7.0,-67.0
1777891594.1883323,-1.0,-8.0,-74.0
1777891594.1983323,-4.0,-6.0,-74.0
1777891594.2083323,-2.0,-6.0,-71.0
1777891594.2183323,-1.0,-2.0,-71.0
1777891594.2283323,0.0,-2.0,-72.0
1777891594.2383325,-2.0,-1.0,-77.0
1777891594.2483325,-5.0,0.0,-79.0
1777891594.2583325,-5.0,-1.0,-75.0
1777891594.2683325,-1.0,0.0,-77.0
1777891594.2783325,-4.0,0.0,-75.0
1777891594.2883325,-3.0,0.0,-78.0
1777891594.2983325,-5.0,4.0,-81.0
1777891594.3083324,-4.0,5.0,-73.0
1777891594.3183324,-3.0,5.0,-76.0
1777891594.3283324,0.0,4.0,-73.0
1777891594.3383324,0.0,5.0,-73.0
1777891594.3483324,1.0,3.0,-76.0
1777891594.3583324,-2.0,3.0,-78.0
1777891594.3683324,-2.0,1.0,-76.0
1777891594.3783324,-1.0,3.0,-74.0
1777891594.3883324,-3.0,2.0,-71.0
1777891594.3983324,-4.0,1.0,-59.0
1777891594.4083323,-2.0,-1.0,-57.0
1777891594.4183323,0.0,-2.0,-57.0
1777891594.4283323,-5.0,0.0,-64.0
1777891594.4383323,0.0,-4.0,-70.0
1777891594.4483323,0.0,-7.0,-74.0
1777891594.4583323,0.0,-7.0,-74.0
1777891594.4683323,0.0,-6.0,-76.0
1777891594.4783323,0.0,-6.0,-76.0
1777891594.4883325,3.0,0.0,-74.0
1777891594.4983325,1.0,0.0,-78.0
1777891594.5083325,2.0,-1.0,-78.0
1777891594.5183325,2.0,-5.0,-71.0
1777891594.5283325,0.0,-6.0,-65.0
1777891594.5383325,0.0,-7.0,-60.0
1777891594.5483325,-1.0,-7.0,-65.0
1777891594.5583324,-3.0,-5.0,-68.0
1777891594.5683324,0.0,-6.0,-61.0
1777891594.5783324,0.0,-2.0,-70.0
1777891594.5883324,0.0,-2.0,-76.0
1777891594.5983324,3.0,0.0,-76.0
1777891594.6083324,9.0,-5.0,-75.0
1777891594.6183324,9.0,-5.0,-67.0
1777891594.6283324,6.0,-1.0,-66.0
1777891594.6383324,4.0,-1.0,-72.0
1777891594.6483324,5.0,-1.0,-74.0
1777891594.6583323,6.0,-2.0,-69.0
1777891594.6683323,4.0,-5.0,-67.0
1777891594.6783323,1.0,1.0,-72.0
1777891594.6883323,0.0,-2.0,-75.0
1777891594.6983323,3.0,-9.0,-76.0
1777891594.7083323,6.0,-6.0,-81.0
1777891594.7183323,10.0,-4.0,-73.0
1777891594.7283323,8.0,-8.0,-76.0
1777891594.7383325,5.0,-7.0,-72.0
1777891594.7483325,5.0,-5.0,-77.0
1777891594.7583325,8.0,-5.0,-80.0
1777891594.7683325,8.0,-2.0,-81.0
1777891594.7783325,5.0,0.0,-76.0
1777891594.7883325,0.0,0.0,-77.0
1777891594.7983325,0.0,2.0,-82.0
1777891594.8083324,3.0,5.0,-79.0
1777891594.8183324,6.0,6.0,-76.0
1777891594.8293324,2.0,6.0,-73.0
1777891594.8383324,1.0,4.0,-78.0
1777891594.8483324,2.0,4.0,-77.0
1777891594.8583324,3.0,5.0,-74.0
1777891594.8693323,4.0,6.0,-70.0
1777891594.8793323,7.0,6.0,-72.0
1777891594.8893323,7.0,4.0,-70.0
1777891594.8993323,3.0,1.0,-66.0
1777891594.9093325,0.0,1.0,-71.0
1777891594.9193325,1.0,3.0,-76.0
1777891594.9293325,5.0,1.0,-74.0
1777891594.9393325,5.0,0.0,-71.0
1777891594.9493325,5.0,-1.0,-75.0
1777891594.9593325,1.0,4.0,-72.0
1777891594.9693325,-4.0,0.0,-71.0
1777891594.9793324,-9.0,-6.0,-68.0
1777891594.9893324,-6.0,-6.0,-72.0
1777891594.9993324,-4.0,-1.0,-67.0
1777891595.0093324,-3.0,0.0,-62.0
1777891595.0193324,0.0,-4.0,-65.0
1777891595.0293324,-2.0,-4.0,-65.0
1777891595.0393324,0.0,-4.0,-64.0
1777891595.0493324,1.0,-3.0,-66.0
1777891595.0593324,2.0,0.0,-69.0
1777891595.0693324,1.0,1.0,-76.0
1777891595.0793324,-1.0,2.0,-77.0
1777891595.0893323,-4.0,0.0,-70.0
1777891595.0993323,-3.0,0.0,-67.0
1777891595.1093323,1.0,-1.0,-63.0
1777891595.1193323,1.0,-3.0,-64.0
1777891595.1293323,-3.0,-4.0,-62.0
1777891595.1393323,0.0,-2.0,-65.0
1777891595.1493323,0.0,-3.0,-64.0
1777891595.1593325,0.0,-4.0,-66.0
1777891595.1693325,0.0,-5.0,-71.0
1777891595.1793325,2.0,-2.0,-74.0
1777891595.1893325,1.0,0.0,-72.0
1777891595.1993325,0.0,0.0,-78.0
1777891595.2093325,-1.0,-1.0,-75.0
1777891595.2193325,3.0,0.0,-69.0
1777891595.2293324,4.0,3.0,-67.0
1777891595.2393324,6.0,3.0,-63.0
1777891595.2493324,5.0,0.0,-69.0
1777891595.2593324,0.0,-5.0,-70.0
1777891595.2693324,4.0,-6.0,-73.0
1777891595.2793324,4.0,-4.0,-81.0
1777891595.2893324,0.0,-2.0,-81.0
1777891595.2993324,1.0,-1.0,-79.0
1777891595.3093324,-1.0,-1.0,-69.0
1777891595.3193324,-1.0,-1.0,-66.0
1777891595.3293324,-2.0,-1.0,-67.0
1777891595.3393323,5.0,1.0,-67.0
1777891595.3493323,6.0,0.0,-68.0
1777891595.3593323,0.0,2.0,-64.0
1777891595.3693323,2.0,4.0,-63.0
1777891595.3793323,0.0,4.0,-73.0
1777891595.3893323,5.0,4.0,-73.0
1777891595.3993323,4.0,3.0,-75.0
1777891595.4093325,2.0,-3.0,-76.0
1777891595.4193325,1.0,-1.0,-84.0
1777891595.4293325,1.0,-4.0,-84.0
1777891595.4393325,4.0,0.0,-82.0
1777891595.4493325,-4.0,2.0,-78.0
1777891595.4593325,-5.0,2.0,-74.0
1777891595.4693325,-1.0,-4.0,-71.0
1777891595.4793324,-3.0,-5.0,-73.0
1777891595.4893324,-3.0,-3.0,-69.0
1777891595.4993324,-1.0,0.0,-68.0
1777891595.5093324,-2.0,-1.0,-62.0
1777891595.5193324,0.0,-5.0,-59.0
1777891595.5293324,4.0,-5.0,-68.0
1777891595.5393324,3.0,-7.0,-66.0
1777891595.5493324,0.0,-1.0,-69.0
1777891595.5593324,0.0,2.0,-75.0
1777891595.5693324,0.0,4.0,-77.0
1777891595.5793324,2.0,6.0,-82.0
1777891595.5893323,3.0,6.0,-84.0
1777891595.5993323,3.0,5.0,-81.0
1777891595.6093323,2.0,2.0,-80.0
1777891595.6193323,3.0,1.0,-79.0
1777891595.6293323,3.0,-2.0,-83.0
1777891595.6393323,-4.0,-7.0,-81.0
1777891595.6493323,-4.0,-10.0,-80.0
1777891595.6593325,-2.0,-7.0,-79.0
1777891595.6693325,-2.0,-7.0,-74.0
1777891595.6793325,0.0,-9.0,-78.0
1777891595.6893325,0.0,-8.0,-75.0
1777891595.6993325,-1.0,-7.0,-69.0
1777891595.7093325,0.0,-7.0,-65.0
1777891595.7193325,1.0,-8.0,-64.0
1777891595.7293324,3.0,-8.0,-67.0
1777891595.7393324,2.0,-6.0,-69.0
1777891595.7493324,-3.0,-3.0,-69.0
1777891595.7593324,-1.0,-3.0,-73.0
1777891595.7693324,3.0,-1.0,-69.0
1777891595.7793324,0.0,-1.0,-70.0
1777891595.7893324,-1.0,-4.0,-71.0
1777891595.7993324,-4.0,-1.0,-67.0
1777891595.8093324,0.0,-2.0,-67.0
1777891595.8193324,-6.0,0.0,-73.0
1777891595.8293324,-9.0,0.0,-79.0
1777891595.8393323,-11.0,-3.0,-80.0
1777891595.8493323,-6.0,-4.0,-79.0
1777891595.8593323,-4.0,1.0,-74.0
1777891595.8693323,-1.0,5.0,-74.0
1777891595.8793323,-2.0,1.0,-73.0
1777891595.8893323,0.0,0.0,-74.0
1777891595.8993323,3.0,-1.0,-78.0
1777891595.9093325,0.0,1.0,-74.0
1777891595.9193325,3.0,1.0,-71.0
1777891595.9293325,3.0,0.0,-70.0
1777891595.9393325,2.0,2.0,-68.0
1777891595.9493325,3.0,4.0,-66.0
1777891595.9593325,0.0,0.0,-69.0
1777891595.9693325,0.0,0.0,-68.0
1777891595.9793324,3.0,-5.0,-68.0
1777891595.9893324,1.0,-3.0,-68.0
1777891595.9993324,-1.0,-5.0,-76.0
1777891596.0093324,1.0,-4.0,-77.0
1777891596.0193324,2.0,-6.0,-75.0
1777891596.0293324,3.0,-8.0,-80.0
1777891596.0393324,6.0,-4.0,-78.0
1777891596.0493324,7.0,-4.0,-72.0
1777891596.0593324,6.0,-6.0,-72.0
1777891596.0693324,4.0,-7.0,-75.0
1777891596.0793324,0.0,-11.0,-74.0
1777891596.0893323,-6.0,-6.0,-68.0
1777891596.0993323,-3.0,0.0,-73.0
1777891596.1093323,0.0,0.0,-74.0
1777891596.1193323,0.0,-1.0,-82.0
1777891596.1293323,0.0,-4.0,-77.0
1777891596.1393323,5.0,-5.0,-78.0
1777891596.1493323,2.0,-3.0,-74.0
1777891596.1593325,2.0,0.0,-70.0
1777891596.1693325,1.0,-2.0,-71.0
1777891596.1793325,5.0,-2.0,-78.0
1777891596.1893325,0.0,0.0,-85.0
1777891596.1993325,0.0,3.0,-88.0
1777891596.2093325,1.0,5.0,-79.0
1777891596.2193325,4.0,3.0,-78.0
1777891596.2293324,0.0,0.0,-64.0
1777891596.2393324,4.0,0.0,-67.0
1777891596.2493324,9.0,3.0,-69.0
1777891596.2593324,6.0,1.0,-71.0
1777891596.2693324,7.0,0.0,-70.0
1777891596.2793324,6.0,2.0,-74.0
1777891596.2893324,2.0,4.0,-64.0
1777891596.2993324,2.0,1.0,-69.0
1777891596.3093324,0.0,2.0,-67.0
1777891596.3193324,1.0,0.0,-66.0
1777891596.3293324,0.0,0.0,-68.0
1777891596.3393323,-4.0,-2.0,-66.0
1777891596.3493323,-6.0,-2.0,-63.0
1777891596.3593323,-4.0,-5.0,-63.0
1777891596.3693323,-4.0,-6.0,-70.0
1777891596.3793323,-2.0,-7.0,-74.0
1777891596.3893323,1.0,-5.0,-65.0
1777891596.3993323,-7.0,0.0,-64.0
1777891596.4093325,-11.0,-1.0,-66.0
1777891596.4193325,-13.0,0.0,-73.0
1777891596.4293325,-9.0,1.0,-77.0
1777891596.4393325,-5.0,2.0,-85.0
1777891596.4493325,0.0,0.0,-80.0
1777891596.4593325,2.0,-1.0,-77.0
1777891596.4693325,3.0,-2.0,-68.0
1777891596.4793324,5.0,-3.0,-70.0
1777891596.4893324,0.0,-1.0,-70.0
1777891596.4993324,-2.0,-4.0,-72.0
1777891596.5093324,-3.0,-6.0,-72.0
1777891596.5193324,0.0,-3.0,-68.0
1777891596.5293324,0.0,1.0,-67.0
1777891596.5393324,3.0,3.0,-62.0
1777891596.5493324,1.0,4.0,-68.0
1777891596.5593324,2.0,0.0,-81.0
1777891596.5693324,4.0,-1.0,-80.0
1777891596.5793324,9.0,-1.0,-67.0
1777891596.5893323,12.0,-5.0,-68.0
1777891596.5993323,11.0,-3.0,-73.0
1777891596.6093323,10.0,1.0,-72.0
1777891596.6193323,8.0,2.0,-73.0
1777891596.6293323,9.0,-1.0,-72.0
1777891596.6393323,7.0,0.0,-64.0
1777891596.6493323,4.0,0.0,-61.0
1777891596.6593325,1.0,1.0,-59.0
1777891596.6693325,1.0,0.0,-63.0
1777891596.6793325,2.0,-1.0,-70.0
1777891596.6893325,5.0,-1.0,-78.0
1777891596.6993325,6.0,-1.0,-78.0
1777891596.7093325,7.0,1.0,-72.0
1777891596.7193325,6.0,4.0,-74.0
1777891596.7293324,4.0,0.0,-66.0
1777891596.7393324,5.0,2.0,-65.0
1777891596.7493324,-1.0,0.0,-69.0
1777891596.7593324,0.0,0.0,-71.0
1777891596.7693324,0.0,-3.0,-71.0
1777891596.7793324,1.0,-5.0,-77.0
1777891596.7893324,1.0,-4.0,-78.0
1777891596.7993324,6.0,-3.0,-78.0
1777891596.8093324,0.0,-3.0,-76.0
1777891596.8193324,0.0,-7.0,-73.0
1777891596.8293324,-1.0,-4.0,-66.0
1777891596.8393323,-1.0,0.0,-75.0
1777891596.8493323,1.0,0.0,-75.0
1777891596.8603325,-2.0,1.0,-66.0
1777891596.8703325,0.0,2.0,-63.0
1777891596.8803325,2.0,2.0,-68.0
1777891596.8903325,3.0,0.0,-70.0
1777891596.9003325,0.0,-2.0,-73.0
1777891596.9103324,4.0,-1.0,-75.0
1777891596.9203324,3.0,-5.0,-75.0
1777891596.9303324,6.0,-5.0,-68.0
1777891596.9403324,3.0,-1.0,-68.0
1777891596.9503324,6.0,0.0,-71.0
1777891596.9603324,6.0,-1.0,-71.0
1777891596.9703324,3.0,0.0,-84.0
1777891596.9813323,4.0,-4.0,-83.0
1777891596.9903324,8.0,-6.0,-83.0
1777891597.0003324,6.0,-7.0,-82.0
1777891597.0103323,7.0,-8.0,-83.0
1777891597.0203323,6.0,-9.0,-86.0
1777891597.0303323,7.0,-6.0,-80.0
1777891597.0403323,7.0,-5.0,-72.0
1777891597.0503323,9.0,-7.0,-63.0
1777891597.0603323,3.0,-6.0,-67.0
1777891597.0703323,1.0,-4.0,-63.0
1777891597.0803325,-2.0,-3.0,-70.0
1777891597.0903325,0.0,2.0,-68.0
1777891597.1003325,0.0,5.0,-62.0
1777891597.1103325,0.0,5.0,-67.0
1777891597.1203325,1.0,1.0,-65.0
1777891597.1303325,5.0,2.0,-61.0
1777891597.1403325,2.0,2.0,-60.0
1777891597.1503325,0.0,0.0,-61.0
1777891597.1603324,6.0,0.0,-69.0
1777891597.1703324,6.0,0.0,-72.0
1777891597.1803324,8.0,2.0,-71.0
1777891597.1903324,4.0,2.0,-69.0
1777891597.2003324,6.0,4.0,-68.0
1777891597.2103324,3.0,6.0,-69.0
1777891597.2203324,2.0,1.0,-77.0
1777891597.2303324,3.0,3.0,-78.0
1777891597.2403324,0.0,-2.0,-71.0
1777891597.2503324,0.0,-3.0,-72.0
1777891597.2603323,5.0,-1.0,-72.0
1777891597.2703323,0.0,2.0,-77.0
1777891597.2803323,0.0,2.0,-76.0
1777891597.2903323,2.0,3.0,-79.0
1777891597.3003323,6.0,3.0,-77.0
1777891597.3103323,7.0,3.0,-73.0
1777891597.3203323,5.0,5.0,-67.0
1777891597.3303325,0.0,7.0,-74.0
1777891597.3403325,0.0,7.0,-76.0
1777891597.3503325,4.0,8.0,-76.0
1777891597.3603325,5.0,7.0,-77.0
1777891597.3703325,5.0,7.0,-79.0
1777891597.3803325,5.0,7.0,-84.0
1777891597.3903325,4.0,4.0,-77.0
1777891597.4003325,4.0,0.0,-76.0
1777891597.4103324,6.0,-1.0,-71.0
1777891597.4203324,4.0,-5.0,-70.0
1777891597.4303324,1.0,-7.0,-76.0
1777891597.4403324,0.0,-6.0,-75.0
1777891597.4503324,-5.0,-11.0,-80.0
1777891597.4603324,-2.0,-6.0,-76.0
1777891597.4703324,0.0,-6.0,-71.0
1777891597.4803324,-2.0,-6.0,-71.0
1777891597.4903324,1.0,-2.0,-74.0
1777891597.5003324,2.0,-5.0,-70.0
1777891597.5103323,1.0,-3.0,-65.0
1777891597.5203323,0.0,-3.0,-69.0
1777891597.5303323,0.0,0.0,-64.0
1777891597.5403323,0.0,3.0,-67.0
1777891597.5503323,-3.0,4.0,-67.0
1777891597.5603323,-3.0,1.0,-66.0
1777891597.5703323,-1.0,1.0,-70.0
1777891597.5803325,-3.0,5.0,-69.0
1777891597.5903325,-5.0,2.0,-64.0
1777891597.6003325,-1.0,2.0,-60.0
1777891597.6103325,0.0,8.0,-68.0
1777891597.6203325,-2.0,3.0,-65.0
1777891597.6303325,1.0,1.0,-68.0
1777891597.6403325,1.0,-3.0,-66.0
1777891597.6503325,6.0,-1.0,-66.0
1777891597.6603324,5.0,-1.0,-69.0
1777891597.6703324,5.0,1.0,-73.0
1777891597.6803324,3.0,4.0,-73.0
1777891597.6903324,6.0,6.0,-77.0
1777891597.7003324,11.0,5.0,-79.0
1777891597.7103324,10.0,6.0,-79.0
1777891597.7203324,9.0,6.0,-76.0
1777891597.7303324,7.0,10.0,-75.0
1777891597.7403324,5.0,12.0,-75.0
1777891597.7503324,0.0,11.0,-74.0
1777891597.7603323,-4.0,10.0,-70.0
1777891597.7703323,0.0,5.0,-69.0
1777891597.7803323,-5.0,0.0,-69.0
1777891597.7903323,-2.0,0.0,-68.0
1777891597.8003323,-2.0,-2.0,-63.0
1777891597.8103323,0.0,0.0,-60.0
1777891597.8203323,1.0,0.0,-65.0
1777891597.8303325,5.0,-1.0,-70.0
1777891597.8403325,2.0,0.0,-75.0
1777891597.8503325,2.0,-1.0,-77.0
1777891597.8603325,5.0,0.0,-74.0
1777891597.8703325,5.0,-1.0,-77.0
1777891597.8803325,1.0,0.0,-76.0
1777891597.8903325,4.0,1.0,-76.0
1777891597.9003325,0.0,0.0,-75.0
1777891597.9103324,-3.0,1.0,-68.0
1777891597.9203324,-1.0,1.0,-71.0
1777891597.9303324,4.0,-3.0,-67.0
1777891597.9403324,3.0,-3.0,-73.0
1777891597.9503324,1.0,-2.0,-79.0
1777891597.9603324,5.0,-4.0,-74.0
1777891597.9703324,4.0,-3.0,-72.0
1777891597.9803324,5.0,-3.0,-74.0
1777891597.9903324,2.0,-2.0,-79.0
1777891598.0003324,1.0,2.0,-80.0
1777891598.0103323,2.0,1.0,-82.0
1777891598.0203323,3.0,-2.0,-80.0
1777891598.0303323,4.0,0.0,-75.0
1777891598.0403323,0.0,3.0,-73.0
1777891598.0503323,-1.0,1.0,-72.0
1777891598.0603323,-4.0,0.0,-79.0
1777891598.0703323,-5.0,0.0,-64.0
1777891598.0803325,-2.0,-4.0,-67.0
1777891598.0903325,-1.0,-3.0,-63.0
1777891598.1003325,-2.0,-4.0,-61.0
1777891598.1103325,-4.0,-5.0,-63.0
1777891598.1203325,-1.0,-7.0,-61.0
1777891598.1303325,0.0,-6.0,-63.0
1777891598.1403325,0.0,-4.0,-68.0
1777891598.1503325,5.0,-4.0,-69.0
1777891598.1603324,1.0,-3.0,-63.0
1777891598.1703324,1.0,0.0,-71.0
1777891598.1803324,6.0,1.0,-78.0
1777891598.1903324,9.0,0.0,-73.0
1777891598.2003324,7.0,-2.0,-71.0
1777891598.2103324,5.0,-3.0,-67.0
1777891598.2203324,2.0,-7.0,-66.0
1777891598.2303324,2.0,0.0,-68.0
1777891598.2403324,0.0,-1.0,-73.0
1777891598.2503324,4.0,-1.0,-67.0
1777891598.2603323,6.0,-1.0,-66.0
1777891598.2703323,7.0,-3.0,-72.0
1777891598.2803323,1.0,-3.0,-76.0
1777891598.2903323,-2.0,-6.0,-78.0
1777891598.3003323,0.0,-4.0,-72.0
1777891598.3103323,0.0,-2.0,-80.0
1777891598.3203323,1.0,-4.0,-82.0
1777891598.3303325,-2.0,-5.0,-90.0
1777891598.3403325,-5.0,-2.0,-83.0
1777891598.3503325,-5.0,1.0,-86.0
1777891598.3603325,-1.0,1.0,-83.0
1777891598.3703325,-6.0,1.0,-75.0
1777891598.3803325,-10.0,-1.0,-72.0
1777891598.3903325,-10.0,-3.0,-72.0
1777891598.4003325,-12.0,0.0,-69.0
1777891598.4103324,-13.0,3.0,-71.0
1777891598.4203324,-6.0,1.0,-73.0
1777891598.4303324,-5.0,1.0,-71.0
1777891598.4403324,-3.0,-2.0,-68.0
1777891598.4503324,0.0,-3.0,-69.0
1777891598.4603324,-3.0,-5.0,-74.0
1777891598.4703324,-6.0,-1.0,-80.0
1777891598.4803324,-4.0,-1.0,-82.0
1777891598.4903324,-6.0,0.0,-74.0
1777891598.5003324,-3.0,3.0,-64.0
1777891598.5103323,-3.0,-1.0,-66.0
1777891598.5203323,0.0,-2.0,-70.0
1777891598.5303323,0.0,-1.0,-71.0
1777891598.5403323,-4.0,-3.0,-73.0
1777891598.5503323,-5.0,-4.0,-82.0
1777891598.5603323,-2.0,-2.0,-82.0
1777891598.5703323,2.0,0.0,-86.0
1777891598.5803325,6.0,1.0,-87.0
1777891598.5903325,0.0,1.0,-87.0
1777891598.6003325,-6.0,-1.0,-92.0
1777891598.6103325,-2.0,-1.0,-90.0
1777891598.6203325,0.0,0.0,-92.0
1777891598.6303325,1.0,-1.0,-98.0
1777891598.6403325,-1.0,-4.0,-94.0
1777891598.6503325,-2.0,-4.0,-90.0
1777891598.6603324,-7.0,-5.0,-85.0
1777891598.6703324,-11.0,-8.0,-80.0
1777891598.6803324,-1.0,-5.0,-74.0
1777891598.6903324,1.0,-1.0,-77.0
1777891598.7003324,5.0,-2.0,-77.0
1777891598.7103324,6.0,-2.0,-72.0
1777891598.7203324,7.0,-6.0,-75.0
1777891598.7303324,5.0,-8.0,-75.0
1777891598.7403324,2.0,-6.0,-78.0
1777891598.7503324,5.0,-3.0,-79.0
1777891598.7603323,2.0,-3.0,-85.0
1777891598.7703323,4.0,-2.0,-79.0
1777891598.7803323,5.0,-1.0,-80.0
1777891598.7903323,9.0,1.0,-81.0
1777891598.8003323,7.0,-3.0,-81.0
1777891598.8103323,9.0,-7.0,-85.0
1777891598.8213325,7.0,-5.0,-78.0
1777891598.8303325,10.0,-7.0,-80.0
1777891598.8413324,12.0,-9.0,-73.0
1777891598.8513324,9.0,-5.0,-65.0
1777891598.8613324,6.0,-4.0,-66.0
1777891598.8713324,4.0,-4.0,-68.0
1777891598.8813324,0.0,0.0,-67.0
1777891598.8913324,0.0,1.0,-70.0
1777891598.9013324,-3.0,4.0,-71.0
1777891598.9113324,-4.0,6.0,-73.0
1777891598.9213324,-8.0,6.0,-71.0
1777891598.9313323,-7.0,7.0,-71.0
1777891598.9413323,-5.0,6.0,-72.0
1777891598.9513323,-6.0,8.0,-66.0
1777891598.9613323,-3.0,8.0,-70.0
1777891598.9713323,-7.0,3.0,-72.0
1777891598.9813323,-6.0,4.0,-73.0
1777891598.9913323,-5.0,0.0,-77.0
1777891599.0013323,-8.0,-6.0,-72.0
1777891599.0113325,-2.0,-1.0,-63.0
1777891599.0213325,-1.0,1.0,-67.0
1777891599.0313325,-3.0,3.0,-71.0
1777891599.0413325,-6.0,7.0,-70.0
1777891599.0513325,-6.0,7.0,-66.0
1777891599.0613325,-3.0,4.0,-62.0
1777891599.0713325,0.0,2.0,-65.0
1777891599.0813324,1.0,0.0,-67.0
1777891599.0913324,6.0,-3.0,-72.0
1777891599.1013324,4.0,-5.0,-70.0
1777891599.1113324,2.0,-6.0,-71.0
1777891599.1213324,-2.0,-6.0,-73.0
1777891599.1313324,-2.0,-8.0,-72.0
1777891599.1413324,0.0,-5.0,-72.0
1777891599.1513324,0.0,-3.0,-74.0
1777891599.1613324,5.0,-2.0,-70.0
1777891599.1713324,5.0,-3.0,-63.0
1777891599.1813323,3.0,-4.0,-70.0
1777891599.1913323,4.0,-2.0,-72.0
1777891599.2013323,1.0,-1.0,-78.0
1777891599.2113323,6.0,-2.0,-74.0
1777891599.2213323,8.0,0.0,-78.0
1777891599.2313323,6.0,-3.0,-81.0
1777891599.2413323,4.0,-8.0,-81.0
1777891599.2513323,5.0,-8.0,-86.0
1777891599.2613325,7.0,-9.0,-83.0
1777891599.2713325,0.0,-9.0,-76.0
1777891599.2813325,-4.0,-7.0,-78.0
1777891599.2913325,-4.0,-1.0,-75.0
1777891599.3013325,-2.0,0.0,-76.0
1777891599.3113325,0.0,1.0,-78.0
1777891599.3213325,0.0,7.0,-81.0
1777891599.3313324,0.0,6.0,-77.0
1777891599.3413324,-5.0,4.0,-77.0
1777891599.3513324,-3.0,2.0,-85.0
1777891599.3613324,0.0,3.0,-82.0
1777891599.3713324,3.0,4.0,-80.0
1777891599.3813324,7.0,2.0,-83.0
1777891599.3913324,2.0,1.0,-87.0
1777891599.4013324,0.0,5.0,-83.0
1777891599.4113324,0.0,4.0,-75.0
1777891599.4213324,-2.0,4.0,-70.0
1777891599.4313323,0.0,9.0,-72.0
1777891599.4413323,2.0,5.0,-72.0
1777891599.4513323,0.0,3.0,-73.0
1777891599.4613323,0.0,4.0,-70.0
1777891599.4713323,0.0,4.0,-76.0
1777891599.4813323,2.0,3.0,-80.0
1777891599.4913323,3.0,1.0,-77.0
1777891599.5013323,3.0,-1.0,-77.0
1777891599.5113325,3.0,-1.0,-75.0
1777891599.5213325,3.0,-4.0,-75.0
1777891599.5313325,9.0,-5.0,-77.0
1777891599.5413325,8.0,-4.0,-76.0
1777891599.5513325,8.0,-3.0,-80.0
1777891599.5613325,9.0,-4.0,-79.0
1777891599.5713325,7.0,-6.0,-81.0
1777891599.5813324,5.0,-5.0,-80.0
1777891599.5913324,4.0,-4.0,-76.0
1777891599.6013324,0.0,-1.0,-77.0
1777891599.6113324,1.0,-3.0,-75.0
1777891599.6213324,0.0,0.0,-77.0
1777891599.6313324,1.0,2.0,-78.0
1777891599.6413324,-3.0,1.0,-73.0
1777891599.6513324,1.0,0.0,-73.0
1777891599.6613324,0.0,-2.0,-78.0
1777891599.6713324,-3.0,-5.0,-73.0
1777891599.6813323,-4.0,-5.0,-75.0
1777891599.6913323,-6.0,0.0,-70.0
1777891599.7013323,-6.0,1.0,-74.0
1777891599.7113323,-4.0,1.0,-73.0
1777891599.7213323,1.0,-4.0,-75.0
1777891599.7313323,2.0,-7.0,-71.0
1777891599.7413323,4.0,-4.0,-79.0
1777891599.7513323,7.0,-4.0,-83.0
1777891599.7613325,8.0,-2.0,-73.0
1777891599.7713325,8.0,0.0,-75.0
1777891599.7813325,7.0,-1.0,-79.0
1777891599.7913325,4.0,1.0,-76.0
1777891599.8013325,0.0,0.0,-71.0
1777891599.8113325,1.0,3.0,-75.0
1777891599.8213325,4.0,2.0,-75.0
1777891599.8313324,7.0,-2.0,-76.0
1777891599.8413324,8.0,4.0,-72.0
1777891599.8513324,12.0,5.0,-70.0
1777891599.8613324,17.0,3.0,-66.0
1777891599.8713324,17.0,3.0,-68.0
1777891599.8813324,12.0,9.0,-71.0
1777891599.8913324,10.0,5.0,-69.0
1777891599.9013324,6.0,0.0,-74.0
1777891599.9113324,2.0,1.0,-77.0
1777891599.9213324,-2.0,-1.0,-70.0
1777891599.9313323,-4.0,-3.0,-63.0
1777891599.9413323,-4.0,-3.0,-65.0
1777891599.9513323,-6.0,0.0,-68.0
1777891599.9613323,-7.0,-1.0,-70.0
1777891599.9713323,-9.0,-4.0,-71.0
1777891599.9813323,-8.0,-3.0,-77.0
1777891599.9913323,-6.0,0.0,-70.0
1777891600.0013323,-8.0,2.0,-72.0
1777891600.0113325,-5.0,4.0,-72.0
1777891600.0213325,-4.0,5.0,-77.0
1777891600.0313325,-3.0,4.0,-74.0
1777891600.0413325,5.0,3.0,-76.0
1777891600.0513325,5.0,1.0,-76.0
1777891600.0613325,6.0,2.0,-78.0
1777891600.0713325,3.0,3.0,-75.0
1777891600.0813324,0.0,4.0,-79.0
1777891600.0913324,-2.0,4.0,-84.0
1777891600.1013324,-1.0,4.0,-81.0
1777891600.1113324,2.0,6.0,-80.0
1777891600.1213324,1.0,4.0,-72.0
1777891600.1313324,1.0,5.0,-76.0
1777891600.1413324,0.0,6.0,-72.0
1777891600.1513324,3.0,6.0,-73.0
1777891600.1613324,2.0,5.0,-75.0
1777891600.1713324,8.0,0.0,-78.0
1777891600.1813323,9.0,0.0,-72.0
1777891600.1913323,7.0,-1.0,-73.0
1777891600.2013323,8.0,-1.0,-77.0
1777891600.2113323,8.0,0.0,-76.0
1777891600.2213323,9.0,-6.0,-79.0
1777891600.2313323,7.0,-6.0,-77.0
1777891600.2413323,5.0,-3.0,-77.0
1777891600.2513323,7.0,0.0,-77.0
1777891600.2613325,3.0,3.0,-82.0
1777891600.2713325,6.0,2.0,-83.0
1777891600.2813325,4.0,3.0,-83.0
1777891600.2913325,2.0,2.0,-76.0
1777891600.3013325,4.0,-2.0,-77.0
1777891600.3113325,1.0,0.0,-76.0
1777891600.3213325,4.0,5.0,-69.0
1777891600.3313324,1.0,10.0,-70.0
1777891600.3413324,1.0,6.0,-71.0
1777891600.3513324,-2.0,4.0,-67.0
1777891600.3613324,-1.0,3.0,-69.0
1777891600.3713324,2.0,4.0,-72.0
1777891600.3813324,2.0,7.0,-74.0
1777891600.3913324,5.0,5.0,-74.0
1777891600.4013324,4.0,3.0,-76.0
1777891600.4113324,2.0,6.0,-71.0
1777891600.4213324,5.0,3.0,-73.0
1777891600.4313323,3.0,4.0,-74.0
1777891600.4413323,0.0,6.0,-70.0
1777891600.4513323,-1.0,2.0,-73.0
1777891600.4613323,1.0,3.0,-79.0
1777891600.4713323,1.0,2.0,-75.0
1777891600.4813323,6.0,0.0,-84.0
1777891600.4913323,6.0,-1.0,-82.0
1777891600.5013323,9.0,-2.0,-83.0
1777891600.5113325,10.0,1.0,-81.0
1777891600.5213325,8.0,0.0,-76.0
1777891600.5313325,9.0,1.0,-69.0
1777891600.5413325,8.0,-1.0,-64.0
1777891600.5513325,8.0,-1.0,-67.0
1777891600.5613325,9.0,0.0,-74.0
1777891600.5713325,5.0,-1.0,-72.0
1777891600.5813324,3.0,-3.0,-77.0
1777891600.5913324,2.0,-5.0,-74.0
1777891600.6013324,3.0,-4.0,-77.0
1777891600.6113324,0.0,-3.0,-75.0
1777891600.6213324,-1.0,-4.0,-79.0
1777891600.6313324,-2.0,-2.0,-81.0
1777891600.6413324,-3.0,-2.0,-85.0
1777891600.6513324,0.0,1.0,-96.0
1777891600.6613324,-3.0,4.0,-91.0
1777891600.6713324,-3.0,6.0,-82.0
1777891600.6813323,-2.0,2.0,-83.0
1777891600.6913323,1.0,2.0,-79.0
1777891600.7013323,-1.0,0.0,-81.0
1777891600.7113323,-1.0,-2.0,-82.0
1777891600.7213323,-2.0,-1.0,-85.0
1777891600.7313323,-3.0,-1.0,-77.0
1777891600.7413323,-3.0,-1.0,-73.0
1777891600.7513323,-3.0,-4.0,-78.0
1777891600.7613325,-4.0,-5.0,-76.0
1777891600.7713325,-6.0,-2.0,-82.0
1777891600.7813325,-4.0,-2.0,-82.0
1777891600.7913325,-4.0,-2.0,-80.0
1777891600.8013325,-4.0,-6.0,-76.0
1777891600.8123324,-4.0,-4.0,-77.0
1777891600.8223324,-2.0,-1.0,-78.0
1777891600.8313324,-5.0,0.0,-77.0
1777891600.8423324,-1.0,0.0,-84.0
1777891600.8513324,0.0,0.0,-86.0
1777891600.8623323,0.0,0.0,-83.0
1777891600.8723323,1.0,1.0,-74.0
1777891600.8823323,5.0,-3.0,-73.0
1777891600.8923323,6.0,-3.0,-76.0
1777891600.9023323,6.0,-7.0,-76.0
1777891600.9123323,7.0,-10.0,-69.0
1777891600.9223323,4.0,-7.0,-74.0
1777891600.9323325,0.0,-7.0,-76.0
1777891600.9423325,-2.0,-7.0,-79.0
1777891600.9523325,-4.0,-6.0,-81.0
1777891600.9623325,0.0,-1.0,-69.0
1777891600.9723325,0.0,-7.0,-68.0
1777891600.9823325,0.0,-6.0,-73.0
1777891600.9923325,0.0,0.0,-78.0
1777891601.0023324,-1.0,1.0,-78.0
1777891601.0123324,-4.0,0.0,-80.0
1777891601.0223324,-6.0,0.0,-83.0
1777891601.0323324,-3.0,2.0,-77.0
1777891601.0423324,-1.0,5.0,-78.0
1777891601.0523324,1.0,6.0,-81.0
1777891601.0623324,0.0,4.0,-79.0
1777891601.0723324,4.0,2.0,-81.0
1777891601.0823324,5.0,1.0,-75.0
1777891601.0923324,6.0,0.0,-73.0
1777891601.1023324,6.0,0.0,-75.0
1777891601.1123323,7.0,-2.0,-77.0
1777891601.1223323,6.0,-2.0,-74.0
1777891601.1323323,4.0,-3.0,-75.0
1777891601.1423323,1.0,-5.0,-71.0
1777891601.1523323,-1.0,-2.0,-75.0
1777891601.1623323,5.0,-2.0,-79.0
1777891601.1723323,5.0,-4.0,-83.0
1777891601.1823325,14.0,-4.0,-82.0
1777891601.1923325,13.0,-5.0,-78.0
1777891601.2023325,8.0,-1.0,-77.0
1777891601.2123325,11.0,-2.0,-81.0
1777891601.2223325,11.0,-6.0,-71.0
1777891601.2323325,10.0,-5.0,-77.0
1777891601.2423325,8.0,-2.0,-77.0
1777891601.2523324,2.0,-2.0,-73.0
1777891601.2623324,0.0,1.0,-74.0
1777891601.2723324,0.0,1.0,-72.0
1777891601.2823324,0.0,-5.0,-71.0
1777891601.2923324,-2.0,-2.0,-70.0
1777891601.3023324,-1.0,-4.0,-66.0
1777891601.3123324,-2.0,-4.0,-63.0
1777891601.3223324,0.0,-1.0,-65.0
1777891601.3323324,-5.0,0.0,-73.0
1777891601.3423324,-4.0,-3.0,-75.0
1777891601.3523324,-1.0,-5.0,-72.0
1777891601.3623323,-1.0,-2.0,-72.0
1777891601.3723323,2.0,0.0,-71.0
1777891601.3823323,3.0,-5.0,-75.0
1777891601.3923323,-2.0,-6.0,-72.0
1777891601.4023323,0.0,-6.0,-67.0
1777891601.4123323,3.0,-3.0,-70.0
1777891601.4223323,1.0,-1.0,-73.0
1777891601.4323325,0.0,-2.0,-68.0
1777891601.4423325,-1.0,-2.0,-70.0
1777891601.4523325,-1.0,-4.0,-70.0
1777891601.4623325,-4.0,-5.0,-69.0
1777891601.4723325,-2.0,-3.0,-70.0
1777891601.4823325,-3.0,-4.0,-72.0
1777891601.4923325,0.0,-2.0,-69.0
1777891601.5023324,3.0,4.0,-70.0
1777891601.5123324,2.0,4.0,-72.0
1777891601.5223324,0.0,4.0,-73.0
1777891601.5323324,-1.0,2.0,-73.0
1777891601.5423324,-3.0,0.0,-70.0
1777891601.5523324,0.0,-3.0,-72.0
1777891601.5623324,5.0,-7.0,-73.0
1777891601.5723324,3.0,-5.0,-70.0
1777891601.5823324,3.0,-3.0,-73.0
1777891601.5923324,3.0,-4.0,-80.0
1777891601.6023324,4.0,-3.0,-81.0
1777891601.6123323,4.0,-6.0,-83.0
1777891601.6223323,5.0,-1.0,-81.0
1777891601.6323323,6.0,-4.0,-82.0
1777891601.6423323,2.0,-4.0,-80.0
1777891601.6523323,-2.0,-1.0,-73.0
1777891601.6623323,-4.0,-2.0,-69.0
1777891601.6723323,-8.0,-2.0,-73.0
1777891601.6823325,-5.0,-4.0,-81.0
1777891601.6923325,-4.0,-5.0,-74.0
1777891601.7023325,-4.0,-3.0,-74.0
1777891601.7123325,-1.0,-4.0,-72.0
1777891601.7223325,5.0,-4.0,-69.0
1777891601.7323325,4.0,-4.0,-72.0
1777891601.7423325,0.0,-5.0,-76.0
1777891601.7523324,0.0,-4.0,-77.0
1777891601.7623324,-5.0,0.0,-72.0
1777891601.7723324,-5.0,1.0,-76.0
1777891601.7823324,0.0,3.0,-73.0
1777891601.7923324,-1.0,3.0,-74.0
1777891601.8023324,0.0,0.0,-76.0
1777891601.8123324,2.0,0.0,-69.0
1777891601.8223324,5.0,0.0,-72.0
1777891601.8323324,3.0,2.0,-75.0
1777891601.8423324,4.0,3.0,-75.0
1777891601.8523324,3.0,0.0,-79.0
1777891601.8623323,-1.0,-4.0,-74.0
1777891601.8723323,-4.0,-3.0,-69.0
1777891601.8823323,-5.0,-5.0,-72.0
1777891601.8923323,-4.0,0.0,-76.0
1777891601.9023323,-3.0,0.0,-74.0
1777891601.9123323,-5.0,-2.0,-79.0
1777891601.9223323,-5.0,-3.0,-75.0
1777891601.9323325,0.0,-4.0,-77.0
1777891601.9423325,0.0,-9.0,-77.0
1777891601.9523325,4.0,-9.0,-71.0
1777891601.9623325,6.0,-1.0,-69.0
1777891601.9723325,3.0,0.0,-72.0
1777891601.9823325,5.0,0.0,-74.0
1777891601.9923325,6.0,-1.0,-79.0
1777891602.0023324,10.0,-4.0,-77.0
1777891602.0123324,8.0,-1.0,-83.0
1777891602.0223324,2.0,-5.0,-79.0
1777891602.0323324,1.0,-8.0,-79.0
1777891602.0423324,-2.0,-10.0,-79.0
1777891602.0523324,-3.0,-8.0,-72.0
1777891602.0623324,-6.0,-7.0,-75.0
1777891602.0723324,-9.0,-4.0,-80.0
1777891602.0823324,-8.0,-4.0,-81.0
1777891602.0923324,-8.0,-7.0,-82.0
1777891602.1023324,-4.0,-6.0,-78.0
1777891602.1123323,-1.0,-11.0,-81.0
1777891602.1223323,-1.0,-11.0,-79.0
1777891602.1323323,-1.0,-5.0,-78.0
1777891602.1423323,2.0,-2.0,-81.0
1777891602.1523323,1.0,-7.0,-82.0
1777891602.1623323,1.0,-5.0,-80.0
1777891602.1723323,3.0,-5.0,-78.0
1777891602.1823325,2.0,-6.0,-77.0
1777891602.1923325,0.0,-6.0,-69.0
1777891602.2023325,-1.0,0.0,-64.0
1777891602.2123325,0.0,1.0,-66.0
1777891602.2223325,1.0,1.0,-66.0
1777891602.2323325,1.0,0.0,-65.0
1777891602.2423325,-1.0,0.0,-68.0
1777891602.2523324,0.0,0.0,-69.0
1777891602.2623324,-3.0,-3.0,-72.0
1777891602.2723324,-6.0,0.0,-66.0
1777891602.2823324,-1.0,0.0,-62.0
1777891602.2923324,-2.0,1.0,-70.0
1777891602.3023324,0.0,0.0,-71.0
1777891602.3123324,3.0,0.0,-67.0
1777891602.3223324,0.0,0.0,-68.0
1777891602.3323324,-1.0,0.0,-75.0
1777891602.3423324,-1.0,2.0,-77.0
1777891602.3523324,-1.0,3.0,-81.0
1777891602.3623323,-1.0,-1.0,-79.0
1777891602.3723323,-4.0,-1.0,-83.0
1777891602.3823323,1.0,-4.0,-83.0
1777891602.3923323,-1.0,-2.0,-78.0
1777891602.4023323,-2.0,-5.0,-79.0
1777891602.4123323,-1.0,-5.0,-80.0
1777891602.4223323,0.0,0.0,-86.0
1777891602.4323325,3.0,0.0,-84.0
1777891602.4423325,2.0,-2.0,-79.0
1777891602.4523325,9.0,-4.0,-83.0
1777891602.4623325,16.0,-6.0,-82.0
1777891602.4723325,13.0,-3.0,-82.0
1777891602.4823325,10.0,0.0,-80.0
1777891602.4923325,6.0,-2.0,-80.0
1777891602.5023324,0.0,-2.0,-80.0
1777891602.5123324,5.0,-3.0,-75.0
1777891602.5223324,2.0,0.0,-77.0
1777891602.5323324,-1.0,-1.0,-78.0
1777891602.5423324,-1.0,-6.0,-77.0
1777891602.5523324,-1.0,-5.0,-73.0
1777891602.5623324,-2.0,-4.0,-66.0
1777891602.5723324,-5.0,-8.0,-65.0
1777891602.5823324,-6.0,-5.0,-65.0
1777891602.5923324,-10.0,-5.0,-64.0
1777891602.6023324,-7.0,-6.0,-65.0
1777891602.6123323,-3.0,-3.0,-62.0
1777891602.6223323,-6.0,-4.0,-61.0
1777891602.6323323,-5.0,0.0,-61.0
1777891602.6423323,-7.0,0.0,-65.0
1777891602.6523323,-8.0,0.0,-67.0
1777891602.6623323,-2.0,0.0,-71.0
1777891602.6723323,3.0,0.0,-69.0
1777891602.6823325,3.0,3.0,-81.0
1777891602.6923325,0.0,3.0,-83.0
1777891602.7023325,1.0,1.0,-78.0
1777891602.7123325,2.0,0.0,-77.0
1777891602.7223325,5.0,0.0,-78.0
1777891602.7323325,2.0,-1.0,-80.0
1777891602.7423325,0.0,-7.0,-83.0
1777891602.7523324,1.0,-6.0,-76.0
1777891602.7623324,0.0,-2.0,-78.0
1777891602.7723324,2.0,-1.0,-81.0
1777891602.7823324,5.0,-1.0,-83.0
1777891602.7933323,10.0,-1.0,-77.0
1777891602.8023324,4.0,-1.0,-82.0
1777891602.8123324,-2.0,-1.0,-84.0
1777891602.8223324,-1.0,-2.0,-82.0
1777891602.8323324,-3.0,-3.0,-81.0
1777891602.8433323,-8.0,-2.0,-75.0
1777891602.8533323,-6.0,0.0,-79.0
1777891602.8633325,-7.0,-2.0,-77.0
1777891602.8733325,-8.0,-4.0,-70.0
1777891602.8833325,-6.0,-3.0,-73.0
1777891602.8933325,-4.0,0.0,-77.0
1777891602.9033325,0.0,4.0,-73.0
1777891602.9133325,6.0,6.0,-73.0
1777891602.9233325,0.0,4.0,-75.0
1777891602.9333324,1.0,0.0,-75.0
1777891602.9433324,3.0,-1.0,-79.0
1777891602.9533324,3.0,3.0,-82.0
1777891602.9633324,3.0,1.0,-82.0
1777891602.9733324,5.0,-4.0,-87.0
1777891602.9833324,0.0,-1.0,-86.0
1777891602.9933324,-1.0,0.0,-83.0
1777891603.0033324,-1.0,1.0,-74.0
1777891603.0133324,1.0,0.0,-70.0
1777891603.0233324,3.0,2.0,-70.0
1777891603.0333323,0.0,4.0,-73.0
1777891603.0433323,0.0,3.0,-70.0
1777891603.0533323,4.0,4.0,-67.0
1777891603.0633323,1.0,0.0,-67.0
1777891603.0733323,2.0,2.0,-74.0
1777891603.0833323,6.0,2.0,-73.0
1777891603.0933323,4.0,4.0,-69.0
1777891603.1033323,5.0,0.0,-70.0
1777891603.1133325,5.0,0.0,-70.0
1777891603.1233325,0.0,2.0,-66.0
1777891603.1333325,0.0,1.0,-70.0
1777891603.1433325,2.0,-2.0,-68.0
1777891603.1533325,1.0,-2.0,-64.0
1777891603.1633325,-2.0,-1.0,-62.0
1777891603.1733325,-3.0,3.0,-61.0
1777891603.1833324,0.0,5.0,-64.0
1777891603.1933324,-1.0,3.0,-65.0
1777891603.2033324,-2.0,3.0,-67.0
1777891603.2133324,-6.0,0.0,-74.0
1777891603.2233324,0.0,0.0,-78.0
1777891603.2333324,-2.0,3.0,-78.0
1777891603.2433324,-1.0,1.0,-73.0
1777891603.2533324,0.0,-1.0,-68.0
1777891603.2633324,1.0,0.0,-68.0
1777891603.2733324,1.0,-1.0,-64.0
1777891603.2833323,2.0,0.0,-65.0
1777891603.2933323,4.0,2.0,-68.0
1777891603.3033323,4.0,2.0,-65.0
1777891603.3133323,2.0,2.0,-76.0
1777891603.3233323,5.0,3.0,-82.0
1777891603.3333323,8.0,1.0,-81.0
1777891603.3433323,7.0,0.0,-81.0
1777891603.3533323,7.0,-2.0,-77.0
1777891603.3633325,8.0,-1.0,-79.0
1777891603.3733325,6.0,-3.0,-80.0
1777891603.3833325,7.0,-3.0,-80.0
1777891603.3933325,7.0,-6.0,-79.0
1777891603.4033325,6.0,-7.0,-70.0
1777891603.4133325,2.0,-3.0,-66.0
1777891603.4233325,0.0,-1.0,-70.0
1777891603.4333324,2.0,-4.0,-68.0
1777891603.4433324,1.0,2.0,-65.0
1777891603.4533324,-3.0,2.0,-71.0
1777891603.4633324,-5.0,0.0,-72.0
1777891603.4733324,-3.0,0.0,-71.0
1777891603.4833324,4.0,0.0,-74.0
1777891603.4933324,0.0,-3.0,-70.0
1777891603.5033324,-3.0,-1.0,-68.0
1777891603.5133324,-7.0,-3.0,-64.0
1777891603.5233324,-8.0,-5.0,-65.0
1777891603.5333323,-4.0,-1.0,-68.0
1777891603.5433323,-3.0,0.0,-76.0
1777891603.5533323,-6.0,0.0,-68.0
1777891603.5633323,-4.0,-6.0,-67.0
1777891603.5733323,-2.0,-6.0,-69.0
1777891603.5833323,-1.0,-3.0,-74.0
1777891603.5933323,3.0,-3.0,-78.0
1777891603.6033323,0.0,-1.0,-76.0
1777891603.6133325,0.0,1.0,-74.0
1777891603.6233325,1.0,5.0,-72.0
1777891603.6333325,0.0,4.0,-68.0
1777891603.6433325,-1.0,2.0,-70.0
1777891603.6533325,0.0,3.0,-69.0
1777891603.6633325,-3.0,3.0,-72.0
1777891603.6733325,0.0,1.0,-73.0
1777891603.6833324,4.0,1.0,-75.0
1777891603.6933324,6.0,1.0,-80.0
1777891603.7033324,4.0,0.0,-76.0
1777891603.7133324,5.0,-1.0,-73.0
1777891603.7233324,-2.0,3.0,-70.0
1777891603.7333324,-5.0,8.0,-72.0
1777891603.7433324,-4.0,7.0,-73.0
1777891603.7533324,-4.0,4.0,-69.0
1777891603.7633324,-7.0,0.0,-70.0
1777891603.7733324,-4.0,0.0,-68.0
1777891603.7833323,-1.0,0.0,-65.0
1777891603.7933323,-3.0,1.0,-74.0
1777891603.8033323,-2.0,0.0,-71.0
1777891603.8133323,0.0,1.0,-71.0
1777891603.8233323,1.0,-4.0,-78.0
1777891603.8333323,1.0,0.0,-76.0
1777891603.8433323,6.0,-3.0,-71.0
1777891603.8533323,7.0,-5.0,-83.0
1777891603.8633325,6.0,-8.0,-84.0
1777891603.8733325,3.0,-10.0,-80.0
1777891603.8833325,2.0,-5.0,-86.0
1777891603.8933325,0.0,0.0,-83.0
1777891603.9033325,0.0,6.0,-77.0
1777891603.9133325,-3.0,2.0,-76.0
1777891603.9233325,1.0,1.0,-77.0
1777891603.9333324,0.0,4.0,-85.0
1777891603.9433324,-1.0,5.0,-82.0
1777891603.9533324,-1.0,0.0,-81.0
1777891603.9633324,-2.0,0.0,-84.0
1777891603.9733324,0.0,-1.0,-83.0
1777891603.9833324,4.0,0.0,-77.0
1777891603.9933324,5.0,0.0,-76.0
1777891604.0033324,5.0,1.0,-75.0
1777891604.0133324,1.0,1.0,-75.0
1777891604.0233324,6.0,3.0,-80.0
1777891604.0333323,4.0,2.0,-79.0
1777891604.0433323,4.0,5.0,-83.0
1777891604.0533323,4.0,7.0,-79.0
1777891604.0633323,6.0,5.0,-81.0
1777891604.0733323,9.0,0.0,-83.0
1777891604.0833323,8.0,-2.0,-85.0
1777891604.0933323,2.0,4.0,-83.0
1777891604.1033323,4.0,0.0,-80.0
1777891604.1133325,4.0,2.0,-84.0
1777891604.1233325,2.0,1.0,-79.0
1777891604.1333325,3.0,-1.0,-73.0
1777891604.1433325,1.0,-1.0,-72.0
1777891604.1533325,-1.0,-3.0,-70.0
1777891604.1633325,-2.0,1.0,-74.0
1777891604.1733325,-3.0,5.0,-72.0
1777891604.1833324,-3.0,2.0,-73.0
1777891604.1933324,-1.0,2.0,-71.0
1777891604.2033324,0.0,3.0,-74.0
1777891604.2133324,-1.0,2.0,-78.0
1777891604.2233324,-2.0,0.0,-77.0
1777891604.2333324,-1.0,-2.0,-74.0
1777891604.2433324,-2.0,1.0,-77.0
1777891604.2533324,-3.0,-2.0,-69.0
1777891604.2633324,-1.0,-1.0,-67.0
1777891604.2733324,0.0,0.0,-67.0
1777891604.2833323,-5.0,0.0,-72.0
1777891604.2933323,-2.0,-4.0,-70.0
1777891604.3033323,-4.0,-5.0,-68.0
1777891604.3133323,2.0,-3.0,-70.0
1777891604.3233323,6.0,-3.0,-75.0
1777891604.3333323,4.0,-6.0,-73.0
1777891604.3433323,2.0,-8.0,-70.0
1777891604.3533323,4.0,-6.0,-68.0
1777891604.3633325,4.0,-8.0,-69.0
1777891604.3733325,1.0,-6.0,-77.0
1777891604.3833325,-1.0,-1.0,-73.0
1777891604.3933325,-2.0,0.0,-72.0
1777891604.4033325,-2.0,-3.0,-69.0
1777891604.4133325,-4.0,-3.0,-63.0
1777891604.4233325,-4.0,-8.0,-55.0
1777891604.4333324,-3.0,-7.0,-55.0
1777891604.4433324,-1.0,-9.0,-59.0
1777891604.4533324,-1.0,-9.0,-61.0
1777891604.4633324,0.0,-6.0,-59.0
1777891604.4733324,2.0,-4.0,-60.0
1777891604.4833324,6.0,-2.0,-58.0
1777891604.4933324,4.0,-3.0,-66.0
1777891604.5033324,4.0,-3.0,-65.0
1777891604.5133324,2.0,0.0,-69.0
1777891604.5233324,0.0,2.0,-69.0
1777891604.5333323,0.0,1.0,-67.0
1777891604.5433323,1.0,0.0,-62.0
1777891604.5533323,4.0,3.0,-63.0
1777891604.5633323,6.0,4.0,-57.0
1777891604.5733323,4.0,0.0,-50.0
1777891604.5833323,2.0,0.0,-55.0
1777891604.5933323,4.0,-4.0,-61.0
1777891604.6033323,7.0,-3.0,-67.0
1777891604.6133325,2.0,-2.0,-70.0
1777891604.6233325,-1.0,0.0,-74.0
1777891604.6333325,-2.0,0.0,-80.0
1777891604.6433325,2.0,0.0,-81.0
1777891604.6533325,3.0,0.0,-86.0
1777891604.6633325,1.0,0.0,-84.0
1777891604.6733325,4.0,0.0,-81.0
1777891604.6833324,6.0,0.0,-88.0
1777891604.6933324,5.0,-1.0,-83.0
1777891604.7033324,5.0,-6.0,-81.0
1777891604.7133324,3.0,-5.0,-77.0
1777891604.7233324,2.0,-6.0,-84.0
1777891604.7333324,5.0,-6.0,-80.0
1777891604.7433324,3.0,-6.0,-79.0
1777891604.7533324,-3.0,-7.0,-79.0
1777891604.7633324,-1.0,-6.0,-76.0
1777891604.7733324,5.0,-5.0,-75.0
1777891604.7833323,7.0,-5.0,-72.0
1777891604.7933323,6.0,-2.0,-73.0
1777891604.8043325,2.0,1.0,-75.0
1777891604.8143325,-1.0,3.0,-80.0
1777891604.8243325,0.0,1.0,-78.0
1777891604.8343325,1.0,1.0,-78.0
1777891604.8443325,2.0,0.0,-79.0
1777891604.8543324,-2.0,0.0,-72.0
1777891604.8643324,0.0,-5.0,-69.0
1777891604.8743324,-1.0,-5.0,-70.0
1777891604.8843324,0.0,-4.0,-69.0
1777891604.8943324,-2.0,0.0,-66.0
1777891604.9043324,0.0,1.0,-67.0
1777891604.9133325,3.0,-1.0,-65.0
1777891604.9243324,1.0,0.0,-71.0
1777891604.9343324,0.0,1.0,-72.0
1777891604.9443324,-2.0,0.0,-70.0
1777891604.9543324,-3.0,0.0,-69.0
1777891604.9643323,0.0,0.0,-67.0
1777891604.9743323,2.0,-2.0,-67.0
1777891604.9843323,3.0,-4.0,-68.0
1777891604.9943323,3.0,-3.0,-69.0
1777891605.0043323,3.0,0.0,-73.0
1777891605.0143323,2.0,-1.0,-70.0
1777891605.0243323,1.0,-2.0,-68.0
1777891605.0343325,1.0,0.0,-67.0
1777891605.0443325,7.0,0.0,-70.0
1777891605.0543325,4.0,0.0,-67.0
1777891605.0643325,6.0,-1.0,-68.0
1777891605.0743325,4.0,-3.0,-77.0
1777891605.0843325,5.0,-4.0,-78.0
1777891605.0943325,2.0,-2.0,-76.0
1777891605.1043324,0.0,2.0,-84.0
1777891605.1143324,-5.0,0.0,-87.0
1777891605.1243324,-3.0,-3.0,-82.0
1777891605.1343324,-4.0,-4.0,-78.0
1777891605.1443324,-2.0,-5.0,-73.0
1777891605.1543324,-2.0,-5.0,-73.0
1777891605.1643324,0.0,-9.0,-73.0
1777891605.1743324,0.0,-10.0,-72.0
1777891605.1843324,-3.0,-1.0,-73.0
1777891605.1943324,-2.0,-6.0,-77.0
1777891605.2043324,0.0,-8.0,-75.0
1777891605.2143323,0.0,-7.0,-78.0
1777891605.2243323,0.0,-2.0,-77.0
1777891605.2343323,3.0,-3.0,-78.0
1777891605.2443323,-2.0,-2.0,-80.0
1777891605.2543323,0.0,-3.0,-77.0
1777891605.2643323,0.0,-2.0,-82.0
1777891605.2743323,0.0,0.0,-78.0
1777891605.2843325,0.0,0.0,-78.0
1777891605.2943325,5.0,-2.0,-74.0
1777891605.3043325,6.0,0.0,-70.0
1777891605.3143325,6.0,1.0,-67.0
1777891605.3243325,5.0,0.0,-67.0
1777891605.3343325,5.0,-3.0,-72.0
1777891605.3443325,5.0,-4.0,-73.0
1777891605.3543324,7.0,-3.0,-71.0
1777891605.3643324,7.0,-2.0,-66.0
1777891605.3743324,6.0,1.0,-63.0
1777891605.3843324,-3.0,5.0,-68.0
1777891605.3943324,-2.0,6.0,-73.0
1777891605.4043324,-1.0,4.0,-76.0
1777891605.4143324,-2.0,6.0,-77.0
1777891605.4243324,0.0,5.0,-77.0
1777891605.4343324,0.0,5.0,-72.0
1777891605.4443324,-1.0,0.0,-67.0
1777891605.4543324,4.0,4.0,-70.0
1777891605.4643323,1.0,7.0,-69.0
1777891605.4743323,2.0,1.0,-72.0
1777891605.4843323,6.0,2.0,-67.0
1777891605.4943323,4.0,2.0,-66.0
1777891605.5043323,0.0,3.0,-63.0
1777891605.5143323,-4.0,2.0,-65.0
1777891605.5243323,-4.0,1.0,-61.0
1777891605.5343325,-4.0,4.0,-63.0
1777891605.5443325,-3.0,0.0,-67.0
1777891605.5543325,0.0,3.0,-70.0
1777891605.5643325,3.0,-1.0,-73.0
1777891605.5743325,5.0,1.0,-73.0
1777891605.5843325,3.0,0.0,-61.0
1777891605.5943325,-2.0,0.0,-63.0
1777891605.6043324,1.0,0.0,-60.0
1777891605.6143324,2.0,0.0,-64.0
1777891605.6243324,6.0,-1.0,-61.0
1777891605.6343324,1.0,-3.0,-61.0
1777891605.6443324,-3.0,-5.0,-65.0
1777891605.6543324,0.0,-2.0,-69.0
1777891605.6643324,2.0,-4.0,-71.0
1777891605.6743324,-1.0,-6.0,-71.0
1777891605.6843324,0.0,-2.0,-72.0
1777891605.6943324,0.0,0.0,-76.0
1777891605.7043324,1.0,0.0,-76.0
1777891605.7143323,1.0,0.0,-72.0
1777891605.7243323,3.0,0.0,-72.0
1777891605.7343323,5.0,-1.0,-77.0
1777891605.7443323,-1.0,-2.0,-79.0
1777891605.7543323,-5.0,1.0,-75.0
1777891605.7643323,-2.0,0.0,-81.0
1777891605.7743323,-2.0,-1.0,-80.0
1777891605.7843325,0.0,-1.0,-70.0
1777891605.7943325,3.0,-1.0,-66.0
1777891605.8043325,2.0,-2.0,-63.0
1777891605.8143325,0.0,0.0,-67.0
1777891605.8243325,0.0,1.0,-71.0
1777891605.8343325,0.0,-3.0,-70.0
1777891605.8443325,-1.0,-3.0,-71.0
1777891605.8543324,0.0,-2.0,-68.0
1777891605.8643324,1.0,-3.0,-69.0
1777891605.8743324,0.0,-3.0,-68.0
1777891605.8843324,3.0,-3.0,-64.0
1777891605.8943324,6.0,-1.0,-64.0
1777891605.9043324,6.0,-3.0,-64.0
1777891605.9143324,8.0,-2.0,-68.0
1777891605.9243324,6.0,0.0,-68.0
1777891605.9343324,3.0,2.0,-70.0
1777891605.9443324,4.0,0.0,-69.0
1777891605.9543324,2.0,2.0,-69.0
1777891605.9643323,3.0,1.0,-65.0
1777891605.9743323,1.0,3.0,-64.0
1777891605.9843323,1.0,0.0,-72.0
1777891605.9943323,1.0,2.0,-77.0
1777891606.0043323,-1.0,5.0,-77.0
1777891606.0143323,0.0,3.0,-79.0
1777891606.0243323,-2.0,0.0,-85.0
1777891606.0343325,-3.0,1.0,-83.0
1777891606.0443325,0.0,0.0,-79.0
1777891606.0543325,0.0,0.0,-79.0
1777891606.0643325,-2.0,0.0,-82.0
1777891606.0743325,0.0,0.0,-81.0
1777891606.0843325,1.0,-2.0,-76.0
1777891606.0953324,5.0,-1.0,-68.0
1777891606.1043324,5.0,-2.0,-72.0
1777891606.1143324,0.0,-1.0,-72.0
1777891606.1243324,0.0,-6.0,-74.0
1777891606.1343324,-1.0,-6.0,-67.0
1777891606.1443324,-4.0,0.0,-68.0
1777891606.1543324,-6.0,-3.0,-71.0
1777891606.1643324,-3.0,-2.0,-81.0
1777891606.1743324,1.0,-5.0,-78.0
1777891606.1843324,5.0,-8.0,-71.0
1777891606.1943324,8.0,-4.0,-67.0
1777891606.2043324,6.0,-5.0,-72.0
1777891606.2143323,5.0,-3.0,-72.0
1777891606.2243323,6.0,-2.0,-66.0
1777891606.2343323,4.0,-1.0,-69.0
1777891606.2443323,2.0,0.0,-68.0
1777891606.2543323,-1.0,-2.0,-65.0
1777891606.2643323,-2.0,-6.0,-58.0
1777891606.2743323,0.0,-3.0,-59.0
1777891606.2843325,0.0,-2.0,-57.0
1777891606.2943325,2.0,-2.0,-68.0
1777891606.3043325,1.0,-2.0,-67.0
1777891606.3143325,4.0,-3.0,-67.0
1777891606.3243325,11.0,0.0,-75.0
1777891606.3343325,10.0,-2.0,-79.0
1777891606.3443325,9.0,-3.0,-77.0
1777891606.3543324,7.0,-1.0,-73.0
1777891606.3643324,5.0,0.0,-70.0
1777891606.3743324,6.0,-2.0,-69.0
1777891606.3843324,8.0,0.0,-66.0
1777891606.3943324,12.0,-1.0,-61.0
1777891606.4043324,7.0,-6.0,-66.0
1777891606.4143324,5.0,-6.0,-74.0
1777891606.4243324,-3.0,-2.0,-77.0
1777891606.4343324,-5.0,-2.0,-79.0
1777891606.4443324,-1.0,1.0,-77.0
1777891606.4543324,0.0,1.0,-72.0
1777891606.4643323,2.0,0.0,-67.0
1777891606.4743323,0.0,-3.0,-65.0
1777891606.4843323,0.0,-8.0,-66.0
1777891606.4943323,1.0,-6.0,-63.0
1777891606.5043323,3.0,-5.0,-66.0
1777891606.5143323,5.0,-5.0,-66.0
1777891606.5243323,7.0,-8.0,-71.0
1777891606.5343325,1.0,-4.0,-72.0
1777891606.5443325,3.0,-5.0,-74.0
1777891606.5543325,3.0,-3.0,-73.0
1777891606.5643325,4.0,-3.0,-69.0
1777891606.5743325,5.0,-5.0,-75.0
1777891606.5843325,7.0,-4.0,-69.0
1777891606.5943325,7.0,0.0,-69.0
1777891606.6043324,8.0,-1.0,-72.0
1777891606.6143324,6.0,0.0,-74.0
1777891606.6243324,8.0,0.0,-75.0
1777891606.6343324,12.0,2.0,-74.0
1777891606.6443324,10.0,3.0,-67.0
1777891606.6543324,7.0,-1.0,-66.0
1777891606.6643324,5.0,-1.0,-65.0
1777891606.6743324,3.0,-2.0,-68.0
1777891606.6843324,0.0,0.0,-70.0
1777891606.6943324,-1.0,-1.0,-77.0
1777891606.7043324,-2.0,-2.0,-80.0
1777891606.7143323,0.0,-3.0,-82.0
1777891606.7243323,-2.0,-3.0,-79.0
1777891606.7343323,-1.0,-1.0,-70.0
1777891606.7443323,-1.0,-1.0,-70.0
1777891606.7543323,-1.0,-1.0,-72.0
1777891606.7643323,0.0,0.0,-74.0
1777891606.7743323,-8.0,1.0,-73.0
1777891606.7843325,-12.0,-1.0,-76.0
1777891606.7943325,-13.0,0.0,-69.0
1777891606.8053324,-10.0,1.0,-69.0
1777891606.8143325,-8.0,1.0,-65.0
1777891606.8253324,-5.0,4.0,-66.0
1777891606.8353324,-2.0,2.0,-71.0
1777891606.8453324,-3.0,3.0,-74.0
1777891606.8553324,-2.0,0.0,-75.0
1777891606.8653324,2.0,-5.0,-71.0
1777891606.8753324,-3.0,-4.0,-74.0
1777891606.8853323,-7.0,-5.0,-70.0
1777891606.8953323,-9.0,-8.0,-70.0
1777891606.9053323,-6.0,-8.0,-69.0
1777891606.9153323,-7.0,-2.0,-72.0
1777891606.9253323,-2.0,-4.0,-76.0
1777891606.9353323,-3.0,-8.0,-79.0
1777891606.9453323,0.0,-3.0,-79.0
1777891606.9553325,4.0,-1.0,-78.0
1777891606.9653325,7.0,0.0,-78.0
1777891606.9753325,7.0,-3.0,-80.0
1777891606.9853325,5.0,-2.0,-83.0
1777891606.9953325,3.0,0.0,-86.0
1777891607.0053325,0.0,-2.0,-85.0
1777891607.0153325,3.0,-2.0,-79.0
1777891607.0253325,-1.0,0.0,-74.0
1777891607.0353324,-1.0,-3.0,-77.0
1777891607.0453324,0.0,-3.0,-82.0
1777891607.0553324,1.0,-4.0,-84.0
1777891607.0653324,0.0,-1.0,-82.0
1777891607.0753324,-2.0,-2.0,-78.0
1777891607.0853324,-4.0,-6.0,-71.0
1777891607.0953324,1.0,-5.0,-66.0
1777891607.1053324,3.0,-2.0,-66.0
1777891607.1153324,0.0,-9.0,-69.0
1777891607.1253324,-1.0,-5.0,-73.0
1777891607.1353323,2.0,-1.0,-73.0
1777891607.1453323,0.0,-3.0,-73.0
1777891607.1553323,1.0,-4.0,-79.0
1777891607.1653323,0.0,-5.0,-75.0
1777891607.1753323,0.0,-5.0,-66.0
1777891607.1853323,-1.0,-4.0,-63.0
1777891607.1953323,-1.0,-5.0,-62.0
1777891607.2053325,5.0,-4.0,-63.0
1777891607.2153325,1.0,-1.0,-64.0
1777891607.2253325,1.0,0.0,-64.0
1777891607.2353325,0.0,0.0,-66.0
1777891607.2453325,2.0,0.0,-70.0
1777891607.2553325,1.0,2.0,-70.0
1777891607.2653325,1.0,6.0,-74.0
1777891607.2753325,3.0,3.0,-70.0
1777891607.2853324,2.0,2.0,-70.0
1777891607.2953324,2.0,-1.0,-72.0
1777891607.3053324,0.0,-1.0,-72.0
1777891607.3153324,0.0,0.0,-67.0
1777891607.3253324,5.0,0.0,-67.0
1777891607.3353324,3.0,0.0,-64.0
1777891607.3453324,4.0,0.0,-60.0
1777891607.3553324,3.0,1.0,-62.0
1777891607.3653324,4.0,5.0,-72.0
1777891607.3753324,5.0,3.0,-70.0
1777891607.3853323,1.0,3.0,-63.0
1777891607.3953323,-1.0,0.0,-63.0
1777891607.4053323,-3.0,-2.0,-63.0
1777891607.4153323,-1.0,-1.0,-58.0
1777891607.4253323,-1.0,4.0,-60.0
1777891607.4353323,1.0,6.0,-58.0
1777891607.4453323,3.0,0.0,-61.0
1777891607.4553325,7.0,-1.0,-64.0
1777891607.4653325,6.0,-4.0,-66.0
1777891607.4753325,6.0,-1.0,-63.0
1777891607.4853325,4.0,-2.0,-68.0
1777891607.4953325,5.0,-3.0,-71.0
1777891607.5053325,3.0,-6.0,-70.0
1777891607.5153325,0.0,-1.0,-74.0
1777891607.5253325,0.0,1.0,-75.0
1777891607.5353324,8.0,0.0,-78.0
1777891607.5453324,7.0,-3.0,-69.0
1777891607.5553324,3.0,-2.0,-66.0
1777891607.5653324,0.0,-3.0,-69.0
1777891607.5753324,0.0,-6.0,-64.0
1777891607.5853324,2.0,-4.0,-69.0
1777891607.5953324,2.0,-3.0,-72.0
1777891607.6053324,4.0,2.0,-75.0
1777891607.6153324,4.0,4.0,-77.0
1777891607.6253324,1.0,4.0,-75.0
1777891607.6353323,0.0,4.0,-70.0
1777891607.6453323,2.0,4.0,-77.0
1777891607.6553323,0.0,4.0,-80.0
1777891607.6653323,1.0,-1.0,-80.0
1777891607.6753323,0.0,0.0,-80.0
1777891607.6853323,3.0,2.0,-77.0
1777891607.6953323,-1.0,2.0,-78.0
1777891607.7053325,-1.0,6.0,-75.0
1777891607.7153325,-1.0,6.0,-71.0
1777891607.7253325,-1.0,6.0,-76.0
1777891607.7353325,0.0,6.0,-69.0
1777891607.7453325,2.0,5.0,-72.0
1777891607.7553325,2.0,4.0,-76.0
1777891607.7653325,-1.0,3.0,-73.0
1777891607.7753325,-1.0,-1.0,-73.0
1777891607.7853324,0.0,-4.0,-71.0
1777891607.7953324,4.0,-3.0,-68.0
1777891607.8053324,5.0,-5.0,-69.0
1777891607.8153324,6.0,-7.0,-75.0
1777891607.8253324,5.0,-11.0,-74.0
1777891607.8353324,3.0,-7.0,-69.0
1777891607.8453324,1.0,-7.0,-70.0
1777891607.8553324,-1.0,-9.0,-75.0
1777891607.8653324,0.0,-13.0,-74.0
1777891607.8753324,-2.0,-10.0,-73.0
1777891607.8853323,0.0,-8.0,-74.0
1777891607.8953323,0.0,-13.0,-71.0
1777891607.9053323,1.0,-14.0,-73.0
1777891607.9153323,2.0,-9.0,-63.0
1777891607.9253323,3.0,-9.0,-58.0
1777891607.9353323,0.0,-9.0,-59.0
1777891607.9453323,0.0,-7.0,-67.0
1777891607.9553325,0.0,-6.0,-73.0
1777891607.9653325,2.0,-6.0,-68.0
1777891607.9753325,3.0,-4.0,-64.0
1777891607.9853325,4.0,-5.0,-67.0
1777891607.9953325,7.0,-2.0,-69.0
1777891608.0053325,10.0,-3.0,-67.0
1777891608.0153325,7.0,-3.0,-66.0
1777891608.0253325,7.0,-4.0,-67.0
1777891608.0353324,7.0,-4.0,-72.0
1777891608.0453324,8.0,-3.0,-75.0
1777891608.0553324,4.0,0.0,-74.0
1777891608.0653324,3.0,0.0,-78.0
1777891608.0753324,5.0,0.0,-81.0
1777891608.0853324,3.0,1.0,-76.0
1777891608.0953324,3.0,1.0,-74.0
1777891608.1053324,11.0,1.0,-71.0
1777891608.1153324,13.0,2.0,-68.0
1777891608.1253324,12.0,6.0,-66.0
1777891608.1353323,9.0,2.0,-68.0
1777891608.1453323,6.0,1.0,-73.0
1777891608.1553323,10.0,-1.0,-74.0
1777891608.1653323,12.0,-3.0,-77.0
1777891608.1753323,14.0,-6.0,-75.0
1777891608.1853323,10.0,-7.0,-73.0
1777891608.1953323,9.0,-5.0,-60.0
1777891608.2053325,3.0,0.0,-65.0
1777891608.2153325,3.0,0.0,-72.0
1777891608.2253325,-2.0,-1.0,-71.0
1777891608.2353325,-1.0,-1.0,-71.0
1777891608.2453325,2.0,0.0,-73.0
1777891608.2553325,0.0,0.0,-72.0
1777891608.2653325,3.0,2.0,-71.0
1777891608.2753325,4.0,3.0,-63.0
1777891608.2853324,0.0,1.0,-64.0
1777891608.2953324,-6.0,4.0,-61.0
1777891608.3053324,-5.0,2.0,-56.0
1777891608.3153324,-6.0,2.0,-53.0
1777891608.3253324,-9.0,0.0,-54.0
1777891608.3353324,-2.0,2.0,-59.0
1777891608.3453324,0.0,2.0,-61.0
1777891608.3553324,-1.0,0.0,-65.0
1777891608.3653324,0.0,0.0,-70.0
1777891608.3753324,4.0,0.0,-74.0
1777891608.3853323,2.0,3.0,-76.0
1777891608.3953323,3.0,0.0,-81.0
1777891608.4053323,1.0,-1.0,-79.0
1777891608.4153323,0.0,-2.0,-76.0
1777891608.4253323,3.0,-2.0,-77.0
1777891608.4353323,7.0,-3.0,-72.0
1777891608.4453323,6.0,0.0,-70.0
1777891608.4553325,3.0,0.0,-73.0
1777891608.4653325,1.0,-1.0,-71.0
1777891608.4753325,0.0,-5.0,-70.0
1777891608.4853325,3.0,-4.0,-72.0
1777891608.4953325,1.0,-4.0,-68.0
1777891608.5053325,1.0,-3.0,-65.0
1777891608.5153325,0.0,-3.0,-68.0
1777891608.5253325,0.0,0.0,-67.0
1777891608.5353324,-2.0,3.0,-67.0
1777891608.5453324,0.0,5.0,-66.0
1777891608.5553324,1.0,4.0,-70.0
1777891608.5653324,0.0,1.0,-67.0
1777891608.5753324,-1.0,0.0,-73.0
1777891608.5853324,-1.0,0.0,-76.0
1777891608.5953324,-4.0,1.0,-73.0
1777891608.6053324,2.0,2.0,-73.0
1777891608.6153324,3.0,2.0,-70.0
1777891608.6253324,0.0,3.0,-68.0
1777891608.6353323,0.0,0.0,-69.0
1777891608.6453323,1.0,0.0,-69.0
1777891608.6553323,3.0,1.0,-68.0
1777891608.6653323,7.0,2.0,-68.0
1777891608.6753323,4.0,2.0,-74.0
1777891608.6853323,8.0,1.0,-77.0
1777891608.6953323,5.0,0.0,-72.0
1777891608.7053325,9.0,-1.0,-76.0
1777891608.7153325,6.0,0.0,-80.0
1777891608.7253325,8.0,-1.0,-71.0
1777891608.7353325,4.0,-2.0,-75.0
1777891608.7453325,0.0,-4.0,-73.0
1777891608.7553325,2.0,-5.0,-72.0
1777891608.7653325,2.0,-3.0,-83.0
1777891608.7763324,1.0,-4.0,-73.0
1777891608.7863324,0.0,-1.0,-78.0
1777891608.7963324,-2.0,-3.0,-80.0
1777891608.8063323,-2.0,-2.0,-82.0
1777891608.8163323,0.0,-2.0,-76.0
1777891608.8263323,-3.0,-3.0,-73.0
1777891608.8363323,-1.0,-1.0,-73.0
1777891608.8463323,0.0,-2.0,-73.0
1777891608.8563323,2.0,-4.0,-70.0
1777891608.8663323,2.0,-3.0,-67.0
1777891608.8763323,-2.0,-1.0,-72.0
1777891608.8863325,0.0,-1.0,-75.0
1777891608.8963325,-2.0,0.0,-76.0
1777891608.9063325,2.0,-1.0,-81.0
1777891608.9163325,3.0,-1.0,-81.0
1777891608.9263325,0.0,-6.0,-80.0
1777891608.9363325,0.0,-4.0,-79.0
1777891608.9463325,0.0,-5.0,-83.0
1777891608.9563324,0.0,-3.0,-85.0
1777891608.9663324,0.0,-4.0,-81.0
1777891608.9763324,-1.0,-5.0,-84.0
1777891608.9863324,-2.0,-4.0,-81.0
1777891608.9963324,-4.0,-1.0,-80.0
1777891609.0063324,3.0,0.0,-78.0
1777891609.0163324,4.0,-2.0,-77.0
1777891609.0263324,7.0,-3.0,-72.0
1777891609.0363324,5.0,-2.0,-75.0
1777891609.0463324,4.0,0.0,-70.0
1777891609.0563323,1.0,1.0,-75.0
1777891609.0663323,0.0,3.0,-83.0
1777891609.0763323,-2.0,1.0,-83.0
1777891609.0863323,2.0,-1.0,-78.0
1777891609.0963323,3.0,-3.0,-77.0
1777891609.1063323,5.0,-3.0,-74.0
1777891609.1163323,7.0,-1.0,-72.0
1777891609.1263323,4.0,-1.0,-71.0
1777891609.1363325,0.0,-3.0,-70.0
1777891609.1463325,0.0,-5.0,-72.0
1777891609.1563325,3.0,-6.0,-75.0
1777891609.1673324,-3.0,-4.0,-72.0
1777891609.1763325,-3.0,-5.0,-68.0
1777891609.1863325,-3.0,-6.0,-71.0
1777891609.1963325,-3.0,-4.0,-69.0
1777891609.2063324,-8.0,-1.0,-73.0
1777891609.2163324,-4.0,0.0,-71.0
1777891609.2263324,-5.0,-2.0,-78.0
1777891609.2363324,0.0,1.0,-81.0
1777891609.2463324,0.0,6.0,-80.0
1777891609.2563324,1.0,3.0,-84.0
1777891609.2663324,4.0,3.0,-83.0
1777891609.2763324,7.0,-2.0,-86.0
1777891609.2863324,6.0,0.0,-85.0
1777891609.2963324,2.0,-2.0,-81.0
1777891609.3063323,2.0,0.0,-75.0
1777891609.3163323,2.0,0.0,-76.0
1777891609.3263323,0.0,-2.0,-74.0
1777891609.3363323,-5.0,0.0,-77.0
1777891609.3463323,-4.0,0.0,-81.0
1777891609.3563323,0.0,-1.0,-75.0
1777891609.3663323,-2.0,-2.0,-74.0
1777891609.3763323,-6.0,1.0,-77.0
1777891609.3863325,-5.0,1.0,-71.0
1777891609.3963325,-1.0,-1.0,-72.0
1777891609.4063325,0.0,0.0,-70.0
1777891609.4163325,4.0,0.0,-69.0
1777891609.4263325,4.0,2.0,-69.0
1777891609.4363325,6.0,0.0,-67.0
1777891609.4463325,10.0,1.0,-69.0
1777891609.4563324,8.0,-1.0,-72.0
1777891609.4663324,3.0,-3.0,-65.0
1777891609.4763324,1.0,-6.0,-73.0
1777891609.4863324,0.0,-2.0,-78.0
1777891609.4963324,0.0,-2.0,-78.0
1777891609.5063324,-1.0,-3.0,-74.0
1777891609.5163324,-2.0,-5.0,-75.0
1777891609.5263324,-4.0,-3.0,-72.0
1777891609.5363324,-1.0,-4.0,-74.0
1777891609.5463324,0.0,-2.0,-76.0
1777891609.5563323,-1.0,0.0,-75.0
1777891609.5663323,0.0,0.0,-77.0
1777891609.5763323,-1.0,2.0,-74.0
1777891609.5863323,-2.0,5.0,-76.0
1777891609.5963323,-3.0,1.0,-85.0
1777891609.6063323,0.0,-1.0,-86.0
1777891609.6163323,6.0,1.0,-82.0
1777891609.6263323,5.0,1.0,-77.0
1777891609.6363325,3.0,0.0,-68.0
1777891609.6463325,1.0,-2.0,-71.0
1777891609.6563325,0.0,-1.0,-74.0
1777891609.6663325,0.0,1.0,-77.0
1777891609.6763325,6.0,3.0,-78.0
1777891609.6863325,5.0,2.0,-77.0
1777891609.6963325,5.0,1.0,-74.0
1777891609.7063324,4.0,1.0,-71.0
1777891609.7163324,2.0,-3.0,-73.0
1777891609.7263324,4.0,-2.0,-79.0
1777891609.7363324,3.0,0.0,-84.0
1777891609.7463324,0.0,-1.0,-82.0
1777891609.7563324,0.0,-2.0,-81.0
1777891609.7663324,0.0,0.0,-82.0
1777891609.7763324,0.0,1.0,-82.0
1777891609.7863324,0.0,1.0,-79.0
1777891609.7963324,0.0,-1.0,-76.0
1777891609.8063323,2.0,0.0,-72.0
1777891609.8163323,1.0,-2.0,-69.0
1777891609.8263323,-1.0,-4.0,-68.0
1777891609.8363323,-2.0,-5.0,-67.0
1777891609.8463323,-3.0,-5.0,-67.0
1777891609.8563323,0.0,-3.0,-74.0
1777891609.8663323,5.0,2.0,-75.0
1777891609.8763323,4.0,0.0,-78.0
1777891609.8863325,3.0,-1.0,-76.0
1777891609.8963325,2.0,0.0,-67.0
1777891609.9063325,3.0,5.0,-64.0
1777891609.9163325,2.0,3.0,-66.0
1777891609.9263325,1.0,3.0,-72.0
1777891609.9363325,0.0,0.0,-71.0
1777891609.9463325,-7.0,1.0,-71.0
1777891609.9563324,-7.0,7.0,-71.0
1777891609.9663324,-6.0,4.0,-76.0
1777891609.9763324,-6.0,5.0,-78.0
1777891609.9863324,-6.0,0.0,-76.0
1777891609.9963324,-1.0,1.0,-75.0
1777891610.0063324,0.0,3.0,-75.0
1777891610.0163324,-1.0,1.0,-68.0
1777891610.0263324,7.0,-1.0,-66.0
1777891610.0363324,0.0,-2.0,-72.0
1777891610.0463324,1.0,0.0,-80.0
1777891610.0563323,0.0,6.0,-85.0
1777891610.0663323,0.0,3.0,-85.0
1777891610.0763323,-2.0,4.0,-89.0
1777891610.0863323,0.0,4.0,-83.0
1777891610.0963323,5.0,2.0,-82.0
1777891610.1063323,6.0,-2.0,-85.0
1777891610.1163323,6.0,-6.0,-84.0
1777891610.1263323,8.0,-2.0,-81.0
1777891610.1363325,7.0,-2.0,-86.0
1777891610.1463325,5.0,-5.0,-82.0
1777891610.1563325,5.0,-4.0,-81.0
1777891610.1663325,3.0,2.0,-80.0
1777891610.1763325,0.0,0.0,-78.0
1777891610.1863325,-3.0,1.0,-69.0
1777891610.1963325,1.0,1.0,-67.0
1777891610.2063324,3.0,2.0,-69.0
1777891610.2163324,-1.0,2.0,-69.0
1777891610.2263324,-4.0,0.0,-70.0
1777891610.2363324,-4.0,-3.0,-73.0
1777891610.2463324,0.0,-6.0,-74.0
1777891610.2563324,5.0,-6.0,-73.0
1777891610.2663324,5.0,-3.0,-71.0
1777891610.2763324,8.0,-3.0,-69.0
1777891610.2863324,4.0,-5.0,-76.0
1777891610.2963324,1.0,-1.0,-81.0
1777891610.3063323,3.0,0.0,-76.0
1777891610.3163323,0.0,0.0,-62.0
1777891610.3263323,-3.0,1.0,-64.0
1777891610.3363323,-2.0,2.0,-63.0
1777891610.3463323,-2.0,6.0,-74.0
1777891610.3563323,-7.0,4.0,-69.0
1777891610.3663323,-1.0,1.0,-65.0
1777891610.3763323,0.0,0.0,-60.0
1777891610.3863325,0.0,0.0,-64.0
1777891610.3963325,-2.0,-4.0,-71.0
1777891610.4063325,0.0,-8.0,-75.0
1777891610.4163325,0.0,-7.0,-72.0
1777891610.4263325,1.0,-6.0,-66.0
1777891610.4363325,0.0,-1.0,-57.0
1777891610.4463325,-1.0,-3.0,-54.0
1777891610.4563324,-4.0,-1.0,-58.0
1777891610.4663324,-5.0,2.0,-59.0
1777891610.4763324,-3.0,4.0,-64.0
1777891610.4863324,-1.0,6.0,-70.0
1777891610.4963324,3.0,6.0,-76.0
1777891610.5063324,4.0,6.0,-74.0
1777891610.5163324,7.0,3.0,-72.0
1777891610.5263324,7.0,0.0,-72.0
1777891610.5363324,3.0,-2.0,-81.0
1777891610.5463324,2.0,-5.0,-79.0
1777891610.5563323,0.0,-1.0,-79.0
1777891610.5663323,-3.0,0.0,-78.0
1777891610.5763323,-1.0,3.0,-73.0
1777891610.5863323,0.0,-3.0,-71.0
1777891610.5963323,1.0,0.0,-73.0
1777891610.6063323,1.0,-3.0,-72.0
1777891610.6163323,4.0,-6.0,-74.0
1777891610.6263323,2.0,-6.0,-70.0
1777891610.6363325,2.0,-5.0,-71.0
1777891610.6463325,0.0,0.0,-71.0
1777891610.6563325,0.0,-2.0,-67.0
1777891610.6663325,-3.0,-3.0,-72.0
1777891610.6763325,-1.0,-1.0,-73.0
1777891610.6863325,0.0,0.0,-79.0
1777891610.6963325,1.0,2.0,-77.0
1777891610.7063324,5.0,0.0,-79.0
1777891610.7163324,3.0,-1.0,-71.0
1777891610.7263324,0.0,2.0,-71.0
1777891610.7363324,-4.0,6.0,-67.0
1777891610.7463324,-7.0,0.0,-75.0
1777891610.7563324,-7.0,1.0,-79.0
1777891610.7673323,-7.0,-2.0,-86.0
1777891610.7773323,-6.0,-5.0,-80.0
1777891610.7863324,-6.0,-8.0,-75.0
1777891610.7973323,-10.0,-6.0,-75.0
1777891610.8073325,-4.0,-6.0,-81.0
1777891610.8173325,1.0,-7.0,-80.0
1777891610.8273325,3.0,-7.0,-77.0
1777891610.8373325,4.0,-2.0,-73.0
1777891610.8473325,2.0,-3.0,-69.0
1777891610.8573325,6.0,-2.0,-70.0
1777891610.8673325,4.0,-7.0,-67.0
1777891610.8773324,0.0,-8.0,-69.0
1777891610.8873324,2.0,-6.0,-67.0
1777891610.8973324,0.0,-5.0,-64.0
1777891610.9073324,2.0,-3.0,-64.0
1777891610.9173324,0.0,-2.0,-65.0
1777891610.9273324,1.0,-2.0,-70.0
1777891610.9373324,6.0,-6.0,-73.0
1777891610.9473324,5.0,-6.0,-74.0
1777891610.9573324,2.0,-7.0,-72.0
1777891610.9673324,-2.0,-3.0,-71.0
1777891610.9773324,-2.0,1.0,-73.0
1777891610.9873323,-1.0,1.0,-72.0
1777891610.9973323,-1.0,3.0,-76.0
1777891611.0073323,2.0,3.0,-71.0
1777891611.0173323,-2.0,3.0,-76.0
1777891611.0273323,-3.0,0.0,-80.0
1777891611.0373323,-2.0,-1.0,-76.0
1777891611.0473323,-3.0,-2.0,-70.0
1777891611.0573325,-5.0,-1.0,-65.0
1777891611.0673325,-7.0,0.0,-69.0
1777891611.0773325,-5.0,-1.0,-71.0
1777891611.0873325,-3.0,-2.0,-77.0
1777891611.0973325,-6.0,-4.0,-79.0
1777891611.1073325,-5.0,0.0,-72.0
1777891611.1173325,-3.0,1.0,-67.0
1777891611.1273324,-5.0,3.0,-69.0
1777891611.1373324,-3.0,0.0,-71.0
1777891611.1473324,-4.0,1.0,-70.0
1777891611.1573324,-3.0,5.0,-68.0
1777891611.1673324,0.0,4.0,-73.0
1777891611.1773324,3.0,9.0,-76.0
1777891611.1873324,2.0,9.0,-81.0
1777891611.1973324,0.0,4.0,-78.0
1777891611.2073324,-2.0,0.0,-80.0
1777891611.2173324,-1.0,3.0,-79.0
1777891611.2273324,-2.0,2.0,-73.0
1777891611.2373323,-1.0,0.0,-77.0
1777891611.2473323,-1.0,0.0,-75.0
1777891611.2573323,-4.0,1.0,-77.0
1777891611.2673323,-7.0,0.0,-80.0
1777891611.2773323,-5.0,2.0,-83.0
1777891611.2873323,0.0,1.0,-76.0
1777891611.2973323,-1.0,3.0,-72.0
1777891611.3073325,-3.0,8.0,-72.0
1777891611.3173325,-2.0,5.0,-80.0
1777891611.3273325,3.0,3.0,-81.0
1777891611.3373325,-2.0,0.0,-71.0
1777891611.3473325,-3.0,1.0,-69.0
1777891611.3573325,-1.0,4.0,-65.0
1777891611.3673325,1.0,4.0,-70.0
1777891611.3773324,2.0,3.0,-73.0
1777891611.3873324,-1.0,-1.0,-75.0
1777891611.3973324,0.0,1.0,-76.0
1777891611.4073324,0.0,0.0,-77.0
1777891611.4173324,3.0,-2.0,-73.0
1777891611.4273324,3.0,-5.0,-70.0
1777891611.4373324,-1.0,-5.0,-71.0
1777891611.4473324,0.0,-5.0,-64.0
1777891611.4573324,2.0,-3.0,-69.0
1777891611.4673324,0.0,-6.0,-76.0
1777891611.4773324,-2.0,-5.0,-72.0
1777891611.4873323,0.0,-4.0,-75.0
1777891611.4973323,1.0,-1.0,-81.0
1777891611.5073323,2.0,0.0,-81.0
1777891611.5173323,0.0,1.0,-76.0
1777891611.5273323,-2.0,-1.0,-74.0
1777891611.5373323,0.0,-3.0,-68.0
1777891611.5473323,-4.0,-3.0,-74.0
1777891611.5573325,-3.0,-6.0,-74.0
1777891611.5673325,0.0,-11.0,-78.0
1777891611.5773325,0.0,-8.0,-82.0
1777891611.5873325,1.0,-6.0,-81.0
1777891611.5973325,-2.0,-5.0,-76.0
1777891611.6073325,-3.0,-4.0,-77.0
1777891611.6173325,0.0,-3.0,-76.0
1777891611.6273324,-5.0,-3.0,-77.0
1777891611.6373324,-1.0,-5.0,-68.0
1777891611.6473324,-4.0,-2.0,-60.0
1777891611.6573324,-5.0,3.0,-65.0
1777891611.6673324,-5.0,0.0,-71.0
1777891611.6773324,-3.0,-1.0,-76.0
1777891611.6873324,-5.0,0.0,-78.0
1777891611.6973324,-4.0,-1.0,-74.0
1777891611.7073324,-1.0,2.0,-70.0
1777891611.7173324,-2.0,1.0,-72.0
1777891611.7273324,2.0,-4.0,-75.0
1777891611.7373323,5.0,-2.0,-71.0
1777891611.7473323,3.0,-4.0,-70.0
1777891611.7573323,2.0,-3.0,-60.0
1777891611.7673323,1.0,-2.0,-61.0
1777891611.7773323,2.0,1.0,-63.0
1777891611.7873323,4.0,2.0,-62.0
1777891611.7973323,4.0,3.0,-69.0
1777891611.8073325,3.0,0.0,-69.0
1777891611.8173325,1.0,-3.0,-70.0
1777891611.8273325,4.0,-4.0,-74.0
1777891611.8373325,0.0,-6.0,-71.0
1777891611.8473325,7.0,-4.0,-82.0
1777891611.8573325,6.0,-4.0,-77.0
1777891611.8673325,2.0,0.0,-79.0
1777891611.8773324,0.0,1.0,-76.0
1777891611.8873324,0.0,0.0,-66.0
1777891611.8973324,0.0,3.0,-59.0
1777891611.9073324,-4.0,3.0,-55.0
1777891611.9173324,-6.0,3.0,-59.0
1777891611.9273324,-3.0,0.0,-67.0
1777891611.9373324,-2.0,1.0,-61.0
1777891611.9473324,-2.0,0.0,-64.0
1777891611.9573324,-4.0,1.0,-70.0
1777891611.9673324,-5.0,-1.0,-72.0
1777891611.9773324,-1.0,0.0,-79.0
1777891611.9873323,-2.0,5.0,-79.0
1777891611.9973323,-4.0,-1.0,-76.0
1777891612.0073323,-1.0,3.0,-77.0
1777891612.0173323,-1.0,7.0,-67.0
1777891612.0273323,-2.0,7.0,-68.0
1777891612.0373323,-1.0,4.0,-69.0
1777891612.0473323,0.0,8.0,-66.0
1777891612.0573325,3.0,9.0,-64.0
1777891612.0673325,0.0,7.0,-69.0
1777891612.0773325,4.0,6.0,-68.0
1777891612.0873325,0.0,0.0,-70.0
1777891612.0973325,0.0,0.0,-69.0
1777891612.1073325,0.0,-2.0,-71.0
1777891612.1173325,7.0,0.0,-72.0
1777891612.1273324,1.0,0.0,-77.0
1777891612.1373324,0.0,-2.0,-72.0
1777891612.1473324,1.0,-2.0,-77.0
1777891612.1573324,2.0,0.0,-80.0
1777891612.1673324,2.0,-2.0,-83.0
1777891612.1773324,2.0,-5.0,-79.0
1777891612.1873324,2.0,-3.0,-76.0
1777891612.1973324,-1.0,-2.0,-71.0
1777891612.2073324,-1.0,-2.0,-69.0
1777891612.2173324,0.0,-2.0,-70.0
1777891612.2273324,-2.0,-2.0,-68.0
1777891612.2373323,0.0,0.0,-67.0
1777891612.2473323,0.0,0.0,-71.0
1777891612.2573323,-2.0,3.0,-71.0
1777891612.2673323,0.0,2.0,-69.0
1777891612.2773323,2.0,1.0,-69.0
1777891612.2873323,-1.0,0.0,-65.0
1777891612.2973323,-3.0,-6.0,-63.0
1777891612.3073325,-1.0,-3.0,-61.0
1777891612.3173325,0.0,-3.0,-60.0
1777891612.3273325,0.0,-6.0,-59.0
1777891612.3373325,0.0,-6.0,-62.0
1777891612.3473325,-1.0,-5.0,-61.0
1777891612.3573325,-3.0,-3.0,-64.0
1777891612.3673325,-3.0,-3.0,-71.0
1777891612.3773324,-2.0,-4.0,-71.0
1777891612.3873324,0.0,-10.0,-71.0
1777891612.3973324,-2.0,-11.0,-69.0
1777891612.4073324,2.0,-8.0,-73.0
1777891612.4173324,5.0,-9.0,-75.0
1777891612.4273324,8.0,-10.0,-75.0
1777891612.4373324,4.0,-6.0,-71.0
1777891612.4473324,3.0,-4.0,-75.0
1777891612.4573324,3.0,-5.0,-77.0
1777891612.4673324,5.0,-5.0,-81.0
1777891612.4773324,6.0,-4.0,-74.0
1777891612.4873323,5.0,-5.0,-73.0
1777891612.4973323,5.0,-4.0,-70.0
1777891612.5073323,6.0,0.0,-68.0
1777891612.5173323,8.0,-2.0,-66.0
1777891612.5273323,1.0,-4.0,-62.0
1777891612.5373323,-1.0,-4.0,-59.0
1777891612.5473323,0.0,-1.0,-65.0
1777891612.5573325,3.0,0.0,-69.0
1777891612.5673325,5.0,-1.0,-66.0
1777891612.5773325,4.0,-1.0,-66.0
1777891612.5873325,5.0,1.0,-65.0
1777891612.5973325,6.0,0.0,-70.0
1777891612.6073325,6.0,-3.0,-74.0
1777891612.6173325,3.0,-2.0,-80.0
1777891612.6273324,5.0,-5.0,-78.0
1777891612.6373324,2.0,-6.0,-75.0
1777891612.6473324,-2.0,-6.0,-80.0
1777891612.6573324,-7.0,-8.0,-73.0
1777891612.6673324,-6.0,-14.0,-68.0
1777891612.6773324,-5.0,-9.0,-65.0
1777891612.6873324,-8.0,-7.0,-67.0
1777891612.6973324,-6.0,-3.0,-71.0
1777891612.7073324,-2.0,-1.0,-70.0
1777891612.7173324,0.0,-3.0,-66.0
1777891612.7273324,-4.0,-5.0,-70.0
1777891612.7373323,1.0,-4.0,-75.0
1777891612.7473323,-1.0,-3.0,-74.0
1777891612.7573323,-5.0,-5.0,-73.0
1777891612.7673323,-8.0,-2.0,-77.0
1777891612.7773323,-5.0,-6.0,-72.0
1777891612.7883325,-4.0,-4.0,-81.0
1777891612.7983325,0.0,-7.0,-77.0
1777891612.8083324,1.0,-9.0,-76.0
1777891612.8183324,0.0,-5.0,-71.0
1777891612.8283324,0.0,-7.0,-78.0
1777891612.8383324,0.0,-4.0,-73.0
1777891612.8483324,0.0,-5.0,-74.0
1777891612.8583324,-1.0,-8.0,-80.0
1777891612.8683324,1.0,-7.0,-80.0
1777891612.8783324,1.0,-6.0,-71.0
1777891612.8883324,-2.0,-4.0,-75.0
1777891612.8983324,-2.0,-4.0,-75.0
1777891612.9083323,0.0,-2.0,-75.0
1777891612.9183323,0.0,0.0,-81.0
1777891612.9283323,0.0,-1.0,-78.0
1777891612.9383323,1.0,-2.0,-75.0
1777891612.9483323,5.0,2.0,-74.0
1777891612.9583323,6.0,0.0,-78.0
1777891612.9683323,6.0,-2.0,-74.0
1777891612.9783323,1.0,-4.0,-76.0
1777891612.9883325,0.0,-2.0,-78.0
1777891612.9983325,0.0,0.0,-74.0
1777891613.0083325,1.0,-1.0,-71.0
1777891613.0183325,0.0,3.0,-68.0
1777891613.0283325,0.0,-1.0,-69.0
1777891613.0383325,-2.0,-1.0,-70.0
1777891613.0483325,0.0,-3.0,-67.0
1777891613.0583324,0.0,0.0,-62.0
1777891613.0683324,-4.0,0.0,-56.0
1777891613.0783324,-4.0,-2.0,-63.0
1777891613.0883324,-2.0,-8.0,-66.0
1777891613.0983324,-5.0,-6.0,-62.0
1777891613.1083324,-1.0,0.0,-64.0
1777891613.1183324,-1.0,3.0,-69.0
1777891613.1283324,0.0,6.0,-74.0
1777891613.1383324,3.0,5.0,-75.0
1777891613.1483324,0.0,3.0,-69.0
1777891613.1583323,-3.0,1.0,-73.0
1777891613.1683323,-6.0,0.0,-75.0
1777891613.1783323,-3.0,2.0,-71.0
1777891613.1883323,0.0,2.0,-72.0
1777891613.1983323,2.0,2.0,-75.0
1777891613.2083323,2.0,0.0,-80.0
1777891613.2183323,5.0,0.0,-80.0
1777891613.2283323,5.0,0.0,-79.0
1777891613.2383325,2.0,1.0,-77.0
1777891613.2483325,0.0,2.0,-77.0
1777891613.2583325,-2.0,1.0,-77.0
1777891613.2683325,0.0,0.0,-72.0
1777891613.2783325,-2.0,1.0,-71.0
1777891613.2883325,-4.0,2.0,-74.0
1777891613.2983325,0.0,-1.0,-78.0
1777891613.3083324,0.0,0.0,-83.0
1777891613.3183324,4.0,0.0,-82.0
1777891613.3283324,3.0,-4.0,-85.0
1777891613.3383324,1.0,-3.0,-81.0
1777891613.3483324,2.0,-2.0,-83.0
1777891613.3583324,6.0,3.0,-88.0
1777891613.3683324,4.0,1.0,-88.0
1777891613.3783324,2.0,0.0,-93.0
1777891613.3883324,0.0,-1.0,-81.0
1777891613.3983324,4.0,-2.0,-84.0
1777891613.4083323,3.0,0.0,-82.0
1777891613.4183323,2.0,0.0,-75.0
1777891613.4283323,1.0,1.0,-76.0
1777891613.4383323,0.0,0.0,-66.0
1777891613.4483323,-1.0,-2.0,-57.0
1777891613.4583323,-3.0,-2.0,-52.0
1777891613.4683323,-3.0,-5.0,-60.0
1777891613.4783323,-1.0,-3.0,-65.0
1777891613.4883325,-4.0,-3.0,-67.0
1777891613.4983325,0.0,-4.0,-74.0
1777891613.5083325,-2.0,-6.0,-67.0
1777891613.5183325,-2.0,-6.0,-74.0
1777891613.5283325,0.0,-1.0,-72.0
1777891613.5383325,0.0,0.0,-76.0
1777891613.5483325,1.0,-1.0,-75.0
1777891613.5583324,4.0,-2.0,-74.0
1777891613.5683324,0.0,-1.0,-77.0
1777891613.5783324,0.0,-3.0,-73.0
1777891613.5883324,-3.0,-6.0,-72.0
1777891613.5983324,-2.0,-6.0,-71.0
1777891613.6083324,-6.0,-2.0,-72.0
1777891613.6183324,-5.0,-2.0,-78.0
1777891613.6283324,-6.0,0.0,-79.0
1777891613.6383324,-3.0,-1.0,-76.0
1777891613.6483324,-3.0,0.0,-73.0
1777891613.6583323,-4.0,0.0,-71.0
1777891613.6683323,0.0,0.0,-69.0
1777891613.6783323,5.0,0.0,-63.0
1777891613.6883323,5.0,-2.0,-62.0
1777891613.6983323,3.0,0.0,-54.0
1777891613.7083323,2.0,-4.0,-53.0
1777891613.7183323,0.0,-4.0,-56.0
1777891613.7283323,-1.0,-3.0,-64.0
1777891613.7383325,1.0,-4.0,-74.0
1777891613.7483325,0.0,-5.0,-77.0
1777891613.7583325,4.0,-4.0,-84.0
1777891613.7683325,4.0,-5.0,-78.0
1777891613.7783325,0.0,-6.0,-66.0
1777891613.7883325,0.0,-4.0,-70.0
1777891613.7983325,0.0,-2.0,-74.0
1777891613.8083324,4.0,-2.0,-74.0
1777891613.8183324,3.0,-1.0,-72.0
1777891613.8283324,6.0,-4.0,-65.0
1777891613.8383324,7.0,-6.0,-67.0
1777891613.8483324,0.0,-5.0,-67.0
1777891613.8583324,0.0,-7.0,-73.0
1777891613.8683324,-1.0,-6.0,-75.0
1777891613.8783324,1.0,-4.0,-74.0
1777891613.8883324,4.0,-3.0,-81.0
1777891613.8983324,2.0,-2.0,-85.0
1777891613.9083323,3.0,-3.0,-89.0
1777891613.9183323,2.0,-1.0,-88.0
1777891613.9283323,-2.0,0.0,-80.0
1777891613.9383323,0.0,0.0,-75.0
1777891613.9483323,-1.0,0.0,-67.0
1777891613.9583323,-3.0,0.0,-65.0
1777891613.9683323,2.0,0.0,-65.0
1777891613.9783323,1.0,2.0,-73.0
1777891613.9883325,4.0,0.0,-76.0
1777891613.9983325,0.0,0.0,-74.0
1777891614.0083325,-4.0,-1.0,-75.0
1777891614.0183325,-5.0,-6.0,-72.0
1777891614.0283325,0.0,-7.0,-67.0
1777891614.0383325,4.0,-7.0,-71.0
1777891614.0483325,5.0,-5.0,-73.0
1777891614.0583324,9.0,-5.0,-73.0
1777891614.0683324,7.0,-7.0,-75.0
1777891614.0783324,3.0,-8.0,-71.0
1777891614.0883324,1.0,-6.0,-71.0
1777891614.0983324,4.0,0.0,-68.0
1777891614.1083324,8.0,-7.0,-65.0
1777891614.1183324,4.0,-7.0,-64.0
1777891614.1283324,1.0,-6.0,-61.0
1777891614.1383324,0.0,0.0,-61.0
1777891614.1483324,-4.0,3.0,-65.0
1777891614.1583323,-4.0,4.0,-62.0
1777891614.1683323,-4.0,2.0,-68.0
1777891614.1783323,0.0,0.0,-75.0
1777891614.1883323,1.0,3.0,-72.0
1777891614.1983323,-3.0,4.0,-72.0
1777891614.2083323,-1.0,4.0,-74.0
1777891614.2183323,-3.0,8.0,-74.0
1777891614.2283323,0.0,7.0,-64.0
1777891614.2383325,0.0,1.0,-68.0
1777891614.2483325,-1.0,2.0,-65.0
1777891614.2583325,0.0,4.0,-70.0
1777891614.2683325,-1.0,4.0,-74.0
1777891614.2783325,2.0,3.0,-73.0
1777891614.2883325,2.0,3.0,-82.0
1777891614.2983325,0.0,9.0,-85.0
1777891614.3083324,-3.0,4.0,-84.0
1777891614.3183324,-6.0,0.0,-75.0
1777891614.3283324,-4.0,0.0,-73.0
1777891614.3383324,0.0,0.0,-74.0
1777891614.3483324,5.0,0.0,-68.0
1777891614.3583324,6.0,0.0,-69.0
1777891614.3683324,1.0,0.0,-69.0
1777891614.3783324,-2.0,0.0,-72.0
1777891614.3883324,-2.0,3.0,-76.0
1777891614.3983324,-5.0,1.0,-78.0
1777891614.4083323,-8.0,-1.0,-78.0
1777891614.4183323,-5.0,0.0,-67.0
1777891614.4283323,-2.0,-2.0,-72.0
1777891614.4383323,3.0,0.0,-77.0
1777891614.4483323,0.0,0.0,-74.0
1777891614.4583323,0.0,-3.0,-75.0
1777891614.4683323,-1.0,-6.0,-78.0
1777891614.4783323,2.0,-6.0,-82.0
1777891614.4883325,0.0,-4.0,-80.0
1777891614.4983325,4.0,-1.0,-81.0
1777891614.5083325,6.0,-3.0,-87.0
1777891614.5183325,0.0,-4.0,-85.0
1777891614.5283325,0.0,-1.0,-75.0
1777891614.5383325,-1.0,2.0,-76.0
1777891614.5483325,0.0,1.0,-74.0
1777891614.5583324,-4.0,0.0,-72.0
1777891614.5683324,-2.0,1.0,-67.0
1777891614.5783324,0.0,2.0,-61.0
1777891614.5883324,5.0,2.0,-69.0
1777891614.5983324,6.0,0.0,-73.0
1777891614.6083324,2.0,2.0,-77.0
1777891614.6183324,0.0,2.0,-74.0
1777891614.6283324,0.0,0.0,-72.0
1777891614.6383324,0.0,0.0,-74.0
1777891614.6483324,2.0,-2.0,-75.0
1777891614.6583323,-3.0,-2.0,-80.0
1777891614.6683323,0.0,2.0,-77.0
1777891614.6783323,0.0,2.0,-77.0
1777891614.6883323,-1.0,-2.0,-77.0
1777891614.6983323,0.0,4.0,-82.0
1777891614.7083323,2.0,5.0,-73.0
1777891614.7183323,-1.0,3.0,-73.0
1777891614.7283323,0.0,5.0,-72.0
1777891614.7383325,0.0,4.0,-68.0
1777891614.7493324,-1.0,1.0,-83.0
1777891614.7593324,-1.0,0.0,-78.0
1777891614.7693324,-4.0,-1.0,-77.0
1777891614.7783325,-6.0,0.0,-74.0
1777891614.7893324,-8.0,1.0,-76.0
1777891614.7993324,-8.0,4.0,-74.0
1777891614.8093324,-7.0,6.0,-69.0
1777891614.8193324,-5.0,5.0,-69.0
1777891614.8293324,-2.0,4.0,-70.0
1777891614.8393323,-5.0,1.0,-69.0
1777891614.8493323,-5.0,-1.0,-63.0
1777891614.8593323,-2.0,3.0,-60.0
1777891614.8693323,5.0,2.0,-65.0
1777891614.8793323,1.0,3.0,-68.0
1777891614.8893323,1.0,0.0,-71.0
1777891614.8993323,2.0,1.0,-73.0
1777891614.9093325,0.0,1.0,-76.0
1777891614.9193325,0.0,0.0,-75.0
1777891614.9293325,0.0,-1.0,-70.0
1777891614.9393325,0.0,-4.0,-62.0
1777891614.9493325,5.0,-4.0,-67.0
1777891614.9593325,2.0,-1.0,-74.0
1777891614.9693325,2.0,0.0,-65.0
1777891614.9793324,3.0,-3.0,-69.0
1777891614.9893324,0.0,-3.0,-77.0
1777891614.9993324,0.0,-6.0,-72.0
1777891615.0093324,0.0,-5.0,-73.0
1777891615.0193324,-3.0,-1.0,-74.0
1777891615.0293324,-4.0,0.0,-76.0
1777891615.0393324,-5.0,0.0,-72.0
1777891615.0493324,-2.0,0.0,-70.0
1777891615.0593324,-1.0,-4.0,-66.0
1777891615.0693324,3.0,-10.0,-67.0
1777891615.0793324,0.0,-7.0,-75.0
1777891615.0893323,0.0,-2.0,-79.0
1777891615.0993323,0.0,1.0,-71.0
1777891615.1093323,-3.0,0.0,-72.0
1777891615.1193323,1.0,-3.0,-66.0
1777891615.1293323,2.0,-7.0,-73.0
1777891615.1393323,3.0,-11.0,-71.0
1777891615.1493323,3.0,-13.0,-69.0
1777891615.1593325,1.0,-15.0,-73.0
1777891615.1693325,0.0,-9.0,-76.0
1777891615.1793325,1.0,-6.0,-76.0
1777891615.1893325,6.0,-7.0,-78.0
1777891615.1993325,7.0,-5.0,-78.0
1777891615.2093325,9.0,-7.0,-70.0
1777891615.2193325,4.0,-4.0,-71.0
1777891615.2293324,5.0,-4.0,-71.0
1777891615.2393324,2.0,-5.0,-73.0
1777891615.2493324,4.0,-6.0,-77.0
1777891615.2593324,4.0,-6.0,-83.0
1777891615.2693324,-4.0,-3.0,-77.0
1777891615.2793324,-11.0,-4.0,-84.0
1777891615.2893324,-8.0,0.0,-82.0
1777891615.2993324,-8.0,-2.0,-83.0
1777891615.3093324,-4.0,-3.0,-80.0
1777891615.3193324,-7.0,-4.0,-74.0
1777891615.3293324,-7.0,-5.0,-68.0
1777891615.3393323,-4.0,-4.0,-65.0
1777891615.3493323,-5.0,-7.0,-61.0
1777891615.3593323,-6.0,-16.0,-72.0
1777891615.3693323,-7.0,-13.0,-80.0
1777891615.3793323,-9.0,-9.0,-79.0
1777891615.3893323,-6.0,-4.0,-75.0
1777891615.3993323,-1.0,-1.0,-80.0
1777891615.4093325,1.0,1.0,-80.0
1777891615.4193325,0.0,0.0,-81.0
1777891615.4293325,0.0,-2.0,-82.0
1777891615.4393325,0.0,-1.0,-80.0
1777891615.4493325,-6.0,-3.0,-79.0
1777891615.4593325,-8.0,-1.0,-77.0
1777891615.4693325,-8.0,-1.0,-81.0
1777891615.4793324,-5.0,4.0,-78.0
1777891615.4893324,-3.0,4.0,-70.0
1777891615.4993324,2.0,3.0,-72.0
1777891615.5093324,0.0,3.0,-76.0
1777891615.5193324,3.0,5.0,-74.0
1777891615.5293324,0.0,4.0,-70.0
1777891615.5393324,-2.0,3.0,-65.0
1777891615.5493324,3.0,0.0,-66.0
1777891615.5593324,3.0,-3.0,-74.0
1777891615.5693324,4.0,-2.0,-83.0
1777891615.5793324,2.0,-5.0,-86.0
1777891615.5893323,1.0,-1.0,-80.0
1777891615.5993323,1.0,0.0,-70.0
1777891615.6093323,0.0,0.0,-70.0
1777891615.6193323,-1.0,2.0,-70.0
1777891615.6293323,-4.0,4.0,-70.0
1777891615.6393323,-7.0,8.0,-71.0
1777891615.6493323,-4.0,10.0,-67.0
1777891615.6593325,-4.0,8.0,-66.0
1777891615.6693325,-3.0,10.0,-57.0
1777891615.6793325,-5.0,8.0,-58.0
1777891615.6893325,-2.0,4.0,-64.0
1777891615.6993325,0.0,0.0,-69.0
1777891615.7093325,-1.0,-1.0,-74.0
1777891615.7193325,0.0,1.0,-78.0
1777891615.7293324,2.0,-1.0,-77.0
1777891615.7393324,3.0,0.0,-76.0
1777891615.7493324,3.0,-2.0,-82.0
1777891615.7593324,5.0,-2.0,-81.0
1777891615.7693324,3.0,0.0,-73.0
1777891615.7793324,-1.0,0.0,-66.0
1777891615.7893324,-1.0,-1.0,-62.0
1777891615.7993324,-1.0,-1.0,-68.0
1777891615.8093324,-5.0,-5.0,-65.0
1777891615.8193324,-1.0,-4.0,-59.0
1777891615.8293324,0.0,0.0,-60.0
1777891615.8393323,1.0,5.0,-68.0
1777891615.8493323,1.0,3.0,-76.0
1777891615.8593323,5.0,3.0,-72.0
1777891615.8693323,6.0,0.0,-75.0
1777891615.8793323,3.0,4.0,-72.0
1777891615.8893323,3.0,3.0,-68.0
1777891615.8993323,4.0,3.0,-66.0
1777891615.9093325,2.0,0.0,-67.0
1777891615.9193325,0.0,-6.0,-77.0
1777891615.9293325,0.0,-7.0,-74.0
1777891615.9393325,0.0,-5.0,-74.0
1777891615.9493325,-5.0,-7.0,-75.0
1777891615.9593325,-6.0,-7.0,-76.0
1777891615.9693325,-5.0,-8.0,-71.0
1777891615.9793324,-1.0,-7.0,-78.0
1777891615.9893324,-5.0,-5.0,-75.0
1777891615.9993324,-5.0,-5.0,-75.0
1777891616.0093324,-4.0,-2.0,-81.0
1777891616.0193324,2.0,-4.0,-82.0
1777891616.0293324,5.0,0.0,-83.0
1777891616.0393324,2.0,4.0,-80.0
1777891616.0493324,1.0,3.0,-79.0
1777891616.0593324,5.0,6.0,-72.0
1777891616.0693324,7.0,2.0,-69.0
1777891616.0793324,9.0,-1.0,-73.0
1777891616.0893323,9.0,-5.0,-70.0
1777891616.0993323,6.0,-4.0,-75.0
1777891616.1093323,3.0,-3.0,-80.0
1777891616.1193323,-4.0,-4.0,-84.0
1777891616.1293323,-2.0,-4.0,-85.0
1777891616.1393323,0.0,-4.0,-85.0
1777891616.1493323,-1.0,-3.0,-79.0
1777891616.1593325,0.0,-4.0,-69.0
1777891616.1693325,-1.0,-1.0,-64.0
1777891616.1793325,1.0,-1.0,-66.0
1777891616.1893325,-3.0,1.0,-68.0
1777891616.1993325,-3.0,2.0,-65.0
1777891616.2093325,0.0,4.0,-66.0
1777891616.2193325,0.0,4.0,-68.0
1777891616.2293324,0.0,3.0,-67.0
1777891616.2393324,0.0,3.0,-64.0
1777891616.2493324,1.0,2.0,-62.0
1777891616.2593324,-1.0,1.0,-62.0
1777891616.2693324,0.0,3.0,-64.0
1777891616.2793324,0.0,3.0,-65.0
1777891616.2893324,5.0,1.0,-64.0
1777891616.2993324,3.0,2.0,-65.0
1777891616.3093324,0.0,1.0,-66.0
1777891616.3193324,0.0,2.0,-70.0
1777891616.3293324,0.0,0.0,-69.0
1777891616.3393323,0.0,0.0,-69.0
1777891616.3493323,1.0,0.0,-65.0
1777891616.3593323,-2.0,-2.0,-67.0
1777891616.3693323,0.0,-3.0,-65.0
1777891616.3793323,-2.0,-2.0,-63.0
1777891616.3893323,0.0,0.0,-64.0
1777891616.3993323,-4.0,1.0,-69.0
1777891616.4093325,-1.0,-1.0,-75.0
1777891616.4193325,0.0,-1.0,-79.0
1777891616.4293325,2.0,0.0,-79.0
1777891616.4393325,-1.0,0.0,-83.0
1777891616.4493325,-3.0,0.0,-87.0
1777891616.4593325,-4.0,5.0,-84.0
1777891616.4693325,-3.0,6.0,-86.0
1777891616.4793324,-2.0,4.0,-77.0
1777891616.4893324,0.0,0.0,-76.0
1777891616.4993324,0.0,-1.0,-74.0
1777891616.5093324,1.0,2.0,-76.0
1777891616.5193324,3.0,0.0,-80.0
1777891616.5293324,4.0,1.0,-73.0
1777891616.5393324,2.0,2.0,-69.0
1777891616.5493324,-2.0,-2.0,-79.0
1777891616.5593324,-3.0,-3.0,-76.0
1777891616.5693324,0.0,-3.0,-77.0
1777891616.5793324,2.0,-3.0,-78.0
1777891616.5893323,1.0,-1.0,-80.0
1777891616.5993323,1.0,-1.0,-78.0
1777891616.6093323,-2.0,0.0,-76.0
1777891616.6193323,-1.0,-2.0,-74.0
1777891616.6293323,0.0,-3.0,-72.0
1777891616.6393323,0.0,0.0,-73.0
1777891616.6493323,0.0,3.0,-77.0
1777891616.6593325,-1.0,1.0,-80.0
1777891616.6693325,2.0,0.0,-87.0
1777891616.6793325,2.0,-3.0,-84.0
1777891616.6893325,-4.0,-4.0,-79.0
1777891616.6993325,-7.0,-6.0,-72.0
1777891616.7093325,-1.0,-3.0,-69.0
1777891616.7193325,0.0,-2.0,-72.0
1777891616.7303324,0.0,0.0,-77.0
1777891616.7403324,1.0,-2.0,-72.0
1777891616.7493324,-1.0,-2.0,-69.0
1777891616.7603323,-2.0,-4.0,-69.0
1777891616.7703323,-5.0,-3.0,-67.0
1777891616.7803323,-5.0,-3.0,-68.0
1777891616.7903323,0.0,-4.0,-66.0
1777891616.8003323,0.0,0.0,-75.0
1777891616.8103323,-2.0,4.0,-75.0
1777891616.8203323,-4.0,3.0,-68.0
1777891616.8303325,0.0,1.0,-66.0
1777891616.8403325,-2.0,-1.0,-68.0
1777891616.8503325,-2.0,1.0,-62.0
1777891616.8603325,-1.0,0.0,-62.0
1777891616.8703325,-1.0,0.0,-60.0
1777891616.8803325,0.0,0.0,-58.0
1777891616.8903325,2.0,2.0,-61.0
1777891616.9003325,-3.0,2.0,-59.0
1777891616.9103324,-6.0,4.0,-65.0
1777891616.9203324,-10.0,5.0,-68.0
1777891616.9303324,-6.0,4.0,-71.0
1777891616.9403324,-6.0,3.0,-72.0
1777891616.9503324,-6.0,0.0,-75.0
1777891616.9603324,-1.0,-1.0,-78.0
1777891616.9703324,-2.0,-3.0,-77.0
1777891616.9803324,0.0,-3.0,-71.0
1777891616.9903324,1.0,-4.0,-73.0
1777891617.0003324,1.0,-2.0,-70.0
1777891617.0103323,0.0,-2.0,-69.0
1777891617.0203323,0.0,-1.0,-72.0
1777891617.0303323,0.0,-4.0,-82.0
1777891617.0403323,0.0,-3.0,-81.0
1777891617.0503323,1.0,-3.0,-89.0
1777891617.0603323,1.0,-3.0,-82.0
1777891617.0703323,1.0,-2.0,-81.0
1777891617.0803325,1.0,1.0,-78.0
1777891617.0903325,2.0,2.0,-80.0
1777891617.1003325,3.0,0.0,-73.0
1777891617.1103325,3.0,3.0,-68.0
1777891617.1203325,2.0,0.0,-68.0
1777891617.1303325,4.0,2.0,-74.0
1777891617.1403325,1.0,3.0,-71.0
1777891617.1503325,0.0,1.0,-70.0
1777891617.1603324,0.0,-1.0,-74.0
1777891617.1703324,0.0,1.0,-70.0
1777891617.1803324,4.0,-1.0,-75.0
1777891617.1903324,3.0,3.0,-75.0
1777891617.2003324,2.0,0.0,-74.0
1777891617.2103324,3.0,0.0,-72.0
1777891617.2203324,3.0,-1.0,-74.0
1777891617.2303324,5.0,-4.0,-69.0
1777891617.2403324,4.0,-4.0,-75.0
1777891617.2503324,4.0,-4.0,-75.0
1777891617.2603323,3.0,-3.0,-66.0
1777891617.2703323,4.0,0.0,-66.0
1777891617.2803323,5.0,-1.0,-65.0
1777891617.2903323,5.0,-1.0,-70.0
1777891617.3003323,3.0,-1.0,-68.0
1777891617.3103323,0.0,2.0,-71.0
1777891617.3203323,0.0,1.0,-73.0
1777891617.3303325,3.0,1.0,-76.0
1777891617.3403325,3.0,1.0,-81.0
1777891617.3503325,3.0,0.0,-77.0
1777891617.3603325,2.0,0.0,-76.0
1777891617.3703325,3.0,0.0,-80.0
1777891617.3803325,4.0,-2.0,-74.0
1777891617.3903325,3.0,1.0,-73.0
1777891617.4003325,1.0,6.0,-73.0
1777891617.4103324,3.0,0.0,-74.0
1777891617.4203324,2.0,-4.0,-77.0
1777891617.4303324,0.0,-2.0,-72.0
1777891617.4403324,2.0,0.0,-72.0
1777891617.4503324,3.0,0.0,-71.0
1777891617.4603324,2.0,-3.0,-80.0
1777891617.4703324,-2.0,0.0,-79.0
1777891617.4803324,0.0,-1.0,-75.0
1777891617.4903324,1.0,-4.0,-75.0
1777891617.5003324,3.0,-7.0,-82.0
1777891617.5103323,4.0,-10.0,-78.0
1777891617.5203323,4.0,-11.0,-78.0
1777891617.5303323,0.0,-10.0,-75.0
1777891617.5403323,-3.0,-11.0,-77.0
1777891617.5503323,-6.0,-4.0,-69.0
1777891617.5603323,-4.0,-4.0,-69.0
1777891617.5703323,-1.0,-4.0,-72.0
1777891617.5803325,3.0,-3.0,-76.0
1777891617.5903325,0.0,-1.0,-72.0
1777891617.6003325,0.0,0.0,-70.0
1777891617.6103325,-2.0,0.0,-76.0
1777891617.6203325,0.0,-1.0,-71.0
1777891617.6303325,1.0,-2.0,-71.0
1777891617.6403325,2.0,-2.0,-70.0
1777891617.6503325,1.0,-1.0,-66.0
1777891617.6603324,1.0,1.0,-69.0
1777891617.6703324,-2.0,2.0,-72.0
1777891617.6803324,-2.0,4.0,-77.0
1777891617.6903324,-2.0,4.0,-71.0
1777891617.7003324,-1.0,-1.0,-75.0
1777891617.7103324,-4.0,-6.0,-77.0
1777891617.7203324,-5.0,-6.0,-67.0
1777891617.7303324,-8.0,-3.0,-64.0
1777891617.7403324,-6.0,2.0,-65.0
1777891617.7503324,-6.0,3.0,-56.0
1777891617.7603323,-6.0,1.0,-54.0
1777891617.7703323,-1.0,2.0,-55.0
1777891617.7803323,-1.0,4.0,-57.0
1777891617.7903323,0.0,0.0,-63.0
1777891617.8003323,-4.0,1.0,-66.0
1777891617.8103323,-1.0,0.0,-66.0
1777891617.8203323,-1.0,-2.0,-70.0
1777891617.8303325,0.0,-3.0,-69.0
1777891617.8403325,0.0,-3.0,-74.0
1777891617.8503325,0.0,-2.0,-77.0
1777891617.8603325,-2.0,1.0,-77.0
1777891617.8703325,-5.0,0.0,-79.0
1777891617.8803325,0.0,2.0,-85.0
1777891617.8903325,-2.0,0.0,-82.0
1777891617.9003325,0.0,1.0,-72.0
1777891617.9103324,0.0,2.0,-71.0
1777891617.9203324,4.0,1.0,-74.0
1777891617.9303324,10.0,-2.0,-71.0
1777891617.9403324,7.0,-3.0,-69.0
1777891617.9503324,6.0,-6.0,-64.0
1777891617.9603324,3.0,-5.0,-63.0
1777891617.9703324,3.0,0.0,-71.0
1777891617.9803324,-1.0,0.0,-68.0
1777891617.9903324,-1.0,-2.0,-68.0
1777891618.0003324,2.0,0.0,-71.0
1777891618.0103323,2.0,0.0,-76.0
1777891618.0203323,3.0,4.0,-74.0
1777891618.0303323,3.0,3.0,-65.0
1777891618.0403323,2.0,1.0,-65.0
1777891618.0503323,2.0,0.0,-71.0
1777891618.0603323,0.0,-4.0,-75.0
1777891618.0703323,1.0,-3.0,-76.0
1777891618.0803325,8.0,-3.0,-72.0
1777891618.0903325,9.0,-3.0,-73.0
1777891618.1003325,12.0,0.0,-73.0
1777891618.1103325,11.0,-4.0,-70.0
1777891618.1203325,7.0,-7.0,-68.0
1777891618.1303325,3.0,-9.0,-65.0
1777891618.1403325,3.0,-7.0,-67.0
1777891618.1503325,4.0,-8.0,-68.0
1777891618.1603324,6.0,-6.0,-66.0
1777891618.1703324,4.0,-5.0,-73.0
1777891618.1803324,3.0,-5.0,-75.0
1777891618.1903324,1.0,-8.0,-73.0
1777891618.2003324,0.0,-5.0,-72.0
1777891618.2103324,2.0,-6.0,-73.0
1777891618.2203324,4.0,-5.0,-81.0
1777891618.2303324,1.0,-10.0,-74.0
1777891618.2403324,4.0,-12.0,-75.0
1777891618.2503324,7.0,-6.0,-74.0
1777891618.2603323,6.0,-5.0,-81.0
1777891618.2703323,3.0,-5.0,-81.0
1777891618.2813325,-1.0,-5.0,-84.0
1777891618.2903323,0.0,-4.0,-78.0
1777891618.3003323,3.0,-5.0,-75.0
1777891618.3103323,1.0,-8.0,-74.0
1777891618.3203323,0.0,-7.0,-73.0
1777891618.3303325,-5.0,-8.0,-75.0
1777891618.3403325,-9.0,-7.0,-72.0
1777891618.3503325,-3.0,-7.0,-65.0
1777891618.3603325,-3.0,-9.0,-67.0
1777891618.3703325,-1.0,-7.0,-65.0
1777891618.3803325,-1.0,-3.0,-69.0
1777891618.3903325,0.0,-3.0,-68.0
1777891618.4003325,4.0,-6.0,-67.0
1777891618.4103324,5.0,-5.0,-70.0
1777891618.4203324,2.0,-3.0,-70.0
1777891618.4303324,1.0,-5.0,-70.0
1777891618.4403324,5.0,-6.0,-73.0
1777891618.4503324,3.0,-6.0,-70.0
1777891618.4603324,2.0,0.0,-65.0
1777891618.4703324,0.0,-1.0,-67.0
1777891618.4803324,0.0,-4.0,-67.0
1777891618.4903324,0.0,-3.0,-68.0
1777891618.5003324,-2.0,-2.0,-75.0
1777891618.5103323,1.0,-4.0,-77.0
1777891618.5203323,6.0,0.0,-76.0
1777891618.5303323,7.0,-2.0,-75.0
1777891618.5403323,5.0,-2.0,-70.0
1777891618.5503323,6.0,-3.0,-63.0
1777891618.5603323,3.0,-4.0,-63.0
1777891618.5703323,5.0,-4.0,-67.0
1777891618.5803325,5.0,-6.0,-65.0
1777891618.5903325,8.0,-3.0,-67.0
1777891618.6003325,2.0,-5.0,-71.0
1777891618.6103325,0.0,-7.0,-74.0
1777891618.6203325,-2.0,-8.0,-71.0
1777891618.6303325,-1.0,-4.0,-69.0
1777891618.6403325,0.0,-2.0,-64.0
1777891618.6503325,0.0,0.0,-76.0
1777891618.6603324,-3.0,0.0,-72.0
1777891618.6703324,-2.0,-1.0,-77.0
1777891618.6803324,-1.0,1.0,-76.0
1777891618.6903324,-2.0,0.0,-72.0
1777891618.7003324,-3.0,-2.0,-78.0
1777891618.7103324,1.0,0.0,-78.0
1777891618.7203324,3.0,-1.0,-79.0
1777891618.7313323,3.0,-2.0,-80.0
1777891618.7413323,1.0,0.0,-76.0
1777891618.7513323,-1.0,-4.0,-68.0
1777891618.7613325,-4.0,-7.0,-66.0
1777891618.7703323,0.0,-11.0,-69.0
1777891618.7813325,1.0,-10.0,-72.0
1777891618.7913325,-2.0,-7.0,-72.0
1777891618.8013325,-10.0,-4.0,-72.0
1777891618.8113325,-6.0,-8.0,-75.0
1777891618.8213325,-9.0,-11.0,-80.0
1777891618.8313324,-5.0,-7.0,-79.0
1777891618.8413324,-3.0,-3.0,-73.0
1777891618.8513324,-1.0,-1.0,-71.0
1777891618.8613324,-3.0,-3.0,-66.0
1777891618.8713324,-1.0,0.0,-70.0
1777891618.8813324,1.0,0.0,-68.0
1777891618.8913324,0.0,0.0,-64.0
1777891618.9013324,0.0,-3.0,-66.0
1777891618.9113324,0.0,-1.0,-67.0
1777891618.9213324,-1.0,0.0,-72.0
1777891618.9313323,-3.0,-5.0,-68.0
1777891618.9413323,1.0,-2.0,-75.0
1777891618.9513323,3.0,3.0,-74.0
1777891618.9613323,2.0,4.0,-75.0
1777891618.9713323,4.0,2.0,-75.0
1777891618.9813323,9.0,3.0,-68.0
1777891618.9913323,6.0,-2.0,-66.0
1777891619.0013323,6.0,-3.0,-62.0
1777891619.0113325,7.0,-3.0,-67.0
1777891619.0213325,6.0,-7.0,-69.0
1777891619.0313325,7.0,-8.0,-63.0
1777891619.0413325,9.0,-7.0,-65.0
1777891619.0513325,10.0,-8.0,-67.0
1777891619.0613325,8.0,-10.0,-63.0
1777891619.0713325,8.0,-9.0,-68.0
1777891619.0813324,7.0,-9.0,-74.0
1777891619.0913324,8.0,-11.0,-69.0
1777891619.1013324,7.0,-11.0,-68.0
1777891619.1113324,2.0,-5.0,-71.0
1777891619.1213324,0.0,-5.0,-73.0
1777891619.1313324,-6.0,-7.0,-71.0
1777891619.1413324,-12.0,-6.0,-74.0
1777891619.1513324,-5.0,-5.0,-79.0
1777891619.1613324,-5.0,-10.0,-81.0
1777891619.1713324,-4.0,-8.0,-75.0
1777891619.1813323,0.0,-10.0,-75.0
1777891619.1913323,1.0,-9.0,-76.0
1777891619.2013323,2.0,-9.0,-76.0
1777891619.2113323,5.0,-4.0,-75.0
1777891619.2213323,6.0,-1.0,-70.0
1777891619.2313323,8.0,-1.0,-73.0
1777891619.2413323,6.0,-5.0,-71.0
1777891619.2513323,6.0,-2.0,-64.0
1777891619.2613325,7.0,-1.0,-64.0
1777891619.2713325,4.0,-3.0,-60.0
1777891619.2813325,1.0,-5.0,-57.0
1777891619.2913325,-2.0,0.0,-57.0
1777891619.3013325,-1.0,2.0,-56.0
1777891619.3113325,-1.0,4.0,-60.0
1777891619.3213325,0.0,4.0,-68.0
1777891619.3313324,-1.0,4.0,-67.0
1777891619.3413324,1.0,2.0,-65.0
1777891619.3513324,0.0,0.0,-67.0
1777891619.3613324,-7.0,0.0,-69.0
1777891619.3713324,-6.0,0.0,-74.0
1777891619.3813324,-1.0,-2.0,-79.0
1777891619.3913324,-3.0,-3.0,-69.0
1777891619.4013324,-2.0,0.0,-61.0
1777891619.4113324,0.0,0.0,-54.0
1777891619.4213324,5.0,1.0,-57.0
1777891619.4313323,4.0,-2.0,-65.0
1777891619.4413323,3.0,-2.0,-73.0
1777891619.4513323,-1.0,-4.0,-74.0
1777891619.4613323,-3.0,-2.0,-79.0
1777891619.4713323,0.0,0.0,-68.0
1777891619.4813323,-4.0,0.0,-69.0
1777891619.4913323,-6.0,5.0,-74.0
1777891619.5013323,-5.0,3.0,-76.0
1777891619.5113325,-5.0,-2.0,-78.0
1777891619.5213325,-1.0,-5.0,-79.0
1777891619.5313325,0.0,-4.0,-82.0
1777891619.5413325,0.0,-2.0,-82.0
1777891619.5513325,1.0,0.0,-75.0
1777891619.5613325,0.0,-1.0,-70.0
1777891619.5713325,0.0,-2.0,-76.0
1777891619.5813324,0.0,-1.0,-80.0
1777891619.5913324,0.0,0.0,-86.0
1777891619.6013324,6.0,-2.0,-88.0
1777891619.6113324,3.0,-4.0,-82.0
1777891619.6213324,-1.0,-2.0,-82.0
1777891619.6313324,-6.0,-1.0,-83.0
1777891619.6413324,-6.0,0.0,-85.0
1777891619.6513324,-6.0,2.0,-88.0
1777891619.6613324,-11.0,5.0,-82.0
1777891619.6713324,-14.0,3.0,-79.0
1777891619.6813323,-8.0,5.0,-72.0
1777891619.6913323,-7.0,4.0,-70.0
1777891619.7013323,-5.0,6.0,-76.0
1777891619.7113323,-6.0,3.0,-75.0
1777891619.7213323,-2.0,2.0,-72.0
1777891619.7313323,2.0,0.0,-69.0
1777891619.7413323,0.0,-2.0,-65.0
1777891619.7513323,4.0,-4.0,-69.0
1777891619.7613325,4.0,-11.0,-75.0
1777891619.7713325,2.0,-8.0,-75.0
1777891619.7813325,4.0,-7.0,-77.0
1777891619.7913325,5.0,-2.0,-73.0
1777891619.8013325,4.0,-4.0,-63.0
1777891619.8113325,2.0,-5.0,-61.0
1777891619.8213325,6.0,-4.0,-64.0
1777891619.8313324,3.0,-6.0,-65.0
1777891619.8413324,0.0,-3.0,-67.0
1777891619.8513324,3.0,0.0,-69.0
1777891619.8613324,1.0,-1.0,-70.0
1777891619.8713324,5.0,-3.0,-75.0
1777891619.8813324,7.0,-4.0,-72.0
1777891619.8913324,1.0,-6.0,-70.0
1777891619.9013324,0.0,-6.0,-70.0
1777891619.9113324,-1.0,-3.0,-75.0
1777891619.9213324,-4.0,-3.0,-75.0
1777891619.9313323,-2.0,-1.0,-78.0
1777891619.9413323,3.0,-1.0,-82.0
1777891619.9513323,2.0,0.0,-86.0
1777891619.9613323,2.0,2.0,-82.0
1777891619.9713323,4.0,3.0,-77.0
1777891619.9813323,9.0,6.0,-79.0
1777891619.9913323,5.0,1.0,-82.0
1777891620.0013323,6.0,-1.0,-79.0
1777891620.0113325,2.0,-6.0,-73.0
1777891620.0223324,-1.0,-5.0,-67.0
1777891620.0313325,-5.0,-4.0,-73.0
1777891620.0413325,-3.0,-3.0,-69.0
1777891620.0513325,0.0,-4.0,-69.0
1777891620.0613325,6.0,-5.0,-71.0
1777891620.0713325,6.0,1.0,-72.0
1777891620.0813324,3.0,0.0,-75.0
1777891620.0913324,7.0,-2.0,-69.0
1777891620.1013324,2.0,-2.0,-70.0
1777891620.1113324,4.0,-2.0,-72.0
1777891620.1213324,7.0,0.0,-65.0
1777891620.1313324,6.0,1.0,-67.0
1777891620.1413324,4.0,1.0,-71.0
1777891620.1513324,-4.0,0.0,-69.0
1777891620.1613324,-6.0,-2.0,-69.0
1777891620.1713324,-6.0,-4.0,-73.0
1777891620.1813323,-6.0,-4.0,-71.0
1777891620.1913323,-7.0,-3.0,-72.0
1777891620.2013323,-8.0,-1.0,-75.0
1777891620.2113323,-8.0,1.0,-77.0
1777891620.2213323,0.0,-3.0,-73.0
1777891620.2313323,4.0,-6.0,-72.0
1777891620.2413323,7.0,-6.0,-72.0
1777891620.2513323,6.0,-2.0,-70.0
1777891620.2613325,3.0,0.0,-69.0
1777891620.2713325,2.0,-2.0,-67.0
1777891620.2813325,0.0,-3.0,-68.0
1777891620.2913325,1.0,-2.0,-65.0
1777891620.3013325,5.0,-5.0,-61.0
1777891620.3113325,2.0,-7.0,-69.0
1777891620.3213325,1.0,-6.0,-78.0
1777891620.3313324,0.0,-4.0,-78.0
1777891620.3413324,0.0,-4.0,-79.0
1777891620.3513324,-2.0,-3.0,-77.0
1777891620.3613324,0.0,-2.0,-71.0
1777891620.3713324,-1.0,1.0,-65.0
1777891620.3813324,2.0,1.0,-69.0
1777891620.3913324,0.0,-1.0,-67.0
1777891620.4013324,-2.0,2.0,-75.0
1777891620.4113324,-2.0,7.0,-74.0
1777891620.4213324,0.0,5.0,-76.0
1777891620.4313323,2.0,7.0,-84.0
1777891620.4413323,3.0,2.0,-86.0
1777891620.4513323,2.0,-1.0,-85.0
1777891620.4613323,2.0,0.0,-77.0
1777891620.4713323,3.0,-3.0,-79.0
1777891620.4813323,7.0,-2.0,-81.0
1777891620.4913323,9.0,1.0,-85.0
1777891620.5013323,4.0,0.0,-85.0
1777891620.5113325,4.0,0.0,-84.0
1777891620.5213325,2.0,-3.0,-81.0
1777891620.5313325,-1.0,-4.0,-80.0
1777891620.5413325,2.0,-4.0,-78.0
1777891620.5513325,1.0,-4.0,-70.0
1777891620.5613325,-1.0,-5.0,-70.0
1777891620.5713325,1.0,-5.0,-71.0
1777891620.5813324,-1.0,-4.0,-73.0
1777891620.5913324,-1.0,-4.0,-68.0
1777891620.6013324,-2.0,0.0,-70.0
1777891620.6113324,-3.0,-2.0,-76.0
1777891620.6213324,-8.0,-3.0,-78.0
1777891620.6313324,-6.0,-3.0,-79.0
1777891620.6413324,-3.0,-1.0,-78.0
1777891620.6513324,0.0,-1.0,-75.0
1777891620.6613324,1.0,-2.0,-72.0
1777891620.6713324,0.0,-6.0,-69.0
1777891620.6813323,1.0,-6.0,-71.0
1777891620.6913323,1.0,-2.0,-69.0
1777891620.7023325,3.0,-2.0,-64.0
1777891620.7113323,-3.0,0.0,-62.0
1777891620.7213323,-5.0,-1.0,-53.0
1777891620.7313323,-4.0,-4.0,-64.0
1777891620.7423325,-2.0,-6.0,-65.0
1777891620.7523324,-5.0,-4.0,-63.0
1777891620.7623324,-4.0,-5.0,-67.0
1777891620.7723324,0.0,-2.0,-74.0
1777891620.7823324,2.0,-5.0,-68.0
1777891620.7923324,3.0,-8.0,-65.0
1777891620.8023324,1.0,-4.0,-66.0
1777891620.8113325,2.0,-3.0,-65.0
1777891620.8223324,0.0,-1.0,-63.0
1777891620.8323324,0.0,1.0,-68.0
1777891620.8423324,0.0,-1.0,-73.0
1777891620.8523324,0.0,2.0,-72.0
1777891620.8623323,2.0,0.0,-74.0
1777891620.8723323,1.0,0.0,-77.0
1777891620.8823323,-2.0,-1.0,-84.0
1777891620.8923323,-5.0,3.0,-83.0
1777891620.9023323,-1.0,-2.0,-78.0
1777891620.9123323,0.0,-6.0,-80.0
1777891620.9223323,-1.0,-4.0,-79.0
1777891620.9323325,0.0,-3.0,-82.0
1777891620.9423325,-3.0,-2.0,-83.0
1777891620.9523325,-6.0,0.0,-88.0
1777891620.9623325,-6.0,0.0,-84.0
1777891620.9723325,0.0,-1.0,-79.0
1777891620.9823325,0.0,-2.0,-73.0
1777891620.9923325,-2.0,-5.0,-73.0
1777891621.0023324,1.0,-1.0,-75.0
1777891621.0123324,1.0,-3.0,-83.0
1777891621.0223324,-2.0,-5.0,-89.0
1777891621.0323324,-2.0,-2.0,-84.0
1777891621.0423324,-3.0,-3.0,-77.0
1777891621.0523324,2.0,-3.0,-75.0
1777891621.0623324,4.0,-5.0,-71.0
1777891621.0723324,4.0,-6.0,-64.0
1777891621.0823324,10.0,-4.0,-64.0
1777891621.0923324,9.0,0.0,-77.0
1777891621.1023324,9.0,1.0,-74.0
1777891621.1123323,5.0,2.0,-70.0
1777891621.1223323,2.0,2.0,-71.0
1777891621.1323323,0.0,0.0,-67.0
1777891621.1423323,-4.0,0.0,-60.0
1777891621.1523323,-4.0,-1.0,-66.0
1777891621.1623323,-2.0,-2.0,-78.0
1777891621.1723323,0.0,-1.0,-75.0
1777891621.1823325,0.0,0.0,-74.0
1777891621.1923325,0.0,-2.0,-79.0
1777891621.2023325,1.0,-2.0,-82.0
1777891621.2123325,0.0,-2.0,-77.0
1777891621.2223325,-1.0,-2.0,-77.0
1777891621.2323325,-2.0,0.0,-70.0
1777891621.2423325,2.0,2.0,-72.0
1777891621.2523324,0.0,-3.0,-74.0
1777891621.2623324,0.0,-4.0,-72.0
1777891621.2723324,2.0,-3.0,-71.0
1777891621.2823324,3.0,-3.0,-74.0
1777891621.2923324,1.0,-3.0,-70.0
1777891621.3023324,0.0,-3.0,-77.0
1777891621.3123324,2.0,-5.0,-83.0
1777891621.3223324,-2.0,-6.0,-79.0
1777891621.3323324,0.0,-3.0,-79.0
1777891621.3423324,0.0,-1.0,-76.0
1777891621.3523324,-1.0,0.0,-76.0
1777891621.3623323,-5.0,-1.0,-73.0
1777891621.3723323,-3.0,1.0,-68.0
1777891621.3823323,0.0,-1.0,-65.0
1777891621.3923323,6.0,-1.0,-69.0
1777891621.4023323,6.0,-1.0,-73.0
1777891621.4123323,8.0,0.0,-72.0
1777891621.4223323,5.0,-2.0,-75.0
1777891621.4323325,6.0,-4.0,-72.0
1777891621.4423325,6.0,-3.0,-70.0
1777891621.4523325,5.0,0.0,-76.0
1777891621.4623325,2.0,-1.0,-75.0
1777891621.4723325,1.0,0.0,-72.0
1777891621.4823325,-1.0,-3.0,-65.0
1777891621.4923325,-2.0,-4.0,-63.0
1777891621.5023324,-3.0,0.0,-70.0
1777891621.5123324,-3.0,3.0,-76.0
1777891621.5223324,0.0,0.0,-78.0
1777891621.5323324,-4.0,0.0,-74.0
1777891621.5423324,0.0,1.0,-70.0
1777891621.5523324,0.0,0.0,-73.0
1777891621.5623324,-1.0,0.0,-68.0
1777891621.5723324,3.0,-4.0,-72.0
1777891621.5823324,4.0,-5.0,-72.0
1777891621.5923324,3.0,-6.0,-71.0
1777891621.6023324,1.0,-4.0,-66.0
1777891621.6123323,0.0,-5.0,-62.0
1777891621.6223323,-1.0,-5.0,-72.0
1777891621.6323323,-5.0,-5.0,-75.0
1777891621.6423323,-5.0,-6.0,-79.0
1777891621.6523323,-4.0,-1.0,-75.0
1777891621.6623323,-7.0,-2.0,-76.0
1777891621.6723323,-7.0,1.0,-72.0
1777891621.6823325,-6.0,0.0,-72.0
1777891621.6923325,-2.0,0.0,-76.0
1777891621.7023325,-4.0,0.0,-79.0
1777891621.7123325,0.0,-2.0,-86.0
1777891621.7223325,0.0,-2.0,-84.0
1777891621.7323325,0.0,-2.0,-84.0
1777891621.7423325,-2.0,-2.0,-83.0
1777891621.7523324,-4.0,-3.0,-84.0
1777891621.7623324,-1.0,-4.0,-83.0
1777891621.7723324,0.0,0.0,-81.0
1777891621.7823324,0.0,1.0,-77.0
1777891621.7923324,0.0,1.0,-80.0
1777891621.8023324,0.0,2.0,-85.0
1777891621.8123324,-1.0,0.0,-77.0
1777891621.8223324,-3.0,-3.0,-81.0
1777891621.8323324,-5.0,-2.0,-73.0
1777891621.8423324,-2.0,-2.0,-68.0
1777891621.8523324,2.0,-2.0,-68.0
1777891621.8623323,4.0,-8.0,-71.0
1777891621.8723323,-1.0,-5.0,-82.0
1777891621.8823323,0.0,-2.0,-86.0
1777891621.8923323,0.0,-5.0,-78.0
1777891621.9023323,5.0,-2.0,-79.0
1777891621.9123323,5.0,-1.0,-77.0
1777891621.9223323,7.0,2.0,-79.0
1777891621.9323325,8.0,2.0,-80.0
1777891621.9423325,7.0,0.0,-83.0
1777891621.9523325,3.0,1.0,-78.0
1777891621.9623325,3.0,-3.0,-84.0
1777891621.9723325,4.0,-2.0,-82.0
1777891621.9823325,3.0,0.0,-80.0
1777891621.9923325,2.0,1.0,-83.0
1777891622.0023324,1.0,0.0,-88.0
1777891622.0123324,0.0,2.0,-80.0
1777891622.0223324,-2.0,-4.0,-69.0
1777891622.0323324,-1.0,0.0,-65.0
1777891622.0423324,1.0,6.0,-60.0
1777891622.0523324,6.0,10.0,-64.0
1777891622.0623324,3.0,6.0,-67.0
1777891622.0723324,0.0,4.0,-63.0
1777891622.0823324,2.0,1.0,-64.0
1777891622.0923324,3.0,0.0,-65.0
1777891622.1023324,3.0,0.0,-69.0
1777891622.1123323,3.0,0.0,-70.0
1777891622.1223323,4.0,-1.0,-65.0
1777891622.1323323,7.0,-1.0,-63.0
1777891622.1423323,10.0,-3.0,-65.0
1777891622.1523323,9.0,1.0,-72.0
1777891622.1623323,12.0,0.0,-70.0
1777891622.1723323,12.0,3.0,-72.0
1777891622.1823325,6.0,0.0,-72.0
1777891622.1923325,5.0,1.0,-67.0
1777891622.2023325,2.0,-1.0,-69.0
1777891622.2123325,3.0,0.0,-70.0
1777891622.2223325,5.0,5.0,-68.0
1777891622.2323325,0.0,1.0,-70.0
1777891622.2423325,-1.0,0.0,-68.0
1777891622.2523324,0.0,0.0,-64.0
1777891622.2623324,0.0,-1.0,-62.0
1777891622.2723324,1.0,0.0,-65.0
1777891622.2823324,3.0,0.0,-69.0
1777891622.2923324,4.0,0.0,-74.0
1777891622.3023324,9.0,-3.0,-73.0
1777891622.3123324,8.0,-9.0,-82.0
1777891622.3223324,10.0,-8.0,-81.0
1777891622.3323324,6.0,-7.0,-79.0
1777891622.3423324,6.0,-8.0,-78.0
1777891622.3523324,4.0,-10.0,-88.0
1777891622.3623323,0.0,-9.0,-82.0
1777891622.3723323,0.0,-8.0,-77.0
1777891622.3823323,1.0,-5.0,-82.0
1777891622.3923323,3.0,-1.0,-78.0
1777891622.4023323,3.0,0.0,-79.0
1777891622.4123323,1.0,-1.0,-76.0
1777891622.4223323,3.0,2.0,-76.0
1777891622.4323325,3.0,-1.0,-75.0
1777891622.4423325,1.0,0.0,-80.0
1777891622.4523325,5.0,-4.0,-86.0
1777891622.4623325,5.0,-2.0,-82.0
1777891622.4723325,2.0,-3.0,-83.0
1777891622.4823325,0.0,-3.0,-90.0
1777891622.4923325,-1.0,-2.0,-87.0
1777891622.5023324,-2.0,0.0,-80.0
1777891622.5123324,-1.0,0.0,-79.0
1777891622.5223324,-2.0,0.0,-83.0
1777891622.5323324,-5.0,-4.0,-82.0
1777891622.5423324,-1.0,-7.0,-74.0
1777891622.5523324,0.0,-5.0,-67.0
1777891622.5623324,2.0,-4.0,-65.0
1777891622.5723324,4.0,-8.0,-65.0
1777891622.5823324,3.0,-5.0,-66.0
1777891622.5923324,4.0,-2.0,-65.0
1777891622.6023324,5.0,-4.0,-68.0
1777891622.6123323,5.0,-5.0,-69.0
1777891622.6223323,7.0,-5.0,-63.0
1777891622.6323323,5.0,-4.0,-64.0
1777891622.6423323,1.0,0.0,-62.0
1777891622.6523323,4.0,0.0,-59.0
1777891622.6623323,3.0,2.0,-57.0
1777891622.6723323,3.0,1.0,-56.0
1777891622.6823325,1.0,0.0,-55.0
1777891622.6923325,-1.0,-2.0,-55.0
1777891622.7033324,0.0,-4.0,-62.0
1777891622.7133324,0.0,-1.0,-65.0
1777891622.7233324,0.0,0.0,-62.0
1777891622.7333324,1.0,-1.0,-55.0
1777891622.7433324,3.0,0.0,-62.0
1777891622.7533324,3.0,2.0,-61.0
1777891622.7633324,1.0,2.0,-66.0
1777891622.7733324,-2.0,0.0,-67.0
1777891622.7833323,-1.0,2.0,-68.0
1777891622.7933323,1.0,-2.0,-72.0
1777891622.8033323,5.0,-6.0,-70.0
1777891622.8133323,4.0,-5.0,-72.0
1777891622.8233323,1.0,-5.0,-72.0
1777891622.8333323,0.0,-5.0,-73.0
1777891622.8433323,1.0,-3.0,-74.0
1777891622.8533323,0.0,-2.0,-74.0
1777891622.8633325,4.0,-2.0,-76.0
1777891622.8733325,2.0,-3.0,-74.0
1777891622.8833325,-3.0,-7.0,-75.0
1777891622.8933325,0.0,-8.0,-69.0
1777891622.9033325,0.0,-8.0,-64.0
1777891622.9133325,2.0,-7.0,-63.0
1777891622.9233325,3.0,-4.0,-65.0
1777891622.9333324,2.0,-3.0,-70.0
1777891622.9433324,-2.0,-3.0,-72.0
1777891622.9533324,-3.0,-3.0,-72.0
1777891622.9633324,-3.0,-1.0,-73.0
1777891622.9733324,2.0,-4.0,-74.0
1777891622.9833324,0.0,-6.0,-76.0
1777891622.9933324,0.0,-2.0,-78.0
1777891623.0033324,-5.0,-6.0,-69.0
1777891623.0133324,-6.0,0.0,-67.0
1777891623.0233324,-9.0,0.0,-66.0
1777891623.0333323,-6.0,0.0,-58.0
1777891623.0433323,-1.0,-4.0,-62.0
1777891623.0533323,4.0,-2.0,-59.0
1777891623.0633323,1.0,0.0,-59.0
1777891623.0733323,0.0,1.0,-63.0
1777891623.0833323,1.0,1.0,-68.0
1777891623.0943325,3.0,-2.0,-66.0
1777891623.1033323,4.0,-5.0,-66.0
1777891623.1133325,7.0,-6.0,-73.0
1777891623.1233325,2.0,0.0,-74.0
1777891623.1333325,1.0,0.0,-72.0
1777891623.1433325,1.0,-3.0,-71.0
1777891623.1533325,1.0,-3.0,-75.0
1777891623.1633325,2.0,-5.0,-68.0
1777891623.1733325,1.0,-1.0,-67.0
1777891623.1833324,0.0,0.0,-68.0
1777891623.1933324,-4.0,0.0,-65.0
1777891623.2033324,0.0,-3.0,-70.0
1777891623.2133324,-1.0,-7.0,-73.0
1777891623.2233324,0.0,-9.0,-72.0
1777891623.2333324,0.0,-8.0,-75.0
1777891623.2433324,0.0,-7.0,-74.0
1777891623.2533324,-1.0,-4.0,-75.0
1777891623.2633324,1.0,0.0,-66.0
1777891623.2733324,1.0,0.0,-68.0
1777891623.2833323,2.0,1.0,-78.0
1777891623.2933323,0.0,5.0,-76.0
1777891623.3033323,0.0,6.0,-71.0
1777891623.3133323,-1.0,8.0,-66.0
1777891623.3233323,-1.0,5.0,-64.0
1777891623.3333323,0.0,2.0,-66.0
1777891623.3433323,1.0,2.0,-68.0
1777891623.3533323,-2.0,1.0,-72.0
1777891623.3633325,-1.0,1.0,-72.0
1777891623.3733325,1.0,3.0,-79.0
1777891623.3833325,0.0,4.0,-80.0
1777891623.3933325,6.0,0.0,-77.0
1777891623.4033325,9.0,0.0,-73.0
1777891623.4133325,10.0,-3.0,-75.0
1777891623.4233325,7.0,-1.0,-73.0
1777891623.4333324,6.0,-2.0,-70.0
1777891623.4433324,0.0,-2.0,-79.0
1777891623.4533324,1.0,0.0,-80.0
1777891623.4633324,1.0,0.0,-84.0
1777891623.4733324,-1.0,-2.0,-78.0
1777891623.4833324,-3.0,0.0,-80.0
1777891623.4933324,-2.0,-1.0,-79.0
1777891623.5033324,0.0,-4.0,-71.0
1777891623.5133324,0.0,-1.0,-75.0
1777891623.5233324,-2.0,4.0,-77.0
1777891623.5333323,-2.0,1.0,-69.0
1777891623.5433323,-5.0,1.0,-67.0
1777891623.5533323,-5.0,3.0,-71.0
1777891623.5633323,-7.0,0.0,-66.0
1777891623.5733323,-2.0,-3.0,-69.0
1777891623.5833323,-5.0,-5.0,-71.0
1777891623.5933323,-5.0,-6.0,-69.0
1777891623.6033323,-2.0,-6.0,-66.0
1777891623.6133325,-3.0,-9.0,-66.0
1777891623.6233325,-1.0,-10.0,-62.0
1777891623.6333325,0.0,-7.0,-59.0
1777891623.6433325,-2.0,-6.0,-67.0
1777891623.6533325,3.0,-4.0,-63.0
1777891623.6633325,-1.0,-1.0,-65.0
1777891623.6733325,-1.0,1.0,-62.0
1777891623.6833324,-2.0,2.0,-72.0
1777891623.6933324,-3.0,2.0,-76.0
1777891623.7033324,-4.0,-3.0,-77.0
1777891623.7133324,0.0,-3.0,-71.0
1777891623.7233324,-1.0,-5.0,-67.0
1777891623.7333324,0.0,-8.0,-70.0
1777891623.7433324,-1.0,-7.0,-73.0
1777891623.7533324,-3.0,-7.0,-73.0
1777891623.7633324,-3.0,-7.0,-77.0
1777891623.7733324,-3.0,-6.0,-79.0
1777891623.7833323,-1.0,-8.0,-75.0
1777891623.7933323,-4.0,-9.0,-73.0
1777891623.8033323,-4.0,-7.0,-71.0
1777891623.8133323,-1.0,-5.0,-68.0
1777891623.8233323,3.0,-3.0,-74.0
1777891623.8333323,1.0,1.0,-76.0
1777891623.8433323,0.0,0.0,-77.0
1777891623.8533323,1.0,-2.0,-76.0
1777891623.8633325,1.0,-7.0,-69.0
1777891623.8733325,-3.0,-4.0,-66.0
1777891623.8833325,-5.0,-4.0,-64.0
1777891623.8933325,-4.0,-5.0,-71.0
1777891623.9033325,-7.0,-4.0,-71.0
1777891623.9133325,-7.0,-1.0,-70.0
1777891623.9233325,-7.0,-2.0,-71.0
1777891623.9333324,-5.0,-2.0,-73.0
1777891623.9433324,1.0,-6.0,-68.0
1777891623.9533324,0.0,-3.0,-64.0
1777891623.9633324,4.0,-2.0,-66.0
1777891623.9733324,6.0,-3.0,-70.0
1777891623.9833324,6.0,-3.0,-71.0
1777891623.9933324,9.0,0.0,-68.0
1777891624.0033324,11.0,0.0,-66.0
1777891624.0133324,8.0,0.0,-73.0
1777891624.0233324,10.0,-2.0,-75.0
1777891624.0333323,10.0,0.0,-74.0
1777891624.0433323,6.0,0.0,-71.0
1777891624.0533323,2.0,-3.0,-69.0
1777891624.0633323,-2.0,-1.0,-77.0
1777891624.0733323,-2.0,-1.0,-71.0
1777891624.0833323,0.0,-1.0,-72.0
1777891624.0933323,1.0,-1.0,-70.0
1777891624.1033323,1.0,-4.0,-71.0
1777891624.1133325,0.0,0.0,-63.0
1777891624.1233325,1.0,-2.0,-63.0
1777891624.1333325,1.0,-1.0,-67.0
1777891624.1433325,4.0,0.0,-72.0
1777891624.1533325,7.0,-3.0,-78.0
1777891624.1633325,0.0,-5.0,-79.0
1777891624.1733325,2.0,-4.0,-83.0
1777891624.1833324,3.0,-8.0,-81.0
1777891624.1933324,4.0,-9.0,-75.0
1777891624.2033324,5.0,-7.0,-75.0
1777891624.2133324,5.0,-2.0,-77.0
1777891624.2233324,5.0,0.0,-77.0
1777891624.2333324,-1.0,-1.0,-79.0
1777891624.2433324,-2.0,0.0,-76.0
1777891624.2533324,0.0,1.0,-74.0
1777891624.2633324,2.0,1.0,-71.0
1777891624.2733324,4.0,4.0,-72.0
1777891624.2833323,-1.0,6.0,-77.0
1777891624.2933323,-2.0,8.0,-80.0
1777891624.3033323,-6.0,6.0,-81.0
1777891624.3133323,-10.0,3.0,-84.0
1777891624.3233323,-7.0,1.0,-82.0
1777891624.3333323,-3.0,2.0,-84.0
1777891624.3433323,0.0,6.0,-81.0
1777891624.3533323,-1.0,4.0,-82.0
1777891624.3633325,-1.0,4.0,-78.0
1777891624.3733325,2.0,4.0,-72.0
1777891624.3833325,0.0,3.0,-75.0
1777891624.3933325,0.0,1.0,-78.0
1777891624.4033325,0.0,3.0,-78.0
1777891624.4133325,0.0,0.0,-75.0
1777891624.4233325,6.0,-1.0,-70.0
1777891624.4333324,2.0,2.0,-65.0
1777891624.4433324,0.0,2.0,-69.0
1777891624.4533324,0.0,1.0,-67.0
1777891624.4633324,4.0,3.0,-59.0
1777891624.4733324,0.0,2.0,-66.0
1777891624.4833324,-1.0,5.0,-65.0
1777891624.4933324,2.0,3.0,-64.0
1777891624.5033324,0.0,6.0,-69.0
1777891624.5133324,3.0,8.0,-67.0
1777891624.5233324,-1.0,6.0,-69.0
1777891624.5333323,1.0,3.0,-74.0
1777891624.5433323,1.0,-2.0,-67.0
1777891624.5533323,4.0,-5.0,-73.0
1777891624.5633323,4.0,-1.0,-77.0
1777891624.5733323,1.0,-1.0,-78.0
1777891624.5833323,3.0,-3.0,-84.0
1777891624.5933323,1.0,0.0,-76.0
1777891624.6033323,-1.0,-3.0,-72.0
1777891624.6133325,-1.0,-3.0,-73.0
1777891624.6233325,0.0,0.0,-72.0
1777891624.6333325,-2.0,0.0,-74.0
1777891624.6433325,1.0,2.0,-69.0
1777891624.6533325,6.0,4.0,-70.0
1777891624.6633325,5.0,5.0,-63.0
1777891624.6743324,4.0,3.0,-63.0
1777891624.6843324,-1.0,2.0,-72.0
1777891624.6943324,0.0,1.0,-81.0
1777891624.7043324,-1.0,1.0,-83.0
1777891624.7143323,-2.0,0.0,-80.0
1777891624.7243323,1.0,2.0,-79.0
1777891624.7343323,2.0,2.0,-76.0
1777891624.7443323,4.0,0.0,-73.0
1777891624.7543323,7.0,1.0,-76.0
1777891624.7643323,5.0,4.0,-71.0
1777891624.7743323,7.0,3.0,-69.0
1777891624.7843325,6.0,0.0,-71.0
1777891624.7943325,10.0,-1.0,-72.0
1777891624.8043325,8.0,0.0,-68.0
1777891624.8143325,8.0,-5.0,-66.0
1777891624.8243325,4.0,-7.0,-62.0
1777891624.8343325,0.0,-2.0,-53.0
1777891624.8443325,0.0,1.0,-60.0
1777891624.8543324,-1.0,6.0,-62.0
1777891624.8643324,-3.0,5.0,-73.0
1777891624.8743324,-3.0,3.0,-74.0
1777891624.8843324,-6.0,5.0,-77.0
1777891624.8943324,-3.0,1.0,-85.0
1777891624.9043324,-1.0,0.0,-83.0
1777891624.9143324,4.0,-3.0,-79.0
1777891624.9243324,4.0,-1.0,-77.0
1777891624.9343324,3.0,2.0,-78.0
1777891624.9443324,5.0,4.0,-74.0
1777891624.9543324,6.0,5.0,-73.0
1777891624.9643323,0.0,3.0,-74.0
1777891624.9743323,-1.0,1.0,-78.0
1777891624.9843323,2.0,0.0,-76.0
1777891624.9943323,0.0,2.0,-78.0
1777891625.0043323,3.0,11.0,-74.0
1777891625.0143323,2.0,11.0,-71.0
1777891625.0243323,1.0,4.0,-69.0
1777891625.0343325,1.0,7.0,-72.0
1777891625.0443325,0.0,6.0,-70.0
1777891625.0543325,0.0,3.0,-73.0
1777891625.0643325,-4.0,3.0,-67.0
1777891625.0743325,-4.0,1.0,-67.0
1777891625.0843325,1.0,3.0,-71.0
1777891625.0943325,2.0,0.0,-69.0
1777891625.1043324,1.0,1.0,-68.0
1777891625.1143324,3.0,4.0,-70.0
1777891625.1243324,0.0,4.0,-74.0
1777891625.1343324,2.0,3.0,-73.0
1777891625.1443324,2.0,2.0,-69.0
1777891625.1543324,0.0,3.0,-75.0
1777891625.1643324,2.0,9.0,-72.0
1777891625.1743324,1.0,8.0,-71.0
1777891625.1843324,2.0,3.0,-79.0
1777891625.1943324,4.0,4.0,-79.0
1777891625.2043324,4.0,7.0,-83.0
1777891625.2143323,3.0,7.0,-82.0
1777891625.2243323,5.0,5.0,-80.0
1777891625.2343323,4.0,7.0,-79.0
1777891625.2443323,2.0,2.0,-82.0
1777891625.2543323,2.0,0.0,-72.0
1777891625.2643323,2.0,0.0,-61.0
1777891625.2743323,7.0,-4.0,-64.0
1777891625.2843325,11.0,-5.0,-65.0
1777891625.2943325,9.0,-5.0,-72.0
1777891625.3043325,10.0,-8.0,-73.0
1777891625.3143325,4.0,-8.0,-67.0
1777891625.3243325,5.0,-5.0,-69.0
1777891625.3343325,4.0,-3.0,-74.0
1777891625.3443325,0.0,-2.0,-73.0
1777891625.3543324,0.0,-2.0,-81.0
1777891625.3643324,1.0,-1.0,-88.0
1777891625.3743324,3.0,0.0,-85.0
1777891625.3843324,0.0,2.0,-79.0
1777891625.3943324,0.0,2.0,-71.0
1777891625.4043324,0.0,3.0,-69.0
1777891625.4143324,1.0,0.0,-74.0
1777891625.4243324,-3.0,0.0,-78.0
1777891625.4343324,-4.0,6.0,-78.0
1777891625.4443324,-4.0,3.0,-76.0
1777891625.4543324,-4.0,1.0,-81.0
1777891625.4643323,-1.0,1.0,-72.0
1777891625.4743323,-2.0,-4.0,-74.0
1777891625.4843323,-6.0,-4.0,-72.0
1777891625.4943323,-3.0,-2.0,-68.0
1777891625.5043323,-1.0,-3.0,-75.0
1777891625.5143323,-1.0,-4.0,-79.0
1777891625.5243323,4.0,-2.0,-74.0
1777891625.5343325,5.0,-2.0,-76.0
1777891625.5443325,6.0,0.0,-72.0
1777891625.5543325,6.0,0.0,-74.0
1777891625.5643325,10.0,1.0,-75.0
1777891625.5743325,7.0,3.0,-66.0
1777891625.5843325,4.0,0.0,-68.0
1777891625.5943325,-1.0,1.0,-67.0
1777891625.6043324,1.0,3.0,-64.0
1777891625.6143324,-1.0,3.0,-62.0
1777891625.6243324,-3.0,0.0,-63.0
1777891625.6343324,-4.0,0.0,-56.0
1777891625.6443324,-3.0,-2.0,-55.0
1777891625.6543324,-5.0,-1.0,-55.0
1777891625.6643324,-1.0,0.0,-59.0
1777891625.6743324,5.0,-4.0,-61.0
1777891625.6843324,9.0,-1.0,-68.0
1777891625.6943324,7.0,-1.0,-75.0
1777891625.7043324,4.0,-2.0,-78.0
1777891625.7143323,0.0,-4.0,-83.0
1777891625.7243323,-2.0,0.0,-84.0
1777891625.7343323,-1.0,0.0,-88.0
1777891625.7443323,3.0,-3.0,-82.0
1777891625.7543323,4.0,0.0,-76.0
1777891625.7643323,6.0,4.0,-74.0
1777891625.7743323,8.0,1.0,-71.0
1777891625.7843325,1.0,1.0,-69.0
1777891625.7943325,4.0,2.0,-63.0
1777891625.8043325,3.0,-4.0,-68.0
1777891625.8143325,1.0,-1.0,-69.0
1777891625.8243325,-1.0,1.0,-71.0
1777891625.8343325,-3.0,-1.0,-69.0
1777891625.8443325,0.0,-6.0,-68.0
1777891625.8543324,1.0,-8.0,-69.0
1777891625.8643324,1.0,-7.0,-63.0
1777891625.8743324,2.0,-6.0,-64.0
1777891625.8843324,0.0,-6.0,-65.0
1777891625.8943324,-3.0,-6.0,-59.0
1777891625.9043324,-5.0,-4.0,-63.0
1777891625.9143324,-1.0,-1.0,-63.0
1777891625.9243324,-3.0,-2.0,-67.0
1777891625.9343324,-2.0,1.0,-59.0
1777891625.9443324,-5.0,4.0,-66.0
1777891625.9543324,-4.0,1.0,-69.0
1777891625.9643323,1.0,7.0,-70.0
1777891625.9743323,0.0,6.0,-69.0
1777891625.9843323,0.0,0.0,-65.0
1777891625.9943323,2.0,0.0,-69.0
1777891626.0043323,1.0,0.0,-72.0
1777891626.0143323,-1.0,-1.0,-72.0
1777891626.0243323,3.0,-3.0,-68.0
1777891626.0343325,1.0,-1.0,-62.0
1777891626.0443325,1.0,0.0,-67.0
1777891626.0543325,0.0,1.0,-72.0
1777891626.0643325,0.0,-6.0,-76.0
1777891626.0743325,3.0,-3.0,-73.0
1777891626.0843325,-1.0,-3.0,-69.0
1777891626.0943325,-1.0,0.0,-69.0
1777891626.1043324,0.0,0.0,-67.0
1777891626.1143324,-1.0,0.0,-72.0
1777891626.1243324,-4.0,-1.0,-74.0
1777891626.1343324,-7.0,-1.0,-75.0
1777891626.1443324,-6.0,0.0,-74.0
1777891626.1543324,-3.0,3.0,-67.0
1777891626.1643324,0.0,0.0,-62.0
1777891626.1743324,-1.0,-1.0,-64.0
1777891626.1843324,-2.0,-2.0,-64.0
1777891626.1943324,-3.0,-6.0,-64.0
1777891626.2043324,0.0,-7.0,-63.0
1777891626.2143323,1.0,-8.0,-74.0
1777891626.2243323,2.0,-8.0,-75.0
1777891626.2343323,5.0,-6.0,-74.0
1777891626.2443323,3.0,-4.0,-69.0
1777891626.2543323,0.0,-4.0,-74.0
1777891626.2643323,1.0,-4.0,-71.0
1777891626.2743323,2.0,-5.0,-69.0
1777891626.2843325,4.0,-9.0,-74.0
1777891626.2943325,3.0,-4.0,-65.0
1777891626.3043325,3.0,-4.0,-73.0
1777891626.3143325,2.0,-8.0,-77.0
1777891626.3243325,4.0,-7.0,-72.0
1777891626.3343325,5.0,-5.0,-73.0
1777891626.3443325,2.0,-2.0,-69.0
1777891626.3543324,1.0,-5.0,-62.0
1777891626.3643324,0.0,-6.0,-69.0
1777891626.3743324,3.0,-9.0,-72.0
1777891626.3843324,0.0,-8.0,-72.0
1777891626.3943324,-2.0,-5.0,-63.0
1777891626.4043324,5.0,-6.0,-55.0
1777891626.4143324,7.0,-6.0,-57.0
1777891626.4243324,7.0,-8.0,-61.0
1777891626.4343324,9.0,-7.0,-61.0
1777891626.4443324,3.0,-9.0,-63.0
1777891626.4543324,3.0,-11.0,-73.0
1777891626.4643323,4.0,-9.0,-73.0
1777891626.4743323,9.0,-8.0,-70.0
1777891626.4843323,11.0,-8.0,-67.0
1777891626.4943323,7.0,-11.0,-73.0
1777891626.5043323,6.0,-9.0,-69.0
1777891626.5143323,4.0,-9.0,-73.0
1777891626.5243323,8.0,-6.0,-72.0
1777891626.5343325,7.0,-8.0,-74.0
1777891626.5443325,8.0,1.0,-75.0
1777891626.5543325,5.0,-1.0,-70.0
1777891626.5643325,0.0,-3.0,-67.0
1777891626.5743325,-1.0,-4.0,-63.0
1777891626.5843325,4.0,-1.0,-61.0
1777891626.5943325,0.0,0.0,-61.0
1777891626.6043324,0.0,0.0,-63.0
1777891626.6143324,0.0,0.0,-67.0
1777891626.6243324,4.0,-2.0,-67.0
1777891626.6343324,7.0,-2.0,-73.0
1777891626.6443324,8.0,-5.0,-69.0
1777891626.6543324,11.0,-8.0,-70.0
1777891626.6643324,8.0,-8.0,-73.0
1777891626.6743324,10.0,-8.0,-66.0
1777891626.6843324,8.0,-4.0,-68.0
1777891626.6953323,6.0,-7.0,-75.0
1777891626.7053325,6.0,-10.0,-74.0
1777891626.7153325,5.0,-5.0,-72.0
1777891626.7253325,4.0,-4.0,-73.0
1777891626.7353325,5.0,-2.0,-75.0
1777891626.7453325,0.0,-2.0,-69.0
1777891626.7553325,0.0,-1.0,-70.0
1777891626.7653325,0.0,-2.0,-68.0
1777891626.7753325,3.0,-1.0,-70.0
1777891626.7853324,3.0,0.0,-78.0
1777891626.7953324,3.0,0.0,-77.0
1777891626.8053324,1.0,-2.0,-75.0
1777891626.8153324,0.0,-2.0,-74.0
1777891626.8253324,2.0,0.0,-75.0
1777891626.8353324,4.0,-6.0,-76.0
1777891626.8453324,6.0,-6.0,-74.0
1777891626.8553324,2.0,-3.0,-65.0
1777891626.8653324,4.0,0.0,-57.0
1777891626.8753324,2.0,2.0,-60.0
1777891626.8853323,2.0,4.0,-64.0
1777891626.8953323,0.0,1.0,-72.0
1777891626.9053323,0.0,-2.0,-76.0
1777891626.9153323,3.0,0.0,-86.0
1777891626.9253323,-1.0,0.0,-84.0
1777891626.9353323,0.0,0.0,-80.0
1777891626.9453323,3.0,0.0,-68.0
1777891626.9553325,5.0,1.0,-63.0
1777891626.9653325,4.0,3.0,-66.0
1777891626.9753325,6.0,6.0,-67.0
1777891626.9853325,6.0,7.0,-66.0
1777891626.9953325,4.0,2.0,-61.0
1777891627.0053325,6.0,0.0,-60.0
1777891627.0153325,3.0,-1.0,-55.0
1777891627.0253325,1.0,0.0,-56.0
1777891627.0353324,1.0,2.0,-59.0
1777891627.0453324,2.0,-3.0,-68.0
1777891627.0553324,3.0,-4.0,-69.0
1777891627.0653324,5.0,-5.0,-71.0
1777891627.0753324,2.0,-5.0,-77.0
1777891627.0853324,0.0,-5.0,-75.0
1777891627.0953324,3.0,-5.0,-72.0
1777891627.1053324,0.0,-4.0,-78.0
1777891627.1153324,-4.0,-4.0,-81.0
1777891627.1253324,-2.0,-1.0,-83.0
1777891627.1353323,-3.0,0.0,-86.0
1777891627.1453323,-1.0,-4.0,-77.0
1777891627.1553323,-7.0,-3.0,-72.0
1777891627.1653323,-9.0,0.0,-72.0
1777891627.1753323,-4.0,0.0,-69.0
1777891627.1853323,-7.0,0.0,-67.0
1777891627.1953323,-3.0,0.0,-70.0
1777891627.2053325,-4.0,-3.0,-68.0
1777891627.2153325,-3.0,-1.0,-66.0
1777891627.2253325,0.0,2.0,-63.0
1777891627.2353325,-5.0,2.0,-62.0
1777891627.2453325,-9.0,1.0,-67.0
1777891627.2553325,-11.0,5.0,-72.0
1777891627.2653325,-6.0,9.0,-74.0
1777891627.2753325,-5.0,10.0,-73.0
1777891627.2853324,-3.0,7.0,-77.0
1777891627.2953324,1.0,8.0,-83.0
1777891627.3053324,8.0,3.0,-79.0
1777891627.3153324,1.0,0.0,-77.0
1777891627.3253324,3.0,-1.0,-84.0
1777891627.3353324,2.0,-1.0,-81.0
1777891627.3453324,-2.0,0.0,-79.0
1777891627.3553324,3.0,1.0,-77.0
1777891627.3653324,1.0,0.0,-70.0
1777891627.3753324,2.0,2.0,-72.0
1777891627.3853323,0.0,2.0,-70.0
1777891627.3953323,4.0,0.0,-70.0
1777891627.4053323,3.0,1.0,-75.0
1777891627.4153323,3.0,1.0,-75.0
1777891627.4253323,-1.0,2.0,-72.0
1777891627.4353323,0.0,3.0,-72.0
1777891627.4453323,5.0,1.0,-65.0
1777891627.4553325,1.0,0.0,-69.0
1777891627.4653325,2.0,0.0,-69.0
1777891627.4753325,2.0,0.0,-71.0
1777891627.4853325,0.0,1.0,-74.0
1777891627.4953325,-1.0,3.0,-77.0
1777891627.5053325,-1.0,3.0,-72.0
1777891627.5153325,-5.0,0.0,-69.0
1777891627.5253325,-5.0,1.0,-67.0
1777891627.5353324,-5.0,-3.0,-59.0
1777891627.5453324,-4.0,0.0,-56.0
1777891627.5553324,0.0,3.0,-60.0
1777891627.5653324,1.0,1.0,-65.0
1777891627.5753324,2.0,-2.0,-63.0
1777891627.5853324,1.0,-3.0,-65.0
1777891627.5953324,5.0,0.0,-64.0
1777891627.6053324,4.0,2.0,-64.0
1777891627.6153324,9.0,4.0,-73.0
1777891627.6253324,12.0,0.0,-77.0
1777891627.6353323,8.0,3.0,-77.0
1777891627.6453323,6.0,1.0,-71.0
1777891627.6553323,4.0,0.0,-59.0
1777891627.6653323,4.0,0.0,-60.0
1777891627.6753323,0.0,0.0,-72.0
1777891627.6853323,-3.0,0.0,-72.0
1777891627.6953323,-7.0,-2.0,-77.0
1777891627.7053325,-7.0,-1.0,-79.0
1777891627.7153325,-12.0,-2.0,-76.0
1777891627.7253325,-11.0,4.0,-72.0
1777891627.7353325,-5.0,5.0,-75.0
1777891627.7453325,-6.0,3.0,-79.0
1777891627.7553325,-5.0,3.0,-75.0
1777891627.7653325,-4.0,2.0,-75.0
1777891627.7753325,-3.0,6.0,-69.0
1777891627.7853324,-3.0,5.0,-69.0
1777891627.7953324,-2.0,1.0,-66.0
1777891627.8053324,3.0,1.0,-71.0
1777891627.8153324,4.0,4.0,-73.0
1777891627.8253324,3.0,1.0,-78.0
1777891627.8353324,4.0,1.0,-76.0
1777891627.8453324,3.0,4.0,-78.0
1777891627.8553324,2.0,3.0,-80.0
1777891627.8653324,2.0,0.0,-82.0
1777891627.8753324,6.0,-1.0,-82.0
1777891627.8853323,10.0,0.0,-83.0
1777891627.8953323,6.0,-1.0,-83.0
1777891627.9053323,5.0,2.0,-73.0
1777891627.9153323,2.0,0.0,-71.0
1777891627.9253323,-1.0,2.0,-76.0
1777891627.9353323,-4.0,1.0,-76.0
1777891627.9453323,-1.0,4.0,-75.0
1777891627.9553325,-1.0,7.0,-70.0
1777891627.9653325,-2.0,7.0,-65.0
1777891627.9753325,0.0,5.0,-65.0
1777891627.9853325,-1.0,6.0,-69.0
1777891627.9953325,0.0,5.0,-70.0
1777891628.0053325,1.0,2.0,-74.0
1777891628.0153325,3.0,6.0,-67.0
1777891628.0253325,0.0,4.0,-66.0
1777891628.0353324,1.0,1.0,-68.0
1777891628.0453324,4.0,2.0,-68.0
1777891628.0553324,6.0,0.0,-73.0
1777891628.0653324,3.0,-1.0,-72.0
1777891628.0753324,0.0,-5.0,-73.0
1777891628.0853324,0.0,-3.0,-79.0
1777891628.0953324,0.0,-2.0,-81.0
1777891628.1053324,0.0,0.0,-79.0
1777891628.1153324,-4.0,0.0,-81.0
1777891628.1253324,-4.0,1.0,-80.0
1777891628.1353323,-5.0,0.0,-73.0
1777891628.1453323,-5.0,2.0,-71.0
1777891628.1553323,-2.0,0.0,-74.0
1777891628.1653323,0.0,2.0,-68.0
1777891628.1753323,3.0,0.0,-72.0
1777891628.1853323,3.0,0.0,-74.0
1777891628.1953323,5.0,0.0,-73.0
1777891628.2053325,3.0,-1.0,-74.0
1777891628.2153325,3.0,0.0,-75.0
1777891628.2253325,-4.0,-3.0,-83.0
1777891628.2353325,0.0,-3.0,-83.0
1777891628.2453325,0.0,2.0,-75.0
1777891628.2553325,2.0,1.0,-76.0
1777891628.2653325,0.0,2.0,-78.0
1777891628.2753325,0.0,6.0,-83.0
1777891628.2853324,-1.0,7.0,-82.0
1777891628.2953324,2.0,6.0,-82.0
1777891628.3053324,0.0,6.0,-76.0
1777891628.3153324,0.0,5.0,-67.0
1777891628.3253324,1.0,4.0,-68.0
1777891628.3353324,0.0,2.0,-60.0
1777891628.3453324,-4.0,4.0,-63.0
1777891628.3553324,-6.0,0.0,-63.0
1777891628.3653324,-1.0,5.0,-63.0
1777891628.3753324,0.0,4.0,-57.0
1777891628.3853323,0.0,3.0,-62.0
1777891628.3953323,0.0,2.0,-62.0
1777891628.4053323,3.0,2.0,-68.0
1777891628.4153323,1.0,3.0,-67.0
1777891628.4253323,-3.0,2.0,-72.0
1777891628.4353323,-3.0,-1.0,-74.0
1777891628.4453323,1.0,0.0,-69.0
1777891628.4553325,3.0,2.0,-73.0
1777891628.4653325,1.0,2.0,-81.0
1777891628.4753325,0.0,2.0,-80.0
1777891628.4853325,1.0,1.0,-73.0
1777891628.4953325,1.0,2.0,-77.0
1777891628.5053325,-2.0,2.0,-82.0
1777891628.5153325,-3.0,1.0,-77.0
1777891628.5253325,-2.0,-3.0,-66.0
1777891628.5353324,-3.0,-2.0,-66.0
1777891628.5453324,-1.0,-2.0,-67.0
1777891628.5553324,0.0,2.0,-79.0
1777891628.5653324,-2.0,0.0,-81.0
1777891628.5753324,-1.0,-2.0,-84.0
1777891628.5853324,-2.0,1.0,-76.0
1777891628.5953324,-8.0,0.0,-72.0
1777891628.6053324,-10.0,0.0,-72.0
1777891628.6153324,-5.0,1.0,-71.0
1777891628.6253324,-4.0,5.0,-69.0
1777891628.6353323,0.0,4.0,-73.0
1777891628.6463325,-2.0,0.0,-69.0
1777891628.6553323,-1.0,0.0,-75.0
1777891628.6653323,0.0,-1.0,-80.0
1777891628.6763325,1.0,-1.0,-78.0
1777891628.6863325,0.0,0.0,-74.0
1777891628.6963325,0.0,2.0,-76.0
1777891628.7063324,0.0,0.0,-72.0
1777891628.7163324,5.0,0.0,-74.0
1777891628.7263324,3.0,0.0,-70.0
1777891628.7363324,0.0,-3.0,-72.0
1777891628.7463324,1.0,-5.0,-70.0
1777891628.7563324,-4.0,0.0,-74.0
1777891628.7663324,-6.0,-2.0,-77.0
1777891628.7763324,-6.0,-3.0,-72.0
1777891628.7863324,-2.0,-11.0,-74.0
1777891628.7963324,0.0,-11.0,-82.0
1777891628.8063323,0.0,-7.0,-79.0
1777891628.8163323,-2.0,-3.0,-71.0
1777891628.8263323,0.0,-5.0,-64.0
1777891628.8363323,-4.0,-4.0,-64.0
1777891628.8463323,-5.0,-1.0,-58.0
1777891628.8563323,-3.0,0.0,-60.0
1777891628.8663323,-3.0,-3.0,-65.0
1777891628.8763323,-2.0,-5.0,-68.0
1777891628.8863325,-1.0,-4.0,-68.0
1777891628.8963325,-1.0,-2.0,-72.0
1777891628.9063325,-7.0,-2.0,-64.0
1777891628.9163325,-6.0,-7.0,-66.0
1777891628.9263325,-4.0,-6.0,-63.0
1777891628.9363325,-1.0,-5.0,-67.0
1777891628.9463325,-1.0,-2.0,-71.0
1777891628.9563324,0.0,0.0,-67.0
1777891628.9663324,-2.0,-2.0,-62.0
1777891628.9763324,-1.0,-1.0,-63.0
1777891628.9863324,-3.0,0.0,-70.0
1777891628.9963324,-3.0,1.0,-65.0
1777891629.0063324,-1.0,3.0,-69.0
1777891629.0163324,3.0,3.0,-73.0
1777891629.0263324,3.0,4.0,-73.0
1777891629.0363324,1.0,5.0,-79.0
1777891629.0463324,0.0,5.0,-86.0
1777891629.0563323,0.0,5.0,-78.0
1777891629.0663323,-1.0,7.0,-73.0
1777891629.0763323,0.0,6.0,-66.0
1777891629.0863323,-2.0,3.0,-66.0
1777891629.0963323,-3.0,1.0,-70.0
1777891629.1063323,0.0,2.0,-72.0
1777891629.1163323,2.0,-1.0,-65.0
1777891629.1263323,2.0,-10.0,-62.0
1777891629.1363325,3.0,-8.0,-64.0
1777891629.1463325,5.0,-9.0,-71.0
1777891629.1563325,4.0,-8.0,-73.0
1777891629.1663325,5.0,-2.0,-75.0
1777891629.1763325,8.0,-2.0,-75.0
1777891629.1863325,8.0,-3.0,-77.0
1777891629.1963325,1.0,-5.0,-80.0
1777891629.2063324,0.0,-1.0,-75.0
1777891629.2163324,-2.0,0.0,-77.0
1777891629.2263324,0.0,0.0,-75.0
1777891629.2363324,-5.0,2.0,-73.0
1777891629.2463324,-2.0,0.0,-75.0
1777891629.2563324,0.0,-4.0,-74.0
1777891629.2663324,0.0,-3.0,-69.0
1777891629.2763324,2.0,2.0,-70.0
1777891629.2863324,1.0,0.0,-64.0
1777891629.2963324,3.0,1.0,-65.0
1777891629.3063323,4.0,5.0,-68.0
1777891629.3163323,4.0,5.0,-63.0
1777891629.3263323,-3.0,-1.0,-66.0
1777891629.3363323,-3.0,-4.0,-70.0
1777891629.3463323,0.0,-4.0,-76.0
1777891629.3563323,7.0,-2.0,-79.0
1777891629.3663323,1.0,-1.0,-80.0
1777891629.3763323,0.0,0.0,-75.0
1777891629.3863325,-1.0,-1.0,-78.0
1777891629.3963325,-2.0,0.0,-83.0
1777891629.4063325,-8.0,-1.0,-85.0
1777891629.4163325,0.0,-5.0,-77.0
1777891629.4263325,1.0,-5.0,-78.0
1777891629.4363325,-1.0,-5.0,-76.0
1777891629.4463325,0.0,-1.0,-80.0
1777891629.4563324,3.0,1.0,-86.0
1777891629.4663324,3.0,5.0,-84.0
1777891629.4763324,1.0,4.0,-80.0
1777891629.4863324,-2.0,2.0,-78.0
1777891629.4963324,-5.0,3.0,-70.0
1777891629.5063324,-7.0,2.0,-72.0
1777891629.5163324,-6.0,-5.0,-66.0
1777891629.5263324,-4.0,-7.0,-62.0
1777891629.5363324,-5.0,-6.0,-63.0
1777891629.5463324,-6.0,-6.0,-69.0
1777891629.5563323,-6.0,-6.0,-70.0
1777891629.5663323,-5.0,-3.0,-69.0
1777891629.5763323,-1.0,-3.0,-69.0
1777891629.5863323,0.0,-4.0,-71.0
1777891629.5963323,4.0,-4.0,-74.0
1777891629.6063323,3.0,0.0,-75.0
1777891629.6163323,5.0,-2.0,-75.0
1777891629.6263323,3.0,1.0,-77.0
1777891629.6363325,4.0,1.0,-77.0
1777891629.6463325,1.0,0.0,-71.0
1777891629.6563325,3.0,-4.0,-75.0
1777891629.6663325,4.0,-3.0,-69.0
1777891629.6763325,5.0,-6.0,-72.0
1777891629.6863325,2.0,-8.0,-70.0
1777891629.6963325,3.0,-6.0,-69.0
1777891629.7063324,2.0,-6.0,-70.0
1777891629.7163324,2.0,-6.0,-71.0
1777891629.7263324,6.0,-7.0,-70.0
1777891629.7363324,2.0,-1.0,-76.0
1777891629.7463324,-5.0,0.0,-72.0
1777891629.7563324,-6.0,1.0,-78.0
1777891629.7663324,-6.0,3.0,-74.0
1777891629.7763324,-5.0,0.0,-77.0
1777891629.7863324,-6.0,-2.0,-73.0
1777891629.7963324,-8.0,-4.0,-81.0
1777891629.8063323,-4.0,-4.0,-80.0
1777891629.8163323,-2.0,-5.0,-73.0
1777891629.8263323,0.0,-1.0,-73.0
1777891629.8363323,5.0,0.0,-75.0
1777891629.8463323,6.0,-4.0,-73.0
1777891629.8563323,7.0,-2.0,-68.0
1777891629.8663323,7.0,1.0,-75.0
1777891629.8763323,6.0,3.0,-73.0
1777891629.8863325,9.0,1.0,-67.0
1777891629.8963325,13.0,2.0,-67.0
1777891629.9063325,10.0,4.0,-68.0
1777891629.9163325,7.0,2.0,-69.0
1777891629.9263325,6.0,0.0,-68.0
1777891629.9363325,4.0,-2.0,-75.0
1777891629.9463325,1.0,-5.0,-76.0
1777891629.9563324,-1.0,-1.0,-76.0
1777891629.9663324,0.0,2.0,-71.0
1777891629.9763324,1.0,7.0,-72.0
1777891629.9863324,-1.0,8.0,-65.0
1777891629.9963324,0.0,5.0,-64.0
1777891630.0063324,5.0,-2.0,-64.0
1777891630.0163324,9.0,-3.0,-68.0
1777891630.0263324,10.0,1.0,-72.0
1777891630.0363324,10.0,0.0,-74.0
1777891630.0463324,4.0,-1.0,-72.0
1777891630.0563323,-3.0,-6.0,-74.0
1777891630.0663323,0.0,-2.0,-70.0
1777891630.0763323,2.0,0.0,-71.0
1777891630.0863323,4.0,0.0,-71.0
1777891630.0963323,4.0,2.0,-67.0
1777891630.1063323,3.0,0.0,-75.0
1777891630.1163323,3.0,1.0,-69.0
1777891630.1263323,1.0,-2.0,-70.0
1777891630.1363325,0.0,-3.0,-72.0
1777891630.1463325,-1.0,-1.0,-71.0
1777891630.1563325,-3.0,0.0,-75.0
1777891630.1663325,0.0,3.0,-73.0
1777891630.1763325,0.0,5.0,-77.0
1777891630.1863325,-3.0,2.0,-80.0
1777891630.1963325,-4.0,3.0,-81.0
1777891630.2063324,-1.0,3.0,-79.0
1777891630.2163324,2.0,6.0,-76.0
1777891630.2263324,7.0,2.0,-72.0
1777891630.2363324,1.0,4.0,-76.0
1777891630.2463324,2.0,10.0,-76.0
1777891630.2563324,4.0,9.0,-75.0
1777891630.2663324,3.0,6.0,-67.0
1777891630.2763324,0.0,4.0,-61.0
1777891630.2863324,-1.0,0.0,-66.0
1777891630.2963324,-5.0,0.0,-62.0
1777891630.3063323,-4.0,0.0,-61.0
1777891630.3163323,-2.0,-1.0,-65.0
1777891630.3263323,-1.0,0.0,-69.0
1777891630.3363323,-2.0,0.0,-76.0
1777891630.3463323,-2.0,0.0,-82.0
1777891630.3563323,0.0,1.0,-77.0
1777891630.3663323,1.0,3.0,-78.0
1777891630.3763323,8.0,0.0,-83.0
1777891630.3863325,10.0,-1.0,-83.0
1777891630.3963325,3.0,-3.0,-82.0
1777891630.4063325,1.0,-1.0,-82.0
1777891630.4163325,3.0,-4.0,-85.0
1777891630.4263325,1.0,-4.0,-89.0
1777891630.4363325,4.0,-4.0,-83.0
1777891630.4463325,3.0,-4.0,-80.0
1777891630.4563324,0.0,-3.0,-81.0
1777891630.4673324,2.0,-6.0,-80.0
1777891630.4763324,1.0,-8.0,-76.0
1777891630.4863324,0.0,-5.0,-71.0
1777891630.4963324,0.0,-6.0,-69.0
1777891630.5063324,0.0,-6.0,-66.0
1777891630.5163324,1.0,-3.0,-73.0
1777891630.5263324,3.0,-4.0,-72.0
1777891630.5363324,4.0,0.0,-71.0
1777891630.5463324,7.0,-1.0,-70.0
1777891630.5563323,3.0,-5.0,-68.0
1777891630.5663323,-4.0,-11.0,-69.0
1777891630.5763323,-2.0,-8.0,-67.0
1777891630.5863323,0.0,-7.0,-65.0
1777891630.5963323,0.0,-5.0,-67.0
1777891630.6063323,-1.0,-8.0,-69.0
1777891630.6163323,0.0,-8.0,-65.0
1777891630.6273324,1.0,-7.0,-66.0
1777891630.6363325,4.0,-3.0,-72.0
1777891630.6463325,2.0,-3.0,-71.0
1777891630.6573324,2.0,-4.0,-74.0
1777891630.6673324,-2.0,-3.0,-74.0
1777891630.6773324,-5.0,-4.0,-73.0
1777891630.6873324,-2.0,-1.0,-74.0
1777891630.6973324,-3.0,0.0,-71.0
1777891630.7073324,-6.0,-1.0,-70.0
1777891630.7173324,-7.0,1.0,-73.0
1777891630.7273324,-7.0,2.0,-71.0
1777891630.7373323,-6.0,2.0,-70.0
1777891630.7473323,-5.0,1.0,-72.0
1777891630.7573323,-7.0,-3.0,-69.0
1777891630.7673323,-7.0,-1.0,-74.0
1777891630.7773323,-3.0,-6.0,-71.0
1777891630.7873323,0.0,-3.0,-66.0
1777891630.7973323,0.0,0.0,-73.0
1777891630.8073325,-3.0,4.0,-71.0
1777891630.8173325,-4.0,0.0,-69.0
1777891630.8273325,-6.0,-5.0,-66.0
1777891630.8373325,-6.0,-8.0,-72.0
1777891630.8473325,-3.0,-5.0,-75.0
1777891630.8573325,-2.0,-6.0,-75.0
1777891630.8673325,0.0,-6.0,-72.0
1777891630.8773324,0.0,-5.0,-75.0
1777891630.8873324,0.0,-4.0,-71.0
1777891630.8973324,-5.0,0.0,-72.0
1777891630.9073324,-7.0,-2.0,-70.0
1777891630.9173324,-2.0,-5.0,-69.0
1777891630.9273324,-5.0,-6.0,-59.0
1777891630.9373324,-6.0,-4.0,-62.0
1777891630.9473324,0.0,0.0,-63.0
1777891630.9573324,7.0,-1.0,-59.0
1777891630.9673324,5.0,1.0,-60.0
1777891630.9773324,4.0,0.0,-69.0
1777891630.9873323,6.0,-2.0,-73.0
1777891630.9973323,5.0,-1.0,-77.0
1777891631.0073323,2.0,-2.0,-75.0
1777891631.0173323,3.0,1.0,-73.0
1777891631.0273323,2.0,0.0,-76.0
1777891631.0373323,-1.0,-1.0,-68.0
1777891631.0473323,-5.0,1.0,-65.0
1777891631.0573325,-3.0,0.0,-56.0
1777891631.0673325,1.0,0.0,-54.0
1777891631.0773325,6.0,0.0,-59.0
1777891631.0873325,5.0,-4.0,-67.0
1777891631.0973325,4.0,-6.0,-68.0
1777891631.1073325,2.0,-3.0,-73.0
1777891631.1173325,0.0,-1.0,-75.0
1777891631.1273324,-1.0,-2.0,-77.0
1777891631.1373324,0.0,-2.0,-63.0
1777891631.1473324,1.0,1.0,-66.0
1777891631.1573324,1.0,-2.0,-67.0
1777891631.1673324,6.0,-5.0,-75.0
1777891631.1773324,4.0,-6.0,-75.0
1777891631.1873324,8.0,-7.0,-77.0
1777891631.1973324,3.0,-9.0,-77.0
1777891631.2073324,6.0,-6.0,-71.0
1777891631.2173324,6.0,-4.0,-68.0
1777891631.2273324,6.0,-3.0,-69.0
1777891631.2373323,8.0,-5.0,-66.0
1777891631.2473323,9.0,-9.0,-65.0
1777891631.2573323,7.0,-5.0,-75.0
1777891631.2673323,2.0,-5.0,-73.0
1777891631.2773323,-1.0,-4.0,-69.0
1777891631.2873323,-8.0,0.0,-72.0
1777891631.2973323,-1.0,0.0,-71.0
1777891631.3073325,-3.0,0.0,-76.0
1777891631.3173325,3.0,-2.0,-66.0
1777891631.3273325,1.0,-2.0,-70.0
1777891631.3373325,-3.0,-3.0,-75.0
1777891631.3473325,2.0,-3.0,-77.0
1777891631.3573325,0.0,-5.0,-73.0
1777891631.3673325,2.0,-6.0,-67.0
1777891631.3773324,9.0,-5.0,-67.0
1777891631.3873324,4.0,-6.0,-68.0
1777891631.3973324,3.0,-3.0,-69.0
1777891631.4073324,5.0,0.0,-62.0
1777891631.4173324,0.0,-2.0,-62.0
1777891631.4273324,1.0,2.0,-63.0
1777891631.4373324,0.0,1.0,-65.0
1777891631.4473324,2.0,0.0,-70.0
1777891631.4573324,3.0,2.0,-76.0
1777891631.4673324,4.0,0.0,-78.0
1777891631.4773324,2.0,0.0,-78.0
1777891631.4873323,-1.0,-5.0,-73.0
1777891631.4973323,-6.0,-1.0,-71.0
1777891631.5073323,0.0,-5.0,-69.0
1777891631.5173323,0.0,-4.0,-67.0
1777891631.5273323,1.0,-4.0,-70.0
1777891631.5373323,1.0,-2.0,-69.0
1777891631.5473323,-1.0,0.0,-71.0
1777891631.5573325,1.0,-2.0,-62.0
1777891631.5673325,0.0,-1.0,-62.0
1777891631.5773325,0.0,-2.0,-68.0
1777891631.5873325,-1.0,-4.0,-69.0
1777891631.5973325,-2.0,-1.0,-71.0
1777891631.6073325,-2.0,1.0,-71.0
1777891631.6173325,-2.0,3.0,-73.0
1777891631.6273324,-2.0,1.0,-75.0
1777891631.6373324,-2.0,0.0,-85.0
1777891631.6473324,-2.0,-4.0,-89.0
1777891631.6573324,-4.0,-3.0,-83.0
1777891631.6673324,-3.0,-3.0,-76.0
1777891631.6773324,0.0,-6.0,-74.0
1777891631.6873324,2.0,-1.0,-66.0
1777891631.6973324,1.0,0.0,-67.0
1777891631.7073324,3.0,5.0,-70.0
1777891631.7173324,1.0,6.0,-73.0
1777891631.7273324,3.0,2.0,-84.0
1777891631.7373323,5.0,0.0,-87.0
1777891631.7473323,3.0,1.0,-80.0
1777891631.7573323,4.0,4.0,-74.0
1777891631.7673323,0.0,2.0,-71.0
1777891631.7773323,2.0,3.0,-71.0
1777891631.7873323,5.0,-1.0,-71.0
1777891631.7973323,1.0,4.0,-74.0
1777891631.8073325,-1.0,7.0,-70.0
1777891631.8173325,0.0,2.0,-68.0
1777891631.8273325,1.0,2.0,-70.0
1777891631.8373325,1.0,5.0,-65.0
1777891631.8473325,0.0,7.0,-64.0
1777891631.8573325,3.0,4.0,-69.0
1777891631.8673325,4.0,2.0,-75.0
1777891631.8773324,7.0,-2.0,-77.0
1777891631.8873324,5.0,0.0,-78.0
1777891631.8973324,-1.0,-1.0,-72.0
1777891631.9073324,0.0,2.0,-72.0
1777891631.9173324,-5.0,0.0,-69.0
1777891631.9273324,-1.0,-2.0,-74.0
1777891631.9373324,-5.0,-5.0,-80.0
1777891631.9473324,-7.0,-4.0,-74.0
1777891631.9573324,-1.0,-5.0,-72.0
1777891631.9673324,-2.0,-5.0,-74.0
1777891631.9773324,-4.0,-4.0,-73.0
1777891631.9873323,-3.0,-5.0,-71.0
1777891631.9973323,-3.0,-6.0,-73.0
1777891632.0073323,1.0,-6.0,-78.0
1777891632.0173323,5.0,-2.0,-77.0
1777891632.0273323,4.0,-5.0,-79.0
1777891632.0373323,6.0,-3.0,-70.0
1777891632.0473323,4.0,-1.0,-66.0
1777891632.0573325,4.0,0.0,-66.0
1777891632.0673325,4.0,0.0,-69.0
1777891632.0773325,2.0,0.0,-76.0
1777891632.0873325,2.0,4.0,-77.0
1777891632.0973325,2.0,2.0,-82.0
1777891632.1073325,7.0,-2.0,-88.0
1777891632.1173325,1.0,2.0,-83.0
1777891632.1273324,0.0,0.0,-73.0
1777891632.1373324,0.0,1.0,-74.0
1777891632.1473324,2.0,3.0,-78.0
1777891632.1573324,1.0,0.0,-76.0
1777891632.1673324,4.0,-4.0,-77.0
1777891632.1773324,6.0,-6.0,-77.0
1777891632.1873324,1.0,-3.0,-78.0
1777891632.1973324,2.0,-7.0,-73.0
1777891632.2073324,1.0,-9.0,-68.0
1777891632.2173324,2.0,-9.0,-70.0
1777891632.2273324,1.0,-8.0,-72.0
1777891632.2373323,0.0,-10.0,-81.0
1777891632.2473323,-3.0,-10.0,-84.0
1777891632.2573323,-5.0,-12.0,-75.0
1777891632.2673323,-2.0,-11.0,-73.0
1777891632.2773323,0.0,-8.0,-75.0
1777891632.2873323,-2.0,-7.0,-79.0
1777891632.2973323,-5.0,-6.0,-80.0
1777891632.3073325,-3.0,-4.0,-82.0
1777891632.3173325,0.0,-4.0,-82.0
1777891632.3273325,3.0,-6.0,-82.0
1777891632.3373325,1.0,-7.0,-78.0
1777891632.3473325,2.0,-2.0,-75.0
1777891632.3573325,1.0,-2.0,-77.0
1777891632.3673325,4.0,-3.0,-75.0
1777891632.3773324,3.0,-1.0,-75.0
1777891632.3873324,5.0,0.0,-71.0
1777891632.3973324,7.0,0.0,-76.0
1777891632.4073324,8.0,-2.0,-69.0
1777891632.4173324,11.0,0.0,-68.0
1777891632.4273324,5.0,3.0,-64.0
1777891632.4373324,7.0,-1.0,-69.0
1777891632.4473324,2.0,-8.0,-73.0
1777891632.4573324,1.0,-6.0,-75.0
1777891632.4673324,3.0,-4.0,-74.0
1777891632.4773324,0.0,-2.0,-73.0
1777891632.4873323,3.0,0.0,-77.0
1777891632.4973323,5.0,1.0,-68.0
1777891632.5073323,5.0,1.0,-67.0
1777891632.5173323,4.0,2.0,-69.0
1777891632.5273323,3.0,-1.0,-65.0
1777891632.5373323,1.0,1.0,-63.0
1777891632.5473323,-1.0,0.0,-67.0
1777891632.5573325,0.0,0.0,-78.0
1777891632.5673325,0.0,0.0,-78.0
1777891632.5773325,1.0,-1.0,-74.0
1777891632.5873325,2.0,-4.0,-79.0
1777891632.5973325,-2.0,-2.0,-77.0
1777891632.6073325,1.0,-1.0,-74.0
1777891632.6173325,3.0,2.0,-76.0
1777891632.6283324,0.0,3.0,-79.0
1777891632.6373324,0.0,3.0,-75.0
1777891632.6473324,-1.0,7.0,-73.0
1777891632.6583323,0.0,7.0,-77.0
1777891632.6683323,2.0,2.0,-80.0
1777891632.6783323,0.0,3.0,-86.0
1777891632.6883323,1.0,3.0,-80.0
1777891632.6983323,-3.0,3.0,-75.0
1777891632.7083323,-6.0,4.0,-73.0
1777891632.7183323,-4.0,2.0,-74.0
1777891632.7283323,-9.0,4.0,-75.0
1777891632.7383325,-1.0,2.0,-74.0
1777891632.7483325,-2.0,0.0,-74.0
1777891632.7583325,-4.0,-3.0,-74.0
1777891632.7683325,-2.0,-1.0,-76.0
1777891632.7783325,-1.0,-4.0,-82.0
1777891632.7883325,0.0,1.0,-79.0
1777891632.7983325,3.0,-2.0,-74.0
1777891632.8083324,0.0,0.0,-77.0
1777891632.8183324,0.0,-2.0,-80.0
1777891632.8283324,-1.0,-2.0,-78.0
1777891632.8383324,-3.0,0.0,-79.0
1777891632.8483324,0.0,0.0,-79.0
1777891632.8583324,4.0,-1.0,-75.0
1777891632.8683324,0.0,-3.0,-75.0
1777891632.8783324,-3.0,0.0,-68.0
1777891632.8883324,-4.0,6.0,-63.0
1777891632.8983324,-1.0,1.0,-61.0
1777891632.9083323,-6.0,0.0,-62.0
1777891632.9183323,-4.0,2.0,-73.0
1777891632.9283323,-2.0,3.0,-76.0
1777891632.9383323,-7.0,2.0,-80.0
1777891632.9483323,0.0,2.0,-82.0
1777891632.9583323,6.0,3.0,-76.0
1777891632.9683323,5.0,-1.0,-69.0
1777891632.9783323,4.0,-2.0,-68.0
1777891632.9883325,-1.0,-2.0,-67.0
1777891632.9983325,1.0,-3.0,-71.0
1777891633.0083325,1.0,1.0,-75.0
1777891633.0183325,2.0,2.0,-76.0
1777891633.0283325,2.0,3.0,-78.0
1777891633.0383325,11.0,2.0,-76.0
1777891633.0483325,11.0,-1.0,-75.0
1777891633.0583324,8.0,3.0,-74.0
1777891633.0683324,5.0,1.0,-76.0
1777891633.0783324,0.0,-1.0,-74.0
1777891633.0883324,-1.0,0.0,-73.0
1777891633.0983324,0.0,5.0,-77.0
1777891633.1083324,1.0,3.0,-69.0
1777891633.1183324,4.0,1.0,-69.0
1777891633.1283324,6.0,1.0,-74.0
1777891633.1383324,6.0,4.0,-75.0
1777891633.1483324,4.0,3.0,-74.0
1777891633.1583323,5.0,3.0,-76.0
1777891633.1683323,9.0,5.0,-80.0
1777891633.1783323,4.0,5.0,-77.0
1777891633.1883323,3.0,2.0,-74.0
1777891633.1983323,0.0,0.0,-74.0
1777891633.2083323,-1.0,-1.0,-76.0
1777891633.2183323,0.0,0.0,-78.0
1777891633.2283323,2.0,1.0,-76.0
1777891633.2383325,4.0,-1.0,-80.0
1777891633.2483325,2.0,0.0,-69.0
1777891633.2583325,3.0,0.0,-69.0
1777891633.2683325,1.0,2.0,-71.0
1777891633.2783325,3.0,1.0,-56.0
1777891633.2883325,3.0,0.0,-58.0
1777891633.2983325,4.0,-1.0,-64.0
1777891633.3083324,3.0,-1.0,-68.0
1777891633.3183324,3.0,0.0,-71.0
1777891633.3283324,0.0,2.0,-70.0
1777891633.3383324,1.0,5.0,-66.0
1777891633.3483324,-1.0,5.0,-63.0
1777891633.3583324,-2.0,5.0,-56.0
1777891633.3683324,1.0,5.0,-60.0
1777891633.3783324,1.0,3.0,-63.0
1777891633.3883324,-3.0,0.0,-62.0
1777891633.3983324,-3.0,-5.0,-66.0
1777891633.4083323,-4.0,-6.0,-70.0
1777891633.4183323,-3.0,-9.0,-70.0
1777891633.4283323,-5.0,-7.0,-76.0
1777891633.4383323,-4.0,-3.0,-77.0
1777891633.4483323,0.0,-3.0,-72.0
1777891633.4583323,2.0,-4.0,-71.0
1777891633.4683323,0.0,-4.0,-69.0
1777891633.4783323,-1.0,-5.0,-75.0
1777891633.4883325,-1.0,-7.0,-77.0
1777891633.4983325,-2.0,-4.0,-70.0
1777891633.5083325,-7.0,0.0,-75.0
1777891633.5183325,-7.0,1.0,-81.0
1777891633.5283325,-2.0,0.0,-78.0
1777891633.5383325,-2.0,0.0,-69.0
1777891633.5483325,-1.0,3.0,-61.0
1777891633.5583324,5.0,-1.0,-57.0
1777891633.5683324,5.0,-2.0,-57.0
1777891633.5783324,5.0,-3.0,-58.0
1777891633.5883324,6.0,-2.0,-68.0
1777891633.5983324,6.0,-2.0,-71.0
1777891633.6083324,5.0,-5.0,-80.0
1777891633.6183324,5.0,-6.0,-80.0
1777891633.6283324,2.0,-6.0,-78.0
1777891633.6383324,3.0,-9.0,-69.0
1777891633.6483324,3.0,-11.0,-68.0
1777891633.6583323,7.0,-10.0,-69.0
1777891633.6683323,6.0,-8.0,-74.0
1777891633.6783323,2.0,-5.0,-74.0
1777891633.6883323,3.0,-4.0,-81.0
1777891633.6983323,2.0,-7.0,-89.0
1777891633.7083323,2.0,-4.0,-87.0
1777891633.7183323,5.0,3.0,-88.0
1777891633.7283323,2.0,5.0,-89.0
1777891633.7383325,-1.0,1.0,-85.0
1777891633.7483325,0.0,3.0,-88.0
1777891633.7583325,0.0,0.0,-78.0
1777891633.7683325,-2.0,0.0,-75.0
1777891633.7783325,-1.0,-3.0,-71.0
1777891633.7883325,-9.0,-4.0,-69.0
1777891633.7983325,-9.0,-6.0,-72.0
1777891633.8083324,-10.0,-5.0,-75.0
1777891633.8183324,-7.0,-3.0,-69.0
1777891633.8283324,-5.0,0.0,-69.0
1777891633.8383324,-2.0,2.0,-65.0
1777891633.8483324,-2.0,-1.0,-65.0
1777891633.8583324,0.0,1.0,-64.0
1777891633.8683324,1.0,-1.0,-67.0
1777891633.8783324,-1.0,-1.0,-65.0
1777891633.8883324,0.0,0.0,-69.0
1777891633.8983324,3.0,2.0,-63.0
1777891633.9083323,1.0,7.0,-57.0
1777891633.9183323,-3.0,2.0,-59.0
1777891633.9283323,0.0,1.0,-59.0
1777891633.9383323,3.0,3.0,-58.0
1777891633.9483323,1.0,2.0,-64.0
1777891633.9583323,3.0,0.0,-68.0
1777891633.9683323,6.0,0.0,-70.0
1777891633.9783323,6.0,0.0,-67.0
1777891633.9883325,8.0,1.0,-67.0
1777891633.9983325,9.0,-3.0,-72.0
1777891634.0083325,4.0,-6.0,-73.0
1777891634.0183325,1.0,-5.0,-74.0
1777891634.0283325,3.0,-1.0,-76.0
1777891634.0383325,3.0,0.0,-81.0
1777891634.0483325,1.0,-5.0,-78.0
1777891634.0583324,1.0,-1.0,-70.0
1777891634.0683324,1.0,-2.0,-72.0
1777891634.0783324,0.0,-4.0,-69.0
1777891634.0883324,-1.0,-6.0,-71.0
1777891634.0983324,-3.0,-4.0,-72.0
1777891634.1083324,1.0,-4.0,-72.0
1777891634.1183324,3.0,-1.0,-67.0
1777891634.1283324,8.0,-3.0,-63.0
1777891634.1383324,6.0,-4.0,-58.0
1777891634.1483324,6.0,-3.0,-60.0
1777891634.1583323,1.0,0.0,-58.0
1777891634.1683323,-5.0,-2.0,-61.0
1777891634.1783323,-4.0,-2.0,-60.0
1777891634.1883323,-6.0,-2.0,-64.0
1777891634.1983323,0.0,-1.0,-66.0
1777891634.2083323,3.0,-4.0,-70.0
1777891634.2183323,7.0,-2.0,-66.0
1777891634.2283323,2.0,-1.0,-61.0
1777891634.2383325,2.0,0.0,-63.0
1777891634.2483325,4.0,-3.0,-66.0
1777891634.2583325,1.0,-2.0,-70.0
1777891634.2683325,-2.0,0.0,-78.0
1777891634.2783325,-3.0,0.0,-82.0
1777891634.2883325,-5.0,1.0,-78.0
1777891634.2983325,-5.0,0.0,-67.0
1777891634.3083324,-7.0,-2.0,-71.0
1777891634.3183324,-7.0,-1.0,-73.0
1777891634.3283324,-7.0,-2.0,-67.0
1777891634.3383324,-9.0,-4.0,-68.0
1777891634.3483324,-8.0,0.0,-72.0
1777891634.3583324,-4.0,-1.0,-72.0
1777891634.3683324,-1.0,-1.0,-66.0
1777891634.3783324,-3.0,-1.0,-70.0
1777891634.3883324,-4.0,-3.0,-72.0
1777891634.3983324,-3.0,-3.0,-74.0
1777891634.4083323,-5.0,-1.0,-71.0
1777891634.4183323,-6.0,0.0,-67.0
1777891634.4283323,-2.0,-3.0,-66.0
1777891634.4383323,0.0,-5.0,-70.0
1777891634.4483323,4.0,-4.0,-72.0
1777891634.4583323,0.0,-4.0,-76.0
1777891634.4683323,0.0,-1.0,-69.0
1777891634.4783323,4.0,0.0,-69.0
1777891634.4883325,-1.0,-1.0,-72.0
1777891634.4983325,0.0,-2.0,-67.0
1777891634.5083325,0.0,-5.0,-68.0
1777891634.5183325,4.0,-4.0,-75.0
1777891634.5283325,8.0,0.0,-71.0
1777891634.5383325,6.0,-1.0,-67.0
1777891634.5483325,3.0,-1.0,-65.0
1777891634.5583324,2.0,-2.0,-69.0
1777891634.5683324,4.0,-2.0,-75.0
1777891634.5783324,4.0,0.0,-74.0
1777891634.5883324,7.0,0.0,-75.0
1777891634.5993323,0.0,0.0,-76.0
1777891634.6083324,-3.0,-4.0,-76.0
1777891634.6183324,-6.0,-4.0,-78.0
1777891634.6293323,-3.0,-3.0,-72.0
1777891634.6393323,0.0,-1.0,-74.0
1777891634.6493323,-2.0,1.0,-69.0
1777891634.6593325,-3.0,3.0,-72.0
1777891634.6693325,-1.0,3.0,-74.0
1777891634.6793325,-3.0,2.0,-70.0
1777891634.6893325,-3.0,4.0,-66.0
1777891634.6993325,-5.0,2.0,-65.0
1777891634.7093325,-1.0,-1.0,-67.0
1777891634.7193325,-3.0,-2.0,-66.0
1777891634.7293324,-2.0,0.0,-66.0
1777891634.7393324,-4.0,-5.0,-65.0
1777891634.7493324,-2.0,-4.0,-59.0
1777891634.7593324,-1.0,-2.0,-60.0
1777891634.7693324,0.0,-2.0,-60.0
1777891634.7793324,3.0,-2.0,-62.0
1777891634.7893324,3.0,-4.0,-63.0
1777891634.7993324,0.0,-2.0,-66.0
1777891634.8093324,3.0,0.0,-67.0
1777891634.8193324,3.0,-2.0,-65.0
1777891634.8293324,2.0,-6.0,-65.0
1777891634.8393323,3.0,-5.0,-65.0
1777891634.8493323,5.0,-3.0,-67.0
1777891634.8593323,4.0,-4.0,-70.0
1777891634.8693323,0.0,-2.0,-74.0
1777891634.8793323,0.0,-5.0,-72.0
1777891634.8893323,1.0,0.0,-77.0
1777891634.8993323,-2.0,0.0,-75.0
1777891634.9093325,1.0,2.0,-73.0
1777891634.9193325,9.0,-2.0,-67.0
1777891634.9293325,10.0,0.0,-66.0
1777891634.9393325,7.0,-2.0,-61.0
1777891634.9493325,5.0,-3.0,-64.0
1777891634.9593325,6.0,0.0,-65.0
1777891634.9693325,9.0,-2.0,-71.0
1777891634.9793324,5.0,-2.0,-66.0
1777891634.9893324,0.0,-1.0,-64.0
1777891634.9993324,0.0,-3.0,-60.0
1777891635.0093324,0.0,0.0,-65.0
1777891635.0193324,0.0,4.0,-68.0
1777891635.0293324,2.0,6.0,-66.0
1777891635.0393324,1.0,6.0,-65.0
1777891635.0493324,1.0,7.0,-66.0
1777891635.0593324,2.0,8.0,-69.0
1777891635.0693324,3.0,9.0,-62.0
1777891635.0793324,0.0,7.0,-59.0
1777891635.0893323,4.0,4.0,-57.0
1777891635.0993323,3.0,4.0,-65.0
1777891635.1093323,-3.0,3.0,-68.0
1777891635.1193323,-4.0,0.0,-75.0
1777891635.1293323,-2.0,-2.0,-71.0
1777891635.1393323,-1.0,-1.0,-71.0
1777891635.1493323,1.0,2.0,-68.0
1777891635.1593325,-1.0,0.0,-64.0
1777891635.1693325,-3.0,-2.0,-59.0
1777891635.1793325,-4.0,-1.0,-59.0
1777891635.1893325,-3.0,0.0,-63.0
1777891635.1993325,-1.0,-3.0,-68.0
1777891635.2093325,0.0,-6.0,-63.0
1777891635.2193325,-2.0,-5.0,-72.0
1777891635.2293324,-2.0,-4.0,-78.0
1777891635.2393324,-3.0,-1.0,-73.0
1777891635.2493324,-4.0,-3.0,-74.0
1777891635.2593324,-1.0,-6.0,-74.0
1777891635.2693324,-2.0,-3.0,-74.0
1777891635.2803323,-3.0,0.0,-77.0
1777891635.2893324,1.0,-2.0,-76.0
1777891635.2993324,3.0,-3.0,-72.0
1777891635.3093324,6.0,-1.0,-74.0
1777891635.3193324,5.0,1.0,-70.0
1777891635.3293324,6.0,2.0,-74.0
1777891635.3393323,7.0,-1.0,-68.0
1777891635.3493323,3.0,0.0,-66.0
1777891635.3593323,0.0,1.0,-64.0
1777891635.3693323,0.0,1.0,-61.0
1777891635.3793323,2.0,0.0,-58.0
1777891635.3893323,3.0,-2.0,-62.0
1777891635.3993323,3.0,0.0,-60.0
1777891635.4093325,1.0,-1.0,-59.0
1777891635.4193325,-2.0,0.0,-64.0
1777891635.4293325,-3.0,-2.0,-68.0
1777891635.4393325,-1.0,-6.0,-69.0
1777891635.4493325,1.0,-4.0,-66.0
1777891635.4593325,3.0,-1.0,-65.0
1777891635.4693325,7.0,-2.0,-62.0
1777891635.4793324,6.0,-2.0,-70.0
1777891635.4893324,3.0,-3.0,-64.0
1777891635.4993324,0.0,-5.0,-67.0
1777891635.5093324,1.0,-4.0,-62.0
1777891635.5193324,3.0,-4.0,-64.0
1777891635.5293324,7.0,-7.0,-60.0
1777891635.5393324,10.0,-9.0,-67.0
1777891635.5493324,6.0,-5.0,-69.0
1777891635.5593324,0.0,-6.0,-77.0
1777891635.5693324,0.0,-3.0,-75.0
1777891635.5793324,0.0,-2.0,-74.0
1777891635.5893323,1.0,-1.0,-72.0
1777891635.5993323,6.0,0.0,-72.0
1777891635.6093323,8.0,-2.0,-76.0
1777891635.6193323,11.0,0.0,-76.0
1777891635.6293323,8.0,2.0,-72.0
1777891635.6393323,2.0,5.0,-71.0
1777891635.6493323,0.0,0.0,-75.0
1777891635.6593325,0.0,-4.0,-75.0
1777891635.6693325,-3.0,-2.0,-73.0
1777891635.6793325,0.0,-7.0,-72.0
1777891635.6893325,3.0,-5.0,-74.0
1777891635.6993325,1.0,-2.0,-78.0
1777891635.7093325,3.0,0.0,-85.0
1777891635.7193325,6.0,0.0,-82.0
1777891635.7293324,3.0,0.0,-76.0
1777891635.7393324,1.0,1.0,-67.0
1777891635.7493324,-3.0,0.0,-66.0
1777891635.7593324,-5.0,-1.0,-69.0
1777891635.7693324,-4.0,-2.0,-71.0
1777891635.7793324,-1.0,0.0,-70.0
1777891635.7893324,0.0,3.0,-65.0
1777891635.7993324,5.0,2.0,-70.0
1777891635.8093324,7.0,5.0,-68.0
1777891635.8193324,6.0,7.0,-72.0
1777891635.8293324,3.0,7.0,-76.0
1777891635.8393323,0.0,3.0,-80.0
1777891635.8493323,0.0,0.0,-81.0
1777891635.8593323,0.0,3.0,-81.0
1777891635.8693323,-1.0,4.0,-78.0
1777891635.8793323,-3.0,0.0,-81.0
1777891635.8893323,0.0,0.0,-78.0
1777891635.8993323,1.0,-4.0,-71.0
1777891635.9093325,0.0,-1.0,-73.0
1777891635.9193325,2.0,-3.0,-75.0
1777891635.9293325,1.0,-7.0,-77.0
1777891635.9393325,4.0,-10.0,-78.0
1777891635.9493325,6.0,-11.0,-76.0
1777891635.9593325,9.0,-8.0,-72.0
1777891635.9693325,8.0,-7.0,-67.0
1777891635.9793324,11.0,-6.0,-65.0
1777891635.9893324,8.0,-2.0,-66.0
1777891635.9993324,7.0,-2.0,-69.0
1777891636.0093324,6.0,1.0,-65.0
1777891636.0193324,1.0,1.0,-59.0
1777891636.0293324,-1.0,0.0,-64.0
1777891636.0393324,-2.0,-2.0,-71.0
1777891636.0493324,-1.0,-3.0,-74.0
1777891636.0593324,1.0,-1.0,-82.0
1777891636.0693324,2.0,-2.0,-79.0
1777891636.0793324,1.0,0.0,-81.0
1777891636.0893323,4.0,-3.0,-77.0
1777891636.0993323,2.0,-1.0,-79.0
1777891636.1093323,0.0,0.0,-81.0
1777891636.1193323,0.0,2.0,-79.0
1777891636.1293323,-3.0,-3.0,-76.0
1777891636.1393323,-7.0,-6.0,-76.0
1777891636.1493323,-6.0,-2.0,-73.0
1777891636.1593325,-2.0,-2.0,-70.0
1777891636.1693325,1.0,-5.0,-67.0
1777891636.1793325,5.0,-4.0,-68.0
1777891636.1893325,14.0,-6.0,-72.0
1777891636.1993325,13.0,-1.0,-71.0
1777891636.2093325,10.0,-3.0,-67.0
1777891636.2193325,7.0,0.0,-66.0
1777891636.2293324,5.0,0.0,-62.0
1777891636.2393324,3.0,0.0,-66.0
1777891636.2493324,0.0,1.0,-67.0
1777891636.2593324,-2.0,3.0,-71.0
1777891636.2693324,-2.0,1.0,-62.0
1777891636.2793324,1.0,1.0,-64.0
1777891636.2893324,1.0,0.0,-67.0
1777891636.2993324,0.0,-2.0,-69.0
1777891636.3093324,1.0,-5.0,-75.0
1777891636.3193324,1.0,-7.0,-81.0
1777891636.3293324,0.0,-8.0,-78.0
1777891636.3393323,0.0,-6.0,-70.0
1777891636.3493323,1.0,-4.0,-71.0
1777891636.3593323,5.0,-4.0,-64.0
1777891636.3693323,1.0,-2.0,-66.0
1777891636.3793323,2.0,-4.0,-64.0
1777891636.3893323,2.0,-1.0,-68.0
1777891636.3993323,0.0,0.0,-65.0
1777891636.4093325,-1.0,-2.0,-67.0
1777891636.4193325,5.0,-5.0,-68.0
1777891636.4293325,5.0,-5.0,-57.0
1777891636.4393325,3.0,-5.0,-62.0
1777891636.4493325,8.0,-5.0,-67.0
1777891636.4593325,3.0,-3.0,-69.0
1777891636.4693325,6.0,-1.0,-68.0
1777891636.4793324,9.0,0.0,-67.0
1777891636.4893324,9.0,-1.0,-63.0
1777891636.4993324,9.0,-3.0,-68.0
1777891636.5093324,6.0,-3.0,-68.0
1777891636.5193324,2.0,-6.0,-64.0
1777891636.5293324,0.0,-4.0,-62.0
1777891636.5393324,1.0,-4.0,-67.0
1777891636.5493324,2.0,-3.0,-67.0
1777891636.5593324,4.0,0.0,-66.0
1777891636.5693324,4.0,2.0,-60.0
1777891636.5793324,2.0,2.0,-58.0
1777891636.5893323,0.0,2.0,-59.0
1777891636.5993323,1.0,3.0,-60.0
1777891636.6103325,3.0,3.0,-63.0
1777891636.6203325,6.0,0.0,-65.0
1777891636.6303325,6.0,0.0,-67.0
1777891636.6403325,4.0,3.0,-74.0
1777891636.6503325,4.0,3.0,-76.0
1777891636.6593325,0.0,2.0,-79.0
1777891636.6703324,6.0,1.0,-73.0
1777891636.6803324,4.0,0.0,-70.0
1777891636.6903324,1.0,2.0,-69.0
1777891636.7003324,3.0,1.0,-75.0
1777891636.7103324,4.0,1.0,-75.0
1777891636.7203324,6.0,1.0,-78.0
1777891636.7303324,9.0,1.0,-69.0
1777891636.7403324,4.0,-4.0,-68.0
1777891636.7503324,-1.0,-2.0,-61.0
1777891636.7603323,1.0,-2.0,-62.0
1777891636.7703323,0.0,-2.0,-60.0
1777891636.7803323,0.0,0.0,-61.0
1777891636.7903323,0.0,2.0,-63.0
1777891636.8003323,1.0,3.0,-66.0
1777891636.8103323,-2.0,1.0,-63.0
1777891636.8203323,-4.0,-1.0,-63.0
1777891636.8303325,-2.0,-2.0,-66.0
1777891636.8403325,0.0,-1.0,-64.0
1777891636.8503325,0.0,0.0,-65.0
1777891636.8603325,-4.0,-2.0,-70.0
1777891636.8703325,-5.0,-5.0,-77.0
1777891636.8803325,-4.0,-1.0,-75.0
1777891636.8903325,-5.0,0.0,-81.0
1777891636.9003325,-2.0,2.0,-83.0
1777891636.9103324,1.0,0.0,-83.0
1777891636.9203324,7.0,4.0,-75.0
1777891636.9303324,4.0,3.0,-74.0
1777891636.9403324,0.0,2.0,-82.0
1777891636.9503324,-4.0,3.0,-80.0
1777891636.9603324,-5.0,4.0,-77.0
1777891636.9703324,-8.0,6.0,-70.0
1777891636.9803324,-3.0,2.0,-68.0
1777891636.9903324,-4.0,2.0,-66.0
1777891637.0003324,-4.0,3.0,-62.0
1777891637.0103323,1.0,2.0,-63.0
1777891637.0203323,0.0,3.0,-74.0
1777891637.0303323,0.0,0.0,-70.0
1777891637.0403323,-1.0,-5.0,-67.0
1777891637.0503323,-3.0,-6.0,-69.0
1777891637.0603323,-1.0,-4.0,-72.0
1777891637.0703323,-5.0,-3.0,-74.0
1777891637.0803325,0.0,-2.0,-71.0
1777891637.0903325,-4.0,0.0,-62.0
1777891637.1003325,-5.0,-1.0,-67.0
1777891637.1103325,0.0,0.0,-72.0
1777891637.1203325,0.0,-1.0,-66.0
1777891637.1303325,0.0,-1.0,-68.0
1777891637.1403325,2.0,1.0,-71.0
1777891637.1503325,-2.0,0.0,-69.0
1777891637.1603324,-3.0,0.0,-73.0
1777891637.1703324,0.0,0.0,-75.0
1777891637.1803324,1.0,2.0,-74.0
1777891637.1903324,4.0,1.0,-71.0
1777891637.2003324,5.0,-2.0,-76.0
1777891637.2103324,7.0,-1.0,-79.0
1777891637.2203324,2.0,0.0,-78.0
1777891637.2303324,-1.0,-2.0,-77.0
1777891637.2403324,0.0,3.0,-74.0
1777891637.2503324,2.0,2.0,-77.0
1777891637.2603323,5.0,3.0,-80.0
1777891637.2703323,6.0,4.0,-79.0
1777891637.2803323,5.0,0.0,-76.0
1777891637.2903323,7.0,-3.0,-73.0
1777891637.3003323,6.0,-1.0,-68.0
1777891637.3103323,8.0,1.0,-65.0
1777891637.3203323,11.0,-2.0,-69.0
1777891637.3303325,13.0,3.0,-65.0
1777891637.3403325,11.0,-2.0,-59.0
1777891637.3503325,9.0,0.0,-70.0
1777891637.3603325,6.0,0.0,-68.0
1777891637.3703325,8.0,2.0,-71.0
1777891637.3803325,10.0,3.0,-75.0
1777891637.3903325,8.0,0.0,-77.0
1777891637.4003325,7.0,-5.0,-75.0
1777891637.4103324,3.0,-4.0,-66.0
1777891637.4203324,6.0,-2.0,-67.0
1777891637.4303324,1.0,-2.0,-64.0
1777891637.4403324,0.0,0.0,-64.0
1777891637.4503324,0.0,0.0,-62.0
1777891637.4603324,-1.0,1.0,-59.0
1777891637.4703324,1.0,2.0,-62.0
1777891637.4803324,1.0,0.0,-60.0
1777891637.4903324,1.0,0.0,-58.0
1777891637.5003324,4.0,-1.0,-59.0
1777891637.5103323,1.0,0.0,-63.0
1777891637.5203323,0.0,-1.0,-68.0
1777891637.5303323,1.0,0.0,-70.0
1777891637.5403323,4.0,1.0,-75.0
1777891637.5503323,1.0,0.0,-82.0
1777891637.5603323,-2.0,0.0,-84.0
1777891637.5703323,-2.0,3.0,-85.0
1777891637.5803325,1.0,1.0,-77.0
1777891637.5903325,-1.0,0.0,-76.0
1777891637.6003325,-2.0,1.0,-72.0
1777891637.6103325,-1.0,1.0,-70.0
1777891637.6203325,0.0,1.0,-73.0
1777891637.6303325,2.0,2.0,-66.0
1777891637.6403325,6.0,0.0,-72.0
1777891637.6503325,5.0,1.0,-70.0
1777891637.6603324,6.0,0.0,-76.0
1777891637.6703324,5.0,0.0,-75.0
1777891637.6803324,4.0,0.0,-78.0
1777891637.6903324,4.0,-1.0,-77.0
1777891637.7003324,6.0,-1.0,-77.0
1777891637.7103324,13.0,-2.0,-78.0
1777891637.7203324,11.0,-1.0,-75.0
1777891637.7303324,6.0,-3.0,-82.0
1777891637.7403324,0.0,-4.0,-81.0
1777891637.7503324,0.0,-7.0,-74.0
1777891637.7603323,1.0,-7.0,-65.0
1777891637.7703323,-1.0,-8.0,-67.0
1777891637.7803323,-5.0,-5.0,-71.0
1777891637.7903323,0.0,-6.0,-82.0
1777891637.8003323,1.0,-9.0,-80.0
1777891637.8103323,5.0,-9.0,-77.0
1777891637.8203323,3.0,0.0,-73.0
1777891637.8303325,2.0,0.0,-76.0
1777891637.8403325,3.0,-3.0,-76.0
1777891637.8503325,2.0,0.0,-81.0
1777891637.8603325,2.0,4.0,-80.0
1777891637.8703325,-2.0,5.0,-78.0
1777891637.8803325,2.0,5.0,-81.0
1777891637.8903325,4.0,4.0,-81.0
1777891637.9003325,3.0,2.0,-77.0
1777891637.9103324,6.0,1.0,-73.0
1777891637.9203324,4.0,-4.0,-76.0
1777891637.9303324,5.0,-6.0,-74.0
1777891637.9403324,3.0,-4.0,-74.0
1777891637.9503324,4.0,-1.0,-68.0
1777891637.9603324,2.0,-1.0,-66.0
1777891637.9703324,2.0,-2.0,-66.0
1777891637.9803324,0.0,-2.0,-66.0
1777891637.9903324,0.0,0.0,-67.0
1777891638.0003324,0.0,-1.0,-62.0
1777891638.0103323,0.0,-2.0,-60.0
1777891638.0203323,1.0,0.0,-63.0
1777891638.0303323,2.0,0.0,-67.0
1777891638.0403323,0.0,0.0,-65.0
1777891638.0503323,3.0,3.0,-65.0
1777891638.0603323,4.0,3.0,-69.0
1777891638.0703323,1.0,2.0,-70.0
1777891638.0803325,2.0,1.0,-74.0
1777891638.0903325,3.0,2.0,-78.0
1777891638.1003325,6.0,0.0,-78.0
1777891638.1103325,7.0,0.0,-73.0
1777891638.1203325,6.0,1.0,-70.0
1777891638.1303325,5.0,3.0,-73.0
1777891638.1403325,5.0,2.0,-67.0
1777891638.1503325,7.0,2.0,-71.0
1777891638.1603324,7.0,-1.0,-71.0
1777891638.1703324,8.0,-5.0,-67.0
1777891638.1803324,4.0,-9.0,-68.0
1777891638.1903324,3.0,-8.0,-77.0
1777891638.2003324,2.0,-10.0,-75.0
1777891638.2103324,3.0,-9.0,-79.0
1777891638.2203324,6.0,-13.0,-79.0
1777891638.2303324,6.0,-11.0,-82.0
1777891638.2403324,6.0,-10.0,-84.0
1777891638.2503324,4.0,-10.0,-79.0
1777891638.2603323,2.0,-11.0,-79.0
1777891638.2703323,1.0,-7.0,-77.0
1777891638.2803323,3.0,-6.0,-76.0
1777891638.2903323,6.0,-3.0,-75.0
1777891638.3003323,8.0,-2.0,-68.0
1777891638.3103323,7.0,0.0,-66.0
1777891638.3203323,11.0,4.0,-60.0
1777891638.3303325,4.0,7.0,-54.0
1777891638.3403325,1.0,6.0,-58.0
1777891638.3503325,-1.0,3.0,-62.0
1777891638.3603325,-2.0,2.0,-65.0
1777891638.3703325,-4.0,6.0,-67.0
1777891638.3803325,-3.0,6.0,-69.0
1777891638.3903325,-1.0,3.0,-71.0
1777891638.4003325,1.0,1.0,-74.0
1777891638.4103324,0.0,4.0,-80.0
1777891638.4203324,2.0,3.0,-86.0
1777891638.4303324,-2.0,1.0,-80.0
1777891638.4403324,-3.0,1.0,-79.0
1777891638.4503324,-2.0,2.0,-77.0
1777891638.4603324,-1.0,2.0,-77.0
1777891638.4703324,-2.0,-1.0,-81.0
1777891638.4803324,-1.0,3.0,-77.0
1777891638.4903324,4.0,4.0,-78.0
1777891638.5003324,9.0,6.0,-73.0
1777891638.5103323,9.0,2.0,-69.0
1777891638.5203323,9.0,1.0,-70.0
1777891638.5303323,8.0,2.0,-75.0
1777891638.5403323,0.0,2.0,-78.0
1777891638.5503323,-1.0,6.0,-79.0
1777891638.5603323,-2.0,2.0,-75.0
1777891638.5703323,0.0,1.0,-78.0
1777891638.5803325,-2.0,-1.0,-76.0
1777891638.5903325,-1.0,-1.0,-82.0
1777891638.6013324,0.0,0.0,-79.0
1777891638.6113324,-2.0,1.0,-73.0
1777891638.6213324,1.0,2.0,-69.0
1777891638.6313324,-1.0,2.0,-66.0
1777891638.6413324,-1.0,6.0,-66.0
1777891638.6513324,0.0,3.0,-68.0
1777891638.6613324,0.0,-3.0,-70.0
1777891638.6713324,0.0,-3.0,-72.0
1777891638.6813323,2.0,-1.0,-72.0
1777891638.6913323,3.0,-1.0,-70.0
1777891638.7013323,5.0,0.0,-73.0
1777891638.7113323,5.0,-2.0,-70.0
1777891638.7213323,3.0,0.0,-78.0
1777891638.7313323,0.0,0.0,-76.0
1777891638.7413323,4.0,4.0,-73.0
1777891638.7513323,6.0,4.0,-75.0
1777891638.7613325,0.0,6.0,-76.0
1777891638.7713325,-4.0,3.0,-78.0
1777891638.7813325,-4.0,1.0,-80.0
1777891638.7913325,-2.0,0.0,-73.0
1777891638.8013325,-3.0,3.0,-66.0
1777891638.8113325,-3.0,9.0,-59.0
1777891638.8213325,-3.0,5.0,-61.0
1777891638.8313324,2.0,2.0,-66.0
1777891638.8413324,3.0,2.0,-69.0
1777891638.8513324,0.0,0.0,-66.0
1777891638.8613324,1.0,-2.0,-62.0
1777891638.8713324,3.0,-4.0,-65.0
1777891638.8813324,5.0,-2.0,-65.0
1777891638.8913324,0.0,-2.0,-69.0
1777891638.9013324,-3.0,-4.0,-72.0
1777891638.9113324,2.0,-4.0,-70.0
1777891638.9213324,3.0,-2.0,-74.0
1777891638.9313323,-3.0,-4.0,-77.0
1777891638.9413323,-7.0,-1.0,-73.0
1777891638.9513323,-9.0,0.0,-74.0
1777891638.9613323,-5.0,6.0,-76.0
1777891638.9713323,-6.0,4.0,-77.0
1777891638.9813323,-7.0,2.0,-78.0
1777891638.9913323,-5.0,1.0,-73.0
1777891639.0013323,-3.0,-3.0,-74.0
1777891639.0113325,-1.0,-2.0,-77.0
1777891639.0213325,0.0,-7.0,-75.0
1777891639.0313325,3.0,-9.0,-73.0
1777891639.0413325,4.0,-8.0,-69.0
1777891639.0513325,0.0,-4.0,-69.0
1777891639.0613325,-5.0,-4.0,-63.0
1777891639.0713325,-1.0,-3.0,-62.0
1777891639.0813324,1.0,1.0,-68.0
1777891639.0913324,0.0,4.0,-73.0
1777891639.1013324,3.0,4.0,-73.0
1777891639.1113324,0.0,4.0,-75.0
1777891639.1213324,1.0,2.0,-70.0
1777891639.1313324,0.0,0.0,-73.0
1777891639.1413324,3.0,4.0,-76.0
1777891639.1513324,4.0,6.0,-74.0
1777891639.1613324,3.0,3.0,-72.0
1777891639.1713324,0.0,2.0,-71.0
1777891639.1813323,0.0,5.0,-74.0
1777891639.1913323,2.0,0.0,-75.0
1777891639.2013323,6.0,0.0,-76.0
1777891639.2113323,12.0,2.0,-80.0
1777891639.2213323,8.0,4.0,-81.0
1777891639.2313323,8.0,7.0,-84.0
1777891639.2413323,1.0,7.0,-79.0
1777891639.2513323,2.0,10.0,-72.0
1777891639.2613325,8.0,9.0,-71.0
1777891639.2713325,3.0,4.0,-72.0
1777891639.2813325,0.0,2.0,-69.0
1777891639.2913325,2.0,-2.0,-69.0
1777891639.3013325,6.0,1.0,-71.0
1777891639.3113325,6.0,4.0,-72.0
1777891639.3213325,-1.0,0.0,-65.0
1777891639.3313324,0.0,0.0,-61.0
1777891639.3413324,1.0,-2.0,-63.0
1777891639.3513324,0.0,-1.0,-70.0
1777891639.3613324,0.0,-1.0,-69.0
1777891639.3713324,0.0,1.0,-77.0
1777891639.3813324,-1.0,-2.0,-81.0
1777891639.3913324,0.0,-3.0,-87.0
1777891639.4013324,-1.0,-4.0,-93.0
1777891639.4113324,-6.0,0.0,-90.0
1777891639.4213324,-1.0,-2.0,-83.0
1777891639.4313323,1.0,0.0,-79.0
1777891639.4413323,-2.0,3.0,-78.0
1777891639.4513323,2.0,4.0,-76.0
1777891639.4613323,-4.0,7.0,-77.0
1777891639.4713323,-5.0,4.0,-80.0
1777891639.4813323,0.0,0.0,-81.0
1777891639.4913323,0.0,0.0,-76.0
1777891639.5013323,3.0,0.0,-71.0
1777891639.5113325,1.0,0.0,-68.0
1777891639.5213325,3.0,-1.0,-74.0
1777891639.5313325,5.0,0.0,-75.0
1777891639.5413325,4.0,4.0,-70.0
1777891639.5513325,4.0,6.0,-75.0
1777891639.5613325,4.0,6.0,-70.0
1777891639.5713325,3.0,5.0,-69.0
1777891639.5813324,3.0,7.0,-68.0
1777891639.5913324,1.0,12.0,-61.0
1777891639.6013324,4.0,9.0,-59.0
1777891639.6113324,2.0,5.0,-59.0
1777891639.6213324,4.0,-1.0,-63.0
1777891639.6313324,2.0,0.0,-65.0
1777891639.6413324,2.0,1.0,-71.0
1777891639.6513324,6.0,4.0,-65.0
1777891639.6613324,9.0,5.0,-68.0
1777891639.6713324,9.0,6.0,-68.0
1777891639.6813323,8.0,8.0,-74.0
1777891639.6913323,9.0,2.0,-72.0
1777891639.7013323,6.0,-1.0,-73.0
1777891639.7113323,8.0,0.0,-71.0
1777891639.7213323,10.0,0.0,-64.0
1777891639.7313323,8.0,1.0,-67.0
1777891639.7413323,8.0,4.0,-64.0
1777891639.7513323,8.0,2.0,-62.0
1777891639.7613325,6.0,-2.0,-64.0
1777891639.7713325,7.0,0.0,-70.0
1777891639.7813325,4.0,3.0,-77.0
1777891639.7913325,3.0,7.0,-83.0
1777891639.8013325,7.0,5.0,-83.0
1777891639.8113325,4.0,7.0,-84.0
1777891639.8213325,3.0,4.0,-86.0
1777891639.8313324,0.0,0.0,-81.0
1777891639.8413324,2.0,1.0,-74.0
1777891639.8513324,-2.0,0.0,-81.0
1777891639.8613324,-6.0,-5.0,-80.0
1777891639.8713324,-9.0,-4.0,-79.0
1777891639.8813324,-9.0,-4.0,-83.0
1777891639.8913324,-7.0,-4.0,-84.0
1777891639.9013324,-6.0,-4.0,-82.0
1777891639.9113324,0.0,-5.0,-78.0
1777891639.9213324,4.0,-5.0,-83.0
1777891639.9313323,1.0,0.0,-79.0
1777891639.9413323,-4.0,2.0,-82.0
1777891639.9513323,-3.0,3.0,-87.0
1777891639.9613323,-2.0,1.0,-74.0
1777891639.9713323,-2.0,0.0,-72.0
1777891639.9813323,-7.0,-4.0,-75.0
1777891639.9913323,-7.0,-8.0,-79.0
1777891640.0013323,-3.0,-3.0,-77.0
1777891640.0113325,-5.0,0.0,-79.0
1777891640.0213325,-1.0,2.0,-77.0
1777891640.0313325,0.0,0.0,-72.0
1777891640.0413325,3.0,0.0,-69.0
1777891640.0513325,3.0,0.0,-71.0
1777891640.0613325,0.0,1.0,-73.0
1777891640.0713325,-2.0,2.0,-69.0
1777891640.0813324,-1.0,1.0,-68.0
1777891640.0913324,0.0,1.0,-67.0
1777891640.1013324,0.0,5.0,-66.0
1777891640.1113324,0.0,2.0,-64.0
1777891640.1213324,0.0,2.0,-63.0
1777891640.1313324,-1.0,0.0,-65.0
1777891640.1413324,0.0,-2.0,-62.0
1777891640.1513324,-1.0,-3.0,-60.0
1777891640.1613324,-1.0,-5.0,-64.0
1777891640.1713324,0.0,-1.0,-69.0
1777891640.1813323,-1.0,1.0,-66.0
1777891640.1913323,-2.0,2.0,-61.0
1777891640.2013323,2.0,4.0,-62.0
1777891640.2113323,1.0,5.0,-64.0
1777891640.2213323,-2.0,1.0,-61.0
1777891640.2313323,0.0,1.0,-60.0
1777891640.2413323,-4.0,3.0,-56.0
1777891640.2513323,-1.0,0.0,-59.0
1777891640.2613325,-5.0,-2.0,-63.0
1777891640.2713325,-6.0,-1.0,-72.0
1777891640.2813325,-4.0,0.0,-68.0
1777891640.2913325,0.0,0.0,-72.0
1777891640.3013325,1.0,-3.0,-77.0
1777891640.3113325,-1.0,-7.0,-72.0
1777891640.3213325,-4.0,-4.0,-79.0
1777891640.3313324,-5.0,-4.0,-78.0
1777891640.3413324,-10.0,-2.0,-88.0
1777891640.3513324,-5.0,-2.0,-85.0
1777891640.3613324,-2.0,-4.0,-80.0
1777891640.3713324,-3.0,-1.0,-81.0
1777891640.3813324,-2.0,-3.0,-80.0
1777891640.3913324,0.0,-5.0,-88.0
1777891640.4013324,-3.0,-4.0,-86.0
1777891640.4113324,-7.0,-3.0,-78.0
1777891640.4213324,-4.0,-4.0,-85.0
1777891640.4313323,2.0,-3.0,-84.0
1777891640.4413323,6.0,-3.0,-80.0
1777891640.4513323,7.0,-3.0,-78.0
1777891640.4613323,4.0,-1.0,-78.0
1777891640.4713323,-2.0,1.0,-74.0
1777891640.4813323,-8.0,0.0,-72.0
1777891640.4913323,-6.0,-5.0,-75.0
1777891640.5013323,-2.0,-6.0,-82.0
1777891640.5113325,0.0,-7.0,-80.0
1777891640.5213325,0.0,-7.0,-77.0
1777891640.5313325,1.0,-3.0,-76.0
1777891640.5413325,2.0,-5.0,-73.0
1777891640.5513325,-1.0,-5.0,-70.0
1777891640.5623324,0.0,-8.0,-73.0
1777891640.5713325,0.0,-6.0,-72.0
1777891640.5813324,0.0,-5.0,-75.0
1777891640.5923324,1.0,-6.0,-76.0
1777891640.6023324,3.0,-3.0,-72.0
1777891640.6123323,3.0,0.0,-74.0
1777891640.6213324,3.0,2.0,-67.0
1777891640.6323323,6.0,-1.0,-66.0
1777891640.6423323,8.0,1.0,-65.0
1777891640.6523323,6.0,-1.0,-60.0
1777891640.6623323,7.0,1.0,-62.0
1777891640.6723323,3.0,0.0,-66.0
1777891640.6823325,5.0,0.0,-64.0
1777891640.6923325,3.0,-3.0,-62.0
1777891640.7023325,2.0,-1.0,-60.0
1777891640.7123325,2.0,0.0,-58.0
1777891640.7223325,7.0,2.0,-60.0
1777891640.7323325,-1.0,0.0,-58.0
1777891640.7423325,-2.0,-4.0,-61.0
1777891640.7523324,-1.0,-6.0,-62.0
1777891640.7623324,0.0,-6.0,-66.0
1777891640.7723324,-1.0,-1.0,-68.0
1777891640.7823324,-9.0,-2.0,-65.0
1777891640.7923324,-7.0,-3.0,-72.0
1777891640.8023324,-3.0,-1.0,-65.0
1777891640.8123324,-1.0,0.0,-62.0
1777891640.8223324,0.0,1.0,-64.0
1777891640.8323324,0.0,5.0,-69.0
1777891640.8423324,-4.0,0.0,-71.0
1777891640.8523324,1.0,-2.0,-73.0
1777891640.8623323,4.0,-5.0,-79.0
1777891640.8723323,5.0,-3.0,-80.0
1777891640.8823323,3.0,-3.0,-80.0
1777891640.8923323,6.0,-2.0,-78.0
1777891640.9023323,4.0,-1.0,-74.0
1777891640.9123323,4.0,-3.0,-79.0
1777891640.9223323,4.0,0.0,-77.0
1777891640.9323325,6.0,1.0,-76.0
1777891640.9423325,6.0,-3.0,-78.0
1777891640.9523325,7.0,-3.0,-78.0
1777891640.9623325,5.0,-5.0,-77.0
1777891640.9723325,6.0,-3.0,-80.0
1777891640.9823325,4.0,0.0,-82.0
1777891640.9923325,2.0,-2.0,-76.0
1777891641.0023324,1.0,-3.0,-73.0
1777891641.0123324,0.0,-4.0,-76.0
1777891641.0223324,0.0,0.0,-70.0
1777891641.0323324,0.0,0.0,-75.0
1777891641.0423324,2.0,0.0,-79.0
1777891641.0523324,7.0,-1.0,-75.0
1777891641.0623324,6.0,0.0,-79.0
1777891641.0723324,3.0,-3.0,-73.0
1777891641.0823324,3.0,-1.0,-70.0
1777891641.0923324,3.0,-3.0,-73.0
1777891641.1023324,2.0,-1.0,-75.0
1777891641.1123323,2.0,-3.0,-73.0
1777891641.1223323,1.0,-1.0,-62.0
1777891641.1323323,-2.0,1.0,-54.0
1777891641.1423323,-5.0,1.0,-62.0
1777891641.1523323,-5.0,5.0,-63.0
1777891641.1623323,-6.0,5.0,-66.0
1777891641.1723323,-3.0,0.0,-65.0
1777891641.1823325,-3.0,1.0,-66.0
1777891641.1923325,-4.0,0.0,-67.0
1777891641.2023325,-3.0,1.0,-74.0
1777891641.2123325,-3.0,2.0,-77.0
1777891641.2223325,0.0,-1.0,-84.0
1777891641.2323325,2.0,0.0,-89.0
1777891641.2423325,4.0,5.0,-85.0
1777891641.2523324,2.0,7.0,-87.0
1777891641.2623324,0.0,8.0,-75.0
1777891641.2723324,0.0,6.0,-77.0
1777891641.2823324,4.0,8.0,-87.0
1777891641.2923324,0.0,7.0,-84.0
1777891641.3023324,0.0,2.0,-82.0
1777891641.3123324,-1.0,0.0,-82.0
1777891641.3223324,-1.0,0.0,-82.0
1777891641.3323324,2.0,-1.0,-90.0
1777891641.3423324,0.0,2.0,-92.0
1777891641.3523324,0.0,0.0,-87.0
1777891641.3623323,0.0,-2.0,-83.0
1777891641.3723323,0.0,-4.0,-85.0
1777891641.3823323,1.0,-4.0,-83.0
1777891641.3923323,5.0,-3.0,-82.0
1777891641.4023323,9.0,-1.0,-78.0
1777891641.4123323,6.0,0.0,-76.0
1777891641.4223323,8.0,0.0,-69.0
1777891641.4323325,6.0,0.0,-72.0
1777891641.4423325,7.0,-3.0,-69.0
1777891641.4523325,4.0,-8.0,-68.0
1777891641.4623325,6.0,-12.0,-64.0
1777891641.4723325,1.0,-13.0,-64.0
1777891641.4823325,2.0,-12.0,-63.0
1777891641.4923325,0.0,-11.0,-70.0
1777891641.5023324,3.0,-14.0,-75.0
1777891641.5123324,2.0,-13.0,-75.0
1777891641.5223324,6.0,-11.0,-77.0
1777891641.5323324,7.0,-9.0,-79.0
1777891641.5423324,13.0,-8.0,-76.0
1777891641.5523324,6.0,-4.0,-71.0
1777891641.5623324,0.0,-5.0,-68.0
1777891641.5723324,1.0,-4.0,-73.0
1777891641.5823324,0.0,-2.0,-71.0
1777891641.5923324,-2.0,-2.0,-60.0
1777891641.6023324,2.0,-2.0,-58.0
1777891641.6123323,-1.0,-3.0,-62.0
1777891641.6223323,-5.0,-2.0,-68.0
1777891641.6323323,-2.0,-1.0,-75.0
1777891641.6423323,-4.0,-2.0,-75.0
1777891641.6523323,-1.0,-3.0,-79.0
1777891641.6623323,2.0,-5.0,-81.0
1777891641.6723323,1.0,-3.0,-84.0
1777891641.6823325,2.0,-4.0,-82.0
1777891641.6923325,5.0,0.0,-82.0
1777891641.7023325,4.0,1.0,-79.0
1777891641.7123325,5.0,1.0,-75.0
1777891641.7223325,2.0,1.0,-76.0
1777891641.7323325,0.0,1.0,-79.0
1777891641.7423325,-2.0,0.0,-72.0
1777891641.7523324,-1.0,-1.0,-74.0
1777891641.7623324,1.0,-2.0,-73.0
1777891641.7723324,4.0,0.0,-80.0
1777891641.7823324,7.0,-2.0,-83.0
1777891641.7923324,7.0,-3.0,-75.0
1777891641.8023324,7.0,0.0,-69.0
1777891641.8123324,10.0,1.0,-71.0
1777891641.8223324,8.0,-4.0,-74.0
1777891641.8323324,4.0,-4.0,-70.0
1777891641.8423324,6.0,-6.0,-67.0
1777891641.8523324,6.0,-2.0,-68.0
1777891641.8623323,4.0,0.0,-73.0
1777891641.8723323,6.0,3.0,-79.0
1777891641.8823323,3.0,5.0,-80.0
1777891641.8923323,7.0,2.0,-75.0
1777891641.9023323,7.0,1.0,-73.0
1777891641.9123323,6.0,0.0,-78.0
1777891641.9223323,5.0,3.0,-76.0
1777891641.9323325,3.0,3.0,-77.0
1777891641.9423325,0.0,0.0,-79.0
1777891641.9523325,-2.0,-1.0,-76.0
1777891641.9623325,0.0,-2.0,-75.0
1777891641.9723325,3.0,-6.0,-77.0
1777891641.9823325,3.0,-2.0,-78.0
1777891641.9923325,0.0,-4.0,-67.0
1777891642.0023324,0.0,-5.0,-65.0
1777891642.0123324,-2.0,-1.0,-58.0
1777891642.0223324,1.0,-5.0,-58.0
1777891642.0323324,5.0,-1.0,-61.0
1777891642.0423324,5.0,-2.0,-64.0
1777891642.0523324,1.0,-6.0,-65.0
1777891642.0623324,2.0,-5.0,-68.0
1777891642.0723324,4.0,-3.0,-72.0
1777891642.0823324,2.0,-4.0,-77.0
1777891642.0923324,-3.0,-8.0,-81.0
1777891642.1023324,2.0,-7.0,-69.0
1777891642.1123323,3.0,-3.0,-67.0
1777891642.1223323,0.0,3.0,-66.0
1777891642.1323323,4.0,3.0,-69.0
1777891642.1423323,4.0,4.0,-72.0
1777891642.1523323,2.0,6.0,-71.0
1777891642.1623323,0.0,4.0,-73.0
1777891642.1723323,-8.0,4.0,-79.0
1777891642.1823325,-8.0,2.0,-79.0
1777891642.1923325,-6.0,3.0,-82.0
1777891642.2023325,-4.0,0.0,-82.0
1777891642.2123325,-1.0,1.0,-73.0
1777891642.2223325,-2.0,4.0,-66.0
1777891642.2323325,-5.0,0.0,-65.0
1777891642.2423325,-2.0,0.0,-63.0
1777891642.2523324,0.0,3.0,-61.0
1777891642.2623324,0.0,3.0,-58.0
1777891642.2723324,2.0,1.0,-57.0
1777891642.2823324,0.0,-1.0,-58.0
1777891642.2923324,1.0,0.0,-56.0
1777891642.3023324,2.0,3.0,-59.0
1777891642.3123324,3.0,3.0,-63.0
1777891642.3223324,5.0,0.0,-66.0
1777891642.3323324,6.0,0.0,-76.0
1777891642.3423324,2.0,1.0,-83.0
1777891642.3523324,4.0,5.0,-80.0
1777891642.3623323,1.0,5.0,-83.0
1777891642.3723323,4.0,1.0,-79.0
1777891642.3823323,3.0,0.0,-79.0
1777891642.3923323,2.0,-1.0,-81.0
1777891642.4023323,5.0,-4.0,-75.0
1777891642.4123323,9.0,-8.0,-73.0
1777891642.4223323,12.0,-8.0,-77.0
1777891642.4323325,6.0,-5.0,-85.0
1777891642.4423325,0.0,-10.0,-87.0
1777891642.4523325,0.0,-7.0,-83.0
1777891642.4623325,-1.0,-3.0,-79.0
1777891642.4723325,-7.0,-6.0,-77.0
1777891642.4823325,-4.0,-5.0,-81.0
1777891642.4923325,-3.0,-2.0,-81.0
1777891642.5023324,-3.0,-5.0,-79.0
1777891642.5123324,-7.0,-2.0,-75.0
1777891642.5223324,-5.0,-4.0,-75.0
1777891642.5333323,0.0,-7.0,-80.0
1777891642.5423324,0.0,-6.0,-82.0
1777891642.5523324,0.0,-9.0,-78.0
1777891642.5623324,2.0,-3.0,-74.0
1777891642.5723324,3.0,-2.0,-66.0
1777891642.5823324,0.0,-2.0,-61.0
1777891642.5933323,0.0,2.0,-67.0
1777891642.6033323,-1.0,7.0,-72.0
1777891642.6123323,-1.0,5.0,-73.0
1777891642.6233325,4.0,0.0,-67.0
1777891642.6333325,0.0,-2.0,-67.0
1777891642.6433325,-1.0,-6.0,-68.0
1777891642.6533325,-1.0,-3.0,-68.0
1777891642.6633325,-1.0,1.0,-71.0
1777891642.6733325,-1.0,0.0,-73.0
1777891642.6833324,4.0,-3.0,-74.0
1777891642.6933324,0.0,-3.0,-80.0
1777891642.7033324,-1.0,-3.0,-80.0
1777891642.7133324,-3.0,0.0,-80.0
1777891642.7233324,-6.0,-1.0,-80.0
1777891642.7333324,-2.0,0.0,-83.0
1777891642.7433324,-4.0,3.0,-81.0
1777891642.7533324,-4.0,1.0,-86.0
1777891642.7633324,-4.0,3.0,-85.0
1777891642.7733324,-2.0,1.0,-82.0
1777891642.7833323,-4.0,0.0,-75.0
1777891642.7933323,-5.0,-2.0,-76.0
1777891642.8033323,-8.0,0.0,-80.0
1777891642.8133323,-7.0,1.0,-76.0
1777891642.8233323,-3.0,7.0,-73.0
1777891642.8333323,-1.0,7.0,-71.0
1777891642.8433323,-2.0,7.0,-70.0
1777891642.8533323,0.0,3.0,-73.0
1777891642.8633325,0.0,3.0,-74.0
1777891642.8733325,0.0,7.0,-81.0
1777891642.8833325,-4.0,6.0,-80.0
1777891642.8933325,-6.0,2.0,-80.0
1777891642.9033325,-9.0,6.0,-80.0
1777891642.9133325,-6.0,8.0,-72.0
1777891642.9233325,-5.0,8.0,-65.0
1777891642.9333324,1.0,6.0,-74.0
1777891642.9433324,-3.0,3.0,-72.0
1777891642.9533324,0.0,2.0,-67.0
1777891642.9633324,1.0,5.0,-73.0
1777891642.9733324,3.0,3.0,-67.0
1777891642.9833324,0.0,5.0,-66.0
1777891642.9933324,-5.0,-1.0,-62.0
1777891643.0033324,-3.0,-2.0,-63.0
1777891643.0133324,-4.0,-3.0,-61.0
1777891643.0233324,-6.0,-6.0,-59.0
1777891643.0333323,-5.0,2.0,-65.0
1777891643.0433323,-1.0,0.0,-73.0
1777891643.0533323,-4.0,0.0,-65.0
1777891643.0633323,-4.0,0.0,-65.0
1777891643.0733323,0.0,1.0,-65.0
1777891643.0833323,-1.0,4.0,-68.0
1777891643.0933323,3.0,4.0,-69.0
1777891643.1033323,7.0,4.0,-73.0
1777891643.1133325,7.0,4.0,-78.0
1777891643.1233325,13.0,2.0,-72.0
1777891643.1333325,9.0,0.0,-74.0
1777891643.1433325,3.0,0.0,-72.0
1777891643.1533325,2.0,-4.0,-72.0
1777891643.1633325,6.0,-6.0,-76.0
1777891643.1733325,5.0,-8.0,-74.0
1777891643.1833324,3.0,-5.0,-68.0
1777891643.1933324,4.0,-3.0,-68.0
1777891643.2033324,3.0,0.0,-65.0
1777891643.2133324,1.0,-2.0,-67.0
1777891643.2233324,1.0,0.0,-65.0
1777891643.2333324,0.0,-1.0,-70.0
1777891643.2433324,1.0,-1.0,-73.0
1777891643.2533324,3.0,-3.0,-69.0
1777891643.2633324,1.0,1.0,-65.0
1777891643.2733324,4.0,1.0,-65.0
1777891643.2833323,0.0,5.0,-68.0
1777891643.2933323,2.0,5.0,-70.0
1777891643.3033323,6.0,0.0,-77.0
1777891643.3133323,2.0,1.0,-78.0
1777891643.3233323,2.0,0.0,-79.0
1777891643.3333323,0.0,-4.0,-76.0
1777891643.3433323,4.0,-5.0,-71.0
1777891643.3533323,5.0,-3.0,-67.0
1777891643.3633325,7.0,-3.0,-68.0
1777891643.3733325,2.0,-3.0,-77.0
1777891643.3833325,0.0,0.0,-81.0
1777891643.3933325,0.0,-3.0,-87.0
1777891643.4033325,-1.0,-2.0,-87.0
1777891643.4133325,0.0,-1.0,-86.0
1777891643.4233325,2.0,-3.0,-88.0
1777891643.4333324,0.0,-3.0,-84.0
1777891643.4433324,2.0,-3.0,-81.0
1777891643.4533324,3.0,-4.0,-81.0
1777891643.4633324,7.0,-1.0,-79.0
1777891643.4733324,9.0,-3.0,-70.0
1777891643.4833324,8.0,-3.0,-65.0
1777891643.4933324,5.0,-3.0,-67.0
1777891643.5033324,0.0,-2.0,-68.0
1777891643.5133324,0.0,-6.0,-71.0
1777891643.5233324,0.0,-3.0,-69.0
1777891643.5333323,3.0,-6.0,-63.0
1777891643.5433323,3.0,-6.0,-61.0
1777891643.5533323,-1.0,-1.0,-59.0
1777891643.5633323,0.0,-5.0,-56.0
1777891643.5733323,0.0,-3.0,-61.0
1777891643.5833323,2.0,-1.0,-63.0
1777891643.5933323,1.0,-2.0,-69.0
1777891643.6033323,1.0,0.0,-70.0
1777891643.6133325,1.0,-1.0,-75.0
1777891643.6233325,1.0,-2.0,-77.0
1777891643.6333325,5.0,-3.0,-77.0
1777891643.6433325,6.0,0.0,-80.0
1777891643.6533325,7.0,-2.0,-77.0
1777891643.6633325,8.0,-5.0,-69.0
1777891643.6733325,6.0,-6.0,-67.0
1777891643.6833324,6.0,-3.0,-63.0
1777891643.6933324,4.0,-3.0,-69.0
1777891643.7033324,2.0,-2.0,-71.0
1777891643.7133324,0.0,-1.0,-70.0
1777891643.7233324,-1.0,-3.0,-74.0
1777891643.7333324,-3.0,-2.0,-78.0
1777891643.7433324,-2.0,-2.0,-72.0
1777891643.7533324,-1.0,-4.0,-67.0
1777891643.7633324,-4.0,-3.0,-67.0
1777891643.7733324,-3.0,-5.0,-70.0
1777891643.7833323,-5.0,-2.0,-75.0
1777891643.7933323,0.0,-4.0,-74.0
1777891643.8033323,2.0,-5.0,-76.0
1777891643.8133323,3.0,-5.0,-72.0
1777891643.8233323,4.0,-2.0,-70.0
1777891643.8333323,3.0,2.0,-75.0
1777891643.8433323,5.0,0.0,-74.0
1777891643.8533323,0.0,1.0,-74.0
1777891643.8633325,-4.0,0.0,-75.0
1777891643.8733325,-1.0,-1.0,-69.0
1777891643.8833325,1.0,-4.0,-71.0
1777891643.8933325,3.0,-6.0,-69.0
1777891643.9033325,2.0,-3.0,-72.0
1777891643.9133325,1.0,1.0,-73.0
1777891643.9233325,7.0,-1.0,-64.0
1777891643.9333324,11.0,0.0,-66.0
1777891643.9433324,11.0,-1.0,-71.0
1777891643.9533324,11.0,0.0,-74.0
1777891643.9633324,8.0,-5.0,-75.0
1777891643.9733324,9.0,-4.0,-85.0
1777891643.9833324,9.0,1.0,-85.0
1777891643.9933324,6.0,0.0,-83.0
1777891644.0033324,4.0,-3.0,-84.0
1777891644.0133324,4.0,-5.0,-83.0
1777891644.0233324,2.0,-4.0,-85.0
1777891644.0333323,6.0,-2.0,-85.0
1777891644.0433323,3.0,-1.0,-85.0
1777891644.0533323,4.0,0.0,-82.0
1777891644.0633323,1.0,0.0,-84.0
1777891644.0733323,1.0,1.0,-82.0
1777891644.0833323,5.0,2.0,-79.0
1777891644.0933323,0.0,0.0,-82.0
1777891644.1033323,-3.0,-2.0,-77.0
1777891644.1133325,-3.0,-5.0,-72.0
1777891644.1233325,-3.0,-4.0,-69.0
1777891644.1333325,-2.0,-1.0,-78.0
1777891644.1433325,-2.0,-1.0,-77.0
1777891644.1533325,4.0,-3.0,-74.0
1777891644.1633325,1.0,0.0,-74.0
1777891644.1733325,-2.0,0.0,-77.0
1777891644.1833324,-2.0,1.0,-80.0
1777891644.1933324,0.0,-1.0,-80.0
1777891644.2033324,3.0,-1.0,-76.0
1777891644.2133324,0.0,1.0,-73.0
1777891644.2233324,-3.0,0.0,-72.0
1777891644.2333324,-4.0,-2.0,-70.0
1777891644.2433324,0.0,0.0,-68.0
1777891644.2533324,-1.0,4.0,-68.0
1777891644.2633324,-3.0,3.0,-65.0
1777891644.2733324,-2.0,-1.0,-62.0
1777891644.2833323,1.0,-3.0,-59.0
1777891644.2933323,1.0,-1.0,-58.0
1777891644.3033323,0.0,-4.0,-63.0
1777891644.3133323,0.0,-4.0,-65.0
1777891644.3233323,2.0,-5.0,-59.0
1777891644.3333323,3.0,-2.0,-58.0
1777891644.3433323,-3.0,-1.0,-65.0
1777891644.3533323,0.0,-1.0,-70.0
1777891644.3633325,-1.0,-2.0,-71.0
1777891644.3733325,-1.0,-6.0,-73.0
1777891644.3833325,-2.0,-5.0,-72.0
1777891644.3933325,0.0,-3.0,-70.0
1777891644.4033325,0.0,-3.0,-74.0
1777891644.4133325,-2.0,-1.0,-70.0
1777891644.4233325,-4.0,-3.0,-62.0
1777891644.4333324,-2.0,-5.0,-62.0
1777891644.4433324,2.0,-3.0,-68.0
1777891644.4533324,1.0,0.0,-71.0
1777891644.4633324,3.0,0.0,-70.0
1777891644.4733324,3.0,0.0,-73.0
1777891644.4833324,7.0,-2.0,-75.0
1777891644.4933324,2.0,-1.0,-74.0
1777891644.5033324,1.0,1.0,-74.0
1777891644.5133324,2.0,2.0,-75.0
1777891644.5233324,3.0,5.0,-70.0
1777891644.5343325,0.0,-1.0,-68.0
1777891644.5433323,0.0,0.0,-62.0
1777891644.5543325,3.0,2.0,-66.0
1777891644.5643325,5.0,0.0,-64.0
1777891644.5743325,0.0,0.0,-75.0
1777891644.5833323,-6.0,4.0,-78.0
1777891644.5933323,-5.0,4.0,-73.0
1777891644.6043324,-5.0,5.0,-74.0
1777891644.6143324,-6.0,6.0,-72.0
1777891644.6243324,-4.0,5.0,-73.0
1777891644.6343324,-1.0,6.0,-75.0
1777891644.6443324,-2.0,10.0,-73.0
1777891644.6543324,-2.0,6.0,-77.0
1777891644.6643324,0.0,-1.0,-78.0
1777891644.6743324,0.0,-6.0,-76.0
1777891644.6843324,-4.0,-7.0,-74.0
1777891644.6943324,-1.0,-3.0,-79.0
1777891644.7043324,-5.0,-5.0,-77.0
1777891644.7143323,-3.0,-3.0,-71.0
1777891644.7243323,-4.0,-2.0,-70.0
1777891644.7343323,-5.0,0.0,-68.0
1777891644.7443323,-2.0,2.0,-70.0
1777891644.7543323,-1.0,0.0,-73.0
1777891644.7643323,4.0,0.0,-77.0
1777891644.7743323,9.0,3.0,-75.0
1777891644.7843325,5.0,2.0,-70.0
1777891644.7943325,2.0,0.0,-74.0
1777891644.8043325,0.0,-5.0,-68.0
1777891644.8143325,1.0,-6.0,-63.0
1777891644.8243325,-1.0,-3.0,-68.0
1777891644.8343325,1.0,-1.0,-67.0
1777891644.8443325,2.0,1.0,-69.0
1777891644.8543324,2.0,1.0,-77.0
1777891644.8643324,0.0,1.0,-77.0
1777891644.8743324,-3.0,2.0,-74.0
1777891644.8843324,1.0,-2.0,-69.0
1777891644.8943324,10.0,-2.0,-74.0
1777891644.9043324,7.0,1.0,-74.0
1777891644.9143324,4.0,2.0,-69.0
1777891644.9243324,4.0,0.0,-63.0
1777891644.9343324,2.0,-2.0,-67.0
1777891644.9443324,-2.0,-1.0,-71.0
1777891644.9543324,0.0,-1.0,-74.0
1777891644.9643323,2.0,-3.0,-69.0
1777891644.9743323,6.0,-1.0,-67.0
1777891644.9843323,3.0,0.0,-70.0
1777891644.9943323,3.0,0.0,-67.0
1777891645.0043323,4.0,-2.0,-69.0
1777891645.0143323,6.0,0.0,-71.0
1777891645.0243323,8.0,3.0,-69.0
1777891645.0343325,5.0,3.0,-69.0
1777891645.0443325,-1.0,3.0,-63.0
1777891645.0543325,-2.0,5.0,-66.0
1777891645.0643325,-4.0,7.0,-74.0
1777891645.0743325,-3.0,10.0,-79.0
1777891645.0843325,-2.0,10.0,-85.0
1777891645.0943325,-3.0,10.0,-85.0
1777891645.1043324,-2.0,7.0,-83.0
1777891645.1143324,-1.0,5.0,-83.0
1777891645.1243324,3.0,1.0,-80.0
1777891645.1343324,5.0,-3.0,-79.0
1777891645.1443324,7.0,0.0,-75.0
1777891645.1543324,3.0,0.0,-72.0
1777891645.1643324,0.0,-2.0,-73.0
1777891645.1743324,-3.0,-3.0,-75.0
1777891645.1843324,0.0,-6.0,-75.0
1777891645.1943324,0.0,-4.0,-79.0
1777891645.2043324,2.0,0.0,-82.0
1777891645.2143323,1.0,-2.0,-78.0
1777891645.2243323,0.0,-2.0,-72.0
1777891645.2343323,-2.0,-4.0,-72.0
1777891645.2443323,0.0,-3.0,-75.0
1777891645.2543323,4.0,0.0,-78.0
1777891645.2643323,9.0,-2.0,-83.0
1777891645.2743323,10.0,-4.0,-80.0
1777891645.2843325,13.0,0.0,-83.0
1777891645.2943325,8.0,0.0,-82.0
1777891645.3043325,7.0,0.0,-80.0
1777891645.3143325,6.0,-2.0,-86.0
1777891645.3243325,4.0,1.0,-90.0
1777891645.3343325,2.0,0.0,-84.0
1777891645.3443325,1.0,-4.0,-79.0
1777891645.3543324,3.0,-4.0,-72.0
1777891645.3643324,3.0,-6.0,-68.0
1777891645.3743324,-2.0,-5.0,-67.0
1777891645.3843324,0.0,-8.0,-64.0
1777891645.3943324,3.0,-6.0,-70.0
1777891645.4043324,4.0,-6.0,-73.0
1777891645.4143324,2.0,-2.0,-74.0
1777891645.4243324,2.0,-1.0,-67.0
1777891645.4343324,1.0,0.0,-68.0
1777891645.4443324,4.0,0.0,-73.0
1777891645.4543324,12.0,-2.0,-76.0
1777891645.4643323,12.0,0.0,-76.0
1777891645.4743323,8.0,3.0,-71.0
1777891645.4843323,4.0,4.0,-66.0
1777891645.4943323,3.0,7.0,-69.0
1777891645.5043323,8.0,6.0,-69.0
1777891645.5143323,8.0,4.0,-69.0
1777891645.5243323,10.0,4.0,-75.0
1777891645.5343325,5.0,0.0,-76.0
1777891645.5443325,5.0,0.0,-78.0
1777891645.5543325,5.0,0.0,-84.0
1777891645.5643325,0.0,-3.0,-80.0
1777891645.5743325,-3.0,-5.0,-81.0
1777891645.5843325,-7.0,-1.0,-79.0
1777891645.5943325,-7.0,1.0,-74.0
1777891645.6043324,-8.0,3.0,-74.0
1777891645.6143324,-3.0,1.0,-75.0
1777891645.6243324,-1.0,1.0,-71.0
1777891645.6343324,0.0,0.0,-66.0
1777891645.6443324,1.0,0.0,-63.0
1777891645.6543324,4.0,-2.0,-66.0
1777891645.6643324,6.0,-4.0,-67.0
1777891645.6743324,6.0,-3.0,-75.0
1777891645.6843324,9.0,-4.0,-68.0
1777891645.6943324,10.0,-3.0,-62.0
1777891645.7043324,9.0,1.0,-63.0
1777891645.7143323,4.0,1.0,-70.0
1777891645.7243323,0.0,2.0,-72.0
1777891645.7343323,0.0,4.0,-68.0
1777891645.7443323,-2.0,3.0,-72.0
1777891645.7543323,-8.0,2.0,-70.0
1777891645.7643323,-10.0,-1.0,-76.0
1777891645.7743323,-8.0,-5.0,-75.0
1777891645.7843325,-5.0,-2.0,-75.0
1777891645.7943325,-5.0,2.0,-72.0
1777891645.8043325,-3.0,1.0,-76.0
1777891645.8143325,-4.0,3.0,-69.0
1777891645.8243325,-3.0,4.0,-62.0
1777891645.8343325,-3.0,4.0,-62.0
1777891645.8443325,-4.0,2.0,-59.0
1777891645.8543324,-3.0,8.0,-60.0
1777891645.8643324,-2.0,6.0,-66.0
1777891645.8743324,-2.0,4.0,-65.0
1777891645.8843324,2.0,5.0,-62.0
1777891645.8943324,5.0,2.0,-71.0
1777891645.9043324,7.0,-2.0,-68.0
1777891645.9143324,8.0,-4.0,-74.0
1777891645.9243324,1.0,-4.0,-78.0
1777891645.9343324,4.0,-5.0,-81.0
1777891645.9443324,4.0,-4.0,-80.0
1777891645.9543324,3.0,-3.0,-79.0
1777891645.9643323,4.0,-5.0,-83.0
1777891645.9743323,8.0,-8.0,-77.0
1777891645.9843323,9.0,-7.0,-77.0
1777891645.9943323,8.0,-6.0,-75.0
1777891646.0043323,8.0,-4.0,-67.0
1777891646.0143323,6.0,-2.0,-65.0
1777891646.0243323,3.0,0.0,-64.0
1777891646.0343325,5.0,0.0,-62.0
1777891646.0443325,1.0,3.0,-67.0
1777891646.0543325,-1.0,2.0,-69.0
1777891646.0643325,-2.0,0.0,-73.0
1777891646.0743325,0.0,-2.0,-75.0
1777891646.0843325,-1.0,0.0,-75.0
1777891646.0943325,1.0,0.0,-71.0
1777891646.1043324,6.0,1.0,-69.0
1777891646.1143324,5.0,1.0,-66.0
1777891646.1243324,-3.0,4.0,-66.0
1777891646.1343324,-4.0,2.0,-63.0
1777891646.1443324,1.0,2.0,-69.0
1777891646.1543324,0.0,3.0,-67.0
1777891646.1643324,-3.0,6.0,-69.0
1777891646.1743324,-3.0,2.0,-70.0
1777891646.1843324,-4.0,-2.0,-63.0
1777891646.1943324,-1.0,-1.0,-61.0
1777891646.2043324,0.0,-3.0,-62.0
1777891646.2143323,-5.0,-2.0,-66.0
1777891646.2243323,-7.0,-6.0,-69.0
1777891646.2343323,-6.0,-3.0,-72.0
1777891646.2443323,-3.0,-2.0,-78.0
1777891646.2543323,-5.0,0.0,-79.0
1777891646.2643323,-3.0,-3.0,-81.0
1777891646.2743323,0.0,-2.0,-75.0
1777891646.2843325,3.0,1.0,-69.0
1777891646.2943325,2.0,-1.0,-69.0
1777891646.3043325,7.0,0.0,-73.0
1777891646.3143325,8.0,0.0,-74.0
1777891646.3243325,9.0,-8.0,-72.0
1777891646.3343325,9.0,-1.0,-74.0
1777891646.3443325,7.0,-4.0,-72.0
1777891646.3543324,5.0,-2.0,-72.0
1777891646.3643324,6.0,-4.0,-70.0
1777891646.3743324,9.0,-5.0,-73.0
1777891646.3843324,10.0,-7.0,-73.0
1777891646.3943324,10.0,0.0,-76.0
1777891646.4043324,8.0,0.0,-75.0
1777891646.4143324,13.0,0.0,-73.0
1777891646.4243324,7.0,1.0,-72.0
1777891646.4343324,5.0,-1.0,-71.0
1777891646.4443324,1.0,1.0,-79.0
1777891646.4543324,3.0,-1.0,-75.0
1777891646.4643323,5.0,1.0,-72.0
1777891646.4743323,3.0,1.0,-73.0
1777891646.4843323,0.0,0.0,-72.0
1777891646.4943323,0.0,2.0,-77.0
1777891646.5043323,6.0,2.0,-76.0
1777891646.5143323,4.0,1.0,-76.0
1777891646.5243323,3.0,0.0,-75.0
1777891646.5343325,2.0,-2.0,-73.0
1777891646.5443325,1.0,-1.0,-72.0
1777891646.5543325,1.0,-3.0,-77.0
1777891646.5643325,0.0,-6.0,-75.0
1777891646.5753324,-1.0,-5.0,-75.0
1777891646.5853324,-3.0,-3.0,-75.0
1777891646.5953324,-5.0,1.0,-71.0
1777891646.6053324,-4.0,-1.0,-78.0
1777891646.6153324,0.0,1.0,-79.0
1777891646.6253324,5.0,0.0,-84.0
1777891646.6353323,2.0,1.0,-82.0
1777891646.6453323,2.0,-1.0,-77.0
1777891646.6553323,4.0,-3.0,-73.0
1777891646.6653323,3.0,-1.0,-69.0
1777891646.6753323,2.0,1.0,-70.0
1777891646.6853323,1.0,3.0,-67.0
1777891646.6953323,2.0,1.0,-79.0
1777891646.7053325,2.0,2.0,-78.0
1777891646.7153325,1.0,1.0,-81.0
1777891646.7253325,2.0,1.0,-82.0
1777891646.7353325,3.0,0.0,-81.0
1777891646.7453325,0.0,0.0,-80.0
1777891646.7553325,-3.0,1.0,-77.0
1777891646.7653325,0.0,2.0,-76.0
1777891646.7753325,0.0,-5.0,-81.0
1777891646.7853324,0.0,-3.0,-80.0
1777891646.7953324,0.0,-5.0,-83.0
1777891646.8053324,3.0,-5.0,-80.0
1777891646.8153324,7.0,-9.0,-77.0
1777891646.8253324,8.0,-7.0,-71.0
1777891646.8353324,7.0,-5.0,-72.0
1777891646.8453324,5.0,-3.0,-70.0
1777891646.8553324,4.0,-3.0,-77.0
1777891646.8653324,1.0,-5.0,-73.0
1777891646.8753324,2.0,-6.0,-63.0
1777891646.8853323,6.0,-9.0,-59.0
1777891646.8953323,0.0,-12.0,-63.0
1777891646.9053323,-5.0,-7.0,-71.0
1777891646.9153323,-7.0,-5.0,-72.0
1777891646.9253323,-7.0,-4.0,-66.0
1777891646.9353323,-4.0,-1.0,-67.0
1777891646.9453323,-5.0,0.0,-79.0
1777891646.9553325,-5.0,-4.0,-82.0
1777891646.9653325,-2.0,-3.0,-85.0
1777891646.9753325,0.0,-3.0,-83.0
1777891646.9853325,-1.0,-1.0,-80.0
1777891646.9953325,1.0,-5.0,-82.0
1777891647.0053325,-1.0,-7.0,-90.0
1777891647.0153325,-3.0,-13.0,-83.0
1777891647.0253325,-2.0,-7.0,-83.0
1777891647.0353324,0.0,-5.0,-82.0
1777891647.0453324,-2.0,-6.0,-77.0
1777891647.0553324,0.0,-5.0,-76.0
1777891647.0653324,-5.0,-7.0,-74.0
1777891647.0753324,-6.0,-9.0,-74.0
1777891647.0863323,0.0,-14.0,-74.0
1777891647.0953324,-3.0,-10.0,-78.0
1777891647.1053324,-3.0,-8.0,-81.0
1777891647.1153324,-2.0,-4.0,-72.0
1777891647.1253324,-1.0,-5.0,-72.0
1777891647.1353323,0.0,-5.0,-79.0
1777891647.1453323,0.0,1.0,-76.0
1777891647.1553323,-3.0,0.0,-82.0
1777891647.1653323,-6.0,-1.0,-85.0
1777891647.1753323,0.0,-3.0,-79.0
1777891647.1853323,3.0,-4.0,-83.0
1777891647.1953323,2.0,-4.0,-82.0
1777891647.2053325,0.0,-1.0,-77.0
1777891647.2153325,-1.0,0.0,-76.0
1777891647.2253325,-3.0,-2.0,-75.0
1777891647.2353325,-2.0,-4.0,-74.0
1777891647.2453325,-4.0,-4.0,-72.0
1777891647.2553325,-2.0,-4.0,-71.0
1777891647.2653325,-5.0,-2.0,-66.0
1777891647.2753325,0.0,3.0,-61.0
1777891647.2853324,-1.0,1.0,-67.0
1777891647.2953324,-1.0,-4.0,-72.0
1777891647.3053324,-2.0,-2.0,-74.0
1777891647.3153324,-5.0,-2.0,-75.0
1777891647.3253324,-4.0,0.0,-74.0
1777891647.3353324,-3.0,1.0,-73.0
1777891647.3453324,-1.0,-1.0,-76.0
1777891647.3553324,-2.0,-3.0,-75.0
1777891647.3653324,0.0,-2.0,-79.0
1777891647.3753324,0.0,-2.0,-74.0
1777891647.3853323,0.0,-3.0,-79.0
1777891647.3953323,4.0,-6.0,-78.0
1777891647.4053323,6.0,-4.0,-75.0
1777891647.4153323,10.0,-4.0,-72.0
1777891647.4253323,9.0,-6.0,-67.0
1777891647.4353323,4.0,-5.0,-68.0
1777891647.4453323,3.0,-4.0,-70.0
1777891647.4553325,0.0,-3.0,-67.0
1777891647.4663324,-4.0,-5.0,-70.0
1777891647.4753325,-4.0,-8.0,-75.0
1777891647.4853325,-3.0,-4.0,-77.0
1777891647.4953325,-3.0,-3.0,-72.0
1777891647.5053325,-1.0,-3.0,-70.0
1777891647.5153325,5.0,-2.0,-71.0
1777891647.5253325,5.0,-6.0,-64.0
1777891647.5353324,5.0,-8.0,-68.0
1777891647.5453324,9.0,-5.0,-74.0
1777891647.5553324,5.0,-4.0,-77.0
1777891647.5653324,0.0,-3.0,-76.0
1777891647.5753324,-5.0,-2.0,-78.0
1777891647.5853324,-8.0,-2.0,-75.0
1777891647.5953324,-7.0,-3.0,-73.0
1777891647.6053324,-7.0,-1.0,-76.0
1777891647.6153324,-4.0,-1.0,-80.0
1777891647.6253324,-6.0,-2.0,-79.0
1777891647.6353323,-8.0,0.0,-83.0
1777891647.6453323,-7.0,0.0,-78.0
1777891647.6553323,-9.0,-5.0,-71.0
1777891647.6653323,-5.0,-7.0,-66.0
1777891647.6753323,-3.0,-4.0,-69.0
1777891647.6853323,0.0,-2.0,-63.0
1777891647.6953323,0.0,-6.0,-67.0
1777891647.7053325,1.0,-6.0,-69.0
1777891647.7153325,2.0,-6.0,-72.0
1777891647.7253325,1.0,-6.0,-74.0
1777891647.7353325,0.0,-7.0,-69.0
1777891647.7453325,0.0,-6.0,-71.0
1777891647.7553325,2.0,-6.0,-68.0
1777891647.7653325,2.0,-1.0,-71.0
1777891647.7753325,3.0,-3.0,-81.0
1777891647.7853324,7.0,-6.0,-81.0
1777891647.7953324,6.0,-3.0,-83.0
1777891647.8053324,2.0,-3.0,-74.0
1777891647.8153324,0.0,-4.0,-67.0
1777891647.8253324,4.0,-2.0,-65.0
1777891647.8353324,10.0,-5.0,-66.0
1777891647.8453324,10.0,-7.0,-60.0
1777891647.8553324,7.0,-4.0,-67.0
1777891647.8653324,5.0,-3.0,-66.0
1777891647.8753324,6.0,1.0,-71.0
1777891647.8853323,1.0,3.0,-76.0
1777891647.8953323,1.0,1.0,-74.0
1777891647.9053323,0.0,1.0,-72.0
1777891647.9153323,0.0,0.0,-65.0
1777891647.9253323,-4.0,-1.0,-67.0
1777891647.9353323,-4.0,0.0,-66.0
1777891647.9453323,-2.0,0.0,-65.0
1777891647.9553325,0.0,-1.0,-68.0
1777891647.9653325,-6.0,-2.0,-72.0
1777891647.9753325,-2.0,1.0,-70.0
1777891647.9853325,-3.0,5.0,-71.0
1777891647.9953325,-2.0,8.0,-72.0
1777891648.0053325,-2.0,5.0,-71.0
1777891648.0153325,-2.0,1.0,-73.0
1777891648.0253325,2.0,1.0,-68.0
1777891648.0353324,2.0,4.0,-68.0
1777891648.0453324,-3.0,3.0,-71.0
1777891648.0553324,-6.0,3.0,-78.0
1777891648.0653324,-7.0,5.0,-77.0
1777891648.0753324,-6.0,4.0,-75.0
1777891648.0853324,-1.0,4.0,-67.0
1777891648.0953324,-2.0,6.0,-62.0
1777891648.1053324,-2.0,1.0,-67.0
1777891648.1153324,0.0,1.0,-67.0
1777891648.1253324,-1.0,4.0,-73.0
1777891648.1353323,0.0,5.0,-71.0
1777891648.1453323,1.0,4.0,-64.0
1777891648.1553323,-2.0,0.0,-71.0
1777891648.1653323,-3.0,-6.0,-78.0
1777891648.1753323,-1.0,-6.0,-83.0
1777891648.1853323,0.0,-7.0,-84.0
1777891648.1953323,-4.0,-1.0,-83.0
1777891648.2053325,-4.0,0.0,-79.0
1777891648.2153325,0.0,-4.0,-71.0
1777891648.2253325,-3.0,-5.0,-72.0
1777891648.2353325,0.0,-3.0,-67.0
1777891648.2453325,1.0,-2.0,-65.0
1777891648.2553325,-1.0,-4.0,-67.0
1777891648.2653325,-4.0,-1.0,-68.0
1777891648.2753325,-5.0,1.0,-63.0
1777891648.2853324,-3.0,1.0,-68.0
1777891648.2953324,0.0,-2.0,-68.0
1777891648.3053324,-5.0,-3.0,-61.0
1777891648.3153324,-3.0,-1.0,-61.0
1777891648.3253324,-5.0,2.0,-60.0
1777891648.3353324,-6.0,7.0,-64.0
1777891648.3453324,1.0,5.0,-65.0
1777891648.3553324,0.0,3.0,-66.0
1777891648.3653324,-1.0,7.0,-69.0
1777891648.3753324,-4.0,6.0,-74.0
1777891648.3853323,-4.0,5.0,-72.0
1777891648.3953323,-8.0,2.0,-63.0
1777891648.4053323,-10.0,-3.0,-69.0
1777891648.4153323,-7.0,-6.0,-67.0
1777891648.4253323,-1.0,-8.0,-63.0
1777891648.4353323,1.0,-12.0,-65.0
1777891648.4453323,0.0,-12.0,-65.0
1777891648.4553325,1.0,-7.0,-63.0
1777891648.4653325,0.0,-4.0,-70.0
1777891648.4753325,2.0,-4.0,-73.0
1777891648.4853325,-2.0,-3.0,-78.0
1777891648.4953325,0.0,0.0,-84.0
1777891648.5053325,2.0,0.0,-88.0
1777891648.5153325,1.0,0.0,-85.0
1777891648.5253325,4.0,0.0,-85.0
1777891648.5363324,5.0,0.0,-79.0
1777891648.5463324,8.0,0.0,-76.0
1777891648.5563323,3.0,-1.0,-79.0
1777891648.5663323,4.0,-3.0,-80.0
1777891648.5763323,1.0,0.0,-78.0
1777891648.5863323,-2.0,0.0,-83.0
1777891648.5963323,-2.0,2.0,-78.0
1777891648.6063323,-3.0,1.0,-79.0
1777891648.6163323,-4.0,1.0,-77.0
1777891648.6263323,0.0,1.0,-78.0
1777891648.6363325,0.0,1.0,-76.0
1777891648.6463325,0.0,0.0,-74.0
1777891648.6563325,-2.0,0.0,-75.0
1777891648.6663325,-3.0,-5.0,-76.0
1777891648.6763325,-5.0,-5.0,-77.0
1777891648.6863325,-6.0,-5.0,-77.0
1777891648.6963325,-4.0,-2.0,-79.0
1777891648.7063324,-5.0,0.0,-78.0
1777891648.7163324,-9.0,-2.0,-80.0
1777891648.7263324,-5.0,-2.0,-76.0
1777891648.7363324,-3.0,-2.0,-74.0
1777891648.7463324,-3.0,-3.0,-68.0
1777891648.7563324,-1.0,-2.0,-64.0
1777891648.7663324,3.0,-6.0,-60.0
1777891648.7763324,3.0,-5.0,-62.0
1777891648.7863324,0.0,-2.0,-67.0
1777891648.7963324,-3.0,-4.0,-74.0
1777891648.8063323,-4.0,-2.0,-79.0
1777891648.8163323,-2.0,-1.0,-80.0
1777891648.8263323,0.0,0.0,-77.0
1777891648.8363323,0.0,-2.0,-75.0
1777891648.8463323,5.0,-3.0,-70.0
1777891648.8563323,1.0,-1.0,-65.0
1777891648.8663323,1.0,-3.0,-64.0
1777891648.8763323,-2.0,0.0,-69.0
1777891648.8863325,1.0,-6.0,-67.0
1777891648.8963325,4.0,-10.0,-68.0
1777891648.9063325,5.0,-5.0,-67.0
1777891648.9163325,5.0,-7.0,-67.0
1777891648.9263325,-1.0,-3.0,-64.0
1777891648.9363325,-4.0,0.0,-65.0
1777891648.9463325,-1.0,0.0,-62.0
1777891648.9563324,-2.0,1.0,-66.0
1777891648.9663324,0.0,-2.0,-72.0
1777891648.9763324,0.0,-2.0,-74.0
1777891648.9863324,0.0,-2.0,-83.0
1777891648.9963324,0.0,0.0,-85.0
1777891649.0063324,0.0,-2.0,-80.0
1777891649.0163324,0.0,-1.0,-78.0
1777891649.0263324,0.0,-2.0,-75.0
1777891649.0363324,-1.0,0.0,-81.0
1777891649.0463324,0.0,0.0,-80.0
1777891649.0563323,3.0,-1.0,-77.0
1777891649.0663323,3.0,-5.0,-73.0
1777891649.0763323,0.0,-4.0,-79.0
1777891649.0863323,3.0,-5.0,-81.0
1777891649.0963323,0.0,-4.0,-75.0
1777891649.1063323,-3.0,-2.0,-73.0
1777891649.1163323,-4.0,-3.0,-78.0
1777891649.1263323,-5.0,0.0,-75.0
1777891649.1363325,-2.0,1.0,-74.0
1777891649.1463325,2.0,1.0,-73.0
1777891649.1563325,0.0,-1.0,-75.0
1777891649.1663325,-1.0,0.0,-73.0
1777891649.1763325,-4.0,-1.0,-71.0
1777891649.1863325,-1.0,-1.0,-70.0
1777891649.1963325,1.0,-3.0,-62.0
1777891649.2073324,-2.0,0.0,-62.0
1777891649.2163324,-4.0,0.0,-63.0
1777891649.2263324,0.0,-1.0,-62.0
1777891649.2363324,1.0,-2.0,-61.0
1777891649.2463324,2.0,-2.0,-64.0
1777891649.2563324,0.0,-4.0,-61.0
1777891649.2663324,-2.0,-4.0,-60.0
1777891649.2763324,1.0,-4.0,-62.0
1777891649.2863324,0.0,-5.0,-64.0
1777891649.2963324,-3.0,-10.0,-67.0
1777891649.3063323,-5.0,-5.0,-68.0
1777891649.3163323,-8.0,-5.0,-68.0
1777891649.3263323,-2.0,-4.0,-73.0
1777891649.3363323,1.0,-4.0,-77.0
1777891649.3463323,-4.0,-6.0,-70.0
1777891649.3563323,-4.0,-7.0,-65.0
1777891649.3663323,0.0,0.0,-63.0
1777891649.3763323,6.0,0.0,-60.0
1777891649.3863325,8.0,-1.0,-54.0
1777891649.3963325,5.0,0.0,-58.0
1777891649.4063325,3.0,-2.0,-67.0
1777891649.4163325,2.0,-1.0,-68.0
1777891649.4263325,3.0,2.0,-64.0
1777891649.4363325,6.0,0.0,-67.0
1777891649.4463325,4.0,2.0,-77.0
1777891649.4563324,1.0,0.0,-77.0
1777891649.4663324,0.0,-2.0,-78.0
1777891649.4763324,-4.0,-1.0,-78.0
1777891649.4863324,-2.0,-2.0,-74.0
1777891649.4963324,0.0,-6.0,-74.0
1777891649.5063324,3.0,-6.0,-72.0
1777891649.5163324,4.0,-6.0,-67.0
1777891649.5263324,2.0,0.0,-66.0
1777891649.5363324,0.0,1.0,-65.0
1777891649.5463324,2.0,1.0,-69.0
1777891649.5563323,5.0,1.0,-74.0
1777891649.5663323,4.0,0.0,-75.0
1777891649.5763323,0.0,3.0,-77.0
1777891649.5863323,-1.0,7.0,-78.0
1777891649.5963323,2.0,5.0,-79.0
1777891649.6063323,2.0,3.0,-77.0
1777891649.6163323,1.0,0.0,-72.0
1777891649.6263323,-1.0,0.0,-71.0
1777891649.6363325,0.0,2.0,-65.0
1777891649.6463325,-1.0,-1.0,-59.0
1777891649.6563325,-4.0,-4.0,-58.0
1777891649.6663325,-9.0,0.0,-65.0
1777891649.6763325,-6.0,-2.0,-67.0
1777891649.6863325,-3.0,-3.0,-72.0
1777891649.6963325,0.0,-5.0,-77.0
1777891649.7063324,1.0,0.0,-72.0
1777891649.7163324,2.0,1.0,-67.0
1777891649.7263324,0.0,1.0,-66.0
1777891649.7363324,2.0,4.0,-66.0
1777891649.7463324,0.0,2.0,-70.0
1777891649.7563324,-2.0,1.0,-75.0
1777891649.7663324,-2.0,1.0,-78.0
1777891649.7763324,0.0,1.0,-76.0
1777891649.7863324,1.0,-2.0,-77.0
1777891649.7963324,5.0,0.0,-80.0
1777891649.8063323,6.0,1.0,-85.0
1777891649.8163323,3.0,3.0,-84.0
1777891649.8263323,3.0,2.0,-86.0
1777891649.8363323,1.0,2.0,-84.0
1777891649.8463323,3.0,0.0,-80.0
1777891649.8563323,3.0,0.0,-82.0
1777891649.8663323,4.0,-3.0,-80.0
1777891649.8763323,4.0,-3.0,-79.0
1777891649.8863325,3.0,-4.0,-79.0
1777891649.8963325,4.0,0.0,-82.0
1777891649.9063325,2.0,-1.0,-74.0
1777891649.9163325,3.0,-5.0,-70.0
1777891649.9263325,6.0,-2.0,-74.0
1777891649.9363325,9.0,-6.0,-70.0
1777891649.9463325,8.0,-1.0,-73.0
1777891649.9563324,4.0,-1.0,-74.0
1777891649.9663324,6.0,-1.0,-70.0
1777891649.9763324,0.0,-5.0,-71.0
1777891649.9863324,3.0,-5.0,-67.0
1777891649.9963324,1.0,-3.0,-62.0
1777891650.0063324,-5.0,-6.0,-64.0
1777891650.0163324,0.0,-6.0,-59.0
1777891650.0263324,3.0,-5.0,-56.0
1777891650.0363324,5.0,-3.0,-51.0
1777891650.0463324,3.0,0.0,-53.0
1777891650.0563323,4.0,4.0,-56.0
1777891650.0663323,6.0,0.0,-65.0
1777891650.0763323,3.0,-3.0,-69.0
1777891650.0863323,0.0,-3.0,-76.0
1777891650.0963323,3.0,-6.0,-76.0
1777891650.1063323,7.0,-4.0,-79.0
1777891650.1163323,0.0,-1.0,-77.0
1777891650.1263323,0.0,0.0,-70.0
1777891650.1363325,-3.0,0.0,-71.0
1777891650.1463325,-2.0,0.0,-76.0
1777891650.1563325,-1.0,0.0,-79.0
1777891650.1663325,-2.0,-3.0,-78.0
1777891650.1763325,4.0,-5.0,-77.0
1777891650.1863325,7.0,0.0,-77.0
1777891650.1963325,8.0,2.0,-78.0
1777891650.2063324,7.0,-2.0,-75.0
1777891650.2163324,5.0,-4.0,-72.0
1777891650.2263324,5.0,-3.0,-74.0
1777891650.2363324,3.0,-5.0,-72.0
1777891650.2463324,5.0,-5.0,-74.0
1777891650.2563324,3.0,-7.0,-73.0
1777891650.2663324,2.0,-7.0,-77.0
1777891650.2763324,-2.0,-7.0,-75.0
1777891650.2863324,-1.0,-1.0,-75.0
1777891650.2963324,-3.0,0.0,-83.0
1777891650.3063323,0.0,1.0,-76.0
1777891650.3163323,0.0,4.0,-67.0
1777891650.3263323,0.0,3.0,-62.0
1777891650.3363323,1.0,3.0,-63.0
1777891650.3463323,0.0,2.0,-71.0
1777891650.3563323,3.0,5.0,-71.0
1777891650.3663323,6.0,1.0,-67.0
1777891650.3763323,7.0,0.0,-72.0
1777891650.3863325,0.0,0.0,-72.0
1777891650.3963325,-7.0,-1.0,-69.0
1777891650.4063325,-7.0,-1.0,-66.0
1777891650.4163325,-3.0,0.0,-78.0
1777891650.4263325,-2.0,-3.0,-75.0
1777891650.4363325,0.0,-6.0,-73.0
1777891650.4463325,0.0,-7.0,-71.0
1777891650.4563324,-4.0,-9.0,-75.0
1777891650.4663324,-4.0,-9.0,-75.0
1777891650.4763324,-1.0,-5.0,-75.0
1777891650.4863324,-1.0,-7.0,-77.0
1777891650.4973323,0.0,-5.0,-72.0
1777891650.5073323,0.0,-3.0,-73.0
1777891650.5173323,-5.0,-4.0,-71.0
1777891650.5273323,-6.0,-2.0,-67.0
1777891650.5363324,-3.0,-2.0,-68.0
1777891650.5473323,-6.0,-1.0,-65.0
1777891650.5573325,-4.0,-3.0,-69.0
1777891650.5673325,-1.0,-2.0,-64.0
1777891650.5773325,-3.0,-1.0,-65.0
1777891650.5873325,-1.0,0.0,-61.0
1777891650.5973325,0.0,4.0,-65.0
1777891650.6073325,0.0,2.0,-72.0
1777891650.6173325,2.0,2.0,-75.0
1777891650.6273324,2.0,2.0,-81.0
1777891650.6373324,8.0,4.0,-81.0
1777891650.6473324,13.0,7.0,-70.0
1777891650.6573324,11.0,6.0,-73.0
1777891650.6673324,5.0,4.0,-70.0
1777891650.6773324,7.0,7.0,-76.0
1777891650.6873324,10.0,4.0,-76.0
1777891650.6973324,6.0,7.0,-73.0
1777891650.7073324,7.0,7.0,-74.0
1777891650.7173324,7.0,9.0,-78.0
1777891650.7273324,6.0,7.0,-78.0
1777891650.7373323,10.0,9.0,-80.0
1777891650.7473323,9.0,9.0,-78.0
1777891650.7573323,10.0,7.0,-74.0
1777891650.7673323,8.0,9.0,-68.0
1777891650.7773323,7.0,4.0,-64.0
1777891650.7873323,3.0,3.0,-64.0
1777891650.7973323,4.0,0.0,-63.0
1777891650.8073325,0.0,-1.0,-66.0
1777891650.8173325,4.0,2.0,-64.0
1777891650.8273325,5.0,0.0,-68.0
1777891650.8373325,6.0,1.0,-73.0
1777891650.8473325,0.0,4.0,-73.0
1777891650.8573325,0.0,0.0,-72.0
1777891650.8673325,-2.0,0.0,-71.0
1777891650.8773324,-1.0,-1.0,-71.0
1777891650.8873324,-3.0,-1.0,-74.0
1777891650.8973324,-3.0,-3.0,-64.0
1777891650.9073324,-3.0,-6.0,-66.0
1777891650.9173324,-3.0,-6.0,-70.0
1777891650.9273324,-2.0,-1.0,-73.0
1777891650.9373324,-1.0,-3.0,-74.0
1777891650.9473324,5.0,-4.0,-77.0
1777891650.9573324,6.0,-5.0,-70.0
1777891650.9673324,7.0,-2.0,-73.0
1777891650.9773324,4.0,-2.0,-73.0
1777891650.9873323,0.0,0.0,-72.0
1777891650.9973323,0.0,-1.0,-76.0
1777891651.0073323,-2.0,-1.0,-76.0
1777891651.0173323,-4.0,-7.0,-80.0
1777891651.0273323,-1.0,-6.0,-79.0
1777891651.0373323,-1.0,-5.0,-76.0
1777891651.0473323,1.0,-9.0,-73.0
1777891651.0573325,0.0,-7.0,-70.0
1777891651.0673325,2.0,-5.0,-70.0
1777891651.0773325,-1.0,-2.0,-63.0
1777891651.0873325,3.0,-2.0,-66.0
1777891651.0973325,-1.0,-6.0,-69.0
1777891651.1073325,-3.0,-5.0,-67.0
1777891651.1173325,0.0,-8.0,-74.0
1777891651.1273324,-1.0,-8.0,-78.0
1777891651.1373324,1.0,-8.0,-78.0
1777891651.1473324,2.0,-4.0,-79.0
1777891651.1573324,4.0,-5.0,-76.0
1777891651.1673324,3.0,-8.0,-74.0
1777891651.1773324,6.0,-6.0,-75.0
1777891651.1873324,4.0,-1.0,-73.0
1777891651.1973324,2.0,-1.0,-75.0
1777891651.2073324,3.0,3.0,-74.0
1777891651.2173324,6.0,2.0,-75.0
1777891651.2273324,1.0,4.0,-74.0
1777891651.2373323,3.0,4.0,-77.0
1777891651.2473323,3.0,0.0,-73.0
1777891651.2573323,-1.0,1.0,-63.0
1777891651.2673323,0.0,-1.0,-68.0
1777891651.2773323,-1.0,-2.0,-73.0
1777891651.2873323,3.0,0.0,-70.0
1777891651.2973323,0.0,-1.0,-67.0
1777891651.3073325,-1.0,0.0,-67.0
1777891651.3173325,0.0,0.0,-71.0
1777891651.3273325,0.0,-4.0,-72.0
1777891651.3373325,2.0,-6.0,-78.0
1777891651.3473325,5.0,-8.0,-83.0
1777891651.3573325,4.0,-7.0,-84.0
1777891651.3673325,0.0,-2.0,-86.0
1777891651.3773324,-2.0,0.0,-84.0
1777891651.3873324,1.0,0.0,-84.0
1777891651.3973324,2.0,-3.0,-80.0
1777891651.4073324,2.0,-4.0,-79.0
1777891651.4173324,2.0,-1.0,-76.0
1777891651.4273324,0.0,0.0,-74.0
1777891651.4373324,2.0,-6.0,-67.0
1777891651.4473324,1.0,-4.0,-66.0
1777891651.4573324,0.0,-6.0,-64.0
1777891651.4673324,1.0,-7.0,-64.0
1777891651.4773324,4.0,-9.0,-64.0
1777891651.4873323,8.0,-6.0,-62.0
1777891651.4973323,3.0,-1.0,-69.0
1777891651.5073323,4.0,-2.0,-77.0
1777891651.5173323,6.0,0.0,-79.0
1777891651.5273323,4.0,0.0,-81.0
1777891651.5373323,4.0,0.0,-74.0
1777891651.5473323,5.0,-4.0,-76.0
1777891651.5573325,6.0,-5.0,-72.0
1777891651.5673325,7.0,-4.0,-75.0
1777891651.5773325,5.0,-3.0,-80.0
1777891651.5873325,9.0,-1.0,-76.0
1777891651.5973325,9.0,0.0,-74.0
1777891651.6073325,8.0,-3.0,-75.0
1777891651.6173325,0.0,-4.0,-79.0
1777891651.6273324,3.0,0.0,-78.0
1777891651.6373324,2.0,-1.0,-73.0
1777891651.6473324,2.0,0.0,-79.0
1777891651.6573324,1.0,1.0,-86.0
1777891651.6673324,1.0,-1.0,-85.0
1777891651.6773324,0.0,0.0,-87.0
1777891651.6873324,0.0,0.0,-89.0
1777891651.6973324,2.0,0.0,-83.0
1777891651.7073324,6.0,0.0,-84.0
1777891651.7173324,0.0,0.0,-82.0
1777891651.7273324,2.0,-3.0,-78.0
1777891651.7373323,5.0,0.0,-76.0
1777891651.7473323,0.0,0.0,-72.0
1777891651.7573323,-2.0,0.0,-64.0
1777891651.7673323,-1.0,0.0,-65.0
1777891651.7773323,1.0,0.0,-68.0
1777891651.7873323,0.0,5.0,-71.0
1777891651.7973323,0.0,6.0,-73.0
1777891651.8073325,-1.0,10.0,-71.0
1777891651.8173325,-3.0,4.0,-71.0
1777891651.8273325,-1.0,3.0,-69.0
1777891651.8373325,0.0,2.0,-63.0
1777891651.8473325,2.0,-5.0,-62.0
1777891651.8573325,4.0,-6.0,-72.0
1777891651.8673325,0.0,-7.0,-74.0
1777891651.8773324,2.0,-9.0,-70.0
1777891651.8873324,1.0,-5.0,-73.0
1777891651.8973324,-2.0,0.0,-70.0
1777891651.9073324,-3.0,2.0,-68.0
1777891651.9173324,-2.0,5.0,-66.0
1777891651.9273324,-2.0,6.0,-65.0
1777891651.9373324,-2.0,6.0,-61.0
1777891651.9473324,1.0,2.0,-63.0
1777891651.9573324,2.0,1.0,-67.0
1777891651.9673324,6.0,-1.0,-73.0
1777891651.9773324,3.0,-3.0,-72.0
1777891651.9873323,2.0,-3.0,-75.0
1777891651.9973323,0.0,-2.0,-70.0
1777891652.0073323,2.0,0.0,-68.0
1777891652.0173323,0.0,0.0,-69.0
1777891652.0273323,2.0,-2.0,-69.0
1777891652.0373323,0.0,-1.0,-72.0
1777891652.0473323,0.0,-5.0,-68.0
1777891652.0573325,0.0,-3.0,-68.0
1777891652.0673325,-3.0,-3.0,-71.0
1777891652.0773325,-6.0,-3.0,-77.0
1777891652.0873325,-7.0,0.0,-80.0
1777891652.0973325,-2.0,0.0,-74.0
1777891652.1073325,2.0,-1.0,-75.0
1777891652.1173325,7.0,-2.0,-72.0
1777891652.1273324,7.0,-6.0,-81.0
1777891652.1373324,2.0,-6.0,-82.0
1777891652.1473324,-2.0,-5.0,-77.0
1777891652.1573324,0.0,-2.0,-69.0
1777891652.1673324,-3.0,-4.0,-69.0
1777891652.1773324,0.0,-5.0,-75.0
1777891652.1873324,-2.0,-1.0,-74.0
1777891652.1973324,2.0,-3.0,-68.0
1777891652.2073324,0.0,-3.0,-67.0
1777891652.2173324,0.0,-7.0,-68.0
1777891652.2273324,0.0,-6.0,-72.0
1777891652.2373323,-1.0,-10.0,-71.0
1777891652.2473323,-4.0,-10.0,-62.0
1777891652.2573323,-4.0,-11.0,-62.0
1777891652.2673323,-2.0,-12.0,-67.0
1777891652.2773323,-4.0,-9.0,-65.0
1777891652.2873323,0.0,-4.0,-66.0
1777891652.2973323,4.0,-6.0,-71.0
1777891652.3073325,1.0,-7.0,-74.0
1777891652.3173325,5.0,-5.0,-75.0
1777891652.3273325,6.0,-5.0,-76.0
1777891652.3373325,2.0,-4.0,-80.0
1777891652.3473325,0.0,-1.0,-83.0
1777891652.3573325,-1.0,0.0,-77.0
1777891652.3673325,1.0,-1.0,-72.0
1777891652.3773324,0.0,-3.0,-70.0
1777891652.3873324,4.0,-2.0,-68.0
1777891652.3973324,3.0,0.0,-70.0
1777891652.4073324,1.0,0.0,-74.0
1777891652.4173324,0.0,1.0,-77.0
1777891652.4273324,0.0,1.0,-82.0
1777891652.4373324,-3.0,2.0,-83.0
1777891652.4473324,0.0,2.0,-81.0
1777891652.4573324,6.0,-2.0,-84.0
1777891652.4673324,10.0,-1.0,-80.0
1777891652.4773324,12.0,-1.0,-78.0
1777891652.4873323,11.0,-7.0,-81.0
1777891652.4973323,7.0,-6.0,-78.0
1777891652.5073323,2.0,-4.0,-70.0
1777891652.5183325,0.0,-3.0,-66.0
1777891652.5273323,1.0,0.0,-71.0
1777891652.5373323,-1.0,1.0,-76.0
1777891652.5483325,-2.0,-3.0,-79.0
1777891652.5583324,-3.0,-4.0,-74.0
1777891652.5683324,-7.0,-4.0,-71.0
1777891652.5783324,-6.0,-4.0,-69.0
1777891652.5883324,-1.0,-2.0,-73.0
1777891652.5983324,-2.0,0.0,-62.0
1777891652.6083324,-3.0,1.0,-66.0
1777891652.6183324,-2.0,1.0,-66.0
1777891652.6283324,0.0,0.0,-70.0
1777891652.6383324,-4.0,-1.0,-68.0
1777891652.6483324,-5.0,0.0,-68.0
1777891652.6583323,-2.0,2.0,-63.0
1777891652.6683323,-3.0,2.0,-62.0
1777891652.6783323,-7.0,0.0,-61.0
1777891652.6883323,-7.0,2.0,-61.0
1777891652.6983323,-7.0,-2.0,-71.0
1777891652.7083323,-5.0,0.0,-73.0
1777891652.7183323,-3.0,2.0,-77.0
1777891652.7283323,-7.0,1.0,-78.0
1777891652.7383325,-3.0,0.0,-71.0
1777891652.7483325,0.0,-2.0,-70.0
1777891652.7583325,0.0,-1.0,-71.0
1777891652.7683325,-2.0,0.0,-68.0
1777891652.7783325,-7.0,-1.0,-72.0
1777891652.7883325,-7.0,0.0,-73.0
1777891652.7983325,-6.0,-1.0,-75.0
1777891652.8083324,-3.0,-3.0,-74.0
1777891652.8183324,-2.0,-2.0,-72.0
1777891652.8283324,-1.0,-1.0,-78.0
1777891652.8383324,-1.0,0.0,-86.0
1777891652.8483324,-2.0,-2.0,-85.0
1777891652.8583324,0.0,-4.0,-81.0
1777891652.8683324,4.0,-6.0,-80.0
1777891652.8783324,7.0,-3.0,-78.0
1777891652.8883324,5.0,-4.0,-77.0
1777891652.8983324,8.0,-4.0,-73.0
1777891652.9083323,6.0,-2.0,-70.0
1777891652.9183323,1.0,-1.0,-69.0
1777891652.9283323,-2.0,0.0,-74.0
1777891652.9383323,-2.0,-2.0,-70.0
1777891652.9483323,0.0,-1.0,-72.0
1777891652.9583323,-3.0,0.0,-74.0
1777891652.9683323,-3.0,0.0,-81.0
1777891652.9783323,-2.0,0.0,-76.0
1777891652.9883325,0.0,0.0,-70.0
1777891652.9983325,1.0,1.0,-74.0
1777891653.0083325,3.0,3.0,-73.0
1777891653.0183325,3.0,4.0,-71.0
1777891653.0283325,1.0,2.0,-68.0
1777891653.0383325,-1.0,-2.0,-68.0
1777891653.0483325,-4.0,-3.0,-69.0
1777891653.0583324,-6.0,-4.0,-74.0
1777891653.0683324,-5.0,-4.0,-76.0
1777891653.0783324,-5.0,-4.0,-72.0
1777891653.0883324,-6.0,-3.0,-72.0
1777891653.0983324,-3.0,-5.0,-69.0
1777891653.1083324,1.0,-6.0,-75.0
1777891653.1183324,0.0,-6.0,-74.0
1777891653.1283324,-2.0,-4.0,-82.0
1777891653.1383324,1.0,-1.0,-77.0
1777891653.1483324,6.0,-3.0,-74.0
1777891653.1583323,6.0,-2.0,-76.0
1777891653.1683323,8.0,-4.0,-75.0
1777891653.1783323,12.0,-2.0,-70.0
1777891653.1883323,11.0,-1.0,-74.0
1777891653.1983323,8.0,-2.0,-74.0
1777891653.2083323,6.0,0.0,-74.0
1777891653.2183323,6.0,3.0,-76.0
1777891653.2283323,4.0,4.0,-77.0
1777891653.2383325,6.0,2.0,-74.0
1777891653.2483325,2.0,-1.0,-73.0
1777891653.2583325,5.0,-4.0,-76.0
1777891653.2683325,10.0,-3.0,-80.0
1777891653.2783325,9.0,-2.0,-78.0
1777891653.2883325,9.0,3.0,-75.0
1777891653.2983325,10.0,0.0,-77.0
1777891653.3083324,7.0,-1.0,-78.0
1777891653.3183324,7.0,-3.0,-84.0
1777891653.3283324,2.0,-3.0,-86.0
1777891653.3383324,-2.0,-2.0,-92.0
1777891653.3483324,-10.0,-3.0,-85.0
1777891653.3583324,-11.0,-5.0,-84.0
1777891653.3683324,-9.0,-7.0,-82.0
1777891653.3783324,-9.0,-10.0,-80.0
1777891653.3883324,-4.0,-7.0,-78.0
1777891653.3983324,-4.0,-8.0,-81.0
1777891653.4083323,-2.0,-4.0,-87.0
1777891653.4183323,1.0,-6.0,-87.0
1777891653.4283323,0.0,-4.0,-87.0
1777891653.4383323,2.0,-2.0,-84.0
1777891653.4483323,-2.0,0.0,-74.0
1777891653.4583323,1.0,0.0,-70.0
1777891653.4683323,5.0,-1.0,-68.0
1777891653.4783323,4.0,-3.0,-69.0
1777891653.4883325,6.0,-3.0,-73.0
1777891653.4983325,6.0,-6.0,-72.0
1777891653.5083325,4.0,-2.0,-71.0
1777891653.5183325,3.0,-3.0,-68.0
1777891653.5283325,0.0,-3.0,-67.0
1777891653.5383325,-4.0,-7.0,-63.0
1777891653.5483325,-7.0,-10.0,-63.0
1777891653.5583324,-6.0,-6.0,-67.0
1777891653.5683324,-4.0,-2.0,-74.0
1777891653.5783324,-2.0,-1.0,-80.0
1777891653.5883324,-1.0,-1.0,-70.0
1777891653.5983324,0.0,-4.0,-61.0
1777891653.6083324,2.0,-5.0,-60.0
1777891653.6183324,1.0,-3.0,-61.0
1777891653.6283324,1.0,-1.0,-62.0
1777891653.6383324,0.0,0.0,-64.0
1777891653.6483324,4.0,0.0,-63.0
1777891653.6583323,6.0,-1.0,-63.0
1777891653.6683323,8.0,0.0,-67.0
1777891653.6783323,3.0,-5.0,-64.0
1777891653.6883323,-3.0,-1.0,-73.0
1777891653.6983323,-4.0,-2.0,-77.0
1777891653.7083323,-1.0,-1.0,-75.0
1777891653.7183323,0.0,0.0,-72.0
1777891653.7283323,-2.0,0.0,-67.0
1777891653.7383325,-2.0,-2.0,-68.0
1777891653.7483325,0.0,-6.0,-68.0
1777891653.7583325,-4.0,-7.0,-66.0
1777891653.7683325,0.0,-5.0,-61.0
1777891653.7783325,-2.0,-3.0,-63.0
1777891653.7883325,-4.0,-3.0,-65.0
1777891653.7983325,-9.0,0.0,-70.0
1777891653.8083324,-8.0,3.0,-67.0
1777891653.8183324,-14.0,5.0,-66.0
1777891653.8283324,-10.0,10.0,-63.0
1777891653.8383324,-4.0,7.0,-65.0
1777891653.8483324,2.0,6.0,-63.0
1777891653.8583324,3.0,10.0,-64.0
1777891653.8683324,-1.0,8.0,-61.0
1777891653.8783324,0.0,6.0,-65.0
1777891653.8883324,2.0,2.0,-69.0
1777891653.8983324,5.0,0.0,-72.0
1777891653.9083323,2.0,-1.0,-72.0
1777891653.9183323,0.0,-2.0,-68.0
1777891653.9283323,-1.0,1.0,-68.0
1777891653.9383323,-1.0,1.0,-67.0
1777891653.9483323,2.0,-2.0,-68.0
1777891653.9583323,4.0,-3.0,-64.0
1777891653.9683323,1.0,0.0,-72.0
1777891653.9783323,4.0,1.0,-74.0
1777891653.9883325,5.0,0.0,-69.0
1777891653.9983325,5.0,0.0,-65.0
1777891654.0083325,1.0,3.0,-67.0
1777891654.0183325,3.0,5.0,-72.0
1777891654.0283325,5.0,5.0,-73.0
1777891654.0383325,5.0,6.0,-70.0
1777891654.0483325,3.0,8.0,-71.0
1777891654.0583324,3.0,7.0,-77.0
1777891654.0683324,5.0,6.0,-84.0
1777891654.0783324,4.0,7.0,-83.0
1777891654.0883324,5.0,8.0,-73.0
1777891654.0983324,1.0,6.0,-73.0
1777891654.1083324,-2.0,4.0,-68.0
1777891654.1183324,2.0,2.0,-66.0
1777891654.1283324,3.0,0.0,-70.0
1777891654.1383324,2.0,1.0,-74.0
1777891654.1483324,2.0,0.0,-80.0
1777891654.1583323,2.0,0.0,-89.0
1777891654.1683323,3.0,-2.0,-89.0
1777891654.1783323,3.0,-2.0,-88.0
1777891654.1883323,0.0,-4.0,-88.0
1777891654.1983323,0.0,-2.0,-80.0
1777891654.2083323,0.0,-3.0,-72.0
1777891654.2183323,-3.0,-3.0,-68.0
1777891654.2283323,-6.0,-5.0,-66.0
1777891654.2383325,-5.0,-5.0,-60.0
1777891654.2483325,0.0,-4.0,-57.0
1777891654.2583325,2.0,-3.0,-56.0
1777891654.2683325,1.0,-3.0,-59.0
1777891654.2783325,0.0,0.0,-67.0
1777891654.2883325,1.0,-1.0,-70.0
1777891654.2983325,-1.0,-4.0,-73.0
1777891654.3083324,-1.0,-4.0,-65.0
1777891654.3183324,2.0,-4.0,-63.0
1777891654.3283324,0.0,-3.0,-65.0
1777891654.3383324,0.0,-2.0,-71.0
1777891654.3483324,0.0,0.0,-70.0
1777891654.3583324,0.0,2.0,-69.0
1777891654.3683324,2.0,0.0,-68.0
1777891654.3783324,0.0,-3.0,-67.0
1777891654.3883324,-1.0,-2.0,-68.0
1777891654.3983324,-3.0,-3.0,-74.0
1777891654.4083323,-2.0,-7.0,-73.0
1777891654.4183323,1.0,-7.0,-77.0
1777891654.4283323,3.0,-5.0,-76.0
1777891654.4383323,4.0,-4.0,-72.0
1777891654.4483323,2.0,-3.0,-70.0
1777891654.4583323,8.0,-2.0,-68.0
1777891654.4683323,11.0,0.0,-67.0
1777891654.4783323,14.0,-3.0,-67.0
1777891654.4883325,14.0,-3.0,-63.0
1777891654.4993324,11.0,-3.0,-60.0
1777891654.5083325,9.0,-3.0,-62.0
1777891654.5183325,8.0,-2.0,-60.0
1777891654.5283325,6.0,-1.0,-62.0
1777891654.5393324,3.0,-1.0,-67.0
1777891654.5493324,3.0,2.0,-67.0
1777891654.5593324,4.0,1.0,-78.0
1777891654.5693324,3.0,1.0,-74.0
1777891654.5793324,4.0,3.0,-67.0
1777891654.5893323,5.0,0.0,-67.0
1777891654.5993323,3.0,1.0,-67.0
1777891654.6093323,-1.0,0.0,-70.0
1777891654.6193323,-2.0,4.0,-73.0
1777891654.6293323,-4.0,6.0,-74.0
1777891654.6393323,-3.0,3.0,-70.0
1777891654.6493323,-1.0,4.0,-62.0
1777891654.6593325,0.0,1.0,-65.0
1777891654.6693325,2.0,3.0,-66.0
1777891654.6793325,2.0,0.0,-68.0
1777891654.6893325,0.0,-1.0,-71.0
1777891654.6993325,-1.0,-3.0,-70.0
1777891654.7093325,-3.0,-1.0,-72.0
1777891654.7193325,0.0,-4.0,-74.0
1777891654.7293324,0.0,-6.0,-72.0
1777891654.7393324,1.0,0.0,-77.0
1777891654.7493324,0.0,-1.0,-75.0
1777891654.7593324,0.0,-7.0,-70.0
1777891654.7693324,4.0,-1.0,-73.0
1777891654.7793324,-1.0,-2.0,-76.0
1777891654.7893324,0.0,1.0,-70.0
1777891654.7993324,5.0,2.0,-76.0
1777891654.8093324,6.0,2.0,-74.0
1777891654.8193324,5.0,0.0,-74.0
1777891654.8293324,0.0,0.0,-79.0
1777891654.8393323,-2.0,0.0,-78.0
1777891654.8493323,-1.0,0.0,-73.0
1777891654.8593323,-2.0,1.0,-67.0
1777891654.8693323,-7.0,3.0,-68.0
1777891654.8793323,-5.0,1.0,-66.0
1777891654.8893323,-3.0,-2.0,-65.0
1777891654.8993323,-4.0,0.0,-66.0
1777891654.9093325,-6.0,2.0,-72.0
1777891654.9193325,2.0,-2.0,-74.0
1777891654.9293325,1.0,-1.0,-74.0
1777891654.9393325,0.0,1.0,-71.0
1777891654.9493325,1.0,1.0,-71.0
1777891654.9593325,2.0,0.0,-74.0
1777891654.9693325,1.0,2.0,-72.0
1777891654.9793324,-1.0,5.0,-70.0
1777891654.9893324,2.0,5.0,-73.0
1777891654.9993324,1.0,2.0,-76.0
1777891655.0093324,3.0,0.0,-76.0
1777891655.0193324,5.0,1.0,-70.0
1777891655.0293324,6.0,1.0,-71.0
1777891655.0393324,5.0,-3.0,-67.0
1777891655.0493324,5.0,-1.0,-71.0
1777891655.0593324,7.0,-1.0,-75.0
1777891655.0693324,8.0,-1.0,-74.0
1777891655.0793324,11.0,-3.0,-77.0
1777891655.0893323,7.0,-3.0,-79.0
1777891655.0993323,3.0,-3.0,-72.0
1777891655.1093323,0.0,-7.0,-75.0
1777891655.1193323,-1.0,-9.0,-74.0
1777891655.1293323,-1.0,-6.0,-77.0
1777891655.1393323,0.0,-5.0,-80.0
1777891655.1493323,3.0,-3.0,-83.0
1777891655.1593325,3.0,-7.0,-78.0
1777891655.1693325,0.0,-8.0,-81.0
1777891655.1793325,3.0,-4.0,-77.0
1777891655.1893325,2.0,-6.0,-79.0
1777891655.1993325,1.0,-5.0,-83.0
1777891655.2093325,4.0,-1.0,-81.0
1777891655.2193325,1.0,0.0,-82.0
1777891655.2293324,3.0,2.0,-78.0
1777891655.2393324,0.0,0.0,-74.0
1777891655.2493324,-1.0,-2.0,-74.0
1777891655.2593324,-1.0,-1.0,-67.0
1777891655.2693324,0.0,-1.0,-66.0
1777891655.2793324,3.0,-1.0,-70.0
1777891655.2893324,6.0,2.0,-72.0
1777891655.2993324,5.0,-1.0,-69.0
1777891655.3093324,5.0,0.0,-67.0
1777891655.3193324,7.0,-5.0,-68.0
1777891655.3293324,4.0,-8.0,-69.0
1777891655.3393323,3.0,-12.0,-70.0
1777891655.3493323,0.0,-9.0,-72.0
1777891655.3593323,0.0,-6.0,-71.0
1777891655.3693323,-5.0,-5.0,-78.0
1777891655.3793323,0.0,-3.0,-80.0
1777891655.3893323,-2.0,1.0,-77.0
1777891655.3993323,0.0,2.0,-72.0
1777891655.4093325,2.0,1.0,-70.0
1777891655.4193325,0.0,-1.0,-63.0
1777891655.4293325,0.0,-4.0,-59.0
1777891655.4393325,1.0,-5.0,-61.0
1777891655.4493325,2.0,-5.0,-64.0
1777891655.4593325,7.0,-2.0,-66.0
1777891655.4693325,4.0,0.0,-68.0
1777891655.4793324,6.0,-2.0,-75.0
1777891655.4893324,6.0,-4.0,-77.0
1777891655.4993324,4.0,1.0,-79.0
1777891655.5093324,2.0,0.0,-81.0
1777891655.5193324,2.0,1.0,-80.0
1777891655.5293324,2.0,0.0,-76.0
1777891655.5393324,-1.0,0.0,-77.0
1777891655.5493324,-4.0,-2.0,-86.0
1777891655.5593324,-5.0,-4.0,-84.0
1777891655.5693324,-7.0,-5.0,-83.0
1777891655.5793324,-3.0,-2.0,-80.0
1777891655.5893323,-6.0,-1.0,-73.0
1777891655.5993323,-3.0,0.0,-66.0
1777891655.6093323,2.0,0.0,-68.0
1777891655.6193323,7.0,-2.0,-70.0
1777891655.6293323,5.0,0.0,-70.0
1777891655.6393323,11.0,0.0,-69.0
1777891655.6493323,13.0,2.0,-71.0
1777891655.6593325,10.0,0.0,-71.0
1777891655.6693325,13.0,-1.0,-73.0
1777891655.6793325,12.0,1.0,-70.0
1777891655.6893325,9.0,3.0,-73.0
1777891655.6993325,7.0,0.0,-73.0
1777891655.7093325,5.0,-2.0,-80.0
1777891655.7193325,1.0,-4.0,-81.0
1777891655.7293324,-1.0,-3.0,-79.0
1777891655.7393324,3.0,-4.0,-77.0
1777891655.7493324,3.0,0.0,-81.0
1777891655.7593324,4.0,3.0,-81.0
1777891655.7693324,-1.0,2.0,-79.0
1777891655.7793324,1.0,2.0,-77.0
1777891655.7893324,2.0,3.0,-81.0
1777891655.7993324,2.0,3.0,-83.0
1777891655.8093324,4.0,0.0,-81.0
1777891655.8193324,6.0,-3.0,-83.0
1777891655.8293324,5.0,0.0,-74.0
1777891655.8393323,0.0,2.0,-69.0
1777891655.8493323,0.0,5.0,-71.0
1777891655.8593323,3.0,3.0,-76.0
1777891655.8693323,3.0,3.0,-74.0
1777891655.8793323,1.0,1.0,-67.0
1777891655.8893323,6.0,0.0,-65.0
1777891655.8993323,-1.0,1.0,-58.0
1777891655.9093325,0.0,1.0,-58.0
1777891655.9193325,1.0,0.0,-63.0
1777891655.9293325,1.0,2.0,-67.0
1777891655.9393325,2.0,-4.0,-67.0
1777891655.9493325,1.0,-5.0,-65.0
1777891655.9593325,1.0,-6.0,-64.0
1777891655.9693325,2.0,-7.0,-73.0
1777891655.9793324,0.0,-8.0,-76.0
1777891655.9893324,2.0,-2.0,-80.0
1777891655.9993324,3.0,-2.0,-75.0
1777891656.0093324,3.0,-1.0,-74.0
1777891656.0193324,-1.0,-2.0,-77.0
1777891656.0293324,0.0,-2.0,-77.0
1777891656.0393324,-1.0,-3.0,-82.0
1777891656.0493324,0.0,-2.0,-79.0
1777891656.0593324,6.0,-7.0,-80.0
1777891656.0693324,1.0,-6.0,-78.0
1777891656.0793324,0.0,-2.0,-74.0
1777891656.0893323,0.0,0.0,-80.0
1777891656.0993323,0.0,4.0,-74.0
1777891656.1093323,0.0,5.0,-68.0
1777891656.1193323,-2.0,1.0,-73.0
1777891656.1293323,0.0,-1.0,-75.0
1777891656.1393323,-1.0,-2.0,-82.0
1777891656.1493323,1.0,0.0,-84.0
1777891656.1593325,0.0,-1.0,-83.0
1777891656.1693325,-1.0,-1.0,-91.0
1777891656.1793325,-2.0,-3.0,-92.0
1777891656.1893325,-7.0,-5.0,-88.0
1777891656.1993325,-7.0,-2.0,-81.0
1777891656.2093325,-9.0,-2.0,-72.0
1777891656.2193325,-5.0,-1.0,-71.0
1777891656.2293324,-6.0,0.0,-70.0
1777891656.2393324,-4.0,5.0,-73.0
1777891656.2493324,-2.0,2.0,-69.0
1777891656.2593324,-3.0,0.0,-71.0
1777891656.2693324,-3.0,-1.0,-74.0
1777891656.2793324,-2.0,1.0,-80.0
1777891656.2893324,-3.0,2.0,-80.0
1777891656.2993324,4.0,5.0,-80.0
1777891656.3093324,4.0,2.0,-86.0
1777891656.3193324,9.0,4.0,-82.0
1777891656.3293324,9.0,0.0,-72.0
1777891656.3393323,4.0,-2.0,-70.0
1777891656.3493323,2.0,-3.0,-71.0
1777891656.3593323,2.0,-2.0,-68.0
1777891656.3693323,2.0,-2.0,-72.0
1777891656.3793323,2.0,0.0,-75.0
1777891656.3893323,-4.0,0.0,-77.0
1777891656.3993323,-1.0,0.0,-79.0
1777891656.4093325,0.0,4.0,-82.0
1777891656.4193325,-1.0,4.0,-81.0
1777891656.4293325,1.0,1.0,-86.0
1777891656.4393325,5.0,0.0,-78.0
1777891656.4493325,6.0,0.0,-70.0
1777891656.4593325,7.0,-2.0,-67.0
1777891656.4693325,7.0,-3.0,-67.0
1777891656.4803324,3.0,-7.0,-63.0
1777891656.4893324,2.0,-3.0,-64.0
1777891656.4993324,2.0,-4.0,-71.0
1777891656.5103323,4.0,-3.0,-78.0
1777891656.5203323,5.0,0.0,-71.0
1777891656.5303323,4.0,0.0,-67.0
1777891656.5403323,0.0,3.0,-64.0
1777891656.5503323,-2.0,0.0,-61.0
1777891656.5603323,0.0,0.0,-60.0
1777891656.5703323,1.0,-3.0,-64.0
1777891656.5803325,-1.0,-2.0,-65.0
1777891656.5903325,-2.0,-4.0,-64.0
1777891656.6003325,1.0,-6.0,-66.0
1777891656.6103325,2.0,-3.0,-75.0
1777891656.6203325,3.0,-4.0,-74.0
1777891656.6303325,5.0,-5.0,-74.0
1777891656.6403325,10.0,-8.0,-78.0
1777891656.6503325,9.0,-8.0,-80.0
1777891656.6603324,7.0,-3.0,-73.0
1777891656.6703324,7.0,-2.0,-72.0
1777891656.6803324,3.0,-1.0,-77.0
1777891656.6903324,0.0,-2.0,-82.0
1777891656.7003324,4.0,0.0,-71.0
1777891656.7103324,0.0,0.0,-68.0
1777891656.7203324,-5.0,0.0,-69.0
1777891656.7303324,-6.0,-2.0,-73.0
1777891656.7403324,-9.0,-4.0,-75.0
1777891656.7503324,-7.0,-1.0,-72.0
1777891656.7603323,-3.0,0.0,-74.0
1777891656.7703323,-6.0,1.0,-74.0
1777891656.7803323,0.0,3.0,-77.0
1777891656.7903323,1.0,6.0,-78.0
1777891656.8003323,3.0,6.0,-70.0
1777891656.8103323,1.0,2.0,-65.0
1777891656.8203323,4.0,0.0,-68.0
1777891656.8303325,6.0,-1.0,-73.0
1777891656.8403325,7.0,0.0,-73.0
1777891656.8503325,7.0,-4.0,-74.0
1777891656.8603325,4.0,-3.0,-71.0
1777891656.8703325,7.0,-3.0,-67.0
1777891656.8803325,6.0,-2.0,-66.0
1777891656.8903325,5.0,0.0,-68.0
1777891656.9003325,11.0,0.0,-78.0
1777891656.9103324,13.0,0.0,-73.0
1777891656.9203324,12.0,-5.0,-65.0
1777891656.9303324,8.0,-9.0,-65.0
1777891656.9403324,9.0,-3.0,-72.0
1777891656.9503324,8.0,0.0,-75.0
1777891656.9603324,6.0,-2.0,-72.0
1777891656.9703324,9.0,-3.0,-72.0
1777891656.9803324,9.0,-2.0,-71.0
1777891656.9903324,10.0,-2.0,-65.0
1777891657.0003324,8.0,-3.0,-59.0
1777891657.0103323,4.0,-5.0,-57.0
1777891657.0203323,4.0,-1.0,-52.0
1777891657.0303323,7.0,-4.0,-53.0
1777891657.0403323,3.0,-1.0,-63.0
1777891657.0503323,0.0,1.0,-68.0
1777891657.0603323,0.0,0.0,-66.0
1777891657.0703323,0.0,0.0,-72.0
1777891657.0803325,0.0,0.0,-72.0
1777891657.0903325,-3.0,3.0,-65.0
1777891657.1003325,0.0,-3.0,-61.0
1777891657.1103325,0.0,-6.0,-65.0
1777891657.1203325,-2.0,-4.0,-66.0
1777891657.1303325,6.0,0.0,-72.0
1777891657.1403325,1.0,1.0,-70.0
1777891657.1503325,1.0,0.0,-74.0
1777891657.1603324,0.0,-5.0,-78.0
1777891657.1703324,3.0,-5.0,-76.0
1777891657.1803324,0.0,-3.0,-78.0
1777891657.1903324,0.0,-1.0,-82.0
1777891657.2003324,2.0,0.0,-78.0
1777891657.2103324,0.0,-2.0,-73.0
1777891657.2203324,1.0,-1.0,-76.0
1777891657.2303324,0.0,-3.0,-79.0
1777891657.2403324,-4.0,0.0,-80.0
1777891657.2503324,-3.0,0.0,-75.0
1777891657.2603323,3.0,-1.0,-76.0
1777891657.2703323,1.0,0.0,-80.0
1777891657.2803323,0.0,-3.0,-88.0
1777891657.2903323,0.0,-4.0,-81.0
1777891657.3003323,7.0,-2.0,-79.0
1777891657.3103323,5.0,-4.0,-76.0
1777891657.3203323,6.0,-2.0,-68.0
1777891657.3303325,6.0,-4.0,-69.0
1777891657.3403325,3.0,-5.0,-65.0
1777891657.3503325,-1.0,-2.0,-55.0
1777891657.3603325,0.0,4.0,-58.0
1777891657.3703325,5.0,6.0,-63.0
1777891657.3803325,7.0,0.0,-66.0
1777891657.3903325,9.0,-2.0,-68.0
1777891657.4003325,7.0,-2.0,-69.0
1777891657.4103324,5.0,-1.0,-66.0
1777891657.4203324,0.0,-3.0,-61.0
1777891657.4303324,0.0,-4.0,-67.0
1777891657.4403324,2.0,-3.0,-69.0
1777891657.4503324,1.0,-3.0,-68.0
1777891657.4603324,-2.0,-2.0,-73.0
1777891657.4703324,-4.0,-5.0,-76.0
1777891657.4803324,-3.0,-7.0,-70.0
1777891657.4903324,0.0,-4.0,-66.0
1777891657.5003324,0.0,-4.0,-68.0
1777891657.5103323,0.0,-2.0,-73.0
1777891657.5203323,5.0,-2.0,-75.0
1777891657.5303323,5.0,-1.0,-78.0
1777891657.5403323,4.0,0.0,-73.0
1777891657.5503323,6.0,-4.0,-75.0
1777891657.5603323,3.0,-4.0,-75.0
1777891657.5703323,0.0,-5.0,-81.0
1777891657.5803325,1.0,-3.0,-74.0
1777891657.5903325,5.0,-2.0,-77.0
1777891657.6003325,2.0,-4.0,-79.0
1777891657.6103325,1.0,-3.0,-76.0
1777891657.6203325,2.0,-2.0,-76.0
1777891657.6303325,4.0,-4.0,-74.0
1777891657.6403325,6.0,-3.0,-70.0
1777891657.6503325,7.0,-3.0,-66.0
1777891657.6603324,4.0,-4.0,-65.0
1777891657.6703324,2.0,-5.0,-63.0
1777891657.6803324,2.0,-3.0,-60.0
1777891657.6903324,1.0,-4.0,-59.0
1777891657.7003324,0.0,-4.0,-57.0
1777891657.7103324,-1.0,-4.0,-61.0
1777891657.7203324,-6.0,-1.0,-65.0
1777891657.7303324,-4.0,0.0,-64.0
1777891657.7403324,-4.0,4.0,-72.0
1777891657.7503324,0.0,7.0,-82.0
1777891657.7603323,3.0,5.0,-82.0
1777891657.7703323,0.0,6.0,-83.0
1777891657.7803323,1.0,4.0,-81.0
1777891657.7903323,5.0,1.0,-77.0
1777891657.8003323,1.0,2.0,-74.0
1777891657.8103323,0.0,-1.0,-71.0
1777891657.8203323,0.0,-6.0,-76.0
1777891657.8303325,0.0,-6.0,-77.0
1777891657.8403325,-6.0,-9.0,-76.0
1777891657.8503325,-4.0,-3.0,-70.0
1777891657.8603325,0.0,-1.0,-70.0
1777891657.8703325,-4.0,0.0,-78.0
1777891657.8803325,-1.0,0.0,-73.0
1777891657.8903325,-1.0,0.0,-70.0
1777891657.9003325,-1.0,0.0,-69.0
1777891657.9103324,0.0,0.0,-72.0
1777891657.9203324,0.0,0.0,-76.0
1777891657.9303324,0.0,-3.0,-78.0
1777891657.9403324,-2.0,-6.0,-76.0
1777891657.9503324,0.0,-4.0,-74.0
1777891657.9603324,0.0,-8.0,-67.0
1777891657.9703324,0.0,-10.0,-67.0
1777891657.9803324,2.0,-10.0,-70.0
1777891657.9903324,-4.0,-8.0,-70.0
1777891658.0003324,-3.0,-7.0,-70.0
1777891658.0103323,1.0,-9.0,-77.0
1777891658.0203323,0.0,-6.0,-72.0
1777891658.0303323,5.0,-6.0,-69.0
1777891658.0403323,1.0,-3.0,-65.0
1777891658.0503323,1.0,-1.0,-64.0
1777891658.0603323,4.0,-2.0,-60.0
1777891658.0703323,1.0,-2.0,-63.0
1777891658.0803325,1.0,-6.0,-62.0
1777891658.0903325,2.0,-5.0,-64.0
1777891658.1003325,10.0,-5.0,-73.0
1777891658.1103325,10.0,-6.0,-68.0
1777891658.1203325,8.0,-7.0,-70.0
1777891658.1303325,4.0,-8.0,-76.0
1777891658.1403325,6.0,-4.0,-85.0
1777891658.1503325,7.0,-2.0,-84.0
1777891658.1603324,3.0,-4.0,-76.0
1777891658.1703324,1.0,-2.0,-70.0
1777891658.1803324,-3.0,0.0,-69.0
1777891658.1903324,-7.0,1.0,-72.0
1777891658.2003324,-9.0,-1.0,-75.0
1777891658.2103324,-3.0,0.0,-77.0
1777891658.2203324,-2.0,0.0,-70.0
1777891658.2303324,-9.0,4.0,-71.0
1777891658.2403324,-8.0,3.0,-73.0
1777891658.2503324,-8.0,2.0,-64.0
1777891658.2603323,-3.0,2.0,-65.0
1777891658.2703323,0.0,1.0,-69.0
1777891658.2803323,5.0,5.0,-71.0
1777891658.2903323,4.0,2.0,-72.0
1777891658.3003323,7.0,0.0,-72.0
1777891658.3103323,4.0,-5.0,-67.0
1777891658.3203323,1.0,-5.0,-66.0
1777891658.3303325,0.0,-5.0,-67.0
1777891658.3403325,1.0,-7.0,-67.0
1777891658.3503325,1.0,-9.0,-72.0
1777891658.3603325,2.0,-9.0,-68.0
1777891658.3703325,1.0,-10.0,-68.0
1777891658.3803325,0.0,-8.0,-68.0
1777891658.3903325,4.0,-6.0,-62.0
1777891658.4003325,3.0,-8.0,-60.0
1777891658.4103324,7.0,-9.0,-63.0
1777891658.4203324,3.0,-8.0,-63.0
1777891658.4303324,6.0,-6.0,-64.0
1777891658.4403324,5.0,-5.0,-68.0
1777891658.4503324,6.0,-1.0,-71.0
1777891658.4603324,4.0,-1.0,-74.0
1777891658.4703324,2.0,0.0,-72.0
1777891658.4803324,-3.0,0.0,-72.0
1777891658.4913323,-5.0,1.0,-75.0
1777891658.5013323,-1.0,3.0,-68.0
1777891658.5103323,-2.0,3.0,-68.0
1777891658.5213325,0.0,0.0,-76.0
1777891658.5313325,4.0,0.0,-72.0
1777891658.5413325,1.0,-2.0,-77.0
1777891658.5513325,-1.0,-2.0,-82.0
1777891658.5613325,0.0,-6.0,-78.0
1777891658.5713325,-2.0,-8.0,-84.0
1777891658.5813324,0.0,-5.0,-85.0
1777891658.5913324,-2.0,-6.0,-75.0
1777891658.6013324,-8.0,-2.0,-79.0
1777891658.6113324,-3.0,-5.0,-76.0
1777891658.6213324,-1.0,-7.0,-77.0
1777891658.6313324,-4.0,0.0,-72.0
1777891658.6413324,-5.0,1.0,-74.0
1777891658.6513324,-4.0,2.0,-68.0
1777891658.6613324,-5.0,1.0,-67.0
1777891658.6713324,-3.0,3.0,-71.0
1777891658.6813323,-3.0,3.0,-72.0
1777891658.6913323,1.0,0.0,-77.0
1777891658.7013323,4.0,-6.0,-73.0
1777891658.7113323,3.0,-5.0,-75.0
1777891658.7213323,1.0,-7.0,-74.0
1777891658.7313323,2.0,-6.0,-76.0
1777891658.7413323,3.0,-5.0,-69.0
1777891658.7513323,6.0,-5.0,-65.0
1777891658.7613325,6.0,-4.0,-72.0
1777891658.7713325,8.0,-8.0,-68.0
1777891658.7813325,4.0,-13.0,-68.0
1777891658.7913325,6.0,-10.0,-67.0
1777891658.8013325,4.0,-8.0,-68.0
1777891658.8113325,1.0,-6.0,-67.0
1777891658.8213325,3.0,-7.0,-68.0
1777891658.8313324,2.0,-2.0,-67.0
1777891658.8413324,-1.0,-1.0,-65.0
1777891658.8513324,3.0,-1.0,-70.0
1777891658.8613324,0.0,-8.0,-67.0
1777891658.8713324,3.0,-8.0,-69.0
1777891658.8813324,0.0,-10.0,-67.0
1777891658.8913324,0.0,-11.0,-74.0
1777891658.9013324,1.0,-10.0,-73.0
1777891658.9113324,3.0,-11.0,-83.0
1777891658.9213324,3.0,-6.0,-80.0
1777891658.9313323,5.0,-1.0,-77.0
1777891658.9413323,7.0,-1.0,-75.0
1777891658.9513323,6.0,0.0,-75.0
1777891658.9613323,7.0,0.0,-71.0
1777891658.9713323,10.0,0.0,-68.0
1777891658.9813323,13.0,0.0,-70.0
1777891658.9913323,8.0,-3.0,-70.0
1777891659.0013323,5.0,-4.0,-74.0
1777891659.0113325,0.0,-2.0,-72.0
1777891659.0213325,1.0,0.0,-72.0
1777891659.0313325,0.0,-1.0,-70.0
1777891659.0413325,2.0,-1.0,-69.0
1777891659.0513325,5.0,0.0,-64.0
1777891659.0613325,3.0,1.0,-66.0
1777891659.0713325,2.0,1.0,-64.0
1777891659.0813324,-1.0,0.0,-66.0
1777891659.0913324,-4.0,0.0,-67.0
1777891659.1013324,-3.0,0.0,-70.0
1777891659.1113324,-6.0,0.0,-69.0
1777891659.1213324,-3.0,1.0,-61.0
1777891659.1313324,-1.0,2.0,-67.0
1777891659.1413324,-5.0,3.0,-67.0
1777891659.1513324,-7.0,3.0,-66.0
1777891659.1613324,-2.0,0.0,-66.0
1777891659.1713324,1.0,1.0,-69.0
1777891659.1813323,2.0,3.0,-67.0
1777891659.1913323,2.0,1.0,-64.0
1777891659.2013323,1.0,0.0,-60.0
1777891659.2113323,1.0,-2.0,-62.0
1777891659.2213323,0.0,-5.0,-63.0
1777891659.2313323,0.0,-3.0,-67.0
1777891659.2413323,3.0,-6.0,-66.0
1777891659.2513323,3.0,-8.0,-64.0
1777891659.2613325,5.0,-7.0,-59.0
1777891659.2713325,8.0,-7.0,-61.0
1777891659.2813325,6.0,-5.0,-65.0
1777891659.2913325,6.0,-3.0,-69.0
1777891659.3013325,5.0,-5.0,-67.0
1777891659.3113325,3.0,-6.0,-69.0
1777891659.3213325,6.0,-6.0,-71.0
1777891659.3313324,6.0,-4.0,-71.0
1777891659.3413324,5.0,-6.0,-71.0
1777891659.3513324,4.0,-8.0,-63.0
1777891659.3613324,6.0,-8.0,-56.0
1777891659.3713324,1.0,-2.0,-56.0
1777891659.3813324,-2.0,-2.0,-57.0
1777891659.3913324,-1.0,-6.0,-58.0
1777891659.4013324,-5.0,-3.0,-64.0
1777891659.4113324,-6.0,-8.0,-67.0
1777891659.4213324,-2.0,-10.0,-70.0
1777891659.4313323,0.0,-5.0,-67.0
1777891659.4413323,4.0,-6.0,-71.0
1777891659.4513323,4.0,-2.0,-70.0
1777891659.4613323,5.0,-3.0,-75.0
1777891659.4713323,4.0,-4.0,-69.0
1777891659.4813323,2.0,-3.0,-71.0
1777891659.4913323,0.0,-2.0,-70.0
1777891659.5013323,-2.0,-4.0,-74.0
1777891659.5113325,-3.0,-5.0,-75.0
1777891659.5213325,-2.0,-3.0,-70.0
1777891659.5313325,-6.0,-4.0,-75.0
1777891659.5413325,-8.0,-6.0,-77.0
1777891659.5513325,-7.0,-4.0,-82.0
1777891659.5613325,-5.0,-7.0,-87.0
1777891659.5713325,0.0,-9.0,-91.0
1777891659.5813324,-1.0,-5.0,-81.0
1777891659.5913324,-3.0,-9.0,-79.0
1777891659.6013324,-4.0,-8.0,-71.0
1777891659.6113324,-3.0,-9.0,-71.0
1777891659.6213324,-4.0,-8.0,-73.0
1777891659.6313324,-4.0,-8.0,-76.0
1777891659.6413324,-5.0,-7.0,-80.0
1777891659.6523323,0.0,-6.0,-75.0
1777891659.6613324,3.0,-6.0,-71.0
1777891659.6713324,1.0,-7.0,-70.0
1777891659.6813323,5.0,-4.0,-65.0
1777891659.6913323,3.0,-4.0,-70.0
1777891659.7013323,0.0,-3.0,-68.0
1777891659.7113323,2.0,0.0,-71.0
1777891659.7213323,6.0,-2.0,-69.0
1777891659.7313323,7.0,-6.0,-74.0
1777891659.7413323,7.0,-2.0,-73.0
1777891659.7513323,4.0,0.0,-70.0
1777891659.7613325,-2.0,0.0,-73.0
1777891659.7713325,-2.0,3.0,-72.0
1777891659.7813325,1.0,4.0,-70.0
1777891659.7913325,0.0,3.0,-67.0
1777891659.8013325,2.0,4.0,-61.0
1777891659.8113325,4.0,4.0,-67.0
1777891659.8213325,1.0,3.0,-67.0
1777891659.8313324,2.0,3.0,-64.0
1777891659.8413324,3.0,2.0,-70.0
1777891659.8513324,1.0,5.0,-72.0
1777891659.8613324,1.0,2.0,-69.0
1777891659.8713324,-1.0,2.0,-65.0
1777891659.8813324,0.0,0.0,-69.0
1777891659.8913324,-3.0,-1.0,-71.0
1777891659.9013324,-5.0,0.0,-75.0
1777891659.9113324,-11.0,0.0,-72.0
1777891659.9213324,-7.0,3.0,-69.0
1777891659.9313323,-2.0,1.0,-72.0
1777891659.9413323,-1.0,0.0,-69.0
1777891659.9513323,-2.0,0.0,-68.0
1777891659.9613323,-3.0,1.0,-64.0
1777891659.9713323,-3.0,0.0,-65.0
1777891659.9813323,-2.0,1.0,-71.0
1777891659.9913323,1.0,2.0,-72.0
1777891660.0013323,1.0,1.0,-72.0
1777891660.0113325,0.0,0.0,-78.0
1777891660.0213325,0.0,-4.0,-72.0
1777891660.0313325,0.0,-3.0,-64.0
1777891660.0413325,-2.0,-3.0,-53.0
1777891660.0513325,0.0,0.0,-50.0
1777891660.0613325,0.0,1.0,-48.0
1777891660.0713325,0.0,-2.0,-57.0
1777891660.0813324,-4.0,1.0,-65.0
1777891660.0913324,-4.0,1.0,-77.0
1777891660.1013324,-6.0,1.0,-83.0
1777891660.1113324,-3.0,1.0,-89.0
1777891660.1213324,-1.0,-1.0,-90.0
1777891660.1313324,-3.0,-1.0,-80.0
1777891660.1413324,-3.0,-2.0,-72.0
1777891660.1513324,-3.0,0.0,-79.0
1777891660.1613324,-1.0,0.0,-80.0
1777891660.1713324,-2.0,1.0,-85.0
1777891660.1813323,-1.0,0.0,-84.0
1777891660.1913323,-2.0,1.0,-79.0
1777891660.2013323,-1.0,0.0,-80.0
1777891660.2113323,0.0,-3.0,-75.0
1777891660.2213323,0.0,-3.0,-77.0
1777891660.2313323,3.0,-3.0,-84.0
1777891660.2413323,0.0,-2.0,-81.0
1777891660.2513323,2.0,-1.0,-83.0
1777891660.2613325,0.0,-1.0,-84.0
1777891660.2713325,-1.0,-1.0,-77.0
1777891660.2813325,-4.0,-4.0,-78.0
1777891660.2913325,-2.0,-6.0,-75.0
1777891660.3013325,-4.0,-3.0,-77.0
1777891660.3113325,1.0,0.0,-71.0
1777891660.3213325,0.0,2.0,-67.0
1777891660.3313324,-1.0,7.0,-67.0
1777891660.3413324,1.0,8.0,-62.0
1777891660.3513324,0.0,5.0,-61.0
1777891660.3613324,-1.0,3.0,-69.0
1777891660.3713324,-3.0,5.0,-72.0
1777891660.3813324,-1.0,4.0,-75.0
1777891660.3913324,-2.0,4.0,-76.0
1777891660.4013324,-2.0,4.0,-72.0
1777891660.4113324,-2.0,3.0,-68.0
1777891660.4213324,-3.0,0.0,-74.0
1777891660.4313323,-6.0,-7.0,-75.0
1777891660.4413323,-5.0,-7.0,-72.0
1777891660.4513323,-6.0,-5.0,-73.0
1777891660.4623325,-2.0,-4.0,-73.0
1777891660.4713323,0.0,-2.0,-80.0
1777891660.4823325,0.0,-2.0,-76.0
1777891660.4923325,-2.0,-6.0,-78.0
1777891660.5023324,-2.0,-6.0,-72.0
1777891660.5123324,-4.0,-2.0,-65.0
1777891660.5223324,-5.0,-5.0,-61.0
1777891660.5323324,-1.0,-6.0,-64.0
1777891660.5423324,0.0,-5.0,-70.0
1777891660.5523324,2.0,-4.0,-66.0
1777891660.5623324,0.0,-6.0,-62.0
1777891660.5723324,-2.0,-2.0,-71.0
1777891660.5823324,-2.0,0.0,-73.0
1777891660.5923324,-3.0,0.0,-63.0
1777891660.6023324,-5.0,5.0,-55.0
1777891660.6123323,-2.0,6.0,-54.0
1777891660.6223323,-6.0,2.0,-56.0
1777891660.6323323,-1.0,2.0,-61.0
1777891660.6423323,0.0,5.0,-67.0
1777891660.6523323,-2.0,3.0,-75.0
1777891660.6623323,2.0,2.0,-77.0
1777891660.6723323,1.0,1.0,-78.0
1777891660.6823325,-2.0,3.0,-80.0
1777891660.6923325,-3.0,-3.0,-74.0
1777891660.7023325,-1.0,-5.0,-67.0
1777891660.7123325,2.0,-1.0,-74.0
1777891660.7223325,3.0,-1.0,-69.0
1777891660.7323325,4.0,-2.0,-68.0
1777891660.7423325,6.0,-2.0,-63.0
1777891660.7523324,2.0,-7.0,-67.0
1777891660.7623324,0.0,-7.0,-68.0
1777891660.7723324,3.0,-12.0,-75.0
1777891660.7823324,4.0,-10.0,-75.0
1777891660.7923324,0.0,-8.0,-80.0
1777891660.8023324,0.0,-8.0,-81.0
1777891660.8123324,-1.0,-10.0,-81.0
1777891660.8223324,0.0,-9.0,-83.0
1777891660.8323324,1.0,-7.0,-77.0
1777891660.8423324,0.0,-7.0,-80.0
1777891660.8523324,2.0,-4.0,-79.0
1777891660.8623323,3.0,-6.0,-77.0
1777891660.8723323,5.0,-3.0,-77.0
1777891660.8823323,3.0,-1.0,-81.0
1777891660.8923323,4.0,0.0,-84.0
1777891660.9023323,9.0,0.0,-72.0
1777891660.9123323,7.0,3.0,-73.0
1777891660.9223323,7.0,3.0,-71.0
1777891660.9323325,6.0,1.0,-67.0
1777891660.9423325,6.0,3.0,-68.0
1777891660.9523325,6.0,2.0,-66.0
1777891660.9623325,7.0,2.0,-73.0
1777891660.9723325,5.0,0.0,-79.0
1777891660.9823325,4.0,-1.0,-75.0
1777891660.9923325,2.0,1.0,-75.0
1777891661.0023324,1.0,1.0,-71.0
1777891661.0123324,2.0,0.0,-73.0
1777891661.0223324,-1.0,-2.0,-68.0
1777891661.0323324,1.0,-2.0,-71.0
1777891661.0423324,4.0,-4.0,-62.0
1777891661.0523324,2.0,-1.0,-67.0
1777891661.0623324,5.0,-2.0,-71.0
1777891661.0723324,8.0,-1.0,-69.0
1777891661.0823324,11.0,-2.0,-69.0
1777891661.0923324,12.0,-3.0,-68.0
1777891661.1023324,6.0,-7.0,-67.0
1777891661.1123323,3.0,-4.0,-69.0
1777891661.1223323,4.0,-3.0,-66.0
1777891661.1323323,0.0,-1.0,-65.0
1777891661.1423323,-2.0,1.0,-69.0
1777891661.1523323,0.0,1.0,-75.0
1777891661.1623323,1.0,-1.0,-73.0
1777891661.1723323,1.0,-2.0,-77.0
1777891661.1823325,0.0,-5.0,-72.0
1777891661.1923325,1.0,-8.0,-70.0
1777891661.2023325,5.0,-10.0,-75.0
1777891661.2123325,8.0,-12.0,-74.0
1777891661.2223325,5.0,-10.0,-73.0
1777891661.2323325,6.0,-10.0,-74.0
1777891661.2423325,7.0,-8.0,-79.0
1777891661.2523324,3.0,-7.0,-79.0
1777891661.2623324,3.0,-4.0,-71.0
1777891661.2723324,6.0,-1.0,-72.0
1777891661.2823324,2.0,-2.0,-67.0
1777891661.2923324,4.0,-3.0,-62.0
1777891661.3023324,3.0,-2.0,-65.0
1777891661.3123324,-1.0,1.0,-60.0
1777891661.3223324,0.0,-1.0,-62.0
1777891661.3323324,1.0,-2.0,-67.0
1777891661.3423324,-1.0,-3.0,-64.0
1777891661.3523324,-5.0,-1.0,-68.0
1777891661.3623323,-4.0,-3.0,-68.0
1777891661.3723323,-5.0,-6.0,-71.0
1777891661.3823323,-7.0,-4.0,-66.0
1777891661.3923323,-3.0,-5.0,-71.0
1777891661.4023323,0.0,-6.0,-66.0
1777891661.4123323,-3.0,-5.0,-65.0
1777891661.4223323,-7.0,-5.0,-71.0
1777891661.4323325,-5.0,-7.0,-72.0
1777891661.4423325,-3.0,-6.0,-74.0
1777891661.4523325,-5.0,-5.0,-77.0
1777891661.4623325,2.0,-6.0,-75.0
1777891661.4723325,1.0,-5.0,-73.0
1777891661.4823325,5.0,-3.0,-74.0
1777891661.4923325,5.0,-4.0,-74.0
1777891661.5023324,8.0,-1.0,-70.0
1777891661.5123324,7.0,1.0,-69.0
1777891661.5223324,7.0,2.0,-73.0
1777891661.5323324,1.0,0.0,-71.0
1777891661.5423324,-2.0,0.0,-73.0
1777891661.5523324,1.0,-1.0,-78.0
1777891661.5623324,2.0,4.0,-84.0
1777891661.5723324,-4.0,8.0,-84.0
1777891661.5823324,-4.0,9.0,-71.0
1777891661.5923324,-1.0,4.0,-70.0
1777891661.6023324,1.0,0.0,-75.0
1777891661.6123323,1.0,-4.0,-79.0
1777891661.6223323,2.0,-7.0,-80.0
1777891661.6323323,2.0,-9.0,-75.0
1777891661.6423323,5.0,-5.0,-70.0
1777891661.6523323,1.0,-7.0,-71.0
1777891661.6623323,3.0,-4.0,-73.0
1777891661.6723323,1.0,-4.0,-77.0
1777891661.6823325,1.0,-3.0,-74.0
1777891661.6923325,2.0,-2.0,-72.0
1777891661.7023325,2.0,0.0,-71.0
1777891661.7123325,0.0,0.0,-70.0
1777891661.7223325,-1.0,0.0,-69.0
1777891661.7323325,-5.0,0.0,-68.0
1777891661.7423325,-6.0,2.0,-75.0
1777891661.7523324,-4.0,3.0,-72.0
1777891661.7623324,3.0,4.0,-75.0
1777891661.7723324,3.0,8.0,-77.0
1777891661.7823324,2.0,3.0,-74.0
1777891661.7923324,-1.0,4.0,-73.0
1777891661.8023324,2.0,3.0,-68.0
1777891661.8123324,4.0,4.0,-63.0
1777891661.8223324,2.0,6.0,-58.0
1777891661.8323324,4.0,7.0,-52.0
1777891661.8423324,4.0,7.0,-54.0
1777891661.8523324,1.0,7.0,-61.0
1777891661.8623323,-2.0,6.0,-64.0
1777891661.8723323,-3.0,4.0,-63.0
1777891661.8823323,-6.0,5.0,-74.0
1777891661.8923323,-6.0,4.0,-71.0
1777891661.9023323,-8.0,7.0,-69.0
1777891661.9123323,-8.0,8.0,-72.0
1777891661.9223323,-4.0,7.0,-70.0
1777891661.9323325,-1.0,5.0,-68.0
1777891661.9423325,-1.0,4.0,-61.0
1777891661.9523325,-3.0,-1.0,-64.0
1777891661.9623325,-3.0,3.0,-62.0
1777891661.9723325,-4.0,4.0,-68.0
1777891661.9823325,-3.0,-1.0,-72.0
1777891661.9923325,-2.0,-1.0,-72.0
1777891662.0023324,-1.0,2.0,-72.0
1777891662.0123324,-1.0,2.0,-75.0
1777891662.0223324,0.0,6.0,-79.0
1777891662.0323324,1.0,2.0,-71.0
1777891662.0423324,1.0,0.0,-65.0
1777891662.0523324,5.0,0.0,-62.0
1777891662.0623324,4.0,0.0,-63.0
1777891662.0723324,3.0,-5.0,-65.0
1777891662.0823324,2.0,-2.0,-60.0
1777891662.0923324,5.0,-1.0,-62.0
1777891662.1023324,5.0,-1.0,-69.0
1777891662.1123323,8.0,-3.0,-68.0
1777891662.1223323,9.0,-4.0,-70.0
1777891662.1323323,1.0,-2.0,-77.0
1777891662.1423323,2.0,0.0,-75.0
1777891662.1523323,0.0,0.0,-75.0
1777891662.1623323,2.0,0.0,-74.0
1777891662.1723323,2.0,1.0,-75.0
1777891662.1823325,0.0,3.0,-75.0
1777891662.1923325,-1.0,3.0,-73.0
1777891662.2023325,2.0,5.0,-71.0
1777891662.2123325,4.0,2.0,-69.0
1777891662.2223325,6.0,-1.0,-71.0
1777891662.2323325,7.0,1.0,-71.0
1777891662.2423325,8.0,-1.0,-78.0
1777891662.2523324,7.0,-2.0,-77.0
1777891662.2623324,0.0,-3.0,-75.0
1777891662.2723324,0.0,-6.0,-75.0
1777891662.2823324,2.0,-6.0,-70.0
1777891662.2923324,0.0,-4.0,-68.0
1777891662.3023324,-1.0,-7.0,-70.0
1777891662.3123324,0.0,-7.0,-72.0
1777891662.3223324,0.0,-7.0,-73.0
1777891662.3323324,2.0,-2.0,-74.0
1777891662.3423324,3.0,-1.0,-75.0
1777891662.3523324,2.0,0.0,-80.0
1777891662.3623323,2.0,0.0,-83.0
1777891662.3723323,2.0,-2.0,-77.0
1777891662.3823323,4.0,0.0,-70.0
1777891662.3923323,0.0,1.0,-67.0
1777891662.4023323,4.0,4.0,-71.0
1777891662.4123323,2.0,4.0,-75.0
1777891662.4223323,2.0,6.0,-76.0
1777891662.4333324,4.0,5.0,-76.0
1777891662.4423325,6.0,5.0,-83.0
1777891662.4523325,4.0,0.0,-83.0
1777891662.4633324,1.0,0.0,-85.0
1777891662.4733324,0.0,-1.0,-81.0
1777891662.4833324,0.0,-4.0,-86.0
1777891662.4933324,-1.0,-3.0,-82.0
1777891662.5033324,5.0,0.0,-81.0
1777891662.5133324,4.0,-4.0,-83.0
1777891662.5233324,7.0,-6.0,-79.0
1777891662.5333323,4.0,-5.0,-79.0
1777891662.5433323,2.0,-4.0,-76.0
1777891662.5533323,3.0,0.0,-71.0
1777891662.5633323,1.0,-1.0,-75.0
1777891662.5733323,0.0,-1.0,-70.0
1777891662.5833323,0.0,0.0,-70.0
1777891662.5933323,3.0,0.0,-62.0
1777891662.6033323,4.0,2.0,-64.0
1777891662.6133325,4.0,2.0,-65.0
1777891662.6233325,6.0,-2.0,-62.0
1777891662.6333325,3.0,-3.0,-65.0
1777891662.6433325,1.0,0.0,-67.0
1777891662.6533325,1.0,-2.0,-69.0
1777891662.6633325,4.0,-1.0,-74.0
1777891662.6733325,5.0,-4.0,-68.0
1777891662.6833324,7.0,-6.0,-67.0
1777891662.6933324,6.0,-6.0,-71.0
1777891662.7033324,6.0,-5.0,-70.0
1777891662.7133324,7.0,-5.0,-68.0
1777891662.7233324,4.0,-8.0,-69.0
1777891662.7333324,2.0,-13.0,-74.0
1777891662.7433324,2.0,-11.0,-77.0
1777891662.7533324,7.0,-6.0,-76.0
1777891662.7633324,7.0,-3.0,-70.0
1777891662.7733324,9.0,-5.0,-67.0
1777891662.7833323,6.0,-1.0,-69.0
1777891662.7933323,6.0,0.0,-71.0
1777891662.8033323,8.0,0.0,-66.0
1777891662.8133323,10.0,-2.0,-67.0
1777891662.8233323,7.0,2.0,-72.0
1777891662.8333323,5.0,6.0,-75.0
1777891662.8433323,5.0,11.0,-72.0
1777891662.8533323,3.0,7.0,-72.0
1777891662.8633325,2.0,5.0,-73.0
1777891662.8733325,0.0,6.0,-70.0
1777891662.8833325,3.0,5.0,-71.0
1777891662.8933325,-4.0,2.0,-71.0
1777891662.9033325,-2.0,1.0,-67.0
1777891662.9133325,0.0,3.0,-69.0
1777891662.9233325,-1.0,0.0,-69.0
1777891662.9333324,-7.0,-3.0,-66.0
1777891662.9433324,-7.0,-3.0,-77.0
1777891662.9533324,-7.0,-3.0,-78.0
1777891662.9633324,-5.0,0.0,-72.0
1777891662.9733324,-5.0,-3.0,-76.0
1777891662.9833324,-2.0,-1.0,-80.0
1777891662.9933324,-2.0,1.0,-80.0
1777891663.0033324,0.0,-4.0,-75.0
1777891663.0133324,0.0,-2.0,-72.0
1777891663.0233324,2.0,-6.0,-73.0
1777891663.0333323,5.0,-5.0,-70.0
1777891663.0433323,8.0,-6.0,-71.0
1777891663.0533323,5.0,-6.0,-74.0
1777891663.0633323,1.0,-7.0,-68.0
1777891663.0733323,0.0,-7.0,-69.0
1777891663.0833323,0.0,-5.0,-76.0
1777891663.0933323,4.0,-5.0,-77.0
1777891663.1033323,5.0,-2.0,-75.0
1777891663.1133325,4.0,0.0,-74.0
1777891663.1233325,3.0,0.0,-71.0
1777891663.1333325,2.0,0.0,-69.0
1777891663.1433325,2.0,1.0,-65.0
1777891663.1533325,0.0,5.0,-68.0
1777891663.1633325,0.0,5.0,-72.0
1777891663.1733325,0.0,3.0,-80.0
1777891663.1833324,-2.0,2.0,-83.0
1777891663.1933324,1.0,0.0,-81.0
1777891663.2033324,4.0,2.0,-79.0
1777891663.2133324,5.0,1.0,-76.0
1777891663.2233324,5.0,2.0,-74.0
1777891663.2333324,3.0,-4.0,-74.0
1777891663.2433324,1.0,-6.0,-72.0
1777891663.2533324,-1.0,-3.0,-64.0
1777891663.2633324,2.0,-1.0,-61.0
1777891663.2733324,2.0,0.0,-61.0
1777891663.2833323,-1.0,2.0,-67.0
1777891663.2933323,-3.0,3.0,-67.0
1777891663.3033323,-2.0,4.0,-67.0
1777891663.3133323,-3.0,3.0,-70.0
1777891663.3233323,-1.0,4.0,-76.0
1777891663.3333323,-4.0,8.0,-76.0
1777891663.3433323,-3.0,1.0,-74.0
1777891663.3533323,0.0,0.0,-77.0
1777891663.3633325,-5.0,-1.0,-78.0
1777891663.3733325,2.0,1.0,-75.0
1777891663.3833325,4.0,2.0,-74.0
1777891663.3933325,1.0,2.0,-76.0
1777891663.4033325,3.0,-2.0,-79.0
1777891663.4133325,5.0,0.0,-79.0
1777891663.4233325,4.0,-1.0,-77.0
1777891663.4333324,7.0,-2.0,-82.0
1777891663.4433324,7.0,-6.0,-83.0
1777891663.4533324,5.0,-2.0,-80.0
1777891663.4633324,6.0,1.0,-70.0
1777891663.4733324,10.0,4.0,-68.0
1777891663.4833324,4.0,5.0,-64.0
1777891663.4933324,3.0,6.0,-65.0
1777891663.5033324,6.0,6.0,-65.0
1777891663.5133324,5.0,2.0,-71.0
1777891663.5233324,7.0,6.0,-73.0
1777891663.5333323,8.0,3.0,-70.0
1777891663.5433323,8.0,1.0,-74.0
1777891663.5533323,7.0,6.0,-76.0
1777891663.5633323,6.0,5.0,-74.0
1777891663.5733323,4.0,4.0,-76.0
1777891663.5833323,3.0,-2.0,-75.0
1777891663.5933323,6.0,-2.0,-71.0
1777891663.6033323,9.0,0.0,-73.0
1777891663.6133325,4.0,-1.0,-75.0
1777891663.6233325,1.0,-3.0,-70.0
1777891663.6333325,0.0,-3.0,-72.0
1777891663.6433325,-5.0,-2.0,-64.0
1777891663.6533325,-4.0,-5.0,-67.0
1777891663.6633325,-2.0,-5.0,-63.0
1777891663.6733325,-4.0,-4.0,-61.0
1777891663.6833324,0.0,-4.0,-65.0
1777891663.6933324,-3.0,-4.0,-62.0
1777891663.7033324,-3.0,-5.0,-70.0
1777891663.7133324,0.0,-4.0,-80.0
1777891663.7233324,0.0,-1.0,-69.0
1777891663.7333324,2.0,0.0,-65.0
1777891663.7433324,6.0,0.0,-67.0
1777891663.7533324,8.0,-1.0,-76.0
1777891663.7633324,5.0,1.0,-79.0
1777891663.7733324,4.0,3.0,-75.0
1777891663.7833323,5.0,1.0,-75.0
1777891663.7933323,3.0,2.0,-71.0
1777891663.8033323,1.0,4.0,-71.0
1777891663.8133323,0.0,2.0,-70.0
1777891663.8233323,0.0,-2.0,-72.0
1777891663.8333323,1.0,-5.0,-80.0
1777891663.8433323,2.0,-4.0,-75.0
1777891663.8533323,0.0,-4.0,-77.0
1777891663.8633325,1.0,-1.0,-76.0
1777891663.8733325,1.0,-3.0,-76.0
1777891663.8833325,0.0,-3.0,-77.0
1777891663.8933325,2.0,-6.0,-79.0
1777891663.9033325,0.0,-4.0,-78.0
1777891663.9133325,0.0,-5.0,-71.0
1777891663.9233325,2.0,-8.0,-78.0
1777891663.9333324,2.0,-4.0,-78.0
1777891663.9433324,0.0,-3.0,-78.0
1777891663.9533324,-1.0,0.0,-87.0
1777891663.9633324,-1.0,4.0,-84.0
1777891663.9733324,-5.0,7.0,-79.0
1777891663.9833324,-5.0,7.0,-73.0
1777891663.9933324,-5.0,7.0,-77.0
1777891664.0033324,-4.0,6.0,-80.0
1777891664.0133324,-9.0,3.0,-84.0
1777891664.0233324,-9.0,2.0,-86.0
1777891664.0333323,-9.0,2.0,-87.0
1777891664.0433323,-6.0,1.0,-92.0
1777891664.0533323,-6.0,0.0,-92.0
1777891664.0633323,-6.0,1.0,-87.0
1777891664.0733323,0.0,0.0,-79.0
1777891664.0833323,0.0,0.0,-80.0
1777891664.0933323,0.0,-1.0,-76.0
1777891664.1033323,-4.0,1.0,-70.0
1777891664.1133325,-1.0,3.0,-68.0
1777891664.1233325,0.0,2.0,-65.0
1777891664.1333325,4.0,4.0,-65.0
1777891664.1433325,0.0,3.0,-69.0
1777891664.1533325,-2.0,4.0,-66.0
1777891664.1633325,-7.0,2.0,-67.0
1777891664.1733325,-7.0,0.0,-75.0
1777891664.1833324,-6.0,0.0,-73.0
1777891664.1933324,-5.0,0.0,-76.0
1777891664.2033324,-5.0,-1.0,-72.0
1777891664.2133324,-1.0,-2.0,-73.0
1777891664.2233324,1.0,-5.0,-69.0
1777891664.2333324,0.0,-8.0,-68.0
1777891664.2433324,0.0,-5.0,-65.0
1777891664.2533324,-1.0,-4.0,-58.0
1777891664.2633324,4.0,-1.0,-62.0
1777891664.2733324,4.0,0.0,-63.0
1777891664.2833323,5.0,0.0,-65.0
1777891664.2933323,8.0,1.0,-71.0
1777891664.3033323,6.0,-3.0,-72.0
1777891664.3133323,3.0,-4.0,-72.0
1777891664.3233323,3.0,0.0,-73.0
1777891664.3333323,5.0,-2.0,-74.0
1777891664.3433323,3.0,0.0,-72.0
1777891664.3533323,7.0,2.0,-75.0
1777891664.3633325,4.0,5.0,-72.0
1777891664.3733325,0.0,2.0,-70.0
1777891664.3833325,4.0,-2.0,-73.0
1777891664.3933325,1.0,-3.0,-76.0
1777891664.4033325,3.0,-2.0,-72.0
1777891664.4133325,2.0,0.0,-76.0
1777891664.4233325,4.0,0.0,-76.0
1777891664.4333324,-1.0,-3.0,-75.0
1777891664.4443324,-3.0,1.0,-69.0
1777891664.4543324,-4.0,3.0,-68.0
1777891664.4653325,-5.0,2.0,-61.0
1777891664.4743323,-3.0,0.0,-65.0
1777891664.4843323,-4.0,0.0,-71.0
1777891664.4943323,3.0,0.0,-76.0
1777891664.5043323,6.0,2.0,-72.0
1777891664.5143323,8.0,2.0,-77.0
1777891664.5243323,8.0,3.0,-75.0
1777891664.5343325,7.0,-1.0,-72.0
1777891664.5443325,6.0,-1.0,-76.0
1777891664.5543325,8.0,-2.0,-76.0
1777891664.5643325,6.0,-3.0,-78.0
1777891664.5743325,9.0,-3.0,-78.0
1777891664.5843325,9.0,-5.0,-75.0
1777891664.5943325,6.0,-7.0,-75.0
1777891664.6043324,10.0,-8.0,-77.0
1777891664.6143324,7.0,-5.0,-74.0
1777891664.6243324,3.0,-5.0,-71.0
1777891664.6343324,3.0,-7.0,-71.0
1777891664.6443324,3.0,-7.0,-67.0
1777891664.6543324,5.0,-5.0,-66.0
1777891664.6643324,4.0,-7.0,-66.0
1777891664.6743324,9.0,-6.0,-70.0
1777891664.6843324,7.0,-4.0,-68.0
1777891664.6943324,0.0,-5.0,-70.0
1777891664.7043324,0.0,-4.0,-66.0
1777891664.7143323,0.0,-3.0,-65.0
1777891664.7243323,0.0,-2.0,-65.0
1777891664.7343323,0.0,3.0,-64.0
1777891664.7443323,0.0,4.0,-65.0
1777891664.7543323,-3.0,0.0,-71.0
1777891664.7643323,3.0,-1.0,-67.0
1777891664.7743323,4.0,-3.0,-66.0
1777891664.7843325,2.0,-7.0,-69.0
1777891664.7943325,4.0,-6.0,-73.0
1777891664.8043325,7.0,-3.0,-73.0
1777891664.8143325,3.0,0.0,-76.0
1777891664.8243325,0.0,-3.0,-74.0
1777891664.8343325,-3.0,-7.0,-75.0
1777891664.8443325,-3.0,-5.0,-70.0
1777891664.8543324,-5.0,0.0,-74.0
1777891664.8643324,-6.0,4.0,-76.0
1777891664.8743324,-6.0,8.0,-75.0
1777891664.8843324,-7.0,5.0,-66.0
1777891664.8943324,-8.0,2.0,-65.0
1777891664.9043324,-3.0,1.0,-63.0
1777891664.9143324,-3.0,0.0,-69.0
1777891664.9243324,-4.0,0.0,-60.0
1777891664.9343324,-8.0,0.0,-59.0
1777891664.9443324,-5.0,-3.0,-55.0
1777891664.9543324,-4.0,-1.0,-58.0
1777891664.9643323,0.0,-3.0,-63.0
1777891664.9743323,-1.0,-2.0,-59.0
1777891664.9843323,-5.0,-6.0,-59.0
1777891664.9943323,-1.0,-8.0,-71.0
1777891665.0043323,-4.0,-7.0,-78.0
1777891665.0143323,0.0,-3.0,-76.0
1777891665.0243323,-3.0,0.0,-81.0
1777891665.0343325,-4.0,2.0,-77.0
1777891665.0443325,-8.0,0.0,-79.0
1777891665.0543325,-5.0,1.0,-76.0
1777891665.0643325,-6.0,-4.0,-77.0
1777891665.0743325,-3.0,-4.0,-75.0
1777891665.0843325,-5.0,-2.0,-74.0
1777891665.0943325,-6.0,-1.0,-73.0
1777891665.1043324,-6.0,-1.0,-64.0
1777891665.1143324,-1.0,-1.0,-72.0
1777891665.1243324,-5.0,0.0,-74.0
1777891665.1343324,-3.0,1.0,-80.0
1777891665.1443324,-2.0,-3.0,-83.0
1777891665.1543324,0.0,-3.0,-79.0
1777891665.1643324,-2.0,-6.0,-80.0
1777891665.1743324,0.0,-2.0,-79.0
1777891665.1843324,1.0,0.0,-84.0
1777891665.1943324,3.0,-2.0,-86.0
1777891665.2043324,1.0,0.0,-85.0
1777891665.2143323,1.0,1.0,-86.0
1777891665.2243323,-1.0,3.0,-80.0
1777891665.2343323,-7.0,1.0,-77.0
1777891665.2443323,-6.0,-2.0,-82.0
1777891665.2543323,-6.0,-2.0,-80.0
1777891665.2643323,-10.0,-1.0,-80.0
1777891665.2743323,-8.0,0.0,-78.0
1777891665.2843325,-5.0,0.0,-70.0
1777891665.2943325,-6.0,0.0,-63.0
1777891665.3043325,-5.0,1.0,-63.0
1777891665.3143325,-4.0,4.0,-65.0
1777891665.3243325,1.0,7.0,-71.0
1777891665.3343325,4.0,5.0,-71.0
1777891665.3443325,6.0,4.0,-67.0
1777891665.3543324,9.0,6.0,-72.0
1777891665.3643324,6.0,7.0,-77.0
1777891665.3743324,8.0,9.0,-74.0
1777891665.3843324,5.0,8.0,-70.0
1777891665.3943324,4.0,4.0,-67.0
1777891665.4043324,1.0,5.0,-69.0
1777891665.4143324,1.0,4.0,-72.0
1777891665.4243324,3.0,4.0,-75.0
1777891665.4343324,2.0,5.0,-77.0
1777891665.4443324,1.0,7.0,-81.0
1777891665.4543324,-4.0,8.0,-74.0
1777891665.4643323,-2.0,8.0,-77.0
1777891665.4743323,5.0,5.0,-79.0
1777891665.4843323,3.0,3.0,-80.0
1777891665.4943323,2.0,2.0,-80.0
1777891665.5043323,1.0,1.0,-79.0
1777891665.5143323,-1.0,1.0,-79.0
1777891665.5243323,0.0,-3.0,-80.0
1777891665.5343325,-2.0,-5.0,-79.0
1777891665.5443325,3.0,-9.0,-79.0
1777891665.5543325,5.0,-7.0,-73.0
1777891665.5643325,4.0,-3.0,-70.0
1777891665.5743325,0.0,-5.0,-74.0
1777891665.5843325,-1.0,-7.0,-78.0
1777891665.5943325,-3.0,-6.0,-74.0
1777891665.6043324,-3.0,-3.0,-73.0
1777891665.6143324,3.0,0.0,-69.0
1777891665.6243324,1.0,1.0,-67.0
1777891665.6343324,2.0,3.0,-65.0
1777891665.6443324,1.0,2.0,-64.0
1777891665.6543324,-2.0,0.0,-65.0
1777891665.6643324,3.0,0.0,-64.0
1777891665.6743324,1.0,-1.0,-63.0
1777891665.6843324,6.0,6.0,-67.0
1777891665.6943324,6.0,6.0,-71.0
1777891665.7043324,8.0,5.0,-69.0
1777891665.7143323,4.0,5.0,-66.0
1777891665.7243323,5.0,0.0,-69.0
1777891665.7343323,3.0,1.0,-72.0
1777891665.7443323,1.0,0.0,-65.0
1777891665.7543323,0.0,0.0,-63.0
1777891665.7643323,1.0,0.0,-61.0
1777891665.7743323,4.0,-4.0,-65.0
1777891665.7843325,4.0,0.0,-67.0
1777891665.7943325,1.0,4.0,-61.0
1777891665.8043325,-2.0,4.0,-60.0
1777891665.8143325,-5.0,2.0,-62.0
1777891665.8243325,-5.0,-1.0,-65.0
1777891665.8343325,-4.0,-3.0,-67.0
1777891665.8443325,-3.0,-3.0,-65.0
1777891665.8543324,-3.0,-5.0,-72.0
1777891665.8643324,0.0,-5.0,-73.0
1777891665.8743324,2.0,-5.0,-72.0
1777891665.8843324,-3.0,-4.0,-66.0
1777891665.8943324,0.0,0.0,-63.0
1777891665.9043324,0.0,4.0,-65.0
1777891665.9143324,-2.0,3.0,-66.0
1777891665.9243324,0.0,0.0,-73.0
1777891665.9343324,5.0,0.0,-74.0
1777891665.9443324,7.0,-3.0,-70.0
1777891665.9543324,9.0,-2.0,-74.0
1777891665.9643323,9.0,-3.0,-75.0
1777891665.9743323,2.0,-2.0,-79.0
1777891665.9843323,0.0,0.0,-81.0
1777891665.9943323,1.0,0.0,-75.0
1777891666.0043323,0.0,0.0,-74.0
1777891666.0143323,0.0,-2.0,-73.0
1777891666.0243323,3.0,-1.0,-75.0
1777891666.0343325,1.0,2.0,-75.0
1777891666.0443325,1.0,1.0,-78.0
1777891666.0543325,4.0,2.0,-84.0
1777891666.0643325,5.0,1.0,-83.0
1777891666.0743325,5.0,-1.0,-77.0
1777891666.0843325,11.0,-4.0,-75.0
1777891666.0943325,10.0,-3.0,-81.0
1777891666.1043324,9.0,-6.0,-74.0
1777891666.1143324,11.0,-7.0,-79.0
1777891666.1243324,11.0,-6.0,-78.0
1777891666.1343324,8.0,-1.0,-79.0
1777891666.1443324,7.0,0.0,-76.0
1777891666.1543324,7.0,-2.0,-80.0
1777891666.1643324,7.0,0.0,-82.0
1777891666.1743324,5.0,0.0,-85.0
1777891666.1843324,3.0,3.0,-89.0
1777891666.1943324,0.0,-1.0,-88.0
1777891666.2043324,0.0,-2.0,-83.0
1777891666.2143323,0.0,-3.0,-78.0
1777891666.2243323,-1.0,-1.0,-71.0
1777891666.2343323,1.0,-2.0,-71.0
1777891666.2443323,3.0,-6.0,-69.0
1777891666.2543323,6.0,-5.0,-67.0
1777891666.2643323,1.0,-4.0,-72.0
1777891666.2743323,0.0,-6.0,-75.0
1777891666.2843325,-1.0,-3.0,-70.0
1777891666.2943325,3.0,-1.0,-66.0
1777891666.3043325,5.0,-1.0,-71.0
1777891666.3143325,0.0,-3.0,-74.0
1777891666.3243325,1.0,-3.0,-71.0
1777891666.3343325,4.0,-3.0,-67.0
1777891666.3443325,4.0,0.0,-67.0
1777891666.3543324,1.0,2.0,-68.0
1777891666.3643324,3.0,5.0,-70.0
1777891666.3743324,9.0,8.0,-69.0
1777891666.3843324,9.0,6.0,-71.0
1777891666.3943324,5.0,6.0,-62.0
1777891666.4043324,2.0,5.0,-65.0
1777891666.4153323,3.0,5.0,-69.0
1777891666.4253323,4.0,2.0,-70.0
1777891666.4353323,8.0,1.0,-67.0
1777891666.4453323,7.0,2.0,-70.0
1777891666.4553325,4.0,2.0,-69.0
1777891666.4653325,8.0,8.0,-64.0
1777891666.4753325,5.0,5.0,-62.0
1777891666.4853325,1.0,4.0,-66.0
1777891666.4953325,0.0,2.0,-66.0
1777891666.5053325,3.0,4.0,-71.0
1777891666.5153325,1.0,-1.0,-73.0
1777891666.5253325,0.0,-3.0,-76.0
1777891666.5353324,0.0,-3.0,-83.0
1777891666.5453324,-1.0,-2.0,-83.0
1777891666.5553324,-1.0,2.0,-75.0
1777891666.5653324,-2.0,1.0,-70.0
1777891666.5753324,1.0,1.0,-69.0
1777891666.5853324,4.0,0.0,-70.0
1777891666.5953324,6.0,-1.0,-73.0
1777891666.6053324,5.0,0.0,-74.0
1777891666.6153324,5.0,-3.0,-76.0
1777891666.6253324,5.0,-5.0,-74.0
1777891666.6353323,1.0,-5.0,-74.0
1777891666.6453323,-2.0,-6.0,-75.0
1777891666.6553323,-2.0,-6.0,-74.0
1777891666.6653323,-4.0,-4.0,-82.0
1777891666.6753323,0.0,-5.0,-86.0
1777891666.6853323,2.0,-4.0,-79.0
1777891666.6953323,0.0,0.0,-73.0
1777891666.7053325,-3.0,-3.0,-68.0
1777891666.7153325,-2.0,0.0,-70.0
1777891666.7253325,-5.0,0.0,-68.0
1777891666.7353325,-7.0,-1.0,-72.0
1777891666.7453325,-6.0,0.0,-76.0
1777891666.7553325,0.0,3.0,-73.0
1777891666.7653325,-2.0,7.0,-71.0
1777891666.7753325,-2.0,10.0,-71.0
1777891666.7853324,1.0,7.0,-77.0
1777891666.7953324,0.0,3.0,-74.0
1777891666.8053324,-5.0,5.0,-72.0
1777891666.8153324,-6.0,2.0,-71.0
1777891666.8253324,-1.0,0.0,-75.0
1777891666.8353324,1.0,3.0,-77.0
1777891666.8453324,2.0,6.0,-78.0
1777891666.8553324,2.0,4.0,-76.0
1777891666.8653324,3.0,4.0,-78.0
1777891666.8753324,6.0,5.0,-79.0
1777891666.8853323,9.0,2.0,-76.0
1777891666.8953323,6.0,-2.0,-78.0
1777891666.9053323,4.0,-1.0,-83.0
1777891666.9153323,5.0,-1.0,-77.0
1777891666.9253323,3.0,2.0,-77.0
1777891666.9353323,5.0,0.0,-74.0
1777891666.9453323,1.0,1.0,-74.0
1777891666.9553325,1.0,0.0,-81.0
1777891666.9653325,-3.0,-3.0,-77.0
1777891666.9753325,-4.0,-3.0,-72.0
1777891666.9853325,-2.0,-1.0,-70.0
1777891666.9953325,-2.0,-1.0,-65.0
1777891667.0053325,1.0,-3.0,-71.0
1777891667.0153325,0.0,-3.0,-68.0
1777891667.0253325,-1.0,-5.0,-70.0
1777891667.0353324,-2.0,-3.0,-70.0
1777891667.0453324,0.0,-3.0,-69.0
1777891667.0553324,0.0,0.0,-78.0
1777891667.0653324,1.0,-2.0,-83.0
1777891667.0753324,3.0,2.0,-84.0
1777891667.0853324,3.0,0.0,-86.0
1777891667.0953324,7.0,-1.0,-87.0
1777891667.1053324,7.0,-3.0,-72.0
1777891667.1153324,8.0,-4.0,-66.0
1777891667.1253324,7.0,-3.0,-66.0
1777891667.1353323,4.0,-5.0,-59.0
1777891667.1453323,5.0,-4.0,-61.0
1777891667.1553323,8.0,-2.0,-62.0
1777891667.1653323,6.0,-2.0,-66.0
1777891667.1753323,4.0,-1.0,-64.0
1777891667.1853323,4.0,1.0,-65.0
1777891667.1953323,6.0,1.0,-67.0
1777891667.2053325,9.0,1.0,-65.0
1777891667.2153325,9.0,1.0,-75.0
1777891667.2253325,5.0,1.0,-77.0
1777891667.2353325,-1.0,-1.0,-74.0
1777891667.2453325,-4.0,-4.0,-71.0
1777891667.2553325,-4.0,-4.0,-76.0
1777891667.2653325,-4.0,-6.0,-72.0
1777891667.2753325,-3.0,-1.0,-71.0
1777891667.2853324,-5.0,2.0,-71.0
1777891667.2953324,-3.0,2.0,-73.0
1777891667.3053324,-2.0,3.0,-77.0
1777891667.3153324,-3.0,5.0,-74.0
1777891667.3253324,-5.0,1.0,-71.0
1777891667.3353324,-4.0,0.0,-67.0
1777891667.3453324,2.0,1.0,-67.0
1777891667.3553324,5.0,-1.0,-69.0
1777891667.3653324,3.0,0.0,-69.0
1777891667.3753324,4.0,-1.0,-75.0
1777891667.3853323,4.0,-7.0,-74.0
1777891667.3953323,3.0,-9.0,-75.0
1777891667.4053323,5.0,-10.0,-80.0
1777891667.4153323,4.0,-7.0,-83.0
1777891667.4253323,7.0,-7.0,-82.0
1777891667.4353323,5.0,-8.0,-78.0
1777891667.4453323,0.0,-6.0,-76.0
1777891667.4553325,2.0,-5.0,-71.0
1777891667.4653325,1.0,-4.0,-68.0
1777891667.4753325,0.0,-3.0,-74.0
1777891667.4853325,0.0,1.0,-75.0
1777891667.4953325,1.0,1.0,-72.0
1777891667.5053325,-3.0,0.0,-70.0
1777891667.5153325,-3.0,2.0,-70.0
1777891667.5253325,-1.0,3.0,-74.0
1777891667.5353324,0.0,1.0,-72.0
1777891667.5453324,4.0,0.0,-69.0
1777891667.5553324,4.0,1.0,-69.0
1777891667.5653324,4.0,0.0,-68.0
1777891667.5753324,0.0,3.0,-72.0
1777891667.5853324,0.0,0.0,-83.0
1777891667.5953324,0.0,-1.0,-79.0
1777891667.6053324,-1.0,1.0,-71.0
1777891667.6153324,0.0,1.0,-69.0
1777891667.6253324,-5.0,2.0,-71.0
1777891667.6353323,-8.0,4.0,-71.0
1777891667.6453323,-3.0,6.0,-75.0
1777891667.6553323,-4.0,7.0,-78.0
1777891667.6653323,-5.0,5.0,-70.0
1777891667.6753323,-5.0,5.0,-73.0
1777891667.6853323,-6.0,5.0,-72.0
1777891667.6953323,-6.0,0.0,-74.0
1777891667.7053325,-7.0,-3.0,-74.0
1777891667.7153325,-9.0,-1.0,-75.0
1777891667.7253325,-8.0,0.0,-76.0
1777891667.7353325,-5.0,0.0,-73.0
1777891667.7453325,-1.0,2.0,-68.0
1777891667.7553325,0.0,1.0,-64.0
1777891667.7653325,0.0,1.0,-68.0
1777891667.7753325,0.0,3.0,-67.0
1777891667.7853324,-3.0,4.0,-67.0
1777891667.7953324,0.0,4.0,-62.0
1777891667.8053324,1.0,3.0,-71.0
1777891667.8153324,0.0,3.0,-75.0
1777891667.8253324,1.0,0.0,-74.0
1777891667.8353324,1.0,0.0,-76.0
1777891667.8453324,3.0,0.0,-74.0
1777891667.8553324,3.0,3.0,-75.0
1777891667.8653324,6.0,2.0,-70.0
1777891667.8753324,5.0,3.0,-70.0
1777891667.8853323,6.0,6.0,-74.0
1777891667.8953323,6.0,4.0,-74.0
1777891667.9053323,7.0,4.0,-82.0
1777891667.9153323,11.0,3.0,-83.0
1777891667.9253323,15.0,2.0,-78.0
1777891667.9353323,11.0,2.0,-80.0
1777891667.9453323,12.0,0.0,-84.0
1777891667.9553325,10.0,-1.0,-81.0
1777891667.9653325,9.0,0.0,-77.0
1777891667.9753325,8.0,1.0,-74.0
1777891667.9853325,7.0,0.0,-71.0
1777891667.9953325,6.0,2.0,-71.0
1777891668.0053325,8.0,4.0,-72.0
1777891668.0153325,8.0,0.0,-73.0
1777891668.0253325,5.0,-2.0,-76.0
1777891668.0353324,3.0,-4.0,-84.0
1777891668.0453324,1.0,-5.0,-84.0
1777891668.0553324,2.0,-2.0,-83.0
1777891668.0653324,6.0,-2.0,-74.0
1777891668.0753324,4.0,-5.0,-70.0
1777891668.0853324,6.0,-3.0,-73.0
1777891668.0953324,9.0,-4.0,-77.0
1777891668.1053324,8.0,-3.0,-68.0
1777891668.1153324,5.0,-4.0,-69.0
1777891668.1253324,2.0,-4.0,-62.0
1777891668.1353323,-3.0,-1.0,-65.0
1777891668.1453323,-6.0,-3.0,-74.0
1777891668.1553323,-9.0,-6.0,-70.0
1777891668.1653323,-7.0,-2.0,-72.0
1777891668.1753323,-5.0,-2.0,-73.0
1777891668.1853323,-7.0,1.0,-69.0
1777891668.1953323,-5.0,3.0,-74.0
1777891668.2053325,-3.0,3.0,-70.0
1777891668.2153325,-4.0,0.0,-67.0
1777891668.2253325,-2.0,1.0,-72.0
1777891668.2353325,-1.0,-1.0,-66.0
1777891668.2453325,-1.0,0.0,-62.0
1777891668.2553325,0.0,0.0,-67.0
1777891668.2653325,3.0,-5.0,-66.0
1777891668.2753325,1.0,-5.0,-72.0
1777891668.2853324,4.0,-6.0,-70.0
1777891668.2963324,1.0,0.0,-65.0
1777891668.3053324,0.0,2.0,-67.0
1777891668.3153324,0.0,-1.0,-67.0
1777891668.3253324,0.0,-1.0,-65.0
1777891668.3353324,-1.0,-2.0,-66.0
1777891668.3453324,-4.0,3.0,-62.0
1777891668.3553324,-6.0,1.0,-58.0
1777891668.3653324,0.0,2.0,-57.0
1777891668.3753324,2.0,3.0,-64.0
1777891668.3853323,9.0,3.0,-66.0
1777891668.3953323,12.0,2.0,-69.0
1777891668.4053323,11.0,4.0,-72.0
1777891668.4153323,4.0,3.0,-72.0
1777891668.4253323,-1.0,1.0,-69.0
1777891668.4363325,0.0,-2.0,-68.0
1777891668.4463325,-3.0,-4.0,-64.0
1777891668.4563324,-6.0,-2.0,-61.0
1777891668.4663324,-4.0,-4.0,-57.0
1777891668.4763324,-2.0,-4.0,-55.0
1777891668.4863324,4.0,-2.0,-56.0
1777891668.4963324,7.0,-2.0,-60.0
1777891668.5063324,11.0,-5.0,-65.0
1777891668.5163324,5.0,-2.0,-66.0
1777891668.5263324,4.0,-1.0,-64.0
1777891668.5363324,4.0,-5.0,-63.0
1777891668.5463324,0.0,-7.0,-65.0
1777891668.5563323,3.0,-6.0,-72.0
1777891668.5663323,2.0,-7.0,-71.0
1777891668.5763323,4.0,-9.0,-68.0
1777891668.5863323,3.0,-5.0,-62.0
1777891668.5963323,2.0,-2.0,-65.0
1777891668.6063323,3.0,-3.0,-66.0
1777891668.6163323,3.0,-2.0,-65.0
1777891668.6263323,1.0,-3.0,-67.0
1777891668.6363325,2.0,-2.0,-67.0
1777891668.6463325,1.0,-2.0,-64.0
1777891668.6563325,-1.0,2.0,-64.0
1777891668.6663325,1.0,-2.0,-67.0
1777891668.6763325,2.0,-1.0,-65.0
1777891668.6863325,-4.0,2.0,-66.0
1777891668.6963325,-2.0,2.0,-71.0
1777891668.7063324,-4.0,3.0,-70.0
1777891668.7163324,-3.0,0.0,-71.0
1777891668.7263324,-2.0,-2.0,-72.0
1777891668.7363324,2.0,0.0,-79.0
1777891668.7463324,3.0,2.0,-82.0
1777891668.7563324,4.0,0.0,-83.0
1777891668.7663324,-2.0,-4.0,-81.0
1777891668.7763324,-6.0,-2.0,-73.0
1777891668.7863324,0.0,-4.0,-74.0
1777891668.7963324,1.0,-4.0,-78.0
1777891668.8063323,5.0,1.0,-76.0
1777891668.8163323,4.0,3.0,-76.0
1777891668.8263323,-1.0,-1.0,-80.0
1777891668.8363323,-4.0,-2.0,-77.0
1777891668.8463323,-2.0,0.0,-77.0
1777891668.8563323,-1.0,2.0,-77.0
1777891668.8663323,-2.0,0.0,-71.0
1777891668.8763323,-2.0,0.0,-67.0
1777891668.8863325,0.0,2.0,-67.0
1777891668.8963325,-2.0,5.0,-68.0
1777891668.9063325,-3.0,3.0,-65.0
1777891668.9163325,-5.0,4.0,-64.0
1777891668.9263325,-2.0,3.0,-67.0
1777891668.9363325,0.0,3.0,-68.0
1777891668.9463325,5.0,4.0,-71.0
1777891668.9563324,4.0,4.0,-71.0
1777891668.9663324,3.0,5.0,-67.0
1777891668.9763324,4.0,1.0,-69.0
1777891668.9863324,5.0,1.0,-70.0
1777891668.9963324,11.0,0.0,-66.0
1777891669.0063324,11.0,-1.0,-64.0
1777891669.0163324,9.0,2.0,-65.0
1777891669.0263324,7.0,1.0,-66.0
1777891669.0363324,6.0,-2.0,-68.0
1777891669.0463324,3.0,-3.0,-70.0
1777891669.0563323,3.0,-6.0,-65.0
1777891669.0663323,6.0,-8.0,-60.0
1777891669.0763323,3.0,-7.0,-62.0
1777891669.0863323,4.0,-7.0,-65.0
1777891669.0963323,9.0,-6.0,-69.0
1777891669.1063323,2.0,-6.0,-62.0
1777891669.1163323,2.0,-6.0,-63.0
1777891669.1263323,6.0,-5.0,-63.0
1777891669.1363325,5.0,-6.0,-65.0
1777891669.1463325,2.0,-9.0,-70.0
1777891669.1563325,2.0,-8.0,-68.0
1777891669.1663325,5.0,-4.0,-71.0
1777891669.1763325,5.0,-6.0,-76.0
1777891669.1863325,6.0,1.0,-71.0
1777891669.1963325,5.0,2.0,-71.0
1777891669.2063324,4.0,2.0,-66.0
1777891669.2163324,-1.0,0.0,-69.0
1777891669.2263324,-2.0,3.0,-75.0
1777891669.2363324,-3.0,0.0,-73.0
1777891669.2463324,-2.0,0.0,-72.0
1777891669.2563324,0.0,0.0,-73.0
1777891669.2663324,-4.0,0.0,-79.0
1777891669.2763324,-2.0,-2.0,-78.0
1777891669.2863324,0.0,-2.0,-77.0
1777891669.2963324,1.0,-3.0,-72.0
1777891669.3063323,-1.0,0.0,-75.0
1777891669.3163323,0.0,-2.0,-73.0
1777891669.3263323,-1.0,-4.0,-82.0
1777891669.3363323,0.0,-7.0,-81.0
1777891669.3463323,0.0,-8.0,-79.0
1777891669.3563323,-2.0,-4.0,-81.0
1777891669.3663323,-3.0,-5.0,-88.0
1777891669.3763323,-2.0,-3.0,-86.0
1777891669.3863325,-3.0,-4.0,-86.0
1777891669.3963325,-1.0,-4.0,-80.0
1777891669.4063325,0.0,-4.0,-74.0
1777891669.4163325,0.0,-1.0,-75.0
1777891669.4263325,2.0,-4.0,-75.0
1777891669.4363325,6.0,-5.0,-74.0
1777891669.4463325,9.0,-2.0,-76.0
1777891669.4563324,6.0,-1.0,-71.0
1777891669.4663324,6.0,-1.0,-63.0
1777891669.4763324,2.0,0.0,-66.0
1777891669.4863324,5.0,0.0,-64.0
1777891669.4963324,7.0,2.0,-66.0
1777891669.5063324,5.0,1.0,-65.0
1777891669.5163324,6.0,4.0,-61.0
1777891669.5263324,10.0,2.0,-61.0
1777891669.5363324,7.0,0.0,-67.0
1777891669.5463324,2.0,0.0,-78.0
1777891669.5563323,3.0,-3.0,-73.0
1777891669.5663323,4.0,0.0,-72.0
1777891669.5763323,6.0,-1.0,-74.0
1777891669.5863323,6.0,2.0,-73.0
1777891669.5963323,6.0,2.0,-70.0
1777891669.6063323,5.0,3.0,-70.0
1777891669.6163323,2.0,3.0,-70.0
1777891669.6263323,0.0,1.0,-71.0
1777891669.6363325,5.0,0.0,-69.0
1777891669.6463325,5.0,0.0,-70.0
1777891669.6563325,5.0,-3.0,-67.0
1777891669.6663325,6.0,-7.0,-68.0
1777891669.6763325,5.0,-8.0,-71.0
1777891669.6863325,2.0,-9.0,-72.0
1777891669.6963325,4.0,-5.0,-65.0
1777891669.7063324,-1.0,-4.0,-68.0
1777891669.7163324,0.0,-2.0,-66.0
1777891669.7263324,3.0,0.0,-66.0
1777891669.7363324,6.0,3.0,-64.0
1777891669.7463324,4.0,3.0,-69.0
1777891669.7563324,4.0,4.0,-71.0
1777891669.7663324,0.0,0.0,-74.0
1777891669.7763324,1.0,3.0,-75.0
1777891669.7863324,2.0,3.0,-75.0
1777891669.7963324,3.0,4.0,-67.0
1777891669.8063323,2.0,5.0,-70.0
1777891669.8163323,2.0,4.0,-75.0
1777891669.8263323,2.0,1.0,-78.0
1777891669.8363323,1.0,-1.0,-79.0
1777891669.8463323,0.0,0.0,-81.0
1777891669.8563323,3.0,0.0,-82.0
1777891669.8663323,6.0,3.0,-82.0
1777891669.8763323,2.0,2.0,-83.0
1777891669.8863325,-2.0,-1.0,-79.0
1777891669.8963325,-1.0,-1.0,-82.0
1777891669.9063325,1.0,-2.0,-78.0
1777891669.9163325,1.0,0.0,-74.0
1777891669.9263325,0.0,2.0,-70.0
1777891669.9363325,1.0,2.0,-68.0
1777891669.9463325,0.0,6.0,-70.0
1777891669.9563324,0.0,4.0,-68.0
1777891669.9663324,0.0,5.0,-69.0
1777891669.9763324,-4.0,5.0,-72.0
1777891669.9863324,-7.0,7.0,-70.0
1777891669.9963324,-5.0,7.0,-71.0
1777891670.0063324,-10.0,11.0,-73.0
1777891670.0163324,-7.0,7.0,-71.0
1777891670.0263324,-7.0,0.0,-66.0
1777891670.0363324,-4.0,0.0,-68.0
1777891670.0463324,-1.0,1.0,-74.0
1777891670.0563323,-5.0,-2.0,-75.0
1777891670.0663323,-3.0,0.0,-74.0
1777891670.0763323,-4.0,0.0,-73.0
1777891670.0863323,-3.0,0.0,-76.0
1777891670.0963323,-4.0,-1.0,-81.0
1777891670.1063323,-7.0,0.0,-77.0
1777891670.1163323,-5.0,-1.0,-80.0
1777891670.1263323,1.0,-1.0,-80.0
1777891670.1363325,1.0,2.0,-77.0
1777891670.1463325,1.0,1.0,-74.0
1777891670.1563325,-2.0,2.0,-75.0
1777891670.1663325,-2.0,1.0,-72.0
1777891670.1763325,0.0,2.0,-68.0
1777891670.1863325,0.0,1.0,-69.0
1777891670.1963325,0.0,-6.0,-64.0
1777891670.2063324,-1.0,-6.0,-70.0
1777891670.2163324,0.0,-6.0,-75.0
1777891670.2263324,4.0,-1.0,-69.0
1777891670.2363324,3.0,0.0,-58.0
1777891670.2463324,1.0,3.0,-65.0
1777891670.2563324,0.0,-1.0,-65.0
1777891670.2663324,0.0,-1.0,-66.0
1777891670.2763324,0.0,-2.0,-70.0
1777891670.2863324,3.0,-4.0,-67.0
1777891670.2963324,2.0,-6.0,-66.0
1777891670.3063323,4.0,-5.0,-67.0
1777891670.3163323,3.0,-7.0,-71.0
1777891670.3263323,4.0,-5.0,-71.0
1777891670.3363323,5.0,-3.0,-69.0
1777891670.3463323,1.0,0.0,-65.0
1777891670.3563323,3.0,-2.0,-68.0
1777891670.3663323,8.0,0.0,-68.0
1777891670.3763323,7.0,0.0,-69.0
1777891670.3873324,4.0,3.0,-69.0
1777891670.3963325,5.0,-2.0,-72.0
1777891670.4073324,3.0,-5.0,-77.0
1777891670.4173324,0.0,-3.0,-75.0
1777891670.4273324,4.0,-3.0,-77.0
1777891670.4373324,1.0,0.0,-76.0
1777891670.4473324,-2.0,0.0,-77.0
1777891670.4573324,-5.0,1.0,-77.0
1777891670.4673324,-6.0,0.0,-84.0
1777891670.4773324,-3.0,0.0,-85.0
1777891670.4873323,0.0,1.0,-84.0
1777891670.4973323,-5.0,2.0,-83.0
1777891670.5073323,-5.0,4.0,-86.0
1777891670.5173323,-4.0,1.0,-83.0
1777891670.5273323,-6.0,1.0,-81.0
1777891670.5373323,-3.0,0.0,-81.0
1777891670.5473323,-1.0,2.0,-78.0
1777891670.5573325,-2.0,3.0,-74.0
1777891670.5673325,-9.0,3.0,-73.0
1777891670.5773325,-11.0,1.0,-74.0
1777891670.5873325,-6.0,1.0,-79.0
1777891670.5973325,-4.0,1.0,-76.0
1777891670.6073325,-5.0,1.0,-75.0
1777891670.6173325,0.0,0.0,-78.0
1777891670.6273324,1.0,0.0,-72.0
1777891670.6373324,5.0,-2.0,-80.0
1777891670.6473324,6.0,-1.0,-76.0
1777891670.6573324,4.0,2.0,-75.0
1777891670.6673324,5.0,1.0,-74.0
1777891670.6773324,3.0,-1.0,-82.0
1777891670.6873324,7.0,-1.0,-83.0
1777891670.6973324,9.0,0.0,-77.0
1777891670.7073324,2.0,0.0,-79.0
1777891670.7173324,1.0,0.0,-76.0
1777891670.7273324,-3.0,0.0,-73.0
1777891670.7373323,0.0,0.0,-73.0
1777891670.7473323,-1.0,0.0,-78.0
1777891670.7573323,4.0,0.0,-80.0
1777891670.7673323,5.0,2.0,-76.0
1777891670.7773323,6.0,4.0,-78.0
1777891670.7873323,2.0,2.0,-78.0
1777891670.7973323,0.0,-2.0,-79.0
1777891670.8073325,2.0,-2.0,-78.0
1777891670.8173325,-2.0,-5.0,-77.0
1777891670.8273325,0.0,-4.0,-79.0
1777891670.8373325,0.0,0.0,-81.0
1777891670.8473325,2.0,0.0,-90.0
1777891670.8573325,3.0,-5.0,-81.0
1777891670.8673325,3.0,-6.0,-79.0
1777891670.8773324,0.0,-5.0,-78.0
1777891670.8873324,-1.0,-3.0,-77.0
1777891670.8973324,-1.0,-5.0,-75.0
1777891670.9073324,-5.0,-4.0,-73.0
1777891670.9173324,-1.0,0.0,-70.0
1777891670.9273324,-1.0,0.0,-65.0
1777891670.9373324,0.0,-3.0,-60.0
1777891670.9473324,-1.0,-2.0,-60.0
1777891670.9573324,-1.0,0.0,-65.0
1777891670.9673324,2.0,-1.0,-59.0
1777891670.9773324,2.0,-1.0,-61.0
1777891670.9873323,0.0,0.0,-62.0
1777891670.9973323,-8.0,0.0,-65.0
1777891671.0073323,-13.0,0.0,-63.0
1777891671.0173323,-10.0,-2.0,-67.0
1777891671.0273323,-7.0,-5.0,-62.0
1777891671.0373323,-6.0,-4.0,-64.0
1777891671.0473323,-5.0,-7.0,-68.0
1777891671.0573325,-4.0,-8.0,-67.0
1777891671.0673325,1.0,-7.0,-69.0
1777891671.0773325,0.0,-4.0,-76.0
1777891671.0873325,0.0,-1.0,-81.0
1777891671.0973325,1.0,-3.0,-79.0
1777891671.1073325,2.0,-3.0,-83.0
1777891671.1173325,1.0,-2.0,-82.0
1777891671.1273324,2.0,-3.0,-79.0
1777891671.1373324,1.0,-1.0,-79.0
1777891671.1473324,0.0,3.0,-75.0
1777891671.1573324,-4.0,4.0,-65.0
1777891671.1673324,-5.0,2.0,-65.0
1777891671.1773324,-2.0,1.0,-71.0
1777891671.1873324,0.0,4.0,-77.0
1777891671.1973324,-3.0,-1.0,-74.0
1777891671.2073324,-3.0,0.0,-70.0
1777891671.2173324,-2.0,0.0,-66.0
1777891671.2273324,0.0,-2.0,-71.0
1777891671.2373323,5.0,-7.0,-75.0
1777891671.2473323,11.0,-5.0,-71.0
1777891671.2573323,10.0,-2.0,-66.0
1777891671.2673323,10.0,-2.0,-63.0
1777891671.2773323,9.0,-3.0,-59.0
1777891671.2873323,4.0,0.0,-64.0
1777891671.2973323,4.0,3.0,-67.0
1777891671.3073325,0.0,3.0,-69.0
1777891671.3173325,4.0,1.0,-78.0
1777891671.3273325,-3.0,-2.0,-80.0
1777891671.3373325,-2.0,-4.0,-74.0
1777891671.3473325,1.0,-2.0,-68.0
1777891671.3573325,6.0,0.0,-72.0
1777891671.3673325,0.0,0.0,-74.0
1777891671.3773324,-2.0,0.0,-76.0
1777891671.3873324,-3.0,2.0,-70.0
1777891671.3973324,0.0,0.0,-71.0
1777891671.4073324,2.0,0.0,-73.0
1777891671.4173324,7.0,-1.0,-75.0
1777891671.4273324,4.0,-1.0,-79.0
1777891671.4373324,0.0,-3.0,-79.0
1777891671.4473324,-2.0,-3.0,-84.0
1777891671.4573324,-3.0,0.0,-82.0
1777891671.4673324,3.0,0.0,-85.0
1777891671.4773324,2.0,0.0,-83.0
1777891671.4873323,3.0,1.0,-80.0
1777891671.4973323,3.0,2.0,-74.0
1777891671.5073323,3.0,0.0,-72.0
1777891671.5173323,2.0,-5.0,-73.0
1777891671.5273323,0.0,-10.0,-78.0
1777891671.5373323,2.0,-5.0,-75.0
1777891671.5473323,4.0,-2.0,-76.0
1777891671.5573325,3.0,-3.0,-72.0
1777891671.5673325,3.0,-2.0,-69.0
1777891671.5773325,2.0,0.0,-67.0
1777891671.5873325,3.0,1.0,-71.0
1777891671.5973325,3.0,6.0,-70.0
1777891671.6073325,5.0,5.0,-65.0
1777891671.6173325,2.0,6.0,-69.0
1777891671.6273324,0.0,7.0,-65.0
1777891671.6373324,-1.0,5.0,-59.0
1777891671.6473324,-4.0,1.0,-64.0
1777891671.6573324,-1.0,1.0,-64.0
1777891671.6673324,0.0,2.0,-67.0
1777891671.6773324,1.0,-1.0,-67.0
1777891671.6873324,1.0,-2.0,-63.0
1777891671.6973324,2.0,-2.0,-64.0
1777891671.7073324,4.0,-1.0,-61.0
1777891671.7173324,4.0,-4.0,-60.0
1777891671.7273324,3.0,-1.0,-69.0
1777891671.7373323,1.0,-3.0,-79.0
1777891671.7473323,0.0,-5.0,-86.0
1777891671.7573323,-1.0,-4.0,-82.0
1777891671.7673323,-5.0,-5.0,-78.0
1777891671.7773323,-3.0,-7.0,-78.0
1777891671.7873323,0.0,-6.0,-77.0
1777891671.7973323,0.0,-2.0,-81.0
1777891671.8073325,0.0,-2.0,-78.0
1777891671.8173325,-1.0,-4.0,-74.0
1777891671.8273325,0.0,-6.0,-68.0
1777891671.8373325,-1.0,-2.0,-68.0
1777891671.8473325,-2.0,0.0,-70.0
1777891671.8573325,-3.0,0.0,-78.0
1777891671.8673325,-4.0,1.0,-75.0
1777891671.8773324,-5.0,1.0,-71.0
1777891671.8873324,-1.0,0.0,-67.0
1777891671.8973324,1.0,2.0,-69.0
1777891671.9073324,1.0,2.0,-68.0
1777891671.9173324,3.0,0.0,-65.0
1777891671.9273324,3.0,2.0,-68.0
1777891671.9373324,3.0,0.0,-65.0
1777891671.9473324,3.0,-2.0,-67.0
1777891671.9573324,0.0,-5.0,-64.0
1777891671.9673324,3.0,-4.0,-64.0
1777891671.9773324,2.0,-3.0,-65.0
1777891671.9873323,2.0,-5.0,-68.0
1777891671.9973323,2.0,-5.0,-76.0
1777891672.0073323,1.0,-4.0,-78.0
1777891672.0173323,7.0,-4.0,-74.0
1777891672.0273323,8.0,-3.0,-76.0
1777891672.0373323,5.0,-2.0,-81.0
1777891672.0473323,2.0,-4.0,-84.0
1777891672.0573325,1.0,-6.0,-78.0
1777891672.0673325,0.0,-1.0,-72.0
1777891672.0773325,-1.0,0.0,-73.0
1777891672.0873325,-6.0,1.0,-73.0
1777891672.0973325,-2.0,0.0,-70.0
1777891672.1073325,1.0,0.0,-69.0
1777891672.1173325,-1.0,-1.0,-66.0
1777891672.1273324,-1.0,2.0,-65.0
1777891672.1373324,5.0,1.0,-62.0
1777891672.1473324,8.0,5.0,-71.0
1777891672.1573324,4.0,5.0,-65.0
1777891672.1673324,-2.0,8.0,-67.0
1777891672.1773324,-3.0,4.0,-71.0
1777891672.1873324,-3.0,1.0,-64.0
1777891672.1973324,0.0,2.0,-61.0
1777891672.2073324,2.0,3.0,-59.0
1777891672.2173324,7.0,2.0,-62.0
1777891672.2273324,9.0,0.0,-65.0
1777891672.2373323,9.0,-3.0,-70.0
1777891672.2473323,11.0,0.0,-72.0
1777891672.2573323,11.0,-1.0,-73.0
1777891672.2673323,10.0,-2.0,-66.0
1777891672.2773323,6.0,-3.0,-64.0
1777891672.2873323,6.0,-6.0,-63.0
1777891672.2973323,2.0,-6.0,-65.0
1777891672.3073325,0.0,-7.0,-65.0
1777891672.3173325,0.0,-3.0,-66.0
1777891672.3273325,0.0,0.0,-70.0
1777891672.3383324,1.0,-1.0,-74.0
1777891672.3473325,-2.0,-4.0,-71.0
1777891672.3573325,-2.0,-2.0,-69.0
1777891672.3673325,1.0,-2.0,-74.0
1777891672.3773324,0.0,0.0,-69.0
1777891672.3873324,0.0,-2.0,-68.0
1777891672.3973324,-2.0,-1.0,-70.0
1777891672.4083323,0.0,-2.0,-74.0
1777891672.4183323,-2.0,-1.0,-75.0
1777891672.4283323,-1.0,-2.0,-72.0
1777891672.4383323,-2.0,0.0,-77.0
1777891672.4483323,-3.0,-1.0,-85.0
1777891672.4583323,-1.0,-4.0,-87.0
1777891672.4683323,-2.0,-3.0,-83.0
1777891672.4783323,-1.0,-1.0,-81.0
1777891672.4883325,-2.0,3.0,-85.0
1777891672.4983325,0.0,0.0,-80.0
1777891672.5083325,1.0,1.0,-77.0
1777891672.5183325,-2.0,-2.0,-76.0
1777891672.5283325,2.0,-4.0,-76.0
1777891672.5383325,4.0,-2.0,-76.0
1777891672.5483325,3.0,-4.0,-78.0
1777891672.5583324,2.0,-2.0,-75.0
1777891672.5683324,4.0,-2.0,-74.0
1777891672.5783324,8.0,-4.0,-72.0
1777891672.5883324,4.0,-3.0,-69.0
1777891672.5983324,0.0,-2.0,-71.0
1777891672.6083324,2.0,-1.0,-70.0
1777891672.6183324,7.0,0.0,-77.0
1777891672.6283324,12.0,3.0,-79.0
1777891672.6383324,12.0,0.0,-79.0
1777891672.6483324,10.0,0.0,-79.0
1777891672.6583323,6.0,0.0,-78.0
1777891672.6683323,1.0,-1.0,-75.0
1777891672.6783323,0.0,-1.0,-83.0
1777891672.6883323,-1.0,-1.0,-80.0
1777891672.6983323,-4.0,-2.0,-74.0
1777891672.7083323,-3.0,-3.0,-73.0
1777891672.7183323,-1.0,-2.0,-78.0
1777891672.7283323,-5.0,-2.0,-72.0
1777891672.7383325,-8.0,-1.0,-63.0
1777891672.7483325,-10.0,-4.0,-67.0
1777891672.7583325,-10.0,-8.0,-72.0
1777891672.7683325,-4.0,-6.0,-77.0
1777891672.7783325,-2.0,-7.0,-76.0
1777891672.7883325,0.0,-5.0,-72.0
1777891672.7983325,0.0,-1.0,-82.0
1777891672.8083324,-2.0,-2.0,-80.0
1777891672.8183324,1.0,1.0,-85.0
1777891672.8283324,0.0,-4.0,-84.0
1777891672.8383324,-1.0,-3.0,-84.0
1777891672.8483324,-1.0,-8.0,-82.0
1777891672.8583324,0.0,-6.0,-78.0
1777891672.8683324,-2.0,-1.0,-77.0
1777891672.8783324,0.0,-1.0,-83.0
1777891672.8883324,4.0,-1.0,-81.0
1777891672.8983324,0.0,0.0,-79.0
1777891672.9083323,1.0,0.0,-75.0
1777891672.9183323,3.0,1.0,-66.0
1777891672.9283323,5.0,0.0,-71.0
1777891672.9383323,9.0,0.0,-72.0
1777891672.9483323,10.0,-1.0,-77.0
1777891672.9583323,10.0,-4.0,-79.0
1777891672.9683323,9.0,-2.0,-77.0
1777891672.9783323,5.0,-3.0,-72.0
1777891672.9883325,6.0,-4.0,-74.0
1777891672.9983325,5.0,-1.0,-78.0
1777891673.0083325,4.0,-2.0,-82.0
1777891673.0183325,4.0,0.0,-81.0
1777891673.0283325,11.0,-5.0,-81.0
1777891673.0383325,10.0,-3.0,-78.0
1777891673.0483325,6.0,-2.0,-81.0
1777891673.0583324,4.0,-1.0,-82.0
1777891673.0683324,3.0,0.0,-79.0
1777891673.0783324,0.0,0.0,-71.0
1777891673.0883324,-2.0,-1.0,-67.0
1777891673.0983324,-1.0,0.0,-66.0
1777891673.1083324,-3.0,2.0,-61.0
1777891673.1183324,-2.0,0.0,-57.0
1777891673.1283324,-2.0,0.0,-53.0
1777891673.1383324,-4.0,-1.0,-66.0
1777891673.1483324,-4.0,-1.0,-68.0
1777891673.1583323,1.0,0.0,-70.0
1777891673.1683323,0.0,0.0,-77.0
1777891673.1783323,-1.0,0.0,-78.0
1777891673.1883323,0.0,3.0,-77.0
1777891673.1983323,-3.0,0.0,-73.0
1777891673.2083323,-4.0,4.0,-74.0
1777891673.2183323,-6.0,1.0,-74.0
1777891673.2283323,-5.0,-1.0,-76.0
1777891673.2383325,-8.0,1.0,-75.0
1777891673.2483325,-2.0,0.0,-67.0
1777891673.2583325,-1.0,-4.0,-65.0
1777891673.2683325,1.0,-4.0,-68.0
1777891673.2783325,0.0,-2.0,-68.0
1777891673.2883325,4.0,0.0,-63.0
1777891673.2983325,8.0,1.0,-62.0
1777891673.3083324,8.0,-2.0,-64.0
1777891673.3183324,7.0,0.0,-67.0
1777891673.3283324,3.0,0.0,-67.0
1777891673.3383324,3.0,-3.0,-74.0
1777891673.3483324,1.0,-2.0,-75.0
1777891673.3583324,0.0,4.0,-82.0
1777891673.3683324,-6.0,2.0,-78.0
1777891673.3783324,-12.0,-2.0,-77.0
1777891673.3883324,-9.0,0.0,-78.0
1777891673.3983324,-3.0,-2.0,-78.0
1777891673.4083323,0.0,-5.0,-79.0
1777891673.4183323,-1.0,-8.0,-68.0
1777891673.4283323,0.0,-7.0,-73.0
1777891673.4383323,-5.0,-7.0,-78.0
1777891673.4483323,-5.0,-8.0,-72.0
1777891673.4583323,-2.0,-3.0,-74.0
1777891673.4683323,0.0,-1.0,-72.0
1777891673.4783323,1.0,-2.0,-71.0
1777891673.4883325,3.0,-2.0,-68.0
1777891673.4983325,5.0,-2.0,-63.0
1777891673.5083325,2.0,-2.0,-64.0
1777891673.5183325,0.0,-2.0,-62.0
1777891673.5283325,0.0,-4.0,-59.0
1777891673.5383325,2.0,-9.0,-59.0
1777891673.5483325,4.0,-7.0,-61.0
1777891673.5583324,1.0,-10.0,-59.0
1777891673.5683324,0.0,-8.0,-62.0
1777891673.5783324,1.0,-2.0,-64.0
1777891673.5883324,0.0,-1.0,-63.0
1777891673.5983324,-1.0,-6.0,-73.0
1777891673.6083324,-1.0,-3.0,-75.0
1777891673.6183324,-4.0,-3.0,-71.0
1777891673.6283324,-4.0,-8.0,-75.0
1777891673.6383324,0.0,-7.0,-77.0
1777891673.6483324,-4.0,2.0,-84.0
1777891673.6583323,-3.0,4.0,-81.0
1777891673.6683323,-3.0,4.0,-82.0
1777891673.6783323,-2.0,3.0,-80.0
1777891673.6883323,-3.0,0.0,-75.0
1777891673.6983323,-3.0,-1.0,-69.0
1777891673.7083323,-3.0,0.0,-72.0
1777891673.7183323,-3.0,0.0,-71.0
1777891673.7283323,-3.0,1.0,-69.0
1777891673.7383325,-4.0,-1.0,-66.0
1777891673.7483325,-3.0,-1.0,-69.0
1777891673.7583325,-1.0,-1.0,-68.0
1777891673.7683325,-4.0,0.0,-63.0
1777891673.7783325,-2.0,-2.0,-70.0
1777891673.7883325,-3.0,1.0,-76.0
1777891673.7983325,-1.0,0.0,-78.0
1777891673.8083324,0.0,-5.0,-75.0
1777891673.8183324,4.0,-7.0,-76.0
1777891673.8283324,4.0,-10.0,-81.0
1777891673.8383324,0.0,-5.0,-78.0
1777891673.8483324,-1.0,-8.0,-72.0
1777891673.8583324,-3.0,-8.0,-64.0
1777891673.8683324,-3.0,-12.0,-63.0
1777891673.8783324,1.0,-9.0,-69.0
1777891673.8883324,3.0,-8.0,-76.0
1777891673.8983324,1.0,-5.0,-70.0
1777891673.9083323,0.0,-1.0,-76.0
1777891673.9183323,1.0,-2.0,-71.0
1777891673.9283323,0.0,1.0,-71.0
1777891673.9383323,1.0,4.0,-73.0
1777891673.9483323,2.0,3.0,-70.0
1777891673.9583323,0.0,3.0,-73.0
1777891673.9683323,4.0,-3.0,-69.0
1777891673.9783323,4.0,-1.0,-68.0
1777891673.9883325,5.0,0.0,-66.0
1777891673.9983325,7.0,-2.0,-72.0
1777891674.0083325,5.0,0.0,-71.0
1777891674.0183325,10.0,0.0,-72.0
1777891674.0283325,8.0,-5.0,-71.0
1777891674.0383325,10.0,-4.0,-62.0
1777891674.0483325,10.0,-2.0,-68.0
1777891674.0583324,8.0,0.0,-71.0
1777891674.0683324,3.0,-4.0,-70.0
1777891674.0783324,0.0,-5.0,-66.0
1777891674.0883324,3.0,-3.0,-70.0
1777891674.0983324,8.0,0.0,-71.0
1777891674.1083324,5.0,-1.0,-71.0
1777891674.1183324,1.0,-4.0,-72.0
1777891674.1283324,1.0,-5.0,-69.0
1777891674.1383324,0.0,-4.0,-70.0
1777891674.1483324,-3.0,-2.0,-70.0
1777891674.1583323,-14.0,0.0,-69.0
1777891674.1683323,-12.0,2.0,-63.0
1777891674.1783323,-4.0,2.0,-60.0
1777891674.1883323,-4.0,3.0,-62.0
1777891674.1983323,-4.0,4.0,-65.0
1777891674.2083323,-3.0,3.0,-70.0
1777891674.2183323,0.0,4.0,-76.0
1777891674.2283323,-2.0,3.0,-80.0
1777891674.2383325,-5.0,0.0,-81.0
1777891674.2483325,1.0,-2.0,-76.0
1777891674.2583325,0.0,-4.0,-80.0
1777891674.2683325,0.0,-7.0,-79.0
1777891674.2783325,0.0,-8.0,-76.0
1777891674.2883325,0.0,-6.0,-71.0
1777891674.2983325,-2.0,0.0,-68.0
1777891674.3083324,-3.0,2.0,-69.0
1777891674.3183324,-1.0,-3.0,-67.0
1777891674.3293324,-1.0,-6.0,-68.0
1777891674.3383324,0.0,-8.0,-63.0
1777891674.3483324,0.0,-11.0,-63.0
1777891674.3583324,0.0,-13.0,-60.0
1777891674.3683324,7.0,-12.0,-66.0
1777891674.3783324,8.0,-8.0,-68.0
1777891674.3883324,3.0,-8.0,-71.0
1777891674.3993323,5.0,-6.0,-71.0
1777891674.4093325,6.0,-7.0,-70.0
1777891674.4193325,5.0,-7.0,-67.0
1777891674.4293325,6.0,-6.0,-69.0
1777891674.4393325,10.0,-1.0,-67.0
1777891674.4493325,7.0,0.0,-70.0
1777891674.4593325,5.0,0.0,-72.0
1777891674.4693325,1.0,0.0,-68.0
1777891674.4793324,0.0,-1.0,-68.0
1777891674.4893324,0.0,-2.0,-68.0
1777891674.4993324,0.0,1.0,-69.0
1777891674.5093324,5.0,1.0,-64.0
1777891674.5193324,4.0,4.0,-63.0
1777891674.5293324,3.0,1.0,-61.0
1777891674.5393324,5.0,4.0,-67.0
1777891674.5493324,2.0,2.0,-61.0
1777891674.5593324,2.0,0.0,-65.0
1777891674.5693324,2.0,-2.0,-68.0
1777891674.5793324,5.0,-8.0,-75.0
1777891674.5893323,2.0,-15.0,-73.0
1777891674.5993323,4.0,-13.0,-74.0
1777891674.6093323,3.0,-6.0,-67.0
1777891674.6193323,-3.0,-1.0,-66.0
1777891674.6293323,-2.0,0.0,-72.0
1777891674.6393323,-1.0,2.0,-74.0
1777891674.6493323,4.0,0.0,-72.0
1777891674.6593325,3.0,4.0,-71.0
1777891674.6693325,3.0,0.0,-69.0
1777891674.6793325,7.0,0.0,-65.0
1777891674.6893325,2.0,2.0,-71.0
1777891674.6993325,4.0,2.0,-77.0
1777891674.7093325,2.0,2.0,-76.0
1777891674.7193325,1.0,1.0,-82.0
1777891674.7293324,0.0,-2.0,-79.0
1777891674.7393324,1.0,-2.0,-77.0
1777891674.7493324,3.0,-3.0,-77.0
1777891674.7593324,1.0,-4.0,-75.0
1777891674.7693324,1.0,-1.0,-74.0
1777891674.7793324,4.0,-4.0,-78.0
1777891674.7893324,7.0,-8.0,-78.0
1777891674.7993324,8.0,-6.0,-72.0
1777891674.8093324,6.0,-4.0,-73.0
1777891674.8193324,3.0,-4.0,-71.0
1777891674.8293324,2.0,-5.0,-72.0
1777891674.8393323,0.0,-6.0,-82.0
1777891674.8493323,2.0,-8.0,-83.0
1777891674.8593323,3.0,-7.0,-79.0
1777891674.8693323,2.0,-2.0,-77.0
1777891674.8793323,-1.0,-3.0,-77.0
1777891674.8893323,0.0,-1.0,-76.0
1777891674.8993323,-3.0,1.0,-78.0
1777891674.9093325,-2.0,3.0,-69.0
1777891674.9193325,-4.0,2.0,-77.0
1777891674.9293325,-3.0,0.0,-84.0
1777891674.9393325,0.0,-2.0,-79.0
1777891674.9493325,2.0,0.0,-75.0
1777891674.9593325,8.0,1.0,-70.0
1777891674.9693325,10.0,0.0,-73.0
1777891674.9793324,8.0,-3.0,-84.0
1777891674.9893324,8.0,0.0,-81.0
1777891674.9993324,5.0,0.0,-74.0
1777891675.0093324,6.0,-2.0,-68.0
1777891675.0193324,6.0,-5.0,-72.0
1777891675.0293324,7.0,-2.0,-76.0
1777891675.0393324,2.0,-4.0,-76.0
1777891675.0493324,-1.0,-6.0,-77.0
1777891675.0593324,-4.0,-5.0,-77.0
1777891675.0693324,-2.0,-1.0,-76.0
1777891675.0793324,1.0,2.0,-76.0
1777891675.0893323,2.0,3.0,-75.0
1777891675.0993323,0.0,5.0,-76.0
1777891675.1093323,1.0,2.0,-76.0
1777891675.1193323,-1.0,0.0,-76.0
1777891675.1293323,-2.0,-1.0,-71.0
1777891675.1393323,-2.0,-2.0,-69.0
1777891675.1493323,-4.0,-3.0,-72.0
1777891675.1593325,-3.0,-4.0,-76.0
1777891675.1693325,0.0,-2.0,-85.0
1777891675.1793325,-3.0,-2.0,-83.0
1777891675.1893325,-1.0,-7.0,-79.0
1777891675.1993325,-3.0,-1.0,-81.0
1777891675.2093325,0.0,-1.0,-79.0
1777891675.2193325,3.0,0.0,-74.0
1777891675.2293324,0.0,2.0,-76.0
1777891675.2393324,-4.0,0.0,-81.0
1777891675.2493324,-1.0,0.0,-83.0
1777891675.2593324,-6.0,-2.0,-84.0
1777891675.2693324,-5.0,-1.0,-87.0
1777891675.2793324,-7.0,1.0,-79.0
1777891675.2893324,-4.0,1.0,-74.0
1777891675.2993324,1.0,-1.0,-71.0
1777891675.3093324,5.0,-6.0,-69.0
1777891675.3193324,3.0,-5.0,-66.0
1777891675.3293324,3.0,-7.0,-63.0
1777891675.3393323,7.0,-1.0,-62.0
1777891675.3493323,8.0,-1.0,-64.0
1777891675.3593323,5.0,-3.0,-71.0
1777891675.3693323,5.0,-4.0,-69.0
1777891675.3793323,5.0,-5.0,-65.0
1777891675.3893323,7.0,1.0,-62.0
1777891675.3993323,4.0,4.0,-60.0
1777891675.4093325,3.0,0.0,-65.0
1777891675.4193325,2.0,-2.0,-65.0
1777891675.4293325,0.0,-2.0,-60.0
1777891675.4393325,0.0,-1.0,-63.0
1777891675.4493325,1.0,1.0,-64.0
1777891675.4593325,0.0,-2.0,-64.0
1777891675.4693325,3.0,-2.0,-62.0
1777891675.4793324,0.0,-2.0,-60.0
1777891675.4893324,-2.0,-3.0,-59.0
1777891675.4993324,-2.0,-2.0,-56.0
1777891675.5093324,-1.0,-2.0,-55.0
1777891675.5193324,-2.0,0.0,-61.0
1777891675.5293324,-3.0,0.0,-67.0
1777891675.5393324,0.0,0.0,-69.0
1777891675.5493324,0.0,1.0,-66.0
1777891675.5593324,0.0,0.0,-63.0
1777891675.5693324,0.0,-2.0,-65.0
1777891675.5793324,1.0,-4.0,-69.0
1777891675.5893323,0.0,-6.0,-74.0
1777891675.5993323,1.0,-7.0,-78.0
1777891675.6093323,0.0,-8.0,-77.0
1777891675.6193323,-8.0,-6.0,-72.0
1777891675.6293323,-3.0,-2.0,-74.0
1777891675.6393323,0.0,-6.0,-69.0
1777891675.6493323,0.0,-6.0,-71.0
1777891675.6593325,5.0,-4.0,-73.0
1777891675.6693325,8.0,-5.0,-73.0
1777891675.6793325,7.0,-7.0,-74.0
1777891675.6893325,5.0,-9.0,-77.0
1777891675.6993325,1.0,-8.0,-73.0
1777891675.7093325,-2.0,-2.0,-68.0
1777891675.7193325,-1.0,-2.0,-69.0
1777891675.7293324,1.0,-1.0,-72.0
1777891675.7393324,4.0,0.0,-74.0
1777891675.7493324,0.0,-1.0,-81.0
1777891675.7593324,0.0,-4.0,-77.0
1777891675.7693324,2.0,-8.0,-73.0
1777891675.7793324,4.0,-5.0,-73.0
1777891675.7893324,8.0,-4.0,-69.0
1777891675.7993324,5.0,-1.0,-65.0
1777891675.8093324,2.0,0.0,-69.0
1777891675.8193324,1.0,2.0,-65.0
1777891675.8293324,1.0,3.0,-63.0
1777891675.8393323,0.0,5.0,-62.0
1777891675.8493323,-1.0,7.0,-68.0
1777891675.8593323,0.0,8.0,-68.0
1777891675.8693323,-4.0,3.0,-68.0
1777891675.8793323,1.0,8.0,-74.0
1777891675.8893323,5.0,6.0,-84.0
1777891675.8993323,6.0,7.0,-86.0
1777891675.9093325,0.0,3.0,-82.0
1777891675.9193325,0.0,0.0,-77.0
1777891675.9293325,-2.0,0.0,-72.0
1777891675.9393325,-2.0,0.0,-77.0
1777891675.9493325,-2.0,0.0,-83.0
1777891675.9593325,-3.0,0.0,-77.0
1777891675.9693325,-2.0,-4.0,-73.0
1777891675.9793324,-2.0,-4.0,-73.0
1777891675.9893324,-2.0,-4.0,-69.0
1777891675.9993324,-4.0,1.0,-71.0
1777891676.0093324,-3.0,1.0,-67.0
1777891676.0193324,-2.0,1.0,-66.0
1777891676.0293324,-4.0,0.0,-68.0
1777891676.0393324,-7.0,-1.0,-70.0
1777891676.0493324,-2.0,-3.0,-71.0
1777891676.0593324,1.0,-6.0,-74.0
1777891676.0693324,2.0,-7.0,-72.0
1777891676.0793324,0.0,-5.0,-73.0
1777891676.0893323,-4.0,-4.0,-71.0
1777891676.0993323,-1.0,-4.0,-72.0
1777891676.1093323,-1.0,-2.0,-75.0
1777891676.1193323,-1.0,-5.0,-73.0
1777891676.1293323,1.0,-6.0,-74.0
1777891676.1393323,1.0,0.0,-74.0
1777891676.1493323,3.0,0.0,-77.0
1777891676.1593325,3.0,-1.0,-74.0
1777891676.1693325,0.0,2.0,-72.0
1777891676.1793325,1.0,0.0,-76.0
1777891676.1893325,4.0,-3.0,-77.0
1777891676.1993325,4.0,-5.0,-76.0
1777891676.2093325,6.0,-7.0,-68.0
1777891676.2193325,-1.0,-6.0,-68.0
1777891676.2293324,0.0,-2.0,-74.0
1777891676.2393324,-1.0,-2.0,-66.0
1777891676.2493324,-2.0,-1.0,-66.0
1777891676.2593324,0.0,-2.0,-66.0
1777891676.2693324,4.0,-2.0,-67.0
1777891676.2793324,2.0,2.0,-71.0
1777891676.2893324,0.0,6.0,-63.0
1777891676.2993324,3.0,6.0,-61.0
1777891676.3093324,1.0,1.0,-61.0
1777891676.3193324,2.0,3.0,-65.0
1777891676.3293324,-2.0,0.0,-68.0
1777891676.3393323,-2.0,3.0,-68.0
1777891676.3493323,1.0,2.0,-66.0
1777891676.3593323,1.0,-2.0,-74.0
1777891676.3693323,1.0,-3.0,-82.0
1777891676.3793323,1.0,-1.0,-73.0
1777891676.3893323,-4.0,-2.0,-77.0
1777891676.4003325,-1.0,0.0,-73.0
1777891676.4103324,0.0,-1.0,-74.0
1777891676.4203324,-1.0,0.0,-73.0
1777891676.4303324,1.0,3.0,-74.0
1777891676.4403324,-1.0,1.0,-74.0
1777891676.4503324,0.0,0.0,-77.0
1777891676.4603324,1.0,-1.0,-77.0
1777891676.4703324,2.0,-3.0,-76.0
1777891676.4803324,2.0,-4.0,-71.0
1777891676.4903324,4.0,-6.0,-73.0
1777891676.5003324,9.0,0.0,-73.0
1777891676.5103323,3.0,3.0,-74.0
1777891676.5203323,1.0,1.0,-76.0
1777891676.5303323,3.0,0.0,-78.0
1777891676.5403323,4.0,0.0,-74.0
1777891676.5503323,5.0,3.0,-77.0
1777891676.5603323,5.0,3.0,-84.0
1777891676.5703323,7.0,3.0,-82.0
1777891676.5803325,5.0,-2.0,-83.0
1777891676.5903325,3.0,0.0,-80.0
1777891676.6003325,5.0,0.0,-74.0
1777891676.6103325,3.0,0.0,-74.0
1777891676.6203325,4.0,0.0,-70.0
1777891676.6303325,5.0,0.0,-72.0
1777891676.6403325,4.0,0.0,-74.0
1777891676.6513324,5.0,-1.0,-68.0
1777891676.6603324,5.0,-1.0,-69.0
1777891676.6703324,4.0,-3.0,-70.0
1777891676.6803324,7.0,-4.0,-75.0
1777891676.6903324,5.0,-2.0,-79.0
1777891676.7003324,5.0,-4.0,-72.0
1777891676.7103324,1.0,-3.0,-64.0
1777891676.7203324,2.0,0.0,-68.0
1777891676.7303324,0.0,0.0,-63.0
1777891676.7403324,-3.0,-1.0,-70.0
1777891676.7503324,-2.0,-4.0,-72.0
1777891676.7603323,-2.0,-5.0,-72.0
1777891676.7703323,0.0,-3.0,-73.0
1777891676.7803323,0.0,0.0,-76.0
1777891676.7903323,0.0,1.0,-73.0
1777891676.8003323,1.0,-1.0,-77.0
1777891676.8103323,1.0,-7.0,-74.0
1777891676.8203323,2.0,-6.0,-69.0
1777891676.8303325,2.0,-7.0,-71.0
1777891676.8403325,3.0,-6.0,-75.0
1777891676.8503325,0.0,-4.0,-79.0
1777891676.8603325,2.0,-2.0,-81.0
1777891676.8703325,1.0,-3.0,-77.0
1777891676.8803325,1.0,0.0,-76.0
1777891676.8903325,0.0,2.0,-75.0
1777891676.9003325,2.0,0.0,-76.0
1777891676.9103324,2.0,-1.0,-76.0
1777891676.9203324,0.0,-3.0,-76.0
1777891676.9303324,0.0,-4.0,-82.0
1777891676.9403324,0.0,-4.0,-79.0
1777891676.9503324,2.0,-4.0,-72.0
1777891676.9603324,5.0,-5.0,-73.0
1777891676.9703324,3.0,0.0,-72.0
1777891676.9803324,4.0,-1.0,-73.0
1777891676.9903324,7.0,-2.0,-79.0
1777891677.0003324,4.0,-10.0,-71.0
1777891677.0103323,1.0,-9.0,-66.0
1777891677.0203323,1.0,-9.0,-69.0
1777891677.0303323,4.0,-12.0,-60.0
1777891677.0403323,6.0,-11.0,-65.0
1777891677.0503323,8.0,-13.0,-66.0
1777891677.0603323,1.0,-13.0,-73.0
1777891677.0703323,3.0,-13.0,-77.0
1777891677.0803325,8.0,-10.0,-80.0
1777891677.0903325,5.0,-6.0,-76.0
1777891677.1003325,4.0,-3.0,-79.0
1777891677.1103325,0.0,-4.0,-78.0
1777891677.1203325,0.0,-8.0,-70.0
1777891677.1303325,0.0,-7.0,-72.0
1777891677.1403325,-5.0,-6.0,-77.0
1777891677.1503325,-7.0,-4.0,-82.0
1777891677.1603324,0.0,-4.0,-80.0
1777891677.1703324,0.0,0.0,-75.0
1777891677.1803324,3.0,1.0,-67.0
1777891677.1903324,7.0,1.0,-62.0
1777891677.2003324,3.0,1.0,-68.0
1777891677.2103324,1.0,0.0,-67.0
1777891677.2203324,0.0,-2.0,-66.0
1777891677.2303324,5.0,-4.0,-70.0
1777891677.2403324,6.0,-3.0,-70.0
1777891677.2503324,3.0,-2.0,-72.0
1777891677.2603323,1.0,-1.0,-80.0
1777891677.2703323,0.0,-2.0,-82.0
1777891677.2803323,0.0,-2.0,-75.0
1777891677.2903323,3.0,-2.0,-74.0
1777891677.3003323,5.0,-4.0,-72.0
1777891677.3103323,1.0,-4.0,-73.0
1777891677.3203323,5.0,0.0,-74.0
1777891677.3303325,4.0,-2.0,-80.0
1777891677.3403325,4.0,-7.0,-82.0
1777891677.3503325,0.0,-7.0,-76.0
1777891677.3603325,-1.0,-7.0,-73.0
1777891677.3703325,0.0,-8.0,-73.0
1777891677.3803325,2.0,-8.0,-78.0
1777891677.3903325,4.0,-4.0,-75.0
1777891677.4003325,4.0,-5.0,-76.0
1777891677.4103324,7.0,-4.0,-82.0
1777891677.4203324,6.0,0.0,-81.0
1777891677.4303324,6.0,-1.0,-80.0
1777891677.4403324,3.0,1.0,-75.0
1777891677.4503324,7.0,-2.0,-72.0
1777891677.4603324,4.0,-1.0,-71.0
1777891677.4703324,0.0,-3.0,-74.0
1777891677.4803324,0.0,-4.0,-72.0
1777891677.4903324,-1.0,-9.0,-74.0
1777891677.5003324,1.0,-6.0,-77.0
1777891677.5103323,4.0,-4.0,-79.0
1777891677.5203323,5.0,0.0,-76.0
1777891677.5303323,4.0,-1.0,-76.0
1777891677.5403323,5.0,2.0,-76.0
1777891677.5503323,5.0,3.0,-76.0
1777891677.5603323,-2.0,3.0,-74.0
1777891677.5703323,-3.0,2.0,-74.0
1777891677.5803325,-3.0,0.0,-66.0
1777891677.5903325,-1.0,-3.0,-66.0
1777891677.6003325,0.0,-4.0,-69.0
1777891677.6103325,-1.0,-4.0,-63.0
1777891677.6203325,1.0,-3.0,-64.0
1777891677.6303325,0.0,0.0,-65.0
1777891677.6403325,0.0,1.0,-68.0
1777891677.6503325,0.0,1.0,-64.0
1777891677.6603324,-2.0,1.0,-61.0
1777891677.6703324,-2.0,-2.0,-64.0
1777891677.6803324,-2.0,-3.0,-66.0
1777891677.6903324,-1.0,-5.0,-68.0
1777891677.7003324,2.0,-5.0,-67.0
1777891677.7103324,-3.0,-2.0,-68.0
1777891677.7203324,-1.0,-4.0,-70.0
1777891677.7303324,-2.0,-1.0,-70.0
1777891677.7403324,4.0,-4.0,-67.0
1777891677.7503324,7.0,-6.0,-63.0
1777891677.7603323,5.0,-5.0,-73.0
1777891677.7703323,3.0,-4.0,-75.0
1777891677.7803323,4.0,-4.0,-76.0
1777891677.7903323,2.0,-5.0,-78.0
1777891677.8003323,5.0,-5.0,-71.0
1777891677.8103323,1.0,-5.0,-74.0
1777891677.8203323,-1.0,-3.0,-76.0
1777891677.8303325,-4.0,-3.0,-71.0
1777891677.8403325,0.0,-3.0,-69.0
1777891677.8503325,1.0,0.0,-66.0
1777891677.8603325,-1.0,-2.0,-65.0
1777891677.8703325,0.0,-6.0,-69.0
1777891677.8803325,-2.0,-3.0,-67.0
1777891677.8903325,-7.0,0.0,-70.0
1777891677.9003325,-3.0,2.0,-71.0
1777891677.9103324,0.0,0.0,-76.0
1777891677.9203324,3.0,0.0,-81.0
1777891677.9303324,2.0,0.0,-88.0
1777891677.9403324,3.0,0.0,-89.0
1777891677.9503324,3.0,0.0,-86.0
1777891677.9603324,3.0,0.0,-81.0
1777891677.9703324,1.0,-1.0,-74.0
1777891677.9803324,0.0,-2.0,-78.0
1777891677.9903324,0.0,1.0,-80.0
1777891678.0003324,1.0,3.0,-74.0
1777891678.0103323,6.0,1.0,-69.0
1777891678.0203323,9.0,4.0,-65.0
1777891678.0303323,10.0,3.0,-63.0
1777891678.0403323,7.0,3.0,-58.0
1777891678.0503323,3.0,1.0,-57.0
1777891678.0603323,2.0,-1.0,-56.0
1777891678.0703323,7.0,0.0,-60.0
1777891678.0803325,4.0,1.0,-64.0
1777891678.0903325,4.0,0.0,-68.0
1777891678.1003325,3.0,0.0,-64.0
1777891678.1103325,8.0,3.0,-72.0
1777891678.1203325,4.0,3.0,-70.0
1777891678.1303325,1.0,-1.0,-72.0
1777891678.1403325,-4.0,1.0,-70.0
1777891678.1503325,-1.0,1.0,-73.0
1777891678.1603324,3.0,1.0,-67.0
1777891678.1703324,4.0,-2.0,-72.0
1777891678.1803324,3.0,-6.0,-67.0
1777891678.1903324,3.0,-3.0,-66.0
1777891678.2003324,2.0,-2.0,-67.0
1777891678.2103324,3.0,-3.0,-67.0
1777891678.2203324,4.0,-1.0,-66.0
1777891678.2303324,1.0,-2.0,-66.0
1777891678.2403324,0.0,-4.0,-66.0
1777891678.2503324,1.0,-4.0,-71.0
1777891678.2603323,4.0,-4.0,-81.0
1777891678.2703323,0.0,-3.0,-81.0
1777891678.2803323,0.0,-3.0,-80.0
1777891678.2903323,2.0,-5.0,-75.0
1777891678.3003323,-3.0,-9.0,-67.0
1777891678.3103323,-4.0,-9.0,-69.0
1777891678.3203323,-4.0,-8.0,-71.0
1777891678.3313324,-2.0,-8.0,-70.0
1777891678.3413324,3.0,-4.0,-77.0
1777891678.3513324,4.0,-1.0,-76.0
1777891678.3603325,1.0,-1.0,-80.0
1777891678.3703325,1.0,-1.0,-75.0
1777891678.3813324,0.0,-3.0,-70.0
1777891678.3913324,0.0,-2.0,-72.0
1777891678.4013324,0.0,3.0,-71.0
1777891678.4113324,4.0,0.0,-70.0
1777891678.4213324,4.0,2.0,-67.0
1777891678.4313323,3.0,4.0,-68.0
1777891678.4413323,4.0,4.0,-60.0
1777891678.4513323,5.0,3.0,-65.0
1777891678.4613323,4.0,-1.0,-65.0
1777891678.4713323,6.0,-2.0,-70.0
1777891678.4813323,9.0,-6.0,-74.0
1777891678.4913323,7.0,-6.0,-75.0
1777891678.5013323,6.0,-4.0,-66.0
1777891678.5113325,1.0,-4.0,-67.0
1777891678.5213325,0.0,-3.0,-71.0
1777891678.5313325,1.0,-4.0,-65.0
1777891678.5413325,3.0,-4.0,-72.0
1777891678.5513325,1.0,-5.0,-72.0
1777891678.5613325,1.0,1.0,-69.0
1777891678.5713325,1.0,0.0,-67.0
1777891678.5813324,1.0,0.0,-68.0
1777891678.5913324,1.0,-2.0,-63.0
1777891678.6013324,1.0,0.0,-62.0
1777891678.6113324,6.0,-3.0,-73.0
1777891678.6213324,8.0,-4.0,-82.0
1777891678.6313324,6.0,-4.0,-81.0
1777891678.6413324,7.0,-4.0,-75.0
1777891678.6513324,12.0,-4.0,-68.0
1777891678.6613324,8.0,-6.0,-66.0
1777891678.6713324,8.0,-5.0,-74.0
1777891678.6813323,10.0,-6.0,-77.0
1777891678.6913323,13.0,-8.0,-72.0
1777891678.7013323,6.0,-7.0,-70.0
1777891678.7113323,6.0,-5.0,-68.0
1777891678.7213323,2.0,-3.0,-65.0
1777891678.7313323,0.0,-5.0,-68.0
1777891678.7413323,-3.0,-5.0,-73.0
1777891678.7513323,-1.0,-2.0,-76.0
1777891678.7613325,0.0,1.0,-71.0
1777891678.7713325,-4.0,2.0,-80.0
1777891678.7813325,-6.0,2.0,-81.0
1777891678.7913325,-4.0,3.0,-74.0
1777891678.8013325,-3.0,-1.0,-78.0
1777891678.8113325,0.0,-1.0,-71.0
1777891678.8213325,2.0,-3.0,-69.0
1777891678.8313324,3.0,0.0,-71.0
1777891678.8413324,4.0,2.0,-72.0
1777891678.8513324,1.0,4.0,-69.0
1777891678.8613324,0.0,1.0,-67.0
1777891678.8713324,0.0,1.0,-64.0
1777891678.8813324,1.0,-1.0,-68.0
1777891678.8913324,-3.0,0.0,-65.0
1777891678.9013324,0.0,-3.0,-72.0
1777891678.9113324,0.0,-4.0,-80.0
1777891678.9213324,0.0,-1.0,-83.0
1777891678.9313323,-5.0,-2.0,-80.0
1777891678.9413323,-3.0,1.0,-71.0
1777891678.9513323,-3.0,-1.0,-69.0
1777891678.9613323,-3.0,-4.0,-72.0
1777891678.9713323,-1.0,-4.0,-74.0
1777891678.9813323,-1.0,-3.0,-73.0
1777891678.9913323,0.0,-2.0,-76.0
1777891679.0013323,-1.0,0.0,-78.0
1777891679.0113325,-2.0,-1.0,-77.0
1777891679.0213325,-5.0,-2.0,-77.0
1777891679.0313325,-1.0,-2.0,-78.0
1777891679.0413325,-2.0,-1.0,-82.0
1777891679.0513325,-2.0,-2.0,-88.0
1777891679.0613325,0.0,-2.0,-86.0
1777891679.0713325,-7.0,-1.0,-76.0
1777891679.0813324,-6.0,2.0,-77.0
1777891679.0913324,-2.0,4.0,-77.0
1777891679.1013324,0.0,4.0,-80.0
1777891679.1113324,1.0,0.0,-76.0
1777891679.1213324,0.0,2.0,-78.0
1777891679.1313324,3.0,0.0,-78.0
1777891679.1413324,3.0,-2.0,-76.0
1777891679.1513324,0.0,-1.0,-77.0
1777891679.1613324,-5.0,-1.0,-79.0
1777891679.1713324,-8.0,-1.0,-77.0
1777891679.1813323,-3.0,-6.0,-67.0
1777891679.1913323,-1.0,-5.0,-59.0
1777891679.2013323,-4.0,-7.0,-57.0
1777891679.2113323,-2.0,-4.0,-60.0
1777891679.2213323,0.0,-3.0,-65.0
1777891679.2313323,-1.0,-1.0,-71.0
1777891679.2413323,-1.0,-3.0,-71.0
1777891679.2513323,-4.0,-2.0,-71.0
1777891679.2613325,0.0,-2.0,-70.0
1777891679.2713325,0.0,-3.0,-69.0
1777891679.2813325,0.0,1.0,-70.0
1777891679.2913325,-3.0,2.0,-75.0
1777891679.3013325,-3.0,1.0,-78.0
1777891679.3113325,-2.0,0.0,-83.0
1777891679.3213325,1.0,-1.0,-81.0
1777891679.3313324,5.0,-2.0,-82.0
1777891679.3413324,7.0,-1.0,-78.0
1777891679.3513324,3.0,-1.0,-79.0
1777891679.3613324,4.0,-1.0,-75.0
1777891679.3713324,1.0,1.0,-80.0
1777891679.3813324,0.0,4.0,-81.0
1777891679.3913324,3.0,2.0,-76.0
1777891679.4013324,5.0,-3.0,-74.0
1777891679.4113324,2.0,0.0,-77.0
1777891679.4213324,0.0,-2.0,-71.0
1777891679.4313323,4.0,-2.0,-67.0
1777891679.4413323,6.0,-1.0,-67.0
1777891679.4513323,3.0,-2.0,-71.0
1777891679.4613323,2.0,-3.0,-74.0
1777891679.4713323,1.0,0.0,-71.0
1777891679.4813323,0.0,2.0,-71.0
1777891679.4913323,-1.0,3.0,-72.0
1777891679.5013323,-3.0,0.0,-74.0
1777891679.5113325,1.0,0.0,-72.0
1777891679.5213325,2.0,-1.0,-78.0
1777891679.5313325,5.0,0.0,-78.0
1777891679.5413325,4.0,2.0,-73.0
1777891679.5513325,5.0,1.0,-65.0
1777891679.5613325,2.0,0.0,-63.0
1777891679.5713325,-1.0,1.0,-62.0
1777891679.5813324,0.0,-2.0,-64.0
1777891679.5913324,1.0,-1.0,-68.0
1777891679.6013324,4.0,-1.0,-70.0
1777891679.6113324,4.0,0.0,-71.0
1777891679.6213324,2.0,0.0,-74.0
1777891679.6313324,7.0,0.0,-74.0
1777891679.6413324,6.0,-1.0,-72.0
1777891679.6513324,7.0,-2.0,-69.0
1777891679.6613324,4.0,-1.0,-70.0
1777891679.6713324,3.0,-1.0,-75.0
1777891679.6813323,0.0,-3.0,-76.0
1777891679.6913323,2.0,-8.0,-74.0
1777891679.7013323,4.0,-7.0,-73.0
1777891679.7113323,2.0,-8.0,-84.0
1777891679.7213323,5.0,-6.0,-77.0
1777891679.7313323,7.0,-7.0,-72.0
1777891679.7413323,5.0,-8.0,-77.0
1777891679.7513323,3.0,-6.0,-79.0
1777891679.7613325,2.0,-3.0,-77.0
1777891679.7713325,2.0,0.0,-72.0
1777891679.7813325,-2.0,0.0,-71.0
1777891679.7913325,-8.0,0.0,-74.0
1777891679.8013325,-4.0,0.0,-80.0
1777891679.8113325,-2.0,0.0,-79.0
1777891679.8213325,-2.0,4.0,-78.0
1777891679.8313324,-1.0,3.0,-75.0
1777891679.8413324,0.0,0.0,-73.0
1777891679.8513324,-1.0,-4.0,-71.0
1777891679.8613324,4.0,-4.0,-72.0
1777891679.8713324,4.0,-4.0,-66.0
1777891679.8813324,7.0,-6.0,-69.0
1777891679.8913324,8.0,-10.0,-74.0
1777891679.9013324,10.0,-11.0,-74.0
1777891679.9113324,10.0,-10.0,-72.0
1777891679.9213324,10.0,-9.0,-74.0
1777891679.9313323,9.0,-9.0,-76.0
1777891679.9413323,10.0,-13.0,-74.0
1777891679.9513323,6.0,-10.0,-76.0
1777891679.9613323,5.0,-8.0,-74.0
1777891679.9713323,5.0,-1.0,-67.0
1777891679.9813323,5.0,4.0,-67.0
1777891679.9913323,1.0,1.0,-72.0
1777891680.0013323,-1.0,3.0,-67.0
1777891680.0113325,-3.0,2.0,-73.0
1777891680.0213325,-3.0,1.0,-67.0
1777891680.0313325,0.0,0.0,-68.0
1777891680.0413325,4.0,-1.0,-70.0
1777891680.0513325,3.0,-3.0,-70.0
1777891680.0613325,5.0,-1.0,-76.0
1777891680.0713325,4.0,1.0,-84.0
1777891680.0813324,2.0,0.0,-90.0
1777891680.0913324,6.0,-5.0,-84.0
1777891680.1013324,6.0,-9.0,-82.0
1777891680.1113324,6.0,-7.0,-80.0
1777891680.1213324,3.0,-4.0,-74.0
1777891680.1313324,3.0,1.0,-72.0
1777891680.1413324,5.0,0.0,-69.0
1777891680.1513324,0.0,1.0,-72.0
1777891680.1613324,-2.0,1.0,-74.0
1777891680.1713324,-6.0,4.0,-64.0
1777891680.1813323,-2.0,6.0,-64.0
1777891680.1913323,-2.0,3.0,-69.0
1777891680.2013323,0.0,3.0,-73.0
1777891680.2113323,-1.0,3.0,-69.0
1777891680.2213323,0.0,2.0,-73.0
1777891680.2313323,0.0,4.0,-81.0
1777891680.2413323,-1.0,7.0,-79.0
1777891680.2513323,3.0,3.0,-79.0
1777891680.2613325,1.0,3.0,-79.0
1777891680.2713325,4.0,4.0,-76.0
1777891680.2813325,1.0,3.0,-76.0
1777891680.2913325,7.0,-1.0,-77.0
1777891680.3013325,7.0,-5.0,-69.0
1777891680.3113325,6.0,-6.0,-70.0
1777891680.3213325,3.0,-3.0,-68.0
1777891680.3323324,0.0,0.0,-71.0
1777891680.3413324,0.0,-1.0,-74.0
1777891680.3513324,0.0,0.0,-71.0
1777891680.3613324,1.0,1.0,-61.0
1777891680.3723323,1.0,0.0,-61.0
1777891680.3823323,5.0,-1.0,-69.0
1777891680.3923323,7.0,0.0,-71.0
1777891680.4023323,5.0,0.0,-70.0
1777891680.4123323,7.0,-1.0,-69.0
1777891680.4223323,0.0,0.0,-69.0
1777891680.4323325,1.0,-5.0,-70.0
1777891680.4423325,2.0,-1.0,-73.0
1777891680.4523325,1.0,-4.0,-78.0
1777891680.4623325,-3.0,-7.0,-69.0
1777891680.4723325,-3.0,-7.0,-69.0
1777891680.4823325,-1.0,-6.0,-69.0
1777891680.4923325,1.0,-8.0,-74.0
1777891680.5023324,6.0,-5.0,-74.0
1777891680.5123324,6.0,-12.0,-80.0
1777891680.5223324,5.0,-10.0,-84.0
1777891680.5323324,3.0,-8.0,-84.0
1777891680.5423324,1.0,-4.0,-84.0
1777891680.5523324,3.0,-6.0,-79.0
1777891680.5623324,1.0,-6.0,-72.0
1777891680.5723324,3.0,-5.0,-76.0
1777891680.5823324,0.0,-5.0,-78.0
1777891680.5923324,-2.0,-6.0,-85.0
1777891680.6023324,-3.0,-7.0,-83.0
1777891680.6123323,1.0,-4.0,-79.0
1777891680.6223323,4.0,-2.0,-79.0
1777891680.6323323,2.0,-5.0,-79.0
1777891680.6423323,3.0,-6.0,-76.0
1777891680.6523323,2.0,-9.0,-74.0
1777891680.6623323,3.0,-9.0,-67.0
1777891680.6723323,3.0,-8.0,-62.0
1777891680.6823325,0.0,-5.0,-71.0
1777891680.6923325,-3.0,-4.0,-72.0
1777891680.7023325,0.0,-3.0,-65.0
1777891680.7123325,6.0,-2.0,-68.0
1777891680.7223325,9.0,-1.0,-73.0
1777891680.7323325,4.0,-4.0,-69.0
1777891680.7423325,0.0,-5.0,-65.0
1777891680.7523324,-1.0,-5.0,-57.0
1777891680.7623324,0.0,-2.0,-51.0
1777891680.7723324,-1.0,-2.0,-55.0
1777891680.7823324,1.0,-1.0,-58.0
1777891680.7923324,0.0,-1.0,-63.0
1777891680.8023324,0.0,-3.0,-65.0
1777891680.8123324,-1.0,-4.0,-71.0
1777891680.8223324,1.0,-2.0,-77.0
1777891680.8323324,2.0,-2.0,-76.0
1777891680.8423324,0.0,-3.0,-78.0
1777891680.8523324,0.0,-5.0,-69.0
1777891680.8623323,-4.0,-5.0,-64.0
1777891680.8723323,-7.0,-3.0,-65.0
1777891680.8823323,-3.0,-5.0,-71.0
1777891680.8923323,0.0,-5.0,-70.0
1777891680.9023323,7.0,-1.0,-67.0
1777891680.9123323,11.0,1.0,-65.0
1777891680.9223323,8.0,0.0,-69.0
1777891680.9323325,9.0,1.0,-75.0
1777891680.9423325,3.0,-1.0,-73.0
1777891680.9523325,6.0,-2.0,-75.0
1777891680.9623325,5.0,1.0,-73.0
1777891680.9723325,6.0,0.0,-73.0
1777891680.9823325,2.0,-1.0,-77.0
1777891680.9923325,0.0,0.0,-76.0
1777891681.0023324,0.0,1.0,-74.0
1777891681.0123324,3.0,0.0,-77.0
1777891681.0223324,2.0,0.0,-85.0
1777891681.0323324,6.0,0.0,-78.0
1777891681.0423324,8.0,-3.0,-76.0
1777891681.0523324,4.0,-1.0,-69.0
1777891681.0623324,1.0,1.0,-76.0
1777891681.0723324,0.0,-1.0,-70.0
1777891681.0823324,0.0,0.0,-75.0
1777891681.0923324,-3.0,0.0,-76.0
1777891681.1023324,-4.0,2.0,-71.0
1777891681.1123323,-2.0,0.0,-71.0
1777891681.1223323,-4.0,2.0,-68.0
1777891681.1323323,-6.0,3.0,-62.0
1777891681.1423323,-10.0,0.0,-64.0
1777891681.1523323,-10.0,0.0,-68.0
1777891681.1623323,-3.0,3.0,-72.0
1777891681.1723323,-5.0,0.0,-74.0
1777891681.1823325,-3.0,0.0,-70.0
1777891681.1923325,-3.0,-1.0,-77.0
1777891681.2023325,-4.0,0.0,-82.0
1777891681.2123325,-2.0,1.0,-82.0
1777891681.2223325,0.0,0.0,-79.0
1777891681.2323325,0.0,-1.0,-76.0
1777891681.2423325,0.0,0.0,-75.0
1777891681.2523324,-1.0,1.0,-75.0
1777891681.2623324,-3.0,0.0,-79.0
1777891681.2723324,-2.0,0.0,-79.0
1777891681.2823324,-1.0,-1.0,-78.0
1777891681.2923324,-5.0,-3.0,-80.0
1777891681.3023324,-9.0,-1.0,-85.0
1777891681.3123324,-4.0,-1.0,-81.0
1777891681.3223324,-3.0,-1.0,-78.0
1777891681.3323324,-6.0,-6.0,-80.0
1777891681.3423324,-5.0,0.0,-83.0
1777891681.3523324,-1.0,0.0,-78.0
1777891681.3623323,0.0,-2.0,-80.0
1777891681.3723323,2.0,-1.0,-81.0
1777891681.3823323,1.0,-5.0,-82.0
1777891681.3923323,0.0,-7.0,-77.0
1777891681.4023323,3.0,-6.0,-84.0
1777891681.4123323,3.0,-5.0,-85.0
1777891681.4223323,0.0,-2.0,-78.0
1777891681.4323325,-1.0,-1.0,-79.0
1777891681.4423325,0.0,-3.0,-80.0
1777891681.4523325,0.0,-1.0,-72.0
1777891681.4623325,0.0,-2.0,-68.0
1777891681.4723325,0.0,0.0,-69.0
1777891681.4823325,1.0,2.0,-70.0
1777891681.4923325,2.0,0.0,-69.0
1777891681.5023324,-3.0,1.0,-63.0
1777891681.5123324,-4.0,-1.0,-62.0
1777891681.5223324,-6.0,0.0,-69.0
1777891681.5323324,-3.0,-1.0,-64.0
1777891681.5423324,-4.0,-1.0,-64.0
1777891681.5523324,-2.0,1.0,-71.0
1777891681.5623324,-2.0,5.0,-73.0
1777891681.5723324,-2.0,4.0,-70.0
1777891681.5823324,4.0,-1.0,-74.0
1777891681.5923324,3.0,-5.0,-67.0
1777891681.6023324,-1.0,-3.0,-62.0
1777891681.6123323,-4.0,-4.0,-61.0
1777891681.6223323,-5.0,-4.0,-58.0
1777891681.6323323,0.0,-3.0,-63.0
1777891681.6423323,5.0,-1.0,-66.0
1777891681.6523323,3.0,2.0,-63.0
1777891681.6623323,7.0,4.0,-58.0
1777891681.6723323,9.0,0.0,-59.0
1777891681.6823325,8.0,-1.0,-60.0
1777891681.6923325,6.0,-3.0,-53.0
1777891681.7023325,5.0,0.0,-53.0
1777891681.7123325,5.0,1.0,-54.0
1777891681.7223325,4.0,0.0,-66.0
1777891681.7323325,1.0,-2.0,-81.0
1777891681.7423325,2.0,-4.0,-81.0
1777891681.7523324,5.0,-5.0,-79.0
1777891681.7623324,2.0,-4.0,-84.0
1777891681.7723324,0.0,0.0,-83.0
1777891681.7823324,3.0,0.0,-77.0
1777891681.7923324,3.0,1.0,-78.0
1777891681.8023324,2.0,1.0,-81.0
1777891681.8123324,-1.0,1.0,-84.0
1777891681.8223324,0.0,0.0,-81.0
1777891681.8323324,2.0,0.0,-81.0
1777891681.8423324,0.0,3.0,-88.0
1777891681.8523324,5.0,1.0,-88.0
1777891681.8623323,4.0,-2.0,-86.0
1777891681.8723323,4.0,1.0,-80.0
1777891681.8823323,4.0,0.0,-77.0
1777891681.8923323,0.0,0.0,-79.0
1777891681.9023323,0.0,-4.0,-81.0
1777891681.9123323,1.0,-5.0,-79.0
1777891681.9223323,2.0,-4.0,-73.0
1777891681.9323325,4.0,-4.0,-77.0
1777891681.9423325,5.0,-5.0,-78.0
1777891681.9523325,0.0,-5.0,-77.0
1777891681.9623325,3.0,-2.0,-77.0
1777891681.9723325,5.0,-3.0,-77.0
1777891681.9823325,8.0,-1.0,-78.0
1777891681.9923325,4.0,3.0,-71.0
1777891682.0023324,3.0,2.0,-71.0
1777891682.0123324,0.0,0.0,-75.0
1777891682.0223324,0.0,1.0,-78.0
1777891682.0323324,-1.0,0.0,-70.0
1777891682.0423324,-3.0,3.0,-63.0
1777891682.0523324,-1.0,3.0,-64.0
1777891682.0623324,-4.0,0.0,-68.0
1777891682.0723324,-4.0,0.0,-70.0
1777891682.0823324,-1.0,-2.0,-68.0
1777891682.0923324,-1.0,-1.0,-62.0
1777891682.1023324,-1.0,-5.0,-67.0
1777891682.1123323,-3.0,-2.0,-67.0
1777891682.1223323,0.0,0.0,-65.0
1777891682.1323323,0.0,1.0,-64.0
1777891682.1423323,-2.0,0.0,-70.0
1777891682.1523323,-4.0,1.0,-64.0
1777891682.1623323,-3.0,0.0,-60.0
1777891682.1723323,1.0,0.0,-62.0
1777891682.1823325,-3.0,-3.0,-65.0
1777891682.1923325,-8.0,-6.0,-69.0
1777891682.2023325,-3.0,-7.0,-69.0
1777891682.2123325,-3.0,-9.0,-72.0
1777891682.2223325,-1.0,-6.0,-66.0
1777891682.2323325,-1.0,-6.0,-67.0
1777891682.2423325,1.0,-5.0,-67.0
1777891682.2523324,2.0,-5.0,-65.0
1777891682.2623324,0.0,-3.0,-65.0
1777891682.2723324,-2.0,-4.0,-69.0
1777891682.2823324,0.0,0.0,-73.0
1777891682.2923324,4.0,-1.0,-73.0
1777891682.3023324,0.0,-3.0,-84.0
1777891682.3123324,-1.0,-7.0,-85.0
1777891682.3233323,-4.0,-8.0,-81.0
1777891682.3323324,-3.0,-7.0,-81.0
1777891682.3433323,-2.0,-8.0,-78.0
1777891682.3533323,-2.0,-8.0,-73.0
1777891682.3623323,0.0,-4.0,-75.0
1777891682.3733325,1.0,-2.0,-75.0
1777891682.3833325,4.0,0.0,-71.0
1777891682.3933325,4.0,-1.0,-68.0
1777891682.4033325,0.0,-3.0,-73.0
1777891682.4133325,4.0,-4.0,-71.0
1777891682.4233325,7.0,-2.0,-66.0
1777891682.4333324,5.0,0.0,-59.0
1777891682.4433324,9.0,1.0,-69.0
1777891682.4533324,5.0,3.0,-76.0
1777891682.4623325,4.0,0.0,-74.0
1777891682.4733324,0.0,1.0,-74.0
1777891682.4833324,0.0,1.0,-73.0
1777891682.4933324,0.0,0.0,-69.0
1777891682.5033324,0.0,-1.0,-66.0
1777891682.5133324,0.0,-1.0,-68.0
1777891682.5233324,-1.0,0.0,-70.0
1777891682.5333323,0.0,-2.0,-74.0
1777891682.5433323,-1.0,-4.0,-69.0
1777891682.5533323,-1.0,-7.0,-71.0
1777891682.5633323,-1.0,-8.0,-74.0
1777891682.5733323,0.0,-6.0,-74.0
1777891682.5833323,1.0,-7.0,-71.0
1777891682.5933323,0.0,-2.0,-76.0
1777891682.6033323,-4.0,-1.0,-78.0
1777891682.6133325,-6.0,-4.0,-79.0
1777891682.6233325,-6.0,-6.0,-76.0
1777891682.6333325,-6.0,-1.0,-72.0
1777891682.6433325,-3.0,0.0,-80.0
1777891682.6533325,0.0,-2.0,-75.0
1777891682.6633325,1.0,-6.0,-78.0
1777891682.6733325,3.0,-9.0,-76.0
1777891682.6833324,0.0,-9.0,-75.0
1777891682.6933324,0.0,-7.0,-82.0
1777891682.7033324,1.0,-11.0,-84.0
1777891682.7133324,0.0,-7.0,-88.0
1777891682.7233324,0.0,-6.0,-83.0
1777891682.7333324,6.0,-3.0,-80.0
1777891682.7433324,9.0,-5.0,-80.0
1777891682.7533324,10.0,-8.0,-76.0
1777891682.7633324,9.0,-5.0,-72.0
1777891682.7733324,7.0,-6.0,-69.0
1777891682.7833323,3.0,-6.0,-83.0
1777891682.7933323,4.0,-6.0,-82.0
1777891682.8033323,1.0,-6.0,-76.0
1777891682.8133323,0.0,-7.0,-70.0
1777891682.8233323,-8.0,-9.0,-71.0
1777891682.8333323,-8.0,-12.0,-65.0
1777891682.8433323,-7.0,-10.0,-59.0
1777891682.8533323,-6.0,-9.0,-55.0
1777891682.8633325,-4.0,-9.0,-56.0
1777891682.8733325,-2.0,-8.0,-54.0
1777891682.8833325,-2.0,-9.0,-57.0
1777891682.8933325,-3.0,-5.0,-54.0
1777891682.9033325,-2.0,-7.0,-53.0
1777891682.9133325,0.0,-4.0,-56.0
1777891682.9233325,1.0,-5.0,-59.0
1777891682.9333324,0.0,-2.0,-63.0
1777891682.9433324,0.0,3.0,-60.0
1777891682.9533324,0.0,4.0,-62.0
1777891682.9633324,0.0,2.0,-56.0
1777891682.9733324,0.0,0.0,-60.0
1777891682.9833324,0.0,0.0,-62.0
1777891682.9933324,0.0,0.0,-69.0
1777891683.0033324,-1.0,0.0,-75.0
1777891683.0133324,-5.0,-3.0,-73.0
1777891683.0233324,-5.0,-3.0,-76.0
1777891683.0333323,-2.0,-3.0,-76.0
1777891683.0433323,-3.0,-6.0,-75.0
1777891683.0533323,-3.0,-4.0,-76.0
1777891683.0633323,-3.0,-7.0,-75.0
1777891683.0733323,-3.0,-1.0,-83.0
1777891683.0833323,-3.0,0.0,-86.0
1777891683.0933323,-4.0,-2.0,-83.0
1777891683.1033323,-5.0,-2.0,-83.0
1777891683.1133325,-10.0,-4.0,-87.0
1777891683.1233325,-6.0,0.0,-85.0
1777891683.1333325,-3.0,0.0,-85.0
1777891683.1433325,-5.0,0.0,-87.0
1777891683.1533325,-2.0,1.0,-84.0
1777891683.1633325,3.0,1.0,-86.0
1777891683.1733325,1.0,2.0,-81.0
1777891683.1833324,-4.0,3.0,-84.0
1777891683.1933324,0.0,1.0,-81.0
1777891683.2033324,3.0,3.0,-79.0
1777891683.2133324,10.0,3.0,-77.0
1777891683.2233324,11.0,1.0,-71.0
1777891683.2333324,3.0,1.0,-73.0
1777891683.2433324,2.0,0.0,-73.0
1777891683.2533324,5.0,0.0,-73.0
1777891683.2633324,5.0,-3.0,-76.0
1777891683.2733324,7.0,-5.0,-70.0
1777891683.2833323,13.0,-10.0,-71.0
1777891683.2933323,11.0,-5.0,-70.0
1777891683.3033323,4.0,-2.0,-68.0
1777891683.3133323,6.0,-1.0,-65.0
1777891683.3233323,5.0,-4.0,-66.0
1777891683.3333323,2.0,-1.0,-64.0
1777891683.3433323,2.0,0.0,-67.0
1777891683.3533323,0.0,0.0,-70.0
1777891683.3633325,1.0,-4.0,-67.0
1777891683.3733325,2.0,-5.0,-63.0
1777891683.3833325,0.0,-1.0,-67.0
1777891683.3933325,1.0,3.0,-67.0
1777891683.4033325,0.0,2.0,-74.0
1777891683.4133325,2.0,1.0,-66.0
1777891683.4233325,2.0,0.0,-67.0
1777891683.4333324,8.0,-4.0,-72.0
1777891683.4433324,7.0,-5.0,-69.0
1777891683.4543324,6.0,-1.0,-67.0
1777891683.4633324,3.0,0.0,-69.0
1777891683.4733324,1.0,1.0,-74.0
1777891683.4833324,6.0,0.0,-75.0
1777891683.4933324,9.0,0.0,-81.0
1777891683.5033324,9.0,0.0,-80.0
1777891683.5133324,5.0,1.0,-76.0
1777891683.5233324,0.0,7.0,-70.0
1777891683.5333323,-2.0,5.0,-72.0
1777891683.5433323,-4.0,6.0,-70.0
1777891683.5533323,-5.0,8.0,-66.0
1777891683.5633323,-4.0,6.0,-67.0
1777891683.5733323,-2.0,4.0,-69.0
1777891683.5833323,0.0,4.0,-66.0
1777891683.5933323,2.0,6.0,-64.0
1777891683.6033323,0.0,0.0,-63.0
1777891683.6133325,-3.0,-2.0,-65.0
1777891683.6233325,-1.0,-2.0,-68.0
1777891683.6333325,0.0,-5.0,-78.0
1777891683.6433325,0.0,-6.0,-83.0
1777891683.6533325,-2.0,-6.0,-79.0
1777891683.6633325,2.0,-4.0,-77.0
1777891683.6733325,-2.0,-1.0,-77.0
1777891683.6833324,-2.0,-1.0,-83.0
1777891683.6933324,0.0,-7.0,-79.0
1777891683.7033324,-3.0,-7.0,-78.0
1777891683.7133324,-7.0,-7.0,-75.0
1777891683.7233324,-2.0,-8.0,-70.0
1777891683.7333324,-1.0,-7.0,-72.0
1777891683.7433324,2.0,-1.0,-75.0
1777891683.7533324,3.0,-2.0,-65.0
1777891683.7633324,1.0,-4.0,-62.0
1777891683.7733324,2.0,-3.0,-64.0
1777891683.7833323,3.0,-3.0,-64.0
1777891683.7933323,7.0,-5.0,-69.0
1777891683.8033323,0.0,-4.0,-70.0
1777891683.8133323,0.0,-2.0,-71.0
1777891683.8233323,0.0,-2.0,-66.0
1777891683.8333323,1.0,-5.0,-73.0
1777891683.8433323,2.0,-3.0,-73.0
1777891683.8533323,4.0,-8.0,-75.0
1777891683.8633325,2.0,-9.0,-72.0
1777891683.8733325,3.0,-5.0,-68.0
1777891683.8833325,4.0,-4.0,-67.0
1777891683.8933325,2.0,-7.0,-68.0
1777891683.9033325,3.0,-11.0,-69.0
1777891683.9133325,6.0,-6.0,-71.0
1777891683.9233325,7.0,-4.0,-69.0
1777891683.9333324,5.0,-8.0,-72.0
1777891683.9433324,5.0,-4.0,-73.0
1777891683.9533324,2.0,-3.0,-71.0
1777891683.9633324,3.0,0.0,-74.0
1777891683.9733324,3.0,0.0,-74.0
1777891683.9833324,0.0,-2.0,-67.0
1777891683.9933324,0.0,-1.0,-61.0
1777891684.0033324,0.0,0.0,-60.0
1777891684.0133324,2.0,2.0,-62.0
1777891684.0233324,2.0,0.0,-64.0
1777891684.0333323,0.0,0.0,-63.0
1777891684.0433323,-4.0,-1.0,-61.0
1777891684.0533323,-2.0,-2.0,-67.0
1777891684.0633323,-2.0,-5.0,-63.0
1777891684.0733323,-2.0,-7.0,-64.0
1777891684.0833323,-4.0,-6.0,-65.0
1777891684.0933323,-3.0,-4.0,-70.0
1777891684.1033323,-3.0,-3.0,-70.0
1777891684.1133325,-4.0,-2.0,-74.0
1777891684.1233325,-4.0,1.0,-78.0
1777891684.1333325,0.0,1.0,-80.0
1777891684.1433325,0.0,-3.0,-74.0
1777891684.1533325,2.0,-3.0,-74.0
1777891684.1633325,5.0,2.0,-74.0
1777891684.1733325,0.0,7.0,-75.0
1777891684.1833324,0.0,5.0,-75.0
1777891684.1933324,1.0,4.0,-78.0
1777891684.2033324,3.0,0.0,-78.0
1777891684.2133324,1.0,-3.0,-71.0
1777891684.2233324,0.0,-4.0,-73.0
1777891684.2333324,-3.0,-3.0,-75.0
1777891684.2433324,-6.0,1.0,-76.0
1777891684.2533324,-8.0,0.0,-76.0
1777891684.2633324,-5.0,-2.0,-71.0
1777891684.2733324,-2.0,-1.0,-77.0
1777891684.2833323,-3.0,0.0,-70.0
1777891684.2933323,-3.0,2.0,-67.0
1777891684.3033323,-1.0,0.0,-64.0
1777891684.3133323,0.0,0.0,-55.0
1777891684.3243325,-1.0,-1.0,-60.0
1777891684.3343325,-2.0,0.0,-67.0
1777891684.3443325,-1.0,0.0,-73.0
1777891684.3543324,0.0,-1.0,-82.0
1777891684.3643324,-1.0,-4.0,-79.0
1777891684.3743324,-5.0,-2.0,-79.0
1777891684.3843324,-2.0,0.0,-78.0
1777891684.3943324,0.0,-2.0,-73.0
1777891684.4043324,4.0,-4.0,-74.0
1777891684.4143324,2.0,-3.0,-82.0
1777891684.4243324,-2.0,0.0,-82.0
1777891684.4343324,2.0,0.0,-77.0
1777891684.4443324,0.0,1.0,-76.0
1777891684.4543324,0.0,3.0,-76.0
1777891684.4643323,2.0,3.0,-70.0
1777891684.4743323,-2.0,3.0,-71.0
1777891684.4843323,1.0,3.0,-66.0
1777891684.4943323,2.0,2.0,-60.0
1777891684.5043323,4.0,2.0,-60.0
1777891684.5143323,9.0,-2.0,-59.0
1777891684.5243323,4.0,-2.0,-58.0
1777891684.5343325,7.0,0.0,-55.0
1777891684.5443325,4.0,0.0,-53.0
1777891684.5543325,6.0,1.0,-52.0
1777891684.5643325,6.0,4.0,-54.0
1777891684.5743325,6.0,2.0,-52.0
1777891684.5843325,5.0,1.0,-58.0
1777891684.5943325,2.0,0.0,-67.0
1777891684.6043324,1.0,1.0,-68.0
1777891684.6143324,3.0,1.0,-69.0
1777891684.6243324,1.0,3.0,-73.0
1777891684.6343324,4.0,6.0,-73.0
1777891684.6443324,7.0,6.0,-68.0
1777891684.6543324,5.0,1.0,-71.0
1777891684.6643324,5.0,0.0,-75.0
1777891684.6743324,5.0,0.0,-77.0
1777891684.6843324,0.0,-3.0,-79.0
1777891684.6943324,0.0,0.0,-75.0
1777891684.7043324,0.0,0.0,-74.0
1777891684.7143323,3.0,-2.0,-69.0
1777891684.7243323,4.0,-5.0,-70.0
1777891684.7343323,2.0,-4.0,-67.0
1777891684.7443323,2.0,-3.0,-70.0
1777891684.7543323,4.0,-3.0,-69.0
1777891684.7643323,0.0,-1.0,-72.0
1777891684.7743323,-1.0,-1.0,-81.0
1777891684.7843325,0.0,-1.0,-78.0
1777891684.7943325,0.0,0.0,-77.0
1777891684.8043325,0.0,1.0,-81.0
1777891684.8143325,-1.0,-2.0,-75.0
1777891684.8243325,-2.0,-4.0,-69.0
1777891684.8343325,2.0,-5.0,-69.0
1777891684.8443325,8.0,-6.0,-68.0
1777891684.8543324,4.0,-1.0,-71.0
1777891684.8643324,2.0,0.0,-73.0
1777891684.8743324,1.0,0.0,-74.0
1777891684.8843324,1.0,-4.0,-76.0
1777891684.8943324,-3.0,-4.0,-72.0
1777891684.9043324,0.0,-5.0,-65.0
1777891684.9143324,-3.0,-7.0,-66.0
1777891684.9243324,-3.0,-5.0,-70.0
1777891684.9343324,-2.0,-4.0,-71.0
1777891684.9443324,-1.0,0.0,-66.0
1777891684.9543324,0.0,0.0,-64.0
1777891684.9643323,-1.0,-2.0,-63.0
1777891684.9743323,0.0,-5.0,-61.0
1777891684.9843323,-1.0,-3.0,-67.0
1777891684.9943323,0.0,-4.0,-69.0
1777891685.0043323,-1.0,-5.0,-67.0
1777891685.0143323,0.0,-5.0,-68.0
1777891685.0243323,-3.0,-2.0,-66.0
1777891685.0343325,-4.0,-4.0,-72.0
1777891685.0443325,-1.0,-2.0,-70.0
1777891685.0543325,0.0,-5.0,-64.0
1777891685.0643325,-1.0,-3.0,-64.0
1777891685.0743325,-2.0,-1.0,-67.0
1777891685.0843325,-4.0,-2.0,-68.0
1777891685.0943325,0.0,-6.0,-67.0
1777891685.1043324,-2.0,-4.0,-68.0
1777891685.1143324,-1.0,-1.0,-71.0
1777891685.1243324,-2.0,-3.0,-73.0
1777891685.1343324,-3.0,0.0,-76.0
1777891685.1443324,-6.0,0.0,-71.0
1777891685.1543324,-3.0,1.0,-65.0
1777891685.1643324,-3.0,0.0,-58.0
1777891685.1743324,0.0,0.0,-57.0
1777891685.1843324,0.0,-1.0,-60.0
1777891685.1943324,0.0,0.0,-61.0
1777891685.2043324,0.0,0.0,-65.0
1777891685.2143323,1.0,0.0,-58.0
1777891685.2243323,2.0,-5.0,-61.0
1777891685.2343323,0.0,-5.0,-63.0
1777891685.2443323,7.0,-2.0,-62.0
1777891685.2543323,7.0,-2.0,-70.0
1777891685.2643323,4.0,0.0,-74.0
1777891685.2743323,7.0,4.0,-76.0
1777891685.2843325,4.0,5.0,-75.0
1777891685.2943325,1.0,1.0,-85.0
1777891685.3043325,0.0,3.0,-82.0
1777891685.3143325,4.0,1.0,-82.0
1777891685.3243325,2.0,1.0,-80.0
1777891685.3343325,2.0,3.0,-77.0
1777891685.3443325,-2.0,4.0,-68.0
1777891685.3543324,0.0,5.0,-71.0
1777891685.3643324,4.0,4.0,-69.0
1777891685.3743324,0.0,3.0,-70.0
1777891685.3843324,-1.0,0.0,-68.0
1777891685.3943324,1.0,1.0,-74.0
1777891685.4043324,-4.0,2.0,-75.0
1777891685.4143324,-5.0,2.0,-74.0
1777891685.4243324,-8.0,1.0,-67.0
1777891685.4343324,-5.0,2.0,-66.0
1777891685.4443324,-8.0,0.0,-67.0
1777891685.4543324,-4.0,1.0,-66.0
1777891685.4643323,-4.0,1.0,-66.0
1777891685.4743323,-1.0,0.0,-68.0
1777891685.4843323,-2.0,0.0,-67.0
1777891685.4943323,-3.0,0.0,-68.0
1777891685.5043323,-2.0,-6.0,-71.0
1777891685.5143323,0.0,-11.0,-67.0
1777891685.5243323,0.0,-12.0,-65.0
1777891685.5343325,0.0,-8.0,-66.0
1777891685.5443325,1.0,-5.0,-63.0
1777891685.5543325,0.0,-6.0,-64.0
1777891685.5643325,0.0,-6.0,-68.0
1777891685.5743325,-3.0,-8.0,-79.0
1777891685.5843325,-2.0,-9.0,-85.0
1777891685.5943325,-4.0,-9.0,-79.0
1777891685.6043324,-3.0,-5.0,-75.0
1777891685.6143324,0.0,-4.0,-71.0
1777891685.6243324,1.0,-1.0,-64.0
1777891685.6343324,4.0,0.0,-64.0
1777891685.6443324,0.0,-2.0,-68.0
1777891685.6543324,0.0,-2.0,-64.0
1777891685.6643324,1.0,-3.0,-66.0
1777891685.6743324,0.0,-1.0,-65.0
1777891685.6843324,5.0,1.0,-69.0
1777891685.6943324,0.0,1.0,-67.0
1777891685.7043324,5.0,0.0,-68.0
1777891685.7143323,1.0,0.0,-65.0
1777891685.7243323,-3.0,-3.0,-70.0
1777891685.7343323,-8.0,-5.0,-74.0
1777891685.7443323,-8.0,-6.0,-76.0
1777891685.7543323,-5.0,-1.0,-76.0
1777891685.7653325,-1.0,2.0,-79.0
1777891685.7743323,0.0,4.0,-72.0
1777891685.7843325,-2.0,2.0,-69.0
1777891685.7943325,4.0,0.0,-79.0
1777891685.8043325,7.0,0.0,-85.0
1777891685.8143325,4.0,-1.0,-84.0
1777891685.8243325,4.0,0.0,-83.0
1777891685.8343325,2.0,0.0,-78.0
1777891685.8443325,3.0,0.0,-74.0
1777891685.8543324,6.0,0.0,-81.0
1777891685.8643324,5.0,-5.0,-79.0
1777891685.8743324,6.0,-6.0,-78.0
1777891685.8843324,5.0,-6.0,-71.0
1777891685.8943324,4.0,-4.0,-71.0
1777891685.9043324,3.0,-4.0,-70.0
1777891685.9143324,0.0,-2.0,-75.0
1777891685.9243324,0.0,1.0,-79.0
1777891685.9343324,-1.0,3.0,-77.0
1777891685.9443324,-2.0,2.0,-76.0
1777891685.9543324,2.0,0.0,-71.0
1777891685.9643323,2.0,-2.0,-67.0
1777891685.9743323,3.0,-1.0,-63.0
1777891685.9843323,0.0,-1.0,-66.0
1777891685.9943323,-2.0,1.0,-66.0
1777891686.0043323,-1.0,1.0,-65.0
1777891686.0143323,2.0,1.0,-65.0
1777891686.0243323,-1.0,0.0,-72.0
1777891686.0343325,0.0,3.0,-75.0
1777891686.0443325,-2.0,1.0,-78.0
1777891686.0543325,-2.0,1.0,-75.0
1777891686.0643325,-1.0,0.0,-75.0
1777891686.0743325,1.0,2.0,-79.0
1777891686.0843325,2.0,2.0,-86.0
1777891686.0943325,1.0,1.0,-85.0
1777891686.1043324,0.0,0.0,-86.0
1777891686.1143324,-2.0,-2.0,-84.0
1777891686.1243324,-4.0,-3.0,-85.0
1777891686.1343324,-10.0,-3.0,-82.0
1777891686.1443324,-10.0,-4.0,-89.0
1777891686.1543324,-8.0,-5.0,-81.0
1777891686.1643324,-10.0,-6.0,-84.0
1777891686.1743324,-12.0,-4.0,-83.0
1777891686.1843324,-10.0,-5.0,-81.0
1777891686.1943324,-13.0,-5.0,-75.0
1777891686.2043324,-7.0,-7.0,-69.0
1777891686.2143323,-2.0,-5.0,-66.0
1777891686.2243323,-4.0,-6.0,-74.0
1777891686.2343323,-7.0,-4.0,-70.0
1777891686.2443323,-1.0,0.0,-66.0
1777891686.2543323,-3.0,1.0,-72.0
1777891686.2643323,0.0,0.0,-72.0
1777891686.2743323,2.0,0.0,-73.0
1777891686.2843325,5.0,2.0,-77.0
1777891686.2943325,7.0,-1.0,-76.0
1777891686.3043325,7.0,0.0,-73.0
1777891686.3153324,7.0,0.0,-69.0
1777891686.3243325,3.0,0.0,-68.0
1777891686.3353324,1.0,2.0,-73.0
1777891686.3453324,6.0,0.0,-74.0
1777891686.3553324,5.0,-6.0,-70.0
1777891686.3653324,1.0,-2.0,-63.0
1777891686.3753324,0.0,-5.0,-67.0
1777891686.3853323,3.0,-8.0,-67.0
1777891686.3953323,3.0,-7.0,-63.0
1777891686.4053323,1.0,-8.0,-62.0
1777891686.4153323,0.0,-8.0,-62.0
1777891686.4253323,-5.0,-3.0,-67.0
1777891686.4353323,-11.0,-5.0,-72.0
1777891686.4453323,-9.0,-3.0,-81.0
1777891686.4553325,-11.0,-8.0,-81.0
1777891686.4653325,-5.0,-5.0,-82.0
1777891686.4753325,-5.0,-3.0,-77.0
1777891686.4853325,0.0,-1.0,-80.0
1777891686.4953325,4.0,-4.0,-75.0
1777891686.5053325,4.0,-8.0,-70.0
1777891686.5153325,0.0,-8.0,-79.0
1777891686.5253325,-2.0,-4.0,-80.0
1777891686.5353324,-2.0,3.0,-80.0
1777891686.5453324,-7.0,0.0,-79.0
1777891686.5553324,-3.0,-5.0,-80.0
1777891686.5653324,0.0,-3.0,-75.0
1777891686.5753324,0.0,-6.0,-73.0
1777891686.5853324,1.0,-8.0,-75.0
1777891686.5953324,0.0,-6.0,-77.0
1777891686.6053324,-5.0,-4.0,-79.0
1777891686.6153324,-1.0,2.0,-79.0
1777891686.6253324,0.0,1.0,-76.0
1777891686.6353323,-4.0,-2.0,-81.0
1777891686.6453323,-4.0,-3.0,-78.0
1777891686.6553323,-4.0,-3.0,-79.0
1777891686.6653323,-3.0,-1.0,-82.0
1777891686.6753323,-2.0,0.0,-79.0
1777891686.6853323,0.0,1.0,-79.0
1777891686.6953323,0.0,-2.0,-75.0
1777891686.7053325,-4.0,-4.0,-79.0
1777891686.7153325,-4.0,-4.0,-74.0
1777891686.7253325,-4.0,-4.0,-73.0
1777891686.7353325,-1.0,-5.0,-77.0
1777891686.7453325,1.0,-4.0,-73.0
1777891686.7553325,3.0,-3.0,-71.0
1777891686.7653325,-1.0,-5.0,-63.0
1777891686.7753325,1.0,-2.0,-67.0
1777891686.7853324,-1.0,-7.0,-72.0
1777891686.7953324,0.0,-11.0,-66.0
1777891686.8053324,1.0,-8.0,-68.0
1777891686.8153324,4.0,-3.0,-77.0
1777891686.8253324,4.0,-8.0,-76.0
1777891686.8353324,5.0,-6.0,-78.0
1777891686.8453324,8.0,-4.0,-79.0
1777891686.8553324,7.0,-4.0,-79.0
1777891686.8653324,11.0,-4.0,-71.0
1777891686.8753324,7.0,-2.0,-67.0
1777891686.8853323,5.0,-2.0,-68.0
1777891686.8953323,7.0,-3.0,-65.0
1777891686.9053323,4.0,-6.0,-70.0
1777891686.9153323,3.0,-4.0,-74.0
1777891686.9253323,2.0,-4.0,-70.0
1777891686.9353323,-1.0,-8.0,-73.0
1777891686.9453323,6.0,-11.0,-75.0
1777891686.9553325,7.0,-8.0,-79.0
1777891686.9653325,3.0,-9.0,-79.0
1777891686.9753325,3.0,-6.0,-80.0
1777891686.9853325,5.0,-8.0,-81.0
1777891686.9953325,0.0,-7.0,-82.0
1777891687.0053325,-6.0,-4.0,-83.0
1777891687.0153325,-4.0,-4.0,-77.0
1777891687.0253325,-1.0,-2.0,-80.0
1777891687.0353324,1.0,-5.0,-87.0
1777891687.0453324,0.0,-2.0,-88.0
1777891687.0553324,-1.0,-4.0,-82.0
1777891687.0653324,2.0,-2.0,-74.0
1777891687.0753324,-2.0,3.0,-75.0
1777891687.0853324,-4.0,1.0,-76.0
1777891687.0953324,0.0,-3.0,-76.0
1777891687.1053324,1.0,-6.0,-77.0
1777891687.1153324,0.0,-6.0,-78.0
1777891687.1253324,1.0,-6.0,-75.0
1777891687.1353323,2.0,-5.0,-78.0
1777891687.1453323,2.0,-5.0,-80.0
1777891687.1553323,0.0,-4.0,-75.0
1777891687.1653323,5.0,-5.0,-78.0
1777891687.1753323,6.0,-7.0,-76.0
1777891687.1853323,6.0,-6.0,-73.0
1777891687.1953323,7.0,-7.0,-77.0
1777891687.2053325,5.0,-5.0,-78.0
1777891687.2153325,2.0,-7.0,-83.0
1777891687.2253325,7.0,-3.0,-82.0
1777891687.2353325,2.0,1.0,-69.0
1777891687.2453325,3.0,0.0,-63.0
1777891687.2553325,0.0,0.0,-68.0
1777891687.2653325,-2.0,-1.0,-74.0
1777891687.2753325,0.0,4.0,-72.0
1777891687.2853324,0.0,4.0,-72.0
1777891687.2953324,4.0,1.0,-75.0
1777891687.3053324,2.0,0.0,-79.0
1777891687.3153324,7.0,0.0,-73.0
1777891687.3253324,4.0,1.0,-72.0
1777891687.3353324,1.0,4.0,-76.0
1777891687.3453324,-4.0,2.0,-73.0
1777891687.3553324,-2.0,2.0,-74.0
1777891687.3653324,-3.0,3.0,-80.0
1777891687.3753324,0.0,0.0,-83.0
1777891687.3853323,4.0,-3.0,-78.0
1777891687.3953323,7.0,-4.0,-80.0
1777891687.4053323,6.0,-2.0,-74.0
1777891687.4153323,3.0,3.0,-70.0
1777891687.4253323,3.0,0.0,-64.0
1777891687.4353323,5.0,-3.0,-68.0
1777891687.4453323,6.0,-4.0,-67.0
1777891687.4553325,3.0,-5.0,-68.0
1777891687.4653325,2.0,-3.0,-73.0
1777891687.4753325,0.0,0.0,-77.0
1777891687.4853325,0.0,-4.0,-73.0
1777891687.4953325,1.0,-2.0,-68.0
1777891687.5053325,-2.0,-1.0,-65.0
1777891687.5153325,0.0,0.0,-68.0
1777891687.5253325,-1.0,4.0,-80.0
1777891687.5353324,-2.0,5.0,-85.0
1777891687.5453324,-3.0,4.0,-80.0
1777891687.5553324,0.0,3.0,-76.0
1777891687.5653324,0.0,3.0,-75.0
1777891687.5753324,-3.0,1.0,-84.0
1777891687.5853324,0.0,3.0,-83.0
1777891687.5953324,1.0,0.0,-76.0
1777891687.6053324,0.0,-3.0,-77.0
1777891687.6153324,7.0,0.0,-77.0
1777891687.6253324,5.0,1.0,-69.0
1777891687.6353323,2.0,-2.0,-68.0
1777891687.6453323,4.0,1.0,-70.0
1777891687.6553323,1.0,-1.0,-67.0
1777891687.6653323,5.0,-2.0,-68.0
1777891687.6753323,2.0,-7.0,-71.0
1777891687.6853323,0.0,-5.0,-77.0
1777891687.6953323,-2.0,-5.0,-82.0
1777891687.7053325,-2.0,-4.0,-77.0
1777891687.7153325,-1.0,-3.0,-73.0
1777891687.7253325,0.0,-3.0,-71.0
1777891687.7353325,2.0,-6.0,-70.0
1777891687.7453325,4.0,-4.0,-76.0
1777891687.7553325,5.0,-2.0,-70.0
1777891687.7653325,1.0,-6.0,-70.0
1777891687.7753325,0.0,-3.0,-73.0
1777891687.7853324,-1.0,0.0,-69.0
1777891687.7953324,1.0,0.0,-64.0
1777891687.8053324,-3.0,-5.0,-70.0
1777891687.8153324,-3.0,-7.0,-73.0
1777891687.8253324,2.0,-7.0,-81.0
1777891687.8353324,2.0,-4.0,-78.0
1777891687.8453324,0.0,-3.0,-77.0
1777891687.8553324,-1.0,-6.0,-73.0
1777891687.8653324,-5.0,-11.0,-72.0
1777891687.8753324,-4.0,-12.0,-75.0
1777891687.8853323,-11.0,-9.0,-76.0
1777891687.8953323,-8.0,-5.0,-76.0
1777891687.9053323,-1.0,-5.0,-80.0
1777891687.9153323,1.0,-5.0,-78.0
1777891687.9253323,-4.0,-4.0,-72.0
1777891687.9353323,-1.0,-3.0,-73.0
1777891687.9453323,-5.0,-1.0,-72.0
1777891687.9553325,-9.0,3.0,-73.0
1777891687.9653325,-9.0,3.0,-71.0
1777891687.9753325,-5.0,0.0,-78.0
1777891687.9853325,0.0,0.0,-77.0
1777891687.9953325,-3.0,-1.0,-73.0
1777891688.0053325,-4.0,-3.0,-71.0
1777891688.0153325,-2.0,4.0,-65.0
1777891688.0253325,-1.0,7.0,-68.0
1777891688.0353324,0.0,5.0,-68.0
1777891688.0453324,2.0,5.0,-65.0
1777891688.0553324,-1.0,5.0,-62.0
1777891688.0653324,-4.0,4.0,-66.0
1777891688.0753324,-3.0,0.0,-62.0
1777891688.0853324,-2.0,-1.0,-58.0
1777891688.0953324,3.0,-1.0,-66.0
1777891688.1053324,7.0,-2.0,-62.0
1777891688.1153324,6.0,-4.0,-59.0
1777891688.1253324,4.0,-6.0,-59.0
1777891688.1353323,6.0,-6.0,-65.0
1777891688.1453323,4.0,-3.0,-72.0
1777891688.1553323,6.0,-4.0,-74.0
1777891688.1653323,4.0,-5.0,-69.0
1777891688.1753323,5.0,-4.0,-65.0
1777891688.1853323,5.0,-1.0,-66.0
1777891688.1953323,4.0,-2.0,-65.0
1777891688.2053325,6.0,-2.0,-69.0
1777891688.2153325,9.0,-1.0,-66.0
1777891688.2253325,8.0,0.0,-70.0
1777891688.2353325,7.0,0.0,-71.0
1777891688.2453325,3.0,0.0,-67.0
1777891688.2553325,0.0,0.0,-69.0
1777891688.2653325,0.0,-2.0,-71.0
1777891688.2753325,-1.0,-2.0,-72.0
1777891688.2863324,-4.0,1.0,-77.0
1777891688.2953324,-3.0,0.0,-79.0
1777891688.3053324,-1.0,0.0,-83.0
1777891688.3163323,-2.0,0.0,-82.0
1777891688.3263323,-3.0,0.0,-75.0
1777891688.3363323,-4.0,1.0,-74.0
1777891688.3453324,-6.0,0.0,-74.0
1777891688.3563323,-7.0,3.0,-74.0
1777891688.3663323,-7.0,0.0,-76.0
1777891688.3763323,-4.0,0.0,-73.0
1777891688.3863325,-6.0,0.0,-79.0
1777891688.3963325,1.0,-2.0,-82.0
1777891688.4063325,3.0,-3.0,-82.0
1777891688.4163325,3.0,-1.0,-82.0
1777891688.4263325,0.0,0.0,-75.0
1777891688.4363325,-2.0,-1.0,-74.0
1777891688.4463325,-3.0,-1.0,-77.0
1777891688.4563324,0.0,5.0,-76.0
1777891688.4663324,7.0,5.0,-75.0
1777891688.4763324,7.0,5.0,-68.0
1777891688.4863324,1.0,1.0,-68.0
1777891688.4963324,-3.0,1.0,-70.0
1777891688.5063324,-6.0,3.0,-72.0
1777891688.5163324,-2.0,3.0,-66.0
1777891688.5263324,-3.0,1.0,-66.0
1777891688.5363324,0.0,1.0,-71.0
1777891688.5463324,0.0,4.0,-80.0
1777891688.5563323,-2.0,4.0,-78.0
1777891688.5663323,-3.0,7.0,-81.0
1777891688.5763323,-7.0,6.0,-88.0
1777891688.5863323,-6.0,3.0,-87.0
1777891688.5963323,-2.0,0.0,-83.0
1777891688.6063323,-4.0,0.0,-72.0
1777891688.6163323,-6.0,0.0,-62.0
1777891688.6263323,-9.0,1.0,-67.0
1777891688.6363325,-4.0,-4.0,-65.0
1777891688.6463325,0.0,-4.0,-73.0
1777891688.6563325,1.0,-3.0,-72.0
1777891688.6663325,-1.0,-6.0,-68.0
1777891688.6763325,0.0,-1.0,-65.0
1777891688.6863325,-1.0,2.0,-69.0
1777891688.6963325,-2.0,1.0,-70.0
1777891688.7063324,-2.0,2.0,-70.0
1777891688.7163324,0.0,5.0,-73.0
1777891688.7263324,3.0,7.0,-75.0
1777891688.7363324,1.0,6.0,-78.0
1777891688.7463324,0.0,6.0,-75.0
1777891688.7563324,-3.0,6.0,-77.0
1777891688.7663324,-4.0,5.0,-81.0
1777891688.7763324,-6.0,5.0,-77.0
1777891688.7863324,-4.0,9.0,-75.0
1777891688.7963324,-3.0,7.0,-77.0
1777891688.8063323,-5.0,3.0,-74.0
1777891688.8163323,-6.0,4.0,-71.0
1777891688.8263323,-2.0,0.0,-73.0
1777891688.8373325,-2.0,0.0,-81.0
1777891688.8463323,-1.0,-2.0,-79.0
1777891688.8563323,3.0,-6.0,-74.0
1777891688.8663323,5.0,-8.0,-76.0
1777891688.8763323,4.0,-8.0,-72.0
1777891688.8863325,4.0,-7.0,-75.0
1777891688.8963325,3.0,-1.0,-65.0
1777891688.9063325,1.0,1.0,-62.0
1777891688.9163325,2.0,0.0,-61.0
1777891688.9263325,2.0,0.0,-64.0
1777891688.9363325,-1.0,0.0,-66.0
1777891688.9463325,-1.0,0.0,-64.0
1777891688.9563324,-4.0,0.0,-64.0
1777891688.9663324,-3.0,0.0,-60.0
1777891688.9763324,-2.0,-2.0,-67.0
1777891688.9863324,-2.0,-3.0,-62.0
1777891688.9963324,-7.0,-3.0,-64.0
1777891689.0063324,-8.0,0.0,-74.0
1777891689.0163324,-8.0,-1.0,-73.0
1777891689.0263324,-4.0,0.0,-71.0
1777891689.0363324,0.0,0.0,-71.0
1777891689.0463324,0.0,4.0,-74.0
1777891689.0563323,0.0,1.0,-68.0
1777891689.0663323,5.0,0.0,-66.0
1777891689.0763323,3.0,-2.0,-61.0
1777891689.0863323,1.0,-4.0,-60.0
1777891689.0963323,0.0,-1.0,-68.0
1777891689.1063323,0.0,0.0,-70.0
1777891689.1163323,0.0,0.0,-65.0
1777891689.1263323,0.0,-2.0,-62.0
1777891689.1363325,-2.0,0.0,-67.0
1777891689.1463325,-4.0,-4.0,-66.0
1777891689.1563325,-7.0,-6.0,-61.0
1777891689.1663325,-4.0,-2.0,-65.0
1777891689.1763325,-2.0,0.0,-70.0
1777891689.1863325,-3.0,2.0,-70.0
1777891689.1963325,-1.0,2.0,-70.0
1777891689.2063324,-1.0,0.0,-69.0
1777891689.2163324,1.0,-2.0,-69.0
1777891689.2263324,0.0,0.0,-71.0
1777891689.2363324,2.0,0.0,-71.0
1777891689.2463324,-1.0,3.0,-73.0
1777891689.2563324,0.0,2.0,-77.0
1777891689.2663324,0.0,4.0,-79.0
1777891689.2763324,4.0,3.0,-75.0
1777891689.2863324,7.0,5.0,-73.0
1777891689.2963324,2.0,5.0,-66.0
1777891689.3063323,0.0,5.0,-62.0
1777891689.3163323,0.0,0.0,-66.0
1777891689.3263323,-1.0,-3.0,-72.0
1777891689.3363323,-5.0,-3.0,-69.0
1777891689.3463323,0.0,-4.0,-69.0
1777891689.3563323,1.0,0.0,-67.0
1777891689.3663323,2.0,1.0,-69.0
1777891689.3763323,1.0,1.0,-73.0
1777891689.3863325,-3.0,2.0,-77.0
1777891689.3963325,-2.0,2.0,-82.0
1777891689.4063325,-3.0,0.0,-89.0
1777891689.4163325,-3.0,3.0,-86.0
1777891689.4263325,-3.0,-3.0,-74.0
1777891689.4363325,0.0,-3.0,-69.0
1777891689.4463325,-1.0,-2.0,-62.0
1777891689.4563324,0.0,3.0,-73.0
1777891689.4663324,-1.0,1.0,-78.0
1777891689.4763324,-1.0,0.0,-74.0
1777891689.4863324,2.0,3.0,-68.0
1777891689.4963324,-2.0,5.0,-64.0
1777891689.5063324,-4.0,7.0,-63.0
1777891689.5163324,-3.0,1.0,-64.0
1777891689.5263324,0.0,0.0,-60.0
1777891689.5363324,-3.0,-5.0,-62.0
1777891689.5463324,-3.0,-2.0,-63.0
1777891689.5563323,0.0,-1.0,-66.0
1777891689.5663323,-2.0,0.0,-67.0
1777891689.5763323,0.0,-1.0,-71.0
1777891689.5863323,1.0,-2.0,-71.0
1777891689.5963323,3.0,0.0,-74.0
1777891689.6063323,1.0,-1.0,-70.0
1777891689.6163323,3.0,2.0,-67.0
1777891689.6263323,1.0,2.0,-77.0
1777891689.6363325,3.0,1.0,-76.0
1777891689.6463325,-1.0,2.0,-71.0
1777891689.6563325,-2.0,4.0,-74.0
1777891689.6663325,-1.0,5.0,-78.0
1777891689.6763325,-1.0,5.0,-75.0
1777891689.6863325,-1.0,4.0,-82.0
1777891689.6963325,0.0,6.0,-71.0
1777891689.7063324,2.0,2.0,-73.0
1777891689.7163324,4.0,3.0,-73.0
1777891689.7263324,7.0,3.0,-76.0
1777891689.7363324,4.0,4.0,-72.0
1777891689.7463324,4.0,2.0,-67.0
1777891689.7563324,1.0,0.0,-67.0
1777891689.7663324,2.0,-4.0,-72.0
1777891689.7763324,6.0,-6.0,-69.0
1777891689.7863324,7.0,-6.0,-73.0
1777891689.7963324,5.0,-7.0,-62.0
1777891689.8063323,3.0,-6.0,-60.0
1777891689.8163323,3.0,-3.0,-65.0
1777891689.8263323,5.0,0.0,-67.0
1777891689.8363323,3.0,-1.0,-75.0
1777891689.8463323,1.0,-1.0,-73.0
1777891689.8563323,2.0,-2.0,-70.0
1777891689.8663323,0.0,-2.0,-69.0
1777891689.8763323,0.0,-3.0,-65.0
1777891689.8863325,6.0,0.0,-70.0
1777891689.8963325,3.0,2.0,-76.0
1777891689.9063325,0.0,-2.0,-78.0
1777891689.9163325,0.0,1.0,-72.0
1777891689.9263325,-1.0,2.0,-71.0
1777891689.9363325,0.0,1.0,-67.0
1777891689.9463325,-4.0,0.0,-66.0
1777891689.9563324,-3.0,2.0,-63.0
1777891689.9663324,-4.0,4.0,-59.0
1777891689.9763324,-2.0,7.0,-60.0
1777891689.9863324,1.0,7.0,-59.0
1777891689.9963324,-2.0,8.0,-62.0
1777891690.0063324,-3.0,7.0,-59.0
1777891690.0163324,-3.0,2.0,-57.0
1777891690.0263324,0.0,3.0,-59.0
1777891690.0363324,0.0,4.0,-68.0
1777891690.0463324,-1.0,4.0,-74.0
1777891690.0563323,-2.0,2.0,-71.0
1777891690.0663323,0.0,0.0,-71.0
1777891690.0763323,2.0,3.0,-75.0
1777891690.0863323,4.0,8.0,-71.0
1777891690.0963323,9.0,4.0,-71.0
1777891690.1063323,15.0,3.0,-75.0
1777891690.1163323,13.0,3.0,-84.0
1777891690.1263323,10.0,4.0,-83.0
1777891690.1363325,3.0,2.0,-79.0
1777891690.1463325,3.0,-4.0,-77.0
1777891690.1563325,3.0,-4.0,-81.0
1777891690.1663325,-1.0,-2.0,-81.0
1777891690.1763325,-5.0,2.0,-80.0
1777891690.1863325,-1.0,1.0,-75.0
1777891690.1963325,-4.0,2.0,-75.0
1777891690.2063324,-1.0,0.0,-76.0
1777891690.2163324,9.0,1.0,-76.0
1777891690.2263324,5.0,1.0,-72.0
1777891690.2363324,7.0,2.0,-69.0
1777891690.2463324,3.0,2.0,-65.0
1777891690.2563324,-3.0,4.0,-66.0
1777891690.2673323,-1.0,9.0,-69.0
1777891690.2763324,2.0,5.0,-68.0
1777891690.2863324,-3.0,4.0,-77.0
1777891690.2963324,-2.0,2.0,-79.0
1777891690.3073325,-4.0,-1.0,-78.0
1777891690.3173325,0.0,0.0,-73.0
1777891690.3273325,-4.0,0.0,-74.0
1777891690.3373325,-7.0,0.0,-75.0
1777891690.3473325,-9.0,3.0,-78.0
1777891690.3573325,-9.0,1.0,-79.0
1777891690.3673325,-5.0,-3.0,-72.0
1777891690.3773324,-1.0,-4.0,-75.0
1777891690.3873324,0.0,-6.0,-79.0
1777891690.3973324,1.0,-7.0,-78.0
1777891690.4073324,0.0,-4.0,-74.0
1777891690.4173324,1.0,0.0,-71.0
1777891690.4273324,1.0,-1.0,-66.0
1777891690.4373324,2.0,-2.0,-65.0
1777891690.4473324,3.0,-4.0,-65.0
1777891690.4573324,4.0,-3.0,-70.0
1777891690.4673324,4.0,-4.0,-77.0
1777891690.4773324,1.0,0.0,-68.0
1777891690.4873323,1.0,1.0,-69.0
1777891690.4973323,2.0,0.0,-69.0
1777891690.5073323,2.0,-1.0,-70.0
1777891690.5173323,1.0,-2.0,-72.0
1777891690.5273323,0.0,-1.0,-73.0
1777891690.5373323,0.0,0.0,-73.0
1777891690.5473323,-4.0,0.0,-73.0
1777891690.5573325,0.0,3.0,-74.0
1777891690.5673325,-3.0,4.0,-72.0
1777891690.5773325,-2.0,3.0,-71.0
1777891690.5873325,0.0,0.0,-68.0
1777891690.5973325,0.0,3.0,-70.0
1777891690.6073325,1.0,2.0,-75.0
1777891690.6173325,6.0,1.0,-79.0
1777891690.6273324,6.0,1.0,-83.0
1777891690.6373324,4.0,2.0,-82.0
1777891690.6473324,7.0,-1.0,-86.0
1777891690.6573324,7.0,-3.0,-89.0
1777891690.6673324,7.0,-5.0,-90.0
1777891690.6773324,7.0,-4.0,-81.0
1777891690.6873324,4.0,0.0,-80.0
1777891690.6973324,0.0,2.0,-85.0
1777891690.7073324,-3.0,2.0,-85.0
1777891690.7173324,0.0,3.0,-82.0
1777891690.7273324,-1.0,4.0,-81.0
1777891690.7373323,-3.0,4.0,-80.0
1777891690.7473323,-1.0,6.0,-81.0
1777891690.7573323,1.0,4.0,-81.0
1777891690.7673323,4.0,1.0,-73.0
1777891690.7773323,3.0,0.0,-69.0
1777891690.7873323,1.0,-1.0,-68.0
1777891690.7973323,2.0,-2.0,-70.0
1777891690.8073325,0.0,-1.0,-73.0
1777891690.8173325,-2.0,0.0,-79.0
1777891690.8273325,-6.0,-3.0,-83.0
1777891690.8373325,-7.0,-9.0,-86.0
1777891690.8473325,0.0,-6.0,-81.0
1777891690.8573325,0.0,-2.0,-77.0
1777891690.8673325,2.0,0.0,-73.0
1777891690.8773324,4.0,2.0,-75.0
1777891690.8873324,4.0,5.0,-81.0
1777891690.8973324,3.0,2.0,-79.0
1777891690.9073324,4.0,4.0,-79.0
1777891690.9173324,5.0,3.0,-89.0
1777891690.9273324,0.0,0.0,-87.0
1777891690.9373324,-4.0,-1.0,-86.0
1777891690.9473324,-8.0,0.0,-85.0
1777891690.9573324,-11.0,1.0,-88.0
1777891690.9673324,-12.0,1.0,-84.0
1777891690.9773324,-5.0,-4.0,-83.0
1777891690.9873323,-3.0,0.0,-82.0
1777891690.9973323,-4.0,1.0,-74.0
1777891691.0073323,0.0,4.0,-69.0
1777891691.0173323,-3.0,5.0,-64.0
1777891691.0273323,-2.0,8.0,-66.0
1777891691.0373323,0.0,6.0,-68.0
1777891691.0473323,-1.0,0.0,-68.0
1777891691.0573325,-3.0,-2.0,-68.0
1777891691.0673325,0.0,0.0,-75.0
1777891691.0773325,3.0,1.0,-79.0
1777891691.0873325,6.0,2.0,-71.0
1777891691.0973325,0.0,0.0,-64.0
1777891691.1073325,0.0,0.0,-61.0
1777891691.1173325,0.0,0.0,-65.0
1777891691.1273324,0.0,0.0,-75.0
1777891691.1373324,6.0,2.0,-76.0
1777891691.1473324,6.0,0.0,-76.0
1777891691.1573324,7.0,-1.0,-77.0
1777891691.1673324,12.0,0.0,-78.0
1777891691.1773324,7.0,3.0,-77.0
1777891691.1873324,7.0,2.0,-75.0
1777891691.1973324,9.0,0.0,-74.0
1777891691.2073324,3.0,2.0,-72.0
1777891691.2173324,3.0,3.0,-76.0
1777891691.2273324,1.0,4.0,-71.0
1777891691.2373323,0.0,3.0,-71.0
1777891691.2473323,-1.0,3.0,-71.0
1777891691.2573323,2.0,2.0,-70.0
1777891691.2673323,4.0,3.0,-72.0
1777891691.2773323,4.0,4.0,-69.0
1777891691.2873323,-2.0,2.0,-80.0
1777891691.2973323,-2.0,3.0,-77.0
1777891691.3073325,-3.0,6.0,-83.0
1777891691.3173325,-7.0,3.0,-87.0
1777891691.3273325,-3.0,4.0,-81.0
1777891691.3373325,-6.0,3.0,-76.0
1777891691.3473325,-3.0,4.0,-73.0
1777891691.3573325,-4.0,5.0,-73.0
1777891691.3673325,-2.0,1.0,-72.0
1777891691.3773324,0.0,-2.0,-69.0
1777891691.3873324,0.0,-1.0,-68.0
1777891691.3973324,1.0,-5.0,-68.0
1777891691.4073324,7.0,-7.0,-64.0
1777891691.4173324,1.0,-7.0,-68.0
1777891691.4273324,0.0,-2.0,-73.0
1777891691.4373324,0.0,-7.0,-70.0
1777891691.4473324,-2.0,-4.0,-71.0
1777891691.4573324,-1.0,-2.0,-75.0
1777891691.4673324,-6.0,0.0,-74.0
1777891691.4773324,-6.0,-1.0,-72.0
1777891691.4873323,-5.0,-2.0,-72.0
1777891691.4973323,-4.0,-4.0,-70.0
1777891691.5073323,0.0,-6.0,-67.0
1777891691.5173323,-1.0,-3.0,-65.0
1777891691.5273323,0.0,-5.0,-62.0
1777891691.5373323,1.0,-4.0,-68.0
1777891691.5473323,2.0,-6.0,-71.0
1777891691.5573325,1.0,-4.0,-79.0
1777891691.5673325,1.0,-2.0,-81.0
1777891691.5773325,0.0,-1.0,-77.0
1777891691.5873325,0.0,3.0,-75.0
1777891691.5973325,-5.0,-1.0,-76.0
1777891691.6073325,-5.0,0.0,-73.0
1777891691.6173325,-1.0,-3.0,-80.0
1777891691.6273324,-1.0,-2.0,-78.0
1777891691.6373324,-1.0,-2.0,-78.0
1777891691.6473324,1.0,0.0,-73.0
1777891691.6573324,-1.0,0.0,-73.0
1777891691.6673324,2.0,-2.0,-77.0
1777891691.6773324,3.0,-4.0,-77.0
1777891691.6873324,1.0,-6.0,-73.0
1777891691.6973324,5.0,-5.0,-73.0
1777891691.7073324,9.0,-4.0,-69.0
1777891691.7173324,1.0,-3.0,-70.0
1777891691.7273324,-2.0,0.0,-71.0
1777891691.7373323,-1.0,0.0,-71.0
1777891691.7473323,0.0,-2.0,-71.0
1777891691.7573323,0.0,-3.0,-70.0
1777891691.7673323,1.0,3.0,-71.0
1777891691.7773323,0.0,0.0,-68.0
1777891691.7873323,-5.0,-1.0,-78.0
1777891691.7973323,-6.0,0.0,-75.0
1777891691.8073325,-1.0,2.0,-80.0
1777891691.8173325,-2.0,4.0,-68.0
1777891691.8273325,-2.0,4.0,-66.0
1777891691.8373325,4.0,0.0,-71.0
1777891691.8473325,4.0,3.0,-72.0
1777891691.8573325,1.0,4.0,-67.0
1777891691.8673325,-2.0,1.0,-62.0
1777891691.8773324,-5.0,1.0,-72.0
1777891691.8873324,-6.0,-2.0,-76.0
1777891691.8973324,-5.0,-4.0,-74.0
1777891691.9073324,-10.0,-2.0,-72.0
1777891691.9173324,-9.0,-5.0,-71.0
1777891691.9273324,-7.0,-4.0,-74.0
1777891691.9373324,-4.0,-3.0,-76.0
1777891691.9473324,-1.0,-4.0,-76.0
1777891691.9573324,-1.0,-2.0,-80.0
1777891691.9673324,-5.0,0.0,-76.0
1777891691.9773324,-2.0,-1.0,-78.0
1777891691.9873323,-3.0,0.0,-78.0
1777891691.9973323,2.0,-3.0,-72.0
1777891692.0073323,3.0,-3.0,-78.0
1777891692.0173323,2.0,-3.0,-76.0
1777891692.0273323,1.0,0.0,-78.0
1777891692.0373323,3.0,-1.0,-76.0
1777891692.0473323,1.0,-6.0,-72.0
1777891692.0573325,0.0,-5.0,-66.0
1777891692.0673325,0.0,-5.0,-66.0
1777891692.0773325,-3.0,-3.0,-69.0
1777891692.0873325,-3.0,-9.0,-72.0
1777891692.0973325,0.0,-12.0,-77.0
1777891692.1073325,2.0,-11.0,-77.0
1777891692.1173325,-2.0,-10.0,-76.0
1777891692.1273324,-3.0,-8.0,-77.0
1777891692.1373324,-3.0,-8.0,-78.0
1777891692.1473324,-3.0,-3.0,-75.0
1777891692.1573324,-1.0,-4.0,-73.0
1777891692.1673324,-4.0,-6.0,-77.0
1777891692.1773324,-5.0,-4.0,-69.0
1777891692.1873324,-7.0,0.0,-68.0
1777891692.1973324,-5.0,0.0,-70.0
1777891692.2073324,-7.0,2.0,-71.0
1777891692.2173324,-6.0,0.0,-76.0
1777891692.2273324,-6.0,1.0,-78.0
1777891692.2373323,-7.0,0.0,-76.0
1777891692.2473323,-6.0,1.0,-76.0
1777891692.2573323,-2.0,-2.0,-72.0
1777891692.2683325,-2.0,-2.0,-75.0
1777891692.2783325,-2.0,-7.0,-76.0
1777891692.2883325,-3.0,-6.0,-81.0
1777891692.2983325,-4.0,-5.0,-83.0
1777891692.3083324,-5.0,-3.0,-78.0
1777891692.3183324,-3.0,2.0,-77.0
1777891692.3283324,-1.0,0.0,-74.0
1777891692.3383324,-5.0,1.0,-75.0
1777891692.3483324,-5.0,0.0,-72.0
1777891692.3583324,-1.0,0.0,-77.0
1777891692.3683324,4.0,0.0,-80.0
1777891692.3783324,6.0,2.0,-82.0
1777891692.3883324,2.0,3.0,-84.0
1777891692.3983324,1.0,7.0,-89.0
1777891692.4083323,1.0,0.0,-85.0
1777891692.4183323,3.0,0.0,-80.0
1777891692.4283323,2.0,0.0,-79.0
1777891692.4383323,4.0,-1.0,-81.0
1777891692.4483323,3.0,-4.0,-80.0
1777891692.4583323,1.0,-4.0,-70.0
1777891692.4683323,2.0,-1.0,-72.0
1777891692.4783323,1.0,0.0,-71.0
1777891692.4883325,-1.0,1.0,-73.0
1777891692.4983325,3.0,1.0,-75.0
1777891692.5083325,5.0,1.0,-70.0
1777891692.5183325,3.0,3.0,-73.0
1777891692.5283325,4.0,6.0,-72.0
1777891692.5383325,4.0,4.0,-77.0
1777891692.5483325,4.0,3.0,-74.0
1777891692.5583324,5.0,0.0,-80.0
1777891692.5683324,1.0,0.0,-77.0
1777891692.5783324,-2.0,0.0,-73.0
1777891692.5883324,-3.0,-2.0,-82.0
1777891692.5983324,-1.0,-1.0,-77.0
1777891692.6083324,1.0,0.0,-82.0
1777891692.6183324,2.0,0.0,-82.0
1777891692.6283324,1.0,0.0,-74.0
1777891692.6383324,0.0,0.0,-72.0
1777891692.6483324,3.0,0.0,-66.0
1777891692.6583323,4.0,1.0,-67.0
1777891692.6683323,5.0,6.0,-72.0
1777891692.6783323,2.0,9.0,-67.0
1777891692.6883323,0.0,8.0,-69.0
1777891692.6983323,1.0,4.0,-73.0
1777891692.7083323,6.0,5.0,-75.0
1777891692.7183323,9.0,3.0,-73.0
1777891692.7283323,6.0,0.0,-75.0
1777891692.7383325,4.0,1.0,-72.0
1777891692.7483325,5.0,1.0,-70.0
1777891692.7583325,5.0,2.0,-67.0
1777891692.7683325,7.0,2.0,-67.0
1777891692.7783325,6.0,0.0,-67.0
1777891692.7883325,6.0,1.0,-65.0
1777891692.7983325,4.0,-1.0,-63.0
1777891692.8083324,7.0,-2.0,-64.0
1777891692.8183324,6.0,-1.0,-60.0
1777891692.8283324,6.0,-2.0,-56.0
1777891692.8383324,4.0,-2.0,-57.0
1777891692.8483324,-2.0,0.0,-54.0
1777891692.8583324,-8.0,1.0,-61.0
1777891692.8683324,-6.0,0.0,-68.0
1777891692.8783324,-4.0,0.0,-73.0
1777891692.8883324,-3.0,-1.0,-73.0
1777891692.8983324,0.0,-4.0,-70.0
1777891692.9083323,-3.0,-1.0,-72.0
1777891692.9183323,-7.0,2.0,-79.0
1777891692.9283323,-3.0,3.0,-73.0
1777891692.9383323,-4.0,-1.0,-70.0
1777891692.9483323,-5.0,0.0,-70.0
1777891692.9583323,-10.0,-3.0,-73.0
1777891692.9683323,-9.0,-1.0,-74.0
1777891692.9783323,-1.0,-5.0,-75.0
1777891692.9883325,-5.0,-7.0,-78.0
1777891692.9983325,-4.0,-9.0,-73.0
1777891693.0083325,-4.0,-4.0,-72.0
1777891693.0183325,-6.0,-1.0,-70.0
1777891693.0283325,-5.0,-5.0,-73.0
1777891693.0383325,-2.0,-5.0,-76.0
1777891693.0483325,-7.0,-3.0,-73.0
1777891693.0583324,-4.0,-6.0,-72.0
1777891693.0683324,-7.0,-2.0,-69.0
1777891693.0783324,-6.0,-6.0,-66.0
1777891693.0883324,-5.0,-6.0,-64.0
1777891693.0983324,-3.0,-9.0,-69.0
1777891693.1083324,-1.0,-7.0,-69.0
1777891693.1183324,-1.0,-3.0,-73.0
1777891693.1283324,-1.0,-1.0,-80.0
1777891693.1383324,0.0,-2.0,-75.0
1777891693.1483324,-1.0,-1.0,-64.0
1777891693.1583323,1.0,-1.0,-62.0
1777891693.1683323,1.0,2.0,-55.0
1777891693.1783323,0.0,3.0,-58.0
1777891693.1883323,2.0,1.0,-58.0
1777891693.1983323,0.0,1.0,-53.0
1777891693.2083323,0.0,-2.0,-51.0
1777891693.2183323,1.0,0.0,-57.0
1777891693.2283323,3.0,0.0,-62.0
1777891693.2383325,4.0,0.0,-62.0
1777891693.2483325,5.0,-2.0,-67.0
1777891693.2583325,3.0,0.0,-55.0
1777891693.2683325,2.0,1.0,-59.0
1777891693.2783325,0.0,-4.0,-58.0
1777891693.2883325,2.0,-3.0,-59.0
1777891693.2983325,1.0,-4.0,-64.0
1777891693.3083324,0.0,-5.0,-67.0
1777891693.3183324,4.0,-4.0,-66.0
1777891693.3283324,7.0,2.0,-71.0
1777891693.3383324,6.0,-1.0,-70.0
1777891693.3483324,6.0,-4.0,-65.0
1777891693.3583324,7.0,-4.0,-67.0
1777891693.3683324,2.0,-1.0,-65.0
1777891693.3783324,0.0,1.0,-74.0
1777891693.3883324,0.0,0.0,-66.0
1777891693.3983324,1.0,-3.0,-67.0
1777891693.4083323,5.0,-5.0,-68.0
1777891693.4183323,5.0,-6.0,-65.0
1777891693.4283323,8.0,-4.0,-71.0
1777891693.4383323,9.0,-3.0,-75.0
1777891693.4483323,4.0,-5.0,-73.0
1777891693.4583323,0.0,-3.0,-60.0
1777891693.4683323,0.0,-3.0,-54.0
1777891693.4783323,-1.0,-3.0,-55.0
1777891693.4883325,0.0,-1.0,-57.0
1777891693.4983325,-4.0,0.0,-59.0
1777891693.5083325,-4.0,-3.0,-62.0
1777891693.5183325,-3.0,-5.0,-67.0
1777891693.5283325,-5.0,-1.0,-69.0
1777891693.5383325,-2.0,-5.0,-74.0
1777891693.5483325,-5.0,-3.0,-71.0
1777891693.5583324,-3.0,0.0,-74.0
1777891693.5683324,-3.0,-1.0,-70.0
1777891693.5783324,-3.0,0.0,-65.0
1777891693.5883324,-1.0,-2.0,-64.0
1777891693.5983324,0.0,-7.0,-63.0
1777891693.6083324,2.0,-6.0,-58.0
1777891693.6183324,1.0,-5.0,-64.0
1777891693.6283324,2.0,0.0,-67.0
1777891693.6383324,0.0,-1.0,-71.0
1777891693.6483324,1.0,-2.0,-77.0
1777891693.6583323,3.0,-2.0,-74.0
1777891693.6683323,2.0,-2.0,-71.0
1777891693.6783323,3.0,-3.0,-75.0
1777891693.6883323,1.0,-3.0,-76.0
1777891693.6983323,-1.0,-3.0,-79.0
1777891693.7083323,0.0,-1.0,-72.0
1777891693.7183323,0.0,0.0,-74.0
1777891693.7283323,0.0,-1.0,-72.0
1777891693.7383325,0.0,0.0,-71.0
1777891693.7483325,-1.0,-2.0,-68.0
1777891693.7583325,-1.0,-5.0,-70.0
1777891693.7683325,0.0,-6.0,-63.0
1777891693.7783325,0.0,-7.0,-68.0
1777891693.7883325,0.0,-5.0,-69.0
1777891693.7983325,6.0,0.0,-66.0
1777891693.8083324,9.0,0.0,-61.0
1777891693.8183324,7.0,-1.0,-64.0
1777891693.8283324,5.0,0.0,-63.0
1777891693.8383324,4.0,1.0,-69.0
1777891693.8483324,4.0,-1.0,-71.0
1777891693.8583324,6.0,-1.0,-71.0
1777891693.8683324,3.0,-1.0,-73.0
1777891693.8783324,4.0,0.0,-71.0
1777891693.8883324,3.0,-4.0,-75.0
1777891693.8983324,0.0,-4.0,-78.0
1777891693.9083323,3.0,-6.0,-77.0
1777891693.9183323,5.0,-9.0,-75.0
1777891693.9283323,0.0,-6.0,-68.0
1777891693.9383323,0.0,-7.0,-72.0
1777891693.9483323,0.0,-3.0,-71.0
1777891693.9583323,2.0,-2.0,-73.0
1777891693.9683323,2.0,-5.0,-80.0
1777891693.9783323,6.0,-1.0,-86.0
1777891693.9883325,6.0,0.0,-84.0
1777891693.9983325,3.0,-3.0,-82.0
1777891694.0083325,2.0,-2.0,-81.0
1777891694.0183325,0.0,-4.0,-79.0
1777891694.0283325,2.0,-9.0,-80.0
1777891694.0383325,0.0,-8.0,-77.0
1777891694.0483325,-5.0,-1.0,-80.0
1777891694.0583324,-8.0,0.0,-75.0
1777891694.0683324,-10.0,-3.0,-70.0
1777891694.0783324,-5.0,-6.0,-74.0
1777891694.0883324,-3.0,-5.0,-76.0
1777891694.0983324,-2.0,-2.0,-76.0
1777891694.1083324,-3.0,-1.0,-77.0
1777891694.1183324,0.0,-4.0,-83.0
1777891694.1283324,6.0,-2.0,-82.0
1777891694.1383324,7.0,0.0,-83.0
1777891694.1483324,3.0,3.0,-76.0
1777891694.1583323,3.0,4.0,-73.0
1777891694.1683323,3.0,3.0,-73.0
1777891694.1783323,3.0,-1.0,-72.0
1777891694.1883323,0.0,2.0,-78.0
1777891694.1983323,0.0,6.0,-78.0
1777891694.2083323,0.0,2.0,-79.0
1777891694.2183323,-1.0,-2.0,-83.0
1777891694.2283323,-3.0,-2.0,-84.0
1777891694.2393324,2.0,0.0,-82.0
1777891694.2483325,2.0,0.0,-86.0
1777891694.2583325,1.0,0.0,-83.0
1777891694.2683325,0.0,3.0,-86.0
1777891694.2793324,0.0,0.0,-87.0
1777891694.2893324,-2.0,0.0,-88.0
1777891694.2993324,-9.0,0.0,-81.0
1777891694.3093324,-10.0,-4.0,-81.0
1777891694.3193324,-7.0,-4.0,-84.0
1777891694.3293324,-4.0,-5.0,-84.0
1777891694.3393323,-1.0,-2.0,-85.0
1777891694.3493323,-3.0,0.0,-79.0
1777891694.3593323,-2.0,0.0,-74.0
1777891694.3693323,-3.0,2.0,-66.0
1777891694.3793323,0.0,1.0,-62.0
1777891694.3893323,-6.0,-2.0,-66.0
1777891694.3993323,-6.0,0.0,-72.0
1777891694.4093325,-2.0,1.0,-74.0
1777891694.4193325,-4.0,0.0,-73.0
1777891694.4293325,-4.0,-2.0,-69.0
1777891694.4393325,-2.0,-2.0,-72.0
1777891694.4493325,-1.0,-1.0,-67.0
1777891694.4593325,-1.0,1.0,-63.0
1777891694.4693325,0.0,2.0,-59.0
1777891694.4793324,0.0,0.0,-61.0
1777891694.4893324,1.0,-1.0,-66.0
1777891694.4993324,0.0,-2.0,-65.0
1777891694.5093324,0.0,-1.0,-62.0
1777891694.5193324,2.0,-1.0,-57.0
1777891694.5293324,-3.0,2.0,-61.0
1777891694.5393324,-8.0,2.0,-69.0
1777891694.5493324,-7.0,2.0,-70.0
1777891694.5593324,-8.0,3.0,-67.0
1777891694.5693324,-9.0,4.0,-64.0
1777891694.5793324,-6.0,0.0,-67.0
1777891694.5893323,-5.0,1.0,-64.0
1777891694.5993323,-2.0,-3.0,-67.0
1777891694.6093323,2.0,-3.0,-71.0
1777891694.6193323,1.0,-3.0,-80.0
1777891694.6293323,2.0,1.0,-74.0
1777891694.6393323,3.0,0.0,-67.0
1777891694.6493323,0.0,-1.0,-68.0
1777891694.6593325,2.0,-1.0,-67.0
1777891694.6693325,5.0,0.0,-74.0
1777891694.6793325,4.0,-2.0,-75.0
1777891694.6893325,4.0,-4.0,-76.0
1777891694.6993325,5.0,-5.0,-79.0
1777891694.7093325,6.0,-1.0,-77.0
1777891694.7193325,4.0,1.0,-70.0
1777891694.7293324,1.0,-1.0,-70.0
1777891694.7393324,2.0,1.0,-67.0
1777891694.7493324,5.0,0.0,-67.0
1777891694.7593324,4.0,2.0,-66.0
1777891694.7693324,5.0,4.0,-70.0
1777891694.7793324,3.0,-1.0,-74.0
1777891694.7893324,2.0,-5.0,-80.0
1777891694.7993324,2.0,-3.0,-83.0
1777891694.8093324,2.0,-1.0,-76.0
1777891694.8193324,1.0,-2.0,-71.0
1777891694.8293324,1.0,-3.0,-74.0
1777891694.8393323,2.0,-3.0,-74.0
1777891694.8493323,6.0,-4.0,-70.0
1777891694.8593323,7.0,-1.0,-71.0
1777891694.8693323,4.0,-3.0,-71.0
1777891694.8793323,5.0,-6.0,-68.0
1777891694.8893323,5.0,-9.0,-73.0
1777891694.8993323,3.0,-9.0,-68.0
1777891694.9093325,2.0,-13.0,-68.0
1777891694.9193325,4.0,-11.0,-68.0
1777891694.9293325,10.0,-13.0,-64.0
1777891694.9393325,7.0,-9.0,-61.0
1777891694.9493325,4.0,-5.0,-61.0
1777891694.9593325,2.0,-2.0,-71.0
1777891694.9693325,4.0,1.0,-69.0
1777891694.9793324,1.0,3.0,-69.0
1777891694.9893324,2.0,0.0,-74.0
1777891694.9993324,0.0,-1.0,-72.0
1777891695.0093324,2.0,-2.0,-70.0
1777891695.0193324,3.0,-1.0,-71.0
1777891695.0293324,5.0,0.0,-74.0
1777891695.0393324,3.0,1.0,-76.0
1777891695.0493324,4.0,0.0,-76.0
1777891695.0593324,1.0,-2.0,-69.0
1777891695.0693324,0.0,-3.0,-67.0
1777891695.0793324,0.0,0.0,-69.0
1777891695.0893323,-5.0,-1.0,-73.0
1777891695.0993323,-8.0,3.0,-79.0
1777891695.1093323,-3.0,1.0,-78.0
1777891695.1193323,-3.0,2.0,-77.0
1777891695.1293323,-5.0,1.0,-75.0
1777891695.1393323,0.0,1.0,-70.0
1777891695.1493323,-2.0,2.0,-70.0
1777891695.1593325,-2.0,4.0,-68.0
1777891695.1693325,-1.0,1.0,-76.0
1777891695.1793325,-1.0,6.0,-77.0
1777891695.1893325,-3.0,8.0,-78.0
1777891695.1993325,1.0,5.0,-75.0
1777891695.2093325,1.0,0.0,-71.0
1777891695.2193325,2.0,0.0,-70.0
1777891695.2293324,2.0,3.0,-77.0
1777891695.2393324,1.0,1.0,-74.0
1777891695.2493324,2.0,1.0,-78.0
1777891695.2593324,2.0,-1.0,-72.0
1777891695.2693324,0.0,0.0,-73.0
1777891695.2793324,-2.0,0.0,-70.0
1777891695.2893324,-3.0,0.0,-77.0
1777891695.2993324,0.0,-2.0,-75.0
1777891695.3093324,3.0,-1.0,-76.0
1777891695.3193324,5.0,-2.0,-77.0
1777891695.3293324,7.0,2.0,-74.0
1777891695.3393323,8.0,3.0,-72.0
1777891695.3493323,7.0,2.0,-75.0
1777891695.3593323,8.0,3.0,-72.0
1777891695.3693323,4.0,0.0,-71.0
1777891695.3793323,2.0,0.0,-75.0
1777891695.3893323,-1.0,-2.0,-76.0
1777891695.3993323,-1.0,0.0,-73.0
1777891695.4093325,1.0,2.0,-75.0
1777891695.4193325,0.0,2.0,-77.0
1777891695.4293325,-1.0,1.0,-78.0
1777891695.4393325,-3.0,-4.0,-79.0
1777891695.4493325,-4.0,-3.0,-77.0
1777891695.4593325,-6.0,0.0,-81.0
1777891695.4693325,-2.0,1.0,-85.0
1777891695.4793324,-2.0,-2.0,-83.0
1777891695.4893324,-2.0,-2.0,-85.0
1777891695.4993324,-3.0,1.0,-76.0
1777891695.5093324,-1.0,0.0,-82.0
1777891695.5193324,-2.0,0.0,-82.0
1777891695.5293324,0.0,2.0,-77.0
1777891695.5393324,-2.0,6.0,-77.0
1777891695.5493324,0.0,5.0,-79.0
1777891695.5593324,-1.0,3.0,-80.0
1777891695.5693324,-2.0,5.0,-75.0
1777891695.5793324,0.0,0.0,-78.0
1777891695.5893323,3.0,-1.0,-79.0
1777891695.5993323,6.0,-2.0,-76.0
1777891695.6093323,5.0,-1.0,-72.0
1777891695.6193323,1.0,-4.0,-66.0
1777891695.6293323,4.0,-1.0,-61.0
1777891695.6393323,6.0,-1.0,-62.0
1777891695.6493323,3.0,-3.0,-72.0
1777891695.6593325,-1.0,-5.0,-71.0
1777891695.6693325,-1.0,-8.0,-74.0
1777891695.6793325,7.0,-7.0,-75.0
1777891695.6893325,10.0,-8.0,-78.0
1777891695.6993325,12.0,-5.0,-76.0
1777891695.7093325,13.0,-7.0,-71.0
1777891695.7193325,8.0,-9.0,-63.0
1777891695.7293324,10.0,-9.0,-54.0
1777891695.7393324,7.0,-6.0,-56.0
1777891695.7493324,6.0,-8.0,-54.0
1777891695.7593324,1.0,-4.0,-56.0
1777891695.7693324,-6.0,-6.0,-53.0
1777891695.7793324,-5.0,-4.0,-64.0
1777891695.7893324,-4.0,-2.0,-68.0
1777891695.7993324,-1.0,-2.0,-67.0
1777891695.8093324,1.0,0.0,-64.0
1777891695.8193324,2.0,0.0,-61.0
1777891695.8293324,1.0,-2.0,-64.0
1777891695.8393323,0.0,-6.0,-63.0
1777891695.8493323,0.0,-4.0,-69.0
1777891695.8593323,0.0,0.0,-73.0
1777891695.8693323,3.0,0.0,-72.0
1777891695.8793323,2.0,4.0,-68.0
1777891695.8893323,5.0,7.0,-70.0
1777891695.8993323,4.0,9.0,-63.0
1777891695.9093325,2.0,4.0,-65.0
1777891695.9193325,2.0,1.0,-72.0
1777891695.9293325,1.0,1.0,-74.0
1777891695.9393325,1.0,5.0,-70.0
1777891695.9493325,1.0,7.0,-72.0
1777891695.9593325,-2.0,5.0,-71.0
1777891695.9693325,-4.0,0.0,-67.0
1777891695.9793324,0.0,0.0,-63.0
1777891695.9893324,4.0,-1.0,-59.0
1777891695.9993324,3.0,1.0,-67.0
1777891696.0093324,3.0,2.0,-63.0
1777891696.0193324,6.0,0.0,-60.0
1777891696.0293324,4.0,1.0,-67.0
1777891696.0393324,3.0,-1.0,-59.0
1777891696.0493324,1.0,-2.0,-62.0
1777891696.0593324,-2.0,-1.0,-61.0
1777891696.0693324,2.0,0.0,-61.0
1777891696.0793324,0.0,-2.0,-65.0
1777891696.0893323,3.0,-3.0,-61.0
1777891696.0993323,0.0,-2.0,-62.0
1777891696.1093323,-1.0,-3.0,-61.0
1777891696.1193323,0.0,-3.0,-63.0
1777891696.1293323,0.0,-10.0,-58.0
1777891696.1393323,0.0,-13.0,-58.0
1777891696.1493323,0.0,-10.0,-67.0
1777891696.1593325,-1.0,-7.0,-71.0
1777891696.1693325,3.0,-5.0,-69.0
1777891696.1793325,5.0,-3.0,-77.0
1777891696.1893325,0.0,-2.0,-78.0
1777891696.1993325,1.0,-1.0,-74.0
1777891696.2093325,8.0,1.0,-73.0
1777891696.2193325,6.0,-1.0,-76.0
1777891696.2293324,10.0,-3.0,-74.0
1777891696.2393324,11.0,-3.0,-74.0
1777891696.2503324,11.0,-3.0,-77.0
1777891696.2593324,7.0,0.0,-77.0
1777891696.2703323,3.0,1.0,-82.0
1777891696.2803323,6.0,2.0,-81.0
1777891696.2903323,5.0,2.0,-78.0
1777891696.3003323,4.0,1.0,-80.0
1777891696.3103323,1.0,2.0,-80.0
1777891696.3203323,-3.0,4.0,-79.0
1777891696.3303325,-1.0,7.0,-70.0
1777891696.3403325,1.0,3.0,-59.0
1777891696.3503325,0.0,3.0,-61.0
1777891696.3603325,-1.0,1.0,-66.0
1777891696.3703325,-1.0,-1.0,-66.0
1777891696.3803325,1.0,1.0,-63.0
1777891696.3903325,1.0,0.0,-64.0
1777891696.4003325,0.0,-5.0,-67.0
1777891696.4103324,6.0,-2.0,-69.0
1777891696.4203324,7.0,-2.0,-71.0
1777891696.4303324,5.0,-4.0,-75.0
1777891696.4403324,5.0,-3.0,-74.0
1777891696.4503324,4.0,-4.0,-68.0
1777891696.4603324,0.0,-5.0,-65.0
1777891696.4703324,0.0,-5.0,-68.0
1777891696.4803324,4.0,-5.0,-68.0
1777891696.4903324,2.0,-1.0,-68.0
1777891696.5003324,-1.0,-1.0,-67.0
1777891696.5103323,0.0,-4.0,-67.0
1777891696.5203323,1.0,-4.0,-73.0
1777891696.5303323,0.0,-3.0,-77.0
1777891696.5403323,0.0,-6.0,-76.0
1777891696.5503323,0.0,-3.0,-74.0
1777891696.5603323,5.0,-4.0,-66.0
1777891696.5703323,1.0,-3.0,-70.0
1777891696.5803325,1.0,-2.0,-69.0
1777891696.5903325,1.0,-1.0,-66.0
1777891696.6003325,1.0,-4.0,-64.0
1777891696.6103325,1.0,-2.0,-65.0
1777891696.6203325,4.0,-1.0,-73.0
1777891696.6303325,6.0,-1.0,-74.0
1777891696.6403325,7.0,0.0,-72.0
1777891696.6503325,7.0,-2.0,-65.0
1777891696.6603324,6.0,-1.0,-72.0
1777891696.6703324,7.0,0.0,-70.0
1777891696.6803324,6.0,1.0,-68.0
1777891696.6903324,6.0,1.0,-66.0
1777891696.7003324,8.0,0.0,-62.0
1777891696.7103324,7.0,2.0,-64.0
1777891696.7203324,6.0,0.0,-66.0
1777891696.7303324,3.0,2.0,-72.0
1777891696.7403324,0.0,6.0,-69.0
1777891696.7503324,3.0,5.0,-66.0
1777891696.7603323,6.0,0.0,-65.0
1777891696.7703323,4.0,-1.0,-63.0
1777891696.7803323,10.0,-1.0,-63.0
1777891696.7903323,9.0,-4.0,-61.0
1777891696.8003323,5.0,0.0,-65.0
1777891696.8103323,5.0,1.0,-65.0
1777891696.8203323,10.0,1.0,-60.0
1777891696.8303325,10.0,1.0,-57.0
1777891696.8403325,12.0,0.0,-58.0
1777891696.8503325,4.0,-1.0,-58.0
1777891696.8603325,-2.0,-7.0,-62.0
1777891696.8703325,-3.0,-10.0,-66.0
1777891696.8803325,0.0,-12.0,-71.0
1777891696.8903325,5.0,-8.0,-73.0
1777891696.9003325,7.0,-6.0,-70.0
1777891696.9103324,3.0,-2.0,-69.0
1777891696.9203324,2.0,-1.0,-72.0
1777891696.9303324,0.0,0.0,-74.0
1777891696.9403324,-1.0,4.0,-74.0
1777891696.9503324,-4.0,7.0,-75.0
1777891696.9603324,-4.0,7.0,-77.0
1777891696.9703324,-3.0,11.0,-74.0
1777891696.9803324,-1.0,10.0,-68.0
1777891696.9903324,-2.0,10.0,-67.0
1777891697.0003324,4.0,7.0,-64.0
1777891697.0103323,6.0,7.0,-66.0
1777891697.0203323,8.0,2.0,-72.0
1777891697.0303323,6.0,0.0,-74.0
1777891697.0403323,4.0,-4.0,-77.0
1777891697.0503323,1.0,-6.0,-73.0
1777891697.0603323,1.0,-2.0,-67.0
1777891697.0703323,-4.0,-2.0,-65.0
1777891697.0803325,-2.0,-2.0,-63.0
1777891697.0903325,-2.0,-3.0,-63.0
1777891697.1003325,-2.0,-4.0,-64.0
1777891697.1103325,-5.0,-1.0,-65.0
1777891697.1203325,-2.0,0.0,-61.0
1777891697.1303325,5.0,-1.0,-69.0
1777891697.1403325,3.0,-2.0,-81.0
1777891697.1503325,7.0,-4.0,-78.0
1777891697.1603324,7.0,-4.0,-76.0
1777891697.1703324,3.0,-3.0,-73.0
1777891697.1803324,0.0,-1.0,-73.0
1777891697.1903324,-3.0,4.0,-70.0
1777891697.2003324,-3.0,3.0,-67.0
1777891697.2103324,-1.0,0.0,-64.0
1777891697.2203324,3.0,-9.0,-64.0
1777891697.2303324,7.0,-6.0,-64.0
1777891697.2403324,5.0,-2.0,-64.0
1777891697.2503324,6.0,0.0,-71.0
1777891697.2603323,3.0,1.0,-62.0
1777891697.2703323,2.0,0.0,-66.0
1777891697.2803323,6.0,3.0,-68.0
1777891697.2903323,5.0,3.0,-69.0
1777891697.3003323,3.0,0.0,-69.0
1777891697.3103323,2.0,0.0,-70.0
1777891697.3203323,3.0,3.0,-75.0
1777891697.3303325,0.0,6.0,-78.0
1777891697.3403325,-2.0,6.0,-79.0
1777891697.3503325,-3.0,5.0,-78.0
1777891697.3603325,0.0,7.0,-75.0
1777891697.3703325,-2.0,9.0,-66.0
1777891697.3803325,-1.0,7.0,-69.0
1777891697.3903325,1.0,8.0,-67.0
1777891697.4003325,-2.0,6.0,-65.0
1777891697.4103324,-1.0,7.0,-67.0
1777891697.4203324,1.0,6.0,-69.0
1777891697.4303324,4.0,2.0,-71.0
1777891697.4403324,5.0,1.0,-65.0
1777891697.4503324,-1.0,0.0,-63.0
1777891697.4603324,0.0,1.0,-63.0
1777891697.4703324,3.0,-4.0,-64.0
1777891697.4803324,6.0,-4.0,-66.0
1777891697.4903324,4.0,-8.0,-65.0
1777891697.5003324,2.0,-6.0,-62.0
1777891697.5103323,-2.0,-4.0,-59.0
1777891697.5203323,-2.0,-5.0,-59.0
1777891697.5303323,-4.0,-5.0,-56.0
1777891697.5403323,-1.0,-3.0,-60.0
1777891697.5503323,-2.0,-4.0,-64.0
1777891697.5603323,-1.0,-3.0,-62.0
1777891697.5703323,2.0,-3.0,-66.0
1777891697.5803325,2.0,-2.0,-69.0
1777891697.5903325,7.0,2.0,-69.0
1777891697.6003325,5.0,-2.0,-71.0
1777891697.6103325,11.0,-3.0,-73.0
1777891697.6203325,9.0,-5.0,-76.0
1777891697.6303325,7.0,-2.0,-74.0
1777891697.6403325,5.0,0.0,-72.0
1777891697.6503325,9.0,0.0,-63.0
1777891697.6603324,7.0,-1.0,-61.0
1777891697.6703324,7.0,-4.0,-66.0
1777891697.6803324,11.0,-7.0,-65.0
1777891697.6903324,10.0,-8.0,-66.0
1777891697.7003324,8.0,-2.0,-65.0
1777891697.7103324,5.0,-4.0,-61.0
1777891697.7203324,5.0,-5.0,-60.0
1777891697.7303324,2.0,-9.0,-55.0
1777891697.7403324,5.0,-8.0,-51.0
1777891697.7503324,5.0,-6.0,-57.0
1777891697.7603323,7.0,-6.0,-62.0
1777891697.7703323,12.0,-1.0,-69.0
1777891697.7803323,9.0,-3.0,-74.0
1777891697.7903323,11.0,-6.0,-78.0
1777891697.8003323,8.0,-4.0,-80.0
1777891697.8103323,3.0,-2.0,-79.0
1777891697.8203323,2.0,0.0,-77.0
1777891697.8303325,1.0,0.0,-74.0
1777891697.8403325,4.0,0.0,-67.0
1777891697.8503325,2.0,-1.0,-76.0
1777891697.8603325,7.0,-2.0,-74.0
1777891697.8703325,10.0,-1.0,-72.0
1777891697.8803325,10.0,0.0,-76.0
1777891697.8903325,11.0,0.0,-80.0
1777891697.9003325,7.0,0.0,-77.0
1777891697.9103324,7.0,-1.0,-81.0
1777891697.9203324,8.0,-2.0,-74.0
1777891697.9303324,6.0,-4.0,-77.0
1777891697.9403324,2.0,-4.0,-81.0
1777891697.9513323,1.0,-7.0,-78.0
1777891697.9603324,0.0,-7.0,-78.0
1777891697.9703324,-1.0,-8.0,-77.0
1777891697.9803324,1.0,-4.0,-78.0
1777891697.9903324,0.0,-5.0,-84.0
1777891698.0003324,0.0,-6.0,-82.0
1777891698.0103323,0.0,-3.0,-78.0
1777891698.0203323,2.0,-2.0,-74.0
1777891698.0303323,0.0,0.0,-73.0
1777891698.0403323,-1.0,2.0,-76.0
1777891698.0503323,-2.0,-2.0,-83.0
1777891698.0603323,-2.0,-5.0,-77.0
1777891698.0703323,1.0,-8.0,-74.0
1777891698.0803325,2.0,-9.0,-68.0
1777891698.0903325,0.0,-9.0,-67.0
1777891698.1003325,0.0,-11.0,-68.0
1777891698.1103325,5.0,-9.0,-65.0
1777891698.1203325,8.0,-6.0,-62.0
1777891698.1303325,13.0,-6.0,-65.0
1777891698.1403325,13.0,-4.0,-65.0
1777891698.1503325,11.0,-2.0,-66.0
1777891698.1603324,8.0,-2.0,-72.0
1777891698.1703324,1.0,4.0,-72.0
1777891698.1803324,2.0,4.0,-73.0
1777891698.1903324,0.0,4.0,-73.0
1777891698.2013323,2.0,1.0,-78.0
1777891698.2103324,5.0,0.0,-78.0
1777891698.2203324,4.0,2.0,-79.0
1777891698.2303324,2.0,5.0,-80.0
1777891698.2413323,0.0,3.0,-77.0
1777891698.2513323,-2.0,2.0,-81.0
1777891698.2613325,-7.0,6.0,-80.0
1777891698.2713325,-3.0,5.0,-80.0
1777891698.2813325,-1.0,-2.0,-88.0
1777891698.2913325,-3.0,-4.0,-82.0
1777891698.3013325,0.0,-4.0,-79.0
1777891698.3113325,1.0,-2.0,-76.0
1777891698.3213325,0.0,-1.0,-71.0
1777891698.3313324,0.0,-4.0,-69.0
1777891698.3413324,0.0,-3.0,-65.0
1777891698.3513324,-2.0,-2.0,-71.0
1777891698.3613324,3.0,-2.0,-73.0
1777891698.3713324,1.0,-2.0,-69.0
1777891698.3813324,2.0,-7.0,-73.0
1777891698.3913324,0.0,-5.0,-79.0
1777891698.4013324,1.0,-5.0,-80.0
1777891698.4113324,0.0,-5.0,-73.0
1777891698.4213324,0.0,-6.0,-75.0
1777891698.4313323,0.0,-6.0,-66.0
1777891698.4413323,0.0,-6.0,-60.0
1777891698.4513323,0.0,-3.0,-65.0
1777891698.4613323,2.0,-3.0,-62.0
1777891698.4713323,3.0,-4.0,-65.0
1777891698.4813323,5.0,0.0,-64.0
1777891698.4913323,5.0,-1.0,-63.0
1777891698.5013323,4.0,-3.0,-76.0
1777891698.5113325,4.0,-2.0,-75.0
1777891698.5213325,5.0,-1.0,-73.0
1777891698.5313325,6.0,1.0,-71.0
1777891698.5413325,5.0,1.0,-69.0
1777891698.5513325,8.0,2.0,-64.0
1777891698.5613325,12.0,3.0,-66.0
1777891698.5713325,10.0,1.0,-66.0
1777891698.5813324,6.0,0.0,-73.0
1777891698.5913324,0.0,2.0,-73.0
1777891698.6013324,-1.0,5.0,-78.0
1777891698.6113324,1.0,7.0,-75.0
1777891698.6213324,0.0,5.0,-75.0
1777891698.6313324,-1.0,2.0,-70.0
1777891698.6413324,1.0,1.0,-67.0
1777891698.6513324,-2.0,-2.0,-68.0
1777891698.6613324,-3.0,-7.0,-71.0
1777891698.6713324,-5.0,-3.0,-78.0
1777891698.6813323,-5.0,-5.0,-78.0
1777891698.6913323,-7.0,-6.0,-76.0
1777891698.7013323,-7.0,-6.0,-76.0
1777891698.7113323,-7.0,-3.0,-70.0
1777891698.7213323,-4.0,2.0,-77.0
1777891698.7313323,-3.0,3.0,-73.0
1777891698.7413323,-5.0,2.0,-69.0
1777891698.7513323,-5.0,2.0,-61.0
1777891698.7613325,-2.0,-1.0,-60.0
1777891698.7713325,-2.0,-2.0,-65.0
1777891698.7813325,-2.0,-3.0,-65.0
1777891698.7913325,-1.0,-7.0,-65.0
1777891698.8013325,-4.0,-10.0,-67.0
1777891698.8113325,-5.0,-5.0,-73.0
1777891698.8213325,-3.0,-8.0,-74.0
1777891698.8313324,-6.0,-6.0,-69.0
1777891698.8413324,3.0,-3.0,-62.0
1777891698.8513324,2.0,-4.0,-65.0
1777891698.8613324,5.0,-2.0,-66.0
1777891698.8713324,6.0,0.0,-66.0
1777891698.8813324,5.0,0.0,-63.0
1777891698.8913324,7.0,0.0,-65.0
1777891698.9013324,1.0,1.0,-73.0
1777891698.9113324,5.0,6.0,-73.0
1777891698.9213324,1.0,3.0,-75.0
1777891698.9313323,2.0,2.0,-78.0
1777891698.9413323,6.0,4.0,-71.0
1777891698.9513323,9.0,5.0,-68.0
1777891698.9613323,1.0,2.0,-70.0
1777891698.9713323,2.0,0.0,-73.0
1777891698.9813323,-2.0,-4.0,-72.0
1777891698.9913323,-2.0,-4.0,-76.0
1777891699.0013323,-1.0,-1.0,-76.0
1777891699.0113325,-6.0,2.0,-80.0
1777891699.0213325,-5.0,2.0,-78.0
1777891699.0313325,-6.0,1.0,-71.0
1777891699.0413325,-2.0,0.0,-71.0
1777891699.0513325,-3.0,-2.0,-67.0
1777891699.0613325,-4.0,0.0,-68.0
1777891699.0713325,-7.0,-1.0,-70.0
1777891699.0813324,-5.0,1.0,-70.0
1777891699.0913324,0.0,3.0,-67.0
1777891699.1013324,1.0,2.0,-68.0
1777891699.1113324,-2.0,-1.0,-73.0
1777891699.1213324,0.0,-3.0,-76.0
1777891699.1313324,-1.0,-4.0,-76.0
1777891699.1413324,-2.0,-6.0,-76.0
1777891699.1513324,-2.0,-2.0,-78.0
1777891699.1613324,-4.0,2.0,-73.0
1777891699.1713324,-3.0,1.0,-63.0
1777891699.1813323,-5.0,-1.0,-60.0
1777891699.1913323,-4.0,-1.0,-62.0
1777891699.2013323,-2.0,0.0,-63.0
1777891699.2113323,0.0,0.0,-71.0
1777891699.2213323,1.0,1.0,-68.0
1777891699.2313323,0.0,0.0,-62.0
1777891699.2413323,0.0,0.0,-59.0
1777891699.2513323,0.0,1.0,-70.0
1777891699.2613325,-2.0,-1.0,-80.0
1777891699.2713325,0.0,-6.0,-81.0
1777891699.2813325,0.0,-4.0,-82.0
1777891699.2913325,3.0,-3.0,-76.0
1777891699.3013325,6.0,-4.0,-70.0
1777891699.3113325,2.0,-4.0,-64.0
1777891699.3213325,2.0,-8.0,-63.0
1777891699.3313324,0.0,-10.0,-64.0
1777891699.3413324,1.0,-8.0,-69.0
1777891699.3513324,0.0,-4.0,-73.0
1777891699.3613324,0.0,-3.0,-72.0
1777891699.3713324,0.0,-2.0,-82.0
1777891699.3813324,4.0,-2.0,-76.0
1777891699.3913324,8.0,-5.0,-82.0
1777891699.4013324,10.0,-2.0,-82.0
1777891699.4113324,6.0,-4.0,-81.0
1777891699.4213324,3.0,-8.0,-77.0
1777891699.4313323,2.0,-6.0,-78.0
1777891699.4413323,0.0,-4.0,-76.0
1777891699.4513323,2.0,-7.0,-74.0
1777891699.4613323,6.0,-7.0,-67.0
1777891699.4713323,4.0,-4.0,-64.0
1777891699.4813323,2.0,-2.0,-63.0
1777891699.4913323,2.0,-3.0,-64.0
1777891699.5013323,4.0,-1.0,-65.0
1777891699.5113325,7.0,-2.0,-60.0
1777891699.5213325,8.0,0.0,-69.0
1777891699.5313325,6.0,0.0,-73.0
1777891699.5413325,1.0,3.0,-73.0
1777891699.5513325,0.0,2.0,-81.0
1777891699.5613325,8.0,2.0,-82.0
1777891699.5713325,5.0,-3.0,-79.0
1777891699.5813324,3.0,-1.0,-80.0
1777891699.5913324,4.0,1.0,-81.0
1777891699.6013324,-1.0,1.0,-77.0
1777891699.6113324,-6.0,-1.0,-76.0
1777891699.6213324,-5.0,2.0,-73.0
1777891699.6313324,-9.0,5.0,-66.0
1777891699.6413324,-6.0,3.0,-60.0
1777891699.6513324,-7.0,0.0,-62.0
1777891699.6613324,-4.0,-3.0,-66.0
1777891699.6713324,3.0,-1.0,-69.0
1777891699.6813323,0.0,-1.0,-69.0
1777891699.6913323,0.0,-7.0,-70.0
1777891699.7013323,6.0,-4.0,-76.0
1777891699.7113323,8.0,-5.0,-75.0
1777891699.7213323,7.0,-4.0,-79.0
1777891699.7313323,0.0,-2.0,-82.0
1777891699.7413323,0.0,0.0,-82.0
1777891699.7513323,0.0,1.0,-84.0
1777891699.7613325,4.0,0.0,-76.0
1777891699.7713325,4.0,-2.0,-82.0
1777891699.7813325,6.0,1.0,-86.0
1777891699.7913325,10.0,1.0,-82.0
1777891699.8013325,10.0,0.0,-84.0
1777891699.8113325,10.0,0.0,-84.0
1777891699.8213325,8.0,3.0,-85.0
1777891699.8313324,7.0,4.0,-80.0
1777891699.8413324,10.0,3.0,-74.0
1777891699.8513324,7.0,1.0,-73.0
1777891699.8613324,7.0,-1.0,-72.0
1777891699.8713324,5.0,0.0,-75.0
1777891699.8813324,4.0,-3.0,-73.0
1777891699.8913324,4.0,-4.0,-71.0
1777891699.9013324,0.0,-7.0,-65.0
1777891699.9113324,3.0,-5.0,-67.0
1777891699.9213324,2.0,-3.0,-68.0
1777891699.9313323,5.0,-3.0,-64.0
1777891699.9413323,3.0,-4.0,-68.0
1777891699.9513323,6.0,-2.0,-72.0
1777891699.9613323,3.0,0.0,-70.0
1777891699.9713323,4.0,-2.0,-67.0
1777891699.9813323,4.0,-4.0,-73.0
1777891699.9913323,3.0,-4.0,-70.0
1777891700.0013323,3.0,0.0,-70.0
1777891700.0113325,-1.0,1.0,-72.0
1777891700.0213325,0.0,1.0,-76.0
1777891700.0313325,0.0,2.0,-73.0
1777891700.0413325,-6.0,4.0,-73.0
1777891700.0513325,-3.0,2.0,-73.0
1777891700.0613325,-5.0,2.0,-77.0
1777891700.0713325,0.0,0.0,-79.0
1777891700.0813324,4.0,3.0,-83.0
1777891700.0913324,1.0,1.0,-80.0
1777891700.1013324,0.0,1.0,-76.0
1777891700.1113324,0.0,2.0,-74.0
1777891700.1213324,-1.0,-3.0,-74.0
1777891700.1313324,-1.0,-3.0,-77.0
1777891700.1413324,-3.0,-2.0,-77.0
1777891700.1513324,1.0,-2.0,-76.0
1777891700.1613324,0.0,0.0,-65.0
1777891700.1713324,-1.0,2.0,-69.0
1777891700.1813323,1.0,1.0,-67.0
1777891700.1913323,4.0,1.0,-66.0
1777891700.2023325,3.0,7.0,-68.0
1777891700.2113323,6.0,7.0,-68.0
1777891700.2213323,3.0,2.0,-73.0
1777891700.2323325,1.0,1.0,-75.0
1777891700.2423325,4.0,5.0,-68.0
1777891700.2523324,4.0,6.0,-62.0
1777891700.2623324,2.0,5.0,-64.0
1777891700.2723324,3.0,4.0,-64.0
1777891700.2823324,4.0,3.0,-66.0
1777891700.2923324,0.0,5.0,-65.0
1777891700.3023324,-4.0,4.0,-65.0
1777891700.3123324,0.0,4.0,-68.0
1777891700.3223324,-3.0,3.0,-71.0
1777891700.3323324,-3.0,4.0,-73.0
1777891700.3423324,-7.0,6.0,-70.0
1777891700.3523324,-8.0,5.0,-66.0
1777891700.3623323,-8.0,1.0,-68.0
1777891700.3723323,-7.0,-4.0,-66.0
1777891700.3823323,-6.0,-2.0,-70.0
1777891700.3923323,-3.0,-3.0,-73.0
1777891700.4023323,-2.0,0.0,-74.0
1777891700.4123323,1.0,0.0,-76.0
1777891700.4223323,1.0,1.0,-76.0
1777891700.4323325,3.0,0.0,-75.0
1777891700.4423325,6.0,-1.0,-71.0
1777891700.4523325,4.0,-1.0,-71.0
1777891700.4623325,4.0,-2.0,-72.0
1777891700.4723325,0.0,-4.0,-74.0
1777891700.4823325,-2.0,-5.0,-74.0
1777891700.4923325,1.0,-7.0,-77.0
1777891700.5023324,4.0,-4.0,-77.0
1777891700.5123324,4.0,0.0,-78.0
1777891700.5223324,4.0,-4.0,-76.0
1777891700.5323324,4.0,0.0,-77.0
1777891700.5423324,2.0,-2.0,-77.0
1777891700.5523324,0.0,-1.0,-74.0
1777891700.5623324,-2.0,1.0,-75.0
1777891700.5723324,0.0,-2.0,-72.0
1777891700.5823324,-2.0,-4.0,-70.0
1777891700.5923324,-3.0,-9.0,-74.0
1777891700.6023324,-2.0,-7.0,-81.0
1777891700.6123323,-2.0,-4.0,-81.0
1777891700.6223323,-2.0,0.0,-76.0
1777891700.6323323,-1.0,-1.0,-75.0
1777891700.6423323,1.0,3.0,-70.0
1777891700.6523323,-4.0,4.0,-70.0
1777891700.6623323,-7.0,7.0,-77.0
1777891700.6723323,-3.0,0.0,-75.0
1777891700.6823325,0.0,0.0,-79.0
1777891700.6923325,0.0,-2.0,-84.0
1777891700.7023325,3.0,-8.0,-79.0
1777891700.7123325,3.0,-6.0,-67.0
1777891700.7223325,1.0,-6.0,-68.0
1777891700.7323325,-5.0,-2.0,-68.0
1777891700.7423325,0.0,-2.0,-70.0
1777891700.7523324,0.0,1.0,-72.0
1777891700.7623324,-1.0,-4.0,-68.0
1777891700.7723324,-1.0,-5.0,-70.0
1777891700.7823324,0.0,0.0,-71.0
1777891700.7923324,4.0,-1.0,-74.0
1777891700.8023324,7.0,-5.0,-73.0
1777891700.8123324,5.0,-6.0,-76.0
1777891700.8223324,5.0,-9.0,-76.0
1777891700.8323324,1.0,-5.0,-75.0
1777891700.8423324,2.0,-7.0,-74.0
1777891700.8523324,-2.0,-4.0,-76.0
1777891700.8623323,-2.0,-5.0,-75.0
1777891700.8723323,-6.0,-7.0,-72.0
1777891700.8823323,-4.0,-6.0,-77.0
1777891700.8923323,-1.0,-4.0,-77.0
1777891700.9023323,-4.0,0.0,-79.0
1777891700.9123323,-5.0,-3.0,-81.0
1777891700.9223323,-8.0,4.0,-74.0
1777891700.9323325,-2.0,2.0,-75.0
1777891700.9423325,0.0,2.0,-76.0
1777891700.9523325,2.0,5.0,-77.0
1777891700.9623325,-1.0,1.0,-69.0
1777891700.9723325,-4.0,-4.0,-63.0
1777891700.9823325,-4.0,-7.0,-63.0
1777891700.9923325,-2.0,-7.0,-70.0
1777891701.0023324,-1.0,-6.0,-70.0
1777891701.0123324,-5.0,-6.0,-68.0
1777891701.0223324,-6.0,-4.0,-67.0
1777891701.0323324,-5.0,-4.0,-72.0
1777891701.0423324,-4.0,-6.0,-82.0
1777891701.0523324,-3.0,-8.0,-77.0
1777891701.0623324,2.0,-6.0,-75.0
1777891701.0723324,2.0,-2.0,-74.0
1777891701.0823324,0.0,-3.0,-68.0
1777891701.0923324,1.0,-2.0,-64.0
1777891701.1023324,4.0,-2.0,-57.0
1777891701.1123323,6.0,-4.0,-64.0
1777891701.1223323,4.0,0.0,-69.0
1777891701.1323323,1.0,0.0,-69.0
1777891701.1423323,3.0,0.0,-72.0
1777891701.1523323,4.0,-2.0,-75.0
1777891701.1623323,6.0,-3.0,-75.0
1777891701.1723323,7.0,-1.0,-73.0
1777891701.1823325,4.0,0.0,-72.0
1777891701.1923325,3.0,4.0,-76.0
1777891701.2023325,-1.0,1.0,-75.0
1777891701.2123325,1.0,2.0,-77.0
1777891701.2223325,3.0,0.0,-79.0
1777891701.2323325,1.0,2.0,-78.0
1777891701.2423325,0.0,2.0,-82.0
1777891701.2523324,2.0,2.0,-82.0
1777891701.2623324,6.0,0.0,-73.0
1777891701.2723324,5.0,0.0,-74.0
1777891701.2823324,4.0,-6.0,-75.0
1777891701.2923324,0.0,-5.0,-71.0
1777891701.3023324,1.0,-6.0,-68.0
1777891701.3123324,4.0,-8.0,-67.0
1777891701.3223324,6.0,-8.0,-65.0
1777891701.3323324,0.0,-4.0,-62.0
1777891701.3423324,-1.0,-1.0,-57.0
1777891701.3523324,4.0,0.0,-56.0
1777891701.3623323,3.0,2.0,-55.0
1777891701.3723323,4.0,1.0,-55.0
1777891701.3823323,8.0,0.0,-60.0
1777891701.3923323,6.0,-3.0,-64.0
1777891701.4023323,8.0,-3.0,-65.0
1777891701.4123323,12.0,-1.0,-70.0
1777891701.4223323,12.0,0.0,-78.0
1777891701.4323325,9.0,-4.0,-74.0
1777891701.4423325,5.0,-9.0,-77.0
1777891701.4523325,5.0,-6.0,-80.0
1777891701.4623325,8.0,-9.0,-82.0
1777891701.4723325,6.0,-3.0,-89.0
1777891701.4823325,6.0,-5.0,-89.0
1777891701.4923325,5.0,-6.0,-82.0
1777891701.5023324,2.0,-6.0,-75.0
1777891701.5123324,1.0,-7.0,-76.0
1777891701.5223324,0.0,-5.0,-71.0
1777891701.5323324,-1.0,-3.0,-70.0
1777891701.5423324,0.0,0.0,-69.0
1777891701.5523324,0.0,1.0,-74.0
1777891701.5623324,-1.0,3.0,-79.0
1777891701.5723324,-1.0,0.0,-84.0
1777891701.5823324,-6.0,0.0,-78.0
1777891701.5923324,-8.0,4.0,-75.0
1777891701.6023324,-7.0,6.0,-73.0
1777891701.6123323,-9.0,5.0,-76.0
1777891701.6223323,-7.0,5.0,-74.0
1777891701.6323323,-2.0,2.0,-79.0
1777891701.6423323,-1.0,0.0,-82.0
1777891701.6523323,-4.0,0.0,-82.0
1777891701.6623323,-1.0,-3.0,-78.0
1777891701.6723323,3.0,-2.0,-76.0
1777891701.6823325,5.0,-1.0,-84.0
1777891701.6923325,1.0,-1.0,-78.0
1777891701.7023325,-1.0,-1.0,-74.0
1777891701.7123325,-1.0,-3.0,-70.0
1777891701.7223325,-2.0,-2.0,-68.0
1777891701.7323325,-5.0,-7.0,-63.0
1777891701.7423325,-3.0,-9.0,-60.0
1777891701.7523324,-1.0,-5.0,-55.0
1777891701.7623324,2.0,-6.0,-59.0
1777891701.7723324,0.0,-3.0,-62.0
1777891701.7823324,5.0,-6.0,-69.0
1777891701.7923324,1.0,-4.0,-70.0
1777891701.8023324,3.0,-2.0,-68.0
1777891701.8123324,5.0,-4.0,-68.0
1777891701.8223324,3.0,-5.0,-70.0
1777891701.8323324,3.0,-5.0,-78.0
1777891701.8423324,0.0,0.0,-78.0
1777891701.8523324,-3.0,0.0,-76.0
1777891701.8623323,0.0,-1.0,-73.0
1777891701.8723323,7.0,-4.0,-82.0
1777891701.8823323,6.0,-2.0,-84.0
1777891701.8923323,7.0,-3.0,-76.0
1777891701.9023323,6.0,-5.0,-75.0
1777891701.9123323,6.0,-9.0,-75.0
1777891701.9223323,3.0,-5.0,-71.0
1777891701.9323325,2.0,-2.0,-71.0
1777891701.9423325,0.0,0.0,-70.0
1777891701.9523325,-3.0,1.0,-64.0
1777891701.9623325,-2.0,3.0,-66.0
1777891701.9723325,3.0,3.0,-73.0
1777891701.9823325,4.0,-1.0,-67.0
1777891701.9923325,1.0,2.0,-63.0
1777891702.0023324,-2.0,0.0,-65.0
1777891702.0123324,-1.0,0.0,-66.0
1777891702.0223324,0.0,1.0,-69.0
1777891702.0323324,-2.0,-1.0,-71.0
1777891702.0423324,-1.0,-4.0,-79.0
1777891702.0523324,1.0,-3.0,-83.0
1777891702.0623324,-1.0,-2.0,-79.0
1777891702.0723324,-1.0,-2.0,-76.0
1777891702.0823324,2.0,-2.0,-78.0
1777891702.0923324,3.0,-5.0,-76.0
1777891702.1023324,2.0,0.0,-77.0
1777891702.1123323,0.0,1.0,-72.0
1777891702.1223323,0.0,0.0,-74.0
1777891702.1323323,-1.0,3.0,-67.0
1777891702.1423323,-1.0,5.0,-73.0
1777891702.1523323,-2.0,5.0,-71.0
1777891702.1623323,0.0,8.0,-71.0
1777891702.1723323,1.0,7.0,-69.0
1777891702.1823325,-4.0,0.0,-69.0
1777891702.1923325,-4.0,2.0,-65.0
1777891702.2023325,-3.0,1.0,-64.0
1777891702.2133324,-2.0,3.0,-62.0
1777891702.2233324,1.0,0.0,-71.0
1777891702.2333324,1.0,1.0,-76.0
1777891702.2433324,0.0,1.0,-77.0
1777891702.2533324,4.0,-1.0,-76.0
1777891702.2633324,3.0,-2.0,-76.0
1777891702.2733324,5.0,-3.0,-75.0
1777891702.2833323,14.0,-4.0,-77.0
1777891702.2933323,11.0,-8.0,-77.0
1777891702.3033323,11.0,-7.0,-77.0
1777891702.3133323,10.0,-2.0,-79.0
1777891702.3233323,5.0,-2.0,-77.0
1777891702.3333323,6.0,2.0,-77.0
1777891702.3433323,5.0,1.0,-81.0
1777891702.3533323,4.0,0.0,-78.0
1777891702.3633325,1.0,-1.0,-77.0
1777891702.3733325,0.0,-3.0,-76.0
1777891702.3833325,-5.0,0.0,-72.0
1777891702.3933325,-3.0,-1.0,-71.0
1777891702.4033325,1.0,-1.0,-68.0
1777891702.4133325,-1.0,-3.0,-69.0
1777891702.4233325,-2.0,-5.0,-70.0
1777891702.4333324,-1.0,-5.0,-77.0
1777891702.4433324,-3.0,-4.0,-80.0
1777891702.4533324,-4.0,-8.0,-75.0
1777891702.4633324,-4.0,-7.0,-68.0
1777891702.4733324,0.0,-2.0,-59.0
1777891702.4833324,4.0,0.0,-66.0
1777891702.4933324,4.0,-2.0,-68.0
1777891702.5033324,8.0,-1.0,-63.0
1777891702.5133324,6.0,-1.0,-61.0
1777891702.5233324,4.0,-1.0,-66.0
1777891702.5333323,3.0,1.0,-67.0
1777891702.5433323,2.0,2.0,-70.0
1777891702.5533323,4.0,3.0,-67.0
1777891702.5633323,3.0,0.0,-66.0
1777891702.5733323,0.0,-2.0,-63.0
1777891702.5833323,2.0,-6.0,-62.0
1777891702.5933323,0.0,-6.0,-67.0
1777891702.6033323,4.0,-8.0,-65.0
1777891702.6133325,7.0,-3.0,-64.0
1777891702.6233325,6.0,-1.0,-66.0
1777891702.6333325,1.0,1.0,-69.0
1777891702.6433325,2.0,-1.0,-69.0
1777891702.6533325,-1.0,-1.0,-75.0
1777891702.6633325,-4.0,-1.0,-77.0
1777891702.6733325,0.0,-3.0,-71.0
1777891702.6833324,-1.0,-5.0,-69.0
1777891702.6933324,-3.0,-4.0,-75.0
1777891702.7033324,-6.0,-4.0,-77.0
1777891702.7133324,-7.0,-1.0,-71.0
1777891702.7233324,-1.0,-6.0,-72.0
1777891702.7333324,-1.0,-11.0,-75.0
1777891702.7433324,-5.0,-10.0,-77.0
1777891702.7533324,-5.0,-13.0,-79.0
1777891702.7633324,0.0,-9.0,-81.0
1777891702.7733324,2.0,-5.0,-77.0
1777891702.7833323,3.0,-3.0,-75.0
1777891702.7933323,1.0,-2.0,-72.0
1777891702.8033323,3.0,-5.0,-70.0
1777891702.8133323,-1.0,-6.0,-71.0
1777891702.8233323,-3.0,-5.0,-70.0
1777891702.8333323,1.0,-3.0,-65.0
1777891702.8433323,0.0,-4.0,-64.0
1777891702.8533323,1.0,-9.0,-65.0
1777891702.8633325,3.0,-10.0,-71.0
1777891702.8733325,3.0,-7.0,-69.0
1777891702.8833325,1.0,-6.0,-68.0
1777891702.8933325,3.0,-4.0,-64.0
1777891702.9033325,3.0,-3.0,-63.0
1777891702.9133325,0.0,-4.0,-67.0
1777891702.9233325,1.0,-3.0,-68.0
1777891702.9333324,3.0,-3.0,-71.0
1777891702.9433324,2.0,-4.0,-75.0
1777891702.9533324,3.0,-5.0,-73.0
1777891702.9633324,4.0,-1.0,-71.0
1777891702.9733324,0.0,-3.0,-66.0
1777891702.9833324,2.0,0.0,-77.0
1777891702.9933324,2.0,2.0,-79.0
1777891703.0033324,-1.0,3.0,-77.0
1777891703.0133324,-1.0,2.0,-81.0
1777891703.0233324,1.0,2.0,-78.0
1777891703.0333323,4.0,5.0,-81.0
1777891703.0433323,4.0,1.0,-76.0
1777891703.0533323,3.0,1.0,-66.0
1777891703.0633323,0.0,0.0,-66.0
1777891703.0733323,-3.0,-2.0,-62.0
1777891703.0833323,0.0,-5.0,-68.0
1777891703.0933323,1.0,-3.0,-71.0
1777891703.1033323,-4.0,-2.0,-73.0
1777891703.1133325,-4.0,-6.0,-70.0
1777891703.1233325,-1.0,-7.0,-72.0
1777891703.1333325,-1.0,-5.0,-70.0
1777891703.1433325,-4.0,-4.0,-69.0
1777891703.1533325,-4.0,-1.0,-69.0
1777891703.1633325,-3.0,1.0,-65.0
1777891703.1733325,-1.0,2.0,-61.0
1777891703.1833324,0.0,-2.0,-64.0
1777891703.1933324,-2.0,-4.0,-72.0
1777891703.2033324,-2.0,-6.0,-76.0
1777891703.2133324,-1.0,-7.0,-75.0
1777891703.2233324,5.0,-7.0,-69.0
1777891703.2333324,1.0,-4.0,-78.0
1777891703.2433324,0.0,-3.0,-73.0
1777891703.2533324,0.0,-2.0,-66.0
1777891703.2633324,-1.0,-4.0,-65.0
1777891703.2733324,0.0,-3.0,-62.0
1777891703.2833323,1.0,-1.0,-67.0
1777891703.2933323,0.0,-3.0,-70.0
1777891703.3033323,2.0,-2.0,-70.0
1777891703.3133323,2.0,0.0,-75.0
1777891703.3233323,0.0,1.0,-79.0
1777891703.3333323,4.0,0.0,-73.0
1777891703.3433323,5.0,0.0,-74.0
1777891703.3533323,3.0,0.0,-74.0
1777891703.3633325,-1.0,1.0,-67.0
1777891703.3733325,-2.0,3.0,-73.0
1777891703.3833325,0.0,5.0,-81.0
1777891703.3933325,0.0,1.0,-76.0
1777891703.4033325,3.0,4.0,-73.0
1777891703.4133325,1.0,1.0,-72.0
1777891703.4233325,1.0,0.0,-71.0
1777891703.4333324,0.0,-2.0,-73.0
1777891703.4433324,3.0,-4.0,-67.0
1777891703.4533324,7.0,-2.0,-64.0
1777891703.4633324,9.0,-1.0,-73.0
1777891703.4733324,9.0,-4.0,-71.0
1777891703.4833324,12.0,-4.0,-73.0
1777891703.4933324,11.0,-4.0,-78.0
1777891703.5033324,12.0,-2.0,-80.0
1777891703.5133324,10.0,-3.0,-72.0
1777891703.5233324,4.0,-4.0,-66.0
1777891703.5333323,2.0,-4.0,-71.0
1777891703.5433323,3.0,-4.0,-72.0
1777891703.5533323,2.0,-3.0,-78.0
1777891703.5633323,4.0,-3.0,-79.0
1777891703.5733323,4.0,-6.0,-78.0
1777891703.5833323,4.0,-5.0,-78.0
1777891703.5933323,2.0,-4.0,-78.0
1777891703.6033323,2.0,-2.0,-71.0
1777891703.6133325,0.0,-2.0,-72.0
1777891703.6233325,-1.0,-3.0,-76.0
1777891703.6333325,0.0,-1.0,-76.0
1777891703.6433325,6.0,0.0,-72.0
1777891703.6533325,8.0,-2.0,-72.0
1777891703.6633325,9.0,-5.0,-73.0
1777891703.6733325,6.0,-8.0,-72.0
1777891703.6833324,0.0,-6.0,-79.0
1777891703.6933324,0.0,-4.0,-80.0
1777891703.7033324,-1.0,0.0,-72.0
1777891703.7133324,5.0,-2.0,-70.0
1777891703.7233324,3.0,-3.0,-71.0
1777891703.7333324,0.0,-3.0,-75.0
1777891703.7433324,-3.0,-1.0,-72.0
1777891703.7533324,-4.0,0.0,-73.0
1777891703.7633324,0.0,0.0,-76.0
1777891703.7733324,0.0,2.0,-78.0
1777891703.7833323,-2.0,1.0,-80.0
1777891703.7933323,0.0,3.0,-76.0
1777891703.8033323,0.0,2.0,-85.0
1777891703.8133323,0.0,6.0,-80.0
1777891703.8233323,1.0,5.0,-81.0
1777891703.8333323,5.0,6.0,-85.0
1777891703.8433323,3.0,4.0,-85.0
1777891703.8533323,4.0,3.0,-77.0
1777891703.8633325,8.0,2.0,-71.0
1777891703.8733325,6.0,4.0,-75.0
1777891703.8833325,7.0,2.0,-77.0
1777891703.8933325,1.0,4.0,-80.0
1777891703.9033325,1.0,3.0,-80.0
1777891703.9133325,1.0,4.0,-86.0
1777891703.9233325,1.0,2.0,-82.0
1777891703.9333324,0.0,-3.0,-76.0
1777891703.9433324,0.0,-3.0,-78.0
1777891703.9533324,0.0,-3.0,-78.0
1777891703.9633324,1.0,-6.0,-76.0
1777891703.9733324,-1.0,-2.0,-78.0
1777891703.9833324,-3.0,0.0,-67.0
1777891703.9933324,-4.0,3.0,-59.0
1777891704.0033324,0.0,-1.0,-54.0
1777891704.0133324,-2.0,-1.0,-54.0
1777891704.0233324,-1.0,-2.0,-63.0
1777891704.0333323,-1.0,-4.0,-69.0
1777891704.0433323,0.0,-4.0,-75.0
1777891704.0533323,-1.0,-5.0,-79.0
1777891704.0633323,-3.0,-6.0,-77.0
1777891704.0733323,-4.0,-5.0,-70.0
1777891704.0833323,-3.0,-7.0,-69.0
1777891704.0933323,-3.0,-2.0,-67.0
1777891704.1033323,-2.0,0.0,-69.0
1777891704.1133325,-2.0,0.0,-71.0
1777891704.1233325,1.0,-6.0,-72.0
1777891704.1333325,2.0,-6.0,-72.0
1777891704.1433325,2.0,-8.0,-65.0
1777891704.1533325,1.0,-5.0,-65.0
1777891704.1643324,4.0,-2.0,-68.0
1777891704.1733325,8.0,-3.0,-67.0
1777891704.1843324,4.0,0.0,-69.0
1777891704.1933324,-1.0,-2.0,-72.0
1777891704.2033324,0.0,-2.0,-67.0
1777891704.2143323,-3.0,2.0,-66.0
1777891704.2243323,0.0,4.0,-67.0
1777891704.2343323,0.0,5.0,-65.0
1777891704.2443323,-5.0,5.0,-57.0
1777891704.2543323,-1.0,5.0,-52.0
1777891704.2643323,-3.0,5.0,-55.0
1777891704.2743323,2.0,2.0,-57.0
1777891704.2843325,3.0,0.0,-60.0
1777891704.2943325,3.0,0.0,-60.0
1777891704.3043325,7.0,-2.0,-60.0
1777891704.3143325,4.0,-3.0,-65.0
1777891704.3243325,6.0,-5.0,-66.0
1777891704.3343325,5.0,-6.0,-67.0
1777891704.3443325,7.0,-6.0,-72.0
1777891704.3543324,8.0,-2.0,-72.0
1777891704.3643324,6.0,-6.0,-74.0
1777891704.3743324,10.0,-3.0,-73.0
1777891704.3843324,9.0,-3.0,-75.0
1777891704.3943324,10.0,-6.0,-75.0
1777891704.4043324,8.0,-4.0,-78.0
1777891704.4143324,5.0,-2.0,-78.0
1777891704.4243324,6.0,0.0,-75.0
1777891704.4343324,1.0,2.0,-69.0
1777891704.4443324,3.0,0.0,-72.0
1777891704.4543324,4.0,0.0,-68.0
1777891704.4643323,-1.0,2.0,-67.0
1777891704.4743323,-2.0,6.0,-65.0
1777891704.4843323,-3.0,4.0,-73.0
1777891704.4943323,-1.0,3.0,-75.0
1777891704.5043323,0.0,0.0,-79.0
1777891704.5143323,5.0,-3.0,-75.0
1777891704.5243323,6.0,0.0,-65.0
1777891704.5343325,7.0,-1.0,-60.0
1777891704.5443325,0.0,1.0,-59.0
1777891704.5543325,-1.0,0.0,-64.0
1777891704.5643325,0.0,-1.0,-67.0
1777891704.5743325,0.0,0.0,-74.0
1777891704.5843325,1.0,3.0,-73.0
1777891704.5943325,4.0,6.0,-72.0
1777891704.6043324,5.0,9.0,-74.0
1777891704.6143324,4.0,8.0,-76.0
1777891704.6243324,6.0,6.0,-75.0
1777891704.6343324,6.0,7.0,-75.0
1777891704.6443324,5.0,5.0,-74.0
1777891704.6543324,2.0,3.0,-69.0
1777891704.6643324,1.0,3.0,-71.0
1777891704.6743324,1.0,6.0,-79.0
1777891704.6843324,1.0,1.0,-85.0
1777891704.6943324,0.0,1.0,-77.0
1777891704.7043324,0.0,1.0,-65.0
1777891704.7143323,0.0,-1.0,-66.0
1777891704.7243323,1.0,-5.0,-65.0
1777891704.7343323,-1.0,-4.0,-68.0
1777891704.7443323,4.0,-2.0,-66.0
1777891704.7543323,6.0,0.0,-64.0
1777891704.7643323,5.0,-3.0,-65.0
1777891704.7743323,5.0,-2.0,-63.0
1777891704.7843325,0.0,-2.0,-65.0
1777891704.7943325,-1.0,-4.0,-60.0
1777891704.8043325,0.0,-5.0,-57.0
1777891704.8143325,1.0,0.0,-58.0
1777891704.8243325,0.0,0.0,-70.0
1777891704.8343325,2.0,0.0,-67.0
1777891704.8443325,3.0,2.0,-71.0
1777891704.8543324,-1.0,4.0,-67.0
1777891704.8643324,-3.0,6.0,-68.0
1777891704.8743324,1.0,2.0,-67.0
1777891704.8843324,2.0,0.0,-69.0
1777891704.8943324,0.0,1.0,-70.0
1777891704.9043324,-1.0,8.0,-67.0
1777891704.9143324,0.0,8.0,-60.0
1777891704.9243324,-3.0,7.0,-63.0
1777891704.9343324,-4.0,1.0,-68.0
1777891704.9443324,0.0,-4.0,-67.0
1777891704.9543324,0.0,-2.0,-65.0
1777891704.9643323,1.0,-5.0,-73.0
1777891704.9743323,3.0,-5.0,-75.0
1777891704.9843323,0.0,-4.0,-65.0
1777891704.9943323,3.0,-5.0,-67.0
1777891705.0043323,3.0,-5.0,-65.0
1777891705.0143323,6.0,-5.0,-67.0
1777891705.0243323,7.0,-2.0,-73.0
1777891705.0343325,6.0,-1.0,-79.0
1777891705.0443325,7.0,-4.0,-75.0
1777891705.0543325,7.0,-5.0,-73.0
1777891705.0643325,3.0,-6.0,-76.0
1777891705.0743325,-1.0,0.0,-77.0
1777891705.0843325,3.0,2.0,-85.0
1777891705.0943325,1.0,0.0,-84.0
1777891705.1043324,1.0,4.0,-84.0
1777891705.1143324,-6.0,5.0,-90.0
1777891705.1243324,-5.0,2.0,-85.0
1777891705.1343324,-5.0,-3.0,-78.0
1777891705.1443324,-2.0,-2.0,-65.0
1777891705.1543324,-1.0,0.0,-67.0
1777891705.1643324,0.0,0.0,-63.0
1777891705.1743324,-2.0,1.0,-66.0
1777891705.1843324,-4.0,0.0,-72.0
1777891705.1943324,-4.0,-3.0,-77.0
1777891705.2043324,-5.0,0.0,-77.0
1777891705.2143323,-4.0,0.0,-79.0
1777891705.2243323,-3.0,2.0,-81.0
1777891705.2343323,-2.0,3.0,-83.0
1777891705.2443323,0.0,4.0,-78.0
1777891705.2543323,-2.0,4.0,-76.0
1777891705.2643323,-7.0,3.0,-78.0
1777891705.2743323,-8.0,0.0,-83.0
1777891705.2843325,-3.0,0.0,-81.0
1777891705.2943325,-2.0,0.0,-83.0
1777891705.3043325,2.0,1.0,-87.0
1777891705.3143325,4.0,1.0,-85.0
1777891705.3243325,7.0,0.0,-77.0
1777891705.3343325,2.0,-1.0,-75.0
1777891705.3443325,-1.0,3.0,-79.0
1777891705.3543324,1.0,2.0,-80.0
1777891705.3643324,2.0,3.0,-79.0
1777891705.3743324,1.0,5.0,-75.0
1777891705.3843324,5.0,6.0,-73.0
1777891705.3943324,9.0,6.0,-66.0
1777891705.4043324,8.0,6.0,-70.0
1777891705.4143324,5.0,5.0,-71.0
1777891705.4243324,4.0,3.0,-70.0
1777891705.4343324,2.0,0.0,-67.0
1777891705.4443324,-1.0,-3.0,-71.0
1777891705.4543324,0.0,-2.0,-67.0
1777891705.4643323,-2.0,-8.0,-71.0
1777891705.4743323,-3.0,-6.0,-69.0
1777891705.4843323,-4.0,-2.0,-72.0
1777891705.4943323,-5.0,-2.0,-69.0
1777891705.5043323,-8.0,-1.0,-66.0
1777891705.5143323,-7.0,-4.0,-68.0
1777891705.5243323,-6.0,-6.0,-71.0
1777891705.5343325,-5.0,-1.0,-62.0
1777891705.5443325,-6.0,-2.0,-57.0
1777891705.5543325,-3.0,0.0,-56.0
1777891705.5643325,0.0,-5.0,-55.0
1777891705.5743325,-2.0,-5.0,-61.0
1777891705.5843325,-4.0,-5.0,-62.0
1777891705.5943325,0.0,-6.0,-62.0
1777891705.6043324,0.0,-1.0,-64.0
1777891705.6143324,2.0,0.0,-68.0
1777891705.6243324,3.0,2.0,-69.0
1777891705.6343324,5.0,0.0,-71.0
1777891705.6443324,5.0,-1.0,-72.0
1777891705.6543324,4.0,-3.0,-69.0
1777891705.6643324,-2.0,0.0,-73.0
1777891705.6743324,-3.0,0.0,-68.0
1777891705.6843324,-5.0,-1.0,-65.0
1777891705.6943324,-6.0,-4.0,-62.0
1777891705.7043324,-3.0,-4.0,-58.0
1777891705.7143323,0.0,-2.0,-57.0
1777891705.7243323,-1.0,-6.0,-54.0
1777891705.7343323,-3.0,-6.0,-57.0
1777891705.7443323,-8.0,-4.0,-62.0
1777891705.7543323,-9.0,-2.0,-57.0
1777891705.7643323,-8.0,-1.0,-67.0
1777891705.7743323,-8.0,-3.0,-77.0
1777891705.7843325,-6.0,-6.0,-83.0
1777891705.7943325,-1.0,-5.0,-79.0
1777891705.8043325,1.0,-8.0,-79.0
1777891705.8143325,0.0,-4.0,-78.0
1777891705.8243325,-1.0,-2.0,-72.0
1777891705.8343325,0.0,-5.0,-74.0
1777891705.8443325,0.0,-1.0,-74.0
1777891705.8543324,2.0,-1.0,-76.0
1777891705.8643324,2.0,0.0,-67.0
1777891705.8743324,3.0,-4.0,-69.0
1777891705.8843324,2.0,-6.0,-72.0
1777891705.8943324,2.0,-5.0,-74.0
1777891705.9043324,1.0,-1.0,-78.0
1777891705.9143324,1.0,-2.0,-76.0
1777891705.9243324,0.0,-1.0,-76.0
1777891705.9343324,-2.0,3.0,-75.0
1777891705.9443324,-3.0,6.0,-71.0
1777891705.9543324,2.0,6.0,-69.0
1777891705.9643323,3.0,3.0,-70.0
1777891705.9743323,4.0,3.0,-66.0
1777891705.9843323,7.0,0.0,-65.0
1777891705.9943323,2.0,0.0,-68.0
1777891706.0043323,3.0,-5.0,-64.0
1777891706.0143323,5.0,-5.0,-62.0
1777891706.0243323,8.0,-2.0,-68.0
1777891706.0343325,7.0,-3.0,-78.0
1777891706.0443325,8.0,-2.0,-76.0
1777891706.0543325,10.0,1.0,-77.0
1777891706.0643325,7.0,1.0,-76.0
1777891706.0743325,6.0,0.0,-73.0
1777891706.0843325,6.0,0.0,-70.0
1777891706.0943325,4.0,0.0,-70.0
1777891706.1043324,0.0,3.0,-77.0
1777891706.1143324,0.0,-1.0,-81.0
1777891706.1243324,3.0,-4.0,-81.0
1777891706.1343324,4.0,-4.0,-87.0
1777891706.1443324,4.0,-3.0,-86.0
1777891706.1543324,6.0,0.0,-81.0
1777891706.1643324,7.0,1.0,-75.0
1777891706.1743324,6.0,1.0,-76.0
1777891706.1853323,8.0,1.0,-71.0
1777891706.1943324,7.0,0.0,-73.0
1777891706.2053325,5.0,-1.0,-76.0
1777891706.2153325,7.0,-1.0,-74.0
1777891706.2253325,6.0,-4.0,-75.0
1777891706.2353325,2.0,-3.0,-76.0
1777891706.2453325,2.0,-5.0,-73.0
1777891706.2553325,2.0,-6.0,-71.0
1777891706.2653325,3.0,-6.0,-69.0
1777891706.2753325,4.0,-6.0,-74.0
1777891706.2853324,7.0,1.0,-71.0
1777891706.2953324,6.0,4.0,-70.0
1777891706.3053324,0.0,0.0,-68.0
1777891706.3153324,1.0,1.0,-69.0
1777891706.3253324,1.0,6.0,-67.0
1777891706.3353324,1.0,8.0,-59.0
1777891706.3453324,1.0,7.0,-65.0
1777891706.3553324,1.0,4.0,-69.0
1777891706.3653324,0.0,1.0,-74.0
1777891706.3753324,3.0,0.0,-79.0
1777891706.3853323,1.0,0.0,-78.0
1777891706.3953323,0.0,1.0,-79.0
1777891706.4053323,1.0,-4.0,-79.0
1777891706.4153323,2.0,-7.0,-75.0
1777891706.4253323,2.0,-7.0,-66.0
1777891706.4353323,1.0,-8.0,-73.0
1777891706.4453323,2.0,-5.0,-76.0
1777891706.4553325,1.0,-3.0,-79.0
1777891706.4653325,3.0,0.0,-71.0
1777891706.4753325,6.0,2.0,-70.0
1777891706.4853325,4.0,4.0,-65.0
1777891706.4953325,6.0,0.0,-72.0
1777891706.5053325,0.0,3.0,-75.0
1777891706.5153325,1.0,3.0,-75.0
1777891706.5253325,0.0,3.0,-67.0
1777891706.5353324,0.0,3.0,-73.0
1777891706.5453324,1.0,-2.0,-66.0
1777891706.5553324,-2.0,0.0,-61.0
1777891706.5653324,0.0,0.0,-66.0
1777891706.5753324,3.0,0.0,-71.0
1777891706.5853324,4.0,-2.0,-74.0
1777891706.5953324,0.0,0.0,-74.0
1777891706.6053324,2.0,6.0,-75.0
1777891706.6153324,3.0,7.0,-65.0
1777891706.6253324,3.0,0.0,-68.0
1777891706.6353323,4.0,0.0,-65.0
1777891706.6453323,8.0,1.0,-63.0
1777891706.6553323,9.0,3.0,-78.0
1777891706.6653323,13.0,1.0,-83.0
1777891706.6753323,11.0,0.0,-78.0
1777891706.6853323,12.0,-1.0,-77.0
1777891706.6953323,6.0,-1.0,-79.0
1777891706.7053325,7.0,0.0,-76.0
1777891706.7153325,5.0,0.0,-77.0
1777891706.7253325,-1.0,0.0,-78.0
1777891706.7353325,-6.0,1.0,-79.0
1777891706.7453325,-5.0,0.0,-73.0
1777891706.7553325,-6.0,-2.0,-83.0
1777891706.7653325,-8.0,-6.0,-79.0
1777891706.7753325,-6.0,-4.0,-77.0
1777891706.7853324,3.0,-5.0,-78.0
1777891706.7953324,3.0,-3.0,-76.0
1777891706.8053324,6.0,0.0,-80.0
1777891706.8153324,1.0,0.0,-78.0
1777891706.8253324,0.0,1.0,-70.0
1777891706.8353324,0.0,1.0,-66.0
1777891706.8453324,-2.0,0.0,-72.0
1777891706.8553324,0.0,-3.0,-65.0
1777891706.8653324,1.0,-1.0,-63.0
1777891706.8753324,3.0,0.0,-68.0
1777891706.8853323,4.0,0.0,-71.0
1777891706.8953323,4.0,0.0,-60.0
1777891706.9053323,7.0,0.0,-64.0
1777891706.9153323,5.0,5.0,-69.0
1777891706.9253323,4.0,6.0,-67.0
1777891706.9353323,3.0,3.0,-60.0
1777891706.9453323,0.0,-1.0,-61.0
1777891706.9553325,-3.0,0.0,-67.0
1777891706.9653325,2.0,-1.0,-65.0
1777891706.9753325,2.0,-3.0,-65.0
1777891706.9853325,3.0,-4.0,-68.0
1777891706.9953325,6.0,-2.0,-66.0
1777891707.0053325,4.0,1.0,-71.0
1777891707.0153325,3.0,3.0,-67.0
1777891707.0253325,1.0,2.0,-70.0
1777891707.0353324,-6.0,1.0,-70.0
1777891707.0453324,-6.0,0.0,-71.0
1777891707.0553324,-1.0,0.0,-70.0
1777891707.0653324,-4.0,1.0,-81.0
1777891707.0753324,-8.0,-2.0,-83.0
1777891707.0853324,-10.0,0.0,-87.0
1777891707.0953324,-3.0,-4.0,-83.0
1777891707.1053324,-2.0,-8.0,-80.0
1777891707.1153324,-2.0,-8.0,-82.0
1777891707.1253324,0.0,-4.0,-82.0
1777891707.1353323,3.0,-5.0,-86.0
1777891707.1453323,0.0,-3.0,-87.0
1777891707.1553323,2.0,-1.0,-84.0
1777891707.1653323,-1.0,-5.0,-85.0
1777891707.1753323,-2.0,-5.0,-80.0
1777891707.1853323,0.0,-5.0,-80.0
1777891707.1953323,0.0,-2.0,-85.0
1777891707.2053325,-2.0,1.0,-84.0
1777891707.2153325,0.0,0.0,-77.0
1777891707.2253325,-1.0,-1.0,-72.0
1777891707.2353325,-2.0,-3.0,-69.0
1777891707.2453325,1.0,-1.0,-74.0
1777891707.2553325,2.0,-1.0,-73.0
1777891707.2653325,4.0,0.0,-66.0
1777891707.2753325,6.0,0.0,-61.0
1777891707.2853324,2.0,-2.0,-61.0
1777891707.2953324,0.0,-1.0,-61.0
1777891707.3053324,2.0,0.0,-62.0
1777891707.3153324,1.0,3.0,-68.0
1777891707.3253324,-5.0,1.0,-69.0
1777891707.3353324,-3.0,0.0,-75.0
1777891707.3453324,-7.0,-3.0,-75.0
1777891707.3553324,-6.0,-3.0,-70.0
1777891707.3653324,-5.0,-1.0,-71.0
1777891707.3753324,-4.0,-2.0,-68.0
1777891707.3853323,0.0,-4.0,-71.0
1777891707.3953323,0.0,-3.0,-69.0
1777891707.4053323,2.0,-6.0,-68.0
1777891707.4153323,4.0,-5.0,-70.0
1777891707.4253323,8.0,-3.0,-69.0
1777891707.4353323,4.0,-1.0,-64.0
1777891707.4453323,0.0,-4.0,-57.0
1777891707.4553325,2.0,-3.0,-52.0
1777891707.4653325,0.0,0.0,-57.0
1777891707.4753325,3.0,0.0,-66.0
1777891707.4853325,7.0,0.0,-71.0
1777891707.4953325,5.0,7.0,-69.0
1777891707.5053325,4.0,8.0,-61.0
1777891707.5153325,0.0,6.0,-62.0
1777891707.5253325,1.0,6.0,-62.0
1777891707.5353324,0.0,5.0,-66.0
1777891707.5453324,0.0,6.0,-67.0
1777891707.5553324,6.0,1.0,-69.0
1777891707.5653324,5.0,0.0,-64.0
1777891707.5753324,3.0,2.0,-69.0
1777891707.5853324,2.0,1.0,-76.0
1777891707.5953324,4.0,1.0,-74.0
1777891707.6053324,5.0,0.0,-72.0
1777891707.6153324,4.0,0.0,-70.0
1777891707.6253324,3.0,3.0,-72.0
1777891707.6353323,8.0,4.0,-69.0
1777891707.6453323,5.0,5.0,-67.0
1777891707.6553323,5.0,4.0,-65.0
1777891707.6653323,1.0,3.0,-64.0
1777891707.6753323,-2.0,3.0,-74.0
1777891707.6853323,-2.0,5.0,-77.0
1777891707.6953323,1.0,2.0,-77.0
1777891707.7053325,4.0,2.0,-78.0
1777891707.7153325,9.0,-2.0,-84.0
1777891707.7253325,6.0,-7.0,-75.0
1777891707.7353325,5.0,-10.0,-70.0
1777891707.7453325,5.0,-5.0,-64.0
1777891707.7553325,6.0,-5.0,-63.0
1777891707.7653325,0.0,0.0,-66.0
1777891707.7753325,0.0,-3.0,-70.0
1777891707.7853324,0.0,-6.0,-69.0
1777891707.7953324,2.0,-3.0,-72.0
1777891707.8053324,2.0,-6.0,-77.0
1777891707.8153324,5.0,-5.0,-80.0
1777891707.8253324,7.0,-5.0,-83.0
1777891707.8353324,3.0,-2.0,-83.0
1777891707.8453324,2.0,-2.0,-79.0
1777891707.8553324,0.0,-4.0,-73.0
1777891707.8653324,0.0,-1.0,-71.0
1777891707.8753324,2.0,-2.0,-67.0
1777891707.8853323,4.0,-2.0,-58.0
1777891707.8953323,2.0,-3.0,-54.0
1777891707.9053323,1.0,-3.0,-59.0
1777891707.9153323,0.0,0.0,-64.0
1777891707.9253323,0.0,4.0,-66.0
1777891707.9353323,0.0,3.0,-64.0
1777891707.9453323,0.0,2.0,-64.0
1777891707.9553325,-6.0,1.0,-63.0
1777891707.9653325,-2.0,1.0,-64.0
1777891707.9753325,-3.0,0.0,-66.0
1777891707.9853325,0.0,-5.0,-65.0
1777891707.9953325,-1.0,-6.0,-62.0
1777891708.0053325,-4.0,-2.0,-61.0
1777891708.0153325,-4.0,0.0,-56.0
1777891708.0253325,-5.0,3.0,-58.0
1777891708.0353324,-2.0,0.0,-61.0
1777891708.0453324,-2.0,-3.0,-59.0
1777891708.0553324,-1.0,-2.0,-62.0
1777891708.0653324,2.0,0.0,-67.0
1777891708.0753324,4.0,-3.0,-72.0
1777891708.0853324,6.0,-1.0,-70.0
1777891708.0953324,9.0,0.0,-72.0
1777891708.1053324,10.0,0.0,-74.0
1777891708.1153324,13.0,1.0,-79.0
1777891708.1253324,10.0,2.0,-75.0
1777891708.1353323,7.0,0.0,-70.0
1777891708.1453323,6.0,2.0,-74.0
1777891708.1553323,3.0,6.0,-81.0
1777891708.1663325,1.0,6.0,-82.0
1777891708.1753323,3.0,2.0,-80.0
1777891708.1863325,6.0,-1.0,-76.0
1777891708.1953323,0.0,1.0,-66.0
1777891708.2063324,-1.0,-3.0,-68.0
1777891708.2163324,-3.0,-3.0,-74.0
1777891708.2263324,-1.0,-1.0,-80.0
1777891708.2363324,2.0,0.0,-80.0
1777891708.2463324,3.0,1.0,-79.0
1777891708.2563324,3.0,4.0,-81.0
1777891708.2663324,-2.0,7.0,-83.0
1777891708.2763324,-1.0,5.0,-83.0
1777891708.2863324,1.0,3.0,-81.0
1777891708.2963324,0.0,1.0,-79.0
1777891708.3063323,2.0,2.0,-80.0
1777891708.3163323,3.0,-1.0,-79.0
1777891708.3263323,3.0,-1.0,-82.0
1777891708.3363323,2.0,-2.0,-75.0
1777891708.3463323,1.0,-2.0,-76.0
1777891708.3563323,0.0,2.0,-71.0
1777891708.3663323,-2.0,3.0,-64.0
1777891708.3763323,0.0,1.0,-61.0
1777891708.3863325,3.0,4.0,-64.0
1777891708.3953323,5.0,2.0,-68.0
1777891708.4063325,9.0,0.0,-67.0
1777891708.4163325,10.0,1.0,-71.0
1777891708.4263325,4.0,0.0,-74.0
1777891708.4363325,0.0,0.0,-76.0
1777891708.4463325,0.0,0.0,-79.0
1777891708.4563324,1.0,0.0,-80.0
1777891708.4663324,0.0,-3.0,-78.0
1777891708.4763324,-3.0,-5.0,-81.0
1777891708.4863324,-1.0,1.0,-81.0
1777891708.4963324,4.0,3.0,-80.0
1777891708.5063324,5.0,3.0,-75.0
1777891708.5163324,6.0,5.0,-70.0
1777891708.5263324,3.0,3.0,-65.0
1777891708.5363324,-1.0,3.0,-68.0
1777891708.5463324,0.0,2.0,-75.0
1777891708.5563323,-2.0,0.0,-73.0
1777891708.5663323,-3.0,-2.0,-71.0
1777891708.5763323,-1.0,-2.0,-70.0
1777891708.5863323,0.0,-3.0,-68.0
1777891708.5963323,1.0,-3.0,-63.0
1777891708.6063323,1.0,-5.0,-67.0
1777891708.6163323,-1.0,0.0,-68.0
1777891708.6263323,-4.0,0.0,-65.0
1777891708.6363325,-5.0,1.0,-67.0
1777891708.6463325,-11.0,2.0,-68.0
1777891708.6563325,-8.0,6.0,-74.0
1777891708.6663325,-7.0,4.0,-70.0
1777891708.6763325,-9.0,3.0,-72.0
1777891708.6863325,-4.0,4.0,-76.0
1777891708.6963325,-5.0,1.0,-75.0
1777891708.7063324,-2.0,2.0,-77.0
1777891708.7163324,-6.0,-1.0,-79.0
1777891708.7263324,-4.0,1.0,-80.0
1777891708.7363324,-5.0,-2.0,-76.0
1777891708.7463324,-3.0,1.0,-77.0
1777891708.7563324,0.0,0.0,-65.0
1777891708.7663324,1.0,0.0,-65.0
1777891708.7763324,0.0,2.0,-59.0
1777891708.7863324,1.0,5.0,-60.0
1777891708.7963324,5.0,4.0,-62.0
1777891708.8063323,5.0,5.0,-62.0
1777891708.8163323,6.0,1.0,-60.0
1777891708.8263323,2.0,3.0,-63.0
1777891708.8363323,1.0,1.0,-64.0
1777891708.8463323,-1.0,-2.0,-64.0
1777891708.8563323,2.0,-3.0,-65.0
1777891708.8663323,7.0,-2.0,-61.0
1777891708.8763323,8.0,-4.0,-59.0
1777891708.8863325,11.0,-3.0,-62.0
1777891708.8963325,8.0,-3.0,-62.0
1777891708.9063325,9.0,-3.0,-63.0
1777891708.9163325,8.0,-6.0,-59.0
1777891708.9263325,10.0,-7.0,-63.0
1777891708.9363325,7.0,-3.0,-70.0
1777891708.9463325,5.0,-2.0,-73.0
1777891708.9563324,4.0,0.0,-77.0
1777891708.9663324,5.0,3.0,-83.0
1777891708.9763324,8.0,2.0,-78.0
1777891708.9863324,6.0,-3.0,-80.0
1777891708.9963324,4.0,-7.0,-73.0
1777891709.0063324,4.0,-6.0,-81.0
1777891709.0163324,1.0,-1.0,-83.0
1777891709.0263324,2.0,0.0,-84.0
1777891709.0363324,0.0,-1.0,-81.0
1777891709.0463324,1.0,-1.0,-81.0
1777891709.0563323,0.0,-7.0,-76.0
1777891709.0663323,-2.0,-1.0,-71.0
1777891709.0763323,-2.0,0.0,-71.0
1777891709.0863323,0.0,0.0,-67.0
1777891709.0963323,5.0,2.0,-68.0
1777891709.1063323,5.0,0.0,-70.0
1777891709.1163323,5.0,0.0,-75.0
1777891709.1263323,2.0,0.0,-81.0
1777891709.1363325,0.0,0.0,-77.0
1777891709.1463325,0.0,0.0,-71.0
1777891709.1563325,1.0,2.0,-65.0
1777891709.1663325,0.0,5.0,-69.0
1777891709.1763325,0.0,4.0,-67.0
1777891709.1863325,6.0,4.0,-75.0
1777891709.1963325,3.0,2.0,-79.0
1777891709.2063324,-1.0,0.0,-80.0
1777891709.2163324,0.0,0.0,-79.0
1777891709.2263324,0.0,-5.0,-80.0
1777891709.2363324,-2.0,-7.0,-81.0
1777891709.2463324,-1.0,-4.0,-76.0
1777891709.2563324,0.0,0.0,-74.0
1777891709.2663324,0.0,-4.0,-72.0
1777891709.2763324,4.0,-6.0,-70.0
1777891709.2863324,2.0,0.0,-72.0
1777891709.2963324,5.0,-2.0,-76.0
1777891709.3063323,1.0,2.0,-70.0
1777891709.3163323,2.0,4.0,-69.0
1777891709.3263323,-2.0,3.0,-70.0
1777891709.3363323,-2.0,0.0,-70.0
1777891709.3463323,0.0,0.0,-65.0
1777891709.3563323,0.0,-5.0,-62.0
1777891709.3663323,-2.0,-2.0,-64.0
1777891709.3763323,-1.0,-4.0,-70.0
1777891709.3863325,3.0,-2.0,-75.0
1777891709.3963325,2.0,-1.0,-76.0
1777891709.4063325,4.0,-1.0,-77.0
1777891709.4163325,4.0,0.0,-77.0
1777891709.4263325,3.0,2.0,-72.0
1777891709.4363325,4.0,1.0,-66.0
1777891709.4463325,1.0,0.0,-61.0
1777891709.4563324,3.0,0.0,-56.0
1777891709.4663324,1.0,0.0,-62.0
1777891709.4763324,0.0,-1.0,-69.0
1777891709.4863324,1.0,-1.0,-76.0
1777891709.4963324,4.0,-1.0,-75.0
1777891709.5063324,5.0,0.0,-69.0
1777891709.5163324,4.0,1.0,-71.0
1777891709.5263324,3.0,0.0,-69.0
1777891709.5363324,1.0,4.0,-65.0
1777891709.5463324,0.0,4.0,-63.0
1777891709.5563323,0.0,0.0,-59.0
1777891709.5663323,0.0,-5.0,-68.0
1777891709.5763323,-2.0,-3.0,-75.0
1777891709.5863323,0.0,-3.0,-78.0
1777891709.5963323,1.0,-2.0,-82.0
1777891709.6063323,-1.0,-3.0,-81.0
1777891709.6163323,-4.0,-6.0,-72.0
1777891709.6263323,-1.0,-3.0,-67.0
1777891709.6363325,-2.0,-2.0,-66.0
1777891709.6463325,-5.0,-2.0,-73.0
1777891709.6563325,-2.0,-2.0,-71.0
1777891709.6663325,0.0,1.0,-74.0
1777891709.6763325,0.0,1.0,-76.0
1777891709.6863325,-1.0,-3.0,-73.0
1777891709.6963325,5.0,-5.0,-72.0
1777891709.7073324,7.0,-5.0,-72.0
1777891709.7163324,6.0,-8.0,-74.0
1777891709.7263324,3.0,-6.0,-67.0
1777891709.7363324,-1.0,-3.0,-68.0
1777891709.7463324,0.0,-3.0,-71.0
1777891709.7563324,-1.0,-5.0,-70.0
1777891709.7663324,-1.0,-5.0,-75.0
1777891709.7763324,0.0,-1.0,-75.0
1777891709.7863324,0.0,-3.0,-74.0
1777891709.7963324,-2.0,0.0,-71.0
1777891709.8063323,-1.0,0.0,-69.0
1777891709.8163323,3.0,0.0,-71.0
1777891709.8263323,6.0,-1.0,-73.0
1777891709.8363323,3.0,-2.0,-78.0
1777891709.8463323,4.0,-2.0,-77.0
1777891709.8563323,4.0,-6.0,-78.0
1777891709.8663323,6.0,-8.0,-73.0
1777891709.8763323,3.0,-7.0,-69.0
1777891709.8863325,0.0,-3.0,-63.0
1777891709.8963325,-6.0,-2.0,-63.0
1777891709.9063325,-7.0,-2.0,-57.0
1777891709.9163325,-7.0,-5.0,-56.0
1777891709.9263325,-3.0,-4.0,-54.0
1777891709.9363325,-2.0,-6.0,-62.0
1777891709.9463325,0.0,-7.0,-64.0
1777891709.9563324,-1.0,-7.0,-69.0
1777891709.9663324,0.0,-3.0,-70.0
1777891709.9763324,2.0,-2.0,-68.0
1777891709.9863324,6.0,-4.0,-64.0
1777891709.9963324,4.0,-5.0,-63.0
1777891710.0063324,2.0,-10.0,-66.0
1777891710.0163324,1.0,-8.0,-76.0
1777891710.0263324,1.0,-10.0,-79.0
1777891710.0363324,3.0,-8.0,-81.0
1777891710.0463324,2.0,-4.0,-79.0
1777891710.0563323,4.0,-4.0,-71.0
1777891710.0663323,4.0,-3.0,-70.0
1777891710.0763323,0.0,-4.0,-69.0
1777891710.0863323,1.0,-3.0,-70.0
1777891710.0963323,7.0,-2.0,-76.0
1777891710.1063323,8.0,-1.0,-74.0
1777891710.1163323,4.0,-3.0,-77.0
1777891710.1263323,4.0,-6.0,-75.0
1777891710.1373324,8.0,-6.0,-76.0
1777891710.1463325,2.0,-2.0,-75.0
1777891710.1573324,2.0,-5.0,-75.0
1777891710.1663325,0.0,-6.0,-73.0
1777891710.1773324,2.0,-3.0,-80.0
1777891710.1873324,0.0,-2.0,-76.0
1777891710.1973324,0.0,-3.0,-71.0
1777891710.2073324,2.0,0.0,-72.0
1777891710.2173324,2.0,3.0,-73.0
1777891710.2273324,0.0,4.0,-72.0
1777891710.2373323,1.0,6.0,-68.0
1777891710.2473323,1.0,7.0,-70.0
1777891710.2573323,0.0,5.0,-76.0
1777891710.2673323,1.0,3.0,-77.0
1777891710.2773323,-1.0,-1.0,-74.0
1777891710.2873323,-5.0,0.0,-78.0
1777891710.2973323,-5.0,0.0,-77.0
1777891710.3073325,-5.0,1.0,-74.0
1777891710.3173325,-5.0,-1.0,-78.0
1777891710.3273325,-4.0,0.0,-76.0
1777891710.3373325,-4.0,2.0,-73.0
1777891710.3473325,0.0,4.0,-60.0
1777891710.3573325,-1.0,5.0,-62.0
1777891710.3673325,-4.0,3.0,-72.0
1777891710.3773324,-4.0,0.0,-73.0
1777891710.3873324,-6.0,-2.0,-72.0
1777891710.3973324,0.0,3.0,-69.0
1777891710.4073324,4.0,0.0,-66.0
1777891710.4173324,3.0,0.0,-64.0
1777891710.4273324,6.0,1.0,-64.0
1777891710.4373324,7.0,-4.0,-67.0
1777891710.4473324,7.0,-9.0,-63.0
1777891710.4573324,5.0,-9.0,-64.0
1777891710.4673324,4.0,-11.0,-73.0
1777891710.4773324,3.0,-8.0,-80.0
1777891710.4873323,3.0,-7.0,-75.0
1777891710.4973323,3.0,-9.0,-75.0
1777891710.5073323,1.0,-6.0,-79.0
1777891710.5173323,0.0,-3.0,-74.0
1777891710.5273323,-2.0,0.0,-73.0
1777891710.5373323,-3.0,-1.0,-72.0
1777891710.5473323,-1.0,3.0,-76.0
1777891710.5573325,0.0,6.0,-79.0
1777891710.5673325,0.0,5.0,-79.0
1777891710.5773325,1.0,6.0,-74.0
1777891710.5873325,0.0,3.0,-75.0
1777891710.5973325,0.0,-2.0,-82.0
1777891710.6073325,-1.0,-5.0,-77.0
1777891710.6173325,0.0,-6.0,-69.0
1777891710.6273324,3.0,-2.0,-66.0
1777891710.6373324,1.0,-1.0,-67.0
1777891710.6473324,1.0,0.0,-66.0
1777891710.6573324,0.0,1.0,-63.0
1777891710.6673324,-1.0,0.0,-64.0
1777891710.6773324,4.0,0.0,-63.0
1777891710.6873324,2.0,0.0,-69.0
1777891710.6973324,2.0,1.0,-70.0
1777891710.7073324,0.0,1.0,-78.0
1777891710.7173324,-1.0,2.0,-77.0
1777891710.7273324,-6.0,1.0,-77.0
1777891710.7373323,-2.0,2.0,-73.0
1777891710.7473323,0.0,0.0,-71.0
1777891710.7573323,1.0,-2.0,-67.0
1777891710.7673323,3.0,-5.0,-74.0
1777891710.7773323,1.0,-8.0,-65.0
1777891710.7873323,5.0,-7.0,-68.0
1777891710.7973323,3.0,-4.0,-72.0
1777891710.8073325,1.0,-5.0,-74.0
1777891710.8173325,2.0,-4.0,-73.0
1777891710.8273325,0.0,-4.0,-65.0
1777891710.8373325,-2.0,-6.0,-63.0
1777891710.8473325,-3.0,-4.0,-63.0
1777891710.8573325,-2.0,-4.0,-64.0
1777891710.8673325,-2.0,-2.0,-69.0
1777891710.8773324,-1.0,-6.0,-64.0
1777891710.8873324,0.0,-5.0,-69.0
1777891710.8973324,1.0,0.0,-69.0
1777891710.9073324,0.0,1.0,-71.0
1777891710.9173324,-4.0,0.0,-76.0
1777891710.9273324,-1.0,0.0,-76.0
1777891710.9373324,0.0,-3.0,-76.0
1777891710.9473324,-2.0,-2.0,-79.0
1777891710.9573324,-4.0,-2.0,-77.0
1777891710.9673324,-6.0,-2.0,-74.0
1777891710.9773324,-4.0,0.0,-81.0
1777891710.9873323,0.0,1.0,-71.0
1777891710.9973323,-1.0,4.0,-66.0
1777891711.0073323,0.0,7.0,-70.0
1777891711.0173323,1.0,3.0,-66.0
1777891711.0273323,0.0,5.0,-62.0
1777891711.0373323,0.0,3.0,-62.0
1777891711.0473323,-3.0,7.0,-71.0
1777891711.0573325,-2.0,5.0,-78.0
1777891711.0673325,-6.0,2.0,-82.0
1777891711.0773325,-5.0,2.0,-79.0
1777891711.0873325,-1.0,0.0,-81.0
1777891711.0973325,2.0,-2.0,-82.0
1777891711.1073325,0.0,-1.0,-71.0
1777891711.1173325,-1.0,-2.0,-74.0
1777891711.1273324,0.0,-2.0,-71.0
1777891711.1373324,-1.0,-5.0,-76.0
1777891711.1473324,0.0,-2.0,-73.0
1777891711.1573324,-2.0,-2.0,-70.0
1777891711.1673324,0.0,-4.0,-71.0
1777891711.1773324,-3.0,-2.0,-75.0
1777891711.1873324,-2.0,-2.0,-75.0
1777891711.1973324,-4.0,0.0,-66.0
1777891711.2073324,-2.0,2.0,-69.0
1777891711.2173324,-2.0,0.0,-74.0
1777891711.2273324,-2.0,-2.0,-75.0
1777891711.2373323,-3.0,-3.0,-68.0
1777891711.2473323,-3.0,-3.0,-70.0
1777891711.2573323,-6.0,-6.0,-69.0
1777891711.2673323,0.0,-7.0,-71.0
1777891711.2773323,1.0,-9.0,-75.0
1777891711.2873323,0.0,-10.0,-72.0
1777891711.2973323,0.0,-8.0,-74.0
1777891711.3073325,1.0,-4.0,-76.0
1777891711.3173325,2.0,-3.0,-72.0
1777891711.3273325,1.0,-4.0,-70.0
1777891711.3373325,7.0,-1.0,-66.0
1777891711.3473325,10.0,-3.0,-64.0
1777891711.3573325,17.0,-4.0,-61.0
1777891711.3673325,13.0,-1.0,-59.0
1777891711.3773324,7.0,0.0,-63.0
1777891711.3873324,5.0,3.0,-66.0
1777891711.3973324,3.0,3.0,-69.0
1777891711.4073324,0.0,2.0,-71.0
1777891711.4173324,0.0,0.0,-64.0
1777891711.4273324,0.0,0.0,-64.0
1777891711.4373324,5.0,0.0,-70.0
1777891711.4473324,6.0,0.0,-68.0
1777891711.4573324,3.0,-1.0,-71.0
1777891711.4673324,1.0,5.0,-73.0
1777891711.4773324,3.0,7.0,-69.0
1777891711.4873323,6.0,6.0,-69.0
1777891711.4973323,5.0,3.0,-71.0
1777891711.5073323,0.0,0.0,-69.0
1777891711.5173323,-1.0,-3.0,-74.0
1777891711.5273323,-7.0,-5.0,-73.0
1777891711.5373323,-4.0,-6.0,-76.0
1777891711.5473323,-1.0,-5.0,-79.0
1777891711.5573325,0.0,-2.0,-75.0
1777891711.5673325,0.0,0.0,-76.0
1777891711.5773325,-2.0,-1.0,-79.0
1777891711.5873325,-1.0,-1.0,-72.0
1777891711.5973325,-2.0,0.0,-75.0
1777891711.6073325,0.0,-2.0,-71.0
1777891711.6173325,-1.0,-1.0,-73.0
1777891711.6273324,2.0,-2.0,-81.0
1777891711.6373324,4.0,-2.0,-76.0
1777891711.6473324,2.0,-2.0,-73.0
1777891711.6573324,0.0,0.0,-71.0
1777891711.6673324,1.0,-4.0,-69.0
1777891711.6773324,1.0,-1.0,-71.0
1777891711.6873324,1.0,0.0,-75.0
1777891711.6973324,-1.0,-1.0,-71.0
1777891711.7073324,1.0,1.0,-67.0
1777891711.7173324,0.0,6.0,-66.0
1777891711.7273324,0.0,3.0,-60.0
1777891711.7373323,-1.0,1.0,-71.0
1777891711.7473323,-5.0,2.0,-83.0
1777891711.7573323,-7.0,0.0,-84.0
1777891711.7673323,-7.0,2.0,-81.0
1777891711.7773323,-1.0,2.0,-82.0
1777891711.7873323,1.0,4.0,-80.0
1777891711.7973323,0.0,2.0,-80.0
1777891711.8073325,1.0,0.0,-81.0
1777891711.8173325,3.0,-4.0,-79.0
1777891711.8273325,4.0,-5.0,-73.0
1777891711.8373325,6.0,-1.0,-77.0
1777891711.8473325,2.0,-1.0,-74.0
1777891711.8573325,3.0,-3.0,-71.0
1777891711.8673325,2.0,-4.0,-63.0
1777891711.8783324,5.0,-4.0,-62.0
1777891711.8873324,8.0,-3.0,-67.0
1777891711.8973324,7.0,-2.0,-69.0
1777891711.9073324,8.0,2.0,-76.0
1777891711.9173324,4.0,-5.0,-81.0
1777891711.9273324,4.0,-5.0,-80.0
1777891711.9373324,1.0,-6.0,-86.0
1777891711.9473324,2.0,-5.0,-81.0
1777891711.9573324,1.0,-4.0,-77.0
1777891711.9673324,2.0,-5.0,-78.0
1777891711.9773324,5.0,-9.0,-76.0
1777891711.9873323,2.0,-12.0,-77.0
1777891711.9973323,0.0,-10.0,-79.0
1777891712.0073323,1.0,-6.0,-76.0
1777891712.0173323,0.0,-4.0,-70.0
1777891712.0273323,4.0,-2.0,-64.0
1777891712.0373323,4.0,-2.0,-70.0
1777891712.0473323,3.0,-2.0,-73.0
1777891712.0573325,3.0,0.0,-68.0
1777891712.0673325,6.0,4.0,-74.0
1777891712.0773325,-1.0,2.0,-75.0
1777891712.0873325,-2.0,-2.0,-75.0
1777891712.0973325,-3.0,-4.0,-74.0
1777891712.1073325,-4.0,-5.0,-71.0
1777891712.1173325,-3.0,-4.0,-73.0
1777891712.1273324,-3.0,-5.0,-74.0
1777891712.1373324,2.0,-3.0,-74.0
1777891712.1483324,7.0,-3.0,-69.0
1777891712.1583323,8.0,-7.0,-65.0
1777891712.1683323,8.0,-1.0,-68.0
1777891712.1783323,0.0,-4.0,-73.0
1777891712.1883323,3.0,-2.0,-71.0
1777891712.1983323,6.0,-3.0,-69.0
1777891712.2083323,4.0,-4.0,-70.0
1777891712.2183323,4.0,-2.0,-64.0
1777891712.2283323,2.0,-1.0,-64.0
1777891712.2383325,2.0,-1.0,-63.0
1777891712.2483325,6.0,-1.0,-68.0
1777891712.2583325,4.0,-1.0,-75.0
1777891712.2683325,3.0,1.0,-74.0
1777891712.2783325,-3.0,0.0,-77.0
1777891712.2883325,4.0,1.0,-82.0
1777891712.2983325,3.0,0.0,-83.0
1777891712.3083324,1.0,0.0,-80.0
1777891712.3183324,4.0,0.0,-81.0
1777891712.3283324,7.0,-1.0,-73.0
1777891712.3383324,3.0,-2.0,-69.0
1777891712.3483324,0.0,0.0,-67.0
1777891712.3583324,-1.0,-1.0,-70.0
1777891712.3683324,1.0,-2.0,-75.0
1777891712.3783324,1.0,0.0,-75.0
1777891712.3883324,0.0,0.0,-78.0
1777891712.3983324,-3.0,-2.0,-78.0
1777891712.4083323,1.0,-2.0,-73.0
1777891712.4183323,0.0,-2.0,-72.0
1777891712.4283323,2.0,0.0,-68.0
1777891712.4383323,6.0,3.0,-71.0
1777891712.4483323,3.0,-1.0,-75.0
1777891712.4583323,5.0,0.0,-78.0
1777891712.4683323,5.0,0.0,-76.0
1777891712.4783323,4.0,5.0,-80.0
1777891712.4883325,4.0,3.0,-76.0
1777891712.4983325,1.0,2.0,-80.0
1777891712.5083325,-1.0,1.0,-75.0
1777891712.5183325,-1.0,-1.0,-73.0
1777891712.5283325,-1.0,0.0,-68.0
1777891712.5383325,2.0,0.0,-70.0
1777891712.5483325,0.0,-1.0,-72.0
1777891712.5583324,0.0,-5.0,-73.0
1777891712.5683324,-1.0,-5.0,-69.0
1777891712.5783324,2.0,-4.0,-68.0
1777891712.5883324,5.0,-3.0,-62.0
1777891712.5983324,7.0,-2.0,-59.0
1777891712.6083324,8.0,0.0,-66.0
1777891712.6183324,4.0,0.0,-72.0
1777891712.6283324,7.0,0.0,-72.0
1777891712.6383324,6.0,-2.0,-74.0
1777891712.6483324,7.0,-1.0,-71.0
1777891712.6583323,2.0,0.0,-70.0
1777891712.6683323,1.0,-1.0,-73.0
1777891712.6783323,-4.0,-3.0,-65.0
1777891712.6883323,-3.0,-2.0,-71.0
1777891712.6983323,-5.0,0.0,-73.0
1777891712.7083323,-4.0,3.0,-72.0
1777891712.7183323,-9.0,4.0,-71.0
1777891712.7283323,-6.0,3.0,-74.0
1777891712.7383325,-2.0,-3.0,-72.0
1777891712.7483325,0.0,-4.0,-70.0
1777891712.7573323,0.0,-4.0,-77.0
1777891712.7683325,0.0,-5.0,-81.0
1777891712.7783325,-3.0,-6.0,-75.0
1777891712.7883325,-8.0,-4.0,-78.0
1777891712.7983325,-7.0,-2.0,-76.0
1777891712.8083324,-5.0,-4.0,-79.0
1777891712.8183324,-2.0,-2.0,-80.0
1777891712.8283324,-1.0,0.0,-78.0
1777891712.8383324,-4.0,0.0,-75.0
1777891712.8483324,-5.0,0.0,-75.0
1777891712.8583324,-3.0,2.0,-75.0
1777891712.8683324,-1.0,3.0,-80.0
1777891712.8783324,-7.0,6.0,-80.0
1777891712.8883324,-7.0,2.0,-82.0
1777891712.8983324,-3.0,3.0,-81.0
1777891712.9083323,-3.0,0.0,-78.0
1777891712.9183323,-2.0,-2.0,-78.0
1777891712.9283323,-3.0,-6.0,-69.0
1777891712.9383323,-6.0,-3.0,-68.0
1777891712.9483323,-5.0,-3.0,-64.0
1777891712.9583323,-1.0,-2.0,-59.0
1777891712.9683323,-4.0,0.0,-60.0
1777891712.9783323,0.0,1.0,-61.0
1777891712.9883325,5.0,4.0,-59.0
1777891712.9983325,6.0,2.0,-63.0
1777891713.0083325,6.0,0.0,-70.0
1777891713.0183325,2.0,0.0,-78.0
1777891713.0283325,4.0,1.0,-82.0
1777891713.0383325,2.0,1.0,-84.0
1777891713.0483325,2.0,1.0,-77.0
1777891713.0583324,0.0,1.0,-76.0
1777891713.0683324,0.0,-2.0,-77.0
1777891713.0783324,5.0,0.0,-81.0
1777891713.0883324,1.0,0.0,-80.0
1777891713.0983324,-2.0,-2.0,-69.0
1777891713.1083324,0.0,0.0,-62.0
1777891713.1183324,-1.0,4.0,-60.0
1777891713.1283324,4.0,0.0,-61.0
1777891713.1383324,3.0,0.0,-55.0
1777891713.1483324,4.0,0.0,-62.0
1777891713.1583323,1.0,1.0,-63.0
1777891713.1683323,2.0,3.0,-63.0
1777891713.1783323,3.0,0.0,-69.0
1777891713.1883323,3.0,-1.0,-73.0
1777891713.1983323,3.0,-1.0,-75.0
1777891713.2083323,3.0,1.0,-68.0
1777891713.2183323,4.0,-2.0,-64.0
1777891713.2283323,4.0,-1.0,-67.0
1777891713.2383325,0.0,1.0,-67.0
1777891713.2483325,3.0,0.0,-69.0
1777891713.2583325,4.0,-1.0,-64.0
1777891713.2683325,0.0,-1.0,-74.0
1777891713.2783325,-1.0,0.0,-75.0
1777891713.2883325,0.0,0.0,-74.0
1777891713.2983325,5.0,-2.0,-68.0
1777891713.3083324,4.0,-2.0,-67.0
1777891713.3183324,2.0,0.0,-66.0
1777891713.3283324,5.0,2.0,-67.0
1777891713.3383324,4.0,4.0,-63.0
1777891713.3483324,6.0,6.0,-58.0
1777891713.3583324,11.0,8.0,-59.0
1777891713.3683324,11.0,9.0,-64.0
1777891713.3783324,6.0,10.0,-62.0
1777891713.3883324,4.0,9.0,-59.0
1777891713.3983324,3.0,4.0,-60.0
1777891713.4083323,3.0,4.0,-57.0
1777891713.4183323,5.0,1.0,-61.0
1777891713.4283323,2.0,-2.0,-60.0
1777891713.4383323,-3.0,-3.0,-62.0
1777891713.4483323,-2.0,-2.0,-57.0
1777891713.4583323,1.0,-1.0,-59.0
1777891713.4683323,4.0,0.0,-59.0
1777891713.4783323,-2.0,1.0,-54.0
1777891713.4883325,-1.0,0.0,-57.0
1777891713.4983325,-1.0,2.0,-66.0
1777891713.5083325,1.0,3.0,-66.0
1777891713.5183325,0.0,1.0,-64.0
1777891713.5283325,1.0,3.0,-65.0
1777891713.5383325,1.0,4.0,-61.0
1777891713.5483325,7.0,-2.0,-62.0
1777891713.5583324,4.0,-4.0,-70.0
1777891713.5683324,6.0,-3.0,-70.0
1777891713.5783324,8.0,-1.0,-71.0
1777891713.5883324,10.0,1.0,-63.0
1777891713.5983324,10.0,-2.0,-61.0
1777891713.6083324,4.0,-3.0,-68.0
1777891713.6183324,0.0,0.0,-68.0
1777891713.6283324,0.0,0.0,-74.0
1777891713.6383324,2.0,0.0,-74.0
1777891713.6483324,3.0,0.0,-67.0
1777891713.6583323,1.0,-1.0,-61.0
1777891713.6683323,0.0,3.0,-67.0
1777891713.6783323,2.0,3.0,-73.0
1777891713.6883323,3.0,5.0,-80.0
1777891713.6983323,2.0,1.0,-81.0
1777891713.7083323,4.0,2.0,-86.0
1777891713.7183323,0.0,1.0,-82.0
1777891713.7283323,0.0,2.0,-81.0
1777891713.7383325,-1.0,0.0,-74.0
1777891713.7483325,-4.0,0.0,-75.0
1777891713.7583325,-2.0,0.0,-72.0
1777891713.7683325,0.0,3.0,-77.0
1777891713.7783325,-1.0,1.0,-79.0
1777891713.7883325,0.0,0.0,-73.0
1777891713.7983325,-3.0,0.0,-72.0
1777891713.8083324,-3.0,0.0,-72.0
1777891713.8183324,-5.0,1.0,-72.0
1777891713.8283324,-6.0,1.0,-69.0
1777891713.8383324,-8.0,4.0,-72.0
1777891713.8483324,-4.0,0.0,-71.0
1777891713.8583324,-5.0,-1.0,-73.0
1777891713.8683324,-3.0,0.0,-80.0
1777891713.8783324,0.0,6.0,-83.0
1777891713.8883324,4.0,6.0,-84.0
1777891713.8983324,2.0,7.0,-84.0
1777891713.9083323,1.0,1.0,-81.0
1777891713.9183323,6.0,-3.0,-75.0
1777891713.9283323,12.0,-3.0,-75.0
1777891713.9383323,10.0,-3.0,-73.0
1777891713.9483323,8.0,-4.0,-70.0
1777891713.9583323,8.0,-6.0,-65.0
1777891713.9683323,6.0,-5.0,-78.0
1777891713.9783323,3.0,-3.0,-77.0
1777891713.9883325,-1.0,-2.0,-65.0
1777891713.9983325,-2.0,-1.0,-63.0
1777891714.0083325,-1.0,1.0,-61.0
1777891714.0183325,-1.0,3.0,-63.0
1777891714.0283325,-5.0,6.0,-69.0
1777891714.0383325,-1.0,3.0,-67.0
1777891714.0483325,0.0,1.0,-75.0
1777891714.0583324,2.0,0.0,-78.0
1777891714.0683324,0.0,-1.0,-77.0
1777891714.0783324,1.0,0.0,-80.0
1777891714.0883324,-3.0,-2.0,-81.0
1777891714.0983324,-4.0,-5.0,-79.0
1777891714.1083324,-1.0,-4.0,-70.0
1777891714.1193323,4.0,-3.0,-68.0
1777891714.1293323,4.0,-2.0,-66.0
1777891714.1383324,1.0,-1.0,-66.0
1777891714.1493323,3.0,-2.0,-65.0
1777891714.1593325,2.0,0.0,-68.0
1777891714.1693325,-2.0,1.0,-68.0
1777891714.1793325,1.0,3.0,-63.0
1777891714.1893325,1.0,3.0,-65.0
1777891714.1993325,0.0,5.0,-72.0
1777891714.2093325,0.0,5.0,-77.0
1777891714.2193325,-6.0,4.0,-78.0
1777891714.2293324,-5.0,2.0,-75.0
1777891714.2393324,-6.0,2.0,-75.0
1777891714.2493324,-4.0,1.0,-78.0
1777891714.2593324,-3.0,-1.0,-74.0
1777891714.2693324,-1.0,1.0,-68.0
1777891714.2793324,-1.0,1.0,-72.0
1777891714.2893324,-6.0,0.0,-81.0
1777891714.2993324,-7.0,1.0,-78.0
1777891714.3093324,-4.0,4.0,-76.0
1777891714.3193324,-2.0,2.0,-73.0
1777891714.3293324,-1.0,-5.0,-73.0
1777891714.3393323,-1.0,-5.0,-71.0
1777891714.3493323,3.0,-9.0,-70.0
1777891714.3593323,5.0,-6.0,-68.0
1777891714.3693323,3.0,-1.0,-74.0
1777891714.3793323,7.0,-1.0,-74.0
1777891714.3893323,8.0,-5.0,-75.0
1777891714.3993323,7.0,-1.0,-79.0
1777891714.4093325,11.0,0.0,-74.0
1777891714.4193325,8.0,-3.0,-70.0
1777891714.4293325,8.0,-2.0,-65.0
1777891714.4393325,10.0,-2.0,-67.0
1777891714.4493325,6.0,-3.0,-71.0
1777891714.4593325,1.0,0.0,-76.0
1777891714.4693325,1.0,-1.0,-71.0
1777891714.4793324,0.0,0.0,-67.0
1777891714.4893324,0.0,-1.0,-76.0
1777891714.4993324,2.0,5.0,-85.0
1777891714.5093324,2.0,6.0,-82.0
1777891714.5193324,0.0,3.0,-83.0
1777891714.5293324,1.0,0.0,-81.0
1777891714.5393324,1.0,-4.0,-86.0
1777891714.5493324,0.0,-4.0,-85.0
1777891714.5593324,-1.0,-3.0,-87.0
1777891714.5693324,-2.0,-2.0,-79.0
1777891714.5793324,-2.0,-2.0,-76.0
1777891714.5893323,-1.0,-3.0,-74.0
1777891714.5993323,0.0,-1.0,-72.0
1777891714.6093323,-1.0,3.0,-71.0
1777891714.6193323,0.0,3.0,-79.0
1777891714.6293323,4.0,4.0,-74.0
1777891714.6393323,2.0,6.0,-74.0
1777891714.6493323,2.0,7.0,-74.0
1777891714.6593325,0.0,5.0,-72.0
1777891714.6693325,0.0,4.0,-74.0
1777891714.6793325,4.0,6.0,-73.0
1777891714.6893325,8.0,9.0,-65.0
1777891714.6993325,8.0,9.0,-68.0
1777891714.7093325,2.0,8.0,-75.0
1777891714.7193325,2.0,5.0,-69.0
1777891714.7293324,0.0,9.0,-66.0
1777891714.7393324,0.0,10.0,-76.0
1777891714.7493324,3.0,12.0,-78.0
1777891714.7593324,6.0,12.0,-76.0
1777891714.7693324,2.0,8.0,-72.0
1777891714.7793324,2.0,6.0,-73.0
1777891714.7893324,-3.0,4.0,-77.0
1777891714.7993324,0.0,1.0,-84.0
1777891714.8093324,2.0,-2.0,-82.0
1777891714.8193324,3.0,-2.0,-79.0
1777891714.8293324,0.0,-2.0,-76.0
1777891714.8393323,0.0,1.0,-76.0
1777891714.8493323,3.0,2.0,-73.0
1777891714.8593323,4.0,2.0,-75.0
1777891714.8693323,5.0,0.0,-77.0
1777891714.8793323,3.0,0.0,-77.0
1777891714.8893323,2.0,-2.0,-77.0
1777891714.8993323,0.0,-2.0,-80.0
1777891714.9093325,-2.0,1.0,-74.0
1777891714.9193325,3.0,-1.0,-68.0
1777891714.9293325,2.0,-3.0,-73.0
1777891714.9393325,3.0,-2.0,-70.0
1777891714.9493325,6.0,-1.0,-59.0
1777891714.9593325,10.0,6.0,-55.0
1777891714.9693325,6.0,7.0,-61.0
1777891714.9793324,6.0,2.0,-66.0
1777891714.9893324,5.0,0.0,-66.0
1777891714.9993324,-2.0,0.0,-71.0
1777891715.0093324,-6.0,0.0,-70.0
1777891715.0193324,-3.0,0.0,-65.0
1777891715.0293324,1.0,-2.0,-67.0
1777891715.0393324,4.0,0.0,-69.0
1777891715.0493324,4.0,0.0,-71.0
1777891715.0593324,5.0,1.0,-73.0
1777891715.0693324,8.0,1.0,-73.0
1777891715.0793324,3.0,0.0,-71.0
1777891715.0893323,3.0,0.0,-66.0
1777891715.0993323,4.0,-2.0,-69.0
1777891715.1093323,5.0,-4.0,-71.0
1777891715.1193323,3.0,0.0,-68.0
1777891715.1293323,-2.0,-2.0,-69.0
1777891715.1393323,-1.0,-2.0,-65.0
1777891715.1493323,-1.0,-1.0,-67.0
1777891715.1593325,1.0,-4.0,-66.0
1777891715.1693325,0.0,-8.0,-64.0
1777891715.1793325,0.0,-3.0,-65.0
1777891715.1893325,0.0,-4.0,-71.0
1777891715.1993325,-2.0,-8.0,-64.0
1777891715.2093325,0.0,-7.0,-65.0
1777891715.2193325,0.0,-6.0,-72.0
1777891715.2293324,2.0,-6.0,-75.0
1777891715.2393324,5.0,-4.0,-68.0
1777891715.2493324,7.0,-4.0,-66.0
1777891715.2593324,5.0,-4.0,-71.0
1777891715.2693324,4.0,-5.0,-77.0
1777891715.2793324,2.0,0.0,-77.0
1777891715.2893324,4.0,0.0,-70.0
1777891715.2993324,6.0,0.0,-72.0
1777891715.3093324,4.0,0.0,-77.0
1777891715.3193324,5.0,1.0,-78.0
1777891715.3293324,2.0,5.0,-79.0
1777891715.3393323,2.0,7.0,-74.0
1777891715.3493323,2.0,3.0,-79.0
1777891715.3593323,-3.0,7.0,-76.0
1777891715.3693323,0.0,9.0,-74.0
1777891715.3793323,-2.0,5.0,-70.0
1777891715.3893323,0.0,3.0,-75.0
1777891715.3993323,1.0,6.0,-76.0
1777891715.4093325,1.0,0.0,-68.0
1777891715.4193325,0.0,0.0,-61.0
1777891715.4293325,0.0,0.0,-61.0
1777891715.4393325,2.0,-2.0,-55.0
1777891715.4493325,2.0,-4.0,-53.0
1777891715.4593325,3.0,-5.0,-62.0
1777891715.4693325,6.0,1.0,-69.0
1777891715.4793324,8.0,-1.0,-61.0
1777891715.4893324,4.0,-3.0,-64.0
1777891715.4993324,-2.0,-1.0,-71.0
1777891715.5093324,-3.0,0.0,-70.0
1777891715.5193324,1.0,-2.0,-68.0
1777891715.5293324,5.0,0.0,-65.0
1777891715.5393324,11.0,-5.0,-67.0
1777891715.5493324,13.0,-9.0,-67.0
1777891715.5593324,10.0,-6.0,-71.0
1777891715.5693324,7.0,0.0,-81.0
1777891715.5793324,0.0,-1.0,-79.0
1777891715.5893323,0.0,1.0,-79.0
1777891715.5993323,1.0,1.0,-72.0
1777891715.6093323,3.0,0.0,-69.0
1777891715.6193323,-2.0,-1.0,-73.0
1777891715.6293323,0.0,0.0,-71.0
1777891715.6393323,-3.0,-1.0,-72.0
1777891715.6493323,-6.0,-3.0,-75.0
1777891715.6593325,-4.0,-1.0,-70.0
1777891715.6693325,-1.0,2.0,-71.0
1777891715.6793325,2.0,0.0,-73.0
1777891715.6893325,4.0,3.0,-75.0
1777891715.6993325,8.0,4.0,-71.0
1777891715.7093325,4.0,5.0,-71.0
1777891715.7193325,3.0,5.0,-69.0
1777891715.7293324,-1.0,2.0,-77.0
1777891715.7393324,0.0,2.0,-73.0
1777891715.7493324,0.0,-1.0,-70.0
1777891715.7593324,0.0,-1.0,-69.0
1777891715.7693324,-1.0,-1.0,-67.0
1777891715.7793324,0.0,0.0,-70.0
1777891715.7893324,2.0,0.0,-68.0
1777891715.7993324,-1.0,1.0,-64.0
1777891715.8093324,-3.0,-3.0,-62.0
1777891715.8193324,-4.0,-3.0,-69.0
1777891715.8293324,-2.0,-2.0,-73.0
1777891715.8393323,-4.0,-5.0,-73.0
1777891715.8493323,-5.0,-2.0,-72.0
1777891715.8593323,-1.0,-5.0,-65.0
1777891715.8693323,-1.0,-3.0,-70.0
1777891715.8793323,-2.0,-1.0,-70.0
1777891715.8893323,0.0,-2.0,-58.0
1777891715.8993323,2.0,1.0,-59.0
1777891715.9093325,0.0,0.0,-58.0
1777891715.9193325,0.0,0.0,-63.0
1777891715.9293325,1.0,-1.0,-67.0
1777891715.9393325,6.0,0.0,-68.0
1777891715.9493325,4.0,1.0,-64.0
1777891715.9593325,0.0,1.0,-63.0
1777891715.9693325,4.0,6.0,-66.0
1777891715.9793324,2.0,10.0,-67.0
1777891715.9893324,2.0,4.0,-73.0
1777891715.9993324,0.0,2.0,-73.0
1777891716.0093324,0.0,-3.0,-81.0
1777891716.0193324,3.0,-1.0,-82.0
1777891716.0293324,3.0,-2.0,-79.0
1777891716.0393324,5.0,-1.0,-78.0
1777891716.0493324,4.0,1.0,-72.0
1777891716.0593324,4.0,5.0,-68.0
1777891716.0693324,5.0,2.0,-71.0
1777891716.0793324,6.0,2.0,-68.0
1777891716.0893323,8.0,0.0,-66.0
1777891716.0993323,6.0,-1.0,-62.0
1777891716.1093323,6.0,-6.0,-60.0
1777891716.1203325,3.0,-6.0,-62.0
1777891716.1303325,5.0,-6.0,-60.0
1777891716.1403325,7.0,-4.0,-58.0
1777891716.1503325,13.0,-4.0,-56.0
1777891716.1603324,14.0,-2.0,-59.0
1777891716.1703324,9.0,-2.0,-60.0
1777891716.1803324,4.0,-2.0,-64.0
1777891716.1903324,0.0,-1.0,-57.0
1777891716.2003324,-1.0,-3.0,-61.0
1777891716.2103324,4.0,-2.0,-63.0
1777891716.2203324,0.0,0.0,-67.0
1777891716.2303324,2.0,0.0,-66.0
1777891716.2403324,3.0,0.0,-66.0
1777891716.2503324,0.0,1.0,-68.0
1777891716.2603323,2.0,-2.0,-71.0
1777891716.2703323,3.0,-5.0,-64.0
1777891716.2803323,6.0,-3.0,-65.0
1777891716.2903323,2.0,0.0,-72.0
1777891716.3003323,0.0,-1.0,-77.0
1777891716.3103323,0.0,0.0,-81.0
1777891716.3203323,-1.0,-2.0,-75.0
1777891716.3303325,0.0,0.0,-77.0
1777891716.3403325,1.0,-2.0,-76.0
1777891716.3503325,0.0,-5.0,-76.0
1777891716.3603325,5.0,-2.0,-81.0
1777891716.3703325,9.0,1.0,-74.0
1777891716.3803325,11.0,-2.0,-79.0
1777891716.3903325,9.0,-4.0,-76.0
1777891716.4003325,3.0,-5.0,-78.0
1777891716.4103324,0.0,-5.0,-77.0
1777891716.4203324,-1.0,-3.0,-76.0
1777891716.4303324,-3.0,1.0,-75.0
1777891716.4403324,-2.0,1.0,-85.0
1777891716.4503324,-6.0,0.0,-89.0
1777891716.4603324,-9.0,0.0,-92.0
1777891716.4703324,-8.0,-1.0,-91.0
1777891716.4803324,-5.0,-6.0,-85.0
1777891716.4903324,-4.0,-5.0,-83.0
1777891716.5003324,0.0,-7.0,-81.0
1777891716.5103323,0.0,-4.0,-75.0
1777891716.5203323,1.0,-6.0,-74.0
1777891716.5303323,3.0,-6.0,-75.0
1777891716.5403323,6.0,-4.0,-83.0
1777891716.5503323,12.0,-3.0,-84.0
1777891716.5603323,9.0,-5.0,-76.0
1777891716.5703323,6.0,-6.0,-75.0
1777891716.5803325,7.0,-5.0,-76.0
1777891716.5903325,5.0,-2.0,-72.0
1777891716.6003325,9.0,-1.0,-77.0
1777891716.6103325,10.0,-2.0,-78.0
1777891716.6203325,8.0,-3.0,-77.0
1777891716.6303325,5.0,-4.0,-73.0
1777891716.6403325,1.0,-3.0,-72.0
1777891716.6503325,0.0,-3.0,-65.0
1777891716.6603324,4.0,1.0,-68.0
1777891716.6703324,-1.0,1.0,-72.0
1777891716.6803324,-1.0,5.0,-77.0
1777891716.6903324,-5.0,2.0,-81.0
1777891716.7003324,-1.0,0.0,-82.0
1777891716.7103324,0.0,-1.0,-87.0
1777891716.7203324,-2.0,-3.0,-85.0
1777891716.7303324,2.0,-3.0,-85.0
1777891716.7403324,1.0,-4.0,-79.0
1777891716.7503324,4.0,-2.0,-81.0
1777891716.7603323,2.0,0.0,-77.0
1777891716.7703323,3.0,3.0,-68.0
1777891716.7803323,2.0,4.0,-73.0
1777891716.7903323,3.0,-1.0,-73.0
1777891716.8003323,-1.0,1.0,-78.0
1777891716.8103323,3.0,-3.0,-83.0
1777891716.8203323,1.0,-6.0,-92.0
1777891716.8303325,6.0,-8.0,-90.0
1777891716.8403325,7.0,-6.0,-86.0
1777891716.8503325,6.0,-6.0,-82.0
1777891716.8603325,4.0,-3.0,-81.0
1777891716.8703325,3.0,-4.0,-73.0
1777891716.8803325,5.0,-2.0,-64.0
1777891716.8903325,5.0,0.0,-68.0
1777891716.9003325,1.0,0.0,-68.0
1777891716.9103324,0.0,-5.0,-67.0
1777891716.9203324,-1.0,-10.0,-71.0
1777891716.9303324,-1.0,-14.0,-68.0
1777891716.9403324,-2.0,-6.0,-71.0
1777891716.9503324,0.0,-7.0,-71.0
1777891716.9603324,6.0,-5.0,-73.0
1777891716.9703324,11.0,-3.0,-70.0
1777891716.9803324,7.0,-1.0,-71.0
1777891716.9903324,0.0,0.0,-84.0
1777891717.0003324,-1.0,0.0,-85.0
1777891717.0103323,-4.0,1.0,-84.0
1777891717.0203323,-1.0,3.0,-80.0
1777891717.0303323,-5.0,4.0,-79.0
1777891717.0403323,-9.0,4.0,-73.0
1777891717.0503323,-7.0,3.0,-76.0
1777891717.0603323,-2.0,3.0,-78.0
1777891717.0703323,-1.0,1.0,-75.0
1777891717.0803325,-2.0,0.0,-74.0
1777891717.0903325,0.0,3.0,-73.0
1777891717.1003325,-2.0,3.0,-67.0
1777891717.1103325,-6.0,3.0,-69.0
1777891717.1203325,-6.0,1.0,-73.0
1777891717.1303325,-6.0,2.0,-75.0
1777891717.1403325,-1.0,3.0,-72.0
1777891717.1503325,2.0,3.0,-72.0
1777891717.1603324,3.0,2.0,-74.0
1777891717.1703324,6.0,0.0,-74.0
1777891717.1803324,3.0,-5.0,-78.0
1777891717.1903324,2.0,-3.0,-72.0
1777891717.2003324,6.0,-3.0,-71.0
1777891717.2103324,4.0,-3.0,-70.0
1777891717.2203324,1.0,-4.0,-66.0
1777891717.2303324,2.0,-6.0,-70.0
1777891717.2403324,-1.0,-9.0,-73.0
1777891717.2503324,-3.0,-8.0,-73.0
1777891717.2603323,-1.0,-6.0,-76.0
1777891717.2703323,0.0,-3.0,-75.0
1777891717.2803323,-1.0,-3.0,-74.0
1777891717.2903323,1.0,-3.0,-69.0
1777891717.3003323,4.0,-1.0,-64.0
1777891717.3103323,3.0,0.0,-70.0
1777891717.3203323,2.0,4.0,-74.0
1777891717.3303325,0.0,1.0,-76.0
1777891717.3403325,0.0,-2.0,-80.0
1777891717.3503325,-3.0,0.0,-82.0
1777891717.3603325,1.0,0.0,-86.0
1777891717.3703325,0.0,0.0,-85.0
1777891717.3803325,2.0,1.0,-84.0
1777891717.3903325,1.0,1.0,-82.0
1777891717.4003325,1.0,0.0,-81.0
1777891717.4103324,3.0,3.0,-81.0
1777891717.4203324,2.0,4.0,-82.0
1777891717.4303324,2.0,6.0,-81.0
1777891717.4403324,-1.0,7.0,-78.0
1777891717.4503324,-2.0,5.0,-71.0
1777891717.4603324,-3.0,5.0,-70.0
1777891717.4703324,-2.0,4.0,-69.0
1777891717.4803324,1.0,2.0,-70.0
1777891717.4903324,1.0,0.0,-65.0
1777891717.5003324,0.0,0.0,-72.0
1777891717.5103323,-3.0,0.0,-78.0
1777891717.5203323,0.0,-3.0,-80.0
1777891717.5303323,0.0,-4.0,-81.0
1777891717.5403323,-3.0,-7.0,-80.0
1777891717.5503323,-4.0,-8.0,-78.0
1777891717.5603323,-1.0,0.0,-82.0
1777891717.5703323,4.0,-2.0,-80.0
1777891717.5803325,1.0,-4.0,-72.0
1777891717.5903325,-2.0,-4.0,-74.0
1777891717.6003325,-1.0,-3.0,-76.0
1777891717.6103325,-3.0,-6.0,-74.0
1777891717.6203325,-5.0,-5.0,-75.0
1777891717.6303325,0.0,-4.0,-71.0
1777891717.6403325,0.0,0.0,-69.0
1777891717.6503325,3.0,4.0,-69.0
1777891717.6603324,1.0,1.0,-71.0
1777891717.6703324,2.0,0.0,-73.0
1777891717.6803324,-2.0,-2.0,-75.0
1777891717.6903324,2.0,-1.0,-82.0
1777891717.7003324,-3.0,0.0,-76.0
1777891717.7103324,-6.0,0.0,-66.0
1777891717.7203324,0.0,0.0,-69.0
1777891717.7303324,0.0,-1.0,-75.0
1777891717.7403324,2.0,1.0,-70.0
1777891717.7503324,3.0,-2.0,-67.0
1777891717.7603323,0.0,-3.0,-69.0
1777891717.7703323,0.0,-2.0,-73.0
1777891717.7803323,0.0,0.0,-77.0
1777891717.7903323,2.0,4.0,-82.0
1777891717.8003323,0.0,4.0,-80.0
1777891717.8103323,2.0,2.0,-87.0
1777891717.8203323,3.0,5.0,-93.0
1777891717.8303325,4.0,3.0,-89.0
1777891717.8403325,8.0,2.0,-86.0
1777891717.8503325,8.0,2.0,-85.0
1777891717.8603325,8.0,5.0,-89.0
1777891717.8703325,11.0,3.0,-86.0
1777891717.8803325,12.0,0.0,-80.0
1777891717.8903325,12.0,0.0,-82.0
1777891717.9003325,10.0,0.0,-78.0
1777891717.9103324,9.0,-4.0,-77.0
1777891717.9203324,5.0,0.0,-72.0
1777891717.9303324,-1.0,-3.0,-79.0
1777891717.9403324,0.0,-4.0,-69.0
1777891717.9503324,1.0,-6.0,-65.0
1777891717.9603324,5.0,-8.0,-62.0
1777891717.9703324,4.0,-7.0,-56.0
1777891717.9803324,2.0,-1.0,-62.0
1777891717.9903324,1.0,-3.0,-65.0
1777891718.0003324,3.0,-1.0,-64.0
1777891718.0103323,3.0,-2.0,-61.0
1777891718.0203323,4.0,-3.0,-58.0
1777891718.0303323,1.0,0.0,-57.0
1777891718.0403323,0.0,0.0,-58.0
1777891718.0503323,1.0,0.0,-58.0
1777891718.0603323,-1.0,-2.0,-64.0
1777891718.0703323,0.0,-3.0,-68.0
1777891718.0803325,-2.0,-2.0,-68.0
1777891718.0903325,-6.0,-1.0,-69.0
1777891718.1003325,-6.0,-1.0,-70.0
1777891718.1103325,-4.0,-1.0,-75.0
1777891718.1213324,-3.0,-2.0,-73.0
1777891718.1303325,-2.0,0.0,-67.0
1777891718.1413324,0.0,-5.0,-65.0
1777891718.1513324,0.0,-5.0,-67.0
1777891718.1613324,-2.0,-5.0,-69.0
1777891718.1713324,2.0,-7.0,-67.0
1777891718.1813323,1.0,-7.0,-72.0
1777891718.1913323,-1.0,-6.0,-69.0
1777891718.2013323,-3.0,-2.0,-68.0
1777891718.2113323,-1.0,2.0,-68.0
1777891718.2213323,-2.0,3.0,-73.0
1777891718.2313323,-1.0,1.0,-69.0
1777891718.2413323,0.0,-3.0,-69.0
1777891718.2513323,1.0,-6.0,-64.0
1777891718.2613325,0.0,-4.0,-63.0
1777891718.2713325,0.0,-3.0,-61.0
1777891718.2813325,5.0,-7.0,-63.0
1777891718.2913325,2.0,-3.0,-64.0
1777891718.3013325,4.0,-8.0,-74.0
1777891718.3113325,4.0,-6.0,-76.0
1777891718.3213325,1.0,-3.0,-74.0
1777891718.3313324,3.0,0.0,-75.0
1777891718.3413324,5.0,2.0,-77.0
1777891718.3513324,3.0,5.0,-80.0
1777891718.3613324,1.0,1.0,-74.0
1777891718.3713324,0.0,-1.0,-74.0
1777891718.3813324,9.0,0.0,-75.0
1777891718.3913324,8.0,2.0,-73.0
1777891718.4013324,6.0,0.0,-68.0
1777891718.4113324,1.0,4.0,-66.0
1777891718.4213324,1.0,0.0,-64.0
1777891718.4313323,0.0,1.0,-61.0
1777891718.4413323,-2.0,1.0,-57.0
1777891718.4513323,-1.0,0.0,-56.0
1777891718.4613323,-5.0,-2.0,-56.0
1777891718.4713323,-3.0,-5.0,-64.0
1777891718.4813323,-3.0,-5.0,-60.0
1777891718.4913323,-2.0,-3.0,-63.0
1777891718.5013323,-2.0,-1.0,-65.0
1777891718.5113325,0.0,-1.0,-63.0
1777891718.5213325,3.0,-5.0,-61.0
1777891718.5313325,4.0,0.0,-66.0
1777891718.5413325,2.0,1.0,-63.0
1777891718.5513325,2.0,2.0,-66.0
1777891718.5613325,-2.0,3.0,-66.0
1777891718.5713325,-2.0,4.0,-71.0
1777891718.5813324,0.0,5.0,-68.0
1777891718.5913324,0.0,3.0,-69.0
1777891718.6013324,0.0,-2.0,-71.0
1777891718.6113324,0.0,-1.0,-73.0
1777891718.6213324,-4.0,-2.0,-74.0
1777891718.6313324,-3.0,-5.0,-74.0
1777891718.6413324,0.0,-8.0,-72.0
1777891718.6513324,0.0,-9.0,-72.0
1777891718.6613324,-4.0,-7.0,-76.0
1777891718.6713324,-2.0,-2.0,-71.0
1777891718.6813323,1.0,-3.0,-64.0
1777891718.6913323,0.0,-4.0,-68.0
1777891718.7013323,3.0,-4.0,-68.0
1777891718.7113323,4.0,-6.0,-74.0
1777891718.7213323,6.0,-3.0,-75.0
1777891718.7313323,4.0,-1.0,-73.0
1777891718.7413323,3.0,-2.0,-72.0
1777891718.7513323,3.0,2.0,-73.0
1777891718.7613325,1.0,0.0,-76.0
1777891718.7713325,-2.0,0.0,-80.0
1777891718.7813325,-4.0,0.0,-81.0
1777891718.7913325,-2.0,-2.0,-81.0
1777891718.8013325,0.0,-3.0,-77.0
1777891718.8113325,3.0,-2.0,-79.0
1777891718.8213325,4.0,-5.0,-80.0
1777891718.8313324,4.0,-8.0,-76.0
1777891718.8413324,2.0,-9.0,-76.0
1777891718.8513324,2.0,-5.0,-74.0
1777891718.8613324,0.0,-3.0,-75.0
1777891718.8713324,-4.0,-3.0,-78.0
1777891718.8813324,-1.0,-4.0,-80.0
1777891718.8913324,1.0,-7.0,-77.0
1777891718.9013324,0.0,-6.0,-79.0
1777891718.9113324,-3.0,-5.0,-79.0
1777891718.9213324,-1.0,-4.0,-74.0
1777891718.9313323,0.0,-4.0,-68.0
1777891718.9413323,-2.0,-8.0,-72.0
1777891718.9513323,-2.0,-7.0,-73.0
1777891718.9613323,-1.0,-2.0,-78.0
1777891718.9713323,4.0,-1.0,-75.0
1777891718.9813323,7.0,0.0,-71.0
1777891718.9913323,6.0,-4.0,-69.0
1777891719.0013323,8.0,-2.0,-72.0
1777891719.0113325,8.0,-1.0,-74.0
1777891719.0213325,10.0,0.0,-74.0
1777891719.0313325,6.0,1.0,-74.0
1777891719.0413325,8.0,1.0,-73.0
1777891719.0513325,17.0,0.0,-63.0
1777891719.0613325,14.0,3.0,-61.0
1777891719.0713325,10.0,0.0,-61.0
1777891719.0813324,12.0,0.0,-65.0
1777891719.0913324,10.0,-4.0,-67.0
1777891719.1013324,8.0,-7.0,-72.0
1777891719.1113324,10.0,-2.0,-71.0
1777891719.1213324,9.0,0.0,-70.0
1777891719.1313324,10.0,6.0,-70.0
1777891719.1413324,9.0,10.0,-71.0
1777891719.1513324,7.0,9.0,-69.0
1777891719.1613324,8.0,8.0,-65.0
1777891719.1713324,11.0,4.0,-70.0
1777891719.1813323,8.0,2.0,-70.0
1777891719.1913323,6.0,-1.0,-73.0
1777891719.2013323,8.0,0.0,-83.0
1777891719.2113323,9.0,2.0,-85.0
1777891719.2213323,6.0,2.0,-82.0
1777891719.2313323,4.0,4.0,-85.0
1777891719.2413323,-3.0,7.0,-84.0
1777891719.2513323,-7.0,3.0,-86.0
1777891719.2613325,-8.0,2.0,-79.0
1777891719.2713325,-9.0,0.0,-68.0
1777891719.2813325,-11.0,-1.0,-66.0
1777891719.2913325,-9.0,0.0,-68.0
1777891719.3013325,-5.0,0.0,-66.0
1777891719.3113325,-1.0,3.0,-70.0
1777891719.3213325,-3.0,4.0,-70.0
1777891719.3313324,-1.0,2.0,-64.0
1777891719.3413324,-1.0,1.0,-64.0
1777891719.3513324,-4.0,0.0,-69.0
1777891719.3613324,-4.0,1.0,-62.0
1777891719.3713324,-5.0,-1.0,-69.0
1777891719.3813324,-4.0,-3.0,-69.0
1777891719.3913324,-5.0,1.0,-68.0
1777891719.4013324,-3.0,0.0,-65.0
1777891719.4113324,0.0,-2.0,-64.0
1777891719.4213324,-5.0,-9.0,-71.0
1777891719.4313323,-9.0,-3.0,-60.0
1777891719.4413323,-6.0,-4.0,-64.0
1777891719.4513323,1.0,-5.0,-69.0
1777891719.4613323,6.0,-4.0,-73.0
1777891719.4713323,4.0,-1.0,-76.0
1777891719.4813323,2.0,-1.0,-75.0
1777891719.4913323,4.0,0.0,-70.0
1777891719.5013323,-3.0,0.0,-70.0
1777891719.5113325,-3.0,-3.0,-71.0
1777891719.5213325,-6.0,-3.0,-73.0
1777891719.5313325,-3.0,-3.0,-74.0
1777891719.5413325,-2.0,-2.0,-73.0
1777891719.5513325,-5.0,-6.0,-78.0
1777891719.5613325,-1.0,-6.0,-72.0
1777891719.5713325,1.0,-8.0,-69.0
1777891719.5813324,-1.0,-9.0,-64.0
1777891719.5913324,-4.0,-7.0,-61.0
1777891719.6013324,-4.0,0.0,-63.0
1777891719.6113324,1.0,0.0,-62.0
1777891719.6213324,0.0,-1.0,-67.0
1777891719.6313324,0.0,2.0,-70.0
1777891719.6413324,2.0,1.0,-75.0
1777891719.6513324,3.0,0.0,-79.0
1777891719.6613324,8.0,-3.0,-79.0
1777891719.6713324,8.0,-2.0,-80.0
1777891719.6813323,7.0,0.0,-78.0
1777891719.6913323,5.0,0.0,-73.0
1777891719.7013323,-1.0,0.0,-73.0
1777891719.7113323,-4.0,1.0,-80.0
1777891719.7213323,-4.0,0.0,-79.0
1777891719.7313323,-5.0,-2.0,-81.0
1777891719.7413323,0.0,-6.0,-78.0
1777891719.7513323,5.0,-3.0,-80.0
1777891719.7613325,7.0,-4.0,-83.0
1777891719.7713325,4.0,-4.0,-79.0
1777891719.7813325,1.0,-5.0,-76.0
1777891719.7913325,2.0,-3.0,-76.0
1777891719.8013325,0.0,-5.0,-72.0
1777891719.8113325,1.0,-3.0,-68.0
1777891719.8213325,0.0,-1.0,-65.0
1777891719.8313324,0.0,-2.0,-66.0
1777891719.8413324,0.0,-2.0,-64.0
1777891719.8513324,0.0,-4.0,-71.0
1777891719.8613324,3.0,-4.0,-72.0
1777891719.8713324,7.0,0.0,-76.0
1777891719.8813324,6.0,1.0,-76.0
1777891719.8913324,2.0,-2.0,-68.0
1777891719.9013324,0.0,-4.0,-64.0
1777891719.9113324,1.0,-3.0,-63.0
1777891719.9213324,0.0,-2.0,-64.0
1777891719.9313323,1.0,0.0,-61.0
1777891719.9413323,0.0,0.0,-63.0
1777891719.9513323,4.0,0.0,-71.0
1777891719.9613323,7.0,-1.0,-77.0
1777891719.9713323,6.0,-2.0,-79.0
1777891719.9813323,3.0,-3.0,-82.0
1777891719.9913323,6.0,-2.0,-86.0
1777891720.0013323,5.0,0.0,-84.0
1777891720.0113325,5.0,1.0,-87.0
1777891720.0213325,4.0,-4.0,-77.0
1777891720.0313325,1.0,-5.0,-71.0
1777891720.0413325,2.0,-6.0,-70.0
1777891720.0513325,-3.0,-1.0,-74.0
1777891720.0613325,-4.0,0.0,-78.0
1777891720.0713325,-2.0,0.0,-75.0
1777891720.0813324,-7.0,-1.0,-74.0
1777891720.0913324,-4.0,-4.0,-73.0
1777891720.1023324,-4.0,-3.0,-77.0
1777891720.1113324,-1.0,2.0,-75.0
1777891720.1223323,2.0,4.0,-75.0
1777891720.1323323,4.0,0.0,-76.0
1777891720.1423323,8.0,0.0,-71.0
1777891720.1523323,9.0,-3.0,-66.0
1777891720.1623323,5.0,-5.0,-68.0
1777891720.1723323,4.0,-7.0,-67.0
1777891720.1823325,3.0,-4.0,-72.0
1777891720.1923325,0.0,-3.0,-73.0
1777891720.2023325,0.0,0.0,-75.0
1777891720.2123325,0.0,-1.0,-76.0
1777891720.2223325,3.0,-5.0,-75.0
1777891720.2323325,3.0,-7.0,-70.0
1777891720.2423325,5.0,-4.0,-68.0
1777891720.2523324,3.0,-6.0,-71.0
1777891720.2623324,0.0,-10.0,-73.0
1777891720.2723324,0.0,-7.0,-72.0
1777891720.2823324,0.0,-1.0,-82.0
1777891720.2923324,0.0,-2.0,-84.0
1777891720.3023324,-2.0,0.0,-87.0
1777891720.3123324,-7.0,2.0,-87.0
1777891720.3223324,-5.0,0.0,-81.0
1777891720.3323324,-1.0,0.0,-76.0
1777891720.3423324,0.0,2.0,-68.0
1777891720.3523324,2.0,2.0,-68.0
1777891720.3623323,-2.0,4.0,-69.0
1777891720.3723323,-5.0,2.0,-72.0
1777891720.3823323,-3.0,2.0,-76.0
1777891720.3923323,-2.0,-1.0,-67.0
1777891720.4023323,-2.0,0.0,-65.0
1777891720.4123323,-1.0,0.0,-68.0
1777891720.4223323,-2.0,0.0,-64.0
1777891720.4323325,0.0,-3.0,-65.0
1777891720.4423325,-8.0,-5.0,-65.0
1777891720.4523325,-5.0,-2.0,-70.0
1777891720.4623325,-2.0,-1.0,-73.0
1777891720.4723325,0.0,0.0,-80.0
1777891720.4823325,4.0,0.0,-83.0
1777891720.4923325,1.0,0.0,-76.0
1777891720.5023324,2.0,2.0,-75.0
1777891720.5123324,1.0,2.0,-78.0
1777891720.5223324,1.0,5.0,-77.0
1777891720.5323324,0.0,2.0,-74.0
1777891720.5423324,2.0,4.0,-70.0
1777891720.5523324,1.0,1.0,-67.0
1777891720.5623324,1.0,1.0,-68.0
1777891720.5723324,-1.0,2.0,-69.0
1777891720.5823324,0.0,0.0,-70.0
1777891720.5923324,3.0,-4.0,-76.0
1777891720.6023324,5.0,-8.0,-73.0
1777891720.6123323,0.0,-6.0,-68.0
1777891720.6223323,6.0,-6.0,-78.0
1777891720.6323323,9.0,-1.0,-79.0
1777891720.6423323,6.0,2.0,-80.0
1777891720.6523323,0.0,2.0,-85.0
1777891720.6623323,0.0,1.0,-90.0
1777891720.6723323,1.0,4.0,-89.0
1777891720.6823325,4.0,0.0,-88.0
1777891720.6923325,6.0,-2.0,-79.0
1777891720.7023325,2.0,-6.0,-82.0
1777891720.7123325,2.0,-5.0,-78.0
1777891720.7223325,0.0,-5.0,-74.0
1777891720.7323325,4.0,-4.0,-76.0
1777891720.7423325,5.0,-5.0,-73.0
1777891720.7523324,7.0,-4.0,-63.0
1777891720.7623324,3.0,-1.0,-63.0
1777891720.7723324,4.0,-3.0,-64.0
1777891720.7823324,3.0,-5.0,-63.0
1777891720.7923324,8.0,-2.0,-70.0
1777891720.8023324,5.0,0.0,-74.0
1777891720.8123324,2.0,-1.0,-70.0
1777891720.8223324,0.0,-1.0,-66.0
1777891720.8323324,5.0,2.0,-73.0
1777891720.8423324,5.0,0.0,-74.0
1777891720.8523324,8.0,-3.0,-76.0
1777891720.8623323,5.0,-4.0,-72.0
1777891720.8723323,3.0,-3.0,-71.0
1777891720.8823323,0.0,-5.0,-74.0
1777891720.8923323,0.0,-4.0,-68.0
1777891720.9023323,0.0,-2.0,-72.0
1777891720.9123323,1.0,-1.0,-79.0
1777891720.9223323,5.0,0.0,-73.0
1777891720.9323325,4.0,-1.0,-68.0
1777891720.9423325,4.0,-3.0,-72.0
1777891720.9523325,3.0,1.0,-78.0
1777891720.9623325,7.0,-1.0,-75.0
1777891720.9723325,7.0,-5.0,-75.0
1777891720.9823325,10.0,-3.0,-67.0
1777891720.9923325,9.0,0.0,-71.0
1777891721.0023324,8.0,-1.0,-72.0
1777891721.0123324,6.0,0.0,-80.0
1777891721.0223324,2.0,-3.0,-74.0
1777891721.0323324,2.0,-6.0,-72.0
1777891721.0423324,3.0,-5.0,-67.0
1777891721.0523324,3.0,-5.0,-70.0
1777891721.0623324,1.0,-4.0,-66.0
1777891721.0723324,5.0,0.0,-71.0
1777891721.0823324,3.0,0.0,-65.0
1777891721.0923324,0.0,0.0,-64.0
1777891721.1023324,2.0,3.0,-67.0
1777891721.1123323,4.0,2.0,-70.0
1777891721.1223323,11.0,3.0,-71.0
1777891721.1323323,0.0,-1.0,-67.0
1777891721.1423323,-1.0,-2.0,-65.0
1777891721.1523323,-2.0,1.0,-68.0
1777891721.1623323,-1.0,0.0,-66.0
1777891721.1723323,0.0,2.0,-67.0
1777891721.1823325,0.0,5.0,-69.0
1777891721.1923325,0.0,1.0,-72.0
1777891721.2023325,2.0,0.0,-71.0
1777891721.2123325,1.0,0.0,-75.0
1777891721.2223325,0.0,1.0,-74.0
1777891721.2323325,1.0,0.0,-70.0
1777891721.2423325,0.0,-2.0,-68.0
1777891721.2523324,1.0,-6.0,-65.0
1777891721.2623324,-1.0,-4.0,-64.0
1777891721.2723324,-1.0,-7.0,-71.0
1777891721.2823324,-1.0,-2.0,-73.0
1777891721.2923324,-1.0,-2.0,-74.0
1777891721.3023324,1.0,0.0,-74.0
1777891721.3123324,7.0,-3.0,-80.0
1777891721.3223324,5.0,-2.0,-78.0
1777891721.3323324,2.0,0.0,-81.0
1777891721.3423324,1.0,2.0,-79.0
1777891721.3523324,2.0,1.0,-80.0
1777891721.3623323,0.0,3.0,-82.0
1777891721.3723323,0.0,4.0,-81.0
1777891721.3823323,0.0,3.0,-82.0
1777891721.3923323,2.0,5.0,-76.0
1777891721.4023323,4.0,3.0,-78.0
1777891721.4123323,2.0,-1.0,-72.0
1777891721.4223323,3.0,0.0,-69.0
1777891721.4323325,3.0,-2.0,-73.0
1777891721.4423325,1.0,0.0,-76.0
1777891721.4523325,5.0,0.0,-78.0
1777891721.4623325,2.0,-3.0,-81.0
1777891721.4723325,-1.0,-3.0,-75.0
1777891721.4823325,0.0,-1.0,-70.0
1777891721.4923325,-1.0,-2.0,-67.0
1777891721.5023324,3.0,-5.0,-68.0
1777891721.5123324,4.0,-7.0,-67.0
1777891721.5223324,5.0,-7.0,-68.0
1777891721.5323324,0.0,-8.0,-67.0
1777891721.5423324,0.0,-6.0,-64.0
1777891721.5523324,0.0,-7.0,-67.0
1777891721.5623324,-3.0,-7.0,-63.0
1777891721.5723324,-6.0,-8.0,-66.0
1777891721.5823324,-4.0,-11.0,-68.0
1777891721.5923324,-4.0,-10.0,-69.0
1777891721.6023324,-1.0,-7.0,-65.0
1777891721.6123323,-1.0,-7.0,-67.0
1777891721.6223323,-2.0,-3.0,-66.0
1777891721.6323323,-1.0,-7.0,-76.0
1777891721.6423323,-3.0,-11.0,-77.0
1777891721.6523323,-1.0,-8.0,-75.0
1777891721.6623323,-1.0,-3.0,-72.0
1777891721.6723323,0.0,-5.0,-73.0
1777891721.6823325,0.0,-6.0,-75.0
1777891721.6923325,-2.0,-3.0,-70.0
1777891721.7023325,-1.0,1.0,-75.0
1777891721.7123325,-6.0,6.0,-77.0
1777891721.7223325,0.0,6.0,-75.0
1777891721.7323325,8.0,4.0,-68.0
1777891721.7423325,9.0,4.0,-71.0
1777891721.7523324,3.0,1.0,-74.0
1777891721.7623324,2.0,0.0,-74.0
1777891721.7723324,0.0,0.0,-77.0
1777891721.7823324,2.0,1.0,-76.0
1777891721.7923324,5.0,0.0,-77.0
1777891721.8023324,3.0,-2.0,-77.0
1777891721.8123324,3.0,-9.0,-74.0
1777891721.8223324,0.0,-8.0,-80.0
1777891721.8323324,-1.0,-6.0,-76.0
1777891721.8423324,-3.0,-7.0,-70.0
1777891721.8533323,-4.0,-6.0,-72.0
1777891721.8623323,0.0,-6.0,-71.0
1777891721.8723323,0.0,1.0,-78.0
1777891721.8823323,0.0,1.0,-80.0
1777891721.8923323,-1.0,-1.0,-76.0
1777891721.9023323,0.0,-3.0,-73.0
1777891721.9123323,2.0,-6.0,-70.0
1777891721.9223323,4.0,-4.0,-64.0
1777891721.9323325,6.0,-4.0,-64.0
1777891721.9423325,1.0,-2.0,-66.0
1777891721.9523325,1.0,-1.0,-64.0
1777891721.9623325,0.0,-9.0,-67.0
1777891721.9723325,-3.0,-6.0,-68.0
1777891721.9823325,-2.0,-6.0,-70.0
1777891721.9923325,-3.0,-5.0,-65.0
1777891722.0023324,-2.0,-2.0,-64.0
1777891722.0123324,0.0,0.0,-59.0
1777891722.0223324,1.0,-3.0,-62.0
1777891722.0323324,0.0,0.0,-66.0
1777891722.0423324,1.0,-5.0,-70.0
1777891722.0523324,0.0,-9.0,-75.0
1777891722.0623324,0.0,-8.0,-84.0
1777891722.0723324,1.0,-11.0,-79.0
1777891722.0833323,2.0,-8.0,-77.0
1777891722.0923324,3.0,-5.0,-83.0
1777891722.1023324,8.0,-6.0,-80.0
1777891722.1133325,13.0,-3.0,-83.0
1777891722.1233325,10.0,-5.0,-80.0
1777891722.1333325,6.0,-7.0,-79.0
1777891722.1433325,2.0,-4.0,-75.0
1777891722.1533325,1.0,-2.0,-73.0
1777891722.1633325,0.0,-7.0,-69.0
1777891722.1733325,2.0,-8.0,-63.0
1777891722.1833324,6.0,-4.0,-69.0
1777891722.1933324,5.0,-1.0,-81.0
1777891722.2033324,4.0,-2.0,-82.0
1777891722.2133324,8.0,0.0,-82.0
1777891722.2233324,10.0,3.0,-80.0
1777891722.2333324,7.0,8.0,-76.0
1777891722.2433324,4.0,5.0,-68.0
1777891722.2533324,3.0,1.0,-70.0
1777891722.2633324,2.0,1.0,-73.0
1777891722.2733324,2.0,4.0,-71.0
1777891722.2833323,-1.0,1.0,-65.0
1777891722.2933323,-8.0,0.0,-65.0
1777891722.3033323,-6.0,0.0,-72.0
1777891722.3133323,0.0,-3.0,-76.0
1777891722.3233323,2.0,-3.0,-71.0
1777891722.3333323,4.0,-5.0,-66.0
1777891722.3433323,3.0,-6.0,-72.0
1777891722.3533323,0.0,-3.0,-73.0
1777891722.3633325,-5.0,-1.0,-73.0
1777891722.3733325,-6.0,0.0,-73.0
1777891722.3833325,-3.0,0.0,-72.0
1777891722.3933325,-1.0,0.0,-69.0
1777891722.4033325,4.0,0.0,-70.0
1777891722.4133325,3.0,0.0,-68.0
1777891722.4233325,0.0,-3.0,-64.0
1777891722.4333324,0.0,-6.0,-60.0
1777891722.4433324,0.0,-6.0,-60.0
1777891722.4533324,-4.0,-6.0,-62.0
1777891722.4633324,-2.0,-3.0,-68.0
1777891722.4733324,-3.0,-3.0,-70.0
1777891722.4833324,-1.0,-7.0,-66.0
1777891722.4933324,-2.0,-5.0,-73.0
1777891722.5033324,-2.0,0.0,-73.0
1777891722.5133324,-2.0,0.0,-74.0
1777891722.5233324,-3.0,-1.0,-73.0
1777891722.5333323,-3.0,0.0,-82.0
1777891722.5433323,1.0,0.0,-79.0
1777891722.5533323,0.0,0.0,-85.0
1777891722.5633323,0.0,-1.0,-88.0
1777891722.5733323,0.0,-3.0,-84.0
1777891722.5833323,-3.0,-2.0,-83.0
1777891722.5933323,-5.0,-1.0,-80.0
1777891722.6033323,-4.0,-2.0,-77.0
1777891722.6133325,0.0,-6.0,-78.0
1777891722.6233325,0.0,-9.0,-75.0
1777891722.6333325,1.0,-6.0,-73.0
1777891722.6433325,2.0,0.0,-74.0
1777891722.6533325,0.0,0.0,-78.0
1777891722.6633325,0.0,0.0,-81.0
1777891722.6733325,0.0,-2.0,-75.0
1777891722.6833324,-2.0,-7.0,-66.0
1777891722.6933324,0.0,0.0,-59.0
1777891722.7033324,3.0,-1.0,-63.0
1777891722.7133324,2.0,-2.0,-67.0
1777891722.7233324,4.0,-3.0,-73.0
1777891722.7333324,2.0,0.0,-78.0
1777891722.7433324,3.0,0.0,-69.0
1777891722.7533324,0.0,1.0,-65.0
1777891722.7633324,0.0,0.0,-64.0
1777891722.7733324,-5.0,2.0,-59.0
1777891722.7833323,-1.0,1.0,-67.0
1777891722.7933323,0.0,0.0,-57.0
1777891722.8033323,6.0,1.0,-60.0
1777891722.8133323,5.0,2.0,-65.0
1777891722.8233323,3.0,0.0,-59.0
1777891722.8333323,7.0,0.0,-64.0
1777891722.8433323,5.0,-2.0,-71.0
1777891722.8533323,7.0,-4.0,-70.0
1777891722.8633325,5.0,-5.0,-76.0
1777891722.8733325,0.0,-2.0,-72.0
1777891722.8833325,-4.0,-1.0,-68.0
1777891722.8933325,0.0,0.0,-72.0
1777891722.9033325,5.0,1.0,-70.0
1777891722.9133325,6.0,1.0,-69.0
1777891722.9233325,5.0,0.0,-60.0
1777891722.9333324,0.0,2.0,-64.0
1777891722.9433324,-6.0,3.0,-61.0
1777891722.9533324,-6.0,1.0,-62.0
1777891722.9633324,-6.0,0.0,-63.0
1777891722.9733324,-4.0,-3.0,-66.0
1777891722.9833324,-3.0,-4.0,-69.0
1777891722.9933324,-2.0,-7.0,-75.0
1777891723.0033324,-7.0,-6.0,-74.0
1777891723.0133324,-11.0,-4.0,-73.0
1777891723.0233324,-9.0,-1.0,-76.0
1777891723.0333323,-7.0,-1.0,-72.0
1777891723.0433323,-8.0,-2.0,-78.0
1777891723.0533323,-4.0,-4.0,-76.0
1777891723.0633323,-4.0,-7.0,-80.0
1777891723.0733323,0.0,-7.0,-79.0
1777891723.0833323,1.0,-6.0,-78.0
1777891723.0933323,1.0,-9.0,-73.0
1777891723.1033323,6.0,-4.0,-70.0
1777891723.1133325,5.0,-4.0,-71.0
1777891723.1233325,6.0,-5.0,-72.0
1777891723.1333325,2.0,-3.0,-72.0
1777891723.1433325,0.0,0.0,-80.0
1777891723.1533325,2.0,0.0,-81.0
1777891723.1633325,5.0,0.0,-76.0
1777891723.1733325,5.0,1.0,-82.0
1777891723.1833324,6.0,0.0,-81.0
1777891723.1933324,7.0,-1.0,-78.0
1777891723.2033324,3.0,0.0,-74.0
1777891723.2133324,6.0,-3.0,-77.0
1777891723.2233324,9.0,-1.0,-74.0
1777891723.2333324,8.0,2.0,-71.0
1777891723.2433324,9.0,3.0,-65.0
1777891723.2533324,14.0,0.0,-67.0
1777891723.2633324,14.0,-1.0,-71.0
1777891723.2733324,10.0,-2.0,-73.0
1777891723.2833323,4.0,-2.0,-78.0
1777891723.2933323,2.0,-1.0,-82.0
1777891723.3033323,2.0,0.0,-82.0
1777891723.3133323,3.0,7.0,-75.0
1777891723.3233323,0.0,8.0,-66.0
1777891723.3333323,0.0,6.0,-60.0
1777891723.3433323,0.0,1.0,-65.0
1777891723.3533323,-1.0,5.0,-73.0
1777891723.3633325,0.0,7.0,-78.0
1777891723.3733325,-1.0,5.0,-82.0
1777891723.3833325,0.0,1.0,-77.0
1777891723.3933325,2.0,0.0,-80.0
1777891723.4033325,8.0,0.0,-82.0
1777891723.4133325,10.0,3.0,-80.0
1777891723.4233325,8.0,5.0,-79.0
1777891723.4333324,4.0,7.0,-77.0
1777891723.4433324,0.0,1.0,-70.0
1777891723.4533324,0.0,3.0,-70.0
1777891723.4633324,2.0,0.0,-71.0
1777891723.4733324,0.0,-1.0,-57.0
1777891723.4833324,3.0,-3.0,-53.0
1777891723.4933324,5.0,-3.0,-60.0
1777891723.5033324,3.0,-1.0,-62.0
1777891723.5133324,4.0,-8.0,-66.0
1777891723.5233324,4.0,-7.0,-77.0
1777891723.5333323,1.0,-8.0,-76.0
1777891723.5433323,-1.0,-6.0,-72.0
1777891723.5533323,-1.0,-5.0,-71.0
1777891723.5633323,2.0,-6.0,-74.0
1777891723.5733323,1.0,-7.0,-75.0
1777891723.5833323,0.0,-5.0,-82.0
1777891723.5933323,3.0,-2.0,-83.0
1777891723.6033323,4.0,-4.0,-79.0
1777891723.6133325,8.0,-4.0,-77.0
1777891723.6233325,6.0,-2.0,-78.0
1777891723.6333325,4.0,-1.0,-74.0
1777891723.6433325,6.0,-1.0,-68.0
1777891723.6533325,7.0,-1.0,-67.0
1777891723.6633325,4.0,-1.0,-61.0
1777891723.6733325,2.0,-2.0,-60.0
1777891723.6833324,1.0,0.0,-63.0
1777891723.6933324,2.0,3.0,-64.0
1777891723.7033324,0.0,5.0,-61.0
1777891723.7133324,1.0,1.0,-63.0
1777891723.7233324,0.0,0.0,-63.0
1777891723.7333324,0.0,3.0,-60.0
1777891723.7433324,0.0,1.0,-63.0
1777891723.7533324,0.0,3.0,-76.0
1777891723.7633324,-4.0,4.0,-80.0
1777891723.7733324,-7.0,4.0,-75.0
1777891723.7833323,-6.0,-1.0,-76.0
1777891723.7933323,1.0,-1.0,-72.0
1777891723.8033323,1.0,-2.0,-72.0
1777891723.8133323,3.0,-5.0,-75.0
1777891723.8233323,0.0,-6.0,-76.0
1777891723.8333323,1.0,-6.0,-76.0
1777891723.8433323,-2.0,-3.0,-72.0
1777891723.8533323,4.0,-6.0,-75.0
1777891723.8633325,6.0,-6.0,-78.0
1777891723.8733325,4.0,-8.0,-79.0
1777891723.8833325,0.0,-5.0,-73.0
1777891723.8943324,-2.0,-2.0,-71.0
1777891723.9033325,-4.0,-2.0,-73.0
1777891723.9133325,-4.0,-4.0,-74.0
1777891723.9233325,0.0,0.0,-75.0
1777891723.9333324,0.0,0.0,-74.0
1777891723.9433324,-2.0,-5.0,-72.0
1777891723.9533324,-4.0,-1.0,-71.0
1777891723.9633324,-3.0,0.0,-68.0
1777891723.9733324,0.0,4.0,-74.0
1777891723.9833324,1.0,4.0,-71.0
1777891723.9933324,1.0,9.0,-70.0
1777891724.0033324,-3.0,7.0,-66.0
1777891724.0133324,1.0,2.0,-72.0
1777891724.0233324,1.0,-1.0,-73.0
1777891724.0333323,-2.0,-4.0,-69.0
1777891724.0433323,0.0,-5.0,-68.0
1777891724.0533323,2.0,-6.0,-73.0
1777891724.0643325,1.0,-6.0,-70.0
1777891724.0733323,1.0,-2.0,-65.0
1777891724.0833323,1.0,-3.0,-66.0
1777891724.0943325,0.0,-1.0,-62.0
1777891724.1043324,2.0,-6.0,-64.0
1777891724.1143324,0.0,-9.0,-67.0
1777891724.1243324,-4.0,-8.0,-70.0
1777891724.1343324,0.0,-7.0,-64.0
1777891724.1443324,-2.0,-4.0,-63.0
1777891724.1543324,1.0,0.0,-60.0
1777891724.1643324,1.0,0.0,-65.0
1777891724.1743324,-2.0,-6.0,-65.0
1777891724.1843324,-2.0,-3.0,-64.0
1777891724.1943324,3.0,0.0,-61.0
1777891724.2043324,3.0,2.0,-56.0
1777891724.2143323,0.0,3.0,-61.0
1777891724.2243323,0.0,0.0,-62.0
1777891724.2343323,0.0,0.0,-64.0
1777891724.2443323,-2.0,0.0,-64.0
1777891724.2543323,0.0,2.0,-67.0
1777891724.2643323,-1.0,-3.0,-65.0
1777891724.2743323,-1.0,-1.0,-74.0
1777891724.2843325,0.0,-5.0,-84.0
1777891724.2943325,2.0,0.0,-79.0
1777891724.3043325,3.0,1.0,-76.0
1777891724.3143325,5.0,2.0,-79.0
1777891724.3243325,4.0,3.0,-81.0
1777891724.3343325,3.0,-2.0,-81.0
1777891724.3443325,5.0,0.0,-77.0
1777891724.3543324,1.0,-2.0,-74.0
1777891724.3643324,0.0,-2.0,-75.0
1777891724.3743324,0.0,-3.0,-77.0
1777891724.3843324,0.0,-6.0,-81.0
1777891724.3943324,2.0,-10.0,-79.0
1777891724.4043324,4.0,-4.0,-85.0
1777891724.4143324,5.0,0.0,-83.0
1777891724.4243324,7.0,0.0,-79.0
1777891724.4343324,9.0,1.0,-84.0
1777891724.4443324,8.0,3.0,-80.0
1777891724.4543324,2.0,0.0,-77.0
1777891724.4643323,-1.0,-1.0,-73.0
1777891724.4743323,-4.0,0.0,-74.0
1777891724.4843323,-3.0,0.0,-71.0
1777891724.4943323,0.0,-2.0,-75.0
1777891724.5043323,0.0,-3.0,-71.0
1777891724.5143323,0.0,0.0,-75.0
1777891724.5243323,0.0,0.0,-75.0
1777891724.5343325,0.0,-1.0,-72.0
1777891724.5443325,0.0,-1.0,-72.0
1777891724.5543325,2.0,-3.0,-75.0
1777891724.5643325,1.0,-5.0,-76.0
1777891724.5743325,8.0,-1.0,-78.0
1777891724.5843325,9.0,0.0,-78.0
1777891724.5943325,11.0,1.0,-81.0
1777891724.6043324,9.0,1.0,-88.0
1777891724.6143324,7.0,0.0,-89.0
1777891724.6243324,7.0,1.0,-87.0
1777891724.6343324,6.0,-1.0,-79.0
1777891724.6443324,7.0,0.0,-78.0
1777891724.6543324,3.0,0.0,-67.0
1777891724.6643324,9.0,0.0,-66.0
1777891724.6743324,3.0,1.0,-66.0
1777891724.6843324,3.0,0.0,-66.0
1777891724.6943324,1.0,0.0,-68.0
1777891724.7043324,4.0,-7.0,-60.0
1777891724.7143323,5.0,-6.0,-62.0
1777891724.7243323,2.0,-5.0,-65.0
1777891724.7343323,0.0,-4.0,-67.0
1777891724.7443323,-2.0,-4.0,-69.0
1777891724.7543323,1.0,-7.0,-73.0
1777891724.7643323,0.0,-8.0,-66.0
1777891724.7743323,-2.0,-2.0,-75.0
1777891724.7843325,0.0,0.0,-79.0
1777891724.7943325,4.0,0.0,-77.0
1777891724.8043325,0.0,-2.0,-72.0
1777891724.8143325,2.0,-4.0,-65.0
1777891724.8243325,0.0,0.0,-66.0
1777891724.8343325,0.0,1.0,-69.0
1777891724.8443325,-1.0,-2.0,-67.0
1777891724.8543324,-1.0,-1.0,-66.0
1777891724.8643324,-2.0,-1.0,-67.0
1777891724.8743324,-6.0,-1.0,-70.0
1777891724.8843324,-1.0,-2.0,-72.0
1777891724.8943324,-2.0,3.0,-70.0
1777891724.9043324,-4.0,0.0,-75.0
1777891724.9143324,-8.0,0.0,-69.0
1777891724.9243324,-6.0,-2.0,-63.0
1777891724.9343324,-5.0,-3.0,-65.0
1777891724.9443324,-5.0,-1.0,-71.0
1777891724.9543324,-1.0,-2.0,-68.0
1777891724.9643323,-1.0,-1.0,-73.0
1777891724.9743323,-3.0,0.0,-69.0
1777891724.9843323,2.0,3.0,-65.0
1777891724.9943323,0.0,3.0,-69.0
1777891725.0043323,0.0,1.0,-74.0
1777891725.0143323,2.0,0.0,-77.0
1777891725.0243323,1.0,-2.0,-74.0
1777891725.0343325,4.0,1.0,-75.0
1777891725.0443325,2.0,1.0,-66.0
1777891725.0543325,2.0,-1.0,-65.0
1777891725.0643325,1.0,0.0,-67.0
1777891725.0743325,0.0,-2.0,-67.0
1777891725.0843325,2.0,-5.0,-72.0
1777891725.0943325,3.0,-4.0,-74.0
1777891725.1043324,1.0,-6.0,-75.0
1777891725.1143324,0.0,-7.0,-70.0
1777891725.1243324,2.0,-7.0,-66.0
1777891725.1343324,4.0,-4.0,-61.0
1777891725.1443324,4.0,-2.0,-66.0
1777891725.1543324,2.0,1.0,-66.0
1777891725.1643324,3.0,7.0,-63.0
1777891725.1743324,-1.0,3.0,-61.0
1777891725.1843324,0.0,3.0,-61.0
1777891725.1943324,2.0,6.0,-70.0
1777891725.2043324,2.0,6.0,-75.0
1777891725.2143323,4.0,2.0,-77.0
1777891725.2243323,7.0,1.0,-75.0
1777891725.2343323,3.0,3.0,-69.0
1777891725.2443323,1.0,2.0,-69.0
1777891725.2543323,-1.0,3.0,-73.0
1777891725.2643323,1.0,4.0,-74.0
1777891725.2743323,4.0,1.0,-75.0
1777891725.2843325,4.0,-1.0,-78.0
1777891725.2943325,2.0,0.0,-81.0
1777891725.3043325,7.0,0.0,-74.0
1777891725.3143325,5.0,-3.0,-75.0
1777891725.3243325,5.0,-8.0,-70.0
1777891725.3343325,10.0,-8.0,-78.0
1777891725.3443325,9.0,-3.0,-80.0
1777891725.3543324,7.0,-2.0,-72.0
1777891725.3643324,7.0,0.0,-75.0
1777891725.3743324,2.0,-2.0,-68.0
1777891725.3843324,3.0,-2.0,-67.0
1777891725.3943324,3.0,-3.0,-67.0
1777891725.4043324,2.0,-3.0,-67.0
1777891725.4143324,4.0,-4.0,-65.0
1777891725.4243324,12.0,-4.0,-63.0
1777891725.4343324,10.0,-8.0,-70.0
1777891725.4443324,8.0,-8.0,-65.0
1777891725.4543324,7.0,-9.0,-67.0
1777891725.4643323,1.0,-8.0,-77.0
1777891725.4743323,-6.0,-6.0,-75.0
1777891725.4843323,-5.0,-10.0,-75.0
1777891725.4943323,-5.0,-14.0,-68.0
1777891725.5043323,-1.0,-15.0,-70.0
1777891725.5143323,0.0,-16.0,-75.0
1777891725.5243323,-2.0,-14.0,-75.0
1777891725.5343325,0.0,-14.0,-72.0
1777891725.5443325,-1.0,-6.0,-78.0
1777891725.5543325,0.0,-3.0,-77.0
1777891725.5643325,5.0,-5.0,-65.0
1777891725.5743325,4.0,-4.0,-65.0
1777891725.5843325,5.0,-3.0,-70.0
1777891725.5943325,5.0,-2.0,-69.0
1777891725.6043324,5.0,-2.0,-71.0
1777891725.6143324,3.0,-3.0,-76.0
1777891725.6243324,4.0,-5.0,-79.0
1777891725.6343324,5.0,-4.0,-79.0
1777891725.6443324,1.0,-7.0,-77.0
1777891725.6543324,-1.0,-9.0,-69.0
1777891725.6643324,2.0,-12.0,-68.0
1777891725.6743324,3.0,-14.0,-71.0
1777891725.6843324,6.0,-11.0,-76.0
1777891725.6943324,7.0,-10.0,-79.0
1777891725.7043324,7.0,-10.0,-76.0
1777891725.7143323,9.0,-8.0,-79.0
1777891725.7243323,9.0,-5.0,-79.0
1777891725.7343323,3.0,-6.0,-77.0
1777891725.7443323,2.0,-2.0,-74.0
1777891725.7543323,-2.0,-1.0,-70.0
1777891725.7643323,-7.0,-1.0,-76.0
1777891725.7743323,-4.0,0.0,-75.0
1777891725.7843325,-1.0,-1.0,-75.0
1777891725.7943325,2.0,-2.0,-75.0
1777891725.8043325,3.0,-2.0,-75.0
1777891725.8143325,8.0,-1.0,-74.0
1777891725.8243325,10.0,1.0,-75.0
1777891725.8343325,10.0,2.0,-71.0
1777891725.8443325,7.0,0.0,-69.0
1777891725.8543324,6.0,2.0,-67.0
1777891725.8643324,6.0,3.0,-75.0
1777891725.8743324,1.0,4.0,-72.0
1777891725.8843324,2.0,2.0,-74.0
1777891725.8943324,1.0,3.0,-66.0
1777891725.9043324,2.0,2.0,-67.0
1777891725.9143324,3.0,5.0,-74.0
1777891725.9243324,4.0,3.0,-71.0
1777891725.9343324,1.0,2.0,-72.0
1777891725.9443324,0.0,2.0,-69.0
1777891725.9543324,1.0,0.0,-69.0
1777891725.9643323,3.0,-1.0,-72.0
1777891725.9743323,4.0,-2.0,-77.0
1777891725.9843323,2.0,-2.0,-72.0
1777891725.9943323,-4.0,2.0,-72.0
1777891726.0043323,-3.0,8.0,-68.0
1777891726.0143323,-1.0,4.0,-77.0
1777891726.0243323,-2.0,2.0,-73.0
1777891726.0343325,-3.0,0.0,-76.0
1777891726.0443325,-2.0,0.0,-72.0
1777891726.0543325,0.0,-2.0,-77.0
1777891726.0653324,2.0,0.0,-79.0
1777891726.0753324,3.0,2.0,-79.0
1777891726.0843325,1.0,1.0,-77.0
1777891726.0953324,0.0,1.0,-69.0
1777891726.1053324,0.0,0.0,-70.0
1777891726.1153324,0.0,-1.0,-73.0
1777891726.1253324,-1.0,-2.0,-73.0
1777891726.1343324,-2.0,-3.0,-73.0
1777891726.1453323,-1.0,-5.0,-75.0
1777891726.1553323,-2.0,0.0,-72.0
1777891726.1653323,0.0,4.0,-71.0
1777891726.1753323,0.0,5.0,-73.0
1777891726.1853323,0.0,5.0,-74.0
1777891726.1953323,4.0,5.0,-73.0
1777891726.2053325,7.0,0.0,-75.0
1777891726.2153325,9.0,0.0,-75.0
1777891726.2253325,1.0,0.0,-68.0
1777891726.2353325,0.0,0.0,-72.0
1777891726.2453325,0.0,0.0,-76.0
1777891726.2553325,-5.0,0.0,-77.0
1777891726.2653325,-8.0,0.0,-67.0
1777891726.2753325,-6.0,-1.0,-65.0
1777891726.2853324,-2.0,-3.0,-60.0
1777891726.2953324,3.0,-2.0,-62.0
1777891726.3053324,2.0,-2.0,-60.0
1777891726.3153324,5.0,-2.0,-61.0
1777891726.3253324,3.0,-1.0,-71.0
1777891726.3353324,-2.0,-1.0,-72.0
1777891726.3453324,1.0,-3.0,-73.0
1777891726.3553324,0.0,-7.0,-67.0
1777891726.3653324,-2.0,-4.0,-72.0
1777891726.3753324,0.0,-2.0,-75.0
1777891726.3853323,1.0,-2.0,-76.0
1777891726.3953323,-2.0,-2.0,-80.0
1777891726.4053323,-2.0,0.0,-81.0
1777891726.4153323,0.0,-3.0,-77.0
1777891726.4253323,-1.0,-4.0,-79.0
1777891726.4353323,1.0,-2.0,-77.0
1777891726.4453323,-1.0,-2.0,-74.0
1777891726.4553325,0.0,-1.0,-76.0
1777891726.4653325,1.0,1.0,-79.0
1777891726.4753325,5.0,0.0,-73.0
1777891726.4853325,6.0,0.0,-73.0
1777891726.4953325,4.0,0.0,-69.0
1777891726.5053325,3.0,-3.0,-69.0
1777891726.5153325,-1.0,0.0,-65.0
1777891726.5253325,5.0,2.0,-62.0
1777891726.5353324,7.0,0.0,-57.0
1777891726.5453324,9.0,1.0,-55.0
1777891726.5553324,4.0,4.0,-52.0
1777891726.5653324,1.0,6.0,-56.0
1777891726.5753324,0.0,6.0,-64.0
1777891726.5853324,0.0,6.0,-68.0
1777891726.5953324,0.0,5.0,-63.0
1777891726.6053324,-2.0,6.0,-67.0
1777891726.6153324,-3.0,13.0,-69.0
1777891726.6253324,-4.0,15.0,-67.0
1777891726.6353323,-4.0,13.0,-63.0
1777891726.6453323,-3.0,9.0,-62.0
1777891726.6553323,0.0,7.0,-73.0
1777891726.6653323,1.0,4.0,-73.0
1777891726.6753323,0.0,5.0,-77.0
1777891726.6853323,0.0,1.0,-77.0
1777891726.6953323,2.0,3.0,-72.0
1777891726.7053325,0.0,4.0,-66.0
1777891726.7153325,0.0,1.0,-66.0
1777891726.7253325,-4.0,0.0,-59.0
1777891726.7353325,-3.0,0.0,-66.0
1777891726.7453325,0.0,1.0,-65.0
1777891726.7553325,-2.0,2.0,-67.0
1777891726.7653325,-4.0,7.0,-61.0
1777891726.7753325,-1.0,5.0,-60.0
1777891726.7853324,-2.0,4.0,-63.0
1777891726.7953324,-2.0,5.0,-62.0
1777891726.8053324,0.0,1.0,-62.0
1777891726.8153324,-1.0,1.0,-63.0
1777891726.8253324,0.0,-3.0,-73.0
1777891726.8353324,0.0,0.0,-74.0
1777891726.8453324,-1.0,0.0,-79.0
1777891726.8553324,0.0,0.0,-82.0
1777891726.8653324,0.0,-1.0,-71.0
1777891726.8753324,-1.0,-3.0,-69.0
1777891726.8853323,-1.0,-2.0,-68.0
1777891726.8953323,-4.0,-4.0,-68.0
1777891726.9053323,-7.0,-1.0,-74.0
1777891726.9153323,-3.0,0.0,-71.0
1777891726.9253323,-4.0,3.0,-64.0
1777891726.9353323,-3.0,6.0,-67.0
1777891726.9453323,-2.0,1.0,-70.0
1777891726.9553325,-1.0,3.0,-71.0
1777891726.9653325,-2.0,3.0,-63.0
1777891726.9753325,1.0,7.0,-70.0
1777891726.9853325,2.0,7.0,-69.0
1777891726.9953325,1.0,1.0,-69.0
1777891727.0053325,5.0,-3.0,-70.0
1777891727.0153325,4.0,-5.0,-71.0
1777891727.0253325,2.0,-6.0,-68.0
1777891727.0353324,0.0,-6.0,-76.0
1777891727.0453324,2.0,-9.0,-77.0
1777891727.0553324,2.0,-4.0,-84.0
1777891727.0653324,-1.0,-2.0,-85.0
1777891727.0753324,2.0,0.0,-79.0
1777891727.0853324,3.0,-3.0,-72.0
1777891727.0953324,3.0,-3.0,-67.0
1777891727.1053324,5.0,-3.0,-73.0
1777891727.1153324,3.0,0.0,-75.0
1777891727.1253324,6.0,-3.0,-72.0
1777891727.1363325,6.0,0.0,-69.0
1777891727.1453323,6.0,3.0,-69.0
1777891727.1553323,8.0,8.0,-70.0
1777891727.1653323,5.0,12.0,-67.0
1777891727.1753323,6.0,10.0,-71.0
1777891727.1853323,4.0,8.0,-75.0
1777891727.1953323,4.0,8.0,-76.0
1777891727.2053325,5.0,8.0,-76.0
1777891727.2153325,6.0,0.0,-70.0
1777891727.2253325,7.0,-2.0,-65.0
1777891727.2353325,6.0,-4.0,-60.0
1777891727.2453325,6.0,-5.0,-67.0
1777891727.2553325,2.0,-3.0,-68.0
1777891727.2653325,1.0,-5.0,-63.0
1777891727.2753325,1.0,-3.0,-59.0
1777891727.2853324,1.0,-2.0,-53.0
1777891727.2953324,1.0,2.0,-51.0
1777891727.3053324,0.0,0.0,-65.0
1777891727.3153324,5.0,0.0,-68.0
1777891727.3253324,6.0,1.0,-73.0
1777891727.3353324,4.0,1.0,-77.0
1777891727.3453324,6.0,0.0,-79.0
1777891727.3553324,3.0,-1.0,-73.0
1777891727.3653324,2.0,-1.0,-71.0
1777891727.3753324,5.0,-3.0,-75.0
1777891727.3853323,4.0,-4.0,-76.0
1777891727.3953323,2.0,-9.0,-75.0
1777891727.4053323,2.0,-11.0,-72.0
1777891727.4153323,6.0,-9.0,-71.0
1777891727.4253323,6.0,-5.0,-72.0
1777891727.4353323,4.0,-4.0,-73.0
1777891727.4453323,3.0,-3.0,-79.0
1777891727.4553325,10.0,-3.0,-84.0
1777891727.4653325,6.0,-4.0,-86.0
1777891727.4753325,4.0,-4.0,-80.0
1777891727.4853325,2.0,-1.0,-78.0
1777891727.4953325,5.0,-1.0,-75.0
1777891727.5053325,1.0,-5.0,-75.0
1777891727.5153325,-3.0,-4.0,-75.0
1777891727.5253325,-2.0,-4.0,-76.0
1777891727.5353324,0.0,-6.0,-73.0
1777891727.5453324,1.0,-6.0,-68.0
1777891727.5553324,1.0,-8.0,-69.0
1777891727.5653324,-1.0,-9.0,-73.0
1777891727.5753324,0.0,-13.0,-71.0
1777891727.5853324,-2.0,-10.0,-77.0
1777891727.5953324,1.0,-8.0,-83.0
1777891727.6053324,3.0,-7.0,-80.0
1777891727.6153324,5.0,-2.0,-72.0
1777891727.6253324,5.0,0.0,-70.0
1777891727.6353323,2.0,-2.0,-70.0
1777891727.6453323,-1.0,-1.0,-66.0
1777891727.6553323,-2.0,-1.0,-62.0
1777891727.6653323,-4.0,-1.0,-67.0
1777891727.6753323,-4.0,0.0,-69.0
1777891727.6853323,-1.0,0.0,-76.0
1777891727.6953323,1.0,4.0,-74.0
1777891727.7053325,-3.0,3.0,-84.0
1777891727.7153325,-2.0,1.0,-80.0
1777891727.7253325,0.0,-1.0,-78.0
1777891727.7353325,0.0,-1.0,-73.0
1777891727.7453325,-2.0,-6.0,-70.0
1777891727.7553325,-2.0,-3.0,-66.0
1777891727.7653325,-3.0,2.0,-62.0
1777891727.7753325,0.0,3.0,-57.0
1777891727.7853324,0.0,1.0,-51.0
1777891727.7953324,0.0,0.0,-51.0
1777891727.8053324,-6.0,-3.0,-53.0
1777891727.8153324,-9.0,-1.0,-55.0
1777891727.8253324,-6.0,4.0,-62.0
1777891727.8353324,0.0,2.0,-67.0
1777891727.8453324,0.0,3.0,-72.0
1777891727.8553324,4.0,1.0,-70.0
1777891727.8653324,2.0,1.0,-80.0
1777891727.8753324,8.0,-3.0,-81.0
1777891727.8853323,10.0,-2.0,-83.0
1777891727.8953323,10.0,0.0,-83.0
1777891727.9053323,6.0,-3.0,-79.0
1777891727.9153323,3.0,-5.0,-75.0
1777891727.9253323,3.0,-6.0,-79.0
1777891727.9353323,4.0,-3.0,-80.0
1777891727.9453323,0.0,-5.0,-79.0
1777891727.9553325,0.0,-8.0,-82.0
1777891727.9653325,1.0,-5.0,-80.0
1777891727.9753325,1.0,-4.0,-84.0
1777891727.9853325,0.0,-5.0,-90.0
1777891727.9953325,2.0,-5.0,-89.0
1777891728.0053325,3.0,-6.0,-86.0
1777891728.0153325,1.0,-3.0,-84.0
1777891728.0253325,2.0,-4.0,-83.0
1777891728.0353324,-3.0,-3.0,-76.0
1777891728.0453324,-1.0,0.0,-72.0
1777891728.0553324,0.0,1.0,-73.0
1777891728.0653324,2.0,0.0,-78.0
1777891728.0763323,-1.0,0.0,-79.0
1777891728.0863323,0.0,0.0,-82.0
1777891728.0963323,0.0,-1.0,-79.0
1777891728.1063323,0.0,-2.0,-76.0
1777891728.1163323,4.0,-2.0,-70.0
1777891728.1263323,6.0,-5.0,-67.0
1777891728.1363325,3.0,-6.0,-71.0
1777891728.1463325,1.0,-6.0,-73.0
1777891728.1563325,7.0,-4.0,-76.0
1777891728.1663325,3.0,-4.0,-77.0
1777891728.1763325,7.0,-4.0,-77.0
1777891728.1863325,7.0,-3.0,-79.0
1777891728.1963325,7.0,-5.0,-78.0
1777891728.2063324,7.0,-4.0,-79.0
1777891728.2163324,4.0,-2.0,-76.0
1777891728.2263324,7.0,-3.0,-72.0
1777891728.2363324,8.0,-4.0,-75.0
1777891728.2463324,3.0,-6.0,-79.0
1777891728.2563324,4.0,-6.0,-76.0
1777891728.2663324,3.0,-7.0,-67.0
1777891728.2763324,5.0,-6.0,-70.0
1777891728.2863324,3.0,-1.0,-73.0
1777891728.2963324,1.0,-8.0,-73.0
1777891728.3063323,4.0,-11.0,-76.0
1777891728.3163323,1.0,-9.0,-76.0
1777891728.3263323,4.0,-6.0,-70.0
1777891728.3363323,-1.0,-4.0,-68.0
1777891728.3463323,-1.0,-5.0,-68.0
1777891728.3563323,0.0,-4.0,-66.0
1777891728.3663323,0.0,-5.0,-73.0
1777891728.3763323,-1.0,-6.0,-71.0
1777891728.3863325,1.0,-4.0,-70.0
1777891728.3963325,1.0,-2.0,-70.0
1777891728.4063325,4.0,-6.0,-70.0
1777891728.4163325,4.0,-4.0,-71.0
1777891728.4263325,4.0,0.0,-69.0
1777891728.4363325,1.0,-1.0,-75.0
1777891728.4463325,-1.0,-4.0,-73.0
1777891728.4563324,-1.0,-10.0,-73.0
1777891728.4663324,-1.0,-12.0,-67.0
1777891728.4763324,3.0,-12.0,-69.0
1777891728.4863324,6.0,-10.0,-67.0
1777891728.4963324,5.0,-8.0,-68.0
1777891728.5063324,4.0,-8.0,-78.0
1777891728.5163324,6.0,-4.0,-79.0
1777891728.5263324,7.0,-4.0,-76.0
1777891728.5363324,5.0,-4.0,-75.0
1777891728.5463324,-1.0,-6.0,-76.0
1777891728.5563323,0.0,0.0,-78.0
1777891728.5663323,-3.0,1.0,-76.0
1777891728.5763323,-5.0,0.0,-81.0
1777891728.5863323,-2.0,0.0,-82.0
1777891728.5963323,-1.0,-3.0,-80.0
1777891728.6063323,-2.0,-2.0,-79.0
1777891728.6163323,-4.0,-4.0,-80.0
1777891728.6263323,-3.0,-2.0,-82.0
1777891728.6363325,-2.0,-3.0,-78.0
1777891728.6463325,-3.0,-6.0,-77.0
1777891728.6563325,1.0,-5.0,-78.0
1777891728.6663325,1.0,-5.0,-70.0
1777891728.6763325,1.0,-6.0,-71.0
1777891728.6863325,2.0,-4.0,-65.0
1777891728.6963325,6.0,-4.0,-62.0
1777891728.7063324,4.0,-4.0,-67.0
1777891728.7163324,8.0,-5.0,-65.0
1777891728.7263324,8.0,-2.0,-66.0
1777891728.7363324,2.0,-6.0,-68.0
1777891728.7463324,2.0,-3.0,-66.0
1777891728.7563324,5.0,-3.0,-65.0
1777891728.7663324,1.0,-7.0,-67.0
1777891728.7763324,-4.0,-5.0,-68.0
1777891728.7863324,-3.0,-9.0,-73.0
1777891728.7963324,-2.0,-7.0,-79.0
1777891728.8063323,-3.0,-14.0,-77.0
1777891728.8163323,-6.0,-13.0,-70.0
1777891728.8263323,-3.0,-8.0,-66.0
1777891728.8363323,-2.0,-9.0,-65.0
1777891728.8463323,-1.0,-8.0,-64.0
1777891728.8563323,9.0,-6.0,-63.0
1777891728.8663323,9.0,-6.0,-61.0
1777891728.8763323,7.0,-8.0,-67.0
1777891728.8863325,6.0,-5.0,-68.0
1777891728.8963325,3.0,-6.0,-66.0
1777891728.9063325,4.0,-7.0,-64.0
1777891728.9163325,7.0,-5.0,-67.0
1777891728.9263325,7.0,-5.0,-62.0
1777891728.9363325,4.0,-4.0,-66.0
1777891728.9463325,2.0,-6.0,-74.0
1777891728.9563324,3.0,-7.0,-76.0
1777891728.9663324,6.0,-10.0,-76.0
1777891728.9763324,6.0,-12.0,-74.0
1777891728.9863324,6.0,-9.0,-77.0
1777891728.9963324,-1.0,-7.0,-72.0
1777891729.0063324,-1.0,-8.0,-72.0
1777891729.0163324,0.0,-5.0,-68.0
1777891729.0263324,0.0,-4.0,-72.0
1777891729.0363324,0.0,-8.0,-77.0
1777891729.0463324,2.0,-10.0,-81.0
1777891729.0563323,-1.0,-6.0,-83.0
1777891729.0663323,2.0,-1.0,-78.0
1777891729.0763323,2.0,-2.0,-74.0
1777891729.0863323,1.0,0.0,-70.0
1777891729.0963323,2.0,1.0,-71.0
1777891729.1063323,2.0,0.0,-72.0
1777891729.1163323,2.0,1.0,-70.0
1777891729.1263323,-1.0,4.0,-71.0
1777891729.1363325,-3.0,5.0,-75.0
1777891729.1463325,-1.0,1.0,-76.0
1777891729.1563325,-2.0,-1.0,-79.0
1777891729.1663325,-1.0,-3.0,-78.0
1777891729.1763325,-2.0,-6.0,-75.0
1777891729.1863325,-1.0,-5.0,-74.0
1777891729.1963325,2.0,-4.0,-68.0
1777891729.2063324,2.0,-7.0,-74.0
1777891729.2163324,1.0,-8.0,-70.0
1777891729.2263324,-1.0,-3.0,-72.0
1777891729.2363324,-2.0,-1.0,-76.0
1777891729.2463324,1.0,-1.0,-72.0
1777891729.2563324,5.0,0.0,-72.0
1777891729.2663324,0.0,0.0,-69.0
1777891729.2763324,-2.0,4.0,-68.0
1777891729.2863324,-7.0,1.0,-67.0
1777891729.2963324,-4.0,0.0,-67.0
1777891729.3063323,0.0,-1.0,-71.0
1777891729.3163323,2.0,0.0,-74.0
1777891729.3263323,9.0,4.0,-71.0
1777891729.3363323,5.0,3.0,-68.0
1777891729.3463323,5.0,-1.0,-68.0
1777891729.3563323,7.0,-3.0,-69.0
1777891729.3663323,3.0,0.0,-71.0
1777891729.3763323,-5.0,-1.0,-75.0
1777891729.3863325,-3.0,0.0,-71.0
1777891729.3963325,-4.0,0.0,-80.0
1777891729.4063325,-5.0,-4.0,-82.0
1777891729.4163325,-6.0,-3.0,-83.0
1777891729.4263325,0.0,-2.0,-89.0
1777891729.4363325,1.0,-3.0,-80.0
1777891729.4463325,0.0,-3.0,-73.0
1777891729.4563324,3.0,-3.0,-66.0
1777891729.4663324,0.0,-1.0,-64.0
1777891729.4763324,1.0,0.0,-73.0
1777891729.4863324,2.0,0.0,-78.0
1777891729.4963324,1.0,-2.0,-77.0
1777891729.5063324,-2.0,1.0,-76.0
1777891729.5163324,-1.0,4.0,-69.0
1777891729.5263324,-4.0,7.0,-63.0
1777891729.5363324,-5.0,2.0,-65.0
1777891729.5463324,-2.0,0.0,-73.0
1777891729.5563323,-2.0,0.0,-79.0
1777891729.5663323,0.0,0.0,-70.0
1777891729.5763323,5.0,0.0,-71.0
1777891729.5863323,1.0,0.0,-75.0
1777891729.5963323,0.0,-2.0,-73.0
1777891729.6063323,0.0,-8.0,-71.0
1777891729.6163323,0.0,-8.0,-71.0
1777891729.6263323,-1.0,-4.0,-69.0
1777891729.6363325,0.0,-3.0,-70.0
1777891729.6463325,-2.0,-2.0,-71.0
1777891729.6563325,0.0,-2.0,-69.0
1777891729.6663325,3.0,-2.0,-71.0
1777891729.6763325,5.0,-2.0,-72.0
1777891729.6863325,3.0,4.0,-70.0
1777891729.6963325,7.0,5.0,-66.0
1777891729.7063324,10.0,2.0,-70.0
1777891729.7163324,7.0,1.0,-65.0
1777891729.7263324,6.0,0.0,-62.0
1777891729.7363324,7.0,-2.0,-63.0
1777891729.7463324,0.0,-4.0,-67.0
1777891729.7563324,-2.0,-2.0,-71.0
1777891729.7663324,0.0,-1.0,-71.0
1777891729.7763324,1.0,1.0,-74.0
1777891729.7863324,2.0,0.0,-80.0
1777891729.7963324,0.0,0.0,-81.0
1777891729.8063323,2.0,2.0,-80.0
1777891729.8163323,5.0,0.0,-80.0
1777891729.8263323,1.0,0.0,-74.0
1777891729.8363323,-1.0,-2.0,-69.0
1777891729.8463323,-5.0,-2.0,-68.0
1777891729.8563323,-4.0,0.0,-73.0
1777891729.8663323,0.0,1.0,-76.0
1777891729.8763323,2.0,0.0,-72.0
1777891729.8863325,4.0,0.0,-70.0
1777891729.8963325,4.0,4.0,-66.0
1777891729.9063325,5.0,3.0,-64.0
1777891729.9163325,1.0,4.0,-63.0
1777891729.9263325,0.0,1.0,-62.0
1777891729.9363325,2.0,0.0,-61.0
1777891729.9463325,2.0,0.0,-66.0
1777891729.9563324,0.0,0.0,-73.0
1777891729.9663324,-5.0,-2.0,-68.0
1777891729.9763324,0.0,-4.0,-67.0
1777891729.9863324,-2.0,-6.0,-65.0
1777891729.9963324,-1.0,-6.0,-65.0
1777891730.0063324,1.0,-6.0,-71.0
1777891730.0163324,1.0,-8.0,-72.0
1777891730.0263324,0.0,-4.0,-69.0
1777891730.0363324,-2.0,-6.0,-69.0
1777891730.0473323,-3.0,-8.0,-68.0
1777891730.0573325,-1.0,-7.0,-64.0
1777891730.0673325,-1.0,-5.0,-64.0
1777891730.0763323,2.0,0.0,-66.0
1777891730.0863323,3.0,1.0,-66.0
1777891730.0973325,1.0,0.0,-69.0
1777891730.1073325,0.0,0.0,-63.0
1777891730.1173325,0.0,-3.0,-63.0
1777891730.1273324,4.0,-1.0,-62.0
1777891730.1373324,7.0,0.0,-62.0
1777891730.1473324,4.0,-2.0,-70.0
1777891730.1573324,6.0,0.0,-75.0
1777891730.1673324,7.0,2.0,-75.0
1777891730.1773324,5.0,4.0,-77.0
1777891730.1873324,0.0,3.0,-85.0
1777891730.1973324,1.0,2.0,-81.0
1777891730.2073324,7.0,5.0,-81.0
1777891730.2173324,10.0,4.0,-84.0
1777891730.2273324,6.0,1.0,-81.0
1777891730.2373323,2.0,2.0,-78.0
1777891730.2473323,1.0,1.0,-75.0
1777891730.2573323,-1.0,0.0,-70.0
1777891730.2673323,5.0,-2.0,-64.0
1777891730.2773323,8.0,-5.0,-73.0
1777891730.2873323,10.0,-4.0,-75.0
1777891730.2973323,8.0,-3.0,-67.0
1777891730.3073325,12.0,-4.0,-72.0
1777891730.3173325,11.0,-3.0,-74.0
1777891730.3273325,13.0,-4.0,-72.0
1777891730.3373325,11.0,-3.0,-75.0
1777891730.3473325,12.0,-2.0,-74.0
1777891730.3573325,6.0,-5.0,-70.0
1777891730.3673325,5.0,1.0,-76.0
1777891730.3773324,3.0,2.0,-80.0
1777891730.3873324,4.0,1.0,-80.0
1777891730.3973324,2.0,3.0,-80.0
1777891730.4073324,1.0,-1.0,-81.0
1777891730.4173324,0.0,-2.0,-80.0
1777891730.4273324,8.0,0.0,-81.0
1777891730.4373324,6.0,-1.0,-80.0
1777891730.4473324,4.0,0.0,-80.0
1777891730.4573324,0.0,-5.0,-81.0
1777891730.4673324,1.0,-5.0,-74.0
1777891730.4773324,4.0,-3.0,-73.0
1777891730.4873323,4.0,1.0,-81.0
1777891730.4973323,4.0,2.0,-69.0
1777891730.5073323,1.0,3.0,-71.0
1777891730.5173323,2.0,2.0,-77.0
1777891730.5273323,1.0,1.0,-74.0
1777891730.5373323,-2.0,0.0,-75.0
1777891730.5473323,-2.0,1.0,-69.0
1777891730.5573325,1.0,0.0,-68.0
1777891730.5673325,3.0,0.0,-69.0
1777891730.5773325,4.0,0.0,-65.0
1777891730.5873325,4.0,0.0,-66.0
1777891730.5973325,3.0,1.0,-75.0
1777891730.6073325,4.0,2.0,-76.0
1777891730.6173325,2.0,1.0,-74.0
1777891730.6273324,5.0,4.0,-70.0
1777891730.6373324,5.0,2.0,-70.0
1777891730.6473324,6.0,-2.0,-70.0
1777891730.6573324,8.0,0.0,-76.0
1777891730.6673324,8.0,-2.0,-77.0
1777891730.6773324,6.0,-3.0,-75.0
1777891730.6873324,8.0,-3.0,-77.0
1777891730.6973324,11.0,-5.0,-77.0
1777891730.7073324,14.0,-1.0,-69.0
1777891730.7173324,10.0,0.0,-74.0
1777891730.7273324,5.0,-1.0,-71.0
1777891730.7373323,3.0,-2.0,-72.0
1777891730.7473323,5.0,-4.0,-70.0
1777891730.7573323,1.0,-7.0,-73.0
1777891730.7673323,0.0,-1.0,-67.0
1777891730.7773323,-2.0,0.0,-69.0
1777891730.7873323,0.0,0.0,-70.0
1777891730.7973323,0.0,-3.0,-74.0
1777891730.8073325,0.0,0.0,-71.0
1777891730.8173325,-1.0,0.0,-72.0
1777891730.8273325,1.0,0.0,-73.0
1777891730.8373325,2.0,2.0,-70.0
1777891730.8473325,5.0,1.0,-66.0
1777891730.8573325,5.0,1.0,-62.0
1777891730.8673325,0.0,0.0,-62.0
1777891730.8773324,0.0,2.0,-55.0
1777891730.8873324,-3.0,3.0,-59.0
1777891730.8973324,0.0,2.0,-67.0
1777891730.9073324,0.0,2.0,-69.0
1777891730.9173324,-2.0,2.0,-71.0
1777891730.9273324,1.0,0.0,-73.0
1777891730.9373324,6.0,2.0,-74.0
1777891730.9473324,7.0,-2.0,-73.0
1777891730.9573324,5.0,-8.0,-75.0
1777891730.9673324,2.0,-4.0,-72.0
1777891730.9773324,4.0,-3.0,-73.0
1777891730.9873323,5.0,-2.0,-86.0
1777891730.9973323,4.0,-2.0,-88.0
1777891731.0073323,6.0,-1.0,-82.0
1777891731.0173323,3.0,0.0,-81.0
1777891731.0273323,3.0,1.0,-85.0
1777891731.0373323,1.0,2.0,-82.0
1777891731.0473323,0.0,5.0,-83.0
1777891731.0573325,2.0,6.0,-78.0
1777891731.0673325,4.0,6.0,-69.0
1777891731.0773325,8.0,1.0,-66.0
1777891731.0873325,9.0,-1.0,-61.0
1777891731.0973325,10.0,3.0,-63.0
1777891731.1073325,5.0,1.0,-58.0
1777891731.1173325,5.0,0.0,-56.0
1777891731.1273324,3.0,0.0,-55.0
1777891731.1373324,7.0,-6.0,-60.0
1777891731.1473324,7.0,-3.0,-64.0
1777891731.1573324,7.0,-1.0,-59.0
1777891731.1673324,0.0,1.0,-54.0
1777891731.1773324,0.0,0.0,-58.0
1777891731.1873324,-1.0,0.0,-63.0
1777891731.1973324,-1.0,-2.0,-68.0
1777891731.2073324,-4.0,-1.0,-69.0
1777891731.2173324,-2.0,0.0,-69.0
1777891731.2273324,0.0,0.0,-69.0
1777891731.2373323,0.0,0.0,-73.0
1777891731.2473323,2.0,0.0,-70.0
1777891731.2573323,6.0,2.0,-65.0
1777891731.2673323,0.0,4.0,-64.0
1777891731.2773323,-1.0,3.0,-63.0
1777891731.2873323,0.0,2.0,-67.0
1777891731.2973323,3.0,4.0,-71.0
1777891731.3073325,3.0,6.0,-76.0
1777891731.3173325,8.0,0.0,-76.0
1777891731.3273325,0.0,-1.0,-81.0
1777891731.3373325,-3.0,-6.0,-82.0
1777891731.3473325,0.0,-2.0,-75.0
1777891731.3573325,-2.0,-1.0,-80.0
1777891731.3673325,0.0,-1.0,-76.0
1777891731.3773324,1.0,-2.0,-75.0
1777891731.3873324,0.0,-4.0,-69.0
1777891731.3973324,0.0,0.0,-68.0
1777891731.4073324,0.0,0.0,-67.0
1777891731.4173324,-1.0,-1.0,-67.0
1777891731.4273324,-1.0,-3.0,-71.0
1777891731.4373324,-2.0,-2.0,-70.0
1777891731.4473324,-2.0,-2.0,-73.0
1777891731.4573324,-1.0,2.0,-66.0
1777891731.4673324,2.0,-2.0,-67.0
1777891731.4773324,6.0,-3.0,-72.0
1777891731.4873323,7.0,-4.0,-73.0
1777891731.4973323,4.0,-9.0,-72.0
1777891731.5073323,0.0,-8.0,-69.0
1777891731.5173323,0.0,-3.0,-75.0
1777891731.5273323,0.0,-2.0,-79.0
1777891731.5373323,0.0,-2.0,-81.0
1777891731.5473323,0.0,-3.0,-83.0
1777891731.5573325,1.0,0.0,-79.0
1777891731.5673325,0.0,0.0,-75.0
1777891731.5773325,3.0,2.0,-67.0
1777891731.5873325,1.0,2.0,-71.0
1777891731.5973325,0.0,1.0,-73.0
1777891731.6073325,-4.0,-4.0,-72.0
1777891731.6173325,0.0,-2.0,-72.0
1777891731.6273324,2.0,-1.0,-69.0
1777891731.6373324,2.0,0.0,-66.0
1777891731.6473324,-2.0,1.0,-67.0
1777891731.6573324,-5.0,-2.0,-71.0
1777891731.6673324,-4.0,-2.0,-78.0
1777891731.6773324,1.0,-2.0,-70.0
1777891731.6873324,2.0,-1.0,-70.0
1777891731.6973324,1.0,0.0,-67.0
1777891731.7073324,-1.0,0.0,-68.0
1777891731.7173324,0.0,-2.0,-77.0
1777891731.7273324,1.0,0.0,-72.0
1777891731.7373323,2.0,2.0,-67.0
1777891731.7473323,4.0,-3.0,-67.0
1777891731.7573323,2.0,3.0,-65.0
1777891731.7673323,4.0,4.0,-71.0
1777891731.7773323,6.0,5.0,-65.0
1777891731.7873323,4.0,5.0,-66.0
1777891731.7973323,1.0,8.0,-64.0
1777891731.8073325,-1.0,6.0,-62.0
1777891731.8173325,-4.0,6.0,-63.0
1777891731.8273325,-1.0,5.0,-63.0
1777891731.8373325,-1.0,0.0,-69.0
1777891731.8473325,-1.0,1.0,-71.0
1777891731.8573325,0.0,0.0,-71.0
1777891731.8673325,-1.0,-5.0,-68.0
1777891731.8773324,-7.0,-7.0,-70.0
1777891731.8873324,-7.0,-5.0,-69.0
1777891731.8973324,-1.0,-2.0,-70.0
1777891731.9073324,3.0,-4.0,-72.0
1777891731.9173324,5.0,-1.0,-77.0
1777891731.9273324,3.0,-2.0,-78.0
1777891731.9373324,5.0,1.0,-79.0
1777891731.9473324,5.0,-2.0,-78.0
1777891731.9573324,0.0,-2.0,-77.0
1777891731.9673324,-1.0,-1.0,-79.0
1777891731.9773324,-2.0,-1.0,-81.0
1777891731.9873323,7.0,0.0,-80.0
1777891731.9973323,7.0,-4.0,-79.0
1777891732.0073323,8.0,-1.0,-79.0
1777891732.0173323,8.0,0.0,-73.0
1777891732.0283325,8.0,0.0,-66.0
1777891732.0373323,3.0,2.0,-62.0
1777891732.0483325,2.0,3.0,-65.0
1777891732.0583324,1.0,0.0,-69.0
1777891732.0683324,6.0,-1.0,-61.0
1777891732.0783324,9.0,2.0,-56.0
1777891732.0883324,7.0,1.0,-55.0
1777891732.0983324,7.0,0.0,-56.0
1777891732.1083324,7.0,-2.0,-63.0
1777891732.1183324,3.0,-4.0,-63.0
1777891732.1283324,3.0,-2.0,-69.0
1777891732.1383324,6.0,-4.0,-70.0
1777891732.1483324,7.0,-1.0,-73.0
1777891732.1583323,7.0,-3.0,-77.0
1777891732.1683323,2.0,-1.0,-78.0
1777891732.1783323,-1.0,-1.0,-77.0
1777891732.1883323,1.0,-3.0,-79.0
1777891732.1983323,-1.0,-4.0,-74.0
1777891732.2083323,0.0,-2.0,-75.0
1777891732.2183323,-2.0,3.0,-77.0
1777891732.2283323,3.0,0.0,-76.0
1777891732.2383325,-1.0,0.0,-77.0
1777891732.2483325,-4.0,1.0,-81.0
1777891732.2583325,-2.0,0.0,-81.0
1777891732.2683325,1.0,0.0,-78.0
1777891732.2783325,6.0,1.0,-78.0
1777891732.2883325,0.0,-3.0,-80.0
1777891732.2983325,-2.0,-2.0,-77.0
1777891732.3083324,-2.0,1.0,-74.0
1777891732.3183324,-4.0,0.0,-80.0
1777891732.3283324,-2.0,0.0,-75.0
1777891732.3383324,-2.0,-1.0,-69.0
1777891732.3483324,-1.0,-2.0,-67.0
1777891732.3583324,1.0,-3.0,-64.0
1777891732.3683324,2.0,-9.0,-63.0
1777891732.3783324,2.0,-11.0,-62.0
1777891732.3883324,0.0,-6.0,-65.0
1777891732.3983324,-1.0,-5.0,-71.0
1777891732.4083323,-4.0,-6.0,-74.0
1777891732.4183323,-4.0,-1.0,-72.0
1777891732.4283323,-2.0,0.0,-74.0
1777891732.4383323,0.0,0.0,-80.0
1777891732.4483323,4.0,-4.0,-86.0
1777891732.4583323,5.0,1.0,-90.0
1777891732.4683323,5.0,2.0,-89.0
1777891732.4783323,0.0,5.0,-84.0
1777891732.4883325,0.0,2.0,-86.0
1777891732.4983325,0.0,2.0,-86.0
1777891732.5083325,0.0,0.0,-81.0
1777891732.5183325,0.0,-5.0,-78.0
1777891732.5283325,-1.0,-4.0,-78.0
1777891732.5383325,0.0,-4.0,-72.0
1777891732.5483325,0.0,-5.0,-65.0
1777891732.5583324,1.0,-5.0,-61.0
1777891732.5683324,-2.0,-5.0,-56.0
1777891732.5783324,-3.0,-2.0,-57.0
1777891732.5883324,-7.0,-2.0,-59.0
1777891732.5983324,-6.0,-1.0,-59.0
1777891732.6083324,-2.0,-3.0,-57.0
1777891732.6183324,-4.0,-7.0,-58.0
1777891732.6283324,0.0,-1.0,-62.0
1777891732.6383324,0.0,-5.0,-70.0
1777891732.6483324,0.0,-8.0,-67.0
1777891732.6583323,0.0,-5.0,-66.0
1777891732.6683323,2.0,-5.0,-62.0
1777891732.6783323,2.0,0.0,-69.0
1777891732.6883323,4.0,-1.0,-68.0
1777891732.6983323,0.0,-4.0,-66.0
1777891732.7083323,-3.0,-7.0,-60.0
1777891732.7183323,-3.0,-3.0,-61.0
1777891732.7283323,-2.0,-2.0,-61.0
1777891732.7383325,-2.0,0.0,-58.0
1777891732.7483325,-3.0,1.0,-61.0
1777891732.7583325,-1.0,0.0,-66.0
1777891732.7683325,0.0,0.0,-69.0
1777891732.7783325,2.0,0.0,-70.0
1777891732.7883325,1.0,0.0,-72.0
1777891732.7983325,0.0,0.0,-69.0
1777891732.8083324,-1.0,0.0,-64.0
1777891732.8183324,-3.0,0.0,-65.0
1777891732.8283324,0.0,1.0,-68.0
1777891732.8383324,1.0,1.0,-72.0
1777891732.8483324,1.0,2.0,-70.0
1777891732.8583324,0.0,1.0,-70.0
1777891732.8683324,0.0,1.0,-71.0
1777891732.8783324,2.0,0.0,-74.0
1777891732.8883324,4.0,1.0,-75.0
1777891732.8983324,3.0,2.0,-80.0
1777891732.9083323,7.0,-2.0,-79.0
1777891732.9183323,3.0,-4.0,-79.0
1777891732.9283323,-1.0,-4.0,-80.0
1777891732.9383323,0.0,-8.0,-74.0
1777891732.9483323,1.0,-6.0,-74.0
1777891732.9583323,-1.0,-8.0,-65.0
1777891732.9683323,1.0,-4.0,-64.0
1777891732.9783323,-2.0,-5.0,-69.0
1777891732.9883325,-2.0,-6.0,-69.0
1777891732.9983325,-4.0,-6.0,-72.0
1777891733.0083325,0.0,-7.0,-75.0
1777891733.0183325,-1.0,-1.0,-75.0
1777891733.0283325,-2.0,-1.0,-78.0
1777891733.0383325,-1.0,-4.0,-76.0
1777891733.0483325,-3.0,-8.0,-79.0
1777891733.0583324,-4.0,-7.0,-76.0
1777891733.0683324,-2.0,-3.0,-71.0
1777891733.0783324,1.0,-2.0,-68.0
1777891733.0883324,1.0,-7.0,-68.0
1777891733.0983324,2.0,-6.0,-72.0
1777891733.1083324,0.0,-8.0,-72.0
1777891733.1183324,1.0,-6.0,-76.0
1777891733.1283324,0.0,-5.0,-78.0
1777891733.1383324,0.0,-5.0,-88.0
1777891733.1483324,-1.0,-1.0,-90.0
1777891733.1583323,-1.0,1.0,-89.0
1777891733.1683323,1.0,0.0,-89.0
1777891733.1783323,-2.0,-1.0,-90.0
1777891733.1883323,0.0,0.0,-87.0
1777891733.1983323,0.0,-3.0,-80.0
1777891733.2083323,2.0,-4.0,-78.0
1777891733.2183323,2.0,-4.0,-79.0
1777891733.2283323,4.0,-7.0,-77.0
1777891733.2383325,2.0,-1.0,-72.0
1777891733.2483325,4.0,0.0,-71.0
1777891733.2583325,5.0,0.0,-73.0
1777891733.2683325,2.0,4.0,-71.0
1777891733.2783325,2.0,5.0,-74.0
1777891733.2883325,1.0,3.0,-71.0
1777891733.2983325,-6.0,-1.0,-77.0
1777891733.3083324,-2.0,-6.0,-75.0
1777891733.3183324,0.0,-9.0,-72.0
1777891733.3283324,-2.0,-8.0,-70.0
1777891733.3383324,0.0,-3.0,-71.0
1777891733.3483324,0.0,0.0,-74.0
1777891733.3583324,3.0,0.0,-74.0
1777891733.3683324,-1.0,-3.0,-75.0
1777891733.3783324,-8.0,-3.0,-72.0
1777891733.3883324,-4.0,0.0,-70.0
1777891733.3983324,1.0,1.0,-73.0
1777891733.4083323,0.0,6.0,-68.0
1777891733.4183323,2.0,3.0,-69.0
1777891733.4283323,5.0,4.0,-71.0
1777891733.4383323,3.0,2.0,-66.0
1777891733.4483323,2.0,1.0,-67.0
1777891733.4583323,3.0,-3.0,-64.0
1777891733.4683323,-2.0,-3.0,-68.0
1777891733.4783323,-4.0,0.0,-66.0
1777891733.4883325,-4.0,-1.0,-70.0
1777891733.4983325,-4.0,0.0,-69.0
1777891733.5083325,0.0,4.0,-71.0
1777891733.5183325,4.0,5.0,-73.0
1777891733.5283325,4.0,3.0,-70.0
1777891733.5383325,3.0,1.0,-71.0
1777891733.5483325,3.0,-3.0,-69.0
1777891733.5583324,1.0,-5.0,-75.0
1777891733.5683324,3.0,-7.0,-83.0
1777891733.5783324,4.0,-11.0,-82.0
1777891733.5883324,3.0,-11.0,-77.0
1777891733.5983324,7.0,-7.0,-77.0
1777891733.6083324,4.0,-5.0,-74.0
1777891733.6183324,3.0,-5.0,-74.0
1777891733.6283324,6.0,-4.0,-68.0
1777891733.6383324,8.0,-4.0,-71.0
1777891733.6483324,7.0,-3.0,-72.0
1777891733.6583323,7.0,-2.0,-71.0
1777891733.6683323,1.0,-6.0,-71.0
1777891733.6783323,2.0,-5.0,-71.0
1777891733.6883323,0.0,-5.0,-71.0
1777891733.6983323,0.0,-9.0,-71.0
1777891733.7083323,3.0,-8.0,-67.0
1777891733.7183323,0.0,-9.0,-68.0
1777891733.7283323,1.0,-8.0,-68.0
1777891733.7383325,1.0,-6.0,-72.0
1777891733.7483325,0.0,-6.0,-74.0
1777891733.7583325,-2.0,-3.0,-76.0
1777891733.7683325,0.0,0.0,-75.0
1777891733.7783325,0.0,0.0,-75.0
1777891733.7883325,-3.0,0.0,-77.0
1777891733.7983325,-4.0,-2.0,-71.0
1777891733.8083324,-4.0,-3.0,-65.0
1777891733.8183324,-2.0,-2.0,-68.0
1777891733.8283324,0.0,1.0,-66.0
1777891733.8383324,2.0,1.0,-63.0
1777891733.8483324,0.0,4.0,-63.0
1777891733.8583324,2.0,0.0,-69.0
1777891733.8683324,4.0,-3.0,-73.0
1777891733.8783324,5.0,-4.0,-75.0
1777891733.8883324,5.0,-5.0,-74.0
1777891733.8983324,3.0,-6.0,-81.0
1777891733.9083323,2.0,-6.0,-78.0
1777891733.9183323,0.0,-6.0,-76.0
1777891733.9283323,0.0,-7.0,-73.0
1777891733.9383323,2.0,-2.0,-77.0
1777891733.9483323,5.0,-1.0,-81.0
1777891733.9583323,6.0,-1.0,-76.0
1777891733.9683323,6.0,0.0,-75.0
1777891733.9783323,7.0,1.0,-70.0
1777891733.9893324,9.0,0.0,-73.0
1777891733.9983325,9.0,-2.0,-74.0
1777891734.0083325,5.0,-3.0,-72.0
1777891734.0183325,7.0,0.0,-69.0
1777891734.0283325,7.0,-2.0,-67.0
1777891734.0393324,4.0,-4.0,-67.0
1777891734.0493324,3.0,-5.0,-66.0
1777891734.0593324,4.0,-1.0,-75.0
1777891734.0693324,2.0,-3.0,-82.0
1777891734.0793324,0.0,-1.0,-85.0
1777891734.0893323,0.0,2.0,-93.0
1777891734.0993323,0.0,0.0,-85.0
1777891734.1093323,-1.0,-1.0,-75.0
1777891734.1193323,-3.0,2.0,-70.0
1777891734.1293323,-1.0,0.0,-68.0
1777891734.1393323,-1.0,-1.0,-67.0
1777891734.1493323,3.0,-6.0,-67.0
1777891734.1593325,2.0,-9.0,-70.0
1777891734.1693325,3.0,-10.0,-67.0
1777891734.1793325,3.0,-10.0,-72.0
1777891734.1893325,3.0,-10.0,-72.0
1777891734.1993325,2.0,-8.0,-70.0
1777891734.2093325,3.0,-3.0,-71.0
1777891734.2193325,2.0,-3.0,-65.0
1777891734.2293324,2.0,-5.0,-66.0
1777891734.2393324,0.0,-6.0,-74.0
1777891734.2493324,3.0,-3.0,-85.0
1777891734.2593324,1.0,-4.0,-86.0
1777891734.2693324,1.0,-13.0,-84.0
1777891734.2793324,3.0,-11.0,-84.0
1777891734.2893324,3.0,-9.0,-85.0
1777891734.2993324,5.0,-4.0,-81.0
1777891734.3093324,4.0,-3.0,-88.0
1777891734.3193324,4.0,-3.0,-93.0
1777891734.3293324,3.0,0.0,-88.0
1777891734.3393323,1.0,0.0,-87.0
1777891734.3493323,1.0,0.0,-84.0
1777891734.3593323,7.0,-2.0,-79.0
1777891734.3693323,7.0,-1.0,-78.0
1777891734.3793323,9.0,-4.0,-79.0
1777891734.3893323,6.0,0.0,-80.0
1777891734.3993323,5.0,-2.0,-79.0
1777891734.4093325,4.0,-4.0,-79.0
1777891734.4193325,0.0,0.0,-81.0
1777891734.4293325,-1.0,6.0,-74.0
1777891734.4393325,-1.0,4.0,-70.0
1777891734.4493325,0.0,4.0,-70.0
1777891734.4593325,-2.0,1.0,-71.0
1777891734.4693325,-4.0,-1.0,-68.0
1777891734.4793324,-4.0,-4.0,-73.0
1777891734.4893324,-6.0,-5.0,-76.0
1777891734.4993324,-13.0,-5.0,-75.0
1777891734.5093324,-11.0,-2.0,-70.0
1777891734.5193324,-7.0,-1.0,-69.0
1777891734.5293324,-6.0,-1.0,-72.0
1777891734.5393324,-7.0,-1.0,-73.0
1777891734.5493324,-3.0,-4.0,-75.0
1777891734.5593324,-8.0,-5.0,-80.0
1777891734.5693324,-6.0,-4.0,-77.0
1777891734.5793324,-4.0,-2.0,-76.0
1777891734.5893323,-3.0,-3.0,-75.0
1777891734.5993323,0.0,-3.0,-70.0
1777891734.6093323,0.0,-1.0,-74.0
1777891734.6193323,1.0,3.0,-82.0
1777891734.6293323,-1.0,-1.0,-78.0
1777891734.6393323,-1.0,-7.0,-75.0
1777891734.6493323,-1.0,-5.0,-72.0
1777891734.6593325,3.0,-4.0,-81.0
1777891734.6693325,4.0,0.0,-77.0
1777891734.6793325,3.0,0.0,-77.0
1777891734.6893325,2.0,-4.0,-72.0
1777891734.6993325,1.0,-5.0,-82.0
1777891734.7093325,-1.0,-5.0,-84.0
1777891734.7193325,0.0,-2.0,-79.0
1777891734.7293324,-3.0,1.0,-76.0
1777891734.7393324,-4.0,0.0,-75.0
1777891734.7493324,-8.0,-2.0,-66.0
1777891734.7593324,-6.0,-1.0,-70.0
1777891734.7693324,-3.0,0.0,-71.0
1777891734.7793324,-3.0,-1.0,-72.0
1777891734.7893324,-2.0,0.0,-73.0
1777891734.7993324,-1.0,0.0,-67.0
1777891734.8093324,1.0,0.0,-70.0
1777891734.8193324,4.0,-3.0,-72.0
1777891734.8293324,1.0,-4.0,-74.0
1777891734.8393323,2.0,0.0,-74.0
1777891734.8493323,2.0,0.0,-72.0
1777891734.8593323,2.0,-2.0,-73.0
1777891734.8693323,3.0,-3.0,-76.0
1777891734.8793323,4.0,-7.0,-70.0
1777891734.8893323,7.0,-7.0,-67.0
1777891734.8993323,0.0,-6.0,-73.0
1777891734.9093325,-2.0,-8.0,-76.0
1777891734.9193325,-3.0,-12.0,-80.0
1777891734.9293325,-6.0,-10.0,-81.0
1777891734.9393325,-4.0,-8.0,-75.0
1777891734.9493325,2.0,-9.0,-77.0
1777891734.9593325,3.0,-3.0,-83.0
1777891734.9693325,-2.0,-2.0,-74.0
1777891734.9793324,-2.0,-3.0,-80.0
1777891734.9903324,-2.0,-2.0,-78.0
1777891734.9993324,-2.0,0.0,-76.0
1777891735.0093324,2.0,0.0,-86.0
1777891735.0193324,0.0,2.0,-83.0
1777891735.0293324,2.0,4.0,-76.0
1777891735.0393324,2.0,8.0,-73.0
1777891735.0493324,2.0,6.0,-70.0
1777891735.0593324,4.0,7.0,-77.0
1777891735.0693324,4.0,5.0,-74.0
1777891735.0793324,3.0,5.0,-70.0
1777891735.0893323,1.0,3.0,-73.0
1777891735.0993323,0.0,0.0,-79.0
1777891735.1093323,2.0,-4.0,-82.0
1777891735.1193323,0.0,-2.0,-84.0
1777891735.1293323,-3.0,-2.0,-83.0
1777891735.1393323,-4.0,-3.0,-84.0
1777891735.1493323,-6.0,-5.0,-84.0
1777891735.1593325,-1.0,-2.0,-86.0
1777891735.1693325,-6.0,0.0,-84.0
1777891735.1793325,-8.0,0.0,-83.0
1777891735.1893325,-10.0,-2.0,-81.0
1777891735.1993325,-7.0,0.0,-81.0
1777891735.2093325,-5.0,0.0,-78.0
1777891735.2193325,-3.0,2.0,-74.0
1777891735.2293324,0.0,5.0,-73.0
1777891735.2393324,0.0,4.0,-74.0
1777891735.2493324,6.0,0.0,-79.0
1777891735.2593324,5.0,5.0,-76.0
1777891735.2693324,-1.0,2.0,-73.0
1777891735.2793324,0.0,1.0,-75.0
1777891735.2893324,-2.0,2.0,-75.0
1777891735.2993324,-3.0,0.0,-71.0
1777891735.3093324,-1.0,-3.0,-76.0
1777891735.3193324,-1.0,-1.0,-81.0
1777891735.3293324,0.0,-2.0,-78.0
1777891735.3393323,-5.0,-2.0,-73.0
1777891735.3493323,-6.0,0.0,-63.0
1777891735.3593323,-7.0,0.0,-66.0
1777891735.3693323,-1.0,-2.0,-67.0
1777891735.3793323,3.0,-6.0,-68.0
1777891735.3893323,5.0,-5.0,-69.0
1777891735.3993323,2.0,-2.0,-75.0
1777891735.4093325,4.0,-5.0,-74.0
1777891735.4193325,3.0,-10.0,-74.0
1777891735.4293325,3.0,-5.0,-76.0
1777891735.4393325,0.0,-3.0,-75.0
1777891735.4493325,-1.0,-4.0,-78.0
1777891735.4593325,1.0,-6.0,-81.0
1777891735.4693325,3.0,-6.0,-76.0
1777891735.4793324,2.0,-5.0,-75.0
1777891735.4893324,-2.0,-2.0,-78.0
1777891735.4993324,-7.0,-1.0,-76.0
1777891735.5093324,0.0,2.0,-73.0
1777891735.5193324,3.0,2.0,-80.0
1777891735.5293324,10.0,2.0,-79.0
1777891735.5393324,7.0,1.0,-78.0
1777891735.5493324,5.0,0.0,-71.0
1777891735.5593324,0.0,-5.0,-72.0
1777891735.5693324,0.0,-4.0,-78.0
1777891735.5793324,2.0,0.0,-79.0
1777891735.5893323,1.0,0.0,-70.0
1777891735.5993323,-2.0,1.0,-72.0
1777891735.6093323,-1.0,5.0,-73.0
1777891735.6193323,-4.0,7.0,-76.0
1777891735.6293323,-7.0,6.0,-65.0
1777891735.6393323,-7.0,1.0,-73.0
1777891735.6493323,-7.0,0.0,-74.0
1777891735.6593325,-3.0,-1.0,-75.0
1777891735.6693325,-1.0,-1.0,-79.0
1777891735.6793325,0.0,-2.0,-77.0
1777891735.6893325,0.0,0.0,-77.0
1777891735.6993325,0.0,-1.0,-75.0
1777891735.7093325,0.0,-8.0,-78.0
1777891735.7193325,-2.0,-10.0,-85.0
1777891735.7293324,-1.0,-7.0,-89.0
1777891735.7393324,-1.0,-5.0,-93.0
1777891735.7493324,-1.0,-3.0,-90.0
1777891735.7593324,3.0,-2.0,-87.0
1777891735.7693324,-1.0,0.0,-75.0
1777891735.7793324,0.0,4.0,-73.0
1777891735.7893324,3.0,6.0,-73.0
1777891735.7993324,2.0,3.0,-71.0
1777891735.8093324,-1.0,2.0,-72.0
1777891735.8193324,0.0,0.0,-72.0
1777891735.8293324,1.0,1.0,-74.0
1777891735.8393323,7.0,0.0,-72.0
1777891735.8493323,3.0,0.0,-68.0
1777891735.8593323,6.0,0.0,-74.0
1777891735.8693323,6.0,3.0,-81.0
1777891735.8793323,2.0,0.0,-83.0
1777891735.8893323,0.0,1.0,-81.0
1777891735.8993323,0.0,-1.0,-83.0
1777891735.9093325,-6.0,-3.0,-84.0
1777891735.9193325,-5.0,-2.0,-87.0
1777891735.9293325,-2.0,-3.0,-79.0
1777891735.9393325,0.0,-4.0,-81.0
1777891735.9493325,-1.0,-1.0,-79.0
1777891735.9593325,0.0,-2.0,-80.0
1777891735.9693325,1.0,-1.0,-86.0
1777891735.9793324,-2.0,-3.0,-81.0
1777891735.9893324,-5.0,-1.0,-82.0
1777891735.9993324,-5.0,0.0,-76.0
1777891736.0093324,-2.0,-3.0,-75.0
1777891736.0193324,-4.0,0.0,-68.0
1777891736.0303323,-1.0,0.0,-73.0
1777891736.0403323,0.0,-2.0,-71.0
1777891736.0503323,0.0,-6.0,-74.0
1777891736.0603323,0.0,-6.0,-73.0
1777891736.0703323,0.0,-6.0,-79.0
1777891736.0803325,-1.0,-11.0,-78.0
1777891736.0903325,-4.0,-9.0,-71.0
1777891736.1003325,-4.0,-10.0,-67.0
1777891736.1103325,-3.0,-4.0,-68.0
1777891736.1203325,-1.0,-4.0,-70.0
1777891736.1303325,2.0,-8.0,-68.0
1777891736.1403325,0.0,-8.0,-68.0
1777891736.1503325,-1.0,-3.0,-72.0
1777891736.1603324,-3.0,2.0,-72.0
1777891736.1703324,-3.0,1.0,-67.0
1777891736.1803324,-4.0,2.0,-68.0
1777891736.1903324,-1.0,4.0,-70.0
1777891736.2003324,1.0,6.0,-67.0
1777891736.2103324,0.0,1.0,-62.0
1777891736.2203324,-1.0,1.0,-65.0
1777891736.2303324,1.0,3.0,-62.0
1777891736.2403324,-1.0,2.0,-72.0
1777891736.2503324,1.0,3.0,-81.0
1777891736.2603323,-1.0,7.0,-84.0
1777891736.2703323,0.0,5.0,-81.0
1777891736.2803323,-3.0,1.0,-74.0
1777891736.2903323,-4.0,0.0,-69.0
1777891736.3003323,-5.0,0.0,-64.0
1777891736.3103323,-7.0,0.0,-58.0
1777891736.3203323,-3.0,0.0,-59.0
1777891736.3303325,0.0,2.0,-62.0
1777891736.3403325,0.0,0.0,-65.0
1777891736.3503325,1.0,-1.0,-66.0
1777891736.3603325,1.0,-3.0,-62.0
1777891736.3703325,-2.0,-1.0,-70.0
1777891736.3803325,-4.0,-4.0,-70.0
1777891736.3903325,-8.0,-8.0,-68.0
1777891736.4003325,-9.0,-1.0,-69.0
1777891736.4103324,-6.0,-2.0,-72.0
1777891736.4203324,-5.0,-1.0,-71.0
1777891736.4303324,-4.0,-1.0,-68.0
1777891736.4403324,-1.0,0.0,-70.0
1777891736.4503324,3.0,2.0,-67.0
1777891736.4603324,0.0,0.0,-65.0
1777891736.4703324,4.0,-4.0,-65.0
1777891736.4803324,4.0,-5.0,-68.0
1777891736.4903324,0.0,-5.0,-66.0
1777891736.5003324,-3.0,0.0,-63.0
1777891736.5103323,-1.0,0.0,-60.0
1777891736.5203323,0.0,-4.0,-66.0
1777891736.5303323,-1.0,-7.0,-69.0
1777891736.5403323,-3.0,-2.0,-77.0
1777891736.5503323,-3.0,0.0,-80.0
1777891736.5603323,-3.0,-3.0,-76.0
1777891736.5703323,-4.0,-4.0,-77.0
1777891736.5803325,-2.0,-4.0,-78.0
1777891736.5903325,0.0,-1.0,-81.0
1777891736.6003325,3.0,0.0,-83.0
1777891736.6103325,0.0,-2.0,-85.0
1777891736.6203325,-3.0,-6.0,-80.0
1777891736.6303325,-1.0,0.0,-82.0
1777891736.6403325,-3.0,0.0,-83.0
1777891736.6503325,0.0,0.0,-83.0
1777891736.6603324,1.0,-1.0,-89.0
1777891736.6703324,0.0,-3.0,-85.0
1777891736.6803324,-1.0,-4.0,-84.0
1777891736.6903324,1.0,-8.0,-83.0
1777891736.7003324,0.0,-7.0,-86.0
1777891736.7103324,-1.0,-6.0,-80.0
1777891736.7203324,0.0,-3.0,-77.0
1777891736.7303324,0.0,-2.0,-76.0
1777891736.7403324,-2.0,-5.0,-79.0
1777891736.7503324,-3.0,-5.0,-74.0
1777891736.7603323,-3.0,-4.0,-77.0
1777891736.7703323,-2.0,-2.0,-73.0
1777891736.7803323,-1.0,-2.0,-70.0
1777891736.7903323,0.0,0.0,-74.0
1777891736.8003323,1.0,-3.0,-72.0
1777891736.8103323,0.0,-2.0,-72.0
1777891736.8203323,0.0,-2.0,-71.0
1777891736.8303325,0.0,0.0,-74.0
1777891736.8403325,-1.0,1.0,-76.0
1777891736.8503325,-6.0,-1.0,-76.0
1777891736.8603325,-5.0,0.0,-74.0
1777891736.8703325,-1.0,-8.0,-75.0
1777891736.8803325,-2.0,-7.0,-75.0
1777891736.8903325,-1.0,-3.0,-67.0
1777891736.9003325,0.0,-2.0,-64.0
1777891736.9103324,-2.0,0.0,-64.0
1777891736.9203324,-4.0,0.0,-69.0
1777891736.9303324,0.0,0.0,-70.0
1777891736.9403324,0.0,-4.0,-70.0
1777891736.9503324,-5.0,-5.0,-72.0
1777891736.9603324,-6.0,-4.0,-73.0
1777891736.9703324,0.0,-2.0,-75.0
1777891736.9803324,0.0,-2.0,-73.0
1777891736.9903324,2.0,1.0,-76.0
1777891737.0003324,1.0,0.0,-77.0
1777891737.0103323,3.0,0.0,-78.0
1777891737.0203323,1.0,-2.0,-74.0
1777891737.0303323,0.0,-2.0,-67.0
1777891737.0403323,0.0,0.0,-70.0
1777891737.0503323,0.0,-1.0,-68.0
1777891737.0603323,-2.0,0.0,-65.0
1777891737.0703323,-3.0,-3.0,-62.0
1777891737.0803325,0.0,-5.0,-59.0
1777891737.0903325,-1.0,-5.0,-60.0
1777891737.1003325,-5.0,-5.0,-64.0
1777891737.1103325,-5.0,-3.0,-65.0
1777891737.1203325,-5.0,-3.0,-67.0
1777891737.1303325,-7.0,-2.0,-70.0
1777891737.1403325,-5.0,-6.0,-74.0
1777891737.1503325,-7.0,-7.0,-76.0
1777891737.1603324,-3.0,-5.0,-79.0
1777891737.1703324,-3.0,-1.0,-83.0
1777891737.1803324,-4.0,0.0,-85.0
1777891737.1903324,-4.0,0.0,-83.0
1777891737.2003324,-6.0,-3.0,-80.0
1777891737.2103324,-9.0,-4.0,-85.0
1777891737.2203324,-4.0,-2.0,-85.0
1777891737.2303324,0.0,0.0,-81.0
1777891737.2403324,1.0,1.0,-77.0
1777891737.2503324,2.0,0.0,-79.0
1777891737.2603323,5.0,-1.0,-73.0
1777891737.2703323,2.0,-2.0,-64.0
1777891737.2803323,0.0,-5.0,-66.0
1777891737.2903323,0.0,-4.0,-75.0
1777891737.3003323,0.0,-4.0,-75.0
1777891737.3103323,3.0,-2.0,-71.0
1777891737.3203323,0.0,0.0,-71.0
1777891737.3303325,2.0,-5.0,-74.0
1777891737.3403325,4.0,-4.0,-72.0
1777891737.3503325,5.0,-5.0,-72.0
1777891737.3603325,2.0,0.0,-73.0
1777891737.3703325,1.0,0.0,-69.0
1777891737.3803325,2.0,0.0,-75.0
1777891737.3903325,7.0,1.0,-80.0
1777891737.4003325,2.0,-2.0,-86.0
1777891737.4103324,-2.0,-1.0,-81.0
1777891737.4203324,2.0,3.0,-80.0
1777891737.4303324,5.0,1.0,-80.0
1777891737.4403324,3.0,2.0,-83.0
1777891737.4503324,0.0,-1.0,-82.0
1777891737.4603324,0.0,0.0,-77.0
1777891737.4703324,-1.0,1.0,-76.0
1777891737.4803324,-1.0,-3.0,-78.0
1777891737.4903324,0.0,-3.0,-82.0
1777891737.5003324,4.0,0.0,-79.0
1777891737.5103323,2.0,0.0,-85.0
1777891737.5203323,3.0,0.0,-84.0
1777891737.5303323,4.0,1.0,-76.0
1777891737.5403323,3.0,1.0,-73.0
1777891737.5503323,2.0,3.0,-78.0
1777891737.5603323,1.0,2.0,-72.0
1777891737.5703323,3.0,1.0,-71.0
1777891737.5803325,7.0,0.0,-76.0
1777891737.5903325,6.0,-1.0,-77.0
1777891737.6003325,5.0,-3.0,-77.0
1777891737.6103325,2.0,-2.0,-78.0
1777891737.6203325,1.0,-5.0,-76.0
1777891737.6303325,0.0,-4.0,-74.0
1777891737.6403325,0.0,-2.0,-83.0
1777891737.6503325,1.0,-2.0,-77.0
1777891737.6603324,1.0,-3.0,-82.0
1777891737.6703324,3.0,-1.0,-82.0
1777891737.6803324,0.0,0.0,-76.0
1777891737.6903324,-3.0,0.0,-80.0
1777891737.7003324,-5.0,3.0,-73.0
1777891737.7103324,-3.0,4.0,-63.0
1777891737.7203324,-1.0,1.0,-60.0
1777891737.7303324,1.0,2.0,-65.0
1777891737.7403324,2.0,1.0,-71.0
1777891737.7503324,7.0,1.0,-76.0
1777891737.7603323,7.0,0.0,-75.0
1777891737.7703323,13.0,1.0,-69.0
1777891737.7803323,10.0,1.0,-72.0
1777891737.7903323,10.0,1.0,-66.0
1777891737.8003323,11.0,6.0,-66.0
1777891737.8103323,12.0,0.0,-76.0
1777891737.8203323,11.0,-4.0,-71.0
1777891737.8303325,5.0,-7.0,-70.0
1777891737.8403325,2.0,-4.0,-72.0
1777891737.8503325,0.0,-6.0,-68.0
1777891737.8603325,-4.0,-4.0,-65.0
1777891737.8703325,-2.0,-3.0,-62.0
1777891737.8803325,0.0,-6.0,-69.0
1777891737.8903325,0.0,-3.0,-72.0
1777891737.9003325,1.0,-4.0,-73.0
1777891737.9103324,0.0,-1.0,-73.0
1777891737.9203324,-3.0,2.0,-76.0
1777891737.9303324,-5.0,0.0,-75.0
1777891737.9403324,0.0,-1.0,-76.0
1777891737.9503324,1.0,0.0,-74.0
1777891737.9603324,3.0,0.0,-68.0
1777891737.9703324,6.0,0.0,-65.0
1777891737.9803324,5.0,1.0,-62.0
1777891737.9913323,3.0,0.0,-62.0
1777891738.0013323,3.0,0.0,-66.0
1777891738.0103323,6.0,0.0,-66.0
1777891738.0213325,6.0,2.0,-69.0
1777891738.0313325,6.0,5.0,-70.0
1777891738.0413325,5.0,1.0,-72.0
1777891738.0513325,6.0,0.0,-74.0
1777891738.0613325,8.0,1.0,-77.0
1777891738.0713325,5.0,0.0,-72.0
1777891738.0813324,1.0,-1.0,-67.0
1777891738.0913324,-1.0,-1.0,-68.0
1777891738.1013324,2.0,1.0,-64.0
1777891738.1113324,2.0,3.0,-68.0
1777891738.1213324,2.0,3.0,-73.0
1777891738.1313324,1.0,1.0,-70.0
1777891738.1413324,-1.0,2.0,-68.0
1777891738.1513324,-1.0,2.0,-70.0
1777891738.1613324,2.0,3.0,-67.0
1777891738.1713324,2.0,6.0,-67.0
1777891738.1813323,3.0,9.0,-68.0
1777891738.1913323,-1.0,2.0,-63.0
1777891738.2013323,0.0,2.0,-63.0
1777891738.2113323,3.0,3.0,-61.0
1777891738.2213323,2.0,4.0,-56.0
1777891738.2313323,2.0,2.0,-58.0
1777891738.2413323,3.0,2.0,-66.0
1777891738.2513323,1.0,-1.0,-69.0
1777891738.2613325,2.0,-6.0,-67.0
1777891738.2713325,1.0,-4.0,-72.0
1777891738.2813325,-1.0,-1.0,-75.0
1777891738.2913325,1.0,-6.0,-78.0
1777891738.3013325,4.0,-9.0,-78.0
1777891738.3113325,7.0,-10.0,-75.0
1777891738.3213325,-1.0,-5.0,-75.0
1777891738.3313324,0.0,-4.0,-74.0
1777891738.3413324,-3.0,0.0,-77.0
1777891738.3513324,-6.0,0.0,-67.0
1777891738.3613324,-6.0,-1.0,-66.0
1777891738.3713324,-8.0,-3.0,-74.0
1777891738.3813324,-7.0,-1.0,-71.0
1777891738.3913324,-4.0,3.0,-74.0
1777891738.4013324,-1.0,0.0,-74.0
1777891738.4113324,0.0,5.0,-78.0
1777891738.4213324,1.0,3.0,-80.0
1777891738.4313323,4.0,1.0,-76.0
1777891738.4413323,4.0,0.0,-80.0
1777891738.4513323,5.0,-6.0,-78.0
1777891738.4613323,4.0,-10.0,-75.0
1777891738.4713323,4.0,-13.0,-76.0
1777891738.4813323,1.0,-11.0,-73.0
1777891738.4913323,0.0,-8.0,-79.0
1777891738.5013323,-1.0,-4.0,-76.0
1777891738.5113325,-3.0,-9.0,-80.0
1777891738.5213325,-1.0,-5.0,-83.0
1777891738.5313325,1.0,-5.0,-83.0
1777891738.5413325,2.0,-9.0,-82.0
1777891738.5513325,2.0,-10.0,-80.0
1777891738.5613325,-3.0,-9.0,-78.0
1777891738.5713325,-4.0,-4.0,-78.0
1777891738.5813324,-1.0,-4.0,-71.0
1777891738.5913324,1.0,-1.0,-64.0
1777891738.6013324,3.0,0.0,-61.0
1777891738.6113324,1.0,-2.0,-62.0
1777891738.6213324,-5.0,-3.0,-58.0
1777891738.6313324,-5.0,-1.0,-65.0
1777891738.6413324,-5.0,2.0,-66.0
1777891738.6513324,-1.0,0.0,-68.0
1777891738.6613324,2.0,0.0,-70.0
1777891738.6713324,5.0,-4.0,-69.0
1777891738.6813323,3.0,-4.0,-67.0
1777891738.6913323,1.0,-4.0,-74.0
1777891738.7013323,3.0,0.0,-69.0
1777891738.7113323,7.0,2.0,-74.0
1777891738.7213323,12.0,0.0,-79.0
1777891738.7313323,6.0,-1.0,-81.0
1777891738.7413323,7.0,1.0,-75.0
1777891738.7513323,5.0,0.0,-71.0
1777891738.7613325,3.0,-1.0,-79.0
1777891738.7713325,6.0,0.0,-82.0
1777891738.7813325,3.0,-6.0,-86.0
1777891738.7913325,0.0,-9.0,-80.0
1777891738.8013325,-1.0,-3.0,-73.0
1777891738.8113325,-4.0,0.0,-70.0
1777891738.8213325,-2.0,-6.0,-73.0
1777891738.8313324,2.0,-1.0,-71.0
1777891738.8413324,4.0,1.0,-74.0
1777891738.8513324,4.0,7.0,-73.0
1777891738.8613324,3.0,6.0,-73.0
1777891738.8713324,6.0,2.0,-75.0
1777891738.8813324,2.0,1.0,-66.0
1777891738.8913324,1.0,0.0,-72.0
1777891738.9013324,2.0,-2.0,-66.0
1777891738.9113324,3.0,-6.0,-62.0
1777891738.9213324,-1.0,-6.0,-67.0
1777891738.9313323,0.0,-3.0,-74.0
1777891738.9413323,0.0,-5.0,-77.0
1777891738.9513323,0.0,-5.0,-83.0
1777891738.9613323,0.0,-4.0,-80.0
1777891738.9713323,1.0,-3.0,-79.0
1777891738.9813323,2.0,0.0,-74.0
1777891738.9913323,5.0,2.0,-75.0
1777891739.0013323,5.0,7.0,-76.0
1777891739.0113325,4.0,3.0,-66.0
1777891739.0213325,8.0,4.0,-61.0
1777891739.0313325,11.0,3.0,-67.0
1777891739.0413325,14.0,-2.0,-68.0
1777891739.0513325,12.0,-3.0,-66.0
1777891739.0613325,8.0,-6.0,-72.0
1777891739.0713325,4.0,-3.0,-69.0
1777891739.0813324,4.0,-4.0,-71.0
1777891739.0913324,0.0,-2.0,-71.0
1777891739.1013324,0.0,-1.0,-75.0
1777891739.1113324,2.0,0.0,-70.0
1777891739.1213324,7.0,-1.0,-72.0
1777891739.1313324,10.0,-2.0,-77.0
1777891739.1413324,8.0,-3.0,-79.0
1777891739.1513324,6.0,-1.0,-72.0
1777891739.1613324,5.0,2.0,-68.0
1777891739.1713324,0.0,7.0,-71.0
1777891739.1813323,2.0,5.0,-66.0
1777891739.1913323,-5.0,2.0,-70.0
1777891739.2013323,-7.0,1.0,-77.0
1777891739.2113323,-8.0,-1.0,-78.0
1777891739.2213323,0.0,-1.0,-76.0
1777891739.2313323,0.0,-5.0,-73.0
1777891739.2413323,-5.0,-6.0,-68.0
1777891739.2513323,-7.0,-6.0,-68.0
1777891739.2613325,-3.0,-5.0,-75.0
1777891739.2713325,-3.0,-2.0,-73.0
1777891739.2813325,0.0,-3.0,-76.0
1777891739.2913325,2.0,-3.0,-75.0
1777891739.3013325,-2.0,1.0,-75.0
1777891739.3113325,-2.0,0.0,-75.0
1777891739.3223324,0.0,3.0,-76.0
1777891739.3313324,3.0,1.0,-70.0
1777891739.3413324,-3.0,1.0,-65.0
1777891739.3513324,-1.0,0.0,-65.0
1777891739.3613324,-1.0,1.0,-67.0
1777891739.3713324,1.0,2.0,-71.0
1777891739.3813324,1.0,5.0,-64.0
1777891739.3913324,-1.0,3.0,-66.0
1777891739.4013324,-1.0,-1.0,-67.0
1777891739.4113324,-2.0,2.0,-64.0
1777891739.4213324,1.0,5.0,-65.0
1777891739.4313323,3.0,6.0,-71.0
1777891739.4413323,1.0,6.0,-68.0
1777891739.4513323,3.0,5.0,-65.0
1777891739.4613323,0.0,4.0,-66.0
1777891739.4713323,3.0,4.0,-70.0
1777891739.4813323,4.0,3.0,-72.0
1777891739.4913323,2.0,0.0,-73.0
1777891739.5013323,2.0,-3.0,-76.0
1777891739.5113325,4.0,-4.0,-78.0
1777891739.5213325,3.0,-2.0,-74.0
1777891739.5313325,-2.0,-3.0,-71.0
1777891739.5413325,-6.0,-3.0,-73.0
1777891739.5513325,-7.0,-3.0,-73.0
1777891739.5613325,-6.0,-3.0,-76.0
1777891739.5713325,-3.0,-3.0,-79.0
1777891739.5813324,-3.0,-4.0,-79.0
1777891739.5913324,-1.0,-1.0,-72.0
1777891739.6013324,-2.0,-1.0,-66.0
1777891739.6113324,-3.0,-2.0,-69.0
1777891739.6213324,-4.0,-1.0,-74.0
1777891739.6313324,-7.0,-3.0,-73.0
1777891739.6413324,-10.0,-1.0,-73.0
1777891739.6513324,-6.0,-6.0,-69.0
1777891739.6613324,-2.0,-4.0,-67.0
1777891739.6713324,1.0,-4.0,-70.0
1777891739.6813323,1.0,-7.0,-65.0
1777891739.6913323,0.0,-5.0,-64.0
1777891739.7013323,3.0,0.0,-65.0
1777891739.7113323,-1.0,-1.0,-65.0
1777891739.7213323,-1.0,-1.0,-70.0
1777891739.7313323,0.0,0.0,-71.0
1777891739.7413323,-1.0,-1.0,-72.0
1777891739.7513323,1.0,1.0,-73.0
1777891739.7613325,5.0,2.0,-81.0
1777891739.7713325,3.0,1.0,-83.0
1777891739.7813325,3.0,0.0,-92.0
1777891739.7913325,0.0,-3.0,-89.0
1777891739.8013325,2.0,0.0,-89.0
1777891739.8113325,-3.0,-8.0,-87.0
1777891739.8213325,-2.0,-5.0,-87.0
1777891739.8313324,-2.0,-6.0,-77.0
1777891739.8413324,-3.0,-3.0,-75.0
1777891739.8513324,-4.0,-3.0,-71.0
1777891739.8613324,-4.0,-6.0,-75.0
1777891739.8713324,-1.0,-6.0,-76.0
1777891739.8813324,-3.0,-10.0,-72.0
1777891739.8913324,-2.0,-9.0,-76.0
1777891739.9013324,-4.0,-5.0,-82.0
1777891739.9113324,0.0,-4.0,-78.0
1777891739.9213324,1.0,-1.0,-73.0
1777891739.9313323,0.0,-2.0,-65.0
1777891739.9413323,0.0,0.0,-64.0
1777891739.9513323,0.0,-1.0,-66.0
1777891739.9613323,-4.0,0.0,-61.0
1777891739.9713323,-4.0,0.0,-62.0
1777891739.9813323,-5.0,-4.0,-65.0
1777891739.9923325,-7.0,-5.0,-61.0
1777891740.0023324,-5.0,-1.0,-62.0
1777891740.0123324,0.0,-2.0,-61.0
1777891740.0223324,4.0,0.0,-58.0
1777891740.0313325,7.0,3.0,-53.0
1777891740.0423324,6.0,0.0,-58.0
1777891740.0523324,8.0,2.0,-63.0
1777891740.0623324,6.0,0.0,-71.0
1777891740.0723324,6.0,1.0,-76.0
1777891740.0823324,4.0,3.0,-72.0
1777891740.0923324,1.0,0.0,-70.0
1777891740.1023324,1.0,-1.0,-70.0
1777891740.1123323,0.0,2.0,-73.0
1777891740.1223323,2.0,0.0,-77.0
1777891740.1323323,2.0,-3.0,-83.0
1777891740.1423323,0.0,0.0,-89.0
1777891740.1523323,2.0,-2.0,-87.0
1777891740.1623323,1.0,0.0,-88.0
1777891740.1723323,-6.0,1.0,-84.0
1777891740.1823325,-9.0,0.0,-81.0
1777891740.1923325,-10.0,-1.0,-75.0
1777891740.2023325,-5.0,-1.0,-67.0
1777891740.2123325,-3.0,0.0,-68.0
1777891740.2223325,-3.0,-3.0,-72.0
1777891740.2323325,-2.0,-6.0,-78.0
1777891740.2423325,-1.0,-4.0,-73.0
1777891740.2523324,-1.0,2.0,-69.0
1777891740.2623324,6.0,0.0,-72.0
1777891740.2723324,9.0,1.0,-78.0
1777891740.2823324,11.0,0.0,-74.0
1777891740.2923324,11.0,1.0,-71.0
1777891740.3023324,8.0,-3.0,-64.0
1777891740.3123324,5.0,-1.0,-64.0
1777891740.3223324,3.0,-4.0,-60.0
1777891740.3323324,5.0,-2.0,-63.0
1777891740.3423324,2.0,-2.0,-68.0
1777891740.3523324,-1.0,-2.0,-68.0
1777891740.3623323,-1.0,-2.0,-67.0
1777891740.3723323,3.0,-2.0,-66.0
1777891740.3823323,5.0,2.0,-67.0
1777891740.3923323,2.0,0.0,-70.0
1777891740.4023323,0.0,-3.0,-73.0
1777891740.4123323,2.0,-3.0,-71.0
1777891740.4223323,0.0,-4.0,-69.0
1777891740.4323325,0.0,-7.0,-76.0
1777891740.4423325,4.0,-7.0,-73.0
1777891740.4523325,4.0,-4.0,-73.0
1777891740.4623325,0.0,-6.0,-74.0
1777891740.4723325,0.0,-5.0,-75.0
1777891740.4823325,-2.0,-4.0,-73.0
1777891740.4923325,-3.0,-2.0,-67.0
1777891740.5023324,-2.0,0.0,-68.0
1777891740.5123324,1.0,-2.0,-66.0
1777891740.5223324,-1.0,0.0,-67.0
1777891740.5323324,-1.0,0.0,-71.0
1777891740.5423324,1.0,0.0,-78.0
1777891740.5523324,0.0,0.0,-77.0
1777891740.5623324,-1.0,1.0,-76.0
1777891740.5723324,-3.0,0.0,-69.0
1777891740.5823324,-5.0,-3.0,-68.0
1777891740.5923324,-4.0,-4.0,-60.0
1777891740.6023324,-1.0,-3.0,-64.0
1777891740.6123323,-3.0,-1.0,-66.0
1777891740.6223323,-3.0,-2.0,-67.0
1777891740.6323323,0.0,0.0,-68.0
1777891740.6423323,0.0,0.0,-70.0
1777891740.6523323,-2.0,2.0,-70.0
1777891740.6623323,-1.0,3.0,-67.0
1777891740.6723323,-4.0,2.0,-74.0
1777891740.6823325,-4.0,-3.0,-78.0
1777891740.6923325,-3.0,0.0,-70.0
1777891740.7023325,-1.0,0.0,-70.0
1777891740.7123325,-4.0,0.0,-68.0
1777891740.7223325,-1.0,-1.0,-63.0
1777891740.7323325,1.0,-3.0,-68.0
1777891740.7423325,1.0,-2.0,-68.0
1777891740.7523324,1.0,-1.0,-70.0
1777891740.7623324,0.0,0.0,-73.0
1777891740.7723324,-1.0,0.0,-69.0
1777891740.7823324,-1.0,-1.0,-63.0
1777891740.7923324,-6.0,-3.0,-66.0
1777891740.8023324,-9.0,-7.0,-61.0
1777891740.8123324,-8.0,0.0,-58.0
1777891740.8223324,-7.0,1.0,-59.0
1777891740.8323324,-3.0,0.0,-62.0
1777891740.8423324,-3.0,0.0,-62.0
1777891740.8523324,-6.0,8.0,-62.0
1777891740.8623323,-7.0,7.0,-66.0
1777891740.8723323,-7.0,1.0,-67.0
1777891740.8823323,-4.0,-2.0,-71.0
1777891740.8923323,-2.0,-2.0,-72.0
1777891740.9023323,-5.0,-3.0,-68.0
1777891740.9123323,0.0,-1.0,-65.0
1777891740.9223323,-1.0,-3.0,-59.0
1777891740.9323325,1.0,-6.0,-55.0
1777891740.9423325,-1.0,-8.0,-58.0
1777891740.9523325,-5.0,-9.0,-64.0
1777891740.9623325,-1.0,-11.0,-69.0
1777891740.9723325,-2.0,-11.0,-73.0
1777891740.9823325,-5.0,-6.0,-71.0
1777891740.9923325,0.0,-3.0,-81.0
1777891741.0023324,4.0,0.0,-80.0
1777891741.0123324,2.0,-2.0,-80.0
1777891741.0223324,-4.0,-6.0,-78.0
1777891741.0323324,-3.0,-4.0,-77.0
1777891741.0423324,-5.0,-2.0,-79.0
1777891741.0523324,-7.0,1.0,-76.0
1777891741.0623324,-3.0,3.0,-75.0
1777891741.0723324,1.0,3.0,-75.0
1777891741.0823324,0.0,3.0,-65.0
1777891741.0923324,0.0,0.0,-60.0
1777891741.1023324,2.0,0.0,-63.0
1777891741.1123323,6.0,-1.0,-67.0
1777891741.1223323,0.0,1.0,-64.0
1777891741.1323323,0.0,0.0,-64.0
1777891741.1423323,5.0,-3.0,-72.0
1777891741.1523323,12.0,-6.0,-72.0
1777891741.1623323,8.0,-9.0,-80.0
1777891741.1723323,6.0,-5.0,-82.0
1777891741.1823325,6.0,-3.0,-84.0
1777891741.1923325,8.0,-4.0,-77.0
1777891741.2023325,11.0,-2.0,-65.0
1777891741.2123325,8.0,0.0,-70.0
1777891741.2223325,3.0,1.0,-72.0
1777891741.2323325,6.0,3.0,-67.0
1777891741.2423325,6.0,1.0,-70.0
1777891741.2523324,2.0,7.0,-70.0
1777891741.2623324,1.0,0.0,-65.0
1777891741.2723324,3.0,-1.0,-70.0
1777891741.2823324,5.0,-1.0,-68.0
1777891741.2923324,7.0,0.0,-66.0
1777891741.3023324,3.0,2.0,-62.0
1777891741.3123324,3.0,0.0,-57.0
1777891741.3223324,1.0,1.0,-58.0
1777891741.3323324,4.0,0.0,-56.0
1777891741.3423324,6.0,-1.0,-55.0
1777891741.3523324,8.0,3.0,-62.0
1777891741.3623323,11.0,1.0,-66.0
1777891741.3723323,10.0,1.0,-73.0
1777891741.3823323,9.0,-1.0,-72.0
1777891741.3923323,6.0,-3.0,-69.0
1777891741.4023323,4.0,-2.0,-65.0
1777891741.4123323,4.0,-7.0,-68.0
1777891741.4223323,0.0,-6.0,-73.0
1777891741.4323325,3.0,-4.0,-75.0
1777891741.4423325,4.0,1.0,-82.0
1777891741.4523325,5.0,3.0,-79.0
1777891741.4623325,6.0,0.0,-75.0
1777891741.4723325,4.0,0.0,-77.0
1777891741.4823325,2.0,3.0,-75.0
1777891741.4923325,7.0,3.0,-74.0
1777891741.5023324,5.0,3.0,-76.0
1777891741.5123324,4.0,4.0,-74.0
1777891741.5223324,5.0,3.0,-76.0
1777891741.5323324,5.0,2.0,-70.0
1777891741.5423324,5.0,1.0,-70.0
1777891741.5523324,0.0,-1.0,-73.0
1777891741.5623324,0.0,-2.0,-73.0
1777891741.5723324,3.0,-1.0,-76.0
1777891741.5823324,0.0,-5.0,-79.0
1777891741.5923324,5.0,-5.0,-75.0
1777891741.6023324,4.0,-5.0,-74.0
1777891741.6123323,9.0,-4.0,-68.0
1777891741.6223323,8.0,-6.0,-72.0
1777891741.6323323,6.0,0.0,-72.0
1777891741.6423323,6.0,1.0,-69.0
1777891741.6523323,3.0,0.0,-68.0
1777891741.6623323,0.0,2.0,-70.0
1777891741.6723323,5.0,-1.0,-73.0
1777891741.6823325,7.0,-1.0,-74.0
1777891741.6923325,10.0,-2.0,-76.0
1777891741.7023325,7.0,-1.0,-71.0
1777891741.7123325,7.0,-1.0,-71.0
1777891741.7223325,4.0,3.0,-71.0
1777891741.7323325,1.0,4.0,-66.0
1777891741.7423325,0.0,6.0,-73.0
1777891741.7523324,-3.0,7.0,-76.0
1777891741.7623324,2.0,3.0,-76.0
1777891741.7723324,1.0,3.0,-77.0
1777891741.7823324,-5.0,4.0,-78.0
1777891741.7923324,-2.0,8.0,-77.0
1777891741.8023324,0.0,7.0,-73.0
1777891741.8123324,0.0,4.0,-67.0
1777891741.8223324,3.0,2.0,-69.0
1777891741.8323324,3.0,0.0,-73.0
1777891741.8423324,0.0,-1.0,-70.0
1777891741.8523324,0.0,1.0,-75.0
1777891741.8623323,-4.0,7.0,-74.0
1777891741.8723323,-7.0,8.0,-79.0
1777891741.8823323,-1.0,4.0,-70.0
1777891741.8923323,-1.0,7.0,-64.0
1777891741.9023323,-1.0,6.0,-68.0
1777891741.9123323,0.0,6.0,-73.0
1777891741.9223323,-2.0,7.0,-73.0
1777891741.9323325,-3.0,7.0,-68.0
1777891741.9423325,-3.0,5.0,-66.0
1777891741.9523325,2.0,3.0,-66.0
1777891741.9623325,4.0,3.0,-61.0
1777891741.9733324,6.0,1.0,-58.0
1777891741.9833324,0.0,2.0,-66.0
1777891741.9933324,0.0,3.0,-66.0
1777891742.0033324,4.0,0.0,-66.0
1777891742.0133324,5.0,0.0,-63.0
1777891742.0233324,6.0,1.0,-64.0
1777891742.0333323,0.0,0.0,-62.0
1777891742.0433323,0.0,3.0,-66.0
1777891742.0533323,4.0,4.0,-67.0
1777891742.0633323,1.0,4.0,-62.0
1777891742.0733323,2.0,-2.0,-67.0
1777891742.0823324,5.0,-3.0,-70.0
1777891742.0933323,4.0,0.0,-74.0
1777891742.1033323,3.0,5.0,-79.0
1777891742.1133325,7.0,1.0,-78.0
1777891742.1233325,5.0,2.0,-81.0
1777891742.1333325,5.0,3.0,-74.0
1777891742.1433325,5.0,6.0,-73.0
1777891742.1533325,7.0,1.0,-75.0
1777891742.1633325,3.0,-2.0,-73.0
1777891742.1733325,3.0,-6.0,-76.0
1777891742.1833324,4.0,-4.0,-76.0
1777891742.1933324,6.0,-2.0,-80.0
1777891742.2033324,7.0,-1.0,-77.0
1777891742.2133324,6.0,-6.0,-78.0
1777891742.2233324,9.0,-7.0,-79.0
1777891742.2333324,8.0,-2.0,-77.0
1777891742.2433324,7.0,-5.0,-76.0
1777891742.2533324,4.0,-3.0,-79.0
1777891742.2633324,5.0,-3.0,-80.0
1777891742.2733324,6.0,-4.0,-79.0
1777891742.2833323,6.0,-5.0,-72.0
1777891742.2933323,8.0,-2.0,-73.0
1777891742.3033323,8.0,-1.0,-71.0
1777891742.3133323,10.0,-4.0,-75.0
1777891742.3233323,5.0,-5.0,-80.0
1777891742.3333323,2.0,-5.0,-82.0
1777891742.3433323,0.0,1.0,-85.0
1777891742.3533323,-2.0,0.0,-83.0
1777891742.3633325,0.0,-1.0,-77.0
1777891742.3733325,-1.0,2.0,-74.0
1777891742.3833325,-5.0,0.0,-80.0
1777891742.3933325,-7.0,1.0,-77.0
1777891742.4033325,-7.0,0.0,-69.0
1777891742.4133325,-5.0,-3.0,-66.0
1777891742.4233325,-5.0,-2.0,-65.0
1777891742.4333324,-5.0,-5.0,-65.0
1777891742.4433324,-5.0,-6.0,-69.0
1777891742.4533324,-3.0,-6.0,-66.0
1777891742.4633324,0.0,0.0,-60.0
1777891742.4733324,0.0,2.0,-63.0
1777891742.4833324,4.0,1.0,-61.0
1777891742.4933324,-4.0,3.0,-68.0
1777891742.5033324,-6.0,0.0,-70.0
1777891742.5133324,-2.0,2.0,-73.0
1777891742.5233324,1.0,1.0,-74.0
1777891742.5333323,4.0,2.0,-71.0
1777891742.5433323,6.0,-1.0,-71.0
1777891742.5533323,4.0,0.0,-69.0
1777891742.5633323,2.0,-4.0,-68.0
1777891742.5733323,5.0,-3.0,-62.0
1777891742.5833323,7.0,-1.0,-58.0
1777891742.5933323,7.0,0.0,-58.0
1777891742.6033323,8.0,0.0,-56.0
1777891742.6133325,4.0,-3.0,-61.0
1777891742.6233325,5.0,1.0,-67.0
1777891742.6333325,2.0,-1.0,-75.0
1777891742.6433325,3.0,-2.0,-80.0
1777891742.6533325,4.0,-1.0,-74.0
1777891742.6633325,2.0,-1.0,-76.0
1777891742.6733325,2.0,0.0,-75.0
1777891742.6833324,5.0,3.0,-76.0
1777891742.6933324,-1.0,7.0,-80.0
1777891742.7033324,2.0,8.0,-77.0
1777891742.7133324,3.0,6.0,-74.0
1777891742.7233324,1.0,8.0,-75.0
1777891742.7333324,2.0,6.0,-70.0
1777891742.7433324,2.0,4.0,-61.0
1777891742.7533324,-2.0,3.0,-67.0
1777891742.7633324,-1.0,2.0,-74.0
1777891742.7733324,-1.0,5.0,-78.0
1777891742.7833323,0.0,1.0,-84.0
1777891742.7933323,1.0,2.0,-84.0
1777891742.8033323,0.0,2.0,-83.0
1777891742.8133323,1.0,0.0,-81.0
1777891742.8233323,0.0,-1.0,-76.0
1777891742.8333323,3.0,-1.0,-73.0
1777891742.8433323,2.0,-2.0,-70.0
1777891742.8533323,0.0,-1.0,-70.0
1777891742.8633325,-1.0,-1.0,-64.0
1777891742.8733325,-2.0,-4.0,-62.0
1777891742.8833325,-3.0,-8.0,-64.0
1777891742.8933325,-3.0,-7.0,-70.0
1777891742.9033325,-5.0,-6.0,-75.0
1777891742.9133325,-9.0,-5.0,-70.0
1777891742.9233325,-5.0,-5.0,-74.0
1777891742.9333324,-6.0,-4.0,-80.0
1777891742.9433324,-5.0,-4.0,-77.0
1777891742.9533324,-7.0,0.0,-74.0
1777891742.9633324,-3.0,0.0,-72.0
1777891742.9733324,0.0,-2.0,-73.0
1777891742.9833324,3.0,-3.0,-68.0
1777891742.9933324,5.0,0.0,-69.0
1777891743.0033324,5.0,0.0,-75.0
1777891743.0133324,6.0,0.0,-77.0
1777891743.0233324,4.0,0.0,-74.0
1777891743.0333323,6.0,1.0,-78.0
1777891743.0433323,5.0,2.0,-81.0
1777891743.0533323,7.0,6.0,-78.0
1777891743.0633323,8.0,3.0,-83.0
1777891743.0733323,7.0,0.0,-82.0
1777891743.0833323,7.0,2.0,-81.0
1777891743.0933323,5.0,-1.0,-74.0
1777891743.1043324,3.0,-2.0,-72.0
1777891743.1133325,-1.0,0.0,-62.0
1777891743.1233325,0.0,-3.0,-64.0
1777891743.1333325,2.0,0.0,-66.0
1777891743.1433325,3.0,-2.0,-72.0
1777891743.1533325,0.0,-2.0,-75.0
1777891743.1633325,0.0,-2.0,-75.0
1777891743.1733325,1.0,-3.0,-75.0
1777891743.1833324,-2.0,0.0,-81.0
1777891743.1933324,0.0,0.0,-80.0
1777891743.2033324,2.0,-2.0,-72.0
1777891743.2133324,-1.0,0.0,-74.0
1777891743.2233324,0.0,2.0,-73.0
1777891743.2333324,0.0,1.0,-68.0
1777891743.2433324,0.0,4.0,-70.0
1777891743.2533324,2.0,4.0,-68.0
1777891743.2633324,1.0,3.0,-68.0
1777891743.2733324,2.0,-1.0,-72.0
1777891743.2833323,10.0,-2.0,-68.0
1777891743.2933323,10.0,3.0,-67.0
1777891743.3033323,14.0,1.0,-76.0
1777891743.3133323,7.0,-1.0,-81.0
1777891743.3233323,3.0,0.0,-83.0
1777891743.3333323,4.0,-4.0,-80.0
1777891743.3433323,4.0,-2.0,-79.0
1777891743.3533323,1.0,-6.0,-78.0
1777891743.3633325,2.0,-5.0,-73.0
1777891743.3733325,3.0,-4.0,-68.0
1777891743.3833325,0.0,-2.0,-68.0
1777891743.3933325,2.0,-4.0,-62.0
1777891743.4033325,0.0,-2.0,-62.0
1777891743.4133325,0.0,0.0,-63.0
1777891743.4233325,1.0,-2.0,-62.0
1777891743.4333324,2.0,-4.0,-67.0
1777891743.4433324,3.0,-7.0,-64.0
1777891743.4533324,5.0,-3.0,-68.0
1777891743.4633324,4.0,-2.0,-66.0
1777891743.4733324,9.0,0.0,-67.0
1777891743.4833324,11.0,1.0,-67.0
1777891743.4933324,12.0,2.0,-71.0
1777891743.5033324,6.0,4.0,-77.0
1777891743.5133324,3.0,2.0,-75.0
1777891743.5233324,4.0,1.0,-75.0
1777891743.5333323,1.0,2.0,-76.0
1777891743.5433323,1.0,0.0,-70.0
1777891743.5533323,-1.0,-1.0,-62.0
1777891743.5633323,2.0,-3.0,-64.0
1777891743.5733323,0.0,-1.0,-65.0
1777891743.5833323,1.0,1.0,-65.0
1777891743.5933323,0.0,0.0,-67.0
1777891743.6033323,0.0,2.0,-62.0
1777891743.6133325,2.0,2.0,-64.0
1777891743.6233325,6.0,0.0,-62.0
1777891743.6333325,8.0,0.0,-59.0
1777891743.6433325,8.0,1.0,-61.0
1777891743.6533325,6.0,0.0,-68.0
1777891743.6633325,7.0,0.0,-65.0
1777891743.6733325,5.0,0.0,-70.0
1777891743.6833324,3.0,-3.0,-67.0
1777891743.6933324,0.0,-3.0,-68.0
1777891743.7033324,0.0,-4.0,-64.0
1777891743.7133324,4.0,-4.0,-63.0
1777891743.7233324,2.0,-2.0,-64.0
1777891743.7333324,4.0,-4.0,-68.0
1777891743.7433324,1.0,-1.0,-73.0
1777891743.7533324,5.0,-2.0,-78.0
1777891743.7633324,7.0,0.0,-81.0
1777891743.7733324,6.0,4.0,-75.0
1777891743.7833323,0.0,5.0,-67.0
1777891743.7933323,-2.0,4.0,-67.0
1777891743.8033323,-1.0,1.0,-69.0
1777891743.8133323,0.0,1.0,-69.0
1777891743.8233323,3.0,1.0,-71.0
1777891743.8333323,0.0,6.0,-75.0
1777891743.8433323,1.0,4.0,-67.0
1777891743.8533323,0.0,6.0,-63.0
1777891743.8633325,0.0,10.0,-67.0
1777891743.8733325,2.0,5.0,-67.0
1777891743.8833325,7.0,6.0,-73.0
1777891743.8933325,9.0,2.0,-77.0
1777891743.9033325,9.0,3.0,-83.0
1777891743.9133325,11.0,0.0,-82.0
1777891743.9233325,12.0,0.0,-85.0
1777891743.9333324,11.0,1.0,-77.0
1777891743.9433324,8.0,-1.0,-73.0
1777891743.9543324,4.0,-2.0,-66.0
1777891743.9633324,3.0,1.0,-64.0
1777891743.9733324,5.0,4.0,-72.0
1777891743.9843323,9.0,8.0,-73.0
1777891743.9943323,8.0,7.0,-70.0
1777891744.0043323,5.0,6.0,-66.0
1777891744.0143323,5.0,5.0,-68.0
1777891744.0243323,4.0,6.0,-74.0
1777891744.0343325,4.0,5.0,-82.0
1777891744.0443325,6.0,6.0,-69.0
1777891744.0543325,5.0,2.0,-70.0
1777891744.0643325,-2.0,0.0,-75.0
1777891744.0743325,0.0,-2.0,-70.0
1777891744.0843325,-2.0,0.0,-70.0
1777891744.0943325,-5.0,0.0,-75.0
1777891744.1043324,-2.0,-1.0,-76.0
1777891744.1143324,0.0,0.0,-74.0
1777891744.1243324,-3.0,-1.0,-72.0
1777891744.1343324,-1.0,-2.0,-74.0
1777891744.1443324,3.0,-1.0,-75.0
1777891744.1543324,1.0,0.0,-68.0
1777891744.1643324,-2.0,1.0,-68.0
1777891744.1743324,-1.0,0.0,-66.0
1777891744.1843324,-4.0,4.0,-63.0
1777891744.1943324,-5.0,4.0,-67.0
1777891744.2043324,-4.0,2.0,-68.0
1777891744.2143323,0.0,1.0,-71.0
1777891744.2243323,5.0,-2.0,-71.0
1777891744.2343323,4.0,0.0,-72.0
1777891744.2443323,4.0,0.0,-75.0
1777891744.2543323,0.0,0.0,-74.0
1777891744.2643323,-2.0,1.0,-69.0
1777891744.2743323,-5.0,1.0,-71.0
1777891744.2843325,-1.0,2.0,-65.0
1777891744.2943325,-4.0,4.0,-76.0
1777891744.3043325,-1.0,3.0,-79.0
1777891744.3143325,-4.0,1.0,-75.0
1777891744.3243325,0.0,-2.0,-79.0
1777891744.3343325,0.0,0.0,-77.0
1777891744.3443325,3.0,-1.0,-72.0
1777891744.3543324,5.0,2.0,-70.0
1777891744.3643324,6.0,4.0,-69.0
1777891744.3743324,6.0,0.0,-69.0
1777891744.3843324,5.0,1.0,-71.0
1777891744.3943324,5.0,2.0,-67.0
1777891744.4043324,5.0,0.0,-71.0
1777891744.4143324,3.0,-3.0,-70.0
1777891744.4243324,4.0,-5.0,-72.0
1777891744.4343324,4.0,-2.0,-75.0
1777891744.4443324,1.0,2.0,-74.0
1777891744.4543324,2.0,2.0,-78.0
1777891744.4643323,5.0,-2.0,-85.0
1777891744.4743323,5.0,-4.0,-83.0
1777891744.4843323,3.0,-5.0,-82.0
1777891744.4943323,2.0,-6.0,-81.0
1777891744.5043323,-2.0,-5.0,-81.0
1777891744.5143323,-2.0,-3.0,-76.0
1777891744.5243323,3.0,-6.0,-70.0
1777891744.5343325,5.0,-5.0,-64.0
1777891744.5443325,7.0,-4.0,-66.0
1777891744.5543325,3.0,-2.0,-70.0
1777891744.5643325,3.0,-2.0,-71.0
1777891744.5743325,3.0,-2.0,-70.0
1777891744.5843325,1.0,-1.0,-71.0
1777891744.5943325,-4.0,-3.0,-66.0
1777891744.6043324,-8.0,-5.0,-65.0
1777891744.6143324,-2.0,-4.0,-62.0
1777891744.6243324,4.0,-3.0,-66.0
1777891744.6343324,-2.0,-2.0,-65.0
1777891744.6443324,-2.0,-8.0,-67.0
1777891744.6543324,-2.0,-4.0,-60.0
1777891744.6643324,0.0,-1.0,-68.0
1777891744.6743324,1.0,-3.0,-71.0
1777891744.6843324,-3.0,-5.0,-77.0
1777891744.6943324,-3.0,-2.0,-74.0
1777891744.7043324,-4.0,-2.0,-68.0
1777891744.7143323,-7.0,-3.0,-72.0
1777891744.7243323,-7.0,-5.0,-75.0
1777891744.7343323,-3.0,-5.0,-72.0
1777891744.7443323,1.0,1.0,-78.0
1777891744.7543323,0.0,1.0,-83.0
1777891744.7643323,-3.0,6.0,-79.0
1777891744.7743323,-1.0,5.0,-75.0
1777891744.7843325,-3.0,0.0,-76.0
1777891744.7943325,-4.0,0.0,-70.0
1777891744.8043325,-1.0,0.0,-71.0
1777891744.8143325,3.0,7.0,-67.0
1777891744.8243325,2.0,4.0,-62.0
1777891744.8343325,3.0,6.0,-58.0
1777891744.8443325,1.0,1.0,-62.0
1777891744.8543324,-1.0,2.0,-67.0
1777891744.8643324,0.0,1.0,-66.0
1777891744.8743324,3.0,-1.0,-69.0
1777891744.8843324,3.0,-2.0,-73.0
1777891744.8943324,0.0,1.0,-68.0
1777891744.9043324,4.0,4.0,-68.0
1777891744.9143324,4.0,7.0,-75.0
1777891744.9243324,6.0,5.0,-75.0
1777891744.9343324,6.0,3.0,-75.0
1777891744.9443324,2.0,4.0,-78.0
1777891744.9543324,0.0,5.0,-78.0
1777891744.9643323,0.0,1.0,-80.0
1777891744.9743323,-1.0,-1.0,-78.0
1777891744.9843323,0.0,0.0,-75.0
1777891744.9943323,0.0,0.0,-70.0
1777891745.0043323,-2.0,-5.0,-67.0
1777891745.0143323,-1.0,-7.0,-74.0
1777891745.0243323,1.0,-8.0,-75.0
1777891745.0343325,2.0,-7.0,-72.0
1777891745.0443325,7.0,-5.0,-75.0
1777891745.0543325,9.0,-3.0,-72.0
1777891745.0643325,7.0,-2.0,-78.0
1777891745.0743325,4.0,-1.0,-70.0
1777891745.0843325,1.0,0.0,-65.0
1777891745.0943325,-3.0,-1.0,-69.0
1777891745.1043324,-1.0,0.0,-65.0
1777891745.1143324,3.0,-1.0,-71.0
1777891745.1243324,5.0,0.0,-75.0
1777891745.1343324,6.0,1.0,-77.0
1777891745.1443324,3.0,6.0,-81.0
1777891745.1543324,5.0,7.0,-78.0
1777891745.1643324,7.0,4.0,-76.0
1777891745.1743324,4.0,1.0,-75.0
1777891745.1843324,6.0,0.0,-85.0
1777891745.1943324,5.0,-2.0,-79.0
1777891745.2043324,6.0,0.0,-74.0
1777891745.2143323,3.0,-5.0,-69.0
1777891745.2243323,3.0,-4.0,-73.0
1777891745.2343323,-5.0,-2.0,-66.0
1777891745.2443323,-7.0,-3.0,-63.0
1777891745.2543323,-4.0,-1.0,-65.0
1777891745.2643323,-2.0,0.0,-70.0
1777891745.2743323,4.0,0.0,-71.0
1777891745.2843325,4.0,4.0,-64.0
1777891745.2943325,6.0,4.0,-65.0
1777891745.3043325,8.0,0.0,-65.0
1777891745.3143325,6.0,2.0,-68.0
1777891745.3243325,0.0,4.0,-59.0
1777891745.3343325,4.0,7.0,-56.0
1777891745.3443325,1.0,6.0,-63.0
1777891745.3543324,1.0,6.0,-64.0
1777891745.3643324,4.0,9.0,-71.0
1777891745.3743324,5.0,7.0,-68.0
1777891745.3843324,0.0,5.0,-65.0
1777891745.3943324,1.0,2.0,-67.0
1777891745.4043324,-1.0,4.0,-67.0
1777891745.4143324,1.0,4.0,-69.0
1777891745.4243324,0.0,6.0,-69.0
1777891745.4343324,2.0,5.0,-76.0
1777891745.4443324,0.0,0.0,-76.0
1777891745.4543324,-1.0,2.0,-77.0
1777891745.4643323,0.0,3.0,-79.0
1777891745.4743323,2.0,1.0,-85.0
1777891745.4843323,3.0,0.0,-84.0
1777891745.4943323,0.0,0.0,-80.0
1777891745.5043323,1.0,-2.0,-82.0
1777891745.5143323,-1.0,-2.0,-79.0
1777891745.5243323,1.0,0.0,-70.0
1777891745.5343325,3.0,2.0,-66.0
1777891745.5443325,4.0,0.0,-63.0
1777891745.5543325,4.0,0.0,-70.0
1777891745.5643325,0.0,1.0,-73.0
1777891745.5743325,7.0,-1.0,-68.0
1777891745.5843325,4.0,-5.0,-67.0
1777891745.5943325,-3.0,-2.0,-67.0
1777891745.6043324,-3.0,0.0,-68.0
1777891745.6143324,-2.0,-3.0,-66.0
1777891745.6243324,0.0,-2.0,-69.0
1777891745.6343324,0.0,0.0,-67.0
1777891745.6443324,-2.0,0.0,-68.0
1777891745.6543324,-2.0,3.0,-74.0
1777891745.6643324,-3.0,0.0,-73.0
1777891745.6743324,0.0,1.0,-73.0
1777891745.6843324,-1.0,0.0,-67.0
1777891745.6943324,0.0,-1.0,-63.0
1777891745.7043324,4.0,-5.0,-66.0
1777891745.7143323,4.0,-5.0,-71.0
1777891745.7243323,4.0,-5.0,-64.0
1777891745.7343323,4.0,0.0,-69.0
1777891745.7443323,3.0,-4.0,-69.0
1777891745.7543323,5.0,-5.0,-66.0
1777891745.7643323,6.0,-1.0,-67.0
1777891745.7743323,4.0,-2.0,-66.0
1777891745.7843325,2.0,-4.0,-72.0
1777891745.7943325,8.0,0.0,-68.0
1777891745.8043325,8.0,-4.0,-67.0
1777891745.8143325,5.0,-3.0,-70.0
1777891745.8243325,1.0,-5.0,-73.0
1777891745.8343325,3.0,-3.0,-67.0
1777891745.8443325,-1.0,-3.0,-64.0
1777891745.8543324,-6.0,-7.0,-62.0
1777891745.8643324,-7.0,-9.0,-61.0
1777891745.8743324,-5.0,-10.0,-62.0
1777891745.8843324,0.0,-6.0,-65.0
1777891745.8943324,-4.0,-2.0,-62.0
1777891745.9043324,-2.0,-4.0,-55.0
1777891745.9143324,-2.0,0.0,-61.0
1777891745.9243324,-3.0,2.0,-70.0
1777891745.9343324,-9.0,0.0,-72.0
1777891745.9453323,-10.0,0.0,-71.0
1777891745.9553325,-8.0,0.0,-78.0
1777891745.9653325,-3.0,3.0,-74.0
1777891745.9753325,-3.0,0.0,-62.0
1777891745.9853325,-4.0,0.0,-60.0
1777891745.9953325,0.0,0.0,-63.0
1777891746.0053325,-5.0,5.0,-63.0
1777891746.0153325,0.0,4.0,-64.0
1777891746.0253325,4.0,1.0,-63.0
1777891746.0353324,5.0,1.0,-65.0
1777891746.0453324,2.0,2.0,-74.0
1777891746.0553324,0.0,0.0,-77.0
1777891746.0653324,-2.0,-1.0,-66.0
1777891746.0753324,-1.0,-3.0,-67.0
1777891746.0853324,2.0,-2.0,-71.0
1777891746.0953324,1.0,-3.0,-65.0
1777891746.1053324,0.0,0.0,-65.0
1777891746.1153324,0.0,2.0,-63.0
1777891746.1253324,-4.0,-1.0,-63.0
1777891746.1353323,-6.0,2.0,-64.0
1777891746.1453323,-5.0,4.0,-66.0
1777891746.1553323,0.0,3.0,-69.0
1777891746.1653323,4.0,-1.0,-76.0
1777891746.1753323,3.0,-5.0,-78.0
1777891746.1853323,1.0,0.0,-78.0
1777891746.1953323,-3.0,-1.0,-76.0
1777891746.2053325,-5.0,-3.0,-78.0
1777891746.2153325,-9.0,1.0,-81.0
1777891746.2253325,-11.0,1.0,-82.0
1777891746.2353325,-7.0,2.0,-81.0
1777891746.2453325,-5.0,-3.0,-79.0
1777891746.2553325,-3.0,-7.0,-75.0
1777891746.2653325,-6.0,-4.0,-69.0
1777891746.2753325,-10.0,0.0,-73.0
1777891746.2853324,-8.0,-1.0,-75.0
1777891746.2953324,-5.0,-2.0,-71.0
1777891746.3053324,-7.0,1.0,-75.0
1777891746.3153324,0.0,0.0,-70.0
1777891746.3253324,0.0,0.0,-76.0
1777891746.3353324,-2.0,1.0,-73.0
1777891746.3453324,0.0,2.0,-74.0
1777891746.3553324,0.0,-1.0,-70.0
1777891746.3653324,0.0,-5.0,-74.0
1777891746.3753324,-3.0,-6.0,-76.0
1777891746.3853323,-3.0,-5.0,-82.0
1777891746.3953323,-2.0,-6.0,-84.0
1777891746.4053323,-3.0,0.0,-83.0
1777891746.4153323,-3.0,-2.0,-79.0
1777891746.4253323,0.0,-3.0,-80.0
1777891746.4353323,0.0,-1.0,-76.0
1777891746.4453323,-1.0,2.0,-78.0
1777891746.4553325,-2.0,0.0,-75.0
1777891746.4653325,1.0,1.0,-72.0
1777891746.4753325,3.0,3.0,-71.0
1777891746.4853325,0.0,1.0,-74.0
1777891746.4953325,3.0,-1.0,-74.0
1777891746.5053325,8.0,-3.0,-75.0
1777891746.5153325,3.0,-1.0,-68.0
1777891746.5253325,1.0,2.0,-64.0
1777891746.5353324,2.0,0.0,-58.0
1777891746.5453324,3.0,3.0,-60.0
1777891746.5553324,-1.0,5.0,-68.0
1777891746.5653324,2.0,6.0,-72.0
1777891746.5753324,0.0,8.0,-69.0
1777891746.5853324,0.0,8.0,-66.0
1777891746.5953324,0.0,4.0,-67.0
1777891746.6053324,-1.0,2.0,-73.0
1777891746.6153324,2.0,4.0,-69.0
1777891746.6253324,5.0,7.0,-66.0
1777891746.6353323,7.0,8.0,-67.0
1777891746.6453323,6.0,5.0,-66.0
1777891746.6553323,4.0,6.0,-65.0
1777891746.6653323,2.0,6.0,-63.0
1777891746.6753323,6.0,3.0,-63.0
1777891746.6853323,6.0,4.0,-60.0
1777891746.6953323,0.0,1.0,-64.0
1777891746.7053325,-1.0,0.0,-66.0
1777891746.7153325,1.0,-1.0,-70.0
1777891746.7253325,2.0,0.0,-65.0
1777891746.7353325,1.0,-3.0,-55.0
1777891746.7453325,2.0,-1.0,-59.0
1777891746.7553325,0.0,-4.0,-68.0
1777891746.7653325,1.0,-6.0,-72.0
1777891746.7753325,1.0,-5.0,-73.0
1777891746.7853324,0.0,-3.0,-75.0
1777891746.7953324,0.0,0.0,-69.0
1777891746.8053324,-2.0,-1.0,-70.0
1777891746.8153324,-6.0,0.0,-67.0
1777891746.8253324,-9.0,-4.0,-65.0
1777891746.8353324,-9.0,-4.0,-65.0
1777891746.8453324,-8.0,-8.0,-68.0
1777891746.8553324,-5.0,-5.0,-68.0
1777891746.8653324,-8.0,-5.0,-63.0
1777891746.8753324,-6.0,-6.0,-62.0
1777891746.8853323,-2.0,-11.0,-64.0
1777891746.8953323,-4.0,-12.0,-60.0
1777891746.9053323,-1.0,-7.0,-67.0
1777891746.9153323,0.0,0.0,-69.0
1777891746.9253323,0.0,-2.0,-72.0
1777891746.9353323,2.0,-1.0,-81.0
1777891746.9453323,1.0,0.0,-82.0
1777891746.9553325,0.0,3.0,-76.0
1777891746.9653325,-1.0,0.0,-77.0
1777891746.9753325,-5.0,2.0,-74.0
1777891746.9853325,-5.0,1.0,-80.0
1777891746.9953325,-5.0,-2.0,-80.0
1777891747.0053325,-7.0,-1.0,-78.0
1777891747.0153325,-7.0,-1.0,-72.0
1777891747.0253325,-6.0,-1.0,-67.0
1777891747.0353324,-3.0,0.0,-67.0
1777891747.0453324,-4.0,3.0,-63.0
1777891747.0553324,0.0,2.0,-71.0
1777891747.0653324,5.0,6.0,-71.0
1777891747.0753324,2.0,7.0,-73.0
1777891747.0853324,0.0,7.0,-73.0
1777891747.0953324,4.0,2.0,-75.0
1777891747.1053324,3.0,3.0,-71.0
1777891747.1153324,3.0,-1.0,-73.0
1777891747.1253324,3.0,3.0,-72.0
1777891747.1353323,3.0,3.0,-72.0
1777891747.1453323,-2.0,2.0,-68.0
1777891747.1553323,-2.0,1.0,-64.0
1777891747.1653323,0.0,1.0,-63.0
1777891747.1753323,-2.0,5.0,-66.0
1777891747.1853323,-2.0,4.0,-64.0
1777891747.1953323,1.0,0.0,-62.0
1777891747.2053325,6.0,-2.0,-63.0
1777891747.2153325,8.0,-2.0,-65.0
1777891747.2253325,9.0,-3.0,-67.0
1777891747.2353325,4.0,-6.0,-64.0
1777891747.2453325,1.0,-7.0,-58.0
1777891747.2553325,-1.0,-6.0,-61.0
1777891747.2653325,0.0,0.0,-71.0
1777891747.2753325,2.0,-1.0,-69.0
1777891747.2853324,3.0,-2.0,-69.0
1777891747.2953324,4.0,-3.0,-75.0
1777891747.3053324,3.0,0.0,-72.0
1777891747.3153324,3.0,0.0,-68.0
1777891747.3253324,6.0,0.0,-69.0
1777891747.3353324,7.0,2.0,-72.0
1777891747.3453324,5.0,5.0,-74.0
1777891747.3553324,2.0,5.0,-79.0
1777891747.3653324,3.0,3.0,-79.0
1777891747.3753324,4.0,1.0,-77.0
1777891747.3853323,5.0,2.0,-80.0
1777891747.3953323,6.0,2.0,-77.0
1777891747.4053323,2.0,-1.0,-79.0
1777891747.4153323,-2.0,-3.0,-81.0
1777891747.4253323,-4.0,0.0,-80.0
1777891747.4353323,-6.0,-1.0,-80.0
1777891747.4453323,-2.0,2.0,-84.0
1777891747.4553325,-1.0,-2.0,-82.0
1777891747.4653325,0.0,-5.0,-78.0
1777891747.4753325,1.0,-6.0,-75.0
1777891747.4853325,0.0,-4.0,-68.0
1777891747.4953325,-2.0,-2.0,-69.0
1777891747.5053325,-4.0,0.0,-67.0
1777891747.5153325,-3.0,1.0,-67.0
1777891747.5253325,-3.0,-1.0,-61.0
1777891747.5353324,-6.0,1.0,-60.0
1777891747.5453324,-8.0,-1.0,-65.0
1777891747.5553324,-7.0,0.0,-69.0
1777891747.5653324,-3.0,1.0,-80.0
1777891747.5753324,-3.0,3.0,-86.0
1777891747.5853324,-2.0,3.0,-88.0
1777891747.5953324,-4.0,1.0,-84.0
1777891747.6053324,-3.0,1.0,-84.0
1777891747.6153324,-3.0,-2.0,-82.0
1777891747.6253324,-1.0,-3.0,-81.0
1777891747.6353323,0.0,-1.0,-84.0
1777891747.6453323,0.0,-1.0,-89.0
1777891747.6553323,0.0,-1.0,-82.0
1777891747.6653323,-2.0,1.0,-80.0
1777891747.6753323,-2.0,2.0,-80.0
1777891747.6853323,-3.0,2.0,-81.0
1777891747.6953323,2.0,0.0,-84.0
1777891747.7053325,1.0,0.0,-81.0
1777891747.7153325,7.0,0.0,-80.0
1777891747.7253325,2.0,-1.0,-80.0
1777891747.7353325,-3.0,-2.0,-77.0
1777891747.7453325,-2.0,-2.0,-75.0
1777891747.7553325,3.0,-3.0,-76.0
1777891747.7653325,7.0,-5.0,-74.0
1777891747.7753325,7.0,-4.0,-72.0
1777891747.7853324,7.0,-6.0,-66.0
1777891747.7953324,3.0,-3.0,-70.0
1777891747.8053324,-5.0,-7.0,-74.0
1777891747.8153324,-5.0,-2.0,-68.0
1777891747.8253324,-3.0,-3.0,-69.0
1777891747.8353324,-2.0,-3.0,-62.0
1777891747.8453324,0.0,-4.0,-68.0
1777891747.8553324,-4.0,-3.0,-64.0
1777891747.8653324,-1.0,-5.0,-62.0
1777891747.8753324,6.0,-3.0,-56.0
1777891747.8853323,4.0,1.0,-60.0
1777891747.8953323,8.0,0.0,-62.0
1777891747.9053323,6.0,-1.0,-63.0
1777891747.9153323,2.0,3.0,-70.0
1777891747.9253323,3.0,0.0,-69.0
1777891747.9363325,3.0,1.0,-69.0
1777891747.9453323,4.0,0.0,-73.0
1777891747.9563324,5.0,-5.0,-76.0
1777891747.9663324,3.0,-4.0,-78.0
1777891747.9753325,5.0,-4.0,-80.0
1777891747.9863324,5.0,-5.0,-75.0
1777891747.9963324,7.0,-4.0,-69.0
1777891748.0063324,6.0,1.0,-72.0
1777891748.0163324,5.0,1.0,-71.0
1777891748.0253325,6.0,2.0,-68.0
1777891748.0363324,7.0,1.0,-70.0
1777891748.0463324,3.0,0.0,-73.0
1777891748.0563323,-1.0,5.0,-72.0
1777891748.0663323,2.0,5.0,-72.0
1777891748.0763323,3.0,4.0,-75.0
1777891748.0863323,0.0,0.0,-76.0
1777891748.0963323,0.0,1.0,-71.0
1777891748.1063323,-3.0,0.0,-68.0
1777891748.1163323,-7.0,0.0,-68.0
1777891748.1263323,-1.0,-3.0,-66.0
1777891748.1363325,0.0,-7.0,-61.0
1777891748.1463325,-8.0,-5.0,-65.0
1777891748.1563325,-2.0,-2.0,-61.0
1777891748.1663325,-3.0,-2.0,-62.0
1777891748.1763325,0.0,0.0,-65.0
1777891748.1863325,0.0,5.0,-68.0
1777891748.1963325,-2.0,1.0,-72.0
1777891748.2063324,-1.0,0.0,-74.0
1777891748.2163324,0.0,-2.0,-75.0
1777891748.2263324,0.0,-5.0,-70.0
1777891748.2363324,0.0,-4.0,-74.0
1777891748.2463324,1.0,-2.0,-77.0
1777891748.2563324,6.0,0.0,-74.0
1777891748.2663324,4.0,1.0,-78.0
1777891748.2763324,-3.0,0.0,-81.0
1777891748.2863324,-9.0,-3.0,-81.0
1777891748.2963324,-8.0,-1.0,-68.0
1777891748.3063323,-5.0,0.0,-73.0
1777891748.3163323,-6.0,0.0,-70.0
1777891748.3263323,-2.0,-1.0,-68.0
1777891748.3363323,-4.0,-1.0,-66.0
1777891748.3463323,-5.0,-8.0,-70.0
1777891748.3563323,-3.0,-9.0,-70.0
1777891748.3663323,1.0,-7.0,-75.0
1777891748.3763323,2.0,-6.0,-78.0
1777891748.3863325,2.0,-8.0,-74.0
1777891748.3963325,0.0,-5.0,-72.0
1777891748.4063325,-1.0,-5.0,-71.0
1777891748.4163325,-5.0,-2.0,-68.0
1777891748.4263325,-3.0,0.0,-66.0
1777891748.4363325,0.0,5.0,-71.0
1777891748.4463325,-4.0,2.0,-73.0
1777891748.4563324,-3.0,1.0,-75.0
1777891748.4663324,-4.0,0.0,-78.0
1777891748.4763324,0.0,0.0,-78.0
1777891748.4863324,0.0,2.0,-73.0
1777891748.4963324,-1.0,-1.0,-80.0
1777891748.5063324,0.0,0.0,-81.0
1777891748.5163324,0.0,-5.0,-78.0
1777891748.5263324,3.0,-4.0,-79.0
1777891748.5363324,6.0,0.0,-71.0
1777891748.5463324,5.0,-2.0,-70.0
1777891748.5563323,1.0,-3.0,-73.0
1777891748.5663323,0.0,-1.0,-75.0
1777891748.5763323,6.0,0.0,-81.0
1777891748.5863323,4.0,0.0,-75.0
1777891748.5963323,6.0,2.0,-71.0
1777891748.6063323,6.0,3.0,-70.0
1777891748.6163323,1.0,3.0,-73.0
1777891748.6263323,0.0,3.0,-79.0
1777891748.6363325,4.0,-1.0,-75.0
1777891748.6463325,5.0,-1.0,-68.0
1777891748.6563325,2.0,-4.0,-66.0
1777891748.6663325,6.0,-7.0,-63.0
1777891748.6763325,0.0,-6.0,-70.0
1777891748.6863325,2.0,-4.0,-73.0
1777891748.6963325,2.0,-6.0,-74.0
1777891748.7063324,-4.0,-8.0,-71.0
1777891748.7163324,-5.0,-4.0,-72.0
1777891748.7263324,0.0,-5.0,-76.0
1777891748.7363324,0.0,-4.0,-78.0
1777891748.7463324,0.0,-4.0,-78.0
1777891748.7563324,2.0,-3.0,-77.0
1777891748.7663324,1.0,-2.0,-77.0
1777891748.7763324,4.0,-4.0,-75.0
1777891748.7863324,1.0,-3.0,-71.0
1777891748.7963324,-2.0,-3.0,-66.0
1777891748.8063323,-3.0,-7.0,-63.0
1777891748.8163323,-1.0,-7.0,-62.0
1777891748.8263323,-2.0,-6.0,-64.0
1777891748.8363323,3.0,-2.0,-66.0
1777891748.8463323,3.0,4.0,-66.0
1777891748.8563323,3.0,1.0,-66.0
1777891748.8663323,3.0,-4.0,-60.0
1777891748.8763323,4.0,-6.0,-56.0
1777891748.8863325,2.0,-5.0,-57.0
1777891748.8963325,5.0,-11.0,-59.0
1777891748.9063325,5.0,-6.0,-62.0
1777891748.9163325,4.0,-3.0,-64.0
1777891748.9263325,2.0,0.0,-64.0
1777891748.9363325,10.0,2.0,-63.0
1777891748.9463325,10.0,0.0,-61.0
1777891748.9563324,5.0,0.0,-63.0
1777891748.9663324,8.0,2.0,-68.0
1777891748.9763324,6.0,0.0,-74.0
1777891748.9863324,4.0,0.0,-77.0
1777891748.9963324,9.0,0.0,-79.0
1777891749.0063324,10.0,1.0,-79.0
1777891749.0163324,8.0,1.0,-82.0
1777891749.0263324,6.0,0.0,-79.0
1777891749.0363324,7.0,0.0,-86.0
1777891749.0463324,4.0,0.0,-87.0
1777891749.0563323,9.0,0.0,-82.0
1777891749.0663323,6.0,-2.0,-80.0
1777891749.0763323,1.0,-4.0,-78.0
1777891749.0863323,0.0,0.0,-84.0
1777891749.0963323,-1.0,2.0,-84.0
1777891749.1063323,-3.0,0.0,-81.0
1777891749.1163323,-4.0,0.0,-77.0
1777891749.1263323,-2.0,1.0,-80.0
1777891749.1363325,5.0,-4.0,-72.0
1777891749.1463325,4.0,-7.0,-64.0
1777891749.1563325,0.0,-1.0,-67.0
1777891749.1663325,0.0,0.0,-69.0
1777891749.1763325,2.0,3.0,-73.0
1777891749.1863325,4.0,-2.0,-72.0
1777891749.1963325,5.0,-2.0,-72.0
1777891749.2063324,1.0,0.0,-76.0
1777891749.2163324,-2.0,-1.0,-74.0
1777891749.2263324,0.0,-2.0,-74.0
1777891749.2363324,2.0,0.0,-65.0
1777891749.2463324,3.0,4.0,-63.0
1777891749.2563324,6.0,5.0,-70.0
1777891749.2663324,2.0,2.0,-75.0
1777891749.2763324,-1.0,1.0,-79.0
1777891749.2863324,-3.0,-1.0,-75.0
1777891749.2963324,-2.0,-4.0,-78.0
1777891749.3063323,3.0,-3.0,-73.0
1777891749.3163323,2.0,-7.0,-70.0
1777891749.3263323,-3.0,-6.0,-63.0
1777891749.3363323,-3.0,-7.0,-62.0
1777891749.3463323,-6.0,-10.0,-63.0
1777891749.3563323,-8.0,-7.0,-65.0
1777891749.3663323,-8.0,-5.0,-64.0
1777891749.3763323,-6.0,-2.0,-62.0
1777891749.3863325,-5.0,-1.0,-66.0
1777891749.3963325,-9.0,-3.0,-72.0
1777891749.4063325,-10.0,-1.0,-82.0
1777891749.4163325,-4.0,1.0,-80.0
1777891749.4263325,-1.0,3.0,-70.0
1777891749.4363325,-1.0,6.0,-67.0
1777891749.4463325,-1.0,3.0,-65.0
1777891749.4563324,-4.0,6.0,-71.0
1777891749.4663324,-6.0,3.0,-72.0
1777891749.4763324,-2.0,4.0,-67.0
1777891749.4863324,-2.0,3.0,-68.0
1777891749.4963324,-3.0,4.0,-75.0
1777891749.5063324,-1.0,0.0,-75.0
1777891749.5163324,1.0,-1.0,-75.0
1777891749.5263324,2.0,0.0,-79.0
1777891749.5363324,2.0,-1.0,-78.0
1777891749.5463324,0.0,0.0,-69.0
1777891749.5563323,-3.0,-1.0,-70.0
1777891749.5663323,-1.0,4.0,-65.0
1777891749.5763323,0.0,1.0,-70.0
1777891749.5863323,0.0,2.0,-65.0
1777891749.5963323,-3.0,1.0,-71.0
1777891749.6063323,-7.0,0.0,-74.0
1777891749.6163323,-5.0,0.0,-80.0
1777891749.6263323,-4.0,-2.0,-82.0
1777891749.6363325,0.0,0.0,-83.0
1777891749.6463325,-3.0,0.0,-76.0
1777891749.6563325,-3.0,-1.0,-70.0
1777891749.6663325,0.0,1.0,-77.0
1777891749.6763325,-1.0,0.0,-76.0
1777891749.6863325,-5.0,-1.0,-77.0
1777891749.6963325,-4.0,0.0,-80.0
1777891749.7063324,-3.0,3.0,-82.0
1777891749.7163324,0.0,1.0,-77.0
1777891749.7263324,-2.0,-1.0,-69.0
1777891749.7363324,-3.0,0.0,-75.0
1777891749.7463324,-3.0,0.0,-77.0
1777891749.7563324,-4.0,2.0,-81.0
1777891749.7663324,-3.0,1.0,-71.0
1777891749.7763324,-2.0,0.0,-69.0
1777891749.7863324,0.0,-4.0,-67.0
1777891749.7963324,-2.0,0.0,-69.0
1777891749.8063323,-2.0,0.0,-72.0
1777891749.8163323,-2.0,0.0,-69.0
1777891749.8263323,-5.0,-1.0,-67.0
1777891749.8363323,-1.0,1.0,-63.0
1777891749.8463323,0.0,2.0,-67.0
1777891749.8563323,-3.0,6.0,-69.0
1777891749.8663323,-9.0,1.0,-68.0
1777891749.8763323,-6.0,0.0,-67.0
1777891749.8863325,-5.0,0.0,-72.0
1777891749.8973324,0.0,-2.0,-76.0
1777891749.9063325,0.0,-3.0,-76.0
1777891749.9163325,-2.0,0.0,-72.0
1777891749.9263325,-3.0,1.0,-73.0
1777891749.9373324,0.0,2.0,-69.0
1777891749.9473324,2.0,2.0,-71.0
1777891749.9573324,0.0,3.0,-65.0
1777891749.9673324,-2.0,6.0,-65.0
1777891749.9773324,-1.0,6.0,-64.0
1777891749.9873323,1.0,2.0,-60.0
1777891749.9973323,1.0,2.0,-63.0
1777891750.0073323,6.0,1.0,-69.0
1777891750.0173323,8.0,-2.0,-70.0
1777891750.0273323,1.0,1.0,-72.0
1777891750.0373323,-2.0,0.0,-73.0
1777891750.0473323,-5.0,0.0,-70.0
1777891750.0573325,-4.0,-1.0,-74.0
1777891750.0673325,-3.0,2.0,-82.0
1777891750.0773325,-4.0,1.0,-83.0
1777891750.0873325,-3.0,-1.0,-77.0
1777891750.0973325,-6.0,-1.0,-72.0
1777891750.1073325,-4.0,-2.0,-77.0
1777891750.1173325,-5.0,-5.0,-71.0
1777891750.1273324,-4.0,-4.0,-73.0
1777891750.1373324,-3.0,-6.0,-78.0
1777891750.1473324,0.0,-8.0,-76.0
1777891750.1573324,0.0,-10.0,-80.0
1777891750.1673324,1.0,-5.0,-81.0
1777891750.1773324,3.0,-6.0,-74.0
1777891750.1873324,0.0,-5.0,-75.0
1777891750.1973324,0.0,-7.0,-71.0
1777891750.2073324,3.0,-7.0,-71.0
1777891750.2173324,-2.0,-6.0,-72.0
1777891750.2273324,-8.0,-7.0,-74.0
1777891750.2373323,-7.0,-1.0,-72.0
1777891750.2473323,-6.0,0.0,-63.0
1777891750.2573323,-4.0,0.0,-65.0
1777891750.2673323,-3.0,1.0,-71.0
1777891750.2773323,-4.0,2.0,-72.0
1777891750.2873323,-8.0,1.0,-67.0
1777891750.2973323,-1.0,1.0,-71.0
1777891750.3073325,-1.0,7.0,-73.0
1777891750.3173325,1.0,4.0,-73.0
1777891750.3273325,3.0,0.0,-70.0
1777891750.3373325,-1.0,1.0,-71.0
1777891750.3473325,-5.0,4.0,-71.0
1777891750.3573325,-7.0,10.0,-77.0
1777891750.3673325,-9.0,8.0,-69.0
1777891750.3773324,-8.0,0.0,-76.0
1777891750.3873324,-2.0,3.0,-72.0
1777891750.3973324,0.0,2.0,-66.0
1777891750.4073324,-5.0,3.0,-67.0
1777891750.4173324,-5.0,0.0,-68.0
1777891750.4273324,-3.0,1.0,-67.0
1777891750.4373324,-3.0,1.0,-67.0
1777891750.4473324,-1.0,5.0,-68.0
1777891750.4573324,-1.0,2.0,-67.0
1777891750.4673324,2.0,1.0,-72.0
1777891750.4773324,6.0,1.0,-72.0
1777891750.4873323,6.0,1.0,-75.0
1777891750.4973323,3.0,-6.0,-69.0
1777891750.5073323,3.0,-7.0,-72.0
1777891750.5173323,0.0,-5.0,-68.0
1777891750.5273323,-2.0,-2.0,-66.0
1777891750.5373323,-2.0,-1.0,-64.0
1777891750.5473323,0.0,0.0,-66.0
1777891750.5573325,0.0,0.0,-66.0
1777891750.5673325,2.0,-1.0,-64.0
1777891750.5773325,2.0,-3.0,-62.0
1777891750.5873325,2.0,-1.0,-63.0
1777891750.5973325,2.0,-2.0,-67.0
1777891750.6073325,4.0,-2.0,-69.0
1777891750.6173325,3.0,-2.0,-69.0
1777891750.6273324,4.0,-2.0,-67.0
1777891750.6373324,4.0,-3.0,-76.0
1777891750.6473324,-2.0,0.0,-75.0
1777891750.6573324,-3.0,1.0,-75.0
1777891750.6673324,-2.0,2.0,-70.0
1777891750.6773324,-4.0,0.0,-70.0
1777891750.6873324,-3.0,1.0,-77.0
1777891750.6973324,-1.0,0.0,-79.0
1777891750.7073324,0.0,-2.0,-82.0
1777891750.7173324,0.0,-5.0,-72.0
1777891750.7273324,-2.0,-3.0,-72.0
1777891750.7373323,-2.0,-2.0,-72.0
1777891750.7473323,-1.0,0.0,-71.0
1777891750.7573323,-2.0,0.0,-67.0
1777891750.7673323,1.0,-1.0,-71.0
1777891750.7773323,1.0,-3.0,-70.0
1777891750.7873323,0.0,-1.0,-68.0
1777891750.7973323,2.0,-3.0,-66.0
1777891750.8073325,5.0,-7.0,-72.0
1777891750.8173325,6.0,-6.0,-74.0
1777891750.8273325,5.0,-5.0,-69.0
1777891750.8373325,2.0,-1.0,-70.0
1777891750.8473325,0.0,1.0,-83.0
1777891750.8573325,-2.0,0.0,-81.0
1777891750.8673325,0.0,0.0,-76.0
1777891750.8773324,1.0,3.0,-69.0
1777891750.8873324,6.0,0.0,-67.0
1777891750.8973324,10.0,-1.0,-76.0
1777891750.9073324,11.0,0.0,-79.0
1777891750.9173324,9.0,1.0,-76.0
1777891750.9273324,5.0,-3.0,-75.0
1777891750.9373324,6.0,-2.0,-72.0
1777891750.9473324,2.0,0.0,-77.0
1777891750.9573324,0.0,-1.0,-82.0
1777891750.9673324,-1.0,0.0,-71.0
1777891750.9773324,-1.0,-1.0,-72.0
1777891750.9873323,-1.0,-5.0,-80.0
1777891750.9973323,-1.0,-4.0,-82.0
1777891751.0073323,-1.0,-4.0,-75.0
1777891751.0173323,-1.0,-6.0,-75.0
1777891751.0273323,1.0,-6.0,-83.0
1777891751.0373323,5.0,-9.0,-84.0
1777891751.0473323,8.0,-10.0,-88.0
1777891751.0573325,8.0,-5.0,-89.0
1777891751.0673325,0.0,-4.0,-88.0
1777891751.0773325,-1.0,-5.0,-86.0
1777891751.0873325,-2.0,-4.0,-90.0
1777891751.0973325,0.0,0.0,-89.0
1777891751.1073325,1.0,3.0,-87.0
1777891751.1173325,2.0,1.0,-81.0
1777891751.1273324,5.0,2.0,-75.0
1777891751.1373324,4.0,-1.0,-66.0
1777891751.1473324,1.0,-2.0,-61.0
1777891751.1573324,1.0,-5.0,-66.0
1777891751.1673324,3.0,-3.0,-68.0
1777891751.1773324,5.0,-2.0,-66.0
1777891751.1873324,2.0,-2.0,-69.0
1777891751.1973324,3.0,0.0,-67.0
1777891751.2073324,1.0,-4.0,-67.0
1777891751.2173324,2.0,-3.0,-66.0
1777891751.2273324,2.0,-4.0,-71.0
1777891751.2373323,3.0,-2.0,-71.0
1777891751.2473323,1.0,-3.0,-74.0
1777891751.2573323,1.0,-2.0,-73.0
1777891751.2673323,1.0,-5.0,-72.0
1777891751.2773323,-1.0,0.0,-63.0
1777891751.2873323,-1.0,1.0,-60.0
1777891751.2973323,-2.0,-1.0,-63.0
1777891751.3073325,3.0,0.0,-61.0
1777891751.3173325,6.0,3.0,-69.0
1777891751.3273325,3.0,3.0,-68.0
1777891751.3373325,0.0,4.0,-66.0
1777891751.3473325,-1.0,2.0,-67.0
1777891751.3573325,-2.0,-1.0,-76.0
1777891751.3673325,3.0,-2.0,-80.0
1777891751.3773324,2.0,2.0,-83.0
1777891751.3873324,0.0,1.0,-78.0
1777891751.3973324,1.0,0.0,-76.0
1777891751.4073324,0.0,-2.0,-77.0
1777891751.4173324,2.0,0.0,-72.0
1777891751.4273324,2.0,1.0,-77.0
1777891751.4373324,3.0,1.0,-76.0
1777891751.4473324,0.0,0.0,-80.0
1777891751.4573324,-2.0,0.0,-84.0
1777891751.4673324,-3.0,1.0,-88.0
1777891751.4773324,0.0,3.0,-86.0
1777891751.4873323,-4.0,2.0,-79.0
1777891751.4973323,-2.0,2.0,-77.0
1777891751.5083325,-3.0,0.0,-81.0
1777891751.5173323,-5.0,-3.0,-80.0
1777891751.5273323,-1.0,0.0,-86.0
1777891751.5373323,-1.0,0.0,-81.0
1777891751.5473323,5.0,0.0,-81.0
1777891751.5573325,2.0,3.0,-83.0
1777891751.5673325,0.0,0.0,-79.0
1777891751.5773325,-1.0,0.0,-83.0
1777891751.5873325,-1.0,2.0,-82.0
1777891751.5973325,-5.0,-1.0,-78.0
1777891751.6073325,-2.0,-3.0,-78.0
1777891751.6173325,2.0,-4.0,-76.0
1777891751.6273324,0.0,0.0,-79.0
1777891751.6373324,-1.0,0.0,-80.0
1777891751.6473324,-2.0,0.0,-78.0
1777891751.6573324,0.0,0.0,-71.0
1777891751.6673324,0.0,-5.0,-69.0
1777891751.6773324,-2.0,-1.0,-64.0
1777891751.6873324,3.0,0.0,-58.0
1777891751.6973324,2.0,0.0,-59.0
1777891751.7073324,-1.0,0.0,-66.0
1777891751.7173324,1.0,2.0,-76.0
1777891751.7273324,-3.0,6.0,-81.0
1777891751.7373323,-1.0,2.0,-80.0
1777891751.7473323,-5.0,2.0,-77.0
1777891751.7573323,-2.0,-4.0,-83.0
1777891751.7673323,0.0,-3.0,-76.0
1777891751.7773323,1.0,-2.0,-77.0
1777891751.7873323,1.0,-2.0,-83.0
1777891751.7973323,4.0,-3.0,-81.0
1777891751.8073325,4.0,-4.0,-75.0
1777891751.8173325,3.0,-5.0,-73.0
1777891751.8273325,1.0,-3.0,-70.0
1777891751.8373325,4.0,-6.0,-71.0
1777891751.8473325,4.0,-5.0,-70.0
1777891751.8573325,0.0,-7.0,-68.0
1777891751.8673325,-1.0,-7.0,-65.0
1777891751.8773324,-1.0,-4.0,-66.0
1777891751.8873324,-2.0,-3.0,-71.0
1777891751.8973324,0.0,-7.0,-71.0
1777891751.9073324,-1.0,-4.0,-75.0
1777891751.9173324,-2.0,0.0,-76.0
1777891751.9283323,1.0,-3.0,-81.0
1777891751.9383323,5.0,-2.0,-82.0
1777891751.9483323,4.0,-2.0,-80.0
1777891751.9583323,5.0,-4.0,-78.0
1777891751.9683323,-1.0,-8.0,-78.0
1777891751.9783323,0.0,-9.0,-80.0
1777891751.9883325,3.0,-6.0,-83.0
1777891751.9983325,1.0,-2.0,-75.0
1777891752.0083325,0.0,1.0,-75.0
1777891752.0183325,-5.0,0.0,-75.0
1777891752.0283325,-3.0,4.0,-69.0
1777891752.0383325,-6.0,0.0,-61.0
1777891752.0483325,-11.0,-1.0,-52.0
1777891752.0583324,-11.0,-1.0,-57.0
1777891752.0683324,-9.0,0.0,-55.0
1777891752.0783324,-8.0,1.0,-54.0
1777891752.0883324,-7.0,-1.0,-58.0
1777891752.0983324,-4.0,-2.0,-63.0
1777891752.1083324,-2.0,-5.0,-63.0
1777891752.1183324,-2.0,-4.0,-65.0
1777891752.1283324,-1.0,-4.0,-70.0
1777891752.1383324,0.0,0.0,-70.0
1777891752.1483324,0.0,-3.0,-78.0
1777891752.1583323,4.0,0.0,-79.0
1777891752.1683323,5.0,-1.0,-74.0
1777891752.1783323,1.0,-5.0,-70.0
1777891752.1883323,-2.0,-3.0,-78.0
1777891752.1983323,0.0,-3.0,-76.0
1777891752.2083323,0.0,-7.0,-79.0
1777891752.2183323,0.0,-4.0,-85.0
1777891752.2283323,0.0,-6.0,-82.0
1777891752.2383325,0.0,-8.0,-73.0
1777891752.2483325,2.0,-7.0,-67.0
1777891752.2583325,1.0,-6.0,-71.0
1777891752.2683325,2.0,-9.0,-73.0
1777891752.2783325,0.0,-8.0,-78.0
1777891752.2883325,0.0,-5.0,-75.0
1777891752.2983325,2.0,-3.0,-75.0
1777891752.3083324,2.0,-7.0,-76.0
1777891752.3183324,4.0,-6.0,-72.0
1777891752.3283324,3.0,-2.0,-69.0
1777891752.3383324,2.0,2.0,-70.0
1777891752.3483324,4.0,3.0,-66.0
1777891752.3583324,5.0,4.0,-71.0
1777891752.3683324,5.0,3.0,-72.0
1777891752.3783324,-2.0,1.0,-76.0
1777891752.3883324,-1.0,-1.0,-78.0
1777891752.3983324,-4.0,-2.0,-82.0
1777891752.4083323,0.0,-1.0,-77.0
1777891752.4183323,0.0,-2.0,-75.0
1777891752.4283323,0.0,0.0,-70.0
1777891752.4383323,0.0,1.0,-69.0
1777891752.4483323,-2.0,-1.0,-73.0
1777891752.4583323,-1.0,-1.0,-75.0
1777891752.4683323,-1.0,3.0,-77.0
1777891752.4783323,-5.0,3.0,-73.0
1777891752.4883325,-3.0,0.0,-73.0
1777891752.4983325,1.0,-4.0,-70.0
1777891752.5083325,0.0,-3.0,-69.0
1777891752.5183325,2.0,-1.0,-63.0
1777891752.5283325,0.0,-1.0,-68.0
1777891752.5383325,0.0,-1.0,-67.0
1777891752.5483325,1.0,-1.0,-71.0
1777891752.5583324,0.0,-1.0,-69.0
1777891752.5683324,3.0,-5.0,-70.0
1777891752.5783324,0.0,-2.0,-74.0
1777891752.5883324,1.0,-3.0,-71.0
1777891752.5983324,-2.0,-5.0,-63.0
1777891752.6083324,-4.0,-4.0,-64.0
1777891752.6183324,-5.0,3.0,-67.0
1777891752.6283324,-9.0,5.0,-66.0
1777891752.6383324,-10.0,5.0,-67.0
1777891752.6483324,-9.0,4.0,-69.0
1777891752.6583323,-5.0,2.0,-71.0
1777891752.6683323,2.0,-2.0,-70.0
1777891752.6783323,6.0,-2.0,-69.0
1777891752.6883323,1.0,-2.0,-72.0
1777891752.6983323,0.0,-6.0,-71.0
1777891752.7083323,1.0,-6.0,-72.0
1777891752.7183323,3.0,-3.0,-73.0
1777891752.7283323,0.0,-4.0,-73.0
1777891752.7383325,1.0,-8.0,-69.0
1777891752.7483325,-1.0,-7.0,-74.0
1777891752.7583325,-3.0,-3.0,-72.0
1777891752.7683325,-6.0,-3.0,-71.0
1777891752.7783325,-4.0,-1.0,-67.0
1777891752.7883325,-4.0,0.0,-66.0
1777891752.7983325,2.0,1.0,-71.0
1777891752.8083324,1.0,1.0,-66.0
1777891752.8183324,2.0,2.0,-67.0
1777891752.8283324,-2.0,3.0,-69.0
1777891752.8383324,-7.0,0.0,-69.0
1777891752.8483324,-3.0,-3.0,-73.0
1777891752.8583324,-1.0,-6.0,-72.0
1777891752.8683324,-2.0,-3.0,-70.0
1777891752.8783324,1.0,-6.0,-77.0
1777891752.8883324,0.0,-1.0,-80.0
1777891752.8983324,4.0,-3.0,-81.0
1777891752.9083323,5.0,-3.0,-79.0
1777891752.9183323,-2.0,0.0,-75.0
1777891752.9283323,-5.0,0.0,-70.0
1777891752.9383323,-4.0,-1.0,-67.0
1777891752.9483323,2.0,0.0,-60.0
1777891752.9583323,0.0,1.0,-65.0
1777891752.9683323,2.0,3.0,-65.0
1777891752.9783323,5.0,0.0,-71.0
1777891752.9883325,5.0,0.0,-70.0
1777891752.9983325,3.0,-3.0,-68.0
1777891753.0083325,2.0,1.0,-61.0
1777891753.0183325,0.0,3.0,-59.0
1777891753.0283325,0.0,2.0,-59.0
1777891753.0383325,1.0,-1.0,-62.0
1777891753.0483325,5.0,0.0,-70.0
1777891753.0583324,1.0,-1.0,-70.0
1777891753.0683324,1.0,-2.0,-67.0
1777891753.0783324,2.0,1.0,-69.0
1777891753.0883324,3.0,1.0,-72.0
1777891753.0983324,0.0,0.0,-75.0
1777891753.1083324,0.0,1.0,-73.0
1777891753.1183324,0.0,2.0,-75.0
1777891753.1283324,0.0,2.0,-73.0
1777891753.1383324,-2.0,1.0,-73.0
1777891753.1483324,-2.0,2.0,-71.0
1777891753.1583323,-3.0,2.0,-75.0
1777891753.1683323,-1.0,2.0,-75.0
1777891753.1783323,4.0,-1.0,-77.0
1777891753.1883323,8.0,1.0,-78.0
1777891753.1983323,2.0,1.0,-80.0
1777891753.2083323,-4.0,4.0,-79.0
1777891753.2183323,-7.0,1.0,-73.0
1777891753.2283323,-7.0,0.0,-74.0
1777891753.2383325,-3.0,-2.0,-75.0
1777891753.2483325,-1.0,-5.0,-73.0
1777891753.2583325,-5.0,-9.0,-71.0
1777891753.2683325,-5.0,-9.0,-71.0
1777891753.2783325,-3.0,-2.0,-67.0
1777891753.2883325,-1.0,-2.0,-68.0
1777891753.2983325,-1.0,-3.0,-69.0
1777891753.3083324,-6.0,-4.0,-62.0
1777891753.3183324,-4.0,-3.0,-68.0
1777891753.3283324,-3.0,-3.0,-72.0
1777891753.3383324,-3.0,-4.0,-72.0
1777891753.3483324,-4.0,0.0,-66.0
1777891753.3583324,0.0,-2.0,-68.0
1777891753.3683324,0.0,-1.0,-70.0
1777891753.3783324,0.0,-1.0,-75.0
1777891753.3883324,-4.0,1.0,-72.0
1777891753.3983324,-1.0,1.0,-73.0
1777891753.4083323,0.0,1.0,-77.0
1777891753.4183323,1.0,-4.0,-75.0
1777891753.4283323,0.0,-3.0,-79.0
1777891753.4383323,1.0,-2.0,-83.0
1777891753.4483323,6.0,-2.0,-88.0
1777891753.4583323,3.0,0.0,-83.0
1777891753.4683323,0.0,-2.0,-82.0
1777891753.4783323,0.0,-1.0,-82.0
1777891753.4883325,0.0,0.0,-83.0
1777891753.4983325,0.0,0.0,-84.0
1777891753.5083325,0.0,-2.0,-84.0
1777891753.5183325,1.0,-6.0,-84.0
1777891753.5283325,0.0,-8.0,-76.0
1777891753.5383325,-2.0,-5.0,-76.0
1777891753.5483325,-3.0,-5.0,-76.0
1777891753.5583324,-3.0,-2.0,-77.0
1777891753.5683324,0.0,-3.0,-79.0
1777891753.5783324,1.0,0.0,-79.0
1777891753.5883324,2.0,0.0,-71.0
1777891753.5983324,9.0,-1.0,-75.0
1777891753.6083324,5.0,-4.0,-67.0
1777891753.6183324,2.0,-3.0,-72.0
1777891753.6283324,3.0,-4.0,-70.0
1777891753.6383324,5.0,-3.0,-71.0
1777891753.6483324,2.0,0.0,-75.0
1777891753.6583323,6.0,4.0,-77.0
1777891753.6683323,10.0,3.0,-78.0
1777891753.6783323,7.0,0.0,-72.0
1777891753.6883323,10.0,-1.0,-63.0
1777891753.6983323,11.0,0.0,-56.0
1777891753.7083323,5.0,1.0,-57.0
1777891753.7183323,3.0,-3.0,-57.0
1777891753.7283323,1.0,-3.0,-62.0
1777891753.7383325,5.0,-7.0,-67.0
1777891753.7483325,2.0,-5.0,-70.0
1777891753.7583325,1.0,-4.0,-75.0
1777891753.7683325,1.0,-5.0,-74.0
1777891753.7783325,0.0,0.0,-73.0
1777891753.7883325,-1.0,-2.0,-81.0
1777891753.7983325,0.0,-5.0,-78.0
1777891753.8083324,-3.0,-2.0,-81.0
1777891753.8183324,-5.0,-3.0,-82.0
1777891753.8283324,-2.0,-3.0,-85.0
1777891753.8383324,-4.0,-6.0,-79.0
1777891753.8483324,0.0,-8.0,-76.0
1777891753.8583324,-4.0,-8.0,-75.0
1777891753.8683324,0.0,-2.0,-77.0
1777891753.8783324,-5.0,0.0,-82.0
1777891753.8883324,-3.0,-1.0,-84.0
1777891753.8983324,-2.0,-4.0,-80.0
1777891753.9083323,-3.0,-5.0,-78.0
1777891753.9183323,-7.0,-7.0,-80.0
1777891753.9293325,-4.0,-6.0,-84.0
1777891753.9393325,-3.0,-9.0,-76.0
1777891753.9493325,1.0,-10.0,-78.0
1777891753.9593325,-2.0,-5.0,-80.0
1777891753.9693325,-3.0,-2.0,-80.0
1777891753.9793324,-3.0,0.0,-80.0
1777891753.9893324,-3.0,0.0,-78.0
1777891753.9993324,-4.0,0.0,-81.0
1777891754.0093324,0.0,0.0,-83.0
1777891754.0193324,0.0,3.0,-81.0
1777891754.0293324,0.0,2.0,-80.0
1777891754.0393324,3.0,0.0,-68.0
1777891754.0493324,4.0,1.0,-65.0
1777891754.0593324,3.0,0.0,-65.0
1777891754.0693324,1.0,-1.0,-70.0
1777891754.0793324,-1.0,0.0,-68.0
1777891754.0893323,0.0,2.0,-75.0
1777891754.0993323,-1.0,0.0,-75.0
1777891754.1093323,0.0,-1.0,-69.0
1777891754.1193323,-4.0,-1.0,-72.0
1777891754.1293323,0.0,-2.0,-71.0
1777891754.1393323,0.0,0.0,-68.0
1777891754.1493323,3.0,3.0,-73.0
1777891754.1593325,3.0,0.0,-77.0
1777891754.1693325,1.0,0.0,-71.0
1777891754.1793325,2.0,-1.0,-70.0
1777891754.1893325,-1.0,0.0,-72.0
1777891754.1993325,2.0,-1.0,-73.0
1777891754.2093325,4.0,-1.0,-73.0
1777891754.2193325,5.0,-3.0,-74.0
1777891754.2293324,4.0,-2.0,-79.0
1777891754.2393324,3.0,-5.0,-74.0
1777891754.2493324,5.0,-5.0,-76.0
1777891754.2593324,-2.0,-1.0,-72.0
1777891754.2693324,0.0,0.0,-69.0
1777891754.2793324,-6.0,-1.0,-66.0
1777891754.2893324,-6.0,4.0,-65.0
1777891754.2993324,2.0,6.0,-70.0
1777891754.3093324,-1.0,7.0,-66.0
1777891754.3193324,-1.0,6.0,-67.0
1777891754.3293324,-3.0,7.0,-62.0
1777891754.3393323,1.0,7.0,-64.0
1777891754.3493323,-2.0,8.0,-67.0
1777891754.3593323,-2.0,1.0,-73.0
1777891754.3693323,0.0,-1.0,-72.0
1777891754.3793323,3.0,-1.0,-73.0
1777891754.3893323,2.0,2.0,-77.0
1777891754.3993323,-2.0,1.0,-70.0
1777891754.4093325,2.0,2.0,-72.0
1777891754.4193325,0.0,-2.0,-70.0
1777891754.4293325,6.0,-2.0,-69.0
1777891754.4393325,6.0,0.0,-70.0
1777891754.4493325,5.0,0.0,-72.0
1777891754.4593325,4.0,-1.0,-70.0
1777891754.4693325,3.0,-4.0,-67.0
1777891754.4793324,5.0,-7.0,-67.0
1777891754.4893324,6.0,-9.0,-67.0
1777891754.4993324,8.0,-5.0,-65.0
1777891754.5093324,4.0,-7.0,-67.0
1777891754.5193324,4.0,-9.0,-63.0
1777891754.5293324,5.0,-8.0,-66.0
1777891754.5393324,4.0,-7.0,-72.0
1777891754.5493324,3.0,-5.0,-70.0
1777891754.5593324,7.0,-2.0,-67.0
1777891754.5693324,2.0,-4.0,-76.0
1777891754.5793324,2.0,-7.0,-80.0
1777891754.5893323,2.0,-8.0,-79.0
1777891754.5993323,3.0,-5.0,-82.0
1777891754.6093323,4.0,-7.0,-78.0
1777891754.6193323,1.0,-7.0,-78.0
1777891754.6293323,-1.0,-6.0,-79.0
1777891754.6393323,1.0,-7.0,-79.0
1777891754.6493323,2.0,-8.0,-83.0
1777891754.6593325,4.0,-8.0,-74.0
1777891754.6693325,5.0,-3.0,-79.0
1777891754.6793325,5.0,0.0,-77.0
1777891754.6893325,6.0,2.0,-78.0
1777891754.6993325,5.0,5.0,-79.0
1777891754.7093325,3.0,3.0,-72.0
1777891754.7193325,5.0,-3.0,-71.0
1777891754.7293324,0.0,-1.0,-71.0
1777891754.7393324,0.0,2.0,-68.0
1777891754.7493324,0.0,1.0,-65.0
1777891754.7593324,1.0,-1.0,-60.0
1777891754.7693324,1.0,0.0,-63.0
1777891754.7793324,0.0,-2.0,-69.0
1777891754.7893324,-5.0,-3.0,-66.0
1777891754.7993324,-4.0,-8.0,-69.0
1777891754.8093324,-3.0,-9.0,-67.0
1777891754.8193324,-2.0,-9.0,-70.0
1777891754.8293324,0.0,-9.0,-69.0
1777891754.8393323,0.0,-5.0,-70.0
1777891754.8493323,0.0,-5.0,-69.0
1777891754.8593323,1.0,-7.0,-74.0
1777891754.8693323,-1.0,-8.0,-74.0
1777891754.8793323,0.0,-6.0,-73.0
1777891754.8893323,-2.0,-2.0,-76.0
1777891754.8993323,-1.0,-1.0,-75.0
1777891754.9093325,4.0,-3.0,-77.0
1777891754.9193325,4.0,-1.0,-73.0
1777891754.9293325,-1.0,0.0,-69.0
1777891754.9393325,0.0,-1.0,-66.0
1777891754.9493325,-1.0,-1.0,-73.0
1777891754.9593325,2.0,-2.0,-71.0
1777891754.9693325,0.0,-2.0,-74.0
1777891754.9793324,-1.0,-2.0,-80.0
1777891754.9893324,-1.0,2.0,-75.0
1777891754.9993324,-1.0,5.0,-70.0
1777891755.0093324,-1.0,3.0,-73.0
1777891755.0193324,0.0,1.0,-71.0
1777891755.0293324,0.0,-2.0,-70.0
1777891755.0393324,0.0,-2.0,-72.0
1777891755.0493324,-2.0,-2.0,-73.0
1777891755.0593324,-6.0,2.0,-75.0
1777891755.0693324,-7.0,1.0,-80.0
1777891755.0793324,0.0,0.0,-79.0
1777891755.0893323,5.0,0.0,-77.0
1777891755.0993323,2.0,0.0,-75.0
1777891755.1093323,4.0,0.0,-71.0
1777891755.1193323,1.0,0.0,-77.0
1777891755.1293323,1.0,0.0,-84.0
1777891755.1393323,3.0,2.0,-79.0
1777891755.1493323,2.0,-3.0,-75.0
1777891755.1593325,3.0,-3.0,-71.0
1777891755.1693325,3.0,-2.0,-79.0
1777891755.1793325,3.0,-1.0,-75.0
1777891755.1893325,5.0,-1.0,-74.0
1777891755.1993325,7.0,2.0,-71.0
1777891755.2093325,9.0,6.0,-75.0
1777891755.2193325,6.0,4.0,-69.0
1777891755.2293324,9.0,5.0,-69.0
1777891755.2393324,9.0,6.0,-68.0
1777891755.2493324,8.0,6.0,-69.0
1777891755.2593324,6.0,4.0,-70.0
1777891755.2693324,1.0,2.0,-67.0
1777891755.2793324,2.0,1.0,-63.0
1777891755.2893324,3.0,0.0,-63.0
1777891755.2993324,3.0,-4.0,-66.0
1777891755.3093324,3.0,-1.0,-68.0
1777891755.3193324,2.0,0.0,-67.0
1777891755.3293324,3.0,-2.0,-67.0
1777891755.3393323,3.0,-1.0,-70.0
1777891755.3493323,3.0,0.0,-72.0
1777891755.3593323,1.0,2.0,-67.0
1777891755.3693323,4.0,2.0,-75.0
1777891755.3793323,3.0,4.0,-73.0
1777891755.3893323,2.0,0.0,-75.0
1777891755.3993323,5.0,0.0,-73.0
1777891755.4093325,6.0,2.0,-74.0
1777891755.4193325,7.0,2.0,-74.0
1777891755.4293325,1.0,-2.0,-73.0
1777891755.4393325,-1.0,-4.0,-65.0
1777891755.4493325,1.0,-1.0,-60.0
1777891755.4593325,0.0,-1.0,-63.0
1777891755.4693325,0.0,-4.0,-67.0
1777891755.4793324,0.0,-6.0,-68.0
1777891755.4893324,-2.0,-4.0,-73.0
1777891755.4993324,0.0,-1.0,-70.0
1777891755.5093324,0.0,0.0,-70.0
1777891755.5193324,0.0,4.0,-72.0
1777891755.5293324,1.0,7.0,-74.0
1777891755.5393324,3.0,6.0,-76.0
1777891755.5493324,-3.0,6.0,-76.0
1777891755.5593324,-2.0,1.0,-76.0
1777891755.5693324,-1.0,0.0,-80.0
1777891755.5793324,0.0,0.0,-76.0
1777891755.5893323,0.0,-3.0,-75.0
1777891755.5993323,-1.0,0.0,-75.0
1777891755.6093323,-3.0,0.0,-69.0
1777891755.6193323,-4.0,1.0,-70.0
1777891755.6293323,0.0,2.0,-71.0
1777891755.6393323,1.0,0.0,-76.0
1777891755.6493323,-1.0,-7.0,-79.0
1777891755.6593325,5.0,-5.0,-74.0
1777891755.6693325,3.0,-2.0,-72.0
1777891755.6793325,3.0,0.0,-67.0
1777891755.6893325,4.0,2.0,-65.0
1777891755.6993325,4.0,1.0,-69.0
1777891755.7093325,1.0,0.0,-66.0
1777891755.7193325,1.0,-2.0,-66.0
1777891755.7293324,2.0,-5.0,-70.0
1777891755.7393324,1.0,-7.0,-63.0
1777891755.7493324,4.0,-5.0,-68.0
1777891755.7593324,4.0,0.0,-70.0
1777891755.7693324,4.0,-2.0,-74.0
1777891755.7793324,4.0,-3.0,-69.0
1777891755.7893324,1.0,0.0,-68.0
1777891755.7993324,-1.0,-2.0,-67.0
1777891755.8093324,0.0,0.0,-75.0
1777891755.8193324,3.0,0.0,-74.0
1777891755.8293324,6.0,-1.0,-77.0
1777891755.8393323,4.0,0.0,-66.0
1777891755.8493323,2.0,3.0,-63.0
1777891755.8593323,1.0,1.0,-69.0
1777891755.8693323,0.0,0.0,-70.0
1777891755.8793323,0.0,0.0,-71.0
1777891755.8893323,-1.0,0.0,-73.0
1777891755.8993323,-4.0,0.0,-75.0
1777891755.9093325,-2.0,-1.0,-75.0
1777891755.9193325,-3.0,0.0,-77.0
1777891755.9303324,-4.0,-1.0,-77.0
1777891755.9403324,-7.0,-2.0,-70.0
1777891755.9503324,-9.0,-4.0,-69.0
1777891755.9603324,-4.0,-3.0,-72.0
1777891755.9703324,-6.0,-4.0,-71.0
1777891755.9803324,-4.0,-1.0,-73.0
1777891755.9903324,-3.0,-2.0,-71.0
1777891756.0003324,3.0,-6.0,-74.0
1777891756.0103323,2.0,-7.0,-74.0
1777891756.0203323,-3.0,-6.0,-77.0
1777891756.0303323,-6.0,-2.0,-75.0
1777891756.0403323,-6.0,-2.0,-75.0
1777891756.0503323,-2.0,-4.0,-72.0
1777891756.0603323,-1.0,-3.0,-76.0
1777891756.0703323,-2.0,0.0,-76.0
1777891756.0803325,-1.0,-2.0,-69.0
1777891756.0903325,0.0,0.0,-71.0
1777891756.1003325,-1.0,0.0,-68.0
1777891756.1103325,-3.0,5.0,-66.0
1777891756.1203325,-1.0,3.0,-67.0
1777891756.1303325,3.0,1.0,-71.0
1777891756.1403325,4.0,0.0,-70.0
1777891756.1503325,8.0,-5.0,-68.0
1777891756.1603324,2.0,-7.0,-71.0
1777891756.1703324,0.0,-5.0,-64.0
1777891756.1803324,0.0,-6.0,-68.0
1777891756.1903324,0.0,-5.0,-68.0
1777891756.2003324,-5.0,-3.0,-70.0
1777891756.2103324,-2.0,-5.0,-70.0
1777891756.2203324,-5.0,-3.0,-74.0
1777891756.2303324,-3.0,-5.0,-73.0
1777891756.2403324,3.0,-5.0,-73.0
1777891756.2503324,4.0,-5.0,-73.0
1777891756.2603323,3.0,-5.0,-68.0
1777891756.2703323,1.0,-3.0,-68.0
1777891756.2803323,1.0,-3.0,-65.0
1777891756.2903323,3.0,1.0,-58.0
1777891756.3003323,-1.0,1.0,-61.0
1777891756.3103323,-1.0,-1.0,-64.0
1777891756.3213325,0.0,-2.0,-66.0
1777891756.3303325,5.0,0.0,-67.0
1777891756.3403325,7.0,5.0,-70.0
1777891756.3503325,7.0,0.0,-71.0
1777891756.3603325,5.0,-3.0,-69.0
1777891756.3703325,7.0,-4.0,-76.0
1777891756.3803325,9.0,-4.0,-77.0
1777891756.3903325,6.0,0.0,-75.0
1777891756.4003325,9.0,1.0,-83.0
1777891756.4103324,4.0,0.0,-80.0
1777891756.4203324,3.0,0.0,-82.0
1777891756.4303324,2.0,-3.0,-72.0
1777891756.4403324,2.0,-4.0,-65.0
1777891756.4503324,3.0,0.0,-72.0
1777891756.4603324,1.0,2.0,-77.0
1777891756.4703324,1.0,2.0,-80.0
1777891756.4803324,5.0,0.0,-78.0
1777891756.4903324,7.0,-2.0,-73.0
1777891756.5003324,6.0,-1.0,-75.0
1777891756.5103323,5.0,-2.0,-78.0
1777891756.5203323,0.0,-3.0,-75.0
1777891756.5303323,0.0,-4.0,-72.0
1777891756.5403323,0.0,-2.0,-69.0
1777891756.5503323,-1.0,-1.0,-63.0
1777891756.5603323,-2.0,-2.0,-63.0
1777891756.5703323,-2.0,-2.0,-67.0
1777891756.5803325,1.0,-5.0,-62.0
1777891756.5903325,-1.0,-5.0,-71.0
1777891756.6003325,-3.0,-6.0,-79.0
1777891756.6103325,-2.0,-3.0,-80.0
1777891756.6203325,-3.0,-5.0,-75.0
1777891756.6303325,0.0,-1.0,-77.0
1777891756.6403325,-1.0,2.0,-72.0
1777891756.6503325,0.0,0.0,-75.0
1777891756.6603324,-1.0,0.0,-79.0
1777891756.6703324,0.0,0.0,-74.0
1777891756.6803324,1.0,1.0,-74.0
1777891756.6903324,1.0,3.0,-68.0
1777891756.7003324,4.0,0.0,-68.0
1777891756.7103324,10.0,-3.0,-65.0
1777891756.7203324,6.0,0.0,-68.0
1777891756.7303324,9.0,3.0,-73.0
1777891756.7403324,13.0,2.0,-77.0
1777891756.7503324,16.0,-3.0,-68.0
1777891756.7603323,14.0,-6.0,-70.0
1777891756.7703323,10.0,-2.0,-70.0
1777891756.7803323,9.0,0.0,-69.0
1777891756.7903323,7.0,3.0,-71.0
1777891756.8003323,7.0,6.0,-76.0
1777891756.8103323,5.0,9.0,-72.0
1777891756.8203323,0.0,5.0,-69.0
1777891756.8303325,0.0,1.0,-68.0
1777891756.8403325,-1.0,0.0,-70.0
1777891756.8503325,0.0,-1.0,-68.0
1777891756.8603325,-1.0,-1.0,-73.0
1777891756.8703325,-2.0,-2.0,-71.0
1777891756.8803325,-5.0,-4.0,-68.0
1777891756.8903325,-2.0,-7.0,-71.0
1777891756.9003325,3.0,-6.0,-75.0
1777891756.9103324,4.0,-1.0,-77.0
1777891756.9203324,6.0,-1.0,-79.0
1777891756.9303324,6.0,-2.0,-71.0
1777891756.9403324,4.0,-2.0,-71.0
1777891756.9503324,0.0,1.0,-71.0
1777891756.9603324,-5.0,0.0,-74.0
1777891756.9703324,-6.0,2.0,-74.0
1777891756.9803324,-6.0,5.0,-71.0
1777891756.9903324,-6.0,5.0,-77.0
1777891757.0003324,-7.0,5.0,-75.0
1777891757.0103323,-7.0,3.0,-80.0
1777891757.0203323,-1.0,-1.0,-81.0
1777891757.0303323,-2.0,-4.0,-83.0
1777891757.0403323,-4.0,-7.0,-77.0
1777891757.0503323,2.0,-4.0,-80.0
1777891757.0603323,2.0,-4.0,-74.0
1777891757.0703323,-3.0,-3.0,-69.0
1777891757.0803325,-4.0,0.0,-62.0
1777891757.0903325,-6.0,0.0,-60.0
1777891757.1003325,-2.0,-3.0,-61.0
1777891757.1103325,0.0,0.0,-75.0
1777891757.1203325,2.0,0.0,-80.0
1777891757.1303325,4.0,0.0,-83.0
1777891757.1403325,1.0,-4.0,-78.0
1777891757.1503325,1.0,-4.0,-75.0
1777891757.1603324,-2.0,-6.0,-72.0
1777891757.1703324,-1.0,-10.0,-67.0
1777891757.1803324,-3.0,-6.0,-70.0
1777891757.1903324,3.0,-6.0,-67.0
1777891757.2003324,2.0,-3.0,-70.0
1777891757.2103324,1.0,-5.0,-71.0
1777891757.2203324,-1.0,-4.0,-72.0
1777891757.2303324,-1.0,1.0,-66.0
1777891757.2403324,-2.0,1.0,-64.0
1777891757.2503324,4.0,1.0,-64.0
1777891757.2603323,3.0,5.0,-66.0
1777891757.2703323,2.0,3.0,-72.0
1777891757.2803323,1.0,3.0,-76.0
1777891757.2903323,0.0,3.0,-71.0
1777891757.3003323,0.0,2.0,-69.0
1777891757.3103323,6.0,0.0,-65.0
1777891757.3203323,8.0,-3.0,-68.0
1777891757.3303325,8.0,-3.0,-74.0
1777891757.3403325,10.0,-2.0,-75.0
1777891757.3503325,4.0,1.0,-65.0
1777891757.3603325,1.0,4.0,-64.0
1777891757.3703325,0.0,3.0,-68.0
1777891757.3803325,4.0,2.0,-73.0
1777891757.3903325,3.0,0.0,-73.0
1777891757.4003325,0.0,0.0,-73.0
1777891757.4103324,0.0,0.0,-71.0
1777891757.4203324,-3.0,-1.0,-70.0
1777891757.4303324,-2.0,-2.0,-69.0
1777891757.4403324,-1.0,-3.0,-66.0
1777891757.4503324,-1.0,2.0,-65.0
1777891757.4603324,0.0,4.0,-64.0
1777891757.4703324,1.0,3.0,-73.0
1777891757.4803324,-1.0,3.0,-69.0
1777891757.4903324,0.0,-1.0,-70.0
1777891757.5003324,-1.0,1.0,-75.0
1777891757.5103323,0.0,3.0,-68.0
1777891757.5203323,2.0,3.0,-61.0
1777891757.5303323,-5.0,4.0,-62.0
1777891757.5403323,-4.0,-1.0,-61.0
1777891757.5503323,1.0,-2.0,-65.0
1777891757.5603323,1.0,-2.0,-72.0
1777891757.5703323,1.0,-4.0,-79.0
1777891757.5803325,0.0,-6.0,-81.0
1777891757.5903325,-1.0,-9.0,-78.0
1777891757.6003325,-2.0,-13.0,-77.0
1777891757.6103325,2.0,-11.0,-75.0
1777891757.6203325,2.0,-9.0,-69.0
1777891757.6303325,3.0,-9.0,-68.0
1777891757.6403325,5.0,-5.0,-68.0
1777891757.6503325,7.0,-9.0,-68.0
1777891757.6603324,10.0,-8.0,-65.0
1777891757.6703324,11.0,-7.0,-64.0
1777891757.6803324,2.0,-2.0,-68.0
1777891757.6903324,-6.0,-2.0,-76.0
1777891757.7003324,-4.0,0.0,-66.0
1777891757.7103324,0.0,-1.0,-64.0
1777891757.7203324,2.0,0.0,-65.0
1777891757.7303324,3.0,5.0,-72.0
1777891757.7403324,9.0,5.0,-74.0
1777891757.7503324,10.0,9.0,-75.0
1777891757.7603323,8.0,8.0,-78.0
1777891757.7703323,6.0,6.0,-72.0
1777891757.7803323,4.0,4.0,-68.0
1777891757.7903323,2.0,5.0,-67.0
1777891757.8003323,4.0,6.0,-70.0
1777891757.8103323,7.0,6.0,-70.0
1777891757.8203323,4.0,3.0,-59.0
1777891757.8303325,0.0,2.0,-56.0
1777891757.8413324,1.0,3.0,-64.0
1777891757.8503325,2.0,3.0,-71.0
1777891757.8603325,6.0,-2.0,-77.0
1777891757.8713324,5.0,-2.0,-69.0
1777891757.8813324,5.0,-4.0,-69.0
1777891757.8903325,-2.0,-1.0,-67.0
1777891757.9013324,-10.0,0.0,-71.0
1777891757.9113324,-8.0,-2.0,-68.0
1777891757.9213324,-11.0,-5.0,-71.0
1777891757.9313323,-12.0,-5.0,-78.0
1777891757.9413323,-9.0,-1.0,-71.0
1777891757.9513323,-8.0,-6.0,-77.0
1777891757.9613323,-6.0,-4.0,-77.0
1777891757.9713323,-4.0,-6.0,-85.0
1777891757.9813323,-2.0,-7.0,-82.0
1777891757.9913323,-1.0,-5.0,-78.0
1777891758.0013323,-3.0,-1.0,-81.0
1777891758.0113325,-5.0,-3.0,-78.0
1777891758.0213325,-3.0,-2.0,-82.0
1777891758.0313325,-5.0,0.0,-84.0
1777891758.0413325,-3.0,-3.0,-87.0
1777891758.0513325,-2.0,0.0,-88.0
1777891758.0613325,1.0,0.0,-86.0
1777891758.0713325,-2.0,3.0,-77.0
1777891758.0813324,-5.0,1.0,-66.0
1777891758.0913324,-5.0,-2.0,-63.0
1777891758.1013324,-6.0,-6.0,-68.0
1777891758.1113324,-7.0,-6.0,-68.0
1777891758.1213324,-1.0,-5.0,-69.0
1777891758.1313324,2.0,-6.0,-67.0
1777891758.1413324,2.0,-3.0,-65.0
1777891758.1513324,3.0,-1.0,-66.0
1777891758.1613324,3.0,0.0,-62.0
1777891758.1713324,0.0,-1.0,-66.0
1777891758.1813323,-2.0,-7.0,-68.0
1777891758.1913323,-10.0,-9.0,-69.0
1777891758.2013323,-9.0,-10.0,-64.0
1777891758.2113323,-7.0,-3.0,-62.0
1777891758.2213323,-3.0,-4.0,-63.0
1777891758.2313323,-5.0,-7.0,-63.0
1777891758.2413323,-2.0,-4.0,-58.0
1777891758.2513323,-2.0,-4.0,-63.0
1777891758.2613325,-3.0,-3.0,-70.0
1777891758.2713325,-6.0,-4.0,-64.0
1777891758.2813325,-5.0,-4.0,-67.0
1777891758.2913325,-2.0,1.0,-70.0
1777891758.3013325,0.0,4.0,-76.0
1777891758.3113325,-2.0,5.0,-72.0
1777891758.3213325,-1.0,6.0,-70.0
1777891758.3313324,3.0,4.0,-73.0
1777891758.3413324,5.0,3.0,-74.0
1777891758.3513324,2.0,5.0,-80.0
1777891758.3613324,-1.0,4.0,-76.0
1777891758.3713324,-2.0,4.0,-70.0
1777891758.3813324,0.0,4.0,-69.0
1777891758.3913324,-2.0,4.0,-71.0
1777891758.4013324,-1.0,4.0,-73.0
1777891758.4113324,-1.0,4.0,-77.0
1777891758.4213324,2.0,3.0,-74.0
1777891758.4313323,3.0,0.0,-79.0
1777891758.4413323,2.0,5.0,-75.0
1777891758.4513323,1.0,6.0,-72.0
1777891758.4613323,-4.0,8.0,-71.0
1777891758.4713323,-4.0,6.0,-77.0
1777891758.4813323,-3.0,7.0,-76.0
1777891758.4913323,-7.0,4.0,-74.0
1777891758.5013323,-1.0,1.0,-72.0
1777891758.5113325,2.0,1.0,-77.0
1777891758.5213325,1.0,0.0,-77.0
1777891758.5313325,-1.0,1.0,-82.0
1777891758.5413325,-3.0,-2.0,-83.0
1777891758.5513325,2.0,-3.0,-78.0
1777891758.5613325,2.0,-3.0,-75.0
1777891758.5713325,3.0,-6.0,-72.0
1777891758.5813324,1.0,-11.0,-71.0
1777891758.5913324,0.0,-8.0,-70.0
1777891758.6013324,5.0,-9.0,-70.0
1777891758.6113324,4.0,-8.0,-73.0
1777891758.6213324,1.0,-7.0,-64.0
1777891758.6313324,6.0,-5.0,-60.0
1777891758.6413324,7.0,-3.0,-66.0
1777891758.6513324,5.0,0.0,-70.0
1777891758.6613324,1.0,-1.0,-68.0
1777891758.6713324,1.0,-1.0,-70.0
1777891758.6813323,4.0,-5.0,-70.0
1777891758.6913323,5.0,-5.0,-74.0
1777891758.7013323,2.0,-7.0,-81.0
1777891758.7113323,3.0,-5.0,-81.0
1777891758.7213323,5.0,0.0,-81.0
1777891758.7313323,4.0,0.0,-73.0
1777891758.7413323,7.0,-3.0,-70.0
1777891758.7513323,3.0,-7.0,-68.0
1777891758.7613325,2.0,-7.0,-80.0
1777891758.7713325,0.0,-7.0,-81.0
1777891758.7813325,0.0,-3.0,-80.0
1777891758.7913325,0.0,-1.0,-83.0
1777891758.8013325,2.0,-1.0,-80.0
1777891758.8113325,4.0,-6.0,-81.0
1777891758.8213325,9.0,-8.0,-75.0
1777891758.8313324,8.0,-8.0,-75.0
1777891758.8413324,5.0,-7.0,-79.0
1777891758.8513324,4.0,-2.0,-79.0
1777891758.8613324,10.0,1.0,-83.0
1777891758.8713324,10.0,1.0,-76.0
1777891758.8813324,8.0,-1.0,-74.0
1777891758.8913324,6.0,-4.0,-74.0
1777891758.9013324,6.0,-6.0,-69.0
1777891758.9113324,6.0,-7.0,-75.0
1777891758.9213324,7.0,-4.0,-78.0
1777891758.9313323,4.0,-4.0,-81.0
1777891758.9413323,1.0,-10.0,-73.0
1777891758.9513323,2.0,-8.0,-66.0
1777891758.9613323,4.0,-2.0,-70.0
1777891758.9713323,10.0,-2.0,-68.0
1777891758.9813323,10.0,-1.0,-72.0
1777891758.9913323,10.0,-4.0,-76.0
1777891759.0013323,10.0,-3.0,-78.0
1777891759.0113325,10.0,-1.0,-73.0
1777891759.0213325,7.0,-2.0,-77.0
1777891759.0313325,3.0,-3.0,-72.0
1777891759.0413325,3.0,-3.0,-68.0
1777891759.0513325,4.0,-2.0,-69.0
1777891759.0613325,4.0,-3.0,-66.0
1777891759.0713325,3.0,-5.0,-62.0
1777891759.0813324,5.0,-1.0,-75.0
1777891759.0913324,5.0,-3.0,-77.0
1777891759.1013324,4.0,-8.0,-80.0
1777891759.1113324,5.0,-7.0,-89.0
1777891759.1213324,2.0,-9.0,-81.0
1777891759.1313324,0.0,-8.0,-79.0
1777891759.1413324,-3.0,-1.0,-74.0
1777891759.1513324,3.0,-2.0,-73.0
1777891759.1613324,6.0,-3.0,-73.0
1777891759.1713324,11.0,-8.0,-68.0
1777891759.1813323,11.0,-6.0,-72.0
1777891759.1913323,4.0,-2.0,-70.0
1777891759.2013323,3.0,-3.0,-64.0
1777891759.2113323,1.0,-4.0,-60.0
1777891759.2213323,1.0,-7.0,-59.0
1777891759.2313323,4.0,-4.0,-63.0
1777891759.2413323,2.0,-4.0,-61.0
1777891759.2513323,0.0,0.0,-65.0
1777891759.2613325,-1.0,3.0,-62.0
1777891759.2713325,-1.0,6.0,-67.0
1777891759.2813325,0.0,8.0,-68.0
1777891759.2913325,0.0,8.0,-71.0
1777891759.3013325,-1.0,2.0,-69.0
1777891759.3113325,2.0,1.0,-74.0
1777891759.3213325,6.0,0.0,-67.0
1777891759.3313324,3.0,0.0,-66.0
1777891759.3413324,4.0,0.0,-68.0
1777891759.3513324,3.0,-1.0,-71.0
1777891759.3613324,2.0,2.0,-71.0
1777891759.3713324,-1.0,4.0,-71.0
1777891759.3813324,0.0,3.0,-75.0
1777891759.3913324,0.0,2.0,-75.0
1777891759.4013324,-3.0,1.0,-74.0
1777891759.4113324,-1.0,1.0,-70.0
1777891759.4213324,-3.0,0.0,-67.0
1777891759.4313323,-3.0,1.0,-72.0
1777891759.4413323,-6.0,2.0,-70.0
1777891759.4513323,-2.0,0.0,-70.0
1777891759.4613323,0.0,1.0,-67.0
1777891759.4713323,0.0,-2.0,-70.0
1777891759.4813323,-1.0,-6.0,-73.0
1777891759.4913323,2.0,-6.0,-67.0
1777891759.5013323,0.0,-5.0,-69.0
1777891759.5113325,5.0,-2.0,-70.0
1777891759.5213325,2.0,0.0,-71.0
1777891759.5313325,3.0,-2.0,-63.0
1777891759.5413325,10.0,-2.0,-63.0
1777891759.5513325,9.0,-2.0,-57.0
1777891759.5613325,0.0,-1.0,-60.0
1777891759.5713325,-3.0,-3.0,-62.0
1777891759.5813324,3.0,-3.0,-70.0
1777891759.5913324,6.0,-3.0,-70.0
1777891759.6013324,5.0,-2.0,-68.0
1777891759.6113324,7.0,-1.0,-75.0
1777891759.6213324,3.0,0.0,-80.0
1777891759.6313324,-5.0,0.0,-78.0
1777891759.6413324,-7.0,2.0,-76.0
1777891759.6513324,-7.0,0.0,-77.0
1777891759.6613324,-2.0,2.0,-75.0
1777891759.6713324,-4.0,3.0,-76.0
1777891759.6813323,0.0,0.0,-70.0
1777891759.6913323,0.0,-4.0,-69.0
1777891759.7013323,1.0,-5.0,-73.0
1777891759.7113323,1.0,0.0,-74.0
1777891759.7213323,5.0,2.0,-76.0
1777891759.7313323,7.0,2.0,-70.0
1777891759.7413323,3.0,1.0,-71.0
1777891759.7513323,4.0,1.0,-72.0
1777891759.7613325,0.0,-4.0,-72.0
1777891759.7713325,3.0,-7.0,-71.0
1777891759.7813325,10.0,-5.0,-69.0
1777891759.7913325,10.0,-3.0,-66.0
1777891759.8013325,9.0,0.0,-63.0
1777891759.8113325,12.0,2.0,-59.0
1777891759.8213325,12.0,-2.0,-64.0
1777891759.8313324,12.0,-2.0,-66.0
1777891759.8423324,11.0,-1.0,-61.0
1777891759.8513324,6.0,1.0,-64.0
1777891759.8613324,5.0,1.0,-59.0
1777891759.8713324,5.0,2.0,-54.0
1777891759.8823323,4.0,0.0,-55.0
1777891759.8923323,2.0,0.0,-62.0
1777891759.9023323,2.0,0.0,-64.0
1777891759.9123323,0.0,0.0,-63.0
1777891759.9223323,-2.0,-2.0,-65.0
1777891759.9323325,-4.0,2.0,-62.0
1777891759.9423325,1.0,3.0,-66.0
1777891759.9523325,5.0,2.0,-64.0
1777891759.9623325,5.0,0.0,-69.0
1777891759.9723325,3.0,0.0,-72.0
1777891759.9823325,4.0,1.0,-68.0
1777891759.9923325,4.0,0.0,-71.0
1777891760.0023324,4.0,-3.0,-70.0
1777891760.0123324,7.0,-2.0,-71.0
1777891760.0223324,6.0,1.0,-66.0
1777891760.0323324,0.0,5.0,-63.0
1777891760.0423324,-1.0,5.0,-65.0
1777891760.0523324,-1.0,3.0,-66.0
1777891760.0623324,-6.0,4.0,-64.0
1777891760.0723324,-4.0,2.0,-68.0
1777891760.0823324,-1.0,2.0,-61.0
1777891760.0923324,0.0,3.0,-53.0
1777891760.1023324,2.0,5.0,-57.0
1777891760.1123323,1.0,5.0,-63.0
1777891760.1223323,0.0,3.0,-70.0
1777891760.1323323,0.0,4.0,-69.0
1777891760.1423323,6.0,0.0,-73.0
1777891760.1523323,5.0,-1.0,-72.0
1777891760.1623323,4.0,-5.0,-74.0
1777891760.1723323,0.0,-5.0,-74.0
1777891760.1823325,3.0,0.0,-75.0
1777891760.1923325,9.0,1.0,-78.0
1777891760.2023325,8.0,0.0,-78.0
1777891760.2123325,3.0,-2.0,-68.0
1777891760.2223325,-1.0,4.0,-65.0
1777891760.2323325,-3.0,1.0,-67.0
1777891760.2423325,-7.0,-3.0,-63.0
1777891760.2523324,-9.0,-2.0,-61.0
1777891760.2623324,-14.0,-2.0,-67.0
1777891760.2723324,-9.0,-2.0,-67.0
1777891760.2823324,-7.0,-3.0,-69.0
1777891760.2923324,-3.0,-7.0,-72.0
1777891760.3023324,-1.0,-1.0,-73.0
1777891760.3123324,1.0,-4.0,-79.0
1777891760.3223324,2.0,-4.0,-82.0
1777891760.3323324,1.0,-2.0,-77.0
1777891760.3423324,0.0,3.0,-76.0
1777891760.3523324,3.0,5.0,-74.0
1777891760.3623323,3.0,1.0,-81.0
1777891760.3723323,1.0,0.0,-71.0
1777891760.3823323,2.0,0.0,-64.0
1777891760.3923323,2.0,-1.0,-68.0
1777891760.4023323,0.0,-3.0,-64.0
1777891760.4123323,-2.0,-3.0,-62.0
1777891760.4223323,-5.0,-2.0,-65.0
1777891760.4323325,-6.0,-3.0,-73.0
1777891760.4423325,-4.0,-7.0,-76.0
1777891760.4523325,0.0,-9.0,-73.0
1777891760.4623325,3.0,-4.0,-68.0
1777891760.4723325,6.0,-6.0,-66.0
1777891760.4823325,7.0,-2.0,-67.0
1777891760.4923325,3.0,-1.0,-68.0
1777891760.5023324,-1.0,2.0,-68.0
1777891760.5123324,-1.0,2.0,-70.0
1777891760.5223324,-5.0,2.0,-73.0
1777891760.5323324,0.0,1.0,-77.0
1777891760.5423324,1.0,0.0,-77.0
1777891760.5523324,7.0,0.0,-73.0
1777891760.5623324,9.0,2.0,-74.0
1777891760.5723324,10.0,1.0,-76.0
1777891760.5823324,6.0,0.0,-72.0
1777891760.5923324,2.0,0.0,-84.0
1777891760.6023324,3.0,-3.0,-88.0
1777891760.6123323,2.0,-5.0,-89.0
1777891760.6223323,1.0,-6.0,-81.0
1777891760.6323323,0.0,-5.0,-80.0
1777891760.6423323,1.0,-6.0,-80.0
1777891760.6523323,5.0,-5.0,-76.0
1777891760.6623323,5.0,-5.0,-72.0
1777891760.6723323,9.0,-6.0,-76.0
1777891760.6823325,9.0,-3.0,-75.0
1777891760.6923325,12.0,-1.0,-76.0
1777891760.7023325,10.0,0.0,-77.0
1777891760.7123325,11.0,-3.0,-83.0
1777891760.7223325,10.0,-5.0,-81.0
1777891760.7323325,9.0,-1.0,-86.0
1777891760.7423325,7.0,0.0,-84.0
1777891760.7523324,5.0,0.0,-83.0
1777891760.7623324,2.0,1.0,-82.0
1777891760.7723324,2.0,1.0,-81.0
1777891760.7823324,4.0,2.0,-78.0
1777891760.7923324,1.0,2.0,-83.0
1777891760.8023324,0.0,3.0,-80.0
1777891760.8123324,0.0,3.0,-77.0
1777891760.8223324,-2.0,3.0,-72.0
1777891760.8323324,-3.0,6.0,-70.0
1777891760.8423324,0.0,5.0,-77.0
1777891760.8523324,0.0,0.0,-85.0
1777891760.8623323,3.0,-1.0,-79.0
1777891760.8723323,1.0,-2.0,-75.0
1777891760.8823323,2.0,-2.0,-77.0
1777891760.8923323,6.0,-1.0,-85.0
1777891760.9023323,4.0,-2.0,-81.0
1777891760.9123323,7.0,-3.0,-84.0
1777891760.9223323,5.0,-4.0,-78.0
1777891760.9323325,1.0,-2.0,-78.0
1777891760.9423325,1.0,-3.0,-74.0
1777891760.9523325,-1.0,-5.0,-74.0
1777891760.9623325,-1.0,-5.0,-69.0
1777891760.9723325,3.0,-5.0,-70.0
1777891760.9823325,2.0,-2.0,-70.0
1777891760.9923325,5.0,-2.0,-65.0
1777891761.0023324,6.0,0.0,-66.0
1777891761.0123324,5.0,2.0,-64.0
1777891761.0223324,6.0,0.0,-64.0
1777891761.0323324,8.0,-3.0,-58.0
1777891761.0423324,6.0,-2.0,-64.0
1777891761.0523324,3.0,-4.0,-60.0
1777891761.0623324,-2.0,-3.0,-71.0
1777891761.0723324,-8.0,0.0,-74.0
1777891761.0823324,-8.0,3.0,-73.0
1777891761.0923324,-9.0,3.0,-67.0
1777891761.1023324,-5.0,2.0,-67.0
1777891761.1123323,2.0,-1.0,-65.0
1777891761.1223323,3.0,-2.0,-72.0
1777891761.1323323,0.0,0.0,-76.0
1777891761.1423323,0.0,-4.0,-75.0
1777891761.1523323,1.0,-3.0,-69.0
1777891761.1623323,2.0,-5.0,-68.0
1777891761.1723323,2.0,-5.0,-69.0
1777891761.1823325,0.0,-2.0,-66.0
1777891761.1923325,3.0,0.0,-67.0
1777891761.2023325,4.0,-4.0,-74.0
1777891761.2123325,2.0,-6.0,-76.0
1777891761.2223325,3.0,-6.0,-82.0
1777891761.2323325,6.0,-9.0,-85.0
1777891761.2423325,9.0,-7.0,-77.0
1777891761.2523324,7.0,-2.0,-74.0
1777891761.2623324,7.0,-5.0,-78.0
1777891761.2723324,0.0,-8.0,-73.0
1777891761.2823324,0.0,-5.0,-67.0
1777891761.2923324,-3.0,-4.0,-66.0
1777891761.3023324,-3.0,-5.0,-66.0
1777891761.3123324,-1.0,-2.0,-62.0
1777891761.3223324,0.0,2.0,-60.0
1777891761.3323324,2.0,1.0,-62.0
1777891761.3423324,7.0,3.0,-62.0
1777891761.3523324,11.0,0.0,-56.0
1777891761.3623323,5.0,-4.0,-59.0
1777891761.3723323,5.0,-3.0,-67.0
1777891761.3823323,2.0,-1.0,-69.0
1777891761.3923323,2.0,-3.0,-67.0
1777891761.4023323,2.0,1.0,-75.0
1777891761.4123323,3.0,1.0,-79.0
1777891761.4223323,5.0,7.0,-76.0
1777891761.4323325,3.0,10.0,-76.0
1777891761.4423325,0.0,5.0,-68.0
1777891761.4523325,1.0,2.0,-62.0
1777891761.4623325,2.0,-5.0,-63.0
1777891761.4723325,-1.0,-5.0,-65.0
1777891761.4823325,-5.0,-6.0,-69.0
1777891761.4923325,-3.0,-6.0,-73.0
1777891761.5023324,-2.0,-4.0,-73.0
1777891761.5123324,-4.0,-5.0,-72.0
1777891761.5223324,-2.0,0.0,-77.0
1777891761.5323324,3.0,1.0,-75.0
1777891761.5423324,5.0,2.0,-77.0
1777891761.5523324,6.0,6.0,-79.0
1777891761.5623324,6.0,0.0,-75.0
1777891761.5723324,5.0,2.0,-74.0
1777891761.5823324,2.0,1.0,-69.0
1777891761.5923324,1.0,0.0,-72.0
1777891761.6023324,2.0,-3.0,-76.0
1777891761.6123323,0.0,-4.0,-74.0
1777891761.6223323,1.0,0.0,-78.0
1777891761.6323323,-1.0,-3.0,-77.0
1777891761.6423323,6.0,-2.0,-83.0
1777891761.6523323,4.0,-2.0,-84.0
1777891761.6623323,0.0,0.0,-83.0
1777891761.6723323,-4.0,1.0,-82.0
1777891761.6823325,-5.0,3.0,-79.0
1777891761.6923325,-7.0,7.0,-81.0
1777891761.7023325,-4.0,7.0,-81.0
1777891761.7123325,-4.0,5.0,-82.0
1777891761.7223325,-4.0,8.0,-75.0
1777891761.7323325,-6.0,9.0,-71.0
1777891761.7423325,-4.0,2.0,-69.0
1777891761.7523324,0.0,-1.0,-68.0
1777891761.7623324,5.0,-2.0,-71.0
1777891761.7723324,9.0,-2.0,-74.0
1777891761.7823324,9.0,0.0,-81.0
1777891761.7923324,8.0,-1.0,-79.0
1777891761.8023324,5.0,-1.0,-75.0
1777891761.8123324,2.0,-2.0,-76.0
1777891761.8223324,3.0,-3.0,-72.0
1777891761.8333323,4.0,-5.0,-64.0
1777891761.8433323,8.0,-8.0,-63.0
1777891761.8533323,9.0,-11.0,-66.0
1777891761.8633325,8.0,-9.0,-67.0
1777891761.8733325,3.0,-6.0,-64.0
1777891761.8833325,2.0,-3.0,-63.0
1777891761.8933325,1.0,-5.0,-70.0
1777891761.9033325,1.0,-7.0,-71.0
1777891761.9133325,5.0,-6.0,-73.0
1777891761.9233325,3.0,-3.0,-72.0
1777891761.9333324,-3.0,-5.0,-69.0
1777891761.9433324,0.0,-4.0,-68.0
1777891761.9533324,2.0,-6.0,-74.0
1777891761.9633324,2.0,-10.0,-78.0
1777891761.9733324,0.0,-6.0,-78.0
1777891761.9833324,0.0,-2.0,-73.0
1777891761.9933324,-1.0,-3.0,-77.0
1777891762.0033324,1.0,-4.0,-75.0
1777891762.0133324,1.0,0.0,-76.0
1777891762.0233324,1.0,2.0,-74.0
1777891762.0333323,1.0,-3.0,-70.0
1777891762.0433323,1.0,-5.0,-67.0
1777891762.0533323,-2.0,-4.0,-74.0
1777891762.0633323,4.0,-2.0,-74.0
1777891762.0733323,2.0,3.0,-69.0
1777891762.0833323,3.0,1.0,-67.0
1777891762.0933323,1.0,0.0,-63.0
1777891762.1033323,0.0,2.0,-58.0
1777891762.1133325,0.0,-1.0,-54.0
1777891762.1233325,4.0,-2.0,-58.0
1777891762.1333325,4.0,-7.0,-67.0
1777891762.1433325,4.0,-4.0,-76.0
1777891762.1533325,1.0,-2.0,-81.0
1777891762.1633325,1.0,2.0,-75.0
1777891762.1733325,4.0,3.0,-75.0
1777891762.1833324,5.0,2.0,-75.0
1777891762.1933324,8.0,-1.0,-78.0
1777891762.2033324,5.0,0.0,-74.0
1777891762.2133324,8.0,-1.0,-72.0
1777891762.2233324,9.0,-2.0,-75.0
1777891762.2333324,3.0,2.0,-76.0
1777891762.2433324,0.0,2.0,-78.0
1777891762.2533324,0.0,-1.0,-68.0
1777891762.2633324,0.0,-4.0,-70.0
1777891762.2743323,0.0,-6.0,-71.0
1777891762.2833323,-1.0,-7.0,-70.0
1777891762.2933323,0.0,-10.0,-67.0
1777891762.3033323,-1.0,-7.0,-71.0
1777891762.3133323,-4.0,-3.0,-65.0
1777891762.3233323,-5.0,-2.0,-67.0
1777891762.3333323,-3.0,0.0,-68.0
1777891762.3433323,0.0,1.0,-67.0
1777891762.3533323,0.0,5.0,-67.0
1777891762.3633325,3.0,5.0,-71.0
1777891762.3733325,7.0,0.0,-67.0
1777891762.3833325,6.0,-1.0,-66.0
1777891762.3933325,4.0,1.0,-66.0
1777891762.4033325,2.0,1.0,-59.0
1777891762.4133325,-2.0,0.0,-68.0
1777891762.4233325,0.0,1.0,-71.0
1777891762.4333324,0.0,-1.0,-68.0
1777891762.4433324,-1.0,-4.0,-71.0
1777891762.4533324,0.0,-3.0,-73.0
1777891762.4633324,0.0,2.0,-74.0
1777891762.4733324,0.0,0.0,-79.0
1777891762.4833324,0.0,-5.0,-76.0
1777891762.4933324,0.0,-7.0,-75.0
1777891762.5033324,-4.0,-5.0,-69.0
1777891762.5133324,-2.0,0.0,-64.0
1777891762.5233324,-4.0,-4.0,-65.0
1777891762.5333323,-3.0,-2.0,-66.0
1777891762.5433323,-5.0,0.0,-57.0
1777891762.5533323,-2.0,-5.0,-58.0
1777891762.5633323,1.0,-5.0,-62.0
1777891762.5733323,5.0,-4.0,-66.0
1777891762.5833323,8.0,-2.0,-71.0
1777891762.5933323,9.0,-3.0,-75.0
1777891762.6033323,5.0,-4.0,-75.0
1777891762.6133325,4.0,-6.0,-74.0
1777891762.6233325,0.0,-7.0,-75.0
1777891762.6333325,-1.0,-5.0,-73.0
1777891762.6433325,-1.0,-5.0,-79.0
1777891762.6533325,0.0,-4.0,-78.0
1777891762.6633325,-1.0,-1.0,-72.0
1777891762.6733325,0.0,-1.0,-72.0
1777891762.6833324,0.0,-4.0,-68.0
1777891762.6933324,-6.0,-6.0,-66.0
1777891762.7033324,-6.0,-4.0,-71.0
1777891762.7133324,-12.0,-4.0,-73.0
1777891762.7233324,-8.0,-4.0,-74.0
1777891762.7333324,-8.0,0.0,-71.0
1777891762.7433324,-9.0,-1.0,-73.0
1777891762.7533324,-5.0,-3.0,-72.0
1777891762.7633324,0.0,-5.0,-74.0
1777891762.7733324,2.0,-9.0,-84.0
1777891762.7833323,3.0,-7.0,-86.0
1777891762.7933323,3.0,-5.0,-89.0
1777891762.8033323,-2.0,-5.0,-86.0
1777891762.8133323,0.0,-4.0,-83.0
1777891762.8233323,7.0,-3.0,-81.0
1777891762.8333323,8.0,-3.0,-80.0
1777891762.8433323,7.0,-5.0,-80.0
1777891762.8533323,5.0,-7.0,-81.0
1777891762.8633325,3.0,-5.0,-78.0
1777891762.8733325,4.0,-7.0,-80.0
1777891762.8833325,0.0,-5.0,-77.0
1777891762.8933325,0.0,-7.0,-75.0
1777891762.9033325,4.0,-6.0,-78.0
1777891762.9133325,7.0,-9.0,-77.0
1777891762.9233325,5.0,-8.0,-77.0
1777891762.9333324,2.0,-4.0,-82.0
1777891762.9433324,0.0,-3.0,-81.0
1777891762.9533324,1.0,-6.0,-70.0
1777891762.9633324,3.0,-4.0,-69.0
1777891762.9733324,3.0,-6.0,-65.0
1777891762.9833324,2.0,-8.0,-69.0
1777891762.9933324,4.0,-7.0,-66.0
1777891763.0033324,5.0,-6.0,-70.0
1777891763.0133324,4.0,-2.0,-72.0
1777891763.0233324,4.0,-2.0,-77.0
1777891763.0333323,4.0,-2.0,-77.0
1777891763.0433323,0.0,-3.0,-75.0
1777891763.0533323,-3.0,-6.0,-81.0
1777891763.0633323,-6.0,-5.0,-81.0
1777891763.0733323,-7.0,-3.0,-71.0
1777891763.0833323,-7.0,-4.0,-66.0
1777891763.0933323,-8.0,-6.0,-65.0
1777891763.1033323,-7.0,-9.0,-62.0
1777891763.1133325,-1.0,-10.0,-61.0
1777891763.1233325,0.0,-6.0,-67.0
1777891763.1333325,0.0,-5.0,-70.0
1777891763.1433325,0.0,-5.0,-68.0
1777891763.1533325,0.0,-10.0,-70.0
1777891763.1633325,0.0,-12.0,-65.0
1777891763.1733325,0.0,-11.0,-64.0
1777891763.1833324,-1.0,-7.0,-63.0
1777891763.1933324,2.0,-6.0,-59.0
1777891763.2033324,3.0,-4.0,-69.0
1777891763.2133324,5.0,-5.0,-76.0
1777891763.2233324,7.0,0.0,-76.0
1777891763.2333324,5.0,0.0,-81.0
1777891763.2433324,4.0,0.0,-77.0
1777891763.2533324,-1.0,0.0,-72.0
1777891763.2633324,-4.0,-5.0,-74.0
1777891763.2733324,-1.0,-6.0,-72.0
1777891763.2833323,3.0,-1.0,-72.0
1777891763.2933323,5.0,0.0,-73.0
1777891763.3033323,13.0,-3.0,-78.0
1777891763.3133323,11.0,0.0,-75.0
1777891763.3233323,8.0,0.0,-70.0
1777891763.3333323,9.0,0.0,-71.0
1777891763.3433323,5.0,3.0,-70.0
1777891763.3533323,4.0,4.0,-63.0
1777891763.3633325,2.0,1.0,-77.0
1777891763.3733325,4.0,0.0,-78.0
1777891763.3833325,5.0,0.0,-78.0
1777891763.3933325,3.0,2.0,-77.0
1777891763.4033325,5.0,2.0,-80.0
1777891763.4133325,5.0,1.0,-77.0
1777891763.4233325,6.0,1.0,-76.0
1777891763.4333324,7.0,0.0,-76.0
1777891763.4433324,8.0,0.0,-69.0
1777891763.4533324,7.0,0.0,-67.0
1777891763.4633324,8.0,-4.0,-72.0
1777891763.4733324,9.0,-3.0,-74.0
1777891763.4833324,9.0,-5.0,-74.0
1777891763.4933324,12.0,-3.0,-75.0
1777891763.5033324,8.0,-3.0,-78.0
1777891763.5133324,7.0,0.0,-80.0
1777891763.5233324,2.0,0.0,-77.0
1777891763.5333323,4.0,1.0,-67.0
1777891763.5433323,3.0,7.0,-64.0
1777891763.5533323,2.0,5.0,-62.0
1777891763.5633323,1.0,4.0,-63.0
1777891763.5733323,0.0,6.0,-68.0
1777891763.5833323,1.0,4.0,-63.0
1777891763.5933323,-5.0,2.0,-63.0
1777891763.6033323,-3.0,1.0,-65.0
1777891763.6133325,1.0,0.0,-72.0
1777891763.6233325,1.0,-1.0,-76.0
1777891763.6333325,2.0,-6.0,-80.0
1777891763.6433325,2.0,-6.0,-78.0
1777891763.6533325,2.0,-1.0,-79.0
1777891763.6633325,3.0,2.0,-79.0
1777891763.6733325,1.0,3.0,-78.0
1777891763.6833324,0.0,0.0,-78.0
1777891763.6933324,-1.0,0.0,-75.0
1777891763.7033324,-1.0,-1.0,-69.0
1777891763.7133324,-2.0,0.0,-70.0
1777891763.7233324,-2.0,-4.0,-76.0
1777891763.7333324,-3.0,-2.0,-73.0
1777891763.7433324,1.0,-1.0,-75.0
1777891763.7533324,-1.0,4.0,-72.0
1777891763.7633324,-2.0,3.0,-66.0
1777891763.7733324,-4.0,1.0,-66.0
1777891763.7833323,-4.0,-1.0,-72.0
1777891763.7933323,-3.0,-3.0,-68.0
1777891763.8033323,-2.0,-3.0,-71.0
1777891763.8133323,-4.0,0.0,-65.0
1777891763.8233323,-1.0,0.0,-71.0
1777891763.8333323,-2.0,-3.0,-83.0
1777891763.8443325,-4.0,0.0,-83.0
1777891763.8543324,-3.0,4.0,-81.0
1777891763.8643324,1.0,4.0,-72.0
1777891763.8743324,2.0,0.0,-68.0
1777891763.8843324,2.0,-1.0,-71.0
1777891763.8943324,5.0,-3.0,-70.0
1777891763.9043324,8.0,-3.0,-60.0
1777891763.9143324,7.0,-2.0,-59.0
1777891763.9243324,7.0,0.0,-58.0
1777891763.9343324,5.0,1.0,-59.0
1777891763.9443324,10.0,1.0,-60.0
1777891763.9543324,11.0,-2.0,-60.0
1777891763.9643323,12.0,-2.0,-59.0
1777891763.9743323,6.0,-1.0,-62.0
1777891763.9843323,1.0,0.0,-66.0
1777891763.9943323,3.0,-1.0,-61.0
1777891764.0043323,1.0,0.0,-61.0
1777891764.0143323,5.0,0.0,-61.0
1777891764.0243323,3.0,1.0,-65.0
1777891764.0343325,0.0,-3.0,-58.0
1777891764.0443325,2.0,-2.0,-59.0
1777891764.0543325,3.0,-2.0,-58.0
1777891764.0643325,1.0,-2.0,-60.0
1777891764.0743325,1.0,3.0,-69.0
1777891764.0843325,-1.0,4.0,-69.0
1777891764.0943325,4.0,2.0,-69.0
1777891764.1043324,3.0,-1.0,-68.0
1777891764.1143324,5.0,-3.0,-69.0
1777891764.1243324,1.0,-4.0,-64.0
1777891764.1343324,0.0,-1.0,-71.0
1777891764.1443324,3.0,2.0,-72.0
1777891764.1543324,1.0,5.0,-73.0
1777891764.1643324,-1.0,3.0,-80.0
1777891764.1743324,0.0,-1.0,-77.0
1777891764.1843324,-1.0,-1.0,-75.0
1777891764.1943324,-3.0,0.0,-71.0
1777891764.2043324,-3.0,-1.0,-68.0
1777891764.2143323,-3.0,-1.0,-70.0
1777891764.2243323,-3.0,-3.0,-72.0
1777891764.2343323,-8.0,-3.0,-79.0
1777891764.2443323,-7.0,-4.0,-81.0
1777891764.2543323,-5.0,-2.0,-76.0
1777891764.2643323,-9.0,-1.0,-78.0
1777891764.2743323,-14.0,-1.0,-71.0
1777891764.2843325,-9.0,0.0,-71.0
1777891764.2943325,-3.0,0.0,-65.0
1777891764.3043325,0.0,-2.0,-62.0
1777891764.3143325,1.0,0.0,-63.0
1777891764.3243325,1.0,-3.0,-65.0
1777891764.3343325,-1.0,-3.0,-69.0
1777891764.3443325,-2.0,-1.0,-71.0
1777891764.3543324,-2.0,0.0,-67.0
1777891764.3643324,-1.0,-1.0,-66.0
1777891764.3743324,-3.0,-4.0,-60.0
1777891764.3843324,0.0,-5.0,-66.0
1777891764.3943324,-2.0,-6.0,-67.0
1777891764.4043324,0.0,-8.0,-72.0
1777891764.4143324,-4.0,-7.0,-69.0
1777891764.4243324,-2.0,-5.0,-64.0
1777891764.4343324,0.0,-7.0,-67.0
1777891764.4443324,3.0,-4.0,-70.0
1777891764.4543324,7.0,-6.0,-70.0
1777891764.4643323,5.0,-10.0,-72.0
1777891764.4743323,1.0,-9.0,-74.0
1777891764.4843323,-1.0,-4.0,-78.0
1777891764.4943323,-6.0,0.0,-76.0
1777891764.5043323,-7.0,-1.0,-69.0
1777891764.5143323,-6.0,-3.0,-66.0
1777891764.5243323,-6.0,-1.0,-66.0
1777891764.5343325,-8.0,-6.0,-73.0
1777891764.5443325,-9.0,-3.0,-84.0
1777891764.5543325,-8.0,-1.0,-85.0
1777891764.5643325,-12.0,-3.0,-82.0
1777891764.5743325,-10.0,-5.0,-78.0
1777891764.5843325,-6.0,-9.0,-70.0
1777891764.5943325,-7.0,-8.0,-70.0
1777891764.6043324,-5.0,-5.0,-71.0
1777891764.6143324,-6.0,-4.0,-65.0
1777891764.6243324,-4.0,-3.0,-68.0
1777891764.6343324,-2.0,-2.0,-63.0
1777891764.6443324,-3.0,-4.0,-65.0
1777891764.6543324,-3.0,-1.0,-65.0
1777891764.6643324,-1.0,0.0,-73.0
1777891764.6743324,-2.0,1.0,-72.0
1777891764.6843324,0.0,-4.0,-77.0
1777891764.6943324,1.0,-4.0,-72.0
1777891764.7043324,-2.0,-4.0,-75.0
1777891764.7143323,-1.0,-6.0,-76.0
1777891764.7243323,-4.0,-2.0,-76.0
1777891764.7343323,-4.0,-1.0,-76.0
1777891764.7443323,-2.0,0.0,-70.0
1777891764.7543323,-3.0,-4.0,-63.0
1777891764.7643323,1.0,-3.0,-62.0
1777891764.7743323,0.0,0.0,-66.0
1777891764.7843325,2.0,-1.0,-68.0
1777891764.7943325,-1.0,-1.0,-68.0
1777891764.8043325,-3.0,-3.0,-68.0
1777891764.8143325,-5.0,-2.0,-69.0
1777891764.8243325,0.0,-5.0,-65.0
1777891764.8343325,5.0,-4.0,-63.0
1777891764.8443325,3.0,-1.0,-75.0
1777891764.8543324,1.0,-2.0,-75.0
1777891764.8643324,2.0,-1.0,-79.0
1777891764.8743324,0.0,0.0,-87.0
1777891764.8843324,-3.0,-4.0,-87.0
1777891764.8943324,-2.0,-2.0,-79.0
1777891764.9043324,-2.0,0.0,-79.0
1777891764.9143324,1.0,-1.0,-78.0
1777891764.9243324,0.0,0.0,-74.0
1777891764.9343324,1.0,2.0,-68.0
1777891764.9443324,-1.0,3.0,-64.0
1777891764.9543324,2.0,2.0,-67.0
1777891764.9643323,0.0,-1.0,-68.0
1777891764.9743323,-1.0,-2.0,-72.0
1777891764.9843323,-1.0,-2.0,-69.0
1777891764.9943323,0.0,0.0,-68.0
1777891765.0043323,4.0,-1.0,-73.0
1777891765.0143323,8.0,1.0,-76.0
1777891765.0243323,10.0,0.0,-79.0
1777891765.0343325,11.0,-2.0,-78.0
1777891765.0443325,10.0,0.0,-79.0
1777891765.0543325,10.0,-2.0,-82.0
1777891765.0643325,8.0,2.0,-87.0
1777891765.0743325,4.0,1.0,-88.0
1777891765.0843325,0.0,3.0,-83.0
1777891765.0943325,-4.0,0.0,-82.0
1777891765.1043324,-3.0,1.0,-76.0
1777891765.1143324,-4.0,0.0,-73.0
1777891765.1243324,-8.0,0.0,-73.0
1777891765.1343324,-7.0,-4.0,-79.0
1777891765.1443324,-6.0,-6.0,-82.0
1777891765.1543324,-5.0,-4.0,-76.0
1777891765.1643324,-5.0,-3.0,-76.0
1777891765.1743324,0.0,-2.0,-79.0
1777891765.1843324,0.0,-6.0,-74.0
1777891765.1943324,2.0,-5.0,-71.0
1777891765.2043324,5.0,-7.0,-79.0
1777891765.2143323,6.0,-6.0,-83.0
1777891765.2243323,4.0,-5.0,-86.0
1777891765.2343323,3.0,-5.0,-86.0
1777891765.2443323,0.0,-1.0,-84.0
1777891765.2543323,0.0,-4.0,-86.0
1777891765.2643323,-5.0,-2.0,-83.0
1777891765.2743323,-8.0,-3.0,-74.0
1777891765.2843325,-10.0,-1.0,-75.0
1777891765.2943325,-7.0,-2.0,-78.0
1777891765.3043325,0.0,-5.0,-75.0
1777891765.3143325,1.0,-5.0,-79.0
1777891765.3243325,0.0,-7.0,-77.0
1777891765.3343325,-2.0,-7.0,-80.0
1777891765.3443325,-1.0,-8.0,-75.0
1777891765.3543324,-2.0,-7.0,-69.0
1777891765.3643324,4.0,-4.0,-68.0
1777891765.3743324,0.0,0.0,-71.0
1777891765.3843324,0.0,0.0,-66.0
1777891765.3943324,-5.0,-6.0,-64.0
1777891765.4043324,-4.0,-3.0,-57.0
1777891765.4143324,-3.0,-7.0,-65.0
1777891765.4243324,-1.0,-5.0,-72.0
1777891765.4343324,-5.0,-3.0,-75.0
1777891765.4443324,-1.0,-5.0,-77.0
1777891765.4543324,1.0,-2.0,-79.0
1777891765.4643323,0.0,0.0,-77.0
1777891765.4743323,-3.0,-3.0,-77.0
1777891765.4843323,-6.0,-2.0,-79.0
1777891765.4943323,-6.0,-7.0,-78.0
1777891765.5043323,-6.0,-6.0,-73.0
1777891765.5143323,-4.0,-5.0,-79.0
1777891765.5243323,-1.0,-6.0,-74.0
1777891765.5343325,0.0,-2.0,-74.0
1777891765.5443325,3.0,-1.0,-66.0
1777891765.5543325,0.0,0.0,-70.0
1777891765.5643325,0.0,-1.0,-75.0
1777891765.5743325,4.0,-2.0,-80.0
1777891765.5843325,8.0,-6.0,-86.0
1777891765.5943325,1.0,-1.0,-91.0
1777891765.6043324,1.0,-5.0,-90.0
1777891765.6143324,1.0,-1.0,-86.0
1777891765.6243324,-2.0,-3.0,-78.0
1777891765.6343324,-5.0,-3.0,-78.0
1777891765.6443324,-3.0,0.0,-74.0
1777891765.6543324,3.0,0.0,-69.0
1777891765.6643324,4.0,-1.0,-67.0
1777891765.6743324,5.0,-2.0,-70.0
1777891765.6843324,4.0,-6.0,-68.0
1777891765.6943324,0.0,-3.0,-64.0
1777891765.7043324,-2.0,-6.0,-68.0
1777891765.7143323,0.0,-9.0,-71.0
1777891765.7243323,-2.0,-5.0,-74.0
1777891765.7343323,2.0,-2.0,-73.0
1777891765.7443323,4.0,-3.0,-72.0
1777891765.7543323,6.0,-3.0,-69.0
1777891765.7643323,8.0,0.0,-74.0
1777891765.7743323,8.0,0.0,-65.0
1777891765.7843325,5.0,-4.0,-66.0
1777891765.7943325,1.0,-1.0,-67.0
1777891765.8043325,0.0,0.0,-65.0
1777891765.8143325,2.0,-2.0,-64.0
1777891765.8253324,2.0,0.0,-66.0
1777891765.8353324,2.0,-1.0,-71.0
1777891765.8453324,5.0,-3.0,-70.0
1777891765.8553324,3.0,0.0,-67.0
1777891765.8653324,1.0,0.0,-71.0
1777891765.8753324,0.0,0.0,-72.0
1777891765.8853323,0.0,0.0,-76.0
1777891765.8953323,0.0,0.0,-64.0
1777891765.9053323,2.0,0.0,-61.0
1777891765.9153323,0.0,-1.0,-63.0
1777891765.9253323,-1.0,-2.0,-69.0
1777891765.9353323,-3.0,3.0,-72.0
1777891765.9453323,-2.0,5.0,-71.0
1777891765.9553325,-2.0,7.0,-78.0
1777891765.9653325,-3.0,6.0,-86.0
1777891765.9753325,-1.0,0.0,-82.0
1777891765.9853325,2.0,-3.0,-78.0
1777891765.9953325,4.0,-5.0,-82.0
1777891766.0053325,1.0,-6.0,-80.0
1777891766.0153325,2.0,-7.0,-76.0
1777891766.0253325,4.0,-4.0,-81.0
1777891766.0353324,2.0,0.0,-85.0
1777891766.0453324,1.0,-1.0,-84.0
1777891766.0553324,0.0,1.0,-81.0
1777891766.0653324,-2.0,3.0,-79.0
1777891766.0753324,2.0,5.0,-71.0
1777891766.0853324,6.0,6.0,-70.0
1777891766.0953324,2.0,3.0,-69.0
1777891766.1053324,0.0,1.0,-72.0
1777891766.1153324,3.0,1.0,-72.0
1777891766.1253324,3.0,-2.0,-73.0
1777891766.1353323,5.0,-3.0,-74.0
1777891766.1453323,3.0,-3.0,-80.0
1777891766.1553323,2.0,-3.0,-75.0
1777891766.1653323,4.0,-6.0,-72.0
1777891766.1753323,4.0,-3.0,-72.0
1777891766.1853323,1.0,-4.0,-74.0
1777891766.1953323,4.0,-4.0,-72.0
1777891766.2053325,4.0,0.0,-76.0
1777891766.2153325,6.0,1.0,-79.0
1777891766.2253325,-1.0,0.0,-72.0
1777891766.2353325,-4.0,0.0,-73.0
1777891766.2453325,-1.0,0.0,-70.0
1777891766.2553325,0.0,-5.0,-70.0
1777891766.2653325,0.0,-3.0,-70.0
1777891766.2753325,-3.0,0.0,-71.0
1777891766.2853324,1.0,3.0,-69.0
1777891766.2953324,4.0,4.0,-76.0
1777891766.3053324,8.0,3.0,-79.0
1777891766.3153324,8.0,-4.0,-78.0
1777891766.3253324,8.0,-4.0,-84.0
1777891766.3353324,7.0,-6.0,-86.0
1777891766.3453324,5.0,-5.0,-77.0
1777891766.3553324,6.0,-2.0,-69.0
1777891766.3653324,0.0,0.0,-66.0
1777891766.3753324,-2.0,-1.0,-66.0
1777891766.3853323,0.0,0.0,-67.0
1777891766.3953323,3.0,-1.0,-62.0
1777891766.4053323,2.0,-2.0,-69.0
1777891766.4153323,2.0,0.0,-65.0
1777891766.4253323,3.0,-1.0,-74.0
1777891766.4353323,4.0,0.0,-82.0
1777891766.4453323,5.0,0.0,-83.0
1777891766.4553325,10.0,-4.0,-78.0
1777891766.4653325,11.0,0.0,-73.0
1777891766.4753325,8.0,3.0,-68.0
1777891766.4853325,4.0,5.0,-74.0
1777891766.4953325,4.0,0.0,-74.0
1777891766.5053325,3.0,3.0,-74.0
1777891766.5153325,2.0,1.0,-69.0
1777891766.5253325,0.0,3.0,-77.0
1777891766.5353324,0.0,2.0,-75.0
1777891766.5453324,2.0,3.0,-76.0
1777891766.5553324,6.0,0.0,-68.0
1777891766.5653324,6.0,-1.0,-62.0
1777891766.5753324,6.0,-2.0,-61.0
1777891766.5853324,6.0,1.0,-63.0
1777891766.5953324,3.0,3.0,-68.0
1777891766.6053324,5.0,2.0,-71.0
1777891766.6153324,2.0,0.0,-75.0
1777891766.6253324,-2.0,0.0,-72.0
1777891766.6353323,0.0,3.0,-78.0
1777891766.6453323,0.0,3.0,-79.0
1777891766.6553323,0.0,5.0,-73.0
1777891766.6653323,0.0,5.0,-72.0
1777891766.6753323,-2.0,7.0,-73.0
1777891766.6853323,0.0,4.0,-77.0
1777891766.6953323,1.0,0.0,-73.0
1777891766.7053325,2.0,-1.0,-72.0
1777891766.7153325,4.0,-2.0,-68.0
1777891766.7253325,2.0,-2.0,-73.0
1777891766.7353325,1.0,-1.0,-71.0
1777891766.7453325,5.0,1.0,-62.0
1777891766.7553325,3.0,2.0,-62.0
1777891766.7653325,0.0,4.0,-71.0
1777891766.7753325,1.0,9.0,-73.0
1777891766.7853324,2.0,10.0,-76.0
1777891766.7953324,1.0,6.0,-72.0
1777891766.8053324,0.0,7.0,-73.0
1777891766.8153324,0.0,7.0,-73.0
1777891766.8253324,-3.0,6.0,-75.0
1777891766.8353324,-6.0,3.0,-73.0
1777891766.8453324,-8.0,0.0,-74.0
1777891766.8553324,-5.0,0.0,-83.0
1777891766.8653324,-4.0,1.0,-85.0
1777891766.8753324,-7.0,0.0,-84.0
1777891766.8853323,-6.0,3.0,-84.0
1777891766.8953323,-5.0,0.0,-82.0
1777891766.9053323,-3.0,2.0,-72.0
1777891766.9153323,-3.0,1.0,-67.0
1777891766.9253323,-5.0,3.0,-62.0
1777891766.9353323,-3.0,2.0,-64.0
1777891766.9453323,0.0,0.0,-72.0
1777891766.9553325,2.0,-1.0,-77.0
1777891766.9653325,2.0,0.0,-77.0
1777891766.9753325,0.0,0.0,-76.0
1777891766.9853325,-2.0,-3.0,-77.0
1777891766.9953325,-5.0,-3.0,-77.0
1777891767.0053325,-6.0,-1.0,-75.0
1777891767.0153325,0.0,1.0,-73.0
1777891767.0253325,1.0,-1.0,-68.0
1777891767.0353324,4.0,0.0,-72.0
1777891767.0453324,4.0,0.0,-78.0
1777891767.0553324,5.0,-2.0,-81.0
1777891767.0653324,0.0,-7.0,-78.0
1777891767.0753324,-4.0,-11.0,-81.0
1777891767.0853324,-3.0,-6.0,-76.0
1777891767.0953324,-5.0,-4.0,-72.0
1777891767.1053324,-5.0,-2.0,-70.0
1777891767.1153324,-3.0,-4.0,-74.0
1777891767.1253324,-3.0,1.0,-75.0
1777891767.1353323,-7.0,1.0,-69.0
1777891767.1453323,0.0,2.0,-66.0
1777891767.1553323,2.0,0.0,-67.0
1777891767.1653323,2.0,0.0,-68.0
1777891767.1753323,7.0,-4.0,-71.0
1777891767.1853323,13.0,-1.0,-74.0
1777891767.1953323,10.0,0.0,-71.0
1777891767.2053325,9.0,-1.0,-62.0
1777891767.2153325,2.0,-4.0,-62.0
1777891767.2253325,2.0,-4.0,-59.0
1777891767.2353325,0.0,-4.0,-62.0
1777891767.2453325,0.0,0.0,-58.0
1777891767.2553325,0.0,1.0,-61.0
1777891767.2653325,-4.0,0.0,-60.0
1777891767.2753325,-6.0,0.0,-61.0
1777891767.2853324,-2.0,0.0,-67.0
1777891767.2953324,-1.0,2.0,-70.0
1777891767.3053324,2.0,2.0,-76.0
1777891767.3153324,1.0,-1.0,-79.0
1777891767.3253324,3.0,-1.0,-76.0
1777891767.3353324,7.0,1.0,-72.0
1777891767.3453324,7.0,-1.0,-67.0
1777891767.3553324,7.0,0.0,-68.0
1777891767.3653324,6.0,-3.0,-75.0
1777891767.3753324,5.0,-2.0,-69.0
1777891767.3853323,4.0,-1.0,-70.0
1777891767.3953323,3.0,-4.0,-70.0
1777891767.4053323,2.0,-3.0,-72.0
1777891767.4153323,0.0,-6.0,-75.0
1777891767.4253323,2.0,-5.0,-84.0
1777891767.4353323,4.0,-4.0,-79.0
1777891767.4453323,2.0,-5.0,-77.0
1777891767.4553325,0.0,-8.0,-73.0
1777891767.4653325,4.0,-6.0,-82.0
1777891767.4753325,7.0,-6.0,-78.0
1777891767.4853325,6.0,-6.0,-75.0
1777891767.4953325,3.0,-6.0,-76.0
1777891767.5053325,2.0,-3.0,-74.0
1777891767.5153325,3.0,-5.0,-70.0
1777891767.5253325,5.0,-7.0,-67.0
1777891767.5353324,1.0,-4.0,-63.0
1777891767.5453324,3.0,-3.0,-68.0
1777891767.5553324,6.0,-1.0,-75.0
1777891767.5653324,7.0,2.0,-76.0
1777891767.5753324,7.0,4.0,-76.0
1777891767.5853324,6.0,0.0,-78.0
1777891767.5953324,6.0,-3.0,-75.0
1777891767.6053324,8.0,-6.0,-79.0
1777891767.6153324,11.0,-6.0,-80.0
1777891767.6253324,10.0,-5.0,-83.0
1777891767.6353323,10.0,-1.0,-80.0
1777891767.6453323,5.0,-1.0,-83.0
1777891767.6553323,3.0,-2.0,-81.0
1777891767.6653323,3.0,-4.0,-78.0
1777891767.6753323,3.0,-5.0,-72.0
1777891767.6853323,4.0,-9.0,-69.0
1777891767.6953323,2.0,-10.0,-73.0
1777891767.7053325,0.0,-8.0,-76.0
1777891767.7153325,1.0,-5.0,-71.0
1777891767.7253325,2.0,-1.0,-73.0
1777891767.7353325,2.0,-4.0,-71.0
1777891767.7453325,2.0,-7.0,-75.0
1777891767.7553325,5.0,-8.0,-71.0
1777891767.7653325,4.0,-5.0,-69.0
1777891767.7753325,2.0,-5.0,-66.0
1777891767.7853324,1.0,-2.0,-65.0
1777891767.7953324,0.0,-1.0,-60.0
1777891767.8053324,-3.0,0.0,-69.0
1777891767.8163323,0.0,-3.0,-67.0
1777891767.8263323,0.0,-3.0,-64.0
1777891767.8363323,-4.0,-7.0,-68.0
1777891767.8463323,-2.0,-4.0,-74.0
1777891767.8563323,0.0,-3.0,-70.0
1777891767.8663323,0.0,-1.0,-74.0
1777891767.8763323,-1.0,0.0,-78.0
1777891767.8863325,-6.0,-3.0,-79.0
1777891767.8963325,-7.0,-3.0,-77.0
1777891767.9063325,0.0,-5.0,-79.0
1777891767.9163325,-3.0,-1.0,-72.0
1777891767.9263325,0.0,2.0,-75.0
1777891767.9363325,1.0,5.0,-79.0
1777891767.9463325,0.0,1.0,-81.0
1777891767.9563324,0.0,-5.0,-73.0
1777891767.9663324,0.0,-3.0,-71.0
1777891767.9763324,0.0,-1.0,-66.0
1777891767.9863324,4.0,-2.0,-66.0
1777891767.9963324,8.0,-2.0,-65.0
1777891768.0063324,8.0,-1.0,-73.0
1777891768.0163324,4.0,-2.0,-77.0
1777891768.0263324,0.0,-5.0,-74.0
1777891768.0363324,3.0,-4.0,-75.0
1777891768.0463324,6.0,0.0,-73.0
1777891768.0563323,7.0,7.0,-71.0
1777891768.0663323,4.0,10.0,-72.0
1777891768.0763323,6.0,6.0,-76.0
1777891768.0863323,4.0,4.0,-73.0
1777891768.0963323,4.0,5.0,-69.0
1777891768.1063323,3.0,3.0,-71.0
1777891768.1163323,3.0,1.0,-71.0
1777891768.1263323,0.0,1.0,-72.0
1777891768.1363325,0.0,-1.0,-68.0
1777891768.1463325,0.0,-4.0,-72.0
1777891768.1563325,-1.0,-7.0,-68.0
1777891768.1663325,2.0,-7.0,-67.0
1777891768.1763325,0.0,0.0,-68.0
1777891768.1863325,4.0,4.0,-66.0
1777891768.1963325,4.0,-2.0,-74.0
1777891768.2063324,1.0,-8.0,-73.0
1777891768.2163324,6.0,-4.0,-68.0
1777891768.2263324,5.0,-4.0,-61.0
1777891768.2363324,1.0,-3.0,-62.0
1777891768.2463324,1.0,-1.0,-60.0
1777891768.2563324,1.0,3.0,-62.0
1777891768.2663324,-3.0,3.0,-61.0
1777891768.2763324,0.0,6.0,-63.0
1777891768.2863324,-1.0,0.0,-69.0
1777891768.2963324,-3.0,1.0,-67.0
1777891768.3063323,-1.0,0.0,-69.0
1777891768.3163323,-1.0,1.0,-63.0
1777891768.3263323,-2.0,-1.0,-70.0
1777891768.3363323,-2.0,1.0,-72.0
1777891768.3463323,-1.0,0.0,-70.0
1777891768.3563323,2.0,0.0,-71.0
1777891768.3663323,4.0,1.0,-73.0
1777891768.3763323,3.0,-3.0,-74.0
1777891768.3863325,3.0,-3.0,-74.0
1777891768.3963325,1.0,-1.0,-75.0
1777891768.4063325,3.0,0.0,-70.0
1777891768.4163325,-1.0,0.0,-67.0
1777891768.4263325,-3.0,-5.0,-64.0
1777891768.4363325,-3.0,-3.0,-69.0
1777891768.4463325,-4.0,-2.0,-72.0
1777891768.4563324,-7.0,-1.0,-68.0
1777891768.4663324,-1.0,1.0,-69.0
1777891768.4763324,1.0,2.0,-67.0
1777891768.4863324,1.0,0.0,-69.0
1777891768.4963324,1.0,-3.0,-67.0
1777891768.5073323,4.0,0.0,-67.0
1777891768.5163324,2.0,-3.0,-70.0
1777891768.5263324,1.0,-3.0,-79.0
1777891768.5363324,1.0,-2.0,-80.0
1777891768.5463324,3.0,-1.0,-77.0
1777891768.5563323,1.0,0.0,-77.0
1777891768.5663323,4.0,-2.0,-74.0
1777891768.5763323,2.0,-2.0,-73.0
1777891768.5863323,1.0,-4.0,-77.0
1777891768.5963323,2.0,-3.0,-77.0
1777891768.6063323,1.0,-4.0,-74.0
1777891768.6163323,2.0,0.0,-72.0
1777891768.6263323,0.0,-1.0,-77.0
1777891768.6363325,0.0,-2.0,-84.0
1777891768.6463325,-2.0,-5.0,-80.0
1777891768.6563325,0.0,-10.0,-80.0
1777891768.6663325,1.0,-9.0,-84.0
1777891768.6763325,-2.0,-9.0,-83.0
1777891768.6863325,-2.0,-8.0,-80.0
1777891768.6963325,0.0,-5.0,-77.0
1777891768.7063324,0.0,-5.0,-78.0
1777891768.7163324,1.0,0.0,-84.0
1777891768.7263324,2.0,4.0,-82.0
1777891768.7363324,-1.0,5.0,-76.0
1777891768.7463324,0.0,6.0,-71.0
1777891768.7563324,6.0,5.0,-68.0
1777891768.7663324,6.0,7.0,-73.0
1777891768.7763324,6.0,1.0,-75.0
1777891768.7863324,7.0,0.0,-73.0
1777891768.7963324,4.0,-2.0,-72.0
1777891768.8063323,2.0,-2.0,-70.0
1777891768.8163323,4.0,-1.0,-70.0
1777891768.8263323,1.0,0.0,-67.0
1777891768.8363323,1.0,0.0,-70.0
1777891768.8463323,2.0,-1.0,-71.0
1777891768.8563323,6.0,-1.0,-71.0
1777891768.8663323,6.0,0.0,-73.0
1777891768.8763323,5.0,0.0,-74.0
1777891768.8863325,0.0,0.0,-72.0
1777891768.8963325,-1.0,0.0,-67.0
1777891768.9063325,-3.0,-2.0,-70.0
1777891768.9163325,-4.0,2.0,-66.0
1777891768.9263325,-2.0,2.0,-68.0
1777891768.9363325,-1.0,5.0,-66.0
1777891768.9463325,0.0,5.0,-62.0
1777891768.9563324,3.0,2.0,-68.0
1777891768.9663324,3.0,0.0,-66.0
1777891768.9763324,-1.0,2.0,-67.0
1777891768.9863324,-3.0,0.0,-68.0
1777891768.9963324,0.0,0.0,-71.0
1777891769.0063324,0.0,-2.0,-74.0
1777891769.0163324,3.0,-5.0,-73.0
1777891769.0263324,3.0,-4.0,-69.0
1777891769.0363324,0.0,-5.0,-66.0
1777891769.0463324,4.0,-3.0,-69.0
1777891769.0563323,3.0,-1.0,-72.0
1777891769.0663323,2.0,0.0,-73.0
1777891769.0763323,4.0,-1.0,-75.0
1777891769.0863323,3.0,-6.0,-71.0
1777891769.0963323,0.0,-7.0,-75.0
1777891769.1063323,2.0,-3.0,-67.0
1777891769.1163323,4.0,-3.0,-66.0
1777891769.1263323,5.0,-1.0,-61.0
1777891769.1363325,2.0,2.0,-63.0
1777891769.1463325,7.0,0.0,-68.0
1777891769.1563325,5.0,-4.0,-72.0
1777891769.1663325,0.0,-2.0,-69.0
1777891769.1763325,2.0,-2.0,-65.0
1777891769.1863325,2.0,-2.0,-66.0
1777891769.1963325,0.0,-4.0,-69.0
1777891769.2063324,0.0,-6.0,-70.0
1777891769.2163324,0.0,-7.0,-70.0
1777891769.2263324,0.0,-1.0,-72.0
1777891769.2363324,-3.0,-2.0,-74.0
1777891769.2463324,-2.0,-2.0,-74.0
1777891769.2563324,-3.0,0.0,-73.0
1777891769.2663324,-1.0,-1.0,-72.0
1777891769.2763324,6.0,-4.0,-70.0
1777891769.2863324,7.0,-3.0,-73.0
1777891769.2963324,8.0,0.0,-76.0
1777891769.3063323,8.0,0.0,-83.0
1777891769.3163323,6.0,-3.0,-85.0
1777891769.3263323,2.0,-2.0,-86.0
1777891769.3363323,2.0,1.0,-87.0
1777891769.3463323,3.0,0.0,-86.0
1777891769.3563323,3.0,0.0,-73.0
1777891769.3663323,0.0,-3.0,-68.0
1777891769.3763323,4.0,-3.0,-61.0
1777891769.3863325,-1.0,1.0,-63.0
1777891769.3963325,0.0,2.0,-71.0
1777891769.4063325,0.0,1.0,-73.0
1777891769.4163325,0.0,0.0,-77.0
1777891769.4263325,2.0,-1.0,-76.0
1777891769.4363325,0.0,-3.0,-75.0
1777891769.4463325,-3.0,-7.0,-71.0
1777891769.4563324,0.0,-7.0,-72.0
1777891769.4663324,0.0,-2.0,-70.0
1777891769.4763324,0.0,-2.0,-66.0
1777891769.4863324,0.0,0.0,-69.0
1777891769.4963324,-5.0,0.0,-63.0
1777891769.5063324,-2.0,0.0,-67.0
1777891769.5163324,0.0,2.0,-66.0
1777891769.5263324,1.0,2.0,-61.0
1777891769.5363324,1.0,1.0,-66.0
1777891769.5463324,0.0,-1.0,-72.0
1777891769.5563323,3.0,-5.0,-78.0
1777891769.5663323,9.0,-10.0,-72.0
1777891769.5763323,7.0,-8.0,-73.0
1777891769.5863323,6.0,-6.0,-75.0
1777891769.5963323,4.0,-6.0,-76.0
1777891769.6063323,3.0,-6.0,-82.0
1777891769.6163323,5.0,-9.0,-77.0
1777891769.6263323,3.0,-9.0,-76.0
1777891769.6363325,5.0,-5.0,-84.0
1777891769.6463325,5.0,-4.0,-85.0
1777891769.6563325,4.0,-5.0,-79.0
1777891769.6663325,7.0,0.0,-76.0
1777891769.6763325,4.0,0.0,-75.0
1777891769.6863325,3.0,0.0,-72.0
1777891769.6963325,2.0,0.0,-71.0
1777891769.7063324,4.0,0.0,-72.0
1777891769.7163324,4.0,0.0,-78.0
1777891769.7263324,5.0,1.0,-75.0
1777891769.7363324,6.0,0.0,-74.0
1777891769.7463324,6.0,-7.0,-69.0
1777891769.7563324,8.0,-11.0,-69.0
1777891769.7663324,7.0,-9.0,-75.0
1777891769.7763324,8.0,-11.0,-76.0
1777891769.7873323,7.0,-7.0,-73.0
1777891769.7963324,10.0,-8.0,-71.0
1777891769.8063323,9.0,-12.0,-77.0
1777891769.8173325,5.0,-6.0,-70.0
1777891769.8273325,3.0,-1.0,-69.0
1777891769.8373325,4.0,0.0,-68.0
1777891769.8473325,7.0,-6.0,-69.0
1777891769.8573325,6.0,-4.0,-67.0
1777891769.8673325,2.0,0.0,-70.0
1777891769.8773324,0.0,-1.0,-69.0
1777891769.8873324,3.0,-2.0,-72.0
1777891769.8973324,2.0,-2.0,-69.0
1777891769.9073324,3.0,-4.0,-71.0
1777891769.9173324,4.0,-6.0,-72.0
1777891769.9273324,1.0,-7.0,-76.0
1777891769.9373324,1.0,-3.0,-79.0
1777891769.9473324,1.0,0.0,-72.0
1777891769.9573324,1.0,-4.0,-64.0
1777891769.9673324,0.0,-4.0,-67.0
1777891769.9773324,-1.0,-5.0,-64.0
1777891769.9873323,-2.0,-6.0,-64.0
1777891769.9973323,2.0,0.0,-63.0
1777891770.0073323,5.0,2.0,-61.0
1777891770.0173323,1.0,-3.0,-62.0
1777891770.0273323,-3.0,-6.0,-68.0
1777891770.0373323,0.0,-4.0,-65.0
1777891770.0473323,5.0,-3.0,-69.0
1777891770.0573325,5.0,-5.0,-66.0
1777891770.0673325,3.0,-3.0,-68.0
1777891770.0773325,3.0,0.0,-66.0
1777891770.0873325,0.0,1.0,-62.0
1777891770.0973325,-7.0,0.0,-64.0
1777891770.1073325,-3.0,-1.0,-68.0
1777891770.1173325,-2.0,-1.0,-74.0
1777891770.1273324,0.0,0.0,-79.0
1777891770.1373324,0.0,2.0,-77.0
1777891770.1473324,5.0,3.0,-82.0
1777891770.1573324,6.0,0.0,-77.0
1777891770.1673324,9.0,-1.0,-73.0
1777891770.1773324,10.0,-1.0,-74.0
1777891770.1873324,6.0,0.0,-74.0
1777891770.1973324,6.0,0.0,-79.0
1777891770.2073324,3.0,1.0,-79.0
1777891770.2173324,9.0,1.0,-77.0
1777891770.2273324,9.0,-1.0,-80.0
1777891770.2373323,6.0,-2.0,-84.0
1777891770.2473323,8.0,-3.0,-83.0
1777891770.2573323,5.0,-4.0,-73.0
1777891770.2673323,0.0,-3.0,-68.0
1777891770.2773323,-3.0,-5.0,-67.0
1777891770.2873323,0.0,-5.0,-74.0
1777891770.2973323,0.0,-3.0,-78.0
1777891770.3073325,0.0,0.0,-83.0
1777891770.3173325,1.0,-1.0,-74.0
1777891770.3273325,0.0,0.0,-75.0
1777891770.3373325,-1.0,-2.0,-75.0
1777891770.3473325,0.0,-1.0,-75.0
1777891770.3573325,0.0,-2.0,-71.0
1777891770.3673325,0.0,-5.0,-73.0
1777891770.3773324,0.0,-7.0,-68.0
1777891770.3873324,2.0,-4.0,-72.0
1777891770.3973324,2.0,-2.0,-71.0
1777891770.4073324,1.0,-4.0,-68.0
1777891770.4173324,2.0,-3.0,-70.0
1777891770.4273324,4.0,-7.0,-76.0
1777891770.4373324,5.0,-3.0,-75.0
1777891770.4473324,7.0,-3.0,-78.0
1777891770.4573324,6.0,-3.0,-78.0
1777891770.4673324,7.0,-5.0,-76.0
1777891770.4773324,0.0,-6.0,-70.0
1777891770.4873323,0.0,-5.0,-65.0
1777891770.4973323,-1.0,-7.0,-68.0
1777891770.5073323,-1.0,-9.0,-67.0
1777891770.5173323,0.0,-8.0,-72.0
1777891770.5273323,-1.0,-7.0,-74.0
1777891770.5373323,-4.0,-6.0,-71.0
1777891770.5473323,0.0,-7.0,-66.0
1777891770.5573325,-2.0,-4.0,-64.0
1777891770.5673325,0.0,-1.0,-58.0
1777891770.5773325,0.0,-3.0,-60.0
1777891770.5873325,2.0,-6.0,-57.0
1777891770.5973325,5.0,-5.0,-61.0
1777891770.6073325,4.0,-6.0,-64.0
1777891770.6173325,3.0,-6.0,-65.0
1777891770.6273324,2.0,0.0,-64.0
1777891770.6373324,5.0,-1.0,-71.0
1777891770.6473324,9.0,-2.0,-70.0
1777891770.6573324,6.0,0.0,-66.0
1777891770.6673324,3.0,2.0,-76.0
1777891770.6773324,2.0,0.0,-70.0
1777891770.6873324,-3.0,-3.0,-66.0
1777891770.6973324,0.0,-6.0,-58.0
1777891770.7073324,-5.0,-2.0,-55.0
1777891770.7173324,-7.0,0.0,-56.0
1777891770.7273324,-3.0,-4.0,-60.0
1777891770.7373323,-6.0,0.0,-69.0
1777891770.7473323,-6.0,1.0,-72.0
1777891770.7573323,-6.0,4.0,-67.0
1777891770.7673323,-7.0,-2.0,-63.0
1777891770.7773323,-2.0,0.0,-57.0
1777891770.7873323,-5.0,0.0,-65.0
1777891770.7973323,-7.0,5.0,-66.0
1777891770.8073325,0.0,4.0,-66.0
1777891770.8173325,1.0,1.0,-67.0
1777891770.8273325,-1.0,2.0,-73.0
1777891770.8373325,-3.0,5.0,-70.0
1777891770.8473325,-4.0,3.0,-69.0
1777891770.8573325,-4.0,4.0,-75.0
1777891770.8673325,-2.0,3.0,-73.0
1777891770.8773324,-3.0,1.0,-71.0
1777891770.8873324,0.0,-4.0,-73.0
1777891770.8973324,0.0,-6.0,-77.0
1777891770.9073324,0.0,-4.0,-80.0
1777891770.9173324,3.0,0.0,-76.0
1777891770.9273324,0.0,4.0,-68.0
1777891770.9373324,0.0,4.0,-62.0
1777891770.9473324,0.0,-1.0,-61.0
1777891770.9573324,2.0,-5.0,-68.0
1777891770.9673324,4.0,-6.0,-67.0
1777891770.9773324,0.0,-3.0,-72.0
1777891770.9873323,1.0,0.0,-77.0
1777891770.9973323,1.0,-1.0,-79.0
1777891771.0073323,0.0,-1.0,-71.0
1777891771.0173323,2.0,3.0,-69.0
1777891771.0273323,4.0,4.0,-70.0
1777891771.0373323,4.0,3.0,-68.0
1777891771.0473323,4.0,-2.0,-67.0
1777891771.0573325,6.0,-5.0,-65.0
1777891771.0673325,1.0,-8.0,-62.0
1777891771.0773325,1.0,-6.0,-64.0
1777891771.0873325,2.0,-5.0,-66.0
1777891771.0973325,0.0,-3.0,-68.0
1777891771.1073325,0.0,-3.0,-70.0
1777891771.1173325,2.0,-4.0,-72.0
1777891771.1273324,4.0,-6.0,-72.0
1777891771.1373324,9.0,-3.0,-75.0
1777891771.1473324,10.0,-4.0,-74.0
1777891771.1573324,8.0,-3.0,-80.0
1777891771.1673324,3.0,-7.0,-81.0
1777891771.1773324,1.0,-5.0,-86.0
1777891771.1873324,2.0,-3.0,-81.0
1777891771.1973324,1.0,-5.0,-79.0
1777891771.2073324,0.0,-5.0,-78.0
1777891771.2173324,0.0,-5.0,-82.0
1777891771.2273324,1.0,-5.0,-83.0
1777891771.2373323,2.0,-8.0,-76.0
1777891771.2473323,1.0,-7.0,-81.0
1777891771.2573323,1.0,-8.0,-75.0
1777891771.2673323,6.0,-4.0,-68.0
1777891771.2773323,5.0,-6.0,-66.0
1777891771.2873323,0.0,-4.0,-76.0
1777891771.2973323,-1.0,1.0,-78.0
1777891771.3073325,-3.0,-1.0,-70.0
1777891771.3173325,-2.0,-1.0,-65.0
1777891771.3273325,-10.0,-1.0,-66.0
1777891771.3373325,-10.0,-5.0,-74.0
1777891771.3473325,-8.0,-5.0,-71.0
1777891771.3573325,-7.0,-2.0,-76.0
1777891771.3673325,-7.0,-1.0,-74.0
1777891771.3773324,-2.0,0.0,-80.0
1777891771.3873324,-2.0,-1.0,-75.0
1777891771.3973324,-6.0,0.0,-72.0
1777891771.4073324,-3.0,-3.0,-72.0
1777891771.4173324,-2.0,0.0,-71.0
1777891771.4273324,3.0,-1.0,-75.0
1777891771.4373324,0.0,0.0,-76.0
1777891771.4473324,0.0,0.0,-74.0
1777891771.4573324,3.0,0.0,-75.0
1777891771.4673324,7.0,8.0,-72.0
1777891771.4773324,4.0,5.0,-79.0
1777891771.4873323,1.0,3.0,-74.0
1777891771.4973323,0.0,0.0,-70.0
1777891771.5073323,-2.0,0.0,-70.0
1777891771.5173323,0.0,-2.0,-76.0
1777891771.5273323,2.0,-6.0,-74.0
1777891771.5373323,0.0,-7.0,-70.0
1777891771.5473323,5.0,-7.0,-70.0
1777891771.5573325,0.0,-6.0,-71.0
1777891771.5673325,0.0,-5.0,-79.0
1777891771.5773325,-3.0,-4.0,-79.0
1777891771.5873325,0.0,0.0,-84.0
1777891771.5973325,2.0,5.0,-81.0
1777891771.6073325,4.0,8.0,-82.0
1777891771.6173325,3.0,6.0,-74.0
1777891771.6273324,0.0,2.0,-71.0
1777891771.6373324,2.0,2.0,-73.0
1777891771.6473324,6.0,5.0,-75.0
1777891771.6573324,11.0,1.0,-79.0
1777891771.6673324,6.0,5.0,-75.0
1777891771.6773324,4.0,5.0,-67.0
1777891771.6873324,5.0,4.0,-64.0
1777891771.6973324,5.0,5.0,-69.0
1777891771.7073324,9.0,7.0,-67.0
1777891771.7173324,7.0,5.0,-61.0
1777891771.7273324,8.0,3.0,-62.0
1777891771.7373323,6.0,0.0,-59.0
1777891771.7473323,4.0,-3.0,-64.0
1777891771.7573323,1.0,-5.0,-67.0
1777891771.7673323,1.0,-3.0,-69.0
1777891771.7773323,4.0,-3.0,-68.0
1777891771.7873323,3.0,1.0,-73.0
1777891771.7973323,0.0,0.0,-74.0
1777891771.8083324,3.0,-3.0,-73.0
1777891771.8183324,2.0,2.0,-73.0
1777891771.8283324,4.0,-1.0,-74.0
1777891771.8383324,3.0,0.0,-73.0
1777891771.8483324,3.0,1.0,-75.0
1777891771.8583324,6.0,-1.0,-71.0
1777891771.8683324,3.0,-1.0,-69.0
1777891771.8783324,-4.0,-4.0,-73.0
1777891771.8883324,0.0,-2.0,-74.0
1777891771.8983324,6.0,-2.0,-76.0
1777891771.9083323,7.0,-1.0,-78.0
1777891771.9183323,2.0,-3.0,-71.0
1777891771.9283323,1.0,-2.0,-66.0
1777891771.9383323,2.0,2.0,-72.0
1777891771.9483323,0.0,5.0,-80.0
1777891771.9583323,-2.0,6.0,-77.0
1777891771.9683323,-5.0,3.0,-78.0
1777891771.9783323,-7.0,3.0,-75.0
1777891771.9883325,-8.0,5.0,-73.0
1777891771.9983325,-10.0,7.0,-75.0
1777891772.0083325,-6.0,7.0,-74.0
1777891772.0183325,-5.0,7.0,-73.0
1777891772.0283325,-4.0,3.0,-76.0
1777891772.0383325,-3.0,4.0,-75.0
1777891772.0483325,-4.0,2.0,-76.0
1777891772.0583324,-3.0,1.0,-77.0
1777891772.0683324,0.0,-1.0,-78.0
1777891772.0783324,3.0,-3.0,-73.0
1777891772.0883324,3.0,-2.0,-76.0
1777891772.0983324,1.0,-2.0,-74.0
1777891772.1083324,6.0,-3.0,-71.0
1777891772.1183324,4.0,-4.0,-72.0
1777891772.1283324,2.0,0.0,-71.0
1777891772.1383324,0.0,0.0,-67.0
1777891772.1483324,2.0,2.0,-66.0
1777891772.1583323,1.0,5.0,-66.0
1777891772.1683323,3.0,3.0,-64.0
1777891772.1783323,0.0,3.0,-69.0
1777891772.1883323,-3.0,3.0,-68.0
1777891772.1983323,-2.0,2.0,-72.0
1777891772.2083323,-5.0,3.0,-70.0
1777891772.2183323,-3.0,2.0,-72.0
1777891772.2283323,1.0,2.0,-70.0
1777891772.2383325,0.0,3.0,-76.0
1777891772.2483325,1.0,2.0,-79.0
1777891772.2583325,3.0,0.0,-76.0
1777891772.2683325,4.0,-1.0,-79.0
1777891772.2783325,1.0,-1.0,-81.0
1777891772.2883325,0.0,0.0,-72.0
1777891772.2983325,0.0,0.0,-70.0
1777891772.3083324,0.0,-4.0,-66.0
1777891772.3183324,2.0,0.0,-69.0
1777891772.3283324,0.0,-1.0,-76.0
1777891772.3383324,0.0,-1.0,-79.0
1777891772.3483324,-1.0,0.0,-81.0
1777891772.3583324,-3.0,0.0,-75.0
1777891772.3683324,-2.0,-4.0,-75.0
1777891772.3783324,-2.0,-3.0,-76.0
1777891772.3883324,-3.0,-5.0,-74.0
1777891772.3983324,-1.0,-2.0,-71.0
1777891772.4083323,-3.0,-4.0,-76.0
1777891772.4183323,0.0,-3.0,-77.0
1777891772.4283323,2.0,-2.0,-72.0
1777891772.4383323,2.0,-4.0,-73.0
1777891772.4483323,-1.0,-1.0,-77.0
1777891772.4583323,1.0,0.0,-76.0
1777891772.4683323,5.0,2.0,-74.0
1777891772.4783323,1.0,1.0,-81.0
1777891772.4883325,-3.0,3.0,-88.0
1777891772.4983325,-2.0,5.0,-84.0
1777891772.5083325,3.0,8.0,-80.0
1777891772.5183325,2.0,4.0,-79.0
1777891772.5283325,-1.0,3.0,-80.0
1777891772.5383325,-4.0,6.0,-74.0
1777891772.5483325,-4.0,3.0,-69.0
1777891772.5583324,-2.0,2.0,-64.0
1777891772.5683324,-2.0,2.0,-61.0
1777891772.5783324,1.0,0.0,-64.0
1777891772.5883324,7.0,2.0,-64.0
1777891772.5983324,4.0,0.0,-67.0
1777891772.6083324,3.0,0.0,-75.0
1777891772.6183324,3.0,0.0,-67.0
1777891772.6283324,2.0,1.0,-69.0
1777891772.6383324,4.0,4.0,-71.0
1777891772.6483324,3.0,8.0,-75.0
1777891772.6583323,2.0,5.0,-80.0
1777891772.6683323,-1.0,1.0,-81.0
1777891772.6783323,0.0,0.0,-82.0
1777891772.6883323,3.0,3.0,-78.0
1777891772.6983323,5.0,3.0,-69.0
1777891772.7083323,2.0,4.0,-78.0
1777891772.7183323,-1.0,5.0,-83.0
1777891772.7283323,-3.0,6.0,-76.0
1777891772.7383325,-5.0,4.0,-69.0
1777891772.7483325,-2.0,4.0,-68.0
1777891772.7583325,0.0,4.0,-74.0
1777891772.7683325,0.0,1.0,-79.0
1777891772.7783325,0.0,1.0,-77.0
1777891772.7883325,-1.0,0.0,-76.0
1777891772.7983325,-1.0,0.0,-71.0
1777891772.8083324,-2.0,0.0,-69.0
1777891772.8183324,1.0,1.0,-69.0
1777891772.8283324,0.0,0.0,-69.0
1777891772.8383324,-1.0,0.0,-68.0
1777891772.8483324,-4.0,-1.0,-68.0
1777891772.8583324,-3.0,-3.0,-65.0
1777891772.8683324,1.0,0.0,-68.0
1777891772.8783324,5.0,-1.0,-67.0
1777891772.8883324,7.0,0.0,-64.0
1777891772.8983324,6.0,0.0,-69.0
1777891772.9083323,9.0,0.0,-63.0
1777891772.9183323,5.0,-7.0,-67.0
1777891772.9283323,8.0,-7.0,-70.0
1777891772.9383323,13.0,-8.0,-67.0
1777891772.9483323,14.0,-1.0,-63.0
1777891772.9583323,13.0,0.0,-65.0
1777891772.9683323,9.0,2.0,-64.0
1777891772.9783323,7.0,5.0,-61.0
1777891772.9883325,4.0,6.0,-62.0
1777891772.9983325,3.0,9.0,-67.0
1777891773.0083325,6.0,6.0,-65.0
1777891773.0183325,3.0,3.0,-57.0
1777891773.0283325,1.0,-1.0,-59.0
1777891773.0383325,3.0,-1.0,-61.0
1777891773.0483325,6.0,0.0,-63.0
1777891773.0583324,6.0,-2.0,-63.0
1777891773.0683324,4.0,-3.0,-69.0
1777891773.0783324,7.0,-3.0,-74.0
1777891773.0883324,10.0,-1.0,-66.0
1777891773.0983324,9.0,-3.0,-67.0
1777891773.1083324,10.0,-1.0,-68.0
1777891773.1183324,6.0,-1.0,-71.0
1777891773.1283324,3.0,-1.0,-74.0
1777891773.1383324,-1.0,2.0,-67.0
1777891773.1483324,4.0,5.0,-63.0
1777891773.1583323,6.0,1.0,-62.0
1777891773.1683323,7.0,-3.0,-63.0
1777891773.1783323,5.0,1.0,-66.0
1777891773.1883323,3.0,2.0,-74.0
1777891773.1983323,3.0,4.0,-74.0
1777891773.2083323,-1.0,0.0,-71.0
1777891773.2183323,0.0,3.0,-70.0
1777891773.2283323,1.0,5.0,-68.0
1777891773.2383325,0.0,6.0,-65.0
1777891773.2483325,0.0,2.0,-68.0
1777891773.2583325,5.0,1.0,-65.0
1777891773.2683325,6.0,-3.0,-63.0
1777891773.2783325,8.0,-3.0,-69.0
1777891773.2883325,10.0,-2.0,-73.0
1777891773.2983325,8.0,-1.0,-76.0
1777891773.3083324,7.0,1.0,-79.0
1777891773.3183324,5.0,-2.0,-78.0
1777891773.3283324,0.0,1.0,-77.0
1777891773.3383324,-1.0,-1.0,-75.0
1777891773.3483324,1.0,-3.0,-71.0
1777891773.3583324,-1.0,-5.0,-65.0
1777891773.3683324,0.0,-2.0,-62.0
1777891773.3783324,0.0,-5.0,-60.0
1777891773.3883324,-5.0,-5.0,-65.0
1777891773.3983324,0.0,-1.0,-65.0
1777891773.4083323,-1.0,-2.0,-66.0
1777891773.4183323,-1.0,2.0,-63.0
1777891773.4283323,0.0,2.0,-66.0
1777891773.4383323,0.0,5.0,-72.0
1777891773.4483323,0.0,7.0,-76.0
1777891773.4583323,2.0,8.0,-77.0
1777891773.4683323,5.0,5.0,-73.0
1777891773.4783323,3.0,7.0,-68.0
1777891773.4883325,4.0,7.0,-65.0
1777891773.4983325,1.0,7.0,-67.0
1777891773.5083325,-1.0,2.0,-64.0
1777891773.5183325,-2.0,-2.0,-60.0
1777891773.5283325,-4.0,-1.0,-59.0
1777891773.5383325,-5.0,-1.0,-64.0
1777891773.5483325,-7.0,-1.0,-68.0
1777891773.5583324,-3.0,-4.0,-68.0
1777891773.5683324,-2.0,-3.0,-68.0
1777891773.5783324,-3.0,1.0,-70.0
1777891773.5883324,1.0,1.0,-73.0
1777891773.5983324,4.0,2.0,-74.0
1777891773.6083324,8.0,2.0,-67.0
1777891773.6183324,6.0,3.0,-68.0
1777891773.6283324,5.0,1.0,-66.0
1777891773.6383324,6.0,0.0,-66.0
1777891773.6483324,6.0,0.0,-66.0
1777891773.6583323,8.0,0.0,-73.0
1777891773.6683323,3.0,-4.0,-70.0
1777891773.6783323,2.0,-5.0,-66.0
1777891773.6883323,6.0,-5.0,-66.0
1777891773.6983323,3.0,-3.0,-66.0
1777891773.7083323,3.0,0.0,-71.0
1777891773.7183323,0.0,3.0,-72.0
1777891773.7283323,0.0,3.0,-79.0
1777891773.7383325,-1.0,0.0,-84.0
1777891773.7483325,-3.0,-6.0,-84.0
1777891773.7583325,-1.0,-4.0,-79.0
1777891773.7683325,1.0,-2.0,-76.0
1777891773.7793324,2.0,-4.0,-71.0
1777891773.7893324,2.0,-6.0,-70.0
1777891773.7993324,0.0,-5.0,-68.0
1777891773.8093324,1.0,-6.0,-61.0
1777891773.8193324,0.0,-4.0,-62.0
1777891773.8293324,-5.0,-1.0,-57.0
1777891773.8393323,-3.0,-3.0,-63.0
1777891773.8493323,-2.0,-1.0,-66.0
1777891773.8593323,-4.0,0.0,-68.0
1777891773.8693323,-5.0,-1.0,-68.0
1777891773.8793323,-3.0,-6.0,-65.0
1777891773.8893323,-4.0,-4.0,-72.0
1777891773.8993323,-5.0,-3.0,-76.0
1777891773.9093325,-1.0,-4.0,-81.0
1777891773.9193325,0.0,-4.0,-81.0
1777891773.9293325,3.0,-4.0,-79.0
1777891773.9393325,5.0,-3.0,-79.0
1777891773.9493325,6.0,1.0,-80.0
1777891773.9593325,8.0,0.0,-72.0
1777891773.9693325,6.0,0.0,-72.0
1777891773.9793324,3.0,-3.0,-68.0
1777891773.9893324,3.0,-3.0,-61.0
1777891773.9993324,1.0,-4.0,-66.0
1777891774.0093324,-3.0,-2.0,-61.0
1777891774.0193324,-1.0,0.0,-59.0
1777891774.0293324,-1.0,3.0,-60.0
1777891774.0393324,-1.0,3.0,-64.0
1777891774.0493324,-2.0,0.0,-69.0
1777891774.0593324,-3.0,-1.0,-69.0
1777891774.0693324,0.0,0.0,-75.0
1777891774.0793324,0.0,-2.0,-84.0
1777891774.0893323,-1.0,0.0,-80.0
1777891774.0993323,-2.0,-3.0,-75.0
1777891774.1093323,-4.0,-6.0,-77.0
1777891774.1193323,-5.0,-10.0,-78.0
1777891774.1293323,-3.0,-7.0,-84.0
1777891774.1393323,1.0,-4.0,-84.0
1777891774.1493323,4.0,-5.0,-74.0
1777891774.1593325,6.0,-4.0,-65.0
1777891774.1693325,3.0,-4.0,-72.0
1777891774.1793325,2.0,-4.0,-74.0
1777891774.1893325,1.0,-4.0,-67.0
1777891774.1993325,0.0,-2.0,-69.0
1777891774.2093325,0.0,-2.0,-67.0
1777891774.2193325,3.0,-5.0,-67.0
1777891774.2293324,3.0,-5.0,-65.0
1777891774.2393324,3.0,0.0,-72.0
1777891774.2493324,5.0,1.0,-71.0
1777891774.2593324,5.0,2.0,-69.0
1777891774.2693324,3.0,1.0,-65.0
1777891774.2793324,7.0,0.0,-68.0
1777891774.2893324,9.0,0.0,-66.0
1777891774.2993324,1.0,3.0,-65.0
1777891774.3093324,1.0,5.0,-70.0
1777891774.3193324,1.0,5.0,-70.0
1777891774.3293324,0.0,2.0,-68.0
1777891774.3393323,-2.0,1.0,-69.0
1777891774.3493323,-1.0,3.0,-74.0
1777891774.3593323,1.0,-1.0,-72.0
1777891774.3693323,4.0,-3.0,-77.0
1777891774.3793323,5.0,-5.0,-77.0
1777891774.3893323,2.0,-6.0,-74.0
1777891774.3993323,-1.0,-4.0,-78.0
1777891774.4093325,-2.0,-4.0,-76.0
1777891774.4183323,-2.0,-1.0,-75.0
1777891774.4293325,0.0,-3.0,-77.0
1777891774.4393325,2.0,-3.0,-77.0
1777891774.4493325,2.0,-5.0,-82.0
1777891774.4593325,0.0,-2.0,-80.0
1777891774.4693325,-1.0,-4.0,-75.0
1777891774.4793324,3.0,-2.0,-79.0
1777891774.4893324,3.0,-4.0,-77.0
1777891774.4993324,6.0,-2.0,-79.0
1777891774.5093324,3.0,1.0,-74.0
1777891774.5193324,0.0,1.0,-77.0
1777891774.5293324,4.0,0.0,-81.0
1777891774.5393324,0.0,1.0,-79.0
1777891774.5493324,-4.0,0.0,-82.0
1777891774.5593324,0.0,-1.0,-80.0
1777891774.5693324,1.0,-3.0,-85.0
1777891774.5793324,1.0,-2.0,-83.0
1777891774.5893323,1.0,-1.0,-81.0
1777891774.5993323,0.0,0.0,-79.0
1777891774.6093323,1.0,-2.0,-86.0
1777891774.6193323,3.0,-6.0,-84.0
1777891774.6293323,3.0,-5.0,-88.0
1777891774.6393323,0.0,-1.0,-82.0
1777891774.6493323,2.0,3.0,-80.0
1777891774.6593325,5.0,3.0,-81.0
1777891774.6693325,8.0,-1.0,-75.0
1777891774.6793325,7.0,1.0,-63.0
1777891774.6893325,2.0,-2.0,-65.0
1777891774.6993325,2.0,0.0,-65.0
1777891774.7093325,-1.0,2.0,-68.0
1777891774.7193325,0.0,4.0,-68.0
1777891774.7293324,0.0,2.0,-73.0
1777891774.7393324,3.0,0.0,-82.0
1777891774.7493324,1.0,-3.0,-80.0
1777891774.7593324,1.0,-2.0,-80.0
1777891774.7693324,1.0,-4.0,-78.0
1777891774.7793324,0.0,-5.0,-77.0
1777891774.7893324,-5.0,-7.0,-70.0
1777891774.7993324,-1.0,-6.0,-67.0
1777891774.8093324,-3.0,-4.0,-65.0
1777891774.8193324,-4.0,-4.0,-66.0
1777891774.8293324,-3.0,-7.0,-63.0
1777891774.8393323,-5.0,-2.0,-60.0
1777891774.8493323,-3.0,-2.0,-60.0
1777891774.8593323,-4.0,-1.0,-59.0
1777891774.8693323,-8.0,-2.0,-66.0
1777891774.8793323,-3.0,0.0,-65.0
1777891774.8893323,3.0,0.0,-67.0
1777891774.8993323,5.0,-4.0,-66.0
1777891774.9093325,10.0,-7.0,-60.0
1777891774.9193325,8.0,-5.0,-69.0
1777891774.9293325,8.0,-3.0,-68.0
1777891774.9393325,6.0,0.0,-69.0
1777891774.9493325,7.0,3.0,-67.0
1777891774.9593325,1.0,0.0,-72.0
1777891774.9693325,1.0,0.0,-66.0
1777891774.9793324,0.0,0.0,-67.0
1777891774.9893324,-5.0,-1.0,-72.0
1777891774.9993324,-3.0,-4.0,-75.0
1777891775.0093324,-3.0,-6.0,-64.0
1777891775.0193324,0.0,-9.0,-62.0
1777891775.0293324,-2.0,-9.0,-61.0
1777891775.0393324,1.0,-5.0,-64.0
1777891775.0493324,1.0,-3.0,-70.0
1777891775.0593324,-3.0,-4.0,-75.0
1777891775.0693324,-3.0,0.0,-75.0
1777891775.0793324,-6.0,0.0,-77.0
1777891775.0893323,-3.0,4.0,-79.0
1777891775.0993323,-5.0,1.0,-75.0
1777891775.1093323,-1.0,2.0,-75.0
1777891775.1193323,0.0,2.0,-83.0
1777891775.1293323,0.0,1.0,-78.0
1777891775.1393323,-4.0,1.0,-74.0
1777891775.1493323,-11.0,-2.0,-70.0
1777891775.1593325,-11.0,-7.0,-73.0
1777891775.1693325,-11.0,-5.0,-72.0
1777891775.1793325,-14.0,-6.0,-70.0
1777891775.1893325,-10.0,-8.0,-64.0
1777891775.1993325,-8.0,-9.0,-64.0
1777891775.2093325,-10.0,-8.0,-66.0
1777891775.2193325,-10.0,-8.0,-69.0
1777891775.2293324,-7.0,-4.0,-74.0
1777891775.2393324,-6.0,-6.0,-71.0
1777891775.2493324,-2.0,-2.0,-71.0
1777891775.2593324,-2.0,-2.0,-71.0
1777891775.2693324,0.0,-3.0,-69.0
1777891775.2793324,-1.0,-1.0,-70.0
1777891775.2893324,3.0,0.0,-60.0
1777891775.2993324,-1.0,0.0,-59.0
1777891775.3093324,1.0,0.0,-62.0
1777891775.3193324,2.0,1.0,-64.0
1777891775.3293324,2.0,3.0,-65.0
1777891775.3393323,0.0,-3.0,-65.0
1777891775.3493323,-4.0,-3.0,-64.0
1777891775.3593323,-5.0,0.0,-65.0
1777891775.3693323,1.0,-4.0,-72.0
1777891775.3793323,3.0,-4.0,-72.0
1777891775.3893323,0.0,-1.0,-72.0
1777891775.3993323,-1.0,0.0,-73.0
1777891775.4093325,-2.0,2.0,-68.0
1777891775.4193325,-4.0,2.0,-64.0
1777891775.4293325,-1.0,0.0,-65.0
1777891775.4393325,0.0,0.0,-66.0
1777891775.4493325,2.0,0.0,-79.0
1777891775.4593325,3.0,-3.0,-81.0
1777891775.4693325,2.0,-4.0,-75.0
1777891775.4793324,0.0,-8.0,-75.0
1777891775.4893324,0.0,-5.0,-79.0
1777891775.4993324,1.0,-4.0,-80.0
1777891775.5093324,0.0,-3.0,-80.0
1777891775.5193324,-1.0,-3.0,-80.0
1777891775.5293324,1.0,-3.0,-80.0
1777891775.5393324,3.0,-2.0,-75.0
1777891775.5493324,3.0,0.0,-60.0
1777891775.5593324,0.0,1.0,-67.0
1777891775.5693324,3.0,3.0,-61.0
1777891775.5793324,8.0,-1.0,-63.0
1777891775.5893323,6.0,-5.0,-63.0
1777891775.5993323,6.0,-4.0,-59.0
1777891775.6093323,2.0,-5.0,-62.0
1777891775.6193323,-4.0,-2.0,-59.0
1777891775.6293323,3.0,-2.0,-58.0
1777891775.6393323,4.0,0.0,-60.0
1777891775.6493323,8.0,0.0,-61.0
1777891775.6593325,9.0,1.0,-63.0
1777891775.6693325,7.0,0.0,-65.0
1777891775.6793325,12.0,-3.0,-65.0
1777891775.6893325,13.0,-6.0,-63.0
1777891775.6993325,9.0,-8.0,-66.0
1777891775.7093325,7.0,-2.0,-69.0
1777891775.7193325,3.0,-1.0,-69.0
1777891775.7293324,0.0,-1.0,-76.0
1777891775.7393324,2.0,-2.0,-73.0
1777891775.7503324,7.0,-1.0,-77.0
1777891775.7603323,2.0,0.0,-72.0
1777891775.7693324,0.0,2.0,-69.0
1777891775.7803323,0.0,6.0,-71.0
1777891775.7903323,0.0,4.0,-70.0
1777891775.8003323,1.0,6.0,-68.0
1777891775.8103323,5.0,3.0,-68.0
1777891775.8203323,5.0,0.0,-66.0
1777891775.8303325,10.0,-1.0,-67.0
1777891775.8403325,11.0,-2.0,-70.0
1777891775.8503325,8.0,-2.0,-67.0
1777891775.8603325,7.0,0.0,-64.0
1777891775.8703325,0.0,2.0,-66.0
1777891775.8803325,1.0,-1.0,-68.0
1777891775.8903325,3.0,-1.0,-65.0
1777891775.9003325,-1.0,-3.0,-71.0
1777891775.9103324,-1.0,-1.0,-72.0
1777891775.9203324,1.0,-4.0,-71.0
1777891775.9303324,1.0,-1.0,-76.0
1777891775.9403324,0.0,3.0,-81.0
1777891775.9503324,3.0,3.0,-84.0
1777891775.9603324,2.0,1.0,-86.0
1777891775.9703324,-1.0,-1.0,-83.0
1777891775.9803324,2.0,-4.0,-84.0
1777891775.9903324,2.0,-6.0,-74.0
1777891776.0003324,1.0,-5.0,-74.0
1777891776.0103323,1.0,-3.0,-74.0
1777891776.0203323,-1.0,-2.0,-72.0
1777891776.0303323,1.0,-4.0,-67.0
1777891776.0403323,2.0,-4.0,-63.0
1777891776.0503323,3.0,0.0,-64.0
1777891776.0603323,3.0,0.0,-71.0
1777891776.0703323,2.0,-3.0,-73.0
1777891776.0803325,4.0,-1.0,-70.0
1777891776.0903325,2.0,-3.0,-67.0
1777891776.1003325,0.0,-1.0,-58.0
1777891776.1103325,1.0,-1.0,-62.0
1777891776.1203325,-1.0,0.0,-68.0
1777891776.1303325,2.0,0.0,-78.0
1777891776.1403325,8.0,0.0,-77.0
1777891776.1503325,8.0,-2.0,-81.0
1777891776.1603324,8.0,-1.0,-84.0
1777891776.1703324,3.0,-3.0,-81.0
1777891776.1803324,3.0,0.0,-76.0
1777891776.1903324,5.0,-3.0,-76.0
1777891776.2003324,7.0,-3.0,-78.0
1777891776.2103324,8.0,-3.0,-74.0
1777891776.2203324,2.0,-5.0,-70.0
1777891776.2303324,2.0,0.0,-73.0
1777891776.2403324,0.0,-5.0,-69.0
1777891776.2503324,2.0,-2.0,-71.0
1777891776.2603323,4.0,-3.0,-77.0
1777891776.2703323,3.0,-2.0,-73.0
1777891776.2803323,3.0,-3.0,-73.0
1777891776.2903323,4.0,-4.0,-69.0
1777891776.3003323,3.0,-5.0,-68.0
1777891776.3103323,3.0,-3.0,-71.0
1777891776.3203323,2.0,1.0,-81.0
1777891776.3303325,3.0,5.0,-85.0
1777891776.3403325,0.0,2.0,-82.0
1777891776.3503325,1.0,2.0,-77.0
1777891776.3603325,1.0,-1.0,-78.0
1777891776.3703325,4.0,-1.0,-71.0
1777891776.3803325,5.0,0.0,-76.0
1777891776.3903325,4.0,0.0,-72.0
1777891776.4003325,2.0,2.0,-74.0
1777891776.4103324,5.0,2.0,-69.0
1777891776.4203324,1.0,1.0,-68.0
1777891776.4303324,-1.0,-1.0,-62.0
1777891776.4403324,0.0,2.0,-57.0
1777891776.4503324,-1.0,3.0,-58.0
1777891776.4603324,-3.0,0.0,-58.0
1777891776.4703324,-3.0,-2.0,-58.0
1777891776.4803324,-2.0,-3.0,-55.0
1777891776.4903324,3.0,1.0,-55.0
1777891776.5003324,7.0,3.0,-66.0
1777891776.5103323,12.0,4.0,-65.0
1777891776.5203323,11.0,5.0,-67.0
1777891776.5303323,12.0,5.0,-66.0
1777891776.5403323,12.0,6.0,-74.0
1777891776.5503323,12.0,2.0,-69.0
1777891776.5603323,11.0,-3.0,-76.0
1777891776.5703323,11.0,0.0,-80.0
1777891776.5803325,12.0,-1.0,-80.0
1777891776.5903325,13.0,3.0,-77.0
1777891776.6003325,11.0,5.0,-74.0
1777891776.6103325,10.0,0.0,-80.0
1777891776.6203325,7.0,-2.0,-84.0
1777891776.6303325,2.0,-7.0,-79.0
1777891776.6403325,2.0,-6.0,-78.0
1777891776.6503325,4.0,-7.0,-74.0
1777891776.6603324,5.0,-6.0,-78.0
1777891776.6703324,5.0,-3.0,-73.0
1777891776.6803324,4.0,0.0,-70.0
1777891776.6903324,7.0,0.0,-69.0
1777891776.7003324,6.0,-1.0,-67.0
1777891776.7103324,4.0,-1.0,-68.0
1777891776.7203324,6.0,-5.0,-76.0
1777891776.7303324,12.0,-3.0,-75.0
1777891776.7403324,7.0,0.0,-72.0
1777891776.7503324,10.0,2.0,-71.0
1777891776.7603323,8.0,4.0,-77.0
1777891776.7703323,3.0,0.0,-78.0
1777891776.7803323,4.0,1.0,-76.0
1777891776.7903323,5.0,2.0,-75.0
1777891776.8003323,7.0,1.0,-77.0
1777891776.8103323,2.0,0.0,-72.0
1777891776.8203323,3.0,-3.0,-74.0
1777891776.8303325,0.0,-5.0,-69.0
1777891776.8403325,0.0,0.0,-71.0
1777891776.8503325,3.0,-6.0,-74.0
1777891776.8603325,2.0,-8.0,-76.0
1777891776.8703325,3.0,-9.0,-83.0
1777891776.8803325,0.0,-7.0,-84.0
1777891776.8903325,0.0,0.0,-86.0
1777891776.9003325,1.0,0.0,-79.0
1777891776.9103324,3.0,3.0,-78.0
1777891776.9203324,0.0,2.0,-75.0
1777891776.9303324,-1.0,1.0,-75.0
1777891776.9403324,-6.0,-1.0,-70.0
1777891776.9503324,-7.0,1.0,-68.0
1777891776.9603324,-4.0,0.0,-71.0
1777891776.9703324,-3.0,-4.0,-67.0
1777891776.9803324,1.0,0.0,-65.0
1777891776.9903324,0.0,0.0,-75.0
1777891777.0003324,0.0,-3.0,-77.0
1777891777.0103323,-3.0,-6.0,-84.0
1777891777.0203323,0.0,-4.0,-85.0
1777891777.0303323,3.0,-2.0,-82.0
1777891777.0403323,0.0,1.0,-75.0
1777891777.0503323,-2.0,4.0,-67.0
1777891777.0603323,-2.0,1.0,-63.0
1777891777.0703323,-2.0,-2.0,-60.0
1777891777.0803325,0.0,0.0,-62.0
1777891777.0903325,4.0,1.0,-63.0
1777891777.1003325,3.0,2.0,-67.0
1777891777.1103325,4.0,1.0,-64.0
1777891777.1203325,2.0,4.0,-66.0
1777891777.1303325,0.0,8.0,-65.0
1777891777.1403325,-1.0,6.0,-62.0
1777891777.1503325,0.0,3.0,-66.0
1777891777.1603324,3.0,0.0,-63.0
1777891777.1703324,3.0,-2.0,-67.0
1777891777.1803324,2.0,0.0,-62.0
1777891777.1903324,2.0,-1.0,-59.0
1777891777.2003324,1.0,-3.0,-53.0
1777891777.2103324,2.0,-1.0,-52.0
1777891777.2203324,1.0,-1.0,-64.0
1777891777.2303324,6.0,5.0,-69.0
1777891777.2403324,4.0,6.0,-74.0
1777891777.2503324,7.0,3.0,-84.0
1777891777.2603323,2.0,1.0,-79.0
1777891777.2703323,0.0,-1.0,-71.0
1777891777.2803323,-2.0,0.0,-70.0
1777891777.2903323,0.0,1.0,-76.0
1777891777.3003323,2.0,2.0,-76.0
1777891777.3103323,8.0,3.0,-77.0
1777891777.3203323,4.0,-1.0,-74.0
1777891777.3303325,3.0,0.0,-80.0
1777891777.3403325,2.0,-1.0,-84.0
1777891777.3503325,2.0,-1.0,-74.0
1777891777.3603325,5.0,-1.0,-73.0
1777891777.3703325,4.0,-3.0,-71.0
1777891777.3803325,5.0,-1.0,-73.0
1777891777.3903325,4.0,-1.0,-76.0
1777891777.4003325,0.0,-4.0,-79.0
1777891777.4103324,-2.0,-1.0,-71.0
1777891777.4203324,0.0,-3.0,-68.0
1777891777.4303324,-1.0,-6.0,-71.0
1777891777.4403324,2.0,-4.0,-75.0
1777891777.4503324,6.0,-5.0,-72.0
1777891777.4603324,7.0,-6.0,-73.0
1777891777.4703324,8.0,-2.0,-74.0
1777891777.4803324,5.0,-4.0,-63.0
1777891777.4903324,4.0,-1.0,-58.0
1777891777.5003324,6.0,0.0,-58.0
1777891777.5103323,5.0,-1.0,-62.0
1777891777.5203323,8.0,0.0,-64.0
1777891777.5303323,11.0,-2.0,-70.0
1777891777.5403323,8.0,-1.0,-74.0
1777891777.5503323,12.0,-2.0,-76.0
1777891777.5603323,14.0,-3.0,-75.0
1777891777.5703323,11.0,-2.0,-76.0
1777891777.5803325,8.0,-2.0,-73.0
1777891777.5903325,9.0,0.0,-71.0
1777891777.6003325,9.0,1.0,-65.0
1777891777.6103325,6.0,1.0,-61.0
1777891777.6213324,3.0,5.0,-53.0
1777891777.6303325,3.0,4.0,-59.0
1777891777.6403325,3.0,5.0,-70.0
1777891777.6503325,3.0,2.0,-67.0
1777891777.6603324,0.0,-6.0,-65.0
1777891777.6703324,-2.0,-7.0,-72.0
1777891777.6803324,2.0,-9.0,-71.0
1777891777.6903324,7.0,-10.0,-74.0
1777891777.7003324,11.0,-4.0,-75.0
1777891777.7103324,5.0,-4.0,-73.0
1777891777.7203324,6.0,-2.0,-67.0
1777891777.7303324,8.0,-1.0,-69.0
1777891777.7403324,3.0,-1.0,-72.0
1777891777.7503324,6.0,2.0,-75.0
1777891777.7613325,3.0,0.0,-73.0
1777891777.7713325,0.0,0.0,-78.0
1777891777.7813325,0.0,-3.0,-82.0
1777891777.7903323,0.0,-2.0,-80.0
1777891777.8013325,0.0,-1.0,-77.0
1777891777.8113325,-1.0,-2.0,-75.0
1777891777.8213325,-2.0,-5.0,-72.0
1777891777.8313324,2.0,-2.0,-78.0
1777891777.8413324,3.0,-3.0,-74.0
1777891777.8513324,1.0,-9.0,-80.0
1777891777.8613324,0.0,-6.0,-76.0
1777891777.8713324,1.0,-8.0,-81.0
1777891777.8813324,1.0,-9.0,-84.0
1777891777.8913324,-3.0,-9.0,-90.0
1777891777.9013324,-1.0,-7.0,-86.0
1777891777.9113324,-4.0,-5.0,-80.0
1777891777.9213324,-5.0,-5.0,-73.0
1777891777.9313323,-3.0,-1.0,-77.0
1777891777.9413323,0.0,-1.0,-72.0
1777891777.9513323,2.0,-1.0,-71.0
1777891777.9613323,4.0,1.0,-67.0
1777891777.9713323,5.0,2.0,-67.0
1777891777.9813323,5.0,2.0,-70.0
1777891777.9913323,4.0,4.0,-71.0
1777891778.0013323,0.0,3.0,-75.0
1777891778.0113325,3.0,1.0,-67.0
1777891778.0213325,6.0,-2.0,-59.0
1777891778.0313325,2.0,0.0,-62.0
1777891778.0413325,1.0,-3.0,-59.0
1777891778.0513325,0.0,-5.0,-65.0
1777891778.0613325,0.0,-9.0,-70.0
1777891778.0713325,2.0,-8.0,-72.0
1777891778.0813324,0.0,-4.0,-69.0
1777891778.0913324,1.0,-5.0,-67.0
1777891778.1013324,1.0,-4.0,-63.0
1777891778.1113324,0.0,0.0,-60.0
1777891778.1213324,2.0,-1.0,-59.0
1777891778.1313324,1.0,1.0,-66.0
1777891778.1413324,-3.0,0.0,-65.0
1777891778.1513324,-2.0,2.0,-72.0
1777891778.1613324,-2.0,2.0,-70.0
1777891778.1713324,0.0,1.0,-67.0
1777891778.1813323,0.0,-3.0,-71.0
1777891778.1913323,0.0,-1.0,-78.0
1777891778.2013323,-1.0,-5.0,-87.0
1777891778.2113323,0.0,-8.0,-85.0
1777891778.2213323,-3.0,-5.0,-79.0
1777891778.2313323,-3.0,-4.0,-76.0
1777891778.2413323,3.0,-2.0,-84.0
1777891778.2513323,11.0,-2.0,-78.0
1777891778.2613325,7.0,-3.0,-72.0
1777891778.2713325,5.0,-4.0,-71.0
1777891778.2813325,3.0,-3.0,-76.0
1777891778.2913325,3.0,0.0,-75.0
1777891778.3013325,3.0,0.0,-73.0
1777891778.3113325,0.0,0.0,-69.0
1777891778.3213325,0.0,1.0,-68.0
1777891778.3313324,0.0,0.0,-71.0
1777891778.3413324,-1.0,2.0,-67.0
1777891778.3513324,-3.0,0.0,-68.0
1777891778.3613324,4.0,0.0,-66.0
1777891778.3713324,0.0,1.0,-66.0
1777891778.3813324,0.0,3.0,-66.0
1777891778.3913324,0.0,0.0,-64.0
1777891778.4013324,-1.0,-3.0,-63.0
1777891778.4113324,-3.0,-1.0,-66.0
1777891778.4213324,-3.0,-1.0,-63.0
1777891778.4313323,-4.0,-1.0,-64.0
1777891778.4413323,-2.0,-1.0,-74.0
1777891778.4513323,-5.0,0.0,-75.0
1777891778.4613323,-3.0,2.0,-74.0
1777891778.4713323,0.0,2.0,-82.0
1777891778.4813323,4.0,-1.0,-86.0
1777891778.4913323,2.0,-1.0,-85.0
1777891778.5013323,0.0,2.0,-83.0
1777891778.5113325,-1.0,5.0,-84.0
1777891778.5213325,0.0,3.0,-78.0
1777891778.5313325,1.0,1.0,-79.0
1777891778.5413325,0.0,1.0,-80.0
1777891778.5513325,1.0,2.0,-68.0
1777891778.5613325,3.0,0.0,-72.0
1777891778.5713325,2.0,0.0,-74.0
1777891778.5813324,-3.0,-1.0,-76.0
1777891778.5913324,-5.0,0.0,-73.0
1777891778.6013324,-6.0,-4.0,-70.0
1777891778.6113324,-4.0,-4.0,-71.0
1777891778.6213324,0.0,-8.0,-76.0
1777891778.6313324,2.0,-15.0,-76.0
1777891778.6413324,2.0,-13.0,-70.0
1777891778.6513324,3.0,-9.0,-66.0
1777891778.6613324,0.0,-7.0,-67.0
1777891778.6713324,6.0,-7.0,-67.0
1777891778.6813323,5.0,-9.0,-65.0
1777891778.6913323,3.0,-5.0,-66.0
1777891778.7013323,3.0,-5.0,-64.0
1777891778.7113323,6.0,-5.0,-63.0
1777891778.7213323,6.0,-5.0,-60.0
1777891778.7313323,5.0,-5.0,-56.0
1777891778.7413323,5.0,-3.0,-54.0
1777891778.7513323,3.0,-2.0,-60.0
1777891778.7613325,6.0,2.0,-62.0
1777891778.7713325,5.0,4.0,-69.0
1777891778.7813325,1.0,3.0,-67.0
1777891778.7913325,2.0,3.0,-67.0
1777891778.8013325,7.0,3.0,-77.0
1777891778.8113325,6.0,0.0,-78.0
1777891778.8213325,3.0,-1.0,-77.0
1777891778.8313324,0.0,-6.0,-80.0
1777891778.8413324,-2.0,-8.0,-81.0
1777891778.8513324,0.0,-4.0,-85.0
1777891778.8613324,0.0,-3.0,-81.0
1777891778.8713324,0.0,-3.0,-78.0
1777891778.8813324,-2.0,-5.0,-73.0
1777891778.8913324,1.0,-7.0,-81.0
1777891778.9013324,-2.0,-4.0,-79.0
1777891778.9113324,0.0,-7.0,-77.0
1777891778.9213324,0.0,-9.0,-73.0
1777891778.9313323,0.0,-6.0,-67.0
1777891778.9413323,-1.0,-5.0,-71.0
1777891778.9513323,0.0,0.0,-73.0
1777891778.9613323,1.0,0.0,-74.0
1777891778.9713323,2.0,0.0,-77.0
1777891778.9813323,0.0,-1.0,-76.0
1777891778.9913323,-2.0,-1.0,-77.0
1777891779.0013323,0.0,-2.0,-76.0
1777891779.0113325,1.0,-2.0,-77.0
1777891779.0213325,2.0,-5.0,-78.0
1777891779.0313325,3.0,-4.0,-77.0
1777891779.0413325,0.0,-6.0,-80.0
1777891779.0513325,0.0,-5.0,-75.0
1777891779.0613325,3.0,-3.0,-69.0
1777891779.0713325,3.0,-4.0,-67.0
1777891779.0813324,3.0,-3.0,-68.0
1777891779.0913324,1.0,-6.0,-69.0
1777891779.1013324,-5.0,-3.0,-66.0
1777891779.1113324,-6.0,0.0,-67.0
1777891779.1213324,-5.0,2.0,-65.0
1777891779.1313324,-9.0,-2.0,-61.0
1777891779.1413324,-10.0,-2.0,-56.0
1777891779.1513324,-9.0,-1.0,-54.0
1777891779.1613324,-8.0,0.0,-63.0
1777891779.1713324,-6.0,2.0,-63.0
1777891779.1813323,-4.0,3.0,-66.0
1777891779.1913323,3.0,2.0,-67.0
1777891779.2013323,2.0,0.0,-62.0
1777891779.2113323,0.0,-3.0,-68.0
1777891779.2213323,-2.0,0.0,-72.0
1777891779.2313323,-3.0,0.0,-78.0
1777891779.2413323,-6.0,3.0,-76.0
1777891779.2513323,3.0,-1.0,-76.0
1777891779.2613325,8.0,-4.0,-75.0
1777891779.2713325,6.0,-2.0,-74.0
1777891779.2813325,2.0,-2.0,-73.0
1777891779.2913325,5.0,0.0,-72.0
1777891779.3013325,7.0,3.0,-69.0
1777891779.3113325,8.0,4.0,-71.0
1777891779.3213325,7.0,6.0,-70.0
1777891779.3313324,7.0,7.0,-74.0
1777891779.3413324,9.0,5.0,-74.0
1777891779.3513324,11.0,6.0,-75.0
1777891779.3613324,9.0,5.0,-70.0
1777891779.3713324,6.0,3.0,-70.0
1777891779.3813324,4.0,2.0,-70.0
1777891779.3913324,8.0,2.0,-70.0
1777891779.4013324,8.0,0.0,-62.0
1777891779.4113324,7.0,-2.0,-62.0
1777891779.4213324,7.0,0.0,-69.0
1777891779.4313323,5.0,0.0,-70.0
1777891779.4413323,2.0,-1.0,-74.0
1777891779.4513323,4.0,2.0,-74.0
1777891779.4613323,6.0,0.0,-68.0
1777891779.4713323,8.0,0.0,-63.0
1777891779.4813323,1.0,0.0,-65.0
1777891779.4913323,0.0,-1.0,-71.0
1777891779.5013323,0.0,-2.0,-67.0
1777891779.5113325,-3.0,-3.0,-70.0
1777891779.5213325,-6.0,-4.0,-67.0
1777891779.5313325,-3.0,-7.0,-68.0
1777891779.5413325,-4.0,-1.0,-73.0
1777891779.5513325,-5.0,-2.0,-75.0
1777891779.5613325,-7.0,-3.0,-73.0
1777891779.5713325,-7.0,-2.0,-67.0
1777891779.5813324,-5.0,0.0,-74.0
1777891779.5913324,0.0,2.0,-78.0
1777891779.6013324,-3.0,0.0,-74.0
1777891779.6113324,-1.0,0.0,-71.0
1777891779.6213324,0.0,3.0,-74.0
1777891779.6313324,1.0,-1.0,-71.0
1777891779.6413324,1.0,-3.0,-72.0
1777891779.6513324,0.0,-4.0,-71.0
1777891779.6613324,2.0,-1.0,-74.0
1777891779.6713324,0.0,-4.0,-72.0
1777891779.6813323,6.0,-1.0,-75.0
1777891779.6913323,7.0,1.0,-74.0
1777891779.7013323,6.0,0.0,-68.0
1777891779.7113323,4.0,0.0,-67.0
1777891779.7213323,6.0,2.0,-71.0
1777891779.7313323,3.0,0.0,-70.0
1777891779.7413323,3.0,0.0,-69.0
1777891779.7513323,3.0,-2.0,-64.0
1777891779.7623324,2.0,-7.0,-65.0
1777891779.7723324,4.0,-5.0,-67.0
1777891779.7823324,4.0,-6.0,-77.0
1777891779.7923324,5.0,-2.0,-72.0
1777891779.8023324,0.0,0.0,-72.0
1777891779.8123324,-2.0,0.0,-70.0
1777891779.8223324,-1.0,-1.0,-72.0
1777891779.8323324,-1.0,-4.0,-77.0
1777891779.8423324,0.0,-2.0,-77.0
1777891779.8523324,2.0,-1.0,-77.0
1777891779.8623323,1.0,-1.0,-73.0
1777891779.8723323,7.0,-2.0,-67.0
1777891779.8823323,4.0,0.0,-63.0
1777891779.8923323,4.0,1.0,-64.0
1777891779.9023323,3.0,0.0,-73.0
1777891779.9123323,-2.0,0.0,-72.0
1777891779.9223323,-3.0,-5.0,-72.0
1777891779.9323325,-1.0,-6.0,-75.0
1777891779.9423325,0.0,-4.0,-74.0
1777891779.9523325,1.0,-5.0,-68.0
1777891779.9623325,2.0,-6.0,-73.0
1777891779.9723325,2.0,-7.0,-74.0
1777891779.9823325,1.0,-4.0,-75.0
1777891779.9923325,3.0,-2.0,-79.0
1777891780.0023324,2.0,0.0,-77.0
1777891780.0123324,6.0,0.0,-73.0
1777891780.0223324,0.0,-2.0,-76.0
1777891780.0323324,-2.0,-2.0,-74.0
1777891780.0423324,-2.0,-2.0,-73.0
1777891780.0523324,-3.0,2.0,-74.0
1777891780.0623324,-5.0,4.0,-73.0
1777891780.0723324,-3.0,0.0,-70.0
1777891780.0823324,-1.0,-1.0,-67.0
1777891780.0923324,-2.0,-4.0,-60.0
1777891780.1023324,0.0,-6.0,-58.0
1777891780.1123323,0.0,-5.0,-58.0
1777891780.1223323,1.0,-5.0,-62.0
1777891780.1323323,-1.0,-2.0,-64.0
1777891780.1423323,-3.0,-3.0,-62.0
1777891780.1523323,-4.0,-4.0,-69.0
1777891780.1623323,-6.0,-4.0,-68.0
1777891780.1723323,-7.0,-3.0,-75.0
1777891780.1823325,-4.0,0.0,-79.0
1777891780.1923325,-5.0,-1.0,-79.0
1777891780.2023325,2.0,-4.0,-72.0
1777891780.2123325,2.0,-3.0,-71.0
1777891780.2223325,5.0,-1.0,-71.0
1777891780.2323325,1.0,2.0,-66.0
1777891780.2423325,2.0,2.0,-71.0
1777891780.2523324,3.0,1.0,-69.0
1777891780.2623324,7.0,1.0,-66.0
1777891780.2723324,6.0,-1.0,-61.0
1777891780.2823324,3.0,-1.0,-59.0
1777891780.2923324,0.0,-1.0,-60.0
1777891780.3023324,-4.0,0.0,-70.0
1777891780.3123324,-1.0,-1.0,-72.0
1777891780.3223324,-3.0,-2.0,-75.0
1777891780.3323324,-3.0,-2.0,-78.0
1777891780.3423324,3.0,-6.0,-77.0
1777891780.3523324,0.0,-6.0,-78.0
1777891780.3623323,0.0,-6.0,-78.0
1777891780.3723323,-1.0,-9.0,-76.0
1777891780.3823323,0.0,-10.0,-77.0
1777891780.3923323,3.0,-5.0,-68.0
1777891780.4023323,11.0,-7.0,-76.0
1777891780.4123323,10.0,-5.0,-68.0
1777891780.4223323,7.0,-2.0,-64.0
1777891780.4323325,7.0,-5.0,-69.0
1777891780.4423325,7.0,-7.0,-66.0
1777891780.4523325,2.0,-5.0,-73.0
1777891780.4623325,3.0,-4.0,-74.0
1777891780.4723325,2.0,-5.0,-76.0
1777891780.4823325,2.0,-4.0,-74.0
1777891780.4923325,0.0,-3.0,-74.0
1777891780.5023324,0.0,-7.0,-79.0
1777891780.5123324,0.0,-5.0,-78.0
1777891780.5223324,-1.0,-7.0,-76.0
1777891780.5323324,0.0,-8.0,-77.0
1777891780.5423324,2.0,-5.0,-72.0
1777891780.5523324,3.0,-5.0,-76.0
1777891780.5623324,6.0,-6.0,-74.0
1777891780.5723324,5.0,-7.0,-76.0
1777891780.5823324,7.0,-2.0,-75.0
1777891780.5923324,9.0,-3.0,-74.0
1777891780.6023324,7.0,-3.0,-76.0
1777891780.6123323,2.0,-2.0,-73.0
1777891780.6223323,0.0,0.0,-75.0
1777891780.6323323,0.0,0.0,-73.0
1777891780.6423323,-1.0,-1.0,-76.0
1777891780.6523323,-3.0,0.0,-78.0
1777891780.6623323,2.0,-3.0,-78.0
1777891780.6723323,0.0,-7.0,-78.0
1777891780.6823325,3.0,-4.0,-75.0
1777891780.6923325,4.0,-4.0,-73.0
1777891780.7023325,5.0,-8.0,-73.0
1777891780.7123325,8.0,-8.0,-75.0
1777891780.7223325,9.0,-10.0,-80.0
1777891780.7323325,11.0,-10.0,-81.0
1777891780.7423325,12.0,-6.0,-84.0
1777891780.7523324,9.0,-4.0,-78.0
1777891780.7623324,4.0,-3.0,-79.0
1777891780.7723324,3.0,0.0,-76.0
1777891780.7823324,1.0,2.0,-79.0
1777891780.7923324,2.0,0.0,-69.0
1777891780.8023324,0.0,4.0,-68.0
1777891780.8123324,-2.0,1.0,-65.0
1777891780.8223324,1.0,-1.0,-65.0
1777891780.8323324,0.0,0.0,-62.0
1777891780.8423324,2.0,1.0,-67.0
1777891780.8523324,1.0,-2.0,-70.0
1777891780.8623323,0.0,-5.0,-68.0
1777891780.8723323,-1.0,0.0,-73.0
1777891780.8823323,0.0,3.0,-73.0
1777891780.8923323,0.0,-2.0,-68.0
1777891780.9023323,1.0,-1.0,-75.0
1777891780.9123323,0.0,-3.0,-76.0
1777891780.9223323,3.0,0.0,-69.0
1777891780.9323325,4.0,-1.0,-70.0
1777891780.9423325,3.0,2.0,-65.0
1777891780.9523325,3.0,0.0,-63.0
1777891780.9623325,2.0,-3.0,-68.0
1777891780.9723325,0.0,-4.0,-70.0
1777891780.9823325,-2.0,-3.0,-78.0
1777891780.9923325,0.0,-4.0,-72.0
1777891781.0023324,3.0,-6.0,-70.0
1777891781.0123324,2.0,-4.0,-70.0
1777891781.0223324,4.0,-5.0,-72.0
1777891781.0323324,0.0,-2.0,-73.0
1777891781.0423324,3.0,-4.0,-71.0
1777891781.0523324,0.0,-1.0,-74.0
1777891781.0623324,-1.0,-4.0,-78.0
1777891781.0723324,-1.0,-8.0,-76.0
1777891781.0823324,1.0,-5.0,-64.0
1777891781.0923324,3.0,-2.0,-62.0
1777891781.1023324,0.0,-4.0,-71.0
1777891781.1123323,1.0,-7.0,-71.0
1777891781.1223323,0.0,-5.0,-63.0
1777891781.1323323,-1.0,-4.0,-73.0
1777891781.1423323,4.0,-1.0,-72.0
1777891781.1523323,5.0,3.0,-68.0
1777891781.1623323,3.0,2.0,-69.0
1777891781.1723323,0.0,0.0,-71.0
1777891781.1823325,2.0,-2.0,-69.0
1777891781.1923325,3.0,-5.0,-66.0
1777891781.2023325,3.0,-6.0,-61.0
1777891781.2123325,0.0,-5.0,-60.0
1777891781.2223325,0.0,-2.0,-63.0
1777891781.2323325,-2.0,0.0,-77.0
1777891781.2423325,-4.0,3.0,-84.0
1777891781.2523324,-2.0,4.0,-81.0
1777891781.2623324,-1.0,6.0,-74.0
1777891781.2723324,-2.0,5.0,-70.0
1777891781.2823324,-1.0,0.0,-65.0
1777891781.2923324,0.0,-1.0,-66.0
1777891781.3023324,-2.0,0.0,-67.0
1777891781.3123324,0.0,4.0,-67.0
1777891781.3223324,1.0,1.0,-70.0
1777891781.3323324,1.0,0.0,-73.0
1777891781.3423324,0.0,2.0,-68.0
1777891781.3523324,1.0,2.0,-72.0
1777891781.3623323,3.0,0.0,-70.0
1777891781.3723323,3.0,2.0,-71.0
1777891781.3823323,4.0,0.0,-83.0
1777891781.3923323,2.0,0.0,-84.0
1777891781.4023323,1.0,-2.0,-81.0
1777891781.4123323,3.0,0.0,-82.0
1777891781.4223323,1.0,2.0,-78.0
1777891781.4323325,1.0,0.0,-69.0
1777891781.4423325,2.0,-2.0,-64.0
1777891781.4523325,0.0,-1.0,-63.0
1777891781.4623325,1.0,0.0,-61.0
1777891781.4723325,0.0,0.0,-70.0
1777891781.4823325,-1.0,0.0,-73.0
1777891781.4923325,1.0,-3.0,-76.0
1777891781.5023324,2.0,-3.0,-79.0
1777891781.5123324,3.0,0.0,-82.0
1777891781.5223324,4.0,-3.0,-81.0
1777891781.5323324,4.0,0.0,-83.0
1777891781.5423324,1.0,0.0,-79.0
1777891781.5523324,4.0,2.0,-66.0
1777891781.5623324,3.0,4.0,-63.0
1777891781.5723324,4.0,2.0,-62.0
1777891781.5823324,1.0,0.0,-65.0
1777891781.5923324,0.0,-1.0,-72.0
1777891781.6023324,3.0,0.0,-73.0
1777891781.6123323,2.0,0.0,-70.0
1777891781.6223323,4.0,2.0,-72.0
1777891781.6323323,-2.0,1.0,-69.0
1777891781.6423323,-1.0,0.0,-71.0
1777891781.6523323,6.0,-1.0,-68.0
1777891781.6623323,4.0,0.0,-66.0
1777891781.6723323,-3.0,-1.0,-63.0
1777891781.6823325,-6.0,2.0,-64.0
1777891781.6923325,-5.0,0.0,-61.0
1777891781.7023325,-3.0,0.0,-68.0
1777891781.7123325,3.0,0.0,-72.0
1777891781.7223325,0.0,-2.0,-74.0
1777891781.7323325,8.0,-6.0,-74.0
1777891781.7423325,6.0,-5.0,-71.0
1777891781.7533324,12.0,-2.0,-77.0
1777891781.7633324,16.0,-6.0,-71.0
1777891781.7733324,15.0,-7.0,-73.0
1777891781.7833323,11.0,-4.0,-64.0
1777891781.7933323,13.0,0.0,-71.0
1777891781.8033323,11.0,0.0,-78.0
1777891781.8133323,10.0,1.0,-85.0
1777891781.8233323,6.0,0.0,-81.0
1777891781.8333323,5.0,-4.0,-82.0
1777891781.8433323,2.0,-4.0,-80.0
1777891781.8533323,0.0,-2.0,-76.0
1777891781.8633325,1.0,0.0,-74.0
1777891781.8733325,1.0,0.0,-73.0
1777891781.8833325,0.0,1.0,-75.0
1777891781.8933325,2.0,3.0,-72.0
1777891781.9033325,0.0,-1.0,-80.0
1777891781.9133325,0.0,-3.0,-75.0
1777891781.9233325,0.0,-1.0,-78.0
1777891781.9333324,2.0,-3.0,-70.0
1777891781.9433324,2.0,0.0,-63.0
1777891781.9533324,2.0,0.0,-69.0
1777891781.9633324,-3.0,0.0,-65.0
1777891781.9733324,-4.0,1.0,-60.0
1777891781.9833324,-3.0,0.0,-66.0
1777891781.9933324,3.0,-4.0,-63.0
1777891782.0033324,7.0,0.0,-60.0
1777891782.0133324,1.0,1.0,-60.0
1777891782.0233324,0.0,1.0,-61.0
1777891782.0333323,0.0,-1.0,-72.0
1777891782.0433323,0.0,-2.0,-68.0
1777891782.0533323,0.0,-5.0,-62.0
1777891782.0633323,0.0,-9.0,-60.0
1777891782.0733323,3.0,-10.0,-59.0
1777891782.0833323,0.0,-6.0,-66.0
1777891782.0933323,0.0,-9.0,-69.0
1777891782.1033323,4.0,-8.0,-70.0
1777891782.1133325,5.0,-7.0,-62.0
1777891782.1233325,8.0,-6.0,-62.0
1777891782.1333325,3.0,-4.0,-59.0
1777891782.1433325,0.0,-4.0,-60.0
1777891782.1533325,-6.0,-3.0,-67.0
1777891782.1633325,-8.0,-4.0,-63.0
1777891782.1733325,-4.0,-2.0,-69.0
1777891782.1833324,-5.0,-2.0,-67.0
1777891782.1933324,-4.0,-3.0,-70.0
1777891782.2033324,1.0,1.0,-76.0
1777891782.2133324,1.0,1.0,-82.0
1777891782.2233324,-5.0,-1.0,-80.0
1777891782.2333324,-6.0,0.0,-82.0
1777891782.2433324,-4.0,2.0,-87.0
1777891782.2533324,1.0,-3.0,-89.0
1777891782.2633324,4.0,-2.0,-87.0
1777891782.2733324,0.0,-2.0,-83.0
1777891782.2833323,2.0,2.0,-79.0
1777891782.2933323,3.0,4.0,-73.0
1777891782.3033323,-1.0,0.0,-73.0
1777891782.3133323,-3.0,-2.0,-72.0
1777891782.3233323,1.0,-4.0,-72.0
1777891782.3333323,1.0,-6.0,-69.0
1777891782.3433323,-1.0,-4.0,-70.0
1777891782.3533323,0.0,0.0,-68.0
1777891782.3633325,2.0,0.0,-70.0
1777891782.3733325,3.0,-2.0,-73.0
1777891782.3833325,4.0,0.0,-76.0
1777891782.3933325,3.0,-1.0,-76.0
1777891782.4033325,1.0,0.0,-77.0
1777891782.4133325,1.0,1.0,-70.0
1777891782.4233325,0.0,-2.0,-64.0
1777891782.4333324,2.0,-6.0,-68.0
1777891782.4433324,8.0,-3.0,-68.0
1777891782.4533324,9.0,-6.0,-63.0
1777891782.4633324,6.0,-8.0,-61.0
1777891782.4733324,6.0,-10.0,-63.0
1777891782.4833324,6.0,-13.0,-62.0
1777891782.4933324,6.0,-12.0,-57.0
1777891782.5033324,5.0,-11.0,-61.0
1777891782.5133324,4.0,-8.0,-68.0
1777891782.5233324,7.0,-3.0,-70.0
1777891782.5333323,5.0,1.0,-69.0
1777891782.5433323,5.0,-2.0,-70.0
1777891782.5533323,11.0,-2.0,-69.0
1777891782.5633323,8.0,1.0,-71.0
1777891782.5733323,4.0,3.0,-75.0
1777891782.5833323,2.0,6.0,-75.0
1777891782.5933323,1.0,5.0,-73.0
1777891782.6033323,7.0,2.0,-74.0
1777891782.6133325,3.0,0.0,-68.0
1777891782.6233325,4.0,0.0,-67.0
1777891782.6333325,8.0,0.0,-67.0
1777891782.6433325,9.0,-5.0,-69.0
1777891782.6533325,10.0,-4.0,-74.0
1777891782.6633325,13.0,-6.0,-72.0
1777891782.6733325,9.0,-1.0,-69.0
1777891782.6833324,4.0,0.0,-69.0
1777891782.6933324,8.0,-1.0,-74.0
1777891782.7033324,6.0,2.0,-70.0
1777891782.7133324,5.0,2.0,-70.0
1777891782.7233324,3.0,0.0,-69.0
1777891782.7333324,0.0,0.0,-74.0
1777891782.7433324,0.0,1.0,-73.0
1777891782.7533324,1.0,0.0,-79.0
1777891782.7633324,0.0,-5.0,-76.0
1777891782.7733324,2.0,-5.0,-78.0
1777891782.7833323,6.0,-3.0,-74.0
1777891782.7933323,2.0,-7.0,-74.0
1777891782.8033323,0.0,-11.0,-75.0
1777891782.8133323,0.0,-8.0,-77.0
1777891782.8233323,0.0,-3.0,-72.0
1777891782.8333323,1.0,-5.0,-70.0
1777891782.8433323,0.0,-4.0,-67.0
1777891782.8533323,2.0,-3.0,-65.0
1777891782.8633325,4.0,-4.0,-65.0
1777891782.8733325,3.0,0.0,-66.0
1777891782.8833325,2.0,5.0,-64.0
1777891782.8933325,-1.0,4.0,-58.0
1777891782.9033325,-9.0,0.0,-56.0
1777891782.9133325,-8.0,-2.0,-57.0
1777891782.9233325,-6.0,-6.0,-60.0
1777891782.9333324,-3.0,-3.0,-63.0
1777891782.9433324,-2.0,-4.0,-72.0
1777891782.9533324,2.0,-3.0,-69.0
1777891782.9633324,-1.0,-5.0,-71.0
1777891782.9733324,-3.0,0.0,-68.0
1777891782.9833324,1.0,0.0,-72.0
1777891782.9933324,3.0,-1.0,-66.0
1777891783.0033324,1.0,0.0,-67.0
1777891783.0133324,1.0,1.0,-71.0
1777891783.0233324,-2.0,0.0,-73.0
1777891783.0333323,-1.0,0.0,-75.0
1777891783.0433323,0.0,-7.0,-75.0
1777891783.0533323,0.0,-7.0,-73.0
1777891783.0633323,0.0,-7.0,-75.0
1777891783.0733323,-1.0,-3.0,-71.0
1777891783.0833323,0.0,0.0,-68.0
1777891783.0933323,-1.0,-4.0,-66.0
1777891783.1033323,-5.0,-4.0,-63.0
1777891783.1133325,-5.0,-2.0,-61.0
1777891783.1233325,-5.0,-3.0,-64.0
1777891783.1333325,0.0,-3.0,-61.0
1777891783.1433325,5.0,-3.0,-57.0
1777891783.1533325,2.0,-2.0,-56.0
1777891783.1633325,2.0,-1.0,-57.0
1777891783.1733325,5.0,0.0,-60.0
1777891783.1833324,4.0,0.0,-59.0
1777891783.1933324,4.0,0.0,-62.0
1777891783.2033324,3.0,-2.0,-72.0
1777891783.2133324,4.0,-3.0,-67.0
1777891783.2233324,5.0,-5.0,-67.0
1777891783.2333324,4.0,-5.0,-67.0
1777891783.2433324,3.0,-4.0,-70.0
1777891783.2533324,0.0,-5.0,-74.0
1777891783.2633324,1.0,-1.0,-67.0
1777891783.2733324,-2.0,-1.0,-67.0
1777891783.2833323,-7.0,5.0,-72.0
1777891783.2933323,-4.0,4.0,-74.0
1777891783.3033323,-10.0,4.0,-81.0
1777891783.3133323,-9.0,0.0,-77.0
1777891783.3233323,-4.0,0.0,-79.0
1777891783.3333323,-3.0,-3.0,-82.0
1777891783.3433323,-3.0,-2.0,-73.0
1777891783.3533323,0.0,0.0,-72.0
1777891783.3633325,3.0,-1.0,-67.0
1777891783.3733325,6.0,3.0,-65.0
1777891783.3833325,3.0,0.0,-70.0
1777891783.3933325,9.0,-4.0,-71.0
1777891783.4033325,5.0,-2.0,-76.0
1777891783.4133325,3.0,-2.0,-88.0
1777891783.4233325,1.0,-3.0,-85.0
1777891783.4333324,3.0,-2.0,-79.0
1777891783.4433324,8.0,0.0,-75.0
1777891783.4533324,7.0,2.0,-81.0
1777891783.4633324,6.0,0.0,-80.0
1777891783.4733324,1.0,-1.0,-82.0
1777891783.4833324,4.0,0.0,-90.0
1777891783.4933324,8.0,2.0,-87.0
1777891783.5033324,5.0,3.0,-90.0
1777891783.5133324,4.0,2.0,-84.0
1777891783.5233324,1.0,1.0,-80.0
1777891783.5333323,-2.0,-2.0,-82.0
1777891783.5433323,1.0,0.0,-81.0
1777891783.5533323,5.0,2.0,-80.0
1777891783.5633323,0.0,1.0,-78.0
1777891783.5733323,2.0,-2.0,-77.0
1777891783.5833323,0.0,-1.0,-70.0
1777891783.5933323,0.0,0.0,-74.0
1777891783.6033323,0.0,0.0,-70.0
1777891783.6133325,-1.0,0.0,-72.0
1777891783.6233325,-6.0,0.0,-72.0
1777891783.6333325,-6.0,0.0,-73.0
1777891783.6433325,-3.0,0.0,-71.0
1777891783.6533325,-4.0,0.0,-74.0
1777891783.6633325,0.0,2.0,-72.0
1777891783.6733325,-1.0,1.0,-70.0
1777891783.6833324,0.0,0.0,-69.0
1777891783.6933324,0.0,1.0,-70.0
1777891783.7033324,-1.0,-4.0,-69.0
1777891783.7133324,-3.0,-3.0,-76.0
1777891783.7243323,0.0,-3.0,-76.0
1777891783.7343323,3.0,-2.0,-84.0
1777891783.7443323,0.0,-7.0,-81.0
1777891783.7543323,4.0,-5.0,-79.0
1777891783.7643323,3.0,-3.0,-76.0
1777891783.7743323,5.0,0.0,-77.0
1777891783.7843325,4.0,0.0,-77.0
1777891783.7943325,3.0,-2.0,-73.0
1777891783.8043325,5.0,0.0,-73.0
1777891783.8143325,3.0,-2.0,-72.0
1777891783.8243325,0.0,-1.0,-71.0
1777891783.8343325,4.0,0.0,-79.0
1777891783.8443325,0.0,4.0,-77.0
1777891783.8543324,-1.0,5.0,-74.0
1777891783.8643324,-3.0,2.0,-77.0
1777891783.8743324,-4.0,1.0,-81.0
1777891783.8843324,-9.0,0.0,-79.0
1777891783.8943324,-8.0,-2.0,-81.0
1777891783.9043324,-8.0,-2.0,-77.0
1777891783.9143324,-8.0,1.0,-72.0
1777891783.9243324,0.0,5.0,-69.0
1777891783.9343324,0.0,1.0,-70.0
1777891783.9443324,0.0,2.0,-72.0
1777891783.9543324,0.0,1.0,-79.0
1777891783.9643323,4.0,0.0,-79.0
1777891783.9743323,3.0,-1.0,-75.0
1777891783.9843323,6.0,-10.0,-75.0
1777891783.9943323,5.0,-9.0,-76.0
1777891784.0043323,0.0,-6.0,-79.0
1777891784.0143323,2.0,-4.0,-83.0
1777891784.0243323,0.0,-3.0,-85.0
1777891784.0343325,0.0,0.0,-83.0
1777891784.0443325,-1.0,-3.0,-75.0
1777891784.0543325,6.0,-3.0,-72.0
1777891784.0643325,6.0,0.0,-76.0
1777891784.0743325,5.0,2.0,-75.0
1777891784.0843325,3.0,0.0,-72.0
1777891784.0943325,4.0,1.0,-68.0
1777891784.1043324,1.0,-4.0,-62.0
1777891784.1143324,0.0,-4.0,-62.0
1777891784.1243324,0.0,0.0,-68.0
1777891784.1343324,-1.0,2.0,-71.0
1777891784.1443324,0.0,-1.0,-70.0
1777891784.1543324,1.0,-1.0,-68.0
1777891784.1643324,2.0,0.0,-65.0
1777891784.1743324,-1.0,0.0,-70.0
1777891784.1843324,-4.0,-1.0,-70.0
1777891784.1943324,0.0,-4.0,-70.0
1777891784.2043324,9.0,-4.0,-73.0
1777891784.2143323,10.0,-6.0,-75.0
1777891784.2243323,7.0,-6.0,-77.0
1777891784.2343323,7.0,-7.0,-76.0
1777891784.2443323,7.0,-5.0,-80.0
1777891784.2543323,7.0,-4.0,-77.0
1777891784.2643323,7.0,-2.0,-81.0
1777891784.2743323,4.0,0.0,-82.0
1777891784.2843325,0.0,3.0,-78.0
1777891784.2943325,1.0,0.0,-76.0
1777891784.3043325,2.0,1.0,-68.0
1777891784.3143325,2.0,0.0,-66.0
1777891784.3243325,1.0,0.0,-66.0
1777891784.3343325,0.0,0.0,-63.0
1777891784.3443325,3.0,-1.0,-69.0
1777891784.3543324,6.0,-1.0,-71.0
1777891784.3643324,7.0,2.0,-76.0
1777891784.3743324,2.0,-3.0,-75.0
1777891784.3843324,4.0,-5.0,-74.0
1777891784.3943324,3.0,-6.0,-73.0
1777891784.4043324,5.0,-5.0,-81.0
1777891784.4143324,3.0,-3.0,-79.0
1777891784.4243324,2.0,-5.0,-82.0
1777891784.4343324,-1.0,-5.0,-85.0
1777891784.4443324,1.0,0.0,-82.0
1777891784.4543324,5.0,-4.0,-75.0
1777891784.4643323,4.0,-3.0,-74.0
1777891784.4743323,7.0,-2.0,-69.0
1777891784.4843323,8.0,1.0,-74.0
1777891784.4943323,6.0,0.0,-72.0
1777891784.5043323,10.0,2.0,-71.0
1777891784.5143323,6.0,3.0,-72.0
1777891784.5243323,7.0,3.0,-80.0
1777891784.5343325,10.0,2.0,-84.0
1777891784.5443325,7.0,1.0,-81.0
1777891784.5543325,6.0,1.0,-79.0
1777891784.5643325,3.0,0.0,-79.0
1777891784.5743325,4.0,1.0,-81.0
1777891784.5843325,0.0,-3.0,-78.0
1777891784.5943325,-1.0,-7.0,-72.0
1777891784.6043324,-3.0,-5.0,-69.0
1777891784.6143324,-3.0,-1.0,-69.0
1777891784.6243324,-2.0,-1.0,-76.0
1777891784.6343324,-2.0,-2.0,-73.0
1777891784.6443324,-5.0,0.0,-78.0
1777891784.6543324,-6.0,-1.0,-82.0
1777891784.6643324,-3.0,-1.0,-84.0
1777891784.6743324,-5.0,-4.0,-77.0
1777891784.6843324,-7.0,-5.0,-74.0
1777891784.6943324,-3.0,-4.0,-74.0
1777891784.7043324,-4.0,1.0,-72.0
1777891784.7143323,-3.0,2.0,-72.0
1777891784.7243323,-3.0,3.0,-76.0
1777891784.7343323,-1.0,1.0,-69.0
1777891784.7443323,0.0,0.0,-56.0
1777891784.7543323,0.0,-1.0,-56.0
1777891784.7643323,-2.0,-3.0,-61.0
1777891784.7743323,-4.0,-5.0,-65.0
1777891784.7843325,-8.0,-1.0,-73.0
1777891784.7943325,-7.0,1.0,-71.0
1777891784.8043325,-9.0,3.0,-67.0
1777891784.8143325,-8.0,2.0,-66.0
1777891784.8243325,-7.0,3.0,-68.0
1777891784.8343325,-4.0,0.0,-70.0
1777891784.8443325,-4.0,0.0,-77.0
1777891784.8543324,0.0,-1.0,-77.0
1777891784.8643324,0.0,-2.0,-82.0
1777891784.8743324,0.0,-3.0,-80.0
1777891784.8843324,-2.0,0.0,-74.0
1777891784.8943324,0.0,2.0,-77.0
1777891784.9043324,4.0,1.0,-76.0
1777891784.9143324,4.0,-1.0,-77.0
1777891784.9243324,4.0,-4.0,-77.0
1777891784.9343324,1.0,-4.0,-78.0
1777891784.9443324,0.0,-8.0,-70.0
1777891784.9543324,-4.0,-9.0,-68.0
1777891784.9643323,-3.0,-5.0,-69.0
1777891784.9743323,5.0,-7.0,-71.0
1777891784.9843323,5.0,-6.0,-73.0
1777891784.9943323,4.0,-3.0,-70.0
1777891785.0043323,4.0,0.0,-74.0
1777891785.0143323,1.0,-6.0,-73.0
1777891785.0243323,3.0,-9.0,-72.0
1777891785.0343325,5.0,-6.0,-69.0
1777891785.0443325,6.0,-9.0,-69.0
1777891785.0543325,10.0,-7.0,-71.0
1777891785.0643325,6.0,-3.0,-68.0
1777891785.0743325,5.0,-3.0,-70.0
1777891785.0843325,3.0,-4.0,-64.0
1777891785.0943325,3.0,-1.0,-69.0
1777891785.1043324,8.0,-5.0,-75.0
1777891785.1143324,7.0,-3.0,-73.0
1777891785.1243324,10.0,-1.0,-74.0
1777891785.1343324,9.0,-5.0,-72.0
1777891785.1443324,10.0,-5.0,-67.0
1777891785.1543324,6.0,-4.0,-71.0
1777891785.1643324,2.0,-1.0,-71.0
1777891785.1743324,2.0,-3.0,-75.0
1777891785.1843324,0.0,-2.0,-74.0
1777891785.1943324,-3.0,4.0,-77.0
1777891785.2043324,-1.0,5.0,-79.0
1777891785.2143323,3.0,4.0,-77.0
1777891785.2243323,0.0,0.0,-73.0
1777891785.2343323,-3.0,-1.0,-71.0
1777891785.2443323,1.0,0.0,-72.0
1777891785.2543323,0.0,-2.0,-75.0
1777891785.2643323,3.0,0.0,-71.0
1777891785.2743323,4.0,0.0,-73.0
1777891785.2843325,5.0,-2.0,-76.0
1777891785.2943325,2.0,-2.0,-70.0
1777891785.3043325,-3.0,-3.0,-64.0
1777891785.3143325,-4.0,-2.0,-61.0
1777891785.3243325,-7.0,0.0,-68.0
1777891785.3343325,-7.0,0.0,-73.0
1777891785.3443325,-5.0,3.0,-67.0
1777891785.3543324,3.0,4.0,-68.0
1777891785.3643324,2.0,3.0,-68.0
1777891785.3743324,4.0,1.0,-62.0
1777891785.3843324,2.0,0.0,-58.0
1777891785.3943324,4.0,0.0,-58.0
1777891785.4043324,0.0,-2.0,-67.0
1777891785.4143324,-1.0,3.0,-70.0
1777891785.4243324,-4.0,3.0,-70.0
1777891785.4343324,-3.0,5.0,-73.0
1777891785.4443324,-4.0,1.0,-77.0
1777891785.4543324,-2.0,0.0,-76.0
1777891785.4643323,-4.0,0.0,-76.0
1777891785.4743323,-9.0,0.0,-75.0
1777891785.4843323,-9.0,3.0,-74.0
1777891785.4943323,-8.0,2.0,-74.0
1777891785.5043323,-3.0,0.0,-78.0
1777891785.5143323,-5.0,-1.0,-77.0
1777891785.5243323,-2.0,-1.0,-76.0
1777891785.5343325,-1.0,0.0,-81.0
1777891785.5443325,1.0,-1.0,-86.0
1777891785.5543325,0.0,1.0,-87.0
1777891785.5643325,0.0,0.0,-87.0
1777891785.5743325,0.0,2.0,-94.0
1777891785.5843325,0.0,1.0,-92.0
1777891785.5943325,-2.0,-1.0,-86.0
1777891785.6043324,0.0,0.0,-80.0
1777891785.6143324,5.0,-4.0,-76.0
1777891785.6243324,-1.0,-1.0,-81.0
1777891785.6343324,0.0,-1.0,-80.0
1777891785.6443324,0.0,-2.0,-82.0
1777891785.6543324,-2.0,-3.0,-79.0
1777891785.6643324,0.0,-2.0,-84.0
1777891785.6743324,-3.0,-6.0,-80.0
1777891785.6843324,-2.0,-1.0,-81.0
1777891785.6953323,-5.0,0.0,-83.0
1777891785.7043324,-4.0,0.0,-83.0
1777891785.7143323,-1.0,1.0,-77.0
1777891785.7253325,0.0,0.0,-75.0
1777891785.7353325,-4.0,1.0,-68.0
1777891785.7453325,0.0,2.0,-68.0
1777891785.7553325,-2.0,0.0,-76.0
1777891785.7653325,-2.0,-1.0,-68.0
1777891785.7753325,-2.0,-3.0,-66.0
1777891785.7853324,2.0,-1.0,-67.0
1777891785.7953324,4.0,0.0,-72.0
1777891785.8053324,6.0,2.0,-70.0
1777891785.8153324,6.0,6.0,-67.0
1777891785.8253324,7.0,3.0,-67.0
1777891785.8353324,9.0,1.0,-68.0
1777891785.8453324,8.0,-3.0,-73.0
1777891785.8553324,7.0,-1.0,-79.0
1777891785.8653324,4.0,-1.0,-80.0
1777891785.8753324,3.0,0.0,-84.0
1777891785.8853323,1.0,5.0,-78.0
1777891785.8953323,0.0,4.0,-72.0
1777891785.9053323,5.0,4.0,-70.0
1777891785.9153323,5.0,0.0,-78.0
1777891785.9253323,5.0,4.0,-74.0
1777891785.9353323,0.0,0.0,-79.0
1777891785.9453323,-2.0,0.0,-81.0
1777891785.9553325,-4.0,0.0,-75.0
1777891785.9653325,1.0,-1.0,-75.0
1777891785.9753325,1.0,-3.0,-76.0
1777891785.9853325,-1.0,-1.0,-72.0
1777891785.9953325,-5.0,-4.0,-71.0
1777891786.0053325,-8.0,0.0,-69.0
1777891786.0153325,-5.0,0.0,-67.0
1777891786.0253325,-3.0,0.0,-63.0
1777891786.0353324,-3.0,-3.0,-69.0
1777891786.0453324,0.0,-3.0,-78.0
1777891786.0553324,-2.0,-4.0,-73.0
1777891786.0653324,-4.0,0.0,-75.0
1777891786.0753324,0.0,1.0,-78.0
1777891786.0853324,0.0,1.0,-82.0
1777891786.0953324,4.0,0.0,-87.0
1777891786.1053324,0.0,1.0,-79.0
1777891786.1153324,-1.0,2.0,-82.0
1777891786.1253324,-2.0,1.0,-78.0
1777891786.1353323,-2.0,-2.0,-75.0
1777891786.1453323,0.0,1.0,-71.0
1777891786.1553323,0.0,3.0,-67.0
1777891786.1653323,-2.0,0.0,-66.0
1777891786.1753323,0.0,-4.0,-65.0
1777891786.1853323,0.0,-6.0,-68.0
1777891786.1953323,0.0,-1.0,-73.0
1777891786.2053325,0.0,-1.0,-76.0
1777891786.2153325,6.0,0.0,-79.0
1777891786.2253325,5.0,0.0,-80.0
1777891786.2353325,3.0,-1.0,-80.0
1777891786.2453325,0.0,0.0,-79.0
1777891786.2553325,2.0,-1.0,-82.0
1777891786.2653325,2.0,-1.0,-86.0
1777891786.2753325,4.0,-1.0,-84.0
1777891786.2853324,3.0,-1.0,-81.0
1777891786.2953324,2.0,0.0,-77.0
1777891786.3053324,3.0,0.0,-75.0
1777891786.3153324,4.0,2.0,-80.0
1777891786.3253324,2.0,3.0,-76.0
1777891786.3353324,3.0,8.0,-73.0
1777891786.3453324,2.0,4.0,-69.0
1777891786.3553324,3.0,2.0,-75.0
1777891786.3653324,1.0,5.0,-81.0
1777891786.3753324,5.0,6.0,-75.0
1777891786.3853323,6.0,6.0,-76.0
1777891786.3953323,5.0,10.0,-69.0
1777891786.4053323,2.0,4.0,-66.0
1777891786.4153323,0.0,5.0,-65.0
1777891786.4253323,0.0,1.0,-59.0
1777891786.4353323,0.0,2.0,-56.0
1777891786.4453323,2.0,1.0,-64.0
1777891786.4553325,4.0,1.0,-71.0
1777891786.4653325,1.0,1.0,-74.0
1777891786.4753325,0.0,1.0,-77.0
1777891786.4853325,-4.0,0.0,-78.0
1777891786.4953325,-4.0,-1.0,-81.0
1777891786.5053325,1.0,-2.0,-77.0
1777891786.5153325,3.0,-1.0,-78.0
1777891786.5253325,5.0,-3.0,-77.0
1777891786.5353324,1.0,-2.0,-78.0
1777891786.5453324,-1.0,0.0,-71.0
1777891786.5553324,-4.0,0.0,-71.0
1777891786.5653324,-4.0,-5.0,-63.0
1777891786.5753324,-7.0,-6.0,-63.0
1777891786.5853324,-9.0,-3.0,-73.0
1777891786.5953324,-7.0,-3.0,-69.0
1777891786.6053324,-9.0,-3.0,-71.0
1777891786.6153324,-7.0,0.0,-78.0
1777891786.6253324,-9.0,1.0,-82.0
1777891786.6353323,-9.0,0.0,-83.0
1777891786.6453323,-7.0,2.0,-72.0
1777891786.6553323,-2.0,2.0,-64.0
1777891786.6653323,-4.0,-1.0,-64.0
1777891786.6753323,-3.0,1.0,-72.0
1777891786.6853323,-1.0,1.0,-76.0
1777891786.6953323,-4.0,5.0,-76.0
1777891786.7053325,-7.0,0.0,-63.0
1777891786.7153325,-4.0,-1.0,-70.0
1777891786.7253325,-4.0,-4.0,-77.0
1777891786.7353325,0.0,-4.0,-77.0
1777891786.7453325,0.0,-4.0,-74.0
1777891786.7553325,0.0,-1.0,-76.0
1777891786.7653325,0.0,0.0,-78.0
1777891786.7753325,-5.0,5.0,-78.0
1777891786.7853324,-7.0,3.0,-84.0
1777891786.7953324,-3.0,3.0,-77.0
1777891786.8053324,0.0,0.0,-82.0
1777891786.8153324,0.0,-2.0,-84.0
1777891786.8253324,0.0,-2.0,-82.0
1777891786.8353324,-3.0,0.0,-78.0
1777891786.8453324,-5.0,0.0,-74.0
1777891786.8553324,-3.0,0.0,-74.0
1777891786.8653324,-7.0,0.0,-71.0
1777891786.8753324,-4.0,1.0,-73.0
1777891786.8853323,-1.0,0.0,-63.0
1777891786.8953323,-1.0,-4.0,-59.0
1777891786.9053323,1.0,-1.0,-60.0
1777891786.9153323,1.0,-1.0,-64.0
1777891786.9253323,1.0,0.0,-69.0
1777891786.9353323,0.0,0.0,-67.0
1777891786.9453323,3.0,-1.0,-69.0
1777891786.9553325,5.0,-3.0,-74.0
1777891786.9653325,7.0,0.0,-71.0
1777891786.9753325,6.0,0.0,-60.0
1777891786.9853325,5.0,-3.0,-61.0
1777891786.9953325,2.0,-2.0,-63.0
1777891787.0053325,-1.0,-3.0,-64.0
1777891787.0153325,1.0,0.0,-68.0
1777891787.0253325,-1.0,-1.0,-72.0
1777891787.0353324,-1.0,-7.0,-75.0
1777891787.0453324,0.0,-3.0,-78.0
1777891787.0553324,0.0,-6.0,-80.0
1777891787.0653324,-1.0,-5.0,-80.0
1777891787.0753324,-3.0,-6.0,-82.0
1777891787.0853324,-6.0,-2.0,-81.0
1777891787.0953324,-4.0,-5.0,-78.0
1777891787.1053324,-7.0,-8.0,-73.0
1777891787.1153324,-6.0,-2.0,-64.0
1777891787.1253324,-1.0,0.0,-58.0
1777891787.1353323,0.0,-2.0,-54.0
1777891787.1453323,0.0,0.0,-61.0
1777891787.1553323,0.0,0.0,-66.0
1777891787.1653323,1.0,-2.0,-67.0
1777891787.1753323,-4.0,0.0,-68.0
1777891787.1853323,-4.0,0.0,-75.0
1777891787.1953323,-2.0,0.0,-73.0
1777891787.2053325,1.0,-2.0,-74.0
1777891787.2153325,2.0,-7.0,-75.0
1777891787.2253325,0.0,-2.0,-73.0
1777891787.2353325,1.0,-3.0,-69.0
1777891787.2453325,3.0,2.0,-72.0
1777891787.2553325,1.0,0.0,-71.0
1777891787.2653325,-2.0,-1.0,-68.0
1777891787.2753325,-2.0,0.0,-69.0
1777891787.2853324,-1.0,2.0,-70.0
1777891787.2953324,0.0,0.0,-72.0
1777891787.3053324,-2.0,0.0,-72.0
1777891787.3153324,0.0,2.0,-66.0
1777891787.3253324,5.0,0.0,-68.0
1777891787.3353324,1.0,-4.0,-72.0
1777891787.3453324,1.0,-5.0,-69.0
1777891787.3553324,1.0,-3.0,-74.0
1777891787.3653324,1.0,0.0,-78.0
1777891787.3753324,-1.0,0.0,-73.0
1777891787.3853323,0.0,0.0,-75.0
1777891787.3953323,3.0,0.0,-77.0
1777891787.4053323,2.0,0.0,-77.0
1777891787.4153323,1.0,-2.0,-73.0
1777891787.4253323,-2.0,0.0,-71.0
1777891787.4353323,-1.0,0.0,-76.0
1777891787.4453323,4.0,7.0,-80.0
1777891787.4553325,1.0,5.0,-80.0
1777891787.4653325,3.0,4.0,-83.0
1777891787.4753325,2.0,0.0,-81.0
1777891787.4853325,3.0,2.0,-79.0
1777891787.4953325,4.0,4.0,-80.0
1777891787.5053325,2.0,3.0,-71.0
1777891787.5153325,4.0,5.0,-72.0
1777891787.5253325,0.0,6.0,-70.0
1777891787.5353324,-3.0,5.0,-70.0
1777891787.5453324,-4.0,5.0,-69.0
1777891787.5553324,-3.0,3.0,-72.0
1777891787.5653324,-4.0,2.0,-68.0
1777891787.5753324,-7.0,1.0,-69.0
1777891787.5853324,-6.0,0.0,-67.0
1777891787.5953324,-3.0,0.0,-71.0
1777891787.6053324,-1.0,0.0,-67.0
1777891787.6153324,1.0,0.0,-67.0
1777891787.6253324,4.0,-3.0,-67.0
1777891787.6353323,6.0,0.0,-66.0
1777891787.6453323,5.0,-5.0,-63.0
1777891787.6553323,2.0,-4.0,-69.0
1777891787.6653323,2.0,0.0,-73.0
1777891787.6753323,-2.0,0.0,-73.0
1777891787.6853323,1.0,4.0,-71.0
1777891787.6953323,2.0,5.0,-68.0
1777891787.7053325,1.0,7.0,-68.0
1777891787.7163324,-1.0,3.0,-62.0
1777891787.7263324,-5.0,1.0,-65.0
1777891787.7363324,-5.0,-1.0,-71.0
1777891787.7463324,-7.0,0.0,-73.0
1777891787.7563324,-9.0,3.0,-77.0
1777891787.7663324,-9.0,2.0,-77.0
1777891787.7763324,-2.0,-1.0,-75.0
1777891787.7863324,-2.0,-4.0,-74.0
1777891787.7963324,4.0,-1.0,-75.0
1777891787.8063323,2.0,-5.0,-77.0
1777891787.8163323,0.0,-5.0,-74.0
1777891787.8263323,-1.0,-3.0,-71.0
1777891787.8363323,-4.0,-4.0,-72.0
1777891787.8463323,0.0,-2.0,-72.0
1777891787.8563323,3.0,1.0,-65.0
1777891787.8663323,1.0,5.0,-63.0
1777891787.8763323,2.0,7.0,-71.0
1777891787.8863325,1.0,8.0,-71.0
1777891787.8963325,0.0,3.0,-78.0
1777891787.9063325,-2.0,2.0,-77.0
1777891787.9163325,-3.0,0.0,-79.0
1777891787.9263325,-4.0,1.0,-78.0
1777891787.9363325,-4.0,-6.0,-72.0
1777891787.9463325,-3.0,-7.0,-63.0
1777891787.9563324,-3.0,-2.0,-59.0
1777891787.9663324,-2.0,-2.0,-59.0
1777891787.9763324,-5.0,-2.0,-60.0
1777891787.9863324,-2.0,1.0,-62.0
1777891787.9963324,-5.0,3.0,-61.0
1777891788.0063324,0.0,1.0,-59.0
1777891788.0163324,-1.0,0.0,-68.0
1777891788.0263324,-2.0,1.0,-74.0
1777891788.0363324,-1.0,1.0,-70.0
1777891788.0463324,-3.0,3.0,-64.0
1777891788.0563323,0.0,5.0,-62.0
1777891788.0663323,-3.0,6.0,-69.0
1777891788.0763323,0.0,7.0,-66.0
1777891788.0863323,-1.0,4.0,-65.0
1777891788.0963323,-4.0,2.0,-70.0
1777891788.1063323,-2.0,1.0,-76.0
1777891788.1163323,-2.0,0.0,-73.0
1777891788.1263323,1.0,-6.0,-77.0
1777891788.1363325,1.0,-5.0,-70.0
1777891788.1463325,1.0,-5.0,-71.0
1777891788.1563325,1.0,-4.0,-76.0
1777891788.1663325,0.0,-2.0,-78.0
1777891788.1763325,-1.0,-4.0,-80.0
1777891788.1863325,-5.0,-6.0,-78.0
1777891788.1963325,-3.0,-2.0,-82.0
1777891788.2063324,0.0,-1.0,-83.0
1777891788.2163324,-1.0,-4.0,-79.0
1777891788.2263324,-2.0,-1.0,-80.0
1777891788.2363324,0.0,-2.0,-78.0
1777891788.2463324,-2.0,0.0,-80.0
1777891788.2563324,-1.0,-1.0,-78.0
1777891788.2663324,-6.0,-4.0,-76.0
1777891788.2763324,-9.0,-6.0,-73.0
1777891788.2863324,-9.0,-8.0,-70.0
1777891788.2963324,-1.0,-6.0,-71.0
1777891788.3063323,4.0,0.0,-75.0
1777891788.3163323,6.0,0.0,-78.0
1777891788.3263323,7.0,1.0,-70.0
1777891788.3363323,1.0,0.0,-70.0
1777891788.3463323,5.0,2.0,-66.0
1777891788.3563323,6.0,1.0,-63.0
1777891788.3663323,-1.0,2.0,-66.0
1777891788.3763323,-1.0,1.0,-76.0
1777891788.3863325,-4.0,2.0,-75.0
1777891788.3963325,-4.0,2.0,-69.0
1777891788.4063325,-4.0,2.0,-74.0
1777891788.4163325,1.0,6.0,-71.0
1777891788.4263325,1.0,7.0,-71.0
1777891788.4363325,3.0,5.0,-68.0
1777891788.4463325,2.0,8.0,-63.0
1777891788.4563324,-1.0,7.0,-69.0
1777891788.4663324,0.0,3.0,-70.0
1777891788.4763324,-1.0,1.0,-63.0
1777891788.4863324,-2.0,0.0,-59.0
1777891788.4963324,0.0,1.0,-66.0
1777891788.5063324,-2.0,1.0,-75.0
1777891788.5163324,0.0,4.0,-67.0
1777891788.5263324,0.0,7.0,-66.0
1777891788.5363324,-2.0,4.0,-69.0
1777891788.5463324,-1.0,4.0,-74.0
1777891788.5563323,1.0,1.0,-70.0
1777891788.5663323,0.0,3.0,-74.0
1777891788.5763323,0.0,5.0,-75.0
1777891788.5863323,-1.0,7.0,-74.0
1777891788.5963323,0.0,4.0,-75.0
1777891788.6063323,2.0,2.0,-74.0
1777891788.6163323,2.0,4.0,-75.0
1777891788.6263323,2.0,6.0,-78.0
1777891788.6363325,1.0,3.0,-79.0
1777891788.6463325,1.0,2.0,-76.0
1777891788.6563325,4.0,1.0,-78.0
1777891788.6663325,3.0,2.0,-70.0
1777891788.6763325,0.0,5.0,-70.0
1777891788.6863325,1.0,3.0,-71.0
1777891788.6963325,3.0,0.0,-71.0
1777891788.7063324,6.0,-3.0,-76.0
1777891788.7163324,5.0,-4.0,-73.0
1777891788.7263324,3.0,-5.0,-75.0
1777891788.7363324,4.0,-3.0,-77.0
1777891788.7463324,7.0,-1.0,-75.0
1777891788.7563324,7.0,-1.0,-77.0
1777891788.7663324,5.0,-2.0,-75.0
1777891788.7763324,6.0,-1.0,-72.0
1777891788.7863324,2.0,0.0,-71.0
1777891788.7963324,0.0,1.0,-68.0
1777891788.8063323,-3.0,0.0,-66.0
1777891788.8163323,-6.0,2.0,-63.0
1777891788.8263323,-1.0,6.0,-69.0
1777891788.8363323,-4.0,9.0,-62.0
1777891788.8463323,-2.0,8.0,-71.0
1777891788.8563323,-4.0,7.0,-75.0
1777891788.8663323,-3.0,8.0,-72.0
1777891788.8763323,-4.0,7.0,-70.0
1777891788.8863325,-4.0,5.0,-78.0
1777891788.8963325,-5.0,4.0,-84.0
1777891788.9063325,-6.0,3.0,-81.0
1777891788.9163325,-5.0,0.0,-79.0
1777891788.9263325,-7.0,0.0,-73.0
1777891788.9363325,-7.0,2.0,-71.0
1777891788.9463325,-1.0,3.0,-76.0
1777891788.9563324,-2.0,4.0,-72.0
1777891788.9663324,0.0,6.0,-72.0
1777891788.9763324,1.0,5.0,-66.0
1777891788.9863324,4.0,3.0,-64.0
1777891788.9963324,0.0,4.0,-66.0
1777891789.0063324,0.0,5.0,-71.0
1777891789.0163324,-1.0,4.0,-76.0
1777891789.0263324,-5.0,0.0,-81.0
1777891789.0363324,-8.0,-2.0,-77.0
1777891789.0463324,-8.0,-3.0,-77.0
1777891789.0563323,-8.0,2.0,-75.0
1777891789.0663323,-8.0,5.0,-76.0
1777891789.0763323,-5.0,4.0,-77.0
1777891789.0863323,-4.0,2.0,-76.0
1777891789.0963323,0.0,2.0,-73.0
1777891789.1063323,-1.0,0.0,-67.0
1777891789.1163323,-1.0,-1.0,-67.0
1777891789.1263323,-3.0,1.0,-69.0
1777891789.1363325,-3.0,0.0,-70.0
1777891789.1463325,0.0,0.0,-69.0
1777891789.1563325,4.0,-3.0,-70.0
1777891789.1663325,3.0,-5.0,-66.0
1777891789.1763325,4.0,-7.0,-66.0
1777891789.1863325,2.0,-9.0,-74.0
1777891789.1963325,0.0,-8.0,-75.0
1777891789.2063324,4.0,-3.0,-79.0
1777891789.2163324,9.0,-4.0,-78.0
1777891789.2263324,8.0,-3.0,-82.0
1777891789.2363324,0.0,-1.0,-76.0
1777891789.2463324,1.0,2.0,-78.0
1777891789.2563324,2.0,1.0,-66.0
1777891789.2663324,2.0,4.0,-72.0
1777891789.2763324,0.0,4.0,-77.0
1777891789.2863324,-3.0,2.0,-73.0
1777891789.2963324,-3.0,0.0,-76.0
1777891789.3063323,0.0,1.0,-80.0
1777891789.3163323,-2.0,0.0,-78.0
1777891789.3263323,-2.0,2.0,-75.0
1777891789.3363323,-9.0,2.0,-68.0
1777891789.3463323,-5.0,4.0,-63.0
1777891789.3563323,-1.0,2.0,-64.0
1777891789.3663323,0.0,1.0,-69.0
1777891789.3763323,0.0,0.0,-71.0
1777891789.3863325,-1.0,0.0,-76.0
1777891789.3963325,-1.0,-2.0,-75.0
1777891789.4063325,1.0,-1.0,-78.0
1777891789.4163325,5.0,-5.0,-76.0
1777891789.4263325,4.0,-2.0,-78.0
1777891789.4363325,3.0,1.0,-84.0
1777891789.4463325,0.0,-3.0,-87.0
1777891789.4563324,0.0,2.0,-86.0
1777891789.4663324,0.0,3.0,-85.0
1777891789.4763324,0.0,5.0,-82.0
1777891789.4863324,-1.0,7.0,-79.0
1777891789.4963324,4.0,3.0,-80.0
1777891789.5063324,5.0,1.0,-78.0
1777891789.5163324,0.0,0.0,-80.0
1777891789.5263324,-1.0,2.0,-81.0
1777891789.5363324,3.0,6.0,-81.0
1777891789.5463324,4.0,6.0,-78.0
1777891789.5563323,0.0,2.0,-70.0
1777891789.5663323,1.0,6.0,-71.0
1777891789.5763323,0.0,3.0,-71.0
1777891789.5863323,1.0,3.0,-74.0
1777891789.5963323,4.0,5.0,-78.0
1777891789.6063323,0.0,2.0,-81.0
1777891789.6163323,0.0,1.0,-81.0
1777891789.6263323,-1.0,0.0,-75.0
1777891789.6363325,0.0,0.0,-78.0
1777891789.6463325,0.0,0.0,-82.0
1777891789.6563325,2.0,-3.0,-82.0
1777891789.6663325,3.0,-5.0,-77.0
1777891789.6763325,9.0,-6.0,-82.0
1777891789.6863325,6.0,-7.0,-77.0
1777891789.6963325,3.0,-4.0,-67.0
1777891789.7073324,3.0,0.0,-59.0
1777891789.7173324,1.0,1.0,-56.0
1777891789.7273324,3.0,-1.0,-54.0
1777891789.7373323,1.0,0.0,-67.0
1777891789.7473323,1.0,-1.0,-74.0
1777891789.7573323,3.0,0.0,-73.0
1777891789.7673323,5.0,0.0,-68.0
1777891789.7773323,8.0,2.0,-73.0
1777891789.7873323,9.0,3.0,-74.0
1777891789.7973323,3.0,4.0,-71.0
1777891789.8073325,-1.0,0.0,-75.0
1777891789.8173325,-1.0,0.0,-73.0
1777891789.8273325,1.0,0.0,-72.0
1777891789.8373325,0.0,3.0,-70.0
1777891789.8473325,-2.0,3.0,-74.0
1777891789.8573325,4.0,0.0,-76.0
1777891789.8673325,8.0,0.0,-75.0
1777891789.8773324,11.0,-2.0,-74.0
1777891789.8873324,17.0,-3.0,-75.0
1777891789.8973324,13.0,-2.0,-76.0
1777891789.9073324,6.0,1.0,-77.0
1777891789.9173324,5.0,0.0,-77.0
1777891789.9273324,7.0,3.0,-82.0
1777891789.9373324,10.0,1.0,-79.0
1777891789.9473324,11.0,-1.0,-71.0
1777891789.9573324,11.0,-5.0,-71.0
1777891789.9673324,7.0,-5.0,-71.0
1777891789.9773324,5.0,-6.0,-71.0
1777891789.9873323,6.0,-12.0,-76.0
1777891789.9973323,5.0,-9.0,-76.0
1777891790.0073323,3.0,-5.0,-75.0
1777891790.0173323,-5.0,-4.0,-74.0
1777891790.0273323,3.0,0.0,-69.0
1777891790.0373323,2.0,0.0,-69.0
1777891790.0473323,2.0,-3.0,-67.0
1777891790.0573325,-2.0,-5.0,-67.0
1777891790.0673325,-4.0,0.0,-67.0
1777891790.0773325,-2.0,2.0,-76.0
1777891790.0873325,0.0,3.0,-82.0
1777891790.0973325,0.0,0.0,-82.0
1777891790.1073325,0.0,-4.0,-80.0
1777891790.1173325,-2.0,-7.0,-80.0
1777891790.1273324,-4.0,-6.0,-80.0
1777891790.1373324,-6.0,-6.0,-71.0
1777891790.1473324,-6.0,-4.0,-66.0
1777891790.1573324,-8.0,-4.0,-72.0
1777891790.1673324,-7.0,-3.0,-78.0
1777891790.1773324,-7.0,-2.0,-76.0
1777891790.1873324,-6.0,0.0,-73.0
1777891790.1973324,-3.0,-1.0,-71.0
1777891790.2073324,-1.0,-3.0,-69.0
1777891790.2173324,-2.0,-2.0,-65.0
1777891790.2273324,0.0,-4.0,-64.0
1777891790.2373323,-7.0,-5.0,-69.0
1777891790.2473323,-6.0,-5.0,-72.0
1777891790.2573323,-1.0,0.0,-75.0
1777891790.2673323,0.0,1.0,-76.0
1777891790.2773323,-3.0,2.0,-74.0
1777891790.2873323,-2.0,4.0,-81.0
1777891790.2973323,-3.0,3.0,-84.0
1777891790.3073325,-4.0,0.0,-77.0
1777891790.3173325,-5.0,0.0,-79.0
1777891790.3273325,-4.0,-3.0,-78.0
1777891790.3373325,-1.0,0.0,-74.0
1777891790.3473325,0.0,-3.0,-77.0
1777891790.3573325,0.0,-5.0,-72.0
1777891790.3673325,-1.0,-8.0,-80.0
1777891790.3773324,-4.0,-8.0,-84.0
1777891790.3873324,-6.0,-8.0,-88.0
1777891790.3973324,-5.0,-6.0,-82.0
1777891790.4073324,-5.0,-7.0,-83.0
1777891790.4173324,3.0,-10.0,-84.0
1777891790.4273324,5.0,-10.0,-87.0
1777891790.4373324,2.0,-6.0,-86.0
1777891790.4473324,0.0,-7.0,-83.0
1777891790.4573324,0.0,-4.0,-81.0
1777891790.4673324,1.0,-1.0,-75.0
1777891790.4773324,0.0,-2.0,-70.0
1777891790.4873323,-1.0,-2.0,-69.0
1777891790.4973323,2.0,-1.0,-71.0
1777891790.5073323,4.0,-2.0,-69.0
1777891790.5173323,6.0,-2.0,-67.0
1777891790.5273323,5.0,-1.0,-63.0
1777891790.5373323,5.0,0.0,-66.0
1777891790.5473323,6.0,2.0,-70.0
1777891790.5573325,2.0,3.0,-77.0
1777891790.5673325,-1.0,6.0,-75.0
1777891790.5773325,-3.0,5.0,-73.0
1777891790.5873325,2.0,2.0,-73.0
1777891790.5973325,0.0,1.0,-70.0
1777891790.6073325,1.0,-1.0,-66.0
1777891790.6173325,-2.0,1.0,-70.0
1777891790.6273324,-4.0,-3.0,-73.0
1777891790.6373324,-8.0,-3.0,-81.0
1777891790.6473324,-8.0,-5.0,-78.0
1777891790.6573324,-8.0,-8.0,-78.0
1777891790.6673324,-10.0,-7.0,-76.0
1777891790.6773324,-9.0,-1.0,-79.0
1777891790.6873324,-11.0,-2.0,-80.0
1777891790.6973324,-11.0,-6.0,-79.0
1777891790.7073324,-11.0,-1.0,-77.0
1777891790.7173324,-8.0,-5.0,-76.0
1777891790.7273324,-5.0,0.0,-76.0
1777891790.7373323,0.0,3.0,-78.0
1777891790.7473323,1.0,7.0,-78.0
1777891790.7573323,0.0,7.0,-82.0
1777891790.7673323,-8.0,4.0,-81.0
1777891790.7773323,-7.0,-2.0,-76.0
1777891790.7873323,-4.0,-2.0,-71.0
1777891790.7973323,-2.0,-1.0,-78.0
1777891790.8073325,-1.0,0.0,-83.0
1777891790.8173325,-2.0,2.0,-81.0
1777891790.8273325,0.0,2.0,-75.0
1777891790.8373325,0.0,1.0,-73.0
1777891790.8473325,1.0,1.0,-70.0
1777891790.8573325,0.0,1.0,-67.0
1777891790.8673325,-2.0,0.0,-68.0
1777891790.8773324,3.0,0.0,-73.0
1777891790.8873324,1.0,0.0,-80.0
1777891790.8973324,3.0,0.0,-78.0
1777891790.9073324,5.0,-4.0,-78.0
1777891790.9173324,5.0,-3.0,-80.0
1777891790.9273324,9.0,-4.0,-76.0
1777891790.9373324,0.0,-5.0,-75.0
1777891790.9473324,-3.0,-2.0,-74.0
1777891790.9573324,0.0,2.0,-73.0
1777891790.9673324,-3.0,4.0,-77.0
1777891790.9773324,-5.0,2.0,-82.0
1777891790.9873323,-7.0,0.0,-78.0
1777891790.9973323,-4.0,0.0,-74.0
1777891791.0073323,0.0,-1.0,-72.0
1777891791.0173323,-1.0,0.0,-78.0
1777891791.0273323,0.0,0.0,-78.0
1777891791.0373323,-3.0,1.0,-78.0
1777891791.0473323,-1.0,-3.0,-76.0
1777891791.0573325,-1.0,-4.0,-84.0
1777891791.0673325,-1.0,-7.0,-84.0
1777891791.0773325,-2.0,-3.0,-79.0
1777891791.0873325,0.0,-1.0,-79.0
1777891791.0973325,-2.0,0.0,-74.0
1777891791.1073325,-4.0,1.0,-69.0
1777891791.1173325,-3.0,7.0,-64.0
1777891791.1273324,-2.0,5.0,-65.0
1777891791.1373324,-3.0,4.0,-66.0
1777891791.1473324,0.0,1.0,-74.0
1777891791.1573324,0.0,1.0,-75.0
1777891791.1673324,5.0,0.0,-66.0
1777891791.1773324,2.0,0.0,-70.0
1777891791.1873324,4.0,1.0,-72.0
1777891791.1973324,0.0,-4.0,-75.0
1777891791.2073324,-2.0,-6.0,-73.0
1777891791.2173324,-2.0,-6.0,-73.0
1777891791.2273324,-1.0,-5.0,-79.0
1777891791.2373323,1.0,-9.0,-78.0
1777891791.2473323,4.0,-9.0,-77.0
1777891791.2573323,0.0,-9.0,-77.0
1777891791.2673323,2.0,-8.0,-76.0
1777891791.2773323,0.0,-6.0,-72.0
1777891791.2873323,0.0,-1.0,-68.0
1777891791.2973323,1.0,-2.0,-71.0
1777891791.3073325,0.0,1.0,-69.0
1777891791.3173325,6.0,0.0,-80.0
1777891791.3273325,5.0,-3.0,-75.0
1777891791.3373325,1.0,-3.0,-73.0
1777891791.3473325,0.0,-4.0,-72.0
1777891791.3573325,2.0,-2.0,-68.0
1777891791.3673325,0.0,-2.0,-73.0
1777891791.3773324,0.0,1.0,-78.0
1777891791.3873324,0.0,0.0,-80.0
1777891791.3973324,-2.0,0.0,-77.0
1777891791.4073324,-7.0,0.0,-79.0
1777891791.4173324,-7.0,0.0,-72.0
1777891791.4273324,-8.0,1.0,-72.0
1777891791.4373324,-10.0,2.0,-67.0
1777891791.4473324,-6.0,3.0,-70.0
1777891791.4573324,-4.0,3.0,-75.0
1777891791.4673324,-7.0,1.0,-71.0
1777891791.4773324,-3.0,0.0,-76.0
1777891791.4873323,-2.0,-2.0,-78.0
1777891791.4973323,0.0,0.0,-75.0
1777891791.5073323,1.0,0.0,-69.0
1777891791.5173323,1.0,-1.0,-68.0
1777891791.5273323,4.0,-5.0,-71.0
1777891791.5373323,2.0,-4.0,-71.0
1777891791.5473323,-1.0,-3.0,-68.0
1777891791.5573325,0.0,-3.0,-64.0
1777891791.5673325,3.0,-5.0,-64.0
1777891791.5773325,6.0,-8.0,-72.0
1777891791.5883324,7.0,-5.0,-67.0
1777891791.5973325,3.0,-6.0,-65.0
1777891791.6073325,0.0,-5.0,-70.0
1777891791.6173325,2.0,-3.0,-75.0
1777891791.6273324,0.0,1.0,-73.0
1777891791.6373324,0.0,3.0,-73.0
1777891791.6483324,0.0,-2.0,-71.0
1777891791.6583323,0.0,-2.0,-64.0
1777891791.6673324,-1.0,-2.0,-60.0
1777891791.6773324,-1.0,0.0,-65.0
1777891791.6873324,2.0,3.0,-58.0
1777891791.6983323,1.0,3.0,-63.0
1777891791.7083323,0.0,0.0,-67.0
1777891791.7183323,1.0,2.0,-74.0
1777891791.7283323,-3.0,1.0,-68.0
1777891791.7383325,-8.0,-2.0,-73.0
1777891791.7483325,-5.0,-3.0,-77.0
1777891791.7583325,-2.0,-4.0,-81.0
1777891791.7683325,3.0,-8.0,-78.0
1777891791.7783325,3.0,-4.0,-71.0
1777891791.7883325,6.0,-3.0,-72.0
1777891791.7983325,5.0,1.0,-73.0
1777891791.8083324,10.0,2.0,-70.0
1777891791.8183324,13.0,5.0,-78.0
1777891791.8283324,12.0,4.0,-77.0
1777891791.8383324,8.0,3.0,-76.0
1777891791.8483324,7.0,-2.0,-70.0
1777891791.8583324,5.0,-1.0,-69.0
1777891791.8683324,4.0,0.0,-65.0
1777891791.8783324,2.0,-2.0,-66.0
1777891791.8883324,1.0,-2.0,-72.0
1777891791.8983324,4.0,-3.0,-71.0
1777891791.9083323,1.0,-2.0,-71.0
1777891791.9183323,2.0,-2.0,-71.0
1777891791.9283323,0.0,-3.0,-68.0
1777891791.9383323,1.0,-1.0,-73.0
1777891791.9483323,3.0,2.0,-76.0
1777891791.9583323,1.0,4.0,-73.0
1777891791.9683323,4.0,4.0,-76.0
1777891791.9783323,1.0,2.0,-76.0
1777891791.9883325,5.0,2.0,-75.0
1777891791.9983325,1.0,0.0,-76.0
1777891792.0083325,1.0,-4.0,-67.0
1777891792.0183325,1.0,-2.0,-65.0
1777891792.0283325,1.0,-3.0,-58.0
1777891792.0383325,0.0,-3.0,-58.0
1777891792.0483325,-4.0,-6.0,-62.0
1777891792.0583324,-5.0,-3.0,-64.0
1777891792.0683324,-3.0,4.0,-70.0
1777891792.0783324,-3.0,0.0,-73.0
1777891792.0883324,-1.0,-2.0,-78.0
1777891792.0983324,-4.0,-1.0,-76.0
1777891792.1083324,1.0,-3.0,-78.0
1777891792.1183324,1.0,-5.0,-75.0
1777891792.1283324,0.0,-6.0,-73.0
1777891792.1383324,-2.0,-3.0,-79.0
1777891792.1483324,-2.0,-2.0,-83.0
1777891792.1583323,0.0,0.0,-87.0
1777891792.1683323,-5.0,0.0,-87.0
1777891792.1783323,-1.0,0.0,-82.0
1777891792.1883323,4.0,1.0,-78.0
1777891792.1983323,6.0,0.0,-80.0
1777891792.2083323,5.0,1.0,-84.0
1777891792.2183323,5.0,0.0,-75.0
1777891792.2283323,5.0,0.0,-71.0
1777891792.2383325,-1.0,-1.0,-75.0
1777891792.2483325,-2.0,0.0,-74.0
1777891792.2583325,-1.0,-2.0,-73.0
1777891792.2683325,0.0,-1.0,-74.0
1777891792.2783325,-2.0,0.0,-72.0
1777891792.2883325,-3.0,0.0,-74.0
1777891792.2983325,1.0,-1.0,-85.0
1777891792.3083324,-2.0,-5.0,-78.0
1777891792.3183324,-3.0,-3.0,-77.0
1777891792.3283324,0.0,2.0,-70.0
1777891792.3383324,0.0,0.0,-67.0
1777891792.3483324,0.0,0.0,-66.0
1777891792.3583324,1.0,0.0,-65.0
1777891792.3683324,3.0,1.0,-67.0
1777891792.3783324,3.0,1.0,-63.0
1777891792.3883324,7.0,5.0,-73.0
1777891792.3983324,5.0,1.0,-73.0
1777891792.4083323,4.0,1.0,-71.0
1777891792.4183323,8.0,-1.0,-69.0
1777891792.4283323,14.0,0.0,-63.0
1777891792.4383323,11.0,1.0,-68.0
1777891792.4483323,7.0,0.0,-79.0
1777891792.4583323,7.0,0.0,-78.0
1777891792.4683323,2.0,1.0,-78.0
1777891792.4783323,1.0,-1.0,-83.0
1777891792.4883325,-1.0,-1.0,-77.0
1777891792.4983325,-4.0,0.0,-75.0
1777891792.5083325,-4.0,-1.0,-65.0
1777891792.5183325,-3.0,-1.0,-66.0
1777891792.5283325,2.0,-2.0,-67.0
1777891792.5383325,-1.0,-1.0,-64.0
1777891792.5483325,0.0,5.0,-64.0
1777891792.5583324,0.0,4.0,-65.0
1777891792.5683324,0.0,2.0,-58.0
1777891792.5783324,-2.0,0.0,-57.0
1777891792.5883324,3.0,1.0,-58.0
1777891792.5983324,3.0,-3.0,-54.0
1777891792.6083324,0.0,-5.0,-55.0
1777891792.6183324,-3.0,-5.0,-63.0
1777891792.6283324,-4.0,-4.0,-63.0
1777891792.6383324,0.0,-2.0,-63.0
1777891792.6483324,1.0,2.0,-65.0
1777891792.6583323,1.0,-3.0,-63.0
1777891792.6683323,0.0,0.0,-62.0
1777891792.6783323,-3.0,3.0,-62.0
1777891792.6883323,-5.0,3.0,-60.0
1777891792.6983323,-6.0,5.0,-64.0
1777891792.7083323,-9.0,6.0,-63.0
1777891792.7183323,-3.0,3.0,-65.0
1777891792.7283323,0.0,0.0,-71.0
1777891792.7383325,1.0,2.0,-77.0
1777891792.7483325,4.0,2.0,-80.0
1777891792.7583325,6.0,2.0,-74.0
1777891792.7683325,8.0,5.0,-75.0
1777891792.7783325,2.0,5.0,-74.0
1777891792.7883325,2.0,0.0,-75.0
1777891792.7983325,4.0,1.0,-71.0
1777891792.8083324,3.0,3.0,-66.0
1777891792.8183324,1.0,1.0,-65.0
1777891792.8283324,2.0,-4.0,-66.0
1777891792.8383324,4.0,0.0,-64.0
1777891792.8483324,4.0,0.0,-63.0
1777891792.8583324,0.0,5.0,-63.0
1777891792.8683324,0.0,4.0,-66.0
1777891792.8783324,2.0,7.0,-64.0
1777891792.8883324,1.0,9.0,-67.0
1777891792.8983324,1.0,5.0,-69.0
1777891792.9083323,1.0,0.0,-64.0
1777891792.9183323,-1.0,-6.0,-60.0
1777891792.9283323,-5.0,-9.0,-63.0
1777891792.9383323,-4.0,-9.0,-70.0
1777891792.9483323,-4.0,-8.0,-70.0
1777891792.9583323,-5.0,-3.0,-73.0
1777891792.9683323,-7.0,0.0,-69.0
1777891792.9783323,-5.0,-2.0,-70.0
1777891792.9883325,-6.0,-1.0,-60.0
1777891792.9983325,-1.0,-1.0,-66.0
1777891793.0083325,0.0,-4.0,-71.0
1777891793.0183325,-3.0,-7.0,-73.0
1777891793.0283325,-2.0,-5.0,-73.0
1777891793.0383325,-3.0,-4.0,-83.0
1777891793.0483325,0.0,-6.0,-74.0
1777891793.0583324,0.0,-9.0,-63.0
1777891793.0683324,-3.0,-5.0,-56.0
1777891793.0783324,-3.0,-3.0,-55.0
1777891793.0883324,-2.0,-3.0,-59.0
1777891793.0983324,-4.0,-9.0,-59.0
1777891793.1083324,-4.0,-7.0,-65.0
1777891793.1183324,-2.0,-6.0,-63.0
1777891793.1283324,-7.0,-6.0,-67.0
1777891793.1383324,-8.0,-6.0,-62.0
1777891793.1483324,-7.0,-6.0,-62.0
1777891793.1583323,-4.0,-4.0,-65.0
1777891793.1683323,3.0,-3.0,-61.0
1777891793.1783323,7.0,-3.0,-67.0
1777891793.1883323,5.0,-1.0,-66.0
1777891793.1983323,3.0,2.0,-65.0
1777891793.2083323,0.0,0.0,-64.0
1777891793.2183323,-1.0,-2.0,-64.0
1777891793.2283323,0.0,-2.0,-59.0
1777891793.2383325,5.0,-1.0,-54.0
1777891793.2483325,3.0,0.0,-55.0
1777891793.2583325,8.0,0.0,-57.0
1777891793.2683325,5.0,2.0,-57.0
1777891793.2783325,3.0,-1.0,-60.0
1777891793.2883325,7.0,2.0,-66.0
1777891793.2983325,6.0,0.0,-70.0
1777891793.3083324,5.0,-1.0,-75.0
1777891793.3183324,2.0,-2.0,-70.0
1777891793.3283324,3.0,0.0,-73.0
1777891793.3383324,4.0,-1.0,-70.0
1777891793.3483324,5.0,-1.0,-58.0
1777891793.3583324,5.0,-5.0,-58.0
1777891793.3683324,5.0,-5.0,-57.0
1777891793.3783324,0.0,0.0,-62.0
1777891793.3883324,0.0,-5.0,-65.0
1777891793.3983324,2.0,0.0,-65.0
1777891793.4083323,5.0,0.0,-68.0
1777891793.4183323,3.0,2.0,-73.0
1777891793.4283323,2.0,-4.0,-77.0
1777891793.4383323,0.0,-2.0,-77.0
1777891793.4483323,0.0,-1.0,-74.0
1777891793.4583323,2.0,-1.0,-74.0
1777891793.4683323,6.0,-2.0,-76.0
1777891793.4783323,1.0,0.0,-76.0
1777891793.4883325,0.0,-1.0,-75.0
1777891793.4983325,1.0,-1.0,-74.0
1777891793.5083325,2.0,-4.0,-79.0
1777891793.5183325,-1.0,-1.0,-78.0
1777891793.5283325,-2.0,-3.0,-76.0
1777891793.5383325,-1.0,-1.0,-78.0
1777891793.5483325,-6.0,-1.0,-73.0
1777891793.5583324,-7.0,-8.0,-72.0
1777891793.5683324,-2.0,-4.0,-73.0
1777891793.5783324,-5.0,-4.0,-70.0
1777891793.5883324,0.0,-3.0,-64.0
1777891793.5983324,4.0,-5.0,-67.0
1777891793.6083324,8.0,-4.0,-65.0
1777891793.6183324,13.0,-7.0,-66.0
1777891793.6283324,13.0,-3.0,-66.0
1777891793.6383324,15.0,0.0,-68.0
1777891793.6483324,10.0,2.0,-70.0
1777891793.6583323,4.0,3.0,-77.0
1777891793.6683323,0.0,0.0,-76.0
1777891793.6783323,0.0,-3.0,-74.0
1777891793.6893325,0.0,-4.0,-73.0
1777891793.6993325,-4.0,-3.0,-72.0
1777891793.7093325,-2.0,-6.0,-70.0
1777891793.7193325,-1.0,-6.0,-72.0
1777891793.7293324,-3.0,-4.0,-76.0
1777891793.7393324,-2.0,-5.0,-74.0
1777891793.7493324,1.0,-4.0,-69.0
1777891793.7593324,1.0,0.0,-68.0
1777891793.7693324,2.0,-1.0,-68.0
1777891793.7793324,6.0,0.0,-71.0
1777891793.7893324,6.0,-1.0,-73.0
1777891793.7993324,4.0,-1.0,-69.0
1777891793.8093324,1.0,0.0,-65.0
1777891793.8193324,2.0,2.0,-70.0
1777891793.8293324,4.0,8.0,-69.0
1777891793.8393323,3.0,6.0,-69.0
1777891793.8493323,-1.0,4.0,-71.0
1777891793.8593323,0.0,-1.0,-73.0
1777891793.8693323,-3.0,2.0,-80.0
1777891793.8793323,-1.0,3.0,-75.0
1777891793.8893323,0.0,5.0,-70.0
1777891793.8993323,0.0,5.0,-67.0
1777891793.9093325,-1.0,4.0,-67.0
1777891793.9193325,1.0,1.0,-66.0
1777891793.9293325,-3.0,1.0,-72.0
1777891793.9393325,-1.0,0.0,-76.0
1777891793.9493325,0.0,0.0,-74.0
1777891793.9593325,1.0,-3.0,-73.0
1777891793.9693325,-3.0,-3.0,-72.0
1777891793.9793324,-4.0,-1.0,-64.0
1777891793.9893324,-3.0,-4.0,-66.0
1777891793.9993324,1.0,-6.0,-72.0
1777891794.0093324,0.0,-3.0,-76.0
1777891794.0193324,3.0,-3.0,-71.0
1777891794.0293324,3.0,0.0,-73.0
1777891794.0393324,1.0,3.0,-75.0
1777891794.0493324,1.0,2.0,-69.0
1777891794.0593324,5.0,2.0,-74.0
1777891794.0693324,5.0,3.0,-78.0
1777891794.0793324,7.0,3.0,-75.0
1777891794.0893323,13.0,0.0,-72.0
1777891794.0993323,12.0,0.0,-69.0
1777891794.1093323,12.0,-3.0,-71.0
1777891794.1193323,12.0,-3.0,-68.0
1777891794.1293323,11.0,-3.0,-80.0
1777891794.1393323,5.0,0.0,-79.0
1777891794.1493323,0.0,0.0,-79.0
1777891794.1593325,0.0,-1.0,-87.0
1777891794.1693325,3.0,0.0,-83.0
1777891794.1793325,1.0,-3.0,-86.0
1777891794.1893325,-1.0,0.0,-81.0
1777891794.1993325,-2.0,-2.0,-86.0
1777891794.2093325,-6.0,-1.0,-78.0
1777891794.2193325,-8.0,-1.0,-77.0
1777891794.2293324,-10.0,-1.0,-79.0
1777891794.2393324,-10.0,-2.0,-78.0
1777891794.2493324,-5.0,-2.0,-80.0
1777891794.2593324,-2.0,-2.0,-75.0
1777891794.2693324,-6.0,-4.0,-78.0
1777891794.2793324,-5.0,-1.0,-78.0
1777891794.2893324,-6.0,2.0,-81.0
1777891794.2993324,-9.0,3.0,-77.0
1777891794.3093324,-7.0,2.0,-79.0
1777891794.3193324,-5.0,1.0,-75.0
1777891794.3293324,-5.0,5.0,-76.0
1777891794.3393323,-2.0,2.0,-77.0
1777891794.3493323,0.0,2.0,-71.0
1777891794.3593323,4.0,2.0,-69.0
1777891794.3693323,5.0,1.0,-69.0
1777891794.3793323,4.0,5.0,-72.0
1777891794.3893323,1.0,3.0,-71.0
1777891794.3993323,-1.0,4.0,-66.0
1777891794.4093325,-3.0,5.0,-66.0
1777891794.4193325,0.0,2.0,-69.0
1777891794.4293325,3.0,1.0,-71.0
1777891794.4393325,5.0,-1.0,-70.0
1777891794.4493325,4.0,-4.0,-81.0
1777891794.4593325,0.0,-6.0,-78.0
1777891794.4693325,0.0,-6.0,-75.0
1777891794.4793324,-1.0,-3.0,-71.0
1777891794.4893324,1.0,2.0,-68.0
1777891794.4993324,3.0,5.0,-68.0
1777891794.5093324,4.0,4.0,-71.0
1777891794.5193324,1.0,1.0,-69.0
1777891794.5293324,3.0,1.0,-74.0
1777891794.5393324,5.0,3.0,-71.0
1777891794.5493324,4.0,4.0,-68.0
1777891794.5593324,3.0,3.0,-72.0
1777891794.5693324,0.0,0.0,-69.0
1777891794.5793324,4.0,0.0,-72.0
1777891794.5893323,7.0,2.0,-73.0
1777891794.5993323,3.0,3.0,-80.0
1777891794.6093323,7.0,0.0,-79.0
1777891794.6193323,7.0,0.0,-79.0
1777891794.6293323,10.0,-1.0,-81.0
1777891794.6393323,8.0,-1.0,-81.0
1777891794.6493323,4.0,-2.0,-82.0
1777891794.6593325,0.0,-4.0,-87.0
1777891794.6693325,1.0,-5.0,-84.0
1777891794.6793325,4.0,-6.0,-79.0
1777891794.6893325,0.0,-6.0,-77.0
1777891794.6993325,5.0,-1.0,-70.0
1777891794.7093325,7.0,-4.0,-67.0
1777891794.7193325,7.0,-2.0,-68.0
1777891794.7293324,3.0,-2.0,-64.0
1777891794.7393324,0.0,1.0,-65.0
1777891794.7493324,0.0,1.0,-71.0
1777891794.7593324,0.0,-2.0,-68.0
1777891794.7693324,0.0,-3.0,-60.0
1777891794.7793324,-2.0,-2.0,-59.0
1777891794.7893324,-3.0,0.0,-62.0
1777891794.7993324,-1.0,1.0,-54.0
1777891794.8093324,0.0,0.0,-61.0
1777891794.8193324,0.0,0.0,-66.0
1777891794.8293324,0.0,0.0,-67.0
1777891794.8393323,1.0,4.0,-72.0
1777891794.8493323,0.0,5.0,-75.0
1777891794.8593323,2.0,4.0,-78.0
1777891794.8693323,5.0,3.0,-71.0
1777891794.8793323,5.0,1.0,-67.0
1777891794.8893323,8.0,2.0,-69.0
1777891794.8993323,2.0,0.0,-71.0
1777891794.9093325,4.0,2.0,-66.0
1777891794.9193325,3.0,0.0,-63.0
1777891794.9293325,4.0,0.0,-66.0
1777891794.9393325,6.0,2.0,-66.0
1777891794.9493325,8.0,0.0,-70.0
1777891794.9593325,6.0,0.0,-70.0
1777891794.9693325,6.0,2.0,-73.0
1777891794.9793324,5.0,1.0,-71.0
1777891794.9893324,3.0,-2.0,-72.0
1777891794.9993324,-2.0,-2.0,-70.0
1777891795.0093324,1.0,-4.0,-67.0
1777891795.0193324,0.0,-3.0,-72.0
1777891795.0293324,-3.0,-1.0,-74.0
1777891795.0393324,0.0,-1.0,-69.0
1777891795.0493324,2.0,0.0,-71.0
1777891795.0593324,6.0,0.0,-73.0
1777891795.0693324,3.0,3.0,-73.0
1777891795.0793324,0.0,3.0,-71.0
1777891795.0893323,0.0,8.0,-69.0
1777891795.0993323,-2.0,1.0,-69.0
1777891795.1093323,3.0,0.0,-63.0
1777891795.1193323,4.0,1.0,-68.0
1777891795.1293323,1.0,4.0,-60.0
1777891795.1393323,1.0,3.0,-64.0
1777891795.1493323,2.0,2.0,-64.0
1777891795.1593325,2.0,4.0,-61.0
1777891795.1693325,2.0,4.0,-70.0
1777891795.1793325,4.0,4.0,-82.0
1777891795.1893325,5.0,1.0,-81.0
1777891795.1993325,5.0,4.0,-74.0
1777891795.2093325,9.0,2.0,-72.0
1777891795.2193325,6.0,-1.0,-75.0
1777891795.2293324,2.0,0.0,-67.0
1777891795.2393324,3.0,-2.0,-66.0
1777891795.2493324,3.0,-3.0,-65.0
1777891795.2593324,-1.0,-3.0,-64.0
1777891795.2693324,-4.0,-2.0,-65.0
1777891795.2793324,-2.0,0.0,-65.0
1777891795.2893324,-1.0,0.0,-60.0
1777891795.2993324,-2.0,1.0,-63.0
1777891795.3093324,-1.0,-1.0,-68.0
1777891795.3193324,-2.0,-1.0,-67.0
1777891795.3293324,-2.0,1.0,-72.0
1777891795.3393323,-1.0,1.0,-72.0
1777891795.3493323,0.0,0.0,-67.0
1777891795.3593323,0.0,-1.0,-72.0
1777891795.3693323,4.0,-4.0,-71.0
1777891795.3793323,1.0,-2.0,-76.0
1777891795.3893323,2.0,-2.0,-70.0
1777891795.3993323,4.0,0.0,-71.0
1777891795.4093325,1.0,0.0,-71.0
1777891795.4193325,-4.0,-2.0,-70.0
1777891795.4293325,-4.0,-2.0,-74.0
1777891795.4393325,-6.0,1.0,-71.0
1777891795.4493325,-7.0,0.0,-67.0
1777891795.4593325,-9.0,-3.0,-63.0
1777891795.4693325,-2.0,-4.0,-60.0
1777891795.4793324,-5.0,-7.0,-60.0
1777891795.4893324,-2.0,-11.0,-63.0
1777891795.4993324,-2.0,-6.0,-63.0
1777891795.5093324,-1.0,-5.0,-67.0
1777891795.5193324,0.0,-7.0,-64.0
1777891795.5293324,1.0,-4.0,-69.0
1777891795.5393324,-1.0,-3.0,-63.0
1777891795.5493324,0.0,-1.0,-66.0
1777891795.5593324,-4.0,1.0,-61.0
1777891795.5693324,-2.0,0.0,-70.0
1777891795.5793324,-2.0,5.0,-72.0
1777891795.5893323,-2.0,6.0,-71.0
1777891795.5993323,-1.0,4.0,-69.0
1777891795.6103325,-4.0,0.0,-68.0
1777891795.6193323,-8.0,-3.0,-69.0
1777891795.6293323,-4.0,-6.0,-71.0
1777891795.6393323,-2.0,-3.0,-71.0
1777891795.6493323,6.0,-2.0,-70.0
1777891795.6603324,6.0,-2.0,-80.0
1777891795.6703324,4.0,-1.0,-71.0
1777891795.6803324,0.0,-4.0,-67.0
1777891795.6903324,0.0,-11.0,-75.0
1777891795.7003324,0.0,-8.0,-71.0
1777891795.7103324,-1.0,-7.0,-72.0
1777891795.7203324,1.0,-7.0,-75.0
1777891795.7303324,2.0,-12.0,-79.0
1777891795.7403324,8.0,-7.0,-76.0
1777891795.7503324,6.0,-6.0,-76.0
1777891795.7603323,2.0,-7.0,-68.0
1777891795.7703323,-2.0,-8.0,-69.0
1777891795.7803323,-2.0,-6.0,-73.0
1777891795.7903323,-1.0,-2.0,-78.0
1777891795.8003323,-1.0,-3.0,-73.0
1777891795.8103323,-1.0,-2.0,-72.0
1777891795.8203323,0.0,-2.0,-66.0
1777891795.8303325,-6.0,-4.0,-64.0
1777891795.8403325,-5.0,-2.0,-70.0
1777891795.8503325,-5.0,0.0,-75.0
1777891795.8603325,-2.0,1.0,-74.0
1777891795.8703325,0.0,0.0,-79.0
1777891795.8803325,0.0,1.0,-79.0
1777891795.8903325,-1.0,1.0,-81.0
1777891795.9003325,2.0,1.0,-78.0
1777891795.9103324,1.0,0.0,-76.0
1777891795.9203324,-1.0,2.0,-74.0
1777891795.9303324,-4.0,3.0,-83.0
1777891795.9403324,-6.0,6.0,-81.0
1777891795.9503324,-7.0,7.0,-78.0
1777891795.9603324,-5.0,6.0,-76.0
1777891795.9703324,-7.0,4.0,-74.0
1777891795.9803324,-5.0,1.0,-73.0
1777891795.9903324,-3.0,0.0,-80.0
1777891796.0003324,2.0,2.0,-75.0
1777891796.0103323,8.0,1.0,-70.0
1777891796.0203323,6.0,0.0,-62.0
1777891796.0303323,8.0,-1.0,-58.0
1777891796.0403323,10.0,-3.0,-67.0
1777891796.0503323,7.0,-6.0,-70.0
1777891796.0603323,6.0,-6.0,-70.0
1777891796.0703323,8.0,-8.0,-65.0
1777891796.0803325,8.0,-9.0,-68.0
1777891796.0903325,11.0,-9.0,-72.0
1777891796.1003325,15.0,-8.0,-76.0
1777891796.1103325,15.0,-7.0,-75.0
1777891796.1203325,8.0,-3.0,-73.0
1777891796.1303325,3.0,-1.0,-78.0
1777891796.1403325,5.0,0.0,-73.0
1777891796.1503325,3.0,3.0,-72.0
1777891796.1603324,3.0,5.0,-78.0
1777891796.1703324,1.0,10.0,-76.0
1777891796.1803324,0.0,7.0,-70.0
1777891796.1903324,0.0,6.0,-66.0
1777891796.2003324,1.0,3.0,-70.0
1777891796.2103324,-7.0,2.0,-74.0
1777891796.2203324,-5.0,0.0,-76.0
1777891796.2303324,-2.0,0.0,-70.0
1777891796.2403324,-2.0,-3.0,-73.0
1777891796.2503324,0.0,-1.0,-69.0
1777891796.2603323,1.0,-4.0,-70.0
1777891796.2703323,3.0,-5.0,-72.0
1777891796.2803323,5.0,-9.0,-70.0
1777891796.2903323,2.0,-3.0,-70.0
1777891796.3003323,4.0,-1.0,-66.0
1777891796.3103323,1.0,-4.0,-70.0
1777891796.3203323,1.0,-5.0,-71.0
1777891796.3303325,1.0,-5.0,-70.0
1777891796.3403325,5.0,-4.0,-73.0
1777891796.3503325,6.0,-1.0,-70.0
1777891796.3603325,7.0,-3.0,-68.0
1777891796.3703325,6.0,-3.0,-70.0
1777891796.3803325,6.0,-3.0,-70.0
1777891796.3903325,5.0,-6.0,-70.0
1777891796.4003325,5.0,-12.0,-71.0
1777891796.4103324,5.0,-10.0,-74.0
1777891796.4203324,7.0,-8.0,-70.0
1777891796.4303324,7.0,-3.0,-74.0
1777891796.4403324,6.0,-1.0,-74.0
1777891796.4503324,8.0,-2.0,-78.0
1777891796.4603324,7.0,-3.0,-78.0
1777891796.4703324,1.0,-1.0,-76.0
1777891796.4803324,0.0,0.0,-73.0
1777891796.4903324,0.0,-3.0,-72.0
1777891796.5003324,5.0,-3.0,-80.0
1777891796.5103323,5.0,0.0,-77.0
1777891796.5203323,0.0,1.0,-70.0
1777891796.5303323,2.0,1.0,-69.0
1777891796.5403323,-2.0,0.0,-71.0
1777891796.5503323,-1.0,-2.0,-66.0
1777891796.5603323,-2.0,-9.0,-69.0
1777891796.5703323,-1.0,-13.0,-71.0
1777891796.5803325,0.0,-10.0,-75.0
1777891796.5903325,-1.0,-6.0,-80.0
1777891796.6003325,0.0,-7.0,-80.0
1777891796.6103325,2.0,-2.0,-77.0
1777891796.6203325,3.0,-5.0,-74.0
1777891796.6303325,7.0,-5.0,-72.0
1777891796.6403325,7.0,-4.0,-78.0
1777891796.6503325,3.0,-5.0,-80.0
1777891796.6603324,0.0,-6.0,-84.0
1777891796.6703324,3.0,-7.0,-80.0
1777891796.6803324,7.0,-5.0,-80.0
1777891796.6903324,10.0,-9.0,-76.0
1777891796.7003324,10.0,-1.0,-69.0
1777891796.7103324,11.0,1.0,-62.0
1777891796.7203324,12.0,-1.0,-61.0
1777891796.7303324,8.0,0.0,-67.0
1777891796.7403324,5.0,0.0,-75.0
1777891796.7503324,2.0,-5.0,-69.0
1777891796.7603323,-3.0,0.0,-70.0
1777891796.7703323,-4.0,-2.0,-64.0
1777891796.7803323,-4.0,0.0,-63.0
1777891796.7903323,-1.0,-1.0,-74.0
1777891796.8003323,0.0,-3.0,-76.0
1777891796.8103323,4.0,1.0,-83.0
1777891796.8203323,6.0,0.0,-85.0
1777891796.8303325,9.0,0.0,-83.0
1777891796.8403325,9.0,-2.0,-85.0
1777891796.8503325,6.0,-3.0,-80.0
1777891796.8603325,4.0,-1.0,-80.0
1777891796.8703325,4.0,-3.0,-80.0
1777891796.8803325,3.0,0.0,-80.0
1777891796.8903325,4.0,2.0,-73.0
1777891796.9003325,5.0,-1.0,-72.0
1777891796.9103324,0.0,2.0,-76.0
1777891796.9203324,1.0,3.0,-77.0
1777891796.9303324,0.0,0.0,-83.0
1777891796.9403324,2.0,0.0,-82.0
1777891796.9503324,4.0,0.0,-84.0
1777891796.9603324,4.0,0.0,-84.0
1777891796.9703324,6.0,0.0,-79.0
1777891796.9803324,5.0,-1.0,-79.0
1777891796.9903324,3.0,-5.0,-82.0
1777891797.0003324,0.0,-7.0,-83.0
1777891797.0103323,-3.0,-4.0,-87.0
1777891797.0203323,-1.0,-2.0,-80.0
1777891797.0303323,1.0,-1.0,-76.0
1777891797.0403323,3.0,-5.0,-66.0
1777891797.0503323,-2.0,-4.0,-65.0
1777891797.0603323,0.0,0.0,-61.0
1777891797.0703323,1.0,0.0,-72.0
1777891797.0803325,4.0,2.0,-70.0
1777891797.0903325,0.0,-1.0,-69.0
1777891797.1003325,-2.0,0.0,-72.0
1777891797.1103325,-3.0,1.0,-71.0
1777891797.1203325,-3.0,0.0,-72.0
1777891797.1303325,0.0,0.0,-73.0
1777891797.1403325,5.0,-3.0,-69.0
1777891797.1503325,8.0,-4.0,-68.0
1777891797.1603324,11.0,-3.0,-64.0
1777891797.1703324,12.0,-1.0,-69.0
1777891797.1803324,4.0,-3.0,-69.0
1777891797.1903324,0.0,-1.0,-69.0
1777891797.2003324,0.0,-2.0,-63.0
1777891797.2103324,2.0,-4.0,-66.0
1777891797.2203324,5.0,0.0,-70.0
1777891797.2303324,5.0,-2.0,-75.0
1777891797.2403324,2.0,-2.0,-74.0
1777891797.2503324,0.0,-1.0,-77.0
1777891797.2603323,-2.0,-2.0,-77.0
1777891797.2703323,1.0,-2.0,-71.0
1777891797.2803323,0.0,-1.0,-68.0
1777891797.2903323,-1.0,-3.0,-75.0
1777891797.3003323,0.0,-7.0,-69.0
1777891797.3103323,1.0,-6.0,-73.0
1777891797.3203323,-3.0,-6.0,-67.0
1777891797.3303325,-4.0,-6.0,-70.0
1777891797.3403325,-4.0,-6.0,-68.0
1777891797.3503325,-2.0,-9.0,-65.0
1777891797.3603325,-6.0,-6.0,-68.0
1777891797.3703325,-3.0,-4.0,-68.0
1777891797.3803325,-3.0,0.0,-66.0
1777891797.3903325,-2.0,0.0,-71.0
1777891797.4003325,1.0,2.0,-74.0
1777891797.4103324,0.0,6.0,-76.0
1777891797.4203324,0.0,3.0,-78.0
1777891797.4303324,3.0,3.0,-82.0
1777891797.4403324,2.0,5.0,-86.0
1777891797.4503324,-2.0,4.0,-87.0
1777891797.4603324,-4.0,6.0,-89.0
1777891797.4703324,-5.0,1.0,-82.0
1777891797.4803324,-5.0,0.0,-73.0
1777891797.4903324,-7.0,-2.0,-71.0
1777891797.5003324,1.0,-4.0,-75.0
1777891797.5103323,0.0,-4.0,-79.0
1777891797.5203323,1.0,-5.0,-78.0
1777891797.5303323,3.0,-6.0,-78.0
1777891797.5403323,2.0,-2.0,-74.0
1777891797.5503323,1.0,-1.0,-79.0
1777891797.5603323,1.0,-1.0,-82.0
1777891797.5703323,3.0,0.0,-80.0
1777891797.5803325,4.0,0.0,-75.0
1777891797.5903325,4.0,0.0,-70.0
1777891797.6003325,2.0,0.0,-72.0
1777891797.6103325,1.0,1.0,-71.0
1777891797.6203325,2.0,0.0,-72.0
1777891797.6313324,7.0,0.0,-76.0
1777891797.6413324,8.0,-1.0,-71.0
1777891797.6513324,8.0,-3.0,-70.0
1777891797.6613324,7.0,-5.0,-69.0
1777891797.6713324,8.0,-2.0,-74.0
1777891797.6813323,6.0,-2.0,-76.0
1777891797.6913323,4.0,-5.0,-77.0
1777891797.7013323,2.0,-2.0,-74.0
1777891797.7113323,2.0,-1.0,-74.0
1777891797.7213323,0.0,3.0,-77.0
1777891797.7313323,0.0,2.0,-72.0
1777891797.7413323,4.0,-3.0,-68.0
1777891797.7513323,10.0,-3.0,-72.0
1777891797.7613325,12.0,-4.0,-74.0
1777891797.7713325,7.0,-1.0,-72.0
1777891797.7813325,1.0,-4.0,-69.0
1777891797.7913325,4.0,-7.0,-71.0
1777891797.8013325,7.0,-4.0,-76.0
1777891797.8113325,6.0,-5.0,-72.0
1777891797.8213325,10.0,-4.0,-78.0
1777891797.8313324,14.0,0.0,-73.0
1777891797.8413324,12.0,6.0,-73.0
1777891797.8513324,7.0,8.0,-69.0
1777891797.8613324,10.0,5.0,-65.0
1777891797.8713324,10.0,2.0,-65.0
1777891797.8813324,4.0,3.0,-59.0
1777891797.8913324,2.0,0.0,-59.0
1777891797.9013324,5.0,-1.0,-58.0
1777891797.9113324,4.0,0.0,-55.0
1777891797.9213324,2.0,-1.0,-56.0
1777891797.9313323,3.0,0.0,-58.0
1777891797.9413323,3.0,0.0,-58.0
1777891797.9513323,5.0,-1.0,-67.0
1777891797.9613323,5.0,-4.0,-71.0
1777891797.9713323,2.0,0.0,-66.0
1777891797.9813323,0.0,-2.0,-61.0
1777891797.9913323,1.0,0.0,-62.0
1777891798.0013323,0.0,1.0,-60.0
1777891798.0113325,0.0,4.0,-61.0
1777891798.0213325,2.0,5.0,-65.0
1777891798.0313325,3.0,5.0,-68.0
1777891798.0413325,1.0,2.0,-71.0
1777891798.0513325,1.0,2.0,-75.0
1777891798.0613325,-5.0,-2.0,-75.0
1777891798.0713325,-6.0,-5.0,-73.0
1777891798.0813324,-4.0,-1.0,-76.0
1777891798.0913324,-1.0,-7.0,-81.0
1777891798.1013324,2.0,-6.0,-79.0
1777891798.1113324,1.0,-5.0,-79.0
1777891798.1213324,2.0,-3.0,-73.0
1777891798.1313324,-2.0,0.0,-67.0
1777891798.1413324,0.0,2.0,-65.0
1777891798.1513324,0.0,1.0,-66.0
1777891798.1613324,0.0,3.0,-70.0
1777891798.1713324,0.0,0.0,-71.0
1777891798.1813323,1.0,-1.0,-63.0
1777891798.1913323,0.0,-2.0,-61.0
1777891798.2013323,0.0,-5.0,-58.0
1777891798.2113323,-1.0,-1.0,-61.0
1777891798.2213323,1.0,-1.0,-60.0
1777891798.2313323,0.0,-3.0,-62.0
1777891798.2413323,0.0,-1.0,-68.0
1777891798.2513323,3.0,0.0,-70.0
1777891798.2613325,5.0,-1.0,-69.0
1777891798.2713325,3.0,-4.0,-63.0
1777891798.2813325,5.0,-3.0,-61.0
1777891798.2913325,5.0,-4.0,-67.0
1777891798.3013325,1.0,-3.0,-69.0
1777891798.3113325,5.0,-5.0,-66.0
1777891798.3213325,3.0,-3.0,-72.0
1777891798.3313324,4.0,-3.0,-66.0
1777891798.3413324,3.0,-5.0,-65.0
1777891798.3513324,4.0,-8.0,-58.0
1777891798.3613324,1.0,-9.0,-53.0
1777891798.3713324,0.0,-9.0,-56.0
1777891798.3813324,2.0,-11.0,-63.0
1777891798.3913324,2.0,-6.0,-65.0
1777891798.4013324,1.0,-2.0,-79.0
1777891798.4113324,1.0,-3.0,-71.0
1777891798.4213324,2.0,-3.0,-69.0
1777891798.4313323,4.0,-6.0,-64.0
1777891798.4413323,6.0,-9.0,-69.0
1777891798.4513323,6.0,-3.0,-70.0
1777891798.4613323,7.0,0.0,-71.0
1777891798.4713323,7.0,5.0,-73.0
1777891798.4813323,6.0,2.0,-71.0
1777891798.4913323,1.0,1.0,-70.0
1777891798.5013323,0.0,2.0,-69.0
1777891798.5113325,0.0,5.0,-69.0
1777891798.5213325,0.0,4.0,-78.0
1777891798.5313325,0.0,-1.0,-76.0
1777891798.5413325,-1.0,-2.0,-71.0
1777891798.5513325,2.0,1.0,-76.0
1777891798.5613325,0.0,4.0,-82.0
1777891798.5713325,-1.0,2.0,-82.0
1777891798.5813324,0.0,2.0,-79.0
1777891798.5913324,0.0,3.0,-76.0
1777891798.6013324,2.0,0.0,-74.0
1777891798.6113324,1.0,2.0,-69.0
1777891798.6213324,-2.0,0.0,-69.0
1777891798.6313324,-4.0,-1.0,-63.0
1777891798.6413324,-8.0,1.0,-63.0
1777891798.6513324,-7.0,0.0,-67.0
1777891798.6613324,-1.0,-3.0,-68.0
1777891798.6713324,2.0,-1.0,-75.0
1777891798.6813323,0.0,0.0,-77.0
1777891798.6913323,-2.0,2.0,-74.0
1777891798.7013323,-1.0,0.0,-80.0
1777891798.7113323,1.0,-1.0,-76.0
1777891798.7213323,-1.0,1.0,-73.0
1777891798.7313323,-5.0,0.0,-76.0
1777891798.7413323,-6.0,-2.0,-73.0
1777891798.7513323,-7.0,0.0,-74.0
1777891798.7613325,-6.0,1.0,-76.0
1777891798.7713325,-5.0,2.0,-82.0
1777891798.7813325,-2.0,0.0,-82.0
1777891798.7913325,-4.0,-3.0,-88.0
1777891798.8013325,-7.0,-2.0,-88.0
1777891798.8113325,-9.0,-2.0,-84.0
1777891798.8213325,-6.0,-4.0,-86.0
1777891798.8313324,-1.0,0.0,-82.0
1777891798.8413324,-1.0,0.0,-74.0
1777891798.8513324,0.0,-3.0,-74.0
1777891798.8613324,1.0,-4.0,-72.0
1777891798.8713324,2.0,-6.0,-77.0
1777891798.8813324,0.0,-2.0,-78.0
1777891798.8913324,0.0,0.0,-72.0
1777891798.9013324,0.0,0.0,-68.0
1777891798.9113324,1.0,1.0,-63.0
1777891798.9213324,2.0,0.0,-66.0
1777891798.9313323,2.0,2.0,-70.0
1777891798.9413323,0.0,0.0,-76.0
1777891798.9513323,-2.0,3.0,-75.0
1777891798.9613323,-4.0,5.0,-78.0
1777891798.9713323,-5.0,2.0,-75.0
1777891798.9813323,-7.0,2.0,-76.0
1777891798.9913323,-9.0,1.0,-64.0
1777891799.0013323,-13.0,2.0,-62.0
1777891799.0113325,-10.0,2.0,-66.0
1777891799.0213325,-11.0,2.0,-61.0
1777891799.0313325,-8.0,2.0,-61.0
1777891799.0413325,-1.0,-3.0,-69.0
1777891799.0513325,-3.0,-5.0,-71.0
1777891799.0613325,-4.0,-6.0,-74.0
1777891799.0713325,-4.0,-6.0,-80.0
1777891799.0813324,-5.0,-4.0,-83.0
1777891799.0913324,-5.0,-2.0,-81.0
1777891799.1013324,-1.0,-6.0,-82.0
1777891799.1113324,0.0,-9.0,-80.0
1777891799.1213324,6.0,-6.0,-73.0
1777891799.1313324,2.0,-4.0,-76.0
1777891799.1413324,0.0,-7.0,-72.0
1777891799.1513324,4.0,-6.0,-72.0
1777891799.1613324,0.0,-5.0,-76.0
1777891799.1713324,2.0,-6.0,-71.0
1777891799.1813323,3.0,-6.0,-67.0
1777891799.1913323,3.0,-4.0,-69.0
1777891799.2013323,3.0,0.0,-70.0
1777891799.2113323,1.0,0.0,-72.0
1777891799.2213323,4.0,0.0,-69.0
1777891799.2313323,2.0,3.0,-70.0
1777891799.2413323,0.0,5.0,-71.0
1777891799.2513323,-1.0,6.0,-70.0
1777891799.2613325,-3.0,7.0,-71.0
1777891799.2713325,-4.0,4.0,-68.0
1777891799.2813325,-2.0,2.0,-70.0
1777891799.2913325,-2.0,4.0,-76.0
1777891799.3013325,-1.0,2.0,-77.0
1777891799.3113325,-2.0,6.0,-69.0
1777891799.3213325,-2.0,3.0,-71.0
1777891799.3313324,-1.0,1.0,-73.0
1777891799.3413324,2.0,0.0,-72.0
1777891799.3513324,4.0,-1.0,-67.0
1777891799.3613324,5.0,-3.0,-65.0
1777891799.3713324,3.0,-5.0,-68.0
1777891799.3813324,-1.0,-2.0,-68.0
1777891799.3913324,-2.0,-6.0,-67.0
1777891799.4013324,-2.0,-6.0,-75.0
1777891799.4113324,-1.0,-8.0,-81.0
1777891799.4213324,-6.0,-3.0,-78.0
1777891799.4313323,-5.0,-3.0,-73.0
1777891799.4413323,-1.0,-4.0,-66.0
1777891799.4513323,1.0,-5.0,-66.0
1777891799.4613323,2.0,-8.0,-69.0
1777891799.4713323,3.0,-6.0,-68.0
1777891799.4813323,1.0,-2.0,-78.0
1777891799.4913323,0.0,0.0,-83.0
1777891799.5013323,0.0,-2.0,-75.0
1777891799.5113325,-1.0,-3.0,-69.0
1777891799.5213325,-4.0,1.0,-66.0
1777891799.5313325,-6.0,4.0,-62.0
1777891799.5413325,-1.0,4.0,-65.0
1777891799.5513325,1.0,0.0,-77.0
1777891799.5613325,2.0,0.0,-77.0
1777891799.5713325,2.0,-1.0,-76.0
1777891799.5813324,2.0,2.0,-83.0
1777891799.5913324,5.0,0.0,-81.0
1777891799.6013324,1.0,1.0,-83.0
1777891799.6113324,0.0,1.0,-81.0
1777891799.6223323,-3.0,1.0,-77.0
1777891799.6313324,-2.0,3.0,-75.0
1777891799.6423323,0.0,6.0,-75.0
1777891799.6523323,-3.0,4.0,-73.0
1777891799.6623323,-1.0,0.0,-68.0
1777891799.6723323,0.0,-1.0,-66.0
1777891799.6823325,-2.0,-4.0,-72.0
1777891799.6923325,-3.0,-8.0,-69.0
1777891799.7023325,0.0,-3.0,-69.0
1777891799.7123325,3.0,-8.0,-69.0
1777891799.7223325,10.0,-7.0,-63.0
1777891799.7323325,8.0,-4.0,-70.0
1777891799.7423325,4.0,-5.0,-73.0
1777891799.7523324,3.0,-5.0,-74.0
1777891799.7623324,5.0,-8.0,-69.0
1777891799.7723324,2.0,-7.0,-70.0
1777891799.7823324,3.0,-8.0,-65.0
1777891799.7923324,4.0,-9.0,-65.0
1777891799.8023324,7.0,-7.0,-63.0
1777891799.8123324,6.0,-2.0,-58.0
1777891799.8223324,5.0,-3.0,-63.0
1777891799.8323324,4.0,0.0,-73.0
1777891799.8423324,4.0,-2.0,-69.0
1777891799.8523324,7.0,0.0,-74.0
1777891799.8623323,8.0,-2.0,-78.0
1777891799.8723323,10.0,-2.0,-74.0
1777891799.8823323,8.0,-3.0,-70.0
1777891799.8923323,11.0,-1.0,-72.0
1777891799.9023323,7.0,1.0,-71.0
1777891799.9123323,7.0,-2.0,-73.0
1777891799.9223323,1.0,0.0,-76.0
1777891799.9323325,3.0,-1.0,-83.0
1777891799.9423325,6.0,-4.0,-78.0
1777891799.9523325,8.0,-6.0,-76.0
1777891799.9623325,8.0,-6.0,-69.0
1777891799.9723325,7.0,-5.0,-63.0
1777891799.9823325,9.0,-7.0,-62.0
1777891799.9923325,9.0,-2.0,-63.0
1777891800.0023324,4.0,-1.0,-69.0
1777891800.0123324,7.0,1.0,-73.0
1777891800.0223324,6.0,1.0,-68.0
1777891800.0323324,3.0,0.0,-72.0
1777891800.0423324,4.0,-1.0,-64.0
1777891800.0523324,7.0,-2.0,-60.0
1777891800.0623324,3.0,1.0,-65.0
1777891800.0723324,2.0,0.0,-62.0
1777891800.0823324,4.0,4.0,-56.0
1777891800.0923324,6.0,5.0,-60.0
1777891800.1023324,9.0,3.0,-67.0
1777891800.1123323,6.0,3.0,-73.0
1777891800.1223323,8.0,5.0,-74.0
1777891800.1323323,6.0,1.0,-79.0
1777891800.1423323,5.0,1.0,-79.0
1777891800.1523323,2.0,0.0,-77.0
1777891800.1623323,7.0,1.0,-74.0
1777891800.1723323,8.0,-2.0,-70.0
1777891800.1823325,2.0,-5.0,-70.0
1777891800.1923325,7.0,-1.0,-69.0
1777891800.2023325,6.0,2.0,-70.0
1777891800.2123325,8.0,1.0,-72.0
1777891800.2223325,7.0,0.0,-69.0
1777891800.2323325,5.0,2.0,-66.0
1777891800.2423325,6.0,-3.0,-62.0
1777891800.2523324,10.0,-5.0,-68.0
1777891800.2623324,9.0,-6.0,-69.0
1777891800.2723324,9.0,-3.0,-69.0
1777891800.2823324,2.0,0.0,-74.0
1777891800.2923324,2.0,-2.0,-70.0
1777891800.3023324,4.0,-3.0,-69.0
1777891800.3123324,0.0,0.0,-69.0
1777891800.3223324,2.0,0.0,-77.0
1777891800.3323324,2.0,-1.0,-73.0
1777891800.3423324,1.0,0.0,-67.0
1777891800.3523324,-3.0,-1.0,-67.0
1777891800.3623323,-2.0,4.0,-74.0
1777891800.3723323,0.0,1.0,-70.0
1777891800.3823323,6.0,0.0,-73.0
1777891800.3923323,5.0,0.0,-71.0
1777891800.4023323,5.0,-1.0,-71.0
1777891800.4123323,0.0,1.0,-66.0
1777891800.4223323,-1.0,3.0,-76.0
1777891800.4323325,0.0,2.0,-86.0
1777891800.4423325,-2.0,0.0,-83.0
1777891800.4523325,-6.0,2.0,-78.0
1777891800.4623325,-9.0,-1.0,-79.0
1777891800.4723325,-8.0,-2.0,-79.0
1777891800.4823325,-5.0,0.0,-76.0
1777891800.4923325,-2.0,-2.0,-74.0
1777891800.5023324,0.0,-2.0,-66.0
1777891800.5123324,1.0,-3.0,-72.0
1777891800.5223324,6.0,0.0,-78.0
1777891800.5323324,4.0,0.0,-77.0
1777891800.5423324,6.0,1.0,-68.0
1777891800.5523324,7.0,-1.0,-69.0
1777891800.5623324,2.0,-2.0,-73.0
1777891800.5723324,0.0,-2.0,-69.0
1777891800.5823324,-1.0,-2.0,-61.0
1777891800.5923324,1.0,-7.0,-62.0
1777891800.6023324,3.0,-9.0,-61.0
1777891800.6123323,0.0,-5.0,-71.0
1777891800.6223323,0.0,-6.0,-72.0
1777891800.6323323,2.0,-2.0,-72.0
1777891800.6423323,-1.0,0.0,-71.0
1777891800.6523323,-5.0,-4.0,-72.0
1777891800.6623323,-3.0,-5.0,-69.0
1777891800.6723323,-2.0,-5.0,-70.0
1777891800.6823325,-1.0,-7.0,-74.0
1777891800.6923325,-3.0,-4.0,-74.0
1777891800.7023325,0.0,-5.0,-74.0
1777891800.7123325,0.0,-4.0,-73.0
1777891800.7223325,0.0,-4.0,-71.0
1777891800.7323325,-1.0,-2.0,-71.0
1777891800.7423325,-5.0,-2.0,-69.0
1777891800.7523324,-2.0,-7.0,-72.0
1777891800.7623324,-1.0,-5.0,-68.0
1777891800.7723324,-8.0,0.0,-69.0
1777891800.7823324,-4.0,1.0,-70.0
1777891800.7923324,-5.0,0.0,-71.0
1777891800.8023324,-2.0,2.0,-70.0
1777891800.8123324,2.0,2.0,-75.0
1777891800.8223324,2.0,1.0,-77.0
1777891800.8323324,3.0,-1.0,-74.0
1777891800.8423324,2.0,0.0,-72.0
1777891800.8523324,0.0,-2.0,-74.0
1777891800.8623323,-3.0,-7.0,-69.0
1777891800.8723323,0.0,-8.0,-67.0
1777891800.8823323,-4.0,-7.0,-65.0
1777891800.8923323,0.0,-5.0,-66.0
1777891800.9023323,0.0,-3.0,-67.0
1777891800.9123323,0.0,1.0,-67.0
1777891800.9223323,3.0,2.0,-74.0
1777891800.9323325,0.0,2.0,-71.0
1777891800.9423325,-2.0,1.0,-70.0
1777891800.9523325,-3.0,2.0,-68.0
1777891800.9623325,0.0,3.0,-68.0
1777891800.9723325,4.0,0.0,-72.0
1777891800.9823325,7.0,0.0,-75.0
1777891800.9923325,7.0,0.0,-72.0
1777891801.0023324,6.0,-1.0,-66.0
1777891801.0123324,6.0,1.0,-68.0
1777891801.0223324,3.0,3.0,-72.0
1777891801.0323324,5.0,3.0,-73.0
1777891801.0423324,-2.0,1.0,-70.0
1777891801.0523324,-3.0,0.0,-68.0
1777891801.0623324,-2.0,-1.0,-69.0
1777891801.0723324,-2.0,1.0,-65.0
1777891801.0823324,1.0,1.0,-66.0
1777891801.0923324,-3.0,2.0,-63.0
1777891801.1023324,-4.0,3.0,-69.0
1777891801.1123323,-2.0,2.0,-71.0
1777891801.1223323,1.0,0.0,-73.0
1777891801.1323323,3.0,-3.0,-71.0
1777891801.1423323,4.0,-4.0,-76.0
1777891801.1523323,6.0,-2.0,-74.0
1777891801.1623323,10.0,-1.0,-68.0
1777891801.1723323,5.0,-3.0,-66.0
1777891801.1823325,0.0,-3.0,-66.0
1777891801.1923325,0.0,-5.0,-63.0
1777891801.2023325,-5.0,-4.0,-64.0
1777891801.2123325,-5.0,-8.0,-73.0
1777891801.2223325,-2.0,-8.0,-75.0
1777891801.2323325,4.0,-3.0,-79.0
1777891801.2423325,0.0,-5.0,-79.0
1777891801.2523324,0.0,-7.0,-79.0
1777891801.2623324,-2.0,-8.0,-75.0
1777891801.2723324,-3.0,-6.0,-70.0
1777891801.2823324,0.0,-6.0,-65.0
1777891801.2923324,0.0,-4.0,-73.0
1777891801.3023324,-2.0,-6.0,-72.0
1777891801.3123324,-5.0,-7.0,-72.0
1777891801.3223324,-3.0,-9.0,-70.0
1777891801.3323324,-1.0,-4.0,-70.0
1777891801.3423324,-5.0,-4.0,-73.0
1777891801.3523324,-3.0,-3.0,-73.0
1777891801.3623323,0.0,-3.0,-74.0
1777891801.3723323,3.0,-2.0,-76.0
1777891801.3823323,0.0,-1.0,-80.0
1777891801.3923323,0.0,0.0,-78.0
1777891801.4023323,6.0,1.0,-80.0
1777891801.4123323,5.0,0.0,-81.0
1777891801.4223323,9.0,0.0,-77.0
1777891801.4323325,13.0,-4.0,-74.0
1777891801.4423325,6.0,-6.0,-72.0
1777891801.4523325,8.0,-7.0,-71.0
1777891801.4623325,7.0,-2.0,-73.0
1777891801.4723325,7.0,-1.0,-77.0
1777891801.4823325,7.0,-2.0,-73.0
1777891801.4923325,3.0,-3.0,-74.0
1777891801.5023324,2.0,0.0,-76.0
1777891801.5123324,1.0,3.0,-77.0
1777891801.5223324,0.0,1.0,-75.0
1777891801.5323324,-3.0,4.0,-79.0
1777891801.5423324,-4.0,4.0,-75.0
1777891801.5523324,0.0,4.0,-73.0
1777891801.5623324,-2.0,2.0,-72.0
1777891801.5723324,-1.0,0.0,-74.0
1777891801.5823324,0.0,0.0,-67.0
1777891801.5923324,1.0,-3.0,-74.0
1777891801.6033323,1.0,-7.0,-78.0
1777891801.6133325,0.0,-2.0,-76.0
1777891801.6233325,0.0,-2.0,-72.0
1777891801.6323323,1.0,-4.0,-74.0
1777891801.6433325,2.0,0.0,-71.0
1777891801.6533325,2.0,0.0,-74.0
1777891801.6633325,0.0,0.0,-71.0
1777891801.6733325,2.0,0.0,-70.0
1777891801.6833324,5.0,1.0,-73.0
1777891801.6933324,4.0,-1.0,-65.0
1777891801.7033324,7.0,0.0,-64.0
1777891801.7133324,4.0,0.0,-60.0
1777891801.7233324,1.0,1.0,-60.0
1777891801.7333324,0.0,3.0,-63.0
1777891801.7433324,1.0,2.0,-66.0
1777891801.7533324,5.0,0.0,-71.0
1777891801.7633324,7.0,-1.0,-65.0
1777891801.7733324,0.0,-4.0,-65.0
1777891801.7833323,0.0,-7.0,-65.0
1777891801.7933323,0.0,-9.0,-67.0
1777891801.8033323,7.0,-7.0,-66.0
1777891801.8133323,7.0,-5.0,-66.0
1777891801.8233323,4.0,-4.0,-64.0
1777891801.8333323,2.0,-4.0,-66.0
1777891801.8433323,0.0,-1.0,-69.0
1777891801.8533323,3.0,-4.0,-67.0
1777891801.8633325,0.0,-1.0,-69.0
1777891801.8733325,-2.0,0.0,-72.0
1777891801.8833325,-3.0,-2.0,-74.0
1777891801.8933325,-2.0,-3.0,-80.0
1777891801.9033325,0.0,-4.0,-81.0
1777891801.9133325,1.0,-2.0,-76.0
1777891801.9233325,0.0,1.0,-76.0
1777891801.9333324,2.0,-3.0,-80.0
1777891801.9433324,5.0,0.0,-77.0
1777891801.9533324,4.0,-1.0,-71.0
1777891801.9633324,5.0,-2.0,-80.0
1777891801.9733324,4.0,0.0,-84.0
1777891801.9833324,4.0,-3.0,-88.0
1777891801.9933324,7.0,-4.0,-88.0
1777891802.0033324,10.0,-8.0,-85.0
1777891802.0133324,5.0,-7.0,-87.0
1777891802.0233324,5.0,-4.0,-86.0
1777891802.0333323,7.0,-4.0,-80.0
1777891802.0433323,5.0,0.0,-78.0
1777891802.0533323,4.0,0.0,-75.0
1777891802.0633323,1.0,-5.0,-67.0
1777891802.0733323,1.0,-6.0,-63.0
1777891802.0833323,4.0,-1.0,-61.0
1777891802.0933323,0.0,-1.0,-65.0
1777891802.1033323,0.0,0.0,-62.0
1777891802.1133325,-4.0,5.0,-68.0
1777891802.1233325,-3.0,5.0,-68.0
1777891802.1333325,-4.0,0.0,-67.0
1777891802.1433325,-4.0,0.0,-68.0
1777891802.1533325,0.0,-2.0,-69.0
1777891802.1633325,0.0,1.0,-69.0
1777891802.1733325,0.0,3.0,-70.0
1777891802.1833324,4.0,2.0,-69.0
1777891802.1933324,3.0,2.0,-73.0
1777891802.2033324,3.0,0.0,-68.0
1777891802.2133324,2.0,-5.0,-65.0
1777891802.2233324,3.0,-9.0,-58.0
1777891802.2333324,1.0,-11.0,-65.0
1777891802.2433324,0.0,-6.0,-72.0
1777891802.2533324,-3.0,-6.0,-71.0
1777891802.2633324,-5.0,-7.0,-70.0
1777891802.2733324,-6.0,-3.0,-68.0
1777891802.2833323,-2.0,-6.0,-66.0
1777891802.2933323,0.0,-3.0,-62.0
1777891802.3033323,-8.0,-1.0,-69.0
1777891802.3133323,-3.0,-3.0,-78.0
1777891802.3233323,0.0,-8.0,-77.0
1777891802.3333323,0.0,-10.0,-75.0
1777891802.3433323,2.0,-9.0,-73.0
1777891802.3533323,1.0,-7.0,-69.0
1777891802.3633325,0.0,-7.0,-65.0
1777891802.3733325,-2.0,-8.0,-66.0
1777891802.3833325,-7.0,-6.0,-65.0
1777891802.3933325,-11.0,-4.0,-69.0
1777891802.4033325,-9.0,-7.0,-76.0
1777891802.4133325,-2.0,-3.0,-73.0
1777891802.4233325,2.0,-8.0,-76.0
1777891802.4333324,-1.0,-6.0,-73.0
1777891802.4433324,0.0,-7.0,-66.0
1777891802.4533324,3.0,-9.0,-68.0
1777891802.4633324,8.0,-4.0,-68.0
1777891802.4733324,7.0,-3.0,-69.0
1777891802.4833324,6.0,0.0,-69.0
1777891802.4933324,6.0,-1.0,-75.0
1777891802.5033324,0.0,0.0,-68.0
1777891802.5133324,0.0,-2.0,-73.0
1777891802.5233324,0.0,-1.0,-66.0
1777891802.5333323,1.0,-4.0,-67.0
1777891802.5433323,7.0,0.0,-66.0
1777891802.5533323,5.0,-1.0,-66.0
1777891802.5633323,0.0,1.0,-62.0
1777891802.5733323,1.0,0.0,-65.0
1777891802.5833323,2.0,-2.0,-64.0
1777891802.5933323,5.0,-3.0,-62.0
1777891802.6033323,4.0,-3.0,-65.0
1777891802.6133325,-1.0,-1.0,-73.0
1777891802.6233325,1.0,-4.0,-74.0
1777891802.6333325,4.0,-4.0,-75.0
1777891802.6433325,5.0,-7.0,-75.0
1777891802.6533325,5.0,-6.0,-78.0
1777891802.6633325,9.0,-6.0,-80.0
1777891802.6733325,11.0,-5.0,-81.0
1777891802.6833324,11.0,-3.0,-82.0
1777891802.6933324,7.0,0.0,-77.0
1777891802.7033324,2.0,2.0,-75.0
1777891802.7133324,0.0,4.0,-72.0
1777891802.7233324,1.0,2.0,-70.0
1777891802.7333324,1.0,4.0,-64.0
1777891802.7433324,3.0,7.0,-67.0
1777891802.7533324,-2.0,7.0,-73.0
1777891802.7633324,-3.0,4.0,-69.0
1777891802.7733324,0.0,6.0,-63.0
1777891802.7833323,4.0,7.0,-67.0
1777891802.7933323,3.0,9.0,-71.0
1777891802.8033323,3.0,9.0,-73.0
1777891802.8133323,4.0,5.0,-79.0
1777891802.8233323,1.0,-1.0,-81.0
1777891802.8333323,-3.0,-1.0,-78.0
1777891802.8433323,-4.0,-2.0,-72.0
1777891802.8533323,-5.0,-1.0,-74.0
1777891802.8633325,-5.0,0.0,-76.0
1777891802.8733325,-5.0,0.0,-79.0
1777891802.8833325,-7.0,-3.0,-78.0
1777891802.8933325,-8.0,-2.0,-79.0
1777891802.9033325,-2.0,3.0,-77.0
1777891802.9133325,3.0,4.0,-82.0
1777891802.9233325,3.0,4.0,-76.0
1777891802.9333324,4.0,3.0,-73.0
1777891802.9433324,3.0,4.0,-76.0
1777891802.9533324,8.0,2.0,-76.0
1777891802.9633324,2.0,1.0,-75.0
1777891802.9733324,0.0,-2.0,-79.0
1777891802.9833324,1.0,-7.0,-80.0
1777891802.9933324,-4.0,-11.0,-77.0
1777891803.0033324,1.0,-8.0,-71.0
1777891803.0133324,0.0,-7.0,-76.0
1777891803.0233324,0.0,-7.0,-80.0
1777891803.0333323,4.0,-6.0,-85.0
1777891803.0433323,5.0,-5.0,-84.0
1777891803.0533323,-3.0,-5.0,-87.0
1777891803.0633323,-6.0,0.0,-86.0
1777891803.0733323,-6.0,-1.0,-92.0
1777891803.0833323,-2.0,1.0,-91.0
1777891803.0933323,3.0,0.0,-86.0
1777891803.1033323,3.0,0.0,-85.0
1777891803.1133325,1.0,5.0,-75.0
1777891803.1233325,5.0,6.0,-69.0
1777891803.1333325,6.0,4.0,-69.0
1777891803.1433325,0.0,3.0,-69.0
1777891803.1533325,0.0,2.0,-64.0
1777891803.1633325,1.0,5.0,-67.0
1777891803.1733325,0.0,4.0,-63.0
1777891803.1833324,3.0,3.0,-66.0
1777891803.1933324,2.0,0.0,-68.0
1777891803.2033324,3.0,1.0,-68.0
1777891803.2133324,2.0,2.0,-77.0
1777891803.2233324,3.0,4.0,-79.0
1777891803.2333324,4.0,3.0,-75.0
1777891803.2433324,9.0,5.0,-71.0
1777891803.2533324,8.0,3.0,-73.0
1777891803.2633324,6.0,3.0,-71.0
1777891803.2733324,6.0,-1.0,-72.0
1777891803.2833323,4.0,-2.0,-69.0
1777891803.2933323,4.0,-1.0,-66.0
1777891803.3033323,-2.0,-3.0,-64.0
1777891803.3133323,-5.0,-2.0,-59.0
1777891803.3233323,-4.0,-1.0,-58.0
1777891803.3333323,-2.0,-5.0,-65.0
1777891803.3433323,0.0,-6.0,-70.0
1777891803.3533323,0.0,-4.0,-73.0
1777891803.3633325,5.0,-2.0,-76.0
1777891803.3733325,6.0,-2.0,-82.0
1777891803.3833325,5.0,0.0,-83.0
1777891803.3933325,3.0,0.0,-73.0
1777891803.4033325,-4.0,2.0,-71.0
1777891803.4133325,-7.0,-1.0,-74.0
1777891803.4233325,-5.0,-2.0,-70.0
1777891803.4333324,-11.0,-2.0,-67.0
1777891803.4433324,-5.0,-5.0,-72.0
1777891803.4533324,0.0,-5.0,-67.0
1777891803.4633324,-1.0,-3.0,-66.0
1777891803.4733324,-2.0,2.0,-65.0
1777891803.4833324,-1.0,-1.0,-65.0
1777891803.4933324,3.0,0.0,-64.0
1777891803.5033324,2.0,3.0,-65.0
1777891803.5133324,0.0,1.0,-75.0
1777891803.5233324,2.0,-1.0,-67.0
1777891803.5333323,-1.0,0.0,-68.0
1777891803.5433323,0.0,-3.0,-70.0
1777891803.5533323,-1.0,-6.0,-79.0
1777891803.5633323,0.0,-4.0,-84.0
1777891803.5733323,3.0,0.0,-80.0
1777891803.5833323,0.0,-2.0,-78.0
1777891803.5943325,-4.0,1.0,-72.0
1777891803.6033323,0.0,0.0,-72.0
1777891803.6143324,2.0,-2.0,-76.0
1777891803.6243324,1.0,-1.0,-67.0
1777891803.6343324,3.0,-1.0,-65.0
1777891803.6443324,2.0,0.0,-68.0
1777891803.6543324,6.0,4.0,-71.0
1777891803.6643324,4.0,5.0,-72.0
1777891803.6743324,7.0,2.0,-77.0
1777891803.6843324,3.0,4.0,-78.0
1777891803.6943324,0.0,1.0,-79.0
1777891803.7043324,1.0,-5.0,-77.0
1777891803.7143323,4.0,-3.0,-72.0
1777891803.7243323,3.0,-4.0,-70.0
1777891803.7343323,0.0,-2.0,-69.0
1777891803.7443323,2.0,-1.0,-66.0
1777891803.7543323,0.0,3.0,-69.0
1777891803.7643323,-2.0,-1.0,-71.0
1777891803.7743323,1.0,0.0,-78.0
1777891803.7843325,0.0,1.0,-78.0
1777891803.7943325,1.0,0.0,-77.0
1777891803.8043325,5.0,1.0,-83.0
1777891803.8143325,5.0,2.0,-79.0
1777891803.8243325,2.0,1.0,-79.0
1777891803.8343325,1.0,0.0,-82.0
1777891803.8443325,5.0,1.0,-81.0
1777891803.8543324,3.0,0.0,-77.0
1777891803.8643324,2.0,0.0,-80.0
1777891803.8743324,1.0,0.0,-81.0
1777891803.8843324,3.0,0.0,-80.0
1777891803.8943324,7.0,2.0,-77.0
1777891803.9043324,3.0,4.0,-81.0
1777891803.9143324,1.0,2.0,-78.0
1777891803.9243324,0.0,0.0,-83.0
1777891803.9343324,0.0,-1.0,-81.0
1777891803.9443324,1.0,0.0,-78.0
1777891803.9543324,2.0,0.0,-78.0
1777891803.9643323,1.0,-5.0,-79.0
1777891803.9743323,2.0,-6.0,-79.0
1777891803.9843323,2.0,-8.0,-76.0
1777891803.9943323,0.0,-7.0,-75.0
1777891804.0043323,0.0,-2.0,-77.0
1777891804.0143323,0.0,0.0,-74.0
1777891804.0243323,-3.0,3.0,-77.0
1777891804.0343325,-2.0,3.0,-77.0
1777891804.0443325,1.0,7.0,-76.0
1777891804.0543325,0.0,7.0,-72.0
1777891804.0643325,-2.0,8.0,-71.0
1777891804.0743325,-3.0,8.0,-71.0
1777891804.0843325,1.0,8.0,-79.0
1777891804.0943325,2.0,6.0,-78.0
1777891804.1043324,6.0,5.0,-76.0
1777891804.1143324,3.0,7.0,-73.0
1777891804.1243324,1.0,4.0,-65.0
1777891804.1343324,-3.0,1.0,-67.0
1777891804.1443324,-3.0,4.0,-70.0
1777891804.1543324,-2.0,5.0,-71.0
1777891804.1643324,-4.0,5.0,-68.0
1777891804.1743324,-6.0,4.0,-67.0
1777891804.1843324,-7.0,6.0,-71.0
1777891804.1943324,-5.0,2.0,-60.0
1777891804.2043324,-3.0,1.0,-67.0
1777891804.2143323,-1.0,4.0,-72.0
1777891804.2243323,2.0,5.0,-79.0
1777891804.2343323,4.0,4.0,-78.0
1777891804.2443323,6.0,2.0,-75.0
1777891804.2543323,6.0,1.0,-69.0
1777891804.2643323,7.0,1.0,-68.0
1777891804.2743323,6.0,2.0,-72.0
1777891804.2843325,2.0,2.0,-74.0
1777891804.2943325,-1.0,0.0,-72.0
1777891804.3043325,-1.0,2.0,-79.0
1777891804.3143325,-3.0,3.0,-81.0
1777891804.3243325,-4.0,0.0,-78.0
1777891804.3343325,-1.0,-2.0,-79.0
1777891804.3443325,-1.0,-5.0,-82.0
1777891804.3543324,0.0,-4.0,-81.0
1777891804.3643324,2.0,-1.0,-84.0
1777891804.3743324,2.0,-1.0,-82.0
1777891804.3843324,2.0,-1.0,-79.0
1777891804.3943324,5.0,-1.0,-73.0
1777891804.4043324,5.0,1.0,-81.0
1777891804.4143324,6.0,1.0,-82.0
1777891804.4243324,0.0,-3.0,-80.0
1777891804.4343324,-3.0,-8.0,-81.0
1777891804.4443324,-4.0,-10.0,-76.0
1777891804.4543324,-6.0,-10.0,-71.0
1777891804.4643323,-7.0,-8.0,-69.0
1777891804.4743323,-2.0,-8.0,-72.0
1777891804.4843323,-3.0,-9.0,-74.0
1777891804.4943323,0.0,0.0,-77.0
1777891804.5043323,0.0,-3.0,-76.0
1777891804.5143323,0.0,-3.0,-79.0
1777891804.5243323,-1.0,-3.0,-75.0
1777891804.5343325,0.0,-4.0,-74.0
1777891804.5443325,3.0,-6.0,-69.0
1777891804.5543325,5.0,-10.0,-73.0
1777891804.5643325,2.0,-6.0,-77.0
1777891804.5743325,3.0,-7.0,-82.0
1777891804.5843325,3.0,-8.0,-81.0
1777891804.5943325,0.0,-7.0,-82.0
1777891804.6043324,0.0,-2.0,-80.0
1777891804.6143324,3.0,-5.0,-77.0
1777891804.6243324,3.0,-7.0,-77.0
1777891804.6343324,0.0,-7.0,-74.0
1777891804.6443324,1.0,-8.0,-75.0
1777891804.6543324,0.0,-3.0,-74.0
1777891804.6643324,1.0,-5.0,-73.0
1777891804.6743324,8.0,-7.0,-81.0
1777891804.6843324,7.0,-5.0,-82.0
1777891804.6943324,9.0,0.0,-84.0
1777891804.7043324,9.0,4.0,-77.0
1777891804.7143323,9.0,5.0,-78.0
1777891804.7243323,5.0,0.0,-81.0
1777891804.7343323,8.0,-2.0,-76.0
1777891804.7443323,11.0,-2.0,-74.0
1777891804.7543323,9.0,-8.0,-79.0
1777891804.7643323,13.0,-5.0,-68.0
1777891804.7743323,10.0,-8.0,-71.0
1777891804.7843325,8.0,-6.0,-77.0
1777891804.7943325,8.0,-5.0,-85.0
1777891804.8043325,4.0,-5.0,-90.0
1777891804.8143325,2.0,-4.0,-89.0
1777891804.8243325,-2.0,-2.0,-90.0
1777891804.8343325,0.0,-1.0,-85.0
1777891804.8443325,0.0,-1.0,-81.0
1777891804.8543324,4.0,2.0,-79.0
1777891804.8643324,2.0,0.0,-78.0
1777891804.8743324,-1.0,1.0,-78.0
1777891804.8843324,-3.0,-4.0,-76.0
1777891804.8943324,1.0,-4.0,-73.0
1777891804.9043324,3.0,-3.0,-77.0
1777891804.9143324,0.0,-6.0,-75.0
1777891804.9243324,0.0,-3.0,-78.0
1777891804.9343324,-5.0,-3.0,-81.0
1777891804.9443324,-4.0,-6.0,-81.0
1777891804.9543324,-3.0,-4.0,-73.0
1777891804.9643323,-1.0,-1.0,-65.0
1777891804.9743323,0.0,0.0,-71.0
1777891804.9843323,-1.0,0.0,-75.0
1777891804.9943323,0.0,1.0,-77.0
1777891805.0043323,-1.0,-1.0,-79.0
1777891805.0143323,0.0,-1.0,-80.0
1777891805.0243323,0.0,1.0,-82.0
1777891805.0343325,0.0,1.0,-80.0
1777891805.0443325,0.0,1.0,-78.0
1777891805.0543325,0.0,7.0,-75.0
1777891805.0643325,0.0,9.0,-72.0
1777891805.0743325,3.0,7.0,-71.0
1777891805.0843325,0.0,6.0,-71.0
1777891805.0943325,-3.0,8.0,-69.0
1777891805.1043324,-3.0,3.0,-65.0
1777891805.1143324,-5.0,0.0,-72.0
1777891805.1243324,-4.0,-4.0,-70.0
1777891805.1343324,0.0,-6.0,-77.0
1777891805.1443324,1.0,-3.0,-74.0
1777891805.1543324,-3.0,0.0,-71.0
1777891805.1643324,-5.0,3.0,-71.0
1777891805.1743324,-7.0,1.0,-79.0
1777891805.1843324,-4.0,0.0,-84.0
1777891805.1943324,-4.0,-1.0,-76.0
1777891805.2043324,-6.0,-5.0,-75.0
1777891805.2143323,-5.0,-6.0,-71.0
1777891805.2243323,-3.0,-6.0,-67.0
1777891805.2343323,-2.0,-7.0,-68.0
1777891805.2443323,-3.0,-6.0,-73.0
1777891805.2543323,1.0,-3.0,-67.0
1777891805.2643323,2.0,1.0,-66.0
1777891805.2743323,5.0,2.0,-69.0
1777891805.2843325,0.0,2.0,-73.0
1777891805.2943325,1.0,4.0,-75.0
1777891805.3043325,1.0,0.0,-76.0
1777891805.3143325,-1.0,1.0,-73.0
1777891805.3243325,0.0,1.0,-75.0
1777891805.3343325,3.0,3.0,-66.0
1777891805.3443325,1.0,1.0,-67.0
1777891805.3543324,5.0,0.0,-68.0
1777891805.3643324,1.0,-2.0,-67.0
1777891805.3743324,0.0,-1.0,-74.0
1777891805.3843324,0.0,-4.0,-81.0
1777891805.3943324,0.0,-4.0,-80.0
1777891805.4043324,3.0,-2.0,-76.0
1777891805.4143324,1.0,-5.0,-68.0
1777891805.4243324,0.0,-2.0,-62.0
1777891805.4343324,0.0,-3.0,-63.0
1777891805.4443324,2.0,2.0,-64.0
1777891805.4543324,2.0,6.0,-68.0
1777891805.4643323,7.0,8.0,-75.0
1777891805.4743323,8.0,7.0,-69.0
1777891805.4843323,5.0,0.0,-72.0
1777891805.4943323,5.0,-4.0,-74.0
1777891805.5043323,6.0,-2.0,-72.0
1777891805.5143323,5.0,-3.0,-66.0
1777891805.5243323,6.0,0.0,-65.0
1777891805.5343325,5.0,1.0,-67.0
1777891805.5443325,7.0,6.0,-63.0
1777891805.5543325,6.0,6.0,-58.0
1777891805.5643325,0.0,3.0,-55.0
1777891805.5743325,0.0,6.0,-61.0
1777891805.5843325,0.0,4.0,-66.0
1777891805.5953324,-2.0,1.0,-68.0
1777891805.6053324,-3.0,2.0,-72.0
1777891805.6153324,-3.0,1.0,-67.0
1777891805.6253324,0.0,2.0,-68.0
1777891805.6353323,-2.0,1.0,-72.0
1777891805.6453323,-2.0,2.0,-69.0
1777891805.6553323,-2.0,1.0,-67.0
1777891805.6653323,0.0,1.0,-60.0
1777891805.6753323,-2.0,2.0,-58.0
1777891805.6853323,0.0,3.0,-65.0
1777891805.6953323,1.0,2.0,-62.0
1777891805.7053325,-1.0,4.0,-63.0
1777891805.7153325,4.0,2.0,-58.0
1777891805.7253325,0.0,4.0,-64.0
1777891805.7353325,3.0,4.0,-75.0
1777891805.7453325,1.0,5.0,-76.0
1777891805.7553325,3.0,5.0,-78.0
1777891805.7653325,7.0,5.0,-77.0
1777891805.7753325,11.0,4.0,-77.0
1777891805.7853324,7.0,0.0,-85.0
1777891805.7953324,5.0,-4.0,-83.0
1777891805.8053324,6.0,-6.0,-77.0
1777891805.8153324,2.0,-5.0,-72.0
1777891805.8253324,0.0,-2.0,-76.0
1777891805.8353324,0.0,0.0,-76.0
1777891805.8453324,3.0,0.0,-77.0
1777891805.8553324,3.0,0.0,-77.0
1777891805.8653324,0.0,-3.0,-79.0
1777891805.8753324,-1.0,-2.0,-77.0
1777891805.8853323,-2.0,0.0,-73.0
1777891805.8953323,-3.0,-4.0,-75.0
1777891805.9053323,3.0,-6.0,-72.0
1777891805.9153323,3.0,-3.0,-75.0
1777891805.9253323,4.0,-2.0,-70.0
1777891805.9353323,6.0,-1.0,-70.0
1777891805.9453323,6.0,-5.0,-73.0
1777891805.9553325,6.0,-3.0,-74.0
1777891805.9653325,9.0,-2.0,-73.0
1777891805.9753325,5.0,0.0,-74.0
1777891805.9853325,3.0,-5.0,-79.0
1777891805.9953325,1.0,-1.0,-75.0
1777891806.0053325,4.0,2.0,-73.0
1777891806.0153325,4.0,0.0,-80.0
1777891806.0253325,4.0,5.0,-81.0
1777891806.0353324,7.0,3.0,-77.0
1777891806.0453324,7.0,4.0,-75.0
1777891806.0553324,4.0,8.0,-74.0
1777891806.0653324,7.0,4.0,-65.0
1777891806.0753324,9.0,1.0,-63.0
1777891806.0853324,2.0,2.0,-71.0
1777891806.0953324,0.0,0.0,-66.0
1777891806.1053324,1.0,-3.0,-61.0
1777891806.1153324,1.0,-3.0,-64.0
1777891806.1253324,1.0,-4.0,-72.0
1777891806.1353323,-1.0,-6.0,-75.0
1777891806.1453323,-3.0,-4.0,-84.0
1777891806.1553323,0.0,-4.0,-79.0
1777891806.1653323,6.0,-1.0,-85.0
1777891806.1753323,8.0,0.0,-83.0
1777891806.1853323,7.0,0.0,-80.0
1777891806.1953323,2.0,-5.0,-76.0
1777891806.2053325,4.0,-9.0,-72.0
1777891806.2153325,5.0,-7.0,-72.0
1777891806.2253325,2.0,0.0,-68.0
1777891806.2353325,2.0,0.0,-71.0
1777891806.2453325,3.0,0.0,-73.0
1777891806.2553325,0.0,0.0,-76.0
1777891806.2653325,0.0,1.0,-71.0
1777891806.2753325,1.0,0.0,-71.0
1777891806.2853324,6.0,0.0,-70.0
1777891806.2953324,3.0,-1.0,-67.0
1777891806.3053324,0.0,-1.0,-60.0
1777891806.3153324,0.0,-4.0,-62.0
1777891806.3253324,0.0,-3.0,-67.0
1777891806.3353324,3.0,-3.0,-70.0
1777891806.3453324,4.0,-4.0,-76.0
1777891806.3553324,3.0,-1.0,-76.0
1777891806.3653324,9.0,-2.0,-76.0
1777891806.3753324,7.0,-2.0,-77.0
1777891806.3853323,6.0,-2.0,-81.0
1777891806.3953323,8.0,1.0,-80.0
1777891806.4053323,5.0,0.0,-80.0
1777891806.4153323,9.0,0.0,-77.0
1777891806.4253323,6.0,-3.0,-72.0
1777891806.4353323,3.0,0.0,-72.0
1777891806.4453323,2.0,0.0,-72.0
1777891806.4553325,0.0,2.0,-79.0
1777891806.4653325,1.0,4.0,-79.0
1777891806.4753325,4.0,1.0,-78.0
1777891806.4853325,2.0,0.0,-72.0
1777891806.4953325,5.0,0.0,-69.0
1777891806.5053325,7.0,-5.0,-72.0
1777891806.5153325,3.0,-4.0,-70.0
1777891806.5253325,-3.0,-1.0,-70.0
1777891806.5353324,-5.0,-3.0,-77.0
1777891806.5453324,-1.0,-8.0,-80.0
1777891806.5553324,0.0,-7.0,-81.0
1777891806.5653324,1.0,-4.0,-76.0
1777891806.5753324,0.0,-1.0,-74.0
1777891806.5853324,0.0,-1.0,-73.0
1777891806.5953324,0.0,-3.0,-76.0
1777891806.6053324,0.0,-6.0,-73.0
1777891806.6153324,-2.0,-3.0,-74.0
1777891806.6253324,-1.0,0.0,-72.0
1777891806.6353323,6.0,0.0,-65.0
1777891806.6453323,9.0,0.0,-65.0
1777891806.6553323,8.0,0.0,-72.0
1777891806.6653323,3.0,-3.0,-75.0
1777891806.6753323,0.0,-2.0,-77.0
1777891806.6853323,3.0,-2.0,-75.0
1777891806.6953323,-1.0,-3.0,-78.0
1777891806.7053325,0.0,-5.0,-76.0
1777891806.7153325,-1.0,-5.0,-85.0
1777891806.7253325,4.0,-3.0,-79.0
1777891806.7353325,0.0,0.0,-79.0
1777891806.7453325,-4.0,3.0,-78.0
1777891806.7553325,0.0,0.0,-73.0
1777891806.7653325,0.0,-3.0,-70.0
1777891806.7753325,0.0,-3.0,-72.0
1777891806.7853324,1.0,-3.0,-70.0
1777891806.7953324,1.0,0.0,-74.0
1777891806.8053324,3.0,-2.0,-74.0
1777891806.8153324,1.0,-4.0,-70.0
1777891806.8253324,-1.0,-5.0,-69.0
1777891806.8353324,1.0,-5.0,-70.0
1777891806.8453324,4.0,-4.0,-73.0
1777891806.8553324,-1.0,-6.0,-78.0
1777891806.8653324,0.0,-4.0,-79.0
1777891806.8753324,-2.0,1.0,-78.0
1777891806.8853323,0.0,0.0,-80.0
1777891806.8953323,2.0,-1.0,-78.0
1777891806.9053323,0.0,-4.0,-81.0
1777891806.9153323,3.0,-3.0,-81.0
1777891806.9253323,5.0,-2.0,-76.0
1777891806.9353323,5.0,2.0,-78.0
1777891806.9453323,7.0,1.0,-75.0
1777891806.9553325,3.0,0.0,-76.0
1777891806.9653325,1.0,-2.0,-73.0
1777891806.9753325,1.0,-3.0,-80.0
1777891806.9853325,2.0,-2.0,-83.0
1777891806.9953325,1.0,0.0,-96.0
1777891807.0053325,0.0,0.0,-90.0
1777891807.0153325,1.0,-4.0,-83.0
1777891807.0253325,0.0,-3.0,-76.0
1777891807.0353324,4.0,-7.0,-75.0
1777891807.0453324,2.0,-4.0,-72.0
1777891807.0553324,-1.0,-3.0,-68.0
1777891807.0653324,-1.0,-3.0,-70.0
1777891807.0753324,-3.0,0.0,-70.0
1777891807.0853324,-1.0,0.0,-70.0
1777891807.0953324,2.0,-1.0,-72.0
1777891807.1053324,2.0,0.0,-78.0
1777891807.1153324,-2.0,-2.0,-81.0
1777891807.1253324,-1.0,0.0,-75.0
1777891807.1353323,2.0,0.0,-75.0
1777891807.1453323,3.0,-1.0,-69.0
1777891807.1553323,-2.0,-2.0,-68.0
1777891807.1653323,-4.0,-4.0,-78.0
1777891807.1753323,-5.0,-2.0,-78.0
1777891807.1853323,-4.0,0.0,-74.0
1777891807.1953323,-2.0,-1.0,-72.0
1777891807.2053325,-2.0,0.0,-72.0
1777891807.2153325,1.0,3.0,-80.0
1777891807.2253325,2.0,2.0,-74.0
1777891807.2353325,3.0,0.0,-79.0
1777891807.2453325,3.0,1.0,-82.0
1777891807.2553325,2.0,2.0,-74.0
1777891807.2653325,1.0,4.0,-70.0
1777891807.2753325,2.0,1.0,-78.0
1777891807.2853324,2.0,0.0,-79.0
1777891807.2953324,0.0,0.0,-80.0
1777891807.3053324,-4.0,1.0,-74.0
1777891807.3153324,-1.0,2.0,-73.0
1777891807.3253324,-1.0,2.0,-68.0
1777891807.3353324,0.0,2.0,-67.0
1777891807.3453324,1.0,3.0,-67.0
1777891807.3553324,1.0,2.0,-73.0
1777891807.3653324,3.0,-1.0,-72.0
1777891807.3753324,4.0,-5.0,-78.0
1777891807.3853323,1.0,-8.0,-73.0
1777891807.3953323,-2.0,-7.0,-68.0
1777891807.4053323,-4.0,-5.0,-72.0
1777891807.4153323,-1.0,-1.0,-75.0
1777891807.4253323,0.0,1.0,-76.0
1777891807.4353323,-2.0,3.0,-79.0
1777891807.4453323,2.0,-1.0,-81.0
1777891807.4553325,3.0,-1.0,-79.0
1777891807.4653325,3.0,0.0,-75.0
1777891807.4753325,4.0,-2.0,-78.0
1777891807.4853325,0.0,0.0,-81.0
1777891807.4953325,-1.0,0.0,-87.0
1777891807.5053325,0.0,-1.0,-81.0
1777891807.5153325,-4.0,-2.0,-76.0
1777891807.5253325,-6.0,-2.0,-74.0
1777891807.5363324,-4.0,-3.0,-70.0
1777891807.5463324,-1.0,-3.0,-68.0
1777891807.5553324,-5.0,-5.0,-60.0
1777891807.5653324,0.0,-3.0,-58.0
1777891807.5753324,3.0,-5.0,-62.0
1777891807.5863323,2.0,-1.0,-62.0
1777891807.5963323,0.0,0.0,-66.0
1777891807.6063323,0.0,1.0,-66.0
1777891807.6163323,-3.0,3.0,-67.0
1777891807.6263323,-4.0,3.0,-68.0
1777891807.6363325,-6.0,6.0,-70.0
1777891807.6463325,-9.0,3.0,-79.0
1777891807.6563325,-3.0,5.0,-71.0
1777891807.6663325,-2.0,2.0,-69.0
1777891807.6763325,0.0,4.0,-69.0
1777891807.6863325,0.0,1.0,-63.0
1777891807.6963325,0.0,3.0,-61.0
1777891807.7063324,0.0,3.0,-57.0
1777891807.7163324,3.0,2.0,-56.0
1777891807.7263324,2.0,0.0,-62.0
1777891807.7363324,6.0,-1.0,-64.0
1777891807.7463324,3.0,0.0,-73.0
1777891807.7563324,2.0,0.0,-75.0
1777891807.7663324,2.0,-4.0,-75.0
1777891807.7763324,2.0,-7.0,-79.0
1777891807.7863324,5.0,-5.0,-72.0
1777891807.7963324,2.0,-2.0,-74.0
1777891807.8063323,2.0,-2.0,-67.0
1777891807.8163323,1.0,0.0,-73.0
1777891807.8263323,-1.0,4.0,-68.0
1777891807.8363323,-1.0,4.0,-65.0
1777891807.8463323,-1.0,3.0,-70.0
1777891807.8563323,1.0,4.0,-74.0
1777891807.8663323,1.0,0.0,-79.0
1777891807.8763323,0.0,-4.0,-84.0
1777891807.8863325,4.0,-7.0,-83.0
1777891807.8963325,0.0,-8.0,-79.0
1777891807.9063325,3.0,-8.0,-74.0
1777891807.9163325,7.0,-5.0,-75.0
1777891807.9263325,7.0,-7.0,-69.0
1777891807.9363325,7.0,-2.0,-66.0
1777891807.9463325,2.0,0.0,-73.0
1777891807.9563324,4.0,-3.0,-72.0
1777891807.9663324,2.0,-8.0,-76.0
1777891807.9763324,0.0,-10.0,-83.0
1777891807.9863324,-1.0,-6.0,-82.0
1777891807.9963324,-2.0,-3.0,-79.0
1777891808.0063324,-2.0,-1.0,-81.0
1777891808.0163324,-5.0,-2.0,-81.0
1777891808.0263324,0.0,-2.0,-76.0
1777891808.0363324,1.0,1.0,-73.0
1777891808.0463324,1.0,2.0,-73.0
1777891808.0563323,1.0,0.0,-71.0
1777891808.0663323,0.0,0.0,-69.0
1777891808.0763323,-1.0,-1.0,-68.0
1777891808.0863323,-7.0,0.0,-75.0
1777891808.0963323,-9.0,-2.0,-74.0
1777891808.1063323,-7.0,-3.0,-72.0
1777891808.1163323,-8.0,4.0,-76.0
1777891808.1263323,-11.0,5.0,-84.0
1777891808.1363325,-8.0,5.0,-81.0
1777891808.1463325,-1.0,8.0,-75.0
1777891808.1563325,0.0,4.0,-76.0
1777891808.1663325,1.0,5.0,-79.0
1777891808.1763325,1.0,2.0,-79.0
1777891808.1863325,3.0,3.0,-74.0
1777891808.1963325,3.0,1.0,-69.0
1777891808.2063324,4.0,-4.0,-72.0
1777891808.2163324,2.0,-5.0,-71.0
1777891808.2263324,-2.0,0.0,-74.0
1777891808.2363324,3.0,-2.0,-78.0
1777891808.2463324,5.0,-4.0,-84.0
1777891808.2563324,5.0,-5.0,-84.0
1777891808.2663324,5.0,-3.0,-84.0
1777891808.2763324,2.0,-3.0,-82.0
1777891808.2863324,1.0,-1.0,-79.0
1777891808.2963324,3.0,4.0,-77.0
1777891808.3063323,1.0,3.0,-79.0
1777891808.3163323,1.0,3.0,-75.0
1777891808.3263323,-4.0,0.0,-74.0
1777891808.3363323,-7.0,-4.0,-70.0
1777891808.3463323,-5.0,-2.0,-74.0
1777891808.3563323,-4.0,2.0,-71.0
1777891808.3663323,-7.0,0.0,-67.0
1777891808.3763323,-10.0,0.0,-74.0
1777891808.3863325,-4.0,-3.0,-72.0
1777891808.3963325,0.0,-4.0,-69.0
1777891808.4063325,1.0,-2.0,-66.0
1777891808.4163325,0.0,0.0,-66.0
1777891808.4263325,-5.0,3.0,-71.0
1777891808.4363325,-5.0,-3.0,-71.0
1777891808.4463325,-4.0,-2.0,-76.0
1777891808.4563324,-5.0,-5.0,-83.0
1777891808.4663324,-7.0,0.0,-83.0
1777891808.4763324,-4.0,2.0,-76.0
1777891808.4863324,-3.0,1.0,-77.0
1777891808.4963324,-3.0,-3.0,-75.0
1777891808.5063324,-3.0,-6.0,-83.0
1777891808.5163324,-2.0,-7.0,-79.0
1777891808.5263324,-3.0,-9.0,-73.0
1777891808.5363324,-1.0,-7.0,-69.0
1777891808.5463324,-3.0,-10.0,-72.0
1777891808.5563323,0.0,-10.0,-73.0
1777891808.5663323,-2.0,-8.0,-77.0
1777891808.5763323,-4.0,-7.0,-78.0
1777891808.5863323,-2.0,-6.0,-77.0
1777891808.5963323,-6.0,-5.0,-71.0
1777891808.6063323,-7.0,-6.0,-68.0
1777891808.6163323,-3.0,-9.0,-68.0
1777891808.6263323,-4.0,-7.0,-71.0
1777891808.6363325,1.0,-9.0,-71.0
1777891808.6463325,3.0,-12.0,-67.0
1777891808.6563325,2.0,-14.0,-67.0
1777891808.6663325,0.0,-13.0,-67.0
1777891808.6763325,0.0,-7.0,-65.0
1777891808.6863325,3.0,-6.0,-63.0
1777891808.6963325,-2.0,-8.0,-65.0
1777891808.7063324,-4.0,-8.0,-64.0
1777891808.7163324,0.0,-9.0,-70.0
1777891808.7263324,-2.0,-6.0,-74.0
1777891808.7363324,-2.0,-8.0,-70.0
1777891808.7463324,-4.0,-4.0,-66.0
1777891808.7563324,1.0,0.0,-62.0
1777891808.7663324,0.0,-1.0,-68.0
1777891808.7763324,0.0,-4.0,-76.0
1777891808.7863324,-1.0,-5.0,-77.0
1777891808.7963324,0.0,-2.0,-72.0
1777891808.8063323,1.0,-4.0,-69.0
1777891808.8163323,0.0,-7.0,-71.0
1777891808.8263323,1.0,-10.0,-67.0
1777891808.8363323,2.0,-13.0,-65.0
1777891808.8463323,0.0,-13.0,-65.0
1777891808.8563323,-3.0,-11.0,-62.0
1777891808.8663323,-5.0,-5.0,-70.0
1777891808.8763323,-5.0,-4.0,-73.0
1777891808.8863325,-3.0,-3.0,-72.0
1777891808.8963325,-5.0,0.0,-73.0
1777891808.9063325,-10.0,0.0,-69.0
1777891808.9163325,-8.0,-3.0,-66.0
1777891808.9263325,-12.0,-2.0,-72.0
1777891808.9363325,-11.0,-1.0,-70.0
1777891808.9463325,-15.0,-1.0,-69.0
1777891808.9563324,-9.0,-3.0,-67.0
1777891808.9663324,-5.0,1.0,-71.0
1777891808.9763324,-2.0,3.0,-76.0
1777891808.9863324,-8.0,3.0,-74.0
1777891808.9963324,-6.0,1.0,-69.0
1777891809.0063324,0.0,0.0,-71.0
1777891809.0163324,0.0,2.0,-73.0
1777891809.0263324,0.0,4.0,-74.0
1777891809.0363324,2.0,4.0,-67.0
1777891809.0463324,0.0,0.0,-71.0
1777891809.0563323,-1.0,-5.0,-71.0
1777891809.0663323,-3.0,-9.0,-70.0
1777891809.0763323,1.0,-8.0,-76.0
1777891809.0863323,7.0,-6.0,-75.0
1777891809.0963323,5.0,-5.0,-76.0
1777891809.1063323,4.0,-5.0,-76.0
1777891809.1163323,3.0,-6.0,-79.0
1777891809.1263323,2.0,-4.0,-80.0
1777891809.1363325,3.0,-3.0,-72.0
1777891809.1463325,0.0,-5.0,-67.0
1777891809.1563325,1.0,-5.0,-63.0
1777891809.1663325,4.0,0.0,-71.0
1777891809.1763325,4.0,3.0,-72.0
1777891809.1863325,12.0,5.0,-73.0
1777891809.1963325,8.0,4.0,-71.0
1777891809.2063324,6.0,3.0,-70.0
1777891809.2163324,6.0,-1.0,-72.0
1777891809.2263324,7.0,-2.0,-79.0
1777891809.2363324,6.0,0.0,-83.0
1777891809.2463324,6.0,2.0,-87.0
1777891809.2563324,3.0,3.0,-94.0
1777891809.2663324,0.0,6.0,-93.0
1777891809.2763324,0.0,4.0,-91.0
1777891809.2863324,-1.0,5.0,-91.0
1777891809.2963324,3.0,0.0,-83.0
1777891809.3063323,2.0,0.0,-82.0
1777891809.3163323,2.0,0.0,-80.0
1777891809.3263323,0.0,0.0,-75.0
1777891809.3363323,0.0,2.0,-73.0
1777891809.3463323,-2.0,-3.0,-73.0
1777891809.3563323,-3.0,-4.0,-71.0
1777891809.3663323,-1.0,-4.0,-70.0
1777891809.3763323,0.0,-4.0,-75.0
1777891809.3863325,0.0,-7.0,-77.0
1777891809.3963325,3.0,-7.0,-72.0
1777891809.4063325,1.0,-5.0,-76.0
1777891809.4163325,1.0,-3.0,-76.0
1777891809.4263325,3.0,-1.0,-67.0
1777891809.4363325,3.0,2.0,-63.0
1777891809.4463325,0.0,-1.0,-62.0
1777891809.4563324,-3.0,-1.0,-58.0
1777891809.4663324,-2.0,-4.0,-59.0
1777891809.4763324,2.0,-7.0,-64.0
1777891809.4863324,6.0,-9.0,-60.0
1777891809.4963324,5.0,-9.0,-70.0
1777891809.5063324,4.0,-11.0,-80.0
1777891809.5163324,0.0,-13.0,-86.0
1777891809.5263324,3.0,-12.0,-83.0
1777891809.5363324,4.0,-14.0,-79.0
1777891809.5463324,2.0,-14.0,-80.0
1777891809.5563323,2.0,-9.0,-79.0
1777891809.5673325,5.0,-7.0,-86.0
1777891809.5773325,6.0,-6.0,-86.0
1777891809.5873325,0.0,-4.0,-85.0
1777891809.5973325,6.0,-4.0,-82.0
1777891809.6073325,8.0,0.0,-82.0
1777891809.6173325,9.0,0.0,-83.0
1777891809.6273324,8.0,0.0,-89.0
1777891809.6373324,9.0,2.0,-81.0
1777891809.6473324,2.0,2.0,-81.0
1777891809.6573324,5.0,1.0,-77.0
1777891809.6673324,5.0,0.0,-80.0
1777891809.6773324,3.0,1.0,-77.0
1777891809.6873324,3.0,0.0,-76.0
1777891809.6973324,7.0,-7.0,-77.0
1777891809.7073324,5.0,-6.0,-77.0
1777891809.7173324,3.0,-4.0,-80.0
1777891809.7273324,4.0,-2.0,-82.0
1777891809.7373323,3.0,0.0,-81.0
1777891809.7473323,2.0,-1.0,-78.0
1777891809.7573323,2.0,1.0,-77.0
1777891809.7673323,0.0,5.0,-77.0
1777891809.7773323,2.0,0.0,-76.0
1777891809.7873323,5.0,-2.0,-71.0
1777891809.7973323,6.0,-2.0,-78.0
1777891809.8073325,6.0,2.0,-78.0
1777891809.8173325,7.0,1.0,-78.0
1777891809.8273325,7.0,2.0,-72.0
1777891809.8373325,6.0,2.0,-67.0
1777891809.8473325,8.0,0.0,-74.0
1777891809.8573325,6.0,2.0,-74.0
1777891809.8673325,9.0,-1.0,-79.0
1777891809.8773324,11.0,-5.0,-72.0
1777891809.8873324,13.0,-1.0,-73.0
1777891809.8973324,5.0,-3.0,-79.0
1777891809.9073324,5.0,-1.0,-73.0
1777891809.9173324,4.0,0.0,-71.0
1777891809.9273324,0.0,2.0,-65.0
1777891809.9373324,-1.0,3.0,-67.0
1777891809.9473324,-3.0,2.0,-66.0
1777891809.9573324,1.0,0.0,-66.0
1777891809.9673324,6.0,0.0,-64.0
1777891809.9773324,10.0,4.0,-66.0
1777891809.9873323,9.0,7.0,-66.0
1777891809.9973323,5.0,4.0,-62.0
1777891810.0073323,3.0,3.0,-63.0
1777891810.0173323,7.0,5.0,-65.0
1777891810.0273323,4.0,4.0,-70.0
1777891810.0373323,3.0,3.0,-72.0
1777891810.0473323,9.0,6.0,-68.0
1777891810.0573325,1.0,6.0,-68.0
1777891810.0673325,-3.0,3.0,-74.0
1777891810.0773325,-2.0,1.0,-77.0
1777891810.0873325,-1.0,5.0,-79.0
1777891810.0973325,-1.0,1.0,-86.0
1777891810.1073325,1.0,0.0,-82.0
1777891810.1173325,0.0,-1.0,-85.0
1777891810.1273324,-3.0,3.0,-79.0
1777891810.1373324,-1.0,1.0,-69.0
1777891810.1473324,-2.0,-1.0,-73.0
1777891810.1573324,-2.0,0.0,-70.0
1777891810.1673324,0.0,1.0,-72.0
1777891810.1773324,-1.0,-1.0,-76.0
1777891810.1873324,0.0,0.0,-80.0
1777891810.1973324,3.0,-3.0,-77.0
1777891810.2073324,-1.0,-2.0,-74.0
1777891810.2173324,4.0,-4.0,-74.0
1777891810.2273324,1.0,0.0,-74.0
1777891810.2373323,2.0,1.0,-72.0
1777891810.2473323,3.0,-2.0,-77.0
1777891810.2573323,4.0,-1.0,-76.0
1777891810.2673323,1.0,-1.0,-70.0
1777891810.2773323,0.0,-2.0,-67.0
1777891810.2873323,-5.0,-2.0,-68.0
1777891810.2973323,-3.0,-1.0,-70.0
1777891810.3073325,0.0,-6.0,-65.0
1777891810.3173325,5.0,-8.0,-67.0
1777891810.3273325,5.0,-4.0,-66.0
1777891810.3373325,6.0,-9.0,-70.0
1777891810.3473325,3.0,-6.0,-75.0
1777891810.3573325,0.0,-1.0,-74.0
1777891810.3673325,-1.0,0.0,-70.0
1777891810.3773324,0.0,0.0,-77.0
1777891810.3873324,0.0,0.0,-73.0
1777891810.3973324,2.0,0.0,-69.0
1777891810.4073324,-4.0,1.0,-70.0
1777891810.4173324,-5.0,1.0,-72.0
1777891810.4273324,0.0,0.0,-70.0
1777891810.4373324,0.0,-3.0,-63.0
1777891810.4473324,0.0,-3.0,-65.0
1777891810.4573324,0.0,-7.0,-63.0
1777891810.4673324,0.0,-9.0,-65.0
1777891810.4773324,-2.0,-9.0,-69.0
1777891810.4873323,-2.0,-4.0,-77.0
1777891810.4973323,-6.0,-1.0,-74.0
1777891810.5073323,-5.0,-4.0,-72.0
1777891810.5173323,-4.0,-5.0,-74.0
1777891810.5273323,-1.0,-6.0,-75.0
1777891810.5373323,2.0,-4.0,-78.0
1777891810.5473323,4.0,-3.0,-72.0
1777891810.5573325,2.0,0.0,-64.0
1777891810.5673325,5.0,1.0,-66.0
1777891810.5773325,4.0,0.0,-63.0
1777891810.5873325,5.0,0.0,-63.0
1777891810.5973325,9.0,-3.0,-61.0
1777891810.6073325,6.0,-6.0,-64.0
1777891810.6173325,6.0,-3.0,-70.0
1777891810.6273324,-1.0,-3.0,-74.0
1777891810.6373324,0.0,-2.0,-78.0
1777891810.6473324,2.0,-6.0,-78.0
1777891810.6573324,3.0,-3.0,-79.0
1777891810.6673324,2.0,2.0,-77.0
1777891810.6773324,0.0,1.0,-79.0
1777891810.6873324,-1.0,-1.0,-77.0
1777891810.6973324,-1.0,-3.0,-76.0
1777891810.7073324,0.0,0.0,-75.0
1777891810.7173324,4.0,0.0,-72.0
1777891810.7273324,6.0,-2.0,-66.0
1777891810.7373323,3.0,0.0,-62.0
1777891810.7473323,2.0,-2.0,-61.0
1777891810.7573323,0.0,0.0,-65.0
1777891810.7673323,3.0,0.0,-68.0
1777891810.7773323,6.0,0.0,-74.0
1777891810.7873323,4.0,1.0,-71.0
1777891810.7973323,-3.0,-1.0,-73.0
1777891810.8073325,-5.0,-1.0,-70.0
1777891810.8173325,0.0,-1.0,-75.0
1777891810.8273325,-2.0,0.0,-79.0
1777891810.8373325,0.0,2.0,-79.0
1777891810.8473325,3.0,1.0,-75.0
1777891810.8573325,2.0,0.0,-74.0
1777891810.8673325,0.0,-2.0,-69.0
1777891810.8773324,0.0,-1.0,-70.0
1777891810.8873324,0.0,-2.0,-61.0
1777891810.8973324,-4.0,-2.0,-61.0
1777891810.9073324,0.0,1.0,-57.0
1777891810.9173324,-1.0,2.0,-58.0
1777891810.9273324,2.0,2.0,-66.0
1777891810.9373324,3.0,2.0,-63.0
1777891810.9473324,1.0,1.0,-65.0
1777891810.9573324,0.0,2.0,-67.0
1777891810.9673324,-4.0,3.0,-73.0
1777891810.9773324,-1.0,4.0,-73.0
1777891810.9873323,-1.0,1.0,-73.0
1777891810.9973323,-2.0,1.0,-68.0
1777891811.0073323,-3.0,0.0,-63.0
1777891811.0173323,3.0,2.0,-62.0
1777891811.0273323,1.0,3.0,-65.0
1777891811.0373323,6.0,2.0,-63.0
1777891811.0473323,6.0,6.0,-57.0
1777891811.0573325,3.0,7.0,-63.0
1777891811.0673325,1.0,6.0,-68.0
1777891811.0773325,0.0,9.0,-66.0
1777891811.0873325,6.0,5.0,-72.0
1777891811.0973325,3.0,5.0,-72.0
1777891811.1073325,3.0,0.0,-68.0
1777891811.1173325,1.0,1.0,-70.0
1777891811.1273324,-2.0,-2.0,-70.0
1777891811.1373324,0.0,-4.0,-67.0
1777891811.1473324,0.0,-3.0,-66.0
1777891811.1573324,-2.0,0.0,-70.0
1777891811.1673324,1.0,2.0,-72.0
1777891811.1773324,0.0,4.0,-72.0
1777891811.1873324,-1.0,7.0,-67.0
1777891811.1973324,0.0,5.0,-70.0
1777891811.2073324,-4.0,0.0,-72.0
1777891811.2173324,0.0,0.0,-75.0
1777891811.2273324,-2.0,0.0,-69.0
1777891811.2373323,-2.0,1.0,-69.0
1777891811.2473323,-4.0,0.0,-69.0
1777891811.2573323,-5.0,0.0,-67.0
1777891811.2673323,-3.0,-4.0,-70.0
1777891811.2773323,-1.0,-4.0,-72.0
1777891811.2873323,0.0,0.0,-70.0
1777891811.2973323,4.0,-1.0,-74.0
1777891811.3073325,6.0,2.0,-68.0
1777891811.3173325,0.0,1.0,-70.0
1777891811.3273325,-5.0,0.0,-71.0
1777891811.3373325,-6.0,3.0,-69.0
1777891811.3473325,-2.0,1.0,-70.0
1777891811.3573325,-1.0,1.0,-70.0
1777891811.3673325,0.0,-2.0,-69.0
1777891811.3773324,1.0,-1.0,-71.0
1777891811.3873324,1.0,-6.0,-76.0
1777891811.3973324,2.0,-6.0,-76.0
1777891811.4073324,4.0,-5.0,-77.0
1777891811.4173324,2.0,-7.0,-80.0
1777891811.4273324,-7.0,-8.0,-80.0
1777891811.4373324,0.0,-6.0,-72.0
1777891811.4473324,3.0,-5.0,-70.0
1777891811.4573324,-1.0,-2.0,-71.0
1777891811.4673324,-7.0,2.0,-70.0
1777891811.4773324,-1.0,0.0,-73.0
1777891811.4873323,-1.0,-3.0,-69.0
1777891811.4973323,-2.0,-5.0,-62.0
1777891811.5073323,-3.0,-4.0,-63.0
1777891811.5173323,-3.0,-2.0,-73.0
1777891811.5283325,-1.0,-5.0,-71.0
1777891811.5373323,-2.0,-3.0,-69.0
1777891811.5473323,2.0,-3.0,-74.0
1777891811.5583324,1.0,-1.0,-69.0
1777891811.5683324,1.0,0.0,-68.0
1777891811.5783324,-2.0,-3.0,-66.0
1777891811.5883324,-2.0,-7.0,-69.0
1777891811.5983324,1.0,-7.0,-78.0
1777891811.6083324,4.0,-3.0,-80.0
1777891811.6183324,0.0,-3.0,-81.0
1777891811.6283324,0.0,-3.0,-80.0
1777891811.6383324,-1.0,0.0,-81.0
1777891811.6483324,4.0,0.0,-81.0
1777891811.6583323,5.0,1.0,-85.0
1777891811.6683323,2.0,-1.0,-79.0
1777891811.6783323,0.0,-3.0,-80.0
1777891811.6883323,-2.0,-4.0,-76.0
1777891811.6983323,0.0,-4.0,-77.0
1777891811.7083323,3.0,-8.0,-71.0
1777891811.7183323,3.0,-9.0,-72.0
1777891811.7283323,1.0,-8.0,-78.0
1777891811.7383325,-1.0,-5.0,-79.0
1777891811.7483325,-2.0,-9.0,-81.0
1777891811.7583325,-6.0,-2.0,-80.0
1777891811.7683325,-3.0,2.0,-80.0
1777891811.7783325,-2.0,0.0,-78.0
1777891811.7883325,-6.0,5.0,-82.0
1777891811.7983325,-10.0,5.0,-76.0
1777891811.8093324,-7.0,6.0,-75.0
1777891811.8183324,0.0,6.0,-66.0
1777891811.8283324,-2.0,6.0,-65.0
1777891811.8383324,-3.0,3.0,-75.0
1777891811.8483324,0.0,3.0,-72.0
1777891811.8583324,-4.0,0.0,-73.0
1777891811.8683324,0.0,4.0,-73.0
1777891811.8783324,1.0,-1.0,-65.0
1777891811.8883324,0.0,-8.0,-59.0
1777891811.8983324,-8.0,-8.0,-66.0
1777891811.9083323,-5.0,-3.0,-72.0
1777891811.9183323,-6.0,-3.0,-74.0
1777891811.9283323,-7.0,-1.0,-73.0
1777891811.9383323,-3.0,1.0,-70.0
1777891811.9483323,-3.0,2.0,-73.0
1777891811.9583323,0.0,0.0,-73.0
1777891811.9683323,1.0,3.0,-71.0
1777891811.9783323,1.0,-1.0,-72.0
1777891811.9883325,2.0,-3.0,-73.0
1777891811.9983325,2.0,-5.0,-75.0
1777891812.0083325,5.0,-6.0,-75.0
1777891812.0183325,7.0,-5.0,-73.0
1777891812.0283325,9.0,-9.0,-70.0
1777891812.0383325,10.0,-6.0,-73.0
1777891812.0483325,11.0,-4.0,-69.0
1777891812.0583324,12.0,-6.0,-72.0
1777891812.0683324,7.0,-4.0,-76.0
1777891812.0783324,7.0,-6.0,-84.0
1777891812.0883324,3.0,-6.0,-80.0
1777891812.0983324,1.0,-6.0,-77.0
1777891812.1083324,0.0,-3.0,-76.0
1777891812.1183324,3.0,0.0,-75.0
1777891812.1283324,2.0,0.0,-83.0
1777891812.1383324,0.0,4.0,-82.0
1777891812.1483324,0.0,0.0,-79.0
1777891812.1583323,1.0,1.0,-85.0
1777891812.1683323,0.0,2.0,-88.0
1777891812.1783323,-2.0,3.0,-88.0
1777891812.1883323,-3.0,-1.0,-84.0
1777891812.1983323,-4.0,-3.0,-75.0
1777891812.2083323,-8.0,-2.0,-74.0
1777891812.2183323,-7.0,1.0,-70.0
1777891812.2283323,0.0,0.0,-75.0
1777891812.2383325,0.0,0.0,-78.0
1777891812.2483325,6.0,-1.0,-72.0
1777891812.2583325,6.0,-1.0,-70.0
1777891812.2683325,6.0,-3.0,-71.0
1777891812.2783325,3.0,-1.0,-79.0
1777891812.2883325,7.0,0.0,-76.0
1777891812.2983325,6.0,0.0,-80.0
1777891812.3083324,6.0,-2.0,-85.0
1777891812.3183324,0.0,-4.0,-87.0
1777891812.3283324,1.0,-1.0,-78.0
1777891812.3383324,2.0,0.0,-86.0
1777891812.3483324,-4.0,0.0,-84.0
1777891812.3583324,-4.0,-2.0,-77.0
1777891812.3683324,-7.0,1.0,-77.0
1777891812.3783324,-7.0,0.0,-76.0
1777891812.3883324,-9.0,-1.0,-71.0
1777891812.3983324,-7.0,-4.0,-72.0
1777891812.4083323,-10.0,-5.0,-79.0
1777891812.4183323,-5.0,-4.0,-80.0
1777891812.4283323,-1.0,-1.0,-77.0
1777891812.4383323,1.0,2.0,-73.0
1777891812.4483323,7.0,4.0,-71.0
1777891812.4583323,13.0,3.0,-74.0
1777891812.4683323,9.0,2.0,-70.0
1777891812.4783323,10.0,0.0,-72.0
1777891812.4883325,10.0,0.0,-73.0
1777891812.4983325,6.0,0.0,-68.0
1777891812.5083325,7.0,-5.0,-69.0
1777891812.5183325,10.0,-5.0,-73.0
1777891812.5283325,12.0,-7.0,-71.0
1777891812.5383325,9.0,-9.0,-67.0
1777891812.5483325,8.0,-5.0,-68.0
1777891812.5583324,7.0,-5.0,-68.0
1777891812.5683324,8.0,0.0,-69.0
1777891812.5783324,5.0,-1.0,-71.0
1777891812.5883324,1.0,-2.0,-76.0
1777891812.5983324,-1.0,0.0,-79.0
1777891812.6083324,-2.0,-1.0,-74.0
1777891812.6183324,0.0,-2.0,-69.0
1777891812.6283324,2.0,-3.0,-66.0
1777891812.6383324,5.0,-3.0,-64.0
1777891812.6483324,6.0,-4.0,-67.0
1777891812.6583323,5.0,-2.0,-69.0
1777891812.6683323,0.0,0.0,-72.0
1777891812.6783323,-2.0,-3.0,-76.0
1777891812.6883323,0.0,-3.0,-74.0
1777891812.6983323,0.0,0.0,-71.0
1777891812.7083323,-1.0,4.0,-78.0
1777891812.7183323,-3.0,1.0,-77.0
1777891812.7283323,-2.0,3.0,-71.0
1777891812.7383325,0.0,0.0,-71.0
1777891812.7483325,-3.0,3.0,-67.0
1777891812.7583325,-3.0,3.0,-67.0
1777891812.7683325,-1.0,0.0,-75.0
1777891812.7783325,-4.0,0.0,-81.0
1777891812.7883325,-2.0,0.0,-84.0
1777891812.7983325,0.0,-1.0,-78.0
1777891812.8083324,-3.0,2.0,-71.0
1777891812.8183324,-6.0,2.0,-72.0
1777891812.8283324,-8.0,-2.0,-73.0
1777891812.8383324,-5.0,-2.0,-73.0
1777891812.8483324,-4.0,0.0,-70.0
1777891812.8583324,0.0,-1.0,-64.0
1777891812.8683324,0.0,-1.0,-59.0
1777891812.8783324,-1.0,-4.0,-64.0
1777891812.8883324,0.0,-4.0,-71.0
1777891812.8983324,-1.0,-5.0,-70.0
1777891812.9083323,1.0,-3.0,-72.0
1777891812.9183323,5.0,-4.0,-68.0
1777891812.9283323,7.0,-8.0,-72.0
1777891812.9383323,7.0,-8.0,-70.0
1777891812.9483323,11.0,-8.0,-72.0
1777891812.9583323,6.0,-7.0,-67.0
1777891812.9683323,4.0,-2.0,-60.0
1777891812.9783323,1.0,-1.0,-55.0
1777891812.9883325,4.0,-3.0,-62.0
1777891812.9983325,9.0,-6.0,-65.0
1777891813.0083325,7.0,-2.0,-66.0
1777891813.0183325,7.0,-4.0,-70.0
1777891813.0283325,5.0,-6.0,-73.0
1777891813.0383325,4.0,-2.0,-64.0
1777891813.0483325,0.0,1.0,-63.0
1777891813.0583324,3.0,3.0,-69.0
1777891813.0683324,0.0,-3.0,-73.0
1777891813.0783324,0.0,2.0,-79.0
1777891813.0883324,3.0,1.0,-83.0
1777891813.0983324,0.0,-2.0,-83.0
1777891813.1083324,3.0,-1.0,-82.0
1777891813.1183324,0.0,1.0,-84.0
1777891813.1283324,-3.0,2.0,-79.0
1777891813.1383324,-4.0,0.0,-76.0
1777891813.1483324,-3.0,0.0,-74.0
1777891813.1583323,-3.0,-1.0,-70.0
1777891813.1683323,-6.0,0.0,-73.0
1777891813.1783323,-7.0,-3.0,-71.0
1777891813.1883323,-5.0,-9.0,-71.0
1777891813.1983323,-4.0,-6.0,-75.0
1777891813.2083323,-5.0,-2.0,-76.0
1777891813.2183323,-1.0,0.0,-76.0
1777891813.2283323,0.0,0.0,-80.0
1777891813.2383325,0.0,-1.0,-73.0
1777891813.2483325,0.0,-1.0,-73.0
1777891813.2583325,0.0,0.0,-76.0
1777891813.2683325,1.0,-2.0,-67.0
1777891813.2783325,3.0,-3.0,-74.0
1777891813.2883325,5.0,-5.0,-69.0
1777891813.2983325,2.0,-3.0,-72.0
1777891813.3083324,0.0,-1.0,-70.0
1777891813.3183324,-2.0,-7.0,-67.0
1777891813.3283324,-3.0,-8.0,-68.0
1777891813.3383324,-2.0,-6.0,-63.0
1777891813.3483324,-5.0,0.0,-56.0
1777891813.3583324,-4.0,-1.0,-57.0
1777891813.3683324,0.0,-3.0,-60.0
1777891813.3783324,2.0,-5.0,-61.0
1777891813.3883324,3.0,-2.0,-62.0
1777891813.3983324,3.0,-3.0,-70.0
1777891813.4083323,3.0,-1.0,-70.0
1777891813.4183323,6.0,0.0,-60.0
1777891813.4283323,6.0,-1.0,-58.0
1777891813.4383323,4.0,0.0,-65.0
1777891813.4483323,4.0,0.0,-69.0
1777891813.4583323,3.0,-1.0,-68.0
1777891813.4683323,5.0,-6.0,-69.0
1777891813.4783323,3.0,-5.0,-72.0
1777891813.4883325,2.0,-7.0,-74.0
1777891813.4983325,2.0,-5.0,-76.0
1777891813.5093324,0.0,-4.0,-76.0
1777891813.5193324,0.0,0.0,-72.0
1777891813.5293324,1.0,4.0,-72.0
1777891813.5383325,8.0,2.0,-60.0
1777891813.5483325,7.0,4.0,-55.0
1777891813.5583324,8.0,3.0,-60.0
1777891813.5693324,7.0,5.0,-65.0
1777891813.5793324,4.0,0.0,-65.0
1777891813.5893323,2.0,0.0,-63.0
1777891813.5993323,5.0,3.0,-67.0
1777891813.6093323,4.0,2.0,-65.0
1777891813.6193323,8.0,1.0,-72.0
1777891813.6293323,6.0,-2.0,-70.0
1777891813.6393323,4.0,-1.0,-67.0
1777891813.6493323,2.0,1.0,-70.0
1777891813.6593325,2.0,3.0,-67.0
1777891813.6693325,7.0,0.0,-70.0
1777891813.6793325,1.0,0.0,-74.0
1777891813.6893325,0.0,-2.0,-74.0
1777891813.6993325,-2.0,-5.0,-74.0
1777891813.7093325,-1.0,-4.0,-78.0
1777891813.7193325,-7.0,-2.0,-82.0
1777891813.7293324,-3.0,-2.0,-83.0
1777891813.7393324,-4.0,1.0,-84.0
1777891813.7493324,-5.0,0.0,-84.0
1777891813.7593324,-4.0,-4.0,-82.0
1777891813.7693324,-12.0,-4.0,-85.0
1777891813.7793324,-14.0,-7.0,-80.0
1777891813.7893324,-7.0,-7.0,-77.0
1777891813.7993324,0.0,-9.0,-77.0
1777891813.8093324,-1.0,-8.0,-75.0
1777891813.8193324,0.0,-5.0,-70.0
1777891813.8293324,5.0,-1.0,-72.0
1777891813.8393323,0.0,0.0,-76.0
1777891813.8493323,0.0,0.0,-78.0
1777891813.8593323,4.0,-2.0,-75.0
1777891813.8693323,1.0,0.0,-74.0
1777891813.8793323,5.0,-4.0,-72.0
1777891813.8893323,2.0,0.0,-71.0
1777891813.8993323,-1.0,1.0,-64.0
1777891813.9093325,2.0,0.0,-58.0
1777891813.9193325,4.0,0.0,-51.0
1777891813.9293325,3.0,1.0,-59.0
1777891813.9393325,1.0,1.0,-65.0
1777891813.9493325,1.0,3.0,-70.0
1777891813.9593325,0.0,3.0,-67.0
1777891813.9693325,0.0,5.0,-69.0
1777891813.9793324,2.0,0.0,-70.0
1777891813.9893324,4.0,-2.0,-71.0
1777891813.9993324,2.0,0.0,-76.0
1777891814.0093324,0.0,0.0,-79.0
1777891814.0193324,0.0,0.0,-85.0
1777891814.0293324,5.0,1.0,-85.0
1777891814.0393324,7.0,1.0,-82.0
1777891814.0493324,1.0,-1.0,-81.0
1777891814.0593324,1.0,-1.0,-80.0
1777891814.0693324,3.0,1.0,-75.0
1777891814.0793324,8.0,4.0,-76.0
1777891814.0893323,3.0,2.0,-81.0
1777891814.0993323,0.0,4.0,-79.0
1777891814.1093323,-2.0,6.0,-72.0
1777891814.1193323,-1.0,8.0,-69.0
1777891814.1293323,-4.0,12.0,-72.0
1777891814.1393323,1.0,7.0,-72.0
1777891814.1493323,1.0,7.0,-73.0
1777891814.1593325,2.0,9.0,-78.0
1777891814.1693325,0.0,12.0,-76.0
1777891814.1793325,3.0,7.0,-71.0
1777891814.1893325,0.0,4.0,-73.0
1777891814.1993325,-2.0,0.0,-72.0
1777891814.2093325,-3.0,0.0,-73.0
1777891814.2193325,0.0,-2.0,-70.0
1777891814.2293324,4.0,-2.0,-72.0
1777891814.2393324,5.0,-1.0,-70.0
1777891814.2493324,3.0,-3.0,-75.0
1777891814.2593324,-1.0,-4.0,-76.0
1777891814.2693324,-1.0,-6.0,-71.0
1777891814.2793324,0.0,-7.0,-73.0
1777891814.2893324,0.0,-6.0,-75.0
1777891814.2993324,0.0,-1.0,-76.0
1777891814.3093324,1.0,4.0,-80.0
1777891814.3193324,1.0,4.0,-88.0
1777891814.3293324,3.0,2.0,-83.0
1777891814.3393323,2.0,1.0,-79.0
1777891814.3493323,1.0,0.0,-76.0
1777891814.3593323,3.0,-3.0,-71.0
1777891814.3693323,6.0,-2.0,-68.0
1777891814.3793323,7.0,-3.0,-64.0
1777891814.3893323,5.0,-9.0,-61.0
1777891814.3993323,1.0,-11.0,-55.0
1777891814.4093325,-2.0,-9.0,-51.0
1777891814.4193325,-4.0,-11.0,-57.0
1777891814.4293325,-1.0,-10.0,-59.0
1777891814.4393325,-6.0,-9.0,-62.0
1777891814.4493325,-3.0,-7.0,-70.0
1777891814.4593325,0.0,-5.0,-63.0
1777891814.4693325,6.0,-4.0,-63.0
1777891814.4793324,4.0,-1.0,-65.0
1777891814.4893324,3.0,-3.0,-67.0
1777891814.4993324,6.0,-5.0,-69.0
1777891814.5093324,8.0,-6.0,-74.0
1777891814.5193324,6.0,-8.0,-79.0
1777891814.5293324,11.0,-4.0,-75.0
1777891814.5393324,5.0,1.0,-76.0
1777891814.5493324,2.0,4.0,-73.0
1777891814.5593324,2.0,2.0,-70.0
1777891814.5693324,5.0,-2.0,-66.0
1777891814.5793324,4.0,-5.0,-67.0
1777891814.5893323,4.0,-2.0,-65.0
1777891814.5993323,0.0,-4.0,-68.0
1777891814.6093323,-1.0,-4.0,-67.0
1777891814.6193323,-2.0,-4.0,-66.0
1777891814.6293323,3.0,0.0,-71.0
1777891814.6393323,4.0,1.0,-70.0
1777891814.6493323,1.0,5.0,-69.0
1777891814.6593325,1.0,6.0,-74.0
1777891814.6693325,3.0,0.0,-74.0
1777891814.6793325,2.0,-2.0,-70.0
1777891814.6893325,2.0,0.0,-60.0
1777891814.6993325,2.0,-2.0,-67.0
1777891814.7093325,2.0,-4.0,-67.0
1777891814.7193325,6.0,-1.0,-63.0
1777891814.7293324,5.0,1.0,-69.0
1777891814.7393324,4.0,0.0,-66.0
1777891814.7493324,3.0,-3.0,-67.0
1777891814.7593324,1.0,-4.0,-66.0
1777891814.7693324,0.0,-1.0,-69.0
1777891814.7793324,5.0,0.0,-74.0
1777891814.7893324,8.0,-3.0,-75.0
1777891814.7993324,5.0,-2.0,-85.0
1777891814.8093324,4.0,-7.0,-90.0
1777891814.8193324,0.0,-8.0,-89.0
1777891814.8293324,2.0,-7.0,-87.0
1777891814.8393323,1.0,-5.0,-78.0
1777891814.8493323,0.0,-2.0,-72.0
1777891814.8593323,1.0,3.0,-65.0
1777891814.8693323,-2.0,2.0,-61.0
1777891814.8793323,-6.0,0.0,-69.0
1777891814.8893323,-7.0,-2.0,-65.0
1777891814.8993323,-6.0,-1.0,-66.0
1777891814.9093325,-5.0,-1.0,-74.0
1777891814.9193325,-4.0,-2.0,-70.0
1777891814.9293325,-5.0,-1.0,-72.0
1777891814.9393325,-3.0,-2.0,-67.0
1777891814.9493325,-2.0,-2.0,-73.0
1777891814.9593325,-4.0,-2.0,-72.0
1777891814.9693325,-4.0,-1.0,-78.0
1777891814.9793324,-6.0,2.0,-72.0
1777891814.9893324,-1.0,2.0,-70.0
1777891814.9993324,0.0,-1.0,-72.0
1777891815.0093324,2.0,-2.0,-71.0
1777891815.0193324,3.0,0.0,-65.0
1777891815.0293324,4.0,0.0,-63.0
1777891815.0393324,2.0,-1.0,-66.0
1777891815.0493324,3.0,-3.0,-64.0
1777891815.0593324,4.0,-5.0,-67.0
1777891815.0693324,1.0,-4.0,-68.0
1777891815.0793324,-1.0,-4.0,-66.0
1777891815.0893323,-7.0,-5.0,-66.0
1777891815.0993323,-5.0,-6.0,-61.0
1777891815.1093323,-6.0,-4.0,-58.0
1777891815.1193323,-2.0,-4.0,-56.0
1777891815.1293323,-2.0,-8.0,-63.0
1777891815.1393323,-2.0,-11.0,-60.0
1777891815.1493323,-1.0,-9.0,-58.0
1777891815.1593325,2.0,-7.0,-60.0
1777891815.1693325,1.0,-9.0,-63.0
1777891815.1793325,0.0,-4.0,-63.0
1777891815.1893325,2.0,-4.0,-65.0
1777891815.1993325,1.0,-4.0,-74.0
1777891815.2093325,1.0,-3.0,-79.0
1777891815.2193325,0.0,0.0,-79.0
1777891815.2293324,-3.0,-3.0,-75.0
1777891815.2393324,1.0,-8.0,-70.0
1777891815.2493324,3.0,-6.0,-76.0
1777891815.2593324,4.0,-8.0,-76.0
1777891815.2693324,0.0,-8.0,-72.0
1777891815.2793324,0.0,-6.0,-74.0
1777891815.2893324,-2.0,-8.0,-79.0
1777891815.2993324,0.0,-8.0,-78.0
1777891815.3093324,0.0,-9.0,-77.0
1777891815.3193324,1.0,-7.0,-75.0
1777891815.3293324,0.0,-4.0,-78.0
1777891815.3393323,-1.0,-8.0,-75.0
1777891815.3493323,1.0,-3.0,-84.0
1777891815.3593323,0.0,0.0,-89.0
1777891815.3693323,4.0,0.0,-83.0
1777891815.3793323,0.0,3.0,-76.0
1777891815.3893323,-1.0,4.0,-76.0
1777891815.3993323,-2.0,2.0,-67.0
1777891815.4093325,-3.0,0.0,-66.0
1777891815.4193325,-4.0,1.0,-64.0
1777891815.4293325,4.0,-5.0,-66.0
1777891815.4393325,0.0,-9.0,-71.0
1777891815.4493325,2.0,-10.0,-74.0
1777891815.4593325,2.0,-5.0,-76.0
1777891815.4693325,-2.0,-3.0,-73.0
1777891815.4793324,0.0,-4.0,-76.0
1777891815.4893324,1.0,-3.0,-72.0
1777891815.4993324,0.0,-4.0,-64.0
1777891815.5093324,3.0,-3.0,-65.0
1777891815.5193324,1.0,0.0,-67.0
1777891815.5293324,0.0,-2.0,-70.0
1777891815.5403323,0.0,0.0,-74.0
1777891815.5503323,1.0,0.0,-71.0
1777891815.5603323,6.0,-2.0,-66.0
1777891815.5703323,0.0,-5.0,-63.0
1777891815.5803325,0.0,-6.0,-62.0
1777891815.5903325,1.0,-2.0,-64.0
1777891815.6003325,-1.0,-1.0,-59.0
1777891815.6103325,-1.0,-1.0,-64.0
1777891815.6203325,0.0,2.0,-63.0
1777891815.6303325,0.0,4.0,-59.0
1777891815.6403325,1.0,-1.0,-59.0
1777891815.6503325,0.0,-5.0,-67.0
1777891815.6603324,0.0,-5.0,-73.0
1777891815.6703324,4.0,0.0,-76.0
1777891815.6803324,0.0,1.0,-73.0
1777891815.6903324,-3.0,-1.0,-73.0
1777891815.7003324,-1.0,-1.0,-68.0
1777891815.7103324,-2.0,0.0,-78.0
1777891815.7203324,-4.0,0.0,-74.0
1777891815.7303324,-1.0,0.0,-74.0
1777891815.7403324,0.0,-1.0,-74.0
1777891815.7503324,2.0,-4.0,-76.0
1777891815.7603323,-2.0,-4.0,-79.0
1777891815.7703323,-1.0,-3.0,-79.0
1777891815.7803323,-2.0,-4.0,-70.0
1777891815.7903323,-1.0,0.0,-72.0
1777891815.8003323,0.0,-1.0,-70.0
1777891815.8103323,5.0,-6.0,-72.0
1777891815.8203323,9.0,-2.0,-72.0
1777891815.8303325,12.0,-2.0,-65.0
1777891815.8403325,13.0,-6.0,-62.0
1777891815.8503325,11.0,-2.0,-66.0
1777891815.8603325,4.0,-5.0,-67.0
1777891815.8703325,2.0,-3.0,-76.0
1777891815.8803325,0.0,-4.0,-76.0
1777891815.8903325,0.0,-7.0,-75.0
1777891815.9003325,1.0,-7.0,-72.0
1777891815.9103324,0.0,-2.0,-74.0
1777891815.9203324,-2.0,-1.0,-74.0
1777891815.9303324,-1.0,0.0,-74.0
1777891815.9403324,-1.0,-2.0,-75.0
1777891815.9503324,0.0,-4.0,-71.0
1777891815.9603324,3.0,-1.0,-72.0
1777891815.9703324,4.0,1.0,-74.0
1777891815.9803324,6.0,-1.0,-70.0
1777891815.9903324,5.0,1.0,-69.0
1777891816.0003324,4.0,-2.0,-68.0
1777891816.0103323,2.0,-1.0,-71.0
1777891816.0203323,0.0,-4.0,-67.0
1777891816.0303323,-4.0,-5.0,-67.0
1777891816.0403323,-2.0,-4.0,-71.0
1777891816.0503323,3.0,-4.0,-74.0
1777891816.0603323,3.0,-1.0,-77.0
1777891816.0703323,2.0,-2.0,-81.0
1777891816.0803325,2.0,0.0,-83.0
1777891816.0903325,4.0,-2.0,-79.0
1777891816.1003325,8.0,-3.0,-74.0
1777891816.1103325,5.0,-5.0,-74.0
1777891816.1203325,1.0,-4.0,-72.0
1777891816.1303325,0.0,0.0,-74.0
1777891816.1403325,0.0,1.0,-69.0
1777891816.1503325,0.0,0.0,-62.0
1777891816.1603324,0.0,1.0,-59.0
1777891816.1703324,-3.0,0.0,-62.0
1777891816.1803324,-1.0,0.0,-66.0
1777891816.1903324,-1.0,-1.0,-65.0
1777891816.2003324,-4.0,-1.0,-60.0
1777891816.2103324,4.0,0.0,-62.0
1777891816.2203324,4.0,3.0,-65.0
1777891816.2303324,3.0,0.0,-67.0
1777891816.2403324,7.0,0.0,-62.0
1777891816.2503324,8.0,2.0,-67.0
1777891816.2603323,8.0,1.0,-74.0
1777891816.2703323,8.0,-1.0,-72.0
1777891816.2803323,8.0,-6.0,-65.0
1777891816.2903323,8.0,-5.0,-65.0
1777891816.3003323,7.0,-8.0,-72.0
1777891816.3103323,2.0,-5.0,-74.0
1777891816.3203323,-1.0,-2.0,-70.0
1777891816.3303325,2.0,-1.0,-72.0
1777891816.3403325,7.0,2.0,-71.0
1777891816.3503325,11.0,2.0,-69.0
1777891816.3603325,10.0,0.0,-72.0
1777891816.3703325,11.0,-2.0,-74.0
1777891816.3803325,9.0,-5.0,-68.0
1777891816.3903325,7.0,-5.0,-73.0
1777891816.4003325,9.0,-5.0,-74.0
1777891816.4103324,10.0,-3.0,-72.0
1777891816.4203324,8.0,-1.0,-73.0
1777891816.4303324,4.0,0.0,-68.0
1777891816.4403324,0.0,-1.0,-67.0
1777891816.4503324,4.0,0.0,-71.0
1777891816.4603324,3.0,0.0,-66.0
1777891816.4703324,2.0,-1.0,-69.0
1777891816.4803324,0.0,-3.0,-73.0
1777891816.4903324,-1.0,-5.0,-74.0
1777891816.5003324,-2.0,-5.0,-75.0
1777891816.5103323,0.0,-1.0,-76.0
1777891816.5203323,0.0,1.0,-69.0
1777891816.5303323,-1.0,4.0,-76.0
1777891816.5403323,0.0,2.0,-74.0
1777891816.5503323,0.0,1.0,-71.0
1777891816.5603323,-1.0,0.0,-72.0
1777891816.5703323,-2.0,-2.0,-64.0
1777891816.5803325,-1.0,-5.0,-65.0
1777891816.5903325,-3.0,-5.0,-58.0
1777891816.6003325,-4.0,-4.0,-56.0
1777891816.6103325,-3.0,-1.0,-57.0
1777891816.6203325,-2.0,2.0,-65.0
1777891816.6303325,-1.0,4.0,-65.0
1777891816.6403325,1.0,2.0,-63.0
1777891816.6503325,0.0,-1.0,-65.0
1777891816.6603324,4.0,-3.0,-66.0
1777891816.6703324,4.0,-1.0,-72.0
1777891816.6803324,4.0,-1.0,-71.0
1777891816.6903324,3.0,0.0,-67.0
1777891816.7003324,3.0,0.0,-68.0
1777891816.7103324,2.0,0.0,-63.0
1777891816.7203324,-2.0,0.0,-60.0
1777891816.7303324,0.0,-2.0,-61.0
1777891816.7403324,-3.0,1.0,-67.0
1777891816.7503324,1.0,2.0,-70.0
1777891816.7603323,0.0,6.0,-73.0
1777891816.7703323,0.0,5.0,-79.0
1777891816.7803323,1.0,6.0,-75.0
1777891816.7903323,0.0,3.0,-69.0
1777891816.8003323,3.0,0.0,-73.0
1777891816.8103323,2.0,-4.0,-73.0
1777891816.8203323,4.0,-1.0,-78.0
1777891816.8303325,3.0,0.0,-74.0
1777891816.8403325,-1.0,-1.0,-72.0
1777891816.8503325,-1.0,-2.0,-70.0
1777891816.8603325,1.0,-1.0,-68.0
1777891816.8703325,0.0,2.0,-72.0
1777891816.8803325,2.0,4.0,-70.0
1777891816.8903325,1.0,0.0,-68.0
1777891816.9003325,0.0,0.0,-66.0
1777891816.9103324,2.0,0.0,-64.0
1777891816.9203324,0.0,-1.0,-63.0
1777891816.9303324,-2.0,-1.0,-59.0
1777891816.9403324,-3.0,-3.0,-63.0
1777891816.9503324,-1.0,-5.0,-68.0
1777891816.9603324,1.0,-5.0,-70.0
1777891816.9703324,1.0,-5.0,-70.0
1777891816.9803324,1.0,-2.0,-72.0
1777891816.9903324,1.0,-3.0,-66.0
1777891817.0003324,0.0,0.0,-67.0
1777891817.0103323,0.0,-3.0,-63.0
1777891817.0203323,0.0,-5.0,-69.0
1777891817.0303323,-2.0,-8.0,-73.0
1777891817.0403323,-1.0,-8.0,-76.0
1777891817.0503323,2.0,-6.0,-74.0
1777891817.0603323,-1.0,-2.0,-69.0
1777891817.0703323,0.0,-3.0,-69.0
1777891817.0803325,-1.0,-1.0,-73.0
1777891817.0903325,-1.0,-4.0,-75.0
1777891817.1003325,2.0,-3.0,-74.0
1777891817.1103325,-1.0,-1.0,-69.0
1777891817.1203325,2.0,-2.0,-66.0
1777891817.1303325,2.0,-3.0,-67.0
1777891817.1403325,5.0,0.0,-73.0
1777891817.1503325,6.0,-2.0,-68.0
1777891817.1603324,6.0,-3.0,-67.0
1777891817.1703324,7.0,-2.0,-67.0
1777891817.1803324,7.0,-3.0,-73.0
1777891817.1903324,5.0,0.0,-74.0
1777891817.2003324,1.0,-2.0,-66.0
1777891817.2103324,2.0,-3.0,-65.0
1777891817.2203324,-1.0,-2.0,-75.0
1777891817.2303324,-3.0,0.0,-75.0
1777891817.2403324,-5.0,-2.0,-70.0
1777891817.2503324,-7.0,0.0,-66.0
1777891817.2603323,-1.0,-2.0,-68.0
1777891817.2703323,0.0,-3.0,-71.0
1777891817.2803323,-2.0,-5.0,-69.0
1777891817.2903323,0.0,-3.0,-64.0
1777891817.3003323,-2.0,-1.0,-68.0
1777891817.3103323,0.0,3.0,-68.0
1777891817.3203323,-1.0,4.0,-69.0
1777891817.3303325,-1.0,4.0,-76.0
1777891817.3403325,0.0,0.0,-70.0
1777891817.3503325,-3.0,-1.0,-73.0
1777891817.3603325,0.0,-2.0,-64.0
1777891817.3703325,1.0,-4.0,-67.0
1777891817.3803325,-1.0,5.0,-72.0
1777891817.3903325,-3.0,6.0,-65.0
1777891817.4003325,-2.0,6.0,-59.0
1777891817.4103324,-4.0,5.0,-57.0
1777891817.4203324,-1.0,6.0,-65.0
1777891817.4303324,0.0,2.0,-63.0
1777891817.4403324,0.0,2.0,-67.0
1777891817.4503324,0.0,0.0,-67.0
1777891817.4603324,1.0,0.0,-66.0
1777891817.4703324,3.0,2.0,-63.0
1777891817.4803324,4.0,2.0,-66.0
1777891817.4903324,8.0,-1.0,-70.0
1777891817.5003324,7.0,-2.0,-72.0
1777891817.5103323,3.0,-1.0,-73.0
1777891817.5203323,1.0,1.0,-72.0
1777891817.5313325,3.0,1.0,-73.0
1777891817.5403323,1.0,-1.0,-70.0
1777891817.5513325,0.0,-4.0,-64.0
1777891817.5613325,6.0,-3.0,-68.0
1777891817.5713325,8.0,-3.0,-72.0
1777891817.5813324,8.0,-1.0,-73.0
1777891817.5913324,7.0,-1.0,-72.0
1777891817.6013324,7.0,-6.0,-63.0
1777891817.6113324,4.0,-2.0,-66.0
1777891817.6213324,5.0,-1.0,-75.0
1777891817.6313324,8.0,0.0,-75.0
1777891817.6413324,8.0,-1.0,-73.0
1777891817.6513324,5.0,-1.0,-76.0
1777891817.6613324,6.0,-1.0,-72.0
1777891817.6713324,6.0,-3.0,-76.0
1777891817.6813323,0.0,0.0,-77.0
1777891817.6913323,-1.0,0.0,-75.0
1777891817.7013323,-5.0,0.0,-77.0
1777891817.7113323,-4.0,3.0,-71.0
1777891817.7213323,1.0,2.0,-73.0
1777891817.7313323,1.0,1.0,-72.0
1777891817.7413323,1.0,-1.0,-75.0
1777891817.7513323,2.0,0.0,-71.0
1777891817.7613325,6.0,-3.0,-79.0
1777891817.7713325,2.0,-6.0,-82.0
1777891817.7813325,0.0,-2.0,-75.0
1777891817.7913325,6.0,-3.0,-70.0
1777891817.8013325,8.0,1.0,-70.0
1777891817.8113325,5.0,3.0,-70.0
1777891817.8213325,1.0,1.0,-71.0
1777891817.8313324,-1.0,1.0,-68.0
1777891817.8413324,2.0,3.0,-68.0
1777891817.8513324,5.0,0.0,-70.0
1777891817.8613324,4.0,-3.0,-72.0
1777891817.8713324,-3.0,0.0,-74.0
1777891817.8813324,-4.0,0.0,-81.0
1777891817.8913324,-6.0,-1.0,-71.0
1777891817.9013324,-8.0,-3.0,-66.0
1777891817.9113324,-3.0,0.0,-63.0
1777891817.9213324,-1.0,0.0,-60.0
1777891817.9313323,0.0,2.0,-57.0
1777891817.9413323,0.0,0.0,-55.0
1777891817.9513323,-2.0,4.0,-56.0
1777891817.9613323,-8.0,5.0,-65.0
1777891817.9713323,-8.0,4.0,-57.0
1777891817.9813323,-10.0,1.0,-56.0
1777891817.9913323,-6.0,-4.0,-62.0
1777891818.0013323,-3.0,-6.0,-64.0
1777891818.0113325,-1.0,-5.0,-66.0
1777891818.0213325,-2.0,-7.0,-63.0
1777891818.0313325,-1.0,-8.0,-59.0
1777891818.0413325,-5.0,-4.0,-62.0
1777891818.0513325,-1.0,-5.0,-66.0
1777891818.0613325,0.0,-6.0,-62.0
1777891818.0713325,-1.0,-10.0,-62.0
1777891818.0813324,-5.0,-13.0,-59.0
1777891818.0913324,-2.0,-14.0,-68.0
1777891818.1013324,-1.0,-12.0,-76.0
1777891818.1113324,0.0,-9.0,-73.0
1777891818.1213324,0.0,-9.0,-79.0
1777891818.1313324,3.0,-3.0,-76.0
1777891818.1413324,-1.0,0.0,-68.0
1777891818.1513324,3.0,0.0,-70.0
1777891818.1613324,5.0,0.0,-68.0
1777891818.1713324,6.0,0.0,-66.0
1777891818.1813323,4.0,-1.0,-71.0
1777891818.1913323,3.0,4.0,-77.0
1777891818.2013323,1.0,3.0,-76.0
1777891818.2113323,1.0,3.0,-77.0
1777891818.2213323,0.0,4.0,-75.0
1777891818.2313323,-2.0,2.0,-75.0
1777891818.2413323,-6.0,-1.0,-76.0
1777891818.2513323,-3.0,-3.0,-76.0
1777891818.2613325,-1.0,-6.0,-71.0
1777891818.2713325,-3.0,-7.0,-76.0
1777891818.2813325,0.0,-9.0,-77.0
1777891818.2913325,2.0,-3.0,-83.0
1777891818.3013325,1.0,-3.0,-79.0
1777891818.3113325,6.0,-5.0,-78.0
1777891818.3213325,0.0,-4.0,-78.0
1777891818.3313324,0.0,-6.0,-73.0
1777891818.3413324,0.0,-1.0,-74.0
1777891818.3513324,2.0,0.0,-70.0
1777891818.3613324,3.0,4.0,-72.0
1777891818.3713324,5.0,-2.0,-68.0
1777891818.3813324,7.0,-4.0,-72.0
1777891818.3913324,9.0,-10.0,-76.0
1777891818.4013324,0.0,-10.0,-81.0
1777891818.4113324,-4.0,-7.0,-84.0
1777891818.4213324,-3.0,-7.0,-80.0
1777891818.4313323,0.0,-9.0,-73.0
1777891818.4413323,-2.0,-5.0,-77.0
1777891818.4513323,-3.0,-6.0,-76.0
1777891818.4613323,-5.0,-4.0,-70.0
1777891818.4713323,0.0,0.0,-67.0
1777891818.4813323,0.0,-2.0,-74.0
1777891818.4913323,2.0,0.0,-80.0
1777891818.5013323,5.0,-2.0,-74.0
1777891818.5113325,5.0,0.0,-71.0
1777891818.5213325,2.0,0.0,-74.0
1777891818.5313325,1.0,1.0,-73.0
1777891818.5413325,3.0,4.0,-72.0
1777891818.5513325,0.0,4.0,-71.0
1777891818.5613325,-1.0,-1.0,-71.0
1777891818.5713325,2.0,-1.0,-73.0
1777891818.5813324,1.0,-1.0,-65.0
1777891818.5913324,0.0,0.0,-60.0
1777891818.6013324,5.0,0.0,-61.0
1777891818.6113324,2.0,0.0,-69.0
1777891818.6213324,0.0,-3.0,-69.0
1777891818.6313324,-1.0,0.0,-72.0
1777891818.6413324,-2.0,1.0,-78.0
1777891818.6513324,-3.0,1.0,-76.0
1777891818.6613324,-4.0,-3.0,-72.0
1777891818.6713324,0.0,-5.0,-70.0
1777891818.6813323,1.0,-4.0,-68.0
1777891818.6913323,1.0,-2.0,-65.0
1777891818.7013323,1.0,0.0,-71.0
1777891818.7113323,4.0,2.0,-77.0
1777891818.7213323,1.0,2.0,-78.0
1777891818.7313323,-1.0,7.0,-70.0
1777891818.7413323,-4.0,8.0,-66.0
1777891818.7513323,-2.0,2.0,-64.0
1777891818.7613325,0.0,0.0,-59.0
1777891818.7713325,-3.0,1.0,-62.0
1777891818.7813325,-3.0,-3.0,-58.0
1777891818.7913325,-3.0,-3.0,-60.0
1777891818.8013325,-1.0,1.0,-60.0
1777891818.8113325,-3.0,-1.0,-64.0
1777891818.8213325,-5.0,0.0,-69.0
1777891818.8313324,-3.0,1.0,-65.0
1777891818.8413324,0.0,3.0,-67.0
1777891818.8513324,1.0,3.0,-68.0
1777891818.8613324,-1.0,3.0,-64.0
1777891818.8713324,-3.0,3.0,-59.0
1777891818.8813324,-4.0,2.0,-64.0
1777891818.8913324,-1.0,3.0,-65.0
1777891818.9013324,0.0,2.0,-69.0
1777891818.9113324,-5.0,1.0,-63.0
1777891818.9213324,-4.0,0.0,-63.0
1777891818.9313323,1.0,1.0,-64.0
1777891818.9413323,-1.0,0.0,-60.0
1777891818.9513323,-1.0,1.0,-62.0
1777891818.9613323,0.0,1.0,-64.0
1777891818.9713323,0.0,0.0,-73.0
1777891818.9813323,0.0,0.0,-79.0
1777891818.9923325,-1.0,0.0,-79.0
1777891819.0013323,-2.0,0.0,-79.0
1777891819.0113325,-2.0,-1.0,-78.0
1777891819.0213325,0.0,-3.0,-76.0
1777891819.0313325,0.0,-1.0,-64.0
1777891819.0413325,3.0,0.0,-67.0
1777891819.0513325,3.0,0.0,-69.0
1777891819.0613325,4.0,1.0,-63.0
1777891819.0713325,2.0,1.0,-61.0
1777891819.0813324,0.0,3.0,-63.0
1777891819.0913324,2.0,3.0,-61.0
1777891819.1013324,-2.0,0.0,-64.0
1777891819.1113324,-5.0,-5.0,-64.0
1777891819.1213324,-5.0,-6.0,-64.0
1777891819.1313324,0.0,-9.0,-70.0
1777891819.1413324,0.0,-8.0,-70.0
1777891819.1513324,0.0,-9.0,-67.0
1777891819.1613324,-2.0,-12.0,-72.0
1777891819.1713324,2.0,-14.0,-76.0
1777891819.1813323,0.0,-12.0,-66.0
1777891819.1913323,0.0,-7.0,-60.0
1777891819.2013323,3.0,-8.0,-63.0
1777891819.2113323,0.0,-3.0,-61.0
1777891819.2213323,2.0,1.0,-70.0
1777891819.2313323,6.0,0.0,-62.0
1777891819.2413323,4.0,-2.0,-62.0
1777891819.2513323,8.0,0.0,-65.0
1777891819.2613325,7.0,-2.0,-64.0
1777891819.2713325,10.0,0.0,-65.0
1777891819.2813325,5.0,-2.0,-61.0
1777891819.2913325,0.0,-7.0,-60.0
1777891819.3013325,-1.0,-3.0,-54.0
1777891819.3113325,0.0,-2.0,-59.0
1777891819.3213325,-3.0,-2.0,-62.0
1777891819.3313324,-4.0,-5.0,-67.0
1777891819.3413324,-3.0,-6.0,-68.0
1777891819.3513324,-1.0,-6.0,-70.0
1777891819.3613324,0.0,-4.0,-68.0
1777891819.3713324,-2.0,-3.0,-67.0
1777891819.3813324,-4.0,-2.0,-70.0
1777891819.3913324,-2.0,-4.0,-70.0
1777891819.4013324,0.0,-2.0,-70.0
1777891819.4113324,1.0,-4.0,-68.0
1777891819.4213324,3.0,-6.0,-71.0
1777891819.4313323,2.0,-5.0,-61.0
1777891819.4413323,1.0,-4.0,-60.0
1777891819.4513323,2.0,-4.0,-55.0
1777891819.4613323,0.0,-6.0,-60.0
1777891819.4713323,0.0,-10.0,-64.0
1777891819.4813323,-3.0,-9.0,-69.0
1777891819.4913323,0.0,-3.0,-76.0
1777891819.5013323,3.0,1.0,-74.0
1777891819.5123324,4.0,0.0,-69.0
1777891819.5223324,0.0,0.0,-68.0
1777891819.5313325,0.0,1.0,-63.0
1777891819.5423324,0.0,0.0,-64.0
1777891819.5523324,-3.0,-2.0,-74.0
1777891819.5623324,-2.0,-2.0,-73.0
1777891819.5723324,0.0,-4.0,-79.0
1777891819.5823324,1.0,-5.0,-75.0
1777891819.5923324,2.0,-5.0,-75.0
1777891819.6023324,6.0,-3.0,-83.0
1777891819.6123323,2.0,-3.0,-81.0
1777891819.6223323,0.0,1.0,-73.0
1777891819.6323323,3.0,3.0,-70.0
1777891819.6423323,3.0,5.0,-69.0
1777891819.6523323,3.0,4.0,-63.0
1777891819.6623323,0.0,3.0,-65.0
1777891819.6723323,1.0,1.0,-62.0
1777891819.6823325,0.0,-2.0,-66.0
1777891819.6923325,-2.0,-2.0,-67.0
1777891819.7023325,-5.0,2.0,-66.0
1777891819.7123325,-4.0,0.0,-67.0
1777891819.7223325,-8.0,1.0,-69.0
1777891819.7323325,-7.0,2.0,-69.0
1777891819.7423325,-5.0,0.0,-69.0
1777891819.7523324,-1.0,0.0,-74.0
1777891819.7623324,-1.0,-2.0,-70.0
1777891819.7723324,0.0,-2.0,-68.0
1777891819.7823324,-1.0,-5.0,-69.0
1777891819.7923324,0.0,-2.0,-73.0
1777891819.8023324,-3.0,-1.0,-73.0
1777891819.8123324,0.0,-4.0,-75.0
1777891819.8223324,1.0,-2.0,-75.0
1777891819.8323324,-1.0,-3.0,-73.0
1777891819.8423324,1.0,-3.0,-73.0
1777891819.8523324,4.0,-2.0,-76.0
1777891819.8623323,3.0,0.0,-80.0
1777891819.8723323,0.0,0.0,-83.0
1777891819.8823323,-2.0,-1.0,-80.0
1777891819.8923323,0.0,-3.0,-76.0
1777891819.9023323,0.0,0.0,-71.0
1777891819.9123323,1.0,1.0,-73.0
1777891819.9223323,0.0,1.0,-66.0
1777891819.9323325,2.0,0.0,-62.0
1777891819.9423325,4.0,-3.0,-65.0
1777891819.9523325,2.0,-3.0,-68.0
1777891819.9623325,0.0,0.0,-73.0
1777891819.9723325,3.0,-3.0,-73.0
1777891819.9823325,5.0,-6.0,-70.0
1777891819.9923325,5.0,-6.0,-72.0
1777891820.0023324,0.0,-6.0,-71.0
1777891820.0123324,0.0,-3.0,-67.0
1777891820.0223324,0.0,-5.0,-66.0
1777891820.0323324,5.0,-4.0,-66.0
1777891820.0423324,4.0,-1.0,-67.0
1777891820.0523324,3.0,0.0,-68.0
1777891820.0623324,1.0,-2.0,-71.0
1777891820.0723324,3.0,0.0,-69.0
1777891820.0823324,2.0,5.0,-72.0
1777891820.0923324,-2.0,6.0,-69.0
1777891820.1023324,-3.0,4.0,-72.0
1777891820.1123323,1.0,-1.0,-69.0
1777891820.1223323,0.0,-2.0,-66.0
1777891820.1323323,4.0,-4.0,-70.0
1777891820.1423323,7.0,-6.0,-70.0
1777891820.1523323,10.0,-4.0,-66.0
1777891820.1623323,5.0,1.0,-67.0
1777891820.1723323,5.0,3.0,-63.0
1777891820.1823325,4.0,1.0,-60.0
1777891820.1923325,5.0,-3.0,-60.0
1777891820.2023325,6.0,-4.0,-60.0
1777891820.2123325,4.0,-6.0,-59.0
1777891820.2223325,5.0,-3.0,-66.0
1777891820.2323325,3.0,-2.0,-64.0
1777891820.2423325,7.0,1.0,-71.0
1777891820.2523324,7.0,2.0,-75.0
1777891820.2623324,9.0,5.0,-76.0
1777891820.2723324,9.0,5.0,-79.0
1777891820.2823324,7.0,4.0,-75.0
1777891820.2923324,7.0,4.0,-72.0
1777891820.3023324,9.0,4.0,-71.0
1777891820.3123324,3.0,0.0,-71.0
1777891820.3223324,4.0,0.0,-67.0
1777891820.3323324,6.0,2.0,-66.0
1777891820.3423324,5.0,5.0,-67.0
1777891820.3523324,6.0,6.0,-77.0
1777891820.3623323,10.0,2.0,-79.0
1777891820.3723323,9.0,1.0,-83.0
1777891820.3823323,8.0,0.0,-84.0
1777891820.3923323,7.0,-3.0,-85.0
1777891820.4023323,10.0,-1.0,-83.0
1777891820.4123323,8.0,0.0,-77.0
1777891820.4223323,9.0,4.0,-69.0
1777891820.4323325,10.0,4.0,-74.0
1777891820.4423325,3.0,3.0,-78.0
1777891820.4523325,0.0,3.0,-71.0
1777891820.4623325,2.0,6.0,-74.0
1777891820.4723325,0.0,2.0,-75.0
1777891820.4823325,1.0,-5.0,-76.0
1777891820.4923325,0.0,-3.0,-73.0
1777891820.5023324,2.0,0.0,-76.0
1777891820.5123324,-1.0,1.0,-72.0
1777891820.5223324,-7.0,4.0,-68.0
1777891820.5323324,-6.0,3.0,-72.0
1777891820.5423324,-2.0,0.0,-71.0
1777891820.5523324,-2.0,-1.0,-75.0
1777891820.5623324,1.0,2.0,-77.0
1777891820.5723324,2.0,3.0,-78.0
1777891820.5823324,1.0,5.0,-83.0
1777891820.5923324,8.0,4.0,-84.0
1777891820.6023324,6.0,0.0,-78.0
1777891820.6123323,4.0,-1.0,-77.0
1777891820.6223323,0.0,0.0,-72.0
1777891820.6323323,0.0,0.0,-72.0
1777891820.6423323,1.0,-1.0,-68.0
1777891820.6523323,-1.0,-3.0,-67.0
1777891820.6623323,-3.0,-5.0,-70.0
1777891820.6723323,-4.0,-3.0,-73.0
1777891820.6823325,0.0,0.0,-77.0
1777891820.6923325,-4.0,-2.0,-79.0
1777891820.7023325,-5.0,-6.0,-78.0
1777891820.7123325,-4.0,-4.0,-75.0
1777891820.7223325,-7.0,-2.0,-75.0
1777891820.7323325,-8.0,0.0,-78.0
1777891820.7423325,-6.0,-5.0,-79.0
1777891820.7523324,-2.0,-7.0,-84.0
1777891820.7623324,0.0,-10.0,-83.0
1777891820.7723324,0.0,-8.0,-82.0
1777891820.7823324,-1.0,-8.0,-79.0
1777891820.7923324,2.0,-7.0,-77.0
1777891820.8023324,1.0,-9.0,-75.0
1777891820.8123324,-2.0,-11.0,-76.0
1777891820.8223324,0.0,-7.0,-78.0
1777891820.8323324,-1.0,-8.0,-76.0
1777891820.8423324,-2.0,-9.0,-80.0
1777891820.8523324,-2.0,-7.0,-82.0
1777891820.8623323,-4.0,-6.0,-69.0
1777891820.8723323,0.0,-5.0,-74.0
1777891820.8823323,0.0,-5.0,-71.0
1777891820.8923323,0.0,-7.0,-75.0
1777891820.9023323,-4.0,-7.0,-70.0
1777891820.9123323,-6.0,-3.0,-72.0
1777891820.9223323,-7.0,-2.0,-65.0
1777891820.9323325,-1.0,-3.0,-61.0
1777891820.9423325,0.0,-2.0,-60.0
1777891820.9523325,1.0,-3.0,-66.0
1777891820.9623325,-1.0,-3.0,-66.0
1777891820.9723325,0.0,-4.0,-69.0
1777891820.9823325,0.0,-4.0,-72.0
1777891820.9923325,1.0,3.0,-79.0
1777891821.0023324,-1.0,5.0,-83.0
1777891821.0123324,2.0,3.0,-80.0
1777891821.0223324,1.0,2.0,-75.0
1777891821.0323324,4.0,-2.0,-73.0
1777891821.0423324,5.0,-4.0,-67.0
1777891821.0523324,6.0,-3.0,-66.0
1777891821.0623324,5.0,-2.0,-67.0
1777891821.0723324,0.0,-1.0,-62.0
1777891821.0823324,-3.0,0.0,-61.0
1777891821.0923324,1.0,4.0,-64.0
1777891821.1023324,3.0,3.0,-67.0
1777891821.1123323,2.0,2.0,-63.0
1777891821.1223323,0.0,4.0,-58.0
1777891821.1323323,3.0,3.0,-56.0
1777891821.1423323,7.0,0.0,-59.0
1777891821.1523323,6.0,-2.0,-61.0
1777891821.1623323,4.0,0.0,-64.0
1777891821.1723323,5.0,1.0,-67.0
1777891821.1823325,6.0,0.0,-71.0
1777891821.1923325,4.0,0.0,-72.0
1777891821.2023325,2.0,-1.0,-71.0
1777891821.2123325,0.0,1.0,-71.0
1777891821.2223325,0.0,1.0,-65.0
1777891821.2323325,4.0,-2.0,-61.0
1777891821.2423325,6.0,0.0,-62.0
1777891821.2523324,3.0,1.0,-65.0
1777891821.2623324,6.0,0.0,-67.0
1777891821.2723324,2.0,0.0,-73.0
1777891821.2823324,1.0,1.0,-73.0
1777891821.2923324,3.0,0.0,-77.0
1777891821.3023324,0.0,-3.0,-82.0
1777891821.3123324,1.0,-3.0,-82.0
1777891821.3223324,0.0,-9.0,-78.0
1777891821.3323324,0.0,-6.0,-79.0
1777891821.3423324,0.0,-5.0,-75.0
1777891821.3523324,-1.0,0.0,-76.0
1777891821.3623323,-3.0,-1.0,-75.0
1777891821.3723323,0.0,1.0,-76.0
1777891821.3823323,0.0,1.0,-74.0
1777891821.3923323,1.0,-1.0,-71.0
1777891821.4023323,5.0,-2.0,-69.0
1777891821.4123323,5.0,-4.0,-70.0
1777891821.4223323,0.0,-4.0,-69.0
1777891821.4323325,1.0,-3.0,-70.0
1777891821.4423325,3.0,-8.0,-72.0
1777891821.4523325,3.0,-8.0,-73.0
1777891821.4623325,4.0,-7.0,-75.0
1777891821.4723325,5.0,-8.0,-72.0
1777891821.4823325,5.0,-6.0,-78.0
1777891821.4933324,5.0,-5.0,-79.0
1777891821.5023324,7.0,-2.0,-78.0
1777891821.5133324,6.0,0.0,-75.0
1777891821.5233324,4.0,-3.0,-77.0
1777891821.5333323,1.0,-1.0,-72.0
1777891821.5433323,0.0,1.0,-68.0
1777891821.5533323,4.0,0.0,-65.0
1777891821.5633323,4.0,-6.0,-65.0
1777891821.5733323,4.0,-8.0,-69.0
1777891821.5833323,2.0,-8.0,-69.0
1777891821.5933323,3.0,-11.0,-67.0
1777891821.6033323,2.0,-8.0,-66.0
1777891821.6133325,3.0,-2.0,-72.0
1777891821.6233325,3.0,0.0,-72.0
1777891821.6333325,8.0,0.0,-71.0
1777891821.6433325,11.0,3.0,-66.0
1777891821.6533325,7.0,4.0,-68.0
1777891821.6633325,6.0,0.0,-65.0
1777891821.6733325,4.0,1.0,-67.0
1777891821.6833324,2.0,0.0,-68.0
1777891821.6933324,2.0,-1.0,-74.0
1777891821.7033324,0.0,0.0,-73.0
1777891821.7133324,0.0,0.0,-74.0
1777891821.7233324,2.0,-1.0,-80.0
1777891821.7333324,8.0,2.0,-82.0
1777891821.7433324,5.0,3.0,-87.0
1777891821.7533324,0.0,2.0,-86.0
1777891821.7633324,5.0,-2.0,-86.0
1777891821.7733324,6.0,-2.0,-89.0
1777891821.7833323,5.0,0.0,-87.0
1777891821.7933323,3.0,-4.0,-84.0
1777891821.8033323,-1.0,-4.0,-81.0
1777891821.8133323,-5.0,-1.0,-76.0
1777891821.8233323,-5.0,-4.0,-75.0
1777891821.8333323,-3.0,-6.0,-76.0
1777891821.8433323,-3.0,-2.0,-76.0
1777891821.8533323,-2.0,0.0,-75.0
1777891821.8633325,1.0,0.0,-65.0
1777891821.8733325,1.0,5.0,-57.0
1777891821.8833325,-1.0,3.0,-59.0
1777891821.8933325,0.0,-4.0,-63.0
1777891821.9033325,4.0,-6.0,-63.0
1777891821.9133325,1.0,-3.0,-64.0
1777891821.9233325,0.0,-4.0,-61.0
1777891821.9333324,0.0,-3.0,-60.0
1777891821.9433324,4.0,-4.0,-56.0
1777891821.9533324,8.0,-2.0,-60.0
1777891821.9633324,7.0,-2.0,-61.0
1777891821.9733324,0.0,0.0,-70.0
1777891821.9833324,1.0,-4.0,-72.0
1777891821.9933324,1.0,-6.0,-76.0
1777891822.0033324,0.0,-6.0,-81.0
1777891822.0133324,-2.0,-4.0,-84.0
1777891822.0233324,-4.0,-4.0,-83.0
1777891822.0333323,-1.0,-4.0,-78.0
1777891822.0433323,-4.0,-6.0,-80.0
1777891822.0533323,-6.0,-4.0,-78.0
1777891822.0633323,-5.0,-7.0,-71.0
1777891822.0733323,-5.0,-5.0,-76.0
1777891822.0833323,1.0,-1.0,-74.0
1777891822.0933323,2.0,-2.0,-69.0
1777891822.1033323,4.0,-3.0,-69.0
1777891822.1133325,3.0,-1.0,-67.0
1777891822.1233325,0.0,1.0,-68.0
1777891822.1333325,-1.0,1.0,-67.0
1777891822.1433325,-3.0,-2.0,-68.0
1777891822.1533325,-3.0,-1.0,-75.0
1777891822.1633325,-2.0,0.0,-75.0
1777891822.1733325,-5.0,-1.0,-72.0
1777891822.1833324,-6.0,0.0,-70.0
1777891822.1933324,0.0,4.0,-68.0
1777891822.2033324,5.0,3.0,-67.0
1777891822.2133324,4.0,0.0,-70.0
1777891822.2233324,0.0,-2.0,-71.0
1777891822.2333324,3.0,0.0,-71.0
1777891822.2433324,5.0,0.0,-67.0
1777891822.2533324,6.0,-7.0,-64.0
1777891822.2633324,3.0,-5.0,-64.0
1777891822.2733324,0.0,-4.0,-63.0
1777891822.2833323,-1.0,-4.0,-63.0
1777891822.2933323,-1.0,-4.0,-60.0
1777891822.3033323,1.0,-4.0,-57.0
1777891822.3133323,2.0,-3.0,-60.0
1777891822.3233323,8.0,-1.0,-59.0
1777891822.3333323,8.0,0.0,-63.0
1777891822.3433323,11.0,1.0,-61.0
1777891822.3533323,13.0,3.0,-60.0
1777891822.3633325,12.0,3.0,-60.0
1777891822.3733325,8.0,-2.0,-61.0
1777891822.3833325,8.0,-5.0,-66.0
1777891822.3933325,6.0,-5.0,-71.0
1777891822.4033325,5.0,-2.0,-73.0
1777891822.4133325,4.0,-1.0,-69.0
1777891822.4233325,5.0,-1.0,-67.0
1777891822.4333324,4.0,-3.0,-68.0
1777891822.4433324,5.0,-3.0,-70.0
1777891822.4533324,7.0,-3.0,-70.0
1777891822.4633324,6.0,2.0,-78.0
1777891822.4733324,6.0,1.0,-80.0
1777891822.4833324,4.0,1.0,-79.0
1777891822.4933324,3.0,-2.0,-72.0
1777891822.5033324,1.0,4.0,-76.0
1777891822.5133324,0.0,3.0,-75.0
1777891822.5233324,-7.0,3.0,-72.0
1777891822.5333323,-9.0,2.0,-67.0
1777891822.5433323,-4.0,0.0,-64.0
1777891822.5533323,-6.0,1.0,-65.0
1777891822.5633323,-2.0,2.0,-62.0
1777891822.5733323,-3.0,1.0,-68.0
1777891822.5833323,1.0,2.0,-72.0
1777891822.5933323,-4.0,2.0,-73.0
1777891822.6033323,-9.0,1.0,-68.0
1777891822.6133325,-9.0,1.0,-73.0
1777891822.6233325,-8.0,0.0,-76.0
1777891822.6333325,-11.0,0.0,-73.0
1777891822.6433325,-8.0,-1.0,-70.0
1777891822.6533325,-5.0,-6.0,-68.0
1777891822.6633325,-7.0,-6.0,-68.0
1777891822.6733325,-7.0,-3.0,-68.0
1777891822.6833324,-2.0,-1.0,-68.0
1777891822.6933324,0.0,0.0,-59.0
1777891822.7033324,-1.0,0.0,-61.0
1777891822.7133324,0.0,-1.0,-62.0
1777891822.7233324,0.0,2.0,-64.0
1777891822.7333324,1.0,-3.0,-70.0
1777891822.7433324,0.0,-5.0,-78.0
1777891822.7533324,-1.0,-4.0,-78.0
1777891822.7633324,-4.0,-6.0,-70.0
1777891822.7733324,-5.0,-8.0,-64.0
1777891822.7833323,-5.0,-6.0,-61.0
1777891822.7933323,-3.0,-7.0,-61.0
1777891822.8033323,0.0,-5.0,-57.0
1777891822.8133323,3.0,-5.0,-60.0
1777891822.8233323,3.0,-5.0,-61.0
1777891822.8333323,2.0,-3.0,-64.0
1777891822.8433323,1.0,3.0,-65.0
1777891822.8533323,4.0,0.0,-67.0
1777891822.8633325,1.0,-3.0,-69.0
1777891822.8733325,0.0,-2.0,-63.0
1777891822.8833325,1.0,1.0,-62.0
1777891822.8933325,0.0,3.0,-63.0
1777891822.9033325,-1.0,3.0,-59.0
1777891822.9133325,0.0,0.0,-57.0
1777891822.9233325,-1.0,-2.0,-53.0
1777891822.9333324,-6.0,-5.0,-55.0
1777891822.9433324,2.0,-8.0,-66.0
1777891822.9533324,4.0,-3.0,-73.0
1777891822.9633324,0.0,-3.0,-68.0
1777891822.9733324,0.0,0.0,-65.0
1777891822.9833324,1.0,-1.0,-71.0
1777891822.9933324,1.0,-2.0,-71.0
1777891823.0033324,-3.0,-4.0,-67.0
1777891823.0133324,0.0,-5.0,-68.0
1777891823.0233324,0.0,-3.0,-71.0
1777891823.0333323,1.0,1.0,-75.0
1777891823.0433323,0.0,0.0,-77.0
1777891823.0533323,0.0,3.0,-82.0
1777891823.0633323,-4.0,0.0,-80.0
1777891823.0733323,-1.0,0.0,-77.0
1777891823.0833323,0.0,-2.0,-75.0
1777891823.0933323,-2.0,-1.0,-75.0
1777891823.1033323,3.0,0.0,-72.0
1777891823.1133325,1.0,5.0,-77.0
1777891823.1233325,5.0,6.0,-76.0
1777891823.1333325,0.0,2.0,-71.0
1777891823.1433325,0.0,0.0,-72.0
1777891823.1533325,0.0,-2.0,-76.0
1777891823.1633325,1.0,-1.0,-73.0
1777891823.1733325,8.0,-3.0,-72.0
1777891823.1833324,5.0,-3.0,-76.0
1777891823.1933324,5.0,-5.0,-76.0
1777891823.2033324,7.0,-3.0,-70.0
1777891823.2133324,0.0,-2.0,-68.0
1777891823.2233324,0.0,-3.0,-70.0
1777891823.2333324,0.0,-4.0,-70.0
1777891823.2433324,0.0,-4.0,-71.0
1777891823.2533324,-1.0,-7.0,-67.0
1777891823.2633324,3.0,-7.0,-66.0
1777891823.2733324,3.0,-6.0,-74.0
1777891823.2833323,4.0,-4.0,-73.0
1777891823.2933323,-3.0,-4.0,-69.0
1777891823.3033323,-4.0,-5.0,-66.0
1777891823.3133323,0.0,-5.0,-71.0
1777891823.3233323,-1.0,-5.0,-72.0
1777891823.3333323,2.0,0.0,-65.0
1777891823.3433323,1.0,-1.0,-60.0
1777891823.3533323,0.0,4.0,-52.0
1777891823.3633325,0.0,8.0,-55.0
1777891823.3733325,1.0,3.0,-61.0
1777891823.3833325,6.0,0.0,-65.0
1777891823.3933325,5.0,-1.0,-70.0
1777891823.4033325,2.0,0.0,-81.0
1777891823.4133325,8.0,2.0,-85.0
1777891823.4233325,7.0,1.0,-89.0
1777891823.4333324,4.0,0.0,-89.0
1777891823.4433324,6.0,0.0,-86.0
1777891823.4533324,2.0,-1.0,-85.0
1777891823.4633324,-2.0,-3.0,-84.0
1777891823.4733324,-3.0,1.0,-82.0
1777891823.4833324,-3.0,1.0,-84.0
1777891823.4943323,4.0,0.0,-80.0
1777891823.5043323,1.0,0.0,-75.0
1777891823.5143323,0.0,1.0,-69.0
1777891823.5243323,1.0,0.0,-67.0
1777891823.5343325,1.0,-1.0,-63.0
1777891823.5443325,3.0,-3.0,-64.0
1777891823.5543325,5.0,0.0,-65.0
1777891823.5643325,5.0,-2.0,-73.0
1777891823.5743325,7.0,-4.0,-74.0
1777891823.5843325,7.0,-2.0,-70.0
1777891823.5943325,3.0,0.0,-69.0
1777891823.6043324,4.0,-5.0,-75.0
1777891823.6143324,0.0,-5.0,-79.0
1777891823.6243324,-2.0,-5.0,-75.0
1777891823.6343324,0.0,-4.0,-75.0
1777891823.6443324,0.0,-3.0,-67.0
1777891823.6543324,0.0,-3.0,-59.0
1777891823.6643324,7.0,-1.0,-63.0
1777891823.6743324,6.0,-1.0,-69.0
1777891823.6843324,7.0,0.0,-72.0
1777891823.6943324,7.0,1.0,-72.0
1777891823.7043324,10.0,4.0,-73.0
1777891823.7143323,5.0,3.0,-70.0
1777891823.7243323,0.0,1.0,-74.0
1777891823.7343323,0.0,-2.0,-79.0
1777891823.7443323,-4.0,-5.0,-76.0
1777891823.7543323,-1.0,-7.0,-79.0
1777891823.7643323,-5.0,-5.0,-79.0
1777891823.7743323,-4.0,-3.0,-75.0
1777891823.7843325,-5.0,-6.0,-74.0
1777891823.7943325,-7.0,-7.0,-72.0
1777891823.8053324,-4.0,-7.0,-76.0
1777891823.8143325,3.0,-7.0,-78.0
1777891823.8243325,7.0,-8.0,-71.0
1777891823.8343325,9.0,-7.0,-72.0
1777891823.8443325,10.0,-7.0,-74.0
1777891823.8543324,3.0,-6.0,-65.0
1777891823.8643324,-2.0,0.0,-65.0
1777891823.8743324,-2.0,-1.0,-67.0
1777891823.8843324,0.0,0.0,-67.0
1777891823.8943324,0.0,4.0,-70.0
1777891823.9043324,0.0,4.0,-72.0
1777891823.9143324,-1.0,2.0,-72.0
1777891823.9243324,-6.0,1.0,-75.0
1777891823.9343324,-8.0,-1.0,-75.0
1777891823.9443324,-6.0,-1.0,-77.0
1777891823.9543324,-3.0,-3.0,-86.0
1777891823.9643323,1.0,-3.0,-84.0
1777891823.9743323,-1.0,-3.0,-87.0
1777891823.9843323,-2.0,-1.0,-81.0
1777891823.9943323,-2.0,0.0,-77.0
1777891824.0043323,-3.0,0.0,-81.0
1777891824.0143323,1.0,0.0,-80.0
1777891824.0243323,3.0,1.0,-77.0
1777891824.0343325,-3.0,3.0,-72.0
1777891824.0443325,0.0,5.0,-68.0
1777891824.0543325,1.0,3.0,-72.0
1777891824.0643325,1.0,1.0,-70.0
1777891824.0743325,2.0,1.0,-70.0
1777891824.0843325,1.0,2.0,-63.0
1777891824.0943325,-3.0,3.0,-64.0
1777891824.1043324,-1.0,0.0,-70.0
1777891824.1143324,0.0,-2.0,-76.0
1777891824.1243324,0.0,-2.0,-81.0
1777891824.1343324,3.0,1.0,-76.0
1777891824.1443324,2.0,2.0,-68.0
1777891824.1543324,1.0,1.0,-73.0
1777891824.1643324,1.0,1.0,-71.0
1777891824.1743324,3.0,0.0,-69.0
1777891824.1843324,1.0,3.0,-65.0
1777891824.1943324,4.0,4.0,-67.0
1777891824.2043324,2.0,0.0,-62.0
1777891824.2143323,4.0,-2.0,-66.0
1777891824.2243323,5.0,-5.0,-65.0
1777891824.2343323,1.0,-6.0,-71.0
1777891824.2443323,0.0,-11.0,-64.0
1777891824.2543323,-1.0,-9.0,-63.0
1777891824.2643323,-1.0,-9.0,-56.0
1777891824.2743323,-2.0,-7.0,-60.0
1777891824.2843325,-2.0,-3.0,-60.0
1777891824.2943325,-6.0,0.0,-63.0
1777891824.3043325,-7.0,0.0,-66.0
1777891824.3143325,-7.0,3.0,-66.0
1777891824.3243325,-8.0,3.0,-68.0
1777891824.3343325,-6.0,7.0,-73.0
1777891824.3443325,-3.0,4.0,-68.0
1777891824.3543324,-4.0,3.0,-71.0
1777891824.3643324,-6.0,5.0,-70.0
1777891824.3743324,-4.0,3.0,-72.0
1777891824.3843324,-8.0,1.0,-73.0
1777891824.3943324,-8.0,2.0,-69.0
1777891824.4043324,-10.0,1.0,-65.0
1777891824.4143324,-7.0,1.0,-64.0
1777891824.4243324,1.0,3.0,-63.0
1777891824.4343324,2.0,1.0,-65.0
1777891824.4443324,0.0,4.0,-63.0
1777891824.4543324,0.0,5.0,-61.0
1777891824.4643323,2.0,5.0,-67.0
1777891824.4743323,1.0,2.0,-67.0
1777891824.4843323,0.0,0.0,-69.0
1777891824.4943323,1.0,2.0,-68.0
1777891824.5043323,3.0,3.0,-70.0
1777891824.5143323,6.0,0.0,-73.0
1777891824.5243323,2.0,2.0,-74.0
1777891824.5343325,3.0,0.0,-70.0
1777891824.5443325,0.0,7.0,-73.0
1777891824.5543325,-3.0,7.0,-75.0
1777891824.5643325,-4.0,5.0,-69.0
1777891824.5743325,-2.0,1.0,-74.0
1777891824.5843325,-1.0,-2.0,-72.0
1777891824.5943325,1.0,-3.0,-74.0
1777891824.6043324,0.0,-1.0,-73.0
1777891824.6143324,1.0,-1.0,-75.0
1777891824.6243324,0.0,0.0,-74.0
1777891824.6343324,0.0,0.0,-72.0
1777891824.6443324,0.0,0.0,-73.0
1777891824.6543324,-1.0,0.0,-68.0
1777891824.6643324,0.0,2.0,-71.0
1777891824.6743324,0.0,3.0,-73.0
1777891824.6843324,-3.0,0.0,-72.0
1777891824.6943324,-6.0,2.0,-73.0
1777891824.7043324,-3.0,1.0,-70.0
1777891824.7143323,-4.0,2.0,-62.0
1777891824.7243323,-2.0,0.0,-63.0
1777891824.7343323,4.0,1.0,-67.0
1777891824.7443323,6.0,0.0,-68.0
1777891824.7543323,5.0,-1.0,-69.0
1777891824.7643323,2.0,-1.0,-64.0
1777891824.7743323,0.0,0.0,-69.0
1777891824.7843325,2.0,1.0,-71.0
1777891824.7943325,4.0,0.0,-66.0
1777891824.8043325,3.0,-1.0,-66.0
1777891824.8143325,0.0,-5.0,-61.0
1777891824.8243325,2.0,-10.0,-62.0
1777891824.8343325,3.0,-8.0,-57.0
1777891824.8443325,3.0,-6.0,-56.0
1777891824.8543324,2.0,-3.0,-59.0
1777891824.8643324,0.0,0.0,-58.0
1777891824.8743324,1.0,1.0,-61.0
1777891824.8843324,-2.0,0.0,-59.0
1777891824.8943324,-2.0,-2.0,-63.0
1777891824.9043324,-2.0,0.0,-65.0
1777891824.9143324,-3.0,-2.0,-65.0
1777891824.9243324,-3.0,-4.0,-61.0
1777891824.9343324,-1.0,-3.0,-60.0
1777891824.9443324,0.0,-3.0,-53.0
1777891824.9543324,2.0,-1.0,-52.0
1777891824.9643323,3.0,-4.0,-53.0
1777891824.9743323,3.0,-3.0,-64.0
1777891824.9843323,0.0,-1.0,-69.0
1777891824.9943323,1.0,1.0,-75.0
1777891825.0043323,0.0,0.0,-77.0
1777891825.0143323,-4.0,4.0,-82.0
1777891825.0243323,-6.0,4.0,-83.0
1777891825.0343325,-7.0,3.0,-78.0
1777891825.0443325,-9.0,0.0,-75.0
1777891825.0543325,-10.0,-3.0,-73.0
1777891825.0643325,-6.0,-3.0,-78.0
1777891825.0743325,-2.0,1.0,-75.0
1777891825.0843325,1.0,3.0,-73.0
1777891825.0943325,0.0,0.0,-75.0
1777891825.1043324,0.0,-5.0,-74.0
1777891825.1143324,3.0,-5.0,-70.0
1777891825.1243324,4.0,-2.0,-65.0
1777891825.1343324,4.0,-2.0,-60.0
1777891825.1443324,6.0,-3.0,-66.0
1777891825.1543324,3.0,-6.0,-64.0
1777891825.1643324,5.0,-4.0,-67.0
1777891825.1743324,3.0,-5.0,-66.0
1777891825.1843324,6.0,-4.0,-72.0
1777891825.1943324,2.0,3.0,-68.0
1777891825.2043324,0.0,-1.0,-67.0
1777891825.2143323,0.0,-1.0,-67.0
1777891825.2243323,2.0,-3.0,-65.0
1777891825.2343323,2.0,-4.0,-67.0
1777891825.2443323,0.0,-4.0,-69.0
1777891825.2543323,-2.0,-2.0,-73.0
1777891825.2643323,0.0,0.0,-73.0
1777891825.2743323,4.0,-3.0,-74.0
1777891825.2843325,2.0,-3.0,-69.0
1777891825.2943325,6.0,1.0,-73.0
1777891825.3043325,7.0,-1.0,-77.0
1777891825.3143325,3.0,5.0,-86.0
1777891825.3243325,-1.0,4.0,-86.0
1777891825.3343325,-1.0,3.0,-81.0
1777891825.3443325,-2.0,0.0,-77.0
1777891825.3543324,3.0,2.0,-74.0
1777891825.3643324,6.0,0.0,-66.0
1777891825.3743324,4.0,0.0,-66.0
1777891825.3843324,5.0,0.0,-64.0
1777891825.3943324,6.0,0.0,-66.0
1777891825.4043324,3.0,1.0,-72.0
1777891825.4143324,0.0,3.0,-73.0
1777891825.4243324,0.0,5.0,-75.0
1777891825.4343324,3.0,5.0,-77.0
1777891825.4443324,0.0,4.0,-78.0
1777891825.4543324,2.0,3.0,-78.0
1777891825.4643323,-2.0,1.0,-69.0
1777891825.4753325,-3.0,0.0,-67.0
1777891825.4853325,-1.0,0.0,-71.0
1777891825.4953325,0.0,-1.0,-80.0
1777891825.5053325,0.0,-3.0,-86.0
1777891825.5153325,0.0,-4.0,-78.0
1777891825.5253325,0.0,-4.0,-80.0
1777891825.5353324,-1.0,-8.0,-72.0
1777891825.5453324,0.0,-6.0,-70.0
1777891825.5553324,1.0,-7.0,-69.0
1777891825.5653324,4.0,-7.0,-66.0
1777891825.5753324,5.0,-6.0,-68.0
1777891825.5853324,4.0,-5.0,-66.0
1777891825.5953324,0.0,-5.0,-67.0
1777891825.6053324,-1.0,-4.0,-69.0
1777891825.6153324,-1.0,-2.0,-75.0
1777891825.6253324,0.0,1.0,-72.0
1777891825.6353323,0.0,0.0,-73.0
1777891825.6453323,0.0,1.0,-74.0
1777891825.6553323,5.0,1.0,-75.0
1777891825.6653323,4.0,2.0,-72.0
1777891825.6753323,2.0,3.0,-74.0
1777891825.6853323,2.0,0.0,-73.0
1777891825.6953323,4.0,-5.0,-71.0
1777891825.7053325,3.0,-5.0,-77.0
1777891825.7153325,0.0,1.0,-70.0
1777891825.7253325,-3.0,3.0,-73.0
1777891825.7353325,-2.0,0.0,-71.0
1777891825.7453325,-6.0,-2.0,-72.0
1777891825.7553325,-3.0,-4.0,-69.0
1777891825.7653325,-3.0,-7.0,-73.0
1777891825.7753325,-5.0,-7.0,-69.0
1777891825.7853324,-3.0,-10.0,-70.0
1777891825.7953324,-4.0,-11.0,-73.0
1777891825.8053324,-7.0,-6.0,-60.0
1777891825.8153324,-5.0,0.0,-60.0
1777891825.8253324,1.0,0.0,-60.0
1777891825.8353324,2.0,0.0,-66.0
1777891825.8453324,3.0,0.0,-66.0
1777891825.8553324,-4.0,-1.0,-63.0
1777891825.8653324,-4.0,-1.0,-66.0
1777891825.8753324,-1.0,-5.0,-71.0
1777891825.8853323,-1.0,-2.0,-74.0
1777891825.8953323,4.0,-1.0,-77.0
1777891825.9053323,1.0,-5.0,-71.0
1777891825.9153323,-1.0,-7.0,-71.0
1777891825.9253323,0.0,-6.0,-66.0
1777891825.9353323,1.0,-3.0,-72.0
1777891825.9453323,1.0,-6.0,-77.0
1777891825.9553325,2.0,-6.0,-80.0
1777891825.9653325,5.0,-6.0,-78.0
1777891825.9753325,3.0,-5.0,-74.0
1777891825.9853325,2.0,-8.0,-64.0
1777891825.9953325,1.0,-9.0,-63.0
1777891826.0053325,3.0,-7.0,-67.0
1777891826.0153325,8.0,-13.0,-67.0
1777891826.0253325,6.0,-13.0,-64.0
1777891826.0353324,4.0,-12.0,-66.0
1777891826.0453324,7.0,-11.0,-67.0
1777891826.0553324,5.0,-7.0,-62.0
1777891826.0653324,4.0,-4.0,-62.0
1777891826.0753324,3.0,-8.0,-61.0
1777891826.0853324,0.0,-9.0,-62.0
1777891826.0953324,0.0,-8.0,-68.0
1777891826.1053324,1.0,-4.0,-67.0
1777891826.1153324,0.0,-6.0,-76.0
1777891826.1253324,-2.0,-8.0,-73.0
1777891826.1353323,-2.0,-7.0,-67.0
1777891826.1453323,-4.0,-4.0,-68.0
1777891826.1553323,-1.0,-4.0,-68.0
1777891826.1653323,2.0,0.0,-70.0
1777891826.1753323,3.0,4.0,-73.0
1777891826.1853323,3.0,2.0,-70.0
1777891826.1953323,2.0,2.0,-73.0
1777891826.2053325,-3.0,9.0,-74.0
1777891826.2153325,-2.0,6.0,-77.0
1777891826.2253325,0.0,8.0,-82.0
1777891826.2353325,0.0,2.0,-88.0
1777891826.2453325,-1.0,2.0,-88.0
1777891826.2553325,0.0,2.0,-89.0
1777891826.2653325,3.0,1.0,-93.0
1777891826.2753325,7.0,3.0,-91.0
1777891826.2853324,3.0,6.0,-94.0
1777891826.2953324,7.0,6.0,-89.0
1777891826.3053324,2.0,3.0,-84.0
1777891826.3153324,1.0,2.0,-77.0
1777891826.3253324,0.0,-1.0,-70.0
1777891826.3353324,3.0,0.0,-66.0
1777891826.3453324,3.0,-3.0,-66.0
1777891826.3553324,2.0,-6.0,-70.0
1777891826.3653324,0.0,-6.0,-71.0
1777891826.3753324,0.0,-3.0,-66.0
1777891826.3853323,-2.0,-1.0,-73.0
1777891826.3953323,0.0,-1.0,-74.0
1777891826.4053323,0.0,0.0,-75.0
1777891826.4153323,1.0,1.0,-76.0
1777891826.4253323,3.0,0.0,-73.0
1777891826.4353323,5.0,-1.0,-70.0
1777891826.4453323,6.0,0.0,-74.0
1777891826.4553325,6.0,2.0,-71.0
1777891826.4653325,9.0,0.0,-69.0
1777891826.4753325,9.0,5.0,-72.0
1777891826.4853325,7.0,5.0,-68.0
1777891826.4953325,8.0,1.0,-70.0
1777891826.5053325,2.0,0.0,-71.0
1777891826.5153325,0.0,0.0,-74.0
1777891826.5253325,1.0,5.0,-71.0
1777891826.5353324,-4.0,5.0,-80.0
1777891826.5453324,-1.0,5.0,-80.0
1777891826.5553324,2.0,4.0,-76.0
1777891826.5653324,-2.0,4.0,-76.0
1777891826.5753324,-1.0,6.0,-77.0
1777891826.5853324,2.0,3.0,-73.0
1777891826.5953324,2.0,0.0,-71.0
1777891826.6053324,0.0,-3.0,-73.0
1777891826.6153324,-4.0,-3.0,-72.0
1777891826.6253324,-1.0,-1.0,-72.0
1777891826.6353323,-1.0,-1.0,-72.0
1777891826.6453323,0.0,0.0,-74.0
1777891826.6553323,-3.0,-1.0,-72.0
1777891826.6653323,0.0,-2.0,-73.0
1777891826.6753323,3.0,-1.0,-73.0
1777891826.6853323,3.0,1.0,-69.0
1777891826.6953323,3.0,4.0,-67.0
1777891826.7053325,5.0,6.0,-72.0
1777891826.7153325,0.0,2.0,-73.0
1777891826.7253325,-1.0,0.0,-73.0
1777891826.7353325,0.0,1.0,-78.0
1777891826.7453325,-1.0,0.0,-75.0
1777891826.7553325,-3.0,0.0,-67.0
1777891826.7653325,-2.0,1.0,-71.0
1777891826.7753325,1.0,4.0,-74.0
1777891826.7853324,3.0,-2.0,-69.0
1777891826.7953324,-2.0,-7.0,-68.0
1777891826.8053324,-2.0,-8.0,-73.0
1777891826.8153324,0.0,-8.0,-66.0
1777891826.8253324,-6.0,-6.0,-67.0
1777891826.8353324,-5.0,-7.0,-69.0
1777891826.8453324,-5.0,-9.0,-75.0
1777891826.8553324,-2.0,-8.0,-78.0
1777891826.8653324,-1.0,-9.0,-72.0
1777891826.8753324,1.0,-7.0,-78.0
1777891826.8853323,6.0,-6.0,-80.0
1777891826.8953323,5.0,-5.0,-72.0
1777891826.9053323,3.0,-1.0,-68.0
1777891826.9153323,2.0,-3.0,-67.0
1777891826.9253323,2.0,-6.0,-69.0
1777891826.9353323,1.0,-2.0,-68.0
1777891826.9453323,0.0,-1.0,-65.0
1777891826.9553325,0.0,-3.0,-70.0
1777891826.9653325,0.0,-2.0,-72.0
1777891826.9753325,3.0,0.0,-70.0
1777891826.9853325,5.0,0.0,-68.0
1777891826.9953325,5.0,-3.0,-66.0
1777891827.0053325,8.0,-3.0,-61.0
1777891827.0153325,5.0,-2.0,-58.0
1777891827.0253325,6.0,0.0,-61.0
1777891827.0353324,5.0,1.0,-60.0
1777891827.0453324,6.0,2.0,-56.0
1777891827.0553324,2.0,-1.0,-60.0
1777891827.0653324,0.0,3.0,-64.0
1777891827.0753324,-4.0,4.0,-69.0
1777891827.0853324,-3.0,6.0,-70.0
1777891827.0953324,-6.0,5.0,-73.0
1777891827.1053324,-8.0,0.0,-73.0
1777891827.1153324,-5.0,-1.0,-73.0
1777891827.1253324,0.0,-1.0,-73.0
1777891827.1353323,-2.0,0.0,-75.0
1777891827.1453323,-3.0,0.0,-78.0
1777891827.1553323,0.0,-4.0,-71.0
1777891827.1653323,-1.0,-4.0,-67.0
1777891827.1753323,-1.0,-4.0,-67.0
1777891827.1853323,4.0,-5.0,-67.0
1777891827.1953323,3.0,-6.0,-66.0
1777891827.2053325,5.0,-7.0,-67.0
1777891827.2153325,6.0,-8.0,-72.0
1777891827.2253325,2.0,-6.0,-71.0
1777891827.2353325,4.0,-8.0,-73.0
1777891827.2453325,6.0,-7.0,-70.0
1777891827.2553325,5.0,-4.0,-68.0
1777891827.2653325,4.0,-4.0,-68.0
1777891827.2753325,3.0,-4.0,-69.0
1777891827.2853324,3.0,-9.0,-68.0
1777891827.2953324,0.0,-6.0,-62.0
1777891827.3053324,0.0,-8.0,-61.0
1777891827.3153324,0.0,-4.0,-60.0
1777891827.3253324,-1.0,-1.0,-69.0
1777891827.3353324,0.0,0.0,-73.0
1777891827.3453324,0.0,0.0,-68.0
1777891827.3553324,1.0,4.0,-70.0
1777891827.3653324,2.0,4.0,-70.0
1777891827.3753324,1.0,0.0,-73.0
1777891827.3853323,-1.0,0.0,-74.0
1777891827.3953323,-3.0,2.0,-69.0
1777891827.4053323,0.0,1.0,-72.0
1777891827.4153323,-1.0,0.0,-73.0
1777891827.4253323,-1.0,2.0,-72.0
1777891827.4353323,0.0,2.0,-68.0
1777891827.4453323,2.0,0.0,-69.0
1777891827.4553325,1.0,0.0,-67.0
1777891827.4663324,0.0,-1.0,-67.0
1777891827.4753325,-2.0,0.0,-68.0
1777891827.4853325,0.0,-1.0,-73.0
1777891827.4963324,0.0,-3.0,-79.0
1777891827.5053325,-3.0,-6.0,-79.0
1777891827.5163324,-7.0,0.0,-80.0
1777891827.5263324,-7.0,3.0,-82.0
1777891827.5363324,-3.0,4.0,-86.0
1777891827.5463324,0.0,4.0,-92.0
1777891827.5563323,-1.0,1.0,-94.0
1777891827.5663323,0.0,-4.0,-88.0
1777891827.5763323,0.0,-5.0,-82.0
1777891827.5863323,1.0,-2.0,-73.0
1777891827.5963323,-1.0,-3.0,-72.0
1777891827.6063323,-1.0,-1.0,-73.0
1777891827.6163323,0.0,-1.0,-72.0
1777891827.6263323,2.0,-2.0,-74.0
1777891827.6363325,-1.0,-7.0,-74.0
1777891827.6463325,3.0,-6.0,-73.0
1777891827.6563325,3.0,-4.0,-72.0
1777891827.6663325,-1.0,-3.0,-73.0
1777891827.6763325,-1.0,0.0,-73.0
1777891827.6863325,2.0,-2.0,-72.0
1777891827.6963325,6.0,-1.0,-72.0
1777891827.7063324,8.0,0.0,-73.0
1777891827.7163324,9.0,4.0,-73.0
1777891827.7263324,5.0,7.0,-73.0
1777891827.7363324,3.0,7.0,-70.0
1777891827.7463324,2.0,5.0,-69.0
1777891827.7563324,1.0,4.0,-71.0
1777891827.7663324,-7.0,3.0,-73.0
1777891827.7763324,-2.0,-3.0,-81.0
1777891827.7863324,-4.0,-3.0,-84.0
1777891827.7963324,-6.0,-2.0,-77.0
1777891827.8063323,-7.0,-2.0,-72.0
1777891827.8163323,-1.0,-1.0,-66.0
1777891827.8263323,-4.0,0.0,-70.0
1777891827.8363323,-5.0,2.0,-73.0
1777891827.8463323,-6.0,4.0,-75.0
1777891827.8563323,-5.0,3.0,-75.0
1777891827.8663323,-1.0,5.0,-77.0
1777891827.8763323,-3.0,2.0,-75.0
1777891827.8863325,-7.0,2.0,-70.0
1777891827.8963325,-5.0,2.0,-73.0
1777891827.9063325,-1.0,0.0,-81.0
1777891827.9163325,1.0,4.0,-81.0
1777891827.9263325,0.0,2.0,-79.0
1777891827.9363325,-1.0,0.0,-76.0
1777891827.9463325,1.0,0.0,-73.0
1777891827.9563324,1.0,-4.0,-75.0
1777891827.9663324,2.0,-7.0,-75.0
1777891827.9763324,-1.0,-7.0,-73.0
1777891827.9863324,0.0,-5.0,-74.0
1777891827.9963324,-4.0,-5.0,-76.0
1777891828.0063324,-4.0,-3.0,-72.0
1777891828.0163324,-6.0,-2.0,-69.0
1777891828.0263324,-5.0,0.0,-70.0
1777891828.0363324,-3.0,1.0,-72.0
1777891828.0463324,-2.0,0.0,-74.0
1777891828.0563323,0.0,0.0,-75.0
1777891828.0663323,1.0,0.0,-75.0
1777891828.0763323,1.0,-1.0,-75.0
1777891828.0863323,0.0,-1.0,-72.0
1777891828.0963323,-1.0,-2.0,-71.0
1777891828.1063323,-2.0,-1.0,-69.0
1777891828.1163323,0.0,2.0,-70.0
1777891828.1263323,1.0,-1.0,-73.0
1777891828.1363325,5.0,0.0,-73.0
1777891828.1463325,7.0,2.0,-72.0
1777891828.1563325,0.0,2.0,-67.0
1777891828.1663325,0.0,0.0,-66.0
1777891828.1763325,0.0,1.0,-65.0
1777891828.1863325,0.0,0.0,-68.0
1777891828.1963325,-2.0,2.0,-66.0
1777891828.2063324,-5.0,4.0,-64.0
1777891828.2163324,-5.0,4.0,-68.0
1777891828.2263324,-3.0,0.0,-68.0
1777891828.2363324,-3.0,-3.0,-70.0
1777891828.2463324,-1.0,-9.0,-78.0
1777891828.2563324,-1.0,-5.0,-80.0
1777891828.2663324,4.0,5.0,-75.0
1777891828.2763324,7.0,7.0,-81.0
1777891828.2863324,4.0,8.0,-78.0
1777891828.2963324,8.0,6.0,-77.0
1777891828.3063323,5.0,0.0,-78.0
1777891828.3163323,7.0,2.0,-82.0
1777891828.3263323,10.0,0.0,-81.0
1777891828.3363323,8.0,0.0,-80.0
1777891828.3463323,6.0,0.0,-86.0
1777891828.3563323,3.0,0.0,-83.0
1777891828.3663323,0.0,1.0,-80.0
1777891828.3763323,2.0,-1.0,-75.0
1777891828.3863325,5.0,0.0,-67.0
1777891828.3963325,3.0,0.0,-64.0
1777891828.4063325,-1.0,-1.0,-63.0
1777891828.4163325,1.0,-2.0,-63.0
1777891828.4263325,0.0,1.0,-63.0
1777891828.4363325,2.0,0.0,-60.0
1777891828.4463325,-2.0,0.0,-55.0
1777891828.4563324,-2.0,-3.0,-62.0
1777891828.4663324,0.0,-4.0,-68.0
1777891828.4763324,1.0,-2.0,-73.0
1777891828.4863324,-3.0,-3.0,-76.0
1777891828.4963324,-5.0,-1.0,-75.0
1777891828.5063324,-1.0,-1.0,-77.0
1777891828.5163324,0.0,-2.0,-75.0
1777891828.5263324,3.0,-8.0,-74.0
1777891828.5363324,0.0,-7.0,-67.0
1777891828.5463324,0.0,-1.0,-63.0
1777891828.5563323,2.0,0.0,-64.0
1777891828.5663323,2.0,-4.0,-67.0
1777891828.5763323,3.0,-2.0,-73.0
1777891828.5863323,1.0,1.0,-75.0
1777891828.5963323,6.0,4.0,-79.0
1777891828.6063323,3.0,0.0,-68.0
1777891828.6163323,3.0,-1.0,-70.0
1777891828.6263323,3.0,-3.0,-73.0
1777891828.6363325,3.0,-5.0,-80.0
1777891828.6463325,3.0,-2.0,-77.0
1777891828.6563325,3.0,-5.0,-80.0
1777891828.6663325,0.0,-6.0,-78.0
1777891828.6763325,3.0,-10.0,-76.0
1777891828.6863325,4.0,-14.0,-72.0
1777891828.6963325,0.0,-9.0,-74.0
1777891828.7063324,1.0,-6.0,-77.0
1777891828.7163324,5.0,-1.0,-81.0
1777891828.7263324,6.0,-2.0,-79.0
1777891828.7363324,7.0,0.0,-79.0
1777891828.7463324,5.0,0.0,-78.0
1777891828.7563324,6.0,-6.0,-74.0
1777891828.7663324,3.0,-6.0,-75.0
1777891828.7763324,3.0,0.0,-69.0
1777891828.7863324,3.0,0.0,-70.0
1777891828.7963324,0.0,0.0,-69.0
1777891828.8063323,0.0,0.0,-68.0
1777891828.8163323,3.0,0.0,-72.0
1777891828.8263323,0.0,1.0,-77.0
1777891828.8363323,-1.0,-2.0,-74.0
1777891828.8463323,-5.0,1.0,-75.0
1777891828.8563323,-5.0,0.0,-78.0
1777891828.8663323,-5.0,0.0,-84.0
1777891828.8763323,-8.0,0.0,-82.0
1777891828.8863325,-8.0,0.0,-84.0
1777891828.8963325,-5.0,-2.0,-73.0
1777891828.9063325,-1.0,-1.0,-69.0
1777891828.9163325,0.0,-4.0,-72.0
1777891828.9263325,4.0,-5.0,-74.0
1777891828.9363325,7.0,-5.0,-75.0
1777891828.9463325,10.0,-4.0,-76.0
1777891828.9563324,7.0,-4.0,-70.0
1777891828.9663324,1.0,-4.0,-71.0
1777891828.9763324,-1.0,-5.0,-73.0
1777891828.9863324,-3.0,-3.0,-72.0
1777891828.9963324,-4.0,-3.0,-75.0
1777891829.0063324,-4.0,-1.0,-73.0
1777891829.0163324,-5.0,-4.0,-70.0
1777891829.0263324,-2.0,-4.0,-70.0
1777891829.0363324,-2.0,-5.0,-70.0
1777891829.0463324,0.0,-6.0,-69.0
1777891829.0563323,0.0,-7.0,-68.0
1777891829.0663323,2.0,-5.0,-70.0
1777891829.0763323,4.0,-1.0,-74.0
1777891829.0863323,0.0,0.0,-70.0
1777891829.0963323,3.0,-1.0,-66.0
1777891829.1063323,2.0,0.0,-67.0
1777891829.1163323,3.0,-3.0,-71.0
1777891829.1263323,5.0,-6.0,-67.0
1777891829.1363325,6.0,-1.0,-70.0
1777891829.1463325,10.0,5.0,-72.0
1777891829.1563325,9.0,2.0,-74.0
1777891829.1663325,6.0,4.0,-64.0
1777891829.1763325,5.0,6.0,-67.0
1777891829.1863325,3.0,2.0,-70.0
1777891829.1963325,3.0,-2.0,-68.0
1777891829.2063324,7.0,0.0,-66.0
1777891829.2163324,11.0,0.0,-69.0
1777891829.2263324,7.0,-1.0,-72.0
1777891829.2363324,7.0,1.0,-69.0
1777891829.2463324,7.0,-3.0,-64.0
1777891829.2563324,5.0,-5.0,-69.0
1777891829.2663324,5.0,-6.0,-67.0
1777891829.2763324,3.0,-6.0,-64.0
1777891829.2863324,5.0,-5.0,-63.0
1777891829.2963324,5.0,-2.0,-62.0
1777891829.3063323,-1.0,-1.0,-68.0
1777891829.3163323,0.0,-2.0,-67.0
1777891829.3263323,2.0,-2.0,-67.0
1777891829.3363323,2.0,-4.0,-64.0
1777891829.3463323,2.0,-7.0,-65.0
1777891829.3563323,1.0,-6.0,-69.0
1777891829.3663323,0.0,-3.0,-66.0
1777891829.3763323,0.0,-6.0,-76.0
1777891829.3863325,-6.0,-5.0,-74.0
1777891829.3963325,-8.0,-5.0,-73.0
1777891829.4063325,-8.0,-4.0,-70.0
1777891829.4163325,-1.0,-1.0,-72.0
1777891829.4273324,4.0,0.0,-72.0
1777891829.4363325,2.0,1.0,-69.0
1777891829.4473324,3.0,-2.0,-67.0
1777891829.4573324,5.0,-2.0,-69.0
1777891829.4663324,4.0,2.0,-67.0
1777891829.4773324,3.0,0.0,-73.0
1777891829.4873323,5.0,-1.0,-80.0
1777891829.4973323,6.0,-1.0,-79.0
1777891829.5073323,6.0,-2.0,-77.0
1777891829.5173323,7.0,-4.0,-77.0
1777891829.5273323,8.0,-9.0,-75.0
1777891829.5373323,10.0,-9.0,-67.0
1777891829.5473323,9.0,-5.0,-68.0
1777891829.5573325,2.0,-5.0,-70.0
1777891829.5673325,2.0,-1.0,-68.0
1777891829.5773325,2.0,1.0,-70.0
1777891829.5873325,4.0,-1.0,-68.0
1777891829.5973325,2.0,-1.0,-64.0
1777891829.6073325,0.0,-2.0,-67.0
1777891829.6173325,-1.0,-3.0,-61.0
1777891829.6273324,-6.0,-2.0,-70.0
1777891829.6373324,-5.0,0.0,-75.0
1777891829.6473324,-3.0,2.0,-85.0
1777891829.6573324,1.0,2.0,-76.0
1777891829.6673324,-3.0,4.0,-70.0
1777891829.6773324,2.0,2.0,-71.0
1777891829.6873324,3.0,2.0,-67.0
1777891829.6973324,2.0,2.0,-68.0
1777891829.7073324,8.0,4.0,-75.0
1777891829.7173324,5.0,8.0,-76.0
1777891829.7273324,3.0,5.0,-76.0
1777891829.7373323,1.0,8.0,-76.0
1777891829.7473323,0.0,2.0,-79.0
1777891829.7573323,0.0,1.0,-79.0
1777891829.7673323,-3.0,-4.0,-73.0
1777891829.7773323,0.0,-7.0,-64.0
1777891829.7873323,1.0,0.0,-65.0
1777891829.7973323,1.0,1.0,-61.0
1777891829.8073325,1.0,1.0,-60.0
1777891829.8173325,3.0,0.0,-58.0
1777891829.8273325,1.0,2.0,-60.0
1777891829.8373325,1.0,3.0,-62.0
1777891829.8473325,4.0,1.0,-68.0
1777891829.8573325,3.0,0.0,-67.0
1777891829.8673325,3.0,0.0,-64.0
1777891829.8773324,4.0,2.0,-67.0
1777891829.8873324,0.0,3.0,-65.0
1777891829.8973324,1.0,6.0,-70.0
1777891829.9073324,-1.0,5.0,-76.0
1777891829.9173324,0.0,3.0,-79.0
1777891829.9273324,2.0,-2.0,-84.0
1777891829.9373324,3.0,-3.0,-84.0
1777891829.9473324,-1.0,-6.0,-86.0
1777891829.9573324,-2.0,-2.0,-76.0
1777891829.9673324,-1.0,0.0,-77.0
1777891829.9773324,-3.0,3.0,-74.0
1777891829.9873323,-5.0,2.0,-72.0
1777891829.9973323,-7.0,3.0,-67.0
1777891830.0073323,-6.0,6.0,-63.0
1777891830.0173323,0.0,6.0,-62.0
1777891830.0273323,3.0,4.0,-58.0
1777891830.0373323,1.0,0.0,-62.0
1777891830.0473323,4.0,-3.0,-65.0
1777891830.0573325,0.0,-4.0,-68.0
1777891830.0673325,3.0,-3.0,-72.0
1777891830.0773325,0.0,-1.0,-73.0
1777891830.0873325,-3.0,-2.0,-70.0
1777891830.0973325,0.0,-5.0,-71.0
1777891830.1073325,0.0,-5.0,-75.0
1777891830.1173325,0.0,-4.0,-70.0
1777891830.1273324,-1.0,-2.0,-68.0
1777891830.1373324,-6.0,-4.0,-74.0
1777891830.1473324,0.0,-2.0,-75.0
1777891830.1573324,1.0,0.0,-75.0
1777891830.1673324,1.0,-3.0,-76.0
1777891830.1773324,0.0,-2.0,-71.0
1777891830.1873324,1.0,-3.0,-73.0
1777891830.1973324,0.0,-3.0,-73.0
1777891830.2073324,0.0,-7.0,-72.0
1777891830.2173324,-1.0,-7.0,-64.0
1777891830.2273324,-1.0,-11.0,-62.0
1777891830.2373323,-1.0,-12.0,-73.0
1777891830.2473323,3.0,-9.0,-68.0
1777891830.2573323,4.0,-8.0,-73.0
1777891830.2673323,3.0,-10.0,-68.0
1777891830.2773323,2.0,-6.0,-73.0
1777891830.2873323,0.0,-7.0,-74.0
1777891830.2973323,4.0,0.0,-75.0
1777891830.3073325,5.0,0.0,-75.0
1777891830.3173325,4.0,-2.0,-75.0
1777891830.3273325,0.0,-2.0,-74.0
1777891830.3373325,0.0,-4.0,-74.0
1777891830.3473325,1.0,-4.0,-82.0
1777891830.3573325,4.0,-3.0,-79.0
1777891830.3673325,3.0,0.0,-77.0
1777891830.3773324,4.0,-2.0,-69.0
1777891830.3873324,5.0,0.0,-68.0
1777891830.3973324,6.0,-1.0,-62.0
1777891830.4073324,8.0,-3.0,-66.0
1777891830.4173324,3.0,-1.0,-66.0
1777891830.4273324,4.0,0.0,-65.0
1777891830.4373324,1.0,3.0,-58.0
1777891830.4473324,1.0,0.0,-60.0
1777891830.4573324,5.0,0.0,-62.0
1777891830.4673324,3.0,2.0,-65.0
1777891830.4773324,2.0,3.0,-65.0
1777891830.4873323,-1.0,5.0,-61.0
1777891830.4973323,1.0,2.0,-62.0
1777891830.5073323,5.0,2.0,-68.0
1777891830.5173323,3.0,1.0,-68.0
1777891830.5273323,3.0,3.0,-71.0
1777891830.5373323,2.0,-1.0,-76.0
1777891830.5473323,1.0,2.0,-77.0
1777891830.5573325,2.0,1.0,-85.0
1777891830.5673325,1.0,-1.0,-82.0
1777891830.5773325,-1.0,1.0,-84.0
1777891830.5873325,-3.0,3.0,-78.0
1777891830.5973325,3.0,4.0,-80.0
1777891830.6073325,6.0,7.0,-75.0
1777891830.6173325,6.0,9.0,-77.0
1777891830.6273324,5.0,8.0,-81.0
1777891830.6373324,5.0,7.0,-86.0
1777891830.6473324,4.0,3.0,-82.0
1777891830.6573324,3.0,0.0,-76.0
1777891830.6673324,3.0,0.0,-74.0
1777891830.6773324,2.0,3.0,-76.0
1777891830.6873324,3.0,-1.0,-75.0
1777891830.6973324,4.0,-1.0,-67.0
1777891830.7073324,5.0,-1.0,-64.0
1777891830.7173324,1.0,-2.0,-70.0
1777891830.7273324,3.0,-3.0,-75.0
1777891830.7373323,-2.0,-1.0,-77.0
1777891830.7473323,-4.0,1.0,-80.0
1777891830.7573323,0.0,2.0,-82.0
1777891830.7673323,0.0,3.0,-80.0
1777891830.7773323,0.0,1.0,-73.0
1777891830.7873323,-1.0,0.0,-68.0
1777891830.7973323,0.0,2.0,-71.0
1777891830.8073325,-2.0,5.0,-74.0
1777891830.8173325,-3.0,0.0,-69.0
1777891830.8273325,-1.0,-1.0,-70.0
1777891830.8373325,-1.0,-2.0,-71.0
1777891830.8473325,7.0,-7.0,-69.0
1777891830.8573325,3.0,-2.0,-75.0
1777891830.8673325,4.0,-2.0,-78.0
1777891830.8773324,5.0,-1.0,-76.0
1777891830.8873324,4.0,-3.0,-69.0
1777891830.8973324,3.0,-5.0,-76.0
1777891830.9073324,2.0,-4.0,-76.0
1777891830.9173324,3.0,-6.0,-75.0
1777891830.9273324,1.0,-4.0,-72.0
1777891830.9373324,0.0,-2.0,-71.0
1777891830.9473324,-4.0,-4.0,-64.0
1777891830.9573324,-1.0,-4.0,-60.0
1777891830.9673324,-9.0,0.0,-60.0
1777891830.9773324,-11.0,-3.0,-64.0
1777891830.9873323,-9.0,-6.0,-63.0
1777891830.9973323,-7.0,-5.0,-63.0
1777891831.0073323,-7.0,-3.0,-63.0
1777891831.0173323,-2.0,-5.0,-65.0
1777891831.0273323,2.0,-4.0,-70.0
1777891831.0373323,-3.0,-1.0,-67.0
1777891831.0473323,0.0,0.0,-72.0
1777891831.0573325,-1.0,-3.0,-76.0
1777891831.0673325,-2.0,-2.0,-83.0
1777891831.0773325,-3.0,-1.0,-89.0
1777891831.0873325,-2.0,0.0,-85.0
1777891831.0973325,-4.0,0.0,-83.0
1777891831.1073325,-3.0,0.0,-76.0
1777891831.1173325,-2.0,0.0,-75.0
1777891831.1273324,-1.0,1.0,-77.0
1777891831.1373324,0.0,0.0,-80.0
1777891831.1473324,-3.0,0.0,-83.0
1777891831.1573324,0.0,0.0,-83.0
1777891831.1673324,-1.0,-2.0,-80.0
1777891831.1783323,-5.0,-4.0,-76.0
1777891831.1873324,-2.0,-5.0,-71.0
1777891831.1973324,-4.0,-4.0,-71.0
1777891831.2073324,0.0,-2.0,-74.0
1777891831.2173324,3.0,0.0,-79.0
1777891831.2273324,0.0,1.0,-73.0
1777891831.2373323,0.0,2.0,-71.0
1777891831.2473323,0.0,0.0,-74.0
1777891831.2573323,3.0,-5.0,-80.0
1777891831.2673323,-1.0,-4.0,-82.0
1777891831.2773323,-3.0,-2.0,-82.0
1777891831.2873323,-3.0,-3.0,-78.0
1777891831.2973323,-2.0,-3.0,-79.0
1777891831.3073325,-3.0,-4.0,-77.0
1777891831.3173325,-2.0,-3.0,-74.0
1777891831.3273325,-4.0,-2.0,-70.0
1777891831.3373325,-5.0,0.0,-67.0
1777891831.3473325,-3.0,8.0,-68.0
1777891831.3573325,-8.0,5.0,-73.0
1777891831.3673325,-6.0,1.0,-74.0
1777891831.3773324,-5.0,3.0,-71.0
1777891831.3873324,-2.0,-1.0,-72.0
1777891831.3973324,-3.0,1.0,-66.0
1777891831.4073324,-2.0,1.0,-63.0
1777891831.4173324,-2.0,4.0,-64.0
1777891831.4273324,-1.0,0.0,-60.0
1777891831.4373324,0.0,0.0,-60.0
1777891831.4483323,0.0,2.0,-62.0
1777891831.4573324,-5.0,0.0,-62.0
1777891831.4683323,-4.0,-2.0,-65.0
1777891831.4783323,-2.0,-2.0,-64.0
1777891831.4883325,-1.0,-1.0,-67.0
1777891831.4983325,2.0,0.0,-71.0
1777891831.5083325,1.0,-3.0,-78.0
1777891831.5183325,7.0,-5.0,-71.0
1777891831.5283325,7.0,-6.0,-75.0
1777891831.5383325,7.0,-1.0,-83.0
1777891831.5483325,7.0,-4.0,-86.0
1777891831.5583324,4.0,-5.0,-81.0
1777891831.5683324,0.0,-8.0,-77.0
1777891831.5783324,1.0,-9.0,-75.0
1777891831.5883324,1.0,-5.0,-74.0
1777891831.5983324,0.0,-3.0,-70.0
1777891831.6083324,2.0,-3.0,-68.0
1777891831.6183324,2.0,-7.0,-64.0
1777891831.6283324,0.0,-5.0,-67.0
1777891831.6383324,1.0,-2.0,-70.0
1777891831.6483324,5.0,0.0,-70.0
1777891831.6583323,9.0,1.0,-70.0
1777891831.6683323,7.0,1.0,-70.0
1777891831.6783323,6.0,2.0,-66.0
1777891831.6883323,6.0,1.0,-67.0
1777891831.6983323,8.0,3.0,-77.0
1777891831.7083323,7.0,5.0,-82.0
1777891831.7183323,3.0,4.0,-78.0
1777891831.7283323,-1.0,1.0,-73.0
1777891831.7383325,-1.0,0.0,-73.0
1777891831.7483325,-1.0,-2.0,-71.0
1777891831.7583325,-4.0,-3.0,-68.0
1777891831.7683325,-2.0,-5.0,-75.0
1777891831.7783325,-4.0,-4.0,-73.0
1777891831.7883325,-1.0,0.0,-66.0
1777891831.7983325,0.0,1.0,-65.0
1777891831.8083324,-1.0,0.0,-65.0
1777891831.8183324,0.0,-1.0,-65.0
1777891831.8283324,0.0,-2.0,-62.0
1777891831.8383324,-3.0,-1.0,-61.0
1777891831.8483324,0.0,-3.0,-57.0
1777891831.8583324,0.0,-3.0,-60.0
1777891831.8683324,3.0,0.0,-64.0
1777891831.8783324,3.0,0.0,-65.0
1777891831.8883324,4.0,3.0,-63.0
1777891831.8983324,3.0,0.0,-67.0
1777891831.9083323,8.0,-4.0,-64.0
1777891831.9183323,5.0,-3.0,-74.0
1777891831.9283323,3.0,0.0,-75.0
1777891831.9383323,0.0,-3.0,-74.0
1777891831.9483323,-1.0,-1.0,-71.0
1777891831.9583323,-3.0,-1.0,-77.0
1777891831.9683323,-1.0,-1.0,-78.0
1777891831.9783323,0.0,2.0,-73.0
1777891831.9883325,-2.0,4.0,-71.0
1777891831.9983325,-3.0,0.0,-67.0
1777891832.0083325,-3.0,3.0,-69.0
1777891832.0183325,-2.0,1.0,-68.0
1777891832.0283325,-6.0,6.0,-69.0
1777891832.0383325,-2.0,4.0,-74.0
1777891832.0483325,0.0,0.0,-71.0
1777891832.0583324,5.0,-2.0,-67.0
1777891832.0683324,3.0,0.0,-72.0
1777891832.0783324,0.0,-2.0,-70.0
1777891832.0883324,1.0,-3.0,-72.0
1777891832.0983324,0.0,-8.0,-71.0
1777891832.1083324,1.0,-8.0,-74.0
1777891832.1183324,3.0,-9.0,-74.0
1777891832.1283324,3.0,-8.0,-73.0
1777891832.1383324,0.0,-8.0,-74.0
1777891832.1483324,0.0,-5.0,-70.0
1777891832.1583323,0.0,-1.0,-72.0
1777891832.1683323,0.0,0.0,-70.0
1777891832.1783323,1.0,1.0,-76.0
1777891832.1883323,2.0,-3.0,-71.0
1777891832.1983323,0.0,-10.0,-60.0
1777891832.2083323,2.0,-11.0,-63.0
1777891832.2183323,2.0,-6.0,-71.0
1777891832.2283323,0.0,-11.0,-69.0
1777891832.2383325,0.0,-7.0,-69.0
1777891832.2483325,2.0,-6.0,-65.0
1777891832.2583325,1.0,-7.0,-67.0
1777891832.2683325,1.0,-1.0,-67.0
1777891832.2783325,7.0,-1.0,-61.0
1777891832.2883325,8.0,0.0,-56.0
1777891832.2983325,9.0,0.0,-65.0
1777891832.3083324,5.0,2.0,-70.0
1777891832.3183324,3.0,1.0,-74.0
1777891832.3283324,0.0,1.0,-76.0
1777891832.3383324,0.0,3.0,-70.0
1777891832.3483324,0.0,7.0,-70.0
1777891832.3583324,2.0,7.0,-69.0
1777891832.3683324,4.0,6.0,-73.0
1777891832.3783324,2.0,3.0,-67.0
1777891832.3883324,4.0,3.0,-68.0
1777891832.3983324,7.0,2.0,-72.0
1777891832.4083323,7.0,0.0,-71.0
1777891832.4183323,6.0,-1.0,-75.0
1777891832.4283323,5.0,-6.0,-75.0
1777891832.4383323,4.0,-5.0,-75.0
1777891832.4483323,2.0,-7.0,-73.0
1777891832.4583323,4.0,-6.0,-73.0
1777891832.4683323,1.0,-2.0,-67.0
1777891832.4783323,5.0,-1.0,-71.0
1777891832.4883325,3.0,3.0,-72.0
1777891832.4983325,0.0,4.0,-69.0
1777891832.5083325,0.0,8.0,-67.0
1777891832.5183325,-1.0,5.0,-63.0
1777891832.5283325,-3.0,3.0,-59.0
1777891832.5383325,0.0,2.0,-65.0
1777891832.5483325,-1.0,0.0,-67.0
1777891832.5583324,-1.0,0.0,-68.0
1777891832.5683324,-3.0,-1.0,-63.0
1777891832.5783324,-2.0,0.0,-61.0
1777891832.5883324,-4.0,1.0,-73.0
1777891832.5983324,3.0,-2.0,-72.0
1777891832.6083324,2.0,0.0,-75.0
1777891832.6183324,6.0,1.0,-75.0
1777891832.6283324,3.0,1.0,-71.0
1777891832.6383324,-2.0,0.0,-68.0
1777891832.6483324,-5.0,0.0,-65.0
1777891832.6583323,-5.0,1.0,-62.0
1777891832.6683323,-4.0,4.0,-59.0
1777891832.6783323,-3.0,1.0,-59.0
1777891832.6883323,-5.0,-1.0,-59.0
1777891832.6983323,-2.0,0.0,-63.0
1777891832.7083323,-4.0,-6.0,-66.0
1777891832.7183323,-3.0,-5.0,-66.0
1777891832.7283323,1.0,-4.0,-69.0
1777891832.7383325,2.0,-4.0,-73.0
1777891832.7483325,4.0,-7.0,-68.0
1777891832.7583325,3.0,-6.0,-65.0
1777891832.7683325,5.0,-7.0,-63.0
1777891832.7783325,3.0,-5.0,-71.0
1777891832.7883325,-2.0,-7.0,-71.0
1777891832.7983325,1.0,-3.0,-75.0
1777891832.8083324,0.0,-4.0,-72.0
1777891832.8183324,2.0,-5.0,-65.0
1777891832.8283324,7.0,-4.0,-70.0
1777891832.8383324,9.0,0.0,-60.0
1777891832.8483324,11.0,0.0,-55.0
1777891832.8583324,9.0,-1.0,-60.0
1777891832.8683324,6.0,-4.0,-66.0
1777891832.8783324,8.0,-7.0,-59.0
1777891832.8883324,9.0,-1.0,-66.0
1777891832.8983324,10.0,0.0,-72.0
1777891832.9083323,14.0,0.0,-75.0
1777891832.9183323,10.0,0.0,-74.0
1777891832.9283323,7.0,0.0,-71.0
1777891832.9383323,-1.0,-2.0,-66.0
1777891832.9483323,0.0,-5.0,-64.0
1777891832.9583323,2.0,-6.0,-65.0
1777891832.9683323,5.0,0.0,-66.0
1777891832.9783323,0.0,2.0,-69.0
1777891832.9883325,2.0,5.0,-71.0
1777891832.9983325,5.0,6.0,-82.0
1777891833.0083325,2.0,8.0,-84.0
1777891833.0183325,-2.0,7.0,-81.0
1777891833.0283325,-5.0,9.0,-75.0
1777891833.0383325,-6.0,8.0,-79.0
1777891833.0483325,-3.0,5.0,-81.0
1777891833.0583324,-3.0,5.0,-79.0
1777891833.0683324,-3.0,6.0,-73.0
1777891833.0783324,-1.0,3.0,-74.0
1777891833.0883324,-2.0,-1.0,-75.0
1777891833.0983324,0.0,-4.0,-72.0
1777891833.1083324,0.0,-3.0,-74.0
1777891833.1183324,-2.0,-1.0,-72.0
1777891833.1283324,2.0,1.0,-76.0
1777891833.1383324,0.0,2.0,-73.0
1777891833.1483324,4.0,1.0,-65.0
1777891833.1583323,8.0,0.0,-61.0
1777891833.1683323,9.0,0.0,-67.0
1777891833.1783323,8.0,1.0,-64.0
1777891833.1883323,4.0,1.0,-71.0
1777891833.1983323,1.0,-3.0,-73.0
1777891833.2083323,-2.0,-3.0,-73.0
1777891833.2183323,-2.0,-1.0,-69.0
1777891833.2283323,-2.0,-3.0,-76.0
1777891833.2383325,3.0,-8.0,-78.0
1777891833.2483325,6.0,-9.0,-84.0
1777891833.2583325,12.0,-6.0,-78.0
1777891833.2683325,9.0,-3.0,-77.0
1777891833.2783325,9.0,-9.0,-78.0
1777891833.2883325,5.0,-4.0,-83.0
1777891833.2983325,5.0,-2.0,-88.0
1777891833.3083324,0.0,-5.0,-90.0
1777891833.3183324,-1.0,-5.0,-88.0
1777891833.3283324,0.0,-7.0,-81.0
1777891833.3383324,-1.0,-3.0,-71.0
1777891833.3483324,-3.0,1.0,-72.0
1777891833.3583324,-2.0,1.0,-68.0
1777891833.3683324,-3.0,4.0,-72.0
1777891833.3783324,-7.0,4.0,-67.0
1777891833.3883324,-7.0,7.0,-61.0
1777891833.3993323,-3.0,3.0,-65.0
1777891833.4083323,0.0,-1.0,-74.0
1777891833.4183323,1.0,-2.0,-74.0
1777891833.4293325,0.0,0.0,-72.0
1777891833.4393325,0.0,-2.0,-73.0
1777891833.4493325,2.0,0.0,-66.0
1777891833.4593325,3.0,-2.0,-64.0
1777891833.4693325,-3.0,-5.0,-70.0
1777891833.4793324,-7.0,-2.0,-65.0
1777891833.4893324,-3.0,0.0,-69.0
1777891833.4993324,-3.0,1.0,-75.0
1777891833.5093324,-2.0,1.0,-77.0
1777891833.5193324,1.0,0.0,-78.0
1777891833.5293324,2.0,0.0,-79.0
1777891833.5393324,-1.0,3.0,-76.0
1777891833.5493324,-1.0,5.0,-74.0
1777891833.5593324,0.0,1.0,-74.0
1777891833.5693324,6.0,0.0,-69.0
1777891833.5793324,6.0,0.0,-72.0
1777891833.5893323,4.0,-3.0,-76.0
1777891833.5993323,7.0,-2.0,-77.0
1777891833.6093323,6.0,-3.0,-81.0
1777891833.6193323,6.0,-2.0,-81.0
1777891833.6293323,3.0,0.0,-83.0
1777891833.6393323,1.0,0.0,-79.0
1777891833.6493323,0.0,1.0,-73.0
1777891833.6593325,1.0,0.0,-69.0
1777891833.6693325,3.0,0.0,-67.0
1777891833.6793325,7.0,0.0,-71.0
1777891833.6893325,4.0,-1.0,-75.0
1777891833.6993325,4.0,-1.0,-76.0
1777891833.7093325,3.0,-1.0,-78.0
1777891833.7193325,0.0,-3.0,-75.0
1777891833.7293324,0.0,-5.0,-73.0
1777891833.7393324,0.0,0.0,-69.0
1777891833.7493324,0.0,0.0,-70.0
1777891833.7593324,5.0,0.0,-70.0
1777891833.7693324,2.0,-5.0,-72.0
1777891833.7793324,3.0,-5.0,-74.0
1777891833.7893324,2.0,-1.0,-76.0
1777891833.7993324,4.0,1.0,-65.0
1777891833.8093324,8.0,0.0,-66.0
1777891833.8193324,8.0,-4.0,-63.0
1777891833.8293324,7.0,-2.0,-60.0
1777891833.8393323,8.0,1.0,-63.0
1777891833.8493323,9.0,0.0,-67.0
1777891833.8593323,9.0,2.0,-72.0
1777891833.8693323,8.0,0.0,-76.0
1777891833.8793323,11.0,1.0,-80.0
1777891833.8893323,10.0,1.0,-76.0
1777891833.8993323,9.0,1.0,-78.0
1777891833.9093325,5.0,1.0,-77.0
1777891833.9193325,2.0,2.0,-69.0
1777891833.9293325,2.0,0.0,-67.0
1777891833.9393325,2.0,1.0,-75.0
1777891833.9493325,1.0,0.0,-72.0
1777891833.9593325,3.0,2.0,-64.0
1777891833.9693325,1.0,4.0,-65.0
1777891833.9793324,-1.0,3.0,-59.0
1777891833.9893324,2.0,2.0,-55.0
1777891833.9993324,2.0,4.0,-60.0
1777891834.0093324,5.0,1.0,-63.0
1777891834.0193324,6.0,0.0,-68.0
1777891834.0293324,10.0,-2.0,-66.0
1777891834.0393324,7.0,-3.0,-67.0
1777891834.0493324,8.0,-4.0,-75.0
1777891834.0593324,6.0,1.0,-80.0
1777891834.0693324,2.0,2.0,-80.0
1777891834.0793324,0.0,-1.0,-75.0
1777891834.0893323,3.0,0.0,-77.0
1777891834.0993323,5.0,-1.0,-75.0
1777891834.1093323,6.0,0.0,-70.0
1777891834.1193323,0.0,0.0,-67.0
1777891834.1293323,-5.0,0.0,-68.0
1777891834.1393323,-3.0,-1.0,-68.0
1777891834.1493323,0.0,0.0,-63.0
1777891834.1593325,5.0,2.0,-60.0
1777891834.1693325,2.0,1.0,-65.0
1777891834.1793325,1.0,2.0,-69.0
1777891834.1893325,-1.0,-1.0,-78.0
1777891834.1993325,0.0,-1.0,-77.0
1777891834.2093325,0.0,-6.0,-77.0
1777891834.2193325,0.0,0.0,-80.0
1777891834.2293324,-2.0,0.0,-76.0
1777891834.2393324,-1.0,0.0,-73.0
1777891834.2493324,-3.0,0.0,-76.0
1777891834.2593324,-2.0,-1.0,-73.0
1777891834.2693324,0.0,-6.0,-75.0
1777891834.2793324,-2.0,-8.0,-75.0
1777891834.2893324,0.0,-7.0,-78.0
1777891834.2993324,0.0,-7.0,-80.0
1777891834.3093324,7.0,-6.0,-75.0
1777891834.3193324,8.0,-6.0,-74.0
1777891834.3293324,4.0,-4.0,-71.0
1777891834.3393323,3.0,0.0,-68.0
1777891834.3493323,4.0,-1.0,-69.0
1777891834.3593323,6.0,0.0,-67.0
1777891834.3693323,4.0,0.0,-69.0
1777891834.3793323,3.0,-1.0,-65.0
1777891834.3893323,6.0,2.0,-66.0
1777891834.3993323,2.0,1.0,-68.0
1777891834.4093325,1.0,1.0,-76.0
1777891834.4193325,1.0,2.0,-73.0
1777891834.4293325,0.0,3.0,-68.0
1777891834.4393325,0.0,0.0,-77.0
1777891834.4493325,-1.0,-6.0,-85.0
1777891834.4593325,-2.0,-8.0,-88.0
1777891834.4693325,-3.0,-4.0,-88.0
1777891834.4793324,-5.0,-5.0,-84.0
1777891834.4893324,-6.0,-6.0,-85.0
1777891834.4993324,-7.0,0.0,-89.0
1777891834.5093324,-1.0,0.0,-90.0
1777891834.5193324,-4.0,0.0,-90.0
1777891834.5293324,-1.0,0.0,-91.0
1777891834.5393324,0.0,0.0,-86.0
1777891834.5493324,0.0,1.0,-82.0
1777891834.5593324,-1.0,2.0,-81.0
1777891834.5693324,2.0,-1.0,-76.0
1777891834.5793324,-1.0,-5.0,-78.0
1777891834.5893323,-4.0,-6.0,-76.0
1777891834.5993323,-2.0,-7.0,-74.0
1777891834.6093323,-3.0,0.0,-68.0
1777891834.6193323,-7.0,7.0,-64.0
1777891834.6293323,-10.0,7.0,-62.0
1777891834.6393323,-3.0,4.0,-69.0
1777891834.6493323,0.0,0.0,-67.0
1777891834.6593325,2.0,1.0,-60.0
1777891834.6693325,0.0,3.0,-55.0
1777891834.6793325,0.0,6.0,-54.0
1777891834.6893325,-2.0,5.0,-58.0
1777891834.6993325,2.0,0.0,-60.0
1777891834.7093325,4.0,-4.0,-70.0
1777891834.7193325,1.0,-2.0,-67.0
1777891834.7293324,0.0,1.0,-60.0
1777891834.7393324,1.0,-2.0,-54.0
1777891834.7493324,5.0,-4.0,-60.0
1777891834.7593324,5.0,-5.0,-72.0
1777891834.7693324,4.0,-3.0,-75.0
1777891834.7793324,0.0,-1.0,-78.0
1777891834.7893324,0.0,-4.0,-80.0
1777891834.7993324,-4.0,-1.0,-82.0
1777891834.8093324,-3.0,-2.0,-83.0
1777891834.8193324,0.0,-1.0,-78.0
1777891834.8293324,0.0,0.0,-79.0
1777891834.8393323,0.0,4.0,-77.0
1777891834.8493323,4.0,3.0,-76.0
1777891834.8593323,5.0,1.0,-82.0
1777891834.8693323,6.0,3.0,-87.0
1777891834.8793323,8.0,2.0,-84.0
1777891834.8893323,7.0,-2.0,-78.0
1777891834.8993323,7.0,-2.0,-74.0
1777891834.9093325,8.0,-1.0,-79.0
1777891834.9193325,3.0,0.0,-81.0
1777891834.9293325,7.0,0.0,-85.0
1777891834.9393325,3.0,1.0,-78.0
1777891834.9493325,2.0,3.0,-82.0
1777891834.9593325,0.0,1.0,-76.0
1777891834.9693325,2.0,1.0,-77.0
1777891834.9793324,0.0,2.0,-76.0
1777891834.9893324,0.0,2.0,-78.0
1777891834.9993324,-2.0,8.0,-76.0
1777891835.0093324,-2.0,4.0,-69.0
1777891835.0193324,-6.0,0.0,-73.0
1777891835.0293324,-9.0,-2.0,-74.0
1777891835.0393324,-9.0,-2.0,-73.0
1777891835.0493324,-10.0,1.0,-76.0
1777891835.0593324,-11.0,1.0,-73.0
1777891835.0693324,-7.0,-3.0,-75.0
1777891835.0793324,-3.0,-2.0,-78.0
1777891835.0893323,-3.0,-4.0,-75.0
1777891835.0993323,-1.0,0.0,-68.0
1777891835.1093323,3.0,1.0,-71.0
1777891835.1193323,2.0,0.0,-74.0
1777891835.1293323,2.0,-3.0,-82.0
1777891835.1393323,-1.0,-1.0,-79.0
1777891835.1493323,3.0,-4.0,-77.0
1777891835.1593325,3.0,0.0,-66.0
1777891835.1693325,0.0,3.0,-68.0
1777891835.1793325,2.0,0.0,-68.0
1777891835.1893325,3.0,-1.0,-63.0
1777891835.1993325,1.0,-5.0,-62.0
1777891835.2093325,1.0,-1.0,-59.0
1777891835.2193325,3.0,1.0,-63.0
1777891835.2293324,-1.0,0.0,-63.0
1777891835.2393324,0.0,0.0,-67.0
1777891835.2493324,-1.0,0.0,-69.0
1777891835.2593324,1.0,0.0,-62.0
1777891835.2693324,0.0,1.0,-64.0
1777891835.2793324,-2.0,3.0,-66.0
1777891835.2893324,3.0,1.0,-65.0
1777891835.2993324,1.0,0.0,-61.0
1777891835.3093324,-1.0,2.0,-64.0
1777891835.3193324,-3.0,2.0,-64.0
1777891835.3293324,0.0,1.0,-69.0
1777891835.3393323,3.0,1.0,-68.0
1777891835.3493323,1.0,2.0,-62.0
1777891835.3593323,-1.0,0.0,-70.0
1777891835.3693323,-2.0,2.0,-71.0
1777891835.3793323,-8.0,2.0,-75.0
1777891835.3893323,-11.0,7.0,-73.0
1777891835.3993323,-5.0,7.0,-68.0
1777891835.4093325,-5.0,3.0,-65.0
1777891835.4203324,0.0,1.0,-70.0
1777891835.4293325,5.0,2.0,-72.0
1777891835.4403324,1.0,2.0,-76.0
1777891835.4503324,-1.0,1.0,-74.0
1777891835.4603324,-3.0,-2.0,-77.0
1777891835.4703324,1.0,0.0,-78.0
1777891835.4803324,0.0,1.0,-71.0
1777891835.4903324,-6.0,2.0,-67.0
1777891835.5003324,-11.0,1.0,-66.0
1777891835.5103323,-7.0,3.0,-69.0
1777891835.5203323,-2.0,4.0,-69.0
1777891835.5303323,-3.0,4.0,-68.0
1777891835.5403323,-6.0,1.0,-68.0
1777891835.5503323,-9.0,0.0,-62.0
1777891835.5603323,-6.0,-3.0,-61.0
1777891835.5703323,-5.0,-2.0,-68.0
1777891835.5803325,-5.0,-3.0,-65.0
1777891835.5903325,-5.0,1.0,-67.0
1777891835.6003325,-7.0,5.0,-66.0
1777891835.6103325,-3.0,3.0,-68.0
1777891835.6203325,0.0,1.0,-64.0
1777891835.6303325,0.0,2.0,-67.0
1777891835.6403325,-4.0,4.0,-64.0
1777891835.6503325,-4.0,5.0,-72.0
1777891835.6603324,-1.0,7.0,-70.0
1777891835.6703324,-1.0,4.0,-67.0
1777891835.6803324,0.0,0.0,-66.0
1777891835.6903324,-3.0,0.0,-65.0
1777891835.7003324,-4.0,1.0,-64.0
1777891835.7103324,-6.0,-2.0,-70.0
1777891835.7203324,-6.0,-7.0,-73.0
1777891835.7303324,-7.0,-5.0,-77.0
1777891835.7403324,-9.0,-5.0,-74.0
1777891835.7503324,-7.0,-7.0,-76.0
1777891835.7603323,-4.0,-7.0,-71.0
1777891835.7703323,0.0,-5.0,-71.0
1777891835.7803323,4.0,-2.0,-68.0
1777891835.7903323,4.0,-4.0,-65.0
1777891835.8003323,6.0,0.0,-63.0
1777891835.8103323,7.0,-2.0,-67.0
1777891835.8203323,12.0,-4.0,-73.0
1777891835.8303325,10.0,-4.0,-75.0
1777891835.8403325,7.0,-7.0,-72.0
1777891835.8503325,6.0,-6.0,-74.0
1777891835.8603325,4.0,-6.0,-77.0
1777891835.8703325,1.0,-6.0,-81.0
1777891835.8803325,0.0,0.0,-72.0
1777891835.8903325,1.0,-2.0,-67.0
1777891835.9003325,0.0,-3.0,-72.0
1777891835.9103324,1.0,-4.0,-73.0
1777891835.9203324,-3.0,-3.0,-78.0
1777891835.9303324,-1.0,-4.0,-74.0
1777891835.9403324,0.0,-4.0,-72.0
1777891835.9503324,0.0,0.0,-79.0
1777891835.9603324,4.0,1.0,-77.0
1777891835.9703324,2.0,-1.0,-71.0
1777891835.9803324,2.0,2.0,-74.0
1777891835.9913323,4.0,-1.0,-67.0
1777891836.0003324,8.0,-3.0,-64.0
1777891836.0103323,10.0,-2.0,-65.0
1777891836.0203323,12.0,-1.0,-64.0
1777891836.0303323,6.0,-1.0,-63.0
1777891836.0403323,0.0,-2.0,-68.0
1777891836.0503323,-1.0,-3.0,-68.0
1777891836.0603323,-2.0,-2.0,-73.0
1777891836.0703323,-3.0,-4.0,-71.0
1777891836.0803325,-5.0,0.0,-73.0
1777891836.0903325,-6.0,1.0,-78.0
1777891836.1003325,-3.0,0.0,-84.0
1777891836.1103325,-3.0,0.0,-83.0
1777891836.1203325,0.0,0.0,-73.0
1777891836.1303325,0.0,-1.0,-70.0
1777891836.1403325,-1.0,0.0,-68.0
1777891836.1503325,3.0,-1.0,-67.0
1777891836.1603324,4.0,1.0,-60.0
1777891836.1703324,3.0,2.0,-55.0
1777891836.1803324,4.0,3.0,-64.0
1777891836.1903324,1.0,3.0,-66.0
1777891836.2003324,0.0,2.0,-67.0
1777891836.2103324,-3.0,0.0,-72.0
1777891836.2203324,-6.0,-1.0,-70.0
1777891836.2303324,-7.0,5.0,-70.0
1777891836.2403324,-4.0,7.0,-59.0
1777891836.2503324,-2.0,10.0,-65.0
1777891836.2603323,0.0,8.0,-69.0
1777891836.2703323,3.0,6.0,-76.0
1777891836.2803323,3.0,5.0,-74.0
1777891836.2903323,3.0,4.0,-78.0
1777891836.3003323,8.0,3.0,-83.0
1777891836.3103323,0.0,1.0,-84.0
1777891836.3203323,0.0,4.0,-86.0
1777891836.3303325,0.0,5.0,-86.0
1777891836.3403325,2.0,6.0,-88.0
1777891836.3503325,0.0,3.0,-83.0
1777891836.3603325,1.0,3.0,-88.0
1777891836.3703325,2.0,1.0,-89.0
1777891836.3803325,1.0,-2.0,-86.0
1777891836.3903325,0.0,3.0,-80.0
1777891836.4003325,-1.0,1.0,-77.0
1777891836.4103324,2.0,2.0,-73.0
1777891836.4203324,-2.0,1.0,-76.0
1777891836.4303324,1.0,5.0,-69.0
1777891836.4403324,2.0,5.0,-69.0
1777891836.4503324,-1.0,5.0,-72.0
1777891836.4603324,-1.0,6.0,-69.0
1777891836.4703324,3.0,0.0,-70.0
1777891836.4803324,3.0,0.0,-72.0
1777891836.4903324,4.0,-2.0,-71.0
1777891836.5003324,4.0,-3.0,-70.0
1777891836.5103323,5.0,-3.0,-76.0
1777891836.5203323,4.0,-1.0,-80.0
1777891836.5303323,3.0,1.0,-76.0
1777891836.5403323,9.0,4.0,-76.0
1777891836.5503323,7.0,6.0,-79.0
1777891836.5603323,3.0,0.0,-78.0
1777891836.5703323,0.0,0.0,-81.0
1777891836.5803325,-3.0,0.0,-80.0
1777891836.5903325,-2.0,4.0,-83.0
1777891836.6003325,0.0,1.0,-91.0
1777891836.6103325,1.0,1.0,-92.0
1777891836.6203325,3.0,2.0,-91.0
1777891836.6303325,3.0,0.0,-85.0
1777891836.6403325,6.0,-3.0,-80.0
1777891836.6503325,3.0,-2.0,-74.0
1777891836.6603324,-4.0,-1.0,-72.0
1777891836.6703324,-3.0,0.0,-69.0
1777891836.6803324,-2.0,0.0,-69.0
1777891836.6903324,-5.0,0.0,-68.0
1777891836.7003324,-9.0,1.0,-73.0
1777891836.7103324,-8.0,1.0,-70.0
1777891836.7203324,-7.0,-2.0,-69.0
1777891836.7303324,-5.0,0.0,-73.0
1777891836.7403324,-1.0,0.0,-73.0
1777891836.7503324,0.0,-5.0,-73.0
1777891836.7603323,2.0,-3.0,-71.0
1777891836.7703323,4.0,-1.0,-72.0
1777891836.7803323,5.0,0.0,-73.0
1777891836.7903323,6.0,0.0,-74.0
1777891836.8003323,2.0,-4.0,-72.0
1777891836.8103323,4.0,-7.0,-65.0
1777891836.8203323,2.0,-5.0,-68.0
1777891836.8303325,0.0,-6.0,-70.0
1777891836.8403325,3.0,-4.0,-70.0
1777891836.8503325,3.0,-3.0,-70.0
1777891836.8603325,6.0,1.0,-70.0
1777891836.8703325,5.0,4.0,-73.0
1777891836.8803325,6.0,0.0,-76.0
1777891836.8903325,7.0,-3.0,-76.0
1777891836.9003325,6.0,-1.0,-74.0
1777891836.9103324,8.0,2.0,-70.0
1777891836.9203324,6.0,4.0,-70.0
1777891836.9303324,11.0,0.0,-75.0
1777891836.9403324,11.0,-3.0,-73.0
1777891836.9503324,7.0,3.0,-78.0
1777891836.9603324,4.0,2.0,-80.0
1777891836.9703324,3.0,1.0,-78.0
1777891836.9803324,2.0,2.0,-72.0
1777891836.9903324,1.0,0.0,-70.0
1777891837.0003324,6.0,1.0,-59.0
1777891837.0103323,5.0,2.0,-59.0
1777891837.0203323,5.0,5.0,-56.0
1777891837.0303323,4.0,6.0,-64.0
1777891837.0403323,0.0,4.0,-68.0
1777891837.0503323,3.0,4.0,-76.0
1777891837.0603323,0.0,0.0,-70.0
1777891837.0703323,0.0,-2.0,-74.0
1777891837.0803325,4.0,-4.0,-80.0
1777891837.0903325,1.0,-3.0,-81.0
1777891837.1003325,6.0,0.0,-84.0
1777891837.1103325,5.0,0.0,-83.0
1777891837.1203325,7.0,1.0,-78.0
1777891837.1303325,8.0,-2.0,-70.0
1777891837.1403325,5.0,-4.0,-70.0
1777891837.1503325,-1.0,0.0,-79.0
1777891837.1603324,0.0,-1.0,-86.0
1777891837.1703324,5.0,0.0,-83.0
1777891837.1803324,4.0,4.0,-79.0
1777891837.1903324,7.0,3.0,-80.0
1777891837.2003324,5.0,1.0,-78.0
1777891837.2103324,1.0,-1.0,-72.0
1777891837.2203324,7.0,-3.0,-73.0
1777891837.2303324,9.0,-5.0,-73.0
1777891837.2403324,11.0,-12.0,-73.0
1777891837.2503324,13.0,-17.0,-70.0
1777891837.2603323,8.0,-16.0,-69.0
1777891837.2703323,4.0,-9.0,-62.0
1777891837.2803323,3.0,-6.0,-64.0
1777891837.2903323,2.0,-6.0,-67.0
1777891837.3003323,5.0,-4.0,-71.0
1777891837.3103323,6.0,-1.0,-68.0
1777891837.3203323,3.0,1.0,-63.0
1777891837.3303325,2.0,2.0,-69.0
1777891837.3403325,2.0,-3.0,-73.0
1777891837.3503325,2.0,-3.0,-76.0
1777891837.3603325,2.0,-3.0,-75.0
1777891837.3703325,5.0,-3.0,-69.0
1777891837.3803325,4.0,-3.0,-75.0
1777891837.3913324,5.0,-1.0,-77.0
1777891837.4003325,2.0,0.0,-75.0
1777891837.4113324,1.0,-2.0,-78.0
1777891837.4203324,5.0,0.0,-73.0
1777891837.4313323,2.0,1.0,-68.0
1777891837.4413323,-3.0,1.0,-72.0
1777891837.4513323,0.0,5.0,-75.0
1777891837.4613323,3.0,6.0,-71.0
1777891837.4713323,4.0,5.0,-71.0
1777891837.4813323,7.0,3.0,-77.0
1777891837.4913323,6.0,2.0,-81.0
1777891837.5013323,6.0,1.0,-78.0
1777891837.5113325,8.0,8.0,-81.0
1777891837.5213325,4.0,13.0,-83.0
1777891837.5313325,5.0,11.0,-82.0
1777891837.5413325,6.0,11.0,-70.0
1777891837.5513325,4.0,5.0,-68.0
1777891837.5613325,5.0,1.0,-69.0
1777891837.5713325,5.0,3.0,-62.0
1777891837.5813324,2.0,2.0,-61.0
1777891837.5913324,2.0,3.0,-66.0
1777891837.6013324,2.0,-1.0,-57.0
1777891837.6113324,7.0,-6.0,-58.0
1777891837.6213324,9.0,-6.0,-70.0
1777891837.6313324,8.0,-6.0,-69.0
1777891837.6413324,10.0,-2.0,-71.0
1777891837.6513324,6.0,0.0,-72.0
1777891837.6613324,2.0,-1.0,-68.0
1777891837.6713324,1.0,0.0,-64.0
1777891837.6813323,0.0,-3.0,-69.0
1777891837.6913323,0.0,-1.0,-71.0
1777891837.7013323,0.0,-1.0,-75.0
1777891837.7113323,0.0,-4.0,-76.0
1777891837.7213323,2.0,-4.0,-77.0
1777891837.7313323,0.0,-2.0,-80.0
1777891837.7413323,0.0,-3.0,-83.0
1777891837.7513323,4.0,-4.0,-83.0
1777891837.7613325,1.0,-2.0,-82.0
1777891837.7713325,0.0,0.0,-74.0
1777891837.7813325,0.0,-4.0,-76.0
1777891837.7913325,3.0,-6.0,-79.0
1777891837.8013325,9.0,-3.0,-80.0
1777891837.8113325,6.0,-4.0,-76.0
1777891837.8213325,8.0,-1.0,-72.0
1777891837.8313324,6.0,2.0,-70.0
1777891837.8413324,4.0,0.0,-67.0
1777891837.8513324,0.0,1.0,-71.0
1777891837.8613324,-3.0,-3.0,-71.0
1777891837.8713324,-6.0,-3.0,-70.0
1777891837.8813324,-4.0,-4.0,-71.0
1777891837.8913324,3.0,-4.0,-81.0
1777891837.9013324,3.0,0.0,-81.0
1777891837.9113324,0.0,-3.0,-83.0
1777891837.9213324,-1.0,-2.0,-78.0
1777891837.9313323,-3.0,-4.0,-79.0
1777891837.9413323,-1.0,-4.0,-77.0
1777891837.9513323,-1.0,-4.0,-69.0
1777891837.9613323,0.0,-3.0,-72.0
1777891837.9713323,0.0,-2.0,-68.0
1777891837.9813323,3.0,0.0,-76.0
1777891837.9913323,1.0,-3.0,-74.0
1777891838.0013323,1.0,-2.0,-70.0
1777891838.0113325,0.0,-3.0,-72.0
1777891838.0213325,1.0,0.0,-75.0
1777891838.0313325,0.0,0.0,-78.0
1777891838.0413325,-2.0,1.0,-77.0
1777891838.0513325,-4.0,4.0,-82.0
1777891838.0613325,-1.0,1.0,-87.0
1777891838.0713325,-1.0,2.0,-79.0
1777891838.0813324,2.0,-1.0,-76.0
1777891838.0913324,5.0,0.0,-80.0
1777891838.1013324,8.0,0.0,-72.0
1777891838.1113324,7.0,2.0,-69.0
1777891838.1213324,9.0,3.0,-73.0
1777891838.1313324,10.0,3.0,-65.0
1777891838.1413324,2.0,0.0,-64.0
1777891838.1513324,-1.0,0.0,-67.0
1777891838.1613324,-3.0,0.0,-72.0
1777891838.1713324,1.0,-2.0,-71.0
1777891838.1813323,3.0,0.0,-66.0
1777891838.1913323,7.0,1.0,-66.0
1777891838.2013323,6.0,2.0,-63.0
1777891838.2113323,7.0,4.0,-66.0
1777891838.2213323,0.0,1.0,-61.0
1777891838.2313323,1.0,-2.0,-65.0
1777891838.2413323,1.0,-2.0,-67.0
1777891838.2513323,-2.0,-2.0,-68.0
1777891838.2613325,-5.0,-1.0,-68.0
1777891838.2713325,-8.0,3.0,-64.0
1777891838.2813325,-2.0,0.0,-65.0
1777891838.2913325,0.0,-1.0,-58.0
1777891838.3013325,0.0,-2.0,-63.0
1777891838.3113325,4.0,3.0,-68.0
1777891838.3213325,10.0,0.0,-74.0
1777891838.3313324,7.0,1.0,-68.0
1777891838.3413324,8.0,-2.0,-63.0
1777891838.3513324,8.0,1.0,-64.0
1777891838.3613324,5.0,1.0,-65.0
1777891838.3713324,4.0,0.0,-63.0
1777891838.3813324,0.0,-1.0,-59.0
1777891838.3913324,4.0,-2.0,-54.0
1777891838.4013324,3.0,-1.0,-52.0
1777891838.4113324,3.0,-5.0,-60.0
1777891838.4213324,7.0,-5.0,-64.0
1777891838.4313323,1.0,-1.0,-63.0
1777891838.4413323,0.0,-3.0,-65.0
1777891838.4513323,-1.0,-3.0,-65.0
1777891838.4613323,0.0,0.0,-69.0
1777891838.4713323,3.0,2.0,-68.0
1777891838.4813323,0.0,2.0,-66.0
1777891838.4913323,0.0,2.0,-64.0
1777891838.5013323,-2.0,1.0,-65.0
1777891838.5113325,-1.0,2.0,-67.0
1777891838.5213325,0.0,2.0,-70.0
1777891838.5313325,-1.0,0.0,-72.0
1777891838.5413325,-1.0,0.0,-84.0
1777891838.5513325,4.0,4.0,-84.0
1777891838.5613325,3.0,8.0,-82.0
1777891838.5713325,5.0,6.0,-85.0
1777891838.5813324,-1.0,4.0,-83.0
1777891838.5913324,-6.0,3.0,-81.0
1777891838.6013324,-2.0,6.0,-79.0
1777891838.6113324,-1.0,4.0,-75.0
1777891838.6213324,-1.0,4.0,-77.0
1777891838.6313324,1.0,6.0,-76.0
1777891838.6413324,4.0,2.0,-77.0
1777891838.6513324,6.0,1.0,-76.0
1777891838.6613324,5.0,3.0,-69.0
1777891838.6713324,2.0,2.0,-66.0
1777891838.6813323,-2.0,2.0,-64.0
1777891838.6913323,-2.0,1.0,-66.0
1777891838.7013323,-4.0,4.0,-62.0
1777891838.7113323,-1.0,1.0,-65.0
1777891838.7213323,-4.0,0.0,-68.0
1777891838.7313323,-1.0,-1.0,-71.0
1777891838.7413323,0.0,-3.0,-74.0
1777891838.7513323,-2.0,-3.0,-73.0
1777891838.7613325,0.0,0.0,-68.0
1777891838.7713325,4.0,0.0,-74.0
1777891838.7813325,6.0,1.0,-73.0
1777891838.7913325,5.0,3.0,-73.0
1777891838.8013325,2.0,0.0,-72.0
1777891838.8113325,-2.0,3.0,-74.0
1777891838.8213325,-1.0,4.0,-77.0
1777891838.8313324,-1.0,1.0,-77.0
1777891838.8413324,-3.0,1.0,-75.0
1777891838.8513324,-5.0,0.0,-72.0
1777891838.8613324,-5.0,0.0,-70.0
1777891838.8713324,-7.0,-1.0,-71.0
1777891838.8813324,-3.0,-1.0,-75.0
1777891838.8913324,-1.0,-1.0,-73.0
1777891838.9013324,0.0,2.0,-74.0
1777891838.9113324,2.0,-1.0,-70.0
1777891838.9213324,3.0,-1.0,-67.0
1777891838.9313323,1.0,-3.0,-71.0
1777891838.9413323,0.0,-3.0,-69.0
1777891838.9513323,-2.0,-2.0,-72.0
1777891838.9613323,-3.0,-1.0,-72.0
1777891838.9713323,-2.0,0.0,-79.0
1777891838.9813323,-1.0,0.0,-81.0
1777891838.9913323,-3.0,0.0,-85.0
1777891839.0013323,-4.0,0.0,-81.0
1777891839.0113325,-2.0,-2.0,-70.0
1777891839.0213325,-2.0,-1.0,-63.0
1777891839.0313325,0.0,2.0,-67.0
1777891839.0413325,6.0,4.0,-68.0
1777891839.0523324,3.0,4.0,-70.0
1777891839.0613325,2.0,0.0,-78.0
1777891839.0713325,1.0,1.0,-81.0
1777891839.0813324,0.0,2.0,-81.0
1777891839.0913324,2.0,0.0,-76.0
1777891839.1013324,1.0,-2.0,-73.0
1777891839.1113324,0.0,-3.0,-75.0
1777891839.1213324,0.0,-5.0,-75.0
1777891839.1313324,3.0,-2.0,-73.0
1777891839.1413324,3.0,-4.0,-78.0
1777891839.1513324,5.0,-3.0,-74.0
1777891839.1613324,10.0,-3.0,-75.0
1777891839.1713324,2.0,0.0,-77.0
1777891839.1813323,1.0,1.0,-73.0
1777891839.1913323,2.0,0.0,-79.0
1777891839.2013323,1.0,-2.0,-79.0
1777891839.2113323,3.0,-4.0,-80.0
1777891839.2213323,1.0,-5.0,-77.0
1777891839.2313323,3.0,-5.0,-71.0
1777891839.2413323,1.0,-8.0,-70.0
1777891839.2513323,3.0,-6.0,-68.0
1777891839.2613325,3.0,-5.0,-74.0
1777891839.2713325,0.0,-3.0,-75.0
1777891839.2813325,0.0,-1.0,-76.0
1777891839.2913325,-1.0,-4.0,-80.0
1777891839.3013325,-2.0,-3.0,-77.0
1777891839.3113325,-4.0,-4.0,-77.0
1777891839.3213325,-6.0,-4.0,-80.0
1777891839.3313324,-1.0,-5.0,-79.0
1777891839.3413324,-6.0,-5.0,-81.0
1777891839.3513324,-4.0,-7.0,-81.0
1777891839.3613324,-8.0,-1.0,-79.0
1777891839.3713324,-3.0,0.0,-81.0
1777891839.3823323,-4.0,-2.0,-82.0
1777891839.3923323,-4.0,-2.0,-77.0
1777891839.4023323,0.0,0.0,-72.0
1777891839.4123323,-1.0,-4.0,-70.0
1777891839.4223323,-7.0,-3.0,-66.0
1777891839.4323325,-6.0,2.0,-68.0
1777891839.4423325,-6.0,0.0,-65.0
1777891839.4523325,-3.0,0.0,-63.0
1777891839.4623325,-1.0,2.0,-62.0
1777891839.4723325,0.0,0.0,-56.0
1777891839.4823325,-2.0,2.0,-63.0
1777891839.4923325,-3.0,1.0,-67.0
1777891839.5023324,-5.0,5.0,-69.0
1777891839.5123324,-6.0,2.0,-70.0
1777891839.5223324,-6.0,-2.0,-74.0
1777891839.5323324,-5.0,-2.0,-67.0
1777891839.5423324,-7.0,-1.0,-68.0
1777891839.5523324,-4.0,-1.0,-69.0
1777891839.5623324,-7.0,-1.0,-72.0
1777891839.5723324,-8.0,0.0,-74.0
1777891839.5823324,-8.0,-2.0,-71.0
1777891839.5923324,-2.0,-2.0,-71.0
1777891839.6023324,0.0,0.0,-73.0
1777891839.6123323,4.0,0.0,-72.0
1777891839.6223323,3.0,1.0,-66.0
1777891839.6323323,4.0,1.0,-63.0
1777891839.6423323,6.0,-1.0,-71.0
1777891839.6523323,5.0,-2.0,-74.0
1777891839.6623323,0.0,-5.0,-71.0
1777891839.6723323,-6.0,0.0,-69.0
1777891839.6823325,-2.0,-1.0,-64.0
1777891839.6923325,1.0,-2.0,-65.0
1777891839.7023325,0.0,-1.0,-67.0
1777891839.7123325,4.0,-2.0,-71.0
1777891839.7223325,0.0,-5.0,-68.0
1777891839.7323325,1.0,-9.0,-76.0
1777891839.7423325,0.0,-4.0,-82.0
1777891839.7523324,-7.0,-9.0,-83.0
1777891839.7623324,-7.0,-6.0,-76.0
1777891839.7723324,-5.0,-4.0,-74.0
1777891839.7823324,-1.0,-3.0,-77.0
1777891839.7923324,1.0,-4.0,-73.0
1777891839.8023324,1.0,-3.0,-76.0
1777891839.8123324,1.0,-3.0,-73.0
1777891839.8223324,0.0,-3.0,-73.0
1777891839.8323324,6.0,-7.0,-71.0
1777891839.8423324,3.0,0.0,-73.0
1777891839.8523324,3.0,-1.0,-69.0
1777891839.8623323,1.0,-2.0,-73.0
1777891839.8723323,-2.0,1.0,-81.0
1777891839.8823323,1.0,0.0,-80.0
1777891839.8923323,5.0,-2.0,-79.0
1777891839.9023323,6.0,-4.0,-79.0
1777891839.9123323,3.0,-1.0,-77.0
1777891839.9223323,0.0,0.0,-74.0
1777891839.9323325,0.0,-1.0,-82.0
1777891839.9423325,0.0,-2.0,-76.0
1777891839.9523325,3.0,-4.0,-73.0
1777891839.9623325,-2.0,-4.0,-69.0
1777891839.9723325,-3.0,-5.0,-72.0
1777891839.9823325,-6.0,-2.0,-71.0
1777891839.9923325,-2.0,-1.0,-73.0
1777891840.0023324,0.0,-8.0,-76.0
1777891840.0123324,6.0,-8.0,-73.0
1777891840.0223324,4.0,-7.0,-76.0
1777891840.0323324,4.0,-7.0,-74.0
1777891840.0423324,8.0,-6.0,-62.0
1777891840.0523324,8.0,-6.0,-69.0
1777891840.0623324,9.0,-2.0,-70.0
1777891840.0723324,2.0,-2.0,-73.0
1777891840.0823324,0.0,-3.0,-71.0
1777891840.0923324,0.0,-5.0,-71.0
1777891840.1023324,2.0,-3.0,-73.0
1777891840.1123323,-1.0,-1.0,-73.0
1777891840.1223323,0.0,-3.0,-71.0
1777891840.1323323,1.0,1.0,-70.0
1777891840.1423323,2.0,-1.0,-73.0
1777891840.1523323,1.0,-2.0,-76.0
1777891840.1623323,-3.0,-2.0,-76.0
1777891840.1723323,-5.0,-1.0,-78.0
1777891840.1823325,-2.0,-2.0,-75.0
1777891840.1923325,-6.0,-5.0,-62.0
1777891840.2023325,-6.0,-6.0,-65.0
1777891840.2123325,-5.0,-3.0,-60.0
1777891840.2223325,-1.0,-1.0,-62.0
1777891840.2323325,7.0,3.0,-61.0
1777891840.2423325,5.0,6.0,-72.0
1777891840.2523324,7.0,8.0,-72.0
1777891840.2623324,2.0,9.0,-70.0
1777891840.2723324,1.0,6.0,-71.0
1777891840.2823324,6.0,6.0,-66.0
1777891840.2923324,5.0,6.0,-65.0
1777891840.3023324,9.0,3.0,-65.0
1777891840.3123324,7.0,-1.0,-70.0
1777891840.3223324,9.0,-7.0,-77.0
1777891840.3323324,8.0,-6.0,-75.0
1777891840.3423324,3.0,-3.0,-77.0
1777891840.3523324,1.0,-3.0,-70.0
1777891840.3623323,2.0,0.0,-70.0
1777891840.3723323,4.0,1.0,-74.0
1777891840.3823323,1.0,3.0,-76.0
1777891840.3923323,1.0,3.0,-79.0
1777891840.4023323,1.0,0.0,-74.0
1777891840.4123323,1.0,-1.0,-67.0
1777891840.4223323,-1.0,-4.0,-65.0
1777891840.4323325,3.0,-9.0,-69.0
1777891840.4423325,2.0,-12.0,-73.0
1777891840.4523325,0.0,-13.0,-72.0
1777891840.4623325,0.0,-11.0,-77.0
1777891840.4723325,6.0,-8.0,-73.0
1777891840.4823325,3.0,-2.0,-65.0
1777891840.4923325,2.0,-4.0,-62.0
1777891840.5023324,3.0,-10.0,-61.0
1777891840.5123324,5.0,-7.0,-62.0
1777891840.5223324,3.0,-5.0,-60.0
1777891840.5323324,2.0,-6.0,-62.0
1777891840.5423324,0.0,-6.0,-61.0
1777891840.5523324,-1.0,-5.0,-69.0
1777891840.5623324,-1.0,-3.0,-69.0
1777891840.5723324,-1.0,-4.0,-64.0
1777891840.5823324,-8.0,-3.0,-65.0
1777891840.5923324,-8.0,-1.0,-66.0
1777891840.6023324,-3.0,-5.0,-63.0
1777891840.6123323,-3.0,-7.0,-63.0
1777891840.6223323,1.0,-6.0,-65.0
1777891840.6323323,3.0,-7.0,-64.0
1777891840.6423323,3.0,-3.0,-65.0
1777891840.6523323,3.0,-1.0,-66.0
1777891840.6623323,1.0,-2.0,-69.0
1777891840.6723323,2.0,-4.0,-70.0
1777891840.6823325,2.0,-3.0,-73.0
1777891840.6923325,2.0,-2.0,-70.0
1777891840.7023325,5.0,0.0,-65.0
1777891840.7123325,10.0,0.0,-65.0
1777891840.7223325,8.0,0.0,-69.0
1777891840.7323325,4.0,0.0,-72.0
1777891840.7423325,1.0,-3.0,-72.0
1777891840.7523324,1.0,-6.0,-76.0
1777891840.7623324,3.0,-6.0,-74.0
1777891840.7723324,5.0,-6.0,-71.0
1777891840.7823324,7.0,-4.0,-71.0
1777891840.7923324,7.0,-3.0,-72.0
1777891840.8023324,12.0,-5.0,-73.0
1777891840.8123324,10.0,-7.0,-75.0
1777891840.8223324,4.0,-8.0,-67.0
1777891840.8323324,0.0,-5.0,-75.0
1777891840.8423324,3.0,-3.0,-75.0
1777891840.8523324,2.0,-5.0,-71.0
1777891840.8623323,1.0,-5.0,-72.0
1777891840.8723323,0.0,-2.0,-73.0
1777891840.8823323,0.0,-4.0,-78.0
1777891840.8923323,-3.0,-7.0,-78.0
1777891840.9023323,-6.0,-7.0,-84.0
1777891840.9123323,-6.0,-7.0,-86.0
1777891840.9223323,-3.0,-6.0,-75.0
1777891840.9323325,0.0,-5.0,-73.0
1777891840.9423325,0.0,-3.0,-75.0
1777891840.9523325,0.0,0.0,-74.0
1777891840.9623325,2.0,-2.0,-69.0
1777891840.9723325,1.0,-1.0,-70.0
1777891840.9823325,0.0,-1.0,-75.0
1777891840.9923325,-7.0,-1.0,-79.0
1777891841.0023324,-4.0,1.0,-74.0
1777891841.0123324,-3.0,1.0,-68.0
1777891841.0223324,0.0,-3.0,-74.0
1777891841.0323324,-1.0,-7.0,-76.0
1777891841.0423324,0.0,-10.0,-71.0
1777891841.0523324,0.0,-4.0,-67.0
1777891841.0623324,5.0,-2.0,-72.0
1777891841.0723324,11.0,-1.0,-75.0
1777891841.0823324,9.0,0.0,-77.0
1777891841.0923324,7.0,0.0,-76.0
1777891841.1023324,2.0,3.0,-74.0
1777891841.1123323,2.0,1.0,-72.0
1777891841.1223323,0.0,-2.0,-73.0
1777891841.1323323,-1.0,-5.0,-75.0
1777891841.1423323,-2.0,-1.0,-78.0
1777891841.1523323,1.0,-3.0,-77.0
1777891841.1623323,-1.0,-4.0,-78.0
1777891841.1723323,0.0,-2.0,-70.0
1777891841.1823325,-2.0,0.0,-76.0
1777891841.1923325,-1.0,0.0,-79.0
1777891841.2023325,-4.0,1.0,-85.0
1777891841.2123325,-4.0,2.0,-82.0
1777891841.2223325,-9.0,4.0,-76.0
1777891841.2323325,-4.0,2.0,-78.0
1777891841.2423325,-1.0,-5.0,-77.0
1777891841.2523324,5.0,-6.0,-77.0
1777891841.2623324,5.0,-6.0,-76.0
1777891841.2723324,3.0,-7.0,-71.0
1777891841.2823324,5.0,-5.0,-67.0
1777891841.2923324,1.0,-5.0,-69.0
1777891841.3023324,2.0,-2.0,-67.0
1777891841.3123324,0.0,-1.0,-70.0
1777891841.3223324,1.0,0.0,-76.0
1777891841.3323324,0.0,-2.0,-77.0
1777891841.3423324,0.0,-5.0,-73.0
1777891841.3523324,-1.0,-5.0,-75.0
1777891841.3633325,-4.0,-3.0,-72.0
1777891841.3723323,0.0,-2.0,-74.0
1777891841.3833325,2.0,0.0,-66.0
1777891841.3933325,7.0,2.0,-61.0
1777891841.4033325,9.0,1.0,-72.0
1777891841.4133325,8.0,0.0,-78.0
1777891841.4233325,7.0,-1.0,-79.0
1777891841.4333324,7.0,0.0,-77.0
1777891841.4433324,6.0,-2.0,-76.0
1777891841.4533324,4.0,-1.0,-75.0
1777891841.4633324,0.0,-1.0,-79.0
1777891841.4733324,2.0,0.0,-83.0
1777891841.4833324,4.0,-4.0,-81.0
1777891841.4933324,8.0,-4.0,-75.0
1777891841.5033324,11.0,-3.0,-70.0
1777891841.5133324,7.0,-5.0,-77.0
1777891841.5233324,8.0,-5.0,-83.0
1777891841.5333323,8.0,-7.0,-80.0
1777891841.5433323,7.0,-8.0,-75.0
1777891841.5533323,3.0,-6.0,-75.0
1777891841.5633323,2.0,-6.0,-78.0
1777891841.5733323,4.0,-4.0,-81.0
1777891841.5833323,9.0,-1.0,-86.0
1777891841.5933323,0.0,-3.0,-85.0
1777891841.6033323,-2.0,0.0,-82.0
1777891841.6133325,-3.0,2.0,-80.0
1777891841.6233325,-5.0,2.0,-80.0
1777891841.6333325,-2.0,2.0,-75.0
1777891841.6433325,0.0,2.0,-71.0
1777891841.6533325,3.0,0.0,-68.0
1777891841.6633325,2.0,-3.0,-66.0
1777891841.6733325,1.0,-7.0,-72.0
1777891841.6833324,0.0,-5.0,-69.0
1777891841.6933324,0.0,-5.0,-72.0
1777891841.7033324,1.0,-3.0,-63.0
1777891841.7133324,-3.0,-4.0,-68.0
1777891841.7233324,0.0,-1.0,-67.0
1777891841.7333324,0.0,0.0,-68.0
1777891841.7433324,1.0,1.0,-69.0
1777891841.7533324,3.0,0.0,-74.0
1777891841.7633324,-3.0,5.0,-76.0
1777891841.7733324,-6.0,6.0,-75.0
1777891841.7833323,-4.0,5.0,-77.0
1777891841.7933323,0.0,1.0,-76.0
1777891841.8033323,-1.0,4.0,-73.0
1777891841.8133323,0.0,0.0,-70.0
1777891841.8233323,3.0,-4.0,-70.0
1777891841.8333323,1.0,-4.0,-74.0
1777891841.8433323,2.0,-2.0,-83.0
1777891841.8533323,2.0,-3.0,-79.0
1777891841.8633325,2.0,0.0,-76.0
1777891841.8733325,-1.0,4.0,-72.0
1777891841.8833325,4.0,3.0,-74.0
1777891841.8933325,3.0,9.0,-79.0
1777891841.9033325,4.0,5.0,-80.0
1777891841.9133325,6.0,4.0,-82.0
1777891841.9233325,4.0,5.0,-82.0
1777891841.9333324,5.0,4.0,-77.0
1777891841.9433324,6.0,1.0,-73.0
1777891841.9533324,9.0,0.0,-74.0
1777891841.9633324,13.0,1.0,-73.0
1777891841.9733324,16.0,0.0,-78.0
1777891841.9833324,14.0,-3.0,-81.0
1777891841.9933324,9.0,0.0,-78.0
1777891842.0033324,7.0,-2.0,-73.0
1777891842.0133324,8.0,-1.0,-66.0
1777891842.0233324,6.0,1.0,-61.0
1777891842.0333323,10.0,3.0,-58.0
1777891842.0433323,8.0,0.0,-60.0
1777891842.0533323,9.0,-1.0,-65.0
1777891842.0633323,8.0,2.0,-61.0
1777891842.0733323,10.0,2.0,-62.0
1777891842.0833323,7.0,0.0,-67.0
1777891842.0933323,3.0,0.0,-66.0
1777891842.1033323,-2.0,1.0,-64.0
1777891842.1133325,-2.0,1.0,-67.0
1777891842.1233325,-3.0,-1.0,-70.0
1777891842.1333325,0.0,-1.0,-71.0
1777891842.1433325,-2.0,-2.0,-72.0
1777891842.1533325,-7.0,-1.0,-72.0
1777891842.1633325,-2.0,0.0,-67.0
1777891842.1733325,-4.0,-1.0,-64.0
1777891842.1833324,-2.0,0.0,-69.0
1777891842.1933324,-2.0,0.0,-71.0
1777891842.2033324,-3.0,1.0,-74.0
1777891842.2133324,-4.0,2.0,-77.0
1777891842.2233324,-3.0,1.0,-78.0
1777891842.2333324,-3.0,1.0,-72.0
1777891842.2433324,-3.0,2.0,-72.0
1777891842.2533324,-2.0,1.0,-72.0
1777891842.2633324,-1.0,-3.0,-75.0
1777891842.2733324,-3.0,-3.0,-69.0
1777891842.2833323,-7.0,0.0,-65.0
1777891842.2933323,-6.0,2.0,-66.0
1777891842.3033323,-2.0,0.0,-70.0
1777891842.3133323,0.0,-1.0,-80.0
1777891842.3233323,0.0,3.0,-74.0
1777891842.3333323,0.0,2.0,-66.0
1777891842.3433323,0.0,0.0,-63.0
1777891842.3533323,0.0,0.0,-75.0
1777891842.3633325,1.0,-5.0,-74.0
1777891842.3733325,0.0,-7.0,-72.0
1777891842.3833325,-1.0,-6.0,-72.0
1777891842.3933325,4.0,-8.0,-70.0
1777891842.4033325,8.0,-8.0,-76.0
1777891842.4133325,9.0,-6.0,-74.0
1777891842.4233325,8.0,0.0,-70.0
1777891842.4333324,4.0,-1.0,-69.0
1777891842.4433324,3.0,-8.0,-67.0
1777891842.4533324,2.0,-5.0,-63.0
1777891842.4633324,7.0,-2.0,-70.0
1777891842.4733324,4.0,-2.0,-68.0
1777891842.4833324,4.0,-7.0,-65.0
1777891842.4933324,7.0,0.0,-67.0
1777891842.5033324,5.0,1.0,-67.0
1777891842.5133324,-3.0,0.0,-68.0
1777891842.5233324,0.0,1.0,-73.0
1777891842.5333323,3.0,-1.0,-71.0
1777891842.5433323,5.0,1.0,-73.0
1777891842.5533323,0.0,0.0,-69.0
1777891842.5633323,-1.0,-2.0,-68.0
1777891842.5733323,1.0,-2.0,-66.0
1777891842.5833323,1.0,-8.0,-56.0
1777891842.5933323,-4.0,-5.0,-59.0
1777891842.6033323,0.0,1.0,-67.0
1777891842.6133325,0.0,-1.0,-67.0
1777891842.6233325,0.0,-4.0,-73.0
1777891842.6333325,3.0,-2.0,-75.0
1777891842.6433325,1.0,-3.0,-74.0
1777891842.6533325,-2.0,0.0,-72.0
1777891842.6633325,-5.0,3.0,-71.0
1777891842.6733325,-1.0,1.0,-72.0
1777891842.6833324,3.0,0.0,-71.0
1777891842.6933324,-2.0,1.0,-70.0
1777891842.7033324,0.0,-1.0,-70.0
1777891842.7133324,0.0,0.0,-75.0
1777891842.7233324,2.0,4.0,-74.0
1777891842.7333324,-1.0,1.0,-78.0
1777891842.7433324,1.0,0.0,-81.0
1777891842.7533324,0.0,0.0,-72.0
1777891842.7633324,0.0,-2.0,-68.0
1777891842.7733324,0.0,-7.0,-61.0
1777891842.7833323,0.0,-2.0,-57.0
1777891842.7933323,0.0,0.0,-49.0
1777891842.8033323,5.0,0.0,-56.0
1777891842.8133323,4.0,2.0,-68.0
1777891842.8233323,1.0,-1.0,-70.0
1777891842.8333323,3.0,-3.0,-73.0
1777891842.8433323,2.0,-3.0,-72.0
1777891842.8533323,1.0,-5.0,-71.0
1777891842.8633325,2.0,-7.0,-71.0
1777891842.8733325,-1.0,-10.0,-69.0
1777891842.8833325,-3.0,-6.0,-68.0
1777891842.8933325,0.0,-2.0,-68.0
1777891842.9033325,1.0,-1.0,-60.0
1777891842.9133325,0.0,0.0,-69.0
1777891842.9233325,-4.0,0.0,-74.0
1777891842.9333324,-1.0,-2.0,-77.0
1777891842.9433324,-2.0,-4.0,-76.0
1777891842.9533324,-5.0,-2.0,-71.0
1777891842.9633324,-4.0,0.0,-68.0
1777891842.9733324,-5.0,-2.0,-67.0
1777891842.9833324,-4.0,0.0,-72.0
1777891842.9933324,-3.0,1.0,-73.0
1777891843.0033324,-3.0,0.0,-76.0
1777891843.0133324,-2.0,-1.0,-76.0
1777891843.0233324,-3.0,-2.0,-76.0
1777891843.0333323,-6.0,-5.0,-76.0
1777891843.0433323,-7.0,-6.0,-82.0
1777891843.0533323,-4.0,-2.0,-81.0
1777891843.0633323,-2.0,-1.0,-74.0
1777891843.0733323,2.0,-3.0,-69.0
1777891843.0833323,3.0,-5.0,-66.0
1777891843.0933323,0.0,-3.0,-68.0
1777891843.1033323,0.0,-1.0,-72.0
1777891843.1133325,0.0,-6.0,-79.0
1777891843.1233325,6.0,-8.0,-81.0
1777891843.1333325,8.0,-3.0,-77.0
1777891843.1433325,2.0,-1.0,-72.0
1777891843.1533325,0.0,0.0,-69.0
1777891843.1633325,0.0,5.0,-70.0
1777891843.1733325,0.0,4.0,-73.0
1777891843.1833324,1.0,0.0,-75.0
1777891843.1933324,1.0,2.0,-74.0
1777891843.2033324,4.0,-3.0,-72.0
1777891843.2133324,6.0,-6.0,-72.0
1777891843.2233324,6.0,-9.0,-70.0
1777891843.2333324,1.0,-5.0,-68.0
1777891843.2433324,-4.0,0.0,-68.0
1777891843.2533324,0.0,-2.0,-77.0
1777891843.2633324,4.0,-6.0,-71.0
1777891843.2733324,7.0,-7.0,-73.0
1777891843.2833323,2.0,-6.0,-70.0
1777891843.2933323,3.0,-1.0,-71.0
1777891843.3033323,1.0,1.0,-72.0
1777891843.3133323,0.0,1.0,-71.0
1777891843.3233323,-1.0,0.0,-73.0
1777891843.3333323,2.0,3.0,-66.0
1777891843.3433323,4.0,0.0,-70.0
1777891843.3533323,3.0,0.0,-73.0
1777891843.3643324,3.0,-2.0,-72.0
1777891843.3733325,1.0,-4.0,-73.0
1777891843.3843324,0.0,-9.0,-78.0
1777891843.3943324,-1.0,-7.0,-78.0
1777891843.4043324,-2.0,-9.0,-73.0
1777891843.4143324,2.0,-6.0,-75.0
1777891843.4243324,1.0,-5.0,-73.0
1777891843.4343324,5.0,-7.0,-74.0
1777891843.4443324,4.0,-8.0,-72.0
1777891843.4543324,2.0,-5.0,-79.0
1777891843.4643323,1.0,-5.0,-78.0
1777891843.4743323,-3.0,-6.0,-79.0
1777891843.4843323,0.0,-1.0,-79.0
1777891843.4943323,0.0,0.0,-74.0
1777891843.5043323,-4.0,3.0,-74.0
1777891843.5143323,-1.0,0.0,-75.0
1777891843.5243323,0.0,0.0,-71.0
1777891843.5343325,-1.0,1.0,-70.0
1777891843.5443325,1.0,0.0,-65.0
1777891843.5543325,3.0,0.0,-69.0
1777891843.5643325,8.0,-3.0,-70.0
1777891843.5743325,7.0,-1.0,-72.0
1777891843.5843325,8.0,0.0,-73.0
1777891843.5943325,8.0,5.0,-71.0
1777891843.6043324,4.0,3.0,-68.0
1777891843.6143324,2.0,2.0,-73.0
1777891843.6243324,1.0,0.0,-66.0
1777891843.6343324,3.0,-2.0,-70.0
1777891843.6443324,3.0,-2.0,-77.0
1777891843.6543324,5.0,-4.0,-83.0
1777891843.6643324,6.0,-4.0,-82.0
1777891843.6743324,4.0,-1.0,-82.0
1777891843.6843324,3.0,1.0,-79.0
1777891843.6943324,-2.0,4.0,-74.0
1777891843.7043324,0.0,8.0,-75.0
1777891843.7143323,4.0,9.0,-71.0
1777891843.7243323,6.0,1.0,-74.0
1777891843.7343323,2.0,1.0,-69.0
1777891843.7443323,2.0,2.0,-58.0
1777891843.7543323,4.0,1.0,-63.0
1777891843.7643323,4.0,0.0,-67.0
1777891843.7743323,2.0,-4.0,-66.0
1777891843.7843325,0.0,0.0,-65.0
1777891843.7943325,0.0,0.0,-70.0
1777891843.8043325,2.0,1.0,-70.0
1777891843.8143325,3.0,1.0,-70.0
1777891843.8243325,1.0,-5.0,-64.0
1777891843.8343325,-3.0,-5.0,-63.0
1777891843.8443325,-3.0,-5.0,-60.0
1777891843.8543324,-3.0,-3.0,-66.0
1777891843.8643324,4.0,-3.0,-70.0
1777891843.8743324,2.0,-1.0,-74.0
1777891843.8843324,0.0,-3.0,-67.0
1777891843.8943324,-2.0,-3.0,-70.0
1777891843.9043324,-3.0,-6.0,-67.0
1777891843.9143324,0.0,-1.0,-68.0
1777891843.9243324,-2.0,0.0,-72.0
1777891843.9343324,0.0,0.0,-66.0
1777891843.9443324,-2.0,1.0,-65.0
1777891843.9543324,0.0,0.0,-65.0
1777891843.9643323,0.0,2.0,-66.0
1777891843.9743323,0.0,0.0,-66.0
1777891843.9843323,-2.0,-3.0,-72.0
1777891843.9943323,-3.0,-1.0,-75.0
1777891844.0043323,-6.0,-4.0,-69.0
1777891844.0143323,-6.0,-10.0,-69.0
1777891844.0243323,-3.0,-10.0,-64.0
1777891844.0343325,-2.0,-13.0,-55.0
1777891844.0443325,2.0,-10.0,-56.0
1777891844.0543325,0.0,-9.0,-55.0
1777891844.0643325,2.0,-5.0,-65.0
1777891844.0743325,0.0,-5.0,-71.0
1777891844.0843325,1.0,-4.0,-64.0
1777891844.0943325,0.0,-5.0,-64.0
1777891844.1043324,-1.0,-1.0,-69.0
1777891844.1143324,0.0,-2.0,-68.0
1777891844.1243324,5.0,0.0,-62.0
1777891844.1343324,4.0,-1.0,-67.0
1777891844.1443324,6.0,-2.0,-65.0
1777891844.1543324,6.0,-3.0,-60.0
1777891844.1643324,7.0,-4.0,-64.0
1777891844.1743324,4.0,-3.0,-68.0
1777891844.1843324,3.0,-4.0,-64.0
1777891844.1943324,6.0,-6.0,-69.0
1777891844.2043324,5.0,-7.0,-74.0
1777891844.2143323,5.0,-5.0,-82.0
1777891844.2243323,3.0,-2.0,-88.0
1777891844.2343323,1.0,-2.0,-81.0
1777891844.2443323,3.0,-1.0,-81.0
1777891844.2543323,0.0,-3.0,-86.0
1777891844.2643323,4.0,-2.0,-82.0
1777891844.2743323,6.0,-3.0,-78.0
1777891844.2843325,4.0,-2.0,-73.0
1777891844.2943325,6.0,-7.0,-70.0
1777891844.3043325,7.0,-10.0,-78.0
1777891844.3143325,5.0,-12.0,-73.0
1777891844.3243325,1.0,-9.0,-66.0
1777891844.3343325,3.0,-3.0,-69.0
1777891844.3443325,2.0,-2.0,-70.0
1777891844.3543324,2.0,-1.0,-64.0
1777891844.3643324,0.0,-3.0,-57.0
1777891844.3743324,0.0,-6.0,-61.0
1777891844.3843324,0.0,-7.0,-66.0
1777891844.3943324,0.0,-7.0,-69.0
1777891844.4043324,2.0,-6.0,-80.0
1777891844.4143324,0.0,-5.0,-80.0
1777891844.4243324,-2.0,-3.0,-79.0
1777891844.4343324,0.0,-4.0,-80.0
1777891844.4443324,1.0,-3.0,-82.0
1777891844.4543324,1.0,-4.0,-75.0
1777891844.4643323,0.0,-5.0,-72.0
1777891844.4743323,0.0,-4.0,-70.0
1777891844.4843323,1.0,-1.0,-69.0
1777891844.4943323,0.0,-2.0,-73.0
1777891844.5043323,1.0,-1.0,-74.0
1777891844.5143323,4.0,2.0,-72.0
1777891844.5243323,4.0,0.0,-71.0
1777891844.5343325,6.0,0.0,-68.0
1777891844.5443325,3.0,1.0,-66.0
1777891844.5543325,1.0,0.0,-70.0
1777891844.5643325,0.0,2.0,-69.0
1777891844.5743325,1.0,3.0,-70.0
1777891844.5843325,1.0,3.0,-69.0
1777891844.5943325,5.0,5.0,-70.0
1777891844.6043324,5.0,1.0,-74.0
1777891844.6143324,7.0,0.0,-70.0
1777891844.6243324,10.0,-2.0,-72.0
1777891844.6343324,9.0,-1.0,-74.0
1777891844.6443324,7.0,-3.0,-73.0
1777891844.6543324,7.0,-4.0,-70.0
1777891844.6643324,5.0,-4.0,-64.0
1777891844.6743324,2.0,-7.0,-65.0
1777891844.6843324,0.0,-5.0,-66.0
1777891844.6943324,-1.0,-7.0,-69.0
1777891844.7043324,0.0,-7.0,-66.0
1777891844.7143323,2.0,-5.0,-65.0
1777891844.7243323,4.0,-3.0,-66.0
1777891844.7343323,-2.0,-2.0,-64.0
1777891844.7443323,-4.0,-3.0,-75.0
1777891844.7543323,-6.0,0.0,-79.0
1777891844.7643323,-4.0,0.0,-80.0
1777891844.7743323,0.0,0.0,-82.0
1777891844.7843325,0.0,-1.0,-78.0
1777891844.7943325,-4.0,-3.0,-71.0
1777891844.8043325,-5.0,-3.0,-71.0
1777891844.8143325,-2.0,-2.0,-75.0
1777891844.8243325,-3.0,0.0,-73.0
1777891844.8343325,0.0,0.0,-71.0
1777891844.8443325,1.0,-3.0,-75.0
1777891844.8543324,0.0,-3.0,-81.0
1777891844.8643324,0.0,-4.0,-80.0
1777891844.8743324,-2.0,-4.0,-85.0
1777891844.8843324,-6.0,-2.0,-80.0
1777891844.8943324,-10.0,-3.0,-74.0
1777891844.9043324,-10.0,-1.0,-74.0
1777891844.9143324,-5.0,-1.0,-73.0
1777891844.9243324,0.0,-4.0,-64.0
1777891844.9343324,2.0,-5.0,-59.0
1777891844.9443324,0.0,-2.0,-62.0
1777891844.9543324,0.0,-3.0,-72.0
1777891844.9643323,3.0,0.0,-71.0
1777891844.9743323,6.0,-3.0,-75.0
1777891844.9843323,7.0,-2.0,-75.0
1777891844.9943323,9.0,0.0,-73.0
1777891845.0043323,10.0,0.0,-74.0
1777891845.0143323,8.0,0.0,-78.0
1777891845.0243323,2.0,0.0,-73.0
1777891845.0343325,-2.0,-1.0,-71.0
1777891845.0443325,-3.0,-7.0,-72.0
1777891845.0543325,-2.0,-7.0,-68.0
1777891845.0643325,2.0,-3.0,-61.0
1777891845.0743325,1.0,-7.0,-64.0
1777891845.0843325,0.0,-8.0,-64.0
1777891845.0943325,0.0,-9.0,-65.0
1777891845.1043324,0.0,-5.0,-69.0
1777891845.1143324,4.0,-6.0,-67.0
1777891845.1243324,2.0,-4.0,-73.0
1777891845.1343324,0.0,1.0,-77.0
1777891845.1443324,-1.0,1.0,-76.0
1777891845.1543324,-1.0,1.0,-81.0
1777891845.1653323,-1.0,0.0,-83.0
1777891845.1743324,-3.0,1.0,-80.0
1777891845.1843324,-1.0,5.0,-79.0
1777891845.1943324,0.0,0.0,-70.0
1777891845.2043324,1.0,-3.0,-65.0
1777891845.2143323,4.0,-1.0,-57.0
1777891845.2243323,7.0,0.0,-59.0
1777891845.2343323,5.0,0.0,-64.0
1777891845.2443323,3.0,-3.0,-71.0
1777891845.2543323,2.0,-4.0,-66.0
1777891845.2643323,0.0,-6.0,-65.0
1777891845.2743323,2.0,-5.0,-67.0
1777891845.2843325,0.0,-5.0,-67.0
1777891845.2943325,-3.0,-7.0,-62.0
1777891845.3043325,-5.0,-3.0,-57.0
1777891845.3143325,-3.0,-1.0,-65.0
1777891845.3243325,0.0,0.0,-61.0
1777891845.3353324,-1.0,4.0,-62.0
1777891845.3453324,0.0,1.0,-66.0
1777891845.3553324,0.0,0.0,-59.0
1777891845.3643324,-4.0,-1.0,-53.0
1777891845.3753324,-3.0,-2.0,-49.0
1777891845.3853323,-2.0,0.0,-52.0
1777891845.3953323,0.0,0.0,-50.0
1777891845.4053323,0.0,-1.0,-58.0
1777891845.4153323,0.0,1.0,-67.0
1777891845.4253323,-3.0,6.0,-64.0
1777891845.4353323,-2.0,8.0,-63.0
1777891845.4453323,-1.0,6.0,-62.0
1777891845.4553325,-1.0,9.0,-63.0
1777891845.4653325,-1.0,2.0,-73.0
1777891845.4753325,-3.0,-1.0,-75.0
1777891845.4853325,-1.0,-1.0,-80.0
1777891845.4953325,-4.0,-2.0,-83.0
1777891845.5053325,-5.0,0.0,-90.0
1777891845.5153325,-6.0,3.0,-86.0
1777891845.5253325,-2.0,0.0,-84.0
1777891845.5353324,0.0,0.0,-82.0
1777891845.5453324,3.0,2.0,-79.0
1777891845.5553324,0.0,-2.0,-83.0
1777891845.5653324,3.0,-8.0,-77.0
1777891845.5753324,3.0,-7.0,-74.0
1777891845.5853324,5.0,-4.0,-77.0
1777891845.5953324,5.0,-2.0,-81.0
1777891845.6053324,0.0,-2.0,-79.0
1777891845.6153324,1.0,-1.0,-82.0
1777891845.6253324,3.0,0.0,-84.0
1777891845.6353323,3.0,0.0,-81.0
1777891845.6453323,3.0,-3.0,-81.0
1777891845.6553323,1.0,-5.0,-78.0
1777891845.6653323,0.0,-1.0,-79.0
1777891845.6753323,-1.0,-1.0,-76.0
1777891845.6853323,-1.0,-1.0,-72.0
1777891845.6953323,-2.0,1.0,-72.0
1777891845.7053325,0.0,1.0,-74.0
1777891845.7153325,-2.0,-2.0,-70.0
1777891845.7253325,-4.0,-2.0,-69.0
1777891845.7353325,0.0,-2.0,-69.0
1777891845.7453325,-5.0,0.0,-68.0
1777891845.7553325,-6.0,-6.0,-68.0
1777891845.7653325,0.0,-6.0,-69.0
1777891845.7753325,-1.0,-5.0,-76.0
1777891845.7853324,3.0,-5.0,-74.0
1777891845.7953324,2.0,-5.0,-74.0
1777891845.8053324,0.0,-6.0,-77.0
1777891845.8153324,-1.0,-4.0,-76.0
1777891845.8253324,-1.0,-3.0,-71.0
1777891845.8353324,-1.0,-2.0,-66.0
1777891845.8453324,2.0,0.0,-65.0
1777891845.8553324,7.0,2.0,-62.0
1777891845.8653324,7.0,1.0,-67.0
1777891845.8753324,7.0,0.0,-72.0
1777891845.8853323,4.0,1.0,-74.0
1777891845.8953323,4.0,4.0,-73.0
1777891845.9053323,3.0,0.0,-71.0
1777891845.9153323,3.0,3.0,-72.0
1777891845.9253323,5.0,0.0,-72.0
1777891845.9353323,3.0,2.0,-77.0
1777891845.9453323,3.0,0.0,-76.0
1777891845.9553325,3.0,2.0,-70.0
1777891845.9653325,2.0,4.0,-72.0
1777891845.9753325,-2.0,5.0,-77.0
1777891845.9853325,3.0,3.0,-73.0
1777891845.9953325,3.0,0.0,-73.0
1777891846.0053325,5.0,-3.0,-75.0
1777891846.0153325,4.0,0.0,-69.0
1777891846.0253325,1.0,0.0,-69.0
1777891846.0353324,-2.0,0.0,-63.0
1777891846.0453324,-1.0,2.0,-64.0
1777891846.0553324,2.0,3.0,-62.0
1777891846.0653324,-1.0,3.0,-63.0
1777891846.0753324,0.0,1.0,-62.0
1777891846.0853324,0.0,-1.0,-59.0
1777891846.0953324,1.0,-6.0,-60.0
1777891846.1053324,1.0,-6.0,-59.0
1777891846.1153324,2.0,-1.0,-64.0
1777891846.1253324,2.0,-2.0,-64.0
1777891846.1353323,0.0,-4.0,-68.0
1777891846.1453323,-3.0,-3.0,-72.0
1777891846.1553323,-2.0,-3.0,-70.0
1777891846.1653323,-2.0,-7.0,-67.0
1777891846.1753323,-3.0,-7.0,-70.0
1777891846.1853323,-2.0,-2.0,-65.0
1777891846.1953323,-1.0,-1.0,-64.0
1777891846.2053325,0.0,2.0,-69.0
1777891846.2153325,0.0,-1.0,-70.0
1777891846.2253325,1.0,-1.0,-74.0
1777891846.2353325,5.0,-5.0,-67.0
1777891846.2453325,0.0,-1.0,-74.0
1777891846.2553325,0.0,0.0,-70.0
1777891846.2653325,-2.0,-2.0,-66.0
1777891846.2753325,-2.0,-6.0,-64.0
1777891846.2853324,0.0,-7.0,-67.0
1777891846.2953324,0.0,-8.0,-68.0
1777891846.3053324,3.0,-8.0,-70.0
1777891846.3153324,2.0,-7.0,-67.0
1777891846.3253324,1.0,-9.0,-69.0
1777891846.3353324,-1.0,-10.0,-70.0
1777891846.3453324,-2.0,-11.0,-69.0
1777891846.3553324,-2.0,-7.0,-73.0
1777891846.3653324,0.0,-9.0,-72.0
1777891846.3753324,-1.0,-3.0,-69.0
1777891846.3853323,-5.0,-2.0,-64.0
1777891846.3953323,-6.0,-1.0,-62.0
1777891846.4053323,-7.0,1.0,-66.0
1777891846.4153323,-6.0,-2.0,-66.0
1777891846.4253323,-6.0,-2.0,-65.0
1777891846.4353323,-6.0,-2.0,-68.0
1777891846.4453323,-3.0,-4.0,-72.0
1777891846.4553325,-4.0,-3.0,-65.0
1777891846.4653325,-10.0,-6.0,-62.0
1777891846.4753325,-6.0,-9.0,-62.0
1777891846.4853325,-1.0,-5.0,-61.0
1777891846.4953325,-1.0,-6.0,-75.0
1777891846.5053325,1.0,-6.0,-78.0
1777891846.5153325,0.0,-3.0,-76.0
1777891846.5253325,2.0,-2.0,-80.0
1777891846.5353324,7.0,2.0,-75.0
1777891846.5453324,8.0,3.0,-72.0
1777891846.5553324,8.0,1.0,-73.0
1777891846.5653324,9.0,-1.0,-69.0
1777891846.5753324,9.0,-1.0,-70.0
1777891846.5853324,3.0,0.0,-75.0
1777891846.5953324,4.0,-2.0,-73.0
1777891846.6053324,4.0,1.0,-73.0
1777891846.6153324,5.0,-1.0,-70.0
1777891846.6253324,9.0,-3.0,-69.0
1777891846.6353323,8.0,-2.0,-69.0
1777891846.6453323,5.0,-4.0,-65.0
1777891846.6553323,6.0,-6.0,-65.0
1777891846.6653323,3.0,-8.0,-71.0
1777891846.6753323,1.0,-6.0,-80.0
1777891846.6853323,3.0,-2.0,-80.0
1777891846.6953323,3.0,1.0,-75.0
1777891846.7053325,2.0,3.0,-71.0
1777891846.7153325,3.0,0.0,-75.0
1777891846.7253325,4.0,0.0,-71.0
1777891846.7353325,3.0,-2.0,-71.0
1777891846.7453325,4.0,-1.0,-69.0
1777891846.7553325,6.0,-3.0,-74.0
1777891846.7653325,7.0,-4.0,-77.0
1777891846.7753325,8.0,-6.0,-74.0
1777891846.7853324,10.0,-7.0,-73.0
1777891846.7953324,14.0,-8.0,-70.0
1777891846.8053324,18.0,-6.0,-74.0
1777891846.8153324,12.0,-7.0,-76.0
1777891846.8253324,6.0,-6.0,-75.0
1777891846.8353324,7.0,-6.0,-76.0
1777891846.8453324,9.0,-6.0,-75.0
1777891846.8553324,7.0,-6.0,-72.0
1777891846.8653324,3.0,-4.0,-68.0
1777891846.8753324,4.0,-2.0,-69.0
1777891846.8853323,5.0,-6.0,-72.0
1777891846.8953323,5.0,-3.0,-82.0
1777891846.9053323,-3.0,-4.0,-79.0
1777891846.9153323,2.0,0.0,-79.0
1777891846.9253323,0.0,-2.0,-76.0
1777891846.9353323,0.0,-5.0,-76.0
1777891846.9453323,0.0,-1.0,-68.0
1777891846.9553325,-1.0,-1.0,-66.0
1777891846.9653325,0.0,1.0,-73.0
1777891846.9753325,-2.0,3.0,-74.0
1777891846.9853325,-1.0,2.0,-76.0
1777891846.9953325,-2.0,0.0,-73.0
1777891847.0053325,2.0,-1.0,-75.0
1777891847.0153325,7.0,-1.0,-70.0
1777891847.0253325,8.0,-1.0,-73.0
1777891847.0353324,4.0,-2.0,-73.0
1777891847.0453324,5.0,0.0,-80.0
1777891847.0553324,6.0,-2.0,-77.0
1777891847.0653324,5.0,-2.0,-74.0
1777891847.0753324,4.0,-4.0,-67.0
1777891847.0853324,0.0,-3.0,-70.0
1777891847.0953324,-2.0,-2.0,-70.0
1777891847.1053324,0.0,-4.0,-66.0
1777891847.1153324,-2.0,-3.0,-72.0
1777891847.1253324,-1.0,-3.0,-79.0
1777891847.1353323,-3.0,-1.0,-74.0
1777891847.1453323,-3.0,-3.0,-77.0
1777891847.1553323,2.0,-3.0,-76.0
1777891847.1653323,4.0,-4.0,-75.0
1777891847.1753323,8.0,-8.0,-77.0
1777891847.1853323,3.0,-4.0,-81.0
1777891847.1953323,2.0,0.0,-81.0
1777891847.2053325,-1.0,0.0,-80.0
1777891847.2153325,0.0,1.0,-74.0
1777891847.2253325,0.0,2.0,-82.0
1777891847.2353325,0.0,0.0,-80.0
1777891847.2453325,0.0,-1.0,-80.0
1777891847.2553325,5.0,-3.0,-75.0
1777891847.2653325,4.0,-2.0,-70.0
1777891847.2753325,1.0,-3.0,-71.0
1777891847.2853324,2.0,-1.0,-71.0
1777891847.2953324,3.0,-2.0,-67.0
1777891847.3053324,1.0,4.0,-65.0
1777891847.3153324,-2.0,6.0,-67.0
1777891847.3253324,0.0,5.0,-68.0
1777891847.3363323,0.0,4.0,-66.0
1777891847.3453324,2.0,3.0,-66.0
1777891847.3553324,3.0,1.0,-66.0
1777891847.3653324,5.0,1.0,-68.0
1777891847.3763323,2.0,0.0,-70.0
1777891847.3863325,1.0,0.0,-74.0
1777891847.3963325,-1.0,-4.0,-72.0
1777891847.4063325,-3.0,0.0,-70.0
1777891847.4163325,-5.0,-1.0,-74.0
1777891847.4263325,0.0,-1.0,-71.0
1777891847.4363325,0.0,0.0,-65.0
1777891847.4463325,-2.0,0.0,-67.0
1777891847.4553325,0.0,2.0,-71.0
1777891847.4663324,0.0,2.0,-73.0
1777891847.4763324,-3.0,0.0,-72.0
1777891847.4863324,-4.0,0.0,-72.0
1777891847.4963324,-2.0,2.0,-70.0
1777891847.5063324,-3.0,0.0,-62.0
1777891847.5163324,-2.0,-5.0,-66.0
1777891847.5263324,-4.0,-5.0,-64.0
1777891847.5363324,-2.0,-4.0,-67.0
1777891847.5463324,-2.0,-3.0,-69.0
1777891847.5563323,0.0,-1.0,-68.0
1777891847.5663323,2.0,-2.0,-70.0
1777891847.5763323,4.0,-1.0,-72.0
1777891847.5863323,4.0,-2.0,-70.0
1777891847.5963323,1.0,-4.0,-68.0
1777891847.6063323,1.0,-7.0,-75.0
1777891847.6163323,4.0,-6.0,-79.0
1777891847.6263323,2.0,-7.0,-81.0
1777891847.6363325,3.0,-2.0,-73.0
1777891847.6463325,2.0,-4.0,-72.0
1777891847.6563325,3.0,0.0,-69.0
1777891847.6663325,3.0,-3.0,-67.0
1777891847.6763325,0.0,-7.0,-66.0
1777891847.6863325,0.0,-2.0,-73.0
1777891847.6963325,1.0,0.0,-63.0
1777891847.7063324,3.0,0.0,-60.0
1777891847.7163324,2.0,4.0,-60.0
1777891847.7263324,5.0,0.0,-62.0
1777891847.7363324,1.0,0.0,-64.0
1777891847.7463324,1.0,2.0,-56.0
1777891847.7563324,6.0,4.0,-55.0
1777891847.7663324,5.0,4.0,-56.0
1777891847.7763324,5.0,1.0,-56.0
1777891847.7863324,4.0,-2.0,-61.0
1777891847.7963324,7.0,-2.0,-60.0
1777891847.8063323,10.0,-1.0,-53.0
1777891847.8163323,7.0,-1.0,-55.0
1777891847.8263323,5.0,-2.0,-57.0
1777891847.8363323,2.0,-3.0,-61.0
1777891847.8463323,-1.0,0.0,-68.0
1777891847.8563323,2.0,0.0,-71.0
1777891847.8663323,3.0,-1.0,-69.0
1777891847.8763323,6.0,-5.0,-61.0
1777891847.8863325,6.0,-5.0,-67.0
1777891847.8963325,6.0,-2.0,-74.0
1777891847.9063325,2.0,1.0,-76.0
1777891847.9163325,0.0,0.0,-72.0
1777891847.9263325,1.0,-2.0,-75.0
1777891847.9363325,2.0,-7.0,-73.0
1777891847.9463325,6.0,-6.0,-74.0
1777891847.9563324,7.0,-8.0,-73.0
1777891847.9663324,4.0,-8.0,-79.0
1777891847.9763324,4.0,-2.0,-83.0
1777891847.9863324,5.0,0.0,-79.0
1777891847.9963324,2.0,5.0,-74.0
1777891848.0063324,2.0,4.0,-66.0
1777891848.0163324,0.0,0.0,-63.0
1777891848.0263324,1.0,-4.0,-61.0
1777891848.0363324,-1.0,-5.0,-63.0
1777891848.0463324,3.0,-5.0,-73.0
1777891848.0563323,5.0,-5.0,-80.0
1777891848.0663323,8.0,-2.0,-78.0
1777891848.0763323,3.0,0.0,-78.0
1777891848.0863323,1.0,2.0,-68.0
1777891848.0963323,2.0,1.0,-71.0
1777891848.1063323,1.0,2.0,-72.0
1777891848.1163323,-2.0,-2.0,-72.0
1777891848.1263323,-2.0,0.0,-71.0
1777891848.1363325,0.0,-1.0,-71.0
1777891848.1463325,4.0,5.0,-70.0
1777891848.1563325,6.0,7.0,-71.0
1777891848.1663325,6.0,4.0,-75.0
1777891848.1763325,8.0,3.0,-71.0
1777891848.1863325,7.0,1.0,-78.0
1777891848.1963325,3.0,0.0,-82.0
1777891848.2063324,2.0,-2.0,-78.0
1777891848.2163324,1.0,0.0,-77.0
1777891848.2263324,1.0,-5.0,-76.0
1777891848.2363324,-3.0,-9.0,-72.0
1777891848.2463324,-4.0,-5.0,-68.0
1777891848.2563324,-4.0,-6.0,-69.0
1777891848.2663324,-4.0,-2.0,-70.0
1777891848.2763324,-11.0,-2.0,-69.0
1777891848.2863324,-8.0,1.0,-65.0
1777891848.2963324,-9.0,1.0,-65.0
1777891848.3063323,-3.0,-1.0,-63.0
1777891848.3163323,-3.0,2.0,-62.0
1777891848.3263323,-1.0,3.0,-59.0
1777891848.3363323,-1.0,0.0,-59.0
1777891848.3463323,0.0,0.0,-61.0
1777891848.3563323,2.0,-1.0,-71.0
1777891848.3663323,3.0,1.0,-70.0
1777891848.3763323,3.0,3.0,-68.0
1777891848.3863325,1.0,1.0,-60.0
1777891848.3963325,1.0,0.0,-57.0
1777891848.4063325,2.0,-3.0,-54.0
1777891848.4163325,4.0,-3.0,-54.0
1777891848.4263325,7.0,-2.0,-53.0
1777891848.4363325,7.0,-5.0,-56.0
1777891848.4463325,9.0,-3.0,-59.0
1777891848.4563324,6.0,-8.0,-61.0
1777891848.4663324,5.0,-7.0,-70.0
1777891848.4763324,3.0,-7.0,-68.0
1777891848.4863324,2.0,-7.0,-71.0
1777891848.4963324,-1.0,-3.0,-61.0
1777891848.5063324,1.0,-3.0,-57.0
1777891848.5163324,0.0,-2.0,-56.0
1777891848.5263324,1.0,-3.0,-58.0
1777891848.5363324,4.0,-2.0,-64.0
1777891848.5463324,5.0,-3.0,-65.0
1777891848.5563323,3.0,-2.0,-67.0
1777891848.5663323,3.0,0.0,-68.0
1777891848.5763323,1.0,0.0,-65.0
1777891848.5863323,4.0,-1.0,-64.0
1777891848.5963323,7.0,-5.0,-63.0
1777891848.6063323,6.0,-6.0,-65.0
1777891848.6163323,4.0,-7.0,-61.0
1777891848.6263323,1.0,-7.0,-64.0
1777891848.6363325,1.0,-9.0,-66.0
1777891848.6463325,0.0,-7.0,-71.0
1777891848.6563325,5.0,-2.0,-76.0
1777891848.6663325,3.0,-1.0,-79.0
1777891848.6763325,1.0,1.0,-79.0
1777891848.6863325,2.0,1.0,-71.0
1777891848.6963325,1.0,-1.0,-71.0
1777891848.7063324,1.0,-4.0,-76.0
1777891848.7163324,3.0,-4.0,-80.0
1777891848.7263324,2.0,0.0,-77.0
1777891848.7363324,0.0,0.0,-77.0
1777891848.7463324,4.0,-5.0,-81.0
1777891848.7563324,0.0,-5.0,-79.0
1777891848.7663324,0.0,-4.0,-77.0
1777891848.7763324,4.0,-2.0,-79.0
1777891848.7863324,5.0,-2.0,-78.0
1777891848.7963324,3.0,-3.0,-82.0
1777891848.8063323,2.0,-3.0,-87.0
1777891848.8163323,3.0,0.0,-86.0
1777891848.8263323,1.0,0.0,-76.0
1777891848.8363323,1.0,0.0,-79.0
1777891848.8463323,0.0,0.0,-79.0
1777891848.8563323,-3.0,-1.0,-76.0
1777891848.8663323,-2.0,1.0,-75.0
1777891848.8763323,-1.0,0.0,-75.0
1777891848.8863325,-2.0,-1.0,-69.0
1777891848.8963325,0.0,0.0,-68.0
1777891848.9063325,3.0,0.0,-64.0
1777891848.9163325,2.0,3.0,-61.0
1777891848.9263325,6.0,3.0,-64.0
1777891848.9363325,7.0,3.0,-68.0
1777891848.9463325,5.0,2.0,-66.0
1777891848.9563324,1.0,-2.0,-69.0
1777891848.9663324,2.0,-4.0,-71.0
1777891848.9763324,0.0,-3.0,-66.0
1777891848.9863324,1.0,-6.0,-66.0
1777891848.9963324,4.0,-7.0,-70.0
1777891849.0063324,2.0,-3.0,-75.0
1777891849.0163324,3.0,-1.0,-75.0
1777891849.0263324,1.0,-3.0,-73.0
1777891849.0363324,1.0,-4.0,-66.0
1777891849.0463324,0.0,-1.0,-74.0
1777891849.0563323,-1.0,-2.0,-83.0
1777891849.0663323,-1.0,-2.0,-77.0
1777891849.0763323,4.0,-2.0,-70.0
1777891849.0863323,4.0,-1.0,-70.0
1777891849.0963323,1.0,-3.0,-74.0
1777891849.1063323,0.0,-3.0,-72.0
1777891849.1163323,1.0,-7.0,-74.0
1777891849.1263323,0.0,-5.0,-75.0
1777891849.1363325,0.0,-2.0,-71.0
1777891849.1463325,2.0,-2.0,-70.0
1777891849.1563325,4.0,-2.0,-70.0
1777891849.1663325,2.0,-2.0,-73.0
1777891849.1763325,2.0,-2.0,-75.0
1777891849.1863325,0.0,-5.0,-77.0
1777891849.1963325,1.0,-3.0,-76.0
1777891849.2063324,-2.0,0.0,-77.0
1777891849.2163324,0.0,2.0,-70.0
1777891849.2263324,2.0,1.0,-73.0
1777891849.2363324,-4.0,1.0,-74.0
1777891849.2463324,-1.0,1.0,-70.0
1777891849.2563324,-4.0,1.0,-76.0
1777891849.2663324,-6.0,0.0,-75.0
1777891849.2763324,-6.0,-1.0,-79.0
1777891849.2863324,-7.0,-1.0,-77.0
1777891849.2963324,-2.0,-1.0,-73.0
1777891849.3063323,-6.0,0.0,-73.0
1777891849.3173325,-4.0,0.0,-77.0
1777891849.3273325,-4.0,0.0,-68.0
1777891849.3373325,-8.0,-1.0,-71.0
1777891849.3473325,-6.0,0.0,-66.0
1777891849.3573325,-5.0,0.0,-65.0
1777891849.3673325,-4.0,1.0,-66.0
1777891849.3773324,-7.0,3.0,-66.0
1777891849.3873324,-6.0,0.0,-67.0
1777891849.3973324,0.0,-3.0,-65.0
1777891849.4073324,-1.0,0.0,-71.0
1777891849.4173324,-3.0,0.0,-77.0
1777891849.4273324,0.0,-5.0,-72.0
1777891849.4373324,0.0,-3.0,-67.0
1777891849.4473324,-5.0,-2.0,-72.0
1777891849.4573324,0.0,-1.0,-74.0
1777891849.4673324,-2.0,0.0,-69.0
1777891849.4773324,-1.0,0.0,-70.0
1777891849.4873323,0.0,0.0,-69.0
1777891849.4973323,0.0,-2.0,-75.0
1777891849.5073323,3.0,-1.0,-74.0
1777891849.5173323,5.0,-2.0,-76.0
1777891849.5273323,2.0,0.0,-71.0
1777891849.5373323,2.0,1.0,-78.0
1777891849.5473323,1.0,-3.0,-75.0
1777891849.5573325,4.0,-2.0,-82.0
1777891849.5673325,1.0,-3.0,-79.0
1777891849.5773325,3.0,-3.0,-81.0
1777891849.5873325,7.0,-5.0,-86.0
1777891849.5973325,3.0,-8.0,-83.0
1777891849.6073325,-1.0,-3.0,-85.0
1777891849.6173325,-4.0,-2.0,-81.0
1777891849.6273324,-1.0,0.0,-77.0
1777891849.6373324,0.0,0.0,-82.0
1777891849.6473324,4.0,1.0,-82.0
1777891849.6573324,0.0,2.0,-78.0
1777891849.6673324,0.0,4.0,-68.0
1777891849.6773324,-1.0,1.0,-66.0
1777891849.6873324,-5.0,2.0,-66.0
1777891849.6973324,-6.0,1.0,-67.0
1777891849.7073324,-8.0,-1.0,-66.0
1777891849.7173324,0.0,0.0,-67.0
1777891849.7273324,0.0,1.0,-68.0
1777891849.7373323,0.0,1.0,-68.0
1777891849.7473323,-1.0,-1.0,-68.0
1777891849.7573323,0.0,-1.0,-67.0
1777891849.7673323,-2.0,-2.0,-71.0
1777891849.7773323,-2.0,-4.0,-78.0
1777891849.7873323,6.0,-3.0,-79.0
1777891849.7973323,7.0,-3.0,-81.0
1777891849.8073325,7.0,-1.0,-83.0
1777891849.8173325,2.0,-3.0,-82.0
1777891849.8273325,1.0,-3.0,-84.0
1777891849.8373325,3.0,-3.0,-81.0
1777891849.8473325,1.0,-1.0,-85.0
1777891849.8573325,1.0,-3.0,-80.0
1777891849.8673325,0.0,-4.0,-81.0
1777891849.8773324,3.0,-5.0,-86.0
1777891849.8873324,6.0,-4.0,-82.0
1777891849.8973324,3.0,-4.0,-78.0
1777891849.9073324,0.0,-4.0,-81.0
1777891849.9173324,-1.0,-6.0,-82.0
1777891849.9273324,-2.0,-10.0,-81.0
1777891849.9373324,0.0,-10.0,-75.0
1777891849.9473324,1.0,-6.0,-73.0
1777891849.9573324,3.0,-4.0,-73.0
1777891849.9673324,6.0,-3.0,-72.0
1777891849.9773324,3.0,-1.0,-79.0
1777891849.9873323,7.0,0.0,-80.0
1777891849.9973323,5.0,3.0,-73.0
1777891850.0073323,1.0,3.0,-69.0
1777891850.0173323,-1.0,4.0,-72.0
1777891850.0273323,-6.0,-1.0,-67.0
1777891850.0373323,-1.0,1.0,-68.0
1777891850.0473323,-5.0,6.0,-72.0
1777891850.0573325,-13.0,4.0,-66.0
1777891850.0673325,-9.0,5.0,-70.0
1777891850.0773325,-4.0,2.0,-68.0
1777891850.0873325,-5.0,0.0,-73.0
1777891850.0973325,-6.0,0.0,-77.0
1777891850.1073325,-6.0,-3.0,-79.0
1777891850.1173325,1.0,-3.0,-77.0
1777891850.1273324,2.0,-5.0,-75.0
1777891850.1373324,6.0,-5.0,-73.0
1777891850.1473324,3.0,-5.0,-75.0
1777891850.1573324,5.0,-4.0,-80.0
1777891850.1673324,4.0,-6.0,-77.0
1777891850.1773324,3.0,-5.0,-73.0
1777891850.1873324,6.0,-4.0,-68.0
1777891850.1973324,1.0,-5.0,-67.0
1777891850.2073324,0.0,-6.0,-69.0
1777891850.2173324,-1.0,-8.0,-70.0
1777891850.2273324,4.0,-5.0,-68.0
1777891850.2373323,5.0,-3.0,-65.0
1777891850.2473323,1.0,-5.0,-70.0
1777891850.2573323,0.0,-3.0,-73.0
1777891850.2673323,0.0,-3.0,-72.0
1777891850.2773323,2.0,-6.0,-72.0
1777891850.2873323,3.0,-5.0,-70.0
1777891850.2973323,6.0,-2.0,-73.0
1777891850.3073325,4.0,-2.0,-75.0
1777891850.3173325,3.0,-4.0,-72.0
1777891850.3273325,2.0,-5.0,-72.0
1777891850.3373325,6.0,-5.0,-79.0
1777891850.3473325,2.0,-2.0,-84.0
1777891850.3573325,0.0,0.0,-81.0
1777891850.3673325,1.0,0.0,-80.0
1777891850.3773324,2.0,2.0,-78.0
1777891850.3873324,4.0,5.0,-79.0
1777891850.3973324,4.0,6.0,-82.0
1777891850.4073324,1.0,4.0,-82.0
1777891850.4173324,2.0,7.0,-87.0
1777891850.4273324,4.0,6.0,-88.0
1777891850.4373324,5.0,0.0,-83.0
1777891850.4473324,5.0,-1.0,-76.0
1777891850.4573324,4.0,-3.0,-72.0
1777891850.4673324,1.0,-5.0,-71.0
1777891850.4773324,0.0,-7.0,-70.0
1777891850.4873323,-3.0,-6.0,-72.0
1777891850.4973323,-1.0,-8.0,-72.0
1777891850.5073323,-3.0,-5.0,-73.0
1777891850.5173323,0.0,-3.0,-87.0
1777891850.5273323,-3.0,-2.0,-88.0
1777891850.5373323,-2.0,-1.0,-81.0
1777891850.5473323,-4.0,0.0,-82.0
1777891850.5573325,0.0,0.0,-73.0
1777891850.5673325,-5.0,-3.0,-73.0
1777891850.5773325,-8.0,0.0,-69.0
1777891850.5873325,-5.0,1.0,-63.0
1777891850.5973325,-5.0,-1.0,-71.0
1777891850.6073325,-4.0,1.0,-61.0
1777891850.6173325,-5.0,0.0,-63.0
1777891850.6273324,-7.0,0.0,-60.0
1777891850.6373324,-8.0,5.0,-65.0
1777891850.6473324,-4.0,4.0,-60.0
1777891850.6573324,-2.0,-2.0,-62.0
1777891850.6673324,-4.0,0.0,-61.0
1777891850.6773324,-3.0,0.0,-69.0
1777891850.6873324,-6.0,3.0,-74.0
1777891850.6973324,-7.0,4.0,-81.0
1777891850.7073324,-5.0,6.0,-79.0
1777891850.7173324,-1.0,3.0,-79.0
1777891850.7273324,2.0,0.0,-68.0
1777891850.7373323,0.0,0.0,-62.0
1777891850.7473323,-3.0,-2.0,-61.0
1777891850.7573323,0.0,-9.0,-64.0
1777891850.7673323,0.0,-9.0,-64.0
1777891850.7773323,-3.0,-7.0,-66.0
1777891850.7873323,-2.0,-4.0,-70.0
1777891850.7973323,0.0,-2.0,-65.0
1777891850.8073325,-2.0,-3.0,-67.0
1777891850.8173325,-1.0,-2.0,-63.0
1777891850.8273325,1.0,-4.0,-66.0
1777891850.8373325,-3.0,-2.0,-60.0
1777891850.8473325,0.0,1.0,-63.0
1777891850.8573325,0.0,0.0,-71.0
1777891850.8673325,4.0,-4.0,-62.0
1777891850.8773324,1.0,-4.0,-62.0
1777891850.8873324,0.0,-2.0,-69.0
1777891850.8973324,0.0,-1.0,-66.0
1777891850.9073324,-2.0,-1.0,-60.0
1777891850.9173324,0.0,-2.0,-63.0
1777891850.9273324,-5.0,1.0,-73.0
1777891850.9373324,-2.0,2.0,-73.0
1777891850.9473324,1.0,0.0,-78.0
1777891850.9573324,3.0,0.0,-72.0
1777891850.9673324,2.0,1.0,-71.0
1777891850.9773324,7.0,-4.0,-73.0
1777891850.9873323,6.0,-3.0,-67.0
1777891850.9973323,4.0,-1.0,-67.0
1777891851.0073323,4.0,0.0,-70.0
1777891851.0173323,2.0,0.0,-70.0
1777891851.0273323,1.0,-1.0,-67.0
1777891851.0373323,-1.0,-4.0,-69.0
1777891851.0473323,0.0,-6.0,-63.0
1777891851.0573325,0.0,0.0,-50.0
1777891851.0673325,3.0,0.0,-55.0
1777891851.0773325,5.0,0.0,-54.0
1777891851.0873325,3.0,-3.0,-52.0
1777891851.0973325,2.0,-8.0,-61.0
1777891851.1073325,4.0,-6.0,-57.0
1777891851.1173325,5.0,-5.0,-58.0
1777891851.1273324,4.0,-4.0,-64.0
1777891851.1373324,6.0,0.0,-64.0
1777891851.1473324,3.0,1.0,-71.0
1777891851.1573324,6.0,4.0,-70.0
1777891851.1673324,5.0,7.0,-68.0
1777891851.1773324,4.0,5.0,-63.0
1777891851.1873324,6.0,5.0,-66.0
1777891851.1973324,5.0,0.0,-64.0
1777891851.2073324,5.0,0.0,-63.0
1777891851.2173324,3.0,-2.0,-67.0
1777891851.2273324,-1.0,-5.0,-65.0
1777891851.2373323,-2.0,-3.0,-71.0
1777891851.2473323,0.0,-3.0,-69.0
1777891851.2573323,0.0,-3.0,-66.0
1777891851.2673323,-2.0,-2.0,-68.0
1777891851.2783325,-4.0,0.0,-73.0
1777891851.2873323,-6.0,0.0,-76.0
1777891851.2973323,-2.0,0.0,-70.0
1777891851.3073325,-2.0,0.0,-68.0
1777891851.3183324,4.0,-1.0,-71.0
1777891851.3273325,8.0,1.0,-72.0
1777891851.3373325,7.0,1.0,-72.0
1777891851.3483324,4.0,-2.0,-75.0
1777891851.3573325,7.0,0.0,-80.0
1777891851.3683324,5.0,7.0,-74.0
1777891851.3783324,1.0,5.0,-73.0
1777891851.3883324,0.0,5.0,-70.0
1777891851.3983324,5.0,7.0,-76.0
1777891851.4083323,0.0,10.0,-76.0
1777891851.4183323,3.0,8.0,-79.0
1777891851.4283323,3.0,2.0,-75.0
1777891851.4383323,2.0,-4.0,-78.0
1777891851.4483323,2.0,-4.0,-80.0
1777891851.4583323,0.0,-6.0,-76.0
1777891851.4683323,-2.0,-7.0,-70.0
1777891851.4783323,0.0,-2.0,-63.0
1777891851.4883325,1.0,-3.0,-62.0
1777891851.4983325,4.0,-2.0,-68.0
1777891851.5083325,5.0,0.0,-71.0
1777891851.5183325,5.0,-2.0,-67.0
1777891851.5283325,5.0,-3.0,-76.0
1777891851.5383325,6.0,-1.0,-77.0
1777891851.5483325,4.0,1.0,-75.0
1777891851.5583324,3.0,-3.0,-74.0
1777891851.5683324,6.0,-5.0,-70.0
1777891851.5783324,1.0,-3.0,-66.0
1777891851.5883324,-2.0,-3.0,-72.0
1777891851.5983324,-2.0,-2.0,-73.0
1777891851.6083324,0.0,-2.0,-72.0
1777891851.6183324,-3.0,0.0,-70.0
1777891851.6283324,-2.0,-2.0,-71.0
1777891851.6383324,0.0,-2.0,-69.0
1777891851.6483324,1.0,-3.0,-70.0
1777891851.6583323,2.0,-6.0,-76.0
1777891851.6683323,0.0,-8.0,-76.0
1777891851.6783323,1.0,-3.0,-70.0
1777891851.6883323,3.0,-3.0,-73.0
1777891851.6983323,4.0,-3.0,-76.0
1777891851.7083323,6.0,-1.0,-73.0
1777891851.7183323,4.0,-2.0,-71.0
1777891851.7283323,2.0,3.0,-73.0
1777891851.7383325,2.0,1.0,-69.0
1777891851.7483325,5.0,2.0,-71.0
1777891851.7583325,2.0,0.0,-78.0
1777891851.7683325,3.0,0.0,-83.0
1777891851.7783325,6.0,1.0,-82.0
1777891851.7883325,8.0,0.0,-75.0
1777891851.7983325,10.0,3.0,-72.0
1777891851.8083324,4.0,3.0,-67.0
1777891851.8183324,1.0,3.0,-59.0
1777891851.8283324,6.0,2.0,-65.0
1777891851.8383324,5.0,4.0,-74.0
1777891851.8483324,5.0,2.0,-78.0
1777891851.8583324,3.0,2.0,-72.0
1777891851.8683324,1.0,-1.0,-77.0
1777891851.8783324,0.0,0.0,-81.0
1777891851.8883324,-3.0,0.0,-77.0
1777891851.8983324,-2.0,-3.0,-76.0
1777891851.9083323,-2.0,-3.0,-78.0
1777891851.9183323,-5.0,-1.0,-72.0
1777891851.9283323,-6.0,1.0,-71.0
1777891851.9383323,-7.0,4.0,-69.0
1777891851.9483323,-4.0,4.0,-62.0
1777891851.9583323,-1.0,0.0,-63.0
1777891851.9683323,4.0,-2.0,-56.0
1777891851.9783323,2.0,-1.0,-58.0
1777891851.9883325,0.0,-4.0,-64.0
1777891851.9983325,2.0,-6.0,-66.0
1777891852.0083325,6.0,-5.0,-70.0
1777891852.0183325,3.0,-5.0,-68.0
1777891852.0283325,6.0,-3.0,-64.0
1777891852.0383325,5.0,-3.0,-66.0
1777891852.0483325,2.0,-1.0,-69.0
1777891852.0583324,-2.0,-4.0,-69.0
1777891852.0683324,-2.0,-2.0,-66.0
1777891852.0783324,2.0,1.0,-70.0
1777891852.0883324,0.0,4.0,-75.0
1777891852.0983324,0.0,2.0,-75.0
1777891852.1083324,0.0,0.0,-68.0
1777891852.1183324,0.0,1.0,-70.0
1777891852.1283324,-8.0,2.0,-73.0
1777891852.1383324,-10.0,1.0,-72.0
1777891852.1483324,-3.0,0.0,-77.0
1777891852.1583323,-5.0,-2.0,-75.0
1777891852.1683323,-3.0,-2.0,-78.0
1777891852.1783323,-3.0,0.0,-76.0
1777891852.1883323,-2.0,-1.0,-76.0
1777891852.1993325,-2.0,-3.0,-79.0
1777891852.2083323,-1.0,-4.0,-76.0
1777891852.2183323,-1.0,-4.0,-71.0
1777891852.2283323,-2.0,-7.0,-62.0
1777891852.2383325,0.0,-8.0,-63.0
1777891852.2483325,-2.0,-5.0,-66.0
1777891852.2583325,-3.0,0.0,-74.0
1777891852.2683325,-1.0,-1.0,-73.0
1777891852.2783325,-1.0,-3.0,-73.0
1777891852.2883325,-3.0,-5.0,-75.0
1777891852.2983325,-6.0,-7.0,-76.0
1777891852.3083324,-4.0,-11.0,-72.0
1777891852.3183324,0.0,-13.0,-67.0
1777891852.3283324,-3.0,-10.0,-70.0
1777891852.3383324,-3.0,-7.0,-73.0
1777891852.3483324,0.0,-3.0,-79.0
1777891852.3583324,3.0,0.0,-77.0
1777891852.3683324,0.0,-7.0,-77.0
1777891852.3783324,-1.0,-3.0,-74.0
1777891852.3883324,-3.0,-2.0,-80.0
1777891852.3983324,-2.0,-1.0,-87.0
1777891852.4083323,0.0,0.0,-88.0
1777891852.4183323,-2.0,-2.0,-85.0
1777891852.4283323,-5.0,-2.0,-83.0
1777891852.4383323,-6.0,-1.0,-85.0
1777891852.4483323,-3.0,1.0,-78.0
1777891852.4583323,0.0,0.0,-82.0
1777891852.4683323,3.0,0.0,-84.0
1777891852.4783323,3.0,3.0,-84.0
1777891852.4883325,2.0,3.0,-88.0
1777891852.4983325,1.0,10.0,-85.0
1777891852.5083325,0.0,7.0,-78.0
1777891852.5183325,-5.0,0.0,-76.0
1777891852.5283325,-3.0,3.0,-71.0
1777891852.5383325,-6.0,-2.0,-71.0
1777891852.5483325,-7.0,-5.0,-70.0
1777891852.5583324,-2.0,-5.0,-75.0
1777891852.5683324,-6.0,-4.0,-69.0
1777891852.5783324,-9.0,-5.0,-68.0
1777891852.5883324,-7.0,0.0,-72.0
1777891852.5983324,-4.0,-2.0,-70.0
1777891852.6083324,-1.0,1.0,-66.0
1777891852.6183324,-2.0,0.0,-69.0
1777891852.6283324,-9.0,-2.0,-72.0
1777891852.6383324,-7.0,0.0,-66.0
1777891852.6483324,-4.0,-2.0,-67.0
1777891852.6583323,-5.0,-3.0,-67.0
1777891852.6683323,-2.0,0.0,-70.0
1777891852.6783323,-2.0,2.0,-73.0
1777891852.6883323,-2.0,2.0,-70.0
1777891852.6983323,1.0,1.0,-70.0
1777891852.7083323,4.0,0.0,-69.0
1777891852.7183323,6.0,0.0,-71.0
1777891852.7283323,11.0,0.0,-73.0
1777891852.7383325,7.0,-5.0,-77.0
1777891852.7483325,6.0,-2.0,-76.0
1777891852.7583325,7.0,1.0,-79.0
1777891852.7683325,9.0,-2.0,-85.0
1777891852.7783325,10.0,-6.0,-88.0
1777891852.7883325,8.0,0.0,-88.0
1777891852.7983325,7.0,-3.0,-91.0
1777891852.8083324,5.0,-3.0,-88.0
1777891852.8183324,7.0,-3.0,-84.0
1777891852.8283324,6.0,-1.0,-79.0
1777891852.8383324,7.0,0.0,-74.0
1777891852.8483324,4.0,-1.0,-80.0
1777891852.8583324,11.0,0.0,-75.0
1777891852.8683324,11.0,-2.0,-76.0
1777891852.8783324,9.0,-5.0,-79.0
1777891852.8883324,6.0,-3.0,-77.0
1777891852.8983324,1.0,0.0,-75.0
1777891852.9083323,-1.0,0.0,-68.0
1777891852.9183323,2.0,0.0,-65.0
1777891852.9283323,1.0,-3.0,-61.0
1777891852.9383323,3.0,-1.0,-65.0
1777891852.9483323,2.0,-1.0,-70.0
1777891852.9583323,2.0,0.0,-71.0
1777891852.9683323,3.0,0.0,-73.0
1777891852.9783323,3.0,-2.0,-76.0
1777891852.9883325,3.0,-3.0,-76.0
1777891852.9983325,5.0,-6.0,-77.0
1777891853.0083325,7.0,-7.0,-74.0
1777891853.0183325,5.0,-7.0,-72.0
1777891853.0283325,5.0,-5.0,-71.0
1777891853.0383325,0.0,0.0,-78.0
1777891853.0483325,-2.0,0.0,-74.0
1777891853.0583324,-1.0,2.0,-78.0
1777891853.0683324,-1.0,3.0,-83.0
1777891853.0783324,-1.0,6.0,-80.0
1777891853.0883324,4.0,8.0,-69.0
1777891853.0983324,1.0,6.0,-66.0
1777891853.1083324,5.0,5.0,-63.0
1777891853.1183324,2.0,7.0,-69.0
1777891853.1283324,1.0,4.0,-65.0
1777891853.1383324,6.0,2.0,-63.0
1777891853.1483324,3.0,3.0,-67.0
1777891853.1583323,0.0,1.0,-72.0
1777891853.1683323,-4.0,-4.0,-80.0
1777891853.1783323,0.0,-4.0,-81.0
1777891853.1883323,-3.0,-4.0,-81.0
1777891853.1983323,-1.0,-3.0,-80.0
1777891853.2083323,0.0,0.0,-80.0
1777891853.2183323,0.0,0.0,-81.0
1777891853.2283323,4.0,2.0,-82.0
1777891853.2383325,4.0,0.0,-83.0
1777891853.2483325,5.0,-5.0,-79.0
1777891853.2583325,3.0,0.0,-77.0
1777891853.2683325,3.0,0.0,-81.0
1777891853.2783325,1.0,-4.0,-83.0
1777891853.2883325,3.0,-8.0,-83.0
1777891853.2983325,4.0,-9.0,-77.0
1777891853.3093324,7.0,-4.0,-72.0
1777891853.3193324,2.0,-3.0,-72.0
1777891853.3293324,7.0,-4.0,-78.0
1777891853.3393323,4.0,-5.0,-80.0
1777891853.3493323,3.0,-4.0,-80.0
1777891853.3593323,7.0,-2.0,-79.0
1777891853.3693323,6.0,-1.0,-78.0
1777891853.3793323,4.0,-4.0,-72.0
1777891853.3893323,2.0,0.0,-77.0
1777891853.3993323,5.0,1.0,-83.0
1777891853.4093325,5.0,4.0,-78.0
1777891853.4193325,6.0,8.0,-74.0
1777891853.4293325,4.0,7.0,-64.0
1777891853.4393325,7.0,7.0,-61.0
1777891853.4493325,6.0,4.0,-66.0
1777891853.4593325,8.0,2.0,-66.0
1777891853.4693325,7.0,-1.0,-70.0
1777891853.4793324,7.0,-3.0,-69.0
1777891853.4893324,5.0,-2.0,-70.0
1777891853.4993324,9.0,0.0,-72.0
1777891853.5093324,7.0,0.0,-69.0
1777891853.5193324,2.0,-1.0,-67.0
1777891853.5293324,2.0,-3.0,-61.0
1777891853.5393324,0.0,-7.0,-67.0
1777891853.5493324,0.0,-5.0,-68.0
1777891853.5593324,0.0,-3.0,-61.0
1777891853.5693324,0.0,2.0,-63.0
1777891853.5793324,-1.0,4.0,-54.0
1777891853.5893323,-5.0,5.0,-55.0
1777891853.5993323,0.0,2.0,-51.0
1777891853.6093323,-4.0,2.0,-52.0
1777891853.6193323,-4.0,2.0,-53.0
1777891853.6293323,-10.0,2.0,-62.0
1777891853.6393323,-9.0,1.0,-66.0
1777891853.6493323,-3.0,-1.0,-69.0
1777891853.6593325,0.0,0.0,-74.0
1777891853.6693325,1.0,1.0,-65.0
1777891853.6793325,4.0,0.0,-72.0
1777891853.6893325,2.0,2.0,-69.0
1777891853.6993325,-3.0,0.0,-72.0
1777891853.7093325,-6.0,-1.0,-68.0
1777891853.7193325,-3.0,2.0,-68.0
1777891853.7293324,2.0,-1.0,-70.0
1777891853.7393324,1.0,0.0,-73.0
1777891853.7493324,2.0,1.0,-70.0
1777891853.7593324,2.0,4.0,-76.0
1777891853.7693324,5.0,1.0,-83.0
1777891853.7793324,3.0,-3.0,-87.0
1777891853.7893324,0.0,-5.0,-86.0
1777891853.7993324,1.0,-6.0,-77.0
1777891853.8093324,-1.0,-7.0,-72.0
1777891853.8193324,-1.0,-5.0,-65.0
1777891853.8293324,-1.0,-5.0,-64.0
1777891853.8393323,1.0,-3.0,-66.0
1777891853.8493323,6.0,4.0,-60.0
1777891853.8593323,8.0,1.0,-61.0
1777891853.8693323,3.0,2.0,-63.0
1777891853.8793323,1.0,-1.0,-68.0
1777891853.8893323,0.0,-3.0,-73.0
1777891853.8993323,1.0,-2.0,-71.0
1777891853.9093325,-1.0,0.0,-73.0
1777891853.9193325,-3.0,0.0,-71.0
1777891853.9293325,-4.0,1.0,-68.0
1777891853.9393325,1.0,0.0,-68.0
1777891853.9493325,5.0,0.0,-65.0
1777891853.9593325,4.0,0.0,-65.0
1777891853.9693325,10.0,-3.0,-64.0
1777891853.9793324,7.0,-5.0,-62.0
1777891853.9893324,5.0,-1.0,-68.0
1777891853.9993324,5.0,0.0,-78.0
1777891854.0093324,0.0,-5.0,-75.0
1777891854.0193324,-1.0,-7.0,-78.0
1777891854.0293324,-1.0,-6.0,-84.0
1777891854.0393324,0.0,-4.0,-80.0
1777891854.0493324,3.0,-3.0,-77.0
1777891854.0593324,0.0,-2.0,-77.0
1777891854.0693324,1.0,-1.0,-76.0
1777891854.0793324,3.0,-1.0,-72.0
1777891854.0893323,8.0,-2.0,-72.0
1777891854.0993323,4.0,-3.0,-73.0
1777891854.1093323,6.0,-2.0,-79.0
1777891854.1193323,3.0,-2.0,-77.0
1777891854.1293323,1.0,0.0,-69.0
1777891854.1393323,0.0,3.0,-61.0
1777891854.1493323,-4.0,1.0,-61.0
1777891854.1593325,0.0,-2.0,-61.0
1777891854.1693325,0.0,-1.0,-63.0
1777891854.1793325,0.0,1.0,-61.0
1777891854.1893325,-2.0,4.0,-63.0
1777891854.1993325,0.0,0.0,-63.0
1777891854.2093325,-2.0,1.0,-61.0
1777891854.2193325,-5.0,0.0,-66.0
1777891854.2293324,-4.0,1.0,-75.0
1777891854.2393324,-4.0,0.0,-69.0
1777891854.2493324,-1.0,2.0,-62.0
1777891854.2593324,-3.0,6.0,-62.0
1777891854.2693324,-3.0,4.0,-63.0
1777891854.2793324,0.0,2.0,-64.0
1777891854.2893324,1.0,0.0,-68.0
1777891854.2993324,6.0,-2.0,-70.0
1777891854.3093324,-1.0,2.0,-68.0
1777891854.3193324,-3.0,0.0,-66.0
1777891854.3293324,-4.0,0.0,-63.0
1777891854.3393323,-4.0,-2.0,-62.0
1777891854.3493323,0.0,-2.0,-66.0
1777891854.3593323,0.0,0.0,-65.0
1777891854.3693323,0.0,-1.0,-77.0
1777891854.3793323,0.0,-2.0,-76.0
1777891854.3893323,2.0,-3.0,-79.0
1777891854.3993323,-1.0,-1.0,-80.0
1777891854.4093325,0.0,-3.0,-71.0
1777891854.4193325,-1.0,0.0,-66.0
1777891854.4293325,-3.0,0.0,-59.0
1777891854.4393325,0.0,-4.0,-64.0
1777891854.4493325,-1.0,-4.0,-64.0
1777891854.4593325,-1.0,-1.0,-64.0
1777891854.4693325,-3.0,3.0,-68.0
1777891854.4793324,-2.0,3.0,-59.0
1777891854.4893324,-4.0,3.0,-59.0
1777891854.4993324,-3.0,6.0,-64.0
1777891854.5093324,0.0,6.0,-70.0
1777891854.5193324,2.0,3.0,-70.0
1777891854.5293324,4.0,-1.0,-74.0
1777891854.5393324,2.0,-1.0,-81.0
1777891854.5493324,2.0,-2.0,-88.0
1777891854.5593324,3.0,0.0,-79.0
1777891854.5693324,5.0,0.0,-78.0
1777891854.5793324,8.0,-4.0,-73.0
1777891854.5893323,9.0,-5.0,-80.0
1777891854.5993323,10.0,-6.0,-75.0
1777891854.6093323,3.0,-7.0,-72.0
1777891854.6193323,0.0,-5.0,-66.0
1777891854.6293323,1.0,-3.0,-74.0
1777891854.6393323,-2.0,-4.0,-77.0
1777891854.6493323,-4.0,-7.0,-78.0
1777891854.6593325,-6.0,-7.0,-75.0
1777891854.6693325,-7.0,-3.0,-70.0
1777891854.6793325,-4.0,-5.0,-69.0
1777891854.6893325,-1.0,-4.0,-73.0
1777891854.6993325,-1.0,-2.0,-67.0
1777891854.7093325,-2.0,-3.0,-71.0
1777891854.7193325,0.0,-4.0,-76.0
1777891854.7293324,2.0,-1.0,-69.0
1777891854.7393324,0.0,0.0,-66.0
1777891854.7493324,3.0,-3.0,-65.0
1777891854.7593324,4.0,-1.0,-71.0
1777891854.7693324,0.0,-6.0,-75.0
1777891854.7793324,0.0,-8.0,-75.0
1777891854.7893324,0.0,-10.0,-73.0
1777891854.7993324,1.0,-12.0,-67.0
1777891854.8093324,5.0,-13.0,-66.0
1777891854.8193324,7.0,-7.0,-71.0
1777891854.8293324,7.0,-2.0,-69.0
1777891854.8393323,5.0,1.0,-68.0
1777891854.8493323,1.0,2.0,-69.0
1777891854.8593323,0.0,3.0,-69.0
1777891854.8693323,2.0,-1.0,-67.0
1777891854.8793323,2.0,-5.0,-67.0
1777891854.8893323,-1.0,-2.0,-69.0
1777891854.8993323,-1.0,0.0,-72.0
1777891854.9093325,0.0,2.0,-73.0
1777891854.9193325,0.0,2.0,-70.0
1777891854.9293325,0.0,0.0,-71.0
1777891854.9393325,1.0,-1.0,-70.0
1777891854.9493325,1.0,0.0,-72.0
1777891854.9593325,6.0,-2.0,-69.0
1777891854.9693325,8.0,-7.0,-73.0
1777891854.9793324,5.0,-7.0,-75.0
1777891854.9893324,5.0,-5.0,-72.0
1777891854.9993324,6.0,-6.0,-70.0
1777891855.0093324,9.0,-8.0,-76.0
1777891855.0193324,6.0,-6.0,-77.0
1777891855.0293324,3.0,-5.0,-73.0
1777891855.0393324,3.0,-2.0,-77.0
1777891855.0493324,6.0,0.0,-80.0
1777891855.0593324,2.0,1.0,-77.0
1777891855.0693324,5.0,3.0,-76.0
1777891855.0793324,6.0,1.0,-72.0
1777891855.0893323,10.0,0.0,-68.0
1777891855.0993323,5.0,-3.0,-75.0
1777891855.1093323,0.0,-4.0,-74.0
1777891855.1193323,-2.0,-4.0,-75.0
1777891855.1293323,0.0,-6.0,-73.0
1777891855.1393323,-1.0,-4.0,-65.0
1777891855.1493323,-4.0,-1.0,-60.0
1777891855.1593325,0.0,-1.0,-67.0
1777891855.1693325,9.0,-2.0,-72.0
1777891855.1793325,8.0,-5.0,-77.0
1777891855.1893325,6.0,-5.0,-76.0
1777891855.1993325,8.0,-1.0,-75.0
1777891855.2093325,4.0,-3.0,-78.0
1777891855.2193325,2.0,-3.0,-81.0
1777891855.2293324,0.0,-6.0,-82.0
1777891855.2393324,-1.0,-8.0,-81.0
1777891855.2493324,-1.0,-5.0,-72.0
1777891855.2593324,-4.0,-6.0,-72.0
1777891855.2703323,-4.0,-8.0,-68.0
1777891855.2793324,-2.0,-7.0,-69.0
1777891855.2903323,-5.0,-5.0,-70.0
1777891855.3003323,0.0,-7.0,-72.0
1777891855.3093324,1.0,-9.0,-73.0
1777891855.3203323,-1.0,-3.0,-69.0
1777891855.3303325,3.0,-7.0,-71.0
1777891855.3403325,3.0,-3.0,-70.0
1777891855.3503325,3.0,-4.0,-71.0
1777891855.3603325,3.0,-3.0,-76.0
1777891855.3703325,1.0,-2.0,-79.0
1777891855.3803325,2.0,0.0,-79.0
1777891855.3903325,2.0,-1.0,-78.0
1777891855.4003325,0.0,0.0,-81.0
1777891855.4103324,1.0,0.0,-78.0
1777891855.4203324,2.0,3.0,-72.0
1777891855.4303324,3.0,1.0,-76.0
1777891855.4403324,2.0,-2.0,-74.0
1777891855.4503324,1.0,0.0,-71.0
1777891855.4603324,3.0,-1.0,-68.0
1777891855.4703324,6.0,-4.0,-66.0
1777891855.4803324,0.0,-7.0,-72.0
1777891855.4903324,0.0,-9.0,-71.0
1777891855.5003324,-3.0,-5.0,-69.0
1777891855.5103323,-1.0,-5.0,-78.0
1777891855.5203323,-5.0,-6.0,-70.0
1777891855.5303323,-9.0,-5.0,-68.0
1777891855.5403323,-8.0,-2.0,-66.0
1777891855.5503323,-7.0,0.0,-67.0
1777891855.5603323,-2.0,-7.0,-67.0
1777891855.5703323,-2.0,-6.0,-63.0
1777891855.5803325,-1.0,-6.0,-64.0
1777891855.5903325,-1.0,-8.0,-69.0
1777891855.6003325,-1.0,-5.0,-70.0
1777891855.6103325,-4.0,-6.0,-70.0
1777891855.6203325,-10.0,-3.0,-75.0
1777891855.6303325,-8.0,-2.0,-73.0
1777891855.6403325,-8.0,-1.0,-77.0
1777891855.6503325,-7.0,-1.0,-77.0
1777891855.6603324,-3.0,-3.0,-81.0
1777891855.6703324,-3.0,-2.0,-77.0
1777891855.6803324,0.0,-3.0,-74.0
1777891855.6903324,-1.0,-4.0,-69.0
1777891855.7003324,0.0,-2.0,-73.0
1777891855.7103324,-1.0,2.0,-67.0
1777891855.7203324,0.0,6.0,-58.0
1777891855.7303324,2.0,5.0,-55.0
1777891855.7403324,1.0,2.0,-62.0
1777891855.7503324,4.0,3.0,-69.0
1777891855.7603323,3.0,5.0,-67.0
1777891855.7703323,0.0,5.0,-68.0
1777891855.7803323,0.0,3.0,-68.0
1777891855.7903323,2.0,2.0,-65.0
1777891855.8003323,-1.0,1.0,-64.0
1777891855.8103323,-3.0,-2.0,-69.0
1777891855.8203323,0.0,2.0,-66.0
1777891855.8303325,-3.0,2.0,-69.0
1777891855.8403325,1.0,2.0,-71.0
1777891855.8503325,0.0,0.0,-72.0
1777891855.8603325,0.0,-1.0,-73.0
1777891855.8703325,1.0,-3.0,-88.0
1777891855.8803325,1.0,-3.0,-85.0
1777891855.8903325,4.0,-1.0,-84.0
1777891855.9003325,6.0,0.0,-83.0
1777891855.9103324,7.0,6.0,-84.0
1777891855.9203324,5.0,6.0,-86.0
1777891855.9303324,4.0,6.0,-92.0
1777891855.9403324,3.0,6.0,-82.0
1777891855.9503324,5.0,5.0,-73.0
1777891855.9603324,7.0,4.0,-70.0
1777891855.9703324,5.0,-2.0,-73.0
1777891855.9803324,3.0,-6.0,-76.0
1777891855.9903324,6.0,-5.0,-77.0
1777891856.0003324,1.0,-9.0,-70.0
1777891856.0103323,1.0,-2.0,-73.0
1777891856.0203323,-2.0,0.0,-77.0
1777891856.0303323,-4.0,0.0,-80.0
1777891856.0403323,1.0,-1.0,-78.0
1777891856.0503323,-1.0,-1.0,-76.0
1777891856.0603323,-2.0,0.0,-75.0
1777891856.0703323,-1.0,-4.0,-73.0
1777891856.0803325,0.0,-9.0,-70.0
1777891856.0903325,0.0,-8.0,-80.0
1777891856.1003325,1.0,-5.0,-85.0
1777891856.1103325,1.0,-5.0,-86.0
1777891856.1203325,6.0,-3.0,-90.0
1777891856.1303325,8.0,-3.0,-82.0
1777891856.1403325,7.0,-2.0,-81.0
1777891856.1503325,4.0,-3.0,-74.0
1777891856.1603324,8.0,0.0,-70.0
1777891856.1703324,7.0,0.0,-78.0
1777891856.1803324,10.0,-1.0,-75.0
1777891856.1903324,6.0,-1.0,-72.0
1777891856.2003324,7.0,-1.0,-73.0
1777891856.2103324,2.0,-1.0,-81.0
1777891856.2203324,0.0,-1.0,-78.0
1777891856.2303324,3.0,1.0,-74.0
1777891856.2403324,3.0,6.0,-70.0
1777891856.2503324,0.0,4.0,-74.0
1777891856.2603323,0.0,0.0,-73.0
1777891856.2703323,1.0,-2.0,-71.0
1777891856.2803323,3.0,-5.0,-68.0
1777891856.2903323,4.0,-4.0,-63.0
1777891856.3003323,5.0,-2.0,-67.0
1777891856.3103323,7.0,-4.0,-68.0
1777891856.3203323,4.0,-4.0,-71.0
1777891856.3303325,6.0,-8.0,-76.0
1777891856.3403325,4.0,-10.0,-75.0
1777891856.3503325,5.0,-12.0,-79.0
1777891856.3603325,11.0,-10.0,-79.0
1777891856.3703325,12.0,-12.0,-79.0
1777891856.3803325,11.0,-6.0,-76.0
1777891856.3903325,10.0,0.0,-72.0
1777891856.4003325,10.0,2.0,-69.0
1777891856.4103324,8.0,3.0,-69.0
1777891856.4203324,6.0,1.0,-74.0
1777891856.4303324,5.0,0.0,-74.0
1777891856.4403324,7.0,-4.0,-74.0
1777891856.4503324,5.0,-7.0,-81.0
1777891856.4603324,3.0,-10.0,-78.0
1777891856.4703324,7.0,-9.0,-76.0
1777891856.4803324,6.0,-10.0,-76.0
1777891856.4903324,0.0,-9.0,-77.0
1777891856.5003324,0.0,-8.0,-79.0
1777891856.5103323,2.0,-5.0,-76.0
1777891856.5203323,5.0,-3.0,-79.0
1777891856.5303323,8.0,-6.0,-77.0
1777891856.5403323,12.0,-5.0,-72.0
1777891856.5503323,7.0,-5.0,-74.0
1777891856.5603323,6.0,-3.0,-72.0
1777891856.5703323,1.0,-4.0,-76.0
1777891856.5803325,2.0,-2.0,-72.0
1777891856.5903325,4.0,0.0,-71.0
1777891856.6003325,3.0,-2.0,-67.0
1777891856.6103325,0.0,1.0,-66.0
1777891856.6203325,-1.0,0.0,-63.0
1777891856.6303325,-2.0,0.0,-62.0
1777891856.6403325,3.0,-2.0,-64.0
1777891856.6503325,3.0,1.0,-67.0
1777891856.6603324,7.0,1.0,-68.0
1777891856.6703324,6.0,0.0,-67.0
1777891856.6803324,8.0,0.0,-68.0
1777891856.6903324,7.0,0.0,-69.0
1777891856.7003324,1.0,-4.0,-68.0
1777891856.7103324,-1.0,-3.0,-61.0
1777891856.7203324,-2.0,-2.0,-67.0
1777891856.7303324,-1.0,0.0,-76.0
1777891856.7403324,-3.0,0.0,-76.0
1777891856.7503324,-2.0,0.0,-78.0
1777891856.7603323,0.0,1.0,-80.0
1777891856.7703323,0.0,1.0,-76.0
1777891856.7803323,2.0,2.0,-74.0
1777891856.7903323,1.0,3.0,-73.0
1777891856.8003323,3.0,4.0,-70.0
1777891856.8103323,5.0,7.0,-73.0
1777891856.8203323,4.0,4.0,-76.0
1777891856.8303325,5.0,9.0,-79.0
1777891856.8403325,5.0,6.0,-81.0
1777891856.8503325,1.0,5.0,-79.0
1777891856.8603325,3.0,6.0,-75.0
1777891856.8703325,1.0,4.0,-75.0
1777891856.8803325,3.0,3.0,-77.0
1777891856.8903325,4.0,1.0,-80.0
1777891856.9003325,7.0,0.0,-78.0
1777891856.9103324,9.0,-2.0,-78.0
1777891856.9203324,2.0,0.0,-74.0
1777891856.9303324,3.0,-1.0,-74.0
1777891856.9403324,4.0,-2.0,-69.0
1777891856.9503324,3.0,1.0,-77.0
1777891856.9603324,2.0,5.0,-80.0
1777891856.9703324,0.0,7.0,-75.0
1777891856.9803324,1.0,2.0,-75.0
1777891856.9903324,1.0,0.0,-75.0
1777891857.0003324,-2.0,-2.0,-84.0
1777891857.0103323,-8.0,0.0,-86.0
1777891857.0203323,-2.0,0.0,-84.0
1777891857.0303323,-1.0,2.0,-87.0
1777891857.0403323,-3.0,2.0,-83.0
1777891857.0503323,-3.0,3.0,-80.0
1777891857.0603323,-4.0,1.0,-76.0
1777891857.0703323,-1.0,0.0,-76.0
1777891857.0803325,-1.0,-1.0,-78.0
1777891857.0903325,2.0,0.0,-83.0
1777891857.1003325,4.0,0.0,-85.0
1777891857.1103325,1.0,3.0,-87.0
1777891857.1203325,3.0,2.0,-89.0
1777891857.1303325,5.0,6.0,-87.0
1777891857.1403325,2.0,4.0,-79.0
1777891857.1503325,-1.0,3.0,-78.0
1777891857.1603324,-1.0,-2.0,-78.0
1777891857.1703324,1.0,0.0,-70.0
1777891857.1803324,4.0,0.0,-69.0
1777891857.1903324,4.0,3.0,-75.0
1777891857.2003324,4.0,0.0,-81.0
1777891857.2103324,4.0,1.0,-86.0
1777891857.2203324,5.0,3.0,-81.0
1777891857.2303324,2.0,2.0,-76.0
1777891857.2403324,-4.0,1.0,-71.0
1777891857.2503324,-6.0,-3.0,-63.0
1777891857.2603323,-8.0,-1.0,-61.0
1777891857.2703323,-9.0,1.0,-58.0
1777891857.2813325,-8.0,0.0,-56.0
1777891857.2913325,-5.0,2.0,-57.0
1777891857.3013325,-4.0,0.0,-68.0
1777891857.3113325,-3.0,0.0,-77.0
1777891857.3213325,-3.0,0.0,-74.0
1777891857.3313324,0.0,-3.0,-72.0
1777891857.3413324,4.0,-2.0,-72.0
1777891857.3513324,-1.0,-4.0,-75.0
1777891857.3613324,0.0,-3.0,-65.0
1777891857.3713324,0.0,-6.0,-62.0
1777891857.3813324,-2.0,-5.0,-63.0
1777891857.3913324,0.0,-4.0,-66.0
1777891857.4013324,6.0,-7.0,-69.0
1777891857.4113324,5.0,-4.0,-67.0
1777891857.4213324,4.0,-5.0,-69.0
1777891857.4313323,1.0,-7.0,-68.0
1777891857.4413323,0.0,-4.0,-67.0
1777891857.4513323,-3.0,0.0,-70.0
1777891857.4613323,-4.0,-3.0,-74.0
1777891857.4713323,-3.0,-5.0,-75.0
1777891857.4813323,-1.0,-5.0,-77.0
1777891857.4913323,0.0,-7.0,-76.0
1777891857.5013323,-1.0,-3.0,-77.0
1777891857.5113325,-1.0,-5.0,-75.0
1777891857.5213325,0.0,-8.0,-69.0
1777891857.5313325,2.0,-6.0,-64.0
1777891857.5413325,0.0,-2.0,-71.0
1777891857.5513325,2.0,1.0,-67.0
1777891857.5613325,4.0,2.0,-65.0
1777891857.5713325,4.0,4.0,-59.0
1777891857.5813324,-2.0,1.0,-59.0
1777891857.5913324,-7.0,1.0,-62.0
1777891857.6013324,-8.0,0.0,-69.0
1777891857.6113324,-1.0,-3.0,-76.0
1777891857.6213324,0.0,-6.0,-76.0
1777891857.6313324,2.0,-1.0,-71.0
1777891857.6413324,7.0,1.0,-70.0
1777891857.6513324,7.0,2.0,-73.0
1777891857.6613324,4.0,2.0,-68.0
1777891857.6713324,7.0,-1.0,-65.0
1777891857.6813323,1.0,-1.0,-70.0
1777891857.6913323,0.0,0.0,-76.0
1777891857.7013323,-1.0,0.0,-76.0
1777891857.7113323,-2.0,-1.0,-76.0
1777891857.7213323,-2.0,0.0,-75.0
1777891857.7313323,0.0,-1.0,-73.0
1777891857.7413323,0.0,-2.0,-71.0
1777891857.7513323,-2.0,-2.0,-70.0
1777891857.7613325,-2.0,-5.0,-71.0
1777891857.7713325,-3.0,-1.0,-79.0
1777891857.7813325,-1.0,0.0,-80.0
1777891857.7913325,1.0,-2.0,-77.0
1777891857.8013325,-1.0,0.0,-83.0
1777891857.8113325,1.0,1.0,-81.0
1777891857.8213325,3.0,-1.0,-81.0
1777891857.8313324,8.0,-3.0,-72.0
1777891857.8413324,10.0,2.0,-74.0
1777891857.8513324,6.0,2.0,-74.0
1777891857.8613324,9.0,1.0,-71.0
1777891857.8713324,6.0,1.0,-71.0
1777891857.8813324,3.0,0.0,-72.0
1777891857.8913324,1.0,1.0,-76.0
1777891857.9013324,1.0,1.0,-78.0
1777891857.9113324,0.0,2.0,-79.0
1777891857.9213324,0.0,1.0,-79.0
1777891857.9313323,2.0,2.0,-72.0
1777891857.9413323,3.0,3.0,-69.0
1777891857.9513323,6.0,1.0,-68.0
1777891857.9613323,5.0,0.0,-68.0
1777891857.9713323,8.0,5.0,-69.0
1777891857.9813323,7.0,1.0,-71.0
1777891857.9913323,7.0,0.0,-63.0
1777891858.0013323,8.0,0.0,-65.0
1777891858.0113325,7.0,-1.0,-68.0
1777891858.0213325,6.0,-1.0,-75.0
1777891858.0313325,4.0,3.0,-70.0
1777891858.0413325,11.0,2.0,-71.0
1777891858.0513325,9.0,3.0,-67.0
1777891858.0613325,7.0,0.0,-65.0
1777891858.0713325,5.0,0.0,-68.0
1777891858.0813324,-1.0,1.0,-70.0
1777891858.0913324,-4.0,0.0,-74.0
1777891858.1013324,-5.0,1.0,-79.0
1777891858.1113324,-5.0,0.0,-80.0
1777891858.1213324,-4.0,0.0,-80.0
1777891858.1313324,0.0,2.0,-81.0
1777891858.1413324,-3.0,0.0,-78.0
1777891858.1513324,-5.0,4.0,-73.0
1777891858.1613324,0.0,-1.0,-70.0
1777891858.1713324,0.0,-7.0,-68.0
1777891858.1813323,-1.0,-7.0,-67.0
1777891858.1913323,2.0,-3.0,-68.0
1777891858.2013323,4.0,0.0,-64.0
1777891858.2113323,4.0,0.0,-60.0
1777891858.2213323,4.0,0.0,-61.0
1777891858.2313323,4.0,2.0,-57.0
1777891858.2413323,2.0,1.0,-55.0
1777891858.2513323,6.0,1.0,-55.0
1777891858.2613325,2.0,1.0,-60.0
1777891858.2713325,3.0,-2.0,-68.0
1777891858.2813325,0.0,-3.0,-72.0
1777891858.2913325,0.0,0.0,-79.0
1777891858.3013325,-1.0,1.0,-77.0
1777891858.3113325,-2.0,2.0,-72.0
1777891858.3213325,-1.0,2.0,-70.0
1777891858.3313324,-2.0,0.0,-69.0
1777891858.3413324,1.0,-2.0,-74.0
1777891858.3513324,3.0,-5.0,-81.0
1777891858.3613324,2.0,-7.0,-80.0
1777891858.3713324,4.0,-7.0,-78.0
1777891858.3813324,0.0,-6.0,-75.0
1777891858.3913324,3.0,-4.0,-74.0
1777891858.4013324,9.0,-4.0,-77.0
1777891858.4113324,8.0,1.0,-82.0
1777891858.4213324,7.0,2.0,-87.0
1777891858.4313323,2.0,0.0,-82.0
1777891858.4413323,-1.0,0.0,-80.0
1777891858.4513323,2.0,-3.0,-71.0
1777891858.4613323,8.0,-1.0,-68.0
1777891858.4713323,4.0,0.0,-72.0
1777891858.4813323,-2.0,2.0,-75.0
1777891858.4913323,1.0,3.0,-79.0
1777891858.5013323,0.0,4.0,-76.0
1777891858.5113325,2.0,4.0,-72.0
1777891858.5213325,1.0,2.0,-70.0
1777891858.5313325,0.0,-3.0,-68.0
1777891858.5413325,1.0,-3.0,-65.0
1777891858.5513325,0.0,-5.0,-68.0
1777891858.5613325,1.0,-4.0,-71.0
1777891858.5713325,4.0,-5.0,-65.0
1777891858.5813324,4.0,-3.0,-64.0
1777891858.5913324,5.0,-4.0,-69.0
1777891858.6013324,5.0,-4.0,-70.0
1777891858.6113324,4.0,-6.0,-77.0
1777891858.6213324,2.0,-5.0,-73.0
1777891858.6313324,3.0,-3.0,-77.0
1777891858.6413324,4.0,-4.0,-79.0
1777891858.6513324,5.0,-4.0,-83.0
1777891858.6613324,0.0,-5.0,-85.0
1777891858.6713324,0.0,-9.0,-90.0
1777891858.6813323,1.0,-3.0,-91.0
1777891858.6913323,2.0,0.0,-88.0
1777891858.7013323,0.0,2.0,-81.0
1777891858.7113323,4.0,2.0,-80.0
1777891858.7213323,7.0,-2.0,-81.0
1777891858.7313323,4.0,-7.0,-83.0
1777891858.7413323,5.0,-9.0,-84.0
1777891858.7513323,1.0,-9.0,-83.0
1777891858.7613325,1.0,-7.0,-80.0
1777891858.7713325,-3.0,-6.0,-85.0
1777891858.7813325,-4.0,-4.0,-91.0
1777891858.7913325,-4.0,0.0,-82.0
1777891858.8013325,-3.0,0.0,-74.0
1777891858.8113325,0.0,3.0,-75.0
1777891858.8213325,1.0,0.0,-76.0
1777891858.8313324,0.0,-6.0,-74.0
1777891858.8413324,1.0,-8.0,-71.0
1777891858.8513324,0.0,-4.0,-74.0
1777891858.8613324,-1.0,-2.0,-85.0
1777891858.8713324,-4.0,0.0,-80.0
1777891858.8813324,-5.0,3.0,-78.0
1777891858.8913324,-5.0,5.0,-83.0
1777891858.9013324,-4.0,5.0,-80.0
1777891858.9113324,-5.0,-1.0,-75.0
1777891858.9213324,-1.0,-1.0,-73.0
1777891858.9313323,0.0,-1.0,-69.0
1777891858.9413323,0.0,-1.0,-64.0
1777891858.9513323,3.0,1.0,-71.0
1777891858.9613323,2.0,1.0,-66.0
1777891858.9713323,1.0,0.0,-71.0
1777891858.9813323,5.0,-5.0,-73.0
1777891858.9913323,6.0,-4.0,-76.0
1777891859.0013323,3.0,-7.0,-70.0
1777891859.0113325,3.0,0.0,-72.0
1777891859.0213325,3.0,-2.0,-73.0
1777891859.0313325,0.0,-2.0,-69.0
1777891859.0413325,2.0,0.0,-81.0
1777891859.0513325,2.0,-1.0,-79.0
1777891859.0613325,2.0,0.0,-80.0
1777891859.0713325,3.0,0.0,-83.0
1777891859.0813324,5.0,-2.0,-85.0
1777891859.0913324,5.0,-2.0,-85.0
1777891859.1013324,0.0,-4.0,-82.0
1777891859.1113324,0.0,-6.0,-80.0
1777891859.1213324,-2.0,-3.0,-86.0
1777891859.1313324,-1.0,-3.0,-83.0
1777891859.1413324,-1.0,-3.0,-88.0
1777891859.1513324,-1.0,-3.0,-88.0
1777891859.1613324,-2.0,-7.0,-81.0
1777891859.1713324,0.0,-7.0,-74.0
1777891859.1813323,3.0,-5.0,-72.0
1777891859.1913323,1.0,-1.0,-70.0
1777891859.2013323,1.0,4.0,-72.0
1777891859.2113323,10.0,4.0,-72.0
1777891859.2213323,4.0,6.0,-77.0
1777891859.2313323,2.0,0.0,-72.0
1777891859.2413323,4.0,0.0,-71.0
1777891859.2513323,0.0,0.0,-74.0
1777891859.2613325,-1.0,-3.0,-79.0
1777891859.2713325,-1.0,-2.0,-82.0
1777891859.2823324,-3.0,-2.0,-83.0
1777891859.2923324,-1.0,-3.0,-82.0
1777891859.3023324,-2.0,0.0,-82.0
1777891859.3123324,-1.0,2.0,-77.0
1777891859.3223324,0.0,2.0,-76.0
1777891859.3323324,1.0,0.0,-69.0
1777891859.3423324,6.0,-3.0,-69.0
1777891859.3523324,6.0,-3.0,-70.0
1777891859.3623323,4.0,0.0,-73.0
1777891859.3723323,1.0,0.0,-73.0
1777891859.3823323,2.0,0.0,-75.0
1777891859.3923323,2.0,3.0,-72.0
1777891859.4023323,1.0,1.0,-68.0
1777891859.4123323,-1.0,0.0,-67.0
1777891859.4223323,1.0,2.0,-68.0
1777891859.4323325,-1.0,5.0,-72.0
1777891859.4423325,-3.0,5.0,-73.0
1777891859.4523325,0.0,4.0,-67.0
1777891859.4623325,2.0,4.0,-61.0
1777891859.4723325,5.0,6.0,-62.0
1777891859.4823325,8.0,5.0,-69.0
1777891859.4923325,3.0,1.0,-71.0
1777891859.5023324,0.0,5.0,-74.0
1777891859.5123324,1.0,1.0,-76.0
1777891859.5223324,0.0,-1.0,-73.0
1777891859.5323324,-2.0,0.0,-74.0
1777891859.5423324,0.0,-2.0,-69.0
1777891859.5523324,0.0,-4.0,-68.0
1777891859.5623324,0.0,-5.0,-71.0
1777891859.5723324,-1.0,-3.0,-72.0
1777891859.5823324,4.0,-1.0,-71.0
1777891859.5923324,4.0,-4.0,-68.0
1777891859.6023324,0.0,0.0,-67.0
1777891859.6123323,-5.0,0.0,-67.0
1777891859.6223323,-4.0,0.0,-60.0
1777891859.6323323,-4.0,0.0,-67.0
1777891859.6423323,-1.0,2.0,-68.0
1777891859.6523323,-1.0,4.0,-70.0
1777891859.6623323,2.0,4.0,-70.0
1777891859.6723323,7.0,6.0,-77.0
1777891859.6823325,-1.0,5.0,-79.0
1777891859.6923325,-3.0,7.0,-77.0
1777891859.7023325,-2.0,6.0,-71.0
1777891859.7123325,0.0,4.0,-75.0
1777891859.7223325,-3.0,3.0,-69.0
1777891859.7323325,0.0,7.0,-73.0
1777891859.7423325,3.0,4.0,-73.0
1777891859.7523324,0.0,4.0,-79.0
1777891859.7623324,-2.0,1.0,-75.0
1777891859.7723324,3.0,-2.0,-73.0
1777891859.7823324,2.0,-2.0,-74.0
1777891859.7923324,1.0,-3.0,-63.0
1777891859.8023324,0.0,-4.0,-63.0
1777891859.8123324,0.0,-2.0,-63.0
1777891859.8223324,1.0,-4.0,-63.0
1777891859.8323324,0.0,-3.0,-67.0
1777891859.8423324,-4.0,-3.0,-65.0
1777891859.8523324,0.0,-2.0,-64.0
1777891859.8623323,-1.0,-2.0,-65.0
1777891859.8723323,-4.0,-4.0,-72.0
1777891859.8823323,-1.0,-4.0,-72.0
1777891859.8923323,2.0,0.0,-76.0
1777891859.9023323,5.0,-3.0,-75.0
1777891859.9123323,5.0,-6.0,-68.0
1777891859.9223323,8.0,-4.0,-74.0
1777891859.9323325,1.0,-6.0,-74.0
1777891859.9423325,-3.0,-5.0,-73.0
1777891859.9523325,0.0,-5.0,-72.0
1777891859.9623325,0.0,-5.0,-70.0
1777891859.9723325,3.0,-3.0,-72.0
1777891859.9823325,3.0,-2.0,-73.0
1777891859.9923325,7.0,-2.0,-69.0
1777891860.0023324,7.0,-5.0,-76.0
1777891860.0123324,4.0,-3.0,-75.0
1777891860.0223324,4.0,-4.0,-75.0
1777891860.0323324,2.0,-4.0,-78.0
1777891860.0423324,1.0,-3.0,-77.0
1777891860.0523324,1.0,-3.0,-78.0
1777891860.0623324,1.0,-3.0,-76.0
1777891860.0723324,3.0,-5.0,-75.0
1777891860.0823324,6.0,-6.0,-75.0
1777891860.0923324,5.0,-4.0,-73.0
1777891860.1023324,8.0,-6.0,-74.0
1777891860.1123323,5.0,-7.0,-80.0
1777891860.1223323,6.0,-7.0,-79.0
1777891860.1323323,8.0,-2.0,-77.0
1777891860.1423323,5.0,1.0,-74.0
1777891860.1523323,4.0,0.0,-72.0
1777891860.1623323,7.0,-1.0,-68.0
1777891860.1723323,2.0,0.0,-72.0
1777891860.1823325,2.0,-1.0,-76.0
1777891860.1923325,1.0,-7.0,-69.0
1777891860.2023325,-2.0,-10.0,-64.0
1777891860.2123325,-2.0,-12.0,-69.0
1777891860.2223325,-3.0,-7.0,-67.0
1777891860.2323325,0.0,-5.0,-73.0
1777891860.2423325,1.0,-1.0,-77.0
1777891860.2523324,6.0,-3.0,-79.0
1777891860.2623324,5.0,-4.0,-84.0
1777891860.2723324,0.0,-5.0,-76.0
1777891860.2823324,-1.0,-3.0,-74.0
1777891860.2923324,0.0,-2.0,-75.0
1777891860.3023324,6.0,-4.0,-69.0
1777891860.3123324,8.0,0.0,-76.0
1777891860.3223324,6.0,1.0,-75.0
1777891860.3323324,7.0,-5.0,-85.0
1777891860.3423324,9.0,-4.0,-85.0
1777891860.3523324,10.0,-1.0,-84.0
1777891860.3623323,7.0,0.0,-84.0
1777891860.3723323,6.0,0.0,-86.0
1777891860.3823323,2.0,-1.0,-78.0
1777891860.3923323,1.0,-3.0,-69.0
1777891860.4023323,0.0,-4.0,-70.0
1777891860.4123323,0.0,-4.0,-72.0
1777891860.4223323,0.0,-3.0,-65.0
1777891860.4323325,-4.0,-4.0,-66.0
1777891860.4423325,0.0,-2.0,-64.0
1777891860.4523325,1.0,-5.0,-67.0
1777891860.4623325,2.0,-5.0,-66.0
1777891860.4723325,5.0,-6.0,-62.0
1777891860.4823325,8.0,-7.0,-69.0
1777891860.4923325,9.0,-5.0,-78.0
1777891860.5023324,8.0,0.0,-71.0
1777891860.5123324,6.0,-2.0,-74.0
1777891860.5223324,3.0,-1.0,-75.0
1777891860.5323324,-1.0,0.0,-74.0
1777891860.5423324,-4.0,0.0,-77.0
1777891860.5523324,-4.0,-3.0,-81.0
1777891860.5623324,-7.0,-1.0,-74.0
1777891860.5723324,-7.0,-4.0,-79.0
1777891860.5823324,-6.0,-7.0,-83.0
1777891860.5923324,-5.0,-9.0,-79.0
1777891860.6023324,-7.0,-6.0,-73.0
1777891860.6123323,-9.0,-6.0,-73.0
1777891860.6223323,-5.0,-3.0,-71.0
1777891860.6323323,-2.0,-9.0,-66.0
1777891860.6423323,-1.0,-9.0,-67.0
1777891860.6523323,0.0,-12.0,-67.0
1777891860.6623323,1.0,-10.0,-63.0
1777891860.6723323,0.0,-9.0,-63.0
1777891860.6823325,0.0,-5.0,-64.0
1777891860.6923325,-4.0,-1.0,-64.0
1777891860.7023325,-1.0,-3.0,-69.0
1777891860.7123325,0.0,-5.0,-72.0
1777891860.7223325,-2.0,-7.0,-69.0
1777891860.7323325,0.0,-7.0,-70.0
1777891860.7423325,1.0,-2.0,-74.0
1777891860.7523324,6.0,0.0,-76.0
1777891860.7623324,5.0,0.0,-86.0
1777891860.7723324,2.0,0.0,-85.0
1777891860.7823324,7.0,1.0,-87.0
1777891860.7923324,8.0,2.0,-80.0
1777891860.8023324,3.0,3.0,-77.0
1777891860.8123324,7.0,2.0,-78.0
1777891860.8223324,10.0,0.0,-72.0
1777891860.8323324,10.0,0.0,-70.0
1777891860.8423324,8.0,0.0,-69.0
1777891860.8523324,3.0,0.0,-71.0
1777891860.8623323,3.0,1.0,-72.0
1777891860.8723323,1.0,0.0,-75.0
1777891860.8823323,6.0,0.0,-73.0
1777891860.8923323,7.0,0.0,-76.0
1777891860.9023323,7.0,1.0,-76.0
1777891860.9123323,9.0,0.0,-73.0
1777891860.9223323,9.0,2.0,-72.0
1777891860.9323325,2.0,4.0,-67.0
1777891860.9423325,0.0,3.0,-63.0
1777891860.9523325,0.0,2.0,-62.0
1777891860.9623325,0.0,1.0,-64.0
1777891860.9723325,-1.0,0.0,-65.0
1777891860.9823325,-1.0,-3.0,-71.0
1777891860.9923325,2.0,-5.0,-73.0
1777891861.0023324,2.0,-6.0,-73.0
1777891861.0123324,1.0,-4.0,-74.0
1777891861.0223324,-3.0,-3.0,-74.0
1777891861.0323324,-1.0,-5.0,-78.0
1777891861.0423324,-2.0,-7.0,-75.0
1777891861.0523324,2.0,-9.0,-77.0
1777891861.0623324,3.0,-6.0,-78.0
1777891861.0723324,5.0,-3.0,-75.0
1777891861.0823324,7.0,-2.0,-74.0
1777891861.0923324,9.0,-3.0,-70.0
1777891861.1023324,9.0,0.0,-65.0
1777891861.1123323,10.0,0.0,-67.0
1777891861.1223323,11.0,3.0,-71.0
1777891861.1323323,10.0,3.0,-65.0
1777891861.1423323,6.0,3.0,-69.0
1777891861.1523323,7.0,0.0,-60.0
1777891861.1623323,0.0,-2.0,-61.0
1777891861.1723323,0.0,-3.0,-56.0
1777891861.1823325,0.0,-3.0,-59.0
1777891861.1923325,3.0,-3.0,-57.0
1777891861.2023325,4.0,-1.0,-53.0
1777891861.2123325,3.0,2.0,-55.0
1777891861.2223325,5.0,0.0,-50.0
1777891861.2323325,3.0,1.0,-56.0
1777891861.2423325,3.0,-2.0,-60.0
1777891861.2523324,1.0,-1.0,-65.0
1777891861.2623324,0.0,0.0,-69.0
1777891861.2733324,-4.0,2.0,-70.0
1777891861.2833323,-6.0,0.0,-71.0
1777891861.2933323,-4.0,0.0,-72.0
1777891861.3033323,-6.0,0.0,-67.0
1777891861.3133323,-6.0,0.0,-65.0
1777891861.3233323,-5.0,-3.0,-70.0
1777891861.3333323,-2.0,-5.0,-73.0
1777891861.3433323,-2.0,-7.0,-73.0
1777891861.3533323,-4.0,-6.0,-70.0
1777891861.3633325,-8.0,-4.0,-69.0
1777891861.3733325,-8.0,-3.0,-69.0
1777891861.3833325,-4.0,-2.0,-64.0
1777891861.3933325,-1.0,1.0,-68.0
1777891861.4033325,1.0,-2.0,-67.0
1777891861.4133325,3.0,-6.0,-68.0
1777891861.4233325,3.0,-4.0,-69.0
1777891861.4333324,1.0,-4.0,-70.0
1777891861.4433324,1.0,-6.0,-69.0
1777891861.4533324,1.0,-3.0,-74.0
1777891861.4633324,5.0,0.0,-78.0
1777891861.4733324,8.0,-1.0,-76.0
1777891861.4833324,2.0,0.0,-74.0
1777891861.4933324,3.0,2.0,-67.0
1777891861.5033324,5.0,1.0,-69.0
1777891861.5133324,7.0,0.0,-68.0
1777891861.5233324,7.0,-2.0,-64.0
1777891861.5333323,3.0,3.0,-66.0
1777891861.5433323,0.0,0.0,-67.0
1777891861.5533323,-2.0,-3.0,-71.0
1777891861.5633323,-3.0,-4.0,-75.0
1777891861.5733323,-4.0,-2.0,-80.0
1777891861.5833323,0.0,-4.0,-87.0
1777891861.5933323,3.0,-3.0,-89.0
1777891861.6033323,2.0,0.0,-82.0
1777891861.6133325,2.0,0.0,-78.0
1777891861.6233325,1.0,0.0,-76.0
1777891861.6333325,5.0,2.0,-75.0
1777891861.6433325,2.0,0.0,-66.0
1777891861.6533325,1.0,1.0,-66.0
1777891861.6633325,4.0,-4.0,-69.0
1777891861.6733325,6.0,-4.0,-71.0
1777891861.6833324,5.0,-3.0,-66.0
1777891861.6933324,-1.0,0.0,-69.0
1777891861.7033324,-2.0,2.0,-73.0
1777891861.7133324,0.0,1.0,-78.0
1777891861.7233324,0.0,0.0,-75.0
1777891861.7333324,5.0,4.0,-71.0
1777891861.7433324,4.0,8.0,-72.0
1777891861.7533324,0.0,5.0,-76.0
1777891861.7633324,-2.0,2.0,-72.0
1777891861.7733324,4.0,3.0,-77.0
1777891861.7833323,8.0,4.0,-81.0
1777891861.7933323,9.0,5.0,-78.0
1777891861.8033323,7.0,1.0,-76.0
1777891861.8133323,6.0,-1.0,-72.0
1777891861.8233323,6.0,-2.0,-73.0
1777891861.8333323,0.0,-3.0,-72.0
1777891861.8433323,0.0,-2.0,-67.0
1777891861.8533323,0.0,-4.0,-74.0
1777891861.8633325,1.0,-4.0,-75.0
1777891861.8733325,-3.0,0.0,-67.0
1777891861.8833325,1.0,4.0,-64.0
1777891861.8933325,3.0,4.0,-63.0
1777891861.9033325,1.0,4.0,-68.0
1777891861.9133325,2.0,1.0,-71.0
1777891861.9233325,2.0,0.0,-70.0
1777891861.9333324,7.0,0.0,-72.0
1777891861.9433324,8.0,0.0,-72.0
1777891861.9533324,0.0,2.0,-73.0
1777891861.9633324,-1.0,1.0,-75.0
1777891861.9733324,-1.0,0.0,-75.0
1777891861.9833324,-3.0,1.0,-71.0
1777891861.9933324,-5.0,3.0,-80.0
1777891862.0033324,-1.0,3.0,-82.0
1777891862.0133324,0.0,1.0,-83.0
1777891862.0233324,-2.0,4.0,-85.0
1777891862.0333323,0.0,0.0,-78.0
1777891862.0433323,0.0,2.0,-74.0
1777891862.0533323,1.0,2.0,-80.0
1777891862.0633323,0.0,5.0,-83.0
1777891862.0733323,-2.0,3.0,-83.0
1777891862.0833323,-7.0,0.0,-78.0
1777891862.0933323,-2.0,-2.0,-77.0
1777891862.1033323,2.0,0.0,-83.0
1777891862.1133325,-1.0,0.0,-77.0
1777891862.1233325,-2.0,-2.0,-80.0
1777891862.1333325,-5.0,-3.0,-76.0
1777891862.1433325,-8.0,-5.0,-68.0
1777891862.1533325,-5.0,-4.0,-73.0
1777891862.1633325,-1.0,-2.0,-70.0
1777891862.1733325,1.0,-3.0,-67.0
1777891862.1833324,-1.0,-5.0,-60.0
1777891862.1933324,0.0,-6.0,-59.0
1777891862.2033324,2.0,-10.0,-61.0
1777891862.2133324,-1.0,-10.0,-67.0
1777891862.2233324,3.0,-5.0,-69.0
1777891862.2333324,3.0,-4.0,-65.0
1777891862.2433324,0.0,-7.0,-66.0
1777891862.2533324,3.0,-6.0,-72.0
1777891862.2633324,5.0,-7.0,-64.0
1777891862.2733324,5.0,-5.0,-65.0
1777891862.2833323,2.0,-7.0,-68.0
1777891862.2933323,0.0,-6.0,-69.0
1777891862.3033323,3.0,-1.0,-71.0
1777891862.3133323,2.0,-2.0,-74.0
1777891862.3233323,4.0,-2.0,-77.0
1777891862.3333323,2.0,-1.0,-72.0
1777891862.3433323,0.0,0.0,-66.0
1777891862.3533323,2.0,2.0,-75.0
1777891862.3633325,7.0,2.0,-71.0
1777891862.3733325,10.0,1.0,-69.0
1777891862.3833325,10.0,2.0,-69.0
1777891862.3933325,5.0,2.0,-69.0
1777891862.4033325,6.0,0.0,-69.0
1777891862.4133325,10.0,-5.0,-69.0
1777891862.4233325,11.0,-4.0,-69.0
1777891862.4333324,8.0,0.0,-74.0
1777891862.4433324,7.0,-2.0,-77.0
1777891862.4533324,4.0,-2.0,-81.0
1777891862.4633324,0.0,0.0,-78.0
1777891862.4733324,0.0,0.0,-76.0
1777891862.4833324,-1.0,-2.0,-71.0
1777891862.4933324,0.0,-2.0,-68.0
1777891862.5033324,7.0,-3.0,-73.0
1777891862.5133324,8.0,2.0,-76.0
1777891862.5233324,10.0,2.0,-79.0
1777891862.5333323,9.0,-2.0,-73.0
1777891862.5433323,9.0,0.0,-72.0
1777891862.5533323,5.0,-1.0,-75.0
1777891862.5633323,2.0,-2.0,-68.0
1777891862.5733323,0.0,0.0,-74.0
1777891862.5833323,2.0,4.0,-74.0
1777891862.5933323,0.0,2.0,-73.0
1777891862.6033323,0.0,1.0,-73.0
1777891862.6133325,-1.0,8.0,-65.0
1777891862.6233325,-2.0,8.0,-67.0
1777891862.6333325,-2.0,5.0,-69.0
1777891862.6433325,2.0,4.0,-67.0
1777891862.6533325,-1.0,1.0,-69.0
1777891862.6633325,2.0,0.0,-74.0
1777891862.6733325,3.0,0.0,-73.0
1777891862.6833324,-1.0,1.0,-75.0
1777891862.6933324,-1.0,2.0,-72.0
1777891862.7033324,-2.0,0.0,-71.0
1777891862.7133324,-2.0,3.0,-72.0
1777891862.7233324,-2.0,1.0,-71.0
1777891862.7333324,0.0,4.0,-75.0
1777891862.7433324,1.0,5.0,-69.0
1777891862.7533324,3.0,4.0,-67.0
1777891862.7633324,6.0,1.0,-73.0
1777891862.7733324,4.0,1.0,-73.0
1777891862.7833323,3.0,0.0,-71.0
1777891862.7933323,6.0,2.0,-77.0
1777891862.8033323,2.0,0.0,-75.0
1777891862.8133323,0.0,-1.0,-71.0
1777891862.8233323,-6.0,-2.0,-60.0
1777891862.8333323,-6.0,-2.0,-64.0
1777891862.8433323,-3.0,-4.0,-67.0
1777891862.8533323,-4.0,-2.0,-72.0
1777891862.8633325,-4.0,1.0,-71.0
1777891862.8733325,-2.0,-3.0,-69.0
1777891862.8833325,1.0,-4.0,-71.0
1777891862.8933325,5.0,-5.0,-78.0
1777891862.9033325,9.0,-10.0,-74.0
1777891862.9133325,9.0,-5.0,-70.0
1777891862.9233325,5.0,-1.0,-77.0
1777891862.9333324,2.0,0.0,-75.0
1777891862.9433324,2.0,0.0,-74.0
1777891862.9533324,4.0,0.0,-73.0
1777891862.9633324,0.0,-2.0,-74.0
1777891862.9733324,0.0,0.0,-71.0
1777891862.9833324,0.0,1.0,-65.0
1777891862.9933324,2.0,1.0,-68.0
1777891863.0033324,3.0,4.0,-65.0
1777891863.0133324,1.0,3.0,-69.0
1777891863.0233324,4.0,3.0,-76.0
1777891863.0333323,1.0,3.0,-75.0
1777891863.0433323,2.0,6.0,-73.0
1777891863.0533323,-1.0,2.0,-70.0
1777891863.0633323,-1.0,0.0,-66.0
1777891863.0733323,-2.0,1.0,-61.0
1777891863.0833323,0.0,2.0,-64.0
1777891863.0933323,-2.0,2.0,-63.0
1777891863.1033323,-3.0,0.0,-62.0
1777891863.1133325,-1.0,0.0,-66.0
1777891863.1233325,-1.0,1.0,-67.0
1777891863.1333325,-2.0,0.0,-67.0
1777891863.1433325,4.0,4.0,-69.0
1777891863.1533325,6.0,5.0,-70.0
1777891863.1633325,6.0,1.0,-68.0
1777891863.1733325,3.0,2.0,-60.0
1777891863.1833324,5.0,3.0,-59.0
1777891863.1933324,5.0,0.0,-60.0
1777891863.2033324,-1.0,0.0,-64.0
1777891863.2133324,1.0,-2.0,-68.0
1777891863.2233324,1.0,-3.0,-72.0
1777891863.2333324,-2.0,-3.0,-76.0
1777891863.2433324,-3.0,-4.0,-71.0
1777891863.2543323,-2.0,0.0,-69.0
1777891863.2643323,-5.0,3.0,-68.0
1777891863.2743323,-4.0,0.0,-62.0
1777891863.2843325,-1.0,-1.0,-65.0
1777891863.2943325,-1.0,-4.0,-71.0
1777891863.3043325,-1.0,-4.0,-75.0
1777891863.3143325,0.0,-4.0,-76.0
1777891863.3243325,2.0,0.0,-75.0
1777891863.3343325,5.0,3.0,-68.0
1777891863.3443325,6.0,0.0,-66.0
1777891863.3543324,12.0,1.0,-68.0
1777891863.3643324,8.0,0.0,-64.0
1777891863.3743324,7.0,1.0,-61.0
1777891863.3843324,2.0,2.0,-68.0
1777891863.3943324,3.0,4.0,-70.0
1777891863.4043324,2.0,4.0,-68.0
1777891863.4143324,-1.0,4.0,-69.0
1777891863.4243324,0.0,1.0,-71.0
1777891863.4343324,0.0,3.0,-71.0
1777891863.4443324,-4.0,5.0,-66.0
1777891863.4543324,-3.0,8.0,-60.0
1777891863.4643323,-1.0,7.0,-61.0
1777891863.4743323,-5.0,6.0,-63.0
1777891863.4843323,-6.0,1.0,-65.0
1777891863.4943323,-7.0,1.0,-68.0
1777891863.5043323,-1.0,-3.0,-74.0
1777891863.5143323,1.0,-1.0,-75.0
1777891863.5243323,7.0,-1.0,-72.0
1777891863.5343325,5.0,0.0,-73.0
1777891863.5443325,2.0,3.0,-76.0
1777891863.5543325,0.0,-2.0,-75.0
1777891863.5643325,0.0,1.0,-73.0
1777891863.5743325,-2.0,2.0,-80.0
1777891863.5843325,1.0,2.0,-78.0
1777891863.5943325,4.0,-2.0,-77.0
1777891863.6043324,6.0,-2.0,-75.0
1777891863.6143324,7.0,-2.0,-71.0
1777891863.6243324,7.0,-5.0,-67.0
1777891863.6343324,10.0,-4.0,-75.0
1777891863.6443324,4.0,-7.0,-83.0
1777891863.6543324,1.0,-5.0,-79.0
1777891863.6643324,2.0,-5.0,-71.0
1777891863.6743324,0.0,-1.0,-69.0
1777891863.6843324,-3.0,0.0,-71.0
1777891863.6943324,-6.0,2.0,-68.0
1777891863.7043324,-5.0,2.0,-69.0
1777891863.7143323,-2.0,2.0,-74.0
1777891863.7243323,0.0,0.0,-74.0
1777891863.7343323,2.0,3.0,-70.0
1777891863.7443323,0.0,1.0,-66.0
1777891863.7543323,-3.0,-3.0,-68.0
1777891863.7643323,-4.0,-4.0,-69.0
1777891863.7743323,-3.0,-8.0,-68.0
1777891863.7843325,-5.0,-7.0,-70.0
1777891863.7943325,-4.0,-5.0,-73.0
1777891863.8043325,-5.0,-3.0,-77.0
1777891863.8143325,1.0,-2.0,-73.0
1777891863.8243325,0.0,-1.0,-77.0
1777891863.8343325,1.0,-1.0,-73.0
1777891863.8443325,-1.0,-2.0,-73.0
1777891863.8543324,1.0,0.0,-75.0
1777891863.8643324,-2.0,-1.0,-79.0
1777891863.8743324,0.0,0.0,-73.0
1777891863.8843324,0.0,0.0,-71.0
1777891863.8943324,-1.0,0.0,-66.0
1777891863.9043324,-1.0,0.0,-62.0
1777891863.9143324,1.0,0.0,-64.0
1777891863.9243324,-2.0,1.0,-70.0
1777891863.9343324,0.0,-1.0,-71.0
1777891863.9443324,2.0,-2.0,-79.0
1777891863.9543324,5.0,0.0,-72.0
1777891863.9643323,4.0,1.0,-73.0
1777891863.9743323,3.0,3.0,-78.0
1777891863.9843323,4.0,3.0,-74.0
1777891863.9943323,0.0,1.0,-69.0
1777891864.0043323,2.0,0.0,-73.0
1777891864.0143323,4.0,0.0,-75.0
1777891864.0243323,0.0,3.0,-74.0
1777891864.0343325,-1.0,1.0,-73.0
1777891864.0443325,-1.0,1.0,-62.0
1777891864.0543325,0.0,0.0,-59.0
1777891864.0643325,2.0,0.0,-62.0
1777891864.0743325,4.0,-3.0,-64.0
1777891864.0843325,1.0,-4.0,-65.0
1777891864.0943325,2.0,-3.0,-72.0
1777891864.1043324,6.0,-6.0,-71.0
1777891864.1143324,5.0,-8.0,-67.0
1777891864.1243324,9.0,-6.0,-69.0
1777891864.1343324,3.0,1.0,-66.0
1777891864.1443324,3.0,2.0,-73.0
1777891864.1543324,1.0,5.0,-67.0
1777891864.1643324,2.0,3.0,-68.0
1777891864.1743324,3.0,3.0,-66.0
1777891864.1843324,5.0,3.0,-69.0
1777891864.1943324,2.0,4.0,-65.0
1777891864.2043324,3.0,4.0,-70.0
1777891864.2143323,1.0,5.0,-71.0
1777891864.2243323,5.0,5.0,-76.0
1777891864.2343323,5.0,3.0,-80.0
1777891864.2443323,0.0,4.0,-81.0
1777891864.2543323,0.0,3.0,-75.0
1777891864.2643323,-2.0,3.0,-73.0
1777891864.2743323,-4.0,5.0,-65.0
1777891864.2843325,-9.0,0.0,-58.0
1777891864.2943325,-5.0,2.0,-59.0
1777891864.3043325,-2.0,3.0,-61.0
1777891864.3143325,1.0,5.0,-63.0
1777891864.3243325,4.0,4.0,-68.0
1777891864.3343325,5.0,6.0,-73.0
1777891864.3443325,6.0,4.0,-76.0
1777891864.3543324,5.0,2.0,-74.0
1777891864.3643324,2.0,-1.0,-78.0
1777891864.3743324,-1.0,0.0,-79.0
1777891864.3843324,-4.0,-1.0,-80.0
1777891864.3943324,-7.0,-1.0,-82.0
1777891864.4043324,-1.0,-1.0,-75.0
1777891864.4143324,3.0,-1.0,-72.0
1777891864.4243324,3.0,3.0,-76.0
1777891864.4343324,1.0,5.0,-70.0
1777891864.4443324,1.0,1.0,-70.0
1777891864.4543324,2.0,0.0,-71.0
1777891864.4643323,0.0,-2.0,-68.0
1777891864.4743323,1.0,-3.0,-75.0
1777891864.4843323,-1.0,-4.0,-77.0
1777891864.4943323,-4.0,-2.0,-75.0
1777891864.5043323,-6.0,0.0,-76.0
1777891864.5143323,-1.0,2.0,-78.0
1777891864.5243323,-3.0,3.0,-73.0
1777891864.5343325,-3.0,1.0,-73.0
1777891864.5443325,-3.0,2.0,-70.0
1777891864.5543325,-3.0,0.0,-70.0
1777891864.5643325,-4.0,-3.0,-77.0
1777891864.5743325,-2.0,-5.0,-73.0
1777891864.5843325,-4.0,1.0,-73.0
1777891864.5943325,-1.0,0.0,-74.0
1777891864.6043324,0.0,-4.0,-70.0
1777891864.6143324,2.0,-3.0,-80.0
1777891864.6243324,5.0,-5.0,-85.0
1777891864.6343324,-1.0,-3.0,-86.0
1777891864.6443324,-1.0,-3.0,-81.0
1777891864.6543324,0.0,-1.0,-83.0
1777891864.6643324,-5.0,0.0,-83.0
1777891864.6743324,0.0,-4.0,-86.0
1777891864.6843324,3.0,-7.0,-84.0
1777891864.6943324,1.0,-7.0,-85.0
1777891864.7043324,0.0,-7.0,-87.0
1777891864.7143323,6.0,-4.0,-76.0
1777891864.7243323,9.0,-2.0,-70.0
1777891864.7343323,6.0,-3.0,-74.0
1777891864.7443323,2.0,-4.0,-76.0
1777891864.7543323,-2.0,0.0,-70.0
1777891864.7643323,1.0,-1.0,-71.0
1777891864.7743323,2.0,-3.0,-68.0
1777891864.7843325,2.0,-1.0,-65.0
1777891864.7943325,2.0,-1.0,-68.0
1777891864.8043325,6.0,0.0,-67.0
1777891864.8143325,3.0,0.0,-71.0
1777891864.8243325,-1.0,-1.0,-72.0
1777891864.8343325,0.0,-3.0,-68.0
1777891864.8443325,0.0,-5.0,-70.0
1777891864.8543324,1.0,-2.0,-75.0
1777891864.8643324,0.0,3.0,-76.0
1777891864.8743324,-1.0,1.0,-74.0
1777891864.8843324,1.0,-4.0,-76.0
1777891864.8943324,-2.0,-5.0,-75.0
1777891864.9043324,-2.0,-3.0,-73.0
1777891864.9143324,-2.0,0.0,-68.0
1777891864.9243324,-2.0,2.0,-67.0
1777891864.9343324,-4.0,0.0,-72.0
1777891864.9443324,-1.0,0.0,-69.0
1777891864.9543324,0.0,2.0,-64.0
1777891864.9643323,1.0,1.0,-63.0
1777891864.9743323,2.0,1.0,-64.0
1777891864.9843323,0.0,-1.0,-69.0
1777891864.9943323,1.0,-4.0,-72.0
1777891865.0043323,-1.0,-3.0,-68.0
1777891865.0143323,-2.0,-5.0,-63.0
1777891865.0243323,-4.0,-2.0,-66.0
1777891865.0343325,-4.0,-1.0,-74.0
1777891865.0443325,-7.0,0.0,-70.0
1777891865.0543325,-8.0,-2.0,-69.0
1777891865.0643325,-4.0,-1.0,-79.0
1777891865.0743325,-5.0,0.0,-78.0
1777891865.0843325,-2.0,-2.0,-72.0
1777891865.0943325,-3.0,1.0,-72.0
1777891865.1043324,-3.0,0.0,-66.0
1777891865.1143324,0.0,2.0,-64.0
1777891865.1243324,2.0,1.0,-68.0
1777891865.1343324,1.0,1.0,-67.0
1777891865.1443324,3.0,-2.0,-69.0
1777891865.1543324,2.0,2.0,-73.0
1777891865.1643324,2.0,1.0,-72.0
1777891865.1743324,-3.0,1.0,-73.0
1777891865.1843324,-9.0,3.0,-69.0
1777891865.1943324,-7.0,2.0,-68.0
1777891865.2053325,-3.0,1.0,-69.0
1777891865.2143323,-6.0,2.0,-70.0
1777891865.2243323,-4.0,1.0,-69.0
1777891865.2343323,-2.0,2.0,-70.0
1777891865.2453325,-2.0,1.0,-66.0
1777891865.2553325,-1.0,-2.0,-63.0
1777891865.2643323,2.0,-1.0,-65.0
1777891865.2753325,3.0,-5.0,-61.0
1777891865.2853324,4.0,-3.0,-65.0
1777891865.2953324,6.0,-3.0,-61.0
1777891865.3053324,7.0,-6.0,-63.0
1777891865.3153324,4.0,-4.0,-68.0
1777891865.3243325,4.0,-2.0,-71.0
1777891865.3353324,1.0,-1.0,-73.0
1777891865.3453324,0.0,0.0,-74.0
1777891865.3553324,-3.0,-1.0,-72.0
1777891865.3653324,-3.0,-5.0,-73.0
1777891865.3753324,-5.0,-7.0,-75.0
1777891865.3853323,-5.0,-6.0,-72.0
1777891865.3953323,-2.0,-7.0,-67.0
1777891865.4053323,0.0,-4.0,-70.0
1777891865.4153323,-4.0,-3.0,-78.0
1777891865.4253323,-2.0,0.0,-74.0
1777891865.4353323,-1.0,0.0,-69.0
1777891865.4453323,-3.0,0.0,-66.0
1777891865.4553325,0.0,0.0,-69.0
1777891865.4653325,-2.0,-2.0,-73.0
1777891865.4753325,-3.0,-4.0,-79.0
1777891865.4853325,-4.0,-4.0,-83.0
1777891865.4953325,-1.0,0.0,-78.0
1777891865.5053325,1.0,0.0,-73.0
1777891865.5153325,-1.0,-2.0,-72.0
1777891865.5253325,-4.0,-2.0,-74.0
1777891865.5353324,-1.0,-3.0,-74.0
1777891865.5453324,2.0,-2.0,-79.0
1777891865.5553324,0.0,-4.0,-74.0
1777891865.5653324,0.0,-2.0,-73.0
1777891865.5753324,0.0,0.0,-73.0
1777891865.5853324,0.0,2.0,-79.0
1777891865.5953324,0.0,0.0,-74.0
1777891865.6053324,-4.0,1.0,-74.0
1777891865.6153324,-6.0,3.0,-75.0
1777891865.6253324,-4.0,4.0,-75.0
1777891865.6353323,-2.0,6.0,-79.0
1777891865.6453323,0.0,4.0,-82.0
1777891865.6553323,-2.0,0.0,-79.0
1777891865.6653323,-2.0,3.0,-69.0
1777891865.6753323,-4.0,-1.0,-72.0
1777891865.6853323,-6.0,-1.0,-66.0
1777891865.6953323,-5.0,-4.0,-71.0
1777891865.7053325,-5.0,-3.0,-80.0
1777891865.7153325,-5.0,0.0,-72.0
1777891865.7253325,-3.0,-1.0,-66.0
1777891865.7353325,-5.0,0.0,-64.0
1777891865.7453325,-2.0,2.0,-68.0
1777891865.7553325,-1.0,1.0,-70.0
1777891865.7653325,-5.0,3.0,-73.0
1777891865.7753325,-2.0,3.0,-75.0
1777891865.7853324,0.0,4.0,-74.0
1777891865.7953324,3.0,5.0,-75.0
1777891865.8053324,2.0,9.0,-74.0
1777891865.8153324,0.0,5.0,-75.0
1777891865.8253324,3.0,2.0,-77.0
1777891865.8353324,5.0,0.0,-67.0
1777891865.8453324,1.0,-4.0,-65.0
1777891865.8553324,-2.0,-2.0,-65.0
1777891865.8653324,0.0,-4.0,-68.0
1777891865.8753324,0.0,0.0,-66.0
1777891865.8853323,3.0,0.0,-64.0
1777891865.8953323,0.0,-2.0,-62.0
1777891865.9053323,0.0,0.0,-61.0
1777891865.9153323,-3.0,0.0,-66.0
1777891865.9253323,-1.0,0.0,-68.0
1777891865.9353323,-1.0,-1.0,-67.0
1777891865.9453323,-2.0,3.0,-67.0
1777891865.9553325,2.0,3.0,-71.0
1777891865.9653325,3.0,4.0,-69.0
1777891865.9753325,1.0,0.0,-67.0
1777891865.9853325,1.0,1.0,-73.0
1777891865.9953325,2.0,0.0,-75.0
1777891866.0053325,1.0,0.0,-77.0
1777891866.0153325,3.0,0.0,-72.0
1777891866.0253325,5.0,0.0,-70.0
1777891866.0353324,5.0,-2.0,-74.0
1777891866.0453324,1.0,-2.0,-76.0
1777891866.0553324,0.0,-1.0,-75.0
1777891866.0653324,5.0,4.0,-69.0
1777891866.0753324,4.0,2.0,-65.0
1777891866.0853324,0.0,0.0,-59.0
1777891866.0953324,1.0,0.0,-57.0
1777891866.1053324,1.0,-6.0,-57.0
1777891866.1153324,2.0,-7.0,-64.0
1777891866.1253324,4.0,-5.0,-60.0
1777891866.1353323,5.0,-5.0,-62.0
1777891866.1453323,3.0,-2.0,-64.0
1777891866.1553323,0.0,-2.0,-68.0
1777891866.1653323,0.0,-7.0,-66.0
1777891866.1753323,0.0,-6.0,-68.0
1777891866.1853323,0.0,-7.0,-67.0
1777891866.1953323,0.0,-1.0,-68.0
1777891866.2053325,1.0,-2.0,-72.0
1777891866.2153325,6.0,-4.0,-70.0
1777891866.2253325,8.0,-8.0,-71.0
1777891866.2353325,8.0,-8.0,-78.0
1777891866.2453325,7.0,-2.0,-75.0
1777891866.2553325,5.0,-5.0,-80.0
1777891866.2653325,2.0,-7.0,-79.0
1777891866.2753325,-1.0,-5.0,-77.0
1777891866.2853324,0.0,-8.0,-75.0
1777891866.2953324,-3.0,-9.0,-73.0
1777891866.3053324,-4.0,-9.0,-70.0
1777891866.3153324,0.0,-10.0,-74.0
1777891866.3253324,-1.0,-10.0,-77.0
1777891866.3353324,0.0,-6.0,-70.0
1777891866.3453324,-3.0,-7.0,-70.0
1777891866.3553324,-5.0,-4.0,-71.0
1777891866.3653324,-1.0,-7.0,-70.0
1777891866.3753324,2.0,-5.0,-75.0
1777891866.3853323,2.0,-5.0,-73.0
1777891866.3953323,-2.0,-5.0,-68.0
1777891866.4053323,0.0,-2.0,-70.0
1777891866.4153323,0.0,-4.0,-70.0
1777891866.4253323,-1.0,-5.0,-77.0
1777891866.4353323,0.0,-5.0,-76.0
1777891866.4453323,2.0,-7.0,-75.0
1777891866.4553325,3.0,-6.0,-75.0
1777891866.4653325,3.0,-4.0,-76.0
1777891866.4753325,1.0,0.0,-72.0
1777891866.4853325,2.0,0.0,-76.0
1777891866.4953325,2.0,1.0,-64.0
1777891866.5053325,3.0,2.0,-65.0
1777891866.5153325,3.0,3.0,-70.0
1777891866.5253325,0.0,3.0,-76.0
1777891866.5353324,-1.0,6.0,-72.0
1777891866.5453324,-2.0,0.0,-66.0
1777891866.5553324,0.0,-1.0,-64.0
1777891866.5653324,3.0,-3.0,-61.0
1777891866.5753324,-1.0,-7.0,-62.0
1777891866.5853324,-1.0,-4.0,-63.0
1777891866.5953324,0.0,0.0,-66.0
1777891866.6053324,3.0,0.0,-72.0
1777891866.6153324,6.0,2.0,-71.0
1777891866.6253324,2.0,0.0,-71.0
1777891866.6353323,-4.0,0.0,-70.0
1777891866.6453323,-5.0,0.0,-71.0
1777891866.6553323,-2.0,0.0,-75.0
1777891866.6653323,-1.0,0.0,-69.0
1777891866.6753323,-2.0,0.0,-66.0
1777891866.6853323,-3.0,-5.0,-66.0
1777891866.6953323,-5.0,-8.0,-76.0
1777891866.7053325,-2.0,-11.0,-69.0
1777891866.7153325,0.0,-8.0,-71.0
1777891866.7253325,-1.0,-7.0,-66.0
1777891866.7353325,-1.0,-7.0,-74.0
1777891866.7453325,-2.0,-3.0,-71.0
1777891866.7553325,-8.0,0.0,-74.0
1777891866.7653325,-7.0,0.0,-67.0
1777891866.7753325,-1.0,3.0,-70.0
1777891866.7853324,-7.0,0.0,-72.0
1777891866.7953324,-4.0,-4.0,-78.0
1777891866.8053324,-1.0,-5.0,-71.0
1777891866.8153324,2.0,-2.0,-74.0
1777891866.8253324,-1.0,1.0,-69.0
1777891866.8353324,-1.0,0.0,-67.0
1777891866.8453324,-5.0,1.0,-70.0
1777891866.8553324,0.0,0.0,-66.0
1777891866.8653324,2.0,0.0,-67.0
1777891866.8753324,4.0,3.0,-69.0
1777891866.8853323,1.0,2.0,-73.0
1777891866.8953323,1.0,0.0,-70.0
1777891866.9053323,4.0,-2.0,-71.0
1777891866.9153323,5.0,-3.0,-68.0
1777891866.9253323,5.0,-1.0,-70.0
1777891866.9353323,5.0,0.0,-73.0
1777891866.9453323,5.0,-2.0,-79.0
1777891866.9553325,7.0,-3.0,-82.0
1777891866.9653325,8.0,0.0,-85.0
1777891866.9753325,8.0,-1.0,-88.0
1777891866.9853325,6.0,0.0,-88.0
1777891866.9953325,4.0,0.0,-85.0
1777891867.0053325,5.0,0.0,-80.0
1777891867.0153325,8.0,1.0,-79.0
1777891867.0253325,6.0,3.0,-82.0
1777891867.0353324,9.0,0.0,-80.0
1777891867.0453324,5.0,1.0,-83.0
1777891867.0553324,9.0,0.0,-87.0
1777891867.0653324,7.0,-2.0,-88.0
1777891867.0753324,6.0,-4.0,-82.0
1777891867.0853324,4.0,-2.0,-72.0
1777891867.0953324,6.0,-1.0,-70.0
1777891867.1053324,2.0,-7.0,-66.0
1777891867.1153324,1.0,-8.0,-70.0
1777891867.1253324,1.0,-6.0,-70.0
1777891867.1353323,5.0,-5.0,-65.0
1777891867.1453323,3.0,-3.0,-65.0
1777891867.1553323,3.0,0.0,-65.0
1777891867.1653323,1.0,-2.0,-68.0
1777891867.1753323,-2.0,-5.0,-74.0
1777891867.1853323,-4.0,-1.0,-73.0
1777891867.1963325,-3.0,0.0,-68.0
1777891867.2053325,4.0,-1.0,-69.0
1777891867.2153325,5.0,-1.0,-72.0
1777891867.2253325,5.0,-4.0,-82.0
1777891867.2363324,1.0,-7.0,-80.0
1777891867.2463324,2.0,-10.0,-75.0
1777891867.2563324,0.0,-9.0,-71.0
1777891867.2653325,-1.0,-4.0,-77.0
1777891867.2763324,-1.0,-1.0,-76.0
1777891867.2863324,2.0,-3.0,-77.0
1777891867.2963324,3.0,-4.0,-74.0
1777891867.3063323,7.0,-3.0,-83.0
1777891867.3163323,0.0,-3.0,-81.0
1777891867.3263323,1.0,-3.0,-82.0
1777891867.3363323,2.0,-2.0,-85.0
1777891867.3463323,3.0,-1.0,-78.0
1777891867.3563323,0.0,-1.0,-77.0
1777891867.3663323,0.0,-5.0,-71.0
1777891867.3763323,-1.0,-6.0,-70.0
1777891867.3863325,1.0,-5.0,-70.0
1777891867.3963325,3.0,-4.0,-73.0
1777891867.4063325,4.0,-2.0,-71.0
1777891867.4163325,4.0,-6.0,-67.0
1777891867.4263325,2.0,-3.0,-67.0
1777891867.4363325,6.0,-4.0,-67.0
1777891867.4463325,5.0,-6.0,-70.0
1777891867.4563324,0.0,-5.0,-72.0
1777891867.4663324,0.0,-1.0,-66.0
1777891867.4763324,-1.0,-1.0,-67.0
1777891867.4863324,-3.0,-3.0,-78.0
1777891867.4963324,0.0,0.0,-75.0
1777891867.5063324,3.0,1.0,-70.0
1777891867.5163324,2.0,5.0,-69.0
1777891867.5263324,8.0,3.0,-75.0
1777891867.5363324,8.0,0.0,-73.0
1777891867.5463324,8.0,-4.0,-76.0
1777891867.5563323,7.0,-3.0,-75.0
1777891867.5663323,6.0,0.0,-72.0
1777891867.5763323,2.0,0.0,-77.0
1777891867.5863323,0.0,-1.0,-74.0
1777891867.5963323,-1.0,0.0,-77.0
1777891867.6063323,0.0,0.0,-77.0
1777891867.6163323,0.0,0.0,-73.0
1777891867.6263323,-1.0,-2.0,-74.0
1777891867.6363325,-3.0,-5.0,-74.0
1777891867.6463325,0.0,-7.0,-71.0
1777891867.6563325,5.0,-5.0,-70.0
1777891867.6663325,7.0,-1.0,-71.0
1777891867.6763325,7.0,-3.0,-72.0
1777891867.6863325,3.0,-5.0,-74.0
1777891867.6963325,3.0,-1.0,-75.0
1777891867.7063324,1.0,0.0,-73.0
1777891867.7163324,2.0,-2.0,-81.0
1777891867.7263324,0.0,-2.0,-82.0
1777891867.7363324,0.0,-3.0,-81.0
1777891867.7463324,0.0,-5.0,-81.0
1777891867.7563324,2.0,-5.0,-79.0
1777891867.7663324,1.0,-10.0,-67.0
1777891867.7763324,4.0,-9.0,-60.0
1777891867.7863324,6.0,-7.0,-58.0
1777891867.7963324,2.0,-2.0,-59.0
1777891867.8063323,2.0,-2.0,-65.0
1777891867.8163323,4.0,0.0,-69.0
1777891867.8263323,2.0,5.0,-70.0
1777891867.8363323,0.0,6.0,-72.0
1777891867.8463323,1.0,3.0,-74.0
1777891867.8563323,-4.0,4.0,-73.0
1777891867.8663323,-6.0,1.0,-71.0
1777891867.8763323,-1.0,0.0,-77.0
1777891867.8863325,0.0,0.0,-79.0
1777891867.8963325,-1.0,0.0,-82.0
1777891867.9063325,-2.0,-2.0,-82.0
1777891867.9163325,0.0,-4.0,-78.0
1777891867.9263325,0.0,-5.0,-70.0
1777891867.9363325,-1.0,-2.0,-63.0
1777891867.9463325,-1.0,-3.0,-65.0
1777891867.9563324,-3.0,0.0,-66.0
1777891867.9663324,0.0,0.0,-65.0
1777891867.9763324,-1.0,0.0,-67.0
1777891867.9863324,0.0,0.0,-73.0
1777891867.9963324,3.0,0.0,-77.0
1777891868.0063324,7.0,0.0,-77.0
1777891868.0163324,8.0,0.0,-73.0
1777891868.0263324,8.0,0.0,-79.0
1777891868.0363324,5.0,1.0,-75.0
1777891868.0463324,4.0,1.0,-74.0
1777891868.0563323,0.0,4.0,-70.0
1777891868.0663323,3.0,4.0,-70.0
1777891868.0763323,2.0,7.0,-65.0
1777891868.0863323,0.0,5.0,-65.0
1777891868.0963323,1.0,2.0,-61.0
1777891868.1063323,2.0,3.0,-58.0
1777891868.1163323,3.0,3.0,-66.0
1777891868.1263323,1.0,0.0,-69.0
1777891868.1363325,0.0,3.0,-74.0
1777891868.1463325,-5.0,1.0,-80.0
1777891868.1563325,-5.0,-3.0,-78.0
1777891868.1663325,-4.0,-1.0,-83.0
1777891868.1763325,-7.0,0.0,-80.0
1777891868.1863325,-8.0,0.0,-81.0
1777891868.1963325,-6.0,-4.0,-81.0
1777891868.2063324,-2.0,-2.0,-76.0
1777891868.2163324,2.0,0.0,-75.0
1777891868.2263324,0.0,0.0,-73.0
1777891868.2363324,1.0,-1.0,-71.0
1777891868.2463324,5.0,-1.0,-75.0
1777891868.2563324,4.0,2.0,-82.0
1777891868.2663324,7.0,5.0,-86.0
1777891868.2763324,6.0,0.0,-78.0
1777891868.2863324,6.0,-3.0,-75.0
1777891868.2963324,0.0,-2.0,-72.0
1777891868.3063323,1.0,-1.0,-73.0
1777891868.3163323,1.0,-7.0,-73.0
1777891868.3263323,-3.0,-10.0,-72.0
1777891868.3363323,-1.0,-8.0,-71.0
1777891868.3463323,0.0,-9.0,-66.0
1777891868.3563323,0.0,-3.0,-70.0
1777891868.3663323,1.0,-2.0,-64.0
1777891868.3763323,2.0,0.0,-64.0
1777891868.3863325,-1.0,-4.0,-70.0
1777891868.3963325,1.0,-8.0,-70.0
1777891868.4063325,2.0,-6.0,-74.0
1777891868.4163325,5.0,-3.0,-74.0
1777891868.4263325,7.0,-5.0,-71.0
1777891868.4363325,3.0,-7.0,-69.0
1777891868.4463325,6.0,-2.0,-69.0
1777891868.4563324,7.0,-1.0,-72.0
1777891868.4663324,5.0,-2.0,-70.0
1777891868.4763324,4.0,-3.0,-67.0
1777891868.4863324,0.0,-5.0,-69.0
1777891868.4963324,-3.0,-5.0,-70.0
1777891868.5063324,-4.0,-4.0,-77.0
1777891868.5163324,-7.0,-3.0,-75.0
1777891868.5263324,-1.0,-1.0,-76.0
1777891868.5363324,-4.0,0.0,-78.0
1777891868.5463324,-7.0,-3.0,-84.0
1777891868.5563323,0.0,-2.0,-82.0
1777891868.5663323,1.0,-1.0,-75.0
1777891868.5763323,2.0,2.0,-72.0
1777891868.5863323,2.0,5.0,-71.0
1777891868.5963323,0.0,3.0,-75.0
1777891868.6063323,7.0,5.0,-72.0
1777891868.6163323,5.0,6.0,-65.0
1777891868.6263323,6.0,3.0,-62.0
1777891868.6363325,1.0,-1.0,-61.0
1777891868.6463325,4.0,0.0,-67.0
1777891868.6563325,4.0,3.0,-71.0
1777891868.6663325,5.0,3.0,-68.0
1777891868.6763325,-2.0,3.0,-71.0
1777891868.6863325,-2.0,5.0,-67.0
1777891868.6963325,-6.0,12.0,-73.0
1777891868.7063324,-1.0,12.0,-73.0
1777891868.7163324,-1.0,8.0,-67.0
1777891868.7263324,0.0,5.0,-74.0
1777891868.7363324,-4.0,5.0,-76.0
1777891868.7463324,-7.0,3.0,-79.0
1777891868.7563324,-8.0,1.0,-79.0
1777891868.7663324,-7.0,1.0,-78.0
1777891868.7763324,-6.0,0.0,-75.0
1777891868.7863324,-6.0,0.0,-71.0
1777891868.7963324,-4.0,4.0,-71.0
1777891868.8063323,-2.0,7.0,-71.0
1777891868.8163323,-3.0,8.0,-70.0
1777891868.8263323,-9.0,5.0,-69.0
1777891868.8363323,-7.0,0.0,-68.0
1777891868.8463323,-6.0,-2.0,-74.0
1777891868.8563323,-7.0,-4.0,-73.0
1777891868.8663323,-3.0,-6.0,-72.0
1777891868.8763323,-4.0,-1.0,-75.0
1777891868.8863325,-4.0,-3.0,-74.0
1777891868.8963325,-1.0,-2.0,-70.0
1777891868.9063325,0.0,-2.0,-64.0
1777891868.9163325,2.0,-2.0,-67.0
1777891868.9263325,7.0,0.0,-70.0
1777891868.9363325,7.0,3.0,-73.0
1777891868.9463325,4.0,-1.0,-76.0
1777891868.9563324,0.0,-6.0,-79.0
1777891868.9663324,-2.0,-4.0,-71.0
1777891868.9763324,0.0,-1.0,-71.0
1777891868.9863324,-1.0,0.0,-68.0
1777891868.9963324,-3.0,-1.0,-77.0
1777891869.0063324,1.0,1.0,-74.0
1777891869.0163324,0.0,2.0,-72.0
1777891869.0263324,-1.0,2.0,-74.0
1777891869.0363324,2.0,0.0,-71.0
1777891869.0463324,4.0,4.0,-69.0
1777891869.0563323,6.0,3.0,-63.0
1777891869.0663323,4.0,0.0,-65.0
1777891869.0763323,3.0,0.0,-69.0
1777891869.0863323,1.0,0.0,-66.0
1777891869.0963323,0.0,-1.0,-62.0
1777891869.1063323,-5.0,-8.0,-67.0
1777891869.1163323,-3.0,-6.0,-71.0
1777891869.1263323,-3.0,-8.0,-70.0
1777891869.1363325,-4.0,-12.0,-68.0
1777891869.1463325,0.0,-10.0,-63.0
1777891869.1563325,2.0,-8.0,-64.0
1777891869.1663325,3.0,-6.0,-59.0
1777891869.1763325,4.0,-7.0,-63.0
1777891869.1863325,4.0,-3.0,-58.0
1777891869.1973324,1.0,-1.0,-63.0
1777891869.2063324,4.0,0.0,-65.0
1777891869.2173324,5.0,1.0,-66.0
1777891869.2263324,6.0,0.0,-70.0
1777891869.2373323,4.0,0.0,-65.0
1777891869.2473323,2.0,-3.0,-59.0
1777891869.2573323,3.0,0.0,-50.0
1777891869.2673323,3.0,-1.0,-53.0
1777891869.2773323,0.0,0.0,-52.0
1777891869.2873323,-4.0,1.0,-59.0
1777891869.2973323,-3.0,3.0,-57.0
1777891869.3073325,-1.0,1.0,-59.0
1777891869.3173325,-2.0,0.0,-60.0
1777891869.3273325,0.0,2.0,-62.0
1777891869.3373325,1.0,4.0,-64.0
1777891869.3473325,2.0,2.0,-63.0
1777891869.3573325,4.0,3.0,-68.0
1777891869.3673325,0.0,1.0,-74.0
1777891869.3773324,-3.0,2.0,-77.0
1777891869.3873324,-2.0,0.0,-74.0
1777891869.3973324,-2.0,-2.0,-76.0
1777891869.4073324,0.0,-1.0,-78.0
1777891869.4173324,-3.0,-1.0,-78.0
1777891869.4273324,-3.0,0.0,-74.0
1777891869.4373324,0.0,0.0,-72.0
1777891869.4473324,-2.0,3.0,-72.0
1777891869.4573324,-3.0,4.0,-65.0
1777891869.4673324,2.0,3.0,-67.0
1777891869.4773324,0.0,5.0,-75.0
1777891869.4873323,1.0,2.0,-73.0
1777891869.4973323,4.0,2.0,-71.0
1777891869.5073323,7.0,0.0,-66.0
1777891869.5173323,7.0,-3.0,-66.0
1777891869.5273323,0.0,-2.0,-65.0
1777891869.5373323,-2.0,-7.0,-62.0
1777891869.5473323,-2.0,-7.0,-63.0
1777891869.5573325,1.0,-3.0,-72.0
1777891869.5673325,4.0,-2.0,-79.0
1777891869.5773325,2.0,2.0,-72.0
1777891869.5873325,0.0,0.0,-74.0
1777891869.5973325,2.0,1.0,-78.0
1777891869.6073325,4.0,0.0,-94.0
1777891869.6173325,6.0,0.0,-86.0
1777891869.6273324,4.0,0.0,-88.0
1777891869.6373324,5.0,0.0,-79.0
1777891869.6473324,6.0,-5.0,-77.0
1777891869.6573324,5.0,-6.0,-70.0
1777891869.6673324,2.0,-2.0,-72.0
1777891869.6773324,1.0,0.0,-70.0
1777891869.6873324,1.0,-1.0,-71.0
1777891869.6973324,-1.0,-3.0,-69.0
1777891869.7073324,-2.0,-4.0,-72.0
1777891869.7173324,1.0,-7.0,-64.0
1777891869.7273324,0.0,-5.0,-63.0
1777891869.7373323,-1.0,-3.0,-66.0
1777891869.7473323,0.0,-1.0,-64.0
1777891869.7573323,5.0,4.0,-70.0
1777891869.7673323,8.0,4.0,-71.0
1777891869.7773323,6.0,0.0,-73.0
1777891869.7873323,3.0,1.0,-72.0
1777891869.7973323,-1.0,0.0,-76.0
1777891869.8073325,-1.0,-2.0,-84.0
1777891869.8173325,-3.0,-2.0,-81.0
1777891869.8273325,0.0,-1.0,-76.0
1777891869.8373325,0.0,-1.0,-81.0
1777891869.8473325,5.0,-4.0,-84.0
1777891869.8573325,9.0,-3.0,-80.0
1777891869.8673325,5.0,1.0,-84.0
1777891869.8773324,5.0,3.0,-79.0
1777891869.8873324,3.0,1.0,-74.0
1777891869.8973324,3.0,2.0,-78.0
1777891869.9073324,5.0,2.0,-80.0
1777891869.9173324,1.0,-6.0,-76.0
1777891869.9273324,0.0,-9.0,-70.0
1777891869.9373324,-2.0,-5.0,-67.0
1777891869.9473324,0.0,-4.0,-62.0
1777891869.9573324,1.0,-1.0,-63.0
1777891869.9673324,2.0,2.0,-63.0
1777891869.9773324,0.0,1.0,-67.0
1777891869.9873323,3.0,0.0,-70.0
1777891869.9973323,1.0,-4.0,-75.0
1777891870.0073323,0.0,-6.0,-74.0
1777891870.0173323,-2.0,-5.0,-70.0
1777891870.0273323,-1.0,-3.0,-67.0
1777891870.0373323,-4.0,-1.0,-73.0
1777891870.0473323,-5.0,0.0,-77.0
1777891870.0573325,2.0,-1.0,-77.0
1777891870.0673325,1.0,-1.0,-72.0
1777891870.0773325,5.0,-8.0,-70.0
1777891870.0873325,4.0,-7.0,-72.0
1777891870.0973325,5.0,-3.0,-70.0
1777891870.1073325,7.0,-3.0,-72.0
1777891870.1173325,2.0,-1.0,-69.0
1777891870.1273324,0.0,-2.0,-67.0
1777891870.1373324,-2.0,-3.0,-67.0
1777891870.1473324,-3.0,-2.0,-70.0
1777891870.1573324,-2.0,0.0,-75.0
1777891870.1673324,-1.0,-1.0,-73.0
1777891870.1773324,-2.0,-5.0,-67.0
1777891870.1873324,-6.0,-2.0,-72.0
1777891870.1973324,-6.0,-3.0,-70.0
1777891870.2073324,-8.0,-3.0,-78.0
1777891870.2173324,-4.0,-1.0,-81.0
1777891870.2273324,-5.0,0.0,-85.0
1777891870.2373323,-1.0,-1.0,-83.0
1777891870.2473323,0.0,0.0,-79.0
1777891870.2573323,-3.0,0.0,-77.0
1777891870.2673323,-3.0,1.0,-76.0
1777891870.2773323,-2.0,1.0,-67.0
1777891870.2873323,-4.0,1.0,-68.0
1777891870.2973323,-4.0,1.0,-68.0
1777891870.3073325,-5.0,-4.0,-74.0
1777891870.3173325,-2.0,-3.0,-73.0
1777891870.3273325,1.0,-7.0,-80.0
1777891870.3373325,0.0,-6.0,-79.0
1777891870.3473325,2.0,-2.0,-80.0
1777891870.3573325,-1.0,-1.0,-77.0
1777891870.3673325,0.0,2.0,-78.0
1777891870.3773324,0.0,0.0,-73.0
1777891870.3873324,3.0,-2.0,-73.0
1777891870.3973324,-1.0,-1.0,-74.0
1777891870.4073324,-3.0,-2.0,-70.0
1777891870.4173324,-3.0,-3.0,-65.0
1777891870.4273324,-3.0,0.0,-65.0
1777891870.4373324,-3.0,0.0,-63.0
1777891870.4473324,-2.0,0.0,-59.0
1777891870.4573324,0.0,0.0,-60.0
1777891870.4673324,-5.0,0.0,-62.0
1777891870.4773324,-4.0,-1.0,-72.0
1777891870.4873323,-5.0,0.0,-74.0
1777891870.4973323,-4.0,3.0,-69.0
1777891870.5073323,-3.0,2.0,-67.0
1777891870.5173323,0.0,0.0,-65.0
1777891870.5273323,2.0,0.0,-67.0
1777891870.5373323,0.0,5.0,-69.0
1777891870.5473323,-1.0,4.0,-72.0
1777891870.5573325,-3.0,0.0,-72.0
1777891870.5673325,-3.0,-1.0,-67.0
1777891870.5773325,0.0,-5.0,-65.0
1777891870.5873325,3.0,-9.0,-65.0
1777891870.5973325,7.0,-4.0,-67.0
1777891870.6073325,4.0,-4.0,-71.0
1777891870.6173325,3.0,-5.0,-67.0
1777891870.6273324,0.0,-4.0,-69.0
1777891870.6373324,-2.0,-2.0,-70.0
1777891870.6473324,0.0,0.0,-76.0
1777891870.6573324,1.0,1.0,-75.0
1777891870.6673324,-4.0,0.0,-76.0
1777891870.6773324,-7.0,5.0,-79.0
1777891870.6873324,-2.0,0.0,-80.0
1777891870.6973324,0.0,0.0,-82.0
1777891870.7073324,-2.0,0.0,-76.0
1777891870.7173324,-6.0,2.0,-81.0
1777891870.7273324,-6.0,1.0,-78.0
1777891870.7373323,-8.0,0.0,-73.0
1777891870.7473323,-8.0,0.0,-69.0
1777891870.7573323,-6.0,-5.0,-71.0
1777891870.7673323,-5.0,0.0,-71.0
1777891870.7773323,-4.0,1.0,-77.0
1777891870.7873323,1.0,1.0,-78.0
1777891870.7973323,4.0,2.0,-77.0
1777891870.8073325,6.0,-1.0,-74.0
1777891870.8173325,7.0,-2.0,-76.0
1777891870.8273325,10.0,-1.0,-72.0
1777891870.8373325,9.0,0.0,-66.0
1777891870.8473325,3.0,0.0,-64.0
1777891870.8573325,2.0,-2.0,-72.0
1777891870.8673325,3.0,-2.0,-69.0
1777891870.8773324,7.0,-4.0,-68.0
1777891870.8873324,7.0,-1.0,-68.0
1777891870.8973324,6.0,0.0,-67.0
1777891870.9073324,5.0,0.0,-77.0
1777891870.9173324,2.0,4.0,-76.0
1777891870.9273324,0.0,5.0,-72.0
1777891870.9373324,-1.0,0.0,-74.0
1777891870.9473324,-2.0,-2.0,-76.0
1777891870.9573324,-2.0,-3.0,-83.0
1777891870.9673324,-2.0,0.0,-80.0
1777891870.9773324,0.0,1.0,-84.0
1777891870.9873323,6.0,1.0,-78.0
1777891870.9973323,7.0,0.0,-83.0
1777891871.0073323,8.0,-1.0,-79.0
1777891871.0173323,7.0,-3.0,-76.0
1777891871.0273323,3.0,-7.0,-77.0
1777891871.0373323,5.0,-3.0,-71.0
1777891871.0473323,1.0,-8.0,-70.0
1777891871.0573325,-3.0,-7.0,-76.0
1777891871.0673325,-2.0,-5.0,-77.0
1777891871.0773325,-1.0,-4.0,-77.0
1777891871.0873325,1.0,-1.0,-77.0
1777891871.0973325,0.0,0.0,-84.0
1777891871.1073325,1.0,3.0,-80.0
1777891871.1173325,1.0,0.0,-84.0
1777891871.1273324,0.0,-4.0,-78.0
1777891871.1373324,1.0,-3.0,-72.0
1777891871.1473324,3.0,0.0,-71.0
1777891871.1573324,2.0,2.0,-69.0
1777891871.1673324,3.0,2.0,-64.0
1777891871.1773324,3.0,3.0,-66.0
1777891871.1883323,3.0,0.0,-72.0
1777891871.1973324,4.0,0.0,-65.0
1777891871.2083323,9.0,-1.0,-62.0
1777891871.2183323,12.0,-2.0,-70.0
1777891871.2273324,15.0,0.0,-72.0
1777891871.2383325,8.0,0.0,-77.0
1777891871.2483325,7.0,0.0,-75.0
1777891871.2583325,2.0,0.0,-78.0
1777891871.2673323,-1.0,0.0,-78.0
1777891871.2783325,-1.0,-1.0,-72.0
1777891871.2883325,0.0,-5.0,-68.0
1777891871.2983325,3.0,-6.0,-70.0
1777891871.3083324,0.0,-5.0,-71.0
1777891871.3183324,-1.0,-7.0,-73.0
1777891871.3283324,3.0,-12.0,-76.0
1777891871.3383324,0.0,-10.0,-77.0
1777891871.3483324,-2.0,-7.0,-77.0
1777891871.3583324,-1.0,-3.0,-73.0
1777891871.3683324,-2.0,0.0,-70.0
1777891871.3783324,0.0,-2.0,-70.0
1777891871.3883324,-1.0,-5.0,-71.0
1777891871.3983324,1.0,-9.0,-71.0
1777891871.4083323,3.0,-6.0,-74.0
1777891871.4183323,3.0,-6.0,-78.0
1777891871.4283323,4.0,-5.0,-73.0
1777891871.4383323,8.0,-2.0,-73.0
1777891871.4483323,8.0,1.0,-72.0
1777891871.4583323,11.0,0.0,-70.0
1777891871.4683323,13.0,-2.0,-78.0
1777891871.4783323,6.0,-6.0,-79.0
1777891871.4883325,5.0,-4.0,-83.0
1777891871.4983325,3.0,0.0,-76.0
1777891871.5083325,1.0,0.0,-75.0
1777891871.5183325,3.0,-5.0,-77.0
1777891871.5283325,4.0,-7.0,-78.0
1777891871.5383325,-1.0,-4.0,-79.0
1777891871.5483325,-3.0,-3.0,-75.0
1777891871.5583324,-1.0,-4.0,-74.0
1777891871.5683324,0.0,-1.0,-72.0
1777891871.5783324,8.0,0.0,-63.0
1777891871.5883324,5.0,-2.0,-67.0
1777891871.5983324,5.0,-6.0,-67.0
1777891871.6083324,0.0,-4.0,-61.0
1777891871.6183324,-2.0,-3.0,-71.0
1777891871.6283324,-2.0,0.0,-73.0
1777891871.6383324,-2.0,0.0,-72.0
1777891871.6483324,2.0,-1.0,-70.0
1777891871.6583323,3.0,-1.0,-67.0
1777891871.6683323,4.0,1.0,-74.0
1777891871.6783323,4.0,1.0,-77.0
1777891871.6883323,6.0,-1.0,-77.0
1777891871.6983323,2.0,-4.0,-77.0
1777891871.7083323,8.0,-2.0,-70.0
1777891871.7183323,9.0,-4.0,-71.0
1777891871.7283323,6.0,-3.0,-74.0
1777891871.7383325,7.0,0.0,-71.0
1777891871.7483325,5.0,1.0,-68.0
1777891871.7583325,7.0,4.0,-72.0
1777891871.7683325,5.0,1.0,-72.0
1777891871.7783325,2.0,-5.0,-70.0
1777891871.7883325,0.0,-6.0,-74.0
1777891871.7983325,-6.0,-6.0,-70.0
1777891871.8083324,-4.0,-7.0,-72.0
1777891871.8183324,-3.0,-4.0,-77.0
1777891871.8283324,1.0,-4.0,-76.0
1777891871.8383324,6.0,-3.0,-69.0
1777891871.8483324,7.0,0.0,-73.0
1777891871.8583324,9.0,0.0,-78.0
1777891871.8683324,8.0,0.0,-79.0
1777891871.8783324,7.0,-1.0,-84.0
1777891871.8883324,5.0,0.0,-85.0
1777891871.8983324,2.0,-3.0,-77.0
1777891871.9083323,1.0,-1.0,-79.0
1777891871.9183323,0.0,0.0,-77.0
1777891871.9283323,0.0,3.0,-79.0
1777891871.9383323,0.0,3.0,-75.0
1777891871.9483323,0.0,2.0,-74.0
1777891871.9583323,3.0,2.0,-73.0
1777891871.9683323,0.0,3.0,-69.0
1777891871.9783323,-2.0,2.0,-76.0
1777891871.9883325,-6.0,0.0,-74.0
1777891871.9983325,-7.0,0.0,-70.0
1777891872.0083325,-10.0,-1.0,-73.0
1777891872.0183325,-7.0,0.0,-72.0
1777891872.0283325,-6.0,4.0,-74.0
1777891872.0383325,-5.0,1.0,-74.0
1777891872.0483325,-8.0,-1.0,-74.0
1777891872.0583324,-4.0,2.0,-73.0
1777891872.0683324,-5.0,4.0,-68.0
1777891872.0783324,-5.0,1.0,-70.0
1777891872.0883324,-2.0,3.0,-74.0
1777891872.0983324,0.0,2.0,-74.0
1777891872.1083324,3.0,1.0,-81.0
1777891872.1183324,4.0,0.0,-81.0
1777891872.1283324,8.0,-5.0,-79.0
1777891872.1383324,8.0,-7.0,-77.0
1777891872.1483324,4.0,-6.0,-74.0
1777891872.1583323,3.0,-5.0,-76.0
1777891872.1683323,2.0,0.0,-80.0
1777891872.1783323,1.0,-6.0,-74.0
1777891872.1883323,-2.0,-8.0,-69.0
1777891872.1983323,-4.0,-9.0,-76.0
1777891872.2083323,-4.0,-3.0,-80.0
1777891872.2183323,-5.0,-4.0,-76.0
1777891872.2283323,0.0,-6.0,-75.0
1777891872.2383325,5.0,-7.0,-70.0
1777891872.2483325,4.0,-7.0,-68.0
1777891872.2583325,2.0,-6.0,-74.0
1777891872.2683325,3.0,-1.0,-71.0
1777891872.2783325,3.0,3.0,-76.0
1777891872.2883325,3.0,3.0,-70.0
1777891872.2983325,5.0,2.0,-66.0
1777891872.3083324,9.0,0.0,-74.0
1777891872.3183324,4.0,-1.0,-67.0
1777891872.3283324,6.0,-3.0,-72.0
1777891872.3383324,4.0,-6.0,-76.0
1777891872.3483324,6.0,-4.0,-76.0
1777891872.3583324,2.0,-1.0,-75.0
1777891872.3683324,2.0,-2.0,-79.0
1777891872.3783324,0.0,0.0,-81.0
1777891872.3883324,0.0,1.0,-81.0
1777891872.3983324,1.0,0.0,-74.0
1777891872.4083323,2.0,1.0,-77.0
1777891872.4183323,3.0,4.0,-80.0
1777891872.4283323,5.0,-3.0,-76.0
1777891872.4383323,6.0,-3.0,-70.0
1777891872.4483323,9.0,-1.0,-71.0
1777891872.4583323,4.0,-2.0,-68.0
1777891872.4683323,6.0,0.0,-67.0
1777891872.4783323,-2.0,0.0,-69.0
1777891872.4883325,-6.0,0.0,-67.0
1777891872.4983325,-3.0,0.0,-65.0
1777891872.5083325,1.0,0.0,-60.0
1777891872.5183325,4.0,1.0,-61.0
1777891872.5283325,4.0,4.0,-69.0
1777891872.5383325,7.0,4.0,-71.0
1777891872.5493324,4.0,0.0,-71.0
1777891872.5583324,2.0,0.0,-67.0
1777891872.5683324,3.0,1.0,-68.0
1777891872.5783324,6.0,2.0,-66.0
1777891872.5883324,8.0,0.0,-75.0
1777891872.5983324,6.0,0.0,-81.0
1777891872.6083324,3.0,1.0,-81.0
1777891872.6183324,4.0,-2.0,-79.0
1777891872.6283324,6.0,-5.0,-78.0
1777891872.6383324,8.0,-3.0,-81.0
1777891872.6483324,8.0,-4.0,-82.0
1777891872.6583323,6.0,0.0,-70.0
1777891872.6683323,11.0,0.0,-67.0
1777891872.6783323,11.0,0.0,-70.0
1777891872.6883323,11.0,-2.0,-66.0
1777891872.6983323,7.0,-1.0,-68.0
1777891872.7083323,8.0,-3.0,-69.0
1777891872.7183323,4.0,-1.0,-62.0
1777891872.7283323,5.0,-1.0,-63.0
1777891872.7383325,6.0,-3.0,-65.0
1777891872.7483325,2.0,-2.0,-69.0
1777891872.7583325,3.0,-1.0,-74.0
1777891872.7683325,-1.0,1.0,-71.0
1777891872.7783325,-1.0,1.0,-76.0
1777891872.7883325,-2.0,1.0,-76.0
1777891872.7983325,-1.0,-1.0,-65.0
1777891872.8083324,0.0,0.0,-63.0
1777891872.8183324,0.0,-3.0,-67.0
1777891872.8283324,0.0,-1.0,-66.0
1777891872.8383324,2.0,1.0,-69.0
1777891872.8483324,1.0,3.0,-64.0
1777891872.8583324,0.0,3.0,-70.0
1777891872.8683324,0.0,0.0,-67.0
1777891872.8783324,-1.0,0.0,-68.0
1777891872.8883324,2.0,-7.0,-71.0
1777891872.8983324,8.0,-9.0,-73.0
1777891872.9083323,4.0,-3.0,-74.0
1777891872.9183323,4.0,-1.0,-72.0
1777891872.9283323,2.0,-1.0,-74.0
1777891872.9383323,2.0,0.0,-67.0
1777891872.9483323,0.0,0.0,-69.0
1777891872.9583323,4.0,0.0,-76.0
1777891872.9683323,3.0,0.0,-79.0
1777891872.9783323,3.0,0.0,-79.0
1777891872.9883325,2.0,1.0,-75.0
1777891872.9983325,6.0,0.0,-78.0
1777891873.0083325,4.0,0.0,-76.0
1777891873.0183325,3.0,-2.0,-73.0
1777891873.0283325,0.0,-3.0,-74.0
1777891873.0383325,-6.0,-1.0,-71.0
1777891873.0483325,-8.0,-2.0,-68.0
1777891873.0583324,-7.0,-2.0,-67.0
1777891873.0683324,-10.0,-2.0,-75.0
1777891873.0783324,-10.0,-3.0,-72.0
1777891873.0883324,-5.0,-4.0,-78.0
1777891873.0983324,-5.0,0.0,-77.0
1777891873.1083324,-5.0,-5.0,-78.0
1777891873.1183324,-8.0,-11.0,-78.0
1777891873.1283324,-13.0,-9.0,-80.0
1777891873.1383324,-7.0,-8.0,-79.0
1777891873.1483324,-1.0,-8.0,-80.0
1777891873.1593325,1.0,-3.0,-79.0
1777891873.1683323,1.0,0.0,-80.0
1777891873.1783323,0.0,-2.0,-74.0
1777891873.1893325,3.0,-2.0,-68.0
1777891873.1993325,6.0,-1.0,-69.0
1777891873.2093325,6.0,2.0,-74.0
1777891873.2193325,5.0,4.0,-75.0
1777891873.2293324,4.0,1.0,-70.0
1777891873.2393324,4.0,0.0,-68.0
1777891873.2493324,6.0,-1.0,-67.0
1777891873.2593324,3.0,0.0,-65.0
1777891873.2693324,4.0,0.0,-72.0
1777891873.2793324,5.0,-2.0,-70.0
1777891873.2893324,7.0,0.0,-69.0
1777891873.2993324,5.0,0.0,-76.0
1777891873.3093324,3.0,2.0,-73.0
1777891873.3193324,4.0,0.0,-64.0
1777891873.3293324,4.0,-1.0,-64.0
1777891873.3393323,0.0,-1.0,-70.0
1777891873.3493323,-1.0,0.0,-78.0
1777891873.3593323,1.0,-1.0,-78.0
1777891873.3693323,6.0,-1.0,-77.0
1777891873.3793323,11.0,-2.0,-74.0
1777891873.3893323,11.0,-2.0,-69.0
1777891873.3993323,8.0,0.0,-68.0
1777891873.4093325,7.0,1.0,-63.0
1777891873.4193325,5.0,1.0,-66.0
1777891873.4293325,5.0,0.0,-63.0
1777891873.4393325,2.0,-1.0,-74.0
1777891873.4493325,1.0,-3.0,-72.0
1777891873.4593325,1.0,-4.0,-73.0
1777891873.4693325,5.0,-3.0,-71.0
1777891873.4793324,3.0,0.0,-70.0
1777891873.4893324,3.0,0.0,-70.0
1777891873.4993324,0.0,-2.0,-70.0
1777891873.5093324,-1.0,-2.0,-72.0
1777891873.5193324,4.0,-3.0,-69.0
1777891873.5293324,2.0,-3.0,-66.0
1777891873.5393324,3.0,-7.0,-66.0
1777891873.5493324,0.0,-11.0,-66.0
1777891873.5593324,4.0,-10.0,-66.0
1777891873.5693324,1.0,-5.0,-73.0
1777891873.5793324,0.0,-1.0,-73.0
1777891873.5893323,0.0,-4.0,-71.0
1777891873.5993323,2.0,-3.0,-72.0
1777891873.6093323,3.0,-3.0,-74.0
1777891873.6193323,1.0,-4.0,-74.0
1777891873.6293323,1.0,-6.0,-73.0
1777891873.6393323,5.0,-3.0,-67.0
1777891873.6493323,2.0,0.0,-64.0
1777891873.6593325,0.0,0.0,-67.0
1777891873.6693325,-2.0,-1.0,-70.0
1777891873.6793325,-2.0,-1.0,-66.0
1777891873.6893325,-5.0,0.0,-65.0
1777891873.6993325,-5.0,2.0,-72.0
1777891873.7093325,-2.0,6.0,-71.0
1777891873.7193325,0.0,4.0,-72.0
1777891873.7293324,0.0,6.0,-72.0
1777891873.7393324,5.0,3.0,-72.0
1777891873.7493324,6.0,7.0,-70.0
1777891873.7593324,2.0,9.0,-66.0
1777891873.7693324,6.0,5.0,-62.0
1777891873.7793324,6.0,3.0,-63.0
1777891873.7893324,6.0,-1.0,-66.0
1777891873.7993324,8.0,0.0,-69.0
1777891873.8093324,5.0,-4.0,-64.0
1777891873.8193324,-5.0,-1.0,-66.0
1777891873.8293324,-3.0,-4.0,-68.0
1777891873.8393323,-2.0,-1.0,-67.0
1777891873.8493323,-1.0,-3.0,-67.0
1777891873.8593323,0.0,-4.0,-69.0
1777891873.8693323,-1.0,-5.0,-75.0
1777891873.8793323,0.0,-4.0,-79.0
1777891873.8893323,0.0,1.0,-80.0
1777891873.8993323,-5.0,1.0,-79.0
1777891873.9093325,0.0,4.0,-87.0
1777891873.9193325,-1.0,4.0,-87.0
1777891873.9293325,-1.0,2.0,-77.0
1777891873.9393325,1.0,1.0,-73.0
1777891873.9493325,-2.0,3.0,-77.0
1777891873.9593325,-3.0,6.0,-77.0
1777891873.9693325,-1.0,8.0,-69.0
1777891873.9793324,0.0,5.0,-67.0
1777891873.9893324,0.0,8.0,-63.0
1777891873.9993324,4.0,6.0,-69.0
1777891874.0093324,2.0,5.0,-77.0
1777891874.0193324,2.0,3.0,-78.0
1777891874.0293324,2.0,0.0,-83.0
1777891874.0393324,4.0,-2.0,-83.0
1777891874.0493324,0.0,-4.0,-80.0
1777891874.0593324,-2.0,-7.0,-82.0
1777891874.0693324,-3.0,-5.0,-74.0
1777891874.0793324,-3.0,-5.0,-82.0
1777891874.0893323,-4.0,-5.0,-73.0
1777891874.0993323,0.0,-5.0,-78.0
1777891874.1093323,2.0,-10.0,-71.0
1777891874.1193323,6.0,-14.0,-69.0
1777891874.1293323,2.0,-13.0,-73.0
1777891874.1393323,0.0,-11.0,-82.0
1777891874.1493323,-1.0,-10.0,-71.0
1777891874.1593325,1.0,-5.0,-70.0
1777891874.1693325,2.0,-11.0,-66.0
1777891874.1793325,6.0,-10.0,-63.0
1777891874.1893325,6.0,-4.0,-67.0
1777891874.1993325,6.0,0.0,-65.0
1777891874.2093325,3.0,0.0,-70.0
1777891874.2193325,4.0,-2.0,-67.0
1777891874.2293324,0.0,0.0,-65.0
1777891874.2393324,0.0,4.0,-68.0
1777891874.2493324,-5.0,4.0,-78.0
1777891874.2593324,-7.0,5.0,-78.0
1777891874.2693324,-2.0,5.0,-74.0
1777891874.2793324,-4.0,4.0,-75.0
1777891874.2893324,-1.0,2.0,-76.0
1777891874.2993324,2.0,0.0,-71.0
1777891874.3093324,1.0,-1.0,-68.0
1777891874.3193324,1.0,0.0,-72.0
1777891874.3293324,0.0,0.0,-77.0
1777891874.3393323,3.0,-5.0,-76.0
1777891874.3493323,4.0,-4.0,-76.0
1777891874.3593323,10.0,-5.0,-74.0
1777891874.3693323,11.0,-4.0,-72.0
1777891874.3793323,2.0,-7.0,-74.0
1777891874.3893323,0.0,-6.0,-82.0
1777891874.3993323,1.0,-1.0,-80.0
1777891874.4093325,0.0,-2.0,-78.0
1777891874.4193325,-1.0,-1.0,-74.0
1777891874.4293325,-2.0,0.0,-69.0
1777891874.4393325,-3.0,0.0,-71.0
1777891874.4493325,-4.0,4.0,-68.0
1777891874.4593325,-1.0,1.0,-68.0
1777891874.4693325,1.0,-3.0,-71.0
1777891874.4793324,1.0,-2.0,-76.0
1777891874.4893324,1.0,1.0,-76.0
1777891874.4993324,1.0,3.0,-72.0
1777891874.5093324,-4.0,1.0,-82.0
1777891874.5193324,-3.0,0.0,-76.0
1777891874.5293324,-3.0,0.0,-73.0
1777891874.5393324,2.0,0.0,-76.0
1777891874.5493324,1.0,4.0,-84.0
1777891874.5593324,1.0,2.0,-84.0
1777891874.5693324,0.0,1.0,-76.0
1777891874.5793324,1.0,1.0,-77.0
1777891874.5893323,-1.0,4.0,-75.0
1777891874.5993323,-4.0,6.0,-79.0
1777891874.6093323,-2.0,2.0,-79.0
1777891874.6193323,-2.0,0.0,-80.0
1777891874.6293323,0.0,0.0,-85.0
1777891874.6393323,1.0,1.0,-77.0
1777891874.6493323,3.0,2.0,-73.0
1777891874.6593325,2.0,-1.0,-72.0
1777891874.6693325,0.0,-3.0,-76.0
1777891874.6793325,2.0,-4.0,-72.0
1777891874.6893325,6.0,-4.0,-69.0
1777891874.6993325,6.0,-1.0,-67.0
1777891874.7093325,5.0,-2.0,-64.0
1777891874.7193325,3.0,-2.0,-65.0
1777891874.7293324,3.0,0.0,-69.0
1777891874.7393324,0.0,1.0,-72.0
1777891874.7493324,5.0,-2.0,-76.0
1777891874.7593324,3.0,-5.0,-75.0
1777891874.7693324,0.0,-4.0,-72.0
1777891874.7793324,-1.0,0.0,-78.0
1777891874.7893324,6.0,0.0,-71.0
1777891874.7993324,8.0,2.0,-69.0
1777891874.8093324,6.0,0.0,-70.0
1777891874.8193324,8.0,1.0,-68.0
1777891874.8293324,8.0,0.0,-66.0
1777891874.8393323,5.0,2.0,-72.0
1777891874.8493323,6.0,2.0,-75.0
1777891874.8593323,9.0,1.0,-75.0
1777891874.8693323,14.0,1.0,-73.0
1777891874.8793323,9.0,0.0,-75.0
1777891874.8893323,8.0,-2.0,-71.0
1777891874.8993323,10.0,-1.0,-69.0
1777891874.9093325,4.0,3.0,-72.0
1777891874.9193325,4.0,2.0,-77.0
1777891874.9293325,9.0,1.0,-78.0
1777891874.9393325,6.0,0.0,-70.0
1777891874.9493325,2.0,1.0,-81.0
1777891874.9593325,2.0,1.0,-76.0
1777891874.9693325,-1.0,0.0,-71.0
1777891874.9793324,0.0,3.0,-70.0
1777891874.9893324,-6.0,4.0,-76.0
1777891874.9993324,-4.0,4.0,-76.0
1777891875.0093324,-6.0,5.0,-72.0
1777891875.0193324,-3.0,1.0,-70.0
1777891875.0293324,0.0,0.0,-70.0
1777891875.0393324,2.0,-3.0,-69.0
1777891875.0493324,3.0,-1.0,-70.0
1777891875.0593324,2.0,0.0,-71.0
1777891875.0693324,3.0,-4.0,-64.0
1777891875.0793324,2.0,-5.0,-68.0
1777891875.0893323,3.0,-6.0,-73.0
1777891875.0993323,1.0,-7.0,-75.0
1777891875.1093323,0.0,-3.0,-73.0
1777891875.1193323,0.0,-4.0,-78.0
1777891875.1293323,0.0,-3.0,-80.0
1777891875.1393323,1.0,-2.0,-79.0
1777891875.1493323,4.0,1.0,-75.0
1777891875.1593325,9.0,-3.0,-70.0
1777891875.1693325,9.0,-5.0,-70.0
1777891875.1793325,9.0,-5.0,-70.0
1777891875.1903324,3.0,-4.0,-73.0
1777891875.2003324,1.0,-1.0,-77.0
1777891875.2103324,0.0,-3.0,-75.0
1777891875.2203324,-5.0,0.0,-70.0
1777891875.2303324,-2.0,-3.0,-71.0
1777891875.2403324,0.0,0.0,-68.0
1777891875.2503324,-2.0,-2.0,-67.0
1777891875.2603323,-1.0,2.0,-67.0
1777891875.2703323,0.0,-4.0,-81.0
1777891875.2803323,2.0,-1.0,-79.0
1777891875.2903323,3.0,4.0,-83.0
1777891875.3003323,3.0,1.0,-80.0
1777891875.3103323,5.0,0.0,-82.0
1777891875.3203323,5.0,1.0,-78.0
1777891875.3303325,2.0,2.0,-80.0
1777891875.3403325,5.0,0.0,-79.0
1777891875.3503325,4.0,0.0,-78.0
1777891875.3603325,2.0,0.0,-71.0
1777891875.3703325,4.0,-4.0,-69.0
1777891875.3803325,3.0,-4.0,-66.0
1777891875.3903325,0.0,-3.0,-63.0
1777891875.4003325,5.0,-5.0,-60.0
1777891875.4103324,3.0,-3.0,-64.0
1777891875.4203324,3.0,1.0,-68.0
1777891875.4303324,0.0,3.0,-68.0
1777891875.4403324,-3.0,2.0,-63.0
1777891875.4503324,-1.0,1.0,-66.0
1777891875.4603324,3.0,1.0,-69.0
1777891875.4703324,-1.0,-2.0,-68.0
1777891875.4803324,-3.0,-2.0,-65.0
1777891875.4903324,4.0,-4.0,-64.0
1777891875.5003324,6.0,-8.0,-62.0
1777891875.5103323,8.0,-6.0,-55.0
1777891875.5203323,7.0,-5.0,-51.0
1777891875.5303323,5.0,-1.0,-57.0
1777891875.5403323,1.0,-2.0,-59.0
1777891875.5503323,6.0,-5.0,-59.0
1777891875.5603323,5.0,-5.0,-57.0
1777891875.5703323,0.0,0.0,-58.0
1777891875.5803325,0.0,-1.0,-60.0
1777891875.5903325,0.0,-1.0,-71.0
1777891875.6003325,6.0,2.0,-62.0
1777891875.6103325,9.0,2.0,-63.0
1777891875.6203325,13.0,0.0,-65.0
1777891875.6303325,6.0,0.0,-67.0
1777891875.6403325,4.0,0.0,-63.0
1777891875.6503325,1.0,3.0,-65.0
1777891875.6603324,0.0,1.0,-71.0
1777891875.6703324,2.0,1.0,-71.0
1777891875.6803324,0.0,5.0,-74.0
1777891875.6903324,-1.0,3.0,-74.0
1777891875.7003324,0.0,0.0,-61.0
1777891875.7103324,1.0,-2.0,-64.0
1777891875.7203324,-1.0,-2.0,-69.0
1777891875.7303324,-4.0,-1.0,-74.0
1777891875.7403324,0.0,3.0,-74.0
1777891875.7503324,2.0,4.0,-70.0
1777891875.7603323,1.0,5.0,-73.0
1777891875.7703323,1.0,5.0,-81.0
1777891875.7803323,3.0,4.0,-80.0
1777891875.7903323,0.0,1.0,-77.0
1777891875.8003323,-4.0,1.0,-74.0
1777891875.8103323,0.0,0.0,-73.0
1777891875.8203323,0.0,-3.0,-70.0
1777891875.8303325,-3.0,0.0,-72.0
1777891875.8403325,-6.0,3.0,-76.0
1777891875.8503325,-4.0,2.0,-71.0
1777891875.8603325,0.0,2.0,-74.0
1777891875.8703325,0.0,3.0,-75.0
1777891875.8803325,0.0,-1.0,-73.0
1777891875.8903325,0.0,-1.0,-75.0
1777891875.9003325,0.0,-1.0,-73.0
1777891875.9103324,0.0,0.0,-77.0
1777891875.9203324,-4.0,-1.0,-84.0
1777891875.9303324,-10.0,0.0,-83.0
1777891875.9403324,-9.0,-1.0,-78.0
1777891875.9503324,-11.0,-4.0,-69.0
1777891875.9603324,-6.0,0.0,-63.0
1777891875.9703324,-4.0,0.0,-63.0
1777891875.9803324,-1.0,3.0,-63.0
1777891875.9903324,-2.0,3.0,-59.0
1777891876.0003324,-4.0,3.0,-66.0
1777891876.0103323,-5.0,4.0,-68.0
1777891876.0203323,-2.0,2.0,-69.0
1777891876.0303323,-1.0,5.0,-62.0
1777891876.0403323,-1.0,4.0,-62.0
1777891876.0503323,-1.0,4.0,-68.0
1777891876.0603323,0.0,3.0,-68.0
1777891876.0703323,1.0,3.0,-68.0
1777891876.0803325,-1.0,1.0,-65.0
1777891876.0903325,0.0,3.0,-66.0
1777891876.1003325,-2.0,2.0,-71.0
1777891876.1103325,-1.0,2.0,-75.0
1777891876.1203325,-2.0,-3.0,-78.0
1777891876.1303325,1.0,-2.0,-75.0
1777891876.1403325,6.0,6.0,-73.0
1777891876.1503325,2.0,6.0,-75.0
1777891876.1603324,0.0,4.0,-77.0
1777891876.1703324,-2.0,3.0,-76.0
1777891876.1803324,0.0,4.0,-72.0
1777891876.1903324,3.0,1.0,-65.0
1777891876.2003324,4.0,2.0,-64.0
1777891876.2103324,8.0,8.0,-67.0
1777891876.2203324,10.0,5.0,-67.0
1777891876.2303324,6.0,0.0,-77.0
1777891876.2403324,6.0,0.0,-78.0
1777891876.2503324,5.0,-3.0,-75.0
1777891876.2603323,8.0,-2.0,-75.0
1777891876.2703323,8.0,-1.0,-70.0
1777891876.2803323,7.0,-3.0,-61.0
1777891876.2903323,4.0,0.0,-68.0
1777891876.3003323,1.0,0.0,-68.0
1777891876.3103323,3.0,2.0,-76.0
1777891876.3203323,5.0,5.0,-82.0
1777891876.3303325,8.0,5.0,-77.0
1777891876.3403325,4.0,1.0,-73.0
1777891876.3503325,3.0,1.0,-74.0
1777891876.3603325,8.0,0.0,-72.0
1777891876.3703325,8.0,4.0,-68.0
1777891876.3803325,6.0,5.0,-70.0
1777891876.3903325,7.0,3.0,-73.0
1777891876.4003325,6.0,-1.0,-69.0
1777891876.4103324,6.0,-5.0,-64.0
1777891876.4203324,1.0,-3.0,-68.0
1777891876.4303324,0.0,-4.0,-69.0
1777891876.4403324,0.0,0.0,-74.0
1777891876.4503324,1.0,6.0,-78.0
1777891876.4603324,1.0,4.0,-73.0
1777891876.4703324,3.0,2.0,-67.0
1777891876.4803324,1.0,3.0,-67.0
1777891876.4903324,-1.0,3.0,-67.0
1777891876.5003324,-3.0,3.0,-72.0
1777891876.5103323,-3.0,0.0,-72.0
1777891876.5203323,-1.0,2.0,-66.0
1777891876.5303323,0.0,1.0,-71.0
1777891876.5403323,0.0,0.0,-67.0
1777891876.5503323,0.0,2.0,-68.0
1777891876.5603323,0.0,0.0,-76.0
1777891876.5703323,3.0,3.0,-78.0
1777891876.5803325,5.0,3.0,-83.0
1777891876.5903325,8.0,2.0,-86.0
1777891876.6003325,11.0,-3.0,-88.0
1777891876.6103325,5.0,-4.0,-84.0
1777891876.6203325,5.0,-3.0,-76.0
1777891876.6303325,10.0,0.0,-73.0
1777891876.6403325,6.0,4.0,-76.0
1777891876.6503325,7.0,4.0,-84.0
1777891876.6603324,8.0,5.0,-82.0
1777891876.6703324,6.0,1.0,-80.0
1777891876.6803324,7.0,2.0,-66.0
1777891876.6903324,4.0,4.0,-61.0
1777891876.7003324,4.0,3.0,-56.0
1777891876.7103324,3.0,5.0,-53.0
1777891876.7203324,6.0,4.0,-58.0
1777891876.7303324,8.0,-2.0,-64.0
1777891876.7403324,4.0,-4.0,-62.0
1777891876.7503324,0.0,0.0,-64.0
1777891876.7603323,1.0,2.0,-62.0
1777891876.7703323,4.0,4.0,-68.0
1777891876.7803323,2.0,5.0,-68.0
1777891876.7903323,3.0,6.0,-68.0
1777891876.8003323,3.0,3.0,-69.0
1777891876.8103323,2.0,3.0,-72.0
1777891876.8203323,5.0,7.0,-78.0
1777891876.8303325,5.0,6.0,-78.0
1777891876.8403325,5.0,5.0,-73.0
1777891876.8503325,6.0,1.0,-69.0
1777891876.8603325,7.0,1.0,-74.0
1777891876.8703325,6.0,0.0,-77.0
1777891876.8803325,7.0,-1.0,-79.0
1777891876.8903325,8.0,-4.0,-75.0
1777891876.9003325,10.0,-3.0,-78.0
1777891876.9103324,7.0,-1.0,-75.0
1777891876.9203324,2.0,3.0,-75.0
1777891876.9303324,0.0,6.0,-74.0
1777891876.9403324,0.0,1.0,-70.0
1777891876.9503324,-2.0,0.0,-66.0
1777891876.9603324,0.0,4.0,-65.0
1777891876.9703324,4.0,3.0,-67.0
1777891876.9803324,3.0,1.0,-68.0
1777891876.9903324,4.0,2.0,-72.0
1777891877.0003324,0.0,1.0,-69.0
1777891877.0103323,2.0,4.0,-67.0
1777891877.0203323,5.0,7.0,-70.0
1777891877.0303323,4.0,5.0,-70.0
1777891877.0403323,6.0,5.0,-70.0
1777891877.0503323,7.0,1.0,-77.0
1777891877.0603323,5.0,4.0,-70.0
1777891877.0703323,0.0,7.0,-67.0
1777891877.0803325,0.0,7.0,-69.0
1777891877.0903325,2.0,4.0,-72.0
1777891877.1003325,2.0,1.0,-72.0
1777891877.1103325,4.0,3.0,-69.0
1777891877.1203325,5.0,1.0,-65.0
1777891877.1303325,3.0,1.0,-64.0
1777891877.1403325,0.0,3.0,-60.0
1777891877.1503325,-1.0,-2.0,-63.0
1777891877.1603324,1.0,-3.0,-71.0
1777891877.1713324,1.0,-4.0,-75.0
1777891877.1803324,0.0,-3.0,-72.0
1777891877.1913323,-3.0,-3.0,-61.0
1777891877.2013323,-1.0,-1.0,-64.0
1777891877.2113323,0.0,1.0,-65.0
1777891877.2213323,0.0,0.0,-67.0
1777891877.2313323,0.0,-1.0,-70.0
1777891877.2413323,0.0,-2.0,-76.0
1777891877.2513323,2.0,1.0,-70.0
1777891877.2613325,1.0,0.0,-67.0
1777891877.2713325,1.0,-3.0,-72.0
1777891877.2813325,4.0,-2.0,-73.0
1777891877.2913325,4.0,-4.0,-67.0
1777891877.3013325,2.0,-7.0,-71.0
1777891877.3113325,-1.0,-5.0,-69.0
1777891877.3213325,0.0,-6.0,-62.0
1777891877.3313324,3.0,-2.0,-64.0
1777891877.3413324,0.0,-7.0,-71.0
1777891877.3513324,0.0,-7.0,-71.0
1777891877.3623323,0.0,-4.0,-76.0
1777891877.3713324,-1.0,-5.0,-80.0
1777891877.3813324,-2.0,-3.0,-79.0
1777891877.3913324,-2.0,-2.0,-81.0
1777891877.4013324,-1.0,-5.0,-85.0
1777891877.4113324,1.0,-6.0,-84.0
1777891877.4213324,1.0,-8.0,-76.0
1777891877.4313323,3.0,-7.0,-73.0
1777891877.4413323,5.0,-2.0,-67.0
1777891877.4513323,2.0,-2.0,-63.0
1777891877.4613323,4.0,1.0,-58.0
1777891877.4713323,4.0,5.0,-60.0
1777891877.4813323,5.0,3.0,-69.0
1777891877.4913323,7.0,2.0,-67.0
1777891877.5013323,2.0,-4.0,-66.0
1777891877.5113325,-1.0,-6.0,-67.0
1777891877.5213325,0.0,-5.0,-62.0
1777891877.5313325,0.0,-6.0,-66.0
1777891877.5413325,-1.0,-4.0,-75.0
1777891877.5513325,-4.0,-4.0,-74.0
1777891877.5613325,-1.0,-6.0,-73.0
1777891877.5713325,-1.0,-3.0,-75.0
1777891877.5813324,-1.0,-3.0,-80.0
1777891877.5913324,0.0,0.0,-81.0
1777891877.6013324,-2.0,1.0,-77.0
1777891877.6113324,-2.0,1.0,-72.0
1777891877.6213324,-2.0,1.0,-70.0
1777891877.6313324,2.0,2.0,-72.0
1777891877.6413324,3.0,-2.0,-75.0
1777891877.6513324,1.0,0.0,-73.0
1777891877.6613324,4.0,2.0,-68.0
1777891877.6713324,1.0,2.0,-74.0
1777891877.6813323,2.0,0.0,-75.0
1777891877.6913323,2.0,-3.0,-79.0
1777891877.7013323,3.0,-3.0,-82.0
1777891877.7113323,3.0,-1.0,-75.0
1777891877.7213323,3.0,-1.0,-73.0
1777891877.7313323,4.0,-4.0,-65.0
1777891877.7413323,5.0,-11.0,-69.0
1777891877.7513323,4.0,-7.0,-72.0
1777891877.7613325,1.0,-7.0,-71.0
1777891877.7713325,0.0,-4.0,-67.0
1777891877.7813325,0.0,-1.0,-62.0
1777891877.7913325,3.0,3.0,-67.0
1777891877.8013325,5.0,3.0,-77.0
1777891877.8113325,6.0,3.0,-74.0
1777891877.8213325,12.0,0.0,-69.0
1777891877.8313324,11.0,-3.0,-77.0
1777891877.8413324,11.0,-4.0,-75.0
1777891877.8513324,5.0,-4.0,-71.0
1777891877.8613324,5.0,-5.0,-66.0
1777891877.8713324,7.0,-9.0,-68.0
1777891877.8813324,5.0,-2.0,-75.0
1777891877.8913324,0.0,3.0,-74.0
1777891877.9013324,0.0,4.0,-74.0
1777891877.9113324,-1.0,1.0,-76.0
1777891877.9213324,1.0,-3.0,-81.0
1777891877.9313323,4.0,-2.0,-74.0
1777891877.9413323,5.0,-3.0,-75.0
1777891877.9513323,2.0,-2.0,-79.0
1777891877.9613323,1.0,-2.0,-76.0
1777891877.9713323,0.0,1.0,-82.0
1777891877.9813323,-3.0,0.0,-83.0
1777891877.9913323,-1.0,0.0,-77.0
1777891878.0013323,0.0,1.0,-76.0
1777891878.0113325,7.0,0.0,-73.0
1777891878.0213325,8.0,-2.0,-74.0
1777891878.0313325,4.0,0.0,-63.0
1777891878.0413325,1.0,1.0,-66.0
1777891878.0513325,5.0,0.0,-65.0
1777891878.0613325,3.0,-1.0,-65.0
1777891878.0713325,4.0,-5.0,-65.0
1777891878.0813324,4.0,-5.0,-60.0
1777891878.0913324,4.0,-5.0,-64.0
1777891878.1013324,7.0,-7.0,-59.0
1777891878.1113324,5.0,-8.0,-64.0
1777891878.1213324,0.0,-8.0,-61.0
1777891878.1313324,-2.0,-6.0,-62.0
1777891878.1413324,-2.0,-5.0,-66.0
1777891878.1513324,-1.0,-2.0,-64.0
1777891878.1613324,-2.0,0.0,-65.0
1777891878.1713324,0.0,3.0,-71.0
1777891878.1813323,0.0,4.0,-63.0
1777891878.1913323,4.0,4.0,-65.0
1777891878.2013323,5.0,2.0,-67.0
1777891878.2113323,2.0,4.0,-70.0
1777891878.2213323,0.0,2.0,-75.0
1777891878.2313323,0.0,5.0,-75.0
1777891878.2413323,2.0,0.0,-74.0
1777891878.2513323,2.0,-5.0,-74.0
1777891878.2613325,5.0,-8.0,-72.0
1777891878.2713325,2.0,-7.0,-64.0
1777891878.2813325,0.0,-5.0,-64.0
1777891878.2913325,1.0,-6.0,-67.0
1777891878.3013325,-2.0,-4.0,-74.0
1777891878.3113325,-3.0,-3.0,-78.0
1777891878.3213325,-1.0,-3.0,-80.0
1777891878.3313324,1.0,-2.0,-83.0
1777891878.3413324,2.0,-5.0,-83.0
1777891878.3513324,4.0,-4.0,-84.0
1777891878.3613324,2.0,-5.0,-75.0
1777891878.3713324,2.0,-6.0,-73.0
1777891878.3813324,5.0,-9.0,-72.0
1777891878.3913324,2.0,-11.0,-73.0
1777891878.4013324,8.0,-12.0,-74.0
1777891878.4113324,5.0,-7.0,-78.0
1777891878.4213324,0.0,-5.0,-74.0
1777891878.4313323,1.0,0.0,-71.0
1777891878.4413323,1.0,0.0,-74.0
1777891878.4513323,2.0,-5.0,-72.0
1777891878.4613323,-3.0,-8.0,-67.0
1777891878.4713323,-2.0,-1.0,-70.0
1777891878.4813323,-1.0,0.0,-71.0
1777891878.4913323,3.0,0.0,-71.0
1777891878.5013323,-1.0,-2.0,-72.0
1777891878.5113325,-2.0,-1.0,-77.0
1777891878.5213325,-5.0,1.0,-85.0
1777891878.5313325,-4.0,3.0,-83.0
1777891878.5413325,-4.0,0.0,-79.0
1777891878.5513325,2.0,-2.0,-75.0
1777891878.5613325,3.0,-1.0,-78.0
1777891878.5713325,3.0,-2.0,-78.0
1777891878.5813324,1.0,-3.0,-80.0
1777891878.5913324,-1.0,-4.0,-78.0
1777891878.6013324,-1.0,-5.0,-73.0
1777891878.6113324,2.0,-1.0,-68.0
1777891878.6213324,6.0,0.0,-77.0
1777891878.6313324,8.0,3.0,-85.0
1777891878.6413324,7.0,4.0,-82.0
1777891878.6513324,8.0,5.0,-79.0
1777891878.6613324,6.0,3.0,-81.0
1777891878.6713324,2.0,0.0,-82.0
1777891878.6813323,7.0,1.0,-80.0
1777891878.6913323,6.0,-3.0,-78.0
1777891878.7013323,1.0,3.0,-72.0
1777891878.7113323,0.0,0.0,-66.0
1777891878.7213323,1.0,-6.0,-65.0
1777891878.7313323,0.0,-11.0,-63.0
1777891878.7413323,3.0,-11.0,-72.0
1777891878.7513323,6.0,-10.0,-66.0
1777891878.7613325,1.0,-6.0,-74.0
1777891878.7713325,3.0,-5.0,-75.0
1777891878.7813325,-1.0,-3.0,-70.0
1777891878.7913325,3.0,-2.0,-72.0
1777891878.8013325,0.0,3.0,-69.0
1777891878.8113325,-5.0,5.0,-68.0
1777891878.8213325,-2.0,4.0,-64.0
1777891878.8313324,2.0,3.0,-68.0
1777891878.8413324,1.0,2.0,-72.0
1777891878.8513324,2.0,1.0,-69.0
1777891878.8613324,0.0,4.0,-70.0
1777891878.8713324,0.0,4.0,-75.0
1777891878.8813324,0.0,0.0,-71.0
1777891878.8913324,-1.0,0.0,-73.0
1777891878.9013324,1.0,1.0,-74.0
1777891878.9113324,1.0,0.0,-74.0
1777891878.9213324,-2.0,1.0,-67.0
1777891878.9313323,0.0,4.0,-68.0
1777891878.9413323,0.0,0.0,-79.0
1777891878.9513323,0.0,2.0,-79.0
1777891878.9613323,3.0,2.0,-76.0
1777891878.9713323,8.0,0.0,-68.0
1777891878.9813323,3.0,0.0,-71.0
1777891878.9913323,1.0,-1.0,-78.0
1777891879.0013323,0.0,-2.0,-77.0
1777891879.0113325,2.0,0.0,-72.0
1777891879.0213325,3.0,0.0,-69.0
1777891879.0313325,1.0,0.0,-65.0
1777891879.0413325,-7.0,3.0,-68.0
1777891879.0513325,-9.0,2.0,-69.0
1777891879.0613325,-6.0,0.0,-65.0
1777891879.0713325,-4.0,-1.0,-61.0
1777891879.0813324,-1.0,-3.0,-64.0
1777891879.0913324,2.0,-3.0,-67.0
1777891879.1013324,2.0,-2.0,-66.0
1777891879.1113324,3.0,-2.0,-66.0
1777891879.1213324,1.0,0.0,-69.0
1777891879.1313324,1.0,-1.0,-65.0
1777891879.1413324,2.0,0.0,-72.0
1777891879.1523323,9.0,4.0,-75.0
1777891879.1623323,6.0,7.0,-79.0
1777891879.1723323,8.0,9.0,-82.0
1777891879.1823325,4.0,7.0,-82.0
1777891879.1923325,3.0,5.0,-84.0
1777891879.2023325,7.0,4.0,-80.0
1777891879.2123325,5.0,2.0,-76.0
1777891879.2223325,2.0,4.0,-77.0
1777891879.2323325,1.0,2.0,-81.0
1777891879.2423325,1.0,1.0,-75.0
1777891879.2523324,-3.0,-1.0,-67.0
1777891879.2623324,-6.0,-5.0,-66.0
1777891879.2723324,-7.0,-4.0,-69.0
1777891879.2823324,-6.0,-1.0,-69.0
1777891879.2923324,-1.0,-5.0,-68.0
1777891879.3023324,0.0,-4.0,-64.0
1777891879.3123324,2.0,-3.0,-60.0
1777891879.3223324,6.0,-4.0,-59.0
1777891879.3323324,0.0,-1.0,-61.0
1777891879.3423324,-7.0,0.0,-62.0
1777891879.3523324,-4.0,2.0,-63.0
1777891879.3623323,-2.0,2.0,-65.0
1777891879.3723323,0.0,3.0,-68.0
1777891879.3823323,-1.0,2.0,-61.0
1777891879.3923323,-3.0,1.0,-63.0
1777891879.4023323,-1.0,2.0,-70.0
1777891879.4123323,-6.0,2.0,-70.0
1777891879.4223323,-4.0,0.0,-71.0
1777891879.4323325,-4.0,0.0,-70.0
1777891879.4423325,-2.0,0.0,-64.0
1777891879.4523325,-2.0,0.0,-61.0
1777891879.4623325,-4.0,4.0,-65.0
1777891879.4723325,-1.0,-2.0,-72.0
1777891879.4823325,-4.0,0.0,-71.0
1777891879.4923325,-2.0,3.0,-73.0
1777891879.5023324,-3.0,0.0,-70.0
1777891879.5123324,-2.0,0.0,-61.0
1777891879.5223324,-1.0,-3.0,-64.0
1777891879.5323324,-1.0,-7.0,-71.0
1777891879.5423324,-1.0,-9.0,-75.0
1777891879.5523324,1.0,-10.0,-69.0
1777891879.5623324,0.0,-5.0,-75.0
1777891879.5723324,-3.0,0.0,-76.0
1777891879.5823324,-2.0,0.0,-74.0
1777891879.5923324,-5.0,1.0,-73.0
1777891879.6023324,-7.0,1.0,-72.0
1777891879.6123323,-5.0,4.0,-73.0
1777891879.6223323,-9.0,7.0,-74.0
1777891879.6323323,-7.0,9.0,-78.0
1777891879.6423323,-1.0,7.0,-77.0
1777891879.6523323,0.0,1.0,-72.0
1777891879.6623323,0.0,-3.0,-74.0
1777891879.6723323,3.0,-4.0,-75.0
1777891879.6823325,4.0,-4.0,-74.0
1777891879.6923325,9.0,-4.0,-73.0
1777891879.7023325,6.0,-5.0,-72.0
1777891879.7123325,4.0,-8.0,-74.0
1777891879.7223325,2.0,-6.0,-73.0
1777891879.7323325,-2.0,-2.0,-76.0
1777891879.7423325,0.0,0.0,-75.0
1777891879.7523324,1.0,1.0,-78.0
1777891879.7623324,1.0,5.0,-80.0
1777891879.7723324,0.0,7.0,-75.0
1777891879.7823324,1.0,2.0,-68.0
1777891879.7923324,2.0,3.0,-68.0
1777891879.8023324,0.0,5.0,-70.0
1777891879.8123324,0.0,4.0,-67.0
1777891879.8223324,0.0,-1.0,-67.0
1777891879.8323324,-2.0,-2.0,-67.0
1777891879.8423324,0.0,0.0,-70.0
1777891879.8523324,0.0,-3.0,-69.0
1777891879.8623323,-1.0,-5.0,-69.0
1777891879.8723323,-1.0,-5.0,-66.0
1777891879.8823323,0.0,-3.0,-80.0
1777891879.8923323,0.0,-2.0,-74.0
1777891879.9023323,4.0,-6.0,-76.0
1777891879.9123323,5.0,-5.0,-79.0
1777891879.9223323,8.0,-4.0,-80.0
1777891879.9323325,8.0,-3.0,-78.0
1777891879.9423325,6.0,-3.0,-77.0
1777891879.9523325,2.0,0.0,-68.0
1777891879.9623325,0.0,0.0,-71.0
1777891879.9723325,4.0,0.0,-79.0
1777891879.9823325,4.0,3.0,-81.0
1777891879.9923325,5.0,1.0,-82.0
1777891880.0023324,3.0,0.0,-73.0
1777891880.0123324,3.0,0.0,-72.0
1777891880.0223324,3.0,0.0,-79.0
1777891880.0323324,5.0,0.0,-79.0
1777891880.0423324,3.0,1.0,-73.0
1777891880.0523324,-1.0,-2.0,-73.0
1777891880.0623324,-1.0,2.0,-70.0
1777891880.0723324,0.0,0.0,-64.0
1777891880.0823324,0.0,-3.0,-66.0
1777891880.0923324,0.0,-1.0,-65.0
1777891880.1023324,-2.0,-3.0,-66.0
1777891880.1123323,-4.0,-3.0,-70.0
1777891880.1223323,-4.0,-4.0,-74.0
1777891880.1323323,-2.0,-3.0,-70.0
1777891880.1423323,-3.0,-1.0,-68.0
1777891880.1523323,-7.0,-1.0,-71.0
1777891880.1623323,-10.0,-3.0,-81.0
1777891880.1723323,-5.0,-5.0,-84.0
1777891880.1823325,-1.0,-3.0,-83.0
1777891880.1923325,4.0,-4.0,-82.0
1777891880.2023325,4.0,-5.0,-79.0
1777891880.2123325,2.0,-3.0,-72.0
1777891880.2223325,4.0,-3.0,-76.0
1777891880.2323325,5.0,-4.0,-77.0
1777891880.2423325,0.0,-1.0,-70.0
1777891880.2523324,0.0,0.0,-64.0
1777891880.2623324,5.0,1.0,-65.0
1777891880.2723324,1.0,1.0,-69.0
1777891880.2823324,0.0,-2.0,-72.0
1777891880.2923324,-2.0,0.0,-74.0
1777891880.3023324,-4.0,-1.0,-74.0
1777891880.3123324,-5.0,0.0,-73.0
1777891880.3223324,-8.0,0.0,-72.0
1777891880.3323324,-2.0,0.0,-64.0
1777891880.3423324,-4.0,0.0,-63.0
1777891880.3523324,-2.0,3.0,-66.0
1777891880.3623323,0.0,2.0,-76.0
1777891880.3723323,0.0,-1.0,-76.0
1777891880.3823323,5.0,-4.0,-72.0
1777891880.3923323,5.0,-1.0,-68.0
1777891880.4023323,0.0,-2.0,-64.0
1777891880.4123323,0.0,-1.0,-58.0
1777891880.4223323,1.0,-4.0,-64.0
1777891880.4323325,4.0,-1.0,-68.0
1777891880.4423325,7.0,0.0,-67.0
1777891880.4523325,8.0,2.0,-69.0
1777891880.4623325,10.0,-1.0,-67.0
1777891880.4723325,8.0,-5.0,-69.0
1777891880.4823325,10.0,-3.0,-76.0
1777891880.4923325,6.0,-3.0,-67.0
1777891880.5023324,2.0,1.0,-60.0
1777891880.5123324,0.0,-2.0,-59.0
1777891880.5223324,0.0,-2.0,-74.0
1777891880.5323324,-1.0,-2.0,-80.0
1777891880.5423324,0.0,-3.0,-73.0
1777891880.5523324,6.0,-6.0,-69.0
1777891880.5623324,6.0,-6.0,-68.0
1777891880.5723324,9.0,0.0,-66.0
1777891880.5823324,8.0,0.0,-71.0
1777891880.5923324,4.0,5.0,-75.0
1777891880.6023324,4.0,4.0,-75.0
1777891880.6123323,2.0,5.0,-70.0
1777891880.6223323,1.0,6.0,-74.0
1777891880.6323323,-4.0,2.0,-73.0
1777891880.6423323,-5.0,0.0,-72.0
1777891880.6523323,-8.0,0.0,-72.0
1777891880.6623323,-3.0,0.0,-74.0
1777891880.6723323,2.0,-1.0,-67.0
1777891880.6823325,1.0,-4.0,-68.0
1777891880.6923325,0.0,-3.0,-67.0
1777891880.7023325,-1.0,-3.0,-69.0
1777891880.7123325,2.0,0.0,-70.0
1777891880.7223325,4.0,-3.0,-63.0
1777891880.7323325,4.0,-3.0,-64.0
1777891880.7423325,4.0,-2.0,-64.0
1777891880.7523324,-1.0,-4.0,-61.0
1777891880.7623324,-4.0,0.0,-60.0
1777891880.7723324,-2.0,6.0,-64.0
1777891880.7823324,-3.0,4.0,-73.0
1777891880.7923324,1.0,7.0,-79.0
1777891880.8023324,3.0,8.0,-72.0
1777891880.8123324,0.0,7.0,-69.0
1777891880.8223324,1.0,4.0,-69.0
1777891880.8323324,2.0,3.0,-67.0
1777891880.8423324,1.0,1.0,-66.0
1777891880.8523324,4.0,1.0,-68.0
1777891880.8623323,5.0,0.0,-66.0
1777891880.8723323,5.0,0.0,-66.0
1777891880.8823323,5.0,2.0,-68.0
1777891880.8923323,0.0,2.0,-73.0
1777891880.9023323,0.0,1.0,-73.0
1777891880.9123323,-3.0,2.0,-69.0
1777891880.9223323,-6.0,0.0,-69.0
1777891880.9323325,-4.0,0.0,-65.0
1777891880.9423325,-2.0,-7.0,-64.0
1777891880.9523325,-4.0,-8.0,-64.0
1777891880.9623325,-2.0,-6.0,-62.0
1777891880.9723325,2.0,-3.0,-64.0
1777891880.9823325,4.0,-6.0,-64.0
1777891880.9923325,1.0,-5.0,-62.0
1777891881.0023324,0.0,-7.0,-63.0
1777891881.0123324,0.0,-7.0,-66.0
1777891881.0223324,3.0,-8.0,-73.0
1777891881.0323324,4.0,-9.0,-74.0
1777891881.0423324,3.0,-8.0,-78.0
1777891881.0523324,6.0,-6.0,-82.0
1777891881.0623324,6.0,-3.0,-73.0
1777891881.0723324,3.0,-5.0,-63.0
1777891881.0823324,2.0,-7.0,-57.0
1777891881.0923324,2.0,-8.0,-57.0
1777891881.1023324,5.0,-9.0,-62.0
1777891881.1123323,5.0,-9.0,-64.0
1777891881.1233325,4.0,-12.0,-67.0
1777891881.1323323,6.0,-12.0,-67.0
1777891881.1423323,8.0,-8.0,-71.0
1777891881.1523323,3.0,0.0,-74.0
1777891881.1633325,4.0,3.0,-76.0
1777891881.1733325,6.0,1.0,-76.0
1777891881.1833324,7.0,-1.0,-77.0
1777891881.1933324,4.0,0.0,-75.0
1777891881.2033324,2.0,0.0,-77.0
1777891881.2133324,0.0,4.0,-76.0
1777891881.2233324,2.0,2.0,-69.0
1777891881.2333324,2.0,0.0,-64.0
1777891881.2433324,3.0,0.0,-60.0
1777891881.2533324,5.0,-3.0,-64.0
1777891881.2633324,5.0,-4.0,-66.0
1777891881.2733324,3.0,-6.0,-74.0
1777891881.2833323,1.0,-6.0,-73.0
1777891881.2933323,4.0,-2.0,-64.0
1777891881.3033323,7.0,-1.0,-70.0
1777891881.3133323,7.0,-5.0,-77.0
1777891881.3233323,2.0,-6.0,-76.0
1777891881.3333323,2.0,-7.0,-72.0
1777891881.3433323,0.0,-5.0,-71.0
1777891881.3533323,5.0,-4.0,-73.0
1777891881.3633325,2.0,0.0,-69.0
1777891881.3733325,3.0,1.0,-66.0
1777891881.3833325,1.0,1.0,-72.0
1777891881.3933325,3.0,1.0,-77.0
1777891881.4033325,4.0,2.0,-85.0
1777891881.4133325,0.0,-2.0,-85.0
1777891881.4233325,1.0,-2.0,-78.0
1777891881.4333324,0.0,-3.0,-75.0
1777891881.4433324,1.0,-4.0,-75.0
1777891881.4533324,-2.0,0.0,-70.0
1777891881.4633324,0.0,1.0,-71.0
1777891881.4733324,3.0,1.0,-73.0
1777891881.4833324,4.0,-3.0,-76.0
1777891881.4933324,5.0,-2.0,-73.0
1777891881.5033324,3.0,0.0,-66.0
1777891881.5133324,6.0,5.0,-68.0
1777891881.5233324,4.0,4.0,-70.0
1777891881.5333323,-1.0,3.0,-74.0
1777891881.5433323,3.0,5.0,-73.0
1777891881.5533323,5.0,5.0,-74.0
1777891881.5633323,5.0,1.0,-76.0
1777891881.5733323,0.0,1.0,-73.0
1777891881.5833323,-3.0,1.0,-69.0
1777891881.5933323,-5.0,0.0,-74.0
1777891881.6033323,-4.0,0.0,-67.0
1777891881.6133325,-2.0,2.0,-58.0
1777891881.6233325,-3.0,8.0,-62.0
1777891881.6333325,-5.0,10.0,-69.0
1777891881.6433325,-6.0,9.0,-77.0
1777891881.6533325,-6.0,8.0,-76.0
1777891881.6633325,0.0,7.0,-71.0
1777891881.6733325,1.0,4.0,-69.0
1777891881.6833324,5.0,2.0,-71.0
1777891881.6933324,5.0,0.0,-68.0
1777891881.7033324,8.0,4.0,-70.0
1777891881.7133324,6.0,7.0,-78.0
1777891881.7233324,8.0,7.0,-69.0
1777891881.7333324,4.0,5.0,-65.0
1777891881.7433324,3.0,5.0,-63.0
1777891881.7533324,4.0,5.0,-71.0
1777891881.7633324,1.0,4.0,-71.0
1777891881.7733324,-2.0,3.0,-66.0
1777891881.7833323,-7.0,7.0,-66.0
1777891881.7933323,-7.0,8.0,-65.0
1777891881.8033323,-8.0,5.0,-67.0
1777891881.8133323,-11.0,3.0,-64.0
1777891881.8233323,-7.0,1.0,-70.0
1777891881.8333323,-4.0,-1.0,-71.0
1777891881.8433323,-2.0,-1.0,-73.0
1777891881.8533323,-4.0,-2.0,-69.0
1777891881.8633325,0.0,-1.0,-67.0
1777891881.8733325,0.0,-3.0,-67.0
1777891881.8833325,0.0,-2.0,-66.0
1777891881.8933325,0.0,-2.0,-59.0
1777891881.9033325,1.0,-4.0,-65.0
1777891881.9133325,4.0,-1.0,-70.0
1777891881.9233325,2.0,-2.0,-77.0
1777891881.9333324,-3.0,-2.0,-75.0
1777891881.9433324,0.0,0.0,-71.0
1777891881.9533324,1.0,0.0,-72.0
1777891881.9633324,-1.0,0.0,-69.0
1777891881.9733324,-1.0,-2.0,-70.0
1777891881.9833324,0.0,0.0,-65.0
1777891881.9933324,2.0,3.0,-64.0
1777891882.0033324,0.0,5.0,-65.0
1777891882.0133324,-1.0,2.0,-65.0
1777891882.0233324,-2.0,0.0,-63.0
1777891882.0333323,3.0,1.0,-73.0
1777891882.0433323,4.0,0.0,-77.0
1777891882.0533323,0.0,-4.0,-81.0
1777891882.0633323,2.0,-5.0,-87.0
1777891882.0733323,2.0,-3.0,-86.0
1777891882.0833323,-4.0,-1.0,-83.0
1777891882.0933323,-2.0,0.0,-78.0
1777891882.1033323,1.0,-2.0,-76.0
1777891882.1133325,-2.0,-2.0,-72.0
1777891882.1233325,-5.0,-1.0,-73.0
1777891882.1333325,-7.0,-3.0,-74.0
1777891882.1433325,-11.0,-5.0,-70.0
1777891882.1533325,-9.0,-3.0,-74.0
1777891882.1633325,-7.0,-2.0,-78.0
1777891882.1733325,-2.0,-2.0,-70.0
1777891882.1833324,-5.0,0.0,-70.0
1777891882.1933324,-4.0,-4.0,-72.0
1777891882.2033324,-5.0,-8.0,-80.0
1777891882.2133324,-6.0,-8.0,-79.0
1777891882.2233324,-7.0,-5.0,-76.0
1777891882.2333324,-5.0,-6.0,-75.0
1777891882.2433324,0.0,-2.0,-73.0
1777891882.2533324,2.0,-2.0,-71.0
1777891882.2633324,5.0,-5.0,-66.0
1777891882.2733324,6.0,-3.0,-67.0
1777891882.2833323,4.0,0.0,-63.0
1777891882.2933323,4.0,0.0,-73.0
1777891882.3033323,4.0,3.0,-75.0
1777891882.3133323,5.0,0.0,-72.0
1777891882.3233323,0.0,-3.0,-68.0
1777891882.3333323,-4.0,4.0,-74.0
1777891882.3433323,-8.0,1.0,-73.0
1777891882.3533323,-4.0,0.0,-74.0
1777891882.3633325,-4.0,0.0,-70.0
1777891882.3733325,-2.0,-1.0,-78.0
1777891882.3833325,0.0,-4.0,-81.0
1777891882.3933325,1.0,-3.0,-84.0
1777891882.4033325,0.0,-1.0,-80.0
1777891882.4133325,0.0,-1.0,-71.0
1777891882.4233325,-1.0,-2.0,-80.0
1777891882.4333324,-4.0,-4.0,-76.0
1777891882.4433324,-3.0,-5.0,-77.0
1777891882.4533324,-3.0,-6.0,-79.0
1777891882.4633324,-5.0,-2.0,-76.0
1777891882.4733324,-5.0,-2.0,-72.0
1777891882.4833324,1.0,-5.0,-70.0
1777891882.4933324,0.0,-6.0,-77.0
1777891882.5033324,0.0,-9.0,-81.0
1777891882.5133324,6.0,-8.0,-75.0
1777891882.5233324,5.0,-9.0,-75.0
1777891882.5333323,1.0,-8.0,-74.0
1777891882.5433323,6.0,-7.0,-67.0
1777891882.5533323,3.0,-9.0,-63.0
1777891882.5633323,0.0,-6.0,-59.0
1777891882.5733323,1.0,-1.0,-60.0
1777891882.5833323,2.0,-6.0,-68.0
1777891882.5933323,1.0,-3.0,-64.0
1777891882.6033323,0.0,2.0,-65.0
1777891882.6133325,2.0,2.0,-67.0
1777891882.6233325,0.0,0.0,-64.0
1777891882.6333325,-1.0,2.0,-63.0
1777891882.6433325,0.0,0.0,-61.0
1777891882.6533325,-1.0,3.0,-66.0
1777891882.6633325,0.0,4.0,-71.0
1777891882.6733325,2.0,3.0,-81.0
1777891882.6833324,4.0,4.0,-77.0
1777891882.6933324,5.0,4.0,-70.0
1777891882.7033324,3.0,4.0,-67.0
1777891882.7133324,2.0,0.0,-73.0
1777891882.7233324,0.0,3.0,-72.0
1777891882.7333324,2.0,1.0,-70.0
1777891882.7433324,0.0,3.0,-67.0
1777891882.7533324,-6.0,4.0,-68.0
1777891882.7633324,-4.0,3.0,-71.0
1777891882.7733324,-2.0,5.0,-69.0
1777891882.7833323,-2.0,7.0,-65.0
1777891882.7933323,-6.0,4.0,-59.0
1777891882.8033323,-4.0,3.0,-57.0
1777891882.8133323,-7.0,0.0,-64.0
1777891882.8233323,-6.0,0.0,-71.0
1777891882.8333323,-4.0,2.0,-76.0
1777891882.8433323,-7.0,6.0,-76.0
1777891882.8533323,-3.0,4.0,-75.0
1777891882.8633325,0.0,3.0,-76.0
1777891882.8733325,0.0,3.0,-79.0
1777891882.8833325,3.0,4.0,-77.0
1777891882.8933325,1.0,2.0,-75.0
1777891882.9033325,0.0,3.0,-75.0
1777891882.9133325,0.0,1.0,-80.0
1777891882.9233325,-2.0,-3.0,-85.0
1777891882.9333324,-4.0,-6.0,-80.0
1777891882.9433324,-4.0,-5.0,-83.0
1777891882.9533324,-4.0,-3.0,-78.0
1777891882.9633324,-2.0,-4.0,-70.0
1777891882.9733324,-2.0,-4.0,-71.0
1777891882.9833324,-1.0,-3.0,-70.0
1777891882.9933324,0.0,-1.0,-65.0
1777891883.0033324,-1.0,0.0,-65.0
1777891883.0133324,-3.0,-1.0,-64.0
1777891883.0233324,-3.0,0.0,-62.0
1777891883.0333323,-5.0,-5.0,-65.0
1777891883.0433323,-4.0,-4.0,-70.0
1777891883.0533323,-1.0,-1.0,-69.0
1777891883.0633323,3.0,-2.0,-74.0
1777891883.0733323,6.0,0.0,-72.0
1777891883.0833323,7.0,0.0,-80.0
1777891883.0933323,4.0,0.0,-82.0
1777891883.1033323,1.0,-4.0,-78.0
1777891883.1133325,1.0,-5.0,-74.0
1777891883.1233325,0.0,-5.0,-73.0
1777891883.1343324,-1.0,0.0,-78.0
1777891883.1433325,-1.0,1.0,-81.0
1777891883.1533325,-5.0,1.0,-82.0
1777891883.1643324,-6.0,-2.0,-74.0
1777891883.1743324,-6.0,-3.0,-75.0
1777891883.1843324,1.0,-3.0,-67.0
1777891883.1943324,3.0,-3.0,-65.0
1777891883.2043324,2.0,-3.0,-66.0
1777891883.2143323,1.0,-6.0,-65.0
1777891883.2243323,2.0,0.0,-64.0
1777891883.2343323,1.0,2.0,-63.0
1777891883.2443323,0.0,1.0,-69.0
1777891883.2543323,0.0,0.0,-69.0
1777891883.2643323,1.0,0.0,-75.0
1777891883.2743323,-1.0,-1.0,-80.0
1777891883.2843325,-1.0,-3.0,-82.0
1777891883.2943325,-2.0,1.0,-80.0
1777891883.3043325,-2.0,1.0,-76.0
1777891883.3143325,0.0,-1.0,-73.0
1777891883.3243325,1.0,-5.0,-73.0
1777891883.3343325,1.0,-3.0,-72.0
1777891883.3443325,1.0,-1.0,-67.0
1777891883.3543324,5.0,-6.0,-66.0
1777891883.3643324,3.0,-10.0,-71.0
1777891883.3743324,4.0,-4.0,-71.0
1777891883.3843324,1.0,-3.0,-70.0
1777891883.3943324,4.0,-4.0,-67.0
1777891883.4043324,5.0,-1.0,-69.0
1777891883.4143324,5.0,-3.0,-62.0
1777891883.4243324,2.0,3.0,-62.0
1777891883.4343324,5.0,2.0,-65.0
1777891883.4443324,0.0,2.0,-72.0
1777891883.4543324,-2.0,5.0,-83.0
1777891883.4643323,3.0,3.0,-74.0
1777891883.4743323,6.0,-1.0,-73.0
1777891883.4843323,6.0,-2.0,-73.0
1777891883.4943323,3.0,-5.0,-70.0
1777891883.5043323,3.0,-3.0,-69.0
1777891883.5143323,4.0,-1.0,-73.0
1777891883.5243323,4.0,0.0,-71.0
1777891883.5343325,3.0,-3.0,-65.0
1777891883.5443325,3.0,-3.0,-65.0
1777891883.5543325,1.0,-5.0,-65.0
1777891883.5643325,0.0,-6.0,-64.0
1777891883.5743325,-3.0,0.0,-69.0
1777891883.5843325,-5.0,-3.0,-64.0
1777891883.5943325,-4.0,-3.0,-60.0
1777891883.6043324,-2.0,0.0,-62.0
1777891883.6143324,-3.0,3.0,-72.0
1777891883.6243324,-1.0,2.0,-76.0
1777891883.6343324,1.0,1.0,-75.0
1777891883.6443324,8.0,1.0,-74.0
1777891883.6543324,4.0,0.0,-80.0
1777891883.6643324,4.0,0.0,-81.0
1777891883.6743324,3.0,0.0,-73.0
1777891883.6843324,3.0,3.0,-65.0
1777891883.6943324,-1.0,3.0,-66.0
1777891883.7043324,-2.0,4.0,-63.0
1777891883.7143323,0.0,2.0,-66.0
1777891883.7243323,3.0,0.0,-72.0
1777891883.7343323,5.0,1.0,-66.0
1777891883.7443323,2.0,2.0,-68.0
1777891883.7543323,3.0,-2.0,-74.0
1777891883.7643323,5.0,-7.0,-72.0
1777891883.7743323,3.0,-6.0,-74.0
1777891883.7843325,7.0,-6.0,-81.0
1777891883.7943325,8.0,-2.0,-77.0
1777891883.8043325,7.0,-3.0,-73.0
1777891883.8143325,6.0,-7.0,-72.0
1777891883.8243325,5.0,-7.0,-69.0
1777891883.8343325,9.0,-5.0,-68.0
1777891883.8443325,6.0,-5.0,-68.0
1777891883.8543324,3.0,-5.0,-71.0
1777891883.8643324,4.0,0.0,-69.0
1777891883.8743324,1.0,-1.0,-68.0
1777891883.8843324,2.0,0.0,-71.0
1777891883.8943324,7.0,-1.0,-73.0
1777891883.9043324,8.0,-1.0,-67.0
1777891883.9143324,4.0,-1.0,-70.0
1777891883.9243324,2.0,1.0,-77.0
1777891883.9343324,5.0,-2.0,-77.0
1777891883.9443324,4.0,0.0,-70.0
1777891883.9543324,5.0,0.0,-65.0
1777891883.9643323,9.0,-1.0,-65.0
1777891883.9743323,7.0,-3.0,-75.0
1777891883.9843323,6.0,-3.0,-70.0
1777891883.9943323,1.0,0.0,-77.0
1777891884.0043323,0.0,2.0,-73.0
1777891884.0143323,1.0,0.0,-78.0
1777891884.0243323,0.0,0.0,-77.0
1777891884.0343325,3.0,1.0,-88.0
1777891884.0443325,0.0,-3.0,-80.0
1777891884.0543325,0.0,-3.0,-77.0
1777891884.0643325,1.0,-2.0,-74.0
1777891884.0743325,3.0,0.0,-76.0
1777891884.0843325,0.0,1.0,-72.0
1777891884.0943325,2.0,4.0,-71.0
1777891884.1043324,-1.0,1.0,-74.0
1777891884.1143324,-2.0,0.0,-76.0
1777891884.1243324,3.0,0.0,-77.0
1777891884.1343324,0.0,2.0,-77.0
1777891884.1443324,-4.0,2.0,-75.0
1777891884.1543324,1.0,1.0,-77.0
1777891884.1643324,0.0,1.0,-76.0
1777891884.1743324,-2.0,-2.0,-76.0
1777891884.1843324,-4.0,0.0,-81.0
1777891884.1943324,-6.0,2.0,-81.0
1777891884.2043324,-7.0,5.0,-77.0
1777891884.2143323,-3.0,10.0,-71.0
1777891884.2243323,-3.0,10.0,-73.0
1777891884.2343323,4.0,4.0,-77.0
1777891884.2443323,8.0,6.0,-83.0
1777891884.2543323,12.0,0.0,-80.0
1777891884.2643323,7.0,1.0,-83.0
1777891884.2743323,5.0,2.0,-75.0
1777891884.2843325,3.0,4.0,-68.0
1777891884.2943325,1.0,3.0,-73.0
1777891884.3043325,7.0,6.0,-75.0
1777891884.3143325,2.0,7.0,-75.0
1777891884.3243325,1.0,5.0,-76.0
1777891884.3343325,0.0,9.0,-75.0
1777891884.3443325,-1.0,9.0,-78.0
1777891884.3543324,-2.0,7.0,-79.0
1777891884.3643324,-2.0,2.0,-71.0
1777891884.3743324,3.0,2.0,-69.0
1777891884.3843324,2.0,2.0,-73.0
1777891884.3943324,3.0,1.0,-71.0
1777891884.4043324,3.0,0.0,-78.0
1777891884.4143324,9.0,-3.0,-78.0
1777891884.4243324,9.0,-4.0,-81.0
1777891884.4343324,6.0,-5.0,-78.0
1777891884.4443324,6.0,-2.0,-80.0
1777891884.4543324,4.0,0.0,-82.0
1777891884.4643323,4.0,1.0,-84.0
1777891884.4743323,4.0,2.0,-88.0
1777891884.4843323,6.0,2.0,-73.0
1777891884.4943323,5.0,0.0,-69.0
1777891884.5043323,3.0,-1.0,-72.0
1777891884.5143323,3.0,-1.0,-69.0
1777891884.5243323,0.0,1.0,-66.0
1777891884.5343325,2.0,-2.0,-73.0
1777891884.5443325,2.0,1.0,-79.0
1777891884.5543325,0.0,3.0,-78.0
1777891884.5643325,0.0,2.0,-73.0
1777891884.5743325,-5.0,-2.0,-75.0
1777891884.5843325,1.0,-5.0,-70.0
1777891884.5943325,0.0,-3.0,-70.0
1777891884.6043324,2.0,-2.0,-70.0
1777891884.6143324,2.0,-1.0,-77.0
1777891884.6243324,-1.0,-1.0,-74.0
1777891884.6343324,-1.0,-1.0,-72.0
1777891884.6443324,-2.0,-4.0,-72.0
1777891884.6543324,-6.0,0.0,-70.0
1777891884.6643324,-9.0,0.0,-77.0
1777891884.6743324,-6.0,-3.0,-79.0
1777891884.6843324,-6.0,-6.0,-70.0
1777891884.6943324,-6.0,-2.0,-65.0
1777891884.7043324,-5.0,0.0,-63.0
1777891884.7143323,-9.0,-4.0,-58.0
1777891884.7243323,-3.0,-8.0,-58.0
1777891884.7343323,-8.0,-7.0,-57.0
1777891884.7443323,-4.0,-6.0,-59.0
1777891884.7543323,-7.0,-5.0,-61.0
1777891884.7643323,-6.0,-5.0,-61.0
1777891884.7743323,-2.0,-6.0,-67.0
1777891884.7843325,2.0,-5.0,-69.0
1777891884.7943325,4.0,-2.0,-69.0
1777891884.8043325,2.0,0.0,-67.0
1777891884.8143325,0.0,-4.0,-76.0
1777891884.8243325,0.0,-4.0,-71.0
1777891884.8343325,-3.0,-3.0,-70.0
1777891884.8443325,0.0,-5.0,-68.0
1777891884.8543324,4.0,-2.0,-70.0
1777891884.8643324,0.0,0.0,-69.0
1777891884.8743324,0.0,1.0,-64.0
1777891884.8843324,2.0,4.0,-60.0
1777891884.8943324,4.0,6.0,-66.0
1777891884.9043324,0.0,5.0,-67.0
1777891884.9143324,-2.0,1.0,-65.0
1777891884.9243324,-3.0,-1.0,-61.0
1777891884.9343324,0.0,0.0,-67.0
1777891884.9443324,0.0,0.0,-71.0
1777891884.9543324,0.0,0.0,-75.0
1777891884.9643323,0.0,1.0,-74.0
1777891884.9743323,3.0,1.0,-69.0
1777891884.9843323,0.0,0.0,-68.0
1777891884.9943323,2.0,0.0,-68.0
1777891885.0043323,2.0,3.0,-66.0
1777891885.0143323,3.0,0.0,-58.0
1777891885.0243323,5.0,5.0,-63.0
1777891885.0343325,2.0,7.0,-60.0
1777891885.0443325,3.0,9.0,-58.0
1777891885.0543325,6.0,8.0,-59.0
1777891885.0643325,0.0,7.0,-62.0
1777891885.0743325,1.0,6.0,-63.0
1777891885.0843325,-1.0,5.0,-68.0
1777891885.0943325,-4.0,1.0,-69.0
1777891885.1043324,-3.0,-1.0,-72.0
1777891885.1153324,-3.0,1.0,-72.0
1777891885.1253324,1.0,-4.0,-70.0
1777891885.1353323,7.0,-1.0,-74.0
1777891885.1453323,7.0,1.0,-74.0
1777891885.1543324,5.0,0.0,-74.0
1777891885.1653323,3.0,1.0,-73.0
1777891885.1753323,4.0,0.0,-76.0
1777891885.1853323,3.0,0.0,-79.0
1777891885.1953323,3.0,-1.0,-72.0
1777891885.2053325,0.0,2.0,-74.0
1777891885.2153325,1.0,1.0,-73.0
1777891885.2253325,0.0,0.0,-74.0
1777891885.2353325,-2.0,1.0,-71.0
1777891885.2453325,4.0,0.0,-69.0
1777891885.2553325,1.0,1.0,-63.0
1777891885.2653325,1.0,0.0,-60.0
1777891885.2753325,-2.0,1.0,-60.0
1777891885.2853324,0.0,-3.0,-65.0
1777891885.2953324,-3.0,-3.0,-64.0
1777891885.3053324,1.0,-3.0,-68.0
1777891885.3153324,5.0,-3.0,-72.0
1777891885.3253324,0.0,-2.0,-63.0
1777891885.3353324,1.0,0.0,-64.0
1777891885.3453324,5.0,3.0,-65.0
1777891885.3553324,4.0,8.0,-63.0
1777891885.3653324,4.0,7.0,-54.0
1777891885.3753324,3.0,8.0,-60.0
1777891885.3853323,1.0,5.0,-67.0
1777891885.3953323,-3.0,5.0,-70.0
1777891885.4053323,-3.0,2.0,-74.0
1777891885.4153323,1.0,1.0,-71.0
1777891885.4253323,7.0,2.0,-63.0
1777891885.4353323,1.0,-5.0,-62.0
1777891885.4453323,3.0,-5.0,-68.0
1777891885.4553325,0.0,0.0,-78.0
1777891885.4653325,0.0,-1.0,-79.0
1777891885.4753325,0.0,0.0,-83.0
1777891885.4853325,-5.0,1.0,-82.0
1777891885.4953325,-2.0,-3.0,-81.0
1777891885.5053325,-4.0,-2.0,-84.0
1777891885.5153325,-5.0,-2.0,-83.0
1777891885.5253325,0.0,-3.0,-83.0
1777891885.5353324,1.0,-4.0,-85.0
1777891885.5453324,10.0,-5.0,-89.0
1777891885.5553324,6.0,-4.0,-87.0
1777891885.5653324,3.0,-8.0,-93.0
1777891885.5753324,3.0,-6.0,-85.0
1777891885.5853324,-1.0,-7.0,-83.0
1777891885.5953324,-3.0,-5.0,-82.0
1777891885.6053324,1.0,-5.0,-72.0
1777891885.6153324,2.0,-6.0,-68.0
1777891885.6253324,0.0,-4.0,-66.0
1777891885.6353323,-1.0,-2.0,-62.0
1777891885.6453323,0.0,-3.0,-62.0
1777891885.6553323,1.0,-5.0,-73.0
1777891885.6653323,-2.0,-1.0,-69.0
1777891885.6753323,-5.0,0.0,-71.0
1777891885.6853323,-4.0,-2.0,-77.0
1777891885.6953323,-6.0,-1.0,-75.0
1777891885.7053325,-4.0,0.0,-75.0
1777891885.7153325,-3.0,0.0,-78.0
1777891885.7253325,-1.0,0.0,-78.0
1777891885.7353325,0.0,-2.0,-78.0
1777891885.7453325,0.0,0.0,-80.0
1777891885.7553325,2.0,0.0,-79.0
1777891885.7653325,7.0,-1.0,-73.0
1777891885.7753325,10.0,-5.0,-65.0
1777891885.7853324,8.0,-3.0,-69.0
1777891885.7953324,9.0,-2.0,-72.0
1777891885.8053324,8.0,0.0,-73.0
1777891885.8153324,3.0,-1.0,-68.0
1777891885.8253324,0.0,0.0,-66.0
1777891885.8353324,0.0,1.0,-67.0
1777891885.8453324,1.0,-2.0,-60.0
1777891885.8553324,2.0,-1.0,-59.0
1777891885.8653324,2.0,0.0,-63.0
1777891885.8753324,6.0,0.0,-67.0
1777891885.8853323,7.0,-1.0,-70.0
1777891885.8953323,4.0,0.0,-72.0
1777891885.9053323,5.0,0.0,-76.0
1777891885.9153323,8.0,0.0,-80.0
1777891885.9253323,6.0,0.0,-83.0
1777891885.9353323,1.0,0.0,-76.0
1777891885.9453323,-2.0,-2.0,-71.0
1777891885.9553325,-2.0,0.0,-73.0
1777891885.9653325,0.0,1.0,-72.0
1777891885.9753325,0.0,3.0,-75.0
1777891885.9853325,-2.0,0.0,-78.0
1777891885.9953325,-3.0,2.0,-81.0
1777891886.0053325,0.0,2.0,-76.0
1777891886.0153325,0.0,4.0,-71.0
1777891886.0253325,-3.0,3.0,-71.0
1777891886.0353324,-3.0,3.0,-71.0
1777891886.0453324,-1.0,3.0,-68.0
1777891886.0553324,-3.0,4.0,-66.0
1777891886.0653324,-6.0,4.0,-64.0
1777891886.0753324,-3.0,5.0,-67.0
1777891886.0853324,-7.0,6.0,-68.0
1777891886.0953324,-3.0,3.0,-67.0
1777891886.1053324,0.0,4.0,-69.0
1777891886.1153324,-1.0,2.0,-76.0
1777891886.1253324,3.0,3.0,-76.0
1777891886.1353323,9.0,3.0,-72.0
1777891886.1453323,10.0,2.0,-71.0
1777891886.1553323,4.0,0.0,-70.0
1777891886.1653323,1.0,4.0,-60.0
1777891886.1753323,-1.0,5.0,-64.0
1777891886.1853323,-6.0,1.0,-63.0
1777891886.1953323,-4.0,2.0,-67.0
1777891886.2053325,-1.0,1.0,-68.0
1777891886.2153325,0.0,2.0,-68.0
1777891886.2253325,1.0,1.0,-68.0
1777891886.2353325,6.0,-3.0,-73.0
1777891886.2453325,6.0,-7.0,-79.0
1777891886.2553325,10.0,-5.0,-90.0
1777891886.2653325,8.0,-5.0,-88.0
1777891886.2753325,8.0,-7.0,-84.0
1777891886.2853324,3.0,-6.0,-83.0
1777891886.2953324,3.0,-5.0,-77.0
1777891886.3053324,3.0,-2.0,-77.0
1777891886.3153324,0.0,-4.0,-77.0
1777891886.3253324,-1.0,-3.0,-74.0
1777891886.3353324,1.0,0.0,-75.0
1777891886.3453324,3.0,-1.0,-81.0
1777891886.3553324,1.0,0.0,-76.0
1777891886.3653324,3.0,-5.0,-80.0
1777891886.3753324,1.0,-5.0,-77.0
1777891886.3853323,1.0,-6.0,-78.0
1777891886.3953323,0.0,-7.0,-69.0
1777891886.4053323,-2.0,-10.0,-67.0
1777891886.4153323,-4.0,-10.0,-64.0
1777891886.4253323,-4.0,-15.0,-70.0
1777891886.4353323,-7.0,-14.0,-71.0
1777891886.4453323,-8.0,-15.0,-70.0
1777891886.4553325,-9.0,-15.0,-74.0
1777891886.4653325,-8.0,-11.0,-79.0
1777891886.4763324,-8.0,-11.0,-76.0
1777891886.4853325,-8.0,-8.0,-75.0
1777891886.4953325,-7.0,-5.0,-75.0
1777891886.5053325,-5.0,-13.0,-74.0
1777891886.5153325,-1.0,-13.0,-71.0
1777891886.5253325,3.0,-7.0,-70.0
1777891886.5353324,6.0,0.0,-70.0
1777891886.5453324,4.0,2.0,-77.0
1777891886.5553324,3.0,0.0,-77.0
1777891886.5653324,0.0,-3.0,-80.0
1777891886.5753324,-1.0,-4.0,-79.0
1777891886.5853324,-6.0,-8.0,-81.0
1777891886.5953324,-5.0,-11.0,-78.0
1777891886.6053324,-8.0,-6.0,-78.0
1777891886.6153324,-7.0,-3.0,-74.0
1777891886.6253324,-6.0,-2.0,-69.0
1777891886.6353323,-2.0,-3.0,-70.0
1777891886.6453323,-1.0,-6.0,-69.0
1777891886.6553323,0.0,-6.0,-75.0
1777891886.6653323,3.0,-6.0,-83.0
1777891886.6753323,0.0,-4.0,-75.0
1777891886.6853323,2.0,0.0,-72.0
1777891886.6953323,5.0,-1.0,-71.0
1777891886.7053325,7.0,-5.0,-80.0
1777891886.7153325,6.0,-3.0,-77.0
1777891886.7253325,10.0,-3.0,-72.0
1777891886.7353325,10.0,0.0,-68.0
1777891886.7453325,8.0,-5.0,-71.0
1777891886.7553325,11.0,-5.0,-75.0
1777891886.7653325,5.0,-6.0,-68.0
1777891886.7753325,-1.0,-5.0,-67.0
1777891886.7853324,-1.0,-2.0,-69.0
1777891886.7953324,-4.0,0.0,-73.0
1777891886.8053324,-7.0,-2.0,-77.0
1777891886.8153324,-5.0,0.0,-72.0
1777891886.8253324,-6.0,-2.0,-76.0
1777891886.8353324,-5.0,0.0,-69.0
1777891886.8453324,-6.0,0.0,-68.0
1777891886.8553324,-2.0,-3.0,-74.0
1777891886.8653324,-1.0,-3.0,-69.0
1777891886.8753324,-1.0,-5.0,-71.0
1777891886.8853323,1.0,-5.0,-62.0
1777891886.8953323,0.0,-4.0,-62.0
1777891886.9053323,-2.0,-4.0,-69.0
1777891886.9153323,-8.0,-3.0,-69.0
1777891886.9253323,-4.0,-4.0,-76.0
1777891886.9353323,0.0,-9.0,-75.0
1777891886.9453323,0.0,-9.0,-67.0
1777891886.9553325,0.0,-2.0,-68.0
1777891886.9653325,0.0,-4.0,-72.0
1777891886.9753325,6.0,-5.0,-66.0
1777891886.9853325,6.0,-8.0,-69.0
1777891886.9953325,1.0,-9.0,-70.0
1777891887.0053325,5.0,-9.0,-76.0
1777891887.0153325,3.0,-4.0,-70.0
1777891887.0253325,3.0,-3.0,-72.0
1777891887.0353324,1.0,-2.0,-74.0
1777891887.0453324,-1.0,1.0,-71.0
1777891887.0553324,-5.0,2.0,-65.0
1777891887.0653324,-3.0,-3.0,-71.0
1777891887.0753324,-3.0,-4.0,-78.0
1777891887.0853324,-2.0,-1.0,-76.0
1777891887.0953324,-4.0,0.0,-74.0
1777891887.1053324,-4.0,-3.0,-74.0
1777891887.1153324,-2.0,-5.0,-69.0
1777891887.1253324,-4.0,-9.0,-69.0
1777891887.1363325,-4.0,-7.0,-71.0
1777891887.1463325,-7.0,-4.0,-75.0
1777891887.1563325,-5.0,-3.0,-70.0
1777891887.1663325,-3.0,-7.0,-70.0
1777891887.1763325,0.0,-11.0,-65.0
1777891887.1863325,-3.0,-9.0,-71.0
1777891887.1963325,-2.0,-6.0,-74.0
1777891887.2063324,-7.0,-6.0,-73.0
1777891887.2163324,-12.0,-5.0,-69.0
1777891887.2263324,-13.0,-2.0,-67.0
1777891887.2363324,-11.0,-6.0,-71.0
1777891887.2463324,-3.0,-5.0,-73.0
1777891887.2563324,1.0,-5.0,-61.0
1777891887.2663324,2.0,-6.0,-59.0
1777891887.2763324,0.0,-4.0,-66.0
1777891887.2863324,-1.0,-5.0,-76.0
1777891887.2963324,0.0,-6.0,-71.0
1777891887.3063323,1.0,-7.0,-70.0
1777891887.3163323,2.0,-8.0,-69.0
1777891887.3263323,1.0,-9.0,-65.0
1777891887.3363323,-2.0,-6.0,-70.0
1777891887.3463323,-8.0,-6.0,-74.0
1777891887.3563323,-10.0,-2.0,-77.0
1777891887.3663323,-7.0,-3.0,-75.0
1777891887.3763323,-2.0,-2.0,-70.0
1777891887.3863325,-5.0,2.0,-62.0
1777891887.3963325,-3.0,-2.0,-64.0
1777891887.4063325,-2.0,-7.0,-67.0
1777891887.4163325,4.0,-8.0,-67.0
1777891887.4263325,5.0,-5.0,-65.0
1777891887.4363325,7.0,-4.0,-68.0
1777891887.4463325,5.0,-7.0,-70.0
1777891887.4563324,3.0,-1.0,-70.0
1777891887.4663324,-1.0,-3.0,-76.0
1777891887.4763324,-1.0,-4.0,-73.0
1777891887.4863324,2.0,-12.0,-74.0
1777891887.4963324,-1.0,-13.0,-81.0
1777891887.5063324,1.0,-8.0,-86.0
1777891887.5163324,1.0,-7.0,-83.0
1777891887.5263324,0.0,-8.0,-73.0
1777891887.5363324,0.0,-8.0,-79.0
1777891887.5463324,0.0,-7.0,-77.0
1777891887.5563323,-3.0,-3.0,-69.0
1777891887.5663323,-2.0,-6.0,-72.0
1777891887.5763323,0.0,-7.0,-71.0
1777891887.5863323,-2.0,-6.0,-70.0
1777891887.5963323,-1.0,-6.0,-68.0
1777891887.6063323,0.0,-6.0,-64.0
1777891887.6163323,0.0,-6.0,-62.0
1777891887.6263323,4.0,-9.0,-63.0
1777891887.6363325,5.0,-6.0,-65.0
1777891887.6463325,7.0,-2.0,-69.0
1777891887.6563325,6.0,-2.0,-67.0
1777891887.6663325,3.0,-1.0,-70.0
1777891887.6763325,6.0,-1.0,-75.0
1777891887.6863325,3.0,-3.0,-75.0
1777891887.6963325,7.0,-2.0,-75.0
1777891887.7063324,5.0,-5.0,-74.0
1777891887.7163324,6.0,0.0,-81.0
1777891887.7263324,6.0,-2.0,-80.0
1777891887.7363324,4.0,0.0,-77.0
1777891887.7463324,2.0,-1.0,-76.0
1777891887.7563324,2.0,0.0,-78.0
1777891887.7663324,0.0,3.0,-74.0
1777891887.7763324,-1.0,-2.0,-74.0
1777891887.7863324,-3.0,-2.0,-72.0
1777891887.7963324,-1.0,-3.0,-63.0
1777891887.8063323,0.0,-1.0,-57.0
1777891887.8163323,0.0,-2.0,-59.0
1777891887.8263323,3.0,0.0,-55.0
1777891887.8363323,4.0,-4.0,-59.0
1777891887.8463323,3.0,-8.0,-59.0
1777891887.8563323,2.0,-10.0,-61.0
1777891887.8663323,2.0,-7.0,-64.0
1777891887.8763323,3.0,-2.0,-60.0
1777891887.8863325,4.0,0.0,-62.0
1777891887.8963325,0.0,4.0,-59.0
1777891887.9063325,3.0,4.0,-56.0
1777891887.9163325,3.0,4.0,-58.0
1777891887.9263325,1.0,1.0,-67.0
1777891887.9363325,6.0,4.0,-70.0
1777891887.9463325,3.0,1.0,-70.0
1777891887.9563324,3.0,2.0,-66.0
1777891887.9663324,4.0,1.0,-67.0
1777891887.9763324,6.0,-1.0,-73.0
1777891887.9863324,2.0,1.0,-66.0
1777891887.9963324,2.0,-2.0,-70.0
1777891888.0063324,4.0,-4.0,-67.0
1777891888.0163324,5.0,-2.0,-62.0
1777891888.0263324,4.0,0.0,-69.0
1777891888.0363324,4.0,4.0,-71.0
1777891888.0463324,1.0,4.0,-80.0
1777891888.0563323,2.0,4.0,-84.0
1777891888.0663323,4.0,-1.0,-84.0
1777891888.0763323,1.0,0.0,-81.0
1777891888.0863323,0.0,-1.0,-75.0
1777891888.0963323,-7.0,-1.0,-76.0
1777891888.1063323,-1.0,1.0,-73.0
1777891888.1163323,0.0,1.0,-75.0
1777891888.1263323,2.0,0.0,-66.0
1777891888.1363325,2.0,-3.0,-69.0
1777891888.1463325,4.0,0.0,-71.0
1777891888.1563325,0.0,0.0,-72.0
1777891888.1663325,4.0,-1.0,-70.0
1777891888.1763325,1.0,1.0,-68.0
1777891888.1863325,3.0,3.0,-69.0
1777891888.1963325,0.0,0.0,-76.0
1777891888.2063324,-2.0,1.0,-74.0
1777891888.2163324,0.0,4.0,-70.0
1777891888.2263324,2.0,2.0,-62.0
1777891888.2363324,4.0,2.0,-68.0
1777891888.2463324,2.0,-3.0,-79.0
1777891888.2563324,-1.0,-5.0,-80.0
1777891888.2663324,0.0,-5.0,-76.0
1777891888.2763324,1.0,-6.0,-78.0
1777891888.2863324,1.0,-3.0,-72.0
1777891888.2963324,4.0,-6.0,-71.0
1777891888.3063323,4.0,-5.0,-65.0
1777891888.3163323,4.0,-12.0,-65.0
1777891888.3263323,3.0,-11.0,-68.0
1777891888.3363323,4.0,-5.0,-65.0
1777891888.3463323,3.0,-2.0,-68.0
1777891888.3563323,5.0,-4.0,-68.0
1777891888.3663323,6.0,-2.0,-65.0
1777891888.3763323,8.0,-3.0,-71.0
1777891888.3863325,5.0,0.0,-73.0
1777891888.3963325,5.0,0.0,-81.0
1777891888.4063325,4.0,-3.0,-89.0
1777891888.4163325,4.0,-3.0,-87.0
1777891888.4263325,9.0,-2.0,-83.0
1777891888.4363325,7.0,-2.0,-85.0
1777891888.4463325,2.0,-3.0,-80.0
1777891888.4563324,-1.0,0.0,-75.0
1777891888.4663324,-4.0,-1.0,-74.0
1777891888.4763324,-2.0,0.0,-79.0
1777891888.4863324,-5.0,-1.0,-78.0
1777891888.4963324,-5.0,1.0,-80.0
1777891888.5063324,-5.0,1.0,-88.0
1777891888.5163324,-6.0,-1.0,-86.0
1777891888.5263324,-5.0,-1.0,-78.0
1777891888.5363324,-6.0,-6.0,-82.0
1777891888.5463324,-2.0,-8.0,-80.0
1777891888.5563323,1.0,-9.0,-81.0
1777891888.5663323,5.0,-10.0,-85.0
1777891888.5763323,5.0,-10.0,-79.0
1777891888.5863323,5.0,-8.0,-74.0
1777891888.5963323,-1.0,-5.0,-77.0
1777891888.6063323,-5.0,-9.0,-73.0
1777891888.6163323,-3.0,-7.0,-70.0
1777891888.6263323,-5.0,-7.0,-64.0
1777891888.6363325,-7.0,-8.0,-66.0
1777891888.6463325,-8.0,-9.0,-74.0
1777891888.6563325,-10.0,-7.0,-76.0
1777891888.6663325,-8.0,-2.0,-75.0
1777891888.6763325,-5.0,-3.0,-84.0
1777891888.6863325,-4.0,-7.0,-80.0
1777891888.6963325,-6.0,-5.0,-78.0
1777891888.7063324,-6.0,-7.0,-71.0
1777891888.7163324,-6.0,-10.0,-74.0
1777891888.7263324,-3.0,-12.0,-74.0
1777891888.7363324,-2.0,-6.0,-68.0
1777891888.7463324,0.0,-6.0,-70.0
1777891888.7563324,-2.0,-5.0,-72.0
1777891888.7663324,1.0,-3.0,-72.0
1777891888.7763324,-3.0,-2.0,-73.0
1777891888.7863324,-2.0,-1.0,-77.0
1777891888.7963324,-1.0,1.0,-73.0
1777891888.8063323,-1.0,1.0,-78.0
1777891888.8163323,2.0,0.0,-73.0
1777891888.8263323,5.0,-2.0,-75.0
1777891888.8363323,1.0,-2.0,-75.0
1777891888.8463323,2.0,0.0,-73.0
1777891888.8563323,3.0,-1.0,-64.0
1777891888.8663323,0.0,0.0,-59.0
1777891888.8763323,4.0,-1.0,-62.0
1777891888.8863325,8.0,4.0,-66.0
1777891888.8963325,3.0,6.0,-73.0
1777891888.9063325,3.0,4.0,-74.0
1777891888.9163325,4.0,1.0,-68.0
1777891888.9263325,3.0,4.0,-75.0
1777891888.9363325,6.0,2.0,-69.0
1777891888.9463325,10.0,0.0,-72.0
1777891888.9563324,11.0,0.0,-68.0
1777891888.9663324,8.0,0.0,-62.0
1777891888.9763324,5.0,-1.0,-66.0
1777891888.9863324,1.0,-1.0,-66.0
1777891888.9963324,-2.0,1.0,-65.0
1777891889.0063324,0.0,1.0,-62.0
1777891889.0163324,0.0,0.0,-70.0
1777891889.0263324,0.0,1.0,-76.0
1777891889.0363324,1.0,5.0,-68.0
1777891889.0463324,-2.0,6.0,-72.0
1777891889.0563323,-1.0,4.0,-74.0
1777891889.0663323,-3.0,5.0,-73.0
1777891889.0773325,-5.0,2.0,-68.0
1777891889.0863323,-5.0,1.0,-70.0
1777891889.0963323,-3.0,5.0,-71.0
1777891889.1063323,2.0,4.0,-70.0
1777891889.1163323,2.0,3.0,-74.0
1777891889.1273324,4.0,1.0,-78.0
1777891889.1373324,2.0,1.0,-77.0
1777891889.1473324,4.0,2.0,-72.0
1777891889.1573324,-2.0,6.0,-74.0
1777891889.1673324,-1.0,1.0,-77.0
1777891889.1773324,-3.0,0.0,-80.0
1777891889.1873324,-2.0,-1.0,-80.0
1777891889.1973324,-1.0,-4.0,-76.0
1777891889.2073324,-2.0,-6.0,-80.0
1777891889.2173324,-5.0,-2.0,-73.0
1777891889.2273324,-6.0,0.0,-71.0
1777891889.2373323,-4.0,-2.0,-73.0
1777891889.2473323,-3.0,1.0,-72.0
1777891889.2573323,-1.0,-1.0,-78.0
1777891889.2673323,0.0,0.0,-77.0
1777891889.2773323,3.0,-1.0,-71.0
1777891889.2873323,6.0,-3.0,-69.0
1777891889.2973323,3.0,-1.0,-64.0
1777891889.3073325,0.0,-1.0,-63.0
1777891889.3173325,0.0,-4.0,-66.0
1777891889.3273325,0.0,-3.0,-70.0
1777891889.3373325,0.0,-3.0,-76.0
1777891889.3473325,0.0,-3.0,-75.0
1777891889.3573325,0.0,-2.0,-74.0
1777891889.3673325,-2.0,-3.0,-74.0
1777891889.3773324,-6.0,-6.0,-66.0
1777891889.3873324,-7.0,-9.0,-64.0
1777891889.3973324,-8.0,-6.0,-63.0
1777891889.4073324,-8.0,-1.0,-60.0
1777891889.4173324,-8.0,0.0,-59.0
1777891889.4273324,-8.0,-4.0,-67.0
1777891889.4373324,-11.0,-8.0,-75.0
1777891889.4473324,-9.0,-3.0,-72.0
1777891889.4573324,-7.0,-1.0,-69.0
1777891889.4673324,1.0,-2.0,-65.0
1777891889.4773324,1.0,0.0,-64.0
1777891889.4873323,0.0,0.0,-61.0
1777891889.4973323,-3.0,-1.0,-68.0
1777891889.5073323,0.0,-4.0,-69.0
1777891889.5173323,1.0,-6.0,-65.0
1777891889.5273323,0.0,-4.0,-68.0
1777891889.5373323,-5.0,-4.0,-67.0
1777891889.5473323,-4.0,-5.0,-70.0
1777891889.5573325,-3.0,-4.0,-64.0
1777891889.5673325,-7.0,-4.0,-75.0
1777891889.5773325,-5.0,-4.0,-71.0
1777891889.5873325,0.0,-5.0,-73.0
1777891889.5973325,-4.0,-3.0,-72.0
1777891889.6073325,-4.0,-4.0,-68.0
1777891889.6173325,-3.0,-1.0,-69.0
1777891889.6273324,1.0,1.0,-69.0
1777891889.6373324,4.0,2.0,-70.0
1777891889.6473324,2.0,2.0,-75.0
1777891889.6573324,3.0,0.0,-77.0
1777891889.6673324,0.0,0.0,-73.0
1777891889.6773324,-6.0,-4.0,-71.0
1777891889.6873324,-5.0,-6.0,-67.0
1777891889.6973324,0.0,-4.0,-66.0
1777891889.7073324,1.0,-6.0,-70.0
1777891889.7173324,0.0,-7.0,-77.0
1777891889.7273324,4.0,-6.0,-79.0
1777891889.7373323,-1.0,-2.0,-78.0
1777891889.7473323,-3.0,0.0,-75.0
1777891889.7573323,-2.0,0.0,-66.0
1777891889.7673323,1.0,-1.0,-69.0
1777891889.7773323,0.0,-2.0,-69.0
1777891889.7873323,4.0,-3.0,-65.0
1777891889.7973323,5.0,-4.0,-69.0
1777891889.8073325,1.0,-9.0,-70.0
1777891889.8173325,0.0,-3.0,-78.0
1777891889.8273325,4.0,2.0,-76.0
1777891889.8373325,4.0,0.0,-73.0
1777891889.8473325,4.0,2.0,-73.0
1777891889.8573325,2.0,0.0,-72.0
1777891889.8673325,4.0,-2.0,-71.0
1777891889.8773324,6.0,-2.0,-65.0
1777891889.8873324,6.0,-3.0,-64.0
1777891889.8973324,9.0,-1.0,-64.0
1777891889.9073324,8.0,0.0,-64.0
1777891889.9173324,6.0,-2.0,-62.0
1777891889.9273324,3.0,0.0,-66.0
1777891889.9373324,3.0,0.0,-73.0
1777891889.9473324,4.0,2.0,-72.0
1777891889.9573324,5.0,5.0,-87.0
1777891889.9673324,0.0,5.0,-90.0
1777891889.9773324,0.0,1.0,-88.0
1777891889.9873323,0.0,-6.0,-87.0
1777891889.9973323,0.0,-4.0,-83.0
1777891890.0073323,-3.0,-2.0,-78.0
1777891890.0173323,1.0,-3.0,-76.0
1777891890.0273323,-1.0,-4.0,-75.0
1777891890.0373323,0.0,-8.0,-74.0
1777891890.0473323,2.0,-7.0,-71.0
1777891890.0573325,3.0,-6.0,-66.0
1777891890.0673325,0.0,-4.0,-64.0
1777891890.0773325,2.0,0.0,-70.0
1777891890.0873325,1.0,-1.0,-68.0
1777891890.0973325,6.0,0.0,-70.0
1777891890.1073325,3.0,5.0,-71.0
1777891890.1173325,4.0,5.0,-75.0
1777891890.1273324,-1.0,2.0,-70.0
1777891890.1373324,-1.0,0.0,-76.0
1777891890.1473324,0.0,0.0,-77.0
1777891890.1573324,1.0,1.0,-76.0
1777891890.1673324,0.0,1.0,-75.0
1777891890.1773324,1.0,-1.0,-78.0
1777891890.1873324,0.0,-1.0,-79.0
1777891890.1973324,-3.0,-1.0,-74.0
1777891890.2073324,-2.0,-1.0,-76.0
1777891890.2173324,0.0,-1.0,-76.0
1777891890.2273324,4.0,0.0,-79.0
1777891890.2373323,3.0,1.0,-75.0
1777891890.2473323,1.0,0.0,-70.0
1777891890.2573323,1.0,-1.0,-70.0
1777891890.2673323,-2.0,0.0,-69.0
1777891890.2773323,-7.0,-4.0,-65.0
1777891890.2873323,-5.0,-4.0,-65.0
1777891890.2973323,-3.0,-5.0,-67.0
1777891890.3073325,0.0,-3.0,-64.0
1777891890.3173325,-3.0,-4.0,-62.0
1777891890.3273325,-7.0,-3.0,-63.0
1777891890.3373325,-6.0,-3.0,-61.0
1777891890.3473325,-2.0,-3.0,-62.0
1777891890.3573325,-2.0,-4.0,-59.0
1777891890.3673325,-3.0,-3.0,-68.0
1777891890.3773324,-4.0,-3.0,-72.0
1777891890.3873324,3.0,-2.0,-78.0
1777891890.3973324,5.0,-4.0,-77.0
1777891890.4073324,4.0,-2.0,-71.0
1777891890.4173324,3.0,1.0,-70.0
1777891890.4273324,0.0,3.0,-79.0
1777891890.4373324,-4.0,4.0,-80.0
1777891890.4473324,-4.0,3.0,-74.0
1777891890.4573324,0.0,0.0,-75.0
1777891890.4673324,5.0,2.0,-75.0
1777891890.4773324,5.0,5.0,-69.0
1777891890.4873323,6.0,5.0,-59.0
1777891890.4973323,3.0,-2.0,-55.0
1777891890.5073323,2.0,-7.0,-47.0
1777891890.5173323,-1.0,-7.0,-50.0
1777891890.5273323,-4.0,-3.0,-49.0
1777891890.5373323,-4.0,-6.0,-54.0
1777891890.5473323,-7.0,-8.0,-57.0
1777891890.5573325,-6.0,-10.0,-54.0
1777891890.5673325,-4.0,-9.0,-55.0
1777891890.5773325,1.0,-1.0,-59.0
1777891890.5873325,4.0,0.0,-57.0
1777891890.5973325,1.0,1.0,-59.0
1777891890.6073325,-3.0,0.0,-61.0
1777891890.6173325,-1.0,-2.0,-64.0
1777891890.6273324,-1.0,-1.0,-64.0
1777891890.6373324,1.0,-1.0,-64.0
1777891890.6473324,3.0,0.0,-64.0
1777891890.6573324,-1.0,0.0,-65.0
1777891890.6673324,-5.0,0.0,-63.0
1777891890.6773324,-6.0,-2.0,-61.0
1777891890.6873324,-2.0,-4.0,-59.0
1777891890.6973324,-3.0,-7.0,-62.0
1777891890.7073324,-3.0,-8.0,-66.0
1777891890.7173324,-2.0,-4.0,-72.0
1777891890.7273324,0.0,-1.0,-72.0
1777891890.7373323,2.0,-1.0,-69.0
1777891890.7473323,3.0,-3.0,-70.0
1777891890.7573323,4.0,-3.0,-65.0
1777891890.7673323,4.0,-3.0,-69.0
1777891890.7773323,5.0,-4.0,-77.0
1777891890.7873323,0.0,-2.0,-75.0
1777891890.7973323,2.0,-3.0,-74.0
1777891890.8073325,0.0,-7.0,-72.0
1777891890.8173325,3.0,-5.0,-70.0
1777891890.8273325,4.0,1.0,-64.0
1777891890.8373325,3.0,3.0,-59.0
1777891890.8473325,2.0,6.0,-63.0
1777891890.8573325,-3.0,4.0,-65.0
1777891890.8673325,0.0,3.0,-71.0
1777891890.8773324,-6.0,-1.0,-78.0
1777891890.8873324,-1.0,-2.0,-73.0
1777891890.8973324,2.0,-3.0,-72.0
1777891890.9073324,6.0,0.0,-63.0
1777891890.9173324,3.0,2.0,-63.0
1777891890.9273324,-2.0,1.0,-70.0
1777891890.9373324,-2.0,0.0,-70.0
1777891890.9473324,-3.0,1.0,-58.0
1777891890.9573324,-4.0,6.0,-55.0
1777891890.9673324,-5.0,7.0,-63.0
1777891890.9773324,-5.0,6.0,-64.0
1777891890.9873323,-6.0,4.0,-60.0
1777891890.9973323,-4.0,2.0,-59.0
1777891891.0073323,-1.0,0.0,-59.0
1777891891.0173323,0.0,-4.0,-62.0
1777891891.0273323,3.0,-7.0,-65.0
1777891891.0373323,4.0,-5.0,-59.0
1777891891.0473323,5.0,-4.0,-59.0
1777891891.0573325,2.0,-2.0,-63.0
1777891891.0673325,4.0,0.0,-63.0
1777891891.0783324,5.0,0.0,-67.0
1777891891.0883324,2.0,-2.0,-70.0
1777891891.0983324,1.0,-5.0,-69.0
1777891891.1083324,-2.0,-4.0,-67.0
1777891891.1173325,0.0,-5.0,-68.0
1777891891.1283324,-4.0,-3.0,-67.0
1777891891.1383324,0.0,0.0,-68.0
1777891891.1483324,6.0,0.0,-60.0
1777891891.1583323,1.0,-2.0,-59.0
1777891891.1683323,-1.0,-4.0,-64.0
1777891891.1783323,-1.0,-6.0,-64.0
1777891891.1883323,-1.0,-4.0,-71.0
1777891891.1983323,0.0,0.0,-73.0
1777891891.2083323,4.0,0.0,-76.0
1777891891.2183323,1.0,-2.0,-76.0
1777891891.2283323,4.0,-6.0,-76.0
1777891891.2383325,6.0,-9.0,-73.0
1777891891.2483325,7.0,-7.0,-71.0
1777891891.2583325,1.0,-4.0,-70.0
1777891891.2683325,-1.0,0.0,-67.0
1777891891.2783325,0.0,0.0,-69.0
1777891891.2883325,-2.0,0.0,-75.0
1777891891.2983325,-3.0,-1.0,-80.0
1777891891.3083324,-5.0,-2.0,-76.0
1777891891.3183324,-3.0,0.0,-70.0
1777891891.3283324,-6.0,-1.0,-66.0
1777891891.3383324,-3.0,-2.0,-61.0
1777891891.3483324,-2.0,-7.0,-68.0
1777891891.3583324,-1.0,-6.0,-74.0
1777891891.3683324,1.0,-5.0,-80.0
1777891891.3783324,3.0,-9.0,-86.0
1777891891.3883324,7.0,-6.0,-83.0
1777891891.3983324,6.0,-4.0,-81.0
1777891891.4083323,6.0,-6.0,-80.0
1777891891.4183323,8.0,-7.0,-71.0
1777891891.4283323,11.0,-13.0,-69.0
1777891891.4383323,6.0,-13.0,-64.0
1777891891.4483323,8.0,-8.0,-61.0
1777891891.4583323,6.0,-6.0,-63.0
1777891891.4683323,3.0,-4.0,-67.0
1777891891.4783323,2.0,-5.0,-69.0
1777891891.4883325,3.0,-6.0,-72.0
1777891891.4983325,3.0,-7.0,-72.0
1777891891.5083325,2.0,-4.0,-63.0
1777891891.5183325,2.0,-3.0,-60.0
1777891891.5283325,-3.0,-7.0,-61.0
1777891891.5383325,-1.0,-7.0,-62.0
1777891891.5483325,-1.0,-8.0,-62.0
1777891891.5583324,-5.0,-5.0,-65.0
1777891891.5683324,-3.0,-6.0,-63.0
1777891891.5783324,1.0,-6.0,-65.0
1777891891.5883324,-3.0,-7.0,-70.0
1777891891.5983324,-2.0,-6.0,-69.0
1777891891.6083324,0.0,-8.0,-64.0
1777891891.6183324,0.0,-8.0,-60.0
1777891891.6283324,0.0,-2.0,-67.0
1777891891.6383324,0.0,1.0,-67.0
1777891891.6483324,0.0,-2.0,-64.0
1777891891.6583323,-1.0,-2.0,-69.0
1777891891.6683323,2.0,-4.0,-66.0
1777891891.6783323,0.0,-3.0,-68.0
1777891891.6883323,2.0,0.0,-65.0
1777891891.6983323,2.0,-1.0,-69.0
1777891891.7083323,3.0,-4.0,-68.0
1777891891.7183323,2.0,-7.0,-66.0
1777891891.7283323,3.0,-1.0,-71.0
1777891891.7383325,3.0,2.0,-66.0
1777891891.7483325,1.0,1.0,-63.0
1777891891.7583325,1.0,0.0,-58.0
1777891891.7683325,1.0,0.0,-65.0
1777891891.7783325,1.0,0.0,-70.0
1777891891.7883325,1.0,-1.0,-65.0
1777891891.7983325,4.0,2.0,-70.0
1777891891.8083324,2.0,0.0,-70.0
1777891891.8183324,1.0,2.0,-71.0
1777891891.8283324,0.0,0.0,-64.0
1777891891.8383324,2.0,0.0,-67.0
1777891891.8483324,-3.0,-2.0,-64.0
1777891891.8583324,-5.0,-2.0,-68.0
1777891891.8683324,-5.0,-1.0,-73.0
1777891891.8783324,0.0,1.0,-77.0
1777891891.8883324,1.0,4.0,-80.0
1777891891.8983324,1.0,3.0,-71.0
1777891891.9083323,3.0,4.0,-73.0
1777891891.9183323,0.0,5.0,-71.0
1777891891.9283323,0.0,2.0,-73.0
1777891891.9383323,0.0,0.0,-72.0
1777891891.9483323,0.0,-1.0,-66.0
1777891891.9583323,4.0,2.0,-66.0
1777891891.9683323,3.0,2.0,-75.0
1777891891.9783323,1.0,-2.0,-76.0
1777891891.9883325,-1.0,0.0,-73.0
1777891891.9983325,-2.0,0.0,-79.0
1777891892.0083325,-1.0,-1.0,-81.0
1777891892.0183325,0.0,-3.0,-76.0
1777891892.0283325,0.0,-3.0,-78.0
1777891892.0383325,-1.0,0.0,-81.0
1777891892.0483325,1.0,-1.0,-75.0
1777891892.0583324,5.0,-6.0,-72.0
1777891892.0683324,7.0,-5.0,-72.0
1777891892.0783324,3.0,-2.0,-72.0
1777891892.0883324,5.0,-1.0,-75.0
1777891892.0983324,3.0,0.0,-73.0
1777891892.1083324,3.0,0.0,-68.0
1777891892.1183324,3.0,-1.0,-75.0
1777891892.1283324,-1.0,-1.0,-76.0
1777891892.1383324,-4.0,0.0,-75.0
1777891892.1483324,0.0,0.0,-77.0
1777891892.1583323,0.0,0.0,-72.0
1777891892.1683323,-3.0,0.0,-72.0
1777891892.1783323,-3.0,0.0,-68.0
1777891892.1883323,-1.0,1.0,-66.0
1777891892.1983323,2.0,1.0,-69.0
1777891892.2083323,3.0,-3.0,-69.0
1777891892.2183323,0.0,-7.0,-71.0
1777891892.2283323,2.0,-7.0,-79.0
1777891892.2383325,4.0,-6.0,-84.0
1777891892.2483325,6.0,-7.0,-80.0
1777891892.2583325,6.0,-5.0,-78.0
1777891892.2683325,2.0,-4.0,-82.0
1777891892.2783325,0.0,-7.0,-79.0
1777891892.2883325,0.0,-6.0,-84.0
1777891892.2983325,0.0,-2.0,-81.0
1777891892.3083324,-1.0,1.0,-79.0
1777891892.3183324,1.0,-1.0,-78.0
1777891892.3283324,0.0,-2.0,-77.0
1777891892.3383324,0.0,-2.0,-79.0
1777891892.3483324,0.0,-1.0,-78.0
1777891892.3583324,0.0,-4.0,-78.0
1777891892.3683324,0.0,-3.0,-76.0
1777891892.3783324,3.0,0.0,-73.0
1777891892.3883324,2.0,0.0,-80.0
1777891892.3983324,1.0,0.0,-83.0
1777891892.4083323,-2.0,-2.0,-87.0
1777891892.4183323,0.0,-1.0,-83.0
1777891892.4283323,-1.0,-2.0,-86.0
1777891892.4383323,-1.0,3.0,-85.0
1777891892.4483323,-4.0,3.0,-76.0
1777891892.4583323,-6.0,3.0,-76.0
1777891892.4683323,-6.0,2.0,-77.0
1777891892.4783323,-3.0,-1.0,-76.0
1777891892.4883325,-1.0,-4.0,-77.0
1777891892.4983325,0.0,-5.0,-78.0
1777891892.5083325,1.0,-6.0,-72.0
1777891892.5183325,2.0,-6.0,-78.0
1777891892.5283325,4.0,-5.0,-83.0
1777891892.5383325,5.0,-4.0,-74.0
1777891892.5483325,5.0,-5.0,-72.0
1777891892.5583324,0.0,-8.0,-74.0
1777891892.5683324,-2.0,-8.0,-77.0
1777891892.5783324,4.0,-6.0,-78.0
1777891892.5883324,7.0,-2.0,-79.0
1777891892.5983324,6.0,-1.0,-78.0
1777891892.6083324,6.0,-2.0,-79.0
1777891892.6183324,3.0,-3.0,-74.0
1777891892.6283324,2.0,-5.0,-74.0
1777891892.6383324,4.0,-6.0,-74.0
1777891892.6483324,3.0,-8.0,-67.0
1777891892.6583323,1.0,-5.0,-56.0
1777891892.6683323,1.0,-5.0,-56.0
1777891892.6783323,0.0,1.0,-55.0
1777891892.6883323,0.0,4.0,-62.0
1777891892.6983323,0.0,5.0,-64.0
1777891892.7083323,-2.0,4.0,-65.0
1777891892.7183323,-3.0,5.0,-63.0
1777891892.7283323,-2.0,6.0,-57.0
1777891892.7383325,-2.0,0.0,-58.0
1777891892.7483325,-4.0,-4.0,-66.0
1777891892.7583325,0.0,-2.0,-70.0
1777891892.7683325,3.0,-2.0,-71.0
1777891892.7783325,0.0,-5.0,-74.0
1777891892.7883325,-6.0,-2.0,-81.0
1777891892.7983325,-5.0,0.0,-86.0
1777891892.8083324,-1.0,3.0,-79.0
1777891892.8183324,0.0,-3.0,-76.0
1777891892.8283324,2.0,-1.0,-72.0
1777891892.8383324,3.0,0.0,-64.0
1777891892.8483324,0.0,-1.0,-68.0
1777891892.8583324,2.0,0.0,-69.0
1777891892.8683324,7.0,0.0,-74.0
1777891892.8783324,6.0,0.0,-80.0
1777891892.8883324,4.0,2.0,-80.0
1777891892.8983324,4.0,-1.0,-77.0
1777891892.9083323,0.0,0.0,-74.0
1777891892.9183323,0.0,2.0,-73.0
1777891892.9283323,2.0,-1.0,-73.0
1777891892.9383323,0.0,-6.0,-74.0
1777891892.9483323,0.0,-4.0,-69.0
1777891892.9583323,0.0,-6.0,-69.0
1777891892.9683323,-2.0,-8.0,-72.0
1777891892.9783323,-1.0,-7.0,-75.0
1777891892.9883325,2.0,-6.0,-74.0
1777891892.9983325,-1.0,-3.0,-73.0
1777891893.0083325,-4.0,-3.0,-73.0
1777891893.0183325,-2.0,-4.0,-78.0
1777891893.0283325,-3.0,-3.0,-81.0
1777891893.0383325,-5.0,-5.0,-78.0
1777891893.0483325,-3.0,0.0,-80.0
1777891893.0583324,-1.0,-1.0,-81.0
1777891893.0683324,-1.0,-2.0,-79.0
1777891893.0793324,-3.0,-2.0,-81.0
1777891893.0893323,-5.0,-5.0,-74.0
1777891893.0993323,0.0,-6.0,-70.0
1777891893.1093323,0.0,-5.0,-69.0
1777891893.1193323,0.0,0.0,-71.0
1777891893.1293323,3.0,-1.0,-76.0
1777891893.1393323,3.0,0.0,-71.0
1777891893.1493323,0.0,0.0,-72.0
1777891893.1593325,-3.0,-2.0,-74.0
1777891893.1693325,-3.0,3.0,-74.0
1777891893.1793325,-4.0,5.0,-72.0
1777891893.1893325,-3.0,-1.0,-75.0
1777891893.1993325,-1.0,1.0,-80.0
1777891893.2093325,0.0,3.0,-80.0
1777891893.2193325,2.0,0.0,-82.0
1777891893.2293324,2.0,-1.0,-79.0
1777891893.2393324,5.0,-1.0,-74.0
1777891893.2493324,1.0,-3.0,-77.0
1777891893.2593324,4.0,-5.0,-72.0
1777891893.2693324,-4.0,-4.0,-70.0
1777891893.2793324,-1.0,-2.0,-72.0
1777891893.2893324,2.0,-2.0,-80.0
1777891893.2993324,3.0,-2.0,-77.0
1777891893.3093324,8.0,-2.0,-81.0
1777891893.3193324,9.0,-3.0,-84.0
1777891893.3293324,8.0,0.0,-84.0
1777891893.3393323,2.0,-3.0,-85.0
1777891893.3493323,4.0,-2.0,-87.0
1777891893.3593323,7.0,-2.0,-80.0
1777891893.3693323,2.0,0.0,-81.0
1777891893.3793323,1.0,1.0,-84.0
1777891893.3893323,3.0,2.0,-78.0
1777891893.3993323,2.0,4.0,-82.0
1777891893.4093325,2.0,1.0,-82.0
1777891893.4193325,1.0,0.0,-80.0
1777891893.4293325,0.0,-3.0,-83.0
1777891893.4393325,1.0,-2.0,-79.0
1777891893.4493325,0.0,-1.0,-84.0
1777891893.4593325,0.0,-4.0,-78.0
1777891893.4693325,2.0,-2.0,-77.0
1777891893.4793324,6.0,-4.0,-82.0
1777891893.4893324,8.0,-1.0,-80.0
1777891893.4993324,6.0,0.0,-75.0
1777891893.5093324,6.0,0.0,-75.0
1777891893.5193324,0.0,-2.0,-77.0
1777891893.5293324,-1.0,-3.0,-78.0
1777891893.5393324,0.0,-9.0,-74.0
1777891893.5493324,2.0,-5.0,-75.0
1777891893.5593324,2.0,-7.0,-72.0
1777891893.5693324,0.0,-3.0,-74.0
1777891893.5793324,1.0,-9.0,-71.0
1777891893.5893323,0.0,-3.0,-77.0
1777891893.5993323,-1.0,-3.0,-74.0
1777891893.6093323,1.0,-4.0,-77.0
1777891893.6193323,4.0,-4.0,-84.0
1777891893.6293323,6.0,0.0,-85.0
1777891893.6393323,3.0,4.0,-81.0
1777891893.6493323,5.0,2.0,-76.0
1777891893.6593325,2.0,2.0,-72.0
1777891893.6693325,1.0,2.0,-69.0
1777891893.6793325,0.0,3.0,-70.0
1777891893.6893325,1.0,2.0,-69.0
1777891893.6993325,-2.0,-4.0,-66.0
1777891893.7093325,1.0,-4.0,-70.0
1777891893.7193325,-2.0,-1.0,-69.0
1777891893.7293324,0.0,1.0,-70.0
1777891893.7393324,1.0,0.0,-69.0
1777891893.7493324,2.0,0.0,-76.0
1777891893.7593324,5.0,0.0,-80.0
1777891893.7693324,5.0,1.0,-75.0
1777891893.7793324,4.0,3.0,-69.0
1777891893.7893324,3.0,6.0,-63.0
1777891893.7993324,0.0,3.0,-68.0
1777891893.8093324,0.0,3.0,-70.0
1777891893.8193324,-4.0,1.0,-73.0
1777891893.8293324,-4.0,-1.0,-80.0
1777891893.8393323,-7.0,-3.0,-78.0
1777891893.8493323,-6.0,1.0,-69.0
1777891893.8593323,-4.0,1.0,-66.0
1777891893.8693323,-3.0,2.0,-75.0
1777891893.8793323,-4.0,2.0,-81.0
1777891893.8893323,-3.0,5.0,-80.0
1777891893.8993323,0.0,2.0,-81.0
1777891893.9093325,-1.0,-1.0,-80.0
1777891893.9193325,-1.0,-4.0,-77.0
1777891893.9293325,-3.0,2.0,-80.0
1777891893.9393325,-1.0,3.0,-85.0
1777891893.9493325,-4.0,1.0,-80.0
1777891893.9593325,-1.0,3.0,-82.0
1777891893.9693325,2.0,3.0,-86.0
1777891893.9793324,-1.0,3.0,-89.0
1777891893.9893324,0.0,4.0,-86.0
1777891893.9993324,-3.0,5.0,-84.0
1777891894.0093324,-4.0,4.0,-81.0
1777891894.0193324,-2.0,2.0,-76.0
1777891894.0293324,2.0,3.0,-72.0
1777891894.0393324,7.0,3.0,-72.0
1777891894.0493324,0.0,1.0,-70.0
1777891894.0593324,-1.0,3.0,-69.0
1777891894.0693324,-4.0,-1.0,-67.0
1777891894.0793324,0.0,1.0,-60.0
1777891894.0893323,1.0,1.0,-59.0
1777891894.0993323,0.0,-1.0,-59.0
1777891894.1093323,-1.0,-3.0,-66.0
1777891894.1193323,0.0,-5.0,-71.0
1777891894.1293323,-2.0,-4.0,-74.0
1777891894.1393323,-3.0,0.0,-73.0
1777891894.1493323,-4.0,-2.0,-72.0
1777891894.1593325,-4.0,-2.0,-76.0
1777891894.1693325,-3.0,-4.0,-77.0
1777891894.1793325,-2.0,-3.0,-79.0
1777891894.1893325,1.0,1.0,-79.0
1777891894.1993325,4.0,1.0,-82.0
1777891894.2093325,5.0,2.0,-80.0
1777891894.2193325,4.0,3.0,-80.0
1777891894.2293324,3.0,2.0,-79.0
1777891894.2393324,3.0,4.0,-72.0
1777891894.2493324,1.0,2.0,-67.0
1777891894.2593324,3.0,0.0,-67.0
1777891894.2693324,4.0,0.0,-74.0
1777891894.2793324,4.0,1.0,-79.0
1777891894.2893324,4.0,3.0,-73.0
1777891894.2993324,-1.0,0.0,-69.0
1777891894.3093324,0.0,-3.0,-68.0
1777891894.3193324,0.0,0.0,-73.0
1777891894.3293324,3.0,0.0,-74.0
1777891894.3393323,3.0,0.0,-75.0
1777891894.3493323,4.0,-1.0,-77.0
1777891894.3593323,3.0,0.0,-85.0
1777891894.3693323,0.0,2.0,-83.0
1777891894.3793323,1.0,0.0,-80.0
1777891894.3893323,4.0,0.0,-76.0
1777891894.3993323,1.0,-4.0,-76.0
1777891894.4093325,1.0,-5.0,-70.0
1777891894.4193325,0.0,-3.0,-68.0
1777891894.4293325,-3.0,-6.0,-68.0
1777891894.4393325,-2.0,-9.0,-69.0
1777891894.4493325,-2.0,-7.0,-72.0
1777891894.4593325,-4.0,-7.0,-67.0
1777891894.4693325,0.0,-8.0,-62.0
1777891894.4793324,3.0,-2.0,-66.0
1777891894.4893324,-2.0,3.0,-71.0
1777891894.4993324,-4.0,1.0,-72.0
1777891894.5093324,-5.0,-2.0,-72.0
1777891894.5193324,0.0,-5.0,-76.0
1777891894.5293324,2.0,-4.0,-73.0
1777891894.5393324,3.0,-9.0,-74.0
1777891894.5493324,5.0,-8.0,-75.0
1777891894.5593324,3.0,-5.0,-72.0
1777891894.5693324,1.0,-3.0,-70.0
1777891894.5793324,-3.0,-5.0,-67.0
1777891894.5893323,-4.0,0.0,-74.0
1777891894.5993323,-1.0,-2.0,-77.0
1777891894.6093323,1.0,-4.0,-84.0
1777891894.6193323,4.0,-5.0,-85.0
1777891894.6293323,4.0,-7.0,-74.0
1777891894.6393323,2.0,-7.0,-70.0
1777891894.6493323,2.0,-8.0,-68.0
1777891894.6593325,2.0,-13.0,-64.0
1777891894.6693325,2.0,-14.0,-57.0
1777891894.6793325,3.0,-9.0,-65.0
1777891894.6893325,-3.0,-2.0,-71.0
1777891894.6993325,-4.0,-1.0,-73.0
1777891894.7093325,3.0,-3.0,-72.0
1777891894.7193325,6.0,0.0,-72.0
1777891894.7293324,3.0,0.0,-70.0
1777891894.7393324,5.0,-1.0,-76.0
1777891894.7493324,2.0,0.0,-79.0
1777891894.7593324,2.0,0.0,-75.0
1777891894.7693324,9.0,-3.0,-76.0
1777891894.7793324,5.0,-5.0,-80.0
1777891894.7893324,-1.0,-2.0,-83.0
1777891894.7993324,0.0,-4.0,-80.0
1777891894.8093324,6.0,-6.0,-70.0
1777891894.8193324,2.0,-5.0,-77.0
1777891894.8293324,4.0,-1.0,-74.0
1777891894.8393323,3.0,-1.0,-71.0
1777891894.8493323,1.0,-4.0,-70.0
1777891894.8593323,-2.0,-5.0,-66.0
1777891894.8693323,-4.0,-3.0,-75.0
1777891894.8793323,-4.0,-2.0,-76.0
1777891894.8893323,-8.0,-2.0,-79.0
1777891894.8993323,-4.0,0.0,-79.0
1777891894.9093325,-2.0,-2.0,-75.0
1777891894.9193325,0.0,-2.0,-72.0
1777891894.9293325,2.0,-6.0,-74.0
1777891894.9393325,2.0,-3.0,-75.0
1777891894.9493325,7.0,4.0,-71.0
1777891894.9593325,4.0,3.0,-62.0
1777891894.9693325,3.0,-1.0,-64.0
1777891894.9793324,0.0,-4.0,-73.0
1777891894.9893324,3.0,-7.0,-74.0
1777891894.9993324,7.0,-1.0,-66.0
1777891895.0093324,6.0,0.0,-66.0
1777891895.0193324,2.0,-1.0,-64.0
1777891895.0293324,0.0,-1.0,-72.0
1777891895.0393324,0.0,-5.0,-79.0
1777891895.0493324,-1.0,-1.0,-69.0
1777891895.0593324,2.0,-4.0,-68.0
1777891895.0693324,1.0,-7.0,-71.0
1777891895.0803325,0.0,-5.0,-71.0
1777891895.0903325,2.0,-6.0,-67.0
1777891895.1003325,3.0,-5.0,-62.0
1777891895.1103325,0.0,-5.0,-61.0
1777891895.1203325,0.0,-3.0,-63.0
1777891895.1303325,0.0,0.0,-67.0
1777891895.1403325,-1.0,0.0,-66.0
1777891895.1503325,-2.0,-3.0,-67.0
1777891895.1603324,-3.0,-4.0,-65.0
1777891895.1703324,-5.0,-2.0,-67.0
1777891895.1803324,-5.0,-1.0,-65.0
1777891895.1903324,-5.0,-3.0,-62.0
1777891895.2003324,-4.0,-4.0,-52.0
1777891895.2103324,-1.0,-8.0,-52.0
1777891895.2203324,0.0,-8.0,-58.0
1777891895.2303324,5.0,-6.0,-60.0
1777891895.2403324,3.0,-4.0,-61.0
1777891895.2503324,3.0,-2.0,-58.0
1777891895.2603323,6.0,0.0,-54.0
1777891895.2703323,9.0,0.0,-62.0
1777891895.2803323,7.0,4.0,-65.0
1777891895.2903323,3.0,2.0,-63.0
1777891895.3003323,2.0,0.0,-61.0
1777891895.3103323,5.0,2.0,-66.0
1777891895.3203323,6.0,1.0,-63.0
1777891895.3303325,1.0,2.0,-67.0
1777891895.3403325,-2.0,2.0,-72.0
1777891895.3503325,-4.0,0.0,-79.0
1777891895.3603325,-6.0,-2.0,-87.0
1777891895.3703325,-6.0,-5.0,-79.0
1777891895.3803325,-5.0,-4.0,-78.0
1777891895.3903325,-6.0,-2.0,-72.0
1777891895.4003325,-1.0,0.0,-76.0
1777891895.4103324,-3.0,2.0,-73.0
1777891895.4203324,-4.0,5.0,-78.0
1777891895.4303324,-6.0,4.0,-75.0
1777891895.4403324,-5.0,2.0,-78.0
1777891895.4503324,-8.0,3.0,-77.0
1777891895.4603324,-2.0,2.0,-79.0
1777891895.4703324,-2.0,-1.0,-77.0
1777891895.4803324,1.0,1.0,-82.0
1777891895.4903324,0.0,1.0,-77.0
1777891895.5003324,-1.0,3.0,-75.0
1777891895.5103323,-3.0,3.0,-71.0
1777891895.5203323,0.0,3.0,-63.0
1777891895.5303323,5.0,3.0,-67.0
1777891895.5403323,4.0,4.0,-68.0
1777891895.5503323,4.0,6.0,-67.0
1777891895.5603323,4.0,0.0,-69.0
1777891895.5703323,4.0,-3.0,-72.0
1777891895.5803325,6.0,-2.0,-74.0
1777891895.5903325,7.0,-6.0,-72.0
1777891895.6003325,8.0,-4.0,-68.0
1777891895.6103325,7.0,0.0,-66.0
1777891895.6203325,6.0,-2.0,-70.0
1777891895.6303325,7.0,1.0,-68.0
1777891895.6403325,9.0,0.0,-69.0
1777891895.6503325,9.0,2.0,-65.0
1777891895.6603324,10.0,3.0,-68.0
1777891895.6703324,6.0,1.0,-71.0
1777891895.6803324,2.0,4.0,-69.0
1777891895.6903324,-3.0,2.0,-72.0
1777891895.7003324,-5.0,1.0,-76.0
1777891895.7103324,-4.0,6.0,-77.0
1777891895.7203324,-5.0,10.0,-79.0
1777891895.7303324,0.0,8.0,-84.0
1777891895.7403324,3.0,3.0,-87.0
1777891895.7503324,3.0,1.0,-90.0
1777891895.7603323,2.0,0.0,-81.0
1777891895.7703323,3.0,2.0,-83.0
1777891895.7803323,4.0,7.0,-85.0
1777891895.7903323,1.0,4.0,-79.0
1777891895.8003323,4.0,5.0,-78.0
1777891895.8103323,6.0,4.0,-77.0
1777891895.8203323,6.0,9.0,-74.0
1777891895.8303325,1.0,9.0,-73.0
1777891895.8403325,2.0,3.0,-72.0
1777891895.8503325,-1.0,1.0,-68.0
1777891895.8603325,1.0,0.0,-74.0
1777891895.8703325,5.0,0.0,-68.0
1777891895.8803325,8.0,-4.0,-69.0
1777891895.8903325,7.0,-2.0,-67.0
1777891895.9003325,6.0,1.0,-68.0
1777891895.9103324,3.0,1.0,-71.0
1777891895.9203324,0.0,1.0,-68.0
1777891895.9303324,2.0,-1.0,-69.0
1777891895.9403324,3.0,0.0,-66.0
1777891895.9503324,7.0,-2.0,-69.0
1777891895.9603324,7.0,-1.0,-73.0
1777891895.9703324,8.0,-5.0,-75.0
1777891895.9803324,8.0,-4.0,-67.0
1777891895.9903324,5.0,-4.0,-71.0
1777891896.0003324,6.0,-2.0,-72.0
1777891896.0103323,1.0,0.0,-67.0
1777891896.0203323,0.0,1.0,-62.0
1777891896.0303323,0.0,1.0,-68.0
1777891896.0403323,8.0,-3.0,-75.0
1777891896.0503323,13.0,-4.0,-76.0
1777891896.0603323,16.0,-1.0,-73.0
1777891896.0703323,19.0,0.0,-72.0
1777891896.0803325,12.0,-3.0,-77.0
1777891896.0903325,12.0,-5.0,-76.0
1777891896.1003325,5.0,0.0,-74.0
1777891896.1103325,6.0,3.0,-75.0
1777891896.1203325,7.0,-4.0,-73.0
1777891896.1303325,7.0,-1.0,-64.0
1777891896.1403325,5.0,3.0,-61.0
1777891896.1503325,5.0,3.0,-64.0
1777891896.1603324,6.0,3.0,-61.0
1777891896.1703324,4.0,4.0,-60.0
1777891896.1803324,8.0,5.0,-65.0
1777891896.1903324,8.0,3.0,-77.0
1777891896.2003324,2.0,8.0,-82.0
1777891896.2103324,5.0,6.0,-77.0
1777891896.2203324,5.0,6.0,-79.0
1777891896.2303324,4.0,3.0,-80.0
1777891896.2403324,7.0,2.0,-76.0
1777891896.2503324,8.0,2.0,-73.0
1777891896.2603323,5.0,5.0,-77.0
1777891896.2703323,5.0,4.0,-76.0
1777891896.2803323,6.0,3.0,-80.0
1777891896.2903323,8.0,5.0,-75.0
1777891896.3003323,7.0,4.0,-71.0
1777891896.3103323,6.0,7.0,-67.0
1777891896.3203323,8.0,6.0,-74.0
1777891896.3303325,7.0,5.0,-76.0
1777891896.3403325,9.0,5.0,-76.0
1777891896.3503325,9.0,-2.0,-74.0
1777891896.3603325,10.0,-8.0,-63.0
1777891896.3703325,9.0,-6.0,-73.0
1777891896.3803325,5.0,-5.0,-75.0
1777891896.3903325,4.0,-1.0,-74.0
1777891896.4003325,6.0,5.0,-76.0
1777891896.4103324,6.0,6.0,-72.0
1777891896.4203324,5.0,8.0,-69.0
1777891896.4303324,4.0,7.0,-71.0
1777891896.4403324,1.0,8.0,-69.0
1777891896.4503324,3.0,5.0,-65.0
1777891896.4603324,3.0,4.0,-68.0
1777891896.4703324,0.0,5.0,-67.0
1777891896.4803324,0.0,9.0,-69.0
1777891896.4903324,2.0,8.0,-75.0
1777891896.5003324,6.0,2.0,-78.0
1777891896.5103323,7.0,-1.0,-72.0
1777891896.5203323,9.0,-5.0,-74.0
1777891896.5303323,6.0,-5.0,-73.0
1777891896.5403323,5.0,-1.0,-72.0
1777891896.5503323,4.0,-3.0,-65.0
1777891896.5603323,0.0,-4.0,-65.0
1777891896.5703323,-3.0,-5.0,-68.0
1777891896.5803325,-1.0,-1.0,-73.0
1777891896.5903325,-1.0,0.0,-76.0
1777891896.6003325,-1.0,0.0,-76.0
1777891896.6103325,2.0,-1.0,-82.0
1777891896.6203325,-1.0,0.0,-80.0
1777891896.6303325,-2.0,1.0,-82.0
1777891896.6403325,-6.0,-1.0,-85.0
1777891896.6503325,-3.0,0.0,-81.0
1777891896.6603324,-3.0,-3.0,-84.0
1777891896.6703324,-3.0,-1.0,-80.0
1777891896.6803324,0.0,0.0,-76.0
1777891896.6903324,0.0,-3.0,-78.0
1777891896.7003324,-1.0,-4.0,-79.0
1777891896.7103324,-2.0,-5.0,-73.0
1777891896.7203324,-4.0,-4.0,-73.0
1777891896.7303324,-1.0,-5.0,-69.0
1777891896.7403324,-1.0,0.0,-76.0
1777891896.7503324,-2.0,-1.0,-79.0
1777891896.7603323,-3.0,-1.0,-74.0
1777891896.7703323,-4.0,0.0,-71.0
1777891896.7803323,-1.0,3.0,-68.0
1777891896.7903323,0.0,0.0,-63.0
1777891896.8003323,-1.0,-1.0,-56.0
1777891896.8103323,-4.0,2.0,-59.0
1777891896.8203323,0.0,0.0,-61.0
1777891896.8303325,4.0,-1.0,-64.0
1777891896.8403325,7.0,-1.0,-62.0
1777891896.8503325,3.0,0.0,-56.0
1777891896.8603325,-2.0,-2.0,-58.0
1777891896.8703325,-1.0,-4.0,-60.0
1777891896.8803325,3.0,-2.0,-65.0
1777891896.8903325,2.0,-1.0,-70.0
1777891896.9003325,1.0,-3.0,-64.0
1777891896.9103324,0.0,-1.0,-62.0
1777891896.9203324,0.0,-5.0,-62.0
1777891896.9303324,-2.0,-5.0,-63.0
1777891896.9403324,-1.0,-3.0,-68.0
1777891896.9503324,0.0,-7.0,-67.0
1777891896.9603324,0.0,-8.0,-73.0
1777891896.9703324,0.0,-6.0,-79.0
1777891896.9803324,3.0,-8.0,-75.0
1777891896.9903324,2.0,-5.0,-73.0
1777891897.0003324,0.0,-3.0,-75.0
1777891897.0103323,0.0,-5.0,-76.0
1777891897.0203323,1.0,-4.0,-73.0
1777891897.0313325,4.0,-3.0,-61.0
1777891897.0413325,8.0,-5.0,-63.0
1777891897.0503323,6.0,-5.0,-61.0
1777891897.0613325,5.0,-3.0,-57.0
1777891897.0713325,4.0,2.0,-68.0
1777891897.0813324,0.0,3.0,-68.0
1777891897.0913324,4.0,4.0,-66.0
1777891897.1013324,3.0,0.0,-67.0
1777891897.1113324,1.0,-2.0,-73.0
1777891897.1213324,3.0,1.0,-73.0
1777891897.1313324,3.0,1.0,-75.0
1777891897.1413324,3.0,4.0,-69.0
1777891897.1513324,1.0,0.0,-68.0
1777891897.1613324,1.0,-3.0,-72.0
1777891897.1713324,1.0,-3.0,-66.0
1777891897.1813323,3.0,-6.0,-65.0
1777891897.1913323,2.0,-4.0,-71.0
1777891897.2013323,-2.0,-5.0,-74.0
1777891897.2113323,-7.0,-1.0,-73.0
1777891897.2213323,-3.0,-3.0,-72.0
1777891897.2313323,-6.0,4.0,-73.0
1777891897.2413323,-6.0,1.0,-71.0
1777891897.2513323,-8.0,-4.0,-72.0
1777891897.2613325,-6.0,-2.0,-73.0
1777891897.2713325,-3.0,-4.0,-75.0
1777891897.2813325,-4.0,-3.0,-72.0
1777891897.2913325,-2.0,-3.0,-74.0
1777891897.3013325,0.0,-9.0,-72.0
1777891897.3113325,1.0,-7.0,-66.0
1777891897.3213325,0.0,0.0,-66.0
1777891897.3313324,1.0,0.0,-65.0
1777891897.3413324,0.0,2.0,-61.0
1777891897.3513324,2.0,3.0,-55.0
1777891897.3613324,5.0,3.0,-55.0
1777891897.3713324,7.0,-2.0,-61.0
1777891897.3813324,9.0,-5.0,-69.0
1777891897.3913324,11.0,-9.0,-69.0
1777891897.4013324,9.0,-10.0,-75.0
1777891897.4113324,10.0,-12.0,-77.0
1777891897.4213324,8.0,-11.0,-78.0
1777891897.4313323,6.0,-9.0,-85.0
1777891897.4413323,4.0,-7.0,-86.0
1777891897.4513323,1.0,-7.0,-90.0
1777891897.4613323,0.0,-1.0,-86.0
1777891897.4713323,-1.0,3.0,-83.0
1777891897.4813323,1.0,5.0,-77.0
1777891897.4913323,0.0,0.0,-74.0
1777891897.5013323,2.0,0.0,-74.0
1777891897.5113325,0.0,-1.0,-68.0
1777891897.5213325,3.0,0.0,-71.0
1777891897.5313325,2.0,1.0,-72.0
1777891897.5413325,4.0,0.0,-74.0
1777891897.5513325,1.0,1.0,-68.0
1777891897.5613325,5.0,1.0,-66.0
1777891897.5713325,7.0,-2.0,-64.0
1777891897.5813324,2.0,0.0,-74.0
1777891897.5913324,1.0,0.0,-77.0
1777891897.6013324,0.0,0.0,-73.0
1777891897.6113324,0.0,1.0,-74.0
1777891897.6213324,2.0,-1.0,-78.0
1777891897.6313324,4.0,-4.0,-78.0
1777891897.6413324,6.0,-3.0,-74.0
1777891897.6513324,10.0,-3.0,-72.0
1777891897.6613324,12.0,-2.0,-72.0
1777891897.6713324,10.0,-3.0,-67.0
1777891897.6813323,7.0,-2.0,-66.0
1777891897.6913323,8.0,0.0,-71.0
1777891897.7013323,4.0,0.0,-72.0
1777891897.7113323,4.0,1.0,-73.0
1777891897.7213323,7.0,1.0,-75.0
1777891897.7313323,3.0,0.0,-79.0
1777891897.7413323,2.0,0.0,-84.0
1777891897.7513323,3.0,3.0,-85.0
1777891897.7613325,6.0,1.0,-85.0
1777891897.7713325,3.0,0.0,-83.0
1777891897.7813325,0.0,2.0,-81.0
1777891897.7913325,-2.0,2.0,-79.0
1777891897.8013325,3.0,3.0,-82.0
1777891897.8113325,3.0,5.0,-79.0
1777891897.8213325,1.0,6.0,-75.0
1777891897.8313324,2.0,5.0,-78.0
1777891897.8413324,6.0,2.0,-77.0
1777891897.8513324,6.0,0.0,-79.0
1777891897.8613324,9.0,0.0,-80.0
1777891897.8713324,3.0,0.0,-74.0
1777891897.8813324,2.0,0.0,-67.0
1777891897.8913324,0.0,-1.0,-71.0
1777891897.9013324,3.0,0.0,-71.0
1777891897.9113324,4.0,0.0,-66.0
1777891897.9213324,3.0,0.0,-63.0
1777891897.9313323,7.0,-2.0,-67.0
1777891897.9413323,6.0,-4.0,-79.0
1777891897.9513323,3.0,-3.0,-75.0
1777891897.9613323,6.0,0.0,-72.0
1777891897.9713323,4.0,1.0,-74.0
1777891897.9813323,1.0,1.0,-68.0
1777891897.9913323,3.0,0.0,-71.0
1777891898.0013323,0.0,0.0,-71.0
1777891898.0113325,0.0,-5.0,-69.0
1777891898.0213325,-1.0,-5.0,-72.0
1777891898.0313325,0.0,-2.0,-71.0
1777891898.0413325,0.0,0.0,-70.0
1777891898.0513325,1.0,0.0,-71.0
1777891898.0613325,1.0,0.0,-60.0
1777891898.0713325,1.0,0.0,-59.0
1777891898.0813324,4.0,1.0,-57.0
1777891898.0913324,5.0,3.0,-64.0
1777891898.1013324,7.0,0.0,-70.0
1777891898.1113324,5.0,-3.0,-66.0
1777891898.1213324,5.0,-6.0,-67.0
1777891898.1313324,5.0,-4.0,-61.0
1777891898.1413324,6.0,-2.0,-67.0
1777891898.1513324,3.0,-2.0,-70.0
1777891898.1613324,5.0,-1.0,-76.0
1777891898.1713324,9.0,0.0,-80.0
1777891898.1813323,7.0,0.0,-73.0
1777891898.1913323,5.0,-2.0,-76.0
1777891898.2013323,2.0,-2.0,-76.0
1777891898.2113323,4.0,-7.0,-71.0
1777891898.2213323,6.0,-3.0,-70.0
1777891898.2313323,7.0,-3.0,-68.0
1777891898.2413323,3.0,-3.0,-66.0
1777891898.2513323,0.0,0.0,-65.0
1777891898.2613325,0.0,-1.0,-66.0
1777891898.2713325,-3.0,0.0,-72.0
1777891898.2813325,-2.0,-1.0,-70.0
1777891898.2913325,-2.0,-3.0,-71.0
1777891898.3013325,0.0,-2.0,-73.0
1777891898.3113325,3.0,-6.0,-75.0
1777891898.3213325,-1.0,-5.0,-76.0
1777891898.3313324,-2.0,-2.0,-70.0
1777891898.3413324,0.0,-2.0,-75.0
1777891898.3513324,-1.0,-1.0,-74.0
1777891898.3613324,-5.0,0.0,-72.0
1777891898.3713324,-6.0,-2.0,-75.0
1777891898.3813324,-5.0,-5.0,-80.0
1777891898.3913324,-2.0,-2.0,-81.0
1777891898.4013324,-4.0,-1.0,-77.0
1777891898.4113324,-4.0,-2.0,-77.0
1777891898.4213324,-3.0,-3.0,-69.0
1777891898.4313323,-2.0,-3.0,-75.0
1777891898.4413323,-1.0,-6.0,-80.0
1777891898.4513323,0.0,0.0,-72.0
1777891898.4613323,0.0,2.0,-79.0
1777891898.4713323,-1.0,2.0,-76.0
1777891898.4813323,-3.0,4.0,-79.0
1777891898.4913323,-1.0,5.0,-71.0
1777891898.5013323,2.0,2.0,-70.0
1777891898.5113325,7.0,-4.0,-72.0
1777891898.5213325,1.0,-1.0,-73.0
1777891898.5313325,3.0,0.0,-67.0
1777891898.5413325,4.0,1.0,-72.0
1777891898.5513325,4.0,0.0,-72.0
1777891898.5613325,7.0,-4.0,-69.0
1777891898.5713325,8.0,0.0,-73.0
1777891898.5813324,4.0,0.0,-79.0
1777891898.5913324,2.0,0.0,-81.0
1777891898.6013324,3.0,2.0,-83.0
1777891898.6113324,4.0,4.0,-83.0
1777891898.6213324,4.0,5.0,-81.0
1777891898.6313324,3.0,3.0,-78.0
1777891898.6413324,0.0,-1.0,-82.0
1777891898.6513324,0.0,1.0,-74.0
1777891898.6623323,-2.0,4.0,-68.0
1777891898.6713324,1.0,2.0,-72.0
1777891898.6813323,1.0,-1.0,-75.0
1777891898.6913323,3.0,2.0,-75.0
1777891898.7013323,0.0,0.0,-70.0
1777891898.7113323,1.0,0.0,-72.0
1777891898.7213323,5.0,-4.0,-76.0
1777891898.7313323,3.0,-3.0,-81.0
1777891898.7413323,4.0,-8.0,-86.0
1777891898.7513323,4.0,-6.0,-87.0
1777891898.7613325,4.0,-1.0,-85.0
1777891898.7713325,2.0,0.0,-80.0
1777891898.7813325,1.0,0.0,-75.0
1777891898.7913325,1.0,-2.0,-72.0
1777891898.8013325,2.0,-4.0,-75.0
1777891898.8113325,6.0,-3.0,-73.0
1777891898.8213325,3.0,-5.0,-78.0
1777891898.8313324,1.0,-3.0,-79.0
1777891898.8413324,4.0,-4.0,-82.0
1777891898.8513324,3.0,-7.0,-82.0
1777891898.8613324,0.0,-3.0,-79.0
1777891898.8713324,0.0,-4.0,-77.0
1777891898.8813324,0.0,-4.0,-77.0
1777891898.8913324,4.0,-3.0,-74.0
1777891898.9013324,5.0,-4.0,-64.0
1777891898.9113324,5.0,-5.0,-68.0
1777891898.9213324,8.0,0.0,-76.0
1777891898.9313323,4.0,-1.0,-79.0
1777891898.9413323,-2.0,0.0,-77.0
1777891898.9513323,-2.0,-3.0,-80.0
1777891898.9613323,-1.0,0.0,-76.0
1777891898.9713323,-5.0,-3.0,-72.0
1777891898.9813323,-2.0,0.0,-70.0
1777891898.9913323,-1.0,1.0,-67.0
1777891899.0013323,-5.0,2.0,-65.0
1777891899.0113325,-1.0,0.0,-68.0
1777891899.0213325,-1.0,0.0,-70.0
1777891899.0313325,-1.0,0.0,-64.0
1777891899.0413325,0.0,0.0,-58.0
1777891899.0513325,2.0,-3.0,-68.0
1777891899.0623324,2.0,1.0,-67.0
1777891899.0723324,-1.0,2.0,-71.0
1777891899.0823324,0.0,0.0,-67.0
1777891899.0923324,0.0,0.0,-69.0
1777891899.1023324,0.0,0.0,-70.0
1777891899.1123323,-2.0,-1.0,-69.0
1777891899.1223323,1.0,-3.0,-64.0
1777891899.1323323,3.0,-5.0,-66.0
1777891899.1423323,0.0,-7.0,-63.0
1777891899.1523323,0.0,-5.0,-66.0
1777891899.1623323,6.0,-3.0,-68.0
1777891899.1723323,5.0,-3.0,-70.0
1777891899.1823325,7.0,-4.0,-71.0
1777891899.1923325,6.0,-6.0,-71.0
1777891899.2023325,0.0,-8.0,-76.0
1777891899.2123325,0.0,-8.0,-78.0
1777891899.2223325,0.0,-11.0,-79.0
1777891899.2323325,-2.0,-13.0,-82.0
1777891899.2423325,-1.0,-10.0,-82.0
1777891899.2523324,0.0,-9.0,-74.0
1777891899.2623324,1.0,-7.0,-75.0
1777891899.2723324,1.0,0.0,-73.0
1777891899.2823324,0.0,0.0,-79.0
1777891899.2923324,-2.0,-1.0,-78.0
1777891899.3023324,3.0,0.0,-73.0
1777891899.3123324,7.0,0.0,-71.0
1777891899.3223324,4.0,4.0,-68.0
1777891899.3323324,5.0,1.0,-71.0
1777891899.3423324,2.0,4.0,-74.0
1777891899.3523324,3.0,2.0,-71.0
1777891899.3623323,6.0,3.0,-67.0
1777891899.3723323,6.0,1.0,-59.0
1777891899.3823323,2.0,3.0,-64.0
1777891899.3923323,2.0,1.0,-66.0
1777891899.4023323,2.0,0.0,-61.0
1777891899.4123323,2.0,-2.0,-57.0
1777891899.4223323,4.0,0.0,-57.0
1777891899.4323325,3.0,1.0,-57.0
1777891899.4423325,3.0,0.0,-65.0
1777891899.4523325,4.0,0.0,-66.0
1777891899.4623325,1.0,-1.0,-63.0
1777891899.4723325,0.0,-2.0,-68.0
1777891899.4823325,-2.0,-5.0,-75.0
1777891899.4923325,0.0,-2.0,-74.0
1777891899.5023324,1.0,-5.0,-77.0
1777891899.5123324,2.0,-9.0,-76.0
1777891899.5223324,6.0,-8.0,-77.0
1777891899.5323324,9.0,-3.0,-81.0
1777891899.5423324,8.0,-2.0,-73.0
1777891899.5523324,6.0,-1.0,-68.0
1777891899.5623324,0.0,0.0,-68.0
1777891899.5723324,3.0,3.0,-66.0
1777891899.5823324,2.0,4.0,-67.0
1777891899.5923324,5.0,2.0,-69.0
1777891899.6023324,3.0,-4.0,-71.0
1777891899.6123323,4.0,-5.0,-76.0
1777891899.6223323,2.0,-4.0,-74.0
1777891899.6323323,1.0,-2.0,-70.0
1777891899.6423323,1.0,-3.0,-69.0
1777891899.6523323,6.0,0.0,-71.0
1777891899.6623323,3.0,0.0,-70.0
1777891899.6723323,0.0,0.0,-68.0
1777891899.6823325,1.0,3.0,-71.0
1777891899.6923325,1.0,1.0,-69.0
1777891899.7023325,0.0,3.0,-68.0
1777891899.7123325,1.0,4.0,-67.0
1777891899.7223325,-1.0,4.0,-69.0
1777891899.7323325,-2.0,4.0,-63.0
1777891899.7423325,-5.0,0.0,-63.0
1777891899.7523324,-5.0,0.0,-64.0
1777891899.7623324,-9.0,-4.0,-72.0
1777891899.7723324,-11.0,-9.0,-76.0
1777891899.7823324,-8.0,-6.0,-75.0
1777891899.7923324,-5.0,-4.0,-73.0
1777891899.8023324,-3.0,-7.0,-69.0
1777891899.8123324,2.0,-10.0,-71.0
1777891899.8223324,3.0,-5.0,-81.0
1777891899.8323324,0.0,-1.0,-82.0
1777891899.8423324,3.0,-1.0,-82.0
1777891899.8523324,0.0,-5.0,-82.0
1777891899.8623323,1.0,-1.0,-82.0
1777891899.8723323,0.0,-4.0,-83.0
1777891899.8823323,4.0,-2.0,-86.0
1777891899.8923323,2.0,0.0,-83.0
1777891899.9023323,0.0,4.0,-75.0
1777891899.9123323,0.0,4.0,-74.0
1777891899.9223323,1.0,1.0,-75.0
1777891899.9323325,2.0,0.0,-75.0
1777891899.9423325,0.0,1.0,-71.0
1777891899.9523325,2.0,4.0,-67.0
1777891899.9623325,1.0,3.0,-69.0
1777891899.9723325,0.0,-2.0,-75.0
1777891899.9823325,4.0,-4.0,-73.0
1777891899.9923325,2.0,-3.0,-69.0
1777891900.0023324,0.0,-3.0,-71.0
1777891900.0123324,-1.0,-7.0,-70.0
1777891900.0223324,0.0,-7.0,-65.0
1777891900.0323324,-1.0,-7.0,-69.0
1777891900.0423324,-2.0,-8.0,-68.0
1777891900.0523324,-7.0,-10.0,-68.0
1777891900.0623324,-8.0,-10.0,-75.0
1777891900.0723324,-6.0,-6.0,-77.0
1777891900.0823324,-5.0,-10.0,-76.0
1777891900.0923324,-4.0,-6.0,-79.0
1777891900.1023324,-3.0,-4.0,-81.0
1777891900.1123323,-3.0,0.0,-85.0
1777891900.1223323,-5.0,-1.0,-83.0
1777891900.1323323,-2.0,-2.0,-78.0
1777891900.1423323,-1.0,-1.0,-85.0
1777891900.1523323,-1.0,-1.0,-85.0
1777891900.1623323,3.0,-5.0,-83.0
1777891900.1723323,8.0,-2.0,-81.0
1777891900.1823325,4.0,-4.0,-78.0
1777891900.1923325,3.0,-3.0,-83.0
1777891900.2023325,7.0,3.0,-81.0
1777891900.2123325,3.0,5.0,-76.0
1777891900.2223325,7.0,6.0,-77.0
1777891900.2323325,5.0,2.0,-76.0
1777891900.2423325,6.0,2.0,-81.0
1777891900.2523324,3.0,0.0,-74.0
1777891900.2623324,0.0,1.0,-68.0
1777891900.2723324,0.0,-1.0,-72.0
1777891900.2823324,1.0,1.0,-73.0
1777891900.2923324,2.0,8.0,-74.0
1777891900.3023324,2.0,8.0,-77.0
1777891900.3123324,0.0,2.0,-81.0
1777891900.3223324,-4.0,-2.0,-85.0
1777891900.3323324,-1.0,-1.0,-78.0
1777891900.3423324,0.0,-1.0,-81.0
1777891900.3523324,-1.0,-2.0,-80.0
1777891900.3623323,0.0,1.0,-80.0
1777891900.3723323,2.0,1.0,-74.0
1777891900.3823323,-2.0,0.0,-78.0
1777891900.3923323,-1.0,1.0,-74.0
1777891900.4023323,-4.0,-1.0,-69.0
1777891900.4123323,-2.0,-3.0,-68.0
1777891900.4223323,0.0,-4.0,-74.0
1777891900.4323325,-2.0,-2.0,-74.0
1777891900.4423325,3.0,-2.0,-77.0
1777891900.4523325,0.0,-4.0,-73.0
1777891900.4623325,-1.0,0.0,-76.0
1777891900.4723325,-4.0,-1.0,-81.0
1777891900.4823325,-1.0,-2.0,-76.0
1777891900.4923325,0.0,0.0,-71.0
1777891900.5023324,-1.0,-1.0,-72.0
1777891900.5123324,-1.0,1.0,-76.0
1777891900.5223324,-4.0,2.0,-76.0
1777891900.5323324,-4.0,0.0,-75.0
1777891900.5423324,0.0,0.0,-72.0
1777891900.5523324,4.0,1.0,-72.0
1777891900.5623324,3.0,0.0,-70.0
1777891900.5723324,-1.0,0.0,-66.0
1777891900.5823324,-2.0,0.0,-71.0
1777891900.5923324,3.0,4.0,-78.0
1777891900.6023324,3.0,3.0,-76.0
1777891900.6123323,4.0,3.0,-77.0
1777891900.6223323,1.0,0.0,-79.0
1777891900.6323323,0.0,0.0,-77.0
1777891900.6423323,0.0,-2.0,-73.0
1777891900.6523323,1.0,0.0,-73.0
1777891900.6623323,2.0,-3.0,-73.0
1777891900.6723323,5.0,-2.0,-78.0
1777891900.6823325,2.0,0.0,-76.0
1777891900.6923325,4.0,0.0,-78.0
1777891900.7023325,-1.0,0.0,-78.0
1777891900.7123325,-3.0,0.0,-81.0
1777891900.7223325,1.0,-1.0,-75.0
1777891900.7323325,1.0,-4.0,-74.0
1777891900.7423325,5.0,-4.0,-76.0
1777891900.7523324,1.0,-4.0,-76.0
1777891900.7623324,0.0,-1.0,-72.0
1777891900.7723324,-2.0,-4.0,-69.0
1777891900.7823324,-4.0,-2.0,-70.0
1777891900.7923324,-3.0,1.0,-74.0
1777891900.8023324,0.0,1.0,-73.0
1777891900.8123324,-2.0,1.0,-75.0
1777891900.8223324,-4.0,2.0,-80.0
1777891900.8323324,-6.0,4.0,-76.0
1777891900.8423324,-7.0,-1.0,-76.0
1777891900.8523324,-4.0,0.0,-79.0
1777891900.8623323,0.0,0.0,-75.0
1777891900.8723323,-1.0,2.0,-70.0
1777891900.8823323,-1.0,4.0,-69.0
1777891900.8923323,-2.0,2.0,-78.0
1777891900.9023323,1.0,4.0,-74.0
1777891900.9123323,2.0,2.0,-72.0
1777891900.9223323,0.0,1.0,-71.0
1777891900.9323325,0.0,5.0,-67.0
1777891900.9423325,2.0,3.0,-66.0
1777891900.9523325,-1.0,1.0,-64.0
1777891900.9623325,-1.0,-1.0,-67.0
1777891900.9723325,5.0,-2.0,-72.0
1777891900.9823325,1.0,-3.0,-73.0
1777891900.9923325,0.0,-1.0,-71.0
1777891901.0023324,0.0,-7.0,-74.0
1777891901.0123324,2.0,-5.0,-72.0
1777891901.0223324,3.0,-1.0,-67.0
1777891901.0323324,4.0,-3.0,-71.0
1777891901.0433323,6.0,-2.0,-72.0
1777891901.0533323,2.0,2.0,-71.0
1777891901.0633323,-2.0,3.0,-70.0
1777891901.0733323,-1.0,1.0,-77.0
1777891901.0833323,0.0,-3.0,-77.0
1777891901.0933323,-1.0,-2.0,-79.0
1777891901.1033323,-5.0,-5.0,-73.0
1777891901.1133325,-9.0,-5.0,-73.0
1777891901.1233325,-9.0,-7.0,-65.0
1777891901.1333325,-7.0,-5.0,-61.0
1777891901.1433325,-4.0,-6.0,-60.0
1777891901.1533325,-6.0,-7.0,-68.0
1777891901.1633325,-1.0,-9.0,-65.0
1777891901.1733325,0.0,-10.0,-69.0
1777891901.1833324,3.0,-6.0,-72.0
1777891901.1933324,3.0,-6.0,-69.0
1777891901.2033324,7.0,-4.0,-75.0
1777891901.2133324,0.0,-3.0,-78.0
1777891901.2233324,2.0,-2.0,-82.0
1777891901.2333324,3.0,0.0,-78.0
1777891901.2433324,7.0,-2.0,-77.0
1777891901.2533324,11.0,-2.0,-74.0
1777891901.2633324,14.0,-2.0,-75.0
1777891901.2733324,15.0,-1.0,-73.0
1777891901.2833323,14.0,-1.0,-75.0
1777891901.2933323,10.0,-4.0,-75.0
1777891901.3033323,8.0,-7.0,-73.0
1777891901.3133323,9.0,-5.0,-69.0
1777891901.3233323,12.0,-3.0,-72.0
1777891901.3333323,13.0,-2.0,-72.0
1777891901.3433323,10.0,2.0,-72.0
1777891901.3533323,5.0,1.0,-75.0
1777891901.3633325,3.0,0.0,-84.0
1777891901.3733325,5.0,0.0,-85.0
1777891901.3833325,2.0,0.0,-85.0
1777891901.3933325,-2.0,0.0,-81.0
1777891901.4033325,-5.0,-2.0,-78.0
1777891901.4133325,-5.0,1.0,-78.0
1777891901.4233325,0.0,3.0,-78.0
1777891901.4333324,-1.0,-1.0,-76.0
1777891901.4433324,0.0,1.0,-72.0
1777891901.4533324,-1.0,3.0,-67.0
1777891901.4633324,0.0,1.0,-65.0
1777891901.4733324,-1.0,-1.0,-69.0
1777891901.4833324,0.0,-4.0,-74.0
1777891901.4933324,-4.0,-8.0,-73.0
1777891901.5033324,-3.0,-5.0,-63.0
1777891901.5133324,-3.0,-4.0,-57.0
1777891901.5233324,0.0,-3.0,-56.0
1777891901.5333323,-1.0,-2.0,-55.0
1777891901.5433323,-3.0,-2.0,-53.0
1777891901.5533323,-5.0,-3.0,-54.0
1777891901.5633323,-5.0,1.0,-59.0
1777891901.5733323,-4.0,1.0,-63.0
1777891901.5833323,-2.0,3.0,-66.0
1777891901.5933323,-4.0,2.0,-66.0
1777891901.6033323,-4.0,1.0,-73.0
1777891901.6133325,-3.0,0.0,-72.0
1777891901.6233325,-3.0,0.0,-70.0
1777891901.6333325,-7.0,-3.0,-68.0
1777891901.6433325,-1.0,-1.0,-71.0
1777891901.6533325,-1.0,1.0,-72.0
1777891901.6633325,0.0,-1.0,-76.0
1777891901.6733325,2.0,1.0,-73.0
1777891901.6833324,2.0,1.0,-73.0
1777891901.6933324,0.0,2.0,-70.0
1777891901.7033324,-1.0,-1.0,-70.0
1777891901.7133324,1.0,0.0,-76.0
1777891901.7233324,3.0,2.0,-73.0
1777891901.7333324,4.0,-1.0,-67.0
1777891901.7433324,2.0,0.0,-66.0
1777891901.7533324,2.0,0.0,-73.0
1777891901.7633324,3.0,3.0,-78.0
1777891901.7733324,4.0,1.0,-72.0
1777891901.7833323,5.0,-2.0,-79.0
1777891901.7933323,6.0,-2.0,-78.0
1777891901.8033323,4.0,-6.0,-78.0
1777891901.8133323,5.0,-3.0,-77.0
1777891901.8233323,4.0,-1.0,-83.0
1777891901.8333323,7.0,0.0,-80.0
1777891901.8433323,8.0,-5.0,-79.0
1777891901.8533323,3.0,-8.0,-79.0
1777891901.8633325,2.0,-5.0,-81.0
1777891901.8733325,4.0,-6.0,-80.0
1777891901.8833325,6.0,-3.0,-76.0
1777891901.8933325,8.0,-6.0,-77.0
1777891901.9033325,4.0,-8.0,-75.0
1777891901.9133325,1.0,-7.0,-70.0
1777891901.9233325,1.0,-4.0,-67.0
1777891901.9333324,0.0,-4.0,-70.0
1777891901.9433324,0.0,0.0,-76.0
1777891901.9533324,0.0,0.0,-74.0
1777891901.9633324,0.0,2.0,-72.0
1777891901.9733324,-3.0,0.0,-74.0
1777891901.9833324,1.0,-1.0,-74.0
1777891901.9933324,1.0,1.0,-80.0
1777891902.0033324,2.0,-4.0,-77.0
1777891902.0133324,3.0,-8.0,-70.0
1777891902.0233324,3.0,-11.0,-70.0
1777891902.0333323,2.0,-5.0,-69.0
1777891902.0433323,5.0,-6.0,-69.0
1777891902.0533323,5.0,-7.0,-71.0
1777891902.0633323,7.0,-3.0,-70.0
1777891902.0733323,2.0,-3.0,-64.0
1777891902.0833323,5.0,-3.0,-74.0
1777891902.0933323,4.0,-1.0,-70.0
1777891902.1033323,0.0,4.0,-64.0
1777891902.1133325,-1.0,0.0,-67.0
1777891902.1233325,3.0,0.0,-77.0
1777891902.1333325,6.0,0.0,-75.0
1777891902.1433325,7.0,0.0,-74.0
1777891902.1533325,1.0,0.0,-73.0
1777891902.1633325,3.0,-4.0,-76.0
1777891902.1733325,2.0,-2.0,-78.0
1777891902.1833324,1.0,0.0,-78.0
1777891902.1933324,3.0,1.0,-78.0
1777891902.2033324,6.0,-2.0,-68.0
1777891902.2133324,6.0,-3.0,-65.0
1777891902.2233324,6.0,-2.0,-71.0
1777891902.2333324,2.0,0.0,-73.0
1777891902.2433324,3.0,0.0,-73.0
1777891902.2533324,2.0,0.0,-72.0
1777891902.2633324,0.0,-4.0,-67.0
1777891902.2733324,3.0,-3.0,-64.0
1777891902.2833323,0.0,-6.0,-62.0
1777891902.2933323,-6.0,-3.0,-68.0
1777891902.3033323,-5.0,-4.0,-73.0
1777891902.3133323,-4.0,-4.0,-79.0
1777891902.3233323,-2.0,-3.0,-73.0
1777891902.3333323,3.0,-7.0,-72.0
1777891902.3433323,6.0,-4.0,-68.0
1777891902.3533323,6.0,-1.0,-70.0
1777891902.3633325,1.0,0.0,-66.0
1777891902.3733325,0.0,0.0,-70.0
1777891902.3833325,2.0,-1.0,-71.0
1777891902.3933325,2.0,0.0,-67.0
1777891902.4033325,2.0,0.0,-73.0
1777891902.4133325,0.0,3.0,-77.0
1777891902.4233325,0.0,3.0,-78.0
1777891902.4333324,1.0,3.0,-75.0
1777891902.4433324,3.0,5.0,-74.0
1777891902.4533324,2.0,2.0,-70.0
1777891902.4633324,4.0,3.0,-72.0
1777891902.4733324,1.0,1.0,-68.0
1777891902.4833324,-2.0,-3.0,-71.0
1777891902.4933324,1.0,-1.0,-73.0
1777891902.5033324,4.0,-2.0,-72.0
1777891902.5133324,8.0,0.0,-74.0
1777891902.5233324,9.0,-2.0,-80.0
1777891902.5333323,9.0,-3.0,-79.0
1777891902.5433323,8.0,-5.0,-78.0
1777891902.5533323,6.0,-8.0,-71.0
1777891902.5633323,2.0,-8.0,-69.0
1777891902.5733323,4.0,-7.0,-67.0
1777891902.5833323,1.0,-10.0,-64.0
1777891902.5933323,0.0,-9.0,-64.0
1777891902.6033323,2.0,-9.0,-67.0
1777891902.6133325,4.0,-7.0,-62.0
1777891902.6233325,4.0,-7.0,-67.0
1777891902.6333325,8.0,-7.0,-71.0
1777891902.6433325,5.0,-10.0,-69.0
1777891902.6533325,9.0,-13.0,-65.0
1777891902.6633325,7.0,-13.0,-61.0
1777891902.6733325,3.0,-10.0,-54.0
1777891902.6833324,0.0,-10.0,-54.0
1777891902.6933324,0.0,-5.0,-52.0
1777891902.7033324,7.0,-6.0,-52.0
1777891902.7133324,14.0,-7.0,-55.0
1777891902.7233324,17.0,-6.0,-61.0
1777891902.7333324,11.0,-4.0,-63.0
1777891902.7433324,14.0,-1.0,-63.0
1777891902.7533324,9.0,0.0,-62.0
1777891902.7633324,7.0,0.0,-68.0
1777891902.7733324,4.0,2.0,-71.0
1777891902.7833323,0.0,4.0,-65.0
1777891902.7933323,-3.0,3.0,-65.0
1777891902.8033323,-2.0,1.0,-64.0
1777891902.8133323,0.0,0.0,-70.0
1777891902.8233323,0.0,2.0,-69.0
1777891902.8333323,4.0,0.0,-74.0
1777891902.8433323,0.0,-2.0,-79.0
1777891902.8533323,-2.0,-3.0,-84.0
1777891902.8633325,-7.0,-5.0,-84.0
1777891902.8733325,-6.0,-2.0,-79.0
1777891902.8833325,-3.0,-1.0,-73.0
1777891902.8933325,-8.0,0.0,-71.0
1777891902.9033325,-3.0,-1.0,-71.0
1777891902.9133325,-4.0,-6.0,-72.0
1777891902.9233325,-4.0,-5.0,-75.0
1777891902.9333324,-1.0,-3.0,-70.0
1777891902.9433324,3.0,-2.0,-76.0
1777891902.9533324,2.0,1.0,-74.0
1777891902.9633324,-1.0,2.0,-76.0
1777891902.9733324,-3.0,2.0,-73.0
1777891902.9843323,-1.0,0.0,-80.0
1777891902.9933324,0.0,0.0,-83.0
1777891903.0043323,-1.0,0.0,-80.0
1777891903.0143323,0.0,1.0,-76.0
1777891903.0233324,1.0,-1.0,-77.0
1777891903.0343325,0.0,-3.0,-75.0
1777891903.0443325,0.0,-4.0,-75.0
1777891903.0533323,3.0,-5.0,-70.0
1777891903.0643325,3.0,-8.0,-66.0
1777891903.0743325,3.0,-9.0,-64.0
1777891903.0843325,8.0,-8.0,-68.0
1777891903.0943325,6.0,-5.0,-66.0
1777891903.1043324,3.0,-7.0,-69.0
1777891903.1143324,1.0,-6.0,-76.0
1777891903.1243324,0.0,-3.0,-74.0
1777891903.1343324,-1.0,-2.0,-74.0
1777891903.1443324,-1.0,0.0,-71.0
1777891903.1543324,2.0,-1.0,-75.0
1777891903.1643324,6.0,-1.0,-79.0
1777891903.1743324,7.0,0.0,-77.0
1777891903.1843324,8.0,-1.0,-76.0
1777891903.1943324,3.0,2.0,-77.0
1777891903.2043324,0.0,4.0,-76.0
1777891903.2143323,3.0,2.0,-73.0
1777891903.2243323,4.0,0.0,-72.0
1777891903.2343323,5.0,0.0,-73.0
1777891903.2443323,7.0,1.0,-72.0
1777891903.2543323,9.0,4.0,-72.0
1777891903.2643323,11.0,1.0,-69.0
1777891903.2743323,8.0,0.0,-62.0
1777891903.2843325,2.0,1.0,-58.0
1777891903.2943325,6.0,0.0,-58.0
1777891903.3043325,3.0,-1.0,-58.0
1777891903.3143325,-1.0,-2.0,-66.0
1777891903.3243325,-2.0,0.0,-63.0
1777891903.3343325,-2.0,0.0,-59.0
1777891903.3443325,1.0,-2.0,-65.0
1777891903.3543324,1.0,0.0,-68.0
1777891903.3643324,2.0,-2.0,-68.0
1777891903.3743324,0.0,-5.0,-67.0
1777891903.3843324,2.0,-3.0,-66.0
1777891903.3943324,2.0,-1.0,-70.0
1777891903.4043324,1.0,0.0,-72.0
1777891903.4143324,3.0,-3.0,-73.0
1777891903.4243324,5.0,0.0,-67.0
1777891903.4343324,6.0,0.0,-63.0
1777891903.4443324,4.0,1.0,-68.0
1777891903.4543324,2.0,2.0,-74.0
1777891903.4643323,2.0,0.0,-69.0
1777891903.4743323,-2.0,0.0,-69.0
1777891903.4843323,0.0,-1.0,-74.0
1777891903.4943323,1.0,1.0,-75.0
1777891903.5043323,2.0,2.0,-82.0
1777891903.5143323,3.0,3.0,-83.0
1777891903.5243323,2.0,0.0,-77.0
1777891903.5343325,4.0,-1.0,-74.0
1777891903.5443325,3.0,0.0,-79.0
1777891903.5543325,-1.0,4.0,-83.0
1777891903.5643325,-8.0,6.0,-80.0
1777891903.5743325,-6.0,9.0,-78.0
1777891903.5843325,-6.0,10.0,-77.0
1777891903.5943325,-3.0,6.0,-78.0
1777891903.6043324,-1.0,3.0,-75.0
1777891903.6143324,1.0,2.0,-73.0
1777891903.6243324,2.0,3.0,-71.0
1777891903.6343324,-1.0,2.0,-70.0
1777891903.6443324,2.0,1.0,-72.0
1777891903.6543324,0.0,1.0,-71.0
1777891903.6643324,0.0,0.0,-70.0
1777891903.6743324,5.0,0.0,-76.0
1777891903.6843324,3.0,0.0,-78.0
1777891903.6943324,4.0,0.0,-74.0
1777891903.7043324,1.0,-2.0,-75.0
1777891903.7143323,-1.0,0.0,-74.0
1777891903.7243323,-1.0,1.0,-75.0
1777891903.7343323,0.0,-1.0,-77.0
1777891903.7443323,1.0,-1.0,-70.0
1777891903.7543323,6.0,0.0,-65.0
1777891903.7643323,4.0,-6.0,-70.0
1777891903.7743323,4.0,-3.0,-70.0
1777891903.7843325,4.0,0.0,-70.0
1777891903.7943325,6.0,-1.0,-66.0
1777891903.8043325,3.0,-5.0,-70.0
1777891903.8143325,2.0,-4.0,-69.0
1777891903.8243325,2.0,-5.0,-68.0
1777891903.8343325,2.0,-4.0,-73.0
1777891903.8443325,0.0,-3.0,-73.0
1777891903.8543324,0.0,-2.0,-78.0
1777891903.8643324,-5.0,0.0,-75.0
1777891903.8743324,-5.0,-2.0,-77.0
1777891903.8843324,0.0,0.0,-76.0
1777891903.8943324,4.0,0.0,-77.0
1777891903.9043324,6.0,-2.0,-77.0
1777891903.9143324,6.0,-4.0,-78.0
1777891903.9243324,3.0,-4.0,-74.0
1777891903.9343324,0.0,0.0,-69.0
1777891903.9443324,2.0,0.0,-72.0
1777891903.9543324,2.0,0.0,-70.0
1777891903.9643323,0.0,2.0,-68.0
1777891903.9743323,5.0,0.0,-77.0
1777891903.9843323,7.0,1.0,-81.0
1777891903.9943323,9.0,1.0,-78.0
1777891904.0043323,7.0,0.0,-74.0
1777891904.0143323,1.0,2.0,-73.0
1777891904.0243323,1.0,-3.0,-73.0
1777891904.0343325,7.0,-1.0,-78.0
1777891904.0443325,6.0,-4.0,-81.0
1777891904.0543325,3.0,-4.0,-84.0
1777891904.0643325,-4.0,-8.0,-81.0
1777891904.0743325,-1.0,-7.0,-84.0
1777891904.0843325,2.0,-5.0,-83.0
1777891904.0943325,1.0,-6.0,-83.0
1777891904.1043324,1.0,-4.0,-74.0
1777891904.1143324,5.0,-4.0,-70.0
1777891904.1243324,7.0,-1.0,-67.0
1777891904.1343324,6.0,0.0,-68.0
1777891904.1443324,3.0,-3.0,-64.0
1777891904.1543324,5.0,-3.0,-60.0
1777891904.1643324,7.0,-3.0,-62.0
1777891904.1743324,8.0,0.0,-64.0
1777891904.1843324,10.0,-1.0,-69.0
1777891904.1943324,7.0,-2.0,-72.0
1777891904.2043324,7.0,0.0,-69.0
1777891904.2143323,6.0,3.0,-70.0
1777891904.2243323,8.0,1.0,-67.0
1777891904.2343323,5.0,-2.0,-62.0
1777891904.2443323,1.0,1.0,-60.0
1777891904.2543323,-1.0,3.0,-59.0
1777891904.2643323,-3.0,1.0,-65.0
1777891904.2743323,0.0,0.0,-68.0
1777891904.2843325,0.0,-2.0,-75.0
1777891904.2943325,-1.0,-3.0,-71.0
1777891904.3043325,-2.0,-4.0,-71.0
1777891904.3143325,-5.0,-1.0,-74.0
1777891904.3243325,-8.0,2.0,-70.0
1777891904.3343325,-1.0,2.0,-67.0
1777891904.3443325,1.0,0.0,-58.0
1777891904.3543324,3.0,-1.0,-56.0
1777891904.3643324,1.0,-2.0,-60.0
1777891904.3743324,2.0,0.0,-69.0
1777891904.3843324,-2.0,0.0,-70.0
1777891904.3943324,-3.0,4.0,-76.0
1777891904.4043324,-1.0,8.0,-78.0
1777891904.4143324,-4.0,3.0,-75.0
1777891904.4243324,0.0,3.0,-69.0
1777891904.4343324,4.0,2.0,-63.0
1777891904.4443324,2.0,2.0,-70.0
1777891904.4543324,0.0,1.0,-70.0
1777891904.4643323,0.0,-1.0,-70.0
1777891904.4743323,1.0,0.0,-77.0
1777891904.4843323,-2.0,0.0,-78.0
1777891904.4943323,-3.0,4.0,-75.0
1777891904.5043323,-4.0,5.0,-74.0
1777891904.5143323,-1.0,3.0,-71.0
1777891904.5243323,2.0,3.0,-74.0
1777891904.5343325,4.0,2.0,-77.0
1777891904.5443325,3.0,1.0,-79.0
1777891904.5543325,0.0,3.0,-72.0
1777891904.5643325,-3.0,4.0,-69.0
1777891904.5743325,-4.0,2.0,-74.0
1777891904.5843325,-3.0,5.0,-79.0
1777891904.5943325,-4.0,0.0,-80.0
1777891904.6043324,-1.0,0.0,-84.0
1777891904.6143324,-2.0,1.0,-82.0
1777891904.6243324,-5.0,0.0,-81.0
1777891904.6343324,-4.0,0.0,-76.0
1777891904.6443324,-8.0,-4.0,-75.0
1777891904.6543324,-6.0,-1.0,-76.0
1777891904.6643324,-2.0,2.0,-82.0
1777891904.6743324,-4.0,3.0,-84.0
1777891904.6843324,0.0,1.0,-78.0
1777891904.6943324,1.0,3.0,-73.0
1777891904.7043324,2.0,7.0,-73.0
1777891904.7143323,-1.0,5.0,-75.0
1777891904.7243323,-3.0,2.0,-69.0
1777891904.7343323,-2.0,-4.0,-69.0
1777891904.7443323,1.0,0.0,-67.0
1777891904.7543323,-5.0,2.0,-64.0
1777891904.7643323,-2.0,0.0,-63.0
1777891904.7743323,0.0,6.0,-68.0
1777891904.7843325,0.0,2.0,-67.0
1777891904.7943325,-1.0,2.0,-61.0
1777891904.8043325,-1.0,4.0,-62.0
1777891904.8143325,-4.0,5.0,-66.0
1777891904.8243325,0.0,2.0,-69.0
1777891904.8343325,1.0,3.0,-74.0
1777891904.8443325,1.0,-2.0,-70.0
1777891904.8543324,2.0,-3.0,-77.0
1777891904.8643324,5.0,-3.0,-81.0
1777891904.8743324,1.0,0.0,-78.0
1777891904.8843324,0.0,-2.0,-80.0
1777891904.8943324,-2.0,-2.0,-76.0
1777891904.9043324,-1.0,0.0,-78.0
1777891904.9143324,-2.0,0.0,-79.0
1777891904.9243324,0.0,-2.0,-72.0
1777891904.9343324,0.0,-7.0,-64.0
1777891904.9443324,-7.0,-8.0,-67.0
1777891904.9543324,-4.0,-6.0,-65.0
1777891904.9643323,-4.0,-7.0,-64.0
1777891904.9743323,-2.0,-4.0,-60.0
1777891904.9843323,3.0,-5.0,-60.0
1777891904.9943323,4.0,-1.0,-67.0
1777891905.0043323,3.0,-6.0,-67.0
1777891905.0153325,3.0,-3.0,-69.0
1777891905.0253325,0.0,-1.0,-75.0
1777891905.0353324,-2.0,1.0,-77.0
1777891905.0453324,-7.0,6.0,-78.0
1777891905.0553324,-2.0,7.0,-73.0
1777891905.0653324,0.0,3.0,-82.0
1777891905.0753324,6.0,4.0,-72.0
1777891905.0853324,11.0,8.0,-71.0
1777891905.0953324,16.0,9.0,-70.0
1777891905.1053324,13.0,3.0,-73.0
1777891905.1153324,10.0,-1.0,-66.0
1777891905.1253324,4.0,-2.0,-66.0
1777891905.1353323,2.0,0.0,-67.0
1777891905.1453323,4.0,0.0,-69.0
1777891905.1553323,7.0,0.0,-73.0
1777891905.1653323,8.0,1.0,-73.0
1777891905.1753323,4.0,0.0,-71.0
1777891905.1853323,0.0,-3.0,-72.0
1777891905.1953323,-1.0,-1.0,-74.0
1777891905.2053325,0.0,-3.0,-76.0
1777891905.2153325,1.0,0.0,-78.0
1777891905.2253325,0.0,0.0,-79.0
1777891905.2353325,1.0,-6.0,-80.0
1777891905.2453325,-2.0,-9.0,-82.0
1777891905.2553325,-2.0,-8.0,-82.0
1777891905.2653325,-3.0,-3.0,-82.0
1777891905.2753325,0.0,-1.0,-75.0
1777891905.2853324,0.0,-4.0,-76.0
1777891905.2953324,-3.0,-4.0,-72.0
1777891905.3053324,-5.0,-5.0,-71.0
1777891905.3153324,-8.0,-2.0,-67.0
1777891905.3253324,-6.0,0.0,-71.0
1777891905.3353324,-3.0,-2.0,-73.0
1777891905.3453324,-6.0,-3.0,-75.0
1777891905.3553324,-8.0,-6.0,-77.0
1777891905.3653324,-2.0,-6.0,-74.0
1777891905.3753324,-2.0,-6.0,-72.0
1777891905.3853323,-3.0,-3.0,-75.0
1777891905.3953323,-7.0,0.0,-77.0
1777891905.4053323,-1.0,3.0,-76.0
1777891905.4153323,4.0,2.0,-74.0
1777891905.4253323,5.0,-1.0,-75.0
1777891905.4353323,0.0,-7.0,-66.0
1777891905.4453323,-1.0,-8.0,-63.0
1777891905.4553325,0.0,-10.0,-66.0
1777891905.4653325,0.0,-8.0,-70.0
1777891905.4753325,-1.0,-8.0,-68.0
1777891905.4853325,-3.0,-5.0,-68.0
1777891905.4953325,-7.0,-1.0,-69.0
1777891905.5053325,-3.0,-3.0,-73.0
1777891905.5153325,-1.0,-3.0,-79.0
1777891905.5253325,-1.0,-3.0,-75.0
1777891905.5353324,-4.0,-3.0,-70.0
1777891905.5453324,-4.0,-8.0,-64.0
1777891905.5553324,-2.0,-2.0,-65.0
1777891905.5653324,-1.0,0.0,-73.0
1777891905.5753324,0.0,0.0,-72.0
1777891905.5853324,0.0,1.0,-75.0
1777891905.5953324,2.0,0.0,-77.0
1777891905.6053324,0.0,2.0,-78.0
1777891905.6153324,2.0,0.0,-76.0
1777891905.6253324,1.0,0.0,-68.0
1777891905.6353323,3.0,-2.0,-68.0
1777891905.6453323,3.0,-4.0,-71.0
1777891905.6553323,4.0,-3.0,-70.0
1777891905.6653323,5.0,-5.0,-68.0
1777891905.6753323,5.0,-10.0,-71.0
1777891905.6853323,3.0,-9.0,-67.0
1777891905.6953323,4.0,-8.0,-67.0
1777891905.7053325,3.0,-5.0,-63.0
1777891905.7153325,5.0,-4.0,-68.0
1777891905.7253325,2.0,-2.0,-73.0
1777891905.7353325,2.0,-1.0,-76.0
1777891905.7453325,0.0,-4.0,-68.0
1777891905.7553325,2.0,-3.0,-64.0
1777891905.7653325,3.0,-4.0,-65.0
1777891905.7753325,2.0,-2.0,-64.0
1777891905.7853324,2.0,-7.0,-64.0
1777891905.7953324,4.0,-7.0,-66.0
1777891905.8053324,7.0,-5.0,-62.0
1777891905.8153324,7.0,-5.0,-64.0
1777891905.8253324,15.0,-1.0,-67.0
1777891905.8353324,13.0,1.0,-69.0
1777891905.8453324,10.0,-3.0,-75.0
1777891905.8553324,12.0,-1.0,-66.0
1777891905.8653324,10.0,-1.0,-66.0
1777891905.8753324,9.0,-6.0,-67.0
1777891905.8853323,8.0,-10.0,-67.0
1777891905.8953323,9.0,-12.0,-71.0
1777891905.9053323,8.0,-9.0,-66.0
1777891905.9153323,7.0,-5.0,-63.0
1777891905.9253323,3.0,-1.0,-66.0
1777891905.9353323,4.0,0.0,-71.0
1777891905.9453323,9.0,2.0,-74.0
1777891905.9553325,8.0,0.0,-71.0
1777891905.9653325,1.0,0.0,-71.0
1777891905.9753325,0.0,0.0,-68.0
1777891905.9853325,0.0,0.0,-69.0
1777891905.9953325,0.0,-1.0,-71.0
1777891906.0053325,3.0,-3.0,-71.0
1777891906.0153325,4.0,-5.0,-71.0
1777891906.0253325,0.0,-5.0,-68.0
1777891906.0353324,1.0,-4.0,-76.0
1777891906.0453324,-2.0,-2.0,-73.0
1777891906.0553324,-3.0,-2.0,-64.0
1777891906.0653324,-5.0,0.0,-62.0
1777891906.0753324,-3.0,2.0,-64.0
1777891906.0853324,-2.0,5.0,-72.0
1777891906.0953324,-8.0,-1.0,-73.0
1777891906.1053324,-8.0,-6.0,-65.0
1777891906.1153324,-9.0,-7.0,-70.0
1777891906.1253324,-9.0,-5.0,-78.0
1777891906.1353323,-6.0,-2.0,-80.0
1777891906.1453323,-1.0,-2.0,-79.0
1777891906.1553323,3.0,-4.0,-72.0
1777891906.1653323,0.0,-5.0,-71.0
1777891906.1753323,-5.0,-6.0,-69.0
1777891906.1853323,-1.0,-8.0,-72.0
1777891906.1953323,3.0,-9.0,-71.0
1777891906.2053325,6.0,-6.0,-77.0
1777891906.2153325,4.0,-6.0,-73.0
1777891906.2253325,5.0,-5.0,-75.0
1777891906.2353325,0.0,0.0,-82.0
1777891906.2453325,0.0,-1.0,-76.0
1777891906.2553325,-2.0,-3.0,-73.0
1777891906.2653325,-5.0,-2.0,-75.0
1777891906.2753325,-2.0,-1.0,-78.0
1777891906.2853324,-1.0,-3.0,-78.0
1777891906.2953324,-1.0,-3.0,-72.0
1777891906.3053324,-5.0,-2.0,-62.0
1777891906.3153324,-7.0,-4.0,-69.0
1777891906.3253324,-4.0,0.0,-67.0
1777891906.3353324,0.0,-1.0,-67.0
1777891906.3453324,5.0,0.0,-71.0
1777891906.3553324,4.0,4.0,-69.0
1777891906.3653324,4.0,2.0,-71.0
1777891906.3753324,2.0,0.0,-75.0
1777891906.3853323,4.0,1.0,-80.0
1777891906.3953323,7.0,1.0,-77.0
1777891906.4053323,9.0,0.0,-85.0
1777891906.4153323,7.0,-3.0,-78.0
1777891906.4253323,6.0,-2.0,-69.0
1777891906.4353323,5.0,-2.0,-70.0
1777891906.4453323,7.0,-3.0,-67.0
1777891906.4553325,8.0,-2.0,-67.0
1777891906.4653325,2.0,-1.0,-75.0
1777891906.4753325,0.0,-1.0,-76.0
1777891906.4853325,0.0,-2.0,-72.0
1777891906.4953325,-1.0,-1.0,-72.0
1777891906.5053325,0.0,-1.0,-71.0
1777891906.5153325,-2.0,0.0,-75.0
1777891906.5253325,0.0,-2.0,-71.0
1777891906.5353324,0.0,-2.0,-70.0
1777891906.5453324,4.0,-1.0,-66.0
1777891906.5553324,5.0,2.0,-64.0
1777891906.5653324,2.0,4.0,-61.0
1777891906.5753324,0.0,0.0,-60.0
1777891906.5853324,0.0,-4.0,-63.0
1777891906.5953324,3.0,-1.0,-68.0
1777891906.6053324,0.0,-1.0,-71.0
1777891906.6153324,0.0,-3.0,-73.0
1777891906.6253324,-4.0,-5.0,-76.0
1777891906.6353323,-4.0,-4.0,-67.0
1777891906.6453323,-6.0,-5.0,-72.0
1777891906.6553323,-6.0,-3.0,-74.0
1777891906.6653323,-7.0,-5.0,-74.0
1777891906.6753323,2.0,-9.0,-69.0
1777891906.6853323,0.0,-5.0,-66.0
1777891906.6953323,0.0,2.0,-61.0
1777891906.7053325,0.0,0.0,-62.0
1777891906.7153325,-2.0,-2.0,-71.0
1777891906.7253325,-3.0,-5.0,-73.0
1777891906.7353325,-4.0,-6.0,-71.0
1777891906.7453325,-1.0,-9.0,-69.0
1777891906.7553325,-2.0,-7.0,-72.0
1777891906.7653325,-2.0,-3.0,-73.0
1777891906.7753325,-2.0,-3.0,-67.0
1777891906.7853324,-1.0,-3.0,-67.0
1777891906.7953324,0.0,-1.0,-62.0
1777891906.8053324,0.0,-4.0,-67.0
1777891906.8153324,0.0,-3.0,-64.0
1777891906.8253324,2.0,-3.0,-63.0
1777891906.8353324,4.0,-4.0,-62.0
1777891906.8453324,2.0,-3.0,-66.0
1777891906.8553324,4.0,0.0,-68.0
1777891906.8653324,4.0,3.0,-67.0
1777891906.8753324,4.0,3.0,-66.0
1777891906.8853323,5.0,2.0,-73.0
1777891906.8953323,2.0,-2.0,-78.0
1777891906.9053323,0.0,-2.0,-75.0
1777891906.9153323,3.0,0.0,-80.0
1777891906.9253323,1.0,1.0,-76.0
1777891906.9353323,2.0,1.0,-71.0
1777891906.9453323,1.0,2.0,-68.0
1777891906.9553325,0.0,0.0,-69.0
1777891906.9653325,2.0,0.0,-72.0
1777891906.9753325,3.0,0.0,-72.0
1777891906.9853325,0.0,4.0,-69.0
1777891906.9953325,0.0,5.0,-72.0
1777891907.0053325,-5.0,4.0,-79.0
1777891907.0163324,-2.0,2.0,-83.0
1777891907.0263324,2.0,2.0,-87.0
1777891907.0363324,-2.0,-2.0,-89.0
1777891907.0463324,-1.0,-3.0,-87.0
1777891907.0563323,3.0,-1.0,-88.0
1777891907.0663323,1.0,-4.0,-85.0
1777891907.0763323,3.0,-4.0,-81.0
1777891907.0863323,0.0,-4.0,-83.0
1777891907.0963323,0.0,-10.0,-82.0
1777891907.1063323,2.0,-8.0,-83.0
1777891907.1163323,1.0,-3.0,-84.0
1777891907.1263323,0.0,-4.0,-84.0
1777891907.1363325,-2.0,-5.0,-80.0
1777891907.1463325,-3.0,-6.0,-72.0
1777891907.1563325,0.0,-9.0,-71.0
1777891907.1663325,1.0,-7.0,-76.0
1777891907.1763325,-3.0,-9.0,-74.0
1777891907.1863325,-6.0,-7.0,-79.0
1777891907.1963325,0.0,-1.0,-78.0
1777891907.2063324,-4.0,2.0,-76.0
1777891907.2163324,-7.0,4.0,-76.0
1777891907.2263324,-7.0,3.0,-76.0
1777891907.2363324,-6.0,1.0,-73.0
1777891907.2463324,-3.0,2.0,-79.0
1777891907.2563324,-8.0,1.0,-80.0
1777891907.2663324,-8.0,3.0,-77.0
1777891907.2763324,-2.0,1.0,-76.0
1777891907.2863324,-2.0,0.0,-75.0
1777891907.2963324,-6.0,0.0,-80.0
1777891907.3063323,-4.0,0.0,-79.0
1777891907.3163323,0.0,0.0,-78.0
1777891907.3263323,-1.0,0.0,-78.0
1777891907.3363323,2.0,-2.0,-77.0
1777891907.3463323,-1.0,-4.0,-79.0
1777891907.3563323,0.0,-6.0,-79.0
1777891907.3663323,-1.0,-7.0,-79.0
1777891907.3763323,3.0,-10.0,-72.0
1777891907.3863325,-1.0,-11.0,-74.0
1777891907.3963325,0.0,-10.0,-78.0
1777891907.4063325,-2.0,-10.0,-76.0
1777891907.4163325,-2.0,-6.0,-75.0
1777891907.4263325,0.0,-2.0,-75.0
1777891907.4363325,0.0,0.0,-75.0
1777891907.4463325,1.0,2.0,-76.0
1777891907.4563324,1.0,6.0,-71.0
1777891907.4663324,7.0,7.0,-70.0
1777891907.4763324,5.0,4.0,-77.0
1777891907.4863324,3.0,5.0,-79.0
1777891907.4963324,2.0,2.0,-74.0
1777891907.5063324,6.0,3.0,-78.0
1777891907.5163324,2.0,4.0,-78.0
1777891907.5263324,3.0,-3.0,-77.0
1777891907.5363324,4.0,-7.0,-65.0
1777891907.5463324,3.0,-5.0,-58.0
1777891907.5563323,2.0,-3.0,-71.0
1777891907.5663323,-1.0,0.0,-78.0
1777891907.5763323,3.0,1.0,-80.0
1777891907.5863323,4.0,1.0,-81.0
1777891907.5963323,4.0,2.0,-75.0
1777891907.6063323,1.0,5.0,-78.0
1777891907.6163323,1.0,4.0,-71.0
1777891907.6263323,1.0,3.0,-68.0
1777891907.6363325,0.0,2.0,-70.0
1777891907.6463325,-2.0,3.0,-72.0
1777891907.6563325,-2.0,5.0,-72.0
1777891907.6663325,0.0,0.0,-72.0
1777891907.6763325,2.0,-2.0,-77.0
1777891907.6863325,5.0,-5.0,-77.0
1777891907.6963325,3.0,-3.0,-76.0
1777891907.7063324,1.0,-3.0,-76.0
1777891907.7163324,-3.0,1.0,-73.0
1777891907.7263324,-4.0,1.0,-71.0
1777891907.7363324,-1.0,0.0,-66.0
1777891907.7463324,0.0,-4.0,-68.0
1777891907.7563324,2.0,0.0,-65.0
1777891907.7663324,0.0,0.0,-71.0
1777891907.7763324,-1.0,-1.0,-70.0
1777891907.7863324,-1.0,0.0,-65.0
1777891907.7963324,0.0,0.0,-67.0
1777891907.8063323,-3.0,1.0,-67.0
1777891907.8163323,-4.0,-1.0,-67.0
1777891907.8263323,-5.0,-3.0,-70.0
1777891907.8363323,0.0,-1.0,-67.0
1777891907.8463323,0.0,1.0,-63.0
1777891907.8563323,4.0,1.0,-59.0
1777891907.8663323,3.0,1.0,-62.0
1777891907.8763323,3.0,0.0,-64.0
1777891907.8863325,3.0,-2.0,-61.0
1777891907.8963325,-1.0,0.0,-65.0
1777891907.9063325,-3.0,0.0,-71.0
1777891907.9163325,-5.0,0.0,-68.0
1777891907.9263325,0.0,-2.0,-68.0
1777891907.9363325,1.0,-3.0,-73.0
1777891907.9463325,1.0,-2.0,-73.0
1777891907.9563324,0.0,-3.0,-67.0
1777891907.9663324,-2.0,-2.0,-61.0
1777891907.9763324,-2.0,-5.0,-67.0
1777891907.9863324,-1.0,-3.0,-72.0
1777891907.9963324,2.0,0.0,-73.0
1777891908.0063324,4.0,1.0,-76.0
1777891908.0163324,2.0,-1.0,-71.0
1777891908.0263324,2.0,-1.0,-68.0
1777891908.0363324,1.0,-1.0,-69.0
1777891908.0463324,-2.0,-5.0,-72.0
1777891908.0563323,-2.0,-1.0,-75.0
1777891908.0663323,0.0,0.0,-71.0
1777891908.0763323,-2.0,-2.0,-65.0
1777891908.0863323,-3.0,-1.0,-61.0
1777891908.0963323,-2.0,-5.0,-63.0
1777891908.1063323,-1.0,-6.0,-60.0
1777891908.1163323,4.0,-6.0,-65.0
1777891908.1263323,4.0,-6.0,-75.0
1777891908.1363325,2.0,-1.0,-79.0
1777891908.1463325,0.0,1.0,-79.0
1777891908.1563325,0.0,2.0,-72.0
1777891908.1663325,-1.0,-2.0,-74.0
1777891908.1763325,-3.0,-1.0,-76.0
1777891908.1863325,-2.0,-4.0,-73.0
1777891908.1963325,-6.0,-4.0,-71.0
1777891908.2063324,-7.0,-8.0,-71.0
1777891908.2163324,-7.0,-6.0,-69.0
1777891908.2263324,-9.0,-8.0,-72.0
1777891908.2363324,-8.0,-2.0,-70.0
1777891908.2463324,-7.0,-2.0,-68.0
1777891908.2563324,-3.0,-1.0,-66.0
1777891908.2663324,-5.0,-6.0,-65.0
1777891908.2763324,-5.0,-6.0,-61.0
1777891908.2863324,-3.0,-4.0,-66.0
1777891908.2963324,0.0,-4.0,-68.0
1777891908.3063323,2.0,-5.0,-63.0
1777891908.3163323,4.0,-6.0,-60.0
1777891908.3263323,9.0,-4.0,-59.0
1777891908.3363323,7.0,-6.0,-61.0
1777891908.3463323,6.0,-5.0,-67.0
1777891908.3563323,8.0,-6.0,-69.0
1777891908.3663323,6.0,-4.0,-73.0
1777891908.3763323,3.0,-4.0,-73.0
1777891908.3863325,0.0,-8.0,-75.0
1777891908.3963325,3.0,-3.0,-77.0
1777891908.4063325,0.0,-4.0,-77.0
1777891908.4163325,4.0,0.0,-74.0
1777891908.4263325,8.0,0.0,-73.0
1777891908.4363325,6.0,2.0,-75.0
1777891908.4463325,5.0,1.0,-73.0
1777891908.4563324,6.0,3.0,-74.0
1777891908.4663324,7.0,3.0,-73.0
1777891908.4763324,8.0,2.0,-77.0
1777891908.4863324,11.0,0.0,-74.0
1777891908.4963324,6.0,-1.0,-72.0
1777891908.5063324,4.0,-3.0,-72.0
1777891908.5163324,3.0,-2.0,-73.0
1777891908.5263324,1.0,1.0,-71.0
1777891908.5363324,3.0,-5.0,-71.0
1777891908.5463324,5.0,-5.0,-71.0
1777891908.5563323,7.0,-3.0,-70.0
1777891908.5663323,4.0,-3.0,-73.0
1777891908.5763323,0.0,-5.0,-72.0
1777891908.5863323,3.0,-5.0,-70.0
1777891908.5963323,6.0,-6.0,-76.0
1777891908.6063323,9.0,-6.0,-72.0
1777891908.6163323,6.0,-4.0,-71.0
1777891908.6263323,4.0,-2.0,-77.0
1777891908.6363325,5.0,1.0,-79.0
1777891908.6463325,2.0,3.0,-81.0
1777891908.6563325,3.0,3.0,-72.0
1777891908.6663325,4.0,0.0,-68.0
1777891908.6763325,3.0,-2.0,-66.0
1777891908.6863325,1.0,-1.0,-61.0
1777891908.6963325,-2.0,0.0,-64.0
1777891908.7063324,0.0,0.0,-67.0
1777891908.7163324,-4.0,1.0,-64.0
1777891908.7263324,-5.0,-1.0,-72.0
1777891908.7363324,-6.0,0.0,-77.0
1777891908.7463324,-1.0,1.0,-80.0
1777891908.7563324,0.0,2.0,-84.0
1777891908.7663324,5.0,0.0,-78.0
1777891908.7763324,6.0,-2.0,-74.0
1777891908.7863324,4.0,-2.0,-74.0
1777891908.7963324,3.0,0.0,-73.0
1777891908.8063323,4.0,-1.0,-65.0
1777891908.8163323,0.0,-1.0,-74.0
1777891908.8263323,-2.0,-2.0,-77.0
1777891908.8363323,2.0,-1.0,-77.0
1777891908.8463323,3.0,0.0,-73.0
1777891908.8563323,5.0,-2.0,-72.0
1777891908.8663323,8.0,1.0,-75.0
1777891908.8763323,4.0,0.0,-72.0
1777891908.8863325,4.0,0.0,-75.0
1777891908.8963325,0.0,0.0,-80.0
1777891908.9063325,0.0,-1.0,-81.0
1777891908.9163325,-1.0,3.0,-77.0
1777891908.9263325,4.0,0.0,-76.0
1777891908.9363325,1.0,-1.0,-72.0
1777891908.9463325,3.0,0.0,-73.0
1777891908.9563324,3.0,3.0,-71.0
1777891908.9663324,3.0,2.0,-79.0
1777891908.9763324,1.0,2.0,-81.0
1777891908.9863324,0.0,-3.0,-82.0
1777891908.9973323,0.0,-1.0,-80.0
1777891909.0073323,2.0,-3.0,-75.0
1777891909.0173323,3.0,0.0,-77.0
1777891909.0273323,4.0,3.0,-68.0
1777891909.0373323,6.0,2.0,-77.0
1777891909.0473323,3.0,1.0,-72.0
1777891909.0573325,1.0,1.0,-82.0
1777891909.0673325,0.0,-1.0,-86.0
1777891909.0773325,-5.0,0.0,-82.0
1777891909.0873325,0.0,4.0,-84.0
1777891909.0973325,-3.0,0.0,-80.0
1777891909.1073325,-2.0,0.0,-78.0
1777891909.1173325,-3.0,2.0,-80.0
1777891909.1273324,0.0,4.0,-82.0
1777891909.1373324,0.0,0.0,-74.0
1777891909.1473324,0.0,-5.0,-70.0
1777891909.1573324,2.0,-11.0,-75.0
1777891909.1673324,3.0,-12.0,-80.0
1777891909.1773324,2.0,-9.0,-74.0
1777891909.1873324,5.0,-10.0,-69.0
1777891909.1973324,5.0,-9.0,-74.0
1777891909.2073324,5.0,-9.0,-76.0
1777891909.2173324,4.0,-5.0,-75.0
1777891909.2273324,4.0,-4.0,-71.0
1777891909.2373323,3.0,-1.0,-69.0
1777891909.2473323,6.0,-1.0,-73.0
1777891909.2573323,8.0,-1.0,-71.0
1777891909.2673323,8.0,1.0,-70.0
1777891909.2773323,5.0,-2.0,-66.0
1777891909.2873323,-1.0,-6.0,-72.0
1777891909.2973323,-2.0,-1.0,-75.0
1777891909.3073325,-1.0,-1.0,-75.0
1777891909.3173325,-1.0,0.0,-78.0
1777891909.3273325,0.0,-1.0,-74.0
1777891909.3373325,2.0,-2.0,-69.0
1777891909.3473325,4.0,-6.0,-67.0
1777891909.3573325,4.0,-8.0,-71.0
1777891909.3673325,4.0,-7.0,-73.0
1777891909.3773324,0.0,-10.0,-77.0
1777891909.3873324,0.0,-12.0,-74.0
1777891909.3973324,2.0,-12.0,-72.0
1777891909.4073324,5.0,-7.0,-77.0
1777891909.4173324,3.0,-3.0,-75.0
1777891909.4273324,8.0,-2.0,-71.0
1777891909.4373324,8.0,0.0,-61.0
1777891909.4473324,1.0,-3.0,-60.0
1777891909.4573324,-1.0,-3.0,-64.0
1777891909.4673324,0.0,-3.0,-71.0
1777891909.4773324,-1.0,2.0,-75.0
1777891909.4873323,-7.0,1.0,-79.0
1777891909.4973323,-10.0,2.0,-78.0
1777891909.5073323,-2.0,1.0,-70.0
1777891909.5173323,3.0,2.0,-69.0
1777891909.5273323,0.0,2.0,-67.0
1777891909.5373323,0.0,1.0,-71.0
1777891909.5473323,-1.0,-2.0,-73.0
1777891909.5573325,0.0,-3.0,-70.0
1777891909.5673325,4.0,-1.0,-70.0
1777891909.5773325,5.0,-6.0,-74.0
1777891909.5873325,3.0,-6.0,-76.0
1777891909.5973325,3.0,-9.0,-80.0
1777891909.6073325,0.0,-7.0,-80.0
1777891909.6173325,0.0,-5.0,-79.0
1777891909.6273324,1.0,-3.0,-82.0
1777891909.6373324,0.0,-3.0,-78.0
1777891909.6473324,2.0,-2.0,-74.0
1777891909.6573324,8.0,-1.0,-73.0
1777891909.6673324,12.0,2.0,-73.0
1777891909.6773324,9.0,5.0,-72.0
1777891909.6873324,6.0,0.0,-73.0
1777891909.6973324,6.0,1.0,-76.0
1777891909.7073324,6.0,1.0,-78.0
1777891909.7173324,9.0,1.0,-78.0
1777891909.7273324,12.0,0.0,-71.0
1777891909.7373323,4.0,-1.0,-73.0
1777891909.7473323,7.0,-1.0,-74.0
1777891909.7573323,9.0,-1.0,-77.0
1777891909.7673323,5.0,-3.0,-76.0
1777891909.7773323,1.0,0.0,-74.0
1777891909.7873323,-1.0,2.0,-72.0
1777891909.7973323,-3.0,-1.0,-72.0
1777891909.8073325,-3.0,-1.0,-67.0
1777891909.8173325,-1.0,2.0,-69.0
1777891909.8273325,-4.0,2.0,-71.0
1777891909.8373325,-3.0,3.0,-73.0
1777891909.8473325,-1.0,5.0,-72.0
1777891909.8573325,-1.0,4.0,-72.0
1777891909.8673325,0.0,5.0,-74.0
1777891909.8773324,-2.0,0.0,-74.0
1777891909.8873324,-5.0,0.0,-67.0
1777891909.8973324,-8.0,0.0,-68.0
1777891909.9073324,-4.0,0.0,-74.0
1777891909.9173324,-3.0,-3.0,-66.0
1777891909.9273324,-3.0,0.0,-64.0
1777891909.9373324,-5.0,-1.0,-73.0
1777891909.9473324,-6.0,-2.0,-71.0
1777891909.9573324,-3.0,-2.0,-69.0
1777891909.9673324,-4.0,-2.0,-73.0
1777891909.9773324,-7.0,-3.0,-77.0
1777891909.9873323,-3.0,-6.0,-77.0
1777891909.9973323,2.0,-1.0,-68.0
1777891910.0073323,5.0,0.0,-73.0
1777891910.0173323,1.0,0.0,-70.0
1777891910.0273323,0.0,0.0,-71.0
1777891910.0373323,-1.0,3.0,-68.0
1777891910.0473323,1.0,2.0,-64.0
1777891910.0573325,4.0,0.0,-70.0
1777891910.0673325,1.0,2.0,-66.0
1777891910.0773325,2.0,0.0,-65.0
1777891910.0873325,4.0,0.0,-67.0
1777891910.0973325,7.0,1.0,-66.0
1777891910.1073325,11.0,4.0,-71.0
1777891910.1173325,7.0,0.0,-71.0
1777891910.1273324,8.0,0.0,-67.0
1777891910.1373324,12.0,3.0,-62.0
1777891910.1473324,11.0,5.0,-65.0
1777891910.1573324,12.0,3.0,-70.0
1777891910.1673324,6.0,-3.0,-74.0
1777891910.1773324,6.0,-4.0,-72.0
1777891910.1873324,3.0,-3.0,-70.0
1777891910.1973324,4.0,0.0,-75.0
1777891910.2073324,5.0,1.0,-76.0
1777891910.2173324,8.0,0.0,-72.0
1777891910.2273324,5.0,6.0,-70.0
1777891910.2373323,6.0,1.0,-72.0
1777891910.2473323,3.0,-1.0,-73.0
1777891910.2573323,3.0,-2.0,-65.0
1777891910.2673323,5.0,-2.0,-71.0
1777891910.2773323,7.0,-4.0,-74.0
1777891910.2873323,10.0,-1.0,-70.0
1777891910.2973323,7.0,-6.0,-71.0
1777891910.3073325,0.0,-4.0,-71.0
1777891910.3173325,0.0,-3.0,-65.0
1777891910.3273325,1.0,-3.0,-65.0
1777891910.3373325,0.0,-3.0,-73.0
1777891910.3473325,-1.0,-1.0,-77.0
1777891910.3573325,-2.0,0.0,-78.0
1777891910.3673325,-3.0,0.0,-71.0
1777891910.3773324,0.0,1.0,-72.0
1777891910.3873324,5.0,1.0,-80.0
1777891910.3973324,5.0,0.0,-89.0
1777891910.4073324,5.0,-1.0,-89.0
1777891910.4173324,0.0,3.0,-89.0
1777891910.4273324,-1.0,0.0,-76.0
1777891910.4373324,2.0,0.0,-73.0
1777891910.4473324,-4.0,0.0,-70.0
1777891910.4573324,-5.0,0.0,-71.0
1777891910.4673324,-2.0,0.0,-66.0
1777891910.4773324,1.0,-1.0,-67.0
1777891910.4873323,4.0,-5.0,-67.0
1777891910.4973323,4.0,-6.0,-64.0
1777891910.5073323,3.0,-7.0,-67.0
1777891910.5173323,9.0,-4.0,-67.0
1777891910.5273323,10.0,-6.0,-70.0
1777891910.5373323,10.0,-5.0,-71.0
1777891910.5473323,9.0,-4.0,-79.0
1777891910.5573325,10.0,-2.0,-83.0
1777891910.5673325,4.0,-4.0,-83.0
1777891910.5773325,4.0,-4.0,-79.0
1777891910.5873325,7.0,-1.0,-75.0
1777891910.5973325,6.0,1.0,-75.0
1777891910.6073325,5.0,0.0,-83.0
1777891910.6173325,6.0,-2.0,-80.0
1777891910.6273324,6.0,-4.0,-75.0
1777891910.6373324,9.0,-3.0,-74.0
1777891910.6473324,6.0,-6.0,-70.0
1777891910.6573324,6.0,-2.0,-69.0
1777891910.6673324,1.0,-2.0,-65.0
1777891910.6773324,0.0,3.0,-65.0
1777891910.6873324,-2.0,2.0,-65.0
1777891910.6973324,-4.0,-1.0,-69.0
1777891910.7073324,0.0,0.0,-76.0
1777891910.7173324,1.0,0.0,-79.0
1777891910.7273324,0.0,0.0,-78.0
1777891910.7373323,2.0,-3.0,-77.0
1777891910.7473323,0.0,-5.0,-74.0
1777891910.7573323,-1.0,-3.0,-75.0
1777891910.7673323,0.0,-6.0,-69.0
1777891910.7773323,0.0,-6.0,-66.0
1777891910.7873323,1.0,-3.0,-67.0
1777891910.7973323,3.0,-1.0,-66.0
1777891910.8083324,2.0,-3.0,-63.0
1777891910.8173325,1.0,-3.0,-65.0
1777891910.8273325,1.0,0.0,-70.0
1777891910.8373325,-1.0,2.0,-69.0
1777891910.8473325,2.0,4.0,-73.0
1777891910.8573325,7.0,0.0,-70.0
1777891910.8673325,6.0,-2.0,-76.0
1777891910.8773324,7.0,-2.0,-82.0
1777891910.8873324,2.0,-2.0,-79.0
1777891910.8973324,3.0,2.0,-80.0
1777891910.9073324,2.0,0.0,-81.0
1777891910.9183323,-2.0,1.0,-78.0
1777891910.9273324,-1.0,-1.0,-78.0
1777891910.9373324,-3.0,-4.0,-74.0
1777891910.9483323,0.0,0.0,-66.0
1777891910.9573324,0.0,3.0,-70.0
1777891910.9673324,4.0,2.0,-72.0
1777891910.9773324,5.0,1.0,-76.0
1777891910.9873323,6.0,3.0,-74.0
1777891910.9983325,7.0,2.0,-67.0
1777891911.0083325,8.0,-2.0,-68.0
1777891911.0183325,11.0,-4.0,-71.0
1777891911.0283325,5.0,-6.0,-72.0
1777891911.0383325,2.0,-5.0,-75.0
1777891911.0483325,2.0,-1.0,-77.0
1777891911.0583324,4.0,0.0,-77.0
1777891911.0683324,3.0,2.0,-75.0
1777891911.0783324,4.0,1.0,-80.0
1777891911.0883324,5.0,-4.0,-73.0
1777891911.0983324,5.0,-8.0,-72.0
1777891911.1083324,8.0,-8.0,-74.0
1777891911.1183324,10.0,-4.0,-73.0
1777891911.1283324,7.0,-4.0,-73.0
1777891911.1383324,7.0,-4.0,-76.0
1777891911.1483324,1.0,0.0,-72.0
1777891911.1583323,2.0,2.0,-70.0
1777891911.1683323,3.0,4.0,-72.0
1777891911.1783323,0.0,10.0,-68.0
1777891911.1883323,-2.0,5.0,-71.0
1777891911.1983323,-5.0,8.0,-71.0
1777891911.2083323,-7.0,6.0,-67.0
1777891911.2183323,-4.0,6.0,-74.0
1777891911.2283323,-3.0,3.0,-78.0
1777891911.2383325,-4.0,0.0,-76.0
1777891911.2483325,0.0,0.0,-73.0
1777891911.2583325,2.0,2.0,-75.0
1777891911.2683325,5.0,1.0,-74.0
1777891911.2783325,1.0,1.0,-70.0
1777891911.2883325,2.0,-4.0,-69.0
1777891911.2983325,-3.0,-1.0,-70.0
1777891911.3083324,-3.0,-3.0,-72.0
1777891911.3183324,-4.0,-3.0,-73.0
1777891911.3283324,-5.0,-2.0,-73.0
1777891911.3383324,-4.0,0.0,-70.0
1777891911.3483324,-3.0,-6.0,-68.0
1777891911.3583324,-3.0,-6.0,-69.0
1777891911.3683324,-4.0,-4.0,-72.0
1777891911.3783324,0.0,-3.0,-76.0
1777891911.3883324,3.0,-3.0,-74.0
1777891911.3983324,2.0,-4.0,-76.0
1777891911.4083323,5.0,5.0,-76.0
1777891911.4183323,2.0,10.0,-75.0
1777891911.4283323,-3.0,3.0,-70.0
1777891911.4383323,0.0,3.0,-74.0
1777891911.4483323,0.0,3.0,-66.0
1777891911.4583323,3.0,0.0,-62.0
1777891911.4683323,1.0,-1.0,-63.0
1777891911.4783323,2.0,-4.0,-64.0
1777891911.4883325,4.0,-4.0,-68.0
1777891911.4983325,7.0,-7.0,-63.0
1777891911.5083325,3.0,-6.0,-63.0
1777891911.5183325,0.0,-4.0,-59.0
1777891911.5283325,0.0,-1.0,-64.0
1777891911.5383325,-1.0,0.0,-65.0
1777891911.5483325,-1.0,0.0,-64.0
1777891911.5583324,0.0,-1.0,-62.0
1777891911.5683324,0.0,-4.0,-60.0
1777891911.5783324,0.0,-6.0,-61.0
1777891911.5883324,0.0,-6.0,-60.0
1777891911.5983324,0.0,-2.0,-58.0
1777891911.6083324,1.0,0.0,-59.0
1777891911.6183324,-1.0,1.0,-67.0
1777891911.6283324,-1.0,0.0,-66.0
1777891911.6383324,-1.0,2.0,-73.0
1777891911.6483324,-3.0,2.0,-71.0
1777891911.6583323,0.0,0.0,-69.0
1777891911.6683323,0.0,-1.0,-64.0
1777891911.6783323,0.0,0.0,-59.0
1777891911.6883323,-1.0,-1.0,-60.0
1777891911.6983323,0.0,0.0,-54.0
1777891911.7083323,0.0,-1.0,-62.0
1777891911.7183323,-1.0,1.0,-58.0
1777891911.7283323,-1.0,-1.0,-59.0
1777891911.7383325,-3.0,1.0,-65.0
1777891911.7483325,-2.0,2.0,-69.0
1777891911.7583325,2.0,0.0,-68.0
1777891911.7683325,1.0,6.0,-69.0
1777891911.7783325,0.0,8.0,-70.0
1777891911.7883325,-4.0,5.0,-72.0
1777891911.7983325,-4.0,4.0,-71.0
1777891911.8083324,-3.0,-1.0,-79.0
1777891911.8183324,-3.0,-1.0,-81.0
1777891911.8283324,0.0,-2.0,-81.0
1777891911.8383324,4.0,-4.0,-79.0
1777891911.8483324,1.0,-1.0,-75.0
1777891911.8583324,2.0,-5.0,-74.0
1777891911.8683324,4.0,-4.0,-78.0
1777891911.8783324,4.0,-3.0,-78.0
1777891911.8883324,1.0,-6.0,-75.0
1777891911.8983324,-1.0,-2.0,-74.0
1777891911.9083323,-5.0,1.0,-78.0
1777891911.9183323,3.0,2.0,-79.0
1777891911.9283323,-1.0,3.0,-77.0
1777891911.9383323,-3.0,6.0,-76.0
1777891911.9483323,-5.0,2.0,-77.0
1777891911.9583323,-6.0,0.0,-74.0
1777891911.9683323,-9.0,0.0,-76.0
1777891911.9783323,-5.0,0.0,-73.0
1777891911.9883325,-1.0,0.0,-79.0
1777891911.9983325,0.0,0.0,-79.0
1777891912.0083325,-1.0,-4.0,-83.0
1777891912.0183325,-1.0,0.0,-77.0
1777891912.0283325,-2.0,2.0,-75.0
1777891912.0383325,-1.0,5.0,-81.0
1777891912.0483325,-2.0,3.0,-83.0
1777891912.0583324,-1.0,1.0,-84.0
1777891912.0683324,1.0,0.0,-74.0
1777891912.0783324,2.0,2.0,-77.0
1777891912.0883324,4.0,4.0,-75.0
1777891912.0983324,0.0,4.0,-67.0
1777891912.1083324,-3.0,1.0,-67.0
1777891912.1183324,-2.0,4.0,-71.0
1777891912.1283324,-3.0,4.0,-73.0
1777891912.1383324,0.0,1.0,-73.0
1777891912.1483324,-1.0,1.0,-72.0
1777891912.1583323,2.0,1.0,-77.0
1777891912.1683323,2.0,1.0,-82.0
1777891912.1783323,3.0,0.0,-81.0
1777891912.1883323,6.0,-1.0,-77.0
1777891912.1983323,3.0,1.0,-68.0
1777891912.2083323,5.0,-1.0,-67.0
1777891912.2183323,4.0,-4.0,-67.0
1777891912.2283323,5.0,-4.0,-72.0
1777891912.2383325,7.0,0.0,-83.0
1777891912.2483325,7.0,1.0,-74.0
1777891912.2583325,4.0,2.0,-72.0
1777891912.2683325,3.0,0.0,-71.0
1777891912.2783325,2.0,0.0,-73.0
1777891912.2883325,1.0,0.0,-67.0
1777891912.2983325,1.0,-2.0,-72.0
1777891912.3083324,0.0,-4.0,-76.0
1777891912.3183324,1.0,-5.0,-81.0
1777891912.3283324,2.0,-2.0,-77.0
1777891912.3383324,2.0,0.0,-71.0
1777891912.3483324,-3.0,-4.0,-75.0
1777891912.3583324,-1.0,-3.0,-72.0
1777891912.3683324,-2.0,0.0,-70.0
1777891912.3783324,-2.0,0.0,-72.0
1777891912.3883324,-1.0,2.0,-72.0
1777891912.3983324,-3.0,0.0,-82.0
1777891912.4083323,-6.0,-2.0,-79.0
1777891912.4183323,-11.0,-2.0,-77.0
1777891912.4283323,-7.0,-3.0,-76.0
1777891912.4383323,0.0,-6.0,-75.0
1777891912.4483323,1.0,-4.0,-78.0
1777891912.4583323,0.0,-3.0,-74.0
1777891912.4683323,0.0,-1.0,-73.0
1777891912.4783323,0.0,0.0,-76.0
1777891912.4883325,2.0,3.0,-75.0
1777891912.4983325,5.0,3.0,-76.0
1777891912.5083325,2.0,4.0,-73.0
1777891912.5183325,-1.0,5.0,-70.0
1777891912.5283325,0.0,4.0,-69.0
1777891912.5383325,-1.0,5.0,-67.0
1777891912.5483325,0.0,1.0,-64.0
1777891912.5583324,2.0,0.0,-53.0
1777891912.5683324,0.0,1.0,-57.0
1777891912.5783324,-8.0,0.0,-61.0
1777891912.5883324,-9.0,1.0,-69.0
1777891912.5983324,-6.0,0.0,-78.0
1777891912.6083324,-5.0,-3.0,-80.0
1777891912.6183324,-1.0,-3.0,-80.0
1777891912.6283324,5.0,-1.0,-76.0
1777891912.6383324,0.0,0.0,-75.0
1777891912.6483324,0.0,-3.0,-71.0
1777891912.6583323,3.0,-2.0,-71.0
1777891912.6683323,1.0,-2.0,-70.0
1777891912.6783323,-1.0,0.0,-67.0
1777891912.6883323,-4.0,0.0,-68.0
1777891912.6983323,-3.0,-1.0,-68.0
1777891912.7083323,-1.0,-5.0,-70.0
1777891912.7183323,-1.0,-3.0,-74.0
1777891912.7283323,-4.0,-1.0,-73.0
1777891912.7383325,-5.0,-4.0,-73.0
1777891912.7483325,-5.0,-4.0,-67.0
1777891912.7583325,-6.0,-1.0,-64.0
1777891912.7683325,-6.0,0.0,-65.0
1777891912.7783325,-3.0,2.0,-67.0
1777891912.7883325,-1.0,3.0,-70.0
1777891912.7983325,0.0,6.0,-67.0
1777891912.8083324,0.0,2.0,-65.0
1777891912.8183324,-2.0,1.0,-65.0
1777891912.8283324,-3.0,0.0,-69.0
1777891912.8383324,0.0,1.0,-72.0
1777891912.8483324,0.0,0.0,-73.0
1777891912.8583324,-1.0,-1.0,-77.0
1777891912.8683324,0.0,-1.0,-76.0
1777891912.8783324,0.0,-4.0,-74.0
1777891912.8883324,0.0,-8.0,-74.0
1777891912.8983324,-1.0,-5.0,-72.0
1777891912.9083323,-1.0,-5.0,-73.0
1777891912.9183323,2.0,-4.0,-76.0
1777891912.9283323,3.0,-3.0,-69.0
1777891912.9383323,4.0,-3.0,-68.0
1777891912.9483323,-2.0,2.0,-68.0
1777891912.9583323,-1.0,3.0,-69.0
1777891912.9693325,1.0,3.0,-71.0
1777891912.9793324,-3.0,1.0,-68.0
1777891912.9893324,-1.0,0.0,-66.0
1777891912.9993324,-2.0,-1.0,-67.0
1777891913.0093324,2.0,4.0,-63.0
1777891913.0193324,-2.0,6.0,-64.0
1777891913.0293324,-6.0,3.0,-64.0
1777891913.0393324,-4.0,-2.0,-72.0
1777891913.0493324,-4.0,-1.0,-73.0
1777891913.0593324,-7.0,0.0,-73.0
1777891913.0693324,-6.0,0.0,-81.0
1777891913.0793324,-2.0,4.0,-78.0
1777891913.0893323,0.0,1.0,-71.0
1777891913.0993323,0.0,0.0,-77.0
1777891913.1093323,-1.0,-3.0,-72.0
1777891913.1193323,-2.0,-5.0,-74.0
1777891913.1293323,0.0,-6.0,-63.0
1777891913.1393323,-3.0,-1.0,-71.0
1777891913.1493323,-6.0,0.0,-68.0
1777891913.1593325,-2.0,-1.0,-62.0
1777891913.1693325,-1.0,-2.0,-66.0
1777891913.1793325,2.0,0.0,-66.0
1777891913.1893325,-1.0,-1.0,-68.0
1777891913.1993325,3.0,-2.0,-69.0
1777891913.2093325,6.0,-5.0,-59.0
1777891913.2193325,2.0,-5.0,-64.0
1777891913.2293324,0.0,-10.0,-65.0
1777891913.2393324,0.0,-9.0,-67.0
1777891913.2493324,0.0,-6.0,-69.0
1777891913.2593324,-3.0,-2.0,-80.0
1777891913.2693324,1.0,-5.0,-83.0
1777891913.2793324,0.0,-5.0,-81.0
1777891913.2893324,-3.0,-7.0,-75.0
1777891913.2993324,-5.0,-5.0,-75.0
1777891913.3093324,-4.0,-1.0,-75.0
1777891913.3193324,-4.0,0.0,-74.0
1777891913.3293324,-3.0,1.0,-76.0
1777891913.3393323,0.0,-1.0,-75.0
1777891913.3493323,-3.0,-1.0,-74.0
1777891913.3593323,0.0,0.0,-74.0
1777891913.3693323,-3.0,0.0,-72.0
1777891913.3793323,-4.0,3.0,-70.0
1777891913.3893323,-5.0,-1.0,-68.0
1777891913.3993323,-4.0,-6.0,-73.0
1777891913.4093325,-10.0,-7.0,-72.0
1777891913.4193325,-12.0,-6.0,-71.0
1777891913.4293325,-10.0,-4.0,-73.0
1777891913.4393325,-6.0,-2.0,-70.0
1777891913.4493325,-2.0,2.0,-67.0
1777891913.4593325,-2.0,7.0,-58.0
1777891913.4693325,2.0,4.0,-62.0
1777891913.4793324,1.0,1.0,-68.0
1777891913.4893324,1.0,4.0,-70.0
1777891913.4993324,2.0,4.0,-75.0
1777891913.5093324,4.0,3.0,-71.0
1777891913.5193324,4.0,1.0,-64.0
1777891913.5293324,5.0,-3.0,-62.0
1777891913.5393324,3.0,-5.0,-69.0
1777891913.5493324,2.0,-4.0,-72.0
1777891913.5593324,0.0,0.0,-75.0
1777891913.5693324,4.0,2.0,-75.0
1777891913.5793324,5.0,3.0,-73.0
1777891913.5893323,5.0,3.0,-75.0
1777891913.5993323,2.0,0.0,-74.0
1777891913.6093323,3.0,1.0,-73.0
1777891913.6193323,4.0,6.0,-74.0
1777891913.6293323,3.0,3.0,-72.0
1777891913.6393323,0.0,3.0,-73.0
1777891913.6493323,4.0,3.0,-76.0
1777891913.6593325,10.0,2.0,-68.0
1777891913.6693325,10.0,3.0,-66.0
1777891913.6793325,6.0,1.0,-66.0
1777891913.6893325,1.0,3.0,-67.0
1777891913.6993325,0.0,0.0,-73.0
1777891913.7093325,-2.0,1.0,-75.0
1777891913.7193325,-1.0,1.0,-75.0
1777891913.7293324,-1.0,-1.0,-69.0
1777891913.7393324,-1.0,-5.0,-64.0
1777891913.7493324,-1.0,-2.0,-68.0
1777891913.7593324,-4.0,-3.0,-70.0
1777891913.7693324,-3.0,-5.0,-76.0
1777891913.7793324,2.0,-4.0,-82.0
1777891913.7893324,10.0,-4.0,-82.0
1777891913.7993324,6.0,-2.0,-72.0
1777891913.8093324,6.0,0.0,-73.0
1777891913.8193324,5.0,3.0,-74.0
1777891913.8293324,5.0,4.0,-72.0
1777891913.8393323,5.0,5.0,-71.0
1777891913.8493323,3.0,5.0,-70.0
1777891913.8593323,4.0,2.0,-71.0
1777891913.8693323,2.0,-2.0,-72.0
1777891913.8793323,0.0,-4.0,-74.0
1777891913.8893323,1.0,0.0,-80.0
1777891913.8993323,2.0,3.0,-78.0
1777891913.9093325,0.0,2.0,-75.0
1777891913.9193325,-1.0,2.0,-78.0
1777891913.9293325,2.0,0.0,-65.0
1777891913.9393325,2.0,0.0,-60.0
1777891913.9493325,3.0,0.0,-68.0
1777891913.9593325,5.0,-2.0,-69.0
1777891913.9693325,0.0,-3.0,-70.0
1777891913.9793324,-4.0,-2.0,-70.0
1777891913.9893324,-5.0,-2.0,-75.0
1777891913.9993324,-4.0,0.0,-79.0
1777891914.0093324,2.0,-2.0,-79.0
1777891914.0193324,1.0,-2.0,-70.0
1777891914.0293324,2.0,-2.0,-70.0
1777891914.0393324,0.0,-4.0,-70.0
1777891914.0493324,5.0,-4.0,-74.0
1777891914.0593324,4.0,-2.0,-71.0
1777891914.0693324,0.0,5.0,-67.0
1777891914.0793324,3.0,0.0,-70.0
1777891914.0893323,7.0,0.0,-73.0
1777891914.0993323,8.0,-1.0,-76.0
1777891914.1093323,7.0,0.0,-75.0
1777891914.1193323,1.0,3.0,-70.0
1777891914.1293323,4.0,1.0,-69.0
1777891914.1393323,2.0,7.0,-67.0
1777891914.1493323,4.0,1.0,-66.0
1777891914.1593325,10.0,0.0,-70.0
1777891914.1693325,7.0,-1.0,-67.0
1777891914.1793325,2.0,2.0,-67.0
1777891914.1893325,1.0,3.0,-68.0
1777891914.1993325,3.0,5.0,-63.0
1777891914.2093325,4.0,2.0,-60.0
1777891914.2193325,7.0,5.0,-60.0
1777891914.2293324,3.0,3.0,-65.0
1777891914.2393324,2.0,4.0,-71.0
1777891914.2493324,-2.0,4.0,-73.0
1777891914.2593324,0.0,7.0,-77.0
1777891914.2693324,-6.0,7.0,-81.0
1777891914.2793324,-10.0,0.0,-77.0
1777891914.2893324,-7.0,0.0,-76.0
1777891914.2993324,-7.0,-2.0,-75.0
1777891914.3093324,-6.0,-1.0,-76.0
1777891914.3193324,-4.0,1.0,-75.0
1777891914.3293324,-6.0,3.0,-73.0
1777891914.3393323,-7.0,4.0,-71.0
1777891914.3493323,-6.0,0.0,-76.0
1777891914.3593323,-5.0,1.0,-80.0
1777891914.3693323,-4.0,-1.0,-75.0
1777891914.3793323,0.0,0.0,-73.0
1777891914.3893323,4.0,2.0,-70.0
1777891914.3993323,6.0,3.0,-72.0
1777891914.4093325,4.0,1.0,-69.0
1777891914.4193325,0.0,-2.0,-63.0
1777891914.4293325,-1.0,0.0,-73.0
1777891914.4393325,0.0,-1.0,-72.0
1777891914.4493325,1.0,1.0,-73.0
1777891914.4593325,2.0,0.0,-71.0
1777891914.4693325,4.0,-3.0,-73.0
1777891914.4793324,6.0,-5.0,-70.0
1777891914.4893324,10.0,-6.0,-67.0
1777891914.4993324,10.0,-6.0,-68.0
1777891914.5093324,13.0,-7.0,-69.0
1777891914.5193324,9.0,-2.0,-68.0
1777891914.5293324,8.0,0.0,-71.0
1777891914.5393324,9.0,1.0,-72.0
1777891914.5493324,12.0,2.0,-74.0
1777891914.5593324,9.0,-3.0,-75.0
1777891914.5693324,10.0,-4.0,-71.0
1777891914.5793324,7.0,-3.0,-69.0
1777891914.5893323,4.0,0.0,-74.0
1777891914.5993323,1.0,3.0,-69.0
1777891914.6093323,0.0,1.0,-72.0
1777891914.6193323,-2.0,-2.0,-77.0
1777891914.6293323,-4.0,-6.0,-82.0
1777891914.6393323,-2.0,-2.0,-81.0
1777891914.6493323,-2.0,0.0,-77.0
1777891914.6593325,0.0,0.0,-76.0
1777891914.6693325,-2.0,-1.0,-75.0
1777891914.6793325,-2.0,-4.0,-70.0
1777891914.6893325,-3.0,-3.0,-61.0
1777891914.6993325,-6.0,-7.0,-61.0
1777891914.7093325,-6.0,-5.0,-56.0
1777891914.7193325,-3.0,-4.0,-60.0
1777891914.7293324,-8.0,0.0,-67.0
1777891914.7393324,-5.0,0.0,-68.0
1777891914.7493324,-4.0,-3.0,-71.0
1777891914.7593324,-3.0,-4.0,-71.0
1777891914.7693324,-4.0,-1.0,-63.0
1777891914.7793324,-2.0,0.0,-71.0
1777891914.7893324,-1.0,1.0,-74.0
1777891914.7993324,-2.0,2.0,-69.0
1777891914.8093324,2.0,0.0,-69.0
1777891914.8193324,2.0,0.0,-67.0
1777891914.8293324,5.0,-2.0,-63.0
1777891914.8393323,8.0,0.0,-67.0
1777891914.8493323,10.0,0.0,-70.0
1777891914.8593323,7.0,2.0,-75.0
1777891914.8693323,2.0,0.0,-72.0
1777891914.8793323,-1.0,0.0,-75.0
1777891914.8893323,-3.0,1.0,-74.0
1777891914.8993323,-7.0,0.0,-74.0
1777891914.9093325,-7.0,-2.0,-74.0
1777891914.9193325,-11.0,-9.0,-73.0
1777891914.9293325,-9.0,-7.0,-65.0
1777891914.9403324,-4.0,-4.0,-66.0
1777891914.9503324,0.0,-3.0,-62.0
1777891914.9593325,0.0,0.0,-62.0
1777891914.9703324,-1.0,0.0,-58.0
1777891914.9803324,2.0,0.0,-65.0
1777891914.9903324,1.0,0.0,-66.0
1777891915.0003324,-4.0,1.0,-73.0
1777891915.0103323,-3.0,1.0,-80.0
1777891915.0203323,-2.0,-1.0,-83.0
1777891915.0303323,-3.0,-3.0,-77.0
1777891915.0403323,-2.0,0.0,-72.0
1777891915.0503323,-4.0,-1.0,-73.0
1777891915.0603323,-5.0,-2.0,-69.0
1777891915.0703323,-4.0,-4.0,-69.0
1777891915.0803325,-4.0,-6.0,-63.0
1777891915.0903325,-5.0,-9.0,-61.0
1777891915.1003325,-4.0,-8.0,-65.0
1777891915.1103325,0.0,-8.0,-69.0
1777891915.1203325,3.0,-10.0,-71.0
1777891915.1303325,-1.0,-8.0,-72.0
1777891915.1403325,-1.0,-8.0,-70.0
1777891915.1503325,-2.0,-8.0,-74.0
1777891915.1603324,-1.0,-4.0,-79.0
1777891915.1703324,-2.0,-3.0,-81.0
1777891915.1803324,-3.0,-1.0,-85.0
1777891915.1903324,-5.0,-2.0,-83.0
1777891915.2003324,-8.0,-6.0,-73.0
1777891915.2103324,-8.0,-3.0,-76.0
1777891915.2203324,-4.0,-6.0,-73.0
1777891915.2303324,-5.0,-3.0,-67.0
1777891915.2403324,-2.0,-3.0,-69.0
1777891915.2503324,1.0,-2.0,-66.0
1777891915.2603323,5.0,-2.0,-68.0
1777891915.2703323,6.0,0.0,-74.0
1777891915.2803323,6.0,0.0,-74.0
1777891915.2903323,2.0,1.0,-76.0
1777891915.3003323,-1.0,2.0,-73.0
1777891915.3103323,-2.0,2.0,-72.0
1777891915.3203323,1.0,0.0,-65.0
1777891915.3303325,8.0,-3.0,-69.0
1777891915.3403325,5.0,-5.0,-72.0
1777891915.3503325,3.0,-5.0,-77.0
1777891915.3603325,7.0,-3.0,-73.0
1777891915.3703325,3.0,2.0,-72.0
1777891915.3803325,2.0,6.0,-78.0
1777891915.3903325,3.0,9.0,-84.0
1777891915.4003325,0.0,6.0,-81.0
1777891915.4103324,-1.0,4.0,-66.0
1777891915.4203324,-3.0,0.0,-63.0
1777891915.4303324,0.0,-1.0,-62.0
1777891915.4403324,1.0,1.0,-61.0
1777891915.4503324,2.0,0.0,-64.0
1777891915.4603324,1.0,0.0,-65.0
1777891915.4703324,2.0,-3.0,-69.0
1777891915.4803324,-2.0,-5.0,-79.0
1777891915.4903324,0.0,-6.0,-73.0
1777891915.5003324,0.0,-5.0,-76.0
1777891915.5103323,0.0,-5.0,-77.0
1777891915.5203323,-2.0,-1.0,-79.0
1777891915.5303323,-2.0,-3.0,-82.0
1777891915.5403323,-3.0,-4.0,-79.0
1777891915.5503323,0.0,-5.0,-79.0
1777891915.5603323,0.0,-5.0,-79.0
1777891915.5703323,2.0,-1.0,-78.0
1777891915.5803325,3.0,-3.0,-76.0
1777891915.5903325,0.0,-6.0,-80.0
1777891915.6003325,2.0,-7.0,-82.0
1777891915.6103325,5.0,-3.0,-79.0
1777891915.6203325,2.0,-3.0,-79.0
1777891915.6303325,0.0,0.0,-80.0
1777891915.6403325,0.0,0.0,-73.0
1777891915.6503325,0.0,3.0,-73.0
1777891915.6613324,-4.0,2.0,-74.0
1777891915.6703324,-1.0,4.0,-74.0
1777891915.6803324,-4.0,3.0,-78.0
1777891915.6903324,-3.0,3.0,-75.0
1777891915.7003324,0.0,5.0,-77.0
1777891915.7103324,0.0,3.0,-78.0
1777891915.7203324,-3.0,-4.0,-74.0
1777891915.7303324,-2.0,-3.0,-69.0
1777891915.7403324,0.0,-2.0,-74.0
1777891915.7503324,1.0,-1.0,-79.0
1777891915.7603323,-4.0,1.0,-76.0
1777891915.7703323,-3.0,3.0,-74.0
1777891915.7803323,0.0,4.0,-74.0
1777891915.7903323,2.0,2.0,-74.0
1777891915.8003323,1.0,0.0,-74.0
1777891915.8103323,1.0,-2.0,-72.0
1777891915.8203323,-6.0,0.0,-73.0
1777891915.8303325,-9.0,-2.0,-75.0
1777891915.8403325,-2.0,-1.0,-80.0
1777891915.8503325,-4.0,2.0,-79.0
1777891915.8603325,-4.0,1.0,-74.0
1777891915.8703325,2.0,0.0,-75.0
1777891915.8803325,2.0,-2.0,-77.0
1777891915.8903325,2.0,-2.0,-69.0
1777891915.9003325,3.0,-6.0,-65.0
1777891915.9103324,0.0,-5.0,-69.0
1777891915.9203324,-4.0,-2.0,-74.0
1777891915.9303324,-1.0,0.0,-79.0
1777891915.9403324,-2.0,0.0,-81.0
1777891915.9503324,0.0,0.0,-78.0
1777891915.9603324,-1.0,-1.0,-77.0
1777891915.9703324,5.0,-1.0,-73.0
1777891915.9803324,3.0,0.0,-79.0
1777891915.9903324,3.0,-1.0,-76.0
1777891916.0003324,-5.0,0.0,-70.0
1777891916.0103323,-6.0,-2.0,-72.0
1777891916.0203323,-1.0,0.0,-75.0
1777891916.0303323,0.0,-1.0,-72.0
1777891916.0403323,-2.0,1.0,-70.0
1777891916.0503323,0.0,3.0,-75.0
1777891916.0603323,-2.0,3.0,-76.0
1777891916.0703323,-7.0,3.0,-78.0
1777891916.0803325,-1.0,2.0,-76.0
1777891916.0903325,0.0,0.0,-78.0
1777891916.1003325,2.0,0.0,-77.0
1777891916.1103325,1.0,1.0,-74.0
1777891916.1203325,0.0,0.0,-69.0
1777891916.1303325,0.0,-2.0,-67.0
1777891916.1403325,6.0,-1.0,-73.0
1777891916.1503325,6.0,-1.0,-75.0
1777891916.1603324,2.0,1.0,-78.0
1777891916.1703324,-3.0,0.0,-76.0
1777891916.1803324,-6.0,-1.0,-79.0
1777891916.1903324,-5.0,-6.0,-77.0
1777891916.2003324,0.0,-5.0,-76.0
1777891916.2103324,0.0,-3.0,-71.0
1777891916.2203324,0.0,-1.0,-73.0
1777891916.2303324,-1.0,0.0,-71.0
1777891916.2403324,0.0,0.0,-72.0
1777891916.2503324,0.0,-1.0,-65.0
1777891916.2603323,7.0,0.0,-60.0
1777891916.2703323,6.0,2.0,-67.0
1777891916.2803323,3.0,-1.0,-71.0
1777891916.2903323,-2.0,1.0,-64.0
1777891916.3003323,-3.0,1.0,-69.0
1777891916.3103323,-2.0,2.0,-67.0
1777891916.3203323,-1.0,1.0,-67.0
1777891916.3303325,0.0,-2.0,-61.0
1777891916.3403325,1.0,-3.0,-62.0
1777891916.3503325,-2.0,-3.0,-66.0
1777891916.3603325,0.0,-2.0,-64.0
1777891916.3703325,-7.0,-1.0,-67.0
1777891916.3803325,-5.0,-4.0,-65.0
1777891916.3903325,-1.0,-6.0,-67.0
1777891916.4003325,-4.0,-5.0,-73.0
1777891916.4103324,-5.0,-6.0,-72.0
1777891916.4203324,-5.0,-5.0,-69.0
1777891916.4303324,-8.0,-4.0,-66.0
1777891916.4403324,-7.0,-5.0,-71.0
1777891916.4503324,-2.0,-6.0,-75.0
1777891916.4603324,-3.0,-3.0,-68.0
1777891916.4703324,-4.0,-3.0,-71.0
1777891916.4803324,-5.0,-3.0,-75.0
1777891916.4903324,-2.0,-6.0,-77.0
1777891916.5003324,-3.0,-4.0,-77.0
1777891916.5103323,-1.0,-6.0,-79.0
1777891916.5203323,0.0,-4.0,-79.0
1777891916.5303323,0.0,-4.0,-77.0
1777891916.5403323,-1.0,-3.0,-76.0
1777891916.5503323,0.0,-4.0,-79.0
1777891916.5603323,-1.0,-5.0,-82.0
1777891916.5703323,-3.0,-6.0,-81.0
1777891916.5803325,-4.0,-8.0,-84.0
1777891916.5903325,-5.0,-3.0,-82.0
1777891916.6003325,-4.0,-2.0,-75.0
1777891916.6103325,-3.0,-2.0,-75.0
1777891916.6203325,0.0,-5.0,-80.0
1777891916.6303325,-3.0,-3.0,-84.0
1777891916.6403325,0.0,-2.0,-83.0
1777891916.6503325,-2.0,-2.0,-75.0
1777891916.6603324,-1.0,3.0,-78.0
1777891916.6703324,0.0,4.0,-83.0
1777891916.6803324,-1.0,0.0,-85.0
1777891916.6903324,-2.0,-1.0,-78.0
1777891916.7003324,-5.0,-2.0,-73.0
1777891916.7103324,-1.0,-2.0,-75.0
1777891916.7203324,1.0,-3.0,-69.0
1777891916.7303324,1.0,0.0,-68.0
1777891916.7403324,1.0,0.0,-76.0
1777891916.7503324,2.0,1.0,-74.0
1777891916.7603323,0.0,3.0,-78.0
1777891916.7703323,1.0,0.0,-74.0
1777891916.7803323,0.0,-1.0,-70.0
1777891916.7903323,0.0,-1.0,-77.0
1777891916.8003323,0.0,1.0,-79.0
1777891916.8103323,-3.0,-1.0,-76.0
1777891916.8203323,-7.0,-2.0,-77.0
1777891916.8303325,-3.0,-3.0,-66.0
1777891916.8403325,-3.0,-7.0,-69.0
1777891916.8503325,-2.0,-5.0,-64.0
1777891916.8603325,0.0,-1.0,-68.0
1777891916.8703325,7.0,-2.0,-69.0
1777891916.8803325,7.0,-5.0,-72.0
1777891916.8903325,9.0,-4.0,-63.0
1777891916.9003325,10.0,-5.0,-62.0
1777891916.9103324,9.0,-7.0,-70.0
1777891916.9203324,6.0,-8.0,-75.0
1777891916.9313323,1.0,-5.0,-78.0
1777891916.9413323,1.0,-1.0,-80.0
1777891916.9513323,0.0,-3.0,-85.0
1777891916.9613323,0.0,-3.0,-83.0
1777891916.9713323,0.0,-4.0,-86.0
1777891916.9813323,2.0,-3.0,-82.0
1777891916.9913323,4.0,-5.0,-76.0
1777891917.0013323,9.0,-4.0,-74.0
1777891917.0113325,8.0,-6.0,-71.0
1777891917.0213325,6.0,-7.0,-80.0
1777891917.0313325,7.0,-3.0,-78.0
1777891917.0413325,5.0,0.0,-77.0
1777891917.0513325,5.0,-3.0,-84.0
1777891917.0613325,7.0,0.0,-83.0
1777891917.0713325,6.0,0.0,-77.0
1777891917.0813324,3.0,-2.0,-76.0
1777891917.0913324,2.0,-5.0,-74.0
1777891917.1013324,3.0,-2.0,-70.0
1777891917.1113324,1.0,-3.0,-67.0
1777891917.1213324,0.0,-5.0,-63.0
1777891917.1313324,0.0,-4.0,-69.0
1777891917.1413324,1.0,-4.0,-64.0
1777891917.1513324,1.0,-1.0,-59.0
1777891917.1613324,1.0,-1.0,-59.0
1777891917.1713324,7.0,0.0,-57.0
1777891917.1813323,8.0,1.0,-64.0
1777891917.1913323,3.0,-3.0,-67.0
1777891917.2013323,5.0,-1.0,-67.0
1777891917.2113323,3.0,0.0,-71.0
1777891917.2213323,3.0,-3.0,-74.0
1777891917.2313323,4.0,-6.0,-73.0
1777891917.2413323,-1.0,-7.0,-79.0
1777891917.2513323,-5.0,-1.0,-73.0
1777891917.2613325,-4.0,0.0,-69.0
1777891917.2713325,-7.0,-1.0,-66.0
1777891917.2813325,-6.0,1.0,-68.0
1777891917.2913325,-4.0,0.0,-66.0
1777891917.3013325,1.0,2.0,-62.0
1777891917.3113325,0.0,3.0,-63.0
1777891917.3213325,2.0,5.0,-73.0
1777891917.3313324,1.0,5.0,-72.0
1777891917.3413324,4.0,6.0,-74.0
1777891917.3513324,4.0,2.0,-73.0
1777891917.3613324,3.0,-2.0,-73.0
1777891917.3713324,2.0,-1.0,-72.0
1777891917.3813324,1.0,0.0,-74.0
1777891917.3913324,3.0,-3.0,-71.0
1777891917.4013324,6.0,-7.0,-69.0
1777891917.4113324,3.0,-7.0,-72.0
1777891917.4213324,0.0,-7.0,-71.0
1777891917.4313323,0.0,-6.0,-79.0
1777891917.4413323,0.0,-4.0,-81.0
1777891917.4513323,-4.0,-7.0,-79.0
1777891917.4613323,-7.0,-8.0,-72.0
1777891917.4713323,-3.0,-8.0,-65.0
1777891917.4813323,-1.0,-7.0,-75.0
1777891917.4913323,0.0,-8.0,-86.0
1777891917.5013323,-3.0,-7.0,-93.0
1777891917.5113325,-1.0,0.0,-93.0
1777891917.5213325,0.0,2.0,-86.0
1777891917.5313325,1.0,2.0,-78.0
1777891917.5413325,2.0,-2.0,-77.0
1777891917.5513325,3.0,-3.0,-73.0
1777891917.5613325,0.0,-5.0,-72.0
1777891917.5713325,-1.0,-4.0,-65.0
1777891917.5813324,0.0,-3.0,-67.0
1777891917.5913324,0.0,-4.0,-65.0
1777891917.6013324,-2.0,-6.0,-62.0
1777891917.6113324,-8.0,-4.0,-55.0
1777891917.6213324,-8.0,-4.0,-57.0
1777891917.6313324,-10.0,-4.0,-57.0
1777891917.6413324,-8.0,-3.0,-59.0
1777891917.6513324,-1.0,-1.0,-63.0
1777891917.6613324,-4.0,-1.0,-60.0
1777891917.6713324,-4.0,0.0,-70.0
1777891917.6813323,3.0,2.0,-74.0
1777891917.6913323,4.0,1.0,-70.0
1777891917.7013323,5.0,1.0,-70.0
1777891917.7113323,9.0,-2.0,-66.0
1777891917.7213323,8.0,-6.0,-66.0
1777891917.7313323,2.0,-7.0,-72.0
1777891917.7413323,0.0,0.0,-67.0
1777891917.7513323,0.0,7.0,-65.0
1777891917.7613325,0.0,7.0,-62.0
1777891917.7713325,-1.0,9.0,-71.0
1777891917.7813325,-3.0,9.0,-70.0
1777891917.7913325,-1.0,9.0,-76.0
1777891917.8013325,-2.0,10.0,-74.0
1777891917.8113325,-3.0,7.0,-68.0
1777891917.8213325,-3.0,6.0,-69.0
1777891917.8313324,-3.0,6.0,-69.0
1777891917.8413324,0.0,2.0,-59.0
1777891917.8513324,1.0,-2.0,-54.0
1777891917.8613324,2.0,-2.0,-61.0
1777891917.8713324,2.0,-7.0,-61.0
1777891917.8813324,7.0,-7.0,-68.0
1777891917.8913324,12.0,-5.0,-72.0
1777891917.9013324,11.0,-7.0,-71.0
1777891917.9113324,10.0,-6.0,-79.0
1777891917.9213324,13.0,-3.0,-77.0
1777891917.9313323,12.0,-5.0,-79.0
1777891917.9413323,9.0,-4.0,-82.0
1777891917.9513323,10.0,-2.0,-75.0
1777891917.9613323,8.0,-1.0,-68.0
1777891917.9713323,4.0,-3.0,-66.0
1777891917.9813323,4.0,-3.0,-68.0
1777891917.9913323,9.0,-3.0,-66.0
1777891918.0013323,9.0,-3.0,-63.0
1777891918.0113325,4.0,-1.0,-55.0
1777891918.0213325,5.0,-3.0,-62.0
1777891918.0313325,1.0,-2.0,-66.0
1777891918.0413325,0.0,-1.0,-68.0
1777891918.0513325,0.0,-2.0,-63.0
1777891918.0613325,-1.0,0.0,-56.0
1777891918.0713325,0.0,-4.0,-56.0
1777891918.0813324,-2.0,-6.0,-61.0
1777891918.0913324,-1.0,-5.0,-67.0
1777891918.1013324,-7.0,-2.0,-68.0
1777891918.1113324,-7.0,-4.0,-60.0
1777891918.1213324,-5.0,-1.0,-59.0
1777891918.1313324,-5.0,0.0,-62.0
1777891918.1413324,-9.0,1.0,-64.0
1777891918.1513324,-11.0,0.0,-71.0
1777891918.1613324,-13.0,-4.0,-72.0
1777891918.1713324,-8.0,-5.0,-76.0
1777891918.1813323,-3.0,-6.0,-72.0
1777891918.1913323,-1.0,-3.0,-73.0
1777891918.2013323,3.0,-5.0,-70.0
1777891918.2113323,4.0,-2.0,-71.0
1777891918.2213323,3.0,0.0,-69.0
1777891918.2313323,6.0,0.0,-77.0
1777891918.2413323,5.0,6.0,-75.0
1777891918.2513323,5.0,1.0,-76.0
1777891918.2613325,4.0,2.0,-72.0
1777891918.2713325,4.0,0.0,-71.0
1777891918.2813325,1.0,0.0,-70.0
1777891918.2913325,2.0,0.0,-75.0
1777891918.3013325,0.0,0.0,-74.0
1777891918.3113325,-1.0,0.0,-73.0
1777891918.3213325,-2.0,-1.0,-71.0
1777891918.3313324,0.0,-2.0,-68.0
1777891918.3413324,0.0,-3.0,-70.0
1777891918.3513324,-1.0,-3.0,-71.0
1777891918.3613324,2.0,-3.0,-67.0
1777891918.3713324,2.0,-1.0,-74.0
1777891918.3813324,3.0,-3.0,-75.0
1777891918.3913324,4.0,0.0,-73.0
1777891918.4013324,1.0,0.0,-68.0
1777891918.4113324,0.0,-3.0,-66.0
1777891918.4213324,2.0,-1.0,-70.0
1777891918.4313323,6.0,0.0,-65.0
1777891918.4413323,6.0,-1.0,-62.0
1777891918.4513323,8.0,-4.0,-68.0
1777891918.4613323,4.0,0.0,-64.0
1777891918.4713323,1.0,0.0,-60.0
1777891918.4813323,-2.0,1.0,-60.0
1777891918.4913323,-7.0,4.0,-64.0
1777891918.5013323,-2.0,4.0,-68.0
1777891918.5113325,0.0,3.0,-67.0
1777891918.5213325,3.0,4.0,-60.0
1777891918.5313325,5.0,7.0,-59.0
1777891918.5413325,3.0,9.0,-69.0
1777891918.5513325,4.0,7.0,-71.0
1777891918.5613325,2.0,1.0,-70.0
1777891918.5713325,1.0,-2.0,-69.0
1777891918.5813324,-5.0,-2.0,-66.0
1777891918.5913324,-10.0,-4.0,-68.0
1777891918.6013324,-8.0,-5.0,-66.0
1777891918.6113324,-2.0,-4.0,-73.0
1777891918.6213324,-6.0,-3.0,-77.0
1777891918.6313324,-3.0,-2.0,-69.0
1777891918.6413324,-2.0,-2.0,-76.0
1777891918.6513324,0.0,1.0,-78.0
1777891918.6613324,0.0,1.0,-76.0
1777891918.6713324,3.0,0.0,-74.0
1777891918.6813323,0.0,-1.0,-71.0
1777891918.6913323,1.0,-4.0,-69.0
1777891918.7013323,5.0,-2.0,-71.0
1777891918.7113323,3.0,-1.0,-69.0
1777891918.7213323,2.0,-1.0,-64.0
1777891918.7313323,0.0,1.0,-66.0
1777891918.7413323,0.0,0.0,-67.0
1777891918.7513323,2.0,0.0,-61.0
1777891918.7613325,0.0,-1.0,-56.0
1777891918.7713325,1.0,0.0,-60.0
1777891918.7813325,0.0,-2.0,-62.0
1777891918.7913325,-2.0,-3.0,-66.0
1777891918.8013325,0.0,0.0,-71.0
1777891918.8113325,2.0,-1.0,-66.0
1777891918.8213325,0.0,-3.0,-65.0
1777891918.8313324,0.0,0.0,-68.0
1777891918.8413324,1.0,1.0,-76.0
1777891918.8513324,-1.0,0.0,-80.0
1777891918.8613324,-3.0,5.0,-79.0
1777891918.8713324,-4.0,6.0,-78.0
1777891918.8813324,-5.0,5.0,-74.0
1777891918.8913324,0.0,6.0,-75.0
1777891918.9013324,0.0,3.0,-74.0
1777891918.9113324,-3.0,2.0,-76.0
1777891918.9213324,-6.0,2.0,-80.0
1777891918.9313323,-6.0,-1.0,-82.0
1777891918.9413323,-8.0,-4.0,-74.0
1777891918.9523325,-6.0,-1.0,-75.0
1777891918.9623325,-3.0,-5.0,-72.0
1777891918.9723325,-3.0,-6.0,-71.0
1777891918.9823325,3.0,-8.0,-75.0
1777891918.9923325,5.0,-10.0,-77.0
1777891919.0023324,8.0,-5.0,-77.0
1777891919.0123324,4.0,-5.0,-79.0
1777891919.0223324,2.0,-3.0,-83.0
1777891919.0323324,-2.0,-1.0,-71.0
1777891919.0423324,-3.0,0.0,-73.0
1777891919.0523324,-1.0,2.0,-78.0
1777891919.0623324,0.0,0.0,-80.0
1777891919.0723324,2.0,5.0,-73.0
1777891919.0823324,2.0,3.0,-73.0
1777891919.0923324,0.0,1.0,-72.0
1777891919.1023324,0.0,0.0,-65.0
1777891919.1123323,-1.0,-2.0,-63.0
1777891919.1223323,-2.0,0.0,-69.0
1777891919.1323323,1.0,0.0,-75.0
1777891919.1423323,5.0,0.0,-74.0
1777891919.1523323,4.0,-1.0,-78.0
1777891919.1623323,5.0,0.0,-74.0
1777891919.1723323,3.0,0.0,-76.0
1777891919.1823325,4.0,0.0,-76.0
1777891919.1923325,6.0,0.0,-70.0
1777891919.2023325,5.0,-4.0,-68.0
1777891919.2123325,7.0,-5.0,-71.0
1777891919.2223325,3.0,-4.0,-70.0
1777891919.2323325,1.0,-1.0,-70.0
1777891919.2423325,1.0,0.0,-67.0
1777891919.2523324,-3.0,-2.0,-67.0
1777891919.2623324,-4.0,0.0,-62.0
1777891919.2723324,-2.0,0.0,-65.0
1777891919.2823324,-3.0,-2.0,-64.0
1777891919.2923324,-2.0,1.0,-58.0
1777891919.3023324,-4.0,1.0,-66.0
1777891919.3123324,-5.0,-1.0,-70.0
1777891919.3223324,-9.0,1.0,-77.0
1777891919.3323324,-5.0,1.0,-80.0
1777891919.3423324,0.0,0.0,-77.0
1777891919.3523324,8.0,-3.0,-67.0
1777891919.3623323,0.0,-5.0,-66.0
1777891919.3723323,-2.0,-7.0,-67.0
1777891919.3823323,-4.0,-8.0,-67.0
1777891919.3923323,-6.0,-6.0,-75.0
1777891919.4023323,-4.0,-1.0,-78.0
1777891919.4123323,0.0,1.0,-76.0
1777891919.4223323,-5.0,2.0,-73.0
1777891919.4323325,-7.0,0.0,-70.0
1777891919.4423325,-3.0,0.0,-63.0
1777891919.4523325,0.0,-1.0,-67.0
1777891919.4623325,0.0,-3.0,-68.0
1777891919.4723325,3.0,-7.0,-66.0
1777891919.4823325,3.0,-4.0,-71.0
1777891919.4923325,0.0,-6.0,-74.0
1777891919.5023324,0.0,-6.0,-72.0
1777891919.5123324,3.0,-1.0,-76.0
1777891919.5223324,1.0,-3.0,-74.0
1777891919.5323324,1.0,0.0,-69.0
1777891919.5423324,-3.0,-2.0,-74.0
1777891919.5523324,-3.0,-2.0,-79.0
1777891919.5623324,0.0,-3.0,-81.0
1777891919.5723324,1.0,-3.0,-81.0
1777891919.5823324,-2.0,-3.0,-87.0
1777891919.5923324,-3.0,-3.0,-85.0
1777891919.6023324,-2.0,-6.0,-83.0
1777891919.6123323,0.0,-5.0,-76.0
1777891919.6223323,-1.0,-5.0,-69.0
1777891919.6323323,-1.0,-5.0,-68.0
1777891919.6423323,4.0,-4.0,-71.0
1777891919.6523323,2.0,-2.0,-72.0
1777891919.6623323,-1.0,-4.0,-73.0
1777891919.6723323,0.0,-4.0,-76.0
1777891919.6823325,7.0,-2.0,-72.0
1777891919.6923325,6.0,-2.0,-74.0
1777891919.7023325,3.0,-1.0,-75.0
1777891919.7123325,4.0,-4.0,-73.0
1777891919.7223325,4.0,-2.0,-71.0
1777891919.7323325,7.0,-5.0,-66.0
1777891919.7423325,2.0,-5.0,-74.0
1777891919.7523324,4.0,-4.0,-72.0
1777891919.7623324,3.0,-4.0,-71.0
1777891919.7723324,3.0,-5.0,-71.0
1777891919.7823324,4.0,-3.0,-75.0
1777891919.7923324,3.0,-4.0,-78.0
1777891919.8023324,0.0,-4.0,-74.0
1777891919.8123324,-3.0,-2.0,-71.0
1777891919.8223324,0.0,0.0,-69.0
1777891919.8323324,0.0,2.0,-73.0
1777891919.8423324,1.0,0.0,-70.0
1777891919.8523324,2.0,0.0,-70.0
1777891919.8623323,1.0,-5.0,-68.0
1777891919.8723323,0.0,0.0,-68.0
1777891919.8823323,2.0,0.0,-65.0
1777891919.8923323,1.0,-2.0,-62.0
1777891919.9023323,-2.0,-2.0,-64.0
1777891919.9123323,-3.0,-4.0,-63.0
1777891919.9223323,-3.0,-4.0,-61.0
1777891919.9323325,-6.0,-2.0,-55.0
1777891919.9423325,-5.0,-2.0,-58.0
1777891919.9523325,-10.0,-1.0,-66.0
1777891919.9623325,-10.0,-1.0,-73.0
1777891919.9723325,-7.0,-3.0,-74.0
1777891919.9823325,-6.0,2.0,-74.0
1777891919.9923325,-3.0,1.0,-73.0
1777891920.0023324,-1.0,-2.0,-77.0
1777891920.0123324,1.0,-3.0,-68.0
1777891920.0223324,4.0,-8.0,-73.0
1777891920.0323324,5.0,-5.0,-72.0
1777891920.0423324,0.0,-8.0,-71.0
1777891920.0523324,0.0,-6.0,-66.0
1777891920.0623324,0.0,-4.0,-74.0
1777891920.0723324,1.0,-8.0,-71.0
1777891920.0823324,4.0,-13.0,-73.0
1777891920.0923324,3.0,-13.0,-72.0
1777891920.1023324,1.0,-11.0,-75.0
1777891920.1123323,3.0,-12.0,-79.0
1777891920.1223323,6.0,-7.0,-74.0
1777891920.1323323,7.0,-8.0,-75.0
1777891920.1423323,5.0,-7.0,-71.0
1777891920.1523323,2.0,-2.0,-75.0
1777891920.1623323,2.0,-4.0,-74.0
1777891920.1723323,0.0,-7.0,-73.0
1777891920.1823325,0.0,-5.0,-74.0
1777891920.1923325,1.0,-6.0,-79.0
1777891920.2023325,4.0,-4.0,-77.0
1777891920.2123325,3.0,1.0,-78.0
1777891920.2223325,2.0,4.0,-77.0
1777891920.2323325,3.0,5.0,-78.0
1777891920.2423325,3.0,8.0,-71.0
1777891920.2523324,4.0,5.0,-67.0
1777891920.2623324,2.0,4.0,-72.0
1777891920.2723324,5.0,0.0,-63.0
1777891920.2823324,3.0,0.0,-63.0
1777891920.2923324,3.0,0.0,-68.0
1777891920.3023324,0.0,1.0,-74.0
1777891920.3123324,0.0,2.0,-77.0
1777891920.3223324,2.0,3.0,-83.0
1777891920.3323324,1.0,4.0,-79.0
1777891920.3423324,0.0,4.0,-82.0
1777891920.3523324,-1.0,3.0,-81.0
1777891920.3623323,0.0,0.0,-75.0
1777891920.3723323,-1.0,2.0,-81.0
1777891920.3823323,-3.0,3.0,-82.0
1777891920.3923323,-3.0,2.0,-78.0
1777891920.4023323,-3.0,4.0,-81.0
1777891920.4123323,-1.0,2.0,-83.0
1777891920.4223323,0.0,-1.0,-84.0
1777891920.4323325,2.0,-4.0,-78.0
1777891920.4423325,0.0,-2.0,-85.0
1777891920.4523325,-2.0,5.0,-77.0
1777891920.4623325,-5.0,6.0,-78.0
1777891920.4723325,-6.0,2.0,-80.0
1777891920.4823325,-11.0,4.0,-81.0
1777891920.4923325,-5.0,6.0,-74.0
1777891920.5023324,-4.0,8.0,-75.0
1777891920.5123324,-2.0,4.0,-81.0
1777891920.5223324,0.0,-2.0,-76.0
1777891920.5323324,-1.0,-2.0,-69.0
1777891920.5423324,-5.0,0.0,-65.0
1777891920.5523324,-5.0,-2.0,-65.0
1777891920.5623324,-4.0,-1.0,-62.0
1777891920.5723324,-5.0,1.0,-61.0
1777891920.5823324,-4.0,-1.0,-64.0
1777891920.5923324,-3.0,-3.0,-67.0
1777891920.6023324,-5.0,-4.0,-69.0
1777891920.6123323,-3.0,-5.0,-68.0
1777891920.6223323,-2.0,-2.0,-72.0
1777891920.6323323,-3.0,0.0,-74.0
1777891920.6423323,-6.0,0.0,-77.0
1777891920.6523323,0.0,-5.0,-70.0
1777891920.6623323,-2.0,-4.0,-72.0
1777891920.6723323,-4.0,0.0,-75.0
1777891920.6823325,-5.0,1.0,-77.0
1777891920.6923325,0.0,4.0,-78.0
1777891920.7023325,0.0,7.0,-72.0
1777891920.7123325,-7.0,2.0,-72.0
1777891920.7223325,-9.0,0.0,-68.0
1777891920.7323325,-11.0,-1.0,-68.0
1777891920.7423325,-10.0,0.0,-66.0
1777891920.7523324,-12.0,0.0,-73.0
1777891920.7623324,-5.0,-3.0,-77.0
1777891920.7723324,-8.0,-1.0,-78.0
1777891920.7823324,-7.0,-2.0,-82.0
1777891920.7923324,-6.0,-5.0,-85.0
1777891920.8023324,-4.0,-9.0,-80.0
1777891920.8123324,-4.0,-11.0,-72.0
1777891920.8223324,-1.0,-6.0,-68.0
1777891920.8323324,1.0,-1.0,-63.0
1777891920.8423324,0.0,-2.0,-62.0
1777891920.8523324,0.0,-1.0,-61.0
1777891920.8623323,-2.0,-2.0,-71.0
1777891920.8723323,0.0,-3.0,-77.0
1777891920.8823323,-2.0,-3.0,-71.0
1777891920.8923323,-1.0,0.0,-71.0
1777891920.9023323,0.0,-4.0,-72.0
1777891920.9123323,0.0,-4.0,-72.0
1777891920.9223323,0.0,-5.0,-81.0
1777891920.9323325,2.0,-6.0,-88.0
1777891920.9433324,6.0,-4.0,-82.0
1777891920.9533324,5.0,-3.0,-73.0
1777891920.9633324,5.0,-2.0,-64.0
1777891920.9733324,10.0,0.0,-67.0
1777891920.9833324,8.0,0.0,-70.0
1777891920.9933324,9.0,3.0,-79.0
1777891921.0033324,11.0,1.0,-76.0
1777891921.0133324,9.0,0.0,-78.0
1777891921.0233324,1.0,0.0,-76.0
1777891921.0333323,0.0,1.0,-78.0
1777891921.0433323,1.0,-2.0,-81.0
1777891921.0533323,3.0,-5.0,-79.0
1777891921.0633323,6.0,-2.0,-76.0
1777891921.0733323,10.0,0.0,-79.0
1777891921.0833323,6.0,-3.0,-70.0
1777891921.0933323,3.0,-2.0,-72.0
1777891921.1033323,0.0,0.0,-76.0
1777891921.1133325,-1.0,0.0,-71.0
1777891921.1233325,-2.0,-1.0,-74.0
1777891921.1333325,-9.0,2.0,-73.0
1777891921.1433325,-8.0,3.0,-74.0
1777891921.1533325,-5.0,0.0,-71.0
1777891921.1633325,-4.0,-2.0,-68.0
1777891921.1733325,0.0,-3.0,-66.0
1777891921.1833324,1.0,-3.0,-65.0
1777891921.1933324,3.0,-3.0,-67.0
1777891921.2033324,2.0,-4.0,-66.0
1777891921.2133324,7.0,-5.0,-72.0
1777891921.2233324,5.0,-7.0,-77.0
1777891921.2333324,8.0,-7.0,-76.0
1777891921.2433324,3.0,-4.0,-82.0
1777891921.2533324,4.0,-2.0,-77.0
1777891921.2633324,8.0,-2.0,-79.0
1777891921.2733324,5.0,0.0,-80.0
1777891921.2833323,4.0,1.0,-80.0
1777891921.2933323,1.0,1.0,-86.0
1777891921.3033323,2.0,-2.0,-84.0
1777891921.3133323,3.0,-6.0,-78.0
1777891921.3233323,4.0,-5.0,-74.0
1777891921.3333323,5.0,-9.0,-77.0
1777891921.3433323,7.0,-7.0,-69.0
1777891921.3533323,3.0,-5.0,-71.0
1777891921.3633325,6.0,-5.0,-72.0
1777891921.3733325,6.0,-5.0,-75.0
1777891921.3833325,6.0,-2.0,-70.0
1777891921.3933325,2.0,-1.0,-69.0
1777891921.4033325,-4.0,-1.0,-74.0
1777891921.4133325,0.0,-3.0,-82.0
1777891921.4233325,-3.0,-4.0,-72.0
1777891921.4333324,-3.0,-3.0,-66.0
1777891921.4433324,0.0,-3.0,-62.0
1777891921.4533324,2.0,-3.0,-59.0
1777891921.4633324,4.0,-4.0,-59.0
1777891921.4733324,5.0,0.0,-62.0
1777891921.4833324,9.0,-3.0,-64.0
1777891921.4933324,9.0,0.0,-69.0
1777891921.5033324,11.0,1.0,-76.0
1777891921.5133324,8.0,1.0,-79.0
1777891921.5233324,8.0,1.0,-77.0
1777891921.5333323,3.0,3.0,-83.0
1777891921.5433323,2.0,2.0,-85.0
1777891921.5533323,4.0,5.0,-90.0
1777891921.5633323,5.0,6.0,-86.0
1777891921.5733323,4.0,1.0,-87.0
1777891921.5833323,3.0,2.0,-77.0
1777891921.5933323,4.0,1.0,-75.0
1777891921.6033323,4.0,2.0,-76.0
1777891921.6133325,5.0,0.0,-84.0
1777891921.6233325,7.0,0.0,-76.0
1777891921.6333325,1.0,-3.0,-79.0
1777891921.6433325,0.0,-4.0,-81.0
1777891921.6533325,0.0,0.0,-75.0
1777891921.6633325,0.0,2.0,-78.0
1777891921.6733325,-2.0,2.0,-79.0
1777891921.6833324,-4.0,6.0,-74.0
1777891921.6933324,-4.0,3.0,-71.0
1777891921.7033324,-5.0,1.0,-71.0
1777891921.7133324,-4.0,0.0,-74.0
1777891921.7233324,-4.0,1.0,-71.0
1777891921.7333324,-1.0,0.0,-69.0
1777891921.7433324,1.0,-3.0,-67.0
1777891921.7533324,0.0,-3.0,-73.0
1777891921.7633324,5.0,-2.0,-78.0
1777891921.7733324,6.0,-5.0,-80.0
1777891921.7833323,6.0,-2.0,-84.0
1777891921.7933323,6.0,0.0,-82.0
1777891921.8033323,3.0,0.0,-77.0
1777891921.8133323,0.0,3.0,-74.0
1777891921.8233323,-1.0,1.0,-72.0
1777891921.8333323,1.0,3.0,-73.0
1777891921.8433323,1.0,1.0,-74.0
1777891921.8533323,0.0,4.0,-75.0
1777891921.8633325,-4.0,0.0,-75.0
1777891921.8733325,-1.0,2.0,-74.0
1777891921.8833325,-3.0,1.0,-72.0
1777891921.8933325,-4.0,0.0,-77.0
1777891921.9033325,0.0,-5.0,-74.0
1777891921.9133325,4.0,-4.0,-64.0
1777891921.9233325,3.0,-2.0,-67.0
1777891921.9333324,3.0,-7.0,-70.0
1777891921.9433324,0.0,-3.0,-72.0
1777891921.9533324,0.0,-5.0,-73.0
1777891921.9633324,0.0,-2.0,-75.0
1777891921.9733324,1.0,0.0,-74.0
1777891921.9833324,-1.0,-1.0,-81.0
1777891921.9933324,-3.0,-1.0,-80.0
1777891922.0033324,-4.0,-2.0,-77.0
1777891922.0133324,-3.0,-3.0,-78.0
1777891922.0233324,-2.0,-5.0,-79.0
1777891922.0333323,-3.0,-4.0,-72.0
1777891922.0433323,-6.0,-1.0,-67.0
1777891922.0533323,-1.0,-2.0,-68.0
1777891922.0633323,2.0,3.0,-65.0
1777891922.0733323,1.0,2.0,-64.0
1777891922.0833323,3.0,6.0,-69.0
1777891922.0933323,2.0,0.0,-71.0
1777891922.1033323,5.0,0.0,-74.0
1777891922.1133325,4.0,4.0,-74.0
1777891922.1233325,5.0,6.0,-75.0
1777891922.1333325,1.0,5.0,-78.0
1777891922.1433325,-1.0,3.0,-80.0
1777891922.1533325,-2.0,1.0,-74.0
1777891922.1633325,0.0,0.0,-65.0
1777891922.1733325,-5.0,0.0,-69.0
1777891922.1833324,-4.0,-2.0,-71.0
1777891922.1933324,0.0,-1.0,-72.0
1777891922.2033324,-1.0,-1.0,-75.0
1777891922.2133324,-3.0,-3.0,-77.0
1777891922.2233324,-5.0,-8.0,-76.0
1777891922.2333324,-5.0,-4.0,-70.0
1777891922.2433324,-8.0,1.0,-67.0
1777891922.2533324,-6.0,2.0,-61.0
1777891922.2633324,-2.0,2.0,-68.0
1777891922.2733324,-5.0,1.0,-73.0
1777891922.2833323,-6.0,0.0,-76.0
1777891922.2933323,-8.0,0.0,-80.0
1777891922.3033323,-9.0,2.0,-82.0
1777891922.3133323,-9.0,0.0,-84.0
1777891922.3233323,-6.0,-2.0,-82.0
1777891922.3333323,-4.0,-1.0,-85.0
1777891922.3433323,-8.0,-1.0,-84.0
1777891922.3533323,-8.0,-1.0,-79.0
1777891922.3633325,-2.0,-4.0,-71.0
1777891922.3733325,0.0,-4.0,-69.0
1777891922.3833325,0.0,-3.0,-70.0
1777891922.3933325,0.0,5.0,-74.0
1777891922.4033325,0.0,7.0,-78.0
1777891922.4133325,0.0,5.0,-75.0
1777891922.4233325,2.0,-2.0,-80.0
1777891922.4333324,-2.0,-3.0,-84.0
1777891922.4433324,-7.0,0.0,-74.0
1777891922.4533324,-7.0,0.0,-75.0
1777891922.4633324,-2.0,-1.0,-72.0
1777891922.4733324,-7.0,-1.0,-74.0
1777891922.4833324,-10.0,0.0,-71.0
1777891922.4933324,-8.0,0.0,-74.0
1777891922.5033324,-6.0,-2.0,-68.0
1777891922.5133324,-3.0,-7.0,-65.0
1777891922.5233324,-4.0,-7.0,-67.0
1777891922.5333323,-5.0,-4.0,-71.0
1777891922.5433323,-4.0,-3.0,-74.0
1777891922.5533323,-6.0,-3.0,-79.0
1777891922.5633323,-5.0,-3.0,-78.0
1777891922.5733323,-3.0,-2.0,-79.0
1777891922.5833323,-1.0,-4.0,-71.0
1777891922.5933323,1.0,-3.0,-72.0
1777891922.6033323,1.0,-6.0,-71.0
1777891922.6133325,0.0,-6.0,-75.0
1777891922.6233325,1.0,-9.0,-81.0
1777891922.6333325,-4.0,-5.0,-78.0
1777891922.6433325,-7.0,-7.0,-81.0
1777891922.6533325,-7.0,0.0,-78.0
1777891922.6633325,-4.0,0.0,-76.0
1777891922.6733325,-2.0,1.0,-76.0
1777891922.6833324,1.0,0.0,-79.0
1777891922.6933324,2.0,1.0,-78.0
1777891922.7033324,1.0,-1.0,-79.0
1777891922.7133324,5.0,-6.0,-74.0
1777891922.7233324,4.0,-10.0,-73.0
1777891922.7333324,3.0,-10.0,-67.0
1777891922.7433324,2.0,-8.0,-65.0
1777891922.7533324,0.0,-8.0,-62.0
1777891922.7633324,0.0,-6.0,-61.0
1777891922.7733324,2.0,-2.0,-68.0
1777891922.7833323,4.0,0.0,-68.0
1777891922.7933323,3.0,1.0,-69.0
1777891922.8033323,3.0,2.0,-61.0
1777891922.8133323,0.0,1.0,-61.0
1777891922.8233323,-3.0,0.0,-64.0
1777891922.8333323,-5.0,2.0,-65.0
1777891922.8433323,-4.0,1.0,-68.0
1777891922.8533323,-1.0,2.0,-72.0
1777891922.8633325,0.0,4.0,-73.0
1777891922.8733325,0.0,3.0,-72.0
1777891922.8833325,2.0,3.0,-72.0
1777891922.8933325,4.0,7.0,-67.0
1777891922.9033325,5.0,5.0,-71.0
1777891922.9133325,5.0,7.0,-68.0
1777891922.9243324,7.0,4.0,-68.0
1777891922.9343324,3.0,0.0,-69.0
1777891922.9443324,1.0,-1.0,-71.0
1777891922.9543324,0.0,-2.0,-69.0
1777891922.9643323,-3.0,-3.0,-74.0
1777891922.9743323,0.0,-2.0,-73.0
1777891922.9843323,3.0,-2.0,-73.0
1777891922.9943323,0.0,-2.0,-74.0
1777891923.0043323,-4.0,-4.0,-73.0
1777891923.0143323,-3.0,2.0,-73.0
1777891923.0243323,1.0,2.0,-73.0
1777891923.0343325,0.0,2.0,-67.0
1777891923.0443325,1.0,2.0,-63.0
1777891923.0543325,3.0,1.0,-68.0
1777891923.0643325,3.0,-3.0,-74.0
1777891923.0743325,2.0,-3.0,-76.0
1777891923.0843325,1.0,-3.0,-72.0
1777891923.0943325,-4.0,-6.0,-75.0
1777891923.1043324,-8.0,-5.0,-72.0
1777891923.1143324,-8.0,-2.0,-65.0
1777891923.1243324,-10.0,-2.0,-64.0
1777891923.1343324,-8.0,-5.0,-69.0
1777891923.1443324,-5.0,-11.0,-71.0
1777891923.1543324,0.0,-9.0,-66.0
1777891923.1643324,1.0,-7.0,-66.0
1777891923.1743324,5.0,-6.0,-71.0
1777891923.1843324,9.0,-7.0,-74.0
1777891923.1943324,6.0,-6.0,-76.0
1777891923.2043324,8.0,-5.0,-77.0
1777891923.2143323,2.0,-6.0,-80.0
1777891923.2243323,5.0,-8.0,-74.0
1777891923.2343323,4.0,-3.0,-65.0
1777891923.2443323,4.0,-3.0,-65.0
1777891923.2543323,2.0,-5.0,-68.0
1777891923.2643323,6.0,-3.0,-67.0
1777891923.2743323,1.0,-3.0,-71.0
1777891923.2843325,6.0,-3.0,-79.0
1777891923.2943325,8.0,-1.0,-80.0
1777891923.3043325,1.0,-2.0,-85.0
1777891923.3143325,3.0,-6.0,-86.0
1777891923.3243325,6.0,-9.0,-78.0
1777891923.3343325,5.0,-9.0,-76.0
1777891923.3443325,4.0,-6.0,-70.0
1777891923.3543324,0.0,-5.0,-67.0
1777891923.3643324,-1.0,-4.0,-69.0
1777891923.3743324,-2.0,-6.0,-75.0
1777891923.3843324,0.0,-4.0,-74.0
1777891923.3943324,-4.0,-5.0,-75.0
1777891923.4043324,-2.0,-5.0,-77.0
1777891923.4143324,0.0,-6.0,-83.0
1777891923.4243324,-2.0,-2.0,-77.0
1777891923.4343324,0.0,-5.0,-80.0
1777891923.4443324,1.0,0.0,-83.0
1777891923.4543324,0.0,0.0,-88.0
1777891923.4643323,3.0,0.0,-85.0
1777891923.4743323,0.0,1.0,-84.0
1777891923.4843323,0.0,-4.0,-79.0
1777891923.4943323,-2.0,-8.0,-74.0
1777891923.5043323,-6.0,-11.0,-73.0
1777891923.5143323,0.0,-8.0,-69.0
1777891923.5243323,1.0,-6.0,-68.0
1777891923.5343325,8.0,-2.0,-66.0
1777891923.5443325,14.0,-7.0,-68.0
1777891923.5543325,15.0,-11.0,-68.0
1777891923.5643325,11.0,-8.0,-68.0
1777891923.5743325,7.0,-11.0,-65.0
1777891923.5843325,7.0,-14.0,-59.0
1777891923.5943325,7.0,-9.0,-58.0
1777891923.6043324,6.0,-5.0,-60.0
1777891923.6143324,4.0,-3.0,-52.0
1777891923.6243324,5.0,1.0,-54.0
1777891923.6343324,5.0,3.0,-59.0
1777891923.6443324,8.0,3.0,-64.0
1777891923.6543324,7.0,5.0,-60.0
1777891923.6643324,6.0,6.0,-57.0
1777891923.6743324,9.0,7.0,-63.0
1777891923.6843324,10.0,9.0,-68.0
1777891923.6943324,4.0,4.0,-68.0
1777891923.7043324,5.0,0.0,-71.0
1777891923.7143323,6.0,0.0,-71.0
1777891923.7243323,6.0,0.0,-75.0
1777891923.7343323,7.0,-1.0,-79.0
1777891923.7443323,1.0,-1.0,-79.0
1777891923.7543323,0.0,-2.0,-80.0
1777891923.7643323,0.0,-4.0,-83.0
1777891923.7743323,-3.0,-6.0,-84.0
1777891923.7843325,3.0,-6.0,-83.0
1777891923.7943325,3.0,-3.0,-79.0
1777891923.8043325,2.0,-1.0,-75.0
1777891923.8143325,3.0,-1.0,-70.0
1777891923.8243325,1.0,0.0,-73.0
1777891923.8343325,2.0,2.0,-73.0
1777891923.8443325,2.0,3.0,-70.0
1777891923.8543324,7.0,0.0,-79.0
1777891923.8643324,5.0,-2.0,-80.0
1777891923.8743324,4.0,-5.0,-78.0
1777891923.8843324,3.0,-6.0,-75.0
1777891923.8943324,1.0,-4.0,-70.0
1777891923.9043324,0.0,-6.0,-73.0
1777891923.9143324,2.0,-6.0,-76.0
1777891923.9243324,2.0,-2.0,-75.0
1777891923.9343324,5.0,0.0,-70.0
1777891923.9443324,5.0,5.0,-72.0
1777891923.9543324,10.0,6.0,-77.0
1777891923.9643323,9.0,1.0,-74.0
1777891923.9743323,8.0,2.0,-76.0
1777891923.9843323,6.0,-2.0,-72.0
1777891923.9943323,4.0,-3.0,-72.0
1777891924.0043323,3.0,-1.0,-80.0
1777891924.0143323,2.0,-2.0,-79.0
1777891924.0243323,4.0,-2.0,-75.0
1777891924.0343325,2.0,-1.0,-71.0
1777891924.0443325,5.0,0.0,-71.0
1777891924.0543325,5.0,-2.0,-75.0
1777891924.0643325,3.0,0.0,-74.0
1777891924.0743325,1.0,-1.0,-72.0
1777891924.0843325,3.0,-2.0,-65.0
1777891924.0943325,6.0,-4.0,-61.0
1777891924.1043324,6.0,-1.0,-65.0
1777891924.1143324,9.0,-4.0,-63.0
1777891924.1243324,8.0,-3.0,-66.0
1777891924.1343324,12.0,-4.0,-69.0
1777891924.1443324,5.0,-3.0,-72.0
1777891924.1543324,3.0,-4.0,-74.0
1777891924.1643324,-2.0,-2.0,-80.0
1777891924.1743324,-4.0,-3.0,-81.0
1777891924.1843324,0.0,-7.0,-80.0
1777891924.1943324,4.0,-6.0,-79.0
1777891924.2043324,-1.0,-7.0,-79.0
1777891924.2143323,-2.0,-4.0,-80.0
1777891924.2243323,0.0,-7.0,-76.0
1777891924.2343323,0.0,-9.0,-80.0
1777891924.2443323,-4.0,-8.0,-76.0
1777891924.2543323,-2.0,-3.0,-71.0
1777891924.2643323,-4.0,-1.0,-75.0
1777891924.2743323,-6.0,1.0,-76.0
1777891924.2843325,-3.0,0.0,-76.0
1777891924.2943325,-6.0,0.0,-72.0
1777891924.3043325,-9.0,-2.0,-77.0
1777891924.3143325,-9.0,0.0,-77.0
1777891924.3243325,-6.0,1.0,-68.0
1777891924.3343325,-5.0,1.0,-73.0
1777891924.3443325,-2.0,0.0,-72.0
1777891924.3543324,0.0,0.0,-71.0
1777891924.3643324,0.0,-1.0,-73.0
1777891924.3743324,-3.0,0.0,-69.0
1777891924.3843324,-2.0,-3.0,-74.0
1777891924.3943324,0.0,-4.0,-68.0
1777891924.4043324,3.0,-5.0,-66.0
1777891924.4143324,1.0,-8.0,-68.0
1777891924.4243324,5.0,-6.0,-64.0
1777891924.4343324,4.0,-7.0,-68.0
1777891924.4443324,0.0,-10.0,-66.0
1777891924.4543324,0.0,-8.0,-63.0
1777891924.4643323,0.0,-7.0,-57.0
1777891924.4743323,3.0,-7.0,-58.0
1777891924.4843323,2.0,-6.0,-64.0
1777891924.4943323,4.0,-9.0,-67.0
1777891924.5043323,3.0,-6.0,-70.0
1777891924.5143323,3.0,-7.0,-70.0
1777891924.5243323,2.0,-6.0,-76.0
1777891924.5343325,1.0,-6.0,-84.0
1777891924.5443325,-6.0,-6.0,-78.0
1777891924.5543325,-1.0,1.0,-71.0
1777891924.5643325,3.0,-1.0,-66.0
1777891924.5743325,7.0,-2.0,-73.0
1777891924.5843325,10.0,-3.0,-77.0
1777891924.5943325,9.0,-4.0,-77.0
1777891924.6043324,6.0,-3.0,-79.0
1777891924.6143324,3.0,0.0,-87.0
1777891924.6243324,1.0,-3.0,-82.0
1777891924.6343324,3.0,-3.0,-80.0
1777891924.6443324,4.0,2.0,-78.0
1777891924.6543324,0.0,3.0,-73.0
1777891924.6643324,-2.0,0.0,-70.0
1777891924.6743324,-3.0,0.0,-66.0
1777891924.6843324,-1.0,0.0,-64.0
1777891924.6943324,-4.0,-1.0,-64.0
1777891924.7043324,-3.0,3.0,-71.0
1777891924.7143323,-1.0,0.0,-72.0
1777891924.7243323,0.0,2.0,-77.0
1777891924.7343323,4.0,0.0,-80.0
1777891924.7443323,1.0,1.0,-74.0
1777891924.7543323,-1.0,1.0,-68.0
1777891924.7643323,-3.0,3.0,-69.0
1777891924.7743323,-4.0,0.0,-58.0
1777891924.7843325,-4.0,-2.0,-60.0
1777891924.7943325,-7.0,-3.0,-58.0
1777891924.8043325,-6.0,-1.0,-60.0
1777891924.8143325,-6.0,0.0,-58.0
1777891924.8243325,0.0,2.0,-57.0
1777891924.8343325,2.0,0.0,-57.0
1777891924.8443325,5.0,2.0,-53.0
1777891924.8543324,4.0,0.0,-59.0
1777891924.8643324,0.0,0.0,-64.0
1777891924.8743324,-2.0,-3.0,-56.0
1777891924.8853323,-1.0,-4.0,-52.0
1777891924.8953323,-2.0,-3.0,-60.0
1777891924.9053323,-5.0,-3.0,-69.0
1777891924.9153323,-7.0,-2.0,-69.0
1777891924.9253323,-7.0,-5.0,-65.0
1777891924.9353323,-10.0,-11.0,-64.0
1777891924.9453323,-9.0,-11.0,-66.0
1777891924.9553325,-8.0,-10.0,-67.0
1777891924.9653325,-5.0,-8.0,-66.0
1777891924.9753325,-4.0,-5.0,-74.0
1777891924.9853325,-4.0,-2.0,-75.0
1777891924.9953325,-2.0,-4.0,-70.0
1777891925.0053325,0.0,-4.0,-71.0
1777891925.0153325,0.0,-7.0,-74.0
1777891925.0253325,-6.0,-6.0,-80.0
1777891925.0353324,-2.0,-7.0,-76.0
1777891925.0453324,-3.0,-10.0,-76.0
1777891925.0553324,-6.0,-10.0,-77.0
1777891925.0653324,-5.0,-8.0,-74.0
1777891925.0753324,-5.0,-6.0,-77.0
1777891925.0853324,-8.0,-4.0,-65.0
1777891925.0953324,-11.0,-2.0,-64.0
1777891925.1053324,-6.0,-2.0,-61.0
1777891925.1153324,-7.0,-3.0,-63.0
1777891925.1253324,-10.0,-2.0,-59.0
1777891925.1353323,-6.0,0.0,-58.0
1777891925.1453323,-2.0,-3.0,-55.0
1777891925.1553323,-5.0,0.0,-61.0
1777891925.1653323,-9.0,0.0,-66.0
1777891925.1753323,-8.0,-1.0,-66.0
1777891925.1853323,-9.0,-1.0,-62.0
1777891925.1953323,-5.0,-1.0,-73.0
1777891925.2053325,-3.0,0.0,-75.0
1777891925.2153325,-3.0,-2.0,-78.0
1777891925.2253325,-6.0,1.0,-81.0
1777891925.2353325,-4.0,-1.0,-74.0
1777891925.2453325,0.0,4.0,-79.0
1777891925.2553325,2.0,6.0,-79.0
1777891925.2653325,2.0,6.0,-73.0
1777891925.2753325,-2.0,6.0,-75.0
1777891925.2853324,0.0,2.0,-74.0
1777891925.2953324,1.0,-1.0,-79.0
1777891925.3053324,2.0,-1.0,-73.0
1777891925.3153324,3.0,-3.0,-68.0
1777891925.3253324,0.0,-2.0,-68.0
1777891925.3353324,3.0,0.0,-69.0
1777891925.3453324,5.0,-3.0,-79.0
1777891925.3553324,5.0,-4.0,-78.0
1777891925.3653324,7.0,-7.0,-77.0
1777891925.3753324,6.0,-5.0,-76.0
1777891925.3853323,7.0,-6.0,-75.0
1777891925.3953323,6.0,-4.0,-79.0
1777891925.4053323,6.0,0.0,-79.0
1777891925.4153323,0.0,-2.0,-76.0
1777891925.4253323,0.0,-2.0,-74.0
1777891925.4353323,1.0,0.0,-71.0
1777891925.4453323,1.0,-2.0,-74.0
1777891925.4553325,2.0,0.0,-73.0
1777891925.4653325,0.0,0.0,-74.0
1777891925.4753325,0.0,0.0,-70.0
1777891925.4853325,2.0,1.0,-71.0
1777891925.4953325,-1.0,0.0,-60.0
1777891925.5053325,-1.0,-4.0,-68.0
1777891925.5153325,5.0,-11.0,-66.0
1777891925.5253325,5.0,-10.0,-69.0
1777891925.5353324,3.0,-8.0,-72.0
1777891925.5453324,0.0,-4.0,-79.0
1777891925.5553324,2.0,2.0,-78.0
1777891925.5653324,6.0,0.0,-81.0
1777891925.5753324,2.0,-2.0,-75.0
1777891925.5853324,2.0,-1.0,-78.0
1777891925.5953324,4.0,1.0,-77.0
1777891925.6053324,8.0,2.0,-72.0
1777891925.6153324,1.0,4.0,-66.0
1777891925.6253324,-1.0,8.0,-63.0
1777891925.6353323,-2.0,4.0,-57.0
1777891925.6453323,-2.0,3.0,-60.0
1777891925.6553323,0.0,-1.0,-68.0
1777891925.6653323,-2.0,0.0,-67.0
1777891925.6753323,1.0,3.0,-70.0
1777891925.6853323,2.0,6.0,-75.0
1777891925.6953323,3.0,9.0,-74.0
1777891925.7053325,-1.0,5.0,-74.0
1777891925.7153325,-4.0,1.0,-69.0
1777891925.7253325,-8.0,-1.0,-77.0
1777891925.7353325,-11.0,0.0,-78.0
1777891925.7453325,-8.0,-2.0,-73.0
1777891925.7553325,-3.0,-1.0,-75.0
1777891925.7653325,-5.0,0.0,-75.0
1777891925.7753325,-4.0,1.0,-68.0
1777891925.7853324,-6.0,2.0,-72.0
1777891925.7953324,-4.0,0.0,-74.0
1777891925.8053324,3.0,0.0,-76.0
1777891925.8153324,-1.0,-3.0,-74.0
1777891925.8253324,-2.0,-2.0,-76.0
1777891925.8353324,1.0,2.0,-77.0
1777891925.8453324,0.0,2.0,-75.0
1777891925.8553324,1.0,0.0,-74.0
1777891925.8653324,-2.0,-1.0,-71.0
1777891925.8753324,0.0,0.0,-74.0
1777891925.8853323,2.0,0.0,-71.0
1777891925.8953323,2.0,2.0,-75.0
1777891925.9053323,3.0,3.0,-77.0
1777891925.9153323,1.0,0.0,-78.0
1777891925.9253323,2.0,4.0,-70.0
1777891925.9353323,4.0,4.0,-72.0
1777891925.9453323,6.0,6.0,-70.0
1777891925.9553325,4.0,7.0,-69.0
1777891925.9653325,3.0,0.0,-64.0
1777891925.9753325,2.0,0.0,-67.0
1777891925.9853325,0.0,-5.0,-64.0
1777891925.9953325,2.0,-6.0,-62.0
1777891926.0053325,3.0,-3.0,-62.0
1777891926.0153325,0.0,-3.0,-64.0
1777891926.0253325,-5.0,-1.0,-65.0
1777891926.0353324,-5.0,-4.0,-67.0
1777891926.0453324,-3.0,-3.0,-70.0
1777891926.0553324,-3.0,1.0,-70.0
1777891926.0653324,-1.0,-3.0,-68.0
1777891926.0753324,-2.0,-3.0,-67.0
1777891926.0853324,0.0,-6.0,-67.0
1777891926.0953324,0.0,-8.0,-70.0
1777891926.1053324,0.0,-7.0,-75.0
1777891926.1153324,0.0,-7.0,-79.0
1777891926.1253324,1.0,-6.0,-74.0
1777891926.1353323,-6.0,-6.0,-73.0
1777891926.1453323,-8.0,-4.0,-76.0
1777891926.1553323,-4.0,-1.0,-78.0
1777891926.1653323,-5.0,2.0,-75.0
1777891926.1753323,0.0,0.0,-69.0
1777891926.1853323,4.0,-4.0,-70.0
1777891926.1953323,5.0,-6.0,-74.0
1777891926.2053325,4.0,0.0,-75.0
1777891926.2153325,3.0,0.0,-77.0
1777891926.2253325,4.0,-4.0,-72.0
1777891926.2353325,4.0,-7.0,-72.0
1777891926.2453325,2.0,-9.0,-66.0
1777891926.2553325,2.0,-5.0,-70.0
1777891926.2653325,5.0,-2.0,-78.0
1777891926.2753325,7.0,-5.0,-76.0
1777891926.2853324,6.0,-5.0,-76.0
1777891926.2953324,4.0,-3.0,-74.0
1777891926.3053324,3.0,-3.0,-78.0
1777891926.3153324,4.0,-4.0,-76.0
1777891926.3253324,7.0,-3.0,-77.0
1777891926.3353324,7.0,0.0,-74.0
1777891926.3453324,10.0,3.0,-77.0
1777891926.3553324,3.0,4.0,-77.0
1777891926.3653324,4.0,7.0,-81.0
1777891926.3753324,6.0,10.0,-85.0
1777891926.3853323,7.0,10.0,-80.0
1777891926.3953323,10.0,12.0,-80.0
1777891926.4053323,4.0,8.0,-66.0
1777891926.4153323,4.0,4.0,-65.0
1777891926.4253323,3.0,-2.0,-66.0
1777891926.4353323,6.0,-3.0,-74.0
1777891926.4453323,7.0,-2.0,-70.0
1777891926.4553325,5.0,-4.0,-72.0
1777891926.4653325,3.0,-5.0,-75.0
1777891926.4753325,1.0,-1.0,-75.0
1777891926.4853325,3.0,-1.0,-69.0
1777891926.4953325,2.0,0.0,-66.0
1777891926.5053325,0.0,4.0,-70.0
1777891926.5153325,3.0,4.0,-76.0
1777891926.5253325,4.0,6.0,-71.0
1777891926.5353324,6.0,7.0,-72.0
1777891926.5453324,7.0,4.0,-74.0
1777891926.5553324,9.0,3.0,-78.0
1777891926.5653324,11.0,0.0,-75.0
1777891926.5753324,7.0,0.0,-75.0
1777891926.5853324,6.0,3.0,-74.0
1777891926.5953324,7.0,3.0,-81.0
1777891926.6053324,5.0,1.0,-76.0
1777891926.6153324,7.0,-3.0,-77.0
1777891926.6253324,3.0,-1.0,-68.0
1777891926.6353323,4.0,-1.0,-69.0
1777891926.6453323,-1.0,-1.0,-69.0
1777891926.6553323,2.0,-1.0,-72.0
1777891926.6653323,1.0,-6.0,-71.0
1777891926.6753323,6.0,-2.0,-70.0
1777891926.6853323,7.0,-6.0,-73.0
1777891926.6953323,4.0,-7.0,-73.0
1777891926.7053325,7.0,-7.0,-72.0
1777891926.7153325,4.0,-6.0,-77.0
1777891926.7253325,1.0,-2.0,-76.0
1777891926.7353325,0.0,-6.0,-78.0
1777891926.7453325,0.0,-6.0,-78.0
1777891926.7553325,3.0,-5.0,-74.0
1777891926.7653325,2.0,-4.0,-77.0
1777891926.7753325,3.0,0.0,-78.0
1777891926.7853324,6.0,0.0,-79.0
1777891926.7953324,6.0,-1.0,-80.0
1777891926.8053324,1.0,0.0,-80.0
1777891926.8153324,1.0,-4.0,-74.0
1777891926.8253324,3.0,-2.0,-77.0
1777891926.8353324,7.0,1.0,-75.0
1777891926.8453324,3.0,1.0,-72.0
1777891926.8553324,0.0,0.0,-64.0
1777891926.8663323,0.0,-2.0,-65.0
1777891926.8763323,2.0,-1.0,-63.0
1777891926.8853323,1.0,-1.0,-60.0
1777891926.8963325,-1.0,-3.0,-57.0
1777891926.9063325,2.0,-3.0,-64.0
1777891926.9163325,0.0,-2.0,-67.0
1777891926.9263325,-3.0,-3.0,-65.0
1777891926.9363325,0.0,-6.0,-66.0
1777891926.9463325,0.0,-5.0,-68.0
1777891926.9563324,-1.0,-7.0,-65.0
1777891926.9663324,-1.0,-8.0,-68.0
1777891926.9763324,0.0,-8.0,-75.0
1777891926.9863324,-1.0,-7.0,-72.0
1777891926.9963324,0.0,-7.0,-70.0
1777891927.0063324,-3.0,-4.0,-58.0
1777891927.0163324,-7.0,0.0,-59.0
1777891927.0263324,-8.0,2.0,-60.0
1777891927.0363324,-5.0,2.0,-61.0
1777891927.0463324,-1.0,0.0,-66.0
1777891927.0563323,0.0,0.0,-67.0
1777891927.0663323,3.0,1.0,-60.0
1777891927.0763323,5.0,0.0,-64.0
1777891927.0863323,3.0,1.0,-62.0
1777891927.0963323,2.0,1.0,-62.0
1777891927.1063323,0.0,0.0,-63.0
1777891927.1163323,0.0,3.0,-70.0
1777891927.1263323,-3.0,4.0,-68.0
1777891927.1363325,0.0,3.0,-67.0
1777891927.1463325,0.0,5.0,-69.0
1777891927.1563325,-1.0,7.0,-66.0
1777891927.1663325,0.0,2.0,-64.0
1777891927.1763325,0.0,2.0,-62.0
1777891927.1863325,-3.0,2.0,-62.0
1777891927.1963325,-5.0,0.0,-64.0
1777891927.2063324,-7.0,1.0,-66.0
1777891927.2163324,-8.0,1.0,-62.0
1777891927.2263324,-5.0,0.0,-65.0
1777891927.2363324,-4.0,2.0,-71.0
1777891927.2463324,-3.0,5.0,-75.0
1777891927.2563324,-5.0,1.0,-73.0
1777891927.2663324,-5.0,0.0,-71.0
1777891927.2763324,-3.0,-6.0,-69.0
1777891927.2863324,1.0,-4.0,-71.0
1777891927.2963324,-1.0,-8.0,-71.0
1777891927.3063323,0.0,-10.0,-71.0
1777891927.3163323,-1.0,-5.0,-71.0
1777891927.3263323,0.0,-3.0,-69.0
1777891927.3363323,6.0,0.0,-69.0
1777891927.3463323,8.0,-3.0,-70.0
1777891927.3563323,6.0,-4.0,-66.0
1777891927.3663323,-1.0,-4.0,-65.0
1777891927.3763323,0.0,0.0,-70.0
1777891927.3863325,1.0,-5.0,-74.0
1777891927.3963325,2.0,0.0,-77.0
1777891927.4063325,0.0,2.0,-74.0
1777891927.4163325,0.0,0.0,-71.0
1777891927.4263325,1.0,0.0,-73.0
1777891927.4363325,-1.0,0.0,-70.0
1777891927.4463325,0.0,0.0,-71.0
1777891927.4563324,0.0,0.0,-74.0
1777891927.4663324,3.0,-2.0,-77.0
1777891927.4763324,1.0,-5.0,-75.0
1777891927.4863324,-1.0,-4.0,-72.0
1777891927.4963324,-5.0,-3.0,-75.0
1777891927.5063324,-11.0,-6.0,-76.0
1777891927.5163324,-14.0,-12.0,-74.0
1777891927.5263324,-14.0,-13.0,-75.0
1777891927.5363324,-9.0,-10.0,-73.0
1777891927.5463324,-3.0,-4.0,-74.0
1777891927.5563323,-5.0,-3.0,-75.0
1777891927.5663323,-8.0,-1.0,-73.0
1777891927.5763323,-8.0,-2.0,-70.0
1777891927.5863323,-6.0,-3.0,-68.0
1777891927.5963323,-3.0,-6.0,-65.0
1777891927.6063323,0.0,-7.0,-68.0
1777891927.6163323,-1.0,-3.0,-69.0
1777891927.6263323,0.0,-1.0,-77.0
1777891927.6363325,0.0,0.0,-79.0
1777891927.6463325,1.0,4.0,-76.0
1777891927.6563325,2.0,4.0,-73.0
1777891927.6663325,4.0,3.0,-72.0
1777891927.6763325,3.0,2.0,-76.0
1777891927.6863325,1.0,3.0,-79.0
1777891927.6963325,1.0,1.0,-80.0
1777891927.7063324,1.0,0.0,-71.0
1777891927.7163324,0.0,3.0,-79.0
1777891927.7263324,6.0,2.0,-76.0
1777891927.7363324,10.0,3.0,-77.0
1777891927.7463324,8.0,2.0,-77.0
1777891927.7563324,6.0,0.0,-71.0
1777891927.7663324,8.0,1.0,-70.0
1777891927.7763324,7.0,0.0,-70.0
1777891927.7863324,9.0,-4.0,-70.0
1777891927.7963324,8.0,-5.0,-71.0
1777891927.8063323,6.0,0.0,-73.0
1777891927.8163323,0.0,2.0,-67.0
1777891927.8263323,3.0,2.0,-74.0
1777891927.8363323,4.0,6.0,-73.0
1777891927.8473325,0.0,6.0,-73.0
1777891927.8563323,0.0,7.0,-68.0
1777891927.8663323,1.0,5.0,-65.0
1777891927.8763323,0.0,4.0,-59.0
1777891927.8863325,-4.0,8.0,-60.0
1777891927.8963325,-1.0,9.0,-62.0
1777891927.9063325,3.0,4.0,-62.0
1777891927.9163325,5.0,1.0,-60.0
1777891927.9263325,4.0,0.0,-58.0
1777891927.9363325,1.0,-1.0,-54.0
1777891927.9463325,5.0,-3.0,-60.0
1777891927.9563324,-1.0,-3.0,-66.0
1777891927.9663324,-5.0,-1.0,-67.0
1777891927.9763324,-2.0,-4.0,-70.0
1777891927.9863324,0.0,-3.0,-70.0
1777891927.9963324,2.0,0.0,-67.0
1777891928.0063324,3.0,0.0,-68.0
1777891928.0163324,4.0,0.0,-75.0
1777891928.0263324,8.0,0.0,-66.0
1777891928.0363324,7.0,5.0,-61.0
1777891928.0463324,2.0,3.0,-63.0
1777891928.0563323,0.0,4.0,-63.0
1777891928.0663323,-2.0,4.0,-61.0
1777891928.0763323,0.0,4.0,-67.0
1777891928.0863323,-2.0,0.0,-75.0
1777891928.0963323,-7.0,-2.0,-75.0
1777891928.1063323,-10.0,-2.0,-73.0
1777891928.1163323,-7.0,-4.0,-71.0
1777891928.1263323,-5.0,-1.0,-71.0
1777891928.1363325,-2.0,-5.0,-77.0
1777891928.1463325,-3.0,-5.0,-80.0
1777891928.1563325,-4.0,-3.0,-76.0
1777891928.1663325,-3.0,-5.0,-71.0
1777891928.1763325,1.0,-3.0,-76.0
1777891928.1863325,3.0,-1.0,-75.0
1777891928.1963325,5.0,2.0,-69.0
1777891928.2063324,4.0,0.0,-68.0
1777891928.2163324,8.0,0.0,-73.0
1777891928.2263324,10.0,1.0,-77.0
1777891928.2363324,5.0,2.0,-76.0
1777891928.2463324,8.0,4.0,-75.0
1777891928.2563324,10.0,3.0,-69.0
1777891928.2663324,8.0,3.0,-67.0
1777891928.2763324,8.0,1.0,-63.0
1777891928.2863324,5.0,0.0,-66.0
1777891928.2963324,2.0,2.0,-66.0
1777891928.3063323,0.0,3.0,-71.0
1777891928.3163323,-4.0,5.0,-71.0
1777891928.3263323,-2.0,5.0,-75.0
1777891928.3363323,-2.0,0.0,-73.0
1777891928.3463323,-4.0,-1.0,-68.0
1777891928.3563323,1.0,0.0,-65.0
1777891928.3663323,0.0,0.0,-63.0
1777891928.3763323,-4.0,-2.0,-66.0
1777891928.3863325,0.0,-3.0,-67.0
1777891928.3963325,-3.0,0.0,-70.0
1777891928.4063325,-4.0,-2.0,-77.0
1777891928.4163325,-3.0,-4.0,-76.0
1777891928.4263325,0.0,-7.0,-80.0
1777891928.4363325,5.0,-6.0,-77.0
1777891928.4463325,5.0,-2.0,-73.0
1777891928.4563324,1.0,-8.0,-69.0
1777891928.4663324,0.0,-10.0,-68.0
1777891928.4763324,0.0,-9.0,-74.0
1777891928.4863324,5.0,-5.0,-75.0
1777891928.4963324,4.0,-6.0,-78.0
1777891928.5063324,4.0,-4.0,-73.0
1777891928.5163324,4.0,-1.0,-72.0
1777891928.5263324,2.0,-4.0,-73.0
1777891928.5363324,1.0,-7.0,-74.0
1777891928.5463324,2.0,-3.0,-73.0
1777891928.5563323,2.0,-2.0,-70.0
1777891928.5663323,3.0,-3.0,-66.0
1777891928.5763323,6.0,-1.0,-60.0
1777891928.5863323,4.0,0.0,-62.0
1777891928.5963323,5.0,-3.0,-62.0
1777891928.6063323,0.0,-1.0,-69.0
1777891928.6163323,-1.0,0.0,-66.0
1777891928.6263323,0.0,-1.0,-67.0
1777891928.6363325,3.0,-2.0,-74.0
1777891928.6463325,2.0,-2.0,-72.0
1777891928.6563325,-2.0,-6.0,-74.0
1777891928.6663325,-3.0,-6.0,-73.0
1777891928.6763325,-5.0,-10.0,-70.0
1777891928.6863325,0.0,-14.0,-71.0
1777891928.6963325,3.0,-14.0,-77.0
1777891928.7063324,5.0,-10.0,-75.0
1777891928.7163324,7.0,-9.0,-73.0
1777891928.7263324,5.0,-10.0,-69.0
1777891928.7363324,2.0,-9.0,-67.0
1777891928.7463324,1.0,-7.0,-67.0
1777891928.7563324,0.0,-5.0,-70.0
1777891928.7663324,6.0,-4.0,-70.0
1777891928.7763324,6.0,-4.0,-68.0
1777891928.7863324,2.0,-9.0,-72.0
1777891928.7963324,5.0,-7.0,-75.0
1777891928.8063323,3.0,-7.0,-76.0
1777891928.8163323,0.0,-5.0,-76.0
1777891928.8263323,1.0,-3.0,-81.0
1777891928.8363323,3.0,-4.0,-82.0
1777891928.8463323,8.0,-2.0,-80.0
1777891928.8563323,11.0,-6.0,-80.0
1777891928.8663323,7.0,-7.0,-80.0
1777891928.8763323,6.0,-5.0,-77.0
1777891928.8873324,5.0,-3.0,-81.0
1777891928.8963325,0.0,0.0,-86.0
1777891928.9073324,1.0,-3.0,-83.0
1777891928.9173324,1.0,-4.0,-87.0
1777891928.9273324,1.0,-4.0,-79.0
1777891928.9373324,-2.0,-9.0,-77.0
1777891928.9473324,-5.0,-11.0,-71.0
1777891928.9573324,-3.0,-9.0,-74.0
1777891928.9673324,1.0,-8.0,-75.0
1777891928.9773324,0.0,-3.0,-73.0
1777891928.9873323,1.0,-4.0,-71.0
1777891928.9973323,2.0,-4.0,-70.0
1777891929.0073323,0.0,-6.0,-70.0
1777891929.0173323,5.0,-5.0,-69.0
1777891929.0273323,2.0,-4.0,-68.0
1777891929.0373323,1.0,-1.0,-69.0
1777891929.0473323,2.0,-2.0,-68.0
1777891929.0573325,2.0,-2.0,-61.0
1777891929.0673325,0.0,0.0,-62.0
1777891929.0773325,-3.0,-5.0,-63.0
1777891929.0873325,-2.0,-8.0,-63.0
1777891929.0973325,0.0,-7.0,-72.0
1777891929.1073325,-1.0,-3.0,-75.0
1777891929.1173325,-6.0,-3.0,-80.0
1777891929.1273324,-5.0,-3.0,-84.0
1777891929.1373324,-3.0,-2.0,-87.0
1777891929.1473324,-7.0,2.0,-87.0
1777891929.1573324,-13.0,1.0,-79.0
1777891929.1673324,-8.0,0.0,-83.0
1777891929.1773324,-1.0,3.0,-80.0
1777891929.1873324,1.0,6.0,-78.0
1777891929.1973324,1.0,2.0,-77.0
1777891929.2073324,4.0,2.0,-78.0
1777891929.2173324,-2.0,3.0,-79.0
1777891929.2273324,-4.0,0.0,-81.0
1777891929.2373323,-6.0,0.0,-82.0
1777891929.2473323,0.0,3.0,-77.0
1777891929.2573323,-4.0,7.0,-75.0
1777891929.2673323,-2.0,5.0,-76.0
1777891929.2773323,-3.0,2.0,-77.0
1777891929.2873323,0.0,1.0,-72.0
1777891929.2973323,4.0,1.0,-73.0
1777891929.3073325,6.0,0.0,-73.0
1777891929.3173325,8.0,0.0,-75.0
1777891929.3273325,3.0,1.0,-75.0
1777891929.3373325,4.0,1.0,-77.0
1777891929.3473325,6.0,-3.0,-82.0
1777891929.3573325,4.0,0.0,-81.0
1777891929.3673325,0.0,4.0,-78.0
1777891929.3773324,-1.0,6.0,-75.0
1777891929.3873324,-3.0,3.0,-74.0
1777891929.3973324,1.0,0.0,-76.0
1777891929.4073324,2.0,-2.0,-84.0
1777891929.4173324,3.0,-2.0,-82.0
1777891929.4273324,1.0,4.0,-83.0
1777891929.4373324,3.0,6.0,-81.0
1777891929.4473324,3.0,2.0,-81.0
1777891929.4573324,4.0,0.0,-76.0
1777891929.4673324,1.0,-2.0,-76.0
1777891929.4773324,1.0,-5.0,-74.0
1777891929.4873323,4.0,-7.0,-78.0
1777891929.4973323,8.0,-4.0,-74.0
1777891929.5073323,5.0,-4.0,-71.0
1777891929.5173323,6.0,-6.0,-73.0
1777891929.5273323,7.0,-4.0,-65.0
1777891929.5373323,4.0,-10.0,-69.0
1777891929.5473323,7.0,-7.0,-72.0
1777891929.5573325,9.0,-9.0,-66.0
1777891929.5673325,10.0,-5.0,-64.0
1777891929.5773325,9.0,-4.0,-57.0
1777891929.5873325,9.0,-1.0,-55.0
1777891929.5973325,4.0,0.0,-55.0
1777891929.6073325,6.0,-1.0,-68.0
1777891929.6173325,9.0,-2.0,-72.0
1777891929.6273324,5.0,-4.0,-72.0
1777891929.6373324,5.0,-3.0,-77.0
1777891929.6473324,2.0,0.0,-72.0
1777891929.6573324,6.0,0.0,-64.0
1777891929.6673324,4.0,0.0,-64.0
1777891929.6773324,3.0,0.0,-66.0
1777891929.6873324,2.0,4.0,-70.0
1777891929.6973324,0.0,5.0,-65.0
1777891929.7073324,2.0,4.0,-64.0
1777891929.7173324,4.0,0.0,-72.0
1777891929.7273324,5.0,-1.0,-69.0
1777891929.7373323,4.0,-1.0,-66.0
1777891929.7473323,2.0,-1.0,-69.0
1777891929.7573323,0.0,1.0,-76.0
1777891929.7673323,-1.0,3.0,-80.0
1777891929.7773323,-3.0,-1.0,-85.0
1777891929.7873323,-3.0,0.0,-85.0
1777891929.7973323,-3.0,1.0,-82.0
1777891929.8073325,-7.0,7.0,-74.0
1777891929.8173325,-1.0,3.0,-71.0
1777891929.8273325,0.0,-4.0,-73.0
1777891929.8373325,-2.0,-8.0,-74.0
1777891929.8473325,-4.0,-7.0,-68.0
1777891929.8573325,0.0,-7.0,-65.0
1777891929.8673325,0.0,-4.0,-66.0
1777891929.8773324,1.0,-3.0,-69.0
1777891929.8873324,0.0,-2.0,-76.0
1777891929.8973324,-3.0,0.0,-73.0
1777891929.9073324,0.0,0.0,-67.0
1777891929.9173324,-4.0,0.0,-66.0
1777891929.9273324,0.0,4.0,-64.0
1777891929.9373324,-1.0,0.0,-63.0
1777891929.9473324,-1.0,1.0,-66.0
1777891929.9573324,0.0,1.0,-68.0
1777891929.9673324,-1.0,-1.0,-63.0
1777891929.9773324,-4.0,0.0,-69.0
1777891929.9873323,-3.0,-5.0,-69.0
1777891929.9973323,1.0,-5.0,-71.0
1777891930.0073323,0.0,0.0,-71.0
1777891930.0173323,-1.0,0.0,-75.0
1777891930.0273323,0.0,-1.0,-80.0
1777891930.0373323,2.0,-3.0,-79.0
1777891930.0473323,-1.0,-5.0,-71.0
1777891930.0573325,1.0,-3.0,-69.0
1777891930.0673325,2.0,0.0,-71.0
1777891930.0773325,5.0,-3.0,-72.0
1777891930.0873325,2.0,-4.0,-67.0
1777891930.0973325,2.0,0.0,-65.0
1777891930.1073325,6.0,2.0,-69.0
1777891930.1173325,4.0,3.0,-71.0
1777891930.1273324,5.0,0.0,-66.0
1777891930.1373324,5.0,-1.0,-67.0
1777891930.1473324,5.0,-1.0,-68.0
1777891930.1573324,5.0,-2.0,-66.0
1777891930.1673324,2.0,-3.0,-71.0
1777891930.1773324,2.0,-2.0,-67.0
1777891930.1873324,5.0,4.0,-63.0
1777891930.1973324,7.0,5.0,-66.0
1777891930.2073324,11.0,2.0,-66.0
1777891930.2173324,10.0,-2.0,-64.0
1777891930.2273324,7.0,-1.0,-65.0
1777891930.2373323,4.0,0.0,-65.0
1777891930.2473323,3.0,-3.0,-64.0
1777891930.2573323,4.0,-4.0,-66.0
1777891930.2673323,3.0,-3.0,-61.0
1777891930.2773323,4.0,-3.0,-58.0
1777891930.2873323,-2.0,-4.0,-59.0
1777891930.2973323,0.0,0.0,-61.0
1777891930.3073325,3.0,-1.0,-65.0
1777891930.3173325,4.0,0.0,-65.0
1777891930.3273325,2.0,0.0,-68.0
1777891930.3373325,2.0,0.0,-71.0
1777891930.3473325,4.0,2.0,-63.0
1777891930.3573325,0.0,-2.0,-55.0
1777891930.3673325,4.0,-2.0,-63.0
1777891930.3773324,5.0,-6.0,-65.0
1777891930.3873324,5.0,-1.0,-72.0
1777891930.3973324,7.0,0.0,-78.0
1777891930.4073324,5.0,1.0,-81.0
1777891930.4173324,3.0,1.0,-82.0
1777891930.4273324,2.0,0.0,-81.0
1777891930.4373324,0.0,1.0,-81.0
1777891930.4473324,-1.0,2.0,-69.0
1777891930.4573324,1.0,4.0,-69.0
1777891930.4673324,3.0,5.0,-70.0
1777891930.4773324,0.0,0.0,-73.0
1777891930.4873323,-1.0,0.0,-68.0
1777891930.4973323,-2.0,0.0,-70.0
1777891930.5073323,2.0,-1.0,-72.0
1777891930.5173323,3.0,-2.0,-75.0
1777891930.5273323,2.0,-3.0,-73.0
1777891930.5373323,1.0,-3.0,-72.0
1777891930.5473323,-1.0,-1.0,-69.0
1777891930.5573325,0.0,-3.0,-72.0
1777891930.5673325,-1.0,-3.0,-72.0
1777891930.5773325,0.0,-2.0,-76.0
1777891930.5873325,2.0,-3.0,-71.0
1777891930.5973325,3.0,-4.0,-70.0
1777891930.6073325,0.0,-6.0,-73.0
1777891930.6173325,0.0,-3.0,-77.0
1777891930.6273324,0.0,-9.0,-74.0
1777891930.6373324,5.0,-4.0,-66.0
1777891930.6473324,5.0,-1.0,-63.0
1777891930.6573324,1.0,1.0,-66.0
1777891930.6673324,0.0,1.0,-69.0
1777891930.6773324,0.0,2.0,-68.0
1777891930.6873324,-1.0,6.0,-71.0
1777891930.6973324,-7.0,11.0,-72.0
1777891930.7073324,-2.0,11.0,-72.0
1777891930.7173324,3.0,9.0,-73.0
1777891930.7273324,4.0,3.0,-72.0
1777891930.7373323,6.0,-2.0,-68.0
1777891930.7473323,6.0,1.0,-70.0
1777891930.7573323,5.0,0.0,-74.0
1777891930.7673323,8.0,-3.0,-72.0
1777891930.7773323,9.0,-3.0,-70.0
1777891930.7873323,8.0,0.0,-71.0
1777891930.7973323,10.0,0.0,-67.0
1777891930.8073325,8.0,-1.0,-66.0
1777891930.8173325,5.0,0.0,-68.0
1777891930.8273325,0.0,1.0,-64.0
1777891930.8373325,4.0,5.0,-70.0
1777891930.8473325,5.0,4.0,-67.0
1777891930.8573325,2.0,5.0,-71.0
1777891930.8673325,3.0,3.0,-69.0
1777891930.8783324,2.0,0.0,-66.0
1777891930.8883324,0.0,-1.0,-65.0
1777891930.8983324,0.0,0.0,-64.0
1777891930.9083323,0.0,-2.0,-61.0
1777891930.9183323,0.0,-5.0,-65.0
1777891930.9283323,2.0,-2.0,-67.0
1777891930.9383323,2.0,-7.0,-69.0
1777891930.9483323,2.0,-6.0,-72.0
1777891930.9583323,5.0,-9.0,-72.0
1777891930.9683323,4.0,-8.0,-69.0
1777891930.9783323,5.0,-5.0,-70.0
1777891930.9883325,2.0,-10.0,-72.0
1777891930.9983325,2.0,-5.0,-79.0
1777891931.0083325,-1.0,-1.0,-72.0
1777891931.0183325,-7.0,2.0,-69.0
1777891931.0283325,0.0,0.0,-68.0
1777891931.0383325,1.0,0.0,-68.0
1777891931.0483325,0.0,0.0,-69.0
1777891931.0583324,0.0,2.0,-74.0
1777891931.0683324,-2.0,3.0,-75.0
1777891931.0783324,0.0,0.0,-80.0
1777891931.0883324,1.0,-2.0,-80.0
1777891931.0983324,1.0,-1.0,-85.0
1777891931.1083324,3.0,-4.0,-87.0
1777891931.1183324,1.0,-7.0,-82.0
1777891931.1283324,3.0,-4.0,-78.0
1777891931.1383324,1.0,-2.0,-75.0
1777891931.1483324,2.0,1.0,-77.0
1777891931.1583323,0.0,4.0,-76.0
1777891931.1683323,-2.0,6.0,-78.0
1777891931.1783323,-2.0,4.0,-74.0
1777891931.1883323,0.0,2.0,-70.0
1777891931.1983323,0.0,5.0,-74.0
1777891931.2083323,-3.0,8.0,-73.0
1777891931.2183323,-4.0,2.0,-65.0
1777891931.2283323,0.0,-3.0,-65.0
1777891931.2383325,-2.0,-5.0,-70.0
1777891931.2483325,-2.0,-3.0,-67.0
1777891931.2583325,-1.0,-4.0,-72.0
1777891931.2683325,-1.0,-4.0,-77.0
1777891931.2783325,-3.0,0.0,-79.0
1777891931.2883325,1.0,0.0,-75.0
1777891931.2983325,4.0,-1.0,-77.0
1777891931.3083324,2.0,-3.0,-76.0
1777891931.3183324,-2.0,-6.0,-76.0
1777891931.3283324,0.0,-7.0,-74.0
1777891931.3383324,0.0,-4.0,-71.0
1777891931.3483324,-1.0,-5.0,-81.0
1777891931.3583324,0.0,-3.0,-88.0
1777891931.3683324,2.0,-4.0,-85.0
1777891931.3783324,0.0,-4.0,-85.0
1777891931.3883324,1.0,-3.0,-89.0
1777891931.3983324,0.0,-2.0,-90.0
1777891931.4083323,-2.0,-2.0,-84.0
1777891931.4183323,0.0,-2.0,-76.0
1777891931.4283323,2.0,-4.0,-76.0
1777891931.4383323,-1.0,-3.0,-74.0
1777891931.4483323,0.0,-5.0,-76.0
1777891931.4583323,-2.0,-7.0,-73.0
1777891931.4683323,3.0,-5.0,-75.0
1777891931.4783323,5.0,-2.0,-76.0
1777891931.4883325,3.0,0.0,-67.0
1777891931.4983325,3.0,-1.0,-71.0
1777891931.5083325,9.0,-3.0,-80.0
1777891931.5183325,6.0,-4.0,-84.0
1777891931.5283325,2.0,-4.0,-84.0
1777891931.5383325,0.0,0.0,-81.0
1777891931.5483325,-2.0,1.0,-70.0
1777891931.5583324,-2.0,0.0,-64.0
1777891931.5683324,1.0,0.0,-65.0
1777891931.5783324,4.0,-3.0,-67.0
1777891931.5883324,2.0,-5.0,-65.0
1777891931.5983324,5.0,-7.0,-63.0
1777891931.6083324,4.0,-7.0,-73.0
1777891931.6183324,5.0,-5.0,-73.0
1777891931.6283324,7.0,-3.0,-63.0
1777891931.6383324,6.0,-5.0,-62.0
1777891931.6483324,4.0,-5.0,-57.0
1777891931.6583323,-1.0,-4.0,-64.0
1777891931.6683323,0.0,1.0,-66.0
1777891931.6783323,1.0,-1.0,-67.0
1777891931.6883323,3.0,-1.0,-73.0
1777891931.6983323,2.0,-3.0,-79.0
1777891931.7083323,-1.0,-1.0,-78.0
1777891931.7183323,-3.0,0.0,-74.0
1777891931.7283323,-9.0,-2.0,-78.0
1777891931.7383325,-5.0,2.0,-76.0
1777891931.7483325,-2.0,5.0,-71.0
1777891931.7583325,-3.0,5.0,-69.0
1777891931.7683325,0.0,1.0,-67.0
1777891931.7783325,0.0,0.0,-70.0
1777891931.7883325,-1.0,1.0,-69.0
1777891931.7983325,-4.0,0.0,-74.0
1777891931.8083324,1.0,0.0,-76.0
1777891931.8183324,-1.0,2.0,-75.0
1777891931.8283324,0.0,3.0,-76.0
1777891931.8383324,0.0,3.0,-69.0
1777891931.8483324,-1.0,0.0,-74.0
1777891931.8583324,-4.0,1.0,-70.0
1777891931.8683324,-4.0,1.0,-73.0
1777891931.8783324,-4.0,2.0,-72.0
1777891931.8883324,0.0,1.0,-73.0
1777891931.8983324,1.0,-3.0,-75.0
1777891931.9083323,2.0,-1.0,-75.0
1777891931.9183323,1.0,0.0,-75.0
1777891931.9283323,0.0,2.0,-77.0
1777891931.9383323,2.0,-2.0,-70.0
1777891931.9483323,0.0,-2.0,-69.0
1777891931.9583323,1.0,0.0,-69.0
1777891931.9683323,0.0,2.0,-73.0
1777891931.9783323,2.0,0.0,-67.0
1777891931.9883325,6.0,0.0,-66.0
1777891931.9983325,9.0,-1.0,-71.0
1777891932.0083325,6.0,0.0,-72.0
1777891932.0183325,8.0,-2.0,-76.0
1777891932.0283325,7.0,1.0,-73.0
1777891932.0383325,4.0,4.0,-74.0
1777891932.0483325,4.0,5.0,-76.0
1777891932.0583324,3.0,4.0,-78.0
1777891932.0683324,3.0,2.0,-73.0
1777891932.0783324,0.0,4.0,-74.0
1777891932.0883324,0.0,0.0,-71.0
1777891932.0983324,2.0,-3.0,-65.0
1777891932.1083324,-1.0,0.0,-63.0
1777891932.1183324,1.0,2.0,-68.0
1777891932.1283324,-1.0,5.0,-75.0
1777891932.1383324,0.0,4.0,-76.0
1777891932.1483324,0.0,2.0,-76.0
1777891932.1583323,1.0,1.0,-78.0
1777891932.1683323,-4.0,3.0,-73.0
1777891932.1783323,-7.0,0.0,-69.0
1777891932.1883323,-5.0,-1.0,-66.0
1777891932.1983323,-1.0,-5.0,-66.0
1777891932.2083323,2.0,-6.0,-67.0
1777891932.2183323,1.0,-8.0,-68.0
1777891932.2283323,-2.0,-7.0,-78.0
1777891932.2383325,-5.0,-2.0,-80.0
1777891932.2483325,-3.0,3.0,-79.0
1777891932.2583325,0.0,1.0,-80.0
1777891932.2683325,-2.0,1.0,-82.0
1777891932.2783325,-5.0,2.0,-79.0
1777891932.2883325,0.0,1.0,-77.0
1777891932.2983325,0.0,0.0,-77.0
1777891932.3083324,3.0,0.0,-69.0
1777891932.3183324,2.0,-2.0,-72.0
1777891932.3283324,4.0,-1.0,-69.0
1777891932.3383324,4.0,0.0,-70.0
1777891932.3483324,3.0,-5.0,-65.0
1777891932.3583324,-2.0,-9.0,-65.0
1777891932.3683324,-7.0,-8.0,-69.0
1777891932.3783324,-5.0,-4.0,-59.0
1777891932.3883324,-11.0,-1.0,-63.0
1777891932.3983324,-12.0,0.0,-66.0
1777891932.4083323,-10.0,0.0,-72.0
1777891932.4183323,-14.0,0.0,-75.0
1777891932.4283323,-13.0,1.0,-68.0
1777891932.4383323,-12.0,-1.0,-64.0
1777891932.4483323,-10.0,0.0,-67.0
1777891932.4583323,-6.0,0.0,-69.0
1777891932.4683323,-3.0,-1.0,-74.0
1777891932.4783323,-1.0,-5.0,-73.0
1777891932.4883325,-4.0,-3.0,-56.0
1777891932.4983325,-3.0,-2.0,-56.0
1777891932.5083325,-2.0,-3.0,-50.0
1777891932.5183325,0.0,-7.0,-57.0
1777891932.5283325,0.0,-6.0,-61.0
1777891932.5383325,-1.0,-3.0,-68.0
1777891932.5483325,0.0,-5.0,-67.0
1777891932.5583324,0.0,-2.0,-73.0
1777891932.5683324,2.0,-2.0,-73.0
1777891932.5783324,-1.0,-4.0,-74.0
1777891932.5883324,0.0,-4.0,-76.0
1777891932.5983324,2.0,-4.0,-71.0
1777891932.6083324,4.0,-8.0,-71.0
1777891932.6183324,2.0,-9.0,-68.0
1777891932.6283324,3.0,-8.0,-70.0
1777891932.6383324,2.0,-4.0,-73.0
1777891932.6483324,0.0,0.0,-73.0
1777891932.6583323,-4.0,1.0,-71.0
1777891932.6683323,-4.0,-2.0,-79.0
1777891932.6783323,-3.0,-2.0,-73.0
1777891932.6883323,2.0,-2.0,-78.0
1777891932.6983323,3.0,-1.0,-77.0
1777891932.7083323,0.0,-1.0,-73.0
1777891932.7183323,1.0,0.0,-72.0
1777891932.7283323,5.0,0.0,-68.0
1777891932.7383325,5.0,-3.0,-70.0
1777891932.7483325,2.0,-2.0,-71.0
1777891932.7583325,5.0,0.0,-66.0
1777891932.7683325,2.0,0.0,-66.0
1777891932.7783325,5.0,-3.0,-68.0
1777891932.7883325,2.0,1.0,-63.0
1777891932.7983325,3.0,1.0,-68.0
1777891932.8083324,2.0,-2.0,-64.0
1777891932.8183324,1.0,-1.0,-66.0
1777891932.8283324,-2.0,0.0,-71.0
1777891932.8383324,-1.0,3.0,-71.0
1777891932.8493323,1.0,6.0,-70.0
1777891932.8593323,5.0,7.0,-75.0
1777891932.8693323,3.0,5.0,-80.0
1777891932.8793323,3.0,7.0,-78.0
1777891932.8893323,-2.0,4.0,-76.0
1777891932.8993323,-3.0,5.0,-72.0
1777891932.9093325,-1.0,7.0,-74.0
1777891932.9193325,0.0,5.0,-71.0
1777891932.9293325,0.0,1.0,-73.0
1777891932.9393325,-10.0,-3.0,-72.0
1777891932.9493325,-14.0,-3.0,-71.0
1777891932.9593325,-13.0,0.0,-70.0
1777891932.9693325,-9.0,0.0,-72.0
1777891932.9793324,-8.0,0.0,-71.0
1777891932.9893324,-7.0,0.0,-67.0
1777891932.9993324,-3.0,3.0,-67.0
1777891933.0093324,-4.0,1.0,-69.0
1777891933.0193324,-3.0,0.0,-73.0
1777891933.0293324,-1.0,1.0,-71.0
1777891933.0393324,0.0,4.0,-71.0
1777891933.0493324,1.0,0.0,-77.0
1777891933.0593324,0.0,0.0,-76.0
1777891933.0693324,-1.0,2.0,-74.0
1777891933.0803325,-3.0,0.0,-77.0
1777891933.0893323,0.0,0.0,-81.0
1777891933.0993323,3.0,-1.0,-80.0
1777891933.1093323,7.0,-1.0,-77.0
1777891933.1193323,0.0,-9.0,-78.0
1777891933.1293323,-2.0,-7.0,-81.0
1777891933.1393323,-1.0,-3.0,-86.0
1777891933.1493323,-4.0,-4.0,-86.0
1777891933.1593325,-5.0,-2.0,-83.0
1777891933.1693325,-3.0,-1.0,-80.0
1777891933.1793325,-3.0,3.0,-73.0
1777891933.1893325,-1.0,4.0,-73.0
1777891933.1993325,1.0,2.0,-78.0
1777891933.2093325,4.0,0.0,-80.0
1777891933.2193325,4.0,-3.0,-76.0
1777891933.2293324,0.0,-4.0,-70.0
1777891933.2393324,1.0,-3.0,-62.0
1777891933.2493324,1.0,0.0,-61.0
1777891933.2593324,2.0,-4.0,-63.0
1777891933.2693324,1.0,-3.0,-63.0
1777891933.2793324,4.0,-4.0,-60.0
1777891933.2893324,6.0,-4.0,-58.0
1777891933.2993324,1.0,-3.0,-62.0
1777891933.3093324,6.0,-4.0,-64.0
1777891933.3193324,2.0,-5.0,-68.0
1777891933.3293324,-2.0,-5.0,-60.0
1777891933.3393323,2.0,-5.0,-63.0
1777891933.3493323,4.0,-2.0,-66.0
1777891933.3593323,5.0,-1.0,-75.0
1777891933.3693323,6.0,-1.0,-71.0
1777891933.3793323,2.0,-1.0,-74.0
1777891933.3893323,3.0,0.0,-75.0
1777891933.3993323,2.0,0.0,-77.0
1777891933.4093325,2.0,-4.0,-82.0
1777891933.4193325,1.0,-6.0,-79.0
1777891933.4293325,4.0,-4.0,-78.0
1777891933.4393325,1.0,-4.0,-74.0
1777891933.4493325,-2.0,-2.0,-76.0
1777891933.4593325,-1.0,0.0,-77.0
1777891933.4693325,0.0,0.0,-79.0
1777891933.4793324,4.0,0.0,-72.0
1777891933.4893324,5.0,2.0,-72.0
1777891933.4993324,2.0,0.0,-74.0
1777891933.5093324,1.0,-2.0,-74.0
1777891933.5193324,4.0,0.0,-70.0
1777891933.5293324,3.0,0.0,-68.0
1777891933.5393324,1.0,-2.0,-68.0
1777891933.5493324,5.0,-2.0,-69.0
1777891933.5593324,1.0,0.0,-67.0
1777891933.5693324,0.0,0.0,-74.0
1777891933.5793324,-2.0,0.0,-75.0
1777891933.5893323,-1.0,0.0,-68.0
1777891933.5993323,-3.0,-3.0,-70.0
1777891933.6093323,-6.0,-3.0,-66.0
1777891933.6193323,-6.0,-1.0,-68.0
1777891933.6293323,-2.0,-2.0,-71.0
1777891933.6393323,0.0,-3.0,-66.0
1777891933.6493323,1.0,-2.0,-69.0
1777891933.6593325,-2.0,0.0,-69.0
1777891933.6693325,-1.0,0.0,-67.0
1777891933.6793325,2.0,0.0,-70.0
1777891933.6893325,8.0,-4.0,-72.0
1777891933.6993325,10.0,-2.0,-71.0
1777891933.7093325,8.0,-4.0,-73.0
1777891933.7193325,7.0,-5.0,-67.0
1777891933.7293324,9.0,-6.0,-70.0
1777891933.7393324,8.0,-7.0,-68.0
1777891933.7493324,7.0,-2.0,-75.0
1777891933.7593324,2.0,0.0,-75.0
1777891933.7693324,3.0,2.0,-75.0
1777891933.7793324,0.0,6.0,-67.0
1777891933.7893324,2.0,10.0,-62.0
1777891933.7993324,2.0,6.0,-68.0
1777891933.8093324,0.0,4.0,-72.0
1777891933.8193324,-4.0,-1.0,-78.0
1777891933.8293324,-3.0,-1.0,-74.0
1777891933.8393323,-3.0,1.0,-67.0
1777891933.8493323,-3.0,0.0,-71.0
1777891933.8593323,-4.0,0.0,-77.0
1777891933.8693323,-4.0,-2.0,-74.0
1777891933.8793323,0.0,-6.0,-69.0
1777891933.8893323,3.0,0.0,-74.0
1777891933.8993323,3.0,-2.0,-83.0
1777891933.9093325,7.0,-1.0,-80.0
1777891933.9193325,7.0,2.0,-75.0
1777891933.9293325,5.0,0.0,-72.0
1777891933.9393325,3.0,0.0,-77.0
1777891933.9493325,6.0,0.0,-73.0
1777891933.9593325,5.0,0.0,-66.0
1777891933.9693325,0.0,1.0,-63.0
1777891933.9793324,-7.0,0.0,-69.0
1777891933.9893324,-7.0,0.0,-73.0
1777891933.9993324,-7.0,-2.0,-73.0
1777891934.0093324,-8.0,1.0,-78.0
1777891934.0193324,-7.0,2.0,-70.0
1777891934.0293324,-1.0,2.0,-68.0
1777891934.0393324,-4.0,1.0,-66.0
1777891934.0493324,-5.0,0.0,-61.0
1777891934.0593324,0.0,0.0,-69.0
1777891934.0693324,1.0,0.0,-80.0
1777891934.0793324,4.0,1.0,-80.0
1777891934.0893323,4.0,-2.0,-80.0
1777891934.0993323,3.0,-4.0,-75.0
1777891934.1093323,0.0,-2.0,-75.0
1777891934.1193323,-3.0,-2.0,-80.0
1777891934.1293323,-7.0,0.0,-79.0
1777891934.1393323,-6.0,0.0,-80.0
1777891934.1493323,-1.0,2.0,-81.0
1777891934.1593325,-2.0,-1.0,-76.0
1777891934.1693325,-3.0,-1.0,-77.0
1777891934.1793325,-5.0,1.0,-81.0
1777891934.1893325,-7.0,1.0,-86.0
1777891934.1993325,-6.0,0.0,-82.0
1777891934.2093325,-1.0,1.0,-77.0
1777891934.2193325,1.0,1.0,-76.0
1777891934.2293324,4.0,3.0,-70.0
1777891934.2393324,3.0,1.0,-70.0
1777891934.2493324,2.0,0.0,-67.0
1777891934.2593324,1.0,0.0,-66.0
1777891934.2693324,0.0,0.0,-65.0
1777891934.2793324,0.0,-7.0,-60.0
1777891934.2893324,-1.0,-2.0,-60.0
1777891934.2993324,0.0,-2.0,-61.0
1777891934.3093324,0.0,-4.0,-65.0
1777891934.3193324,-1.0,-2.0,-68.0
1777891934.3293324,1.0,-3.0,-68.0
1777891934.3393323,4.0,0.0,-72.0
1777891934.3493323,3.0,1.0,-69.0
1777891934.3593323,8.0,1.0,-71.0
1777891934.3693323,7.0,4.0,-71.0
1777891934.3793323,5.0,0.0,-73.0
1777891934.3893323,9.0,-2.0,-77.0
1777891934.3993323,12.0,-1.0,-73.0
1777891934.4093325,12.0,3.0,-67.0
1777891934.4193325,5.0,8.0,-72.0
1777891934.4293325,1.0,4.0,-77.0
1777891934.4393325,-1.0,0.0,-79.0
1777891934.4493325,0.0,0.0,-73.0
1777891934.4593325,0.0,0.0,-71.0
1777891934.4693325,-4.0,0.0,-64.0
1777891934.4793324,-5.0,0.0,-62.0
1777891934.4893324,-6.0,-3.0,-69.0
1777891934.4993324,-4.0,-2.0,-68.0
1777891934.5093324,-3.0,-4.0,-71.0
1777891934.5193324,-4.0,-7.0,-70.0
1777891934.5293324,1.0,-1.0,-64.0
1777891934.5393324,0.0,-3.0,-65.0
1777891934.5493324,-2.0,-1.0,-61.0
1777891934.5593324,0.0,-5.0,-62.0
1777891934.5693324,0.0,-9.0,-57.0
1777891934.5793324,1.0,-8.0,-61.0
1777891934.5893323,2.0,-6.0,-65.0
1777891934.5993323,0.0,-2.0,-66.0
1777891934.6093323,0.0,0.0,-63.0
1777891934.6193323,-3.0,4.0,-70.0
1777891934.6293323,-5.0,4.0,-72.0
1777891934.6393323,-4.0,1.0,-75.0
1777891934.6493323,-2.0,4.0,-72.0
1777891934.6593325,0.0,4.0,-70.0
1777891934.6693325,0.0,6.0,-73.0
1777891934.6793325,-1.0,1.0,-72.0
1777891934.6893325,-5.0,0.0,-66.0
1777891934.6993325,-2.0,-3.0,-65.0
1777891934.7093325,-1.0,-1.0,-68.0
1777891934.7193325,-1.0,0.0,-74.0
1777891934.7293324,0.0,0.0,-72.0
1777891934.7393324,1.0,-2.0,-75.0
1777891934.7493324,5.0,4.0,-71.0
1777891934.7593324,2.0,4.0,-71.0
1777891934.7693324,3.0,1.0,-70.0
1777891934.7793324,3.0,2.0,-67.0
1777891934.7893324,7.0,0.0,-64.0
1777891934.7993324,10.0,1.0,-62.0
1777891934.8093324,3.0,1.0,-59.0
1777891934.8193324,2.0,-2.0,-64.0
1777891934.8303325,5.0,0.0,-61.0
1777891934.8393323,4.0,-1.0,-65.0
1777891934.8503325,1.0,-5.0,-62.0
1777891934.8603325,1.0,-7.0,-65.0
1777891934.8703325,-2.0,0.0,-65.0
1777891934.8803325,-3.0,-1.0,-75.0
1777891934.8903325,-1.0,0.0,-81.0
1777891934.9003325,1.0,3.0,-86.0
1777891934.9103324,4.0,-2.0,-78.0
1777891934.9203324,6.0,-5.0,-72.0
1777891934.9303324,6.0,-4.0,-64.0
1777891934.9403324,8.0,-4.0,-68.0
1777891934.9503324,12.0,-9.0,-72.0
1777891934.9603324,8.0,-9.0,-75.0
1777891934.9703324,7.0,-6.0,-68.0
1777891934.9803324,0.0,-4.0,-71.0
1777891934.9903324,-1.0,-1.0,-76.0
1777891935.0003324,-4.0,-3.0,-71.0
1777891935.0103323,-3.0,0.0,-65.0
1777891935.0203323,-5.0,1.0,-64.0
1777891935.0303323,-2.0,-1.0,-69.0
1777891935.0403323,0.0,4.0,-66.0
1777891935.0503323,0.0,5.0,-67.0
1777891935.0603323,3.0,4.0,-65.0
1777891935.0703323,5.0,5.0,-66.0
1777891935.0813324,2.0,3.0,-73.0
1777891935.0903325,3.0,2.0,-72.0
1777891935.1003325,2.0,3.0,-73.0
1777891935.1103325,0.0,4.0,-74.0
1777891935.1203325,-5.0,3.0,-78.0
1777891935.1303325,-3.0,1.0,-81.0
1777891935.1403325,-1.0,1.0,-75.0
1777891935.1503325,2.0,0.0,-79.0
1777891935.1603324,0.0,1.0,-78.0
1777891935.1703324,0.0,-5.0,-82.0
1777891935.1803324,2.0,-4.0,-80.0
1777891935.1903324,-3.0,-5.0,-77.0
1777891935.2003324,-2.0,-10.0,-71.0
1777891935.2103324,0.0,-7.0,-73.0
1777891935.2203324,0.0,-5.0,-70.0
1777891935.2303324,1.0,-6.0,-75.0
1777891935.2403324,-1.0,-3.0,-71.0
1777891935.2503324,-3.0,-3.0,-69.0
1777891935.2603323,-7.0,0.0,-70.0
1777891935.2703323,-9.0,1.0,-74.0
1777891935.2803323,-11.0,-4.0,-77.0
1777891935.2903323,-9.0,-8.0,-70.0
1777891935.3003323,-9.0,-9.0,-64.0
1777891935.3103323,-9.0,-6.0,-71.0
1777891935.3203323,-12.0,-5.0,-75.0
1777891935.3303325,-12.0,-3.0,-78.0
1777891935.3403325,-14.0,0.0,-79.0
1777891935.3503325,-11.0,1.0,-81.0
1777891935.3603325,-7.0,2.0,-82.0
1777891935.3703325,-3.0,0.0,-81.0
1777891935.3803325,-3.0,-2.0,-75.0
1777891935.3903325,-1.0,-5.0,-75.0
1777891935.4003325,0.0,-3.0,-82.0
1777891935.4103324,1.0,0.0,-76.0
1777891935.4203324,1.0,0.0,-82.0
1777891935.4303324,7.0,0.0,-86.0
1777891935.4403324,9.0,0.0,-84.0
1777891935.4503324,9.0,0.0,-83.0
1777891935.4603324,8.0,0.0,-77.0
1777891935.4703324,7.0,3.0,-82.0
1777891935.4803324,2.0,7.0,-79.0
1777891935.4903324,3.0,5.0,-73.0
1777891935.5003324,0.0,3.0,-73.0
1777891935.5103323,-2.0,1.0,-69.0
1777891935.5203323,0.0,0.0,-64.0
1777891935.5303323,3.0,0.0,-65.0
1777891935.5403323,2.0,3.0,-69.0
1777891935.5503323,-1.0,1.0,-67.0
1777891935.5603323,-2.0,4.0,-70.0
1777891935.5703323,0.0,1.0,-71.0
1777891935.5803325,3.0,0.0,-71.0
1777891935.5903325,-1.0,1.0,-67.0
1777891935.6003325,4.0,1.0,-62.0
1777891935.6103325,4.0,-3.0,-62.0
1777891935.6203325,5.0,0.0,-61.0
1777891935.6303325,3.0,3.0,-66.0
1777891935.6403325,5.0,4.0,-78.0
1777891935.6503325,6.0,2.0,-84.0
1777891935.6603324,4.0,0.0,-81.0
1777891935.6703324,0.0,1.0,-80.0
1777891935.6803324,0.0,3.0,-81.0
1777891935.6903324,0.0,0.0,-77.0
1777891935.7003324,0.0,-2.0,-74.0
1777891935.7103324,0.0,-6.0,-71.0
1777891935.7203324,6.0,-7.0,-67.0
1777891935.7303324,4.0,-1.0,-70.0
1777891935.7403324,6.0,-2.0,-76.0
1777891935.7503324,5.0,2.0,-75.0
1777891935.7603323,3.0,5.0,-77.0
1777891935.7703323,0.0,3.0,-70.0
1777891935.7803323,0.0,2.0,-74.0
1777891935.7903323,-5.0,3.0,-77.0
1777891935.8003323,-4.0,1.0,-75.0
1777891935.8103323,-6.0,3.0,-67.0
1777891935.8203323,-2.0,0.0,-70.0
1777891935.8303325,0.0,0.0,-69.0
1777891935.8403325,2.0,0.0,-75.0
1777891935.8503325,1.0,0.0,-75.0
1777891935.8603325,-1.0,0.0,-77.0
1777891935.8703325,1.0,2.0,-70.0
1777891935.8803325,-1.0,5.0,-72.0
1777891935.8903325,-4.0,4.0,-79.0
1777891935.9003325,-5.0,2.0,-78.0
1777891935.9103324,-2.0,0.0,-80.0
1777891935.9203324,4.0,-1.0,-78.0
1777891935.9303324,0.0,-1.0,-71.0
1777891935.9403324,-5.0,-5.0,-72.0
1777891935.9503324,-4.0,-5.0,-71.0
1777891935.9603324,-7.0,-6.0,-67.0
1777891935.9703324,-8.0,-7.0,-63.0
1777891935.9803324,-1.0,-7.0,-58.0
1777891935.9903324,2.0,-5.0,-62.0
1777891936.0003324,0.0,-1.0,-66.0
1777891936.0103323,-3.0,0.0,-65.0
1777891936.0203323,-3.0,-1.0,-61.0
1777891936.0303323,-1.0,-2.0,-62.0
1777891936.0403323,2.0,3.0,-64.0
1777891936.0503323,5.0,5.0,-70.0
1777891936.0603323,8.0,7.0,-74.0
1777891936.0703323,9.0,1.0,-72.0
1777891936.0803325,5.0,0.0,-71.0
1777891936.0903325,1.0,3.0,-73.0
1777891936.1003325,3.0,2.0,-77.0
1777891936.1103325,0.0,2.0,-81.0
1777891936.1203325,-2.0,2.0,-81.0
1777891936.1303325,-4.0,1.0,-79.0
1777891936.1403325,-6.0,0.0,-81.0
1777891936.1503325,-5.0,1.0,-81.0
1777891936.1603324,-3.0,0.0,-76.0
1777891936.1703324,-1.0,0.0,-78.0
1777891936.1803324,-1.0,-3.0,-70.0
1777891936.1903324,-2.0,-2.0,-64.0
1777891936.2003324,-4.0,1.0,-62.0
1777891936.2103324,-1.0,3.0,-58.0
1777891936.2203324,0.0,1.0,-62.0
1777891936.2303324,-3.0,-2.0,-64.0
1777891936.2403324,-2.0,-3.0,-64.0
1777891936.2503324,-2.0,-7.0,-68.0
1777891936.2603323,-2.0,-5.0,-74.0
1777891936.2703323,-1.0,-3.0,-75.0
1777891936.2803323,4.0,2.0,-78.0
1777891936.2903323,5.0,4.0,-75.0
1777891936.3003323,6.0,4.0,-75.0
1777891936.3103323,5.0,0.0,-73.0
1777891936.3203323,1.0,0.0,-80.0
1777891936.3303325,1.0,0.0,-75.0
1777891936.3403325,4.0,0.0,-75.0
1777891936.3503325,0.0,-3.0,-79.0
1777891936.3603325,-5.0,-4.0,-82.0
1777891936.3703325,-9.0,-6.0,-81.0
1777891936.3803325,-8.0,-5.0,-85.0
1777891936.3903325,-2.0,-2.0,-85.0
1777891936.4003325,0.0,-3.0,-81.0
1777891936.4103324,-1.0,0.0,-76.0
1777891936.4203324,0.0,-1.0,-70.0
1777891936.4303324,4.0,-3.0,-64.0
1777891936.4403324,3.0,-2.0,-68.0
1777891936.4503324,0.0,-3.0,-67.0
1777891936.4603324,0.0,-1.0,-66.0
1777891936.4703324,0.0,-1.0,-67.0
1777891936.4803324,0.0,-1.0,-69.0
1777891936.4903324,-3.0,-3.0,-74.0
1777891936.5003324,0.0,-5.0,-77.0
1777891936.5103323,-2.0,-3.0,-75.0
1777891936.5203323,-1.0,-1.0,-77.0
1777891936.5303323,-2.0,-1.0,-75.0
1777891936.5403323,-2.0,0.0,-71.0
1777891936.5503323,-1.0,1.0,-75.0
1777891936.5603323,-3.0,2.0,-79.0
1777891936.5703323,-4.0,5.0,-71.0
1777891936.5803325,0.0,4.0,-68.0
1777891936.5903325,-1.0,7.0,-65.0
1777891936.6003325,-3.0,9.0,-59.0
1777891936.6103325,-6.0,10.0,-61.0
1777891936.6203325,-7.0,12.0,-65.0
1777891936.6303325,-3.0,9.0,-66.0
1777891936.6403325,-2.0,9.0,-75.0
1777891936.6503325,0.0,4.0,-82.0
1777891936.6603324,-4.0,4.0,-79.0
1777891936.6703324,-5.0,3.0,-73.0
1777891936.6803324,-5.0,1.0,-74.0
1777891936.6903324,0.0,-2.0,-70.0
1777891936.7003324,-4.0,0.0,-66.0
1777891936.7103324,-4.0,2.0,-65.0
1777891936.7203324,0.0,2.0,-69.0
1777891936.7303324,0.0,2.0,-73.0
1777891936.7403324,0.0,5.0,-73.0
1777891936.7503324,0.0,2.0,-72.0
1777891936.7603323,0.0,3.0,-72.0
1777891936.7703323,-2.0,0.0,-72.0
1777891936.7803323,-1.0,0.0,-71.0
1777891936.7903323,-2.0,4.0,-79.0
1777891936.8003323,-4.0,2.0,-78.0
1777891936.8113325,1.0,3.0,-75.0
1777891936.8213325,-1.0,2.0,-79.0
1777891936.8303325,-2.0,1.0,-74.0
1777891936.8413324,0.0,0.0,-72.0
1777891936.8513324,1.0,1.0,-69.0
1777891936.8613324,0.0,2.0,-72.0
1777891936.8713324,2.0,1.0,-70.0
1777891936.8813324,5.0,0.0,-72.0
1777891936.8913324,3.0,3.0,-74.0
1777891936.9013324,1.0,4.0,-68.0
1777891936.9113324,-7.0,-1.0,-68.0
1777891936.9213324,-8.0,0.0,-72.0
1777891936.9313323,-8.0,-3.0,-72.0
1777891936.9413323,-8.0,-1.0,-69.0
1777891936.9513323,-8.0,-2.0,-68.0
1777891936.9613323,-10.0,-2.0,-70.0
1777891936.9713323,-7.0,-5.0,-73.0
1777891936.9813323,-7.0,-2.0,-74.0
1777891936.9913323,-6.0,-5.0,-70.0
1777891937.0013323,-10.0,-4.0,-64.0
1777891937.0113325,-8.0,-1.0,-60.0
1777891937.0213325,-9.0,-1.0,-66.0
1777891937.0313325,-5.0,0.0,-70.0
1777891937.0413325,-5.0,-2.0,-69.0
1777891937.0513325,-1.0,-7.0,-75.0
1777891937.0613325,1.0,-8.0,-80.0
1777891937.0713325,1.0,-4.0,-81.0
1777891937.0813324,1.0,2.0,-82.0
1777891937.0913324,2.0,1.0,-85.0
1777891937.1013324,2.0,-1.0,-85.0
1777891937.1113324,7.0,0.0,-83.0
1777891937.1223323,3.0,-2.0,-77.0
1777891937.1313324,6.0,-5.0,-75.0
1777891937.1413324,11.0,-11.0,-71.0
1777891937.1513324,8.0,-8.0,-78.0
1777891937.1613324,14.0,-7.0,-75.0
1777891937.1713324,11.0,-7.0,-75.0
1777891937.1813323,13.0,-7.0,-71.0
1777891937.1913323,11.0,-4.0,-69.0
1777891937.2013323,4.0,-5.0,-71.0
1777891937.2113323,5.0,-6.0,-71.0
1777891937.2213323,1.0,-6.0,-70.0
1777891937.2313323,0.0,-6.0,-66.0
1777891937.2413323,-1.0,-5.0,-64.0
1777891937.2513323,0.0,-2.0,-68.0
1777891937.2613325,0.0,0.0,-76.0
1777891937.2713325,-5.0,-1.0,-71.0
1777891937.2813325,-2.0,-1.0,-65.0
1777891937.2913325,5.0,-1.0,-70.0
1777891937.3013325,3.0,0.0,-73.0
1777891937.3113325,3.0,1.0,-71.0
1777891937.3213325,5.0,-2.0,-67.0
1777891937.3313324,4.0,0.0,-70.0
1777891937.3413324,9.0,2.0,-79.0
1777891937.3513324,6.0,0.0,-82.0
1777891937.3613324,2.0,-1.0,-82.0
1777891937.3713324,-1.0,-1.0,-82.0
1777891937.3813324,0.0,1.0,-75.0
1777891937.3913324,-1.0,-1.0,-72.0
1777891937.4013324,0.0,0.0,-68.0
1777891937.4113324,0.0,0.0,-61.0
1777891937.4213324,-2.0,6.0,-62.0
1777891937.4313323,-1.0,7.0,-62.0
1777891937.4413323,-2.0,4.0,-62.0
1777891937.4513323,-3.0,0.0,-54.0
1777891937.4613323,0.0,4.0,-65.0
1777891937.4713323,0.0,7.0,-66.0
1777891937.4813323,-3.0,7.0,-67.0
1777891937.4913323,-1.0,7.0,-74.0
1777891937.5013323,-2.0,6.0,-74.0
1777891937.5113325,-1.0,9.0,-70.0
1777891937.5213325,-3.0,5.0,-75.0
1777891937.5313325,-4.0,-1.0,-74.0
1777891937.5413325,-3.0,1.0,-74.0
1777891937.5513325,0.0,1.0,-71.0
1777891937.5613325,-3.0,0.0,-67.0
1777891937.5713325,-3.0,3.0,-67.0
1777891937.5813324,-4.0,2.0,-68.0
1777891937.5913324,-2.0,1.0,-66.0
1777891937.6013324,-1.0,-2.0,-62.0
1777891937.6113324,-1.0,0.0,-67.0
1777891937.6213324,-2.0,0.0,-63.0
1777891937.6313324,-6.0,0.0,-65.0
1777891937.6413324,-5.0,-4.0,-64.0
1777891937.6513324,-3.0,-5.0,-69.0
1777891937.6613324,0.0,-2.0,-78.0
1777891937.6713324,3.0,-1.0,-74.0
1777891937.6813323,5.0,0.0,-74.0
1777891937.6913323,5.0,1.0,-73.0
1777891937.7013323,6.0,-4.0,-75.0
1777891937.7113323,4.0,-4.0,-76.0
1777891937.7213323,1.0,-2.0,-71.0
1777891937.7313323,5.0,-2.0,-70.0
1777891937.7413323,6.0,-4.0,-66.0
1777891937.7513323,5.0,-8.0,-65.0
1777891937.7613325,4.0,-10.0,-68.0
1777891937.7713325,3.0,-5.0,-70.0
1777891937.7813325,3.0,-8.0,-78.0
1777891937.7913325,-2.0,-4.0,-78.0
1777891937.8013325,3.0,-4.0,-73.0
1777891937.8113325,0.0,-5.0,-75.0
1777891937.8213325,2.0,-6.0,-76.0
1777891937.8313324,2.0,-3.0,-73.0
1777891937.8413324,1.0,-5.0,-73.0
1777891937.8513324,1.0,-3.0,-74.0
1777891937.8613324,2.0,0.0,-78.0
1777891937.8713324,6.0,0.0,-76.0
1777891937.8813324,8.0,3.0,-82.0
1777891937.8913324,8.0,2.0,-81.0
1777891937.9013324,4.0,7.0,-78.0
1777891937.9113324,8.0,4.0,-77.0
1777891937.9213324,6.0,3.0,-77.0
1777891937.9313323,1.0,3.0,-75.0
1777891937.9413323,0.0,0.0,-74.0
1777891937.9513323,0.0,-2.0,-75.0
1777891937.9613323,2.0,1.0,-76.0
1777891937.9713323,4.0,-2.0,-79.0
1777891937.9813323,6.0,-5.0,-72.0
1777891937.9913323,9.0,-6.0,-69.0
1777891938.0013323,5.0,-4.0,-68.0
1777891938.0113325,1.0,-2.0,-67.0
1777891938.0213325,0.0,-5.0,-70.0
1777891938.0313325,2.0,-6.0,-76.0
1777891938.0413325,5.0,-3.0,-77.0
1777891938.0513325,6.0,-2.0,-78.0
1777891938.0613325,-2.0,-2.0,-67.0
1777891938.0713325,-5.0,0.0,-63.0
1777891938.0813324,-7.0,0.0,-63.0
1777891938.0913324,-5.0,0.0,-63.0
1777891938.1013324,-1.0,-3.0,-62.0
1777891938.1113324,-3.0,-5.0,-58.0
1777891938.1213324,-3.0,-5.0,-60.0
1777891938.1313324,1.0,-3.0,-62.0
1777891938.1413324,0.0,0.0,-61.0
1777891938.1513324,2.0,0.0,-63.0
1777891938.1613324,3.0,-5.0,-66.0
1777891938.1713324,0.0,-7.0,-68.0
1777891938.1813323,0.0,-1.0,-71.0
1777891938.1913323,0.0,0.0,-73.0
1777891938.2013323,1.0,0.0,-72.0
1777891938.2113323,3.0,2.0,-71.0
1777891938.2213323,3.0,5.0,-76.0
1777891938.2313323,-1.0,4.0,-71.0
1777891938.2413323,-4.0,2.0,-77.0
1777891938.2513323,-2.0,0.0,-82.0
1777891938.2613325,-4.0,-4.0,-86.0
1777891938.2713325,-2.0,-5.0,-81.0
1777891938.2813325,-1.0,-7.0,-73.0
1777891938.2913325,2.0,-9.0,-67.0
1777891938.3013325,-1.0,-11.0,-63.0
1777891938.3113325,0.0,-8.0,-68.0
1777891938.3213325,0.0,-6.0,-72.0
1777891938.3313324,-5.0,-4.0,-72.0
1777891938.3413324,-4.0,-4.0,-77.0
1777891938.3513324,-3.0,-6.0,-77.0
1777891938.3613324,-1.0,-6.0,-77.0
1777891938.3713324,-4.0,-7.0,-81.0
1777891938.3813324,-3.0,-3.0,-73.0
1777891938.3913324,-2.0,-7.0,-66.0
1777891938.4013324,-6.0,-7.0,-69.0
1777891938.4113324,-7.0,-8.0,-69.0
1777891938.4213324,-4.0,-7.0,-66.0
1777891938.4313323,-4.0,-3.0,-63.0
1777891938.4413323,-3.0,-5.0,-67.0
1777891938.4513323,-3.0,-4.0,-70.0
1777891938.4613323,0.0,-3.0,-70.0
1777891938.4713323,-1.0,-3.0,-73.0
1777891938.4813323,-2.0,0.0,-72.0
1777891938.4913323,2.0,-3.0,-71.0
1777891938.5013323,1.0,-1.0,-68.0
1777891938.5113325,2.0,1.0,-69.0
1777891938.5213325,-1.0,4.0,-70.0
1777891938.5313325,-1.0,1.0,-76.0
1777891938.5413325,0.0,6.0,-82.0
1777891938.5513325,1.0,9.0,-83.0
1777891938.5613325,0.0,6.0,-81.0
1777891938.5713325,1.0,-1.0,-82.0
1777891938.5813324,0.0,0.0,-83.0
1777891938.5913324,0.0,0.0,-80.0
1777891938.6013324,-4.0,-1.0,-75.0
1777891938.6113324,-4.0,-1.0,-69.0
1777891938.6213324,-3.0,-4.0,-59.0
1777891938.6313324,1.0,-2.0,-63.0
1777891938.6413324,1.0,1.0,-70.0
1777891938.6513324,0.0,1.0,-66.0
1777891938.6613324,0.0,2.0,-67.0
1777891938.6713324,0.0,1.0,-62.0
1777891938.6813323,4.0,0.0,-63.0
1777891938.6913323,0.0,-4.0,-72.0
1777891938.7013323,3.0,-4.0,-68.0
1777891938.7113323,0.0,-3.0,-72.0
1777891938.7213323,0.0,-2.0,-70.0
1777891938.7313323,2.0,1.0,-66.0
1777891938.7413323,-1.0,0.0,-70.0
1777891938.7513323,-3.0,-3.0,-76.0
1777891938.7613325,-5.0,-4.0,-74.0
1777891938.7713325,0.0,-3.0,-75.0
1777891938.7813325,-2.0,-1.0,-76.0
1777891938.7913325,0.0,-4.0,-74.0
1777891938.8023324,0.0,0.0,-73.0
1777891938.8113325,2.0,-3.0,-71.0
1777891938.8213325,7.0,-3.0,-60.0
1777891938.8313324,8.0,-4.0,-65.0
1777891938.8423324,5.0,-6.0,-61.0
1777891938.8523324,1.0,-4.0,-62.0
1777891938.8623323,-1.0,-1.0,-62.0
1777891938.8723323,-3.0,0.0,-64.0
1777891938.8823323,-1.0,3.0,-71.0
1777891938.8923323,-1.0,1.0,-74.0
1777891938.9023323,0.0,4.0,-71.0
1777891938.9123323,0.0,1.0,-77.0
1777891938.9223323,2.0,-1.0,-83.0
1777891938.9323325,3.0,2.0,-82.0
1777891938.9423325,-2.0,-2.0,-75.0
1777891938.9523325,-4.0,-5.0,-65.0
1777891938.9623325,-4.0,-6.0,-68.0
1777891938.9723325,-5.0,-1.0,-71.0
1777891938.9823325,-5.0,0.0,-68.0
1777891938.9923325,-5.0,0.0,-69.0
1777891939.0023324,-3.0,0.0,-73.0
1777891939.0123324,-5.0,3.0,-75.0
1777891939.0223324,-3.0,2.0,-79.0
1777891939.0323324,-2.0,2.0,-73.0
1777891939.0423324,0.0,4.0,-71.0
1777891939.0523324,-3.0,3.0,-69.0
1777891939.0623324,-5.0,-1.0,-68.0
1777891939.0723324,-5.0,-7.0,-68.0
1777891939.0823324,-2.0,-6.0,-66.0
1777891939.0923324,0.0,-5.0,-64.0
1777891939.1023324,5.0,-6.0,-65.0
1777891939.1123323,1.0,-4.0,-63.0
1777891939.1223323,-1.0,0.0,-67.0
1777891939.1323323,0.0,0.0,-67.0
1777891939.1423323,-2.0,-1.0,-67.0
1777891939.1523323,-4.0,-3.0,-64.0
1777891939.1623323,-1.0,-1.0,-60.0
1777891939.1723323,0.0,-2.0,-62.0
1777891939.1823325,-4.0,-3.0,-65.0
1777891939.1923325,-6.0,-4.0,-67.0
1777891939.2023325,-3.0,-8.0,-66.0
1777891939.2123325,-3.0,-6.0,-68.0
1777891939.2223325,0.0,-8.0,-67.0
1777891939.2323325,3.0,-6.0,-63.0
1777891939.2423325,5.0,-5.0,-68.0
1777891939.2523324,1.0,-2.0,-72.0
1777891939.2623324,1.0,-3.0,-72.0
1777891939.2723324,4.0,-1.0,-76.0
1777891939.2823324,0.0,0.0,-77.0
1777891939.2923324,2.0,0.0,-87.0
1777891939.3023324,0.0,5.0,-81.0
1777891939.3123324,0.0,1.0,-81.0
1777891939.3223324,-3.0,3.0,-81.0
1777891939.3323324,-4.0,3.0,-79.0
1777891939.3423324,-7.0,3.0,-81.0
1777891939.3523324,-4.0,3.0,-73.0
1777891939.3623323,0.0,6.0,-74.0
1777891939.3723323,1.0,2.0,-76.0
1777891939.3823323,1.0,3.0,-76.0
1777891939.3923323,-1.0,-5.0,-76.0
1777891939.4023323,-2.0,-5.0,-78.0
1777891939.4123323,0.0,-2.0,-85.0
1777891939.4223323,0.0,-3.0,-85.0
1777891939.4323325,-3.0,-2.0,-83.0
1777891939.4423325,0.0,-2.0,-82.0
1777891939.4523325,-2.0,-1.0,-83.0
1777891939.4623325,-2.0,-2.0,-79.0
1777891939.4723325,-4.0,0.0,-76.0
1777891939.4823325,-3.0,2.0,-79.0
1777891939.4923325,0.0,-2.0,-83.0
1777891939.5023324,1.0,-2.0,-75.0
1777891939.5123324,-3.0,-1.0,-68.0
1777891939.5223324,-1.0,-1.0,-68.0
1777891939.5323324,0.0,-1.0,-70.0
1777891939.5423324,2.0,0.0,-67.0
1777891939.5523324,4.0,-1.0,-66.0
1777891939.5623324,1.0,0.0,-67.0
1777891939.5723324,0.0,-3.0,-63.0
1777891939.5823324,3.0,-4.0,-62.0
1777891939.5923324,5.0,-5.0,-62.0
1777891939.6023324,8.0,-8.0,-63.0
1777891939.6123323,10.0,-7.0,-60.0
1777891939.6223323,9.0,-2.0,-58.0
1777891939.6323323,12.0,-3.0,-57.0
1777891939.6423323,11.0,0.0,-68.0
1777891939.6523323,8.0,-3.0,-71.0
1777891939.6623323,7.0,-6.0,-67.0
1777891939.6723323,6.0,-5.0,-68.0
1777891939.6823325,4.0,-7.0,-64.0
1777891939.6923325,0.0,-7.0,-65.0
1777891939.7023325,0.0,-5.0,-61.0
1777891939.7123325,0.0,-3.0,-62.0
1777891939.7223325,-6.0,-1.0,-65.0
1777891939.7323325,-4.0,-1.0,-67.0
1777891939.7423325,0.0,-1.0,-71.0
1777891939.7523324,0.0,-5.0,-76.0
1777891939.7623324,1.0,-2.0,-78.0
1777891939.7723324,1.0,-2.0,-81.0
1777891939.7823324,0.0,0.0,-80.0
1777891939.7923324,0.0,4.0,-69.0
1777891939.8023324,-1.0,0.0,-65.0
1777891939.8123324,0.0,-2.0,-62.0
1777891939.8223324,0.0,-4.0,-61.0
1777891939.8323324,0.0,-6.0,-68.0
1777891939.8423324,0.0,-4.0,-71.0
1777891939.8523324,0.0,-3.0,-76.0
1777891939.8623323,-5.0,-5.0,-75.0
1777891939.8723323,-1.0,-2.0,-66.0
1777891939.8823323,0.0,-2.0,-67.0
1777891939.8923323,-1.0,0.0,-73.0
1777891939.9023323,0.0,-2.0,-74.0
1777891939.9123323,2.0,2.0,-73.0
1777891939.9223323,0.0,4.0,-77.0
1777891939.9323325,2.0,0.0,-72.0
1777891939.9423325,7.0,-2.0,-65.0
1777891939.9523325,7.0,-1.0,-68.0
1777891939.9623325,9.0,0.0,-69.0
1777891939.9723325,10.0,2.0,-70.0
1777891939.9823325,12.0,-1.0,-71.0
1777891939.9923325,10.0,-1.0,-74.0
1777891940.0023324,8.0,-3.0,-74.0
1777891940.0123324,4.0,2.0,-70.0
1777891940.0223324,6.0,3.0,-73.0
1777891940.0333323,6.0,5.0,-68.0
1777891940.0423324,2.0,2.0,-70.0
1777891940.0523324,0.0,-2.0,-69.0
1777891940.0623324,-1.0,-1.0,-73.0
1777891940.0723324,0.0,-1.0,-71.0
1777891940.0823324,1.0,-1.0,-65.0
1777891940.0923324,4.0,0.0,-68.0
1777891940.1023324,1.0,-1.0,-68.0
1777891940.1123323,1.0,1.0,-74.0
1777891940.1223323,4.0,3.0,-73.0
1777891940.1323323,8.0,1.0,-68.0
1777891940.1423323,3.0,0.0,-69.0
1777891940.1523323,3.0,3.0,-74.0
1777891940.1623323,4.0,-1.0,-77.0
1777891940.1723323,1.0,0.0,-70.0
1777891940.1823325,0.0,-1.0,-70.0
1777891940.1923325,5.0,-1.0,-78.0
1777891940.2023325,2.0,0.0,-73.0
1777891940.2123325,-2.0,1.0,-70.0
1777891940.2223325,-3.0,2.0,-73.0
1777891940.2323325,-4.0,1.0,-70.0
1777891940.2423325,-4.0,0.0,-76.0
1777891940.2523324,1.0,0.0,-73.0
1777891940.2623324,-1.0,2.0,-72.0
1777891940.2723324,-4.0,0.0,-69.0
1777891940.2823324,-3.0,-2.0,-73.0
1777891940.2923324,-6.0,-2.0,-80.0
1777891940.3023324,-4.0,0.0,-77.0
1777891940.3123324,-3.0,2.0,-76.0
1777891940.3223324,-2.0,-2.0,-73.0
1777891940.3323324,0.0,1.0,-70.0
1777891940.3423324,1.0,0.0,-75.0
1777891940.3523324,0.0,-3.0,-70.0
1777891940.3623323,4.0,-2.0,-70.0
1777891940.3723323,5.0,3.0,-77.0
1777891940.3823323,2.0,-1.0,-74.0
1777891940.3923323,1.0,-1.0,-74.0
1777891940.4023323,1.0,2.0,-72.0
1777891940.4123323,-2.0,-1.0,-79.0
1777891940.4223323,-2.0,0.0,-71.0
1777891940.4323325,-2.0,-2.0,-72.0
1777891940.4423325,-5.0,-2.0,-74.0
1777891940.4523325,-2.0,0.0,-70.0
1777891940.4623325,0.0,-3.0,-69.0
1777891940.4723325,4.0,-4.0,-68.0
1777891940.4823325,6.0,-7.0,-77.0
1777891940.4923325,4.0,-3.0,-79.0
1777891940.5023324,1.0,0.0,-75.0
1777891940.5123324,1.0,0.0,-75.0
1777891940.5223324,1.0,3.0,-72.0
1777891940.5323324,4.0,5.0,-71.0
1777891940.5423324,1.0,2.0,-71.0
1777891940.5523324,5.0,0.0,-77.0
1777891940.5623324,3.0,-2.0,-74.0
1777891940.5723324,0.0,-4.0,-74.0
1777891940.5823324,0.0,-2.0,-79.0
1777891940.5923324,-3.0,0.0,-79.0
1777891940.6023324,-4.0,1.0,-79.0
1777891940.6123323,0.0,1.0,-79.0
1777891940.6223323,5.0,0.0,-76.0
1777891940.6323323,10.0,0.0,-77.0
1777891940.6423323,9.0,-2.0,-73.0
1777891940.6523323,6.0,-5.0,-76.0
1777891940.6623323,7.0,-4.0,-76.0
1777891940.6723323,4.0,-4.0,-73.0
1777891940.6823325,2.0,-5.0,-80.0
1777891940.6923325,0.0,-3.0,-75.0
1777891940.7023325,-2.0,-4.0,-71.0
1777891940.7123325,3.0,-6.0,-68.0
1777891940.7223325,6.0,-3.0,-72.0
1777891940.7323325,5.0,-5.0,-66.0
1777891940.7423325,6.0,-2.0,-73.0
1777891940.7523324,5.0,0.0,-71.0
1777891940.7623324,2.0,1.0,-61.0
1777891940.7733324,0.0,0.0,-63.0
1777891940.7833323,-5.0,1.0,-63.0
1777891940.7923324,-6.0,1.0,-60.0
1777891940.8033323,-6.0,5.0,-64.0
1777891940.8133323,-4.0,5.0,-53.0
1777891940.8233323,-7.0,7.0,-59.0
1777891940.8333323,-5.0,5.0,-61.0
1777891940.8433323,-6.0,6.0,-65.0
1777891940.8533323,-7.0,6.0,-64.0
1777891940.8633325,-7.0,6.0,-71.0
1777891940.8733325,-8.0,3.0,-71.0
1777891940.8833325,-6.0,-4.0,-72.0
1777891940.8933325,-2.0,-7.0,-72.0
1777891940.9033325,1.0,-5.0,-67.0
1777891940.9133325,7.0,-4.0,-71.0
1777891940.9233325,6.0,-1.0,-70.0
1777891940.9333324,4.0,-4.0,-66.0
1777891940.9433324,4.0,-3.0,-68.0
1777891940.9533324,3.0,-1.0,-69.0
1777891940.9633324,1.0,-3.0,-73.0
1777891940.9733324,-3.0,0.0,-75.0
1777891940.9833324,0.0,-2.0,-80.0
1777891940.9933324,-4.0,-2.0,-79.0
1777891941.0033324,-3.0,-1.0,-72.0
1777891941.0133324,0.0,-1.0,-73.0
1777891941.0233324,1.0,1.0,-80.0
1777891941.0333323,0.0,0.0,-77.0
1777891941.0433323,3.0,0.0,-72.0
1777891941.0533323,5.0,-2.0,-71.0
1777891941.0633323,12.0,-1.0,-77.0
1777891941.0733323,5.0,0.0,-77.0
1777891941.0833323,5.0,0.0,-75.0
1777891941.0933323,3.0,-2.0,-77.0
1777891941.1033323,3.0,-5.0,-74.0
1777891941.1133325,4.0,-7.0,-68.0
1777891941.1233325,7.0,-12.0,-64.0
1777891941.1333325,8.0,-6.0,-63.0
1777891941.1433325,6.0,-8.0,-65.0
1777891941.1533325,2.0,-13.0,-72.0
1777891941.1633325,2.0,-8.0,-68.0
1777891941.1733325,6.0,-5.0,-75.0
1777891941.1833324,4.0,-2.0,-76.0
1777891941.1933324,2.0,-4.0,-74.0
1777891941.2033324,1.0,-2.0,-75.0
1777891941.2133324,3.0,-6.0,-75.0
1777891941.2233324,6.0,-6.0,-66.0
1777891941.2333324,2.0,-4.0,-69.0
1777891941.2433324,2.0,-6.0,-76.0
1777891941.2533324,2.0,-6.0,-74.0
1777891941.2633324,3.0,-7.0,-76.0
1777891941.2733324,1.0,-9.0,-78.0
1777891941.2833323,-5.0,-10.0,-72.0
1777891941.2933323,-10.0,-7.0,-70.0
1777891941.3033323,-12.0,-5.0,-63.0
1777891941.3133323,-8.0,-5.0,-66.0
1777891941.3233323,-5.0,-6.0,-71.0
1777891941.3333323,-6.0,-4.0,-72.0
1777891941.3433323,-2.0,-5.0,-68.0
1777891941.3533323,-5.0,-4.0,-64.0
1777891941.3633325,-2.0,-5.0,-62.0
1777891941.3733325,1.0,-1.0,-64.0
1777891941.3833325,1.0,-2.0,-69.0
1777891941.3933325,-1.0,1.0,-69.0
1777891941.4033325,1.0,-5.0,-70.0
1777891941.4133325,4.0,-7.0,-73.0
1777891941.4233325,2.0,-6.0,-74.0
1777891941.4333324,3.0,-5.0,-72.0
1777891941.4433324,1.0,-3.0,-68.0
1777891941.4533324,2.0,-2.0,-72.0
1777891941.4633324,-2.0,-2.0,-74.0
1777891941.4733324,-2.0,0.0,-69.0
1777891941.4833324,-6.0,-1.0,-61.0
1777891941.4933324,-9.0,1.0,-57.0
1777891941.5033324,-8.0,0.0,-64.0
1777891941.5133324,-7.0,0.0,-64.0
1777891941.5233324,-7.0,0.0,-70.0
1777891941.5333323,-6.0,-3.0,-73.0
1777891941.5433323,-6.0,-3.0,-72.0
1777891941.5533323,-5.0,0.0,-70.0
1777891941.5633323,-2.0,0.0,-70.0
1777891941.5733323,1.0,0.0,-67.0
1777891941.5833323,0.0,2.0,-65.0
1777891941.5933323,1.0,2.0,-63.0
1777891941.6033323,-2.0,1.0,-70.0
1777891941.6133325,0.0,-1.0,-73.0
1777891941.6233325,-4.0,0.0,-70.0
1777891941.6333325,-1.0,0.0,-71.0
1777891941.6433325,0.0,2.0,-65.0
1777891941.6533325,2.0,0.0,-64.0
1777891941.6633325,4.0,0.0,-62.0
1777891941.6733325,2.0,0.0,-60.0
1777891941.6833324,1.0,2.0,-58.0
1777891941.6933324,3.0,0.0,-63.0
1777891941.7033324,2.0,-1.0,-71.0
1777891941.7133324,3.0,-4.0,-81.0
1777891941.7233324,0.0,-4.0,-75.0
1777891941.7333324,-1.0,0.0,-83.0
1777891941.7433324,-2.0,-1.0,-86.0
1777891941.7533324,-4.0,-2.0,-84.0
1777891941.7633324,-3.0,-2.0,-76.0
1777891941.7733324,-6.0,0.0,-77.0
1777891941.7833323,-4.0,0.0,-80.0
1777891941.7933323,0.0,-1.0,-80.0
1777891941.8033323,0.0,0.0,-81.0
1777891941.8133323,0.0,-5.0,-85.0
1777891941.8233323,1.0,-5.0,-85.0
1777891941.8333323,5.0,-6.0,-78.0
1777891941.8433323,4.0,-5.0,-72.0
1777891941.8533323,4.0,-5.0,-71.0
1777891941.8633325,4.0,-8.0,-68.0
1777891941.8733325,6.0,-8.0,-66.0
1777891941.8833325,7.0,-5.0,-68.0
1777891941.8933325,4.0,-2.0,-67.0
1777891941.9033325,0.0,-4.0,-75.0
1777891941.9133325,2.0,-2.0,-77.0
1777891941.9233325,4.0,-3.0,-76.0
1777891941.9333324,5.0,-4.0,-77.0
1777891941.9433324,5.0,-5.0,-75.0
1777891941.9533324,3.0,-4.0,-72.0
1777891941.9633324,0.0,-4.0,-78.0
1777891941.9733324,0.0,-7.0,-77.0
1777891941.9833324,0.0,-7.0,-76.0
1777891941.9933324,0.0,-9.0,-74.0
1777891942.0033324,1.0,-6.0,-72.0
1777891942.0133324,2.0,-5.0,-77.0
1777891942.0233324,0.0,-3.0,-78.0
1777891942.0333323,-1.0,-4.0,-75.0
1777891942.0433323,1.0,-3.0,-77.0
1777891942.0533323,1.0,-1.0,-76.0
1777891942.0633323,0.0,0.0,-76.0
1777891942.0733323,-4.0,1.0,-76.0
1777891942.0833323,-1.0,6.0,-75.0
1777891942.0933323,0.0,0.0,-74.0
1777891942.1033323,5.0,-1.0,-74.0
1777891942.1133325,3.0,-3.0,-68.0
1777891942.1233325,7.0,-7.0,-68.0
1777891942.1333325,5.0,-7.0,-68.0
1777891942.1433325,4.0,-2.0,-76.0
1777891942.1533325,3.0,-1.0,-69.0
1777891942.1633325,3.0,-1.0,-70.0
1777891942.1733325,7.0,-3.0,-66.0
1777891942.1833324,9.0,0.0,-63.0
1777891942.1933324,6.0,2.0,-60.0
1777891942.2033324,7.0,3.0,-62.0
1777891942.2133324,8.0,2.0,-68.0
1777891942.2233324,8.0,2.0,-75.0
1777891942.2333324,3.0,1.0,-72.0
1777891942.2433324,1.0,5.0,-69.0
1777891942.2533324,4.0,0.0,-71.0
1777891942.2633324,1.0,-6.0,-69.0
1777891942.2733324,4.0,-5.0,-67.0
1777891942.2833323,8.0,-6.0,-72.0
1777891942.2933323,2.0,-5.0,-73.0
1777891942.3033323,-2.0,-6.0,-70.0
1777891942.3133323,0.0,-4.0,-69.0
1777891942.3233323,1.0,-5.0,-75.0
1777891942.3333323,3.0,-3.0,-69.0
1777891942.3433323,4.0,-2.0,-62.0
1777891942.3533323,3.0,-1.0,-64.0
1777891942.3633325,4.0,-4.0,-70.0
1777891942.3733325,4.0,-4.0,-73.0
1777891942.3833325,6.0,-3.0,-71.0
1777891942.3933325,5.0,-2.0,-68.0
1777891942.4033325,4.0,0.0,-65.0
1777891942.4133325,4.0,0.0,-63.0
1777891942.4233325,5.0,-1.0,-62.0
1777891942.4333324,3.0,-2.0,-60.0
1777891942.4433324,2.0,-5.0,-61.0
1777891942.4533324,4.0,-5.0,-62.0
1777891942.4633324,5.0,-4.0,-63.0
1777891942.4733324,0.0,-3.0,-63.0
1777891942.4833324,-1.0,-1.0,-65.0
1777891942.4933324,-1.0,3.0,-65.0
1777891942.5033324,-3.0,4.0,-61.0
1777891942.5133324,-5.0,2.0,-65.0
1777891942.5233324,-3.0,1.0,-64.0
1777891942.5333323,0.0,-2.0,-67.0
1777891942.5433323,4.0,-6.0,-62.0
1777891942.5533323,3.0,-3.0,-56.0
1777891942.5633323,0.0,-4.0,-58.0
1777891942.5733323,-1.0,-4.0,-60.0
1777891942.5833323,-9.0,-5.0,-63.0
1777891942.5933323,-9.0,-3.0,-65.0
1777891942.6033323,-7.0,-1.0,-71.0
1777891942.6133325,-8.0,-2.0,-70.0
1777891942.6233325,-7.0,-2.0,-74.0
1777891942.6333325,-4.0,-3.0,-77.0
1777891942.6433325,-7.0,-1.0,-76.0
1777891942.6533325,-3.0,-2.0,-81.0
1777891942.6633325,-3.0,-5.0,-74.0
1777891942.6733325,-1.0,-4.0,-72.0
1777891942.6833324,-2.0,-1.0,-68.0
1777891942.6933324,0.0,-5.0,-68.0
1777891942.7033324,-3.0,-5.0,-65.0
1777891942.7133324,-3.0,-7.0,-64.0
1777891942.7233324,-1.0,-10.0,-66.0
1777891942.7333324,-3.0,-6.0,-70.0
1777891942.7433324,1.0,-4.0,-74.0
1777891942.7533324,0.0,-3.0,-75.0
1777891942.7633324,-1.0,-6.0,-77.0
1777891942.7733324,0.0,-5.0,-80.0
1777891942.7833323,-1.0,-2.0,-81.0
1777891942.7933323,0.0,-2.0,-82.0
1777891942.8043325,4.0,2.0,-80.0
1777891942.8143325,6.0,0.0,-80.0
1777891942.8233323,1.0,-4.0,-77.0
1777891942.8343325,-3.0,-8.0,-70.0
1777891942.8443325,-5.0,-3.0,-73.0
1777891942.8543324,-10.0,-5.0,-71.0
1777891942.8643324,-8.0,-6.0,-74.0
1777891942.8743324,-7.0,-6.0,-77.0
1777891942.8843324,-6.0,-6.0,-83.0
1777891942.8943324,-5.0,-5.0,-84.0
1777891942.9043324,-4.0,-6.0,-79.0
1777891942.9143324,-1.0,-2.0,-75.0
1777891942.9243324,3.0,1.0,-78.0
1777891942.9343324,6.0,-6.0,-76.0
1777891942.9443324,7.0,-8.0,-75.0
1777891942.9543324,6.0,-6.0,-75.0
1777891942.9643323,7.0,-7.0,-72.0
1777891942.9743323,10.0,-6.0,-64.0
1777891942.9843323,9.0,-5.0,-67.0
1777891942.9943323,6.0,-2.0,-62.0
1777891943.0043323,7.0,0.0,-61.0
1777891943.0143323,1.0,2.0,-64.0
1777891943.0243323,2.0,1.0,-65.0
1777891943.0343325,0.0,1.0,-65.0
1777891943.0443325,2.0,2.0,-59.0
1777891943.0543325,3.0,2.0,-61.0
1777891943.0643325,3.0,1.0,-61.0
1777891943.0743325,7.0,-2.0,-63.0
1777891943.0843325,7.0,-3.0,-67.0
1777891943.0943325,8.0,-2.0,-72.0
1777891943.1043324,6.0,3.0,-64.0
1777891943.1143324,10.0,2.0,-63.0
1777891943.1243324,10.0,1.0,-67.0
1777891943.1343324,7.0,1.0,-66.0
1777891943.1443324,5.0,1.0,-69.0
1777891943.1543324,0.0,3.0,-73.0
1777891943.1643324,-1.0,4.0,-71.0
1777891943.1743324,-2.0,6.0,-71.0
1777891943.1843324,-5.0,5.0,-70.0
1777891943.1943324,-2.0,1.0,-64.0
1777891943.2043324,-3.0,0.0,-71.0
1777891943.2143323,0.0,-1.0,-69.0
1777891943.2243323,-1.0,0.0,-62.0
1777891943.2343323,0.0,0.0,-58.0
1777891943.2443323,-1.0,0.0,-64.0
1777891943.2543323,1.0,-6.0,-65.0
1777891943.2643323,0.0,-5.0,-70.0
1777891943.2743323,3.0,-4.0,-66.0
1777891943.2843325,11.0,-4.0,-68.0
1777891943.2943325,10.0,-3.0,-74.0
1777891943.3043325,9.0,-2.0,-76.0
1777891943.3143325,3.0,3.0,-69.0
1777891943.3243325,1.0,0.0,-71.0
1777891943.3343325,1.0,-3.0,-79.0
1777891943.3443325,5.0,-2.0,-83.0
1777891943.3543324,4.0,-2.0,-85.0
1777891943.3643324,0.0,-1.0,-78.0
1777891943.3743324,-1.0,-1.0,-81.0
1777891943.3843324,1.0,-2.0,-84.0
1777891943.3943324,0.0,0.0,-84.0
1777891943.4043324,0.0,5.0,-82.0
1777891943.4143324,3.0,4.0,-74.0
1777891943.4243324,2.0,2.0,-70.0
1777891943.4343324,1.0,5.0,-68.0
1777891943.4443324,-5.0,0.0,-69.0
1777891943.4543324,-2.0,-2.0,-66.0
1777891943.4643323,-1.0,-2.0,-65.0
1777891943.4743323,2.0,-1.0,-71.0
1777891943.4843323,0.0,1.0,-71.0
1777891943.4943323,0.0,0.0,-68.0
1777891943.5043323,0.0,-2.0,-64.0
1777891943.5143323,0.0,-2.0,-69.0
1777891943.5243323,0.0,-3.0,-69.0
1777891943.5343325,5.0,0.0,-71.0
1777891943.5443325,6.0,-4.0,-69.0
1777891943.5543325,5.0,-5.0,-76.0
1777891943.5643325,4.0,-8.0,-80.0
1777891943.5743325,5.0,-7.0,-77.0
1777891943.5843325,3.0,-7.0,-68.0
1777891943.5943325,3.0,-5.0,-65.0
1777891943.6043324,7.0,-2.0,-71.0
1777891943.6143324,3.0,-3.0,-76.0
1777891943.6243324,-1.0,-6.0,-79.0
1777891943.6343324,2.0,-14.0,-85.0
1777891943.6443324,4.0,-15.0,-80.0
1777891943.6543324,6.0,-14.0,-74.0
1777891943.6643324,0.0,-9.0,-73.0
1777891943.6743324,1.0,-5.0,-70.0
1777891943.6843324,-1.0,-4.0,-72.0
1777891943.6943324,-7.0,-1.0,-73.0
1777891943.7043324,-6.0,-2.0,-70.0
1777891943.7143323,-7.0,-6.0,-73.0
1777891943.7243323,-5.0,-3.0,-74.0
1777891943.7343323,-9.0,-1.0,-69.0
1777891943.7443323,-8.0,-4.0,-71.0
1777891943.7543323,-8.0,-8.0,-63.0
1777891943.7643323,-6.0,-11.0,-66.0
1777891943.7743323,3.0,-8.0,-65.0
1777891943.7843325,5.0,-2.0,-69.0
1777891943.7943325,1.0,5.0,-76.0
1777891943.8043325,0.0,7.0,-79.0
1777891943.8143325,1.0,4.0,-77.0
1777891943.8243325,4.0,3.0,-68.0
1777891943.8343325,5.0,0.0,-72.0
1777891943.8443325,2.0,0.0,-76.0
1777891943.8543324,3.0,2.0,-69.0
1777891943.8643324,4.0,4.0,-76.0
1777891943.8743324,5.0,0.0,-72.0
1777891943.8843324,5.0,-1.0,-69.0
1777891943.8943324,2.0,2.0,-68.0
1777891943.9043324,-1.0,4.0,-68.0
1777891943.9143324,-3.0,3.0,-64.0
1777891943.9243324,-2.0,0.0,-57.0
1777891943.9343324,-4.0,0.0,-60.0
1777891943.9443324,0.0,-1.0,-67.0
1777891943.9543324,-1.0,-4.0,-74.0
1777891943.9643323,-2.0,0.0,-67.0
1777891943.9743323,-4.0,6.0,-58.0
1777891943.9843323,-3.0,0.0,-59.0
1777891943.9943323,-3.0,-1.0,-61.0
1777891944.0043323,0.0,-1.0,-58.0
1777891944.0143323,3.0,-3.0,-60.0
1777891944.0243323,2.0,-6.0,-64.0
1777891944.0343325,2.0,-8.0,-61.0
1777891944.0443325,3.0,-5.0,-66.0
1777891944.0543325,3.0,-6.0,-66.0
1777891944.0643325,4.0,-6.0,-64.0
1777891944.0743325,6.0,-6.0,-64.0
1777891944.0843325,4.0,-9.0,-62.0
1777891944.0943325,1.0,-10.0,-65.0
1777891944.1043324,3.0,-11.0,-68.0
1777891944.1143324,-3.0,-8.0,-70.0
1777891944.1243324,-3.0,-8.0,-75.0
1777891944.1343324,-1.0,-6.0,-83.0
1777891944.1443324,-2.0,-2.0,-81.0
1777891944.1543324,-5.0,-3.0,-69.0
1777891944.1643324,-2.0,-6.0,-68.0
1777891944.1743324,3.0,-3.0,-69.0
1777891944.1843324,0.0,-1.0,-70.0
1777891944.1943324,4.0,-1.0,-68.0
1777891944.2043324,4.0,0.0,-65.0
1777891944.2143323,3.0,-4.0,-67.0
1777891944.2243323,1.0,-2.0,-68.0
1777891944.2343323,1.0,-2.0,-71.0
1777891944.2443323,4.0,1.0,-74.0
1777891944.2543323,5.0,-1.0,-74.0
1777891944.2643323,1.0,-7.0,-75.0
1777891944.2743323,3.0,-10.0,-78.0
1777891944.2843325,8.0,-9.0,-80.0
1777891944.2943325,7.0,-4.0,-82.0
1777891944.3043325,6.0,0.0,-69.0
1777891944.3143325,3.0,4.0,-63.0
1777891944.3243325,0.0,4.0,-72.0
1777891944.3343325,-2.0,2.0,-71.0
1777891944.3443325,-8.0,0.0,-73.0
1777891944.3543324,-8.0,-1.0,-73.0
1777891944.3643324,0.0,0.0,-72.0
1777891944.3743324,-4.0,0.0,-70.0
1777891944.3843324,-1.0,-1.0,-70.0
1777891944.3943324,2.0,0.0,-69.0
1777891944.4043324,4.0,-3.0,-67.0
1777891944.4143324,11.0,0.0,-68.0
1777891944.4243324,9.0,0.0,-68.0
1777891944.4343324,9.0,3.0,-69.0
1777891944.4443324,7.0,2.0,-75.0
1777891944.4543324,5.0,2.0,-73.0
1777891944.4643323,5.0,0.0,-71.0
1777891944.4743323,7.0,-1.0,-75.0
1777891944.4843323,6.0,-2.0,-80.0
1777891944.4943323,6.0,-2.0,-73.0
1777891944.5043323,9.0,1.0,-72.0
1777891944.5143323,9.0,-2.0,-84.0
1777891944.5243323,6.0,-8.0,-88.0
1777891944.5343325,-1.0,-3.0,-79.0
1777891944.5443325,0.0,0.0,-81.0
1777891944.5543325,-1.0,0.0,-81.0
1777891944.5643325,-3.0,-3.0,-87.0
1777891944.5743325,1.0,-1.0,-87.0
1777891944.5843325,6.0,-1.0,-89.0
1777891944.5943325,9.0,-3.0,-93.0
1777891944.6043324,6.0,-2.0,-87.0
1777891944.6143324,6.0,-3.0,-87.0
1777891944.6243324,6.0,-4.0,-88.0
1777891944.6343324,6.0,-2.0,-89.0
1777891944.6443324,0.0,0.0,-80.0
1777891944.6543324,-4.0,-2.0,-77.0
1777891944.6643324,-5.0,-2.0,-75.0
1777891944.6743324,-7.0,-3.0,-69.0
1777891944.6843324,-2.0,0.0,-71.0
1777891944.6943324,2.0,0.0,-71.0
1777891944.7043324,5.0,1.0,-66.0
1777891944.7143323,6.0,3.0,-65.0
1777891944.7243323,5.0,3.0,-68.0
1777891944.7343323,1.0,5.0,-70.0
1777891944.7443323,7.0,7.0,-65.0
1777891944.7543323,7.0,1.0,-60.0
1777891944.7643323,10.0,-1.0,-53.0
1777891944.7743323,8.0,-1.0,-53.0
1777891944.7843325,6.0,-4.0,-63.0
1777891944.7943325,7.0,-3.0,-66.0
1777891944.8043325,3.0,-2.0,-65.0
1777891944.8153324,5.0,-3.0,-65.0
1777891944.8253324,8.0,-4.0,-64.0
1777891944.8353324,6.0,0.0,-70.0
1777891944.8463323,4.0,4.0,-76.0
1777891944.8553324,5.0,4.0,-73.0
1777891944.8653324,5.0,5.0,-72.0
1777891944.8753324,9.0,2.0,-69.0
1777891944.8853323,10.0,0.0,-72.0
1777891944.8953323,5.0,0.0,-68.0
1777891944.9053323,8.0,0.0,-74.0
1777891944.9153323,9.0,0.0,-67.0
1777891944.9253323,5.0,-3.0,-65.0
1777891944.9353323,3.0,-1.0,-65.0
1777891944.9453323,-1.0,2.0,-66.0
1777891944.9553325,-2.0,2.0,-73.0
1777891944.9653325,4.0,-1.0,-77.0
1777891944.9753325,3.0,-3.0,-79.0
1777891944.9853325,3.0,0.0,-73.0
1777891944.9953325,3.0,1.0,-70.0
1777891945.0053325,3.0,0.0,-80.0
1777891945.0153325,6.0,0.0,-76.0
1777891945.0253325,0.0,-3.0,-73.0
1777891945.0353324,-4.0,-9.0,-71.0
1777891945.0453324,-4.0,-8.0,-69.0
1777891945.0553324,0.0,-6.0,-65.0
1777891945.0653324,0.0,-9.0,-66.0
1777891945.0753324,0.0,-6.0,-68.0
1777891945.0853324,1.0,-8.0,-73.0
1777891945.0953324,1.0,-8.0,-70.0
1777891945.1053324,-3.0,-6.0,-76.0
1777891945.1153324,-1.0,-3.0,-74.0
1777891945.1253324,0.0,-4.0,-76.0
1777891945.1353323,1.0,-5.0,-74.0
1777891945.1453323,0.0,-2.0,-66.0
1777891945.1553323,-2.0,0.0,-63.0
1777891945.1653323,0.0,-3.0,-63.0
1777891945.1753323,0.0,0.0,-56.0
1777891945.1853323,0.0,0.0,-57.0
1777891945.1953323,-1.0,1.0,-62.0
1777891945.2053325,0.0,0.0,-63.0
1777891945.2153325,-3.0,0.0,-64.0
1777891945.2253325,-7.0,-2.0,-62.0
1777891945.2353325,0.0,-3.0,-66.0
1777891945.2453325,0.0,-5.0,-67.0
1777891945.2553325,-5.0,-2.0,-68.0
1777891945.2653325,-3.0,0.0,-67.0
1777891945.2753325,-4.0,-2.0,-62.0
1777891945.2853324,-4.0,-2.0,-58.0
1777891945.2953324,-7.0,-1.0,-63.0
1777891945.3053324,-5.0,0.0,-64.0
1777891945.3153324,-1.0,0.0,-65.0
1777891945.3253324,0.0,1.0,-74.0
1777891945.3353324,0.0,3.0,-72.0
1777891945.3453324,2.0,2.0,-72.0
1777891945.3553324,0.0,3.0,-67.0
1777891945.3653324,0.0,1.0,-71.0
1777891945.3753324,1.0,1.0,-81.0
1777891945.3853323,0.0,5.0,-75.0
1777891945.3953323,3.0,5.0,-74.0
1777891945.4053323,4.0,4.0,-69.0
1777891945.4153323,2.0,0.0,-71.0
1777891945.4253323,2.0,4.0,-62.0
1777891945.4353323,-2.0,5.0,-62.0
1777891945.4453323,-2.0,7.0,-68.0
1777891945.4553325,-2.0,4.0,-67.0
1777891945.4653325,-3.0,0.0,-72.0
1777891945.4753325,-1.0,2.0,-70.0
1777891945.4853325,3.0,2.0,-81.0
1777891945.4953325,4.0,1.0,-80.0
1777891945.5053325,3.0,0.0,-83.0
1777891945.5153325,4.0,1.0,-78.0
1777891945.5253325,6.0,4.0,-75.0
1777891945.5353324,5.0,9.0,-75.0
1777891945.5453324,5.0,4.0,-75.0
1777891945.5553324,2.0,6.0,-69.0
1777891945.5653324,1.0,2.0,-68.0
1777891945.5753324,0.0,1.0,-69.0
1777891945.5853324,-2.0,0.0,-68.0
1777891945.5953324,-2.0,-1.0,-72.0
1777891945.6053324,-1.0,-3.0,-74.0
1777891945.6153324,-2.0,-3.0,-73.0
1777891945.6253324,0.0,-3.0,-75.0
1777891945.6353323,3.0,-5.0,-72.0
1777891945.6453323,5.0,-3.0,-70.0
1777891945.6553323,8.0,-6.0,-75.0
1777891945.6653323,6.0,-8.0,-70.0
1777891945.6753323,5.0,-7.0,-75.0
1777891945.6853323,1.0,-7.0,-76.0
1777891945.6953323,-1.0,-6.0,-74.0
1777891945.7053325,-2.0,-5.0,-76.0
1777891945.7153325,1.0,-2.0,-80.0
1777891945.7253325,4.0,-2.0,-72.0
1777891945.7353325,6.0,-5.0,-73.0
1777891945.7453325,5.0,-3.0,-74.0
1777891945.7553325,7.0,-1.0,-72.0
1777891945.7653325,3.0,-2.0,-79.0
1777891945.7753325,-1.0,-1.0,-76.0
1777891945.7853324,-2.0,-3.0,-69.0
1777891945.7953324,1.0,-6.0,-67.0
1777891945.8053324,2.0,-7.0,-65.0
1777891945.8153324,0.0,-5.0,-62.0
1777891945.8253324,0.0,-5.0,-60.0
1777891945.8353324,0.0,-2.0,-56.0
1777891945.8453324,-4.0,-1.0,-56.0
1777891945.8553324,-5.0,0.0,-65.0
1777891945.8653324,-5.0,-2.0,-67.0
1777891945.8753324,-4.0,-1.0,-66.0
1777891945.8853323,-1.0,-4.0,-72.0
1777891945.8953323,0.0,-4.0,-69.0
1777891945.9053323,-3.0,-3.0,-71.0
1777891945.9153323,-1.0,-5.0,-68.0
1777891945.9253323,-1.0,-2.0,-70.0
1777891945.9353323,-3.0,-4.0,-67.0
1777891945.9453323,-2.0,0.0,-67.0
1777891945.9553325,1.0,4.0,-68.0
1777891945.9653325,4.0,4.0,-73.0
1777891945.9753325,3.0,2.0,-72.0
1777891945.9853325,1.0,3.0,-72.0
1777891945.9953325,-8.0,3.0,-70.0
1777891946.0053325,-5.0,0.0,-71.0
1777891946.0153325,-7.0,0.0,-71.0
1777891946.0253325,-3.0,-2.0,-67.0
1777891946.0353324,0.0,-3.0,-67.0
1777891946.0453324,1.0,-3.0,-73.0
1777891946.0553324,1.0,0.0,-74.0
1777891946.0653324,-1.0,3.0,-72.0
1777891946.0753324,0.0,0.0,-72.0
1777891946.0853324,0.0,2.0,-76.0
1777891946.0953324,3.0,5.0,-69.0
1777891946.1053324,12.0,0.0,-69.0
1777891946.1153324,14.0,0.0,-69.0
1777891946.1253324,5.0,0.0,-62.0
1777891946.1353323,7.0,-4.0,-65.0
1777891946.1453323,8.0,-3.0,-68.0
1777891946.1553323,6.0,-5.0,-70.0
1777891946.1653323,4.0,-8.0,-75.0
1777891946.1753323,3.0,-5.0,-75.0
1777891946.1853323,3.0,-5.0,-78.0
1777891946.1953323,3.0,-3.0,-69.0
1777891946.2053325,1.0,-6.0,-64.0
1777891946.2153325,4.0,-1.0,-59.0
1777891946.2253325,1.0,-2.0,-64.0
1777891946.2353325,1.0,-3.0,-58.0
1777891946.2453325,3.0,-3.0,-61.0
1777891946.2553325,7.0,2.0,-64.0
1777891946.2653325,10.0,2.0,-69.0
1777891946.2753325,3.0,0.0,-71.0
1777891946.2853324,1.0,1.0,-76.0
1777891946.2953324,0.0,1.0,-81.0
1777891946.3053324,1.0,0.0,-76.0
1777891946.3153324,0.0,-4.0,-73.0
1777891946.3253324,0.0,-7.0,-73.0
1777891946.3353324,0.0,-9.0,-68.0
1777891946.3453324,-1.0,-6.0,-68.0
1777891946.3553324,1.0,-7.0,-63.0
1777891946.3653324,1.0,-9.0,-65.0
1777891946.3753324,1.0,-11.0,-60.0
1777891946.3853323,1.0,-9.0,-63.0
1777891946.3953323,2.0,-7.0,-72.0
1777891946.4053323,1.0,-7.0,-75.0
1777891946.4153323,1.0,-3.0,-76.0
1777891946.4253323,1.0,-5.0,-75.0
1777891946.4353323,3.0,-4.0,-81.0
1777891946.4453323,0.0,0.0,-82.0
1777891946.4553325,-2.0,0.0,-76.0
1777891946.4653325,-5.0,-2.0,-68.0
1777891946.4753325,-6.0,-2.0,-69.0
1777891946.4853325,-4.0,-4.0,-70.0
1777891946.4953325,-4.0,-5.0,-73.0
1777891946.5053325,-2.0,2.0,-80.0
1777891946.5153325,-2.0,1.0,-78.0
1777891946.5253325,-2.0,1.0,-74.0
1777891946.5353324,-3.0,-1.0,-70.0
1777891946.5453324,-2.0,-3.0,-74.0
1777891946.5553324,0.0,4.0,-83.0
1777891946.5653324,-1.0,5.0,-83.0
1777891946.5753324,0.0,1.0,-76.0
1777891946.5853324,0.0,2.0,-73.0
1777891946.5953324,-2.0,4.0,-77.0
1777891946.6053324,1.0,-1.0,-70.0
1777891946.6153324,8.0,-2.0,-63.0
1777891946.6253324,4.0,-5.0,-66.0
1777891946.6353323,4.0,0.0,-63.0
1777891946.6453323,3.0,0.0,-66.0
1777891946.6553323,0.0,0.0,-70.0
1777891946.6653323,-2.0,-1.0,-73.0
1777891946.6753323,-3.0,0.0,-71.0
1777891946.6853323,0.0,-2.0,-66.0
1777891946.6953323,2.0,-1.0,-62.0
1777891946.7053325,1.0,-2.0,-68.0
1777891946.7153325,5.0,0.0,-70.0
1777891946.7253325,6.0,4.0,-68.0
1777891946.7353325,7.0,4.0,-69.0
1777891946.7453325,6.0,3.0,-72.0
1777891946.7553325,6.0,6.0,-73.0
1777891946.7653325,4.0,2.0,-72.0
1777891946.7763324,0.0,-4.0,-79.0
1777891946.7863324,-3.0,-10.0,-85.0
1777891946.7963324,-1.0,-6.0,-82.0
1777891946.8063323,3.0,-6.0,-73.0
1777891946.8163323,14.0,-3.0,-76.0
1777891946.8263323,10.0,-3.0,-77.0
1777891946.8363323,8.0,2.0,-67.0
1777891946.8463323,6.0,4.0,-67.0
1777891946.8563323,-2.0,3.0,-71.0
1777891946.8663323,0.0,2.0,-77.0
1777891946.8763323,2.0,2.0,-81.0
1777891946.8863325,2.0,5.0,-73.0
1777891946.8963325,1.0,2.0,-74.0
1777891946.9063325,4.0,0.0,-76.0
1777891946.9163325,2.0,0.0,-69.0
1777891946.9263325,0.0,-3.0,-74.0
1777891946.9363325,2.0,0.0,-71.0
1777891946.9463325,3.0,1.0,-69.0
1777891946.9563324,3.0,1.0,-66.0
1777891946.9663324,4.0,3.0,-74.0
1777891946.9763324,5.0,2.0,-73.0
1777891946.9863324,3.0,0.0,-73.0
1777891946.9963324,1.0,-3.0,-70.0
1777891947.0063324,0.0,-2.0,-73.0
1777891947.0163324,-1.0,0.0,-73.0
1777891947.0263324,3.0,1.0,-67.0
1777891947.0363324,2.0,1.0,-61.0
1777891947.0463324,0.0,0.0,-64.0
1777891947.0563323,0.0,0.0,-66.0
1777891947.0663323,1.0,0.0,-69.0
1777891947.0763323,1.0,0.0,-65.0
1777891947.0863323,1.0,0.0,-72.0
1777891947.0963323,2.0,3.0,-73.0
1777891947.1063323,2.0,3.0,-74.0
1777891947.1163323,0.0,3.0,-72.0
1777891947.1263323,0.0,2.0,-73.0
1777891947.1363325,-1.0,3.0,-74.0
1777891947.1463325,1.0,-2.0,-72.0
1777891947.1563325,4.0,-1.0,-78.0
1777891947.1663325,3.0,-1.0,-79.0
1777891947.1763325,7.0,-2.0,-73.0
1777891947.1863325,4.0,-1.0,-68.0
1777891947.1963325,0.0,1.0,-61.0
1777891947.2063324,-3.0,3.0,-66.0
1777891947.2163324,-1.0,4.0,-67.0
1777891947.2263324,0.0,5.0,-66.0
1777891947.2363324,-4.0,4.0,-71.0
1777891947.2463324,0.0,5.0,-69.0
1777891947.2563324,-2.0,8.0,-69.0
1777891947.2663324,-4.0,5.0,-70.0
1777891947.2763324,-3.0,8.0,-72.0
1777891947.2863324,0.0,2.0,-71.0
1777891947.2963324,-3.0,2.0,-69.0
1777891947.3063323,-2.0,5.0,-68.0
1777891947.3163323,0.0,2.0,-64.0
1777891947.3263323,-2.0,0.0,-68.0
1777891947.3363323,0.0,-4.0,-70.0
1777891947.3463323,-5.0,-3.0,-77.0
1777891947.3563323,-3.0,-2.0,-81.0
1777891947.3663323,-1.0,-2.0,-87.0
1777891947.3763323,1.0,-1.0,-84.0
1777891947.3863325,5.0,-5.0,-78.0
1777891947.3963325,7.0,-5.0,-74.0
1777891947.4063325,6.0,-6.0,-69.0
1777891947.4163325,7.0,-5.0,-61.0
1777891947.4263325,8.0,-2.0,-60.0
1777891947.4363325,9.0,-2.0,-65.0
1777891947.4463325,7.0,-3.0,-67.0
1777891947.4563324,6.0,-5.0,-73.0
1777891947.4663324,6.0,-6.0,-69.0
1777891947.4763324,7.0,-3.0,-72.0
1777891947.4863324,5.0,-2.0,-72.0
1777891947.4963324,2.0,-2.0,-79.0
1777891947.5063324,4.0,-3.0,-81.0
1777891947.5163324,5.0,-2.0,-90.0
1777891947.5263324,9.0,-5.0,-88.0
1777891947.5363324,7.0,-1.0,-78.0
1777891947.5463324,8.0,-2.0,-78.0
1777891947.5563323,6.0,-4.0,-76.0
1777891947.5663323,7.0,-2.0,-74.0
1777891947.5763323,7.0,-1.0,-68.0
1777891947.5863323,6.0,-1.0,-73.0
1777891947.5963323,9.0,-6.0,-78.0
1777891947.6063323,7.0,-6.0,-71.0
1777891947.6163323,3.0,-3.0,-75.0
1777891947.6263323,0.0,-5.0,-75.0
1777891947.6363325,1.0,-2.0,-73.0
1777891947.6463325,5.0,-2.0,-75.0
1777891947.6563325,6.0,-2.0,-77.0
1777891947.6663325,2.0,0.0,-71.0
1777891947.6763325,0.0,-1.0,-70.0
1777891947.6863325,-4.0,-3.0,-69.0
1777891947.6963325,-5.0,-2.0,-72.0
1777891947.7063324,-9.0,-3.0,-76.0
1777891947.7163324,-7.0,-4.0,-75.0
1777891947.7263324,-4.0,-3.0,-75.0
1777891947.7363324,-8.0,-3.0,-75.0
1777891947.7463324,-4.0,-4.0,-78.0
1777891947.7563324,-2.0,0.0,-75.0
1777891947.7663324,-4.0,0.0,-72.0
1777891947.7763324,-4.0,0.0,-78.0
1777891947.7863324,-1.0,0.0,-75.0
1777891947.7963324,-2.0,2.0,-74.0
1777891947.8063323,0.0,3.0,-72.0
1777891947.8163323,1.0,1.0,-72.0
1777891947.8263323,3.0,2.0,-72.0
1777891947.8363323,0.0,-1.0,-73.0
1777891947.8463323,2.0,0.0,-78.0
1777891947.8563323,3.0,0.0,-77.0
1777891947.8663323,3.0,-1.0,-71.0
1777891947.8763323,1.0,-1.0,-71.0
1777891947.8863325,2.0,1.0,-70.0
1777891947.8963325,-2.0,3.0,-74.0
1777891947.9063325,-1.0,2.0,-76.0
1777891947.9163325,-4.0,-1.0,-79.0
1777891947.9263325,-3.0,-3.0,-76.0
1777891947.9363325,-8.0,-2.0,-83.0
1777891947.9463325,0.0,-3.0,-82.0
1777891947.9563324,-2.0,-1.0,-81.0
1777891947.9663324,2.0,-2.0,-76.0
1777891947.9763324,8.0,-4.0,-79.0
1777891947.9863324,7.0,-5.0,-75.0
1777891947.9963324,5.0,-3.0,-71.0
1777891948.0063324,6.0,-5.0,-76.0
1777891948.0163324,3.0,-4.0,-75.0
1777891948.0263324,1.0,-4.0,-77.0
1777891948.0363324,3.0,-1.0,-80.0
1777891948.0463324,4.0,1.0,-74.0
1777891948.0563323,3.0,0.0,-72.0
1777891948.0663323,-3.0,0.0,-63.0
1777891948.0763323,-1.0,-3.0,-59.0
1777891948.0863323,1.0,-6.0,-61.0
1777891948.0963323,-1.0,-7.0,-61.0
1777891948.1063323,0.0,-8.0,-60.0
1777891948.1163323,1.0,-6.0,-64.0
1777891948.1263323,0.0,-1.0,-71.0
1777891948.1363325,1.0,0.0,-75.0
1777891948.1463325,7.0,-3.0,-72.0
1777891948.1563325,7.0,-6.0,-70.0
1777891948.1663325,11.0,-1.0,-72.0
1777891948.1763325,13.0,0.0,-76.0
1777891948.1863325,13.0,0.0,-83.0
1777891948.1963325,11.0,0.0,-86.0
1777891948.2063324,12.0,4.0,-75.0
1777891948.2163324,9.0,4.0,-74.0
1777891948.2263324,2.0,3.0,-77.0
1777891948.2363324,-1.0,2.0,-77.0
1777891948.2463324,-2.0,1.0,-75.0
1777891948.2563324,-4.0,0.0,-67.0
1777891948.2663324,-6.0,-5.0,-71.0
1777891948.2763324,-3.0,-3.0,-71.0
1777891948.2863324,-3.0,-4.0,-72.0
1777891948.2963324,-4.0,-3.0,-69.0
1777891948.3063323,-5.0,-9.0,-76.0
1777891948.3163323,-5.0,-7.0,-72.0
1777891948.3263323,-7.0,-3.0,-71.0
1777891948.3363323,-3.0,-6.0,-68.0
1777891948.3463323,-8.0,-1.0,-77.0
1777891948.3563323,-5.0,3.0,-81.0
1777891948.3663323,-3.0,4.0,-81.0
1777891948.3763323,-4.0,7.0,-81.0
1777891948.3863325,-2.0,7.0,-78.0
1777891948.3963325,-4.0,5.0,-71.0
1777891948.4063325,-7.0,8.0,-71.0
1777891948.4163325,-5.0,4.0,-74.0
1777891948.4263325,-2.0,0.0,-70.0
1777891948.4363325,-3.0,0.0,-71.0
1777891948.4463325,-2.0,0.0,-73.0
1777891948.4563324,-2.0,1.0,-72.0
1777891948.4663324,0.0,-2.0,-67.0
1777891948.4763324,1.0,-5.0,-66.0
1777891948.4863324,3.0,-7.0,-62.0
1777891948.4963324,5.0,-5.0,-63.0
1777891948.5063324,8.0,-6.0,-67.0
1777891948.5163324,10.0,-3.0,-69.0
1777891948.5263324,5.0,1.0,-79.0
1777891948.5363324,6.0,2.0,-77.0
1777891948.5463324,8.0,5.0,-71.0
1777891948.5563323,7.0,2.0,-66.0
1777891948.5663323,2.0,4.0,-63.0
1777891948.5763323,6.0,7.0,-69.0
1777891948.5863323,3.0,7.0,-62.0
1777891948.5963323,4.0,7.0,-61.0
1777891948.6063323,4.0,7.0,-65.0
1777891948.6163323,5.0,3.0,-68.0
1777891948.6263323,-2.0,2.0,-72.0
1777891948.6363325,0.0,0.0,-75.0
1777891948.6463325,5.0,1.0,-69.0
1777891948.6563325,5.0,1.0,-69.0
1777891948.6663325,2.0,-1.0,-70.0
1777891948.6763325,3.0,-2.0,-76.0
1777891948.6863325,1.0,-1.0,-73.0
1777891948.6963325,0.0,-1.0,-74.0
1777891948.7063324,2.0,0.0,-77.0
1777891948.7163324,5.0,0.0,-79.0
1777891948.7263324,5.0,-3.0,-79.0
1777891948.7363324,6.0,-2.0,-80.0
1777891948.7463324,-1.0,-7.0,-84.0
1777891948.7573323,0.0,-6.0,-83.0
1777891948.7673323,-2.0,-5.0,-78.0
1777891948.7763324,0.0,-5.0,-75.0
1777891948.7863324,1.0,-4.0,-72.0
1777891948.7973323,2.0,0.0,-73.0
1777891948.8073325,3.0,0.0,-77.0
1777891948.8173325,2.0,0.0,-76.0
1777891948.8273325,3.0,-3.0,-77.0
1777891948.8373325,3.0,-2.0,-87.0
1777891948.8473325,2.0,0.0,-94.0
1777891948.8573325,4.0,2.0,-93.0
1777891948.8673325,4.0,5.0,-87.0
1777891948.8773324,4.0,10.0,-77.0
1777891948.8873324,7.0,7.0,-82.0
1777891948.8973324,4.0,0.0,-80.0
1777891948.9073324,3.0,-3.0,-76.0
1777891948.9173324,5.0,-4.0,-76.0
1777891948.9273324,8.0,-4.0,-81.0
1777891948.9373324,3.0,-4.0,-81.0
1777891948.9473324,4.0,-3.0,-79.0
1777891948.9573324,4.0,-2.0,-77.0
1777891948.9673324,-1.0,0.0,-85.0
1777891948.9773324,0.0,0.0,-81.0
1777891948.9873323,2.0,4.0,-75.0
1777891948.9973323,1.0,5.0,-68.0
1777891949.0073323,1.0,0.0,-61.0
1777891949.0173323,0.0,-1.0,-64.0
1777891949.0273323,-3.0,0.0,-66.0
1777891949.0373323,-2.0,1.0,-63.0
1777891949.0473323,-3.0,0.0,-63.0
1777891949.0573325,-3.0,4.0,-72.0
1777891949.0673325,-2.0,4.0,-76.0
1777891949.0773325,-4.0,4.0,-77.0
1777891949.0873325,-4.0,5.0,-75.0
1777891949.0973325,-2.0,7.0,-75.0
1777891949.1073325,0.0,3.0,-77.0
1777891949.1173325,-1.0,4.0,-82.0
1777891949.1273324,1.0,0.0,-78.0
1777891949.1373324,0.0,4.0,-76.0
1777891949.1473324,-1.0,0.0,-78.0
1777891949.1573324,-3.0,-1.0,-81.0
1777891949.1673324,-3.0,0.0,-82.0
1777891949.1773324,0.0,-2.0,-80.0
1777891949.1873324,1.0,0.0,-77.0
1777891949.1973324,-3.0,0.0,-75.0
1777891949.2073324,1.0,0.0,-72.0
1777891949.2173324,0.0,-1.0,-73.0
1777891949.2273324,-1.0,-4.0,-72.0
1777891949.2373323,-1.0,-5.0,-73.0
1777891949.2473323,-1.0,-9.0,-75.0
1777891949.2573323,4.0,-7.0,-73.0
1777891949.2673323,7.0,-5.0,-71.0
1777891949.2773323,6.0,-4.0,-73.0
1777891949.2873323,8.0,0.0,-79.0
1777891949.2973323,3.0,3.0,-82.0
1777891949.3073325,10.0,4.0,-82.0
1777891949.3173325,4.0,3.0,-83.0
1777891949.3273325,2.0,5.0,-79.0
1777891949.3373325,0.0,10.0,-74.0
1777891949.3473325,2.0,6.0,-68.0
1777891949.3573325,-1.0,5.0,-67.0
1777891949.3673325,-5.0,4.0,-67.0
1777891949.3773324,-5.0,4.0,-73.0
1777891949.3873324,2.0,2.0,-68.0
1777891949.3973324,3.0,2.0,-69.0
1777891949.4073324,3.0,1.0,-70.0
1777891949.4173324,2.0,2.0,-70.0
1777891949.4273324,4.0,2.0,-74.0
1777891949.4373324,4.0,3.0,-75.0
1777891949.4473324,1.0,4.0,-78.0
1777891949.4573324,0.0,4.0,-72.0
1777891949.4673324,-1.0,0.0,-69.0
1777891949.4773324,-2.0,0.0,-68.0
1777891949.4873323,2.0,0.0,-63.0
1777891949.4973323,5.0,0.0,-65.0
1777891949.5073323,0.0,-1.0,-67.0
1777891949.5173323,-2.0,0.0,-62.0
1777891949.5273323,-2.0,0.0,-63.0
1777891949.5373323,-4.0,0.0,-62.0
1777891949.5473323,-6.0,2.0,-68.0
1777891949.5573325,-3.0,2.0,-64.0
1777891949.5673325,-7.0,0.0,-68.0
1777891949.5773325,-4.0,0.0,-67.0
1777891949.5873325,-4.0,0.0,-68.0
1777891949.5973325,-6.0,2.0,-71.0
1777891949.6073325,-2.0,2.0,-70.0
1777891949.6173325,-8.0,0.0,-78.0
1777891949.6273324,-10.0,-2.0,-83.0
1777891949.6373324,-4.0,-4.0,-80.0
1777891949.6473324,0.0,-1.0,-71.0
1777891949.6573324,-4.0,0.0,-65.0
1777891949.6673324,2.0,1.0,-66.0
1777891949.6773324,5.0,0.0,-68.0
1777891949.6873324,1.0,3.0,-66.0
1777891949.6973324,3.0,-1.0,-73.0
1777891949.7073324,4.0,-4.0,-76.0
1777891949.7173324,5.0,-3.0,-74.0
1777891949.7273324,5.0,1.0,-74.0
1777891949.7373323,2.0,1.0,-68.0
1777891949.7473323,4.0,1.0,-62.0
1777891949.7573323,4.0,2.0,-67.0
1777891949.7673323,5.0,7.0,-72.0
1777891949.7773323,6.0,5.0,-79.0
1777891949.7873323,8.0,2.0,-79.0
1777891949.7973323,4.0,-1.0,-80.0
1777891949.8073325,0.0,3.0,-83.0
1777891949.8173325,0.0,4.0,-80.0
1777891949.8273325,1.0,-1.0,-77.0
1777891949.8373325,0.0,-1.0,-78.0
1777891949.8473325,3.0,1.0,-79.0
1777891949.8573325,4.0,0.0,-85.0
1777891949.8673325,3.0,4.0,-84.0
1777891949.8773324,1.0,6.0,-83.0
1777891949.8873324,1.0,11.0,-79.0
1777891949.8973324,-3.0,4.0,-75.0
1777891949.9073324,-2.0,5.0,-73.0
1777891949.9173324,-2.0,3.0,-70.0
1777891949.9273324,-3.0,-1.0,-67.0
1777891949.9373324,-1.0,2.0,-67.0
1777891949.9473324,-2.0,1.0,-68.0
1777891949.9573324,-4.0,1.0,-70.0
1777891949.9673324,-8.0,-2.0,-69.0
1777891949.9773324,-8.0,-4.0,-77.0
1777891949.9873323,-5.0,-3.0,-73.0
1777891949.9973323,-3.0,-6.0,-70.0
1777891950.0073323,0.0,-8.0,-65.0
1777891950.0173323,-3.0,-7.0,-66.0
1777891950.0273323,2.0,-8.0,-69.0
1777891950.0373323,2.0,-6.0,-68.0
1777891950.0473323,3.0,-5.0,-73.0
1777891950.0573325,4.0,-2.0,-69.0
1777891950.0673325,2.0,-1.0,-71.0
1777891950.0773325,0.0,-1.0,-78.0
1777891950.0873325,3.0,0.0,-78.0
1777891950.0973325,2.0,-3.0,-70.0
1777891950.1073325,1.0,0.0,-69.0
1777891950.1173325,1.0,4.0,-74.0
1777891950.1273324,3.0,4.0,-73.0
1777891950.1373324,4.0,5.0,-69.0
1777891950.1473324,5.0,7.0,-69.0
1777891950.1573324,2.0,4.0,-71.0
1777891950.1673324,-3.0,0.0,-72.0
1777891950.1773324,-5.0,0.0,-72.0
1777891950.1873324,-2.0,2.0,-66.0
1777891950.1973324,2.0,4.0,-70.0
1777891950.2073324,-1.0,2.0,-71.0
1777891950.2173324,-1.0,1.0,-77.0
1777891950.2273324,-5.0,-2.0,-81.0
1777891950.2373323,-2.0,0.0,-79.0
1777891950.2473323,-1.0,0.0,-74.0
1777891950.2573323,-1.0,2.0,-65.0
1777891950.2673323,0.0,1.0,-64.0
1777891950.2773323,3.0,-3.0,-71.0
1777891950.2873323,1.0,-7.0,-70.0
1777891950.2973323,0.0,-5.0,-74.0
1777891950.3073325,-2.0,-2.0,-79.0
1777891950.3173325,-1.0,-2.0,-77.0
1777891950.3273325,-3.0,-3.0,-70.0
1777891950.3373325,0.0,-1.0,-70.0
1777891950.3473325,4.0,-1.0,-71.0
1777891950.3573325,5.0,-5.0,-72.0
1777891950.3673325,1.0,-9.0,-76.0
1777891950.3773324,0.0,-8.0,-76.0
1777891950.3873324,0.0,-3.0,-69.0
1777891950.3973324,-2.0,-1.0,-70.0
1777891950.4073324,-4.0,0.0,-71.0
1777891950.4173324,-2.0,1.0,-71.0
1777891950.4273324,0.0,2.0,-71.0
1777891950.4373324,-3.0,-4.0,-73.0
1777891950.4473324,-3.0,0.0,-74.0
1777891950.4573324,-3.0,-6.0,-73.0
1777891950.4673324,1.0,-3.0,-71.0
1777891950.4773324,0.0,1.0,-70.0
1777891950.4873323,4.0,2.0,-64.0
1777891950.4973323,6.0,1.0,-66.0
1777891950.5073323,5.0,-2.0,-61.0
1777891950.5173323,3.0,-3.0,-57.0
1777891950.5273323,3.0,-1.0,-56.0
1777891950.5373323,2.0,-2.0,-60.0
1777891950.5473323,3.0,-1.0,-58.0
1777891950.5573325,5.0,-3.0,-56.0
1777891950.5673325,5.0,-5.0,-61.0
1777891950.5773325,5.0,-3.0,-64.0
1777891950.5873325,6.0,0.0,-67.0
1777891950.5973325,6.0,1.0,-73.0
1777891950.6073325,7.0,0.0,-71.0
1777891950.6173325,0.0,3.0,-72.0
1777891950.6273324,-1.0,1.0,-71.0
1777891950.6373324,0.0,-1.0,-74.0
1777891950.6473324,-3.0,-2.0,-76.0
1777891950.6573324,-5.0,-1.0,-71.0
1777891950.6673324,-1.0,0.0,-70.0
1777891950.6773324,2.0,-1.0,-67.0
1777891950.6873324,0.0,-3.0,-64.0
1777891950.6973324,-4.0,-2.0,-60.0
1777891950.7073324,-5.0,-3.0,-64.0
1777891950.7173324,-4.0,-5.0,-65.0
1777891950.7273324,-2.0,-6.0,-65.0
1777891950.7373323,-9.0,-1.0,-67.0
1777891950.7483325,-9.0,-1.0,-66.0
1777891950.7573323,-7.0,-2.0,-66.0
1777891950.7683325,-4.0,-4.0,-61.0
1777891950.7783325,-2.0,-1.0,-63.0
1777891950.7883325,0.0,2.0,-66.0
1777891950.7983325,0.0,0.0,-71.0
1777891950.8083324,-1.0,4.0,-75.0
1777891950.8183324,-3.0,5.0,-73.0
1777891950.8283324,-2.0,7.0,-73.0
1777891950.8383324,-6.0,5.0,-67.0
1777891950.8483324,-6.0,-2.0,-69.0
1777891950.8583324,-4.0,-6.0,-68.0
1777891950.8683324,-9.0,-5.0,-68.0
1777891950.8783324,-6.0,-2.0,-70.0
1777891950.8883324,-2.0,-2.0,-69.0
1777891950.8983324,-6.0,-5.0,-74.0
1777891950.9083323,-5.0,-10.0,-83.0
1777891950.9183323,-4.0,-8.0,-81.0
1777891950.9283323,-3.0,-5.0,-75.0
1777891950.9383323,-1.0,-7.0,-70.0
1777891950.9483323,0.0,-6.0,-69.0
1777891950.9583323,0.0,-8.0,-69.0
1777891950.9683323,-1.0,-9.0,-63.0
1777891950.9783323,-4.0,-5.0,-65.0
1777891950.9883325,-7.0,-3.0,-67.0
1777891950.9983325,-3.0,-1.0,-66.0
1777891951.0083325,1.0,-1.0,-68.0
1777891951.0183325,4.0,-3.0,-68.0
1777891951.0283325,2.0,-3.0,-69.0
1777891951.0383325,0.0,-2.0,-70.0
1777891951.0483325,2.0,1.0,-67.0
1777891951.0583324,1.0,1.0,-67.0
1777891951.0683324,0.0,0.0,-66.0
1777891951.0783324,3.0,0.0,-63.0
1777891951.0883324,3.0,-4.0,-59.0
1777891951.0983324,0.0,-4.0,-59.0
1777891951.1083324,-2.0,0.0,-59.0
1777891951.1183324,-2.0,3.0,-59.0
1777891951.1283324,-2.0,-1.0,-65.0
1777891951.1383324,-4.0,0.0,-66.0
1777891951.1483324,-3.0,-2.0,-66.0
1777891951.1583323,0.0,-4.0,-68.0
1777891951.1683323,-5.0,-6.0,-69.0
1777891951.1783323,-4.0,-6.0,-75.0
1777891951.1883323,-6.0,-2.0,-83.0
1777891951.1983323,-8.0,-1.0,-82.0
1777891951.2083323,-6.0,-2.0,-82.0
1777891951.2183323,-3.0,-5.0,-80.0
1777891951.2283323,-2.0,0.0,-82.0
1777891951.2383325,0.0,1.0,-79.0
1777891951.2483325,-1.0,0.0,-74.0
1777891951.2583325,-2.0,-1.0,-74.0
1777891951.2683325,-3.0,-2.0,-69.0
1777891951.2783325,1.0,-2.0,-67.0
1777891951.2883325,1.0,0.0,-68.0
1777891951.2983325,-1.0,0.0,-72.0
1777891951.3083324,0.0,-4.0,-76.0
1777891951.3183324,1.0,-6.0,-81.0
1777891951.3283324,0.0,-4.0,-81.0
1777891951.3383324,-2.0,-2.0,-80.0
1777891951.3483324,3.0,0.0,-75.0
1777891951.3583324,5.0,1.0,-68.0
1777891951.3683324,0.0,1.0,-70.0
1777891951.3783324,-1.0,2.0,-65.0
1777891951.3883324,-3.0,0.0,-63.0
1777891951.3983324,0.0,-3.0,-65.0
1777891951.4083323,0.0,-3.0,-66.0
1777891951.4183323,0.0,-4.0,-66.0
1777891951.4283323,-2.0,-3.0,-64.0
1777891951.4383323,0.0,-5.0,-67.0
1777891951.4483323,1.0,-4.0,-61.0
1777891951.4583323,-5.0,-3.0,-63.0
1777891951.4683323,-4.0,1.0,-61.0
1777891951.4783323,-5.0,2.0,-70.0
1777891951.4883325,-8.0,0.0,-73.0
1777891951.4983325,-5.0,0.0,-69.0
1777891951.5083325,-4.0,0.0,-72.0
1777891951.5183325,-4.0,0.0,-80.0
1777891951.5283325,-3.0,2.0,-87.0
1777891951.5383325,1.0,3.0,-82.0
1777891951.5483325,0.0,2.0,-81.0
1777891951.5583324,4.0,0.0,-76.0
1777891951.5683324,8.0,-3.0,-72.0
1777891951.5783324,6.0,1.0,-76.0
1777891951.5883324,5.0,1.0,-71.0
1777891951.5983324,9.0,2.0,-73.0
1777891951.6083324,8.0,-2.0,-81.0
1777891951.6183324,10.0,1.0,-77.0
1777891951.6283324,9.0,0.0,-69.0
1777891951.6383324,1.0,-2.0,-69.0
1777891951.6483324,-3.0,-3.0,-76.0
1777891951.6583323,-3.0,0.0,-74.0
1777891951.6683323,-1.0,-1.0,-79.0
1777891951.6783323,-5.0,0.0,-82.0
1777891951.6883323,-6.0,0.0,-73.0
1777891951.6983323,-4.0,0.0,-73.0
1777891951.7083323,-1.0,0.0,-74.0
1777891951.7183323,-1.0,0.0,-76.0
1777891951.7283323,0.0,0.0,-75.0
1777891951.7383325,-2.0,2.0,-76.0
1777891951.7483325,-5.0,2.0,-78.0
1777891951.7583325,-2.0,5.0,-71.0
1777891951.7683325,0.0,3.0,-74.0
1777891951.7783325,4.0,2.0,-76.0
1777891951.7883325,8.0,2.0,-70.0
1777891951.7983325,7.0,1.0,-72.0
1777891951.8083324,6.0,0.0,-73.0
1777891951.8183324,8.0,1.0,-74.0
1777891951.8283324,2.0,3.0,-78.0
1777891951.8383324,3.0,1.0,-79.0
1777891951.8483324,3.0,0.0,-76.0
1777891951.8583324,2.0,1.0,-74.0
1777891951.8683324,2.0,0.0,-67.0
1777891951.8783324,2.0,0.0,-61.0
1777891951.8883324,2.0,1.0,-54.0
1777891951.8983324,5.0,2.0,-54.0
1777891951.9083323,3.0,1.0,-61.0
1777891951.9183323,3.0,0.0,-66.0
1777891951.9283323,1.0,0.0,-66.0
1777891951.9383323,2.0,-1.0,-68.0
1777891951.9483323,2.0,0.0,-68.0
1777891951.9583323,2.0,-3.0,-74.0
1777891951.9683323,-2.0,-5.0,-77.0
1777891951.9783323,-3.0,-5.0,-79.0
1777891951.9883325,0.0,-4.0,-75.0
1777891951.9983325,1.0,-5.0,-71.0
1777891952.0083325,4.0,-2.0,-63.0
1777891952.0183325,3.0,-3.0,-68.0
1777891952.0283325,0.0,1.0,-73.0
1777891952.0383325,-2.0,4.0,-70.0
1777891952.0483325,-6.0,6.0,-66.0
1777891952.0583324,-3.0,2.0,-63.0
1777891952.0683324,1.0,3.0,-72.0
1777891952.0783324,2.0,1.0,-72.0
1777891952.0883324,2.0,0.0,-72.0
1777891952.0983324,1.0,-1.0,-70.0
1777891952.1083324,-2.0,0.0,-66.0
1777891952.1183324,-1.0,0.0,-61.0
1777891952.1283324,1.0,-2.0,-56.0
1777891952.1383324,-1.0,-3.0,-58.0
1777891952.1483324,-1.0,-4.0,-66.0
1777891952.1583323,-2.0,0.0,-75.0
1777891952.1683323,-4.0,-4.0,-75.0
1777891952.1783323,-6.0,-4.0,-76.0
1777891952.1883323,-2.0,-1.0,-74.0
1777891952.1983323,0.0,1.0,-75.0
1777891952.2083323,1.0,0.0,-77.0
1777891952.2193325,1.0,0.0,-70.0
1777891952.2283323,2.0,0.0,-76.0
1777891952.2383325,0.0,0.0,-74.0
1777891952.2483325,0.0,-1.0,-74.0
1777891952.2583325,-3.0,0.0,-68.0
1777891952.2683325,2.0,-2.0,-70.0
1777891952.2783325,0.0,0.0,-70.0
1777891952.2883325,0.0,0.0,-70.0
1777891952.2983325,3.0,-3.0,-71.0
1777891952.3083324,2.0,0.0,-71.0
1777891952.3183324,-1.0,1.0,-69.0
1777891952.3283324,-3.0,1.0,-75.0
1777891952.3383324,-3.0,3.0,-73.0
1777891952.3483324,-3.0,2.0,-68.0
1777891952.3583324,-6.0,5.0,-67.0
1777891952.3683324,-2.0,4.0,-60.0
1777891952.3783324,-1.0,0.0,-68.0
1777891952.3883324,4.0,0.0,-70.0
1777891952.3983324,2.0,0.0,-66.0
1777891952.4083323,0.0,-3.0,-65.0
1777891952.4183323,1.0,-2.0,-64.0
1777891952.4283323,-2.0,-3.0,-65.0
1777891952.4383323,-1.0,0.0,-71.0
1777891952.4483323,3.0,1.0,-77.0
1777891952.4583323,2.0,0.0,-79.0
1777891952.4683323,5.0,-4.0,-75.0
1777891952.4783323,3.0,-3.0,-74.0
1777891952.4883325,4.0,-4.0,-74.0
1777891952.4983325,-2.0,-6.0,-72.0
1777891952.5083325,-3.0,-5.0,-67.0
1777891952.5183325,-4.0,-7.0,-60.0
1777891952.5283325,-3.0,-11.0,-64.0
1777891952.5383325,-2.0,-13.0,-63.0
1777891952.5483325,-3.0,-12.0,-65.0
1777891952.5583324,3.0,-10.0,-67.0
1777891952.5683324,5.0,-6.0,-70.0
1777891952.5783324,3.0,-6.0,-68.0
1777891952.5883324,0.0,-5.0,-70.0
1777891952.5983324,0.0,-5.0,-69.0
1777891952.6083324,5.0,-7.0,-65.0
1777891952.6183324,4.0,-7.0,-57.0
1777891952.6283324,3.0,-4.0,-60.0
1777891952.6383324,0.0,-5.0,-59.0
1777891952.6483324,-2.0,-6.0,-63.0
1777891952.6583323,0.0,-3.0,-66.0
1777891952.6683323,0.0,-3.0,-70.0
1777891952.6783323,-2.0,3.0,-75.0
1777891952.6883323,0.0,4.0,-74.0
1777891952.6983323,0.0,0.0,-82.0
1777891952.7083323,-2.0,2.0,-80.0
1777891952.7183323,1.0,4.0,-73.0
1777891952.7283323,0.0,1.0,-70.0
1777891952.7393324,4.0,0.0,-66.0
1777891952.7493324,1.0,1.0,-71.0
1777891952.7593324,-1.0,0.0,-74.0
1777891952.7693324,7.0,-2.0,-75.0
1777891952.7793324,4.0,-2.0,-74.0
1777891952.7893324,4.0,0.0,-73.0
1777891952.7993324,2.0,-1.0,-76.0
1777891952.8093324,0.0,-1.0,-73.0
1777891952.8193324,0.0,-5.0,-75.0
1777891952.8293324,2.0,-2.0,-74.0
1777891952.8393323,0.0,-2.0,-74.0
1777891952.8493323,-1.0,-2.0,-75.0
1777891952.8593323,4.0,-1.0,-71.0
1777891952.8693323,2.0,-4.0,-64.0
1777891952.8793323,-1.0,-6.0,-72.0
1777891952.8893323,-4.0,-5.0,-72.0
1777891952.8993323,1.0,-4.0,-71.0
1777891952.9093325,7.0,-6.0,-74.0
1777891952.9193325,9.0,-2.0,-70.0
1777891952.9293325,10.0,0.0,-66.0
1777891952.9393325,4.0,1.0,-70.0
1777891952.9493325,0.0,0.0,-68.0
1777891952.9593325,-3.0,-1.0,-68.0
1777891952.9693325,-2.0,-1.0,-76.0
1777891952.9793324,-2.0,0.0,-71.0
1777891952.9893324,-5.0,2.0,-70.0
1777891952.9993324,-1.0,0.0,-72.0
1777891953.0093324,-2.0,2.0,-74.0
1777891953.0193324,-3.0,6.0,-72.0
1777891953.0293324,0.0,8.0,-68.0
1777891953.0393324,0.0,4.0,-66.0
1777891953.0493324,1.0,5.0,-62.0
1777891953.0593324,6.0,4.0,-63.0
1777891953.0693324,1.0,4.0,-69.0
1777891953.0793324,4.0,6.0,-78.0
1777891953.0893323,5.0,5.0,-79.0
1777891953.0993323,6.0,4.0,-77.0
1777891953.1093323,2.0,3.0,-78.0
1777891953.1193323,1.0,1.0,-80.0
1777891953.1293323,1.0,4.0,-73.0
1777891953.1393323,2.0,5.0,-78.0
1777891953.1493323,4.0,5.0,-77.0
1777891953.1593325,1.0,4.0,-77.0
1777891953.1693325,0.0,7.0,-73.0
1777891953.1793325,4.0,3.0,-74.0
1777891953.1893325,3.0,-2.0,-76.0
1777891953.1993325,3.0,-5.0,-75.0
1777891953.2093325,2.0,-7.0,-74.0
1777891953.2193325,1.0,-3.0,-73.0
1777891953.2293324,1.0,-5.0,-76.0
1777891953.2393324,-1.0,-7.0,-80.0
1777891953.2493324,3.0,-5.0,-76.0
1777891953.2593324,0.0,-2.0,-77.0
1777891953.2693324,5.0,0.0,-74.0
1777891953.2793324,3.0,-1.0,-79.0
1777891953.2893324,0.0,0.0,-79.0
1777891953.2993324,0.0,1.0,-76.0
1777891953.3093324,0.0,3.0,-70.0
1777891953.3193324,-1.0,1.0,-69.0
1777891953.3293324,2.0,2.0,-62.0
1777891953.3393323,3.0,1.0,-67.0
1777891953.3493323,1.0,0.0,-66.0
1777891953.3593323,2.0,3.0,-63.0
1777891953.3693323,1.0,3.0,-60.0
1777891953.3793323,0.0,2.0,-61.0
1777891953.3893323,0.0,0.0,-58.0
1777891953.3993323,-8.0,0.0,-64.0
1777891953.4093325,-8.0,0.0,-65.0
1777891953.4193325,-12.0,-3.0,-65.0
1777891953.4293325,-10.0,-4.0,-65.0
1777891953.4393325,-7.0,0.0,-70.0
1777891953.4493325,0.0,0.0,-70.0
1777891953.4593325,1.0,-2.0,-73.0
1777891953.4693325,0.0,-3.0,-70.0
1777891953.4793324,1.0,0.0,-69.0
1777891953.4893324,4.0,2.0,-73.0
1777891953.4993324,4.0,3.0,-76.0
1777891953.5093324,-2.0,5.0,-73.0
1777891953.5193324,-4.0,5.0,-77.0
1777891953.5293324,-3.0,1.0,-86.0
1777891953.5393324,-1.0,-3.0,-91.0
1777891953.5493324,0.0,-9.0,-83.0
1777891953.5593324,0.0,-8.0,-72.0
1777891953.5693324,1.0,-5.0,-65.0
1777891953.5793324,7.0,-2.0,-70.0
1777891953.5893323,7.0,-2.0,-67.0
1777891953.5993323,7.0,-2.0,-60.0
1777891953.6093323,1.0,-3.0,-63.0
1777891953.6193323,1.0,-2.0,-63.0
1777891953.6293323,0.0,1.0,-62.0
1777891953.6393323,-1.0,0.0,-65.0
1777891953.6493323,-2.0,0.0,-62.0
1777891953.6593325,-2.0,1.0,-64.0
1777891953.6693325,-2.0,2.0,-69.0
1777891953.6793325,2.0,0.0,-72.0
1777891953.6893325,4.0,-2.0,-73.0
1777891953.6993325,0.0,-6.0,-73.0
1777891953.7093325,1.0,-2.0,-75.0
1777891953.7193325,0.0,3.0,-76.0
1777891953.7293324,5.0,5.0,-77.0
1777891953.7393324,4.0,0.0,-75.0
1777891953.7493324,5.0,0.0,-77.0
1777891953.7593324,6.0,-2.0,-77.0
1777891953.7693324,6.0,-4.0,-75.0
1777891953.7793324,1.0,-6.0,-78.0
1777891953.7893324,3.0,-5.0,-74.0
1777891953.7993324,5.0,-7.0,-73.0
1777891953.8093324,4.0,-7.0,-76.0
1777891953.8193324,8.0,-6.0,-79.0
1777891953.8293324,11.0,-8.0,-81.0
1777891953.8393323,4.0,-4.0,-81.0
1777891953.8493323,3.0,-1.0,-79.0
1777891953.8593323,0.0,-2.0,-81.0
1777891953.8693323,-2.0,-5.0,-81.0
1777891953.8793323,-2.0,-2.0,-74.0
1777891953.8893323,-4.0,0.0,-71.0
1777891953.8993323,1.0,-1.0,-65.0
1777891953.9093325,0.0,-2.0,-61.0
1777891953.9193325,-1.0,-1.0,-64.0
1777891953.9293325,0.0,0.0,-66.0
1777891953.9393325,-1.0,0.0,-65.0
1777891953.9493325,0.0,0.0,-64.0
1777891953.9593325,1.0,1.0,-62.0
1777891953.9693325,4.0,-1.0,-65.0
1777891953.9793324,1.0,0.0,-69.0
1777891953.9893324,5.0,0.0,-69.0
1777891953.9993324,4.0,0.0,-67.0
1777891954.0093324,3.0,2.0,-64.0
1777891954.0193324,3.0,6.0,-65.0
1777891954.0293324,4.0,6.0,-64.0
1777891954.0393324,3.0,1.0,-69.0
1777891954.0493324,0.0,0.0,-76.0
1777891954.0593324,3.0,7.0,-76.0
1777891954.0693324,6.0,8.0,-75.0
1777891954.0793324,4.0,7.0,-73.0
1777891954.0893323,0.0,8.0,-71.0
1777891954.0993323,0.0,8.0,-66.0
1777891954.1093323,1.0,4.0,-68.0
1777891954.1193323,1.0,6.0,-63.0
1777891954.1293323,0.0,6.0,-64.0
1777891954.1393323,-3.0,4.0,-75.0
1777891954.1493323,-5.0,4.0,-82.0
1777891954.1593325,-1.0,3.0,-82.0
1777891954.1693325,-1.0,2.0,-78.0
1777891954.1793325,0.0,3.0,-73.0
1777891954.1893325,-5.0,-1.0,-73.0
1777891954.1993325,-7.0,0.0,-75.0
1777891954.2093325,-8.0,-3.0,-71.0
1777891954.2193325,-9.0,1.0,-69.0
1777891954.2293324,-7.0,3.0,-72.0
1777891954.2393324,-6.0,5.0,-72.0
1777891954.2493324,-1.0,1.0,-77.0
1777891954.2593324,2.0,1.0,-76.0
1777891954.2693324,0.0,-1.0,-78.0
1777891954.2793324,2.0,-1.0,-82.0
1777891954.2893324,-1.0,-3.0,-86.0
1777891954.2993324,-3.0,-3.0,-80.0
1777891954.3093324,-6.0,-5.0,-73.0
1777891954.3193324,-1.0,-9.0,-77.0
1777891954.3293324,1.0,-8.0,-77.0
1777891954.3393323,1.0,-3.0,-72.0
1777891954.3493323,4.0,-2.0,-67.0
1777891954.3593323,4.0,-4.0,-70.0
1777891954.3693323,0.0,-3.0,-70.0
1777891954.3793323,-5.0,-5.0,-67.0
1777891954.3893323,0.0,-9.0,-72.0
1777891954.3993323,6.0,-7.0,-68.0
1777891954.4093325,5.0,-4.0,-72.0
1777891954.4193325,6.0,-7.0,-74.0
1777891954.4293325,6.0,-2.0,-76.0
1777891954.4393325,6.0,-4.0,-70.0
1777891954.4493325,7.0,1.0,-76.0
1777891954.4593325,8.0,3.0,-79.0
1777891954.4693325,9.0,3.0,-79.0
1777891954.4793324,7.0,1.0,-75.0
1777891954.4893324,2.0,-4.0,-71.0
1777891954.4993324,1.0,0.0,-84.0
1777891954.5093324,-1.0,2.0,-77.0
1777891954.5193324,-5.0,4.0,-69.0
1777891954.5293324,-4.0,2.0,-65.0
1777891954.5393324,-3.0,3.0,-62.0
1777891954.5493324,-4.0,-1.0,-63.0
1777891954.5593324,4.0,3.0,-63.0
1777891954.5693324,5.0,2.0,-64.0
1777891954.5793324,1.0,4.0,-71.0
1777891954.5893323,-2.0,3.0,-76.0
1777891954.5993323,-2.0,4.0,-76.0
1777891954.6093323,-1.0,3.0,-76.0
1777891954.6193323,-3.0,0.0,-79.0
1777891954.6293323,0.0,1.0,-75.0
1777891954.6393323,0.0,-2.0,-74.0
1777891954.6493323,4.0,1.0,-67.0
1777891954.6593325,3.0,3.0,-67.0
1777891954.6693325,5.0,0.0,-64.0
1777891954.6793325,3.0,3.0,-62.0
1777891954.6893325,2.0,6.0,-68.0
1777891954.6993325,4.0,4.0,-70.0
1777891954.7093325,2.0,4.0,-73.0
1777891954.7203324,-1.0,5.0,-71.0
1777891954.7293324,-4.0,2.0,-71.0
1777891954.7403324,-4.0,1.0,-71.0
1777891954.7503324,-3.0,0.0,-76.0
1777891954.7603323,-3.0,0.0,-74.0
1777891954.7703323,5.0,4.0,-79.0
1777891954.7803323,8.0,5.0,-75.0
1777891954.7903323,1.0,2.0,-73.0
1777891954.8003323,-1.0,0.0,-78.0
1777891954.8103323,2.0,-1.0,-80.0
1777891954.8203323,0.0,3.0,-70.0
1777891954.8303325,-4.0,4.0,-67.0
1777891954.8403325,-4.0,2.0,-68.0
1777891954.8503325,-3.0,2.0,-67.0
1777891954.8603325,-2.0,0.0,-68.0
1777891954.8703325,-2.0,6.0,-69.0
1777891954.8803325,0.0,2.0,-67.0
1777891954.8903325,-1.0,-1.0,-62.0
1777891954.9003325,-2.0,0.0,-63.0
1777891954.9103324,-3.0,3.0,-59.0
1777891954.9203324,0.0,0.0,-62.0
1777891954.9303324,-1.0,-2.0,-62.0
1777891954.9403324,-1.0,-3.0,-62.0
1777891954.9503324,0.0,0.0,-63.0
1777891954.9603324,2.0,0.0,-61.0
1777891954.9703324,3.0,0.0,-68.0
1777891954.9803324,3.0,3.0,-71.0
1777891954.9903324,3.0,0.0,-74.0
1777891955.0003324,2.0,0.0,-75.0
1777891955.0103323,0.0,2.0,-77.0
1777891955.0203323,0.0,2.0,-78.0
1777891955.0303323,-3.0,4.0,-71.0
1777891955.0403323,-3.0,6.0,-66.0
1777891955.0503323,-7.0,4.0,-69.0
1777891955.0603323,-5.0,3.0,-70.0
1777891955.0703323,-6.0,5.0,-72.0
1777891955.0803325,-1.0,-3.0,-77.0
1777891955.0903325,-5.0,-5.0,-75.0
1777891955.1003325,-5.0,-5.0,-77.0
1777891955.1103325,-9.0,-1.0,-67.0
1777891955.1203325,-6.0,1.0,-66.0
1777891955.1303325,-5.0,1.0,-60.0
1777891955.1403325,-3.0,4.0,-61.0
1777891955.1503325,-5.0,3.0,-70.0
1777891955.1603324,-4.0,0.0,-68.0
1777891955.1703324,-9.0,-1.0,-65.0
1777891955.1803324,-7.0,-3.0,-66.0
1777891955.1903324,-1.0,-4.0,-67.0
1777891955.2003324,0.0,-1.0,-67.0
1777891955.2103324,1.0,-2.0,-73.0
1777891955.2203324,2.0,-4.0,-80.0
1777891955.2303324,6.0,-3.0,-76.0
1777891955.2403324,3.0,-4.0,-73.0
1777891955.2503324,2.0,-4.0,-70.0
1777891955.2603323,4.0,-4.0,-71.0
1777891955.2703323,4.0,-3.0,-76.0
1777891955.2803323,3.0,0.0,-71.0
1777891955.2903323,2.0,-4.0,-63.0
1777891955.3003323,5.0,-8.0,-62.0
1777891955.3103323,6.0,-5.0,-64.0
1777891955.3203323,5.0,-2.0,-72.0
1777891955.3303325,8.0,-2.0,-69.0
1777891955.3403325,13.0,-2.0,-70.0
1777891955.3503325,10.0,-2.0,-69.0
1777891955.3603325,7.0,0.0,-67.0
1777891955.3703325,3.0,1.0,-69.0
1777891955.3803325,5.0,2.0,-76.0
1777891955.3903325,0.0,2.0,-76.0
1777891955.4003325,-2.0,4.0,-80.0
1777891955.4103324,-3.0,7.0,-78.0
1777891955.4203324,-7.0,5.0,-72.0
1777891955.4303324,-5.0,0.0,-70.0
1777891955.4403324,-8.0,0.0,-73.0
1777891955.4503324,-7.0,-6.0,-80.0
1777891955.4603324,-4.0,-5.0,-80.0
1777891955.4703324,-3.0,-4.0,-78.0
1777891955.4803324,0.0,-3.0,-81.0
1777891955.4903324,-2.0,-2.0,-80.0
1777891955.5003324,0.0,2.0,-82.0
1777891955.5103323,3.0,-2.0,-86.0
1777891955.5203323,6.0,-3.0,-91.0
1777891955.5303323,4.0,-3.0,-89.0
1777891955.5403323,4.0,-3.0,-75.0
1777891955.5503323,2.0,0.0,-69.0
1777891955.5603323,5.0,-3.0,-68.0
1777891955.5703323,4.0,-3.0,-72.0
1777891955.5803325,0.0,0.0,-70.0
1777891955.5903325,1.0,2.0,-75.0
1777891955.6003325,7.0,1.0,-78.0
1777891955.6103325,9.0,0.0,-77.0
1777891955.6203325,7.0,0.0,-69.0
1777891955.6303325,9.0,-6.0,-60.0
1777891955.6403325,12.0,-5.0,-69.0
1777891955.6503325,12.0,-6.0,-71.0
1777891955.6603324,10.0,-5.0,-75.0
1777891955.6703324,10.0,1.0,-69.0
1777891955.6803324,4.0,4.0,-67.0
1777891955.6903324,4.0,7.0,-67.0
1777891955.7003324,1.0,8.0,-72.0
1777891955.7103324,0.0,3.0,-71.0
1777891955.7203324,0.0,0.0,-75.0
1777891955.7303324,5.0,0.0,-74.0
1777891955.7403324,7.0,3.0,-75.0
1777891955.7503324,4.0,4.0,-79.0
1777891955.7603323,-1.0,2.0,-78.0
1777891955.7703323,-1.0,6.0,-71.0
1777891955.7803323,5.0,1.0,-78.0
1777891955.7903323,9.0,-1.0,-81.0
1777891955.8003323,5.0,1.0,-76.0
1777891955.8103323,3.0,0.0,-74.0
1777891955.8203323,7.0,0.0,-69.0
1777891955.8303325,6.0,0.0,-73.0
1777891955.8403325,5.0,-3.0,-74.0
1777891955.8503325,7.0,-6.0,-71.0
1777891955.8603325,2.0,-7.0,-72.0
1777891955.8703325,0.0,-9.0,-75.0
1777891955.8803325,-1.0,-10.0,-72.0
1777891955.8903325,3.0,-12.0,-72.0
1777891955.9003325,0.0,-8.0,-71.0
1777891955.9103324,0.0,-6.0,-69.0
1777891955.9203324,0.0,-8.0,-76.0
1777891955.9303324,-1.0,-5.0,-71.0
1777891955.9403324,0.0,0.0,-71.0
1777891955.9503324,3.0,0.0,-64.0
1777891955.9603324,10.0,-1.0,-68.0
1777891955.9703324,10.0,-1.0,-69.0
1777891955.9803324,9.0,0.0,-73.0
1777891955.9903324,9.0,-1.0,-72.0
1777891956.0003324,5.0,-6.0,-71.0
1777891956.0103323,5.0,-8.0,-75.0
1777891956.0203323,6.0,-2.0,-72.0
1777891956.0303323,1.0,0.0,-75.0
1777891956.0403323,1.0,0.0,-73.0
1777891956.0503323,0.0,-2.0,-68.0
1777891956.0603323,-1.0,-4.0,-70.0
1777891956.0703323,-3.0,-7.0,-80.0
1777891956.0803325,-1.0,-11.0,-78.0
1777891956.0903325,-2.0,-13.0,-76.0
1777891956.1003325,-1.0,-9.0,-70.0
1777891956.1103325,-2.0,-2.0,-67.0
1777891956.1203325,3.0,-1.0,-67.0
1777891956.1303325,6.0,0.0,-63.0
1777891956.1403325,5.0,1.0,-66.0
1777891956.1503325,3.0,0.0,-71.0
1777891956.1603324,3.0,2.0,-71.0
1777891956.1703324,1.0,3.0,-68.0
1777891956.1803324,-5.0,0.0,-60.0
1777891956.1903324,-6.0,1.0,-62.0
1777891956.2003324,0.0,0.0,-67.0
1777891956.2103324,7.0,1.0,-73.0
1777891956.2203324,4.0,4.0,-77.0
1777891956.2303324,0.0,4.0,-76.0
1777891956.2403324,-1.0,3.0,-79.0
1777891956.2503324,-4.0,3.0,-81.0
1777891956.2603323,-1.0,-1.0,-76.0
1777891956.2703323,0.0,-6.0,-67.0
1777891956.2803323,1.0,-6.0,-69.0
1777891956.2903323,2.0,-9.0,-73.0
1777891956.3003323,4.0,-6.0,-70.0
1777891956.3103323,7.0,-2.0,-67.0
1777891956.3203323,5.0,-2.0,-66.0
1777891956.3303325,4.0,1.0,-73.0
1777891956.3403325,1.0,1.0,-81.0
1777891956.3503325,3.0,-1.0,-83.0
1777891956.3603325,6.0,-3.0,-84.0
1777891956.3703325,5.0,-2.0,-90.0
1777891956.3803325,2.0,-2.0,-85.0
1777891956.3903325,2.0,-3.0,-73.0
1777891956.4003325,-1.0,-7.0,-75.0
1777891956.4103324,-1.0,-10.0,-75.0
1777891956.4203324,-2.0,-7.0,-79.0
1777891956.4303324,0.0,-4.0,-83.0
1777891956.4403324,3.0,-2.0,-84.0
1777891956.4503324,7.0,-1.0,-79.0
1777891956.4603324,10.0,-3.0,-82.0
1777891956.4703324,8.0,-3.0,-76.0
1777891956.4803324,6.0,0.0,-77.0
1777891956.4903324,6.0,-2.0,-83.0
1777891956.5003324,4.0,1.0,-82.0
1777891956.5103323,7.0,2.0,-84.0
1777891956.5203323,2.0,1.0,-85.0
1777891956.5303323,5.0,0.0,-87.0
1777891956.5403323,6.0,-2.0,-88.0
1777891956.5503323,6.0,-4.0,-87.0
1777891956.5603323,5.0,-1.0,-83.0
1777891956.5703323,7.0,2.0,-84.0
1777891956.5803325,7.0,0.0,-85.0
1777891956.5903325,1.0,-2.0,-78.0
1777891956.6003325,2.0,-4.0,-74.0
1777891956.6103325,5.0,-2.0,-70.0
1777891956.6203325,8.0,-2.0,-72.0
1777891956.6303325,8.0,-3.0,-84.0
1777891956.6403325,7.0,-6.0,-83.0
1777891956.6503325,-2.0,-8.0,-76.0
1777891956.6603324,-4.0,-5.0,-71.0
1777891956.6703324,-7.0,-2.0,-73.0
1777891956.6803324,-5.0,0.0,-71.0
1777891956.6903324,-12.0,-1.0,-74.0
1777891956.7003324,-12.0,1.0,-71.0
1777891956.7103324,-10.0,0.0,-75.0
1777891956.7213323,-8.0,2.0,-70.0
1777891956.7303324,-4.0,0.0,-73.0
1777891956.7413323,-3.0,2.0,-72.0
1777891956.7513323,-7.0,5.0,-76.0
1777891956.7613325,-8.0,3.0,-80.0
1777891956.7713325,-3.0,0.0,-80.0
1777891956.7813325,-2.0,0.0,-77.0
1777891956.7913325,-2.0,1.0,-72.0
1777891956.8013325,-5.0,-1.0,-68.0
1777891956.8113325,-6.0,-2.0,-67.0
1777891956.8213325,-1.0,-2.0,-67.0
1777891956.8313324,-2.0,-1.0,-66.0
1777891956.8413324,-2.0,-2.0,-63.0
1777891956.8513324,-4.0,0.0,-64.0
1777891956.8613324,1.0,3.0,-67.0
1777891956.8713324,2.0,-1.0,-70.0
1777891956.8813324,3.0,-3.0,-75.0
1777891956.8913324,0.0,-5.0,-74.0
1777891956.9013324,-2.0,-7.0,-75.0
1777891956.9113324,0.0,-8.0,-74.0
1777891956.9213324,-1.0,-10.0,-70.0
1777891956.9313323,0.0,-7.0,-68.0
1777891956.9413323,1.0,-7.0,-64.0
1777891956.9513323,2.0,-7.0,-68.0
1777891956.9613323,1.0,-5.0,-71.0
1777891956.9713323,2.0,0.0,-68.0
1777891956.9813323,2.0,2.0,-62.0
1777891956.9913323,-4.0,2.0,-67.0
1777891957.0013323,-1.0,-3.0,-68.0
1777891957.0113325,-3.0,-5.0,-68.0
1777891957.0213325,0.0,-5.0,-71.0
1777891957.0323324,2.0,-4.0,-66.0
1777891957.0413325,0.0,-3.0,-63.0
1777891957.0513325,0.0,-6.0,-59.0
1777891957.0613325,2.0,-7.0,-59.0
1777891957.0713325,3.0,-5.0,-59.0
1777891957.0813324,6.0,-5.0,-63.0
1777891957.0913324,4.0,-5.0,-65.0
1777891957.1013324,0.0,-4.0,-66.0
1777891957.1113324,-2.0,-5.0,-66.0
1777891957.1213324,5.0,-1.0,-67.0
1777891957.1313324,2.0,0.0,-60.0
1777891957.1413324,2.0,-1.0,-63.0
1777891957.1513324,0.0,-3.0,-69.0
1777891957.1613324,0.0,-4.0,-65.0
1777891957.1713324,-2.0,-2.0,-62.0
1777891957.1813323,-1.0,-3.0,-60.0
1777891957.1913323,4.0,-6.0,-62.0
1777891957.2013323,4.0,-9.0,-60.0
1777891957.2113323,3.0,-11.0,-62.0
1777891957.2213323,0.0,-7.0,-64.0
1777891957.2313323,0.0,-5.0,-68.0
1777891957.2413323,-1.0,-4.0,-64.0
1777891957.2513323,-4.0,0.0,-64.0
1777891957.2613325,0.0,0.0,-62.0
1777891957.2713325,2.0,0.0,-64.0
1777891957.2813325,4.0,-4.0,-63.0
1777891957.2913325,5.0,-6.0,-69.0
1777891957.3013325,4.0,-6.0,-72.0
1777891957.3113325,1.0,-5.0,-76.0
1777891957.3213325,2.0,-2.0,-71.0
1777891957.3313324,2.0,-3.0,-65.0
1777891957.3413324,3.0,-7.0,-67.0
1777891957.3513324,0.0,-6.0,-74.0
1777891957.3613324,1.0,-6.0,-74.0
1777891957.3713324,7.0,-7.0,-74.0
1777891957.3813324,8.0,-5.0,-75.0
1777891957.3913324,4.0,-4.0,-74.0
1777891957.4013324,6.0,-3.0,-75.0
1777891957.4113324,5.0,0.0,-76.0
1777891957.4213324,-4.0,1.0,-78.0
1777891957.4313323,-1.0,1.0,-80.0
1777891957.4413323,0.0,2.0,-69.0
1777891957.4513323,0.0,0.0,-66.0
1777891957.4613323,4.0,0.0,-69.0
1777891957.4713323,2.0,0.0,-70.0
1777891957.4813323,1.0,-3.0,-70.0
1777891957.4913323,-1.0,-1.0,-62.0
1777891957.5013323,2.0,-1.0,-68.0
1777891957.5113325,3.0,-1.0,-64.0
1777891957.5213325,5.0,-2.0,-72.0
1777891957.5313325,1.0,0.0,-76.0
1777891957.5413325,2.0,-3.0,-81.0
1777891957.5513325,0.0,-2.0,-74.0
1777891957.5613325,-2.0,-2.0,-66.0
1777891957.5713325,-5.0,-1.0,-66.0
1777891957.5813324,-3.0,-4.0,-65.0
1777891957.5913324,-6.0,-2.0,-72.0
1777891957.6013324,0.0,0.0,-78.0
1777891957.6113324,-3.0,-3.0,-74.0
1777891957.6213324,-10.0,-3.0,-74.0
1777891957.6313324,-14.0,-1.0,-78.0
1777891957.6413324,-11.0,-3.0,-73.0
1777891957.6513324,-4.0,-3.0,-75.0
1777891957.6613324,0.0,-4.0,-76.0
1777891957.6713324,-1.0,-2.0,-76.0
1777891957.6813323,0.0,0.0,-73.0
1777891957.6913323,-3.0,0.0,-76.0
1777891957.7013323,-1.0,1.0,-79.0
1777891957.7113323,0.0,0.0,-82.0
1777891957.7213323,3.0,0.0,-80.0
1777891957.7313323,4.0,1.0,-76.0
1777891957.7413323,7.0,-2.0,-73.0
1777891957.7513323,6.0,-1.0,-75.0
1777891957.7613325,3.0,-1.0,-65.0
1777891957.7713325,2.0,0.0,-68.0
1777891957.7813325,-1.0,-3.0,-69.0
1777891957.7913325,0.0,-4.0,-70.0
1777891957.8013325,-3.0,-5.0,-77.0
1777891957.8113325,-5.0,-4.0,-85.0
1777891957.8213325,-3.0,-5.0,-86.0
1777891957.8313324,2.0,-5.0,-84.0
1777891957.8413324,4.0,-2.0,-81.0
1777891957.8513324,4.0,0.0,-79.0
1777891957.8613324,0.0,0.0,-74.0
1777891957.8713324,1.0,0.0,-70.0
1777891957.8813324,-1.0,-2.0,-71.0
1777891957.8913324,0.0,-4.0,-78.0
1777891957.9013324,6.0,0.0,-79.0
1777891957.9113324,3.0,0.0,-71.0
1777891957.9213324,7.0,1.0,-72.0
1777891957.9313323,5.0,-1.0,-69.0
1777891957.9413323,6.0,-1.0,-72.0
1777891957.9513323,3.0,-7.0,-79.0
1777891957.9613323,1.0,-3.0,-82.0
1777891957.9713323,0.0,0.0,-81.0
1777891957.9813323,3.0,2.0,-75.0
1777891957.9913323,3.0,1.0,-69.0
1777891958.0013323,-3.0,2.0,-62.0
1777891958.0113325,-4.0,-1.0,-58.0
1777891958.0213325,-3.0,1.0,-58.0
1777891958.0313325,0.0,-1.0,-63.0
1777891958.0413325,1.0,-1.0,-66.0
1777891958.0513325,1.0,1.0,-70.0
1777891958.0613325,0.0,0.0,-67.0
1777891958.0713325,-2.0,-2.0,-78.0
1777891958.0813324,-2.0,-8.0,-85.0
1777891958.0913324,-2.0,-5.0,-86.0
1777891958.1013324,0.0,-5.0,-79.0
1777891958.1113324,2.0,-3.0,-73.0
1777891958.1213324,5.0,-4.0,-67.0
1777891958.1313324,4.0,-2.0,-76.0
1777891958.1413324,2.0,-5.0,-73.0
1777891958.1513324,1.0,-5.0,-72.0
1777891958.1613324,0.0,-7.0,-75.0
1777891958.1713324,5.0,-5.0,-77.0
1777891958.1813323,6.0,0.0,-83.0
1777891958.1913323,5.0,6.0,-77.0
1777891958.2013323,2.0,5.0,-78.0
1777891958.2113323,-2.0,1.0,-77.0
1777891958.2213323,-4.0,1.0,-72.0
1777891958.2313323,-2.0,0.0,-71.0
1777891958.2413323,-4.0,-1.0,-76.0
1777891958.2513323,-5.0,6.0,-71.0
1777891958.2613325,-3.0,5.0,-72.0
1777891958.2713325,-3.0,2.0,-64.0
1777891958.2813325,-3.0,4.0,-69.0
1777891958.2913325,1.0,2.0,-72.0
1777891958.3013325,0.0,0.0,-63.0
1777891958.3113325,2.0,1.0,-68.0
1777891958.3213325,0.0,5.0,-71.0
1777891958.3313324,-3.0,5.0,-74.0
1777891958.3413324,-2.0,1.0,-77.0
1777891958.3513324,-1.0,0.0,-78.0
1777891958.3613324,-1.0,2.0,-72.0
1777891958.3713324,-3.0,6.0,-66.0
1777891958.3813324,-2.0,4.0,-75.0
1777891958.3913324,-1.0,4.0,-75.0
1777891958.4013324,1.0,3.0,-77.0
1777891958.4113324,2.0,0.0,-75.0
1777891958.4213324,1.0,1.0,-73.0
1777891958.4313323,3.0,0.0,-73.0
1777891958.4413323,8.0,0.0,-79.0
1777891958.4513323,4.0,0.0,-79.0
1777891958.4613323,4.0,2.0,-77.0
1777891958.4713323,2.0,2.0,-74.0
1777891958.4813323,3.0,4.0,-67.0
1777891958.4913323,5.0,1.0,-67.0
1777891958.5013323,1.0,2.0,-66.0
1777891958.5113325,0.0,10.0,-70.0
1777891958.5213325,1.0,8.0,-74.0
1777891958.5313325,0.0,5.0,-74.0
1777891958.5413325,2.0,1.0,-78.0
1777891958.5513325,4.0,3.0,-77.0
1777891958.5613325,1.0,1.0,-78.0
1777891958.5713325,0.0,1.0,-76.0
1777891958.5813324,0.0,0.0,-73.0
1777891958.5913324,3.0,0.0,-72.0
1777891958.6013324,3.0,-3.0,-70.0
1777891958.6113324,4.0,-4.0,-67.0
1777891958.6213324,1.0,-3.0,-66.0
1777891958.6313324,0.0,-8.0,-64.0
1777891958.6413324,0.0,-9.0,-62.0
1777891958.6513324,0.0,-5.0,-72.0
1777891958.6613324,0.0,-5.0,-72.0
1777891958.6713324,2.0,0.0,-67.0
1777891958.6823325,4.0,-5.0,-70.0
1777891958.6913323,4.0,-4.0,-71.0
1777891958.7023325,0.0,-2.0,-64.0
1777891958.7123325,0.0,-2.0,-60.0
1777891958.7223325,-3.0,0.0,-62.0
1777891958.7323325,-1.0,1.0,-59.0
1777891958.7423325,0.0,2.0,-59.0
1777891958.7523324,-2.0,-5.0,-61.0
1777891958.7623324,2.0,-9.0,-62.0
1777891958.7723324,1.0,-4.0,-64.0
1777891958.7823324,0.0,-2.0,-69.0
1777891958.7923324,-1.0,0.0,-72.0
1777891958.8023324,0.0,2.0,-77.0
1777891958.8123324,0.0,3.0,-75.0
1777891958.8223324,-1.0,6.0,-77.0
1777891958.8323324,-2.0,4.0,-75.0
1777891958.8423324,-8.0,2.0,-80.0
1777891958.8523324,-2.0,2.0,-75.0
1777891958.8623323,-2.0,1.0,-78.0
1777891958.8723323,-2.0,1.0,-71.0
1777891958.8823323,0.0,-1.0,-71.0
1777891958.8923323,-1.0,-4.0,-74.0
1777891958.9023323,-2.0,-3.0,-70.0
1777891958.9123323,-2.0,-7.0,-67.0
1777891958.9223323,0.0,-3.0,-72.0
1777891958.9323325,3.0,-3.0,-71.0
1777891958.9423325,3.0,-4.0,-75.0
1777891958.9523325,2.0,-1.0,-77.0
1777891958.9623325,0.0,0.0,-84.0
1777891958.9723325,-1.0,1.0,-83.0
1777891958.9823325,-1.0,4.0,-78.0
1777891958.9923325,4.0,4.0,-83.0
1777891959.0023324,3.0,8.0,-76.0
1777891959.0123324,4.0,8.0,-71.0
1777891959.0223324,-2.0,5.0,-71.0
1777891959.0323324,-2.0,4.0,-70.0
1777891959.0423324,-1.0,-1.0,-66.0
1777891959.0523324,-4.0,-3.0,-70.0
1777891959.0623324,-3.0,-6.0,-69.0
1777891959.0723324,0.0,-6.0,-66.0
1777891959.0823324,3.0,-4.0,-60.0
1777891959.0923324,1.0,-7.0,-59.0
1777891959.1023324,-1.0,-4.0,-61.0
1777891959.1123323,-4.0,-3.0,-57.0
1777891959.1223323,-8.0,-9.0,-55.0
1777891959.1323323,-5.0,-10.0,-54.0
1777891959.1423323,-3.0,-9.0,-56.0
1777891959.1523323,-5.0,-6.0,-66.0
1777891959.1623323,-5.0,-1.0,-72.0
1777891959.1723323,-3.0,-1.0,-71.0
1777891959.1823325,0.0,-1.0,-69.0
1777891959.1923325,1.0,-4.0,-69.0
1777891959.2023325,4.0,-2.0,-68.0
1777891959.2123325,0.0,-4.0,-68.0
1777891959.2223325,0.0,-8.0,-70.0
1777891959.2323325,-7.0,-4.0,-69.0
1777891959.2423325,-7.0,-6.0,-72.0
1777891959.2523324,-3.0,-4.0,-75.0
1777891959.2623324,1.0,-5.0,-73.0
1777891959.2723324,6.0,-7.0,-77.0
1777891959.2823324,3.0,-8.0,-76.0
1777891959.2923324,6.0,-4.0,-75.0
1777891959.3023324,8.0,0.0,-75.0
1777891959.3123324,11.0,3.0,-76.0
1777891959.3223324,8.0,0.0,-77.0
1777891959.3323324,4.0,1.0,-77.0
1777891959.3423324,5.0,0.0,-75.0
1777891959.3523324,7.0,0.0,-69.0
1777891959.3623323,8.0,0.0,-66.0
1777891959.3723323,11.0,-2.0,-68.0
1777891959.3823323,10.0,0.0,-73.0
1777891959.3923323,6.0,0.0,-75.0
1777891959.4023323,7.0,0.0,-74.0
1777891959.4123323,10.0,-1.0,-68.0
1777891959.4223323,7.0,-8.0,-68.0
1777891959.4323325,3.0,-9.0,-67.0
1777891959.4423325,8.0,-8.0,-72.0
1777891959.4523325,10.0,-7.0,-80.0
1777891959.4623325,12.0,-5.0,-72.0
1777891959.4723325,8.0,-3.0,-65.0
1777891959.4823325,6.0,-1.0,-70.0
1777891959.4923325,2.0,0.0,-69.0
1777891959.5023324,2.0,0.0,-71.0
1777891959.5123324,2.0,-3.0,-78.0
1777891959.5223324,-4.0,-1.0,-72.0
1777891959.5323324,-6.0,-1.0,-73.0
1777891959.5423324,-4.0,2.0,-72.0
1777891959.5523324,-2.0,4.0,-70.0
1777891959.5623324,-5.0,0.0,-68.0
1777891959.5723324,-6.0,-3.0,-74.0
1777891959.5823324,-4.0,2.0,-77.0
1777891959.5923324,0.0,3.0,-75.0
1777891959.6023324,5.0,6.0,-75.0
1777891959.6123323,1.0,5.0,-74.0
1777891959.6223323,-1.0,7.0,-76.0
1777891959.6323323,-1.0,9.0,-76.0
1777891959.6423323,0.0,9.0,-77.0
1777891959.6523323,-2.0,3.0,-73.0
1777891959.6623323,-1.0,0.0,-69.0
1777891959.6723323,-1.0,0.0,-68.0
1777891959.6823325,0.0,0.0,-65.0
1777891959.6923325,0.0,2.0,-65.0
1777891959.7023325,3.0,4.0,-61.0
1777891959.7123325,3.0,4.0,-65.0
1777891959.7223325,2.0,2.0,-71.0
1777891959.7323325,5.0,-4.0,-74.0
1777891959.7423325,2.0,0.0,-74.0
1777891959.7523324,0.0,-1.0,-66.0
1777891959.7623324,1.0,0.0,-71.0
1777891959.7723324,1.0,-2.0,-70.0
1777891959.7823324,-2.0,-4.0,-67.0
1777891959.7923324,-3.0,1.0,-70.0
1777891959.8023324,-1.0,0.0,-71.0
1777891959.8123324,-2.0,-1.0,-79.0
1777891959.8223324,-6.0,0.0,-84.0
1777891959.8323324,-1.0,-2.0,-87.0
1777891959.8423324,4.0,-7.0,-86.0
1777891959.8523324,-4.0,-8.0,-88.0
1777891959.8623323,-4.0,-9.0,-89.0
1777891959.8723323,-4.0,-8.0,-90.0
1777891959.8823323,-7.0,-1.0,-88.0
1777891959.8923323,-5.0,-1.0,-82.0
1777891959.9023323,-3.0,-1.0,-76.0
1777891959.9123323,-1.0,-2.0,-70.0
1777891959.9223323,0.0,-5.0,-75.0
1777891959.9323325,0.0,-2.0,-74.0
1777891959.9423325,-1.0,-3.0,-69.0
1777891959.9523325,3.0,-4.0,-69.0
1777891959.9623325,1.0,-6.0,-70.0
1777891959.9723325,0.0,-7.0,-66.0
1777891959.9823325,4.0,-4.0,-72.0
1777891959.9923325,1.0,-5.0,-70.0
1777891960.0023324,4.0,-3.0,-64.0
1777891960.0123324,7.0,-1.0,-60.0
1777891960.0223324,6.0,-2.0,-58.0
1777891960.0323324,7.0,-2.0,-59.0
1777891960.0423324,6.0,-3.0,-62.0
1777891960.0523324,4.0,0.0,-65.0
1777891960.0623324,5.0,3.0,-67.0
1777891960.0723324,4.0,5.0,-68.0
1777891960.0823324,4.0,8.0,-70.0
1777891960.0923324,0.0,4.0,-68.0
1777891960.1023324,4.0,3.0,-70.0
1777891960.1123323,1.0,0.0,-72.0
1777891960.1223323,0.0,1.0,-78.0
1777891960.1323323,1.0,-1.0,-82.0
1777891960.1423323,0.0,-2.0,-84.0
1777891960.1523323,0.0,-1.0,-79.0
1777891960.1623323,-5.0,0.0,-78.0
1777891960.1723323,-7.0,0.0,-76.0
1777891960.1823325,-9.0,-2.0,-74.0
1777891960.1923325,-6.0,-1.0,-69.0
1777891960.2023325,-2.0,-4.0,-73.0
1777891960.2123325,-6.0,-6.0,-73.0
1777891960.2223325,-2.0,-2.0,-70.0
1777891960.2323325,0.0,0.0,-70.0
1777891960.2423325,5.0,3.0,-70.0
1777891960.2523324,5.0,2.0,-66.0
1777891960.2623324,4.0,0.0,-66.0
1777891960.2723324,3.0,-1.0,-63.0
1777891960.2823324,3.0,-2.0,-69.0
1777891960.2923324,2.0,0.0,-73.0
1777891960.3023324,-2.0,1.0,-71.0
1777891960.3123324,-2.0,0.0,-64.0
1777891960.3223324,0.0,-4.0,-65.0
1777891960.3323324,0.0,-7.0,-67.0
1777891960.3423324,2.0,-6.0,-67.0
1777891960.3523324,1.0,-6.0,-71.0
1777891960.3623323,1.0,-6.0,-74.0
1777891960.3723323,0.0,0.0,-71.0
1777891960.3823323,0.0,0.0,-72.0
1777891960.3923323,1.0,4.0,-79.0
1777891960.4023323,1.0,2.0,-78.0
1777891960.4123323,3.0,2.0,-77.0
1777891960.4223323,-1.0,-1.0,-78.0
1777891960.4323325,0.0,-3.0,-81.0
1777891960.4423325,5.0,-8.0,-79.0
1777891960.4523325,8.0,-7.0,-76.0
1777891960.4623325,8.0,-4.0,-80.0
1777891960.4723325,4.0,-5.0,-70.0
1777891960.4823325,3.0,-5.0,-68.0
1777891960.4923325,1.0,-4.0,-71.0
1777891960.5023324,-3.0,-2.0,-69.0
1777891960.5123324,-3.0,0.0,-75.0
1777891960.5223324,-1.0,-4.0,-72.0
1777891960.5323324,-3.0,-3.0,-70.0
1777891960.5423324,0.0,-2.0,-75.0
1777891960.5523324,0.0,0.0,-70.0
1777891960.5623324,1.0,-1.0,-64.0
1777891960.5723324,-1.0,-4.0,-65.0
1777891960.5823324,2.0,-2.0,-67.0
1777891960.5923324,0.0,-1.0,-70.0
1777891960.6023324,-1.0,0.0,-73.0
1777891960.6123323,-1.0,2.0,-78.0
1777891960.6223323,2.0,2.0,-78.0
1777891960.6323323,1.0,-1.0,-79.0
1777891960.6423323,6.0,3.0,-76.0
1777891960.6523323,7.0,4.0,-71.0
1777891960.6623323,6.0,6.0,-65.0
1777891960.6723323,8.0,3.0,-68.0
1777891960.6833324,1.0,2.0,-69.0
1777891960.6923325,2.0,1.0,-67.0
1777891960.7033324,1.0,0.0,-70.0
1777891960.7133324,-2.0,-1.0,-67.0
1777891960.7233324,0.0,1.0,-69.0
1777891960.7333324,0.0,0.0,-67.0
1777891960.7433324,0.0,1.0,-66.0
1777891960.7533324,2.0,1.0,-64.0
1777891960.7633324,8.0,4.0,-63.0
1777891960.7733324,10.0,5.0,-63.0
1777891960.7833323,10.0,3.0,-64.0
1777891960.7933323,5.0,0.0,-62.0
1777891960.8033323,3.0,0.0,-62.0
1777891960.8133323,4.0,1.0,-60.0
1777891960.8233323,0.0,0.0,-61.0
1777891960.8333323,0.0,0.0,-68.0
1777891960.8433323,0.0,-2.0,-65.0
1777891960.8533323,1.0,-4.0,-63.0
1777891960.8633325,-3.0,-4.0,-61.0
1777891960.8733325,1.0,-1.0,-62.0
1777891960.8833325,1.0,1.0,-64.0
1777891960.8933325,2.0,2.0,-65.0
1777891960.9033325,0.0,4.0,-68.0
1777891960.9133325,1.0,1.0,-69.0
1777891960.9233325,-1.0,0.0,-66.0
1777891960.9333324,1.0,-1.0,-67.0
1777891960.9433324,2.0,-3.0,-67.0
1777891960.9533324,3.0,-7.0,-72.0
1777891960.9633324,2.0,-7.0,-73.0
1777891960.9733324,1.0,-8.0,-72.0
1777891960.9833324,0.0,-8.0,-72.0
1777891960.9933324,2.0,-11.0,-78.0
1777891961.0033324,5.0,-10.0,-74.0
1777891961.0133324,5.0,-9.0,-65.0
1777891961.0233324,6.0,-9.0,-64.0
1777891961.0333323,5.0,-6.0,-65.0
1777891961.0433323,2.0,-4.0,-72.0
1777891961.0533323,0.0,-1.0,-78.0
1777891961.0633323,-1.0,-2.0,-72.0
1777891961.0733323,-1.0,-2.0,-68.0
1777891961.0833323,-3.0,-4.0,-71.0
1777891961.0933323,0.0,-4.0,-67.0
1777891961.1033323,0.0,-3.0,-69.0
1777891961.1133325,-2.0,-7.0,-66.0
1777891961.1233325,1.0,-4.0,-64.0
1777891961.1333325,2.0,0.0,-64.0
1777891961.1433325,1.0,0.0,-68.0
1777891961.1533325,-2.0,1.0,-61.0
1777891961.1633325,4.0,-4.0,-58.0
1777891961.1733325,2.0,0.0,-55.0
1777891961.1833324,3.0,-3.0,-55.0
1777891961.1933324,1.0,0.0,-62.0
1777891961.2033324,3.0,1.0,-67.0
1777891961.2133324,2.0,1.0,-65.0
1777891961.2233324,-2.0,-1.0,-67.0
1777891961.2333324,0.0,0.0,-72.0
1777891961.2433324,0.0,2.0,-80.0
1777891961.2533324,0.0,3.0,-82.0
1777891961.2633324,5.0,1.0,-81.0
1777891961.2733324,3.0,-2.0,-74.0
1777891961.2833323,2.0,0.0,-73.0
1777891961.2933323,0.0,0.0,-74.0
1777891961.3033323,2.0,-3.0,-70.0
1777891961.3133323,1.0,-8.0,-68.0
1777891961.3233323,1.0,-7.0,-63.0
1777891961.3333323,3.0,-6.0,-65.0
1777891961.3433323,3.0,-8.0,-70.0
1777891961.3533323,2.0,-6.0,-73.0
1777891961.3633325,5.0,-6.0,-72.0
1777891961.3733325,4.0,-6.0,-75.0
1777891961.3833325,6.0,-7.0,-83.0
1777891961.3933325,1.0,-2.0,-78.0
1777891961.4033325,0.0,-4.0,-83.0
1777891961.4133325,0.0,-5.0,-76.0
1777891961.4233325,0.0,-7.0,-71.0
1777891961.4333324,-1.0,-6.0,-75.0
1777891961.4433324,-1.0,-3.0,-81.0
1777891961.4533324,-2.0,3.0,-80.0
1777891961.4633324,-4.0,2.0,-68.0
1777891961.4733324,0.0,-2.0,-64.0
1777891961.4833324,-6.0,-2.0,-56.0
1777891961.4933324,-9.0,0.0,-60.0
1777891961.5033324,-9.0,2.0,-62.0
1777891961.5133324,-5.0,0.0,-69.0
1777891961.5233324,0.0,-1.0,-71.0
1777891961.5333323,1.0,0.0,-72.0
1777891961.5433323,3.0,-1.0,-78.0
1777891961.5533323,5.0,-3.0,-75.0
1777891961.5633323,0.0,-6.0,-71.0
1777891961.5733323,-2.0,-7.0,-70.0
1777891961.5833323,0.0,-7.0,-73.0
1777891961.5933323,1.0,-7.0,-71.0
1777891961.6033323,3.0,-8.0,-74.0
1777891961.6133325,3.0,-10.0,-67.0
1777891961.6233325,-1.0,-7.0,-69.0
1777891961.6333325,-2.0,-1.0,-71.0
1777891961.6433325,-2.0,0.0,-66.0
1777891961.6533325,0.0,5.0,-69.0
1777891961.6633325,2.0,8.0,-65.0
1777891961.6733325,2.0,3.0,-67.0
1777891961.6833324,2.0,1.0,-68.0
1777891961.6933324,3.0,1.0,-67.0
1777891961.7033324,2.0,2.0,-66.0
1777891961.7133324,5.0,2.0,-66.0
1777891961.7233324,2.0,0.0,-68.0
1777891961.7333324,-2.0,0.0,-69.0
1777891961.7433324,0.0,2.0,-69.0
1777891961.7533324,0.0,4.0,-75.0
1777891961.7633324,1.0,1.0,-73.0
1777891961.7733324,-1.0,2.0,-78.0
1777891961.7833323,0.0,2.0,-72.0
1777891961.7933323,0.0,-2.0,-71.0
1777891961.8033323,-6.0,-3.0,-69.0
1777891961.8133323,-7.0,-4.0,-70.0
1777891961.8233323,-5.0,0.0,-72.0
1777891961.8333323,-2.0,3.0,-61.0
1777891961.8433323,0.0,5.0,-60.0
1777891961.8533323,-1.0,1.0,-59.0
1777891961.8633325,0.0,1.0,-61.0
1777891961.8733325,-3.0,1.0,-60.0
1777891961.8833325,-3.0,0.0,-62.0
1777891961.8933325,-3.0,0.0,-61.0
1777891961.9033325,0.0,-2.0,-66.0
1777891961.9133325,0.0,-5.0,-68.0
1777891961.9233325,0.0,-6.0,-71.0
1777891961.9333324,-3.0,-4.0,-72.0
1777891961.9433324,-3.0,-3.0,-75.0
1777891961.9533324,-3.0,-1.0,-69.0
1777891961.9633324,-4.0,0.0,-71.0
1777891961.9733324,-2.0,4.0,-68.0
1777891961.9833324,0.0,2.0,-66.0
1777891961.9933324,0.0,-2.0,-65.0
1777891962.0033324,0.0,-2.0,-72.0
1777891962.0133324,-1.0,0.0,-72.0
1777891962.0233324,0.0,3.0,-79.0
1777891962.0333323,0.0,0.0,-72.0
1777891962.0433323,1.0,-2.0,-73.0
1777891962.0533323,1.0,0.0,-72.0
1777891962.0633323,2.0,1.0,-75.0
1777891962.0733323,3.0,2.0,-70.0
1777891962.0833323,6.0,3.0,-74.0
1777891962.0933323,2.0,4.0,-76.0
1777891962.1033323,0.0,-1.0,-76.0
1777891962.1133325,2.0,-4.0,-72.0
1777891962.1233325,7.0,-4.0,-76.0
1777891962.1333325,10.0,-4.0,-77.0
1777891962.1433325,8.0,0.0,-81.0
1777891962.1533325,8.0,-1.0,-78.0
1777891962.1633325,11.0,-4.0,-75.0
1777891962.1733325,7.0,-4.0,-71.0
1777891962.1833324,5.0,1.0,-67.0
1777891962.1933324,4.0,1.0,-75.0
1777891962.2033324,7.0,-2.0,-77.0
1777891962.2133324,5.0,-6.0,-76.0
1777891962.2233324,2.0,0.0,-75.0
1777891962.2333324,7.0,-1.0,-68.0
1777891962.2433324,8.0,2.0,-69.0
1777891962.2533324,9.0,5.0,-73.0
1777891962.2633324,9.0,2.0,-76.0
1777891962.2733324,5.0,0.0,-77.0
1777891962.2833323,4.0,-2.0,-74.0
1777891962.2933323,3.0,-2.0,-79.0
1777891962.3033323,0.0,-5.0,-77.0
1777891962.3133323,3.0,-1.0,-76.0
1777891962.3233323,2.0,0.0,-77.0
1777891962.3333323,4.0,3.0,-72.0
1777891962.3433323,4.0,1.0,-70.0
1777891962.3533323,2.0,0.0,-67.0
1777891962.3633325,4.0,0.0,-74.0
1777891962.3733325,5.0,-2.0,-72.0
1777891962.3833325,3.0,-3.0,-72.0
1777891962.3933325,6.0,-3.0,-76.0
1777891962.4033325,3.0,-3.0,-71.0
1777891962.4133325,4.0,-4.0,-74.0
1777891962.4233325,3.0,-5.0,-76.0
1777891962.4333324,0.0,-7.0,-72.0
1777891962.4433324,1.0,-9.0,-65.0
1777891962.4533324,1.0,-7.0,-70.0
1777891962.4633324,0.0,-7.0,-66.0
1777891962.4733324,0.0,-5.0,-69.0
1777891962.4833324,4.0,-8.0,-70.0
1777891962.4933324,0.0,-1.0,-70.0
1777891962.5033324,1.0,-6.0,-69.0
1777891962.5133324,1.0,-1.0,-70.0
1777891962.5233324,1.0,-5.0,-63.0
1777891962.5333323,1.0,-7.0,-58.0
1777891962.5433323,3.0,-5.0,-59.0
1777891962.5533323,1.0,-3.0,-66.0
1777891962.5633323,0.0,-4.0,-73.0
1777891962.5733323,6.0,-4.0,-70.0
1777891962.5833323,8.0,-5.0,-67.0
1777891962.5933323,4.0,-5.0,-66.0
1777891962.6033323,0.0,-2.0,-69.0
1777891962.6133325,-1.0,0.0,-76.0
1777891962.6233325,-1.0,1.0,-77.0
1777891962.6333325,0.0,5.0,-79.0
1777891962.6433325,-1.0,2.0,-75.0
1777891962.6543324,-4.0,3.0,-73.0
1777891962.6633325,-3.0,5.0,-69.0
1777891962.6743324,-1.0,4.0,-65.0
1777891962.6833324,0.0,6.0,-67.0
1777891962.6943324,-1.0,3.0,-71.0
1777891962.7043324,1.0,8.0,-65.0
1777891962.7143323,3.0,8.0,-65.0
1777891962.7243323,3.0,10.0,-67.0
1777891962.7333324,0.0,7.0,-75.0
1777891962.7443323,0.0,6.0,-82.0
1777891962.7543323,3.0,3.0,-77.0
1777891962.7643323,0.0,1.0,-72.0
1777891962.7743323,1.0,-3.0,-73.0
1777891962.7843325,-4.0,-2.0,-77.0
1777891962.7943325,1.0,-1.0,-82.0
1777891962.8043325,0.0,0.0,-77.0
1777891962.8143325,4.0,-2.0,-73.0
1777891962.8243325,1.0,-2.0,-72.0
1777891962.8343325,2.0,1.0,-75.0
1777891962.8443325,-3.0,2.0,-75.0
1777891962.8543324,-8.0,1.0,-76.0
1777891962.8643324,-7.0,3.0,-73.0
1777891962.8743324,-3.0,5.0,-74.0
1777891962.8843324,1.0,4.0,-77.0
1777891962.8943324,0.0,2.0,-81.0
1777891962.9043324,0.0,3.0,-84.0
1777891962.9143324,1.0,3.0,-82.0
1777891962.9243324,0.0,3.0,-77.0
1777891962.9343324,-2.0,0.0,-74.0
1777891962.9443324,-1.0,2.0,-76.0
1777891962.9543324,-1.0,5.0,-72.0
1777891962.9643323,-3.0,3.0,-69.0
1777891962.9743323,-1.0,1.0,-67.0
1777891962.9843323,-3.0,2.0,-70.0
1777891962.9943323,-2.0,3.0,-75.0
1777891963.0043323,-4.0,1.0,-69.0
1777891963.0143323,-2.0,-2.0,-72.0
1777891963.0243323,0.0,3.0,-72.0
1777891963.0343325,-2.0,1.0,-72.0
1777891963.0443325,0.0,-2.0,-64.0
1777891963.0543325,5.0,-4.0,-62.0
1777891963.0643325,6.0,-3.0,-64.0
1777891963.0743325,3.0,-2.0,-66.0
1777891963.0843325,1.0,-1.0,-65.0
1777891963.0943325,1.0,0.0,-66.0
1777891963.1043324,3.0,-1.0,-62.0
1777891963.1143324,3.0,-4.0,-59.0
1777891963.1243324,6.0,-3.0,-68.0
1777891963.1343324,6.0,-1.0,-71.0
1777891963.1443324,4.0,-5.0,-73.0
1777891963.1543324,6.0,-10.0,-76.0
1777891963.1643324,6.0,-6.0,-79.0
1777891963.1743324,1.0,-3.0,-77.0
1777891963.1843324,2.0,-2.0,-73.0
1777891963.1943324,-1.0,-5.0,-68.0
1777891963.2043324,-3.0,-7.0,-67.0
1777891963.2143323,0.0,-7.0,-60.0
1777891963.2243323,-1.0,-6.0,-60.0
1777891963.2343323,-4.0,-3.0,-62.0
1777891963.2443323,-2.0,1.0,-61.0
1777891963.2543323,2.0,1.0,-65.0
1777891963.2643323,3.0,4.0,-74.0
1777891963.2743323,3.0,0.0,-71.0
1777891963.2843325,6.0,1.0,-70.0
1777891963.2943325,0.0,-3.0,-71.0
1777891963.3043325,0.0,-6.0,-72.0
1777891963.3143325,0.0,-8.0,-65.0
1777891963.3243325,0.0,-9.0,-68.0
1777891963.3343325,6.0,-9.0,-69.0
1777891963.3443325,8.0,-6.0,-65.0
1777891963.3543324,12.0,-7.0,-64.0
1777891963.3643324,5.0,-6.0,-69.0
1777891963.3743324,5.0,-7.0,-69.0
1777891963.3843324,2.0,-6.0,-74.0
1777891963.3943324,1.0,-5.0,-72.0
1777891963.4043324,5.0,-1.0,-75.0
1777891963.4143324,7.0,2.0,-72.0
1777891963.4243324,9.0,1.0,-76.0
1777891963.4343324,12.0,2.0,-77.0
1777891963.4443324,10.0,0.0,-74.0
1777891963.4543324,7.0,0.0,-68.0
1777891963.4643323,2.0,0.0,-67.0
1777891963.4743323,-1.0,2.0,-64.0
1777891963.4843323,-1.0,3.0,-67.0
1777891963.4943323,-3.0,0.0,-77.0
1777891963.5043323,-1.0,0.0,-71.0
1777891963.5143323,1.0,3.0,-70.0
1777891963.5243323,0.0,3.0,-72.0
1777891963.5343325,2.0,3.0,-68.0
1777891963.5443325,-1.0,4.0,-65.0
1777891963.5543325,-1.0,5.0,-65.0
1777891963.5643325,-2.0,6.0,-71.0
1777891963.5743325,4.0,4.0,-74.0
1777891963.5843325,4.0,-1.0,-79.0
1777891963.5943325,0.0,0.0,-81.0
1777891963.6043324,-4.0,0.0,-84.0
1777891963.6143324,-1.0,0.0,-80.0
1777891963.6243324,-1.0,-1.0,-80.0
1777891963.6343324,-3.0,-4.0,-78.0
1777891963.6443324,0.0,-5.0,-80.0
1777891963.6543324,0.0,-8.0,-78.0
1777891963.6643324,-3.0,-7.0,-72.0
1777891963.6743324,-2.0,-2.0,-66.0
1777891963.6843324,0.0,-1.0,-61.0
1777891963.6943324,3.0,-2.0,-58.0
1777891963.7043324,1.0,-2.0,-61.0
1777891963.7143323,5.0,-3.0,-63.0
1777891963.7243323,4.0,-4.0,-59.0
1777891963.7343323,2.0,-3.0,-56.0
1777891963.7443323,3.0,-2.0,-55.0
1777891963.7543323,-1.0,-2.0,-59.0
1777891963.7643323,0.0,-3.0,-70.0
1777891963.7743323,-2.0,-4.0,-75.0
1777891963.7843325,0.0,-4.0,-77.0
1777891963.7943325,0.0,-6.0,-77.0
1777891963.8043325,4.0,-5.0,-74.0
1777891963.8143325,1.0,-1.0,-72.0
1777891963.8243325,2.0,-4.0,-68.0
1777891963.8343325,1.0,-5.0,-74.0
1777891963.8443325,3.0,-8.0,-73.0
1777891963.8543324,7.0,-5.0,-71.0
1777891963.8643324,5.0,-1.0,-68.0
1777891963.8743324,3.0,0.0,-65.0
1777891963.8843324,1.0,-2.0,-66.0
1777891963.8943324,1.0,0.0,-66.0
1777891963.9043324,-3.0,-1.0,-62.0
1777891963.9143324,-3.0,2.0,-71.0
1777891963.9243324,-1.0,4.0,-72.0
1777891963.9343324,-3.0,3.0,-77.0
1777891963.9443324,0.0,3.0,-84.0
1777891963.9543324,0.0,3.0,-81.0
1777891963.9643323,0.0,0.0,-77.0
1777891963.9743323,-2.0,-1.0,-68.0
1777891963.9843323,-3.0,-3.0,-65.0
1777891963.9943323,-6.0,-3.0,-65.0
1777891964.0043323,-6.0,0.0,-75.0
1777891964.0143323,-7.0,2.0,-81.0
1777891964.0243323,-4.0,2.0,-75.0
1777891964.0343325,-3.0,2.0,-77.0
1777891964.0443325,-5.0,0.0,-77.0
1777891964.0543325,-5.0,0.0,-79.0
1777891964.0643325,-1.0,1.0,-85.0
1777891964.0743325,0.0,0.0,-86.0
1777891964.0843325,4.0,3.0,-85.0
1777891964.0943325,2.0,8.0,-79.0
1777891964.1043324,2.0,5.0,-76.0
1777891964.1143324,2.0,3.0,-69.0
1777891964.1243324,5.0,6.0,-72.0
1777891964.1343324,9.0,6.0,-73.0
1777891964.1443324,5.0,5.0,-69.0
1777891964.1543324,4.0,0.0,-69.0
1777891964.1643324,4.0,-2.0,-72.0
1777891964.1743324,6.0,-2.0,-79.0
1777891964.1843324,2.0,-1.0,-80.0
1777891964.1943324,1.0,-1.0,-87.0
1777891964.2043324,4.0,-2.0,-84.0
1777891964.2143323,4.0,-5.0,-78.0
1777891964.2243323,5.0,-3.0,-79.0
1777891964.2343323,4.0,-6.0,-79.0
1777891964.2443323,4.0,-3.0,-83.0
1777891964.2543323,8.0,-1.0,-83.0
1777891964.2643323,7.0,-2.0,-77.0
1777891964.2743323,4.0,0.0,-81.0
1777891964.2843325,0.0,3.0,-82.0
1777891964.2943325,0.0,-2.0,-78.0
1777891964.3043325,-2.0,-1.0,-77.0
1777891964.3143325,-2.0,0.0,-75.0
1777891964.3243325,-2.0,1.0,-70.0
1777891964.3343325,-6.0,4.0,-65.0
1777891964.3443325,-1.0,4.0,-65.0
1777891964.3543324,-2.0,-4.0,-65.0
1777891964.3643324,-4.0,-3.0,-68.0
1777891964.3743324,-2.0,1.0,-66.0
1777891964.3843324,-2.0,0.0,-69.0
1777891964.3943324,-4.0,-5.0,-68.0
1777891964.4043324,0.0,-5.0,-64.0
1777891964.4143324,6.0,-4.0,-61.0
1777891964.4243324,7.0,-2.0,-58.0
1777891964.4343324,6.0,-1.0,-58.0
1777891964.4443324,4.0,-2.0,-64.0
1777891964.4543324,2.0,-4.0,-66.0
1777891964.4643323,5.0,-2.0,-60.0
1777891964.4743323,5.0,-5.0,-67.0
1777891964.4843323,4.0,-2.0,-72.0
1777891964.4943323,4.0,0.0,-75.0
1777891964.5043323,0.0,2.0,-76.0
1777891964.5143323,0.0,1.0,-74.0
1777891964.5243323,0.0,2.0,-71.0
1777891964.5343325,1.0,7.0,-72.0
1777891964.5443325,-3.0,1.0,-75.0
1777891964.5543325,0.0,0.0,-77.0
1777891964.5643325,2.0,-3.0,-74.0
1777891964.5743325,0.0,0.0,-73.0
1777891964.5843325,2.0,-3.0,-73.0
1777891964.5943325,2.0,-5.0,-70.0
1777891964.6043324,-1.0,-1.0,-67.0
1777891964.6143324,-2.0,0.0,-67.0
1777891964.6243324,2.0,0.0,-67.0
1777891964.6343324,3.0,1.0,-68.0
1777891964.6443324,4.0,2.0,-71.0
1777891964.6543324,1.0,-1.0,-70.0
1777891964.6643324,-3.0,-3.0,-71.0
1777891964.6743324,2.0,-2.0,-67.0
1777891964.6853323,2.0,-2.0,-68.0
1777891964.6953323,6.0,0.0,-69.0
1777891964.7053325,2.0,0.0,-69.0
1777891964.7153325,1.0,5.0,-67.0
1777891964.7253325,3.0,3.0,-62.0
1777891964.7353325,1.0,4.0,-65.0
1777891964.7453325,3.0,5.0,-69.0
1777891964.7553325,6.0,6.0,-73.0
1777891964.7653325,5.0,0.0,-82.0
1777891964.7753325,5.0,-2.0,-84.0
1777891964.7853324,3.0,-6.0,-79.0
1777891964.7953324,0.0,-4.0,-81.0
1777891964.8053324,0.0,-3.0,-76.0
1777891964.8153324,1.0,-3.0,-77.0
1777891964.8253324,2.0,2.0,-71.0
1777891964.8353324,1.0,0.0,-71.0
1777891964.8453324,0.0,1.0,-70.0
1777891964.8553324,0.0,0.0,-71.0
1777891964.8653324,-3.0,1.0,-73.0
1777891964.8753324,-2.0,7.0,-74.0
1777891964.8853323,2.0,6.0,-67.0
1777891964.8953323,0.0,4.0,-69.0
1777891964.9053323,2.0,5.0,-69.0
1777891964.9153323,4.0,3.0,-74.0
1777891964.9253323,8.0,0.0,-75.0
1777891964.9353323,3.0,-4.0,-75.0
1777891964.9453323,0.0,-5.0,-71.0
1777891964.9553325,1.0,-6.0,-73.0
1777891964.9653325,1.0,-3.0,-72.0
1777891964.9753325,0.0,1.0,-73.0
1777891964.9853325,-2.0,0.0,-74.0
1777891964.9953325,0.0,0.0,-76.0
1777891965.0053325,0.0,2.0,-82.0
1777891965.0153325,-3.0,1.0,-80.0
1777891965.0253325,1.0,-2.0,-84.0
1777891965.0353324,1.0,-1.0,-78.0
1777891965.0453324,0.0,-2.0,-74.0
1777891965.0553324,3.0,0.0,-76.0
1777891965.0653324,5.0,0.0,-75.0
1777891965.0753324,2.0,1.0,-76.0
1777891965.0853324,4.0,-1.0,-68.0
1777891965.0953324,1.0,-3.0,-64.0
1777891965.1053324,-5.0,-3.0,-70.0
1777891965.1153324,-2.0,1.0,-72.0
1777891965.1253324,-1.0,-1.0,-70.0
1777891965.1353323,0.0,0.0,-72.0
1777891965.1453323,1.0,-3.0,-66.0
1777891965.1553323,5.0,0.0,-66.0
1777891965.1653323,-1.0,0.0,-70.0
1777891965.1753323,0.0,6.0,-68.0
1777891965.1853323,-3.0,4.0,-63.0
1777891965.1953323,-1.0,2.0,-58.0
1777891965.2053325,-1.0,2.0,-64.0
1777891965.2153325,0.0,3.0,-66.0
1777891965.2253325,3.0,2.0,-66.0
1777891965.2353325,0.0,-1.0,-62.0
1777891965.2453325,-1.0,-5.0,-69.0
1777891965.2553325,-2.0,-3.0,-75.0
1777891965.2653325,-1.0,-1.0,-74.0
1777891965.2753325,1.0,-3.0,-74.0
1777891965.2853324,2.0,-2.0,-80.0
1777891965.2953324,3.0,-5.0,-83.0
1777891965.3053324,5.0,-2.0,-79.0
1777891965.3153324,4.0,-6.0,-69.0
1777891965.3253324,2.0,-6.0,-68.0
1777891965.3353324,3.0,-5.0,-68.0
1777891965.3453324,5.0,-2.0,-75.0
1777891965.3553324,2.0,-6.0,-78.0
1777891965.3653324,2.0,-7.0,-80.0
1777891965.3753324,0.0,-6.0,-83.0
1777891965.3853323,0.0,-4.0,-81.0
1777891965.3953323,1.0,-6.0,-79.0
1777891965.4053323,0.0,-6.0,-76.0
1777891965.4153323,1.0,-6.0,-73.0
1777891965.4253323,1.0,-5.0,-80.0
1777891965.4353323,0.0,-2.0,-79.0
1777891965.4453323,-2.0,0.0,-75.0
1777891965.4553325,1.0,1.0,-73.0
1777891965.4653325,2.0,-3.0,-77.0
1777891965.4753325,3.0,-5.0,-79.0
1777891965.4853325,3.0,-2.0,-79.0
1777891965.4953325,7.0,2.0,-69.0
1777891965.5053325,7.0,5.0,-70.0
1777891965.5153325,3.0,2.0,-74.0
1777891965.5253325,2.0,2.0,-81.0
1777891965.5353324,3.0,-1.0,-78.0
1777891965.5453324,2.0,2.0,-74.0
1777891965.5553324,2.0,0.0,-74.0
1777891965.5653324,3.0,0.0,-76.0
1777891965.5753324,-1.0,1.0,-70.0
1777891965.5853324,0.0,2.0,-71.0
1777891965.5953324,4.0,4.0,-78.0
1777891965.6053324,0.0,2.0,-81.0
1777891965.6153324,-2.0,0.0,-80.0
1777891965.6253324,0.0,-5.0,-75.0
1777891965.6353323,1.0,-7.0,-73.0
1777891965.6453323,-1.0,-1.0,-80.0
1777891965.6553323,-1.0,-4.0,-80.0
1777891965.6653323,-5.0,-4.0,-73.0
1777891965.6753323,-4.0,-1.0,-70.0
1777891965.6853323,-2.0,0.0,-73.0
1777891965.6953323,2.0,0.0,-75.0
1777891965.7053325,4.0,2.0,-76.0
1777891965.7153325,4.0,5.0,-73.0
1777891965.7253325,1.0,3.0,-75.0
1777891965.7353325,2.0,0.0,-67.0
1777891965.7453325,1.0,-1.0,-66.0
1777891965.7553325,3.0,-2.0,-67.0
1777891965.7653325,5.0,-6.0,-68.0
1777891965.7753325,4.0,-8.0,-66.0
1777891965.7853324,2.0,-7.0,-63.0
1777891965.7953324,3.0,-5.0,-59.0
1777891965.8053324,2.0,-4.0,-61.0
1777891965.8153324,2.0,-7.0,-64.0
1777891965.8253324,2.0,-7.0,-66.0
1777891965.8353324,3.0,-9.0,-74.0
1777891965.8453324,-1.0,-9.0,-83.0
1777891965.8553324,0.0,-8.0,-87.0
1777891965.8653324,-4.0,-3.0,-88.0
1777891965.8753324,-3.0,-1.0,-77.0
1777891965.8853323,-3.0,-1.0,-79.0
1777891965.8953323,-1.0,-1.0,-80.0
1777891965.9053323,-2.0,0.0,-78.0
1777891965.9153323,-2.0,1.0,-74.0
1777891965.9253323,-1.0,0.0,-76.0
1777891965.9353323,3.0,0.0,-73.0
1777891965.9453323,6.0,-1.0,-71.0
1777891965.9553325,6.0,0.0,-71.0
1777891965.9653325,2.0,4.0,-72.0
1777891965.9753325,2.0,0.0,-73.0
1777891965.9853325,0.0,0.0,-76.0
1777891965.9953325,0.0,-3.0,-77.0
1777891966.0053325,0.0,-6.0,-75.0
1777891966.0153325,0.0,-1.0,-72.0
1777891966.0253325,-2.0,-1.0,-71.0
1777891966.0353324,-2.0,-4.0,-69.0
1777891966.0453324,2.0,-2.0,-70.0
1777891966.0553324,2.0,-7.0,-73.0
1777891966.0653324,5.0,-8.0,-73.0
1777891966.0753324,3.0,-6.0,-73.0
1777891966.0853324,0.0,-9.0,-73.0
1777891966.0953324,0.0,-9.0,-73.0
1777891966.1053324,5.0,-10.0,-76.0
1777891966.1153324,5.0,-9.0,-76.0
1777891966.1253324,8.0,-7.0,-77.0
1777891966.1353323,2.0,-7.0,-78.0
1777891966.1453323,0.0,-2.0,-76.0
1777891966.1553323,-4.0,-2.0,-76.0
1777891966.1653323,-3.0,-6.0,-73.0
1777891966.1753323,-4.0,-5.0,-75.0
1777891966.1853323,0.0,-4.0,-70.0
1777891966.1953323,-1.0,-3.0,-63.0
1777891966.2053325,-2.0,-4.0,-67.0
1777891966.2153325,-4.0,-5.0,-72.0
1777891966.2253325,-2.0,-6.0,-73.0
1777891966.2353325,0.0,-4.0,-69.0
1777891966.2453325,-1.0,1.0,-67.0
1777891966.2553325,0.0,2.0,-68.0
1777891966.2653325,1.0,1.0,-69.0
1777891966.2753325,2.0,0.0,-73.0
1777891966.2853324,0.0,0.0,-74.0
1777891966.2953324,0.0,0.0,-79.0
1777891966.3053324,0.0,1.0,-77.0
1777891966.3153324,1.0,0.0,-76.0
1777891966.3253324,0.0,0.0,-78.0
1777891966.3353324,-2.0,1.0,-71.0
1777891966.3453324,-4.0,1.0,-69.0
1777891966.3553324,-6.0,-3.0,-64.0
1777891966.3653324,-6.0,-1.0,-66.0
1777891966.3753324,-7.0,5.0,-65.0
1777891966.3853323,-4.0,6.0,-68.0
1777891966.3953323,0.0,3.0,-72.0
1777891966.4053323,0.0,1.0,-80.0
1777891966.4153323,6.0,1.0,-75.0
1777891966.4253323,5.0,5.0,-79.0
1777891966.4353323,6.0,3.0,-76.0
1777891966.4453323,5.0,0.0,-68.0
1777891966.4553325,6.0,0.0,-69.0
1777891966.4653325,9.0,-1.0,-72.0
1777891966.4753325,7.0,-3.0,-75.0
1777891966.4853325,7.0,-4.0,-81.0
1777891966.4953325,10.0,-6.0,-80.0
1777891966.5053325,7.0,-7.0,-77.0
1777891966.5153325,3.0,-4.0,-77.0
1777891966.5253325,1.0,-4.0,-72.0
1777891966.5353324,1.0,-4.0,-74.0
1777891966.5453324,1.0,-3.0,-72.0
1777891966.5553324,4.0,-1.0,-72.0
1777891966.5653324,6.0,-3.0,-72.0
1777891966.5753324,9.0,-3.0,-75.0
1777891966.5853324,8.0,-5.0,-73.0
1777891966.5953324,2.0,-7.0,-80.0
1777891966.6053324,-1.0,-8.0,-79.0
1777891966.6153324,-2.0,-7.0,-72.0
1777891966.6253324,-3.0,-6.0,-72.0
1777891966.6353323,2.0,-5.0,-76.0
1777891966.6453323,2.0,-6.0,-74.0
1777891966.6553323,2.0,-7.0,-75.0
1777891966.6653323,0.0,-6.0,-76.0
1777891966.6753323,-1.0,0.0,-74.0
1777891966.6863325,-3.0,-2.0,-75.0
1777891966.6963325,-2.0,-2.0,-72.0
1777891966.7063324,0.0,-4.0,-66.0
1777891966.7163324,-4.0,-7.0,-65.0
1777891966.7263324,-7.0,-6.0,-60.0
1777891966.7363324,-4.0,-7.0,-53.0
1777891966.7463324,-4.0,-5.0,-60.0
1777891966.7563324,-3.0,-1.0,-60.0
1777891966.7663324,-3.0,-1.0,-55.0
1777891966.7763324,-6.0,4.0,-54.0
1777891966.7863324,-7.0,5.0,-60.0
1777891966.7963324,-10.0,2.0,-65.0
1777891966.8063323,-8.0,3.0,-71.0
1777891966.8163323,-3.0,1.0,-77.0
1777891966.8263323,4.0,4.0,-73.0
1777891966.8363323,5.0,0.0,-74.0
1777891966.8463323,9.0,-1.0,-70.0
1777891966.8563323,11.0,-2.0,-73.0
1777891966.8663323,11.0,0.0,-71.0
1777891966.8763323,0.0,0.0,-75.0
1777891966.8863325,2.0,0.0,-80.0
1777891966.8963325,-1.0,-5.0,-76.0
1777891966.9063325,-2.0,-3.0,-71.0
1777891966.9163325,-4.0,-1.0,-69.0
1777891966.9263325,-2.0,0.0,-73.0
1777891966.9363325,-1.0,-3.0,-75.0
1777891966.9463325,3.0,-3.0,-77.0
1777891966.9563324,6.0,-2.0,-68.0
1777891966.9663324,2.0,-2.0,-66.0
1777891966.9763324,0.0,-6.0,-68.0
1777891966.9863324,2.0,-6.0,-76.0
1777891966.9963324,2.0,-6.0,-81.0
1777891967.0063324,-3.0,-3.0,-80.0
1777891967.0163324,-9.0,0.0,-75.0
1777891967.0263324,-3.0,-1.0,-71.0
1777891967.0363324,2.0,-2.0,-74.0
1777891967.0463324,3.0,-1.0,-62.0
1777891967.0563323,3.0,0.0,-63.0
1777891967.0663323,2.0,-1.0,-70.0
1777891967.0763323,0.0,0.0,-71.0
1777891967.0863323,3.0,-4.0,-72.0
1777891967.0963323,3.0,-4.0,-69.0
1777891967.1063323,0.0,-4.0,-66.0
1777891967.1163323,-2.0,-3.0,-61.0
1777891967.1263323,0.0,0.0,-66.0
1777891967.1363325,-3.0,1.0,-69.0
1777891967.1463325,-6.0,1.0,-69.0
1777891967.1563325,-7.0,2.0,-77.0
1777891967.1663325,-8.0,3.0,-73.0
1777891967.1763325,-11.0,4.0,-72.0
1777891967.1863325,-8.0,6.0,-70.0
1777891967.1963325,-9.0,7.0,-72.0
1777891967.2063324,-5.0,4.0,-78.0
1777891967.2163324,-3.0,0.0,-80.0
1777891967.2263324,-4.0,-4.0,-84.0
1777891967.2363324,-3.0,-4.0,-84.0
1777891967.2463324,2.0,-9.0,-80.0
1777891967.2563324,3.0,-7.0,-79.0
1777891967.2663324,2.0,-2.0,-72.0
1777891967.2763324,-1.0,-4.0,-70.0
1777891967.2863324,1.0,-3.0,-66.0
1777891967.2963324,2.0,-1.0,-69.0
1777891967.3063323,5.0,0.0,-75.0
1777891967.3163323,9.0,0.0,-76.0
1777891967.3263323,4.0,-1.0,-76.0
1777891967.3363323,3.0,1.0,-71.0
1777891967.3463323,3.0,0.0,-71.0
1777891967.3563323,7.0,3.0,-67.0
1777891967.3663323,3.0,2.0,-64.0
1777891967.3763323,0.0,4.0,-68.0
1777891967.3863325,-6.0,2.0,-74.0
1777891967.3963325,-4.0,0.0,-72.0
1777891967.4063325,0.0,-1.0,-67.0
1777891967.4163325,3.0,-1.0,-70.0
1777891967.4263325,6.0,-1.0,-70.0
1777891967.4363325,3.0,-2.0,-72.0
1777891967.4463325,5.0,2.0,-76.0
1777891967.4563324,4.0,4.0,-69.0
1777891967.4663324,2.0,5.0,-72.0
1777891967.4763324,6.0,4.0,-75.0
1777891967.4863324,6.0,5.0,-71.0
1777891967.4963324,9.0,11.0,-70.0
1777891967.5063324,4.0,9.0,-73.0
1777891967.5163324,0.0,5.0,-75.0
1777891967.5263324,-3.0,4.0,-70.0
1777891967.5363324,-2.0,6.0,-68.0
1777891967.5463324,0.0,8.0,-66.0
1777891967.5563323,0.0,3.0,-67.0
1777891967.5663323,0.0,1.0,-65.0
1777891967.5763323,-2.0,1.0,-68.0
1777891967.5863323,-2.0,0.0,-69.0
1777891967.5963323,-4.0,0.0,-68.0
1777891967.6063323,-4.0,0.0,-67.0
1777891967.6163323,0.0,0.0,-65.0
1777891967.6263323,1.0,-1.0,-64.0
1777891967.6363325,5.0,-5.0,-64.0
1777891967.6463325,9.0,-10.0,-63.0
1777891967.6563325,6.0,-9.0,-62.0
1777891967.6663325,4.0,-6.0,-66.0
1777891967.6763325,3.0,-6.0,-69.0
1777891967.6863325,2.0,-7.0,-69.0
1777891967.6963325,3.0,-5.0,-71.0
1777891967.7063324,3.0,-4.0,-63.0
1777891967.7163324,6.0,-5.0,-65.0
1777891967.7263324,6.0,-5.0,-66.0
1777891967.7363324,6.0,-1.0,-68.0
1777891967.7463324,1.0,0.0,-68.0
1777891967.7563324,5.0,1.0,-68.0
1777891967.7663324,9.0,1.0,-71.0
1777891967.7763324,5.0,-1.0,-68.0
1777891967.7863324,7.0,1.0,-65.0
1777891967.7963324,4.0,-2.0,-69.0
1777891967.8063323,-1.0,0.0,-70.0
1777891967.8163323,-2.0,0.0,-69.0
1777891967.8263323,-1.0,0.0,-72.0
1777891967.8363323,-1.0,0.0,-75.0
1777891967.8463323,1.0,3.0,-77.0
1777891967.8563323,1.0,6.0,-76.0
1777891967.8663323,1.0,5.0,-76.0
1777891967.8763323,-1.0,5.0,-69.0
1777891967.8863325,2.0,6.0,-71.0
1777891967.8963325,0.0,6.0,-66.0
1777891967.9063325,-1.0,5.0,-74.0
1777891967.9163325,-3.0,0.0,-73.0
1777891967.9263325,-2.0,0.0,-68.0
1777891967.9363325,-7.0,0.0,-72.0
1777891967.9463325,0.0,0.0,-68.0
1777891967.9563324,5.0,-1.0,-64.0
1777891967.9663324,7.0,2.0,-65.0
1777891967.9763324,8.0,0.0,-72.0
1777891967.9863324,7.0,0.0,-76.0
1777891967.9963324,3.0,0.0,-82.0
1777891968.0063324,-2.0,-4.0,-80.0
1777891968.0163324,2.0,-3.0,-81.0
1777891968.0263324,3.0,-1.0,-82.0
1777891968.0363324,3.0,0.0,-75.0
1777891968.0463324,5.0,2.0,-67.0
1777891968.0563323,4.0,4.0,-76.0
1777891968.0663323,3.0,3.0,-72.0
1777891968.0763323,4.0,8.0,-72.0
1777891968.0863323,0.0,9.0,-77.0
1777891968.0963323,0.0,11.0,-76.0
1777891968.1063323,-4.0,11.0,-75.0
1777891968.1163323,-5.0,9.0,-72.0
1777891968.1263323,-1.0,5.0,-69.0
1777891968.1363325,-4.0,0.0,-71.0
1777891968.1463325,-1.0,-2.0,-75.0
1777891968.1563325,0.0,-5.0,-76.0
1777891968.1663325,0.0,-5.0,-78.0
1777891968.1763325,1.0,-4.0,-78.0
1777891968.1863325,-1.0,-7.0,-84.0
1777891968.1963325,-4.0,-8.0,-83.0
1777891968.2063324,-3.0,-2.0,-89.0
1777891968.2163324,-2.0,-2.0,-83.0
1777891968.2263324,-2.0,-4.0,-79.0
1777891968.2363324,-3.0,-5.0,-78.0
1777891968.2463324,0.0,-1.0,-84.0
1777891968.2563324,1.0,-1.0,-79.0
1777891968.2663324,0.0,-1.0,-77.0
1777891968.2763324,-5.0,-1.0,-69.0
1777891968.2863324,-4.0,-5.0,-74.0
1777891968.2963324,-2.0,-6.0,-81.0
1777891968.3063323,0.0,-6.0,-84.0
1777891968.3163323,4.0,-2.0,-85.0
1777891968.3263323,4.0,2.0,-84.0
1777891968.3363323,4.0,6.0,-85.0
1777891968.3463323,0.0,3.0,-86.0
1777891968.3563323,0.0,-1.0,-81.0
1777891968.3663323,1.0,0.0,-77.0
1777891968.3763323,1.0,-1.0,-79.0
1777891968.3863325,3.0,-1.0,-79.0
1777891968.3963325,4.0,-4.0,-85.0
1777891968.4063325,7.0,-2.0,-85.0
1777891968.4163325,5.0,1.0,-84.0
1777891968.4263325,0.0,-1.0,-91.0
1777891968.4363325,0.0,-5.0,-90.0
1777891968.4463325,-2.0,-3.0,-84.0
1777891968.4563324,1.0,0.0,-79.0
1777891968.4663324,5.0,-4.0,-77.0
1777891968.4763324,6.0,-4.0,-74.0
1777891968.4863324,7.0,-2.0,-77.0
1777891968.4963324,5.0,1.0,-77.0
1777891968.5063324,7.0,3.0,-70.0
1777891968.5163324,1.0,0.0,-74.0
1777891968.5263324,1.0,5.0,-74.0
1777891968.5363324,-5.0,3.0,-72.0
1777891968.5463324,-3.0,2.0,-69.0
1777891968.5563323,-5.0,3.0,-67.0
1777891968.5663323,-6.0,4.0,-71.0
1777891968.5763323,-5.0,2.0,-67.0
1777891968.5863323,-1.0,2.0,-64.0
1777891968.5963323,-5.0,0.0,-66.0
1777891968.6063323,-6.0,0.0,-65.0
1777891968.6163323,-4.0,2.0,-67.0
1777891968.6273324,-5.0,4.0,-67.0
1777891968.6363325,-5.0,1.0,-67.0
1777891968.6463325,0.0,2.0,-71.0
1777891968.6573324,-1.0,3.0,-76.0
1777891968.6673324,-2.0,0.0,-69.0
1777891968.6773324,0.0,2.0,-71.0
1777891968.6873324,0.0,1.0,-63.0
1777891968.6973324,0.0,0.0,-67.0
1777891968.7073324,1.0,0.0,-68.0
1777891968.7173324,4.0,0.0,-63.0
1777891968.7273324,5.0,0.0,-67.0
1777891968.7373323,3.0,-1.0,-67.0
1777891968.7473323,2.0,-3.0,-66.0
1777891968.7573323,3.0,-4.0,-68.0
1777891968.7673323,2.0,-7.0,-69.0
1777891968.7773323,0.0,-6.0,-71.0
1777891968.7873323,1.0,-3.0,-66.0
1777891968.7973323,-1.0,-1.0,-69.0
1777891968.8073325,-1.0,0.0,-66.0
1777891968.8173325,-1.0,-1.0,-69.0
1777891968.8273325,-3.0,-2.0,-71.0
1777891968.8373325,-2.0,-7.0,-68.0
1777891968.8473325,1.0,-7.0,-71.0
1777891968.8573325,0.0,-7.0,-76.0
1777891968.8673325,-2.0,-6.0,-74.0
1777891968.8773324,-3.0,-4.0,-76.0
1777891968.8873324,-2.0,-5.0,-78.0
1777891968.8973324,-1.0,-4.0,-77.0
1777891968.9073324,-3.0,-8.0,-79.0
1777891968.9173324,-2.0,-10.0,-75.0
1777891968.9273324,-4.0,-10.0,-74.0
1777891968.9373324,-7.0,-7.0,-71.0
1777891968.9473324,-10.0,-4.0,-68.0
1777891968.9573324,-9.0,-3.0,-76.0
1777891968.9673324,-6.0,-7.0,-81.0
1777891968.9773324,-5.0,-4.0,-76.0
1777891968.9873323,-2.0,-3.0,-70.0
1777891968.9973323,2.0,-6.0,-71.0
1777891969.0073323,0.0,-2.0,-65.0
1777891969.0173323,0.0,0.0,-62.0
1777891969.0273323,2.0,1.0,-65.0
1777891969.0373323,1.0,2.0,-68.0
1777891969.0473323,0.0,-2.0,-72.0
1777891969.0573325,0.0,-4.0,-80.0
1777891969.0673325,1.0,0.0,-77.0
1777891969.0773325,-1.0,-2.0,-70.0
1777891969.0873325,2.0,-2.0,-66.0
1777891969.0973325,-2.0,-1.0,-70.0
1777891969.1073325,-3.0,-2.0,-71.0
1777891969.1173325,-1.0,-2.0,-67.0
1777891969.1273324,0.0,0.0,-69.0
1777891969.1373324,-1.0,0.0,-71.0
1777891969.1473324,-7.0,-1.0,-74.0
1777891969.1573324,-7.0,0.0,-72.0
1777891969.1673324,-5.0,2.0,-68.0
1777891969.1773324,-1.0,0.0,-67.0
1777891969.1873324,0.0,0.0,-72.0
1777891969.1973324,-2.0,3.0,-72.0
1777891969.2073324,-1.0,4.0,-67.0
1777891969.2183323,-4.0,7.0,-67.0
1777891969.2273324,-2.0,9.0,-62.0
1777891969.2373323,-4.0,5.0,-71.0
1777891969.2473323,-4.0,3.0,-76.0
1777891969.2573323,0.0,-3.0,-71.0
1777891969.2673323,0.0,-5.0,-76.0
1777891969.2773323,-1.0,-8.0,-73.0
1777891969.2873323,1.0,-6.0,-75.0
1777891969.2973323,-5.0,-6.0,-70.0
1777891969.3073325,0.0,-10.0,-67.0
1777891969.3173325,6.0,-8.0,-65.0
1777891969.3273325,1.0,-7.0,-65.0
1777891969.3373325,7.0,-6.0,-64.0
1777891969.3473325,7.0,-6.0,-74.0
1777891969.3573325,4.0,-6.0,-71.0
1777891969.3673325,1.0,-6.0,-71.0
1777891969.3773324,0.0,-5.0,-67.0
1777891969.3873324,-1.0,-8.0,-67.0
1777891969.3973324,0.0,-5.0,-64.0
1777891969.4073324,0.0,-7.0,-56.0
1777891969.4173324,-1.0,-6.0,-54.0
1777891969.4273324,0.0,-1.0,-60.0
1777891969.4373324,0.0,-1.0,-58.0
1777891969.4473324,1.0,-1.0,-67.0
1777891969.4573324,1.0,0.0,-64.0
1777891969.4673324,4.0,0.0,-56.0
1777891969.4773324,5.0,0.0,-66.0
1777891969.4873323,5.0,1.0,-73.0
1777891969.4973323,6.0,3.0,-72.0
1777891969.5073323,5.0,5.0,-73.0
1777891969.5173323,7.0,4.0,-67.0
1777891969.5273323,6.0,1.0,-65.0
1777891969.5373323,0.0,0.0,-61.0
1777891969.5473323,1.0,0.0,-64.0
1777891969.5573325,4.0,-2.0,-66.0
1777891969.5673325,6.0,-2.0,-67.0
1777891969.5773325,1.0,0.0,-66.0
1777891969.5873325,-1.0,1.0,-59.0
1777891969.5973325,4.0,-2.0,-61.0
1777891969.6073325,4.0,-2.0,-73.0
1777891969.6173325,4.0,-5.0,-73.0
1777891969.6273324,5.0,-3.0,-72.0
1777891969.6373324,3.0,0.0,-68.0
1777891969.6473324,6.0,0.0,-78.0
1777891969.6573324,11.0,-2.0,-77.0
1777891969.6673324,11.0,-2.0,-74.0
1777891969.6773324,9.0,-1.0,-69.0
1777891969.6873324,8.0,0.0,-63.0
1777891969.6973324,6.0,1.0,-61.0
1777891969.7073324,9.0,0.0,-58.0
1777891969.7173324,13.0,-1.0,-59.0
1777891969.7273324,10.0,-3.0,-59.0
1777891969.7373323,14.0,-5.0,-66.0
1777891969.7473323,9.0,-4.0,-63.0
1777891969.7573323,7.0,0.0,-65.0
1777891969.7673323,6.0,-3.0,-66.0
1777891969.7773323,2.0,-3.0,-62.0
1777891969.7873323,3.0,0.0,-61.0
1777891969.7973323,2.0,-2.0,-62.0
1777891969.8073325,-2.0,-1.0,-66.0
1777891969.8173325,0.0,-2.0,-71.0
1777891969.8273325,5.0,-1.0,-73.0
1777891969.8373325,3.0,-1.0,-73.0
1777891969.8473325,1.0,4.0,-73.0
1777891969.8573325,0.0,1.0,-70.0
1777891969.8673325,1.0,0.0,-76.0
1777891969.8773324,0.0,-1.0,-77.0
1777891969.8873324,-2.0,1.0,-74.0
1777891969.8973324,-4.0,0.0,-72.0
1777891969.9073324,-4.0,0.0,-70.0
1777891969.9173324,-4.0,-3.0,-64.0
1777891969.9273324,0.0,-3.0,-64.0
1777891969.9373324,1.0,-1.0,-62.0
1777891969.9473324,1.0,2.0,-64.0
1777891969.9573324,2.0,2.0,-64.0
1777891969.9673324,3.0,7.0,-72.0
1777891969.9773324,4.0,7.0,-75.0
1777891969.9873323,0.0,8.0,-73.0
1777891969.9973323,0.0,2.0,-77.0
1777891970.0073323,1.0,0.0,-78.0
1777891970.0173323,0.0,1.0,-73.0
1777891970.0273323,0.0,1.0,-67.0
1777891970.0373323,2.0,-1.0,-69.0
1777891970.0473323,5.0,-1.0,-67.0
1777891970.0573325,6.0,-2.0,-62.0
1777891970.0673325,2.0,-5.0,-63.0
1777891970.0773325,0.0,-4.0,-72.0
1777891970.0873325,2.0,-3.0,-70.0
1777891970.0973325,5.0,0.0,-71.0
1777891970.1073325,5.0,0.0,-72.0
1777891970.1173325,6.0,0.0,-74.0
1777891970.1273324,8.0,-3.0,-81.0
1777891970.1373324,4.0,0.0,-76.0
1777891970.1473324,5.0,0.0,-73.0
1777891970.1573324,3.0,0.0,-69.0
1777891970.1673324,4.0,-1.0,-67.0
1777891970.1773324,4.0,-2.0,-68.0
1777891970.1873324,0.0,-1.0,-61.0
1777891970.1973324,1.0,0.0,-69.0
1777891970.2073324,-2.0,-2.0,-69.0
1777891970.2173324,-5.0,-2.0,-70.0
1777891970.2273324,0.0,1.0,-64.0
1777891970.2373323,0.0,0.0,-64.0
1777891970.2473323,0.0,0.0,-62.0
1777891970.2573323,-1.0,-3.0,-62.0
1777891970.2673323,-2.0,-2.0,-68.0
1777891970.2773323,0.0,-3.0,-71.0
1777891970.2873323,2.0,-2.0,-73.0
1777891970.2973323,4.0,0.0,-71.0
1777891970.3073325,2.0,-1.0,-73.0
1777891970.3173325,1.0,-1.0,-73.0
1777891970.3273325,2.0,0.0,-79.0
1777891970.3373325,2.0,0.0,-77.0
1777891970.3473325,0.0,-3.0,-80.0
1777891970.3573325,-2.0,-1.0,-81.0
1777891970.3673325,-4.0,-2.0,-81.0
1777891970.3773324,-2.0,-1.0,-77.0
1777891970.3873324,0.0,1.0,-73.0
1777891970.3973324,0.0,2.0,-72.0
1777891970.4073324,-1.0,0.0,-69.0
1777891970.4173324,-5.0,3.0,-67.0
1777891970.4273324,-7.0,3.0,-70.0
1777891970.4373324,-3.0,2.0,-71.0
1777891970.4473324,1.0,2.0,-74.0
1777891970.4573324,0.0,1.0,-73.0
1777891970.4673324,-4.0,0.0,-73.0
1777891970.4773324,-2.0,0.0,-71.0
1777891970.4873323,-4.0,-1.0,-67.0
1777891970.4973323,0.0,-2.0,-73.0
1777891970.5073323,5.0,0.0,-75.0
1777891970.5173323,0.0,-1.0,-71.0
1777891970.5273323,3.0,-1.0,-76.0
1777891970.5373323,1.0,0.0,-79.0
1777891970.5473323,4.0,-1.0,-82.0
1777891970.5573325,0.0,-1.0,-81.0
1777891970.5673325,-2.0,-5.0,-78.0
1777891970.5773325,4.0,-5.0,-72.0
1777891970.5873325,2.0,-2.0,-69.0
1777891970.5973325,4.0,-4.0,-71.0
1777891970.6083324,3.0,-2.0,-72.0
1777891970.6183324,0.0,-2.0,-71.0
1777891970.6283324,1.0,0.0,-63.0
1777891970.6373324,1.0,-2.0,-60.0
1777891970.6483324,4.0,-4.0,-55.0
1777891970.6583323,-1.0,-8.0,-65.0
1777891970.6683323,-3.0,-6.0,-72.0
1777891970.6783323,-2.0,-5.0,-77.0
1777891970.6883323,0.0,-5.0,-70.0
1777891970.6983323,0.0,-9.0,-72.0
1777891970.7083323,0.0,-8.0,-69.0
1777891970.7183323,0.0,-7.0,-64.0
1777891970.7283323,0.0,-7.0,-68.0
1777891970.7383325,2.0,-6.0,-74.0
1777891970.7483325,2.0,-5.0,-74.0
1777891970.7583325,-1.0,-6.0,-73.0
1777891970.7683325,2.0,-6.0,-73.0
1777891970.7783325,6.0,0.0,-73.0
1777891970.7883325,4.0,1.0,-67.0
1777891970.7983325,0.0,1.0,-68.0
1777891970.8083324,1.0,0.0,-67.0
1777891970.8183324,2.0,1.0,-72.0
1777891970.8283324,8.0,3.0,-69.0
1777891970.8383324,10.0,3.0,-69.0
1777891970.8483324,9.0,0.0,-69.0
1777891970.8583324,10.0,-1.0,-71.0
1777891970.8683324,7.0,-2.0,-68.0
1777891970.8783324,7.0,-4.0,-69.0
1777891970.8883324,9.0,-5.0,-69.0
1777891970.8983324,6.0,0.0,-68.0
1777891970.9083323,4.0,2.0,-69.0
1777891970.9183323,0.0,0.0,-69.0
1777891970.9283323,-2.0,0.0,-70.0
1777891970.9383323,0.0,0.0,-66.0
1777891970.9483323,-3.0,3.0,-68.0
1777891970.9583323,-9.0,2.0,-69.0
1777891970.9683323,-5.0,0.0,-69.0
1777891970.9783323,0.0,-1.0,-60.0
1777891970.9883325,-1.0,0.0,-63.0
1777891970.9983325,0.0,1.0,-68.0
1777891971.0083325,-1.0,-1.0,-73.0
1777891971.0183325,-3.0,0.0,-67.0
1777891971.0283325,-6.0,1.0,-64.0
1777891971.0383325,-5.0,3.0,-60.0
1777891971.0483325,0.0,-2.0,-66.0
1777891971.0583324,-2.0,-5.0,-67.0
1777891971.0683324,0.0,-3.0,-65.0
1777891971.0783324,-2.0,-3.0,-67.0
1777891971.0883324,-3.0,-5.0,-73.0
1777891971.0983324,-4.0,-3.0,-77.0
1777891971.1083324,-3.0,-6.0,-74.0
1777891971.1183324,-3.0,-2.0,-79.0
1777891971.1283324,-5.0,0.0,-80.0
1777891971.1383324,-3.0,-1.0,-81.0
1777891971.1483324,-7.0,0.0,-78.0
1777891971.1583323,-7.0,-4.0,-78.0
1777891971.1683323,-7.0,-7.0,-73.0
1777891971.1783323,-2.0,-5.0,-77.0
1777891971.1883323,2.0,-4.0,-75.0
1777891971.1983323,2.0,-4.0,-76.0
1777891971.2083323,5.0,-2.0,-74.0
1777891971.2183323,7.0,3.0,-72.0
1777891971.2283323,7.0,0.0,-75.0
1777891971.2383325,4.0,0.0,-71.0
1777891971.2483325,0.0,-1.0,-68.0
1777891971.2583325,0.0,-3.0,-68.0
1777891971.2683325,1.0,-4.0,-69.0
1777891971.2783325,1.0,-9.0,-70.0
1777891971.2883325,3.0,-8.0,-72.0
1777891971.2983325,3.0,-5.0,-74.0
1777891971.3083324,0.0,-2.0,-77.0
1777891971.3183324,2.0,-3.0,-77.0
1777891971.3283324,-2.0,0.0,-76.0
1777891971.3383324,-3.0,0.0,-75.0
1777891971.3483324,-1.0,1.0,-79.0
1777891971.3583324,-2.0,-2.0,-81.0
1777891971.3683324,-1.0,-3.0,-79.0
1777891971.3783324,-1.0,-1.0,-81.0
1777891971.3883324,-4.0,-2.0,-85.0
1777891971.3983324,0.0,1.0,-83.0
1777891971.4083323,-1.0,1.0,-77.0
1777891971.4183323,0.0,0.0,-77.0
1777891971.4283323,3.0,-1.0,-79.0
1777891971.4383323,2.0,-4.0,-73.0
1777891971.4483323,3.0,-4.0,-74.0
1777891971.4583323,1.0,-2.0,-70.0
1777891971.4683323,1.0,-2.0,-71.0
1777891971.4783323,-3.0,0.0,-75.0
1777891971.4883325,-2.0,3.0,-73.0
1777891971.4983325,0.0,3.0,-71.0
1777891971.5083325,0.0,1.0,-79.0
1777891971.5183325,0.0,-3.0,-81.0
1777891971.5283325,0.0,0.0,-79.0
1777891971.5383325,0.0,0.0,-81.0
1777891971.5483325,1.0,-1.0,-72.0
1777891971.5583324,-4.0,-1.0,-68.0
1777891971.5683324,-7.0,-2.0,-68.0
1777891971.5783324,-5.0,0.0,-68.0
1777891971.5883324,1.0,2.0,-63.0
1777891971.5983324,0.0,1.0,-64.0
1777891971.6083324,2.0,2.0,-72.0
1777891971.6183324,3.0,5.0,-79.0
1777891971.6283324,9.0,8.0,-74.0
1777891971.6383324,11.0,11.0,-74.0
1777891971.6483324,9.0,5.0,-66.0
1777891971.6583323,9.0,6.0,-69.0
1777891971.6683323,6.0,2.0,-79.0
1777891971.6783323,4.0,-1.0,-84.0
1777891971.6883323,0.0,-3.0,-84.0
1777891971.6983323,-4.0,-4.0,-84.0
1777891971.7083323,-2.0,-6.0,-82.0
1777891971.7183323,0.0,-5.0,-83.0
1777891971.7283323,0.0,-6.0,-82.0
1777891971.7383325,1.0,-6.0,-74.0
1777891971.7483325,0.0,-5.0,-74.0
1777891971.7583325,0.0,-2.0,-71.0
1777891971.7683325,1.0,-2.0,-69.0
1777891971.7783325,0.0,2.0,-72.0
1777891971.7883325,-5.0,1.0,-75.0
1777891971.7983325,-6.0,-1.0,-76.0
1777891971.8083324,-3.0,-4.0,-75.0
1777891971.8183324,0.0,-9.0,-75.0
1777891971.8283324,-3.0,-12.0,-78.0
1777891971.8383324,-1.0,-11.0,-79.0
1777891971.8483324,-3.0,-8.0,-79.0
1777891971.8583324,-4.0,-4.0,-78.0
1777891971.8683324,0.0,-1.0,-73.0
1777891971.8783324,-3.0,3.0,-74.0
1777891971.8883324,3.0,2.0,-75.0
1777891971.8983324,5.0,2.0,-74.0
1777891971.9083323,5.0,0.0,-74.0
1777891971.9183323,11.0,-1.0,-83.0
1777891971.9283323,3.0,-2.0,-84.0
1777891971.9383323,3.0,0.0,-75.0
1777891971.9483323,1.0,0.0,-73.0
1777891971.9583323,-1.0,-1.0,-78.0
1777891971.9683323,-3.0,-6.0,-84.0
1777891971.9783323,-2.0,-5.0,-86.0
1777891971.9883325,-1.0,-5.0,-83.0
1777891971.9983325,-1.0,-3.0,-82.0
1777891972.0083325,-1.0,-4.0,-82.0
1777891972.0183325,-3.0,-2.0,-79.0
1777891972.0283325,-3.0,-2.0,-77.0
1777891972.0383325,-2.0,-4.0,-72.0
1777891972.0483325,-3.0,-6.0,-74.0
1777891972.0583324,0.0,-4.0,-75.0
1777891972.0683324,4.0,-2.0,-75.0
1777891972.0783324,5.0,0.0,-69.0
1777891972.0883324,1.0,1.0,-66.0
1777891972.0983324,-3.0,-4.0,-67.0
1777891972.1083324,-5.0,-4.0,-67.0
1777891972.1183324,-9.0,-4.0,-66.0
1777891972.1283324,-13.0,-4.0,-70.0
1777891972.1383324,-7.0,-5.0,-67.0
1777891972.1483324,-2.0,-3.0,-58.0
1777891972.1583323,1.0,-3.0,-63.0
1777891972.1683323,-1.0,-5.0,-59.0
1777891972.1783323,-2.0,-2.0,-60.0
1777891972.1883323,-4.0,0.0,-56.0
1777891972.1983323,-4.0,-3.0,-58.0
1777891972.2083323,-3.0,-6.0,-65.0
1777891972.2183323,0.0,-3.0,-63.0
1777891972.2283323,0.0,3.0,-60.0
1777891972.2383325,1.0,1.0,-63.0
1777891972.2483325,0.0,2.0,-62.0
1777891972.2583325,-2.0,5.0,-65.0
1777891972.2683325,-3.0,1.0,-67.0
1777891972.2783325,-2.0,0.0,-68.0
1777891972.2883325,0.0,1.0,-67.0
1777891972.2983325,-2.0,1.0,-74.0
1777891972.3083324,3.0,5.0,-69.0
1777891972.3183324,0.0,4.0,-62.0
1777891972.3283324,-2.0,4.0,-63.0
1777891972.3383324,-3.0,2.0,-68.0
1777891972.3483324,-2.0,4.0,-68.0
1777891972.3583324,3.0,3.0,-69.0
1777891972.3683324,1.0,6.0,-70.0
1777891972.3783324,0.0,8.0,-74.0
1777891972.3883324,-2.0,8.0,-70.0
1777891972.3983324,-2.0,5.0,-72.0
1777891972.4083323,0.0,5.0,-73.0
1777891972.4183323,0.0,9.0,-66.0
1777891972.4283323,6.0,4.0,-68.0
1777891972.4383323,5.0,3.0,-74.0
1777891972.4483323,6.0,0.0,-70.0
1777891972.4583323,6.0,0.0,-64.0
1777891972.4683323,4.0,0.0,-67.0
1777891972.4783323,2.0,-2.0,-69.0
1777891972.4883325,1.0,-6.0,-69.0
1777891972.4983325,0.0,-5.0,-64.0
1777891972.5083325,0.0,-1.0,-65.0
1777891972.5183325,3.0,-1.0,-62.0
1777891972.5283325,4.0,-1.0,-64.0
1777891972.5383325,5.0,0.0,-72.0
1777891972.5483325,2.0,2.0,-66.0
1777891972.5583324,1.0,3.0,-71.0
1777891972.5683324,0.0,1.0,-71.0
1777891972.5783324,-5.0,4.0,-74.0
1777891972.5883324,-5.0,2.0,-77.0
1777891972.5983324,-10.0,3.0,-75.0
1777891972.6093323,-14.0,0.0,-76.0
1777891972.6183324,-15.0,-2.0,-72.0
1777891972.6283324,-10.0,-2.0,-68.0
1777891972.6393323,-4.0,0.0,-68.0
1777891972.6493323,-7.0,0.0,-71.0
1777891972.6593325,-5.0,0.0,-68.0
1777891972.6693325,-3.0,-2.0,-62.0
1777891972.6793325,-2.0,-4.0,-65.0
1777891972.6893325,-1.0,-7.0,-68.0
1777891972.6993325,-4.0,-13.0,-67.0
1777891972.7093325,-4.0,-9.0,-71.0
1777891972.7193325,-6.0,-3.0,-72.0
1777891972.7293324,-4.0,-2.0,-77.0
1777891972.7393324,-5.0,0.0,-75.0
1777891972.7493324,-5.0,1.0,-76.0
1777891972.7593324,1.0,1.0,-77.0
1777891972.7693324,1.0,1.0,-73.0
1777891972.7793324,4.0,0.0,-68.0
1777891972.7893324,3.0,-1.0,-66.0
1777891972.7993324,2.0,-3.0,-63.0
1777891972.8093324,4.0,-3.0,-64.0
1777891972.8193324,2.0,0.0,-58.0
1777891972.8293324,4.0,-3.0,-59.0
1777891972.8393323,0.0,-2.0,-57.0
1777891972.8493323,1.0,0.0,-61.0
1777891972.8593323,0.0,0.0,-61.0
1777891972.8693323,4.0,1.0,-56.0
1777891972.8793323,7.0,-3.0,-59.0
1777891972.8893323,5.0,-3.0,-59.0
1777891972.8993323,3.0,-1.0,-59.0
1777891972.9093325,7.0,-1.0,-63.0
1777891972.9193325,3.0,-1.0,-68.0
1777891972.9293325,0.0,-1.0,-81.0
1777891972.9393325,1.0,-2.0,-86.0
1777891972.9493325,0.0,-4.0,-79.0
1777891972.9593325,-4.0,-7.0,-80.0
1777891972.9693325,-1.0,-8.0,-82.0
1777891972.9793324,0.0,-3.0,-78.0
1777891972.9893324,-2.0,-3.0,-80.0
1777891972.9993324,-2.0,-3.0,-76.0
1777891973.0093324,-2.0,-3.0,-70.0
1777891973.0193324,-2.0,1.0,-70.0
1777891973.0293324,-3.0,-1.0,-72.0
1777891973.0393324,-7.0,-6.0,-67.0
1777891973.0493324,-3.0,-6.0,-72.0
1777891973.0593324,-2.0,0.0,-70.0
1777891973.0693324,0.0,3.0,-70.0
1777891973.0793324,2.0,2.0,-69.0
1777891973.0893323,-1.0,2.0,-72.0
1777891973.0993323,0.0,9.0,-66.0
1777891973.1093323,3.0,7.0,-59.0
1777891973.1193323,6.0,2.0,-63.0
1777891973.1293323,11.0,2.0,-68.0
1777891973.1393323,13.0,0.0,-76.0
1777891973.1493323,7.0,-3.0,-80.0
1777891973.1593325,6.0,-3.0,-76.0
1777891973.1693325,5.0,-4.0,-79.0
1777891973.1793325,7.0,-7.0,-82.0
1777891973.1893325,4.0,-9.0,-75.0
1777891973.1993325,0.0,-11.0,-68.0
1777891973.2093325,2.0,-8.0,-77.0
1777891973.2193325,3.0,-9.0,-82.0
1777891973.2293324,5.0,-5.0,-77.0
1777891973.2393324,0.0,-5.0,-79.0
1777891973.2493324,-3.0,-1.0,-82.0
1777891973.2593324,1.0,0.0,-85.0
1777891973.2693324,0.0,2.0,-83.0
1777891973.2793324,-4.0,2.0,-81.0
1777891973.2893324,-1.0,3.0,-77.0
1777891973.2993324,0.0,4.0,-76.0
1777891973.3093324,-1.0,0.0,-71.0
1777891973.3193324,0.0,-2.0,-68.0
1777891973.3293324,-1.0,-1.0,-70.0
1777891973.3393323,-2.0,-2.0,-70.0
1777891973.3493323,-3.0,-4.0,-75.0
1777891973.3593323,-2.0,-2.0,-77.0
1777891973.3693323,-2.0,-6.0,-77.0
1777891973.3793323,0.0,-1.0,-75.0
1777891973.3893323,6.0,2.0,-79.0
1777891973.3993323,2.0,-2.0,-74.0
1777891973.4093325,3.0,-1.0,-67.0
1777891973.4193325,5.0,0.0,-71.0
1777891973.4293325,3.0,4.0,-69.0
1777891973.4393325,1.0,4.0,-67.0
1777891973.4493325,-2.0,-1.0,-65.0
1777891973.4593325,-1.0,-3.0,-65.0
1777891973.4693325,-3.0,-3.0,-61.0
1777891973.4793324,-1.0,-4.0,-63.0
1777891973.4893324,0.0,-5.0,-61.0
1777891973.4993324,-2.0,-5.0,-62.0
1777891973.5093324,-3.0,-5.0,-61.0
1777891973.5193324,0.0,-5.0,-60.0
1777891973.5293324,0.0,-10.0,-61.0
1777891973.5393324,-1.0,-7.0,-63.0
1777891973.5493324,0.0,-3.0,-62.0
1777891973.5593324,0.0,-1.0,-66.0
1777891973.5693324,0.0,1.0,-72.0
1777891973.5793324,0.0,2.0,-77.0
1777891973.5893323,1.0,3.0,-79.0
1777891973.5993323,-2.0,2.0,-74.0
1777891973.6093323,-8.0,2.0,-70.0
1777891973.6193323,-5.0,1.0,-73.0
1777891973.6293323,-6.0,0.0,-71.0
1777891973.6393323,-8.0,2.0,-67.0
1777891973.6493323,-5.0,4.0,-70.0
1777891973.6593325,0.0,0.0,-70.0
1777891973.6693325,2.0,-2.0,-63.0
1777891973.6793325,4.0,-3.0,-59.0
1777891973.6893325,3.0,-4.0,-64.0
1777891973.6993325,4.0,-4.0,-68.0
1777891973.7093325,2.0,-4.0,-66.0
1777891973.7193325,-2.0,-8.0,-65.0
1777891973.7293324,3.0,-5.0,-69.0
1777891973.7393324,1.0,-1.0,-70.0
1777891973.7493324,-2.0,0.0,-72.0
1777891973.7593324,-4.0,4.0,-71.0
1777891973.7693324,-3.0,5.0,-72.0
1777891973.7793324,0.0,6.0,-68.0
1777891973.7893324,4.0,9.0,-64.0
1777891973.7993324,1.0,6.0,-69.0
1777891973.8093324,2.0,2.0,-70.0
1777891973.8193324,2.0,5.0,-68.0
1777891973.8293324,0.0,2.0,-68.0
1777891973.8393323,-1.0,0.0,-71.0
1777891973.8493323,-3.0,-3.0,-72.0
1777891973.8593323,-2.0,-4.0,-77.0
1777891973.8693323,0.0,-6.0,-80.0
1777891973.8793323,-1.0,-3.0,-79.0
1777891973.8893323,-1.0,-3.0,-77.0
1777891973.8993323,-3.0,-4.0,-73.0
1777891973.9093325,-5.0,-1.0,-77.0
1777891973.9193325,-4.0,-1.0,-73.0
1777891973.9293325,-1.0,-1.0,-70.0
1777891973.9393325,0.0,-2.0,-68.0
1777891973.9493325,0.0,-4.0,-70.0
1777891973.9593325,4.0,-1.0,-69.0
1777891973.9693325,6.0,-4.0,-61.0
1777891973.9793324,6.0,-8.0,-62.0
1777891973.9893324,7.0,-6.0,-70.0
1777891973.9993324,8.0,-4.0,-71.0
1777891974.0093324,12.0,-3.0,-79.0
1777891974.0193324,9.0,0.0,-73.0
1777891974.0293324,7.0,0.0,-72.0
1777891974.0393324,7.0,-1.0,-72.0
1777891974.0493324,2.0,-1.0,-71.0
1777891974.0593324,0.0,-2.0,-70.0
1777891974.0693324,0.0,-3.0,-71.0
1777891974.0793324,0.0,-2.0,-79.0
1777891974.0893323,4.0,-3.0,-75.0
1777891974.0993323,5.0,-4.0,-69.0
1777891974.1093323,0.0,-3.0,-75.0
1777891974.1193323,4.0,0.0,-81.0
1777891974.1293323,8.0,0.0,-78.0
1777891974.1393323,5.0,-4.0,-70.0
1777891974.1493323,2.0,-2.0,-75.0
1777891974.1593325,4.0,-1.0,-78.0
1777891974.1693325,4.0,0.0,-77.0
1777891974.1793325,6.0,-4.0,-75.0
1777891974.1893325,10.0,-5.0,-80.0
1777891974.1993325,7.0,-6.0,-81.0
1777891974.2093325,2.0,-1.0,-78.0
1777891974.2193325,2.0,-1.0,-70.0
1777891974.2293324,4.0,-5.0,-62.0
1777891974.2393324,6.0,-1.0,-61.0
1777891974.2493324,3.0,-3.0,-59.0
1777891974.2593324,2.0,-1.0,-58.0
1777891974.2693324,1.0,0.0,-65.0
1777891974.2793324,0.0,0.0,-62.0
1777891974.2893324,5.0,-1.0,-65.0
1777891974.2993324,3.0,1.0,-66.0
1777891974.3093324,6.0,0.0,-68.0
1777891974.3193324,4.0,-3.0,-63.0
1777891974.3293324,5.0,-5.0,-68.0
1777891974.3393323,4.0,-5.0,-72.0
1777891974.3493323,2.0,-9.0,-70.0
1777891974.3593323,1.0,-9.0,-69.0
1777891974.3693323,4.0,-6.0,-76.0
1777891974.3793323,2.0,-6.0,-79.0
1777891974.3893323,1.0,-6.0,-78.0
1777891974.3993323,3.0,-6.0,-71.0
1777891974.4093325,3.0,-3.0,-70.0
1777891974.4193325,5.0,-1.0,-74.0
1777891974.4293325,6.0,3.0,-73.0
1777891974.4393325,7.0,4.0,-69.0
1777891974.4493325,9.0,2.0,-70.0
1777891974.4593325,8.0,-4.0,-69.0
1777891974.4693325,6.0,-8.0,-70.0
1777891974.4793324,8.0,-10.0,-71.0
1777891974.4893324,6.0,-8.0,-75.0
1777891974.4993324,1.0,-7.0,-74.0
1777891974.5093324,-5.0,-7.0,-73.0
1777891974.5193324,-6.0,-4.0,-74.0
1777891974.5293324,-2.0,-2.0,-72.0
1777891974.5393324,-1.0,-4.0,-70.0
1777891974.5493324,-2.0,-3.0,-79.0
1777891974.5593324,0.0,-4.0,-80.0
1777891974.5703323,1.0,-2.0,-76.0
1777891974.5793324,0.0,-1.0,-76.0
1777891974.5893323,-1.0,-3.0,-78.0
1777891974.5993323,-4.0,-1.0,-83.0
1777891974.6103325,-6.0,0.0,-80.0
1777891974.6193323,-3.0,-1.0,-80.0
1777891974.6303325,-1.0,-7.0,-79.0
1777891974.6393323,0.0,-8.0,-78.0
1777891974.6503325,3.0,-4.0,-71.0
1777891974.6603324,6.0,-1.0,-69.0
1777891974.6703324,5.0,-4.0,-68.0
1777891974.6803324,2.0,-4.0,-65.0
1777891974.6903324,2.0,-1.0,-63.0
1777891974.7003324,4.0,-4.0,-70.0
1777891974.7103324,4.0,-3.0,-70.0
1777891974.7203324,6.0,-2.0,-74.0
1777891974.7303324,4.0,-3.0,-70.0
1777891974.7403324,4.0,-3.0,-69.0
1777891974.7503324,5.0,-2.0,-63.0
1777891974.7603323,5.0,-1.0,-67.0
1777891974.7703323,7.0,0.0,-68.0
1777891974.7803323,4.0,3.0,-65.0
1777891974.7903323,0.0,5.0,-64.0
1777891974.8003323,0.0,3.0,-68.0
1777891974.8103323,6.0,2.0,-72.0
1777891974.8203323,2.0,2.0,-76.0
1777891974.8303325,0.0,-1.0,-75.0
1777891974.8403325,3.0,-1.0,-75.0
1777891974.8503325,0.0,-5.0,-75.0
1777891974.8603325,-3.0,-7.0,-84.0
1777891974.8703325,-6.0,-8.0,-82.0
1777891974.8803325,0.0,-10.0,-81.0
1777891974.8903325,1.0,-7.0,-74.0
1777891974.9003325,-1.0,-5.0,-77.0
1777891974.9103324,-4.0,-5.0,-73.0
1777891974.9203324,-1.0,-4.0,-78.0
1777891974.9303324,0.0,-5.0,-72.0
1777891974.9403324,-3.0,-5.0,-68.0
1777891974.9503324,-3.0,-5.0,-77.0
1777891974.9603324,2.0,-3.0,-68.0
1777891974.9703324,4.0,-3.0,-70.0
1777891974.9803324,1.0,-2.0,-73.0
1777891974.9903324,0.0,-2.0,-66.0
1777891975.0003324,0.0,-2.0,-64.0
1777891975.0103323,0.0,-3.0,-62.0
1777891975.0203323,0.0,-1.0,-63.0
1777891975.0303323,0.0,-2.0,-69.0
1777891975.0403323,0.0,1.0,-72.0
1777891975.0503323,-3.0,-3.0,-70.0
1777891975.0603323,-1.0,1.0,-69.0
1777891975.0703323,-3.0,6.0,-68.0
1777891975.0803325,-5.0,3.0,-69.0
1777891975.0903325,-9.0,0.0,-68.0
1777891975.1003325,-8.0,0.0,-66.0
1777891975.1103325,-9.0,0.0,-69.0
1777891975.1203325,-4.0,-5.0,-71.0
1777891975.1303325,-5.0,-5.0,-69.0
1777891975.1403325,-3.0,-1.0,-65.0
1777891975.1503325,-8.0,-4.0,-70.0
1777891975.1603324,-6.0,-3.0,-75.0
1777891975.1703324,-2.0,-7.0,-78.0
1777891975.1803324,-2.0,-7.0,-81.0
1777891975.1903324,1.0,-2.0,-81.0
1777891975.2003324,0.0,-4.0,-81.0
1777891975.2103324,0.0,0.0,-81.0
1777891975.2203324,3.0,-2.0,-85.0
1777891975.2303324,7.0,1.0,-83.0
1777891975.2403324,3.0,-2.0,-78.0
1777891975.2503324,2.0,0.0,-69.0
1777891975.2603323,5.0,0.0,-68.0
1777891975.2703323,4.0,0.0,-71.0
1777891975.2803323,4.0,0.0,-73.0
1777891975.2903323,3.0,0.0,-73.0
1777891975.3003323,1.0,0.0,-68.0
1777891975.3103323,3.0,0.0,-67.0
1777891975.3203323,-2.0,-1.0,-66.0
1777891975.3303325,-1.0,0.0,-65.0
1777891975.3403325,2.0,-2.0,-62.0
1777891975.3503325,2.0,-4.0,-66.0
1777891975.3603325,-1.0,-5.0,-65.0
1777891975.3703325,-2.0,-7.0,-68.0
1777891975.3803325,-1.0,-2.0,-73.0
1777891975.3903325,-1.0,-1.0,-81.0
1777891975.4003325,0.0,-5.0,-85.0
1777891975.4103324,1.0,-5.0,-71.0
1777891975.4203324,-1.0,-5.0,-70.0
1777891975.4303324,-4.0,0.0,-62.0
1777891975.4403324,-3.0,-3.0,-63.0
1777891975.4503324,0.0,-1.0,-62.0
1777891975.4603324,1.0,0.0,-60.0
1777891975.4703324,1.0,-3.0,-55.0
1777891975.4803324,2.0,-4.0,-55.0
1777891975.4903324,2.0,-4.0,-64.0
1777891975.5003324,0.0,-5.0,-59.0
1777891975.5103323,-4.0,-5.0,-58.0
1777891975.5203323,-1.0,-4.0,-58.0
1777891975.5303323,-1.0,-8.0,-63.0
1777891975.5403323,4.0,-6.0,-64.0
1777891975.5503323,5.0,-3.0,-62.0
1777891975.5603323,0.0,-2.0,-60.0
1777891975.5703323,-7.0,0.0,-60.0
1777891975.5803325,-4.0,0.0,-63.0
1777891975.5903325,-4.0,0.0,-66.0
1777891975.6003325,-3.0,-2.0,-68.0
1777891975.6103325,-2.0,-4.0,-70.0
1777891975.6203325,-1.0,-2.0,-70.0
1777891975.6303325,0.0,-5.0,-69.0
1777891975.6403325,0.0,-6.0,-70.0
1777891975.6503325,4.0,-1.0,-72.0
1777891975.6603324,1.0,-4.0,-72.0
1777891975.6703324,6.0,-6.0,-71.0
1777891975.6803324,2.0,-5.0,-65.0
1777891975.6903324,0.0,-5.0,-67.0
1777891975.7003324,-1.0,-2.0,-71.0
1777891975.7103324,-3.0,-2.0,-74.0
1777891975.7203324,-2.0,-4.0,-69.0
1777891975.7303324,-6.0,0.0,-67.0
1777891975.7403324,-3.0,-1.0,-74.0
1777891975.7503324,-1.0,-4.0,-75.0
1777891975.7603323,1.0,-3.0,-70.0
1777891975.7703323,1.0,0.0,-60.0
1777891975.7803323,2.0,0.0,-65.0
1777891975.7903323,3.0,1.0,-74.0
1777891975.8003323,10.0,0.0,-75.0
1777891975.8103323,14.0,0.0,-79.0
1777891975.8203323,11.0,-4.0,-78.0
1777891975.8303325,5.0,-2.0,-78.0
1777891975.8403325,0.0,-2.0,-79.0
1777891975.8503325,1.0,1.0,-79.0
1777891975.8603325,3.0,0.0,-74.0
1777891975.8703325,0.0,-6.0,-77.0
1777891975.8803325,1.0,-6.0,-72.0
1777891975.8903325,-1.0,-7.0,-74.0
1777891975.9003325,-1.0,-4.0,-78.0
1777891975.9103324,-1.0,-3.0,-69.0
1777891975.9203324,0.0,-8.0,-66.0
1777891975.9303324,0.0,-5.0,-71.0
1777891975.9403324,1.0,-5.0,-72.0
1777891975.9503324,2.0,-5.0,-67.0
1777891975.9603324,2.0,-6.0,-67.0
1777891975.9703324,1.0,-4.0,-75.0
1777891975.9803324,4.0,0.0,-67.0
1777891975.9903324,0.0,0.0,-62.0
1777891976.0003324,-1.0,0.0,-70.0
1777891976.0103323,0.0,0.0,-73.0
1777891976.0203323,0.0,2.0,-76.0
1777891976.0303323,4.0,1.0,-82.0
1777891976.0403323,0.0,-1.0,-78.0
1777891976.0503323,2.0,-6.0,-82.0
1777891976.0603323,1.0,-8.0,-77.0
1777891976.0703323,4.0,-3.0,-78.0
1777891976.0803325,2.0,-1.0,-77.0
1777891976.0903325,7.0,-2.0,-69.0
1777891976.1003325,9.0,-2.0,-75.0
1777891976.1103325,11.0,-1.0,-75.0
1777891976.1203325,11.0,0.0,-71.0
1777891976.1303325,9.0,0.0,-70.0
1777891976.1403325,10.0,5.0,-67.0
1777891976.1503325,11.0,2.0,-62.0
1777891976.1603324,7.0,2.0,-61.0
1777891976.1703324,5.0,3.0,-55.0
1777891976.1803324,1.0,3.0,-62.0
1777891976.1903324,0.0,-2.0,-68.0
1777891976.2003324,3.0,-2.0,-73.0
1777891976.2103324,3.0,0.0,-76.0
1777891976.2203324,3.0,-1.0,-74.0
1777891976.2303324,2.0,-2.0,-81.0
1777891976.2403324,4.0,-3.0,-72.0
1777891976.2503324,6.0,-3.0,-72.0
1777891976.2603323,3.0,-1.0,-78.0
1777891976.2703323,0.0,0.0,-79.0
1777891976.2803323,0.0,-1.0,-80.0
1777891976.2903323,-3.0,-6.0,-75.0
1777891976.3003323,0.0,-5.0,-70.0
1777891976.3103323,2.0,-6.0,-69.0
1777891976.3203323,4.0,-3.0,-69.0
1777891976.3303325,3.0,-8.0,-68.0
1777891976.3403325,1.0,-6.0,-73.0
1777891976.3503325,2.0,-6.0,-67.0
1777891976.3603325,0.0,-2.0,-65.0
1777891976.3703325,-2.0,-4.0,-69.0
1777891976.3803325,0.0,-3.0,-64.0
1777891976.3903325,-2.0,-3.0,-63.0
1777891976.4003325,-1.0,-1.0,-66.0
1777891976.4103324,-4.0,-2.0,-71.0
1777891976.4203324,-3.0,-1.0,-74.0
1777891976.4303324,-3.0,1.0,-71.0
1777891976.4403324,-1.0,1.0,-66.0
1777891976.4503324,-4.0,2.0,-68.0
1777891976.4603324,-4.0,2.0,-77.0
1777891976.4703324,-1.0,1.0,-77.0
1777891976.4803324,0.0,0.0,-75.0
1777891976.4903324,1.0,0.0,-74.0
1777891976.5003324,0.0,0.0,-71.0
1777891976.5103323,0.0,-1.0,-71.0
1777891976.5203323,0.0,-2.0,-66.0
1777891976.5303323,-1.0,-3.0,-72.0
1777891976.5403323,-3.0,0.0,-72.0
1777891976.5503323,-1.0,-4.0,-68.0
1777891976.5603323,-2.0,-4.0,-78.0
1777891976.5703323,2.0,-5.0,-71.0
1777891976.5803325,5.0,0.0,-62.0
1777891976.5903325,6.0,0.0,-61.0
1777891976.6013324,4.0,-3.0,-61.0
1777891976.6113324,3.0,-5.0,-63.0
1777891976.6213324,5.0,-8.0,-70.0
1777891976.6313324,8.0,-5.0,-70.0
1777891976.6413324,9.0,-1.0,-69.0
1777891976.6513324,7.0,-1.0,-70.0
1777891976.6613324,8.0,-1.0,-76.0
1777891976.6713324,5.0,0.0,-82.0
1777891976.6813323,3.0,1.0,-85.0
1777891976.6913323,0.0,1.0,-83.0
1777891976.7013323,1.0,-1.0,-84.0
1777891976.7113323,1.0,-6.0,-90.0
1777891976.7213323,-5.0,-5.0,-90.0
1777891976.7313323,-1.0,-4.0,-85.0
1777891976.7413323,0.0,-1.0,-77.0
1777891976.7513323,0.0,-1.0,-74.0
1777891976.7613325,0.0,-2.0,-80.0
1777891976.7713325,1.0,-5.0,-70.0
1777891976.7813325,3.0,-7.0,-70.0
1777891976.7913325,4.0,-7.0,-68.0
1777891976.8013325,0.0,-10.0,-68.0
1777891976.8113325,-1.0,-4.0,-77.0
1777891976.8213325,-2.0,-2.0,-75.0
1777891976.8313324,-2.0,-1.0,-75.0
1777891976.8413324,0.0,-4.0,-77.0
1777891976.8513324,5.0,-2.0,-72.0
1777891976.8613324,5.0,-1.0,-71.0
1777891976.8713324,1.0,0.0,-72.0
1777891976.8813324,0.0,1.0,-71.0
1777891976.8913324,3.0,0.0,-69.0
1777891976.9013324,9.0,-1.0,-69.0
1777891976.9113324,8.0,-1.0,-71.0
1777891976.9213324,10.0,-5.0,-67.0
1777891976.9313323,9.0,-3.0,-70.0
1777891976.9413323,8.0,0.0,-64.0
1777891976.9513323,7.0,8.0,-57.0
1777891976.9613323,4.0,8.0,-54.0
1777891976.9713323,5.0,4.0,-62.0
1777891976.9813323,0.0,7.0,-63.0
1777891976.9913323,0.0,1.0,-65.0
1777891977.0013323,3.0,2.0,-68.0
1777891977.0113325,2.0,1.0,-69.0
1777891977.0213325,8.0,1.0,-71.0
1777891977.0313325,7.0,-1.0,-71.0
1777891977.0413325,2.0,-5.0,-77.0
1777891977.0513325,7.0,-10.0,-80.0
1777891977.0613325,10.0,-8.0,-80.0
1777891977.0713325,6.0,-5.0,-72.0
1777891977.0813324,4.0,-5.0,-72.0
1777891977.0913324,9.0,-4.0,-72.0
1777891977.1013324,8.0,-4.0,-71.0
1777891977.1113324,3.0,-4.0,-76.0
1777891977.1213324,4.0,-2.0,-74.0
1777891977.1313324,8.0,-1.0,-66.0
1777891977.1413324,5.0,0.0,-67.0
1777891977.1513324,4.0,3.0,-68.0
1777891977.1613324,5.0,0.0,-71.0
1777891977.1713324,-1.0,-5.0,-67.0
1777891977.1813323,1.0,-7.0,-70.0
1777891977.1913323,0.0,-7.0,-65.0
1777891977.2013323,0.0,-6.0,-62.0
1777891977.2113323,-3.0,-2.0,-66.0
1777891977.2213323,-3.0,1.0,-72.0
1777891977.2313323,-4.0,5.0,-74.0
1777891977.2413323,-5.0,4.0,-77.0
1777891977.2513323,-6.0,0.0,-69.0
1777891977.2613325,-6.0,1.0,-64.0
1777891977.2713325,-4.0,1.0,-65.0
1777891977.2813325,-4.0,6.0,-64.0
1777891977.2913325,-1.0,5.0,-65.0
1777891977.3013325,0.0,0.0,-64.0
1777891977.3113325,0.0,-2.0,-68.0
1777891977.3213325,0.0,-6.0,-65.0
1777891977.3313324,0.0,1.0,-65.0
1777891977.3413324,-1.0,0.0,-67.0
1777891977.3513324,2.0,-1.0,-63.0
1777891977.3613324,3.0,0.0,-63.0
1777891977.3713324,3.0,0.0,-69.0
1777891977.3813324,6.0,-5.0,-66.0
1777891977.3913324,7.0,-5.0,-64.0
1777891977.4013324,5.0,0.0,-68.0
1777891977.4113324,5.0,0.0,-63.0
1777891977.4213324,6.0,1.0,-66.0
1777891977.4313323,2.0,6.0,-76.0
1777891977.4413323,5.0,4.0,-82.0
1777891977.4513323,1.0,6.0,-83.0
1777891977.4613323,5.0,0.0,-76.0
1777891977.4713323,6.0,-3.0,-76.0
1777891977.4813323,5.0,-2.0,-77.0
1777891977.4913323,7.0,0.0,-77.0
1777891977.5013323,1.0,2.0,-74.0
1777891977.5113325,4.0,-1.0,-72.0
1777891977.5213325,6.0,-4.0,-71.0
1777891977.5313325,3.0,-5.0,-75.0
1777891977.5413325,2.0,-3.0,-82.0
1777891977.5513325,0.0,-1.0,-79.0
1777891977.5613325,6.0,-2.0,-77.0
1777891977.5713325,7.0,0.0,-80.0
1777891977.5813324,7.0,1.0,-83.0
1777891977.5913324,5.0,1.0,-78.0
1777891977.6013324,5.0,1.0,-75.0
1777891977.6113324,3.0,-1.0,-79.0
1777891977.6213324,3.0,-5.0,-80.0
1777891977.6313324,2.0,-6.0,-78.0
1777891977.6413324,2.0,-4.0,-67.0
1777891977.6513324,2.0,-5.0,-70.0
1777891977.6613324,1.0,-10.0,-73.0
1777891977.6713324,3.0,-5.0,-75.0
1777891977.6813323,5.0,-3.0,-77.0
1777891977.6913323,3.0,-3.0,-76.0
1777891977.7013323,5.0,-2.0,-76.0
1777891977.7113323,7.0,-1.0,-76.0
1777891977.7213323,9.0,0.0,-72.0
1777891977.7313323,5.0,-4.0,-73.0
1777891977.7413323,-2.0,-6.0,-75.0
1777891977.7513323,-2.0,0.0,-74.0
1777891977.7613325,-1.0,0.0,-74.0
1777891977.7713325,-1.0,2.0,-74.0
1777891977.7813325,-3.0,3.0,-73.0
1777891977.7913325,-1.0,2.0,-67.0
1777891977.8013325,1.0,2.0,-68.0
1777891977.8113325,6.0,0.0,-66.0
1777891977.8213325,8.0,0.0,-64.0
1777891977.8313324,4.0,2.0,-64.0
1777891977.8413324,2.0,0.0,-69.0
1777891977.8513324,1.0,-2.0,-71.0
1777891977.8613324,0.0,0.0,-73.0
1777891977.8713324,4.0,-1.0,-74.0
1777891977.8813324,1.0,0.0,-74.0
1777891977.8913324,4.0,1.0,-75.0
1777891977.9013324,0.0,-2.0,-77.0
1777891977.9113324,0.0,-3.0,-77.0
1777891977.9213324,-1.0,0.0,-78.0
1777891977.9313323,0.0,1.0,-77.0
1777891977.9413323,2.0,0.0,-73.0
1777891977.9513323,1.0,0.0,-80.0
1777891977.9613323,2.0,1.0,-82.0
1777891977.9713323,3.0,1.0,-82.0
1777891977.9813323,0.0,2.0,-74.0
1777891977.9913323,4.0,2.0,-78.0
1777891978.0013323,8.0,2.0,-76.0
1777891978.0113325,8.0,0.0,-71.0
1777891978.0213325,7.0,3.0,-72.0
1777891978.0313325,6.0,1.0,-70.0
1777891978.0413325,3.0,0.0,-72.0
1777891978.0513325,1.0,-3.0,-78.0
1777891978.0613325,2.0,-6.0,-79.0
1777891978.0713325,0.0,-6.0,-78.0
1777891978.0813324,0.0,-5.0,-75.0
1777891978.0913324,-1.0,-5.0,-73.0
1777891978.1013324,1.0,-3.0,-79.0
1777891978.1113324,-2.0,-3.0,-84.0
1777891978.1213324,-1.0,-3.0,-83.0
1777891978.1313324,2.0,-2.0,-76.0
1777891978.1413324,-2.0,-2.0,-68.0
1777891978.1513324,-1.0,-3.0,-72.0
1777891978.1613324,0.0,-1.0,-80.0
1777891978.1713324,-2.0,0.0,-78.0
1777891978.1813323,-5.0,5.0,-78.0
1777891978.1913323,-1.0,5.0,-75.0
1777891978.2013323,-4.0,7.0,-73.0
1777891978.2113323,-5.0,4.0,-72.0
1777891978.2213323,-3.0,0.0,-71.0
1777891978.2313323,-2.0,-1.0,-69.0
1777891978.2413323,-3.0,1.0,-71.0
1777891978.2513323,-3.0,0.0,-69.0
1777891978.2613325,1.0,-2.0,-71.0
1777891978.2713325,4.0,0.0,-67.0
1777891978.2813325,6.0,-2.0,-65.0
1777891978.2913325,2.0,-3.0,-66.0
1777891978.3013325,4.0,-4.0,-73.0
1777891978.3113325,3.0,-2.0,-75.0
1777891978.3213325,-1.0,-5.0,-75.0
1777891978.3323324,-3.0,-6.0,-83.0
1777891978.3413324,0.0,-5.0,-86.0
1777891978.3513324,1.0,-7.0,-88.0
1777891978.3613324,5.0,-7.0,-86.0
1777891978.3713324,2.0,-7.0,-84.0
1777891978.3813324,5.0,-8.0,-79.0
1777891978.3913324,5.0,-5.0,-79.0
1777891978.4013324,2.0,-5.0,-68.0
1777891978.4113324,3.0,-9.0,-63.0
1777891978.4213324,5.0,-10.0,-60.0
1777891978.4313323,0.0,-5.0,-71.0
1777891978.4413323,-5.0,-3.0,-71.0
1777891978.4513323,-2.0,-3.0,-71.0
1777891978.4613323,-1.0,-3.0,-70.0
1777891978.4713323,-7.0,0.0,-63.0
1777891978.4813323,-10.0,-2.0,-61.0
1777891978.4913323,-6.0,-5.0,-68.0
1777891978.5013323,-3.0,0.0,-71.0
1777891978.5123324,-1.0,0.0,-74.0
1777891978.5213325,-1.0,3.0,-71.0
1777891978.5313325,-1.0,3.0,-68.0
1777891978.5413325,0.0,4.0,-66.0
1777891978.5513325,0.0,7.0,-65.0
1777891978.5613325,0.0,4.0,-64.0
1777891978.5713325,2.0,4.0,-68.0
1777891978.5813324,0.0,2.0,-75.0
1777891978.5913324,0.0,2.0,-77.0
1777891978.6023324,-4.0,0.0,-76.0
1777891978.6123323,-1.0,3.0,-71.0
1777891978.6223323,-3.0,7.0,-67.0
1777891978.6323323,-2.0,4.0,-66.0
1777891978.6423323,-4.0,7.0,-69.0
1777891978.6523323,-6.0,3.0,-74.0
1777891978.6623323,-7.0,6.0,-70.0
1777891978.6723323,-5.0,6.0,-71.0
1777891978.6823325,1.0,-1.0,-72.0
1777891978.6923325,4.0,-7.0,-74.0
1777891978.7023325,5.0,-6.0,-76.0
1777891978.7123325,6.0,-4.0,-73.0
1777891978.7223325,3.0,-4.0,-74.0
1777891978.7323325,6.0,-6.0,-71.0
1777891978.7423325,8.0,-7.0,-70.0
1777891978.7523324,5.0,-2.0,-70.0
1777891978.7623324,1.0,0.0,-71.0
1777891978.7723324,0.0,0.0,-76.0
1777891978.7823324,-5.0,1.0,-79.0
1777891978.7923324,-1.0,0.0,-77.0
1777891978.8023324,1.0,-1.0,-85.0
1777891978.8123324,0.0,0.0,-79.0
1777891978.8223324,-1.0,0.0,-73.0
1777891978.8323324,0.0,-4.0,-75.0
1777891978.8423324,2.0,-4.0,-76.0
1777891978.8523324,0.0,-8.0,-75.0
1777891978.8623323,-1.0,-8.0,-70.0
1777891978.8723323,-3.0,-8.0,-67.0
1777891978.8823323,0.0,-1.0,-66.0
1777891978.8923323,0.0,0.0,-68.0
1777891978.9023323,0.0,0.0,-72.0
1777891978.9123323,-1.0,-2.0,-72.0
1777891978.9223323,1.0,-3.0,-73.0
1777891978.9323325,3.0,-3.0,-64.0
1777891978.9423325,1.0,-6.0,-55.0
1777891978.9523325,1.0,-5.0,-56.0
1777891978.9623325,2.0,-3.0,-57.0
1777891978.9723325,2.0,0.0,-57.0
1777891978.9823325,-1.0,3.0,-68.0
1777891978.9923325,3.0,1.0,-66.0
1777891979.0023324,2.0,0.0,-70.0
1777891979.0123324,3.0,0.0,-66.0
1777891979.0223324,6.0,2.0,-71.0
1777891979.0323324,6.0,1.0,-77.0
1777891979.0423324,11.0,2.0,-75.0
1777891979.0523324,8.0,-1.0,-75.0
1777891979.0623324,11.0,0.0,-70.0
1777891979.0723324,9.0,4.0,-61.0
1777891979.0823324,4.0,1.0,-58.0
1777891979.0923324,6.0,-1.0,-57.0
1777891979.1023324,8.0,-2.0,-59.0
1777891979.1123323,6.0,-3.0,-60.0
1777891979.1223323,0.0,-4.0,-62.0
1777891979.1323323,0.0,-2.0,-66.0
1777891979.1423323,5.0,0.0,-63.0
1777891979.1523323,1.0,2.0,-70.0
1777891979.1623323,-3.0,0.0,-71.0
1777891979.1723323,-6.0,2.0,-76.0
1777891979.1823325,-9.0,2.0,-74.0
1777891979.1923325,-6.0,2.0,-70.0
1777891979.2023325,-3.0,2.0,-66.0
1777891979.2123325,-3.0,5.0,-67.0
1777891979.2223325,-3.0,5.0,-67.0
1777891979.2323325,-5.0,4.0,-68.0
1777891979.2423325,0.0,4.0,-64.0
1777891979.2523324,-4.0,4.0,-59.0
1777891979.2623324,-1.0,3.0,-58.0
1777891979.2723324,-4.0,3.0,-68.0
1777891979.2823324,-4.0,1.0,-70.0
1777891979.2923324,-5.0,2.0,-63.0
1777891979.3023324,-1.0,0.0,-63.0
1777891979.3123324,0.0,0.0,-62.0
1777891979.3223324,0.0,0.0,-59.0
1777891979.3323324,1.0,-4.0,-66.0
1777891979.3423324,-5.0,0.0,-70.0
1777891979.3523324,-8.0,0.0,-67.0
1777891979.3623323,-1.0,0.0,-65.0
1777891979.3723323,1.0,-2.0,-64.0
1777891979.3823323,-1.0,-6.0,-69.0
1777891979.3923323,3.0,-4.0,-75.0
1777891979.4023323,3.0,2.0,-69.0
1777891979.4123323,0.0,6.0,-68.0
1777891979.4223323,1.0,4.0,-66.0
1777891979.4323325,0.0,10.0,-75.0
1777891979.4423325,-6.0,5.0,-71.0
1777891979.4523325,-6.0,1.0,-71.0
1777891979.4623325,-2.0,0.0,-77.0
1777891979.4723325,0.0,1.0,-76.0
1777891979.4823325,2.0,3.0,-75.0
1777891979.4923325,-1.0,4.0,-64.0
1777891979.5023324,2.0,5.0,-62.0
1777891979.5123324,-1.0,1.0,-57.0
1777891979.5223324,0.0,0.0,-60.0
1777891979.5323324,-2.0,0.0,-64.0
1777891979.5423324,0.0,1.0,-70.0
1777891979.5523324,-3.0,0.0,-71.0
1777891979.5623324,-2.0,3.0,-75.0
1777891979.5723324,0.0,9.0,-68.0
1777891979.5823324,2.0,9.0,-71.0
1777891979.5923324,3.0,7.0,-82.0
1777891979.6023324,7.0,5.0,-84.0
1777891979.6123323,10.0,3.0,-82.0
1777891979.6223323,12.0,2.0,-84.0
1777891979.6323323,10.0,0.0,-76.0
1777891979.6423323,6.0,-2.0,-78.0
1777891979.6523323,8.0,-3.0,-82.0
1777891979.6623323,4.0,-1.0,-78.0
1777891979.6723323,1.0,-1.0,-70.0
1777891979.6823325,1.0,-2.0,-74.0
1777891979.6923325,-3.0,-3.0,-73.0
1777891979.7023325,0.0,0.0,-83.0
1777891979.7123325,0.0,-1.0,-89.0
1777891979.7223325,1.0,-2.0,-84.0
1777891979.7323325,4.0,-3.0,-85.0
1777891979.7423325,1.0,-8.0,-79.0
1777891979.7523324,1.0,-2.0,-77.0
1777891979.7623324,0.0,0.0,-79.0
1777891979.7723324,0.0,-2.0,-79.0
1777891979.7823324,1.0,-6.0,-78.0
1777891979.7923324,1.0,-3.0,-79.0
1777891979.8023324,-2.0,-4.0,-77.0
1777891979.8123324,-3.0,-10.0,-79.0
1777891979.8223324,-1.0,-6.0,-83.0
1777891979.8323324,-1.0,-6.0,-83.0
1777891979.8423324,0.0,-2.0,-83.0
1777891979.8523324,-2.0,-5.0,-75.0
1777891979.8623323,1.0,-7.0,-73.0
1777891979.8723323,2.0,-4.0,-77.0
1777891979.8823323,-3.0,2.0,-73.0
1777891979.8923323,-5.0,2.0,-72.0
1777891979.9023323,-5.0,-1.0,-75.0
1777891979.9123323,-2.0,-2.0,-79.0
1777891979.9223323,-3.0,2.0,-77.0
1777891979.9323325,0.0,1.0,-73.0
1777891979.9423325,-3.0,2.0,-73.0
1777891979.9523325,-2.0,8.0,-76.0
1777891979.9623325,-1.0,1.0,-79.0
1777891979.9723325,-4.0,-4.0,-68.0
1777891979.9823325,-7.0,-7.0,-75.0
1777891979.9923325,-5.0,-5.0,-77.0
1777891980.0023324,-6.0,-5.0,-84.0
1777891980.0123324,-1.0,-3.0,-84.0
1777891980.0223324,1.0,-2.0,-84.0
1777891980.0323324,1.0,2.0,-84.0
1777891980.0423324,6.0,0.0,-75.0
1777891980.0523324,0.0,0.0,-68.0
1777891980.0623324,-4.0,0.0,-77.0
1777891980.0723324,-5.0,-3.0,-72.0
1777891980.0823324,-2.0,-3.0,-64.0
1777891980.0923324,-1.0,-4.0,-70.0
1777891980.1023324,-3.0,-6.0,-72.0
1777891980.1123323,0.0,-9.0,-71.0
1777891980.1223323,1.0,-8.0,-71.0
1777891980.1323323,3.0,-6.0,-72.0
1777891980.1423323,5.0,-1.0,-75.0
1777891980.1523323,7.0,-4.0,-73.0
1777891980.1623323,8.0,-3.0,-66.0
1777891980.1723323,8.0,-1.0,-67.0
1777891980.1823325,4.0,-2.0,-62.0
1777891980.1923325,4.0,1.0,-65.0
1777891980.2023325,7.0,2.0,-69.0
1777891980.2123325,8.0,1.0,-70.0
1777891980.2223325,7.0,2.0,-68.0
1777891980.2323325,10.0,-2.0,-71.0
1777891980.2423325,8.0,0.0,-74.0
1777891980.2523324,8.0,3.0,-74.0
1777891980.2623324,5.0,5.0,-71.0
1777891980.2723324,4.0,11.0,-72.0
1777891980.2823324,3.0,11.0,-68.0
1777891980.2923324,2.0,7.0,-73.0
1777891980.3023324,-2.0,6.0,-74.0
1777891980.3123324,-3.0,7.0,-72.0
1777891980.3223324,-2.0,6.0,-75.0
1777891980.3323324,0.0,4.0,-77.0
1777891980.3423324,0.0,2.0,-77.0
1777891980.3523324,2.0,0.0,-78.0
1777891980.3623323,0.0,0.0,-73.0
1777891980.3723323,-1.0,2.0,-78.0
1777891980.3823323,0.0,1.0,-77.0
1777891980.3923323,5.0,0.0,-75.0
1777891980.4023323,7.0,1.0,-75.0
1777891980.4123323,9.0,0.0,-72.0
1777891980.4223323,7.0,-1.0,-77.0
1777891980.4323325,5.0,-3.0,-73.0
1777891980.4423325,3.0,0.0,-77.0
1777891980.4523325,2.0,0.0,-78.0
1777891980.4623325,0.0,-2.0,-80.0
1777891980.4723325,-3.0,-6.0,-79.0
1777891980.4823325,-10.0,-6.0,-78.0
1777891980.4923325,-16.0,-7.0,-80.0
1777891980.5023324,-12.0,-6.0,-79.0
1777891980.5123324,-8.0,-2.0,-81.0
1777891980.5223324,-9.0,-4.0,-77.0
1777891980.5323324,-1.0,-4.0,-81.0
1777891980.5423324,1.0,-2.0,-83.0
1777891980.5523324,0.0,-4.0,-78.0
1777891980.5623324,1.0,0.0,-69.0
1777891980.5723324,0.0,-1.0,-68.0
1777891980.5833323,0.0,-4.0,-64.0
1777891980.5933323,5.0,-4.0,-65.0
1777891980.6033323,3.0,-3.0,-60.0
1777891980.6133325,0.0,-3.0,-57.0
1777891980.6233325,3.0,-1.0,-63.0
1777891980.6333325,6.0,0.0,-66.0
1777891980.6433325,6.0,-3.0,-67.0
1777891980.6533325,12.0,-1.0,-72.0
1777891980.6633325,6.0,2.0,-75.0
1777891980.6733325,8.0,-1.0,-77.0
1777891980.6833324,11.0,0.0,-79.0
1777891980.6933324,13.0,4.0,-78.0
1777891980.7033324,13.0,1.0,-76.0
1777891980.7133324,11.0,1.0,-75.0
1777891980.7233324,8.0,0.0,-80.0
1777891980.7333324,5.0,0.0,-83.0
1777891980.7433324,3.0,-2.0,-74.0
1777891980.7533324,-1.0,-2.0,-75.0
1777891980.7633324,-2.0,-4.0,-75.0
1777891980.7733324,-3.0,-1.0,-74.0
1777891980.7833323,0.0,0.0,-69.0
1777891980.7933323,2.0,-1.0,-71.0
1777891980.8033323,9.0,0.0,-72.0
1777891980.8133323,8.0,1.0,-76.0
1777891980.8233323,6.0,0.0,-75.0
1777891980.8333323,0.0,-3.0,-75.0
1777891980.8433323,2.0,-3.0,-77.0
1777891980.8533323,3.0,-3.0,-76.0
1777891980.8633325,1.0,-6.0,-78.0
1777891980.8733325,3.0,-6.0,-79.0
1777891980.8833325,3.0,-7.0,-74.0
1777891980.8933325,0.0,-5.0,-74.0
1777891980.9033325,2.0,-3.0,-75.0
1777891980.9133325,1.0,-3.0,-74.0
1777891980.9233325,6.0,-3.0,-74.0
1777891980.9333324,10.0,-2.0,-71.0
1777891980.9433324,8.0,2.0,-77.0
1777891980.9533324,1.0,0.0,-70.0
1777891980.9633324,-2.0,-1.0,-74.0
1777891980.9733324,-2.0,-5.0,-73.0
1777891980.9833324,-2.0,-6.0,-67.0
1777891980.9933324,-4.0,-5.0,-66.0
1777891981.0033324,-3.0,-5.0,-61.0
1777891981.0133324,-1.0,2.0,-63.0
1777891981.0233324,0.0,2.0,-71.0
1777891981.0333323,0.0,2.0,-73.0
1777891981.0433323,-1.0,3.0,-71.0
1777891981.0533323,0.0,3.0,-72.0
1777891981.0633323,3.0,3.0,-63.0
1777891981.0733323,0.0,1.0,-66.0
1777891981.0833323,0.0,-1.0,-63.0
1777891981.0933323,4.0,-1.0,-70.0
1777891981.1033323,5.0,1.0,-71.0
1777891981.1133325,8.0,1.0,-68.0
1777891981.1233325,5.0,0.0,-71.0
1777891981.1333325,5.0,0.0,-74.0
1777891981.1433325,1.0,0.0,-72.0
1777891981.1533325,0.0,1.0,-68.0
1777891981.1633325,0.0,4.0,-65.0
1777891981.1733325,-2.0,8.0,-72.0
1777891981.1833324,-2.0,9.0,-70.0
1777891981.1933324,0.0,6.0,-73.0
1777891981.2033324,4.0,5.0,-79.0
1777891981.2133324,4.0,4.0,-69.0
1777891981.2233324,6.0,8.0,-67.0
1777891981.2333324,11.0,2.0,-73.0
1777891981.2433324,6.0,3.0,-71.0
1777891981.2533324,7.0,2.0,-74.0
1777891981.2633324,2.0,1.0,-71.0
1777891981.2733324,6.0,4.0,-72.0
1777891981.2833323,8.0,4.0,-70.0
1777891981.2933323,3.0,1.0,-67.0
1777891981.3033323,2.0,0.0,-69.0
1777891981.3133323,2.0,4.0,-71.0
1777891981.3233323,4.0,6.0,-65.0
1777891981.3333323,5.0,6.0,-63.0
1777891981.3433323,4.0,5.0,-62.0
1777891981.3533323,1.0,6.0,-64.0
1777891981.3633325,0.0,2.0,-69.0
1777891981.3733325,-5.0,-2.0,-71.0
1777891981.3833325,-1.0,-2.0,-65.0
1777891981.3933325,-1.0,-2.0,-67.0
1777891981.4033325,-2.0,-3.0,-73.0
1777891981.4133325,-3.0,-2.0,-71.0
1777891981.4233325,-4.0,-1.0,-73.0
1777891981.4333324,-2.0,-3.0,-77.0
1777891981.4433324,-1.0,-9.0,-77.0
1777891981.4533324,2.0,-8.0,-76.0
1777891981.4633324,1.0,-2.0,-72.0
1777891981.4733324,4.0,-3.0,-70.0
1777891981.4833324,6.0,-7.0,-65.0
1777891981.4933324,8.0,-10.0,-62.0
1777891981.5033324,10.0,-11.0,-66.0
1777891981.5133324,9.0,-8.0,-67.0
1777891981.5233324,5.0,-6.0,-61.0
1777891981.5333323,0.0,-5.0,-66.0
1777891981.5433323,-3.0,-3.0,-66.0
1777891981.5533323,-4.0,-1.0,-65.0
1777891981.5633323,-3.0,3.0,-64.0
1777891981.5733323,-3.0,2.0,-66.0
1777891981.5833323,-4.0,3.0,-63.0
1777891981.5933323,-4.0,5.0,-66.0
1777891981.6033323,0.0,3.0,-68.0
1777891981.6133325,3.0,5.0,-68.0
1777891981.6233325,3.0,2.0,-65.0
1777891981.6333325,-1.0,3.0,-69.0
1777891981.6433325,1.0,2.0,-70.0
1777891981.6533325,4.0,4.0,-65.0
1777891981.6633325,3.0,4.0,-62.0
1777891981.6733325,2.0,3.0,-65.0
1777891981.6833324,4.0,6.0,-70.0
1777891981.6933324,3.0,6.0,-80.0
1777891981.7033324,2.0,6.0,-86.0
1777891981.7133324,1.0,3.0,-79.0
1777891981.7233324,5.0,2.0,-78.0
1777891981.7333324,1.0,1.0,-73.0
1777891981.7433324,-5.0,-1.0,-75.0
1777891981.7533324,-6.0,1.0,-77.0
1777891981.7633324,-2.0,-1.0,-73.0
1777891981.7733324,-3.0,0.0,-77.0
1777891981.7833323,0.0,-4.0,-77.0
1777891981.7933323,2.0,-2.0,-77.0
1777891981.8033323,2.0,1.0,-72.0
1777891981.8133323,4.0,-2.0,-69.0
1777891981.8233323,3.0,0.0,-70.0
1777891981.8333323,0.0,2.0,-73.0
1777891981.8433323,1.0,0.0,-73.0
1777891981.8533323,-1.0,-2.0,-66.0
1777891981.8633325,4.0,-1.0,-66.0
1777891981.8733325,5.0,-2.0,-73.0
1777891981.8833325,2.0,-4.0,-72.0
1777891981.8933325,3.0,0.0,-69.0
1777891981.9033325,0.0,0.0,-65.0
1777891981.9133325,0.0,0.0,-68.0
1777891981.9233325,4.0,-1.0,-69.0
1777891981.9333324,4.0,1.0,-72.0
1777891981.9433324,4.0,1.0,-73.0
1777891981.9533324,4.0,1.0,-70.0
1777891981.9633324,1.0,1.0,-71.0
1777891981.9733324,-4.0,0.0,-76.0
1777891981.9833324,-2.0,0.0,-70.0
1777891981.9933324,0.0,-1.0,-77.0
1777891982.0033324,-1.0,0.0,-85.0
1777891982.0133324,-1.0,0.0,-80.0
1777891982.0233324,5.0,-1.0,-86.0
1777891982.0333323,5.0,-2.0,-81.0
1777891982.0433323,7.0,-2.0,-82.0
1777891982.0533323,4.0,0.0,-80.0
1777891982.0633323,-1.0,-1.0,-81.0
1777891982.0733323,-2.0,-6.0,-81.0
1777891982.0833323,0.0,-5.0,-74.0
1777891982.0933323,0.0,-1.0,-77.0
1777891982.1033323,0.0,4.0,-80.0
1777891982.1133325,0.0,9.0,-85.0
1777891982.1233325,2.0,5.0,-82.0
1777891982.1333325,-1.0,6.0,-82.0
1777891982.1433325,-2.0,5.0,-84.0
1777891982.1533325,-1.0,3.0,-76.0
1777891982.1633325,3.0,4.0,-73.0
1777891982.1733325,4.0,5.0,-71.0
1777891982.1833324,3.0,3.0,-78.0
1777891982.1933324,5.0,4.0,-85.0
1777891982.2033324,6.0,1.0,-78.0
1777891982.2133324,6.0,-2.0,-72.0
1777891982.2233324,7.0,-3.0,-66.0
1777891982.2333324,9.0,-4.0,-68.0
1777891982.2433324,3.0,-2.0,-65.0
1777891982.2533324,2.0,0.0,-66.0
1777891982.2633324,1.0,0.0,-70.0
1777891982.2733324,3.0,0.0,-72.0
1777891982.2833323,6.0,-2.0,-73.0
1777891982.2933323,4.0,0.0,-74.0
1777891982.3033323,8.0,-1.0,-75.0
1777891982.3133323,7.0,-3.0,-69.0
1777891982.3233323,6.0,-2.0,-72.0
1777891982.3333323,2.0,-4.0,-68.0
1777891982.3433323,-3.0,-2.0,-71.0
1777891982.3533323,-6.0,-2.0,-69.0
1777891982.3633325,-4.0,-4.0,-70.0
1777891982.3733325,-6.0,-3.0,-71.0
1777891982.3833325,-1.0,-4.0,-67.0
1777891982.3933325,0.0,2.0,-67.0
1777891982.4033325,0.0,4.0,-67.0
1777891982.4133325,3.0,5.0,-72.0
1777891982.4233325,7.0,1.0,-67.0
1777891982.4333324,1.0,0.0,-63.0
1777891982.4433324,2.0,-3.0,-72.0
1777891982.4533324,0.0,-2.0,-70.0
1777891982.4633324,-2.0,0.0,-63.0
1777891982.4733324,0.0,2.0,-66.0
1777891982.4833324,0.0,2.0,-68.0
1777891982.4933324,4.0,5.0,-76.0
1777891982.5033324,1.0,8.0,-78.0
1777891982.5133324,5.0,4.0,-68.0
1777891982.5233324,4.0,3.0,-62.0
1777891982.5333323,8.0,5.0,-66.0
1777891982.5433323,4.0,7.0,-66.0
1777891982.5533323,5.0,3.0,-62.0
1777891982.5643325,10.0,2.0,-62.0
1777891982.5733323,6.0,-2.0,-61.0
1777891982.5843325,4.0,-1.0,-58.0
1777891982.5943325,2.0,-1.0,-62.0
1777891982.6043324,0.0,0.0,-61.0
1777891982.6143324,1.0,0.0,-58.0
1777891982.6243324,0.0,-1.0,-55.0
1777891982.6343324,0.0,-2.0,-57.0
1777891982.6443324,2.0,0.0,-62.0
1777891982.6543324,3.0,1.0,-60.0
1777891982.6643324,5.0,1.0,-62.0
1777891982.6743324,5.0,-1.0,-61.0
1777891982.6843324,3.0,-1.0,-71.0
1777891982.6943324,-1.0,-1.0,-75.0
1777891982.7043324,0.0,0.0,-74.0
1777891982.7143323,1.0,3.0,-75.0
1777891982.7243323,0.0,0.0,-66.0
1777891982.7343323,-1.0,0.0,-69.0
1777891982.7443323,-7.0,2.0,-70.0
1777891982.7543323,-6.0,5.0,-76.0
1777891982.7643323,-5.0,0.0,-74.0
1777891982.7743323,-5.0,0.0,-72.0
1777891982.7843325,-11.0,-1.0,-75.0
1777891982.7943325,-10.0,-3.0,-74.0
1777891982.8043325,-9.0,-3.0,-72.0
1777891982.8143325,-5.0,0.0,-70.0
1777891982.8243325,0.0,0.0,-68.0
1777891982.8343325,-1.0,1.0,-66.0
1777891982.8443325,3.0,-1.0,-68.0
1777891982.8543324,6.0,-4.0,-69.0
1777891982.8643324,5.0,-4.0,-64.0
1777891982.8743324,4.0,-4.0,-63.0
1777891982.8843324,4.0,-2.0,-61.0
1777891982.8943324,1.0,-4.0,-63.0
1777891982.9043324,0.0,0.0,-64.0
1777891982.9143324,-4.0,-5.0,-63.0
1777891982.9243324,-1.0,-6.0,-61.0
1777891982.9343324,1.0,-5.0,-67.0
1777891982.9443324,0.0,-3.0,-65.0
1777891982.9543324,3.0,-1.0,-73.0
1777891982.9643323,6.0,3.0,-85.0
1777891982.9743323,7.0,1.0,-75.0
1777891982.9843323,2.0,0.0,-70.0
1777891982.9943323,2.0,0.0,-73.0
1777891983.0043323,0.0,1.0,-75.0
1777891983.0143323,2.0,1.0,-73.0
1777891983.0243323,9.0,2.0,-67.0
1777891983.0343325,5.0,-1.0,-62.0
1777891983.0443325,6.0,-5.0,-60.0
1777891983.0543325,6.0,-2.0,-65.0
1777891983.0643325,1.0,-2.0,-69.0
1777891983.0743325,-4.0,0.0,-70.0
1777891983.0843325,-3.0,0.0,-71.0
1777891983.0943325,-2.0,-2.0,-73.0
1777891983.1043324,0.0,-2.0,-72.0
1777891983.1143324,0.0,-3.0,-71.0
1777891983.1243324,-4.0,-5.0,-71.0
1777891983.1343324,-8.0,-6.0,-70.0
1777891983.1443324,-2.0,-3.0,-71.0
1777891983.1543324,-2.0,-2.0,-78.0
1777891983.1643324,-1.0,0.0,-73.0
1777891983.1743324,3.0,3.0,-70.0
1777891983.1843324,4.0,4.0,-75.0
1777891983.1943324,3.0,4.0,-69.0
1777891983.2043324,2.0,2.0,-67.0
1777891983.2143323,1.0,2.0,-72.0
1777891983.2243323,1.0,2.0,-73.0
1777891983.2343323,2.0,4.0,-75.0
1777891983.2443323,1.0,2.0,-76.0
1777891983.2543323,0.0,0.0,-76.0
1777891983.2643323,3.0,-2.0,-74.0
1777891983.2743323,3.0,0.0,-74.0
1777891983.2843325,7.0,-2.0,-72.0
1777891983.2943325,3.0,-3.0,-66.0
1777891983.3043325,9.0,0.0,-71.0
1777891983.3143325,6.0,1.0,-69.0
1777891983.3243325,11.0,-1.0,-71.0
1777891983.3343325,14.0,0.0,-72.0
1777891983.3443325,10.0,-1.0,-75.0
1777891983.3543324,5.0,0.0,-76.0
1777891983.3643324,4.0,-1.0,-83.0
1777891983.3743324,2.0,-2.0,-79.0
1777891983.3843324,1.0,-1.0,-79.0
1777891983.3943324,0.0,2.0,-79.0
1777891983.4043324,-1.0,4.0,-81.0
1777891983.4143324,0.0,3.0,-83.0
1777891983.4243324,1.0,-1.0,-82.0
1777891983.4343324,2.0,-9.0,-80.0
1777891983.4443324,3.0,-5.0,-81.0
1777891983.4543324,6.0,-3.0,-78.0
1777891983.4643323,7.0,-1.0,-68.0
1777891983.4743323,3.0,1.0,-66.0
1777891983.4843323,5.0,2.0,-57.0
1777891983.4943323,6.0,-1.0,-53.0
1777891983.5043323,2.0,1.0,-57.0
1777891983.5143323,0.0,0.0,-62.0
1777891983.5243323,0.0,0.0,-61.0
1777891983.5343325,1.0,0.0,-64.0
1777891983.5443325,0.0,2.0,-71.0
1777891983.5543325,1.0,3.0,-76.0
1777891983.5643325,5.0,2.0,-73.0
1777891983.5743325,5.0,1.0,-76.0
1777891983.5843325,2.0,0.0,-69.0
1777891983.5943325,3.0,0.0,-69.0
1777891983.6043324,1.0,2.0,-66.0
1777891983.6143324,-6.0,0.0,-60.0
1777891983.6243324,-2.0,2.0,-62.0
1777891983.6343324,0.0,2.0,-62.0
1777891983.6443324,-2.0,0.0,-64.0
1777891983.6543324,-2.0,-3.0,-63.0
1777891983.6643324,0.0,-6.0,-68.0
1777891983.6743324,3.0,-2.0,-69.0
1777891983.6843324,2.0,0.0,-70.0
1777891983.6943324,-2.0,-1.0,-72.0
1777891983.7043324,-5.0,-1.0,-73.0
1777891983.7143323,-5.0,0.0,-76.0
1777891983.7243323,-7.0,0.0,-70.0
1777891983.7343323,-4.0,1.0,-70.0
1777891983.7443323,-5.0,4.0,-76.0
1777891983.7543323,-1.0,0.0,-75.0
1777891983.7643323,1.0,4.0,-76.0
1777891983.7743323,1.0,-1.0,-73.0
1777891983.7843325,0.0,0.0,-77.0
1777891983.7943325,0.0,2.0,-76.0
1777891983.8043325,1.0,1.0,-69.0
1777891983.8143325,1.0,2.0,-75.0
1777891983.8243325,1.0,2.0,-80.0
1777891983.8343325,-1.0,-2.0,-80.0
1777891983.8443325,-2.0,-3.0,-75.0
1777891983.8543324,0.0,-2.0,-78.0
1777891983.8643324,-1.0,-2.0,-77.0
1777891983.8743324,1.0,-4.0,-71.0
1777891983.8843324,-1.0,-3.0,-72.0
1777891983.8943324,0.0,-2.0,-68.0
1777891983.9043324,0.0,0.0,-71.0
1777891983.9143324,1.0,-2.0,-72.0
1777891983.9243324,2.0,-2.0,-72.0
1777891983.9343324,2.0,-1.0,-80.0
1777891983.9443324,3.0,-1.0,-81.0
1777891983.9543324,7.0,-3.0,-78.0
1777891983.9643323,4.0,-7.0,-74.0
1777891983.9743323,1.0,-4.0,-62.0
1777891983.9843323,1.0,-5.0,-62.0
1777891983.9943323,2.0,-7.0,-64.0
1777891984.0043323,0.0,-7.0,-69.0
1777891984.0143323,4.0,-5.0,-72.0
1777891984.0243323,6.0,-2.0,-74.0
1777891984.0343325,1.0,-1.0,-74.0
1777891984.0443325,1.0,-2.0,-66.0
1777891984.0543325,1.0,-4.0,-68.0
1777891984.0643325,3.0,-10.0,-64.0
1777891984.0743325,2.0,-8.0,-65.0
1777891984.0843325,1.0,-7.0,-67.0
1777891984.0943325,0.0,-4.0,-74.0
1777891984.1043324,-1.0,-4.0,-76.0
1777891984.1143324,0.0,-6.0,-72.0
1777891984.1243324,2.0,-5.0,-72.0
1777891984.1343324,2.0,-10.0,-72.0
1777891984.1443324,3.0,-6.0,-73.0
1777891984.1543324,3.0,-6.0,-65.0
1777891984.1643324,0.0,-7.0,-61.0
1777891984.1743324,0.0,-1.0,-61.0
1777891984.1843324,3.0,3.0,-64.0
1777891984.1943324,5.0,2.0,-63.0
1777891984.2043324,5.0,1.0,-67.0
1777891984.2143323,6.0,0.0,-71.0
1777891984.2243323,6.0,2.0,-73.0
1777891984.2343323,6.0,1.0,-71.0
1777891984.2443323,6.0,1.0,-71.0
1777891984.2543323,6.0,-1.0,-74.0
1777891984.2643323,3.0,-5.0,-82.0
1777891984.2743323,0.0,-2.0,-82.0
1777891984.2843325,2.0,0.0,-82.0
1777891984.2943325,7.0,4.0,-76.0
1777891984.3043325,5.0,2.0,-73.0
1777891984.3143325,3.0,-2.0,-70.0
1777891984.3243325,4.0,-4.0,-72.0
1777891984.3343325,7.0,0.0,-67.0
1777891984.3443325,4.0,3.0,-68.0
1777891984.3543324,0.0,3.0,-72.0
1777891984.3643324,-2.0,2.0,-68.0
1777891984.3743324,-5.0,0.0,-66.0
1777891984.3843324,-4.0,-1.0,-69.0
1777891984.3943324,0.0,-4.0,-73.0
1777891984.4043324,0.0,-2.0,-78.0
1777891984.4143324,0.0,-4.0,-80.0
1777891984.4243324,1.0,-1.0,-83.0
1777891984.4343324,2.0,-1.0,-84.0
1777891984.4443324,0.0,2.0,-83.0
1777891984.4543324,4.0,2.0,-84.0
1777891984.4643323,7.0,2.0,-80.0
1777891984.4743323,3.0,1.0,-80.0
1777891984.4843323,0.0,2.0,-76.0
1777891984.4943323,0.0,4.0,-77.0
1777891984.5043323,0.0,2.0,-77.0
1777891984.5143323,-2.0,0.0,-78.0
1777891984.5243323,-2.0,3.0,-87.0
1777891984.5343325,-2.0,3.0,-87.0
1777891984.5443325,1.0,7.0,-78.0
1777891984.5543325,2.0,6.0,-82.0
1777891984.5643325,0.0,7.0,-79.0
1777891984.5753324,3.0,6.0,-75.0
1777891984.5843325,4.0,5.0,-70.0
1777891984.5953324,4.0,5.0,-70.0
1777891984.6053324,5.0,7.0,-69.0
1777891984.6153324,4.0,4.0,-67.0
1777891984.6253324,2.0,1.0,-66.0
1777891984.6353323,0.0,0.0,-72.0
1777891984.6453323,1.0,1.0,-73.0
1777891984.6553323,0.0,0.0,-72.0
1777891984.6653323,-2.0,0.0,-69.0
1777891984.6753323,-7.0,1.0,-75.0
1777891984.6853323,-7.0,2.0,-77.0
1777891984.6953323,-4.0,5.0,-73.0
1777891984.7053325,-3.0,3.0,-69.0
1777891984.7153325,-2.0,6.0,-62.0
1777891984.7253325,-1.0,5.0,-60.0
1777891984.7353325,-1.0,2.0,-63.0
1777891984.7453325,-2.0,0.0,-70.0
1777891984.7553325,2.0,-2.0,-75.0
1777891984.7653325,-2.0,-2.0,-68.0
1777891984.7753325,0.0,0.0,-68.0
1777891984.7853324,1.0,4.0,-67.0
1777891984.7953324,2.0,4.0,-70.0
1777891984.8053324,-1.0,1.0,-67.0
1777891984.8153324,-4.0,0.0,-72.0
1777891984.8253324,-1.0,1.0,-78.0
1777891984.8353324,0.0,1.0,-81.0
1777891984.8453324,0.0,0.0,-74.0
1777891984.8553324,-2.0,0.0,-74.0
1777891984.8653324,-5.0,2.0,-71.0
1777891984.8753324,-3.0,-1.0,-67.0
1777891984.8853323,1.0,-2.0,-65.0
1777891984.8953323,2.0,-1.0,-69.0
1777891984.9053323,0.0,3.0,-65.0
1777891984.9153323,-2.0,5.0,-73.0
1777891984.9253323,0.0,1.0,-76.0
1777891984.9353323,0.0,3.0,-78.0
1777891984.9453323,0.0,2.0,-75.0
1777891984.9553325,1.0,1.0,-68.0
1777891984.9653325,0.0,1.0,-68.0
1777891984.9753325,0.0,3.0,-71.0
1777891984.9853325,4.0,5.0,-70.0
1777891984.9953325,2.0,7.0,-72.0
1777891985.0053325,1.0,5.0,-70.0
1777891985.0153325,0.0,2.0,-60.0
1777891985.0253325,1.0,1.0,-55.0
1777891985.0353324,-1.0,2.0,-54.0
1777891985.0453324,0.0,0.0,-60.0
1777891985.0553324,2.0,1.0,-70.0
1777891985.0653324,-2.0,1.0,-73.0
1777891985.0753324,-9.0,4.0,-68.0
1777891985.0853324,-7.0,3.0,-67.0
1777891985.0953324,-6.0,2.0,-61.0
1777891985.1053324,-4.0,-3.0,-64.0
1777891985.1153324,-2.0,-4.0,-70.0
1777891985.1253324,-1.0,-2.0,-72.0
1777891985.1353323,0.0,-3.0,-73.0
1777891985.1453323,-3.0,-3.0,-79.0
1777891985.1553323,2.0,-4.0,-82.0
1777891985.1653323,2.0,-1.0,-79.0
1777891985.1753323,7.0,0.0,-74.0
1777891985.1853323,7.0,2.0,-71.0
1777891985.1953323,3.0,2.0,-70.0
1777891985.2053325,0.0,-1.0,-71.0
1777891985.2153325,-2.0,-1.0,-74.0
1777891985.2253325,0.0,-1.0,-70.0
1777891985.2353325,1.0,0.0,-67.0
1777891985.2453325,3.0,-2.0,-71.0
1777891985.2553325,6.0,-1.0,-75.0
1777891985.2653325,1.0,-2.0,-76.0
1777891985.2753325,0.0,-5.0,-77.0
1777891985.2853324,-1.0,-4.0,-73.0
1777891985.2953324,3.0,-4.0,-77.0
1777891985.3053324,6.0,0.0,-79.0
1777891985.3153324,11.0,0.0,-81.0
1777891985.3253324,7.0,-2.0,-76.0
1777891985.3353324,3.0,-6.0,-72.0
1777891985.3453324,4.0,-9.0,-69.0
1777891985.3553324,7.0,-8.0,-64.0
1777891985.3653324,4.0,-9.0,-70.0
1777891985.3753324,6.0,-5.0,-71.0
1777891985.3853323,5.0,-3.0,-74.0
1777891985.3953323,6.0,-1.0,-73.0
1777891985.4053323,2.0,0.0,-72.0
1777891985.4153323,1.0,-1.0,-72.0
1777891985.4253323,0.0,-1.0,-68.0
1777891985.4353323,1.0,-2.0,-70.0
1777891985.4453323,6.0,-9.0,-69.0
1777891985.4553325,3.0,-7.0,-71.0
1777891985.4653325,3.0,-3.0,-67.0
1777891985.4753325,5.0,-2.0,-59.0
1777891985.4853325,3.0,0.0,-65.0
1777891985.4953325,1.0,3.0,-63.0
1777891985.5053325,2.0,8.0,-70.0
1777891985.5153325,2.0,7.0,-76.0
1777891985.5253325,5.0,4.0,-73.0
1777891985.5353324,2.0,0.0,-70.0
1777891985.5453324,0.0,1.0,-69.0
1777891985.5553324,0.0,0.0,-72.0
1777891985.5653324,2.0,-1.0,-70.0
1777891985.5753324,3.0,-5.0,-69.0
1777891985.5853324,5.0,-5.0,-72.0
1777891985.5953324,5.0,-5.0,-79.0
1777891985.6053324,3.0,-6.0,-81.0
1777891985.6153324,7.0,-9.0,-82.0
1777891985.6253324,5.0,-9.0,-85.0
1777891985.6353323,5.0,-7.0,-89.0
1777891985.6453323,0.0,-4.0,-86.0
1777891985.6553323,0.0,-6.0,-79.0
1777891985.6653323,-4.0,-3.0,-79.0
1777891985.6753323,-3.0,-4.0,-75.0
1777891985.6853323,-9.0,-1.0,-81.0
1777891985.6953323,-7.0,-3.0,-83.0
1777891985.7053325,-4.0,-1.0,-76.0
1777891985.7153325,-3.0,0.0,-70.0
1777891985.7253325,-1.0,4.0,-73.0
1777891985.7353325,-6.0,1.0,-69.0
1777891985.7453325,-7.0,2.0,-70.0
1777891985.7553325,-4.0,2.0,-77.0
1777891985.7653325,-1.0,0.0,-72.0
1777891985.7753325,1.0,0.0,-70.0
1777891985.7853324,-3.0,1.0,-68.0
1777891985.7953324,0.0,2.0,-66.0
1777891985.8053324,4.0,3.0,-74.0
1777891985.8153324,6.0,4.0,-74.0
1777891985.8253324,4.0,1.0,-71.0
1777891985.8353324,9.0,-2.0,-68.0
1777891985.8453324,10.0,0.0,-68.0
1777891985.8553324,5.0,-2.0,-65.0
1777891985.8653324,4.0,0.0,-59.0
1777891985.8753324,7.0,-2.0,-62.0
1777891985.8853323,8.0,-3.0,-67.0
1777891985.8953323,6.0,0.0,-72.0
1777891985.9053323,7.0,0.0,-75.0
1777891985.9153323,1.0,-1.0,-70.0
1777891985.9253323,5.0,-3.0,-74.0
1777891985.9353323,8.0,-3.0,-70.0
1777891985.9453323,9.0,0.0,-71.0
1777891985.9553325,5.0,2.0,-70.0
1777891985.9653325,1.0,4.0,-71.0
1777891985.9753325,-1.0,11.0,-79.0
1777891985.9853325,0.0,11.0,-79.0
1777891985.9953325,0.0,13.0,-80.0
1777891986.0053325,1.0,12.0,-82.0
1777891986.0153325,-6.0,2.0,-82.0
1777891986.0253325,-4.0,2.0,-83.0
1777891986.0353324,-2.0,2.0,-85.0
1777891986.0453324,-3.0,0.0,-81.0
1777891986.0553324,0.0,-3.0,-75.0
1777891986.0653324,0.0,-2.0,-71.0
1777891986.0753324,0.0,1.0,-77.0
1777891986.0853324,0.0,-3.0,-84.0
1777891986.0953324,-2.0,-1.0,-76.0
1777891986.1053324,-4.0,-1.0,-73.0
1777891986.1153324,-2.0,-1.0,-69.0
1777891986.1253324,-5.0,-1.0,-67.0
1777891986.1353323,-7.0,1.0,-67.0
1777891986.1453323,-5.0,2.0,-67.0
1777891986.1553323,-8.0,0.0,-68.0
1777891986.1653323,-7.0,3.0,-70.0
1777891986.1753323,-2.0,1.0,-75.0
1777891986.1853323,-5.0,0.0,-74.0
1777891986.1953323,-2.0,-1.0,-74.0
1777891986.2053325,-3.0,-1.0,-72.0
1777891986.2153325,0.0,0.0,-63.0
1777891986.2253325,0.0,0.0,-71.0
1777891986.2353325,4.0,-1.0,-70.0
1777891986.2453325,8.0,-1.0,-69.0
1777891986.2553325,4.0,0.0,-66.0
1777891986.2653325,0.0,0.0,-67.0
1777891986.2753325,4.0,-2.0,-72.0
1777891986.2853324,4.0,0.0,-76.0
1777891986.2953324,2.0,0.0,-72.0
1777891986.3053324,0.0,0.0,-66.0
1777891986.3153324,1.0,-2.0,-72.0
1777891986.3253324,4.0,-3.0,-74.0
1777891986.3353324,3.0,-2.0,-72.0
1777891986.3453324,2.0,-2.0,-70.0
1777891986.3553324,-5.0,-1.0,-75.0
1777891986.3653324,-4.0,-2.0,-75.0
1777891986.3753324,-4.0,-2.0,-81.0
1777891986.3853323,-6.0,-2.0,-80.0
1777891986.3953323,-9.0,1.0,-73.0
1777891986.4053323,-5.0,0.0,-68.0
1777891986.4153323,0.0,-1.0,-68.0
1777891986.4253323,1.0,-1.0,-72.0
1777891986.4353323,1.0,-4.0,-80.0
1777891986.4453323,-4.0,-4.0,-78.0
1777891986.4553325,-9.0,-7.0,-71.0
1777891986.4653325,-11.0,-3.0,-73.0
1777891986.4753325,-5.0,-6.0,-71.0
1777891986.4853325,-4.0,-5.0,-74.0
1777891986.4953325,-2.0,-3.0,-68.0
1777891986.5053325,-2.0,-4.0,-66.0
1777891986.5153325,3.0,0.0,-69.0
1777891986.5263324,0.0,2.0,-69.0
1777891986.5353324,1.0,0.0,-69.0
1777891986.5463324,0.0,1.0,-75.0
1777891986.5553324,1.0,1.0,-72.0
1777891986.5663323,1.0,1.0,-73.0
1777891986.5763323,0.0,5.0,-78.0
1777891986.5863323,0.0,2.0,-79.0
1777891986.5963323,0.0,-2.0,-80.0
1777891986.6063323,0.0,-3.0,-86.0
1777891986.6163323,-6.0,-3.0,-80.0
1777891986.6263323,-3.0,-3.0,-78.0
1777891986.6363325,-2.0,-2.0,-76.0
1777891986.6463325,-2.0,0.0,-76.0
1777891986.6563325,-4.0,0.0,-71.0
1777891986.6663325,-8.0,-1.0,-75.0
1777891986.6763325,-3.0,1.0,-75.0
1777891986.6863325,0.0,1.0,-75.0
1777891986.6963325,0.0,0.0,-80.0
1777891986.7063324,0.0,-2.0,-81.0
1777891986.7163324,-1.0,-2.0,-76.0
1777891986.7263324,0.0,-3.0,-76.0
1777891986.7363324,-2.0,-3.0,-80.0
1777891986.7463324,-4.0,-5.0,-74.0
1777891986.7563324,-1.0,-3.0,-78.0
1777891986.7663324,2.0,-1.0,-73.0
1777891986.7763324,0.0,-1.0,-72.0
1777891986.7863324,0.0,0.0,-76.0
1777891986.7963324,-3.0,-1.0,-78.0
1777891986.8063323,-6.0,1.0,-72.0
1777891986.8163323,-11.0,3.0,-73.0
1777891986.8263323,-6.0,4.0,-72.0
1777891986.8363323,-6.0,1.0,-76.0
1777891986.8463323,-16.0,1.0,-73.0
1777891986.8563323,-14.0,2.0,-70.0
1777891986.8663323,-12.0,3.0,-71.0
1777891986.8763323,-8.0,3.0,-69.0
1777891986.8863325,0.0,2.0,-71.0
1777891986.8963325,0.0,2.0,-74.0
1777891986.9063325,1.0,4.0,-75.0
1777891986.9163325,6.0,3.0,-74.0
1777891986.9263325,4.0,2.0,-72.0
1777891986.9363325,1.0,0.0,-67.0
1777891986.9463325,1.0,6.0,-69.0
1777891986.9563324,3.0,5.0,-73.0
1777891986.9663324,3.0,4.0,-77.0
1777891986.9763324,4.0,2.0,-79.0
1777891986.9863324,1.0,0.0,-78.0
1777891986.9963324,2.0,-3.0,-79.0
1777891987.0063324,6.0,-2.0,-79.0
1777891987.0163324,8.0,0.0,-85.0
1777891987.0263324,4.0,1.0,-83.0
1777891987.0363324,2.0,0.0,-81.0
1777891987.0463324,4.0,0.0,-82.0
1777891987.0563323,0.0,0.0,-81.0
1777891987.0663323,-2.0,-3.0,-82.0
1777891987.0763323,1.0,-3.0,-86.0
1777891987.0863323,0.0,-2.0,-81.0
1777891987.0963323,0.0,-2.0,-84.0
1777891987.1063323,-2.0,0.0,-91.0
1777891987.1163323,-3.0,1.0,-89.0
1777891987.1263323,-5.0,0.0,-83.0
1777891987.1363325,-5.0,-5.0,-90.0
1777891987.1463325,-3.0,-7.0,-85.0
1777891987.1563325,-1.0,-9.0,-78.0
1777891987.1663325,2.0,-10.0,-74.0
1777891987.1763325,4.0,-8.0,-79.0
1777891987.1863325,5.0,-9.0,-78.0
1777891987.1963325,1.0,-6.0,-81.0
1777891987.2063324,0.0,-1.0,-82.0
1777891987.2163324,-5.0,-1.0,-85.0
1777891987.2263324,-6.0,-1.0,-80.0
1777891987.2363324,-7.0,-2.0,-76.0
1777891987.2463324,-4.0,-2.0,-78.0
1777891987.2563324,0.0,0.0,-78.0
1777891987.2663324,5.0,2.0,-80.0
1777891987.2763324,4.0,4.0,-81.0
1777891987.2863324,8.0,3.0,-76.0
1777891987.2963324,4.0,5.0,-69.0
1777891987.3063323,1.0,2.0,-62.0
1777891987.3163323,0.0,1.0,-61.0
1777891987.3263323,0.0,3.0,-62.0
1777891987.3363323,2.0,1.0,-55.0
1777891987.3463323,4.0,0.0,-60.0
1777891987.3563323,-3.0,4.0,-56.0
1777891987.3663323,0.0,1.0,-63.0
1777891987.3763323,0.0,3.0,-65.0
1777891987.3863325,0.0,1.0,-72.0
1777891987.3963325,0.0,-1.0,-71.0
1777891987.4063325,-3.0,-2.0,-67.0
1777891987.4163325,-6.0,-2.0,-67.0
1777891987.4263325,-8.0,-2.0,-66.0
1777891987.4363325,-10.0,1.0,-61.0
1777891987.4463325,-6.0,6.0,-61.0
1777891987.4563324,-5.0,6.0,-70.0
1777891987.4663324,-2.0,4.0,-79.0
1777891987.4763324,0.0,5.0,-77.0
1777891987.4863324,0.0,6.0,-81.0
1777891987.4963324,-1.0,5.0,-81.0
1777891987.5063324,1.0,7.0,-71.0
1777891987.5163324,1.0,8.0,-78.0
1777891987.5263324,2.0,6.0,-81.0
1777891987.5363324,2.0,4.0,-79.0
1777891987.5463324,2.0,6.0,-78.0
1777891987.5563323,6.0,9.0,-76.0
1777891987.5663323,3.0,7.0,-72.0
1777891987.5763323,1.0,2.0,-74.0
1777891987.5863323,2.0,3.0,-74.0
1777891987.5963323,4.0,3.0,-70.0
1777891987.6063323,-1.0,2.0,-74.0
1777891987.6163323,1.0,0.0,-69.0
1777891987.6263323,5.0,3.0,-68.0
1777891987.6363325,1.0,8.0,-71.0
1777891987.6463325,-3.0,8.0,-78.0
1777891987.6563325,0.0,8.0,-78.0
1777891987.6663325,0.0,8.0,-84.0
1777891987.6763325,3.0,11.0,-91.0
1777891987.6863325,5.0,13.0,-89.0
1777891987.6963325,3.0,10.0,-84.0
1777891987.7063324,4.0,8.0,-76.0
1777891987.7163324,3.0,5.0,-77.0
1777891987.7263324,0.0,2.0,-74.0
1777891987.7363324,-3.0,-1.0,-67.0
1777891987.7463324,-4.0,-1.0,-65.0
1777891987.7563324,-9.0,1.0,-67.0
1777891987.7663324,-5.0,7.0,-64.0
1777891987.7763324,2.0,4.0,-61.0
1777891987.7863324,1.0,3.0,-58.0
1777891987.7963324,0.0,2.0,-62.0
1777891987.8063323,3.0,1.0,-62.0
1777891987.8163323,8.0,-3.0,-61.0
1777891987.8263323,7.0,-3.0,-67.0
1777891987.8363323,4.0,1.0,-72.0
1777891987.8463323,2.0,4.0,-72.0
1777891987.8563323,4.0,2.0,-69.0
1777891987.8663323,5.0,-1.0,-72.0
1777891987.8763323,6.0,-1.0,-77.0
1777891987.8863325,3.0,3.0,-79.0
1777891987.8963325,3.0,5.0,-74.0
1777891987.9063325,0.0,5.0,-67.0
1777891987.9163325,-3.0,0.0,-65.0
1777891987.9263325,-2.0,1.0,-67.0
1777891987.9363325,-2.0,3.0,-65.0
1777891987.9463325,-2.0,4.0,-71.0
1777891987.9563324,-3.0,3.0,-69.0
1777891987.9663324,-7.0,0.0,-69.0
1777891987.9763324,-8.0,-4.0,-72.0
1777891987.9863324,-6.0,-3.0,-75.0
1777891987.9963324,-3.0,-3.0,-67.0
1777891988.0063324,-3.0,0.0,-69.0
1777891988.0163324,-4.0,-2.0,-72.0
1777891988.0263324,-10.0,-5.0,-79.0
1777891988.0363324,-9.0,-3.0,-81.0
1777891988.0463324,-4.0,-1.0,-80.0
1777891988.0563323,-3.0,-4.0,-81.0
1777891988.0663323,-3.0,-8.0,-75.0
1777891988.0763323,-6.0,-5.0,-75.0
1777891988.0863323,-4.0,-3.0,-73.0
1777891988.0963323,-7.0,-2.0,-79.0
1777891988.1063323,-8.0,2.0,-80.0
1777891988.1163323,-5.0,4.0,-82.0
1777891988.1263323,0.0,3.0,-82.0
1777891988.1363325,0.0,5.0,-74.0
1777891988.1463325,2.0,8.0,-75.0
1777891988.1563325,3.0,7.0,-71.0
1777891988.1663325,6.0,5.0,-61.0
1777891988.1763325,6.0,10.0,-63.0
1777891988.1863325,2.0,8.0,-66.0
1777891988.1963325,5.0,9.0,-60.0
1777891988.2063324,7.0,7.0,-69.0
1777891988.2163324,7.0,4.0,-69.0
1777891988.2263324,2.0,3.0,-69.0
1777891988.2363324,6.0,3.0,-69.0
1777891988.2463324,6.0,6.0,-71.0
1777891988.2563324,11.0,2.0,-63.0
1777891988.2663324,11.0,1.0,-58.0
1777891988.2763324,8.0,4.0,-59.0
1777891988.2863324,8.0,1.0,-61.0
1777891988.2963324,4.0,-2.0,-57.0
1777891988.3063323,0.0,0.0,-62.0
1777891988.3163323,2.0,1.0,-68.0
1777891988.3263323,0.0,1.0,-65.0
1777891988.3363323,4.0,5.0,-63.0
1777891988.3463323,3.0,3.0,-65.0
1777891988.3563323,1.0,-2.0,-70.0
1777891988.3663323,-2.0,-4.0,-72.0
1777891988.3763323,-6.0,-3.0,-72.0
1777891988.3863325,0.0,0.0,-75.0
1777891988.3963325,-1.0,1.0,-75.0
1777891988.4063325,-5.0,8.0,-74.0
1777891988.4163325,-4.0,4.0,-80.0
1777891988.4263325,1.0,4.0,-80.0
1777891988.4363325,3.0,4.0,-74.0
1777891988.4463325,1.0,3.0,-68.0
1777891988.4563324,1.0,1.0,-65.0
1777891988.4663324,-1.0,0.0,-66.0
1777891988.4763324,-1.0,-2.0,-76.0
1777891988.4863324,0.0,0.0,-76.0
1777891988.4963324,1.0,0.0,-73.0
1777891988.5063324,0.0,4.0,-70.0
1777891988.5163324,3.0,2.0,-70.0
1777891988.5263324,4.0,2.0,-71.0
1777891988.5373323,1.0,1.0,-69.0
1777891988.5473323,-3.0,1.0,-69.0
1777891988.5573325,-6.0,2.0,-71.0
1777891988.5673325,-4.0,2.0,-74.0
1777891988.5773325,-4.0,1.0,-70.0
1777891988.5873325,-1.0,7.0,-69.0
1777891988.5973325,0.0,8.0,-70.0
1777891988.6073325,-2.0,4.0,-71.0
1777891988.6173325,-4.0,2.0,-70.0
1777891988.6273324,-6.0,1.0,-67.0
1777891988.6373324,-6.0,6.0,-62.0
1777891988.6473324,-6.0,2.0,-62.0
1777891988.6573324,-1.0,5.0,-72.0
1777891988.6673324,0.0,6.0,-75.0
1777891988.6773324,2.0,4.0,-72.0
1777891988.6873324,0.0,3.0,-67.0
1777891988.6973324,0.0,1.0,-69.0
1777891988.7073324,-2.0,6.0,-72.0
1777891988.7173324,-1.0,10.0,-73.0
1777891988.7273324,0.0,6.0,-73.0
1777891988.7373323,0.0,3.0,-66.0
1777891988.7473323,1.0,0.0,-67.0
1777891988.7573323,2.0,0.0,-71.0
1777891988.7673323,6.0,2.0,-73.0
1777891988.7773323,6.0,0.0,-75.0
1777891988.7873323,5.0,0.0,-75.0
1777891988.7973323,9.0,-5.0,-68.0
1777891988.8073325,8.0,-2.0,-72.0
1777891988.8173325,4.0,-1.0,-66.0
1777891988.8273325,0.0,1.0,-66.0
1777891988.8373325,-2.0,5.0,-69.0
1777891988.8473325,-1.0,1.0,-70.0
1777891988.8573325,0.0,-6.0,-77.0
1777891988.8673325,-2.0,-5.0,-79.0
1777891988.8773324,0.0,-3.0,-83.0
1777891988.8873324,-1.0,1.0,-81.0
1777891988.8973324,0.0,2.0,-81.0
1777891988.9073324,-2.0,4.0,-76.0
1777891988.9173324,-3.0,2.0,-65.0
1777891988.9273324,0.0,0.0,-66.0
1777891988.9373324,-1.0,0.0,-72.0
1777891988.9473324,-5.0,2.0,-69.0
1777891988.9573324,-2.0,0.0,-67.0
1777891988.9673324,0.0,0.0,-67.0
1777891988.9773324,1.0,-1.0,-68.0
1777891988.9873323,3.0,-2.0,-68.0
1777891988.9973323,0.0,-2.0,-70.0
1777891989.0073323,-3.0,-3.0,-70.0
1777891989.0173323,-8.0,-4.0,-77.0
1777891989.0273323,-6.0,-3.0,-77.0
1777891989.0373323,-4.0,0.0,-77.0
1777891989.0473323,-6.0,2.0,-74.0
1777891989.0573325,1.0,5.0,-68.0
1777891989.0673325,1.0,4.0,-68.0
1777891989.0773325,0.0,7.0,-68.0
1777891989.0873325,-6.0,8.0,-72.0
1777891989.0973325,1.0,9.0,-70.0
1777891989.1073325,4.0,9.0,-74.0
1777891989.1173325,1.0,5.0,-75.0
1777891989.1273324,1.0,0.0,-70.0
1777891989.1373324,0.0,0.0,-70.0
1777891989.1473324,-4.0,0.0,-71.0
1777891989.1573324,-1.0,0.0,-70.0
1777891989.1673324,-2.0,0.0,-76.0
1777891989.1773324,-3.0,3.0,-78.0
1777891989.1873324,-7.0,4.0,-82.0
1777891989.1973324,-4.0,8.0,-74.0
1777891989.2073324,-3.0,11.0,-65.0
1777891989.2173324,-4.0,5.0,-62.0
1777891989.2273324,-2.0,0.0,-67.0
1777891989.2373323,0.0,-3.0,-70.0
1777891989.2473323,5.0,-4.0,-72.0
1777891989.2573323,0.0,0.0,-69.0
1777891989.2673323,3.0,0.0,-67.0
1777891989.2773323,5.0,-2.0,-65.0
1777891989.2873323,8.0,0.0,-63.0
1777891989.2973323,3.0,0.0,-64.0
1777891989.3073325,3.0,1.0,-64.0
1777891989.3173325,6.0,1.0,-66.0
1777891989.3273325,5.0,-1.0,-67.0
1777891989.3373325,5.0,0.0,-74.0
1777891989.3473325,10.0,0.0,-72.0
1777891989.3573325,14.0,0.0,-70.0
1777891989.3673325,8.0,0.0,-70.0
1777891989.3773324,8.0,-3.0,-73.0
1777891989.3873324,8.0,-3.0,-76.0
1777891989.3973324,4.0,-3.0,-68.0
1777891989.4073324,5.0,-2.0,-67.0
1777891989.4173324,7.0,0.0,-76.0
1777891989.4273324,6.0,-2.0,-75.0
1777891989.4373324,6.0,-3.0,-75.0
1777891989.4473324,1.0,-5.0,-77.0
1777891989.4573324,0.0,-4.0,-78.0
1777891989.4673324,-2.0,-7.0,-75.0
1777891989.4773324,0.0,-6.0,-78.0
1777891989.4873323,3.0,-2.0,-76.0
1777891989.4973323,2.0,2.0,-78.0
1777891989.5073323,6.0,-2.0,-75.0
1777891989.5173323,6.0,-3.0,-78.0
1777891989.5273323,3.0,-3.0,-77.0
1777891989.5373323,1.0,0.0,-77.0
1777891989.5473323,2.0,-1.0,-80.0
1777891989.5573325,1.0,-2.0,-76.0
1777891989.5673325,-4.0,-1.0,-73.0
1777891989.5773325,-5.0,-3.0,-76.0
1777891989.5873325,-6.0,-3.0,-70.0
1777891989.5973325,-2.0,-6.0,-74.0
1777891989.6073325,3.0,-6.0,-72.0
1777891989.6173325,4.0,-6.0,-67.0
1777891989.6273324,-1.0,-2.0,-66.0
1777891989.6373324,0.0,-1.0,-68.0
1777891989.6473324,0.0,-4.0,-68.0
1777891989.6573324,2.0,-8.0,-74.0
1777891989.6673324,-1.0,-2.0,-72.0
1777891989.6773324,0.0,0.0,-74.0
1777891989.6873324,-1.0,-4.0,-75.0
1777891989.6973324,0.0,-1.0,-73.0
1777891989.7073324,-2.0,-2.0,-72.0
1777891989.7173324,-1.0,-5.0,-69.0
1777891989.7273324,0.0,-5.0,-69.0
1777891989.7373323,-1.0,-4.0,-75.0
1777891989.7473323,2.0,-2.0,-76.0
1777891989.7573323,0.0,0.0,-80.0
1777891989.7673323,0.0,0.0,-77.0
1777891989.7773323,0.0,0.0,-70.0
1777891989.7873323,0.0,2.0,-74.0
1777891989.7973323,-3.0,2.0,-74.0
1777891989.8073325,-1.0,3.0,-76.0
1777891989.8173325,0.0,1.0,-71.0
1777891989.8273325,3.0,0.0,-70.0
1777891989.8373325,2.0,-1.0,-75.0
1777891989.8473325,-1.0,0.0,-71.0
1777891989.8573325,-5.0,-4.0,-74.0
1777891989.8673325,-6.0,-4.0,-77.0
1777891989.8773324,-6.0,-6.0,-82.0
1777891989.8873324,-6.0,-7.0,-84.0
1777891989.8973324,-4.0,-7.0,-82.0
1777891989.9073324,-1.0,0.0,-81.0
1777891989.9173324,1.0,-3.0,-75.0
1777891989.9273324,0.0,-2.0,-76.0
1777891989.9373324,1.0,0.0,-78.0
1777891989.9473324,4.0,-1.0,-74.0
1777891989.9573324,4.0,-1.0,-74.0
1777891989.9673324,4.0,0.0,-73.0
1777891989.9773324,4.0,0.0,-79.0
1777891989.9873323,0.0,-2.0,-80.0
1777891989.9973323,3.0,0.0,-72.0
1777891990.0073323,7.0,0.0,-75.0
1777891990.0173323,7.0,0.0,-81.0
1777891990.0273323,11.0,-2.0,-83.0
1777891990.0373323,11.0,0.0,-85.0
1777891990.0473323,10.0,0.0,-88.0
1777891990.0573325,6.0,-1.0,-87.0
1777891990.0673325,1.0,-4.0,-79.0
1777891990.0773325,3.0,-3.0,-72.0
1777891990.0873325,3.0,-5.0,-62.0
1777891990.0973325,1.0,-4.0,-64.0
1777891990.1073325,1.0,-4.0,-64.0
1777891990.1173325,0.0,-1.0,-63.0
1777891990.1273324,0.0,0.0,-65.0
1777891990.1373324,0.0,-3.0,-64.0
1777891990.1473324,-2.0,-3.0,-57.0
1777891990.1573324,-5.0,-1.0,-55.0
1777891990.1673324,-5.0,-1.0,-60.0
1777891990.1773324,-1.0,0.0,-60.0
1777891990.1873324,1.0,2.0,-65.0
1777891990.1973324,-1.0,7.0,-65.0
1777891990.2073324,-1.0,2.0,-59.0
1777891990.2173324,-2.0,-2.0,-66.0
1777891990.2273324,-5.0,-3.0,-68.0
1777891990.2373323,-5.0,0.0,-62.0
1777891990.2473323,-3.0,-3.0,-64.0
1777891990.2573323,-1.0,-3.0,-62.0
1777891990.2673323,0.0,-5.0,-64.0
1777891990.2773323,1.0,-2.0,-68.0
1777891990.2873323,0.0,-1.0,-66.0
1777891990.2973323,1.0,0.0,-62.0
1777891990.3073325,4.0,2.0,-67.0
1777891990.3173325,3.0,3.0,-72.0
1777891990.3273325,6.0,7.0,-71.0
1777891990.3373325,5.0,2.0,-67.0
1777891990.3473325,9.0,6.0,-68.0
1777891990.3573325,12.0,2.0,-73.0
1777891990.3673325,8.0,3.0,-76.0
1777891990.3773324,7.0,6.0,-79.0
1777891990.3873324,4.0,5.0,-81.0
1777891990.3973324,1.0,1.0,-85.0
1777891990.4073324,3.0,0.0,-88.0
1777891990.4173324,4.0,-5.0,-84.0
1777891990.4273324,6.0,-3.0,-87.0
1777891990.4373324,2.0,-1.0,-78.0
1777891990.4473324,1.0,-2.0,-79.0
1777891990.4573324,2.0,-7.0,-75.0
1777891990.4673324,4.0,-9.0,-76.0
1777891990.4773324,4.0,-11.0,-77.0
1777891990.4873323,5.0,-7.0,-71.0
1777891990.4973323,7.0,-2.0,-73.0
1777891990.5073323,6.0,0.0,-79.0
1777891990.5183325,1.0,-1.0,-82.0
1777891990.5283325,0.0,0.0,-85.0
1777891990.5373323,1.0,0.0,-86.0
1777891990.5483325,1.0,-4.0,-80.0
1777891990.5583324,2.0,-2.0,-80.0
1777891990.5683324,1.0,2.0,-78.0
1777891990.5783324,1.0,4.0,-78.0
1777891990.5883324,-2.0,2.0,-74.0
1777891990.5983324,0.0,2.0,-71.0
1777891990.6083324,1.0,-2.0,-79.0
1777891990.6183324,0.0,-3.0,-82.0
1777891990.6283324,1.0,-3.0,-76.0
1777891990.6383324,1.0,-7.0,-74.0
1777891990.6483324,0.0,-7.0,-71.0
1777891990.6583323,3.0,0.0,-73.0
1777891990.6683323,2.0,-3.0,-73.0
1777891990.6783323,3.0,0.0,-74.0
1777891990.6883323,5.0,-2.0,-76.0
1777891990.6983323,8.0,-2.0,-76.0
1777891990.7083323,7.0,-3.0,-71.0
1777891990.7183323,2.0,2.0,-76.0
1777891990.7283323,1.0,2.0,-74.0
1777891990.7383325,2.0,-1.0,-68.0
1777891990.7483325,3.0,0.0,-74.0
1777891990.7583325,2.0,0.0,-73.0
1777891990.7683325,0.0,-3.0,-71.0
1777891990.7783325,-2.0,0.0,-71.0
1777891990.7883325,-4.0,4.0,-74.0
1777891990.7983325,-5.0,9.0,-74.0
1777891990.8083324,-5.0,6.0,-77.0
1777891990.8183324,0.0,3.0,-74.0
1777891990.8283324,0.0,2.0,-72.0
1777891990.8383324,1.0,1.0,-67.0
1777891990.8483324,0.0,-1.0,-65.0
1777891990.8583324,3.0,-2.0,-63.0
1777891990.8683324,4.0,0.0,-64.0
1777891990.8783324,3.0,-4.0,-65.0
1777891990.8883324,6.0,-7.0,-73.0
1777891990.8983324,4.0,-6.0,-82.0
1777891990.9083323,0.0,-5.0,-82.0
1777891990.9183323,1.0,-3.0,-85.0
1777891990.9283323,3.0,-3.0,-89.0
1777891990.9383323,1.0,-1.0,-78.0
1777891990.9483323,-3.0,0.0,-81.0
1777891990.9583323,-7.0,-1.0,-79.0
1777891990.9683323,-11.0,-6.0,-80.0
1777891990.9783323,-8.0,-7.0,-76.0
1777891990.9883325,-8.0,-4.0,-73.0
1777891990.9983325,-6.0,-4.0,-72.0
1777891991.0083325,-6.0,-2.0,-77.0
1777891991.0183325,-5.0,-3.0,-82.0
1777891991.0283325,-2.0,0.0,-82.0
1777891991.0383325,-4.0,0.0,-80.0
1777891991.0483325,-3.0,4.0,-76.0
1777891991.0583324,-7.0,4.0,-74.0
1777891991.0683324,-8.0,3.0,-76.0
1777891991.0783324,-6.0,5.0,-75.0
1777891991.0883324,-7.0,5.0,-72.0
1777891991.0983324,-7.0,4.0,-72.0
1777891991.1083324,-4.0,4.0,-71.0
1777891991.1183324,-4.0,-3.0,-70.0
1777891991.1283324,-7.0,2.0,-67.0
1777891991.1383324,-4.0,5.0,-62.0
1777891991.1483324,-2.0,1.0,-61.0
1777891991.1583323,0.0,-1.0,-62.0
1777891991.1683323,1.0,-3.0,-60.0
1777891991.1783323,1.0,-3.0,-63.0
1777891991.1883323,-1.0,-7.0,-65.0
1777891991.1983323,-3.0,-7.0,-69.0
1777891991.2083323,-1.0,-9.0,-73.0
1777891991.2183323,2.0,-7.0,-67.0
1777891991.2283323,1.0,-6.0,-69.0
1777891991.2383325,-3.0,-6.0,-75.0
1777891991.2483325,-2.0,0.0,-68.0
1777891991.2583325,-5.0,0.0,-73.0
1777891991.2683325,-2.0,0.0,-72.0
1777891991.2783325,-1.0,-1.0,-69.0
1777891991.2883325,2.0,-2.0,-72.0
1777891991.2983325,7.0,-3.0,-71.0
1777891991.3083324,7.0,-4.0,-75.0
1777891991.3183324,6.0,-5.0,-79.0
1777891991.3283324,7.0,-3.0,-74.0
1777891991.3383324,4.0,0.0,-77.0
1777891991.3483324,0.0,0.0,-75.0
1777891991.3583324,-4.0,0.0,-78.0
1777891991.3683324,-1.0,0.0,-78.0
1777891991.3783324,1.0,2.0,-86.0
1777891991.3883324,3.0,3.0,-81.0
1777891991.3983324,0.0,5.0,-81.0
1777891991.4083323,4.0,2.0,-75.0
1777891991.4183323,0.0,0.0,-79.0
1777891991.4283323,-2.0,-4.0,-78.0
1777891991.4383323,1.0,-5.0,-79.0
1777891991.4483323,4.0,-5.0,-87.0
1777891991.4583323,5.0,-6.0,-78.0
1777891991.4683323,2.0,-6.0,-76.0
1777891991.4783323,2.0,0.0,-74.0
1777891991.4883325,7.0,1.0,-69.0
1777891991.4983325,8.0,0.0,-68.0
1777891991.5083325,0.0,0.0,-78.0
1777891991.5183325,0.0,3.0,-76.0
1777891991.5283325,2.0,5.0,-77.0
1777891991.5383325,1.0,2.0,-79.0
1777891991.5483325,0.0,1.0,-76.0
1777891991.5583324,-6.0,-5.0,-72.0
1777891991.5683324,0.0,-4.0,-68.0
1777891991.5783324,-1.0,0.0,-68.0
1777891991.5883324,0.0,0.0,-69.0
1777891991.5983324,4.0,0.0,-77.0
1777891991.6083324,8.0,0.0,-82.0
1777891991.6183324,7.0,0.0,-77.0
1777891991.6283324,5.0,-2.0,-78.0
1777891991.6383324,-1.0,-5.0,-71.0
1777891991.6483324,0.0,-8.0,-69.0
1777891991.6583323,0.0,-5.0,-70.0
1777891991.6683323,2.0,-3.0,-74.0
1777891991.6783323,0.0,-1.0,-77.0
1777891991.6883323,4.0,-1.0,-75.0
1777891991.6983323,2.0,0.0,-74.0
1777891991.7083323,4.0,2.0,-73.0
1777891991.7183323,3.0,1.0,-78.0
1777891991.7283323,0.0,0.0,-77.0
1777891991.7383325,2.0,0.0,-74.0
1777891991.7483325,2.0,3.0,-72.0
1777891991.7583325,0.0,2.0,-72.0
1777891991.7683325,-1.0,3.0,-70.0
1777891991.7783325,0.0,4.0,-69.0
1777891991.7883325,-5.0,-2.0,-70.0
1777891991.7983325,0.0,-5.0,-66.0
1777891991.8083324,1.0,-6.0,-67.0
1777891991.8183324,0.0,-7.0,-67.0
1777891991.8283324,3.0,-4.0,-65.0
1777891991.8383324,5.0,-3.0,-62.0
1777891991.8483324,6.0,-1.0,-67.0
1777891991.8583324,10.0,1.0,-63.0
1777891991.8683324,6.0,3.0,-62.0
1777891991.8783324,6.0,0.0,-66.0
1777891991.8883324,3.0,0.0,-62.0
1777891991.8983324,0.0,0.0,-61.0
1777891991.9083323,0.0,1.0,-66.0
1777891991.9183323,-1.0,2.0,-68.0
1777891991.9283323,-4.0,1.0,-69.0
1777891991.9383323,-4.0,-1.0,-73.0
1777891991.9483323,-2.0,-3.0,-72.0
1777891991.9583323,1.0,1.0,-67.0
1777891991.9683323,-6.0,4.0,-64.0
1777891991.9783323,-4.0,1.0,-59.0
1777891991.9883325,-1.0,0.0,-66.0
1777891991.9983325,0.0,2.0,-63.0
1777891992.0083325,2.0,0.0,-64.0
1777891992.0183325,-3.0,-2.0,-69.0
1777891992.0283325,-6.0,0.0,-67.0
1777891992.0383325,-5.0,-1.0,-68.0
1777891992.0483325,-3.0,0.0,-72.0
1777891992.0583324,-2.0,0.0,-72.0
1777891992.0683324,-1.0,2.0,-70.0
1777891992.0783324,-3.0,1.0,-72.0
1777891992.0883324,2.0,1.0,-66.0
1777891992.0983324,2.0,-1.0,-71.0
1777891992.1083324,-3.0,0.0,-75.0
1777891992.1183324,1.0,-1.0,-72.0
1777891992.1283324,5.0,0.0,-72.0
1777891992.1383324,5.0,2.0,-72.0
1777891992.1483324,6.0,4.0,-71.0
1777891992.1583323,2.0,5.0,-65.0
1777891992.1683323,3.0,4.0,-67.0
1777891992.1783323,2.0,0.0,-64.0
1777891992.1883323,1.0,-2.0,-70.0
1777891992.1983323,-2.0,-6.0,-76.0
1777891992.2083323,-3.0,-1.0,-79.0
1777891992.2183323,-5.0,0.0,-74.0
1777891992.2283323,-8.0,-4.0,-78.0
1777891992.2383325,-4.0,-5.0,-69.0
1777891992.2483325,0.0,-4.0,-74.0
1777891992.2583325,3.0,-4.0,-72.0
1777891992.2683325,1.0,-1.0,-67.0
1777891992.2783325,1.0,0.0,-67.0
1777891992.2883325,-1.0,0.0,-70.0
1777891992.2983325,-4.0,-3.0,-67.0
1777891992.3083324,-1.0,-3.0,-69.0
1777891992.3183324,1.0,-1.0,-71.0
1777891992.3283324,4.0,-4.0,-69.0
1777891992.3383324,1.0,0.0,-70.0
1777891992.3483324,2.0,1.0,-64.0
1777891992.3583324,7.0,4.0,-68.0
1777891992.3683324,8.0,4.0,-68.0
1777891992.3783324,7.0,3.0,-63.0
1777891992.3883324,4.0,4.0,-65.0
1777891992.3983324,3.0,5.0,-65.0
1777891992.4083323,1.0,1.0,-69.0
1777891992.4183323,0.0,0.0,-70.0
1777891992.4283323,4.0,-3.0,-69.0
1777891992.4383323,6.0,-2.0,-67.0
1777891992.4483323,6.0,4.0,-60.0
1777891992.4583323,10.0,0.0,-61.0
1777891992.4683323,12.0,3.0,-62.0
1777891992.4783323,5.0,1.0,-71.0
1777891992.4893324,3.0,0.0,-74.0
1777891992.4983325,3.0,-1.0,-75.0
1777891992.5093324,6.0,-1.0,-73.0
1777891992.5183325,4.0,0.0,-75.0
1777891992.5293324,0.0,-5.0,-75.0
1777891992.5393324,3.0,-3.0,-79.0
1777891992.5493324,0.0,-2.0,-83.0
1777891992.5593324,0.0,-2.0,-82.0
1777891992.5693324,3.0,2.0,-79.0
1777891992.5793324,3.0,3.0,-77.0
1777891992.5893323,3.0,3.0,-78.0
1777891992.5993323,0.0,6.0,-69.0
1777891992.6093323,-2.0,5.0,-65.0
1777891992.6193323,-1.0,4.0,-69.0
1777891992.6293323,0.0,4.0,-62.0
1777891992.6393323,0.0,5.0,-68.0
1777891992.6493323,1.0,0.0,-72.0
1777891992.6593325,1.0,0.0,-72.0
1777891992.6693325,2.0,1.0,-69.0
1777891992.6793325,3.0,-2.0,-76.0
1777891992.6893325,1.0,-1.0,-73.0
1777891992.6993325,-4.0,0.0,-80.0
1777891992.7093325,-3.0,1.0,-81.0
1777891992.7193325,1.0,-2.0,-81.0
1777891992.7293324,4.0,0.0,-77.0
1777891992.7393324,7.0,-2.0,-80.0
1777891992.7493324,4.0,-2.0,-77.0
1777891992.7593324,3.0,0.0,-75.0
1777891992.7693324,1.0,0.0,-73.0
1777891992.7793324,10.0,-1.0,-69.0
1777891992.7893324,10.0,-5.0,-74.0
1777891992.7993324,3.0,-4.0,-77.0
1777891992.8093324,7.0,-1.0,-75.0
1777891992.8193324,6.0,-7.0,-75.0
1777891992.8293324,5.0,-5.0,-72.0
1777891992.8393323,-1.0,-2.0,-72.0
1777891992.8493323,-7.0,3.0,-77.0
1777891992.8593323,-5.0,0.0,-74.0
1777891992.8693323,-4.0,4.0,-77.0
1777891992.8793323,1.0,0.0,-80.0
1777891992.8893323,0.0,-2.0,-79.0
1777891992.8993323,0.0,-3.0,-74.0
1777891992.9093325,4.0,-3.0,-80.0
1777891992.9193325,3.0,-1.0,-76.0
1777891992.9293325,0.0,4.0,-72.0
1777891992.9393325,2.0,4.0,-71.0
1777891992.9493325,0.0,6.0,-73.0
1777891992.9593325,1.0,8.0,-75.0
1777891992.9693325,0.0,4.0,-77.0
1777891992.9793324,3.0,1.0,-79.0
1777891992.9893324,3.0,-5.0,-73.0
1777891992.9993324,-2.0,-4.0,-71.0
1777891993.0093324,-5.0,-2.0,-68.0
1777891993.0193324,-6.0,-3.0,-62.0
1777891993.0293324,-2.0,-2.0,-67.0
1777891993.0393324,-2.0,-3.0,-70.0
1777891993.0493324,-2.0,1.0,-75.0
1777891993.0593324,5.0,4.0,-69.0
1777891993.0693324,3.0,1.0,-64.0
1777891993.0793324,2.0,-1.0,-62.0
1777891993.0893323,-1.0,-1.0,-65.0
1777891993.0993323,0.0,0.0,-58.0
1777891993.1093323,1.0,-6.0,-62.0
1777891993.1193323,0.0,-8.0,-64.0
1777891993.1293323,-4.0,-5.0,-63.0
1777891993.1393323,-3.0,-9.0,-59.0
1777891993.1493323,-1.0,-7.0,-58.0
1777891993.1593325,2.0,-5.0,-60.0
1777891993.1693325,3.0,-7.0,-56.0
1777891993.1793325,3.0,-3.0,-58.0
1777891993.1893325,0.0,-3.0,-63.0
1777891993.1993325,1.0,-2.0,-63.0
1777891993.2093325,-1.0,-3.0,-66.0
1777891993.2193325,1.0,-5.0,-69.0
1777891993.2293324,0.0,-2.0,-68.0
1777891993.2393324,-4.0,1.0,-71.0
1777891993.2493324,-8.0,0.0,-65.0
1777891993.2593324,-7.0,-1.0,-60.0
1777891993.2693324,-8.0,-5.0,-70.0
1777891993.2793324,-4.0,-6.0,-75.0
1777891993.2893324,-2.0,-5.0,-73.0
1777891993.2993324,-2.0,-4.0,-68.0
1777891993.3093324,-5.0,0.0,-72.0
1777891993.3193324,-7.0,0.0,-72.0
1777891993.3293324,-4.0,0.0,-68.0
1777891993.3393323,-1.0,0.0,-70.0
1777891993.3493323,-2.0,-1.0,-71.0
1777891993.3593323,-2.0,0.0,-71.0
1777891993.3693323,-3.0,2.0,-72.0
1777891993.3793323,0.0,2.0,-75.0
1777891993.3893323,-1.0,-2.0,-71.0
1777891993.3993323,0.0,1.0,-73.0
1777891993.4093325,-2.0,4.0,-73.0
1777891993.4193325,-1.0,7.0,-71.0
1777891993.4293325,-4.0,8.0,-65.0
1777891993.4393325,2.0,4.0,-65.0
1777891993.4493325,8.0,1.0,-57.0
1777891993.4593325,9.0,0.0,-61.0
1777891993.4693325,5.0,1.0,-59.0
1777891993.4793324,4.0,-1.0,-61.0
1777891993.4893324,9.0,-2.0,-68.0
1777891993.4993324,7.0,-3.0,-63.0
1777891993.5093324,3.0,-3.0,-74.0
1777891993.5193324,1.0,1.0,-76.0
1777891993.5293324,0.0,1.0,-75.0
1777891993.5393324,1.0,3.0,-78.0
1777891993.5493324,0.0,5.0,-79.0
1777891993.5593324,2.0,7.0,-83.0
1777891993.5693324,2.0,1.0,-74.0
1777891993.5793324,2.0,0.0,-74.0
1777891993.5893323,4.0,-3.0,-76.0
1777891993.5993323,8.0,-4.0,-77.0
1777891993.6093323,8.0,-10.0,-70.0
1777891993.6193323,0.0,-10.0,-71.0
1777891993.6293323,-2.0,-8.0,-72.0
1777891993.6393323,-3.0,-7.0,-72.0
1777891993.6493323,-6.0,-1.0,-71.0
1777891993.6593325,-1.0,-4.0,-72.0
1777891993.6693325,-2.0,-3.0,-70.0
1777891993.6793325,0.0,-4.0,-64.0
1777891993.6893325,-2.0,-7.0,-64.0
1777891993.6993325,-2.0,-6.0,-68.0
1777891993.7093325,-3.0,-5.0,-68.0
1777891993.7193325,0.0,-6.0,-61.0
1777891993.7293324,0.0,-3.0,-59.0
1777891993.7393324,0.0,-8.0,-63.0
1777891993.7493324,3.0,-6.0,-64.0
1777891993.7593324,4.0,-5.0,-62.0
1777891993.7693324,2.0,-4.0,-62.0
1777891993.7793324,-1.0,-1.0,-72.0
1777891993.7893324,1.0,3.0,-72.0
1777891993.7993324,3.0,3.0,-76.0
1777891993.8093324,0.0,1.0,-79.0
1777891993.8193324,0.0,2.0,-80.0
1777891993.8293324,0.0,3.0,-78.0
1777891993.8393323,0.0,2.0,-76.0
1777891993.8493323,3.0,2.0,-69.0
1777891993.8593323,-1.0,0.0,-72.0
1777891993.8693323,0.0,-3.0,-72.0
1777891993.8793323,2.0,0.0,-69.0
1777891993.8893323,2.0,0.0,-64.0
1777891993.8993323,4.0,2.0,-73.0
1777891993.9093325,2.0,1.0,-73.0
1777891993.9193325,1.0,1.0,-69.0
1777891993.9293325,6.0,0.0,-73.0
1777891993.9393325,7.0,0.0,-73.0
1777891993.9493325,3.0,2.0,-70.0
1777891993.9593325,-2.0,0.0,-72.0
1777891993.9693325,-3.0,-3.0,-68.0
1777891993.9793324,-5.0,-3.0,-69.0
1777891993.9893324,2.0,1.0,-69.0
1777891993.9993324,4.0,3.0,-67.0
1777891994.0093324,1.0,3.0,-71.0
1777891994.0193324,4.0,6.0,-74.0
1777891994.0293324,3.0,5.0,-72.0
1777891994.0393324,0.0,0.0,-72.0
1777891994.0493324,2.0,0.0,-70.0
1777891994.0593324,1.0,0.0,-73.0
1777891994.0693324,4.0,2.0,-69.0
1777891994.0793324,4.0,5.0,-65.0
1777891994.0893323,-1.0,-1.0,-69.0
1777891994.0993323,3.0,-1.0,-75.0
1777891994.1093323,1.0,-1.0,-76.0
1777891994.1193323,1.0,0.0,-78.0
1777891994.1293323,0.0,2.0,-75.0
1777891994.1393323,1.0,0.0,-71.0
1777891994.1493323,5.0,-2.0,-70.0
1777891994.1593325,3.0,-1.0,-74.0
1777891994.1693325,2.0,-3.0,-79.0
1777891994.1793325,4.0,-7.0,-79.0
1777891994.1893325,5.0,-6.0,-72.0
1777891994.1993325,6.0,-2.0,-71.0
1777891994.2093325,5.0,3.0,-69.0
1777891994.2193325,8.0,0.0,-62.0
1777891994.2293324,10.0,-2.0,-58.0
1777891994.2393324,10.0,0.0,-53.0
1777891994.2493324,7.0,-4.0,-54.0
1777891994.2593324,9.0,-5.0,-62.0
1777891994.2693324,8.0,-5.0,-62.0
1777891994.2793324,11.0,-6.0,-68.0
1777891994.2893324,13.0,-10.0,-72.0
1777891994.2993324,9.0,-8.0,-72.0
1777891994.3093324,11.0,-3.0,-69.0
1777891994.3193324,7.0,-1.0,-69.0
1777891994.3293324,4.0,-3.0,-67.0
1777891994.3393323,9.0,-6.0,-66.0
1777891994.3493323,7.0,-4.0,-71.0
1777891994.3593323,8.0,-7.0,-72.0
1777891994.3693323,6.0,-7.0,-68.0
1777891994.3793323,5.0,-2.0,-68.0
1777891994.3893323,3.0,-2.0,-81.0
1777891994.3993323,2.0,0.0,-88.0
1777891994.4093325,2.0,-3.0,-94.0
1777891994.4193325,1.0,-3.0,-82.0
1777891994.4293325,-1.0,0.0,-75.0
1777891994.4393325,0.0,0.0,-69.0
1777891994.4493325,-1.0,-1.0,-68.0
1777891994.4593325,-1.0,0.0,-67.0
1777891994.4693325,7.0,-2.0,-73.0
1777891994.4793324,12.0,-3.0,-76.0
1777891994.4893324,12.0,-2.0,-76.0
1777891994.5003324,11.0,0.0,-74.0
1777891994.5103323,7.0,-1.0,-69.0
1777891994.5203323,4.0,-4.0,-72.0
1777891994.5303323,7.0,-7.0,-72.0
1777891994.5403323,4.0,-5.0,-74.0
1777891994.5503323,2.0,-6.0,-78.0
1777891994.5603323,0.0,-6.0,-78.0
1777891994.5703323,5.0,-2.0,-79.0
1777891994.5803325,3.0,1.0,-77.0
1777891994.5903325,2.0,0.0,-73.0
1777891994.6003325,0.0,0.0,-67.0
1777891994.6103325,2.0,-1.0,-64.0
1777891994.6203325,0.0,0.0,-63.0
1777891994.6303325,-3.0,4.0,-65.0
1777891994.6403325,-3.0,-1.0,-66.0
1777891994.6503325,-5.0,-1.0,-66.0
1777891994.6603324,-4.0,-3.0,-74.0
1777891994.6703324,-5.0,-4.0,-70.0
1777891994.6803324,-2.0,-9.0,-73.0
1777891994.6903324,1.0,-7.0,-78.0
1777891994.7003324,4.0,-4.0,-73.0
1777891994.7103324,1.0,-2.0,-69.0
1777891994.7203324,1.0,-2.0,-65.0
1777891994.7303324,2.0,-1.0,-57.0
1777891994.7403324,5.0,0.0,-62.0
1777891994.7503324,8.0,-1.0,-62.0
1777891994.7603323,8.0,-1.0,-64.0
1777891994.7703323,6.0,-1.0,-64.0
1777891994.7803323,7.0,-1.0,-61.0
1777891994.7903323,7.0,0.0,-63.0
1777891994.8003323,10.0,-5.0,-62.0
1777891994.8103323,11.0,-6.0,-68.0
1777891994.8203323,6.0,-7.0,-70.0
1777891994.8303325,5.0,-9.0,-70.0
1777891994.8403325,3.0,-9.0,-70.0
1777891994.8503325,6.0,-9.0,-70.0
1777891994.8603325,5.0,-4.0,-69.0
1777891994.8703325,5.0,-3.0,-67.0
1777891994.8803325,3.0,0.0,-71.0
1777891994.8903325,-1.0,5.0,-72.0
1777891994.9003325,1.0,2.0,-73.0
1777891994.9103324,1.0,3.0,-72.0
1777891994.9203324,3.0,4.0,-67.0
1777891994.9303324,6.0,0.0,-69.0
1777891994.9403324,6.0,2.0,-69.0
1777891994.9503324,5.0,3.0,-67.0
1777891994.9603324,2.0,2.0,-68.0
1777891994.9703324,5.0,0.0,-69.0
1777891994.9803324,3.0,2.0,-70.0
1777891994.9903324,4.0,3.0,-71.0
1777891995.0003324,5.0,2.0,-70.0
1777891995.0103323,6.0,3.0,-71.0
1777891995.0203323,9.0,0.0,-69.0
1777891995.0303323,7.0,0.0,-67.0
1777891995.0403323,4.0,1.0,-73.0
1777891995.0503323,5.0,0.0,-78.0
1777891995.0603323,4.0,8.0,-80.0
1777891995.0703323,2.0,8.0,-79.0
1777891995.0803325,-1.0,3.0,-77.0
1777891995.0903325,-2.0,4.0,-78.0
1777891995.1003325,1.0,-1.0,-79.0
1777891995.1103325,1.0,2.0,-76.0
1777891995.1203325,-1.0,1.0,-79.0
1777891995.1303325,-1.0,-2.0,-76.0
1777891995.1403325,-5.0,-3.0,-71.0
1777891995.1503325,-2.0,0.0,-69.0
1777891995.1603324,-1.0,2.0,-66.0
1777891995.1703324,-4.0,0.0,-68.0
1777891995.1803324,-2.0,0.0,-69.0
1777891995.1903324,0.0,2.0,-70.0
1777891995.2003324,-1.0,4.0,-68.0
1777891995.2103324,0.0,5.0,-63.0
1777891995.2203324,0.0,7.0,-62.0
1777891995.2303324,-1.0,7.0,-52.0
1777891995.2403324,0.0,7.0,-46.0
1777891995.2503324,0.0,6.0,-58.0
1777891995.2603323,0.0,2.0,-68.0
1777891995.2703323,-3.0,2.0,-69.0
1777891995.2803323,-1.0,2.0,-78.0
1777891995.2903323,0.0,4.0,-77.0
1777891995.3003323,3.0,4.0,-71.0
1777891995.3103323,4.0,6.0,-72.0
1777891995.3203323,1.0,3.0,-74.0
1777891995.3313324,2.0,3.0,-78.0
1777891995.3403325,2.0,2.0,-77.0
1777891995.3503325,2.0,2.0,-76.0
1777891995.3603325,4.0,0.0,-70.0
1777891995.3703325,1.0,-7.0,-72.0
1777891995.3803325,2.0,-6.0,-67.0
1777891995.3903325,3.0,-3.0,-69.0
1777891995.4003325,3.0,-3.0,-71.0
1777891995.4103324,-3.0,-5.0,-76.0
1777891995.4203324,-5.0,0.0,-81.0
1777891995.4303324,-7.0,-1.0,-75.0
1777891995.4403324,-5.0,-2.0,-72.0
1777891995.4503324,-2.0,-4.0,-75.0
1777891995.4603324,-2.0,-5.0,-77.0
1777891995.4703324,-2.0,-5.0,-72.0
1777891995.4803324,-1.0,-4.0,-71.0
1777891995.4903324,4.0,-7.0,-69.0
1777891995.5003324,8.0,-4.0,-67.0
1777891995.5103323,4.0,-2.0,-66.0
1777891995.5203323,1.0,0.0,-65.0
1777891995.5303323,-1.0,0.0,-61.0
1777891995.5403323,3.0,0.0,-60.0
1777891995.5503323,6.0,-1.0,-65.0
1777891995.5603323,9.0,-1.0,-69.0
1777891995.5703323,6.0,-3.0,-72.0
1777891995.5803325,4.0,-3.0,-71.0
1777891995.5903325,2.0,-2.0,-74.0
1777891995.6003325,2.0,-7.0,-70.0
1777891995.6103325,5.0,-6.0,-68.0
1777891995.6203325,8.0,-4.0,-67.0
1777891995.6303325,8.0,-2.0,-71.0
1777891995.6403325,7.0,-2.0,-67.0
1777891995.6503325,5.0,-4.0,-62.0
1777891995.6603324,3.0,-4.0,-65.0
1777891995.6703324,5.0,-9.0,-64.0
1777891995.6803324,1.0,-9.0,-63.0
1777891995.6903324,4.0,-4.0,-61.0
1777891995.7003324,3.0,0.0,-61.0
1777891995.7113323,0.0,0.0,-70.0
1777891995.7203324,-2.0,1.0,-73.0
1777891995.7303324,-1.0,3.0,-72.0
1777891995.7403324,0.0,1.0,-68.0
1777891995.7503324,3.0,-1.0,-70.0
1777891995.7603323,4.0,0.0,-60.0
1777891995.7703323,3.0,2.0,-65.0
1777891995.7803323,-2.0,3.0,-72.0
1777891995.7903323,0.0,1.0,-71.0
1777891995.8003323,3.0,3.0,-70.0
1777891995.8103323,0.0,3.0,-69.0
1777891995.8203323,-2.0,0.0,-65.0
1777891995.8303325,-6.0,-1.0,-64.0
1777891995.8403325,-1.0,0.0,-62.0
1777891995.8503325,0.0,-1.0,-63.0
1777891995.8603325,-5.0,2.0,-69.0
1777891995.8703325,-6.0,3.0,-68.0
1777891995.8803325,-1.0,0.0,-69.0
1777891995.8903325,-4.0,0.0,-73.0
1777891995.9003325,-6.0,-3.0,-68.0
1777891995.9103324,-3.0,-6.0,-72.0
1777891995.9203324,0.0,-6.0,-72.0
1777891995.9303324,2.0,-4.0,-75.0
1777891995.9403324,6.0,-3.0,-74.0
1777891995.9503324,2.0,0.0,-73.0
1777891995.9603324,5.0,0.0,-72.0
1777891995.9703324,8.0,3.0,-69.0
1777891995.9803324,4.0,0.0,-74.0
1777891995.9903324,7.0,0.0,-78.0
1777891996.0003324,6.0,0.0,-76.0
1777891996.0103323,8.0,0.0,-73.0
1777891996.0203323,5.0,1.0,-74.0
1777891996.0303323,7.0,2.0,-74.0
1777891996.0403323,9.0,0.0,-77.0
1777891996.0503323,6.0,-5.0,-79.0
1777891996.0603323,7.0,-7.0,-78.0
1777891996.0703323,11.0,-3.0,-75.0
1777891996.0803325,10.0,-3.0,-78.0
1777891996.0903325,5.0,-3.0,-74.0
1777891996.1003325,2.0,-8.0,-68.0
1777891996.1103325,4.0,-8.0,-71.0
1777891996.1203325,5.0,0.0,-73.0
1777891996.1303325,2.0,3.0,-65.0
1777891996.1403325,0.0,3.0,-64.0
1777891996.1503325,0.0,6.0,-72.0
1777891996.1603324,1.0,5.0,-75.0
1777891996.1703324,0.0,1.0,-77.0
1777891996.1803324,3.0,0.0,-75.0
1777891996.1903324,3.0,-4.0,-67.0
1777891996.2003324,0.0,-3.0,-71.0
1777891996.2103324,-2.0,-3.0,-76.0
1777891996.2203324,-6.0,-4.0,-71.0
1777891996.2303324,-7.0,-2.0,-69.0
1777891996.2403324,-3.0,-3.0,-68.0
1777891996.2503324,0.0,0.0,-72.0
1777891996.2603323,-1.0,-1.0,-74.0
1777891996.2703323,-2.0,3.0,-70.0
1777891996.2803323,-2.0,1.0,-70.0
1777891996.2903323,-1.0,4.0,-69.0
1777891996.3003323,0.0,4.0,-69.0
1777891996.3103323,1.0,4.0,-71.0
1777891996.3203323,5.0,2.0,-75.0
1777891996.3303325,3.0,-1.0,-71.0
1777891996.3403325,4.0,0.0,-67.0
1777891996.3503325,3.0,-1.0,-68.0
1777891996.3603325,2.0,-1.0,-71.0
1777891996.3703325,4.0,-1.0,-75.0
1777891996.3803325,5.0,-1.0,-77.0
1777891996.3903325,5.0,-3.0,-80.0
1777891996.4003325,5.0,0.0,-82.0
1777891996.4103324,7.0,4.0,-77.0
1777891996.4203324,2.0,1.0,-82.0
1777891996.4303324,0.0,-2.0,-86.0
1777891996.4403324,4.0,-3.0,-88.0
1777891996.4503324,3.0,0.0,-82.0
1777891996.4603324,3.0,2.0,-86.0
1777891996.4703324,2.0,0.0,-85.0
1777891996.4813323,0.0,-1.0,-85.0
1777891996.4913323,1.0,-1.0,-72.0
1777891996.5003324,-6.0,-5.0,-74.0
1777891996.5113325,-4.0,-3.0,-65.0
1777891996.5213325,0.0,0.0,-61.0
1777891996.5313325,4.0,-1.0,-56.0
1777891996.5413325,5.0,-1.0,-63.0
1777891996.5513325,3.0,1.0,-67.0
1777891996.5613325,1.0,2.0,-73.0
1777891996.5713325,-1.0,2.0,-77.0
1777891996.5813324,0.0,-4.0,-77.0
1777891996.5913324,2.0,-3.0,-79.0
1777891996.6013324,3.0,-5.0,-76.0
1777891996.6113324,4.0,-4.0,-70.0
1777891996.6213324,7.0,-1.0,-67.0
1777891996.6313324,1.0,-2.0,-69.0
1777891996.6413324,2.0,-2.0,-72.0
1777891996.6513324,4.0,-1.0,-72.0
1777891996.6613324,5.0,-3.0,-69.0
1777891996.6713324,4.0,-4.0,-71.0
1777891996.6813323,6.0,-4.0,-69.0
1777891996.6913323,5.0,-4.0,-70.0
1777891996.7013323,4.0,-2.0,-61.0
1777891996.7113323,2.0,-2.0,-54.0
1777891996.7213323,2.0,-4.0,-64.0
1777891996.7313323,0.0,-7.0,-72.0
1777891996.7413323,0.0,-7.0,-79.0
1777891996.7513323,0.0,-6.0,-84.0
1777891996.7613325,-5.0,-6.0,-79.0
1777891996.7713325,-5.0,-8.0,-77.0
1777891996.7813325,0.0,-3.0,-73.0
1777891996.7913325,7.0,-5.0,-69.0
1777891996.8013325,6.0,-7.0,-65.0
1777891996.8113325,7.0,-7.0,-64.0
1777891996.8213325,6.0,-7.0,-62.0
1777891996.8313324,6.0,-8.0,-63.0
1777891996.8413324,6.0,-6.0,-61.0
1777891996.8513324,7.0,-3.0,-57.0
1777891996.8613324,6.0,-4.0,-62.0
1777891996.8713324,3.0,-2.0,-67.0
1777891996.8813324,0.0,-1.0,-68.0
1777891996.8913324,1.0,1.0,-72.0
1777891996.9013324,3.0,3.0,-74.0
1777891996.9113324,2.0,5.0,-73.0
1777891996.9213324,2.0,4.0,-66.0
1777891996.9313323,3.0,1.0,-58.0
1777891996.9413323,1.0,0.0,-58.0
1777891996.9513323,2.0,2.0,-66.0
1777891996.9613323,0.0,0.0,-59.0
1777891996.9713323,-1.0,-1.0,-54.0
1777891996.9813323,0.0,-2.0,-58.0
1777891996.9913323,0.0,-2.0,-65.0
1777891997.0013323,-2.0,-3.0,-65.0
1777891997.0113325,-1.0,-2.0,-70.0
1777891997.0213325,5.0,-2.0,-64.0
1777891997.0313325,7.0,-4.0,-62.0
1777891997.0413325,4.0,-4.0,-59.0
1777891997.0513325,3.0,-5.0,-61.0
1777891997.0613325,2.0,-7.0,-67.0
1777891997.0713325,5.0,-3.0,-67.0
1777891997.0813324,3.0,-1.0,-67.0
1777891997.0913324,2.0,0.0,-57.0
1777891997.1013324,4.0,-2.0,-63.0
1777891997.1113324,8.0,-3.0,-60.0
1777891997.1213324,9.0,-4.0,-64.0
1777891997.1313324,5.0,-4.0,-65.0
1777891997.1413324,6.0,-6.0,-73.0
1777891997.1513324,4.0,-4.0,-80.0
1777891997.1613324,2.0,-3.0,-80.0
1777891997.1713324,1.0,-4.0,-80.0
1777891997.1813323,0.0,-2.0,-77.0
1777891997.1913323,-2.0,-1.0,-76.0
1777891997.2013323,0.0,0.0,-77.0
1777891997.2113323,0.0,-1.0,-75.0
1777891997.2213323,0.0,0.0,-77.0
1777891997.2313323,1.0,-2.0,-75.0
1777891997.2413323,3.0,-1.0,-72.0
1777891997.2513323,1.0,2.0,-72.0
1777891997.2613325,2.0,0.0,-73.0
1777891997.2713325,1.0,-1.0,-75.0
1777891997.2813325,-4.0,-3.0,-75.0
1777891997.2913325,-2.0,-6.0,-72.0
1777891997.3013325,-4.0,-7.0,-75.0
1777891997.3113325,-6.0,-4.0,-77.0
1777891997.3213325,-1.0,-3.0,-77.0
1777891997.3313324,-2.0,-4.0,-77.0
1777891997.3413324,1.0,-1.0,-75.0
1777891997.3513324,2.0,0.0,-74.0
1777891997.3613324,0.0,1.0,-76.0
1777891997.3713324,2.0,0.0,-72.0
1777891997.3813324,1.0,0.0,-72.0
1777891997.3913324,2.0,3.0,-77.0
1777891997.4013324,3.0,0.0,-76.0
1777891997.4113324,5.0,-1.0,-79.0
1777891997.4213324,5.0,-4.0,-72.0
1777891997.4313323,6.0,-2.0,-68.0
1777891997.4413323,8.0,-2.0,-68.0
1777891997.4513323,7.0,-3.0,-82.0
1777891997.4613323,0.0,-5.0,-84.0
1777891997.4713323,-5.0,-6.0,-78.0
1777891997.4813323,-2.0,-1.0,-78.0
1777891997.4913323,-2.0,-1.0,-81.0
1777891997.5013323,-4.0,-2.0,-76.0
1777891997.5113325,-9.0,-2.0,-72.0
1777891997.5213325,-10.0,-3.0,-66.0
1777891997.5313325,-11.0,-3.0,-67.0
1777891997.5413325,-5.0,-3.0,-66.0
1777891997.5513325,-9.0,-2.0,-64.0
1777891997.5613325,-10.0,-4.0,-71.0
1777891997.5713325,-4.0,-5.0,-74.0
1777891997.5813324,1.0,-6.0,-74.0
1777891997.5913324,5.0,-5.0,-70.0
1777891997.6013324,3.0,-6.0,-73.0
1777891997.6113324,4.0,-6.0,-75.0
1777891997.6213324,7.0,-6.0,-69.0
1777891997.6313324,7.0,-7.0,-69.0
1777891997.6413324,7.0,-7.0,-74.0
1777891997.6513324,7.0,0.0,-72.0
1777891997.6613324,6.0,1.0,-72.0
1777891997.6713324,5.0,4.0,-77.0
1777891997.6813323,9.0,3.0,-73.0
1777891997.6913323,7.0,3.0,-74.0
1777891997.7013323,4.0,2.0,-79.0
1777891997.7113323,0.0,1.0,-84.0
1777891997.7213323,-2.0,0.0,-86.0
1777891997.7313323,-2.0,-5.0,-83.0
1777891997.7413323,-2.0,-5.0,-74.0
1777891997.7513323,-2.0,-5.0,-76.0
1777891997.7613325,-5.0,-4.0,-76.0
1777891997.7713325,-8.0,-8.0,-81.0
1777891997.7813325,-5.0,-10.0,-82.0
1777891997.7913325,0.0,-6.0,-84.0
1777891997.8013325,-1.0,-2.0,-80.0
1777891997.8113325,-1.0,-2.0,-81.0
1777891997.8213325,5.0,-3.0,-78.0
1777891997.8313324,8.0,-8.0,-74.0
1777891997.8413324,9.0,-9.0,-74.0
1777891997.8513324,6.0,-10.0,-66.0
1777891997.8613324,8.0,-11.0,-65.0
1777891997.8713324,6.0,-11.0,-74.0
1777891997.8813324,8.0,-8.0,-82.0
1777891997.8913324,12.0,-6.0,-82.0
1777891997.9013324,10.0,-8.0,-85.0
1777891997.9113324,9.0,-4.0,-82.0
1777891997.9213324,3.0,0.0,-80.0
1777891997.9313323,1.0,-1.0,-77.0
1777891997.9413323,0.0,0.0,-69.0
1777891997.9513323,0.0,1.0,-70.0
1777891997.9613323,0.0,3.0,-67.0
1777891997.9713323,0.0,5.0,-70.0
1777891997.9813323,0.0,0.0,-81.0
1777891997.9913323,1.0,1.0,-82.0
1777891998.0013323,4.0,2.0,-75.0
1777891998.0113325,2.0,4.0,-71.0
1777891998.0213325,0.0,4.0,-69.0
1777891998.0313325,0.0,5.0,-72.0
1777891998.0413325,2.0,4.0,-71.0
1777891998.0513325,2.0,2.0,-68.0
1777891998.0613325,1.0,0.0,-74.0
1777891998.0713325,0.0,-3.0,-71.0
1777891998.0813324,0.0,-1.0,-68.0
1777891998.0913324,-2.0,-3.0,-67.0
1777891998.1013324,-1.0,-2.0,-65.0
1777891998.1113324,-1.0,0.0,-67.0
1777891998.1213324,0.0,0.0,-69.0
1777891998.1313324,0.0,-4.0,-69.0
1777891998.1413324,-3.0,-2.0,-70.0
1777891998.1513324,-9.0,0.0,-74.0
1777891998.1613324,-5.0,2.0,-68.0
1777891998.1713324,-1.0,3.0,-72.0
1777891998.1813323,-1.0,1.0,-74.0
1777891998.1913323,-4.0,0.0,-69.0
1777891998.2013323,-3.0,0.0,-68.0
1777891998.2113323,-2.0,2.0,-67.0
1777891998.2213323,-1.0,3.0,-74.0
1777891998.2313323,0.0,3.0,-81.0
1777891998.2413323,-1.0,7.0,-78.0
1777891998.2513323,-5.0,4.0,-77.0
1777891998.2613325,-6.0,3.0,-75.0
1777891998.2713325,-2.0,2.0,-73.0
1777891998.2813325,0.0,1.0,-75.0
1777891998.2913325,-1.0,0.0,-71.0
1777891998.3013325,0.0,0.0,-72.0
1777891998.3113325,-2.0,-6.0,-67.0
1777891998.3213325,-4.0,-4.0,-75.0
1777891998.3313324,0.0,-2.0,-79.0
1777891998.3413324,1.0,-5.0,-76.0
1777891998.3513324,-1.0,-1.0,-74.0
1777891998.3613324,1.0,-2.0,-78.0
1777891998.3713324,-2.0,-2.0,-77.0
1777891998.3813324,-4.0,-2.0,-76.0
1777891998.3913324,0.0,-3.0,-73.0
1777891998.4013324,0.0,-4.0,-71.0
1777891998.4113324,-1.0,-3.0,-68.0
1777891998.4213324,0.0,0.0,-70.0
1777891998.4313323,0.0,0.0,-67.0
1777891998.4413323,0.0,-1.0,-75.0
1777891998.4513323,0.0,-1.0,-79.0
1777891998.4613323,1.0,0.0,-83.0
1777891998.4713323,0.0,-1.0,-83.0
1777891998.4813323,1.0,-2.0,-82.0
1777891998.4923325,2.0,-1.0,-86.0
1777891998.5023324,0.0,1.0,-85.0
1777891998.5123324,1.0,0.0,-86.0
1777891998.5223324,1.0,0.0,-74.0
1777891998.5323324,1.0,2.0,-70.0
1777891998.5423324,4.0,1.0,-76.0
1777891998.5523324,4.0,0.0,-77.0
1777891998.5623324,5.0,0.0,-78.0
1777891998.5723324,9.0,2.0,-76.0
1777891998.5823324,9.0,0.0,-76.0
1777891998.5923324,11.0,0.0,-73.0
1777891998.6023324,8.0,2.0,-80.0
1777891998.6123323,7.0,0.0,-85.0
1777891998.6223323,5.0,-2.0,-86.0
1777891998.6323323,4.0,-1.0,-78.0
1777891998.6423323,2.0,-3.0,-74.0
1777891998.6523323,-2.0,-3.0,-70.0
1777891998.6623323,1.0,-1.0,-69.0
1777891998.6723323,1.0,-1.0,-61.0
1777891998.6823325,1.0,0.0,-67.0
1777891998.6923325,1.0,-1.0,-60.0
1777891998.7023325,3.0,0.0,-57.0
1777891998.7123325,-1.0,-5.0,-58.0
1777891998.7223325,0.0,-7.0,-54.0
1777891998.7323325,0.0,-5.0,-54.0
1777891998.7423325,0.0,0.0,-56.0
1777891998.7523324,3.0,1.0,-54.0
1777891998.7623324,7.0,0.0,-56.0
1777891998.7723324,9.0,1.0,-60.0
1777891998.7823324,5.0,-2.0,-62.0
1777891998.7923324,3.0,-7.0,-64.0
1777891998.8023324,0.0,-3.0,-66.0
1777891998.8123324,-5.0,-2.0,-64.0
1777891998.8223324,-11.0,-2.0,-65.0
1777891998.8323324,-12.0,0.0,-72.0
1777891998.8423324,-17.0,0.0,-67.0
1777891998.8523324,-10.0,-3.0,-65.0
1777891998.8623323,-5.0,-3.0,-68.0
1777891998.8723323,-1.0,-5.0,-73.0
1777891998.8823323,0.0,-3.0,-80.0
1777891998.8923323,2.0,0.0,-79.0
1777891998.9023323,1.0,-2.0,-82.0
1777891998.9123323,-4.0,-4.0,-83.0
1777891998.9223323,-4.0,0.0,-78.0
1777891998.9323325,-3.0,0.0,-72.0
1777891998.9423325,0.0,0.0,-67.0
1777891998.9523325,0.0,1.0,-66.0
1777891998.9623325,2.0,4.0,-69.0
1777891998.9723325,0.0,4.0,-83.0
1777891998.9823325,4.0,3.0,-84.0
1777891998.9923325,6.0,3.0,-78.0
1777891999.0023324,7.0,3.0,-79.0
1777891999.0123324,4.0,-2.0,-82.0
1777891999.0223324,5.0,-6.0,-79.0
1777891999.0323324,3.0,-8.0,-75.0
1777891999.0423324,1.0,-6.0,-77.0
1777891999.0523324,1.0,-7.0,-72.0
1777891999.0623324,-1.0,-7.0,-70.0
1777891999.0723324,-2.0,-5.0,-70.0
1777891999.0823324,-2.0,-5.0,-73.0
1777891999.0923324,2.0,-2.0,-66.0
1777891999.1023324,2.0,0.0,-68.0
1777891999.1123323,3.0,1.0,-60.0
1777891999.1223323,1.0,0.0,-61.0
1777891999.1323323,-1.0,-1.0,-58.0
1777891999.1423323,0.0,0.0,-61.0
1777891999.1523323,1.0,-4.0,-59.0
1777891999.1623323,2.0,-6.0,-63.0
1777891999.1723323,-3.0,0.0,-72.0
1777891999.1823325,-2.0,4.0,-72.0
1777891999.1923325,-3.0,6.0,-77.0
1777891999.2023325,-1.0,0.0,-67.0
1777891999.2123325,-2.0,0.0,-71.0
1777891999.2223325,-4.0,-4.0,-72.0
1777891999.2323325,-5.0,-5.0,-76.0
1777891999.2423325,-9.0,-10.0,-80.0
1777891999.2523324,-5.0,-9.0,-79.0
1777891999.2623324,-1.0,-7.0,-74.0
1777891999.2723324,-1.0,-7.0,-70.0
1777891999.2823324,0.0,-6.0,-61.0
1777891999.2923324,-3.0,0.0,-60.0
1777891999.3023324,-5.0,2.0,-62.0
1777891999.3123324,2.0,0.0,-63.0
1777891999.3223324,4.0,1.0,-59.0
1777891999.3323324,4.0,-5.0,-58.0
1777891999.3423324,8.0,-4.0,-60.0
1777891999.3523324,9.0,-2.0,-61.0
1777891999.3623323,10.0,0.0,-67.0
1777891999.3723323,7.0,2.0,-68.0
1777891999.3823323,9.0,0.0,-71.0
1777891999.3923323,4.0,-1.0,-71.0
1777891999.4023323,0.0,-1.0,-70.0
1777891999.4123323,-1.0,-3.0,-68.0
1777891999.4223323,1.0,-4.0,-72.0
1777891999.4323325,2.0,0.0,-72.0
1777891999.4423325,2.0,0.0,-65.0
1777891999.4523325,3.0,0.0,-65.0
1777891999.4623325,0.0,0.0,-75.0
1777891999.4723325,0.0,-4.0,-79.0
1777891999.4823325,0.0,-9.0,-78.0
1777891999.4923325,0.0,-13.0,-77.0
1777891999.5023324,0.0,-8.0,-73.0
1777891999.5123324,0.0,-8.0,-77.0
1777891999.5223324,5.0,-5.0,-78.0
1777891999.5323324,4.0,-3.0,-70.0
1777891999.5423324,4.0,-2.0,-73.0
1777891999.5523324,2.0,-1.0,-73.0
1777891999.5623324,3.0,-1.0,-72.0
1777891999.5723324,0.0,-3.0,-81.0
1777891999.5823324,1.0,-2.0,-79.0
1777891999.5923324,1.0,-2.0,-72.0
1777891999.6023324,3.0,0.0,-71.0
1777891999.6123323,2.0,-1.0,-71.0
1777891999.6223323,-1.0,-3.0,-71.0
1777891999.6323323,2.0,-5.0,-68.0
1777891999.6423323,5.0,0.0,-69.0
1777891999.6523323,6.0,0.0,-65.0
1777891999.6623323,4.0,0.0,-65.0
1777891999.6723323,2.0,3.0,-68.0
1777891999.6823325,2.0,-1.0,-69.0
1777891999.6923325,-2.0,0.0,-69.0
1777891999.7023325,-2.0,0.0,-73.0
1777891999.7123325,0.0,0.0,-74.0
1777891999.7223325,-1.0,2.0,-83.0
1777891999.7323325,0.0,2.0,-74.0
1777891999.7423325,1.0,5.0,-67.0
1777891999.7523324,0.0,2.0,-71.0
1777891999.7623324,-2.0,0.0,-72.0
1777891999.7723324,-4.0,0.0,-72.0
1777891999.7823324,-3.0,-8.0,-80.0
1777891999.7923324,0.0,-4.0,-69.0
1777891999.8023324,4.0,-3.0,-71.0
1777891999.8123324,6.0,-2.0,-67.0
1777891999.8223324,7.0,0.0,-64.0
1777891999.8323324,9.0,0.0,-65.0
1777891999.8423324,3.0,1.0,-72.0
1777891999.8523324,2.0,1.0,-74.0
1777891999.8623323,2.0,1.0,-70.0
1777891999.8723323,5.0,-2.0,-72.0
1777891999.8823323,5.0,0.0,-69.0
1777891999.8923323,2.0,0.0,-62.0
1777891999.9023323,0.0,-2.0,-66.0
1777891999.9123323,0.0,-3.0,-69.0
1777891999.9223323,-2.0,-3.0,-65.0
1777891999.9323325,-4.0,0.0,-63.0
1777891999.9423325,-3.0,0.0,-70.0
1777891999.9523325,-2.0,0.0,-77.0
1777891999.9623325,-3.0,3.0,-79.0
1777891999.9723325,-4.0,1.0,-73.0
1777891999.9823325,-2.0,2.0,-71.0
1777891999.9923325,-3.0,2.0,-63.0
1777892000.0023324,-1.0,-4.0,-62.0
1777892000.0123324,-3.0,-2.0,-68.0
1777892000.0223324,-2.0,-1.0,-69.0
1777892000.0323324,-5.0,-1.0,-68.0
1777892000.0423324,-2.0,-3.0,-68.0
1777892000.0523324,1.0,-4.0,-59.0
1777892000.0623324,2.0,-8.0,-60.0
1777892000.0723324,7.0,-3.0,-58.0
1777892000.0823324,4.0,-2.0,-59.0
1777892000.0923324,2.0,-3.0,-64.0
1777892000.1023324,2.0,-6.0,-61.0
1777892000.1123323,-6.0,-1.0,-61.0
1777892000.1223323,-3.0,2.0,-61.0
1777892000.1323323,0.0,3.0,-57.0
1777892000.1423323,0.0,0.0,-64.0
1777892000.1523323,0.0,-2.0,-65.0
1777892000.1623323,0.0,-3.0,-68.0
1777892000.1723323,-3.0,-4.0,-72.0
1777892000.1823325,-3.0,-3.0,-71.0
1777892000.1923325,-3.0,-3.0,-71.0
1777892000.2023325,0.0,-6.0,-66.0
1777892000.2123325,0.0,-5.0,-64.0
1777892000.2223325,0.0,-1.0,-61.0
1777892000.2323325,2.0,2.0,-62.0
1777892000.2423325,0.0,1.0,-64.0
1777892000.2523324,0.0,-2.0,-72.0
1777892000.2623324,1.0,-1.0,-70.0
1777892000.2723324,2.0,-3.0,-70.0
1777892000.2823324,3.0,-3.0,-71.0
1777892000.2923324,5.0,-1.0,-72.0
1777892000.3023324,4.0,0.0,-74.0
1777892000.3123324,4.0,-5.0,-72.0
1777892000.3223324,0.0,-4.0,-65.0
1777892000.3323324,-2.0,-2.0,-69.0
1777892000.3423324,1.0,0.0,-67.0
1777892000.3523324,-2.0,0.0,-71.0
1777892000.3623323,-1.0,4.0,-78.0
1777892000.3723323,2.0,7.0,-80.0
1777892000.3823323,2.0,7.0,-76.0
1777892000.3923323,2.0,5.0,-70.0
1777892000.4023323,4.0,1.0,-69.0
1777892000.4123323,6.0,3.0,-69.0
1777892000.4223323,4.0,0.0,-69.0
1777892000.4333324,4.0,-1.0,-73.0
1777892000.4423325,5.0,0.0,-74.0
1777892000.4533324,1.0,-5.0,-73.0
1777892000.4623325,-3.0,-2.0,-72.0
1777892000.4733324,-2.0,-4.0,-73.0
1777892000.4833324,-3.0,-6.0,-70.0
1777892000.4933324,1.0,-7.0,-65.0
1777892000.5023324,0.0,-8.0,-63.0
1777892000.5133324,0.0,-7.0,-66.0
1777892000.5233324,0.0,-5.0,-75.0
1777892000.5333323,-4.0,-3.0,-76.0
1777892000.5433323,-4.0,0.0,-73.0
1777892000.5533323,-1.0,-2.0,-73.0
1777892000.5633323,-2.0,-3.0,-72.0
1777892000.5733323,-1.0,-1.0,-72.0
1777892000.5833323,-2.0,0.0,-69.0
1777892000.5933323,-3.0,-1.0,-66.0
1777892000.6033323,-3.0,0.0,-69.0
1777892000.6133325,-2.0,-2.0,-73.0
1777892000.6233325,-2.0,1.0,-68.0
1777892000.6333325,-6.0,4.0,-59.0
1777892000.6433325,-7.0,4.0,-68.0
1777892000.6533325,-5.0,1.0,-68.0
1777892000.6633325,0.0,0.0,-68.0
1777892000.6733325,0.0,0.0,-69.0
1777892000.6833324,-3.0,0.0,-64.0
1777892000.6933324,-2.0,-1.0,-70.0
1777892000.7033324,1.0,0.0,-71.0
1777892000.7133324,2.0,0.0,-65.0
1777892000.7233324,1.0,0.0,-61.0
1777892000.7333324,0.0,0.0,-66.0
1777892000.7433324,0.0,0.0,-70.0
1777892000.7533324,-2.0,0.0,-66.0
1777892000.7633324,-1.0,0.0,-70.0
1777892000.7733324,-3.0,3.0,-72.0
1777892000.7833323,-2.0,3.0,-74.0
1777892000.7933323,-4.0,6.0,-76.0
1777892000.8033323,1.0,8.0,-71.0
1777892000.8133323,0.0,0.0,-67.0
1777892000.8233323,2.0,0.0,-64.0
1777892000.8333323,3.0,1.0,-65.0
1777892000.8433323,7.0,3.0,-64.0
1777892000.8533323,5.0,3.0,-64.0
1777892000.8633325,4.0,8.0,-70.0
1777892000.8733325,4.0,6.0,-74.0
1777892000.8833325,2.0,5.0,-81.0
1777892000.8933325,0.0,3.0,-83.0
1777892000.9033325,3.0,4.0,-84.0
1777892000.9133325,7.0,1.0,-82.0
1777892000.9233325,5.0,-1.0,-89.0
1777892000.9333324,3.0,1.0,-85.0
1777892000.9433324,8.0,-1.0,-79.0
1777892000.9533324,6.0,-7.0,-71.0
1777892000.9633324,3.0,-3.0,-71.0
1777892000.9733324,1.0,-2.0,-69.0
1777892000.9833324,2.0,0.0,-65.0
1777892000.9933324,1.0,4.0,-62.0
1777892001.0033324,3.0,1.0,-64.0
1777892001.0133324,0.0,0.0,-60.0
1777892001.0233324,2.0,2.0,-61.0
1777892001.0333323,0.0,0.0,-61.0
1777892001.0433323,-1.0,-4.0,-59.0
1777892001.0533323,-3.0,-3.0,-64.0
1777892001.0633323,-5.0,0.0,-60.0
1777892001.0733323,-4.0,-3.0,-59.0
1777892001.0833323,-6.0,-7.0,-60.0
1777892001.0933323,-4.0,-6.0,-64.0
1777892001.1033323,-4.0,-4.0,-68.0
1777892001.1133325,-3.0,0.0,-72.0
1777892001.1233325,1.0,1.0,-76.0
1777892001.1333325,7.0,2.0,-79.0
1777892001.1433325,7.0,3.0,-77.0
1777892001.1533325,5.0,-1.0,-68.0
1777892001.1633325,11.0,-4.0,-70.0
1777892001.1733325,12.0,-6.0,-65.0
1777892001.1833324,6.0,-2.0,-64.0
1777892001.1933324,6.0,0.0,-65.0
1777892001.2033324,5.0,-2.0,-65.0
1777892001.2133324,2.0,-3.0,-62.0
1777892001.2233324,-1.0,-5.0,-68.0
1777892001.2333324,-6.0,-6.0,-69.0
1777892001.2433324,-8.0,-4.0,-68.0
1777892001.2533324,-3.0,0.0,-68.0
1777892001.2633324,-3.0,-1.0,-67.0
1777892001.2733324,-5.0,0.0,-69.0
1777892001.2833323,-6.0,0.0,-67.0
1777892001.2933323,-7.0,-5.0,-69.0
1777892001.3033323,-4.0,-3.0,-71.0
1777892001.3133323,-7.0,1.0,-73.0
1777892001.3233323,-6.0,1.0,-76.0
1777892001.3333323,-1.0,3.0,-69.0
1777892001.3433323,-1.0,4.0,-69.0
1777892001.3533323,0.0,4.0,-71.0
1777892001.3633325,-1.0,2.0,-69.0
1777892001.3733325,-4.0,1.0,-66.0
1777892001.3833325,-5.0,2.0,-62.0
1777892001.3933325,4.0,0.0,-69.0
1777892001.4033325,5.0,-2.0,-68.0
1777892001.4133325,11.0,-1.0,-77.0
1777892001.4233325,7.0,-2.0,-86.0
1777892001.4333324,6.0,-2.0,-79.0
1777892001.4433324,5.0,-1.0,-73.0
1777892001.4533324,4.0,2.0,-70.0
1777892001.4633324,1.0,2.0,-77.0
1777892001.4733324,1.0,2.0,-78.0
1777892001.4833324,-2.0,0.0,-75.0
1777892001.4933324,0.0,-3.0,-78.0
1777892001.5033324,2.0,-6.0,-72.0
1777892001.5133324,0.0,-6.0,-70.0
1777892001.5233324,-3.0,-3.0,-68.0
1777892001.5333323,2.0,-2.0,-71.0
1777892001.5433323,2.0,-1.0,-72.0
1777892001.5533323,0.0,-2.0,-69.0
1777892001.5633323,1.0,-1.0,-72.0
1777892001.5733323,0.0,-1.0,-69.0
1777892001.5833323,-4.0,0.0,-68.0
1777892001.5933323,-9.0,0.0,-70.0
1777892001.6033323,-12.0,-1.0,-68.0
1777892001.6133325,-7.0,-3.0,-71.0
1777892001.6233325,-7.0,-3.0,-71.0
1777892001.6333325,-4.0,-3.0,-74.0
1777892001.6433325,0.0,-3.0,-73.0
1777892001.6533325,-3.0,-1.0,-80.0
1777892001.6633325,-8.0,-6.0,-74.0
1777892001.6733325,-8.0,-5.0,-68.0
1777892001.6833324,-7.0,0.0,-69.0
1777892001.6933324,-1.0,2.0,-71.0
1777892001.7033324,-1.0,2.0,-76.0
1777892001.7133324,-1.0,0.0,-76.0
1777892001.7233324,2.0,1.0,-77.0
1777892001.7333324,4.0,1.0,-71.0
1777892001.7433324,5.0,3.0,-70.0
1777892001.7533324,6.0,3.0,-69.0
1777892001.7633324,4.0,1.0,-71.0
1777892001.7733324,1.0,6.0,-66.0
1777892001.7833323,1.0,6.0,-60.0
1777892001.7933323,1.0,3.0,-71.0
1777892001.8033323,2.0,4.0,-74.0
1777892001.8133323,8.0,3.0,-74.0
1777892001.8233323,7.0,4.0,-70.0
1777892001.8333323,5.0,6.0,-70.0
1777892001.8433323,4.0,2.0,-73.0
1777892001.8533323,5.0,4.0,-72.0
1777892001.8633325,3.0,1.0,-75.0
1777892001.8733325,1.0,-1.0,-74.0
1777892001.8833325,1.0,-2.0,-70.0
1777892001.8933325,-3.0,-2.0,-69.0
1777892001.9033325,-4.0,-1.0,-76.0
1777892001.9133325,-1.0,0.0,-70.0
1777892001.9233325,4.0,-1.0,-71.0
1777892001.9333324,8.0,-1.0,-71.0
1777892001.9433324,9.0,-2.0,-70.0
1777892001.9533324,6.0,-5.0,-69.0
1777892001.9633324,5.0,-4.0,-66.0
1777892001.9733324,5.0,-6.0,-64.0
1777892001.9833324,5.0,-7.0,-69.0
1777892001.9933324,7.0,-1.0,-73.0
1777892002.0033324,5.0,-7.0,-74.0
1777892002.0133324,6.0,-4.0,-76.0
1777892002.0233324,5.0,-4.0,-75.0
1777892002.0333323,4.0,-2.0,-69.0
1777892002.0433323,6.0,-1.0,-61.0
1777892002.0533323,9.0,0.0,-62.0
1777892002.0633323,4.0,-1.0,-59.0
1777892002.0733323,6.0,-2.0,-65.0
1777892002.0833323,1.0,-3.0,-70.0
1777892002.0933323,3.0,-2.0,-67.0
1777892002.1033323,5.0,-4.0,-65.0
1777892002.1133325,11.0,-1.0,-63.0
1777892002.1233325,7.0,-3.0,-61.0
1777892002.1333325,4.0,-3.0,-65.0
1777892002.1433325,1.0,-3.0,-74.0
1777892002.1533325,3.0,-4.0,-80.0
1777892002.1633325,6.0,-3.0,-86.0
1777892002.1733325,2.0,1.0,-88.0
1777892002.1833324,5.0,5.0,-79.0
1777892002.1933324,6.0,8.0,-74.0
1777892002.2033324,4.0,6.0,-72.0
1777892002.2133324,-2.0,3.0,-70.0
1777892002.2233324,-1.0,2.0,-72.0
1777892002.2333324,1.0,1.0,-72.0
1777892002.2433324,0.0,8.0,-66.0
1777892002.2533324,2.0,4.0,-64.0
1777892002.2633324,3.0,2.0,-56.0
1777892002.2733324,2.0,0.0,-57.0
1777892002.2833323,-1.0,-1.0,-63.0
1777892002.2933323,0.0,-2.0,-62.0
1777892002.3033323,1.0,-2.0,-68.0
1777892002.3133323,0.0,0.0,-74.0
1777892002.3233323,-2.0,-1.0,-64.0
1777892002.3333323,-1.0,1.0,-58.0
1777892002.3433323,3.0,0.0,-58.0
1777892002.3533323,3.0,0.0,-61.0
1777892002.3633325,1.0,-4.0,-66.0
1777892002.3733325,0.0,-6.0,-72.0
1777892002.3833325,-3.0,-4.0,-73.0
1777892002.3933325,-4.0,-2.0,-75.0
1777892002.4033325,-2.0,-1.0,-72.0
1777892002.4133325,-5.0,-2.0,-74.0
1777892002.4233325,-6.0,-5.0,-71.0
1777892002.4333324,-1.0,-2.0,-69.0
1777892002.4433324,-2.0,-1.0,-64.0
1777892002.4543324,-2.0,-1.0,-70.0
1777892002.4633324,-2.0,-4.0,-68.0
1777892002.4743323,-3.0,-3.0,-67.0
1777892002.4843323,-1.0,-5.0,-64.0
1777892002.4943323,-1.0,-4.0,-70.0
1777892002.5043323,-1.0,-4.0,-72.0
1777892002.5143323,0.0,-4.0,-67.0
1777892002.5243323,2.0,-1.0,-61.0
1777892002.5343325,3.0,0.0,-66.0
1777892002.5443325,2.0,2.0,-64.0
1777892002.5543325,1.0,0.0,-61.0
1777892002.5643325,0.0,0.0,-67.0
1777892002.5743325,0.0,0.0,-71.0
1777892002.5843325,-3.0,-1.0,-73.0
1777892002.5943325,-4.0,-4.0,-77.0
1777892002.6043324,-2.0,-4.0,-80.0
1777892002.6143324,-5.0,-8.0,-84.0
1777892002.6243324,-6.0,-8.0,-77.0
1777892002.6343324,-6.0,-8.0,-72.0
1777892002.6443324,-7.0,-4.0,-68.0
1777892002.6543324,-7.0,-2.0,-72.0
1777892002.6643324,-7.0,-3.0,-74.0
1777892002.6743324,-1.0,-5.0,-76.0
1777892002.6843324,1.0,-3.0,-76.0
1777892002.6943324,3.0,-2.0,-69.0
1777892002.7043324,2.0,-4.0,-80.0
1777892002.7143323,2.0,-4.0,-81.0
1777892002.7243323,4.0,-1.0,-78.0
1777892002.7343323,4.0,0.0,-72.0
1777892002.7443323,1.0,5.0,-73.0
1777892002.7543323,-2.0,8.0,-74.0
1777892002.7643323,-4.0,7.0,-82.0
1777892002.7743323,-6.0,4.0,-82.0
1777892002.7843325,-9.0,3.0,-80.0
1777892002.7943325,-6.0,6.0,-80.0
1777892002.8043325,-4.0,11.0,-74.0
1777892002.8143325,1.0,10.0,-74.0
1777892002.8243325,0.0,7.0,-78.0
1777892002.8343325,0.0,2.0,-78.0
1777892002.8443325,-2.0,0.0,-74.0
1777892002.8543324,1.0,0.0,-70.0
1777892002.8643324,2.0,-1.0,-65.0
1777892002.8743324,0.0,0.0,-66.0
1777892002.8843324,-1.0,-4.0,-70.0
1777892002.8943324,0.0,-7.0,-76.0
1777892002.9043324,2.0,-5.0,-76.0
1777892002.9143324,4.0,0.0,-67.0
1777892002.9243324,1.0,0.0,-67.0
1777892002.9343324,3.0,-1.0,-73.0
1777892002.9443324,6.0,-1.0,-73.0
1777892002.9543324,7.0,-2.0,-77.0
1777892002.9643323,3.0,-2.0,-76.0
1777892002.9743323,2.0,-2.0,-77.0
1777892002.9843323,4.0,-2.0,-70.0
1777892002.9943323,-1.0,-2.0,-64.0
1777892003.0043323,3.0,-1.0,-70.0
1777892003.0143323,5.0,0.0,-72.0
1777892003.0243323,3.0,3.0,-67.0
1777892003.0343325,2.0,2.0,-67.0
1777892003.0443325,3.0,-3.0,-67.0
1777892003.0543325,6.0,-3.0,-67.0
1777892003.0643325,9.0,-6.0,-64.0
1777892003.0743325,9.0,-10.0,-61.0
1777892003.0843325,11.0,-10.0,-54.0
1777892003.0943325,6.0,-8.0,-50.0
1777892003.1043324,11.0,-7.0,-55.0
1777892003.1143324,9.0,-2.0,-60.0
1777892003.1243324,5.0,-4.0,-64.0
1777892003.1343324,4.0,-5.0,-65.0
1777892003.1443324,7.0,-3.0,-64.0
1777892003.1543324,7.0,1.0,-68.0
1777892003.1643324,0.0,1.0,-72.0
1777892003.1743324,-3.0,3.0,-72.0
1777892003.1843324,-2.0,2.0,-78.0
1777892003.1943324,-5.0,0.0,-72.0
1777892003.2043324,-2.0,1.0,-70.0
1777892003.2143323,0.0,0.0,-66.0
1777892003.2243323,1.0,-6.0,-63.0
1777892003.2343323,2.0,-6.0,-66.0
1777892003.2443323,0.0,-3.0,-61.0
1777892003.2543323,-1.0,-4.0,-62.0
1777892003.2643323,3.0,-2.0,-65.0
1777892003.2743323,-2.0,-2.0,-65.0
1777892003.2843325,-2.0,-1.0,-69.0
1777892003.2943325,-6.0,2.0,-76.0
1777892003.3043325,-7.0,3.0,-79.0
1777892003.3143325,-5.0,1.0,-81.0
1777892003.3243325,-6.0,0.0,-82.0
1777892003.3343325,-5.0,-1.0,-71.0
1777892003.3443325,-4.0,0.0,-67.0
1777892003.3543324,2.0,-3.0,-67.0
1777892003.3643324,0.0,-7.0,-60.0
1777892003.3743324,0.0,-4.0,-59.0
1777892003.3843324,0.0,-4.0,-63.0
1777892003.3943324,4.0,-4.0,-63.0
1777892003.4043324,5.0,0.0,-65.0
1777892003.4143324,7.0,0.0,-64.0
1777892003.4243324,6.0,-2.0,-60.0
1777892003.4343324,4.0,-3.0,-61.0
1777892003.4443324,4.0,-2.0,-68.0
1777892003.4543324,-1.0,-3.0,-71.0
1777892003.4643323,0.0,-9.0,-71.0
1777892003.4743323,3.0,-5.0,-68.0
1777892003.4843323,0.0,1.0,-62.0
1777892003.4943323,3.0,2.0,-60.0
1777892003.5043323,4.0,-2.0,-64.0
1777892003.5143323,4.0,0.0,-68.0
1777892003.5243323,3.0,-2.0,-73.0
1777892003.5343325,4.0,-5.0,-79.0
1777892003.5443325,2.0,-6.0,-84.0
1777892003.5543325,0.0,-4.0,-83.0
1777892003.5643325,-7.0,-5.0,-85.0
1777892003.5743325,-5.0,-4.0,-82.0
1777892003.5843325,-4.0,-3.0,-80.0
1777892003.5943325,-7.0,-1.0,-74.0
1777892003.6043324,-7.0,-1.0,-80.0
1777892003.6143324,-6.0,-2.0,-80.0
1777892003.6243324,-5.0,-3.0,-85.0
1777892003.6343324,-3.0,-2.0,-87.0
1777892003.6443324,2.0,-1.0,-85.0
1777892003.6543324,4.0,-1.0,-83.0
1777892003.6643324,7.0,-1.0,-80.0
1777892003.6743324,3.0,-8.0,-83.0
1777892003.6843324,-1.0,-9.0,-80.0
1777892003.6943324,-3.0,-8.0,-76.0
1777892003.7043324,-7.0,-8.0,-78.0
1777892003.7143323,-6.0,-3.0,-77.0
1777892003.7243323,-7.0,0.0,-77.0
1777892003.7343323,0.0,-1.0,-76.0
1777892003.7443323,0.0,-2.0,-67.0
1777892003.7543323,-1.0,0.0,-63.0
1777892003.7643323,-1.0,2.0,-63.0
1777892003.7743323,5.0,4.0,-69.0
1777892003.7843325,1.0,3.0,-70.0
1777892003.7943325,-1.0,1.0,-69.0
1777892003.8043325,4.0,0.0,-69.0
1777892003.8143325,4.0,1.0,-75.0
1777892003.8243325,5.0,0.0,-74.0
1777892003.8343325,2.0,3.0,-76.0
1777892003.8443325,3.0,2.0,-66.0
1777892003.8543324,1.0,0.0,-65.0
1777892003.8643324,1.0,-3.0,-72.0
1777892003.8743324,0.0,-4.0,-74.0
1777892003.8843324,-5.0,-5.0,-74.0
1777892003.8943324,-3.0,-2.0,-69.0
1777892003.9043324,1.0,0.0,-71.0
1777892003.9143324,0.0,-2.0,-70.0
1777892003.9243324,0.0,-2.0,-66.0
1777892003.9343324,2.0,0.0,-65.0
1777892003.9443324,0.0,-1.0,-64.0
1777892003.9543324,1.0,1.0,-62.0
1777892003.9643323,4.0,0.0,-71.0
1777892003.9743323,1.0,0.0,-69.0
1777892003.9843323,-5.0,0.0,-66.0
1777892003.9943323,-5.0,-1.0,-69.0
1777892004.0043323,-5.0,0.0,-66.0
1777892004.0143323,-4.0,2.0,-59.0
1777892004.0243323,-9.0,0.0,-59.0
1777892004.0343325,-9.0,-1.0,-66.0
1777892004.0443325,-6.0,-3.0,-70.0
1777892004.0543325,-4.0,-3.0,-71.0
1777892004.0643325,1.0,-2.0,-73.0
1777892004.0743325,2.0,-6.0,-70.0
1777892004.0843325,6.0,-4.0,-71.0
1777892004.0943325,9.0,-4.0,-60.0
1777892004.1043324,7.0,0.0,-65.0
1777892004.1143324,7.0,1.0,-64.0
1777892004.1243324,5.0,0.0,-63.0
1777892004.1343324,2.0,3.0,-66.0
1777892004.1443324,-4.0,3.0,-73.0
1777892004.1543324,0.0,-2.0,-65.0
1777892004.1643324,0.0,-3.0,-62.0
1777892004.1743324,0.0,-1.0,-64.0
1777892004.1843324,2.0,-2.0,-71.0
1777892004.1943324,5.0,0.0,-67.0
1777892004.2043324,6.0,2.0,-64.0
1777892004.2143323,5.0,1.0,-70.0
1777892004.2243323,4.0,0.0,-68.0
1777892004.2343323,3.0,-1.0,-68.0
1777892004.2443323,6.0,-5.0,-72.0
1777892004.2543323,4.0,-6.0,-69.0
1777892004.2643323,-1.0,-5.0,-66.0
1777892004.2743323,0.0,-1.0,-70.0
1777892004.2843325,0.0,-1.0,-77.0
1777892004.2943325,1.0,-1.0,-74.0
1777892004.3043325,6.0,0.0,-72.0
1777892004.3143325,6.0,1.0,-69.0
1777892004.3243325,7.0,0.0,-73.0
1777892004.3343325,6.0,1.0,-72.0
1777892004.3443325,5.0,2.0,-72.0
1777892004.3543324,8.0,2.0,-66.0
1777892004.3643324,2.0,0.0,-63.0
1777892004.3743324,1.0,-1.0,-68.0
1777892004.3843324,-1.0,0.0,-67.0
1777892004.3943324,-2.0,-3.0,-66.0
1777892004.4043324,-2.0,-5.0,-72.0
1777892004.4143324,-6.0,-6.0,-69.0
1777892004.4243324,-3.0,-5.0,-72.0
1777892004.4343324,-5.0,-5.0,-74.0
1777892004.4443324,-3.0,-8.0,-69.0
1777892004.4543324,-3.0,-6.0,-64.0
1777892004.4653325,-1.0,-5.0,-66.0
1777892004.4753325,-1.0,1.0,-69.0
1777892004.4853325,-3.0,4.0,-72.0
1777892004.4953325,-1.0,2.0,-78.0
1777892004.5053325,-2.0,2.0,-75.0
1777892004.5153325,-1.0,2.0,-79.0
1777892004.5253325,-1.0,0.0,-73.0
1777892004.5353324,-3.0,3.0,-75.0
1777892004.5453324,0.0,5.0,-81.0
1777892004.5553324,0.0,4.0,-82.0
1777892004.5653324,-1.0,1.0,-81.0
1777892004.5753324,-1.0,1.0,-80.0
1777892004.5853324,0.0,-1.0,-79.0
1777892004.5953324,0.0,2.0,-76.0
1777892004.6053324,0.0,1.0,-70.0
1777892004.6153324,-10.0,-1.0,-64.0
1777892004.6253324,-11.0,1.0,-66.0
1777892004.6353323,-5.0,0.0,-64.0
1777892004.6453323,-6.0,0.0,-71.0
1777892004.6553323,-6.0,3.0,-73.0
1777892004.6653323,-3.0,-3.0,-76.0
1777892004.6753323,-3.0,-4.0,-80.0
1777892004.6853323,0.0,-7.0,-83.0
1777892004.6953323,0.0,-8.0,-80.0
1777892004.7053325,0.0,-8.0,-77.0
1777892004.7153325,2.0,-5.0,-74.0
1777892004.7253325,1.0,-5.0,-75.0
1777892004.7353325,0.0,-7.0,-73.0
1777892004.7453325,0.0,-10.0,-69.0
1777892004.7553325,3.0,-10.0,-75.0
1777892004.7653325,3.0,-9.0,-80.0
1777892004.7753325,6.0,-6.0,-77.0
1777892004.7853324,4.0,-5.0,-71.0
1777892004.7953324,1.0,-5.0,-69.0
1777892004.8053324,5.0,-6.0,-66.0
1777892004.8153324,7.0,-10.0,-72.0
1777892004.8253324,8.0,-5.0,-70.0
1777892004.8353324,6.0,-3.0,-71.0
1777892004.8453324,7.0,0.0,-71.0
1777892004.8553324,7.0,0.0,-73.0
1777892004.8653324,7.0,1.0,-77.0
1777892004.8753324,5.0,2.0,-73.0
1777892004.8853323,2.0,1.0,-73.0
1777892004.8953323,0.0,0.0,-69.0
1777892004.9053323,-2.0,-3.0,-70.0
1777892004.9153323,2.0,-4.0,-69.0
1777892004.9253323,-1.0,-3.0,-66.0
1777892004.9353323,-2.0,-1.0,-60.0
1777892004.9453323,0.0,-3.0,-62.0
1777892004.9553325,-6.0,0.0,-67.0
1777892004.9653325,-5.0,0.0,-67.0
1777892004.9753325,-4.0,-2.0,-72.0
1777892004.9853325,-3.0,-3.0,-70.0
1777892004.9953325,-4.0,-2.0,-71.0
1777892005.0053325,-6.0,-3.0,-75.0
1777892005.0153325,-7.0,-2.0,-75.0
1777892005.0253325,-3.0,0.0,-74.0
1777892005.0353324,-2.0,-6.0,-66.0
1777892005.0453324,0.0,-2.0,-62.0
1777892005.0553324,-3.0,-1.0,-65.0
1777892005.0653324,1.0,0.0,-69.0
1777892005.0753324,4.0,-3.0,-66.0
1777892005.0853324,1.0,-1.0,-64.0
1777892005.0953324,-1.0,1.0,-66.0
1777892005.1053324,-1.0,1.0,-72.0
1777892005.1153324,3.0,4.0,-70.0
1777892005.1253324,6.0,0.0,-68.0
1777892005.1353323,4.0,-1.0,-74.0
1777892005.1453323,4.0,-2.0,-77.0
1777892005.1553323,-2.0,-3.0,-76.0
1777892005.1653323,-1.0,-4.0,-70.0
1777892005.1753323,-2.0,-4.0,-77.0
1777892005.1853323,-2.0,-9.0,-69.0
1777892005.1953323,0.0,-6.0,-67.0
1777892005.2053325,1.0,-6.0,-70.0
1777892005.2153325,3.0,-5.0,-61.0
1777892005.2253325,0.0,-3.0,-63.0
1777892005.2353325,2.0,-4.0,-64.0
1777892005.2453325,2.0,-4.0,-64.0
1777892005.2553325,-2.0,-2.0,-62.0
1777892005.2653325,-3.0,-1.0,-58.0
1777892005.2753325,-1.0,0.0,-58.0
1777892005.2853324,1.0,0.0,-61.0
1777892005.2953324,-1.0,0.0,-67.0
1777892005.3053324,1.0,-1.0,-71.0
1777892005.3153324,-2.0,-5.0,-68.0
1777892005.3253324,-1.0,-2.0,-70.0
1777892005.3353324,-2.0,-1.0,-70.0
1777892005.3453324,-3.0,1.0,-65.0
1777892005.3553324,-6.0,-2.0,-66.0
1777892005.3653324,-4.0,-2.0,-64.0
1777892005.3753324,-2.0,-5.0,-65.0
1777892005.3853323,-3.0,-4.0,-66.0
1777892005.3953323,0.0,-1.0,-63.0
1777892005.4053323,3.0,-3.0,-60.0
1777892005.4153323,5.0,-4.0,-58.0
1777892005.4253323,3.0,-3.0,-60.0
1777892005.4353323,4.0,-9.0,-62.0
1777892005.4453323,6.0,-8.0,-60.0
1777892005.4553325,5.0,-5.0,-63.0
1777892005.4653325,3.0,0.0,-65.0
1777892005.4753325,4.0,-2.0,-67.0
1777892005.4853325,2.0,0.0,-70.0
1777892005.4953325,-2.0,-2.0,-67.0
1777892005.5053325,0.0,-2.0,-70.0
1777892005.5153325,0.0,-6.0,-74.0
1777892005.5253325,0.0,-6.0,-71.0
1777892005.5353324,-6.0,-2.0,-74.0
1777892005.5453324,-6.0,-2.0,-83.0
1777892005.5553324,-4.0,-2.0,-80.0
1777892005.5653324,0.0,0.0,-80.0
1777892005.5753324,-3.0,1.0,-81.0
1777892005.5853324,-7.0,6.0,-77.0
1777892005.5953324,-9.0,6.0,-76.0
1777892005.6053324,-7.0,5.0,-71.0
1777892005.6153324,-6.0,3.0,-74.0
1777892005.6253324,-4.0,4.0,-74.0
1777892005.6353323,-3.0,6.0,-68.0
1777892005.6453323,-4.0,4.0,-73.0
1777892005.6553323,0.0,5.0,-69.0
1777892005.6653323,0.0,3.0,-69.0
1777892005.6753323,-1.0,0.0,-76.0
1777892005.6853323,-3.0,-1.0,-74.0
1777892005.6953323,-1.0,-5.0,-68.0
1777892005.7053325,-6.0,-7.0,-74.0
1777892005.7153325,-4.0,-2.0,-71.0
1777892005.7253325,-3.0,-2.0,-72.0
1777892005.7353325,-2.0,-3.0,-69.0
1777892005.7453325,4.0,-4.0,-69.0
1777892005.7553325,0.0,-5.0,-72.0
1777892005.7653325,-2.0,0.0,-77.0
1777892005.7753325,-2.0,1.0,-84.0
1777892005.7853324,-2.0,1.0,-84.0
1777892005.7953324,0.0,-6.0,-77.0
1777892005.8053324,3.0,-8.0,-77.0
1777892005.8153324,4.0,-6.0,-72.0
1777892005.8253324,5.0,-6.0,-69.0
1777892005.8353324,2.0,-4.0,-68.0
1777892005.8453324,6.0,-6.0,-70.0
1777892005.8553324,4.0,-6.0,-69.0
1777892005.8653324,2.0,0.0,-64.0
1777892005.8753324,2.0,-3.0,-72.0
1777892005.8853323,1.0,-5.0,-72.0
1777892005.8953323,0.0,-3.0,-72.0
1777892005.9053323,-4.0,-4.0,-72.0
1777892005.9153323,-5.0,0.0,-71.0
1777892005.9253323,-1.0,2.0,-68.0
1777892005.9353323,-3.0,3.0,-67.0
1777892005.9453323,-5.0,0.0,-69.0
1777892005.9553325,-7.0,-3.0,-65.0
1777892005.9653325,-7.0,-2.0,-71.0
1777892005.9753325,-1.0,-4.0,-66.0
1777892005.9853325,-3.0,-1.0,-65.0
1777892005.9953325,-3.0,0.0,-64.0
1777892006.0053325,0.0,2.0,-66.0
1777892006.0153325,-1.0,5.0,-68.0
1777892006.0253325,0.0,6.0,-65.0
1777892006.0353324,1.0,3.0,-70.0
1777892006.0453324,0.0,1.0,-68.0
1777892006.0553324,0.0,0.0,-74.0
1777892006.0653324,-2.0,2.0,-77.0
1777892006.0753324,-3.0,0.0,-81.0
1777892006.0853324,-3.0,-1.0,-80.0
1777892006.0953324,-1.0,-3.0,-81.0
1777892006.1053324,-3.0,-3.0,-77.0
1777892006.1153324,-5.0,-3.0,-76.0
1777892006.1253324,-5.0,-6.0,-76.0
1777892006.1353323,-4.0,-4.0,-73.0
1777892006.1453323,-6.0,-5.0,-84.0
1777892006.1553323,-1.0,-3.0,-86.0
1777892006.1653323,2.0,-2.0,-85.0
1777892006.1753323,1.0,-4.0,-76.0
1777892006.1853323,0.0,0.0,-75.0
1777892006.1953323,3.0,0.0,-73.0
1777892006.2053325,3.0,0.0,-73.0
1777892006.2153325,0.0,0.0,-74.0
1777892006.2253325,-1.0,1.0,-78.0
1777892006.2353325,0.0,1.0,-86.0
1777892006.2453325,4.0,-3.0,-86.0
1777892006.2553325,1.0,-6.0,-77.0
1777892006.2653325,0.0,-3.0,-73.0
1777892006.2753325,-1.0,-6.0,-72.0
1777892006.2853324,2.0,-7.0,-68.0
1777892006.2953324,5.0,-7.0,-71.0
1777892006.3053324,6.0,-5.0,-74.0
1777892006.3153324,1.0,-4.0,-75.0
1777892006.3253324,-3.0,-2.0,-72.0
1777892006.3353324,-3.0,-4.0,-67.0
1777892006.3453324,-2.0,-6.0,-67.0
1777892006.3553324,0.0,-5.0,-63.0
1777892006.3653324,-3.0,-6.0,-61.0
1777892006.3753324,-3.0,-8.0,-61.0
1777892006.3853323,-1.0,-6.0,-61.0
1777892006.3953323,-5.0,-3.0,-58.0
1777892006.4063325,-3.0,-2.0,-60.0
1777892006.4153323,0.0,-1.0,-62.0
1777892006.4253323,0.0,-1.0,-57.0
1777892006.4363325,0.0,-2.0,-66.0
1777892006.4463325,1.0,-2.0,-77.0
1777892006.4563324,1.0,-1.0,-78.0
1777892006.4663324,1.0,0.0,-82.0
1777892006.4753325,2.0,3.0,-81.0
1777892006.4863324,-1.0,4.0,-72.0
1777892006.4963324,1.0,2.0,-74.0
1777892006.5063324,0.0,3.0,-76.0
1777892006.5163324,2.0,3.0,-76.0
1777892006.5263324,3.0,4.0,-81.0
1777892006.5363324,4.0,1.0,-77.0
1777892006.5463324,4.0,-2.0,-78.0
1777892006.5563323,7.0,-4.0,-78.0
1777892006.5663323,7.0,0.0,-77.0
1777892006.5763323,0.0,3.0,-82.0
1777892006.5863323,-3.0,4.0,-86.0
1777892006.5963323,-5.0,6.0,-85.0
1777892006.6063323,-4.0,3.0,-78.0
1777892006.6163323,-5.0,1.0,-70.0
1777892006.6263323,-4.0,0.0,-66.0
1777892006.6363325,-1.0,-1.0,-63.0
1777892006.6463325,0.0,-2.0,-65.0
1777892006.6563325,-1.0,-4.0,-70.0
1777892006.6663325,0.0,-3.0,-68.0
1777892006.6763325,0.0,-1.0,-66.0
1777892006.6863325,0.0,-1.0,-67.0
1777892006.6963325,-2.0,-1.0,-68.0
1777892006.7063324,-1.0,-3.0,-74.0
1777892006.7163324,0.0,-1.0,-69.0
1777892006.7263324,0.0,-3.0,-71.0
1777892006.7363324,3.0,-3.0,-73.0
1777892006.7463324,7.0,1.0,-74.0
1777892006.7563324,4.0,-3.0,-69.0
1777892006.7663324,1.0,0.0,-68.0
1777892006.7763324,2.0,2.0,-73.0
1777892006.7863324,5.0,0.0,-72.0
1777892006.7963324,3.0,0.0,-69.0
1777892006.8063323,5.0,1.0,-66.0
1777892006.8163323,5.0,1.0,-66.0
1777892006.8263323,0.0,-1.0,-66.0
1777892006.8363323,0.0,0.0,-66.0
1777892006.8463323,1.0,2.0,-64.0
1777892006.8563323,-2.0,2.0,-65.0
1777892006.8663323,0.0,1.0,-56.0
1777892006.8763323,-3.0,1.0,-64.0
1777892006.8863325,-5.0,-4.0,-72.0
1777892006.8963325,-4.0,-6.0,-70.0
1777892006.9063325,-5.0,-6.0,-68.0
1777892006.9163325,-7.0,-5.0,-71.0
1777892006.9263325,-6.0,-7.0,-67.0
1777892006.9363325,-5.0,-10.0,-66.0
1777892006.9463325,-3.0,-11.0,-69.0
1777892006.9563324,-3.0,-11.0,-75.0
1777892006.9663324,0.0,-9.0,-76.0
1777892006.9763324,-2.0,-9.0,-71.0
1777892006.9863324,-2.0,-10.0,-67.0
1777892006.9963324,-1.0,-8.0,-67.0
1777892007.0063324,0.0,-8.0,-64.0
1777892007.0163324,0.0,-7.0,-58.0
1777892007.0263324,-1.0,-5.0,-61.0
1777892007.0363324,-2.0,-3.0,-63.0
1777892007.0463324,-5.0,0.0,-66.0
1777892007.0563323,-4.0,-3.0,-63.0
1777892007.0663323,-1.0,-4.0,-67.0
1777892007.0763323,-4.0,-1.0,-64.0
1777892007.0863323,-7.0,0.0,-64.0
1777892007.0963323,-9.0,1.0,-67.0
1777892007.1063323,-4.0,0.0,-62.0
1777892007.1163323,0.0,2.0,-67.0
1777892007.1263323,1.0,0.0,-64.0
1777892007.1363325,1.0,0.0,-69.0
1777892007.1463325,0.0,0.0,-76.0
1777892007.1563325,0.0,0.0,-79.0
1777892007.1663325,0.0,-1.0,-75.0
1777892007.1763325,1.0,-2.0,-69.0
1777892007.1863325,0.0,-4.0,-71.0
1777892007.1963325,0.0,-5.0,-66.0
1777892007.2063324,-2.0,-1.0,-65.0
1777892007.2163324,0.0,1.0,-64.0
1777892007.2263324,0.0,3.0,-68.0
1777892007.2363324,0.0,2.0,-72.0
1777892007.2463324,1.0,3.0,-72.0
1777892007.2563324,-2.0,2.0,-74.0
1777892007.2663324,-1.0,0.0,-80.0
1777892007.2763324,0.0,-1.0,-77.0
1777892007.2863324,-1.0,-2.0,-78.0
1777892007.2963324,2.0,0.0,-82.0
1777892007.3063323,7.0,-4.0,-87.0
1777892007.3163323,4.0,-4.0,-86.0
1777892007.3263323,3.0,-2.0,-92.0
1777892007.3363323,9.0,-4.0,-90.0
1777892007.3463323,10.0,-6.0,-87.0
1777892007.3563323,14.0,-6.0,-88.0
1777892007.3663323,13.0,-1.0,-89.0
1777892007.3763323,8.0,-5.0,-85.0
1777892007.3863325,6.0,-8.0,-94.0
1777892007.3963325,4.0,-6.0,-92.0
1777892007.4063325,0.0,-4.0,-88.0
1777892007.4163325,0.0,-2.0,-86.0
1777892007.4263325,6.0,-4.0,-77.0
1777892007.4363325,1.0,-4.0,-73.0
1777892007.4463325,4.0,-3.0,-76.0
1777892007.4563324,-1.0,0.0,-75.0
1777892007.4663324,0.0,0.0,-76.0
1777892007.4763324,1.0,-4.0,-74.0
1777892007.4863324,0.0,-4.0,-74.0
1777892007.4963324,-2.0,-7.0,-79.0
1777892007.5063324,-1.0,-5.0,-77.0
1777892007.5173323,-4.0,-7.0,-78.0
1777892007.5263324,-2.0,-6.0,-80.0
1777892007.5363324,-4.0,-2.0,-79.0
1777892007.5463324,-4.0,-1.0,-79.0
1777892007.5563323,0.0,0.0,-83.0
1777892007.5663323,0.0,3.0,-79.0
1777892007.5763323,-1.0,2.0,-81.0
1777892007.5863323,1.0,4.0,-79.0
1777892007.5963323,-2.0,-1.0,-74.0
1777892007.6063323,3.0,-2.0,-77.0
1777892007.6163323,6.0,-2.0,-77.0
1777892007.6263323,4.0,-2.0,-75.0
1777892007.6363325,1.0,-3.0,-73.0
1777892007.6463325,3.0,-2.0,-69.0
1777892007.6563325,5.0,-1.0,-64.0
1777892007.6663325,0.0,0.0,-62.0
1777892007.6763325,0.0,-2.0,-63.0
1777892007.6863325,3.0,-2.0,-65.0
1777892007.6963325,1.0,1.0,-66.0
1777892007.7063324,-2.0,0.0,-69.0
1777892007.7163324,-5.0,2.0,-68.0
1777892007.7263324,-4.0,4.0,-66.0
1777892007.7363324,-5.0,-1.0,-66.0
1777892007.7463324,-5.0,0.0,-62.0
1777892007.7563324,-3.0,0.0,-67.0
1777892007.7663324,0.0,-1.0,-68.0
1777892007.7763324,-3.0,0.0,-70.0
1777892007.7863324,-2.0,1.0,-73.0
1777892007.7963324,-5.0,-4.0,-73.0
1777892007.8063323,-4.0,-3.0,-71.0
1777892007.8163323,-1.0,-3.0,-69.0
1777892007.8263323,0.0,-1.0,-77.0
1777892007.8363323,-1.0,-3.0,-86.0
1777892007.8463323,-6.0,-4.0,-78.0
1777892007.8563323,-2.0,-3.0,-73.0
1777892007.8663323,1.0,-5.0,-63.0
1777892007.8763323,9.0,-7.0,-68.0
1777892007.8863325,10.0,-7.0,-70.0
1777892007.8963325,7.0,-7.0,-77.0
1777892007.9063325,4.0,-1.0,-81.0
1777892007.9163325,11.0,0.0,-77.0
1777892007.9263325,7.0,0.0,-75.0
1777892007.9363325,7.0,-2.0,-76.0
1777892007.9463325,2.0,-1.0,-75.0
1777892007.9563324,6.0,-1.0,-74.0
1777892007.9663324,0.0,-2.0,-77.0
1777892007.9763324,-1.0,-1.0,-78.0
1777892007.9863324,0.0,0.0,-81.0
1777892007.9963324,3.0,0.0,-78.0
1777892008.0063324,1.0,3.0,-71.0
1777892008.0163324,-3.0,0.0,-70.0
1777892008.0263324,0.0,-2.0,-71.0
1777892008.0363324,5.0,-1.0,-69.0
1777892008.0463324,6.0,-1.0,-72.0
1777892008.0563323,4.0,-2.0,-78.0
1777892008.0663323,4.0,-2.0,-78.0
1777892008.0763323,-1.0,-4.0,-81.0
1777892008.0863323,-2.0,-5.0,-82.0
1777892008.0963323,0.0,-9.0,-82.0
1777892008.1063323,-2.0,-10.0,-77.0
1777892008.1163323,1.0,-12.0,-79.0
1777892008.1263323,3.0,-11.0,-79.0
1777892008.1363325,2.0,-12.0,-80.0
1777892008.1463325,1.0,-7.0,-79.0
1777892008.1563325,2.0,-7.0,-77.0
1777892008.1663325,3.0,-3.0,-75.0
1777892008.1763325,2.0,0.0,-79.0
1777892008.1863325,-1.0,3.0,-85.0
1777892008.1963325,-3.0,1.0,-82.0
1777892008.2063324,-1.0,1.0,-76.0
1777892008.2163324,-4.0,1.0,-80.0
1777892008.2263324,-6.0,6.0,-75.0
1777892008.2363324,-10.0,2.0,-75.0
1777892008.2463324,-6.0,0.0,-74.0
1777892008.2563324,0.0,-1.0,-72.0
1777892008.2663324,1.0,-1.0,-74.0
1777892008.2763324,0.0,0.0,-73.0
1777892008.2863324,3.0,0.0,-76.0
1777892008.2963324,3.0,2.0,-77.0
1777892008.3063323,3.0,4.0,-71.0
1777892008.3163323,6.0,5.0,-72.0
1777892008.3263323,9.0,6.0,-68.0
1777892008.3363323,7.0,4.0,-69.0
1777892008.3463323,3.0,3.0,-71.0
1777892008.3563323,2.0,0.0,-75.0
1777892008.3663323,0.0,-3.0,-70.0
1777892008.3763323,0.0,-3.0,-68.0
1777892008.3863325,-2.0,-9.0,-68.0
1777892008.3963325,-1.0,-7.0,-66.0
1777892008.4063325,-3.0,-2.0,-63.0
1777892008.4163325,-2.0,0.0,-62.0
1777892008.4273324,-3.0,1.0,-62.0
1777892008.4373324,-1.0,-2.0,-67.0
1777892008.4473324,6.0,-2.0,-71.0
1777892008.4573324,7.0,-5.0,-76.0
1777892008.4673324,4.0,-7.0,-76.0
1777892008.4773324,3.0,-7.0,-73.0
1777892008.4873323,2.0,-7.0,-73.0
1777892008.4973323,6.0,-2.0,-71.0
1777892008.5073323,2.0,-1.0,-71.0
1777892008.5173323,2.0,0.0,-72.0
1777892008.5273323,0.0,3.0,-66.0
1777892008.5373323,1.0,6.0,-61.0
1777892008.5473323,4.0,5.0,-66.0
1777892008.5573325,-3.0,6.0,-71.0
1777892008.5673325,-1.0,4.0,-72.0
1777892008.5773325,3.0,4.0,-75.0
1777892008.5873325,1.0,5.0,-76.0
1777892008.5973325,-1.0,4.0,-72.0
1777892008.6073325,0.0,3.0,-73.0
1777892008.6173325,1.0,2.0,-69.0
1777892008.6273324,1.0,8.0,-73.0
1777892008.6373324,2.0,6.0,-74.0
1777892008.6473324,0.0,5.0,-74.0
1777892008.6573324,0.0,1.0,-72.0
1777892008.6673324,0.0,0.0,-75.0
1777892008.6773324,1.0,-2.0,-77.0
1777892008.6873324,4.0,0.0,-74.0
1777892008.6973324,3.0,0.0,-78.0
1777892008.7073324,4.0,0.0,-73.0
1777892008.7173324,2.0,0.0,-74.0
1777892008.7273324,1.0,3.0,-72.0
1777892008.7373323,0.0,0.0,-70.0
1777892008.7473323,-4.0,-1.0,-72.0
1777892008.7573323,0.0,-5.0,-68.0
1777892008.7673323,-4.0,-2.0,-66.0
1777892008.7773323,-1.0,0.0,-72.0
1777892008.7873323,0.0,0.0,-78.0
1777892008.7973323,1.0,2.0,-81.0
1777892008.8073325,3.0,3.0,-75.0
1777892008.8173325,1.0,1.0,-75.0
1777892008.8273325,-1.0,2.0,-74.0
1777892008.8373325,0.0,-4.0,-73.0
1777892008.8473325,2.0,-8.0,-70.0
1777892008.8573325,4.0,-9.0,-72.0
1777892008.8673325,1.0,-11.0,-75.0
1777892008.8773324,1.0,-8.0,-73.0
1777892008.8873324,3.0,-5.0,-73.0
1777892008.8973324,1.0,-4.0,-71.0
1777892008.9073324,-5.0,-5.0,-73.0
1777892008.9173324,-6.0,-2.0,-74.0
1777892008.9273324,-3.0,-1.0,-76.0
1777892008.9373324,-6.0,-4.0,-72.0
1777892008.9473324,-4.0,-5.0,-70.0
1777892008.9573324,-5.0,-6.0,-76.0
1777892008.9673324,-4.0,-3.0,-65.0
1777892008.9773324,-3.0,-4.0,-68.0
1777892008.9873323,-1.0,-7.0,-74.0
1777892008.9973323,1.0,-8.0,-78.0
1777892009.0073323,-1.0,-11.0,-76.0
1777892009.0173323,4.0,-8.0,-78.0
1777892009.0273323,4.0,-7.0,-74.0
1777892009.0373323,2.0,-2.0,-73.0
1777892009.0473323,1.0,0.0,-70.0
1777892009.0573325,-1.0,3.0,-67.0
1777892009.0673325,-2.0,3.0,-70.0
1777892009.0773325,-2.0,-4.0,-70.0
1777892009.0873325,0.0,-6.0,-76.0
1777892009.0973325,1.0,-1.0,-69.0
1777892009.1073325,3.0,1.0,-71.0
1777892009.1173325,6.0,0.0,-67.0
1777892009.1273324,5.0,-1.0,-70.0
1777892009.1373324,3.0,-3.0,-67.0
1777892009.1473324,0.0,-4.0,-60.0
1777892009.1573324,-4.0,-2.0,-59.0
1777892009.1673324,1.0,-1.0,-67.0
1777892009.1773324,3.0,0.0,-70.0
1777892009.1873324,-1.0,0.0,-70.0
1777892009.1973324,-1.0,1.0,-74.0
1777892009.2073324,4.0,2.0,-73.0
1777892009.2173324,5.0,0.0,-76.0
1777892009.2273324,-1.0,0.0,-72.0
1777892009.2373323,-1.0,-6.0,-63.0
1777892009.2473323,-1.0,-6.0,-62.0
1777892009.2573323,0.0,-5.0,-65.0
1777892009.2673323,6.0,-5.0,-67.0
1777892009.2773323,1.0,-6.0,-65.0
1777892009.2873323,0.0,-4.0,-65.0
1777892009.2973323,-3.0,-4.0,-66.0
1777892009.3073325,-1.0,-1.0,-70.0
1777892009.3173325,3.0,-4.0,-68.0
1777892009.3273325,3.0,-8.0,-67.0
1777892009.3373325,2.0,-6.0,-66.0
1777892009.3473325,8.0,-6.0,-69.0
1777892009.3573325,13.0,-2.0,-73.0
1777892009.3673325,12.0,-1.0,-77.0
1777892009.3773324,11.0,-1.0,-78.0
1777892009.3873324,10.0,0.0,-80.0
1777892009.3973324,7.0,-5.0,-72.0
1777892009.4073324,9.0,-3.0,-69.0
1777892009.4173324,7.0,-4.0,-69.0
1777892009.4273324,6.0,-1.0,-65.0
1777892009.4373324,4.0,1.0,-67.0
1777892009.4473324,4.0,1.0,-72.0
1777892009.4573324,4.0,6.0,-73.0
1777892009.4673324,4.0,11.0,-75.0
1777892009.4773324,4.0,12.0,-74.0
1777892009.4873323,4.0,8.0,-83.0
1777892009.4973323,3.0,4.0,-82.0
1777892009.5073323,1.0,4.0,-73.0
1777892009.5173323,0.0,4.0,-75.0
1777892009.5273323,0.0,4.0,-73.0
1777892009.5373323,-6.0,0.0,-68.0
1777892009.5473323,-6.0,0.0,-64.0
1777892009.5573325,-6.0,-5.0,-64.0
1777892009.5673325,-4.0,-6.0,-68.0
1777892009.5773325,0.0,-1.0,-71.0
1777892009.5873325,2.0,1.0,-80.0
1777892009.5973325,2.0,0.0,-83.0
1777892009.6073325,0.0,0.0,-84.0
1777892009.6173325,0.0,-3.0,-78.0
1777892009.6273324,0.0,-2.0,-71.0
1777892009.6373324,0.0,-5.0,-71.0
1777892009.6473324,4.0,-4.0,-73.0
1777892009.6573324,1.0,-5.0,-69.0
1777892009.6673324,1.0,-3.0,-74.0
1777892009.6773324,4.0,-1.0,-76.0
1777892009.6873324,4.0,1.0,-80.0
1777892009.6973324,2.0,3.0,-80.0
1777892009.7073324,1.0,5.0,-74.0
1777892009.7173324,0.0,5.0,-70.0
1777892009.7273324,4.0,5.0,-73.0
1777892009.7373323,4.0,1.0,-73.0
1777892009.7473323,2.0,3.0,-66.0
1777892009.7573323,1.0,0.0,-65.0
1777892009.7673323,0.0,0.0,-65.0
1777892009.7773323,2.0,-3.0,-66.0
1777892009.7873323,3.0,-6.0,-74.0
1777892009.7973323,2.0,-4.0,-75.0
1777892009.8073325,0.0,-2.0,-76.0
1777892009.8173325,0.0,-3.0,-80.0
1777892009.8273325,1.0,0.0,-80.0
1777892009.8373325,1.0,0.0,-76.0
1777892009.8473325,-4.0,-2.0,-64.0
1777892009.8573325,-1.0,-1.0,-65.0
1777892009.8673325,-2.0,-3.0,-64.0
1777892009.8773324,-2.0,-2.0,-62.0
1777892009.8873324,-1.0,1.0,-61.0
1777892009.8973324,-7.0,1.0,-67.0
1777892009.9073324,-7.0,-2.0,-69.0
1777892009.9173324,-5.0,-1.0,-70.0
1777892009.9273324,-5.0,-2.0,-76.0
1777892009.9373324,-3.0,0.0,-69.0
1777892009.9473324,-8.0,-2.0,-63.0
1777892009.9573324,-6.0,0.0,-68.0
1777892009.9673324,-3.0,-1.0,-74.0
1777892009.9773324,0.0,0.0,-72.0
1777892009.9873323,0.0,-2.0,-73.0
1777892009.9973323,0.0,-4.0,-75.0
1777892010.0073323,3.0,0.0,-80.0
1777892010.0173323,5.0,-8.0,-80.0
1777892010.0273323,1.0,-8.0,-78.0
1777892010.0373323,0.0,-6.0,-75.0
1777892010.0473323,1.0,0.0,-70.0
1777892010.0573325,0.0,2.0,-66.0
1777892010.0673325,-2.0,5.0,-73.0
1777892010.0773325,-3.0,4.0,-71.0
1777892010.0873325,-3.0,6.0,-70.0
1777892010.0973325,0.0,6.0,-66.0
1777892010.1073325,7.0,6.0,-67.0
1777892010.1173325,9.0,7.0,-68.0
1777892010.1273324,12.0,7.0,-59.0
1777892010.1373324,10.0,2.0,-60.0
1777892010.1473324,13.0,-1.0,-63.0
1777892010.1573324,12.0,0.0,-75.0
1777892010.1673324,9.0,0.0,-79.0
1777892010.1773324,8.0,-2.0,-80.0
1777892010.1873324,6.0,-4.0,-74.0
1777892010.1973324,2.0,-7.0,-76.0
1777892010.2073324,0.0,-6.0,-79.0
1777892010.2173324,4.0,-5.0,-80.0
1777892010.2273324,6.0,-1.0,-76.0
1777892010.2373323,6.0,-2.0,-74.0
1777892010.2473323,5.0,-2.0,-71.0
1777892010.2573323,3.0,0.0,-69.0
1777892010.2673323,1.0,1.0,-68.0
1777892010.2773323,2.0,2.0,-61.0
1777892010.2873323,0.0,3.0,-69.0
1777892010.2973323,-3.0,0.0,-67.0
1777892010.3073325,-1.0,3.0,-64.0
1777892010.3173325,0.0,3.0,-62.0
1777892010.3273325,0.0,6.0,-62.0
1777892010.3373325,0.0,6.0,-62.0
1777892010.3473325,2.0,5.0,-59.0
1777892010.3573325,2.0,1.0,-62.0
1777892010.3673325,0.0,-2.0,-65.0
1777892010.3783324,0.0,0.0,-60.0
1777892010.3873324,0.0,-1.0,-69.0
1777892010.3973324,-4.0,-3.0,-71.0
1777892010.4073324,-3.0,-3.0,-75.0
1777892010.4183323,-1.0,-3.0,-75.0
1777892010.4283323,1.0,3.0,-71.0
1777892010.4383323,2.0,5.0,-70.0
1777892010.4483323,5.0,5.0,-68.0
1777892010.4583323,0.0,10.0,-67.0
1777892010.4683323,0.0,5.0,-67.0
1777892010.4783323,-1.0,3.0,-65.0
1777892010.4883325,0.0,4.0,-63.0
1777892010.4983325,2.0,0.0,-63.0
1777892010.5083325,2.0,2.0,-72.0
1777892010.5183325,-4.0,-1.0,-74.0
1777892010.5283325,-10.0,-1.0,-73.0
1777892010.5383325,-9.0,-1.0,-74.0
1777892010.5483325,-6.0,-2.0,-76.0
1777892010.5583324,-1.0,-6.0,-77.0
1777892010.5683324,0.0,-7.0,-72.0
1777892010.5783324,1.0,-7.0,-75.0
1777892010.5883324,5.0,-3.0,-74.0
1777892010.5983324,4.0,-1.0,-74.0
1777892010.6083324,3.0,0.0,-74.0
1777892010.6183324,4.0,1.0,-76.0
1777892010.6283324,3.0,-2.0,-81.0
1777892010.6383324,1.0,0.0,-79.0
1777892010.6483324,1.0,6.0,-78.0
1777892010.6583323,0.0,5.0,-85.0
1777892010.6683323,-2.0,6.0,-83.0
1777892010.6783323,-1.0,4.0,-80.0
1777892010.6883323,-1.0,4.0,-75.0
1777892010.6983323,-1.0,1.0,-78.0
1777892010.7083323,0.0,-1.0,-82.0
1777892010.7183323,-1.0,-5.0,-86.0
1777892010.7283323,-1.0,-7.0,-79.0
1777892010.7383325,0.0,-5.0,-73.0
1777892010.7483325,3.0,0.0,-67.0
1777892010.7583325,4.0,0.0,-69.0
1777892010.7683325,1.0,0.0,-72.0
1777892010.7783325,5.0,-1.0,-75.0
1777892010.7883325,8.0,-2.0,-76.0
1777892010.7983325,6.0,-2.0,-76.0
1777892010.8083324,4.0,-3.0,-69.0
1777892010.8183324,2.0,-4.0,-72.0
1777892010.8283324,-2.0,-4.0,-72.0
1777892010.8383324,2.0,-1.0,-68.0
1777892010.8483324,3.0,0.0,-68.0
1777892010.8583324,1.0,0.0,-66.0
1777892010.8683324,0.0,1.0,-72.0
1777892010.8783324,5.0,0.0,-74.0
1777892010.8883324,8.0,4.0,-77.0
1777892010.8983324,5.0,3.0,-76.0
1777892010.9083323,8.0,6.0,-80.0
1777892010.9183323,6.0,5.0,-86.0
1777892010.9283323,5.0,5.0,-83.0
1777892010.9383323,8.0,1.0,-77.0
1777892010.9483323,3.0,0.0,-73.0
1777892010.9583323,1.0,2.0,-69.0
1777892010.9683323,2.0,1.0,-71.0
1777892010.9783323,0.0,-1.0,-72.0
1777892010.9883325,-2.0,-3.0,-70.0
1777892010.9983325,-10.0,-5.0,-62.0
1777892011.0083325,-11.0,-7.0,-61.0
1777892011.0183325,-5.0,-5.0,-67.0
1777892011.0283325,-4.0,0.0,-71.0
1777892011.0383325,-6.0,0.0,-75.0
1777892011.0483325,-4.0,1.0,-76.0
1777892011.0583324,4.0,0.0,-75.0
1777892011.0683324,3.0,-2.0,-73.0
1777892011.0783324,0.0,-6.0,-72.0
1777892011.0883324,3.0,-5.0,-75.0
1777892011.0983324,1.0,-4.0,-74.0
1777892011.1083324,1.0,0.0,-74.0
1777892011.1183324,4.0,0.0,-75.0
1777892011.1283324,2.0,-4.0,-75.0
1777892011.1383324,3.0,-3.0,-70.0
1777892011.1483324,8.0,-5.0,-72.0
1777892011.1583323,7.0,-1.0,-72.0
1777892011.1683323,12.0,2.0,-73.0
1777892011.1783323,8.0,1.0,-71.0
1777892011.1883323,9.0,-1.0,-74.0
1777892011.1983323,7.0,-4.0,-70.0
1777892011.2083323,1.0,-6.0,-75.0
1777892011.2183323,1.0,-6.0,-75.0
1777892011.2283323,3.0,-5.0,-74.0
1777892011.2383325,1.0,-2.0,-70.0
1777892011.2483325,3.0,-2.0,-71.0
1777892011.2583325,5.0,0.0,-76.0
1777892011.2683325,4.0,2.0,-75.0
1777892011.2783325,4.0,1.0,-76.0
1777892011.2883325,8.0,0.0,-76.0
1777892011.2983325,7.0,0.0,-69.0
1777892011.3083324,12.0,1.0,-73.0
1777892011.3183324,11.0,0.0,-72.0
1777892011.3283324,9.0,-1.0,-73.0
1777892011.3383324,9.0,0.0,-68.0
1777892011.3483324,8.0,0.0,-69.0
1777892011.3583324,7.0,-2.0,-67.0
1777892011.3683324,6.0,0.0,-60.0
1777892011.3783324,3.0,1.0,-66.0
1777892011.3883324,0.0,2.0,-71.0
1777892011.3983324,-1.0,5.0,-70.0
1777892011.4083323,-1.0,5.0,-67.0
1777892011.4183323,2.0,6.0,-70.0
1777892011.4283323,3.0,3.0,-72.0
1777892011.4383323,7.0,1.0,-76.0
1777892011.4483323,8.0,0.0,-74.0
1777892011.4583323,13.0,-2.0,-72.0
1777892011.4683323,7.0,0.0,-73.0
1777892011.4783323,5.0,-1.0,-73.0
1777892011.4883325,2.0,-7.0,-70.0
1777892011.4983325,3.0,-5.0,-66.0
1777892011.5083325,4.0,-7.0,-67.0
1777892011.5183325,5.0,-7.0,-73.0
1777892011.5283325,3.0,-9.0,-72.0
1777892011.5383325,0.0,-12.0,-71.0
1777892011.5483325,-2.0,-13.0,-73.0
1777892011.5583324,-2.0,-14.0,-72.0
1777892011.5683324,1.0,-9.0,-71.0
1777892011.5783324,0.0,-10.0,-79.0
1777892011.5883324,-4.0,-9.0,-83.0
1777892011.5983324,-5.0,-11.0,-82.0
1777892011.6083324,-6.0,-7.0,-86.0
1777892011.6183324,-5.0,-5.0,-86.0
1777892011.6283324,-2.0,-4.0,-82.0
1777892011.6383324,2.0,-1.0,-79.0
1777892011.6483324,2.0,-1.0,-79.0
1777892011.6583323,1.0,-8.0,-74.0
1777892011.6683323,1.0,-8.0,-76.0
1777892011.6783323,1.0,-9.0,-80.0
1777892011.6883323,1.0,-7.0,-83.0
1777892011.6983323,5.0,-4.0,-81.0
1777892011.7083323,5.0,2.0,-79.0
1777892011.7183323,4.0,4.0,-79.0
1777892011.7283323,5.0,1.0,-76.0
1777892011.7383325,4.0,1.0,-73.0
1777892011.7483325,3.0,2.0,-75.0
1777892011.7583325,5.0,3.0,-78.0
1777892011.7683325,10.0,3.0,-80.0
1777892011.7783325,8.0,0.0,-77.0
1777892011.7883325,6.0,-1.0,-76.0
1777892011.7983325,3.0,0.0,-76.0
1777892011.8083324,0.0,-2.0,-76.0
1777892011.8183324,-2.0,0.0,-63.0
1777892011.8283324,-5.0,-1.0,-60.0
1777892011.8383324,-8.0,0.0,-65.0
1777892011.8483324,-11.0,-5.0,-67.0
1777892011.8583324,-7.0,-5.0,-65.0
1777892011.8683324,-5.0,-1.0,-65.0
1777892011.8783324,-5.0,0.0,-71.0
1777892011.8883324,-6.0,-1.0,-76.0
1777892011.8983324,-3.0,1.0,-76.0
1777892011.9083323,-2.0,-2.0,-78.0
1777892011.9183323,-5.0,-1.0,-73.0
1777892011.9283323,-4.0,-1.0,-73.0
1777892011.9383323,-5.0,1.0,-67.0
1777892011.9483323,-1.0,2.0,-67.0
1777892011.9583323,0.0,-1.0,-72.0
1777892011.9683323,0.0,-4.0,-70.0
1777892011.9783323,1.0,-5.0,-71.0
1777892011.9883325,0.0,-3.0,-70.0
1777892011.9983325,-3.0,1.0,-64.0
1777892012.0083325,0.0,-4.0,-66.0
1777892012.0183325,5.0,-1.0,-76.0
1777892012.0283325,7.0,0.0,-79.0
1777892012.0383325,5.0,2.0,-76.0
1777892012.0483325,5.0,2.0,-72.0
1777892012.0583324,2.0,-2.0,-65.0
1777892012.0683324,-5.0,-5.0,-67.0
1777892012.0783324,-5.0,-2.0,-66.0
1777892012.0883324,0.0,-3.0,-69.0
1777892012.0983324,0.0,-3.0,-72.0
1777892012.1083324,1.0,-3.0,-78.0
1777892012.1183324,5.0,-3.0,-84.0
1777892012.1283324,2.0,-4.0,-84.0
1777892012.1383324,2.0,-4.0,-81.0
1777892012.1483324,4.0,-2.0,-76.0
1777892012.1583323,6.0,-1.0,-72.0
1777892012.1683323,4.0,-3.0,-75.0
1777892012.1783323,4.0,-4.0,-73.0
1777892012.1883323,3.0,-3.0,-80.0
1777892012.1983323,7.0,-3.0,-86.0
1777892012.2083323,7.0,0.0,-82.0
1777892012.2183323,-1.0,-1.0,-73.0
1777892012.2283323,0.0,-2.0,-68.0
1777892012.2383325,4.0,-4.0,-81.0
1777892012.2483325,9.0,-3.0,-83.0
1777892012.2583325,7.0,-5.0,-76.0
1777892012.2683325,0.0,-5.0,-73.0
1777892012.2783325,-3.0,-3.0,-69.0
1777892012.2883325,-4.0,-1.0,-67.0
1777892012.2983325,-4.0,-1.0,-68.0
1777892012.3083324,2.0,-2.0,-71.0
1777892012.3183324,2.0,-1.0,-76.0
1777892012.3283324,2.0,1.0,-82.0
1777892012.3383324,2.0,0.0,-82.0
1777892012.3483324,0.0,-2.0,-81.0
1777892012.3583324,-3.0,0.0,-80.0
1777892012.3683324,-4.0,-1.0,-81.0
1777892012.3793323,-3.0,-2.0,-71.0
1777892012.3893323,-3.0,-2.0,-64.0
1777892012.3983324,-2.0,-5.0,-66.0
1777892012.4093325,-1.0,-4.0,-70.0
1777892012.4193325,-6.0,-2.0,-73.0
1777892012.4293325,-4.0,1.0,-70.0
1777892012.4393325,-2.0,0.0,-73.0
1777892012.4493325,0.0,-2.0,-75.0
1777892012.4593325,-1.0,2.0,-70.0
1777892012.4693325,-1.0,0.0,-73.0
1777892012.4793324,-1.0,-3.0,-73.0
1777892012.4893324,-5.0,-7.0,-68.0
1777892012.4993324,0.0,-7.0,-78.0
1777892012.5093324,1.0,-4.0,-78.0
1777892012.5193324,0.0,-1.0,-80.0
1777892012.5293324,-1.0,-2.0,-76.0
1777892012.5393324,2.0,-4.0,-73.0
1777892012.5493324,0.0,-4.0,-68.0
1777892012.5593324,0.0,-7.0,-67.0
1777892012.5693324,0.0,-2.0,-68.0
1777892012.5793324,2.0,-1.0,-72.0
1777892012.5893323,0.0,-1.0,-71.0
1777892012.5993323,-4.0,-1.0,-69.0
1777892012.6093323,-4.0,0.0,-68.0
1777892012.6193323,-5.0,2.0,-70.0
1777892012.6293323,-11.0,1.0,-71.0
1777892012.6393323,-8.0,0.0,-63.0
1777892012.6493323,-5.0,-2.0,-66.0
1777892012.6593325,-2.0,-1.0,-68.0
1777892012.6693325,1.0,3.0,-68.0
1777892012.6793325,2.0,0.0,-71.0
1777892012.6893325,-1.0,3.0,-71.0
1777892012.6993325,-2.0,3.0,-70.0
1777892012.7093325,-5.0,0.0,-66.0
1777892012.7193325,0.0,1.0,-67.0
1777892012.7293324,0.0,-1.0,-68.0
1777892012.7393324,2.0,-4.0,-68.0
1777892012.7493324,8.0,-7.0,-62.0
1777892012.7593324,5.0,-5.0,-66.0
1777892012.7693324,4.0,-4.0,-72.0
1777892012.7793324,6.0,-4.0,-77.0
1777892012.7893324,7.0,-3.0,-81.0
1777892012.7993324,6.0,0.0,-78.0
1777892012.8093324,6.0,0.0,-74.0
1777892012.8193324,5.0,0.0,-70.0
1777892012.8293324,0.0,-5.0,-72.0
1777892012.8393323,0.0,-2.0,-74.0
1777892012.8493323,2.0,0.0,-78.0
1777892012.8593323,-2.0,-1.0,-76.0
1777892012.8693323,-5.0,0.0,-75.0
1777892012.8793323,-6.0,-1.0,-76.0
1777892012.8893323,-2.0,-2.0,-73.0
1777892012.8993323,-1.0,-4.0,-71.0
1777892012.9093325,0.0,-3.0,-69.0
1777892012.9193325,1.0,-4.0,-67.0
1777892012.9293325,5.0,-6.0,-62.0
1777892012.9393325,8.0,-4.0,-66.0
1777892012.9493325,5.0,0.0,-70.0
1777892012.9593325,10.0,3.0,-70.0
1777892012.9693325,10.0,4.0,-73.0
1777892012.9793324,4.0,1.0,-73.0
1777892012.9893324,2.0,0.0,-72.0
1777892012.9993324,5.0,-3.0,-73.0
1777892013.0093324,9.0,-1.0,-75.0
1777892013.0193324,10.0,-1.0,-76.0
1777892013.0293324,6.0,0.0,-71.0
1777892013.0393324,7.0,-1.0,-70.0
1777892013.0493324,7.0,5.0,-77.0
1777892013.0593324,6.0,5.0,-81.0
1777892013.0693324,4.0,5.0,-82.0
1777892013.0793324,6.0,1.0,-85.0
1777892013.0893323,9.0,3.0,-86.0
1777892013.0993323,7.0,2.0,-82.0
1777892013.1093323,8.0,3.0,-75.0
1777892013.1193323,8.0,-1.0,-77.0
1777892013.1293323,6.0,-4.0,-77.0
1777892013.1393323,4.0,-4.0,-79.0
1777892013.1493323,3.0,0.0,-79.0
1777892013.1593325,5.0,1.0,-78.0
1777892013.1693325,5.0,-2.0,-86.0
1777892013.1793325,3.0,0.0,-81.0
1777892013.1893325,5.0,2.0,-80.0
1777892013.1993325,2.0,1.0,-78.0
1777892013.2093325,0.0,1.0,-79.0
1777892013.2193325,-2.0,9.0,-78.0
1777892013.2293324,1.0,11.0,-75.0
1777892013.2393324,-3.0,6.0,-73.0
1777892013.2493324,0.0,3.0,-75.0
1777892013.2593324,-1.0,2.0,-76.0
1777892013.2693324,0.0,5.0,-75.0
1777892013.2793324,-3.0,6.0,-73.0
1777892013.2893324,-3.0,6.0,-71.0
1777892013.2993324,0.0,0.0,-70.0
1777892013.3093324,2.0,-3.0,-69.0
1777892013.3193324,-2.0,-5.0,-67.0
1777892013.3293324,-2.0,-5.0,-66.0
1777892013.3393323,-1.0,-6.0,-64.0
1777892013.3493323,-4.0,-4.0,-70.0
1777892013.3593323,-3.0,-2.0,-72.0
1777892013.3693323,0.0,0.0,-64.0
1777892013.3793323,-1.0,2.0,-67.0
1777892013.3893323,-5.0,2.0,-70.0
1777892013.3993323,-4.0,2.0,-68.0
1777892013.4093325,-2.0,2.0,-68.0
1777892013.4193325,-2.0,2.0,-64.0
1777892013.4293325,0.0,2.0,-58.0
1777892013.4393325,-1.0,0.0,-59.0
1777892013.4493325,-4.0,0.0,-63.0
1777892013.4593325,0.0,1.0,-62.0
1777892013.4693325,0.0,-4.0,-68.0
1777892013.4793324,0.0,-2.0,-74.0
1777892013.4893324,0.0,-6.0,-78.0
1777892013.4993324,0.0,0.0,-79.0
1777892013.5093324,4.0,-2.0,-75.0
1777892013.5193324,3.0,-3.0,-80.0
1777892013.5293324,6.0,-2.0,-80.0
1777892013.5393324,4.0,-2.0,-79.0
1777892013.5493324,6.0,0.0,-74.0
1777892013.5593324,2.0,-5.0,-65.0
1777892013.5693324,-8.0,-2.0,-67.0
1777892013.5793324,-10.0,-4.0,-67.0
1777892013.5893323,-7.0,-6.0,-69.0
1777892013.5993323,-3.0,-4.0,-71.0
1777892013.6093323,-3.0,-4.0,-67.0
1777892013.6193323,-2.0,-5.0,-65.0
1777892013.6293323,0.0,-3.0,-63.0
1777892013.6393323,-4.0,3.0,-65.0
1777892013.6493323,-3.0,3.0,-65.0
1777892013.6593325,1.0,1.0,-70.0
1777892013.6693325,7.0,1.0,-70.0
1777892013.6793325,5.0,-2.0,-74.0
1777892013.6893325,6.0,-8.0,-76.0
1777892013.6993325,7.0,-6.0,-66.0
1777892013.7093325,8.0,-7.0,-71.0
1777892013.7193325,7.0,-1.0,-71.0
1777892013.7293324,7.0,0.0,-69.0
1777892013.7393324,8.0,1.0,-74.0
1777892013.7493324,7.0,3.0,-76.0
1777892013.7593324,6.0,3.0,-78.0
1777892013.7693324,3.0,-1.0,-81.0
1777892013.7793324,3.0,-1.0,-78.0
1777892013.7893324,6.0,-3.0,-80.0
1777892013.7993324,1.0,-2.0,-83.0
1777892013.8093324,2.0,-3.0,-85.0
1777892013.8193324,0.0,-1.0,-85.0
1777892013.8293324,-3.0,-3.0,-80.0
1777892013.8393323,-1.0,-6.0,-72.0
1777892013.8493323,-4.0,-1.0,-64.0
1777892013.8593323,-4.0,1.0,-62.0
1777892013.8693323,-2.0,0.0,-65.0
1777892013.8793323,-1.0,0.0,-65.0
1777892013.8893323,0.0,-1.0,-57.0
1777892013.8993323,2.0,1.0,-59.0
1777892013.9093325,0.0,2.0,-67.0
1777892013.9193325,-3.0,4.0,-65.0
1777892013.9293325,0.0,5.0,-70.0
1777892013.9393325,2.0,7.0,-70.0
1777892013.9493325,4.0,11.0,-71.0
1777892013.9593325,8.0,8.0,-73.0
1777892013.9693325,7.0,5.0,-69.0
1777892013.9793324,5.0,1.0,-73.0
1777892013.9893324,3.0,-2.0,-68.0
1777892013.9993324,1.0,-2.0,-68.0
1777892014.0093324,0.0,-5.0,-65.0
1777892014.0193324,1.0,-5.0,-64.0
1777892014.0293324,0.0,0.0,-65.0
1777892014.0393324,-2.0,2.0,-66.0
1777892014.0493324,0.0,1.0,-67.0
1777892014.0593324,1.0,0.0,-71.0
1777892014.0693324,-1.0,-3.0,-66.0
1777892014.0793324,-2.0,0.0,-64.0
1777892014.0893323,-1.0,0.0,-67.0
1777892014.0993323,3.0,-2.0,-66.0
1777892014.1093323,2.0,-1.0,-61.0
1777892014.1193323,2.0,-1.0,-62.0
1777892014.1293323,2.0,-2.0,-65.0
1777892014.1393323,0.0,1.0,-66.0
1777892014.1493323,2.0,0.0,-61.0
1777892014.1593325,3.0,-1.0,-64.0
1777892014.1693325,5.0,-2.0,-68.0
1777892014.1793325,4.0,0.0,-65.0
1777892014.1893325,3.0,-3.0,-65.0
1777892014.1993325,-4.0,-9.0,-65.0
1777892014.2093325,-1.0,-7.0,-58.0
1777892014.2193325,-6.0,-6.0,-64.0
1777892014.2293324,-5.0,-6.0,-63.0
1777892014.2393324,-2.0,-3.0,-61.0
1777892014.2493324,-1.0,-5.0,-60.0
1777892014.2593324,-2.0,-6.0,-58.0
1777892014.2693324,-6.0,-5.0,-65.0
1777892014.2793324,-4.0,-4.0,-64.0
1777892014.2893324,2.0,-3.0,-64.0
1777892014.2993324,5.0,0.0,-60.0
1777892014.3093324,3.0,1.0,-69.0
1777892014.3193324,0.0,4.0,-73.0
1777892014.3293324,1.0,2.0,-61.0
1777892014.3393323,6.0,4.0,-58.0
1777892014.3493323,4.0,7.0,-54.0
1777892014.3593323,0.0,5.0,-57.0
1777892014.3703325,1.0,4.0,-61.0
1777892014.3793323,2.0,2.0,-62.0
1777892014.3893323,3.0,0.0,-59.0
1777892014.3993323,9.0,-2.0,-62.0
1777892014.4103324,10.0,-4.0,-69.0
1777892014.4203324,11.0,-4.0,-73.0
1777892014.4303324,9.0,-2.0,-70.0
1777892014.4403324,11.0,-1.0,-70.0
1777892014.4503324,5.0,-1.0,-79.0
1777892014.4603324,5.0,-2.0,-76.0
1777892014.4703324,2.0,-3.0,-75.0
1777892014.4803324,-3.0,-3.0,-72.0
1777892014.4903324,-1.0,-3.0,-74.0
1777892014.5003324,0.0,-2.0,-81.0
1777892014.5103323,-3.0,0.0,-78.0
1777892014.5203323,-2.0,-1.0,-81.0
1777892014.5303323,-6.0,-1.0,-80.0
1777892014.5403323,0.0,-7.0,-76.0
1777892014.5503323,3.0,-4.0,-69.0
1777892014.5603323,0.0,-2.0,-69.0
1777892014.5703323,1.0,-3.0,-72.0
1777892014.5803325,7.0,0.0,-74.0
1777892014.5903325,12.0,-3.0,-68.0
1777892014.6003325,12.0,-2.0,-71.0
1777892014.6103325,10.0,0.0,-69.0
1777892014.6203325,7.0,-3.0,-63.0
1777892014.6303325,4.0,-2.0,-60.0
1777892014.6403325,-2.0,-3.0,-68.0
1777892014.6503325,-1.0,-1.0,-72.0
1777892014.6603324,2.0,0.0,-72.0
1777892014.6703324,8.0,-2.0,-71.0
1777892014.6803324,5.0,-5.0,-70.0
1777892014.6903324,4.0,-3.0,-70.0
1777892014.7003324,5.0,-2.0,-60.0
1777892014.7103324,4.0,-4.0,-63.0
1777892014.7203324,2.0,0.0,-68.0
1777892014.7303324,2.0,-1.0,-62.0
1777892014.7403324,4.0,1.0,-64.0
1777892014.7503324,1.0,3.0,-66.0
1777892014.7603323,0.0,4.0,-64.0
1777892014.7703323,-1.0,0.0,-64.0
1777892014.7803323,0.0,0.0,-70.0
1777892014.7903323,-1.0,-2.0,-65.0
1777892014.8003323,0.0,0.0,-56.0
1777892014.8103323,3.0,1.0,-54.0
1777892014.8203323,3.0,4.0,-50.0
1777892014.8303325,3.0,8.0,-59.0
1777892014.8403325,4.0,8.0,-56.0
1777892014.8503325,7.0,7.0,-59.0
1777892014.8603325,7.0,3.0,-62.0
1777892014.8703325,10.0,0.0,-64.0
1777892014.8803325,7.0,3.0,-67.0
1777892014.8903325,3.0,0.0,-68.0
1777892014.9003325,7.0,-3.0,-75.0
1777892014.9103324,3.0,-6.0,-68.0
1777892014.9203324,7.0,-5.0,-58.0
1777892014.9303324,7.0,-6.0,-56.0
1777892014.9403324,6.0,-6.0,-72.0
1777892014.9503324,6.0,-8.0,-76.0
1777892014.9603324,7.0,-7.0,-73.0
1777892014.9703324,3.0,-10.0,-68.0
1777892014.9803324,3.0,-9.0,-66.0
1777892014.9903324,2.0,-8.0,-63.0
1777892015.0003324,4.0,-8.0,-63.0
1777892015.0103323,0.0,-3.0,-65.0
1777892015.0203323,2.0,-4.0,-70.0
1777892015.0303323,1.0,-5.0,-74.0
1777892015.0403323,5.0,-7.0,-66.0
1777892015.0503323,4.0,-9.0,-67.0
1777892015.0603323,0.0,-11.0,-65.0
1777892015.0703323,-2.0,-5.0,-61.0
1777892015.0803325,-3.0,-4.0,-67.0
1777892015.0903325,-1.0,-3.0,-62.0
1777892015.1003325,2.0,-4.0,-64.0
1777892015.1103325,0.0,-1.0,-65.0
1777892015.1203325,0.0,3.0,-67.0
1777892015.1303325,2.0,3.0,-60.0
1777892015.1403325,1.0,0.0,-55.0
1777892015.1503325,2.0,-5.0,-57.0
1777892015.1603324,1.0,-7.0,-60.0
1777892015.1703324,5.0,-5.0,-54.0
1777892015.1803324,7.0,-5.0,-56.0
1777892015.1903324,4.0,-3.0,-62.0
1777892015.2003324,5.0,-3.0,-68.0
1777892015.2103324,1.0,-1.0,-72.0
1777892015.2203324,-1.0,-3.0,-76.0
1777892015.2303324,-4.0,-1.0,-82.0
1777892015.2403324,-3.0,-5.0,-83.0
1777892015.2503324,-8.0,-3.0,-76.0
1777892015.2603323,-3.0,-3.0,-69.0
1777892015.2703323,-1.0,0.0,-65.0
1777892015.2803323,-2.0,2.0,-67.0
1777892015.2903323,-1.0,8.0,-61.0
1777892015.3003323,4.0,9.0,-63.0
1777892015.3103323,6.0,8.0,-68.0
1777892015.3203323,9.0,4.0,-73.0
1777892015.3303325,7.0,5.0,-79.0
1777892015.3403325,6.0,2.0,-78.0
1777892015.3503325,3.0,2.0,-76.0
1777892015.3603325,0.0,0.0,-80.0
1777892015.3703325,-1.0,-2.0,-77.0
1777892015.3803325,-2.0,-7.0,-75.0
1777892015.3903325,-2.0,-2.0,-66.0
1777892015.4003325,2.0,-1.0,-66.0
1777892015.4103324,1.0,2.0,-65.0
1777892015.4203324,1.0,1.0,-69.0
1777892015.4303324,2.0,-2.0,-70.0
1777892015.4403324,1.0,-2.0,-74.0
1777892015.4503324,4.0,0.0,-81.0
1777892015.4603324,4.0,1.0,-81.0
1777892015.4703324,1.0,4.0,-77.0
1777892015.4803324,-4.0,2.0,-68.0
1777892015.4903324,-4.0,-2.0,-69.0
1777892015.5003324,-4.0,0.0,-65.0
1777892015.5103323,-4.0,-3.0,-63.0
1777892015.5203323,-7.0,-6.0,-72.0
1777892015.5303323,-4.0,-3.0,-73.0
1777892015.5403323,-1.0,1.0,-74.0
1777892015.5503323,0.0,4.0,-72.0
1777892015.5603323,3.0,5.0,-70.0
1777892015.5703323,3.0,5.0,-65.0
1777892015.5803325,5.0,3.0,-71.0
1777892015.5903325,5.0,1.0,-71.0
1777892015.6003325,5.0,4.0,-74.0
1777892015.6103325,4.0,2.0,-77.0
1777892015.6203325,0.0,3.0,-81.0
1777892015.6303325,4.0,4.0,-80.0
1777892015.6403325,2.0,3.0,-74.0
1777892015.6503325,0.0,4.0,-70.0
1777892015.6603324,0.0,3.0,-69.0
1777892015.6703324,-2.0,2.0,-66.0
1777892015.6803324,3.0,0.0,-72.0
1777892015.6903324,2.0,-3.0,-74.0
1777892015.7003324,3.0,-5.0,-75.0
1777892015.7103324,1.0,-2.0,-75.0
1777892015.7203324,4.0,0.0,-72.0
1777892015.7303324,5.0,0.0,-70.0
1777892015.7403324,6.0,0.0,-73.0
1777892015.7503324,4.0,1.0,-76.0
1777892015.7603323,1.0,0.0,-73.0
1777892015.7703323,0.0,2.0,-69.0
1777892015.7803323,0.0,3.0,-71.0
1777892015.7903323,-1.0,4.0,-75.0
1777892015.8003323,-1.0,6.0,-72.0
1777892015.8103323,2.0,4.0,-69.0
1777892015.8203323,4.0,2.0,-73.0
1777892015.8303325,8.0,0.0,-75.0
1777892015.8403325,8.0,0.0,-72.0
1777892015.8503325,9.0,0.0,-67.0
1777892015.8603325,5.0,3.0,-67.0
1777892015.8703325,3.0,2.0,-68.0
1777892015.8803325,6.0,0.0,-68.0
1777892015.8903325,6.0,-6.0,-74.0
1777892015.9003325,3.0,-5.0,-71.0
1777892015.9103324,2.0,-3.0,-65.0
1777892015.9203324,3.0,-5.0,-65.0
1777892015.9303324,0.0,-3.0,-69.0
1777892015.9403324,-4.0,-3.0,-69.0
1777892015.9503324,-4.0,-6.0,-71.0
1777892015.9603324,-5.0,-5.0,-66.0
1777892015.9703324,-3.0,-4.0,-67.0
1777892015.9803324,-3.0,-1.0,-77.0
1777892015.9903324,-4.0,-6.0,-76.0
1777892016.0003324,-3.0,-4.0,-66.0
1777892016.0103323,-5.0,-2.0,-66.0
1777892016.0203323,-5.0,0.0,-71.0
1777892016.0303323,-4.0,-2.0,-74.0
1777892016.0403323,-3.0,-4.0,-73.0
1777892016.0503323,-6.0,-4.0,-64.0
1777892016.0603323,-11.0,-4.0,-64.0
1777892016.0703323,-8.0,-6.0,-63.0
1777892016.0803325,-2.0,-6.0,-62.0
1777892016.0903325,-7.0,-3.0,-67.0
1777892016.1003325,0.0,-3.0,-73.0
1777892016.1103325,0.0,-2.0,-76.0
1777892016.1203325,-1.0,-2.0,-79.0
1777892016.1303325,-3.0,-4.0,-79.0
1777892016.1403325,-6.0,-1.0,-76.0
1777892016.1503325,-6.0,4.0,-68.0
1777892016.1603324,-1.0,7.0,-70.0
1777892016.1703324,2.0,9.0,-73.0
1777892016.1803324,2.0,7.0,-71.0
1777892016.1903324,3.0,7.0,-77.0
1777892016.2003324,1.0,6.0,-74.0
1777892016.2103324,0.0,5.0,-71.0
1777892016.2203324,0.0,2.0,-66.0
1777892016.2303324,0.0,1.0,-72.0
1777892016.2403324,2.0,0.0,-70.0
1777892016.2503324,3.0,-1.0,-68.0
1777892016.2603323,0.0,0.0,-65.0
1777892016.2703323,0.0,1.0,-64.0
1777892016.2803323,0.0,2.0,-67.0
1777892016.2903323,-3.0,0.0,-64.0
1777892016.3003323,-6.0,-3.0,-59.0
1777892016.3103323,-3.0,0.0,-66.0
1777892016.3203323,-5.0,2.0,-69.0
1777892016.3303325,-3.0,1.0,-67.0
1777892016.3403325,-5.0,0.0,-65.0
1777892016.3503325,-3.0,-3.0,-64.0
1777892016.3603325,-2.0,1.0,-57.0
1777892016.3703325,-4.0,0.0,-58.0
1777892016.3813324,-6.0,-4.0,-60.0
1777892016.3913324,-3.0,-5.0,-65.0
1777892016.4013324,-2.0,-4.0,-59.0
1777892016.4113324,3.0,-4.0,-59.0
1777892016.4213324,8.0,-6.0,-65.0
1777892016.4313323,9.0,-5.0,-74.0
1777892016.4413323,10.0,-2.0,-72.0
1777892016.4513323,8.0,1.0,-78.0
1777892016.4613323,8.0,0.0,-77.0
1777892016.4713323,6.0,-2.0,-74.0
1777892016.4813323,6.0,1.0,-68.0
1777892016.4913323,7.0,0.0,-69.0
1777892016.5013323,5.0,1.0,-70.0
1777892016.5113325,1.0,0.0,-67.0
1777892016.5213325,0.0,-1.0,-65.0
1777892016.5313325,-3.0,0.0,-67.0
1777892016.5413325,-3.0,0.0,-64.0
1777892016.5513325,0.0,-3.0,-63.0
1777892016.5613325,0.0,0.0,-65.0
1777892016.5713325,3.0,0.0,-68.0
1777892016.5813324,3.0,3.0,-76.0
1777892016.5913324,0.0,3.0,-72.0
1777892016.6013324,1.0,3.0,-67.0
1777892016.6113324,2.0,3.0,-66.0
1777892016.6213324,3.0,4.0,-66.0
1777892016.6313324,4.0,4.0,-66.0
1777892016.6413324,3.0,4.0,-70.0
1777892016.6513324,5.0,1.0,-75.0
1777892016.6613324,1.0,2.0,-78.0
1777892016.6713324,4.0,0.0,-73.0
1777892016.6813323,5.0,-1.0,-74.0
1777892016.6913323,7.0,0.0,-70.0
1777892016.7013323,5.0,0.0,-69.0
1777892016.7113323,0.0,0.0,-70.0
1777892016.7213323,-4.0,1.0,-68.0
1777892016.7313323,-5.0,1.0,-71.0
1777892016.7413323,-6.0,5.0,-71.0
1777892016.7513323,-4.0,7.0,-64.0
1777892016.7613325,0.0,3.0,-66.0
1777892016.7713325,0.0,9.0,-72.0
1777892016.7813325,0.0,7.0,-74.0
1777892016.7913325,0.0,10.0,-81.0
1777892016.8013325,0.0,4.0,-81.0
1777892016.8113325,-4.0,0.0,-70.0
1777892016.8213325,-4.0,0.0,-75.0
1777892016.8313324,-1.0,-1.0,-71.0
1777892016.8413324,0.0,0.0,-69.0
1777892016.8513324,1.0,-2.0,-75.0
1777892016.8613324,4.0,-1.0,-77.0
1777892016.8713324,2.0,0.0,-75.0
1777892016.8813324,1.0,0.0,-72.0
1777892016.8913324,1.0,3.0,-75.0
1777892016.9013324,4.0,3.0,-79.0
1777892016.9113324,5.0,2.0,-78.0
1777892016.9213324,8.0,2.0,-78.0
1777892016.9313323,2.0,4.0,-72.0
1777892016.9413323,0.0,3.0,-69.0
1777892016.9513323,3.0,4.0,-67.0
1777892016.9613323,6.0,3.0,-72.0
1777892016.9713323,10.0,4.0,-72.0
1777892016.9813323,6.0,1.0,-75.0
1777892016.9913323,5.0,-2.0,-74.0
1777892017.0013323,6.0,-1.0,-71.0
1777892017.0113325,5.0,5.0,-76.0
1777892017.0213325,6.0,3.0,-81.0
1777892017.0313325,6.0,0.0,-73.0
1777892017.0413325,2.0,1.0,-76.0
1777892017.0513325,1.0,1.0,-68.0
1777892017.0613325,4.0,2.0,-73.0
1777892017.0713325,7.0,2.0,-69.0
1777892017.0813324,1.0,1.0,-66.0
1777892017.0913324,3.0,-2.0,-66.0
1777892017.1013324,0.0,-5.0,-65.0
1777892017.1113324,3.0,-2.0,-67.0
1777892017.1213324,1.0,-1.0,-64.0
1777892017.1313324,8.0,0.0,-61.0
1777892017.1413324,8.0,0.0,-65.0
1777892017.1513324,4.0,1.0,-67.0
1777892017.1613324,5.0,2.0,-63.0
1777892017.1713324,4.0,-6.0,-73.0
1777892017.1813323,0.0,-5.0,-68.0
1777892017.1913323,1.0,-1.0,-76.0
1777892017.2013323,-1.0,-3.0,-78.0
1777892017.2113323,-5.0,0.0,-81.0
1777892017.2213323,-4.0,3.0,-83.0
1777892017.2313323,-1.0,1.0,-85.0
1777892017.2413323,1.0,5.0,-82.0
1777892017.2513323,4.0,6.0,-83.0
1777892017.2613325,6.0,5.0,-84.0
1777892017.2713325,5.0,6.0,-76.0
1777892017.2813325,8.0,5.0,-75.0
1777892017.2913325,8.0,2.0,-72.0
1777892017.3013325,8.0,1.0,-68.0
1777892017.3113325,8.0,-2.0,-75.0
1777892017.3213325,7.0,-1.0,-72.0
1777892017.3313324,2.0,1.0,-75.0
1777892017.3413324,-2.0,3.0,-75.0
1777892017.3513324,0.0,0.0,-78.0
1777892017.3613324,-3.0,2.0,-68.0
1777892017.3713324,-1.0,7.0,-66.0
1777892017.3813324,0.0,8.0,-74.0
1777892017.3913324,-3.0,3.0,-75.0
1777892017.4013324,-4.0,0.0,-76.0
1777892017.4113324,0.0,0.0,-74.0
1777892017.4213324,1.0,0.0,-70.0
1777892017.4313323,1.0,0.0,-69.0
1777892017.4413323,3.0,-1.0,-69.0
1777892017.4513323,1.0,-5.0,-71.0
1777892017.4613323,0.0,-3.0,-71.0
1777892017.4713323,-1.0,-3.0,-66.0
1777892017.4813323,1.0,0.0,-68.0
1777892017.4913323,3.0,0.0,-68.0
1777892017.5013323,6.0,0.0,-76.0
1777892017.5113325,6.0,0.0,-75.0
1777892017.5213325,3.0,-3.0,-74.0
1777892017.5313325,1.0,-4.0,-74.0
1777892017.5413325,4.0,-3.0,-78.0
1777892017.5513325,6.0,-3.0,-79.0
1777892017.5613325,9.0,-3.0,-74.0
1777892017.5713325,9.0,0.0,-65.0
1777892017.5813324,8.0,0.0,-64.0
1777892017.5913324,5.0,3.0,-71.0
1777892017.6013324,7.0,1.0,-68.0
1777892017.6113324,7.0,2.0,-75.0
1777892017.6213324,9.0,4.0,-74.0
1777892017.6313324,5.0,4.0,-69.0
1777892017.6413324,1.0,2.0,-65.0
1777892017.6513324,0.0,1.0,-66.0
1777892017.6613324,-1.0,0.0,-65.0
1777892017.6713324,0.0,-5.0,-70.0
1777892017.6813323,1.0,-5.0,-73.0
1777892017.6913323,1.0,-5.0,-73.0
1777892017.7013323,4.0,-5.0,-69.0
1777892017.7113323,2.0,-4.0,-66.0
1777892017.7213323,1.0,-5.0,-65.0
1777892017.7313323,0.0,-3.0,-61.0
1777892017.7413323,-4.0,-2.0,-67.0
1777892017.7513323,-2.0,1.0,-73.0
1777892017.7613325,-10.0,6.0,-77.0
1777892017.7713325,-10.0,11.0,-79.0
1777892017.7813325,-3.0,10.0,-79.0
1777892017.7913325,-5.0,10.0,-80.0
1777892017.8013325,-3.0,7.0,-74.0
1777892017.8113325,-3.0,2.0,-69.0
1777892017.8213325,-5.0,0.0,-74.0
1777892017.8313324,-2.0,3.0,-68.0
1777892017.8413324,1.0,2.0,-63.0
1777892017.8513324,1.0,0.0,-60.0
1777892017.8613324,-1.0,-2.0,-62.0
1777892017.8713324,-1.0,-4.0,-65.0
1777892017.8813324,-6.0,-2.0,-66.0
1777892017.8913324,-6.0,-1.0,-70.0
1777892017.9013324,-4.0,-1.0,-70.0
1777892017.9113324,-6.0,0.0,-68.0
1777892017.9213324,-6.0,5.0,-70.0
1777892017.9313323,-8.0,6.0,-70.0
1777892017.9413323,-7.0,5.0,-64.0
1777892017.9513323,-6.0,2.0,-62.0
1777892017.9613323,-2.0,-1.0,-66.0
1777892017.9713323,-7.0,-1.0,-66.0
1777892017.9813323,-8.0,0.0,-65.0
1777892017.9913323,-5.0,0.0,-64.0
1777892018.0013323,1.0,1.0,-62.0
1777892018.0113325,3.0,4.0,-69.0
1777892018.0213325,2.0,2.0,-70.0
1777892018.0313325,0.0,0.0,-69.0
1777892018.0413325,0.0,-3.0,-69.0
1777892018.0513325,0.0,-7.0,-71.0
1777892018.0613325,-4.0,-7.0,-68.0
1777892018.0713325,-5.0,-4.0,-73.0
1777892018.0813324,-3.0,-8.0,-73.0
1777892018.0913324,-5.0,-6.0,-73.0
1777892018.1013324,-7.0,-6.0,-68.0
1777892018.1113324,-9.0,-5.0,-66.0
1777892018.1213324,-5.0,-4.0,-71.0
1777892018.1313324,-1.0,-6.0,-75.0
1777892018.1413324,2.0,-2.0,-76.0
1777892018.1513324,1.0,-3.0,-75.0
1777892018.1613324,2.0,-1.0,-73.0
1777892018.1713324,-2.0,-2.0,-74.0
1777892018.1813323,2.0,0.0,-73.0
1777892018.1913323,0.0,1.0,-68.0
1777892018.2013323,1.0,3.0,-63.0
1777892018.2113323,4.0,1.0,-65.0
1777892018.2213323,2.0,0.0,-65.0
1777892018.2313323,6.0,1.0,-64.0
1777892018.2413323,5.0,-1.0,-63.0
1777892018.2513323,4.0,-3.0,-65.0
1777892018.2613325,3.0,-3.0,-67.0
1777892018.2713325,4.0,-7.0,-75.0
1777892018.2813325,5.0,-9.0,-79.0
1777892018.2913325,11.0,-7.0,-81.0
1777892018.3013325,10.0,-6.0,-82.0
1777892018.3113325,5.0,-5.0,-80.0
1777892018.3213325,3.0,0.0,-79.0
1777892018.3313324,1.0,2.0,-79.0
1777892018.3413324,0.0,5.0,-79.0
1777892018.3513324,0.0,4.0,-83.0
1777892018.3613324,-2.0,3.0,-83.0
1777892018.3723323,-3.0,7.0,-78.0
1777892018.3823323,0.0,6.0,-75.0
1777892018.3923323,-1.0,8.0,-66.0
1777892018.4023323,-2.0,7.0,-67.0
1777892018.4123323,-6.0,8.0,-61.0
1777892018.4223323,-3.0,8.0,-60.0
1777892018.4323325,-2.0,8.0,-64.0
1777892018.4423325,0.0,3.0,-61.0
1777892018.4523325,1.0,2.0,-71.0
1777892018.4623325,5.0,3.0,-76.0
1777892018.4723325,5.0,5.0,-78.0
1777892018.4823325,4.0,5.0,-79.0
1777892018.4923325,0.0,2.0,-79.0
1777892018.5023324,0.0,1.0,-80.0
1777892018.5123324,-1.0,0.0,-72.0
1777892018.5223324,-4.0,-1.0,-66.0
1777892018.5323324,-4.0,-4.0,-60.0
1777892018.5423324,-5.0,-5.0,-61.0
1777892018.5523324,-1.0,-5.0,-66.0
1777892018.5623324,-4.0,-8.0,-70.0
1777892018.5723324,-6.0,-10.0,-68.0
1777892018.5823324,-4.0,-10.0,-73.0
1777892018.5923324,-4.0,-3.0,-74.0
1777892018.6023324,-3.0,-4.0,-73.0
1777892018.6123323,-4.0,0.0,-77.0
1777892018.6223323,-4.0,-2.0,-81.0
1777892018.6323323,-1.0,-2.0,-85.0
1777892018.6423323,1.0,-5.0,-82.0
1777892018.6523323,1.0,0.0,-81.0
1777892018.6623323,4.0,-2.0,-77.0
1777892018.6723323,6.0,-4.0,-76.0
1777892018.6823325,4.0,-1.0,-71.0
1777892018.6923325,1.0,-2.0,-69.0
1777892018.7023325,1.0,-1.0,-71.0
1777892018.7123325,3.0,1.0,-70.0
1777892018.7223325,6.0,0.0,-71.0
1777892018.7323325,7.0,-1.0,-73.0
1777892018.7423325,3.0,4.0,-66.0
1777892018.7523324,6.0,2.0,-72.0
1777892018.7623324,6.0,-3.0,-76.0
1777892018.7723324,3.0,-3.0,-78.0
1777892018.7823324,0.0,-2.0,-74.0
1777892018.7923324,-1.0,-1.0,-73.0
1777892018.8023324,-4.0,-1.0,-71.0
1777892018.8123324,-5.0,-1.0,-68.0
1777892018.8223324,-4.0,-2.0,-66.0
1777892018.8323324,-3.0,-4.0,-70.0
1777892018.8423324,-4.0,-6.0,-64.0
1777892018.8523324,1.0,-10.0,-60.0
1777892018.8623323,1.0,-11.0,-66.0
1777892018.8723323,0.0,-8.0,-72.0
1777892018.8823323,-1.0,-4.0,-77.0
1777892018.8923323,-5.0,-6.0,-83.0
1777892018.9023323,-6.0,-8.0,-84.0
1777892018.9123323,-3.0,-11.0,-84.0
1777892018.9223323,-4.0,-10.0,-84.0
1777892018.9323325,-2.0,-11.0,-84.0
1777892018.9423325,0.0,-4.0,-74.0
1777892018.9523325,1.0,-1.0,-66.0
1777892018.9623325,3.0,7.0,-67.0
1777892018.9723325,2.0,3.0,-71.0
1777892018.9823325,7.0,6.0,-68.0
1777892018.9923325,2.0,1.0,-68.0
1777892019.0023324,-1.0,1.0,-78.0
1777892019.0123324,-3.0,3.0,-76.0
1777892019.0223324,0.0,3.0,-78.0
1777892019.0323324,-1.0,2.0,-74.0
1777892019.0423324,1.0,2.0,-73.0
1777892019.0523324,4.0,3.0,-75.0
1777892019.0623324,5.0,2.0,-73.0
1777892019.0723324,5.0,1.0,-63.0
1777892019.0823324,3.0,0.0,-62.0
1777892019.0923324,4.0,0.0,-64.0
1777892019.1023324,4.0,1.0,-63.0
1777892019.1123323,6.0,2.0,-67.0
1777892019.1223323,3.0,0.0,-65.0
1777892019.1323323,2.0,-3.0,-75.0
1777892019.1423323,7.0,-3.0,-78.0
1777892019.1523323,6.0,-5.0,-76.0
1777892019.1623323,3.0,-3.0,-80.0
1777892019.1723323,3.0,-2.0,-88.0
1777892019.1823325,0.0,-6.0,-86.0
1777892019.1923325,0.0,-4.0,-79.0
1777892019.2023325,0.0,-3.0,-74.0
1777892019.2123325,0.0,-1.0,-70.0
1777892019.2223325,1.0,-2.0,-68.0
1777892019.2323325,-1.0,-3.0,-70.0
1777892019.2423325,1.0,-7.0,-70.0
1777892019.2523324,-1.0,-4.0,-70.0
1777892019.2623324,-1.0,-4.0,-64.0
1777892019.2723324,-3.0,0.0,-67.0
1777892019.2823324,0.0,0.0,-62.0
1777892019.2923324,0.0,0.0,-72.0
1777892019.3023324,3.0,2.0,-76.0
1777892019.3123324,-1.0,2.0,-85.0
1777892019.3223324,-3.0,2.0,-86.0
1777892019.3323324,-1.0,3.0,-83.0
1777892019.3423324,7.0,1.0,-80.0
1777892019.3523324,8.0,6.0,-78.0
1777892019.3623323,10.0,6.0,-80.0
1777892019.3723323,5.0,10.0,-77.0
1777892019.3823323,5.0,7.0,-72.0
1777892019.3923323,5.0,4.0,-71.0
1777892019.4023323,6.0,5.0,-77.0
1777892019.4123323,3.0,5.0,-84.0
1777892019.4223323,0.0,1.0,-86.0
1777892019.4323325,0.0,3.0,-85.0
1777892019.4423325,-1.0,5.0,-83.0
1777892019.4523325,-5.0,4.0,-79.0
1777892019.4623325,0.0,1.0,-76.0
1777892019.4723325,-1.0,-4.0,-72.0
1777892019.4823325,-4.0,-3.0,-73.0
1777892019.4923325,-6.0,-6.0,-68.0
1777892019.5023324,-1.0,-4.0,-67.0
1777892019.5123324,-3.0,0.0,-66.0
1777892019.5223324,-3.0,1.0,-72.0
1777892019.5323324,-4.0,-2.0,-68.0
1777892019.5423324,2.0,-3.0,-70.0
1777892019.5523324,1.0,0.0,-67.0
1777892019.5623324,2.0,-4.0,-70.0
1777892019.5723324,0.0,-7.0,-72.0
1777892019.5823324,5.0,-7.0,-75.0
1777892019.5923324,1.0,-4.0,-77.0
1777892019.6023324,3.0,0.0,-80.0
1777892019.6123323,1.0,-4.0,-81.0
1777892019.6223323,2.0,-4.0,-89.0
1777892019.6323323,1.0,-3.0,-88.0
1777892019.6423323,0.0,-1.0,-86.0
1777892019.6523323,0.0,-4.0,-83.0
1777892019.6623323,2.0,0.0,-82.0
1777892019.6723323,3.0,0.0,-75.0
1777892019.6823325,5.0,-3.0,-71.0
1777892019.6923325,5.0,-2.0,-76.0
1777892019.7033324,8.0,-2.0,-79.0
1777892019.7123325,12.0,-2.0,-80.0
1777892019.7223325,7.0,2.0,-78.0
1777892019.7323325,3.0,2.0,-74.0
1777892019.7423325,-2.0,0.0,-72.0
1777892019.7523324,-3.0,-4.0,-74.0
1777892019.7623324,0.0,-4.0,-74.0
1777892019.7723324,2.0,-3.0,-69.0
1777892019.7823324,3.0,-1.0,-71.0
1777892019.7923324,1.0,0.0,-72.0
1777892019.8023324,0.0,-2.0,-72.0
1777892019.8123324,0.0,-3.0,-72.0
1777892019.8223324,-5.0,-5.0,-75.0
1777892019.8323324,-6.0,-4.0,-75.0
1777892019.8423324,-5.0,-6.0,-77.0
1777892019.8523324,-3.0,-7.0,-77.0
1777892019.8623323,-3.0,-5.0,-77.0
1777892019.8723323,-2.0,-5.0,-76.0
1777892019.8823323,-4.0,-1.0,-75.0
1777892019.8923323,-1.0,-5.0,-84.0
1777892019.9023323,1.0,-6.0,-88.0
1777892019.9123323,0.0,-5.0,-88.0
1777892019.9223323,3.0,-5.0,-84.0
1777892019.9323325,3.0,-6.0,-80.0
1777892019.9423325,5.0,-3.0,-73.0
1777892019.9523325,7.0,-4.0,-64.0
1777892019.9623325,4.0,-1.0,-69.0
1777892019.9723325,3.0,0.0,-76.0
1777892019.9823325,4.0,-4.0,-76.0
1777892019.9923325,-1.0,-1.0,-69.0
1777892020.0023324,0.0,0.0,-69.0
1777892020.0123324,-1.0,0.0,-67.0
1777892020.0223324,-3.0,1.0,-66.0
1777892020.0323324,0.0,3.0,-65.0
1777892020.0423324,4.0,4.0,-66.0
1777892020.0523324,1.0,0.0,-66.0
1777892020.0623324,-1.0,2.0,-66.0
1777892020.0723324,0.0,1.0,-66.0
1777892020.0823324,1.0,1.0,-68.0
1777892020.0923324,-2.0,0.0,-69.0
1777892020.1023324,-2.0,1.0,-73.0
1777892020.1123323,-2.0,0.0,-77.0
1777892020.1223323,1.0,3.0,-82.0
1777892020.1323323,4.0,0.0,-81.0
1777892020.1423323,2.0,0.0,-78.0
1777892020.1523323,0.0,4.0,-82.0
1777892020.1623323,0.0,3.0,-83.0
1777892020.1723323,-2.0,4.0,-81.0
1777892020.1823325,-3.0,0.0,-76.0
1777892020.1923325,-3.0,-3.0,-75.0
1777892020.2023325,-5.0,-4.0,-72.0
1777892020.2123325,0.0,-3.0,-74.0
1777892020.2223325,0.0,-7.0,-72.0
1777892020.2323325,-1.0,-5.0,-72.0
1777892020.2423325,0.0,-6.0,-74.0
1777892020.2523324,5.0,-2.0,-71.0
1777892020.2623324,7.0,-1.0,-70.0
1777892020.2723324,9.0,-3.0,-66.0
1777892020.2823324,2.0,-4.0,-69.0
1777892020.2923324,4.0,-4.0,-70.0
1777892020.3023324,1.0,-7.0,-72.0
1777892020.3123324,-1.0,-7.0,-73.0
1777892020.3223324,0.0,-3.0,-75.0
1777892020.3323324,1.0,-3.0,-80.0
1777892020.3423324,0.0,1.0,-69.0
1777892020.3533323,-2.0,4.0,-71.0
1777892020.3633325,-5.0,4.0,-66.0
1777892020.3733325,-5.0,2.0,-70.0
1777892020.3833325,-4.0,0.0,-66.0
1777892020.3933325,-1.0,-3.0,-69.0
1777892020.4033325,0.0,0.0,-66.0
1777892020.4133325,-2.0,-3.0,-66.0
1777892020.4233325,1.0,-4.0,-66.0
1777892020.4333324,0.0,-3.0,-68.0
1777892020.4433324,1.0,-3.0,-71.0
1777892020.4533324,4.0,0.0,-75.0
1777892020.4633324,0.0,3.0,-79.0
1777892020.4733324,0.0,4.0,-78.0
1777892020.4833324,-2.0,1.0,-78.0
1777892020.4933324,-1.0,0.0,-82.0
1777892020.5033324,2.0,1.0,-84.0
1777892020.5133324,-2.0,0.0,-81.0
1777892020.5233324,-5.0,0.0,-78.0
1777892020.5333323,-4.0,-3.0,-81.0
1777892020.5433323,-4.0,-4.0,-85.0
1777892020.5533323,-3.0,-1.0,-83.0
1777892020.5633323,-4.0,2.0,-79.0
1777892020.5733323,-4.0,3.0,-78.0
1777892020.5833323,-2.0,0.0,-72.0
1777892020.5933323,-3.0,2.0,-66.0
1777892020.6033323,-5.0,6.0,-68.0
1777892020.6133325,-3.0,3.0,-67.0
1777892020.6233325,1.0,2.0,-66.0
1777892020.6333325,4.0,4.0,-72.0
1777892020.6433325,3.0,3.0,-76.0
1777892020.6533325,5.0,3.0,-73.0
1777892020.6633325,5.0,-2.0,-66.0
1777892020.6733325,1.0,-6.0,-66.0
1777892020.6833324,7.0,-8.0,-63.0
1777892020.6933324,12.0,-4.0,-61.0
1777892020.7033324,13.0,-4.0,-64.0
1777892020.7133324,9.0,-1.0,-63.0
1777892020.7233324,8.0,-2.0,-67.0
1777892020.7333324,6.0,-6.0,-66.0
1777892020.7433324,4.0,-7.0,-65.0
1777892020.7533324,3.0,-5.0,-70.0
1777892020.7633324,2.0,-5.0,-67.0
1777892020.7733324,3.0,-3.0,-64.0
1777892020.7833323,-1.0,0.0,-64.0
1777892020.7933323,-5.0,1.0,-65.0
1777892020.8033323,-6.0,2.0,-60.0
1777892020.8133323,-6.0,0.0,-61.0
1777892020.8233323,-1.0,-2.0,-61.0
1777892020.8333323,0.0,0.0,-61.0
1777892020.8433323,0.0,-3.0,-65.0
1777892020.8533323,-2.0,-5.0,-69.0
1777892020.8633325,-5.0,-6.0,-63.0
1777892020.8733325,-2.0,-2.0,-64.0
1777892020.8833325,0.0,-6.0,-66.0
1777892020.8933325,3.0,-6.0,-71.0
1777892020.9033325,3.0,-2.0,-72.0
1777892020.9133325,0.0,-1.0,-65.0
1777892020.9233325,0.0,-4.0,-68.0
1777892020.9333324,-2.0,-6.0,-68.0
1777892020.9433324,6.0,-4.0,-69.0
1777892020.9533324,1.0,-4.0,-66.0
1777892020.9633324,-2.0,-4.0,-69.0
1777892020.9733324,-2.0,-4.0,-68.0
1777892020.9833324,-4.0,-5.0,-71.0
1777892020.9933324,0.0,-4.0,-73.0
1777892021.0033324,-1.0,-2.0,-77.0
1777892021.0133324,-2.0,2.0,-78.0
1777892021.0233324,0.0,0.0,-74.0
1777892021.0333323,0.0,0.0,-77.0
1777892021.0433323,-1.0,-1.0,-78.0
1777892021.0533323,-4.0,-4.0,-82.0
1777892021.0633323,-4.0,-3.0,-80.0
1777892021.0733323,-3.0,-2.0,-71.0
1777892021.0833323,-1.0,-2.0,-64.0
1777892021.0933323,-2.0,-4.0,-70.0
1777892021.1033323,-3.0,-3.0,-76.0
1777892021.1133325,-4.0,-1.0,-75.0
1777892021.1233325,-2.0,-2.0,-73.0
1777892021.1333325,4.0,-3.0,-73.0
1777892021.1433325,6.0,1.0,-76.0
1777892021.1533325,5.0,0.0,-79.0
1777892021.1633325,2.0,0.0,-74.0
1777892021.1733325,-2.0,-4.0,-69.0
1777892021.1833324,-4.0,-3.0,-67.0
1777892021.1933324,0.0,-3.0,-72.0
1777892021.2033324,0.0,0.0,-69.0
1777892021.2133324,7.0,0.0,-68.0
1777892021.2233324,9.0,0.0,-65.0
1777892021.2333324,6.0,0.0,-65.0
1777892021.2433324,4.0,-1.0,-64.0
1777892021.2533324,0.0,-2.0,-69.0
1777892021.2633324,-4.0,-2.0,-61.0
1777892021.2733324,-5.0,0.0,-64.0
1777892021.2833323,-8.0,-3.0,-67.0
1777892021.2933323,-2.0,-3.0,-70.0
1777892021.3033323,-2.0,1.0,-68.0
1777892021.3133323,-2.0,-4.0,-73.0
1777892021.3233323,-7.0,-6.0,-73.0
1777892021.3333323,-8.0,-8.0,-82.0
1777892021.3433323,-1.0,-3.0,-81.0
1777892021.3533323,1.0,-3.0,-75.0
1777892021.3633325,6.0,-4.0,-72.0
1777892021.3733325,8.0,-3.0,-71.0
1777892021.3833325,8.0,-3.0,-69.0
1777892021.3933325,6.0,-4.0,-69.0
1777892021.4033325,1.0,-5.0,-72.0
1777892021.4133325,0.0,-6.0,-68.0
1777892021.4233325,2.0,-7.0,-61.0
1777892021.4333324,-1.0,-6.0,-64.0
1777892021.4433324,0.0,-2.0,-69.0
1777892021.4533324,-2.0,-2.0,-69.0
1777892021.4633324,-1.0,-1.0,-67.0
1777892021.4733324,1.0,-2.0,-62.0
1777892021.4833324,-1.0,-6.0,-61.0
1777892021.4933324,-5.0,-9.0,-62.0
1777892021.5033324,-8.0,-7.0,-62.0
1777892021.5133324,-8.0,-6.0,-64.0
1777892021.5233324,-7.0,-6.0,-65.0
1777892021.5333323,-3.0,-5.0,-66.0
1777892021.5433323,-4.0,-3.0,-66.0
1777892021.5533323,-5.0,-1.0,-66.0
1777892021.5633323,-1.0,0.0,-64.0
1777892021.5733323,1.0,2.0,-69.0
1777892021.5833323,7.0,-1.0,-66.0
1777892021.5933323,7.0,0.0,-62.0
1777892021.6033323,0.0,2.0,-64.0
1777892021.6133325,0.0,2.0,-71.0
1777892021.6233325,2.0,0.0,-63.0
1777892021.6333325,-3.0,3.0,-63.0
1777892021.6433325,-5.0,5.0,-64.0
1777892021.6533325,-8.0,7.0,-68.0
1777892021.6633325,1.0,3.0,-70.0
1777892021.6733325,5.0,3.0,-66.0
1777892021.6833324,7.0,1.0,-61.0
1777892021.6933324,6.0,0.0,-68.0
1777892021.7033324,8.0,-2.0,-67.0
1777892021.7133324,9.0,0.0,-67.0
1777892021.7233324,6.0,-5.0,-69.0
1777892021.7333324,-1.0,-3.0,-77.0
1777892021.7433324,0.0,-3.0,-80.0
1777892021.7533324,0.0,-5.0,-75.0
1777892021.7633324,-3.0,-6.0,-74.0
1777892021.7733324,-1.0,-5.0,-73.0
1777892021.7833323,-3.0,-11.0,-69.0
1777892021.7933323,0.0,-7.0,-69.0
1777892021.8033323,1.0,-8.0,-71.0
1777892021.8133323,4.0,-4.0,-76.0
1777892021.8233323,1.0,-1.0,-76.0
1777892021.8333323,3.0,0.0,-75.0
1777892021.8433323,1.0,1.0,-79.0
1777892021.8533323,0.0,0.0,-80.0
1777892021.8633325,-7.0,4.0,-77.0
1777892021.8733325,-4.0,1.0,-72.0
1777892021.8833325,0.0,0.0,-65.0
1777892021.8933325,2.0,0.0,-56.0
1777892021.9033325,7.0,1.0,-55.0
1777892021.9133325,9.0,1.0,-58.0
1777892021.9233325,8.0,-3.0,-61.0
1777892021.9333324,7.0,-1.0,-64.0
1777892021.9433324,4.0,0.0,-63.0
1777892021.9533324,4.0,4.0,-64.0
1777892021.9633324,1.0,2.0,-66.0
1777892021.9733324,1.0,-1.0,-68.0
1777892021.9833324,2.0,-6.0,-77.0
1777892021.9933324,-1.0,-5.0,-74.0
1777892022.0033324,-2.0,-4.0,-73.0
1777892022.0133324,-5.0,-1.0,-68.0
1777892022.0233324,-2.0,-3.0,-63.0
1777892022.0333323,-1.0,-5.0,-58.0
1777892022.0433323,0.0,-3.0,-59.0
1777892022.0533323,0.0,-4.0,-58.0
1777892022.0633323,2.0,-2.0,-66.0
1777892022.0733323,0.0,0.0,-69.0
1777892022.0833323,0.0,-2.0,-75.0
1777892022.0933323,0.0,0.0,-73.0
1777892022.1033323,-1.0,-1.0,-73.0
1777892022.1133325,-4.0,-1.0,-74.0
1777892022.1233325,0.0,-1.0,-79.0
1777892022.1333325,1.0,-2.0,-80.0
1777892022.1433325,3.0,-1.0,-87.0
1777892022.1533325,2.0,-3.0,-80.0
1777892022.1633325,-2.0,-7.0,-77.0
1777892022.1733325,-1.0,-1.0,-76.0
1777892022.1833324,0.0,3.0,-69.0
1777892022.1933324,3.0,2.0,-66.0
1777892022.2033324,6.0,4.0,-68.0
1777892022.2133324,9.0,3.0,-70.0
1777892022.2233324,6.0,2.0,-67.0
1777892022.2333324,5.0,2.0,-69.0
1777892022.2433324,6.0,1.0,-66.0
1777892022.2533324,5.0,4.0,-63.0
1777892022.2633324,6.0,7.0,-60.0
1777892022.2733324,7.0,6.0,-55.0
1777892022.2833323,4.0,1.0,-66.0
1777892022.2933323,2.0,5.0,-67.0
1777892022.3033323,6.0,4.0,-63.0
1777892022.3133323,5.0,3.0,-67.0
1777892022.3233323,4.0,2.0,-70.0
1777892022.3343325,1.0,0.0,-71.0
1777892022.3433323,1.0,-3.0,-74.0
1777892022.3543324,2.0,-2.0,-78.0
1777892022.3643324,2.0,1.0,-84.0
1777892022.3743324,-1.0,0.0,-78.0
1777892022.3843324,0.0,2.0,-78.0
1777892022.3943324,0.0,1.0,-78.0
1777892022.4043324,1.0,0.0,-69.0
1777892022.4143324,-1.0,-1.0,-66.0
1777892022.4243324,0.0,-1.0,-69.0
1777892022.4343324,2.0,-1.0,-64.0
1777892022.4443324,4.0,-3.0,-59.0
1777892022.4543324,-1.0,0.0,-66.0
1777892022.4643323,-2.0,1.0,-72.0
1777892022.4743323,-2.0,3.0,-70.0
1777892022.4843323,-8.0,3.0,-68.0
1777892022.4943323,-9.0,0.0,-80.0
1777892022.5043323,-5.0,2.0,-83.0
1777892022.5143323,-3.0,4.0,-82.0
1777892022.5243323,-3.0,2.0,-84.0
1777892022.5343325,1.0,-5.0,-80.0
1777892022.5443325,-3.0,-4.0,-77.0
1777892022.5543325,-1.0,0.0,-74.0
1777892022.5643325,-1.0,0.0,-75.0
1777892022.5743325,2.0,1.0,-78.0
1777892022.5843325,6.0,-1.0,-80.0
1777892022.5943325,6.0,-1.0,-77.0
1777892022.6043324,1.0,0.0,-70.0
1777892022.6143324,0.0,0.0,-70.0
1777892022.6243324,-1.0,1.0,-66.0
1777892022.6343324,0.0,1.0,-70.0
1777892022.6443324,2.0,0.0,-73.0
1777892022.6543324,0.0,-1.0,-73.0
1777892022.6643324,0.0,-3.0,-72.0
1777892022.6743324,0.0,-1.0,-80.0
1777892022.6843324,0.0,0.0,-74.0
1777892022.6943324,0.0,-2.0,-75.0
1777892022.7043324,0.0,0.0,-65.0
1777892022.7143323,3.0,4.0,-63.0
1777892022.7243323,4.0,5.0,-67.0
1777892022.7343323,2.0,5.0,-68.0
1777892022.7443323,1.0,7.0,-60.0
1777892022.7543323,3.0,6.0,-59.0
1777892022.7643323,-1.0,5.0,-59.0
1777892022.7743323,1.0,1.0,-61.0
1777892022.7843325,4.0,-3.0,-64.0
1777892022.7943325,6.0,1.0,-71.0
1777892022.8043325,4.0,0.0,-73.0
1777892022.8143325,0.0,0.0,-72.0
1777892022.8243325,3.0,-1.0,-74.0
1777892022.8343325,3.0,0.0,-68.0
1777892022.8443325,0.0,-1.0,-70.0
1777892022.8543324,1.0,-1.0,-70.0
1777892022.8643324,3.0,-2.0,-69.0
1777892022.8743324,5.0,0.0,-64.0
1777892022.8843324,9.0,1.0,-68.0
1777892022.8943324,9.0,-2.0,-68.0
1777892022.9043324,6.0,0.0,-67.0
1777892022.9143324,2.0,-2.0,-66.0
1777892022.9243324,1.0,-2.0,-57.0
1777892022.9343324,-3.0,0.0,-63.0
1777892022.9443324,-4.0,-3.0,-68.0
1777892022.9543324,-2.0,-6.0,-75.0
1777892022.9643323,-3.0,-8.0,-73.0
1777892022.9743323,-3.0,-5.0,-72.0
1777892022.9843323,-1.0,-4.0,-71.0
1777892022.9943323,1.0,-4.0,-72.0
1777892023.0043323,0.0,-5.0,-76.0
1777892023.0143323,0.0,-3.0,-77.0
1777892023.0243323,5.0,-3.0,-76.0
1777892023.0343325,5.0,-1.0,-72.0
1777892023.0443325,4.0,-5.0,-75.0
1777892023.0543325,1.0,-5.0,-72.0
1777892023.0643325,0.0,-5.0,-76.0
1777892023.0743325,0.0,-5.0,-69.0
1777892023.0843325,0.0,-4.0,-67.0
1777892023.0943325,2.0,-4.0,-64.0
1777892023.1043324,1.0,-4.0,-67.0
1777892023.1143324,-1.0,-5.0,-74.0
1777892023.1243324,-1.0,-7.0,-72.0
1777892023.1343324,-3.0,-7.0,-74.0
1777892023.1443324,1.0,-3.0,-73.0
1777892023.1543324,3.0,-2.0,-77.0
1777892023.1643324,7.0,-3.0,-71.0
1777892023.1743324,3.0,0.0,-70.0
1777892023.1843324,6.0,2.0,-67.0
1777892023.1943324,4.0,2.0,-71.0
1777892023.2043324,2.0,3.0,-71.0
1777892023.2143323,0.0,0.0,-74.0
1777892023.2243323,0.0,1.0,-72.0
1777892023.2343323,3.0,-1.0,-72.0
1777892023.2443323,1.0,-4.0,-66.0
1777892023.2543323,2.0,-4.0,-68.0
1777892023.2643323,6.0,-7.0,-71.0
1777892023.2743323,6.0,-5.0,-70.0
1777892023.2843325,4.0,-5.0,-77.0
1777892023.2943325,0.0,-5.0,-76.0
1777892023.3043325,0.0,-3.0,-73.0
1777892023.3143325,-2.0,-6.0,-72.0
1777892023.3243325,0.0,-6.0,-72.0
1777892023.3343325,0.0,-1.0,-74.0
1777892023.3443325,-2.0,0.0,-72.0
1777892023.3543324,-6.0,3.0,-65.0
1777892023.3643324,-7.0,0.0,-68.0
1777892023.3743324,-1.0,-1.0,-72.0
1777892023.3843324,5.0,-1.0,-67.0
1777892023.3943324,0.0,-1.0,-60.0
1777892023.4043324,2.0,-2.0,-63.0
1777892023.4143324,-1.0,-3.0,-67.0
1777892023.4243324,0.0,-1.0,-67.0
1777892023.4343324,-1.0,0.0,-67.0
1777892023.4443324,-3.0,1.0,-68.0
1777892023.4543324,-1.0,2.0,-72.0
1777892023.4643323,-2.0,2.0,-73.0
1777892023.4743323,0.0,3.0,-73.0
1777892023.4843323,-1.0,1.0,-67.0
1777892023.4943323,-2.0,0.0,-71.0
1777892023.5043323,-2.0,0.0,-66.0
1777892023.5143323,-7.0,1.0,-67.0
1777892023.5243323,-4.0,0.0,-77.0
1777892023.5343325,0.0,3.0,-77.0
1777892023.5443325,0.0,6.0,-74.0
1777892023.5543325,2.0,6.0,-70.0
1777892023.5643325,3.0,5.0,-64.0
1777892023.5743325,5.0,6.0,-66.0
1777892023.5843325,1.0,8.0,-66.0
1777892023.5943325,0.0,3.0,-70.0
1777892023.6043324,1.0,0.0,-71.0
1777892023.6143324,-1.0,-6.0,-71.0
1777892023.6243324,-6.0,-6.0,-75.0
1777892023.6343324,-4.0,-7.0,-76.0
1777892023.6443324,0.0,-6.0,-69.0
1777892023.6543324,-2.0,-5.0,-72.0
1777892023.6643324,0.0,-2.0,-79.0
1777892023.6743324,0.0,-1.0,-83.0
1777892023.6843324,0.0,-1.0,-75.0
1777892023.6943324,-2.0,0.0,-67.0
1777892023.7043324,2.0,1.0,-73.0
1777892023.7143323,1.0,-2.0,-78.0
1777892023.7243323,1.0,-2.0,-75.0
1777892023.7343323,0.0,2.0,-75.0
1777892023.7443323,-1.0,3.0,-73.0
1777892023.7543323,-1.0,5.0,-72.0
1777892023.7643323,1.0,0.0,-72.0
1777892023.7743323,0.0,3.0,-68.0
1777892023.7843325,1.0,3.0,-68.0
1777892023.7943325,-2.0,1.0,-67.0
1777892023.8043325,-3.0,1.0,-67.0
1777892023.8143325,-1.0,0.0,-66.0
1777892023.8243325,0.0,-1.0,-68.0
1777892023.8343325,2.0,0.0,-61.0
1777892023.8443325,2.0,2.0,-59.0
1777892023.8543324,0.0,0.0,-64.0
1777892023.8643324,-4.0,0.0,-64.0
1777892023.8743324,-1.0,-2.0,-67.0
1777892023.8843324,2.0,-2.0,-66.0
1777892023.8943324,2.0,-1.0,-69.0
1777892023.9043324,-1.0,-2.0,-71.0
1777892023.9143324,-3.0,-5.0,-72.0
1777892023.9243324,-6.0,-7.0,-72.0
1777892023.9343324,-3.0,-6.0,-75.0
1777892023.9443324,-3.0,-7.0,-75.0
1777892023.9543324,-5.0,-3.0,-77.0
1777892023.9643323,-6.0,-2.0,-72.0
1777892023.9743323,-3.0,-1.0,-67.0
1777892023.9843323,0.0,0.0,-68.0
1777892023.9943323,1.0,1.0,-75.0
1777892024.0043323,1.0,-2.0,-78.0
1777892024.0143323,0.0,-3.0,-81.0
1777892024.0243323,3.0,-2.0,-87.0
1777892024.0343325,6.0,0.0,-85.0
1777892024.0443325,3.0,-1.0,-86.0
1777892024.0543325,2.0,0.0,-80.0
1777892024.0643325,1.0,1.0,-79.0
1777892024.0743325,-4.0,1.0,-77.0
1777892024.0843325,0.0,-2.0,-78.0
1777892024.0943325,-3.0,-3.0,-82.0
1777892024.1043324,-3.0,-2.0,-76.0
1777892024.1143324,0.0,0.0,-75.0
1777892024.1243324,2.0,0.0,-78.0
1777892024.1343324,4.0,0.0,-82.0
1777892024.1443324,5.0,0.0,-82.0
1777892024.1543324,6.0,0.0,-79.0
1777892024.1643324,7.0,-4.0,-83.0
1777892024.1743324,3.0,-3.0,-79.0
1777892024.1843324,4.0,-3.0,-78.0
1777892024.1943324,3.0,-4.0,-76.0
1777892024.2043324,0.0,-1.0,-79.0
1777892024.2143323,1.0,2.0,-77.0
1777892024.2243323,3.0,5.0,-71.0
1777892024.2343323,1.0,3.0,-70.0
1777892024.2443323,2.0,3.0,-68.0
1777892024.2543323,5.0,0.0,-63.0
1777892024.2643323,4.0,1.0,-64.0
1777892024.2743323,4.0,-2.0,-63.0
1777892024.2843325,4.0,-4.0,-67.0
1777892024.2943325,-1.0,-2.0,-69.0
1777892024.3043325,-2.0,0.0,-64.0
1777892024.3153324,-4.0,0.0,-67.0
1777892024.3253324,-1.0,-3.0,-68.0
1777892024.3353324,-3.0,1.0,-70.0
1777892024.3453324,-5.0,2.0,-70.0
1777892024.3553324,-3.0,5.0,-78.0
1777892024.3653324,-2.0,2.0,-79.0
1777892024.3753324,-2.0,3.0,-76.0
1777892024.3853323,0.0,-3.0,-78.0
1777892024.3953323,-4.0,-1.0,-75.0
1777892024.4053323,-2.0,-2.0,-75.0
1777892024.4153323,-4.0,-4.0,-76.0
1777892024.4253323,-6.0,-2.0,-76.0
1777892024.4353323,-9.0,0.0,-77.0
1777892024.4453323,-10.0,0.0,-77.0
1777892024.4553325,-14.0,-1.0,-71.0
1777892024.4653325,-11.0,-3.0,-71.0
1777892024.4753325,-6.0,0.0,-72.0
1777892024.4853325,-7.0,1.0,-72.0
1777892024.4953325,-2.0,0.0,-77.0
1777892024.5053325,-2.0,-5.0,-75.0
1777892024.5163324,-1.0,-1.0,-65.0
1777892024.5253325,3.0,-2.0,-66.0
1777892024.5353324,2.0,-3.0,-68.0
1777892024.5453324,5.0,-2.0,-74.0
1777892024.5553324,4.0,-1.0,-73.0
1777892024.5653324,6.0,-2.0,-71.0
1777892024.5753324,7.0,-1.0,-70.0
1777892024.5853324,8.0,-1.0,-67.0
1777892024.5953324,2.0,-1.0,-68.0
1777892024.6053324,-2.0,0.0,-75.0
1777892024.6153324,0.0,2.0,-78.0
1777892024.6253324,-3.0,3.0,-80.0
1777892024.6353323,-2.0,5.0,-92.0
1777892024.6453323,2.0,7.0,-83.0
1777892024.6553323,1.0,5.0,-81.0
1777892024.6653323,2.0,3.0,-80.0
1777892024.6753323,0.0,0.0,-79.0
1777892024.6853323,3.0,-3.0,-79.0
1777892024.6953323,0.0,-4.0,-75.0
1777892024.7053325,1.0,-4.0,-71.0
1777892024.7153325,0.0,-2.0,-70.0
1777892024.7253325,-2.0,0.0,-68.0
1777892024.7353325,0.0,-1.0,-71.0
1777892024.7453325,-2.0,0.0,-76.0
1777892024.7553325,0.0,3.0,-79.0
1777892024.7653325,-2.0,2.0,-81.0
1777892024.7753325,0.0,3.0,-79.0
1777892024.7853324,0.0,4.0,-78.0
1777892024.7953324,0.0,0.0,-74.0
1777892024.8053324,-2.0,-2.0,-72.0
1777892024.8153324,-2.0,-3.0,-77.0
1777892024.8253324,-2.0,-1.0,-69.0
1777892024.8353324,-2.0,-2.0,-58.0
1777892024.8453324,-3.0,3.0,-57.0
1777892024.8553324,-2.0,-3.0,-65.0
1777892024.8653324,-2.0,-3.0,-73.0
1777892024.8753324,-6.0,-5.0,-77.0
1777892024.8853323,-2.0,-5.0,-73.0
1777892024.8953323,-1.0,-2.0,-68.0
1777892024.9053323,-4.0,-5.0,-66.0
1777892024.9153323,-3.0,-1.0,-66.0
1777892024.9253323,-3.0,0.0,-64.0
1777892024.9353323,-4.0,0.0,-60.0
1777892024.9453323,0.0,1.0,-59.0
1777892024.9553325,1.0,4.0,-55.0
1777892024.9653325,2.0,3.0,-60.0
1777892024.9753325,4.0,3.0,-69.0
1777892024.9853325,5.0,3.0,-72.0
1777892024.9953325,5.0,4.0,-75.0
1777892025.0053325,0.0,3.0,-81.0
1777892025.0153325,2.0,2.0,-78.0
1777892025.0253325,0.0,3.0,-73.0
1777892025.0353324,0.0,3.0,-77.0
1777892025.0453324,-5.0,0.0,-76.0
1777892025.0553324,-3.0,-2.0,-77.0
1777892025.0653324,0.0,0.0,-69.0
1777892025.0753324,2.0,0.0,-65.0
1777892025.0853324,3.0,0.0,-60.0
1777892025.0953324,3.0,3.0,-63.0
1777892025.1053324,6.0,6.0,-61.0
1777892025.1153324,8.0,6.0,-65.0
1777892025.1253324,9.0,5.0,-72.0
1777892025.1353323,5.0,5.0,-72.0
1777892025.1453323,5.0,7.0,-73.0
1777892025.1553323,6.0,8.0,-71.0
1777892025.1653323,6.0,4.0,-72.0
1777892025.1753323,9.0,5.0,-74.0
1777892025.1853323,5.0,5.0,-79.0
1777892025.1953323,6.0,4.0,-80.0
1777892025.2053325,4.0,6.0,-76.0
1777892025.2153325,6.0,7.0,-79.0
1777892025.2253325,4.0,5.0,-71.0
1777892025.2353325,2.0,11.0,-74.0
1777892025.2453325,2.0,9.0,-73.0
1777892025.2553325,0.0,6.0,-77.0
1777892025.2653325,0.0,8.0,-78.0
1777892025.2753325,-1.0,8.0,-77.0
1777892025.2853324,-1.0,8.0,-73.0
1777892025.2953324,-4.0,6.0,-75.0
1777892025.3053324,0.0,5.0,-77.0
1777892025.3153324,-2.0,3.0,-79.0
1777892025.3253324,-2.0,1.0,-75.0
1777892025.3353324,-3.0,2.0,-71.0
1777892025.3453324,-3.0,0.0,-68.0
1777892025.3553324,-1.0,-1.0,-73.0
1777892025.3653324,0.0,-1.0,-68.0
1777892025.3753324,1.0,-5.0,-70.0
1777892025.3853323,0.0,-6.0,-66.0
1777892025.3953323,0.0,-4.0,-67.0
1777892025.4053323,-2.0,-5.0,-71.0
1777892025.4153323,-3.0,-2.0,-75.0
1777892025.4253323,-5.0,-2.0,-78.0
1777892025.4353323,-3.0,0.0,-77.0
1777892025.4453323,0.0,-2.0,-70.0
1777892025.4553325,-1.0,-4.0,-70.0
1777892025.4653325,0.0,-3.0,-70.0
1777892025.4753325,4.0,-3.0,-65.0
1777892025.4853325,1.0,0.0,-68.0
1777892025.4953325,0.0,1.0,-74.0
1777892025.5053325,-1.0,1.0,-71.0
1777892025.5153325,-5.0,0.0,-77.0
1777892025.5253325,-6.0,0.0,-80.0
1777892025.5353324,-6.0,0.0,-83.0
1777892025.5453324,-6.0,1.0,-88.0
1777892025.5553324,-3.0,-2.0,-87.0
1777892025.5653324,-8.0,-2.0,-84.0
1777892025.5753324,-6.0,-5.0,-86.0
1777892025.5853324,-2.0,-5.0,-83.0
1777892025.5953324,-3.0,-3.0,-88.0
1777892025.6053324,-4.0,0.0,-88.0
1777892025.6153324,-3.0,-3.0,-79.0
1777892025.6253324,-4.0,-3.0,-80.0
1777892025.6353323,-4.0,-3.0,-77.0
1777892025.6453323,0.0,-3.0,-73.0
1777892025.6553323,1.0,-2.0,-85.0
1777892025.6653323,0.0,-2.0,-84.0
1777892025.6753323,-2.0,-6.0,-79.0
1777892025.6853323,-1.0,-6.0,-75.0
1777892025.6953323,0.0,-10.0,-72.0
1777892025.7053325,-2.0,-9.0,-69.0
1777892025.7153325,-6.0,-8.0,-76.0
1777892025.7253325,1.0,-6.0,-79.0
1777892025.7353325,1.0,-5.0,-78.0
1777892025.7453325,0.0,1.0,-80.0
1777892025.7553325,3.0,1.0,-77.0
1777892025.7653325,3.0,0.0,-75.0
1777892025.7753325,-4.0,-1.0,-79.0
1777892025.7853324,-4.0,-1.0,-80.0
1777892025.7953324,0.0,-1.0,-77.0
1777892025.8053324,1.0,-3.0,-73.0
1777892025.8153324,1.0,0.0,-70.0
1777892025.8253324,3.0,0.0,-70.0
1777892025.8353324,1.0,3.0,-69.0
1777892025.8453324,0.0,1.0,-68.0
1777892025.8553324,0.0,2.0,-66.0
1777892025.8653324,-3.0,5.0,-64.0
1777892025.8753324,0.0,4.0,-71.0
1777892025.8853323,-1.0,6.0,-71.0
1777892025.8953323,0.0,4.0,-73.0
1777892025.9053323,1.0,4.0,-73.0
1777892025.9153323,-2.0,1.0,-77.0
1777892025.9253323,3.0,0.0,-74.0
1777892025.9353323,3.0,-2.0,-73.0
1777892025.9453323,0.0,0.0,-70.0
1777892025.9553325,2.0,3.0,-72.0
1777892025.9653325,3.0,8.0,-73.0
1777892025.9753325,0.0,5.0,-77.0
1777892025.9853325,0.0,1.0,-77.0
1777892025.9953325,-2.0,5.0,-74.0
1777892026.0053325,1.0,3.0,-71.0
1777892026.0153325,5.0,3.0,-67.0
1777892026.0253325,10.0,0.0,-69.0
1777892026.0353324,4.0,2.0,-64.0
1777892026.0453324,3.0,0.0,-62.0
1777892026.0553324,1.0,0.0,-69.0
1777892026.0653324,1.0,2.0,-68.0
1777892026.0753324,-3.0,1.0,-66.0
1777892026.0853324,-6.0,0.0,-67.0
1777892026.0953324,-11.0,2.0,-68.0
1777892026.1053324,-7.0,2.0,-68.0
1777892026.1153324,-4.0,-2.0,-75.0
1777892026.1253324,-2.0,0.0,-73.0
1777892026.1353323,1.0,-3.0,-74.0
1777892026.1453323,-1.0,-1.0,-73.0
1777892026.1553323,0.0,-2.0,-76.0
1777892026.1653323,0.0,-3.0,-79.0
1777892026.1753323,0.0,0.0,-80.0
1777892026.1853323,-1.0,1.0,-82.0
1777892026.1953323,-2.0,-2.0,-81.0
1777892026.2053325,0.0,-3.0,-75.0
1777892026.2153325,0.0,-4.0,-73.0
1777892026.2253325,5.0,0.0,-75.0
1777892026.2353325,5.0,2.0,-76.0
1777892026.2453325,4.0,2.0,-70.0
1777892026.2553325,5.0,3.0,-71.0
1777892026.2653325,0.0,1.0,-74.0
1777892026.2763324,-4.0,-1.0,-75.0
1777892026.2853324,-4.0,0.0,-79.0
1777892026.2953324,-2.0,-5.0,-79.0
1777892026.3053324,-1.0,-5.0,-76.0
1777892026.3163323,-4.0,-6.0,-76.0
1777892026.3263323,-5.0,-5.0,-71.0
1777892026.3363323,0.0,-7.0,-70.0
1777892026.3463323,-5.0,-3.0,-74.0
1777892026.3563323,-1.0,-3.0,-79.0
1777892026.3663323,-1.0,0.0,-74.0
1777892026.3763323,2.0,0.0,-59.0
1777892026.3863325,-1.0,0.0,-65.0
1777892026.3963325,3.0,2.0,-70.0
1777892026.4063325,3.0,-1.0,-61.0
1777892026.4163325,4.0,0.0,-66.0
1777892026.4263325,4.0,-3.0,-67.0
1777892026.4363325,1.0,-4.0,-66.0
1777892026.4463325,4.0,-6.0,-64.0
1777892026.4563324,1.0,-7.0,-65.0
1777892026.4663324,-3.0,-5.0,-66.0
1777892026.4763324,-3.0,-6.0,-70.0
1777892026.4863324,-2.0,-7.0,-71.0
1777892026.4963324,-1.0,-6.0,-71.0
1777892026.5063324,0.0,-3.0,-65.0
1777892026.5163324,0.0,-1.0,-72.0
1777892026.5263324,4.0,-4.0,-66.0
1777892026.5363324,2.0,-5.0,-72.0
1777892026.5463324,3.0,0.0,-73.0
1777892026.5563323,2.0,-3.0,-65.0
1777892026.5663323,0.0,-2.0,-67.0
1777892026.5763323,3.0,-1.0,-73.0
1777892026.5863323,0.0,0.0,-68.0
1777892026.5963323,0.0,-1.0,-72.0
1777892026.6063323,-3.0,0.0,-69.0
1777892026.6163323,-2.0,3.0,-69.0
1777892026.6263323,-6.0,5.0,-76.0
1777892026.6363325,-6.0,0.0,-70.0
1777892026.6463325,-6.0,0.0,-64.0
1777892026.6563325,-3.0,-3.0,-61.0
1777892026.6663325,-1.0,-2.0,-69.0
1777892026.6763325,2.0,1.0,-71.0
1777892026.6863325,4.0,0.0,-70.0
1777892026.6963325,0.0,-1.0,-71.0
1777892026.7063324,-1.0,1.0,-74.0
1777892026.7163324,0.0,0.0,-69.0
1777892026.7263324,2.0,0.0,-65.0
1777892026.7363324,1.0,0.0,-64.0
1777892026.7463324,0.0,1.0,-62.0
1777892026.7563324,0.0,5.0,-65.0
1777892026.7663324,-1.0,8.0,-66.0
1777892026.7763324,-1.0,9.0,-68.0
1777892026.7863324,-1.0,9.0,-67.0
1777892026.7963324,-3.0,10.0,-73.0
1777892026.8063323,0.0,8.0,-72.0
1777892026.8163323,0.0,4.0,-75.0
1777892026.8263323,-2.0,6.0,-75.0
1777892026.8363323,-6.0,4.0,-71.0
1777892026.8463323,-6.0,4.0,-65.0
1777892026.8563323,-3.0,1.0,-65.0
1777892026.8663323,-1.0,-1.0,-66.0
1777892026.8763323,-3.0,-3.0,-60.0
1777892026.8863325,-1.0,-6.0,-63.0
1777892026.8963325,-1.0,-1.0,-66.0
1777892026.9063325,-6.0,-1.0,-69.0
1777892026.9163325,-7.0,0.0,-73.0
1777892026.9263325,-6.0,0.0,-78.0
1777892026.9363325,-5.0,6.0,-79.0
1777892026.9463325,-6.0,10.0,-79.0
1777892026.9563324,-3.0,10.0,-81.0
1777892026.9663324,-3.0,-1.0,-84.0
1777892026.9763324,-1.0,-2.0,-83.0
1777892026.9863324,0.0,-1.0,-82.0
1777892026.9963324,2.0,-5.0,-83.0
1777892027.0063324,-2.0,-8.0,-77.0
1777892027.0163324,-3.0,-10.0,-70.0
1777892027.0263324,-2.0,-8.0,-62.0
1777892027.0363324,0.0,0.0,-61.0
1777892027.0463324,2.0,4.0,-59.0
1777892027.0563323,6.0,6.0,-63.0
1777892027.0663323,1.0,5.0,-59.0
1777892027.0763323,0.0,5.0,-64.0
1777892027.0863323,1.0,4.0,-67.0
1777892027.0963323,-9.0,1.0,-67.0
1777892027.1063323,-6.0,-4.0,-71.0
1777892027.1163323,-5.0,-6.0,-74.0
1777892027.1263323,-2.0,-4.0,-64.0
1777892027.1363325,-3.0,-3.0,-61.0
1777892027.1463325,0.0,-1.0,-63.0
1777892027.1563325,6.0,2.0,-66.0
1777892027.1663325,7.0,5.0,-60.0
1777892027.1763325,4.0,4.0,-66.0
1777892027.1863325,3.0,0.0,-72.0
1777892027.1963325,0.0,-3.0,-75.0
1777892027.2063324,1.0,-6.0,-71.0
1777892027.2163324,0.0,-3.0,-69.0
1777892027.2263324,1.0,-2.0,-61.0
1777892027.2363324,2.0,0.0,-64.0
1777892027.2463324,2.0,0.0,-70.0
1777892027.2563324,7.0,1.0,-66.0
1777892027.2663324,4.0,5.0,-72.0
1777892027.2763324,6.0,7.0,-80.0
1777892027.2863324,7.0,5.0,-82.0
1777892027.2963324,4.0,5.0,-83.0
1777892027.3063323,4.0,6.0,-75.0
1777892027.3163323,6.0,4.0,-71.0
1777892027.3263323,5.0,4.0,-66.0
1777892027.3363323,6.0,4.0,-64.0
1777892027.3463323,5.0,1.0,-60.0
1777892027.3563323,4.0,0.0,-63.0
1777892027.3663323,3.0,-1.0,-63.0
1777892027.3763323,1.0,-2.0,-66.0
1777892027.3863325,3.0,0.0,-69.0
1777892027.3963325,2.0,0.0,-71.0
1777892027.4063325,-1.0,-1.0,-73.0
1777892027.4163325,0.0,-6.0,-65.0
1777892027.4263325,-1.0,-11.0,-63.0
1777892027.4363325,-2.0,-16.0,-68.0
1777892027.4463325,-6.0,-15.0,-62.0
1777892027.4563324,-3.0,-11.0,-64.0
1777892027.4663324,0.0,-8.0,-61.0
1777892027.4763324,1.0,-3.0,-58.0
1777892027.4863324,1.0,2.0,-64.0
1777892027.4963324,4.0,2.0,-66.0
1777892027.5063324,0.0,4.0,-67.0
1777892027.5163324,-3.0,1.0,-66.0
1777892027.5263324,0.0,4.0,-69.0
1777892027.5363324,2.0,2.0,-69.0
1777892027.5463324,3.0,7.0,-72.0
1777892027.5563323,2.0,6.0,-68.0
1777892027.5663323,0.0,5.0,-69.0
1777892027.5763323,-2.0,1.0,-72.0
1777892027.5863323,3.0,-1.0,-68.0
1777892027.5963323,0.0,-4.0,-72.0
1777892027.6063323,0.0,-7.0,-68.0
1777892027.6163323,0.0,-7.0,-72.0
1777892027.6263323,0.0,-1.0,-70.0
1777892027.6363325,1.0,-3.0,-67.0
1777892027.6463325,-3.0,-2.0,-73.0
1777892027.6563325,-5.0,-2.0,-72.0
1777892027.6663325,-6.0,-5.0,-65.0
1777892027.6763325,-2.0,-2.0,-67.0
1777892027.6863325,-2.0,-1.0,-64.0
1777892027.6963325,-1.0,1.0,-64.0
1777892027.7063324,-2.0,4.0,-59.0
1777892027.7163324,-1.0,1.0,-62.0
1777892027.7263324,0.0,1.0,-61.0
1777892027.7363324,3.0,4.0,-69.0
1777892027.7463324,0.0,0.0,-69.0
1777892027.7563324,1.0,0.0,-71.0
1777892027.7663324,-1.0,3.0,-70.0
1777892027.7763324,-1.0,1.0,-69.0
1777892027.7863324,-1.0,2.0,-72.0
1777892027.7963324,-1.0,3.0,-75.0
1777892027.8063323,-1.0,0.0,-80.0
1777892027.8163323,0.0,-2.0,-79.0
1777892027.8263323,1.0,0.0,-79.0
1777892027.8363323,0.0,0.0,-81.0
1777892027.8463323,1.0,-1.0,-77.0
1777892027.8563323,0.0,0.0,-83.0
1777892027.8663323,0.0,1.0,-78.0
1777892027.8763323,0.0,1.0,-71.0
1777892027.8863325,1.0,0.0,-74.0
1777892027.8963325,2.0,-2.0,-72.0
1777892027.9063325,-1.0,0.0,-69.0
1777892027.9163325,-2.0,0.0,-70.0
1777892027.9263325,-3.0,2.0,-68.0
1777892027.9363325,0.0,4.0,-74.0
1777892027.9463325,0.0,1.0,-70.0
1777892027.9563324,-1.0,2.0,-70.0
1777892027.9663324,-3.0,4.0,-69.0
1777892027.9763324,-1.0,7.0,-64.0
1777892027.9863324,0.0,4.0,-68.0
1777892027.9963324,0.0,5.0,-72.0
1777892028.0063324,3.0,3.0,-71.0
1777892028.0163324,0.0,4.0,-79.0
1777892028.0263324,2.0,0.0,-81.0
1777892028.0363324,4.0,0.0,-77.0
1777892028.0463324,0.0,0.0,-77.0
1777892028.0563323,-3.0,-4.0,-79.0
1777892028.0663323,-6.0,-3.0,-78.0
1777892028.0763323,-5.0,-2.0,-73.0
1777892028.0863323,-3.0,-6.0,-75.0
1777892028.0963323,2.0,-4.0,-75.0
1777892028.1063323,1.0,-5.0,-77.0
1777892028.1163323,-1.0,-8.0,-75.0
1777892028.1263323,-2.0,-9.0,-76.0
1777892028.1363325,0.0,-5.0,-76.0
1777892028.1463325,-4.0,-4.0,-76.0
1777892028.1563325,-2.0,0.0,-80.0
1777892028.1663325,0.0,-1.0,-84.0
1777892028.1763325,-1.0,-1.0,-84.0
1777892028.1863325,-3.0,-2.0,-79.0
1777892028.1963325,-2.0,-2.0,-79.0
1777892028.2063324,-3.0,-3.0,-77.0
1777892028.2163324,0.0,-5.0,-74.0
1777892028.2263324,-3.0,-6.0,-71.0
1777892028.2363324,-1.0,-5.0,-70.0
1777892028.2463324,-3.0,-7.0,-69.0
1777892028.2563324,-5.0,-3.0,-72.0
1777892028.2663324,-2.0,-3.0,-72.0
1777892028.2763324,0.0,-3.0,-74.0
1777892028.2863324,2.0,-3.0,-75.0
1777892028.2973323,2.0,1.0,-82.0
1777892028.3063323,-1.0,3.0,-76.0
1777892028.3163323,0.0,-1.0,-68.0
1777892028.3273325,0.0,0.0,-72.0
1777892028.3373325,-2.0,0.0,-80.0
1777892028.3473325,-2.0,1.0,-86.0
1777892028.3573325,-2.0,2.0,-85.0
1777892028.3663323,-3.0,4.0,-89.0
1777892028.3773324,-1.0,4.0,-82.0
1777892028.3873324,-8.0,0.0,-79.0
1777892028.3973324,-8.0,1.0,-74.0
1777892028.4073324,-6.0,3.0,-72.0
1777892028.4163325,-2.0,2.0,-73.0
1777892028.4273324,0.0,0.0,-70.0
1777892028.4373324,0.0,-1.0,-71.0
1777892028.4473324,0.0,-5.0,-77.0
1777892028.4573324,0.0,-4.0,-76.0
1777892028.4673324,0.0,0.0,-74.0
1777892028.4773324,-2.0,2.0,-77.0
1777892028.4873323,-1.0,0.0,-76.0
1777892028.4973323,0.0,4.0,-74.0
1777892028.5073323,-2.0,8.0,-70.0
1777892028.5173323,-1.0,7.0,-68.0
1777892028.5273323,0.0,8.0,-71.0
1777892028.5373323,0.0,7.0,-77.0
1777892028.5473323,0.0,6.0,-70.0
1777892028.5573325,0.0,4.0,-70.0
1777892028.5673325,-4.0,0.0,-64.0
1777892028.5773325,-4.0,-1.0,-71.0
1777892028.5873325,-3.0,-3.0,-73.0
1777892028.5973325,0.0,-6.0,-75.0
1777892028.6073325,-1.0,-2.0,-80.0
1777892028.6173325,1.0,-2.0,-80.0
1777892028.6273324,3.0,-6.0,-76.0
1777892028.6373324,4.0,-4.0,-69.0
1777892028.6473324,6.0,3.0,-63.0
1777892028.6573324,0.0,2.0,-62.0
1777892028.6673324,-1.0,0.0,-70.0
1777892028.6773324,-1.0,0.0,-69.0
1777892028.6873324,-2.0,0.0,-75.0
1777892028.6973324,-3.0,-2.0,-77.0
1777892028.7073324,-4.0,-2.0,-77.0
1777892028.7173324,-5.0,-6.0,-78.0
1777892028.7273324,-3.0,-6.0,-74.0
1777892028.7373323,1.0,-4.0,-71.0
1777892028.7473323,8.0,-4.0,-72.0
1777892028.7573323,5.0,-6.0,-71.0
1777892028.7673323,2.0,-3.0,-67.0
1777892028.7773323,4.0,-2.0,-61.0
1777892028.7873323,3.0,-5.0,-61.0
1777892028.7973323,-2.0,-3.0,-54.0
1777892028.8073325,-2.0,-5.0,-52.0
1777892028.8173325,-3.0,-4.0,-61.0
1777892028.8273325,0.0,-8.0,-68.0
1777892028.8373325,2.0,-5.0,-72.0
1777892028.8473325,3.0,-2.0,-78.0
1777892028.8573325,2.0,-1.0,-72.0
1777892028.8673325,-1.0,-3.0,-66.0
1777892028.8773324,-1.0,-6.0,-74.0
1777892028.8873324,-2.0,-9.0,-74.0
1777892028.8973324,-2.0,-7.0,-67.0
1777892028.9073324,-2.0,-5.0,-67.0
1777892028.9173324,-2.0,-5.0,-66.0
1777892028.9273324,-1.0,-6.0,-66.0
1777892028.9373324,-2.0,-5.0,-69.0
1777892028.9473324,-1.0,-6.0,-68.0
1777892028.9573324,0.0,-1.0,-66.0
1777892028.9673324,0.0,2.0,-67.0
1777892028.9773324,-1.0,0.0,-71.0
1777892028.9873323,0.0,-2.0,-73.0
1777892028.9973323,2.0,-3.0,-71.0
1777892029.0073323,5.0,-3.0,-73.0
1777892029.0173323,8.0,-3.0,-77.0
1777892029.0273323,9.0,0.0,-76.0
1777892029.0373323,3.0,-1.0,-74.0
1777892029.0473323,2.0,-3.0,-73.0
1777892029.0573325,-2.0,-4.0,-68.0
1777892029.0673325,-3.0,-1.0,-68.0
1777892029.0773325,-3.0,0.0,-66.0
1777892029.0873325,1.0,0.0,-61.0
1777892029.0973325,2.0,0.0,-63.0
1777892029.1073325,2.0,0.0,-63.0
1777892029.1173325,3.0,1.0,-65.0
1777892029.1273324,-2.0,-1.0,-65.0
1777892029.1373324,-2.0,-4.0,-69.0
1777892029.1473324,-5.0,-3.0,-64.0
1777892029.1573324,-1.0,-2.0,-65.0
1777892029.1673324,5.0,-3.0,-60.0
1777892029.1773324,4.0,-1.0,-61.0
1777892029.1873324,4.0,-3.0,-64.0
1777892029.1973324,0.0,-1.0,-61.0
1777892029.2073324,3.0,3.0,-60.0
1777892029.2173324,5.0,1.0,-66.0
1777892029.2273324,6.0,-2.0,-69.0
1777892029.2373323,3.0,-1.0,-72.0
1777892029.2473323,2.0,-5.0,-69.0
1777892029.2573323,-1.0,-3.0,-72.0
1777892029.2673323,1.0,-2.0,-75.0
1777892029.2773323,0.0,-5.0,-80.0
1777892029.2873323,4.0,-4.0,-73.0
1777892029.2973323,5.0,-5.0,-74.0
1777892029.3073325,1.0,-3.0,-74.0
1777892029.3173325,0.0,-3.0,-69.0
1777892029.3273325,-2.0,-2.0,-70.0
1777892029.3373325,0.0,-1.0,-70.0
1777892029.3473325,-3.0,1.0,-69.0
1777892029.3573325,-2.0,0.0,-61.0
1777892029.3673325,0.0,-2.0,-59.0
1777892029.3773324,7.0,-5.0,-57.0
1777892029.3873324,6.0,-9.0,-67.0
1777892029.3973324,4.0,-3.0,-67.0
1777892029.4073324,2.0,-1.0,-61.0
1777892029.4173324,2.0,-6.0,-63.0
1777892029.4273324,5.0,-5.0,-64.0
1777892029.4373324,10.0,-5.0,-70.0
1777892029.4473324,10.0,-5.0,-74.0
1777892029.4573324,6.0,0.0,-74.0
1777892029.4673324,10.0,2.0,-69.0
1777892029.4773324,10.0,-1.0,-66.0
1777892029.4873323,5.0,0.0,-71.0
1777892029.4973323,9.0,0.0,-73.0
1777892029.5073323,8.0,0.0,-72.0
1777892029.5173323,8.0,-3.0,-69.0
1777892029.5273323,7.0,-2.0,-72.0
1777892029.5373323,8.0,-3.0,-73.0
1777892029.5473323,4.0,0.0,-71.0
1777892029.5573325,3.0,0.0,-72.0
1777892029.5673325,-1.0,0.0,-71.0
1777892029.5773325,-3.0,1.0,-73.0
1777892029.5873325,0.0,-3.0,-80.0
1777892029.5973325,0.0,-6.0,-78.0
1777892029.6073325,2.0,-3.0,-77.0
1777892029.6173325,1.0,-8.0,-74.0
1777892029.6273324,0.0,-8.0,-77.0
1777892029.6373324,0.0,-5.0,-76.0
1777892029.6473324,-4.0,-7.0,-74.0
1777892029.6573324,2.0,-7.0,-72.0
1777892029.6673324,1.0,-7.0,-73.0
1777892029.6773324,0.0,-8.0,-77.0
1777892029.6873324,3.0,-1.0,-78.0
1777892029.6973324,2.0,-1.0,-77.0
1777892029.7073324,6.0,0.0,-76.0
1777892029.7173324,2.0,-1.0,-75.0
1777892029.7273324,-3.0,0.0,-71.0
1777892029.7373323,-2.0,0.0,-73.0
1777892029.7473323,-4.0,2.0,-73.0
1777892029.7573323,-5.0,1.0,-81.0
1777892029.7673323,-1.0,0.0,-86.0
1777892029.7773323,-4.0,-2.0,-79.0
1777892029.7873323,-3.0,0.0,-75.0
1777892029.7973323,1.0,-2.0,-74.0
1777892029.8073325,3.0,-4.0,-77.0
1777892029.8173325,1.0,0.0,-78.0
1777892029.8273325,1.0,-2.0,-88.0
1777892029.8373325,0.0,-6.0,-84.0
1777892029.8473325,-3.0,-3.0,-78.0
1777892029.8573325,-5.0,-3.0,-74.0
1777892029.8673325,-5.0,-2.0,-70.0
1777892029.8773324,-4.0,-4.0,-73.0
1777892029.8873324,-1.0,-1.0,-73.0
1777892029.8973324,0.0,2.0,-72.0
1777892029.9073324,1.0,2.0,-68.0
1777892029.9173324,2.0,-2.0,-67.0
1777892029.9273324,1.0,0.0,-68.0
1777892029.9373324,3.0,0.0,-72.0
1777892029.9473324,0.0,0.0,-79.0
1777892029.9573324,0.0,-3.0,-74.0
1777892029.9673324,-2.0,-2.0,-77.0
1777892029.9773324,-4.0,0.0,-77.0
1777892029.9873323,-6.0,1.0,-73.0
1777892029.9973323,-5.0,-3.0,-78.0
1777892030.0073323,-2.0,1.0,-73.0
1777892030.0173323,-1.0,1.0,-69.0
1777892030.0273323,0.0,3.0,-74.0
1777892030.0373323,0.0,5.0,-80.0
1777892030.0473323,-3.0,3.0,-80.0
1777892030.0573325,-1.0,1.0,-76.0
1777892030.0673325,-2.0,1.0,-67.0
1777892030.0773325,0.0,0.0,-68.0
1777892030.0873325,0.0,-4.0,-63.0
1777892030.0973325,1.0,-2.0,-69.0
1777892030.1073325,0.0,0.0,-69.0
1777892030.1173325,-1.0,1.0,-73.0
1777892030.1273324,0.0,-3.0,-71.0
1777892030.1373324,-2.0,-2.0,-76.0
1777892030.1473324,-5.0,-1.0,-79.0
1777892030.1573324,0.0,2.0,-86.0
1777892030.1673324,0.0,3.0,-81.0
1777892030.1773324,0.0,5.0,-78.0
1777892030.1873324,-4.0,3.0,-80.0
1777892030.1973324,-5.0,3.0,-84.0
1777892030.2073324,-5.0,1.0,-81.0
1777892030.2173324,-4.0,1.0,-78.0
1777892030.2273324,-2.0,1.0,-72.0
1777892030.2373323,-3.0,0.0,-74.0
1777892030.2473323,-6.0,0.0,-79.0
1777892030.2573323,-4.0,0.0,-82.0
1777892030.2673323,2.0,-1.0,-81.0
1777892030.2773323,0.0,0.0,-78.0
1777892030.2883325,-3.0,1.0,-75.0
1777892030.2973323,-4.0,3.0,-65.0
1777892030.3073325,-8.0,-3.0,-62.0
1777892030.3173325,-2.0,-2.0,-65.0
1777892030.3283324,-1.0,0.0,-58.0
1777892030.3383324,-2.0,0.0,-59.0
1777892030.3483324,0.0,0.0,-65.0
1777892030.3583324,-1.0,4.0,-74.0
1777892030.3683324,-4.0,5.0,-75.0
1777892030.3783324,-4.0,3.0,-72.0
1777892030.3883324,0.0,3.0,-67.0
1777892030.3983324,2.0,0.0,-75.0
1777892030.4083323,5.0,3.0,-69.0
1777892030.4183323,3.0,3.0,-70.0
1777892030.4283323,3.0,2.0,-63.0
1777892030.4383323,2.0,0.0,-65.0
1777892030.4483323,3.0,-5.0,-65.0
1777892030.4583323,0.0,-4.0,-65.0
1777892030.4683323,-3.0,-2.0,-67.0
1777892030.4783323,-5.0,-1.0,-66.0
1777892030.4883325,-5.0,1.0,-68.0
1777892030.4983325,-5.0,4.0,-69.0
1777892030.5083325,-5.0,2.0,-71.0
1777892030.5183325,-7.0,4.0,-70.0
1777892030.5283325,-13.0,0.0,-72.0
1777892030.5383325,-10.0,0.0,-77.0
1777892030.5483325,-8.0,1.0,-73.0
1777892030.5583324,-4.0,4.0,-68.0
1777892030.5683324,-4.0,3.0,-63.0
1777892030.5783324,-5.0,0.0,-62.0
1777892030.5883324,-1.0,-3.0,-62.0
1777892030.5983324,3.0,-4.0,-63.0
1777892030.6083324,2.0,-5.0,-73.0
1777892030.6183324,3.0,-3.0,-68.0
1777892030.6283324,3.0,0.0,-66.0
1777892030.6383324,1.0,0.0,-64.0
1777892030.6483324,2.0,-2.0,-59.0
1777892030.6583323,0.0,-6.0,-60.0
1777892030.6683323,1.0,-4.0,-66.0
1777892030.6783323,0.0,-3.0,-71.0
1777892030.6883323,4.0,-2.0,-78.0
1777892030.6983323,2.0,-3.0,-80.0
1777892030.7083323,1.0,-2.0,-79.0
1777892030.7183323,-2.0,-2.0,-71.0
1777892030.7283323,2.0,-2.0,-68.0
1777892030.7383325,5.0,-4.0,-76.0
1777892030.7483325,1.0,-4.0,-83.0
1777892030.7583325,-1.0,-1.0,-86.0
1777892030.7683325,-1.0,-3.0,-82.0
1777892030.7783325,0.0,-5.0,-83.0
1777892030.7883325,-2.0,-3.0,-79.0
1777892030.7983325,0.0,-5.0,-80.0
1777892030.8083324,-3.0,-1.0,-80.0
1777892030.8183324,-1.0,-2.0,-78.0
1777892030.8283324,-2.0,0.0,-63.0
1777892030.8383324,1.0,-1.0,-65.0
1777892030.8483324,-1.0,1.0,-72.0
1777892030.8583324,1.0,6.0,-69.0
1777892030.8683324,2.0,5.0,-71.0
1777892030.8783324,-2.0,4.0,-69.0
1777892030.8883324,-1.0,4.0,-72.0
1777892030.8983324,-4.0,4.0,-72.0
1777892030.9083323,-7.0,0.0,-70.0
1777892030.9183323,-3.0,0.0,-68.0
1777892030.9283323,2.0,-3.0,-73.0
1777892030.9383323,2.0,-3.0,-72.0
1777892030.9483323,0.0,-4.0,-74.0
1777892030.9583323,-2.0,-6.0,-78.0
1777892030.9683323,-1.0,-2.0,-79.0
1777892030.9783323,1.0,-4.0,-84.0
1777892030.9883325,0.0,-8.0,-82.0
1777892030.9983325,-2.0,-5.0,-77.0
1777892031.0083325,-3.0,-4.0,-76.0
1777892031.0183325,-1.0,-1.0,-72.0
1777892031.0283325,-7.0,1.0,-73.0
1777892031.0383325,-3.0,4.0,-69.0
1777892031.0483325,-3.0,6.0,-73.0
1777892031.0583324,-4.0,5.0,-73.0
1777892031.0683324,-4.0,-2.0,-73.0
1777892031.0783324,-1.0,-5.0,-72.0
1777892031.0883324,1.0,-5.0,-78.0
1777892031.0983324,4.0,-3.0,-78.0
1777892031.1083324,0.0,2.0,-78.0
1777892031.1183324,0.0,3.0,-77.0
1777892031.1283324,0.0,6.0,-76.0
1777892031.1383324,9.0,3.0,-79.0
1777892031.1483324,10.0,4.0,-81.0
1777892031.1583323,10.0,1.0,-80.0
1777892031.1683323,7.0,2.0,-79.0
1777892031.1783323,1.0,0.0,-78.0
1777892031.1883323,0.0,-3.0,-65.0
1777892031.1983323,3.0,-2.0,-77.0
1777892031.2083323,4.0,-2.0,-77.0
1777892031.2183323,5.0,2.0,-73.0
1777892031.2283323,3.0,2.0,-75.0
1777892031.2383325,2.0,1.0,-72.0
1777892031.2483325,1.0,0.0,-74.0
1777892031.2583325,4.0,0.0,-73.0
1777892031.2683325,1.0,0.0,-70.0
1777892031.2783325,0.0,0.0,-75.0
1777892031.2883325,0.0,-4.0,-79.0
1777892031.2983325,-3.0,-5.0,-76.0
1777892031.3083324,-8.0,-4.0,-72.0
1777892031.3183324,-10.0,2.0,-78.0
1777892031.3283324,-9.0,3.0,-82.0
1777892031.3383324,-5.0,1.0,-83.0
1777892031.3483324,-5.0,0.0,-88.0
1777892031.3583324,-2.0,-2.0,-82.0
1777892031.3683324,2.0,-1.0,-83.0
1777892031.3783324,2.0,1.0,-82.0
1777892031.3883324,4.0,-2.0,-79.0
1777892031.3983324,9.0,-4.0,-78.0
1777892031.4083323,9.0,-3.0,-71.0
1777892031.4183323,4.0,-4.0,-70.0
1777892031.4283323,8.0,0.0,-69.0
1777892031.4383323,5.0,0.0,-73.0
1777892031.4483323,6.0,-5.0,-78.0
1777892031.4583323,4.0,-10.0,-74.0
1777892031.4683323,3.0,-8.0,-72.0
1777892031.4783323,3.0,-9.0,-69.0
1777892031.4883325,-2.0,-13.0,-70.0
1777892031.4983325,-3.0,-11.0,-74.0
1777892031.5083325,0.0,-9.0,-81.0
1777892031.5183325,0.0,-10.0,-83.0
1777892031.5283325,-2.0,-7.0,-83.0
1777892031.5383325,1.0,-7.0,-76.0
1777892031.5483325,0.0,-6.0,-70.0
1777892031.5583324,-1.0,-11.0,-75.0
1777892031.5683324,0.0,-3.0,-71.0
1777892031.5783324,-4.0,-1.0,-68.0
1777892031.5883324,3.0,0.0,-67.0
1777892031.5983324,2.0,-4.0,-73.0
1777892031.6083324,0.0,-4.0,-69.0
1777892031.6183324,-3.0,-7.0,-69.0
1777892031.6283324,-11.0,-4.0,-67.0
1777892031.6383324,-7.0,-2.0,-68.0
1777892031.6483324,0.0,-2.0,-78.0
1777892031.6583323,0.0,-5.0,-80.0
1777892031.6683323,-2.0,-7.0,-78.0
1777892031.6783323,-3.0,-3.0,-75.0
1777892031.6883323,-4.0,-4.0,-72.0
1777892031.6983323,-8.0,-4.0,-70.0
1777892031.7083323,-9.0,0.0,-71.0
1777892031.7183323,-10.0,-2.0,-76.0
1777892031.7283323,-7.0,0.0,-75.0
1777892031.7383325,-2.0,1.0,-74.0
1777892031.7483325,-2.0,0.0,-68.0
1777892031.7583325,-6.0,0.0,-66.0
1777892031.7683325,-5.0,0.0,-68.0
1777892031.7783325,-2.0,2.0,-70.0
1777892031.7883325,0.0,0.0,-72.0
1777892031.7983325,0.0,-3.0,-74.0
1777892031.8083324,2.0,-3.0,-77.0
1777892031.8183324,4.0,-1.0,-77.0
1777892031.8283324,0.0,-3.0,-72.0
1777892031.8383324,1.0,-5.0,-66.0
1777892031.8483324,2.0,-5.0,-69.0
1777892031.8583324,3.0,-4.0,-68.0
1777892031.8683324,5.0,-7.0,-68.0
1777892031.8783324,5.0,-5.0,-74.0
1777892031.8893323,6.0,-2.0,-76.0
1777892031.8983324,3.0,-4.0,-73.0
1777892031.9083323,0.0,0.0,-69.0
1777892031.9183323,0.0,1.0,-72.0
1777892031.9283323,3.0,0.0,-71.0
1777892031.9383323,2.0,3.0,-63.0
1777892031.9483323,-1.0,5.0,-61.0
1777892031.9583323,-1.0,2.0,-54.0
1777892031.9683323,-1.0,0.0,-60.0
1777892031.9783323,-2.0,0.0,-66.0
1777892031.9883325,-1.0,1.0,-68.0
1777892031.9983325,-3.0,4.0,-67.0
1777892032.0083325,-1.0,5.0,-66.0
1777892032.0183325,1.0,7.0,-61.0
1777892032.0283325,2.0,4.0,-59.0
1777892032.0383325,4.0,5.0,-57.0
1777892032.0483325,-1.0,7.0,-65.0
1777892032.0583324,-1.0,5.0,-71.0
1777892032.0683324,2.0,5.0,-70.0
1777892032.0783324,2.0,1.0,-63.0
1777892032.0883324,6.0,0.0,-67.0
1777892032.0983324,7.0,0.0,-68.0
1777892032.1083324,3.0,0.0,-66.0
1777892032.1183324,3.0,-2.0,-63.0
1777892032.1283324,3.0,-3.0,-60.0
1777892032.1383324,1.0,1.0,-62.0
1777892032.1483324,0.0,-1.0,-65.0
1777892032.1583323,1.0,-2.0,-68.0
1777892032.1683323,3.0,0.0,-69.0
1777892032.1783323,2.0,1.0,-75.0
1777892032.1883323,3.0,4.0,-77.0
1777892032.1983323,0.0,1.0,-71.0
1777892032.2083323,-2.0,3.0,-67.0
1777892032.2183323,1.0,5.0,-69.0
1777892032.2283323,0.0,4.0,-69.0
1777892032.2383325,2.0,1.0,-68.0
1777892032.2483325,0.0,3.0,-72.0
1777892032.2583325,2.0,-2.0,-73.0
1777892032.2683325,2.0,-3.0,-67.0
1777892032.2783325,2.0,-4.0,-63.0
1777892032.2883325,1.0,-3.0,-53.0
1777892032.2983325,0.0,-2.0,-50.0
1777892032.3093324,-3.0,-4.0,-64.0
1777892032.3193324,-2.0,-4.0,-65.0
1777892032.3293324,-1.0,-5.0,-66.0
1777892032.3393323,-1.0,-2.0,-68.0
1777892032.3483324,-1.0,-1.0,-65.0
1777892032.3593323,0.0,-3.0,-66.0
1777892032.3693323,0.0,-7.0,-64.0
1777892032.3793323,0.0,-6.0,-66.0
1777892032.3893323,6.0,-2.0,-67.0
1777892032.3983324,6.0,-1.0,-71.0
1777892032.4093325,4.0,0.0,-77.0
1777892032.4193325,2.0,0.0,-82.0
1777892032.4293325,4.0,0.0,-82.0
1777892032.4393325,5.0,-1.0,-82.0
1777892032.4493325,4.0,0.0,-82.0
1777892032.4593325,6.0,0.0,-79.0
1777892032.4693325,6.0,-2.0,-76.0
1777892032.4793324,7.0,-5.0,-71.0
1777892032.4893324,5.0,-2.0,-67.0
1777892032.4993324,0.0,2.0,-66.0
1777892032.5093324,-2.0,5.0,-63.0
1777892032.5193324,-7.0,2.0,-60.0
1777892032.5293324,-12.0,1.0,-61.0
1777892032.5393324,-8.0,2.0,-63.0
1777892032.5493324,-6.0,4.0,-62.0
1777892032.5593324,1.0,2.0,-63.0
1777892032.5693324,2.0,1.0,-56.0
1777892032.5793324,2.0,-1.0,-60.0
1777892032.5893323,6.0,-5.0,-64.0
1777892032.5993323,2.0,-2.0,-68.0
1777892032.6093323,5.0,-4.0,-70.0
1777892032.6193323,5.0,-4.0,-75.0
1777892032.6293323,2.0,-6.0,-73.0
1777892032.6393323,0.0,-8.0,-70.0
1777892032.6493323,1.0,-9.0,-73.0
1777892032.6593325,1.0,-6.0,-70.0
1777892032.6693325,1.0,-3.0,-65.0
1777892032.6793325,1.0,-3.0,-64.0
1777892032.6893325,4.0,-4.0,-71.0
1777892032.6993325,3.0,-5.0,-73.0
1777892032.7093325,3.0,-3.0,-77.0
1777892032.7193325,-1.0,-5.0,-71.0
1777892032.7293324,-1.0,-6.0,-69.0
1777892032.7393324,-2.0,-5.0,-74.0
1777892032.7493324,-3.0,-8.0,-69.0
1777892032.7593324,-4.0,-7.0,-72.0
1777892032.7693324,-4.0,-8.0,-76.0
1777892032.7793324,-5.0,-4.0,-77.0
1777892032.7893324,-4.0,-3.0,-72.0
1777892032.7993324,2.0,-2.0,-65.0
1777892032.8093324,2.0,0.0,-60.0
1777892032.8193324,4.0,1.0,-59.0
1777892032.8293324,-1.0,2.0,-66.0
1777892032.8393323,-6.0,4.0,-68.0
1777892032.8493323,-2.0,-1.0,-60.0
1777892032.8593323,-1.0,-4.0,-56.0
1777892032.8693323,-1.0,-2.0,-58.0
1777892032.8793323,-3.0,0.0,-65.0
1777892032.8893323,-2.0,0.0,-65.0
1777892032.8993323,1.0,2.0,-68.0
1777892032.9093325,4.0,4.0,-68.0
1777892032.9193325,4.0,0.0,-71.0
1777892032.9293325,4.0,0.0,-68.0
1777892032.9393325,0.0,-3.0,-69.0
1777892032.9493325,1.0,0.0,-70.0
1777892032.9593325,2.0,1.0,-66.0
1777892032.9693325,7.0,6.0,-67.0
1777892032.9793324,7.0,5.0,-68.0
1777892032.9893324,2.0,4.0,-63.0
1777892032.9993324,-2.0,4.0,-67.0
1777892033.0093324,-5.0,0.0,-61.0
1777892033.0193324,-5.0,1.0,-59.0
1777892033.0293324,-7.0,3.0,-61.0
1777892033.0393324,-3.0,1.0,-65.0
1777892033.0493324,-4.0,0.0,-68.0
1777892033.0593324,-1.0,0.0,-71.0
1777892033.0693324,0.0,1.0,-74.0
1777892033.0793324,4.0,-2.0,-73.0
1777892033.0893323,3.0,-2.0,-71.0
1777892033.0993323,1.0,-1.0,-75.0
1777892033.1093323,-5.0,2.0,-68.0
1777892033.1193323,-3.0,0.0,-57.0
1777892033.1293323,0.0,0.0,-57.0
1777892033.1393323,1.0,-4.0,-64.0
1777892033.1493323,2.0,0.0,-66.0
1777892033.1593325,0.0,0.0,-64.0
1777892033.1693325,-4.0,3.0,-69.0
1777892033.1793325,-3.0,1.0,-61.0
1777892033.1893325,-6.0,-1.0,-62.0
1777892033.1993325,-9.0,-1.0,-66.0
1777892033.2093325,-7.0,1.0,-65.0
1777892033.2193325,-5.0,3.0,-68.0
1777892033.2293324,-4.0,4.0,-67.0
1777892033.2393324,-2.0,4.0,-61.0
1777892033.2493324,-4.0,9.0,-64.0
1777892033.2593324,0.0,9.0,-66.0
1777892033.2693324,1.0,7.0,-74.0
1777892033.2793324,4.0,6.0,-77.0
1777892033.2893324,4.0,3.0,-77.0
1777892033.2993324,6.0,0.0,-78.0
1777892033.3093324,9.0,0.0,-80.0
1777892033.3193324,10.0,3.0,-73.0
1777892033.3293324,8.0,3.0,-65.0
1777892033.3393323,5.0,1.0,-65.0
1777892033.3493323,4.0,1.0,-69.0
1777892033.3593323,4.0,6.0,-73.0
1777892033.3693323,-2.0,2.0,-74.0
1777892033.3793323,-1.0,0.0,-70.0
1777892033.3893323,-5.0,0.0,-66.0
1777892033.3993323,-3.0,-1.0,-73.0
1777892033.4093325,-3.0,-3.0,-71.0
1777892033.4193325,-1.0,-1.0,-70.0
1777892033.4293325,0.0,-3.0,-78.0
1777892033.4393325,2.0,-4.0,-81.0
1777892033.4493325,0.0,-2.0,-82.0
1777892033.4593325,-2.0,0.0,-79.0
1777892033.4693325,-4.0,-1.0,-70.0
1777892033.4793324,0.0,-6.0,-64.0
1777892033.4893324,1.0,-7.0,-63.0
1777892033.4993324,1.0,-9.0,-65.0
1777892033.5093324,1.0,-9.0,-69.0
1777892033.5193324,0.0,-8.0,-72.0
1777892033.5293324,2.0,-8.0,-74.0
1777892033.5393324,3.0,-5.0,-75.0
1777892033.5493324,3.0,-1.0,-75.0
1777892033.5593324,4.0,-3.0,-73.0
1777892033.5693324,2.0,-1.0,-76.0
1777892033.5793324,4.0,-2.0,-73.0
1777892033.5893323,0.0,0.0,-68.0
1777892033.5993323,-1.0,1.0,-69.0
1777892033.6093323,-1.0,2.0,-69.0
1777892033.6193323,0.0,6.0,-79.0
1777892033.6293323,-1.0,6.0,-76.0
1777892033.6393323,-2.0,7.0,-70.0
1777892033.6493323,-1.0,2.0,-61.0
1777892033.6593325,-4.0,5.0,-62.0
1777892033.6693325,-6.0,5.0,-65.0
1777892033.6793325,-5.0,6.0,-69.0
1777892033.6893325,-6.0,2.0,-71.0
1777892033.6993325,-4.0,3.0,-73.0
1777892033.7093325,-2.0,0.0,-82.0
1777892033.7193325,-3.0,-3.0,-83.0
1777892033.7293324,-2.0,-2.0,-79.0
1777892033.7393324,0.0,-3.0,-77.0
1777892033.7493324,2.0,0.0,-81.0
1777892033.7593324,5.0,0.0,-87.0
1777892033.7693324,3.0,-1.0,-78.0
1777892033.7793324,4.0,-2.0,-76.0
1777892033.7893324,2.0,-2.0,-71.0
1777892033.7993324,1.0,-4.0,-64.0
1777892033.8093324,1.0,-7.0,-66.0
1777892033.8193324,2.0,-7.0,-65.0
1777892033.8293324,3.0,-3.0,-66.0
1777892033.8393323,2.0,0.0,-72.0
1777892033.8493323,0.0,-1.0,-76.0
1777892033.8593323,0.0,0.0,-75.0
1777892033.8693323,5.0,-2.0,-68.0
1777892033.8793323,6.0,-3.0,-64.0
1777892033.8893323,5.0,-5.0,-67.0
1777892033.8993323,3.0,-5.0,-71.0
1777892033.9093325,0.0,-1.0,-69.0
1777892033.9193325,0.0,-3.0,-71.0
1777892033.9293325,1.0,-1.0,-79.0
1777892033.9393325,3.0,-1.0,-75.0
1777892033.9493325,1.0,-3.0,-68.0
1777892033.9593325,5.0,-1.0,-72.0
1777892033.9693325,5.0,0.0,-70.0
1777892033.9793324,5.0,1.0,-67.0
1777892033.9893324,8.0,3.0,-62.0
1777892033.9993324,5.0,2.0,-57.0
1777892034.0093324,4.0,0.0,-53.0
1777892034.0193324,1.0,0.0,-50.0
1777892034.0293324,3.0,2.0,-62.0
1777892034.0393324,6.0,3.0,-64.0
1777892034.0493324,3.0,1.0,-69.0
1777892034.0593324,9.0,0.0,-78.0
1777892034.0693324,9.0,-1.0,-81.0
1777892034.0793324,5.0,-1.0,-77.0
1777892034.0893323,2.0,0.0,-79.0
1777892034.0993323,-1.0,-2.0,-81.0
1777892034.1093323,-3.0,2.0,-86.0
1777892034.1193323,0.0,0.0,-88.0
1777892034.1293323,3.0,1.0,-90.0
1777892034.1393323,4.0,0.0,-85.0
1777892034.1493323,6.0,0.0,-90.0
1777892034.1593325,6.0,0.0,-94.0
1777892034.1693325,9.0,1.0,-86.0
1777892034.1793325,9.0,4.0,-83.0
1777892034.1893325,10.0,2.0,-78.0
1777892034.1993325,10.0,2.0,-72.0
1777892034.2093325,7.0,3.0,-66.0
1777892034.2193325,2.0,4.0,-71.0
1777892034.2293324,1.0,4.0,-72.0
1777892034.2393324,6.0,3.0,-65.0
1777892034.2493324,6.0,5.0,-63.0
1777892034.2593324,4.0,2.0,-71.0
1777892034.2693324,2.0,0.0,-73.0
1777892034.2803323,2.0,0.0,-75.0
1777892034.2903323,1.0,0.0,-75.0
1777892034.3003323,0.0,2.0,-76.0
1777892034.3103323,-3.0,-2.0,-79.0
1777892034.3203323,-1.0,-4.0,-85.0
1777892034.3303325,-2.0,1.0,-86.0
1777892034.3403325,0.0,2.0,-77.0
1777892034.3503325,0.0,4.0,-69.0
1777892034.3603325,-3.0,2.0,-65.0
1777892034.3703325,-4.0,3.0,-68.0
1777892034.3803325,2.0,0.0,-65.0
1777892034.3903325,3.0,-2.0,-66.0
1777892034.4003325,4.0,-4.0,-67.0
1777892034.4103324,4.0,-6.0,-63.0
1777892034.4203324,-1.0,-9.0,-63.0
1777892034.4303324,-1.0,-7.0,-73.0
1777892034.4403324,1.0,-4.0,-80.0
1777892034.4503324,1.0,-4.0,-84.0
1777892034.4603324,4.0,-8.0,-88.0
1777892034.4703324,2.0,-6.0,-79.0
1777892034.4803324,3.0,-6.0,-75.0
1777892034.4903324,4.0,-3.0,-74.0
1777892034.5003324,3.0,-2.0,-75.0
1777892034.5103323,0.0,0.0,-76.0
1777892034.5203323,-1.0,-1.0,-82.0
1777892034.5303323,1.0,-3.0,-80.0
1777892034.5403323,0.0,-1.0,-84.0
1777892034.5503323,-1.0,-2.0,-78.0
1777892034.5603323,-5.0,-1.0,-70.0
1777892034.5703323,-2.0,0.0,-63.0
1777892034.5803325,-2.0,-3.0,-59.0
1777892034.5903325,0.0,-6.0,-61.0
1777892034.6003325,1.0,-9.0,-57.0
1777892034.6103325,3.0,-8.0,-63.0
1777892034.6203325,4.0,-11.0,-70.0
1777892034.6303325,9.0,-7.0,-71.0
1777892034.6403325,4.0,-2.0,-68.0
1777892034.6503325,-1.0,-1.0,-69.0
1777892034.6603324,-1.0,1.0,-71.0
1777892034.6703324,1.0,1.0,-71.0
1777892034.6803324,1.0,-2.0,-69.0
1777892034.6903324,-2.0,-1.0,-64.0
1777892034.7003324,0.0,-4.0,-58.0
1777892034.7103324,0.0,-4.0,-58.0
1777892034.7203324,1.0,-2.0,-65.0
1777892034.7303324,2.0,-2.0,-67.0
1777892034.7403324,0.0,0.0,-65.0
1777892034.7503324,0.0,3.0,-65.0
1777892034.7603323,1.0,1.0,-70.0
1777892034.7703323,0.0,3.0,-74.0
1777892034.7803323,0.0,5.0,-81.0
1777892034.7903323,2.0,4.0,-77.0
1777892034.8003323,3.0,3.0,-77.0
1777892034.8103323,1.0,5.0,-82.0
1777892034.8203323,5.0,0.0,-81.0
1777892034.8303325,8.0,0.0,-81.0
1777892034.8403325,2.0,-2.0,-80.0
1777892034.8503325,1.0,-3.0,-83.0
1777892034.8603325,0.0,1.0,-78.0
1777892034.8703325,1.0,3.0,-70.0
1777892034.8803325,-2.0,-1.0,-66.0
1777892034.8903325,-1.0,-3.0,-63.0
1777892034.9003325,-6.0,1.0,-61.0
1777892034.9103324,-5.0,3.0,-59.0
1777892034.9203324,-1.0,1.0,-60.0
1777892034.9303324,-2.0,-1.0,-53.0
1777892034.9403324,-3.0,0.0,-53.0
1777892034.9503324,3.0,-3.0,-60.0
1777892034.9603324,2.0,-4.0,-64.0
1777892034.9703324,1.0,-2.0,-66.0
1777892034.9803324,4.0,1.0,-63.0
1777892034.9903324,0.0,0.0,-68.0
1777892035.0003324,0.0,-4.0,-72.0
1777892035.0103323,0.0,-4.0,-72.0
1777892035.0203323,0.0,-3.0,-75.0
1777892035.0303323,0.0,-6.0,-75.0
1777892035.0403323,2.0,-7.0,-73.0
1777892035.0503323,4.0,-3.0,-69.0
1777892035.0603323,0.0,1.0,-69.0
1777892035.0703323,-1.0,2.0,-69.0
1777892035.0803325,0.0,1.0,-67.0
1777892035.0903325,-2.0,0.0,-68.0
1777892035.1003325,-4.0,-1.0,-77.0
1777892035.1103325,1.0,1.0,-79.0
1777892035.1203325,2.0,-3.0,-83.0
1777892035.1303325,0.0,-1.0,-86.0
1777892035.1403325,1.0,-2.0,-89.0
1777892035.1503325,1.0,-3.0,-82.0
1777892035.1603324,2.0,-2.0,-82.0
1777892035.1703324,0.0,0.0,-81.0
1777892035.1803324,6.0,0.0,-79.0
1777892035.1903324,4.0,-2.0,-80.0
1777892035.2003324,2.0,0.0,-75.0
1777892035.2103324,2.0,0.0,-80.0
1777892035.2203324,1.0,0.0,-83.0
1777892035.2303324,3.0,-2.0,-82.0
1777892035.2403324,5.0,-4.0,-77.0
1777892035.2503324,6.0,-6.0,-67.0
1777892035.2603323,5.0,-3.0,-60.0
1777892035.2703323,6.0,-7.0,-63.0
1777892035.2803323,8.0,-2.0,-69.0
1777892035.2903323,6.0,-3.0,-69.0
1777892035.3003323,5.0,-2.0,-69.0
1777892035.3103323,7.0,-5.0,-73.0
1777892035.3203323,10.0,-4.0,-74.0
1777892035.3303325,9.0,-2.0,-75.0
1777892035.3403325,2.0,1.0,-72.0
1777892035.3503325,3.0,0.0,-75.0
1777892035.3603325,3.0,0.0,-78.0
1777892035.3703325,6.0,-1.0,-79.0
1777892035.3803325,2.0,-3.0,-73.0
1777892035.3903325,-2.0,-2.0,-76.0
1777892035.4003325,-4.0,0.0,-84.0
1777892035.4103324,3.0,0.0,-79.0
1777892035.4203324,0.0,0.0,-73.0
1777892035.4303324,0.0,-1.0,-70.0
1777892035.4403324,3.0,0.0,-66.0
1777892035.4503324,0.0,-1.0,-67.0
1777892035.4603324,-1.0,0.0,-76.0
1777892035.4703324,-2.0,0.0,-69.0
1777892035.4803324,0.0,1.0,-68.0
1777892035.4903324,0.0,0.0,-72.0
1777892035.5003324,1.0,0.0,-73.0
1777892035.5103323,2.0,0.0,-66.0
1777892035.5203323,5.0,-1.0,-68.0
1777892035.5303323,2.0,-4.0,-66.0
1777892035.5403323,0.0,0.0,-60.0
1777892035.5503323,0.0,-2.0,-61.0
1777892035.5603323,0.0,0.0,-64.0
1777892035.5703323,-1.0,1.0,-67.0
1777892035.5803325,1.0,-2.0,-71.0
1777892035.5903325,1.0,-2.0,-67.0
1777892035.6003325,0.0,-3.0,-69.0
1777892035.6103325,-7.0,-1.0,-66.0
1777892035.6203325,-4.0,-1.0,-65.0
1777892035.6303325,0.0,-2.0,-70.0
1777892035.6403325,-2.0,-2.0,-73.0
1777892035.6503325,0.0,-4.0,-71.0
1777892035.6603324,-2.0,-3.0,-71.0
1777892035.6703324,-5.0,-3.0,-70.0
1777892035.6803324,-5.0,-6.0,-65.0
1777892035.6903324,-6.0,-8.0,-65.0
1777892035.7003324,-3.0,-4.0,-68.0
1777892035.7103324,-5.0,-4.0,-69.0
1777892035.7203324,-7.0,-6.0,-70.0
1777892035.7303324,-12.0,-9.0,-73.0
1777892035.7403324,-6.0,-10.0,-72.0
1777892035.7503324,-5.0,-9.0,-71.0
1777892035.7603323,-4.0,-4.0,-65.0
1777892035.7703323,-4.0,-1.0,-64.0
1777892035.7803323,-3.0,0.0,-64.0
1777892035.7903323,-10.0,0.0,-63.0
1777892035.8003323,-10.0,1.0,-65.0
1777892035.8103323,-5.0,0.0,-66.0
1777892035.8203323,-5.0,-4.0,-73.0
1777892035.8303325,-3.0,-4.0,-67.0
1777892035.8403325,-1.0,-4.0,-70.0
1777892035.8503325,-2.0,-3.0,-76.0
1777892035.8603325,-2.0,-2.0,-74.0
1777892035.8703325,-4.0,-1.0,-72.0
1777892035.8803325,-9.0,0.0,-74.0
1777892035.8903325,-5.0,-3.0,-73.0
1777892035.9003325,0.0,-3.0,-71.0
1777892035.9103324,0.0,-2.0,-64.0
1777892035.9203324,1.0,-2.0,-66.0
1777892035.9303324,0.0,-3.0,-77.0
1777892035.9403324,2.0,-3.0,-85.0
1777892035.9503324,2.0,-1.0,-83.0
1777892035.9603324,4.0,-1.0,-75.0
1777892035.9703324,2.0,1.0,-75.0
1777892035.9803324,-3.0,0.0,-77.0
1777892035.9903324,-5.0,0.0,-69.0
1777892036.0003324,-1.0,0.0,-66.0
1777892036.0103323,-2.0,2.0,-64.0
1777892036.0203323,-2.0,3.0,-70.0
1777892036.0303323,-5.0,0.0,-67.0
1777892036.0403323,-6.0,2.0,-69.0
1777892036.0503323,-2.0,1.0,-68.0
1777892036.0603323,-1.0,1.0,-71.0
1777892036.0703323,3.0,-3.0,-67.0
1777892036.0803325,3.0,-4.0,-72.0
1777892036.0903325,3.0,-3.0,-69.0
1777892036.1003325,-2.0,-2.0,-70.0
1777892036.1103325,-2.0,2.0,-67.0
1777892036.1203325,1.0,3.0,-72.0
1777892036.1303325,4.0,-1.0,-78.0
1777892036.1403325,2.0,-6.0,-74.0
1777892036.1503325,1.0,-8.0,-77.0
1777892036.1603324,5.0,-4.0,-72.0
1777892036.1703324,4.0,-5.0,-72.0
1777892036.1803324,-1.0,0.0,-76.0
1777892036.1903324,-3.0,0.0,-70.0
1777892036.2003324,-1.0,-5.0,-63.0
1777892036.2103324,1.0,-3.0,-64.0
1777892036.2203324,0.0,-5.0,-68.0
1777892036.2303324,0.0,-7.0,-69.0
1777892036.2403324,0.0,-7.0,-62.0
1777892036.2503324,0.0,-3.0,-68.0
1777892036.2603323,3.0,-4.0,-74.0
1777892036.2713325,-1.0,1.0,-76.0
1777892036.2803323,-3.0,1.0,-77.0
1777892036.2913325,4.0,7.0,-69.0
1777892036.3013325,2.0,4.0,-69.0
1777892036.3113325,3.0,-1.0,-73.0
1777892036.3213325,6.0,-4.0,-70.0
1777892036.3303325,5.0,-7.0,-63.0
1777892036.3413324,1.0,-11.0,-62.0
1777892036.3513324,-1.0,-6.0,-62.0
1777892036.3613324,0.0,-3.0,-61.0
1777892036.3713324,0.0,-5.0,-65.0
1777892036.3813324,0.0,-3.0,-71.0
1777892036.3913324,0.0,-6.0,-67.0
1777892036.4013324,-4.0,-6.0,-67.0
1777892036.4113324,-4.0,-8.0,-62.0
1777892036.4213324,-4.0,-10.0,-66.0
1777892036.4313323,-5.0,-11.0,-63.0
1777892036.4413323,-6.0,-8.0,-61.0
1777892036.4513323,-3.0,-3.0,-66.0
1777892036.4613323,0.0,-2.0,-66.0
1777892036.4713323,4.0,-1.0,-69.0
1777892036.4813323,2.0,0.0,-72.0
1777892036.4913323,4.0,3.0,-76.0
1777892036.5013323,7.0,1.0,-78.0
1777892036.5113325,0.0,0.0,-75.0
1777892036.5213325,-1.0,-1.0,-77.0
1777892036.5313325,-2.0,-5.0,-67.0
1777892036.5413325,0.0,-2.0,-69.0
1777892036.5513325,0.0,-2.0,-72.0
1777892036.5613325,2.0,-4.0,-69.0
1777892036.5713325,4.0,-7.0,-68.0
1777892036.5813324,3.0,-7.0,-67.0
1777892036.5913324,0.0,-7.0,-70.0
1777892036.6013324,-5.0,-3.0,-78.0
1777892036.6113324,-6.0,-2.0,-83.0
1777892036.6213324,-4.0,-6.0,-79.0
1777892036.6313324,-5.0,-6.0,-83.0
1777892036.6413324,-5.0,-9.0,-77.0
1777892036.6513324,-3.0,-2.0,-76.0
1777892036.6613324,5.0,-1.0,-72.0
1777892036.6713324,5.0,-2.0,-70.0
1777892036.6813323,1.0,-2.0,-71.0
1777892036.6913323,2.0,-2.0,-73.0
1777892036.7023325,6.0,-1.0,-72.0
1777892036.7113323,4.0,-6.0,-68.0
1777892036.7213323,0.0,-5.0,-66.0
1777892036.7313323,-1.0,-2.0,-67.0
1777892036.7413323,-2.0,-1.0,-65.0
1777892036.7513323,0.0,-3.0,-75.0
1777892036.7613325,0.0,-4.0,-81.0
1777892036.7713325,2.0,-5.0,-75.0
1777892036.7813325,1.0,-5.0,-75.0
1777892036.7913325,2.0,-5.0,-73.0
1777892036.8013325,-1.0,-4.0,-72.0
1777892036.8113325,-6.0,-4.0,-76.0
1777892036.8213325,-4.0,-6.0,-76.0
1777892036.8313324,-5.0,-5.0,-76.0
1777892036.8413324,-5.0,-3.0,-72.0
1777892036.8513324,-3.0,0.0,-73.0
1777892036.8613324,-2.0,1.0,-67.0
1777892036.8713324,-1.0,2.0,-65.0
1777892036.8813324,-2.0,-4.0,-58.0
1777892036.8913324,-5.0,-7.0,-66.0
1777892036.9013324,-12.0,-5.0,-63.0
1777892036.9113324,-11.0,-7.0,-61.0
1777892036.9213324,-5.0,-5.0,-61.0
1777892036.9313323,-5.0,-3.0,-65.0
1777892036.9413323,-1.0,-4.0,-61.0
1777892036.9513323,-1.0,0.0,-58.0
1777892036.9613323,0.0,6.0,-53.0
1777892036.9713323,1.0,4.0,-58.0
1777892036.9813323,4.0,0.0,-61.0
1777892036.9913323,0.0,-4.0,-62.0
1777892037.0013323,-3.0,-3.0,-64.0
1777892037.0113325,-4.0,-5.0,-66.0
1777892037.0213325,-7.0,-6.0,-65.0
1777892037.0313325,-6.0,-6.0,-71.0
1777892037.0413325,-2.0,-3.0,-73.0
1777892037.0513325,0.0,-2.0,-68.0
1777892037.0613325,-2.0,0.0,-66.0
1777892037.0713325,-4.0,0.0,-69.0
1777892037.0813324,-1.0,-5.0,-76.0
1777892037.0913324,-3.0,-6.0,-72.0
1777892037.1013324,-1.0,-5.0,-76.0
1777892037.1113324,0.0,-2.0,-81.0
1777892037.1213324,2.0,0.0,-79.0
1777892037.1313324,0.0,3.0,-70.0
1777892037.1413324,0.0,4.0,-70.0
1777892037.1513324,-1.0,1.0,-72.0
1777892037.1613324,-4.0,3.0,-79.0
1777892037.1713324,-2.0,-2.0,-72.0
1777892037.1813323,-2.0,0.0,-76.0
1777892037.1913323,-5.0,0.0,-73.0
1777892037.2013323,-1.0,0.0,-74.0
1777892037.2113323,-3.0,1.0,-76.0
1777892037.2213323,-2.0,0.0,-73.0
1777892037.2313323,-1.0,0.0,-74.0
1777892037.2413323,-4.0,3.0,-71.0
1777892037.2513323,-5.0,2.0,-71.0
1777892037.2613325,-1.0,0.0,-64.0
1777892037.2713325,0.0,2.0,-64.0
1777892037.2813325,-3.0,1.0,-68.0
1777892037.2913325,-2.0,3.0,-67.0
1777892037.3013325,-5.0,-1.0,-66.0
1777892037.3113325,-5.0,-8.0,-71.0
1777892037.3213325,-2.0,-9.0,-74.0
1777892037.3313324,-2.0,-7.0,-72.0
1777892037.3413324,-1.0,-5.0,-75.0
1777892037.3513324,-3.0,-2.0,-79.0
1777892037.3613324,-1.0,0.0,-79.0
1777892037.3713324,-3.0,-2.0,-78.0
1777892037.3813324,-2.0,0.0,-77.0
1777892037.3913324,-5.0,-1.0,-79.0
1777892037.4013324,-3.0,1.0,-76.0
1777892037.4113324,-2.0,-3.0,-76.0
1777892037.4213324,0.0,-2.0,-78.0
1777892037.4313323,-2.0,-3.0,-75.0
1777892037.4413323,-8.0,-4.0,-73.0
1777892037.4513323,-5.0,-1.0,-70.0
1777892037.4613323,-7.0,-3.0,-68.0
1777892037.4713323,-9.0,-3.0,-70.0
1777892037.4813323,-4.0,-3.0,-70.0
1777892037.4913323,-1.0,0.0,-75.0
1777892037.5013323,-1.0,-2.0,-73.0
1777892037.5113325,-2.0,-2.0,-71.0
1777892037.5213325,-5.0,-3.0,-69.0
1777892037.5313325,-1.0,-3.0,-69.0
1777892037.5413325,4.0,-2.0,-72.0
1777892037.5513325,6.0,-2.0,-71.0
1777892037.5613325,5.0,-4.0,-67.0
1777892037.5713325,5.0,0.0,-69.0
1777892037.5813324,2.0,0.0,-72.0
1777892037.5913324,-2.0,-1.0,-72.0
1777892037.6013324,-3.0,0.0,-66.0
1777892037.6113324,-5.0,2.0,-69.0
1777892037.6213324,-5.0,2.0,-78.0
1777892037.6313324,0.0,-1.0,-83.0
1777892037.6413324,5.0,-1.0,-83.0
1777892037.6513324,7.0,0.0,-87.0
1777892037.6613324,2.0,-1.0,-79.0
1777892037.6713324,1.0,2.0,-79.0
1777892037.6813323,4.0,1.0,-72.0
1777892037.6913323,2.0,0.0,-70.0
1777892037.7013323,4.0,-1.0,-76.0
1777892037.7113323,5.0,-2.0,-77.0
1777892037.7213323,2.0,-2.0,-71.0
1777892037.7313323,3.0,-4.0,-64.0
1777892037.7413323,2.0,-6.0,-57.0
1777892037.7513323,1.0,-1.0,-61.0
1777892037.7613325,0.0,1.0,-60.0
1777892037.7713325,-2.0,4.0,-62.0
1777892037.7813325,-2.0,3.0,-60.0
1777892037.7913325,-4.0,2.0,-62.0
1777892037.8013325,-8.0,3.0,-68.0
1777892037.8113325,-5.0,6.0,-70.0
1777892037.8213325,-3.0,7.0,-73.0
1777892037.8313324,3.0,8.0,-67.0
1777892037.8413324,5.0,9.0,-70.0
1777892037.8513324,0.0,7.0,-68.0
1777892037.8613324,0.0,4.0,-71.0
1777892037.8713324,3.0,3.0,-77.0
1777892037.8813324,3.0,-3.0,-82.0
1777892037.8913324,0.0,-1.0,-76.0
1777892037.9013324,1.0,2.0,-77.0
1777892037.9113324,1.0,3.0,-72.0
1777892037.9213324,5.0,0.0,-65.0
1777892037.9313323,8.0,1.0,-67.0
1777892037.9413323,7.0,-2.0,-77.0
1777892037.9513323,2.0,-5.0,-80.0
1777892037.9613323,1.0,-6.0,-79.0
1777892037.9713323,6.0,-6.0,-75.0
1777892037.9813323,11.0,0.0,-67.0
1777892037.9913323,6.0,0.0,-69.0
1777892038.0013323,3.0,0.0,-71.0
1777892038.0113325,5.0,0.0,-72.0
1777892038.0213325,1.0,0.0,-68.0
1777892038.0313325,3.0,0.0,-67.0
1777892038.0413325,4.0,1.0,-67.0
1777892038.0513325,6.0,0.0,-63.0
1777892038.0613325,6.0,-5.0,-68.0
1777892038.0713325,2.0,-5.0,-70.0
1777892038.0813324,-2.0,-1.0,-73.0
1777892038.0913324,-1.0,-5.0,-71.0
1777892038.1013324,-2.0,1.0,-74.0
1777892038.1113324,-2.0,0.0,-75.0
1777892038.1213324,-2.0,-2.0,-79.0
1777892038.1313324,0.0,-7.0,-76.0
1777892038.1413324,0.0,-5.0,-72.0
1777892038.1513324,3.0,1.0,-69.0
1777892038.1613324,2.0,0.0,-70.0
1777892038.1713324,1.0,1.0,-70.0
1777892038.1813323,1.0,0.0,-73.0
1777892038.1913323,0.0,0.0,-66.0
1777892038.2013323,0.0,0.0,-76.0
1777892038.2113323,1.0,-4.0,-79.0
1777892038.2213323,1.0,-7.0,-82.0
1777892038.2323325,-1.0,-4.0,-84.0
1777892038.2413323,-2.0,-5.0,-79.0
1777892038.2513323,3.0,-4.0,-78.0
1777892038.2623324,5.0,0.0,-75.0
1777892038.2723324,10.0,2.0,-74.0
1777892038.2823324,6.0,4.0,-80.0
1777892038.2923324,4.0,7.0,-76.0
1777892038.3023324,4.0,7.0,-69.0
1777892038.3123324,5.0,6.0,-63.0
1777892038.3223324,5.0,7.0,-69.0
1777892038.3323324,1.0,5.0,-66.0
1777892038.3423324,2.0,3.0,-73.0
1777892038.3523324,0.0,1.0,-77.0
1777892038.3623323,-2.0,-5.0,-74.0
1777892038.3723323,0.0,-6.0,-77.0
1777892038.3823323,9.0,-6.0,-80.0
1777892038.3923323,7.0,-2.0,-78.0
1777892038.4023323,8.0,0.0,-77.0
1777892038.4123323,4.0,-2.0,-75.0
1777892038.4223323,0.0,-1.0,-80.0
1777892038.4323325,0.0,-2.0,-76.0
1777892038.4423325,-2.0,-4.0,-73.0
1777892038.4523325,-1.0,-1.0,-64.0
1777892038.4623325,-1.0,0.0,-62.0
1777892038.4723325,0.0,2.0,-61.0
1777892038.4823325,0.0,3.0,-78.0
1777892038.4923325,0.0,1.0,-78.0
1777892038.5023324,0.0,-5.0,-77.0
1777892038.5123324,4.0,-3.0,-79.0
1777892038.5223324,5.0,-1.0,-78.0
1777892038.5323324,6.0,0.0,-80.0
1777892038.5423324,2.0,0.0,-77.0
1777892038.5523324,2.0,-2.0,-67.0
1777892038.5623324,0.0,-3.0,-70.0
1777892038.5723324,3.0,-1.0,-71.0
1777892038.5823324,0.0,3.0,-67.0
1777892038.5923324,2.0,-1.0,-63.0
1777892038.6023324,7.0,0.0,-64.0
1777892038.6123323,9.0,2.0,-59.0
1777892038.6223323,6.0,2.0,-65.0
1777892038.6323323,3.0,-2.0,-67.0
1777892038.6423323,8.0,-9.0,-64.0
1777892038.6523323,8.0,-9.0,-69.0
1777892038.6623323,5.0,-9.0,-77.0
1777892038.6723323,0.0,-7.0,-75.0
1777892038.6823325,0.0,-6.0,-69.0
1777892038.6923325,-2.0,-7.0,-68.0
1777892038.7023325,0.0,-7.0,-68.0
1777892038.7123325,-5.0,-5.0,-70.0
1777892038.7223325,-3.0,-2.0,-73.0
1777892038.7323325,-3.0,-1.0,-77.0
1777892038.7423325,-5.0,-2.0,-81.0
1777892038.7523324,-3.0,-2.0,-82.0
1777892038.7623324,-7.0,0.0,-84.0
1777892038.7723324,-6.0,0.0,-83.0
1777892038.7823324,-2.0,0.0,-84.0
1777892038.7923324,0.0,0.0,-80.0
1777892038.8023324,5.0,0.0,-75.0
1777892038.8123324,9.0,2.0,-73.0
1777892038.8223324,4.0,0.0,-67.0
1777892038.8323324,0.0,4.0,-71.0
1777892038.8423324,0.0,2.0,-67.0
1777892038.8523324,0.0,0.0,-68.0
1777892038.8623323,3.0,-3.0,-73.0
1777892038.8723323,1.0,-4.0,-75.0
1777892038.8823323,2.0,0.0,-74.0
1777892038.8923323,-1.0,0.0,-75.0
1777892038.9023323,-2.0,0.0,-77.0
1777892038.9123323,2.0,4.0,-77.0
1777892038.9223323,6.0,6.0,-71.0
1777892038.9323325,9.0,6.0,-73.0
1777892038.9423325,2.0,3.0,-77.0
1777892038.9523325,0.0,4.0,-78.0
1777892038.9623325,5.0,0.0,-72.0
1777892038.9723325,5.0,3.0,-74.0
1777892038.9823325,2.0,8.0,-80.0
1777892038.9923325,3.0,5.0,-80.0
1777892039.0023324,0.0,3.0,-76.0
1777892039.0123324,0.0,3.0,-74.0
1777892039.0223324,1.0,3.0,-77.0
1777892039.0323324,-1.0,2.0,-79.0
1777892039.0423324,1.0,0.0,-80.0
1777892039.0523324,3.0,2.0,-81.0
1777892039.0623324,1.0,2.0,-84.0
1777892039.0723324,0.0,1.0,-81.0
1777892039.0823324,3.0,1.0,-79.0
1777892039.0923324,0.0,-2.0,-76.0
1777892039.1023324,3.0,-3.0,-78.0
1777892039.1123323,0.0,-2.0,-78.0
1777892039.1223323,-2.0,-1.0,-74.0
1777892039.1323323,-2.0,-3.0,-77.0
1777892039.1423323,-5.0,-5.0,-73.0
1777892039.1523323,-4.0,-6.0,-77.0
1777892039.1623323,-8.0,-10.0,-76.0
1777892039.1723323,-6.0,-7.0,-79.0
1777892039.1823325,-3.0,-4.0,-77.0
1777892039.1923325,-3.0,0.0,-75.0
1777892039.2023325,-2.0,-1.0,-79.0
1777892039.2123325,-4.0,-1.0,-76.0
1777892039.2223325,1.0,-1.0,-80.0
1777892039.2323325,4.0,-3.0,-76.0
1777892039.2423325,5.0,-1.0,-74.0
1777892039.2523324,3.0,-3.0,-82.0
1777892039.2623324,7.0,-1.0,-87.0
1777892039.2723324,5.0,-4.0,-83.0
1777892039.2823324,2.0,-3.0,-73.0
1777892039.2923324,2.0,0.0,-74.0
1777892039.3023324,5.0,3.0,-73.0
1777892039.3123324,7.0,3.0,-69.0
1777892039.3223324,4.0,0.0,-67.0
1777892039.3323324,0.0,-1.0,-61.0
1777892039.3423324,-1.0,1.0,-63.0
1777892039.3523324,-1.0,2.0,-60.0
1777892039.3623323,0.0,5.0,-59.0
1777892039.3723323,1.0,4.0,-61.0
1777892039.3823323,1.0,0.0,-64.0
1777892039.3923323,2.0,-5.0,-64.0
1777892039.4023323,7.0,-4.0,-71.0
1777892039.4123323,9.0,-8.0,-70.0
1777892039.4223323,6.0,-6.0,-70.0
1777892039.4323325,4.0,-3.0,-77.0
1777892039.4423325,0.0,-1.0,-80.0
1777892039.4523325,1.0,-3.0,-75.0
1777892039.4623325,0.0,0.0,-74.0
1777892039.4723325,-2.0,-3.0,-75.0
1777892039.4823325,-4.0,-4.0,-79.0
1777892039.4923325,-3.0,-1.0,-80.0
1777892039.5023324,-8.0,-1.0,-84.0
1777892039.5123324,-7.0,0.0,-86.0
1777892039.5223324,-3.0,0.0,-84.0
1777892039.5323324,-3.0,0.0,-93.0
1777892039.5423324,-4.0,0.0,-84.0
1777892039.5523324,-3.0,0.0,-77.0
1777892039.5623324,-5.0,-1.0,-72.0
1777892039.5723324,-8.0,-2.0,-73.0
1777892039.5823324,-6.0,-1.0,-68.0
1777892039.5923324,-2.0,4.0,-69.0
1777892039.6023324,0.0,1.0,-64.0
1777892039.6123323,-1.0,-2.0,-60.0
1777892039.6223323,0.0,-1.0,-59.0
1777892039.6323323,3.0,-3.0,-61.0
1777892039.6423323,0.0,-2.0,-68.0
1777892039.6523323,-2.0,2.0,-72.0
1777892039.6623323,-5.0,0.0,-72.0
1777892039.6723323,-1.0,3.0,-69.0
1777892039.6823325,0.0,3.0,-68.0
1777892039.6923325,0.0,2.0,-72.0
1777892039.7023325,0.0,3.0,-67.0
1777892039.7123325,1.0,-3.0,-70.0
1777892039.7223325,4.0,-3.0,-72.0
1777892039.7323325,5.0,0.0,-66.0
1777892039.7423325,4.0,0.0,-63.0
1777892039.7523324,4.0,1.0,-68.0
1777892039.7623324,2.0,3.0,-65.0
1777892039.7723324,0.0,8.0,-64.0
1777892039.7823324,0.0,8.0,-60.0
1777892039.7923324,3.0,6.0,-57.0
1777892039.8023324,4.0,11.0,-56.0
1777892039.8123324,7.0,11.0,-54.0
1777892039.8223324,2.0,11.0,-60.0
1777892039.8323324,0.0,10.0,-66.0
1777892039.8423324,-1.0,9.0,-61.0
1777892039.8523324,0.0,5.0,-63.0
1777892039.8623323,0.0,2.0,-64.0
1777892039.8723323,2.0,1.0,-65.0
1777892039.8823323,3.0,0.0,-66.0
1777892039.8923323,4.0,-1.0,-69.0
1777892039.9023323,6.0,-2.0,-72.0
1777892039.9123323,3.0,-1.0,-74.0
1777892039.9223323,4.0,-1.0,-77.0
1777892039.9323325,4.0,-1.0,-76.0
1777892039.9423325,2.0,-2.0,-76.0
1777892039.9523325,6.0,-8.0,-81.0
1777892039.9623325,4.0,-7.0,-84.0
1777892039.9723325,1.0,-8.0,-78.0
1777892039.9823325,3.0,-10.0,-72.0
1777892039.9923325,5.0,-5.0,-75.0
1777892040.0023324,7.0,-7.0,-69.0
1777892040.0123324,8.0,-5.0,-68.0
1777892040.0223324,3.0,-1.0,-72.0
1777892040.0323324,5.0,0.0,-74.0
1777892040.0423324,4.0,-1.0,-72.0
1777892040.0523324,6.0,2.0,-67.0
1777892040.0623324,2.0,1.0,-71.0
1777892040.0723324,-2.0,1.0,-80.0
1777892040.0823324,0.0,0.0,-80.0
1777892040.0923324,0.0,0.0,-72.0
1777892040.1023324,1.0,0.0,-75.0
1777892040.1123323,0.0,-2.0,-72.0
1777892040.1223323,1.0,-5.0,-75.0
1777892040.1323323,1.0,-5.0,-73.0
1777892040.1423323,-2.0,-2.0,-75.0
1777892040.1523323,-2.0,-1.0,-68.0
1777892040.1623323,0.0,-3.0,-74.0
1777892040.1723323,0.0,0.0,-81.0
1777892040.1823325,3.0,5.0,-75.0
1777892040.1923325,5.0,3.0,-67.0
1777892040.2023325,8.0,3.0,-60.0
1777892040.2123325,9.0,4.0,-64.0
1777892040.2223325,3.0,1.0,-69.0
1777892040.2333324,-2.0,-1.0,-70.0
1777892040.2433324,-2.0,-3.0,-73.0
1777892040.2533324,2.0,1.0,-70.0
1777892040.2623324,5.0,0.0,-71.0
1777892040.2733324,2.0,-1.0,-70.0
1777892040.2833323,6.0,-2.0,-71.0
1777892040.2933323,4.0,-2.0,-68.0
1777892040.3033323,0.0,-1.0,-73.0
1777892040.3133323,-2.0,0.0,-76.0
1777892040.3233323,-3.0,-4.0,-74.0
1777892040.3333323,0.0,-1.0,-67.0
1777892040.3433323,1.0,1.0,-68.0
1777892040.3533323,-2.0,3.0,-59.0
1777892040.3633325,0.0,3.0,-57.0
1777892040.3733325,3.0,0.0,-62.0
1777892040.3833325,5.0,1.0,-62.0
1777892040.3933325,6.0,-1.0,-67.0
1777892040.4033325,7.0,-2.0,-73.0
1777892040.4133325,4.0,0.0,-72.0
1777892040.4233325,8.0,0.0,-76.0
1777892040.4333324,6.0,0.0,-74.0
1777892040.4433324,7.0,1.0,-79.0
1777892040.4533324,7.0,0.0,-73.0
1777892040.4633324,3.0,-2.0,-70.0
1777892040.4733324,5.0,-5.0,-69.0
1777892040.4833324,6.0,-6.0,-66.0
1777892040.4933324,6.0,-1.0,-65.0
1777892040.5033324,5.0,0.0,-65.0
1777892040.5133324,5.0,1.0,-73.0
1777892040.5233324,3.0,0.0,-76.0
1777892040.5333323,7.0,4.0,-75.0
1777892040.5433323,3.0,5.0,-75.0
1777892040.5533323,3.0,4.0,-81.0
1777892040.5633323,4.0,0.0,-75.0
1777892040.5733323,6.0,-1.0,-75.0
1777892040.5833323,3.0,-3.0,-76.0
1777892040.5933323,5.0,0.0,-79.0
1777892040.6033323,12.0,1.0,-76.0
1777892040.6133325,14.0,0.0,-63.0
1777892040.6233325,17.0,2.0,-66.0
1777892040.6333325,15.0,-3.0,-65.0
1777892040.6433325,11.0,-3.0,-63.0
1777892040.6533325,9.0,-2.0,-68.0
1777892040.6633325,5.0,-4.0,-76.0
1777892040.6733325,4.0,-6.0,-75.0
1777892040.6833324,0.0,-3.0,-84.0
1777892040.6933324,0.0,-5.0,-87.0
1777892040.7033324,2.0,-6.0,-86.0
1777892040.7133324,8.0,-6.0,-78.0
1777892040.7233324,6.0,-7.0,-76.0
1777892040.7333324,6.0,-6.0,-77.0
1777892040.7433324,8.0,-4.0,-71.0
1777892040.7533324,7.0,-3.0,-76.0
1777892040.7633324,1.0,-1.0,-75.0
1777892040.7733324,5.0,0.0,-81.0
1777892040.7833323,4.0,3.0,-81.0
1777892040.7933323,3.0,6.0,-85.0
1777892040.8033323,1.0,2.0,-75.0
1777892040.8133323,5.0,1.0,-71.0
1777892040.8233323,7.0,-4.0,-73.0
1777892040.8333323,4.0,-5.0,-76.0
1777892040.8433323,4.0,-3.0,-75.0
1777892040.8533323,5.0,-3.0,-71.0
1777892040.8633325,2.0,-1.0,-71.0
1777892040.8733325,2.0,-2.0,-73.0
1777892040.8833325,-1.0,1.0,-79.0
1777892040.8933325,0.0,1.0,-77.0
1777892040.9033325,1.0,0.0,-65.0
1777892040.9133325,0.0,-1.0,-64.0
1777892040.9233325,-4.0,2.0,-64.0
1777892040.9333324,-6.0,4.0,-61.0
1777892040.9433324,-4.0,2.0,-66.0
1777892040.9533324,-9.0,5.0,-63.0
1777892040.9633324,-11.0,4.0,-67.0
1777892040.9733324,-7.0,2.0,-66.0
1777892040.9833324,-5.0,0.0,-65.0
1777892040.9933324,-7.0,2.0,-69.0
1777892041.0033324,-5.0,5.0,-71.0
1777892041.0133324,-10.0,6.0,-69.0
1777892041.0233324,-9.0,0.0,-66.0
1777892041.0333323,-8.0,0.0,-67.0
1777892041.0433323,-9.0,0.0,-72.0
1777892041.0533323,-9.0,0.0,-83.0
1777892041.0633323,-11.0,0.0,-78.0
1777892041.0733323,-7.0,0.0,-76.0
1777892041.0833323,-5.0,-2.0,-72.0
1777892041.0933323,-2.0,0.0,-68.0
1777892041.1033323,-1.0,-3.0,-69.0
1777892041.1133325,0.0,-4.0,-72.0
1777892041.1233325,0.0,-3.0,-68.0
1777892041.1333325,0.0,-3.0,-66.0
1777892041.1433325,1.0,-3.0,-66.0
1777892041.1533325,1.0,-2.0,-65.0
1777892041.1633325,4.0,-6.0,-63.0
1777892041.1733325,4.0,-7.0,-69.0
1777892041.1833324,-2.0,-5.0,-71.0
1777892041.1933324,-1.0,-3.0,-67.0
1777892041.2033324,3.0,-5.0,-69.0
1777892041.2133324,4.0,-6.0,-67.0
1777892041.2233324,1.0,-4.0,-62.0
1777892041.2333324,0.0,-3.0,-60.0
1777892041.2433324,0.0,2.0,-67.0
1777892041.2533324,6.0,4.0,-72.0
1777892041.2633324,4.0,2.0,-72.0
1777892041.2733324,2.0,0.0,-73.0
1777892041.2833323,-1.0,-2.0,-78.0
1777892041.2933323,0.0,-2.0,-76.0
1777892041.3033323,-1.0,-2.0,-75.0
1777892041.3133323,0.0,-1.0,-69.0
1777892041.3233323,2.0,-5.0,-68.0
1777892041.3333323,4.0,-5.0,-68.0
1777892041.3433323,3.0,-3.0,-64.0
1777892041.3533323,6.0,-4.0,-59.0
1777892041.3633325,3.0,-3.0,-55.0
1777892041.3733325,0.0,3.0,-56.0
1777892041.3833325,-2.0,3.0,-63.0
1777892041.3933325,0.0,6.0,-57.0
1777892041.4033325,0.0,10.0,-61.0
1777892041.4133325,-3.0,5.0,-67.0
1777892041.4233325,1.0,4.0,-73.0
1777892041.4333324,7.0,2.0,-74.0
1777892041.4433324,4.0,-1.0,-74.0
1777892041.4533324,-2.0,-4.0,-73.0
1777892041.4633324,-3.0,-8.0,-69.0
1777892041.4733324,-5.0,-11.0,-65.0
1777892041.4833324,-7.0,-9.0,-66.0
1777892041.4933324,-3.0,-7.0,-78.0
1777892041.5033324,-2.0,-5.0,-73.0
1777892041.5133324,-1.0,-4.0,-71.0
1777892041.5233324,0.0,-5.0,-67.0
1777892041.5333323,-2.0,-5.0,-69.0
1777892041.5433323,0.0,-1.0,-68.0
1777892041.5533323,3.0,-3.0,-67.0
1777892041.5633323,4.0,-3.0,-73.0
1777892041.5733323,2.0,-4.0,-81.0
1777892041.5833323,5.0,-2.0,-82.0
1777892041.5933323,4.0,-4.0,-84.0
1777892041.6033323,3.0,0.0,-80.0
1777892041.6133325,7.0,3.0,-74.0
1777892041.6233325,6.0,0.0,-71.0
1777892041.6333325,5.0,-4.0,-71.0
1777892041.6433325,5.0,-2.0,-76.0
1777892041.6533325,8.0,-2.0,-71.0
1777892041.6633325,5.0,-2.0,-72.0
1777892041.6733325,5.0,-1.0,-71.0
1777892041.6833324,6.0,-4.0,-67.0
1777892041.6933324,7.0,-3.0,-63.0
1777892041.7033324,4.0,-3.0,-66.0
1777892041.7133324,-1.0,-3.0,-63.0
1777892041.7233324,-2.0,-3.0,-67.0
1777892041.7333324,0.0,-4.0,-76.0
1777892041.7433324,1.0,-3.0,-79.0
1777892041.7533324,3.0,-2.0,-81.0
1777892041.7633324,1.0,-4.0,-74.0
1777892041.7733324,1.0,0.0,-75.0
1777892041.7833323,1.0,4.0,-79.0
1777892041.7933323,4.0,1.0,-83.0
1777892041.8033323,5.0,-1.0,-81.0
1777892041.8133323,2.0,-2.0,-86.0
1777892041.8233323,-1.0,0.0,-80.0
1777892041.8333323,-4.0,-1.0,-82.0
1777892041.8433323,-5.0,0.0,-83.0
1777892041.8533323,-6.0,4.0,-79.0
1777892041.8633325,-6.0,3.0,-76.0
1777892041.8733325,-8.0,1.0,-71.0
1777892041.8833325,-3.0,4.0,-70.0
1777892041.8933325,-2.0,4.0,-62.0
1777892041.9033325,-2.0,1.0,-59.0
1777892041.9133325,-5.0,0.0,-65.0
1777892041.9233325,-7.0,2.0,-63.0
1777892041.9333324,-2.0,1.0,-58.0
1777892041.9433324,3.0,0.0,-66.0
1777892041.9533324,5.0,-2.0,-66.0
1777892041.9633324,4.0,0.0,-70.0
1777892041.9733324,2.0,0.0,-72.0
1777892041.9833324,2.0,-3.0,-81.0
1777892041.9933324,5.0,-2.0,-85.0
1777892042.0033324,2.0,-2.0,-80.0
1777892042.0133324,1.0,-1.0,-76.0
1777892042.0233324,-1.0,-4.0,-73.0
1777892042.0333323,-1.0,-4.0,-73.0
1777892042.0433323,2.0,-1.0,-74.0
1777892042.0533323,6.0,-1.0,-76.0
1777892042.0633323,5.0,2.0,-76.0
1777892042.0733323,2.0,1.0,-75.0
1777892042.0833323,-1.0,1.0,-74.0
1777892042.0933323,-2.0,3.0,-76.0
1777892042.1033323,-1.0,4.0,-79.0
1777892042.1133325,-4.0,0.0,-77.0
1777892042.1233325,-3.0,0.0,-80.0
1777892042.1333325,-2.0,0.0,-78.0
1777892042.1433325,4.0,0.0,-78.0
1777892042.1533325,5.0,0.0,-75.0
1777892042.1633325,-1.0,-1.0,-72.0
1777892042.1733325,-1.0,-3.0,-65.0
1777892042.1833324,0.0,0.0,-67.0
1777892042.1933324,1.0,1.0,-70.0
1777892042.2033324,5.0,-2.0,-67.0
1777892042.2143323,3.0,0.0,-64.0
1777892042.2233324,3.0,3.0,-66.0
1777892042.2343323,1.0,-1.0,-61.0
1777892042.2443323,0.0,-2.0,-59.0
1777892042.2543323,2.0,-2.0,-62.0
1777892042.2643323,4.0,-6.0,-64.0
1777892042.2743323,3.0,-8.0,-66.0
1777892042.2843325,5.0,-6.0,-70.0
1777892042.2943325,7.0,-6.0,-69.0
1777892042.3043325,9.0,-7.0,-71.0
1777892042.3143325,5.0,-3.0,-70.0
1777892042.3243325,3.0,-1.0,-66.0
1777892042.3343325,0.0,-1.0,-70.0
1777892042.3443325,0.0,0.0,-69.0
1777892042.3543324,0.0,0.0,-65.0
1777892042.3643324,-2.0,0.0,-69.0
1777892042.3743324,1.0,3.0,-66.0
1777892042.3843324,2.0,1.0,-68.0
1777892042.3943324,5.0,0.0,-67.0
1777892042.4043324,2.0,-1.0,-69.0
1777892042.4143324,2.0,1.0,-69.0
1777892042.4243324,0.0,0.0,-66.0
1777892042.4343324,0.0,0.0,-66.0
1777892042.4443324,0.0,-3.0,-64.0
1777892042.4543324,1.0,-3.0,-63.0
1777892042.4643323,0.0,-3.0,-65.0
1777892042.4743323,0.0,-3.0,-68.0
1777892042.4843323,-3.0,-5.0,-70.0
1777892042.4943323,-1.0,-7.0,-74.0
1777892042.5043323,4.0,-7.0,-72.0
1777892042.5143323,8.0,-10.0,-77.0
1777892042.5243323,5.0,-10.0,-75.0
1777892042.5343325,3.0,-9.0,-72.0
1777892042.5443325,-3.0,-6.0,-76.0
1777892042.5543325,-4.0,-4.0,-76.0
1777892042.5643325,-5.0,0.0,-75.0
1777892042.5743325,-2.0,0.0,-68.0
1777892042.5843325,0.0,-4.0,-68.0
1777892042.5943325,0.0,-4.0,-71.0
1777892042.6043324,1.0,0.0,-69.0
1777892042.6143324,-2.0,-1.0,-71.0
1777892042.6243324,-2.0,-2.0,-71.0
1777892042.6343324,0.0,-3.0,-74.0
1777892042.6443324,6.0,-1.0,-76.0
1777892042.6543324,4.0,-2.0,-75.0
1777892042.6643324,2.0,-2.0,-76.0
1777892042.6743324,0.0,-3.0,-72.0
1777892042.6843324,3.0,0.0,-67.0
1777892042.6943324,3.0,0.0,-65.0
1777892042.7043324,0.0,0.0,-69.0
1777892042.7143323,-3.0,1.0,-73.0
1777892042.7243323,2.0,0.0,-71.0
1777892042.7343323,6.0,0.0,-69.0
1777892042.7443323,3.0,1.0,-68.0
1777892042.7543323,0.0,-1.0,-64.0
1777892042.7643323,-2.0,0.0,-70.0
1777892042.7743323,-4.0,-1.0,-73.0
1777892042.7843325,-3.0,-4.0,-77.0
1777892042.7943325,-5.0,-3.0,-80.0
1777892042.8043325,-9.0,-5.0,-80.0
1777892042.8143325,-8.0,-5.0,-79.0
1777892042.8243325,-5.0,-4.0,-81.0
1777892042.8343325,-6.0,-3.0,-83.0
1777892042.8443325,2.0,0.0,-79.0
1777892042.8543324,2.0,5.0,-67.0
1777892042.8643324,-1.0,1.0,-66.0
1777892042.8743324,-1.0,-1.0,-71.0
1777892042.8843324,1.0,-1.0,-67.0
1777892042.8943324,0.0,-2.0,-66.0
1777892042.9043324,2.0,-2.0,-63.0
1777892042.9143324,3.0,-1.0,-62.0
1777892042.9243324,1.0,-2.0,-66.0
1777892042.9343324,1.0,3.0,-68.0
1777892042.9443324,1.0,3.0,-71.0
1777892042.9543324,1.0,4.0,-72.0
1777892042.9643323,2.0,1.0,-67.0
1777892042.9743323,4.0,0.0,-67.0
1777892042.9843323,4.0,-3.0,-66.0
1777892042.9943323,4.0,-4.0,-72.0
1777892043.0043323,4.0,-7.0,-76.0
1777892043.0143323,0.0,-6.0,-73.0
1777892043.0243323,2.0,-1.0,-69.0
1777892043.0343325,2.0,0.0,-73.0
1777892043.0443325,0.0,0.0,-74.0
1777892043.0543325,3.0,-3.0,-74.0
1777892043.0643325,1.0,-2.0,-76.0
1777892043.0743325,0.0,-5.0,-80.0
1777892043.0843325,2.0,-3.0,-83.0
1777892043.0943325,5.0,-4.0,-80.0
1777892043.1043324,6.0,-1.0,-83.0
1777892043.1143324,5.0,-4.0,-80.0
1777892043.1243324,3.0,-2.0,-80.0
1777892043.1343324,4.0,-4.0,-82.0
1777892043.1443324,4.0,-4.0,-79.0
1777892043.1543324,1.0,0.0,-77.0
1777892043.1643324,0.0,4.0,-75.0
1777892043.1743324,-3.0,5.0,-72.0
1777892043.1843324,0.0,4.0,-74.0
1777892043.1943324,4.0,1.0,-72.0
1777892043.2043324,1.0,5.0,-74.0
1777892043.2143323,1.0,7.0,-69.0
1777892043.2243323,5.0,5.0,-69.0
1777892043.2343323,3.0,5.0,-72.0
1777892043.2443323,1.0,3.0,-69.0
1777892043.2543323,3.0,0.0,-68.0
1777892043.2643323,0.0,-2.0,-63.0
1777892043.2743323,2.0,2.0,-70.0
1777892043.2843325,0.0,2.0,-67.0
1777892043.2943325,3.0,-1.0,-61.0
1777892043.3043325,2.0,1.0,-63.0
1777892043.3143325,6.0,0.0,-57.0
1777892043.3243325,10.0,0.0,-60.0
1777892043.3343325,7.0,-1.0,-61.0
1777892043.3443325,1.0,-1.0,-59.0
1777892043.3543324,0.0,-4.0,-62.0
1777892043.3643324,0.0,-3.0,-61.0
1777892043.3743324,0.0,-4.0,-65.0
1777892043.3843324,2.0,-3.0,-61.0
1777892043.3943324,4.0,0.0,-56.0
1777892043.4043324,-2.0,-2.0,-60.0
1777892043.4143324,-3.0,-2.0,-62.0
1777892043.4243324,-1.0,-6.0,-66.0
1777892043.4343324,2.0,-4.0,-69.0
1777892043.4443324,3.0,0.0,-68.0
1777892043.4543324,5.0,-4.0,-75.0
1777892043.4643323,3.0,-5.0,-77.0
1777892043.4743323,3.0,-4.0,-79.0
1777892043.4843323,7.0,-4.0,-81.0
1777892043.4943323,4.0,-3.0,-76.0
1777892043.5043323,2.0,-4.0,-78.0
1777892043.5143323,3.0,-5.0,-71.0
1777892043.5243323,-1.0,-1.0,-71.0
1777892043.5343325,5.0,-2.0,-73.0
1777892043.5443325,1.0,-5.0,-75.0
1777892043.5543325,0.0,-4.0,-76.0
1777892043.5643325,-1.0,-3.0,-76.0
1777892043.5743325,0.0,-4.0,-76.0
1777892043.5843325,2.0,-4.0,-73.0
1777892043.5943325,3.0,-4.0,-73.0
1777892043.6043324,1.0,-4.0,-69.0
1777892043.6143324,-1.0,0.0,-67.0
1777892043.6243324,0.0,0.0,-70.0
1777892043.6343324,2.0,0.0,-73.0
1777892043.6443324,-1.0,0.0,-75.0
1777892043.6543324,0.0,-4.0,-80.0
1777892043.6643324,2.0,-3.0,-73.0
1777892043.6743324,0.0,0.0,-79.0
1777892043.6843324,-2.0,0.0,-80.0
1777892043.6943324,-2.0,-1.0,-76.0
1777892043.7043324,0.0,-2.0,-75.0
1777892043.7143323,0.0,0.0,-72.0
1777892043.7243323,1.0,-3.0,-73.0
1777892043.7343323,0.0,-5.0,-79.0
1777892043.7443323,-1.0,-3.0,-81.0
1777892043.7543323,-4.0,-5.0,-73.0
1777892043.7643323,-6.0,-4.0,-71.0
1777892043.7743323,-1.0,-3.0,-75.0
1777892043.7843325,1.0,-1.0,-70.0
1777892043.7943325,-1.0,-2.0,-73.0
1777892043.8043325,-2.0,-6.0,-74.0
1777892043.8143325,1.0,-2.0,-70.0
1777892043.8243325,-1.0,0.0,-76.0
1777892043.8343325,-4.0,1.0,-77.0
1777892043.8443325,-1.0,0.0,-75.0
1777892043.8543324,1.0,1.0,-76.0
1777892043.8643324,3.0,-1.0,-79.0
1777892043.8743324,2.0,0.0,-77.0
1777892043.8843324,5.0,1.0,-79.0
1777892043.8943324,3.0,3.0,-72.0
1777892043.9043324,7.0,4.0,-66.0
1777892043.9143324,3.0,0.0,-67.0
1777892043.9243324,1.0,2.0,-62.0
1777892043.9343324,4.0,1.0,-61.0
1777892043.9443324,6.0,4.0,-68.0
1777892043.9543324,2.0,4.0,-65.0
1777892043.9643323,1.0,0.0,-64.0
1777892043.9743323,4.0,-1.0,-64.0
1777892043.9843323,3.0,0.0,-67.0
1777892043.9943323,1.0,0.0,-69.0
1777892044.0043323,0.0,0.0,-73.0
1777892044.0143323,-1.0,-1.0,-67.0
1777892044.0243323,0.0,-1.0,-65.0
1777892044.0343325,2.0,-2.0,-66.0
1777892044.0443325,1.0,-2.0,-74.0
1777892044.0543325,0.0,-3.0,-71.0
1777892044.0643325,0.0,-7.0,-69.0
1777892044.0753324,3.0,-5.0,-69.0
1777892044.0843325,3.0,-7.0,-69.0
1777892044.0943325,2.0,-7.0,-63.0
1777892044.1043324,4.0,-2.0,-65.0
1777892044.1143324,2.0,-2.0,-66.0
1777892044.1243324,5.0,0.0,-69.0
1777892044.1343324,7.0,-2.0,-71.0
1777892044.1443324,4.0,-4.0,-77.0
1777892044.1543324,0.0,-3.0,-81.0
1777892044.1643324,1.0,-3.0,-82.0
1777892044.1743324,1.0,-4.0,-78.0
1777892044.1843324,1.0,-7.0,-78.0
1777892044.1943324,-2.0,-4.0,-74.0
1777892044.2043324,0.0,-7.0,-67.0
1777892044.2143323,1.0,-6.0,-65.0
1777892044.2253325,2.0,-2.0,-67.0
1777892044.2353325,5.0,-1.0,-69.0
1777892044.2443323,5.0,-1.0,-72.0
1777892044.2553325,7.0,-1.0,-78.0
1777892044.2653325,6.0,-3.0,-81.0
1777892044.2753325,4.0,-6.0,-83.0
1777892044.2853324,3.0,-6.0,-84.0
1777892044.2953324,0.0,-8.0,-80.0
1777892044.3053324,0.0,-8.0,-80.0
1777892044.3153324,-1.0,-3.0,-73.0
1777892044.3253324,-2.0,0.0,-73.0
1777892044.3353324,-1.0,0.0,-67.0
1777892044.3453324,0.0,-1.0,-65.0
1777892044.3553324,3.0,0.0,-72.0
1777892044.3653324,-1.0,0.0,-69.0
1777892044.3753324,-5.0,1.0,-70.0
1777892044.3853323,-5.0,0.0,-72.0
1777892044.3953323,-5.0,0.0,-73.0
1777892044.4053323,-2.0,-1.0,-67.0
1777892044.4153323,0.0,-7.0,-70.0
1777892044.4253323,2.0,-7.0,-71.0
1777892044.4353323,7.0,-1.0,-73.0
1777892044.4453323,4.0,-3.0,-77.0
1777892044.4553325,3.0,-2.0,-75.0
1777892044.4653325,7.0,-4.0,-68.0
1777892044.4753325,8.0,-3.0,-73.0
1777892044.4853325,2.0,-3.0,-72.0
1777892044.4953325,-3.0,0.0,-70.0
1777892044.5053325,-7.0,0.0,-73.0
1777892044.5153325,-3.0,-1.0,-75.0
1777892044.5253325,-5.0,-2.0,-78.0
1777892044.5353324,-6.0,-1.0,-76.0
1777892044.5453324,-1.0,-2.0,-71.0
1777892044.5553324,-1.0,-1.0,-65.0
1777892044.5653324,1.0,-2.0,-68.0
1777892044.5753324,0.0,-1.0,-69.0
1777892044.5853324,0.0,-1.0,-75.0
1777892044.5953324,-3.0,-4.0,-77.0
1777892044.6053324,2.0,-4.0,-72.0
1777892044.6153324,3.0,-7.0,-71.0
1777892044.6253324,3.0,0.0,-70.0
1777892044.6353323,5.0,3.0,-70.0
1777892044.6453323,1.0,1.0,-64.0
1777892044.6553323,2.0,0.0,-62.0
1777892044.6653323,0.0,1.0,-72.0
1777892044.6753323,2.0,-1.0,-77.0
1777892044.6853323,1.0,0.0,-73.0
1777892044.6953323,0.0,-1.0,-74.0
1777892044.7053325,1.0,-3.0,-71.0
1777892044.7153325,3.0,-1.0,-68.0
1777892044.7253325,0.0,0.0,-72.0
1777892044.7353325,-3.0,2.0,-75.0
1777892044.7453325,-4.0,2.0,-72.0
1777892044.7553325,1.0,-1.0,-69.0
1777892044.7653325,3.0,0.0,-69.0
1777892044.7753325,0.0,-1.0,-69.0
1777892044.7853324,2.0,-1.0,-70.0
1777892044.7953324,1.0,0.0,-66.0
1777892044.8053324,4.0,1.0,-64.0
1777892044.8153324,4.0,0.0,-65.0
1777892044.8253324,3.0,2.0,-73.0
1777892044.8353324,1.0,5.0,-70.0
1777892044.8453324,4.0,4.0,-68.0
1777892044.8553324,-2.0,3.0,-66.0
1777892044.8653324,-1.0,0.0,-65.0
1777892044.8753324,0.0,0.0,-65.0
1777892044.8853323,-7.0,-2.0,-70.0
1777892044.8953323,-4.0,0.0,-69.0
1777892044.9053323,-6.0,-1.0,-66.0
1777892044.9153323,-3.0,0.0,-73.0
1777892044.9253323,0.0,0.0,-75.0
1777892044.9353323,0.0,0.0,-78.0
1777892044.9453323,3.0,1.0,-77.0
1777892044.9553325,1.0,4.0,-77.0
1777892044.9653325,-1.0,0.0,-77.0
1777892044.9753325,-2.0,1.0,-71.0
1777892044.9853325,2.0,0.0,-66.0
1777892044.9953325,5.0,0.0,-69.0
1777892045.0053325,4.0,0.0,-62.0
1777892045.0153325,2.0,1.0,-60.0
1777892045.0253325,0.0,-1.0,-61.0
1777892045.0353324,-3.0,-5.0,-60.0
1777892045.0453324,-4.0,-4.0,-66.0
1777892045.0553324,-3.0,-4.0,-69.0
1777892045.0653324,0.0,1.0,-73.0
1777892045.0753324,0.0,0.0,-62.0
1777892045.0853324,0.0,-3.0,-63.0
1777892045.0953324,0.0,-3.0,-64.0
1777892045.1053324,3.0,-5.0,-67.0
1777892045.1153324,5.0,-7.0,-70.0
1777892045.1253324,4.0,-8.0,-73.0
1777892045.1353323,6.0,-6.0,-74.0
1777892045.1453323,6.0,-1.0,-70.0
1777892045.1553323,7.0,0.0,-72.0
1777892045.1653323,5.0,0.0,-75.0
1777892045.1753323,3.0,2.0,-73.0
1777892045.1853323,2.0,1.0,-73.0
1777892045.1953323,1.0,4.0,-69.0
1777892045.2053325,6.0,3.0,-71.0
1777892045.2153325,4.0,2.0,-69.0
1777892045.2253325,1.0,4.0,-63.0
1777892045.2353325,3.0,2.0,-68.0
1777892045.2453325,7.0,1.0,-74.0
1777892045.2553325,2.0,-1.0,-79.0
1777892045.2653325,0.0,-1.0,-72.0
1777892045.2753325,0.0,-2.0,-74.0
1777892045.2853324,0.0,-5.0,-74.0
1777892045.2953324,1.0,-1.0,-65.0
1777892045.3053324,0.0,0.0,-73.0
1777892045.3153324,0.0,0.0,-75.0
1777892045.3253324,0.0,-2.0,-79.0
1777892045.3353324,0.0,-5.0,-77.0
1777892045.3453324,2.0,-4.0,-80.0
1777892045.3553324,7.0,-3.0,-82.0
1777892045.3653324,8.0,-5.0,-79.0
1777892045.3753324,4.0,-4.0,-77.0
1777892045.3853323,4.0,-5.0,-78.0
1777892045.3953323,0.0,-7.0,-80.0
1777892045.4053323,-1.0,-6.0,-74.0
1777892045.4153323,-2.0,-5.0,-73.0
1777892045.4253323,0.0,-4.0,-65.0
1777892045.4353323,0.0,-6.0,-65.0
1777892045.4453323,2.0,-5.0,-66.0
1777892045.4553325,5.0,-2.0,-67.0
1777892045.4653325,6.0,-5.0,-74.0
1777892045.4753325,6.0,-4.0,-74.0
1777892045.4853325,7.0,-4.0,-74.0
1777892045.4953325,5.0,-4.0,-73.0
1777892045.5053325,5.0,-5.0,-77.0
1777892045.5153325,6.0,-2.0,-73.0
1777892045.5253325,2.0,0.0,-74.0
1777892045.5353324,1.0,3.0,-67.0
1777892045.5453324,-1.0,3.0,-71.0
1777892045.5553324,4.0,0.0,-74.0
1777892045.5653324,0.0,0.0,-74.0
1777892045.5753324,-3.0,0.0,-76.0
1777892045.5853324,-2.0,0.0,-83.0
1777892045.5953324,0.0,-1.0,-81.0
1777892045.6053324,0.0,1.0,-82.0
1777892045.6153324,1.0,0.0,-84.0
1777892045.6253324,1.0,-3.0,-81.0
1777892045.6353323,3.0,-5.0,-80.0
1777892045.6453323,7.0,0.0,-76.0
1777892045.6553323,1.0,-2.0,-76.0
1777892045.6653323,0.0,-1.0,-78.0
1777892045.6753323,-4.0,-3.0,-75.0
1777892045.6853323,1.0,-5.0,-74.0
1777892045.6953323,4.0,-6.0,-71.0
1777892045.7053325,5.0,0.0,-67.0
1777892045.7153325,2.0,1.0,-70.0
1777892045.7253325,0.0,1.0,-74.0
1777892045.7353325,-2.0,-1.0,-67.0
1777892045.7453325,-4.0,-4.0,-69.0
1777892045.7553325,-3.0,-4.0,-74.0
1777892045.7653325,-2.0,-3.0,-77.0
1777892045.7753325,4.0,-5.0,-78.0
1777892045.7853324,9.0,-5.0,-77.0
1777892045.7953324,9.0,0.0,-77.0
1777892045.8053324,8.0,-2.0,-79.0
1777892045.8153324,7.0,-2.0,-80.0
1777892045.8253324,4.0,0.0,-80.0
1777892045.8353324,3.0,4.0,-75.0
1777892045.8453324,2.0,2.0,-73.0
1777892045.8553324,3.0,0.0,-81.0
1777892045.8653324,3.0,2.0,-77.0
1777892045.8753324,2.0,0.0,-79.0
1777892045.8853323,0.0,-1.0,-79.0
1777892045.8953323,3.0,0.0,-77.0
1777892045.9053323,6.0,-1.0,-76.0
1777892045.9153323,6.0,-6.0,-81.0
1777892045.9253323,8.0,-6.0,-76.0
1777892045.9353323,8.0,-3.0,-70.0
1777892045.9453323,5.0,-2.0,-71.0
1777892045.9553325,2.0,0.0,-72.0
1777892045.9653325,0.0,-2.0,-74.0
1777892045.9753325,-4.0,0.0,-77.0
1777892045.9853325,-7.0,0.0,-73.0
1777892045.9953325,-9.0,2.0,-69.0
1777892046.0053325,-2.0,4.0,-75.0
1777892046.0153325,-5.0,5.0,-71.0
1777892046.0253325,-4.0,6.0,-65.0
1777892046.0353324,-4.0,2.0,-68.0
1777892046.0453324,-4.0,0.0,-76.0
1777892046.0553324,-4.0,-2.0,-72.0
1777892046.0653324,-5.0,-2.0,-63.0
1777892046.0753324,-4.0,-5.0,-59.0
1777892046.0853324,-5.0,-3.0,-58.0
1777892046.0953324,-6.0,0.0,-62.0
1777892046.1053324,-5.0,3.0,-61.0
1777892046.1153324,-5.0,7.0,-69.0
1777892046.1253324,-3.0,3.0,-68.0
1777892046.1353323,0.0,-2.0,-71.0
1777892046.1453323,2.0,-4.0,-73.0
1777892046.1553323,3.0,-3.0,-66.0
1777892046.1653323,5.0,-3.0,-62.0
1777892046.1763325,5.0,-5.0,-61.0
1777892046.1853323,7.0,0.0,-62.0
1777892046.1953323,4.0,0.0,-63.0
1777892046.2063324,5.0,-1.0,-66.0
1777892046.2163324,3.0,-4.0,-74.0
1777892046.2263324,3.0,-7.0,-72.0
1777892046.2363324,1.0,-4.0,-67.0
1777892046.2453325,6.0,-3.0,-70.0
1777892046.2563324,5.0,-4.0,-68.0
1777892046.2663324,7.0,-1.0,-68.0
1777892046.2763324,9.0,0.0,-72.0
1777892046.2863324,5.0,2.0,-77.0
1777892046.2963324,5.0,2.0,-80.0
1777892046.3063323,5.0,-2.0,-76.0
1777892046.3163323,2.0,-1.0,-72.0
1777892046.3263323,0.0,-4.0,-70.0
1777892046.3363323,-4.0,-2.0,-70.0
1777892046.3463323,-4.0,-2.0,-69.0
1777892046.3563323,1.0,-3.0,-70.0
1777892046.3663323,5.0,-4.0,-72.0
1777892046.3763323,7.0,-3.0,-74.0
1777892046.3863325,8.0,-2.0,-69.0
1777892046.3963325,11.0,2.0,-69.0
1777892046.4063325,13.0,1.0,-75.0
1777892046.4163325,10.0,-2.0,-84.0
1777892046.4263325,9.0,-2.0,-85.0
1777892046.4363325,5.0,-3.0,-78.0
1777892046.4463325,1.0,-3.0,-77.0
1777892046.4563324,0.0,-8.0,-79.0
1777892046.4663324,-6.0,-5.0,-78.0
1777892046.4763324,-1.0,-5.0,-83.0
1777892046.4863324,-3.0,-2.0,-85.0
1777892046.4963324,-3.0,-5.0,-77.0
1777892046.5063324,-4.0,-4.0,-73.0
1777892046.5163324,-3.0,-5.0,-75.0
1777892046.5263324,-4.0,-4.0,-73.0
1777892046.5363324,0.0,-2.0,-76.0
1777892046.5463324,2.0,0.0,-77.0
1777892046.5563323,1.0,0.0,-71.0
1777892046.5663323,-1.0,0.0,-68.0
1777892046.5763323,-1.0,-1.0,-75.0
1777892046.5863323,-4.0,1.0,-68.0
1777892046.5963323,-7.0,5.0,-71.0
1777892046.6063323,-2.0,3.0,-74.0
1777892046.6163323,1.0,2.0,-73.0
1777892046.6263323,3.0,2.0,-75.0
1777892046.6363325,2.0,0.0,-77.0
1777892046.6463325,0.0,0.0,-77.0
1777892046.6563325,3.0,-4.0,-75.0
1777892046.6663325,5.0,-6.0,-76.0
1777892046.6763325,0.0,-2.0,-77.0
1777892046.6863325,0.0,0.0,-71.0
1777892046.6963325,-3.0,4.0,-66.0
1777892046.7063324,-7.0,3.0,-68.0
1777892046.7163324,-1.0,5.0,-73.0
1777892046.7263324,-4.0,2.0,-71.0
1777892046.7363324,-6.0,2.0,-74.0
1777892046.7463324,-10.0,2.0,-77.0
1777892046.7563324,-12.0,3.0,-76.0
1777892046.7663324,-8.0,1.0,-81.0
1777892046.7763324,-4.0,-1.0,-78.0
1777892046.7863324,-4.0,-4.0,-76.0
1777892046.7963324,-2.0,-4.0,-74.0
1777892046.8063323,-2.0,-4.0,-77.0
1777892046.8163323,1.0,-2.0,-72.0
1777892046.8263323,-1.0,0.0,-73.0
1777892046.8363323,1.0,-2.0,-75.0
1777892046.8463323,1.0,-2.0,-76.0
1777892046.8563323,2.0,0.0,-71.0
1777892046.8663323,-3.0,-2.0,-74.0
1777892046.8763323,1.0,-3.0,-72.0
1777892046.8863325,1.0,-3.0,-81.0
1777892046.8963325,1.0,-6.0,-83.0
1777892046.9063325,0.0,-3.0,-83.0
1777892046.9163325,-1.0,-3.0,-80.0
1777892046.9263325,0.0,-2.0,-74.0
1777892046.9363325,3.0,-3.0,-77.0
1777892046.9463325,1.0,-6.0,-77.0
1777892046.9563324,-1.0,-6.0,-75.0
1777892046.9663324,2.0,-3.0,-73.0
1777892046.9763324,4.0,1.0,-75.0
1777892046.9863324,2.0,5.0,-72.0
1777892046.9963324,1.0,4.0,-76.0
1777892047.0063324,0.0,0.0,-68.0
1777892047.0163324,3.0,-1.0,-68.0
1777892047.0263324,1.0,0.0,-75.0
1777892047.0363324,-1.0,-2.0,-75.0
1777892047.0463324,0.0,-2.0,-75.0
1777892047.0563323,1.0,-5.0,-69.0
1777892047.0663323,1.0,-2.0,-67.0
1777892047.0763323,0.0,-3.0,-72.0
1777892047.0863323,-1.0,0.0,-71.0
1777892047.0963323,0.0,1.0,-67.0
1777892047.1063323,0.0,0.0,-70.0
1777892047.1163323,-1.0,-4.0,-70.0
1777892047.1263323,-1.0,-6.0,-63.0
1777892047.1363325,0.0,-4.0,-67.0
1777892047.1463325,1.0,-9.0,-69.0
1777892047.1563325,0.0,-8.0,-65.0
1777892047.1663325,1.0,-9.0,-67.0
1777892047.1763325,3.0,-6.0,-73.0
1777892047.1863325,5.0,-6.0,-83.0
1777892047.1963325,6.0,-4.0,-82.0
1777892047.2063324,8.0,-5.0,-80.0
1777892047.2163324,4.0,-3.0,-82.0
1777892047.2263324,-3.0,-2.0,-84.0
1777892047.2363324,0.0,-4.0,-78.0
1777892047.2463324,-2.0,-4.0,-81.0
1777892047.2563324,-5.0,-6.0,-87.0
1777892047.2663324,-3.0,-5.0,-75.0
1777892047.2763324,-3.0,-1.0,-72.0
1777892047.2863324,-3.0,0.0,-72.0
1777892047.2963324,-1.0,0.0,-71.0
1777892047.3063323,0.0,-2.0,-75.0
1777892047.3163323,0.0,0.0,-81.0
1777892047.3263323,4.0,-1.0,-84.0
1777892047.3363323,3.0,-3.0,-75.0
1777892047.3463323,0.0,-5.0,-71.0
1777892047.3563323,-3.0,-4.0,-75.0
1777892047.3663323,-7.0,-2.0,-72.0
1777892047.3763323,0.0,-1.0,-79.0
1777892047.3863325,2.0,-3.0,-78.0
1777892047.3963325,4.0,-7.0,-78.0
1777892047.4063325,-1.0,-4.0,-68.0
1777892047.4163325,-2.0,-2.0,-68.0
1777892047.4263325,-3.0,-2.0,-68.0
1777892047.4363325,0.0,-2.0,-73.0
1777892047.4463325,-3.0,-2.0,-74.0
1777892047.4563324,-2.0,-7.0,-73.0
1777892047.4663324,-5.0,-6.0,-75.0
1777892047.4763324,-5.0,-3.0,-73.0
1777892047.4863324,-3.0,0.0,-72.0
1777892047.4963324,-1.0,0.0,-77.0
1777892047.5063324,1.0,0.0,-76.0
1777892047.5163324,1.0,-1.0,-71.0
1777892047.5263324,1.0,-2.0,-72.0
1777892047.5363324,2.0,-5.0,-71.0
1777892047.5463324,-3.0,-4.0,-66.0
1777892047.5563323,-3.0,-4.0,-63.0
1777892047.5663323,-6.0,-1.0,-63.0
1777892047.5763323,-3.0,-4.0,-66.0
1777892047.5863323,-4.0,-7.0,-71.0
1777892047.5963323,-2.0,-4.0,-70.0
1777892047.6063323,0.0,-8.0,-75.0
1777892047.6163323,2.0,-9.0,-75.0
1777892047.6263323,1.0,-10.0,-74.0
1777892047.6363325,-2.0,-8.0,-73.0
1777892047.6463325,-4.0,-2.0,-69.0
1777892047.6563325,0.0,-6.0,-76.0
1777892047.6663325,1.0,-9.0,-82.0
1777892047.6763325,3.0,-8.0,-78.0
1777892047.6863325,6.0,-7.0,-82.0
1777892047.6963325,2.0,-3.0,-82.0
1777892047.7063324,1.0,-2.0,-77.0
1777892047.7163324,2.0,-5.0,-71.0
1777892047.7263324,-2.0,-6.0,-73.0
1777892047.7363324,-2.0,-8.0,-75.0
1777892047.7463324,-4.0,-7.0,-77.0
1777892047.7563324,-1.0,-4.0,-82.0
1777892047.7663324,0.0,-2.0,-88.0
1777892047.7763324,0.0,-4.0,-85.0
1777892047.7863324,0.0,-4.0,-84.0
1777892047.7963324,-3.0,-7.0,-84.0
1777892047.8063323,-7.0,-5.0,-77.0
1777892047.8163323,-10.0,1.0,-75.0
1777892047.8263323,-11.0,3.0,-66.0
1777892047.8363323,-11.0,9.0,-66.0
1777892047.8463323,-7.0,7.0,-63.0
1777892047.8563323,-5.0,1.0,-62.0
1777892047.8663323,-5.0,1.0,-66.0
1777892047.8763323,0.0,0.0,-74.0
1777892047.8863325,1.0,0.0,-75.0
1777892047.8963325,1.0,-2.0,-75.0
1777892047.9063325,1.0,2.0,-73.0
1777892047.9163325,2.0,0.0,-73.0
1777892047.9263325,4.0,1.0,-69.0
1777892047.9363325,5.0,0.0,-65.0
1777892047.9463325,6.0,3.0,-65.0
1777892047.9563324,8.0,4.0,-65.0
1777892047.9663324,7.0,2.0,-68.0
1777892047.9763324,8.0,1.0,-68.0
1777892047.9863324,9.0,5.0,-69.0
1777892047.9963324,4.0,5.0,-69.0
1777892048.0063324,5.0,6.0,-74.0
1777892048.0163324,7.0,11.0,-71.0
1777892048.0263324,9.0,8.0,-70.0
1777892048.0363324,10.0,8.0,-69.0
1777892048.0463324,14.0,6.0,-66.0
1777892048.0563323,9.0,3.0,-65.0
1777892048.0663323,7.0,0.0,-71.0
1777892048.0763323,3.0,1.0,-67.0
1777892048.0863323,0.0,0.0,-70.0
1777892048.0963323,0.0,2.0,-68.0
1777892048.1063323,0.0,0.0,-76.0
1777892048.1163323,-1.0,-1.0,-81.0
1777892048.1263323,-3.0,-1.0,-90.0
1777892048.1363325,-3.0,0.0,-84.0
1777892048.1463325,-6.0,3.0,-78.0
1777892048.1563325,-5.0,4.0,-76.0
1777892048.1663325,-1.0,8.0,-83.0
1777892048.1763325,-5.0,5.0,-80.0
1777892048.1863325,-5.0,2.0,-77.0
1777892048.1973324,-3.0,0.0,-76.0
1777892048.2073324,-3.0,-2.0,-74.0
1777892048.2173324,-3.0,-2.0,-76.0
1777892048.2273324,-4.0,-2.0,-76.0
1777892048.2373323,-1.0,0.0,-79.0
1777892048.2473323,1.0,1.0,-74.0
1777892048.2573323,0.0,4.0,-78.0
1777892048.2673323,0.0,2.0,-81.0
1777892048.2773323,-3.0,0.0,-79.0
1777892048.2873323,-2.0,0.0,-75.0
1777892048.2973323,2.0,0.0,-70.0
1777892048.3073325,2.0,0.0,-69.0
1777892048.3173325,1.0,0.0,-71.0
1777892048.3273325,0.0,2.0,-74.0
1777892048.3373325,1.0,0.0,-74.0
1777892048.3473325,-1.0,-2.0,-74.0
1777892048.3573325,-4.0,-3.0,-73.0
1777892048.3673325,-2.0,1.0,-69.0
1777892048.3773324,-1.0,-3.0,-59.0
1777892048.3873324,2.0,0.0,-60.0
1777892048.3973324,1.0,-3.0,-65.0
1777892048.4073324,0.0,-4.0,-67.0
1777892048.4173324,3.0,-6.0,-72.0
1777892048.4273324,6.0,-4.0,-72.0
1777892048.4373324,7.0,-3.0,-71.0
1777892048.4473324,5.0,-4.0,-71.0
1777892048.4573324,-1.0,0.0,-65.0
1777892048.4673324,1.0,-5.0,-71.0
1777892048.4773324,0.0,-2.0,-76.0
1777892048.4873323,1.0,-2.0,-81.0
1777892048.4973323,2.0,-3.0,-79.0
1777892048.5073323,2.0,-2.0,-80.0
1777892048.5173323,2.0,-2.0,-79.0
1777892048.5273323,0.0,-2.0,-79.0
1777892048.5373323,2.0,-5.0,-76.0
1777892048.5473323,3.0,-3.0,-72.0
1777892048.5573325,5.0,0.0,-75.0
1777892048.5673325,6.0,0.0,-68.0
1777892048.5773325,11.0,0.0,-75.0
1777892048.5873325,10.0,-2.0,-72.0
1777892048.5973325,8.0,-3.0,-75.0
1777892048.6073325,4.0,0.0,-80.0
1777892048.6173325,2.0,6.0,-77.0
1777892048.6273324,4.0,9.0,-71.0
1777892048.6373324,4.0,9.0,-69.0
1777892048.6473324,8.0,9.0,-70.0
1777892048.6573324,7.0,5.0,-65.0
1777892048.6673324,5.0,7.0,-63.0
1777892048.6773324,6.0,4.0,-70.0
1777892048.6873324,3.0,3.0,-68.0
1777892048.6973324,0.0,0.0,-69.0
1777892048.7073324,0.0,0.0,-74.0
1777892048.7173324,3.0,1.0,-68.0
1777892048.7273324,5.0,1.0,-75.0
1777892048.7373323,3.0,4.0,-74.0
1777892048.7473323,5.0,2.0,-69.0
1777892048.7573323,2.0,4.0,-72.0
1777892048.7673323,2.0,3.0,-74.0
1777892048.7773323,-1.0,1.0,-74.0
1777892048.7873323,0.0,0.0,-76.0
1777892048.7973323,1.0,-2.0,-76.0
1777892048.8073325,2.0,-2.0,-68.0
1777892048.8173325,-1.0,-2.0,-62.0
1777892048.8273325,5.0,-4.0,-68.0
1777892048.8373325,3.0,-6.0,-69.0
1777892048.8473325,2.0,-4.0,-74.0
1777892048.8573325,-3.0,0.0,-83.0
1777892048.8673325,0.0,-3.0,-83.0
1777892048.8773324,2.0,-3.0,-87.0
1777892048.8883324,3.0,-5.0,-78.0
1777892048.8973324,5.0,-4.0,-69.0
1777892048.9073324,6.0,0.0,-64.0
1777892048.9173324,3.0,-2.0,-64.0
1777892048.9273324,2.0,-1.0,-60.0
1777892048.9373324,2.0,-2.0,-61.0
1777892048.9473324,3.0,0.0,-68.0
1777892048.9573324,2.0,-3.0,-70.0
1777892048.9673324,1.0,-3.0,-73.0
1777892048.9773324,-1.0,-1.0,-74.0
1777892048.9873323,-3.0,-3.0,-79.0
1777892048.9973323,0.0,-2.0,-85.0
1777892049.0073323,-1.0,-3.0,-82.0
1777892049.0173323,2.0,-1.0,-82.0
1777892049.0273323,4.0,0.0,-80.0
1777892049.0373323,2.0,-1.0,-79.0
1777892049.0473323,7.0,-1.0,-71.0
1777892049.0573325,5.0,-1.0,-72.0
1777892049.0673325,3.0,-1.0,-74.0
1777892049.0773325,4.0,-1.0,-72.0
1777892049.0873325,7.0,-2.0,-70.0
1777892049.0973325,5.0,-5.0,-71.0
1777892049.1073325,7.0,-6.0,-67.0
1777892049.1173325,6.0,-9.0,-67.0
1777892049.1273324,5.0,-7.0,-74.0
1777892049.1373324,6.0,-6.0,-68.0
1777892049.1473324,7.0,-4.0,-76.0
1777892049.1573324,6.0,0.0,-76.0
1777892049.1673324,4.0,-1.0,-73.0
1777892049.1773324,2.0,-3.0,-73.0
1777892049.1873324,0.0,-4.0,-67.0
1777892049.1973324,0.0,-3.0,-73.0
1777892049.2073324,1.0,-1.0,-76.0
1777892049.2173324,0.0,0.0,-68.0
1777892049.2273324,-2.0,-1.0,-70.0
1777892049.2373323,-2.0,-3.0,-71.0
1777892049.2473323,1.0,-3.0,-68.0
1777892049.2573323,2.0,-2.0,-62.0
1777892049.2673323,-3.0,-4.0,-62.0
1777892049.2773323,-4.0,-4.0,-60.0
1777892049.2873323,-3.0,-2.0,-59.0
1777892049.2973323,-3.0,-7.0,-56.0
1777892049.3073325,-5.0,-3.0,-66.0
1777892049.3173325,2.0,0.0,-69.0
1777892049.3273325,8.0,0.0,-70.0
1777892049.3373325,8.0,-2.0,-65.0
1777892049.3473325,6.0,-2.0,-65.0
1777892049.3573325,3.0,-5.0,-70.0
1777892049.3673325,0.0,-2.0,-67.0
1777892049.3773324,0.0,0.0,-72.0
1777892049.3873324,1.0,-3.0,-77.0
1777892049.3973324,4.0,0.0,-78.0
1777892049.4073324,2.0,0.0,-77.0
1777892049.4173324,4.0,-1.0,-71.0
1777892049.4273324,1.0,-2.0,-71.0
1777892049.4373324,5.0,-1.0,-70.0
1777892049.4473324,6.0,-4.0,-71.0
1777892049.4573324,2.0,-5.0,-68.0
1777892049.4673324,0.0,-5.0,-69.0
1777892049.4773324,-1.0,-5.0,-70.0
1777892049.4873323,0.0,-9.0,-67.0
1777892049.4973323,0.0,-7.0,-74.0
1777892049.5073323,-3.0,-5.0,-77.0
1777892049.5173323,0.0,-4.0,-74.0
1777892049.5273323,3.0,-4.0,-71.0
1777892049.5373323,1.0,-5.0,-74.0
1777892049.5473323,1.0,-3.0,-71.0
1777892049.5573325,-1.0,0.0,-64.0
1777892049.5673325,-3.0,0.0,-69.0
1777892049.5773325,1.0,0.0,-74.0
1777892049.5873325,3.0,-5.0,-71.0
1777892049.5973325,1.0,-3.0,-72.0
1777892049.6073325,5.0,0.0,-70.0
1777892049.6173325,8.0,2.0,-73.0
1777892049.6273324,6.0,1.0,-78.0
1777892049.6373324,6.0,0.0,-82.0
1777892049.6473324,2.0,1.0,-81.0
1777892049.6573324,5.0,1.0,-81.0
1777892049.6673324,8.0,-3.0,-81.0
1777892049.6773324,7.0,-5.0,-82.0
1777892049.6873324,5.0,-2.0,-74.0
1777892049.6973324,4.0,-3.0,-70.0
1777892049.7073324,2.0,-4.0,-65.0
1777892049.7173324,2.0,-4.0,-62.0
1777892049.7273324,6.0,-4.0,-62.0
1777892049.7373323,9.0,-3.0,-64.0
1777892049.7473323,8.0,-2.0,-63.0
1777892049.7573323,6.0,-3.0,-64.0
1777892049.7673323,5.0,0.0,-74.0
1777892049.7773323,5.0,-4.0,-84.0
1777892049.7873323,8.0,-3.0,-83.0
1777892049.7973323,6.0,-4.0,-88.0
1777892049.8073325,5.0,-3.0,-84.0
1777892049.8173325,6.0,-4.0,-84.0
1777892049.8273325,9.0,-7.0,-82.0
1777892049.8373325,8.0,-5.0,-76.0
1777892049.8473325,4.0,-3.0,-71.0
1777892049.8573325,-1.0,3.0,-70.0
1777892049.8673325,0.0,3.0,-71.0
1777892049.8773324,0.0,3.0,-74.0
1777892049.8873324,0.0,1.0,-81.0
1777892049.8973324,-3.0,0.0,-84.0
1777892049.9073324,-5.0,0.0,-84.0
1777892049.9173324,-2.0,0.0,-75.0
1777892049.9273324,4.0,3.0,-74.0
1777892049.9373324,10.0,4.0,-80.0
1777892049.9473324,10.0,4.0,-78.0
1777892049.9573324,8.0,2.0,-73.0
1777892049.9673324,12.0,-3.0,-64.0
1777892049.9773324,9.0,-3.0,-63.0
1777892049.9873323,6.0,-4.0,-63.0
1777892049.9973323,3.0,-2.0,-62.0
1777892050.0073323,2.0,0.0,-63.0
1777892050.0173323,4.0,-2.0,-64.0
1777892050.0273323,10.0,-3.0,-61.0
1777892050.0373323,9.0,-1.0,-60.0
1777892050.0473323,6.0,-1.0,-51.0
1777892050.0573325,7.0,-3.0,-56.0
1777892050.0673325,6.0,-5.0,-59.0
1777892050.0773325,7.0,-2.0,-70.0
1777892050.0873325,5.0,0.0,-79.0
1777892050.0973325,7.0,3.0,-89.0
1777892050.1073325,10.0,1.0,-88.0
1777892050.1173325,8.0,1.0,-86.0
1777892050.1273324,1.0,2.0,-85.0
1777892050.1373324,1.0,-2.0,-80.0
1777892050.1473324,7.0,-3.0,-78.0
1777892050.1573324,3.0,-5.0,-70.0
1777892050.1673324,3.0,-3.0,-73.0
1777892050.1783323,2.0,0.0,-66.0
1777892050.1883323,0.0,2.0,-70.0
1777892050.1973324,-2.0,3.0,-69.0
1777892050.2083323,-2.0,3.0,-68.0
1777892050.2183323,-3.0,1.0,-66.0
1777892050.2283323,-5.0,1.0,-71.0
1777892050.2383325,-4.0,1.0,-68.0
1777892050.2483325,-4.0,0.0,-66.0
1777892050.2583325,-6.0,0.0,-61.0
1777892050.2683325,-6.0,-1.0,-66.0
1777892050.2783325,-1.0,-2.0,-67.0
1777892050.2883325,1.0,0.0,-71.0
1777892050.2983325,-1.0,0.0,-75.0
1777892050.3083324,-1.0,3.0,-75.0
1777892050.3183324,2.0,3.0,-77.0
1777892050.3283324,2.0,3.0,-75.0
1777892050.3383324,1.0,-1.0,-73.0
1777892050.3483324,3.0,-4.0,-73.0
1777892050.3583324,1.0,-5.0,-71.0
1777892050.3683324,0.0,-4.0,-72.0
1777892050.3783324,2.0,-5.0,-70.0
1777892050.3883324,2.0,-8.0,-73.0
1777892050.3983324,3.0,-3.0,-74.0
1777892050.4083323,0.0,0.0,-67.0
1777892050.4183323,1.0,0.0,-64.0
1777892050.4283323,0.0,-1.0,-63.0
1777892050.4383323,1.0,0.0,-66.0
1777892050.4483323,6.0,0.0,-64.0
1777892050.4583323,6.0,0.0,-68.0
1777892050.4683323,10.0,0.0,-66.0
1777892050.4783323,7.0,2.0,-67.0
1777892050.4883325,5.0,0.0,-75.0
1777892050.4983325,4.0,0.0,-83.0
1777892050.5083325,6.0,-3.0,-83.0
1777892050.5183325,5.0,1.0,-76.0
1777892050.5283325,6.0,3.0,-80.0
1777892050.5383325,3.0,5.0,-85.0
1777892050.5483325,7.0,3.0,-79.0
1777892050.5583324,7.0,4.0,-76.0
1777892050.5683324,4.0,6.0,-74.0
1777892050.5783324,3.0,2.0,-77.0
1777892050.5883324,5.0,1.0,-73.0
1777892050.5983324,3.0,2.0,-73.0
1777892050.6083324,4.0,-1.0,-71.0
1777892050.6183324,4.0,-1.0,-74.0
1777892050.6283324,6.0,-1.0,-75.0
1777892050.6383324,-1.0,-5.0,-75.0
1777892050.6483324,-4.0,-6.0,-84.0
1777892050.6583323,-1.0,-6.0,-81.0
1777892050.6683323,-1.0,-5.0,-73.0
1777892050.6783323,-2.0,-1.0,-68.0
1777892050.6883323,-3.0,0.0,-74.0
1777892050.6983323,-4.0,-2.0,-78.0
1777892050.7083323,-8.0,-1.0,-70.0
1777892050.7183323,-10.0,-1.0,-65.0
1777892050.7283323,-7.0,0.0,-73.0
1777892050.7383325,-1.0,0.0,-76.0
1777892050.7483325,0.0,2.0,-78.0
1777892050.7583325,-1.0,5.0,-86.0
1777892050.7683325,1.0,7.0,-86.0
1777892050.7783325,0.0,6.0,-83.0
1777892050.7883325,1.0,0.0,-82.0
1777892050.7983325,-2.0,1.0,-78.0
1777892050.8083324,-4.0,0.0,-77.0
1777892050.8183324,-3.0,4.0,-74.0
1777892050.8283324,-5.0,7.0,-77.0
1777892050.8383324,-5.0,6.0,-77.0
1777892050.8483324,-1.0,7.0,-81.0
1777892050.8583324,4.0,7.0,-82.0
1777892050.8683324,3.0,2.0,-79.0
1777892050.8783324,1.0,0.0,-83.0
1777892050.8883324,5.0,0.0,-83.0
1777892050.8983324,7.0,-3.0,-74.0
1777892050.9083323,9.0,-5.0,-73.0
1777892050.9183323,8.0,-6.0,-69.0
1777892050.9283323,10.0,-4.0,-72.0
1777892050.9383323,10.0,-1.0,-67.0
1777892050.9483323,7.0,0.0,-72.0
1777892050.9583323,5.0,-1.0,-71.0
1777892050.9683323,3.0,-2.0,-62.0
1777892050.9783323,0.0,-2.0,-66.0
1777892050.9883325,1.0,0.0,-69.0
1777892050.9983325,3.0,0.0,-73.0
1777892051.0083325,1.0,0.0,-79.0
1777892051.0183325,2.0,0.0,-78.0
1777892051.0283325,1.0,0.0,-82.0
1777892051.0383325,0.0,1.0,-75.0
1777892051.0483325,2.0,-2.0,-75.0
1777892051.0583324,-4.0,-1.0,-73.0
1777892051.0683324,-5.0,-2.0,-72.0
1777892051.0783324,-5.0,-3.0,-71.0
1777892051.0883324,-5.0,1.0,-67.0
1777892051.0983324,-10.0,2.0,-65.0
1777892051.1083324,-5.0,0.0,-67.0
1777892051.1183324,-7.0,4.0,-71.0
1777892051.1283324,-4.0,2.0,-66.0
1777892051.1383324,2.0,2.0,-70.0
1777892051.1483324,1.0,1.0,-68.0
1777892051.1583323,0.0,0.0,-71.0
1777892051.1683323,0.0,-6.0,-68.0
1777892051.1783323,1.0,-7.0,-68.0
1777892051.1883323,-1.0,-9.0,-73.0
1777892051.1983323,1.0,-9.0,-76.0
1777892051.2083323,2.0,-8.0,-77.0
1777892051.2183323,4.0,-9.0,-81.0
1777892051.2283323,15.0,-7.0,-74.0
1777892051.2383325,14.0,-6.0,-73.0
1777892051.2483325,8.0,-5.0,-75.0
1777892051.2583325,10.0,-6.0,-72.0
1777892051.2683325,4.0,0.0,-71.0
1777892051.2783325,2.0,-1.0,-72.0
1777892051.2883325,4.0,1.0,-64.0
1777892051.2983325,1.0,0.0,-74.0
1777892051.3083324,2.0,2.0,-72.0
1777892051.3183324,0.0,2.0,-71.0
1777892051.3283324,-1.0,0.0,-59.0
1777892051.3383324,0.0,-1.0,-60.0
1777892051.3483324,-1.0,-2.0,-58.0
1777892051.3583324,-2.0,-1.0,-62.0
1777892051.3683324,2.0,1.0,-71.0
1777892051.3783324,4.0,4.0,-73.0
1777892051.3883324,1.0,7.0,-75.0
1777892051.3983324,-1.0,3.0,-77.0
1777892051.4083323,-2.0,2.0,-70.0
1777892051.4183323,0.0,2.0,-70.0
1777892051.4283323,-1.0,3.0,-71.0
1777892051.4383323,0.0,1.0,-69.0
1777892051.4483323,-2.0,0.0,-65.0
1777892051.4583323,0.0,3.0,-74.0
1777892051.4683323,0.0,1.0,-76.0
1777892051.4783323,-2.0,3.0,-76.0
1777892051.4883325,0.0,3.0,-77.0
1777892051.4983325,3.0,6.0,-76.0
1777892051.5083325,3.0,3.0,-78.0
1777892051.5183325,3.0,5.0,-79.0
1777892051.5283325,5.0,6.0,-76.0
1777892051.5383325,9.0,7.0,-77.0
1777892051.5483325,11.0,7.0,-78.0
1777892051.5583324,6.0,6.0,-77.0
1777892051.5683324,5.0,7.0,-73.0
1777892051.5783324,3.0,3.0,-71.0
1777892051.5883324,3.0,3.0,-73.0
1777892051.5983324,-1.0,0.0,-74.0
1777892051.6083324,0.0,-1.0,-79.0
1777892051.6183324,-4.0,-1.0,-77.0
1777892051.6283324,-5.0,-1.0,-74.0
1777892051.6383324,-10.0,-1.0,-73.0
1777892051.6483324,-7.0,0.0,-71.0
1777892051.6583323,-3.0,4.0,-70.0
1777892051.6683323,0.0,5.0,-75.0
1777892051.6783323,-5.0,5.0,-80.0
1777892051.6883323,-4.0,0.0,-85.0
1777892051.6983323,0.0,-2.0,-83.0
1777892051.7083323,0.0,0.0,-80.0
1777892051.7183323,-2.0,0.0,-79.0
1777892051.7283323,-1.0,-3.0,-74.0
1777892051.7383325,-2.0,0.0,-77.0
1777892051.7483325,-1.0,-1.0,-81.0
1777892051.7583325,-5.0,-2.0,-77.0
1777892051.7683325,-4.0,-5.0,-76.0
1777892051.7783325,-8.0,-2.0,-69.0
1777892051.7883325,-7.0,0.0,-65.0
1777892051.7983325,-9.0,-2.0,-67.0
1777892051.8083324,-5.0,2.0,-69.0
1777892051.8183324,-4.0,4.0,-69.0
1777892051.8283324,-4.0,10.0,-61.0
1777892051.8383324,0.0,8.0,-61.0
1777892051.8483324,3.0,7.0,-64.0
1777892051.8583324,5.0,7.0,-70.0
1777892051.8683324,5.0,7.0,-69.0
1777892051.8783324,3.0,2.0,-69.0
1777892051.8883324,0.0,2.0,-68.0
1777892051.8983324,3.0,3.0,-69.0
1777892051.9083323,4.0,5.0,-68.0
1777892051.9183323,3.0,7.0,-72.0
1777892051.9283323,3.0,6.0,-77.0
1777892051.9383323,6.0,5.0,-85.0
1777892051.9483323,2.0,3.0,-82.0
1777892051.9583323,-4.0,0.0,-85.0
1777892051.9683323,0.0,-2.0,-85.0
1777892051.9783323,3.0,-3.0,-81.0
1777892051.9883325,3.0,-3.0,-74.0
1777892051.9983325,3.0,-5.0,-77.0
1777892052.0083325,4.0,-2.0,-77.0
1777892052.0183325,3.0,-4.0,-79.0
1777892052.0283325,4.0,-2.0,-71.0
1777892052.0383325,4.0,-2.0,-70.0
1777892052.0483325,2.0,-1.0,-76.0
1777892052.0583324,2.0,-4.0,-76.0
1777892052.0683324,0.0,0.0,-75.0
1777892052.0783324,0.0,0.0,-78.0
1777892052.0883324,0.0,0.0,-80.0
1777892052.0983324,0.0,0.0,-74.0
1777892052.1083324,0.0,-2.0,-68.0
1777892052.1183324,1.0,-2.0,-63.0
1777892052.1283324,1.0,-1.0,-70.0
1777892052.1383324,4.0,-1.0,-71.0
1777892052.1483324,5.0,-5.0,-69.0
1777892052.1583323,8.0,-7.0,-70.0
1777892052.1683323,9.0,-2.0,-75.0
1777892052.1783323,6.0,0.0,-77.0
1777892052.1893325,7.0,2.0,-79.0
1777892052.1983323,2.0,2.0,-76.0
1777892052.2083323,-1.0,3.0,-74.0
1777892052.2193325,2.0,3.0,-72.0
1777892052.2293324,2.0,1.0,-70.0
1777892052.2393324,5.0,-1.0,-71.0
1777892052.2493324,5.0,-2.0,-71.0
1777892052.2583325,3.0,-3.0,-65.0
1777892052.2693324,2.0,-2.0,-70.0
1777892052.2793324,3.0,-2.0,-63.0
1777892052.2893324,3.0,-4.0,-58.0
1777892052.2993324,0.0,-1.0,-60.0
1777892052.3093324,1.0,0.0,-56.0
1777892052.3193324,2.0,0.0,-63.0
1777892052.3293324,5.0,-3.0,-72.0
1777892052.3393323,8.0,-4.0,-76.0
1777892052.3493323,12.0,-4.0,-68.0
1777892052.3593323,5.0,-4.0,-70.0
1777892052.3693323,5.0,-1.0,-65.0
1777892052.3793323,6.0,0.0,-70.0
1777892052.3893323,1.0,0.0,-68.0
1777892052.3993323,-2.0,-2.0,-66.0
1777892052.4093325,-4.0,-2.0,-71.0
1777892052.4193325,-8.0,-3.0,-66.0
1777892052.4293325,-9.0,-4.0,-62.0
1777892052.4393325,-5.0,1.0,-64.0
1777892052.4493325,0.0,5.0,-66.0
1777892052.4593325,6.0,4.0,-67.0
1777892052.4693325,9.0,2.0,-73.0
1777892052.4793324,8.0,2.0,-73.0
1777892052.4893324,6.0,3.0,-66.0
1777892052.4993324,2.0,0.0,-66.0
1777892052.5093324,2.0,1.0,-63.0
1777892052.5193324,2.0,1.0,-62.0
1777892052.5293324,1.0,0.0,-61.0
1777892052.5393324,0.0,0.0,-62.0
1777892052.5493324,3.0,1.0,-62.0
1777892052.5593324,6.0,2.0,-68.0
1777892052.5693324,5.0,5.0,-70.0
1777892052.5793324,8.0,1.0,-74.0
1777892052.5893323,8.0,5.0,-69.0
1777892052.5993323,8.0,3.0,-71.0
1777892052.6093323,8.0,5.0,-72.0
1777892052.6193323,7.0,1.0,-75.0
1777892052.6293323,11.0,3.0,-80.0
1777892052.6393323,11.0,3.0,-80.0
1777892052.6493323,8.0,4.0,-78.0
1777892052.6593325,8.0,5.0,-81.0
1777892052.6693325,5.0,2.0,-80.0
1777892052.6793325,7.0,3.0,-78.0
1777892052.6893325,5.0,6.0,-80.0
1777892052.6993325,2.0,4.0,-82.0
1777892052.7093325,-1.0,0.0,-75.0
1777892052.7193325,-1.0,-3.0,-68.0
1777892052.7293324,-3.0,-4.0,-66.0
1777892052.7393324,-3.0,-4.0,-73.0
1777892052.7493324,-1.0,-6.0,-73.0
1777892052.7593324,2.0,-7.0,-72.0
1777892052.7693324,2.0,-11.0,-78.0
1777892052.7793324,1.0,-9.0,-82.0
1777892052.7893324,5.0,-8.0,-81.0
1777892052.7993324,5.0,-5.0,-85.0
1777892052.8093324,6.0,-3.0,-84.0
1777892052.8193324,3.0,0.0,-88.0
1777892052.8293324,0.0,-1.0,-76.0
1777892052.8393323,-3.0,-2.0,-73.0
1777892052.8493323,1.0,-6.0,-69.0
1777892052.8593323,6.0,-4.0,-69.0
1777892052.8693323,6.0,-1.0,-68.0
1777892052.8793323,4.0,0.0,-67.0
1777892052.8893323,3.0,2.0,-65.0
1777892052.8993323,0.0,6.0,-66.0
1777892052.9093325,1.0,8.0,-70.0
1777892052.9193325,0.0,5.0,-73.0
1777892052.9293325,4.0,0.0,-67.0
1777892052.9393325,2.0,3.0,-65.0
1777892052.9493325,-1.0,8.0,-63.0
1777892052.9593325,-1.0,11.0,-66.0
1777892052.9693325,-5.0,11.0,-60.0
1777892052.9793324,-2.0,7.0,-62.0
1777892052.9893324,-3.0,5.0,-66.0
1777892052.9993324,-2.0,4.0,-62.0
1777892053.0093324,0.0,2.0,-60.0
1777892053.0193324,0.0,0.0,-64.0
1777892053.0293324,2.0,0.0,-69.0
1777892053.0393324,1.0,-5.0,-77.0
1777892053.0493324,4.0,-8.0,-75.0
1777892053.0593324,9.0,-10.0,-68.0
1777892053.0693324,7.0,-11.0,-73.0
1777892053.0793324,8.0,-8.0,-81.0
1777892053.0893323,10.0,-6.0,-79.0
1777892053.0993323,8.0,-4.0,-80.0
1777892053.1093323,7.0,0.0,-76.0
1777892053.1193323,8.0,-1.0,-76.0
1777892053.1293323,4.0,2.0,-77.0
1777892053.1393323,-1.0,2.0,-78.0
1777892053.1493323,-5.0,1.0,-75.0
1777892053.1593325,-5.0,0.0,-73.0
1777892053.1693325,-1.0,0.0,-77.0
1777892053.1793325,-2.0,0.0,-82.0
1777892053.1893325,-2.0,2.0,-74.0
1777892053.1993325,-2.0,0.0,-74.0
1777892053.2093325,0.0,-3.0,-76.0
1777892053.2193325,0.0,-2.0,-77.0
1777892053.2293324,-4.0,0.0,-80.0
1777892053.2393324,-3.0,0.0,-80.0
1777892053.2493324,-4.0,0.0,-85.0
1777892053.2593324,-11.0,2.0,-83.0
1777892053.2693324,-7.0,3.0,-76.0
1777892053.2793324,0.0,5.0,-70.0
1777892053.2893324,0.0,8.0,-69.0
1777892053.2993324,0.0,9.0,-64.0
1777892053.3093324,2.0,5.0,-68.0
1777892053.3193324,4.0,0.0,-69.0
1777892053.3293324,1.0,0.0,-66.0
1777892053.3393323,5.0,-2.0,-71.0
1777892053.3493323,1.0,-4.0,-71.0
1777892053.3593323,-1.0,-2.0,-66.0
1777892053.3693323,-6.0,-1.0,-68.0
1777892053.3793323,-5.0,-4.0,-74.0
1777892053.3893323,-3.0,-5.0,-74.0
1777892053.3993323,-8.0,-4.0,-74.0
1777892053.4093325,-8.0,-6.0,-69.0
1777892053.4193325,-4.0,-4.0,-69.0
1777892053.4293325,-4.0,-5.0,-72.0
1777892053.4393325,-3.0,-3.0,-73.0
1777892053.4493325,-3.0,0.0,-69.0
1777892053.4593325,-3.0,1.0,-74.0
1777892053.4693325,-2.0,2.0,-84.0
1777892053.4793324,-6.0,1.0,-92.0
1777892053.4893324,-3.0,0.0,-88.0
1777892053.4993324,-1.0,0.0,-83.0
1777892053.5093324,-3.0,1.0,-78.0
1777892053.5193324,-2.0,2.0,-72.0
1777892053.5293324,0.0,0.0,-77.0
1777892053.5393324,0.0,0.0,-76.0
1777892053.5493324,2.0,1.0,-74.0
1777892053.5593324,3.0,2.0,-71.0
1777892053.5693324,7.0,1.0,-73.0
1777892053.5793324,8.0,6.0,-70.0
1777892053.5893323,5.0,5.0,-65.0
1777892053.5993323,4.0,6.0,-66.0
1777892053.6093323,5.0,5.0,-54.0
1777892053.6193323,3.0,5.0,-57.0
1777892053.6293323,0.0,5.0,-59.0
1777892053.6393323,-4.0,3.0,-59.0
1777892053.6493323,-7.0,3.0,-55.0
1777892053.6593325,-6.0,2.0,-63.0
1777892053.6693325,1.0,0.0,-67.0
1777892053.6793325,-3.0,-4.0,-69.0
1777892053.6893325,-1.0,-5.0,-64.0
1777892053.6993325,-1.0,-3.0,-63.0
1777892053.7093325,-2.0,-4.0,-66.0
1777892053.7193325,-2.0,-2.0,-73.0
1777892053.7293324,-4.0,-8.0,-72.0
1777892053.7393324,-9.0,-7.0,-72.0
1777892053.7493324,-8.0,-4.0,-73.0
1777892053.7593324,-9.0,-1.0,-70.0
1777892053.7693324,-4.0,0.0,-66.0
1777892053.7793324,-4.0,0.0,-64.0
1777892053.7893324,2.0,1.0,-58.0
1777892053.7993324,4.0,0.0,-61.0
1777892053.8093324,7.0,-2.0,-58.0
1777892053.8193324,1.0,-3.0,-53.0
1777892053.8293324,-3.0,-1.0,-63.0
1777892053.8393323,-4.0,3.0,-64.0
1777892053.8493323,-3.0,6.0,-63.0
1777892053.8593323,-1.0,5.0,-63.0
1777892053.8693323,0.0,4.0,-65.0
1777892053.8793323,1.0,3.0,-69.0
1777892053.8893323,1.0,0.0,-71.0
1777892053.8993323,3.0,-6.0,-84.0
1777892053.9093325,8.0,-5.0,-86.0
1777892053.9193325,6.0,-6.0,-87.0
1777892053.9293325,9.0,-3.0,-82.0
1777892053.9393325,6.0,-4.0,-80.0
1777892053.9493325,2.0,-5.0,-79.0
1777892053.9593325,-2.0,-6.0,-69.0
1777892053.9693325,-4.0,-4.0,-66.0
1777892053.9793324,-3.0,-4.0,-63.0
1777892053.9893324,-4.0,-4.0,-66.0
1777892053.9993324,-10.0,-4.0,-67.0
1777892054.0093324,-11.0,-2.0,-71.0
1777892054.0193324,-10.0,-3.0,-79.0
1777892054.0293324,-9.0,-2.0,-77.0
1777892054.0393324,-6.0,-1.0,-75.0
1777892054.0493324,-3.0,0.0,-78.0
1777892054.0593324,-3.0,-1.0,-76.0
1777892054.0693324,-1.0,-1.0,-74.0
1777892054.0793324,0.0,1.0,-73.0
1777892054.0893323,-2.0,2.0,-74.0
1777892054.0993323,-5.0,1.0,-71.0
1777892054.1093323,-8.0,0.0,-75.0
1777892054.1193323,-6.0,5.0,-71.0
1777892054.1293323,-5.0,4.0,-73.0
1777892054.1403325,-4.0,2.0,-72.0
1777892054.1493323,-6.0,4.0,-76.0
1777892054.1603324,-6.0,1.0,-71.0
1777892054.1703324,-3.0,0.0,-67.0
1777892054.1803324,-3.0,-5.0,-66.0
1777892054.1903324,-3.0,-3.0,-68.0
1777892054.2003324,-3.0,0.0,-66.0
1777892054.2103324,-1.0,0.0,-68.0
1777892054.2203324,2.0,0.0,-61.0
1777892054.2303324,0.0,0.0,-67.0
1777892054.2403324,-3.0,-2.0,-71.0
1777892054.2503324,-4.0,-3.0,-73.0
1777892054.2603323,-1.0,-5.0,-81.0
1777892054.2703323,2.0,-2.0,-82.0
1777892054.2803323,5.0,-5.0,-80.0
1777892054.2903323,4.0,-6.0,-75.0
1777892054.3003323,3.0,-11.0,-71.0
1777892054.3103323,0.0,-9.0,-67.0
1777892054.3203323,0.0,-8.0,-67.0
1777892054.3303325,-1.0,-6.0,-66.0
1777892054.3403325,0.0,-7.0,-61.0
1777892054.3503325,2.0,-2.0,-72.0
1777892054.3603325,0.0,-1.0,-69.0
1777892054.3703325,1.0,1.0,-64.0
1777892054.3803325,3.0,0.0,-68.0
1777892054.3903325,4.0,0.0,-67.0
1777892054.4003325,7.0,-3.0,-65.0
1777892054.4103324,3.0,-2.0,-66.0
1777892054.4203324,-1.0,0.0,-70.0
1777892054.4303324,-1.0,0.0,-68.0
1777892054.4403324,1.0,-2.0,-73.0
1777892054.4503324,-1.0,2.0,-76.0
1777892054.4603324,-1.0,3.0,-75.0
1777892054.4703324,-5.0,4.0,-82.0
1777892054.4803324,-6.0,2.0,-83.0
1777892054.4903324,-5.0,1.0,-82.0
1777892054.5003324,-5.0,0.0,-80.0
1777892054.5103323,-6.0,1.0,-82.0
1777892054.5203323,-3.0,-2.0,-86.0
1777892054.5303323,-1.0,1.0,-86.0
1777892054.5403323,-1.0,-1.0,-79.0
1777892054.5503323,-1.0,-3.0,-83.0
1777892054.5603323,-1.0,1.0,-73.0
1777892054.5703323,4.0,3.0,-67.0
1777892054.5803325,9.0,4.0,-72.0
1777892054.5903325,7.0,6.0,-71.0
1777892054.6003325,9.0,7.0,-74.0
1777892054.6103325,8.0,7.0,-72.0
1777892054.6203325,5.0,5.0,-71.0
1777892054.6303325,4.0,6.0,-71.0
1777892054.6403325,1.0,3.0,-75.0
1777892054.6503325,3.0,0.0,-72.0
1777892054.6603324,-1.0,-1.0,-71.0
1777892054.6703324,0.0,0.0,-66.0
1777892054.6803324,0.0,3.0,-66.0
1777892054.6903324,0.0,4.0,-70.0
1777892054.7003324,3.0,4.0,-70.0
1777892054.7103324,7.0,1.0,-70.0
1777892054.7203324,8.0,-1.0,-72.0
1777892054.7303324,6.0,-2.0,-74.0
1777892054.7403324,6.0,0.0,-76.0
1777892054.7503324,3.0,-2.0,-75.0
1777892054.7603323,2.0,-2.0,-75.0
1777892054.7703323,2.0,1.0,-71.0
1777892054.7803323,4.0,0.0,-70.0
1777892054.7903323,7.0,0.0,-76.0
1777892054.8003323,6.0,1.0,-83.0
1777892054.8103323,9.0,4.0,-75.0
1777892054.8203323,4.0,2.0,-69.0
1777892054.8303325,7.0,4.0,-66.0
1777892054.8403325,7.0,-2.0,-63.0
1777892054.8503325,8.0,-6.0,-55.0
1777892054.8603325,13.0,-1.0,-53.0
1777892054.8703325,15.0,-1.0,-63.0
1777892054.8803325,13.0,0.0,-72.0
1777892054.8903325,6.0,-2.0,-82.0
1777892054.9003325,1.0,-2.0,-84.0
1777892054.9103324,0.0,-2.0,-82.0
1777892054.9203324,1.0,-2.0,-83.0
1777892054.9303324,3.0,0.0,-82.0
1777892054.9403324,3.0,3.0,-75.0
1777892054.9503324,1.0,8.0,-76.0
1777892054.9603324,0.0,8.0,-77.0
1777892054.9703324,0.0,7.0,-76.0
1777892054.9803324,0.0,5.0,-77.0
1777892054.9903324,0.0,4.0,-74.0
1777892055.0003324,-1.0,2.0,-75.0
1777892055.0103323,-2.0,-2.0,-74.0
1777892055.0203323,-5.0,-3.0,-71.0
1777892055.0303323,-3.0,-1.0,-64.0
1777892055.0403323,-3.0,0.0,-59.0
1777892055.0503323,-1.0,-5.0,-65.0
1777892055.0603323,-2.0,-6.0,-66.0
1777892055.0703323,-2.0,-6.0,-68.0
1777892055.0803325,2.0,-5.0,-68.0
1777892055.0903325,-2.0,0.0,-66.0
1777892055.1003325,-2.0,-3.0,-66.0
1777892055.1103325,-2.0,-5.0,-69.0
1777892055.1203325,-1.0,-3.0,-70.0
1777892055.1303325,1.0,-2.0,-72.0
1777892055.1403325,-1.0,0.0,-74.0
1777892055.1503325,-3.0,0.0,-74.0
1777892055.1603324,-3.0,4.0,-76.0
1777892055.1703324,1.0,2.0,-79.0
1777892055.1803324,1.0,7.0,-80.0
1777892055.1903324,-1.0,8.0,-83.0
1777892055.2003324,-2.0,2.0,-80.0
1777892055.2103324,-3.0,0.0,-80.0
1777892055.2203324,-3.0,-3.0,-78.0
1777892055.2303324,-1.0,-1.0,-83.0
1777892055.2403324,4.0,0.0,-81.0
1777892055.2503324,0.0,1.0,-80.0
1777892055.2603323,0.0,2.0,-79.0
1777892055.2703323,-4.0,0.0,-79.0
1777892055.2803323,-3.0,0.0,-75.0
1777892055.2903323,-2.0,3.0,-77.0
1777892055.3003323,-1.0,5.0,-74.0
1777892055.3103323,-1.0,5.0,-73.0
1777892055.3203323,0.0,2.0,-71.0
1777892055.3303325,-2.0,-1.0,-75.0
1777892055.3403325,3.0,0.0,-76.0
1777892055.3503325,6.0,-6.0,-82.0
1777892055.3603325,4.0,-6.0,-88.0
1777892055.3703325,8.0,-3.0,-81.0
1777892055.3803325,7.0,0.0,-77.0
1777892055.3903325,8.0,-3.0,-78.0
1777892055.4003325,8.0,-2.0,-82.0
1777892055.4103324,4.0,0.0,-76.0
1777892055.4203324,0.0,2.0,-74.0
1777892055.4303324,0.0,3.0,-70.0
1777892055.4403324,4.0,4.0,-69.0
1777892055.4503324,1.0,1.0,-70.0
1777892055.4603324,4.0,0.0,-71.0
1777892055.4703324,8.0,-2.0,-79.0
1777892055.4803324,6.0,-2.0,-75.0
1777892055.4903324,5.0,-5.0,-70.0
1777892055.5003324,3.0,-6.0,-65.0
1777892055.5103323,8.0,-3.0,-67.0
1777892055.5203323,5.0,-3.0,-64.0
1777892055.5303323,4.0,0.0,-65.0
1777892055.5403323,3.0,-2.0,-67.0
1777892055.5503323,4.0,0.0,-66.0
1777892055.5603323,3.0,-3.0,-71.0
1777892055.5703323,0.0,0.0,-71.0
1777892055.5803325,-1.0,0.0,-70.0
1777892055.5903325,1.0,-1.0,-72.0
1777892055.6003325,2.0,-1.0,-70.0
1777892055.6103325,0.0,-3.0,-68.0
1777892055.6203325,0.0,-2.0,-69.0
1777892055.6303325,4.0,-4.0,-68.0
1777892055.6403325,4.0,-5.0,-70.0
1777892055.6503325,4.0,-2.0,-67.0
1777892055.6603324,8.0,-1.0,-72.0
1777892055.6703324,4.0,-1.0,-73.0
1777892055.6803324,1.0,-1.0,-67.0
1777892055.6903324,-1.0,-4.0,-71.0
1777892055.7003324,-6.0,-9.0,-60.0
1777892055.7103324,-3.0,-8.0,-58.0
1777892055.7203324,-1.0,-4.0,-63.0
1777892055.7303324,-2.0,-5.0,-70.0
1777892055.7403324,0.0,-2.0,-74.0
1777892055.7503324,3.0,-3.0,-70.0
1777892055.7603323,5.0,-3.0,-69.0
1777892055.7703323,3.0,0.0,-68.0
1777892055.7803323,0.0,0.0,-73.0
1777892055.7903323,-2.0,1.0,-76.0
1777892055.8003323,-4.0,0.0,-77.0
1777892055.8103323,-4.0,-1.0,-75.0
1777892055.8203323,-6.0,0.0,-66.0
1777892055.8303325,-1.0,0.0,-75.0
1777892055.8403325,2.0,-3.0,-74.0
1777892055.8503325,1.0,-3.0,-64.0
1777892055.8603325,-2.0,-4.0,-65.0
1777892055.8703325,-2.0,-6.0,-56.0
1777892055.8803325,-1.0,-4.0,-59.0
1777892055.8903325,-1.0,-2.0,-61.0
1777892055.9003325,-1.0,-7.0,-66.0
1777892055.9103324,0.0,-1.0,-74.0
1777892055.9203324,2.0,-2.0,-71.0
1777892055.9303324,4.0,-1.0,-68.0
1777892055.9403324,1.0,-1.0,-66.0
1777892055.9503324,0.0,-5.0,-71.0
1777892055.9603324,-2.0,-3.0,-62.0
1777892055.9703324,-4.0,-4.0,-63.0
1777892055.9803324,-6.0,0.0,-63.0
1777892055.9903324,-3.0,1.0,-70.0
1777892056.0003324,-1.0,1.0,-73.0
1777892056.0103323,2.0,2.0,-75.0
1777892056.0203323,4.0,0.0,-77.0
1777892056.0303323,1.0,-2.0,-73.0
1777892056.0403323,2.0,-1.0,-77.0
1777892056.0503323,0.0,2.0,-88.0
1777892056.0603323,0.0,0.0,-90.0
1777892056.0703323,-1.0,2.0,-85.0
1777892056.0803325,-1.0,1.0,-77.0
1777892056.0903325,-3.0,0.0,-80.0
1777892056.1003325,0.0,-2.0,-80.0
1777892056.1103325,-2.0,-3.0,-73.0
1777892056.1203325,-3.0,0.0,-78.0
1777892056.1303325,-2.0,0.0,-72.0
1777892056.1403325,-1.0,0.0,-72.0
1777892056.1513324,2.0,-3.0,-82.0
1777892056.1613324,0.0,-2.0,-85.0
1777892056.1713324,0.0,-3.0,-80.0
1777892056.1813323,-4.0,-3.0,-73.0
1777892056.1913323,-1.0,-1.0,-68.0
1777892056.2013323,-4.0,-1.0,-74.0
1777892056.2113323,1.0,0.0,-72.0
1777892056.2213323,3.0,-1.0,-71.0
1777892056.2313323,3.0,-1.0,-68.0
1777892056.2413323,6.0,-2.0,-66.0
1777892056.2513323,3.0,-2.0,-62.0
1777892056.2613325,1.0,1.0,-69.0
1777892056.2713325,-3.0,-3.0,-72.0
1777892056.2813325,-2.0,0.0,-75.0
1777892056.2913325,-1.0,0.0,-73.0
1777892056.3013325,-5.0,-2.0,-76.0
1777892056.3113325,-2.0,-5.0,-68.0
1777892056.3213325,-2.0,0.0,-71.0
1777892056.3313324,0.0,0.0,-65.0
1777892056.3413324,2.0,0.0,-59.0
1777892056.3513324,5.0,0.0,-63.0
1777892056.3613324,9.0,-2.0,-67.0
1777892056.3713324,7.0,-1.0,-66.0
1777892056.3813324,4.0,1.0,-64.0
1777892056.3913324,1.0,0.0,-63.0
1777892056.4013324,2.0,-1.0,-66.0
1777892056.4113324,5.0,-4.0,-64.0
1777892056.4213324,5.0,-6.0,-72.0
1777892056.4313323,4.0,-3.0,-70.0
1777892056.4413323,2.0,-7.0,-71.0
1777892056.4513323,1.0,-9.0,-64.0
1777892056.4613323,1.0,-8.0,-62.0
1777892056.4713323,-3.0,-4.0,-58.0
1777892056.4813323,-3.0,-5.0,-63.0
1777892056.4913323,0.0,-6.0,-69.0
1777892056.5013323,1.0,-3.0,-67.0
1777892056.5113325,5.0,-4.0,-67.0
1777892056.5213325,7.0,-4.0,-70.0
1777892056.5313325,11.0,-3.0,-70.0
1777892056.5413325,11.0,-4.0,-76.0
1777892056.5513325,12.0,0.0,-82.0
1777892056.5613325,5.0,2.0,-79.0
1777892056.5713325,4.0,2.0,-81.0
1777892056.5813324,5.0,0.0,-85.0
1777892056.5913324,3.0,-1.0,-83.0
1777892056.6013324,1.0,2.0,-74.0
1777892056.6113324,0.0,0.0,-69.0
1777892056.6213324,-1.0,0.0,-62.0
1777892056.6313324,-2.0,-3.0,-61.0
1777892056.6413324,-1.0,-1.0,-61.0
1777892056.6513324,2.0,0.0,-66.0
1777892056.6613324,7.0,6.0,-70.0
1777892056.6713324,6.0,2.0,-76.0
1777892056.6813323,8.0,0.0,-76.0
1777892056.6913323,8.0,3.0,-74.0
1777892056.7013323,10.0,2.0,-77.0
1777892056.7113323,6.0,2.0,-76.0
1777892056.7213323,4.0,2.0,-76.0
1777892056.7313323,5.0,0.0,-69.0
1777892056.7413323,1.0,-2.0,-65.0
1777892056.7513323,9.0,0.0,-61.0
1777892056.7613325,3.0,-2.0,-64.0
1777892056.7713325,3.0,-3.0,-56.0
1777892056.7813325,3.0,0.0,-58.0
1777892056.7913325,2.0,1.0,-58.0
1777892056.8013325,0.0,0.0,-53.0
1777892056.8113325,-3.0,3.0,-63.0
1777892056.8213325,-4.0,1.0,-74.0
1777892056.8313324,-2.0,-3.0,-81.0
1777892056.8413324,0.0,0.0,-90.0
1777892056.8513324,0.0,-3.0,-84.0
1777892056.8613324,0.0,0.0,-83.0
1777892056.8713324,-1.0,0.0,-86.0
1777892056.8813324,1.0,-3.0,-85.0
1777892056.8913324,1.0,-4.0,-79.0
1777892056.9013324,1.0,0.0,-74.0
1777892056.9113324,0.0,2.0,-72.0
1777892056.9213324,-3.0,1.0,-69.0
1777892056.9313323,-9.0,2.0,-67.0
1777892056.9413323,-9.0,2.0,-67.0
1777892056.9513323,-3.0,0.0,-63.0
1777892056.9613323,-2.0,-3.0,-61.0
1777892056.9713323,0.0,-2.0,-69.0
1777892056.9813323,9.0,-6.0,-76.0
1777892056.9913323,7.0,-1.0,-80.0
1777892057.0013323,7.0,3.0,-80.0
1777892057.0113325,1.0,1.0,-72.0
1777892057.0213325,5.0,2.0,-70.0
1777892057.0313325,4.0,3.0,-74.0
1777892057.0413325,6.0,4.0,-69.0
1777892057.0513325,5.0,4.0,-71.0
1777892057.0613325,9.0,5.0,-67.0
1777892057.0713325,7.0,6.0,-70.0
1777892057.0813324,4.0,4.0,-67.0
1777892057.0913324,1.0,5.0,-64.0
1777892057.1013324,1.0,2.0,-72.0
1777892057.1113324,2.0,2.0,-70.0
1777892057.1213324,3.0,0.0,-66.0
1777892057.1313324,-1.0,0.0,-62.0
1777892057.1413324,-1.0,4.0,-64.0
1777892057.1513324,-4.0,1.0,-69.0
1777892057.1613324,-5.0,3.0,-68.0
1777892057.1713324,-2.0,2.0,-70.0
1777892057.1813323,0.0,-1.0,-65.0
1777892057.1913323,0.0,0.0,-63.0
1777892057.2013323,2.0,-1.0,-62.0
1777892057.2113323,3.0,-1.0,-71.0
1777892057.2213323,4.0,0.0,-73.0
1777892057.2313323,2.0,-3.0,-80.0
1777892057.2413323,2.0,-1.0,-76.0
1777892057.2513323,-3.0,2.0,-80.0
1777892057.2613325,1.0,3.0,-80.0
1777892057.2713325,2.0,0.0,-80.0
1777892057.2813325,1.0,0.0,-72.0
1777892057.2913325,0.0,-4.0,-81.0
1777892057.3013325,0.0,-3.0,-87.0
1777892057.3113325,0.0,0.0,-78.0
1777892057.3213325,0.0,0.0,-71.0
1777892057.3313324,-6.0,1.0,-75.0
1777892057.3413324,-5.0,2.0,-74.0
1777892057.3513324,-5.0,6.0,-78.0
1777892057.3613324,-6.0,6.0,-81.0
1777892057.3713324,-8.0,3.0,-80.0
1777892057.3813324,-6.0,3.0,-79.0
1777892057.3913324,-5.0,1.0,-74.0
1777892057.4013324,-5.0,-2.0,-77.0
1777892057.4113324,-3.0,-2.0,-78.0
1777892057.4213324,0.0,-6.0,-73.0
1777892057.4313323,0.0,-3.0,-67.0
1777892057.4413323,1.0,-3.0,-66.0
1777892057.4513323,0.0,-3.0,-75.0
1777892057.4613323,0.0,-1.0,-78.0
1777892057.4713323,1.0,-2.0,-73.0
1777892057.4813323,5.0,1.0,-66.0
1777892057.4913323,6.0,3.0,-75.0
1777892057.5013323,6.0,1.0,-74.0
1777892057.5113325,4.0,2.0,-72.0
1777892057.5213325,3.0,3.0,-81.0
1777892057.5313325,-1.0,0.0,-88.0
1777892057.5413325,1.0,1.0,-81.0
1777892057.5513325,0.0,0.0,-82.0
1777892057.5613325,0.0,0.0,-87.0
1777892057.5713325,0.0,2.0,-84.0
1777892057.5813324,-6.0,4.0,-80.0
1777892057.5913324,-2.0,5.0,-75.0
1777892057.6013324,-5.0,2.0,-71.0
1777892057.6113324,-9.0,2.0,-72.0
1777892057.6213324,-7.0,0.0,-69.0
1777892057.6313324,-4.0,-4.0,-66.0
1777892057.6413324,-7.0,-3.0,-66.0
1777892057.6513324,-8.0,-3.0,-69.0
1777892057.6613324,-3.0,-2.0,-69.0
1777892057.6713324,-1.0,0.0,-64.0
1777892057.6813323,2.0,-1.0,-62.0
1777892057.6913323,-2.0,-2.0,-65.0
1777892057.7013323,0.0,-7.0,-67.0
1777892057.7113323,4.0,-4.0,-63.0
1777892057.7213323,4.0,-8.0,-56.0
1777892057.7313323,3.0,-7.0,-60.0
1777892057.7413323,1.0,-4.0,-62.0
1777892057.7513323,0.0,-2.0,-67.0
1777892057.7613325,0.0,1.0,-62.0
1777892057.7713325,0.0,0.0,-68.0
1777892057.7813325,0.0,0.0,-70.0
1777892057.7913325,0.0,0.0,-70.0
1777892057.8013325,-1.0,-3.0,-75.0
1777892057.8113325,-1.0,-5.0,-65.0
1777892057.8213325,3.0,-4.0,-60.0
1777892057.8313324,1.0,-3.0,-61.0
1777892057.8413324,0.0,-4.0,-68.0
1777892057.8513324,5.0,-4.0,-72.0
1777892057.8613324,8.0,-3.0,-71.0
1777892057.8713324,5.0,-5.0,-71.0
1777892057.8813324,-3.0,-3.0,-73.0
1777892057.8913324,0.0,-2.0,-76.0
1777892057.9013324,0.0,-1.0,-69.0
1777892057.9113324,2.0,-2.0,-63.0
1777892057.9213324,3.0,-2.0,-62.0
1777892057.9313323,1.0,-1.0,-62.0
1777892057.9413323,2.0,0.0,-67.0
1777892057.9513323,3.0,1.0,-62.0
1777892057.9613323,0.0,0.0,-62.0
1777892057.9713323,-2.0,-2.0,-58.0
1777892057.9813323,1.0,-1.0,-66.0
1777892057.9913323,0.0,-1.0,-63.0
1777892058.0013323,-2.0,0.0,-67.0
1777892058.0113325,-6.0,-2.0,-67.0
1777892058.0213325,-4.0,-7.0,-70.0
1777892058.0313325,-8.0,-7.0,-75.0
1777892058.0413325,-5.0,-7.0,-67.0
1777892058.0513325,-4.0,-1.0,-64.0
1777892058.0613325,-1.0,-2.0,-62.0
1777892058.0713325,0.0,0.0,-69.0
1777892058.0813324,0.0,0.0,-66.0
1777892058.0913324,-2.0,-3.0,-75.0
1777892058.1023324,0.0,-6.0,-72.0
1777892058.1113324,-2.0,-5.0,-67.0
1777892058.1223323,-5.0,-6.0,-67.0
1777892058.1313324,-4.0,-5.0,-70.0
1777892058.1423323,-2.0,1.0,-73.0
1777892058.1523323,-3.0,2.0,-75.0
1777892058.1623323,-6.0,2.0,-77.0
1777892058.1723323,-6.0,5.0,-77.0
1777892058.1823325,-8.0,1.0,-74.0
1777892058.1923325,-5.0,-2.0,-78.0
1777892058.2023325,-6.0,-1.0,-74.0
1777892058.2123325,-5.0,0.0,-74.0
1777892058.2223325,-2.0,1.0,-80.0
1777892058.2323325,-1.0,-1.0,-81.0
1777892058.2423325,-2.0,0.0,-76.0
1777892058.2523324,-3.0,-2.0,-72.0
1777892058.2623324,-1.0,1.0,-75.0
1777892058.2723324,-3.0,-1.0,-73.0
1777892058.2823324,-5.0,-2.0,-69.0
1777892058.2923324,-6.0,1.0,-69.0
1777892058.3023324,-3.0,0.0,-64.0
1777892058.3123324,-3.0,0.0,-60.0
1777892058.3223324,-4.0,0.0,-64.0
1777892058.3323324,-4.0,0.0,-67.0
1777892058.3423324,-2.0,3.0,-63.0
1777892058.3523324,2.0,5.0,-66.0
1777892058.3623323,3.0,4.0,-63.0
1777892058.3723323,2.0,2.0,-68.0
1777892058.3823323,-1.0,1.0,-69.0
1777892058.3923323,0.0,3.0,-71.0
1777892058.4023323,-1.0,5.0,-71.0
1777892058.4123323,0.0,1.0,-66.0
1777892058.4223323,-1.0,0.0,-64.0
1777892058.4323325,0.0,0.0,-69.0
1777892058.4423325,1.0,-3.0,-74.0
1777892058.4523325,0.0,-6.0,-81.0
1777892058.4623325,1.0,-9.0,-75.0
1777892058.4723325,4.0,-7.0,-77.0
1777892058.4823325,0.0,-4.0,-69.0
1777892058.4923325,2.0,0.0,-71.0
1777892058.5023324,4.0,-2.0,-75.0
1777892058.5123324,4.0,-8.0,-73.0
1777892058.5223324,2.0,-7.0,-74.0
1777892058.5323324,0.0,-9.0,-71.0
1777892058.5423324,-1.0,-8.0,-72.0
1777892058.5523324,0.0,-5.0,-72.0
1777892058.5623324,0.0,-5.0,-65.0
1777892058.5723324,3.0,-6.0,-63.0
1777892058.5823324,5.0,-4.0,-65.0
1777892058.5923324,0.0,-1.0,-70.0
1777892058.6023324,-1.0,-1.0,-69.0
1777892058.6123323,0.0,0.0,-71.0
1777892058.6223323,-4.0,-1.0,-77.0
1777892058.6323323,-1.0,0.0,-72.0
1777892058.6423323,-1.0,2.0,-73.0
1777892058.6523323,0.0,-3.0,-70.0
1777892058.6623323,0.0,-4.0,-71.0
1777892058.6723323,1.0,0.0,-69.0
1777892058.6823325,1.0,1.0,-66.0
1777892058.6923325,0.0,4.0,-65.0
1777892058.7023325,1.0,3.0,-70.0
1777892058.7123325,1.0,-2.0,-71.0
1777892058.7223325,4.0,0.0,-72.0
1777892058.7323325,3.0,-4.0,-69.0
1777892058.7423325,0.0,-4.0,-73.0
1777892058.7523324,3.0,-5.0,-72.0
1777892058.7623324,2.0,0.0,-76.0
1777892058.7723324,3.0,-5.0,-80.0
1777892058.7823324,3.0,-5.0,-70.0
1777892058.7923324,0.0,-2.0,-73.0
1777892058.8023324,0.0,-1.0,-72.0
1777892058.8123324,2.0,-2.0,-70.0
1777892058.8223324,3.0,-4.0,-68.0
1777892058.8323324,10.0,0.0,-69.0
1777892058.8423324,8.0,0.0,-69.0
1777892058.8523324,6.0,2.0,-72.0
1777892058.8623323,0.0,4.0,-74.0
1777892058.8723323,-5.0,1.0,-76.0
1777892058.8823323,-4.0,2.0,-69.0
1777892058.8923323,-2.0,5.0,-72.0
1777892058.9023323,0.0,8.0,-77.0
1777892058.9123323,0.0,3.0,-73.0
1777892058.9223323,0.0,0.0,-67.0
1777892058.9323325,0.0,-1.0,-63.0
1777892058.9423325,0.0,-1.0,-67.0
1777892058.9523325,3.0,-4.0,-66.0
1777892058.9623325,3.0,-3.0,-67.0
1777892058.9723325,1.0,-4.0,-70.0
1777892058.9823325,1.0,-5.0,-68.0
1777892058.9923325,1.0,-7.0,-74.0
1777892059.0023324,4.0,-11.0,-71.0
1777892059.0123324,5.0,-12.0,-69.0
1777892059.0223324,3.0,-7.0,-72.0
1777892059.0323324,1.0,-7.0,-73.0
1777892059.0423324,4.0,-6.0,-78.0
1777892059.0523324,3.0,-7.0,-80.0
1777892059.0623324,4.0,-5.0,-80.0
1777892059.0723324,0.0,-4.0,-80.0
1777892059.0823324,2.0,-3.0,-73.0
1777892059.0923324,3.0,-2.0,-74.0
1777892059.1023324,8.0,-1.0,-75.0
1777892059.1123323,4.0,0.0,-68.0
1777892059.1223323,4.0,3.0,-63.0
1777892059.1323323,3.0,4.0,-62.0
1777892059.1423323,-1.0,4.0,-70.0
1777892059.1523323,-2.0,5.0,-66.0
1777892059.1623323,-7.0,5.0,-65.0
1777892059.1723323,-6.0,3.0,-66.0
1777892059.1823325,-6.0,3.0,-64.0
1777892059.1923325,-4.0,1.0,-63.0
1777892059.2023325,-9.0,6.0,-67.0
1777892059.2123325,-11.0,9.0,-68.0
1777892059.2223325,-4.0,8.0,-73.0
1777892059.2323325,0.0,7.0,-72.0
1777892059.2423325,2.0,5.0,-67.0
1777892059.2523324,6.0,1.0,-65.0
1777892059.2623324,8.0,2.0,-65.0
1777892059.2723324,9.0,2.0,-67.0
1777892059.2823324,6.0,3.0,-62.0
1777892059.2923324,3.0,3.0,-62.0
1777892059.3023324,-2.0,3.0,-59.0
1777892059.3123324,-1.0,0.0,-62.0
1777892059.3223324,0.0,1.0,-63.0
1777892059.3323324,0.0,2.0,-66.0
1777892059.3423324,0.0,1.0,-67.0
1777892059.3523324,0.0,3.0,-71.0
1777892059.3623323,1.0,-1.0,-70.0
1777892059.3723323,2.0,0.0,-70.0
1777892059.3823323,1.0,1.0,-65.0
1777892059.3923323,0.0,2.0,-73.0
1777892059.4023323,0.0,0.0,-74.0
1777892059.4123323,1.0,-1.0,-69.0
1777892059.4223323,0.0,3.0,-69.0
1777892059.4323325,-5.0,2.0,-66.0
1777892059.4423325,-1.0,3.0,-68.0
1777892059.4523325,-3.0,1.0,-75.0
1777892059.4623325,-2.0,3.0,-70.0
1777892059.4723325,-3.0,1.0,-67.0
1777892059.4823325,-1.0,-3.0,-72.0
1777892059.4923325,-3.0,4.0,-72.0
1777892059.5023324,-1.0,2.0,-74.0
1777892059.5123324,-1.0,1.0,-70.0
1777892059.5223324,-6.0,4.0,-71.0
1777892059.5323324,-7.0,5.0,-77.0
1777892059.5423324,-4.0,3.0,-70.0
1777892059.5523324,-4.0,0.0,-65.0
1777892059.5623324,-3.0,-2.0,-71.0
1777892059.5723324,-5.0,-4.0,-71.0
1777892059.5823324,-2.0,-4.0,-77.0
1777892059.5923324,-3.0,-4.0,-65.0
1777892059.6023324,-3.0,-3.0,-63.0
1777892059.6123323,-5.0,0.0,-63.0
1777892059.6223323,-6.0,1.0,-63.0
1777892059.6323323,-5.0,2.0,-67.0
1777892059.6423323,-1.0,0.0,-65.0
1777892059.6523323,0.0,-1.0,-70.0
1777892059.6623323,-1.0,-1.0,-67.0
1777892059.6723323,0.0,-1.0,-69.0
1777892059.6823325,0.0,-1.0,-73.0
1777892059.6923325,0.0,-1.0,-74.0
1777892059.7023325,-3.0,2.0,-73.0
1777892059.7123325,-7.0,1.0,-72.0
1777892059.7223325,-3.0,2.0,-74.0
1777892059.7323325,-3.0,0.0,-72.0
1777892059.7423325,2.0,-1.0,-76.0
1777892059.7523324,0.0,1.0,-73.0
1777892059.7623324,2.0,2.0,-70.0
1777892059.7723324,3.0,1.0,-74.0
1777892059.7823324,0.0,3.0,-75.0
1777892059.7923324,0.0,1.0,-71.0
1777892059.8023324,-1.0,-2.0,-65.0
1777892059.8123324,5.0,0.0,-68.0
1777892059.8223324,9.0,0.0,-78.0
1777892059.8323324,5.0,4.0,-80.0
1777892059.8423324,0.0,7.0,-74.0
1777892059.8523324,4.0,9.0,-78.0
1777892059.8623323,3.0,4.0,-87.0
1777892059.8723323,1.0,2.0,-85.0
1777892059.8823323,1.0,2.0,-81.0
1777892059.8923323,2.0,1.0,-79.0
1777892059.9023323,4.0,-3.0,-72.0
1777892059.9123323,7.0,-3.0,-71.0
1777892059.9223323,4.0,-3.0,-75.0
1777892059.9323325,5.0,-1.0,-78.0
1777892059.9423325,8.0,0.0,-79.0
1777892059.9523325,7.0,-2.0,-70.0
1777892059.9623325,10.0,-5.0,-71.0
1777892059.9723325,10.0,-6.0,-72.0
1777892059.9823325,5.0,-2.0,-76.0
1777892059.9923325,5.0,1.0,-72.0
1777892060.0023324,5.0,1.0,-70.0
1777892060.0123324,3.0,0.0,-70.0
1777892060.0223324,0.0,-5.0,-73.0
1777892060.0323324,0.0,-1.0,-74.0
1777892060.0423324,3.0,-4.0,-70.0
1777892060.0523324,0.0,-4.0,-67.0
1777892060.0623324,2.0,-4.0,-74.0
1777892060.0723324,6.0,1.0,-70.0
1777892060.0823324,0.0,4.0,-72.0
1777892060.0923324,0.0,1.0,-80.0
1777892060.1023324,0.0,1.0,-76.0
1777892060.1133325,0.0,2.0,-73.0
1777892060.1233325,-2.0,4.0,-74.0
1777892060.1333325,-1.0,2.0,-80.0
1777892060.1433325,0.0,3.0,-74.0
1777892060.1533325,-3.0,2.0,-82.0
1777892060.1633325,2.0,3.0,-81.0
1777892060.1733325,1.0,1.0,-79.0
1777892060.1833324,0.0,0.0,-77.0
1777892060.1933324,0.0,1.0,-77.0
1777892060.2033324,-2.0,1.0,-78.0
1777892060.2133324,3.0,2.0,-78.0
1777892060.2233324,2.0,0.0,-85.0
1777892060.2333324,-1.0,2.0,-85.0
1777892060.2433324,-3.0,0.0,-85.0
1777892060.2533324,1.0,-2.0,-86.0
1777892060.2633324,2.0,-2.0,-81.0
1777892060.2733324,3.0,-4.0,-75.0
1777892060.2833323,1.0,-4.0,-76.0
1777892060.2933323,4.0,-5.0,-79.0
1777892060.3033323,3.0,-7.0,-78.0
1777892060.3133323,1.0,-10.0,-78.0
1777892060.3233323,0.0,-8.0,-78.0
1777892060.3333323,2.0,-8.0,-77.0
1777892060.3433323,1.0,-5.0,-80.0
1777892060.3533323,-3.0,-2.0,-81.0
1777892060.3633325,-1.0,-3.0,-81.0
1777892060.3733325,-7.0,-4.0,-77.0
1777892060.3833325,-8.0,-8.0,-73.0
1777892060.3933325,-5.0,-5.0,-72.0
1777892060.4033325,-2.0,-3.0,-71.0
1777892060.4133325,0.0,-7.0,-76.0
1777892060.4233325,-3.0,-9.0,-77.0
1777892060.4333324,-1.0,-12.0,-67.0
1777892060.4433324,-1.0,-6.0,-70.0
1777892060.4533324,0.0,-3.0,-74.0
1777892060.4633324,0.0,-2.0,-70.0
1777892060.4733324,0.0,1.0,-68.0
1777892060.4833324,-1.0,-1.0,-66.0
1777892060.4933324,-5.0,-5.0,-71.0
1777892060.5033324,0.0,-4.0,-74.0
1777892060.5133324,0.0,-5.0,-75.0
1777892060.5233324,0.0,-5.0,-73.0
1777892060.5333323,-2.0,-4.0,-78.0
1777892060.5433323,-1.0,-3.0,-82.0
1777892060.5533323,0.0,-3.0,-84.0
1777892060.5633323,0.0,-5.0,-84.0
1777892060.5733323,3.0,-6.0,-77.0
1777892060.5833323,2.0,-6.0,-80.0
1777892060.5933323,0.0,-3.0,-79.0
1777892060.6033323,1.0,-1.0,-77.0
1777892060.6133325,-2.0,-1.0,-77.0
1777892060.6233325,-1.0,-1.0,-72.0
1777892060.6333325,-6.0,3.0,-73.0
1777892060.6433325,-6.0,2.0,-64.0
1777892060.6533325,-5.0,0.0,-62.0
1777892060.6633325,-1.0,0.0,-64.0
1777892060.6733325,2.0,1.0,-62.0
1777892060.6833324,2.0,3.0,-65.0
1777892060.6933324,7.0,1.0,-70.0
1777892060.7033324,8.0,-1.0,-77.0
1777892060.7133324,5.0,-2.0,-72.0
1777892060.7233324,5.0,1.0,-71.0
1777892060.7333324,7.0,2.0,-70.0
1777892060.7433324,6.0,0.0,-72.0
1777892060.7533324,7.0,0.0,-68.0
1777892060.7633324,4.0,4.0,-73.0
1777892060.7733324,6.0,5.0,-73.0
1777892060.7833323,0.0,4.0,-76.0
1777892060.7933323,-4.0,3.0,-69.0
1777892060.8033323,-6.0,0.0,-68.0
1777892060.8133323,-8.0,0.0,-66.0
1777892060.8233323,-7.0,1.0,-71.0
1777892060.8333323,-5.0,0.0,-75.0
1777892060.8433323,-11.0,6.0,-70.0
1777892060.8533323,-7.0,5.0,-70.0
1777892060.8633325,-3.0,2.0,-74.0
1777892060.8733325,-5.0,4.0,-74.0
1777892060.8833325,-2.0,7.0,-74.0
1777892060.8933325,-1.0,6.0,-72.0
1777892060.9033325,0.0,5.0,-70.0
1777892060.9133325,4.0,8.0,-73.0
1777892060.9233325,2.0,5.0,-70.0
1777892060.9333324,3.0,4.0,-73.0
1777892060.9433324,2.0,6.0,-68.0
1777892060.9533324,0.0,6.0,-70.0
1777892060.9633324,-5.0,5.0,-67.0
1777892060.9733324,-4.0,2.0,-68.0
1777892060.9833324,-1.0,0.0,-73.0
1777892060.9933324,0.0,-2.0,-71.0
1777892061.0033324,0.0,-3.0,-65.0
1777892061.0133324,-1.0,0.0,-69.0
1777892061.0233324,0.0,1.0,-69.0
1777892061.0333323,1.0,3.0,-71.0
1777892061.0433323,0.0,0.0,-72.0
1777892061.0533323,5.0,-1.0,-68.0
1777892061.0633323,6.0,1.0,-70.0
1777892061.0743325,6.0,3.0,-69.0
1777892061.0833323,11.0,3.0,-64.0
1777892061.0933323,13.0,5.0,-66.0
1777892061.1033323,9.0,4.0,-69.0
1777892061.1133325,10.0,0.0,-70.0
1777892061.1233325,10.0,-2.0,-61.0
1777892061.1333325,5.0,-5.0,-54.0
1777892061.1433325,5.0,-6.0,-57.0
1777892061.1533325,5.0,-5.0,-55.0
1777892061.1633325,4.0,-5.0,-61.0
1777892061.1733325,3.0,-4.0,-67.0
1777892061.1833324,0.0,-2.0,-71.0
1777892061.1933324,-2.0,-4.0,-69.0
1777892061.2033324,-6.0,-6.0,-70.0
1777892061.2133324,-6.0,-3.0,-73.0
1777892061.2233324,-6.0,-6.0,-72.0
1777892061.2333324,-2.0,-6.0,-66.0
1777892061.2433324,0.0,-6.0,-70.0
1777892061.2533324,-6.0,-4.0,-71.0
1777892061.2633324,-5.0,-5.0,-65.0
1777892061.2733324,-1.0,-5.0,-70.0
1777892061.2833323,2.0,-2.0,-73.0
1777892061.2933323,4.0,2.0,-79.0
1777892061.3033323,4.0,5.0,-78.0
1777892061.3133323,3.0,6.0,-77.0
1777892061.3233323,4.0,5.0,-81.0
1777892061.3333323,7.0,4.0,-87.0
1777892061.3433323,11.0,4.0,-88.0
1777892061.3533323,9.0,6.0,-84.0
1777892061.3633325,10.0,4.0,-80.0
1777892061.3733325,11.0,1.0,-80.0
1777892061.3833325,13.0,0.0,-73.0
1777892061.3933325,12.0,-2.0,-75.0
1777892061.4033325,10.0,-2.0,-73.0
1777892061.4133325,14.0,-4.0,-71.0
1777892061.4233325,14.0,-3.0,-78.0
1777892061.4333324,12.0,-2.0,-78.0
1777892061.4433324,8.0,-3.0,-76.0
1777892061.4533324,5.0,-6.0,-69.0
1777892061.4633324,8.0,-5.0,-72.0
1777892061.4733324,14.0,-7.0,-67.0
1777892061.4833324,11.0,-6.0,-68.0
1777892061.4933324,11.0,-4.0,-63.0
1777892061.5033324,8.0,-3.0,-63.0
1777892061.5133324,7.0,-3.0,-62.0
1777892061.5233324,0.0,-3.0,-61.0
1777892061.5333323,-1.0,-4.0,-66.0
1777892061.5433323,-1.0,-4.0,-71.0
1777892061.5533323,3.0,-3.0,-71.0
1777892061.5633323,4.0,0.0,-72.0
1777892061.5733323,0.0,0.0,-73.0
1777892061.5833323,1.0,1.0,-73.0
1777892061.5933323,1.0,1.0,-72.0
1777892061.6033323,-2.0,2.0,-74.0
1777892061.6133325,-1.0,-1.0,-71.0
1777892061.6233325,-4.0,0.0,-70.0
1777892061.6333325,1.0,1.0,-69.0
1777892061.6433325,2.0,-3.0,-72.0
1777892061.6533325,3.0,-1.0,-74.0
1777892061.6633325,1.0,3.0,-80.0
1777892061.6733325,1.0,5.0,-80.0
1777892061.6833324,3.0,5.0,-71.0
1777892061.6933324,0.0,5.0,-69.0
1777892061.7033324,1.0,3.0,-72.0
1777892061.7133324,0.0,-1.0,-71.0
1777892061.7233324,3.0,0.0,-69.0
1777892061.7333324,3.0,-1.0,-70.0
1777892061.7433324,2.0,-3.0,-70.0
1777892061.7533324,0.0,3.0,-66.0
1777892061.7633324,0.0,2.0,-68.0
1777892061.7733324,0.0,3.0,-68.0
1777892061.7833323,4.0,4.0,-66.0
1777892061.7933323,4.0,3.0,-62.0
1777892061.8033323,1.0,0.0,-66.0
1777892061.8133323,4.0,-3.0,-70.0
1777892061.8233323,6.0,-4.0,-78.0
1777892061.8333323,5.0,-7.0,-70.0
1777892061.8433323,7.0,-9.0,-73.0
1777892061.8533323,5.0,-13.0,-72.0
1777892061.8633325,6.0,-7.0,-67.0
1777892061.8733325,3.0,1.0,-71.0
1777892061.8833325,4.0,1.0,-79.0
1777892061.8933325,4.0,-1.0,-78.0
1777892061.9033325,1.0,-5.0,-77.0
1777892061.9133325,-1.0,-6.0,-75.0
1777892061.9233325,-3.0,0.0,-82.0
1777892061.9333324,0.0,0.0,-77.0
1777892061.9433324,-1.0,1.0,-78.0
1777892061.9533324,-4.0,0.0,-82.0
1777892061.9633324,-5.0,4.0,-81.0
1777892061.9733324,-3.0,0.0,-74.0
1777892061.9833324,-7.0,1.0,-74.0
1777892061.9933324,-6.0,4.0,-70.0
1777892062.0033324,-5.0,6.0,-65.0
1777892062.0133324,-6.0,4.0,-70.0
1777892062.0233324,-5.0,0.0,-80.0
1777892062.0333323,-8.0,5.0,-81.0
1777892062.0433323,-6.0,4.0,-75.0
1777892062.0533323,-11.0,1.0,-73.0
1777892062.0633323,-8.0,0.0,-77.0
1777892062.0733323,-3.0,0.0,-75.0
1777892062.0833323,-6.0,-2.0,-76.0
1777892062.0933323,-5.0,-3.0,-71.0
1777892062.1033323,0.0,-5.0,-72.0
1777892062.1133325,4.0,-4.0,-78.0
1777892062.1243324,6.0,-6.0,-81.0
1777892062.1343324,3.0,-1.0,-78.0
1777892062.1443324,3.0,2.0,-79.0
1777892062.1543324,-2.0,3.0,-77.0
1777892062.1643324,-6.0,0.0,-82.0
1777892062.1743324,-8.0,-1.0,-82.0
1777892062.1843324,-3.0,0.0,-78.0
1777892062.1943324,-4.0,0.0,-74.0
1777892062.2043324,-8.0,3.0,-76.0
1777892062.2143323,-5.0,0.0,-77.0
1777892062.2243323,-2.0,0.0,-78.0
1777892062.2343323,1.0,1.0,-78.0
1777892062.2443323,5.0,-1.0,-78.0
1777892062.2543323,6.0,-2.0,-75.0
1777892062.2643323,7.0,-6.0,-78.0
1777892062.2743323,5.0,-3.0,-79.0
1777892062.2843325,6.0,-4.0,-76.0
1777892062.2943325,5.0,-4.0,-70.0
1777892062.3043325,1.0,-7.0,-62.0
1777892062.3143325,7.0,-2.0,-66.0
1777892062.3243325,4.0,-1.0,-72.0
1777892062.3343325,0.0,-1.0,-69.0
1777892062.3443325,-2.0,-2.0,-72.0
1777892062.3543324,0.0,-4.0,-74.0
1777892062.3643324,-2.0,-2.0,-78.0
1777892062.3743324,0.0,-2.0,-83.0
1777892062.3843324,1.0,-3.0,-81.0
1777892062.3943324,-3.0,-1.0,-88.0
1777892062.4043324,0.0,-3.0,-81.0
1777892062.4143324,5.0,-5.0,-74.0
1777892062.4243324,3.0,-1.0,-71.0
1777892062.4343324,7.0,0.0,-73.0
1777892062.4443324,10.0,0.0,-71.0
1777892062.4543324,6.0,1.0,-72.0
1777892062.4643323,0.0,1.0,-73.0
1777892062.4743323,0.0,3.0,-68.0
1777892062.4843323,0.0,1.0,-66.0
1777892062.4943323,3.0,-1.0,-71.0
1777892062.5043323,4.0,0.0,-63.0
1777892062.5143323,3.0,-1.0,-65.0
1777892062.5243323,6.0,-3.0,-74.0
1777892062.5343325,8.0,-2.0,-74.0
1777892062.5443325,6.0,-5.0,-70.0
1777892062.5543325,2.0,-6.0,-73.0
1777892062.5643325,0.0,-7.0,-75.0
1777892062.5743325,1.0,-6.0,-73.0
1777892062.5843325,4.0,-3.0,-66.0
1777892062.5943325,1.0,-3.0,-67.0
1777892062.6043324,3.0,-4.0,-70.0
1777892062.6143324,0.0,-4.0,-74.0
1777892062.6243324,0.0,-7.0,-64.0
1777892062.6343324,0.0,-5.0,-67.0
1777892062.6443324,-2.0,-6.0,-67.0
1777892062.6543324,-2.0,-10.0,-69.0
1777892062.6643324,0.0,-10.0,-67.0
1777892062.6743324,-2.0,-8.0,-72.0
1777892062.6843324,-2.0,-8.0,-72.0
1777892062.6943324,-4.0,-5.0,-74.0
1777892062.7043324,-1.0,-4.0,-63.0
1777892062.7143323,-3.0,-4.0,-69.0
1777892062.7243323,-9.0,-8.0,-72.0
1777892062.7343323,-3.0,-5.0,-70.0
1777892062.7443323,-3.0,-3.0,-66.0
1777892062.7543323,-1.0,1.0,-67.0
1777892062.7643323,-3.0,4.0,-75.0
1777892062.7743323,-6.0,0.0,-75.0
1777892062.7843325,-2.0,2.0,-73.0
1777892062.7943325,0.0,3.0,-73.0
1777892062.8043325,4.0,1.0,-73.0
1777892062.8143325,-3.0,2.0,-82.0
1777892062.8243325,-2.0,2.0,-77.0
1777892062.8343325,0.0,3.0,-83.0
1777892062.8443325,-2.0,3.0,-81.0
1777892062.8543324,-3.0,2.0,-83.0
1777892062.8643324,-3.0,8.0,-86.0
1777892062.8743324,-1.0,2.0,-82.0
1777892062.8843324,-3.0,2.0,-79.0
1777892062.8943324,-2.0,2.0,-82.0
1777892062.9043324,0.0,1.0,-83.0
1777892062.9143324,-2.0,0.0,-71.0
1777892062.9243324,-1.0,-5.0,-71.0
1777892062.9343324,-1.0,-5.0,-67.0
1777892062.9443324,1.0,-3.0,-65.0
1777892062.9543324,3.0,-3.0,-65.0
1777892062.9643323,3.0,0.0,-69.0
1777892062.9743323,3.0,1.0,-71.0
1777892062.9843323,3.0,5.0,-67.0
1777892062.9943323,2.0,0.0,-64.0
1777892063.0043323,2.0,-4.0,-66.0
1777892063.0143323,3.0,-3.0,-68.0
1777892063.0243323,4.0,0.0,-70.0
1777892063.0343325,4.0,-2.0,-67.0
1777892063.0443325,0.0,-3.0,-66.0
1777892063.0543325,-3.0,-6.0,-67.0
1777892063.0643325,-2.0,-7.0,-65.0
1777892063.0743325,1.0,-4.0,-66.0
1777892063.0843325,1.0,0.0,-67.0
1777892063.0943325,6.0,1.0,-67.0
1777892063.1043324,8.0,-1.0,-64.0
1777892063.1143324,5.0,2.0,-64.0
1777892063.1243324,8.0,0.0,-61.0
1777892063.1343324,9.0,-1.0,-59.0
1777892063.1443324,7.0,2.0,-65.0
1777892063.1543324,1.0,3.0,-69.0
1777892063.1643324,3.0,0.0,-70.0
1777892063.1743324,4.0,1.0,-76.0
1777892063.1843324,5.0,-1.0,-69.0
1777892063.1943324,5.0,0.0,-63.0
1777892063.2043324,4.0,2.0,-59.0
1777892063.2143323,4.0,-1.0,-64.0
1777892063.2243323,1.0,-3.0,-64.0
1777892063.2343323,4.0,-2.0,-65.0
1777892063.2443323,5.0,-4.0,-69.0
1777892063.2543323,5.0,-7.0,-69.0
1777892063.2643323,6.0,-7.0,-75.0
1777892063.2743323,6.0,-5.0,-72.0
1777892063.2843325,1.0,-3.0,-71.0
1777892063.2943325,3.0,-1.0,-66.0
1777892063.3043325,0.0,-2.0,-63.0
1777892063.3143325,0.0,0.0,-71.0
1777892063.3243325,4.0,-2.0,-74.0
1777892063.3343325,6.0,0.0,-72.0
1777892063.3443325,4.0,0.0,-75.0
1777892063.3543324,3.0,0.0,-72.0
1777892063.3643324,2.0,-1.0,-70.0
1777892063.3743324,2.0,-2.0,-66.0
1777892063.3843324,0.0,-5.0,-64.0
1777892063.3943324,2.0,-6.0,-69.0
1777892063.4043324,0.0,-3.0,-76.0
1777892063.4143324,2.0,1.0,-79.0
1777892063.4243324,0.0,0.0,-76.0
1777892063.4343324,-1.0,1.0,-66.0
1777892063.4443324,0.0,1.0,-65.0
1777892063.4543324,0.0,3.0,-68.0
1777892063.4643323,5.0,2.0,-68.0
1777892063.4743323,2.0,5.0,-67.0
1777892063.4843323,2.0,5.0,-58.0
1777892063.4943323,5.0,2.0,-59.0
1777892063.5043323,7.0,0.0,-59.0
1777892063.5143323,2.0,-2.0,-47.0
1777892063.5243323,-2.0,-4.0,-51.0
1777892063.5343325,-2.0,-4.0,-56.0
1777892063.5443325,0.0,-3.0,-65.0
1777892063.5543325,7.0,-2.0,-66.0
1777892063.5643325,8.0,-1.0,-68.0
1777892063.5743325,10.0,0.0,-69.0
1777892063.5843325,16.0,-1.0,-68.0
1777892063.5943325,17.0,-2.0,-77.0
1777892063.6043324,13.0,0.0,-80.0
1777892063.6143324,7.0,0.0,-77.0
1777892063.6243324,3.0,-3.0,-81.0
1777892063.6343324,2.0,-3.0,-76.0
1777892063.6443324,0.0,-3.0,-79.0
1777892063.6543324,1.0,0.0,-78.0
1777892063.6643324,2.0,-2.0,-75.0
1777892063.6743324,3.0,-3.0,-79.0
1777892063.6843324,2.0,-7.0,-76.0
1777892063.6943324,0.0,-3.0,-79.0
1777892063.7043324,-2.0,0.0,-77.0
1777892063.7143323,0.0,0.0,-71.0
1777892063.7243323,0.0,-1.0,-71.0
1777892063.7343323,1.0,0.0,-74.0
1777892063.7443323,0.0,0.0,-74.0
1777892063.7543323,-2.0,1.0,-72.0
1777892063.7643323,-1.0,0.0,-67.0
1777892063.7743323,-3.0,-1.0,-73.0
1777892063.7843325,-6.0,-2.0,-76.0
1777892063.7943325,-8.0,-4.0,-74.0
1777892063.8043325,-5.0,-3.0,-61.0
1777892063.8143325,-3.0,-3.0,-68.0
1777892063.8243325,0.0,-2.0,-62.0
1777892063.8343325,0.0,-3.0,-57.0
1777892063.8443325,3.0,-5.0,-62.0
1777892063.8543324,6.0,-3.0,-61.0
1777892063.8643324,7.0,-1.0,-58.0
1777892063.8743324,5.0,0.0,-61.0
1777892063.8843324,4.0,0.0,-64.0
1777892063.8943324,6.0,1.0,-74.0
1777892063.9043324,6.0,2.0,-76.0
1777892063.9143324,6.0,3.0,-72.0
1777892063.9243324,7.0,6.0,-80.0
1777892063.9343324,6.0,8.0,-82.0
1777892063.9443324,4.0,1.0,-75.0
1777892063.9543324,0.0,-2.0,-72.0
1777892063.9643323,1.0,-3.0,-67.0
1777892063.9743323,0.0,-3.0,-67.0
1777892063.9843323,4.0,-4.0,-70.0
1777892063.9943323,7.0,-3.0,-72.0
1777892064.0043323,7.0,-3.0,-73.0
1777892064.0143323,7.0,-7.0,-74.0
1777892064.0243323,1.0,-6.0,-71.0
1777892064.0343325,-6.0,-3.0,-69.0
1777892064.0443325,-4.0,-2.0,-67.0
1777892064.0543325,-8.0,1.0,-60.0
1777892064.0643325,-9.0,0.0,-55.0
1777892064.0743325,-4.0,-3.0,-57.0
1777892064.0843325,-2.0,0.0,-55.0
1777892064.0943325,4.0,-1.0,-60.0
1777892064.1053324,1.0,-3.0,-63.0
1777892064.1143324,2.0,-3.0,-72.0
1777892064.1243324,4.0,-2.0,-74.0
1777892064.1353323,0.0,-6.0,-71.0
1777892064.1453323,1.0,-6.0,-78.0
1777892064.1553323,3.0,-6.0,-78.0
1777892064.1653323,3.0,-8.0,-80.0
1777892064.1753323,1.0,-9.0,-85.0
1777892064.1853323,1.0,-6.0,-81.0
1777892064.1953323,0.0,-7.0,-78.0
1777892064.2053325,0.0,-10.0,-82.0
1777892064.2153325,5.0,-10.0,-82.0
1777892064.2253325,4.0,-7.0,-76.0
1777892064.2353325,2.0,-11.0,-75.0
1777892064.2453325,-2.0,-8.0,-70.0
1777892064.2553325,-3.0,-5.0,-66.0
1777892064.2653325,-6.0,-4.0,-68.0
1777892064.2753325,1.0,-3.0,-69.0
1777892064.2853324,5.0,-2.0,-65.0
1777892064.2953324,4.0,0.0,-71.0
1777892064.3053324,4.0,0.0,-70.0
1777892064.3153324,8.0,-4.0,-70.0
1777892064.3253324,7.0,-4.0,-66.0
1777892064.3353324,7.0,-5.0,-65.0
1777892064.3453324,6.0,-3.0,-69.0
1777892064.3553324,3.0,-2.0,-66.0
1777892064.3653324,9.0,-3.0,-63.0
1777892064.3753324,7.0,-6.0,-62.0
1777892064.3853323,6.0,-3.0,-65.0
1777892064.3953323,1.0,-2.0,-62.0
1777892064.4053323,0.0,-2.0,-61.0
1777892064.4153323,1.0,-1.0,-66.0
1777892064.4253323,0.0,0.0,-73.0
1777892064.4353323,0.0,0.0,-68.0
1777892064.4453323,0.0,3.0,-69.0
1777892064.4553325,0.0,4.0,-71.0
1777892064.4653325,0.0,5.0,-76.0
1777892064.4753325,1.0,5.0,-79.0
1777892064.4853325,0.0,7.0,-71.0
1777892064.4953325,1.0,6.0,-71.0
1777892064.5053325,0.0,5.0,-70.0
1777892064.5153325,2.0,3.0,-71.0
1777892064.5253325,2.0,0.0,-74.0
1777892064.5353324,7.0,-1.0,-68.0
1777892064.5453324,6.0,0.0,-70.0
1777892064.5553324,1.0,-3.0,-75.0
1777892064.5653324,-1.0,-2.0,-81.0
1777892064.5753324,1.0,-2.0,-81.0
1777892064.5853324,2.0,0.0,-78.0
1777892064.5953324,4.0,0.0,-73.0
1777892064.6053324,2.0,1.0,-66.0
1777892064.6153324,0.0,2.0,-67.0
1777892064.6253324,-3.0,3.0,-67.0
1777892064.6353323,-3.0,2.0,-70.0
1777892064.6453323,-2.0,3.0,-69.0
1777892064.6553323,-3.0,4.0,-68.0
1777892064.6653323,-1.0,4.0,-68.0
1777892064.6753323,-1.0,4.0,-67.0
1777892064.6853323,-4.0,5.0,-68.0
1777892064.6953323,-6.0,3.0,-74.0
1777892064.7053325,-3.0,-3.0,-70.0
1777892064.7153325,-3.0,-5.0,-71.0
1777892064.7253325,-3.0,-3.0,-75.0
1777892064.7353325,-5.0,-2.0,-78.0
1777892064.7453325,-1.0,-4.0,-73.0
1777892064.7553325,1.0,-7.0,-74.0
1777892064.7653325,-1.0,-1.0,-75.0
1777892064.7753325,1.0,0.0,-75.0
1777892064.7853324,0.0,0.0,-68.0
1777892064.7953324,0.0,-1.0,-71.0
1777892064.8053324,0.0,0.0,-73.0
1777892064.8153324,2.0,3.0,-74.0
1777892064.8253324,-1.0,0.0,-74.0
1777892064.8353324,0.0,2.0,-72.0
1777892064.8453324,0.0,2.0,-69.0
1777892064.8553324,-3.0,-1.0,-67.0
1777892064.8653324,0.0,-1.0,-67.0
1777892064.8753324,1.0,-2.0,-64.0
1777892064.8853323,4.0,0.0,-69.0
1777892064.8953323,3.0,0.0,-74.0
1777892064.9053323,3.0,-1.0,-77.0
1777892064.9153323,-3.0,-1.0,-81.0
1777892064.9253323,-3.0,1.0,-86.0
1777892064.9353323,-2.0,4.0,-86.0
1777892064.9453323,3.0,4.0,-78.0
1777892064.9553325,3.0,3.0,-75.0
1777892064.9653325,2.0,1.0,-80.0
1777892064.9753325,3.0,2.0,-75.0
1777892064.9853325,9.0,2.0,-73.0
1777892064.9953325,7.0,1.0,-73.0
1777892065.0053325,6.0,0.0,-74.0
1777892065.0153325,5.0,2.0,-74.0
1777892065.0253325,9.0,1.0,-78.0
1777892065.0353324,9.0,3.0,-76.0
1777892065.0453324,11.0,0.0,-77.0
1777892065.0553324,9.0,-4.0,-76.0
1777892065.0653324,7.0,-5.0,-74.0
1777892065.0753324,1.0,-7.0,-74.0
1777892065.0853324,-2.0,-4.0,-72.0
1777892065.0953324,-5.0,-4.0,-74.0
1777892065.1053324,-9.0,-5.0,-77.0
1777892065.1153324,-8.0,-5.0,-77.0
1777892065.1253324,-7.0,-6.0,-73.0
1777892065.1353323,-5.0,-4.0,-79.0
1777892065.1453323,-3.0,-3.0,-78.0
1777892065.1553323,-2.0,1.0,-78.0
1777892065.1653323,0.0,-4.0,-78.0
1777892065.1753323,-3.0,-4.0,-72.0
1777892065.1853323,-4.0,-2.0,-66.0
1777892065.1953323,-5.0,-4.0,-63.0
1777892065.2053325,-1.0,-2.0,-63.0
1777892065.2153325,0.0,-6.0,-63.0
1777892065.2253325,-3.0,-3.0,-67.0
1777892065.2353325,-4.0,-3.0,-61.0
1777892065.2453325,-5.0,-3.0,-70.0
1777892065.2553325,-3.0,-4.0,-72.0
1777892065.2653325,-3.0,-3.0,-73.0
1777892065.2753325,-5.0,-4.0,-76.0
1777892065.2853324,-7.0,0.0,-75.0
1777892065.2953324,-5.0,-1.0,-70.0
1777892065.3053324,-7.0,-1.0,-77.0
1777892065.3153324,-1.0,0.0,-75.0
1777892065.3253324,-1.0,1.0,-74.0
1777892065.3353324,-4.0,2.0,-71.0
1777892065.3453324,-8.0,1.0,-74.0
1777892065.3553324,-6.0,-3.0,-77.0
1777892065.3653324,-5.0,-4.0,-72.0
1777892065.3753324,0.0,-9.0,-72.0
1777892065.3853323,2.0,-8.0,-69.0
1777892065.3953323,6.0,0.0,-67.0
1777892065.4053323,0.0,1.0,-65.0
1777892065.4153323,-1.0,2.0,-70.0
1777892065.4253323,-1.0,2.0,-73.0
1777892065.4353323,-6.0,0.0,-73.0
1777892065.4453323,-4.0,3.0,-74.0
1777892065.4553325,-2.0,-2.0,-80.0
1777892065.4653325,-2.0,0.0,-74.0
1777892065.4753325,1.0,2.0,-75.0
1777892065.4853325,0.0,4.0,-74.0
1777892065.4953325,1.0,0.0,-69.0
1777892065.5053325,-2.0,-2.0,-70.0
1777892065.5153325,1.0,0.0,-69.0
1777892065.5253325,3.0,1.0,-73.0
1777892065.5353324,2.0,1.0,-76.0
1777892065.5453324,4.0,5.0,-78.0
1777892065.5553324,7.0,1.0,-72.0
1777892065.5653324,6.0,4.0,-65.0
1777892065.5753324,1.0,5.0,-64.0
1777892065.5853324,7.0,7.0,-66.0
1777892065.5953324,8.0,3.0,-68.0
1777892065.6053324,6.0,5.0,-66.0
1777892065.6153324,4.0,3.0,-63.0
1777892065.6253324,8.0,3.0,-66.0
1777892065.6353323,5.0,4.0,-74.0
1777892065.6453323,2.0,0.0,-76.0
1777892065.6553323,2.0,0.0,-70.0
1777892065.6653323,-2.0,-2.0,-62.0
1777892065.6753323,-9.0,-3.0,-60.0
1777892065.6853323,-10.0,-3.0,-64.0
1777892065.6953323,-6.0,-3.0,-70.0
1777892065.7053325,-8.0,0.0,-72.0
1777892065.7153325,-3.0,0.0,-76.0
1777892065.7253325,0.0,-2.0,-77.0
1777892065.7353325,0.0,0.0,-72.0
1777892065.7453325,0.0,3.0,-68.0
1777892065.7553325,-1.0,3.0,-69.0
1777892065.7653325,-1.0,2.0,-69.0
1777892065.7753325,-2.0,3.0,-67.0
1777892065.7853324,0.0,2.0,-67.0
1777892065.7953324,1.0,0.0,-68.0
1777892065.8053324,1.0,2.0,-72.0
1777892065.8153324,2.0,-1.0,-77.0
1777892065.8253324,2.0,-7.0,-71.0
1777892065.8353324,0.0,-7.0,-63.0
1777892065.8453324,-2.0,-8.0,-64.0
1777892065.8553324,3.0,-9.0,-69.0
1777892065.8653324,10.0,-8.0,-73.0
1777892065.8753324,8.0,-6.0,-75.0
1777892065.8853323,9.0,-9.0,-68.0
1777892065.8953323,5.0,-6.0,-69.0
1777892065.9053323,0.0,-9.0,-68.0
1777892065.9153323,0.0,-8.0,-70.0
1777892065.9253323,-4.0,-1.0,-70.0
1777892065.9353323,-4.0,-1.0,-75.0
1777892065.9453323,-5.0,-3.0,-77.0
1777892065.9553325,-6.0,-1.0,-71.0
1777892065.9653325,-6.0,-2.0,-77.0
1777892065.9753325,-3.0,0.0,-78.0
1777892065.9853325,-3.0,0.0,-77.0
1777892065.9953325,-2.0,-1.0,-74.0
1777892066.0053325,2.0,-2.0,-72.0
1777892066.0153325,0.0,-3.0,-76.0
1777892066.0253325,1.0,-4.0,-76.0
1777892066.0353324,1.0,-3.0,-77.0
1777892066.0453324,1.0,-5.0,-79.0
1777892066.0553324,1.0,-2.0,-80.0
1777892066.0653324,1.0,0.0,-75.0
1777892066.0763323,-1.0,1.0,-79.0
1777892066.0853324,-1.0,0.0,-79.0
1777892066.0963323,1.0,-2.0,-77.0
1777892066.1063323,-7.0,-5.0,-71.0
1777892066.1163323,-8.0,-6.0,-67.0
1777892066.1263323,-12.0,-6.0,-69.0
1777892066.1363325,-12.0,-1.0,-64.0
1777892066.1463325,-8.0,-3.0,-65.0
1777892066.1563325,-8.0,-2.0,-74.0
1777892066.1663325,-12.0,0.0,-72.0
1777892066.1763325,-8.0,-1.0,-69.0
1777892066.1863325,-5.0,-3.0,-73.0
1777892066.1963325,-6.0,-2.0,-81.0
1777892066.2063324,-8.0,2.0,-85.0
1777892066.2163324,-5.0,3.0,-82.0
1777892066.2263324,-3.0,2.0,-78.0
1777892066.2363324,0.0,0.0,-75.0
1777892066.2463324,0.0,0.0,-71.0
1777892066.2563324,0.0,-1.0,-69.0
1777892066.2663324,-4.0,0.0,-69.0
1777892066.2763324,-3.0,-2.0,-73.0
1777892066.2863324,-3.0,0.0,-74.0
1777892066.2963324,-1.0,4.0,-68.0
1777892066.3063323,-3.0,3.0,-61.0
1777892066.3163323,0.0,8.0,-64.0
1777892066.3263323,0.0,5.0,-66.0
1777892066.3363323,1.0,0.0,-69.0
1777892066.3463323,0.0,2.0,-63.0
1777892066.3563323,1.0,-3.0,-59.0
1777892066.3663323,0.0,0.0,-61.0
1777892066.3763323,-5.0,-2.0,-67.0
1777892066.3863325,1.0,0.0,-65.0
1777892066.3963325,4.0,-1.0,-67.0
1777892066.4063325,5.0,-1.0,-64.0
1777892066.4163325,5.0,1.0,-64.0
1777892066.4263325,7.0,-1.0,-67.0
1777892066.4363325,8.0,-6.0,-66.0
1777892066.4463325,5.0,-6.0,-72.0
1777892066.4563324,2.0,-2.0,-61.0
1777892066.4663324,8.0,-1.0,-59.0
1777892066.4763324,5.0,5.0,-65.0
1777892066.4863324,5.0,0.0,-69.0
1777892066.4963324,4.0,1.0,-69.0
1777892066.5063324,3.0,-5.0,-72.0
1777892066.5163324,0.0,-9.0,-72.0
1777892066.5263324,2.0,-14.0,-75.0
1777892066.5363324,4.0,-15.0,-71.0
1777892066.5463324,7.0,-13.0,-71.0
1777892066.5563323,6.0,-12.0,-69.0
1777892066.5663323,6.0,-10.0,-74.0
1777892066.5763323,3.0,-5.0,-74.0
1777892066.5863323,5.0,-1.0,-79.0
1777892066.5963323,7.0,-2.0,-76.0
1777892066.6063323,8.0,0.0,-77.0
1777892066.6163323,4.0,1.0,-70.0
1777892066.6263323,3.0,1.0,-68.0
1777892066.6363325,2.0,0.0,-68.0
1777892066.6463325,4.0,-3.0,-64.0
1777892066.6563325,4.0,-3.0,-62.0
1777892066.6663325,5.0,-3.0,-63.0
1777892066.6763325,-1.0,0.0,-64.0
1777892066.6863325,-5.0,0.0,-62.0
1777892066.6963325,-6.0,0.0,-65.0
1777892066.7063324,-4.0,0.0,-72.0
1777892066.7163324,-4.0,0.0,-69.0
1777892066.7263324,-3.0,0.0,-70.0
1777892066.7363324,-2.0,0.0,-65.0
1777892066.7463324,1.0,0.0,-65.0
1777892066.7563324,0.0,3.0,-60.0
1777892066.7663324,2.0,2.0,-66.0
1777892066.7763324,3.0,-1.0,-63.0
1777892066.7863324,4.0,-4.0,-64.0
1777892066.7963324,6.0,-6.0,-66.0
1777892066.8063323,1.0,-6.0,-64.0
1777892066.8163323,3.0,-5.0,-62.0
1777892066.8263323,8.0,-3.0,-63.0
1777892066.8363323,7.0,-8.0,-66.0
1777892066.8463323,9.0,-3.0,-63.0
1777892066.8563323,7.0,-7.0,-64.0
1777892066.8663323,5.0,-7.0,-66.0
1777892066.8763323,5.0,-4.0,-63.0
1777892066.8863325,4.0,-2.0,-58.0
1777892066.8963325,6.0,-2.0,-64.0
1777892066.9063325,5.0,-2.0,-68.0
1777892066.9163325,6.0,2.0,-75.0
1777892066.9263325,8.0,0.0,-73.0
1777892066.9363325,3.0,-1.0,-67.0
1777892066.9463325,1.0,-2.0,-68.0
1777892066.9563324,5.0,0.0,-63.0
1777892066.9663324,7.0,0.0,-64.0
1777892066.9763324,6.0,2.0,-69.0
1777892066.9863324,5.0,6.0,-75.0
1777892066.9963324,2.0,6.0,-74.0
1777892067.0063324,2.0,0.0,-73.0
1777892067.0163324,4.0,4.0,-63.0
1777892067.0263324,2.0,2.0,-64.0
1777892067.0363324,-3.0,-1.0,-66.0
1777892067.0463324,-4.0,-1.0,-59.0
1777892067.0563323,1.0,-4.0,-60.0
1777892067.0663323,6.0,0.0,-64.0
1777892067.0763323,6.0,3.0,-63.0
1777892067.0863323,8.0,5.0,-69.0
1777892067.0963323,5.0,5.0,-77.0
1777892067.1063323,0.0,3.0,-69.0
1777892067.1163323,-1.0,2.0,-69.0
1777892067.1263323,2.0,-1.0,-68.0
1777892067.1363325,0.0,0.0,-61.0
1777892067.1463325,0.0,-3.0,-73.0
1777892067.1563325,1.0,-2.0,-78.0
1777892067.1663325,3.0,-2.0,-80.0
1777892067.1763325,2.0,-4.0,-76.0
1777892067.1863325,2.0,-2.0,-76.0
1777892067.1963325,0.0,-4.0,-75.0
1777892067.2063324,0.0,-5.0,-73.0
1777892067.2163324,-2.0,-6.0,-67.0
1777892067.2263324,1.0,-3.0,-78.0
1777892067.2363324,0.0,-1.0,-79.0
1777892067.2463324,0.0,-2.0,-78.0
1777892067.2563324,0.0,-4.0,-80.0
1777892067.2663324,1.0,-1.0,-83.0
1777892067.2763324,-3.0,-4.0,-78.0
1777892067.2863324,0.0,-8.0,-74.0
1777892067.2963324,-1.0,-6.0,-76.0
1777892067.3063323,0.0,-2.0,-70.0
1777892067.3163323,2.0,-3.0,-71.0
1777892067.3263323,4.0,-1.0,-71.0
1777892067.3363323,7.0,-1.0,-77.0
1777892067.3463323,6.0,-4.0,-77.0
1777892067.3563323,9.0,-6.0,-75.0
1777892067.3663323,10.0,-6.0,-71.0
1777892067.3763323,8.0,0.0,-63.0
1777892067.3863325,5.0,-2.0,-59.0
1777892067.3963325,4.0,-5.0,-58.0
1777892067.4063325,4.0,-8.0,-60.0
1777892067.4163325,6.0,-7.0,-63.0
1777892067.4263325,5.0,-5.0,-66.0
1777892067.4363325,7.0,-1.0,-70.0
1777892067.4463325,7.0,0.0,-73.0
1777892067.4563324,5.0,-3.0,-70.0
1777892067.4663324,0.0,-2.0,-67.0
1777892067.4763324,-1.0,-1.0,-67.0
1777892067.4863324,3.0,2.0,-66.0
1777892067.4963324,-1.0,2.0,-69.0
1777892067.5063324,-1.0,0.0,-78.0
1777892067.5163324,0.0,-1.0,-81.0
1777892067.5263324,-1.0,-4.0,-75.0
1777892067.5363324,1.0,-8.0,-76.0
1777892067.5463324,-1.0,-7.0,-74.0
1777892067.5563323,-2.0,-6.0,-73.0
1777892067.5663323,-5.0,-2.0,-72.0
1777892067.5763323,-3.0,-2.0,-66.0
1777892067.5863323,0.0,-2.0,-66.0
1777892067.5963323,2.0,0.0,-68.0
1777892067.6063323,3.0,1.0,-66.0
1777892067.6163323,2.0,2.0,-71.0
1777892067.6263323,4.0,-2.0,-73.0
1777892067.6363325,5.0,-2.0,-67.0
1777892067.6463325,6.0,-2.0,-64.0
1777892067.6563325,2.0,-1.0,-69.0
1777892067.6663325,3.0,0.0,-72.0
1777892067.6763325,-2.0,0.0,-75.0
1777892067.6863325,0.0,2.0,-73.0
1777892067.6963325,6.0,0.0,-70.0
1777892067.7063324,7.0,-3.0,-70.0
1777892067.7163324,8.0,-3.0,-72.0
1777892067.7263324,7.0,-2.0,-73.0
1777892067.7363324,6.0,0.0,-72.0
1777892067.7463324,3.0,0.0,-75.0
1777892067.7563324,1.0,0.0,-76.0
1777892067.7663324,0.0,-1.0,-77.0
1777892067.7763324,2.0,-7.0,-72.0
1777892067.7863324,3.0,-4.0,-72.0
1777892067.7963324,1.0,-9.0,-70.0
1777892067.8063323,0.0,-10.0,-72.0
1777892067.8163323,2.0,-7.0,-76.0
1777892067.8263323,0.0,-6.0,-75.0
1777892067.8363323,-3.0,-6.0,-71.0
1777892067.8463323,-1.0,-6.0,-67.0
1777892067.8563323,-5.0,-4.0,-74.0
1777892067.8663323,-11.0,-7.0,-77.0
1777892067.8763323,-10.0,-1.0,-76.0
1777892067.8863325,-6.0,-1.0,-74.0
1777892067.8963325,-4.0,-2.0,-75.0
1777892067.9063325,-3.0,0.0,-76.0
1777892067.9163325,-5.0,-4.0,-69.0
1777892067.9263325,-4.0,-5.0,-74.0
1777892067.9363325,-1.0,-4.0,-71.0
1777892067.9463325,-5.0,-1.0,-70.0
1777892067.9563324,-3.0,0.0,-68.0
1777892067.9663324,-2.0,-1.0,-70.0
1777892067.9763324,0.0,-2.0,-70.0
1777892067.9863324,-1.0,-2.0,-72.0
1777892067.9963324,-5.0,2.0,-68.0
1777892068.0063324,-5.0,2.0,-67.0
1777892068.0163324,-6.0,0.0,-70.0
1777892068.0263324,-2.0,-6.0,-75.0
1777892068.0363324,0.0,0.0,-68.0
1777892068.0463324,3.0,0.0,-68.0
1777892068.0563323,0.0,-1.0,-65.0
1777892068.0663323,2.0,-2.0,-71.0
1777892068.0763323,6.0,0.0,-66.0
1777892068.0873325,6.0,-6.0,-73.0
1777892068.0973325,9.0,-6.0,-74.0
1777892068.1073325,11.0,0.0,-73.0
1777892068.1163323,4.0,2.0,-68.0
1777892068.1273324,3.0,3.0,-60.0
1777892068.1373324,7.0,4.0,-68.0
1777892068.1473324,8.0,0.0,-72.0
1777892068.1573324,3.0,0.0,-78.0
1777892068.1663325,6.0,0.0,-77.0
1777892068.1773324,6.0,-1.0,-82.0
1777892068.1873324,2.0,-4.0,-86.0
1777892068.1973324,2.0,-8.0,-89.0
1777892068.2073324,3.0,-8.0,-87.0
1777892068.2173324,2.0,-11.0,-82.0
1777892068.2273324,4.0,-8.0,-77.0
1777892068.2373323,2.0,-6.0,-81.0
1777892068.2473323,-2.0,-4.0,-76.0
1777892068.2573323,-6.0,-4.0,-74.0
1777892068.2673323,-2.0,-6.0,-76.0
1777892068.2773323,4.0,-1.0,-83.0
1777892068.2873323,3.0,-2.0,-74.0
1777892068.2973323,5.0,-2.0,-73.0
1777892068.3073325,4.0,-2.0,-67.0
1777892068.3173325,8.0,-1.0,-64.0
1777892068.3273325,10.0,1.0,-65.0
1777892068.3373325,9.0,1.0,-71.0
1777892068.3473325,14.0,-4.0,-76.0
1777892068.3573325,12.0,-7.0,-78.0
1777892068.3673325,9.0,-3.0,-69.0
1777892068.3773324,9.0,-3.0,-68.0
1777892068.3873324,7.0,0.0,-65.0
1777892068.3973324,8.0,0.0,-69.0
1777892068.4073324,6.0,2.0,-69.0
1777892068.4173324,6.0,-2.0,-66.0
1777892068.4273324,9.0,-3.0,-70.0
1777892068.4373324,7.0,0.0,-74.0
1777892068.4473324,2.0,6.0,-67.0
1777892068.4573324,-2.0,2.0,-68.0
1777892068.4673324,-2.0,2.0,-73.0
1777892068.4773324,-5.0,1.0,-75.0
1777892068.4873323,-2.0,-1.0,-76.0
1777892068.4973323,-3.0,-4.0,-77.0
1777892068.5073323,-1.0,-4.0,-80.0
1777892068.5173323,-1.0,-4.0,-78.0
1777892068.5273323,-1.0,-2.0,-76.0
1777892068.5373323,-2.0,0.0,-70.0
1777892068.5473323,1.0,-1.0,-75.0
1777892068.5573325,-2.0,0.0,-76.0
1777892068.5673325,2.0,2.0,-76.0
1777892068.5773325,0.0,5.0,-77.0
1777892068.5873325,1.0,1.0,-72.0
1777892068.5973325,-1.0,-4.0,-74.0
1777892068.6073325,2.0,-7.0,-70.0
1777892068.6173325,0.0,-7.0,-76.0
1777892068.6273324,-1.0,-2.0,-73.0
1777892068.6373324,0.0,-4.0,-71.0
1777892068.6473324,-3.0,-6.0,-69.0
1777892068.6573324,-2.0,-2.0,-69.0
1777892068.6673324,0.0,0.0,-66.0
1777892068.6773324,3.0,0.0,-68.0
1777892068.6873324,8.0,-1.0,-66.0
1777892068.6973324,10.0,-4.0,-70.0
1777892068.7073324,10.0,0.0,-72.0
1777892068.7173324,5.0,-5.0,-77.0
1777892068.7273324,8.0,-8.0,-75.0
1777892068.7373323,4.0,-4.0,-69.0
1777892068.7473323,7.0,-6.0,-68.0
1777892068.7573323,1.0,-4.0,-71.0
1777892068.7673323,1.0,-1.0,-61.0
1777892068.7773323,2.0,0.0,-57.0
1777892068.7873323,4.0,3.0,-62.0
1777892068.7973323,2.0,1.0,-64.0
1777892068.8073325,-1.0,0.0,-66.0
1777892068.8173325,-6.0,0.0,-73.0
1777892068.8273325,-6.0,4.0,-83.0
1777892068.8373325,-6.0,-1.0,-81.0
1777892068.8473325,-2.0,-6.0,-81.0
1777892068.8573325,0.0,-4.0,-83.0
1777892068.8673325,1.0,-2.0,-80.0
1777892068.8773324,2.0,0.0,-75.0
1777892068.8873324,-3.0,-1.0,-71.0
1777892068.8973324,-6.0,-6.0,-65.0
1777892068.9073324,-6.0,-7.0,-61.0
1777892068.9173324,-2.0,-4.0,-62.0
1777892068.9273324,-3.0,-4.0,-61.0
1777892068.9373324,0.0,-5.0,-61.0
1777892068.9473324,1.0,-7.0,-65.0
1777892068.9573324,3.0,-5.0,-64.0
1777892068.9673324,5.0,-1.0,-66.0
1777892068.9773324,4.0,-1.0,-68.0
1777892068.9873323,9.0,-4.0,-66.0
1777892068.9973323,5.0,-5.0,-67.0
1777892069.0073323,4.0,-9.0,-65.0
1777892069.0173323,1.0,-9.0,-63.0
1777892069.0273323,-3.0,-7.0,-68.0
1777892069.0373323,0.0,-6.0,-65.0
1777892069.0473323,-2.0,-5.0,-64.0
1777892069.0573325,-4.0,-4.0,-71.0
1777892069.0673325,0.0,-1.0,-74.0
1777892069.0773325,3.0,2.0,-73.0
1777892069.0873325,5.0,2.0,-70.0
1777892069.0973325,4.0,3.0,-72.0
1777892069.1073325,5.0,1.0,-70.0
1777892069.1173325,1.0,0.0,-79.0
1777892069.1273324,-2.0,3.0,-78.0
1777892069.1373324,-6.0,3.0,-81.0
1777892069.1473324,-5.0,4.0,-84.0
1777892069.1573324,-5.0,0.0,-85.0
1777892069.1673324,-2.0,1.0,-81.0
1777892069.1773324,-1.0,0.0,-75.0
1777892069.1873324,-1.0,0.0,-73.0
1777892069.1973324,-3.0,0.0,-70.0
1777892069.2073324,-2.0,0.0,-64.0
1777892069.2173324,1.0,2.0,-62.0
1777892069.2273324,3.0,-2.0,-61.0
1777892069.2373323,1.0,-5.0,-73.0
1777892069.2473323,3.0,-5.0,-75.0
1777892069.2573323,0.0,-2.0,-72.0
1777892069.2673323,0.0,-5.0,-73.0
1777892069.2773323,1.0,-4.0,-72.0
1777892069.2873323,2.0,-2.0,-71.0
1777892069.2973323,0.0,-2.0,-70.0
1777892069.3073325,1.0,0.0,-72.0
1777892069.3173325,5.0,-2.0,-75.0
1777892069.3273325,5.0,0.0,-69.0
1777892069.3373325,7.0,-4.0,-68.0
1777892069.3473325,6.0,-7.0,-71.0
1777892069.3573325,4.0,-3.0,-69.0
1777892069.3673325,4.0,-1.0,-67.0
1777892069.3773324,6.0,0.0,-70.0
1777892069.3873324,3.0,-2.0,-70.0
1777892069.3973324,2.0,-2.0,-69.0
1777892069.4073324,-6.0,-2.0,-68.0
1777892069.4173324,-2.0,-1.0,-67.0
1777892069.4273324,0.0,0.0,-69.0
1777892069.4373324,1.0,0.0,-78.0
1777892069.4473324,0.0,0.0,-81.0
1777892069.4573324,4.0,0.0,-79.0
1777892069.4673324,1.0,-1.0,-78.0
1777892069.4773324,-1.0,-1.0,-78.0
1777892069.4873323,5.0,-1.0,-78.0
1777892069.4973323,5.0,0.0,-80.0
1777892069.5073323,6.0,-1.0,-77.0
1777892069.5173323,7.0,-3.0,-77.0
1777892069.5273323,10.0,-2.0,-74.0
1777892069.5373323,8.0,-2.0,-69.0
1777892069.5473323,4.0,-3.0,-66.0
1777892069.5573325,7.0,0.0,-66.0
1777892069.5673325,1.0,-2.0,-67.0
1777892069.5773325,0.0,-2.0,-69.0
1777892069.5873325,1.0,-2.0,-73.0
1777892069.5973325,4.0,-6.0,-68.0
1777892069.6073325,6.0,-7.0,-69.0
1777892069.6173325,4.0,-7.0,-74.0
1777892069.6273324,0.0,-3.0,-73.0
1777892069.6373324,2.0,0.0,-77.0
1777892069.6473324,1.0,-4.0,-76.0
1777892069.6573324,-4.0,-2.0,-77.0
1777892069.6673324,-6.0,-3.0,-74.0
1777892069.6773324,-5.0,-2.0,-75.0
1777892069.6873324,-5.0,0.0,-72.0
1777892069.6973324,-4.0,0.0,-75.0
1777892069.7073324,-3.0,3.0,-81.0
1777892069.7173324,-2.0,7.0,-68.0
1777892069.7273324,-6.0,7.0,-71.0
1777892069.7373323,0.0,5.0,-74.0
1777892069.7473323,1.0,4.0,-73.0
1777892069.7573323,-2.0,6.0,-76.0
1777892069.7673323,0.0,4.0,-79.0
1777892069.7773323,0.0,1.0,-80.0
1777892069.7873323,1.0,-1.0,-73.0
1777892069.7973323,1.0,0.0,-73.0
1777892069.8073325,1.0,-3.0,-70.0
1777892069.8173325,-1.0,1.0,-70.0
1777892069.8273325,-3.0,2.0,-73.0
1777892069.8373325,-3.0,0.0,-76.0
1777892069.8473325,-3.0,1.0,-75.0
1777892069.8573325,-5.0,4.0,-76.0
1777892069.8673325,-2.0,0.0,-70.0
1777892069.8773324,-3.0,-1.0,-66.0
1777892069.8873324,-2.0,-1.0,-66.0
1777892069.8973324,-1.0,-4.0,-75.0
1777892069.9073324,3.0,-3.0,-77.0
1777892069.9173324,1.0,-4.0,-75.0
1777892069.9273324,8.0,-2.0,-69.0
1777892069.9373324,4.0,-5.0,-67.0
1777892069.9473324,6.0,-3.0,-65.0
1777892069.9573324,3.0,-2.0,-68.0
1777892069.9673324,-2.0,1.0,-73.0
1777892069.9773324,2.0,0.0,-72.0
1777892069.9873323,2.0,1.0,-76.0
1777892069.9973323,1.0,5.0,-74.0
1777892070.0073323,2.0,6.0,-75.0
1777892070.0173323,2.0,3.0,-77.0
1777892070.0273323,4.0,6.0,-75.0
1777892070.0383325,10.0,3.0,-73.0
1777892070.0473323,7.0,0.0,-64.0
1777892070.0573325,6.0,-3.0,-63.0
1777892070.0673325,2.0,0.0,-71.0
1777892070.0783324,2.0,1.0,-69.0
1777892070.0883324,3.0,0.0,-71.0
1777892070.0983324,2.0,1.0,-74.0
1777892070.1083324,2.0,0.0,-75.0
1777892070.1183324,7.0,-2.0,-73.0
1777892070.1283324,1.0,-1.0,-78.0
1777892070.1383324,4.0,-3.0,-76.0
1777892070.1483324,0.0,-3.0,-72.0
1777892070.1583323,4.0,-5.0,-72.0
1777892070.1683323,4.0,-5.0,-77.0
1777892070.1783323,2.0,0.0,-81.0
1777892070.1883323,1.0,0.0,-80.0
1777892070.1983323,-1.0,-2.0,-82.0
1777892070.2083323,-2.0,1.0,-75.0
1777892070.2183323,0.0,0.0,-73.0
1777892070.2283323,7.0,1.0,-72.0
1777892070.2383325,5.0,-1.0,-71.0
1777892070.2483325,5.0,-2.0,-74.0
1777892070.2583325,-1.0,-3.0,-78.0
1777892070.2683325,-2.0,-1.0,-73.0
1777892070.2783325,-5.0,-2.0,-69.0
1777892070.2883325,-2.0,2.0,-64.0
1777892070.2983325,0.0,0.0,-63.0
1777892070.3083324,1.0,3.0,-68.0
1777892070.3183324,1.0,0.0,-75.0
1777892070.3283324,-3.0,-1.0,-73.0
1777892070.3383324,-5.0,-7.0,-68.0
1777892070.3483324,0.0,-8.0,-72.0
1777892070.3583324,-2.0,-9.0,-75.0
1777892070.3683324,-6.0,-5.0,-77.0
1777892070.3783324,-4.0,-3.0,-75.0
1777892070.3883324,1.0,-5.0,-70.0
1777892070.3983324,4.0,-1.0,-71.0
1777892070.4083323,1.0,0.0,-61.0
1777892070.4183323,1.0,2.0,-62.0
1777892070.4283323,2.0,2.0,-56.0
1777892070.4383323,1.0,-1.0,-60.0
1777892070.4483323,-2.0,-1.0,-65.0
1777892070.4583323,0.0,-3.0,-70.0
1777892070.4683323,2.0,-2.0,-69.0
1777892070.4783323,1.0,-7.0,-73.0
1777892070.4883325,0.0,-7.0,-80.0
1777892070.4983325,4.0,-5.0,-82.0
1777892070.5083325,5.0,-4.0,-78.0
1777892070.5183325,-1.0,-2.0,-78.0
1777892070.5283325,-2.0,0.0,-79.0
1777892070.5383325,-2.0,-4.0,-82.0
1777892070.5483325,-4.0,-3.0,-80.0
1777892070.5583324,-3.0,-5.0,-73.0
1777892070.5683324,2.0,-5.0,-69.0
1777892070.5783324,2.0,-5.0,-73.0
1777892070.5883324,0.0,-5.0,-76.0
1777892070.5983324,-3.0,-2.0,-77.0
1777892070.6083324,-1.0,-5.0,-72.0
1777892070.6183324,-3.0,-9.0,-73.0
1777892070.6283324,0.0,-9.0,-71.0
1777892070.6383324,1.0,-11.0,-68.0
1777892070.6483324,2.0,-7.0,-72.0
1777892070.6583323,0.0,-9.0,-65.0
1777892070.6683323,-3.0,-5.0,-63.0
1777892070.6783323,0.0,-3.0,-65.0
1777892070.6883323,2.0,-1.0,-67.0
1777892070.6983323,4.0,-3.0,-69.0
1777892070.7083323,3.0,0.0,-70.0
1777892070.7183323,3.0,0.0,-77.0
1777892070.7283323,7.0,0.0,-75.0
1777892070.7383325,5.0,0.0,-82.0
1777892070.7483325,-1.0,-3.0,-76.0
1777892070.7583325,0.0,-5.0,-65.0
1777892070.7683325,3.0,-3.0,-71.0
1777892070.7783325,4.0,-4.0,-77.0
1777892070.7883325,4.0,-7.0,-84.0
1777892070.7983325,4.0,-3.0,-86.0
1777892070.8083324,3.0,-2.0,-89.0
1777892070.8183324,1.0,0.0,-86.0
1777892070.8283324,2.0,-3.0,-85.0
1777892070.8383324,4.0,1.0,-81.0
1777892070.8483324,1.0,0.0,-78.0
1777892070.8583324,2.0,-3.0,-72.0
1777892070.8683324,2.0,-5.0,-71.0
1777892070.8783324,0.0,-4.0,-78.0
1777892070.8883324,-1.0,-3.0,-73.0
1777892070.8983324,-4.0,-2.0,-75.0
1777892070.9083323,0.0,-1.0,-68.0
1777892070.9183323,1.0,-3.0,-73.0
1777892070.9283323,6.0,-2.0,-70.0
1777892070.9383323,0.0,-2.0,-64.0
1777892070.9483323,0.0,0.0,-61.0
1777892070.9583323,0.0,-1.0,-61.0
1777892070.9683323,3.0,3.0,-65.0
1777892070.9783323,7.0,2.0,-66.0
1777892070.9883325,7.0,3.0,-67.0
1777892070.9983325,10.0,3.0,-61.0
1777892071.0083325,8.0,4.0,-58.0
1777892071.0183325,4.0,0.0,-56.0
1777892071.0283325,0.0,4.0,-58.0
1777892071.0383325,0.0,3.0,-66.0
1777892071.0483325,0.0,2.0,-68.0
1777892071.0583324,-3.0,3.0,-68.0
1777892071.0683324,-4.0,0.0,-73.0
1777892071.0783324,0.0,-1.0,-72.0
1777892071.0883324,0.0,-3.0,-71.0
1777892071.0983324,-4.0,-3.0,-72.0
1777892071.1083324,-3.0,-2.0,-69.0
1777892071.1183324,1.0,-4.0,-71.0
1777892071.1283324,4.0,-3.0,-68.0
1777892071.1383324,1.0,-5.0,-74.0
1777892071.1483324,0.0,-7.0,-74.0
1777892071.1583323,0.0,-4.0,-72.0
1777892071.1683323,0.0,-4.0,-69.0
1777892071.1783323,0.0,0.0,-57.0
1777892071.1883323,-1.0,0.0,-51.0
1777892071.1983323,0.0,-2.0,-52.0
1777892071.2083323,0.0,-4.0,-55.0
1777892071.2183323,-1.0,-2.0,-60.0
1777892071.2283323,-3.0,-3.0,-61.0
1777892071.2383325,-1.0,-4.0,-70.0
1777892071.2483325,5.0,-4.0,-67.0
1777892071.2583325,4.0,-2.0,-60.0
1777892071.2683325,0.0,-3.0,-70.0
1777892071.2783325,-3.0,-4.0,-77.0
1777892071.2883325,0.0,0.0,-76.0
1777892071.2983325,0.0,2.0,-74.0
1777892071.3083324,-2.0,-1.0,-70.0
1777892071.3183324,-2.0,-4.0,-70.0
1777892071.3283324,-1.0,-1.0,-74.0
1777892071.3383324,-6.0,-2.0,-70.0
1777892071.3483324,-4.0,-1.0,-64.0
1777892071.3583324,-3.0,1.0,-65.0
1777892071.3683324,-8.0,1.0,-63.0
1777892071.3783324,-5.0,2.0,-63.0
1777892071.3883324,-3.0,3.0,-61.0
1777892071.3983324,1.0,0.0,-64.0
1777892071.4083323,1.0,-2.0,-69.0
1777892071.4183323,-3.0,0.0,-71.0
1777892071.4283323,-3.0,0.0,-69.0
1777892071.4383323,-6.0,1.0,-65.0
1777892071.4483323,-6.0,0.0,-64.0
1777892071.4583323,-5.0,-3.0,-63.0
1777892071.4683323,-5.0,-3.0,-67.0
1777892071.4783323,-8.0,-3.0,-71.0
1777892071.4883325,-6.0,-6.0,-76.0
1777892071.4983325,1.0,-4.0,-66.0
1777892071.5083325,-2.0,-4.0,-63.0
1777892071.5183325,-4.0,-6.0,-67.0
1777892071.5283325,-6.0,-3.0,-60.0
1777892071.5383325,-5.0,-4.0,-61.0
1777892071.5483325,-2.0,-3.0,-63.0
1777892071.5583324,-2.0,-4.0,-68.0
1777892071.5683324,1.0,-4.0,-70.0
1777892071.5783324,-3.0,-2.0,-74.0
1777892071.5883324,0.0,-1.0,-77.0
1777892071.5983324,0.0,3.0,-80.0
1777892071.6083324,-3.0,2.0,-73.0
1777892071.6183324,-6.0,3.0,-74.0
1777892071.6283324,-2.0,5.0,-69.0
1777892071.6383324,1.0,6.0,-72.0
1777892071.6483324,1.0,6.0,-70.0
1777892071.6583323,-1.0,5.0,-69.0
1777892071.6683323,0.0,4.0,-65.0
1777892071.6783323,0.0,1.0,-64.0
1777892071.6883323,0.0,1.0,-63.0
1777892071.6983323,0.0,1.0,-65.0
1777892071.7083323,1.0,0.0,-66.0
1777892071.7183323,8.0,2.0,-67.0
1777892071.7283323,7.0,1.0,-67.0
1777892071.7383325,7.0,1.0,-70.0
1777892071.7483325,3.0,-3.0,-71.0
1777892071.7583325,-1.0,-2.0,-67.0
1777892071.7683325,-1.0,-2.0,-62.0
1777892071.7783325,0.0,-4.0,-77.0
1777892071.7883325,-4.0,-6.0,-75.0
1777892071.7983325,-4.0,-7.0,-72.0
1777892071.8083324,-4.0,-9.0,-72.0
1777892071.8183324,0.0,-9.0,-68.0
1777892071.8283324,3.0,-7.0,-72.0
1777892071.8383324,1.0,-7.0,-74.0
1777892071.8483324,1.0,-3.0,-74.0
1777892071.8583324,2.0,-2.0,-64.0
1777892071.8683324,-3.0,-7.0,-67.0
1777892071.8783324,-2.0,-3.0,-63.0
1777892071.8883324,-4.0,0.0,-63.0
1777892071.8983324,-3.0,0.0,-72.0
1777892071.9083323,-5.0,-3.0,-72.0
1777892071.9183323,-1.0,-5.0,-74.0
1777892071.9283323,-1.0,-1.0,-76.0
1777892071.9383323,-4.0,1.0,-77.0
1777892071.9483323,-1.0,3.0,-80.0
1777892071.9583323,0.0,0.0,-78.0
1777892071.9683323,2.0,-2.0,-78.0
1777892071.9783323,3.0,-5.0,-78.0
1777892071.9883325,1.0,-5.0,-73.0
1777892071.9983325,-1.0,-5.0,-74.0
1777892072.0083325,-1.0,-10.0,-73.0
1777892072.0183325,0.0,-9.0,-69.0
1777892072.0283325,-1.0,-9.0,-72.0
1777892072.0393324,0.0,-5.0,-76.0
1777892072.0483325,0.0,-4.0,-77.0
1777892072.0593324,2.0,-4.0,-78.0
1777892072.0683324,4.0,1.0,-79.0
1777892072.0793324,2.0,4.0,-83.0
1777892072.0893323,2.0,6.0,-80.0
1777892072.0993323,2.0,4.0,-82.0
1777892072.1093323,0.0,6.0,-73.0
1777892072.1193323,1.0,0.0,-75.0
1777892072.1293323,-2.0,-2.0,-70.0
1777892072.1393323,0.0,-3.0,-70.0
1777892072.1493323,-1.0,-2.0,-67.0
1777892072.1593325,-3.0,-5.0,-59.0
1777892072.1693325,-2.0,-4.0,-54.0
1777892072.1793325,-2.0,-8.0,-58.0
1777892072.1893325,0.0,-8.0,-63.0
1777892072.1993325,5.0,-9.0,-65.0
1777892072.2093325,10.0,-10.0,-66.0
1777892072.2193325,7.0,-9.0,-77.0
1777892072.2293324,2.0,-6.0,-80.0
1777892072.2393324,2.0,-8.0,-70.0
1777892072.2493324,3.0,-9.0,-63.0
1777892072.2593324,3.0,-8.0,-61.0
1777892072.2693324,4.0,0.0,-65.0
1777892072.2793324,0.0,-1.0,-62.0
1777892072.2893324,0.0,1.0,-63.0
1777892072.2993324,4.0,0.0,-72.0
1777892072.3093324,7.0,-1.0,-67.0
1777892072.3193324,8.0,-1.0,-68.0
1777892072.3293324,9.0,0.0,-69.0
1777892072.3393323,7.0,-3.0,-69.0
1777892072.3493323,4.0,-3.0,-69.0
1777892072.3593323,6.0,-4.0,-64.0
1777892072.3693323,4.0,-2.0,-68.0
1777892072.3793323,7.0,-2.0,-70.0
1777892072.3893323,9.0,1.0,-73.0
1777892072.3993323,6.0,4.0,-69.0
1777892072.4093325,3.0,3.0,-64.0
1777892072.4193325,3.0,0.0,-62.0
1777892072.4293325,2.0,-6.0,-65.0
1777892072.4393325,0.0,-4.0,-64.0
1777892072.4493325,-2.0,-2.0,-71.0
1777892072.4593325,-2.0,-3.0,-73.0
1777892072.4693325,-2.0,-2.0,-72.0
1777892072.4793324,0.0,0.0,-66.0
1777892072.4893324,-1.0,1.0,-73.0
1777892072.4993324,0.0,2.0,-76.0
1777892072.5093324,0.0,0.0,-76.0
1777892072.5193324,-4.0,2.0,-81.0
1777892072.5293324,-5.0,2.0,-80.0
1777892072.5393324,2.0,4.0,-85.0
1777892072.5493324,2.0,4.0,-84.0
1777892072.5593324,2.0,0.0,-82.0
1777892072.5693324,2.0,-3.0,-84.0
1777892072.5793324,1.0,-3.0,-82.0
1777892072.5893323,1.0,0.0,-83.0
1777892072.5993323,1.0,3.0,-89.0
1777892072.6093323,-1.0,2.0,-87.0
1777892072.6193323,-6.0,2.0,-91.0
1777892072.6293323,-4.0,2.0,-87.0
1777892072.6393323,0.0,2.0,-74.0
1777892072.6493323,-2.0,0.0,-71.0
1777892072.6593325,-1.0,-1.0,-69.0
1777892072.6693325,4.0,0.0,-65.0
1777892072.6793325,4.0,-6.0,-68.0
1777892072.6893325,3.0,-6.0,-69.0
1777892072.6993325,3.0,-5.0,-67.0
1777892072.7093325,3.0,-1.0,-66.0
1777892072.7193325,5.0,2.0,-67.0
1777892072.7293324,5.0,0.0,-67.0
1777892072.7393324,3.0,0.0,-72.0
1777892072.7493324,2.0,-1.0,-64.0
1777892072.7593324,1.0,-1.0,-60.0
1777892072.7693324,5.0,0.0,-72.0
1777892072.7793324,6.0,4.0,-72.0
1777892072.7893324,10.0,4.0,-74.0
1777892072.7993324,5.0,4.0,-77.0
1777892072.8093324,0.0,6.0,-80.0
1777892072.8193324,-1.0,4.0,-81.0
1777892072.8293324,-5.0,4.0,-75.0
1777892072.8393323,-1.0,2.0,-62.0
1777892072.8493323,0.0,-4.0,-60.0
1777892072.8593323,0.0,-6.0,-60.0
1777892072.8693323,-2.0,-4.0,-64.0
1777892072.8793323,-6.0,-1.0,-74.0
1777892072.8893323,-5.0,-1.0,-76.0
1777892072.8993323,-1.0,-2.0,-78.0
1777892072.9093325,-3.0,0.0,-74.0
1777892072.9193325,-3.0,-4.0,-74.0
1777892072.9293325,-3.0,0.0,-70.0
1777892072.9393325,-4.0,-1.0,-65.0
1777892072.9493325,-1.0,-5.0,-54.0
1777892072.9593325,0.0,-6.0,-58.0
1777892072.9693325,-4.0,-6.0,-52.0
1777892072.9793324,-5.0,-5.0,-58.0
1777892072.9893324,-4.0,-4.0,-62.0
1777892072.9993324,-3.0,-2.0,-72.0
1777892073.0093324,-2.0,-2.0,-69.0
1777892073.0193324,-2.0,0.0,-61.0
1777892073.0293324,0.0,-1.0,-69.0
1777892073.0393324,4.0,0.0,-72.0
1777892073.0493324,4.0,-1.0,-70.0
1777892073.0593324,3.0,-5.0,-61.0
1777892073.0693324,4.0,-6.0,-66.0
1777892073.0793324,5.0,-2.0,-70.0
1777892073.0893323,2.0,4.0,-66.0
1777892073.0993323,1.0,2.0,-69.0
1777892073.1093323,4.0,2.0,-72.0
1777892073.1193323,7.0,-1.0,-75.0
1777892073.1293323,6.0,-2.0,-77.0
1777892073.1393323,8.0,-6.0,-77.0
1777892073.1493323,6.0,-7.0,-80.0
1777892073.1593325,6.0,-6.0,-79.0
1777892073.1693325,4.0,-5.0,-68.0
1777892073.1793325,7.0,-5.0,-69.0
1777892073.1893325,4.0,-3.0,-69.0
1777892073.1993325,4.0,2.0,-67.0
1777892073.2093325,7.0,5.0,-65.0
1777892073.2193325,5.0,6.0,-65.0
1777892073.2293324,0.0,2.0,-62.0
1777892073.2393324,2.0,2.0,-66.0
1777892073.2493324,-1.0,2.0,-70.0
1777892073.2593324,3.0,0.0,-69.0
1777892073.2693324,5.0,-1.0,-72.0
1777892073.2793324,1.0,-1.0,-74.0
1777892073.2893324,-4.0,-2.0,-69.0
1777892073.2993324,-6.0,-4.0,-67.0
1777892073.3093324,-3.0,0.0,-69.0
1777892073.3193324,-4.0,3.0,-69.0
1777892073.3293324,-3.0,8.0,-69.0
1777892073.3393323,-2.0,5.0,-67.0
1777892073.3493323,-3.0,4.0,-66.0
1777892073.3593323,-3.0,-1.0,-66.0
1777892073.3693323,-1.0,0.0,-66.0
1777892073.3793323,5.0,0.0,-68.0
1777892073.3893323,4.0,-1.0,-66.0
1777892073.3993323,0.0,0.0,-63.0
1777892073.4093325,2.0,-1.0,-67.0
1777892073.4193325,6.0,-3.0,-67.0
1777892073.4293325,6.0,0.0,-68.0
1777892073.4393325,6.0,3.0,-75.0
1777892073.4493325,1.0,4.0,-73.0
1777892073.4593325,0.0,4.0,-70.0
1777892073.4693325,0.0,4.0,-67.0
1777892073.4793324,2.0,4.0,-73.0
1777892073.4893324,2.0,2.0,-78.0
1777892073.4993324,-1.0,0.0,-78.0
1777892073.5093324,0.0,-2.0,-79.0
1777892073.5193324,-1.0,-8.0,-77.0
1777892073.5293324,-3.0,-9.0,-76.0
1777892073.5393324,-5.0,-8.0,-74.0
1777892073.5493324,-5.0,-5.0,-76.0
1777892073.5593324,-3.0,-7.0,-81.0
1777892073.5693324,0.0,-9.0,-76.0
1777892073.5793324,-2.0,-8.0,-74.0
1777892073.5893323,-4.0,-6.0,-73.0
1777892073.5993323,-5.0,-1.0,-73.0
1777892073.6093323,-2.0,-3.0,-75.0
1777892073.6193323,3.0,-2.0,-68.0
1777892073.6293323,0.0,-3.0,-66.0
1777892073.6393323,-1.0,-1.0,-69.0
1777892073.6493323,-5.0,-2.0,-71.0
1777892073.6593325,-1.0,-1.0,-74.0
1777892073.6693325,1.0,0.0,-75.0
1777892073.6793325,-1.0,-4.0,-77.0
1777892073.6893325,-4.0,-8.0,-70.0
1777892073.6993325,-1.0,-12.0,-63.0
1777892073.7093325,-3.0,-12.0,-65.0
1777892073.7193325,-2.0,-8.0,-70.0
1777892073.7293324,-4.0,-5.0,-71.0
1777892073.7393324,0.0,-1.0,-73.0
1777892073.7493324,-3.0,-5.0,-78.0
1777892073.7593324,-3.0,-6.0,-81.0
1777892073.7693324,-1.0,-3.0,-77.0
1777892073.7793324,-1.0,-1.0,-75.0
1777892073.7893324,-2.0,-1.0,-70.0
1777892073.7993324,1.0,0.0,-72.0
1777892073.8093324,0.0,0.0,-72.0
1777892073.8193324,-2.0,0.0,-74.0
1777892073.8293324,0.0,0.0,-74.0
1777892073.8393323,1.0,-1.0,-70.0
1777892073.8493323,-1.0,1.0,-75.0
1777892073.8593323,0.0,0.0,-74.0
1777892073.8693323,-1.0,-2.0,-81.0
1777892073.8793323,0.0,-4.0,-82.0
1777892073.8893323,1.0,0.0,-84.0
1777892073.8993323,1.0,0.0,-76.0
1777892073.9093325,0.0,0.0,-73.0
1777892073.9193325,3.0,-1.0,-73.0
1777892073.9293325,7.0,-5.0,-74.0
1777892073.9393325,5.0,-6.0,-81.0
1777892073.9493325,6.0,-3.0,-81.0
1777892073.9593325,7.0,-1.0,-81.0
1777892073.9693325,1.0,-4.0,-79.0
1777892073.9793324,2.0,-7.0,-76.0
1777892073.9893324,4.0,-8.0,-76.0
1777892073.9993324,5.0,-8.0,-78.0
1777892074.0093324,2.0,-6.0,-75.0
1777892074.0193324,-1.0,-8.0,-70.0
1777892074.0293324,2.0,-5.0,-70.0
1777892074.0393324,4.0,-2.0,-76.0
1777892074.0493324,5.0,-4.0,-73.0
1777892074.0603323,4.0,-7.0,-74.0
1777892074.0693324,1.0,-5.0,-69.0
1777892074.0803325,0.0,-2.0,-70.0
1777892074.0903325,-1.0,-6.0,-69.0
1777892074.1003325,-5.0,-8.0,-69.0
1777892074.1103325,-7.0,-7.0,-76.0
1777892074.1203325,-2.0,-6.0,-73.0
1777892074.1303325,1.0,-6.0,-73.0
1777892074.1403325,5.0,-6.0,-68.0
1777892074.1503325,6.0,-8.0,-62.0
1777892074.1603324,4.0,-8.0,-66.0
1777892074.1703324,0.0,-6.0,-69.0
1777892074.1803324,1.0,-5.0,-71.0
1777892074.1903324,1.0,-5.0,-71.0
1777892074.2003324,5.0,-8.0,-68.0
1777892074.2103324,2.0,-4.0,-71.0
1777892074.2203324,1.0,-9.0,-71.0
1777892074.2303324,3.0,-3.0,-74.0
1777892074.2403324,6.0,-2.0,-78.0
1777892074.2503324,9.0,0.0,-72.0
1777892074.2603323,6.0,0.0,-77.0
1777892074.2703323,4.0,0.0,-67.0
1777892074.2803323,-1.0,-2.0,-58.0
1777892074.2903323,-3.0,-4.0,-60.0
1777892074.3003323,2.0,-2.0,-64.0
1777892074.3103323,5.0,-2.0,-69.0
1777892074.3203323,2.0,-3.0,-72.0
1777892074.3303325,2.0,-1.0,-71.0
1777892074.3403325,4.0,1.0,-77.0
1777892074.3503325,4.0,-2.0,-84.0
1777892074.3603325,3.0,0.0,-73.0
1777892074.3703325,5.0,-1.0,-71.0
1777892074.3803325,8.0,0.0,-71.0
1777892074.3903325,7.0,0.0,-76.0
1777892074.4003325,3.0,-1.0,-68.0
1777892074.4103324,4.0,-7.0,-67.0
1777892074.4203324,0.0,-8.0,-70.0
1777892074.4303324,0.0,-5.0,-77.0
1777892074.4403324,-1.0,-8.0,-73.0
1777892074.4503324,1.0,-8.0,-73.0
1777892074.4603324,6.0,-8.0,-72.0
1777892074.4703324,6.0,-12.0,-70.0
1777892074.4803324,7.0,-14.0,-75.0
1777892074.4903324,5.0,-16.0,-73.0
1777892074.5003324,3.0,-18.0,-66.0
1777892074.5103323,6.0,-15.0,-71.0
1777892074.5203323,3.0,-13.0,-79.0
1777892074.5303323,3.0,-12.0,-81.0
1777892074.5403323,1.0,-10.0,-81.0
1777892074.5503323,2.0,-12.0,-70.0
1777892074.5603323,4.0,-6.0,-71.0
1777892074.5703323,4.0,-8.0,-75.0
1777892074.5803325,3.0,-8.0,-72.0
1777892074.5903325,0.0,-8.0,-79.0
1777892074.6003325,-1.0,-8.0,-74.0
1777892074.6103325,-1.0,-2.0,-70.0
1777892074.6203325,-4.0,-2.0,-60.0
1777892074.6303325,-5.0,-1.0,-60.0
1777892074.6403325,-4.0,-4.0,-65.0
1777892074.6503325,0.0,-2.0,-64.0
1777892074.6603324,0.0,-3.0,-64.0
1777892074.6703324,1.0,-5.0,-65.0
1777892074.6803324,3.0,-8.0,-61.0
1777892074.6903324,0.0,-10.0,-62.0
1777892074.7003324,1.0,-12.0,-63.0
1777892074.7103324,2.0,-9.0,-66.0
1777892074.7203324,4.0,-9.0,-70.0
1777892074.7303324,1.0,-6.0,-70.0
1777892074.7403324,6.0,-4.0,-67.0
1777892074.7503324,6.0,-2.0,-68.0
1777892074.7603323,3.0,0.0,-67.0
1777892074.7703323,-2.0,1.0,-66.0
1777892074.7803323,-2.0,0.0,-67.0
1777892074.7903323,-6.0,0.0,-67.0
1777892074.8003323,-3.0,3.0,-65.0
1777892074.8103323,3.0,2.0,-68.0
1777892074.8203323,0.0,-1.0,-70.0
1777892074.8303325,0.0,-3.0,-74.0
1777892074.8403325,1.0,-3.0,-77.0
1777892074.8503325,0.0,-2.0,-75.0
1777892074.8603325,-3.0,-6.0,-76.0
1777892074.8703325,1.0,-7.0,-71.0
1777892074.8803325,0.0,-8.0,-68.0
1777892074.8903325,3.0,-8.0,-60.0
1777892074.9003325,-2.0,-2.0,-58.0
1777892074.9103324,0.0,-2.0,-64.0
1777892074.9203324,-2.0,-5.0,-64.0
1777892074.9303324,1.0,-9.0,-66.0
1777892074.9403324,5.0,-15.0,-60.0
1777892074.9503324,7.0,-11.0,-59.0
1777892074.9603324,4.0,-9.0,-63.0
1777892074.9703324,5.0,-7.0,-62.0
1777892074.9803324,6.0,-10.0,-64.0
1777892074.9903324,3.0,-7.0,-68.0
1777892075.0003324,0.0,-8.0,-71.0
1777892075.0103323,3.0,-3.0,-70.0
1777892075.0203323,5.0,0.0,-69.0
1777892075.0303323,0.0,0.0,-64.0
1777892075.0403323,-4.0,-2.0,-70.0
1777892075.0503323,-5.0,-4.0,-70.0
1777892075.0603323,-6.0,-2.0,-64.0
1777892075.0703323,-7.0,-1.0,-64.0
1777892075.0803325,-5.0,1.0,-69.0
1777892075.0903325,-5.0,2.0,-69.0
1777892075.1003325,-8.0,2.0,-69.0
1777892075.1103325,-6.0,0.0,-72.0
1777892075.1203325,-5.0,0.0,-76.0
1777892075.1303325,0.0,-1.0,-71.0
1777892075.1403325,0.0,0.0,-72.0
1777892075.1503325,-2.0,-2.0,-74.0
1777892075.1603324,-5.0,-3.0,-76.0
1777892075.1703324,0.0,-1.0,-66.0
1777892075.1803324,-3.0,-4.0,-65.0
1777892075.1903324,2.0,-8.0,-63.0
1777892075.2003324,3.0,-10.0,-66.0
1777892075.2103324,4.0,-8.0,-64.0
1777892075.2203324,4.0,-1.0,-63.0
1777892075.2303324,1.0,1.0,-67.0
1777892075.2403324,1.0,1.0,-76.0
1777892075.2503324,0.0,-1.0,-81.0
1777892075.2603323,-3.0,0.0,-82.0
1777892075.2703323,-4.0,2.0,-85.0
1777892075.2803323,-3.0,1.0,-90.0
1777892075.2903323,-5.0,-1.0,-79.0
1777892075.3003323,-5.0,-1.0,-73.0
1777892075.3103323,-6.0,5.0,-76.0
1777892075.3203323,-2.0,4.0,-76.0
1777892075.3303325,-2.0,7.0,-81.0
1777892075.3403325,-4.0,6.0,-75.0
1777892075.3503325,-2.0,4.0,-75.0
1777892075.3603325,0.0,0.0,-75.0
1777892075.3703325,0.0,-1.0,-77.0
1777892075.3803325,2.0,-1.0,-78.0
1777892075.3903325,1.0,0.0,-80.0
1777892075.4003325,1.0,0.0,-84.0
1777892075.4103324,4.0,0.0,-84.0
1777892075.4203324,3.0,0.0,-82.0
1777892075.4303324,6.0,-1.0,-75.0
1777892075.4403324,7.0,-5.0,-71.0
1777892075.4503324,1.0,-8.0,-69.0
1777892075.4603324,0.0,-9.0,-73.0
1777892075.4703324,-2.0,-7.0,-68.0
1777892075.4803324,4.0,-4.0,-65.0
1777892075.4903324,1.0,2.0,-64.0
1777892075.5003324,0.0,4.0,-69.0
1777892075.5103323,-4.0,3.0,-73.0
1777892075.5203323,0.0,4.0,-67.0
1777892075.5303323,-1.0,2.0,-68.0
1777892075.5403323,0.0,0.0,-75.0
1777892075.5503323,0.0,-1.0,-77.0
1777892075.5603323,-1.0,-2.0,-76.0
1777892075.5703323,1.0,-4.0,-78.0
1777892075.5803325,1.0,-2.0,-78.0
1777892075.5903325,2.0,-4.0,-76.0
1777892075.6003325,0.0,-5.0,-75.0
1777892075.6103325,-3.0,-2.0,-67.0
1777892075.6203325,-2.0,-2.0,-60.0
1777892075.6303325,5.0,0.0,-64.0
1777892075.6403325,11.0,2.0,-71.0
1777892075.6503325,12.0,0.0,-79.0
1777892075.6603324,11.0,1.0,-76.0
1777892075.6703324,12.0,4.0,-79.0
1777892075.6803324,7.0,10.0,-75.0
1777892075.6903324,0.0,5.0,-75.0
1777892075.7003324,-1.0,4.0,-71.0
1777892075.7103324,-3.0,2.0,-72.0
1777892075.7203324,-1.0,-2.0,-74.0
1777892075.7303324,0.0,-3.0,-78.0
1777892075.7403324,3.0,0.0,-72.0
1777892075.7503324,3.0,-5.0,-76.0
1777892075.7603323,5.0,-3.0,-77.0
1777892075.7703323,3.0,-6.0,-75.0
1777892075.7803323,5.0,-2.0,-76.0
1777892075.7903323,8.0,0.0,-79.0
1777892075.8003323,8.0,1.0,-76.0
1777892075.8103323,6.0,2.0,-73.0
1777892075.8203323,5.0,1.0,-72.0
1777892075.8303325,1.0,-1.0,-72.0
1777892075.8403325,2.0,-1.0,-74.0
1777892075.8503325,2.0,0.0,-71.0
1777892075.8603325,-2.0,1.0,-62.0
1777892075.8703325,-3.0,1.0,-67.0
1777892075.8803325,-1.0,0.0,-69.0
1777892075.8903325,3.0,-5.0,-72.0
1777892075.9003325,7.0,-3.0,-68.0
1777892075.9103324,7.0,-5.0,-66.0
1777892075.9203324,12.0,-7.0,-63.0
1777892075.9303324,11.0,-6.0,-67.0
1777892075.9403324,11.0,-4.0,-70.0
1777892075.9503324,12.0,-1.0,-68.0
1777892075.9603324,13.0,4.0,-70.0
1777892075.9703324,11.0,-1.0,-70.0
1777892075.9803324,7.0,1.0,-69.0
1777892075.9903324,1.0,0.0,-64.0
1777892076.0003324,-2.0,2.0,-71.0
1777892076.0103323,-2.0,4.0,-67.0
1777892076.0213325,-1.0,3.0,-64.0
1777892076.0303323,-3.0,4.0,-67.0
1777892076.0413325,0.0,5.0,-66.0
1777892076.0513325,-1.0,1.0,-64.0
1777892076.0613325,-2.0,-5.0,-63.0
1777892076.0713325,2.0,-9.0,-65.0
1777892076.0813324,5.0,-11.0,-67.0
1777892076.0913324,1.0,-10.0,-74.0
1777892076.1013324,7.0,-10.0,-77.0
1777892076.1113324,3.0,-8.0,-72.0
1777892076.1213324,1.0,-7.0,-69.0
1777892076.1313324,0.0,-3.0,-71.0
1777892076.1413324,2.0,0.0,-77.0
1777892076.1513324,0.0,1.0,-81.0
1777892076.1613324,-3.0,0.0,-77.0
1777892076.1713324,-9.0,0.0,-76.0
1777892076.1813323,-9.0,-3.0,-78.0
1777892076.1913323,-4.0,-8.0,-83.0
1777892076.2013323,-4.0,-10.0,-75.0
1777892076.2113323,0.0,-11.0,-73.0
1777892076.2213323,0.0,-10.0,-66.0
1777892076.2313323,-1.0,-11.0,-77.0
1777892076.2413323,0.0,-11.0,-79.0
1777892076.2513323,0.0,-3.0,-75.0
1777892076.2613325,-4.0,-2.0,-74.0
1777892076.2713325,-1.0,1.0,-73.0
1777892076.2813325,2.0,0.0,-72.0
1777892076.2913325,2.0,2.0,-69.0
1777892076.3013325,5.0,2.0,-69.0
1777892076.3113325,4.0,0.0,-72.0
1777892076.3213325,4.0,-4.0,-66.0
1777892076.3313324,2.0,-7.0,-70.0
1777892076.3413324,5.0,-6.0,-73.0
1777892076.3513324,7.0,-2.0,-82.0
1777892076.3613324,2.0,-1.0,-75.0
1777892076.3713324,1.0,2.0,-77.0
1777892076.3813324,0.0,-2.0,-85.0
1777892076.3913324,-2.0,0.0,-83.0
1777892076.4013324,-2.0,0.0,-74.0
1777892076.4113324,-2.0,-1.0,-72.0
1777892076.4213324,0.0,0.0,-72.0
1777892076.4313323,2.0,0.0,-69.0
1777892076.4413323,2.0,0.0,-68.0
1777892076.4513323,4.0,-2.0,-67.0
1777892076.4613323,5.0,-1.0,-67.0
1777892076.4713323,3.0,3.0,-65.0
1777892076.4813323,1.0,0.0,-66.0
1777892076.4913323,-1.0,0.0,-64.0
1777892076.5013323,-3.0,-2.0,-74.0
1777892076.5113325,2.0,-3.0,-73.0
1777892076.5213325,-3.0,-4.0,-66.0
1777892076.5313325,-2.0,-5.0,-73.0
1777892076.5413325,1.0,-3.0,-76.0
1777892076.5513325,5.0,-3.0,-78.0
1777892076.5613325,12.0,-1.0,-78.0
1777892076.5713325,8.0,-2.0,-75.0
1777892076.5813324,5.0,0.0,-72.0
1777892076.5913324,6.0,-2.0,-64.0
1777892076.6013324,3.0,-6.0,-69.0
1777892076.6113324,2.0,-4.0,-72.0
1777892076.6213324,-1.0,-1.0,-67.0
1777892076.6313324,-1.0,0.0,-66.0
1777892076.6413324,-4.0,2.0,-65.0
1777892076.6513324,-4.0,2.0,-65.0
1777892076.6613324,0.0,2.0,-61.0
1777892076.6713324,-1.0,0.0,-71.0
1777892076.6813323,-4.0,0.0,-72.0
1777892076.6913323,0.0,1.0,-77.0
1777892076.7013323,0.0,0.0,-75.0
1777892076.7113323,5.0,2.0,-71.0
1777892076.7213323,4.0,1.0,-67.0
1777892076.7313323,6.0,0.0,-77.0
1777892076.7413323,4.0,-2.0,-74.0
1777892076.7513323,0.0,-5.0,-70.0
1777892076.7613325,2.0,-4.0,-70.0
1777892076.7713325,2.0,-4.0,-61.0
1777892076.7813325,2.0,-4.0,-58.0
1777892076.7913325,4.0,-3.0,-55.0
1777892076.8013325,4.0,-3.0,-60.0
1777892076.8113325,4.0,-2.0,-55.0
1777892076.8213325,2.0,-4.0,-55.0
1777892076.8313324,2.0,-2.0,-55.0
1777892076.8413324,1.0,-3.0,-56.0
1777892076.8513324,0.0,-2.0,-64.0
1777892076.8613324,-3.0,-3.0,-71.0
1777892076.8713324,-3.0,-2.0,-73.0
1777892076.8813324,0.0,-2.0,-70.0
1777892076.8913324,-1.0,-1.0,-76.0
1777892076.9013324,-4.0,0.0,-75.0
1777892076.9113324,-6.0,-4.0,-78.0
1777892076.9213324,-8.0,1.0,-72.0
1777892076.9313323,-5.0,2.0,-73.0
1777892076.9413323,-5.0,1.0,-77.0
1777892076.9513323,-3.0,3.0,-73.0
1777892076.9613323,0.0,3.0,-72.0
1777892076.9713323,0.0,2.0,-79.0
1777892076.9813323,3.0,2.0,-80.0
1777892076.9913323,3.0,3.0,-85.0
1777892077.0013323,5.0,1.0,-82.0
1777892077.0113325,7.0,0.0,-84.0
1777892077.0213325,5.0,-1.0,-86.0
1777892077.0313325,-1.0,0.0,-84.0
1777892077.0413325,0.0,0.0,-83.0
1777892077.0513325,0.0,1.0,-81.0
1777892077.0613325,1.0,0.0,-79.0
1777892077.0713325,2.0,0.0,-81.0
1777892077.0813324,2.0,4.0,-78.0
1777892077.0913324,0.0,6.0,-80.0
1777892077.1013324,1.0,4.0,-79.0
1777892077.1113324,0.0,3.0,-81.0
1777892077.1213324,1.0,4.0,-80.0
1777892077.1313324,2.0,3.0,-80.0
1777892077.1413324,1.0,1.0,-81.0
1777892077.1513324,0.0,3.0,-80.0
1777892077.1613324,-5.0,5.0,-79.0
1777892077.1713324,-5.0,4.0,-67.0
1777892077.1813323,-3.0,7.0,-64.0
1777892077.1913323,0.0,0.0,-65.0
1777892077.2013323,1.0,0.0,-67.0
1777892077.2113323,4.0,-1.0,-73.0
1777892077.2213323,4.0,1.0,-75.0
1777892077.2313323,2.0,-2.0,-76.0
1777892077.2413323,-1.0,-1.0,-73.0
1777892077.2513323,-1.0,-4.0,-74.0
1777892077.2613325,0.0,-3.0,-75.0
1777892077.2713325,3.0,-1.0,-74.0
1777892077.2813325,4.0,2.0,-75.0
1777892077.2913325,7.0,2.0,-82.0
1777892077.3013325,7.0,2.0,-81.0
1777892077.3113325,9.0,0.0,-75.0
1777892077.3213325,11.0,0.0,-75.0
1777892077.3313324,9.0,-2.0,-76.0
1777892077.3413324,8.0,-3.0,-81.0
1777892077.3513324,2.0,-6.0,-82.0
1777892077.3613324,2.0,-8.0,-73.0
1777892077.3713324,4.0,-5.0,-70.0
1777892077.3813324,5.0,-11.0,-69.0
1777892077.3913324,6.0,-6.0,-63.0
1777892077.4013324,8.0,-6.0,-56.0
1777892077.4113324,11.0,-8.0,-56.0
1777892077.4213324,10.0,-4.0,-62.0
1777892077.4313323,12.0,-1.0,-65.0
1777892077.4413323,13.0,-2.0,-67.0
1777892077.4513323,7.0,-2.0,-68.0
1777892077.4613323,5.0,-2.0,-66.0
1777892077.4713323,3.0,-5.0,-68.0
1777892077.4813323,0.0,-7.0,-67.0
1777892077.4913323,-1.0,-9.0,-74.0
1777892077.5013323,0.0,-7.0,-75.0
1777892077.5113325,-1.0,-7.0,-77.0
1777892077.5213325,-4.0,-4.0,-77.0
1777892077.5313325,-4.0,-2.0,-73.0
1777892077.5413325,0.0,-5.0,-74.0
1777892077.5513325,1.0,-4.0,-73.0
1777892077.5613325,1.0,-3.0,-80.0
1777892077.5713325,3.0,-4.0,-78.0
1777892077.5813324,3.0,-5.0,-75.0
1777892077.5913324,2.0,-8.0,-72.0
1777892077.6013324,2.0,-9.0,-73.0
1777892077.6113324,0.0,-5.0,-78.0
1777892077.6213324,4.0,-2.0,-76.0
1777892077.6313324,3.0,-2.0,-69.0
1777892077.6413324,6.0,1.0,-70.0
1777892077.6513324,6.0,-1.0,-64.0
1777892077.6613324,4.0,-5.0,-64.0
1777892077.6713324,4.0,-2.0,-70.0
1777892077.6813323,4.0,-1.0,-65.0
1777892077.6913323,3.0,0.0,-67.0
1777892077.7013323,2.0,-6.0,-66.0
1777892077.7113323,1.0,-4.0,-68.0
1777892077.7213323,-1.0,-5.0,-71.0
1777892077.7313323,0.0,-3.0,-72.0
1777892077.7413323,-2.0,-5.0,-65.0
1777892077.7513323,0.0,-7.0,-60.0
1777892077.7613325,0.0,-4.0,-58.0
1777892077.7713325,0.0,-3.0,-61.0
1777892077.7813325,1.0,-6.0,-66.0
1777892077.7913325,1.0,-8.0,-68.0
1777892077.8013325,3.0,-5.0,-67.0
1777892077.8113325,-1.0,-6.0,-60.0
1777892077.8213325,-1.0,-2.0,-63.0
1777892077.8313324,3.0,-3.0,-67.0
1777892077.8413324,3.0,-2.0,-66.0
1777892077.8513324,3.0,-2.0,-66.0
1777892077.8613324,3.0,-4.0,-65.0
1777892077.8713324,3.0,-3.0,-63.0
1777892077.8813324,3.0,-1.0,-61.0
1777892077.8913324,5.0,-5.0,-66.0
1777892077.9013324,2.0,-3.0,-68.0
1777892077.9113324,3.0,-1.0,-72.0
1777892077.9213324,4.0,0.0,-73.0
1777892077.9313323,7.0,0.0,-76.0
1777892077.9413323,10.0,-1.0,-79.0
1777892077.9513323,9.0,-2.0,-79.0
1777892077.9613323,8.0,-6.0,-77.0
1777892077.9713323,8.0,-11.0,-72.0
1777892077.9813323,8.0,-8.0,-77.0
1777892077.9913323,9.0,-7.0,-76.0
1777892078.0023324,7.0,-5.0,-75.0
1777892078.0113325,4.0,-6.0,-69.0
1777892078.0223324,1.0,-5.0,-71.0
1777892078.0323324,3.0,-4.0,-71.0
1777892078.0423324,8.0,-1.0,-78.0
1777892078.0523324,6.0,-2.0,-83.0
1777892078.0623324,7.0,0.0,-83.0
1777892078.0733323,4.0,0.0,-75.0
1777892078.0823324,2.0,0.0,-73.0
1777892078.0923324,0.0,-1.0,-79.0
1777892078.1023324,2.0,1.0,-76.0
1777892078.1123323,4.0,0.0,-75.0
1777892078.1223323,0.0,-4.0,-67.0
1777892078.1323323,-1.0,-8.0,-66.0
1777892078.1423323,0.0,-7.0,-73.0
1777892078.1523323,0.0,-6.0,-67.0
1777892078.1623323,-3.0,-5.0,-71.0
1777892078.1723323,-4.0,-6.0,-62.0
1777892078.1823325,-6.0,-6.0,-76.0
1777892078.1923325,-3.0,0.0,-77.0
1777892078.2023325,0.0,-1.0,-74.0
1777892078.2123325,3.0,-3.0,-71.0
1777892078.2223325,2.0,-1.0,-75.0
1777892078.2323325,0.0,-2.0,-76.0
1777892078.2423325,4.0,-4.0,-73.0
1777892078.2523324,4.0,-3.0,-67.0
1777892078.2623324,2.0,-5.0,-64.0
1777892078.2723324,6.0,-6.0,-75.0
1777892078.2823324,7.0,-2.0,-76.0
1777892078.2923324,8.0,0.0,-73.0
1777892078.3023324,7.0,1.0,-74.0
1777892078.3123324,3.0,4.0,-71.0
1777892078.3223324,0.0,3.0,-68.0
1777892078.3323324,-1.0,0.0,-68.0
1777892078.3423324,2.0,0.0,-72.0
1777892078.3523324,3.0,-3.0,-70.0
1777892078.3623323,3.0,0.0,-74.0
1777892078.3723323,1.0,0.0,-75.0
1777892078.3823323,4.0,8.0,-78.0
1777892078.3923323,6.0,8.0,-76.0
1777892078.4023323,2.0,7.0,-72.0
1777892078.4123323,1.0,5.0,-72.0
1777892078.4223323,1.0,3.0,-72.0
1777892078.4323325,-1.0,1.0,-72.0
1777892078.4423325,1.0,0.0,-72.0
1777892078.4523325,5.0,2.0,-69.0
1777892078.4623325,6.0,4.0,-72.0
1777892078.4723325,2.0,2.0,-73.0
1777892078.4823325,5.0,1.0,-73.0
1777892078.4923325,6.0,0.0,-72.0
1777892078.5023324,1.0,0.0,-72.0
1777892078.5123324,0.0,0.0,-65.0
1777892078.5223324,2.0,0.0,-65.0
1777892078.5323324,8.0,1.0,-64.0
1777892078.5423324,8.0,-1.0,-58.0
1777892078.5523324,6.0,-6.0,-53.0
1777892078.5623324,9.0,-2.0,-58.0
1777892078.5723324,9.0,2.0,-62.0
1777892078.5823324,9.0,3.0,-67.0
1777892078.5923324,5.0,3.0,-76.0
1777892078.6023324,3.0,0.0,-75.0
1777892078.6123323,4.0,2.0,-70.0
1777892078.6223323,2.0,0.0,-64.0
1777892078.6323323,4.0,3.0,-67.0
1777892078.6423323,2.0,4.0,-63.0
1777892078.6523323,2.0,5.0,-68.0
1777892078.6623323,0.0,5.0,-71.0
1777892078.6723323,-4.0,2.0,-75.0
1777892078.6823325,-1.0,2.0,-76.0
1777892078.6923325,-1.0,0.0,-79.0
1777892078.7023325,-4.0,-4.0,-77.0
1777892078.7123325,-8.0,-7.0,-74.0
1777892078.7223325,-8.0,-5.0,-69.0
1777892078.7323325,-3.0,-4.0,-69.0
1777892078.7423325,1.0,-1.0,-75.0
1777892078.7523324,2.0,-5.0,-71.0
1777892078.7623324,1.0,-5.0,-73.0
1777892078.7723324,0.0,-1.0,-72.0
1777892078.7823324,0.0,-3.0,-66.0
1777892078.7923324,-1.0,-3.0,-64.0
1777892078.8023324,-2.0,-3.0,-62.0
1777892078.8123324,-4.0,-3.0,-67.0
1777892078.8223324,-2.0,-6.0,-68.0
1777892078.8323324,-1.0,-8.0,-65.0
1777892078.8423324,-1.0,-10.0,-73.0
1777892078.8523324,-1.0,-9.0,-78.0
1777892078.8623323,-3.0,-6.0,-74.0
1777892078.8723323,-2.0,-3.0,-75.0
1777892078.8823323,1.0,-2.0,-75.0
1777892078.8923323,3.0,-3.0,-68.0
1777892078.9023323,7.0,-5.0,-64.0
1777892078.9123323,5.0,-1.0,-66.0
1777892078.9223323,0.0,-1.0,-69.0
1777892078.9323325,1.0,4.0,-73.0
1777892078.9423325,1.0,5.0,-82.0
1777892078.9523325,2.0,4.0,-83.0
1777892078.9623325,0.0,4.0,-74.0
1777892078.9723325,0.0,3.0,-63.0
1777892078.9823325,1.0,-1.0,-59.0
1777892078.9923325,0.0,0.0,-60.0
1777892079.0023324,0.0,-2.0,-68.0
1777892079.0123324,0.0,-3.0,-71.0
1777892079.0223324,-5.0,-2.0,-79.0
1777892079.0323324,-6.0,3.0,-77.0
1777892079.0423324,-10.0,3.0,-76.0
1777892079.0523324,-11.0,3.0,-71.0
1777892079.0623324,-7.0,-4.0,-76.0
1777892079.0723324,-4.0,-3.0,-76.0
1777892079.0823324,-3.0,-1.0,-74.0
1777892079.0923324,-3.0,-1.0,-77.0
1777892079.1023324,-2.0,0.0,-75.0
1777892079.1123323,1.0,4.0,-70.0
1777892079.1223323,2.0,2.0,-74.0
1777892079.1323323,0.0,2.0,-75.0
1777892079.1423323,5.0,2.0,-72.0
1777892079.1523323,6.0,6.0,-67.0
1777892079.1623323,3.0,5.0,-75.0
1777892079.1723323,3.0,4.0,-79.0
1777892079.1823325,6.0,4.0,-77.0
1777892079.1923325,6.0,3.0,-77.0
1777892079.2023325,4.0,2.0,-76.0
1777892079.2123325,3.0,2.0,-74.0
1777892079.2223325,2.0,0.0,-79.0
1777892079.2323325,4.0,2.0,-82.0
1777892079.2423325,2.0,1.0,-73.0
1777892079.2523324,-1.0,0.0,-73.0
1777892079.2623324,0.0,0.0,-69.0
1777892079.2723324,6.0,-2.0,-73.0
1777892079.2823324,10.0,-2.0,-74.0
1777892079.2923324,11.0,-3.0,-74.0
1777892079.3023324,13.0,-1.0,-71.0
1777892079.3123324,16.0,0.0,-68.0
1777892079.3223324,10.0,-1.0,-74.0
1777892079.3323324,7.0,1.0,-68.0
1777892079.3423324,5.0,-2.0,-68.0
1777892079.3523324,6.0,-3.0,-69.0
1777892079.3623323,4.0,-3.0,-65.0
1777892079.3723323,5.0,2.0,-62.0
1777892079.3823323,4.0,0.0,-60.0
1777892079.3923323,3.0,-1.0,-63.0
1777892079.4023323,0.0,-2.0,-72.0
1777892079.4123323,2.0,-1.0,-70.0
1777892079.4223323,1.0,0.0,-73.0
1777892079.4323325,2.0,-1.0,-76.0
1777892079.4423325,1.0,-2.0,-84.0
1777892079.4523325,0.0,-2.0,-77.0
1777892079.4623325,-1.0,-3.0,-81.0
1777892079.4723325,-4.0,-6.0,-80.0
1777892079.4823325,-2.0,-4.0,-78.0
1777892079.4923325,0.0,0.0,-79.0
1777892079.5023324,1.0,1.0,-79.0
1777892079.5123324,3.0,0.0,-72.0
1777892079.5223324,3.0,2.0,-69.0
1777892079.5323324,0.0,0.0,-68.0
1777892079.5423324,0.0,2.0,-63.0
1777892079.5523324,-2.0,6.0,-66.0
1777892079.5623324,-1.0,9.0,-67.0
1777892079.5723324,-2.0,10.0,-64.0
1777892079.5823324,-7.0,9.0,-66.0
1777892079.5923324,-5.0,5.0,-69.0
1777892079.6023324,-1.0,2.0,-67.0
1777892079.6123323,-1.0,1.0,-68.0
1777892079.6223323,-2.0,0.0,-69.0
1777892079.6323323,0.0,-4.0,-71.0
1777892079.6423323,5.0,-3.0,-77.0
1777892079.6523323,6.0,-1.0,-73.0
1777892079.6623323,5.0,-1.0,-70.0
1777892079.6723323,8.0,0.0,-66.0
1777892079.6823325,15.0,-2.0,-60.0
1777892079.6923325,12.0,-4.0,-64.0
1777892079.7023325,9.0,-3.0,-69.0
1777892079.7123325,6.0,-1.0,-65.0
1777892079.7223325,3.0,-6.0,-68.0
1777892079.7323325,-1.0,-4.0,-74.0
1777892079.7423325,0.0,-2.0,-68.0
1777892079.7523324,-2.0,-1.0,-72.0
1777892079.7623324,-2.0,-2.0,-69.0
1777892079.7723324,1.0,-2.0,-63.0
1777892079.7823324,2.0,2.0,-61.0
1777892079.7923324,0.0,1.0,-64.0
1777892079.8023324,4.0,0.0,-59.0
1777892079.8123324,2.0,-4.0,-59.0
1777892079.8223324,4.0,-2.0,-65.0
1777892079.8323324,4.0,0.0,-67.0
1777892079.8423324,8.0,2.0,-69.0
1777892079.8523324,8.0,1.0,-72.0
1777892079.8623323,5.0,1.0,-65.0
1777892079.8723323,5.0,-1.0,-66.0
1777892079.8823323,5.0,0.0,-67.0
1777892079.8923323,1.0,-2.0,-72.0
1777892079.9023323,0.0,-6.0,-68.0
1777892079.9123323,4.0,-7.0,-66.0
1777892079.9223323,5.0,-7.0,-62.0
1777892079.9323325,6.0,-7.0,-64.0
1777892079.9423325,5.0,-7.0,-65.0
1777892079.9523325,3.0,-6.0,-66.0
1777892079.9623325,6.0,-4.0,-69.0
1777892079.9723325,5.0,-5.0,-74.0
1777892079.9823325,4.0,-2.0,-70.0
1777892079.9923325,5.0,-4.0,-68.0
1777892080.0023324,7.0,-2.0,-66.0
1777892080.0123324,5.0,0.0,-67.0
1777892080.0223324,-1.0,2.0,-71.0
1777892080.0333323,-2.0,2.0,-74.0
1777892080.0433323,1.0,-1.0,-66.0
1777892080.0533323,0.0,-4.0,-63.0
1777892080.0633323,-3.0,-2.0,-67.0
1777892080.0733323,-2.0,-2.0,-71.0
1777892080.0833323,0.0,-4.0,-72.0
1777892080.0933323,-4.0,-6.0,-69.0
1777892080.1033323,-2.0,-5.0,-75.0
1777892080.1133325,-2.0,-4.0,-78.0
1777892080.1233325,0.0,-4.0,-74.0
1777892080.1333325,3.0,-9.0,-77.0
1777892080.1433325,0.0,-7.0,-80.0
1777892080.1533325,-1.0,-3.0,-79.0
1777892080.1633325,-1.0,0.0,-81.0
1777892080.1733325,0.0,-2.0,-76.0
1777892080.1833324,1.0,1.0,-80.0
1777892080.1933324,-1.0,1.0,-80.0
1777892080.2033324,0.0,-1.0,-74.0
1777892080.2133324,0.0,-6.0,-78.0
1777892080.2233324,0.0,-9.0,-77.0
1777892080.2333324,0.0,-6.0,-74.0
1777892080.2433324,1.0,-7.0,-75.0
1777892080.2533324,0.0,-7.0,-72.0
1777892080.2633324,-1.0,-5.0,-73.0
1777892080.2733324,-3.0,-3.0,-73.0
1777892080.2833323,-1.0,-5.0,-71.0
1777892080.2933323,3.0,-5.0,-73.0
1777892080.3033323,0.0,-5.0,-65.0
1777892080.3133323,0.0,-6.0,-61.0
1777892080.3233323,-1.0,-6.0,-69.0
1777892080.3333323,0.0,-5.0,-72.0
1777892080.3433323,1.0,-7.0,-71.0
1777892080.3533323,0.0,-8.0,-72.0
1777892080.3633325,-5.0,-6.0,-77.0
1777892080.3733325,-9.0,-3.0,-75.0
1777892080.3833325,-9.0,-3.0,-72.0
1777892080.3933325,-8.0,0.0,-69.0
1777892080.4033325,-8.0,0.0,-75.0
1777892080.4133325,-4.0,1.0,-78.0
1777892080.4233325,-5.0,1.0,-81.0
1777892080.4333324,-3.0,5.0,-69.0
1777892080.4433324,0.0,0.0,-71.0
1777892080.4533324,3.0,-4.0,-68.0
1777892080.4633324,5.0,-5.0,-68.0
1777892080.4733324,2.0,-6.0,-68.0
1777892080.4833324,0.0,-1.0,-75.0
1777892080.4933324,2.0,3.0,-70.0
1777892080.5033324,9.0,1.0,-71.0
1777892080.5133324,13.0,5.0,-65.0
1777892080.5233324,12.0,2.0,-68.0
1777892080.5333323,10.0,5.0,-69.0
1777892080.5433323,11.0,0.0,-69.0
1777892080.5533323,3.0,-1.0,-72.0
1777892080.5633323,3.0,0.0,-77.0
1777892080.5733323,0.0,0.0,-72.0
1777892080.5833323,-1.0,0.0,-70.0
1777892080.5933323,-5.0,0.0,-65.0
1777892080.6033323,-4.0,0.0,-63.0
1777892080.6133325,2.0,-2.0,-69.0
1777892080.6233325,1.0,0.0,-71.0
1777892080.6333325,2.0,2.0,-77.0
1777892080.6433325,1.0,4.0,-75.0
1777892080.6533325,-2.0,4.0,-75.0
1777892080.6633325,-1.0,3.0,-70.0
1777892080.6733325,-2.0,1.0,-65.0
1777892080.6833324,-1.0,0.0,-66.0
1777892080.6933324,2.0,2.0,-64.0
1777892080.7033324,0.0,4.0,-64.0
1777892080.7133324,0.0,3.0,-72.0
1777892080.7233324,0.0,1.0,-72.0
1777892080.7333324,1.0,3.0,-67.0
1777892080.7433324,3.0,1.0,-68.0
1777892080.7533324,3.0,1.0,-72.0
1777892080.7633324,4.0,3.0,-72.0
1777892080.7733324,3.0,5.0,-70.0
1777892080.7833323,3.0,0.0,-65.0
1777892080.7933323,2.0,-3.0,-63.0
1777892080.8033323,0.0,-6.0,-62.0
1777892080.8133323,3.0,-7.0,-62.0
1777892080.8233323,3.0,-4.0,-61.0
1777892080.8333323,0.0,-5.0,-67.0
1777892080.8433323,-1.0,-1.0,-68.0
1777892080.8533323,-1.0,1.0,-60.0
1777892080.8633325,-5.0,1.0,-57.0
1777892080.8733325,-3.0,0.0,-64.0
1777892080.8833325,3.0,0.0,-64.0
1777892080.8933325,2.0,0.0,-60.0
1777892080.9033325,1.0,-1.0,-54.0
1777892080.9133325,1.0,-1.0,-54.0
1777892080.9233325,3.0,-1.0,-54.0
1777892080.9333324,0.0,-1.0,-54.0
1777892080.9433324,2.0,0.0,-57.0
1777892080.9533324,-3.0,-3.0,-54.0
1777892080.9633324,-2.0,-4.0,-60.0
1777892080.9733324,-2.0,-3.0,-58.0
1777892080.9833324,-4.0,-5.0,-61.0
1777892080.9933324,-1.0,-2.0,-70.0
1777892081.0033324,2.0,0.0,-69.0
1777892081.0133324,4.0,0.0,-74.0
1777892081.0233324,1.0,3.0,-70.0
1777892081.0333323,0.0,5.0,-68.0
1777892081.0433323,0.0,5.0,-70.0
1777892081.0533323,0.0,1.0,-71.0
1777892081.0633323,0.0,0.0,-76.0
1777892081.0733323,0.0,-4.0,-78.0
1777892081.0833323,3.0,-5.0,-71.0
1777892081.0933323,2.0,-6.0,-69.0
1777892081.1033323,0.0,-3.0,-62.0
1777892081.1133325,-3.0,3.0,-65.0
1777892081.1233325,-6.0,5.0,-66.0
1777892081.1333325,-4.0,1.0,-72.0
1777892081.1433325,-6.0,3.0,-66.0
1777892081.1533325,-4.0,4.0,-56.0
1777892081.1633325,1.0,2.0,-62.0
1777892081.1733325,4.0,2.0,-67.0
1777892081.1833324,8.0,-2.0,-70.0
1777892081.1933324,5.0,0.0,-74.0
1777892081.2033324,0.0,-1.0,-71.0
1777892081.2133324,-2.0,0.0,-66.0
1777892081.2233324,-5.0,0.0,-67.0
1777892081.2333324,-3.0,0.0,-70.0
1777892081.2433324,0.0,-1.0,-73.0
1777892081.2533324,2.0,0.0,-67.0
1777892081.2633324,-2.0,3.0,-77.0
1777892081.2733324,-2.0,3.0,-83.0
1777892081.2833323,0.0,2.0,-83.0
1777892081.2933323,0.0,7.0,-88.0
1777892081.3033323,-1.0,5.0,-86.0
1777892081.3133323,-2.0,4.0,-79.0
1777892081.3233323,-6.0,0.0,-80.0
1777892081.3333323,-4.0,0.0,-81.0
1777892081.3433323,-3.0,-3.0,-83.0
1777892081.3533323,3.0,-6.0,-78.0
1777892081.3633325,3.0,-6.0,-79.0
1777892081.3733325,0.0,0.0,-86.0
1777892081.3833325,6.0,0.0,-88.0
1777892081.3933325,4.0,0.0,-79.0
1777892081.4033325,1.0,-4.0,-79.0
1777892081.4133325,4.0,-5.0,-83.0
1777892081.4233325,2.0,-9.0,-79.0
1777892081.4333324,4.0,-8.0,-85.0
1777892081.4433324,8.0,-8.0,-84.0
1777892081.4533324,7.0,-7.0,-82.0
1777892081.4633324,7.0,-10.0,-81.0
1777892081.4733324,6.0,-7.0,-79.0
1777892081.4833324,5.0,-7.0,-75.0
1777892081.4933324,8.0,-6.0,-74.0
1777892081.5033324,12.0,-8.0,-77.0
1777892081.5133324,10.0,-6.0,-78.0
1777892081.5233324,9.0,-5.0,-78.0
1777892081.5333323,6.0,-6.0,-77.0
1777892081.5433323,7.0,-1.0,-75.0
1777892081.5533323,3.0,-2.0,-72.0
1777892081.5633323,2.0,-1.0,-77.0
1777892081.5733323,-2.0,1.0,-76.0
1777892081.5833323,-3.0,0.0,-75.0
1777892081.5933323,-3.0,0.0,-79.0
1777892081.6033323,-2.0,-1.0,-78.0
1777892081.6133325,-3.0,0.0,-80.0
1777892081.6233325,-9.0,-2.0,-83.0
1777892081.6333325,-14.0,-7.0,-74.0
1777892081.6433325,-14.0,-6.0,-72.0
1777892081.6533325,-10.0,-7.0,-74.0
1777892081.6633325,-10.0,-2.0,-72.0
1777892081.6733325,-5.0,0.0,-72.0
1777892081.6833324,-7.0,0.0,-68.0
1777892081.6933324,-9.0,0.0,-73.0
1777892081.7033324,-8.0,1.0,-71.0
1777892081.7133324,-6.0,1.0,-68.0
1777892081.7233324,-1.0,1.0,-70.0
1777892081.7333324,-1.0,0.0,-66.0
1777892081.7433324,-3.0,3.0,-66.0
1777892081.7533324,1.0,1.0,-70.0
1777892081.7633324,4.0,1.0,-73.0
1777892081.7733324,6.0,-1.0,-77.0
1777892081.7833323,4.0,-1.0,-83.0
1777892081.7933323,4.0,-2.0,-81.0
1777892081.8033323,0.0,-6.0,-79.0
1777892081.8133323,3.0,-5.0,-80.0
1777892081.8233323,1.0,-6.0,-75.0
1777892081.8333323,5.0,-6.0,-70.0
1777892081.8433323,7.0,-4.0,-63.0
1777892081.8533323,2.0,-4.0,-74.0
1777892081.8633325,0.0,-2.0,-75.0
1777892081.8733325,3.0,-4.0,-73.0
1777892081.8833325,2.0,0.0,-74.0
1777892081.8933325,1.0,0.0,-73.0
1777892081.9033325,1.0,-2.0,-68.0
1777892081.9133325,2.0,-6.0,-75.0
1777892081.9233325,3.0,-1.0,-75.0
1777892081.9333324,5.0,-3.0,-79.0
1777892081.9433324,10.0,0.0,-79.0
1777892081.9533324,8.0,-3.0,-81.0
1777892081.9633324,4.0,-2.0,-77.0
1777892081.9733324,9.0,-5.0,-76.0
1777892081.9833324,12.0,-5.0,-75.0
1777892081.9943323,11.0,-2.0,-70.0
1777892082.0043323,10.0,0.0,-66.0
1777892082.0143323,5.0,3.0,-69.0
1777892082.0243323,0.0,2.0,-73.0
1777892082.0343325,0.0,2.0,-74.0
1777892082.0443325,-2.0,4.0,-76.0
1777892082.0543325,0.0,0.0,-75.0
1777892082.0643325,2.0,-4.0,-76.0
1777892082.0743325,2.0,-7.0,-79.0
1777892082.0843325,6.0,-10.0,-81.0
1777892082.0943325,4.0,-4.0,-77.0
1777892082.1043324,1.0,-6.0,-74.0
1777892082.1143324,-1.0,-6.0,-73.0
1777892082.1243324,-5.0,-4.0,-73.0
1777892082.1343324,-4.0,0.0,-75.0
1777892082.1443324,-4.0,7.0,-77.0
1777892082.1543324,-1.0,3.0,-70.0
1777892082.1643324,4.0,3.0,-68.0
1777892082.1743324,0.0,-1.0,-68.0
1777892082.1843324,0.0,-3.0,-65.0
1777892082.1943324,0.0,0.0,-62.0
1777892082.2043324,-2.0,0.0,-65.0
1777892082.2143323,-5.0,-4.0,-64.0
1777892082.2243323,0.0,-6.0,-65.0
1777892082.2343323,1.0,-5.0,-64.0
1777892082.2443323,0.0,-9.0,-67.0
1777892082.2543323,5.0,-6.0,-67.0
1777892082.2643323,8.0,-6.0,-71.0
1777892082.2743323,7.0,-6.0,-68.0
1777892082.2843325,5.0,-7.0,-72.0
1777892082.2943325,0.0,-4.0,-79.0
1777892082.3043325,3.0,-1.0,-76.0
1777892082.3143325,0.0,-6.0,-84.0
1777892082.3243325,0.0,-5.0,-87.0
1777892082.3343325,4.0,-3.0,-84.0
1777892082.3443325,4.0,-1.0,-74.0
1777892082.3543324,6.0,-1.0,-75.0
1777892082.3643324,7.0,-1.0,-69.0
1777892082.3743324,3.0,-1.0,-72.0
1777892082.3843324,-3.0,-1.0,-63.0
1777892082.3943324,-1.0,0.0,-61.0
1777892082.4043324,3.0,0.0,-68.0
1777892082.4143324,0.0,-4.0,-67.0
1777892082.4243324,-1.0,-2.0,-69.0
1777892082.4343324,-1.0,-4.0,-68.0
1777892082.4443324,0.0,-8.0,-71.0
1777892082.4543324,3.0,-5.0,-71.0
1777892082.4643323,7.0,-6.0,-76.0
1777892082.4743323,3.0,-6.0,-78.0
1777892082.4843323,1.0,-7.0,-78.0
1777892082.4943323,5.0,-1.0,-78.0
1777892082.5043323,3.0,0.0,-77.0
1777892082.5143323,3.0,0.0,-74.0
1777892082.5243323,0.0,0.0,-70.0
1777892082.5343325,-1.0,-1.0,-67.0
1777892082.5443325,-3.0,-2.0,-70.0
1777892082.5543325,-5.0,-1.0,-68.0
1777892082.5643325,-5.0,-5.0,-70.0
1777892082.5743325,-3.0,-5.0,-81.0
1777892082.5843325,-2.0,-4.0,-79.0
1777892082.5943325,0.0,-6.0,-84.0
1777892082.6043324,1.0,-5.0,-82.0
1777892082.6143324,-1.0,-6.0,-80.0
1777892082.6243324,-2.0,-7.0,-74.0
1777892082.6343324,-2.0,-4.0,-67.0
1777892082.6443324,-4.0,0.0,-72.0
1777892082.6543324,-5.0,1.0,-78.0
1777892082.6643324,-5.0,3.0,-74.0
1777892082.6743324,-6.0,0.0,-78.0
1777892082.6843324,-4.0,0.0,-78.0
1777892082.6943324,0.0,-3.0,-71.0
1777892082.7043324,-1.0,-1.0,-72.0
1777892082.7143323,-2.0,-1.0,-70.0
1777892082.7243323,-3.0,1.0,-69.0
1777892082.7343323,-4.0,0.0,-72.0
1777892082.7443323,-4.0,-1.0,-65.0
1777892082.7543323,-4.0,-3.0,-65.0
1777892082.7643323,-2.0,-4.0,-67.0
1777892082.7743323,0.0,3.0,-60.0
1777892082.7843325,-1.0,4.0,-64.0
1777892082.7943325,1.0,0.0,-69.0
1777892082.8043325,3.0,-2.0,-73.0
1777892082.8143325,3.0,-4.0,-73.0
1777892082.8243325,-2.0,-2.0,-72.0
1777892082.8343325,2.0,-4.0,-69.0
1777892082.8443325,0.0,-2.0,-75.0
1777892082.8543324,2.0,-3.0,-81.0
1777892082.8643324,1.0,-3.0,-73.0
1777892082.8743324,-3.0,-2.0,-67.0
1777892082.8843324,0.0,-4.0,-60.0
1777892082.8943324,-3.0,-4.0,-68.0
1777892082.9043324,-1.0,-6.0,-72.0
1777892082.9143324,0.0,-8.0,-71.0
1777892082.9243324,4.0,-10.0,-73.0
1777892082.9343324,7.0,-9.0,-72.0
1777892082.9443324,3.0,-7.0,-75.0
1777892082.9543324,1.0,-2.0,-75.0
1777892082.9643323,-1.0,-2.0,-71.0
1777892082.9743323,1.0,0.0,-63.0
1777892082.9843323,4.0,0.0,-60.0
1777892082.9943323,5.0,1.0,-64.0
1777892083.0043323,1.0,3.0,-62.0
1777892083.0143323,-1.0,-1.0,-62.0
1777892083.0243323,-2.0,0.0,-70.0
1777892083.0343325,3.0,0.0,-69.0
1777892083.0443325,6.0,0.0,-65.0
1777892083.0543325,7.0,5.0,-67.0
1777892083.0643325,9.0,4.0,-60.0
1777892083.0743325,4.0,6.0,-65.0
1777892083.0843325,4.0,10.0,-72.0
1777892083.0943325,4.0,5.0,-71.0
1777892083.1043324,1.0,7.0,-62.0
1777892083.1143324,0.0,3.0,-68.0
1777892083.1243324,3.0,2.0,-67.0
1777892083.1343324,3.0,1.0,-70.0
1777892083.1443324,3.0,4.0,-73.0
1777892083.1543324,5.0,0.0,-73.0
1777892083.1643324,0.0,0.0,-78.0
1777892083.1743324,0.0,-2.0,-77.0
1777892083.1843324,-2.0,0.0,-76.0
1777892083.1943324,1.0,0.0,-76.0
1777892083.2043324,-6.0,1.0,-69.0
1777892083.2143323,-2.0,4.0,-60.0
1777892083.2243323,1.0,6.0,-61.0
1777892083.2343323,-2.0,1.0,-69.0
1777892083.2443323,1.0,0.0,-66.0
1777892083.2543323,1.0,-3.0,-72.0
1777892083.2643323,0.0,-4.0,-73.0
1777892083.2743323,2.0,-3.0,-76.0
1777892083.2843325,0.0,-3.0,-69.0
1777892083.2943325,-3.0,0.0,-65.0
1777892083.3043325,-7.0,-1.0,-65.0
1777892083.3143325,-8.0,-1.0,-68.0
1777892083.3243325,-11.0,-3.0,-62.0
1777892083.3343325,-9.0,-2.0,-66.0
1777892083.3443325,-5.0,0.0,-65.0
1777892083.3543324,-4.0,-1.0,-68.0
1777892083.3643324,0.0,-1.0,-70.0
1777892083.3743324,-4.0,-2.0,-67.0
1777892083.3843324,-6.0,-4.0,-68.0
1777892083.3943324,-8.0,0.0,-69.0
1777892083.4043324,-3.0,1.0,-71.0
1777892083.4143324,-3.0,0.0,-78.0
1777892083.4243324,-3.0,0.0,-77.0
1777892083.4343324,-3.0,-4.0,-79.0
1777892083.4443324,3.0,-3.0,-77.0
1777892083.4543324,0.0,-4.0,-71.0
1777892083.4643323,1.0,-3.0,-67.0
1777892083.4743323,2.0,-2.0,-62.0
1777892083.4843323,7.0,-1.0,-63.0
1777892083.4943323,5.0,-3.0,-69.0
1777892083.5043323,2.0,-5.0,-79.0
1777892083.5143323,0.0,-10.0,-74.0
1777892083.5243323,-2.0,-7.0,-64.0
1777892083.5343325,-4.0,-8.0,-64.0
1777892083.5443325,-2.0,-7.0,-66.0
1777892083.5543325,0.0,-5.0,-70.0
1777892083.5643325,-1.0,-3.0,-63.0
1777892083.5743325,0.0,-5.0,-70.0
1777892083.5843325,1.0,-7.0,-77.0
1777892083.5943325,-1.0,-10.0,-78.0
1777892083.6043324,1.0,-8.0,-71.0
1777892083.6143324,2.0,-6.0,-80.0
1777892083.6243324,4.0,-6.0,-83.0
1777892083.6343324,7.0,0.0,-87.0
1777892083.6443324,8.0,1.0,-81.0
1777892083.6543324,8.0,3.0,-71.0
1777892083.6643324,9.0,3.0,-75.0
1777892083.6743324,9.0,8.0,-77.0
1777892083.6843324,7.0,8.0,-79.0
1777892083.6943324,7.0,9.0,-82.0
1777892083.7043324,6.0,10.0,-76.0
1777892083.7143323,3.0,6.0,-72.0
1777892083.7243323,0.0,6.0,-72.0
1777892083.7343323,0.0,5.0,-70.0
1777892083.7443323,1.0,0.0,-71.0
1777892083.7543323,4.0,-1.0,-62.0
1777892083.7643323,1.0,-1.0,-63.0
1777892083.7743323,-3.0,-6.0,-72.0
1777892083.7843325,-5.0,-8.0,-75.0
1777892083.7943325,-5.0,-6.0,-69.0
1777892083.8043325,-3.0,-5.0,-65.0
1777892083.8143325,-1.0,-3.0,-73.0
1777892083.8243325,2.0,-2.0,-76.0
1777892083.8343325,6.0,-5.0,-77.0
1777892083.8443325,7.0,-1.0,-76.0
1777892083.8543324,4.0,-1.0,-80.0
1777892083.8643324,0.0,-3.0,-74.0
1777892083.8743324,2.0,-2.0,-69.0
1777892083.8843324,3.0,-2.0,-74.0
1777892083.8943324,5.0,-4.0,-73.0
1777892083.9043324,2.0,-6.0,-72.0
1777892083.9143324,3.0,-5.0,-72.0
1777892083.9243324,7.0,-4.0,-69.0
1777892083.9343324,5.0,0.0,-73.0
1777892083.9443324,7.0,2.0,-77.0
1777892083.9543324,7.0,5.0,-80.0
1777892083.9643323,3.0,3.0,-70.0
1777892083.9743323,0.0,3.0,-67.0
1777892083.9853325,1.0,3.0,-68.0
1777892083.9943323,0.0,0.0,-67.0
1777892084.0043323,-3.0,-3.0,-67.0
1777892084.0153325,-1.0,-7.0,-74.0
1777892084.0253325,1.0,-7.0,-74.0
1777892084.0353324,4.0,-8.0,-71.0
1777892084.0453324,8.0,-5.0,-74.0
1777892084.0553324,3.0,-10.0,-75.0
1777892084.0653324,0.0,-14.0,-72.0
1777892084.0753324,-5.0,-11.0,-71.0
1777892084.0853324,0.0,-11.0,-71.0
1777892084.0953324,2.0,-13.0,-73.0
1777892084.1053324,6.0,-9.0,-78.0
1777892084.1153324,5.0,-12.0,-83.0
1777892084.1253324,1.0,-10.0,-86.0
1777892084.1353323,1.0,-8.0,-85.0
1777892084.1453323,4.0,-2.0,-80.0
1777892084.1553323,5.0,0.0,-71.0
1777892084.1653323,2.0,0.0,-63.0
1777892084.1753323,0.0,-3.0,-57.0
1777892084.1853323,4.0,0.0,-60.0
1777892084.1953323,7.0,6.0,-67.0
1777892084.2053325,0.0,5.0,-65.0
1777892084.2153325,-1.0,6.0,-66.0
1777892084.2253325,-1.0,6.0,-66.0
1777892084.2353325,-2.0,5.0,-62.0
1777892084.2453325,-1.0,3.0,-63.0
1777892084.2553325,-4.0,8.0,-67.0
1777892084.2653325,-2.0,7.0,-66.0
1777892084.2753325,0.0,5.0,-64.0
1777892084.2853324,-3.0,7.0,-69.0
1777892084.2953324,0.0,3.0,-67.0
1777892084.3053324,-1.0,0.0,-71.0
1777892084.3153324,-1.0,1.0,-73.0
1777892084.3253324,1.0,1.0,-72.0
1777892084.3353324,0.0,2.0,-74.0
1777892084.3453324,4.0,3.0,-73.0
1777892084.3553324,6.0,2.0,-70.0
1777892084.3653324,12.0,3.0,-69.0
1777892084.3753324,17.0,0.0,-69.0
1777892084.3853323,19.0,1.0,-64.0
1777892084.3953323,17.0,0.0,-71.0
1777892084.4053323,12.0,-3.0,-73.0
1777892084.4153323,6.0,0.0,-71.0
1777892084.4253323,3.0,2.0,-67.0
1777892084.4353323,0.0,0.0,-64.0
1777892084.4453323,-2.0,-3.0,-63.0
1777892084.4553325,-4.0,1.0,-66.0
1777892084.4653325,-2.0,1.0,-66.0
1777892084.4753325,0.0,4.0,-68.0
1777892084.4853325,-2.0,2.0,-67.0
1777892084.4953325,-4.0,0.0,-69.0
1777892084.5053325,-2.0,2.0,-74.0
1777892084.5153325,2.0,0.0,-73.0
1777892084.5253325,0.0,1.0,-75.0
1777892084.5353324,-1.0,0.0,-74.0
1777892084.5453324,4.0,0.0,-72.0
1777892084.5553324,6.0,0.0,-64.0
1777892084.5653324,8.0,-1.0,-61.0
1777892084.5753324,3.0,0.0,-64.0
1777892084.5853324,0.0,2.0,-62.0
1777892084.5953324,0.0,4.0,-59.0
1777892084.6053324,3.0,1.0,-61.0
1777892084.6153324,5.0,1.0,-63.0
1777892084.6253324,8.0,-1.0,-67.0
1777892084.6353323,9.0,1.0,-71.0
1777892084.6453323,8.0,5.0,-70.0
1777892084.6553323,7.0,8.0,-71.0
1777892084.6653323,6.0,5.0,-73.0
1777892084.6753323,1.0,2.0,-77.0
1777892084.6853323,4.0,3.0,-75.0
1777892084.6953323,6.0,2.0,-79.0
1777892084.7053325,1.0,0.0,-78.0
1777892084.7153325,3.0,-1.0,-78.0
1777892084.7253325,5.0,3.0,-76.0
1777892084.7353325,8.0,6.0,-72.0
1777892084.7453325,5.0,3.0,-69.0
1777892084.7553325,4.0,1.0,-74.0
1777892084.7653325,1.0,0.0,-70.0
1777892084.7753325,-4.0,0.0,-71.0
1777892084.7853324,0.0,0.0,-79.0
1777892084.7953324,1.0,-1.0,-80.0
1777892084.8053324,0.0,-1.0,-86.0
1777892084.8153324,-1.0,-5.0,-75.0
1777892084.8253324,0.0,-3.0,-72.0
1777892084.8353324,-1.0,-3.0,-65.0
1777892084.8453324,-1.0,-8.0,-66.0
1777892084.8553324,2.0,-6.0,-63.0
1777892084.8653324,1.0,-5.0,-61.0
1777892084.8753324,-2.0,-7.0,-55.0
1777892084.8853323,-1.0,-6.0,-54.0
1777892084.8953323,-3.0,-3.0,-59.0
1777892084.9053323,0.0,0.0,-66.0
1777892084.9153323,-3.0,0.0,-70.0
1777892084.9253323,0.0,0.0,-68.0
1777892084.9353323,-3.0,-1.0,-70.0
1777892084.9453323,-1.0,-1.0,-74.0
1777892084.9553325,4.0,1.0,-76.0
1777892084.9653325,0.0,-5.0,-77.0
1777892084.9753325,1.0,-8.0,-76.0
1777892084.9853325,0.0,-7.0,-80.0
1777892084.9953325,-3.0,-5.0,-78.0
1777892085.0053325,-1.0,-4.0,-75.0
1777892085.0153325,-3.0,-1.0,-70.0
1777892085.0253325,0.0,0.0,-72.0
1777892085.0353324,0.0,1.0,-76.0
1777892085.0453324,0.0,4.0,-76.0
1777892085.0553324,2.0,5.0,-76.0
1777892085.0653324,0.0,8.0,-65.0
1777892085.0753324,0.0,6.0,-60.0
1777892085.0853324,-2.0,3.0,-62.0
1777892085.0953324,2.0,4.0,-58.0
1777892085.1053324,0.0,8.0,-55.0
1777892085.1153324,-1.0,5.0,-64.0
1777892085.1253324,4.0,2.0,-69.0
1777892085.1353323,7.0,1.0,-71.0
1777892085.1453323,7.0,2.0,-74.0
1777892085.1553323,4.0,1.0,-70.0
1777892085.1653323,2.0,0.0,-72.0
1777892085.1753323,-4.0,0.0,-76.0
1777892085.1853323,-3.0,-5.0,-76.0
1777892085.1953323,2.0,-5.0,-81.0
1777892085.2053325,3.0,-4.0,-77.0
1777892085.2153325,2.0,-5.0,-76.0
1777892085.2253325,4.0,-4.0,-72.0
1777892085.2353325,9.0,-1.0,-76.0
1777892085.2453325,2.0,-5.0,-79.0
1777892085.2553325,2.0,-4.0,-77.0
1777892085.2653325,-2.0,0.0,-77.0
1777892085.2753325,-6.0,0.0,-77.0
1777892085.2853324,-5.0,1.0,-80.0
1777892085.2953324,-2.0,0.0,-81.0
1777892085.3053324,-4.0,0.0,-77.0
1777892085.3153324,-4.0,0.0,-74.0
1777892085.3253324,-6.0,3.0,-69.0
1777892085.3353324,-2.0,4.0,-68.0
1777892085.3453324,0.0,3.0,-74.0
1777892085.3553324,1.0,5.0,-72.0
1777892085.3653324,5.0,4.0,-76.0
1777892085.3753324,7.0,6.0,-70.0
1777892085.3853323,6.0,3.0,-68.0
1777892085.3953323,5.0,2.0,-65.0
1777892085.4053323,1.0,2.0,-69.0
1777892085.4153323,2.0,1.0,-66.0
1777892085.4253323,3.0,0.0,-64.0
1777892085.4353323,6.0,-4.0,-67.0
1777892085.4453323,6.0,-2.0,-70.0
1777892085.4553325,4.0,-4.0,-70.0
1777892085.4653325,0.0,-7.0,-67.0
1777892085.4753325,0.0,-5.0,-69.0
1777892085.4853325,0.0,-4.0,-72.0
1777892085.4953325,2.0,-8.0,-71.0
1777892085.5053325,3.0,-5.0,-72.0
1777892085.5153325,5.0,-7.0,-70.0
1777892085.5253325,1.0,-8.0,-65.0
1777892085.5353324,6.0,-5.0,-65.0
1777892085.5453324,7.0,-6.0,-67.0
1777892085.5553324,6.0,-7.0,-70.0
1777892085.5653324,4.0,-4.0,-70.0
1777892085.5753324,3.0,-1.0,-74.0
1777892085.5853324,3.0,-1.0,-72.0
1777892085.5953324,0.0,0.0,-71.0
1777892085.6053324,-1.0,0.0,-75.0
1777892085.6153324,-7.0,-4.0,-76.0
1777892085.6253324,-6.0,-1.0,-76.0
1777892085.6353323,-4.0,-2.0,-74.0
1777892085.6453323,-1.0,-3.0,-73.0
1777892085.6553323,0.0,-6.0,-74.0
1777892085.6653323,3.0,-10.0,-64.0
1777892085.6753323,5.0,-6.0,-59.0
1777892085.6853323,4.0,-1.0,-56.0
1777892085.6953323,4.0,-2.0,-59.0
1777892085.7053325,3.0,-6.0,-62.0
1777892085.7153325,5.0,-6.0,-66.0
1777892085.7253325,8.0,-5.0,-65.0
1777892085.7353325,6.0,-5.0,-69.0
1777892085.7453325,3.0,-6.0,-64.0
1777892085.7553325,0.0,-6.0,-64.0
1777892085.7653325,-3.0,-6.0,-67.0
1777892085.7753325,0.0,-5.0,-66.0
1777892085.7853324,-5.0,-1.0,-62.0
1777892085.7953324,1.0,-6.0,-61.0
1777892085.8053324,0.0,-9.0,-66.0
1777892085.8153324,-2.0,-11.0,-72.0
1777892085.8253324,-2.0,-6.0,-70.0
1777892085.8353324,-2.0,-1.0,-70.0
1777892085.8453324,-3.0,0.0,-68.0
1777892085.8553324,0.0,-2.0,-68.0
1777892085.8653324,0.0,-1.0,-67.0
1777892085.8753324,-2.0,-2.0,-72.0
1777892085.8853323,-3.0,-1.0,-75.0
1777892085.8953323,-5.0,0.0,-77.0
1777892085.9053323,0.0,-1.0,-81.0
1777892085.9153323,3.0,-4.0,-81.0
1777892085.9253323,5.0,-6.0,-84.0
1777892085.9353323,7.0,-3.0,-81.0
1777892085.9453323,5.0,-2.0,-83.0
1777892085.9553325,8.0,0.0,-86.0
1777892085.9653325,5.0,2.0,-92.0
1777892085.9763324,2.0,3.0,-88.0
1777892085.9853325,3.0,-1.0,-86.0
1777892085.9963324,2.0,2.0,-79.0
1777892086.0063324,4.0,1.0,-77.0
1777892086.0163324,0.0,0.0,-74.0
1777892086.0263324,-1.0,-2.0,-66.0
1777892086.0363324,-1.0,-1.0,-68.0
1777892086.0463324,-1.0,-2.0,-78.0
1777892086.0563323,-2.0,-3.0,-78.0
1777892086.0663323,-3.0,-2.0,-76.0
1777892086.0763323,2.0,-4.0,-76.0
1777892086.0863323,2.0,-4.0,-75.0
1777892086.0963323,7.0,-6.0,-74.0
1777892086.1063323,6.0,-3.0,-71.0
1777892086.1163323,5.0,0.0,-75.0
1777892086.1263323,6.0,1.0,-74.0
1777892086.1363325,6.0,5.0,-72.0
1777892086.1463325,9.0,5.0,-74.0
1777892086.1563325,10.0,5.0,-72.0
1777892086.1663325,10.0,5.0,-69.0
1777892086.1763325,13.0,6.0,-67.0
1777892086.1863325,11.0,3.0,-72.0
1777892086.1963325,14.0,0.0,-72.0
1777892086.2063324,9.0,-1.0,-65.0
1777892086.2163324,6.0,-3.0,-66.0
1777892086.2263324,6.0,-3.0,-63.0
1777892086.2363324,6.0,-4.0,-61.0
1777892086.2463324,5.0,-1.0,-62.0
1777892086.2563324,4.0,0.0,-58.0
1777892086.2663324,4.0,-2.0,-62.0
1777892086.2763324,1.0,-6.0,-61.0
1777892086.2863324,3.0,-5.0,-70.0
1777892086.2963324,7.0,-9.0,-69.0
1777892086.3063323,8.0,-3.0,-68.0
1777892086.3163323,5.0,-1.0,-69.0
1777892086.3263323,-2.0,0.0,-66.0
1777892086.3363323,-3.0,3.0,-62.0
1777892086.3463323,-4.0,1.0,-59.0
1777892086.3563323,-10.0,0.0,-63.0
1777892086.3663323,-6.0,1.0,-70.0
1777892086.3763323,-5.0,1.0,-65.0
1777892086.3863325,-6.0,1.0,-69.0
1777892086.3963325,-4.0,2.0,-70.0
1777892086.4063325,-3.0,3.0,-66.0
1777892086.4163325,-4.0,2.0,-64.0
1777892086.4263325,-6.0,-2.0,-71.0
1777892086.4363325,-3.0,-5.0,-74.0
1777892086.4463325,-5.0,-6.0,-76.0
1777892086.4563324,-4.0,-2.0,-73.0
1777892086.4663324,-2.0,-4.0,-74.0
1777892086.4763324,-4.0,-2.0,-76.0
1777892086.4863324,-6.0,-3.0,-77.0
1777892086.4963324,-6.0,-5.0,-78.0
1777892086.5063324,-6.0,-2.0,-76.0
1777892086.5163324,-5.0,-1.0,-83.0
1777892086.5263324,-4.0,-2.0,-81.0
1777892086.5363324,-4.0,0.0,-83.0
1777892086.5463324,-2.0,2.0,-87.0
1777892086.5563323,-2.0,2.0,-80.0
1777892086.5663323,0.0,3.0,-78.0
1777892086.5763323,2.0,1.0,-82.0
1777892086.5863323,4.0,0.0,-79.0
1777892086.5963323,8.0,0.0,-74.0
1777892086.6063323,8.0,-3.0,-65.0
1777892086.6163323,7.0,-5.0,-73.0
1777892086.6263323,0.0,-3.0,-75.0
1777892086.6363325,1.0,-1.0,-81.0
1777892086.6463325,3.0,-3.0,-78.0
1777892086.6563325,7.0,-1.0,-73.0
1777892086.6663325,4.0,0.0,-71.0
1777892086.6763325,5.0,-1.0,-74.0
1777892086.6863325,1.0,0.0,-73.0
1777892086.6963325,2.0,0.0,-72.0
1777892086.7063324,2.0,2.0,-63.0
1777892086.7163324,-1.0,3.0,-67.0
1777892086.7263324,0.0,2.0,-68.0
1777892086.7363324,3.0,2.0,-65.0
1777892086.7463324,-1.0,5.0,-62.0
1777892086.7563324,0.0,7.0,-60.0
1777892086.7663324,4.0,6.0,-57.0
1777892086.7763324,7.0,3.0,-62.0
1777892086.7863324,9.0,0.0,-65.0
1777892086.7963324,9.0,0.0,-67.0
1777892086.8063323,13.0,-1.0,-67.0
1777892086.8163323,11.0,-1.0,-63.0
1777892086.8263323,5.0,-4.0,-64.0
1777892086.8363323,4.0,-5.0,-64.0
1777892086.8463323,3.0,-4.0,-65.0
1777892086.8563323,0.0,-3.0,-68.0
1777892086.8663323,-5.0,-7.0,-69.0
1777892086.8763323,-5.0,-5.0,-65.0
1777892086.8863325,0.0,-5.0,-65.0
1777892086.8963325,-3.0,-2.0,-67.0
1777892086.9063325,-5.0,0.0,-70.0
1777892086.9163325,-5.0,-1.0,-69.0
1777892086.9263325,-4.0,-2.0,-71.0
1777892086.9363325,-2.0,-2.0,-75.0
1777892086.9463325,3.0,-5.0,-76.0
1777892086.9563324,5.0,-6.0,-84.0
1777892086.9663324,5.0,-7.0,-76.0
1777892086.9763324,7.0,-7.0,-76.0
1777892086.9863324,7.0,-5.0,-73.0
1777892086.9963324,8.0,-5.0,-74.0
1777892087.0063324,6.0,-4.0,-76.0
1777892087.0163324,3.0,-4.0,-79.0
1777892087.0263324,3.0,-6.0,-74.0
1777892087.0363324,2.0,-7.0,-78.0
1777892087.0463324,0.0,-6.0,-80.0
1777892087.0563323,-2.0,-3.0,-77.0
1777892087.0663323,-2.0,-3.0,-78.0
1777892087.0763323,2.0,0.0,-82.0
1777892087.0863323,6.0,-3.0,-79.0
1777892087.0963323,6.0,-1.0,-77.0
1777892087.1063323,8.0,-1.0,-75.0
1777892087.1163323,6.0,-4.0,-74.0
1777892087.1263323,6.0,-4.0,-75.0
1777892087.1363325,5.0,-1.0,-78.0
1777892087.1463325,-2.0,-1.0,-80.0
1777892087.1563325,3.0,-1.0,-76.0
1777892087.1663325,6.0,-2.0,-71.0
1777892087.1763325,3.0,-2.0,-71.0
1777892087.1873324,0.0,1.0,-63.0
1777892087.1963325,2.0,2.0,-67.0
1777892087.2063324,0.0,1.0,-68.0
1777892087.2163324,4.0,0.0,-66.0
1777892087.2263324,1.0,-4.0,-66.0
1777892087.2363324,-2.0,-4.0,-70.0
1777892087.2463324,1.0,0.0,-76.0
1777892087.2563324,3.0,0.0,-70.0
1777892087.2663324,0.0,-2.0,-66.0
1777892087.2763324,0.0,-4.0,-63.0
1777892087.2863324,-1.0,-2.0,-61.0
1777892087.2963324,0.0,1.0,-57.0
1777892087.3063323,-1.0,-2.0,-58.0
1777892087.3163323,-2.0,-5.0,-62.0
1777892087.3263323,1.0,-1.0,-57.0
1777892087.3363323,-2.0,-2.0,-59.0
1777892087.3463323,-5.0,-8.0,-64.0
1777892087.3563323,-7.0,-9.0,-72.0
1777892087.3663323,-6.0,-9.0,-75.0
1777892087.3763323,-7.0,-3.0,-76.0
1777892087.3863325,-10.0,0.0,-76.0
1777892087.3963325,-8.0,-1.0,-72.0
1777892087.4063325,-5.0,0.0,-70.0
1777892087.4163325,-4.0,0.0,-68.0
1777892087.4263325,-2.0,-3.0,-64.0
1777892087.4363325,-1.0,-7.0,-69.0
1777892087.4463325,-5.0,-6.0,-65.0
1777892087.4563324,-10.0,-7.0,-68.0
1777892087.4663324,-4.0,-7.0,-69.0
1777892087.4763324,-4.0,-4.0,-67.0
1777892087.4863324,0.0,-5.0,-74.0
1777892087.4963324,0.0,-3.0,-78.0
1777892087.5063324,-2.0,1.0,-77.0
1777892087.5163324,0.0,3.0,-74.0
1777892087.5263324,2.0,5.0,-70.0
1777892087.5363324,0.0,3.0,-70.0
1777892087.5463324,-2.0,-2.0,-73.0
1777892087.5563323,-2.0,-2.0,-80.0
1777892087.5663323,-1.0,-3.0,-77.0
1777892087.5763323,-3.0,-3.0,-73.0
1777892087.5863323,-4.0,1.0,-80.0
1777892087.5963323,-4.0,2.0,-84.0
1777892087.6063323,-3.0,0.0,-82.0
1777892087.6163323,0.0,0.0,-76.0
1777892087.6263323,0.0,1.0,-73.0
1777892087.6363325,0.0,0.0,-70.0
1777892087.6463325,2.0,0.0,-71.0
1777892087.6563325,0.0,0.0,-78.0
1777892087.6663325,1.0,4.0,-74.0
1777892087.6763325,0.0,4.0,-80.0
1777892087.6863325,1.0,0.0,-81.0
1777892087.6963325,0.0,0.0,-84.0
1777892087.7063324,-5.0,-5.0,-79.0
1777892087.7163324,-3.0,-5.0,-78.0
1777892087.7263324,-1.0,-6.0,-75.0
1777892087.7363324,1.0,-5.0,-71.0
1777892087.7463324,4.0,-4.0,-74.0
1777892087.7563324,0.0,-2.0,-74.0
1777892087.7663324,-1.0,-4.0,-79.0
1777892087.7763324,-1.0,-5.0,-77.0
1777892087.7863324,-1.0,-4.0,-69.0
1777892087.7963324,4.0,-1.0,-66.0
1777892087.8063323,6.0,2.0,-71.0
1777892087.8163323,2.0,2.0,-76.0
1777892087.8263323,-4.0,0.0,-78.0
1777892087.8363323,-6.0,4.0,-78.0
1777892087.8463323,2.0,4.0,-80.0
1777892087.8563323,1.0,2.0,-80.0
1777892087.8663323,0.0,-1.0,-78.0
1777892087.8763323,2.0,-3.0,-80.0
1777892087.8863325,2.0,-2.0,-83.0
1777892087.8963325,3.0,0.0,-81.0
1777892087.9063325,1.0,-4.0,-73.0
1777892087.9163325,2.0,-4.0,-70.0
1777892087.9263325,-1.0,0.0,-70.0
1777892087.9363325,-5.0,-1.0,-68.0
1777892087.9463325,-4.0,-4.0,-72.0
1777892087.9563324,-2.0,-7.0,-74.0
1777892087.9673324,-6.0,-6.0,-76.0
1777892087.9773324,-4.0,-4.0,-74.0
1777892087.9873323,-3.0,-5.0,-69.0
1777892087.9973323,1.0,-3.0,-73.0
1777892088.0073323,-3.0,-2.0,-70.0
1777892088.0173323,-3.0,-8.0,-70.0
1777892088.0273323,-2.0,-10.0,-71.0
1777892088.0373323,0.0,-9.0,-68.0
1777892088.0473323,2.0,-7.0,-65.0
1777892088.0573325,1.0,-12.0,-64.0
1777892088.0673325,1.0,-10.0,-63.0
1777892088.0773325,-4.0,-7.0,-63.0
1777892088.0873325,-2.0,-5.0,-64.0
1777892088.0973325,-3.0,-2.0,-70.0
1777892088.1073325,-3.0,1.0,-74.0
1777892088.1173325,-5.0,0.0,-81.0
1777892088.1273324,-1.0,3.0,-77.0
1777892088.1373324,-6.0,4.0,-71.0
1777892088.1473324,-5.0,5.0,-76.0
1777892088.1573324,-2.0,3.0,-75.0
1777892088.1673324,2.0,1.0,-75.0
1777892088.1773324,2.0,0.0,-72.0
1777892088.1873324,4.0,0.0,-67.0
1777892088.1973324,6.0,0.0,-72.0
1777892088.2073324,4.0,2.0,-76.0
1777892088.2173324,-1.0,2.0,-71.0
1777892088.2273324,-5.0,-3.0,-73.0
1777892088.2373323,-5.0,-2.0,-76.0
1777892088.2473323,-7.0,-4.0,-75.0
1777892088.2573323,-3.0,0.0,-74.0
1777892088.2673323,3.0,-2.0,-74.0
1777892088.2773323,6.0,-1.0,-79.0
1777892088.2873323,2.0,0.0,-77.0
1777892088.2973323,3.0,-1.0,-71.0
1777892088.3073325,4.0,-2.0,-76.0
1777892088.3173325,2.0,-1.0,-74.0
1777892088.3273325,-1.0,-2.0,-75.0
1777892088.3373325,2.0,0.0,-74.0
1777892088.3473325,4.0,-1.0,-62.0
1777892088.3573325,5.0,-5.0,-54.0
1777892088.3673325,1.0,-6.0,-55.0
1777892088.3773324,1.0,-4.0,-62.0
1777892088.3873324,0.0,-5.0,-68.0
1777892088.3973324,0.0,-5.0,-65.0
1777892088.4073324,-2.0,0.0,-59.0
1777892088.4173324,-1.0,0.0,-57.0
1777892088.4273324,3.0,-4.0,-55.0
1777892088.4373324,8.0,-5.0,-56.0
1777892088.4473324,6.0,-6.0,-59.0
1777892088.4573324,2.0,-3.0,-65.0
1777892088.4673324,-2.0,-1.0,-67.0
1777892088.4773324,2.0,-3.0,-63.0
1777892088.4873323,0.0,-3.0,-61.0
1777892088.4973323,-3.0,-3.0,-61.0
1777892088.5073323,-3.0,-1.0,-61.0
1777892088.5173323,3.0,-3.0,-54.0
1777892088.5273323,1.0,-8.0,-52.0
1777892088.5373323,2.0,-12.0,-63.0
1777892088.5473323,5.0,-11.0,-65.0
1777892088.5573325,3.0,-6.0,-70.0
1777892088.5673325,0.0,-4.0,-62.0
1777892088.5773325,0.0,-4.0,-55.0
1777892088.5873325,-1.0,-2.0,-60.0
1777892088.5973325,-1.0,-2.0,-67.0
1777892088.6073325,-4.0,-1.0,-64.0
1777892088.6173325,-8.0,-3.0,-67.0
1777892088.6273324,-10.0,-4.0,-67.0
1777892088.6373324,-8.0,0.0,-63.0
1777892088.6473324,-8.0,3.0,-62.0
1777892088.6573324,-4.0,4.0,-61.0
1777892088.6673324,-4.0,8.0,-67.0
1777892088.6773324,-2.0,7.0,-68.0
1777892088.6873324,-2.0,7.0,-70.0
1777892088.6973324,-3.0,9.0,-70.0
1777892088.7073324,-7.0,6.0,-71.0
1777892088.7173324,-5.0,3.0,-70.0
1777892088.7273324,-4.0,1.0,-65.0
1777892088.7373323,1.0,0.0,-59.0
1777892088.7473323,1.0,3.0,-59.0
1777892088.7573323,2.0,0.0,-64.0
1777892088.7673323,5.0,-2.0,-67.0
1777892088.7773323,10.0,-2.0,-71.0
1777892088.7873323,8.0,0.0,-68.0
1777892088.7973323,9.0,1.0,-66.0
1777892088.8073325,8.0,4.0,-69.0
1777892088.8173325,4.0,2.0,-70.0
1777892088.8273325,3.0,0.0,-70.0
1777892088.8373325,-1.0,-1.0,-70.0
1777892088.8473325,-2.0,0.0,-72.0
1777892088.8573325,-2.0,0.0,-70.0
1777892088.8673325,2.0,0.0,-64.0
1777892088.8773324,2.0,-2.0,-72.0
1777892088.8873324,1.0,-3.0,-76.0
1777892088.8973324,1.0,-3.0,-77.0
1777892088.9073324,-1.0,-5.0,-68.0
1777892088.9173324,2.0,-4.0,-66.0
1777892088.9273324,4.0,-1.0,-67.0
1777892088.9373324,7.0,-1.0,-72.0
1777892088.9473324,7.0,-1.0,-75.0
1777892088.9573324,5.0,-2.0,-75.0
1777892088.9673324,3.0,-8.0,-72.0
1777892088.9773324,5.0,-8.0,-83.0
1777892088.9873323,3.0,-8.0,-81.0
1777892088.9973323,-2.0,-7.0,-72.0
1777892089.0073323,-2.0,-6.0,-72.0
1777892089.0173323,0.0,-3.0,-73.0
1777892089.0273323,-1.0,-2.0,-70.0
1777892089.0373323,0.0,-2.0,-64.0
1777892089.0473323,2.0,-3.0,-62.0
1777892089.0573325,5.0,0.0,-70.0
1777892089.0673325,5.0,-1.0,-68.0
1777892089.0773325,7.0,-4.0,-67.0
1777892089.0873325,3.0,-3.0,-65.0
1777892089.0973325,2.0,-3.0,-60.0
1777892089.1073325,0.0,-2.0,-60.0
1777892089.1173325,2.0,-2.0,-66.0
1777892089.1273324,0.0,-5.0,-63.0
1777892089.1373324,-3.0,-2.0,-61.0
1777892089.1473324,-1.0,-5.0,-58.0
1777892089.1573324,-2.0,-4.0,-57.0
1777892089.1673324,-3.0,1.0,-66.0
1777892089.1773324,-4.0,3.0,-66.0
1777892089.1873324,0.0,8.0,-73.0
1777892089.1973324,3.0,10.0,-75.0
1777892089.2073324,-4.0,4.0,-69.0
1777892089.2173324,-3.0,0.0,-68.0
1777892089.2273324,2.0,-2.0,-63.0
1777892089.2373323,1.0,-2.0,-57.0
1777892089.2473323,3.0,0.0,-53.0
1777892089.2573323,2.0,-1.0,-64.0
1777892089.2673323,2.0,0.0,-65.0
1777892089.2773323,6.0,0.0,-68.0
1777892089.2873323,1.0,-2.0,-68.0
1777892089.2973323,-2.0,-2.0,-67.0
1777892089.3073325,0.0,-4.0,-68.0
1777892089.3173325,-1.0,0.0,-69.0
1777892089.3273325,0.0,1.0,-68.0
1777892089.3373325,-1.0,-3.0,-73.0
1777892089.3473325,0.0,-9.0,-77.0
1777892089.3573325,-2.0,-15.0,-67.0
1777892089.3673325,-7.0,-17.0,-63.0
1777892089.3773324,-8.0,-14.0,-72.0
1777892089.3873324,-4.0,-11.0,-74.0
1777892089.3973324,-2.0,-4.0,-76.0
1777892089.4073324,1.0,-3.0,-71.0
1777892089.4173324,0.0,-1.0,-72.0
1777892089.4273324,3.0,0.0,-69.0
1777892089.4373324,3.0,-2.0,-70.0
1777892089.4473324,4.0,-3.0,-69.0
1777892089.4573324,4.0,-6.0,-83.0
1777892089.4673324,3.0,-3.0,-84.0
1777892089.4773324,4.0,-7.0,-80.0
1777892089.4873323,3.0,-8.0,-72.0
1777892089.4973323,7.0,-7.0,-76.0
1777892089.5073323,4.0,-2.0,-73.0
1777892089.5173323,4.0,0.0,-74.0
1777892089.5273323,6.0,-1.0,-69.0
1777892089.5373323,2.0,0.0,-72.0
1777892089.5473323,0.0,1.0,-77.0
1777892089.5573325,0.0,0.0,-73.0
1777892089.5673325,-2.0,-1.0,-74.0
1777892089.5773325,0.0,-2.0,-69.0
1777892089.5873325,1.0,-2.0,-65.0
1777892089.5973325,-1.0,1.0,-68.0
1777892089.6073325,1.0,0.0,-65.0
1777892089.6173325,2.0,-2.0,-74.0
1777892089.6273324,2.0,-3.0,-71.0
1777892089.6373324,0.0,-5.0,-80.0
1777892089.6473324,0.0,-9.0,-81.0
1777892089.6573324,0.0,-6.0,-80.0
1777892089.6673324,2.0,-8.0,-78.0
1777892089.6773324,2.0,-5.0,-74.0
1777892089.6873324,-1.0,-6.0,-67.0
1777892089.6973324,0.0,-2.0,-67.0
1777892089.7073324,-1.0,0.0,-64.0
1777892089.7173324,-3.0,0.0,-66.0
1777892089.7273324,-2.0,0.0,-62.0
1777892089.7373323,-2.0,1.0,-62.0
1777892089.7473323,-3.0,-3.0,-67.0
1777892089.7573323,-5.0,-1.0,-63.0
1777892089.7673323,-6.0,1.0,-69.0
1777892089.7773323,-5.0,5.0,-71.0
1777892089.7873323,-5.0,2.0,-69.0
1777892089.7973323,-6.0,-2.0,-65.0
1777892089.8073325,-6.0,-2.0,-67.0
1777892089.8173325,-7.0,0.0,-67.0
1777892089.8273325,-4.0,0.0,-65.0
1777892089.8373325,-1.0,-1.0,-67.0
1777892089.8473325,-2.0,-1.0,-75.0
1777892089.8573325,1.0,1.0,-75.0
1777892089.8673325,0.0,0.0,-73.0
1777892089.8773324,-4.0,2.0,-70.0
1777892089.8873324,-2.0,6.0,-66.0
1777892089.8973324,-2.0,3.0,-65.0
1777892089.9073324,0.0,0.0,-69.0
1777892089.9173324,2.0,1.0,-70.0
1777892089.9273324,0.0,3.0,-75.0
1777892089.9373324,0.0,0.0,-75.0
1777892089.9483323,0.0,-1.0,-75.0
1777892089.9583323,0.0,1.0,-72.0
1777892089.9683323,4.0,5.0,-71.0
1777892089.9783323,3.0,3.0,-78.0
1777892089.9883325,0.0,3.0,-77.0
1777892089.9983325,0.0,1.0,-75.0
1777892090.0083325,2.0,5.0,-80.0
1777892090.0183325,2.0,-1.0,-82.0
1777892090.0283325,3.0,-3.0,-84.0
1777892090.0383325,3.0,0.0,-82.0
1777892090.0483325,0.0,-3.0,-78.0
1777892090.0583324,0.0,-2.0,-81.0
1777892090.0683324,2.0,0.0,-76.0
1777892090.0783324,0.0,0.0,-77.0
1777892090.0883324,0.0,-3.0,-80.0
1777892090.0983324,3.0,-2.0,-82.0
1777892090.1083324,2.0,-1.0,-82.0
1777892090.1183324,0.0,0.0,-77.0
1777892090.1283324,4.0,0.0,-76.0
1777892090.1383324,11.0,1.0,-73.0
1777892090.1483324,8.0,2.0,-72.0
1777892090.1583323,6.0,2.0,-64.0
1777892090.1683323,5.0,1.0,-61.0
1777892090.1783323,4.0,0.0,-72.0
1777892090.1883323,1.0,-3.0,-67.0
1777892090.1983323,5.0,-5.0,-69.0
1777892090.2083323,6.0,-4.0,-76.0
1777892090.2183323,2.0,0.0,-74.0
1777892090.2283323,2.0,-2.0,-76.0
1777892090.2383325,0.0,-6.0,-72.0
1777892090.2483325,-4.0,-4.0,-70.0
1777892090.2593324,-4.0,-4.0,-72.0
1777892090.2683325,0.0,0.0,-72.0
1777892090.2783325,-1.0,1.0,-73.0
1777892090.2883325,0.0,-3.0,-81.0
1777892090.2983325,0.0,-4.0,-78.0
1777892090.3083324,0.0,-4.0,-81.0
1777892090.3183324,0.0,-5.0,-78.0
1777892090.3283324,0.0,-6.0,-75.0
1777892090.3383324,1.0,-4.0,-69.0
1777892090.3483324,-3.0,-9.0,-72.0
1777892090.3583324,0.0,-10.0,-73.0
1777892090.3683324,-3.0,-3.0,-71.0
1777892090.3783324,-1.0,2.0,-68.0
1777892090.3883324,-1.0,2.0,-66.0
1777892090.3983324,-1.0,2.0,-72.0
1777892090.4083323,-2.0,0.0,-64.0
1777892090.4183323,-2.0,-1.0,-64.0
1777892090.4283323,-3.0,0.0,-64.0
1777892090.4383323,-1.0,-2.0,-66.0
1777892090.4483323,0.0,-1.0,-73.0
1777892090.4583323,-2.0,1.0,-69.0
1777892090.4683323,0.0,0.0,-64.0
1777892090.4783323,-1.0,2.0,-64.0
1777892090.4883325,-3.0,1.0,-68.0
1777892090.4983325,-5.0,1.0,-68.0
1777892090.5083325,-3.0,0.0,-73.0
1777892090.5183325,-2.0,-1.0,-75.0
1777892090.5283325,-5.0,-4.0,-75.0
1777892090.5383325,-1.0,-7.0,-80.0
1777892090.5483325,3.0,-7.0,-82.0
1777892090.5583324,4.0,-4.0,-77.0
1777892090.5683324,3.0,-2.0,-74.0
1777892090.5783324,2.0,-2.0,-82.0
1777892090.5883324,0.0,0.0,-87.0
1777892090.5983324,0.0,1.0,-81.0
1777892090.6083324,2.0,-1.0,-79.0
1777892090.6183324,0.0,-1.0,-83.0
1777892090.6283324,2.0,-1.0,-84.0
1777892090.6383324,3.0,-4.0,-80.0
1777892090.6483324,1.0,-2.0,-78.0
1777892090.6583323,8.0,-4.0,-72.0
1777892090.6683323,6.0,-2.0,-72.0
1777892090.6783323,2.0,-3.0,-74.0
1777892090.6883323,4.0,-2.0,-66.0
1777892090.6983323,4.0,-2.0,-65.0
1777892090.7083323,0.0,-1.0,-69.0
1777892090.7183323,1.0,0.0,-67.0
1777892090.7283323,0.0,4.0,-66.0
1777892090.7383325,3.0,4.0,-72.0
1777892090.7483325,3.0,0.0,-72.0
1777892090.7583325,1.0,0.0,-71.0
1777892090.7683325,2.0,0.0,-72.0
1777892090.7783325,0.0,-1.0,-69.0
1777892090.7883325,1.0,-1.0,-66.0
1777892090.7983325,3.0,3.0,-70.0
1777892090.8083324,4.0,5.0,-69.0
1777892090.8183324,0.0,4.0,-75.0
1777892090.8283324,-1.0,2.0,-73.0
1777892090.8383324,0.0,5.0,-72.0
1777892090.8483324,2.0,2.0,-68.0
1777892090.8583324,0.0,0.0,-70.0
1777892090.8683324,5.0,1.0,-67.0
1777892090.8783324,7.0,0.0,-74.0
1777892090.8883324,3.0,0.0,-81.0
1777892090.8983324,2.0,2.0,-82.0
1777892090.9083323,0.0,-3.0,-75.0
1777892090.9183323,0.0,-1.0,-76.0
1777892090.9283323,0.0,-3.0,-81.0
1777892090.9383323,0.0,-2.0,-82.0
1777892090.9483323,0.0,0.0,-74.0
1777892090.9583323,-4.0,0.0,-72.0
1777892090.9683323,-3.0,0.0,-76.0
1777892090.9783323,-4.0,-1.0,-69.0
1777892090.9883325,-1.0,-2.0,-64.0
1777892090.9983325,4.0,-1.0,-68.0
1777892091.0083325,3.0,1.0,-64.0
1777892091.0183325,4.0,0.0,-64.0
1777892091.0283325,0.0,-2.0,-68.0
1777892091.0383325,-3.0,-6.0,-62.0
1777892091.0483325,-2.0,-7.0,-65.0
1777892091.0583324,0.0,-7.0,-67.0
1777892091.0683324,5.0,-4.0,-70.0
1777892091.0783324,7.0,-6.0,-73.0
1777892091.0883324,6.0,-6.0,-76.0
1777892091.0983324,7.0,-5.0,-81.0
1777892091.1083324,6.0,0.0,-81.0
1777892091.1183324,6.0,-4.0,-81.0
1777892091.1283324,6.0,-7.0,-80.0
1777892091.1383324,5.0,-7.0,-68.0
1777892091.1483324,3.0,-5.0,-68.0
1777892091.1583323,2.0,-7.0,-67.0
1777892091.1683323,-2.0,-4.0,-68.0
1777892091.1783323,-5.0,-2.0,-69.0
1777892091.1883323,-1.0,0.0,-68.0
1777892091.1983323,-2.0,1.0,-73.0
1777892091.2083323,-4.0,2.0,-82.0
1777892091.2183323,-4.0,5.0,-82.0
1777892091.2283323,-2.0,3.0,-78.0
1777892091.2383325,-6.0,1.0,-77.0
1777892091.2483325,-6.0,-1.0,-70.0
1777892091.2583325,-8.0,-5.0,-72.0
1777892091.2683325,-2.0,-6.0,-80.0
1777892091.2783325,0.0,-5.0,-77.0
1777892091.2883325,-1.0,-3.0,-72.0
1777892091.2983325,0.0,-7.0,-68.0
1777892091.3083324,0.0,-6.0,-71.0
1777892091.3183324,0.0,-8.0,-71.0
1777892091.3283324,-3.0,-3.0,-75.0
1777892091.3383324,-4.0,-4.0,-74.0
1777892091.3483324,-3.0,-5.0,-77.0
1777892091.3583324,3.0,-4.0,-84.0
1777892091.3683324,4.0,-3.0,-84.0
1777892091.3783324,4.0,0.0,-85.0
1777892091.3883324,2.0,-1.0,-85.0
1777892091.3983324,3.0,1.0,-83.0
1777892091.4083323,5.0,0.0,-86.0
1777892091.4183323,6.0,-1.0,-85.0
1777892091.4283323,10.0,0.0,-77.0
1777892091.4383323,8.0,0.0,-78.0
1777892091.4483323,8.0,-1.0,-79.0
1777892091.4583323,2.0,0.0,-75.0
1777892091.4683323,5.0,2.0,-70.0
1777892091.4783323,2.0,1.0,-64.0
1777892091.4883325,0.0,4.0,-63.0
1777892091.4983325,0.0,3.0,-69.0
1777892091.5083325,-2.0,2.0,-73.0
1777892091.5183325,-2.0,5.0,-79.0
1777892091.5283325,-3.0,6.0,-70.0
1777892091.5383325,-8.0,6.0,-67.0
1777892091.5483325,-2.0,6.0,-70.0
1777892091.5583324,-2.0,6.0,-68.0
1777892091.5683324,0.0,2.0,-67.0
1777892091.5783324,-4.0,0.0,-66.0
1777892091.5883324,-8.0,1.0,-67.0
1777892091.5983324,-9.0,3.0,-68.0
1777892091.6083324,-5.0,4.0,-62.0
1777892091.6183324,-2.0,0.0,-65.0
1777892091.6283324,0.0,3.0,-65.0
1777892091.6383324,2.0,1.0,-69.0
1777892091.6483324,0.0,3.0,-72.0
1777892091.6583323,0.0,3.0,-72.0
1777892091.6683323,0.0,2.0,-72.0
1777892091.6783323,0.0,4.0,-76.0
1777892091.6883323,-3.0,4.0,-80.0
1777892091.6983323,-2.0,5.0,-80.0
1777892091.7093325,-2.0,3.0,-74.0
1777892091.7183323,0.0,1.0,-73.0
1777892091.7283323,5.0,2.0,-70.0
1777892091.7383325,5.0,-1.0,-74.0
1777892091.7483325,6.0,-3.0,-78.0
1777892091.7583325,8.0,-3.0,-74.0
1777892091.7683325,5.0,0.0,-72.0
1777892091.7783325,9.0,5.0,-70.0
1777892091.7883325,9.0,0.0,-72.0
1777892091.7983325,12.0,1.0,-74.0
1777892091.8083324,15.0,-1.0,-70.0
1777892091.8183324,12.0,-2.0,-76.0
1777892091.8283324,14.0,0.0,-72.0
1777892091.8383324,14.0,-4.0,-73.0
1777892091.8483324,8.0,-3.0,-71.0
1777892091.8583324,6.0,0.0,-73.0
1777892091.8683324,7.0,0.0,-71.0
1777892091.8783324,1.0,-4.0,-75.0
1777892091.8883324,3.0,-6.0,-69.0
1777892091.8983324,7.0,-5.0,-68.0
1777892091.9083323,6.0,-10.0,-66.0
1777892091.9183323,4.0,-9.0,-58.0
1777892091.9283323,-1.0,-5.0,-56.0
1777892091.9393325,0.0,-6.0,-58.0
1777892091.9483323,2.0,-8.0,-60.0
1777892091.9593325,2.0,-6.0,-58.0
1777892091.9693325,3.0,-1.0,-62.0
1777892091.9793324,0.0,0.0,-65.0
1777892091.9893324,-8.0,2.0,-74.0
1777892091.9993324,-7.0,0.0,-71.0
1777892092.0093324,-6.0,-3.0,-76.0
1777892092.0193324,-4.0,-1.0,-86.0
1777892092.0293324,-3.0,-3.0,-84.0
1777892092.0393324,-1.0,-4.0,-78.0
1777892092.0493324,0.0,0.0,-75.0
1777892092.0593324,0.0,-3.0,-69.0
1777892092.0693324,-2.0,-3.0,-71.0
1777892092.0793324,-5.0,-4.0,-72.0
1777892092.0893323,-1.0,-3.0,-74.0
1777892092.0993323,1.0,-8.0,-77.0
1777892092.1093323,0.0,-6.0,-76.0
1777892092.1193323,4.0,-2.0,-68.0
1777892092.1293323,4.0,2.0,-67.0
1777892092.1393323,-2.0,3.0,-72.0
1777892092.1493323,-5.0,1.0,-74.0
1777892092.1593325,0.0,-1.0,-71.0
1777892092.1693325,-2.0,-1.0,-73.0
1777892092.1793325,-1.0,0.0,-75.0
1777892092.1893325,2.0,1.0,-69.0
1777892092.1993325,8.0,2.0,-66.0
1777892092.2093325,12.0,1.0,-68.0
1777892092.2193325,7.0,0.0,-64.0
1777892092.2293324,3.0,2.0,-70.0
1777892092.2393324,4.0,4.0,-70.0
1777892092.2493324,1.0,1.0,-67.0
1777892092.2593324,4.0,0.0,-70.0
1777892092.2693324,3.0,0.0,-68.0
1777892092.2793324,6.0,3.0,-68.0
1777892092.2893324,9.0,4.0,-71.0
1777892092.2993324,7.0,3.0,-78.0
1777892092.3093324,5.0,5.0,-75.0
1777892092.3193324,6.0,1.0,-76.0
1777892092.3293324,2.0,3.0,-76.0
1777892092.3393323,4.0,1.0,-80.0
1777892092.3493323,6.0,0.0,-77.0
1777892092.3593323,4.0,2.0,-76.0
1777892092.3693323,6.0,6.0,-80.0
1777892092.3793323,8.0,8.0,-81.0
1777892092.3893323,8.0,5.0,-76.0
1777892092.3993323,3.0,5.0,-75.0
1777892092.4093325,7.0,3.0,-78.0
1777892092.4193325,6.0,4.0,-75.0
1777892092.4293325,8.0,2.0,-77.0
1777892092.4393325,4.0,-1.0,-78.0
1777892092.4493325,2.0,-6.0,-74.0
1777892092.4593325,2.0,-3.0,-77.0
1777892092.4693325,3.0,-5.0,-74.0
1777892092.4793324,2.0,-2.0,-71.0
1777892092.4893324,2.0,-1.0,-68.0
1777892092.4993324,-2.0,0.0,-74.0
1777892092.5093324,-3.0,0.0,-70.0
1777892092.5193324,0.0,-1.0,-70.0
1777892092.5293324,2.0,2.0,-68.0
1777892092.5393324,0.0,-2.0,-72.0
1777892092.5493324,-1.0,-3.0,-64.0
1777892092.5593324,-8.0,-7.0,-68.0
1777892092.5693324,-6.0,-7.0,-80.0
1777892092.5793324,-2.0,-5.0,-74.0
1777892092.5893323,-4.0,-4.0,-70.0
1777892092.5993323,-2.0,-4.0,-66.0
1777892092.6093323,0.0,-7.0,-74.0
1777892092.6193323,0.0,-6.0,-73.0
1777892092.6293323,-1.0,0.0,-77.0
1777892092.6393323,-2.0,2.0,-72.0
1777892092.6493323,0.0,4.0,-75.0
1777892092.6593325,1.0,0.0,-79.0
1777892092.6693325,5.0,3.0,-82.0
1777892092.6793325,4.0,-1.0,-80.0
1777892092.6893325,1.0,-2.0,-83.0
1777892092.6993325,2.0,-4.0,-78.0
1777892092.7093325,0.0,-4.0,-77.0
1777892092.7193325,-2.0,-1.0,-86.0
1777892092.7293324,-5.0,0.0,-87.0
1777892092.7393324,-5.0,-2.0,-82.0
1777892092.7493324,-4.0,-1.0,-80.0
1777892092.7593324,-4.0,-3.0,-81.0
1777892092.7693324,-3.0,-2.0,-76.0
1777892092.7793324,-8.0,0.0,-80.0
1777892092.7893324,-6.0,1.0,-79.0
1777892092.7993324,-5.0,1.0,-76.0
1777892092.8093324,0.0,1.0,-76.0
1777892092.8193324,0.0,-1.0,-80.0
1777892092.8293324,0.0,-1.0,-88.0
1777892092.8393323,-4.0,-2.0,-88.0
1777892092.8493323,-4.0,0.0,-85.0
1777892092.8593323,0.0,-1.0,-81.0
1777892092.8693323,0.0,-1.0,-84.0
1777892092.8793323,-3.0,-2.0,-80.0
1777892092.8893323,-3.0,0.0,-77.0
1777892092.8993323,-5.0,0.0,-71.0
1777892092.9093325,-5.0,-1.0,-71.0
1777892092.9193325,-1.0,-1.0,-71.0
1777892092.9293325,-2.0,-1.0,-69.0
1777892092.9393325,0.0,-6.0,-72.0
1777892092.9493325,1.0,-2.0,-70.0
1777892092.9593325,1.0,-2.0,-70.0
1777892092.9693325,4.0,-2.0,-67.0
1777892092.9793324,1.0,0.0,-65.0
1777892092.9893324,-1.0,-2.0,-69.0
1777892092.9993324,-3.0,-4.0,-66.0
1777892093.0093324,-3.0,-2.0,-68.0
1777892093.0193324,0.0,1.0,-66.0
1777892093.0293324,5.0,0.0,-69.0
1777892093.0393324,6.0,0.0,-68.0
1777892093.0493324,3.0,0.0,-69.0
1777892093.0593324,3.0,1.0,-67.0
1777892093.0693324,6.0,1.0,-65.0
1777892093.0793324,5.0,1.0,-71.0
1777892093.0893323,-2.0,-1.0,-68.0
1777892093.0993323,3.0,-3.0,-70.0
1777892093.1093323,3.0,1.0,-69.0
1777892093.1193323,-1.0,4.0,-65.0
1777892093.1293323,-1.0,4.0,-71.0
1777892093.1393323,0.0,0.0,-74.0
1777892093.1493323,0.0,0.0,-76.0
1777892093.1593325,1.0,-1.0,-82.0
1777892093.1693325,-1.0,0.0,-79.0
1777892093.1793325,0.0,-2.0,-78.0
1777892093.1893325,3.0,-4.0,-72.0
1777892093.1993325,3.0,-6.0,-67.0
1777892093.2093325,3.0,-5.0,-75.0
1777892093.2193325,0.0,-4.0,-75.0
1777892093.2293324,1.0,-2.0,-72.0
1777892093.2393324,0.0,-2.0,-69.0
1777892093.2493324,0.0,-2.0,-62.0
1777892093.2593324,1.0,-2.0,-62.0
1777892093.2693324,0.0,-1.0,-65.0
1777892093.2793324,0.0,-5.0,-62.0
1777892093.2893324,-2.0,-6.0,-67.0
1777892093.2993324,-2.0,-6.0,-63.0
1777892093.3093324,-3.0,-2.0,-62.0
1777892093.3193324,0.0,-2.0,-73.0
1777892093.3293324,0.0,-2.0,-75.0
1777892093.3393323,-2.0,-5.0,-74.0
1777892093.3493323,0.0,-3.0,-75.0
1777892093.3593323,4.0,1.0,-74.0
1777892093.3693323,6.0,1.0,-70.0
1777892093.3793323,4.0,-1.0,-66.0
1777892093.3893323,3.0,0.0,-66.0
1777892093.3993323,0.0,-2.0,-73.0
1777892093.4093325,3.0,-2.0,-67.0
1777892093.4193325,2.0,-5.0,-67.0
1777892093.4293325,2.0,-4.0,-72.0
1777892093.4393325,1.0,-1.0,-72.0
1777892093.4493325,5.0,1.0,-74.0
1777892093.4593325,5.0,1.0,-72.0
1777892093.4693325,2.0,1.0,-73.0
1777892093.4793324,-2.0,2.0,-70.0
1777892093.4893324,-4.0,1.0,-65.0
1777892093.4993324,-6.0,0.0,-69.0
1777892093.5093324,0.0,-5.0,-72.0
1777892093.5193324,-1.0,-11.0,-70.0
1777892093.5293324,0.0,-13.0,-72.0
1777892093.5393324,-1.0,-11.0,-72.0
1777892093.5493324,-7.0,-10.0,-73.0
1777892093.5593324,-8.0,-12.0,-74.0
1777892093.5693324,-9.0,-6.0,-78.0
1777892093.5793324,-8.0,-6.0,-75.0
1777892093.5893323,-5.0,-6.0,-69.0
1777892093.5993323,0.0,-5.0,-70.0
1777892093.6093323,0.0,-1.0,-70.0
1777892093.6193323,-1.0,0.0,-60.0
1777892093.6293323,0.0,1.0,-63.0
1777892093.6393323,1.0,-2.0,-66.0
1777892093.6493323,-2.0,-4.0,-71.0
1777892093.6593325,-3.0,0.0,-75.0
1777892093.6693325,-9.0,0.0,-77.0
1777892093.6793325,-5.0,-1.0,-79.0
1777892093.6893325,-8.0,-1.0,-77.0
1777892093.6993325,-4.0,1.0,-73.0
1777892093.7093325,-5.0,1.0,-75.0
1777892093.7193325,-6.0,1.0,-77.0
1777892093.7293324,-5.0,2.0,-79.0
1777892093.7393324,-5.0,3.0,-76.0
1777892093.7493324,-3.0,0.0,-73.0
1777892093.7593324,1.0,2.0,-78.0
1777892093.7693324,0.0,0.0,-77.0
1777892093.7793324,-3.0,3.0,-80.0
1777892093.7893324,-2.0,6.0,-83.0
1777892093.7993324,-5.0,3.0,-83.0
1777892093.8093324,-7.0,-2.0,-81.0
1777892093.8193324,-6.0,-6.0,-78.0
1777892093.8293324,-7.0,-6.0,-84.0
1777892093.8393323,-4.0,-4.0,-82.0
1777892093.8493323,-2.0,0.0,-80.0
1777892093.8593323,-2.0,1.0,-71.0
1777892093.8693323,0.0,0.0,-69.0
1777892093.8793323,1.0,1.0,-66.0
1777892093.8893323,2.0,0.0,-64.0
1777892093.8993323,-2.0,1.0,-63.0
1777892093.9103324,0.0,3.0,-66.0
1777892093.9193325,-4.0,4.0,-66.0
1777892093.9293325,-5.0,2.0,-69.0
1777892093.9403324,-4.0,2.0,-72.0
1777892093.9503324,-3.0,5.0,-66.0
1777892093.9603324,-7.0,4.0,-68.0
1777892093.9703324,-4.0,4.0,-71.0
1777892093.9803324,-4.0,4.0,-71.0
1777892093.9903324,-2.0,3.0,-77.0
1777892094.0003324,0.0,5.0,-75.0
1777892094.0103323,0.0,1.0,-78.0
1777892094.0203323,-3.0,1.0,-74.0
1777892094.0303323,-5.0,1.0,-77.0
1777892094.0403323,-4.0,-1.0,-75.0
1777892094.0503323,-4.0,-1.0,-60.0
1777892094.0603323,-1.0,-2.0,-59.0
1777892094.0703323,-2.0,0.0,-63.0
1777892094.0803325,-3.0,0.0,-67.0
1777892094.0903325,-3.0,-1.0,-67.0
1777892094.1003325,-8.0,0.0,-71.0
1777892094.1103325,-7.0,-6.0,-75.0
1777892094.1203325,1.0,-1.0,-78.0
1777892094.1303325,-1.0,1.0,-78.0
1777892094.1403325,0.0,-1.0,-77.0
1777892094.1503325,0.0,0.0,-85.0
1777892094.1603324,1.0,-1.0,-83.0
1777892094.1703324,2.0,0.0,-79.0
1777892094.1803324,6.0,2.0,-78.0
1777892094.1903324,2.0,7.0,-79.0
1777892094.2003324,1.0,8.0,-77.0
1777892094.2103324,3.0,5.0,-77.0
1777892094.2203324,5.0,4.0,-75.0
1777892094.2303324,6.0,2.0,-71.0
1777892094.2403324,6.0,3.0,-72.0
1777892094.2503324,2.0,1.0,-71.0
1777892094.2603323,2.0,1.0,-70.0
1777892094.2703323,2.0,0.0,-75.0
1777892094.2803323,-2.0,0.0,-69.0
1777892094.2903323,-1.0,0.0,-58.0
1777892094.3003323,-4.0,-6.0,-56.0
1777892094.3103323,-3.0,-6.0,-58.0
1777892094.3203323,0.0,-8.0,-59.0
1777892094.3303325,-3.0,-6.0,-68.0
1777892094.3403325,-2.0,-6.0,-65.0
1777892094.3503325,-1.0,-4.0,-57.0
1777892094.3603325,-1.0,-1.0,-54.0
1777892094.3703325,-2.0,-1.0,-59.0
1777892094.3803325,0.0,0.0,-61.0
1777892094.3903325,0.0,-4.0,-60.0
1777892094.4003325,0.0,-6.0,-65.0
1777892094.4103324,5.0,-2.0,-67.0
1777892094.4203324,4.0,-1.0,-63.0
1777892094.4303324,2.0,-4.0,-67.0
1777892094.4403324,5.0,0.0,-62.0
1777892094.4503324,4.0,0.0,-67.0
1777892094.4603324,2.0,0.0,-64.0
1777892094.4703324,2.0,-2.0,-66.0
1777892094.4803324,0.0,-2.0,-66.0
1777892094.4903324,2.0,0.0,-68.0
1777892094.5003324,4.0,4.0,-69.0
1777892094.5103323,2.0,2.0,-70.0
1777892094.5203323,3.0,-3.0,-74.0
1777892094.5303323,10.0,0.0,-77.0
1777892094.5403323,9.0,-3.0,-82.0
1777892094.5503323,11.0,-4.0,-83.0
1777892094.5603323,11.0,-4.0,-83.0
1777892094.5703323,6.0,-2.0,-79.0
1777892094.5803325,1.0,0.0,-72.0
1777892094.5903325,-3.0,2.0,-81.0
1777892094.6003325,-4.0,1.0,-79.0
1777892094.6103325,-8.0,-2.0,-79.0
1777892094.6203325,-8.0,0.0,-78.0
1777892094.6303325,-5.0,0.0,-72.0
1777892094.6403325,0.0,0.0,-70.0
1777892094.6503325,0.0,-4.0,-67.0
1777892094.6603324,-1.0,-2.0,-62.0
1777892094.6703324,-2.0,0.0,-65.0
1777892094.6803324,-1.0,-1.0,-62.0
1777892094.6903324,-1.0,0.0,-67.0
1777892094.7003324,-1.0,0.0,-69.0
1777892094.7103324,-2.0,0.0,-68.0
1777892094.7203324,4.0,-2.0,-69.0
1777892094.7303324,4.0,-3.0,-70.0
1777892094.7403324,2.0,-2.0,-65.0
1777892094.7503324,1.0,-2.0,-65.0
1777892094.7603323,1.0,-4.0,-68.0
1777892094.7703323,0.0,-5.0,-75.0
1777892094.7803323,3.0,0.0,-72.0
1777892094.7903323,0.0,-1.0,-73.0
1777892094.8003323,-2.0,-6.0,-75.0
1777892094.8103323,5.0,-7.0,-74.0
1777892094.8203323,1.0,-6.0,-70.0
1777892094.8303325,0.0,-2.0,-74.0
1777892094.8403325,1.0,-2.0,-71.0
1777892094.8503325,3.0,-4.0,-68.0
1777892094.8603325,4.0,-6.0,-64.0
1777892094.8703325,5.0,-5.0,-69.0
1777892094.8803325,6.0,1.0,-65.0
1777892094.8903325,6.0,1.0,-62.0
1777892094.9003325,4.0,2.0,-66.0
1777892094.9103324,6.0,7.0,-66.0
1777892094.9203324,3.0,6.0,-62.0
1777892094.9303324,5.0,2.0,-65.0
1777892094.9403324,7.0,0.0,-66.0
1777892094.9503324,5.0,-1.0,-66.0
1777892094.9603324,3.0,3.0,-61.0
1777892094.9703324,0.0,3.0,-65.0
1777892094.9803324,0.0,1.0,-71.0
1777892094.9903324,4.0,2.0,-71.0
1777892095.0003324,0.0,3.0,-71.0
1777892095.0103323,0.0,3.0,-73.0
1777892095.0203323,5.0,1.0,-75.0
1777892095.0303323,5.0,2.0,-84.0
1777892095.0403323,3.0,1.0,-84.0
1777892095.0503323,2.0,-2.0,-78.0
1777892095.0603323,-1.0,-2.0,-80.0
1777892095.0703323,1.0,-5.0,-76.0
1777892095.0803325,1.0,-6.0,-82.0
1777892095.0903325,0.0,-2.0,-74.0
1777892095.1003325,0.0,-4.0,-70.0
1777892095.1103325,-4.0,-4.0,-72.0
1777892095.1203325,-4.0,-5.0,-76.0
1777892095.1303325,-2.0,-7.0,-72.0
1777892095.1403325,-3.0,-7.0,-71.0
1777892095.1503325,-2.0,-1.0,-67.0
1777892095.1603324,0.0,0.0,-68.0
1777892095.1703324,-3.0,-4.0,-67.0
1777892095.1803324,-3.0,-8.0,-65.0
1777892095.1903324,-4.0,-8.0,-73.0
1777892095.2003324,-3.0,-9.0,-78.0
1777892095.2103324,-3.0,-4.0,-75.0
1777892095.2203324,3.0,2.0,-73.0
1777892095.2303324,4.0,-1.0,-75.0
1777892095.2403324,3.0,-3.0,-76.0
1777892095.2503324,0.0,-4.0,-77.0
1777892095.2603323,-1.0,-7.0,-80.0
1777892095.2703323,1.0,-4.0,-79.0
1777892095.2803323,0.0,-7.0,-77.0
1777892095.2903323,3.0,-4.0,-81.0
1777892095.3003323,3.0,-1.0,-85.0
1777892095.3103323,4.0,2.0,-79.0
1777892095.3203323,2.0,4.0,-78.0
1777892095.3303325,-1.0,6.0,-80.0
1777892095.3403325,-2.0,5.0,-78.0
1777892095.3503325,0.0,7.0,-79.0
1777892095.3603325,0.0,4.0,-79.0
1777892095.3703325,3.0,5.0,-83.0
1777892095.3803325,2.0,3.0,-85.0
1777892095.3903325,4.0,0.0,-78.0
1777892095.4003325,4.0,-2.0,-82.0
1777892095.4103324,1.0,-2.0,-72.0
1777892095.4203324,0.0,-3.0,-73.0
1777892095.4303324,1.0,-3.0,-69.0
1777892095.4403324,-1.0,2.0,-75.0
1777892095.4503324,-2.0,-1.0,-72.0
1777892095.4603324,0.0,0.0,-72.0
1777892095.4703324,3.0,0.0,-73.0
1777892095.4803324,5.0,-4.0,-67.0
1777892095.4903324,8.0,1.0,-69.0
1777892095.5003324,10.0,0.0,-73.0
1777892095.5103323,8.0,3.0,-74.0
1777892095.5203323,8.0,5.0,-73.0
1777892095.5303323,4.0,4.0,-68.0
1777892095.5403323,4.0,6.0,-64.0
1777892095.5503323,4.0,7.0,-68.0
1777892095.5603323,5.0,4.0,-73.0
1777892095.5703323,2.0,5.0,-75.0
1777892095.5803325,3.0,3.0,-78.0
1777892095.5903325,7.0,8.0,-82.0
1777892095.6003325,1.0,5.0,-84.0
1777892095.6103325,-1.0,4.0,-88.0
1777892095.6203325,-2.0,0.0,-81.0
1777892095.6303325,-3.0,-4.0,-82.0
1777892095.6403325,0.0,-2.0,-81.0
1777892095.6503325,2.0,-5.0,-82.0
1777892095.6603324,0.0,-4.0,-77.0
1777892095.6703324,3.0,-7.0,-74.0
1777892095.6803324,5.0,-5.0,-71.0
1777892095.6903324,7.0,-4.0,-71.0
1777892095.7003324,8.0,-5.0,-74.0
1777892095.7103324,6.0,-4.0,-74.0
1777892095.7203324,10.0,-1.0,-73.0
1777892095.7303324,8.0,0.0,-72.0
1777892095.7403324,8.0,-2.0,-70.0
1777892095.7503324,2.0,-1.0,-62.0
1777892095.7603323,-3.0,-3.0,-70.0
1777892095.7703323,0.0,-2.0,-78.0
1777892095.7803323,1.0,-1.0,-76.0
1777892095.7903323,0.0,1.0,-69.0
1777892095.8003323,1.0,5.0,-64.0
1777892095.8103323,6.0,6.0,-65.0
1777892095.8203323,7.0,6.0,-74.0
1777892095.8303325,4.0,5.0,-73.0
1777892095.8403325,1.0,7.0,-76.0
1777892095.8503325,-1.0,4.0,-83.0
1777892095.8603325,3.0,6.0,-68.0
1777892095.8703325,2.0,8.0,-60.0
1777892095.8803325,0.0,5.0,-63.0
1777892095.8903325,3.0,5.0,-63.0
1777892095.9003325,2.0,2.0,-67.0
1777892095.9103324,2.0,4.0,-71.0
1777892095.9203324,5.0,2.0,-74.0
1777892095.9313323,6.0,0.0,-80.0
1777892095.9413323,4.0,-2.0,-78.0
1777892095.9513323,-3.0,-2.0,-78.0
1777892095.9613323,-5.0,0.0,-71.0
1777892095.9713323,-4.0,-4.0,-75.0
1777892095.9813323,0.0,-3.0,-74.0
1777892095.9913323,3.0,-1.0,-76.0
1777892096.0013323,6.0,0.0,-70.0
1777892096.0113325,5.0,2.0,-68.0
1777892096.0213325,1.0,2.0,-66.0
1777892096.0313325,6.0,3.0,-71.0
1777892096.0413325,0.0,1.0,-74.0
1777892096.0513325,3.0,0.0,-71.0
1777892096.0613325,5.0,-2.0,-69.0
1777892096.0713325,4.0,0.0,-71.0
1777892096.0813324,4.0,0.0,-66.0
1777892096.0913324,8.0,-1.0,-69.0
1777892096.1013324,0.0,-2.0,-68.0
1777892096.1113324,0.0,-2.0,-69.0
1777892096.1213324,3.0,-1.0,-64.0
1777892096.1313324,4.0,-1.0,-63.0
1777892096.1413324,4.0,0.0,-60.0
1777892096.1513324,1.0,0.0,-65.0
1777892096.1613324,1.0,3.0,-70.0
1777892096.1713324,-1.0,4.0,-71.0
1777892096.1813323,1.0,2.0,-68.0
1777892096.1913323,4.0,4.0,-71.0
1777892096.2013323,6.0,3.0,-72.0
1777892096.2113323,5.0,-2.0,-60.0
1777892096.2213323,5.0,-4.0,-57.0
1777892096.2313323,1.0,-6.0,-61.0
1777892096.2413323,1.0,-9.0,-64.0
1777892096.2513323,6.0,-6.0,-67.0
1777892096.2613325,6.0,-5.0,-69.0
1777892096.2713325,3.0,-5.0,-69.0
1777892096.2813325,1.0,1.0,-71.0
1777892096.2913325,1.0,3.0,-70.0
1777892096.3013325,1.0,6.0,-74.0
1777892096.3113325,7.0,5.0,-69.0
1777892096.3213325,9.0,2.0,-71.0
1777892096.3313324,4.0,0.0,-69.0
1777892096.3413324,6.0,1.0,-74.0
1777892096.3513324,5.0,1.0,-82.0
1777892096.3613324,7.0,2.0,-84.0
1777892096.3713324,4.0,5.0,-79.0
1777892096.3813324,0.0,7.0,-64.0
1777892096.3913324,1.0,5.0,-61.0
1777892096.4013324,0.0,2.0,-62.0
1777892096.4113324,-1.0,0.0,-63.0
1777892096.4213324,-1.0,2.0,-66.0
1777892096.4313323,0.0,0.0,-68.0
1777892096.4413323,0.0,0.0,-74.0
1777892096.4513323,0.0,-1.0,-75.0
1777892096.4613323,-7.0,-3.0,-70.0
1777892096.4713323,-9.0,0.0,-68.0
1777892096.4813323,-6.0,2.0,-69.0
1777892096.4913323,-2.0,0.0,-74.0
1777892096.5013323,-1.0,4.0,-73.0
1777892096.5113325,5.0,5.0,-73.0
1777892096.5213325,8.0,6.0,-70.0
1777892096.5313325,9.0,7.0,-66.0
1777892096.5413325,6.0,12.0,-67.0
1777892096.5513325,3.0,6.0,-68.0
1777892096.5613325,2.0,3.0,-62.0
1777892096.5713325,0.0,3.0,-69.0
1777892096.5813324,0.0,2.0,-74.0
1777892096.5913324,0.0,0.0,-74.0
1777892096.6013324,2.0,-1.0,-77.0
1777892096.6113324,1.0,0.0,-75.0
1777892096.6213324,5.0,2.0,-76.0
1777892096.6313324,4.0,1.0,-80.0
1777892096.6413324,4.0,5.0,-72.0
1777892096.6513324,1.0,2.0,-67.0
1777892096.6613324,3.0,0.0,-69.0
1777892096.6713324,0.0,3.0,-67.0
1777892096.6813323,-2.0,5.0,-69.0
1777892096.6913323,-1.0,3.0,-68.0
1777892096.7013323,-2.0,0.0,-67.0
1777892096.7113323,-3.0,-3.0,-67.0
1777892096.7213323,-4.0,-6.0,-65.0
1777892096.7313323,-3.0,-8.0,-68.0
1777892096.7413323,0.0,-5.0,-73.0
1777892096.7513323,0.0,-4.0,-76.0
1777892096.7613325,0.0,-3.0,-76.0
1777892096.7713325,1.0,-1.0,-75.0
1777892096.7813325,0.0,-2.0,-67.0
1777892096.7913325,-1.0,-6.0,-67.0
1777892096.8013325,-1.0,-3.0,-71.0
1777892096.8113325,0.0,-1.0,-75.0
1777892096.8213325,-3.0,1.0,-72.0
1777892096.8313324,-3.0,0.0,-76.0
1777892096.8413324,-2.0,0.0,-77.0
1777892096.8513324,-1.0,2.0,-73.0
1777892096.8613324,-1.0,0.0,-77.0
1777892096.8713324,0.0,2.0,-71.0
1777892096.8813324,1.0,0.0,-74.0
1777892096.8913324,0.0,0.0,-79.0
1777892096.9013324,3.0,-2.0,-79.0
1777892096.9113324,0.0,-2.0,-83.0
1777892096.9213324,1.0,-5.0,-75.0
1777892096.9313323,-2.0,-2.0,-74.0
1777892096.9413323,-4.0,-4.0,-73.0
1777892096.9513323,-3.0,-6.0,-74.0
1777892096.9613323,-4.0,-9.0,-73.0
1777892096.9713323,-2.0,-5.0,-69.0
1777892096.9813323,-3.0,-4.0,-69.0
1777892096.9913323,-5.0,-1.0,-68.0
1777892097.0013323,-2.0,-1.0,-66.0
1777892097.0113325,-2.0,-1.0,-63.0
1777892097.0213325,-3.0,0.0,-70.0
1777892097.0323324,-3.0,1.0,-74.0
1777892097.0413325,0.0,-1.0,-70.0
1777892097.0513325,1.0,-3.0,-74.0
1777892097.0613325,2.0,2.0,-78.0
1777892097.0713325,1.0,3.0,-76.0
1777892097.0813324,-3.0,4.0,-74.0
1777892097.0913324,-1.0,-2.0,-77.0
1777892097.1013324,-1.0,-3.0,-76.0
1777892097.1113324,2.0,-2.0,-77.0
1777892097.1213324,0.0,1.0,-77.0
1777892097.1313324,0.0,2.0,-72.0
1777892097.1413324,-1.0,1.0,-70.0
1777892097.1513324,2.0,-2.0,-67.0
1777892097.1613324,2.0,-3.0,-71.0
1777892097.1713324,1.0,-3.0,-68.0
1777892097.1813323,0.0,-2.0,-67.0
1777892097.1913323,-1.0,0.0,-68.0
1777892097.2013323,-2.0,-2.0,-72.0
1777892097.2113323,-1.0,0.0,-71.0
1777892097.2213323,0.0,3.0,-76.0
1777892097.2313323,-3.0,3.0,-75.0
1777892097.2413323,2.0,2.0,-71.0
1777892097.2513323,1.0,3.0,-68.0
1777892097.2613325,0.0,3.0,-65.0
1777892097.2713325,-1.0,1.0,-73.0
1777892097.2813325,-4.0,1.0,-67.0
1777892097.2913325,0.0,1.0,-73.0
1777892097.3013325,-2.0,3.0,-78.0
1777892097.3113325,0.0,1.0,-75.0
1777892097.3213325,0.0,0.0,-74.0
1777892097.3313324,0.0,-3.0,-76.0
1777892097.3413324,-3.0,1.0,-80.0
1777892097.3513324,-1.0,3.0,-77.0
1777892097.3613324,0.0,5.0,-71.0
1777892097.3713324,-1.0,-1.0,-74.0
1777892097.3813324,2.0,1.0,-77.0
1777892097.3913324,0.0,-1.0,-74.0
1777892097.4013324,-2.0,0.0,-66.0
1777892097.4113324,-1.0,0.0,-63.0
1777892097.4213324,5.0,0.0,-65.0
1777892097.4313323,7.0,0.0,-69.0
1777892097.4413323,9.0,0.0,-66.0
1777892097.4513323,4.0,1.0,-71.0
1777892097.4613323,4.0,0.0,-72.0
1777892097.4713323,2.0,-1.0,-74.0
1777892097.4813323,4.0,4.0,-77.0
1777892097.4913323,9.0,3.0,-79.0
1777892097.5013323,9.0,-2.0,-79.0
1777892097.5113325,8.0,-4.0,-85.0
1777892097.5213325,7.0,-4.0,-87.0
1777892097.5313325,6.0,-2.0,-86.0
1777892097.5413325,7.0,0.0,-79.0
1777892097.5513325,7.0,2.0,-77.0
1777892097.5613325,5.0,0.0,-75.0
1777892097.5713325,3.0,2.0,-74.0
1777892097.5813324,1.0,1.0,-72.0
1777892097.5913324,0.0,4.0,-68.0
1777892097.6013324,-2.0,7.0,-73.0
1777892097.6113324,-4.0,5.0,-71.0
1777892097.6213324,-2.0,4.0,-68.0
1777892097.6313324,-1.0,-1.0,-66.0
1777892097.6413324,0.0,-1.0,-64.0
1777892097.6513324,2.0,-1.0,-65.0
1777892097.6613324,4.0,-3.0,-67.0
1777892097.6713324,1.0,0.0,-71.0
1777892097.6813323,1.0,1.0,-64.0
1777892097.6913323,3.0,1.0,-70.0
1777892097.7013323,1.0,0.0,-70.0
1777892097.7113323,0.0,-2.0,-72.0
1777892097.7213323,-5.0,-1.0,-76.0
1777892097.7313323,-2.0,0.0,-79.0
1777892097.7413323,3.0,-1.0,-82.0
1777892097.7513323,4.0,-2.0,-80.0
1777892097.7613325,1.0,-5.0,-82.0
1777892097.7713325,0.0,-5.0,-82.0
1777892097.7813325,-4.0,-2.0,-78.0
1777892097.7913325,0.0,-1.0,-80.0
1777892097.8013325,0.0,-1.0,-76.0
1777892097.8113325,0.0,-2.0,-72.0
1777892097.8213325,1.0,-2.0,-69.0
1777892097.8313324,0.0,-4.0,-63.0
1777892097.8413324,-4.0,-4.0,-64.0
1777892097.8513324,-2.0,-9.0,-67.0
1777892097.8613324,-2.0,-4.0,-68.0
1777892097.8713324,-1.0,-3.0,-68.0
1777892097.8813324,-2.0,-4.0,-67.0
1777892097.8913324,-2.0,-3.0,-70.0
1777892097.9023323,-2.0,-4.0,-71.0
1777892097.9113324,0.0,-5.0,-74.0
1777892097.9213324,1.0,-4.0,-71.0
1777892097.9323325,0.0,-2.0,-69.0
1777892097.9423325,0.0,1.0,-70.0
1777892097.9523325,-7.0,3.0,-76.0
1777892097.9623325,-6.0,2.0,-78.0
1777892097.9723325,-1.0,2.0,-71.0
1777892097.9823325,0.0,2.0,-69.0
1777892097.9923325,1.0,3.0,-66.0
1777892098.0023324,2.0,2.0,-68.0
1777892098.0123324,4.0,3.0,-63.0
1777892098.0223324,4.0,0.0,-59.0
1777892098.0323324,2.0,0.0,-60.0
1777892098.0423324,2.0,1.0,-57.0
1777892098.0523324,5.0,-2.0,-67.0
1777892098.0623324,0.0,-2.0,-69.0
1777892098.0723324,1.0,-2.0,-75.0
1777892098.0823324,2.0,-2.0,-74.0
1777892098.0923324,0.0,-5.0,-69.0
1777892098.1023324,3.0,-8.0,-70.0
1777892098.1123323,2.0,-8.0,-75.0
1777892098.1223323,-2.0,-8.0,-73.0
1777892098.1323323,0.0,-9.0,-67.0
1777892098.1423323,0.0,-4.0,-68.0
1777892098.1523323,1.0,-2.0,-72.0
1777892098.1623323,2.0,-5.0,-70.0
1777892098.1723323,2.0,-7.0,-72.0
1777892098.1823325,-3.0,-8.0,-78.0
1777892098.1923325,-4.0,-8.0,-78.0
1777892098.2023325,-2.0,-7.0,-69.0
1777892098.2123325,-2.0,-6.0,-65.0
1777892098.2223325,0.0,-12.0,-64.0
1777892098.2323325,0.0,-13.0,-66.0
1777892098.2423325,-1.0,-11.0,-65.0
1777892098.2523324,-4.0,-12.0,-64.0
1777892098.2623324,-2.0,-11.0,-60.0
1777892098.2723324,0.0,-10.0,-61.0
1777892098.2823324,-3.0,-5.0,-63.0
1777892098.2923324,-6.0,-3.0,-64.0
1777892098.3023324,-3.0,-3.0,-65.0
1777892098.3123324,0.0,-4.0,-66.0
1777892098.3223324,0.0,0.0,-71.0
1777892098.3323324,0.0,0.0,-66.0
1777892098.3423324,0.0,0.0,-68.0
1777892098.3523324,1.0,-2.0,-68.0
1777892098.3623323,3.0,0.0,-70.0
1777892098.3723323,3.0,0.0,-75.0
1777892098.3823323,4.0,4.0,-77.0
1777892098.3923323,0.0,0.0,-73.0
1777892098.4023323,-5.0,1.0,-76.0
1777892098.4123323,-2.0,2.0,-81.0
1777892098.4223323,-1.0,4.0,-85.0
1777892098.4323325,-4.0,2.0,-85.0
1777892098.4423325,-5.0,0.0,-77.0
1777892098.4523325,-3.0,4.0,-74.0
1777892098.4623325,-8.0,3.0,-79.0
1777892098.4723325,-7.0,1.0,-76.0
1777892098.4823325,-7.0,-3.0,-80.0
1777892098.4923325,-1.0,-5.0,-77.0
1777892098.5023324,0.0,-3.0,-71.0
1777892098.5123324,0.0,-2.0,-77.0
1777892098.5223324,-3.0,0.0,-73.0
1777892098.5323324,-7.0,1.0,-77.0
1777892098.5423324,-5.0,0.0,-80.0
1777892098.5523324,-3.0,0.0,-75.0
1777892098.5623324,0.0,1.0,-78.0
1777892098.5723324,1.0,1.0,-80.0
1777892098.5823324,-1.0,-3.0,-73.0
1777892098.5923324,0.0,0.0,-76.0
1777892098.6023324,0.0,0.0,-75.0
1777892098.6123323,1.0,0.0,-70.0
1777892098.6223323,0.0,0.0,-66.0
1777892098.6323323,4.0,3.0,-62.0
1777892098.6423323,3.0,0.0,-56.0
1777892098.6523323,1.0,1.0,-56.0
1777892098.6623323,6.0,3.0,-65.0
1777892098.6723323,4.0,3.0,-73.0
1777892098.6823325,2.0,2.0,-68.0
1777892098.6923325,4.0,0.0,-72.0
1777892098.7023325,5.0,-1.0,-72.0
1777892098.7123325,7.0,-2.0,-73.0
1777892098.7223325,11.0,-4.0,-73.0
1777892098.7323325,8.0,-3.0,-74.0
1777892098.7423325,5.0,-3.0,-69.0
1777892098.7523324,1.0,-3.0,-68.0
1777892098.7623324,0.0,-3.0,-69.0
1777892098.7723324,-1.0,2.0,-69.0
1777892098.7823324,-6.0,3.0,-72.0
1777892098.7923324,-7.0,-2.0,-73.0
1777892098.8023324,-7.0,-3.0,-73.0
1777892098.8123324,-5.0,-5.0,-67.0
1777892098.8223324,0.0,-7.0,-68.0
1777892098.8323324,2.0,-2.0,-67.0
1777892098.8423324,4.0,-3.0,-68.0
1777892098.8523324,2.0,2.0,-70.0
1777892098.8623323,-1.0,0.0,-69.0
1777892098.8723323,-4.0,-1.0,-74.0
1777892098.8823323,-1.0,2.0,-74.0
1777892098.8923323,0.0,4.0,-70.0
1777892098.9023323,0.0,5.0,-70.0
1777892098.9123323,0.0,0.0,-65.0
1777892098.9223323,1.0,1.0,-63.0
1777892098.9323325,1.0,0.0,-63.0
1777892098.9423325,0.0,-2.0,-63.0
1777892098.9523325,-2.0,0.0,-63.0
1777892098.9623325,-1.0,0.0,-58.0
1777892098.9723325,1.0,4.0,-60.0
1777892098.9823325,2.0,3.0,-61.0
1777892098.9923325,0.0,0.0,-58.0
1777892099.0023324,1.0,3.0,-61.0
1777892099.0123324,-2.0,6.0,-62.0
1777892099.0223324,-1.0,6.0,-62.0
1777892099.0323324,0.0,7.0,-60.0
1777892099.0423324,-3.0,5.0,-60.0
1777892099.0523324,-4.0,8.0,-65.0
1777892099.0623324,0.0,5.0,-67.0
1777892099.0723324,6.0,7.0,-66.0
1777892099.0823324,4.0,7.0,-74.0
1777892099.0923324,0.0,9.0,-72.0
1777892099.1023324,0.0,8.0,-73.0
1777892099.1123323,-1.0,4.0,-77.0
1777892099.1223323,1.0,0.0,-72.0
1777892099.1323323,3.0,0.0,-68.0
1777892099.1423323,-4.0,0.0,-64.0
1777892099.1523323,-4.0,-7.0,-68.0
1777892099.1623323,-1.0,-6.0,-66.0
1777892099.1723323,-1.0,-6.0,-70.0
1777892099.1823325,0.0,-3.0,-73.0
1777892099.1923325,-2.0,-5.0,-72.0
1777892099.2023325,-5.0,-5.0,-72.0
1777892099.2123325,-6.0,-2.0,-67.0
1777892099.2223325,-11.0,0.0,-65.0
1777892099.2323325,-11.0,0.0,-64.0
1777892099.2423325,-8.0,0.0,-63.0
1777892099.2523324,-2.0,1.0,-65.0
1777892099.2623324,0.0,1.0,-59.0
1777892099.2723324,3.0,-2.0,-53.0
1777892099.2823324,1.0,0.0,-54.0
1777892099.2923324,2.0,2.0,-54.0
1777892099.3023324,2.0,1.0,-61.0
1777892099.3123324,1.0,3.0,-68.0
1777892099.3223324,6.0,3.0,-73.0
1777892099.3323324,6.0,0.0,-75.0
1777892099.3423324,6.0,-3.0,-78.0
1777892099.3523324,4.0,-1.0,-79.0
1777892099.3623323,2.0,0.0,-79.0
1777892099.3733325,3.0,-1.0,-80.0
1777892099.3823323,8.0,1.0,-76.0
1777892099.3923323,7.0,-1.0,-80.0
1777892099.4023323,7.0,-3.0,-78.0
1777892099.4123323,5.0,0.0,-70.0
1777892099.4223323,0.0,-3.0,-71.0
1777892099.4323325,-1.0,-7.0,-71.0
1777892099.4423325,-3.0,-7.0,-70.0
1777892099.4523325,0.0,-4.0,-65.0
1777892099.4623325,2.0,-5.0,-65.0
1777892099.4723325,5.0,-4.0,-71.0
1777892099.4823325,1.0,-3.0,-69.0
1777892099.4923325,0.0,-2.0,-75.0
1777892099.5023324,2.0,0.0,-76.0
1777892099.5123324,0.0,-3.0,-81.0
1777892099.5223324,3.0,-4.0,-73.0
1777892099.5323324,6.0,-3.0,-67.0
1777892099.5423324,3.0,-3.0,-65.0
1777892099.5523324,0.0,-2.0,-59.0
1777892099.5623324,0.0,-3.0,-57.0
1777892099.5723324,-3.0,-3.0,-58.0
1777892099.5823324,-10.0,-3.0,-61.0
1777892099.5923324,-6.0,-2.0,-66.0
1777892099.6023324,-2.0,-3.0,-63.0
1777892099.6123323,-3.0,0.0,-63.0
1777892099.6223323,-5.0,0.0,-71.0
1777892099.6323323,-5.0,0.0,-75.0
1777892099.6423323,-11.0,1.0,-82.0
1777892099.6523323,-12.0,0.0,-76.0
1777892099.6623323,-10.0,-1.0,-74.0
1777892099.6723323,-7.0,0.0,-74.0
1777892099.6823325,-3.0,-1.0,-69.0
1777892099.6923325,-4.0,0.0,-69.0
1777892099.7023325,-6.0,-1.0,-74.0
1777892099.7123325,-7.0,-4.0,-75.0
1777892099.7223325,-7.0,-1.0,-76.0
1777892099.7323325,-4.0,0.0,-75.0
1777892099.7423325,-2.0,0.0,-73.0
1777892099.7523324,-3.0,1.0,-69.0
1777892099.7623324,-1.0,1.0,-73.0
1777892099.7723324,0.0,-1.0,-71.0
1777892099.7823324,0.0,-3.0,-76.0
1777892099.7923324,3.0,2.0,-74.0
1777892099.8023324,2.0,1.0,-75.0
1777892099.8123324,-1.0,-3.0,-82.0
1777892099.8223324,1.0,-2.0,-88.0
1777892099.8323324,2.0,-1.0,-80.0
1777892099.8423324,3.0,-2.0,-78.0
1777892099.8523324,4.0,2.0,-74.0
1777892099.8623323,5.0,2.0,-74.0
1777892099.8723323,3.0,6.0,-69.0
1777892099.8823323,1.0,9.0,-75.0
1777892099.8923323,-2.0,10.0,-71.0
1777892099.9033325,-2.0,6.0,-77.0
1777892099.9133325,-3.0,6.0,-77.0
1777892099.9233325,-1.0,6.0,-76.0
1777892099.9333324,0.0,3.0,-75.0
1777892099.9433324,1.0,6.0,-77.0
1777892099.9533324,-3.0,3.0,-67.0
1777892099.9633324,-5.0,5.0,-60.0
1777892099.9733324,-2.0,8.0,-66.0
1777892099.9833324,0.0,8.0,-70.0
1777892099.9933324,3.0,7.0,-72.0
1777892100.0033324,5.0,3.0,-66.0
1777892100.0133324,2.0,2.0,-63.0
1777892100.0233324,4.0,0.0,-61.0
1777892100.0333323,5.0,-5.0,-67.0
1777892100.0433323,3.0,-3.0,-64.0
1777892100.0533323,3.0,2.0,-65.0
1777892100.0633323,6.0,3.0,-67.0
1777892100.0733323,3.0,3.0,-68.0
1777892100.0833323,2.0,2.0,-73.0
1777892100.0933323,5.0,0.0,-72.0
1777892100.1033323,5.0,1.0,-74.0
1777892100.1133325,1.0,1.0,-81.0
1777892100.1233325,-1.0,2.0,-80.0
1777892100.1333325,0.0,4.0,-78.0
1777892100.1433325,2.0,2.0,-74.0
1777892100.1533325,8.0,1.0,-73.0
1777892100.1633325,1.0,3.0,-77.0
1777892100.1733325,1.0,0.0,-79.0
1777892100.1833324,-2.0,-3.0,-80.0
1777892100.1933324,-3.0,0.0,-81.0
1777892100.2033324,-2.0,-3.0,-76.0
1777892100.2133324,-3.0,-6.0,-76.0
1777892100.2233324,-8.0,-3.0,-78.0
1777892100.2333324,-4.0,0.0,-75.0
1777892100.2433324,-4.0,0.0,-73.0
1777892100.2533324,-4.0,0.0,-72.0
1777892100.2633324,-4.0,-3.0,-72.0
1777892100.2733324,-5.0,-4.0,-72.0
1777892100.2833323,-4.0,-6.0,-73.0
1777892100.2933323,-4.0,-9.0,-73.0
1777892100.3033323,-7.0,-6.0,-71.0
1777892100.3133323,-3.0,-3.0,-72.0
1777892100.3233323,-6.0,4.0,-73.0
1777892100.3333323,-1.0,2.0,-74.0
1777892100.3433323,-2.0,0.0,-72.0
1777892100.3533323,-2.0,0.0,-72.0
1777892100.3633325,-2.0,3.0,-71.0
1777892100.3733325,-2.0,-1.0,-76.0
1777892100.3833325,-2.0,-2.0,-77.0
1777892100.3933325,-3.0,0.0,-75.0
1777892100.4033325,-3.0,-1.0,-71.0
1777892100.4133325,-2.0,0.0,-63.0
1777892100.4233325,1.0,1.0,-57.0
1777892100.4333324,3.0,2.0,-61.0
1777892100.4433324,5.0,5.0,-65.0
1777892100.4533324,5.0,4.0,-70.0
1777892100.4633324,3.0,1.0,-71.0
1777892100.4733324,1.0,1.0,-77.0
1777892100.4833324,0.0,0.0,-74.0
1777892100.4933324,0.0,3.0,-75.0
1777892100.5033324,2.0,1.0,-76.0
1777892100.5133324,4.0,0.0,-71.0
1777892100.5233324,6.0,-3.0,-69.0
1777892100.5333323,3.0,-1.0,-72.0
1777892100.5433323,7.0,2.0,-77.0
1777892100.5533323,10.0,0.0,-79.0
1777892100.5633323,7.0,0.0,-80.0
1777892100.5733323,2.0,-1.0,-78.0
1777892100.5833323,2.0,0.0,-80.0
1777892100.5933323,2.0,-3.0,-79.0
1777892100.6033323,2.0,-2.0,-83.0
1777892100.6133325,3.0,0.0,-81.0
1777892100.6233325,2.0,0.0,-80.0
1777892100.6333325,2.0,3.0,-82.0
1777892100.6433325,6.0,1.0,-84.0
1777892100.6533325,0.0,0.0,-76.0
1777892100.6633325,1.0,0.0,-72.0
1777892100.6733325,3.0,0.0,-73.0
1777892100.6833324,5.0,-3.0,-72.0
1777892100.6933324,5.0,0.0,-71.0
1777892100.7033324,2.0,-1.0,-70.0
1777892100.7133324,1.0,-2.0,-67.0
1777892100.7233324,2.0,-2.0,-71.0
1777892100.7333324,4.0,-1.0,-71.0
1777892100.7433324,2.0,-2.0,-76.0
1777892100.7533324,0.0,0.0,-73.0
1777892100.7633324,1.0,2.0,-68.0
1777892100.7733324,0.0,0.0,-69.0
1777892100.7833323,3.0,0.0,-69.0
1777892100.7933323,2.0,-3.0,-78.0
1777892100.8033323,-3.0,-3.0,-79.0
1777892100.8133323,-6.0,-4.0,-79.0
1777892100.8233323,-5.0,-4.0,-75.0
1777892100.8333323,-4.0,-1.0,-78.0
1777892100.8433323,-7.0,-2.0,-79.0
1777892100.8533323,-7.0,-4.0,-74.0
1777892100.8633325,-1.0,-1.0,-72.0
1777892100.8733325,-3.0,1.0,-73.0
1777892100.8833325,-2.0,4.0,-75.0
1777892100.8933325,0.0,3.0,-66.0
1777892100.9033325,-1.0,2.0,-68.0
1777892100.9133325,0.0,5.0,-72.0
1777892100.9233325,0.0,4.0,-67.0
1777892100.9333324,-3.0,0.0,-65.0
1777892100.9433324,0.0,-4.0,-68.0
1777892100.9533324,0.0,-1.0,-77.0
1777892100.9633324,0.0,-5.0,-74.0
1777892100.9733324,0.0,-1.0,-76.0
1777892100.9833324,2.0,3.0,-71.0
1777892100.9933324,0.0,3.0,-71.0
1777892101.0033324,0.0,0.0,-73.0
1777892101.0133324,0.0,-3.0,-73.0
1777892101.0233324,2.0,-2.0,-71.0
1777892101.0333323,0.0,0.0,-80.0
1777892101.0433323,0.0,-1.0,-82.0
1777892101.0533323,2.0,-2.0,-77.0
1777892101.0633323,-2.0,-1.0,-71.0
1777892101.0733323,-3.0,-3.0,-67.0
1777892101.0833323,-6.0,-3.0,-69.0
1777892101.0933323,-9.0,-1.0,-74.0
1777892101.1033323,-7.0,-1.0,-74.0
1777892101.1133325,-6.0,-5.0,-72.0
1777892101.1233325,-9.0,-3.0,-67.0
1777892101.1333325,-10.0,-2.0,-73.0
1777892101.1433325,-5.0,-2.0,-73.0
1777892101.1533325,-5.0,-1.0,-80.0
1777892101.1633325,-1.0,-1.0,-79.0
1777892101.1733325,0.0,-1.0,-76.0
1777892101.1833324,-1.0,-4.0,-76.0
1777892101.1933324,0.0,-5.0,-76.0
1777892101.2033324,0.0,-1.0,-68.0
1777892101.2133324,-3.0,3.0,-64.0
1777892101.2233324,-3.0,0.0,-64.0
1777892101.2333324,-5.0,0.0,-66.0
1777892101.2433324,-3.0,0.0,-70.0
1777892101.2533324,-2.0,1.0,-73.0
1777892101.2633324,0.0,3.0,-70.0
1777892101.2733324,1.0,4.0,-75.0
1777892101.2833323,0.0,1.0,-76.0
1777892101.2933323,-3.0,0.0,-65.0
1777892101.3033323,4.0,-1.0,-66.0
1777892101.3133323,3.0,-3.0,-72.0
1777892101.3233323,-1.0,-1.0,-78.0
1777892101.3333323,-1.0,-3.0,-82.0
1777892101.3433323,0.0,-4.0,-82.0
1777892101.3533323,-2.0,-2.0,-74.0
1777892101.3633325,-6.0,0.0,-76.0
1777892101.3733325,-7.0,-2.0,-75.0
1777892101.3833325,0.0,-3.0,-75.0
1777892101.3933325,4.0,1.0,-77.0
1777892101.4033325,2.0,5.0,-79.0
1777892101.4133325,0.0,5.0,-81.0
1777892101.4233325,-1.0,3.0,-80.0
1777892101.4333324,3.0,0.0,-76.0
1777892101.4433324,4.0,-3.0,-78.0
1777892101.4533324,-2.0,-1.0,-76.0
1777892101.4633324,-2.0,-6.0,-74.0
1777892101.4733324,-1.0,-11.0,-67.0
1777892101.4833324,-1.0,-11.0,-66.0
1777892101.4933324,0.0,-15.0,-76.0
1777892101.5033324,0.0,-8.0,-74.0
1777892101.5133324,1.0,-6.0,-70.0
1777892101.5233324,0.0,-6.0,-66.0
1777892101.5333323,0.0,-4.0,-70.0
1777892101.5433323,0.0,0.0,-66.0
1777892101.5533323,-3.0,-1.0,-66.0
1777892101.5633323,1.0,-1.0,-67.0
1777892101.5733323,6.0,-4.0,-65.0
1777892101.5833323,3.0,-6.0,-74.0
1777892101.5933323,5.0,-7.0,-74.0
1777892101.6033323,6.0,-1.0,-73.0
1777892101.6133325,2.0,0.0,-70.0
1777892101.6233325,4.0,0.0,-71.0
1777892101.6333325,4.0,0.0,-73.0
1777892101.6433325,5.0,-1.0,-80.0
1777892101.6533325,6.0,2.0,-82.0
1777892101.6633325,3.0,3.0,-80.0
1777892101.6733325,3.0,6.0,-77.0
1777892101.6833324,-1.0,7.0,-74.0
1777892101.6933324,0.0,6.0,-78.0
1777892101.7033324,1.0,-1.0,-79.0
1777892101.7133324,1.0,-2.0,-80.0
1777892101.7233324,-1.0,-1.0,-77.0
1777892101.7333324,-2.0,0.0,-79.0
1777892101.7433324,0.0,1.0,-74.0
1777892101.7533324,-3.0,1.0,-72.0
1777892101.7633324,-1.0,0.0,-71.0
1777892101.7733324,0.0,0.0,-65.0
1777892101.7833323,-2.0,-1.0,-69.0
1777892101.7933323,-3.0,0.0,-68.0
1777892101.8033323,-3.0,4.0,-65.0
1777892101.8133323,-1.0,4.0,-67.0
1777892101.8233323,-3.0,4.0,-65.0
1777892101.8333323,0.0,4.0,-71.0
1777892101.8433323,2.0,1.0,-70.0
1777892101.8543324,0.0,1.0,-69.0
1777892101.8633325,-1.0,2.0,-63.0
1777892101.8733325,-4.0,2.0,-66.0
1777892101.8833325,0.0,3.0,-68.0
1777892101.8933325,0.0,6.0,-72.0
1777892101.9043324,-2.0,4.0,-73.0
1777892101.9143324,-4.0,2.0,-69.0
1777892101.9243324,-7.0,-1.0,-69.0
1777892101.9343324,0.0,-2.0,-75.0
1777892101.9443324,0.0,-5.0,-74.0
1777892101.9543324,-3.0,-3.0,-73.0
1777892101.9643323,-4.0,0.0,-76.0
1777892101.9743323,-1.0,-1.0,-73.0
1777892101.9843323,0.0,-1.0,-66.0
1777892101.9943323,0.0,-4.0,-69.0
1777892102.0043323,2.0,-4.0,-76.0
1777892102.0143323,0.0,-4.0,-82.0
1777892102.0243323,-3.0,-3.0,-78.0
1777892102.0343325,-3.0,-3.0,-75.0
1777892102.0443325,-2.0,-4.0,-74.0
1777892102.0543325,-3.0,-5.0,-74.0
1777892102.0643325,-4.0,-9.0,-69.0
1777892102.0743325,-3.0,-12.0,-68.0
1777892102.0843325,0.0,-6.0,-65.0
1777892102.0943325,4.0,-5.0,-70.0
1777892102.1043324,2.0,-10.0,-77.0
1777892102.1143324,1.0,-7.0,-77.0
1777892102.1243324,0.0,-3.0,-69.0
1777892102.1343324,1.0,-3.0,-69.0
1777892102.1443324,2.0,-2.0,-66.0
1777892102.1543324,6.0,0.0,-59.0
1777892102.1643324,10.0,0.0,-60.0
1777892102.1743324,6.0,-3.0,-59.0
1777892102.1843324,0.0,-4.0,-64.0
1777892102.1943324,-7.0,-4.0,-57.0
1777892102.2043324,-8.0,-3.0,-54.0
1777892102.2143323,-8.0,-2.0,-57.0
1777892102.2243323,-6.0,-4.0,-59.0
1777892102.2343323,-10.0,-2.0,-58.0
1777892102.2443323,-7.0,-3.0,-68.0
1777892102.2543323,-6.0,0.0,-72.0
1777892102.2643323,-4.0,2.0,-77.0
1777892102.2743323,-1.0,0.0,-79.0
1777892102.2843325,2.0,-5.0,-80.0
1777892102.2943325,0.0,-6.0,-81.0
1777892102.3043325,-1.0,0.0,-77.0
1777892102.3143325,3.0,1.0,-71.0
1777892102.3243325,5.0,2.0,-72.0
1777892102.3343325,8.0,0.0,-74.0
1777892102.3443325,6.0,0.0,-61.0
1777892102.3543324,7.0,-1.0,-63.0
1777892102.3643324,6.0,0.0,-58.0
1777892102.3743324,3.0,-4.0,-58.0
1777892102.3843324,2.0,-5.0,-59.0
1777892102.3943324,2.0,-2.0,-66.0
1777892102.4043324,0.0,-10.0,-70.0
1777892102.4143324,-1.0,-9.0,-69.0
1777892102.4243324,-6.0,-5.0,-76.0
1777892102.4343324,-6.0,-2.0,-78.0
1777892102.4443324,-7.0,-4.0,-75.0
1777892102.4543324,-4.0,-2.0,-74.0
1777892102.4643323,-2.0,-2.0,-70.0
1777892102.4743323,0.0,-1.0,-72.0
1777892102.4843323,0.0,0.0,-70.0
1777892102.4943323,0.0,-5.0,-73.0
1777892102.5043323,-1.0,-6.0,-69.0
1777892102.5143323,-1.0,-1.0,-63.0
1777892102.5243323,2.0,0.0,-59.0
1777892102.5343325,1.0,-3.0,-62.0
1777892102.5443325,2.0,-1.0,-68.0
1777892102.5543325,5.0,0.0,-65.0
1777892102.5643325,6.0,1.0,-70.0
1777892102.5743325,7.0,1.0,-75.0
1777892102.5843325,10.0,6.0,-77.0
1777892102.5943325,13.0,0.0,-71.0
1777892102.6043324,10.0,-4.0,-68.0
1777892102.6143324,4.0,-5.0,-65.0
1777892102.6243324,0.0,-7.0,-65.0
1777892102.6343324,0.0,-4.0,-65.0
1777892102.6443324,0.0,-3.0,-59.0
1777892102.6543324,2.0,-1.0,-62.0
1777892102.6643324,0.0,2.0,-60.0
1777892102.6743324,-1.0,1.0,-64.0
1777892102.6843324,4.0,4.0,-65.0
1777892102.6943324,3.0,0.0,-63.0
1777892102.7043324,5.0,1.0,-59.0
1777892102.7143323,4.0,0.0,-56.0
1777892102.7243323,3.0,0.0,-60.0
1777892102.7343323,7.0,-1.0,-65.0
1777892102.7443323,9.0,2.0,-65.0
1777892102.7543323,6.0,0.0,-65.0
1777892102.7643323,3.0,-4.0,-71.0
1777892102.7743323,6.0,-5.0,-72.0
1777892102.7843325,7.0,-8.0,-82.0
1777892102.7943325,4.0,-5.0,-85.0
1777892102.8043325,6.0,-3.0,-83.0
1777892102.8143325,9.0,-1.0,-80.0
1777892102.8243325,6.0,1.0,-78.0
1777892102.8343325,2.0,2.0,-78.0
1777892102.8443325,2.0,3.0,-78.0
1777892102.8543324,0.0,3.0,-80.0
1777892102.8643324,3.0,1.0,-76.0
1777892102.8743324,0.0,-1.0,-79.0
1777892102.8843324,1.0,-1.0,-79.0
1777892102.8943324,4.0,-1.0,-72.0
1777892102.9043324,2.0,0.0,-73.0
1777892102.9143324,-2.0,-4.0,-73.0
1777892102.9243324,0.0,0.0,-65.0
1777892102.9343324,2.0,2.0,-60.0
1777892102.9443324,0.0,1.0,-65.0
1777892102.9543324,0.0,4.0,-69.0
1777892102.9643323,0.0,1.0,-71.0
1777892102.9743323,2.0,1.0,-64.0
1777892102.9843323,3.0,4.0,-74.0
1777892102.9943323,3.0,1.0,-72.0
1777892103.0043323,5.0,1.0,-68.0
1777892103.0143323,2.0,-2.0,-64.0
1777892103.0243323,1.0,-1.0,-62.0
1777892103.0343325,4.0,0.0,-61.0
1777892103.0443325,4.0,0.0,-65.0
1777892103.0543325,1.0,0.0,-66.0
1777892103.0643325,4.0,0.0,-66.0
1777892103.0743325,5.0,0.0,-63.0
1777892103.0843325,2.0,0.0,-62.0
1777892103.0943325,0.0,0.0,-63.0
1777892103.1043324,-2.0,-1.0,-66.0
1777892103.1143324,-1.0,-6.0,-71.0
1777892103.1243324,-2.0,-6.0,-69.0
1777892103.1343324,-2.0,-8.0,-69.0
1777892103.1443324,0.0,-1.0,-65.0
1777892103.1543324,0.0,-2.0,-61.0
1777892103.1643324,1.0,-5.0,-64.0
1777892103.1743324,4.0,-4.0,-60.0
1777892103.1843324,2.0,-5.0,-65.0
1777892103.1943324,1.0,1.0,-67.0
1777892103.2043324,0.0,-1.0,-61.0
1777892103.2143323,3.0,0.0,-61.0
1777892103.2243323,0.0,0.0,-66.0
1777892103.2343323,1.0,0.0,-62.0
1777892103.2443323,2.0,0.0,-62.0
1777892103.2543323,1.0,0.0,-68.0
1777892103.2643323,1.0,-3.0,-63.0
1777892103.2743323,4.0,-5.0,-66.0
1777892103.2843325,7.0,-4.0,-67.0
1777892103.2943325,6.0,-1.0,-68.0
1777892103.3043325,7.0,-3.0,-68.0
1777892103.3143325,9.0,-2.0,-67.0
1777892103.3243325,4.0,-3.0,-65.0
1777892103.3343325,1.0,-6.0,-63.0
1777892103.3443325,2.0,-9.0,-61.0
1777892103.3543324,4.0,-6.0,-64.0
1777892103.3643324,2.0,-5.0,-70.0
1777892103.3743324,0.0,-4.0,-71.0
1777892103.3843324,-1.0,-4.0,-75.0
1777892103.3943324,0.0,-2.0,-88.0
1777892103.4043324,-2.0,4.0,-83.0
1777892103.4143324,-2.0,3.0,-83.0
1777892103.4243324,1.0,-2.0,-83.0
1777892103.4343324,-2.0,-4.0,-77.0
1777892103.4443324,2.0,-8.0,-75.0
1777892103.4543324,3.0,-13.0,-76.0
1777892103.4643323,3.0,-10.0,-80.0
1777892103.4743323,2.0,-7.0,-79.0
1777892103.4843323,5.0,-4.0,-82.0
1777892103.4943323,7.0,-5.0,-80.0
1777892103.5043323,4.0,-5.0,-75.0
1777892103.5143323,6.0,-2.0,-71.0
1777892103.5243323,2.0,-1.0,-68.0
1777892103.5343325,4.0,0.0,-68.0
1777892103.5443325,0.0,0.0,-65.0
1777892103.5543325,0.0,-6.0,-66.0
1777892103.5643325,0.0,-7.0,-69.0
1777892103.5743325,-3.0,-5.0,-75.0
1777892103.5843325,-3.0,-1.0,-75.0
1777892103.5943325,0.0,-3.0,-73.0
1777892103.6043324,-3.0,-6.0,-67.0
1777892103.6143324,0.0,-6.0,-71.0
1777892103.6243324,0.0,-10.0,-70.0
1777892103.6343324,4.0,-8.0,-71.0
1777892103.6443324,3.0,-4.0,-78.0
1777892103.6543324,4.0,-7.0,-79.0
1777892103.6643324,6.0,-6.0,-73.0
1777892103.6743324,6.0,-6.0,-77.0
1777892103.6843324,5.0,-6.0,-69.0
1777892103.6943324,6.0,-3.0,-77.0
1777892103.7043324,8.0,-3.0,-75.0
1777892103.7143323,6.0,-3.0,-74.0
1777892103.7243323,6.0,-5.0,-74.0
1777892103.7343323,7.0,-5.0,-65.0
1777892103.7443323,7.0,0.0,-67.0
1777892103.7543323,2.0,0.0,-66.0
1777892103.7643323,2.0,-1.0,-68.0
1777892103.7743323,1.0,0.0,-75.0
1777892103.7843325,3.0,0.0,-75.0
1777892103.7943325,0.0,0.0,-78.0
1777892103.8043325,6.0,1.0,-78.0
1777892103.8143325,8.0,4.0,-74.0
1777892103.8243325,5.0,7.0,-73.0
1777892103.8343325,5.0,8.0,-71.0
1777892103.8443325,6.0,5.0,-72.0
1777892103.8543324,6.0,5.0,-73.0
1777892103.8643324,4.0,4.0,-70.0
1777892103.8743324,4.0,0.0,-74.0
1777892103.8843324,0.0,-1.0,-76.0
1777892103.8953323,0.0,-2.0,-69.0
1777892103.9053323,1.0,-2.0,-68.0
1777892103.9153323,0.0,-1.0,-72.0
1777892103.9253323,-4.0,-2.0,-71.0
1777892103.9353323,-4.0,-7.0,-72.0
1777892103.9453323,-8.0,-2.0,-66.0
1777892103.9553325,-7.0,-5.0,-64.0
1777892103.9653325,-5.0,0.0,-62.0
1777892103.9753325,-5.0,-2.0,-66.0
1777892103.9853325,2.0,-1.0,-69.0
1777892103.9953325,3.0,0.0,-69.0
1777892104.0053325,2.0,-1.0,-73.0
1777892104.0153325,3.0,2.0,-77.0
1777892104.0253325,4.0,0.0,-80.0
1777892104.0353324,3.0,0.0,-73.0
1777892104.0453324,3.0,0.0,-74.0
1777892104.0553324,6.0,3.0,-67.0
1777892104.0653324,6.0,3.0,-67.0
1777892104.0753324,0.0,0.0,-68.0
1777892104.0853324,-2.0,-3.0,-68.0
1777892104.0953324,-6.0,-5.0,-71.0
1777892104.1053324,-6.0,-6.0,-71.0
1777892104.1153324,-7.0,-7.0,-68.0
1777892104.1253324,-4.0,-7.0,-70.0
1777892104.1353323,0.0,-7.0,-67.0
1777892104.1453323,-3.0,-6.0,-69.0
1777892104.1553323,-2.0,-7.0,-74.0
1777892104.1653323,2.0,-4.0,-72.0
1777892104.1753323,3.0,-3.0,-75.0
1777892104.1863325,0.0,-1.0,-80.0
1777892104.1953323,-1.0,1.0,-81.0
1777892104.2053325,1.0,0.0,-83.0
1777892104.2153325,2.0,0.0,-85.0
1777892104.2253325,6.0,1.0,-77.0
1777892104.2353325,0.0,5.0,-80.0
1777892104.2453325,1.0,3.0,-85.0
1777892104.2553325,0.0,5.0,-85.0
1777892104.2653325,0.0,3.0,-82.0
1777892104.2753325,2.0,2.0,-86.0
1777892104.2853324,0.0,3.0,-79.0
1777892104.2953324,2.0,0.0,-81.0
1777892104.3053324,0.0,1.0,-81.0
1777892104.3153324,1.0,0.0,-73.0
1777892104.3253324,3.0,-1.0,-70.0
1777892104.3353324,3.0,0.0,-73.0
1777892104.3453324,1.0,1.0,-66.0
1777892104.3553324,-1.0,-1.0,-67.0
1777892104.3653324,0.0,0.0,-70.0
1777892104.3753324,-2.0,2.0,-65.0
1777892104.3853323,-4.0,2.0,-69.0
1777892104.3953323,-6.0,1.0,-62.0
1777892104.4053323,-6.0,0.0,-59.0
1777892104.4153323,-5.0,2.0,-55.0
1777892104.4253323,-3.0,2.0,-61.0
1777892104.4353323,-6.0,-1.0,-55.0
1777892104.4453323,-6.0,0.0,-61.0
1777892104.4553325,-6.0,0.0,-61.0
1777892104.4653325,-6.0,0.0,-62.0
1777892104.4753325,-7.0,-4.0,-59.0
1777892104.4853325,-5.0,-1.0,-59.0
1777892104.4953325,-6.0,-1.0,-63.0
1777892104.5053325,-1.0,0.0,-71.0
1777892104.5153325,0.0,2.0,-62.0
1777892104.5253325,-1.0,3.0,-64.0
1777892104.5353324,-2.0,2.0,-60.0
1777892104.5453324,-2.0,0.0,-59.0
1777892104.5553324,1.0,0.0,-61.0
1777892104.5653324,-1.0,0.0,-64.0
1777892104.5753324,0.0,0.0,-71.0
1777892104.5853324,1.0,2.0,-69.0
1777892104.5953324,3.0,0.0,-64.0
1777892104.6053324,-1.0,0.0,-62.0
1777892104.6153324,1.0,1.0,-63.0
1777892104.6253324,3.0,-6.0,-65.0
1777892104.6353323,3.0,-4.0,-70.0
1777892104.6453323,1.0,-6.0,-66.0
1777892104.6553323,0.0,-1.0,-67.0
1777892104.6653323,-2.0,-1.0,-68.0
1777892104.6753323,1.0,-1.0,-71.0
1777892104.6853323,5.0,-6.0,-77.0
1777892104.6953323,0.0,-9.0,-76.0
1777892104.7053325,0.0,-8.0,-72.0
1777892104.7153325,0.0,-11.0,-70.0
1777892104.7253325,3.0,-11.0,-71.0
1777892104.7353325,-1.0,-10.0,-70.0
1777892104.7453325,-2.0,-10.0,-75.0
1777892104.7553325,-4.0,-7.0,-72.0
1777892104.7653325,-6.0,-4.0,-74.0
1777892104.7753325,-2.0,-2.0,-75.0
1777892104.7853324,-3.0,-2.0,-77.0
1777892104.7953324,-1.0,-1.0,-77.0
1777892104.8053324,-2.0,-3.0,-78.0
1777892104.8153324,0.0,1.0,-78.0
1777892104.8253324,0.0,0.0,-78.0
1777892104.8353324,0.0,0.0,-76.0
1777892104.8453324,-2.0,-1.0,-74.0
1777892104.8553324,1.0,-4.0,-68.0
1777892104.8653324,0.0,-8.0,-71.0
1777892104.8753324,-2.0,-9.0,-73.0
1777892104.8853323,3.0,-7.0,-72.0
1777892104.8953323,0.0,-4.0,-70.0
1777892104.9053323,2.0,0.0,-72.0
1777892104.9153323,4.0,1.0,-71.0
1777892104.9253323,0.0,1.0,-67.0
1777892104.9353323,2.0,0.0,-69.0
1777892104.9453323,0.0,3.0,-67.0
1777892104.9553325,-2.0,3.0,-70.0
1777892104.9653325,0.0,1.0,-71.0
1777892104.9753325,2.0,0.0,-77.0
1777892104.9853325,6.0,0.0,-72.0
1777892104.9953325,0.0,0.0,-71.0
1777892105.0053325,-4.0,-2.0,-65.0
1777892105.0153325,-3.0,-2.0,-65.0
1777892105.0253325,-2.0,1.0,-68.0
1777892105.0353324,1.0,3.0,-69.0
1777892105.0453324,4.0,2.0,-65.0
1777892105.0553324,4.0,0.0,-62.0
1777892105.0653324,5.0,-1.0,-54.0
1777892105.0753324,4.0,0.0,-60.0
1777892105.0853324,7.0,1.0,-61.0
1777892105.0953324,8.0,0.0,-62.0
1777892105.1053324,3.0,-1.0,-75.0
1777892105.1153324,6.0,-4.0,-73.0
1777892105.1253324,9.0,-2.0,-77.0
1777892105.1353323,9.0,-5.0,-73.0
1777892105.1453323,10.0,-5.0,-78.0
1777892105.1553323,6.0,0.0,-81.0
1777892105.1653323,4.0,5.0,-81.0
1777892105.1753323,2.0,2.0,-83.0
1777892105.1853323,2.0,-1.0,-80.0
1777892105.1953323,-1.0,-2.0,-73.0
1777892105.2053325,0.0,-3.0,-68.0
1777892105.2153325,0.0,-6.0,-64.0
1777892105.2253325,1.0,-5.0,-65.0
1777892105.2353325,3.0,-5.0,-68.0
1777892105.2453325,4.0,-4.0,-68.0
1777892105.2553325,3.0,-1.0,-70.0
1777892105.2653325,5.0,-1.0,-72.0
1777892105.2753325,4.0,-2.0,-71.0
1777892105.2853324,0.0,-1.0,-69.0
1777892105.2953324,-7.0,-2.0,-67.0
1777892105.3053324,-12.0,-2.0,-67.0
1777892105.3153324,-14.0,-5.0,-66.0
1777892105.3253324,-10.0,-6.0,-66.0
1777892105.3353324,-9.0,-2.0,-73.0
1777892105.3453324,-9.0,0.0,-76.0
1777892105.3553324,-6.0,-3.0,-74.0
1777892105.3653324,-2.0,-2.0,-72.0
1777892105.3753324,-4.0,0.0,-81.0
1777892105.3853323,-2.0,0.0,-80.0
1777892105.3953323,-1.0,1.0,-75.0
1777892105.4053323,3.0,0.0,-73.0
1777892105.4153323,7.0,0.0,-76.0
1777892105.4253323,5.0,1.0,-80.0
1777892105.4353323,7.0,3.0,-76.0
1777892105.4453323,5.0,2.0,-79.0
1777892105.4553325,4.0,2.0,-83.0
1777892105.4653325,7.0,5.0,-91.0
1777892105.4753325,8.0,4.0,-86.0
1777892105.4853325,5.0,4.0,-80.0
1777892105.4953325,8.0,6.0,-80.0
1777892105.5053325,3.0,3.0,-82.0
1777892105.5153325,2.0,0.0,-83.0
1777892105.5253325,8.0,-4.0,-83.0
1777892105.5353324,5.0,-5.0,-80.0
1777892105.5453324,2.0,-6.0,-79.0
1777892105.5553324,2.0,-2.0,-76.0
1777892105.5653324,2.0,0.0,-75.0
1777892105.5753324,1.0,0.0,-73.0
1777892105.5853324,2.0,0.0,-79.0
1777892105.5953324,1.0,-2.0,-82.0
1777892105.6053324,2.0,-5.0,-78.0
1777892105.6153324,-1.0,-6.0,-74.0
1777892105.6253324,-1.0,-5.0,-72.0
1777892105.6353323,1.0,-5.0,-67.0
1777892105.6453323,3.0,-4.0,-67.0
1777892105.6553323,-2.0,-3.0,-64.0
1777892105.6653323,-2.0,0.0,-69.0
1777892105.6753323,-2.0,1.0,-66.0
1777892105.6853323,-6.0,1.0,-66.0
1777892105.6953323,0.0,-1.0,-60.0
1777892105.7053325,0.0,-5.0,-65.0
1777892105.7153325,0.0,-1.0,-65.0
1777892105.7253325,3.0,-2.0,-68.0
1777892105.7353325,0.0,-1.0,-68.0
1777892105.7453325,-1.0,-1.0,-81.0
1777892105.7553325,0.0,-4.0,-83.0
1777892105.7653325,2.0,-4.0,-80.0
1777892105.7753325,3.0,-5.0,-75.0
1777892105.7853324,8.0,-5.0,-76.0
1777892105.7953324,6.0,-6.0,-78.0
1777892105.8063323,3.0,-6.0,-75.0
1777892105.8153324,5.0,-7.0,-78.0
1777892105.8253324,3.0,-6.0,-77.0
1777892105.8353324,2.0,-6.0,-81.0
1777892105.8453324,7.0,-3.0,-77.0
1777892105.8553324,5.0,-6.0,-69.0
1777892105.8653324,6.0,-8.0,-71.0
1777892105.8753324,6.0,-6.0,-75.0
1777892105.8853323,5.0,-3.0,-80.0
1777892105.8963325,5.0,-3.0,-85.0
1777892105.9063325,6.0,-1.0,-80.0
1777892105.9163325,6.0,-3.0,-76.0
1777892105.9263325,5.0,1.0,-72.0
1777892105.9363325,6.0,3.0,-73.0
1777892105.9463325,4.0,1.0,-73.0
1777892105.9563324,3.0,-2.0,-69.0
1777892105.9663324,1.0,-4.0,-75.0
1777892105.9763324,2.0,-2.0,-79.0
1777892105.9863324,5.0,-6.0,-75.0
1777892105.9963324,7.0,-3.0,-72.0
1777892106.0063324,3.0,-2.0,-70.0
1777892106.0163324,0.0,5.0,-68.0
1777892106.0263324,0.0,3.0,-71.0
1777892106.0363324,1.0,4.0,-64.0
1777892106.0463324,-1.0,1.0,-67.0
1777892106.0563323,0.0,5.0,-70.0
1777892106.0663323,-1.0,9.0,-68.0
1777892106.0763323,-2.0,6.0,-66.0
1777892106.0863323,-2.0,3.0,-70.0
1777892106.0963323,1.0,3.0,-73.0
1777892106.1063323,0.0,1.0,-74.0
1777892106.1163323,0.0,1.0,-78.0
1777892106.1263323,-2.0,0.0,-76.0
1777892106.1363325,-1.0,2.0,-82.0
1777892106.1463325,0.0,0.0,-79.0
1777892106.1563325,-4.0,4.0,-76.0
1777892106.1663325,-4.0,4.0,-70.0
1777892106.1763325,-5.0,1.0,-80.0
1777892106.1863325,-8.0,0.0,-81.0
1777892106.1963325,-9.0,0.0,-77.0
1777892106.2063324,-7.0,4.0,-74.0
1777892106.2163324,0.0,4.0,-74.0
1777892106.2263324,0.0,1.0,-74.0
1777892106.2363324,1.0,-3.0,-76.0
1777892106.2463324,4.0,0.0,-75.0
1777892106.2563324,6.0,4.0,-77.0
1777892106.2663324,6.0,2.0,-73.0
1777892106.2763324,7.0,-2.0,-69.0
1777892106.2863324,7.0,-4.0,-62.0
1777892106.2963324,5.0,-2.0,-58.0
1777892106.3063323,4.0,-4.0,-67.0
1777892106.3163323,-2.0,-4.0,-70.0
1777892106.3263323,-3.0,-1.0,-63.0
1777892106.3363323,-1.0,-1.0,-59.0
1777892106.3463323,-3.0,-3.0,-54.0
1777892106.3563323,-1.0,-1.0,-56.0
1777892106.3663323,0.0,0.0,-64.0
1777892106.3763323,0.0,-3.0,-69.0
1777892106.3863325,-2.0,0.0,-72.0
1777892106.3963325,-5.0,2.0,-69.0
1777892106.4063325,-3.0,1.0,-65.0
1777892106.4163325,0.0,-1.0,-68.0
1777892106.4263325,3.0,1.0,-70.0
1777892106.4363325,8.0,1.0,-73.0
1777892106.4463325,8.0,0.0,-69.0
1777892106.4563324,6.0,1.0,-74.0
1777892106.4663324,5.0,1.0,-77.0
1777892106.4763324,2.0,-2.0,-79.0
1777892106.4863324,4.0,-3.0,-79.0
1777892106.4963324,5.0,-2.0,-81.0
1777892106.5063324,5.0,0.0,-78.0
1777892106.5163324,6.0,-1.0,-78.0
1777892106.5263324,3.0,-5.0,-73.0
1777892106.5363324,0.0,-1.0,-68.0
1777892106.5463324,1.0,-1.0,-71.0
1777892106.5563323,1.0,0.0,-71.0
1777892106.5663323,-2.0,0.0,-71.0
1777892106.5763323,-1.0,0.0,-69.0
1777892106.5863323,-2.0,0.0,-63.0
1777892106.5963323,-1.0,1.0,-58.0
1777892106.6063323,0.0,5.0,-68.0
1777892106.6163323,5.0,4.0,-68.0
1777892106.6263323,0.0,0.0,-64.0
1777892106.6363325,0.0,0.0,-69.0
1777892106.6463325,-1.0,3.0,-74.0
1777892106.6563325,-3.0,0.0,-78.0
1777892106.6663325,-6.0,0.0,-80.0
1777892106.6763325,-8.0,1.0,-82.0
1777892106.6863325,-5.0,2.0,-83.0
1777892106.6963325,-3.0,0.0,-81.0
1777892106.7063324,4.0,0.0,-75.0
1777892106.7163324,2.0,0.0,-77.0
1777892106.7263324,1.0,-4.0,-80.0
1777892106.7363324,0.0,1.0,-76.0
1777892106.7463324,3.0,4.0,-63.0
1777892106.7563324,3.0,6.0,-61.0
1777892106.7663324,2.0,7.0,-63.0
1777892106.7763324,4.0,7.0,-65.0
1777892106.7863324,3.0,6.0,-65.0
1777892106.7963324,1.0,1.0,-73.0
1777892106.8063323,6.0,0.0,-66.0
1777892106.8163323,6.0,1.0,-65.0
1777892106.8263323,3.0,0.0,-62.0
1777892106.8363323,2.0,-2.0,-66.0
1777892106.8463323,1.0,-4.0,-66.0
1777892106.8563323,1.0,-2.0,-67.0
1777892106.8663323,3.0,0.0,-71.0
1777892106.8763323,11.0,-2.0,-76.0
1777892106.8863325,9.0,-6.0,-71.0
1777892106.8963325,7.0,-7.0,-66.0
1777892106.9063325,3.0,-9.0,-63.0
1777892106.9163325,3.0,-5.0,-61.0
1777892106.9263325,3.0,-7.0,-65.0
1777892106.9363325,2.0,-8.0,-69.0
1777892106.9463325,3.0,-8.0,-64.0
1777892106.9563324,2.0,-9.0,-64.0
1777892106.9663324,3.0,-9.0,-70.0
1777892106.9763324,1.0,-5.0,-65.0
1777892106.9863324,0.0,-4.0,-64.0
1777892106.9963324,1.0,-7.0,-70.0
1777892107.0063324,6.0,-4.0,-73.0
1777892107.0163324,6.0,-3.0,-72.0
1777892107.0263324,4.0,-1.0,-71.0
1777892107.0363324,3.0,0.0,-65.0
1777892107.0463324,2.0,2.0,-65.0
1777892107.0563323,2.0,3.0,-73.0
1777892107.0663323,2.0,3.0,-75.0
1777892107.0763323,4.0,4.0,-73.0
1777892107.0863323,3.0,3.0,-76.0
1777892107.0963323,0.0,4.0,-83.0
1777892107.1063323,-4.0,3.0,-81.0
1777892107.1163323,2.0,-3.0,-85.0
1777892107.1263323,3.0,0.0,-83.0
1777892107.1363325,-2.0,1.0,-77.0
1777892107.1463325,-6.0,4.0,-70.0
1777892107.1563325,-6.0,4.0,-72.0
1777892107.1663325,-3.0,2.0,-73.0
1777892107.1763325,-1.0,3.0,-65.0
1777892107.1863325,0.0,5.0,-69.0
1777892107.1963325,-1.0,3.0,-62.0
1777892107.2063324,-6.0,2.0,-57.0
1777892107.2163324,-4.0,1.0,-59.0
1777892107.2263324,0.0,-2.0,-60.0
1777892107.2363324,1.0,-2.0,-58.0
1777892107.2463324,-1.0,-6.0,-59.0
1777892107.2563324,0.0,-7.0,-62.0
1777892107.2663324,0.0,-8.0,-66.0
1777892107.2763324,4.0,-5.0,-72.0
1777892107.2863324,5.0,-3.0,-79.0
1777892107.2963324,8.0,1.0,-76.0
1777892107.3063323,4.0,2.0,-75.0
1777892107.3163323,1.0,1.0,-74.0
1777892107.3263323,-4.0,1.0,-69.0
1777892107.3363323,-6.0,-1.0,-60.0
1777892107.3463323,-7.0,0.0,-60.0
1777892107.3563323,-1.0,1.0,-62.0
1777892107.3663323,0.0,0.0,-61.0
1777892107.3763323,-2.0,0.0,-66.0
1777892107.3863325,0.0,-1.0,-67.0
1777892107.3963325,0.0,-1.0,-66.0
1777892107.4063325,-1.0,0.0,-72.0
1777892107.4163325,1.0,2.0,-72.0
1777892107.4263325,2.0,0.0,-65.0
1777892107.4363325,3.0,-2.0,-73.0
1777892107.4463325,6.0,-4.0,-76.0
1777892107.4563324,3.0,-1.0,-76.0
1777892107.4663324,-1.0,-1.0,-69.0
1777892107.4763324,-1.0,-3.0,-67.0
1777892107.4863324,3.0,-1.0,-72.0
1777892107.4963324,1.0,-4.0,-70.0
1777892107.5063324,1.0,-6.0,-75.0
1777892107.5163324,3.0,-3.0,-78.0
1777892107.5263324,-4.0,-2.0,-76.0
1777892107.5363324,0.0,-2.0,-74.0
1777892107.5463324,-3.0,-4.0,-75.0
1777892107.5563323,-2.0,-3.0,-77.0
1777892107.5663323,-3.0,-1.0,-78.0
1777892107.5763323,-1.0,-4.0,-75.0
1777892107.5863323,1.0,0.0,-69.0
1777892107.5963323,3.0,-1.0,-64.0
1777892107.6063323,1.0,3.0,-57.0
1777892107.6163323,2.0,1.0,-58.0
1777892107.6263323,1.0,-1.0,-61.0
1777892107.6363325,0.0,0.0,-61.0
1777892107.6463325,0.0,0.0,-62.0
1777892107.6563325,3.0,1.0,-66.0
1777892107.6663325,0.0,2.0,-65.0
1777892107.6763325,3.0,4.0,-61.0
1777892107.6863325,1.0,6.0,-60.0
1777892107.6963325,0.0,-2.0,-64.0
1777892107.7063324,3.0,-6.0,-69.0
1777892107.7163324,5.0,-3.0,-69.0
1777892107.7263324,5.0,0.0,-72.0
1777892107.7363324,2.0,-1.0,-70.0
1777892107.7463324,0.0,-1.0,-70.0
1777892107.7563324,0.0,0.0,-73.0
1777892107.7663324,0.0,2.0,-76.0
1777892107.7763324,2.0,3.0,-77.0
1777892107.7863324,3.0,0.0,-73.0
1777892107.7963324,5.0,-2.0,-73.0
1777892107.8063323,4.0,-3.0,-70.0
1777892107.8163323,0.0,-4.0,-65.0
1777892107.8263323,1.0,-1.0,-69.0
1777892107.8363323,3.0,-5.0,-75.0
1777892107.8463323,0.0,-5.0,-78.0
1777892107.8573325,-4.0,-1.0,-81.0
1777892107.8673325,-5.0,-4.0,-86.0
1777892107.8773324,-3.0,-6.0,-84.0
1777892107.8873324,0.0,-5.0,-83.0
1777892107.8973324,2.0,-5.0,-81.0
1777892107.9073324,2.0,-5.0,-83.0
1777892107.9173324,3.0,-2.0,-85.0
1777892107.9273324,4.0,0.0,-77.0
1777892107.9373324,2.0,0.0,-76.0
1777892107.9473324,1.0,-2.0,-72.0
1777892107.9573324,1.0,-3.0,-70.0
1777892107.9673324,0.0,-2.0,-65.0
1777892107.9773324,-2.0,0.0,-67.0
1777892107.9873323,1.0,1.0,-65.0
1777892107.9973323,0.0,0.0,-64.0
1777892108.0073323,0.0,0.0,-64.0
1777892108.0173323,-2.0,0.0,-62.0
1777892108.0273323,-3.0,-1.0,-60.0
1777892108.0373323,-3.0,-3.0,-66.0
1777892108.0473323,-4.0,-4.0,-70.0
1777892108.0573325,0.0,-5.0,-76.0
1777892108.0673325,0.0,-2.0,-76.0
1777892108.0773325,-1.0,2.0,-75.0
1777892108.0873325,0.0,2.0,-74.0
1777892108.0973325,0.0,1.0,-73.0
1777892108.1073325,0.0,-1.0,-74.0
1777892108.1173325,-1.0,-3.0,-76.0
1777892108.1273324,3.0,-4.0,-79.0
1777892108.1373324,2.0,-7.0,-78.0
1777892108.1473324,2.0,-8.0,-75.0
1777892108.1573324,0.0,-6.0,-80.0
1777892108.1673324,2.0,-7.0,-83.0
1777892108.1773324,5.0,-8.0,-89.0
1777892108.1873324,1.0,-12.0,-89.0
1777892108.1973324,3.0,-7.0,-87.0
1777892108.2073324,0.0,-5.0,-76.0
1777892108.2173324,0.0,-7.0,-68.0
1777892108.2273324,2.0,-1.0,-73.0
1777892108.2373323,0.0,2.0,-70.0
1777892108.2473323,-1.0,2.0,-73.0
1777892108.2573323,0.0,0.0,-76.0
1777892108.2673323,1.0,0.0,-78.0
1777892108.2773323,1.0,-1.0,-78.0
1777892108.2873323,-6.0,0.0,-76.0
1777892108.2973323,-3.0,0.0,-75.0
1777892108.3073325,-5.0,0.0,-77.0
1777892108.3173325,-2.0,-2.0,-74.0
1777892108.3273325,-1.0,-1.0,-73.0
1777892108.3373325,-1.0,0.0,-74.0
1777892108.3473325,-2.0,1.0,-79.0
1777892108.3573325,-4.0,3.0,-79.0
1777892108.3673325,0.0,2.0,-81.0
1777892108.3773324,1.0,2.0,-85.0
1777892108.3873324,4.0,3.0,-82.0
1777892108.3973324,5.0,5.0,-82.0
1777892108.4073324,0.0,1.0,-83.0
1777892108.4173324,-1.0,-1.0,-81.0
1777892108.4273324,-2.0,-1.0,-78.0
1777892108.4373324,-5.0,-2.0,-77.0
1777892108.4473324,-3.0,-3.0,-75.0
1777892108.4573324,-1.0,-3.0,-74.0
1777892108.4673324,-1.0,-1.0,-67.0
1777892108.4773324,0.0,-2.0,-68.0
1777892108.4873323,-6.0,-5.0,-67.0
1777892108.4973323,1.0,-5.0,-72.0
1777892108.5073323,-2.0,-5.0,-66.0
1777892108.5173323,2.0,-4.0,-67.0
1777892108.5273323,3.0,0.0,-75.0
1777892108.5373323,1.0,0.0,-77.0
1777892108.5473323,1.0,3.0,-76.0
1777892108.5573325,1.0,5.0,-74.0
1777892108.5673325,1.0,6.0,-74.0
1777892108.5773325,0.0,7.0,-79.0
1777892108.5873325,0.0,6.0,-71.0
1777892108.5973325,-5.0,6.0,-78.0
1777892108.6073325,0.0,5.0,-79.0
1777892108.6173325,-2.0,4.0,-75.0
1777892108.6273324,0.0,2.0,-81.0
1777892108.6373324,0.0,2.0,-84.0
1777892108.6473324,5.0,3.0,-83.0
1777892108.6573324,5.0,0.0,-80.0
1777892108.6673324,0.0,1.0,-80.0
1777892108.6773324,0.0,1.0,-73.0
1777892108.6873324,3.0,-3.0,-74.0
1777892108.6973324,1.0,-5.0,-78.0
1777892108.7073324,-3.0,-9.0,-72.0
1777892108.7173324,-5.0,-5.0,-68.0
1777892108.7273324,-11.0,-5.0,-67.0
1777892108.7373323,-5.0,-4.0,-76.0
1777892108.7473323,-3.0,-2.0,-81.0
1777892108.7573323,-2.0,-3.0,-79.0
1777892108.7673323,-2.0,3.0,-82.0
1777892108.7773323,-4.0,1.0,-76.0
1777892108.7873323,-3.0,-3.0,-71.0
1777892108.7973323,-1.0,0.0,-70.0
1777892108.8073325,-1.0,3.0,-73.0
1777892108.8173325,-2.0,-1.0,-71.0
1777892108.8273325,-2.0,2.0,-69.0
1777892108.8373325,1.0,1.0,-71.0
1777892108.8473325,5.0,1.0,-71.0
1777892108.8573325,3.0,0.0,-69.0
1777892108.8673325,0.0,-3.0,-67.0
1777892108.8773324,3.0,-4.0,-65.0
1777892108.8873324,0.0,-7.0,-69.0
1777892108.8973324,1.0,-8.0,-74.0
1777892108.9073324,3.0,-8.0,-66.0
1777892108.9173324,5.0,-10.0,-71.0
1777892108.9273324,5.0,-8.0,-70.0
1777892108.9373324,6.0,-13.0,-63.0
1777892108.9473324,4.0,-8.0,-62.0
1777892108.9573324,1.0,-2.0,-64.0
1777892108.9673324,5.0,0.0,-64.0
1777892108.9773324,3.0,2.0,-65.0
1777892108.9873323,0.0,-3.0,-62.0
1777892108.9973323,0.0,-2.0,-69.0
1777892109.0073323,-1.0,2.0,-79.0
1777892109.0173323,-3.0,3.0,-84.0
1777892109.0273323,-8.0,1.0,-84.0
1777892109.0373323,-2.0,1.0,-83.0
1777892109.0473323,0.0,4.0,-87.0
1777892109.0573325,1.0,2.0,-81.0
1777892109.0673325,0.0,2.0,-64.0
1777892109.0773325,2.0,3.0,-60.0
1777892109.0873325,5.0,2.0,-63.0
1777892109.0973325,6.0,-2.0,-64.0
1777892109.1073325,6.0,-4.0,-65.0
1777892109.1173325,5.0,-4.0,-67.0
1777892109.1273324,4.0,1.0,-65.0
1777892109.1373324,4.0,-1.0,-71.0
1777892109.1473324,4.0,0.0,-74.0
1777892109.1573324,1.0,1.0,-75.0
1777892109.1673324,2.0,1.0,-72.0
1777892109.1773324,0.0,0.0,-72.0
1777892109.1873324,1.0,-2.0,-78.0
1777892109.1973324,-1.0,0.0,-76.0
1777892109.2073324,1.0,4.0,-72.0
1777892109.2173324,5.0,2.0,-57.0
1777892109.2273324,9.0,1.0,-55.0
1777892109.2373323,6.0,1.0,-53.0
1777892109.2473323,10.0,4.0,-56.0
1777892109.2573323,7.0,2.0,-59.0
1777892109.2673323,4.0,3.0,-67.0
1777892109.2773323,2.0,0.0,-78.0
1777892109.2873323,-1.0,-5.0,-72.0
1777892109.2973323,0.0,-2.0,-75.0
1777892109.3073325,2.0,-1.0,-79.0
1777892109.3173325,6.0,0.0,-75.0
1777892109.3273325,5.0,-2.0,-72.0
1777892109.3373325,6.0,0.0,-74.0
1777892109.3473325,5.0,-3.0,-71.0
1777892109.3573325,0.0,-2.0,-70.0
1777892109.3673325,-1.0,-4.0,-75.0
1777892109.3773324,-2.0,-5.0,-74.0
1777892109.3873324,-4.0,-6.0,-75.0
1777892109.3973324,-2.0,-5.0,-77.0
1777892109.4073324,-3.0,-5.0,-73.0
1777892109.4173324,-1.0,-4.0,-74.0
1777892109.4273324,0.0,-3.0,-71.0
1777892109.4373324,0.0,-1.0,-64.0
1777892109.4473324,0.0,0.0,-62.0
1777892109.4573324,3.0,0.0,-68.0
1777892109.4673324,5.0,-2.0,-72.0
1777892109.4773324,1.0,-3.0,-68.0
1777892109.4873323,5.0,-2.0,-73.0
1777892109.4973323,2.0,-3.0,-73.0
1777892109.5073323,3.0,-6.0,-75.0
1777892109.5173323,0.0,-7.0,-67.0
1777892109.5273323,1.0,-8.0,-71.0
1777892109.5373323,1.0,-10.0,-71.0
1777892109.5473323,-2.0,-7.0,-68.0
1777892109.5573325,-3.0,-5.0,-65.0
1777892109.5673325,-5.0,-8.0,-64.0
1777892109.5773325,-5.0,-10.0,-62.0
1777892109.5873325,-3.0,-14.0,-60.0
1777892109.5973325,-6.0,-12.0,-54.0
1777892109.6073325,-2.0,-7.0,-55.0
1777892109.6173325,-2.0,-7.0,-61.0
1777892109.6273324,-3.0,-3.0,-72.0
1777892109.6373324,-2.0,-4.0,-76.0
1777892109.6473324,-4.0,-4.0,-79.0
1777892109.6573324,0.0,-7.0,-81.0
1777892109.6673324,0.0,-4.0,-79.0
1777892109.6773324,2.0,-5.0,-78.0
1777892109.6873324,4.0,-3.0,-75.0
1777892109.6973324,0.0,-1.0,-71.0
1777892109.7073324,-1.0,-2.0,-74.0
1777892109.7173324,-3.0,-1.0,-78.0
1777892109.7273324,-9.0,0.0,-83.0
1777892109.7373323,-6.0,6.0,-83.0
1777892109.7473323,-8.0,9.0,-81.0
1777892109.7573323,-4.0,1.0,-76.0
1777892109.7673323,-4.0,0.0,-69.0
1777892109.7773323,-5.0,2.0,-62.0
1777892109.7873323,-4.0,0.0,-62.0
1777892109.7973323,-1.0,0.0,-62.0
1777892109.8073325,6.0,1.0,-61.0
1777892109.8173325,5.0,0.0,-65.0
1777892109.8283324,3.0,4.0,-63.0
1777892109.8373325,4.0,2.0,-62.0
1777892109.8483324,2.0,1.0,-65.0
1777892109.8583324,0.0,3.0,-73.0
1777892109.8683324,0.0,2.0,-74.0
1777892109.8783324,-3.0,2.0,-73.0
1777892109.8883324,-2.0,6.0,-71.0
1777892109.8983324,0.0,1.0,-71.0
1777892109.9083323,5.0,1.0,-72.0
1777892109.9183323,3.0,1.0,-76.0
1777892109.9283323,1.0,1.0,-74.0
1777892109.9383323,-3.0,0.0,-67.0
1777892109.9483323,-4.0,-5.0,-67.0
1777892109.9583323,-2.0,-3.0,-72.0
1777892109.9683323,-1.0,-2.0,-69.0
1777892109.9783323,1.0,1.0,-67.0
1777892109.9883325,6.0,0.0,-71.0
1777892109.9983325,7.0,-2.0,-77.0
1777892110.0083325,10.0,0.0,-75.0
1777892110.0183325,10.0,0.0,-80.0
1777892110.0283325,6.0,-1.0,-80.0
1777892110.0383325,8.0,0.0,-82.0
1777892110.0483325,2.0,5.0,-75.0
1777892110.0583324,8.0,1.0,-71.0
1777892110.0683324,13.0,-2.0,-73.0
1777892110.0783324,10.0,-7.0,-75.0
1777892110.0883324,9.0,-6.0,-72.0
1777892110.0983324,7.0,-5.0,-77.0
1777892110.1083324,6.0,-3.0,-75.0
1777892110.1183324,6.0,-4.0,-72.0
1777892110.1283324,5.0,-2.0,-75.0
1777892110.1383324,7.0,-5.0,-73.0
1777892110.1483324,2.0,1.0,-69.0
1777892110.1583323,5.0,2.0,-67.0
1777892110.1683323,3.0,5.0,-73.0
1777892110.1783323,3.0,1.0,-73.0
1777892110.1883323,2.0,0.0,-70.0
1777892110.1983323,0.0,1.0,-71.0
1777892110.2083323,0.0,2.0,-77.0
1777892110.2183323,-2.0,1.0,-74.0
1777892110.2283323,-2.0,0.0,-78.0
1777892110.2383325,-3.0,5.0,-76.0
1777892110.2483325,-2.0,0.0,-77.0
1777892110.2583325,-6.0,-1.0,-80.0
1777892110.2683325,-6.0,-2.0,-77.0
1777892110.2783325,-5.0,-2.0,-79.0
1777892110.2883325,-6.0,2.0,-79.0
1777892110.2983325,-9.0,3.0,-76.0
1777892110.3083324,-6.0,2.0,-77.0
1777892110.3183324,-8.0,3.0,-77.0
1777892110.3283324,-3.0,3.0,-75.0
1777892110.3383324,-1.0,2.0,-78.0
1777892110.3483324,0.0,0.0,-80.0
1777892110.3583324,4.0,0.0,-81.0
1777892110.3683324,7.0,2.0,-83.0
1777892110.3783324,6.0,2.0,-79.0
1777892110.3883324,6.0,3.0,-78.0
1777892110.3983324,8.0,0.0,-72.0
1777892110.4083323,5.0,-1.0,-73.0
1777892110.4183323,1.0,0.0,-76.0
1777892110.4283323,2.0,-2.0,-79.0
1777892110.4383323,3.0,0.0,-78.0
1777892110.4483323,3.0,-3.0,-76.0
1777892110.4583323,4.0,0.0,-74.0
1777892110.4683323,5.0,1.0,-73.0
1777892110.4783323,1.0,2.0,-66.0
1777892110.4883325,0.0,2.0,-70.0
1777892110.4983325,3.0,2.0,-77.0
1777892110.5083325,3.0,3.0,-77.0
1777892110.5183325,1.0,1.0,-74.0
1777892110.5283325,1.0,0.0,-78.0
1777892110.5383325,0.0,0.0,-79.0
1777892110.5483325,0.0,0.0,-77.0
1777892110.5583324,-1.0,-1.0,-81.0
1777892110.5683324,0.0,4.0,-80.0
1777892110.5783324,0.0,5.0,-73.0
1777892110.5883324,-2.0,2.0,-75.0
1777892110.5983324,0.0,1.0,-83.0
1777892110.6083324,3.0,0.0,-83.0
1777892110.6183324,0.0,-1.0,-77.0
1777892110.6283324,0.0,1.0,-73.0
1777892110.6383324,0.0,1.0,-70.0
1777892110.6483324,2.0,-1.0,-72.0
1777892110.6583323,4.0,-3.0,-65.0
1777892110.6683323,6.0,-6.0,-64.0
1777892110.6783323,8.0,-2.0,-64.0
1777892110.6883323,9.0,-4.0,-65.0
1777892110.6983323,11.0,-8.0,-63.0
1777892110.7083323,6.0,-8.0,-62.0
1777892110.7183323,5.0,-9.0,-67.0
1777892110.7283323,7.0,-8.0,-70.0
1777892110.7383325,8.0,-10.0,-73.0
1777892110.7483325,11.0,-10.0,-76.0
1777892110.7583325,10.0,-9.0,-75.0
1777892110.7683325,12.0,-14.0,-73.0
1777892110.7783325,7.0,-8.0,-76.0
1777892110.7883325,2.0,-7.0,-72.0
1777892110.7983325,2.0,-10.0,-67.0
1777892110.8083324,5.0,-11.0,-66.0
1777892110.8183324,5.0,-13.0,-63.0
1777892110.8283324,4.0,-12.0,-63.0
1777892110.8383324,2.0,-8.0,-65.0
1777892110.8483324,-1.0,-7.0,-69.0
1777892110.8583324,3.0,-8.0,-70.0
1777892110.8683324,-1.0,-10.0,-67.0
1777892110.8783324,-5.0,-5.0,-70.0
1777892110.8883324,-2.0,-4.0,-72.0
1777892110.8983324,-2.0,-4.0,-67.0
1777892110.9083323,-6.0,-7.0,-68.0
1777892110.9183323,-4.0,-8.0,-70.0
1777892110.9283323,-1.0,-6.0,-71.0
1777892110.9383323,0.0,-8.0,-75.0
1777892110.9483323,3.0,-4.0,-78.0
1777892110.9583323,7.0,1.0,-79.0
1777892110.9683323,2.0,3.0,-74.0
1777892110.9783323,0.0,-5.0,-73.0
1777892110.9883325,2.0,-5.0,-71.0
1777892110.9983325,5.0,-7.0,-72.0
1777892111.0083325,6.0,-4.0,-76.0
1777892111.0183325,8.0,-7.0,-73.0
1777892111.0283325,9.0,-7.0,-77.0
1777892111.0383325,8.0,-8.0,-71.0
1777892111.0483325,3.0,-9.0,-71.0
1777892111.0583324,2.0,-8.0,-68.0
1777892111.0683324,0.0,-7.0,-73.0
1777892111.0783324,2.0,-6.0,-72.0
1777892111.0883324,2.0,-4.0,-68.0
1777892111.0983324,2.0,-2.0,-74.0
1777892111.1083324,0.0,0.0,-76.0
1777892111.1183324,-2.0,2.0,-72.0
1777892111.1283324,-5.0,1.0,-71.0
1777892111.1383324,0.0,0.0,-74.0
1777892111.1483324,-1.0,0.0,-73.0
1777892111.1583323,0.0,0.0,-75.0
1777892111.1683323,3.0,1.0,-72.0
1777892111.1783323,5.0,-2.0,-73.0
1777892111.1883323,3.0,-5.0,-74.0
1777892111.1983323,0.0,-3.0,-69.0
1777892111.2083323,-2.0,-2.0,-67.0
1777892111.2183323,0.0,-4.0,-75.0
1777892111.2283323,5.0,-1.0,-80.0
1777892111.2383325,6.0,-1.0,-75.0
1777892111.2483325,0.0,0.0,-72.0
1777892111.2583325,-4.0,-4.0,-70.0
1777892111.2683325,-4.0,-4.0,-78.0
1777892111.2783325,-1.0,-3.0,-72.0
1777892111.2883325,0.0,-6.0,-72.0
1777892111.2983325,0.0,-2.0,-73.0
1777892111.3083324,-1.0,1.0,-66.0
1777892111.3183324,0.0,7.0,-71.0
1777892111.3283324,3.0,1.0,-66.0
1777892111.3383324,-2.0,-2.0,-64.0
1777892111.3483324,-1.0,-5.0,-69.0
1777892111.3583324,0.0,0.0,-67.0
1777892111.3683324,2.0,-1.0,-72.0
1777892111.3783324,1.0,-3.0,-67.0
1777892111.3883324,1.0,-2.0,-70.0
1777892111.3983324,0.0,0.0,-73.0
1777892111.4083323,0.0,3.0,-78.0
1777892111.4183323,1.0,0.0,-72.0
1777892111.4283323,0.0,1.0,-71.0
1777892111.4383323,1.0,1.0,-76.0
1777892111.4483323,7.0,0.0,-69.0
1777892111.4583323,1.0,3.0,-69.0
1777892111.4683323,1.0,3.0,-75.0
1777892111.4783323,2.0,2.0,-76.0
1777892111.4883325,-2.0,1.0,-75.0
1777892111.4983325,0.0,0.0,-66.0
1777892111.5083325,2.0,0.0,-60.0
1777892111.5183325,3.0,1.0,-61.0
1777892111.5283325,1.0,0.0,-60.0
1777892111.5383325,1.0,1.0,-59.0
1777892111.5483325,2.0,1.0,-65.0
1777892111.5593324,4.0,1.0,-72.0
1777892111.5683324,3.0,0.0,-75.0
1777892111.5783324,7.0,3.0,-73.0
1777892111.5883324,4.0,0.0,-72.0
1777892111.5983324,7.0,3.0,-69.0
1777892111.6083324,10.0,5.0,-75.0
1777892111.6183324,11.0,4.0,-77.0
1777892111.6283324,9.0,4.0,-74.0
1777892111.6383324,9.0,3.0,-72.0
1777892111.6483324,8.0,3.0,-75.0
1777892111.6583323,1.0,5.0,-75.0
1777892111.6683323,0.0,4.0,-68.0
1777892111.6783323,-3.0,0.0,-62.0
1777892111.6883323,-1.0,-1.0,-59.0
1777892111.6983323,-4.0,-1.0,-65.0
1777892111.7083323,-2.0,-1.0,-71.0
1777892111.7183323,0.0,-8.0,-74.0
1777892111.7283323,0.0,-9.0,-71.0
1777892111.7383325,0.0,-13.0,-72.0
1777892111.7483325,-3.0,-12.0,-72.0
1777892111.7583325,0.0,-9.0,-70.0
1777892111.7683325,3.0,-8.0,-64.0
1777892111.7783325,5.0,-5.0,-60.0
1777892111.7883325,1.0,-2.0,-60.0
1777892111.7983325,4.0,0.0,-66.0
1777892111.8083324,5.0,0.0,-69.0
1777892111.8183324,5.0,0.0,-69.0
1777892111.8283324,6.0,1.0,-73.0
1777892111.8393323,2.0,0.0,-74.0
1777892111.8493323,2.0,-3.0,-74.0
1777892111.8593323,4.0,-3.0,-70.0
1777892111.8693323,3.0,-1.0,-69.0
1777892111.8793323,6.0,-1.0,-69.0
1777892111.8893323,5.0,0.0,-62.0
1777892111.8993323,1.0,-1.0,-71.0
1777892111.9093325,1.0,-2.0,-78.0
1777892111.9193325,0.0,-2.0,-73.0
1777892111.9293325,5.0,-1.0,-72.0
1777892111.9393325,2.0,0.0,-74.0
1777892111.9493325,1.0,0.0,-79.0
1777892111.9593325,4.0,-3.0,-73.0
1777892111.9693325,2.0,-8.0,-64.0
1777892111.9793324,1.0,-7.0,-64.0
1777892111.9893324,2.0,-8.0,-62.0
1777892111.9993324,0.0,-5.0,-57.0
1777892112.0093324,0.0,-1.0,-60.0
1777892112.0193324,-2.0,0.0,-70.0
1777892112.0293324,-2.0,5.0,-65.0
1777892112.0393324,-2.0,3.0,-60.0
1777892112.0493324,1.0,1.0,-63.0
1777892112.0593324,1.0,0.0,-65.0
1777892112.0693324,2.0,0.0,-69.0
1777892112.0793324,0.0,0.0,-72.0
1777892112.0893323,0.0,-1.0,-69.0
1777892112.0993323,1.0,-3.0,-69.0
1777892112.1093323,2.0,-1.0,-59.0
1777892112.1193323,5.0,0.0,-58.0
1777892112.1293323,6.0,-1.0,-56.0
1777892112.1393323,6.0,0.0,-59.0
1777892112.1493323,4.0,1.0,-57.0
1777892112.1593325,1.0,4.0,-59.0
1777892112.1693325,0.0,4.0,-65.0
1777892112.1793325,0.0,3.0,-67.0
1777892112.1893325,3.0,1.0,-73.0
1777892112.1993325,4.0,0.0,-80.0
1777892112.2093325,0.0,3.0,-84.0
1777892112.2193325,0.0,3.0,-86.0
1777892112.2293324,3.0,2.0,-83.0
1777892112.2393324,8.0,-1.0,-85.0
1777892112.2493324,7.0,0.0,-79.0
1777892112.2593324,6.0,-2.0,-75.0
1777892112.2693324,6.0,-4.0,-75.0
1777892112.2793324,6.0,-6.0,-77.0
1777892112.2893324,4.0,-5.0,-78.0
1777892112.2993324,3.0,-8.0,-75.0
1777892112.3093324,4.0,-8.0,-77.0
1777892112.3193324,0.0,-7.0,-75.0
1777892112.3293324,5.0,-3.0,-80.0
1777892112.3393323,4.0,-1.0,-80.0
1777892112.3493323,0.0,0.0,-72.0
1777892112.3593323,-6.0,1.0,-72.0
1777892112.3693323,-4.0,1.0,-75.0
1777892112.3793323,-7.0,0.0,-73.0
1777892112.3893323,-11.0,-2.0,-75.0
1777892112.3993323,-7.0,-1.0,-73.0
1777892112.4093325,-9.0,-3.0,-68.0
1777892112.4193325,-6.0,-8.0,-70.0
1777892112.4293325,-4.0,-6.0,-68.0
1777892112.4393325,-2.0,-3.0,-63.0
1777892112.4493325,0.0,-2.0,-65.0
1777892112.4593325,1.0,0.0,-64.0
1777892112.4693325,5.0,0.0,-73.0
1777892112.4793324,1.0,0.0,-72.0
1777892112.4893324,-1.0,2.0,-74.0
1777892112.4993324,-4.0,0.0,-70.0
1777892112.5093324,-6.0,0.0,-69.0
1777892112.5193324,-5.0,-2.0,-65.0
1777892112.5293324,-7.0,0.0,-59.0
1777892112.5393324,-6.0,0.0,-63.0
1777892112.5493324,-2.0,-3.0,-77.0
1777892112.5593324,-3.0,0.0,-78.0
1777892112.5693324,-4.0,1.0,-85.0
1777892112.5793324,-1.0,2.0,-86.0
1777892112.5893323,-2.0,4.0,-83.0
1777892112.5993323,0.0,7.0,-80.0
1777892112.6093323,7.0,6.0,-69.0
1777892112.6193323,2.0,3.0,-70.0
1777892112.6293323,3.0,-1.0,-69.0
1777892112.6393323,4.0,-1.0,-72.0
1777892112.6493323,2.0,-8.0,-74.0
1777892112.6593325,0.0,-1.0,-61.0
1777892112.6693325,0.0,2.0,-60.0
1777892112.6793325,1.0,-1.0,-65.0
1777892112.6893325,1.0,0.0,-68.0
1777892112.6993325,1.0,-2.0,-70.0
1777892112.7093325,1.0,0.0,-78.0
1777892112.7193325,-3.0,1.0,-74.0
1777892112.7293324,-2.0,2.0,-76.0
1777892112.7393324,3.0,1.0,-69.0
1777892112.7493324,7.0,0.0,-70.0
1777892112.7593324,5.0,0.0,-67.0
1777892112.7693324,5.0,1.0,-74.0
1777892112.7793324,4.0,1.0,-68.0
1777892112.7893324,1.0,6.0,-69.0
1777892112.7993324,3.0,9.0,-74.0
1777892112.8093324,0.0,7.0,-73.0
1777892112.8193324,0.0,2.0,-74.0
1777892112.8293324,1.0,4.0,-74.0
1777892112.8393323,1.0,5.0,-76.0
1777892112.8493323,0.0,4.0,-75.0
1777892112.8593323,-1.0,3.0,-76.0
1777892112.8693323,-6.0,-2.0,-73.0
1777892112.8793323,-4.0,-2.0,-71.0
1777892112.8893323,-3.0,1.0,-66.0
1777892112.8993323,-3.0,2.0,-70.0
1777892112.9093325,-4.0,-4.0,-74.0
1777892112.9193325,0.0,-4.0,-70.0
1777892112.9293325,1.0,-4.0,-72.0
1777892112.9393325,0.0,-1.0,-72.0
1777892112.9493325,0.0,0.0,-72.0
1777892112.9593325,1.0,-1.0,-73.0
1777892112.9693325,1.0,-3.0,-78.0
1777892112.9793324,3.0,-3.0,-75.0
1777892112.9893324,-1.0,0.0,-72.0
1777892112.9993324,-3.0,2.0,-73.0
1777892113.0093324,-3.0,2.0,-70.0
1777892113.0193324,0.0,4.0,-76.0
1777892113.0293324,-3.0,3.0,-79.0
1777892113.0393324,-2.0,3.0,-78.0
1777892113.0493324,1.0,4.0,-77.0
1777892113.0593324,2.0,3.0,-78.0
1777892113.0693324,1.0,3.0,-74.0
1777892113.0793324,-1.0,0.0,-74.0
1777892113.0893323,3.0,0.0,-71.0
1777892113.0993323,3.0,-4.0,-69.0
1777892113.1093323,-2.0,-4.0,-73.0
1777892113.1193323,-1.0,-4.0,-76.0
1777892113.1293323,-5.0,-7.0,-80.0
1777892113.1393323,-2.0,-8.0,-78.0
1777892113.1493323,0.0,-6.0,-78.0
1777892113.1593325,0.0,-2.0,-75.0
1777892113.1693325,0.0,-1.0,-75.0
1777892113.1793325,-4.0,0.0,-76.0
1777892113.1893325,0.0,-4.0,-81.0
1777892113.1993325,0.0,-8.0,-81.0
1777892113.2093325,3.0,-7.0,-82.0
1777892113.2193325,7.0,-3.0,-77.0
1777892113.2293324,7.0,-3.0,-82.0
1777892113.2393324,5.0,-2.0,-83.0
1777892113.2493324,6.0,-1.0,-77.0
1777892113.2593324,5.0,0.0,-84.0
1777892113.2693324,4.0,0.0,-86.0
1777892113.2793324,7.0,-1.0,-84.0
1777892113.2893324,6.0,4.0,-80.0
1777892113.2993324,8.0,3.0,-80.0
1777892113.3093324,9.0,7.0,-76.0
1777892113.3193324,7.0,2.0,-72.0
1777892113.3293324,7.0,0.0,-70.0
1777892113.3393323,5.0,-1.0,-67.0
1777892113.3493323,3.0,1.0,-72.0
1777892113.3593323,3.0,1.0,-69.0
1777892113.3693323,6.0,1.0,-69.0
1777892113.3793323,12.0,0.0,-70.0
1777892113.3893323,10.0,0.0,-68.0
1777892113.3993323,7.0,-4.0,-65.0
1777892113.4093325,6.0,2.0,-64.0
1777892113.4193325,8.0,1.0,-65.0
1777892113.4293325,6.0,2.0,-67.0
1777892113.4393325,3.0,1.0,-66.0
1777892113.4493325,2.0,0.0,-69.0
1777892113.4593325,3.0,2.0,-70.0
1777892113.4693325,3.0,8.0,-75.0
1777892113.4793324,3.0,8.0,-78.0
1777892113.4893324,3.0,4.0,-75.0
1777892113.4993324,4.0,3.0,-72.0
1777892113.5093324,3.0,0.0,-63.0
1777892113.5193324,2.0,0.0,-61.0
1777892113.5293324,3.0,-1.0,-64.0
1777892113.5393324,4.0,0.0,-69.0
1777892113.5493324,4.0,0.0,-69.0
1777892113.5593324,0.0,-1.0,-69.0
1777892113.5693324,-1.0,2.0,-74.0
1777892113.5793324,-3.0,1.0,-76.0
1777892113.5893323,-3.0,2.0,-73.0
1777892113.5993323,0.0,-1.0,-74.0
1777892113.6093323,0.0,-1.0,-75.0
1777892113.6193323,-2.0,-4.0,-80.0
1777892113.6293323,1.0,-6.0,-79.0
1777892113.6393323,6.0,-6.0,-74.0
1777892113.6493323,5.0,-5.0,-79.0
1777892113.6593325,4.0,-6.0,-80.0
1777892113.6693325,4.0,-5.0,-80.0
1777892113.6793325,4.0,-5.0,-77.0
1777892113.6893325,4.0,-2.0,-72.0
1777892113.6993325,1.0,0.0,-67.0
1777892113.7093325,1.0,0.0,-68.0
1777892113.7193325,5.0,-1.0,-67.0
1777892113.7293324,2.0,0.0,-70.0
1777892113.7393324,2.0,-4.0,-68.0
1777892113.7493324,0.0,-2.0,-68.0
1777892113.7593324,0.0,-3.0,-64.0
1777892113.7693324,0.0,-1.0,-61.0
1777892113.7793324,-1.0,-6.0,-67.0
1777892113.7893324,0.0,-6.0,-66.0
1777892113.7993324,-3.0,-2.0,-69.0
1777892113.8093324,-2.0,-3.0,-71.0
1777892113.8203323,-1.0,0.0,-75.0
1777892113.8303325,1.0,0.0,-78.0
1777892113.8393323,3.0,-3.0,-75.0
1777892113.8503325,4.0,-3.0,-74.0
1777892113.8603325,3.0,-3.0,-72.0
1777892113.8703325,0.0,0.0,-68.0
1777892113.8803325,1.0,0.0,-70.0
1777892113.8903325,3.0,3.0,-60.0
1777892113.9003325,3.0,5.0,-58.0
1777892113.9103324,7.0,2.0,-59.0
1777892113.9203324,0.0,-1.0,-68.0
1777892113.9303324,3.0,0.0,-62.0
1777892113.9403324,2.0,1.0,-63.0
1777892113.9503324,3.0,-2.0,-63.0
1777892113.9593325,2.0,-6.0,-71.0
1777892113.9703324,3.0,-4.0,-74.0
1777892113.9803324,3.0,-2.0,-75.0
1777892113.9903324,6.0,-5.0,-70.0
1777892114.0003324,2.0,-3.0,-68.0
1777892114.0103323,2.0,-4.0,-72.0
1777892114.0203323,3.0,-1.0,-72.0
1777892114.0303323,3.0,-4.0,-70.0
1777892114.0403323,0.0,-1.0,-71.0
1777892114.0503323,1.0,2.0,-72.0
1777892114.0603323,4.0,0.0,-70.0
1777892114.0703323,3.0,0.0,-69.0
1777892114.0803325,0.0,0.0,-67.0
1777892114.0903325,-1.0,1.0,-66.0
1777892114.1003325,0.0,1.0,-70.0
1777892114.1103325,-3.0,2.0,-72.0
1777892114.1203325,-3.0,6.0,-74.0
1777892114.1303325,2.0,4.0,-72.0
1777892114.1403325,0.0,2.0,-70.0
1777892114.1503325,0.0,-1.0,-71.0
1777892114.1603324,-1.0,-3.0,-70.0
1777892114.1703324,0.0,-5.0,-72.0
1777892114.1803324,2.0,-3.0,-72.0
1777892114.1903324,5.0,0.0,-75.0
1777892114.2003324,-2.0,1.0,-72.0
1777892114.2103324,-1.0,4.0,-71.0
1777892114.2203324,-2.0,2.0,-73.0
1777892114.2303324,-1.0,-1.0,-75.0
1777892114.2403324,-2.0,1.0,-75.0
1777892114.2503324,-5.0,0.0,-70.0
1777892114.2603323,-3.0,1.0,-75.0
1777892114.2703323,-4.0,0.0,-83.0
1777892114.2803323,-3.0,3.0,-80.0
1777892114.2903323,-3.0,8.0,-81.0
1777892114.3003323,-6.0,6.0,-78.0
1777892114.3103323,-6.0,-1.0,-79.0
1777892114.3203323,-7.0,-1.0,-79.0
1777892114.3303325,-2.0,-2.0,-73.0
1777892114.3403325,2.0,-6.0,-71.0
1777892114.3503325,4.0,-7.0,-62.0
1777892114.3603325,4.0,-6.0,-62.0
1777892114.3703325,0.0,-2.0,-68.0
1777892114.3803325,1.0,-1.0,-71.0
1777892114.3903325,5.0,-5.0,-80.0
1777892114.4003325,1.0,-4.0,-82.0
1777892114.4103324,0.0,0.0,-77.0
1777892114.4203324,-2.0,1.0,-71.0
1777892114.4303324,-1.0,2.0,-63.0
1777892114.4403324,-2.0,0.0,-70.0
1777892114.4503324,-5.0,0.0,-69.0
1777892114.4603324,-1.0,2.0,-59.0
1777892114.4703324,2.0,4.0,-58.0
1777892114.4803324,-1.0,2.0,-61.0
1777892114.4903324,-5.0,0.0,-66.0
1777892114.5003324,0.0,-2.0,-74.0
1777892114.5103323,0.0,-1.0,-76.0
1777892114.5203323,2.0,-1.0,-72.0
1777892114.5303323,2.0,1.0,-74.0
1777892114.5403323,5.0,1.0,-72.0
1777892114.5503323,5.0,1.0,-61.0
1777892114.5603323,5.0,1.0,-62.0
1777892114.5703323,0.0,0.0,-65.0
1777892114.5803325,0.0,0.0,-69.0
1777892114.5903325,2.0,1.0,-69.0
1777892114.6003325,0.0,0.0,-68.0
1777892114.6103325,3.0,0.0,-72.0
1777892114.6203325,1.0,-1.0,-69.0
1777892114.6303325,1.0,-2.0,-61.0
1777892114.6403325,1.0,-1.0,-59.0
1777892114.6503325,1.0,-1.0,-58.0
1777892114.6603324,1.0,-1.0,-59.0
1777892114.6703324,-1.0,-2.0,-59.0
1777892114.6803324,0.0,-3.0,-62.0
1777892114.6903324,0.0,-5.0,-62.0
1777892114.7003324,2.0,-5.0,-66.0
1777892114.7103324,1.0,-2.0,-66.0
1777892114.7203324,0.0,-4.0,-69.0
1777892114.7303324,0.0,-7.0,-68.0
1777892114.7403324,1.0,-4.0,-70.0
1777892114.7503324,5.0,-5.0,-73.0
1777892114.7603323,4.0,-3.0,-74.0
1777892114.7703323,8.0,0.0,-76.0
1777892114.7803323,4.0,2.0,-79.0
1777892114.7903323,0.0,3.0,-74.0
1777892114.8003323,-2.0,0.0,-77.0
1777892114.8103323,-3.0,1.0,-75.0
1777892114.8203323,-4.0,-3.0,-79.0
1777892114.8303325,-3.0,-2.0,-79.0
1777892114.8403325,-3.0,1.0,-81.0
1777892114.8503325,0.0,0.0,-78.0
1777892114.8603325,-1.0,0.0,-78.0
1777892114.8703325,-1.0,-2.0,-75.0
1777892114.8803325,0.0,-4.0,-70.0
1777892114.8903325,-3.0,-5.0,-73.0
1777892114.9003325,-5.0,-4.0,-61.0
1777892114.9103324,-5.0,-1.0,-63.0
1777892114.9203324,-5.0,1.0,-68.0
1777892114.9303324,-9.0,3.0,-78.0
1777892114.9403324,-3.0,1.0,-75.0
1777892114.9503324,-3.0,0.0,-75.0
1777892114.9603324,0.0,0.0,-73.0
1777892114.9703324,1.0,1.0,-66.0
1777892114.9803324,2.0,0.0,-64.0
1777892114.9903324,2.0,0.0,-63.0
1777892115.0003324,3.0,4.0,-72.0
1777892115.0103323,6.0,3.0,-75.0
1777892115.0203323,5.0,7.0,-76.0
1777892115.0303323,10.0,8.0,-82.0
1777892115.0403323,7.0,4.0,-86.0
1777892115.0503323,4.0,2.0,-82.0
1777892115.0603323,4.0,1.0,-84.0
1777892115.0703323,5.0,1.0,-80.0
1777892115.0803325,4.0,-1.0,-77.0
1777892115.0903325,2.0,-1.0,-72.0
1777892115.1003325,1.0,0.0,-71.0
1777892115.1103325,2.0,0.0,-68.0
1777892115.1203325,4.0,0.0,-71.0
1777892115.1303325,5.0,0.0,-73.0
1777892115.1403325,2.0,-3.0,-69.0
1777892115.1503325,2.0,-4.0,-67.0
1777892115.1603324,2.0,-1.0,-66.0
1777892115.1703324,5.0,4.0,-64.0
1777892115.1803324,4.0,-4.0,-56.0
1777892115.1903324,7.0,-12.0,-63.0
1777892115.2003324,5.0,-13.0,-64.0
1777892115.2103324,2.0,-7.0,-58.0
1777892115.2203324,6.0,-4.0,-60.0
1777892115.2303324,8.0,-1.0,-65.0
1777892115.2403324,8.0,-2.0,-61.0
1777892115.2503324,7.0,-4.0,-59.0
1777892115.2603323,6.0,-6.0,-66.0
1777892115.2703323,2.0,-4.0,-67.0
1777892115.2803323,4.0,-2.0,-70.0
1777892115.2903323,5.0,1.0,-76.0
1777892115.3003323,2.0,1.0,-77.0
1777892115.3103323,4.0,-5.0,-77.0
1777892115.3203323,4.0,0.0,-76.0
1777892115.3303325,3.0,1.0,-72.0
1777892115.3403325,0.0,-2.0,-71.0
1777892115.3503325,-2.0,-3.0,-66.0
1777892115.3603325,-3.0,-3.0,-65.0
1777892115.3703325,-2.0,-2.0,-61.0
1777892115.3803325,-3.0,-3.0,-64.0
1777892115.3903325,-2.0,-6.0,-68.0
1777892115.4003325,-3.0,-5.0,-63.0
1777892115.4103324,-5.0,-7.0,-58.0
1777892115.4203324,3.0,-9.0,-59.0
1777892115.4303324,5.0,-13.0,-61.0
1777892115.4403324,7.0,-8.0,-64.0
1777892115.4503324,8.0,-7.0,-70.0
1777892115.4603324,2.0,-5.0,-77.0
1777892115.4703324,0.0,-5.0,-75.0
1777892115.4803324,-4.0,-1.0,-77.0
1777892115.4903324,-3.0,-4.0,-82.0
1777892115.5003324,0.0,-1.0,-81.0
1777892115.5103323,1.0,-7.0,-76.0
1777892115.5203323,1.0,-8.0,-78.0
1777892115.5303323,0.0,-5.0,-74.0
1777892115.5403323,-1.0,-6.0,-72.0
1777892115.5503323,2.0,-10.0,-71.0
1777892115.5603323,7.0,-11.0,-75.0
1777892115.5703323,5.0,-13.0,-72.0
1777892115.5803325,5.0,-9.0,-70.0
1777892115.5903325,0.0,-8.0,-65.0
1777892115.6003325,0.0,-5.0,-63.0
1777892115.6103325,5.0,-5.0,-64.0
1777892115.6203325,2.0,-5.0,-63.0
1777892115.6303325,1.0,-8.0,-55.0
1777892115.6403325,-5.0,-7.0,-56.0
1777892115.6503325,-6.0,-4.0,-57.0
1777892115.6603324,-6.0,-5.0,-57.0
1777892115.6703324,-3.0,-2.0,-62.0
1777892115.6803324,-5.0,-3.0,-63.0
1777892115.6903324,-3.0,2.0,-61.0
1777892115.7003324,-2.0,3.0,-64.0
1777892115.7103324,-2.0,1.0,-69.0
1777892115.7203324,3.0,0.0,-66.0
1777892115.7303324,2.0,-5.0,-62.0
1777892115.7403324,0.0,-5.0,-62.0
1777892115.7503324,1.0,-8.0,-60.0
1777892115.7603323,5.0,-5.0,-61.0
1777892115.7703323,9.0,0.0,-55.0
1777892115.7803323,16.0,-2.0,-53.0
1777892115.7903323,9.0,-4.0,-56.0
1777892115.8003323,0.0,-1.0,-65.0
1777892115.8113325,0.0,1.0,-72.0
1777892115.8213325,-2.0,0.0,-74.0
1777892115.8313324,-4.0,0.0,-78.0
1777892115.8413324,-7.0,0.0,-73.0
1777892115.8513324,-5.0,2.0,-75.0
1777892115.8613324,-2.0,2.0,-81.0
1777892115.8713324,0.0,1.0,-75.0
1777892115.8813324,0.0,-4.0,-78.0
1777892115.8913324,0.0,0.0,-72.0
1777892115.9013324,0.0,0.0,-77.0
1777892115.9113324,0.0,1.0,-80.0
1777892115.9213324,4.0,1.0,-78.0
1777892115.9313323,1.0,1.0,-79.0
1777892115.9413323,-4.0,0.0,-73.0
1777892115.9513323,-3.0,-1.0,-79.0
1777892115.9613323,-2.0,2.0,-82.0
1777892115.9713323,-1.0,0.0,-82.0
1777892115.9813323,-2.0,-1.0,-80.0
1777892115.9913323,0.0,-3.0,-84.0
1777892116.0013323,-2.0,-5.0,-85.0
1777892116.0113325,-4.0,-7.0,-84.0
1777892116.0213325,-2.0,-6.0,-81.0
1777892116.0313325,-3.0,-4.0,-76.0
1777892116.0413325,-1.0,-3.0,-71.0
1777892116.0513325,-3.0,-3.0,-74.0
1777892116.0613325,-3.0,-6.0,-74.0
1777892116.0713325,-6.0,-5.0,-67.0
1777892116.0813324,-6.0,-4.0,-72.0
1777892116.0913324,-5.0,-2.0,-74.0
1777892116.1013324,-3.0,-3.0,-78.0
1777892116.1113324,-1.0,-1.0,-75.0
1777892116.1213324,-2.0,-2.0,-72.0
1777892116.1313324,0.0,-1.0,-70.0
1777892116.1413324,-1.0,0.0,-65.0
1777892116.1513324,2.0,3.0,-72.0
1777892116.1613324,0.0,3.0,-77.0
1777892116.1713324,3.0,-1.0,-74.0
1777892116.1813323,4.0,3.0,-76.0
1777892116.1913323,2.0,3.0,-75.0
1777892116.2013323,5.0,-1.0,-77.0
1777892116.2113323,4.0,0.0,-75.0
1777892116.2213323,5.0,2.0,-75.0
1777892116.2313323,4.0,0.0,-73.0
1777892116.2413323,2.0,0.0,-72.0
1777892116.2513323,2.0,0.0,-64.0
1777892116.2613325,-1.0,-1.0,-59.0
1777892116.2713325,0.0,1.0,-63.0
1777892116.2813325,0.0,1.0,-63.0
1777892116.2913325,2.0,-1.0,-66.0
1777892116.3013325,2.0,0.0,-63.0
1777892116.3113325,4.0,-1.0,-58.0
1777892116.3213325,0.0,1.0,-66.0
1777892116.3313324,-2.0,4.0,-75.0
1777892116.3413324,-2.0,3.0,-71.0
1777892116.3513324,-7.0,-1.0,-72.0
1777892116.3613324,-1.0,1.0,-71.0
1777892116.3723323,0.0,1.0,-76.0
1777892116.3813324,-1.0,0.0,-71.0
1777892116.3913324,2.0,-1.0,-73.0
1777892116.4013324,4.0,-8.0,-66.0
1777892116.4113324,2.0,-7.0,-64.0
1777892116.4213324,2.0,-7.0,-70.0
1777892116.4313323,4.0,-11.0,-72.0
1777892116.4413323,1.0,-9.0,-72.0
1777892116.4513323,0.0,-11.0,-74.0
1777892116.4613323,0.0,-8.0,-71.0
1777892116.4713323,-1.0,-4.0,-76.0
1777892116.4813323,3.0,-5.0,-84.0
1777892116.4913323,1.0,-8.0,-81.0
1777892116.5013323,0.0,-11.0,-74.0
1777892116.5113325,2.0,-7.0,-65.0
1777892116.5213325,0.0,-2.0,-65.0
1777892116.5313325,-2.0,-3.0,-69.0
1777892116.5413325,-1.0,0.0,-67.0
1777892116.5513325,1.0,1.0,-62.0
1777892116.5613325,-2.0,0.0,-62.0
1777892116.5713325,-3.0,0.0,-61.0
1777892116.5813324,-2.0,2.0,-59.0
1777892116.5913324,0.0,0.0,-63.0
1777892116.6013324,1.0,3.0,-68.0
1777892116.6113324,0.0,1.0,-75.0
1777892116.6213324,0.0,0.0,-78.0
1777892116.6313324,-1.0,-2.0,-73.0
1777892116.6413324,0.0,3.0,-74.0
1777892116.6513324,2.0,3.0,-70.0
1777892116.6613324,1.0,8.0,-72.0
1777892116.6713324,0.0,9.0,-69.0
1777892116.6813323,0.0,5.0,-70.0
1777892116.6913323,-4.0,7.0,-72.0
1777892116.7013323,-1.0,6.0,-75.0
1777892116.7113323,-2.0,4.0,-69.0
1777892116.7213323,-4.0,1.0,-63.0
1777892116.7313323,-3.0,0.0,-62.0
1777892116.7413323,-1.0,3.0,-64.0
1777892116.7513323,3.0,2.0,-66.0
1777892116.7613325,6.0,0.0,-70.0
1777892116.7713325,8.0,1.0,-70.0
1777892116.7813325,5.0,-1.0,-71.0
1777892116.7913325,8.0,0.0,-68.0
1777892116.8013325,3.0,2.0,-72.0
1777892116.8113325,0.0,0.0,-75.0
1777892116.8213325,0.0,-2.0,-77.0
1777892116.8313324,0.0,-6.0,-76.0
1777892116.8413324,4.0,-4.0,-70.0
1777892116.8513324,6.0,-5.0,-70.0
1777892116.8613324,9.0,-6.0,-74.0
1777892116.8713324,5.0,-4.0,-73.0
1777892116.8813324,4.0,-2.0,-66.0
1777892116.8913324,7.0,0.0,-68.0
1777892116.9013324,5.0,0.0,-62.0
1777892116.9113324,2.0,-3.0,-66.0
1777892116.9213324,3.0,-6.0,-61.0
1777892116.9313323,-1.0,-5.0,-60.0
1777892116.9413323,0.0,-5.0,-58.0
1777892116.9513323,4.0,3.0,-67.0
1777892116.9613323,5.0,5.0,-65.0
1777892116.9713323,2.0,6.0,-70.0
1777892116.9813323,2.0,8.0,-70.0
1777892116.9913323,0.0,6.0,-63.0
1777892117.0013323,-1.0,0.0,-68.0
1777892117.0113325,-1.0,-2.0,-71.0
1777892117.0213325,0.0,0.0,-73.0
1777892117.0313325,2.0,0.0,-75.0
1777892117.0413325,4.0,0.0,-73.0
1777892117.0513325,0.0,0.0,-68.0
1777892117.0613325,1.0,-1.0,-69.0
1777892117.0713325,0.0,-3.0,-73.0
1777892117.0813324,-3.0,0.0,-78.0
1777892117.0913324,-4.0,2.0,-79.0
1777892117.1013324,-1.0,-1.0,-83.0
1777892117.1113324,-1.0,-1.0,-83.0
1777892117.1213324,5.0,2.0,-75.0
1777892117.1313324,2.0,1.0,-74.0
1777892117.1413324,1.0,-2.0,-69.0
1777892117.1513324,2.0,-4.0,-67.0
1777892117.1613324,6.0,-3.0,-63.0
1777892117.1713324,5.0,-4.0,-67.0
1777892117.1813323,1.0,0.0,-71.0
1777892117.1913323,1.0,2.0,-73.0
1777892117.2013323,0.0,1.0,-73.0
1777892117.2113323,0.0,0.0,-75.0
1777892117.2213323,-5.0,2.0,-68.0
1777892117.2313323,-5.0,5.0,-69.0
1777892117.2413323,-8.0,1.0,-72.0
1777892117.2513323,-6.0,0.0,-76.0
1777892117.2613325,-4.0,-3.0,-77.0
1777892117.2713325,-5.0,-3.0,-72.0
1777892117.2813325,-5.0,-5.0,-67.0
1777892117.2913325,-5.0,0.0,-65.0
1777892117.3013325,0.0,0.0,-67.0
1777892117.3113325,-3.0,0.0,-68.0
1777892117.3213325,-4.0,-3.0,-63.0
1777892117.3313324,-5.0,-3.0,-66.0
1777892117.3413324,-6.0,-6.0,-66.0
1777892117.3513324,-5.0,-4.0,-68.0
1777892117.3613324,-5.0,-2.0,-67.0
1777892117.3713324,-6.0,-1.0,-65.0
1777892117.3813324,-4.0,-4.0,-65.0
1777892117.3913324,-2.0,-2.0,-66.0
1777892117.4013324,-3.0,-2.0,-67.0
1777892117.4113324,-1.0,0.0,-66.0
1777892117.4213324,-3.0,0.0,-64.0
1777892117.4313323,-4.0,0.0,-64.0
1777892117.4413323,0.0,-1.0,-72.0
1777892117.4513323,-1.0,-1.0,-73.0
1777892117.4613323,-3.0,0.0,-78.0
1777892117.4713323,-3.0,0.0,-72.0
1777892117.4813323,0.0,0.0,-70.0
1777892117.4913323,-1.0,-4.0,-68.0
1777892117.5013323,3.0,-4.0,-74.0
1777892117.5113325,0.0,-3.0,-80.0
1777892117.5213325,1.0,-3.0,-74.0
1777892117.5313325,-5.0,-1.0,-73.0
1777892117.5413325,-4.0,-2.0,-72.0
1777892117.5513325,1.0,-3.0,-74.0
1777892117.5613325,4.0,-5.0,-77.0
1777892117.5713325,3.0,-5.0,-73.0
1777892117.5813324,4.0,-6.0,-64.0
1777892117.5913324,2.0,-5.0,-69.0
1777892117.6013324,-2.0,-6.0,-69.0
1777892117.6113324,0.0,-5.0,-69.0
1777892117.6213324,-1.0,-5.0,-64.0
1777892117.6313324,2.0,-7.0,-63.0
1777892117.6413324,6.0,-8.0,-65.0
1777892117.6513324,7.0,-4.0,-66.0
1777892117.6613324,4.0,-1.0,-67.0
1777892117.6713324,0.0,-2.0,-65.0
1777892117.6813323,0.0,-1.0,-69.0
1777892117.6913323,-3.0,-3.0,-68.0
1777892117.7013323,-4.0,-5.0,-70.0
1777892117.7113323,-4.0,-1.0,-64.0
1777892117.7213323,-8.0,-1.0,-67.0
1777892117.7313323,-7.0,-6.0,-70.0
1777892117.7413323,-3.0,-3.0,-68.0
1777892117.7513323,0.0,-1.0,-71.0
1777892117.7613325,0.0,0.0,-75.0
1777892117.7713325,2.0,0.0,-77.0
1777892117.7813325,3.0,1.0,-76.0
1777892117.7913325,3.0,2.0,-76.0
1777892117.8013325,2.0,2.0,-84.0
1777892117.8123324,1.0,-1.0,-79.0
1777892117.8223324,3.0,-2.0,-71.0
1777892117.8323324,3.0,-5.0,-68.0
1777892117.8423324,0.0,-5.0,-71.0
1777892117.8523324,2.0,-2.0,-71.0
1777892117.8623323,3.0,-2.0,-63.0
1777892117.8723323,3.0,-2.0,-64.0
1777892117.8823323,0.0,0.0,-67.0
1777892117.8923323,0.0,-1.0,-63.0
1777892117.9023323,-1.0,-1.0,-71.0
1777892117.9123323,0.0,-1.0,-68.0
1777892117.9223323,-5.0,1.0,-67.0
1777892117.9323325,-5.0,-1.0,-62.0
1777892117.9423325,-7.0,1.0,-62.0
1777892117.9523325,-7.0,-1.0,-62.0
1777892117.9623325,1.0,-1.0,-65.0
1777892117.9723325,4.0,-3.0,-66.0
1777892117.9823325,3.0,-3.0,-62.0
1777892117.9923325,6.0,-6.0,-64.0
1777892118.0023324,4.0,-7.0,-62.0
1777892118.0123324,6.0,-11.0,-72.0
1777892118.0223324,5.0,-10.0,-72.0
1777892118.0323324,5.0,-8.0,-80.0
1777892118.0423324,3.0,-6.0,-75.0
1777892118.0523324,1.0,-3.0,-68.0
1777892118.0623324,2.0,-3.0,-60.0
1777892118.0723324,4.0,-4.0,-62.0
1777892118.0823324,5.0,-5.0,-65.0
1777892118.0923324,4.0,-2.0,-68.0
1777892118.1023324,0.0,0.0,-63.0
1777892118.1123323,-1.0,-1.0,-69.0
1777892118.1223323,-3.0,1.0,-64.0
1777892118.1323323,-2.0,-4.0,-69.0
1777892118.1423323,0.0,-6.0,-68.0
1777892118.1523323,4.0,-5.0,-69.0
1777892118.1623323,4.0,0.0,-69.0
1777892118.1723323,4.0,3.0,-71.0
1777892118.1823325,0.0,5.0,-72.0
1777892118.1923325,0.0,8.0,-72.0
1777892118.2023325,-3.0,5.0,-70.0
1777892118.2123325,-4.0,0.0,-68.0
1777892118.2223325,-7.0,0.0,-66.0
1777892118.2323325,-3.0,1.0,-70.0
1777892118.2423325,-2.0,4.0,-73.0
1777892118.2523324,3.0,4.0,-71.0
1777892118.2623324,5.0,0.0,-68.0
1777892118.2723324,5.0,-4.0,-72.0
1777892118.2823324,1.0,-3.0,-71.0
1777892118.2923324,0.0,0.0,-71.0
1777892118.3023324,1.0,1.0,-63.0
1777892118.3123324,0.0,0.0,-66.0
1777892118.3223324,-1.0,2.0,-67.0
1777892118.3323324,0.0,2.0,-63.0
1777892118.3423324,5.0,1.0,-67.0
1777892118.3523324,3.0,0.0,-65.0
1777892118.3623323,-1.0,-3.0,-78.0
1777892118.3723323,-1.0,-5.0,-84.0
1777892118.3823323,0.0,-4.0,-79.0
1777892118.3923323,-4.0,0.0,-75.0
1777892118.4023323,-1.0,0.0,-74.0
1777892118.4123323,1.0,0.0,-71.0
1777892118.4223323,0.0,2.0,-70.0
1777892118.4323325,2.0,-2.0,-74.0
1777892118.4423325,0.0,-4.0,-73.0
1777892118.4523325,3.0,-7.0,-72.0
1777892118.4623325,0.0,-7.0,-68.0
1777892118.4723325,-5.0,-6.0,-74.0
1777892118.4823325,-4.0,-9.0,-73.0
1777892118.4923325,-4.0,-7.0,-72.0
1777892118.5023324,-7.0,-6.0,-74.0
1777892118.5123324,-8.0,-4.0,-69.0
1777892118.5223324,-9.0,-8.0,-69.0
1777892118.5323324,-4.0,-6.0,-74.0
1777892118.5423324,1.0,-9.0,-80.0
1777892118.5523324,1.0,-8.0,-78.0
1777892118.5623324,3.0,-4.0,-74.0
1777892118.5723324,0.0,-3.0,-74.0
1777892118.5823324,-1.0,-4.0,-78.0
1777892118.5923324,-2.0,-4.0,-72.0
1777892118.6023324,-2.0,-5.0,-74.0
1777892118.6123323,-1.0,-5.0,-72.0
1777892118.6223323,-2.0,-2.0,-72.0
1777892118.6323323,0.0,-6.0,-69.0
1777892118.6423323,-4.0,-3.0,-68.0
1777892118.6523323,-9.0,-1.0,-78.0
1777892118.6623323,-13.0,0.0,-78.0
1777892118.6723323,-11.0,4.0,-76.0
1777892118.6823325,-6.0,7.0,-77.0
1777892118.6923325,-9.0,7.0,-70.0
1777892118.7023325,-9.0,9.0,-72.0
1777892118.7123325,-7.0,12.0,-72.0
1777892118.7223325,-4.0,11.0,-72.0
1777892118.7323325,-1.0,11.0,-71.0
1777892118.7423325,1.0,6.0,-73.0
1777892118.7523324,0.0,0.0,-75.0
1777892118.7623324,0.0,0.0,-74.0
1777892118.7723324,-1.0,-4.0,-77.0
1777892118.7823324,-2.0,-1.0,-85.0
1777892118.7923324,0.0,1.0,-86.0
1777892118.8023324,0.0,2.0,-86.0
1777892118.8123324,1.0,1.0,-81.0
1777892118.8223324,0.0,2.0,-78.0
1777892118.8323324,0.0,0.0,-75.0
1777892118.8423324,-3.0,0.0,-76.0
1777892118.8523324,0.0,0.0,-72.0
1777892118.8623323,0.0,-5.0,-73.0
1777892118.8723323,0.0,-6.0,-72.0
1777892118.8823323,-2.0,-6.0,-74.0
1777892118.8923323,0.0,-7.0,-75.0
1777892118.9023323,1.0,-6.0,-72.0
1777892118.9123323,3.0,-9.0,-67.0
1777892118.9223323,1.0,-10.0,-66.0
1777892118.9323325,1.0,-7.0,-64.0
1777892118.9423325,0.0,-3.0,-65.0
1777892118.9523325,2.0,0.0,-71.0
1777892118.9623325,3.0,5.0,-64.0
1777892118.9723325,3.0,5.0,-65.0
1777892118.9823325,1.0,3.0,-68.0
1777892118.9923325,-2.0,7.0,-63.0
1777892119.0023324,-1.0,7.0,-65.0
1777892119.0123324,-4.0,6.0,-67.0
1777892119.0223324,-6.0,5.0,-74.0
1777892119.0323324,-5.0,5.0,-65.0
1777892119.0423324,-5.0,4.0,-56.0
1777892119.0523324,0.0,0.0,-58.0
1777892119.0623324,-2.0,-1.0,-58.0
1777892119.0723324,-4.0,-2.0,-69.0
1777892119.0823324,0.0,-2.0,-71.0
1777892119.0923324,-1.0,-3.0,-71.0
1777892119.1023324,0.0,-4.0,-67.0
1777892119.1123323,-1.0,1.0,-66.0
1777892119.1223323,0.0,3.0,-69.0
1777892119.1323323,-3.0,-1.0,-70.0
1777892119.1423323,0.0,-3.0,-71.0
1777892119.1523323,-1.0,-2.0,-70.0
1777892119.1623323,-1.0,-4.0,-72.0
1777892119.1723323,2.0,-1.0,-76.0
1777892119.1823325,1.0,-1.0,-77.0
1777892119.1923325,-2.0,0.0,-73.0
1777892119.2023325,-5.0,2.0,-73.0
1777892119.2123325,-1.0,0.0,-71.0
1777892119.2223325,3.0,-3.0,-76.0
1777892119.2323325,3.0,-1.0,-78.0
1777892119.2423325,4.0,-5.0,-71.0
1777892119.2523324,8.0,-2.0,-66.0
1777892119.2623324,2.0,0.0,-76.0
1777892119.2723324,4.0,-2.0,-82.0
1777892119.2823324,5.0,-7.0,-85.0
1777892119.2923324,3.0,-3.0,-86.0
1777892119.3023324,3.0,2.0,-82.0
1777892119.3123324,3.0,2.0,-74.0
1777892119.3223324,2.0,5.0,-68.0
1777892119.3323324,4.0,4.0,-72.0
1777892119.3423324,4.0,4.0,-77.0
1777892119.3523324,7.0,4.0,-73.0
1777892119.3623323,10.0,6.0,-74.0
1777892119.3723323,11.0,1.0,-83.0
1777892119.3823323,7.0,4.0,-87.0
1777892119.3923323,9.0,0.0,-83.0
1777892119.4023323,9.0,0.0,-79.0
1777892119.4123323,8.0,0.0,-76.0
1777892119.4223323,7.0,-3.0,-70.0
1777892119.4323325,3.0,-4.0,-70.0
1777892119.4423325,2.0,-7.0,-78.0
1777892119.4523325,0.0,-4.0,-79.0
1777892119.4623325,1.0,-5.0,-70.0
1777892119.4723325,1.0,-5.0,-69.0
1777892119.4823325,-1.0,0.0,-81.0
1777892119.4923325,-3.0,0.0,-85.0
1777892119.5023324,2.0,-3.0,-80.0
1777892119.5123324,1.0,-4.0,-81.0
1777892119.5223324,-1.0,-3.0,-79.0
1777892119.5323324,-4.0,-3.0,-72.0
1777892119.5423324,0.0,0.0,-74.0
1777892119.5523324,2.0,-2.0,-71.0
1777892119.5623324,0.0,-3.0,-73.0
1777892119.5723324,2.0,0.0,-70.0
1777892119.5823324,3.0,0.0,-66.0
1777892119.5923324,3.0,0.0,-67.0
1777892119.6023324,2.0,1.0,-71.0
1777892119.6123323,-2.0,0.0,-77.0
1777892119.6223323,0.0,1.0,-77.0
1777892119.6323323,2.0,2.0,-79.0
1777892119.6423323,5.0,-2.0,-77.0
1777892119.6523323,6.0,-1.0,-73.0
1777892119.6623323,5.0,0.0,-71.0
1777892119.6723323,3.0,-4.0,-71.0
1777892119.6823325,0.0,-5.0,-68.0
1777892119.6923325,0.0,-4.0,-66.0
1777892119.7023325,-2.0,-4.0,-69.0
1777892119.7123325,-2.0,-1.0,-75.0
1777892119.7223325,0.0,0.0,-79.0
1777892119.7323325,0.0,2.0,-81.0
1777892119.7423325,0.0,0.0,-80.0
1777892119.7523324,-2.0,-2.0,-76.0
1777892119.7623324,-2.0,-4.0,-79.0
1777892119.7723324,-2.0,-3.0,-79.0
1777892119.7823324,-5.0,-5.0,-81.0
1777892119.7923324,-7.0,-4.0,-77.0
1777892119.8023324,-5.0,-3.0,-72.0
1777892119.8123324,-6.0,-5.0,-65.0
1777892119.8233323,-7.0,-7.0,-69.0
1777892119.8333323,-6.0,-4.0,-71.0
1777892119.8433323,-6.0,-5.0,-71.0
1777892119.8533323,-5.0,-7.0,-74.0
1777892119.8633325,-4.0,-6.0,-69.0
1777892119.8733325,-7.0,-6.0,-68.0
1777892119.8833325,-4.0,-7.0,-72.0
1777892119.8933325,-4.0,-3.0,-72.0
1777892119.9033325,-7.0,-1.0,-67.0
1777892119.9133325,-5.0,-2.0,-67.0
1777892119.9233325,-4.0,-2.0,-70.0
1777892119.9333324,-8.0,-4.0,-66.0
1777892119.9433324,-3.0,0.0,-59.0
1777892119.9533324,-3.0,0.0,-67.0
1777892119.9633324,-2.0,3.0,-76.0
1777892119.9733324,-7.0,5.0,-76.0
1777892119.9833324,-4.0,7.0,-73.0
1777892119.9933324,-1.0,9.0,-75.0
1777892120.0033324,-3.0,8.0,-81.0
1777892120.0133324,0.0,4.0,-77.0
1777892120.0233324,5.0,5.0,-79.0
1777892120.0333323,6.0,2.0,-77.0
1777892120.0433323,7.0,-2.0,-80.0
1777892120.0533323,7.0,-5.0,-69.0
1777892120.0633323,2.0,-8.0,-69.0
1777892120.0733323,2.0,-6.0,-72.0
1777892120.0833323,2.0,-7.0,-76.0
1777892120.0933323,4.0,-6.0,-71.0
1777892120.1033323,5.0,-8.0,-71.0
1777892120.1133325,7.0,-6.0,-67.0
1777892120.1233325,4.0,-6.0,-71.0
1777892120.1333325,2.0,-1.0,-73.0
1777892120.1433325,4.0,-2.0,-69.0
1777892120.1533325,1.0,-3.0,-64.0
1777892120.1633325,-1.0,-5.0,-68.0
1777892120.1733325,-4.0,-2.0,-64.0
1777892120.1833324,-5.0,0.0,-64.0
1777892120.1933324,2.0,-1.0,-65.0
1777892120.2033324,1.0,0.0,-66.0
1777892120.2133324,3.0,0.0,-67.0
1777892120.2233324,1.0,-4.0,-62.0
1777892120.2333324,0.0,-7.0,-67.0
1777892120.2433324,0.0,-8.0,-73.0
1777892120.2533324,-1.0,-2.0,-71.0
1777892120.2633324,-2.0,-1.0,-69.0
1777892120.2733324,2.0,-3.0,-69.0
1777892120.2833323,0.0,1.0,-66.0
1777892120.2933323,4.0,0.0,-66.0
1777892120.3033323,3.0,0.0,-76.0
1777892120.3133323,3.0,1.0,-77.0
1777892120.3233323,1.0,3.0,-76.0
1777892120.3333323,1.0,-1.0,-69.0
1777892120.3433323,2.0,2.0,-69.0
1777892120.3533323,3.0,2.0,-64.0
1777892120.3633325,3.0,2.0,-66.0
1777892120.3733325,8.0,0.0,-63.0
1777892120.3833325,7.0,-5.0,-62.0
1777892120.3933325,4.0,-1.0,-60.0
1777892120.4033325,0.0,-2.0,-59.0
1777892120.4133325,2.0,1.0,-56.0
1777892120.4233325,0.0,0.0,-54.0
1777892120.4333324,1.0,0.0,-58.0
1777892120.4433324,1.0,-5.0,-58.0
1777892120.4533324,0.0,-9.0,-60.0
1777892120.4633324,-1.0,-6.0,-61.0
1777892120.4733324,1.0,0.0,-68.0
1777892120.4833324,1.0,3.0,-68.0
1777892120.4933324,0.0,5.0,-69.0
1777892120.5033324,0.0,0.0,-68.0
1777892120.5133324,0.0,-1.0,-63.0
1777892120.5233324,3.0,-1.0,-69.0
1777892120.5333323,2.0,0.0,-68.0
1777892120.5433323,1.0,0.0,-68.0
1777892120.5533323,0.0,0.0,-66.0
1777892120.5633323,2.0,0.0,-64.0
1777892120.5733323,5.0,-3.0,-73.0
1777892120.5833323,6.0,-3.0,-75.0
1777892120.5933323,0.0,-1.0,-74.0
1777892120.6033323,-3.0,-3.0,-67.0
1777892120.6133325,-4.0,-2.0,-70.0
1777892120.6233325,-2.0,0.0,-73.0
1777892120.6333325,0.0,-4.0,-78.0
1777892120.6433325,3.0,-3.0,-69.0
1777892120.6533325,0.0,-2.0,-68.0
1777892120.6633325,2.0,-1.0,-69.0
1777892120.6733325,1.0,-1.0,-74.0
1777892120.6833324,1.0,-1.0,-79.0
1777892120.6933324,-4.0,-1.0,-74.0
1777892120.7033324,-4.0,0.0,-72.0
1777892120.7133324,0.0,0.0,-71.0
1777892120.7233324,-5.0,8.0,-72.0
1777892120.7333324,-1.0,6.0,-73.0
1777892120.7433324,-1.0,3.0,-63.0
1777892120.7533324,0.0,2.0,-58.0
1777892120.7633324,0.0,1.0,-68.0
1777892120.7733324,3.0,0.0,-59.0
1777892120.7833323,0.0,0.0,-57.0
1777892120.7933323,-1.0,-2.0,-59.0
1777892120.8033323,-4.0,-2.0,-62.0
1777892120.8133323,0.0,-3.0,-62.0
1777892120.8233323,1.0,-2.0,-61.0
1777892120.8333323,3.0,-3.0,-60.0
1777892120.8433323,3.0,0.0,-64.0
1777892120.8533323,1.0,-3.0,-67.0
1777892120.8633325,4.0,-1.0,-64.0
1777892120.8733325,5.0,-1.0,-65.0
1777892120.8833325,4.0,-1.0,-64.0
1777892120.8933325,6.0,-1.0,-61.0
1777892120.9033325,2.0,1.0,-59.0
1777892120.9133325,4.0,1.0,-61.0
1777892120.9233325,2.0,0.0,-61.0
1777892120.9333324,3.0,3.0,-60.0
1777892120.9433324,3.0,2.0,-62.0
1777892120.9533324,0.0,0.0,-61.0
1777892120.9633324,2.0,-1.0,-61.0
1777892120.9733324,-1.0,-3.0,-69.0
1777892120.9833324,0.0,-3.0,-67.0
1777892120.9933324,-2.0,-1.0,-73.0
1777892121.0033324,-2.0,-2.0,-74.0
1777892121.0133324,-6.0,-3.0,-69.0
1777892121.0233324,-5.0,0.0,-74.0
1777892121.0333323,-1.0,-2.0,-77.0
1777892121.0433323,0.0,-1.0,-83.0
1777892121.0533323,0.0,-1.0,-82.0
1777892121.0633323,-2.0,0.0,-70.0
1777892121.0733323,-1.0,-3.0,-72.0
1777892121.0833323,1.0,-3.0,-69.0
1777892121.0933323,2.0,0.0,-69.0
1777892121.1033323,0.0,0.0,-72.0
1777892121.1133325,0.0,3.0,-73.0
1777892121.1233325,0.0,10.0,-68.0
1777892121.1333325,0.0,9.0,-62.0
1777892121.1433325,1.0,11.0,-58.0
1777892121.1533325,-3.0,10.0,-55.0
1777892121.1633325,1.0,6.0,-55.0
1777892121.1733325,3.0,7.0,-62.0
1777892121.1833324,5.0,6.0,-64.0
1777892121.1933324,5.0,1.0,-65.0
1777892121.2033324,7.0,-1.0,-71.0
1777892121.2133324,4.0,-1.0,-71.0
1777892121.2233324,7.0,-2.0,-74.0
1777892121.2333324,4.0,-4.0,-71.0
1777892121.2433324,2.0,-3.0,-76.0
1777892121.2533324,4.0,-3.0,-76.0
1777892121.2633324,2.0,-3.0,-72.0
1777892121.2733324,1.0,-3.0,-72.0
1777892121.2833323,3.0,-3.0,-76.0
1777892121.2933323,3.0,-5.0,-79.0
1777892121.3033323,8.0,-8.0,-83.0
1777892121.3133323,8.0,-6.0,-85.0
1777892121.3233323,6.0,-8.0,-91.0
1777892121.3333323,4.0,-5.0,-90.0
1777892121.3433323,5.0,-9.0,-94.0
1777892121.3533323,4.0,-5.0,-90.0
1777892121.3633325,0.0,0.0,-78.0
1777892121.3733325,0.0,5.0,-75.0
1777892121.3833325,2.0,8.0,-84.0
1777892121.3933325,1.0,8.0,-84.0
1777892121.4033325,-1.0,13.0,-80.0
1777892121.4133325,-2.0,9.0,-77.0
1777892121.4233325,0.0,8.0,-75.0
1777892121.4333324,2.0,1.0,-75.0
1777892121.4433324,5.0,-3.0,-71.0
1777892121.4533324,4.0,-5.0,-68.0
1777892121.4633324,3.0,-8.0,-64.0
1777892121.4733324,4.0,-8.0,-66.0
1777892121.4833324,1.0,-6.0,-66.0
1777892121.4933324,1.0,-2.0,-75.0
1777892121.5033324,1.0,-3.0,-78.0
1777892121.5133324,0.0,-7.0,-77.0
1777892121.5233324,0.0,-1.0,-76.0
1777892121.5333323,0.0,-5.0,-75.0
1777892121.5433323,4.0,-4.0,-70.0
1777892121.5533323,-2.0,-1.0,-63.0
1777892121.5633323,-3.0,-1.0,-69.0
1777892121.5733323,1.0,-1.0,-74.0
1777892121.5833323,0.0,-4.0,-78.0
1777892121.5933323,-1.0,-4.0,-77.0
1777892121.6033323,2.0,-4.0,-76.0
1777892121.6133325,1.0,-7.0,-80.0
1777892121.6233325,-1.0,-7.0,-69.0
1777892121.6333325,-2.0,-5.0,-64.0
1777892121.6433325,-2.0,-6.0,-75.0
1777892121.6533325,-11.0,-5.0,-74.0
1777892121.6633325,-12.0,-4.0,-74.0
1777892121.6733325,-10.0,-3.0,-82.0
1777892121.6833324,-6.0,-1.0,-79.0
1777892121.6933324,-4.0,0.0,-85.0
1777892121.7033324,0.0,-1.0,-83.0
1777892121.7133324,0.0,0.0,-83.0
1777892121.7233324,-2.0,-1.0,-77.0
1777892121.7333324,-1.0,2.0,-81.0
1777892121.7433324,2.0,5.0,-84.0
1777892121.7533324,5.0,1.0,-78.0
1777892121.7633324,4.0,6.0,-74.0
1777892121.7733324,1.0,7.0,-71.0
1777892121.7843325,2.0,7.0,-74.0
1777892121.7943325,1.0,4.0,-74.0
1777892121.8033323,2.0,2.0,-77.0
1777892121.8143325,6.0,0.0,-77.0
1777892121.8243325,7.0,0.0,-77.0
1777892121.8343325,8.0,-1.0,-70.0
1777892121.8443325,4.0,-1.0,-74.0
1777892121.8543324,2.0,-4.0,-83.0
1777892121.8643324,0.0,-5.0,-82.0
1777892121.8743324,2.0,-4.0,-76.0
1777892121.8843324,6.0,-1.0,-76.0
1777892121.8943324,2.0,1.0,-69.0
1777892121.9043324,-2.0,0.0,-67.0
1777892121.9133325,-6.0,0.0,-63.0
1777892121.9243324,-3.0,-2.0,-63.0
1777892121.9343324,-2.0,-4.0,-72.0
1777892121.9443324,0.0,-3.0,-76.0
1777892121.9543324,0.0,-2.0,-77.0
1777892121.9643323,2.0,-3.0,-82.0
1777892121.9743323,4.0,-4.0,-80.0
1777892121.9843323,-1.0,-4.0,-76.0
1777892121.9943323,-5.0,-7.0,-71.0
1777892122.0043323,-5.0,-2.0,-73.0
1777892122.0143323,-4.0,-2.0,-72.0
1777892122.0243323,0.0,-3.0,-67.0
1777892122.0343325,0.0,-1.0,-66.0
1777892122.0443325,0.0,-2.0,-64.0
1777892122.0543325,-2.0,-2.0,-64.0
1777892122.0643325,-3.0,0.0,-67.0
1777892122.0743325,0.0,5.0,-70.0
1777892122.0843325,-1.0,8.0,-71.0
1777892122.0943325,1.0,4.0,-70.0
1777892122.1043324,9.0,5.0,-66.0
1777892122.1143324,7.0,3.0,-62.0
1777892122.1243324,1.0,0.0,-65.0
1777892122.1343324,3.0,1.0,-64.0
1777892122.1443324,0.0,0.0,-66.0
1777892122.1543324,-3.0,-6.0,-62.0
1777892122.1643324,-3.0,-5.0,-62.0
1777892122.1743324,0.0,1.0,-69.0
1777892122.1843324,-3.0,-2.0,-66.0
1777892122.1943324,-4.0,-3.0,-66.0
1777892122.2043324,-2.0,-4.0,-67.0
1777892122.2143323,1.0,-5.0,-70.0
1777892122.2243323,8.0,1.0,-67.0
1777892122.2343323,4.0,2.0,-72.0
1777892122.2443323,6.0,2.0,-71.0
1777892122.2543323,11.0,2.0,-68.0
1777892122.2643323,8.0,0.0,-76.0
1777892122.2743323,5.0,0.0,-78.0
1777892122.2843325,3.0,-1.0,-72.0
1777892122.2943325,3.0,-4.0,-73.0
1777892122.3043325,1.0,-3.0,-72.0
1777892122.3143325,4.0,-8.0,-73.0
1777892122.3243325,6.0,-7.0,-76.0
1777892122.3343325,1.0,-8.0,-69.0
1777892122.3443325,0.0,-4.0,-61.0
1777892122.3543324,2.0,-5.0,-63.0
1777892122.3643324,2.0,0.0,-65.0
1777892122.3743324,2.0,3.0,-69.0
1777892122.3843324,-2.0,0.0,-82.0
1777892122.3943324,5.0,0.0,-85.0
1777892122.4043324,5.0,-3.0,-76.0
1777892122.4143324,8.0,0.0,-71.0
1777892122.4243324,0.0,-2.0,-76.0
1777892122.4343324,1.0,-5.0,-82.0
1777892122.4443324,0.0,-6.0,-84.0
1777892122.4543324,5.0,-5.0,-79.0
1777892122.4643323,11.0,-2.0,-80.0
1777892122.4743323,12.0,-5.0,-85.0
1777892122.4843323,10.0,-4.0,-81.0
1777892122.4943323,5.0,-1.0,-85.0
1777892122.5043323,3.0,0.0,-84.0
1777892122.5143323,2.0,0.0,-83.0
1777892122.5243323,2.0,0.0,-80.0
1777892122.5343325,0.0,-2.0,-81.0
1777892122.5443325,-3.0,2.0,-76.0
1777892122.5543325,-4.0,6.0,-80.0
1777892122.5643325,-4.0,4.0,-77.0
1777892122.5743325,-5.0,0.0,-68.0
1777892122.5843325,-5.0,0.0,-68.0
1777892122.5943325,-2.0,-1.0,-61.0
1777892122.6043324,1.0,-3.0,-72.0
1777892122.6143324,7.0,-1.0,-75.0
1777892122.6243324,5.0,-3.0,-73.0
1777892122.6343324,4.0,-1.0,-65.0
1777892122.6443324,4.0,-4.0,-73.0
1777892122.6543324,1.0,-4.0,-74.0
1777892122.6643324,0.0,-4.0,-76.0
1777892122.6743324,1.0,-4.0,-77.0
1777892122.6843324,3.0,-3.0,-80.0
1777892122.6943324,2.0,-5.0,-89.0
1777892122.7043324,1.0,-3.0,-88.0
1777892122.7143323,0.0,-6.0,-87.0
1777892122.7243323,-1.0,-3.0,-84.0
1777892122.7343323,-1.0,-4.0,-82.0
1777892122.7443323,0.0,-2.0,-70.0
1777892122.7543323,3.0,-2.0,-71.0
1777892122.7643323,-1.0,-2.0,-67.0
1777892122.7743323,-4.0,-3.0,-68.0
1777892122.7843325,-2.0,-2.0,-72.0
1777892122.7943325,-6.0,-6.0,-67.0
1777892122.8043325,-2.0,-8.0,-74.0
1777892122.8143325,-3.0,-3.0,-73.0
1777892122.8243325,-2.0,-6.0,-75.0
1777892122.8343325,-6.0,-8.0,-65.0
1777892122.8443325,-8.0,-7.0,-61.0
1777892122.8543324,-1.0,-3.0,-68.0
1777892122.8643324,-1.0,-4.0,-75.0
1777892122.8743324,-1.0,-5.0,-70.0
1777892122.8843324,1.0,-3.0,-71.0
1777892122.8943324,0.0,-2.0,-69.0
1777892122.9043324,2.0,-1.0,-61.0
1777892122.9143324,2.0,-4.0,-58.0
1777892122.9243324,0.0,-2.0,-56.0
1777892122.9343324,-1.0,2.0,-58.0
1777892122.9443324,0.0,3.0,-61.0
1777892122.9543324,1.0,3.0,-62.0
1777892122.9643323,2.0,2.0,-64.0
1777892122.9743323,2.0,-3.0,-73.0
1777892122.9843323,-2.0,-5.0,-81.0
1777892122.9943323,-2.0,0.0,-80.0
1777892123.0043323,-2.0,-3.0,-69.0
1777892123.0143323,2.0,-6.0,-70.0
1777892123.0243323,0.0,-5.0,-68.0
1777892123.0343325,-1.0,-7.0,-65.0
1777892123.0443325,1.0,-6.0,-62.0
1777892123.0543325,3.0,-2.0,-64.0
1777892123.0643325,-1.0,-5.0,-60.0
1777892123.0743325,-2.0,-6.0,-62.0
1777892123.0843325,-3.0,-2.0,-59.0
1777892123.0943325,-2.0,0.0,-62.0
1777892123.1043324,-4.0,0.0,-60.0
1777892123.1143324,-2.0,-2.0,-63.0
1777892123.1243324,0.0,-5.0,-64.0
1777892123.1343324,0.0,-3.0,-64.0
1777892123.1443324,-3.0,-1.0,-64.0
1777892123.1543324,0.0,0.0,-67.0
1777892123.1643324,0.0,0.0,-66.0
1777892123.1743324,1.0,3.0,-68.0
1777892123.1843324,-3.0,-1.0,-68.0
1777892123.1943324,-6.0,-3.0,-66.0
1777892123.2043324,-7.0,-2.0,-63.0
1777892123.2143323,-7.0,-1.0,-69.0
1777892123.2243323,-7.0,1.0,-62.0
1777892123.2343323,-6.0,-3.0,-53.0
1777892123.2443323,-6.0,-6.0,-64.0
1777892123.2543323,-4.0,-9.0,-69.0
1777892123.2643323,-6.0,-5.0,-68.0
1777892123.2743323,0.0,-5.0,-63.0
1777892123.2843325,1.0,-7.0,-62.0
1777892123.2943325,-1.0,-5.0,-64.0
1777892123.3043325,-3.0,-3.0,-61.0
1777892123.3143325,-4.0,-6.0,-69.0
1777892123.3243325,-3.0,-3.0,-75.0
1777892123.3343325,1.0,0.0,-76.0
1777892123.3443325,0.0,-1.0,-69.0
1777892123.3543324,1.0,-1.0,-64.0
1777892123.3643324,0.0,-5.0,-63.0
1777892123.3743324,0.0,-2.0,-60.0
1777892123.3843324,0.0,-5.0,-61.0
1777892123.3943324,0.0,-4.0,-59.0
1777892123.4043324,1.0,-1.0,-51.0
1777892123.4143324,0.0,-5.0,-54.0
1777892123.4243324,0.0,-9.0,-59.0
1777892123.4343324,1.0,-6.0,-68.0
1777892123.4443324,5.0,-9.0,-66.0
1777892123.4543324,4.0,-4.0,-68.0
1777892123.4643323,4.0,-6.0,-61.0
1777892123.4743323,5.0,-5.0,-61.0
1777892123.4843323,3.0,-4.0,-67.0
1777892123.4943323,4.0,-9.0,-75.0
1777892123.5043323,4.0,-4.0,-74.0
1777892123.5143323,3.0,0.0,-74.0
1777892123.5243323,4.0,-3.0,-72.0
1777892123.5343325,2.0,-4.0,-66.0
1777892123.5443325,3.0,-8.0,-73.0
1777892123.5543325,3.0,-6.0,-69.0
1777892123.5643325,-1.0,-2.0,-72.0
1777892123.5743325,-5.0,-1.0,-71.0
1777892123.5843325,-8.0,0.0,-66.0
1777892123.5943325,-6.0,0.0,-73.0
1777892123.6043324,-1.0,2.0,-76.0
1777892123.6143324,-1.0,1.0,-79.0
1777892123.6243324,0.0,0.0,-77.0
1777892123.6343324,-4.0,1.0,-82.0
1777892123.6443324,-3.0,5.0,-80.0
1777892123.6543324,-3.0,0.0,-76.0
1777892123.6643324,-1.0,0.0,-73.0
1777892123.6743324,2.0,-3.0,-67.0
1777892123.6843324,6.0,1.0,-73.0
1777892123.6943324,6.0,1.0,-69.0
1777892123.7043324,6.0,1.0,-67.0
1777892123.7143323,5.0,0.0,-64.0
1777892123.7243323,6.0,0.0,-66.0
1777892123.7343323,7.0,1.0,-67.0
1777892123.7453325,5.0,1.0,-70.0
1777892123.7553325,2.0,4.0,-72.0
1777892123.7643323,5.0,5.0,-69.0
1777892123.7753325,0.0,4.0,-67.0
1777892123.7853324,0.0,4.0,-71.0
1777892123.7953324,2.0,3.0,-70.0
1777892123.8053324,5.0,2.0,-68.0
1777892123.8153324,7.0,3.0,-68.0
1777892123.8253324,4.0,0.0,-74.0
1777892123.8353324,0.0,-5.0,-68.0
1777892123.8453324,0.0,-9.0,-69.0
1777892123.8553324,-2.0,-10.0,-65.0
1777892123.8653324,-5.0,-3.0,-72.0
1777892123.8753324,-6.0,-2.0,-81.0
1777892123.8853323,-4.0,2.0,-75.0
1777892123.8953323,2.0,1.0,-69.0
1777892123.9053323,5.0,-3.0,-66.0
1777892123.9153323,5.0,-1.0,-69.0
1777892123.9253323,2.0,-2.0,-71.0
1777892123.9353323,0.0,-1.0,-73.0
1777892123.9453323,4.0,-2.0,-74.0
1777892123.9553325,0.0,2.0,-74.0
1777892123.9653325,-6.0,3.0,-74.0
1777892123.9753325,-9.0,3.0,-77.0
1777892123.9853325,-8.0,4.0,-78.0
1777892123.9953325,-5.0,0.0,-72.0
1777892124.0053325,-3.0,-2.0,-72.0
1777892124.0153325,-5.0,-2.0,-70.0
1777892124.0253325,-5.0,0.0,-68.0
1777892124.0353324,-4.0,3.0,-67.0
1777892124.0453324,-2.0,0.0,-73.0
1777892124.0553324,1.0,0.0,-69.0
1777892124.0653324,0.0,-2.0,-69.0
1777892124.0753324,0.0,-4.0,-66.0
1777892124.0853324,2.0,0.0,-63.0
1777892124.0953324,0.0,-1.0,-66.0
1777892124.1053324,-6.0,-3.0,-70.0
1777892124.1153324,-3.0,-2.0,-65.0
1777892124.1253324,1.0,0.0,-68.0
1777892124.1353323,1.0,-3.0,-76.0
1777892124.1453323,1.0,-7.0,-78.0
1777892124.1553323,-1.0,-8.0,-76.0
1777892124.1653323,6.0,-12.0,-74.0
1777892124.1753323,2.0,-7.0,-73.0
1777892124.1853323,-3.0,-3.0,-69.0
1777892124.1953323,-4.0,-4.0,-72.0
1777892124.2053325,-3.0,-2.0,-71.0
1777892124.2153325,-4.0,-2.0,-73.0
1777892124.2253325,-4.0,-1.0,-75.0
1777892124.2353325,-3.0,0.0,-71.0
1777892124.2453325,-3.0,-1.0,-75.0
1777892124.2553325,-3.0,-5.0,-70.0
1777892124.2653325,0.0,-6.0,-71.0
1777892124.2753325,0.0,0.0,-80.0
1777892124.2853324,-4.0,5.0,-79.0
1777892124.2953324,-3.0,6.0,-78.0
1777892124.3053324,-2.0,3.0,-78.0
1777892124.3153324,-2.0,2.0,-77.0
1777892124.3253324,-4.0,5.0,-76.0
1777892124.3353324,-8.0,3.0,-78.0
1777892124.3453324,-7.0,0.0,-81.0
1777892124.3553324,-1.0,0.0,-84.0
1777892124.3653324,-3.0,0.0,-80.0
1777892124.3753324,-5.0,-1.0,-73.0
1777892124.3853323,-7.0,0.0,-67.0
1777892124.3953323,-7.0,0.0,-71.0
1777892124.4053323,-4.0,1.0,-72.0
1777892124.4153323,-6.0,6.0,-67.0
1777892124.4253323,-2.0,7.0,-58.0
1777892124.4353323,1.0,2.0,-63.0
1777892124.4453323,0.0,3.0,-61.0
1777892124.4553325,0.0,2.0,-64.0
1777892124.4653325,-3.0,1.0,-62.0
1777892124.4753325,-6.0,-1.0,-61.0
1777892124.4853325,-9.0,-3.0,-64.0
1777892124.4953325,-9.0,-2.0,-68.0
1777892124.5053325,-11.0,-2.0,-73.0
1777892124.5153325,-6.0,-2.0,-71.0
1777892124.5253325,-5.0,-3.0,-72.0
1777892124.5353324,1.0,0.0,-75.0
1777892124.5453324,3.0,-1.0,-72.0
1777892124.5553324,3.0,-3.0,-71.0
1777892124.5653324,5.0,-3.0,-72.0
1777892124.5753324,3.0,-2.0,-78.0
1777892124.5853324,4.0,-4.0,-83.0
1777892124.5953324,2.0,1.0,-81.0
1777892124.6053324,7.0,0.0,-79.0
1777892124.6153324,2.0,0.0,-85.0
1777892124.6253324,-1.0,0.0,-80.0
1777892124.6353323,0.0,2.0,-83.0
1777892124.6453323,2.0,4.0,-79.0
1777892124.6553323,6.0,3.0,-78.0
1777892124.6653323,4.0,7.0,-80.0
1777892124.6753323,1.0,8.0,-87.0
1777892124.6853323,3.0,9.0,-81.0
1777892124.6953323,0.0,7.0,-85.0
1777892124.7053325,-6.0,5.0,-77.0
1777892124.7153325,-5.0,4.0,-77.0
1777892124.7253325,-1.0,5.0,-81.0
1777892124.7353325,3.0,6.0,-80.0
1777892124.7453325,9.0,4.0,-81.0
1777892124.7553325,10.0,6.0,-81.0
1777892124.7653325,11.0,1.0,-77.0
1777892124.7753325,7.0,-1.0,-81.0
1777892124.7853324,7.0,-4.0,-82.0
1777892124.7953324,6.0,-4.0,-82.0
1777892124.8053324,7.0,-4.0,-84.0
1777892124.8153324,10.0,-4.0,-83.0
1777892124.8253324,7.0,-4.0,-79.0
1777892124.8353324,6.0,0.0,-73.0
1777892124.8453324,7.0,-4.0,-70.0
1777892124.8553324,6.0,-5.0,-67.0
1777892124.8653324,8.0,-5.0,-73.0
1777892124.8753324,10.0,-3.0,-73.0
1777892124.8853323,3.0,-3.0,-73.0
1777892124.8953323,2.0,-4.0,-79.0
1777892124.9053323,3.0,-9.0,-80.0
1777892124.9153323,4.0,-7.0,-76.0
1777892124.9253323,1.0,-5.0,-71.0
1777892124.9353323,-1.0,-2.0,-68.0
1777892124.9453323,-2.0,-2.0,-74.0
1777892124.9553325,-2.0,0.0,-74.0
1777892124.9653325,1.0,2.0,-76.0
1777892124.9753325,0.0,0.0,-77.0
1777892124.9853325,4.0,1.0,-86.0
1777892124.9953325,5.0,3.0,-83.0
1777892125.0053325,0.0,3.0,-85.0
1777892125.0153325,-2.0,0.0,-81.0
1777892125.0253325,3.0,-1.0,-80.0
1777892125.0353324,3.0,-2.0,-77.0
1777892125.0453324,3.0,-2.0,-75.0
1777892125.0553324,0.0,-2.0,-75.0
1777892125.0653324,-6.0,-3.0,-74.0
1777892125.0753324,-9.0,0.0,-72.0
1777892125.0853324,-9.0,4.0,-66.0
1777892125.0953324,-10.0,5.0,-71.0
1777892125.1053324,-5.0,3.0,-77.0
1777892125.1153324,0.0,1.0,-74.0
1777892125.1253324,-1.0,1.0,-74.0
1777892125.1353323,-2.0,0.0,-71.0
1777892125.1453323,-3.0,0.0,-68.0
1777892125.1553323,-1.0,-1.0,-70.0
1777892125.1653323,3.0,-2.0,-73.0
1777892125.1753323,2.0,-1.0,-72.0
1777892125.1853323,4.0,-1.0,-73.0
1777892125.1953323,1.0,-4.0,-69.0
1777892125.2053325,0.0,-3.0,-66.0
1777892125.2153325,-2.0,-3.0,-58.0
1777892125.2253325,-6.0,-4.0,-62.0
1777892125.2353325,-8.0,-4.0,-66.0
1777892125.2453325,-6.0,-3.0,-57.0
1777892125.2553325,-4.0,-1.0,-60.0
1777892125.2653325,0.0,0.0,-61.0
1777892125.2753325,0.0,-3.0,-60.0
1777892125.2853324,-3.0,-3.0,-69.0
1777892125.2953324,-2.0,-5.0,-74.0
1777892125.3053324,0.0,0.0,-73.0
1777892125.3153324,0.0,1.0,-75.0
1777892125.3253324,-3.0,2.0,-73.0
1777892125.3353324,-6.0,1.0,-76.0
1777892125.3453324,-6.0,1.0,-77.0
1777892125.3553324,-4.0,3.0,-68.0
1777892125.3653324,0.0,0.0,-68.0
1777892125.3753324,2.0,-3.0,-65.0
1777892125.3853323,2.0,-2.0,-71.0
1777892125.3953323,1.0,0.0,-73.0
1777892125.4053323,0.0,0.0,-70.0
1777892125.4153323,7.0,-3.0,-70.0
1777892125.4253323,9.0,-1.0,-62.0
1777892125.4353323,6.0,-3.0,-63.0
1777892125.4453323,6.0,-3.0,-69.0
1777892125.4553325,4.0,0.0,-61.0
1777892125.4653325,2.0,-2.0,-53.0
1777892125.4753325,1.0,-4.0,-55.0
1777892125.4853325,0.0,-5.0,-58.0
1777892125.4953325,0.0,-3.0,-60.0
1777892125.5053325,3.0,0.0,-64.0
1777892125.5153325,2.0,0.0,-61.0
1777892125.5253325,4.0,0.0,-66.0
1777892125.5353324,3.0,2.0,-73.0
1777892125.5453324,0.0,0.0,-64.0
1777892125.5553324,-4.0,0.0,-59.0
1777892125.5653324,-4.0,0.0,-63.0
1777892125.5753324,-8.0,0.0,-68.0
1777892125.5853324,-7.0,2.0,-71.0
1777892125.5953324,-8.0,3.0,-70.0
1777892125.6053324,-3.0,3.0,-70.0
1777892125.6153324,-4.0,3.0,-68.0
1777892125.6253324,-3.0,0.0,-64.0
1777892125.6353323,-10.0,-3.0,-61.0
1777892125.6453323,-8.0,-1.0,-59.0
1777892125.6553323,-6.0,0.0,-61.0
1777892125.6653323,-4.0,-2.0,-57.0
1777892125.6753323,-5.0,-3.0,-56.0
1777892125.6853323,-7.0,-3.0,-53.0
1777892125.6953323,-4.0,0.0,-57.0
1777892125.7053325,-5.0,1.0,-54.0
1777892125.7153325,-7.0,0.0,-59.0
1777892125.7253325,-8.0,0.0,-68.0
1777892125.7363324,-5.0,-2.0,-71.0
1777892125.7453325,-6.0,-1.0,-68.0
1777892125.7553325,-2.0,0.0,-67.0
1777892125.7653325,-5.0,-3.0,-70.0
1777892125.7753325,-5.0,-4.0,-66.0
1777892125.7863324,0.0,-2.0,-66.0
1777892125.7963324,0.0,-5.0,-67.0
1777892125.8063323,-4.0,-4.0,-70.0
1777892125.8163323,-6.0,0.0,-64.0
1777892125.8263323,-3.0,3.0,-62.0
1777892125.8363323,0.0,4.0,-71.0
1777892125.8463323,1.0,6.0,-73.0
1777892125.8563323,1.0,9.0,-73.0
1777892125.8663323,3.0,11.0,-76.0
1777892125.8763323,5.0,9.0,-72.0
1777892125.8863325,0.0,7.0,-68.0
1777892125.8963325,1.0,0.0,-71.0
1777892125.9063325,4.0,-1.0,-65.0
1777892125.9163325,8.0,-1.0,-72.0
1777892125.9263325,3.0,-3.0,-72.0
1777892125.9363325,2.0,-1.0,-71.0
1777892125.9463325,1.0,-7.0,-74.0
1777892125.9563324,-1.0,-7.0,-73.0
1777892125.9663324,-1.0,-6.0,-70.0
1777892125.9763324,-3.0,-6.0,-73.0
1777892125.9863324,-3.0,-1.0,-75.0
1777892125.9963324,-1.0,0.0,-67.0
1777892126.0063324,-3.0,-1.0,-68.0
1777892126.0163324,-4.0,-3.0,-66.0
1777892126.0263324,-4.0,-1.0,-65.0
1777892126.0363324,-1.0,0.0,-70.0
1777892126.0463324,0.0,3.0,-74.0
1777892126.0563323,-1.0,3.0,-74.0
1777892126.0663323,-3.0,3.0,-73.0
1777892126.0763323,-2.0,4.0,-72.0
1777892126.0863323,3.0,7.0,-73.0
1777892126.0963323,3.0,4.0,-70.0
1777892126.1063323,1.0,3.0,-68.0
1777892126.1163323,0.0,1.0,-70.0
1777892126.1263323,0.0,1.0,-71.0
1777892126.1363325,0.0,0.0,-68.0
1777892126.1463325,-2.0,4.0,-65.0
1777892126.1563325,-2.0,0.0,-66.0
1777892126.1663325,3.0,-2.0,-65.0
1777892126.1763325,6.0,0.0,-63.0
1777892126.1863325,1.0,0.0,-68.0
1777892126.1963325,6.0,-2.0,-66.0
1777892126.2063324,4.0,-3.0,-65.0
1777892126.2163324,-4.0,-3.0,-68.0
1777892126.2263324,-6.0,1.0,-70.0
1777892126.2363324,-5.0,-1.0,-69.0
1777892126.2463324,-1.0,0.0,-68.0
1777892126.2563324,-2.0,0.0,-70.0
1777892126.2663324,-1.0,0.0,-65.0
1777892126.2763324,0.0,2.0,-64.0
1777892126.2863324,-2.0,2.0,-71.0
1777892126.2963324,-4.0,3.0,-69.0
1777892126.3063323,-2.0,0.0,-62.0
1777892126.3163323,-1.0,-3.0,-63.0
1777892126.3263323,0.0,-4.0,-68.0
1777892126.3363323,-1.0,-4.0,-73.0
1777892126.3463323,5.0,-3.0,-75.0
1777892126.3563323,5.0,0.0,-73.0
1777892126.3663323,3.0,-1.0,-72.0
1777892126.3763323,0.0,-1.0,-73.0
1777892126.3863325,4.0,0.0,-73.0
1777892126.3963325,7.0,-1.0,-72.0
1777892126.4063325,8.0,2.0,-71.0
1777892126.4163325,10.0,3.0,-71.0
1777892126.4263325,5.0,-1.0,-73.0
1777892126.4363325,2.0,0.0,-65.0
1777892126.4463325,0.0,0.0,-67.0
1777892126.4563324,-3.0,4.0,-67.0
1777892126.4663324,0.0,6.0,-64.0
1777892126.4763324,-3.0,6.0,-64.0
1777892126.4863324,-3.0,0.0,-68.0
1777892126.4963324,-2.0,0.0,-65.0
1777892126.5063324,-3.0,-1.0,-67.0
1777892126.5163324,-7.0,0.0,-68.0
1777892126.5263324,-6.0,0.0,-68.0
1777892126.5363324,-3.0,2.0,-69.0
1777892126.5463324,0.0,3.0,-69.0
1777892126.5563323,2.0,7.0,-75.0
1777892126.5663323,1.0,6.0,-81.0
1777892126.5763323,4.0,1.0,-79.0
1777892126.5863323,2.0,0.0,-75.0
1777892126.5963323,3.0,-2.0,-76.0
1777892126.6063323,0.0,-3.0,-81.0
1777892126.6163323,-4.0,-4.0,-80.0
1777892126.6263323,-2.0,-6.0,-73.0
1777892126.6363325,0.0,-4.0,-71.0
1777892126.6463325,-2.0,0.0,-67.0
1777892126.6563325,-3.0,-1.0,-66.0
1777892126.6663325,-1.0,-2.0,-66.0
1777892126.6763325,-3.0,-6.0,-67.0
1777892126.6863325,-2.0,-2.0,-72.0
1777892126.6963325,-6.0,0.0,-76.0
1777892126.7063324,-5.0,1.0,-73.0
1777892126.7163324,-4.0,3.0,-72.0
1777892126.7263324,-2.0,-2.0,-68.0
1777892126.7363324,-3.0,-5.0,-70.0
1777892126.7463324,-3.0,-8.0,-80.0
1777892126.7563324,0.0,-7.0,-86.0
1777892126.7663324,4.0,-3.0,-89.0
1777892126.7763324,4.0,-1.0,-84.0
1777892126.7863324,3.0,-6.0,-81.0
1777892126.7963324,4.0,-3.0,-78.0
1777892126.8063323,9.0,-5.0,-71.0
1777892126.8163323,8.0,-1.0,-70.0
1777892126.8263323,6.0,-1.0,-63.0
1777892126.8363323,-1.0,-2.0,-62.0
1777892126.8463323,-8.0,-4.0,-67.0
1777892126.8563323,-4.0,-7.0,-74.0
1777892126.8663323,-2.0,-8.0,-80.0
1777892126.8763323,-2.0,-7.0,-86.0
1777892126.8863325,-3.0,-4.0,-82.0
1777892126.8963325,-3.0,-7.0,-78.0
1777892126.9063325,-2.0,0.0,-80.0
1777892126.9163325,1.0,0.0,-79.0
1777892126.9263325,1.0,3.0,-76.0
1777892126.9363325,4.0,3.0,-76.0
1777892126.9463325,2.0,1.0,-80.0
1777892126.9563324,2.0,-1.0,-79.0
1777892126.9663324,2.0,-1.0,-72.0
1777892126.9763324,0.0,-2.0,-70.0
1777892126.9863324,2.0,-3.0,-66.0
1777892126.9963324,-1.0,-3.0,-68.0
1777892127.0063324,0.0,-5.0,-73.0
1777892127.0163324,3.0,-3.0,-68.0
1777892127.0263324,2.0,-5.0,-73.0
1777892127.0363324,1.0,-5.0,-79.0
1777892127.0463324,1.0,-7.0,-71.0
1777892127.0563323,1.0,-10.0,-67.0
1777892127.0663323,4.0,-5.0,-67.0
1777892127.0763323,5.0,-3.0,-69.0
1777892127.0863323,4.0,0.0,-71.0
1777892127.0963323,3.0,-2.0,-78.0
1777892127.1063323,-2.0,0.0,-74.0
1777892127.1163323,2.0,1.0,-73.0
1777892127.1263323,2.0,-1.0,-69.0
1777892127.1363325,2.0,0.0,-66.0
1777892127.1463325,0.0,-1.0,-64.0
1777892127.1563325,-3.0,0.0,-68.0
1777892127.1663325,-5.0,0.0,-67.0
1777892127.1763325,-7.0,0.0,-67.0
1777892127.1863325,-6.0,-3.0,-68.0
1777892127.1963325,-9.0,-3.0,-72.0
1777892127.2063324,-9.0,-9.0,-81.0
1777892127.2163324,-6.0,-7.0,-78.0
1777892127.2263324,-3.0,-2.0,-78.0
1777892127.2363324,0.0,-2.0,-73.0
1777892127.2463324,0.0,-3.0,-77.0
1777892127.2563324,-3.0,-2.0,-72.0
1777892127.2663324,-4.0,-4.0,-67.0
1777892127.2763324,-4.0,-9.0,-68.0
1777892127.2863324,-4.0,-9.0,-70.0
1777892127.2963324,-5.0,-10.0,-73.0
1777892127.3063323,-9.0,-9.0,-76.0
1777892127.3163323,-11.0,-7.0,-79.0
1777892127.3263323,-13.0,-8.0,-79.0
1777892127.3363323,-12.0,-5.0,-76.0
1777892127.3463323,-12.0,-5.0,-74.0
1777892127.3563323,-1.0,-1.0,-71.0
1777892127.3663323,2.0,0.0,-72.0
1777892127.3763323,7.0,-4.0,-67.0
1777892127.3863325,7.0,-3.0,-68.0
1777892127.3963325,7.0,-3.0,-69.0
1777892127.4063325,9.0,0.0,-70.0
1777892127.4163325,8.0,0.0,-72.0
1777892127.4263325,14.0,1.0,-80.0
1777892127.4363325,13.0,2.0,-76.0
1777892127.4463325,6.0,3.0,-80.0
1777892127.4563324,3.0,0.0,-77.0
1777892127.4663324,-1.0,0.0,-83.0
1777892127.4763324,-1.0,-2.0,-83.0
1777892127.4863324,-3.0,-4.0,-83.0
1777892127.4963324,-5.0,-4.0,-73.0
1777892127.5063324,-1.0,-6.0,-73.0
1777892127.5163324,0.0,-5.0,-78.0
1777892127.5263324,0.0,-4.0,-74.0
1777892127.5363324,4.0,-5.0,-81.0
1777892127.5463324,2.0,-4.0,-75.0
1777892127.5563323,-2.0,-2.0,-71.0
1777892127.5663323,-4.0,-2.0,-72.0
1777892127.5763323,0.0,-6.0,-73.0
1777892127.5863323,1.0,-2.0,-74.0
1777892127.5963323,-2.0,-3.0,-77.0
1777892127.6063323,0.0,-3.0,-71.0
1777892127.6163323,0.0,-2.0,-71.0
1777892127.6263323,1.0,-3.0,-75.0
1777892127.6363325,0.0,-3.0,-69.0
1777892127.6463325,0.0,-3.0,-68.0
1777892127.6563325,4.0,0.0,-62.0
1777892127.6663325,5.0,0.0,-72.0
1777892127.6763325,2.0,3.0,-76.0
1777892127.6863325,-4.0,3.0,-76.0
1777892127.6963325,-8.0,1.0,-73.0
1777892127.7063324,-1.0,3.0,-71.0
1777892127.7163324,0.0,-1.0,-70.0
1777892127.7263324,-3.0,0.0,-76.0
1777892127.7363324,-9.0,1.0,-68.0
1777892127.7473323,-7.0,3.0,-78.0
1777892127.7573323,-6.0,2.0,-84.0
1777892127.7673323,-3.0,-3.0,-82.0
1777892127.7773323,0.0,-6.0,-76.0
1777892127.7873323,0.0,-5.0,-73.0
1777892127.7973323,2.0,-4.0,-66.0
1777892127.8073325,0.0,-1.0,-71.0
1777892127.8173325,0.0,0.0,-75.0
1777892127.8273325,-3.0,0.0,-76.0
1777892127.8373325,-3.0,-3.0,-78.0
1777892127.8473325,-1.0,-1.0,-73.0
1777892127.8573325,1.0,-2.0,-72.0
1777892127.8673325,0.0,0.0,-73.0
1777892127.8773324,2.0,-1.0,-73.0
1777892127.8873324,8.0,2.0,-79.0
1777892127.8973324,8.0,4.0,-74.0
1777892127.9073324,5.0,9.0,-69.0
1777892127.9173324,7.0,9.0,-67.0
1777892127.9273324,6.0,8.0,-66.0
1777892127.9373324,5.0,0.0,-62.0
1777892127.9473324,5.0,0.0,-67.0
1777892127.9573324,4.0,-2.0,-73.0
1777892127.9673324,5.0,-4.0,-75.0
1777892127.9773324,3.0,-5.0,-65.0
1777892127.9873323,-1.0,-4.0,-74.0
1777892127.9973323,0.0,-6.0,-67.0
1777892128.0073323,5.0,-4.0,-64.0
1777892128.0173323,4.0,0.0,-65.0
1777892128.0273323,2.0,0.0,-70.0
1777892128.0373323,2.0,-1.0,-75.0
1777892128.0473323,-1.0,-2.0,-79.0
1777892128.0573325,0.0,-1.0,-80.0
1777892128.0673325,0.0,-2.0,-77.0
1777892128.0773325,-2.0,-2.0,-74.0
1777892128.0873325,1.0,0.0,-70.0
1777892128.0973325,4.0,-3.0,-70.0
1777892128.1073325,5.0,-1.0,-77.0
1777892128.1173325,4.0,0.0,-73.0
1777892128.1273324,0.0,0.0,-72.0
1777892128.1373324,1.0,-1.0,-71.0
1777892128.1473324,0.0,-4.0,-73.0
1777892128.1573324,2.0,0.0,-70.0
1777892128.1673324,4.0,0.0,-71.0
1777892128.1773324,4.0,1.0,-75.0
1777892128.1873324,2.0,0.0,-72.0
1777892128.1973324,0.0,0.0,-73.0
1777892128.2073324,2.0,-2.0,-75.0
1777892128.2173324,0.0,-4.0,-72.0
1777892128.2273324,0.0,-7.0,-74.0
1777892128.2373323,0.0,-7.0,-67.0
1777892128.2473323,2.0,-4.0,-63.0
1777892128.2573323,-1.0,0.0,-63.0
1777892128.2673323,1.0,-4.0,-69.0
1777892128.2773323,0.0,-7.0,-67.0
1777892128.2873323,-3.0,-10.0,-67.0
1777892128.2973323,0.0,-10.0,-69.0
1777892128.3073325,-2.0,-8.0,-68.0
1777892128.3173325,-2.0,-7.0,-76.0
1777892128.3273325,-1.0,-4.0,-79.0
1777892128.3373325,-4.0,-6.0,-80.0
1777892128.3473325,-7.0,-7.0,-82.0
1777892128.3573325,-7.0,-4.0,-82.0
1777892128.3673325,-8.0,-1.0,-78.0
1777892128.3773324,-10.0,0.0,-78.0
1777892128.3873324,-10.0,2.0,-82.0
1777892128.3973324,-8.0,4.0,-78.0
1777892128.4073324,-4.0,2.0,-75.0
1777892128.4173324,-5.0,0.0,-69.0
1777892128.4273324,-5.0,2.0,-66.0
1777892128.4373324,-3.0,1.0,-67.0
1777892128.4473324,0.0,2.0,-66.0
1777892128.4573324,1.0,0.0,-66.0
1777892128.4673324,3.0,2.0,-62.0
1777892128.4773324,2.0,0.0,-54.0
1777892128.4873323,0.0,-2.0,-51.0
1777892128.4973323,-1.0,1.0,-60.0
1777892128.5073323,0.0,0.0,-72.0
1777892128.5173323,0.0,-1.0,-73.0
1777892128.5273323,0.0,0.0,-78.0
1777892128.5373323,1.0,4.0,-80.0
1777892128.5473323,1.0,9.0,-78.0
1777892128.5583324,1.0,8.0,-80.0
1777892128.5673325,-1.0,7.0,-78.0
1777892128.5773325,-4.0,2.0,-73.0
1777892128.5873325,0.0,-2.0,-69.0
1777892128.5973325,1.0,-5.0,-68.0
1777892128.6073325,-2.0,-4.0,-68.0
1777892128.6173325,-4.0,-4.0,-62.0
1777892128.6273324,-3.0,-1.0,-65.0
1777892128.6373324,-2.0,-1.0,-78.0
1777892128.6473324,-8.0,-2.0,-79.0
1777892128.6573324,-6.0,-3.0,-72.0
1777892128.6673324,-3.0,-3.0,-69.0
1777892128.6773324,-1.0,-4.0,-70.0
1777892128.6873324,0.0,-5.0,-72.0
1777892128.6973324,0.0,-5.0,-76.0
1777892128.7073324,-3.0,-4.0,-74.0
1777892128.7173324,-4.0,-5.0,-63.0
1777892128.7273324,-8.0,-7.0,-62.0
1777892128.7373323,-7.0,0.0,-60.0
1777892128.7473323,-4.0,0.0,-65.0
1777892128.7573323,-3.0,1.0,-71.0
1777892128.7673323,0.0,0.0,-67.0
1777892128.7773323,2.0,-1.0,-68.0
1777892128.7873323,1.0,-1.0,-73.0
1777892128.7973323,0.0,2.0,-81.0
1777892128.8073325,-2.0,-3.0,-77.0
1777892128.8173325,0.0,-1.0,-79.0
1777892128.8273325,0.0,0.0,-84.0
1777892128.8373325,1.0,0.0,-78.0
1777892128.8473325,0.0,2.0,-71.0
1777892128.8573325,7.0,3.0,-75.0
1777892128.8673325,4.0,0.0,-80.0
1777892128.8773324,3.0,-4.0,-84.0
1777892128.8873324,5.0,-8.0,-82.0
1777892128.8973324,3.0,-6.0,-86.0
1777892128.9073324,2.0,-3.0,-93.0
1777892128.9173324,1.0,-4.0,-87.0
1777892128.9273324,-2.0,-6.0,-83.0
1777892128.9373324,-5.0,-7.0,-74.0
1777892128.9473324,-8.0,-7.0,-70.0
1777892128.9573324,-4.0,-3.0,-64.0
1777892128.9673324,1.0,0.0,-68.0
1777892128.9773324,2.0,2.0,-69.0
1777892128.9873323,1.0,5.0,-72.0
1777892128.9973323,1.0,0.0,-75.0
1777892129.0073323,-4.0,2.0,-72.0
1777892129.0173323,-5.0,0.0,-76.0
1777892129.0273323,-3.0,-2.0,-77.0
1777892129.0373323,-3.0,-3.0,-70.0
1777892129.0473323,0.0,-1.0,-68.0
1777892129.0573325,-2.0,3.0,-69.0
1777892129.0673325,-6.0,1.0,-64.0
1777892129.0773325,-5.0,-3.0,-64.0
1777892129.0873325,-4.0,-4.0,-65.0
1777892129.0973325,-1.0,-4.0,-68.0
1777892129.1073325,-1.0,-7.0,-68.0
1777892129.1173325,-3.0,-7.0,-70.0
1777892129.1273324,-3.0,-2.0,-71.0
1777892129.1373324,1.0,-2.0,-65.0
1777892129.1473324,5.0,-2.0,-59.0
1777892129.1573324,0.0,0.0,-58.0
1777892129.1673324,1.0,-5.0,-55.0
1777892129.1773324,2.0,-8.0,-48.0
1777892129.1873324,0.0,-6.0,-51.0
1777892129.1973324,-5.0,-7.0,-49.0
1777892129.2073324,-7.0,-5.0,-51.0
1777892129.2173324,-1.0,-8.0,-60.0
1777892129.2273324,-3.0,-10.0,-69.0
1777892129.2373323,0.0,-8.0,-68.0
1777892129.2473323,3.0,-7.0,-67.0
1777892129.2573323,8.0,-2.0,-67.0
1777892129.2673323,5.0,1.0,-68.0
1777892129.2773323,3.0,2.0,-69.0
1777892129.2873323,6.0,0.0,-66.0
1777892129.2973323,1.0,1.0,-64.0
1777892129.3073325,6.0,-1.0,-65.0
1777892129.3173325,6.0,-1.0,-73.0
1777892129.3273325,4.0,-3.0,-74.0
1777892129.3373325,4.0,-3.0,-67.0
1777892129.3473325,4.0,-3.0,-67.0
1777892129.3573325,3.0,-2.0,-70.0
1777892129.3673325,1.0,-3.0,-74.0
1777892129.3773324,-2.0,0.0,-72.0
1777892129.3873324,-3.0,-2.0,-70.0
1777892129.3973324,-5.0,-3.0,-73.0
1777892129.4073324,-3.0,-4.0,-75.0
1777892129.4173324,-6.0,2.0,-81.0
1777892129.4273324,-4.0,2.0,-81.0
1777892129.4373324,-3.0,1.0,-79.0
1777892129.4473324,-9.0,0.0,-73.0
1777892129.4573324,-7.0,-4.0,-78.0
1777892129.4673324,-5.0,-6.0,-73.0
1777892129.4773324,-6.0,-8.0,-77.0
1777892129.4873323,-3.0,-3.0,-72.0
1777892129.4973323,0.0,-2.0,-68.0
1777892129.5073323,-2.0,-3.0,-68.0
1777892129.5173323,-3.0,5.0,-69.0
1777892129.5273323,0.0,8.0,-80.0
1777892129.5373323,1.0,7.0,-78.0
1777892129.5473323,1.0,6.0,-70.0
1777892129.5573325,-3.0,1.0,-71.0
1777892129.5673325,1.0,1.0,-67.0
1777892129.5773325,1.0,2.0,-71.0
1777892129.5873325,0.0,6.0,-66.0
1777892129.5973325,0.0,3.0,-66.0
1777892129.6073325,6.0,2.0,-67.0
1777892129.6173325,7.0,6.0,-61.0
1777892129.6273324,2.0,4.0,-65.0
1777892129.6373324,4.0,0.0,-66.0
1777892129.6473324,3.0,0.0,-69.0
1777892129.6573324,5.0,2.0,-66.0
1777892129.6673324,4.0,5.0,-74.0
1777892129.6773324,2.0,6.0,-74.0
1777892129.6873324,-2.0,3.0,-78.0
1777892129.6973324,-1.0,1.0,-85.0
1777892129.7073324,-2.0,-1.0,-78.0
1777892129.7173324,-5.0,-4.0,-74.0
1777892129.7273324,0.0,-2.0,-70.0
1777892129.7383325,0.0,0.0,-64.0
1777892129.7483325,3.0,0.0,-61.0
1777892129.7583325,0.0,0.0,-62.0
1777892129.7683325,1.0,0.0,-57.0
1777892129.7783325,0.0,0.0,-59.0
1777892129.7883325,0.0,1.0,-62.0
1777892129.7983325,3.0,0.0,-58.0
1777892129.8083324,4.0,-2.0,-63.0
1777892129.8183324,4.0,-1.0,-73.0
1777892129.8283324,7.0,-1.0,-72.0
1777892129.8383324,4.0,-2.0,-70.0
1777892129.8483324,2.0,-1.0,-72.0
1777892129.8583324,4.0,0.0,-73.0
1777892129.8683324,2.0,6.0,-76.0
1777892129.8783324,0.0,6.0,-72.0
1777892129.8883324,0.0,7.0,-69.0
1777892129.8983324,-1.0,5.0,-64.0
1777892129.9083323,-3.0,1.0,-64.0
1777892129.9183323,0.0,1.0,-64.0
1777892129.9283323,-3.0,2.0,-62.0
1777892129.9383323,-5.0,4.0,-69.0
1777892129.9483323,-2.0,3.0,-78.0
1777892129.9583323,0.0,4.0,-71.0
1777892129.9683323,0.0,4.0,-68.0
1777892129.9783323,1.0,0.0,-71.0
1777892129.9883325,-1.0,-2.0,-70.0
1777892129.9983325,-3.0,0.0,-78.0
1777892130.0083325,-6.0,2.0,-82.0
1777892130.0183325,-8.0,-1.0,-78.0
1777892130.0283325,-6.0,-2.0,-84.0
1777892130.0383325,-2.0,-2.0,-82.0
1777892130.0483325,-3.0,1.0,-77.0
1777892130.0583324,1.0,3.0,-69.0
1777892130.0683324,3.0,3.0,-64.0
1777892130.0783324,4.0,0.0,-72.0
1777892130.0883324,1.0,-4.0,-76.0
1777892130.0983324,4.0,0.0,-80.0
1777892130.1083324,-1.0,-4.0,-71.0
1777892130.1183324,0.0,-1.0,-72.0
1777892130.1283324,0.0,0.0,-75.0
1777892130.1383324,6.0,1.0,-75.0
1777892130.1483324,3.0,4.0,-78.0
1777892130.1583323,1.0,6.0,-77.0
1777892130.1683323,4.0,5.0,-68.0
1777892130.1783323,2.0,6.0,-65.0
1777892130.1883323,0.0,5.0,-70.0
1777892130.1983323,1.0,2.0,-76.0
1777892130.2083323,4.0,0.0,-78.0
1777892130.2183323,4.0,-1.0,-74.0
1777892130.2283323,4.0,0.0,-74.0
1777892130.2383325,2.0,0.0,-69.0
1777892130.2483325,3.0,-1.0,-63.0
1777892130.2583325,6.0,2.0,-60.0
1777892130.2683325,4.0,3.0,-69.0
1777892130.2783325,3.0,-1.0,-72.0
1777892130.2883325,3.0,0.0,-70.0
1777892130.2983325,3.0,0.0,-68.0
1777892130.3083324,4.0,-5.0,-79.0
1777892130.3183324,6.0,-4.0,-81.0
1777892130.3283324,7.0,-5.0,-74.0
1777892130.3383324,12.0,-4.0,-71.0
1777892130.3483324,6.0,-1.0,-67.0
1777892130.3583324,4.0,0.0,-67.0
1777892130.3683324,2.0,0.0,-65.0
1777892130.3783324,0.0,4.0,-60.0
1777892130.3883324,0.0,2.0,-65.0
1777892130.3983324,-1.0,0.0,-65.0
1777892130.4083323,-1.0,0.0,-67.0
1777892130.4183323,0.0,1.0,-63.0
1777892130.4283323,-3.0,1.0,-61.0
1777892130.4383323,-2.0,2.0,-60.0
1777892130.4483323,-1.0,1.0,-56.0
1777892130.4583323,-4.0,6.0,-60.0
1777892130.4683323,-1.0,5.0,-67.0
1777892130.4783323,0.0,1.0,-73.0
1777892130.4883325,2.0,-2.0,-74.0
1777892130.4983325,0.0,-3.0,-75.0
1777892130.5083325,1.0,-2.0,-76.0
1777892130.5183325,1.0,0.0,-75.0
1777892130.5283325,0.0,1.0,-70.0
1777892130.5383325,1.0,3.0,-74.0
1777892130.5483325,0.0,4.0,-67.0
1777892130.5583324,0.0,0.0,-71.0
1777892130.5683324,0.0,0.0,-71.0
1777892130.5783324,0.0,-4.0,-78.0
1777892130.5883324,-3.0,-2.0,-70.0
1777892130.5983324,-4.0,-1.0,-72.0
1777892130.6083324,-1.0,1.0,-77.0
1777892130.6183324,-1.0,2.0,-78.0
1777892130.6283324,-3.0,0.0,-75.0
1777892130.6383324,2.0,-3.0,-82.0
1777892130.6483324,3.0,-7.0,-86.0
1777892130.6583323,6.0,-6.0,-79.0
1777892130.6683323,5.0,-3.0,-76.0
1777892130.6783323,4.0,-7.0,-71.0
1777892130.6883323,2.0,-2.0,-67.0
1777892130.6983323,4.0,-1.0,-68.0
1777892130.7083323,7.0,-1.0,-71.0
1777892130.7183323,0.0,-1.0,-76.0
1777892130.7283323,0.0,-2.0,-71.0
1777892130.7383325,0.0,-3.0,-65.0
1777892130.7483325,0.0,-4.0,-61.0
1777892130.7583325,5.0,1.0,-62.0
1777892130.7683325,8.0,3.0,-59.0
1777892130.7783325,2.0,2.0,-56.0
1777892130.7883325,0.0,4.0,-61.0
1777892130.7983325,0.0,1.0,-66.0
1777892130.8083324,0.0,-1.0,-70.0
1777892130.8183324,1.0,0.0,-69.0
1777892130.8283324,3.0,1.0,-73.0
1777892130.8383324,3.0,0.0,-77.0
1777892130.8483324,0.0,0.0,-65.0
1777892130.8583324,3.0,4.0,-73.0
1777892130.8683324,2.0,0.0,-72.0
1777892130.8783324,3.0,-2.0,-69.0
1777892130.8883324,1.0,-6.0,-69.0
1777892130.8983324,2.0,-7.0,-70.0
1777892130.9083323,-1.0,-2.0,-62.0
1777892130.9183323,1.0,0.0,-63.0
1777892130.9283323,4.0,0.0,-66.0
1777892130.9383323,3.0,2.0,-65.0
1777892130.9483323,1.0,3.0,-72.0
1777892130.9583323,-3.0,0.0,-78.0
1777892130.9683323,0.0,1.0,-78.0
1777892130.9783323,1.0,-2.0,-71.0
1777892130.9883325,3.0,-4.0,-67.0
1777892130.9983325,1.0,1.0,-64.0
1777892131.0083325,-1.0,2.0,-71.0
1777892131.0183325,5.0,2.0,-76.0
1777892131.0283325,6.0,1.0,-76.0
1777892131.0383325,4.0,1.0,-74.0
1777892131.0483325,5.0,-6.0,-71.0
1777892131.0583324,5.0,-3.0,-79.0
1777892131.0683324,1.0,-1.0,-76.0
1777892131.0783324,1.0,0.0,-78.0
1777892131.0883324,1.0,-1.0,-76.0
1777892131.0983324,4.0,0.0,-68.0
1777892131.1083324,2.0,0.0,-75.0
1777892131.1183324,2.0,1.0,-75.0
1777892131.1283324,6.0,-1.0,-74.0
1777892131.1383324,5.0,0.0,-66.0
1777892131.1483324,1.0,-2.0,-70.0
1777892131.1583323,2.0,-7.0,-68.0
1777892131.1683323,2.0,-6.0,-62.0
1777892131.1783323,1.0,-6.0,-61.0
1777892131.1883323,-2.0,-5.0,-61.0
1777892131.1983323,-4.0,-7.0,-68.0
1777892131.2083323,-6.0,-8.0,-70.0
1777892131.2183323,-2.0,-4.0,-64.0
1777892131.2283323,0.0,0.0,-70.0
1777892131.2383325,3.0,3.0,-66.0
1777892131.2483325,7.0,4.0,-64.0
1777892131.2583325,12.0,7.0,-65.0
1777892131.2683325,14.0,4.0,-65.0
1777892131.2783325,9.0,6.0,-65.0
1777892131.2883325,8.0,6.0,-61.0
1777892131.2983325,9.0,0.0,-72.0
1777892131.3083324,7.0,2.0,-77.0
1777892131.3183324,5.0,-1.0,-73.0
1777892131.3283324,5.0,-1.0,-66.0
1777892131.3383324,5.0,-5.0,-70.0
1777892131.3483324,5.0,-10.0,-70.0
1777892131.3583324,2.0,-7.0,-71.0
1777892131.3683324,8.0,-8.0,-65.0
1777892131.3783324,11.0,-5.0,-65.0
1777892131.3883324,10.0,-6.0,-64.0
1777892131.3983324,7.0,-3.0,-64.0
1777892131.4083323,-2.0,-7.0,-70.0
1777892131.4183323,0.0,-5.0,-63.0
1777892131.4283323,2.0,-6.0,-64.0
1777892131.4383323,-1.0,-2.0,-70.0
1777892131.4483323,0.0,-1.0,-71.0
1777892131.4583323,4.0,0.0,-70.0
1777892131.4683323,3.0,0.0,-71.0
1777892131.4783323,2.0,5.0,-72.0
1777892131.4883325,-1.0,0.0,-75.0
1777892131.4983325,3.0,-2.0,-75.0
1777892131.5083325,6.0,-5.0,-73.0
1777892131.5183325,8.0,-6.0,-71.0
1777892131.5283325,6.0,-7.0,-73.0
1777892131.5383325,7.0,-8.0,-73.0
1777892131.5483325,3.0,-10.0,-71.0
1777892131.5583324,2.0,-6.0,-70.0
1777892131.5683324,1.0,0.0,-73.0
1777892131.5783324,2.0,0.0,-79.0
1777892131.5883324,5.0,1.0,-83.0
1777892131.5983324,3.0,1.0,-77.0
1777892131.6083324,-5.0,3.0,-69.0
1777892131.6183324,0.0,3.0,-65.0
1777892131.6283324,0.0,4.0,-73.0
1777892131.6383324,1.0,8.0,-77.0
1777892131.6483324,4.0,9.0,-75.0
1777892131.6583323,2.0,10.0,-76.0
1777892131.6683323,0.0,8.0,-77.0
1777892131.6783323,0.0,9.0,-73.0
1777892131.6883323,-2.0,11.0,-74.0
1777892131.6993325,2.0,6.0,-77.0
1777892131.7093325,1.0,5.0,-75.0
1777892131.7183323,4.0,3.0,-78.0
1777892131.7293324,7.0,1.0,-71.0
1777892131.7393324,4.0,0.0,-69.0
1777892131.7493324,9.0,5.0,-69.0
1777892131.7593324,8.0,5.0,-67.0
1777892131.7693324,5.0,3.0,-65.0
1777892131.7793324,3.0,1.0,-69.0
1777892131.7893324,0.0,2.0,-76.0
1777892131.7993324,-1.0,0.0,-70.0
1777892131.8093324,1.0,-1.0,-68.0
1777892131.8193324,1.0,-2.0,-68.0
1777892131.8293324,6.0,-1.0,-67.0
1777892131.8393323,6.0,-3.0,-67.0
1777892131.8493323,4.0,-6.0,-69.0
1777892131.8593323,3.0,-6.0,-70.0
1777892131.8693323,4.0,-5.0,-75.0
1777892131.8793323,4.0,-4.0,-80.0
1777892131.8893323,7.0,-4.0,-75.0
1777892131.8993323,8.0,1.0,-74.0
1777892131.9093325,6.0,4.0,-73.0
1777892131.9193325,3.0,9.0,-77.0
1777892131.9293325,4.0,8.0,-73.0
1777892131.9393325,4.0,6.0,-79.0
1777892131.9493325,3.0,1.0,-76.0
1777892131.9593325,2.0,3.0,-74.0
1777892131.9693325,-4.0,5.0,-71.0
1777892131.9793324,2.0,5.0,-75.0
1777892131.9893324,1.0,2.0,-76.0
1777892131.9993324,1.0,2.0,-73.0
1777892132.0093324,1.0,-3.0,-73.0
1777892132.0193324,6.0,-3.0,-73.0
1777892132.0293324,4.0,-3.0,-65.0
1777892132.0393324,4.0,-6.0,-64.0
1777892132.0493324,3.0,-4.0,-61.0
1777892132.0593324,4.0,-2.0,-61.0
1777892132.0693324,3.0,-2.0,-65.0
1777892132.0793324,1.0,-1.0,-67.0
1777892132.0893323,4.0,1.0,-72.0
1777892132.0993323,4.0,2.0,-68.0
1777892132.1093323,-2.0,-4.0,-64.0
1777892132.1193323,-5.0,-4.0,-70.0
1777892132.1293323,-4.0,-2.0,-71.0
1777892132.1393323,-4.0,0.0,-73.0
1777892132.1493323,-3.0,0.0,-79.0
1777892132.1593325,0.0,-5.0,-79.0
1777892132.1693325,0.0,-5.0,-82.0
1777892132.1793325,1.0,-5.0,-75.0
1777892132.1893325,10.0,-4.0,-74.0
1777892132.1993325,6.0,-6.0,-68.0
1777892132.2093325,5.0,-6.0,-61.0
1777892132.2193325,3.0,-3.0,-62.0
1777892132.2293324,8.0,-3.0,-63.0
1777892132.2393324,3.0,0.0,-61.0
1777892132.2493324,4.0,0.0,-65.0
1777892132.2593324,5.0,-7.0,-64.0
1777892132.2693324,7.0,-6.0,-63.0
1777892132.2793324,7.0,-6.0,-57.0
1777892132.2893324,7.0,-6.0,-61.0
1777892132.2993324,9.0,-7.0,-61.0
1777892132.3093324,8.0,-2.0,-63.0
1777892132.3193324,5.0,-1.0,-66.0
1777892132.3293324,1.0,0.0,-70.0
1777892132.3393323,1.0,1.0,-70.0
1777892132.3493323,2.0,1.0,-69.0
1777892132.3593323,5.0,4.0,-72.0
1777892132.3693323,8.0,1.0,-70.0
1777892132.3793323,6.0,0.0,-69.0
1777892132.3893323,0.0,-1.0,-64.0
1777892132.3993323,0.0,-4.0,-64.0
1777892132.4093325,2.0,-2.0,-65.0
1777892132.4193325,2.0,-1.0,-64.0
1777892132.4293325,4.0,-1.0,-67.0
1777892132.4393325,3.0,0.0,-61.0
1777892132.4493325,2.0,2.0,-73.0
1777892132.4593325,7.0,0.0,-72.0
1777892132.4693325,6.0,-2.0,-75.0
1777892132.4793324,5.0,-1.0,-74.0
1777892132.4893324,6.0,0.0,-74.0
1777892132.4993324,2.0,-1.0,-75.0
1777892132.5093324,0.0,-2.0,-74.0
1777892132.5193324,-1.0,0.0,-72.0
1777892132.5293324,-1.0,0.0,-70.0
1777892132.5393324,-4.0,1.0,-73.0
1777892132.5493324,1.0,-2.0,-72.0
1777892132.5593324,0.0,-7.0,-78.0
1777892132.5693324,5.0,-10.0,-74.0
1777892132.5793324,3.0,-11.0,-65.0
1777892132.5893323,3.0,-11.0,-71.0
1777892132.5993323,2.0,-10.0,-73.0
1777892132.6093323,5.0,-9.0,-77.0
1777892132.6193323,6.0,-8.0,-76.0
1777892132.6293323,3.0,-8.0,-72.0
1777892132.6393323,2.0,-9.0,-65.0
1777892132.6493323,3.0,-12.0,-61.0
1777892132.6593325,1.0,-14.0,-61.0
1777892132.6693325,5.0,-10.0,-69.0
1777892132.6793325,4.0,-10.0,-72.0
1777892132.6893325,-1.0,-8.0,-72.0
1777892132.6993325,-2.0,-3.0,-66.0
1777892132.7093325,-6.0,-2.0,-65.0
1777892132.7193325,-4.0,-2.0,-69.0
1777892132.7293324,-3.0,-2.0,-77.0
1777892132.7393324,-4.0,-1.0,-82.0
1777892132.7493324,-2.0,-2.0,-76.0
1777892132.7593324,-2.0,-9.0,-79.0
1777892132.7693324,-1.0,-8.0,-78.0
1777892132.7793324,-2.0,-5.0,-71.0
1777892132.7893324,-2.0,-6.0,-73.0
1777892132.7993324,-6.0,-4.0,-73.0
1777892132.8093324,-1.0,-2.0,-72.0
1777892132.8193324,-3.0,3.0,-68.0
1777892132.8293324,-3.0,5.0,-73.0
1777892132.8393323,-4.0,5.0,-74.0
1777892132.8493323,-1.0,1.0,-71.0
1777892132.8593323,5.0,3.0,-77.0
1777892132.8693323,1.0,2.0,-73.0
1777892132.8793323,3.0,1.0,-75.0
1777892132.8893323,0.0,1.0,-64.0
1777892132.8993323,0.0,2.0,-70.0
1777892132.9093325,3.0,-1.0,-73.0
1777892132.9193325,7.0,-1.0,-66.0
1777892132.9293325,6.0,-6.0,-65.0
1777892132.9393325,4.0,-7.0,-69.0
1777892132.9493325,6.0,-6.0,-68.0
1777892132.9593325,3.0,-10.0,-71.0
1777892132.9693325,0.0,-7.0,-72.0
1777892132.9793324,-2.0,-2.0,-73.0
1777892132.9893324,-2.0,0.0,-72.0
1777892132.9993324,1.0,-2.0,-74.0
1777892133.0093324,-1.0,2.0,-73.0
1777892133.0193324,1.0,1.0,-73.0
1777892133.0293324,3.0,1.0,-77.0
1777892133.0393324,2.0,2.0,-80.0
1777892133.0493324,0.0,2.0,-86.0
1777892133.0593324,0.0,1.0,-85.0
1777892133.0693324,-1.0,1.0,-84.0
1777892133.0793324,-4.0,3.0,-80.0
1777892133.0893323,-1.0,2.0,-76.0
1777892133.0993323,-5.0,4.0,-74.0
1777892133.1093323,-5.0,0.0,-77.0
1777892133.1193323,-2.0,-1.0,-78.0
1777892133.1293323,-1.0,3.0,-80.0
1777892133.1393323,-1.0,5.0,-70.0
1777892133.1493323,-4.0,4.0,-73.0
1777892133.1593325,-5.0,0.0,-74.0
1777892133.1693325,-3.0,5.0,-69.0
1777892133.1793325,1.0,3.0,-64.0
1777892133.1893325,2.0,2.0,-65.0
1777892133.1993325,1.0,1.0,-60.0
1777892133.2093325,0.0,5.0,-60.0
1777892133.2193325,1.0,1.0,-60.0
1777892133.2293324,1.0,4.0,-62.0
1777892133.2393324,-1.0,3.0,-65.0
1777892133.2493324,-3.0,0.0,-69.0
1777892133.2593324,-1.0,0.0,-75.0
1777892133.2693324,-2.0,0.0,-69.0
1777892133.2793324,-2.0,-4.0,-64.0
1777892133.2893324,1.0,-3.0,-64.0
1777892133.2993324,-3.0,-5.0,-68.0
1777892133.3093324,-1.0,0.0,-67.0
1777892133.3193324,0.0,1.0,-68.0
1777892133.3293324,-1.0,0.0,-61.0
1777892133.3393323,-2.0,-1.0,-61.0
1777892133.3493323,0.0,0.0,-55.0
1777892133.3593323,4.0,2.0,-61.0
1777892133.3693323,6.0,4.0,-63.0
1777892133.3793323,10.0,0.0,-63.0
1777892133.3893323,8.0,0.0,-62.0
1777892133.3993323,2.0,-5.0,-65.0
1777892133.4093325,0.0,-9.0,-67.0
1777892133.4193325,-1.0,-7.0,-67.0
1777892133.4293325,2.0,-6.0,-60.0
1777892133.4393325,3.0,-5.0,-65.0
1777892133.4493325,0.0,0.0,-62.0
1777892133.4593325,0.0,-2.0,-58.0
1777892133.4693325,0.0,-2.0,-66.0
1777892133.4793324,-2.0,-4.0,-66.0
1777892133.4893324,1.0,2.0,-62.0
1777892133.4993324,3.0,5.0,-60.0
1777892133.5093324,5.0,5.0,-67.0
1777892133.5193324,4.0,4.0,-76.0
1777892133.5293324,3.0,7.0,-82.0
1777892133.5393324,5.0,5.0,-81.0
1777892133.5493324,5.0,2.0,-79.0
1777892133.5593324,7.0,2.0,-75.0
1777892133.5693324,9.0,-3.0,-79.0
1777892133.5793324,7.0,-2.0,-77.0
1777892133.5893323,3.0,-4.0,-72.0
1777892133.5993323,1.0,-4.0,-76.0
1777892133.6093323,-1.0,0.0,-79.0
1777892133.6193323,3.0,-1.0,-80.0
1777892133.6293323,8.0,1.0,-75.0
1777892133.6393323,5.0,0.0,-66.0
1777892133.6493323,2.0,0.0,-67.0
1777892133.6593325,0.0,-4.0,-67.0
1777892133.6703324,-1.0,-4.0,-68.0
1777892133.6793325,1.0,-4.0,-67.0
1777892133.6893325,0.0,-6.0,-66.0
1777892133.6993325,1.0,-2.0,-62.0
1777892133.7093325,0.0,1.0,-61.0
1777892133.7203324,0.0,2.0,-65.0
1777892133.7303324,0.0,1.0,-73.0
1777892133.7403324,-2.0,-1.0,-74.0
1777892133.7503324,0.0,-2.0,-70.0
1777892133.7603323,6.0,1.0,-71.0
1777892133.7703323,3.0,1.0,-64.0
1777892133.7803323,-4.0,-1.0,-71.0
1777892133.7903323,-2.0,0.0,-67.0
1777892133.8003323,0.0,3.0,-68.0
1777892133.8103323,-1.0,0.0,-60.0
1777892133.8203323,1.0,-3.0,-57.0
1777892133.8303325,3.0,0.0,-56.0
1777892133.8403325,4.0,0.0,-57.0
1777892133.8503325,3.0,3.0,-69.0
1777892133.8603325,-1.0,0.0,-72.0
1777892133.8703325,1.0,0.0,-69.0
1777892133.8803325,1.0,-2.0,-73.0
1777892133.8903325,5.0,-6.0,-87.0
1777892133.9003325,5.0,-3.0,-79.0
1777892133.9103324,4.0,-7.0,-73.0
1777892133.9203324,3.0,-5.0,-65.0
1777892133.9303324,0.0,-4.0,-60.0
1777892133.9403324,3.0,0.0,-60.0
1777892133.9503324,0.0,3.0,-68.0
1777892133.9603324,-3.0,-4.0,-68.0
1777892133.9703324,-4.0,-4.0,-66.0
1777892133.9803324,-2.0,-2.0,-70.0
1777892133.9903324,3.0,-3.0,-67.0
1777892134.0003324,-1.0,-4.0,-70.0
1777892134.0103323,1.0,-3.0,-69.0
1777892134.0203323,3.0,-1.0,-69.0
1777892134.0303323,2.0,-3.0,-74.0
1777892134.0403323,5.0,1.0,-71.0
1777892134.0503323,3.0,2.0,-67.0
1777892134.0603323,3.0,1.0,-64.0
1777892134.0703323,2.0,-2.0,-65.0
1777892134.0803325,0.0,-7.0,-71.0
1777892134.0903325,-3.0,-3.0,-82.0
1777892134.1003325,-5.0,-3.0,-70.0
1777892134.1103325,-5.0,-4.0,-66.0
1777892134.1203325,-3.0,-3.0,-60.0
1777892134.1303325,-4.0,-4.0,-64.0
1777892134.1403325,-2.0,-4.0,-65.0
1777892134.1503325,-1.0,0.0,-68.0
1777892134.1603324,0.0,-4.0,-66.0
1777892134.1703324,-7.0,-6.0,-62.0
1777892134.1803324,-6.0,0.0,-70.0
1777892134.1903324,-3.0,2.0,-68.0
1777892134.2003324,-2.0,0.0,-69.0
1777892134.2103324,-4.0,-1.0,-70.0
1777892134.2203324,0.0,0.0,-66.0
1777892134.2303324,2.0,-4.0,-63.0
1777892134.2403324,7.0,-7.0,-68.0
1777892134.2503324,5.0,-11.0,-71.0
1777892134.2603323,4.0,-11.0,-71.0
1777892134.2703323,0.0,-10.0,-65.0
1777892134.2803323,2.0,-8.0,-74.0
1777892134.2903323,5.0,-5.0,-72.0
1777892134.3003323,6.0,-3.0,-68.0
1777892134.3103323,6.0,-6.0,-68.0
1777892134.3203323,7.0,-4.0,-63.0
1777892134.3303325,9.0,-1.0,-61.0
1777892134.3403325,12.0,1.0,-61.0
1777892134.3503325,12.0,0.0,-64.0
1777892134.3603325,10.0,0.0,-64.0
1777892134.3703325,13.0,0.0,-71.0
1777892134.3803325,13.0,-2.0,-73.0
1777892134.3903325,7.0,0.0,-68.0
1777892134.4003325,4.0,3.0,-70.0
1777892134.4103324,0.0,1.0,-75.0
1777892134.4203324,-6.0,-2.0,-71.0
1777892134.4303324,-2.0,-1.0,-64.0
1777892134.4403324,4.0,3.0,-66.0
1777892134.4503324,1.0,6.0,-69.0
1777892134.4603324,0.0,6.0,-71.0
1777892134.4703324,3.0,8.0,-70.0
1777892134.4803324,-1.0,5.0,-79.0
1777892134.4903324,0.0,1.0,-78.0
1777892134.5003324,5.0,1.0,-75.0
1777892134.5103323,5.0,1.0,-65.0
1777892134.5203323,4.0,2.0,-63.0
1777892134.5303323,4.0,5.0,-69.0
1777892134.5403323,1.0,8.0,-68.0
1777892134.5503323,0.0,9.0,-66.0
1777892134.5603323,-2.0,12.0,-71.0
1777892134.5703323,-1.0,14.0,-72.0
1777892134.5803325,-4.0,9.0,-68.0
1777892134.5903325,-2.0,4.0,-67.0
1777892134.6003325,1.0,7.0,-66.0
1777892134.6103325,2.0,9.0,-61.0
1777892134.6203325,2.0,7.0,-55.0
1777892134.6303325,1.0,4.0,-59.0
1777892134.6403325,3.0,2.0,-59.0
1777892134.6503325,4.0,0.0,-54.0
1777892134.6603324,2.0,4.0,-57.0
1777892134.6703324,6.0,4.0,-66.0
1777892134.6803324,9.0,3.0,-64.0
1777892134.6903324,10.0,2.0,-66.0
1777892134.7003324,8.0,1.0,-65.0
1777892134.7103324,6.0,1.0,-69.0
1777892134.7203324,7.0,0.0,-66.0
1777892134.7303324,6.0,1.0,-68.0
1777892134.7403324,7.0,3.0,-63.0
1777892134.7503324,8.0,3.0,-61.0
1777892134.7603323,2.0,0.0,-64.0
1777892134.7703323,-1.0,-2.0,-65.0
1777892134.7803323,-3.0,-1.0,-62.0
1777892134.7903323,-3.0,-1.0,-61.0
1777892134.8003323,-1.0,-2.0,-64.0
1777892134.8103323,-3.0,0.0,-67.0
1777892134.8203323,-4.0,-1.0,-73.0
1777892134.8303325,0.0,-2.0,-71.0
1777892134.8403325,1.0,-5.0,-77.0
1777892134.8503325,-6.0,-8.0,-85.0
1777892134.8603325,-2.0,-9.0,-86.0
1777892134.8703325,0.0,-4.0,-82.0
1777892134.8803325,5.0,-3.0,-80.0
1777892134.8903325,5.0,-1.0,-79.0
1777892134.9003325,2.0,2.0,-77.0
1777892134.9103324,4.0,1.0,-73.0
1777892134.9203324,2.0,-3.0,-70.0
1777892134.9303324,0.0,-5.0,-73.0
1777892134.9403324,2.0,-2.0,-74.0
1777892134.9503324,0.0,0.0,-74.0
1777892134.9603324,-2.0,0.0,-74.0
1777892134.9703324,-2.0,0.0,-83.0
1777892134.9803324,0.0,1.0,-80.0
1777892134.9903324,-1.0,-2.0,-74.0
1777892135.0003324,-5.0,-2.0,-74.0
1777892135.0103323,-2.0,1.0,-72.0
1777892135.0203323,-2.0,5.0,-70.0
1777892135.0303323,0.0,6.0,-71.0
1777892135.0403323,6.0,3.0,-74.0
1777892135.0503323,8.0,1.0,-75.0
1777892135.0603323,3.0,0.0,-70.0
1777892135.0703323,2.0,-3.0,-71.0
1777892135.0803325,0.0,-7.0,-75.0
1777892135.0903325,0.0,-4.0,-70.0
1777892135.1003325,-2.0,-1.0,-73.0
1777892135.1103325,-4.0,0.0,-71.0
1777892135.1203325,-2.0,-1.0,-66.0
1777892135.1303325,-5.0,-4.0,-62.0
1777892135.1403325,1.0,-4.0,-64.0
1777892135.1503325,8.0,-3.0,-72.0
1777892135.1603324,9.0,-5.0,-64.0
1777892135.1703324,10.0,-4.0,-59.0
1777892135.1803324,10.0,-4.0,-62.0
1777892135.1903324,9.0,-5.0,-68.0
1777892135.2003324,9.0,-9.0,-71.0
1777892135.2103324,9.0,-10.0,-70.0
1777892135.2203324,12.0,-9.0,-72.0
1777892135.2303324,7.0,-6.0,-64.0
1777892135.2403324,4.0,-6.0,-72.0
1777892135.2503324,9.0,-5.0,-81.0
1777892135.2603323,8.0,-4.0,-76.0
1777892135.2703323,7.0,-8.0,-75.0
1777892135.2803323,7.0,-8.0,-80.0
1777892135.2903323,1.0,-3.0,-80.0
1777892135.3003323,0.0,-5.0,-83.0
1777892135.3103323,0.0,-5.0,-79.0
1777892135.3203323,-4.0,-3.0,-76.0
1777892135.3303325,-3.0,-3.0,-75.0
1777892135.3403325,-2.0,0.0,-71.0
1777892135.3503325,-1.0,-4.0,-68.0
1777892135.3603325,-2.0,-3.0,-70.0
1777892135.3703325,2.0,-7.0,-75.0
1777892135.3803325,0.0,-10.0,-66.0
1777892135.3903325,-1.0,-8.0,-61.0
1777892135.4003325,2.0,-3.0,-59.0
1777892135.4103324,0.0,-6.0,-59.0
1777892135.4203324,1.0,-4.0,-60.0
1777892135.4303324,5.0,-4.0,-66.0
1777892135.4403324,1.0,-4.0,-70.0
1777892135.4503324,-1.0,-3.0,-65.0
1777892135.4603324,2.0,-4.0,-64.0
1777892135.4703324,3.0,-1.0,-63.0
1777892135.4803324,5.0,-1.0,-61.0
1777892135.4903324,1.0,-4.0,-63.0
1777892135.5003324,7.0,-8.0,-66.0
1777892135.5103323,6.0,-8.0,-70.0
1777892135.5203323,6.0,-8.0,-67.0
1777892135.5303323,3.0,-3.0,-62.0
1777892135.5403323,7.0,-3.0,-59.0
1777892135.5503323,6.0,-2.0,-53.0
1777892135.5603323,4.0,0.0,-56.0
1777892135.5703323,0.0,0.0,-67.0
1777892135.5803325,-5.0,1.0,-70.0
1777892135.5903325,-4.0,1.0,-71.0
1777892135.6003325,-1.0,2.0,-70.0
1777892135.6103325,0.0,0.0,-73.0
1777892135.6203325,0.0,-4.0,-77.0
1777892135.6303325,1.0,-2.0,-82.0
1777892135.6403325,-2.0,2.0,-86.0
1777892135.6503325,1.0,0.0,-83.0
1777892135.6603324,1.0,-2.0,-81.0
1777892135.6703324,0.0,-2.0,-83.0
1777892135.6803324,-2.0,-2.0,-85.0
1777892135.6903324,0.0,-7.0,-79.0
1777892135.7003324,-1.0,-9.0,-78.0
1777892135.7103324,0.0,-5.0,-85.0
1777892135.7213323,1.0,0.0,-79.0
1777892135.7313323,2.0,0.0,-67.0
1777892135.7413323,1.0,-4.0,-70.0
1777892135.7513323,1.0,-7.0,-73.0
1777892135.7613325,1.0,-3.0,-68.0
1777892135.7713325,4.0,-1.0,-75.0
1777892135.7813325,3.0,-5.0,-78.0
1777892135.7913325,-1.0,-11.0,-85.0
1777892135.8013325,0.0,-9.0,-78.0
1777892135.8113325,1.0,-4.0,-80.0
1777892135.8213325,1.0,-2.0,-81.0
1777892135.8313324,10.0,-3.0,-73.0
1777892135.8413324,6.0,-4.0,-74.0
1777892135.8513324,4.0,-4.0,-72.0
1777892135.8613324,4.0,-2.0,-80.0
1777892135.8713324,3.0,-5.0,-73.0
1777892135.8813324,7.0,-4.0,-67.0
1777892135.8913324,5.0,0.0,-68.0
1777892135.9013324,3.0,-1.0,-75.0
1777892135.9113324,6.0,-3.0,-80.0
1777892135.9213324,3.0,-4.0,-77.0
1777892135.9313323,3.0,-6.0,-72.0
1777892135.9413323,6.0,-9.0,-72.0
1777892135.9513323,4.0,-7.0,-70.0
1777892135.9613323,2.0,-5.0,-70.0
1777892135.9713323,8.0,-4.0,-72.0
1777892135.9813323,5.0,-3.0,-76.0
1777892135.9913323,4.0,-1.0,-76.0
1777892136.0013323,2.0,1.0,-81.0
1777892136.0113325,0.0,1.0,-82.0
1777892136.0213325,3.0,0.0,-82.0
1777892136.0313325,2.0,0.0,-76.0
1777892136.0413325,1.0,0.0,-82.0
1777892136.0513325,0.0,2.0,-82.0
1777892136.0613325,-1.0,3.0,-82.0
1777892136.0713325,-2.0,2.0,-81.0
1777892136.0813324,0.0,4.0,-69.0
1777892136.0913324,0.0,4.0,-69.0
1777892136.1013324,0.0,4.0,-71.0
1777892136.1113324,0.0,5.0,-72.0
1777892136.1213324,1.0,3.0,-71.0
1777892136.1313324,3.0,-1.0,-71.0
1777892136.1413324,2.0,-5.0,-72.0
1777892136.1513324,1.0,-7.0,-70.0
1777892136.1613324,1.0,-6.0,-74.0
1777892136.1713324,-4.0,-5.0,-77.0
1777892136.1813323,-4.0,-5.0,-75.0
1777892136.1913323,0.0,-3.0,-72.0
1777892136.2013323,1.0,0.0,-67.0
1777892136.2113323,-5.0,0.0,-67.0
1777892136.2213323,-5.0,-1.0,-64.0
1777892136.2313323,1.0,0.0,-67.0
1777892136.2413323,1.0,-4.0,-65.0
1777892136.2513323,-2.0,-4.0,-67.0
1777892136.2613325,-6.0,-6.0,-62.0
1777892136.2713325,-3.0,-8.0,-62.0
1777892136.2813325,2.0,-7.0,-71.0
1777892136.2913325,0.0,-6.0,-75.0
1777892136.3013325,-2.0,-7.0,-74.0
1777892136.3113325,1.0,-7.0,-79.0
1777892136.3213325,2.0,-4.0,-79.0
1777892136.3313324,0.0,-2.0,-70.0
1777892136.3413324,0.0,-2.0,-71.0
1777892136.3513324,-1.0,-4.0,-76.0
1777892136.3613324,-1.0,-2.0,-79.0
1777892136.3713324,-2.0,-2.0,-80.0
1777892136.3813324,0.0,-3.0,-78.0
1777892136.3913324,5.0,-3.0,-75.0
1777892136.4013324,6.0,-3.0,-76.0
1777892136.4113324,5.0,-1.0,-70.0
1777892136.4213324,3.0,-2.0,-68.0
1777892136.4313323,3.0,-2.0,-70.0
1777892136.4413323,6.0,-4.0,-68.0
1777892136.4513323,3.0,-6.0,-66.0
1777892136.4613323,5.0,-6.0,-74.0
1777892136.4713323,1.0,-6.0,-74.0
1777892136.4813323,0.0,-7.0,-74.0
1777892136.4913323,-2.0,-8.0,-76.0
1777892136.5013323,-1.0,-11.0,-80.0
1777892136.5113325,-7.0,-9.0,-82.0
1777892136.5213325,-8.0,-7.0,-73.0
1777892136.5313325,-5.0,-9.0,-72.0
1777892136.5413325,-3.0,-11.0,-69.0
1777892136.5513325,-6.0,-15.0,-67.0
1777892136.5613325,-13.0,-11.0,-71.0
1777892136.5713325,-6.0,-12.0,-73.0
1777892136.5813324,-4.0,-7.0,-79.0
1777892136.5913324,-2.0,-6.0,-83.0
1777892136.6013324,1.0,-2.0,-80.0
1777892136.6113324,3.0,-2.0,-75.0
1777892136.6213324,-2.0,-6.0,-77.0
1777892136.6313324,0.0,-5.0,-74.0
1777892136.6413324,4.0,0.0,-70.0
1777892136.6513324,0.0,2.0,-76.0
1777892136.6613324,1.0,0.0,-69.0
1777892136.6713324,1.0,1.0,-69.0
1777892136.6813323,5.0,5.0,-73.0
1777892136.6913323,3.0,4.0,-71.0
1777892136.7013323,7.0,0.0,-76.0
1777892136.7113323,8.0,2.0,-74.0
1777892136.7213323,4.0,1.0,-75.0
1777892136.7313323,6.0,2.0,-73.0
1777892136.7413323,5.0,4.0,-75.0
1777892136.7513323,6.0,1.0,-73.0
1777892136.7613325,8.0,2.0,-80.0
1777892136.7713325,7.0,-2.0,-77.0
1777892136.7813325,3.0,-4.0,-72.0
1777892136.7913325,-2.0,-7.0,-74.0
1777892136.8013325,-1.0,-4.0,-75.0
1777892136.8113325,0.0,-2.0,-78.0
1777892136.8213325,-2.0,0.0,-83.0
1777892136.8313324,3.0,0.0,-84.0
1777892136.8413324,1.0,1.0,-82.0
1777892136.8513324,0.0,0.0,-82.0
1777892136.8613324,0.0,-4.0,-84.0
1777892136.8713324,3.0,0.0,-78.0
1777892136.8813324,3.0,0.0,-72.0
1777892136.8913324,5.0,-1.0,-70.0
1777892136.9013324,5.0,-3.0,-68.0
1777892136.9113324,3.0,-7.0,-69.0
1777892136.9213324,0.0,-2.0,-68.0
1777892136.9313323,2.0,-2.0,-70.0
1777892136.9413323,8.0,-2.0,-70.0
1777892136.9513323,8.0,-1.0,-73.0
1777892136.9613323,11.0,-2.0,-71.0
1777892136.9713323,8.0,-1.0,-71.0
1777892136.9813323,2.0,-3.0,-72.0
1777892136.9913323,-1.0,0.0,-72.0
1777892137.0013323,-3.0,0.0,-66.0
1777892137.0113325,-5.0,-4.0,-61.0
1777892137.0213325,-5.0,-5.0,-65.0
1777892137.0313325,-3.0,-3.0,-70.0
1777892137.0413325,-1.0,-1.0,-77.0
1777892137.0513325,-2.0,0.0,-78.0
1777892137.0613325,0.0,0.0,-74.0
1777892137.0713325,0.0,-1.0,-64.0
1777892137.0813324,0.0,-3.0,-67.0
1777892137.0913324,0.0,-5.0,-65.0
1777892137.1013324,1.0,-1.0,-70.0
1777892137.1113324,0.0,1.0,-69.0
1777892137.1213324,0.0,0.0,-69.0
1777892137.1313324,0.0,4.0,-79.0
1777892137.1413324,-1.0,3.0,-70.0
1777892137.1513324,1.0,0.0,-69.0
1777892137.1613324,0.0,0.0,-71.0
1777892137.1713324,-1.0,3.0,-70.0
1777892137.1813323,-2.0,0.0,-68.0
1777892137.1913323,-3.0,-3.0,-68.0
1777892137.2023325,-3.0,-2.0,-59.0
1777892137.2113323,2.0,0.0,-58.0
1777892137.2213323,3.0,3.0,-52.0
1777892137.2313323,5.0,3.0,-66.0
1777892137.2413323,0.0,3.0,-68.0
1777892137.2513323,1.0,0.0,-68.0
1777892137.2613325,1.0,0.0,-69.0
1777892137.2713325,0.0,1.0,-65.0
1777892137.2813325,1.0,-3.0,-64.0
1777892137.2913325,4.0,-1.0,-67.0
1777892137.3013325,4.0,0.0,-69.0
1777892137.3113325,2.0,0.0,-76.0
1777892137.3213325,0.0,-5.0,-72.0
1777892137.3313324,1.0,-5.0,-71.0
1777892137.3413324,3.0,-3.0,-70.0
1777892137.3513324,5.0,-7.0,-65.0
1777892137.3613324,2.0,-7.0,-64.0
1777892137.3713324,1.0,-7.0,-65.0
1777892137.3813324,2.0,-5.0,-66.0
1777892137.3913324,7.0,-2.0,-63.0
1777892137.4013324,7.0,-2.0,-69.0
1777892137.4113324,8.0,0.0,-69.0
1777892137.4213324,5.0,0.0,-69.0
1777892137.4313323,3.0,0.0,-78.0
1777892137.4413323,2.0,4.0,-77.0
1777892137.4513323,4.0,3.0,-76.0
1777892137.4613323,0.0,1.0,-75.0
1777892137.4713323,-4.0,1.0,-80.0
1777892137.4813323,-2.0,1.0,-78.0
1777892137.4913323,-1.0,-1.0,-84.0
1777892137.5013323,0.0,0.0,-83.0
1777892137.5113325,0.0,-2.0,-80.0
1777892137.5213325,-2.0,-2.0,-76.0
1777892137.5313325,-1.0,-3.0,-73.0
1777892137.5413325,0.0,-2.0,-76.0
1777892137.5513325,0.0,0.0,-70.0
1777892137.5613325,-1.0,0.0,-68.0
1777892137.5713325,-1.0,-2.0,-68.0
1777892137.5813324,-4.0,0.0,-63.0
1777892137.5913324,-5.0,0.0,-71.0
1777892137.6013324,-3.0,-2.0,-74.0
1777892137.6113324,-5.0,-4.0,-74.0
1777892137.6213324,-4.0,-2.0,-70.0
1777892137.6313324,-3.0,-3.0,-66.0
1777892137.6413324,-2.0,-3.0,-70.0
1777892137.6513324,-4.0,-5.0,-70.0
1777892137.6613324,-6.0,-4.0,-73.0
1777892137.6713324,-1.0,-4.0,-72.0
1777892137.6813323,0.0,-3.0,-72.0
1777892137.6923325,0.0,-4.0,-74.0
1777892137.7023325,4.0,-4.0,-72.0
1777892137.7123325,7.0,-3.0,-73.0
1777892137.7223325,2.0,-4.0,-70.0
1777892137.7323325,5.0,-7.0,-77.0
1777892137.7423325,4.0,-8.0,-78.0
1777892137.7523324,6.0,-7.0,-79.0
1777892137.7623324,9.0,-12.0,-76.0
1777892137.7723324,8.0,-12.0,-78.0
1777892137.7823324,1.0,-8.0,-76.0
1777892137.7923324,0.0,-8.0,-83.0
1777892137.8023324,1.0,-9.0,-80.0
1777892137.8123324,5.0,-8.0,-81.0
1777892137.8223324,5.0,-8.0,-80.0
1777892137.8323324,6.0,-6.0,-74.0
1777892137.8423324,5.0,-4.0,-69.0
1777892137.8523324,8.0,-3.0,-67.0
1777892137.8623323,8.0,-2.0,-66.0
1777892137.8723323,8.0,-7.0,-69.0
1777892137.8823323,7.0,-11.0,-68.0
1777892137.8923323,8.0,-6.0,-63.0
1777892137.9023323,6.0,-7.0,-64.0
1777892137.9123323,2.0,-10.0,-61.0
1777892137.9223323,0.0,-5.0,-60.0
1777892137.9323325,0.0,-4.0,-60.0
1777892137.9423325,4.0,-6.0,-61.0
1777892137.9523325,5.0,-6.0,-61.0
1777892137.9623325,0.0,-6.0,-66.0
1777892137.9723325,0.0,-5.0,-66.0
1777892137.9823325,-1.0,-2.0,-72.0
1777892137.9923325,-1.0,0.0,-75.0
1777892138.0023324,-1.0,2.0,-74.0
1777892138.0123324,-3.0,0.0,-74.0
1777892138.0223324,-5.0,2.0,-73.0
1777892138.0323324,-7.0,0.0,-77.0
1777892138.0423324,-2.0,-2.0,-72.0
1777892138.0523324,-3.0,-1.0,-72.0
1777892138.0623324,-2.0,0.0,-67.0
1777892138.0723324,0.0,0.0,-67.0
1777892138.0823324,0.0,0.0,-71.0
1777892138.0923324,1.0,-1.0,-70.0
1777892138.1023324,4.0,-5.0,-72.0
1777892138.1123323,6.0,-3.0,-67.0
1777892138.1223323,6.0,-3.0,-67.0
1777892138.1323323,4.0,-5.0,-67.0
1777892138.1423323,5.0,-1.0,-70.0
1777892138.1523323,5.0,-5.0,-75.0
1777892138.1623323,3.0,-4.0,-75.0
1777892138.1733325,-1.0,0.0,-78.0
1777892138.1823325,-5.0,0.0,-74.0
1777892138.1923325,-5.0,0.0,-71.0
1777892138.2023325,-5.0,-1.0,-59.0
1777892138.2123325,1.0,0.0,-53.0
1777892138.2223325,1.0,0.0,-61.0
1777892138.2323325,1.0,-2.0,-67.0
1777892138.2423325,1.0,0.0,-63.0
1777892138.2523324,-1.0,-3.0,-66.0
1777892138.2623324,-3.0,-4.0,-60.0
1777892138.2723324,-1.0,-4.0,-61.0
1777892138.2823324,-1.0,-2.0,-63.0
1777892138.2923324,2.0,-3.0,-63.0
1777892138.3023324,1.0,-5.0,-66.0
1777892138.3123324,3.0,-4.0,-69.0
1777892138.3223324,2.0,-2.0,-64.0
1777892138.3323324,4.0,2.0,-58.0
1777892138.3423324,5.0,1.0,-58.0
1777892138.3523324,5.0,0.0,-60.0
1777892138.3623323,6.0,-3.0,-61.0
1777892138.3723323,10.0,-6.0,-68.0
1777892138.3823323,5.0,-10.0,-67.0
1777892138.3923323,3.0,-3.0,-70.0
1777892138.4023323,4.0,-3.0,-76.0
1777892138.4123323,0.0,-3.0,-83.0
1777892138.4223323,-1.0,-4.0,-85.0
1777892138.4323325,-1.0,-3.0,-78.0
1777892138.4423325,-6.0,-1.0,-79.0
1777892138.4523325,-7.0,0.0,-81.0
1777892138.4623325,-4.0,1.0,-83.0
1777892138.4723325,-2.0,0.0,-80.0
1777892138.4823325,-2.0,-2.0,-84.0
1777892138.4923325,-4.0,0.0,-85.0
1777892138.5023324,-2.0,0.0,-80.0
1777892138.5123324,-2.0,0.0,-76.0
1777892138.5223324,-1.0,-1.0,-72.0
1777892138.5323324,1.0,-2.0,-66.0
1777892138.5423324,3.0,-1.0,-69.0
1777892138.5523324,1.0,0.0,-68.0
1777892138.5623324,-1.0,1.0,-74.0
1777892138.5723324,-3.0,1.0,-78.0
1777892138.5823324,3.0,2.0,-76.0
1777892138.5923324,0.0,0.0,-75.0
1777892138.6023324,-4.0,-1.0,-72.0
1777892138.6123323,-4.0,0.0,-75.0
1777892138.6223323,0.0,1.0,-78.0
1777892138.6323323,-1.0,-4.0,-70.0
1777892138.6423323,-1.0,-3.0,-65.0
1777892138.6523323,4.0,-2.0,-63.0
1777892138.6623323,6.0,-5.0,-66.0
1777892138.6723323,5.0,-2.0,-68.0
1777892138.6823325,4.0,2.0,-65.0
1777892138.6923325,1.0,2.0,-63.0
1777892138.7023325,0.0,1.0,-60.0
1777892138.7123325,-4.0,0.0,-55.0
1777892138.7223325,-2.0,1.0,-54.0
1777892138.7323325,-1.0,3.0,-60.0
1777892138.7423325,-5.0,1.0,-66.0
1777892138.7523324,0.0,0.0,-73.0
1777892138.7623324,4.0,0.0,-75.0
1777892138.7723324,3.0,-2.0,-73.0
1777892138.7823324,0.0,-1.0,-80.0
1777892138.7923324,-4.0,-4.0,-76.0
1777892138.8023324,-7.0,-1.0,-75.0
1777892138.8123324,-9.0,-4.0,-73.0
1777892138.8223324,-7.0,-5.0,-65.0
1777892138.8323324,-3.0,-5.0,-67.0
1777892138.8423324,-6.0,-3.0,-78.0
1777892138.8523324,-5.0,-3.0,-77.0
1777892138.8623323,-7.0,-3.0,-72.0
1777892138.8723323,-2.0,-1.0,-72.0
1777892138.8823323,-3.0,-2.0,-68.0
1777892138.8923323,-2.0,-1.0,-59.0
1777892138.9023323,0.0,-2.0,-64.0
1777892138.9123323,1.0,-3.0,-66.0
1777892138.9223323,4.0,-5.0,-66.0
1777892138.9323325,3.0,-4.0,-65.0
1777892138.9423325,8.0,-6.0,-61.0
1777892138.9523325,9.0,-6.0,-62.0
1777892138.9623325,6.0,-6.0,-60.0
1777892138.9723325,12.0,-4.0,-59.0
1777892138.9823325,14.0,-5.0,-60.0
1777892138.9923325,15.0,-6.0,-62.0
1777892139.0023324,14.0,-9.0,-66.0
1777892139.0123324,11.0,-5.0,-70.0
1777892139.0223324,6.0,-4.0,-66.0
1777892139.0323324,3.0,-3.0,-69.0
1777892139.0423324,4.0,0.0,-69.0
1777892139.0523324,4.0,2.0,-67.0
1777892139.0623324,0.0,1.0,-69.0
1777892139.0723324,3.0,1.0,-74.0
1777892139.0823324,0.0,-4.0,-75.0
1777892139.0923324,-3.0,-4.0,-79.0
1777892139.1023324,0.0,-2.0,-76.0
1777892139.1123323,-3.0,0.0,-75.0
1777892139.1223323,-5.0,-1.0,-82.0
1777892139.1323323,-4.0,0.0,-86.0
1777892139.1423323,0.0,0.0,-86.0
1777892139.1523323,-1.0,-1.0,-86.0
1777892139.1623323,-2.0,-4.0,-84.0
1777892139.1723323,-3.0,-3.0,-85.0
1777892139.1823325,-4.0,-1.0,-88.0
1777892139.1933324,-6.0,1.0,-91.0
1777892139.2023325,-3.0,0.0,-82.0
1777892139.2123325,-6.0,-2.0,-78.0
1777892139.2223325,0.0,-6.0,-75.0
1777892139.2323325,0.0,-7.0,-77.0
1777892139.2423325,4.0,-6.0,-76.0
1777892139.2523324,3.0,-2.0,-73.0
1777892139.2623324,0.0,-1.0,-67.0
1777892139.2723324,1.0,-2.0,-73.0
1777892139.2823324,2.0,-3.0,-78.0
1777892139.2923324,1.0,-8.0,-81.0
1777892139.3023324,1.0,-4.0,-76.0
1777892139.3123324,-1.0,-8.0,-73.0
1777892139.3223324,-2.0,-3.0,-72.0
1777892139.3323324,1.0,1.0,-70.0
1777892139.3423324,3.0,-1.0,-66.0
1777892139.3523324,4.0,0.0,-70.0
1777892139.3623323,3.0,-1.0,-74.0
1777892139.3723323,-1.0,0.0,-73.0
1777892139.3823323,0.0,0.0,-72.0
1777892139.3923323,0.0,1.0,-74.0
1777892139.4023323,2.0,-1.0,-72.0
1777892139.4123323,3.0,-1.0,-65.0
1777892139.4223323,6.0,-2.0,-71.0
1777892139.4323325,1.0,0.0,-73.0
1777892139.4423325,2.0,0.0,-76.0
1777892139.4523325,-2.0,3.0,-78.0
1777892139.4623325,-1.0,3.0,-77.0
1777892139.4723325,0.0,3.0,-76.0
1777892139.4823325,0.0,1.0,-75.0
1777892139.4923325,1.0,2.0,-76.0
1777892139.5023324,2.0,4.0,-71.0
1777892139.5123324,5.0,5.0,-69.0
1777892139.5223324,4.0,1.0,-68.0
1777892139.5323324,2.0,2.0,-71.0
1777892139.5423324,0.0,-2.0,-72.0
1777892139.5523324,-1.0,1.0,-75.0
1777892139.5623324,-1.0,0.0,-67.0
1777892139.5723324,-2.0,-1.0,-66.0
1777892139.5823324,2.0,-1.0,-64.0
1777892139.5923324,4.0,2.0,-65.0
1777892139.6023324,6.0,0.0,-63.0
1777892139.6123323,12.0,-4.0,-64.0
1777892139.6223323,10.0,-6.0,-69.0
1777892139.6323323,7.0,-5.0,-73.0
1777892139.6423323,2.0,-6.0,-72.0
1777892139.6523323,-1.0,-10.0,-76.0
1777892139.6623323,0.0,-13.0,-80.0
1777892139.6723323,0.0,-9.0,-79.0
1777892139.6823325,-2.0,-5.0,-76.0
1777892139.6933324,0.0,-5.0,-80.0
1777892139.7033324,1.0,-5.0,-80.0
1777892139.7133324,3.0,-4.0,-79.0
1777892139.7233324,5.0,-3.0,-75.0
1777892139.7333324,6.0,-2.0,-75.0
1777892139.7433324,1.0,-1.0,-75.0
1777892139.7533324,2.0,0.0,-67.0
1777892139.7633324,4.0,1.0,-67.0
1777892139.7733324,2.0,0.0,-62.0
1777892139.7833323,3.0,-1.0,-73.0
1777892139.7933323,4.0,2.0,-72.0
1777892139.8033323,3.0,4.0,-68.0
1777892139.8133323,4.0,3.0,-71.0
1777892139.8233323,5.0,3.0,-72.0
1777892139.8333323,2.0,0.0,-72.0
1777892139.8433323,0.0,-6.0,-69.0
1777892139.8533323,2.0,-8.0,-69.0
1777892139.8633325,0.0,-1.0,-68.0
1777892139.8733325,0.0,0.0,-64.0
1777892139.8833325,3.0,-2.0,-72.0
1777892139.8933325,5.0,-1.0,-76.0
1777892139.9033325,3.0,-4.0,-77.0
1777892139.9133325,2.0,-5.0,-78.0
1777892139.9233325,-1.0,-4.0,-81.0
1777892139.9333324,2.0,-1.0,-78.0
1777892139.9433324,4.0,0.0,-70.0
1777892139.9533324,3.0,-2.0,-71.0
1777892139.9633324,0.0,0.0,-70.0
1777892139.9733324,2.0,0.0,-76.0
1777892139.9833324,3.0,0.0,-79.0
1777892139.9933324,1.0,-2.0,-86.0
1777892140.0033324,-3.0,-1.0,-91.0
1777892140.0133324,-4.0,0.0,-93.0
1777892140.0233324,0.0,2.0,-89.0
1777892140.0333323,-4.0,1.0,-88.0
1777892140.0433323,-4.0,0.0,-83.0
1777892140.0533323,-2.0,0.0,-77.0
1777892140.0633323,-1.0,-2.0,-79.0
1777892140.0733323,4.0,0.0,-78.0
1777892140.0833323,1.0,-2.0,-77.0
1777892140.0933323,0.0,-2.0,-80.0
1777892140.1033323,4.0,-1.0,-84.0
1777892140.1133325,2.0,-1.0,-89.0
1777892140.1233325,0.0,0.0,-85.0
1777892140.1333325,0.0,0.0,-82.0
1777892140.1433325,-2.0,1.0,-73.0
1777892140.1533325,-2.0,5.0,-70.0
1777892140.1633325,0.0,3.0,-69.0
1777892140.1733325,2.0,0.0,-73.0
1777892140.1833324,3.0,0.0,-70.0
1777892140.1933324,5.0,1.0,-72.0
1777892140.2033324,8.0,1.0,-72.0
1777892140.2133324,5.0,0.0,-76.0
1777892140.2233324,1.0,0.0,-78.0
1777892140.2333324,3.0,0.0,-73.0
1777892140.2433324,3.0,0.0,-78.0
1777892140.2533324,6.0,-5.0,-74.0
1777892140.2633324,1.0,-7.0,-68.0
1777892140.2733324,0.0,-7.0,-71.0
1777892140.2833323,3.0,-1.0,-70.0
1777892140.2933323,6.0,0.0,-68.0
1777892140.3033323,4.0,5.0,-65.0
1777892140.3133323,1.0,0.0,-72.0
1777892140.3233323,1.0,1.0,-75.0
1777892140.3333323,2.0,1.0,-75.0
1777892140.3433323,4.0,4.0,-71.0
1777892140.3533323,5.0,4.0,-73.0
1777892140.3633325,5.0,2.0,-70.0
1777892140.3733325,7.0,3.0,-65.0
1777892140.3833325,9.0,1.0,-68.0
1777892140.3933325,6.0,0.0,-69.0
1777892140.4033325,7.0,-2.0,-75.0
1777892140.4133325,7.0,-5.0,-75.0
1777892140.4233325,3.0,-6.0,-76.0
1777892140.4333324,0.0,-6.0,-69.0
1777892140.4433324,-3.0,-5.0,-69.0
1777892140.4533324,-3.0,-3.0,-76.0
1777892140.4633324,-1.0,-3.0,-78.0
1777892140.4733324,1.0,0.0,-74.0
1777892140.4833324,0.0,-4.0,-70.0
1777892140.4933324,-1.0,-3.0,-62.0
1777892140.5033324,0.0,-5.0,-65.0
1777892140.5133324,2.0,-6.0,-74.0
1777892140.5233324,6.0,-3.0,-72.0
1777892140.5333323,6.0,-4.0,-73.0
1777892140.5433323,9.0,-4.0,-71.0
1777892140.5533323,4.0,-1.0,-70.0
1777892140.5633323,3.0,-6.0,-74.0
1777892140.5733323,3.0,-3.0,-74.0
1777892140.5833323,3.0,-2.0,-76.0
1777892140.5933323,4.0,-3.0,-75.0
1777892140.6033323,8.0,-5.0,-66.0
1777892140.6133325,5.0,-4.0,-64.0
1777892140.6233325,0.0,-3.0,-62.0
1777892140.6333325,0.0,-5.0,-62.0
1777892140.6433325,4.0,-9.0,-69.0
1777892140.6533325,0.0,-6.0,-68.0
1777892140.6633325,0.0,-6.0,-73.0
1777892140.6733325,-5.0,-1.0,-75.0
1777892140.6833324,-1.0,1.0,-79.0
1777892140.6933324,1.0,0.0,-78.0
1777892140.7033324,4.0,4.0,-76.0
1777892140.7133324,0.0,0.0,-71.0
1777892140.7233324,3.0,0.0,-66.0
1777892140.7333324,1.0,-3.0,-64.0
1777892140.7443323,0.0,-4.0,-64.0
1777892140.7533324,-6.0,-4.0,-64.0
1777892140.7633324,-4.0,-8.0,-66.0
1777892140.7733324,2.0,-4.0,-70.0
1777892140.7833323,2.0,-4.0,-78.0
1777892140.7933323,2.0,0.0,-74.0
1777892140.8033323,1.0,0.0,-69.0
1777892140.8133323,2.0,-2.0,-60.0
1777892140.8233323,0.0,-3.0,-62.0
1777892140.8333323,0.0,-4.0,-58.0
1777892140.8433323,-4.0,-3.0,-63.0
1777892140.8533323,-4.0,-5.0,-55.0
1777892140.8633325,-2.0,-5.0,-63.0
1777892140.8733325,0.0,-9.0,-65.0
1777892140.8833325,0.0,-7.0,-70.0
1777892140.8933325,-1.0,-3.0,-73.0
1777892140.9033325,-5.0,-2.0,-71.0
1777892140.9133325,-5.0,-2.0,-72.0
1777892140.9233325,-9.0,-3.0,-75.0
1777892140.9333324,-9.0,-4.0,-79.0
1777892140.9433324,-6.0,-3.0,-80.0
1777892140.9533324,-5.0,-3.0,-69.0
1777892140.9633324,0.0,-5.0,-76.0
1777892140.9733324,-4.0,-5.0,-71.0
1777892140.9833324,-8.0,-5.0,-68.0
1777892140.9933324,-5.0,-1.0,-69.0
1777892141.0033324,-2.0,-5.0,-60.0
1777892141.0133324,-2.0,0.0,-61.0
1777892141.0233324,0.0,-1.0,-66.0
1777892141.0333323,0.0,0.0,-71.0
1777892141.0433323,-2.0,-2.0,-68.0
1777892141.0533323,-1.0,0.0,-66.0
1777892141.0633323,0.0,-1.0,-68.0
1777892141.0733323,4.0,-1.0,-70.0
1777892141.0833323,3.0,0.0,-76.0
1777892141.0933323,1.0,0.0,-77.0
1777892141.1033323,0.0,-1.0,-75.0
1777892141.1133325,-2.0,-4.0,-73.0
1777892141.1233325,-2.0,2.0,-68.0
1777892141.1333325,-7.0,4.0,-67.0
1777892141.1433325,-1.0,5.0,-72.0
1777892141.1533325,-4.0,7.0,-71.0
1777892141.1633325,-5.0,4.0,-64.0
1777892141.1733325,0.0,3.0,-59.0
1777892141.1833324,1.0,0.0,-57.0
1777892141.1933324,0.0,-3.0,-63.0
1777892141.2033324,0.0,0.0,-59.0
1777892141.2133324,0.0,-2.0,-64.0
1777892141.2233324,-1.0,-4.0,-69.0
1777892141.2333324,1.0,-3.0,-66.0
1777892141.2433324,3.0,-3.0,-67.0
1777892141.2533324,3.0,-7.0,-64.0
1777892141.2633324,4.0,-1.0,-77.0
1777892141.2733324,0.0,0.0,-79.0
1777892141.2833323,0.0,0.0,-75.0
1777892141.2933323,-3.0,0.0,-72.0
1777892141.3033323,-4.0,0.0,-74.0
1777892141.3133323,0.0,5.0,-74.0
1777892141.3233323,-1.0,4.0,-72.0
1777892141.3333323,-3.0,1.0,-74.0
1777892141.3433323,-3.0,-2.0,-78.0
1777892141.3533323,-4.0,-4.0,-72.0
1777892141.3633325,-5.0,-3.0,-68.0
1777892141.3733325,-4.0,-3.0,-64.0
1777892141.3833325,-4.0,-1.0,-67.0
1777892141.3933325,-1.0,-2.0,-73.0
1777892141.4033325,-2.0,1.0,-74.0
1777892141.4133325,0.0,2.0,-67.0
1777892141.4233325,1.0,0.0,-68.0
1777892141.4333324,0.0,0.0,-69.0
1777892141.4433324,0.0,1.0,-72.0
1777892141.4533324,2.0,3.0,-76.0
1777892141.4633324,3.0,1.0,-80.0
1777892141.4733324,7.0,1.0,-78.0
1777892141.4833324,6.0,2.0,-84.0
1777892141.4933324,6.0,-1.0,-92.0
1777892141.5033324,4.0,3.0,-82.0
1777892141.5133324,0.0,0.0,-78.0
1777892141.5233324,0.0,1.0,-77.0
1777892141.5333323,2.0,0.0,-76.0
1777892141.5433323,2.0,2.0,-76.0
1777892141.5533323,2.0,1.0,-69.0
1777892141.5633323,2.0,-1.0,-71.0
1777892141.5733323,4.0,-2.0,-70.0
1777892141.5833323,4.0,-4.0,-70.0
1777892141.5933323,7.0,0.0,-69.0
1777892141.6033323,7.0,0.0,-66.0
1777892141.6133325,12.0,0.0,-68.0
1777892141.6233325,11.0,0.0,-68.0
1777892141.6333325,9.0,-4.0,-70.0
1777892141.6433325,0.0,-5.0,-75.0
1777892141.6533325,-3.0,-7.0,-74.0
1777892141.6643324,0.0,-4.0,-67.0
1777892141.6743324,0.0,-2.0,-64.0
1777892141.6843324,0.0,-1.0,-68.0
1777892141.6943324,-4.0,-1.0,-76.0
1777892141.7043324,-6.0,-1.0,-75.0
1777892141.7143323,0.0,1.0,-71.0
1777892141.7243323,-3.0,3.0,-73.0
1777892141.7343323,3.0,2.0,-69.0
1777892141.7443323,0.0,-2.0,-73.0
1777892141.7543323,-6.0,-2.0,-64.0
1777892141.7643323,-4.0,-2.0,-55.0
1777892141.7743323,-2.0,0.0,-51.0
1777892141.7843325,1.0,3.0,-56.0
1777892141.7943325,6.0,4.0,-65.0
1777892141.8043325,4.0,4.0,-73.0
1777892141.8143325,5.0,2.0,-74.0
1777892141.8243325,4.0,1.0,-78.0
1777892141.8343325,1.0,3.0,-74.0
1777892141.8443325,-1.0,0.0,-76.0
1777892141.8543324,-6.0,0.0,-74.0
1777892141.8643324,-7.0,-3.0,-78.0
1777892141.8743324,-8.0,0.0,-79.0
1777892141.8843324,-6.0,-1.0,-80.0
1777892141.8943324,0.0,1.0,-79.0
1777892141.9043324,-1.0,5.0,-74.0
1777892141.9143324,-2.0,4.0,-81.0
1777892141.9243324,0.0,3.0,-73.0
1777892141.9343324,0.0,-2.0,-73.0
1777892141.9443324,5.0,-7.0,-64.0
1777892141.9543324,3.0,-6.0,-65.0
1777892141.9643323,3.0,-5.0,-70.0
1777892141.9743323,1.0,-1.0,-72.0
1777892141.9843323,2.0,-1.0,-72.0
1777892141.9943323,2.0,-5.0,-70.0
1777892142.0043323,5.0,-4.0,-71.0
1777892142.0143323,1.0,-3.0,-73.0
1777892142.0243323,0.0,-4.0,-64.0
1777892142.0343325,0.0,-1.0,-58.0
1777892142.0443325,2.0,3.0,-61.0
1777892142.0543325,7.0,2.0,-64.0
1777892142.0643325,6.0,5.0,-73.0
1777892142.0743325,3.0,1.0,-70.0
1777892142.0843325,5.0,1.0,-76.0
1777892142.0943325,3.0,-3.0,-77.0
1777892142.1043324,-1.0,-4.0,-76.0
1777892142.1143324,0.0,-6.0,-70.0
1777892142.1243324,5.0,-1.0,-71.0
1777892142.1343324,3.0,0.0,-69.0
1777892142.1443324,0.0,-3.0,-72.0
1777892142.1543324,0.0,-5.0,-73.0
1777892142.1643324,0.0,-4.0,-79.0
1777892142.1743324,0.0,-7.0,-82.0
1777892142.1843324,0.0,-4.0,-76.0
1777892142.1943324,3.0,-2.0,-73.0
1777892142.2043324,0.0,-2.0,-75.0
1777892142.2143323,0.0,0.0,-75.0
1777892142.2243323,-3.0,0.0,-73.0
1777892142.2343323,-4.0,-3.0,-71.0
1777892142.2443323,-2.0,-4.0,-74.0
1777892142.2543323,-6.0,-1.0,-70.0
1777892142.2643323,-2.0,0.0,-75.0
1777892142.2743323,0.0,-4.0,-78.0
1777892142.2843325,1.0,-4.0,-81.0
1777892142.2943325,1.0,0.0,-77.0
1777892142.3043325,0.0,-1.0,-73.0
1777892142.3143325,-1.0,-1.0,-72.0
1777892142.3243325,0.0,1.0,-71.0
1777892142.3343325,1.0,0.0,-70.0
1777892142.3443325,3.0,-1.0,-66.0
1777892142.3543324,6.0,-3.0,-66.0
1777892142.3643324,4.0,-5.0,-72.0
1777892142.3743324,4.0,-4.0,-76.0
1777892142.3843324,0.0,0.0,-73.0
1777892142.3943324,1.0,0.0,-82.0
1777892142.4043324,3.0,1.0,-85.0
1777892142.4143324,7.0,-3.0,-79.0
1777892142.4243324,4.0,0.0,-80.0
1777892142.4343324,-1.0,3.0,-81.0
1777892142.4443324,-1.0,1.0,-77.0
1777892142.4543324,1.0,2.0,-74.0
1777892142.4643323,2.0,0.0,-72.0
1777892142.4743323,0.0,0.0,-73.0
1777892142.4843323,0.0,2.0,-77.0
1777892142.4943323,-4.0,-1.0,-77.0
1777892142.5043323,-3.0,0.0,-72.0
1777892142.5143323,-2.0,-4.0,-64.0
1777892142.5243323,-1.0,-9.0,-70.0
1777892142.5343325,2.0,-8.0,-71.0
1777892142.5443325,6.0,-8.0,-67.0
1777892142.5543325,4.0,-8.0,-70.0
1777892142.5643325,5.0,-5.0,-75.0
1777892142.5743325,3.0,2.0,-67.0
1777892142.5843325,3.0,0.0,-65.0
1777892142.5943325,4.0,1.0,-59.0
1777892142.6043324,5.0,0.0,-69.0
1777892142.6143324,3.0,0.0,-67.0
1777892142.6243324,0.0,-1.0,-69.0
1777892142.6343324,0.0,0.0,-73.0
1777892142.6443324,4.0,0.0,-72.0
1777892142.6543324,1.0,0.0,-72.0
1777892142.6643324,4.0,0.0,-75.0
1777892142.6743324,3.0,-3.0,-80.0
1777892142.6843324,3.0,-10.0,-75.0
1777892142.6943324,3.0,-10.0,-66.0
1777892142.7043324,1.0,-11.0,-70.0
1777892142.7143323,8.0,-11.0,-72.0
1777892142.7243323,6.0,-13.0,-77.0
1777892142.7343323,4.0,-15.0,-83.0
1777892142.7443323,5.0,-9.0,-75.0
1777892142.7543323,5.0,-7.0,-72.0
1777892142.7643323,1.0,-2.0,-72.0
1777892142.7743323,1.0,0.0,-67.0
1777892142.7843325,0.0,-3.0,-64.0
1777892142.7943325,0.0,-6.0,-69.0
1777892142.8043325,-4.0,-5.0,-65.0
1777892142.8143325,0.0,-3.0,-69.0
1777892142.8243325,1.0,-3.0,-70.0
1777892142.8343325,0.0,-1.0,-73.0
1777892142.8443325,4.0,3.0,-76.0
1777892142.8543324,4.0,2.0,-78.0
1777892142.8643324,3.0,2.0,-67.0
1777892142.8743324,1.0,-2.0,-60.0
1777892142.8843324,0.0,-4.0,-64.0
1777892142.8943324,1.0,-2.0,-68.0
1777892142.9043324,2.0,2.0,-72.0
1777892142.9143324,3.0,7.0,-70.0
1777892142.9243324,2.0,8.0,-71.0
1777892142.9343324,0.0,7.0,-73.0
1777892142.9443324,0.0,7.0,-73.0
1777892142.9543324,0.0,4.0,-80.0
1777892142.9643323,-4.0,2.0,-75.0
1777892142.9743323,0.0,3.0,-80.0
1777892142.9843323,1.0,0.0,-74.0
1777892142.9943323,4.0,0.0,-78.0
1777892143.0043323,0.0,-1.0,-74.0
1777892143.0143323,2.0,-2.0,-73.0
1777892143.0243323,1.0,-4.0,-68.0
1777892143.0343325,2.0,-5.0,-73.0
1777892143.0443325,0.0,-5.0,-71.0
1777892143.0543325,-2.0,-5.0,-75.0
1777892143.0643325,-4.0,-2.0,-75.0
1777892143.0743325,-2.0,1.0,-78.0
1777892143.0843325,1.0,5.0,-81.0
1777892143.0943325,-2.0,5.0,-76.0
1777892143.1043324,-1.0,3.0,-77.0
1777892143.1143324,0.0,4.0,-80.0
1777892143.1243324,1.0,1.0,-75.0
1777892143.1343324,0.0,2.0,-74.0
1777892143.1443324,-1.0,0.0,-74.0
1777892143.1543324,-1.0,-1.0,-78.0
1777892143.1643324,-3.0,-5.0,-76.0
1777892143.1743324,-5.0,-4.0,-75.0
1777892143.1843324,-5.0,-5.0,-75.0
1777892143.1943324,-5.0,-7.0,-80.0
1777892143.2043324,-3.0,-7.0,-79.0
1777892143.2143323,-1.0,-5.0,-77.0
1777892143.2243323,0.0,-3.0,-76.0
1777892143.2343323,0.0,-6.0,-78.0
1777892143.2443323,0.0,-10.0,-75.0
1777892143.2543323,-1.0,-3.0,-73.0
1777892143.2643323,1.0,-2.0,-70.0
1777892143.2743323,2.0,-4.0,-72.0
1777892143.2843325,-1.0,-4.0,-80.0
1777892143.2943325,-2.0,-3.0,-83.0
1777892143.3043325,-2.0,-3.0,-81.0
1777892143.3143325,1.0,-1.0,-76.0
1777892143.3243325,-2.0,-5.0,-77.0
1777892143.3343325,1.0,-4.0,-81.0
1777892143.3443325,3.0,-4.0,-78.0
1777892143.3543324,0.0,-3.0,-73.0
1777892143.3643324,-2.0,-4.0,-64.0
1777892143.3743324,2.0,-5.0,-63.0
1777892143.3843324,2.0,-6.0,-63.0
1777892143.3943324,0.0,-11.0,-64.0
1777892143.4043324,2.0,-6.0,-60.0
1777892143.4143324,1.0,-4.0,-57.0
1777892143.4243324,3.0,-2.0,-58.0
1777892143.4343324,5.0,-4.0,-67.0
1777892143.4443324,2.0,-3.0,-68.0
1777892143.4543324,5.0,-1.0,-74.0
1777892143.4643323,4.0,-2.0,-72.0
1777892143.4743323,0.0,0.0,-81.0
1777892143.4843323,6.0,0.0,-86.0
1777892143.4943323,10.0,0.0,-78.0
1777892143.5043323,10.0,-3.0,-75.0
1777892143.5143323,9.0,1.0,-68.0
1777892143.5243323,0.0,0.0,-69.0
1777892143.5343325,1.0,-1.0,-69.0
1777892143.5443325,2.0,0.0,-69.0
1777892143.5543325,5.0,1.0,-62.0
1777892143.5643325,4.0,1.0,-62.0
1777892143.5743325,3.0,-3.0,-60.0
1777892143.5843325,3.0,-5.0,-68.0
1777892143.5943325,2.0,-6.0,-65.0
1777892143.6043324,2.0,-8.0,-61.0
1777892143.6143324,1.0,-2.0,-59.0
1777892143.6243324,0.0,1.0,-61.0
1777892143.6343324,0.0,0.0,-67.0
1777892143.6443324,-1.0,-2.0,-63.0
1777892143.6543324,-3.0,0.0,-58.0
1777892143.6643324,0.0,-1.0,-65.0
1777892143.6743324,-1.0,1.0,-66.0
1777892143.6853323,-1.0,2.0,-66.0
1777892143.6953323,-1.0,3.0,-63.0
1777892143.7053325,0.0,2.0,-67.0
1777892143.7153325,-3.0,1.0,-69.0
1777892143.7253325,-5.0,0.0,-70.0
1777892143.7353325,-5.0,0.0,-71.0
1777892143.7453325,1.0,-3.0,-72.0
1777892143.7553325,4.0,-2.0,-77.0
1777892143.7653325,5.0,-5.0,-81.0
1777892143.7753325,7.0,-1.0,-80.0
1777892143.7853324,8.0,0.0,-81.0
1777892143.7953324,8.0,-1.0,-74.0
1777892143.8053324,8.0,2.0,-73.0
1777892143.8153324,10.0,6.0,-77.0
1777892143.8253324,8.0,2.0,-72.0
1777892143.8353324,8.0,5.0,-72.0
1777892143.8453324,10.0,1.0,-70.0
1777892143.8553324,7.0,2.0,-71.0
1777892143.8653324,7.0,0.0,-67.0
1777892143.8753324,9.0,-1.0,-74.0
1777892143.8853323,4.0,-4.0,-71.0
1777892143.8953323,3.0,-3.0,-64.0
1777892143.9053323,1.0,-2.0,-67.0
1777892143.9153323,0.0,-1.0,-66.0
1777892143.9253323,0.0,0.0,-61.0
1777892143.9353323,0.0,0.0,-62.0
1777892143.9453323,0.0,-1.0,-61.0
1777892143.9553325,-1.0,0.0,-63.0
1777892143.9653325,0.0,1.0,-63.0
1777892143.9753325,0.0,2.0,-69.0
1777892143.9853325,0.0,1.0,-63.0
1777892143.9953325,0.0,1.0,-70.0
1777892144.0053325,1.0,0.0,-64.0
1777892144.0153325,3.0,3.0,-65.0
1777892144.0253325,7.0,7.0,-73.0
1777892144.0353324,11.0,6.0,-69.0
1777892144.0453324,7.0,1.0,-62.0
1777892144.0553324,5.0,-1.0,-66.0
1777892144.0653324,3.0,-3.0,-72.0
1777892144.0753324,2.0,1.0,-74.0
1777892144.0853324,2.0,-2.0,-77.0
1777892144.0953324,6.0,-2.0,-71.0
1777892144.1053324,7.0,-3.0,-72.0
1777892144.1153324,3.0,-2.0,-65.0
1777892144.1253324,5.0,-2.0,-64.0
1777892144.1353323,4.0,-3.0,-67.0
1777892144.1453323,2.0,-5.0,-79.0
1777892144.1553323,7.0,-10.0,-79.0
1777892144.1653323,8.0,-10.0,-71.0
1777892144.1753323,4.0,-8.0,-71.0
1777892144.1853323,3.0,-2.0,-76.0
1777892144.1953323,4.0,-2.0,-80.0
1777892144.2053325,1.0,-6.0,-87.0
1777892144.2153325,3.0,-4.0,-94.0
1777892144.2253325,5.0,-1.0,-89.0
1777892144.2353325,6.0,1.0,-78.0
1777892144.2453325,10.0,2.0,-71.0
1777892144.2553325,6.0,0.0,-69.0
1777892144.2653325,7.0,-1.0,-72.0
1777892144.2753325,7.0,-5.0,-69.0
1777892144.2853324,7.0,-4.0,-73.0
1777892144.2953324,5.0,-3.0,-70.0
1777892144.3053324,3.0,1.0,-70.0
1777892144.3153324,5.0,-1.0,-76.0
1777892144.3253324,6.0,-1.0,-71.0
1777892144.3353324,9.0,0.0,-68.0
1777892144.3453324,10.0,-2.0,-67.0
1777892144.3553324,6.0,-1.0,-72.0
1777892144.3653324,3.0,0.0,-77.0
1777892144.3753324,2.0,-2.0,-77.0
1777892144.3853323,1.0,-3.0,-72.0
1777892144.3953323,0.0,-1.0,-71.0
1777892144.4053323,2.0,0.0,-71.0
1777892144.4153323,-1.0,2.0,-73.0
1777892144.4253323,0.0,4.0,-65.0
1777892144.4353323,1.0,2.0,-65.0
1777892144.4453323,0.0,0.0,-73.0
1777892144.4553325,5.0,4.0,-72.0
1777892144.4653325,0.0,1.0,-71.0
1777892144.4753325,-2.0,0.0,-75.0
1777892144.4853325,-5.0,1.0,-74.0
1777892144.4953325,-3.0,-3.0,-73.0
1777892144.5053325,-1.0,-3.0,-78.0
1777892144.5153325,-4.0,-2.0,-77.0
1777892144.5253325,-7.0,-1.0,-74.0
1777892144.5353324,-3.0,-1.0,-75.0
1777892144.5453324,-4.0,-1.0,-72.0
1777892144.5553324,-2.0,-2.0,-73.0
1777892144.5653324,-4.0,-7.0,-68.0
1777892144.5753324,-5.0,-10.0,-66.0
1777892144.5853324,-2.0,-10.0,-70.0
1777892144.5953324,-3.0,-6.0,-68.0
1777892144.6053324,-1.0,-3.0,-72.0
1777892144.6153324,-3.0,-3.0,-76.0
1777892144.6253324,-4.0,0.0,-74.0
1777892144.6353323,0.0,0.0,-70.0
1777892144.6453323,0.0,-1.0,-68.0
1777892144.6553323,-1.0,-5.0,-66.0
1777892144.6653323,6.0,-4.0,-61.0
1777892144.6753323,9.0,-1.0,-65.0
1777892144.6853323,4.0,-2.0,-63.0
1777892144.6953323,5.0,-1.0,-63.0
1777892144.7053325,4.0,-2.0,-63.0
1777892144.7153325,1.0,0.0,-75.0
1777892144.7253325,-3.0,0.0,-78.0
1777892144.7353325,-1.0,0.0,-79.0
1777892144.7453325,0.0,2.0,-76.0
1777892144.7553325,-1.0,1.0,-76.0
1777892144.7653325,0.0,3.0,-80.0
1777892144.7753325,0.0,1.0,-80.0
1777892144.7853324,0.0,0.0,-79.0
1777892144.7953324,0.0,1.0,-77.0
1777892144.8053324,3.0,-2.0,-73.0
1777892144.8153324,0.0,-5.0,-71.0
1777892144.8253324,0.0,-7.0,-75.0
1777892144.8353324,2.0,-3.0,-78.0
1777892144.8453324,0.0,-3.0,-79.0
1777892144.8553324,-3.0,0.0,-82.0
1777892144.8653324,-2.0,3.0,-81.0
1777892144.8753324,-1.0,6.0,-76.0
1777892144.8853323,2.0,5.0,-70.0
1777892144.8953323,4.0,1.0,-75.0
1777892144.9053323,5.0,-2.0,-79.0
1777892144.9153323,7.0,-2.0,-90.0
1777892144.9253323,6.0,-3.0,-86.0
1777892144.9353323,7.0,-7.0,-79.0
1777892144.9453323,7.0,-2.0,-81.0
1777892144.9553325,7.0,-4.0,-81.0
1777892144.9653325,9.0,-3.0,-74.0
1777892144.9753325,8.0,0.0,-72.0
1777892144.9853325,6.0,-2.0,-73.0
1777892144.9953325,3.0,-1.0,-80.0
1777892145.0053325,5.0,-4.0,-80.0
1777892145.0153325,9.0,0.0,-82.0
1777892145.0253325,2.0,1.0,-81.0
1777892145.0353324,-3.0,2.0,-72.0
1777892145.0453324,-6.0,0.0,-66.0
1777892145.0553324,-1.0,2.0,-64.0
1777892145.0653324,-2.0,1.0,-65.0
1777892145.0753324,-4.0,-1.0,-72.0
1777892145.0853324,0.0,-6.0,-79.0
1777892145.0953324,1.0,-6.0,-77.0
1777892145.1053324,-1.0,-2.0,-80.0
1777892145.1153324,-4.0,-3.0,-80.0
1777892145.1253324,-3.0,-2.0,-82.0
1777892145.1353323,-2.0,-4.0,-79.0
1777892145.1453323,0.0,-2.0,-81.0
1777892145.1553323,0.0,-1.0,-75.0
1777892145.1653323,2.0,-2.0,-72.0
1777892145.1753323,1.0,0.0,-73.0
1777892145.1853323,3.0,1.0,-72.0
1777892145.1953323,1.0,0.0,-69.0
1777892145.2053325,0.0,-1.0,-69.0
1777892145.2153325,0.0,-6.0,-70.0
1777892145.2253325,5.0,-7.0,-67.0
1777892145.2353325,3.0,-11.0,-72.0
1777892145.2453325,-1.0,-12.0,-77.0
1777892145.2553325,-2.0,-12.0,-75.0
1777892145.2653325,-1.0,-10.0,-72.0
1777892145.2753325,3.0,-10.0,-69.0
1777892145.2853324,0.0,-11.0,-58.0
1777892145.2953324,1.0,-12.0,-61.0
1777892145.3053324,-2.0,-5.0,-63.0
1777892145.3153324,-3.0,-8.0,-62.0
1777892145.3253324,-3.0,-6.0,-64.0
1777892145.3353324,-2.0,-6.0,-64.0
1777892145.3453324,0.0,-3.0,-69.0
1777892145.3553324,0.0,-2.0,-71.0
1777892145.3653324,-2.0,0.0,-81.0
1777892145.3753324,-2.0,1.0,-77.0
1777892145.3853323,3.0,0.0,-76.0
1777892145.3953323,0.0,-2.0,-75.0
1777892145.4053323,-1.0,0.0,-71.0
1777892145.4153323,1.0,-1.0,-63.0
1777892145.4253323,4.0,0.0,-72.0
1777892145.4353323,0.0,3.0,-75.0
1777892145.4453323,1.0,2.0,-80.0
1777892145.4553325,0.0,3.0,-77.0
1777892145.4653325,0.0,1.0,-75.0
1777892145.4753325,4.0,-1.0,-75.0
1777892145.4853325,3.0,2.0,-76.0
1777892145.4953325,0.0,3.0,-77.0
1777892145.5053325,0.0,1.0,-76.0
1777892145.5153325,-3.0,0.0,-74.0
1777892145.5253325,-4.0,-1.0,-71.0
1777892145.5353324,-6.0,-1.0,-67.0
1777892145.5453324,-3.0,0.0,-65.0
1777892145.5553324,3.0,-2.0,-66.0
1777892145.5653324,1.0,2.0,-70.0
1777892145.5753324,0.0,4.0,-71.0
1777892145.5853324,4.0,4.0,-73.0
1777892145.5953324,5.0,0.0,-72.0
1777892145.6053324,6.0,3.0,-71.0
1777892145.6153324,7.0,2.0,-70.0
1777892145.6253324,8.0,1.0,-65.0
1777892145.6363325,3.0,-1.0,-65.0
1777892145.6463325,0.0,1.0,-74.0
1777892145.6563325,0.0,2.0,-73.0
1777892145.6653323,0.0,0.0,-74.0
1777892145.6763325,-1.0,-2.0,-74.0
1777892145.6863325,0.0,-1.0,-76.0
1777892145.6963325,1.0,-1.0,-72.0
1777892145.7063324,0.0,-1.0,-73.0
1777892145.7163324,2.0,0.0,-67.0
1777892145.7263324,0.0,-2.0,-66.0
1777892145.7363324,-2.0,-4.0,-64.0
1777892145.7463324,0.0,-1.0,-67.0
1777892145.7563324,-3.0,-2.0,-73.0
1777892145.7663324,-4.0,-3.0,-79.0
1777892145.7763324,-5.0,1.0,-78.0
1777892145.7863324,0.0,2.0,-71.0
1777892145.7963324,4.0,0.0,-68.0
1777892145.8063323,5.0,-1.0,-65.0
1777892145.8163323,10.0,-5.0,-65.0
1777892145.8263323,8.0,-2.0,-63.0
1777892145.8363323,9.0,0.0,-68.0
1777892145.8463323,4.0,1.0,-69.0
1777892145.8563323,1.0,1.0,-67.0
1777892145.8663323,1.0,-1.0,-70.0
1777892145.8763323,0.0,0.0,-71.0
1777892145.8863325,2.0,1.0,-69.0
1777892145.8963325,5.0,6.0,-64.0
1777892145.9063325,4.0,1.0,-64.0
1777892145.9163325,6.0,1.0,-69.0
1777892145.9263325,5.0,1.0,-66.0
1777892145.9363325,2.0,2.0,-67.0
1777892145.9463325,1.0,0.0,-68.0
1777892145.9563324,0.0,2.0,-67.0
1777892145.9663324,-2.0,5.0,-64.0
1777892145.9763324,0.0,4.0,-61.0
1777892145.9863324,2.0,6.0,-64.0
1777892145.9963324,4.0,8.0,-69.0
1777892146.0063324,3.0,5.0,-66.0
1777892146.0163324,1.0,3.0,-66.0
1777892146.0263324,0.0,1.0,-64.0
1777892146.0363324,2.0,1.0,-65.0
1777892146.0463324,2.0,2.0,-71.0
1777892146.0563323,-2.0,1.0,-76.0
1777892146.0663323,-4.0,3.0,-74.0
1777892146.0763323,-7.0,4.0,-71.0
1777892146.0863323,-8.0,4.0,-76.0
1777892146.0963323,-5.0,5.0,-72.0
1777892146.1063323,-4.0,3.0,-69.0
1777892146.1163323,-4.0,0.0,-69.0
1777892146.1263323,-8.0,-1.0,-67.0
1777892146.1363325,-7.0,1.0,-70.0
1777892146.1463325,-8.0,1.0,-72.0
1777892146.1563325,-6.0,-3.0,-67.0
1777892146.1663325,-5.0,-3.0,-67.0
1777892146.1763325,-9.0,-4.0,-67.0
1777892146.1863325,-7.0,-5.0,-63.0
1777892146.1963325,-9.0,-5.0,-68.0
1777892146.2063324,-9.0,-3.0,-69.0
1777892146.2163324,-5.0,-2.0,-68.0
1777892146.2263324,-9.0,-2.0,-68.0
1777892146.2363324,-2.0,-1.0,-73.0
1777892146.2463324,-1.0,-1.0,-79.0
1777892146.2563324,-1.0,-6.0,-75.0
1777892146.2663324,0.0,-7.0,-72.0
1777892146.2763324,-2.0,-5.0,-79.0
1777892146.2863324,-2.0,-7.0,-77.0
1777892146.2963324,-1.0,-5.0,-79.0
1777892146.3063323,0.0,-2.0,-71.0
1777892146.3163323,-4.0,-2.0,-70.0
1777892146.3263323,-2.0,-6.0,-72.0
1777892146.3363323,0.0,-6.0,-68.0
1777892146.3463323,0.0,-5.0,-75.0
1777892146.3563323,0.0,-6.0,-80.0
1777892146.3663323,3.0,-8.0,-84.0
1777892146.3763323,5.0,-5.0,-76.0
1777892146.3863325,4.0,0.0,-76.0
1777892146.3963325,1.0,-1.0,-72.0
1777892146.4063325,1.0,0.0,-63.0
1777892146.4163325,0.0,-3.0,-64.0
1777892146.4263325,-2.0,-1.0,-64.0
1777892146.4363325,-1.0,0.0,-57.0
1777892146.4463325,0.0,-5.0,-50.0
1777892146.4563324,0.0,-8.0,-55.0
1777892146.4663324,2.0,-6.0,-60.0
1777892146.4763324,0.0,-7.0,-58.0
1777892146.4863324,0.0,-8.0,-57.0
1777892146.4963324,1.0,-9.0,-63.0
1777892146.5063324,-1.0,-7.0,-60.0
1777892146.5163324,-3.0,-5.0,-62.0
1777892146.5263324,-5.0,-2.0,-64.0
1777892146.5363324,-8.0,-3.0,-69.0
1777892146.5463324,-8.0,-5.0,-74.0
1777892146.5563323,-7.0,-10.0,-77.0
1777892146.5663323,0.0,-11.0,-78.0
1777892146.5763323,-3.0,-9.0,-77.0
1777892146.5863323,-2.0,-5.0,-78.0
1777892146.5963323,2.0,-6.0,-78.0
1777892146.6063323,5.0,-7.0,-74.0
1777892146.6163323,5.0,-9.0,-73.0
1777892146.6263323,1.0,-7.0,-76.0
1777892146.6363325,0.0,-5.0,-73.0
1777892146.6463325,4.0,-4.0,-67.0
1777892146.6563325,5.0,-7.0,-64.0
1777892146.6663325,2.0,-4.0,-73.0
1777892146.6763325,2.0,0.0,-77.0
1777892146.6863325,8.0,2.0,-67.0
1777892146.6963325,8.0,2.0,-67.0
1777892146.7063324,2.0,0.0,-67.0
1777892146.7163324,1.0,0.0,-66.0
1777892146.7263324,1.0,0.0,-64.0
1777892146.7363324,1.0,0.0,-61.0
1777892146.7463324,0.0,-1.0,-62.0
1777892146.7563324,0.0,0.0,-66.0
1777892146.7663324,-1.0,0.0,-65.0
1777892146.7763324,-3.0,0.0,-73.0
1777892146.7863324,0.0,1.0,-74.0
1777892146.7963324,4.0,1.0,-73.0
1777892146.8063323,3.0,-1.0,-72.0
1777892146.8163323,0.0,-2.0,-73.0
1777892146.8263323,-2.0,-8.0,-71.0
1777892146.8363323,3.0,-11.0,-71.0
1777892146.8463323,7.0,-11.0,-69.0
1777892146.8563323,6.0,-11.0,-78.0
1777892146.8663323,3.0,-9.0,-79.0
1777892146.8763323,8.0,-1.0,-77.0
1777892146.8863325,7.0,-2.0,-70.0
1777892146.8963325,9.0,0.0,-70.0
1777892146.9063325,6.0,1.0,-71.0
1777892146.9163325,3.0,3.0,-67.0
1777892146.9263325,2.0,2.0,-64.0
1777892146.9363325,0.0,0.0,-69.0
1777892146.9463325,2.0,1.0,-70.0
1777892146.9563324,1.0,4.0,-67.0
1777892146.9663324,0.0,4.0,-70.0
1777892146.9763324,2.0,0.0,-78.0
1777892146.9863324,0.0,-3.0,-76.0
1777892146.9963324,1.0,-4.0,-76.0
1777892147.0063324,1.0,-4.0,-72.0
1777892147.0163324,0.0,-5.0,-69.0
1777892147.0263324,1.0,-6.0,-68.0
1777892147.0363324,0.0,-4.0,-68.0
1777892147.0463324,3.0,-3.0,-69.0
1777892147.0563323,3.0,0.0,-65.0
1777892147.0663323,0.0,-1.0,-65.0
1777892147.0763323,-5.0,-3.0,-64.0
1777892147.0863323,-9.0,-1.0,-67.0
1777892147.0963323,-12.0,0.0,-71.0
1777892147.1063323,-9.0,-1.0,-71.0
1777892147.1163323,-6.0,-1.0,-67.0
1777892147.1263323,-3.0,0.0,-67.0
1777892147.1363325,0.0,-2.0,-64.0
1777892147.1463325,5.0,-6.0,-66.0
1777892147.1563325,2.0,-5.0,-71.0
1777892147.1663325,6.0,-5.0,-70.0
1777892147.1763325,2.0,-7.0,-65.0
1777892147.1863325,2.0,-7.0,-57.0
1777892147.1963325,-1.0,-4.0,-59.0
1777892147.2063324,-1.0,-5.0,-64.0
1777892147.2163324,-4.0,-10.0,-64.0
1777892147.2263324,0.0,-9.0,-65.0
1777892147.2363324,5.0,-9.0,-71.0
1777892147.2463324,1.0,-5.0,-71.0
1777892147.2563324,5.0,-4.0,-76.0
1777892147.2663324,5.0,-3.0,-73.0
1777892147.2763324,0.0,-5.0,-69.0
1777892147.2863324,1.0,-5.0,-63.0
1777892147.2963324,-2.0,-1.0,-67.0
1777892147.3063323,-4.0,-1.0,-74.0
1777892147.3163323,-5.0,-1.0,-77.0
1777892147.3263323,-3.0,0.0,-76.0
1777892147.3363323,-5.0,2.0,-73.0
1777892147.3463323,-8.0,0.0,-73.0
1777892147.3563323,-8.0,0.0,-68.0
1777892147.3663323,-4.0,0.0,-67.0
1777892147.3763323,-1.0,2.0,-66.0
1777892147.3863325,-4.0,-1.0,-64.0
1777892147.3963325,1.0,-1.0,-72.0
1777892147.4063325,3.0,1.0,-73.0
1777892147.4163325,4.0,6.0,-66.0
1777892147.4263325,6.0,6.0,-63.0
1777892147.4363325,5.0,2.0,-65.0
1777892147.4463325,7.0,1.0,-69.0
1777892147.4563324,4.0,1.0,-66.0
1777892147.4663324,4.0,1.0,-59.0
1777892147.4763324,3.0,-1.0,-55.0
1777892147.4863324,4.0,-3.0,-54.0
1777892147.4963324,8.0,-3.0,-58.0
1777892147.5063324,12.0,-1.0,-58.0
1777892147.5163324,13.0,-2.0,-61.0
1777892147.5263324,14.0,3.0,-67.0
1777892147.5363324,12.0,1.0,-69.0
1777892147.5463324,7.0,1.0,-65.0
1777892147.5563323,0.0,1.0,-67.0
1777892147.5663323,0.0,2.0,-69.0
1777892147.5763323,0.0,4.0,-72.0
1777892147.5863323,0.0,-2.0,-68.0
1777892147.5963323,1.0,0.0,-65.0
1777892147.6063323,-1.0,-3.0,-64.0
1777892147.6163323,-6.0,-5.0,-62.0
1777892147.6263323,-7.0,-7.0,-69.0
1777892147.6363325,-1.0,-5.0,-67.0
1777892147.6463325,-3.0,-2.0,-69.0
1777892147.6573324,-3.0,-1.0,-73.0
1777892147.6673324,-4.0,1.0,-69.0
1777892147.6773324,-4.0,0.0,-67.0
1777892147.6873324,-5.0,1.0,-74.0
1777892147.6973324,-5.0,2.0,-69.0
1777892147.7073324,-1.0,0.0,-68.0
1777892147.7173324,-1.0,-1.0,-70.0
1777892147.7273324,0.0,0.0,-76.0
1777892147.7373323,1.0,0.0,-76.0
1777892147.7473323,0.0,0.0,-67.0
1777892147.7573323,0.0,1.0,-73.0
1777892147.7673323,0.0,0.0,-77.0
1777892147.7773323,-1.0,0.0,-78.0
1777892147.7873323,0.0,-2.0,-79.0
1777892147.7973323,2.0,-2.0,-75.0
1777892147.8073325,0.0,1.0,-73.0
1777892147.8173325,-5.0,3.0,-73.0
1777892147.8273325,-5.0,-2.0,-75.0
1777892147.8373325,-1.0,-1.0,-78.0
1777892147.8473325,0.0,0.0,-73.0
1777892147.8573325,1.0,-2.0,-75.0
1777892147.8673325,6.0,0.0,-67.0
1777892147.8773324,7.0,-6.0,-61.0
1777892147.8873324,8.0,-4.0,-69.0
1777892147.8973324,10.0,-2.0,-67.0
1777892147.9073324,6.0,0.0,-67.0
1777892147.9173324,8.0,0.0,-69.0
1777892147.9273324,6.0,0.0,-66.0
1777892147.9373324,6.0,0.0,-62.0
1777892147.9473324,4.0,1.0,-64.0
1777892147.9573324,0.0,-2.0,-72.0
1777892147.9673324,-3.0,-2.0,-69.0
1777892147.9773324,1.0,-1.0,-64.0
1777892147.9873323,2.0,1.0,-70.0
1777892147.9973323,-2.0,3.0,-65.0
1777892148.0073323,-1.0,2.0,-69.0
1777892148.0173323,-2.0,3.0,-73.0
1777892148.0273323,-2.0,0.0,-74.0
1777892148.0373323,0.0,2.0,-71.0
1777892148.0473323,0.0,3.0,-79.0
1777892148.0573325,2.0,0.0,-76.0
1777892148.0673325,0.0,4.0,-70.0
1777892148.0773325,4.0,0.0,-66.0
1777892148.0873325,2.0,2.0,-66.0
1777892148.0973325,2.0,2.0,-71.0
1777892148.1073325,1.0,0.0,-74.0
1777892148.1173325,-1.0,-1.0,-77.0
1777892148.1273324,-4.0,-3.0,-73.0
1777892148.1373324,-3.0,-3.0,-71.0
1777892148.1473324,1.0,-1.0,-71.0
1777892148.1573324,0.0,0.0,-66.0
1777892148.1673324,5.0,0.0,-67.0
1777892148.1773324,6.0,-1.0,-70.0
1777892148.1873324,4.0,-1.0,-69.0
1777892148.1973324,5.0,-2.0,-71.0
1777892148.2073324,4.0,-2.0,-73.0
1777892148.2173324,4.0,0.0,-66.0
1777892148.2273324,0.0,-1.0,-64.0
1777892148.2373323,1.0,1.0,-61.0
1777892148.2473323,2.0,3.0,-72.0
1777892148.2573323,0.0,0.0,-76.0
1777892148.2673323,3.0,4.0,-76.0
1777892148.2773323,3.0,6.0,-75.0
1777892148.2873323,-1.0,5.0,-72.0
1777892148.2973323,-1.0,4.0,-71.0
1777892148.3073325,-3.0,3.0,-63.0
1777892148.3173325,-5.0,3.0,-67.0
1777892148.3273325,-2.0,-1.0,-70.0
1777892148.3373325,0.0,-4.0,-60.0
1777892148.3473325,0.0,-4.0,-65.0
1777892148.3573325,2.0,-2.0,-67.0
1777892148.3673325,-1.0,-1.0,-73.0
1777892148.3773324,-4.0,-1.0,-75.0
1777892148.3873324,-2.0,0.0,-76.0
1777892148.3973324,0.0,0.0,-73.0
1777892148.4073324,2.0,-1.0,-67.0
1777892148.4173324,3.0,-4.0,-68.0
1777892148.4273324,2.0,0.0,-67.0
1777892148.4373324,2.0,1.0,-67.0
1777892148.4473324,5.0,3.0,-71.0
1777892148.4573324,-3.0,4.0,-75.0
1777892148.4673324,-1.0,3.0,-73.0
1777892148.4773324,2.0,3.0,-73.0
1777892148.4873323,4.0,4.0,-64.0
1777892148.4973323,4.0,1.0,-57.0
1777892148.5073323,4.0,-4.0,-55.0
1777892148.5173323,5.0,-3.0,-56.0
1777892148.5273323,0.0,-4.0,-55.0
1777892148.5373323,-2.0,-4.0,-58.0
1777892148.5473323,0.0,-5.0,-63.0
1777892148.5573325,2.0,-5.0,-62.0
1777892148.5673325,0.0,-5.0,-61.0
1777892148.5773325,-1.0,-7.0,-65.0
1777892148.5873325,0.0,-9.0,-66.0
1777892148.5973325,-2.0,-11.0,-61.0
1777892148.6073325,-2.0,-14.0,-61.0
1777892148.6173325,-1.0,-10.0,-60.0
1777892148.6273324,-2.0,-7.0,-68.0
1777892148.6373324,0.0,-1.0,-77.0
1777892148.6473324,-4.0,-2.0,-68.0
1777892148.6573324,-3.0,-1.0,-68.0
1777892148.6673324,-8.0,-1.0,-70.0
1777892148.6773324,-12.0,-3.0,-72.0
1777892148.6873324,-10.0,-6.0,-79.0
1777892148.6973324,-7.0,-2.0,-81.0
1777892148.7073324,-10.0,2.0,-79.0
1777892148.7173324,0.0,1.0,-85.0
1777892148.7273324,0.0,0.0,-79.0
1777892148.7373323,0.0,0.0,-73.0
1777892148.7473323,0.0,-1.0,-74.0
1777892148.7573323,-4.0,-2.0,-70.0
1777892148.7673323,-2.0,-6.0,-70.0
1777892148.7773323,1.0,-8.0,-70.0
1777892148.7873323,1.0,-7.0,-67.0
1777892148.7973323,3.0,-6.0,-69.0
1777892148.8073325,1.0,-3.0,-73.0
1777892148.8173325,1.0,-6.0,-74.0
1777892148.8273325,2.0,-5.0,-72.0
1777892148.8373325,0.0,-3.0,-79.0
1777892148.8473325,-2.0,-6.0,-74.0
1777892148.8573325,-3.0,-3.0,-72.0
1777892148.8673325,-1.0,-2.0,-72.0
1777892148.8773324,-1.0,0.0,-67.0
1777892148.8873324,0.0,0.0,-65.0
1777892148.8973324,0.0,1.0,-65.0
1777892148.9073324,1.0,3.0,-68.0
1777892148.9173324,1.0,2.0,-63.0
1777892148.9273324,-1.0,5.0,-72.0
1777892148.9373324,0.0,2.0,-70.0
1777892148.9473324,-1.0,0.0,-69.0
1777892148.9573324,0.0,1.0,-71.0
1777892148.9673324,-4.0,-1.0,-79.0
1777892148.9773324,-2.0,0.0,-74.0
1777892148.9873323,-2.0,1.0,-64.0
1777892148.9973323,-4.0,0.0,-62.0
1777892149.0073323,0.0,-2.0,-63.0
1777892149.0173323,-2.0,-2.0,-63.0
1777892149.0273323,-6.0,-5.0,-64.0
1777892149.0373323,-6.0,-1.0,-67.0
1777892149.0473323,-9.0,-2.0,-69.0
1777892149.0573325,-9.0,-3.0,-72.0
1777892149.0673325,-5.0,-2.0,-73.0
1777892149.0773325,-2.0,-6.0,-76.0
1777892149.0873325,-3.0,-5.0,-73.0
1777892149.0973325,-1.0,-3.0,-73.0
1777892149.1073325,0.0,0.0,-67.0
1777892149.1173325,3.0,-1.0,-73.0
1777892149.1273324,5.0,0.0,-80.0
1777892149.1373324,8.0,0.0,-76.0
1777892149.1473324,12.0,-2.0,-76.0
1777892149.1573324,10.0,-5.0,-80.0
1777892149.1673324,13.0,-6.0,-83.0
1777892149.1773324,10.0,-6.0,-82.0
1777892149.1873324,11.0,-4.0,-74.0
1777892149.1973324,6.0,1.0,-74.0
1777892149.2073324,5.0,0.0,-76.0
1777892149.2173324,3.0,-1.0,-73.0
1777892149.2273324,8.0,-1.0,-74.0
1777892149.2373323,8.0,-3.0,-77.0
1777892149.2473323,7.0,-4.0,-77.0
1777892149.2573323,4.0,-7.0,-76.0
1777892149.2673323,0.0,-11.0,-76.0
1777892149.2773323,-3.0,-7.0,-74.0
1777892149.2873323,-6.0,-4.0,-71.0
1777892149.2973323,-6.0,-3.0,-70.0
1777892149.3073325,-3.0,-3.0,-78.0
1777892149.3173325,-6.0,-2.0,-74.0
1777892149.3273325,-5.0,0.0,-74.0
1777892149.3373325,-3.0,-2.0,-70.0
1777892149.3473325,-4.0,-4.0,-65.0
1777892149.3573325,-3.0,-3.0,-65.0
1777892149.3673325,0.0,0.0,-61.0
1777892149.3773324,-1.0,-1.0,-65.0
1777892149.3873324,-1.0,-1.0,-67.0
1777892149.3973324,-3.0,0.0,-61.0
1777892149.4073324,-1.0,-2.0,-61.0
1777892149.4173324,-1.0,1.0,-67.0
1777892149.4273324,0.0,3.0,-70.0
1777892149.4373324,-3.0,0.0,-69.0
1777892149.4473324,-2.0,2.0,-63.0
1777892149.4573324,-2.0,-1.0,-63.0
1777892149.4673324,0.0,-1.0,-65.0
1777892149.4773324,4.0,-3.0,-71.0
1777892149.4873323,6.0,-3.0,-76.0
1777892149.4973323,0.0,-2.0,-72.0
1777892149.5073323,-1.0,-1.0,-73.0
1777892149.5173323,-1.0,3.0,-72.0
1777892149.5273323,0.0,2.0,-73.0
1777892149.5373323,2.0,-1.0,-71.0
1777892149.5473323,1.0,1.0,-72.0
1777892149.5573325,0.0,0.0,-75.0
1777892149.5673325,-1.0,-3.0,-78.0
1777892149.5773325,0.0,-6.0,-76.0
1777892149.5873325,2.0,-3.0,-72.0
1777892149.5973325,-1.0,2.0,-61.0
1777892149.6083324,-1.0,-1.0,-62.0
1777892149.6173325,-1.0,0.0,-66.0
1777892149.6283324,-1.0,4.0,-65.0
1777892149.6383324,0.0,2.0,-67.0
1777892149.6483324,5.0,0.0,-65.0
1777892149.6583323,3.0,2.0,-58.0
1777892149.6683323,5.0,2.0,-63.0
1777892149.6783323,11.0,0.0,-65.0
1777892149.6883323,7.0,5.0,-67.0
1777892149.6983323,7.0,2.0,-69.0
1777892149.7083323,2.0,-2.0,-66.0
1777892149.7183323,1.0,0.0,-72.0
1777892149.7283323,0.0,3.0,-76.0
1777892149.7383325,-1.0,4.0,-79.0
1777892149.7483325,-3.0,0.0,-86.0
1777892149.7583325,2.0,-1.0,-85.0
1777892149.7683325,0.0,-1.0,-81.0
1777892149.7783325,-1.0,-5.0,-82.0
1777892149.7883325,-3.0,-4.0,-80.0
1777892149.7983325,-1.0,-4.0,-76.0
1777892149.8083324,-4.0,-3.0,-74.0
1777892149.8183324,-3.0,-5.0,-71.0
1777892149.8283324,-2.0,-4.0,-75.0
1777892149.8383324,-4.0,0.0,-76.0
1777892149.8483324,-1.0,-5.0,-78.0
1777892149.8583324,-3.0,0.0,-83.0
1777892149.8683324,2.0,0.0,-85.0
1777892149.8783324,1.0,-3.0,-76.0
1777892149.8883324,0.0,-3.0,-74.0
1777892149.8983324,1.0,-7.0,-71.0
1777892149.9083323,6.0,-4.0,-76.0
1777892149.9183323,3.0,-7.0,-77.0
1777892149.9283323,2.0,-6.0,-76.0
1777892149.9383323,5.0,-8.0,-73.0
1777892149.9483323,5.0,-6.0,-75.0
1777892149.9583323,-2.0,-8.0,-75.0
1777892149.9683323,0.0,-7.0,-77.0
1777892149.9783323,5.0,-3.0,-80.0
1777892149.9883325,4.0,0.0,-87.0
1777892149.9983325,4.0,2.0,-88.0
1777892150.0083325,1.0,0.0,-84.0
1777892150.0183325,1.0,-1.0,-83.0
1777892150.0283325,0.0,0.0,-81.0
1777892150.0383325,1.0,-3.0,-84.0
1777892150.0483325,-1.0,-3.0,-81.0
1777892150.0583324,0.0,0.0,-71.0
1777892150.0683324,-2.0,1.0,-62.0
1777892150.0783324,2.0,-1.0,-70.0
1777892150.0883324,4.0,-1.0,-66.0
1777892150.0983324,4.0,-1.0,-59.0
1777892150.1083324,3.0,-1.0,-65.0
1777892150.1183324,2.0,1.0,-67.0
1777892150.1283324,1.0,2.0,-68.0
1777892150.1383324,-2.0,-3.0,-74.0
1777892150.1483324,-1.0,-2.0,-75.0
1777892150.1583323,-2.0,-3.0,-81.0
1777892150.1683323,-5.0,0.0,-80.0
1777892150.1783323,-2.0,0.0,-83.0
1777892150.1883323,-4.0,-1.0,-90.0
1777892150.1983323,-3.0,-2.0,-92.0
1777892150.2083323,-2.0,-2.0,-85.0
1777892150.2183323,-1.0,-3.0,-79.0
1777892150.2283323,-6.0,-2.0,-70.0
1777892150.2383325,-7.0,-2.0,-70.0
1777892150.2483325,-1.0,-3.0,-63.0
1777892150.2583325,1.0,-3.0,-64.0
1777892150.2683325,-2.0,0.0,-60.0
1777892150.2783325,-2.0,1.0,-67.0
1777892150.2883325,-6.0,0.0,-74.0
1777892150.2983325,-7.0,2.0,-74.0
1777892150.3083324,-8.0,0.0,-75.0
1777892150.3183324,-7.0,0.0,-79.0
1777892150.3283324,-2.0,-4.0,-76.0
1777892150.3383324,0.0,0.0,-70.0
1777892150.3483324,6.0,2.0,-70.0
1777892150.3583324,8.0,2.0,-68.0
1777892150.3683324,5.0,1.0,-72.0
1777892150.3783324,1.0,0.0,-76.0
1777892150.3883324,1.0,-2.0,-79.0
1777892150.3983324,-2.0,-5.0,-78.0
1777892150.4083323,-1.0,-7.0,-75.0
1777892150.4183323,0.0,-4.0,-77.0
1777892150.4283323,0.0,-6.0,-77.0
1777892150.4383323,0.0,-3.0,-66.0
1777892150.4483323,0.0,0.0,-63.0
1777892150.4583323,4.0,-3.0,-64.0
1777892150.4683323,1.0,-6.0,-65.0
1777892150.4783323,-1.0,-7.0,-67.0
1777892150.4883325,-3.0,-8.0,-64.0
1777892150.4983325,-2.0,-5.0,-68.0
1777892150.5083325,-7.0,-6.0,-69.0
1777892150.5183325,-10.0,-2.0,-68.0
1777892150.5283325,-10.0,1.0,-66.0
1777892150.5383325,-12.0,3.0,-71.0
1777892150.5483325,-10.0,3.0,-74.0
1777892150.5583324,-1.0,1.0,-76.0
1777892150.5683324,3.0,1.0,-75.0
1777892150.5783324,0.0,1.0,-75.0
1777892150.5883324,-1.0,-1.0,-76.0
1777892150.5983324,1.0,-2.0,-77.0
1777892150.6083324,2.0,-3.0,-75.0
1777892150.6183324,-3.0,0.0,-70.0
1777892150.6283324,0.0,0.0,-65.0
1777892150.6383324,2.0,1.0,-66.0
1777892150.6483324,5.0,1.0,-67.0
1777892150.6583323,2.0,0.0,-64.0
1777892150.6683323,0.0,1.0,-64.0
1777892150.6783323,-1.0,0.0,-68.0
1777892150.6883323,1.0,-5.0,-73.0
1777892150.6983323,0.0,-5.0,-75.0
1777892150.7083323,0.0,-2.0,-76.0
1777892150.7183323,-1.0,-1.0,-78.0
1777892150.7283323,0.0,-4.0,-73.0
1777892150.7383325,1.0,-5.0,-78.0
1777892150.7483325,0.0,-5.0,-75.0
1777892150.7583325,4.0,0.0,-70.0
1777892150.7683325,4.0,-2.0,-75.0
1777892150.7783325,0.0,-4.0,-74.0
1777892150.7883325,0.0,-1.0,-73.0
1777892150.7983325,-4.0,1.0,-78.0
1777892150.8083324,-8.0,1.0,-80.0
1777892150.8183324,-3.0,1.0,-76.0
1777892150.8283324,-4.0,0.0,-68.0
1777892150.8383324,-3.0,-1.0,-71.0
1777892150.8483324,-5.0,0.0,-75.0
1777892150.8583324,-6.0,1.0,-69.0
1777892150.8683324,-5.0,-5.0,-68.0
1777892150.8783324,-4.0,0.0,-63.0
1777892150.8883324,-7.0,-3.0,-67.0
1777892150.8983324,-2.0,-3.0,-71.0
1777892150.9083323,-4.0,0.0,-73.0
1777892150.9183323,0.0,1.0,-69.0
1777892150.9283323,2.0,2.0,-74.0
1777892150.9383323,1.0,1.0,-84.0
1777892150.9483323,1.0,0.0,-85.0
1777892150.9583323,-2.0,0.0,-87.0
1777892150.9683323,-5.0,2.0,-91.0
1777892150.9783323,-6.0,-1.0,-84.0
1777892150.9883325,-2.0,0.0,-79.0
1777892150.9983325,0.0,0.0,-74.0
1777892151.0083325,2.0,-2.0,-78.0
1777892151.0183325,-4.0,-1.0,-75.0
1777892151.0283325,-2.0,-2.0,-73.0
1777892151.0383325,-1.0,0.0,-71.0
1777892151.0483325,2.0,1.0,-65.0
1777892151.0583324,-1.0,0.0,-67.0
1777892151.0683324,-1.0,-1.0,-69.0
1777892151.0783324,-3.0,0.0,-68.0
1777892151.0883324,1.0,0.0,-69.0
1777892151.0983324,1.0,3.0,-64.0
1777892151.1083324,0.0,3.0,-58.0
1777892151.1183324,-1.0,5.0,-60.0
1777892151.1283324,-3.0,2.0,-66.0
1777892151.1383324,-3.0,0.0,-73.0
1777892151.1483324,3.0,1.0,-72.0
1777892151.1583323,4.0,0.0,-70.0
1777892151.1683323,6.0,0.0,-67.0
1777892151.1783323,8.0,-2.0,-67.0
1777892151.1883323,4.0,-3.0,-73.0
1777892151.1983323,2.0,-6.0,-73.0
1777892151.2083323,0.0,-3.0,-76.0
1777892151.2183323,1.0,0.0,-73.0
1777892151.2283323,5.0,1.0,-74.0
1777892151.2383325,4.0,6.0,-68.0
1777892151.2483325,1.0,2.0,-66.0
1777892151.2583325,9.0,4.0,-65.0
1777892151.2683325,10.0,0.0,-73.0
1777892151.2783325,7.0,-4.0,-72.0
1777892151.2883325,3.0,-2.0,-72.0
1777892151.2983325,4.0,1.0,-74.0
1777892151.3083324,2.0,0.0,-72.0
1777892151.3183324,-2.0,-4.0,-63.0
1777892151.3283324,-6.0,-6.0,-69.0
1777892151.3383324,-8.0,-7.0,-75.0
1777892151.3483324,-6.0,-6.0,-74.0
1777892151.3583324,-8.0,-12.0,-71.0
1777892151.3683324,-5.0,-9.0,-72.0
1777892151.3783324,-1.0,-8.0,-75.0
1777892151.3883324,0.0,-6.0,-82.0
1777892151.3983324,1.0,-9.0,-76.0
1777892151.4083323,4.0,-5.0,-73.0
1777892151.4183323,1.0,-1.0,-67.0
1777892151.4283323,0.0,-3.0,-69.0
1777892151.4383323,-3.0,-4.0,-69.0
1777892151.4483323,-2.0,0.0,-71.0
1777892151.4583323,-6.0,0.0,-70.0
1777892151.4683323,-1.0,1.0,-69.0
1777892151.4783323,-2.0,-4.0,-69.0
1777892151.4883325,0.0,-2.0,-70.0
1777892151.4983325,0.0,-1.0,-68.0
1777892151.5083325,4.0,0.0,-65.0
1777892151.5183325,1.0,1.0,-64.0
1777892151.5283325,-4.0,5.0,-62.0
1777892151.5383325,-3.0,1.0,-57.0
1777892151.5483325,0.0,-1.0,-64.0
1777892151.5583324,3.0,-1.0,-68.0
1777892151.5683324,0.0,-2.0,-74.0
1777892151.5783324,4.0,-1.0,-72.0
1777892151.5883324,2.0,-3.0,-79.0
1777892151.5983324,5.0,-1.0,-79.0
1777892151.6083324,4.0,-3.0,-77.0
1777892151.6183324,2.0,-6.0,-82.0
1777892151.6283324,2.0,-3.0,-86.0
1777892151.6393323,1.0,-5.0,-81.0
1777892151.6493323,1.0,-8.0,-76.0
1777892151.6593325,0.0,-9.0,-80.0
1777892151.6693325,2.0,-11.0,-75.0
1777892151.6793325,5.0,-7.0,-70.0
1777892151.6893325,5.0,-2.0,-65.0
1777892151.6993325,8.0,-2.0,-65.0
1777892151.7093325,10.0,-1.0,-68.0
1777892151.7193325,6.0,-1.0,-73.0
1777892151.7293324,6.0,-5.0,-68.0
1777892151.7393324,9.0,-6.0,-61.0
1777892151.7493324,5.0,-6.0,-59.0
1777892151.7593324,6.0,-4.0,-63.0
1777892151.7693324,4.0,-1.0,-68.0
1777892151.7793324,2.0,-3.0,-71.0
1777892151.7893324,7.0,-4.0,-75.0
1777892151.7993324,4.0,0.0,-71.0
1777892151.8093324,6.0,-2.0,-64.0
1777892151.8193324,7.0,-4.0,-57.0
1777892151.8293324,4.0,-4.0,-60.0
1777892151.8393323,5.0,-2.0,-60.0
1777892151.8493323,4.0,-1.0,-60.0
1777892151.8593323,3.0,-2.0,-62.0
1777892151.8693323,3.0,1.0,-61.0
1777892151.8793323,2.0,4.0,-64.0
1777892151.8893323,-2.0,1.0,-65.0
1777892151.8993323,0.0,2.0,-76.0
1777892151.9093325,-3.0,0.0,-80.0
1777892151.9193325,0.0,0.0,-74.0
1777892151.9293325,-3.0,1.0,-83.0
1777892151.9393325,-5.0,5.0,-85.0
1777892151.9493325,-6.0,4.0,-77.0
1777892151.9593325,-6.0,0.0,-77.0
1777892151.9693325,-4.0,0.0,-81.0
1777892151.9793324,0.0,-2.0,-76.0
1777892151.9893324,3.0,-2.0,-81.0
1777892151.9993324,0.0,-5.0,-74.0
1777892152.0093324,-2.0,-5.0,-65.0
1777892152.0193324,-4.0,-5.0,-67.0
1777892152.0293324,-6.0,0.0,-64.0
1777892152.0393324,-9.0,-1.0,-65.0
1777892152.0493324,-3.0,-1.0,-68.0
1777892152.0593324,-2.0,-7.0,-71.0
1777892152.0693324,-5.0,-7.0,-61.0
1777892152.0793324,-6.0,-4.0,-67.0
1777892152.0893323,-5.0,-2.0,-70.0
1777892152.0993323,-7.0,0.0,-68.0
1777892152.1093323,-2.0,0.0,-71.0
1777892152.1193323,-4.0,5.0,-74.0
1777892152.1293323,-1.0,8.0,-76.0
1777892152.1393323,0.0,7.0,-74.0
1777892152.1493323,2.0,6.0,-71.0
1777892152.1593325,1.0,3.0,-70.0
1777892152.1693325,1.0,4.0,-75.0
1777892152.1793325,3.0,0.0,-76.0
1777892152.1893325,5.0,3.0,-71.0
1777892152.1993325,5.0,3.0,-74.0
1777892152.2093325,6.0,1.0,-79.0
1777892152.2193325,0.0,0.0,-74.0
1777892152.2293324,-6.0,0.0,-74.0
1777892152.2393324,-7.0,0.0,-70.0
1777892152.2493324,-9.0,3.0,-63.0
1777892152.2593324,-8.0,1.0,-65.0
1777892152.2693324,-5.0,1.0,-61.0
1777892152.2793324,0.0,0.0,-58.0
1777892152.2893324,2.0,1.0,-62.0
1777892152.2993324,5.0,0.0,-62.0
1777892152.3093324,5.0,0.0,-66.0
1777892152.3193324,2.0,-1.0,-66.0
1777892152.3293324,0.0,-1.0,-69.0
1777892152.3393323,1.0,0.0,-68.0
1777892152.3493323,0.0,0.0,-69.0
1777892152.3593323,0.0,0.0,-72.0
1777892152.3693323,-4.0,1.0,-66.0
1777892152.3793323,-3.0,1.0,-73.0
1777892152.3893323,-7.0,-1.0,-76.0
1777892152.3993323,-4.0,0.0,-75.0
1777892152.4093325,-6.0,2.0,-82.0
1777892152.4193325,0.0,3.0,-77.0
1777892152.4293325,-2.0,4.0,-78.0
1777892152.4393325,-3.0,1.0,-81.0
1777892152.4493325,0.0,0.0,-74.0
1777892152.4593325,-3.0,1.0,-75.0
1777892152.4693325,-3.0,4.0,-79.0
1777892152.4793324,-3.0,6.0,-79.0
1777892152.4893324,1.0,2.0,-79.0
1777892152.4993324,2.0,0.0,-79.0
1777892152.5093324,3.0,-2.0,-75.0
1777892152.5193324,3.0,0.0,-73.0
1777892152.5293324,5.0,2.0,-77.0
1777892152.5393324,4.0,0.0,-74.0
1777892152.5493324,2.0,3.0,-80.0
1777892152.5593324,4.0,0.0,-77.0
1777892152.5693324,2.0,2.0,-76.0
1777892152.5793324,3.0,0.0,-71.0
1777892152.5893323,1.0,0.0,-75.0
1777892152.5993323,-1.0,0.0,-72.0
1777892152.6093323,2.0,0.0,-67.0
1777892152.6193323,0.0,2.0,-73.0
1777892152.6293323,3.0,3.0,-77.0
1777892152.6393323,5.0,2.0,-74.0
1777892152.6493323,9.0,2.0,-73.0
1777892152.6593325,7.0,3.0,-76.0
1777892152.6693325,6.0,3.0,-80.0
1777892152.6793325,4.0,2.0,-79.0
1777892152.6893325,2.0,-3.0,-72.0
1777892152.6993325,8.0,-7.0,-71.0
1777892152.7093325,7.0,-6.0,-65.0
1777892152.7193325,1.0,-4.0,-67.0
1777892152.7293324,0.0,-2.0,-62.0
1777892152.7393324,0.0,0.0,-68.0
1777892152.7493324,4.0,0.0,-70.0
1777892152.7593324,4.0,2.0,-77.0
1777892152.7693324,2.0,0.0,-73.0
1777892152.7793324,5.0,-6.0,-79.0
1777892152.7893324,1.0,0.0,-79.0
1777892152.7993324,1.0,3.0,-83.0
1777892152.8093324,1.0,1.0,-88.0
1777892152.8193324,0.0,3.0,-85.0
1777892152.8293324,-2.0,2.0,-82.0
1777892152.8393323,-4.0,1.0,-83.0
1777892152.8493323,-4.0,-1.0,-80.0
1777892152.8593323,-5.0,-2.0,-75.0
1777892152.8693323,0.0,3.0,-77.0
1777892152.8793323,2.0,-1.0,-75.0
1777892152.8893323,0.0,-2.0,-72.0
1777892152.8993323,-2.0,-4.0,-79.0
1777892152.9093325,-5.0,-4.0,-76.0
1777892152.9193325,-2.0,-2.0,-77.0
1777892152.9303324,1.0,-4.0,-81.0
1777892152.9393325,1.0,-7.0,-82.0
1777892152.9493325,0.0,-8.0,-79.0
1777892152.9593325,0.0,-7.0,-73.0
1777892152.9693325,-1.0,-6.0,-74.0
1777892152.9793324,-1.0,-2.0,-72.0
1777892152.9893324,-4.0,-2.0,-70.0
1777892152.9993324,-2.0,-6.0,-73.0
1777892153.0093324,0.0,-6.0,-80.0
1777892153.0193324,0.0,-10.0,-79.0
1777892153.0293324,0.0,-5.0,-73.0
1777892153.0393324,0.0,-7.0,-70.0
1777892153.0493324,3.0,-5.0,-73.0
1777892153.0593324,5.0,-3.0,-70.0
1777892153.0693324,6.0,-2.0,-66.0
1777892153.0793324,6.0,0.0,-61.0
1777892153.0893323,9.0,0.0,-56.0
1777892153.0993323,9.0,2.0,-63.0
1777892153.1093323,6.0,8.0,-72.0
1777892153.1193323,5.0,4.0,-76.0
1777892153.1293323,4.0,0.0,-77.0
1777892153.1393323,0.0,0.0,-75.0
1777892153.1493323,-2.0,0.0,-79.0
1777892153.1593325,-1.0,-1.0,-77.0
1777892153.1693325,4.0,-1.0,-75.0
1777892153.1793325,4.0,0.0,-71.0
1777892153.1893325,3.0,3.0,-71.0
1777892153.1993325,2.0,1.0,-70.0
1777892153.2093325,0.0,-2.0,-71.0
1777892153.2193325,0.0,-2.0,-74.0
1777892153.2293324,0.0,-3.0,-76.0
1777892153.2393324,-4.0,-4.0,-67.0
1777892153.2493324,0.0,-3.0,-65.0
1777892153.2593324,1.0,-2.0,-72.0
1777892153.2693324,0.0,0.0,-78.0
1777892153.2793324,2.0,-2.0,-84.0
1777892153.2893324,5.0,-5.0,-86.0
1777892153.2993324,6.0,-2.0,-77.0
1777892153.3093324,9.0,-5.0,-71.0
1777892153.3193324,5.0,-7.0,-72.0
1777892153.3293324,1.0,-10.0,-66.0
1777892153.3393323,0.0,-7.0,-63.0
1777892153.3493323,0.0,-6.0,-68.0
1777892153.3593323,0.0,-9.0,-73.0
1777892153.3693323,0.0,-7.0,-63.0
1777892153.3793323,1.0,-3.0,-68.0
1777892153.3893323,0.0,-3.0,-70.0
1777892153.3993323,0.0,-1.0,-71.0
1777892153.4093325,0.0,-1.0,-67.0
1777892153.4193325,0.0,0.0,-60.0
1777892153.4293325,0.0,-6.0,-61.0
1777892153.4393325,-3.0,-7.0,-68.0
1777892153.4493325,-4.0,-4.0,-67.0
1777892153.4593325,-2.0,0.0,-72.0
1777892153.4693325,3.0,1.0,-77.0
1777892153.4793324,2.0,3.0,-75.0
1777892153.4893324,4.0,0.0,-72.0
1777892153.4993324,3.0,0.0,-71.0
1777892153.5093324,2.0,-2.0,-76.0
1777892153.5193324,2.0,-6.0,-68.0
1777892153.5293324,1.0,-6.0,-71.0
1777892153.5393324,-4.0,-3.0,-71.0
1777892153.5493324,-1.0,-3.0,-72.0
1777892153.5593324,-5.0,-4.0,-76.0
1777892153.5693324,-2.0,-11.0,-76.0
1777892153.5793324,-5.0,-7.0,-76.0
1777892153.5893323,-2.0,-7.0,-75.0
1777892153.6003325,0.0,-6.0,-82.0
1777892153.6103325,-1.0,1.0,-79.0
1777892153.6203325,-8.0,3.0,-77.0
1777892153.6293323,-8.0,3.0,-80.0
1777892153.6403325,-6.0,4.0,-81.0
1777892153.6493323,-7.0,3.0,-81.0
1777892153.6603324,-6.0,2.0,-78.0
1777892153.6703324,-9.0,1.0,-73.0
1777892153.6793325,-11.0,1.0,-73.0
1777892153.6903324,-9.0,1.0,-77.0
1777892153.7003324,-7.0,0.0,-73.0
1777892153.7103324,-5.0,4.0,-71.0
1777892153.7203324,-4.0,6.0,-72.0
1777892153.7303324,-7.0,3.0,-67.0
1777892153.7403324,-4.0,6.0,-66.0
1777892153.7503324,-2.0,3.0,-70.0
1777892153.7603323,1.0,6.0,-69.0
1777892153.7703323,-4.0,3.0,-76.0
1777892153.7803323,0.0,0.0,-83.0
1777892153.7903323,4.0,-1.0,-80.0
1777892153.8003323,3.0,-4.0,-71.0
1777892153.8103323,3.0,-1.0,-74.0
1777892153.8203323,3.0,1.0,-72.0
1777892153.8303325,2.0,2.0,-68.0
1777892153.8403325,7.0,3.0,-71.0
1777892153.8503325,9.0,-1.0,-75.0
1777892153.8603325,10.0,-1.0,-72.0
1777892153.8703325,8.0,-3.0,-74.0
1777892153.8803325,5.0,3.0,-78.0
1777892153.8903325,1.0,3.0,-77.0
1777892153.9003325,2.0,4.0,-77.0
1777892153.9103324,-5.0,1.0,-79.0
1777892153.9203324,-4.0,0.0,-81.0
1777892153.9303324,0.0,0.0,-80.0
1777892153.9403324,3.0,1.0,-81.0
1777892153.9503324,3.0,5.0,-79.0
1777892153.9603324,2.0,4.0,-75.0
1777892153.9703324,7.0,3.0,-73.0
1777892153.9803324,9.0,-1.0,-80.0
1777892153.9903324,9.0,0.0,-75.0
1777892154.0003324,4.0,-2.0,-70.0
1777892154.0103323,4.0,-6.0,-60.0
1777892154.0203323,2.0,-11.0,-60.0
1777892154.0303323,3.0,-9.0,-65.0
1777892154.0403323,2.0,-6.0,-69.0
1777892154.0503323,-1.0,-3.0,-63.0
1777892154.0603323,-1.0,-5.0,-68.0
1777892154.0703323,0.0,-5.0,-66.0
1777892154.0803325,-5.0,-3.0,-66.0
1777892154.0903325,-8.0,-3.0,-68.0
1777892154.1003325,-5.0,-2.0,-61.0
1777892154.1103325,0.0,-1.0,-65.0
1777892154.1203325,-3.0,3.0,-65.0
1777892154.1303325,1.0,0.0,-67.0
1777892154.1403325,0.0,2.0,-70.0
1777892154.1503325,-2.0,4.0,-70.0
1777892154.1603324,1.0,5.0,-71.0
1777892154.1703324,2.0,3.0,-64.0
1777892154.1803324,0.0,4.0,-64.0
1777892154.1903324,3.0,5.0,-69.0
1777892154.2003324,7.0,6.0,-69.0
1777892154.2103324,7.0,6.0,-72.0
1777892154.2203324,7.0,8.0,-68.0
1777892154.2303324,6.0,6.0,-65.0
1777892154.2403324,5.0,0.0,-67.0
1777892154.2503324,1.0,-6.0,-72.0
1777892154.2603323,4.0,-6.0,-75.0
1777892154.2703323,4.0,-4.0,-74.0
1777892154.2803323,3.0,-3.0,-73.0
1777892154.2903323,3.0,-8.0,-75.0
1777892154.3003323,2.0,-6.0,-68.0
1777892154.3103323,1.0,-6.0,-70.0
1777892154.3203323,6.0,-3.0,-73.0
1777892154.3303325,7.0,-1.0,-76.0
1777892154.3403325,1.0,-2.0,-68.0
1777892154.3503325,-1.0,-8.0,-65.0
1777892154.3603325,-4.0,-6.0,-67.0
1777892154.3703325,-4.0,-5.0,-70.0
1777892154.3803325,0.0,-3.0,-73.0
1777892154.3903325,5.0,-3.0,-73.0
1777892154.4003325,2.0,-1.0,-76.0
1777892154.4103324,3.0,-3.0,-80.0
1777892154.4203324,4.0,1.0,-74.0
1777892154.4303324,6.0,1.0,-68.0
1777892154.4403324,3.0,-2.0,-67.0
1777892154.4503324,2.0,-2.0,-71.0
1777892154.4603324,3.0,-3.0,-69.0
1777892154.4703324,1.0,-5.0,-71.0
1777892154.4803324,2.0,-5.0,-64.0
1777892154.4903324,0.0,-4.0,-64.0
1777892154.5003324,-1.0,-3.0,-71.0
1777892154.5103323,0.0,-2.0,-72.0
1777892154.5203323,0.0,0.0,-69.0
1777892154.5303323,1.0,3.0,-69.0
1777892154.5403323,2.0,0.0,-74.0
1777892154.5503323,4.0,2.0,-73.0
1777892154.5603323,3.0,2.0,-66.0
1777892154.5703323,1.0,1.0,-69.0
1777892154.5803325,4.0,-3.0,-69.0
1777892154.5903325,6.0,-2.0,-69.0
1777892154.6003325,7.0,0.0,-65.0
1777892154.6103325,2.0,1.0,-66.0
1777892154.6203325,2.0,3.0,-67.0
1777892154.6303325,2.0,4.0,-73.0
1777892154.6403325,1.0,4.0,-77.0
1777892154.6503325,-3.0,2.0,-79.0
1777892154.6603324,-6.0,3.0,-77.0
1777892154.6713324,-4.0,3.0,-82.0
1777892154.6803324,-8.0,2.0,-81.0
1777892154.6903324,-8.0,2.0,-76.0
1777892154.7003324,-11.0,6.0,-72.0
1777892154.7103324,-7.0,5.0,-66.0
1777892154.7203324,-3.0,5.0,-70.0
1777892154.7303324,-1.0,4.0,-79.0
1777892154.7403324,-5.0,1.0,-80.0
1777892154.7503324,-3.0,-1.0,-82.0
1777892154.7603323,0.0,0.0,-78.0
1777892154.7703323,-1.0,0.0,-77.0
1777892154.7803323,-2.0,3.0,-77.0
1777892154.7903323,-4.0,4.0,-70.0
1777892154.8003323,-1.0,2.0,-77.0
1777892154.8103323,-1.0,-1.0,-74.0
1777892154.8203323,-2.0,-1.0,-72.0
1777892154.8303325,-1.0,3.0,-74.0
1777892154.8403325,-2.0,1.0,-70.0
1777892154.8503325,0.0,2.0,-71.0
1777892154.8603325,-2.0,0.0,-78.0
1777892154.8703325,-1.0,-2.0,-79.0
1777892154.8803325,-1.0,3.0,-71.0
1777892154.8903325,1.0,1.0,-71.0
1777892154.9003325,4.0,0.0,-70.0
1777892154.9103324,1.0,0.0,-72.0
1777892154.9203324,3.0,0.0,-71.0
1777892154.9303324,0.0,2.0,-65.0
1777892154.9403324,-3.0,3.0,-65.0
1777892154.9503324,-2.0,1.0,-63.0
1777892154.9603324,3.0,0.0,-64.0
1777892154.9703324,0.0,0.0,-76.0
1777892154.9803324,0.0,5.0,-77.0
1777892154.9903324,0.0,3.0,-79.0
1777892155.0003324,-1.0,2.0,-78.0
1777892155.0103323,-2.0,-1.0,-77.0
1777892155.0203323,-4.0,0.0,-66.0
1777892155.0303323,-3.0,1.0,-73.0
1777892155.0403323,-1.0,0.0,-71.0
1777892155.0503323,-4.0,-1.0,-70.0
1777892155.0603323,-3.0,0.0,-64.0
1777892155.0703323,-4.0,0.0,-67.0
1777892155.0803325,-2.0,2.0,-69.0
1777892155.0903325,-2.0,4.0,-70.0
1777892155.1003325,-6.0,9.0,-71.0
1777892155.1103325,-6.0,7.0,-72.0
1777892155.1203325,-5.0,3.0,-73.0
1777892155.1303325,-3.0,5.0,-73.0
1777892155.1403325,-4.0,1.0,-77.0
1777892155.1503325,-3.0,-4.0,-78.0
1777892155.1603324,-4.0,-8.0,-64.0
1777892155.1703324,-1.0,-8.0,-68.0
1777892155.1803324,0.0,-7.0,-72.0
1777892155.1903324,6.0,-8.0,-76.0
1777892155.2003324,5.0,-4.0,-77.0
1777892155.2103324,1.0,-3.0,-72.0
1777892155.2203324,-1.0,-2.0,-76.0
1777892155.2303324,-3.0,-3.0,-78.0
1777892155.2403324,-2.0,-1.0,-76.0
1777892155.2503324,2.0,-2.0,-69.0
1777892155.2603323,0.0,1.0,-73.0
1777892155.2703323,-4.0,0.0,-69.0
1777892155.2803323,-2.0,0.0,-65.0
1777892155.2903323,2.0,0.0,-68.0
1777892155.3003323,3.0,2.0,-76.0
1777892155.3103323,1.0,1.0,-73.0
1777892155.3203323,-1.0,3.0,-74.0
1777892155.3303325,-3.0,2.0,-83.0
1777892155.3403325,-1.0,-1.0,-86.0
1777892155.3503325,-2.0,-6.0,-83.0
1777892155.3603325,-1.0,-3.0,-75.0
1777892155.3703325,-2.0,3.0,-68.0
1777892155.3803325,-5.0,2.0,-63.0
1777892155.3903325,-4.0,1.0,-63.0
1777892155.4003325,-9.0,0.0,-70.0
1777892155.4103324,-4.0,1.0,-70.0
1777892155.4203324,-5.0,2.0,-75.0
1777892155.4303324,0.0,3.0,-77.0
1777892155.4403324,2.0,1.0,-76.0
1777892155.4503324,2.0,0.0,-72.0
1777892155.4603324,0.0,-1.0,-70.0
1777892155.4703324,-2.0,-4.0,-76.0
1777892155.4803324,-3.0,-4.0,-84.0
1777892155.4903324,-3.0,-3.0,-89.0
1777892155.5003324,0.0,-3.0,-80.0
1777892155.5103323,4.0,-2.0,-79.0
1777892155.5203323,2.0,-5.0,-73.0
1777892155.5303323,2.0,-6.0,-81.0
1777892155.5403323,4.0,-8.0,-86.0
1777892155.5503323,0.0,-5.0,-81.0
1777892155.5603323,2.0,-3.0,-86.0
1777892155.5703323,1.0,-4.0,-86.0
1777892155.5803325,0.0,-6.0,-80.0
1777892155.5903325,3.0,-7.0,-78.0
1777892155.6003325,5.0,-6.0,-70.0
1777892155.6113324,4.0,-7.0,-72.0
1777892155.6213324,2.0,-7.0,-70.0
1777892155.6313324,2.0,-4.0,-79.0
1777892155.6413324,1.0,-5.0,-85.0
1777892155.6513324,4.0,-3.0,-83.0
1777892155.6613324,5.0,-4.0,-85.0
1777892155.6713324,2.0,0.0,-81.0
1777892155.6813323,1.0,3.0,-75.0
1777892155.6913323,3.0,0.0,-74.0
1777892155.7013323,2.0,1.0,-70.0
1777892155.7113323,2.0,-1.0,-76.0
1777892155.7213323,1.0,0.0,-82.0
1777892155.7313323,1.0,2.0,-71.0
1777892155.7413323,1.0,1.0,-68.0
1777892155.7513323,-3.0,1.0,-72.0
1777892155.7613325,-5.0,3.0,-77.0
1777892155.7713325,-6.0,0.0,-75.0
1777892155.7813325,-4.0,1.0,-75.0
1777892155.7913325,-4.0,0.0,-70.0
1777892155.8013325,-1.0,-1.0,-77.0
1777892155.8113325,-3.0,-3.0,-78.0
1777892155.8213325,2.0,-1.0,-78.0
1777892155.8313324,-1.0,-5.0,-80.0
1777892155.8413324,-1.0,0.0,-79.0
1777892155.8513324,-1.0,0.0,-78.0
1777892155.8613324,-3.0,0.0,-77.0
1777892155.8713324,-7.0,3.0,-75.0
1777892155.8813324,-3.0,2.0,-76.0
1777892155.8913324,-5.0,-4.0,-75.0
1777892155.9013324,-4.0,-3.0,-76.0
1777892155.9113324,-7.0,-5.0,-70.0
1777892155.9213324,-8.0,-5.0,-72.0
1777892155.9313323,-5.0,-1.0,-74.0
1777892155.9413323,0.0,-1.0,-71.0
1777892155.9513323,3.0,-2.0,-67.0
1777892155.9613323,-3.0,0.0,-67.0
1777892155.9713323,-5.0,-1.0,-61.0
1777892155.9813323,-2.0,0.0,-66.0
1777892155.9913323,0.0,0.0,-71.0
1777892156.0013323,4.0,-2.0,-70.0
1777892156.0113325,0.0,3.0,-70.0
1777892156.0213325,-2.0,3.0,-64.0
1777892156.0313325,-3.0,2.0,-55.0
1777892156.0413325,-2.0,-1.0,-56.0
1777892156.0513325,-3.0,-1.0,-55.0
1777892156.0613325,2.0,-4.0,-54.0
1777892156.0713325,0.0,-6.0,-65.0
1777892156.0813324,-4.0,-3.0,-66.0
1777892156.0913324,0.0,-4.0,-74.0
1777892156.1013324,0.0,-6.0,-75.0
1777892156.1113324,-1.0,-5.0,-75.0
1777892156.1213324,0.0,-5.0,-75.0
1777892156.1313324,1.0,-4.0,-73.0
1777892156.1413324,2.0,0.0,-71.0
1777892156.1513324,1.0,3.0,-77.0
1777892156.1613324,-3.0,4.0,-85.0
1777892156.1713324,-5.0,1.0,-85.0
1777892156.1813323,-3.0,3.0,-77.0
1777892156.1913323,1.0,0.0,-80.0
1777892156.2013323,-2.0,1.0,-82.0
1777892156.2113323,1.0,4.0,-82.0
1777892156.2213323,4.0,2.0,-81.0
1777892156.2313323,6.0,1.0,-75.0
1777892156.2413323,7.0,0.0,-68.0
1777892156.2513323,11.0,2.0,-59.0
1777892156.2613325,12.0,0.0,-58.0
1777892156.2713325,7.0,-1.0,-61.0
1777892156.2813325,6.0,-4.0,-67.0
1777892156.2913325,5.0,-4.0,-75.0
1777892156.3013325,4.0,-2.0,-72.0
1777892156.3113325,2.0,0.0,-77.0
1777892156.3213325,1.0,0.0,-70.0
1777892156.3313324,2.0,2.0,-68.0
1777892156.3413324,0.0,2.0,-67.0
1777892156.3513324,0.0,9.0,-71.0
1777892156.3613324,1.0,7.0,-77.0
1777892156.3713324,0.0,2.0,-66.0
1777892156.3813324,-3.0,4.0,-68.0
1777892156.3913324,-2.0,2.0,-69.0
1777892156.4013324,-3.0,0.0,-68.0
1777892156.4113324,0.0,2.0,-71.0
1777892156.4213324,2.0,1.0,-65.0
1777892156.4313323,0.0,0.0,-70.0
1777892156.4413323,0.0,-3.0,-69.0
1777892156.4513323,0.0,1.0,-73.0
1777892156.4613323,-3.0,3.0,-78.0
1777892156.4713323,-7.0,2.0,-75.0
1777892156.4813323,-5.0,4.0,-68.0
1777892156.4913323,-5.0,5.0,-68.0
1777892156.5013323,3.0,5.0,-66.0
1777892156.5113325,2.0,4.0,-66.0
1777892156.5213325,1.0,2.0,-68.0
1777892156.5313325,0.0,0.0,-67.0
1777892156.5413325,-1.0,-2.0,-66.0
1777892156.5513325,-1.0,-1.0,-68.0
1777892156.5613325,-6.0,3.0,-62.0
1777892156.5713325,-5.0,0.0,-66.0
1777892156.5813324,-4.0,-3.0,-72.0
1777892156.5913324,0.0,-3.0,-70.0
1777892156.6013324,2.0,-7.0,-63.0
1777892156.6113324,1.0,-3.0,-61.0
1777892156.6213324,2.0,-2.0,-67.0
1777892156.6313324,0.0,-3.0,-67.0
1777892156.6413324,0.0,-2.0,-74.0
1777892156.6513324,1.0,-1.0,-71.0
1777892156.6613324,-3.0,1.0,-70.0
1777892156.6713324,-2.0,0.0,-69.0
1777892156.6813323,-2.0,-4.0,-68.0
1777892156.6913323,-1.0,-5.0,-72.0
1777892156.7013323,1.0,-6.0,-64.0
1777892156.7113323,0.0,-5.0,-70.0
1777892156.7213323,-2.0,-3.0,-75.0
1777892156.7313323,-2.0,-2.0,-72.0
1777892156.7413323,-1.0,-2.0,-75.0
1777892156.7513323,-4.0,-1.0,-66.0
1777892156.7613325,0.0,2.0,-69.0
1777892156.7713325,2.0,1.0,-68.0
1777892156.7813325,2.0,0.0,-62.0
1777892156.7913325,0.0,-1.0,-60.0
1777892156.8013325,-2.0,-2.0,-61.0
1777892156.8113325,0.0,-1.0,-65.0
1777892156.8213325,1.0,2.0,-69.0
1777892156.8313324,2.0,3.0,-69.0
1777892156.8413324,4.0,-3.0,-68.0
1777892156.8513324,9.0,0.0,-69.0
1777892156.8613324,7.0,1.0,-79.0
1777892156.8713324,4.0,2.0,-79.0
1777892156.8813324,0.0,5.0,-85.0
1777892156.8913324,-1.0,3.0,-86.0
1777892156.9013324,1.0,1.0,-80.0
1777892156.9113324,0.0,-1.0,-79.0
1777892156.9213324,-3.0,0.0,-81.0
1777892156.9313323,-1.0,2.0,-77.0
1777892156.9413323,-4.0,5.0,-74.0
1777892156.9513323,-4.0,6.0,-69.0
1777892156.9613323,-2.0,4.0,-72.0
1777892156.9713323,-1.0,2.0,-74.0
1777892156.9813323,0.0,4.0,-73.0
1777892156.9913323,-1.0,4.0,-72.0
1777892157.0013323,0.0,0.0,-70.0
1777892157.0113325,0.0,1.0,-72.0
1777892157.0213325,0.0,1.0,-72.0
1777892157.0313325,1.0,0.0,-66.0
1777892157.0413325,0.0,-1.0,-71.0
1777892157.0513325,1.0,-2.0,-70.0
1777892157.0613325,3.0,-1.0,-69.0
1777892157.0713325,0.0,-2.0,-65.0
1777892157.0813324,0.0,-2.0,-66.0
1777892157.0913324,0.0,-4.0,-64.0
1777892157.1013324,2.0,-2.0,-63.0
1777892157.1113324,3.0,-7.0,-70.0
1777892157.1213324,5.0,-6.0,-71.0
1777892157.1313324,3.0,-6.0,-68.0
1777892157.1413324,0.0,-1.0,-70.0
1777892157.1513324,-3.0,0.0,-69.0
1777892157.1613324,0.0,-4.0,-73.0
1777892157.1713324,1.0,-5.0,-73.0
1777892157.1813323,4.0,-2.0,-73.0
1777892157.1913323,1.0,-2.0,-77.0
1777892157.2013323,1.0,-7.0,-77.0
1777892157.2113323,2.0,-9.0,-74.0
1777892157.2213323,0.0,-11.0,-73.0
1777892157.2313323,-1.0,-8.0,-77.0
1777892157.2413323,0.0,-4.0,-82.0
1777892157.2513323,0.0,-2.0,-78.0
1777892157.2613325,0.0,-2.0,-76.0
1777892157.2713325,1.0,-2.0,-84.0
1777892157.2813325,2.0,0.0,-83.0
1777892157.2913325,11.0,-1.0,-84.0
1777892157.3013325,11.0,1.0,-82.0
1777892157.3113325,10.0,1.0,-77.0
1777892157.3213325,9.0,-2.0,-75.0
1777892157.3313324,6.0,-4.0,-74.0
1777892157.3413324,5.0,-8.0,-68.0
1777892157.3513324,8.0,-7.0,-69.0
1777892157.3613324,7.0,-9.0,-72.0
1777892157.3713324,6.0,-9.0,-79.0
1777892157.3813324,8.0,-7.0,-77.0
1777892157.3913324,1.0,-4.0,-70.0
1777892157.4013324,2.0,-4.0,-60.0
1777892157.4113324,3.0,-4.0,-58.0
1777892157.4213324,2.0,-3.0,-64.0
1777892157.4313323,4.0,-2.0,-75.0
1777892157.4413323,3.0,-2.0,-75.0
1777892157.4513323,1.0,0.0,-73.0
1777892157.4613323,1.0,2.0,-81.0
1777892157.4713323,-3.0,1.0,-79.0
1777892157.4813323,-3.0,1.0,-77.0
1777892157.4913323,0.0,0.0,-75.0
1777892157.5013323,4.0,-1.0,-77.0
1777892157.5113325,2.0,0.0,-86.0
1777892157.5213325,3.0,1.0,-86.0
1777892157.5313325,-2.0,0.0,-81.0
1777892157.5413325,-6.0,0.0,-83.0
1777892157.5513325,-3.0,0.0,-86.0
1777892157.5613325,-4.0,0.0,-84.0
1777892157.5723324,1.0,-1.0,-83.0
1777892157.5823324,3.0,0.0,-77.0
1777892157.5923324,5.0,3.0,-78.0
1777892157.6023324,3.0,1.0,-79.0
1777892157.6113324,4.0,5.0,-86.0
1777892157.6223323,6.0,5.0,-79.0
1777892157.6323323,3.0,4.0,-71.0
1777892157.6423323,-1.0,3.0,-68.0
1777892157.6523323,0.0,4.0,-67.0
1777892157.6623323,-1.0,1.0,-65.0
1777892157.6723323,-3.0,-5.0,-63.0
1777892157.6823325,0.0,-5.0,-74.0
1777892157.6923325,0.0,-3.0,-74.0
1777892157.7023325,-1.0,-4.0,-64.0
1777892157.7123325,-1.0,-8.0,-67.0
1777892157.7223325,0.0,-8.0,-62.0
1777892157.7323325,0.0,-3.0,-68.0
1777892157.7433324,0.0,-3.0,-71.0
1777892157.7523324,2.0,0.0,-69.0
1777892157.7623324,4.0,0.0,-68.0
1777892157.7723324,7.0,0.0,-65.0
1777892157.7823324,8.0,1.0,-64.0
1777892157.7923324,3.0,1.0,-59.0
1777892157.8023324,0.0,3.0,-63.0
1777892157.8123324,6.0,4.0,-73.0
1777892157.8223324,1.0,7.0,-69.0
1777892157.8323324,4.0,4.0,-69.0
1777892157.8423324,2.0,7.0,-69.0
1777892157.8523324,1.0,4.0,-69.0
1777892157.8623323,4.0,5.0,-69.0
1777892157.8723323,7.0,5.0,-70.0
1777892157.8823323,3.0,5.0,-69.0
1777892157.8923323,4.0,4.0,-76.0
1777892157.9023323,2.0,2.0,-84.0
1777892157.9123323,2.0,1.0,-83.0
1777892157.9223323,7.0,3.0,-83.0
1777892157.9323325,5.0,7.0,-74.0
1777892157.9423325,1.0,8.0,-72.0
1777892157.9523325,2.0,8.0,-72.0
1777892157.9623325,2.0,6.0,-72.0
1777892157.9723325,1.0,1.0,-76.0
1777892157.9823325,2.0,0.0,-79.0
1777892157.9923325,1.0,-2.0,-85.0
1777892158.0023324,2.0,0.0,-83.0
1777892158.0123324,2.0,-2.0,-88.0
1777892158.0223324,1.0,-1.0,-84.0
1777892158.0323324,0.0,4.0,-76.0
1777892158.0423324,0.0,1.0,-74.0
1777892158.0523324,0.0,0.0,-79.0
1777892158.0623324,-4.0,-5.0,-76.0
1777892158.0723324,-3.0,-5.0,-77.0
1777892158.0823324,-5.0,-3.0,-75.0
1777892158.0923324,-3.0,0.0,-72.0
1777892158.1023324,-4.0,0.0,-72.0
1777892158.1123323,-5.0,0.0,-76.0
1777892158.1223323,-4.0,0.0,-77.0
1777892158.1323323,-4.0,-1.0,-72.0
1777892158.1423323,-1.0,-2.0,-65.0
1777892158.1523323,1.0,-4.0,-60.0
1777892158.1623323,2.0,1.0,-59.0
1777892158.1723323,4.0,0.0,-63.0
1777892158.1823325,2.0,2.0,-69.0
1777892158.1923325,0.0,6.0,-74.0
1777892158.2023325,1.0,2.0,-74.0
1777892158.2123325,0.0,1.0,-70.0
1777892158.2223325,1.0,1.0,-63.0
1777892158.2323325,3.0,0.0,-60.0
1777892158.2423325,1.0,-2.0,-58.0
1777892158.2523324,-2.0,0.0,-54.0
1777892158.2623324,-3.0,0.0,-55.0
1777892158.2723324,-4.0,0.0,-60.0
1777892158.2823324,-2.0,-1.0,-59.0
1777892158.2923324,-6.0,1.0,-59.0
1777892158.3023324,0.0,2.0,-62.0
1777892158.3123324,-2.0,4.0,-64.0
1777892158.3223324,2.0,5.0,-64.0
1777892158.3323324,0.0,2.0,-68.0
1777892158.3423324,-2.0,3.0,-72.0
1777892158.3523324,-1.0,5.0,-74.0
1777892158.3623323,-4.0,6.0,-77.0
1777892158.3723323,0.0,6.0,-73.0
1777892158.3823323,0.0,7.0,-73.0
1777892158.3923323,1.0,2.0,-81.0
1777892158.4023323,2.0,4.0,-79.0
1777892158.4123323,4.0,3.0,-82.0
1777892158.4223323,2.0,2.0,-82.0
1777892158.4323325,2.0,1.0,-80.0
1777892158.4423325,0.0,1.0,-78.0
1777892158.4523325,2.0,4.0,-78.0
1777892158.4623325,3.0,3.0,-71.0
1777892158.4723325,0.0,2.0,-62.0
1777892158.4823325,2.0,0.0,-66.0
1777892158.4923325,1.0,-2.0,-72.0
1777892158.5023324,-2.0,0.0,-73.0
1777892158.5123324,-2.0,0.0,-71.0
1777892158.5223324,-4.0,4.0,-72.0
1777892158.5323324,-4.0,4.0,-82.0
1777892158.5423324,-2.0,3.0,-81.0
1777892158.5523324,-2.0,2.0,-73.0
1777892158.5623324,0.0,0.0,-77.0
1777892158.5723324,-2.0,-1.0,-75.0
1777892158.5823324,-3.0,-4.0,-80.0
1777892158.5923324,-1.0,-5.0,-79.0
1777892158.6023324,-2.0,-6.0,-88.0
1777892158.6123323,-1.0,-2.0,-85.0
1777892158.6223323,0.0,0.0,-82.0
1777892158.6323323,-4.0,0.0,-79.0
1777892158.6423323,-1.0,0.0,-77.0
1777892158.6523323,-3.0,0.0,-78.0
1777892158.6623323,0.0,0.0,-74.0
1777892158.6723323,1.0,0.0,-78.0
1777892158.6823325,3.0,-1.0,-81.0
1777892158.6923325,0.0,-3.0,-77.0
1777892158.7023325,-2.0,-2.0,-74.0
1777892158.7123325,-5.0,0.0,-72.0
1777892158.7223325,-5.0,-1.0,-74.0
1777892158.7323325,-1.0,-2.0,-77.0
1777892158.7423325,-1.0,-5.0,-76.0
1777892158.7523324,-1.0,-5.0,-76.0
1777892158.7623324,1.0,-4.0,-68.0
1777892158.7723324,-1.0,-5.0,-67.0
1777892158.7823324,0.0,-10.0,-65.0
1777892158.7923324,3.0,-9.0,-67.0
1777892158.8023324,3.0,-5.0,-72.0
1777892158.8123324,8.0,-2.0,-76.0
1777892158.8223324,13.0,-2.0,-73.0
1777892158.8323324,10.0,-2.0,-68.0
1777892158.8423324,7.0,-3.0,-64.0
1777892158.8523324,6.0,-4.0,-68.0
1777892158.8623323,3.0,-4.0,-68.0
1777892158.8723323,-1.0,-7.0,-66.0
1777892158.8823323,0.0,-5.0,-72.0
1777892158.8923323,1.0,-2.0,-72.0
1777892158.9023323,2.0,-1.0,-82.0
1777892158.9123323,2.0,-1.0,-77.0
1777892158.9223323,3.0,-5.0,-77.0
1777892158.9323325,1.0,-5.0,-80.0
1777892158.9423325,1.0,-5.0,-78.0
1777892158.9523325,-2.0,-4.0,-72.0
1777892158.9623325,-4.0,-1.0,-75.0
1777892158.9723325,-5.0,1.0,-70.0
1777892158.9823325,-6.0,0.0,-64.0
1777892158.9923325,0.0,-1.0,-57.0
1777892159.0023324,0.0,-1.0,-56.0
1777892159.0123324,-1.0,1.0,-57.0
1777892159.0223324,-1.0,1.0,-60.0
1777892159.0323324,-2.0,0.0,-67.0
1777892159.0423324,1.0,0.0,-67.0
1777892159.0523324,1.0,-3.0,-66.0
1777892159.0623324,-3.0,-6.0,-70.0
1777892159.0723324,1.0,-2.0,-70.0
1777892159.0823324,3.0,-3.0,-76.0
1777892159.0923324,3.0,-1.0,-78.0
1777892159.1023324,6.0,1.0,-81.0
1777892159.1123323,4.0,0.0,-81.0
1777892159.1223323,3.0,0.0,-78.0
1777892159.1323323,0.0,5.0,-85.0
1777892159.1423323,0.0,4.0,-85.0
1777892159.1523323,-4.0,3.0,-81.0
1777892159.1623323,-1.0,3.0,-78.0
1777892159.1723323,0.0,8.0,-76.0
1777892159.1823325,1.0,7.0,-73.0
1777892159.1923325,0.0,5.0,-70.0
1777892159.2023325,-5.0,-1.0,-65.0
1777892159.2123325,0.0,-4.0,-62.0
1777892159.2223325,0.0,-1.0,-63.0
1777892159.2323325,0.0,-2.0,-60.0
1777892159.2423325,0.0,-3.0,-64.0
1777892159.2523324,2.0,0.0,-63.0
1777892159.2623324,3.0,2.0,-67.0
1777892159.2723324,6.0,1.0,-61.0
1777892159.2823324,9.0,2.0,-68.0
1777892159.2923324,11.0,-5.0,-73.0
1777892159.3023324,6.0,-5.0,-71.0
1777892159.3123324,1.0,-4.0,-73.0
1777892159.3223324,-3.0,-4.0,-74.0
1777892159.3323324,-5.0,-2.0,-74.0
1777892159.3423324,0.0,-9.0,-75.0
1777892159.3523324,0.0,-6.0,-67.0
1777892159.3623323,-3.0,-7.0,-62.0
1777892159.3723323,3.0,-8.0,-61.0
1777892159.3823323,2.0,-8.0,-64.0
1777892159.3923323,-1.0,-5.0,-70.0
1777892159.4023323,-2.0,-4.0,-74.0
1777892159.4123323,-2.0,0.0,-73.0
1777892159.4223323,1.0,0.0,-71.0
1777892159.4323325,2.0,-1.0,-70.0
1777892159.4423325,1.0,-1.0,-60.0
1777892159.4523325,1.0,-5.0,-64.0
1777892159.4623325,1.0,-4.0,-62.0
1777892159.4723325,2.0,-4.0,-62.0
1777892159.4823325,0.0,-6.0,-67.0
1777892159.4923325,-3.0,-6.0,-71.0
1777892159.5023324,-2.0,-3.0,-70.0
1777892159.5123324,0.0,0.0,-68.0
1777892159.5223324,0.0,0.0,-74.0
1777892159.5323324,-1.0,0.0,-71.0
1777892159.5423324,0.0,0.0,-71.0
1777892159.5523324,1.0,1.0,-71.0
1777892159.5633323,2.0,0.0,-78.0
1777892159.5723324,5.0,-2.0,-79.0
1777892159.5823324,4.0,0.0,-78.0
1777892159.5933323,6.0,0.0,-78.0
1777892159.6033323,9.0,-1.0,-83.0
1777892159.6133325,12.0,0.0,-73.0
1777892159.6233325,11.0,0.0,-66.0
1777892159.6333325,4.0,-1.0,-63.0
1777892159.6433325,6.0,2.0,-59.0
1777892159.6533325,8.0,6.0,-63.0
1777892159.6633325,5.0,5.0,-70.0
1777892159.6733325,3.0,3.0,-74.0
1777892159.6833324,0.0,2.0,-75.0
1777892159.6933324,0.0,3.0,-75.0
1777892159.7033324,2.0,6.0,-74.0
1777892159.7133324,3.0,6.0,-74.0
1777892159.7233324,1.0,4.0,-76.0
1777892159.7333324,0.0,5.0,-74.0
1777892159.7433324,2.0,3.0,-72.0
1777892159.7533324,3.0,0.0,-69.0
1777892159.7633324,6.0,-5.0,-70.0
1777892159.7733324,4.0,-2.0,-74.0
1777892159.7833323,6.0,1.0,-73.0
1777892159.7933323,10.0,3.0,-69.0
1777892159.8033323,11.0,3.0,-72.0
1777892159.8133323,8.0,1.0,-70.0
1777892159.8233323,14.0,-4.0,-69.0
1777892159.8333323,17.0,-2.0,-71.0
1777892159.8433323,12.0,-3.0,-71.0
1777892159.8533323,8.0,-4.0,-74.0
1777892159.8633325,2.0,-2.0,-75.0
1777892159.8733325,5.0,0.0,-75.0
1777892159.8833325,2.0,-2.0,-73.0
1777892159.8933325,1.0,1.0,-70.0
1777892159.9033325,3.0,1.0,-66.0
1777892159.9133325,0.0,5.0,-62.0
1777892159.9233325,-2.0,4.0,-68.0
1777892159.9333324,-2.0,2.0,-68.0
1777892159.9433324,-2.0,0.0,-75.0
1777892159.9533324,2.0,2.0,-75.0
1777892159.9633324,1.0,-1.0,-76.0
1777892159.9733324,2.0,2.0,-74.0
1777892159.9833324,2.0,1.0,-71.0
1777892159.9933324,3.0,-3.0,-70.0
1777892160.0033324,5.0,-2.0,-75.0
1777892160.0133324,1.0,0.0,-77.0
1777892160.0233324,0.0,0.0,-85.0
1777892160.0333323,3.0,-1.0,-84.0
1777892160.0433323,-2.0,-5.0,-77.0
1777892160.0533323,-1.0,-2.0,-80.0
1777892160.0633323,-7.0,-5.0,-71.0
1777892160.0733323,-11.0,0.0,-62.0
1777892160.0833323,-10.0,1.0,-68.0
1777892160.0933323,-8.0,2.0,-62.0
1777892160.1033323,-3.0,2.0,-60.0
1777892160.1133325,-5.0,2.0,-60.0
1777892160.1233325,-9.0,2.0,-62.0
1777892160.1333325,-9.0,6.0,-64.0
1777892160.1433325,-8.0,2.0,-69.0
1777892160.1533325,0.0,2.0,-67.0
1777892160.1633325,-4.0,0.0,-68.0
1777892160.1733325,-5.0,4.0,-67.0
1777892160.1833324,-7.0,3.0,-64.0
1777892160.1933324,-4.0,2.0,-66.0
1777892160.2033324,1.0,5.0,-68.0
1777892160.2133324,3.0,0.0,-72.0
1777892160.2233324,5.0,1.0,-75.0
1777892160.2333324,0.0,-3.0,-74.0
1777892160.2433324,0.0,-3.0,-71.0
1777892160.2533324,1.0,-7.0,-74.0
1777892160.2633324,2.0,-6.0,-76.0
1777892160.2733324,3.0,-5.0,-80.0
1777892160.2833323,5.0,-4.0,-75.0
1777892160.2933323,1.0,-5.0,-74.0
1777892160.3033323,1.0,-2.0,-72.0
1777892160.3133323,4.0,1.0,-74.0
1777892160.3233323,2.0,2.0,-75.0
1777892160.3333323,-1.0,3.0,-73.0
1777892160.3433323,-2.0,5.0,-72.0
1777892160.3533323,2.0,3.0,-74.0
1777892160.3633325,4.0,2.0,-71.0
1777892160.3733325,-1.0,3.0,-73.0
1777892160.3833325,0.0,4.0,-70.0
1777892160.3933325,1.0,3.0,-68.0
1777892160.4033325,1.0,6.0,-72.0
1777892160.4133325,1.0,9.0,-79.0
1777892160.4233325,2.0,7.0,-76.0
1777892160.4333324,2.0,6.0,-72.0
1777892160.4433324,-1.0,2.0,-73.0
1777892160.4533324,-2.0,-2.0,-80.0
1777892160.4633324,-3.0,-6.0,-85.0
1777892160.4733324,-7.0,-5.0,-83.0
1777892160.4833324,-1.0,-3.0,-85.0
1777892160.4933324,1.0,0.0,-74.0
1777892160.5033324,7.0,-2.0,-78.0
1777892160.5133324,8.0,0.0,-78.0
1777892160.5233324,1.0,0.0,-71.0
1777892160.5333323,3.0,-4.0,-71.0
1777892160.5433323,3.0,-3.0,-67.0
1777892160.5533323,1.0,-8.0,-66.0
1777892160.5633323,-2.0,-5.0,-71.0
1777892160.5733323,-2.0,-5.0,-77.0
1777892160.5833323,-2.0,-6.0,-85.0
1777892160.5933323,3.0,-7.0,-85.0
1777892160.6033323,4.0,-8.0,-82.0
1777892160.6133325,-1.0,-7.0,-76.0
1777892160.6233325,2.0,-4.0,-76.0
1777892160.6333325,2.0,-2.0,-78.0
1777892160.6433325,3.0,-2.0,-74.0
1777892160.6533325,2.0,-4.0,-76.0
1777892160.6633325,3.0,-4.0,-74.0
1777892160.6733325,3.0,-5.0,-76.0
1777892160.6833324,0.0,-3.0,-71.0
1777892160.6933324,-3.0,0.0,-70.0
1777892160.7033324,-8.0,-2.0,-69.0
1777892160.7133324,-7.0,-2.0,-73.0
1777892160.7233324,-12.0,2.0,-71.0
1777892160.7333324,-12.0,8.0,-66.0
1777892160.7433324,-13.0,7.0,-64.0
1777892160.7533324,-13.0,5.0,-67.0
1777892160.7633324,-9.0,3.0,-73.0
1777892160.7733324,-6.0,1.0,-69.0
1777892160.7833323,-5.0,0.0,-71.0
1777892160.7933323,-7.0,3.0,-77.0
1777892160.8033323,-5.0,2.0,-82.0
1777892160.8133323,-5.0,3.0,-80.0
1777892160.8233323,-1.0,3.0,-77.0
1777892160.8333323,0.0,2.0,-75.0
1777892160.8433323,-3.0,-2.0,-73.0
1777892160.8533323,-2.0,-4.0,-76.0
1777892160.8633325,-3.0,-4.0,-76.0
1777892160.8733325,-1.0,-3.0,-82.0
1777892160.8833325,-3.0,-3.0,-77.0
1777892160.8933325,-6.0,-4.0,-72.0
1777892160.9033325,-5.0,-5.0,-74.0
1777892160.9133325,-1.0,-3.0,-68.0
1777892160.9233325,1.0,0.0,-64.0
1777892160.9333324,0.0,1.0,-61.0
1777892160.9433324,0.0,0.0,-62.0
1777892160.9533324,0.0,-3.0,-62.0
1777892160.9633324,1.0,-3.0,-67.0
1777892160.9733324,5.0,-6.0,-70.0
1777892160.9833324,6.0,-9.0,-69.0
1777892160.9933324,4.0,-10.0,-71.0
1777892161.0033324,2.0,-11.0,-67.0
1777892161.0133324,3.0,-9.0,-65.0
1777892161.0233324,4.0,-2.0,-67.0
1777892161.0333323,1.0,-1.0,-73.0
1777892161.0433323,1.0,-4.0,-69.0
1777892161.0533323,4.0,-2.0,-71.0
1777892161.0633323,6.0,-2.0,-72.0
1777892161.0733323,4.0,-5.0,-71.0
1777892161.0833323,2.0,-8.0,-71.0
1777892161.0933323,2.0,-7.0,-74.0
1777892161.1033323,3.0,-7.0,-68.0
1777892161.1133325,5.0,-8.0,-67.0
1777892161.1233325,2.0,-9.0,-66.0
1777892161.1333325,0.0,-6.0,-71.0
1777892161.1433325,4.0,-3.0,-75.0
1777892161.1533325,6.0,0.0,-75.0
1777892161.1633325,7.0,4.0,-71.0
1777892161.1733325,5.0,4.0,-69.0
1777892161.1833324,10.0,4.0,-77.0
1777892161.1933324,8.0,4.0,-74.0
1777892161.2033324,5.0,5.0,-76.0
1777892161.2133324,0.0,5.0,-73.0
1777892161.2233324,3.0,5.0,-72.0
1777892161.2333324,0.0,2.0,-80.0
1777892161.2433324,2.0,1.0,-76.0
1777892161.2533324,6.0,-1.0,-66.0
1777892161.2633324,4.0,1.0,-64.0
1777892161.2733324,1.0,-1.0,-64.0
1777892161.2833323,-1.0,-1.0,-69.0
1777892161.2933323,-1.0,3.0,-70.0
1777892161.3033323,-3.0,5.0,-75.0
1777892161.3133323,-3.0,3.0,-66.0
1777892161.3233323,-2.0,0.0,-69.0
1777892161.3333323,-3.0,0.0,-62.0
1777892161.3433323,0.0,-1.0,-63.0
1777892161.3533323,-2.0,-2.0,-64.0
1777892161.3633325,-2.0,3.0,-61.0
1777892161.3733325,2.0,2.0,-62.0
1777892161.3833325,-1.0,-2.0,-70.0
1777892161.3933325,-1.0,-7.0,-69.0
1777892161.4033325,-1.0,-8.0,-68.0
1777892161.4133325,0.0,-4.0,-71.0
1777892161.4233325,0.0,-8.0,-73.0
1777892161.4333324,-3.0,-9.0,-74.0
1777892161.4433324,0.0,-9.0,-72.0
1777892161.4533324,-2.0,-8.0,-74.0
1777892161.4633324,0.0,-7.0,-82.0
1777892161.4733324,2.0,-4.0,-81.0
1777892161.4833324,1.0,-4.0,-76.0
1777892161.4933324,-4.0,-4.0,-77.0
1777892161.5033324,-2.0,-5.0,-79.0
1777892161.5133324,-1.0,-3.0,-72.0
1777892161.5233324,-1.0,-3.0,-71.0
1777892161.5333323,0.0,-2.0,-69.0
1777892161.5433323,0.0,-6.0,-69.0
1777892161.5543325,0.0,0.0,-71.0
1777892161.5643325,3.0,-3.0,-74.0
1777892161.5743325,1.0,-2.0,-70.0
1777892161.5833323,0.0,-6.0,-74.0
1777892161.5943325,-2.0,-7.0,-78.0
1777892161.6043324,0.0,-2.0,-81.0
1777892161.6143324,0.0,-2.0,-81.0
1777892161.6243324,-5.0,-4.0,-76.0
1777892161.6343324,-6.0,1.0,-75.0
1777892161.6443324,0.0,1.0,-71.0
1777892161.6543324,1.0,5.0,-57.0
1777892161.6643324,6.0,7.0,-61.0
1777892161.6743324,4.0,6.0,-62.0
1777892161.6843324,5.0,5.0,-54.0
1777892161.6943324,2.0,4.0,-53.0
1777892161.7043324,0.0,4.0,-59.0
1777892161.7143323,-4.0,2.0,-65.0
1777892161.7243323,-1.0,1.0,-71.0
1777892161.7343323,-3.0,3.0,-70.0
1777892161.7443323,-5.0,0.0,-78.0
1777892161.7543323,-4.0,0.0,-73.0
1777892161.7643323,-1.0,-1.0,-71.0
1777892161.7743323,0.0,0.0,-77.0
1777892161.7843325,2.0,0.0,-79.0
1777892161.7943325,4.0,3.0,-74.0
1777892161.8043325,1.0,2.0,-75.0
1777892161.8143325,0.0,2.0,-73.0
1777892161.8243325,-3.0,-3.0,-75.0
1777892161.8343325,-4.0,0.0,-72.0
1777892161.8443325,0.0,3.0,-73.0
1777892161.8543324,2.0,0.0,-72.0
1777892161.8643324,0.0,-1.0,-66.0
1777892161.8743324,-2.0,0.0,-71.0
1777892161.8843324,-4.0,0.0,-69.0
1777892161.8943324,-1.0,-1.0,-72.0
1777892161.9043324,-2.0,-2.0,-73.0
1777892161.9143324,1.0,-4.0,-70.0
1777892161.9243324,4.0,-3.0,-77.0
1777892161.9343324,4.0,-2.0,-74.0
1777892161.9443324,4.0,-2.0,-76.0
1777892161.9543324,7.0,-5.0,-71.0
1777892161.9643323,8.0,-6.0,-67.0
1777892161.9743323,7.0,-3.0,-70.0
1777892161.9843323,7.0,-2.0,-74.0
1777892161.9943323,5.0,-3.0,-73.0
1777892162.0043323,4.0,-7.0,-74.0
1777892162.0143323,1.0,-6.0,-75.0
1777892162.0243323,2.0,-4.0,-81.0
1777892162.0343325,3.0,-3.0,-76.0
1777892162.0443325,0.0,-5.0,-67.0
1777892162.0543325,-1.0,-4.0,-68.0
1777892162.0643325,2.0,0.0,-68.0
1777892162.0743325,4.0,2.0,-71.0
1777892162.0843325,3.0,5.0,-64.0
1777892162.0943325,5.0,1.0,-63.0
1777892162.1043324,8.0,-4.0,-67.0
1777892162.1143324,6.0,-4.0,-64.0
1777892162.1243324,3.0,-3.0,-61.0
1777892162.1343324,8.0,-5.0,-63.0
1777892162.1443324,5.0,-5.0,-66.0
1777892162.1543324,5.0,-8.0,-63.0
1777892162.1643324,4.0,-3.0,-74.0
1777892162.1743324,1.0,-4.0,-70.0
1777892162.1843324,1.0,-5.0,-69.0
1777892162.1943324,4.0,-4.0,-76.0
1777892162.2043324,4.0,-4.0,-79.0
1777892162.2143323,8.0,0.0,-82.0
1777892162.2243323,4.0,0.0,-80.0
1777892162.2343323,2.0,5.0,-77.0
1777892162.2443323,1.0,7.0,-78.0
1777892162.2543323,3.0,6.0,-73.0
1777892162.2643323,2.0,7.0,-78.0
1777892162.2743323,3.0,7.0,-78.0
1777892162.2843325,0.0,8.0,-76.0
1777892162.2943325,0.0,7.0,-77.0
1777892162.3043325,0.0,4.0,-81.0
1777892162.3143325,-2.0,1.0,-75.0
1777892162.3243325,4.0,0.0,-76.0
1777892162.3343325,10.0,-1.0,-77.0
1777892162.3443325,10.0,-4.0,-82.0
1777892162.3543324,11.0,-3.0,-84.0
1777892162.3643324,6.0,-4.0,-82.0
1777892162.3743324,1.0,-2.0,-73.0
1777892162.3843324,1.0,-3.0,-67.0
1777892162.3943324,2.0,-3.0,-55.0
1777892162.4043324,0.0,-5.0,-63.0
1777892162.4143324,0.0,0.0,-69.0
1777892162.4243324,-1.0,0.0,-72.0
1777892162.4343324,-3.0,1.0,-68.0
1777892162.4443324,-5.0,2.0,-71.0
1777892162.4543324,-7.0,-1.0,-78.0
1777892162.4643323,-3.0,-2.0,-74.0
1777892162.4743323,0.0,-1.0,-71.0
1777892162.4843323,-1.0,-2.0,-69.0
1777892162.4943323,1.0,2.0,-71.0
1777892162.5043323,2.0,4.0,-70.0
1777892162.5143323,5.0,3.0,-68.0
1777892162.5243323,6.0,3.0,-71.0
1777892162.5343325,0.0,2.0,-69.0
1777892162.5443325,1.0,-1.0,-80.0
1777892162.5543325,3.0,-2.0,-84.0
1777892162.5643325,5.0,-4.0,-83.0
1777892162.5743325,3.0,-2.0,-82.0
1777892162.5843325,6.0,-4.0,-85.0
1777892162.5943325,8.0,-8.0,-85.0
1777892162.6043324,6.0,-9.0,-80.0
1777892162.6143324,5.0,-9.0,-77.0
1777892162.6243324,3.0,-2.0,-81.0
1777892162.6343324,1.0,0.0,-75.0
1777892162.6443324,5.0,-1.0,-74.0
1777892162.6543324,3.0,-3.0,-76.0
1777892162.6643324,0.0,-5.0,-76.0
1777892162.6743324,2.0,-2.0,-71.0
1777892162.6843324,1.0,-1.0,-79.0
1777892162.6943324,-1.0,0.0,-83.0
1777892162.7043324,-2.0,0.0,-73.0
1777892162.7143323,-2.0,0.0,-70.0
1777892162.7243323,2.0,3.0,-71.0
1777892162.7343323,11.0,7.0,-75.0
1777892162.7443323,12.0,5.0,-74.0
1777892162.7543323,11.0,1.0,-69.0
1777892162.7643323,9.0,1.0,-76.0
1777892162.7743323,11.0,2.0,-70.0
1777892162.7843325,4.0,4.0,-66.0
1777892162.7943325,0.0,0.0,-71.0
1777892162.8043325,0.0,1.0,-70.0
1777892162.8143325,-1.0,0.0,-74.0
1777892162.8243325,1.0,-4.0,-70.0
1777892162.8343325,1.0,-2.0,-63.0
1777892162.8443325,-3.0,-1.0,-63.0
1777892162.8543324,-4.0,-3.0,-68.0
1777892162.8643324,-4.0,-5.0,-70.0
1777892162.8743324,-3.0,-3.0,-65.0
1777892162.8843324,-8.0,-5.0,-66.0
1777892162.8943324,-8.0,-4.0,-68.0
1777892162.9043324,0.0,-5.0,-67.0
1777892162.9143324,3.0,-5.0,-71.0
1777892162.9243324,2.0,-2.0,-68.0
1777892162.9343324,1.0,-3.0,-61.0
1777892162.9443324,-2.0,-4.0,-62.0
1777892162.9543324,1.0,-4.0,-59.0
1777892162.9643323,0.0,-3.0,-68.0
1777892162.9743323,-1.0,-5.0,-75.0
1777892162.9843323,0.0,-3.0,-76.0
1777892162.9943323,0.0,-6.0,-74.0
1777892163.0043323,0.0,-6.0,-73.0
1777892163.0143323,-3.0,-4.0,-77.0
1777892163.0243323,0.0,-9.0,-74.0
1777892163.0343325,2.0,-9.0,-71.0
1777892163.0443325,1.0,-6.0,-69.0
1777892163.0543325,4.0,-4.0,-67.0
1777892163.0643325,7.0,0.0,-70.0
1777892163.0743325,2.0,0.0,-67.0
1777892163.0843325,-1.0,0.0,-68.0
1777892163.0943325,-5.0,1.0,-71.0
1777892163.1043324,-5.0,-2.0,-71.0
1777892163.1143324,-2.0,-5.0,-72.0
1777892163.1243324,-2.0,-2.0,-68.0
1777892163.1343324,4.0,-1.0,-67.0
1777892163.1443324,0.0,-5.0,-70.0
1777892163.1543324,0.0,-5.0,-72.0
1777892163.1643324,-3.0,-8.0,-77.0
1777892163.1743324,-5.0,-3.0,-74.0
1777892163.1843324,-4.0,-3.0,-75.0
1777892163.1943324,-4.0,-1.0,-80.0
1777892163.2043324,-7.0,4.0,-86.0
1777892163.2143323,-7.0,3.0,-83.0
1777892163.2243323,-10.0,1.0,-84.0
1777892163.2343323,-8.0,-1.0,-77.0
1777892163.2443323,-5.0,-4.0,-74.0
1777892163.2543323,-3.0,-5.0,-74.0
1777892163.2643323,0.0,-1.0,-66.0
1777892163.2743323,1.0,-4.0,-65.0
1777892163.2843325,0.0,-4.0,-65.0
1777892163.2943325,0.0,-6.0,-66.0
1777892163.3043325,1.0,-2.0,-68.0
1777892163.3143325,2.0,1.0,-73.0
1777892163.3243325,0.0,7.0,-75.0
1777892163.3343325,0.0,8.0,-72.0
1777892163.3443325,1.0,6.0,-76.0
1777892163.3543324,0.0,5.0,-70.0
1777892163.3643324,-4.0,7.0,-70.0
1777892163.3743324,-1.0,7.0,-66.0
1777892163.3843324,2.0,0.0,-70.0
1777892163.3943324,0.0,-1.0,-71.0
1777892163.4043324,0.0,-3.0,-71.0
1777892163.4143324,-1.0,-1.0,-77.0
1777892163.4243324,1.0,0.0,-83.0
1777892163.4343324,4.0,0.0,-78.0
1777892163.4443324,10.0,0.0,-78.0
1777892163.4543324,8.0,0.0,-77.0
1777892163.4643323,7.0,-3.0,-83.0
1777892163.4743323,6.0,0.0,-85.0
1777892163.4843323,8.0,-2.0,-87.0
1777892163.4943323,8.0,-7.0,-80.0
1777892163.5043323,2.0,-5.0,-87.0
1777892163.5153325,0.0,-3.0,-82.0
1777892163.5243323,-1.0,0.0,-88.0
1777892163.5343325,-3.0,2.0,-87.0
1777892163.5443325,-4.0,0.0,-87.0
1777892163.5553324,-3.0,3.0,-82.0
1777892163.5653324,-3.0,1.0,-79.0
1777892163.5753324,-1.0,2.0,-77.0
1777892163.5853324,-3.0,6.0,-74.0
1777892163.5953324,1.0,5.0,-75.0
1777892163.6053324,3.0,2.0,-78.0
1777892163.6153324,5.0,1.0,-73.0
1777892163.6253324,2.0,2.0,-72.0
1777892163.6353323,0.0,2.0,-81.0
1777892163.6453323,3.0,0.0,-78.0
1777892163.6553323,4.0,-1.0,-76.0
1777892163.6653323,3.0,0.0,-69.0
1777892163.6753323,4.0,0.0,-67.0
1777892163.6853323,6.0,0.0,-71.0
1777892163.6953323,0.0,0.0,-71.0
1777892163.7053325,0.0,0.0,-74.0
1777892163.7153325,1.0,1.0,-78.0
1777892163.7253325,2.0,-2.0,-79.0
1777892163.7353325,6.0,-3.0,-81.0
1777892163.7453325,6.0,-1.0,-80.0
1777892163.7553325,3.0,1.0,-77.0
1777892163.7653325,3.0,3.0,-71.0
1777892163.7753325,0.0,4.0,-67.0
1777892163.7853324,2.0,2.0,-76.0
1777892163.7953324,6.0,4.0,-77.0
1777892163.8053324,6.0,4.0,-76.0
1777892163.8153324,5.0,5.0,-75.0
1777892163.8253324,0.0,5.0,-72.0
1777892163.8353324,0.0,4.0,-63.0
1777892163.8453324,0.0,0.0,-66.0
1777892163.8553324,2.0,-5.0,-60.0
1777892163.8653324,7.0,-4.0,-64.0
1777892163.8753324,4.0,-3.0,-74.0
1777892163.8853323,0.0,-6.0,-75.0
1777892163.8953323,-4.0,-7.0,-71.0
1777892163.9053323,-7.0,-4.0,-68.0
1777892163.9153323,-5.0,-3.0,-67.0
1777892163.9253323,-3.0,-1.0,-71.0
1777892163.9353323,-4.0,0.0,-72.0
1777892163.9453323,-5.0,2.0,-75.0
1777892163.9553325,-6.0,-1.0,-63.0
1777892163.9653325,-5.0,-1.0,-69.0
1777892163.9753325,-3.0,0.0,-74.0
1777892163.9853325,-3.0,3.0,-73.0
1777892163.9953325,-4.0,6.0,-75.0
1777892164.0053325,-3.0,3.0,-80.0
1777892164.0153325,0.0,2.0,-79.0
1777892164.0253325,0.0,2.0,-77.0
1777892164.0353324,1.0,2.0,-78.0
1777892164.0453324,4.0,2.0,-78.0
1777892164.0553324,10.0,4.0,-81.0
1777892164.0653324,12.0,1.0,-75.0
1777892164.0753324,10.0,-1.0,-74.0
1777892164.0853324,8.0,-5.0,-75.0
1777892164.0953324,2.0,-3.0,-82.0
1777892164.1053324,4.0,0.0,-86.0
1777892164.1153324,4.0,-2.0,-90.0
1777892164.1253324,5.0,-3.0,-90.0
1777892164.1353323,1.0,-4.0,-86.0
1777892164.1453323,2.0,-2.0,-76.0
1777892164.1553323,2.0,0.0,-80.0
1777892164.1653323,3.0,-1.0,-78.0
1777892164.1753323,1.0,0.0,-69.0
1777892164.1853323,0.0,0.0,-67.0
1777892164.1953323,-1.0,0.0,-63.0
1777892164.2053325,-3.0,0.0,-59.0
1777892164.2153325,-4.0,0.0,-64.0
1777892164.2253325,0.0,-1.0,-73.0
1777892164.2353325,0.0,2.0,-75.0
1777892164.2453325,0.0,0.0,-64.0
1777892164.2553325,3.0,0.0,-61.0
1777892164.2653325,-1.0,3.0,-64.0
1777892164.2753325,-2.0,2.0,-72.0
1777892164.2853324,-7.0,0.0,-73.0
1777892164.2953324,-8.0,2.0,-77.0
1777892164.3053324,-10.0,0.0,-74.0
1777892164.3153324,-4.0,4.0,-69.0
1777892164.3253324,-5.0,3.0,-71.0
1777892164.3353324,0.0,1.0,-72.0
1777892164.3453324,3.0,1.0,-65.0
1777892164.3553324,6.0,1.0,-64.0
1777892164.3653324,0.0,2.0,-67.0
1777892164.3753324,-3.0,2.0,-73.0
1777892164.3853323,-3.0,-1.0,-68.0
1777892164.3953323,-2.0,-1.0,-67.0
1777892164.4053323,-2.0,-5.0,-67.0
1777892164.4153323,-7.0,-6.0,-66.0
1777892164.4253323,-7.0,-10.0,-66.0
1777892164.4353323,-10.0,-10.0,-64.0
1777892164.4453323,-10.0,-8.0,-70.0
1777892164.4553325,-4.0,-10.0,-65.0
1777892164.4653325,0.0,-4.0,-63.0
1777892164.4753325,5.0,-1.0,-69.0
1777892164.4853325,11.0,-1.0,-67.0
1777892164.4953325,9.0,0.0,-68.0
1777892164.5053325,7.0,0.0,-72.0
1777892164.5153325,5.0,-4.0,-67.0
1777892164.5253325,2.0,-5.0,-74.0
1777892164.5353324,1.0,-8.0,-78.0
1777892164.5453324,0.0,-6.0,-68.0
1777892164.5553324,-4.0,-2.0,-67.0
1777892164.5653324,-2.0,1.0,-69.0
1777892164.5753324,0.0,0.0,-68.0
1777892164.5853324,0.0,3.0,-65.0
1777892164.5953324,-2.0,5.0,-73.0
1777892164.6053324,-3.0,2.0,-75.0
1777892164.6153324,-1.0,2.0,-70.0
1777892164.6253324,3.0,0.0,-72.0
1777892164.6353323,6.0,2.0,-69.0
1777892164.6453323,2.0,4.0,-66.0
1777892164.6553323,0.0,8.0,-67.0
1777892164.6653323,4.0,9.0,-69.0
1777892164.6753323,1.0,9.0,-68.0
1777892164.6853323,0.0,4.0,-69.0
1777892164.6953323,0.0,1.0,-72.0
1777892164.7053325,-1.0,1.0,-70.0
1777892164.7153325,-1.0,2.0,-75.0
1777892164.7253325,3.0,1.0,-75.0
1777892164.7353325,2.0,3.0,-81.0
1777892164.7453325,3.0,3.0,-80.0
1777892164.7553325,6.0,5.0,-74.0
1777892164.7653325,3.0,5.0,-71.0
1777892164.7753325,-1.0,4.0,-71.0
1777892164.7853324,0.0,2.0,-78.0
1777892164.7953324,1.0,0.0,-77.0
1777892164.8053324,0.0,1.0,-71.0
1777892164.8153324,2.0,2.0,-69.0
1777892164.8253324,5.0,1.0,-63.0
1777892164.8353324,5.0,-1.0,-61.0
1777892164.8453324,4.0,3.0,-59.0
1777892164.8553324,0.0,6.0,-62.0
1777892164.8653324,-2.0,6.0,-63.0
1777892164.8753324,1.0,5.0,-62.0
1777892164.8853323,0.0,2.0,-59.0
1777892164.8953323,0.0,4.0,-64.0
1777892164.9053323,0.0,4.0,-64.0
1777892164.9153323,-1.0,5.0,-62.0
1777892164.9253323,0.0,1.0,-66.0
1777892164.9353323,3.0,-2.0,-72.0
1777892164.9453323,0.0,-2.0,-70.0
1777892164.9553325,-6.0,-2.0,-77.0
1777892164.9653325,-8.0,-5.0,-85.0
1777892164.9753325,-5.0,-1.0,-81.0
1777892164.9853325,-6.0,0.0,-81.0
1777892164.9953325,-3.0,-1.0,-76.0
1777892165.0053325,-1.0,0.0,-72.0
1777892165.0153325,-1.0,-3.0,-72.0
1777892165.0253325,0.0,0.0,-68.0
1777892165.0353324,-2.0,0.0,-74.0
1777892165.0453324,-1.0,-1.0,-69.0
1777892165.0553324,0.0,-4.0,-69.0
1777892165.0653324,2.0,-3.0,-70.0
1777892165.0753324,9.0,-5.0,-69.0
1777892165.0853324,8.0,-3.0,-74.0
1777892165.0953324,5.0,-2.0,-73.0
1777892165.1053324,5.0,-5.0,-70.0
1777892165.1153324,4.0,-4.0,-77.0
1777892165.1253324,3.0,-4.0,-71.0
1777892165.1353323,3.0,-1.0,-68.0
1777892165.1453323,0.0,-1.0,-69.0
1777892165.1553323,1.0,-3.0,-66.0
1777892165.1653323,-2.0,-6.0,-66.0
1777892165.1753323,-5.0,-1.0,-71.0
1777892165.1853323,-9.0,-3.0,-77.0
1777892165.1953323,-4.0,-4.0,-78.0
1777892165.2053325,0.0,0.0,-76.0
1777892165.2153325,5.0,0.0,-83.0
1777892165.2253325,2.0,-1.0,-76.0
1777892165.2353325,0.0,2.0,-68.0
1777892165.2453325,0.0,4.0,-76.0
1777892165.2553325,0.0,5.0,-80.0
1777892165.2653325,1.0,1.0,-77.0
1777892165.2753325,1.0,0.0,-72.0
1777892165.2853324,0.0,-1.0,-68.0
1777892165.2953324,2.0,-5.0,-68.0
1777892165.3053324,-1.0,-4.0,-66.0
1777892165.3153324,-1.0,-6.0,-59.0
1777892165.3253324,3.0,-2.0,-55.0
1777892165.3353324,-2.0,1.0,-56.0
1777892165.3453324,2.0,-3.0,-57.0
1777892165.3553324,3.0,-1.0,-55.0
1777892165.3653324,5.0,-3.0,-61.0
1777892165.3753324,3.0,-4.0,-68.0
1777892165.3853323,4.0,-4.0,-66.0
1777892165.3953323,5.0,-4.0,-66.0
1777892165.4053323,2.0,1.0,-72.0
1777892165.4153323,5.0,0.0,-69.0
1777892165.4253323,8.0,0.0,-64.0
1777892165.4353323,2.0,2.0,-64.0
1777892165.4453323,5.0,1.0,-73.0
1777892165.4553325,6.0,0.0,-69.0
1777892165.4653325,8.0,0.0,-73.0
1777892165.4753325,7.0,-3.0,-73.0
1777892165.4853325,7.0,-5.0,-84.0
1777892165.4953325,3.0,-1.0,-81.0
1777892165.5053325,1.0,0.0,-75.0
1777892165.5153325,-1.0,-2.0,-73.0
1777892165.5253325,0.0,-3.0,-66.0
1777892165.5363324,1.0,-7.0,-62.0
1777892165.5463324,0.0,-5.0,-63.0
1777892165.5563323,-2.0,-4.0,-62.0
1777892165.5653324,0.0,0.0,-63.0
1777892165.5763323,3.0,0.0,-53.0
1777892165.5863323,6.0,-3.0,-55.0
1777892165.5963323,7.0,-2.0,-56.0
1777892165.6063323,8.0,-2.0,-63.0
1777892165.6163323,6.0,-2.0,-68.0
1777892165.6263323,7.0,-5.0,-68.0
1777892165.6363325,2.0,-1.0,-61.0
1777892165.6463325,2.0,1.0,-56.0
1777892165.6563325,3.0,4.0,-58.0
1777892165.6663325,6.0,4.0,-62.0
1777892165.6763325,6.0,1.0,-68.0
1777892165.6863325,3.0,3.0,-67.0
1777892165.6963325,6.0,-1.0,-70.0
1777892165.7063324,0.0,-1.0,-71.0
1777892165.7163324,-5.0,1.0,-72.0
1777892165.7263324,-3.0,1.0,-74.0
1777892165.7363324,-5.0,2.0,-73.0
1777892165.7463324,-8.0,2.0,-80.0
1777892165.7563324,-6.0,0.0,-78.0
1777892165.7663324,-1.0,-2.0,-78.0
1777892165.7763324,3.0,0.0,-77.0
1777892165.7863324,6.0,0.0,-74.0
1777892165.7963324,9.0,0.0,-77.0
1777892165.8063323,8.0,3.0,-71.0
1777892165.8163323,9.0,2.0,-74.0
1777892165.8263323,7.0,2.0,-74.0
1777892165.8363323,3.0,1.0,-80.0
1777892165.8463323,-3.0,1.0,-75.0
1777892165.8563323,-7.0,0.0,-71.0
1777892165.8663323,-5.0,0.0,-72.0
1777892165.8763323,-1.0,-2.0,-84.0
1777892165.8863325,0.0,-2.0,-86.0
1777892165.8963325,1.0,-5.0,-82.0
1777892165.9063325,2.0,-7.0,-82.0
1777892165.9163325,1.0,-9.0,-71.0
1777892165.9263325,1.0,-10.0,-67.0
1777892165.9363325,3.0,-6.0,-73.0
1777892165.9463325,2.0,-4.0,-73.0
1777892165.9563324,-2.0,0.0,-65.0
1777892165.9663324,-3.0,2.0,-69.0
1777892165.9763324,-6.0,0.0,-72.0
1777892165.9863324,-7.0,2.0,-70.0
1777892165.9963324,-4.0,5.0,-72.0
1777892166.0063324,-5.0,0.0,-76.0
1777892166.0163324,-8.0,-6.0,-81.0
1777892166.0263324,-6.0,-8.0,-85.0
1777892166.0363324,-10.0,-9.0,-86.0
1777892166.0463324,-7.0,-6.0,-75.0
1777892166.0563323,-5.0,-8.0,-82.0
1777892166.0663323,-5.0,-3.0,-82.0
1777892166.0763323,0.0,-3.0,-83.0
1777892166.0863323,-1.0,-1.0,-79.0
1777892166.0963323,0.0,-3.0,-79.0
1777892166.1063323,1.0,0.0,-81.0
1777892166.1163323,2.0,-1.0,-74.0
1777892166.1263323,-1.0,-3.0,-71.0
1777892166.1363325,-1.0,-4.0,-74.0
1777892166.1463325,3.0,-4.0,-72.0
1777892166.1563325,0.0,-1.0,-73.0
1777892166.1663325,-1.0,-1.0,-72.0
1777892166.1763325,-5.0,-2.0,-73.0
1777892166.1863325,-5.0,0.0,-77.0
1777892166.1963325,-4.0,-3.0,-70.0
1777892166.2063324,0.0,0.0,-66.0
1777892166.2163324,0.0,0.0,-63.0
1777892166.2263324,4.0,2.0,-63.0
1777892166.2363324,0.0,4.0,-64.0
1777892166.2463324,-3.0,4.0,-60.0
1777892166.2563324,-2.0,5.0,-54.0
1777892166.2663324,0.0,5.0,-61.0
1777892166.2763324,1.0,3.0,-59.0
1777892166.2863324,3.0,4.0,-67.0
1777892166.2963324,3.0,3.0,-65.0
1777892166.3063323,2.0,0.0,-69.0
1777892166.3163323,-2.0,-3.0,-73.0
1777892166.3263323,2.0,-4.0,-69.0
1777892166.3363323,1.0,-5.0,-69.0
1777892166.3463323,1.0,-7.0,-66.0
1777892166.3563323,1.0,-7.0,-66.0
1777892166.3663323,1.0,-5.0,-67.0
1777892166.3763323,0.0,-4.0,-73.0
1777892166.3863325,0.0,-7.0,-70.0
1777892166.3963325,7.0,-6.0,-68.0
1777892166.4063325,7.0,-6.0,-70.0
1777892166.4163325,8.0,-7.0,-70.0
1777892166.4263325,4.0,-5.0,-74.0
1777892166.4363325,0.0,-1.0,-79.0
1777892166.4463325,-1.0,-5.0,-73.0
1777892166.4563324,2.0,-7.0,-78.0
1777892166.4663324,1.0,-2.0,-76.0
1777892166.4763324,2.0,-6.0,-74.0
1777892166.4863324,3.0,-8.0,-85.0
1777892166.4963324,4.0,-11.0,-82.0
1777892166.5063324,5.0,-9.0,-75.0
1777892166.5163324,3.0,-9.0,-72.0
1777892166.5263324,0.0,-7.0,-68.0
1777892166.5363324,0.0,-3.0,-68.0
1777892166.5463324,0.0,-3.0,-65.0
1777892166.5563323,5.0,-2.0,-70.0
1777892166.5663323,6.0,-2.0,-74.0
1777892166.5763323,6.0,0.0,-74.0
1777892166.5863323,7.0,-1.0,-74.0
1777892166.5963323,6.0,-1.0,-73.0
1777892166.6063323,3.0,4.0,-72.0
1777892166.6163323,0.0,1.0,-70.0
1777892166.6263323,0.0,1.0,-63.0
1777892166.6363325,5.0,6.0,-62.0
1777892166.6463325,6.0,7.0,-65.0
1777892166.6563325,5.0,3.0,-70.0
1777892166.6663325,4.0,3.0,-66.0
1777892166.6763325,6.0,3.0,-70.0
1777892166.6863325,7.0,2.0,-78.0
1777892166.6963325,7.0,-1.0,-75.0
1777892166.7063324,6.0,-2.0,-74.0
1777892166.7163324,6.0,-2.0,-74.0
1777892166.7263324,3.0,-2.0,-79.0
1777892166.7363324,-2.0,-2.0,-81.0
1777892166.7463324,0.0,-3.0,-70.0
1777892166.7563324,0.0,0.0,-72.0
1777892166.7663324,4.0,1.0,-74.0
1777892166.7763324,0.0,1.0,-75.0
1777892166.7863324,0.0,-2.0,-71.0
1777892166.7963324,-5.0,-3.0,-67.0
1777892166.8063323,-4.0,-5.0,-68.0
1777892166.8163323,0.0,-2.0,-67.0
1777892166.8263323,5.0,-2.0,-74.0
1777892166.8363323,6.0,-2.0,-63.0
1777892166.8463323,4.0,-1.0,-60.0
1777892166.8563323,0.0,3.0,-61.0
1777892166.8663323,7.0,0.0,-61.0
1777892166.8763323,9.0,2.0,-60.0
1777892166.8863325,9.0,0.0,-57.0
1777892166.8963325,9.0,-2.0,-55.0
1777892166.9063325,5.0,-3.0,-57.0
1777892166.9163325,2.0,-4.0,-62.0
1777892166.9263325,3.0,-5.0,-63.0
1777892166.9363325,-3.0,-6.0,-68.0
1777892166.9463325,-3.0,-4.0,-69.0
1777892166.9563324,-3.0,-4.0,-68.0
1777892166.9663324,0.0,3.0,-68.0
1777892166.9763324,2.0,6.0,-67.0
1777892166.9863324,0.0,3.0,-69.0
1777892166.9963324,-3.0,2.0,-68.0
1777892167.0063324,-4.0,-2.0,-72.0
1777892167.0163324,0.0,0.0,-71.0
1777892167.0263324,1.0,1.0,-73.0
1777892167.0363324,3.0,-2.0,-67.0
1777892167.0463324,0.0,0.0,-69.0
1777892167.0563323,-2.0,0.0,-71.0
1777892167.0663323,-2.0,-1.0,-68.0
1777892167.0763323,0.0,0.0,-75.0
1777892167.0863323,0.0,1.0,-77.0
1777892167.0963323,0.0,-2.0,-69.0
1777892167.1063323,-1.0,-5.0,-70.0
1777892167.1163323,3.0,0.0,-71.0
1777892167.1263323,2.0,1.0,-74.0
1777892167.1363325,0.0,2.0,-72.0
1777892167.1463325,4.0,0.0,-72.0
1777892167.1563325,1.0,3.0,-75.0
1777892167.1663325,2.0,1.0,-84.0
1777892167.1763325,3.0,0.0,-85.0
1777892167.1863325,4.0,-4.0,-80.0
1777892167.1963325,-3.0,-7.0,-73.0
1777892167.2063324,0.0,-6.0,-72.0
1777892167.2163324,2.0,-2.0,-76.0
1777892167.2263324,0.0,-2.0,-77.0
1777892167.2363324,3.0,-2.0,-79.0
1777892167.2463324,6.0,-5.0,-76.0
1777892167.2563324,5.0,-5.0,-70.0
1777892167.2663324,1.0,-3.0,-70.0
1777892167.2763324,0.0,-1.0,-75.0
1777892167.2863324,0.0,0.0,-74.0
1777892167.2963324,0.0,0.0,-69.0
1777892167.3063323,1.0,0.0,-68.0
1777892167.3163323,0.0,-6.0,-66.0
1777892167.3263323,-2.0,-7.0,-61.0
1777892167.3363323,-2.0,-3.0,-62.0
1777892167.3463323,-6.0,0.0,-58.0
1777892167.3563323,-7.0,1.0,-57.0
1777892167.3663323,-4.0,0.0,-56.0
1777892167.3763323,0.0,3.0,-67.0
1777892167.3863325,2.0,0.0,-67.0
1777892167.3963325,1.0,-1.0,-67.0
1777892167.4063325,4.0,0.0,-64.0
1777892167.4163325,5.0,0.0,-68.0
1777892167.4263325,5.0,-5.0,-69.0
1777892167.4363325,6.0,-7.0,-72.0
1777892167.4463325,9.0,-4.0,-72.0
1777892167.4563324,12.0,-4.0,-69.0
1777892167.4663324,7.0,0.0,-70.0
1777892167.4763324,4.0,1.0,-72.0
1777892167.4863324,0.0,-1.0,-71.0
1777892167.4963324,0.0,-5.0,-63.0
1777892167.5063324,-1.0,-2.0,-55.0
1777892167.5173323,-2.0,0.0,-61.0
1777892167.5273323,-2.0,0.0,-72.0
1777892167.5373323,-1.0,-1.0,-71.0
1777892167.5473323,2.0,0.0,-66.0
1777892167.5573325,1.0,-4.0,-67.0
1777892167.5673325,0.0,-5.0,-71.0
1777892167.5773325,1.0,-2.0,-68.0
1777892167.5873325,3.0,0.0,-73.0
1777892167.5973325,3.0,4.0,-72.0
1777892167.6073325,2.0,4.0,-75.0
1777892167.6173325,3.0,0.0,-75.0
1777892167.6273324,0.0,-1.0,-71.0
1777892167.6373324,-2.0,-3.0,-79.0
1777892167.6473324,0.0,0.0,-78.0
1777892167.6573324,-2.0,-1.0,-77.0
1777892167.6673324,-2.0,-1.0,-77.0
1777892167.6773324,-1.0,-2.0,-71.0
1777892167.6873324,0.0,-2.0,-74.0
1777892167.6973324,-2.0,-4.0,-72.0
1777892167.7073324,0.0,0.0,-69.0
1777892167.7173324,3.0,0.0,-64.0
1777892167.7273324,4.0,0.0,-61.0
1777892167.7373323,8.0,2.0,-61.0
1777892167.7473323,3.0,4.0,-63.0
1777892167.7573323,1.0,0.0,-70.0
1777892167.7673323,4.0,4.0,-61.0
1777892167.7773323,3.0,1.0,-67.0
1777892167.7873323,2.0,-1.0,-64.0
1777892167.7973323,4.0,-1.0,-67.0
1777892167.8073325,10.0,-5.0,-75.0
1777892167.8173325,8.0,-3.0,-79.0
1777892167.8273325,9.0,-1.0,-85.0
1777892167.8373325,14.0,3.0,-92.0
1777892167.8473325,12.0,3.0,-89.0
1777892167.8573325,10.0,-1.0,-84.0
1777892167.8673325,5.0,-2.0,-83.0
1777892167.8773324,0.0,-5.0,-80.0
1777892167.8873324,1.0,-5.0,-75.0
1777892167.8973324,4.0,-4.0,-75.0
1777892167.9073324,6.0,-5.0,-70.0
1777892167.9173324,6.0,-3.0,-70.0
1777892167.9273324,3.0,-2.0,-66.0
1777892167.9373324,4.0,3.0,-67.0
1777892167.9473324,2.0,3.0,-72.0
1777892167.9573324,0.0,6.0,-80.0
1777892167.9673324,0.0,5.0,-79.0
1777892167.9773324,5.0,2.0,-73.0
1777892167.9873323,6.0,5.0,-70.0
1777892167.9973323,6.0,3.0,-70.0
1777892168.0073323,6.0,1.0,-65.0
1777892168.0173323,7.0,0.0,-68.0
1777892168.0273323,2.0,0.0,-60.0
1777892168.0373323,0.0,2.0,-61.0
1777892168.0473323,-7.0,-1.0,-61.0
1777892168.0573325,-8.0,-2.0,-61.0
1777892168.0673325,-4.0,-3.0,-63.0
1777892168.0773325,-4.0,-4.0,-63.0
1777892168.0873325,-2.0,-5.0,-65.0
1777892168.0973325,-5.0,-5.0,-74.0
1777892168.1073325,-5.0,-5.0,-72.0
1777892168.1173325,-6.0,-3.0,-66.0
1777892168.1273324,-7.0,-1.0,-70.0
1777892168.1373324,-5.0,0.0,-72.0
1777892168.1473324,-5.0,-1.0,-75.0
1777892168.1573324,-7.0,2.0,-77.0
1777892168.1673324,-7.0,4.0,-85.0
1777892168.1773324,-6.0,0.0,-86.0
1777892168.1873324,-5.0,-1.0,-86.0
1777892168.1973324,-4.0,-1.0,-80.0
1777892168.2073324,-4.0,-1.0,-70.0
1777892168.2173324,-3.0,-1.0,-67.0
1777892168.2273324,-3.0,2.0,-69.0
1777892168.2373323,-7.0,5.0,-73.0
1777892168.2473323,-3.0,2.0,-74.0
1777892168.2573323,-2.0,-2.0,-71.0
1777892168.2673323,0.0,-2.0,-69.0
1777892168.2773323,-4.0,-1.0,-64.0
1777892168.2873323,-5.0,-4.0,-62.0
1777892168.2973323,-8.0,-7.0,-63.0
1777892168.3073325,-7.0,-5.0,-67.0
1777892168.3173325,-4.0,0.0,-71.0
1777892168.3273325,-4.0,-1.0,-78.0
1777892168.3373325,-6.0,-3.0,-75.0
1777892168.3473325,-7.0,-2.0,-85.0
1777892168.3573325,-8.0,0.0,-77.0
1777892168.3673325,-5.0,3.0,-72.0
1777892168.3773324,-4.0,2.0,-69.0
1777892168.3873324,-3.0,1.0,-69.0
1777892168.3973324,-3.0,-2.0,-76.0
1777892168.4073324,0.0,0.0,-83.0
1777892168.4173324,3.0,2.0,-91.0
1777892168.4273324,5.0,2.0,-86.0
1777892168.4373324,3.0,-2.0,-83.0
1777892168.4473324,5.0,-2.0,-86.0
1777892168.4573324,9.0,-2.0,-85.0
1777892168.4673324,8.0,-2.0,-83.0
1777892168.4773324,4.0,-1.0,-82.0
1777892168.4873323,4.0,-2.0,-79.0
1777892168.4973323,7.0,-2.0,-79.0
1777892168.5073323,3.0,-2.0,-80.0
1777892168.5173323,2.0,-2.0,-78.0
1777892168.5273323,2.0,-1.0,-79.0
1777892168.5373323,4.0,4.0,-78.0
1777892168.5473323,3.0,1.0,-76.0
1777892168.5573325,0.0,4.0,-66.0
1777892168.5673325,-1.0,5.0,-68.0
1777892168.5773325,0.0,2.0,-65.0
1777892168.5873325,2.0,0.0,-71.0
1777892168.5973325,5.0,1.0,-71.0
1777892168.6073325,7.0,1.0,-74.0
1777892168.6173325,9.0,0.0,-75.0
1777892168.6273324,11.0,-1.0,-79.0
1777892168.6373324,9.0,-2.0,-85.0
1777892168.6473324,5.0,0.0,-83.0
1777892168.6573324,6.0,-6.0,-85.0
1777892168.6673324,3.0,-4.0,-83.0
1777892168.6773324,0.0,-6.0,-83.0
1777892168.6873324,-2.0,-3.0,-80.0
1777892168.6973324,-1.0,0.0,-80.0
1777892168.7073324,0.0,-3.0,-78.0
1777892168.7173324,1.0,1.0,-77.0
1777892168.7273324,4.0,0.0,-71.0
1777892168.7373323,0.0,0.0,-71.0
1777892168.7473323,-1.0,-2.0,-79.0
1777892168.7573323,-2.0,0.0,-76.0
1777892168.7673323,0.0,0.0,-76.0
1777892168.7773323,5.0,-1.0,-75.0
1777892168.7873323,7.0,-3.0,-81.0
1777892168.7973323,6.0,0.0,-83.0
1777892168.8073325,0.0,-2.0,-80.0
1777892168.8173325,-2.0,-4.0,-75.0
1777892168.8273325,-1.0,1.0,-71.0
1777892168.8373325,0.0,0.0,-69.0
1777892168.8473325,2.0,0.0,-71.0
1777892168.8573325,6.0,0.0,-72.0
1777892168.8673325,6.0,0.0,-71.0
1777892168.8773324,6.0,0.0,-71.0
1777892168.8873324,3.0,0.0,-77.0
1777892168.8973324,5.0,0.0,-73.0
1777892168.9073324,3.0,0.0,-68.0
1777892168.9173324,2.0,0.0,-68.0
1777892168.9273324,1.0,-1.0,-68.0
1777892168.9373324,0.0,1.0,-71.0
1777892168.9473324,0.0,0.0,-67.0
1777892168.9573324,0.0,1.0,-69.0
1777892168.9673324,1.0,-1.0,-77.0
1777892168.9773324,5.0,-1.0,-75.0
1777892168.9873323,11.0,-2.0,-68.0
1777892168.9973323,9.0,-3.0,-69.0
1777892169.0073323,7.0,-2.0,-73.0
1777892169.0173323,5.0,-1.0,-72.0
1777892169.0273323,4.0,2.0,-72.0
1777892169.0373323,6.0,3.0,-69.0
1777892169.0473323,4.0,0.0,-68.0
1777892169.0573325,1.0,-1.0,-63.0
1777892169.0673325,2.0,-5.0,-69.0
1777892169.0773325,2.0,-3.0,-69.0
1777892169.0873325,5.0,0.0,-70.0
1777892169.0973325,3.0,0.0,-70.0
1777892169.1073325,3.0,0.0,-68.0
1777892169.1173325,4.0,-1.0,-72.0
1777892169.1273324,3.0,-4.0,-76.0
1777892169.1373324,0.0,-2.0,-70.0
1777892169.1473324,3.0,1.0,-71.0
1777892169.1573324,7.0,0.0,-69.0
1777892169.1673324,6.0,0.0,-66.0
1777892169.1773324,1.0,0.0,-63.0
1777892169.1873324,-1.0,0.0,-66.0
1777892169.1973324,-3.0,-2.0,-61.0
1777892169.2073324,-5.0,-6.0,-60.0
1777892169.2173324,-2.0,-3.0,-58.0
1777892169.2273324,-1.0,0.0,-68.0
1777892169.2373323,-3.0,-1.0,-67.0
1777892169.2473323,-3.0,0.0,-60.0
1777892169.2573323,0.0,0.0,-58.0
1777892169.2673323,1.0,-4.0,-61.0
1777892169.2773323,-1.0,-7.0,-62.0
1777892169.2873323,0.0,-6.0,-64.0
1777892169.2973323,0.0,-9.0,-66.0
1777892169.3073325,4.0,-9.0,-70.0
1777892169.3173325,6.0,-7.0,-69.0
1777892169.3273325,6.0,-5.0,-68.0
1777892169.3373325,2.0,-2.0,-73.0
1777892169.3473325,5.0,-6.0,-78.0
1777892169.3573325,4.0,2.0,-81.0
1777892169.3673325,3.0,4.0,-88.0
1777892169.3773324,6.0,2.0,-86.0
1777892169.3873324,10.0,2.0,-87.0
1777892169.3973324,10.0,2.0,-84.0
1777892169.4073324,10.0,6.0,-81.0
1777892169.4173324,3.0,7.0,-86.0
1777892169.4273324,2.0,8.0,-89.0
1777892169.4373324,1.0,8.0,-87.0
1777892169.4473324,0.0,7.0,-85.0
1777892169.4573324,1.0,2.0,-79.0
1777892169.4673324,2.0,3.0,-76.0
1777892169.4783323,1.0,1.0,-75.0
1777892169.4873323,-3.0,-2.0,-82.0
1777892169.4983325,0.0,-1.0,-78.0
1777892169.5083325,0.0,-5.0,-75.0
1777892169.5173323,4.0,-5.0,-74.0
1777892169.5283325,0.0,-5.0,-71.0
1777892169.5383325,-1.0,-5.0,-71.0
1777892169.5473323,-2.0,-8.0,-76.0
1777892169.5583324,-2.0,-6.0,-72.0
1777892169.5683324,-5.0,-6.0,-65.0
1777892169.5783324,-2.0,-5.0,-69.0
1777892169.5883324,1.0,-3.0,-74.0
1777892169.5983324,6.0,-7.0,-74.0
1777892169.6083324,4.0,-4.0,-65.0
1777892169.6183324,4.0,-3.0,-65.0
1777892169.6283324,7.0,0.0,-62.0
1777892169.6383324,4.0,0.0,-65.0
1777892169.6483324,1.0,0.0,-66.0
1777892169.6583323,0.0,0.0,-72.0
1777892169.6683323,-1.0,0.0,-71.0
1777892169.6783323,-3.0,-2.0,-71.0
1777892169.6883323,-2.0,-2.0,-72.0
1777892169.6983323,-4.0,-5.0,-73.0
1777892169.7083323,-2.0,-4.0,-77.0
1777892169.7183323,-4.0,0.0,-74.0
1777892169.7283323,-2.0,-2.0,-70.0
1777892169.7383325,-2.0,-4.0,-72.0
1777892169.7483325,3.0,-4.0,-69.0
1777892169.7583325,5.0,-1.0,-77.0
1777892169.7683325,5.0,-1.0,-77.0
1777892169.7783325,3.0,1.0,-82.0
1777892169.7883325,3.0,1.0,-90.0
1777892169.7983325,4.0,-1.0,-79.0
1777892169.8083324,1.0,0.0,-78.0
1777892169.8183324,0.0,0.0,-80.0
1777892169.8283324,-1.0,2.0,-79.0
1777892169.8383324,-3.0,2.0,-73.0
1777892169.8483324,0.0,1.0,-72.0
1777892169.8583324,1.0,0.0,-75.0
1777892169.8683324,4.0,-2.0,-74.0
1777892169.8783324,3.0,0.0,-76.0
1777892169.8883324,-5.0,0.0,-78.0
1777892169.8983324,-5.0,3.0,-81.0
1777892169.9083323,-3.0,1.0,-80.0
1777892169.9183323,-4.0,0.0,-78.0
1777892169.9293325,-1.0,2.0,-79.0
1777892169.9383323,2.0,0.0,-79.0
1777892169.9483323,5.0,3.0,-78.0
1777892169.9583323,3.0,1.0,-75.0
1777892169.9683323,0.0,-1.0,-74.0
1777892169.9783323,-1.0,0.0,-78.0
1777892169.9883325,1.0,1.0,-83.0
1777892169.9983325,2.0,0.0,-83.0
1777892170.0083325,0.0,-4.0,-84.0
1777892170.0183325,-3.0,-8.0,-79.0
1777892170.0283325,0.0,-8.0,-86.0
1777892170.0383325,0.0,-9.0,-82.0
1777892170.0483325,1.0,-3.0,-76.0
1777892170.0583324,4.0,-1.0,-71.0
1777892170.0683324,4.0,0.0,-67.0
1777892170.0783324,4.0,0.0,-66.0
1777892170.0883324,4.0,-2.0,-66.0
1777892170.0983324,7.0,-2.0,-69.0
1777892170.1083324,2.0,-2.0,-73.0
1777892170.1183324,-2.0,-5.0,-73.0
1777892170.1283324,0.0,-4.0,-77.0
1777892170.1383324,2.0,-4.0,-70.0
1777892170.1483324,1.0,-1.0,-70.0
1777892170.1583323,0.0,-1.0,-68.0
1777892170.1683323,-1.0,-2.0,-69.0
1777892170.1783323,0.0,-4.0,-63.0
1777892170.1883323,-2.0,1.0,-67.0
1777892170.1983323,-8.0,3.0,-61.0
1777892170.2083323,-3.0,2.0,-62.0
1777892170.2183323,2.0,0.0,-64.0
1777892170.2283323,3.0,-4.0,-66.0
1777892170.2383325,2.0,-6.0,-65.0
1777892170.2483325,0.0,-4.0,-73.0
1777892170.2583325,1.0,-2.0,-68.0
1777892170.2683325,4.0,1.0,-65.0
1777892170.2783325,6.0,0.0,-57.0
1777892170.2883325,7.0,0.0,-51.0
1777892170.2983325,2.0,-3.0,-49.0
1777892170.3083324,7.0,-4.0,-49.0
1777892170.3183324,8.0,-2.0,-50.0
1777892170.3283324,8.0,-5.0,-58.0
1777892170.3383324,9.0,-6.0,-61.0
1777892170.3483324,9.0,-10.0,-70.0
1777892170.3583324,7.0,-10.0,-67.0
1777892170.3683324,6.0,-6.0,-72.0
1777892170.3783324,1.0,-8.0,-71.0
1777892170.3883324,3.0,-10.0,-76.0
1777892170.3983324,4.0,-6.0,-73.0
1777892170.4083323,3.0,-2.0,-72.0
1777892170.4183323,2.0,-1.0,-71.0
1777892170.4283323,0.0,-2.0,-68.0
1777892170.4383323,-1.0,-1.0,-70.0
1777892170.4483323,-4.0,-2.0,-65.0
1777892170.4583323,-3.0,-7.0,-61.0
1777892170.4683323,-1.0,-4.0,-63.0
1777892170.4783323,1.0,-3.0,-68.0
1777892170.4883325,0.0,-1.0,-66.0
1777892170.4983325,0.0,-3.0,-74.0
1777892170.5083325,0.0,-3.0,-75.0
1777892170.5183325,0.0,0.0,-69.0
1777892170.5283325,-1.0,0.0,-71.0
1777892170.5383325,-1.0,-4.0,-74.0
1777892170.5483325,0.0,-3.0,-75.0
1777892170.5583324,2.0,0.0,-88.0
1777892170.5683324,2.0,-2.0,-90.0
1777892170.5783324,5.0,0.0,-80.0
1777892170.5883324,6.0,-1.0,-80.0
1777892170.5983324,5.0,0.0,-79.0
1777892170.6083324,1.0,0.0,-77.0
1777892170.6183324,-2.0,0.0,-75.0
1777892170.6283324,4.0,0.0,-71.0
1777892170.6383324,6.0,2.0,-75.0
1777892170.6483324,6.0,0.0,-72.0
1777892170.6583323,0.0,1.0,-73.0
1777892170.6683323,1.0,-1.0,-77.0
1777892170.6783323,4.0,-2.0,-76.0
1777892170.6883323,8.0,0.0,-75.0
1777892170.6983323,9.0,-1.0,-74.0
1777892170.7083323,5.0,-2.0,-71.0
1777892170.7183323,6.0,-1.0,-65.0
1777892170.7283323,7.0,-1.0,-56.0
1777892170.7383325,5.0,-3.0,-56.0
1777892170.7483325,4.0,-3.0,-60.0
1777892170.7583325,6.0,-3.0,-63.0
1777892170.7683325,9.0,-5.0,-65.0
1777892170.7783325,5.0,-6.0,-69.0
1777892170.7883325,5.0,-6.0,-71.0
1777892170.7983325,5.0,-5.0,-73.0
1777892170.8083324,9.0,-2.0,-74.0
1777892170.8183324,3.0,1.0,-66.0
1777892170.8283324,-1.0,-2.0,-67.0
1777892170.8383324,1.0,-6.0,-67.0
1777892170.8483324,1.0,-6.0,-67.0
1777892170.8583324,1.0,-8.0,-65.0
1777892170.8683324,2.0,-8.0,-61.0
1777892170.8783324,1.0,-6.0,-66.0
1777892170.8883324,0.0,-7.0,-69.0
1777892170.8983324,0.0,-6.0,-75.0
1777892170.9083323,0.0,-3.0,-81.0
1777892170.9183323,-2.0,-4.0,-77.0
1777892170.9283323,-1.0,-4.0,-75.0
1777892170.9383323,2.0,-5.0,-75.0
1777892170.9483323,6.0,-4.0,-79.0
1777892170.9583323,6.0,0.0,-75.0
1777892170.9683323,6.0,0.0,-73.0
1777892170.9783323,11.0,0.0,-74.0
1777892170.9883325,12.0,0.0,-68.0
1777892170.9983325,9.0,0.0,-70.0
1777892171.0083325,7.0,-3.0,-71.0
1777892171.0183325,10.0,-3.0,-73.0
1777892171.0283325,8.0,-1.0,-66.0
1777892171.0383325,6.0,-1.0,-55.0
1777892171.0483325,-1.0,-1.0,-56.0
1777892171.0583324,-3.0,1.0,-59.0
1777892171.0683324,-4.0,4.0,-62.0
1777892171.0783324,0.0,-2.0,-65.0
1777892171.0883324,4.0,1.0,-62.0
1777892171.0983324,3.0,0.0,-66.0
1777892171.1083324,3.0,0.0,-74.0
1777892171.1183324,0.0,1.0,-70.0
1777892171.1283324,2.0,2.0,-72.0
1777892171.1383324,3.0,2.0,-74.0
1777892171.1483324,3.0,1.0,-73.0
1777892171.1583323,4.0,0.0,-68.0
1777892171.1683323,4.0,-1.0,-66.0
1777892171.1783323,5.0,-4.0,-75.0
1777892171.1883323,4.0,2.0,-76.0
1777892171.1983323,4.0,0.0,-76.0
1777892171.2083323,2.0,1.0,-80.0
1777892171.2183323,5.0,3.0,-82.0
1777892171.2283323,5.0,2.0,-80.0
1777892171.2383325,5.0,0.0,-80.0
1777892171.2483325,3.0,-1.0,-75.0
1777892171.2583325,6.0,0.0,-72.0
1777892171.2683325,0.0,0.0,-71.0
1777892171.2783325,3.0,0.0,-72.0
1777892171.2883325,8.0,0.0,-67.0
1777892171.2983325,3.0,-1.0,-62.0
1777892171.3083324,1.0,-2.0,-65.0
1777892171.3183324,0.0,-7.0,-66.0
1777892171.3283324,-3.0,-4.0,-70.0
1777892171.3383324,-1.0,-1.0,-74.0
1777892171.3483324,4.0,1.0,-75.0
1777892171.3583324,6.0,4.0,-79.0
1777892171.3683324,2.0,5.0,-70.0
1777892171.3783324,1.0,3.0,-73.0
1777892171.3883324,-2.0,6.0,-66.0
1777892171.3983324,-1.0,4.0,-70.0
1777892171.4083323,0.0,4.0,-64.0
1777892171.4183323,2.0,3.0,-68.0
1777892171.4283323,0.0,4.0,-69.0
1777892171.4383323,-1.0,3.0,-70.0
1777892171.4483323,-4.0,3.0,-68.0
1777892171.4583323,-1.0,7.0,-60.0
1777892171.4683323,-4.0,9.0,-55.0
1777892171.4783323,-1.0,6.0,-58.0
1777892171.4883325,-5.0,5.0,-60.0
1777892171.4993324,-9.0,5.0,-53.0
1777892171.5093324,-3.0,4.0,-54.0
1777892171.5193324,-3.0,8.0,-62.0
1777892171.5293324,-5.0,5.0,-70.0
1777892171.5383325,-8.0,-1.0,-70.0
1777892171.5493324,-3.0,0.0,-74.0
1777892171.5593324,3.0,4.0,-75.0
1777892171.5693324,5.0,0.0,-69.0
1777892171.5793324,6.0,1.0,-67.0
1777892171.5883324,8.0,5.0,-67.0
1777892171.5993323,7.0,6.0,-68.0
1777892171.6093323,4.0,7.0,-75.0
1777892171.6193323,5.0,1.0,-73.0
1777892171.6293323,1.0,0.0,-75.0
1777892171.6393323,0.0,0.0,-71.0
1777892171.6493323,-2.0,1.0,-68.0
1777892171.6593325,-2.0,2.0,-65.0
1777892171.6703324,0.0,1.0,-62.0
1777892171.6793325,-1.0,0.0,-65.0
1777892171.6893325,-3.0,0.0,-68.0
1777892171.6993325,-2.0,-3.0,-79.0
1777892171.7093325,0.0,-2.0,-72.0
1777892171.7193325,1.0,-2.0,-73.0
1777892171.7293324,7.0,-1.0,-69.0
1777892171.7393324,5.0,-1.0,-77.0
1777892171.7493324,7.0,-3.0,-79.0
1777892171.7593324,5.0,0.0,-86.0
1777892171.7693324,4.0,-1.0,-83.0
1777892171.7793324,2.0,-2.0,-75.0
1777892171.7893324,4.0,-3.0,-73.0
1777892171.7993324,5.0,0.0,-68.0
1777892171.8093324,0.0,-4.0,-67.0
1777892171.8193324,2.0,-7.0,-69.0
1777892171.8293324,5.0,-6.0,-70.0
1777892171.8393323,6.0,-2.0,-78.0
1777892171.8493323,4.0,0.0,-78.0
1777892171.8593323,-2.0,0.0,-78.0
1777892171.8693323,-8.0,1.0,-79.0
1777892171.8793323,-10.0,6.0,-77.0
1777892171.8893323,-9.0,7.0,-69.0
1777892171.8993323,-6.0,3.0,-66.0
1777892171.9093325,-3.0,4.0,-72.0
1777892171.9193325,2.0,3.0,-70.0
1777892171.9293325,3.0,2.0,-65.0
1777892171.9393325,4.0,1.0,-66.0
1777892171.9493325,5.0,1.0,-67.0
1777892171.9593325,1.0,5.0,-63.0
1777892171.9693325,-1.0,0.0,-60.0
1777892171.9793324,-7.0,0.0,-59.0
1777892171.9893324,-5.0,-4.0,-61.0
1777892171.9993324,-3.0,-5.0,-63.0
1777892172.0093324,-1.0,-2.0,-67.0
1777892172.0193324,0.0,-3.0,-67.0
1777892172.0293324,-3.0,0.0,-70.0
1777892172.0393324,-1.0,1.0,-76.0
1777892172.0493324,0.0,3.0,-78.0
1777892172.0593324,0.0,2.0,-76.0
1777892172.0693324,1.0,-1.0,-73.0
1777892172.0793324,5.0,0.0,-71.0
1777892172.0893323,11.0,2.0,-71.0
1777892172.0993323,8.0,7.0,-75.0
1777892172.1093323,8.0,4.0,-74.0
1777892172.1193323,7.0,2.0,-73.0
1777892172.1293323,8.0,3.0,-75.0
1777892172.1393323,5.0,3.0,-80.0
1777892172.1493323,-2.0,-4.0,-79.0
1777892172.1593325,-6.0,-9.0,-75.0
1777892172.1693325,-4.0,-8.0,-81.0
1777892172.1793325,-4.0,-5.0,-83.0
1777892172.1893325,-1.0,-4.0,-77.0
1777892172.1993325,1.0,-8.0,-64.0
1777892172.2093325,0.0,-9.0,-67.0
1777892172.2193325,1.0,-10.0,-73.0
1777892172.2293324,0.0,-7.0,-74.0
1777892172.2393324,-2.0,-4.0,-75.0
1777892172.2493324,4.0,-3.0,-71.0
1777892172.2593324,2.0,-6.0,-76.0
1777892172.2693324,0.0,0.0,-75.0
1777892172.2793324,-2.0,0.0,-71.0
1777892172.2893324,0.0,2.0,-76.0
1777892172.2993324,8.0,-2.0,-75.0
1777892172.3093324,7.0,-1.0,-73.0
1777892172.3193324,5.0,-2.0,-79.0
1777892172.3293324,6.0,-3.0,-81.0
1777892172.3393323,7.0,-5.0,-81.0
1777892172.3493323,3.0,-3.0,-82.0
1777892172.3593323,0.0,0.0,-79.0
1777892172.3693323,-1.0,2.0,-76.0
1777892172.3793323,-1.0,0.0,-79.0
1777892172.3893323,-3.0,3.0,-83.0
1777892172.3993323,-4.0,0.0,-83.0
1777892172.4093325,0.0,0.0,-75.0
1777892172.4193325,2.0,1.0,-71.0
1777892172.4293325,6.0,0.0,-78.0
1777892172.4393325,0.0,-3.0,-80.0
1777892172.4493325,4.0,0.0,-74.0
1777892172.4593325,-3.0,-1.0,-71.0
1777892172.4693325,-1.0,0.0,-68.0
1777892172.4793324,-2.0,-4.0,-68.0
1777892172.4893324,-1.0,-4.0,-67.0
1777892172.4993324,0.0,-3.0,-72.0
1777892172.5093324,2.0,-6.0,-71.0
1777892172.5193324,2.0,-3.0,-75.0
1777892172.5293324,3.0,-4.0,-76.0
1777892172.5393324,3.0,-3.0,-75.0
1777892172.5493324,4.0,-2.0,-73.0
1777892172.5593324,-1.0,-1.0,-76.0
1777892172.5693324,-4.0,4.0,-74.0
1777892172.5793324,-1.0,3.0,-72.0
1777892172.5893323,1.0,1.0,-67.0
1777892172.5993323,2.0,0.0,-73.0
1777892172.6093323,5.0,-2.0,-76.0
1777892172.6193323,6.0,0.0,-76.0
1777892172.6293323,3.0,-1.0,-77.0
1777892172.6393323,2.0,0.0,-75.0
1777892172.6493323,0.0,-3.0,-72.0
1777892172.6593325,0.0,0.0,-77.0
1777892172.6693325,0.0,4.0,-76.0
1777892172.6793325,0.0,2.0,-77.0
1777892172.6893325,0.0,1.0,-74.0
1777892172.6993325,2.0,-1.0,-72.0
1777892172.7093325,0.0,0.0,-70.0
1777892172.7193325,-1.0,-2.0,-71.0
1777892172.7293324,1.0,-2.0,-60.0
1777892172.7393324,2.0,0.0,-58.0
1777892172.7493324,4.0,0.0,-60.0
1777892172.7593324,1.0,0.0,-65.0
1777892172.7693324,1.0,2.0,-67.0
1777892172.7793324,3.0,3.0,-64.0
1777892172.7893324,0.0,0.0,-66.0
1777892172.7993324,0.0,-1.0,-73.0
1777892172.8093324,-1.0,3.0,-77.0
1777892172.8193324,0.0,4.0,-77.0
1777892172.8293324,2.0,2.0,-80.0
1777892172.8393323,4.0,3.0,-78.0
1777892172.8493323,5.0,3.0,-78.0
1777892172.8593323,7.0,6.0,-83.0
1777892172.8693323,8.0,2.0,-80.0
1777892172.8793323,7.0,-1.0,-75.0
1777892172.8893323,4.0,-1.0,-79.0
1777892172.8993323,5.0,-2.0,-74.0
1777892172.9093325,9.0,-4.0,-70.0
1777892172.9193325,12.0,-2.0,-71.0
1777892172.9293325,11.0,-2.0,-75.0
1777892172.9393325,12.0,0.0,-72.0
1777892172.9493325,13.0,-3.0,-74.0
1777892172.9593325,15.0,0.0,-71.0
1777892172.9693325,12.0,-1.0,-69.0
1777892172.9793324,7.0,0.0,-68.0
1777892172.9893324,2.0,0.0,-68.0
1777892172.9993324,0.0,0.0,-75.0
1777892173.0093324,2.0,0.0,-71.0
1777892173.0193324,2.0,-3.0,-65.0
1777892173.0293324,2.0,-1.0,-68.0
1777892173.0393324,3.0,-1.0,-66.0
1777892173.0493324,7.0,0.0,-61.0
1777892173.0593324,7.0,-5.0,-65.0
1777892173.0693324,6.0,-6.0,-70.0
1777892173.0793324,4.0,-4.0,-73.0
1777892173.0893323,4.0,-5.0,-80.0
1777892173.0993323,8.0,-1.0,-85.0
1777892173.1093323,7.0,-2.0,-82.0
1777892173.1193323,1.0,0.0,-71.0
1777892173.1293323,1.0,-1.0,-67.0
1777892173.1393323,0.0,-4.0,-75.0
1777892173.1493323,1.0,-7.0,-72.0
1777892173.1593325,5.0,-6.0,-74.0
1777892173.1693325,3.0,-7.0,-78.0
1777892173.1793325,1.0,-7.0,-71.0
1777892173.1893325,5.0,-7.0,-69.0
1777892173.1993325,6.0,-2.0,-66.0
1777892173.2093325,-1.0,-1.0,-62.0
1777892173.2193325,0.0,-5.0,-60.0
1777892173.2293324,7.0,-8.0,-63.0
1777892173.2393324,8.0,-6.0,-63.0
1777892173.2493324,7.0,-5.0,-68.0
1777892173.2593324,2.0,-6.0,-73.0
1777892173.2693324,2.0,-7.0,-70.0
1777892173.2793324,1.0,-3.0,-70.0
1777892173.2893324,0.0,0.0,-67.0
1777892173.2993324,0.0,-1.0,-64.0
1777892173.3093324,-4.0,-2.0,-67.0
1777892173.3193324,-6.0,-1.0,-66.0
1777892173.3293324,-6.0,-1.0,-60.0
1777892173.3393323,-4.0,-1.0,-68.0
1777892173.3493323,2.0,-1.0,-66.0
1777892173.3593323,6.0,0.0,-70.0
1777892173.3693323,4.0,-2.0,-70.0
1777892173.3793323,7.0,0.0,-71.0
1777892173.3893323,5.0,-4.0,-65.0
1777892173.3993323,3.0,-1.0,-68.0
1777892173.4093325,2.0,-4.0,-63.0
1777892173.4193325,3.0,-7.0,-69.0
1777892173.4293325,3.0,-7.0,-72.0
1777892173.4393325,5.0,-5.0,-72.0
1777892173.4493325,7.0,-2.0,-73.0
1777892173.4593325,9.0,3.0,-72.0
1777892173.4693325,7.0,1.0,-71.0
1777892173.4793324,6.0,0.0,-70.0
1777892173.4893324,8.0,-2.0,-69.0
1777892173.5003324,11.0,-4.0,-70.0
1777892173.5103323,12.0,-7.0,-62.0
1777892173.5193324,9.0,-7.0,-64.0
1777892173.5303323,1.0,-2.0,-66.0
1777892173.5403323,2.0,-3.0,-65.0
1777892173.5503323,5.0,-4.0,-69.0
1777892173.5603323,6.0,-6.0,-73.0
1777892173.5703323,2.0,-4.0,-75.0
1777892173.5793324,2.0,-2.0,-71.0
1777892173.5903325,0.0,0.0,-73.0
1777892173.6003325,-1.0,-3.0,-73.0
1777892173.6103325,0.0,-3.0,-78.0
1777892173.6203325,0.0,-7.0,-82.0
1777892173.6303325,1.0,-1.0,-81.0
1777892173.6403325,-2.0,1.0,-78.0
1777892173.6503325,-7.0,1.0,-77.0
1777892173.6603324,-6.0,-1.0,-76.0
1777892173.6703324,3.0,-2.0,-69.0
1777892173.6803324,5.0,-3.0,-63.0
1777892173.6903324,4.0,-2.0,-62.0
1777892173.7003324,3.0,-2.0,-70.0
1777892173.7103324,4.0,-4.0,-72.0
1777892173.7203324,9.0,-6.0,-73.0
1777892173.7303324,6.0,-7.0,-72.0
1777892173.7403324,8.0,-6.0,-68.0
1777892173.7503324,10.0,-7.0,-71.0
1777892173.7603323,12.0,-5.0,-73.0
1777892173.7703323,11.0,-4.0,-80.0
1777892173.7803323,4.0,-1.0,-77.0
1777892173.7903323,6.0,-3.0,-72.0
1777892173.8003323,4.0,-1.0,-75.0
1777892173.8103323,5.0,0.0,-79.0
1777892173.8203323,5.0,-2.0,-79.0
1777892173.8303325,7.0,0.0,-78.0
1777892173.8403325,4.0,6.0,-77.0
1777892173.8503325,4.0,9.0,-75.0
1777892173.8603325,8.0,8.0,-74.0
1777892173.8703325,6.0,7.0,-71.0
1777892173.8803325,3.0,4.0,-74.0
1777892173.8903325,1.0,1.0,-76.0
1777892173.9003325,0.0,0.0,-71.0
1777892173.9103324,-1.0,-4.0,-73.0
1777892173.9203324,1.0,-7.0,-76.0
1777892173.9303324,2.0,-5.0,-77.0
1777892173.9403324,3.0,-7.0,-69.0
1777892173.9503324,5.0,-3.0,-68.0
1777892173.9603324,7.0,-2.0,-65.0
1777892173.9703324,6.0,-1.0,-68.0
1777892173.9803324,6.0,-3.0,-75.0
1777892173.9903324,9.0,-2.0,-74.0
1777892174.0003324,9.0,-3.0,-79.0
1777892174.0103323,9.0,-3.0,-80.0
1777892174.0203323,6.0,-4.0,-82.0
1777892174.0303323,1.0,-6.0,-82.0
1777892174.0403323,-5.0,-8.0,-79.0
1777892174.0503323,-8.0,-5.0,-79.0
1777892174.0603323,-6.0,-4.0,-78.0
1777892174.0703323,-7.0,0.0,-78.0
1777892174.0803325,-5.0,6.0,-88.0
1777892174.0903325,-1.0,4.0,-88.0
1777892174.1003325,0.0,2.0,-76.0
1777892174.1103325,3.0,1.0,-80.0
1777892174.1203325,6.0,-1.0,-73.0
1777892174.1303325,5.0,-3.0,-69.0
1777892174.1403325,2.0,-5.0,-72.0
1777892174.1503325,-1.0,-5.0,-71.0
1777892174.1603324,-4.0,-5.0,-68.0
1777892174.1703324,-1.0,-3.0,-68.0
1777892174.1803324,0.0,-5.0,-62.0
1777892174.1903324,0.0,-1.0,-60.0
1777892174.2003324,0.0,0.0,-59.0
1777892174.2103324,3.0,0.0,-62.0
1777892174.2203324,4.0,-2.0,-66.0
1777892174.2303324,4.0,-5.0,-67.0
1777892174.2403324,1.0,-1.0,-72.0
1777892174.2503324,-3.0,-4.0,-67.0
1777892174.2603323,-5.0,-3.0,-69.0
1777892174.2703323,-6.0,0.0,-71.0
1777892174.2803323,-4.0,0.0,-68.0
1777892174.2903323,-2.0,-2.0,-73.0
1777892174.3003323,0.0,2.0,-74.0
1777892174.3103323,1.0,4.0,-77.0
1777892174.3203323,5.0,3.0,-76.0
1777892174.3303325,7.0,0.0,-75.0
1777892174.3403325,5.0,0.0,-73.0
1777892174.3503325,1.0,-2.0,-64.0
1777892174.3603325,0.0,-2.0,-62.0
1777892174.3703325,0.0,-6.0,-60.0
1777892174.3803325,2.0,-6.0,-63.0
1777892174.3903325,0.0,0.0,-67.0
1777892174.4003325,-1.0,-2.0,-73.0
1777892174.4103324,-7.0,0.0,-77.0
1777892174.4203324,-6.0,0.0,-80.0
1777892174.4303324,-3.0,0.0,-75.0
1777892174.4403324,0.0,-1.0,-76.0
1777892174.4503324,4.0,-3.0,-67.0
1777892174.4603324,3.0,0.0,-69.0
1777892174.4703324,3.0,3.0,-77.0
1777892174.4803324,1.0,2.0,-83.0
1777892174.4903324,2.0,1.0,-84.0
1777892174.5003324,0.0,3.0,-77.0
1777892174.5103323,0.0,0.0,-76.0
1777892174.5203323,-2.0,1.0,-77.0
1777892174.5303323,-2.0,2.0,-82.0
1777892174.5403323,-4.0,-1.0,-76.0
1777892174.5503323,-5.0,0.0,-77.0
1777892174.5603323,-4.0,0.0,-69.0
1777892174.5703323,-2.0,-4.0,-72.0
1777892174.5803325,-2.0,-1.0,-78.0
1777892174.5903325,2.0,-1.0,-76.0
1777892174.6003325,2.0,-5.0,-73.0
1777892174.6103325,7.0,-5.0,-71.0
1777892174.6203325,6.0,-7.0,-74.0
1777892174.6303325,6.0,-6.0,-71.0
1777892174.6403325,5.0,-4.0,-71.0
1777892174.6503325,2.0,0.0,-77.0
1777892174.6603324,2.0,-3.0,-74.0
1777892174.6703324,2.0,-1.0,-76.0
1777892174.6803324,0.0,-5.0,-74.0
1777892174.6903324,1.0,-4.0,-84.0
1777892174.7003324,1.0,0.0,-78.0
1777892174.7103324,-3.0,0.0,-68.0
1777892174.7203324,-5.0,1.0,-68.0
1777892174.7303324,-2.0,0.0,-66.0
1777892174.7403324,3.0,0.0,-65.0
1777892174.7503324,7.0,0.0,-71.0
1777892174.7603323,2.0,1.0,-71.0
1777892174.7703323,0.0,0.0,-66.0
1777892174.7803323,-1.0,0.0,-73.0
1777892174.7903323,1.0,1.0,-74.0
1777892174.8003323,3.0,1.0,-78.0
1777892174.8103323,0.0,4.0,-70.0
1777892174.8203323,0.0,4.0,-65.0
1777892174.8303325,4.0,0.0,-64.0
1777892174.8403325,2.0,-3.0,-69.0
1777892174.8503325,2.0,0.0,-69.0
1777892174.8603325,-1.0,-2.0,-71.0
1777892174.8703325,0.0,-5.0,-79.0
1777892174.8803325,2.0,-8.0,-80.0
1777892174.8903325,6.0,-6.0,-79.0
1777892174.9003325,1.0,-3.0,-77.0
1777892174.9103324,0.0,0.0,-77.0
1777892174.9203324,1.0,-4.0,-82.0
1777892174.9303324,1.0,0.0,-80.0
1777892174.9403324,0.0,-2.0,-82.0
1777892174.9503324,-3.0,-6.0,-87.0
1777892174.9603324,-6.0,-7.0,-84.0
1777892174.9703324,-7.0,-9.0,-81.0
1777892174.9803324,0.0,-8.0,-77.0
1777892174.9903324,2.0,-4.0,-69.0
1777892175.0003324,7.0,-6.0,-70.0
1777892175.0103323,5.0,-7.0,-77.0
1777892175.0203323,6.0,-3.0,-73.0
1777892175.0303323,7.0,-5.0,-79.0
1777892175.0403323,8.0,-4.0,-78.0
1777892175.0503323,6.0,2.0,-78.0
1777892175.0603323,10.0,0.0,-76.0
1777892175.0703323,8.0,-2.0,-74.0
1777892175.0803325,3.0,-3.0,-74.0
1777892175.0903325,0.0,-2.0,-56.0
1777892175.1003325,-2.0,-4.0,-53.0
1777892175.1103325,-5.0,-3.0,-49.0
1777892175.1203325,-1.0,-4.0,-60.0
1777892175.1303325,0.0,-4.0,-62.0
1777892175.1403325,0.0,0.0,-57.0
1777892175.1503325,4.0,-2.0,-55.0
1777892175.1603324,5.0,0.0,-53.0
1777892175.1703324,0.0,-1.0,-56.0
1777892175.1803324,0.0,-4.0,-57.0
1777892175.1903324,2.0,-7.0,-68.0
1777892175.2003324,1.0,-4.0,-76.0
1777892175.2103324,3.0,0.0,-83.0
1777892175.2203324,2.0,-1.0,-82.0
1777892175.2303324,5.0,-3.0,-78.0
1777892175.2403324,0.0,-6.0,-80.0
1777892175.2503324,-7.0,-3.0,-83.0
1777892175.2603323,-4.0,-3.0,-82.0
1777892175.2703323,-1.0,-7.0,-85.0
1777892175.2803323,-2.0,-5.0,-84.0
1777892175.2903323,-6.0,-3.0,-82.0
1777892175.3003323,-7.0,-3.0,-83.0
1777892175.3103323,-1.0,0.0,-79.0
1777892175.3203323,-9.0,1.0,-73.0
1777892175.3303325,-11.0,-2.0,-77.0
1777892175.3403325,-5.0,-4.0,-79.0
1777892175.3503325,-1.0,-5.0,-80.0
1777892175.3603325,3.0,0.0,-75.0
1777892175.3703325,9.0,0.0,-72.0
1777892175.3803325,5.0,0.0,-66.0
1777892175.3903325,5.0,-2.0,-68.0
1777892175.4003325,3.0,3.0,-69.0
1777892175.4103324,3.0,3.0,-69.0
1777892175.4203324,0.0,2.0,-72.0
1777892175.4303324,1.0,-2.0,-67.0
1777892175.4413323,-1.0,-7.0,-68.0
1777892175.4503324,-3.0,-7.0,-69.0
1777892175.4603324,-2.0,-8.0,-73.0
1777892175.4703324,-6.0,-4.0,-78.0
1777892175.4813323,-3.0,-1.0,-81.0
1777892175.4913323,0.0,0.0,-79.0
1777892175.5013323,2.0,-1.0,-80.0
1777892175.5113325,1.0,0.0,-81.0
1777892175.5203323,-1.0,-1.0,-75.0
1777892175.5313325,2.0,-1.0,-74.0
1777892175.5413325,1.0,-1.0,-68.0
1777892175.5513325,4.0,0.0,-62.0
1777892175.5613325,3.0,2.0,-61.0
1777892175.5713325,2.0,0.0,-61.0
1777892175.5803325,5.0,-4.0,-62.0
1777892175.5913324,5.0,-3.0,-68.0
1777892175.6013324,6.0,-7.0,-77.0
1777892175.6113324,2.0,-5.0,-79.0
1777892175.6213324,2.0,-9.0,-81.0
1777892175.6313324,2.0,-11.0,-79.0
1777892175.6413324,4.0,-8.0,-75.0
1777892175.6513324,3.0,-5.0,-69.0
1777892175.6613324,3.0,-2.0,-76.0
1777892175.6713324,6.0,-6.0,-85.0
1777892175.6813323,6.0,-4.0,-89.0
1777892175.6913323,2.0,-5.0,-83.0
1777892175.7013323,0.0,0.0,-77.0
1777892175.7113323,2.0,0.0,-73.0
1777892175.7213323,0.0,0.0,-73.0
1777892175.7313323,1.0,1.0,-71.0
1777892175.7413323,3.0,0.0,-72.0
1777892175.7513323,1.0,-2.0,-74.0
1777892175.7613325,2.0,-2.0,-77.0
1777892175.7713325,4.0,-3.0,-74.0
1777892175.7813325,3.0,-5.0,-72.0
1777892175.7913325,2.0,-6.0,-76.0
1777892175.8013325,2.0,-3.0,-73.0
1777892175.8113325,7.0,-4.0,-73.0
1777892175.8213325,9.0,-4.0,-69.0
1777892175.8313324,9.0,0.0,-65.0
1777892175.8413324,7.0,2.0,-64.0
1777892175.8513324,10.0,0.0,-67.0
1777892175.8613324,5.0,1.0,-69.0
1777892175.8713324,3.0,5.0,-72.0
1777892175.8813324,0.0,4.0,-68.0
1777892175.8913324,2.0,4.0,-62.0
1777892175.9013324,2.0,9.0,-61.0
1777892175.9113324,3.0,10.0,-63.0
1777892175.9213324,0.0,12.0,-57.0
1777892175.9313323,2.0,7.0,-61.0
1777892175.9413323,0.0,6.0,-66.0
1777892175.9513323,0.0,3.0,-71.0
1777892175.9613323,0.0,0.0,-68.0
1777892175.9713323,0.0,0.0,-59.0
1777892175.9813323,0.0,0.0,-60.0
1777892175.9913323,0.0,2.0,-61.0
1777892176.0013323,0.0,0.0,-64.0
1777892176.0113325,-1.0,0.0,-71.0
1777892176.0213325,-1.0,1.0,-74.0
1777892176.0313325,1.0,2.0,-67.0
1777892176.0413325,5.0,4.0,-66.0
1777892176.0513325,4.0,1.0,-74.0
1777892176.0613325,8.0,-1.0,-75.0
1777892176.0713325,8.0,0.0,-69.0
1777892176.0813324,9.0,0.0,-70.0
1777892176.0913324,9.0,3.0,-75.0
1777892176.1013324,9.0,-1.0,-80.0
1777892176.1113324,9.0,-5.0,-81.0
1777892176.1213324,3.0,-6.0,-76.0
1777892176.1313324,5.0,0.0,-69.0
1777892176.1413324,6.0,0.0,-70.0
1777892176.1513324,7.0,-2.0,-66.0
1777892176.1613324,5.0,1.0,-65.0
1777892176.1713324,0.0,0.0,-69.0
1777892176.1813323,-1.0,0.0,-68.0
1777892176.1913323,1.0,0.0,-72.0
1777892176.2013323,1.0,-3.0,-76.0
1777892176.2113323,1.0,-2.0,-78.0
1777892176.2213323,0.0,0.0,-80.0
1777892176.2313323,3.0,-1.0,-80.0
1777892176.2413323,4.0,-1.0,-70.0
1777892176.2513323,5.0,-1.0,-58.0
1777892176.2613325,3.0,-2.0,-62.0
1777892176.2713325,0.0,1.0,-62.0
1777892176.2813325,-2.0,1.0,-64.0
1777892176.2913325,-4.0,-4.0,-64.0
1777892176.3013325,-3.0,-1.0,-64.0
1777892176.3113325,0.0,-1.0,-66.0
1777892176.3213325,0.0,-1.0,-72.0
1777892176.3313324,0.0,-4.0,-70.0
1777892176.3413324,3.0,-7.0,-69.0
1777892176.3513324,5.0,-5.0,-68.0
1777892176.3613324,5.0,-2.0,-75.0
1777892176.3713324,7.0,-2.0,-74.0
1777892176.3813324,6.0,-4.0,-69.0
1777892176.3913324,6.0,-7.0,-67.0
1777892176.4013324,5.0,-6.0,-78.0
1777892176.4113324,4.0,-4.0,-75.0
1777892176.4213324,5.0,-3.0,-76.0
1777892176.4313323,0.0,-6.0,-75.0
1777892176.4413323,4.0,-5.0,-74.0
1777892176.4513323,2.0,-9.0,-70.0
1777892176.4613323,4.0,-5.0,-73.0
1777892176.4713323,7.0,-2.0,-73.0
1777892176.4813323,2.0,-2.0,-72.0
1777892176.4913323,0.0,-1.0,-74.0
1777892176.5013323,0.0,-1.0,-74.0
1777892176.5113325,-1.0,1.0,-69.0
1777892176.5213325,-3.0,0.0,-67.0
1777892176.5313325,0.0,-2.0,-69.0
1777892176.5413325,0.0,1.0,-70.0
1777892176.5513325,5.0,2.0,-61.0
1777892176.5613325,-1.0,3.0,-62.0
1777892176.5713325,1.0,0.0,-65.0
1777892176.5813324,3.0,0.0,-62.0
1777892176.5913324,5.0,3.0,-63.0
1777892176.6013324,3.0,4.0,-67.0
1777892176.6113324,4.0,3.0,-66.0
1777892176.6213324,0.0,4.0,-72.0
1777892176.6313324,2.0,4.0,-68.0
1777892176.6413324,2.0,0.0,-72.0
1777892176.6513324,0.0,-2.0,-76.0
1777892176.6613324,-1.0,-2.0,-78.0
1777892176.6713324,-3.0,-3.0,-78.0
1777892176.6813323,-10.0,-4.0,-76.0
1777892176.6913323,-7.0,-3.0,-77.0
1777892176.7013323,-7.0,0.0,-84.0
1777892176.7113323,-3.0,1.0,-79.0
1777892176.7213323,-2.0,1.0,-77.0
1777892176.7313323,3.0,-1.0,-74.0
1777892176.7413323,2.0,-2.0,-74.0
1777892176.7513323,4.0,-2.0,-77.0
1777892176.7613325,6.0,0.0,-74.0
1777892176.7713325,5.0,-1.0,-71.0
1777892176.7813325,3.0,-1.0,-69.0
1777892176.7913325,-1.0,0.0,-73.0
1777892176.8013325,-3.0,1.0,-82.0
1777892176.8113325,-1.0,-1.0,-83.0
1777892176.8213325,1.0,-2.0,-75.0
1777892176.8313324,-5.0,-3.0,-66.0
1777892176.8413324,-7.0,-2.0,-69.0
1777892176.8513324,-2.0,-1.0,-70.0
1777892176.8613324,0.0,1.0,-67.0
1777892176.8713324,0.0,0.0,-69.0
1777892176.8813324,5.0,-1.0,-76.0
1777892176.8913324,6.0,-2.0,-79.0
1777892176.9013324,9.0,-5.0,-79.0
1777892176.9113324,7.0,-6.0,-74.0
1777892176.9213324,4.0,-6.0,-73.0
1777892176.9313323,2.0,-3.0,-79.0
1777892176.9413323,1.0,-1.0,-82.0
1777892176.9513323,-1.0,1.0,-76.0
1777892176.9613323,3.0,2.0,-71.0
1777892176.9713323,2.0,1.0,-69.0
1777892176.9813323,5.0,-2.0,-69.0
1777892176.9913323,2.0,-3.0,-75.0
1777892177.0013323,3.0,-5.0,-71.0
1777892177.0113325,0.0,-6.0,-65.0
1777892177.0213325,0.0,-7.0,-72.0
1777892177.0313325,0.0,-5.0,-76.0
1777892177.0413325,0.0,-3.0,-77.0
1777892177.0513325,0.0,-4.0,-71.0
1777892177.0613325,-3.0,-4.0,-70.0
1777892177.0713325,-3.0,-3.0,-67.0
1777892177.0813324,-2.0,-5.0,-58.0
1777892177.0913324,2.0,-9.0,-63.0
1777892177.1013324,1.0,-4.0,-64.0
1777892177.1113324,0.0,0.0,-65.0
1777892177.1213324,-2.0,1.0,-59.0
1777892177.1313324,-1.0,2.0,-58.0
1777892177.1413324,-3.0,5.0,-64.0
1777892177.1513324,-1.0,2.0,-62.0
1777892177.1613324,-1.0,-2.0,-72.0
1777892177.1713324,-5.0,-7.0,-73.0
1777892177.1813323,-3.0,-7.0,-76.0
1777892177.1913323,0.0,-5.0,-73.0
1777892177.2013323,-1.0,-4.0,-73.0
1777892177.2113323,-2.0,-4.0,-74.0
1777892177.2213323,0.0,-2.0,-72.0
1777892177.2313323,0.0,0.0,-69.0
1777892177.2413323,2.0,0.0,-71.0
1777892177.2513323,0.0,0.0,-69.0
1777892177.2613325,1.0,1.0,-70.0
1777892177.2713325,3.0,0.0,-69.0
1777892177.2813325,-1.0,1.0,-67.0
1777892177.2913325,-1.0,-2.0,-67.0
1777892177.3013325,1.0,-6.0,-64.0
1777892177.3113325,0.0,-10.0,-65.0
1777892177.3213325,1.0,-11.0,-65.0
1777892177.3313324,3.0,-6.0,-73.0
1777892177.3413324,0.0,-1.0,-65.0
1777892177.3513324,1.0,-1.0,-65.0
1777892177.3613324,1.0,0.0,-69.0
1777892177.3713324,0.0,2.0,-78.0
1777892177.3813324,2.0,0.0,-78.0
1777892177.3913324,0.0,0.0,-78.0
1777892177.4013324,1.0,0.0,-83.0
1777892177.4113324,1.0,-1.0,-85.0
1777892177.4213324,4.0,-2.0,-78.0
1777892177.4313323,0.0,-4.0,-72.0
1777892177.4413323,-2.0,-6.0,-69.0
1777892177.4513323,-1.0,-7.0,-69.0
1777892177.4613323,0.0,-10.0,-73.0
1777892177.4723325,0.0,-10.0,-74.0
1777892177.4823325,1.0,-9.0,-78.0
1777892177.4923325,2.0,-3.0,-80.0
1777892177.5023324,1.0,-5.0,-78.0
1777892177.5123324,2.0,-7.0,-78.0
1777892177.5223324,0.0,-4.0,-80.0
1777892177.5323324,1.0,-6.0,-84.0
1777892177.5423324,6.0,-5.0,-81.0
1777892177.5523324,4.0,-1.0,-78.0
1777892177.5623324,6.0,3.0,-78.0
1777892177.5723324,5.0,1.0,-71.0
1777892177.5823324,1.0,-3.0,-73.0
1777892177.5923324,3.0,-7.0,-77.0
1777892177.6023324,7.0,-4.0,-73.0
1777892177.6123323,5.0,0.0,-72.0
1777892177.6223323,3.0,5.0,-70.0
1777892177.6323323,8.0,1.0,-69.0
1777892177.6423323,7.0,0.0,-67.0
1777892177.6523323,7.0,0.0,-72.0
1777892177.6623323,3.0,-2.0,-74.0
1777892177.6723323,2.0,-2.0,-74.0
1777892177.6823325,6.0,5.0,-74.0
1777892177.6923325,4.0,7.0,-73.0
1777892177.7023325,3.0,6.0,-76.0
1777892177.7123325,1.0,3.0,-77.0
1777892177.7223325,2.0,-1.0,-79.0
1777892177.7323325,2.0,-6.0,-78.0
1777892177.7423325,3.0,-8.0,-81.0
1777892177.7523324,3.0,-10.0,-81.0
1777892177.7623324,3.0,-13.0,-77.0
1777892177.7723324,4.0,-10.0,-73.0
1777892177.7823324,2.0,-5.0,-69.0
1777892177.7923324,1.0,-4.0,-71.0
1777892177.8023324,-4.0,-2.0,-67.0
1777892177.8123324,-3.0,-3.0,-64.0
1777892177.8223324,-1.0,0.0,-63.0
1777892177.8323324,0.0,0.0,-58.0
1777892177.8423324,4.0,-1.0,-62.0
1777892177.8523324,-1.0,-2.0,-65.0
1777892177.8623323,2.0,-1.0,-69.0
1777892177.8723323,0.0,-3.0,-62.0
1777892177.8823323,-2.0,-6.0,-62.0
1777892177.8923323,-2.0,-4.0,-59.0
1777892177.9023323,-4.0,-5.0,-64.0
1777892177.9123323,0.0,-9.0,-61.0
1777892177.9223323,3.0,-12.0,-64.0
1777892177.9323325,3.0,-10.0,-74.0
1777892177.9423325,2.0,-8.0,-71.0
1777892177.9523325,2.0,-5.0,-74.0
1777892177.9623325,0.0,-6.0,-76.0
1777892177.9723325,-3.0,-1.0,-78.0
1777892177.9823325,-1.0,-3.0,-76.0
1777892177.9923325,0.0,-2.0,-73.0
1777892178.0023324,0.0,-1.0,-75.0
1777892178.0123324,0.0,-1.0,-70.0
1777892178.0223324,-3.0,-1.0,-71.0
1777892178.0323324,0.0,1.0,-74.0
1777892178.0423324,0.0,-2.0,-73.0
1777892178.0523324,2.0,-4.0,-72.0
1777892178.0623324,6.0,-4.0,-68.0
1777892178.0723324,5.0,-1.0,-69.0
1777892178.0823324,2.0,0.0,-76.0
1777892178.0923324,-3.0,0.0,-79.0
1777892178.1023324,3.0,0.0,-72.0
1777892178.1123323,4.0,3.0,-71.0
1777892178.1223323,7.0,3.0,-76.0
1777892178.1323323,4.0,6.0,-76.0
1777892178.1423323,9.0,0.0,-81.0
1777892178.1523323,11.0,-1.0,-81.0
1777892178.1623323,9.0,-2.0,-84.0
1777892178.1723323,7.0,-1.0,-83.0
1777892178.1823325,1.0,-3.0,-74.0
1777892178.1923325,1.0,-3.0,-72.0
1777892178.2023325,1.0,-2.0,-65.0
1777892178.2123325,4.0,0.0,-65.0
1777892178.2223325,3.0,1.0,-64.0
1777892178.2323325,2.0,-1.0,-68.0
1777892178.2423325,1.0,-4.0,-71.0
1777892178.2523324,-4.0,-2.0,-77.0
1777892178.2623324,-6.0,0.0,-73.0
1777892178.2723324,-11.0,-1.0,-72.0
1777892178.2823324,-6.0,-3.0,-67.0
1777892178.2923324,-6.0,-6.0,-74.0
1777892178.3023324,0.0,-8.0,-71.0
1777892178.3123324,3.0,-7.0,-66.0
1777892178.3223324,-3.0,-5.0,-68.0
1777892178.3323324,-6.0,-3.0,-72.0
1777892178.3423324,-2.0,-4.0,-75.0
1777892178.3523324,2.0,0.0,-75.0
1777892178.3623323,5.0,1.0,-78.0
1777892178.3723323,6.0,7.0,-73.0
1777892178.3823323,6.0,3.0,-75.0
1777892178.3923323,3.0,1.0,-78.0
1777892178.4023323,1.0,-1.0,-86.0
1777892178.4123323,0.0,0.0,-89.0
1777892178.4223323,2.0,5.0,-89.0
1777892178.4323325,0.0,6.0,-83.0
1777892178.4423325,-1.0,4.0,-81.0
1777892178.4523325,-1.0,5.0,-83.0
1777892178.4623325,-2.0,0.0,-85.0
1777892178.4723325,-1.0,-1.0,-85.0
1777892178.4823325,-1.0,-1.0,-78.0
1777892178.4923325,-2.0,0.0,-73.0
1777892178.5023324,2.0,-1.0,-73.0
1777892178.5123324,0.0,-1.0,-75.0
1777892178.5223324,0.0,-3.0,-72.0
1777892178.5323324,0.0,-5.0,-76.0
1777892178.5423324,2.0,-3.0,-79.0
1777892178.5523324,1.0,-3.0,-74.0
1777892178.5623324,-1.0,-3.0,-72.0
1777892178.5723324,-1.0,1.0,-76.0
1777892178.5823324,3.0,2.0,-71.0
1777892178.5923324,8.0,-1.0,-65.0
1777892178.6023324,5.0,-5.0,-65.0
1777892178.6123323,7.0,-5.0,-68.0
1777892178.6223323,8.0,-3.0,-69.0
1777892178.6323323,7.0,-1.0,-66.0
1777892178.6423323,4.0,-1.0,-67.0
1777892178.6523323,0.0,-2.0,-66.0
1777892178.6623323,2.0,-2.0,-67.0
1777892178.6723323,5.0,-1.0,-68.0
1777892178.6823325,9.0,-2.0,-66.0
1777892178.6923325,7.0,0.0,-63.0
1777892178.7023325,8.0,3.0,-64.0
1777892178.7123325,3.0,3.0,-60.0
1777892178.7223325,6.0,3.0,-64.0
1777892178.7323325,2.0,3.0,-62.0
1777892178.7423325,-1.0,3.0,-67.0
1777892178.7523324,-5.0,1.0,-76.0
1777892178.7623324,-3.0,0.0,-68.0
1777892178.7723324,6.0,-3.0,-68.0
1777892178.7823324,5.0,-4.0,-66.0
1777892178.7923324,3.0,-3.0,-68.0
1777892178.8023324,4.0,-2.0,-66.0
1777892178.8123324,2.0,-1.0,-74.0
1777892178.8223324,-1.0,3.0,-76.0
1777892178.8323324,4.0,3.0,-76.0
1777892178.8423324,3.0,4.0,-80.0
1777892178.8523324,-3.0,6.0,-74.0
1777892178.8623323,-1.0,2.0,-68.0
1777892178.8723323,-1.0,-1.0,-67.0
1777892178.8823323,1.0,-1.0,-72.0
1777892178.8923323,0.0,0.0,-70.0
1777892178.9023323,0.0,0.0,-70.0
1777892178.9123323,0.0,2.0,-71.0
1777892178.9223323,0.0,9.0,-70.0
1777892178.9323325,-2.0,7.0,-67.0
1777892178.9423325,0.0,5.0,-65.0
1777892178.9523325,-2.0,2.0,-68.0
1777892178.9623325,-8.0,3.0,-66.0
1777892178.9723325,-6.0,1.0,-63.0
1777892178.9823325,-3.0,0.0,-68.0
1777892178.9923325,-5.0,0.0,-69.0
1777892179.0023324,-4.0,-1.0,-73.0
1777892179.0123324,-2.0,4.0,-71.0
1777892179.0223324,0.0,4.0,-63.0
1777892179.0323324,0.0,5.0,-59.0
1777892179.0433323,0.0,6.0,-63.0
1777892179.0523324,0.0,4.0,-67.0
1777892179.0623324,1.0,0.0,-77.0
1777892179.0723324,3.0,-1.0,-78.0
1777892179.0823324,3.0,-1.0,-67.0
1777892179.0923324,-1.0,2.0,-60.0
1777892179.1023324,0.0,1.0,-66.0
1777892179.1123323,0.0,-3.0,-67.0
1777892179.1223323,0.0,-6.0,-72.0
1777892179.1323323,1.0,-3.0,-69.0
1777892179.1423323,4.0,0.0,-75.0
1777892179.1523323,3.0,5.0,-71.0
1777892179.1623323,3.0,3.0,-66.0
1777892179.1723323,2.0,1.0,-61.0
1777892179.1823325,3.0,1.0,-56.0
1777892179.1923325,2.0,-1.0,-63.0
1777892179.2023325,0.0,-1.0,-72.0
1777892179.2123325,-1.0,0.0,-73.0
1777892179.2223325,0.0,-3.0,-70.0
1777892179.2323325,0.0,-4.0,-66.0
1777892179.2423325,0.0,-7.0,-69.0
1777892179.2523324,0.0,-6.0,-61.0
1777892179.2623324,-4.0,-7.0,-64.0
1777892179.2723324,-6.0,-4.0,-66.0
1777892179.2823324,-2.0,-5.0,-68.0
1777892179.2923324,3.0,-8.0,-73.0
1777892179.3023324,2.0,-11.0,-67.0
1777892179.3123324,5.0,-11.0,-70.0
1777892179.3223324,0.0,-6.0,-71.0
1777892179.3323324,2.0,-7.0,-73.0
1777892179.3423324,3.0,-6.0,-76.0
1777892179.3523324,3.0,-6.0,-74.0
1777892179.3623323,5.0,-6.0,-73.0
1777892179.3723323,8.0,-3.0,-72.0
1777892179.3823323,8.0,0.0,-80.0
1777892179.3923323,5.0,0.0,-85.0
1777892179.4023323,5.0,2.0,-79.0
1777892179.4123323,10.0,2.0,-74.0
1777892179.4223323,10.0,3.0,-76.0
1777892179.4323325,8.0,-1.0,-73.0
1777892179.4423325,7.0,-3.0,-75.0
1777892179.4523325,6.0,-7.0,-77.0
1777892179.4633324,6.0,-7.0,-81.0
1777892179.4723325,6.0,-8.0,-81.0
1777892179.4833324,5.0,-5.0,-76.0
1777892179.4933324,3.0,-8.0,-74.0
1777892179.5023324,3.0,-5.0,-75.0
1777892179.5133324,6.0,-1.0,-72.0
1777892179.5233324,5.0,-3.0,-80.0
1777892179.5333323,2.0,-3.0,-76.0
1777892179.5433323,0.0,1.0,-78.0
1777892179.5533323,2.0,2.0,-80.0
1777892179.5633323,5.0,1.0,-84.0
1777892179.5733323,3.0,0.0,-81.0
1777892179.5833323,4.0,-7.0,-72.0
1777892179.5933323,1.0,-7.0,-74.0
1777892179.6033323,2.0,-6.0,-74.0
1777892179.6133325,3.0,-5.0,-74.0
1777892179.6233325,-2.0,-4.0,-72.0
1777892179.6333325,-1.0,0.0,-74.0
1777892179.6433325,-6.0,2.0,-72.0
1777892179.6533325,-4.0,3.0,-70.0
1777892179.6633325,-5.0,1.0,-68.0
1777892179.6733325,-4.0,1.0,-64.0
1777892179.6833324,-2.0,0.0,-62.0
1777892179.6933324,-2.0,0.0,-63.0
1777892179.7033324,0.0,4.0,-64.0
1777892179.7133324,-2.0,2.0,-62.0
1777892179.7233324,0.0,2.0,-65.0
1777892179.7333324,1.0,3.0,-67.0
1777892179.7433324,-4.0,0.0,-65.0
1777892179.7533324,-3.0,0.0,-66.0
1777892179.7633324,0.0,1.0,-69.0
1777892179.7733324,-3.0,3.0,-71.0
1777892179.7833323,-2.0,3.0,-74.0
1777892179.7933323,1.0,3.0,-79.0
1777892179.8033323,1.0,3.0,-84.0
1777892179.8133323,0.0,2.0,-85.0
1777892179.8233323,-2.0,1.0,-80.0
1777892179.8333323,0.0,3.0,-70.0
1777892179.8433323,2.0,3.0,-61.0
1777892179.8533323,6.0,2.0,-62.0
1777892179.8633325,7.0,3.0,-62.0
1777892179.8733325,7.0,3.0,-65.0
1777892179.8833325,5.0,3.0,-67.0
1777892179.8933325,4.0,4.0,-72.0
1777892179.9033325,4.0,4.0,-68.0
1777892179.9133325,5.0,0.0,-70.0
1777892179.9233325,2.0,-7.0,-67.0
1777892179.9333324,3.0,-5.0,-76.0
1777892179.9433324,0.0,-4.0,-78.0
1777892179.9533324,-6.0,0.0,-74.0
1777892179.9633324,-6.0,2.0,-71.0
1777892179.9733324,-7.0,3.0,-73.0
1777892179.9833324,-6.0,0.0,-73.0
1777892179.9933324,-8.0,-3.0,-74.0
1777892180.0033324,-3.0,0.0,-76.0
1777892180.0133324,-3.0,-1.0,-74.0
1777892180.0233324,0.0,0.0,-77.0
1777892180.0333323,1.0,-1.0,-74.0
1777892180.0433323,0.0,-1.0,-78.0
1777892180.0533323,0.0,0.0,-74.0
1777892180.0633323,0.0,3.0,-74.0
1777892180.0733323,2.0,1.0,-65.0
1777892180.0833323,3.0,-4.0,-62.0
1777892180.0933323,0.0,-5.0,-59.0
1777892180.1033323,-5.0,-5.0,-54.0
1777892180.1133325,-5.0,-2.0,-59.0
1777892180.1233325,-4.0,-2.0,-64.0
1777892180.1333325,-2.0,-2.0,-59.0
1777892180.1433325,-2.0,0.0,-65.0
1777892180.1533325,-7.0,1.0,-67.0
1777892180.1633325,-10.0,2.0,-63.0
1777892180.1733325,-8.0,2.0,-62.0
1777892180.1833324,-6.0,1.0,-56.0
1777892180.1933324,-4.0,2.0,-60.0
1777892180.2033324,-4.0,4.0,-57.0
1777892180.2133324,0.0,4.0,-60.0
1777892180.2233324,-2.0,2.0,-67.0
1777892180.2333324,1.0,5.0,-67.0
1777892180.2433324,0.0,7.0,-66.0
1777892180.2533324,-4.0,7.0,-70.0
1777892180.2633324,-1.0,6.0,-64.0
1777892180.2733324,-2.0,4.0,-61.0
1777892180.2833323,-4.0,0.0,-60.0
1777892180.2933323,-3.0,-6.0,-62.0
1777892180.3033323,1.0,-4.0,-67.0
1777892180.3133323,-2.0,-7.0,-70.0
1777892180.3233323,-4.0,-7.0,-75.0
1777892180.3333323,-1.0,-1.0,-71.0
1777892180.3433323,0.0,0.0,-67.0
1777892180.3533323,6.0,0.0,-69.0
1777892180.3633325,4.0,0.0,-65.0
1777892180.3733325,7.0,2.0,-64.0
1777892180.3833325,6.0,1.0,-65.0
1777892180.3933325,0.0,1.0,-65.0
1777892180.4033325,0.0,0.0,-63.0
1777892180.4133325,-1.0,-3.0,-67.0
1777892180.4233325,0.0,-3.0,-65.0
1777892180.4333324,2.0,-4.0,-69.0
1777892180.4433324,-2.0,-2.0,-69.0
1777892180.4533324,-3.0,-5.0,-66.0
1777892180.4633324,1.0,-2.0,-64.0
1777892180.4733324,8.0,-2.0,-59.0
1777892180.4833324,6.0,0.0,-62.0
1777892180.4933324,4.0,0.0,-61.0
1777892180.5033324,4.0,0.0,-63.0
1777892180.5133324,4.0,-2.0,-62.0
1777892180.5233324,6.0,-3.0,-64.0
1777892180.5333323,6.0,-8.0,-70.0
1777892180.5433323,5.0,-7.0,-72.0
1777892180.5533323,2.0,-7.0,-71.0
1777892180.5633323,1.0,-6.0,-69.0
1777892180.5733323,5.0,-2.0,-66.0
1777892180.5833323,4.0,-4.0,-67.0
1777892180.5933323,4.0,-3.0,-64.0
1777892180.6033323,4.0,-3.0,-67.0
1777892180.6133325,3.0,-2.0,-79.0
1777892180.6233325,0.0,0.0,-86.0
1777892180.6333325,1.0,-4.0,-81.0
1777892180.6433325,8.0,-9.0,-73.0
1777892180.6533325,7.0,-8.0,-72.0
1777892180.6633325,5.0,-6.0,-73.0
1777892180.6733325,3.0,-2.0,-73.0
1777892180.6833324,6.0,1.0,-71.0
1777892180.6933324,2.0,-2.0,-77.0
1777892180.7033324,-2.0,0.0,-77.0
1777892180.7133324,-2.0,2.0,-78.0
1777892180.7233324,-1.0,3.0,-72.0
1777892180.7333324,1.0,-3.0,-72.0
1777892180.7433324,0.0,-6.0,-74.0
1777892180.7533324,-5.0,-5.0,-68.0
1777892180.7633324,-7.0,-3.0,-65.0
1777892180.7733324,-4.0,2.0,-72.0
1777892180.7833323,0.0,-1.0,-74.0
1777892180.7933323,0.0,-1.0,-71.0
1777892180.8033323,2.0,-2.0,-70.0
1777892180.8133323,6.0,-3.0,-73.0
1777892180.8233323,4.0,-4.0,-73.0
1777892180.8333323,4.0,0.0,-75.0
1777892180.8433323,3.0,-3.0,-72.0
1777892180.8533323,-1.0,-4.0,-74.0
1777892180.8633325,-4.0,-3.0,-71.0
1777892180.8733325,-8.0,-3.0,-74.0
1777892180.8833325,-8.0,-2.0,-74.0
1777892180.8933325,-3.0,-1.0,-67.0
1777892180.9033325,0.0,-2.0,-63.0
1777892180.9133325,-2.0,0.0,-67.0
1777892180.9233325,-2.0,2.0,-68.0
1777892180.9333324,0.0,0.0,-69.0
1777892180.9433324,-2.0,2.0,-65.0
1777892180.9533324,0.0,1.0,-66.0
1777892180.9633324,4.0,2.0,-69.0
1777892180.9733324,0.0,5.0,-71.0
1777892180.9833324,-5.0,4.0,-64.0
1777892180.9933324,-7.0,0.0,-57.0
1777892181.0033324,-7.0,-1.0,-61.0
1777892181.0133324,-9.0,-3.0,-61.0
1777892181.0233324,-6.0,-3.0,-64.0
1777892181.0333323,-7.0,-4.0,-76.0
1777892181.0433323,-8.0,-8.0,-77.0
1777892181.0533323,-2.0,-3.0,-77.0
1777892181.0633323,-5.0,-3.0,-83.0
1777892181.0733323,-3.0,0.0,-78.0
1777892181.0833323,1.0,3.0,-85.0
1777892181.0933323,0.0,0.0,-82.0
1777892181.1033323,-4.0,2.0,-81.0
1777892181.1133325,1.0,2.0,-80.0
1777892181.1233325,3.0,0.0,-84.0
1777892181.1333325,0.0,1.0,-82.0
1777892181.1433325,0.0,0.0,-79.0
1777892181.1533325,0.0,1.0,-83.0
1777892181.1633325,2.0,-1.0,-83.0
1777892181.1733325,3.0,-1.0,-73.0
1777892181.1833324,1.0,-4.0,-71.0
1777892181.1933324,3.0,-5.0,-78.0
1777892181.2033324,0.0,-3.0,-76.0
1777892181.2133324,3.0,-2.0,-72.0
1777892181.2233324,0.0,-1.0,-70.0
1777892181.2333324,0.0,0.0,-71.0
1777892181.2433324,-2.0,-1.0,-57.0
1777892181.2533324,-2.0,-6.0,-59.0
1777892181.2633324,2.0,-6.0,-64.0
1777892181.2733324,5.0,-4.0,-68.0
1777892181.2833323,2.0,-3.0,-70.0
1777892181.2933323,0.0,0.0,-72.0
1777892181.3033323,0.0,0.0,-70.0
1777892181.3133323,1.0,4.0,-69.0
1777892181.3233323,-1.0,6.0,-81.0
1777892181.3333323,2.0,9.0,-81.0
1777892181.3433323,1.0,8.0,-79.0
1777892181.3533323,-2.0,1.0,-76.0
1777892181.3633325,-2.0,-5.0,-84.0
1777892181.3733325,-2.0,-5.0,-85.0
1777892181.3833325,-6.0,-1.0,-76.0
1777892181.3933325,-2.0,-1.0,-75.0
1777892181.4033325,0.0,-2.0,-73.0
1777892181.4133325,3.0,-2.0,-72.0
1777892181.4233325,2.0,-6.0,-71.0
1777892181.4333324,2.0,-6.0,-71.0
1777892181.4443324,1.0,-7.0,-68.0
1777892181.4543324,1.0,-3.0,-66.0
1777892181.4643323,-1.0,-3.0,-64.0
1777892181.4743323,-2.0,-5.0,-65.0
1777892181.4843323,-3.0,-3.0,-63.0
1777892181.4943323,-4.0,-4.0,-67.0
1777892181.5043323,-5.0,0.0,-73.0
1777892181.5143323,-4.0,1.0,-70.0
1777892181.5243323,-1.0,1.0,-65.0
1777892181.5343325,2.0,-1.0,-70.0
1777892181.5443325,1.0,-2.0,-70.0
1777892181.5543325,-3.0,-3.0,-69.0
1777892181.5643325,-6.0,-1.0,-74.0
1777892181.5743325,-2.0,1.0,-77.0
1777892181.5843325,0.0,0.0,-74.0
1777892181.5943325,2.0,-1.0,-71.0
1777892181.6043324,4.0,-2.0,-67.0
1777892181.6143324,4.0,-2.0,-69.0
1777892181.6243324,3.0,-4.0,-72.0
1777892181.6343324,2.0,-7.0,-76.0
1777892181.6443324,-2.0,-6.0,-83.0
1777892181.6543324,-3.0,-4.0,-83.0
1777892181.6643324,-4.0,-9.0,-79.0
1777892181.6743324,-3.0,-10.0,-78.0
1777892181.6843324,-1.0,-11.0,-77.0
1777892181.6943324,-3.0,-8.0,-72.0
1777892181.7043324,-2.0,-4.0,-59.0
1777892181.7143323,-3.0,-3.0,-59.0
1777892181.7243323,-4.0,-5.0,-60.0
1777892181.7343323,-4.0,-1.0,-61.0
1777892181.7443323,-6.0,5.0,-65.0
1777892181.7543323,-8.0,2.0,-72.0
1777892181.7643323,-6.0,0.0,-72.0
1777892181.7743323,-1.0,-1.0,-76.0
1777892181.7843325,0.0,1.0,-75.0
1777892181.7943325,0.0,0.0,-75.0
1777892181.8043325,-5.0,0.0,-68.0
1777892181.8143325,-6.0,1.0,-71.0
1777892181.8243325,-6.0,2.0,-75.0
1777892181.8343325,-7.0,0.0,-79.0
1777892181.8443325,-5.0,-2.0,-75.0
1777892181.8543324,-3.0,0.0,-76.0
1777892181.8643324,2.0,0.0,-79.0
1777892181.8743324,3.0,0.0,-75.0
1777892181.8843324,4.0,-2.0,-75.0
1777892181.8943324,3.0,0.0,-68.0
1777892181.9043324,6.0,0.0,-62.0
1777892181.9143324,3.0,0.0,-61.0
1777892181.9243324,4.0,-1.0,-61.0
1777892181.9343324,5.0,-1.0,-67.0
1777892181.9443324,-1.0,-5.0,-73.0
1777892181.9543324,2.0,-2.0,-79.0
1777892181.9643323,3.0,0.0,-79.0
1777892181.9743323,4.0,-1.0,-77.0
1777892181.9843323,3.0,-2.0,-78.0
1777892181.9943323,3.0,-1.0,-75.0
1777892182.0043323,6.0,-1.0,-77.0
1777892182.0143323,5.0,3.0,-80.0
1777892182.0243323,5.0,0.0,-75.0
1777892182.0343325,5.0,0.0,-75.0
1777892182.0443325,1.0,-5.0,-80.0
1777892182.0543325,7.0,-2.0,-79.0
1777892182.0643325,10.0,0.0,-78.0
1777892182.0743325,11.0,2.0,-76.0
1777892182.0843325,12.0,1.0,-76.0
1777892182.0943325,8.0,3.0,-77.0
1777892182.1043324,11.0,6.0,-74.0
1777892182.1143324,11.0,3.0,-72.0
1777892182.1243324,4.0,0.0,-66.0
1777892182.1343324,2.0,-1.0,-59.0
1777892182.1443324,-4.0,1.0,-60.0
1777892182.1543324,-6.0,6.0,-65.0
1777892182.1643324,-1.0,4.0,-66.0
1777892182.1743324,-3.0,3.0,-67.0
1777892182.1843324,-1.0,0.0,-64.0
1777892182.1943324,1.0,0.0,-64.0
1777892182.2043324,-1.0,5.0,-72.0
1777892182.2143323,-2.0,5.0,-70.0
1777892182.2243323,-2.0,5.0,-73.0
1777892182.2343323,-5.0,5.0,-73.0
1777892182.2443323,-4.0,7.0,-76.0
1777892182.2543323,-7.0,5.0,-76.0
1777892182.2643323,-9.0,2.0,-76.0
1777892182.2743323,-6.0,1.0,-74.0
1777892182.2843325,-12.0,1.0,-80.0
1777892182.2943325,-7.0,2.0,-79.0
1777892182.3043325,-6.0,1.0,-74.0
1777892182.3143325,-4.0,2.0,-68.0
1777892182.3243325,-3.0,0.0,-68.0
1777892182.3343325,-4.0,-5.0,-70.0
1777892182.3443325,-5.0,-12.0,-70.0
1777892182.3543324,-4.0,-9.0,-73.0
1777892182.3643324,-4.0,-3.0,-67.0
1777892182.3743324,-7.0,-2.0,-65.0
1777892182.3843324,-5.0,0.0,-59.0
1777892182.3943324,1.0,-3.0,-66.0
1777892182.4043324,0.0,-3.0,-70.0
1777892182.4143324,4.0,-4.0,-69.0
1777892182.4243324,5.0,-3.0,-67.0
1777892182.4343324,1.0,0.0,-56.0
1777892182.4443324,-2.0,0.0,-61.0
1777892182.4543324,0.0,1.0,-65.0
1777892182.4643323,1.0,4.0,-75.0
1777892182.4743323,0.0,0.0,-76.0
1777892182.4843323,2.0,-3.0,-74.0
1777892182.4943323,4.0,-1.0,-75.0
1777892182.5043323,3.0,0.0,-68.0
1777892182.5143323,0.0,-3.0,-65.0
1777892182.5243323,-1.0,-6.0,-71.0
1777892182.5343325,-6.0,-5.0,-75.0
1777892182.5443325,-2.0,-3.0,-79.0
1777892182.5543325,-2.0,-3.0,-72.0
1777892182.5643325,0.0,-1.0,-71.0
1777892182.5743325,-4.0,1.0,-79.0
1777892182.5843325,-6.0,-4.0,-76.0
1777892182.5943325,-7.0,-5.0,-75.0
1777892182.6043324,-7.0,-7.0,-68.0
1777892182.6143324,-7.0,-7.0,-63.0
1777892182.6243324,-2.0,-8.0,-61.0
1777892182.6343324,-2.0,-8.0,-62.0
1777892182.6443324,-3.0,-7.0,-64.0
1777892182.6543324,-1.0,-6.0,-65.0
1777892182.6643324,-1.0,-3.0,-73.0
1777892182.6743324,-3.0,1.0,-73.0
1777892182.6843324,0.0,-2.0,-70.0
1777892182.6943324,-2.0,-4.0,-61.0
1777892182.7043324,-2.0,-5.0,-61.0
1777892182.7143323,-2.0,1.0,-64.0
1777892182.7243323,-1.0,1.0,-62.0
1777892182.7343323,0.0,1.0,-58.0
1777892182.7443323,-2.0,0.0,-66.0
1777892182.7543323,-1.0,0.0,-69.0
1777892182.7643323,-1.0,1.0,-71.0
1777892182.7743323,2.0,-1.0,-73.0
1777892182.7843325,3.0,-2.0,-69.0
1777892182.7943325,5.0,-2.0,-66.0
1777892182.8043325,2.0,-4.0,-67.0
1777892182.8143325,-1.0,-3.0,-63.0
1777892182.8243325,-2.0,-2.0,-62.0
1777892182.8343325,-4.0,-3.0,-63.0
1777892182.8443325,-3.0,-2.0,-64.0
1777892182.8543324,0.0,-5.0,-63.0
1777892182.8643324,-1.0,-7.0,-64.0
1777892182.8743324,0.0,-6.0,-61.0
1777892182.8843324,-2.0,-7.0,-62.0
1777892182.8943324,0.0,-5.0,-65.0
1777892182.9043324,0.0,-2.0,-68.0
1777892182.9143324,1.0,-1.0,-63.0
1777892182.9243324,2.0,-3.0,-73.0
1777892182.9343324,-1.0,-3.0,-70.0
1777892182.9443324,0.0,-3.0,-67.0
1777892182.9543324,6.0,-1.0,-72.0
1777892182.9643323,10.0,1.0,-73.0
1777892182.9743323,8.0,3.0,-64.0
1777892182.9843323,5.0,2.0,-64.0
1777892182.9943323,8.0,0.0,-70.0
1777892183.0043323,6.0,-2.0,-75.0
1777892183.0143323,2.0,-1.0,-72.0
1777892183.0243323,3.0,1.0,-77.0
1777892183.0343325,1.0,1.0,-72.0
1777892183.0443325,-1.0,1.0,-70.0
1777892183.0543325,2.0,4.0,-69.0
1777892183.0643325,0.0,1.0,-71.0
1777892183.0743325,0.0,1.0,-82.0
1777892183.0843325,1.0,6.0,-82.0
1777892183.0943325,3.0,4.0,-77.0
1777892183.1043324,3.0,6.0,-65.0
1777892183.1143324,3.0,6.0,-66.0
1777892183.1243324,1.0,6.0,-69.0
1777892183.1343324,6.0,0.0,-71.0
1777892183.1443324,2.0,1.0,-67.0
1777892183.1543324,4.0,6.0,-64.0
1777892183.1643324,0.0,1.0,-65.0
1777892183.1743324,-1.0,3.0,-72.0
1777892183.1843324,-1.0,0.0,-73.0
1777892183.1943324,0.0,-5.0,-76.0
1777892183.2043324,0.0,-7.0,-81.0
1777892183.2143323,2.0,-4.0,-73.0
1777892183.2243323,-3.0,-7.0,-72.0
1777892183.2343323,-3.0,-1.0,-76.0
1777892183.2443323,2.0,-2.0,-79.0
1777892183.2543323,6.0,-3.0,-77.0
1777892183.2643323,4.0,-6.0,-74.0
1777892183.2743323,2.0,0.0,-71.0
1777892183.2843325,2.0,-2.0,-67.0
1777892183.2943325,0.0,-1.0,-74.0
1777892183.3043325,0.0,-2.0,-73.0
1777892183.3143325,0.0,-5.0,-76.0
1777892183.3243325,0.0,-6.0,-80.0
1777892183.3343325,0.0,-7.0,-81.0
1777892183.3443325,0.0,-11.0,-75.0
1777892183.3543324,0.0,-7.0,-68.0
1777892183.3643324,1.0,-4.0,-69.0
1777892183.3743324,4.0,-4.0,-79.0
1777892183.3843324,0.0,-6.0,-79.0
1777892183.3943324,1.0,-9.0,-80.0
1777892183.4043324,1.0,-5.0,-75.0
1777892183.4143324,4.0,-6.0,-73.0
1777892183.4253323,8.0,-6.0,-71.0
1777892183.4343324,12.0,-9.0,-70.0
1777892183.4453323,10.0,-4.0,-69.0
1777892183.4553325,12.0,-2.0,-71.0
1777892183.4653325,11.0,-4.0,-76.0
1777892183.4753325,4.0,-5.0,-70.0
1777892183.4853325,2.0,-5.0,-68.0
1777892183.4953325,3.0,-4.0,-67.0
1777892183.5053325,-2.0,-1.0,-71.0
1777892183.5153325,0.0,-1.0,-74.0
1777892183.5253325,-4.0,-2.0,-73.0
1777892183.5353324,-4.0,-5.0,-72.0
1777892183.5453324,-3.0,-10.0,-75.0
1777892183.5553324,0.0,-13.0,-78.0
1777892183.5653324,0.0,-12.0,-76.0
1777892183.5753324,3.0,-7.0,-76.0
1777892183.5853324,0.0,-5.0,-71.0
1777892183.5953324,0.0,-8.0,-68.0
1777892183.6053324,4.0,-9.0,-73.0
1777892183.6153324,2.0,-8.0,-68.0
1777892183.6253324,4.0,-4.0,-64.0
1777892183.6353323,5.0,-3.0,-62.0
1777892183.6453323,3.0,-5.0,-69.0
1777892183.6553323,4.0,-1.0,-71.0
1777892183.6653323,4.0,-1.0,-67.0
1777892183.6753323,5.0,0.0,-73.0
1777892183.6853323,1.0,2.0,-75.0
1777892183.6953323,0.0,0.0,-73.0
1777892183.7053325,0.0,2.0,-71.0
1777892183.7153325,-1.0,0.0,-74.0
1777892183.7253325,0.0,1.0,-79.0
1777892183.7353325,3.0,1.0,-79.0
1777892183.7453325,3.0,0.0,-79.0
1777892183.7553325,-4.0,0.0,-77.0
1777892183.7653325,-3.0,1.0,-76.0
1777892183.7753325,-1.0,2.0,-77.0
1777892183.7853324,1.0,2.0,-69.0
1777892183.7953324,4.0,2.0,-65.0
1777892183.8053324,2.0,1.0,-65.0
1777892183.8153324,0.0,0.0,-64.0
1777892183.8253324,-1.0,0.0,-65.0
1777892183.8353324,-1.0,0.0,-63.0
1777892183.8453324,1.0,1.0,-69.0
1777892183.8553324,0.0,6.0,-72.0
1777892183.8653324,0.0,6.0,-72.0
1777892183.8753324,-2.0,5.0,-74.0
1777892183.8853323,-4.0,1.0,-71.0
1777892183.8953323,-2.0,3.0,-67.0
1777892183.9053323,1.0,3.0,-69.0
1777892183.9153323,-2.0,0.0,-66.0
1777892183.9253323,-6.0,0.0,-64.0
1777892183.9353323,-7.0,-1.0,-69.0
1777892183.9453323,-6.0,-3.0,-71.0
1777892183.9553325,-9.0,-3.0,-72.0
1777892183.9653325,-4.0,-2.0,-69.0
1777892183.9753325,-3.0,-3.0,-72.0
1777892183.9853325,0.0,-5.0,-77.0
1777892183.9953325,0.0,-7.0,-70.0
1777892184.0053325,1.0,-6.0,-62.0
1777892184.0153325,0.0,-6.0,-69.0
1777892184.0253325,0.0,-4.0,-72.0
1777892184.0353324,-1.0,-2.0,-71.0
1777892184.0453324,0.0,-2.0,-69.0
1777892184.0553324,1.0,-2.0,-73.0
1777892184.0653324,2.0,0.0,-74.0
1777892184.0753324,-6.0,0.0,-68.0
1777892184.0853324,-1.0,0.0,-70.0
1777892184.0953324,-1.0,0.0,-67.0
1777892184.1053324,-1.0,2.0,-70.0
1777892184.1153324,-1.0,3.0,-74.0
1777892184.1253324,0.0,-1.0,-79.0
1777892184.1353323,0.0,-2.0,-77.0
1777892184.1453323,-1.0,-3.0,-75.0
1777892184.1553323,0.0,0.0,-78.0
1777892184.1653323,0.0,-5.0,-75.0
1777892184.1753323,-1.0,-5.0,-74.0
1777892184.1853323,-2.0,-4.0,-74.0
1777892184.1953323,-2.0,-7.0,-78.0
1777892184.2053325,-2.0,-8.0,-72.0
1777892184.2153325,-1.0,-5.0,-71.0
1777892184.2253325,-1.0,-1.0,-63.0
1777892184.2353325,-4.0,0.0,-68.0
1777892184.2453325,-4.0,-2.0,-73.0
1777892184.2553325,-2.0,-10.0,-74.0
1777892184.2653325,0.0,-5.0,-78.0
1777892184.2753325,-2.0,-7.0,-74.0
1777892184.2853324,0.0,-2.0,-68.0
1777892184.2953324,4.0,-2.0,-73.0
1777892184.3053324,6.0,-2.0,-78.0
1777892184.3153324,3.0,-1.0,-70.0
1777892184.3253324,5.0,-5.0,-66.0
1777892184.3353324,5.0,-2.0,-62.0
1777892184.3453324,3.0,-3.0,-60.0
1777892184.3553324,2.0,-5.0,-59.0
1777892184.3653324,4.0,-5.0,-60.0
1777892184.3753324,3.0,-7.0,-59.0
1777892184.3853323,2.0,-5.0,-56.0
1777892184.3953323,-1.0,0.0,-58.0
1777892184.4053323,-4.0,0.0,-64.0
1777892184.4153323,-5.0,-3.0,-68.0
1777892184.4253323,-8.0,-4.0,-71.0
1777892184.4353323,-7.0,-1.0,-65.0
1777892184.4453323,-7.0,-4.0,-63.0
1777892184.4553325,-4.0,-2.0,-65.0
1777892184.4653325,-4.0,0.0,-64.0
1777892184.4753325,-4.0,-1.0,-68.0
1777892184.4853325,-5.0,-5.0,-67.0
1777892184.4953325,-2.0,-5.0,-70.0
1777892184.5053325,-3.0,-7.0,-75.0
1777892184.5153325,-3.0,-4.0,-76.0
1777892184.5253325,-2.0,-2.0,-69.0
1777892184.5353324,0.0,0.0,-66.0
1777892184.5453324,-2.0,0.0,-69.0
1777892184.5553324,-1.0,-4.0,-70.0
1777892184.5653324,1.0,-2.0,-71.0
1777892184.5753324,0.0,-2.0,-71.0
1777892184.5853324,-3.0,-1.0,-65.0
1777892184.5953324,-2.0,0.0,-65.0
1777892184.6053324,-1.0,-3.0,-67.0
1777892184.6153324,0.0,-3.0,-71.0
1777892184.6253324,0.0,-1.0,-77.0
1777892184.6353323,0.0,-4.0,-73.0
1777892184.6453323,-2.0,-3.0,-70.0
1777892184.6553323,5.0,-2.0,-71.0
1777892184.6653323,7.0,0.0,-67.0
1777892184.6753323,9.0,4.0,-62.0
1777892184.6853323,4.0,5.0,-73.0
1777892184.6953323,4.0,2.0,-71.0
1777892184.7053325,3.0,0.0,-70.0
1777892184.7153325,2.0,3.0,-74.0
1777892184.7253325,3.0,7.0,-68.0
1777892184.7353325,3.0,2.0,-69.0
1777892184.7453325,-2.0,0.0,-72.0
1777892184.7553325,0.0,0.0,-70.0
1777892184.7653325,-3.0,-3.0,-71.0
1777892184.7753325,-3.0,-5.0,-75.0
1777892184.7853324,2.0,-6.0,-77.0
1777892184.7953324,5.0,-8.0,-81.0
1777892184.8053324,1.0,-9.0,-75.0
1777892184.8153324,0.0,-11.0,-75.0
1777892184.8253324,0.0,-9.0,-77.0
1777892184.8353324,0.0,-8.0,-81.0
1777892184.8453324,0.0,-9.0,-71.0
1777892184.8553324,-2.0,-13.0,-68.0
1777892184.8653324,-1.0,-13.0,-67.0
1777892184.8753324,0.0,-10.0,-70.0
1777892184.8853323,2.0,-12.0,-73.0
1777892184.8953323,0.0,-13.0,-69.0
1777892184.9053323,3.0,-13.0,-67.0
1777892184.9153323,7.0,-4.0,-68.0
1777892184.9253323,5.0,-3.0,-61.0
1777892184.9353323,0.0,0.0,-65.0
1777892184.9453323,0.0,-2.0,-67.0
1777892184.9553325,1.0,-4.0,-65.0
1777892184.9653325,4.0,0.0,-61.0
1777892184.9753325,7.0,1.0,-65.0
1777892184.9853325,3.0,1.0,-62.0
1777892184.9953325,7.0,6.0,-59.0
1777892185.0053325,14.0,8.0,-58.0
1777892185.0153325,9.0,5.0,-56.0
1777892185.0253325,4.0,3.0,-68.0
1777892185.0353324,0.0,2.0,-72.0
1777892185.0453324,0.0,2.0,-74.0
1777892185.0553324,1.0,3.0,-67.0
1777892185.0653324,0.0,3.0,-61.0
1777892185.0753324,0.0,6.0,-61.0
1777892185.0853324,0.0,8.0,-60.0
1777892185.0953324,-1.0,6.0,-63.0
1777892185.1053324,-3.0,3.0,-66.0
1777892185.1153324,-6.0,0.0,-67.0
1777892185.1253324,-5.0,1.0,-64.0
1777892185.1353323,-2.0,5.0,-61.0
1777892185.1453323,1.0,4.0,-60.0
1777892185.1553323,-1.0,-1.0,-63.0
1777892185.1653323,-3.0,1.0,-64.0
1777892185.1753323,0.0,1.0,-65.0
1777892185.1853323,-5.0,2.0,-71.0
1777892185.1953323,-7.0,2.0,-74.0
1777892185.2053325,-5.0,1.0,-75.0
1777892185.2153325,-8.0,4.0,-73.0
1777892185.2253325,-4.0,4.0,-73.0
1777892185.2353325,-1.0,4.0,-70.0
1777892185.2453325,-2.0,0.0,-71.0
1777892185.2553325,-6.0,-1.0,-72.0
1777892185.2653325,-4.0,-2.0,-81.0
1777892185.2753325,-3.0,1.0,-71.0
1777892185.2853324,-2.0,0.0,-71.0
1777892185.2953324,-5.0,-5.0,-72.0
1777892185.3053324,-5.0,-4.0,-68.0
1777892185.3153324,-2.0,0.0,-64.0
1777892185.3253324,1.0,0.0,-64.0
1777892185.3353324,2.0,-2.0,-69.0
1777892185.3453324,0.0,1.0,-78.0
1777892185.3553324,0.0,-2.0,-81.0
1777892185.3653324,1.0,-2.0,-85.0
1777892185.3753324,1.0,-1.0,-80.0
1777892185.3853323,4.0,-3.0,-73.0
1777892185.3953323,5.0,0.0,-80.0
1777892185.4053323,6.0,-2.0,-76.0
1777892185.4163325,2.0,-6.0,-76.0
1777892185.4253323,1.0,-12.0,-72.0
1777892185.4363325,5.0,-6.0,-67.0
1777892185.4463325,4.0,-1.0,-65.0
1777892185.4563324,6.0,0.0,-59.0
1777892185.4663324,7.0,0.0,-66.0
1777892185.4763324,4.0,-3.0,-77.0
1777892185.4863324,0.0,-5.0,-77.0
1777892185.4963324,-2.0,-3.0,-79.0
1777892185.5063324,-1.0,-6.0,-74.0
1777892185.5163324,-1.0,-2.0,-70.0
1777892185.5263324,1.0,-2.0,-67.0
1777892185.5363324,0.0,-2.0,-65.0
1777892185.5463324,-3.0,0.0,-65.0
1777892185.5563323,-2.0,2.0,-70.0
1777892185.5663323,2.0,-2.0,-75.0
1777892185.5763323,0.0,-5.0,-71.0
1777892185.5863323,2.0,-2.0,-70.0
1777892185.5963323,4.0,-3.0,-74.0
1777892185.6063323,1.0,-6.0,-73.0
1777892185.6163323,-2.0,-1.0,-73.0
1777892185.6263323,-2.0,-2.0,-73.0
1777892185.6363325,1.0,-2.0,-71.0
1777892185.6463325,1.0,-4.0,-64.0
1777892185.6563325,0.0,-2.0,-57.0
1777892185.6663325,0.0,0.0,-62.0
1777892185.6763325,4.0,0.0,-69.0
1777892185.6863325,0.0,-5.0,-69.0
1777892185.6963325,3.0,-7.0,-66.0
1777892185.7063324,8.0,-6.0,-64.0
1777892185.7163324,9.0,-5.0,-63.0
1777892185.7263324,11.0,-9.0,-65.0
1777892185.7363324,7.0,-10.0,-72.0
1777892185.7463324,6.0,-12.0,-82.0
1777892185.7563324,4.0,-7.0,-67.0
1777892185.7663324,2.0,-4.0,-72.0
1777892185.7763324,6.0,-8.0,-74.0
1777892185.7863324,9.0,-10.0,-71.0
1777892185.7963324,8.0,-7.0,-65.0
1777892185.8063323,4.0,-3.0,-59.0
1777892185.8163323,4.0,-1.0,-58.0
1777892185.8263323,2.0,0.0,-60.0
1777892185.8363323,3.0,0.0,-64.0
1777892185.8463323,4.0,0.0,-60.0
1777892185.8563323,4.0,1.0,-66.0
1777892185.8663323,2.0,3.0,-67.0
1777892185.8763323,0.0,-3.0,-70.0
1777892185.8863325,1.0,-2.0,-74.0
1777892185.8963325,2.0,0.0,-74.0
1777892185.9063325,2.0,0.0,-73.0
1777892185.9163325,4.0,-3.0,-70.0
1777892185.9263325,3.0,-5.0,-67.0
1777892185.9363325,0.0,-2.0,-64.0
1777892185.9463325,-2.0,0.0,-64.0
1777892185.9563324,0.0,0.0,-63.0
1777892185.9663324,2.0,1.0,-62.0
1777892185.9763324,0.0,-3.0,-73.0
1777892185.9863324,4.0,-5.0,-76.0
1777892185.9963324,6.0,-6.0,-73.0
1777892186.0063324,2.0,-6.0,-71.0
1777892186.0163324,3.0,-1.0,-68.0
1777892186.0263324,8.0,3.0,-64.0
1777892186.0363324,10.0,-2.0,-61.0
1777892186.0463324,10.0,0.0,-71.0
1777892186.0563323,6.0,5.0,-77.0
1777892186.0663323,5.0,6.0,-75.0
1777892186.0763323,3.0,6.0,-74.0
1777892186.0863323,3.0,4.0,-74.0
1777892186.0963323,3.0,1.0,-80.0
1777892186.1063323,2.0,0.0,-75.0
1777892186.1163323,0.0,-2.0,-72.0
1777892186.1263323,1.0,0.0,-68.0
1777892186.1363325,1.0,1.0,-63.0
1777892186.1463325,8.0,0.0,-60.0
1777892186.1563325,1.0,-2.0,-65.0
1777892186.1663325,4.0,0.0,-63.0
1777892186.1763325,3.0,0.0,-58.0
1777892186.1863325,0.0,1.0,-60.0
1777892186.1963325,-3.0,-1.0,-60.0
1777892186.2063324,-5.0,-1.0,-63.0
1777892186.2163324,-6.0,-1.0,-71.0
1777892186.2263324,-5.0,-6.0,-75.0
1777892186.2363324,-3.0,-6.0,-77.0
1777892186.2463324,-6.0,0.0,-72.0
1777892186.2563324,-5.0,-4.0,-80.0
1777892186.2663324,-8.0,-5.0,-76.0
1777892186.2763324,-10.0,-3.0,-72.0
1777892186.2863324,-9.0,0.0,-63.0
1777892186.2963324,-9.0,0.0,-63.0
1777892186.3063323,-6.0,1.0,-65.0
1777892186.3163323,-1.0,-2.0,-72.0
1777892186.3263323,-1.0,-4.0,-67.0
1777892186.3363323,0.0,-3.0,-61.0
1777892186.3463323,-6.0,-1.0,-54.0
1777892186.3563323,-3.0,-1.0,-55.0
1777892186.3663323,-3.0,0.0,-62.0
1777892186.3763323,-7.0,2.0,-62.0
1777892186.3863325,-7.0,0.0,-72.0
1777892186.3963325,-5.0,2.0,-70.0
1777892186.4063325,-6.0,0.0,-67.0
1777892186.4163325,-3.0,0.0,-66.0
1777892186.4263325,-4.0,-1.0,-66.0
1777892186.4363325,0.0,0.0,-63.0
1777892186.4463325,-5.0,0.0,-61.0
1777892186.4563324,-8.0,-1.0,-62.0
1777892186.4663324,-8.0,-4.0,-68.0
1777892186.4763324,-6.0,-2.0,-72.0
1777892186.4863324,-6.0,0.0,-65.0
1777892186.4963324,-2.0,0.0,-63.0
1777892186.5063324,-1.0,-1.0,-61.0
1777892186.5163324,-3.0,-1.0,-67.0
1777892186.5263324,-1.0,-1.0,-65.0
1777892186.5363324,-2.0,1.0,-63.0
1777892186.5463324,2.0,1.0,-66.0
1777892186.5563323,4.0,-2.0,-64.0
1777892186.5663323,2.0,-2.0,-63.0
1777892186.5763323,0.0,0.0,-70.0
1777892186.5863323,-1.0,1.0,-72.0
1777892186.5963323,-2.0,1.0,-72.0
1777892186.6063323,-4.0,0.0,-73.0
1777892186.6163323,-4.0,2.0,-76.0
1777892186.6263323,-7.0,0.0,-77.0
1777892186.6363325,-5.0,0.0,-79.0
1777892186.6463325,-1.0,-2.0,-77.0
1777892186.6563325,-2.0,-7.0,-75.0
1777892186.6663325,1.0,-4.0,-68.0
1777892186.6763325,0.0,-1.0,-64.0
1777892186.6863325,0.0,-3.0,-60.0
1777892186.6963325,1.0,-6.0,-55.0
1777892186.7063324,2.0,-1.0,-54.0
1777892186.7163324,3.0,-1.0,-60.0
1777892186.7263324,2.0,-5.0,-73.0
1777892186.7363324,0.0,-7.0,-76.0
1777892186.7463324,-2.0,-6.0,-71.0
1777892186.7563324,-5.0,-7.0,-69.0
1777892186.7663324,2.0,-8.0,-64.0
1777892186.7763324,0.0,-6.0,-67.0
1777892186.7863324,2.0,-5.0,-60.0
1777892186.7963324,5.0,-1.0,-57.0
1777892186.8063323,7.0,-1.0,-61.0
1777892186.8163323,5.0,0.0,-67.0
1777892186.8263323,8.0,-1.0,-70.0
1777892186.8363323,8.0,-7.0,-74.0
1777892186.8463323,6.0,-11.0,-65.0
1777892186.8563323,3.0,-5.0,-63.0
1777892186.8663323,0.0,-8.0,-65.0
1777892186.8763323,2.0,-6.0,-67.0
1777892186.8863325,6.0,-5.0,-69.0
1777892186.8963325,12.0,-6.0,-71.0
1777892186.9063325,12.0,-4.0,-72.0
1777892186.9163325,11.0,-5.0,-67.0
1777892186.9263325,5.0,-4.0,-71.0
1777892186.9363325,4.0,-1.0,-65.0
1777892186.9463325,5.0,-3.0,-72.0
1777892186.9563324,4.0,0.0,-71.0
1777892186.9663324,3.0,0.0,-72.0
1777892186.9763324,4.0,0.0,-70.0
1777892186.9863324,1.0,3.0,-66.0
1777892186.9963324,-1.0,0.0,-68.0
1777892187.0063324,-4.0,1.0,-75.0
1777892187.0163324,-5.0,-1.0,-80.0
1777892187.0263324,-3.0,0.0,-77.0
1777892187.0363324,-5.0,-5.0,-77.0
1777892187.0463324,-8.0,-1.0,-81.0
1777892187.0563323,-8.0,-1.0,-79.0
1777892187.0663323,-6.0,-2.0,-73.0
1777892187.0763323,-10.0,-2.0,-70.0
1777892187.0863323,-14.0,-4.0,-70.0
1777892187.0963323,-14.0,-5.0,-75.0
1777892187.1063323,-14.0,-4.0,-76.0
1777892187.1163323,-6.0,-7.0,-72.0
1777892187.1263323,-3.0,-9.0,-74.0
1777892187.1363325,-1.0,-8.0,-70.0
1777892187.1463325,-1.0,-6.0,-71.0
1777892187.1563325,5.0,-4.0,-72.0
1777892187.1663325,0.0,-3.0,-71.0
1777892187.1763325,-1.0,-3.0,-73.0
1777892187.1863325,1.0,-2.0,-76.0
1777892187.1963325,5.0,-4.0,-74.0
1777892187.2063324,1.0,-7.0,-72.0
1777892187.2163324,0.0,-4.0,-72.0
1777892187.2263324,-3.0,-4.0,-73.0
1777892187.2363324,0.0,-4.0,-70.0
1777892187.2463324,0.0,-4.0,-75.0
1777892187.2563324,3.0,-5.0,-74.0
1777892187.2663324,5.0,-3.0,-79.0
1777892187.2763324,2.0,0.0,-81.0
1777892187.2863324,-3.0,-1.0,-82.0
1777892187.2963324,0.0,-4.0,-77.0
1777892187.3063323,2.0,-3.0,-73.0
1777892187.3163323,3.0,-3.0,-69.0
1777892187.3263323,1.0,-6.0,-66.0
1777892187.3363323,0.0,-5.0,-68.0
1777892187.3463323,1.0,-3.0,-71.0
1777892187.3563323,2.0,-8.0,-76.0
1777892187.3663323,4.0,-4.0,-75.0
1777892187.3773324,8.0,-3.0,-77.0
1777892187.3863325,1.0,0.0,-69.0
1777892187.3963325,0.0,-5.0,-65.0
1777892187.4073324,0.0,-5.0,-62.0
1777892187.4173324,2.0,-3.0,-58.0
1777892187.4273324,2.0,-3.0,-58.0
1777892187.4373324,2.0,-4.0,-64.0
1777892187.4473324,4.0,0.0,-71.0
1777892187.4573324,3.0,-3.0,-73.0
1777892187.4673324,-1.0,-5.0,-66.0
1777892187.4773324,-1.0,-3.0,-64.0
1777892187.4873323,-4.0,-1.0,-69.0
1777892187.4973323,-2.0,0.0,-75.0
1777892187.5073323,-6.0,6.0,-68.0
1777892187.5173323,-2.0,7.0,-67.0
1777892187.5273323,-1.0,3.0,-72.0
1777892187.5373323,-3.0,0.0,-77.0
1777892187.5473323,-1.0,-3.0,-75.0
1777892187.5573325,-2.0,-5.0,-69.0
1777892187.5673325,-6.0,-3.0,-63.0
1777892187.5773325,-7.0,-1.0,-59.0
1777892187.5873325,-6.0,-1.0,-64.0
1777892187.5973325,-1.0,-2.0,-64.0
1777892187.6073325,-2.0,-1.0,-66.0
1777892187.6173325,0.0,0.0,-62.0
1777892187.6273324,0.0,-3.0,-69.0
1777892187.6373324,-1.0,-4.0,-64.0
1777892187.6473324,-4.0,-5.0,-64.0
1777892187.6573324,-3.0,-4.0,-67.0
1777892187.6673324,-3.0,-6.0,-70.0
1777892187.6773324,-1.0,-2.0,-71.0
1777892187.6873324,3.0,0.0,-67.0
1777892187.6973324,4.0,1.0,-63.0
1777892187.7073324,4.0,2.0,-65.0
1777892187.7173324,5.0,1.0,-66.0
1777892187.7273324,5.0,5.0,-69.0
1777892187.7373323,1.0,3.0,-70.0
1777892187.7473323,2.0,3.0,-72.0
1777892187.7573323,3.0,1.0,-64.0
1777892187.7673323,1.0,2.0,-66.0
1777892187.7773323,4.0,-4.0,-67.0
1777892187.7873323,7.0,-4.0,-68.0
1777892187.7973323,7.0,-8.0,-69.0
1777892187.8073325,6.0,-6.0,-71.0
1777892187.8173325,3.0,-3.0,-72.0
1777892187.8273325,0.0,-1.0,-74.0
1777892187.8373325,2.0,-7.0,-69.0
1777892187.8473325,3.0,-4.0,-67.0
1777892187.8573325,4.0,-1.0,-69.0
1777892187.8673325,6.0,2.0,-69.0
1777892187.8773324,4.0,5.0,-69.0
1777892187.8873324,4.0,4.0,-70.0
1777892187.8973324,0.0,1.0,-78.0
1777892187.9073324,-2.0,0.0,-74.0
1777892187.9173324,-2.0,0.0,-66.0
1777892187.9273324,-2.0,3.0,-71.0
1777892187.9373324,0.0,2.0,-70.0
1777892187.9473324,-1.0,2.0,-72.0
1777892187.9573324,3.0,1.0,-70.0
1777892187.9673324,0.0,0.0,-72.0
1777892187.9773324,0.0,-3.0,-69.0
1777892187.9873323,1.0,-1.0,-67.0
1777892187.9973323,3.0,-3.0,-64.0
1777892188.0073323,2.0,-7.0,-67.0
1777892188.0173323,0.0,-3.0,-73.0
1777892188.0273323,1.0,0.0,-73.0
1777892188.0373323,0.0,1.0,-72.0
1777892188.0473323,1.0,4.0,-72.0
1777892188.0573325,0.0,-1.0,-70.0
1777892188.0673325,-3.0,-2.0,-70.0
1777892188.0773325,-1.0,-3.0,-72.0
1777892188.0873325,-5.0,-1.0,-69.0
1777892188.0973325,-5.0,-2.0,-72.0
1777892188.1073325,-3.0,-3.0,-70.0
1777892188.1173325,0.0,-5.0,-68.0
1777892188.1273324,3.0,-2.0,-69.0
1777892188.1373324,3.0,-4.0,-70.0
1777892188.1473324,2.0,-3.0,-70.0
1777892188.1573324,4.0,-1.0,-71.0
1777892188.1673324,4.0,0.0,-76.0
1777892188.1773324,2.0,0.0,-74.0
1777892188.1873324,-2.0,0.0,-77.0
1777892188.1973324,0.0,0.0,-78.0
1777892188.2073324,0.0,3.0,-70.0
1777892188.2173324,0.0,3.0,-69.0
1777892188.2273324,2.0,1.0,-66.0
1777892188.2373323,5.0,2.0,-72.0
1777892188.2473323,3.0,0.0,-72.0
1777892188.2573323,2.0,0.0,-72.0
1777892188.2673323,2.0,3.0,-71.0
1777892188.2773323,3.0,4.0,-78.0
1777892188.2873323,3.0,4.0,-76.0
1777892188.2973323,7.0,0.0,-69.0
1777892188.3073325,6.0,-1.0,-66.0
1777892188.3173325,6.0,0.0,-62.0
1777892188.3273325,5.0,1.0,-64.0
1777892188.3373325,5.0,0.0,-70.0
1777892188.3473325,1.0,0.0,-70.0
1777892188.3573325,2.0,-1.0,-70.0
1777892188.3673325,1.0,-7.0,-79.0
1777892188.3773324,1.0,-9.0,-80.0
1777892188.3873324,5.0,-9.0,-76.0
1777892188.3973324,6.0,-10.0,-77.0
1777892188.4073324,2.0,-8.0,-73.0
1777892188.4173324,3.0,-7.0,-67.0
1777892188.4273324,-2.0,-10.0,-72.0
1777892188.4373324,-4.0,-7.0,-72.0
1777892188.4473324,-4.0,-4.0,-68.0
1777892188.4573324,-5.0,-3.0,-66.0
1777892188.4673324,-6.0,-5.0,-72.0
1777892188.4773324,-3.0,-6.0,-74.0
1777892188.4873323,-6.0,-5.0,-72.0
1777892188.4973323,-6.0,-5.0,-71.0
1777892188.5073323,-4.0,-3.0,-65.0
1777892188.5173323,-3.0,-9.0,-64.0
1777892188.5273323,-2.0,-10.0,-58.0
1777892188.5373323,-1.0,-10.0,-59.0
1777892188.5473323,3.0,-7.0,-52.0
1777892188.5573325,3.0,-7.0,-65.0
1777892188.5673325,4.0,-6.0,-66.0
1777892188.5773325,6.0,-5.0,-61.0
1777892188.5873325,2.0,-3.0,-61.0
1777892188.5973325,0.0,-3.0,-60.0
1777892188.6073325,3.0,-3.0,-62.0
1777892188.6173325,1.0,3.0,-72.0
1777892188.6273324,-1.0,5.0,-71.0
1777892188.6373324,-1.0,6.0,-68.0
1777892188.6473324,0.0,7.0,-65.0
1777892188.6573324,2.0,5.0,-69.0
1777892188.6673324,4.0,1.0,-62.0
1777892188.6773324,3.0,0.0,-59.0
1777892188.6873324,1.0,0.0,-56.0
1777892188.6973324,3.0,1.0,-62.0
1777892188.7073324,-1.0,-3.0,-62.0
1777892188.7173324,-4.0,-3.0,-66.0
1777892188.7283323,-3.0,-4.0,-66.0
1777892188.7373323,-1.0,0.0,-67.0
1777892188.7473323,1.0,-1.0,-66.0
1777892188.7573323,4.0,3.0,-77.0
1777892188.7673323,5.0,0.0,-71.0
1777892188.7773323,4.0,0.0,-63.0
1777892188.7873323,1.0,2.0,-61.0
1777892188.7973323,-2.0,1.0,-62.0
1777892188.8073325,0.0,-1.0,-64.0
1777892188.8173325,-2.0,-6.0,-67.0
1777892188.8273325,-2.0,-3.0,-67.0
1777892188.8373325,-4.0,-1.0,-71.0
1777892188.8473325,-3.0,2.0,-71.0
1777892188.8573325,3.0,2.0,-76.0
1777892188.8673325,1.0,0.0,-77.0
1777892188.8773324,-3.0,0.0,-72.0
1777892188.8873324,-3.0,0.0,-76.0
1777892188.8973324,-3.0,-1.0,-80.0
1777892188.9073324,0.0,2.0,-78.0
1777892188.9173324,0.0,4.0,-76.0
1777892188.9273324,0.0,2.0,-70.0
1777892188.9373324,-2.0,0.0,-70.0
1777892188.9473324,-4.0,-1.0,-71.0
1777892188.9573324,-2.0,-2.0,-76.0
1777892188.9673324,4.0,-1.0,-77.0
1777892188.9773324,6.0,-3.0,-74.0
1777892188.9873323,5.0,-7.0,-77.0
1777892188.9973323,4.0,-2.0,-74.0
1777892189.0073323,1.0,-3.0,-69.0
1777892189.0173323,0.0,-4.0,-67.0
1777892189.0273323,-2.0,-2.0,-68.0
1777892189.0373323,0.0,-3.0,-63.0
1777892189.0473323,1.0,1.0,-66.0
1777892189.0573325,0.0,1.0,-67.0
1777892189.0673325,2.0,3.0,-74.0
1777892189.0773325,1.0,-1.0,-74.0
1777892189.0873325,1.0,-2.0,-71.0
1777892189.0973325,0.0,1.0,-76.0
1777892189.1073325,-5.0,-1.0,-77.0
1777892189.1173325,-4.0,-4.0,-78.0
1777892189.1273324,-5.0,-4.0,-80.0
1777892189.1373324,-2.0,-4.0,-80.0
1777892189.1473324,0.0,-2.0,-82.0
1777892189.1573324,0.0,-2.0,-79.0
1777892189.1673324,-3.0,0.0,-70.0
1777892189.1773324,-5.0,-1.0,-68.0
1777892189.1873324,-3.0,-2.0,-66.0
1777892189.1973324,2.0,2.0,-67.0
1777892189.2073324,2.0,1.0,-62.0
1777892189.2173324,1.0,0.0,-65.0
1777892189.2273324,-3.0,-3.0,-66.0
1777892189.2373323,-2.0,-3.0,-66.0
1777892189.2473323,-4.0,-4.0,-68.0
1777892189.2573323,2.0,-5.0,-68.0
1777892189.2673323,1.0,-8.0,-80.0
1777892189.2773323,0.0,-1.0,-80.0
1777892189.2873323,2.0,0.0,-79.0
1777892189.2973323,-1.0,1.0,-71.0
1777892189.3073325,0.0,3.0,-68.0
1777892189.3173325,-1.0,2.0,-72.0
1777892189.3273325,-4.0,-1.0,-78.0
1777892189.3373325,-2.0,-3.0,-81.0
1777892189.3473325,-1.0,-2.0,-77.0
1777892189.3573325,2.0,-1.0,-74.0
1777892189.3673325,0.0,-4.0,-79.0
1777892189.3773324,2.0,-1.0,-78.0
1777892189.3873324,0.0,-1.0,-78.0
1777892189.3983324,-2.0,2.0,-77.0
1777892189.4073324,-2.0,3.0,-74.0
1777892189.4183323,-2.0,0.0,-69.0
1777892189.4283323,0.0,0.0,-68.0
1777892189.4383323,1.0,0.0,-67.0
1777892189.4483323,0.0,-1.0,-70.0
1777892189.4583323,0.0,-3.0,-70.0
1777892189.4683323,1.0,-5.0,-65.0
1777892189.4783323,2.0,-3.0,-61.0
1777892189.4883325,0.0,-4.0,-60.0
1777892189.4983325,2.0,-1.0,-58.0
1777892189.5083325,5.0,-3.0,-58.0
1777892189.5183325,4.0,-6.0,-64.0
1777892189.5283325,2.0,-2.0,-73.0
1777892189.5383325,2.0,-1.0,-73.0
1777892189.5483325,-2.0,0.0,-75.0
1777892189.5583324,-1.0,0.0,-72.0
1777892189.5683324,-1.0,-2.0,-68.0
1777892189.5783324,0.0,-2.0,-65.0
1777892189.5883324,-1.0,1.0,-66.0
1777892189.5983324,-5.0,0.0,-68.0
1777892189.6083324,1.0,1.0,-70.0
1777892189.6183324,4.0,4.0,-67.0
1777892189.6283324,5.0,0.0,-61.0
1777892189.6383324,2.0,0.0,-62.0
1777892189.6483324,0.0,-4.0,-67.0
1777892189.6583323,-2.0,-1.0,-71.0
1777892189.6683323,0.0,0.0,-77.0
1777892189.6783323,1.0,1.0,-78.0
1777892189.6883323,0.0,4.0,-77.0
1777892189.6983323,1.0,6.0,-78.0
1777892189.7083323,0.0,7.0,-76.0
1777892189.7183323,2.0,4.0,-73.0
1777892189.7283323,-4.0,4.0,-74.0
1777892189.7383325,-4.0,5.0,-72.0
1777892189.7483325,-2.0,4.0,-71.0
1777892189.7583325,-4.0,-1.0,-69.0
1777892189.7683325,-4.0,-2.0,-69.0
1777892189.7783325,-5.0,0.0,-65.0
1777892189.7883325,1.0,-5.0,-66.0
1777892189.7983325,6.0,2.0,-74.0
1777892189.8083324,6.0,2.0,-78.0
1777892189.8183324,7.0,5.0,-80.0
1777892189.8283324,4.0,6.0,-78.0
1777892189.8383324,6.0,4.0,-73.0
1777892189.8483324,3.0,5.0,-74.0
1777892189.8583324,2.0,2.0,-76.0
1777892189.8683324,6.0,2.0,-76.0
1777892189.8783324,2.0,0.0,-72.0
1777892189.8883324,2.0,0.0,-67.0
1777892189.8983324,3.0,-1.0,-69.0
1777892189.9083323,4.0,0.0,-74.0
1777892189.9183323,1.0,2.0,-76.0
1777892189.9283323,3.0,0.0,-71.0
1777892189.9383323,0.0,1.0,-66.0
1777892189.9483323,-3.0,0.0,-63.0
1777892189.9583323,-7.0,1.0,-67.0
1777892189.9683323,-11.0,-1.0,-66.0
1777892189.9783323,-8.0,-3.0,-70.0
1777892189.9883325,-7.0,-1.0,-67.0
1777892189.9983325,-5.0,-1.0,-67.0
1777892190.0083325,-4.0,-4.0,-63.0
1777892190.0183325,-10.0,-1.0,-67.0
1777892190.0283325,-9.0,-1.0,-74.0
1777892190.0383325,-13.0,-3.0,-69.0
1777892190.0483325,-6.0,-4.0,-72.0
1777892190.0583324,-4.0,-6.0,-66.0
1777892190.0683324,-4.0,-6.0,-67.0
1777892190.0783324,-7.0,-2.0,-74.0
1777892190.0883324,-5.0,-2.0,-68.0
1777892190.0983324,-4.0,-6.0,-73.0
1777892190.1083324,-7.0,-7.0,-70.0
1777892190.1183324,-3.0,-6.0,-65.0
1777892190.1283324,-2.0,-6.0,-67.0
1777892190.1383324,-2.0,-4.0,-64.0
1777892190.1483324,2.0,0.0,-61.0
1777892190.1583323,5.0,0.0,-57.0
1777892190.1683323,4.0,0.0,-58.0
1777892190.1783323,1.0,-1.0,-64.0
1777892190.1883323,3.0,0.0,-65.0
1777892190.1983323,3.0,2.0,-64.0
1777892190.2083323,0.0,-1.0,-66.0
1777892190.2183323,-2.0,0.0,-65.0
1777892190.2283323,-1.0,2.0,-64.0
1777892190.2383325,2.0,0.0,-65.0
1777892190.2483325,1.0,0.0,-64.0
1777892190.2583325,0.0,1.0,-62.0
1777892190.2683325,2.0,4.0,-52.0
1777892190.2783325,2.0,3.0,-60.0
1777892190.2883325,2.0,1.0,-60.0
1777892190.2983325,3.0,0.0,-66.0
1777892190.3083324,2.0,0.0,-63.0
1777892190.3183324,3.0,3.0,-69.0
1777892190.3283324,0.0,4.0,-69.0
1777892190.3383324,2.0,0.0,-68.0
1777892190.3483324,2.0,1.0,-68.0
1777892190.3583324,2.0,0.0,-72.0
1777892190.3683324,0.0,-1.0,-77.0
1777892190.3783324,1.0,-5.0,-73.0
1777892190.3883324,-3.0,-8.0,-79.0
1777892190.3983324,-4.0,-5.0,-75.0
1777892190.4083323,-5.0,-3.0,-71.0
1777892190.4183323,-5.0,-6.0,-76.0
1777892190.4283323,-7.0,-5.0,-79.0
1777892190.4383323,-4.0,-1.0,-74.0
1777892190.4483323,-4.0,1.0,-74.0
1777892190.4583323,-3.0,0.0,-80.0
1777892190.4683323,-5.0,4.0,-71.0
1777892190.4783323,-5.0,4.0,-73.0
1777892190.4883325,-3.0,3.0,-70.0
1777892190.4983325,-5.0,4.0,-66.0
1777892190.5083325,-4.0,4.0,-69.0
1777892190.5183325,-4.0,4.0,-70.0
1777892190.5283325,0.0,7.0,-66.0
1777892190.5383325,3.0,10.0,-60.0
1777892190.5483325,3.0,10.0,-66.0
1777892190.5583324,5.0,7.0,-70.0
1777892190.5683324,4.0,5.0,-67.0
1777892190.5783324,4.0,2.0,-66.0
1777892190.5883324,6.0,1.0,-70.0
1777892190.5983324,6.0,0.0,-70.0
1777892190.6083324,3.0,0.0,-68.0
1777892190.6183324,3.0,0.0,-71.0
1777892190.6283324,3.0,5.0,-73.0
1777892190.6383324,4.0,6.0,-72.0
1777892190.6483324,1.0,2.0,-70.0
1777892190.6583323,0.0,3.0,-68.0
1777892190.6683323,0.0,2.0,-64.0
1777892190.6783323,5.0,0.0,-65.0
1777892190.6883323,2.0,0.0,-66.0
1777892190.6983323,-4.0,0.0,-60.0
1777892190.7083323,-7.0,0.0,-56.0
1777892190.7183323,-4.0,-5.0,-61.0
1777892190.7283323,0.0,-4.0,-67.0
1777892190.7383325,3.0,-6.0,-73.0
1777892190.7483325,1.0,-4.0,-75.0
1777892190.7583325,1.0,0.0,-74.0
1777892190.7683325,4.0,1.0,-73.0
1777892190.7783325,0.0,-1.0,-75.0
1777892190.7883325,1.0,-2.0,-76.0
1777892190.7983325,3.0,-1.0,-73.0
1777892190.8083324,2.0,-3.0,-78.0
1777892190.8183324,0.0,0.0,-84.0
1777892190.8283324,0.0,0.0,-84.0
1777892190.8383324,-3.0,-3.0,-79.0
1777892190.8483324,-4.0,-4.0,-82.0
1777892190.8583324,0.0,-3.0,-80.0
1777892190.8683324,0.0,-3.0,-75.0
1777892190.8783324,3.0,-3.0,-73.0
1777892190.8883324,0.0,-6.0,-78.0
1777892190.8983324,-2.0,-2.0,-82.0
1777892190.9083323,-3.0,-4.0,-74.0
1777892190.9183323,-6.0,-4.0,-69.0
1777892190.9283323,-2.0,0.0,-67.0
1777892190.9383323,-2.0,0.0,-69.0
1777892190.9483323,-2.0,1.0,-71.0
1777892190.9583323,1.0,3.0,-74.0
1777892190.9683323,7.0,1.0,-86.0
1777892190.9783323,7.0,1.0,-81.0
1777892190.9883325,5.0,0.0,-85.0
1777892190.9983325,5.0,1.0,-84.0
1777892191.0083325,7.0,2.0,-79.0
1777892191.0183325,6.0,3.0,-77.0
1777892191.0283325,3.0,3.0,-81.0
1777892191.0383325,3.0,2.0,-86.0
1777892191.0483325,0.0,0.0,-80.0
1777892191.0583324,0.0,-2.0,-76.0
1777892191.0683324,2.0,-2.0,-75.0
1777892191.0783324,0.0,0.0,-79.0
1777892191.0883324,0.0,2.0,-77.0
1777892191.0983324,-1.0,4.0,-71.0
1777892191.1083324,0.0,5.0,-70.0
1777892191.1183324,0.0,2.0,-71.0
1777892191.1283324,0.0,-1.0,-76.0
1777892191.1383324,0.0,0.0,-74.0
1777892191.1483324,0.0,3.0,-74.0
1777892191.1583323,0.0,4.0,-71.0
1777892191.1683323,3.0,0.0,-68.0
1777892191.1783323,1.0,-4.0,-64.0
1777892191.1883323,-1.0,-7.0,-66.0
1777892191.1983323,-1.0,-4.0,-66.0
1777892191.2083323,-2.0,-1.0,-64.0
1777892191.2183323,1.0,0.0,-65.0
1777892191.2293324,2.0,1.0,-68.0
1777892191.2383325,2.0,0.0,-64.0
1777892191.2483325,1.0,-4.0,-65.0
1777892191.2583325,3.0,0.0,-66.0
1777892191.2683325,4.0,0.0,-72.0
1777892191.2783325,6.0,2.0,-73.0
1777892191.2883325,5.0,4.0,-71.0
1777892191.2983325,6.0,2.0,-70.0
1777892191.3083324,6.0,1.0,-68.0
1777892191.3183324,8.0,0.0,-73.0
1777892191.3283324,11.0,3.0,-70.0
1777892191.3383324,7.0,4.0,-71.0
1777892191.3483324,6.0,2.0,-74.0
1777892191.3583324,6.0,2.0,-73.0
1777892191.3683324,9.0,2.0,-78.0
1777892191.3783324,12.0,-1.0,-75.0
1777892191.3883324,6.0,-5.0,-77.0
1777892191.3983324,5.0,-3.0,-76.0
1777892191.4093325,4.0,-1.0,-83.0
1777892191.4193325,-1.0,-3.0,-82.0
1777892191.4293325,-5.0,-5.0,-81.0
1777892191.4383323,0.0,-3.0,-77.0
1777892191.4493325,2.0,0.0,-72.0
1777892191.4593325,0.0,-1.0,-66.0
1777892191.4693325,-3.0,0.0,-68.0
1777892191.4793324,-3.0,3.0,-65.0
1777892191.4883325,-1.0,2.0,-72.0
1777892191.4993324,0.0,1.0,-78.0
1777892191.5093324,2.0,2.0,-74.0
1777892191.5193324,0.0,2.0,-68.0
1777892191.5293324,0.0,1.0,-64.0
1777892191.5393324,2.0,3.0,-60.0
1777892191.5493324,2.0,-1.0,-64.0
1777892191.5593324,1.0,-3.0,-55.0
1777892191.5693324,2.0,0.0,-60.0
1777892191.5793324,2.0,-2.0,-65.0
1777892191.5893323,3.0,-4.0,-70.0
1777892191.5993323,0.0,-3.0,-75.0
1777892191.6093323,-1.0,-5.0,-73.0
1777892191.6193323,0.0,-6.0,-79.0
1777892191.6293323,-6.0,-3.0,-74.0
1777892191.6393323,-4.0,3.0,-71.0
1777892191.6493323,-9.0,3.0,-75.0
1777892191.6593325,-7.0,3.0,-72.0
1777892191.6693325,-3.0,0.0,-74.0
1777892191.6793325,-1.0,-1.0,-72.0
1777892191.6893325,0.0,0.0,-76.0
1777892191.6993325,0.0,-2.0,-71.0
1777892191.7093325,0.0,-4.0,-74.0
1777892191.7193325,2.0,0.0,-77.0
1777892191.7293324,-2.0,-1.0,-73.0
1777892191.7393324,-5.0,-3.0,-75.0
1777892191.7493324,-1.0,-3.0,-74.0
1777892191.7593324,2.0,-4.0,-71.0
1777892191.7693324,0.0,-3.0,-73.0
1777892191.7793324,0.0,-4.0,-82.0
1777892191.7893324,1.0,-4.0,-84.0
1777892191.7993324,5.0,-1.0,-76.0
1777892191.8093324,2.0,3.0,-71.0
1777892191.8193324,-2.0,3.0,-71.0
1777892191.8293324,0.0,-1.0,-69.0
1777892191.8393323,1.0,0.0,-69.0
1777892191.8493323,-1.0,0.0,-67.0
1777892191.8593323,1.0,-3.0,-60.0
1777892191.8693323,3.0,0.0,-59.0
1777892191.8793323,2.0,1.0,-61.0
1777892191.8893323,2.0,-3.0,-63.0
1777892191.8993323,0.0,-6.0,-62.0
1777892191.9093325,-2.0,-7.0,-70.0
1777892191.9193325,1.0,-6.0,-75.0
1777892191.9293325,1.0,-10.0,-71.0
1777892191.9393325,3.0,-6.0,-66.0
1777892191.9493325,3.0,-2.0,-69.0
1777892191.9593325,2.0,-2.0,-67.0
1777892191.9693325,1.0,0.0,-71.0
1777892191.9793324,7.0,1.0,-62.0
1777892191.9893324,2.0,1.0,-60.0
1777892191.9993324,0.0,3.0,-65.0
1777892192.0093324,-2.0,5.0,-72.0
1777892192.0193324,2.0,6.0,-78.0
1777892192.0293324,4.0,4.0,-80.0
1777892192.0393324,5.0,0.0,-76.0
1777892192.0493324,2.0,0.0,-81.0
1777892192.0593324,2.0,0.0,-76.0
1777892192.0693324,3.0,0.0,-74.0
1777892192.0793324,1.0,-2.0,-73.0
1777892192.0893323,-2.0,-5.0,-71.0
1777892192.0993323,-7.0,-8.0,-67.0
1777892192.1093323,-6.0,-7.0,-67.0
1777892192.1193323,-4.0,-5.0,-75.0
1777892192.1293323,-2.0,-8.0,-71.0
1777892192.1393323,-1.0,-6.0,-72.0
1777892192.1493323,-1.0,-4.0,-69.0
1777892192.1593325,0.0,-3.0,-63.0
1777892192.1693325,-1.0,-5.0,-65.0
1777892192.1793325,-1.0,-4.0,-68.0
1777892192.1893325,-2.0,-1.0,-71.0
1777892192.1993325,-3.0,-1.0,-71.0
1777892192.2093325,-5.0,0.0,-71.0
1777892192.2193325,0.0,1.0,-68.0
1777892192.2293324,-1.0,0.0,-65.0
1777892192.2393324,1.0,0.0,-69.0
1777892192.2493324,-2.0,-1.0,-68.0
1777892192.2593324,5.0,0.0,-73.0
1777892192.2693324,1.0,0.0,-75.0
1777892192.2793324,0.0,0.0,-74.0
1777892192.2893324,0.0,0.0,-74.0
1777892192.2993324,3.0,2.0,-77.0
1777892192.3093324,2.0,1.0,-75.0
1777892192.3193324,5.0,3.0,-72.0
1777892192.3293324,7.0,3.0,-72.0
1777892192.3393323,7.0,-1.0,-68.0
1777892192.3493323,8.0,-2.0,-66.0
1777892192.3593323,6.0,0.0,-67.0
1777892192.3693323,6.0,0.0,-71.0
1777892192.3793323,1.0,4.0,-70.0
1777892192.3893323,4.0,2.0,-69.0
1777892192.3993323,4.0,3.0,-73.0
1777892192.4093325,0.0,1.0,-74.0
1777892192.4193325,3.0,-1.0,-75.0
1777892192.4293325,2.0,0.0,-77.0
1777892192.4393325,-2.0,2.0,-81.0
1777892192.4493325,-2.0,1.0,-78.0
1777892192.4593325,1.0,0.0,-75.0
1777892192.4693325,4.0,2.0,-70.0
1777892192.4793324,1.0,1.0,-70.0
1777892192.4893324,2.0,-1.0,-70.0
1777892192.4993324,7.0,-3.0,-76.0
1777892192.5093324,6.0,0.0,-79.0
1777892192.5193324,4.0,-1.0,-79.0
1777892192.5293324,2.0,-5.0,-70.0
1777892192.5393324,1.0,-2.0,-67.0
1777892192.5493324,5.0,-1.0,-71.0
1777892192.5593324,10.0,-5.0,-74.0
1777892192.5693324,7.0,-6.0,-69.0
1777892192.5793324,8.0,-2.0,-64.0
1777892192.5893323,2.0,0.0,-69.0
1777892192.5993323,7.0,-3.0,-75.0
1777892192.6093323,8.0,-3.0,-76.0
1777892192.6193323,7.0,-6.0,-68.0
1777892192.6293323,9.0,-7.0,-70.0
1777892192.6393323,6.0,-5.0,-70.0
1777892192.6493323,4.0,-1.0,-69.0
1777892192.6593325,2.0,-1.0,-69.0
1777892192.6693325,2.0,0.0,-67.0
1777892192.6793325,1.0,-2.0,-63.0
1777892192.6893325,-3.0,-2.0,-58.0
1777892192.6993325,-3.0,-3.0,-59.0
1777892192.7093325,-2.0,-2.0,-60.0
1777892192.7193325,-1.0,-4.0,-63.0
1777892192.7293324,0.0,0.0,-60.0
1777892192.7393324,0.0,-2.0,-62.0
1777892192.7493324,0.0,-1.0,-62.0
1777892192.7593324,-2.0,0.0,-66.0
1777892192.7693324,-4.0,1.0,-75.0
1777892192.7793324,-3.0,2.0,-75.0
1777892192.7893324,-2.0,7.0,-75.0
1777892192.7993324,0.0,6.0,-71.0
1777892192.8093324,0.0,4.0,-77.0
1777892192.8193324,-2.0,3.0,-78.0
1777892192.8293324,0.0,2.0,-77.0
1777892192.8393323,-2.0,2.0,-80.0
1777892192.8493323,-4.0,0.0,-77.0
1777892192.8593323,0.0,1.0,-80.0
1777892192.8693323,0.0,3.0,-80.0
1777892192.8793323,-3.0,6.0,-79.0
1777892192.8893323,-1.0,4.0,-81.0
1777892192.8993323,-1.0,1.0,-84.0
1777892192.9093325,-2.0,6.0,-82.0
1777892192.9193325,-7.0,4.0,-80.0
1777892192.9293325,-6.0,3.0,-76.0
1777892192.9393325,-1.0,3.0,-74.0
1777892192.9493325,0.0,-1.0,-67.0
1777892192.9593325,0.0,-3.0,-67.0
1777892192.9693325,-2.0,-3.0,-65.0
1777892192.9793324,3.0,-2.0,-68.0
1777892192.9893324,4.0,0.0,-71.0
1777892192.9993324,5.0,2.0,-70.0
1777892193.0093324,13.0,1.0,-64.0
1777892193.0193324,12.0,0.0,-64.0
1777892193.0293324,14.0,-3.0,-64.0
1777892193.0393324,13.0,-4.0,-63.0
1777892193.0493324,9.0,0.0,-62.0
1777892193.0593324,8.0,1.0,-56.0
1777892193.0693324,7.0,-1.0,-57.0
1777892193.0793324,3.0,-2.0,-53.0
1777892193.0893323,0.0,-5.0,-60.0
1777892193.0993323,1.0,-2.0,-58.0
1777892193.1093323,1.0,0.0,-60.0
1777892193.1193323,-3.0,0.0,-61.0
1777892193.1293323,-3.0,0.0,-68.0
1777892193.1393323,-2.0,0.0,-70.0
1777892193.1493323,-3.0,-2.0,-67.0
1777892193.1593325,-3.0,-2.0,-69.0
1777892193.1693325,-2.0,-2.0,-72.0
1777892193.1793325,2.0,0.0,-71.0
1777892193.1893325,2.0,1.0,-67.0
1777892193.1993325,3.0,1.0,-62.0
1777892193.2093325,2.0,0.0,-69.0
1777892193.2193325,2.0,4.0,-71.0
1777892193.2293324,0.0,5.0,-71.0
1777892193.2393324,0.0,4.0,-76.0
1777892193.2493324,1.0,2.0,-71.0
1777892193.2593324,-1.0,2.0,-74.0
1777892193.2693324,-1.0,2.0,-75.0
1777892193.2793324,0.0,0.0,-76.0
1777892193.2893324,0.0,0.0,-69.0
1777892193.2993324,0.0,1.0,-68.0
1777892193.3093324,3.0,2.0,-68.0
1777892193.3193324,4.0,4.0,-65.0
1777892193.3293324,0.0,2.0,-63.0
1777892193.3393323,-1.0,0.0,-59.0
1777892193.3493323,0.0,-1.0,-59.0
1777892193.3603325,-1.0,3.0,-67.0
1777892193.3693323,1.0,-2.0,-71.0
1777892193.3793323,0.0,-5.0,-64.0
1777892193.3903325,1.0,-5.0,-60.0
1777892193.4003325,1.0,-6.0,-61.0
1777892193.4103324,-4.0,-2.0,-72.0
1777892193.4203324,0.0,-2.0,-76.0
1777892193.4303324,-1.0,-4.0,-70.0
1777892193.4403324,2.0,-6.0,-70.0
1777892193.4503324,4.0,-5.0,-76.0
1777892193.4603324,6.0,-8.0,-78.0
1777892193.4703324,10.0,-9.0,-76.0
1777892193.4803324,8.0,-3.0,-73.0
1777892193.4903324,7.0,0.0,-70.0
1777892193.5003324,7.0,3.0,-66.0
1777892193.5103323,2.0,3.0,-72.0
1777892193.5203323,3.0,1.0,-74.0
1777892193.5303323,1.0,-2.0,-80.0
1777892193.5403323,4.0,-3.0,-84.0
1777892193.5503323,4.0,-1.0,-84.0
1777892193.5603323,0.0,-1.0,-76.0
1777892193.5703323,-2.0,-1.0,-70.0
1777892193.5803325,-1.0,-1.0,-73.0
1777892193.5903325,-5.0,-3.0,-75.0
1777892193.6003325,-3.0,-4.0,-81.0
1777892193.6103325,-1.0,-4.0,-79.0
1777892193.6203325,-2.0,-3.0,-74.0
1777892193.6303325,-5.0,-2.0,-78.0
1777892193.6403325,0.0,0.0,-80.0
1777892193.6503325,3.0,-3.0,-78.0
1777892193.6603324,0.0,-4.0,-79.0
1777892193.6703324,0.0,-3.0,-74.0
1777892193.6803324,1.0,-4.0,-73.0
1777892193.6903324,-1.0,-1.0,-71.0
1777892193.7003324,1.0,2.0,-59.0
1777892193.7103324,0.0,3.0,-63.0
1777892193.7203324,2.0,1.0,-64.0
1777892193.7303324,3.0,0.0,-69.0
1777892193.7403324,0.0,0.0,-72.0
1777892193.7503324,0.0,0.0,-76.0
1777892193.7603323,4.0,2.0,-77.0
1777892193.7703323,5.0,2.0,-70.0
1777892193.7803323,2.0,1.0,-69.0
1777892193.7903323,3.0,-1.0,-67.0
1777892193.8003323,2.0,-5.0,-66.0
1777892193.8103323,5.0,-7.0,-67.0
1777892193.8203323,9.0,-8.0,-67.0
1777892193.8303325,10.0,-7.0,-64.0
1777892193.8403325,9.0,-7.0,-64.0
1777892193.8503325,9.0,-7.0,-64.0
1777892193.8603325,10.0,-6.0,-59.0
1777892193.8703325,3.0,-6.0,-61.0
1777892193.8803325,1.0,-3.0,-66.0
1777892193.8903325,0.0,-2.0,-73.0
1777892193.9003325,0.0,2.0,-77.0
1777892193.9103324,-3.0,0.0,-76.0
1777892193.9203324,-1.0,-3.0,-78.0
1777892193.9303324,0.0,0.0,-79.0
1777892193.9403324,1.0,-1.0,-73.0
1777892193.9503324,-2.0,-2.0,-73.0
1777892193.9603324,-2.0,-2.0,-72.0
1777892193.9703324,0.0,0.0,-71.0
1777892193.9803324,2.0,2.0,-76.0
1777892193.9903324,0.0,0.0,-77.0
1777892194.0003324,0.0,-1.0,-75.0
1777892194.0103323,-1.0,-3.0,-68.0
1777892194.0203323,0.0,0.0,-69.0
1777892194.0303323,1.0,2.0,-70.0
1777892194.0403323,0.0,4.0,-70.0
1777892194.0503323,-1.0,0.0,-68.0
1777892194.0603323,-1.0,-2.0,-72.0
1777892194.0703323,-2.0,-3.0,-74.0
1777892194.0803325,-3.0,-3.0,-75.0
1777892194.0903325,-2.0,-3.0,-78.0
1777892194.1003325,0.0,-1.0,-79.0
1777892194.1103325,0.0,2.0,-74.0
1777892194.1203325,0.0,3.0,-69.0
1777892194.1303325,0.0,4.0,-69.0
1777892194.1403325,-1.0,0.0,-73.0
1777892194.1503325,0.0,-5.0,-75.0
1777892194.1603324,3.0,-2.0,-72.0
1777892194.1703324,11.0,-2.0,-71.0
1777892194.1803324,6.0,-1.0,-66.0
1777892194.1903324,8.0,0.0,-71.0
1777892194.2003324,7.0,-3.0,-73.0
1777892194.2103324,6.0,-2.0,-75.0
1777892194.2203324,3.0,-5.0,-72.0
1777892194.2303324,6.0,-6.0,-69.0
1777892194.2403324,5.0,-7.0,-65.0
1777892194.2503324,7.0,-8.0,-59.0
1777892194.2603323,13.0,-8.0,-61.0
1777892194.2703323,11.0,-8.0,-65.0
1777892194.2803323,7.0,-2.0,-68.0
1777892194.2903323,5.0,2.0,-70.0
1777892194.3003323,2.0,1.0,-70.0
1777892194.3103323,1.0,1.0,-71.0
1777892194.3203323,3.0,-1.0,-67.0
1777892194.3303325,5.0,-1.0,-71.0
1777892194.3403325,7.0,0.0,-69.0
1777892194.3503325,9.0,0.0,-68.0
1777892194.3603325,10.0,3.0,-68.0
1777892194.3703325,10.0,1.0,-67.0
1777892194.3803325,7.0,2.0,-69.0
1777892194.3903325,8.0,-2.0,-72.0
1777892194.4003325,9.0,-6.0,-71.0
1777892194.4103324,8.0,-4.0,-72.0
1777892194.4203324,2.0,-4.0,-66.0
1777892194.4303324,2.0,-5.0,-67.0
1777892194.4403324,3.0,-3.0,-69.0
1777892194.4503324,4.0,-4.0,-70.0
1777892194.4603324,2.0,-1.0,-65.0
1777892194.4703324,1.0,-1.0,-68.0
1777892194.4803324,-1.0,0.0,-61.0
1777892194.4903324,2.0,1.0,-66.0
1777892194.5003324,2.0,1.0,-70.0
1777892194.5103323,3.0,0.0,-74.0
1777892194.5203323,2.0,2.0,-72.0
1777892194.5303323,3.0,-2.0,-69.0
1777892194.5403323,3.0,0.0,-71.0
1777892194.5503323,3.0,-4.0,-68.0
1777892194.5603323,6.0,-2.0,-69.0
1777892194.5703323,6.0,0.0,-71.0
1777892194.5803325,1.0,0.0,-73.0
1777892194.5903325,0.0,0.0,-72.0
1777892194.6003325,-3.0,0.0,-76.0
1777892194.6103325,-4.0,-3.0,-74.0
1777892194.6203325,-2.0,-2.0,-71.0
1777892194.6303325,0.0,-4.0,-73.0
1777892194.6403325,0.0,0.0,-68.0
1777892194.6503325,4.0,0.0,-65.0
1777892194.6603324,0.0,0.0,-66.0
1777892194.6703324,1.0,3.0,-61.0
1777892194.6803324,2.0,-2.0,-59.0
1777892194.6903324,1.0,-1.0,-54.0
1777892194.7003324,5.0,-5.0,-56.0
1777892194.7103324,5.0,-3.0,-59.0
1777892194.7203324,3.0,-1.0,-65.0
1777892194.7303324,3.0,-2.0,-67.0
1777892194.7403324,1.0,0.0,-68.0
1777892194.7503324,4.0,-1.0,-65.0
1777892194.7603323,3.0,-3.0,-64.0
1777892194.7703323,4.0,-4.0,-67.0
1777892194.7803323,1.0,-1.0,-70.0
1777892194.7903323,-3.0,-2.0,-66.0
1777892194.8003323,-3.0,-3.0,-67.0
1777892194.8103323,-4.0,1.0,-70.0
1777892194.8203323,-4.0,3.0,-61.0
1777892194.8303325,0.0,5.0,-63.0
1777892194.8403325,6.0,1.0,-65.0
1777892194.8503325,9.0,-2.0,-60.0
1777892194.8603325,9.0,-4.0,-61.0
1777892194.8703325,10.0,-5.0,-67.0
1777892194.8803325,11.0,-9.0,-65.0
1777892194.8903325,7.0,-6.0,-66.0
1777892194.9003325,4.0,-11.0,-62.0
1777892194.9103324,1.0,-8.0,-61.0
1777892194.9203324,2.0,-9.0,-67.0
1777892194.9303324,0.0,-8.0,-63.0
1777892194.9403324,0.0,-9.0,-62.0
1777892194.9503324,0.0,-8.0,-64.0
1777892194.9603324,0.0,-5.0,-64.0
1777892194.9703324,-1.0,-5.0,-65.0
1777892194.9803324,-3.0,-3.0,-65.0
1777892194.9903324,0.0,-5.0,-72.0
1777892195.0003324,-3.0,-3.0,-74.0
1777892195.0103323,-2.0,-1.0,-73.0
1777892195.0203323,-7.0,-2.0,-72.0
1777892195.0303323,-3.0,-1.0,-75.0
1777892195.0403323,-3.0,0.0,-73.0
1777892195.0503323,-5.0,-1.0,-71.0
1777892195.0603323,-2.0,-3.0,-72.0
1777892195.0703323,-4.0,-5.0,-65.0
1777892195.0803325,0.0,-8.0,-61.0
1777892195.0903325,1.0,-10.0,-68.0
1777892195.1003325,5.0,-8.0,-65.0
1777892195.1103325,1.0,-6.0,-56.0
1777892195.1203325,0.0,-7.0,-57.0
1777892195.1303325,2.0,-7.0,-67.0
1777892195.1403325,0.0,-5.0,-77.0
1777892195.1503325,-4.0,-6.0,-78.0
1777892195.1603324,-3.0,-7.0,-73.0
1777892195.1703324,0.0,-8.0,-69.0
1777892195.1803324,-2.0,-8.0,-72.0
1777892195.1903324,0.0,-5.0,-75.0
1777892195.2003324,0.0,-5.0,-75.0
1777892195.2103324,0.0,-4.0,-73.0
1777892195.2203324,-4.0,-1.0,-76.0
1777892195.2303324,0.0,0.0,-77.0
1777892195.2403324,2.0,-2.0,-80.0
1777892195.2503324,6.0,0.0,-87.0
1777892195.2603323,4.0,0.0,-83.0
1777892195.2703323,3.0,0.0,-77.0
1777892195.2803323,3.0,3.0,-73.0
1777892195.2903323,6.0,3.0,-71.0
1777892195.3003323,4.0,3.0,-66.0
1777892195.3103323,6.0,3.0,-69.0
1777892195.3203323,11.0,-2.0,-68.0
1777892195.3303325,5.0,-3.0,-62.0
1777892195.3403325,7.0,-2.0,-72.0
1777892195.3503325,5.0,-6.0,-71.0
1777892195.3613324,8.0,-5.0,-78.0
1777892195.3713324,9.0,-2.0,-83.0
1777892195.3813324,3.0,-4.0,-75.0
1777892195.3903325,6.0,-4.0,-69.0
1777892195.4013324,6.0,-3.0,-69.0
1777892195.4113324,4.0,-1.0,-65.0
1777892195.4213324,3.0,0.0,-66.0
1777892195.4313323,3.0,0.0,-66.0
1777892195.4413323,2.0,0.0,-66.0
1777892195.4513323,7.0,0.0,-72.0
1777892195.4613323,6.0,-3.0,-67.0
1777892195.4713323,0.0,-3.0,-66.0
1777892195.4813323,2.0,-6.0,-63.0
1777892195.4913323,1.0,-5.0,-61.0
1777892195.5013323,2.0,-6.0,-62.0
1777892195.5113325,1.0,-2.0,-65.0
1777892195.5213325,4.0,-2.0,-68.0
1777892195.5313325,4.0,-5.0,-67.0
1777892195.5413325,5.0,-6.0,-61.0
1777892195.5513325,3.0,-6.0,-68.0
1777892195.5613325,5.0,-9.0,-72.0
1777892195.5713325,1.0,-4.0,-73.0
1777892195.5813324,4.0,-3.0,-69.0
1777892195.5913324,2.0,-2.0,-74.0
1777892195.6013324,1.0,-3.0,-72.0
1777892195.6113324,2.0,-1.0,-73.0
1777892195.6213324,4.0,0.0,-71.0
1777892195.6313324,6.0,0.0,-73.0
1777892195.6413324,6.0,-2.0,-78.0
1777892195.6513324,7.0,-7.0,-76.0
1777892195.6613324,6.0,-8.0,-72.0
1777892195.6713324,6.0,-3.0,-71.0
1777892195.6813323,4.0,1.0,-71.0
1777892195.6913323,0.0,1.0,-67.0
1777892195.7013323,3.0,9.0,-71.0
1777892195.7113323,5.0,10.0,-68.0
1777892195.7213323,3.0,6.0,-75.0
1777892195.7313323,7.0,2.0,-82.0
1777892195.7413323,7.0,-3.0,-73.0
1777892195.7513323,8.0,-5.0,-72.0
1777892195.7613325,5.0,-3.0,-73.0
1777892195.7713325,3.0,-6.0,-73.0
1777892195.7813325,2.0,-4.0,-71.0
1777892195.7913325,1.0,0.0,-69.0
1777892195.8013325,-2.0,2.0,-61.0
1777892195.8113325,-3.0,3.0,-53.0
1777892195.8213325,-1.0,6.0,-53.0
1777892195.8313324,0.0,2.0,-61.0
1777892195.8413324,-1.0,2.0,-62.0
1777892195.8513324,0.0,-2.0,-66.0
1777892195.8613324,-2.0,-5.0,-57.0
1777892195.8713324,3.0,-5.0,-64.0
1777892195.8813324,4.0,-2.0,-67.0
1777892195.8913324,4.0,0.0,-71.0
1777892195.9013324,9.0,-1.0,-75.0
1777892195.9113324,9.0,-3.0,-75.0
1777892195.9213324,5.0,-5.0,-72.0
1777892195.9313323,7.0,-4.0,-64.0
1777892195.9413323,6.0,-5.0,-68.0
1777892195.9513323,7.0,-8.0,-67.0
1777892195.9613323,6.0,-11.0,-63.0
1777892195.9713323,10.0,-9.0,-67.0
1777892195.9813323,8.0,-4.0,-75.0
1777892195.9913323,10.0,-1.0,-74.0
1777892196.0013323,6.0,0.0,-79.0
1777892196.0113325,3.0,0.0,-76.0
1777892196.0213325,2.0,0.0,-74.0
1777892196.0313325,7.0,0.0,-74.0
1777892196.0413325,10.0,-2.0,-77.0
1777892196.0513325,4.0,-2.0,-74.0
1777892196.0613325,2.0,-6.0,-80.0
1777892196.0713325,3.0,-4.0,-79.0
1777892196.0813324,2.0,-3.0,-81.0
1777892196.0913324,-2.0,0.0,-87.0
1777892196.1013324,2.0,-2.0,-79.0
1777892196.1113324,2.0,0.0,-75.0
1777892196.1213324,2.0,0.0,-72.0
1777892196.1313324,2.0,0.0,-75.0
1777892196.1413324,2.0,-2.0,-79.0
1777892196.1513324,-1.0,-4.0,-85.0
1777892196.1613324,-3.0,-2.0,-91.0
1777892196.1713324,0.0,1.0,-86.0
1777892196.1813323,4.0,1.0,-78.0
1777892196.1913323,6.0,0.0,-82.0
1777892196.2013323,7.0,-4.0,-83.0
1777892196.2113323,4.0,0.0,-88.0
1777892196.2213323,4.0,2.0,-81.0
1777892196.2313323,4.0,0.0,-73.0
1777892196.2413323,4.0,2.0,-74.0
1777892196.2513323,0.0,0.0,-72.0
1777892196.2613325,0.0,0.0,-78.0
1777892196.2713325,0.0,0.0,-76.0
1777892196.2813325,0.0,0.0,-73.0
1777892196.2913325,6.0,1.0,-78.0
1777892196.3013325,9.0,0.0,-76.0
1777892196.3113325,8.0,1.0,-69.0
1777892196.3213325,5.0,2.0,-65.0
1777892196.3313324,0.0,0.0,-66.0
1777892196.3413324,-4.0,0.0,-67.0
1777892196.3513324,0.0,0.0,-65.0
1777892196.3613324,-4.0,-1.0,-67.0
1777892196.3713324,-1.0,-2.0,-70.0
1777892196.3813324,1.0,-7.0,-71.0
1777892196.3913324,1.0,-4.0,-67.0
1777892196.4013324,-1.0,-2.0,-72.0
1777892196.4113324,0.0,2.0,-79.0
1777892196.4213324,2.0,5.0,-80.0
1777892196.4313323,1.0,9.0,-74.0
1777892196.4413323,-2.0,9.0,-79.0
1777892196.4513323,-4.0,12.0,-80.0
1777892196.4613323,-9.0,11.0,-78.0
1777892196.4713323,-8.0,11.0,-74.0
1777892196.4813323,-7.0,7.0,-71.0
1777892196.4913323,-8.0,3.0,-67.0
1777892196.5013323,-4.0,4.0,-69.0
1777892196.5113325,-7.0,3.0,-68.0
1777892196.5213325,-6.0,1.0,-72.0
1777892196.5313325,-5.0,0.0,-71.0
1777892196.5413325,-1.0,-2.0,-74.0
1777892196.5513325,3.0,-6.0,-69.0
1777892196.5613325,2.0,-7.0,-67.0
1777892196.5713325,-4.0,-5.0,-62.0
1777892196.5813324,-4.0,0.0,-69.0
1777892196.5913324,-3.0,-4.0,-68.0
1777892196.6013324,-6.0,-1.0,-70.0
1777892196.6113324,-4.0,-6.0,-71.0
1777892196.6213324,0.0,-5.0,-71.0
1777892196.6313324,-4.0,-4.0,-77.0
1777892196.6413324,-1.0,-4.0,-74.0
1777892196.6513324,-1.0,-4.0,-71.0
1777892196.6613324,-5.0,-5.0,-72.0
1777892196.6713324,0.0,-3.0,-70.0
1777892196.6813323,-1.0,-3.0,-63.0
1777892196.6913323,-1.0,-4.0,-58.0
1777892196.7013323,-3.0,-5.0,-56.0
1777892196.7113323,-2.0,-10.0,-60.0
1777892196.7213323,2.0,-9.0,-58.0
1777892196.7313323,-1.0,-4.0,-60.0
1777892196.7413323,-4.0,-4.0,-67.0
1777892196.7513323,-3.0,-3.0,-71.0
1777892196.7613325,-2.0,1.0,-71.0
1777892196.7713325,-3.0,-5.0,-76.0
1777892196.7813325,-4.0,-4.0,-72.0
1777892196.7913325,-3.0,-3.0,-70.0
1777892196.8013325,0.0,-2.0,-72.0
1777892196.8113325,0.0,-1.0,-72.0
1777892196.8213325,-1.0,-3.0,-72.0
1777892196.8313324,0.0,-1.0,-77.0
1777892196.8413324,4.0,0.0,-75.0
1777892196.8513324,4.0,2.0,-77.0
1777892196.8613324,0.0,0.0,-77.0
1777892196.8713324,-4.0,-3.0,-76.0
1777892196.8813324,-3.0,-3.0,-71.0
1777892196.8913324,-1.0,-4.0,-78.0
1777892196.9013324,1.0,-5.0,-77.0
1777892196.9113324,2.0,-4.0,-83.0
1777892196.9213324,0.0,-5.0,-83.0
1777892196.9313323,-1.0,-3.0,-78.0
1777892196.9413323,-7.0,-3.0,-68.0
1777892196.9513323,-9.0,-6.0,-69.0
1777892196.9613323,-3.0,-8.0,-69.0
1777892196.9713323,4.0,-8.0,-68.0
1777892196.9813323,6.0,-6.0,-73.0
1777892196.9913323,4.0,-8.0,-71.0
1777892197.0013323,7.0,-9.0,-66.0
1777892197.0113325,7.0,-11.0,-63.0
1777892197.0213325,9.0,-5.0,-71.0
1777892197.0313325,4.0,-6.0,-76.0
1777892197.0413325,7.0,-7.0,-73.0
1777892197.0513325,8.0,-6.0,-78.0
1777892197.0613325,9.0,-6.0,-73.0
1777892197.0713325,4.0,-3.0,-73.0
1777892197.0813324,1.0,-3.0,-70.0
1777892197.0913324,-2.0,0.0,-69.0
1777892197.1013324,-6.0,3.0,-70.0
1777892197.1113324,-1.0,5.0,-70.0
1777892197.1213324,-1.0,1.0,-68.0
1777892197.1313324,1.0,0.0,-72.0
1777892197.1413324,0.0,1.0,-74.0
1777892197.1513324,3.0,0.0,-70.0
1777892197.1613324,2.0,-1.0,-71.0
1777892197.1713324,-2.0,-3.0,-64.0
1777892197.1813323,-3.0,-3.0,-67.0
1777892197.1913323,-7.0,-1.0,-70.0
1777892197.2013323,-6.0,0.0,-70.0
1777892197.2113323,-8.0,4.0,-75.0
1777892197.2213323,-2.0,6.0,-79.0
1777892197.2313323,-3.0,0.0,-77.0
1777892197.2413323,-5.0,-5.0,-72.0
1777892197.2513323,0.0,-5.0,-76.0
1777892197.2613325,1.0,-1.0,-78.0
1777892197.2713325,-1.0,5.0,-75.0
1777892197.2813325,1.0,4.0,-75.0
1777892197.2913325,0.0,6.0,-74.0
1777892197.3013325,0.0,6.0,-73.0
1777892197.3113325,-2.0,3.0,-72.0
1777892197.3213325,0.0,2.0,-71.0
1777892197.3313324,-1.0,3.0,-71.0
1777892197.3423324,-2.0,2.0,-63.0
1777892197.3513324,1.0,-1.0,-62.0
1777892197.3613324,5.0,-7.0,-61.0
1777892197.3723323,1.0,-3.0,-69.0
1777892197.3823323,-2.0,-3.0,-67.0
1777892197.3923323,-3.0,-6.0,-70.0
1777892197.4023323,0.0,-5.0,-75.0
1777892197.4123323,3.0,-1.0,-77.0
1777892197.4223323,0.0,0.0,-77.0
1777892197.4323325,1.0,-1.0,-79.0
1777892197.4423325,0.0,-4.0,-72.0
1777892197.4523325,0.0,-2.0,-66.0
1777892197.4623325,-2.0,0.0,-61.0
1777892197.4723325,-4.0,-4.0,-63.0
1777892197.4823325,-3.0,-5.0,-66.0
1777892197.4923325,-3.0,-6.0,-70.0
1777892197.5023324,0.0,-3.0,-64.0
1777892197.5123324,3.0,-4.0,-60.0
1777892197.5223324,4.0,-4.0,-66.0
1777892197.5323324,0.0,-5.0,-70.0
1777892197.5423324,0.0,-3.0,-75.0
1777892197.5523324,1.0,0.0,-77.0
1777892197.5623324,2.0,-1.0,-77.0
1777892197.5723324,3.0,0.0,-76.0
1777892197.5823324,4.0,-1.0,-75.0
1777892197.5923324,4.0,2.0,-75.0
1777892197.6023324,1.0,0.0,-74.0
1777892197.6123323,1.0,-3.0,-76.0
1777892197.6223323,-1.0,-3.0,-72.0
1777892197.6323323,1.0,-1.0,-66.0
1777892197.6423323,-4.0,-1.0,-71.0
1777892197.6523323,-1.0,-2.0,-65.0
1777892197.6623323,0.0,-3.0,-64.0
1777892197.6723323,3.0,-6.0,-67.0
1777892197.6823325,7.0,-5.0,-66.0
1777892197.6923325,3.0,-4.0,-68.0
1777892197.7023325,0.0,-3.0,-69.0
1777892197.7123325,-2.0,-1.0,-69.0
1777892197.7223325,-1.0,0.0,-74.0
1777892197.7323325,0.0,0.0,-75.0
1777892197.7423325,0.0,-1.0,-72.0
1777892197.7523324,5.0,2.0,-69.0
1777892197.7623324,1.0,0.0,-68.0
1777892197.7723324,0.0,0.0,-66.0
1777892197.7823324,0.0,3.0,-70.0
1777892197.7923324,-3.0,0.0,-67.0
1777892197.8023324,-2.0,-1.0,-66.0
1777892197.8123324,2.0,-1.0,-67.0
1777892197.8223324,3.0,0.0,-69.0
1777892197.8323324,6.0,0.0,-76.0
1777892197.8423324,7.0,1.0,-78.0
1777892197.8523324,8.0,1.0,-79.0
1777892197.8623323,8.0,-3.0,-72.0
1777892197.8723323,8.0,-6.0,-69.0
1777892197.8823323,4.0,-6.0,-68.0
1777892197.8923323,5.0,-7.0,-62.0
1777892197.9023323,9.0,-9.0,-60.0
1777892197.9123323,9.0,-9.0,-56.0
1777892197.9223323,7.0,-12.0,-58.0
1777892197.9323325,2.0,-7.0,-58.0
1777892197.9423325,0.0,-4.0,-64.0
1777892197.9523325,2.0,-6.0,-65.0
1777892197.9623325,6.0,-2.0,-60.0
1777892197.9723325,7.0,-4.0,-66.0
1777892197.9823325,2.0,-4.0,-74.0
1777892197.9923325,0.0,-5.0,-83.0
1777892198.0023324,0.0,-6.0,-82.0
1777892198.0123324,1.0,-4.0,-79.0
1777892198.0223324,0.0,-6.0,-83.0
1777892198.0323324,0.0,-2.0,-77.0
1777892198.0423324,-1.0,-4.0,-78.0
1777892198.0523324,0.0,-2.0,-87.0
1777892198.0623324,-1.0,-3.0,-83.0
1777892198.0723324,1.0,-2.0,-75.0
1777892198.0823324,3.0,-4.0,-77.0
1777892198.0923324,0.0,-6.0,-71.0
1777892198.1023324,-1.0,-4.0,-62.0
1777892198.1123323,0.0,-5.0,-67.0
1777892198.1223323,-1.0,-4.0,-72.0
1777892198.1323323,0.0,2.0,-78.0
1777892198.1423323,0.0,1.0,-79.0
1777892198.1523323,-1.0,1.0,-80.0
1777892198.1623323,-2.0,2.0,-80.0
1777892198.1723323,-2.0,0.0,-70.0
1777892198.1823325,-3.0,0.0,-72.0
1777892198.1923325,-1.0,-1.0,-72.0
1777892198.2023325,-4.0,0.0,-75.0
1777892198.2123325,-3.0,-2.0,-65.0
1777892198.2223325,-4.0,-4.0,-61.0
1777892198.2323325,1.0,-8.0,-65.0
1777892198.2423325,0.0,-2.0,-59.0
1777892198.2523324,5.0,-2.0,-57.0
1777892198.2623324,4.0,-4.0,-55.0
1777892198.2723324,1.0,-5.0,-57.0
1777892198.2823324,0.0,-3.0,-63.0
1777892198.2923324,-3.0,-3.0,-64.0
1777892198.3023324,-7.0,-4.0,-68.0
1777892198.3123324,-7.0,-2.0,-70.0
1777892198.3223324,-4.0,-1.0,-75.0
1777892198.3323324,-3.0,0.0,-75.0
1777892198.3423324,0.0,-5.0,-68.0
1777892198.3523324,5.0,-8.0,-61.0
1777892198.3623323,4.0,-6.0,-66.0
1777892198.3723323,8.0,-4.0,-61.0
1777892198.3823323,8.0,-3.0,-68.0
1777892198.3923323,7.0,-5.0,-73.0
1777892198.4023323,0.0,-5.0,-67.0
1777892198.4123323,-1.0,-9.0,-61.0
1777892198.4223323,-1.0,-6.0,-62.0
1777892198.4323325,2.0,-7.0,-65.0
1777892198.4423325,5.0,-9.0,-69.0
1777892198.4523325,1.0,-12.0,-66.0
1777892198.4623325,0.0,-12.0,-66.0
1777892198.4723325,-3.0,-8.0,-69.0
1777892198.4823325,-6.0,-6.0,-65.0
1777892198.4923325,-10.0,-3.0,-69.0
1777892198.5023324,-11.0,0.0,-73.0
1777892198.5123324,-1.0,3.0,-71.0
1777892198.5223324,0.0,3.0,-74.0
1777892198.5323324,1.0,0.0,-75.0
1777892198.5423324,4.0,-2.0,-76.0
1777892198.5523324,1.0,-1.0,-83.0
1777892198.5623324,5.0,-2.0,-78.0
1777892198.5723324,9.0,-5.0,-81.0
1777892198.5823324,10.0,-5.0,-84.0
1777892198.5923324,7.0,-5.0,-83.0
1777892198.6023324,3.0,-4.0,-88.0
1777892198.6123323,3.0,-1.0,-84.0
1777892198.6223323,0.0,-3.0,-77.0
1777892198.6323323,2.0,-1.0,-76.0
1777892198.6423323,3.0,-1.0,-78.0
1777892198.6523323,8.0,0.0,-79.0
1777892198.6623323,4.0,-2.0,-80.0
1777892198.6723323,3.0,-3.0,-79.0
1777892198.6823325,3.0,-4.0,-79.0
1777892198.6923325,0.0,-3.0,-78.0
1777892198.7023325,-1.0,-4.0,-76.0
1777892198.7123325,-7.0,-1.0,-82.0
1777892198.7223325,-8.0,0.0,-83.0
1777892198.7323325,-7.0,1.0,-81.0
1777892198.7423325,-1.0,4.0,-82.0
1777892198.7523324,-1.0,3.0,-82.0
1777892198.7623324,-1.0,1.0,-83.0
1777892198.7723324,0.0,0.0,-93.0
1777892198.7823324,1.0,0.0,-88.0
1777892198.7923324,4.0,1.0,-77.0
1777892198.8023324,0.0,-3.0,-69.0
1777892198.8123324,-1.0,-3.0,-74.0
1777892198.8223324,0.0,-5.0,-70.0
1777892198.8323324,0.0,-3.0,-68.0
1777892198.8423324,-3.0,-4.0,-69.0
1777892198.8523324,-1.0,-5.0,-72.0
1777892198.8623323,6.0,-5.0,-72.0
1777892198.8723323,9.0,-5.0,-65.0
1777892198.8823323,5.0,-3.0,-58.0
1777892198.8923323,6.0,-7.0,-63.0
1777892198.9023323,5.0,-8.0,-68.0
1777892198.9123323,5.0,-5.0,-72.0
1777892198.9223323,5.0,-1.0,-68.0
1777892198.9323325,4.0,-1.0,-64.0
1777892198.9423325,5.0,-6.0,-70.0
1777892198.9523325,6.0,-7.0,-76.0
1777892198.9623325,4.0,-5.0,-76.0
1777892198.9723325,4.0,-4.0,-69.0
1777892198.9823325,4.0,-2.0,-71.0
1777892198.9923325,1.0,-1.0,-68.0
1777892199.0023324,-1.0,-4.0,-67.0
1777892199.0123324,-3.0,-2.0,-73.0
1777892199.0223324,0.0,1.0,-70.0
1777892199.0323324,0.0,0.0,-62.0
1777892199.0423324,0.0,0.0,-65.0
1777892199.0523324,2.0,1.0,-61.0
1777892199.0623324,0.0,-1.0,-70.0
1777892199.0723324,0.0,0.0,-78.0
1777892199.0823324,-3.0,1.0,-72.0
1777892199.0923324,-3.0,4.0,-76.0
1777892199.1023324,-1.0,0.0,-71.0
1777892199.1123323,0.0,2.0,-71.0
1777892199.1223323,-1.0,2.0,-70.0
1777892199.1323323,0.0,0.0,-70.0
1777892199.1423323,1.0,3.0,-78.0
1777892199.1523323,1.0,0.0,-82.0
1777892199.1623323,6.0,2.0,-82.0
1777892199.1723323,4.0,1.0,-70.0
1777892199.1823325,6.0,-2.0,-70.0
1777892199.1923325,5.0,0.0,-74.0
1777892199.2023325,4.0,0.0,-69.0
1777892199.2123325,4.0,-2.0,-67.0
1777892199.2223325,4.0,-3.0,-62.0
1777892199.2323325,1.0,-5.0,-63.0
1777892199.2423325,0.0,-6.0,-61.0
1777892199.2523324,-1.0,-8.0,-59.0
1777892199.2623324,-2.0,-5.0,-63.0
1777892199.2723324,-3.0,-4.0,-61.0
1777892199.2823324,-6.0,-1.0,-64.0
1777892199.2923324,-8.0,-1.0,-70.0
1777892199.3023324,-8.0,0.0,-82.0
1777892199.3123324,-10.0,1.0,-75.0
1777892199.3223324,-9.0,4.0,-72.0
1777892199.3323324,-3.0,2.0,-73.0
1777892199.3423324,3.0,1.0,-70.0
1777892199.3523324,6.0,-2.0,-72.0
1777892199.3633325,6.0,-1.0,-79.0
1777892199.3733325,2.0,-1.0,-77.0
1777892199.3833325,5.0,-6.0,-69.0
1777892199.3933325,2.0,-6.0,-68.0
1777892199.4033325,3.0,-4.0,-65.0
1777892199.4133325,1.0,-1.0,-69.0
1777892199.4233325,1.0,-1.0,-67.0
1777892199.4333324,-1.0,-3.0,-65.0
1777892199.4433324,-4.0,-1.0,-68.0
1777892199.4533324,-6.0,0.0,-69.0
1777892199.4633324,-2.0,2.0,-62.0
1777892199.4733324,-1.0,2.0,-59.0
1777892199.4833324,4.0,0.0,-63.0
1777892199.4933324,5.0,-1.0,-67.0
1777892199.5033324,0.0,-1.0,-65.0
1777892199.5133324,6.0,0.0,-59.0
1777892199.5233324,4.0,0.0,-66.0
1777892199.5333323,8.0,-2.0,-68.0
1777892199.5433323,7.0,0.0,-73.0
1777892199.5533323,4.0,-2.0,-71.0
1777892199.5633323,5.0,-1.0,-75.0
1777892199.5733323,6.0,-1.0,-74.0
1777892199.5833323,1.0,-4.0,-78.0
1777892199.5933323,-2.0,-5.0,-78.0
1777892199.6033323,0.0,-7.0,-69.0
1777892199.6133325,5.0,-5.0,-70.0
1777892199.6233325,6.0,-5.0,-75.0
1777892199.6333325,-1.0,-6.0,-76.0
1777892199.6433325,-2.0,-6.0,-74.0
1777892199.6533325,0.0,-1.0,-78.0
1777892199.6633325,2.0,-6.0,-73.0
1777892199.6733325,5.0,-9.0,-70.0
1777892199.6833324,4.0,-5.0,-69.0
1777892199.6933324,7.0,-2.0,-68.0
1777892199.7033324,6.0,-4.0,-66.0
1777892199.7133324,6.0,0.0,-67.0
1777892199.7233324,2.0,-2.0,-65.0
1777892199.7333324,10.0,0.0,-62.0
1777892199.7433324,8.0,-1.0,-64.0
1777892199.7533324,3.0,0.0,-68.0
1777892199.7633324,0.0,-1.0,-69.0
1777892199.7733324,1.0,-1.0,-76.0
1777892199.7833323,-1.0,0.0,-74.0
1777892199.7933323,-2.0,-1.0,-71.0
1777892199.8033323,-7.0,-1.0,-65.0
1777892199.8133323,-1.0,-1.0,-69.0
1777892199.8233323,-1.0,4.0,-69.0
1777892199.8333323,-5.0,1.0,-69.0
1777892199.8433323,-3.0,1.0,-77.0
1777892199.8533323,1.0,0.0,-77.0
1777892199.8633325,4.0,-3.0,-82.0
1777892199.8733325,3.0,-8.0,-81.0
1777892199.8833325,5.0,-7.0,-74.0
1777892199.8933325,3.0,-8.0,-74.0
1777892199.9033325,2.0,-7.0,-74.0
1777892199.9133325,4.0,-9.0,-73.0
1777892199.9233325,2.0,-6.0,-71.0
1777892199.9333324,0.0,-6.0,-68.0
1777892199.9433324,-3.0,-7.0,-70.0
1777892199.9533324,-5.0,-8.0,-75.0
1777892199.9633324,-5.0,-6.0,-71.0
1777892199.9733324,-4.0,-2.0,-75.0
1777892199.9833324,0.0,-3.0,-76.0
1777892199.9933324,1.0,-3.0,-77.0
1777892200.0033324,1.0,-1.0,-74.0
1777892200.0133324,0.0,3.0,-75.0
1777892200.0233324,0.0,1.0,-72.0
1777892200.0333323,0.0,-3.0,-79.0
1777892200.0433323,1.0,-4.0,-80.0
1777892200.0533323,6.0,-2.0,-78.0
1777892200.0633323,6.0,-1.0,-77.0
1777892200.0733323,3.0,-4.0,-72.0
1777892200.0833323,6.0,-3.0,-65.0
1777892200.0933323,4.0,0.0,-66.0
1777892200.1033323,5.0,0.0,-71.0
1777892200.1133325,4.0,-4.0,-74.0
1777892200.1233325,9.0,-6.0,-67.0
1777892200.1333325,7.0,-4.0,-63.0
1777892200.1433325,5.0,-5.0,-65.0
1777892200.1533325,3.0,-7.0,-67.0
1777892200.1633325,4.0,-6.0,-69.0
1777892200.1733325,5.0,-3.0,-72.0
1777892200.1833324,8.0,-4.0,-68.0
1777892200.1933324,3.0,-4.0,-63.0
1777892200.2033324,2.0,0.0,-67.0
1777892200.2133324,1.0,4.0,-66.0
1777892200.2233324,0.0,1.0,-65.0
1777892200.2333324,-1.0,0.0,-67.0
1777892200.2433324,0.0,-1.0,-67.0
1777892200.2533324,0.0,-2.0,-69.0
1777892200.2633324,0.0,1.0,-71.0
1777892200.2733324,2.0,0.0,-73.0
1777892200.2833323,3.0,-5.0,-72.0
1777892200.2933323,6.0,-4.0,-70.0
1777892200.3033323,3.0,0.0,-74.0
1777892200.3133323,8.0,1.0,-71.0
1777892200.3233323,9.0,0.0,-76.0
1777892200.3333323,5.0,0.0,-85.0
1777892200.3433323,6.0,2.0,-81.0
1777892200.3533323,3.0,-1.0,-75.0
1777892200.3633325,4.0,0.0,-73.0
1777892200.3733325,6.0,2.0,-68.0
1777892200.3833325,2.0,3.0,-75.0
1777892200.3933325,3.0,9.0,-76.0
1777892200.4033325,3.0,7.0,-83.0
1777892200.4133325,1.0,4.0,-89.0
1777892200.4233325,1.0,0.0,-80.0
1777892200.4333324,0.0,0.0,-82.0
1777892200.4433324,1.0,-1.0,-84.0
1777892200.4533324,3.0,-3.0,-82.0
1777892200.4633324,5.0,0.0,-84.0
1777892200.4733324,4.0,0.0,-78.0
1777892200.4833324,0.0,2.0,-78.0
1777892200.4933324,0.0,-1.0,-79.0
1777892200.5033324,-3.0,-5.0,-77.0
1777892200.5133324,-5.0,-1.0,-74.0
1777892200.5233324,-2.0,0.0,-68.0
1777892200.5333323,-3.0,0.0,-68.0
1777892200.5433323,-2.0,-1.0,-66.0
1777892200.5533323,1.0,0.0,-65.0
1777892200.5633323,0.0,-1.0,-68.0
1777892200.5733323,-5.0,-3.0,-72.0
1777892200.5833323,-2.0,0.0,-77.0
1777892200.5933323,-2.0,0.0,-69.0
1777892200.6033323,-2.0,0.0,-66.0
1777892200.6133325,0.0,0.0,-66.0
1777892200.6233325,7.0,3.0,-75.0
1777892200.6333325,7.0,1.0,-73.0
1777892200.6433325,2.0,3.0,-73.0
1777892200.6533325,0.0,2.0,-64.0
1777892200.6633325,1.0,3.0,-70.0
1777892200.6733325,-2.0,6.0,-70.0
1777892200.6833324,-3.0,7.0,-74.0
1777892200.6933324,0.0,4.0,-71.0
1777892200.7033324,2.0,5.0,-80.0
1777892200.7133324,4.0,2.0,-76.0
1777892200.7233324,2.0,-1.0,-76.0
1777892200.7333324,1.0,-7.0,-77.0
1777892200.7433324,0.0,-3.0,-81.0
1777892200.7533324,0.0,0.0,-74.0
1777892200.7633324,2.0,-4.0,-63.0
1777892200.7733324,0.0,-1.0,-66.0
1777892200.7833323,0.0,1.0,-75.0
1777892200.7933323,0.0,-1.0,-79.0
1777892200.8033323,0.0,-3.0,-76.0
1777892200.8133323,1.0,-1.0,-80.0
1777892200.8243325,2.0,-3.0,-77.0
1777892200.8333323,4.0,-7.0,-79.0
1777892200.8433323,2.0,-7.0,-84.0
1777892200.8533323,-2.0,-5.0,-82.0
1777892200.8633325,0.0,-8.0,-81.0
1777892200.8733325,-2.0,-5.0,-80.0
1777892200.8833325,1.0,-4.0,-76.0
1777892200.8933325,-1.0,-6.0,-74.0
1777892200.9033325,-1.0,-3.0,-75.0
1777892200.9133325,-3.0,-2.0,-79.0
1777892200.9233325,2.0,-4.0,-76.0
1777892200.9333324,-1.0,-3.0,-70.0
1777892200.9433324,-2.0,-9.0,-71.0
1777892200.9533324,-2.0,-8.0,-69.0
1777892200.9633324,-4.0,-1.0,-64.0
1777892200.9733324,-4.0,2.0,-66.0
1777892200.9833324,-1.0,-2.0,-69.0
1777892200.9933324,0.0,-3.0,-74.0
1777892201.0033324,0.0,-5.0,-82.0
1777892201.0133324,0.0,0.0,-84.0
1777892201.0233324,-3.0,0.0,-84.0
1777892201.0333323,-4.0,0.0,-78.0
1777892201.0433323,-7.0,0.0,-77.0
1777892201.0533323,-8.0,2.0,-79.0
1777892201.0633323,-4.0,2.0,-77.0
1777892201.0733323,-1.0,3.0,-77.0
1777892201.0833323,-2.0,3.0,-82.0
1777892201.0933323,-5.0,1.0,-76.0
1777892201.1033323,-4.0,1.0,-77.0
1777892201.1133325,1.0,0.0,-67.0
1777892201.1233325,6.0,-1.0,-62.0
1777892201.1333325,7.0,0.0,-63.0
1777892201.1433325,7.0,1.0,-71.0
1777892201.1533325,8.0,1.0,-72.0
1777892201.1633325,9.0,1.0,-76.0
1777892201.1733325,5.0,3.0,-72.0
1777892201.1833324,3.0,3.0,-69.0
1777892201.1933324,-2.0,2.0,-71.0
1777892201.2033324,-1.0,0.0,-69.0
1777892201.2133324,0.0,0.0,-75.0
1777892201.2233324,2.0,0.0,-81.0
1777892201.2333324,-3.0,2.0,-85.0
1777892201.2433324,-3.0,4.0,-82.0
1777892201.2533324,-2.0,5.0,-79.0
1777892201.2633324,-2.0,4.0,-80.0
1777892201.2733324,-1.0,3.0,-79.0
1777892201.2833323,0.0,5.0,-79.0
1777892201.2933323,1.0,0.0,-79.0
1777892201.3033323,0.0,2.0,-75.0
1777892201.3133323,0.0,-2.0,-68.0
1777892201.3233323,0.0,-4.0,-75.0
1777892201.3333323,4.0,-5.0,-79.0
1777892201.3433323,4.0,0.0,-73.0
1777892201.3533323,2.0,1.0,-76.0
1777892201.3643324,2.0,1.0,-78.0
1777892201.3743324,5.0,1.0,-76.0
1777892201.3843324,5.0,0.0,-79.0
1777892201.3943324,7.0,7.0,-80.0
1777892201.4043324,6.0,7.0,-75.0
1777892201.4143324,3.0,7.0,-78.0
1777892201.4243324,6.0,1.0,-79.0
1777892201.4343324,3.0,2.0,-75.0
1777892201.4443324,4.0,3.0,-74.0
1777892201.4543324,1.0,1.0,-70.0
1777892201.4643323,0.0,2.0,-70.0
1777892201.4743323,2.0,2.0,-65.0
1777892201.4843323,1.0,0.0,-65.0
1777892201.4943323,2.0,-2.0,-73.0
1777892201.5043323,0.0,-3.0,-70.0
1777892201.5143323,2.0,-2.0,-66.0
1777892201.5243323,4.0,-1.0,-71.0
1777892201.5343325,4.0,-5.0,-76.0
1777892201.5443325,8.0,-3.0,-76.0
1777892201.5543325,5.0,-1.0,-71.0
1777892201.5643325,4.0,-2.0,-65.0
1777892201.5743325,3.0,-4.0,-66.0
1777892201.5843325,2.0,-3.0,-72.0
1777892201.5943325,0.0,-1.0,-75.0
1777892201.6043324,-1.0,-1.0,-72.0
1777892201.6143324,-1.0,0.0,-74.0
1777892201.6243324,-2.0,0.0,-75.0
1777892201.6343324,-2.0,3.0,-74.0
1777892201.6443324,-1.0,3.0,-73.0
1777892201.6543324,1.0,1.0,-69.0
1777892201.6643324,0.0,-3.0,-72.0
1777892201.6743324,2.0,-3.0,-70.0
1777892201.6843324,3.0,-2.0,-63.0
1777892201.6943324,4.0,0.0,-64.0
1777892201.7043324,3.0,1.0,-64.0
1777892201.7143323,2.0,-1.0,-73.0
1777892201.7243323,0.0,0.0,-78.0
1777892201.7343323,-1.0,-3.0,-76.0
1777892201.7443323,0.0,-3.0,-76.0
1777892201.7543323,-3.0,-1.0,-69.0
1777892201.7643323,-7.0,-2.0,-72.0
1777892201.7743323,-7.0,-4.0,-78.0
1777892201.7843325,-8.0,-8.0,-72.0
1777892201.7943325,-3.0,-8.0,-71.0
1777892201.8043325,-2.0,-6.0,-76.0
1777892201.8143325,-7.0,-2.0,-72.0
1777892201.8243325,-9.0,-2.0,-69.0
1777892201.8343325,-1.0,-4.0,-68.0
1777892201.8443325,5.0,-4.0,-68.0
1777892201.8543324,6.0,-3.0,-61.0
1777892201.8643324,3.0,-2.0,-58.0
1777892201.8743324,0.0,0.0,-58.0
1777892201.8843324,2.0,0.0,-59.0
1777892201.8943324,0.0,-1.0,-60.0
1777892201.9043324,1.0,-1.0,-70.0
1777892201.9143324,6.0,-2.0,-70.0
1777892201.9243324,9.0,-1.0,-70.0
1777892201.9343324,7.0,0.0,-73.0
1777892201.9443324,3.0,-3.0,-71.0
1777892201.9543324,4.0,-7.0,-64.0
1777892201.9643323,0.0,-5.0,-70.0
1777892201.9743323,-2.0,-4.0,-71.0
1777892201.9843323,-4.0,0.0,-65.0
1777892201.9943323,-2.0,-1.0,-62.0
1777892202.0043323,-1.0,-2.0,-59.0
1777892202.0143323,0.0,-2.0,-60.0
1777892202.0243323,-2.0,-1.0,-63.0
1777892202.0343325,-4.0,0.0,-67.0
1777892202.0443325,-5.0,2.0,-63.0
1777892202.0543325,-4.0,4.0,-66.0
1777892202.0643325,-5.0,2.0,-67.0
1777892202.0743325,-7.0,3.0,-62.0
1777892202.0843325,-8.0,3.0,-65.0
1777892202.0943325,-3.0,1.0,-66.0
1777892202.1043324,-5.0,-3.0,-67.0
1777892202.1143324,0.0,-3.0,-70.0
1777892202.1243324,-5.0,0.0,-66.0
1777892202.1343324,-6.0,1.0,-61.0
1777892202.1443324,-3.0,-1.0,-65.0
1777892202.1543324,-4.0,1.0,-66.0
1777892202.1643324,1.0,-2.0,-62.0
1777892202.1743324,2.0,-6.0,-66.0
1777892202.1843324,1.0,-5.0,-66.0
1777892202.1943324,3.0,-3.0,-65.0
1777892202.2043324,0.0,-2.0,-71.0
1777892202.2143323,-2.0,-1.0,-69.0
1777892202.2243323,-2.0,0.0,-69.0
1777892202.2343323,-4.0,-2.0,-70.0
1777892202.2443323,-3.0,0.0,-74.0
1777892202.2543323,1.0,-2.0,-74.0
1777892202.2643323,0.0,-1.0,-67.0
1777892202.2743323,0.0,-6.0,-72.0
1777892202.2843325,-3.0,-6.0,-72.0
1777892202.2943325,-1.0,-8.0,-73.0
1777892202.3043325,0.0,-5.0,-80.0
1777892202.3143325,2.0,-6.0,-71.0
1777892202.3243325,7.0,-4.0,-70.0
1777892202.3343325,4.0,0.0,-67.0
1777892202.3443325,5.0,0.0,-70.0
1777892202.3543324,8.0,2.0,-81.0
1777892202.3643324,9.0,3.0,-76.0
1777892202.3743324,3.0,1.0,-77.0
1777892202.3843324,5.0,1.0,-71.0
1777892202.3943324,2.0,-2.0,-73.0
1777892202.4043324,0.0,-1.0,-76.0
1777892202.4143324,6.0,-1.0,-69.0
1777892202.4243324,1.0,0.0,-68.0
1777892202.4343324,1.0,-1.0,-65.0
1777892202.4443324,2.0,-2.0,-61.0
1777892202.4543324,7.0,-3.0,-60.0
1777892202.4643323,6.0,0.0,-65.0
1777892202.4743323,7.0,1.0,-73.0
1777892202.4843323,10.0,5.0,-76.0
1777892202.4943323,5.0,5.0,-73.0
1777892202.5043323,3.0,2.0,-72.0
1777892202.5143323,3.0,5.0,-69.0
1777892202.5243323,6.0,10.0,-76.0
1777892202.5343325,4.0,11.0,-77.0
1777892202.5443325,0.0,7.0,-79.0
1777892202.5543325,2.0,6.0,-86.0
1777892202.5643325,0.0,5.0,-75.0
1777892202.5743325,-1.0,0.0,-71.0
1777892202.5843325,3.0,0.0,-77.0
1777892202.5943325,9.0,-1.0,-78.0
1777892202.6043324,5.0,-2.0,-84.0
1777892202.6143324,2.0,-2.0,-78.0
1777892202.6243324,0.0,-2.0,-81.0
1777892202.6343324,1.0,-4.0,-80.0
1777892202.6443324,1.0,-3.0,-73.0
1777892202.6543324,3.0,-4.0,-74.0
1777892202.6643324,3.0,-2.0,-68.0
1777892202.6743324,3.0,-3.0,-65.0
1777892202.6843324,1.0,0.0,-73.0
1777892202.6943324,0.0,3.0,-66.0
1777892202.7043324,1.0,2.0,-65.0
1777892202.7143323,2.0,3.0,-64.0
1777892202.7243323,3.0,-1.0,-58.0
1777892202.7343323,2.0,0.0,-61.0
1777892202.7443323,0.0,-1.0,-68.0
1777892202.7543323,2.0,-1.0,-72.0
1777892202.7643323,3.0,0.0,-73.0
1777892202.7743323,7.0,0.0,-68.0
1777892202.7843325,6.0,-3.0,-66.0
1777892202.7943325,1.0,-4.0,-66.0
1777892202.8043325,0.0,-1.0,-69.0
1777892202.8143325,-1.0,-1.0,-76.0
1777892202.8243325,-4.0,-5.0,-73.0
1777892202.8343325,-4.0,-8.0,-70.0
1777892202.8443325,-5.0,-11.0,-69.0
1777892202.8543324,-2.0,-9.0,-67.0
1777892202.8643324,3.0,-3.0,-74.0
1777892202.8743324,7.0,0.0,-72.0
1777892202.8843324,13.0,0.0,-67.0
1777892202.8943324,14.0,1.0,-67.0
1777892202.9043324,10.0,0.0,-64.0
1777892202.9143324,6.0,0.0,-64.0
1777892202.9243324,2.0,0.0,-66.0
1777892202.9343324,4.0,-1.0,-66.0
1777892202.9443324,4.0,0.0,-66.0
1777892202.9543324,5.0,-3.0,-67.0
1777892202.9643323,3.0,-1.0,-67.0
1777892202.9743323,6.0,0.0,-66.0
1777892202.9843323,5.0,0.0,-79.0
1777892202.9943323,4.0,0.0,-87.0
1777892203.0043323,3.0,0.0,-84.0
1777892203.0143323,-3.0,-2.0,-86.0
1777892203.0243323,-1.0,-1.0,-78.0
1777892203.0343325,0.0,0.0,-78.0
1777892203.0443325,2.0,-1.0,-74.0
1777892203.0543325,2.0,-3.0,-79.0
1777892203.0643325,0.0,-4.0,-83.0
1777892203.0743325,1.0,-1.0,-81.0
1777892203.0843325,3.0,-2.0,-75.0
1777892203.0943325,4.0,-1.0,-70.0
1777892203.1043324,1.0,0.0,-70.0
1777892203.1143324,0.0,-2.0,-72.0
1777892203.1243324,1.0,-2.0,-76.0
1777892203.1343324,-2.0,-4.0,-70.0
1777892203.1443324,-2.0,-1.0,-70.0
1777892203.1543324,-1.0,-2.0,-72.0
1777892203.1643324,-5.0,0.0,-70.0
1777892203.1743324,-4.0,-4.0,-70.0
1777892203.1843324,-2.0,-2.0,-65.0
1777892203.1943324,0.0,0.0,-70.0
1777892203.2043324,-2.0,0.0,-72.0
1777892203.2143323,0.0,-5.0,-75.0
1777892203.2243323,-3.0,-3.0,-71.0
1777892203.2343323,1.0,-4.0,-72.0
1777892203.2443323,1.0,-3.0,-70.0
1777892203.2543323,1.0,-2.0,-66.0
1777892203.2643323,0.0,0.0,-72.0
1777892203.2743323,0.0,-2.0,-72.0
1777892203.2843325,1.0,-3.0,-70.0
1777892203.2943325,2.0,0.0,-75.0
1777892203.3043325,2.0,2.0,-76.0
1777892203.3143325,0.0,5.0,-73.0
1777892203.3243325,0.0,6.0,-71.0
1777892203.3353324,0.0,4.0,-73.0
1777892203.3453324,0.0,2.0,-72.0
1777892203.3553324,-1.0,3.0,-70.0
1777892203.3653324,-1.0,1.0,-81.0
1777892203.3753324,-3.0,1.0,-68.0
1777892203.3853323,-3.0,2.0,-71.0
1777892203.3953323,-2.0,4.0,-70.0
1777892203.4053323,1.0,2.0,-67.0
1777892203.4153323,0.0,1.0,-69.0
1777892203.4253323,0.0,1.0,-68.0
1777892203.4353323,4.0,1.0,-70.0
1777892203.4453323,8.0,1.0,-74.0
1777892203.4553325,9.0,0.0,-72.0
1777892203.4653325,9.0,0.0,-77.0
1777892203.4753325,12.0,2.0,-76.0
1777892203.4853325,11.0,4.0,-75.0
1777892203.4953325,9.0,3.0,-75.0
1777892203.5053325,8.0,1.0,-82.0
1777892203.5153325,8.0,-2.0,-79.0
1777892203.5253325,10.0,2.0,-82.0
1777892203.5353324,13.0,0.0,-84.0
1777892203.5453324,13.0,-1.0,-79.0
1777892203.5553324,12.0,-5.0,-77.0
1777892203.5653324,14.0,-3.0,-71.0
1777892203.5753324,8.0,0.0,-67.0
1777892203.5853324,5.0,1.0,-72.0
1777892203.5953324,0.0,4.0,-64.0
1777892203.6053324,-1.0,3.0,-60.0
1777892203.6153324,0.0,-1.0,-62.0
1777892203.6253324,0.0,-4.0,-60.0
1777892203.6353323,-1.0,-6.0,-61.0
1777892203.6453323,1.0,-8.0,-55.0
1777892203.6553323,0.0,-3.0,-57.0
1777892203.6653323,-2.0,-3.0,-64.0
1777892203.6753323,-5.0,-7.0,-61.0
1777892203.6853323,-1.0,-5.0,-60.0
1777892203.6953323,0.0,-1.0,-63.0
1777892203.7053325,-2.0,-1.0,-66.0
1777892203.7153325,-6.0,-1.0,-65.0
1777892203.7253325,-1.0,-4.0,-68.0
1777892203.7353325,2.0,-2.0,-75.0
1777892203.7453325,3.0,0.0,-74.0
1777892203.7553325,3.0,1.0,-79.0
1777892203.7653325,3.0,0.0,-74.0
1777892203.7753325,5.0,0.0,-72.0
1777892203.7853324,3.0,2.0,-76.0
1777892203.7953324,3.0,-2.0,-69.0
1777892203.8053324,4.0,-2.0,-67.0
1777892203.8153324,-3.0,0.0,-66.0
1777892203.8253324,-3.0,-3.0,-63.0
1777892203.8353324,-3.0,-4.0,-66.0
1777892203.8453324,0.0,-4.0,-67.0
1777892203.8553324,1.0,-6.0,-72.0
1777892203.8653324,0.0,-3.0,-71.0
1777892203.8753324,2.0,-3.0,-70.0
1777892203.8853323,6.0,-3.0,-68.0
1777892203.8953323,2.0,-5.0,-71.0
1777892203.9053323,4.0,-6.0,-65.0
1777892203.9153323,-2.0,-4.0,-68.0
1777892203.9253323,-2.0,-2.0,-71.0
1777892203.9353323,-1.0,0.0,-72.0
1777892203.9453323,0.0,0.0,-72.0
1777892203.9553325,1.0,0.0,-71.0
1777892203.9653325,1.0,0.0,-71.0
1777892203.9753325,0.0,0.0,-64.0
1777892203.9853325,-2.0,0.0,-66.0
1777892203.9953325,-2.0,0.0,-67.0
1777892204.0053325,-2.0,-3.0,-73.0
1777892204.0153325,-1.0,-7.0,-71.0
1777892204.0253325,2.0,-2.0,-66.0
1777892204.0353324,4.0,-5.0,-72.0
1777892204.0453324,6.0,-4.0,-76.0
1777892204.0553324,0.0,0.0,-70.0
1777892204.0653324,-5.0,5.0,-69.0
1777892204.0753324,-4.0,5.0,-73.0
1777892204.0853324,-6.0,6.0,-71.0
1777892204.0953324,-5.0,1.0,-72.0
1777892204.1053324,-3.0,0.0,-75.0
1777892204.1153324,0.0,-1.0,-71.0
1777892204.1253324,0.0,-3.0,-71.0
1777892204.1353323,1.0,-1.0,-76.0
1777892204.1453323,1.0,-1.0,-77.0
1777892204.1553323,0.0,-1.0,-81.0
1777892204.1653323,6.0,0.0,-80.0
1777892204.1753323,7.0,-2.0,-84.0
1777892204.1853323,4.0,-2.0,-88.0
1777892204.1953323,5.0,0.0,-85.0
1777892204.2053325,7.0,2.0,-83.0
1777892204.2153325,5.0,0.0,-79.0
1777892204.2253325,5.0,1.0,-77.0
1777892204.2353325,6.0,0.0,-78.0
1777892204.2453325,5.0,0.0,-73.0
1777892204.2553325,0.0,1.0,-72.0
1777892204.2653325,1.0,-1.0,-77.0
1777892204.2753325,-4.0,-1.0,-74.0
1777892204.2853324,0.0,0.0,-66.0
1777892204.2953324,4.0,-3.0,-70.0
1777892204.3053324,2.0,-2.0,-69.0
1777892204.3153324,2.0,-1.0,-68.0
1777892204.3253324,-1.0,-4.0,-71.0
1777892204.3353324,-1.0,-3.0,-66.0
1777892204.3453324,4.0,-3.0,-61.0
1777892204.3553324,6.0,-3.0,-64.0
1777892204.3653324,9.0,-2.0,-67.0
1777892204.3753324,8.0,-7.0,-61.0
1777892204.3853323,6.0,-13.0,-60.0
1777892204.3953323,9.0,-11.0,-61.0
1777892204.4053323,12.0,-8.0,-60.0
1777892204.4153323,9.0,-5.0,-61.0
1777892204.4253323,11.0,-3.0,-60.0
1777892204.4353323,8.0,-6.0,-58.0
1777892204.4453323,7.0,-3.0,-60.0
1777892204.4553325,8.0,-1.0,-64.0
1777892204.4653325,7.0,0.0,-61.0
1777892204.4753325,5.0,-2.0,-60.0
1777892204.4853325,8.0,-3.0,-62.0
1777892204.4953325,3.0,-3.0,-67.0
1777892204.5053325,2.0,-3.0,-66.0
1777892204.5153325,2.0,-3.0,-69.0
1777892204.5253325,1.0,-5.0,-67.0
1777892204.5353324,5.0,-2.0,-61.0
1777892204.5453324,5.0,0.0,-63.0
1777892204.5553324,8.0,0.0,-70.0
1777892204.5653324,10.0,-3.0,-69.0
1777892204.5753324,10.0,-5.0,-70.0
1777892204.5853324,8.0,-2.0,-75.0
1777892204.5953324,5.0,-3.0,-72.0
1777892204.6053324,-1.0,1.0,-73.0
1777892204.6153324,0.0,-2.0,-71.0
1777892204.6253324,-5.0,0.0,-69.0
1777892204.6353323,-4.0,-3.0,-73.0
1777892204.6453323,-1.0,-5.0,-67.0
1777892204.6553323,0.0,-3.0,-69.0
1777892204.6653323,-6.0,-1.0,-70.0
1777892204.6753323,-7.0,0.0,-75.0
1777892204.6853323,-3.0,-1.0,-70.0
1777892204.6953323,0.0,-2.0,-70.0
1777892204.7053325,2.0,-4.0,-78.0
1777892204.7153325,0.0,-4.0,-73.0
1777892204.7253325,0.0,-2.0,-68.0
1777892204.7353325,-3.0,0.0,-71.0
1777892204.7453325,0.0,0.0,-67.0
1777892204.7553325,-2.0,-4.0,-68.0
1777892204.7653325,-3.0,-4.0,-66.0
1777892204.7753325,-4.0,0.0,-70.0
1777892204.7853324,0.0,-3.0,-73.0
1777892204.7953324,0.0,-3.0,-72.0
1777892204.8053324,5.0,-6.0,-76.0
1777892204.8153324,5.0,-3.0,-73.0
1777892204.8253324,6.0,-3.0,-77.0
1777892204.8353324,4.0,2.0,-78.0
1777892204.8453324,1.0,1.0,-75.0
1777892204.8553324,2.0,-1.0,-74.0
1777892204.8653324,5.0,-2.0,-81.0
1777892204.8753324,9.0,-3.0,-74.0
1777892204.8853323,5.0,1.0,-73.0
1777892204.8953323,2.0,0.0,-71.0
1777892204.9053323,0.0,0.0,-71.0
1777892204.9153323,-4.0,0.0,-72.0
1777892204.9253323,-1.0,6.0,-77.0
1777892204.9353323,-2.0,5.0,-76.0
1777892204.9453323,-3.0,4.0,-72.0
1777892204.9553325,-3.0,7.0,-75.0
1777892204.9653325,-6.0,5.0,-75.0
1777892204.9753325,-6.0,7.0,-78.0
1777892204.9853325,-5.0,9.0,-76.0
1777892204.9953325,0.0,7.0,-71.0
1777892205.0053325,0.0,5.0,-71.0
1777892205.0153325,0.0,2.0,-70.0
1777892205.0253325,-5.0,6.0,-67.0
1777892205.0353324,-3.0,4.0,-70.0
1777892205.0453324,-7.0,3.0,-68.0
1777892205.0553324,-7.0,2.0,-65.0
1777892205.0653324,-7.0,-2.0,-63.0
1777892205.0753324,-4.0,3.0,-61.0
1777892205.0853324,-4.0,0.0,-64.0
1777892205.0953324,-3.0,0.0,-68.0
1777892205.1053324,1.0,2.0,-73.0
1777892205.1153324,-3.0,-1.0,-74.0
1777892205.1253324,-4.0,-2.0,-74.0
1777892205.1353323,-8.0,0.0,-75.0
1777892205.1453323,-5.0,1.0,-71.0
1777892205.1553323,-4.0,1.0,-69.0
1777892205.1653323,-6.0,1.0,-68.0
1777892205.1753323,0.0,3.0,-64.0
1777892205.1853323,0.0,3.0,-60.0
1777892205.1953323,-1.0,3.0,-62.0
1777892205.2053325,1.0,1.0,-62.0
1777892205.2153325,5.0,-2.0,-61.0
1777892205.2253325,1.0,-1.0,-57.0
1777892205.2353325,1.0,0.0,-60.0
1777892205.2453325,2.0,-3.0,-59.0
1777892205.2553325,5.0,-4.0,-63.0
1777892205.2653325,4.0,-3.0,-67.0
1777892205.2753325,1.0,4.0,-71.0
1777892205.2863324,7.0,8.0,-77.0
1777892205.2953324,10.0,5.0,-68.0
1777892205.3053324,9.0,4.0,-63.0
1777892205.3153324,6.0,2.0,-60.0
1777892205.3263323,4.0,0.0,-61.0
1777892205.3363323,6.0,0.0,-65.0
1777892205.3463323,3.0,1.0,-65.0
1777892205.3563323,0.0,1.0,-66.0
1777892205.3663323,1.0,2.0,-68.0
1777892205.3763323,3.0,-1.0,-73.0
1777892205.3863325,-1.0,-3.0,-78.0
1777892205.3963325,2.0,-4.0,-70.0
1777892205.4063325,3.0,-4.0,-67.0
1777892205.4163325,1.0,0.0,-69.0
1777892205.4263325,1.0,0.0,-70.0
1777892205.4363325,-3.0,-1.0,-71.0
1777892205.4463325,-6.0,-2.0,-69.0
1777892205.4563324,-6.0,-4.0,-64.0
1777892205.4663324,-6.0,-5.0,-62.0
1777892205.4763324,-4.0,-4.0,-65.0
1777892205.4863324,-1.0,0.0,-70.0
1777892205.4963324,0.0,-1.0,-70.0
1777892205.5063324,0.0,0.0,-67.0
1777892205.5163324,-4.0,-1.0,-60.0
1777892205.5263324,-2.0,-2.0,-64.0
1777892205.5363324,0.0,1.0,-68.0
1777892205.5463324,0.0,2.0,-67.0
1777892205.5563323,2.0,-1.0,-69.0
1777892205.5663323,3.0,-7.0,-71.0
1777892205.5763323,1.0,-9.0,-69.0
1777892205.5863323,1.0,-7.0,-71.0
1777892205.5963323,5.0,-6.0,-61.0
1777892205.6063323,6.0,-3.0,-64.0
1777892205.6163323,6.0,-2.0,-63.0
1777892205.6263323,8.0,-2.0,-62.0
1777892205.6363325,1.0,0.0,-62.0
1777892205.6463325,8.0,0.0,-56.0
1777892205.6563325,9.0,-3.0,-52.0
1777892205.6663325,9.0,-3.0,-58.0
1777892205.6763325,5.0,-3.0,-58.0
1777892205.6863325,2.0,-3.0,-61.0
1777892205.6963325,-1.0,1.0,-66.0
1777892205.7063324,2.0,0.0,-66.0
1777892205.7163324,1.0,0.0,-70.0
1777892205.7263324,2.0,-1.0,-72.0
1777892205.7363324,1.0,-3.0,-66.0
1777892205.7463324,-2.0,-2.0,-67.0
1777892205.7563324,1.0,-3.0,-64.0
1777892205.7663324,3.0,0.0,-62.0
1777892205.7763324,4.0,0.0,-70.0
1777892205.7863324,4.0,0.0,-68.0
1777892205.7963324,0.0,0.0,-67.0
1777892205.8063323,0.0,-1.0,-67.0
1777892205.8163323,0.0,3.0,-68.0
1777892205.8263323,1.0,0.0,-75.0
1777892205.8363323,2.0,0.0,-78.0
1777892205.8463323,-2.0,-3.0,-72.0
1777892205.8563323,-3.0,-2.0,-75.0
1777892205.8663323,-5.0,2.0,-75.0
1777892205.8763323,-11.0,3.0,-64.0
1777892205.8863325,-3.0,0.0,-62.0
1777892205.8963325,-4.0,0.0,-63.0
1777892205.9063325,-5.0,0.0,-64.0
1777892205.9163325,-3.0,0.0,-67.0
1777892205.9263325,-5.0,1.0,-72.0
1777892205.9363325,-4.0,4.0,-77.0
1777892205.9463325,-5.0,3.0,-74.0
1777892205.9563324,-6.0,2.0,-72.0
1777892205.9663324,-5.0,-1.0,-74.0
1777892205.9763324,-5.0,0.0,-75.0
1777892205.9863324,2.0,1.0,-76.0
1777892205.9963324,3.0,0.0,-79.0
1777892206.0063324,0.0,-2.0,-77.0
1777892206.0163324,4.0,-1.0,-76.0
1777892206.0263324,5.0,0.0,-75.0
1777892206.0363324,10.0,-2.0,-74.0
1777892206.0463324,14.0,-1.0,-74.0
1777892206.0563323,9.0,0.0,-71.0
1777892206.0663323,4.0,0.0,-72.0
1777892206.0763323,4.0,0.0,-68.0
1777892206.0863323,1.0,1.0,-70.0
1777892206.0963323,5.0,2.0,-66.0
1777892206.1063323,3.0,2.0,-72.0
1777892206.1163323,-2.0,1.0,-68.0
1777892206.1263323,-1.0,-1.0,-62.0
1777892206.1363325,-4.0,1.0,-63.0
1777892206.1463325,-1.0,0.0,-61.0
1777892206.1563325,0.0,0.0,-63.0
1777892206.1663325,2.0,-4.0,-66.0
1777892206.1763325,0.0,-3.0,-70.0
1777892206.1863325,-4.0,-1.0,-76.0
1777892206.1963325,-5.0,-1.0,-72.0
1777892206.2063324,0.0,1.0,-68.0
1777892206.2163324,6.0,0.0,-65.0
1777892206.2263324,8.0,1.0,-71.0
1777892206.2363324,5.0,0.0,-71.0
1777892206.2463324,7.0,-3.0,-72.0
1777892206.2563324,6.0,-4.0,-75.0
1777892206.2663324,5.0,-5.0,-75.0
1777892206.2763324,3.0,-3.0,-74.0
1777892206.2863324,5.0,-3.0,-69.0
1777892206.2963324,3.0,1.0,-70.0
1777892206.3063323,0.0,-2.0,-65.0
1777892206.3163323,-1.0,-4.0,-69.0
1777892206.3263323,-5.0,-4.0,-72.0
1777892206.3363323,-1.0,-6.0,-72.0
1777892206.3463323,0.0,-9.0,-71.0
1777892206.3563323,0.0,-8.0,-66.0
1777892206.3663323,0.0,-6.0,-64.0
1777892206.3763323,5.0,-2.0,-67.0
1777892206.3863325,6.0,0.0,-68.0
1777892206.3963325,8.0,-3.0,-74.0
1777892206.4063325,6.0,0.0,-75.0
1777892206.4163325,1.0,3.0,-71.0
1777892206.4263325,2.0,6.0,-72.0
1777892206.4363325,4.0,8.0,-71.0
1777892206.4463325,3.0,3.0,-76.0
1777892206.4563324,-1.0,0.0,-73.0
1777892206.4663324,0.0,1.0,-71.0
1777892206.4763324,-2.0,-1.0,-71.0
1777892206.4863324,-5.0,-5.0,-69.0
1777892206.4963324,-4.0,-4.0,-74.0
1777892206.5063324,-3.0,-2.0,-73.0
1777892206.5163324,5.0,-3.0,-70.0
1777892206.5263324,6.0,-3.0,-73.0
1777892206.5363324,2.0,-4.0,-68.0
1777892206.5463324,-1.0,0.0,-69.0
1777892206.5563323,-1.0,-2.0,-68.0
1777892206.5663323,0.0,-4.0,-72.0
1777892206.5763323,10.0,-5.0,-70.0
1777892206.5863323,8.0,-7.0,-77.0
1777892206.5963323,11.0,-8.0,-81.0
1777892206.6063323,12.0,-9.0,-86.0
1777892206.6163323,16.0,-4.0,-83.0
1777892206.6263323,12.0,-4.0,-76.0
1777892206.6363325,11.0,-5.0,-76.0
1777892206.6463325,14.0,-8.0,-80.0
1777892206.6563325,12.0,-5.0,-80.0
1777892206.6663325,9.0,0.0,-76.0
1777892206.6763325,6.0,-1.0,-74.0
1777892206.6863325,4.0,-2.0,-73.0
1777892206.6963325,8.0,-1.0,-67.0
1777892206.7063324,6.0,2.0,-70.0
1777892206.7163324,7.0,3.0,-73.0
1777892206.7263324,7.0,4.0,-68.0
1777892206.7363324,10.0,4.0,-63.0
1777892206.7463324,0.0,2.0,-68.0
1777892206.7563324,-2.0,-2.0,-72.0
1777892206.7663324,3.0,-4.0,-75.0
1777892206.7763324,2.0,-3.0,-72.0
1777892206.7863324,1.0,-4.0,-70.0
1777892206.7963324,6.0,0.0,-60.0
1777892206.8063323,6.0,0.0,-62.0
1777892206.8163323,8.0,-3.0,-63.0
1777892206.8263323,5.0,-3.0,-70.0
1777892206.8363323,8.0,0.0,-71.0
1777892206.8463323,10.0,0.0,-70.0
1777892206.8563323,6.0,0.0,-65.0
1777892206.8663323,3.0,0.0,-65.0
1777892206.8763323,0.0,-4.0,-70.0
1777892206.8863325,1.0,-4.0,-71.0
1777892206.8963325,0.0,-2.0,-73.0
1777892206.9063325,-3.0,-2.0,-69.0
1777892206.9163325,-1.0,-9.0,-69.0
1777892206.9263325,-1.0,-6.0,-69.0
1777892206.9363325,-3.0,-6.0,-75.0
1777892206.9463325,-3.0,-4.0,-74.0
1777892206.9563324,-1.0,0.0,-65.0
1777892206.9663324,-3.0,2.0,-67.0
1777892206.9763324,-4.0,4.0,-65.0
1777892206.9863324,-3.0,5.0,-74.0
1777892206.9963324,0.0,8.0,-78.0
1777892207.0063324,-1.0,5.0,-77.0
1777892207.0163324,0.0,4.0,-75.0
1777892207.0263324,0.0,4.0,-75.0
1777892207.0363324,4.0,2.0,-77.0
1777892207.0463324,1.0,1.0,-76.0
1777892207.0563323,3.0,2.0,-74.0
1777892207.0663323,2.0,4.0,-72.0
1777892207.0763323,2.0,5.0,-71.0
1777892207.0863323,1.0,6.0,-74.0
1777892207.0963323,5.0,5.0,-80.0
1777892207.1063323,3.0,2.0,-77.0
1777892207.1163323,2.0,4.0,-73.0
1777892207.1263323,2.0,6.0,-73.0
1777892207.1363325,4.0,5.0,-66.0
1777892207.1463325,5.0,3.0,-66.0
1777892207.1563325,4.0,0.0,-65.0
1777892207.1663325,1.0,-3.0,-70.0
1777892207.1763325,0.0,0.0,-70.0
1777892207.1863325,1.0,-1.0,-72.0
1777892207.1963325,0.0,-2.0,-71.0
1777892207.2063324,0.0,-3.0,-70.0
1777892207.2163324,1.0,-7.0,-73.0
1777892207.2263324,4.0,-8.0,-71.0
1777892207.2363324,0.0,-6.0,-75.0
1777892207.2463324,1.0,-5.0,-77.0
1777892207.2563324,-2.0,1.0,-79.0
1777892207.2673323,-2.0,2.0,-78.0
1777892207.2763324,0.0,0.0,-85.0
1777892207.2863324,-2.0,-1.0,-81.0
1777892207.2963324,-1.0,1.0,-72.0
1777892207.3073325,3.0,2.0,-73.0
1777892207.3173325,2.0,2.0,-74.0
1777892207.3263323,2.0,4.0,-73.0
1777892207.3373325,0.0,4.0,-75.0
1777892207.3473325,0.0,1.0,-79.0
1777892207.3573325,-3.0,2.0,-83.0
1777892207.3673325,-7.0,0.0,-82.0
1777892207.3763323,-4.0,-6.0,-81.0
1777892207.3873324,-1.0,-7.0,-69.0
1777892207.3973324,-1.0,-9.0,-65.0
1777892207.4073324,-5.0,-6.0,-68.0
1777892207.4173324,-3.0,-8.0,-68.0
1777892207.4273324,-3.0,-1.0,-64.0
1777892207.4373324,-5.0,-3.0,-61.0
1777892207.4473324,-4.0,-4.0,-58.0
1777892207.4573324,0.0,-3.0,-58.0
1777892207.4673324,1.0,-2.0,-65.0
1777892207.4773324,5.0,-1.0,-66.0
1777892207.4873323,6.0,-5.0,-69.0
1777892207.4973323,2.0,-1.0,-69.0
1777892207.5073323,6.0,-2.0,-69.0
1777892207.5173323,5.0,-4.0,-67.0
1777892207.5273323,2.0,-4.0,-68.0
1777892207.5373323,3.0,-2.0,-76.0
1777892207.5473323,2.0,-1.0,-74.0
1777892207.5573325,1.0,1.0,-70.0
1777892207.5673325,2.0,1.0,-71.0
1777892207.5773325,4.0,3.0,-68.0
1777892207.5873325,5.0,0.0,-60.0
1777892207.5973325,5.0,2.0,-63.0
1777892207.6073325,3.0,2.0,-62.0
1777892207.6173325,6.0,1.0,-65.0
1777892207.6273324,6.0,2.0,-61.0
1777892207.6373324,7.0,3.0,-58.0
1777892207.6473324,5.0,3.0,-62.0
1777892207.6573324,7.0,5.0,-67.0
1777892207.6673324,7.0,5.0,-71.0
1777892207.6773324,6.0,5.0,-82.0
1777892207.6873324,-1.0,3.0,-85.0
1777892207.6973324,2.0,1.0,-82.0
1777892207.7073324,2.0,0.0,-77.0
1777892207.7173324,-1.0,-5.0,-81.0
1777892207.7273324,-4.0,-5.0,-79.0
1777892207.7373323,-1.0,-3.0,-78.0
1777892207.7473323,0.0,-6.0,-75.0
1777892207.7573323,2.0,-4.0,-69.0
1777892207.7673323,1.0,-7.0,-68.0
1777892207.7773323,2.0,-5.0,-64.0
1777892207.7873323,-1.0,-3.0,-66.0
1777892207.7973323,-2.0,-1.0,-72.0
1777892207.8073325,-1.0,1.0,-75.0
1777892207.8173325,0.0,-2.0,-74.0
1777892207.8273325,-2.0,-2.0,-79.0
1777892207.8373325,-4.0,0.0,-83.0
1777892207.8473325,-8.0,4.0,-87.0
1777892207.8573325,-8.0,0.0,-84.0
1777892207.8673325,-2.0,-1.0,-85.0
1777892207.8773324,2.0,-1.0,-85.0
1777892207.8873324,6.0,-4.0,-90.0
1777892207.8973324,1.0,-6.0,-89.0
1777892207.9073324,2.0,-9.0,-89.0
1777892207.9173324,3.0,-6.0,-81.0
1777892207.9273324,0.0,-4.0,-78.0
1777892207.9373324,0.0,-5.0,-81.0
1777892207.9473324,-4.0,-5.0,-79.0
1777892207.9573324,-6.0,-6.0,-75.0
1777892207.9673324,0.0,-5.0,-75.0
1777892207.9773324,-5.0,-5.0,-68.0
1777892207.9873323,-6.0,-3.0,-76.0
1777892207.9973323,-5.0,-2.0,-70.0
1777892208.0073323,-6.0,1.0,-74.0
1777892208.0173323,-5.0,3.0,-71.0
1777892208.0273323,-5.0,3.0,-77.0
1777892208.0373323,-3.0,0.0,-81.0
1777892208.0473323,-3.0,0.0,-81.0
1777892208.0573325,0.0,0.0,-81.0
1777892208.0673325,-1.0,-3.0,-79.0
1777892208.0773325,-2.0,-2.0,-85.0
1777892208.0873325,-3.0,-3.0,-80.0
1777892208.0973325,-1.0,-5.0,-75.0
1777892208.1073325,0.0,-10.0,-70.0
1777892208.1173325,-3.0,-10.0,-68.0
1777892208.1273324,-2.0,-7.0,-66.0
1777892208.1373324,-4.0,-4.0,-72.0
1777892208.1473324,-4.0,-1.0,-74.0
1777892208.1573324,-3.0,0.0,-68.0
1777892208.1673324,-2.0,0.0,-70.0
1777892208.1773324,-3.0,-1.0,-65.0
1777892208.1873324,0.0,0.0,-67.0
1777892208.1973324,0.0,1.0,-71.0
1777892208.2073324,1.0,1.0,-64.0
1777892208.2173324,1.0,2.0,-68.0
1777892208.2283323,5.0,3.0,-66.0
1777892208.2373323,6.0,-2.0,-66.0
1777892208.2473323,8.0,-3.0,-75.0
1777892208.2573323,7.0,-1.0,-67.0
1777892208.2673323,6.0,-5.0,-64.0
1777892208.2773323,5.0,-6.0,-68.0
1777892208.2873323,5.0,-6.0,-65.0
1777892208.2973323,3.0,-1.0,-64.0
1777892208.3073325,-1.0,-3.0,-60.0
1777892208.3173325,-3.0,-3.0,-68.0
1777892208.3273325,-1.0,0.0,-66.0
1777892208.3373325,1.0,0.0,-71.0
1777892208.3473325,4.0,0.0,-69.0
1777892208.3573325,1.0,2.0,-69.0
1777892208.3673325,2.0,-1.0,-72.0
1777892208.3773324,3.0,-1.0,-77.0
1777892208.3873324,1.0,1.0,-84.0
1777892208.3973324,-1.0,-1.0,-79.0
1777892208.4073324,0.0,0.0,-66.0
1777892208.4173324,1.0,-2.0,-68.0
1777892208.4273324,2.0,0.0,-70.0
1777892208.4373324,1.0,-5.0,-74.0
1777892208.4473324,4.0,-6.0,-74.0
1777892208.4573324,6.0,-3.0,-74.0
1777892208.4673324,0.0,-3.0,-70.0
1777892208.4773324,4.0,-4.0,-69.0
1777892208.4873323,5.0,-1.0,-70.0
1777892208.4973323,1.0,-1.0,-71.0
1777892208.5073323,4.0,-2.0,-70.0
1777892208.5173323,6.0,-3.0,-73.0
1777892208.5273323,6.0,-1.0,-73.0
1777892208.5373323,6.0,0.0,-80.0
1777892208.5473323,7.0,0.0,-75.0
1777892208.5573325,5.0,0.0,-68.0
1777892208.5673325,0.0,-1.0,-67.0
1777892208.5773325,0.0,0.0,-72.0
1777892208.5873325,-3.0,-1.0,-69.0
1777892208.5973325,-4.0,3.0,-71.0
1777892208.6073325,-4.0,1.0,-71.0
1777892208.6173325,0.0,-5.0,-73.0
1777892208.6273324,4.0,-4.0,-69.0
1777892208.6373324,10.0,-3.0,-65.0
1777892208.6473324,6.0,-6.0,-65.0
1777892208.6573324,7.0,-4.0,-68.0
1777892208.6673324,3.0,0.0,-67.0
1777892208.6773324,5.0,0.0,-67.0
1777892208.6873324,7.0,3.0,-62.0
1777892208.6973324,4.0,3.0,-60.0
1777892208.7073324,5.0,1.0,-59.0
1777892208.7173324,3.0,-3.0,-61.0
1777892208.7273324,5.0,-4.0,-65.0
1777892208.7373323,1.0,-2.0,-66.0
1777892208.7473323,1.0,0.0,-74.0
1777892208.7573323,-2.0,1.0,-72.0
1777892208.7673323,-3.0,3.0,-67.0
1777892208.7773323,-5.0,0.0,-70.0
1777892208.7873323,-2.0,-2.0,-70.0
1777892208.7973323,-5.0,-3.0,-74.0
1777892208.8073325,-1.0,-1.0,-76.0
1777892208.8173325,0.0,-4.0,-75.0
1777892208.8273325,-3.0,-7.0,-65.0
1777892208.8373325,-5.0,-11.0,-63.0
1777892208.8473325,-2.0,-6.0,-66.0
1777892208.8573325,-1.0,-3.0,-70.0
1777892208.8673325,0.0,-1.0,-71.0
1777892208.8773324,5.0,0.0,-72.0
1777892208.8873324,1.0,0.0,-73.0
1777892208.8973324,2.0,-1.0,-71.0
1777892208.9073324,4.0,-3.0,-72.0
1777892208.9173324,2.0,-2.0,-74.0
1777892208.9273324,5.0,-5.0,-74.0
1777892208.9373324,1.0,-5.0,-74.0
1777892208.9473324,7.0,-3.0,-73.0
1777892208.9573324,7.0,-7.0,-65.0
1777892208.9673324,2.0,-8.0,-65.0
1777892208.9773324,0.0,-4.0,-66.0
1777892208.9873323,0.0,-4.0,-68.0
1777892208.9973323,2.0,-1.0,-63.0
1777892209.0073323,0.0,-4.0,-69.0
1777892209.0173323,3.0,-5.0,-73.0
1777892209.0273323,1.0,-3.0,-75.0
1777892209.0373323,1.0,-1.0,-73.0
1777892209.0473323,2.0,0.0,-74.0
1777892209.0573325,5.0,0.0,-71.0
1777892209.0673325,8.0,-2.0,-64.0
1777892209.0773325,5.0,1.0,-70.0
1777892209.0873325,4.0,-1.0,-67.0
1777892209.0973325,2.0,-2.0,-73.0
1777892209.1073325,1.0,-2.0,-74.0
1777892209.1173325,2.0,-4.0,-73.0
1777892209.1273324,0.0,-7.0,-71.0
1777892209.1373324,-1.0,-6.0,-67.0
1777892209.1473324,-2.0,-6.0,-67.0
1777892209.1573324,-1.0,-6.0,-68.0
1777892209.1673324,-4.0,-6.0,-68.0
1777892209.1773324,1.0,-3.0,-68.0
1777892209.1873324,7.0,-2.0,-74.0
1777892209.1973324,8.0,-3.0,-75.0
1777892209.2073324,6.0,-4.0,-74.0
1777892209.2173324,6.0,-3.0,-73.0
1777892209.2273324,3.0,-5.0,-76.0
1777892209.2373323,0.0,-4.0,-70.0
1777892209.2473323,0.0,-3.0,-75.0
1777892209.2573323,5.0,-3.0,-72.0
1777892209.2673323,5.0,-4.0,-69.0
1777892209.2773323,4.0,-4.0,-67.0
1777892209.2873323,5.0,-3.0,-67.0
1777892209.2983325,3.0,-6.0,-66.0
1777892209.3083324,1.0,-6.0,-62.0
1777892209.3183324,0.0,-3.0,-65.0
1777892209.3283324,5.0,0.0,-67.0
1777892209.3383324,6.0,-3.0,-66.0
1777892209.3483324,3.0,-5.0,-65.0
1777892209.3583324,2.0,-5.0,-63.0
1777892209.3683324,2.0,-1.0,-68.0
1777892209.3783324,0.0,0.0,-65.0
1777892209.3883324,-3.0,1.0,-71.0
1777892209.3983324,-1.0,1.0,-70.0
1777892209.4083323,0.0,-2.0,-68.0
1777892209.4183323,5.0,4.0,-62.0
1777892209.4283323,5.0,1.0,-70.0
1777892209.4383323,0.0,2.0,-64.0
1777892209.4483323,2.0,0.0,-64.0
1777892209.4583323,6.0,0.0,-63.0
1777892209.4683323,8.0,0.0,-65.0
1777892209.4783323,8.0,2.0,-69.0
1777892209.4883325,5.0,1.0,-71.0
1777892209.4983325,1.0,-2.0,-70.0
1777892209.5083325,4.0,-2.0,-70.0
1777892209.5183325,2.0,-2.0,-67.0
1777892209.5283325,1.0,-2.0,-70.0
1777892209.5383325,0.0,-1.0,-71.0
1777892209.5483325,0.0,-1.0,-78.0
1777892209.5583324,2.0,-2.0,-75.0
1777892209.5683324,2.0,-3.0,-68.0
1777892209.5783324,3.0,-4.0,-70.0
1777892209.5883324,4.0,-2.0,-69.0
1777892209.5983324,8.0,-5.0,-62.0
1777892209.6083324,6.0,-6.0,-63.0
1777892209.6183324,5.0,-9.0,-69.0
1777892209.6283324,0.0,-7.0,-65.0
1777892209.6383324,-1.0,-6.0,-71.0
1777892209.6483324,-2.0,-7.0,-65.0
1777892209.6583323,0.0,-2.0,-66.0
1777892209.6683323,1.0,-3.0,-67.0
1777892209.6783323,0.0,-2.0,-63.0
1777892209.6883323,2.0,-6.0,-58.0
1777892209.6983323,2.0,-2.0,-65.0
1777892209.7083323,0.0,-1.0,-64.0
1777892209.7183323,-1.0,-3.0,-66.0
1777892209.7283323,-2.0,-3.0,-69.0
1777892209.7383325,2.0,-6.0,-72.0
1777892209.7483325,4.0,-3.0,-75.0
1777892209.7583325,6.0,-4.0,-80.0
1777892209.7683325,6.0,0.0,-79.0
1777892209.7783325,7.0,0.0,-79.0
1777892209.7883325,7.0,0.0,-75.0
1777892209.7983325,5.0,-3.0,-71.0
1777892209.8083324,6.0,-6.0,-62.0
1777892209.8183324,6.0,-4.0,-63.0
1777892209.8283324,10.0,-6.0,-64.0
1777892209.8383324,4.0,-1.0,-65.0
1777892209.8483324,5.0,0.0,-69.0
1777892209.8583324,3.0,-1.0,-68.0
1777892209.8683324,6.0,-6.0,-76.0
1777892209.8783324,9.0,-5.0,-78.0
1777892209.8883324,7.0,-1.0,-85.0
1777892209.8983324,3.0,-4.0,-81.0
1777892209.9083323,-1.0,-2.0,-79.0
1777892209.9183323,1.0,-2.0,-84.0
1777892209.9283323,0.0,-2.0,-90.0
1777892209.9383323,-2.0,0.0,-88.0
1777892209.9483323,-2.0,2.0,-86.0
1777892209.9583323,-1.0,3.0,-84.0
1777892209.9683323,1.0,6.0,-78.0
1777892209.9783323,0.0,3.0,-75.0
1777892209.9883325,0.0,3.0,-75.0
1777892209.9983325,4.0,3.0,-72.0
1777892210.0083325,10.0,0.0,-74.0
1777892210.0183325,10.0,0.0,-79.0
1777892210.0283325,12.0,0.0,-84.0
1777892210.0383325,11.0,2.0,-82.0
1777892210.0483325,12.0,3.0,-79.0
1777892210.0583324,7.0,1.0,-83.0
1777892210.0683324,7.0,0.0,-82.0
1777892210.0783324,5.0,2.0,-78.0
1777892210.0883324,4.0,5.0,-77.0
1777892210.0983324,1.0,4.0,-80.0
1777892210.1083324,0.0,0.0,-84.0
1777892210.1183324,-3.0,-1.0,-80.0
1777892210.1283324,0.0,0.0,-71.0
1777892210.1383324,1.0,-3.0,-68.0
1777892210.1483324,1.0,-3.0,-68.0
1777892210.1583323,3.0,-2.0,-66.0
1777892210.1683323,1.0,1.0,-67.0
1777892210.1783323,0.0,0.0,-65.0
1777892210.1883323,0.0,0.0,-64.0
1777892210.1983323,2.0,0.0,-67.0
1777892210.2083323,3.0,-1.0,-71.0
1777892210.2183323,-1.0,-3.0,-77.0
1777892210.2283323,-7.0,0.0,-66.0
1777892210.2383325,-9.0,-1.0,-66.0
1777892210.2483325,-7.0,-1.0,-69.0
1777892210.2583325,-7.0,2.0,-63.0
1777892210.2683325,-1.0,0.0,-65.0
1777892210.2783325,1.0,-2.0,-66.0
1777892210.2883325,0.0,-4.0,-61.0
1777892210.2983325,0.0,-1.0,-69.0
1777892210.3083324,2.0,7.0,-74.0
1777892210.3183324,4.0,8.0,-76.0
1777892210.3283324,5.0,5.0,-80.0
1777892210.3383324,4.0,-1.0,-76.0
1777892210.3483324,2.0,-1.0,-80.0
1777892210.3583324,3.0,0.0,-73.0
1777892210.3683324,0.0,1.0,-64.0
1777892210.3783324,2.0,3.0,-66.0
1777892210.3883324,4.0,0.0,-73.0
1777892210.3983324,8.0,4.0,-78.0
1777892210.4083323,8.0,5.0,-73.0
1777892210.4183323,5.0,5.0,-69.0
1777892210.4283323,7.0,0.0,-66.0
1777892210.4383323,8.0,0.0,-59.0
1777892210.4483323,6.0,-2.0,-64.0
1777892210.4583323,5.0,-4.0,-66.0
1777892210.4683323,6.0,-1.0,-58.0
1777892210.4783323,5.0,-4.0,-56.0
1777892210.4883325,2.0,-4.0,-65.0
1777892210.4983325,0.0,0.0,-71.0
1777892210.5083325,0.0,-1.0,-73.0
1777892210.5183325,-2.0,-2.0,-72.0
1777892210.5283325,1.0,-5.0,-70.0
1777892210.5383325,0.0,-1.0,-68.0
1777892210.5483325,-8.0,-1.0,-71.0
1777892210.5583324,-6.0,0.0,-76.0
1777892210.5683324,-6.0,0.0,-72.0
1777892210.5783324,-5.0,1.0,-71.0
1777892210.5883324,-7.0,-1.0,-75.0
1777892210.5983324,-1.0,-1.0,-81.0
1777892210.6083324,-1.0,0.0,-75.0
1777892210.6183324,0.0,4.0,-75.0
1777892210.6283324,3.0,3.0,-71.0
1777892210.6383324,6.0,0.0,-70.0
1777892210.6483324,5.0,0.0,-66.0
1777892210.6583323,5.0,-2.0,-62.0
1777892210.6683323,5.0,-4.0,-59.0
1777892210.6783323,1.0,-1.0,-60.0
1777892210.6883323,1.0,2.0,-61.0
1777892210.6983323,-1.0,0.0,-64.0
1777892210.7083323,0.0,1.0,-70.0
1777892210.7183323,4.0,-2.0,-65.0
1777892210.7283323,9.0,-2.0,-62.0
1777892210.7383325,7.0,0.0,-59.0
1777892210.7483325,7.0,0.0,-57.0
1777892210.7583325,4.0,2.0,-67.0
1777892210.7683325,0.0,6.0,-76.0
1777892210.7783325,0.0,4.0,-77.0
1777892210.7883325,6.0,1.0,-83.0
1777892210.7983325,5.0,3.0,-73.0
1777892210.8083324,0.0,3.0,-71.0
1777892210.8183324,-1.0,-1.0,-73.0
1777892210.8283324,1.0,-3.0,-68.0
1777892210.8383324,-1.0,-2.0,-71.0
1777892210.8483324,0.0,0.0,-71.0
1777892210.8583324,-2.0,-2.0,-66.0
1777892210.8683324,1.0,-5.0,-66.0
1777892210.8783324,0.0,-3.0,-68.0
1777892210.8883324,0.0,-5.0,-62.0
1777892210.8983324,1.0,-6.0,-68.0
1777892210.9083323,0.0,-7.0,-66.0
1777892210.9183323,4.0,-7.0,-68.0
1777892210.9283323,9.0,-6.0,-67.0
1777892210.9383323,12.0,-3.0,-68.0
1777892210.9483323,12.0,-3.0,-68.0
1777892210.9583323,11.0,-1.0,-66.0
1777892210.9683323,13.0,2.0,-69.0
1777892210.9783323,8.0,1.0,-73.0
1777892210.9883325,8.0,-1.0,-74.0
1777892210.9983325,8.0,-2.0,-70.0
1777892211.0083325,8.0,-1.0,-73.0
1777892211.0183325,9.0,-1.0,-68.0
1777892211.0283325,6.0,-4.0,-69.0
1777892211.0383325,2.0,-9.0,-66.0
1777892211.0483325,3.0,-10.0,-64.0
1777892211.0583324,0.0,-5.0,-67.0
1777892211.0683324,-3.0,-3.0,-66.0
1777892211.0783324,-5.0,-2.0,-60.0
1777892211.0883324,-7.0,-2.0,-66.0
1777892211.0983324,-4.0,0.0,-65.0
1777892211.1083324,0.0,-2.0,-63.0
1777892211.1183324,-6.0,-3.0,-62.0
1777892211.1283324,-6.0,-5.0,-69.0
1777892211.1383324,-2.0,-3.0,-67.0
1777892211.1483324,0.0,-2.0,-67.0
1777892211.1583323,0.0,-2.0,-65.0
1777892211.1683323,1.0,-1.0,-69.0
1777892211.1783323,1.0,0.0,-68.0
1777892211.1883323,0.0,2.0,-67.0
1777892211.1983323,-2.0,1.0,-76.0
1777892211.2083323,1.0,-1.0,-75.0
1777892211.2183323,0.0,0.0,-72.0
1777892211.2293324,-2.0,5.0,-78.0
1777892211.2383325,-1.0,3.0,-78.0
1777892211.2483325,0.0,4.0,-75.0
1777892211.2583325,-2.0,3.0,-73.0
1777892211.2683325,-3.0,4.0,-75.0
1777892211.2783325,-4.0,3.0,-75.0
1777892211.2893324,-3.0,7.0,-80.0
1777892211.2983325,-1.0,3.0,-81.0
1777892211.3093324,-1.0,-1.0,-83.0
1777892211.3193324,-5.0,-2.0,-80.0
1777892211.3293324,-3.0,-1.0,-81.0
1777892211.3393323,-4.0,-2.0,-75.0
1777892211.3493323,-5.0,-4.0,-66.0
1777892211.3583324,-6.0,-4.0,-64.0
1777892211.3693323,-5.0,-6.0,-67.0
1777892211.3793323,-8.0,-5.0,-63.0
1777892211.3893323,-5.0,-1.0,-58.0
1777892211.3993323,-2.0,-2.0,-64.0
1777892211.4093325,0.0,1.0,-64.0
1777892211.4193325,2.0,4.0,-66.0
1777892211.4293325,3.0,2.0,-68.0
1777892211.4393325,5.0,0.0,-81.0
1777892211.4493325,1.0,-1.0,-72.0
1777892211.4593325,1.0,0.0,-67.0
1777892211.4693325,1.0,2.0,-70.0
1777892211.4793324,2.0,-2.0,-67.0
1777892211.4893324,2.0,-6.0,-71.0
1777892211.4993324,7.0,-6.0,-67.0
1777892211.5093324,8.0,-4.0,-66.0
1777892211.5193324,5.0,-1.0,-67.0
1777892211.5293324,1.0,-2.0,-61.0
1777892211.5393324,-3.0,-3.0,-63.0
1777892211.5493324,-3.0,-4.0,-67.0
1777892211.5593324,1.0,-7.0,-60.0
1777892211.5693324,1.0,-7.0,-58.0
1777892211.5793324,1.0,-6.0,-57.0
1777892211.5893323,0.0,-3.0,-59.0
1777892211.5993323,0.0,0.0,-64.0
1777892211.6093323,-4.0,0.0,-66.0
1777892211.6193323,-3.0,-1.0,-72.0
1777892211.6293323,-1.0,-1.0,-79.0
1777892211.6393323,-2.0,-7.0,-76.0
1777892211.6493323,-3.0,-5.0,-79.0
1777892211.6593325,-3.0,-4.0,-75.0
1777892211.6693325,-4.0,-6.0,-72.0
1777892211.6793325,-4.0,-3.0,-72.0
1777892211.6893325,-2.0,-6.0,-83.0
1777892211.6993325,1.0,0.0,-85.0
1777892211.7093325,4.0,-1.0,-86.0
1777892211.7193325,6.0,0.0,-79.0
1777892211.7293324,5.0,0.0,-77.0
1777892211.7393324,2.0,4.0,-74.0
1777892211.7493324,0.0,4.0,-76.0
1777892211.7593324,-1.0,4.0,-76.0
1777892211.7693324,-1.0,2.0,-79.0
1777892211.7793324,3.0,-2.0,-84.0
1777892211.7893324,0.0,-5.0,-83.0
1777892211.7993324,4.0,-4.0,-78.0
1777892211.8093324,7.0,-8.0,-69.0
1777892211.8193324,5.0,-8.0,-70.0
1777892211.8293324,0.0,-7.0,-68.0
1777892211.8393323,3.0,-10.0,-71.0
1777892211.8493323,1.0,-11.0,-76.0
1777892211.8593323,5.0,-10.0,-80.0
1777892211.8693323,5.0,-10.0,-82.0
1777892211.8793323,7.0,-10.0,-80.0
1777892211.8893323,8.0,-5.0,-78.0
1777892211.8993323,5.0,-1.0,-79.0
1777892211.9093325,1.0,1.0,-76.0
1777892211.9193325,0.0,-2.0,-73.0
1777892211.9293325,-4.0,0.0,-70.0
1777892211.9393325,-4.0,2.0,-73.0
1777892211.9493325,1.0,1.0,-76.0
1777892211.9593325,0.0,6.0,-78.0
1777892211.9693325,0.0,3.0,-77.0
1777892211.9793324,1.0,3.0,-83.0
1777892211.9893324,-1.0,0.0,-77.0
1777892211.9993324,-4.0,1.0,-76.0
1777892212.0093324,0.0,1.0,-72.0
1777892212.0193324,0.0,0.0,-68.0
1777892212.0293324,0.0,-1.0,-67.0
1777892212.0393324,0.0,-4.0,-74.0
1777892212.0493324,0.0,-7.0,-77.0
1777892212.0593324,0.0,-7.0,-78.0
1777892212.0693324,2.0,-6.0,-78.0
1777892212.0793324,0.0,-8.0,-73.0
1777892212.0893323,1.0,-7.0,-69.0
1777892212.0993323,1.0,-5.0,-68.0
1777892212.1093323,-1.0,-4.0,-74.0
1777892212.1193323,0.0,-3.0,-75.0
1777892212.1293323,-2.0,-2.0,-81.0
1777892212.1393323,-5.0,2.0,-73.0
1777892212.1493323,1.0,0.0,-69.0
1777892212.1593325,4.0,1.0,-67.0
1777892212.1693325,-1.0,2.0,-59.0
1777892212.1793325,-2.0,0.0,-58.0
1777892212.1893325,-5.0,0.0,-60.0
1777892212.1993325,-1.0,-4.0,-59.0
1777892212.2093325,-1.0,-8.0,-62.0
1777892212.2193325,-4.0,-9.0,-62.0
1777892212.2293324,0.0,-9.0,-68.0
1777892212.2393324,0.0,-9.0,-71.0
1777892212.2493324,2.0,-9.0,-74.0
1777892212.2593324,2.0,-8.0,-67.0
1777892212.2693324,1.0,-6.0,-74.0
1777892212.2793324,7.0,-3.0,-73.0
1777892212.2893324,8.0,0.0,-71.0
1777892212.2993324,6.0,2.0,-72.0
1777892212.3093324,6.0,2.0,-67.0
1777892212.3193324,8.0,-3.0,-71.0
1777892212.3293324,9.0,0.0,-75.0
1777892212.3393323,3.0,1.0,-76.0
1777892212.3493323,0.0,2.0,-72.0
1777892212.3593323,3.0,-1.0,-73.0
1777892212.3693323,4.0,-2.0,-72.0
1777892212.3793323,1.0,-4.0,-69.0
1777892212.3893323,3.0,-4.0,-71.0
1777892212.3993323,-1.0,-4.0,-71.0
1777892212.4093325,-4.0,-8.0,-67.0
1777892212.4193325,-5.0,-8.0,-71.0
1777892212.4293325,-2.0,-6.0,-69.0
1777892212.4393325,2.0,-5.0,-74.0
1777892212.4493325,2.0,-9.0,-72.0
1777892212.4593325,-1.0,-7.0,-64.0
1777892212.4693325,1.0,-3.0,-69.0
1777892212.4793324,0.0,-2.0,-68.0
1777892212.4893324,-2.0,2.0,-70.0
1777892212.4993324,3.0,4.0,-68.0
1777892212.5093324,2.0,4.0,-65.0
1777892212.5193324,4.0,0.0,-65.0
1777892212.5293324,3.0,-1.0,-62.0
1777892212.5393324,3.0,-1.0,-59.0
1777892212.5493324,1.0,0.0,-60.0
1777892212.5593324,4.0,-1.0,-60.0
1777892212.5693324,2.0,-1.0,-64.0
1777892212.5793324,3.0,-2.0,-66.0
1777892212.5893323,1.0,0.0,-59.0
1777892212.5993323,-1.0,-1.0,-62.0
1777892212.6093323,0.0,0.0,-61.0
1777892212.6193323,-1.0,1.0,-67.0
1777892212.6293323,3.0,0.0,-71.0
1777892212.6393323,4.0,0.0,-71.0
1777892212.6493323,5.0,2.0,-70.0
1777892212.6593325,3.0,3.0,-68.0
1777892212.6693325,4.0,0.0,-68.0
1777892212.6793325,4.0,-2.0,-72.0
1777892212.6893325,3.0,-2.0,-65.0
1777892212.6993325,2.0,0.0,-71.0
1777892212.7093325,4.0,-1.0,-76.0
1777892212.7193325,1.0,-2.0,-75.0
1777892212.7293324,-3.0,-2.0,-72.0
1777892212.7393324,-5.0,-4.0,-77.0
1777892212.7493324,-3.0,0.0,-71.0
1777892212.7593324,-5.0,-2.0,-66.0
1777892212.7693324,-9.0,0.0,-67.0
1777892212.7793324,-5.0,0.0,-73.0
1777892212.7893324,-4.0,0.0,-80.0
1777892212.7993324,-2.0,0.0,-77.0
1777892212.8093324,-3.0,0.0,-72.0
1777892212.8193324,-2.0,0.0,-69.0
1777892212.8293324,2.0,-2.0,-62.0
1777892212.8393323,0.0,1.0,-70.0
1777892212.8493323,4.0,5.0,-71.0
1777892212.8593323,4.0,3.0,-78.0
1777892212.8693323,3.0,3.0,-82.0
1777892212.8793323,3.0,5.0,-81.0
1777892212.8893323,6.0,6.0,-79.0
1777892212.8993323,10.0,1.0,-79.0
1777892212.9093325,10.0,2.0,-78.0
1777892212.9193325,8.0,7.0,-68.0
1777892212.9293325,10.0,9.0,-63.0
1777892212.9393325,7.0,5.0,-66.0
1777892212.9493325,3.0,3.0,-68.0
1777892212.9593325,2.0,4.0,-73.0
1777892212.9693325,1.0,3.0,-72.0
1777892212.9793324,6.0,3.0,-65.0
1777892212.9893324,0.0,-1.0,-61.0
1777892212.9993324,0.0,1.0,-64.0
1777892213.0093324,2.0,-1.0,-68.0
1777892213.0193324,3.0,0.0,-60.0
1777892213.0293324,3.0,-2.0,-63.0
1777892213.0393324,3.0,-2.0,-60.0
1777892213.0493324,2.0,-1.0,-65.0
1777892213.0593324,0.0,-2.0,-61.0
1777892213.0693324,-1.0,0.0,-64.0
1777892213.0793324,0.0,0.0,-65.0
1777892213.0893323,1.0,-3.0,-65.0
1777892213.0993323,0.0,-3.0,-65.0
1777892213.1093323,2.0,0.0,-67.0
1777892213.1193323,2.0,0.0,-60.0
1777892213.1293323,-1.0,2.0,-59.0
1777892213.1393323,-1.0,3.0,-63.0
1777892213.1493323,-3.0,3.0,-62.0
1777892213.1593325,-3.0,0.0,-65.0
1777892213.1693325,1.0,-4.0,-69.0
1777892213.1793325,0.0,-3.0,-65.0
1777892213.1893325,-1.0,0.0,-66.0
1777892213.1993325,0.0,2.0,-66.0
1777892213.2093325,0.0,2.0,-69.0
1777892213.2193325,8.0,3.0,-68.0
1777892213.2293324,3.0,5.0,-67.0
1777892213.2393324,1.0,0.0,-72.0
1777892213.2493324,-1.0,1.0,-72.0
1777892213.2593324,-4.0,0.0,-74.0
1777892213.2703323,-3.0,-4.0,-70.0
1777892213.2793324,-4.0,-4.0,-65.0
1777892213.2893324,-4.0,0.0,-70.0
1777892213.3003323,0.0,-3.0,-70.0
1777892213.3103323,1.0,-5.0,-64.0
1777892213.3203323,6.0,0.0,-65.0
1777892213.3303325,8.0,1.0,-70.0
1777892213.3403325,12.0,1.0,-69.0
1777892213.3503325,11.0,2.0,-58.0
1777892213.3603325,7.0,0.0,-62.0
1777892213.3703325,5.0,-1.0,-64.0
1777892213.3803325,9.0,-4.0,-68.0
1777892213.3903325,2.0,0.0,-77.0
1777892213.4003325,1.0,-2.0,-80.0
1777892213.4103324,1.0,-1.0,-80.0
1777892213.4203324,0.0,-1.0,-79.0
1777892213.4303324,3.0,1.0,-78.0
1777892213.4403324,0.0,2.0,-81.0
1777892213.4503324,2.0,4.0,-81.0
1777892213.4603324,4.0,3.0,-80.0
1777892213.4703324,7.0,1.0,-80.0
1777892213.4803324,6.0,1.0,-75.0
1777892213.4903324,4.0,6.0,-69.0
1777892213.5003324,4.0,7.0,-69.0
1777892213.5103323,1.0,10.0,-62.0
1777892213.5203323,1.0,8.0,-69.0
1777892213.5303323,2.0,7.0,-74.0
1777892213.5403323,1.0,7.0,-73.0
1777892213.5503323,-3.0,5.0,-76.0
1777892213.5603323,1.0,3.0,-69.0
1777892213.5703323,3.0,1.0,-67.0
1777892213.5803325,1.0,0.0,-71.0
1777892213.5903325,0.0,0.0,-74.0
1777892213.6003325,-1.0,0.0,-73.0
1777892213.6103325,-1.0,4.0,-77.0
1777892213.6203325,-2.0,4.0,-69.0
1777892213.6303325,1.0,5.0,-72.0
1777892213.6403325,0.0,2.0,-73.0
1777892213.6503325,-4.0,0.0,-67.0
1777892213.6603324,-1.0,0.0,-71.0
1777892213.6703324,0.0,-1.0,-72.0
1777892213.6803324,-5.0,-2.0,-66.0
1777892213.6903324,-6.0,-5.0,-68.0
1777892213.7003324,-5.0,-2.0,-70.0
1777892213.7103324,-2.0,-3.0,-67.0
1777892213.7203324,0.0,-6.0,-76.0
1777892213.7303324,2.0,-4.0,-73.0
1777892213.7403324,7.0,-1.0,-65.0
1777892213.7503324,10.0,3.0,-66.0
1777892213.7603323,5.0,1.0,-66.0
1777892213.7703323,8.0,1.0,-67.0
1777892213.7803323,6.0,-1.0,-66.0
1777892213.7903323,5.0,-5.0,-66.0
1777892213.8003323,6.0,0.0,-69.0
1777892213.8103323,3.0,-4.0,-70.0
1777892213.8203323,3.0,-5.0,-72.0
1777892213.8303325,4.0,-1.0,-70.0
1777892213.8403325,11.0,-2.0,-75.0
1777892213.8503325,9.0,-4.0,-69.0
1777892213.8603325,4.0,-5.0,-71.0
1777892213.8703325,4.0,0.0,-65.0
1777892213.8803325,2.0,2.0,-56.0
1777892213.8903325,1.0,1.0,-64.0
1777892213.9003325,4.0,2.0,-68.0
1777892213.9103324,7.0,-1.0,-68.0
1777892213.9203324,5.0,-2.0,-76.0
1777892213.9303324,0.0,-7.0,-70.0
1777892213.9403324,0.0,-6.0,-65.0
1777892213.9503324,0.0,-1.0,-63.0
1777892213.9603324,3.0,0.0,-66.0
1777892213.9703324,0.0,2.0,-72.0
1777892213.9803324,2.0,-1.0,-76.0
1777892213.9913323,2.0,-1.0,-74.0
1777892214.0003324,0.0,-4.0,-68.0
1777892214.0103323,5.0,-3.0,-70.0
1777892214.0203323,6.0,-1.0,-73.0
1777892214.0303323,6.0,-1.0,-70.0
1777892214.0403323,1.0,-3.0,-71.0
1777892214.0503323,-2.0,-1.0,-73.0
1777892214.0603323,0.0,-3.0,-72.0
1777892214.0703323,-1.0,-1.0,-72.0
1777892214.0803325,4.0,1.0,-67.0
1777892214.0903325,11.0,1.0,-68.0
1777892214.1003325,11.0,1.0,-71.0
1777892214.1103325,5.0,1.0,-74.0
1777892214.1203325,4.0,2.0,-69.0
1777892214.1303325,2.0,-1.0,-69.0
1777892214.1403325,0.0,-2.0,-71.0
1777892214.1503325,-2.0,-1.0,-72.0
1777892214.1603324,-6.0,0.0,-68.0
1777892214.1703324,-3.0,-2.0,-63.0
1777892214.1803324,-4.0,0.0,-67.0
1777892214.1903324,-2.0,0.0,-73.0
1777892214.2003324,0.0,0.0,-74.0
1777892214.2103324,-6.0,0.0,-75.0
1777892214.2203324,-8.0,1.0,-77.0
1777892214.2303324,-5.0,0.0,-73.0
1777892214.2403324,-7.0,1.0,-71.0
1777892214.2503324,-4.0,0.0,-70.0
1777892214.2603323,-1.0,0.0,-67.0
1777892214.2703323,0.0,4.0,-68.0
1777892214.2803323,2.0,8.0,-73.0
1777892214.2903323,2.0,9.0,-71.0
1777892214.3003323,5.0,6.0,-68.0
1777892214.3103323,2.0,5.0,-70.0
1777892214.3203323,0.0,2.0,-70.0
1777892214.3303325,1.0,-1.0,-69.0
1777892214.3403325,0.0,-1.0,-71.0
1777892214.3503325,-1.0,0.0,-74.0
1777892214.3603325,-1.0,2.0,-81.0
1777892214.3703325,-3.0,-1.0,-82.0
1777892214.3803325,-4.0,-2.0,-82.0
1777892214.3903325,-3.0,-7.0,-75.0
1777892214.4003325,-7.0,-7.0,-67.0
1777892214.4103324,-8.0,-6.0,-69.0
1777892214.4203324,-5.0,-3.0,-64.0
1777892214.4303324,-5.0,-1.0,-71.0
1777892214.4403324,-5.0,0.0,-72.0
1777892214.4503324,-1.0,0.0,-73.0
1777892214.4603324,3.0,0.0,-70.0
1777892214.4703324,4.0,0.0,-67.0
1777892214.4803324,4.0,0.0,-68.0
1777892214.4903324,4.0,1.0,-61.0
1777892214.5003324,6.0,1.0,-56.0
1777892214.5103323,1.0,-1.0,-61.0
1777892214.5203323,-2.0,-5.0,-64.0
1777892214.5303323,-1.0,-1.0,-66.0
1777892214.5403323,-4.0,0.0,-68.0
1777892214.5503323,-4.0,-1.0,-69.0
1777892214.5603323,0.0,0.0,-73.0
1777892214.5703323,-2.0,0.0,-73.0
1777892214.5803325,4.0,-4.0,-75.0
1777892214.5903325,7.0,-5.0,-69.0
1777892214.6003325,6.0,-2.0,-68.0
1777892214.6103325,4.0,-1.0,-65.0
1777892214.6203325,6.0,0.0,-63.0
1777892214.6303325,7.0,0.0,-67.0
1777892214.6403325,4.0,0.0,-69.0
1777892214.6503325,4.0,0.0,-73.0
1777892214.6603324,7.0,1.0,-73.0
1777892214.6703324,10.0,2.0,-70.0
1777892214.6803324,4.0,-2.0,-72.0
1777892214.6903324,3.0,-4.0,-73.0
1777892214.7003324,3.0,-3.0,-76.0
1777892214.7103324,1.0,0.0,-74.0
1777892214.7203324,0.0,-1.0,-76.0
1777892214.7303324,0.0,-2.0,-75.0
1777892214.7403324,0.0,2.0,-76.0
1777892214.7503324,0.0,3.0,-77.0
1777892214.7603323,-1.0,-5.0,-81.0
1777892214.7703323,-4.0,-7.0,-80.0
1777892214.7803323,-3.0,-10.0,-76.0
1777892214.7903323,-2.0,-7.0,-83.0
1777892214.8003323,0.0,0.0,-83.0
1777892214.8103323,1.0,1.0,-77.0
1777892214.8203323,0.0,-1.0,-76.0
1777892214.8303325,-1.0,-1.0,-72.0
1777892214.8403325,-3.0,-4.0,-76.0
1777892214.8503325,-2.0,-2.0,-81.0
1777892214.8603325,-3.0,-4.0,-73.0
1777892214.8703325,-2.0,-3.0,-67.0
1777892214.8803325,0.0,1.0,-70.0
1777892214.8903325,0.0,3.0,-76.0
1777892214.9003325,-3.0,0.0,-75.0
1777892214.9103324,0.0,0.0,-80.0
1777892214.9203324,0.0,1.0,-78.0
1777892214.9303324,2.0,0.0,-76.0
1777892214.9403324,1.0,-3.0,-77.0
1777892214.9503324,3.0,-4.0,-81.0
1777892214.9603324,2.0,-2.0,-84.0
1777892214.9703324,0.0,-2.0,-78.0
1777892214.9803324,-2.0,-1.0,-81.0
1777892214.9903324,0.0,2.0,-80.0
1777892215.0003324,0.0,-1.0,-76.0
1777892215.0113325,0.0,0.0,-72.0
1777892215.0203323,0.0,0.0,-70.0
1777892215.0303323,0.0,-1.0,-77.0
1777892215.0403323,1.0,-4.0,-74.0
1777892215.0503323,3.0,0.0,-68.0
1777892215.0603323,1.0,1.0,-68.0
1777892215.0703323,1.0,-2.0,-67.0
1777892215.0803325,2.0,-5.0,-66.0
1777892215.0903325,3.0,-2.0,-65.0
1777892215.1003325,2.0,0.0,-69.0
1777892215.1103325,5.0,-3.0,-70.0
1777892215.1203325,4.0,-2.0,-72.0
1777892215.1303325,0.0,3.0,-67.0
1777892215.1403325,-2.0,3.0,-71.0
1777892215.1503325,-3.0,1.0,-66.0
1777892215.1603324,-4.0,0.0,-65.0
1777892215.1703324,-3.0,-4.0,-70.0
1777892215.1803324,-4.0,-2.0,-79.0
1777892215.1903324,-5.0,-3.0,-72.0
1777892215.2003324,-5.0,3.0,-76.0
1777892215.2103324,-4.0,4.0,-76.0
1777892215.2203324,-1.0,3.0,-67.0
1777892215.2303324,0.0,3.0,-64.0
1777892215.2413323,2.0,3.0,-72.0
1777892215.2513323,5.0,5.0,-70.0
1777892215.2603323,6.0,6.0,-67.0
1777892215.2713325,5.0,7.0,-62.0
1777892215.2803323,8.0,4.0,-60.0
1777892215.2913325,7.0,-1.0,-61.0
1777892215.3013325,3.0,0.0,-64.0
1777892215.3113325,4.0,0.0,-60.0
1777892215.3213325,6.0,1.0,-62.0
1777892215.3313324,9.0,-2.0,-68.0
1777892215.3413324,7.0,-7.0,-69.0
1777892215.3513324,11.0,-4.0,-75.0
1777892215.3613324,7.0,-2.0,-74.0
1777892215.3713324,3.0,-3.0,-68.0
1777892215.3813324,2.0,1.0,-64.0
1777892215.3913324,3.0,-1.0,-73.0
1777892215.4013324,6.0,-3.0,-74.0
1777892215.4113324,6.0,-3.0,-77.0
1777892215.4213324,7.0,-1.0,-77.0
1777892215.4313323,3.0,0.0,-76.0
1777892215.4413323,-1.0,4.0,-78.0
1777892215.4513323,1.0,0.0,-79.0
1777892215.4613323,2.0,-4.0,-80.0
1777892215.4713323,6.0,-7.0,-82.0
1777892215.4813323,8.0,-7.0,-79.0
1777892215.4913323,8.0,-6.0,-76.0
1777892215.5013323,2.0,-9.0,-77.0
1777892215.5113325,0.0,-8.0,-69.0
1777892215.5213325,-3.0,-5.0,-75.0
1777892215.5313325,1.0,-7.0,-77.0
1777892215.5413325,3.0,-4.0,-72.0
1777892215.5513325,5.0,-3.0,-73.0
1777892215.5613325,4.0,-4.0,-66.0
1777892215.5713325,3.0,-8.0,-63.0
1777892215.5813324,2.0,-2.0,-69.0
1777892215.5913324,4.0,0.0,-68.0
1777892215.6013324,2.0,0.0,-68.0
1777892215.6113324,0.0,0.0,-68.0
1777892215.6213324,-1.0,-4.0,-67.0
1777892215.6313324,-2.0,-4.0,-66.0
1777892215.6413324,1.0,-4.0,-72.0
1777892215.6513324,2.0,-3.0,-76.0
1777892215.6613324,-2.0,5.0,-71.0
1777892215.6713324,0.0,2.0,-71.0
1777892215.6813323,0.0,1.0,-75.0
1777892215.6913323,2.0,1.0,-71.0
1777892215.7013323,2.0,3.0,-70.0
1777892215.7113323,-2.0,2.0,-68.0
1777892215.7213323,-2.0,-3.0,-72.0
1777892215.7313323,-1.0,-5.0,-80.0
1777892215.7413323,-1.0,-9.0,-84.0
1777892215.7513323,3.0,-7.0,-83.0
1777892215.7613325,1.0,-10.0,-76.0
1777892215.7713325,1.0,-9.0,-75.0
1777892215.7813325,0.0,-9.0,-76.0
1777892215.7913325,2.0,-4.0,-68.0
1777892215.8013325,1.0,-3.0,-67.0
1777892215.8113325,7.0,0.0,-74.0
1777892215.8213325,6.0,1.0,-76.0
1777892215.8313324,10.0,3.0,-75.0
1777892215.8413324,10.0,3.0,-75.0
1777892215.8513324,11.0,0.0,-68.0
1777892215.8613324,9.0,-2.0,-62.0
1777892215.8713324,7.0,-1.0,-67.0
1777892215.8813324,8.0,-2.0,-68.0
1777892215.8913324,7.0,-4.0,-67.0
1777892215.9013324,4.0,-3.0,-74.0
1777892215.9113324,0.0,-2.0,-70.0
1777892215.9213324,-1.0,-2.0,-71.0
1777892215.9313323,0.0,-2.0,-69.0
1777892215.9413323,0.0,-2.0,-65.0
1777892215.9513323,-1.0,-3.0,-72.0
1777892215.9613323,1.0,-3.0,-73.0
1777892215.9713323,3.0,-2.0,-68.0
1777892215.9813323,3.0,-2.0,-68.0
1777892215.9913323,7.0,-1.0,-65.0
1777892216.0013323,9.0,-3.0,-72.0
1777892216.0113325,10.0,-8.0,-68.0
1777892216.0213325,10.0,-6.0,-63.0
1777892216.0313325,8.0,-4.0,-60.0
1777892216.0413325,2.0,-4.0,-57.0
1777892216.0513325,3.0,-5.0,-57.0
1777892216.0613325,4.0,-5.0,-63.0
1777892216.0713325,2.0,-7.0,-66.0
1777892216.0813324,1.0,-7.0,-72.0
1777892216.0913324,0.0,-3.0,-72.0
1777892216.1013324,0.0,-3.0,-70.0
1777892216.1113324,-3.0,-4.0,-67.0
1777892216.1213324,0.0,-6.0,-69.0
1777892216.1313324,4.0,-8.0,-69.0
1777892216.1413324,7.0,-7.0,-70.0
1777892216.1513324,11.0,-10.0,-69.0
1777892216.1613324,9.0,-8.0,-67.0
1777892216.1713324,8.0,-6.0,-67.0
1777892216.1813323,8.0,-5.0,-63.0
1777892216.1913323,5.0,-5.0,-60.0
1777892216.2013323,6.0,-3.0,-59.0
1777892216.2113323,6.0,-5.0,-72.0
1777892216.2213323,1.0,-2.0,-80.0
1777892216.2313323,-3.0,0.0,-81.0
1777892216.2413323,-6.0,0.0,-76.0
1777892216.2513323,-5.0,0.0,-72.0
1777892216.2613325,-4.0,5.0,-73.0
1777892216.2713325,-6.0,7.0,-76.0
1777892216.2813325,-5.0,4.0,-73.0
1777892216.2913325,-1.0,4.0,-69.0
1777892216.3013325,-3.0,5.0,-64.0
1777892216.3113325,1.0,3.0,-61.0
1777892216.3213325,2.0,2.0,-61.0
1777892216.3313324,3.0,0.0,-62.0
1777892216.3413324,8.0,4.0,-65.0
1777892216.3513324,4.0,3.0,-74.0
1777892216.3613324,3.0,1.0,-75.0
1777892216.3713324,0.0,0.0,-76.0
1777892216.3813324,1.0,-1.0,-81.0
1777892216.3913324,6.0,-1.0,-84.0
1777892216.4013324,8.0,1.0,-76.0
1777892216.4113324,8.0,2.0,-73.0
1777892216.4213324,10.0,-2.0,-76.0
1777892216.4313323,10.0,0.0,-75.0
1777892216.4413323,6.0,2.0,-75.0
1777892216.4513323,5.0,5.0,-78.0
1777892216.4613323,0.0,3.0,-70.0
1777892216.4713323,-1.0,2.0,-73.0
1777892216.4813323,0.0,1.0,-74.0
1777892216.4913323,5.0,3.0,-70.0
1777892216.5013323,7.0,4.0,-65.0
1777892216.5113325,8.0,5.0,-66.0
1777892216.5213325,6.0,2.0,-61.0
1777892216.5313325,0.0,5.0,-63.0
1777892216.5413325,-1.0,4.0,-72.0
1777892216.5513325,-1.0,7.0,-74.0
1777892216.5613325,-3.0,2.0,-74.0
1777892216.5713325,-4.0,0.0,-72.0
1777892216.5813324,-4.0,-3.0,-71.0
1777892216.5913324,-2.0,-5.0,-72.0
1777892216.6013324,-2.0,-5.0,-69.0
1777892216.6113324,0.0,-6.0,-76.0
1777892216.6213324,1.0,-6.0,-77.0
1777892216.6313324,3.0,-3.0,-81.0
1777892216.6413324,2.0,-4.0,-79.0
1777892216.6513324,-1.0,-1.0,-72.0
1777892216.6613324,-2.0,0.0,-69.0
1777892216.6713324,-2.0,2.0,-70.0
1777892216.6813323,2.0,0.0,-71.0
1777892216.6913323,4.0,-4.0,-70.0
1777892216.7013323,9.0,-1.0,-74.0
1777892216.7113323,7.0,1.0,-73.0
1777892216.7213323,6.0,4.0,-76.0
1777892216.7313323,3.0,2.0,-74.0
1777892216.7413323,5.0,4.0,-74.0
1777892216.7513323,0.0,4.0,-71.0
1777892216.7613325,0.0,2.0,-74.0
1777892216.7713325,-2.0,6.0,-70.0
1777892216.7813325,0.0,9.0,-68.0
1777892216.7913325,0.0,4.0,-68.0
1777892216.8013325,-1.0,1.0,-70.0
1777892216.8113325,5.0,1.0,-71.0
1777892216.8213325,5.0,3.0,-75.0
1777892216.8313324,0.0,4.0,-78.0
1777892216.8413324,-2.0,3.0,-78.0
1777892216.8513324,-1.0,3.0,-72.0
1777892216.8613324,-2.0,3.0,-67.0
1777892216.8713324,-3.0,2.0,-71.0
1777892216.8813324,1.0,-2.0,-67.0
1777892216.8913324,-2.0,-6.0,-64.0
1777892216.9013324,-4.0,-5.0,-65.0
1777892216.9113324,-3.0,-3.0,-63.0
1777892216.9213324,-3.0,-1.0,-66.0
1777892216.9313323,-1.0,-1.0,-67.0
1777892216.9413323,-5.0,-3.0,-67.0
1777892216.9513323,-2.0,-1.0,-72.0
1777892216.9613323,-7.0,1.0,-78.0
1777892216.9713323,-4.0,2.0,-80.0
1777892216.9813323,-2.0,3.0,-80.0
1777892216.9913323,-6.0,2.0,-74.0
1777892217.0013323,0.0,0.0,-75.0
1777892217.0113325,2.0,0.0,-78.0
1777892217.0213325,0.0,-1.0,-69.0
1777892217.0313325,-1.0,-2.0,-74.0
1777892217.0413325,-2.0,0.0,-64.0
1777892217.0513325,0.0,0.0,-69.0
1777892217.0613325,1.0,4.0,-76.0
1777892217.0713325,0.0,5.0,-68.0
1777892217.0813324,-2.0,2.0,-68.0
1777892217.0913324,-3.0,0.0,-70.0
1777892217.1013324,-3.0,0.0,-76.0
1777892217.1113324,0.0,1.0,-76.0
1777892217.1213324,-2.0,1.0,-85.0
1777892217.1313324,-1.0,4.0,-91.0
1777892217.1413324,0.0,0.0,-86.0
1777892217.1513324,3.0,0.0,-79.0
1777892217.1613324,5.0,-2.0,-77.0
1777892217.1713324,12.0,-1.0,-80.0
1777892217.1813323,7.0,-1.0,-77.0
1777892217.1913323,3.0,0.0,-70.0
1777892217.2013323,0.0,0.0,-74.0
1777892217.2113323,1.0,0.0,-72.0
1777892217.2213323,-3.0,1.0,-65.0
1777892217.2313323,-3.0,-3.0,-68.0
1777892217.2413323,-3.0,-3.0,-72.0
1777892217.2523324,-3.0,3.0,-78.0
1777892217.2623324,-5.0,7.0,-77.0
1777892217.2723324,-1.0,6.0,-81.0
1777892217.2823324,0.0,7.0,-82.0
1777892217.2913325,0.0,1.0,-79.0
1777892217.3023324,3.0,2.0,-70.0
1777892217.3123324,0.0,5.0,-67.0
1777892217.3223324,0.0,3.0,-65.0
1777892217.3323324,1.0,5.0,-65.0
1777892217.3423324,7.0,4.0,-69.0
1777892217.3523324,10.0,3.0,-66.0
1777892217.3623323,8.0,1.0,-65.0
1777892217.3723323,4.0,1.0,-70.0
1777892217.3823323,3.0,-2.0,-66.0
1777892217.3923323,4.0,-1.0,-67.0
1777892217.4023323,7.0,-3.0,-74.0
1777892217.4123323,7.0,-1.0,-75.0
1777892217.4223323,2.0,2.0,-69.0
1777892217.4323325,3.0,4.0,-69.0
1777892217.4423325,4.0,0.0,-74.0
1777892217.4523325,0.0,1.0,-74.0
1777892217.4623325,-3.0,0.0,-68.0
1777892217.4723325,-4.0,0.0,-73.0
1777892217.4823325,-4.0,-4.0,-74.0
1777892217.4923325,0.0,-6.0,-78.0
1777892217.5023324,1.0,-4.0,-70.0
1777892217.5123324,-1.0,-3.0,-68.0
1777892217.5223324,0.0,-3.0,-66.0
1777892217.5323324,0.0,0.0,-59.0
1777892217.5423324,-1.0,-2.0,-64.0
1777892217.5523324,0.0,-5.0,-73.0
1777892217.5623324,-5.0,0.0,-81.0
1777892217.5723324,-8.0,0.0,-73.0
1777892217.5823324,-5.0,-5.0,-74.0
1777892217.5923324,-1.0,-6.0,-74.0
1777892217.6023324,-1.0,-3.0,-74.0
1777892217.6123323,1.0,-1.0,-74.0
1777892217.6223323,2.0,0.0,-70.0
1777892217.6323323,1.0,1.0,-61.0
1777892217.6423323,-1.0,1.0,-56.0
1777892217.6523323,-2.0,1.0,-63.0
1777892217.6623323,-2.0,5.0,-63.0
1777892217.6723323,-3.0,3.0,-65.0
1777892217.6823325,-1.0,2.0,-68.0
1777892217.6923325,-3.0,0.0,-72.0
1777892217.7023325,-5.0,-1.0,-72.0
1777892217.7123325,-7.0,-2.0,-72.0
1777892217.7223325,-2.0,-6.0,-76.0
1777892217.7323325,4.0,-7.0,-80.0
1777892217.7423325,1.0,-11.0,-80.0
1777892217.7523324,-2.0,-12.0,-79.0
1777892217.7623324,-3.0,-12.0,-78.0
1777892217.7723324,0.0,-8.0,-78.0
1777892217.7823324,-1.0,-6.0,-80.0
1777892217.7923324,3.0,-6.0,-79.0
1777892217.8023324,7.0,-5.0,-78.0
1777892217.8123324,5.0,-8.0,-78.0
1777892217.8223324,-1.0,-8.0,-80.0
1777892217.8323324,-1.0,-3.0,-71.0
1777892217.8423324,1.0,-5.0,-69.0
1777892217.8523324,4.0,-8.0,-62.0
1777892217.8623323,5.0,-6.0,-64.0
1777892217.8723323,3.0,-6.0,-69.0
1777892217.8823323,4.0,-5.0,-65.0
1777892217.8923323,3.0,-3.0,-73.0
1777892217.9023323,-1.0,-1.0,-71.0
1777892217.9123323,2.0,-1.0,-76.0
1777892217.9223323,0.0,-8.0,-78.0
1777892217.9323325,1.0,-9.0,-77.0
1777892217.9423325,2.0,-6.0,-73.0
1777892217.9523325,0.0,-4.0,-77.0
1777892217.9623325,3.0,-6.0,-75.0
1777892217.9723325,6.0,-2.0,-78.0
1777892217.9823325,1.0,-4.0,-73.0
1777892217.9923325,1.0,-6.0,-75.0
1777892218.0023324,2.0,-5.0,-78.0
1777892218.0123324,0.0,2.0,-80.0
1777892218.0223324,0.0,0.0,-72.0
1777892218.0323324,0.0,-3.0,-63.0
1777892218.0423324,-2.0,-3.0,-72.0
1777892218.0523324,-6.0,0.0,-73.0
1777892218.0623324,-2.0,-1.0,-73.0
1777892218.0723324,0.0,-4.0,-71.0
1777892218.0823324,2.0,-4.0,-69.0
1777892218.0923324,0.0,-1.0,-73.0
1777892218.1023324,0.0,-1.0,-76.0
1777892218.1123323,0.0,-1.0,-74.0
1777892218.1223323,-1.0,0.0,-71.0
1777892218.1323323,-2.0,-6.0,-71.0
1777892218.1423323,0.0,-7.0,-68.0
1777892218.1523323,6.0,-4.0,-68.0
1777892218.1623323,9.0,-4.0,-68.0
1777892218.1723323,9.0,-2.0,-71.0
1777892218.1823325,7.0,0.0,-72.0
1777892218.1923325,6.0,-1.0,-68.0
1777892218.2023325,10.0,0.0,-63.0
1777892218.2123325,12.0,-2.0,-70.0
1777892218.2223325,8.0,0.0,-84.0
1777892218.2323325,7.0,6.0,-87.0
1777892218.2423325,9.0,7.0,-81.0
1777892218.2523324,8.0,4.0,-76.0
1777892218.2623324,3.0,2.0,-72.0
1777892218.2723324,1.0,0.0,-74.0
1777892218.2823324,-4.0,5.0,-72.0
1777892218.2923324,-7.0,9.0,-76.0
1777892218.3023324,-4.0,5.0,-79.0
1777892218.3123324,-3.0,6.0,-78.0
1777892218.3223324,-4.0,5.0,-75.0
1777892218.3323324,-4.0,6.0,-75.0
1777892218.3423324,1.0,7.0,-73.0
1777892218.3523324,0.0,7.0,-73.0
1777892218.3623323,-2.0,5.0,-67.0
1777892218.3723323,-3.0,0.0,-71.0
1777892218.3823323,-3.0,1.0,-72.0
1777892218.3923323,-2.0,0.0,-70.0
1777892218.4023323,-4.0,-2.0,-76.0
1777892218.4123323,0.0,-1.0,-73.0
1777892218.4223323,-2.0,0.0,-73.0
1777892218.4323325,1.0,0.0,-84.0
1777892218.4423325,3.0,-2.0,-88.0
1777892218.4523325,3.0,-1.0,-88.0
1777892218.4623325,3.0,3.0,-82.0
1777892218.4723325,-1.0,1.0,-82.0
1777892218.4823325,-2.0,4.0,-76.0
1777892218.4923325,1.0,2.0,-75.0
1777892218.5023324,3.0,4.0,-71.0
1777892218.5123324,6.0,2.0,-73.0
1777892218.5223324,4.0,0.0,-69.0
1777892218.5323324,1.0,-1.0,-70.0
1777892218.5423324,4.0,-1.0,-66.0
1777892218.5523324,0.0,0.0,-65.0
1777892218.5623324,1.0,-3.0,-67.0
1777892218.5723324,0.0,-7.0,-69.0
1777892218.5823324,-2.0,-4.0,-63.0
1777892218.5923324,-1.0,-1.0,-63.0
1777892218.6023324,0.0,0.0,-59.0
1777892218.6123323,-1.0,3.0,-57.0
1777892218.6223323,-4.0,2.0,-62.0
1777892218.6323323,-1.0,-1.0,-62.0
1777892218.6423323,-1.0,1.0,-59.0
1777892218.6523323,-1.0,1.0,-63.0
1777892218.6623323,-2.0,0.0,-65.0
1777892218.6723323,-2.0,0.0,-67.0
1777892218.6823325,-4.0,1.0,-73.0
1777892218.6923325,-7.0,3.0,-71.0
1777892218.7023325,-6.0,5.0,-67.0
1777892218.7123325,-4.0,6.0,-67.0
1777892218.7223325,0.0,5.0,-62.0
1777892218.7323325,2.0,3.0,-66.0
1777892218.7423325,4.0,1.0,-76.0
1777892218.7523324,5.0,-6.0,-75.0
1777892218.7623324,7.0,-7.0,-76.0
1777892218.7723324,4.0,-8.0,-76.0
1777892218.7823324,-1.0,-6.0,-73.0
1777892218.7923324,1.0,-4.0,-74.0
1777892218.8023324,0.0,-4.0,-75.0
1777892218.8123324,0.0,-2.0,-77.0
1777892218.8223324,0.0,0.0,-70.0
1777892218.8323324,-1.0,-2.0,-72.0
1777892218.8423324,0.0,2.0,-73.0
1777892218.8523324,0.0,3.0,-71.0
1777892218.8623323,-1.0,3.0,-64.0
1777892218.8723323,-3.0,5.0,-60.0
1777892218.8823323,1.0,10.0,-62.0
1777892218.8923323,0.0,9.0,-74.0
1777892218.9023323,0.0,9.0,-79.0
1777892218.9123323,-6.0,9.0,-77.0
1777892218.9223323,-5.0,2.0,-79.0
1777892218.9323325,-4.0,2.0,-78.0
1777892218.9423325,-1.0,3.0,-73.0
1777892218.9523325,2.0,0.0,-73.0
1777892218.9623325,1.0,2.0,-72.0
1777892218.9723325,0.0,0.0,-73.0
1777892218.9823325,2.0,1.0,-71.0
1777892218.9923325,8.0,2.0,-73.0
1777892219.0023324,4.0,0.0,-72.0
1777892219.0123324,0.0,1.0,-68.0
1777892219.0223324,-1.0,2.0,-70.0
1777892219.0323324,-1.0,1.0,-73.0
1777892219.0423324,0.0,0.0,-70.0
1777892219.0523324,1.0,-5.0,-69.0
1777892219.0623324,0.0,-6.0,-69.0
1777892219.0723324,2.0,-6.0,-65.0
1777892219.0823324,0.0,-5.0,-68.0
1777892219.0923324,0.0,-2.0,-70.0
1777892219.1023324,3.0,-3.0,-69.0
1777892219.1123323,4.0,-2.0,-75.0
1777892219.1223323,1.0,-2.0,-74.0
1777892219.1323323,0.0,-3.0,-76.0
1777892219.1423323,1.0,-6.0,-74.0
1777892219.1523323,6.0,-2.0,-73.0
1777892219.1623323,13.0,2.0,-72.0
1777892219.1723323,9.0,0.0,-73.0
1777892219.1823325,8.0,-1.0,-68.0
1777892219.1933324,11.0,-1.0,-65.0
1777892219.2023325,10.0,1.0,-67.0
1777892219.2123325,10.0,1.0,-69.0
1777892219.2233324,11.0,2.0,-68.0
1777892219.2333324,9.0,0.0,-64.0
1777892219.2423325,9.0,-1.0,-63.0
1777892219.2533324,2.0,0.0,-65.0
1777892219.2633324,2.0,3.0,-64.0
1777892219.2733324,0.0,2.0,-67.0
1777892219.2833323,-3.0,2.0,-66.0
1777892219.2933323,-4.0,-1.0,-71.0
1777892219.3033323,-2.0,-3.0,-74.0
1777892219.3133323,-2.0,0.0,-77.0
1777892219.3223324,2.0,0.0,-71.0
1777892219.3333323,4.0,0.0,-74.0
1777892219.3433323,0.0,-3.0,-78.0
1777892219.3533323,3.0,0.0,-69.0
1777892219.3633325,4.0,-3.0,-65.0
1777892219.3723323,1.0,-5.0,-63.0
1777892219.3833325,5.0,-4.0,-62.0
1777892219.3933325,5.0,-1.0,-63.0
1777892219.4033325,9.0,0.0,-65.0
1777892219.4133325,13.0,-4.0,-69.0
1777892219.4233325,6.0,-5.0,-68.0
1777892219.4333324,2.0,-6.0,-67.0
1777892219.4433324,1.0,-2.0,-68.0
1777892219.4533324,5.0,1.0,-72.0
1777892219.4633324,3.0,0.0,-73.0
1777892219.4733324,1.0,-5.0,-71.0
1777892219.4833324,1.0,-4.0,-65.0
1777892219.4933324,4.0,-1.0,-64.0
1777892219.5033324,2.0,1.0,-65.0
1777892219.5133324,-1.0,1.0,-75.0
1777892219.5233324,-1.0,3.0,-75.0
1777892219.5333323,-1.0,5.0,-78.0
1777892219.5433323,0.0,5.0,-73.0
1777892219.5533323,3.0,5.0,-74.0
1777892219.5633323,4.0,1.0,-73.0
1777892219.5733323,9.0,-3.0,-70.0
1777892219.5833323,10.0,-5.0,-71.0
1777892219.5933323,6.0,-1.0,-76.0
1777892219.6033323,7.0,-3.0,-75.0
1777892219.6133325,3.0,-5.0,-75.0
1777892219.6233325,0.0,-7.0,-72.0
1777892219.6333325,-4.0,-5.0,-70.0
1777892219.6433325,-3.0,-3.0,-73.0
1777892219.6533325,-1.0,0.0,-72.0
1777892219.6633325,-3.0,-4.0,-72.0
1777892219.6733325,-1.0,-7.0,-74.0
1777892219.6833324,0.0,-2.0,-74.0
1777892219.6933324,-2.0,-6.0,-70.0
1777892219.7033324,-2.0,-10.0,-68.0
1777892219.7133324,1.0,-8.0,-74.0
1777892219.7233324,4.0,-3.0,-73.0
1777892219.7333324,2.0,-3.0,-66.0
1777892219.7433324,1.0,-4.0,-67.0
1777892219.7533324,2.0,-5.0,-65.0
1777892219.7633324,5.0,-4.0,-65.0
1777892219.7733324,2.0,0.0,-66.0
1777892219.7833323,5.0,-2.0,-66.0
1777892219.7933323,1.0,-3.0,-72.0
1777892219.8033323,1.0,0.0,-73.0
1777892219.8133323,0.0,1.0,-66.0
1777892219.8233323,1.0,0.0,-64.0
1777892219.8333323,-1.0,0.0,-70.0
1777892219.8433323,5.0,0.0,-70.0
1777892219.8533323,3.0,0.0,-75.0
1777892219.8633325,0.0,1.0,-81.0
1777892219.8733325,-2.0,-1.0,-80.0
1777892219.8833325,1.0,-2.0,-83.0
1777892219.8933325,-1.0,0.0,-81.0
1777892219.9033325,0.0,0.0,-75.0
1777892219.9133325,-2.0,0.0,-73.0
1777892219.9233325,-1.0,-2.0,-69.0
1777892219.9333324,-4.0,-2.0,-67.0
1777892219.9433324,-2.0,-3.0,-65.0
1777892219.9533324,0.0,-3.0,-67.0
1777892219.9633324,1.0,0.0,-70.0
1777892219.9733324,5.0,-2.0,-79.0
1777892219.9833324,8.0,0.0,-74.0
1777892219.9933324,4.0,-5.0,-72.0
1777892220.0033324,2.0,-1.0,-71.0
1777892220.0133324,1.0,-1.0,-74.0
1777892220.0233324,-2.0,-1.0,-70.0
1777892220.0333323,-2.0,-2.0,-70.0
1777892220.0433323,0.0,-4.0,-70.0
1777892220.0533323,1.0,-6.0,-66.0
1777892220.0633323,2.0,-6.0,-71.0
1777892220.0733323,1.0,-5.0,-72.0
1777892220.0833323,3.0,-4.0,-78.0
1777892220.0933323,4.0,-3.0,-71.0
1777892220.1033323,2.0,-5.0,-70.0
1777892220.1133325,2.0,-3.0,-69.0
1777892220.1233325,0.0,-2.0,-66.0
1777892220.1333325,6.0,-7.0,-66.0
1777892220.1433325,7.0,-5.0,-66.0
1777892220.1533325,3.0,-2.0,-61.0
1777892220.1633325,0.0,1.0,-62.0
1777892220.1733325,-1.0,-1.0,-71.0
1777892220.1833324,-5.0,-2.0,-71.0
1777892220.1933324,-6.0,0.0,-73.0
1777892220.2033324,-7.0,-2.0,-74.0
1777892220.2133324,-7.0,-2.0,-75.0
1777892220.2233324,-4.0,-3.0,-77.0
1777892220.2333324,-4.0,-3.0,-80.0
1777892220.2433324,-1.0,-1.0,-85.0
1777892220.2533324,0.0,2.0,-87.0
1777892220.2633324,0.0,1.0,-90.0
1777892220.2733324,-1.0,0.0,-88.0
1777892220.2833323,0.0,2.0,-79.0
1777892220.2933323,1.0,2.0,-71.0
1777892220.3033323,3.0,2.0,-66.0
1777892220.3133323,6.0,6.0,-70.0
1777892220.3233323,2.0,4.0,-68.0
1777892220.3333323,2.0,3.0,-66.0
1777892220.3433323,0.0,0.0,-64.0
1777892220.3533323,-1.0,1.0,-68.0
1777892220.3633325,-5.0,0.0,-69.0
1777892220.3733325,-6.0,-1.0,-73.0
1777892220.3833325,-5.0,0.0,-70.0
1777892220.3933325,-1.0,0.0,-75.0
1777892220.4033325,-1.0,0.0,-79.0
1777892220.4143324,0.0,-2.0,-73.0
1777892220.4233325,0.0,-1.0,-79.0
1777892220.4333324,-1.0,0.0,-77.0
1777892220.4433324,0.0,3.0,-66.0
1777892220.4533324,0.0,2.0,-69.0
1777892220.4633324,0.0,0.0,-64.0
1777892220.4733324,-4.0,3.0,-76.0
1777892220.4833324,-2.0,0.0,-78.0
1777892220.4933324,0.0,0.0,-79.0
1777892220.5033324,-3.0,-4.0,-69.0
1777892220.5133324,-3.0,-3.0,-67.0
1777892220.5233324,-2.0,-2.0,-69.0
1777892220.5333323,-2.0,-4.0,-70.0
1777892220.5433323,-2.0,-7.0,-71.0
1777892220.5533323,4.0,-5.0,-65.0
1777892220.5633323,7.0,-7.0,-69.0
1777892220.5733323,6.0,-7.0,-67.0
1777892220.5833323,7.0,-4.0,-70.0
1777892220.5933323,6.0,-3.0,-69.0
1777892220.6033323,1.0,-3.0,-65.0
1777892220.6133325,3.0,-3.0,-66.0
1777892220.6233325,2.0,-7.0,-67.0
1777892220.6333325,1.0,-8.0,-62.0
1777892220.6433325,6.0,-6.0,-66.0
1777892220.6533325,8.0,-5.0,-72.0
1777892220.6633325,2.0,-5.0,-71.0
1777892220.6733325,0.0,-6.0,-70.0
1777892220.6833324,1.0,-7.0,-72.0
1777892220.6933324,0.0,-6.0,-77.0
1777892220.7033324,3.0,-7.0,-77.0
1777892220.7133324,1.0,-5.0,-73.0
1777892220.7233324,1.0,-3.0,-76.0
1777892220.7333324,1.0,-4.0,-74.0
1777892220.7433324,2.0,-2.0,-70.0
1777892220.7533324,1.0,-2.0,-66.0
1777892220.7633324,0.0,0.0,-73.0
1777892220.7733324,0.0,0.0,-78.0
1777892220.7833323,0.0,0.0,-74.0
1777892220.7933323,0.0,2.0,-74.0
1777892220.8033323,-1.0,2.0,-75.0
1777892220.8133323,-1.0,2.0,-74.0
1777892220.8233323,-1.0,4.0,-81.0
1777892220.8333323,0.0,-2.0,-79.0
1777892220.8433323,0.0,-3.0,-79.0
1777892220.8533323,0.0,-6.0,-78.0
1777892220.8633325,1.0,-4.0,-77.0
1777892220.8733325,4.0,0.0,-76.0
1777892220.8833325,1.0,1.0,-76.0
1777892220.8933325,2.0,-2.0,-71.0
1777892220.9033325,2.0,-2.0,-73.0
1777892220.9133325,0.0,-4.0,-69.0
1777892220.9233325,-4.0,-4.0,-62.0
1777892220.9333324,-3.0,0.0,-69.0
1777892220.9433324,-2.0,2.0,-71.0
1777892220.9533324,0.0,3.0,-73.0
1777892220.9633324,2.0,2.0,-81.0
1777892220.9733324,3.0,1.0,-77.0
1777892220.9833324,2.0,-4.0,-70.0
1777892220.9933324,2.0,-3.0,-63.0
1777892221.0033324,5.0,-4.0,-63.0
1777892221.0133324,6.0,-3.0,-64.0
1777892221.0233324,5.0,-2.0,-60.0
1777892221.0333323,3.0,-6.0,-70.0
1777892221.0433323,5.0,-8.0,-70.0
1777892221.0533323,13.0,-5.0,-68.0
1777892221.0633323,13.0,-6.0,-69.0
1777892221.0733323,11.0,-7.0,-68.0
1777892221.0833323,5.0,-8.0,-76.0
1777892221.0933323,0.0,-3.0,-70.0
1777892221.1033323,1.0,-5.0,-71.0
1777892221.1133325,-1.0,-3.0,-68.0
1777892221.1233325,-3.0,-1.0,-72.0
1777892221.1333325,-7.0,-1.0,-72.0
1777892221.1433325,-8.0,0.0,-70.0
1777892221.1533325,-6.0,2.0,-76.0
1777892221.1633325,-4.0,3.0,-72.0
1777892221.1733325,-3.0,1.0,-66.0
1777892221.1833324,-1.0,0.0,-65.0
1777892221.1933324,2.0,0.0,-67.0
1777892221.2033324,0.0,-3.0,-68.0
1777892221.2143323,1.0,-8.0,-74.0
1777892221.2243323,-4.0,-7.0,-70.0
1777892221.2343323,-4.0,-5.0,-64.0
1777892221.2443323,0.0,-4.0,-61.0
1777892221.2543323,-1.0,0.0,-63.0
1777892221.2643323,1.0,0.0,-61.0
1777892221.2743323,5.0,2.0,-60.0
1777892221.2843325,2.0,0.0,-62.0
1777892221.2943325,0.0,0.0,-69.0
1777892221.3043325,-1.0,2.0,-71.0
1777892221.3143325,-4.0,-1.0,-70.0
1777892221.3243325,0.0,-2.0,-69.0
1777892221.3343325,1.0,-2.0,-73.0
1777892221.3443325,0.0,-2.0,-75.0
1777892221.3543324,4.0,-2.0,-79.0
1777892221.3643324,4.0,-1.0,-75.0
1777892221.3743324,6.0,1.0,-77.0
1777892221.3843324,3.0,1.0,-73.0
1777892221.3943324,2.0,-1.0,-69.0
1777892221.4043324,7.0,-6.0,-67.0
1777892221.4143324,5.0,-6.0,-71.0
1777892221.4243324,6.0,-4.0,-64.0
1777892221.4343324,5.0,-7.0,-59.0
1777892221.4443324,6.0,-7.0,-64.0
1777892221.4543324,7.0,-8.0,-66.0
1777892221.4643323,6.0,-8.0,-69.0
1777892221.4743323,9.0,-1.0,-76.0
1777892221.4843323,10.0,-2.0,-80.0
1777892221.4943323,9.0,-2.0,-78.0
1777892221.5043323,8.0,0.0,-80.0
1777892221.5143323,4.0,-1.0,-78.0
1777892221.5243323,1.0,-3.0,-75.0
1777892221.5343325,1.0,-3.0,-78.0
1777892221.5443325,2.0,-1.0,-83.0
1777892221.5543325,0.0,0.0,-87.0
1777892221.5643325,0.0,0.0,-82.0
1777892221.5743325,0.0,-1.0,-84.0
1777892221.5843325,-3.0,0.0,-83.0
1777892221.5943325,2.0,2.0,-78.0
1777892221.6043324,7.0,4.0,-71.0
1777892221.6143324,3.0,-4.0,-68.0
1777892221.6243324,-1.0,-7.0,-67.0
1777892221.6343324,-2.0,-6.0,-72.0
1777892221.6443324,-1.0,-3.0,-70.0
1777892221.6543324,-1.0,-3.0,-64.0
1777892221.6643324,2.0,-6.0,-64.0
1777892221.6743324,3.0,-1.0,-67.0
1777892221.6843324,0.0,-3.0,-72.0
1777892221.6943324,3.0,-1.0,-77.0
1777892221.7043324,8.0,-5.0,-79.0
1777892221.7143323,7.0,-4.0,-74.0
1777892221.7243323,7.0,-5.0,-69.0
1777892221.7343323,5.0,-7.0,-66.0
1777892221.7443323,5.0,-10.0,-65.0
1777892221.7543323,4.0,-8.0,-67.0
1777892221.7643323,2.0,-6.0,-63.0
1777892221.7743323,0.0,-7.0,-60.0
1777892221.7843325,-4.0,-6.0,-73.0
1777892221.7943325,-2.0,-2.0,-72.0
1777892221.8043325,-1.0,-4.0,-75.0
1777892221.8143325,1.0,-1.0,-69.0
1777892221.8243325,3.0,2.0,-69.0
1777892221.8343325,1.0,1.0,-65.0
1777892221.8443325,-4.0,1.0,-62.0
1777892221.8543324,-5.0,-1.0,-62.0
1777892221.8643324,-4.0,-2.0,-68.0
1777892221.8743324,0.0,-4.0,-69.0
1777892221.8843324,1.0,-4.0,-61.0
1777892221.8943324,2.0,-2.0,-66.0
1777892221.9043324,5.0,0.0,-70.0
1777892221.9143324,7.0,-1.0,-68.0
1777892221.9243324,2.0,4.0,-62.0
1777892221.9343324,0.0,2.0,-65.0
1777892221.9443324,0.0,-3.0,-74.0
1777892221.9543324,3.0,-6.0,-80.0
1777892221.9643323,7.0,-5.0,-74.0
1777892221.9743323,6.0,-7.0,-75.0
1777892221.9843323,11.0,-9.0,-78.0
1777892221.9943323,14.0,-2.0,-72.0
1777892222.0043323,11.0,1.0,-70.0
1777892222.0143323,8.0,5.0,-71.0
1777892222.0243323,6.0,2.0,-66.0
1777892222.0343325,11.0,-2.0,-70.0
1777892222.0443325,6.0,-2.0,-70.0
1777892222.0543325,1.0,-3.0,-68.0
1777892222.0643325,0.0,-5.0,-67.0
1777892222.0743325,2.0,-3.0,-69.0
1777892222.0843325,4.0,-3.0,-73.0
1777892222.0943325,7.0,-1.0,-74.0
1777892222.1043324,3.0,-2.0,-78.0
1777892222.1143324,0.0,-3.0,-80.0
1777892222.1243324,3.0,0.0,-79.0
1777892222.1343324,5.0,0.0,-75.0
1777892222.1443324,6.0,-1.0,-68.0
1777892222.1543324,4.0,-1.0,-62.0
1777892222.1643324,5.0,-3.0,-69.0
1777892222.1743324,8.0,-3.0,-71.0
1777892222.1843324,7.0,-4.0,-71.0
1777892222.1943324,5.0,-2.0,-69.0
1777892222.2043324,6.0,-6.0,-70.0
1777892222.2143323,7.0,-7.0,-78.0
1777892222.2243323,8.0,-7.0,-86.0
1777892222.2343323,8.0,-7.0,-86.0
1777892222.2443323,5.0,-4.0,-83.0
1777892222.2543323,2.0,-3.0,-77.0
1777892222.2643323,2.0,0.0,-77.0
1777892222.2743323,5.0,-1.0,-72.0
1777892222.2843325,0.0,-3.0,-68.0
1777892222.2943325,1.0,-1.0,-73.0
1777892222.3043325,4.0,4.0,-78.0
1777892222.3143325,3.0,6.0,-86.0
1777892222.3243325,3.0,7.0,-80.0
1777892222.3343325,6.0,6.0,-76.0
1777892222.3443325,5.0,5.0,-79.0
1777892222.3543324,3.0,4.0,-82.0
1777892222.3643324,6.0,4.0,-77.0
1777892222.3743324,6.0,3.0,-77.0
1777892222.3843324,9.0,5.0,-74.0
1777892222.3943324,11.0,8.0,-71.0
1777892222.4043324,14.0,7.0,-66.0
1777892222.4143324,9.0,2.0,-65.0
1777892222.4243324,5.0,5.0,-67.0
1777892222.4343324,3.0,2.0,-69.0
1777892222.4443324,2.0,-1.0,-71.0
1777892222.4543324,5.0,0.0,-68.0
1777892222.4643323,6.0,0.0,-67.0
1777892222.4743323,0.0,0.0,-60.0
1777892222.4843323,1.0,0.0,-63.0
1777892222.4943323,1.0,1.0,-67.0
1777892222.5043323,-1.0,1.0,-68.0
1777892222.5143323,0.0,3.0,-68.0
1777892222.5243323,1.0,2.0,-66.0
1777892222.5343325,1.0,0.0,-73.0
1777892222.5443325,4.0,0.0,-69.0
1777892222.5543325,1.0,-1.0,-62.0
1777892222.5643325,1.0,-4.0,-65.0
1777892222.5743325,0.0,-7.0,-65.0
1777892222.5843325,3.0,-9.0,-64.0
1777892222.5943325,0.0,-5.0,-61.0
1777892222.6043324,-5.0,-4.0,-62.0
1777892222.6143324,0.0,-5.0,-61.0
1777892222.6243324,0.0,-9.0,-60.0
1777892222.6343324,-5.0,-4.0,-64.0
1777892222.6443324,-5.0,-2.0,-69.0
1777892222.6543324,-5.0,-4.0,-73.0
1777892222.6643324,-4.0,-3.0,-70.0
1777892222.6743324,-3.0,-5.0,-66.0
1777892222.6843324,-3.0,-5.0,-69.0
1777892222.6943324,-5.0,-1.0,-67.0
1777892222.7043324,-6.0,-1.0,-70.0
1777892222.7143323,-2.0,-2.0,-68.0
1777892222.7243323,-5.0,0.0,-68.0
1777892222.7343323,-6.0,-1.0,-65.0
1777892222.7443323,-4.0,3.0,-69.0
1777892222.7543323,-7.0,4.0,-66.0
1777892222.7643323,-6.0,2.0,-71.0
1777892222.7743323,-2.0,-4.0,-70.0
1777892222.7843325,-2.0,-2.0,-67.0
1777892222.7943325,-4.0,-2.0,-69.0
1777892222.8043325,-1.0,-3.0,-71.0
1777892222.8143325,-3.0,-6.0,-78.0
1777892222.8243325,0.0,-5.0,-77.0
1777892222.8343325,2.0,-2.0,-84.0
1777892222.8443325,-1.0,0.0,-74.0
1777892222.8543324,-2.0,0.0,-67.0
1777892222.8643324,-2.0,0.0,-66.0
1777892222.8743324,-6.0,0.0,-66.0
1777892222.8843324,-5.0,-1.0,-64.0
1777892222.8943324,0.0,3.0,-63.0
1777892222.9043324,-2.0,0.0,-59.0
1777892222.9143324,5.0,1.0,-61.0
1777892222.9243324,7.0,4.0,-61.0
1777892222.9343324,3.0,3.0,-65.0
1777892222.9443324,-1.0,2.0,-65.0
1777892222.9543324,-1.0,3.0,-64.0
1777892222.9643323,-4.0,0.0,-69.0
1777892222.9743323,-7.0,8.0,-76.0
1777892222.9843323,-8.0,3.0,-72.0
1777892222.9943323,-5.0,4.0,-71.0
1777892223.0043323,-3.0,5.0,-67.0
1777892223.0143323,-2.0,2.0,-63.0
1777892223.0243323,0.0,1.0,-67.0
1777892223.0343325,0.0,-3.0,-68.0
1777892223.0443325,0.0,-3.0,-59.0
1777892223.0543325,0.0,-4.0,-54.0
1777892223.0643325,0.0,-5.0,-59.0
1777892223.0743325,0.0,-6.0,-64.0
1777892223.0843325,1.0,-7.0,-68.0
1777892223.0943325,7.0,-12.0,-63.0
1777892223.1043324,7.0,-8.0,-59.0
1777892223.1143324,5.0,-4.0,-67.0
1777892223.1243324,3.0,0.0,-68.0
1777892223.1343324,3.0,-1.0,-62.0
1777892223.1443324,5.0,-1.0,-55.0
1777892223.1543324,4.0,0.0,-60.0
1777892223.1643324,2.0,-6.0,-67.0
1777892223.1743324,1.0,-9.0,-68.0
1777892223.1843324,2.0,-10.0,-75.0
1777892223.1953323,7.0,-11.0,-78.0
1777892223.2043324,7.0,-9.0,-76.0
1777892223.2153325,0.0,-8.0,-73.0
1777892223.2253325,0.0,-8.0,-72.0
1777892223.2353325,4.0,-10.0,-68.0
1777892223.2453325,4.0,-8.0,-67.0
1777892223.2553325,6.0,-3.0,-69.0
1777892223.2653325,8.0,-1.0,-72.0
1777892223.2753325,5.0,0.0,-72.0
1777892223.2853324,2.0,0.0,-73.0
1777892223.2953324,-1.0,0.0,-71.0
1777892223.3053324,-1.0,-1.0,-71.0
1777892223.3153324,0.0,1.0,-70.0
1777892223.3253324,0.0,8.0,-69.0
1777892223.3353324,3.0,8.0,-69.0
1777892223.3453324,4.0,4.0,-68.0
1777892223.3553324,2.0,0.0,-67.0
1777892223.3653324,1.0,2.0,-70.0
1777892223.3753324,3.0,1.0,-74.0
1777892223.3853323,1.0,1.0,-74.0
1777892223.3953323,0.0,1.0,-76.0
1777892223.4053323,2.0,-2.0,-76.0
1777892223.4153323,1.0,-4.0,-70.0
1777892223.4253323,4.0,-3.0,-68.0
1777892223.4353323,4.0,-3.0,-67.0
1777892223.4453323,5.0,-1.0,-74.0
1777892223.4553325,7.0,-1.0,-72.0
1777892223.4653325,6.0,-1.0,-70.0
1777892223.4753325,2.0,-2.0,-68.0
1777892223.4853325,4.0,-2.0,-72.0
1777892223.4953325,1.0,-3.0,-77.0
1777892223.5053325,5.0,2.0,-74.0
1777892223.5153325,7.0,4.0,-69.0
1777892223.5253325,2.0,4.0,-72.0
1777892223.5353324,2.0,-1.0,-71.0
1777892223.5453324,2.0,-2.0,-69.0
1777892223.5553324,3.0,-1.0,-67.0
1777892223.5653324,3.0,0.0,-67.0
1777892223.5753324,8.0,1.0,-68.0
1777892223.5853324,5.0,5.0,-65.0
1777892223.5953324,7.0,6.0,-64.0
1777892223.6053324,9.0,6.0,-67.0
1777892223.6153324,3.0,3.0,-66.0
1777892223.6253324,3.0,4.0,-63.0
1777892223.6353323,9.0,3.0,-66.0
1777892223.6453323,7.0,5.0,-69.0
1777892223.6553323,9.0,4.0,-76.0
1777892223.6653323,6.0,1.0,-75.0
1777892223.6753323,0.0,3.0,-73.0
1777892223.6853323,3.0,4.0,-75.0
1777892223.6953323,3.0,1.0,-76.0
1777892223.7053325,2.0,1.0,-74.0
1777892223.7153325,1.0,0.0,-70.0
1777892223.7253325,-1.0,2.0,-73.0
1777892223.7353325,-4.0,1.0,-77.0
1777892223.7453325,-4.0,1.0,-79.0
1777892223.7553325,-2.0,0.0,-78.0
1777892223.7653325,-4.0,-3.0,-75.0
1777892223.7753325,-3.0,-1.0,-79.0
1777892223.7853324,-2.0,1.0,-74.0
1777892223.7953324,0.0,1.0,-75.0
1777892223.8053324,3.0,1.0,-79.0
1777892223.8153324,3.0,-1.0,-84.0
1777892223.8253324,4.0,0.0,-88.0
1777892223.8353324,7.0,-1.0,-87.0
1777892223.8453324,7.0,4.0,-82.0
1777892223.8553324,2.0,5.0,-76.0
1777892223.8653324,1.0,3.0,-73.0
1777892223.8753324,1.0,0.0,-71.0
1777892223.8853323,4.0,-1.0,-72.0
1777892223.8953323,2.0,0.0,-69.0
1777892223.9053323,-2.0,0.0,-69.0
1777892223.9153323,-1.0,-3.0,-70.0
1777892223.9253323,1.0,-1.0,-72.0
1777892223.9353323,3.0,3.0,-68.0
1777892223.9453323,2.0,5.0,-64.0
1777892223.9553325,5.0,3.0,-63.0
1777892223.9653325,6.0,0.0,-64.0
1777892223.9753325,9.0,1.0,-62.0
1777892223.9853325,10.0,1.0,-63.0
1777892223.9953325,9.0,0.0,-66.0
1777892224.0053325,10.0,-6.0,-69.0
1777892224.0153325,10.0,-5.0,-71.0
1777892224.0253325,11.0,-4.0,-74.0
1777892224.0353324,5.0,-8.0,-75.0
1777892224.0453324,5.0,-12.0,-75.0
1777892224.0553324,8.0,-16.0,-75.0
1777892224.0653324,9.0,-12.0,-72.0
1777892224.0753324,2.0,-6.0,-75.0
1777892224.0853324,-1.0,-2.0,-73.0
1777892224.0953324,1.0,-1.0,-70.0
1777892224.1053324,9.0,-1.0,-70.0
1777892224.1153324,7.0,0.0,-74.0
1777892224.1253324,11.0,3.0,-74.0
1777892224.1353323,9.0,1.0,-72.0
1777892224.1453323,4.0,-1.0,-68.0
1777892224.1553323,7.0,0.0,-71.0
1777892224.1653323,10.0,-2.0,-71.0
1777892224.1753323,10.0,0.0,-73.0
1777892224.1853323,11.0,3.0,-78.0
1777892224.1953323,7.0,0.0,-78.0
1777892224.2053325,6.0,2.0,-76.0
1777892224.2153325,2.0,4.0,-77.0
1777892224.2253325,-2.0,0.0,-75.0
1777892224.2353325,-2.0,-3.0,-79.0
1777892224.2453325,-2.0,-4.0,-76.0
1777892224.2553325,0.0,-6.0,-74.0
1777892224.2653325,-1.0,-5.0,-75.0
1777892224.2753325,1.0,-7.0,-77.0
1777892224.2853324,0.0,-7.0,-74.0
1777892224.2953324,1.0,-4.0,-78.0
1777892224.3053324,1.0,-1.0,-83.0
1777892224.3153324,2.0,-4.0,-80.0
1777892224.3253324,3.0,-4.0,-76.0
1777892224.3353324,0.0,0.0,-72.0
1777892224.3453324,0.0,-1.0,-67.0
1777892224.3553324,0.0,-4.0,-68.0
1777892224.3653324,1.0,-1.0,-67.0
1777892224.3753324,1.0,-1.0,-63.0
1777892224.3853323,0.0,-1.0,-65.0
1777892224.3953323,0.0,-1.0,-69.0
1777892224.4053323,-1.0,-1.0,-72.0
1777892224.4153323,-2.0,0.0,-71.0
1777892224.4253323,0.0,0.0,-61.0
1777892224.4353323,3.0,-4.0,-63.0
1777892224.4453323,6.0,-2.0,-70.0
1777892224.4553325,1.0,-3.0,-69.0
1777892224.4653325,-1.0,-4.0,-67.0
1777892224.4753325,-3.0,-1.0,-68.0
1777892224.4853325,0.0,1.0,-70.0
1777892224.4953325,6.0,4.0,-74.0
1777892224.5053325,4.0,3.0,-68.0
1777892224.5153325,1.0,2.0,-71.0
1777892224.5253325,-2.0,4.0,-75.0
1777892224.5353324,-4.0,2.0,-77.0
1777892224.5453324,-4.0,6.0,-78.0
1777892224.5553324,-4.0,8.0,-78.0
1777892224.5653324,-1.0,9.0,-79.0
1777892224.5753324,1.0,8.0,-76.0
1777892224.5853324,0.0,5.0,-75.0
1777892224.5953324,1.0,4.0,-76.0
1777892224.6053324,1.0,7.0,-75.0
1777892224.6153324,2.0,4.0,-68.0
1777892224.6253324,0.0,1.0,-68.0
1777892224.6353323,-1.0,-1.0,-66.0
1777892224.6453323,0.0,0.0,-67.0
1777892224.6553323,-3.0,0.0,-63.0
1777892224.6653323,-3.0,1.0,-66.0
1777892224.6753323,-4.0,1.0,-71.0
1777892224.6853323,-3.0,2.0,-71.0
1777892224.6953323,-4.0,-1.0,-71.0
1777892224.7053325,-4.0,-2.0,-68.0
1777892224.7153325,-7.0,-4.0,-68.0
1777892224.7253325,-6.0,0.0,-73.0
1777892224.7353325,-2.0,0.0,-70.0
1777892224.7453325,-2.0,0.0,-73.0
1777892224.7553325,-1.0,-2.0,-72.0
1777892224.7653325,-4.0,-3.0,-69.0
1777892224.7753325,0.0,-2.0,-68.0
1777892224.7853324,2.0,-7.0,-74.0
1777892224.7953324,1.0,-6.0,-75.0
1777892224.8053324,0.0,-8.0,-75.0
1777892224.8153324,0.0,-10.0,-72.0
1777892224.8253324,-1.0,-10.0,-73.0
1777892224.8353324,2.0,-8.0,-72.0
1777892224.8453324,6.0,-6.0,-76.0
1777892224.8553324,6.0,-2.0,-70.0
1777892224.8653324,1.0,-1.0,-70.0
1777892224.8753324,0.0,-4.0,-66.0
1777892224.8853323,0.0,-2.0,-59.0
1777892224.8953323,8.0,-3.0,-64.0
1777892224.9053323,7.0,-2.0,-70.0
1777892224.9153323,7.0,0.0,-73.0
1777892224.9253323,4.0,3.0,-71.0
1777892224.9353323,2.0,1.0,-70.0
1777892224.9453323,5.0,4.0,-75.0
1777892224.9553325,3.0,4.0,-78.0
1777892224.9653325,4.0,1.0,-74.0
1777892224.9753325,3.0,0.0,-73.0
1777892224.9853325,0.0,1.0,-70.0
1777892224.9953325,2.0,-2.0,-72.0
1777892225.0053325,3.0,-1.0,-82.0
1777892225.0153325,1.0,1.0,-81.0
1777892225.0253325,-1.0,1.0,-87.0
1777892225.0353324,-1.0,1.0,-94.0
1777892225.0453324,-4.0,2.0,-92.0
1777892225.0553324,0.0,0.0,-88.0
1777892225.0653324,-2.0,-2.0,-83.0
1777892225.0753324,3.0,-3.0,-79.0
1777892225.0853324,7.0,0.0,-78.0
1777892225.0953324,7.0,2.0,-75.0
1777892225.1053324,3.0,0.0,-77.0
1777892225.1153324,5.0,0.0,-80.0
1777892225.1253324,4.0,-2.0,-78.0
1777892225.1353323,1.0,0.0,-76.0
1777892225.1453323,1.0,1.0,-73.0
1777892225.1553323,0.0,0.0,-67.0
1777892225.1653323,2.0,0.0,-64.0
1777892225.1753323,-2.0,0.0,-67.0
1777892225.1853323,0.0,2.0,-71.0
1777892225.1953323,3.0,5.0,-74.0
1777892225.2053325,1.0,7.0,-73.0
1777892225.2163324,0.0,5.0,-71.0
1777892225.2273324,0.0,2.0,-67.0
1777892225.2363324,0.0,-3.0,-68.0
1777892225.2463324,0.0,-6.0,-70.0
1777892225.2563324,1.0,-3.0,-75.0
1777892225.2663324,3.0,-6.0,-73.0
1777892225.2763324,3.0,-6.0,-77.0
1777892225.2863324,6.0,-7.0,-74.0
1777892225.2963324,4.0,-9.0,-75.0
1777892225.3063323,7.0,-10.0,-77.0
1777892225.3163323,3.0,-11.0,-71.0
1777892225.3263323,0.0,-8.0,-72.0
1777892225.3363323,5.0,-6.0,-71.0
1777892225.3463323,5.0,-5.0,-70.0
1777892225.3563323,3.0,-7.0,-69.0
1777892225.3663323,-1.0,-7.0,-73.0
1777892225.3763323,-5.0,-7.0,-79.0
1777892225.3863325,-6.0,-13.0,-80.0
1777892225.3963325,-5.0,-7.0,-77.0
1777892225.4063325,-2.0,-1.0,-77.0
1777892225.4163325,0.0,-4.0,-76.0
1777892225.4263325,-2.0,-7.0,-69.0
1777892225.4363325,-1.0,-5.0,-71.0
1777892225.4463325,-3.0,-2.0,-70.0
1777892225.4563324,-7.0,0.0,-70.0
1777892225.4663324,-7.0,1.0,-68.0
1777892225.4763324,-6.0,0.0,-73.0
1777892225.4863324,-7.0,-5.0,-74.0
1777892225.4963324,-6.0,-2.0,-69.0
1777892225.5063324,-5.0,0.0,-61.0
1777892225.5163324,-7.0,2.0,-59.0
1777892225.5263324,-7.0,3.0,-65.0
1777892225.5363324,-8.0,2.0,-73.0
1777892225.5463324,-7.0,2.0,-72.0
1777892225.5563323,-4.0,5.0,-71.0
1777892225.5663323,-4.0,6.0,-73.0
1777892225.5763323,2.0,3.0,-76.0
1777892225.5863323,6.0,4.0,-83.0
1777892225.5963323,8.0,1.0,-77.0
1777892225.6063323,8.0,0.0,-73.0
1777892225.6163323,4.0,-4.0,-67.0
1777892225.6263323,0.0,-4.0,-70.0
1777892225.6363325,0.0,-3.0,-74.0
1777892225.6463325,3.0,-4.0,-72.0
1777892225.6563325,6.0,-1.0,-69.0
1777892225.6663325,0.0,0.0,-66.0
1777892225.6763325,0.0,3.0,-61.0
1777892225.6863325,0.0,6.0,-58.0
1777892225.6963325,2.0,4.0,-61.0
1777892225.7063324,3.0,4.0,-68.0
1777892225.7163324,-1.0,4.0,-68.0
1777892225.7263324,-6.0,5.0,-72.0
1777892225.7363324,-5.0,3.0,-67.0
1777892225.7463324,-2.0,0.0,-70.0
1777892225.7563324,-3.0,-2.0,-64.0
1777892225.7663324,-3.0,-1.0,-62.0
1777892225.7763324,-2.0,-3.0,-67.0
1777892225.7863324,-6.0,-2.0,-67.0
1777892225.7963324,-12.0,0.0,-66.0
1777892225.8063323,-11.0,-1.0,-70.0
1777892225.8163323,-5.0,0.0,-73.0
1777892225.8263323,-3.0,0.0,-74.0
1777892225.8363323,-2.0,2.0,-70.0
1777892225.8463323,-2.0,0.0,-69.0
1777892225.8563323,-1.0,3.0,-70.0
1777892225.8663323,-2.0,5.0,-75.0
1777892225.8763323,-4.0,6.0,-76.0
1777892225.8863325,-2.0,3.0,-74.0
1777892225.8963325,-2.0,0.0,-70.0
1777892225.9063325,-4.0,3.0,-75.0
1777892225.9163325,-4.0,0.0,-67.0
1777892225.9263325,0.0,0.0,-66.0
1777892225.9363325,1.0,-2.0,-74.0
1777892225.9463325,0.0,-2.0,-74.0
1777892225.9563324,-2.0,0.0,-79.0
1777892225.9663324,0.0,0.0,-80.0
1777892225.9763324,1.0,1.0,-72.0
1777892225.9863324,1.0,0.0,-77.0
1777892225.9963324,5.0,-2.0,-77.0
1777892226.0063324,6.0,-1.0,-70.0
1777892226.0163324,1.0,-3.0,-68.0
1777892226.0263324,1.0,-4.0,-71.0
1777892226.0363324,2.0,-5.0,-71.0
1777892226.0463324,1.0,-5.0,-68.0
1777892226.0563323,5.0,-2.0,-63.0
1777892226.0663323,9.0,-6.0,-69.0
1777892226.0763323,9.0,-4.0,-71.0
1777892226.0863323,4.0,-3.0,-66.0
1777892226.0963323,2.0,-6.0,-70.0
1777892226.1063323,2.0,-7.0,-65.0
1777892226.1163323,3.0,-3.0,-65.0
1777892226.1263323,8.0,0.0,-63.0
1777892226.1363325,6.0,0.0,-62.0
1777892226.1463325,5.0,0.0,-63.0
1777892226.1563325,2.0,-1.0,-67.0
1777892226.1663325,3.0,-2.0,-64.0
1777892226.1763325,7.0,-1.0,-70.0
1777892226.1863325,10.0,-2.0,-65.0
1777892226.1963325,6.0,0.0,-70.0
1777892226.2063324,9.0,0.0,-66.0
1777892226.2163324,9.0,0.0,-68.0
1777892226.2263324,4.0,-2.0,-68.0
1777892226.2363324,1.0,-3.0,-69.0
1777892226.2463324,2.0,-3.0,-71.0
1777892226.2563324,5.0,-4.0,-72.0
1777892226.2663324,8.0,-7.0,-83.0
1777892226.2763324,9.0,-3.0,-82.0
1777892226.2863324,5.0,-3.0,-75.0
1777892226.2963324,3.0,-5.0,-77.0
1777892226.3063323,4.0,-8.0,-75.0
1777892226.3163323,6.0,-11.0,-79.0
1777892226.3263323,7.0,-10.0,-80.0
1777892226.3363323,8.0,-8.0,-75.0
1777892226.3463323,4.0,-6.0,-82.0
1777892226.3563323,1.0,-10.0,-79.0
1777892226.3663323,2.0,-8.0,-77.0
1777892226.3763323,3.0,-3.0,-80.0
1777892226.3863325,1.0,-2.0,-76.0
1777892226.3963325,1.0,-1.0,-71.0
1777892226.4063325,2.0,0.0,-73.0
1777892226.4163325,3.0,0.0,-77.0
1777892226.4263325,1.0,-1.0,-68.0
1777892226.4363325,0.0,-3.0,-71.0
1777892226.4463325,-1.0,-2.0,-69.0
1777892226.4563324,-1.0,-5.0,-64.0
1777892226.4663324,-1.0,-4.0,-66.0
1777892226.4763324,1.0,-1.0,-71.0
1777892226.4863324,1.0,-1.0,-75.0
1777892226.4963324,4.0,1.0,-77.0
1777892226.5063324,1.0,0.0,-77.0
1777892226.5163324,-2.0,-2.0,-82.0
1777892226.5263324,-1.0,-5.0,-89.0
1777892226.5363324,0.0,-4.0,-90.0
1777892226.5463324,0.0,-3.0,-78.0
1777892226.5563323,1.0,-1.0,-70.0
1777892226.5663323,0.0,-2.0,-65.0
1777892226.5763323,-6.0,-4.0,-66.0
1777892226.5863323,-1.0,-1.0,-67.0
1777892226.5963323,0.0,0.0,-59.0
1777892226.6063323,0.0,-3.0,-60.0
1777892226.6163323,2.0,-1.0,-62.0
1777892226.6263323,0.0,0.0,-70.0
1777892226.6363325,0.0,1.0,-64.0
1777892226.6463325,-1.0,6.0,-69.0
1777892226.6563325,-7.0,5.0,-75.0
1777892226.6663325,-8.0,4.0,-77.0
1777892226.6763325,-3.0,-1.0,-81.0
1777892226.6863325,-3.0,0.0,-77.0
1777892226.6963325,-5.0,0.0,-79.0
1777892226.7063324,-4.0,-5.0,-74.0
1777892226.7163324,-5.0,-7.0,-75.0
1777892226.7263324,-4.0,-10.0,-78.0
1777892226.7363324,-3.0,-4.0,-81.0
1777892226.7463324,-6.0,0.0,-78.0
1777892226.7563324,-3.0,0.0,-80.0
1777892226.7663324,-3.0,2.0,-80.0
1777892226.7763324,0.0,0.0,-78.0
1777892226.7863324,5.0,-3.0,-77.0
1777892226.7963324,4.0,-5.0,-73.0
1777892226.8063323,0.0,-4.0,-73.0
1777892226.8163323,-1.0,-6.0,-81.0
1777892226.8263323,-2.0,-4.0,-84.0
1777892226.8363323,-7.0,0.0,-82.0
1777892226.8463323,-7.0,-4.0,-77.0
1777892226.8563323,-6.0,-2.0,-71.0
1777892226.8663323,-7.0,-5.0,-67.0
1777892226.8763323,-9.0,-6.0,-71.0
1777892226.8863325,-5.0,-5.0,-71.0
1777892226.8963325,-3.0,-3.0,-67.0
1777892226.9063325,1.0,-1.0,-73.0
1777892226.9163325,4.0,-4.0,-74.0
1777892226.9263325,6.0,-3.0,-64.0
1777892226.9363325,9.0,-5.0,-66.0
1777892226.9463325,7.0,-2.0,-62.0
1777892226.9563324,7.0,-3.0,-73.0
1777892226.9663324,5.0,-4.0,-79.0
1777892226.9763324,3.0,-4.0,-73.0
1777892226.9863324,4.0,-2.0,-72.0
1777892226.9963324,-1.0,-2.0,-71.0
1777892227.0063324,-2.0,0.0,-75.0
1777892227.0163324,-3.0,2.0,-73.0
1777892227.0263324,-5.0,2.0,-72.0
1777892227.0363324,-5.0,1.0,-79.0
1777892227.0463324,-1.0,0.0,-82.0
1777892227.0563323,0.0,0.0,-84.0
1777892227.0663323,0.0,0.0,-80.0
1777892227.0763323,1.0,-2.0,-74.0
1777892227.0863323,0.0,-3.0,-71.0
1777892227.0963323,-1.0,-1.0,-69.0
1777892227.1063323,-1.0,0.0,-74.0
1777892227.1173325,0.0,0.0,-77.0
1777892227.1263323,5.0,-8.0,-79.0
1777892227.1363325,3.0,-5.0,-86.0
1777892227.1463325,2.0,-1.0,-81.0
1777892227.1563325,6.0,0.0,-82.0
1777892227.1663325,9.0,3.0,-86.0
1777892227.1763325,4.0,1.0,-88.0
1777892227.1873324,3.0,1.0,-83.0
1777892227.1973324,0.0,2.0,-79.0
1777892227.2073324,-1.0,-3.0,-81.0
1777892227.2173324,0.0,-4.0,-74.0
1777892227.2273324,-4.0,0.0,-73.0
1777892227.2373323,-6.0,0.0,-72.0
1777892227.2473323,-3.0,-2.0,-75.0
1777892227.2573323,-3.0,-2.0,-73.0
1777892227.2673323,-3.0,-9.0,-70.0
1777892227.2773323,-2.0,-4.0,-69.0
1777892227.2873323,0.0,-1.0,-62.0
1777892227.2973323,0.0,0.0,-66.0
1777892227.3073325,1.0,4.0,-66.0
1777892227.3173325,-3.0,4.0,-60.0
1777892227.3273325,1.0,5.0,-65.0
1777892227.3373325,3.0,9.0,-59.0
1777892227.3473325,0.0,9.0,-58.0
1777892227.3573325,1.0,5.0,-58.0
1777892227.3673325,3.0,5.0,-65.0
1777892227.3773324,8.0,4.0,-73.0
1777892227.3873324,5.0,0.0,-71.0
1777892227.3973324,3.0,-4.0,-78.0
1777892227.4073324,-2.0,-5.0,-79.0
1777892227.4173324,2.0,-4.0,-74.0
1777892227.4273324,3.0,-4.0,-70.0
1777892227.4373324,1.0,-7.0,-77.0
1777892227.4473324,0.0,-7.0,-76.0
1777892227.4573324,-5.0,-5.0,-73.0
1777892227.4673324,-5.0,-4.0,-70.0
1777892227.4773324,-4.0,-3.0,-70.0
1777892227.4873323,-2.0,0.0,-71.0
1777892227.4973323,-3.0,5.0,-62.0
1777892227.5073323,0.0,5.0,-60.0
1777892227.5173323,1.0,4.0,-57.0
1777892227.5273323,2.0,2.0,-56.0
1777892227.5373323,7.0,3.0,-69.0
1777892227.5473323,8.0,-1.0,-73.0
1777892227.5573325,8.0,-4.0,-72.0
1777892227.5673325,6.0,-4.0,-67.0
1777892227.5773325,4.0,-6.0,-73.0
1777892227.5873325,5.0,-2.0,-74.0
1777892227.5973325,6.0,0.0,-76.0
1777892227.6073325,7.0,-2.0,-76.0
1777892227.6173325,8.0,-3.0,-74.0
1777892227.6273324,2.0,0.0,-72.0
1777892227.6373324,0.0,0.0,-69.0
1777892227.6473324,0.0,3.0,-76.0
1777892227.6573324,2.0,4.0,-77.0
1777892227.6673324,4.0,1.0,-79.0
1777892227.6773324,2.0,0.0,-68.0
1777892227.6873324,-3.0,0.0,-67.0
1777892227.6973324,1.0,-1.0,-72.0
1777892227.7073324,5.0,-7.0,-71.0
1777892227.7173324,8.0,-7.0,-81.0
1777892227.7273324,8.0,-8.0,-79.0
1777892227.7373323,3.0,-10.0,-79.0
1777892227.7473323,0.0,-11.0,-74.0
1777892227.7573323,0.0,-12.0,-74.0
1777892227.7673323,-2.0,-9.0,-77.0
1777892227.7773323,0.0,-9.0,-79.0
1777892227.7873323,0.0,-7.0,-77.0
1777892227.7973323,4.0,-3.0,-77.0
1777892227.8073325,4.0,-2.0,-81.0
1777892227.8173325,1.0,-2.0,-79.0
1777892227.8273325,2.0,-1.0,-75.0
1777892227.8373325,5.0,-5.0,-76.0
1777892227.8473325,1.0,-4.0,-68.0
1777892227.8573325,0.0,-5.0,-65.0
1777892227.8673325,-3.0,-4.0,-65.0
1777892227.8773324,0.0,0.0,-67.0
1777892227.8873324,0.0,3.0,-59.0
1777892227.8973324,4.0,0.0,-69.0
1777892227.9073324,2.0,2.0,-76.0
1777892227.9173324,2.0,1.0,-83.0
1777892227.9273324,1.0,0.0,-82.0
1777892227.9373324,0.0,-2.0,-81.0
1777892227.9473324,1.0,0.0,-82.0
1777892227.9573324,0.0,2.0,-83.0
1777892227.9673324,1.0,0.0,-88.0
1777892227.9773324,2.0,0.0,-89.0
1777892227.9873323,5.0,-3.0,-84.0
1777892227.9973323,6.0,-4.0,-81.0
1777892228.0073323,1.0,0.0,-78.0
1777892228.0173323,1.0,0.0,-79.0
1777892228.0273323,3.0,1.0,-77.0
1777892228.0373323,1.0,3.0,-80.0
1777892228.0473323,-3.0,3.0,-75.0
1777892228.0573325,-4.0,7.0,-76.0
1777892228.0673325,0.0,6.0,-71.0
1777892228.0773325,0.0,5.0,-61.0
1777892228.0873325,2.0,4.0,-64.0
1777892228.0973325,1.0,0.0,-70.0
1777892228.1073325,6.0,-1.0,-70.0
1777892228.1173325,5.0,-3.0,-73.0
1777892228.1273324,5.0,-7.0,-68.0
1777892228.1373324,2.0,-8.0,-72.0
1777892228.1473324,0.0,-5.0,-79.0
1777892228.1573324,0.0,-8.0,-74.0
1777892228.1673324,-1.0,-9.0,-73.0
1777892228.1773324,-7.0,-4.0,-74.0
1777892228.1873324,-7.0,-6.0,-80.0
1777892228.1973324,-7.0,-5.0,-81.0
1777892228.2073324,-6.0,-4.0,-81.0
1777892228.2173324,1.0,-5.0,-81.0
1777892228.2273324,-1.0,-9.0,-75.0
1777892228.2373323,-2.0,-8.0,-61.0
1777892228.2473323,-2.0,-8.0,-62.0
1777892228.2573323,2.0,-6.0,-63.0
1777892228.2673323,3.0,-1.0,-71.0
1777892228.2773323,1.0,1.0,-66.0
1777892228.2873323,-3.0,0.0,-66.0
1777892228.2973323,0.0,-3.0,-70.0
1777892228.3073325,1.0,-7.0,-74.0
1777892228.3173325,0.0,-6.0,-69.0
1777892228.3273325,-4.0,-9.0,-74.0
1777892228.3373325,-2.0,-10.0,-72.0
1777892228.3473325,0.0,-7.0,-75.0
1777892228.3573325,2.0,-3.0,-71.0
1777892228.3673325,4.0,0.0,-63.0
1777892228.3773324,1.0,-1.0,-59.0
1777892228.3873324,2.0,-1.0,-64.0
1777892228.3973324,1.0,-1.0,-71.0
1777892228.4073324,3.0,2.0,-79.0
1777892228.4173324,4.0,1.0,-81.0
1777892228.4273324,2.0,2.0,-76.0
1777892228.4373324,1.0,2.0,-73.0
1777892228.4473324,1.0,1.0,-70.0
1777892228.4573324,0.0,-1.0,-72.0
1777892228.4673324,1.0,-1.0,-71.0
1777892228.4773324,-2.0,2.0,-76.0
1777892228.4873323,-2.0,1.0,-77.0
1777892228.4973323,-2.0,2.0,-76.0
1777892228.5073323,0.0,1.0,-78.0
1777892228.5173323,-6.0,0.0,-77.0
1777892228.5273323,-2.0,-5.0,-77.0
1777892228.5373323,1.0,-6.0,-79.0
1777892228.5473323,2.0,-7.0,-73.0
1777892228.5573325,2.0,-5.0,-73.0
1777892228.5673325,2.0,-2.0,-76.0
1777892228.5773325,1.0,-4.0,-74.0
1777892228.5873325,4.0,-3.0,-75.0
1777892228.5973325,1.0,-2.0,-69.0
1777892228.6073325,1.0,0.0,-59.0
1777892228.6173325,0.0,3.0,-54.0
1777892228.6273324,3.0,1.0,-59.0
1777892228.6373324,4.0,0.0,-62.0
1777892228.6473324,6.0,0.0,-63.0
1777892228.6573324,5.0,-1.0,-67.0
1777892228.6673324,0.0,0.0,-70.0
1777892228.6773324,-1.0,2.0,-63.0
1777892228.6873324,0.0,3.0,-60.0
1777892228.6973324,-1.0,1.0,-67.0
1777892228.7073324,-6.0,1.0,-72.0
1777892228.7173324,-8.0,0.0,-78.0
1777892228.7273324,-6.0,-1.0,-75.0
1777892228.7373323,-4.0,0.0,-76.0
1777892228.7473323,-3.0,-1.0,-86.0
1777892228.7573323,-4.0,-1.0,-91.0
1777892228.7673323,-2.0,0.0,-87.0
1777892228.7773323,-5.0,0.0,-74.0
1777892228.7873323,-4.0,0.0,-68.0
1777892228.7973323,-4.0,-1.0,-66.0
1777892228.8073325,-3.0,-6.0,-65.0
1777892228.8173325,-7.0,-4.0,-70.0
1777892228.8273325,-4.0,-3.0,-72.0
1777892228.8373325,-7.0,0.0,-73.0
1777892228.8473325,-6.0,-2.0,-74.0
1777892228.8573325,-4.0,-3.0,-76.0
1777892228.8673325,1.0,-5.0,-77.0
1777892228.8773324,3.0,-4.0,-75.0
1777892228.8873324,3.0,-4.0,-68.0
1777892228.8973324,1.0,-4.0,-68.0
1777892228.9073324,4.0,-4.0,-75.0
1777892228.9173324,3.0,-3.0,-76.0
1777892228.9273324,2.0,-2.0,-75.0
1777892228.9373324,2.0,-2.0,-73.0
1777892228.9473324,-1.0,-2.0,-75.0
1777892228.9573324,0.0,-1.0,-78.0
1777892228.9673324,0.0,0.0,-73.0
1777892228.9773324,0.0,0.0,-73.0
1777892228.9873323,4.0,5.0,-74.0
1777892228.9973323,4.0,1.0,-75.0
1777892229.0073323,4.0,2.0,-78.0
1777892229.0173323,1.0,1.0,-83.0
1777892229.0273323,0.0,-1.0,-87.0
1777892229.0373323,0.0,1.0,-88.0
1777892229.0473323,-1.0,0.0,-83.0
1777892229.0573325,0.0,2.0,-79.0
1777892229.0673325,0.0,-1.0,-78.0
1777892229.0773325,0.0,-3.0,-71.0
1777892229.0873325,0.0,-4.0,-69.0
1777892229.0973325,1.0,-7.0,-66.0
1777892229.1073325,-1.0,-1.0,-72.0
1777892229.1173325,0.0,-1.0,-66.0
1777892229.1273324,0.0,-2.0,-64.0
1777892229.1373324,0.0,1.0,-67.0
1777892229.1473324,0.0,3.0,-68.0
1777892229.1573324,0.0,-1.0,-70.0
1777892229.1673324,1.0,-1.0,-75.0
1777892229.1773324,0.0,-1.0,-72.0
1777892229.1873324,-2.0,-5.0,-72.0
1777892229.1973324,0.0,-10.0,-70.0
1777892229.2073324,1.0,-13.0,-70.0
1777892229.2183323,5.0,-8.0,-68.0
1777892229.2273324,6.0,-3.0,-65.0
1777892229.2383325,4.0,-5.0,-65.0
1777892229.2483325,2.0,-1.0,-68.0
1777892229.2583325,4.0,0.0,-66.0
1777892229.2683325,5.0,-4.0,-63.0
1777892229.2783325,3.0,-5.0,-60.0
1777892229.2883325,3.0,-6.0,-65.0
1777892229.2983325,0.0,-9.0,-64.0
1777892229.3083324,2.0,-8.0,-69.0
1777892229.3183324,-3.0,-4.0,-67.0
1777892229.3283324,-7.0,-2.0,-63.0
1777892229.3383324,-5.0,-4.0,-66.0
1777892229.3483324,-7.0,-3.0,-68.0
1777892229.3583324,-8.0,-2.0,-68.0
1777892229.3683324,-11.0,-4.0,-73.0
1777892229.3783324,-6.0,-4.0,-72.0
1777892229.3883324,-2.0,-4.0,-73.0
1777892229.3983324,-4.0,-1.0,-80.0
1777892229.4083323,-2.0,-3.0,-69.0
1777892229.4183323,-3.0,-5.0,-68.0
1777892229.4283323,-6.0,-3.0,-66.0
1777892229.4383323,-6.0,-2.0,-72.0
1777892229.4483323,-7.0,0.0,-73.0
1777892229.4583323,-5.0,0.0,-78.0
1777892229.4683323,-1.0,0.0,-76.0
1777892229.4783323,0.0,0.0,-74.0
1777892229.4883325,0.0,0.0,-65.0
1777892229.4983325,-5.0,-2.0,-62.0
1777892229.5083325,-4.0,0.0,-58.0
1777892229.5183325,-2.0,1.0,-62.0
1777892229.5283325,-1.0,3.0,-63.0
1777892229.5383325,-3.0,1.0,-65.0
1777892229.5483325,-6.0,0.0,-68.0
1777892229.5583324,-1.0,-2.0,-75.0
1777892229.5683324,4.0,-4.0,-72.0
1777892229.5783324,1.0,-5.0,-72.0
1777892229.5883324,0.0,1.0,-75.0
1777892229.5983324,3.0,-2.0,-69.0
1777892229.6083324,0.0,-3.0,-65.0
1777892229.6183324,-2.0,-2.0,-68.0
1777892229.6283324,-4.0,-3.0,-68.0
1777892229.6383324,-5.0,-1.0,-66.0
1777892229.6483324,-7.0,0.0,-66.0
1777892229.6583323,-3.0,-3.0,-63.0
1777892229.6683323,0.0,-6.0,-66.0
1777892229.6783323,0.0,-5.0,-73.0
1777892229.6883323,2.0,-8.0,-80.0
1777892229.6983323,0.0,-2.0,-83.0
1777892229.7083323,9.0,-3.0,-80.0
1777892229.7183323,9.0,-3.0,-79.0
1777892229.7283323,6.0,-2.0,-79.0
1777892229.7383325,1.0,-3.0,-78.0
1777892229.7483325,3.0,-3.0,-79.0
1777892229.7583325,6.0,-3.0,-75.0
1777892229.7683325,2.0,-5.0,-70.0
1777892229.7783325,4.0,-3.0,-66.0
1777892229.7883325,5.0,-4.0,-61.0
1777892229.7983325,5.0,-4.0,-66.0
1777892229.8083324,2.0,0.0,-70.0
1777892229.8183324,0.0,0.0,-70.0
1777892229.8283324,2.0,0.0,-70.0
1777892229.8383324,1.0,-2.0,-71.0
1777892229.8483324,0.0,-3.0,-71.0
1777892229.8583324,-1.0,-2.0,-72.0
1777892229.8683324,-1.0,2.0,-76.0
1777892229.8783324,0.0,4.0,-71.0
1777892229.8883324,-1.0,4.0,-71.0
1777892229.8983324,-6.0,1.0,-67.0
1777892229.9083323,-9.0,-2.0,-65.0
1777892229.9183323,-9.0,-5.0,-68.0
1777892229.9283323,-2.0,-4.0,-74.0
1777892229.9383323,0.0,-3.0,-79.0
1777892229.9483323,2.0,-2.0,-72.0
1777892229.9583323,3.0,1.0,-73.0
1777892229.9683323,-1.0,-1.0,-79.0
1777892229.9783323,1.0,-3.0,-82.0
1777892229.9883325,4.0,-1.0,-77.0
1777892229.9983325,2.0,-2.0,-77.0
1777892230.0083325,0.0,0.0,-78.0
1777892230.0183325,-1.0,2.0,-74.0
1777892230.0283325,-5.0,4.0,-74.0
1777892230.0383325,-4.0,0.0,-79.0
1777892230.0483325,-2.0,2.0,-75.0
1777892230.0583324,0.0,-3.0,-75.0
1777892230.0683324,0.0,-6.0,-70.0
1777892230.0783324,4.0,-9.0,-65.0
1777892230.0883324,2.0,-5.0,-73.0
1777892230.0983324,0.0,-2.0,-75.0
1777892230.1083324,-1.0,-5.0,-71.0
1777892230.1183324,0.0,-8.0,-63.0
1777892230.1283324,-1.0,-8.0,-59.0
1777892230.1383324,3.0,-7.0,-61.0
1777892230.1483324,5.0,-8.0,-60.0
1777892230.1583323,3.0,-7.0,-66.0
1777892230.1683323,3.0,-13.0,-72.0
1777892230.1783323,5.0,-15.0,-68.0
1777892230.1883323,4.0,-11.0,-66.0
1777892230.1983323,1.0,-6.0,-67.0
1777892230.2083323,1.0,-3.0,-66.0
1777892230.2183323,0.0,-6.0,-67.0
1777892230.2283323,-5.0,-9.0,-75.0
1777892230.2383325,-5.0,-10.0,-75.0
1777892230.2483325,-1.0,-10.0,-70.0
1777892230.2583325,2.0,-5.0,-75.0
1777892230.2683325,6.0,-6.0,-74.0
1777892230.2783325,0.0,-5.0,-83.0
1777892230.2883325,2.0,-4.0,-78.0
1777892230.2983325,0.0,-3.0,-73.0
1777892230.3083324,2.0,-4.0,-72.0
1777892230.3183324,7.0,-5.0,-73.0
1777892230.3283324,7.0,-6.0,-62.0
1777892230.3383324,5.0,-3.0,-64.0
1777892230.3483324,0.0,-3.0,-65.0
1777892230.3583324,-2.0,-2.0,-64.0
1777892230.3683324,-1.0,-2.0,-69.0
1777892230.3783324,1.0,-1.0,-67.0
1777892230.3883324,0.0,0.0,-62.0
1777892230.3983324,3.0,-2.0,-59.0
1777892230.4083323,1.0,-2.0,-57.0
1777892230.4183323,-1.0,0.0,-54.0
1777892230.4283323,-1.0,0.0,-57.0
1777892230.4383323,-2.0,3.0,-54.0
1777892230.4483323,0.0,4.0,-57.0
1777892230.4583323,1.0,3.0,-62.0
1777892230.4683323,-3.0,-1.0,-58.0
1777892230.4783323,-1.0,1.0,-58.0
1777892230.4883325,1.0,0.0,-65.0
1777892230.4983325,0.0,4.0,-70.0
1777892230.5083325,-5.0,3.0,-76.0
1777892230.5183325,-5.0,1.0,-74.0
1777892230.5283325,-1.0,2.0,-70.0
1777892230.5383325,0.0,7.0,-69.0
1777892230.5483325,0.0,8.0,-68.0
1777892230.5583324,2.0,5.0,-70.0
1777892230.5683324,5.0,1.0,-68.0
1777892230.5783324,6.0,2.0,-67.0
1777892230.5883324,4.0,1.0,-64.0
1777892230.5983324,3.0,-3.0,-61.0
1777892230.6083324,1.0,-5.0,-62.0
1777892230.6183324,-3.0,-2.0,-69.0
1777892230.6283324,-3.0,-2.0,-71.0
1777892230.6383324,-5.0,-2.0,-69.0
1777892230.6483324,-1.0,-2.0,-71.0
1777892230.6583323,0.0,-2.0,-63.0
1777892230.6683323,-1.0,-2.0,-65.0
1777892230.6783323,-7.0,-1.0,-64.0
1777892230.6883323,-7.0,-1.0,-73.0
1777892230.6983323,-4.0,4.0,-69.0
1777892230.7083323,-5.0,2.0,-77.0
1777892230.7183323,-2.0,1.0,-79.0
1777892230.7283323,-1.0,2.0,-86.0
1777892230.7383325,2.0,0.0,-82.0
1777892230.7483325,1.0,-1.0,-78.0
1777892230.7583325,3.0,0.0,-77.0
1777892230.7683325,5.0,0.0,-76.0
1777892230.7783325,1.0,0.0,-76.0
1777892230.7883325,2.0,0.0,-73.0
1777892230.7983325,2.0,0.0,-75.0
1777892230.8083324,1.0,0.0,-75.0
1777892230.8183324,0.0,1.0,-81.0
1777892230.8283324,0.0,5.0,-82.0
1777892230.8383324,1.0,-1.0,-75.0
1777892230.8483324,4.0,0.0,-67.0
1777892230.8583324,4.0,3.0,-69.0
1777892230.8683324,2.0,2.0,-67.0
1777892230.8783324,4.0,-2.0,-65.0
1777892230.8883324,0.0,-3.0,-65.0
1777892230.8983324,2.0,-2.0,-69.0
1777892230.9083323,7.0,0.0,-69.0
1777892230.9183323,6.0,2.0,-64.0
1777892230.9283323,3.0,8.0,-63.0
1777892230.9383323,-1.0,6.0,-66.0
1777892230.9483323,2.0,6.0,-66.0
1777892230.9583323,7.0,3.0,-75.0
1777892230.9683323,8.0,3.0,-71.0
1777892230.9783323,5.0,0.0,-66.0
1777892230.9883325,5.0,-1.0,-68.0
1777892230.9983325,3.0,0.0,-67.0
1777892231.0083325,0.0,1.0,-66.0
1777892231.0183325,-1.0,0.0,-69.0
1777892231.0283325,1.0,1.0,-69.0
1777892231.0383325,1.0,2.0,-74.0
1777892231.0483325,1.0,4.0,-76.0
1777892231.0583324,3.0,2.0,-71.0
1777892231.0683324,-1.0,-3.0,-72.0
1777892231.0783324,-1.0,-3.0,-72.0
1777892231.0883324,0.0,0.0,-69.0
1777892231.0983324,0.0,0.0,-65.0
1777892231.1083324,-3.0,1.0,-65.0
1777892231.1183324,0.0,6.0,-67.0
1777892231.1283324,9.0,8.0,-62.0
1777892231.1383324,8.0,7.0,-55.0
1777892231.1483324,4.0,3.0,-60.0
1777892231.1583323,0.0,4.0,-63.0
1777892231.1683323,0.0,1.0,-68.0
1777892231.1783323,1.0,3.0,-66.0
1777892231.1883323,0.0,2.0,-68.0
1777892231.1993325,3.0,0.0,-69.0
1777892231.2083323,4.0,0.0,-67.0
1777892231.2193325,4.0,0.0,-68.0
1777892231.2293324,1.0,0.0,-75.0
1777892231.2393324,-4.0,1.0,-77.0
1777892231.2493324,-5.0,0.0,-74.0
1777892231.2593324,-2.0,-1.0,-76.0
1777892231.2693324,-2.0,-1.0,-71.0
1777892231.2793324,-1.0,-2.0,-69.0
1777892231.2893324,-1.0,-3.0,-75.0
1777892231.2993324,-2.0,0.0,-76.0
1777892231.3093324,-1.0,-2.0,-73.0
1777892231.3193324,-1.0,-4.0,-66.0
1777892231.3293324,0.0,-6.0,-66.0
1777892231.3393323,0.0,-3.0,-66.0
1777892231.3493323,-1.0,-4.0,-65.0
1777892231.3593323,1.0,-6.0,-62.0
1777892231.3693323,1.0,-8.0,-69.0
1777892231.3793323,-5.0,-7.0,-74.0
1777892231.3893323,-3.0,-6.0,-74.0
1777892231.3993323,0.0,-2.0,-74.0
1777892231.4093325,0.0,-5.0,-72.0
1777892231.4193325,0.0,-4.0,-69.0
1777892231.4293325,2.0,-4.0,-58.0
1777892231.4393325,7.0,-8.0,-55.0
1777892231.4493325,5.0,-6.0,-56.0
1777892231.4593325,2.0,-3.0,-60.0
1777892231.4693325,2.0,0.0,-60.0
1777892231.4793324,2.0,-2.0,-61.0
1777892231.4893324,0.0,2.0,-68.0
1777892231.4993324,2.0,1.0,-70.0
1777892231.5093324,-1.0,3.0,-72.0
1777892231.5193324,-5.0,1.0,-74.0
1777892231.5293324,-5.0,2.0,-80.0
1777892231.5393324,-4.0,0.0,-77.0
1777892231.5493324,-2.0,1.0,-74.0
1777892231.5593324,-3.0,-1.0,-76.0
1777892231.5693324,2.0,-3.0,-80.0
1777892231.5793324,5.0,-6.0,-87.0
1777892231.5893323,6.0,-5.0,-77.0
1777892231.5993323,4.0,-3.0,-74.0
1777892231.6093323,4.0,-2.0,-76.0
1777892231.6193323,4.0,-2.0,-72.0
1777892231.6293323,4.0,-7.0,-67.0
1777892231.6393323,3.0,-8.0,-71.0
1777892231.6493323,0.0,-5.0,-71.0
1777892231.6593325,3.0,-4.0,-73.0
1777892231.6693325,5.0,-6.0,-74.0
1777892231.6793325,6.0,-7.0,-82.0
1777892231.6893325,5.0,-7.0,-80.0
1777892231.6993325,4.0,-7.0,-73.0
1777892231.7093325,0.0,-7.0,-74.0
1777892231.7193325,1.0,-6.0,-79.0
1777892231.7293324,-2.0,-3.0,-76.0
1777892231.7393324,-2.0,-1.0,-68.0
1777892231.7493324,0.0,0.0,-70.0
1777892231.7593324,-1.0,0.0,-72.0
1777892231.7693324,-2.0,4.0,-75.0
1777892231.7793324,-1.0,2.0,-73.0
1777892231.7893324,-2.0,5.0,-69.0
1777892231.7993324,0.0,5.0,-68.0
1777892231.8093324,0.0,7.0,-73.0
1777892231.8193324,-2.0,2.0,-76.0
1777892231.8293324,1.0,0.0,-76.0
1777892231.8393323,-1.0,-1.0,-83.0
1777892231.8493323,4.0,-4.0,-83.0
1777892231.8593323,4.0,-3.0,-75.0
1777892231.8693323,0.0,-4.0,-80.0
1777892231.8793323,0.0,3.0,-81.0
1777892231.8893323,-4.0,0.0,-72.0
1777892231.8993323,-3.0,1.0,-67.0
1777892231.9093325,-1.0,1.0,-65.0
1777892231.9193325,-1.0,2.0,-77.0
1777892231.9293325,-3.0,2.0,-71.0
1777892231.9393325,-3.0,1.0,-69.0
1777892231.9493325,-1.0,0.0,-70.0
1777892231.9593325,-2.0,1.0,-68.0
1777892231.9693325,-4.0,3.0,-67.0
1777892231.9793324,-6.0,3.0,-66.0
1777892231.9893324,-6.0,2.0,-63.0
1777892231.9993324,-5.0,-1.0,-65.0
1777892232.0093324,-1.0,-5.0,-63.0
1777892232.0193324,0.0,-4.0,-68.0
1777892232.0293324,0.0,-5.0,-73.0
1777892232.0393324,0.0,-4.0,-69.0
1777892232.0493324,1.0,-5.0,-71.0
1777892232.0593324,-2.0,-5.0,-70.0
1777892232.0693324,-1.0,-4.0,-72.0
1777892232.0793324,0.0,0.0,-73.0
1777892232.0893323,3.0,-2.0,-71.0
1777892232.0993323,5.0,-3.0,-72.0
1777892232.1093323,7.0,-1.0,-79.0
1777892232.1193323,8.0,1.0,-83.0
1777892232.1293323,9.0,1.0,-77.0
1777892232.1393323,7.0,3.0,-75.0
1777892232.1493323,6.0,4.0,-83.0
1777892232.1593325,3.0,3.0,-71.0
1777892232.1693325,-5.0,2.0,-66.0
1777892232.1793325,-4.0,2.0,-71.0
1777892232.1893325,-3.0,3.0,-77.0
1777892232.1993325,0.0,4.0,-75.0
1777892232.2093325,-3.0,4.0,-68.0
1777892232.2193325,1.0,3.0,-71.0
1777892232.2293324,0.0,3.0,-73.0
1777892232.2393324,-4.0,0.0,-67.0
1777892232.2493324,-5.0,0.0,-70.0
1777892232.2593324,-6.0,0.0,-80.0
1777892232.2693324,-3.0,-6.0,-76.0
1777892232.2793324,-4.0,-2.0,-71.0
1777892232.2893324,-3.0,-2.0,-83.0
1777892232.2993324,-4.0,-3.0,-86.0
1777892232.3093324,1.0,-1.0,-80.0
1777892232.3193324,1.0,-3.0,-72.0
1777892232.3293324,1.0,-4.0,-74.0
1777892232.3393323,-1.0,-3.0,-77.0
1777892232.3493323,-1.0,-4.0,-84.0
1777892232.3593323,2.0,-3.0,-86.0
1777892232.3693323,2.0,-4.0,-79.0
1777892232.3793323,3.0,-5.0,-77.0
1777892232.3893323,4.0,-1.0,-83.0
1777892232.3993323,1.0,0.0,-80.0
1777892232.4093325,0.0,0.0,-80.0
1777892232.4193325,0.0,1.0,-83.0
1777892232.4293325,1.0,-1.0,-82.0
1777892232.4393325,0.0,0.0,-76.0
1777892232.4493325,-4.0,0.0,-83.0
1777892232.4593325,0.0,0.0,-79.0
1777892232.4693325,0.0,1.0,-73.0
1777892232.4793324,0.0,0.0,-70.0
1777892232.4893324,0.0,-2.0,-60.0
1777892232.4993324,-2.0,-3.0,-59.0
1777892232.5093324,1.0,-3.0,-59.0
1777892232.5193324,0.0,-3.0,-66.0
1777892232.5293324,2.0,-4.0,-60.0
1777892232.5393324,2.0,0.0,-59.0
1777892232.5493324,1.0,-1.0,-59.0
1777892232.5593324,3.0,-2.0,-55.0
1777892232.5693324,1.0,-3.0,-55.0
1777892232.5793324,-3.0,-4.0,-57.0
1777892232.5893323,-5.0,-3.0,-64.0
1777892232.6003325,-4.0,-3.0,-61.0
1777892232.6093323,-2.0,-7.0,-69.0
1777892232.6193323,0.0,-5.0,-68.0
1777892232.6293323,0.0,-4.0,-70.0
1777892232.6393323,0.0,-3.0,-76.0
1777892232.6493323,-4.0,-3.0,-79.0
1777892232.6593325,-4.0,-3.0,-68.0
1777892232.6693325,-6.0,-4.0,-67.0
1777892232.6793325,-1.0,-3.0,-62.0
1777892232.6893325,0.0,-1.0,-64.0
1777892232.6993325,0.0,-3.0,-66.0
1777892232.7093325,-1.0,-5.0,-71.0
1777892232.7193325,-1.0,-4.0,-64.0
1777892232.7293324,-1.0,-7.0,-64.0
1777892232.7393324,-1.0,-6.0,-65.0
1777892232.7493324,-3.0,-7.0,-71.0
1777892232.7593324,-4.0,-3.0,-74.0
1777892232.7693324,-1.0,-3.0,-74.0
1777892232.7793324,0.0,-4.0,-71.0
1777892232.7893324,-1.0,-1.0,-65.0
1777892232.7993324,-5.0,-1.0,-68.0
1777892232.8093324,-3.0,0.0,-69.0
1777892232.8193324,-2.0,0.0,-73.0
1777892232.8293324,-3.0,0.0,-77.0
1777892232.8393323,-1.0,-3.0,-75.0
1777892232.8493323,-7.0,-3.0,-67.0
1777892232.8593323,-8.0,-3.0,-61.0
1777892232.8693323,-7.0,-1.0,-65.0
1777892232.8793323,0.0,-3.0,-73.0
1777892232.8893323,1.0,-2.0,-74.0
1777892232.8993323,4.0,-5.0,-73.0
1777892232.9093325,2.0,-3.0,-69.0
1777892232.9193325,0.0,-2.0,-67.0
1777892232.9293325,-3.0,-4.0,-66.0
1777892232.9393325,-6.0,-1.0,-62.0
1777892232.9493325,-3.0,1.0,-65.0
1777892232.9593325,1.0,6.0,-65.0
1777892232.9693325,0.0,5.0,-64.0
1777892232.9793324,3.0,4.0,-61.0
1777892232.9893324,1.0,0.0,-66.0
1777892232.9993324,3.0,-1.0,-72.0
1777892233.0093324,0.0,-4.0,-78.0
1777892233.0193324,2.0,-1.0,-81.0
1777892233.0293324,4.0,-1.0,-76.0
1777892233.0393324,0.0,-1.0,-73.0
1777892233.0493324,-2.0,-6.0,-65.0
1777892233.0593324,-2.0,-6.0,-68.0
1777892233.0693324,-1.0,-7.0,-71.0
1777892233.0793324,1.0,-3.0,-69.0
1777892233.0893323,6.0,-1.0,-71.0
1777892233.0993323,5.0,-2.0,-68.0
1777892233.1093323,1.0,-3.0,-69.0
1777892233.1193323,0.0,-9.0,-66.0
1777892233.1293323,0.0,-12.0,-62.0
1777892233.1393323,1.0,-11.0,-62.0
1777892233.1493323,4.0,-9.0,-63.0
1777892233.1593325,6.0,-3.0,-64.0
1777892233.1703324,1.0,-3.0,-64.0
1777892233.1793325,2.0,-4.0,-73.0
1777892233.1893325,6.0,-5.0,-74.0
1777892233.2003324,3.0,-2.0,-69.0
1777892233.2103324,4.0,0.0,-71.0
1777892233.2203324,0.0,0.0,-76.0
1777892233.2303324,-4.0,-1.0,-75.0
1777892233.2403324,-5.0,-1.0,-69.0
1777892233.2503324,-5.0,-3.0,-71.0
1777892233.2603323,-8.0,-5.0,-77.0
1777892233.2703323,-9.0,-4.0,-78.0
1777892233.2803323,-7.0,0.0,-74.0
1777892233.2903323,-3.0,-4.0,-70.0
1777892233.3003323,-2.0,1.0,-74.0
1777892233.3103323,0.0,-2.0,-76.0
1777892233.3203323,4.0,-4.0,-73.0
1777892233.3303325,0.0,-9.0,-70.0
1777892233.3403325,1.0,-8.0,-72.0
1777892233.3503325,5.0,-7.0,-70.0
1777892233.3603325,5.0,-5.0,-63.0
1777892233.3703325,1.0,-3.0,-66.0
1777892233.3803325,4.0,-4.0,-67.0
1777892233.3903325,3.0,-2.0,-70.0
1777892233.4003325,3.0,-5.0,-68.0
1777892233.4103324,0.0,-1.0,-70.0
1777892233.4203324,5.0,0.0,-68.0
1777892233.4303324,9.0,1.0,-66.0
1777892233.4403324,7.0,2.0,-71.0
1777892233.4503324,9.0,0.0,-69.0
1777892233.4603324,8.0,0.0,-73.0
1777892233.4703324,0.0,-4.0,-76.0
1777892233.4803324,1.0,-2.0,-72.0
1777892233.4903324,0.0,-3.0,-66.0
1777892233.5003324,5.0,-2.0,-66.0
1777892233.5103323,5.0,-4.0,-66.0
1777892233.5203323,3.0,-3.0,-70.0
1777892233.5303323,-2.0,-3.0,-72.0
1777892233.5403323,1.0,-2.0,-69.0
1777892233.5503323,4.0,-3.0,-64.0
1777892233.5603323,4.0,-1.0,-62.0
1777892233.5703323,3.0,3.0,-66.0
1777892233.5803325,4.0,2.0,-64.0
1777892233.5903325,7.0,4.0,-65.0
1777892233.6003325,4.0,-1.0,-67.0
1777892233.6103325,0.0,0.0,-74.0
1777892233.6203325,1.0,0.0,-80.0
1777892233.6303325,-1.0,2.0,-87.0
1777892233.6403325,2.0,1.0,-88.0
1777892233.6503325,4.0,0.0,-82.0
1777892233.6603324,3.0,0.0,-77.0
1777892233.6703324,4.0,-1.0,-70.0
1777892233.6803324,2.0,-4.0,-73.0
1777892233.6903324,2.0,-4.0,-72.0
1777892233.7003324,8.0,-5.0,-69.0
1777892233.7103324,8.0,-4.0,-74.0
1777892233.7203324,4.0,-2.0,-74.0
1777892233.7303324,-1.0,-4.0,-72.0
1777892233.7403324,-1.0,-2.0,-74.0
1777892233.7503324,-4.0,-2.0,-69.0
1777892233.7603323,-5.0,-3.0,-67.0
1777892233.7703323,0.0,-3.0,-63.0
1777892233.7803323,2.0,0.0,-70.0
1777892233.7903323,1.0,0.0,-65.0
1777892233.8003323,2.0,1.0,-69.0
1777892233.8103323,0.0,-1.0,-75.0
1777892233.8203323,-1.0,-3.0,-79.0
1777892233.8303325,0.0,-3.0,-79.0
1777892233.8403325,0.0,-1.0,-75.0
1777892233.8503325,0.0,-2.0,-73.0
1777892233.8603325,0.0,-2.0,-73.0
1777892233.8703325,0.0,-4.0,-72.0
1777892233.8803325,-5.0,-6.0,-68.0
1777892233.8903325,-5.0,-5.0,-68.0
1777892233.9003325,-4.0,-2.0,-70.0
1777892233.9103324,2.0,-1.0,-72.0
1777892233.9203324,4.0,-1.0,-66.0
1777892233.9303324,7.0,-1.0,-69.0
1777892233.9403324,3.0,0.0,-70.0
1777892233.9503324,0.0,-3.0,-72.0
1777892233.9603324,1.0,-6.0,-77.0
1777892233.9703324,3.0,-8.0,-75.0
1777892233.9803324,5.0,-2.0,-68.0
1777892233.9903324,10.0,-3.0,-68.0
1777892234.0003324,10.0,-4.0,-66.0
1777892234.0103323,10.0,-4.0,-63.0
1777892234.0203323,9.0,-7.0,-68.0
1777892234.0303323,8.0,-6.0,-68.0
1777892234.0403323,8.0,-6.0,-71.0
1777892234.0503323,7.0,-4.0,-65.0
1777892234.0603323,5.0,-7.0,-61.0
1777892234.0703323,2.0,-6.0,-68.0
1777892234.0803325,4.0,-6.0,-77.0
1777892234.0903325,4.0,-10.0,-78.0
1777892234.1003325,4.0,-7.0,-78.0
1777892234.1103325,2.0,-5.0,-77.0
1777892234.1203325,5.0,-3.0,-81.0
1777892234.1303325,5.0,-6.0,-77.0
1777892234.1403325,3.0,-3.0,-74.0
1777892234.1503325,6.0,-1.0,-79.0
1777892234.1603324,3.0,0.0,-76.0
1777892234.1703324,6.0,-1.0,-69.0
1777892234.1803324,2.0,-4.0,-74.0
1777892234.1903324,4.0,-4.0,-82.0
1777892234.2003324,4.0,-2.0,-79.0
1777892234.2103324,6.0,-6.0,-73.0
1777892234.2203324,1.0,-1.0,-71.0
1777892234.2303324,1.0,0.0,-71.0
1777892234.2403324,0.0,0.0,-73.0
1777892234.2503324,-5.0,2.0,-81.0
1777892234.2603323,-5.0,0.0,-82.0
1777892234.2703323,-1.0,-3.0,-86.0
1777892234.2803323,2.0,4.0,-78.0
1777892234.2903323,4.0,3.0,-74.0
1777892234.3003323,6.0,0.0,-73.0
1777892234.3103323,11.0,1.0,-69.0
1777892234.3203323,14.0,0.0,-70.0
1777892234.3303325,15.0,-3.0,-68.0
1777892234.3403325,13.0,-4.0,-70.0
1777892234.3503325,8.0,-4.0,-68.0
1777892234.3603325,3.0,-7.0,-69.0
1777892234.3703325,4.0,-6.0,-70.0
1777892234.3803325,2.0,-5.0,-68.0
1777892234.3903325,7.0,0.0,-67.0
1777892234.4003325,4.0,1.0,-67.0
1777892234.4103324,1.0,0.0,-64.0
1777892234.4203324,0.0,3.0,-64.0
1777892234.4303324,3.0,4.0,-68.0
1777892234.4403324,2.0,6.0,-69.0
1777892234.4503324,2.0,1.0,-68.0
1777892234.4603324,4.0,0.0,-62.0
1777892234.4703324,3.0,0.0,-61.0
1777892234.4803324,0.0,-1.0,-65.0
1777892234.4903324,-2.0,0.0,-66.0
1777892234.5003324,-3.0,-2.0,-71.0
1777892234.5103323,-2.0,-1.0,-70.0
1777892234.5203323,0.0,0.0,-60.0
1777892234.5303323,0.0,4.0,-65.0
1777892234.5403323,0.0,6.0,-70.0
1777892234.5503323,4.0,8.0,-69.0
1777892234.5603323,7.0,5.0,-72.0
1777892234.5703323,3.0,2.0,-73.0
1777892234.5803325,3.0,3.0,-69.0
1777892234.5903325,5.0,6.0,-63.0
1777892234.6003325,4.0,4.0,-62.0
1777892234.6103325,7.0,2.0,-60.0
1777892234.6203325,7.0,1.0,-61.0
1777892234.6303325,6.0,2.0,-63.0
1777892234.6403325,1.0,2.0,-62.0
1777892234.6503325,0.0,1.0,-62.0
1777892234.6603324,2.0,-3.0,-54.0
1777892234.6703324,3.0,0.0,-56.0
1777892234.6803324,7.0,0.0,-60.0
1777892234.6903324,3.0,0.0,-68.0
1777892234.7003324,3.0,0.0,-72.0
1777892234.7103324,-1.0,0.0,-70.0
1777892234.7203324,-3.0,-3.0,-73.0
1777892234.7303324,-1.0,-1.0,-75.0
1777892234.7403324,0.0,0.0,-75.0
1777892234.7503324,-1.0,0.0,-70.0
1777892234.7603323,-5.0,0.0,-64.0
1777892234.7703323,-6.0,4.0,-65.0
1777892234.7803323,-4.0,7.0,-73.0
1777892234.7903323,0.0,5.0,-82.0
1777892234.8003323,1.0,0.0,-85.0
1777892234.8103323,0.0,1.0,-83.0
1777892234.8203323,0.0,0.0,-75.0
1777892234.8303325,0.0,2.0,-69.0
1777892234.8403325,1.0,-1.0,-65.0
1777892234.8503325,1.0,-4.0,-66.0
1777892234.8603325,3.0,-4.0,-65.0
1777892234.8703325,2.0,-1.0,-67.0
1777892234.8803325,4.0,1.0,-65.0
1777892234.8903325,7.0,1.0,-66.0
1777892234.9003325,8.0,3.0,-71.0
1777892234.9103324,5.0,6.0,-74.0
1777892234.9203324,3.0,0.0,-76.0
1777892234.9303324,0.0,-3.0,-76.0
1777892234.9403324,2.0,-6.0,-78.0
1777892234.9503324,1.0,-4.0,-78.0
1777892234.9603324,1.0,-5.0,-80.0
1777892234.9703324,4.0,-7.0,-75.0
1777892234.9803324,2.0,-6.0,-74.0
1777892234.9903324,-4.0,-8.0,-70.0
1777892235.0003324,2.0,-8.0,-70.0
1777892235.0103323,5.0,-7.0,-69.0
1777892235.0203323,2.0,-8.0,-75.0
1777892235.0303323,3.0,-8.0,-79.0
1777892235.0403323,4.0,-10.0,-85.0
1777892235.0503323,4.0,-5.0,-83.0
1777892235.0603323,4.0,-3.0,-83.0
1777892235.0703323,2.0,0.0,-84.0
1777892235.0803325,5.0,0.0,-83.0
1777892235.0903325,7.0,1.0,-80.0
1777892235.1003325,3.0,2.0,-81.0
1777892235.1103325,1.0,4.0,-84.0
1777892235.1203325,4.0,2.0,-76.0
1777892235.1303325,2.0,0.0,-72.0
1777892235.1403325,1.0,1.0,-67.0
1777892235.1503325,-2.0,2.0,-62.0
1777892235.1613324,-2.0,2.0,-60.0
1777892235.1713324,-4.0,2.0,-64.0
1777892235.1813323,1.0,1.0,-58.0
1777892235.1913323,-4.0,3.0,-61.0
1777892235.2013323,-1.0,3.0,-62.0
1777892235.2113323,3.0,3.0,-64.0
1777892235.2213323,3.0,5.0,-67.0
1777892235.2313323,2.0,3.0,-68.0
1777892235.2413323,2.0,2.0,-70.0
1777892235.2513323,5.0,0.0,-70.0
1777892235.2613325,4.0,0.0,-68.0
1777892235.2713325,1.0,0.0,-69.0
1777892235.2813325,2.0,1.0,-77.0
1777892235.2913325,-2.0,0.0,-77.0
1777892235.3013325,0.0,-2.0,-76.0
1777892235.3113325,3.0,0.0,-72.0
1777892235.3213325,0.0,0.0,-72.0
1777892235.3313324,-2.0,-1.0,-79.0
1777892235.3413324,0.0,-2.0,-83.0
1777892235.3513324,-2.0,-3.0,-72.0
1777892235.3613324,-5.0,-6.0,-70.0
1777892235.3713324,-4.0,-7.0,-71.0
1777892235.3813324,0.0,-6.0,-69.0
1777892235.3913324,2.0,-3.0,-65.0
1777892235.4013324,2.0,-2.0,-68.0
1777892235.4113324,0.0,-4.0,-69.0
1777892235.4213324,0.0,-2.0,-65.0
1777892235.4313323,-1.0,0.0,-56.0
1777892235.4413323,0.0,0.0,-61.0
1777892235.4513323,3.0,2.0,-65.0
1777892235.4613323,3.0,0.0,-61.0
1777892235.4713323,4.0,0.0,-64.0
1777892235.4813323,6.0,0.0,-67.0
1777892235.4913323,7.0,-2.0,-72.0
1777892235.5013323,7.0,-2.0,-68.0
1777892235.5113325,6.0,-1.0,-69.0
1777892235.5213325,8.0,0.0,-73.0
1777892235.5313325,3.0,3.0,-73.0
1777892235.5413325,3.0,0.0,-76.0
1777892235.5513325,5.0,-2.0,-71.0
1777892235.5613325,7.0,-1.0,-76.0
1777892235.5713325,2.0,-3.0,-76.0
1777892235.5813324,1.0,-4.0,-71.0
1777892235.5913324,1.0,-2.0,-68.0
1777892235.6013324,7.0,-2.0,-65.0
1777892235.6113324,10.0,3.0,-58.0
1777892235.6213324,12.0,1.0,-68.0
1777892235.6313324,9.0,5.0,-74.0
1777892235.6413324,12.0,1.0,-69.0
1777892235.6513324,6.0,2.0,-66.0
1777892235.6613324,4.0,3.0,-56.0
1777892235.6713324,5.0,2.0,-56.0
1777892235.6813323,1.0,2.0,-53.0
1777892235.6913323,4.0,2.0,-56.0
1777892235.7013323,1.0,0.0,-57.0
1777892235.7113323,1.0,0.0,-58.0
1777892235.7213323,2.0,2.0,-67.0
1777892235.7313323,6.0,0.0,-63.0
1777892235.7413323,1.0,2.0,-64.0
1777892235.7513323,1.0,0.0,-65.0
1777892235.7613325,5.0,2.0,-68.0
1777892235.7713325,6.0,2.0,-66.0
1777892235.7813325,5.0,0.0,-64.0
1777892235.7913325,-3.0,-3.0,-65.0
1777892235.8013325,-7.0,-3.0,-66.0
1777892235.8113325,-5.0,0.0,-70.0
1777892235.8213325,0.0,-2.0,-65.0
1777892235.8313324,5.0,-1.0,-62.0
1777892235.8413324,9.0,-3.0,-56.0
1777892235.8513324,8.0,-2.0,-62.0
1777892235.8613324,4.0,-2.0,-66.0
1777892235.8713324,3.0,-3.0,-67.0
1777892235.8813324,3.0,0.0,-62.0
1777892235.8913324,1.0,0.0,-63.0
1777892235.9013324,0.0,3.0,-63.0
1777892235.9113324,0.0,3.0,-61.0
1777892235.9213324,-2.0,3.0,-70.0
1777892235.9313323,-3.0,0.0,-69.0
1777892235.9413323,-2.0,0.0,-75.0
1777892235.9513323,-1.0,0.0,-74.0
1777892235.9613323,2.0,-2.0,-73.0
1777892235.9713323,2.0,-1.0,-76.0
1777892235.9813323,6.0,-1.0,-78.0
1777892235.9913323,5.0,0.0,-77.0
1777892236.0013323,3.0,2.0,-73.0
1777892236.0113325,6.0,1.0,-74.0
1777892236.0213325,2.0,1.0,-77.0
1777892236.0313325,1.0,2.0,-78.0
1777892236.0413325,6.0,6.0,-75.0
1777892236.0513325,3.0,4.0,-74.0
1777892236.0613325,7.0,4.0,-77.0
1777892236.0713325,6.0,5.0,-72.0
1777892236.0813324,5.0,6.0,-69.0
1777892236.0913324,5.0,4.0,-71.0
1777892236.1013324,7.0,5.0,-68.0
1777892236.1113324,8.0,0.0,-72.0
1777892236.1213324,10.0,-4.0,-69.0
1777892236.1313324,9.0,-3.0,-65.0
1777892236.1413324,7.0,-1.0,-67.0
1777892236.1513324,1.0,0.0,-68.0
1777892236.1613324,0.0,1.0,-75.0
1777892236.1713324,-5.0,0.0,-73.0
1777892236.1813323,-1.0,-1.0,-69.0
1777892236.1913323,-1.0,1.0,-66.0
1777892236.2013323,-1.0,-1.0,-68.0
1777892236.2113323,0.0,-1.0,-70.0
1777892236.2213323,3.0,0.0,-77.0
1777892236.2313323,0.0,1.0,-77.0
1777892236.2413323,4.0,-2.0,-75.0
1777892236.2513323,11.0,1.0,-78.0
1777892236.2613325,8.0,0.0,-76.0
1777892236.2713325,8.0,0.0,-69.0
1777892236.2813325,6.0,0.0,-60.0
1777892236.2913325,3.0,2.0,-59.0
1777892236.3013325,-1.0,2.0,-59.0
1777892236.3113325,-4.0,2.0,-66.0
1777892236.3213325,-3.0,0.0,-67.0
1777892236.3313324,-2.0,1.0,-67.0
1777892236.3413324,0.0,0.0,-61.0
1777892236.3513324,0.0,-1.0,-61.0
1777892236.3613324,0.0,-2.0,-59.0
1777892236.3713324,2.0,-3.0,-56.0
1777892236.3813324,2.0,-2.0,-58.0
1777892236.3913324,4.0,0.0,-64.0
1777892236.4013324,6.0,-2.0,-70.0
1777892236.4113324,3.0,0.0,-70.0
1777892236.4213324,1.0,1.0,-69.0
1777892236.4313323,0.0,0.0,-67.0
1777892236.4413323,1.0,0.0,-63.0
1777892236.4513323,-1.0,-1.0,-60.0
1777892236.4613323,0.0,-1.0,-58.0
1777892236.4713323,0.0,1.0,-57.0
1777892236.4813323,-1.0,0.0,-61.0
1777892236.4913323,0.0,-2.0,-67.0
1777892236.5013323,0.0,-2.0,-68.0
1777892236.5113325,-1.0,-1.0,-70.0
1777892236.5213325,-3.0,0.0,-70.0
1777892236.5313325,0.0,2.0,-68.0
1777892236.5413325,-2.0,4.0,-64.0
1777892236.5513325,0.0,1.0,-60.0
1777892236.5613325,0.0,1.0,-65.0
1777892236.5713325,3.0,-2.0,-60.0
1777892236.5813324,2.0,-4.0,-59.0
1777892236.5913324,6.0,-3.0,-50.0
1777892236.6013324,5.0,-1.0,-56.0
1777892236.6113324,6.0,-1.0,-67.0
1777892236.6213324,8.0,-2.0,-68.0
1777892236.6313324,8.0,-8.0,-65.0
1777892236.6413324,6.0,-12.0,-66.0
1777892236.6513324,5.0,-10.0,-69.0
1777892236.6613324,3.0,-6.0,-72.0
1777892236.6713324,5.0,-1.0,-71.0
1777892236.6813323,5.0,-2.0,-78.0
1777892236.6913323,4.0,-6.0,-72.0
1777892236.7013323,6.0,-7.0,-66.0
1777892236.7113323,6.0,-5.0,-71.0
1777892236.7213323,3.0,-4.0,-76.0
1777892236.7313323,6.0,-7.0,-77.0
1777892236.7413323,3.0,-6.0,-67.0
1777892236.7513323,1.0,-10.0,-67.0
1777892236.7613325,-1.0,-8.0,-70.0
1777892236.7713325,2.0,-7.0,-70.0
1777892236.7813325,3.0,-7.0,-68.0
1777892236.7913325,-1.0,-6.0,-76.0
1777892236.8013325,-4.0,-5.0,-77.0
1777892236.8113325,0.0,-1.0,-80.0
1777892236.8213325,0.0,3.0,-77.0
1777892236.8313324,-3.0,0.0,-76.0
1777892236.8413324,-2.0,0.0,-82.0
1777892236.8513324,-3.0,-2.0,-78.0
1777892236.8613324,-3.0,-2.0,-75.0
1777892236.8713324,-4.0,-4.0,-71.0
1777892236.8813324,0.0,-1.0,-69.0
1777892236.8913324,2.0,4.0,-73.0
1777892236.9013324,-2.0,3.0,-73.0
1777892236.9113324,-7.0,3.0,-70.0
1777892236.9213324,-8.0,-1.0,-71.0
1777892236.9313323,-6.0,0.0,-66.0
1777892236.9413323,-7.0,1.0,-65.0
1777892236.9513323,-6.0,0.0,-72.0
1777892236.9613323,0.0,0.0,-68.0
1777892236.9713323,-2.0,-4.0,-72.0
1777892236.9813323,-6.0,-1.0,-69.0
1777892236.9913323,-6.0,-2.0,-62.0
1777892237.0013323,-3.0,-4.0,-61.0
1777892237.0113325,1.0,-3.0,-65.0
1777892237.0213325,6.0,-2.0,-65.0
1777892237.0313325,4.0,-6.0,-64.0
1777892237.0413325,-1.0,-9.0,-66.0
1777892237.0513325,0.0,-10.0,-64.0
1777892237.0613325,0.0,-10.0,-64.0
1777892237.0713325,-7.0,-8.0,-63.0
1777892237.0813324,-10.0,-6.0,-64.0
1777892237.0913324,-8.0,-6.0,-63.0
1777892237.1013324,-9.0,-8.0,-63.0
1777892237.1113324,-2.0,-11.0,-60.0
1777892237.1213324,0.0,-11.0,-57.0
1777892237.1313324,0.0,-8.0,-59.0
1777892237.1423323,-2.0,-7.0,-61.0
1777892237.1523323,-2.0,-3.0,-64.0
1777892237.1613324,-2.0,-3.0,-67.0
1777892237.1713324,4.0,-4.0,-67.0
1777892237.1823325,3.0,-4.0,-67.0
1777892237.1923325,2.0,-4.0,-76.0
1777892237.2013323,0.0,-3.0,-79.0
1777892237.2123325,1.0,-5.0,-82.0
1777892237.2223325,1.0,-6.0,-80.0
1777892237.2323325,1.0,-5.0,-78.0
1777892237.2423325,3.0,-2.0,-83.0
1777892237.2523324,5.0,0.0,-79.0
1777892237.2623324,5.0,1.0,-75.0
1777892237.2723324,6.0,0.0,-76.0
1777892237.2823324,9.0,0.0,-74.0
1777892237.2923324,3.0,-2.0,-78.0
1777892237.3023324,3.0,0.0,-76.0
1777892237.3123324,1.0,-2.0,-67.0
1777892237.3223324,-3.0,-3.0,-67.0
1777892237.3323324,-1.0,-2.0,-70.0
1777892237.3423324,1.0,-6.0,-72.0
1777892237.3523324,-4.0,-5.0,-72.0
1777892237.3623323,-9.0,-8.0,-67.0
1777892237.3723323,-8.0,-7.0,-67.0
1777892237.3823323,-7.0,-5.0,-63.0
1777892237.3923323,-7.0,0.0,-57.0
1777892237.4023323,-2.0,0.0,-54.0
1777892237.4133325,-1.0,-3.0,-53.0
1777892237.4223323,2.0,-2.0,-47.0
1777892237.4323325,2.0,-5.0,-52.0
1777892237.4423325,1.0,-3.0,-63.0
1777892237.4523325,4.0,1.0,-70.0
1777892237.4623325,3.0,0.0,-74.0
1777892237.4723325,1.0,-1.0,-69.0
1777892237.4823325,0.0,-1.0,-68.0
1777892237.4923325,2.0,1.0,-66.0
1777892237.5023324,7.0,2.0,-64.0
1777892237.5123324,10.0,3.0,-71.0
1777892237.5223324,10.0,1.0,-71.0
1777892237.5323324,7.0,-1.0,-73.0
1777892237.5423324,6.0,0.0,-70.0
1777892237.5523324,3.0,-1.0,-69.0
1777892237.5623324,6.0,0.0,-77.0
1777892237.5723324,7.0,-1.0,-79.0
1777892237.5823324,6.0,-3.0,-80.0
1777892237.5923324,2.0,-1.0,-74.0
1777892237.6023324,2.0,-4.0,-73.0
1777892237.6123323,2.0,-5.0,-75.0
1777892237.6223323,1.0,-8.0,-75.0
1777892237.6323323,2.0,-8.0,-74.0
1777892237.6423323,0.0,-4.0,-78.0
1777892237.6523323,1.0,-4.0,-74.0
1777892237.6623323,-2.0,0.0,-73.0
1777892237.6723323,-4.0,-2.0,-74.0
1777892237.6823325,0.0,-4.0,-69.0
1777892237.6923325,0.0,0.0,-67.0
1777892237.7023325,4.0,-1.0,-65.0
1777892237.7123325,3.0,1.0,-67.0
1777892237.7223325,-3.0,3.0,-73.0
1777892237.7323325,-3.0,4.0,-73.0
1777892237.7423325,-3.0,1.0,-72.0
1777892237.7523324,0.0,1.0,-73.0
1777892237.7623324,-1.0,0.0,-78.0
1777892237.7723324,-2.0,2.0,-79.0
1777892237.7823324,-2.0,2.0,-85.0
1777892237.7923324,-1.0,2.0,-83.0
1777892237.8023324,0.0,0.0,-78.0
1777892237.8123324,-1.0,3.0,-74.0
1777892237.8223324,0.0,0.0,-72.0
1777892237.8323324,1.0,2.0,-70.0
1777892237.8423324,0.0,2.0,-67.0
1777892237.8523324,-1.0,-1.0,-66.0
1777892237.8623323,0.0,0.0,-69.0
1777892237.8723323,1.0,-1.0,-72.0
1777892237.8823323,2.0,-1.0,-78.0
1777892237.8923323,1.0,-2.0,-79.0
1777892237.9023323,4.0,-4.0,-78.0
1777892237.9123323,1.0,-2.0,-68.0
1777892237.9223323,-1.0,0.0,-69.0
1777892237.9323325,2.0,-2.0,-70.0
1777892237.9423325,5.0,-1.0,-64.0
1777892237.9523325,1.0,-3.0,-64.0
1777892237.9623325,0.0,-1.0,-63.0
1777892237.9723325,0.0,-4.0,-67.0
1777892237.9823325,3.0,-1.0,-64.0
1777892237.9923325,0.0,-4.0,-60.0
1777892238.0023324,0.0,-3.0,-63.0
1777892238.0123324,0.0,-1.0,-66.0
1777892238.0223324,-1.0,3.0,-64.0
1777892238.0323324,0.0,0.0,-66.0
1777892238.0423324,2.0,-6.0,-68.0
1777892238.0523324,5.0,-3.0,-66.0
1777892238.0623324,6.0,-3.0,-62.0
1777892238.0723324,5.0,-5.0,-66.0
1777892238.0823324,4.0,-4.0,-69.0
1777892238.0923324,3.0,-3.0,-71.0
1777892238.1023324,3.0,-3.0,-70.0
1777892238.1123323,0.0,-1.0,-68.0
1777892238.1223323,2.0,0.0,-74.0
1777892238.1323323,0.0,-3.0,-76.0
1777892238.1423323,3.0,-2.0,-81.0
1777892238.1523323,7.0,-4.0,-77.0
1777892238.1623323,10.0,-4.0,-80.0
1777892238.1723323,14.0,-6.0,-80.0
1777892238.1823325,11.0,-5.0,-77.0
1777892238.1923325,3.0,-6.0,-74.0
1777892238.2023325,1.0,0.0,-73.0
1777892238.2123325,2.0,-2.0,-72.0
1777892238.2223325,4.0,-3.0,-75.0
1777892238.2323325,5.0,-5.0,-71.0
1777892238.2423325,4.0,-5.0,-70.0
1777892238.2523324,8.0,-3.0,-65.0
1777892238.2623324,6.0,-3.0,-66.0
1777892238.2723324,0.0,-2.0,-67.0
1777892238.2823324,-5.0,-1.0,-72.0
1777892238.2923324,-9.0,-1.0,-76.0
1777892238.3023324,-5.0,-2.0,-80.0
1777892238.3123324,-6.0,-2.0,-76.0
1777892238.3223324,-2.0,-1.0,-77.0
1777892238.3323324,-3.0,2.0,-79.0
1777892238.3423324,0.0,2.0,-73.0
1777892238.3523324,0.0,1.0,-70.0
1777892238.3623323,0.0,-2.0,-69.0
1777892238.3723323,3.0,-4.0,-71.0
1777892238.3823323,6.0,-5.0,-74.0
1777892238.3923323,7.0,-8.0,-70.0
1777892238.4023323,5.0,-4.0,-69.0
1777892238.4123323,9.0,-4.0,-68.0
1777892238.4223323,11.0,-4.0,-66.0
1777892238.4323325,5.0,1.0,-68.0
1777892238.4423325,3.0,3.0,-68.0
1777892238.4523325,-1.0,2.0,-66.0
1777892238.4623325,-3.0,1.0,-72.0
1777892238.4723325,5.0,-1.0,-67.0
1777892238.4823325,6.0,3.0,-76.0
1777892238.4923325,8.0,0.0,-72.0
1777892238.5023324,2.0,-2.0,-71.0
1777892238.5123324,0.0,-2.0,-68.0
1777892238.5223324,-2.0,-2.0,-65.0
1777892238.5323324,-2.0,0.0,-70.0
1777892238.5423324,-2.0,0.0,-77.0
1777892238.5523324,-3.0,-2.0,-77.0
1777892238.5623324,1.0,-3.0,-77.0
1777892238.5723324,1.0,2.0,-81.0
1777892238.5823324,0.0,2.0,-79.0
1777892238.5923324,0.0,1.0,-71.0
1777892238.6023324,3.0,0.0,-66.0
1777892238.6123323,3.0,-3.0,-72.0
1777892238.6223323,7.0,-4.0,-74.0
1777892238.6323323,4.0,-5.0,-74.0
1777892238.6423323,1.0,-1.0,-72.0
1777892238.6523323,5.0,0.0,-73.0
1777892238.6623323,5.0,0.0,-75.0
1777892238.6723323,2.0,0.0,-73.0
1777892238.6823325,6.0,2.0,-73.0
1777892238.6923325,5.0,2.0,-78.0
1777892238.7023325,6.0,1.0,-79.0
1777892238.7123325,8.0,-1.0,-76.0
1777892238.7223325,6.0,-4.0,-73.0
1777892238.7323325,3.0,-1.0,-73.0
1777892238.7423325,1.0,-2.0,-75.0
1777892238.7523324,3.0,-2.0,-73.0
1777892238.7623324,3.0,0.0,-70.0
1777892238.7723324,6.0,4.0,-68.0
1777892238.7823324,7.0,3.0,-73.0
1777892238.7923324,4.0,0.0,-72.0
1777892238.8023324,7.0,0.0,-74.0
1777892238.8123324,5.0,1.0,-74.0
1777892238.8223324,4.0,0.0,-72.0
1777892238.8323324,3.0,0.0,-68.0
1777892238.8423324,6.0,0.0,-63.0
1777892238.8523324,4.0,0.0,-68.0
1777892238.8623323,1.0,-1.0,-73.0
1777892238.8723323,0.0,-6.0,-76.0
1777892238.8823323,-1.0,-2.0,-79.0
1777892238.8923323,-1.0,-1.0,-80.0
1777892238.9023323,-1.0,-2.0,-76.0
1777892238.9123323,-2.0,0.0,-64.0
1777892238.9223323,-2.0,-1.0,-69.0
1777892238.9323325,-4.0,-5.0,-70.0
1777892238.9423325,-3.0,-5.0,-65.0
1777892238.9523325,-8.0,-4.0,-62.0
1777892238.9623325,-6.0,-4.0,-60.0
1777892238.9723325,-5.0,-3.0,-55.0
1777892238.9823325,-6.0,0.0,-56.0
1777892238.9923325,-5.0,0.0,-54.0
1777892239.0023324,1.0,-1.0,-57.0
1777892239.0123324,1.0,0.0,-55.0
1777892239.0223324,-1.0,0.0,-65.0
1777892239.0323324,-4.0,1.0,-71.0
1777892239.0423324,-4.0,5.0,-75.0
1777892239.0523324,0.0,1.0,-72.0
1777892239.0623324,0.0,-4.0,-72.0
1777892239.0723324,0.0,-8.0,-72.0
1777892239.0823324,3.0,-7.0,-75.0
1777892239.0923324,3.0,-3.0,-80.0
1777892239.1023324,4.0,-2.0,-76.0
1777892239.1123323,1.0,-3.0,-70.0
1777892239.1233325,-1.0,-3.0,-70.0
1777892239.1323323,-1.0,0.0,-77.0
1777892239.1423323,0.0,3.0,-80.0
1777892239.1523323,0.0,2.0,-79.0
1777892239.1633325,0.0,0.0,-73.0
1777892239.1733325,0.0,0.0,-70.0
1777892239.1833324,0.0,0.0,-65.0
1777892239.1933324,0.0,2.0,-68.0
1777892239.2033324,0.0,4.0,-63.0
1777892239.2133324,2.0,2.0,-64.0
1777892239.2233324,2.0,3.0,-63.0
1777892239.2333324,1.0,6.0,-63.0
1777892239.2433324,-1.0,1.0,-64.0
1777892239.2533324,-3.0,0.0,-71.0
1777892239.2633324,-1.0,0.0,-71.0
1777892239.2733324,-3.0,1.0,-73.0
1777892239.2833323,-2.0,-1.0,-73.0
1777892239.2933323,-3.0,0.0,-64.0
1777892239.3033323,-1.0,0.0,-64.0
1777892239.3133323,-1.0,-4.0,-61.0
1777892239.3233323,0.0,0.0,-61.0
1777892239.3333323,0.0,2.0,-58.0
1777892239.3433323,3.0,1.0,-61.0
1777892239.3533323,0.0,3.0,-62.0
1777892239.3633325,-1.0,0.0,-68.0
1777892239.3733325,0.0,0.0,-72.0
1777892239.3833325,-1.0,-2.0,-75.0
1777892239.3933325,-1.0,-6.0,-81.0
1777892239.4033325,3.0,-3.0,-87.0
1777892239.4133325,1.0,-5.0,-84.0
1777892239.4233325,0.0,-6.0,-85.0
1777892239.4333324,0.0,-7.0,-84.0
1777892239.4433324,-4.0,-5.0,-81.0
1777892239.4533324,-5.0,-3.0,-77.0
1777892239.4633324,-7.0,0.0,-70.0
1777892239.4733324,-1.0,-1.0,-72.0
1777892239.4833324,0.0,1.0,-70.0
1777892239.4933324,2.0,0.0,-72.0
1777892239.5033324,0.0,3.0,-74.0
1777892239.5133324,1.0,-1.0,-68.0
1777892239.5233324,2.0,3.0,-73.0
1777892239.5333323,4.0,3.0,-69.0
1777892239.5433323,1.0,1.0,-62.0
1777892239.5533323,1.0,2.0,-59.0
1777892239.5633323,4.0,0.0,-60.0
1777892239.5733323,1.0,3.0,-60.0
1777892239.5833323,1.0,4.0,-59.0
1777892239.5933323,0.0,3.0,-70.0
1777892239.6033323,0.0,5.0,-73.0
1777892239.6133325,-1.0,3.0,-78.0
1777892239.6233325,-1.0,0.0,-75.0
1777892239.6333325,3.0,0.0,-73.0
1777892239.6433325,1.0,-6.0,-76.0
1777892239.6533325,-5.0,-7.0,-70.0
1777892239.6633325,-7.0,-6.0,-68.0
1777892239.6733325,-10.0,-2.0,-66.0
1777892239.6833324,-6.0,-3.0,-64.0
1777892239.6933324,-6.0,-1.0,-59.0
1777892239.7033324,-4.0,-2.0,-59.0
1777892239.7133324,-8.0,0.0,-60.0
1777892239.7233324,-3.0,0.0,-62.0
1777892239.7333324,-6.0,2.0,-63.0
1777892239.7433324,-3.0,2.0,-65.0
1777892239.7533324,-1.0,0.0,-63.0
1777892239.7633324,0.0,-3.0,-66.0
1777892239.7733324,-3.0,-6.0,-69.0
1777892239.7833323,-2.0,-4.0,-78.0
1777892239.7933323,1.0,-7.0,-72.0
1777892239.8033323,1.0,-2.0,-76.0
1777892239.8133323,3.0,-4.0,-77.0
1777892239.8233323,4.0,-5.0,-74.0
1777892239.8333323,2.0,-8.0,-66.0
1777892239.8433323,5.0,-5.0,-71.0
1777892239.8533323,4.0,-1.0,-72.0
1777892239.8633325,5.0,-2.0,-70.0
1777892239.8733325,1.0,2.0,-70.0
1777892239.8833325,1.0,2.0,-69.0
1777892239.8933325,4.0,3.0,-66.0
1777892239.9033325,3.0,1.0,-67.0
1777892239.9133325,5.0,-2.0,-60.0
1777892239.9233325,4.0,-3.0,-60.0
1777892239.9333324,0.0,-3.0,-65.0
1777892239.9433324,-4.0,1.0,-68.0
1777892239.9533324,-4.0,3.0,-68.0
1777892239.9633324,-3.0,2.0,-69.0
1777892239.9733324,-1.0,-1.0,-72.0
1777892239.9833324,4.0,-4.0,-74.0
1777892239.9933324,5.0,-2.0,-76.0
1777892240.0033324,5.0,-3.0,-76.0
1777892240.0133324,6.0,0.0,-75.0
1777892240.0233324,1.0,-3.0,-77.0
1777892240.0333323,-2.0,-11.0,-70.0
1777892240.0433323,0.0,-6.0,-67.0
1777892240.0533323,2.0,-7.0,-63.0
1777892240.0633323,4.0,-2.0,-63.0
1777892240.0733323,7.0,-2.0,-69.0
1777892240.0833323,6.0,-2.0,-69.0
1777892240.0933323,7.0,-7.0,-69.0
1777892240.1033323,2.0,-9.0,-70.0
1777892240.1133325,0.0,-7.0,-67.0
1777892240.1233325,-2.0,-9.0,-67.0
1777892240.1333325,0.0,-7.0,-71.0
1777892240.1433325,0.0,-3.0,-69.0
1777892240.1533325,-1.0,-2.0,-65.0
1777892240.1633325,-1.0,0.0,-73.0
1777892240.1733325,-2.0,0.0,-74.0
1777892240.1833324,-6.0,2.0,-75.0
1777892240.1933324,-6.0,0.0,-70.0
1777892240.2033324,-2.0,1.0,-74.0
1777892240.2133324,0.0,7.0,-80.0
1777892240.2233324,-3.0,8.0,-76.0
1777892240.2333324,1.0,0.0,-71.0
1777892240.2433324,-2.0,-1.0,-69.0
1777892240.2533324,-4.0,3.0,-74.0
1777892240.2633324,-2.0,3.0,-74.0
1777892240.2733324,0.0,4.0,-73.0
1777892240.2833323,2.0,0.0,-75.0
1777892240.2933323,3.0,1.0,-74.0
1777892240.3033323,0.0,3.0,-64.0
1777892240.3133323,-4.0,4.0,-54.0
1777892240.3233323,-1.0,5.0,-49.0
1777892240.3333323,-1.0,8.0,-55.0
1777892240.3433323,0.0,4.0,-65.0
1777892240.3533323,-3.0,9.0,-69.0
1777892240.3633325,-4.0,8.0,-68.0
1777892240.3733325,-1.0,10.0,-68.0
1777892240.3833325,-4.0,6.0,-70.0
1777892240.3933325,-2.0,5.0,-69.0
1777892240.4033325,-5.0,2.0,-69.0
1777892240.4133325,0.0,0.0,-69.0
1777892240.4233325,4.0,6.0,-71.0
1777892240.4333324,0.0,1.0,-73.0
1777892240.4433324,0.0,2.0,-75.0
1777892240.4533324,0.0,1.0,-73.0
1777892240.4633324,0.0,-1.0,-69.0
1777892240.4733324,4.0,1.0,-70.0
1777892240.4833324,4.0,0.0,-71.0
1777892240.4933324,7.0,0.0,-69.0
1777892240.5033324,6.0,1.0,-68.0
1777892240.5133324,6.0,4.0,-67.0
1777892240.5233324,8.0,1.0,-72.0
1777892240.5333323,10.0,-1.0,-72.0
1777892240.5433323,10.0,-3.0,-72.0
1777892240.5533323,7.0,-6.0,-73.0
1777892240.5633323,9.0,-5.0,-74.0
1777892240.5733323,8.0,-5.0,-77.0
1777892240.5833323,13.0,-7.0,-82.0
1777892240.5933323,6.0,0.0,-78.0
1777892240.6033323,8.0,-1.0,-80.0
1777892240.6133325,9.0,0.0,-75.0
1777892240.6233325,13.0,0.0,-68.0
1777892240.6333325,9.0,0.0,-61.0
1777892240.6433325,8.0,2.0,-59.0
1777892240.6533325,8.0,0.0,-58.0
1777892240.6633325,4.0,1.0,-63.0
1777892240.6733325,1.0,0.0,-68.0
1777892240.6833324,0.0,0.0,-69.0
1777892240.6933324,-2.0,1.0,-72.0
1777892240.7033324,0.0,3.0,-70.0
1777892240.7133324,1.0,1.0,-73.0
1777892240.7233324,-1.0,2.0,-73.0
1777892240.7333324,-4.0,1.0,-71.0
1777892240.7433324,-1.0,2.0,-70.0
1777892240.7533324,-2.0,2.0,-64.0
1777892240.7633324,-4.0,1.0,-68.0
1777892240.7733324,-1.0,-4.0,-77.0
1777892240.7833323,3.0,-2.0,-72.0
1777892240.7933323,4.0,-6.0,-67.0
1777892240.8033323,3.0,-4.0,-68.0
1777892240.8133323,-1.0,-4.0,-68.0
1777892240.8233323,2.0,0.0,-72.0
1777892240.8333323,2.0,3.0,-72.0
1777892240.8433323,-3.0,1.0,-74.0
1777892240.8533323,-1.0,5.0,-65.0
1777892240.8633325,-2.0,1.0,-63.0
1777892240.8733325,-5.0,-1.0,-67.0
1777892240.8833325,-7.0,-2.0,-74.0
1777892240.8933325,-4.0,0.0,-75.0
1777892240.9033325,-2.0,3.0,-76.0
1777892240.9133325,0.0,3.0,-70.0
1777892240.9233325,0.0,6.0,-70.0
1777892240.9333324,-1.0,4.0,-69.0
1777892240.9433324,0.0,3.0,-63.0
1777892240.9533324,0.0,-1.0,-58.0
1777892240.9633324,4.0,0.0,-55.0
1777892240.9733324,2.0,-1.0,-63.0
1777892240.9833324,0.0,-2.0,-66.0
1777892240.9933324,0.0,-3.0,-68.0
1777892241.0033324,2.0,-2.0,-69.0
1777892241.0133324,4.0,-2.0,-65.0
1777892241.0233324,0.0,-2.0,-66.0
1777892241.0333323,0.0,-2.0,-73.0
1777892241.0433323,1.0,-2.0,-75.0
1777892241.0533323,3.0,0.0,-67.0
1777892241.0633323,1.0,3.0,-63.0
1777892241.0733323,0.0,-2.0,-58.0
1777892241.0833323,-2.0,1.0,-65.0
1777892241.0933323,-4.0,1.0,-72.0
1777892241.1033323,0.0,3.0,-70.0
1777892241.1133325,-2.0,4.0,-73.0
1777892241.1243324,-4.0,4.0,-75.0
1777892241.1343324,-7.0,-2.0,-78.0
1777892241.1443324,-3.0,-3.0,-71.0
1777892241.1543324,-1.0,-5.0,-76.0
1777892241.1643324,3.0,-5.0,-73.0
1777892241.1743324,4.0,-3.0,-64.0
1777892241.1843324,5.0,0.0,-66.0
1777892241.1943324,3.0,-2.0,-69.0
1777892241.2043324,7.0,0.0,-76.0
1777892241.2143323,9.0,0.0,-74.0
1777892241.2243323,10.0,0.0,-65.0
1777892241.2343323,6.0,0.0,-69.0
1777892241.2443323,3.0,0.0,-68.0
1777892241.2543323,7.0,-1.0,-65.0
1777892241.2643323,4.0,-1.0,-65.0
1777892241.2743323,10.0,-6.0,-67.0
1777892241.2843325,9.0,-3.0,-64.0
1777892241.2943325,14.0,-1.0,-70.0
1777892241.3043325,9.0,-1.0,-70.0
1777892241.3143325,10.0,0.0,-71.0
1777892241.3243325,7.0,0.0,-65.0
1777892241.3343325,7.0,-3.0,-62.0
1777892241.3443325,4.0,0.0,-63.0
1777892241.3543324,4.0,0.0,-67.0
1777892241.3643324,1.0,1.0,-71.0
1777892241.3743324,2.0,-1.0,-65.0
1777892241.3843324,1.0,-3.0,-67.0
1777892241.3943324,-1.0,0.0,-76.0
1777892241.4043324,0.0,-1.0,-77.0
1777892241.4143324,3.0,-4.0,-74.0
1777892241.4243324,0.0,-5.0,-71.0
1777892241.4343324,0.0,-4.0,-72.0
1777892241.4443324,0.0,-8.0,-73.0
1777892241.4543324,5.0,-8.0,-70.0
1777892241.4643323,4.0,-3.0,-65.0
1777892241.4743323,3.0,-4.0,-65.0
1777892241.4843323,3.0,-3.0,-63.0
1777892241.4943323,0.0,-5.0,-62.0
1777892241.5043323,1.0,-3.0,-67.0
1777892241.5143323,5.0,-6.0,-64.0
1777892241.5243323,4.0,-4.0,-65.0
1777892241.5343325,0.0,0.0,-68.0
1777892241.5443325,-2.0,-1.0,-67.0
1777892241.5543325,-4.0,-1.0,-71.0
1777892241.5643325,-4.0,-1.0,-75.0
1777892241.5743325,1.0,-1.0,-77.0
1777892241.5843325,4.0,1.0,-79.0
1777892241.5943325,4.0,3.0,-81.0
1777892241.6043324,10.0,6.0,-80.0
1777892241.6143324,14.0,3.0,-83.0
1777892241.6243324,10.0,0.0,-85.0
1777892241.6343324,12.0,0.0,-81.0
1777892241.6443324,10.0,3.0,-74.0
1777892241.6543324,8.0,0.0,-75.0
1777892241.6643324,7.0,1.0,-69.0
1777892241.6743324,8.0,1.0,-72.0
1777892241.6843324,9.0,-2.0,-67.0
1777892241.6943324,12.0,-3.0,-75.0
1777892241.7043324,12.0,-3.0,-79.0
1777892241.7143323,8.0,-3.0,-78.0
1777892241.7243323,8.0,1.0,-81.0
1777892241.7343323,11.0,0.0,-71.0
1777892241.7443323,8.0,-2.0,-68.0
1777892241.7543323,7.0,-4.0,-68.0
1777892241.7643323,7.0,-1.0,-71.0
1777892241.7743323,7.0,-4.0,-78.0
1777892241.7843325,4.0,-3.0,-76.0
1777892241.7943325,6.0,-5.0,-69.0
1777892241.8043325,9.0,-7.0,-70.0
1777892241.8143325,10.0,-8.0,-75.0
1777892241.8243325,8.0,-4.0,-73.0
1777892241.8343325,7.0,-4.0,-67.0
1777892241.8443325,7.0,0.0,-72.0
1777892241.8543324,5.0,0.0,-74.0
1777892241.8643324,3.0,1.0,-70.0
1777892241.8743324,5.0,0.0,-72.0
1777892241.8843324,5.0,0.0,-72.0
1777892241.8943324,3.0,0.0,-70.0
1777892241.9043324,-3.0,-1.0,-65.0
1777892241.9143324,-1.0,0.0,-65.0
1777892241.9243324,0.0,0.0,-66.0
1777892241.9343324,0.0,0.0,-62.0
1777892241.9443324,2.0,0.0,-53.0
1777892241.9543324,3.0,-2.0,-54.0
1777892241.9643323,0.0,-3.0,-67.0
1777892241.9743323,2.0,-1.0,-65.0
1777892241.9843323,1.0,-5.0,-64.0
1777892241.9943323,0.0,-1.0,-66.0
1777892242.0043323,-2.0,-4.0,-68.0
1777892242.0143323,0.0,-3.0,-70.0
1777892242.0243323,0.0,-1.0,-70.0
1777892242.0343325,2.0,-1.0,-69.0
1777892242.0443325,-1.0,-3.0,-74.0
1777892242.0543325,0.0,-5.0,-77.0
1777892242.0643325,0.0,-4.0,-80.0
1777892242.0743325,1.0,-2.0,-78.0
1777892242.0843325,4.0,-3.0,-77.0
1777892242.0943325,3.0,-3.0,-73.0
1777892242.1043324,1.0,0.0,-73.0
1777892242.1143324,0.0,-5.0,-72.0
1777892242.1243324,1.0,-3.0,-75.0
1777892242.1343324,1.0,-5.0,-74.0
1777892242.1443324,2.0,-3.0,-69.0
1777892242.1543324,2.0,-1.0,-69.0
1777892242.1643324,1.0,1.0,-65.0
1777892242.1743324,-1.0,1.0,-70.0
1777892242.1843324,-1.0,0.0,-69.0
1777892242.1943324,0.0,-1.0,-67.0
1777892242.2043324,0.0,-4.0,-75.0
1777892242.2143323,-2.0,-2.0,-70.0
1777892242.2243323,1.0,-4.0,-69.0
1777892242.2343323,0.0,-4.0,-70.0
1777892242.2443323,2.0,-1.0,-76.0
1777892242.2543323,6.0,-6.0,-73.0
1777892242.2643323,5.0,-8.0,-69.0
1777892242.2743323,6.0,-7.0,-70.0
1777892242.2843325,5.0,-4.0,-77.0
1777892242.2943325,8.0,-6.0,-74.0
1777892242.3043325,6.0,-7.0,-74.0
1777892242.3143325,4.0,-9.0,-79.0
1777892242.3243325,2.0,-9.0,-79.0
1777892242.3343325,4.0,-5.0,-80.0
1777892242.3443325,3.0,-4.0,-74.0
1777892242.3543324,3.0,-3.0,-72.0
1777892242.3643324,3.0,-3.0,-75.0
1777892242.3743324,0.0,-5.0,-76.0
1777892242.3843324,0.0,-8.0,-75.0
1777892242.3943324,3.0,-5.0,-73.0
1777892242.4043324,4.0,-4.0,-65.0
1777892242.4143324,6.0,0.0,-68.0
1777892242.4243324,8.0,1.0,-65.0
1777892242.4343324,11.0,3.0,-67.0
1777892242.4443324,10.0,1.0,-64.0
1777892242.4543324,8.0,0.0,-65.0
1777892242.4643323,6.0,-2.0,-65.0
1777892242.4743323,13.0,-1.0,-71.0
1777892242.4843323,13.0,-1.0,-66.0
1777892242.4943323,12.0,0.0,-64.0
1777892242.5043323,11.0,0.0,-67.0
1777892242.5143323,4.0,0.0,-69.0
1777892242.5243323,0.0,0.0,-72.0
1777892242.5343325,-1.0,0.0,-76.0
1777892242.5443325,4.0,1.0,-73.0
1777892242.5543325,3.0,0.0,-76.0
1777892242.5643325,0.0,3.0,-71.0
1777892242.5743325,0.0,5.0,-72.0
1777892242.5843325,-3.0,1.0,-70.0
1777892242.5943325,-2.0,0.0,-70.0
1777892242.6043324,-4.0,-2.0,-72.0
1777892242.6143324,-3.0,-5.0,-70.0
1777892242.6243324,0.0,-5.0,-73.0
1777892242.6343324,1.0,0.0,-72.0
1777892242.6443324,2.0,-1.0,-75.0
1777892242.6543324,2.0,0.0,-72.0
1777892242.6643324,3.0,0.0,-68.0
1777892242.6743324,5.0,-3.0,-65.0
1777892242.6843324,3.0,-5.0,-59.0
1777892242.6943324,2.0,-7.0,-66.0
1777892242.7043324,0.0,-3.0,-73.0
1777892242.7143323,0.0,-4.0,-75.0
1777892242.7243323,-1.0,-9.0,-77.0
1777892242.7343323,1.0,-8.0,-70.0
1777892242.7443323,4.0,-8.0,-71.0
1777892242.7543323,3.0,-6.0,-67.0
1777892242.7643323,3.0,-4.0,-71.0
1777892242.7743323,2.0,-3.0,-80.0
1777892242.7843325,-4.0,0.0,-87.0
1777892242.7943325,-4.0,-3.0,-88.0
1777892242.8043325,-2.0,-3.0,-82.0
1777892242.8143325,-7.0,-5.0,-81.0
1777892242.8243325,-8.0,-2.0,-85.0
1777892242.8343325,-3.0,-1.0,-77.0
1777892242.8443325,-1.0,-6.0,-76.0
1777892242.8543324,0.0,-5.0,-76.0
1777892242.8643324,0.0,-2.0,-73.0
1777892242.8743324,-2.0,-1.0,-71.0
1777892242.8843324,-2.0,0.0,-72.0
1777892242.8943324,-2.0,0.0,-68.0
1777892242.9043324,0.0,-2.0,-72.0
1777892242.9143324,1.0,0.0,-69.0
1777892242.9243324,1.0,-4.0,-68.0
1777892242.9343324,4.0,-2.0,-72.0
1777892242.9443324,5.0,-1.0,-82.0
1777892242.9543324,2.0,-1.0,-82.0
1777892242.9643323,0.0,0.0,-76.0
1777892242.9743323,-1.0,4.0,-70.0
1777892242.9843323,2.0,5.0,-72.0
1777892242.9943323,4.0,3.0,-72.0
1777892243.0043323,5.0,0.0,-70.0
1777892243.0143323,9.0,1.0,-69.0
1777892243.0243323,8.0,0.0,-68.0
1777892243.0343325,10.0,0.0,-69.0
1777892243.0443325,5.0,-2.0,-67.0
1777892243.0543325,1.0,-4.0,-66.0
1777892243.0643325,5.0,-6.0,-66.0
1777892243.0743325,4.0,0.0,-74.0
1777892243.0843325,0.0,0.0,-80.0
1777892243.0943325,2.0,-2.0,-82.0
1777892243.1043324,2.0,4.0,-86.0
1777892243.1143324,0.0,4.0,-73.0
1777892243.1253324,2.0,4.0,-70.0
1777892243.1353323,1.0,1.0,-72.0
1777892243.1453323,3.0,1.0,-73.0
1777892243.1553323,6.0,2.0,-74.0
1777892243.1653323,8.0,0.0,-76.0
1777892243.1753323,7.0,-5.0,-77.0
1777892243.1853323,6.0,-1.0,-79.0
1777892243.1953323,4.0,0.0,-83.0
1777892243.2053325,1.0,6.0,-78.0
1777892243.2153325,3.0,5.0,-76.0
1777892243.2253325,0.0,7.0,-82.0
1777892243.2353325,-1.0,2.0,-79.0
1777892243.2453325,1.0,1.0,-75.0
1777892243.2553325,-1.0,-2.0,-76.0
1777892243.2663324,-3.0,-7.0,-76.0
1777892243.2753325,-6.0,-9.0,-74.0
1777892243.2853324,-1.0,-8.0,-72.0
1777892243.2953324,3.0,-9.0,-67.0
1777892243.3053324,8.0,-5.0,-67.0
1777892243.3153324,6.0,-8.0,-64.0
1777892243.3253324,6.0,-10.0,-62.0
1777892243.3353324,-1.0,-10.0,-62.0
1777892243.3453324,-1.0,-7.0,-68.0
1777892243.3553324,0.0,-4.0,-72.0
1777892243.3653324,-1.0,-5.0,-69.0
1777892243.3753324,-1.0,-8.0,-65.0
1777892243.3853323,-7.0,-3.0,-63.0
1777892243.3953323,-5.0,-2.0,-65.0
1777892243.4053323,-7.0,-1.0,-67.0
1777892243.4153323,-2.0,0.0,-59.0
1777892243.4253323,0.0,0.0,-56.0
1777892243.4353323,-3.0,0.0,-57.0
1777892243.4453323,-4.0,0.0,-58.0
1777892243.4553325,0.0,1.0,-60.0
1777892243.4653325,-3.0,-1.0,-63.0
1777892243.4753325,-3.0,-5.0,-62.0
1777892243.4853325,0.0,-1.0,-64.0
1777892243.4953325,0.0,3.0,-67.0
1777892243.5053325,0.0,2.0,-66.0
1777892243.5153325,4.0,-1.0,-65.0
1777892243.5253325,4.0,-1.0,-63.0
1777892243.5353324,3.0,-6.0,-72.0
1777892243.5453324,10.0,-8.0,-69.0
1777892243.5553324,5.0,-8.0,-68.0
1777892243.5653324,0.0,-9.0,-68.0
1777892243.5753324,3.0,-3.0,-73.0
1777892243.5853324,3.0,-3.0,-74.0
1777892243.5953324,1.0,-2.0,-71.0
1777892243.6053324,5.0,-1.0,-75.0
1777892243.6153324,8.0,-2.0,-69.0
1777892243.6253324,9.0,-1.0,-62.0
1777892243.6353323,6.0,0.0,-59.0
1777892243.6453323,2.0,-1.0,-60.0
1777892243.6553323,0.0,0.0,-70.0
1777892243.6653323,-2.0,-1.0,-69.0
1777892243.6753323,3.0,1.0,-69.0
1777892243.6853323,0.0,2.0,-65.0
1777892243.6953323,-1.0,2.0,-65.0
1777892243.7053325,1.0,1.0,-63.0
1777892243.7153325,3.0,0.0,-67.0
1777892243.7253325,-3.0,1.0,-65.0
1777892243.7353325,-2.0,-4.0,-64.0
1777892243.7453325,-3.0,-7.0,-65.0
1777892243.7553325,-2.0,-6.0,-64.0
1777892243.7653325,-2.0,-4.0,-64.0
1777892243.7753325,-2.0,-6.0,-71.0
1777892243.7853324,-3.0,-5.0,-72.0
1777892243.7953324,0.0,-1.0,-78.0
1777892243.8053324,0.0,0.0,-83.0
1777892243.8153324,-2.0,2.0,-76.0
1777892243.8253324,-2.0,1.0,-72.0
1777892243.8353324,0.0,-1.0,-72.0
1777892243.8453324,0.0,1.0,-68.0
1777892243.8553324,3.0,2.0,-67.0
1777892243.8653324,3.0,5.0,-68.0
1777892243.8753324,0.0,1.0,-66.0
1777892243.8853323,-4.0,4.0,-62.0
1777892243.8953323,-2.0,8.0,-58.0
1777892243.9053323,0.0,11.0,-60.0
1777892243.9153323,3.0,8.0,-70.0
1777892243.9253323,0.0,2.0,-74.0
1777892243.9353323,3.0,0.0,-75.0
1777892243.9453323,3.0,0.0,-77.0
1777892243.9553325,2.0,-1.0,-77.0
1777892243.9653325,0.0,0.0,-74.0
1777892243.9753325,-3.0,4.0,-79.0
1777892243.9853325,-2.0,2.0,-79.0
1777892243.9953325,-5.0,0.0,-77.0
1777892244.0053325,-8.0,1.0,-77.0
1777892244.0153325,-8.0,-4.0,-77.0
1777892244.0253325,-5.0,-1.0,-78.0
1777892244.0353324,-1.0,0.0,-79.0
1777892244.0453324,6.0,-1.0,-81.0
1777892244.0553324,7.0,-1.0,-82.0
1777892244.0653324,7.0,-8.0,-76.0
1777892244.0753324,7.0,-4.0,-72.0
1777892244.0853324,6.0,-1.0,-71.0
1777892244.0953324,3.0,-2.0,-72.0
1777892244.1053324,8.0,-9.0,-70.0
1777892244.1153324,4.0,-5.0,-70.0
1777892244.1253324,0.0,-2.0,-70.0
1777892244.1353323,0.0,-1.0,-74.0
1777892244.1453323,-4.0,1.0,-70.0
1777892244.1553323,0.0,0.0,-67.0
1777892244.1653323,4.0,2.0,-72.0
1777892244.1753323,2.0,0.0,-69.0
1777892244.1853323,1.0,2.0,-74.0
1777892244.1953323,7.0,0.0,-75.0
1777892244.2053325,2.0,0.0,-75.0
1777892244.2153325,5.0,-1.0,-69.0
1777892244.2253325,0.0,-5.0,-70.0
1777892244.2353325,-1.0,-3.0,-74.0
1777892244.2453325,-1.0,-2.0,-74.0
1777892244.2553325,-3.0,-4.0,-75.0
1777892244.2653325,0.0,-5.0,-80.0
1777892244.2753325,1.0,-7.0,-81.0
1777892244.2853324,2.0,-10.0,-81.0
1777892244.2953324,1.0,-2.0,-79.0
1777892244.3053324,2.0,-3.0,-72.0
1777892244.3153324,0.0,-2.0,-63.0
1777892244.3253324,2.0,-2.0,-69.0
1777892244.3353324,7.0,-1.0,-73.0
1777892244.3453324,6.0,-1.0,-77.0
1777892244.3553324,5.0,-1.0,-71.0
1777892244.3653324,4.0,0.0,-73.0
1777892244.3753324,5.0,0.0,-75.0
1777892244.3853323,11.0,0.0,-76.0
1777892244.3953323,12.0,-1.0,-76.0
1777892244.4053323,10.0,1.0,-69.0
1777892244.4153323,8.0,2.0,-73.0
1777892244.4253323,5.0,3.0,-74.0
1777892244.4353323,3.0,0.0,-76.0
1777892244.4453323,3.0,0.0,-74.0
1777892244.4553325,4.0,3.0,-74.0
1777892244.4653325,4.0,5.0,-73.0
1777892244.4753325,0.0,3.0,-69.0
1777892244.4853325,2.0,2.0,-68.0
1777892244.4953325,5.0,3.0,-65.0
1777892244.5053325,5.0,5.0,-72.0
1777892244.5153325,7.0,4.0,-71.0
1777892244.5253325,7.0,4.0,-77.0
1777892244.5353324,4.0,5.0,-84.0
1777892244.5453324,4.0,5.0,-83.0
1777892244.5553324,3.0,4.0,-77.0
1777892244.5653324,4.0,1.0,-75.0
1777892244.5753324,6.0,0.0,-84.0
1777892244.5853324,4.0,1.0,-81.0
1777892244.5953324,5.0,5.0,-79.0
1777892244.6053324,5.0,1.0,-76.0
1777892244.6153324,7.0,1.0,-65.0
1777892244.6253324,8.0,0.0,-58.0
1777892244.6353323,7.0,4.0,-54.0
1777892244.6453323,5.0,5.0,-54.0
1777892244.6553323,4.0,2.0,-58.0
1777892244.6653323,2.0,1.0,-59.0
1777892244.6753323,2.0,-4.0,-65.0
1777892244.6853323,-4.0,-4.0,-71.0
1777892244.6953323,-9.0,-1.0,-73.0
1777892244.7053325,-5.0,-3.0,-75.0
1777892244.7153325,-3.0,-4.0,-77.0
1777892244.7253325,-1.0,0.0,-74.0
1777892244.7353325,2.0,-2.0,-72.0
1777892244.7453325,-3.0,-2.0,-68.0
1777892244.7553325,-3.0,-3.0,-71.0
1777892244.7653325,-2.0,-6.0,-73.0
1777892244.7753325,-4.0,-8.0,-78.0
1777892244.7863324,-1.0,-6.0,-80.0
1777892244.7953324,2.0,-3.0,-77.0
1777892244.8053324,1.0,1.0,-72.0
1777892244.8153324,4.0,0.0,-65.0
1777892244.8253324,6.0,-1.0,-63.0
1777892244.8353324,3.0,-2.0,-66.0
1777892244.8453324,-2.0,-6.0,-66.0
1777892244.8553324,0.0,-1.0,-70.0
1777892244.8653324,2.0,2.0,-63.0
1777892244.8753324,-1.0,2.0,-58.0
1777892244.8853323,2.0,1.0,-59.0
1777892244.8953323,2.0,2.0,-62.0
1777892244.9053323,7.0,4.0,-64.0
1777892244.9153323,5.0,5.0,-48.0
1777892244.9253323,1.0,3.0,-50.0
1777892244.9353323,3.0,2.0,-54.0
1777892244.9453323,2.0,1.0,-54.0
1777892244.9553325,-4.0,-3.0,-66.0
1777892244.9653325,-3.0,-6.0,-72.0
1777892244.9753325,-2.0,0.0,-75.0
1777892244.9853325,-3.0,0.0,-79.0
1777892244.9953325,0.0,0.0,-81.0
1777892245.0053325,-2.0,-1.0,-80.0
1777892245.0153325,0.0,-1.0,-77.0
1777892245.0253325,0.0,-1.0,-77.0
1777892245.0353324,0.0,0.0,-74.0
1777892245.0453324,3.0,-2.0,-78.0
1777892245.0553324,6.0,-2.0,-75.0
1777892245.0653324,5.0,-4.0,-72.0
1777892245.0753324,4.0,0.0,-70.0
1777892245.0863323,2.0,0.0,-73.0
1777892245.0963323,0.0,5.0,-69.0
1777892245.1063323,1.0,3.0,-68.0
1777892245.1153324,0.0,1.0,-67.0
1777892245.1263323,0.0,0.0,-72.0
1777892245.1363325,0.0,1.0,-71.0
1777892245.1463325,0.0,1.0,-76.0
1777892245.1563325,-2.0,3.0,-75.0
1777892245.1663325,-2.0,2.0,-72.0
1777892245.1763325,2.0,2.0,-74.0
1777892245.1863325,4.0,5.0,-67.0
1777892245.1963325,8.0,3.0,-62.0
1777892245.2063324,7.0,3.0,-63.0
1777892245.2163324,8.0,5.0,-59.0
1777892245.2263324,4.0,5.0,-61.0
1777892245.2363324,5.0,4.0,-53.0
1777892245.2463324,5.0,4.0,-61.0
1777892245.2563324,2.0,0.0,-61.0
1777892245.2663324,2.0,0.0,-63.0
1777892245.2763324,3.0,-2.0,-65.0
1777892245.2863324,6.0,0.0,-68.0
1777892245.2963324,8.0,-3.0,-70.0
1777892245.3063323,13.0,-2.0,-75.0
1777892245.3163323,11.0,-1.0,-75.0
1777892245.3263323,10.0,-2.0,-80.0
1777892245.3363323,9.0,-1.0,-78.0
1777892245.3463323,6.0,0.0,-74.0
1777892245.3563323,2.0,0.0,-72.0
1777892245.3663323,3.0,3.0,-73.0
1777892245.3763323,7.0,4.0,-71.0
1777892245.3863325,4.0,5.0,-68.0
1777892245.3963325,5.0,0.0,-71.0
1777892245.4063325,7.0,4.0,-74.0
1777892245.4163325,7.0,3.0,-79.0
1777892245.4263325,5.0,3.0,-83.0
1777892245.4363325,6.0,2.0,-85.0
1777892245.4463325,5.0,3.0,-78.0
1777892245.4563324,3.0,0.0,-72.0
1777892245.4663324,4.0,3.0,-62.0
1777892245.4763324,3.0,3.0,-62.0
1777892245.4863324,3.0,1.0,-60.0
1777892245.4963324,5.0,0.0,-61.0
1777892245.5063324,4.0,-1.0,-64.0
1777892245.5163324,2.0,0.0,-64.0
1777892245.5263324,5.0,3.0,-63.0
1777892245.5363324,4.0,2.0,-60.0
1777892245.5463324,4.0,3.0,-58.0
1777892245.5563323,6.0,1.0,-60.0
1777892245.5663323,7.0,3.0,-60.0
1777892245.5763323,9.0,0.0,-58.0
1777892245.5863323,5.0,0.0,-66.0
1777892245.5963323,2.0,2.0,-67.0
1777892245.6063323,0.0,0.0,-74.0
1777892245.6163323,-1.0,1.0,-63.0
1777892245.6263323,-5.0,2.0,-58.0
1777892245.6363325,-3.0,5.0,-61.0
1777892245.6463325,0.0,4.0,-63.0
1777892245.6563325,-1.0,10.0,-70.0
1777892245.6663325,0.0,9.0,-64.0
1777892245.6763325,-3.0,6.0,-62.0
1777892245.6863325,-5.0,3.0,-67.0
1777892245.6963325,-6.0,1.0,-74.0
1777892245.7063324,-2.0,0.0,-74.0
1777892245.7163324,0.0,-1.0,-68.0
1777892245.7263324,-2.0,-1.0,-66.0
1777892245.7363324,-3.0,1.0,-70.0
1777892245.7463324,-2.0,-1.0,-66.0
1777892245.7563324,-3.0,-2.0,-64.0
1777892245.7663324,-3.0,0.0,-59.0
1777892245.7763324,-4.0,1.0,-65.0
1777892245.7863324,-2.0,0.0,-64.0
1777892245.7963324,4.0,0.0,-64.0
1777892245.8063323,1.0,0.0,-63.0
1777892245.8163323,-1.0,3.0,-65.0
1777892245.8263323,0.0,7.0,-64.0
1777892245.8363323,2.0,0.0,-65.0
1777892245.8463323,4.0,1.0,-63.0
1777892245.8563323,3.0,3.0,-64.0
1777892245.8663323,0.0,3.0,-61.0
1777892245.8763323,-2.0,3.0,-62.0
1777892245.8863325,-3.0,1.0,-62.0
1777892245.8963325,-3.0,2.0,-60.0
1777892245.9063325,-3.0,2.0,-62.0
1777892245.9163325,2.0,-3.0,-56.0
1777892245.9263325,1.0,-2.0,-63.0
1777892245.9363325,-2.0,-3.0,-64.0
1777892245.9463325,0.0,0.0,-74.0
1777892245.9563324,-3.0,1.0,-69.0
1777892245.9663324,-3.0,0.0,-68.0
1777892245.9763324,0.0,2.0,-68.0
1777892245.9863324,0.0,1.0,-67.0
1777892245.9963324,-4.0,0.0,-64.0
1777892246.0063324,1.0,0.0,-64.0
1777892246.0163324,0.0,4.0,-60.0
1777892246.0263324,-4.0,4.0,-62.0
1777892246.0363324,-7.0,2.0,-62.0
1777892246.0463324,-9.0,1.0,-61.0
1777892246.0563323,-5.0,0.0,-58.0
1777892246.0663323,1.0,-2.0,-60.0
1777892246.0763323,5.0,-3.0,-62.0
1777892246.0863323,4.0,-3.0,-59.0
1777892246.0963323,2.0,-1.0,-63.0
1777892246.1063323,0.0,2.0,-65.0
1777892246.1163323,3.0,1.0,-69.0
1777892246.1263323,4.0,-2.0,-76.0
1777892246.1363325,7.0,0.0,-74.0
1777892246.1463325,6.0,1.0,-76.0
1777892246.1563325,0.0,0.0,-79.0
1777892246.1663325,1.0,1.0,-76.0
1777892246.1763325,1.0,1.0,-73.0
1777892246.1863325,-1.0,-1.0,-69.0
1777892246.1963325,0.0,-2.0,-72.0
1777892246.2063324,-2.0,-1.0,-71.0
1777892246.2163324,-1.0,-3.0,-64.0
1777892246.2263324,0.0,-4.0,-72.0
1777892246.2363324,2.0,-3.0,-73.0
1777892246.2463324,4.0,1.0,-78.0
1777892246.2563324,6.0,3.0,-76.0
1777892246.2663324,6.0,2.0,-76.0
1777892246.2763324,4.0,3.0,-76.0
1777892246.2863324,4.0,3.0,-74.0
1777892246.2963324,4.0,0.0,-71.0
1777892246.3063323,-1.0,0.0,-71.0
1777892246.3163323,-1.0,-1.0,-67.0
1777892246.3263323,1.0,1.0,-61.0
1777892246.3363323,2.0,-3.0,-65.0
1777892246.3463323,3.0,-1.0,-66.0
1777892246.3563323,5.0,0.0,-67.0
1777892246.3663323,4.0,1.0,-64.0
1777892246.3763323,2.0,5.0,-64.0
1777892246.3863325,-3.0,4.0,-71.0
1777892246.3963325,-1.0,5.0,-71.0
1777892246.4063325,0.0,6.0,-67.0
1777892246.4163325,0.0,4.0,-66.0
1777892246.4263325,3.0,7.0,-66.0
1777892246.4363325,5.0,10.0,-69.0
1777892246.4463325,6.0,9.0,-69.0
1777892246.4563324,3.0,9.0,-68.0
1777892246.4663324,-2.0,9.0,-77.0
1777892246.4763324,-7.0,5.0,-75.0
1777892246.4863324,-6.0,3.0,-73.0
1777892246.4963324,-5.0,1.0,-68.0
1777892246.5063324,2.0,0.0,-71.0
1777892246.5163324,0.0,1.0,-72.0
1777892246.5273323,-2.0,1.0,-73.0
1777892246.5363324,0.0,4.0,-71.0
1777892246.5463324,-3.0,3.0,-69.0
1777892246.5563323,-6.0,3.0,-69.0
1777892246.5663323,0.0,4.0,-63.0
1777892246.5763323,0.0,1.0,-68.0
1777892246.5863323,-3.0,0.0,-71.0
1777892246.5963323,-3.0,-4.0,-76.0
1777892246.6063323,-3.0,-6.0,-79.0
1777892246.6163323,2.0,-3.0,-82.0
1777892246.6263323,7.0,4.0,-77.0
1777892246.6363325,6.0,1.0,-78.0
1777892246.6463325,6.0,-2.0,-75.0
1777892246.6563325,3.0,-4.0,-69.0
1777892246.6663325,6.0,-3.0,-68.0
1777892246.6763325,7.0,-3.0,-66.0
1777892246.6863325,7.0,3.0,-68.0
1777892246.6963325,6.0,3.0,-74.0
1777892246.7063324,4.0,1.0,-74.0
1777892246.7163324,3.0,-1.0,-68.0
1777892246.7263324,-3.0,-1.0,-68.0
1777892246.7363324,-3.0,-2.0,-69.0
1777892246.7463324,-5.0,-4.0,-67.0
1777892246.7563324,-2.0,-4.0,-69.0
1777892246.7663324,-4.0,-10.0,-69.0
1777892246.7763324,-5.0,-7.0,-76.0
1777892246.7863324,-1.0,-5.0,-77.0
1777892246.7963324,-3.0,-5.0,-72.0
1777892246.8063323,-3.0,-4.0,-71.0
1777892246.8163323,-3.0,0.0,-70.0
1777892246.8263323,0.0,-3.0,-73.0
1777892246.8363323,1.0,-2.0,-82.0
1777892246.8463323,4.0,-7.0,-87.0
1777892246.8563323,6.0,-12.0,-85.0
1777892246.8663323,7.0,-7.0,-77.0
1777892246.8763323,0.0,-5.0,-77.0
1777892246.8863325,-2.0,-5.0,-72.0
1777892246.8963325,0.0,-2.0,-76.0
1777892246.9063325,5.0,-2.0,-68.0
1777892246.9163325,7.0,-1.0,-72.0
1777892246.9263325,8.0,-2.0,-78.0
1777892246.9363325,6.0,-6.0,-76.0
1777892246.9463325,1.0,-7.0,-76.0
1777892246.9563324,0.0,-7.0,-73.0
1777892246.9663324,0.0,-3.0,-75.0
1777892246.9763324,1.0,-5.0,-69.0
1777892246.9863324,4.0,-6.0,-68.0
1777892246.9963324,8.0,-3.0,-64.0
1777892247.0063324,10.0,-5.0,-64.0
1777892247.0163324,7.0,-4.0,-57.0
1777892247.0263324,9.0,-6.0,-57.0
1777892247.0363324,5.0,-8.0,-57.0
1777892247.0463324,9.0,-13.0,-66.0
1777892247.0563323,9.0,-9.0,-72.0
1777892247.0663323,7.0,-3.0,-68.0
1777892247.0773325,1.0,-3.0,-71.0
1777892247.0863323,2.0,-2.0,-68.0
1777892247.0963323,3.0,-6.0,-67.0
1777892247.1073325,4.0,-8.0,-63.0
1777892247.1173325,2.0,-8.0,-63.0
1777892247.1273324,4.0,-6.0,-65.0
1777892247.1373324,3.0,-1.0,-68.0
1777892247.1473324,2.0,-4.0,-67.0
1777892247.1573324,2.0,-8.0,-71.0
1777892247.1673324,0.0,-6.0,-71.0
1777892247.1773324,-5.0,-5.0,-65.0
1777892247.1873324,0.0,-3.0,-69.0
1777892247.1973324,4.0,0.0,-68.0
1777892247.2073324,7.0,0.0,-75.0
1777892247.2173324,9.0,0.0,-76.0
1777892247.2273324,6.0,3.0,-85.0
1777892247.2373323,4.0,3.0,-82.0
1777892247.2473323,7.0,0.0,-81.0
1777892247.2573323,6.0,0.0,-80.0
1777892247.2673323,7.0,-4.0,-84.0
1777892247.2773323,4.0,-2.0,-81.0
1777892247.2873323,3.0,0.0,-79.0
1777892247.2973323,5.0,-1.0,-73.0
1777892247.3073325,6.0,-1.0,-69.0
1777892247.3173325,3.0,-2.0,-74.0
1777892247.3273325,0.0,-1.0,-75.0
1777892247.3373325,0.0,1.0,-75.0
1777892247.3473325,4.0,1.0,-75.0
1777892247.3573325,3.0,0.0,-76.0
1777892247.3673325,2.0,-1.0,-79.0
1777892247.3773324,3.0,1.0,-81.0
1777892247.3873324,5.0,1.0,-82.0
1777892247.3973324,5.0,0.0,-80.0
1777892247.4073324,3.0,1.0,-72.0
1777892247.4173324,3.0,4.0,-71.0
1777892247.4273324,4.0,7.0,-77.0
1777892247.4373324,2.0,2.0,-72.0
1777892247.4473324,7.0,0.0,-79.0
1777892247.4573324,6.0,0.0,-84.0
1777892247.4673324,6.0,-4.0,-77.0
1777892247.4773324,3.0,-8.0,-81.0
1777892247.4873323,6.0,-4.0,-80.0
1777892247.4973323,-2.0,-1.0,-77.0
1777892247.5073323,-3.0,-1.0,-79.0
1777892247.5173323,0.0,0.0,-75.0
1777892247.5273323,0.0,2.0,-73.0
1777892247.5373323,-1.0,-2.0,-68.0
1777892247.5473323,-5.0,-2.0,-63.0
1777892247.5573325,-3.0,-1.0,-63.0
1777892247.5673325,-5.0,0.0,-64.0
1777892247.5773325,-1.0,1.0,-64.0
1777892247.5873325,0.0,1.0,-66.0
1777892247.5973325,2.0,0.0,-70.0
1777892247.6073325,3.0,1.0,-71.0
1777892247.6173325,0.0,-1.0,-69.0
1777892247.6273324,0.0,-5.0,-69.0
1777892247.6373324,0.0,-4.0,-61.0
1777892247.6473324,-2.0,-3.0,-66.0
1777892247.6573324,-2.0,-4.0,-70.0
1777892247.6673324,-3.0,-7.0,-69.0
1777892247.6773324,-4.0,-6.0,-73.0
1777892247.6873324,-3.0,-4.0,-69.0
1777892247.6973324,-4.0,0.0,-60.0
1777892247.7073324,-1.0,2.0,-56.0
1777892247.7173324,2.0,2.0,-56.0
1777892247.7273324,8.0,3.0,-61.0
1777892247.7373323,6.0,4.0,-63.0
1777892247.7473323,6.0,4.0,-63.0
1777892247.7573323,5.0,4.0,-60.0
1777892247.7673323,6.0,6.0,-66.0
1777892247.7773323,1.0,3.0,-69.0
1777892247.7873323,2.0,1.0,-74.0
1777892247.7973323,2.0,-5.0,-72.0
1777892247.8073325,2.0,-6.0,-69.0
1777892247.8173325,-4.0,-6.0,-71.0
1777892247.8273325,-4.0,-8.0,-77.0
1777892247.8373325,-2.0,-5.0,-78.0
1777892247.8473325,-2.0,-3.0,-78.0
1777892247.8573325,-4.0,2.0,-76.0
1777892247.8673325,-1.0,1.0,-70.0
1777892247.8773324,-2.0,5.0,-67.0
1777892247.8873324,1.0,7.0,-68.0
1777892247.8973324,0.0,6.0,-69.0
1777892247.9073324,-2.0,7.0,-71.0
1777892247.9173324,-1.0,4.0,-69.0
1777892247.9273324,-5.0,5.0,-66.0
1777892247.9373324,-2.0,6.0,-70.0
1777892247.9473324,0.0,5.0,-70.0
1777892247.9573324,3.0,3.0,-68.0
1777892247.9673324,2.0,2.0,-71.0
1777892247.9773324,0.0,-1.0,-69.0
1777892247.9873323,0.0,-1.0,-69.0
1777892247.9973323,-2.0,0.0,-77.0
1777892248.0073323,0.0,-1.0,-76.0
1777892248.0173323,0.0,-2.0,-77.0
1777892248.0273323,3.0,-3.0,-76.0
1777892248.0373323,5.0,-2.0,-74.0
1777892248.0473323,5.0,-4.0,-70.0
1777892248.0573325,4.0,-7.0,-66.0
1777892248.0673325,5.0,-6.0,-64.0
1777892248.0773325,0.0,0.0,-61.0
1777892248.0873325,1.0,0.0,-63.0
1777892248.0973325,4.0,3.0,-69.0
1777892248.1073325,7.0,0.0,-67.0
1777892248.1173325,7.0,0.0,-64.0
1777892248.1273324,7.0,-4.0,-61.0
1777892248.1373324,9.0,-7.0,-67.0
1777892248.1473324,9.0,-10.0,-64.0
1777892248.1573324,8.0,-9.0,-65.0
1777892248.1673324,8.0,-2.0,-64.0
1777892248.1773324,6.0,5.0,-64.0
1777892248.1873324,-2.0,5.0,-73.0
1777892248.1973324,0.0,8.0,-65.0
1777892248.2073324,3.0,7.0,-67.0
1777892248.2173324,3.0,2.0,-66.0
1777892248.2273324,6.0,1.0,-61.0
1777892248.2373323,7.0,0.0,-60.0
1777892248.2473323,2.0,-1.0,-61.0
1777892248.2573323,0.0,-4.0,-68.0
1777892248.2673323,-4.0,-2.0,-73.0
1777892248.2773323,-3.0,1.0,-74.0
1777892248.2873323,-6.0,4.0,-78.0
1777892248.2973323,-9.0,3.0,-71.0
1777892248.3073325,-12.0,0.0,-72.0
1777892248.3173325,-6.0,-2.0,-72.0
1777892248.3273325,-10.0,0.0,-72.0
1777892248.3373325,-10.0,1.0,-71.0
1777892248.3473325,-6.0,0.0,-65.0
1777892248.3573325,-5.0,0.0,-70.0
1777892248.3673325,-4.0,-1.0,-65.0
1777892248.3773324,0.0,-6.0,-60.0
1777892248.3873324,0.0,-6.0,-65.0
1777892248.3973324,-3.0,-5.0,-70.0
1777892248.4073324,-1.0,-6.0,-71.0
1777892248.4173324,-2.0,-6.0,-64.0
1777892248.4273324,-3.0,-5.0,-63.0
1777892248.4373324,-3.0,-3.0,-64.0
1777892248.4473324,-1.0,-2.0,-64.0
1777892248.4573324,-2.0,-3.0,-67.0
1777892248.4673324,0.0,-8.0,-67.0
1777892248.4773324,3.0,-9.0,-67.0
1777892248.4873323,1.0,-10.0,-68.0
1777892248.4973323,0.0,-7.0,-64.0
1777892248.5073323,-2.0,-4.0,-65.0
1777892248.5173323,-3.0,0.0,-67.0
1777892248.5273323,0.0,5.0,-66.0
1777892248.5373323,1.0,2.0,-68.0
1777892248.5473323,-1.0,2.0,-65.0
1777892248.5573325,0.0,1.0,-67.0
1777892248.5673325,0.0,0.0,-66.0
1777892248.5773325,0.0,1.0,-62.0
1777892248.5873325,9.0,4.0,-63.0
1777892248.5973325,10.0,5.0,-60.0
1777892248.6073325,6.0,3.0,-59.0
1777892248.6173325,8.0,0.0,-60.0
1777892248.6273324,8.0,1.0,-58.0
1777892248.6373324,8.0,-1.0,-61.0
1777892248.6473324,5.0,2.0,-64.0
1777892248.6573324,4.0,0.0,-61.0
1777892248.6673324,3.0,-3.0,-58.0
1777892248.6773324,3.0,-6.0,-58.0
1777892248.6873324,6.0,-7.0,-54.0
1777892248.6973324,6.0,-4.0,-54.0
1777892248.7073324,2.0,-3.0,-56.0
1777892248.7173324,0.0,-11.0,-56.0
1777892248.7273324,3.0,-10.0,-55.0
1777892248.7373323,2.0,-11.0,-51.0
1777892248.7473323,3.0,-10.0,-52.0
1777892248.7573323,0.0,-11.0,-53.0
1777892248.7673323,-1.0,-10.0,-59.0
1777892248.7773323,1.0,-2.0,-60.0
1777892248.7873323,1.0,0.0,-64.0
1777892248.7973323,3.0,5.0,-68.0
1777892248.8073325,5.0,3.0,-75.0
1777892248.8173325,6.0,0.0,-77.0
1777892248.8273325,1.0,2.0,-69.0
1777892248.8373325,-3.0,1.0,-62.0
1777892248.8473325,-2.0,-3.0,-71.0
1777892248.8573325,2.0,-5.0,-70.0
1777892248.8673325,3.0,-9.0,-69.0
1777892248.8773324,1.0,-9.0,-68.0
1777892248.8873324,0.0,-6.0,-67.0
1777892248.8973324,-3.0,-2.0,-66.0
1777892248.9073324,3.0,-5.0,-73.0
1777892248.9173324,2.0,-5.0,-74.0
1777892248.9273324,3.0,-4.0,-70.0
1777892248.9373324,0.0,-5.0,-71.0
1777892248.9473324,1.0,-3.0,-70.0
1777892248.9573324,0.0,-3.0,-73.0
1777892248.9673324,-1.0,-3.0,-72.0
1777892248.9773324,3.0,1.0,-75.0
1777892248.9873323,5.0,-2.0,-77.0
1777892248.9973323,2.0,-2.0,-72.0
1777892249.0073323,4.0,0.0,-79.0
1777892249.0173323,3.0,0.0,-79.0
1777892249.0273323,4.0,-2.0,-77.0
1777892249.0373323,6.0,-1.0,-76.0
1777892249.0483325,8.0,0.0,-73.0
1777892249.0583324,8.0,1.0,-69.0
1777892249.0673325,2.0,-2.0,-66.0
1777892249.0783324,0.0,0.0,-70.0
1777892249.0873325,-3.0,1.0,-69.0
1777892249.0983324,-2.0,0.0,-76.0
1777892249.1083324,-4.0,0.0,-79.0
1777892249.1183324,0.0,1.0,-69.0
1777892249.1283324,1.0,0.0,-70.0
1777892249.1383324,1.0,-3.0,-72.0
1777892249.1483324,0.0,-11.0,-69.0
1777892249.1583323,3.0,-9.0,-70.0
1777892249.1683323,0.0,-4.0,-70.0
1777892249.1783323,0.0,0.0,-66.0
1777892249.1883323,0.0,-2.0,-69.0
1777892249.1983323,3.0,-4.0,-68.0
1777892249.2083323,2.0,-7.0,-68.0
1777892249.2183323,0.0,-9.0,-68.0
1777892249.2283323,3.0,-5.0,-66.0
1777892249.2383325,5.0,-4.0,-69.0
1777892249.2483325,9.0,-4.0,-67.0
1777892249.2583325,6.0,-3.0,-62.0
1777892249.2683325,5.0,-2.0,-62.0
1777892249.2783325,1.0,-3.0,-67.0
1777892249.2883325,0.0,-2.0,-65.0
1777892249.2983325,3.0,-1.0,-59.0
1777892249.3083324,4.0,-4.0,-58.0
1777892249.3183324,2.0,-7.0,-62.0
1777892249.3283324,-2.0,-6.0,-66.0
1777892249.3383324,-1.0,-9.0,-65.0
1777892249.3483324,0.0,-7.0,-64.0
1777892249.3583324,0.0,-8.0,-57.0
1777892249.3683324,-4.0,-6.0,-60.0
1777892249.3783324,-5.0,-7.0,-62.0
1777892249.3883324,-1.0,-7.0,-62.0
1777892249.3983324,0.0,-7.0,-60.0
1777892249.4083323,0.0,-8.0,-56.0
1777892249.4183323,0.0,-6.0,-61.0
1777892249.4283323,0.0,-2.0,-67.0
1777892249.4383323,-1.0,0.0,-72.0
1777892249.4483323,2.0,-4.0,-68.0
1777892249.4583323,2.0,-2.0,-67.0
1777892249.4683323,4.0,3.0,-67.0
1777892249.4783323,10.0,1.0,-73.0
1777892249.4883325,8.0,0.0,-71.0
1777892249.4983325,8.0,1.0,-70.0
1777892249.5083325,2.0,0.0,-77.0
1777892249.5183325,2.0,3.0,-71.0
1777892249.5283325,5.0,2.0,-66.0
1777892249.5383325,4.0,1.0,-67.0
1777892249.5483325,6.0,-1.0,-64.0
1777892249.5583324,6.0,-1.0,-63.0
1777892249.5683324,0.0,-1.0,-71.0
1777892249.5783324,2.0,0.0,-67.0
1777892249.5883324,0.0,0.0,-72.0
1777892249.5983324,3.0,-1.0,-74.0
1777892249.6083324,3.0,0.0,-81.0
1777892249.6183324,6.0,-1.0,-74.0
1777892249.6283324,2.0,-2.0,-69.0
1777892249.6383324,5.0,-1.0,-62.0
1777892249.6483324,6.0,0.0,-66.0
1777892249.6583323,8.0,0.0,-73.0
1777892249.6683323,3.0,0.0,-73.0
1777892249.6783323,1.0,1.0,-73.0
1777892249.6883323,1.0,0.0,-72.0
1777892249.6983323,-1.0,-1.0,-74.0
1777892249.7083323,-2.0,-1.0,-77.0
1777892249.7183323,-3.0,-4.0,-74.0
1777892249.7283323,0.0,-7.0,-78.0
1777892249.7383325,0.0,-5.0,-75.0
1777892249.7483325,1.0,-4.0,-78.0
1777892249.7583325,3.0,0.0,-76.0
1777892249.7683325,4.0,1.0,-71.0
1777892249.7783325,6.0,2.0,-69.0
1777892249.7883325,7.0,3.0,-71.0
1777892249.7983325,4.0,-3.0,-65.0
1777892249.8083324,6.0,-5.0,-61.0
1777892249.8183324,6.0,-2.0,-62.0
1777892249.8283324,7.0,-1.0,-62.0
1777892249.8383324,9.0,-3.0,-67.0
1777892249.8483324,5.0,-2.0,-69.0
1777892249.8583324,4.0,0.0,-63.0
1777892249.8683324,7.0,4.0,-68.0
1777892249.8783324,2.0,1.0,-72.0
1777892249.8883324,2.0,1.0,-73.0
1777892249.8983324,4.0,2.0,-74.0
1777892249.9083323,3.0,2.0,-72.0
1777892249.9183323,4.0,0.0,-72.0
1777892249.9283323,2.0,-2.0,-70.0
1777892249.9383323,3.0,-2.0,-70.0
1777892249.9483323,0.0,-6.0,-68.0
1777892249.9583323,0.0,-4.0,-70.0
1777892249.9683323,5.0,2.0,-59.0
1777892249.9783323,4.0,3.0,-60.0
1777892249.9883325,4.0,0.0,-66.0
1777892249.9983325,2.0,-1.0,-69.0
1777892250.0083325,6.0,1.0,-67.0
1777892250.0183325,8.0,-1.0,-64.0
1777892250.0283325,10.0,-2.0,-62.0
1777892250.0383325,7.0,-4.0,-70.0
1777892250.0483325,6.0,-3.0,-76.0
1777892250.0583324,6.0,-9.0,-79.0
1777892250.0683324,8.0,-7.0,-78.0
1777892250.0783324,8.0,-8.0,-76.0
1777892250.0883324,9.0,-7.0,-81.0
1777892250.0983324,4.0,-2.0,-76.0
1777892250.1083324,4.0,0.0,-65.0
1777892250.1183324,3.0,-3.0,-68.0
1777892250.1283324,3.0,-3.0,-69.0
1777892250.1383324,4.0,0.0,-72.0
1777892250.1483324,3.0,1.0,-73.0
1777892250.1583323,1.0,2.0,-74.0
1777892250.1683323,-1.0,6.0,-75.0
1777892250.1783323,0.0,5.0,-74.0
1777892250.1883323,-2.0,7.0,-74.0
1777892250.1983323,-2.0,6.0,-76.0
1777892250.2083323,-4.0,4.0,-76.0
1777892250.2183323,-2.0,1.0,-75.0
1777892250.2283323,0.0,2.0,-80.0
1777892250.2383325,4.0,1.0,-77.0
1777892250.2483325,1.0,-1.0,-77.0
1777892250.2583325,2.0,-3.0,-77.0
1777892250.2683325,3.0,-1.0,-80.0
1777892250.2783325,4.0,1.0,-80.0
1777892250.2883325,2.0,0.0,-82.0
1777892250.2983325,0.0,-3.0,-75.0
1777892250.3083324,-3.0,0.0,-85.0
1777892250.3183324,-5.0,0.0,-86.0
1777892250.3283324,-4.0,-5.0,-88.0
1777892250.3383324,-2.0,-9.0,-84.0
1777892250.3483324,-3.0,-7.0,-80.0
1777892250.3583324,2.0,-7.0,-77.0
1777892250.3683324,3.0,-3.0,-72.0
1777892250.3783324,3.0,-4.0,-74.0
1777892250.3883324,0.0,-5.0,-74.0
1777892250.3983324,-4.0,-4.0,-71.0
1777892250.4083323,-2.0,-3.0,-70.0
1777892250.4183323,3.0,-4.0,-65.0
1777892250.4283323,3.0,-5.0,-72.0
1777892250.4383323,5.0,-7.0,-75.0
1777892250.4483323,2.0,-8.0,-76.0
1777892250.4583323,6.0,-7.0,-78.0
1777892250.4683323,9.0,-7.0,-71.0
1777892250.4783323,3.0,-3.0,-77.0
1777892250.4883325,2.0,-4.0,-71.0
1777892250.4983325,-4.0,-2.0,-68.0
1777892250.5083325,-8.0,-5.0,-72.0
1777892250.5183325,-3.0,-5.0,-70.0
1777892250.5283325,1.0,-7.0,-67.0
1777892250.5383325,3.0,-6.0,-63.0
1777892250.5483325,5.0,0.0,-61.0
1777892250.5583324,-1.0,-2.0,-61.0
1777892250.5683324,-1.0,-3.0,-62.0
1777892250.5783324,-3.0,-3.0,-66.0
1777892250.5883324,-4.0,-3.0,-67.0
1777892250.5983324,0.0,0.0,-68.0
1777892250.6083324,2.0,-2.0,-67.0
1777892250.6183324,4.0,0.0,-71.0
1777892250.6283324,6.0,0.0,-66.0
1777892250.6383324,5.0,-1.0,-68.0
1777892250.6483324,5.0,-6.0,-73.0
1777892250.6583323,4.0,-3.0,-70.0
1777892250.6683323,3.0,-8.0,-73.0
1777892250.6783323,10.0,-6.0,-67.0
1777892250.6883323,6.0,-3.0,-68.0
1777892250.6983323,3.0,1.0,-61.0
1777892250.7083323,2.0,-1.0,-60.0
1777892250.7183323,4.0,-2.0,-66.0
1777892250.7283323,8.0,-1.0,-72.0
1777892250.7383325,8.0,0.0,-69.0
1777892250.7483325,11.0,1.0,-75.0
1777892250.7583325,9.0,0.0,-76.0
1777892250.7683325,3.0,1.0,-72.0
1777892250.7783325,1.0,5.0,-73.0
1777892250.7883325,3.0,3.0,-77.0
1777892250.7983325,2.0,0.0,-76.0
1777892250.8083324,1.0,0.0,-73.0
1777892250.8183324,2.0,-4.0,-71.0
1777892250.8283324,4.0,-6.0,-69.0
1777892250.8383324,4.0,-6.0,-73.0
1777892250.8483324,0.0,-8.0,-75.0
1777892250.8583324,-1.0,-6.0,-76.0
1777892250.8683324,-2.0,-8.0,-76.0
1777892250.8783324,-2.0,-10.0,-82.0
1777892250.8883324,-6.0,-5.0,-78.0
1777892250.8983324,-6.0,-5.0,-76.0
1777892250.9083323,-1.0,-1.0,-77.0
1777892250.9183323,-5.0,0.0,-71.0
1777892250.9283323,-9.0,0.0,-70.0
1777892250.9383323,-8.0,0.0,-73.0
1777892250.9483323,-5.0,0.0,-77.0
1777892250.9583323,-5.0,-1.0,-72.0
1777892250.9683323,-1.0,0.0,-73.0
1777892250.9783323,2.0,0.0,-82.0
1777892250.9883325,6.0,0.0,-77.0
1777892250.9983325,7.0,0.0,-83.0
1777892251.0083325,3.0,0.0,-81.0
1777892251.0183325,-1.0,-1.0,-86.0
1777892251.0283325,-4.0,3.0,-84.0
1777892251.0383325,-5.0,3.0,-84.0
1777892251.0483325,-5.0,1.0,-76.0
1777892251.0583324,-6.0,-1.0,-74.0
1777892251.0683324,-5.0,2.0,-70.0
1777892251.0793324,-2.0,2.0,-69.0
1777892251.0893323,-3.0,-2.0,-72.0
1777892251.0993323,-5.0,-2.0,-75.0
1777892251.1093323,-3.0,0.0,-79.0
1777892251.1193323,0.0,2.0,-76.0
1777892251.1293323,-1.0,0.0,-68.0
1777892251.1393323,-2.0,0.0,-66.0
1777892251.1493323,0.0,3.0,-60.0
1777892251.1593325,-1.0,-2.0,-65.0
1777892251.1693325,-6.0,-2.0,-67.0
1777892251.1793325,-7.0,-3.0,-71.0
1777892251.1893325,-11.0,0.0,-68.0
1777892251.1993325,-6.0,0.0,-66.0
1777892251.2093325,-1.0,1.0,-70.0
1777892251.2193325,-3.0,2.0,-72.0
1777892251.2293324,-3.0,0.0,-70.0
1777892251.2393324,2.0,0.0,-72.0
1777892251.2493324,5.0,3.0,-67.0
1777892251.2593324,7.0,2.0,-72.0
1777892251.2693324,10.0,0.0,-70.0
1777892251.2793324,9.0,0.0,-73.0
1777892251.2893324,5.0,0.0,-80.0
1777892251.2993324,2.0,-1.0,-78.0
1777892251.3093324,6.0,1.0,-75.0
1777892251.3193324,7.0,3.0,-75.0
1777892251.3293324,4.0,7.0,-71.0
1777892251.3393323,5.0,3.0,-72.0
1777892251.3493323,9.0,0.0,-71.0
1777892251.3593323,5.0,3.0,-73.0
1777892251.3693323,6.0,0.0,-68.0
1777892251.3793323,9.0,-3.0,-66.0
1777892251.3893323,6.0,-7.0,-70.0
1777892251.3993323,3.0,-2.0,-67.0
1777892251.4093325,4.0,1.0,-74.0
1777892251.4193325,-1.0,0.0,-79.0
1777892251.4293325,-3.0,-1.0,-80.0
1777892251.4393325,-6.0,-6.0,-84.0
1777892251.4493325,-2.0,-7.0,-89.0
1777892251.4593325,-2.0,-9.0,-88.0
1777892251.4693325,-2.0,-7.0,-81.0
1777892251.4793324,1.0,-7.0,-81.0
1777892251.4893324,3.0,-8.0,-77.0
1777892251.4993324,5.0,-5.0,-79.0
1777892251.5093324,6.0,-6.0,-77.0
1777892251.5193324,2.0,-6.0,-76.0
1777892251.5293324,-1.0,-3.0,-69.0
1777892251.5393324,-3.0,-5.0,-73.0
1777892251.5493324,-4.0,-5.0,-67.0
1777892251.5593324,-4.0,-2.0,-69.0
1777892251.5693324,-4.0,0.0,-71.0
1777892251.5793324,-2.0,-3.0,-67.0
1777892251.5893323,0.0,-5.0,-68.0
1777892251.5993323,0.0,2.0,-61.0
1777892251.6093323,0.0,2.0,-64.0
1777892251.6193323,2.0,2.0,-63.0
1777892251.6293323,0.0,2.0,-67.0
1777892251.6393323,0.0,0.0,-66.0
1777892251.6493323,0.0,-3.0,-73.0
1777892251.6593325,4.0,-1.0,-80.0
1777892251.6693325,5.0,-1.0,-73.0
1777892251.6793325,0.0,-2.0,-70.0
1777892251.6893325,-2.0,-2.0,-71.0
1777892251.6993325,-3.0,-6.0,-72.0
1777892251.7093325,0.0,-3.0,-74.0
1777892251.7193325,3.0,-4.0,-76.0
1777892251.7293324,3.0,-3.0,-75.0
1777892251.7393324,0.0,-4.0,-76.0
1777892251.7493324,-3.0,0.0,-78.0
1777892251.7593324,0.0,-2.0,-82.0
1777892251.7693324,-3.0,0.0,-76.0
1777892251.7793324,-3.0,2.0,-73.0
1777892251.7893324,-2.0,0.0,-69.0
1777892251.7993324,0.0,1.0,-65.0
1777892251.8093324,2.0,-2.0,-60.0
1777892251.8193324,1.0,-3.0,-55.0
1777892251.8293324,1.0,-5.0,-58.0
1777892251.8393323,0.0,-3.0,-61.0
1777892251.8493323,1.0,-5.0,-65.0
1777892251.8593323,-1.0,-2.0,-64.0
1777892251.8693323,0.0,0.0,-71.0
1777892251.8793323,0.0,1.0,-72.0
1777892251.8893323,-2.0,2.0,-76.0
1777892251.8993323,-5.0,0.0,-73.0
1777892251.9093325,-7.0,0.0,-81.0
1777892251.9193325,-8.0,1.0,-82.0
1777892251.9293325,-3.0,3.0,-75.0
1777892251.9393325,1.0,4.0,-67.0
1777892251.9493325,0.0,3.0,-61.0
1777892251.9593325,-6.0,1.0,-63.0
1777892251.9693325,-4.0,0.0,-70.0
1777892251.9793324,-2.0,-1.0,-79.0
1777892251.9893324,-1.0,-3.0,-72.0
1777892251.9993324,-3.0,-4.0,-68.0
1777892252.0093324,-3.0,-7.0,-68.0
1777892252.0193324,-3.0,-7.0,-69.0
1777892252.0293324,-3.0,-4.0,-69.0
1777892252.0393324,-3.0,-6.0,-70.0
1777892252.0493324,-1.0,-7.0,-69.0
1777892252.0593324,3.0,-6.0,-76.0
1777892252.0693324,3.0,-6.0,-72.0
1777892252.0793324,4.0,-8.0,-66.0
1777892252.0893323,1.0,-8.0,-66.0
1777892252.0993323,0.0,-4.0,-65.0
1777892252.1093323,0.0,-6.0,-65.0
1777892252.1193323,0.0,-4.0,-69.0
1777892252.1293323,-4.0,-1.0,-79.0
1777892252.1393323,-3.0,-3.0,-79.0
1777892252.1493323,-3.0,-1.0,-78.0
1777892252.1593325,1.0,-4.0,-76.0
1777892252.1693325,1.0,-4.0,-73.0
1777892252.1793325,2.0,-5.0,-76.0
1777892252.1893325,3.0,-5.0,-74.0
1777892252.1993325,0.0,-4.0,-71.0
1777892252.2093325,0.0,-8.0,-69.0
1777892252.2193325,0.0,-10.0,-64.0
1777892252.2293324,-3.0,-8.0,-67.0
1777892252.2393324,0.0,-3.0,-67.0
1777892252.2493324,0.0,0.0,-65.0
1777892252.2593324,3.0,0.0,-66.0
1777892252.2693324,9.0,1.0,-66.0
1777892252.2793324,5.0,1.0,-70.0
1777892252.2893324,0.0,5.0,-71.0
1777892252.2993324,1.0,3.0,-66.0
1777892252.3093324,1.0,2.0,-69.0
1777892252.3193324,5.0,0.0,-68.0
1777892252.3293324,6.0,-3.0,-70.0
1777892252.3393323,9.0,-5.0,-69.0
1777892252.3493323,12.0,-10.0,-67.0
1777892252.3593323,7.0,-6.0,-68.0
1777892252.3693323,2.0,-3.0,-65.0
1777892252.3793323,3.0,-3.0,-70.0
1777892252.3893323,0.0,-1.0,-64.0
1777892252.3993323,-2.0,2.0,-61.0
1777892252.4093325,0.0,2.0,-63.0
1777892252.4193325,0.0,0.0,-66.0
1777892252.4293325,-1.0,1.0,-70.0
1777892252.4393325,0.0,3.0,-70.0
1777892252.4493325,0.0,0.0,-68.0
1777892252.4593325,-1.0,2.0,-63.0
1777892252.4693325,-2.0,2.0,-61.0
1777892252.4793324,0.0,0.0,-62.0
1777892252.4893324,-3.0,-6.0,-62.0
1777892252.4993324,0.0,-9.0,-59.0
1777892252.5093324,2.0,-8.0,-67.0
1777892252.5193324,7.0,-4.0,-68.0
1777892252.5293324,6.0,0.0,-65.0
1777892252.5393324,2.0,1.0,-60.0
1777892252.5493324,0.0,1.0,-55.0
1777892252.5593324,-1.0,-1.0,-59.0
1777892252.5693324,0.0,3.0,-59.0
1777892252.5793324,0.0,2.0,-61.0
1777892252.5893323,0.0,7.0,-58.0
1777892252.5993323,2.0,4.0,-63.0
1777892252.6093323,0.0,4.0,-66.0
1777892252.6193323,3.0,4.0,-73.0
1777892252.6293323,0.0,1.0,-71.0
1777892252.6393323,-1.0,2.0,-74.0
1777892252.6493323,0.0,3.0,-72.0
1777892252.6593325,3.0,4.0,-74.0
1777892252.6693325,10.0,0.0,-68.0
1777892252.6793325,8.0,2.0,-65.0
1777892252.6893325,2.0,0.0,-60.0
1777892252.6993325,3.0,2.0,-62.0
1777892252.7093325,2.0,4.0,-61.0
1777892252.7193325,2.0,3.0,-56.0
1777892252.7293324,2.0,2.0,-57.0
1777892252.7393324,1.0,3.0,-52.0
1777892252.7493324,4.0,2.0,-63.0
1777892252.7593324,7.0,0.0,-65.0
1777892252.7693324,4.0,-3.0,-67.0
1777892252.7793324,4.0,-1.0,-65.0
1777892252.7893324,3.0,-5.0,-67.0
1777892252.7993324,6.0,-7.0,-69.0
1777892252.8093324,6.0,-3.0,-64.0
1777892252.8193324,2.0,-3.0,-62.0
1777892252.8293324,2.0,-3.0,-68.0
1777892252.8393323,3.0,-2.0,-68.0
1777892252.8493323,3.0,-1.0,-75.0
1777892252.8593323,4.0,-2.0,-79.0
1777892252.8693323,5.0,-4.0,-69.0
1777892252.8793323,4.0,-6.0,-68.0
1777892252.8893323,4.0,-6.0,-69.0
1777892252.8993323,0.0,-4.0,-71.0
1777892252.9093325,4.0,2.0,-65.0
1777892252.9193325,3.0,1.0,-62.0
1777892252.9293325,5.0,-1.0,-72.0
1777892252.9393325,2.0,-3.0,-77.0
1777892252.9493325,5.0,-3.0,-71.0
1777892252.9593325,6.0,-2.0,-67.0
1777892252.9693325,5.0,-7.0,-67.0
1777892252.9793324,5.0,-5.0,-71.0
1777892252.9893324,5.0,-6.0,-69.0
1777892252.9993324,0.0,-7.0,-71.0
1777892253.0093324,-1.0,-7.0,-68.0
1777892253.0193324,4.0,-7.0,-72.0
1777892253.0303323,9.0,-8.0,-81.0
1777892253.0403323,10.0,-6.0,-68.0
1777892253.0493324,7.0,-2.0,-70.0
1777892253.0593324,6.0,-5.0,-74.0
1777892253.0693324,4.0,-7.0,-75.0
1777892253.0803325,4.0,-6.0,-74.0
1777892253.0903325,3.0,-8.0,-75.0
1777892253.1003325,9.0,-13.0,-73.0
1777892253.1103325,11.0,-11.0,-78.0
1777892253.1203325,11.0,-3.0,-75.0
1777892253.1303325,12.0,-4.0,-77.0
1777892253.1403325,8.0,-3.0,-71.0
1777892253.1503325,7.0,-4.0,-70.0
1777892253.1603324,5.0,-5.0,-69.0
1777892253.1703324,3.0,0.0,-74.0
1777892253.1803324,4.0,1.0,-77.0
1777892253.1903324,1.0,2.0,-78.0
1777892253.2003324,1.0,-1.0,-73.0
1777892253.2103324,1.0,-2.0,-66.0
1777892253.2203324,1.0,-4.0,-69.0
1777892253.2303324,-4.0,-2.0,-67.0
1777892253.2403324,0.0,-3.0,-64.0
1777892253.2503324,6.0,-4.0,-60.0
1777892253.2603323,4.0,-5.0,-65.0
1777892253.2703323,4.0,2.0,-68.0
1777892253.2803323,3.0,2.0,-65.0
1777892253.2903323,-1.0,1.0,-71.0
1777892253.3003323,0.0,0.0,-67.0
1777892253.3103323,4.0,0.0,-68.0
1777892253.3203323,1.0,-1.0,-64.0
1777892253.3303325,3.0,-1.0,-66.0
1777892253.3403325,5.0,0.0,-67.0
1777892253.3503325,3.0,0.0,-66.0
1777892253.3603325,8.0,-3.0,-70.0
1777892253.3703325,8.0,-4.0,-70.0
1777892253.3803325,1.0,0.0,-71.0
1777892253.3903325,0.0,-3.0,-71.0
1777892253.4003325,0.0,-3.0,-72.0
1777892253.4103324,3.0,-2.0,-71.0
1777892253.4203324,6.0,-2.0,-66.0
1777892253.4303324,4.0,0.0,-64.0
1777892253.4403324,0.0,-2.0,-60.0
1777892253.4503324,2.0,-2.0,-67.0
1777892253.4603324,0.0,-3.0,-71.0
1777892253.4703324,3.0,-1.0,-70.0
1777892253.4803324,1.0,-3.0,-65.0
1777892253.4903324,-1.0,-1.0,-61.0
1777892253.5003324,1.0,0.0,-60.0
1777892253.5103323,2.0,-3.0,-64.0
1777892253.5203323,0.0,-1.0,-70.0
1777892253.5303323,-3.0,3.0,-66.0
1777892253.5403323,-5.0,2.0,-74.0
1777892253.5503323,-6.0,1.0,-71.0
1777892253.5603323,-5.0,5.0,-72.0
1777892253.5703323,-2.0,6.0,-75.0
1777892253.5803325,-2.0,5.0,-77.0
1777892253.5903325,-3.0,1.0,-83.0
1777892253.6003325,-4.0,0.0,-81.0
1777892253.6103325,-2.0,-1.0,-78.0
1777892253.6203325,-5.0,0.0,-76.0
1777892253.6303325,-2.0,0.0,-76.0
1777892253.6403325,-8.0,-2.0,-72.0
1777892253.6503325,-4.0,-8.0,-76.0
1777892253.6603324,-1.0,-6.0,-70.0
1777892253.6703324,1.0,-8.0,-68.0
1777892253.6803324,4.0,-8.0,-64.0
1777892253.6903324,2.0,-2.0,-66.0
1777892253.7003324,0.0,-1.0,-61.0
1777892253.7103324,3.0,0.0,-65.0
1777892253.7203324,4.0,0.0,-68.0
1777892253.7303324,1.0,0.0,-67.0
1777892253.7403324,2.0,-2.0,-64.0
1777892253.7503324,1.0,-4.0,-67.0
1777892253.7603323,0.0,0.0,-70.0
1777892253.7703323,-1.0,-3.0,-69.0
1777892253.7803323,0.0,-1.0,-71.0
1777892253.7903323,2.0,-3.0,-66.0
1777892253.8003323,2.0,-7.0,-61.0
1777892253.8103323,-1.0,-9.0,-69.0
1777892253.8203323,-3.0,-3.0,-77.0
1777892253.8303325,-9.0,-5.0,-78.0
1777892253.8403325,-11.0,-3.0,-74.0
1777892253.8503325,-10.0,-2.0,-76.0
1777892253.8603325,-8.0,0.0,-76.0
1777892253.8703325,-8.0,-2.0,-75.0
1777892253.8803325,-12.0,-2.0,-78.0
1777892253.8903325,-7.0,-3.0,-78.0
1777892253.9003325,0.0,-3.0,-84.0
1777892253.9103324,-2.0,-9.0,-76.0
1777892253.9203324,-2.0,-7.0,-74.0
1777892253.9303324,3.0,-3.0,-74.0
1777892253.9403324,3.0,-1.0,-80.0
1777892253.9503324,4.0,0.0,-79.0
1777892253.9603324,2.0,-1.0,-79.0
1777892253.9703324,-1.0,0.0,-82.0
1777892253.9803324,-3.0,0.0,-81.0
1777892253.9903324,-1.0,-2.0,-75.0
1777892254.0003324,-2.0,-1.0,-75.0
1777892254.0103323,3.0,0.0,-76.0
1777892254.0203323,1.0,-1.0,-72.0
1777892254.0303323,2.0,-1.0,-72.0
1777892254.0403323,1.0,-4.0,-79.0
1777892254.0503323,2.0,-6.0,-80.0
1777892254.0603323,1.0,-8.0,-86.0
1777892254.0703323,2.0,-7.0,-81.0
1777892254.0803325,7.0,-3.0,-83.0
1777892254.0903325,6.0,-3.0,-79.0
1777892254.1003325,0.0,-4.0,-77.0
1777892254.1103325,-7.0,-5.0,-76.0
1777892254.1203325,-5.0,-4.0,-76.0
1777892254.1303325,-2.0,-3.0,-75.0
1777892254.1403325,-4.0,-2.0,-74.0
1777892254.1503325,-3.0,-6.0,-70.0
1777892254.1603324,0.0,-8.0,-70.0
1777892254.1703324,5.0,-8.0,-71.0
1777892254.1803324,4.0,-7.0,-69.0
1777892254.1903324,1.0,-12.0,-71.0
1777892254.2003324,3.0,-8.0,-73.0
1777892254.2103324,2.0,-10.0,-65.0
1777892254.2203324,-3.0,-11.0,-63.0
1777892254.2303324,-1.0,-8.0,-69.0
1777892254.2403324,-2.0,-7.0,-71.0
1777892254.2503324,-3.0,-6.0,-71.0
1777892254.2603323,0.0,-4.0,-67.0
1777892254.2703323,0.0,-6.0,-69.0
1777892254.2803323,0.0,-5.0,-76.0
1777892254.2903323,3.0,-3.0,-75.0
1777892254.3003323,3.0,-4.0,-75.0
1777892254.3103323,0.0,-4.0,-77.0
1777892254.3203323,0.0,0.0,-76.0
1777892254.3303325,-2.0,-2.0,-68.0
1777892254.3403325,-3.0,-8.0,-64.0
1777892254.3503325,0.0,-8.0,-69.0
1777892254.3603325,-3.0,-8.0,-74.0
1777892254.3703325,-1.0,-11.0,-79.0
1777892254.3803325,1.0,-7.0,-82.0
1777892254.3903325,7.0,-7.0,-84.0
1777892254.4003325,7.0,-3.0,-78.0
1777892254.4103324,4.0,-4.0,-71.0
1777892254.4203324,0.0,-4.0,-79.0
1777892254.4303324,-1.0,-3.0,-77.0
1777892254.4403324,0.0,-6.0,-74.0
1777892254.4503324,0.0,-11.0,-74.0
1777892254.4603324,-1.0,-7.0,-71.0
1777892254.4703324,-2.0,-4.0,-72.0
1777892254.4803324,-2.0,-3.0,-76.0
1777892254.4903324,-2.0,-5.0,-79.0
1777892254.5003324,-3.0,-3.0,-70.0
1777892254.5103323,-2.0,-6.0,-69.0
1777892254.5203323,4.0,-5.0,-76.0
1777892254.5303323,3.0,-6.0,-67.0
1777892254.5403323,3.0,-9.0,-63.0
1777892254.5503323,-1.0,-10.0,-70.0
1777892254.5603323,-2.0,-9.0,-70.0
1777892254.5703323,2.0,-8.0,-68.0
1777892254.5803325,-2.0,-11.0,-67.0
1777892254.5903325,-1.0,-9.0,-73.0
1777892254.6003325,0.0,-9.0,-76.0
1777892254.6103325,-4.0,-4.0,-76.0
1777892254.6203325,-5.0,-4.0,-79.0
1777892254.6303325,-2.0,-1.0,-77.0
1777892254.6403325,0.0,1.0,-79.0
1777892254.6503325,1.0,2.0,-70.0
1777892254.6603324,-2.0,4.0,-72.0
1777892254.6703324,-5.0,7.0,-70.0
1777892254.6803324,-8.0,6.0,-72.0
1777892254.6903324,-7.0,4.0,-74.0
1777892254.7003324,-8.0,2.0,-66.0
1777892254.7103324,-8.0,0.0,-66.0
1777892254.7203324,-3.0,-4.0,-76.0
1777892254.7303324,-2.0,-6.0,-72.0
1777892254.7403324,-2.0,-6.0,-70.0
1777892254.7503324,0.0,-10.0,-65.0
1777892254.7603323,2.0,-9.0,-68.0
1777892254.7703323,-1.0,-5.0,-70.0
1777892254.7803323,-3.0,-4.0,-72.0
1777892254.7903323,-3.0,-7.0,-76.0
1777892254.8003323,-5.0,-9.0,-73.0
1777892254.8103323,-8.0,-9.0,-72.0
1777892254.8203323,-5.0,-9.0,-77.0
1777892254.8303325,-8.0,-9.0,-68.0
1777892254.8403325,-9.0,-8.0,-63.0
1777892254.8503325,-8.0,-5.0,-73.0
1777892254.8603325,-3.0,-6.0,-76.0
1777892254.8703325,1.0,-4.0,-76.0
1777892254.8803325,2.0,-1.0,-76.0
1777892254.8903325,0.0,0.0,-69.0
1777892254.9003325,1.0,3.0,-67.0
1777892254.9103324,1.0,2.0,-65.0
1777892254.9203324,0.0,1.0,-68.0
1777892254.9303324,0.0,2.0,-69.0
1777892254.9403324,6.0,0.0,-72.0
1777892254.9503324,4.0,3.0,-74.0
1777892254.9603324,1.0,1.0,-76.0
1777892254.9703324,0.0,-2.0,-77.0
1777892254.9803324,-1.0,-4.0,-76.0
1777892254.9903324,1.0,-5.0,-73.0
1777892255.0003324,0.0,-4.0,-69.0
1777892255.0103323,-2.0,-6.0,-71.0
1777892255.0203323,-4.0,-7.0,-73.0
1777892255.0303323,-6.0,-7.0,-70.0
1777892255.0403323,-3.0,-10.0,-67.0
1777892255.0503323,1.0,-9.0,-65.0
1777892255.0603323,2.0,-4.0,-68.0
1777892255.0713325,3.0,-3.0,-63.0
1777892255.0813324,2.0,-3.0,-60.0
1777892255.0913324,1.0,-2.0,-66.0
1777892255.1013324,0.0,-1.0,-71.0
1777892255.1113324,1.0,2.0,-66.0
1777892255.1213324,-1.0,6.0,-62.0
1777892255.1313324,-1.0,3.0,-73.0
1777892255.1413324,-2.0,2.0,-74.0
1777892255.1513324,0.0,0.0,-71.0
1777892255.1613324,0.0,0.0,-67.0
1777892255.1713324,-2.0,0.0,-65.0
1777892255.1813323,0.0,3.0,-64.0
1777892255.1913323,0.0,0.0,-67.0
1777892255.2013323,2.0,0.0,-68.0
1777892255.2113323,1.0,-1.0,-71.0
1777892255.2213323,2.0,-1.0,-67.0
1777892255.2313323,3.0,5.0,-63.0
1777892255.2413323,2.0,10.0,-64.0
1777892255.2513323,0.0,5.0,-63.0
1777892255.2613325,4.0,3.0,-67.0
1777892255.2713325,4.0,0.0,-65.0
1777892255.2813325,6.0,-3.0,-73.0
1777892255.2913325,4.0,-6.0,-69.0
1777892255.3013325,7.0,-3.0,-65.0
1777892255.3113325,5.0,-1.0,-68.0
1777892255.3213325,7.0,-2.0,-69.0
1777892255.3313324,8.0,-5.0,-72.0
1777892255.3413324,6.0,-5.0,-65.0
1777892255.3513324,6.0,-3.0,-71.0
1777892255.3613324,12.0,-2.0,-71.0
1777892255.3713324,10.0,-1.0,-70.0
1777892255.3813324,8.0,-1.0,-70.0
1777892255.3913324,8.0,2.0,-72.0
1777892255.4013324,3.0,1.0,-74.0
1777892255.4113324,4.0,1.0,-70.0
1777892255.4213324,5.0,0.0,-68.0
1777892255.4313323,3.0,0.0,-71.0
1777892255.4413323,-1.0,0.0,-66.0
1777892255.4513323,-2.0,0.0,-69.0
1777892255.4613323,0.0,-4.0,-71.0
1777892255.4713323,2.0,-2.0,-75.0
1777892255.4813323,0.0,-2.0,-76.0
1777892255.4913323,1.0,1.0,-71.0
1777892255.5013323,2.0,-1.0,-72.0
1777892255.5113325,2.0,0.0,-69.0
1777892255.5213325,1.0,-1.0,-72.0
1777892255.5313325,-2.0,0.0,-75.0
1777892255.5413325,-1.0,2.0,-81.0
1777892255.5513325,0.0,0.0,-79.0
1777892255.5613325,2.0,1.0,-72.0
1777892255.5713325,1.0,0.0,-71.0
1777892255.5813324,2.0,-3.0,-76.0
1777892255.5913324,1.0,-3.0,-74.0
1777892255.6013324,-1.0,0.0,-74.0
1777892255.6113324,0.0,-1.0,-73.0
1777892255.6213324,0.0,-5.0,-78.0
1777892255.6313324,0.0,-4.0,-80.0
1777892255.6413324,-8.0,-1.0,-79.0
1777892255.6513324,-1.0,-6.0,-74.0
1777892255.6613324,3.0,-6.0,-70.0
1777892255.6713324,6.0,-9.0,-72.0
1777892255.6813323,2.0,-10.0,-74.0
1777892255.6913323,5.0,-9.0,-81.0
1777892255.7013323,1.0,-8.0,-79.0
1777892255.7113323,-2.0,-11.0,-77.0
1777892255.7213323,0.0,-4.0,-73.0
1777892255.7313323,2.0,-7.0,-75.0
1777892255.7413323,4.0,-3.0,-78.0
1777892255.7513323,2.0,0.0,-67.0
1777892255.7613325,-1.0,1.0,-61.0
1777892255.7713325,1.0,0.0,-66.0
1777892255.7813325,2.0,5.0,-73.0
1777892255.7913325,0.0,0.0,-66.0
1777892255.8013325,-4.0,-5.0,-72.0
1777892255.8113325,-1.0,-9.0,-77.0
1777892255.8213325,1.0,-7.0,-75.0
1777892255.8313324,1.0,-4.0,-77.0
1777892255.8413324,2.0,-8.0,-74.0
1777892255.8513324,2.0,-6.0,-71.0
1777892255.8613324,1.0,-5.0,-67.0
1777892255.8713324,6.0,-5.0,-65.0
1777892255.8813324,1.0,-4.0,-63.0
1777892255.8913324,-1.0,-1.0,-67.0
1777892255.9013324,-5.0,-4.0,-74.0
1777892255.9113324,-4.0,-5.0,-65.0
1777892255.9213324,-1.0,-3.0,-66.0
1777892255.9313323,0.0,2.0,-67.0
1777892255.9413323,-2.0,4.0,-68.0
1777892255.9513323,-3.0,7.0,-69.0
1777892255.9613323,-3.0,5.0,-70.0
1777892255.9713323,-2.0,0.0,-72.0
1777892255.9813323,-3.0,0.0,-69.0
1777892255.9913323,-4.0,-1.0,-63.0
1777892256.0013323,-4.0,2.0,-60.0
1777892256.0113325,-8.0,1.0,-60.0
1777892256.0213325,-7.0,0.0,-71.0
1777892256.0313325,-5.0,-1.0,-70.0
1777892256.0413325,1.0,-3.0,-70.0
1777892256.0513325,0.0,-3.0,-70.0
1777892256.0613325,0.0,-5.0,-68.0
1777892256.0713325,0.0,-4.0,-79.0
1777892256.0813324,4.0,-2.0,-75.0
1777892256.0913324,3.0,0.0,-69.0
1777892256.1013324,2.0,0.0,-65.0
1777892256.1113324,2.0,1.0,-65.0
1777892256.1213324,3.0,-1.0,-65.0
1777892256.1313324,0.0,-3.0,-65.0
1777892256.1413324,1.0,-2.0,-74.0
1777892256.1513324,2.0,0.0,-80.0
1777892256.1613324,0.0,-1.0,-81.0
1777892256.1713324,-2.0,0.0,-85.0
1777892256.1813323,1.0,2.0,-84.0
1777892256.1913323,5.0,0.0,-78.0
1777892256.2013323,7.0,0.0,-74.0
1777892256.2113323,4.0,-4.0,-71.0
1777892256.2213323,0.0,-7.0,-67.0
1777892256.2313323,-1.0,-7.0,-62.0
1777892256.2413323,4.0,-4.0,-64.0
1777892256.2513323,4.0,-1.0,-72.0
1777892256.2613325,7.0,-1.0,-75.0
1777892256.2713325,9.0,1.0,-70.0
1777892256.2813325,12.0,0.0,-73.0
1777892256.2913325,8.0,0.0,-70.0
1777892256.3013325,4.0,0.0,-60.0
1777892256.3113325,3.0,-4.0,-56.0
1777892256.3213325,0.0,-1.0,-56.0
1777892256.3313324,4.0,2.0,-56.0
1777892256.3413324,2.0,1.0,-59.0
1777892256.3513324,0.0,5.0,-60.0
1777892256.3613324,-2.0,5.0,-60.0
1777892256.3713324,1.0,3.0,-68.0
1777892256.3813324,-1.0,4.0,-70.0
1777892256.3913324,1.0,2.0,-77.0
1777892256.4013324,1.0,3.0,-81.0
1777892256.4113324,-3.0,0.0,-76.0
1777892256.4213324,0.0,-1.0,-75.0
1777892256.4313323,0.0,-3.0,-73.0
1777892256.4413323,-5.0,-3.0,-67.0
1777892256.4513323,-4.0,-3.0,-64.0
1777892256.4613323,-4.0,0.0,-64.0
1777892256.4713323,-3.0,2.0,-64.0
1777892256.4813323,-1.0,1.0,-66.0
1777892256.4913323,-1.0,-3.0,-61.0
1777892256.5013323,0.0,-6.0,-73.0
1777892256.5113325,-1.0,-3.0,-81.0
1777892256.5213325,0.0,-4.0,-82.0
1777892256.5313325,0.0,-4.0,-79.0
1777892256.5413325,-1.0,2.0,-81.0
1777892256.5513325,-1.0,3.0,-86.0
1777892256.5613325,4.0,-1.0,-79.0
1777892256.5713325,5.0,-1.0,-80.0
1777892256.5813324,2.0,-3.0,-76.0
1777892256.5913324,2.0,-3.0,-73.0
1777892256.6013324,6.0,2.0,-61.0
1777892256.6113324,2.0,0.0,-56.0
1777892256.6213324,-1.0,1.0,-60.0
1777892256.6313324,-3.0,-5.0,-59.0
1777892256.6413324,-6.0,-4.0,-55.0
1777892256.6513324,-5.0,-1.0,-58.0
1777892256.6613324,-5.0,-1.0,-57.0
1777892256.6713324,-2.0,0.0,-54.0
1777892256.6813323,-1.0,-1.0,-62.0
1777892256.6913323,-2.0,-2.0,-63.0
1777892256.7013323,-2.0,3.0,-60.0
1777892256.7113323,1.0,7.0,-67.0
1777892256.7213323,2.0,4.0,-67.0
1777892256.7313323,3.0,-2.0,-68.0
1777892256.7413323,0.0,-1.0,-73.0
1777892256.7513323,-1.0,-2.0,-70.0
1777892256.7613325,6.0,-1.0,-70.0
1777892256.7713325,5.0,-4.0,-71.0
1777892256.7813325,8.0,-4.0,-64.0
1777892256.7913325,6.0,-4.0,-67.0
1777892256.8013325,-1.0,0.0,-70.0
1777892256.8113325,-1.0,1.0,-71.0
1777892256.8213325,0.0,4.0,-69.0
1777892256.8313324,0.0,5.0,-59.0
1777892256.8413324,0.0,6.0,-63.0
1777892256.8513324,2.0,5.0,-62.0
1777892256.8613324,-1.0,3.0,-67.0
1777892256.8713324,0.0,5.0,-71.0
1777892256.8813324,0.0,0.0,-67.0
1777892256.8913324,0.0,-4.0,-75.0
1777892256.9013324,-5.0,-3.0,-77.0
1777892256.9113324,-4.0,-2.0,-73.0
1777892256.9213324,-2.0,-3.0,-72.0
1777892256.9313323,-1.0,-5.0,-74.0
1777892256.9413323,0.0,0.0,-71.0
1777892256.9513323,1.0,0.0,-64.0
1777892256.9613323,1.0,-2.0,-68.0
1777892256.9713323,3.0,0.0,-60.0
1777892256.9813323,6.0,-3.0,-66.0
1777892256.9913323,5.0,-5.0,-66.0
1777892257.0013323,0.0,-4.0,-66.0
1777892257.0113325,-3.0,0.0,-64.0
1777892257.0213325,-3.0,1.0,-63.0
1777892257.0323324,0.0,0.0,-66.0
1777892257.0423324,-1.0,0.0,-69.0
1777892257.0523324,-1.0,-1.0,-75.0
1777892257.0623324,5.0,0.0,-75.0
1777892257.0723324,7.0,-5.0,-75.0
1777892257.0823324,3.0,-7.0,-68.0
1777892257.0923324,4.0,-2.0,-67.0
1777892257.1023324,2.0,-4.0,-71.0
1777892257.1123323,5.0,-4.0,-70.0
1777892257.1223323,3.0,-5.0,-72.0
1777892257.1323323,1.0,-9.0,-76.0
1777892257.1423323,-3.0,-9.0,-81.0
1777892257.1523323,-4.0,-9.0,-81.0
1777892257.1623323,-7.0,-12.0,-81.0
1777892257.1723323,-8.0,-11.0,-79.0
1777892257.1823325,-3.0,-9.0,-80.0
1777892257.1923325,0.0,-3.0,-87.0
1777892257.2023325,1.0,-2.0,-79.0
1777892257.2123325,3.0,-3.0,-78.0
1777892257.2223325,4.0,-4.0,-77.0
1777892257.2323325,-1.0,-5.0,-76.0
1777892257.2423325,-2.0,-1.0,-74.0
1777892257.2523324,-3.0,-4.0,-74.0
1777892257.2623324,1.0,-2.0,-79.0
1777892257.2723324,2.0,-2.0,-71.0
1777892257.2823324,2.0,-4.0,-73.0
1777892257.2923324,3.0,-5.0,-76.0
1777892257.3023324,3.0,-7.0,-78.0
1777892257.3123324,6.0,-6.0,-74.0
1777892257.3223324,5.0,-6.0,-79.0
1777892257.3323324,6.0,-4.0,-83.0
1777892257.3423324,6.0,-3.0,-80.0
1777892257.3523324,4.0,-2.0,-81.0
1777892257.3623323,4.0,0.0,-82.0
1777892257.3723323,6.0,-1.0,-75.0
1777892257.3823323,5.0,0.0,-73.0
1777892257.3923323,2.0,-2.0,-84.0
1777892257.4023323,3.0,-4.0,-76.0
1777892257.4123323,-1.0,-4.0,-75.0
1777892257.4223323,-4.0,-4.0,-78.0
1777892257.4323325,-5.0,-5.0,-70.0
1777892257.4423325,-3.0,-4.0,-72.0
1777892257.4523325,-3.0,-2.0,-69.0
1777892257.4623325,-3.0,-5.0,-67.0
1777892257.4723325,-3.0,-3.0,-63.0
1777892257.4823325,-3.0,-1.0,-69.0
1777892257.4923325,-3.0,0.0,-69.0
1777892257.5023324,-7.0,0.0,-66.0
1777892257.5123324,-3.0,0.0,-61.0
1777892257.5223324,-3.0,0.0,-65.0
1777892257.5323324,3.0,0.0,-65.0
1777892257.5423324,0.0,1.0,-68.0
1777892257.5523324,-1.0,3.0,-70.0
1777892257.5623324,-1.0,1.0,-69.0
1777892257.5723324,1.0,0.0,-69.0
1777892257.5823324,0.0,0.0,-67.0
1777892257.5923324,2.0,4.0,-73.0
1777892257.6023324,0.0,3.0,-74.0
1777892257.6123323,0.0,5.0,-65.0
1777892257.6223323,-1.0,4.0,-64.0
1777892257.6323323,-4.0,0.0,-67.0
1777892257.6423323,-2.0,-2.0,-65.0
1777892257.6523323,0.0,-3.0,-62.0
1777892257.6623323,0.0,-3.0,-55.0
1777892257.6723323,-4.0,0.0,-50.0
1777892257.6823325,-2.0,-1.0,-53.0
1777892257.6923325,-1.0,-4.0,-59.0
1777892257.7023325,-4.0,-7.0,-57.0
1777892257.7123325,-3.0,-5.0,-60.0
1777892257.7223325,-6.0,0.0,-67.0
1777892257.7323325,-8.0,2.0,-73.0
1777892257.7423325,-2.0,-1.0,-74.0
1777892257.7523324,0.0,0.0,-72.0
1777892257.7623324,0.0,0.0,-78.0
1777892257.7723324,4.0,0.0,-76.0
1777892257.7823324,4.0,-4.0,-78.0
1777892257.7923324,13.0,-4.0,-76.0
1777892257.8023324,14.0,-3.0,-73.0
1777892257.8123324,12.0,-1.0,-74.0
1777892257.8223324,12.0,0.0,-79.0
1777892257.8323324,9.0,0.0,-72.0
1777892257.8423324,10.0,-3.0,-74.0
1777892257.8523324,7.0,-2.0,-70.0
1777892257.8623323,9.0,-1.0,-72.0
1777892257.8723323,4.0,-3.0,-71.0
1777892257.8823323,1.0,-7.0,-71.0
1777892257.8923323,5.0,-6.0,-72.0
1777892257.9023323,8.0,-3.0,-71.0
1777892257.9123323,3.0,-5.0,-68.0
1777892257.9223323,0.0,-5.0,-63.0
1777892257.9323325,2.0,-6.0,-64.0
1777892257.9423325,-1.0,-4.0,-62.0
1777892257.9523325,2.0,-6.0,-67.0
1777892257.9623325,7.0,-8.0,-71.0
1777892257.9723325,10.0,-6.0,-70.0
1777892257.9823325,9.0,-5.0,-65.0
1777892257.9923325,6.0,-4.0,-64.0
1777892258.0023324,5.0,-8.0,-69.0
1777892258.0123324,4.0,-5.0,-66.0
1777892258.0223324,2.0,-2.0,-59.0
1777892258.0323324,4.0,-4.0,-63.0
1777892258.0423324,0.0,-4.0,-65.0
1777892258.0523324,-1.0,1.0,-67.0
1777892258.0623324,0.0,3.0,-62.0
1777892258.0723324,4.0,1.0,-70.0
1777892258.0823324,4.0,4.0,-70.0
1777892258.0923324,2.0,6.0,-63.0
1777892258.1023324,0.0,5.0,-60.0
1777892258.1123323,0.0,4.0,-61.0
1777892258.1223323,0.0,0.0,-60.0
1777892258.1323323,-2.0,1.0,-60.0
1777892258.1423323,-4.0,2.0,-63.0
1777892258.1523323,-1.0,1.0,-62.0
1777892258.1623323,2.0,-2.0,-69.0
1777892258.1723323,4.0,-3.0,-68.0
1777892258.1823325,2.0,0.0,-67.0
1777892258.1923325,0.0,-2.0,-70.0
1777892258.2023325,2.0,-2.0,-74.0
1777892258.2123325,0.0,-1.0,-72.0
1777892258.2223325,0.0,0.0,-66.0
1777892258.2323325,1.0,1.0,-70.0
1777892258.2423325,4.0,0.0,-68.0
1777892258.2523324,7.0,2.0,-63.0
1777892258.2623324,6.0,2.0,-68.0
1777892258.2723324,1.0,-3.0,-64.0
1777892258.2823324,-3.0,-1.0,-67.0
1777892258.2923324,-1.0,0.0,-74.0
1777892258.3023324,-2.0,-1.0,-70.0
1777892258.3123324,-3.0,-3.0,-66.0
1777892258.3223324,-2.0,-4.0,-60.0
1777892258.3323324,1.0,-2.0,-62.0
1777892258.3423324,-1.0,-5.0,-64.0
1777892258.3523324,-3.0,-12.0,-67.0
1777892258.3623323,-2.0,-7.0,-69.0
1777892258.3723323,0.0,-7.0,-74.0
1777892258.3823323,7.0,-8.0,-72.0
1777892258.3923323,11.0,-9.0,-69.0
1777892258.4023323,11.0,-10.0,-67.0
1777892258.4123323,10.0,-10.0,-66.0
1777892258.4223323,0.0,-11.0,-66.0
1777892258.4323325,0.0,-8.0,-64.0
1777892258.4423325,0.0,-5.0,-70.0
1777892258.4523325,1.0,-5.0,-73.0
1777892258.4623325,-1.0,-6.0,-70.0
1777892258.4723325,-4.0,-5.0,-73.0
1777892258.4823325,-3.0,-1.0,-61.0
1777892258.4923325,0.0,-1.0,-58.0
1777892258.5023324,0.0,0.0,-59.0
1777892258.5123324,2.0,-5.0,-66.0
1777892258.5223324,0.0,-4.0,-70.0
1777892258.5323324,-2.0,-3.0,-78.0
1777892258.5423324,-3.0,-2.0,-83.0
1777892258.5523324,-5.0,-2.0,-80.0
1777892258.5623324,-8.0,-2.0,-81.0
1777892258.5723324,-6.0,-4.0,-85.0
1777892258.5823324,-4.0,-2.0,-78.0
1777892258.5923324,-6.0,0.0,-82.0
1777892258.6023324,-3.0,-1.0,-86.0
1777892258.6123323,0.0,-1.0,-85.0
1777892258.6223323,0.0,2.0,-90.0
1777892258.6323323,-2.0,4.0,-80.0
1777892258.6423323,2.0,5.0,-76.0
1777892258.6523323,1.0,2.0,-74.0
1777892258.6623323,4.0,-1.0,-71.0
1777892258.6723323,6.0,4.0,-75.0
1777892258.6823325,6.0,5.0,-75.0
1777892258.6923325,5.0,2.0,-74.0
1777892258.7023325,5.0,-2.0,-79.0
1777892258.7133324,0.0,-2.0,-82.0
1777892258.7223325,-3.0,-6.0,-79.0
1777892258.7323325,-6.0,-7.0,-76.0
1777892258.7423325,-7.0,-4.0,-77.0
1777892258.7523324,-5.0,-4.0,-77.0
1777892258.7623324,-1.0,-4.0,-71.0
1777892258.7723324,2.0,-4.0,-74.0
1777892258.7823324,1.0,-6.0,-74.0
1777892258.7923324,3.0,-5.0,-74.0
1777892258.8023324,5.0,-5.0,-74.0
1777892258.8123324,3.0,-3.0,-82.0
1777892258.8223324,0.0,0.0,-76.0
1777892258.8323324,-2.0,-5.0,-74.0
1777892258.8423324,1.0,-8.0,-76.0
1777892258.8523324,5.0,-10.0,-71.0
1777892258.8623323,9.0,-8.0,-72.0
1777892258.8723323,9.0,-6.0,-74.0
1777892258.8823323,4.0,-6.0,-76.0
1777892258.8923323,1.0,-7.0,-78.0
1777892258.9023323,3.0,-3.0,-87.0
1777892258.9123323,1.0,-5.0,-85.0
1777892258.9223323,-1.0,-6.0,-87.0
1777892258.9323325,-4.0,-6.0,-84.0
1777892258.9423325,-1.0,-9.0,-77.0
1777892258.9523325,0.0,-5.0,-71.0
1777892258.9623325,3.0,-11.0,-70.0
1777892258.9723325,2.0,-9.0,-73.0
1777892258.9823325,0.0,-7.0,-72.0
1777892258.9923325,-2.0,-7.0,-72.0
1777892259.0023324,0.0,-6.0,-65.0
1777892259.0123324,5.0,-2.0,-73.0
1777892259.0223324,6.0,-3.0,-76.0
1777892259.0323324,1.0,-4.0,-76.0
1777892259.0433323,4.0,-2.0,-80.0
1777892259.0533323,4.0,-3.0,-76.0
1777892259.0633323,1.0,-5.0,-77.0
1777892259.0733323,-2.0,-1.0,-76.0
1777892259.0833323,1.0,0.0,-68.0
1777892259.0933323,-1.0,-2.0,-69.0
1777892259.1033323,-2.0,-2.0,-64.0
1777892259.1133325,-5.0,-5.0,-72.0
1777892259.1233325,-3.0,-6.0,-72.0
1777892259.1333325,1.0,-2.0,-80.0
1777892259.1433325,2.0,3.0,-72.0
1777892259.1533325,0.0,5.0,-68.0
1777892259.1633325,-1.0,4.0,-70.0
1777892259.1733325,-3.0,5.0,-75.0
1777892259.1833324,2.0,6.0,-70.0
1777892259.1933324,6.0,8.0,-74.0
1777892259.2033324,7.0,6.0,-78.0
1777892259.2133324,1.0,9.0,-75.0
1777892259.2233324,0.0,12.0,-74.0
1777892259.2333324,0.0,7.0,-75.0
1777892259.2433324,0.0,10.0,-75.0
1777892259.2533324,4.0,10.0,-78.0
1777892259.2633324,3.0,8.0,-70.0
1777892259.2733324,2.0,6.0,-67.0
1777892259.2833323,4.0,5.0,-71.0
1777892259.2933323,5.0,3.0,-72.0
1777892259.3033323,9.0,6.0,-73.0
1777892259.3133323,10.0,5.0,-72.0
1777892259.3233323,4.0,3.0,-76.0
1777892259.3333323,-1.0,5.0,-70.0
1777892259.3433323,-4.0,-2.0,-71.0
1777892259.3533323,-1.0,-4.0,-65.0
1777892259.3633325,0.0,-2.0,-68.0
1777892259.3733325,-2.0,-2.0,-72.0
1777892259.3833325,-4.0,-2.0,-74.0
1777892259.3933325,-2.0,-1.0,-76.0
1777892259.4033325,-3.0,-2.0,-70.0
1777892259.4133325,-3.0,-1.0,-73.0
1777892259.4233325,-3.0,-2.0,-77.0
1777892259.4333324,-3.0,-7.0,-80.0
1777892259.4433324,-4.0,-3.0,-74.0
1777892259.4533324,-5.0,-2.0,-72.0
1777892259.4633324,-2.0,-3.0,-65.0
1777892259.4733324,-3.0,-1.0,-65.0
1777892259.4833324,-6.0,-3.0,-67.0
1777892259.4933324,-4.0,-2.0,-72.0
1777892259.5033324,-1.0,-3.0,-73.0
1777892259.5133324,1.0,-1.0,-67.0
1777892259.5233324,1.0,0.0,-61.0
1777892259.5333323,-1.0,-2.0,-64.0
1777892259.5433323,0.0,0.0,-70.0
1777892259.5533323,0.0,0.0,-74.0
1777892259.5633323,-2.0,1.0,-75.0
1777892259.5733323,-4.0,-1.0,-74.0
1777892259.5833323,-2.0,-2.0,-68.0
1777892259.5933323,1.0,-3.0,-68.0
1777892259.6033323,4.0,-4.0,-70.0
1777892259.6133325,1.0,-2.0,-66.0
1777892259.6233325,-2.0,-5.0,-66.0
1777892259.6333325,1.0,-8.0,-69.0
1777892259.6433325,0.0,-5.0,-78.0
1777892259.6533325,0.0,-2.0,-76.0
1777892259.6633325,3.0,-4.0,-71.0
1777892259.6733325,1.0,-7.0,-74.0
1777892259.6833324,-1.0,-5.0,-81.0
1777892259.6933324,5.0,-6.0,-77.0
1777892259.7033324,1.0,-6.0,-74.0
1777892259.7133324,0.0,-5.0,-67.0
1777892259.7233324,3.0,-2.0,-70.0
1777892259.7333324,2.0,0.0,-71.0
1777892259.7433324,3.0,-2.0,-69.0
1777892259.7533324,4.0,2.0,-71.0
1777892259.7633324,4.0,1.0,-71.0
1777892259.7733324,0.0,1.0,-78.0
1777892259.7833323,-2.0,1.0,-72.0
1777892259.7933323,-1.0,-1.0,-63.0
1777892259.8033323,-1.0,-1.0,-68.0
1777892259.8133323,-4.0,0.0,-67.0
1777892259.8233323,-5.0,5.0,-73.0
1777892259.8333323,-3.0,6.0,-73.0
1777892259.8433323,-4.0,7.0,-72.0
1777892259.8533323,-2.0,5.0,-68.0
1777892259.8633325,3.0,4.0,-60.0
1777892259.8733325,7.0,3.0,-63.0
1777892259.8833325,5.0,-1.0,-66.0
1777892259.8933325,4.0,-1.0,-72.0
1777892259.9033325,1.0,1.0,-75.0
1777892259.9133325,0.0,1.0,-68.0
1777892259.9233325,2.0,-1.0,-64.0
1777892259.9333324,0.0,-1.0,-73.0
1777892259.9433324,7.0,0.0,-75.0
1777892259.9533324,11.0,-1.0,-76.0
1777892259.9633324,4.0,-1.0,-70.0
1777892259.9733324,4.0,-4.0,-65.0
1777892259.9833324,4.0,-4.0,-69.0
1777892259.9933324,2.0,-1.0,-73.0
1777892260.0033324,0.0,0.0,-69.0
1777892260.0133324,-1.0,-2.0,-66.0
1777892260.0233324,1.0,-6.0,-65.0
1777892260.0333323,0.0,-10.0,-69.0
1777892260.0433323,2.0,-12.0,-70.0
1777892260.0533323,0.0,-7.0,-79.0
1777892260.0633323,0.0,-4.0,-80.0
1777892260.0733323,2.0,-6.0,-77.0
1777892260.0833323,1.0,-5.0,-76.0
1777892260.0933323,1.0,-3.0,-73.0
1777892260.1033323,-2.0,-4.0,-76.0
1777892260.1133325,-1.0,-4.0,-77.0
1777892260.1233325,2.0,-9.0,-76.0
1777892260.1333325,3.0,-6.0,-76.0
1777892260.1433325,2.0,-8.0,-71.0
1777892260.1533325,0.0,-4.0,-63.0
1777892260.1633325,3.0,-1.0,-68.0
1777892260.1733325,6.0,1.0,-70.0
1777892260.1833324,1.0,2.0,-69.0
1777892260.1933324,2.0,2.0,-75.0
1777892260.2033324,1.0,-1.0,-71.0
1777892260.2133324,1.0,-1.0,-71.0
1777892260.2233324,3.0,-1.0,-76.0
1777892260.2333324,6.0,0.0,-75.0
1777892260.2433324,4.0,0.0,-75.0
1777892260.2533324,7.0,-3.0,-74.0
1777892260.2633324,6.0,-1.0,-78.0
1777892260.2733324,4.0,-1.0,-77.0
1777892260.2833323,4.0,0.0,-78.0
1777892260.2933323,5.0,0.0,-77.0
1777892260.3033323,2.0,1.0,-73.0
1777892260.3133323,0.0,0.0,-66.0
1777892260.3233323,-2.0,0.0,-68.0
1777892260.3333323,-4.0,-4.0,-66.0
1777892260.3433323,-2.0,-5.0,-63.0
1777892260.3533323,0.0,-2.0,-68.0
1777892260.3633325,1.0,-2.0,-73.0
1777892260.3733325,7.0,-4.0,-77.0
1777892260.3833325,12.0,-7.0,-71.0
1777892260.3933325,10.0,-7.0,-76.0
1777892260.4033325,8.0,-3.0,-79.0
1777892260.4133325,12.0,-4.0,-80.0
1777892260.4233325,9.0,-5.0,-77.0
1777892260.4333324,6.0,-3.0,-71.0
1777892260.4433324,6.0,-3.0,-67.0
1777892260.4533324,4.0,-2.0,-69.0
1777892260.4633324,0.0,-1.0,-61.0
1777892260.4733324,-1.0,-2.0,-59.0
1777892260.4833324,0.0,0.0,-63.0
1777892260.4933324,3.0,2.0,-66.0
1777892260.5033324,1.0,1.0,-64.0
1777892260.5133324,1.0,-1.0,-61.0
1777892260.5233324,1.0,-3.0,-63.0
1777892260.5333323,-1.0,-3.0,-70.0
1777892260.5433323,0.0,-3.0,-66.0
1777892260.5533323,-4.0,-9.0,-70.0
1777892260.5633323,-5.0,-10.0,-68.0
1777892260.5733323,-4.0,-7.0,-67.0
1777892260.5833323,-2.0,-8.0,-64.0
1777892260.5933323,0.0,-8.0,-56.0
1777892260.6033323,1.0,-3.0,-57.0
1777892260.6133325,-2.0,-4.0,-56.0
1777892260.6233325,0.0,-3.0,-61.0
1777892260.6333325,1.0,-8.0,-64.0
1777892260.6433325,-5.0,-8.0,-64.0
1777892260.6533325,-3.0,-8.0,-70.0
1777892260.6633325,0.0,-10.0,-68.0
1777892260.6733325,1.0,-8.0,-72.0
1777892260.6833324,-1.0,-7.0,-75.0
1777892260.6933324,-4.0,-5.0,-73.0
1777892260.7033324,-6.0,-5.0,-67.0
1777892260.7133324,-6.0,-4.0,-69.0
1777892260.7233324,-2.0,0.0,-71.0
1777892260.7333324,0.0,-4.0,-72.0
1777892260.7433324,0.0,0.0,-68.0
1777892260.7533324,2.0,0.0,-76.0
1777892260.7633324,1.0,-2.0,-77.0
1777892260.7733324,5.0,1.0,-76.0
1777892260.7833323,5.0,4.0,-74.0
1777892260.7933323,2.0,2.0,-70.0
1777892260.8033323,3.0,1.0,-68.0
1777892260.8133323,4.0,4.0,-68.0
1777892260.8233323,6.0,0.0,-74.0
1777892260.8333323,6.0,0.0,-72.0
1777892260.8433323,7.0,-4.0,-63.0
1777892260.8533323,6.0,-4.0,-64.0
1777892260.8633325,4.0,-4.0,-66.0
1777892260.8733325,2.0,-1.0,-73.0
1777892260.8833325,0.0,0.0,-74.0
1777892260.8933325,-1.0,1.0,-68.0
1777892260.9033325,-1.0,-1.0,-68.0
1777892260.9133325,3.0,-3.0,-65.0
1777892260.9233325,8.0,-3.0,-67.0
1777892260.9333324,5.0,-1.0,-65.0
1777892260.9433324,8.0,2.0,-66.0
1777892260.9533324,10.0,1.0,-68.0
1777892260.9633324,7.0,4.0,-68.0
1777892260.9733324,7.0,4.0,-73.0
1777892260.9833324,6.0,6.0,-78.0
1777892260.9933324,12.0,10.0,-77.0
1777892261.0033324,12.0,9.0,-77.0
1777892261.0143323,9.0,5.0,-75.0
1777892261.0243323,6.0,5.0,-76.0
1777892261.0343325,5.0,0.0,-77.0
1777892261.0433323,4.0,-1.0,-75.0
1777892261.0543325,6.0,0.0,-79.0
1777892261.0643325,4.0,-2.0,-81.0
1777892261.0743325,1.0,-4.0,-76.0
1777892261.0843325,3.0,-2.0,-69.0
1777892261.0943325,2.0,-5.0,-61.0
1777892261.1043324,-5.0,-3.0,-65.0
1777892261.1143324,-6.0,0.0,-70.0
1777892261.1243324,-2.0,1.0,-66.0
1777892261.1343324,7.0,0.0,-69.0
1777892261.1443324,5.0,-1.0,-73.0
1777892261.1543324,4.0,0.0,-72.0
1777892261.1643324,0.0,1.0,-68.0
1777892261.1743324,0.0,1.0,-66.0
1777892261.1843324,5.0,0.0,-62.0
1777892261.1943324,8.0,5.0,-71.0
1777892261.2043324,3.0,4.0,-76.0
1777892261.2143323,0.0,5.0,-83.0
1777892261.2243323,1.0,5.0,-79.0
1777892261.2343323,2.0,4.0,-79.0
1777892261.2443323,1.0,3.0,-82.0
1777892261.2543323,4.0,9.0,-81.0
1777892261.2643323,1.0,5.0,-73.0
1777892261.2743323,-2.0,1.0,-73.0
1777892261.2843325,-3.0,0.0,-67.0
1777892261.2943325,-2.0,2.0,-67.0
1777892261.3043325,0.0,1.0,-66.0
1777892261.3143325,3.0,0.0,-71.0
1777892261.3243325,0.0,5.0,-69.0
1777892261.3343325,0.0,4.0,-62.0
1777892261.3443325,2.0,0.0,-62.0
1777892261.3543324,4.0,0.0,-70.0
1777892261.3643324,5.0,0.0,-74.0
1777892261.3743324,1.0,0.0,-71.0
1777892261.3843324,0.0,-1.0,-74.0
1777892261.3943324,-3.0,-5.0,-75.0
1777892261.4043324,-1.0,-5.0,-75.0
1777892261.4143324,-2.0,-3.0,-83.0
1777892261.4243324,-1.0,-1.0,-80.0
1777892261.4343324,-2.0,-2.0,-76.0
1777892261.4443324,-1.0,-7.0,-77.0
1777892261.4543324,0.0,-10.0,-81.0
1777892261.4643323,1.0,-8.0,-78.0
1777892261.4743323,0.0,-7.0,-76.0
1777892261.4843323,6.0,-5.0,-75.0
1777892261.4943323,6.0,-5.0,-70.0
1777892261.5043323,1.0,-6.0,-61.0
1777892261.5143323,-1.0,-3.0,-61.0
1777892261.5243323,0.0,-5.0,-71.0
1777892261.5343325,3.0,-6.0,-75.0
1777892261.5443325,2.0,-3.0,-75.0
1777892261.5543325,-1.0,-4.0,-76.0
1777892261.5643325,1.0,-4.0,-73.0
1777892261.5743325,4.0,-2.0,-61.0
1777892261.5843325,2.0,-3.0,-62.0
1777892261.5943325,4.0,-3.0,-66.0
1777892261.6043324,7.0,-3.0,-63.0
1777892261.6143324,9.0,0.0,-63.0
1777892261.6243324,8.0,1.0,-66.0
1777892261.6343324,8.0,2.0,-68.0
1777892261.6443324,1.0,1.0,-68.0
1777892261.6543324,-1.0,3.0,-59.0
1777892261.6643324,-2.0,4.0,-56.0
1777892261.6743324,-4.0,-1.0,-59.0
1777892261.6843324,-7.0,-5.0,-56.0
1777892261.6943324,-1.0,-7.0,-57.0
1777892261.7043324,0.0,-4.0,-59.0
1777892261.7143323,2.0,-4.0,-57.0
1777892261.7243323,2.0,-5.0,-60.0
1777892261.7343323,4.0,-6.0,-70.0
1777892261.7443323,6.0,-5.0,-64.0
1777892261.7543323,7.0,-5.0,-66.0
1777892261.7643323,4.0,-3.0,-63.0
1777892261.7743323,1.0,-4.0,-65.0
1777892261.7853324,-2.0,-1.0,-73.0
1777892261.7943325,-2.0,-3.0,-66.0
1777892261.8043325,-2.0,-5.0,-62.0
1777892261.8143325,0.0,-5.0,-57.0
1777892261.8243325,0.0,-4.0,-57.0
1777892261.8343325,0.0,-4.0,-57.0
1777892261.8443325,0.0,-3.0,-62.0
1777892261.8543324,-5.0,-2.0,-67.0
1777892261.8643324,-4.0,-1.0,-64.0
1777892261.8743324,-3.0,1.0,-69.0
1777892261.8843324,-4.0,3.0,-67.0
1777892261.8943324,-5.0,3.0,-70.0
1777892261.9043324,-7.0,1.0,-78.0
1777892261.9143324,-7.0,4.0,-74.0
1777892261.9243324,-6.0,1.0,-76.0
1777892261.9343324,-3.0,0.0,-71.0
1777892261.9443324,-2.0,2.0,-66.0
1777892261.9543324,-3.0,6.0,-65.0
1777892261.9643323,-1.0,8.0,-69.0
1777892261.9743323,0.0,4.0,-71.0
1777892261.9843323,0.0,2.0,-73.0
1777892261.9943323,7.0,1.0,-76.0
1777892262.0043323,1.0,0.0,-74.0
1777892262.0143323,-1.0,-1.0,-76.0
1777892262.0243323,-4.0,-2.0,-74.0
1777892262.0343325,-9.0,-2.0,-77.0
1777892262.0443325,-7.0,-5.0,-78.0
1777892262.0543325,-11.0,-6.0,-83.0
1777892262.0643325,-11.0,0.0,-86.0
1777892262.0743325,-10.0,2.0,-83.0
1777892262.0843325,-8.0,3.0,-88.0
1777892262.0943325,-8.0,6.0,-91.0
1777892262.1043324,-9.0,6.0,-87.0
1777892262.1143324,-6.0,7.0,-83.0
1777892262.1243324,-1.0,9.0,-82.0
1777892262.1343324,0.0,6.0,-83.0
1777892262.1443324,-4.0,2.0,-75.0
1777892262.1543324,-3.0,0.0,-72.0
1777892262.1643324,2.0,-2.0,-67.0
1777892262.1743324,1.0,-3.0,-71.0
1777892262.1843324,2.0,-4.0,-67.0
1777892262.1943324,3.0,-4.0,-66.0
1777892262.2043324,6.0,-1.0,-67.0
1777892262.2143323,10.0,-4.0,-78.0
1777892262.2243323,7.0,-4.0,-75.0
1777892262.2343323,6.0,-3.0,-69.0
1777892262.2443323,3.0,-4.0,-65.0
1777892262.2543323,-1.0,0.0,-65.0
1777892262.2643323,0.0,0.0,-59.0
1777892262.2743323,2.0,1.0,-60.0
1777892262.2843325,-1.0,2.0,-62.0
1777892262.2943325,0.0,5.0,-65.0
1777892262.3043325,-3.0,6.0,-70.0
1777892262.3143325,-5.0,7.0,-72.0
1777892262.3243325,-3.0,3.0,-71.0
1777892262.3343325,0.0,2.0,-74.0
1777892262.3443325,0.0,-1.0,-77.0
1777892262.3543324,3.0,-1.0,-74.0
1777892262.3643324,2.0,1.0,-77.0
1777892262.3743324,5.0,3.0,-74.0
1777892262.3843324,0.0,-2.0,-74.0
1777892262.3943324,1.0,-4.0,-70.0
1777892262.4043324,-1.0,-4.0,-72.0
1777892262.4143324,-3.0,-7.0,-71.0
1777892262.4243324,-1.0,-8.0,-71.0
1777892262.4343324,3.0,-6.0,-71.0
1777892262.4443324,4.0,-2.0,-66.0
1777892262.4543324,2.0,-1.0,-69.0
1777892262.4643323,-1.0,-1.0,-70.0
1777892262.4743323,0.0,-4.0,-71.0
1777892262.4843323,-4.0,-3.0,-76.0
1777892262.4953325,-1.0,0.0,-84.0
1777892262.5043323,-1.0,-2.0,-85.0
1777892262.5143323,3.0,-1.0,-86.0
1777892262.5243323,4.0,-1.0,-82.0
1777892262.5343325,3.0,0.0,-87.0
1777892262.5443325,1.0,-4.0,-87.0
1777892262.5543325,0.0,-9.0,-84.0
1777892262.5643325,-1.0,-11.0,-79.0
1777892262.5743325,-1.0,-11.0,-78.0
1777892262.5843325,-2.0,-6.0,-75.0
1777892262.5943325,-4.0,0.0,-72.0
1777892262.6043324,2.0,-1.0,-74.0
1777892262.6143324,7.0,0.0,-71.0
1777892262.6243324,7.0,2.0,-67.0
1777892262.6343324,7.0,5.0,-65.0
1777892262.6443324,5.0,5.0,-67.0
1777892262.6543324,3.0,6.0,-64.0
1777892262.6643324,7.0,2.0,-65.0
1777892262.6743324,-1.0,0.0,-61.0
1777892262.6843324,1.0,2.0,-64.0
1777892262.6943324,2.0,5.0,-64.0
1777892262.7043324,3.0,4.0,-65.0
1777892262.7143323,2.0,3.0,-64.0
1777892262.7243323,-2.0,-4.0,-58.0
1777892262.7343323,0.0,-5.0,-62.0
1777892262.7443323,0.0,-6.0,-59.0
1777892262.7543323,1.0,-1.0,-55.0
1777892262.7643323,2.0,2.0,-57.0
1777892262.7743323,3.0,2.0,-63.0
1777892262.7843325,0.0,1.0,-62.0
1777892262.7943325,0.0,3.0,-58.0
1777892262.8043325,1.0,3.0,-60.0
1777892262.8143325,2.0,0.0,-63.0
1777892262.8243325,1.0,-1.0,-61.0
1777892262.8343325,2.0,3.0,-66.0
1777892262.8443325,2.0,0.0,-69.0
1777892262.8543324,7.0,-3.0,-65.0
1777892262.8643324,2.0,0.0,-61.0
1777892262.8743324,1.0,0.0,-61.0
1777892262.8843324,0.0,0.0,-62.0
1777892262.8943324,-1.0,-1.0,-68.0
1777892262.9043324,-1.0,-1.0,-74.0
1777892262.9143324,-1.0,0.0,-74.0
1777892262.9243324,-1.0,-1.0,-69.0
1777892262.9343324,7.0,0.0,-70.0
1777892262.9443324,1.0,0.0,-67.0
1777892262.9543324,2.0,0.0,-65.0
1777892262.9643323,1.0,-1.0,-68.0
1777892262.9743323,-1.0,-1.0,-71.0
1777892262.9853325,0.0,-1.0,-67.0
1777892262.9943323,0.0,0.0,-73.0
1777892263.0053325,1.0,0.0,-71.0
1777892263.0153325,-1.0,-3.0,-69.0
1777892263.0253325,-1.0,-2.0,-60.0
1777892263.0353324,-1.0,-3.0,-61.0
1777892263.0453324,0.0,-2.0,-59.0
1777892263.0553324,-2.0,-2.0,-61.0
1777892263.0653324,-1.0,-6.0,-65.0
1777892263.0753324,-1.0,-9.0,-68.0
1777892263.0853324,-2.0,-10.0,-66.0
1777892263.0953324,-3.0,-5.0,-66.0
1777892263.1053324,0.0,-11.0,-74.0
1777892263.1153324,0.0,-9.0,-74.0
1777892263.1253324,6.0,-6.0,-70.0
1777892263.1353323,8.0,-6.0,-69.0
1777892263.1453323,3.0,-5.0,-65.0
1777892263.1553323,5.0,-6.0,-62.0
1777892263.1653323,4.0,-8.0,-66.0
1777892263.1753323,3.0,-4.0,-64.0
1777892263.1853323,4.0,-3.0,-65.0
1777892263.1953323,7.0,-5.0,-65.0
1777892263.2053325,5.0,-7.0,-67.0
1777892263.2153325,1.0,-1.0,-69.0
1777892263.2253325,0.0,0.0,-73.0
1777892263.2353325,1.0,-1.0,-76.0
1777892263.2453325,3.0,0.0,-76.0
1777892263.2553325,1.0,-4.0,-75.0
1777892263.2653325,4.0,-1.0,-70.0
1777892263.2753325,5.0,-2.0,-73.0
1777892263.2853324,3.0,-8.0,-74.0
1777892263.2953324,4.0,-6.0,-61.0
1777892263.3053324,5.0,-8.0,-66.0
1777892263.3153324,3.0,-9.0,-70.0
1777892263.3253324,1.0,-11.0,-71.0
1777892263.3353324,6.0,-5.0,-71.0
1777892263.3453324,2.0,-7.0,-69.0
1777892263.3553324,6.0,-6.0,-64.0
1777892263.3653324,6.0,-3.0,-64.0
1777892263.3753324,0.0,-2.0,-65.0
1777892263.3853323,0.0,1.0,-63.0
1777892263.3953323,-1.0,4.0,-69.0
1777892263.4053323,-2.0,4.0,-69.0
1777892263.4153323,-3.0,2.0,-72.0
1777892263.4253323,1.0,3.0,-72.0
1777892263.4353323,-3.0,6.0,-79.0
1777892263.4453323,-3.0,0.0,-81.0
1777892263.4553325,2.0,-3.0,-67.0
1777892263.4653325,0.0,-1.0,-69.0
1777892263.4753325,2.0,0.0,-76.0
1777892263.4853325,7.0,-3.0,-78.0
1777892263.4953325,6.0,-10.0,-72.0
1777892263.5053325,6.0,-10.0,-70.0
1777892263.5153325,3.0,-7.0,-74.0
1777892263.5253325,3.0,-6.0,-73.0
1777892263.5353324,5.0,0.0,-69.0
1777892263.5453324,3.0,1.0,-67.0
1777892263.5553324,2.0,0.0,-67.0
1777892263.5653324,4.0,-3.0,-78.0
1777892263.5753324,0.0,-1.0,-79.0
1777892263.5853324,2.0,-1.0,-71.0
1777892263.5953324,4.0,0.0,-77.0
1777892263.6053324,7.0,-4.0,-77.0
1777892263.6153324,7.0,-7.0,-71.0
1777892263.6253324,4.0,-7.0,-70.0
1777892263.6353323,6.0,-5.0,-65.0
1777892263.6453323,6.0,-1.0,-66.0
1777892263.6553323,2.0,-4.0,-68.0
1777892263.6653323,0.0,-3.0,-64.0
1777892263.6753323,-2.0,-2.0,-69.0
1777892263.6853323,-4.0,0.0,-69.0
1777892263.6953323,-2.0,2.0,-67.0
1777892263.7053325,3.0,2.0,-67.0
1777892263.7153325,2.0,6.0,-64.0
1777892263.7253325,-1.0,11.0,-65.0
1777892263.7353325,-3.0,4.0,-65.0
1777892263.7453325,0.0,4.0,-73.0
1777892263.7553325,2.0,2.0,-66.0
1777892263.7653325,0.0,2.0,-67.0
1777892263.7753325,0.0,3.0,-69.0
1777892263.7853324,5.0,1.0,-68.0
1777892263.7953324,1.0,2.0,-65.0
1777892263.8053324,0.0,-1.0,-74.0
1777892263.8153324,1.0,-3.0,-70.0
1777892263.8253324,4.0,1.0,-69.0
1777892263.8353324,2.0,1.0,-71.0
1777892263.8453324,-3.0,-1.0,-67.0
1777892263.8553324,0.0,-4.0,-61.0
1777892263.8653324,1.0,-2.0,-65.0
1777892263.8753324,1.0,-2.0,-65.0
1777892263.8853323,0.0,2.0,-63.0
1777892263.8953323,0.0,5.0,-66.0
1777892263.9053323,-1.0,7.0,-63.0
1777892263.9153323,0.0,6.0,-63.0
1777892263.9253323,-2.0,4.0,-69.0
1777892263.9353323,-1.0,0.0,-61.0
1777892263.9453323,-1.0,-6.0,-54.0
1777892263.9553325,-2.0,-2.0,-50.0
1777892263.9653325,0.0,-5.0,-52.0
1777892263.9753325,0.0,-5.0,-55.0
1777892263.9853325,-1.0,-5.0,-62.0
1777892263.9953325,1.0,-1.0,-65.0
1777892264.0053325,3.0,1.0,-70.0
1777892264.0153325,1.0,-2.0,-73.0
1777892264.0253325,0.0,-4.0,-76.0
1777892264.0353324,1.0,-3.0,-75.0
1777892264.0453324,1.0,-3.0,-80.0
1777892264.0553324,1.0,-3.0,-75.0
1777892264.0653324,-2.0,-3.0,-75.0
1777892264.0753324,-2.0,-4.0,-72.0
1777892264.0853324,0.0,0.0,-72.0
1777892264.0953324,0.0,0.0,-69.0
1777892264.1053324,3.0,0.0,-68.0
1777892264.1153324,2.0,0.0,-73.0
1777892264.1253324,4.0,-2.0,-67.0
1777892264.1353323,-1.0,-2.0,-72.0
1777892264.1453323,0.0,-1.0,-72.0
1777892264.1553323,2.0,0.0,-66.0
1777892264.1653323,3.0,-2.0,-68.0
1777892264.1753323,1.0,-1.0,-74.0
1777892264.1853323,4.0,-1.0,-67.0
1777892264.1953323,3.0,0.0,-70.0
1777892264.2053325,2.0,1.0,-69.0
1777892264.2153325,6.0,0.0,-71.0
1777892264.2253325,1.0,5.0,-68.0
1777892264.2353325,3.0,3.0,-68.0
1777892264.2453325,7.0,2.0,-68.0
1777892264.2553325,3.0,5.0,-66.0
1777892264.2653325,4.0,2.0,-67.0
1777892264.2753325,4.0,2.0,-75.0
1777892264.2853324,2.0,0.0,-72.0
1777892264.2953324,2.0,0.0,-75.0
1777892264.3053324,2.0,-2.0,-79.0
1777892264.3153324,1.0,-3.0,-77.0
1777892264.3253324,3.0,-3.0,-80.0
1777892264.3353324,6.0,-3.0,-72.0
1777892264.3453324,6.0,-2.0,-65.0
1777892264.3553324,6.0,-4.0,-67.0
1777892264.3653324,3.0,-2.0,-66.0
1777892264.3753324,1.0,0.0,-68.0
1777892264.3853323,3.0,1.0,-66.0
1777892264.3953323,3.0,-6.0,-66.0
1777892264.4053323,5.0,-4.0,-68.0
1777892264.4153323,4.0,-2.0,-72.0
1777892264.4253323,3.0,-2.0,-69.0
1777892264.4353323,-2.0,-2.0,-68.0
1777892264.4453323,-3.0,-1.0,-73.0
1777892264.4553325,0.0,0.0,-74.0
1777892264.4653325,3.0,-3.0,-77.0
1777892264.4753325,-2.0,0.0,-80.0
1777892264.4853325,1.0,0.0,-77.0
1777892264.4953325,1.0,1.0,-73.0
1777892264.5053325,2.0,-1.0,-68.0
1777892264.5153325,0.0,-2.0,-68.0
1777892264.5253325,-2.0,-1.0,-67.0
1777892264.5353324,-3.0,-1.0,-70.0
1777892264.5453324,0.0,-1.0,-69.0
1777892264.5553324,3.0,0.0,-72.0
1777892264.5653324,7.0,1.0,-76.0
1777892264.5753324,5.0,3.0,-75.0
1777892264.5853324,3.0,2.0,-77.0
1777892264.5953324,4.0,3.0,-70.0
1777892264.6053324,1.0,2.0,-71.0
1777892264.6153324,-2.0,5.0,-77.0
1777892264.6253324,-2.0,4.0,-70.0
1777892264.6353323,-7.0,6.0,-67.0
1777892264.6453323,-3.0,1.0,-69.0
1777892264.6553323,2.0,-1.0,-64.0
1777892264.6653323,0.0,0.0,-67.0
1777892264.6753323,-2.0,2.0,-73.0
1777892264.6853323,-2.0,0.0,-77.0
1777892264.6953323,0.0,0.0,-69.0
1777892264.7053325,-2.0,-3.0,-68.0
1777892264.7153325,-4.0,-4.0,-64.0
1777892264.7253325,0.0,-3.0,-66.0
1777892264.7353325,7.0,-3.0,-71.0
1777892264.7453325,7.0,-1.0,-77.0
1777892264.7553325,5.0,0.0,-76.0
1777892264.7653325,1.0,0.0,-73.0
1777892264.7753325,0.0,-3.0,-71.0
1777892264.7853324,5.0,-2.0,-74.0
1777892264.7953324,6.0,-3.0,-72.0
1777892264.8053324,8.0,-3.0,-65.0
1777892264.8153324,8.0,-2.0,-64.0
1777892264.8253324,6.0,-4.0,-68.0
1777892264.8353324,7.0,-4.0,-69.0
1777892264.8453324,3.0,-3.0,-71.0
1777892264.8553324,4.0,-4.0,-69.0
1777892264.8653324,2.0,-1.0,-65.0
1777892264.8753324,1.0,0.0,-57.0
1777892264.8853323,-3.0,-4.0,-57.0
1777892264.8953323,-10.0,-4.0,-63.0
1777892264.9053323,-9.0,-5.0,-62.0
1777892264.9153323,-7.0,-4.0,-62.0
1777892264.9253323,-6.0,-5.0,-66.0
1777892264.9353323,-1.0,-4.0,-64.0
1777892264.9453323,-7.0,-6.0,-68.0
1777892264.9553325,-6.0,-4.0,-72.0
1777892264.9653325,-3.0,-3.0,-73.0
1777892264.9753325,-5.0,-2.0,-71.0
1777892264.9853325,-3.0,1.0,-76.0
1777892264.9963324,0.0,-1.0,-73.0
1777892265.0053325,3.0,-5.0,-76.0
1777892265.0163324,2.0,-7.0,-78.0
1777892265.0263324,2.0,-5.0,-79.0
1777892265.0363324,3.0,-5.0,-71.0
1777892265.0463324,6.0,-7.0,-78.0
1777892265.0563323,6.0,-5.0,-77.0
1777892265.0663323,5.0,-4.0,-77.0
1777892265.0763323,1.0,-2.0,-77.0
1777892265.0863323,0.0,-7.0,-72.0
1777892265.0963323,1.0,-8.0,-70.0
1777892265.1063323,2.0,-8.0,-68.0
1777892265.1163323,2.0,-10.0,-64.0
1777892265.1263323,3.0,-10.0,-69.0
1777892265.1363325,1.0,-8.0,-75.0
1777892265.1463325,0.0,-3.0,-74.0
1777892265.1563325,3.0,-5.0,-78.0
1777892265.1663325,2.0,-4.0,-69.0
1777892265.1763325,2.0,-4.0,-73.0
1777892265.1863325,2.0,0.0,-72.0
1777892265.1963325,-1.0,0.0,-70.0
1777892265.2063324,0.0,-1.0,-67.0
1777892265.2163324,1.0,-4.0,-66.0
1777892265.2263324,3.0,-3.0,-69.0
1777892265.2363324,0.0,1.0,-64.0
1777892265.2463324,2.0,1.0,-68.0
1777892265.2563324,-4.0,-1.0,-69.0
1777892265.2663324,-5.0,0.0,-69.0
1777892265.2763324,-4.0,0.0,-65.0
1777892265.2863324,-4.0,0.0,-67.0
1777892265.2963324,-4.0,0.0,-60.0
1777892265.3063323,-1.0,0.0,-61.0
1777892265.3163323,5.0,0.0,-66.0
1777892265.3263323,5.0,2.0,-69.0
1777892265.3363323,0.0,1.0,-71.0
1777892265.3463323,0.0,0.0,-71.0
1777892265.3563323,-2.0,2.0,-82.0
1777892265.3663323,-1.0,0.0,-82.0
1777892265.3763323,-4.0,-3.0,-80.0
1777892265.3863325,-1.0,-3.0,-76.0
1777892265.3963325,0.0,-2.0,-81.0
1777892265.4063325,-3.0,-1.0,-76.0
1777892265.4163325,-2.0,0.0,-73.0
1777892265.4263325,-7.0,2.0,-71.0
1777892265.4363325,-8.0,3.0,-71.0
1777892265.4463325,-5.0,1.0,-70.0
1777892265.4563324,0.0,6.0,-70.0
1777892265.4663324,-2.0,6.0,-70.0
1777892265.4763324,-7.0,6.0,-67.0
1777892265.4863324,-3.0,2.0,-69.0
1777892265.4963324,1.0,2.0,-69.0
1777892265.5063324,1.0,0.0,-75.0
1777892265.5163324,0.0,-2.0,-80.0
1777892265.5263324,0.0,-2.0,-82.0
1777892265.5363324,1.0,0.0,-81.0
1777892265.5463324,1.0,0.0,-71.0
1777892265.5563323,0.0,0.0,-75.0
1777892265.5663323,0.0,1.0,-81.0
1777892265.5763323,0.0,1.0,-82.0
1777892265.5863323,3.0,3.0,-83.0
1777892265.5963323,5.0,2.0,-80.0
1777892265.6063323,4.0,3.0,-81.0
1777892265.6163323,4.0,3.0,-78.0
1777892265.6263323,3.0,0.0,-82.0
1777892265.6363325,3.0,2.0,-79.0
1777892265.6463325,1.0,2.0,-78.0
1777892265.6563325,6.0,-1.0,-79.0
1777892265.6663325,4.0,0.0,-82.0
1777892265.6763325,5.0,1.0,-75.0
1777892265.6863325,6.0,0.0,-70.0
1777892265.6963325,2.0,1.0,-69.0
1777892265.7063324,0.0,1.0,-69.0
1777892265.7163324,-3.0,5.0,-66.0
1777892265.7263324,-3.0,3.0,-72.0
1777892265.7363324,-3.0,2.0,-77.0
1777892265.7463324,0.0,1.0,-81.0
1777892265.7563324,3.0,-1.0,-77.0
1777892265.7663324,0.0,-1.0,-80.0
1777892265.7763324,-4.0,2.0,-78.0
1777892265.7863324,-4.0,0.0,-82.0
1777892265.7963324,-4.0,1.0,-73.0
1777892265.8063323,-2.0,1.0,-74.0
1777892265.8163323,0.0,1.0,-77.0
1777892265.8263323,0.0,2.0,-77.0
1777892265.8363323,-1.0,7.0,-71.0
1777892265.8463323,-4.0,5.0,-72.0
1777892265.8563323,-6.0,6.0,-75.0
1777892265.8663323,-2.0,9.0,-76.0
1777892265.8763323,-1.0,9.0,-78.0
1777892265.8863325,2.0,8.0,-77.0
1777892265.8963325,0.0,9.0,-72.0
1777892265.9063325,-2.0,8.0,-70.0
1777892265.9163325,0.0,8.0,-73.0
1777892265.9263325,-1.0,8.0,-78.0
1777892265.9363325,2.0,6.0,-80.0
1777892265.9463325,3.0,4.0,-82.0
1777892265.9563324,3.0,1.0,-76.0
1777892265.9663324,2.0,2.0,-72.0
1777892265.9763324,3.0,0.0,-64.0
1777892265.9863324,4.0,0.0,-68.0
1777892265.9963324,1.0,-1.0,-70.0
1777892266.0063324,-2.0,-1.0,-78.0
1777892266.0163324,-2.0,0.0,-83.0
1777892266.0263324,-4.0,0.0,-78.0
1777892266.0363324,-4.0,-1.0,-79.0
1777892266.0463324,-1.0,-1.0,-75.0
1777892266.0563323,-1.0,3.0,-79.0
1777892266.0663323,0.0,0.0,-75.0
1777892266.0763323,0.0,3.0,-70.0
1777892266.0863323,-1.0,0.0,-69.0
1777892266.0963323,-5.0,1.0,-66.0
1777892266.1063323,-10.0,-2.0,-66.0
1777892266.1163323,-10.0,-6.0,-66.0
1777892266.1263323,-5.0,-6.0,-69.0
1777892266.1363325,-4.0,-5.0,-69.0
1777892266.1463325,0.0,0.0,-72.0
1777892266.1563325,2.0,-2.0,-71.0
1777892266.1663325,1.0,-3.0,-71.0
1777892266.1763325,4.0,-1.0,-72.0
1777892266.1863325,2.0,-5.0,-75.0
1777892266.1963325,1.0,-8.0,-69.0
1777892266.2063324,3.0,-4.0,-66.0
1777892266.2163324,1.0,-4.0,-72.0
1777892266.2263324,8.0,-5.0,-78.0
1777892266.2363324,8.0,-4.0,-70.0
1777892266.2463324,5.0,0.0,-69.0
1777892266.2563324,2.0,1.0,-69.0
1777892266.2663324,0.0,1.0,-62.0
1777892266.2763324,-1.0,1.0,-63.0
1777892266.2863324,-5.0,2.0,-67.0
1777892266.2963324,-6.0,1.0,-66.0
1777892266.3063323,-1.0,-2.0,-73.0
1777892266.3163323,-1.0,0.0,-68.0
1777892266.3263323,-1.0,4.0,-64.0
1777892266.3363323,-5.0,6.0,-63.0
1777892266.3463323,-5.0,4.0,-65.0
1777892266.3563323,-3.0,5.0,-59.0
1777892266.3663323,0.0,6.0,-52.0
1777892266.3763323,3.0,6.0,-54.0
1777892266.3863325,2.0,5.0,-61.0
1777892266.3963325,0.0,4.0,-67.0
1777892266.4063325,-1.0,6.0,-73.0
1777892266.4163325,-3.0,7.0,-66.0
1777892266.4263325,-2.0,5.0,-63.0
1777892266.4363325,0.0,8.0,-67.0
1777892266.4463325,0.0,7.0,-70.0
1777892266.4563324,-3.0,2.0,-71.0
1777892266.4663324,0.0,2.0,-64.0
1777892266.4763324,1.0,0.0,-63.0
1777892266.4863324,0.0,-6.0,-67.0
1777892266.4963324,3.0,-6.0,-67.0
1777892266.5073323,3.0,-1.0,-66.0
1777892266.5163324,4.0,-2.0,-64.0
1777892266.5263324,4.0,-3.0,-69.0
1777892266.5363324,0.0,-4.0,-68.0
1777892266.5463324,1.0,0.0,-68.0
1777892266.5563323,0.0,4.0,-79.0
1777892266.5663323,0.0,2.0,-83.0
1777892266.5763323,-1.0,0.0,-78.0
1777892266.5863323,-1.0,3.0,-78.0
1777892266.5963323,0.0,6.0,-73.0
1777892266.6063323,-1.0,3.0,-70.0
1777892266.6163323,-2.0,0.0,-63.0
1777892266.6263323,-8.0,0.0,-63.0
1777892266.6363325,-4.0,-4.0,-69.0
1777892266.6463325,-4.0,-1.0,-72.0
1777892266.6563325,-8.0,2.0,-69.0
1777892266.6663325,-8.0,3.0,-68.0
1777892266.6763325,-4.0,4.0,-77.0
1777892266.6863325,-1.0,5.0,-79.0
1777892266.6963325,1.0,1.0,-69.0
1777892266.7063324,0.0,1.0,-69.0
1777892266.7163324,0.0,4.0,-69.0
1777892266.7263324,-4.0,2.0,-68.0
1777892266.7363324,0.0,2.0,-69.0
1777892266.7463324,0.0,2.0,-69.0
1777892266.7563324,-2.0,5.0,-67.0
1777892266.7663324,-2.0,6.0,-71.0
1777892266.7763324,0.0,4.0,-73.0
1777892266.7863324,0.0,0.0,-72.0
1777892266.7963324,4.0,1.0,-71.0
1777892266.8063323,3.0,1.0,-69.0
1777892266.8163323,3.0,4.0,-69.0
1777892266.8263323,0.0,0.0,-75.0
1777892266.8363323,-4.0,-1.0,-82.0
1777892266.8463323,-4.0,-3.0,-84.0
1777892266.8563323,-2.0,-1.0,-79.0
1777892266.8663323,-2.0,0.0,-80.0
1777892266.8763323,-1.0,0.0,-79.0
1777892266.8863325,0.0,0.0,-70.0
1777892266.8963325,3.0,2.0,-69.0
1777892266.9063325,0.0,3.0,-77.0
1777892266.9163325,0.0,2.0,-81.0
1777892266.9263325,0.0,0.0,-82.0
1777892266.9363325,1.0,0.0,-79.0
1777892266.9463325,-1.0,1.0,-73.0
1777892266.9563324,-5.0,4.0,-71.0
1777892266.9663324,0.0,3.0,-70.0
1777892266.9773324,0.0,2.0,-66.0
1777892266.9863324,-5.0,4.0,-65.0
1777892266.9963324,-2.0,1.0,-64.0
1777892267.0073323,-4.0,-1.0,-70.0
1777892267.0173323,-6.0,0.0,-71.0
1777892267.0273323,-2.0,0.0,-77.0
1777892267.0373323,-4.0,0.0,-77.0
1777892267.0473323,0.0,0.0,-82.0
1777892267.0573325,0.0,3.0,-82.0
1777892267.0673325,0.0,2.0,-77.0
1777892267.0773325,-7.0,-1.0,-74.0
1777892267.0873325,-6.0,1.0,-78.0
1777892267.0973325,-7.0,2.0,-73.0
1777892267.1073325,-3.0,6.0,-72.0
1777892267.1173325,0.0,4.0,-75.0
1777892267.1273324,-2.0,9.0,-75.0
1777892267.1373324,-1.0,9.0,-72.0
1777892267.1473324,-2.0,12.0,-73.0
1777892267.1573324,-4.0,9.0,-77.0
1777892267.1673324,-2.0,4.0,-79.0
1777892267.1773324,-1.0,2.0,-73.0
1777892267.1873324,2.0,1.0,-73.0
1777892267.1973324,-1.0,2.0,-74.0
1777892267.2073324,-2.0,3.0,-69.0
1777892267.2173324,-3.0,3.0,-71.0
1777892267.2273324,-5.0,2.0,-78.0
1777892267.2373323,-6.0,0.0,-71.0
1777892267.2473323,-6.0,-1.0,-69.0
1777892267.2573323,-3.0,-1.0,-74.0
1777892267.2673323,0.0,3.0,-70.0
1777892267.2773323,-1.0,5.0,-66.0
1777892267.2873323,-3.0,3.0,-70.0
1777892267.2973323,-2.0,1.0,-72.0
1777892267.3073325,0.0,0.0,-78.0
1777892267.3173325,5.0,-2.0,-76.0
1777892267.3273325,8.0,-1.0,-75.0
1777892267.3373325,5.0,2.0,-70.0
1777892267.3473325,5.0,0.0,-66.0
1777892267.3573325,2.0,0.0,-66.0
1777892267.3673325,2.0,1.0,-70.0
1777892267.3773324,4.0,1.0,-70.0
1777892267.3873324,1.0,2.0,-65.0
1777892267.3973324,3.0,0.0,-68.0
1777892267.4073324,2.0,3.0,-70.0
1777892267.4173324,2.0,6.0,-72.0
1777892267.4273324,2.0,3.0,-67.0
1777892267.4373324,-1.0,1.0,-71.0
1777892267.4473324,3.0,3.0,-69.0
1777892267.4573324,3.0,1.0,-67.0
1777892267.4673324,0.0,3.0,-74.0
1777892267.4773324,0.0,0.0,-67.0
1777892267.4873323,1.0,0.0,-59.0
1777892267.4973323,1.0,-3.0,-64.0
1777892267.5073323,0.0,-3.0,-69.0
1777892267.5173323,2.0,-4.0,-67.0
1777892267.5273323,0.0,-6.0,-71.0
1777892267.5373323,2.0,-4.0,-71.0
1777892267.5473323,0.0,-5.0,-67.0
1777892267.5573325,0.0,-2.0,-62.0
1777892267.5673325,0.0,0.0,-65.0
1777892267.5773325,-4.0,-1.0,-68.0
1777892267.5873325,-5.0,1.0,-64.0
1777892267.5973325,-9.0,1.0,-61.0
1777892267.6073325,-9.0,0.0,-67.0
1777892267.6173325,-4.0,-1.0,-68.0
1777892267.6273324,-1.0,-5.0,-73.0
1777892267.6373324,0.0,-3.0,-69.0
1777892267.6473324,2.0,0.0,-73.0
1777892267.6573324,0.0,-2.0,-75.0
1777892267.6673324,0.0,-5.0,-62.0
1777892267.6773324,-8.0,-10.0,-63.0
1777892267.6873324,-8.0,-9.0,-62.0
1777892267.6973324,-3.0,-5.0,-64.0
1777892267.7073324,-4.0,-5.0,-70.0
1777892267.7173324,0.0,-3.0,-66.0
1777892267.7273324,0.0,-2.0,-66.0
1777892267.7373323,-4.0,-2.0,-62.0
1777892267.7473323,-4.0,-3.0,-65.0
1777892267.7573323,-1.0,0.0,-68.0
1777892267.7673323,-4.0,0.0,-66.0
1777892267.7773323,-5.0,1.0,-67.0
1777892267.7873323,-1.0,-2.0,-66.0
1777892267.7973323,0.0,-4.0,-70.0
1777892267.8073325,2.0,-2.0,-67.0
1777892267.8173325,3.0,-4.0,-67.0
1777892267.8273325,4.0,-6.0,-69.0
1777892267.8373325,2.0,-4.0,-69.0
1777892267.8473325,5.0,-7.0,-67.0
1777892267.8573325,5.0,-5.0,-67.0
1777892267.8673325,9.0,-8.0,-68.0
1777892267.8773324,9.0,-5.0,-65.0
1777892267.8873324,9.0,-7.0,-67.0
1777892267.8973324,6.0,-5.0,-70.0
1777892267.9073324,0.0,-5.0,-68.0
1777892267.9173324,1.0,-4.0,-77.0
1777892267.9273324,-1.0,-1.0,-74.0
1777892267.9373324,0.0,-2.0,-74.0
1777892267.9473324,-5.0,0.0,-71.0
1777892267.9573324,-1.0,0.0,-69.0
1777892267.9673324,-3.0,0.0,-65.0
1777892267.9773324,0.0,2.0,-64.0
1777892267.9873323,0.0,0.0,-68.0
1777892267.9973323,1.0,0.0,-73.0
1777892268.0073323,0.0,0.0,-67.0
1777892268.0173323,1.0,4.0,-67.0
1777892268.0273323,4.0,10.0,-60.0
1777892268.0373323,0.0,7.0,-62.0
1777892268.0473323,1.0,7.0,-62.0
1777892268.0573325,3.0,4.0,-65.0
1777892268.0673325,7.0,2.0,-68.0
1777892268.0773325,4.0,1.0,-69.0
1777892268.0873325,3.0,0.0,-71.0
1777892268.0973325,1.0,4.0,-70.0
1777892268.1073325,-2.0,2.0,-69.0
1777892268.1173325,-6.0,4.0,-68.0
1777892268.1273324,-9.0,2.0,-61.0
1777892268.1373324,-11.0,-1.0,-62.0
1777892268.1473324,-10.0,1.0,-68.0
1777892268.1573324,-7.0,0.0,-65.0
1777892268.1673324,-5.0,0.0,-61.0
1777892268.1773324,-3.0,1.0,-62.0
1777892268.1873324,0.0,1.0,-60.0
1777892268.1973324,5.0,3.0,-65.0
1777892268.2073324,1.0,3.0,-69.0
1777892268.2173324,1.0,3.0,-71.0
1777892268.2273324,3.0,2.0,-68.0
1777892268.2373323,8.0,3.0,-62.0
1777892268.2473323,8.0,4.0,-65.0
1777892268.2573323,7.0,5.0,-65.0
1777892268.2673323,4.0,8.0,-64.0
1777892268.2773323,6.0,4.0,-66.0
1777892268.2873323,2.0,1.0,-69.0
1777892268.2973323,4.0,0.0,-74.0
1777892268.3073325,8.0,2.0,-77.0
1777892268.3173325,2.0,3.0,-76.0
1777892268.3273325,3.0,2.0,-79.0
1777892268.3373325,2.0,1.0,-79.0
1777892268.3473325,0.0,-1.0,-75.0
1777892268.3573325,0.0,0.0,-72.0
1777892268.3673325,-4.0,-4.0,-70.0
1777892268.3773324,-4.0,-5.0,-70.0
1777892268.3873324,-5.0,-3.0,-71.0
1777892268.3973324,-1.0,-2.0,-76.0
1777892268.4073324,-2.0,-4.0,-78.0
1777892268.4173324,-1.0,-4.0,-77.0
1777892268.4273324,-4.0,-3.0,-73.0
1777892268.4373324,-2.0,-2.0,-75.0
1777892268.4473324,-2.0,-4.0,-78.0
1777892268.4573324,0.0,-1.0,-79.0
1777892268.4673324,1.0,-3.0,-78.0
1777892268.4773324,5.0,-6.0,-75.0
1777892268.4873323,6.0,-4.0,-71.0
1777892268.4973323,5.0,-3.0,-76.0
1777892268.5073323,1.0,0.0,-78.0
1777892268.5173323,4.0,-2.0,-78.0
1777892268.5273323,2.0,-1.0,-79.0
1777892268.5373323,6.0,-1.0,-82.0
1777892268.5473323,5.0,-2.0,-76.0
1777892268.5573325,2.0,-3.0,-72.0
1777892268.5673325,8.0,-5.0,-72.0
1777892268.5773325,7.0,-6.0,-71.0
1777892268.5873325,3.0,-7.0,-71.0
1777892268.5973325,8.0,-6.0,-74.0
1777892268.6073325,3.0,-6.0,-75.0
1777892268.6173325,0.0,0.0,-75.0
1777892268.6273324,-2.0,1.0,-74.0
1777892268.6373324,-2.0,1.0,-73.0
1777892268.6473324,-1.0,0.0,-71.0
1777892268.6573324,0.0,1.0,-66.0
1777892268.6673324,3.0,1.0,-64.0
1777892268.6773324,3.0,-1.0,-62.0
1777892268.6873324,0.0,-2.0,-66.0
1777892268.6973324,-2.0,-4.0,-68.0
1777892268.7073324,-3.0,3.0,-73.0
1777892268.7173324,1.0,3.0,-71.0
1777892268.7273324,0.0,2.0,-67.0
1777892268.7373323,6.0,0.0,-65.0
1777892268.7473323,1.0,0.0,-70.0
1777892268.7573323,0.0,-1.0,-69.0
1777892268.7673323,-1.0,0.0,-66.0
1777892268.7773323,0.0,-2.0,-69.0
1777892268.7873323,-1.0,-1.0,-66.0
1777892268.7973323,-1.0,0.0,-74.0
1777892268.8073325,-1.0,2.0,-71.0
1777892268.8173325,2.0,0.0,-70.0
1777892268.8273325,1.0,0.0,-69.0
1777892268.8373325,0.0,-1.0,-60.0
1777892268.8473325,-2.0,-3.0,-59.0
1777892268.8573325,-3.0,-2.0,-61.0
1777892268.8673325,-4.0,-5.0,-66.0
1777892268.8773324,0.0,-6.0,-70.0
1777892268.8873324,0.0,-7.0,-74.0
1777892268.8973324,-2.0,-3.0,-70.0
1777892268.9073324,0.0,-2.0,-63.0
1777892268.9173324,5.0,-4.0,-66.0
1777892268.9273324,7.0,-5.0,-62.0
1777892268.9373324,6.0,0.0,-66.0
1777892268.9483323,3.0,0.0,-72.0
1777892268.9573324,1.0,0.0,-72.0
1777892268.9683323,2.0,0.0,-73.0
1777892268.9773324,-2.0,1.0,-76.0
1777892268.9883325,-4.0,0.0,-72.0
1777892268.9983325,-2.0,0.0,-71.0
1777892269.0083325,-3.0,-2.0,-73.0
1777892269.0183325,0.0,-1.0,-74.0
1777892269.0283325,0.0,1.0,-79.0
1777892269.0383325,1.0,0.0,-77.0
1777892269.0483325,5.0,2.0,-76.0
1777892269.0583324,7.0,0.0,-74.0
1777892269.0683324,1.0,0.0,-68.0
1777892269.0783324,0.0,1.0,-63.0
1777892269.0883324,0.0,2.0,-70.0
1777892269.0983324,0.0,1.0,-74.0
1777892269.1083324,1.0,3.0,-79.0
1777892269.1183324,0.0,0.0,-86.0
1777892269.1283324,1.0,1.0,-87.0
1777892269.1383324,3.0,0.0,-81.0
1777892269.1483324,0.0,2.0,-75.0
1777892269.1583323,1.0,0.0,-78.0
1777892269.1683323,3.0,-4.0,-78.0
1777892269.1783323,2.0,-6.0,-80.0
1777892269.1883323,1.0,-7.0,-84.0
1777892269.1983323,0.0,-9.0,-82.0
1777892269.2083323,2.0,-5.0,-75.0
1777892269.2183323,0.0,0.0,-69.0
1777892269.2283323,1.0,5.0,-66.0
1777892269.2383325,0.0,4.0,-64.0
1777892269.2483325,4.0,5.0,-69.0
1777892269.2583325,0.0,6.0,-71.0
1777892269.2683325,-1.0,3.0,-63.0
1777892269.2783325,-3.0,0.0,-71.0
1777892269.2883325,-3.0,3.0,-72.0
1777892269.2983325,-5.0,-2.0,-66.0
1777892269.3083324,-2.0,-3.0,-69.0
1777892269.3183324,0.0,-4.0,-70.0
1777892269.3283324,0.0,-3.0,-76.0
1777892269.3383324,4.0,-4.0,-69.0
1777892269.3483324,3.0,-4.0,-70.0
1777892269.3583324,6.0,-2.0,-65.0
1777892269.3683324,8.0,0.0,-66.0
1777892269.3783324,12.0,-3.0,-71.0
1777892269.3883324,8.0,-1.0,-69.0
1777892269.3983324,3.0,0.0,-66.0
1777892269.4083323,3.0,0.0,-69.0
1777892269.4183323,2.0,-1.0,-68.0
1777892269.4283323,6.0,0.0,-69.0
1777892269.4383323,2.0,-1.0,-64.0
1777892269.4483323,2.0,-3.0,-61.0
1777892269.4583323,2.0,-3.0,-65.0
1777892269.4683323,3.0,-3.0,-67.0
1777892269.4783323,0.0,-1.0,-63.0
1777892269.4883325,0.0,0.0,-58.0
1777892269.4983325,-2.0,-1.0,-58.0
1777892269.5083325,0.0,0.0,-59.0
1777892269.5183325,2.0,0.0,-67.0
1777892269.5283325,4.0,1.0,-66.0
1777892269.5383325,5.0,1.0,-69.0
1777892269.5483325,7.0,-1.0,-73.0
1777892269.5583324,0.0,-1.0,-66.0
1777892269.5683324,0.0,-1.0,-65.0
1777892269.5783324,3.0,-1.0,-65.0
1777892269.5883324,3.0,-2.0,-60.0
1777892269.5983324,1.0,-6.0,-59.0
1777892269.6083324,5.0,-4.0,-59.0
1777892269.6183324,6.0,-2.0,-72.0
1777892269.6283324,4.0,-3.0,-73.0
1777892269.6383324,0.0,-2.0,-76.0
1777892269.6483324,-6.0,4.0,-80.0
1777892269.6583323,-6.0,4.0,-83.0
1777892269.6683323,-3.0,0.0,-83.0
1777892269.6783323,4.0,0.0,-80.0
1777892269.6883323,6.0,-1.0,-71.0
1777892269.6983323,5.0,2.0,-68.0
1777892269.7083323,5.0,6.0,-66.0
1777892269.7183323,4.0,5.0,-69.0
1777892269.7283323,6.0,4.0,-67.0
1777892269.7383325,6.0,2.0,-69.0
1777892269.7483325,9.0,1.0,-69.0
1777892269.7583325,3.0,-2.0,-75.0
1777892269.7683325,2.0,2.0,-68.0
1777892269.7783325,1.0,2.0,-71.0
1777892269.7883325,5.0,4.0,-66.0
1777892269.7983325,6.0,4.0,-63.0
1777892269.8083324,4.0,1.0,-64.0
1777892269.8183324,8.0,0.0,-67.0
1777892269.8283324,6.0,1.0,-70.0
1777892269.8383324,7.0,1.0,-75.0
1777892269.8483324,4.0,-2.0,-69.0
1777892269.8583324,4.0,0.0,-68.0
1777892269.8683324,3.0,3.0,-68.0
1777892269.8783324,6.0,3.0,-62.0
1777892269.8883324,3.0,3.0,-65.0
1777892269.8983324,5.0,6.0,-69.0
1777892269.9083323,4.0,3.0,-68.0
1777892269.9183323,0.0,3.0,-70.0
1777892269.9283323,2.0,0.0,-66.0
1777892269.9383323,5.0,-1.0,-73.0
1777892269.9483323,6.0,-1.0,-79.0
1777892269.9583323,7.0,-4.0,-76.0
1777892269.9683323,2.0,-1.0,-79.0
1777892269.9783323,0.0,0.0,-74.0
1777892269.9883325,-5.0,-2.0,-72.0
1777892269.9983325,-4.0,-4.0,-76.0
1777892270.0083325,-2.0,-5.0,-75.0
1777892270.0183325,-1.0,-3.0,-74.0
1777892270.0283325,-2.0,-1.0,-76.0
1777892270.0383325,0.0,-1.0,-76.0
1777892270.0483325,1.0,-2.0,-73.0
1777892270.0583324,6.0,0.0,-69.0
1777892270.0683324,2.0,0.0,-66.0
1777892270.0783324,0.0,-4.0,-63.0
1777892270.0883324,-2.0,-3.0,-65.0
1777892270.0983324,0.0,0.0,-67.0
1777892270.1083324,3.0,0.0,-64.0
1777892270.1183324,2.0,-2.0,-67.0
1777892270.1283324,2.0,2.0,-68.0
1777892270.1383324,2.0,4.0,-65.0
1777892270.1483324,3.0,1.0,-66.0
1777892270.1583323,5.0,0.0,-69.0
1777892270.1683323,3.0,1.0,-70.0
1777892270.1783323,0.0,4.0,-66.0
1777892270.1883323,0.0,4.0,-70.0
1777892270.1983323,1.0,5.0,-56.0
1777892270.2083323,7.0,2.0,-58.0
1777892270.2183323,5.0,3.0,-58.0
1777892270.2283323,5.0,4.0,-62.0
1777892270.2383325,1.0,9.0,-60.0
1777892270.2483325,-1.0,10.0,-63.0
1777892270.2583325,-5.0,10.0,-65.0
1777892270.2683325,-2.0,6.0,-63.0
1777892270.2783325,0.0,4.0,-58.0
1777892270.2883325,0.0,10.0,-65.0
1777892270.2983325,0.0,9.0,-68.0
1777892270.3083324,4.0,2.0,-78.0
1777892270.3183324,1.0,0.0,-84.0
1777892270.3283324,1.0,2.0,-82.0
1777892270.3383324,-1.0,-2.0,-80.0
1777892270.3483324,2.0,-2.0,-83.0
1777892270.3583324,3.0,-1.0,-77.0
1777892270.3683324,4.0,-1.0,-81.0
1777892270.3783324,0.0,-3.0,-81.0
1777892270.3883324,-2.0,-5.0,-75.0
1777892270.3983324,-5.0,-7.0,-74.0
1777892270.4083323,-8.0,-3.0,-72.0
1777892270.4183323,-2.0,-2.0,-73.0
1777892270.4283323,-6.0,0.0,-79.0
1777892270.4383323,-6.0,0.0,-73.0
1777892270.4483323,-5.0,-1.0,-75.0
1777892270.4583323,0.0,0.0,-76.0
1777892270.4683323,1.0,-3.0,-75.0
1777892270.4783323,0.0,-4.0,-71.0
1777892270.4883325,0.0,-2.0,-73.0
1777892270.4983325,0.0,0.0,-66.0
1777892270.5083325,-3.0,-2.0,-69.0
1777892270.5183325,-1.0,1.0,-69.0
1777892270.5283325,0.0,-3.0,-68.0
1777892270.5383325,3.0,-5.0,-77.0
1777892270.5483325,6.0,-2.0,-86.0
1777892270.5583324,6.0,0.0,-92.0
1777892270.5683324,5.0,1.0,-95.0
1777892270.5783324,6.0,2.0,-93.0
1777892270.5883324,2.0,0.0,-92.0
1777892270.5983324,3.0,0.0,-85.0
1777892270.6083324,0.0,0.0,-84.0
1777892270.6183324,0.0,-1.0,-75.0
1777892270.6283324,1.0,2.0,-77.0
1777892270.6383324,1.0,0.0,-71.0
1777892270.6483324,0.0,1.0,-66.0
1777892270.6583323,1.0,0.0,-70.0
1777892270.6683323,2.0,-4.0,-69.0
1777892270.6783323,1.0,-5.0,-65.0
1777892270.6883323,7.0,-4.0,-64.0
1777892270.6983323,3.0,-4.0,-62.0
1777892270.7083323,4.0,-2.0,-72.0
1777892270.7183323,8.0,0.0,-70.0
1777892270.7283323,6.0,-3.0,-61.0
1777892270.7383325,7.0,-5.0,-59.0
1777892270.7483325,8.0,-3.0,-65.0
1777892270.7583325,6.0,-3.0,-60.0
1777892270.7683325,6.0,-1.0,-61.0
1777892270.7783325,7.0,1.0,-62.0
1777892270.7883325,7.0,-5.0,-65.0
1777892270.7983325,3.0,-12.0,-73.0
1777892270.8083324,1.0,-12.0,-69.0
1777892270.8183324,-1.0,-7.0,-71.0
1777892270.8283324,-3.0,-6.0,-75.0
1777892270.8383324,0.0,-2.0,-74.0
1777892270.8483324,1.0,-4.0,-70.0
1777892270.8583324,4.0,-6.0,-74.0
1777892270.8683324,2.0,-3.0,-65.0
1777892270.8783324,3.0,-3.0,-68.0
1777892270.8883324,2.0,-1.0,-74.0
1777892270.8993323,0.0,-1.0,-76.0
1777892270.9083323,1.0,0.0,-74.0
1777892270.9183323,0.0,0.0,-78.0
1777892270.9293325,-4.0,2.0,-75.0
1777892270.9383323,-2.0,4.0,-80.0
1777892270.9493325,0.0,2.0,-74.0
1777892270.9583323,-5.0,-2.0,-73.0
1777892270.9693325,-6.0,-1.0,-70.0
1777892270.9793324,-6.0,-4.0,-67.0
1777892270.9893324,-9.0,-3.0,-67.0
1777892270.9993324,-9.0,-3.0,-78.0
1777892271.0093324,-6.0,-3.0,-82.0
1777892271.0193324,-4.0,-2.0,-75.0
1777892271.0293324,0.0,0.0,-74.0
1777892271.0393324,-6.0,-5.0,-74.0
1777892271.0493324,-4.0,-5.0,-74.0
1777892271.0593324,-1.0,-6.0,-77.0
1777892271.0693324,0.0,-4.0,-79.0
1777892271.0793324,-4.0,-1.0,-83.0
1777892271.0893323,-5.0,-3.0,-83.0
1777892271.0993323,-3.0,-5.0,-80.0
1777892271.1093323,-2.0,-4.0,-70.0
1777892271.1193323,-4.0,-1.0,-75.0
1777892271.1293323,-2.0,-3.0,-76.0
1777892271.1393323,-2.0,-3.0,-68.0
1777892271.1493323,0.0,-5.0,-68.0
1777892271.1593325,-3.0,-6.0,-67.0
1777892271.1693325,-4.0,-3.0,-65.0
1777892271.1793325,1.0,-2.0,-71.0
1777892271.1893325,1.0,-2.0,-66.0
1777892271.1993325,3.0,-2.0,-72.0
1777892271.2093325,3.0,0.0,-69.0
1777892271.2193325,2.0,-5.0,-62.0
1777892271.2293324,0.0,-3.0,-67.0
1777892271.2393324,-3.0,-3.0,-73.0
1777892271.2493324,-2.0,-2.0,-75.0
1777892271.2593324,-1.0,0.0,-67.0
1777892271.2693324,0.0,1.0,-69.0
1777892271.2793324,-2.0,2.0,-78.0
1777892271.2893324,-2.0,0.0,-78.0
1777892271.2993324,-1.0,0.0,-77.0
1777892271.3093324,-1.0,-2.0,-78.0
1777892271.3193324,-2.0,-5.0,-82.0
1777892271.3293324,3.0,-5.0,-82.0
1777892271.3393323,5.0,-5.0,-72.0
1777892271.3493323,1.0,-2.0,-74.0
1777892271.3593323,4.0,0.0,-69.0
1777892271.3693323,2.0,-2.0,-67.0
1777892271.3793323,4.0,-2.0,-65.0
1777892271.3893323,1.0,-5.0,-64.0
1777892271.3993323,2.0,-3.0,-65.0
1777892271.4093325,2.0,-2.0,-67.0
1777892271.4193325,1.0,-4.0,-66.0
1777892271.4293325,0.0,-5.0,-70.0
1777892271.4393325,2.0,-8.0,-73.0
1777892271.4493325,4.0,-9.0,-73.0
1777892271.4593325,3.0,-6.0,-69.0
1777892271.4693325,5.0,-9.0,-72.0
1777892271.4793324,3.0,-11.0,-74.0
1777892271.4893324,5.0,-10.0,-81.0
1777892271.4993324,3.0,-7.0,-78.0
1777892271.5093324,2.0,-4.0,-77.0
1777892271.5193324,-3.0,0.0,-74.0
1777892271.5293324,-7.0,-3.0,-74.0
1777892271.5393324,-9.0,-2.0,-69.0
1777892271.5493324,-5.0,-3.0,-72.0
1777892271.5593324,-4.0,-3.0,-73.0
1777892271.5693324,-4.0,0.0,-73.0
1777892271.5793324,-1.0,0.0,-76.0
1777892271.5893323,-3.0,0.0,-74.0
1777892271.6003325,-4.0,2.0,-74.0
1777892271.6093323,-2.0,-1.0,-76.0
1777892271.6193323,-4.0,1.0,-75.0
1777892271.6293323,-6.0,0.0,-73.0
1777892271.6393323,-7.0,1.0,-74.0
1777892271.6493323,-10.0,-1.0,-74.0
1777892271.6593325,-10.0,-1.0,-73.0
1777892271.6693325,-9.0,-5.0,-70.0
1777892271.6793325,-8.0,-3.0,-65.0
1777892271.6893325,-3.0,0.0,-66.0
1777892271.6993325,1.0,0.0,-68.0
1777892271.7093325,-2.0,0.0,-73.0
1777892271.7193325,-4.0,-2.0,-71.0
1777892271.7293324,0.0,-2.0,-74.0
1777892271.7393324,1.0,-5.0,-71.0
1777892271.7493324,2.0,-8.0,-70.0
1777892271.7593324,4.0,-5.0,-68.0
1777892271.7693324,2.0,-4.0,-68.0
1777892271.7793324,-1.0,-2.0,-61.0
1777892271.7893324,-6.0,0.0,-61.0
1777892271.7993324,-1.0,1.0,-59.0
1777892271.8093324,6.0,0.0,-63.0
1777892271.8193324,1.0,0.0,-64.0
1777892271.8293324,3.0,1.0,-56.0
1777892271.8393323,3.0,-3.0,-59.0
1777892271.8493323,4.0,-4.0,-64.0
1777892271.8593323,5.0,-6.0,-65.0
1777892271.8693323,0.0,-5.0,-69.0
1777892271.8793323,-1.0,-9.0,-65.0
1777892271.8893323,-1.0,-10.0,-65.0
1777892271.8993323,0.0,-6.0,-66.0
1777892271.9093325,-2.0,-6.0,-66.0
1777892271.9193325,-2.0,-1.0,-63.0
1777892271.9293325,-3.0,1.0,-63.0
1777892271.9393325,-7.0,-6.0,-59.0
1777892271.9493325,-6.0,-1.0,-59.0
1777892271.9593325,-4.0,0.0,-66.0
1777892271.9693325,-5.0,1.0,-64.0
1777892271.9793324,0.0,0.0,-67.0
1777892271.9893324,-1.0,-3.0,-59.0
1777892271.9993324,1.0,-5.0,-65.0
1777892272.0093324,0.0,-10.0,-68.0
1777892272.0193324,4.0,-12.0,-74.0
1777892272.0293324,3.0,-9.0,-65.0
1777892272.0393324,-3.0,-10.0,-72.0
1777892272.0493324,0.0,-6.0,-75.0
1777892272.0593324,0.0,-3.0,-75.0
1777892272.0693324,3.0,-4.0,-73.0
1777892272.0793324,5.0,0.0,-75.0
1777892272.0893323,5.0,2.0,-76.0
1777892272.0993323,8.0,3.0,-76.0
1777892272.1093323,11.0,4.0,-73.0
1777892272.1193323,13.0,4.0,-75.0
1777892272.1293323,13.0,4.0,-77.0
1777892272.1393323,9.0,3.0,-79.0
1777892272.1493323,6.0,2.0,-80.0
1777892272.1593325,4.0,0.0,-86.0
1777892272.1693325,5.0,1.0,-80.0
1777892272.1793325,7.0,2.0,-80.0
1777892272.1893325,4.0,-3.0,-70.0
1777892272.1993325,6.0,0.0,-59.0
1777892272.2093325,3.0,0.0,-60.0
1777892272.2193325,5.0,-1.0,-52.0
1777892272.2293324,2.0,-1.0,-59.0
1777892272.2393324,6.0,-1.0,-66.0
1777892272.2493324,8.0,-1.0,-65.0
1777892272.2593324,0.0,0.0,-72.0
1777892272.2693324,-4.0,5.0,-71.0
1777892272.2793324,-4.0,0.0,-72.0
1777892272.2893324,-4.0,-2.0,-71.0
1777892272.2993324,1.0,0.0,-64.0
1777892272.3093324,2.0,0.0,-52.0
1777892272.3193324,0.0,0.0,-59.0
1777892272.3293324,1.0,0.0,-69.0
1777892272.3393323,3.0,0.0,-71.0
1777892272.3493323,2.0,0.0,-73.0
1777892272.3593323,3.0,2.0,-63.0
1777892272.3693323,0.0,4.0,-63.0
1777892272.3793323,-1.0,2.0,-61.0
1777892272.3893323,3.0,3.0,-58.0
1777892272.3993323,4.0,0.0,-56.0
1777892272.4093325,4.0,0.0,-60.0
1777892272.4193325,2.0,-2.0,-66.0
1777892272.4293325,0.0,0.0,-75.0
1777892272.4393325,0.0,-2.0,-78.0
1777892272.4493325,0.0,-3.0,-78.0
1777892272.4593325,0.0,0.0,-81.0
1777892272.4693325,-9.0,-1.0,-78.0
1777892272.4793324,-9.0,0.0,-76.0
1777892272.4893324,-11.0,0.0,-72.0
1777892272.4993324,-7.0,-2.0,-76.0
1777892272.5093324,-14.0,-1.0,-76.0
1777892272.5193324,-9.0,-4.0,-81.0
1777892272.5293324,-7.0,-2.0,-79.0
1777892272.5393324,-7.0,0.0,-74.0
1777892272.5493324,-7.0,0.0,-72.0
1777892272.5593324,0.0,1.0,-77.0
1777892272.5703323,8.0,0.0,-76.0
1777892272.5793324,6.0,0.0,-74.0
1777892272.5893323,3.0,0.0,-71.0
1777892272.5993323,2.0,-1.0,-72.0
1777892272.6093323,-2.0,0.0,-69.0
1777892272.6193323,-2.0,0.0,-73.0
1777892272.6293323,-3.0,2.0,-68.0
1777892272.6393323,-5.0,5.0,-60.0
1777892272.6493323,-1.0,1.0,-55.0
1777892272.6593325,-1.0,0.0,-57.0
1777892272.6693325,-5.0,-1.0,-61.0
1777892272.6793325,-4.0,-1.0,-63.0
1777892272.6893325,-6.0,0.0,-63.0
1777892272.6993325,-5.0,0.0,-75.0
1777892272.7093325,-3.0,-3.0,-78.0
1777892272.7193325,0.0,-1.0,-78.0
1777892272.7293324,0.0,0.0,-74.0
1777892272.7393324,3.0,-1.0,-72.0
1777892272.7493324,3.0,-1.0,-69.0
1777892272.7593324,4.0,-2.0,-70.0
1777892272.7693324,4.0,-5.0,-72.0
1777892272.7793324,1.0,-6.0,-69.0
1777892272.7893324,0.0,-4.0,-65.0
1777892272.7993324,0.0,-4.0,-61.0
1777892272.8093324,-2.0,-1.0,-63.0
1777892272.8193324,-3.0,-3.0,-64.0
1777892272.8293324,0.0,-4.0,-68.0
1777892272.8393323,0.0,-3.0,-65.0
1777892272.8493323,2.0,-4.0,-69.0
1777892272.8593323,3.0,-2.0,-70.0
1777892272.8693323,2.0,-1.0,-77.0
1777892272.8793323,0.0,0.0,-75.0
1777892272.8893323,2.0,-4.0,-72.0
1777892272.8993323,2.0,-2.0,-68.0
1777892272.9093325,3.0,0.0,-72.0
1777892272.9193325,5.0,1.0,-72.0
1777892272.9293325,3.0,6.0,-75.0
1777892272.9393325,0.0,5.0,-79.0
1777892272.9503324,0.0,6.0,-75.0
1777892272.9603324,1.0,6.0,-77.0
1777892272.9703324,2.0,6.0,-76.0
1777892272.9803324,8.0,5.0,-76.0
1777892272.9903324,5.0,4.0,-77.0
1777892273.0003324,4.0,3.0,-74.0
1777892273.0103323,6.0,3.0,-72.0
1777892273.0203323,6.0,4.0,-69.0
1777892273.0303323,7.0,4.0,-75.0
1777892273.0403323,0.0,3.0,-79.0
1777892273.0503323,-1.0,4.0,-71.0
1777892273.0603323,-3.0,1.0,-71.0
1777892273.0703323,0.0,0.0,-68.0
1777892273.0803325,-2.0,-2.0,-66.0
1777892273.0903325,-2.0,1.0,-66.0
1777892273.1003325,-4.0,1.0,-67.0
1777892273.1103325,2.0,2.0,-69.0
1777892273.1203325,3.0,5.0,-69.0
1777892273.1303325,6.0,5.0,-71.0
1777892273.1403325,1.0,3.0,-66.0
1777892273.1503325,-1.0,2.0,-62.0
1777892273.1603324,0.0,-2.0,-65.0
1777892273.1703324,0.0,-3.0,-69.0
1777892273.1803324,1.0,-6.0,-60.0
1777892273.1903324,3.0,-8.0,-59.0
1777892273.2003324,2.0,-6.0,-58.0
1777892273.2103324,1.0,-7.0,-63.0
1777892273.2203324,0.0,-5.0,-65.0
1777892273.2303324,0.0,-2.0,-57.0
1777892273.2403324,4.0,-2.0,-53.0
1777892273.2503324,5.0,-5.0,-58.0
1777892273.2603323,2.0,-5.0,-59.0
1777892273.2703323,0.0,-3.0,-62.0
1777892273.2803323,0.0,0.0,-65.0
1777892273.2903323,-2.0,-3.0,-69.0
1777892273.3003323,-3.0,-4.0,-74.0
1777892273.3103323,-6.0,-5.0,-72.0
1777892273.3203323,-5.0,-8.0,-70.0
1777892273.3303325,-2.0,0.0,-72.0
1777892273.3403325,-2.0,2.0,-69.0
1777892273.3503325,-7.0,3.0,-68.0
1777892273.3603325,-5.0,1.0,-67.0
1777892273.3703325,-4.0,0.0,-70.0
1777892273.3803325,-3.0,1.0,-80.0
1777892273.3903325,1.0,0.0,-76.0
1777892273.4003325,7.0,1.0,-77.0
1777892273.4103324,7.0,-1.0,-74.0
1777892273.4203324,5.0,-1.0,-71.0
1777892273.4303324,6.0,0.0,-68.0
1777892273.4403324,8.0,2.0,-67.0
1777892273.4503324,5.0,0.0,-65.0
1777892273.4603324,3.0,0.0,-60.0
1777892273.4703324,6.0,0.0,-61.0
1777892273.4803324,2.0,-2.0,-61.0
1777892273.4903324,0.0,-4.0,-62.0
1777892273.5003324,0.0,-1.0,-62.0
1777892273.5103323,2.0,-3.0,-65.0
1777892273.5203323,2.0,0.0,-62.0
1777892273.5303323,1.0,0.0,-63.0
1777892273.5403323,0.0,-1.0,-64.0
1777892273.5503323,0.0,2.0,-59.0
1777892273.5603323,0.0,0.0,-57.0
1777892273.5703323,2.0,-5.0,-60.0
1777892273.5803325,1.0,-6.0,-63.0
1777892273.5903325,2.0,-3.0,-58.0
1777892273.6003325,0.0,-4.0,-64.0
1777892273.6103325,-1.0,-3.0,-70.0
1777892273.6203325,0.0,-5.0,-68.0
1777892273.6303325,0.0,-7.0,-73.0
1777892273.6403325,2.0,-2.0,-70.0
1777892273.6503325,3.0,-3.0,-72.0
1777892273.6603324,2.0,-1.0,-72.0
1777892273.6703324,1.0,0.0,-69.0
1777892273.6803324,3.0,3.0,-71.0
1777892273.6903324,3.0,2.0,-77.0
1777892273.7003324,-1.0,2.0,-75.0
1777892273.7103324,0.0,1.0,-73.0
1777892273.7203324,-5.0,0.0,-80.0
1777892273.7303324,-9.0,0.0,-75.0
1777892273.7403324,-10.0,0.0,-75.0
1777892273.7503324,-8.0,2.0,-73.0
1777892273.7603323,-3.0,1.0,-80.0
1777892273.7703323,-2.0,0.0,-74.0
1777892273.7803323,1.0,-2.0,-75.0
1777892273.7903323,0.0,-4.0,-77.0
1777892273.8003323,-3.0,-5.0,-76.0
1777892273.8103323,-6.0,-4.0,-74.0
1777892273.8203323,-7.0,-2.0,-76.0
1777892273.8303325,-4.0,1.0,-73.0
1777892273.8403325,-5.0,4.0,-71.0
1777892273.8503325,-4.0,4.0,-68.0
1777892273.8603325,-1.0,5.0,-69.0
1777892273.8703325,-1.0,3.0,-69.0
1777892273.8803325,0.0,4.0,-72.0
1777892273.8903325,0.0,2.0,-75.0
1777892273.9003325,3.0,2.0,-74.0
1777892273.9103324,7.0,3.0,-73.0
1777892273.9203324,11.0,5.0,-74.0
1777892273.9303324,8.0,2.0,-73.0
1777892273.9403324,4.0,-3.0,-69.0
1777892273.9503324,5.0,-6.0,-73.0
1777892273.9603324,1.0,-5.0,-74.0
1777892273.9713323,6.0,-1.0,-70.0
1777892273.9803324,9.0,4.0,-68.0
1777892273.9903324,6.0,4.0,-69.0
1777892274.0003324,4.0,6.0,-68.0
1777892274.0103323,5.0,2.0,-68.0
1777892274.0203323,0.0,2.0,-71.0
1777892274.0303323,0.0,1.0,-67.0
1777892274.0403323,-1.0,-1.0,-70.0
1777892274.0503323,0.0,-4.0,-78.0
1777892274.0603323,-2.0,-8.0,-73.0
1777892274.0703323,-3.0,-7.0,-73.0
1777892274.0803325,-6.0,-8.0,-70.0
1777892274.0903325,-1.0,-7.0,-81.0
1777892274.1003325,0.0,-2.0,-82.0
1777892274.1103325,-2.0,-3.0,-87.0
1777892274.1203325,-6.0,-5.0,-78.0
1777892274.1303325,-7.0,-1.0,-70.0
1777892274.1403325,0.0,-1.0,-69.0
1777892274.1503325,0.0,-2.0,-69.0
1777892274.1603324,3.0,0.0,-64.0
1777892274.1703324,5.0,-1.0,-63.0
1777892274.1803324,10.0,-4.0,-62.0
1777892274.1903324,4.0,-5.0,-69.0
1777892274.2003324,7.0,-2.0,-74.0
1777892274.2103324,10.0,0.0,-68.0
1777892274.2203324,11.0,0.0,-74.0
1777892274.2303324,10.0,3.0,-75.0
1777892274.2403324,4.0,4.0,-74.0
1777892274.2503324,0.0,2.0,-78.0
1777892274.2603323,0.0,0.0,-78.0
1777892274.2703323,0.0,3.0,-75.0
1777892274.2803323,-2.0,2.0,-70.0
1777892274.2903323,0.0,0.0,-78.0
1777892274.3003323,-2.0,0.0,-80.0
1777892274.3103323,3.0,1.0,-78.0
1777892274.3203323,2.0,0.0,-76.0
1777892274.3303325,-4.0,-1.0,-73.0
1777892274.3403325,-5.0,-1.0,-74.0
1777892274.3503325,-1.0,-1.0,-64.0
1777892274.3603325,0.0,3.0,-63.0
1777892274.3703325,-1.0,5.0,-70.0
1777892274.3803325,-3.0,0.0,-72.0
1777892274.3903325,-2.0,0.0,-73.0
1777892274.4003325,-1.0,-1.0,-68.0
1777892274.4103324,0.0,2.0,-69.0
1777892274.4203324,-1.0,-2.0,-74.0
1777892274.4303324,-1.0,-5.0,-76.0
1777892274.4403324,2.0,-2.0,-76.0
1777892274.4503324,-1.0,1.0,-73.0
1777892274.4603324,0.0,2.0,-71.0
1777892274.4703324,3.0,0.0,-66.0
1777892274.4803324,4.0,0.0,-64.0
1777892274.4903324,6.0,4.0,-68.0
1777892274.5003324,6.0,3.0,-68.0
1777892274.5103323,5.0,3.0,-64.0
1777892274.5203323,1.0,8.0,-67.0
1777892274.5303323,0.0,11.0,-71.0
1777892274.5403323,2.0,6.0,-69.0
1777892274.5503323,3.0,8.0,-69.0
1777892274.5603323,4.0,5.0,-68.0
1777892274.5703323,11.0,0.0,-70.0
1777892274.5803325,9.0,-5.0,-71.0
1777892274.5903325,6.0,-7.0,-69.0
1777892274.6003325,5.0,-5.0,-74.0
1777892274.6103325,7.0,-6.0,-75.0
1777892274.6203325,0.0,-4.0,-70.0
1777892274.6303325,-2.0,-3.0,-72.0
1777892274.6403325,-4.0,0.0,-76.0
1777892274.6503325,-6.0,-3.0,-78.0
1777892274.6603324,-2.0,-3.0,-77.0
1777892274.6703324,0.0,0.0,-68.0
1777892274.6803324,0.0,0.0,-70.0
1777892274.6903324,0.0,0.0,-75.0
1777892274.7003324,0.0,0.0,-78.0
1777892274.7103324,0.0,-2.0,-74.0
1777892274.7203324,2.0,0.0,-69.0
1777892274.7303324,6.0,1.0,-69.0
1777892274.7403324,9.0,0.0,-68.0
1777892274.7503324,9.0,0.0,-68.0
1777892274.7603323,8.0,3.0,-68.0
1777892274.7703323,5.0,0.0,-72.0
1777892274.7803323,2.0,0.0,-67.0
1777892274.7903323,7.0,0.0,-64.0
1777892274.8003323,7.0,5.0,-60.0
1777892274.8103323,5.0,2.0,-64.0
1777892274.8203323,5.0,2.0,-67.0
1777892274.8303325,5.0,-1.0,-71.0
1777892274.8403325,5.0,-2.0,-76.0
1777892274.8503325,1.0,0.0,-75.0
1777892274.8603325,0.0,-4.0,-82.0
1777892274.8703325,0.0,-6.0,-74.0
1777892274.8803325,-2.0,-5.0,-71.0
1777892274.8903325,-2.0,-1.0,-66.0
1777892274.9003325,1.0,2.0,-66.0
1777892274.9103324,1.0,1.0,-60.0
1777892274.9203324,1.0,1.0,-61.0
1777892274.9303324,0.0,1.0,-65.0
1777892274.9403324,-2.0,4.0,-77.0
1777892274.9513323,-5.0,6.0,-76.0
1777892274.9613323,-7.0,9.0,-74.0
1777892274.9713323,-7.0,6.0,-73.0
1777892274.9813323,-5.0,4.0,-72.0
1777892274.9913323,-9.0,-2.0,-77.0
1777892275.0013323,-3.0,0.0,-77.0
1777892275.0113325,2.0,1.0,-73.0
1777892275.0213325,0.0,2.0,-72.0
1777892275.0313325,-1.0,0.0,-75.0
1777892275.0413325,-5.0,2.0,-74.0
1777892275.0513325,-3.0,0.0,-80.0
1777892275.0613325,-5.0,1.0,-69.0
1777892275.0713325,-4.0,1.0,-68.0
1777892275.0813324,-7.0,1.0,-68.0
1777892275.0913324,-4.0,2.0,-63.0
1777892275.1013324,-3.0,2.0,-67.0
1777892275.1113324,-5.0,3.0,-65.0
1777892275.1213324,1.0,2.0,-70.0
1777892275.1313324,1.0,4.0,-71.0
1777892275.1413324,0.0,6.0,-75.0
1777892275.1513324,-3.0,8.0,-70.0
1777892275.1613324,-2.0,2.0,-67.0
1777892275.1713324,0.0,3.0,-61.0
1777892275.1813323,1.0,9.0,-64.0
1777892275.1913323,0.0,8.0,-70.0
1777892275.2013323,-4.0,4.0,-74.0
1777892275.2113323,0.0,1.0,-79.0
1777892275.2213323,-1.0,0.0,-82.0
1777892275.2313323,0.0,-3.0,-81.0
1777892275.2413323,1.0,0.0,-88.0
1777892275.2513323,3.0,-1.0,-82.0
1777892275.2613325,0.0,-3.0,-79.0
1777892275.2713325,0.0,1.0,-74.0
1777892275.2813325,-2.0,2.0,-71.0
1777892275.2913325,0.0,-2.0,-75.0
1777892275.3013325,0.0,0.0,-71.0
1777892275.3113325,0.0,0.0,-69.0
1777892275.3213325,-4.0,0.0,-74.0
1777892275.3313324,-1.0,0.0,-75.0
1777892275.3413324,0.0,0.0,-73.0
1777892275.3513324,1.0,0.0,-70.0
1777892275.3613324,-1.0,-4.0,-73.0
1777892275.3713324,-1.0,-1.0,-76.0
1777892275.3813324,-1.0,3.0,-71.0
1777892275.3913324,3.0,-1.0,-77.0
1777892275.4013324,4.0,-3.0,-77.0
1777892275.4113324,-2.0,0.0,-69.0
1777892275.4213324,0.0,-3.0,-70.0
1777892275.4313323,1.0,-3.0,-69.0
1777892275.4413323,1.0,-1.0,-70.0
1777892275.4513323,2.0,0.0,-70.0
1777892275.4613323,8.0,1.0,-69.0
1777892275.4713323,11.0,-2.0,-62.0
1777892275.4813323,5.0,-7.0,-56.0
1777892275.4913323,2.0,-7.0,-49.0
1777892275.5013323,0.0,-7.0,-55.0
1777892275.5113325,2.0,-5.0,-59.0
1777892275.5213325,2.0,-4.0,-58.0
1777892275.5313325,2.0,-3.0,-57.0
1777892275.5413325,2.0,-4.0,-54.0
1777892275.5513325,-4.0,-3.0,-57.0
1777892275.5613325,-3.0,-2.0,-58.0
1777892275.5713325,-10.0,-3.0,-54.0
1777892275.5813324,-10.0,-4.0,-56.0
1777892275.5913324,-7.0,-1.0,-60.0
1777892275.6013324,-9.0,-3.0,-66.0
1777892275.6113324,-10.0,-2.0,-69.0
1777892275.6213324,-8.0,-2.0,-66.0
1777892275.6313324,-2.0,0.0,-69.0
1777892275.6413324,3.0,0.0,-72.0
1777892275.6513324,1.0,0.0,-73.0
1777892275.6613324,-1.0,-3.0,-63.0
1777892275.6713324,-4.0,0.0,-62.0
1777892275.6813323,0.0,0.0,-66.0
1777892275.6913323,2.0,2.0,-69.0
1777892275.7013323,-1.0,1.0,-64.0
1777892275.7123325,-5.0,6.0,-53.0
1777892275.7213323,-2.0,6.0,-55.0
1777892275.7313323,0.0,4.0,-53.0
1777892275.7413323,6.0,0.0,-53.0
1777892275.7513323,7.0,4.0,-53.0
1777892275.7613325,4.0,2.0,-63.0
1777892275.7713325,4.0,3.0,-71.0
1777892275.7813325,1.0,0.0,-81.0
1777892275.7913325,-3.0,-1.0,-80.0
1777892275.8013325,-2.0,0.0,-79.0
1777892275.8113325,2.0,5.0,-80.0
1777892275.8213325,1.0,7.0,-80.0
1777892275.8313324,-2.0,7.0,-80.0
1777892275.8413324,0.0,3.0,-79.0
1777892275.8513324,0.0,0.0,-79.0
1777892275.8613324,-2.0,1.0,-78.0
1777892275.8713324,-2.0,7.0,-78.0
1777892275.8813324,0.0,2.0,-78.0
1777892275.8913324,0.0,3.0,-73.0
1777892275.9013324,2.0,0.0,-71.0
1777892275.9113324,2.0,2.0,-67.0
1777892275.9213324,4.0,6.0,-77.0
1777892275.9313323,4.0,3.0,-82.0
1777892275.9413323,-3.0,0.0,-75.0
1777892275.9513323,-2.0,1.0,-71.0
1777892275.9613323,-5.0,1.0,-71.0
1777892275.9713323,-3.0,3.0,-67.0
1777892275.9813323,-3.0,4.0,-64.0
1777892275.9913323,-2.0,4.0,-69.0
1777892276.0013323,0.0,4.0,-69.0
1777892276.0113325,6.0,0.0,-72.0
1777892276.0213325,6.0,-2.0,-75.0
1777892276.0313325,5.0,-1.0,-71.0
1777892276.0413325,2.0,-6.0,-64.0
1777892276.0513325,0.0,-5.0,-70.0
1777892276.0613325,2.0,0.0,-72.0
1777892276.0713325,1.0,1.0,-69.0
1777892276.0813324,0.0,4.0,-71.0
1777892276.0913324,1.0,4.0,-68.0
1777892276.1013324,0.0,4.0,-71.0
1777892276.1113324,-1.0,2.0,-73.0
1777892276.1213324,0.0,4.0,-65.0
1777892276.1313324,0.0,0.0,-65.0
1777892276.1413324,-1.0,-4.0,-61.0
1777892276.1513324,-2.0,-4.0,-67.0
1777892276.1613324,0.0,-1.0,-67.0
1777892276.1713324,5.0,-1.0,-74.0
1777892276.1813323,6.0,0.0,-75.0
1777892276.1913323,3.0,-1.0,-75.0
1777892276.2013323,3.0,2.0,-67.0
1777892276.2113323,0.0,1.0,-68.0
1777892276.2213323,1.0,0.0,-70.0
1777892276.2313323,-2.0,-3.0,-73.0
1777892276.2413323,-4.0,-9.0,-76.0
1777892276.2513323,-2.0,-5.0,-78.0
1777892276.2613325,-2.0,-4.0,-80.0
1777892276.2713325,0.0,-5.0,-75.0
1777892276.2813325,6.0,-7.0,-72.0
1777892276.2913325,3.0,-8.0,-77.0
1777892276.3013325,3.0,-4.0,-80.0
1777892276.3113325,1.0,-2.0,-78.0
1777892276.3213325,-3.0,-3.0,-80.0
1777892276.3313324,2.0,-1.0,-75.0
1777892276.3413324,-1.0,1.0,-66.0
1777892276.3513324,-1.0,5.0,-65.0
1777892276.3613324,-4.0,3.0,-69.0
1777892276.3713324,-3.0,0.0,-76.0
1777892276.3813324,-7.0,-1.0,-75.0
1777892276.3913324,-7.0,-6.0,-79.0
1777892276.4013324,-5.0,-5.0,-75.0
1777892276.4113324,-1.0,-2.0,-71.0
1777892276.4213324,-1.0,-4.0,-77.0
1777892276.4313323,-2.0,-4.0,-67.0
1777892276.4413323,-4.0,0.0,-64.0
1777892276.4513323,-6.0,0.0,-69.0
1777892276.4613323,-6.0,-2.0,-66.0
1777892276.4713323,-2.0,0.0,-69.0
1777892276.4813323,-1.0,-2.0,-64.0
1777892276.4913323,0.0,-3.0,-70.0
1777892276.5013323,-2.0,2.0,-68.0
1777892276.5113325,-1.0,0.0,-70.0
1777892276.5213325,3.0,-5.0,-73.0
1777892276.5313325,0.0,-8.0,-73.0
1777892276.5413325,-2.0,-5.0,-71.0
1777892276.5513325,-2.0,-5.0,-65.0
1777892276.5613325,1.0,-2.0,-72.0
1777892276.5713325,3.0,-3.0,-78.0
1777892276.5813324,4.0,-2.0,-77.0
1777892276.5913324,3.0,1.0,-77.0
1777892276.6013324,1.0,2.0,-82.0
1777892276.6113324,5.0,4.0,-78.0
1777892276.6213324,4.0,2.0,-73.0
1777892276.6313324,0.0,2.0,-72.0
1777892276.6413324,0.0,1.0,-72.0
1777892276.6513324,0.0,-2.0,-77.0
1777892276.6613324,0.0,-1.0,-78.0
1777892276.6713324,3.0,0.0,-80.0
1777892276.6813323,4.0,0.0,-78.0
1777892276.6913323,7.0,0.0,-81.0
1777892276.7013323,8.0,1.0,-80.0
1777892276.7113323,4.0,-2.0,-75.0
1777892276.7213323,2.0,-4.0,-72.0
1777892276.7313323,2.0,-3.0,-72.0
1777892276.7413323,4.0,0.0,-76.0
1777892276.7513323,0.0,-1.0,-73.0
1777892276.7613325,0.0,-2.0,-76.0
1777892276.7713325,-1.0,0.0,-74.0
1777892276.7813325,-1.0,1.0,-73.0
1777892276.7913325,-2.0,6.0,-73.0
1777892276.8013325,-3.0,5.0,-72.0
1777892276.8113325,-3.0,5.0,-71.0
1777892276.8213325,-6.0,0.0,-68.0
1777892276.8313324,-7.0,-5.0,-66.0
1777892276.8413324,-6.0,-2.0,-67.0
1777892276.8513324,-4.0,-3.0,-66.0
1777892276.8613324,0.0,-5.0,-64.0
1777892276.8713324,0.0,-3.0,-66.0
1777892276.8813324,3.0,-1.0,-68.0
1777892276.8913324,9.0,-1.0,-64.0
1777892276.9013324,12.0,-7.0,-63.0
1777892276.9123323,11.0,-8.0,-63.0
1777892276.9223323,8.0,-2.0,-63.0
1777892276.9313323,4.0,-2.0,-63.0
1777892276.9423325,5.0,-2.0,-68.0
1777892276.9523325,5.0,-3.0,-70.0
1777892276.9623325,4.0,-5.0,-65.0
1777892276.9723325,7.0,-2.0,-63.0
1777892276.9823325,6.0,-1.0,-59.0
1777892276.9923325,9.0,-1.0,-61.0
1777892277.0023324,5.0,0.0,-67.0
1777892277.0123324,2.0,-3.0,-62.0
1777892277.0223324,0.0,-1.0,-61.0
1777892277.0323324,-1.0,-1.0,-56.0
1777892277.0423324,-5.0,0.0,-56.0
1777892277.0523324,-10.0,0.0,-55.0
1777892277.0623324,-9.0,0.0,-48.0
1777892277.0723324,-8.0,2.0,-60.0
1777892277.0823324,-8.0,2.0,-61.0
1777892277.0923324,-4.0,0.0,-57.0
1777892277.1023324,0.0,0.0,-61.0
1777892277.1123323,1.0,0.0,-59.0
1777892277.1223323,0.0,-1.0,-52.0
1777892277.1323323,2.0,-4.0,-67.0
1777892277.1423323,4.0,-5.0,-74.0
1777892277.1523323,6.0,-7.0,-70.0
1777892277.1623323,5.0,-6.0,-69.0
1777892277.1723323,1.0,-7.0,-69.0
1777892277.1823325,2.0,-7.0,-71.0
1777892277.1923325,5.0,-9.0,-69.0
1777892277.2023325,2.0,-8.0,-71.0
1777892277.2123325,4.0,-9.0,-68.0
1777892277.2223325,7.0,-11.0,-67.0
1777892277.2323325,5.0,-12.0,-65.0
1777892277.2423325,6.0,-11.0,-61.0
1777892277.2523324,9.0,-13.0,-66.0
1777892277.2623324,8.0,-10.0,-68.0
1777892277.2723324,4.0,-9.0,-71.0
1777892277.2823324,4.0,-3.0,-66.0
1777892277.2923324,6.0,-2.0,-62.0
1777892277.3023324,9.0,0.0,-62.0
1777892277.3123324,9.0,2.0,-69.0
1777892277.3223324,10.0,4.0,-71.0
1777892277.3323324,5.0,8.0,-71.0
1777892277.3423324,3.0,6.0,-79.0
1777892277.3523324,5.0,1.0,-77.0
1777892277.3623323,0.0,2.0,-71.0
1777892277.3723323,1.0,3.0,-72.0
1777892277.3823323,-2.0,4.0,-74.0
1777892277.3923323,-4.0,0.0,-74.0
1777892277.4023323,-6.0,-3.0,-71.0
1777892277.4123323,-3.0,-1.0,-76.0
1777892277.4223323,-3.0,0.0,-66.0
1777892277.4323325,0.0,0.0,-64.0
1777892277.4423325,-5.0,0.0,-68.0
1777892277.4523325,-6.0,0.0,-65.0
1777892277.4623325,-5.0,-5.0,-63.0
1777892277.4723325,-3.0,-3.0,-66.0
1777892277.4823325,-6.0,-1.0,-67.0
1777892277.4923325,-3.0,-1.0,-70.0
1777892277.5023324,-4.0,0.0,-71.0
1777892277.5123324,0.0,1.0,-68.0
1777892277.5223324,-1.0,0.0,-65.0
1777892277.5323324,0.0,0.0,-64.0
1777892277.5423324,-5.0,0.0,-66.0
1777892277.5523324,-5.0,-2.0,-64.0
1777892277.5623324,-7.0,1.0,-69.0
1777892277.5723324,-6.0,2.0,-71.0
1777892277.5823324,-5.0,-2.0,-73.0
1777892277.5923324,-3.0,-2.0,-70.0
1777892277.6023324,2.0,-6.0,-68.0
1777892277.6123323,2.0,-6.0,-71.0
1777892277.6223323,8.0,-5.0,-72.0
1777892277.6323323,12.0,-2.0,-68.0
1777892277.6423323,6.0,-3.0,-74.0
1777892277.6523323,0.0,0.0,-71.0
1777892277.6623323,0.0,-2.0,-73.0
1777892277.6723323,-2.0,-4.0,-70.0
1777892277.6823325,-3.0,-6.0,-71.0
1777892277.6923325,-6.0,-4.0,-72.0
1777892277.7023325,-8.0,-2.0,-70.0
1777892277.7123325,-6.0,0.0,-66.0
1777892277.7223325,-2.0,0.0,-68.0
1777892277.7323325,-4.0,-2.0,-62.0
1777892277.7423325,-1.0,-3.0,-63.0
1777892277.7523324,-3.0,0.0,-69.0
1777892277.7623324,-5.0,-3.0,-68.0
1777892277.7723324,-3.0,-5.0,-65.0
1777892277.7823324,-1.0,-7.0,-61.0
1777892277.7923324,1.0,-8.0,-66.0
1777892277.8023324,5.0,-7.0,-72.0
1777892277.8123324,2.0,-9.0,-76.0
1777892277.8223324,0.0,-7.0,-75.0
1777892277.8323324,0.0,-6.0,-75.0
1777892277.8423324,0.0,-2.0,-74.0
1777892277.8523324,1.0,-1.0,-70.0
1777892277.8623323,-4.0,-5.0,-76.0
1777892277.8723323,-4.0,-7.0,-75.0
1777892277.8823323,-1.0,-4.0,-72.0
1777892277.8923323,-5.0,-3.0,-67.0
1777892277.9023323,-3.0,-1.0,-68.0
1777892277.9123323,0.0,-4.0,-77.0
1777892277.9223323,-1.0,-4.0,-77.0
1777892277.9323325,2.0,-3.0,-79.0
1777892277.9423325,1.0,0.0,-78.0
1777892277.9523325,7.0,2.0,-75.0
1777892277.9623325,6.0,1.0,-69.0
1777892277.9723325,4.0,0.0,-73.0
1777892277.9823325,2.0,-2.0,-69.0
1777892277.9923325,1.0,-4.0,-68.0
1777892278.0023324,4.0,-2.0,-64.0
1777892278.0123324,5.0,-5.0,-62.0
1777892278.0223324,7.0,-5.0,-70.0
1777892278.0323324,4.0,-9.0,-66.0
1777892278.0423324,2.0,-12.0,-67.0
1777892278.0523324,-1.0,-11.0,-64.0
1777892278.0623324,-3.0,-8.0,-62.0
1777892278.0723324,-4.0,-7.0,-60.0
1777892278.0823324,-1.0,-6.0,-52.0
1777892278.0923324,2.0,-6.0,-52.0
1777892278.1023324,0.0,-4.0,-59.0
1777892278.1123323,-4.0,-3.0,-63.0
1777892278.1223323,-4.0,0.0,-64.0
1777892278.1323323,-2.0,1.0,-73.0
1777892278.1423323,0.0,1.0,-75.0
1777892278.1523323,1.0,-1.0,-71.0
1777892278.1623323,0.0,0.0,-72.0
1777892278.1723323,3.0,0.0,-68.0
1777892278.1823325,6.0,0.0,-66.0
1777892278.1923325,4.0,0.0,-68.0
1777892278.2023325,0.0,-1.0,-62.0
1777892278.2123325,0.0,-3.0,-67.0
1777892278.2223325,-1.0,-3.0,-66.0
1777892278.2323325,-3.0,1.0,-68.0
1777892278.2423325,-3.0,4.0,-74.0
1777892278.2523324,-3.0,6.0,-79.0
1777892278.2623324,0.0,3.0,-78.0
1777892278.2723324,0.0,6.0,-79.0
1777892278.2823324,4.0,1.0,-75.0
1777892278.2923324,4.0,-2.0,-74.0
1777892278.3023324,0.0,-3.0,-77.0
1777892278.3123324,3.0,-3.0,-82.0
1777892278.3223324,0.0,-7.0,-84.0
1777892278.3323324,1.0,-12.0,-86.0
1777892278.3423324,0.0,-10.0,-79.0
1777892278.3523324,-3.0,-5.0,-78.0
1777892278.3623323,-3.0,-1.0,-76.0
1777892278.3723323,-1.0,0.0,-74.0
1777892278.3823323,-2.0,0.0,-76.0
1777892278.3923323,-1.0,-1.0,-69.0
1777892278.4023323,3.0,1.0,-74.0
1777892278.4123323,-2.0,0.0,-78.0
1777892278.4223323,-2.0,-4.0,-78.0
1777892278.4323325,2.0,-6.0,-74.0
1777892278.4423325,-1.0,-7.0,-80.0
1777892278.4523325,-1.0,-4.0,-79.0
1777892278.4623325,-3.0,-5.0,-75.0
1777892278.4723325,-2.0,-7.0,-71.0
1777892278.4823325,-3.0,-6.0,-74.0
1777892278.4923325,-1.0,-7.0,-81.0
1777892278.5023324,0.0,-9.0,-82.0
1777892278.5123324,1.0,-9.0,-76.0
1777892278.5223324,4.0,-6.0,-76.0
1777892278.5323324,4.0,-5.0,-75.0
1777892278.5423324,5.0,-4.0,-73.0
1777892278.5523324,5.0,-5.0,-75.0
1777892278.5623324,4.0,-3.0,-75.0
1777892278.5723324,5.0,-2.0,-70.0
1777892278.5823324,7.0,-2.0,-65.0
1777892278.5923324,3.0,-2.0,-66.0
1777892278.6023324,-1.0,0.0,-67.0
1777892278.6123323,-7.0,0.0,-67.0
1777892278.6223323,-10.0,-1.0,-65.0
1777892278.6323323,-7.0,-2.0,-69.0
1777892278.6423323,-8.0,-2.0,-68.0
1777892278.6523323,-3.0,-1.0,-70.0
1777892278.6623323,-3.0,2.0,-70.0
1777892278.6723323,-3.0,0.0,-72.0
1777892278.6823325,3.0,0.0,-69.0
1777892278.6923325,3.0,0.0,-65.0
1777892278.7023325,5.0,-3.0,-66.0
1777892278.7123325,3.0,-4.0,-65.0
1777892278.7223325,4.0,-3.0,-68.0
1777892278.7323325,7.0,-4.0,-63.0
1777892278.7423325,5.0,-1.0,-69.0
1777892278.7523324,5.0,1.0,-76.0
1777892278.7623324,2.0,-3.0,-81.0
1777892278.7723324,2.0,-6.0,-79.0
1777892278.7823324,3.0,-3.0,-82.0
1777892278.7923324,3.0,-1.0,-88.0
1777892278.8023324,2.0,-1.0,-84.0
1777892278.8123324,2.0,-2.0,-82.0
1777892278.8223324,1.0,-5.0,-86.0
1777892278.8323324,2.0,-3.0,-75.0
1777892278.8423324,0.0,-4.0,-76.0
1777892278.8523324,-1.0,-3.0,-76.0
1777892278.8623323,3.0,-5.0,-76.0
1777892278.8723323,10.0,-5.0,-68.0
1777892278.8823323,8.0,-5.0,-67.0
1777892278.8923323,8.0,-3.0,-69.0
1777892278.9023323,6.0,0.0,-75.0
1777892278.9133325,6.0,1.0,-82.0
1777892278.9233325,2.0,0.0,-82.0
1777892278.9333324,1.0,1.0,-80.0
1777892278.9423325,5.0,3.0,-78.0
1777892278.9533324,8.0,10.0,-78.0
1777892278.9633324,10.0,9.0,-81.0
1777892278.9733324,8.0,7.0,-82.0
1777892278.9833324,7.0,4.0,-77.0
1777892278.9933324,9.0,-1.0,-76.0
1777892279.0033324,5.0,-2.0,-71.0
1777892279.0133324,4.0,-3.0,-69.0
1777892279.0233324,0.0,-7.0,-71.0
1777892279.0333323,3.0,-9.0,-67.0
1777892279.0433323,0.0,-8.0,-68.0
1777892279.0533323,-1.0,-5.0,-73.0
1777892279.0633323,2.0,-6.0,-74.0
1777892279.0733323,2.0,-6.0,-73.0
1777892279.0833323,4.0,-5.0,-74.0
1777892279.0933323,0.0,-3.0,-72.0
1777892279.1033323,-1.0,3.0,-70.0
1777892279.1133325,0.0,1.0,-70.0
1777892279.1233325,4.0,0.0,-65.0
1777892279.1333325,2.0,-3.0,-56.0
1777892279.1433325,6.0,-2.0,-62.0
1777892279.1533325,6.0,4.0,-61.0
1777892279.1633325,8.0,1.0,-64.0
1777892279.1733325,7.0,0.0,-68.0
1777892279.1833324,4.0,-6.0,-69.0
1777892279.1933324,-2.0,-3.0,-60.0
1777892279.2033324,1.0,-3.0,-66.0
1777892279.2133324,0.0,-5.0,-65.0
1777892279.2233324,0.0,-3.0,-64.0
1777892279.2333324,-2.0,-4.0,-66.0
1777892279.2433324,-6.0,-3.0,-63.0
1777892279.2533324,0.0,-4.0,-68.0
1777892279.2633324,0.0,-6.0,-71.0
1777892279.2733324,1.0,-6.0,-67.0
1777892279.2833323,0.0,-9.0,-70.0
1777892279.2933323,0.0,-2.0,-72.0
1777892279.3033323,-1.0,-5.0,-73.0
1777892279.3133323,5.0,-9.0,-68.0
1777892279.3233323,7.0,-7.0,-68.0
1777892279.3333323,11.0,-3.0,-72.0
1777892279.3433323,6.0,-4.0,-75.0
1777892279.3533323,-2.0,-5.0,-81.0
1777892279.3633325,-5.0,-3.0,-75.0
1777892279.3733325,-7.0,-3.0,-78.0
1777892279.3833325,-9.0,0.0,-76.0
1777892279.3933325,-5.0,-3.0,-80.0
1777892279.4033325,-4.0,-6.0,-80.0
1777892279.4133325,-6.0,-4.0,-84.0
1777892279.4233325,-7.0,-4.0,-93.0
1777892279.4333324,-1.0,-1.0,-84.0
1777892279.4433324,-3.0,0.0,-75.0
1777892279.4533324,-1.0,-1.0,-82.0
1777892279.4633324,1.0,-6.0,-81.0
1777892279.4733324,2.0,-5.0,-81.0
1777892279.4833324,2.0,-3.0,-78.0
1777892279.4933324,1.0,-3.0,-80.0
1777892279.5033324,1.0,-5.0,-74.0
1777892279.5133324,4.0,-5.0,-70.0
1777892279.5233324,3.0,-7.0,-70.0
1777892279.5333323,3.0,-6.0,-71.0
1777892279.5433323,0.0,-8.0,-74.0
1777892279.5533323,-1.0,-11.0,-74.0
1777892279.5633323,0.0,-12.0,-73.0
1777892279.5733323,-3.0,-8.0,-69.0
1777892279.5833323,0.0,-6.0,-62.0
1777892279.5933323,3.0,-2.0,-59.0
1777892279.6033323,6.0,-1.0,-61.0
1777892279.6133325,2.0,-3.0,-61.0
1777892279.6233325,2.0,-5.0,-64.0
1777892279.6333325,0.0,-7.0,-63.0
1777892279.6433325,0.0,-10.0,-62.0
1777892279.6533325,-4.0,-8.0,-63.0
1777892279.6633325,-2.0,-7.0,-67.0
1777892279.6733325,0.0,-9.0,-75.0
1777892279.6833324,1.0,-8.0,-78.0
1777892279.6933324,-2.0,-8.0,-72.0
1777892279.7033324,-4.0,-5.0,-77.0
1777892279.7133324,0.0,-4.0,-75.0
1777892279.7233324,-2.0,-3.0,-78.0
1777892279.7333324,-2.0,-5.0,-80.0
1777892279.7433324,4.0,-9.0,-81.0
1777892279.7533324,5.0,-10.0,-75.0
1777892279.7633324,2.0,-11.0,-76.0
1777892279.7733324,1.0,-10.0,-80.0
1777892279.7833323,0.0,-9.0,-76.0
1777892279.7933323,-1.0,-6.0,-72.0
1777892279.8033323,2.0,-8.0,-78.0
1777892279.8133323,0.0,-7.0,-80.0
1777892279.8233323,4.0,-8.0,-82.0
1777892279.8333323,6.0,-5.0,-74.0
1777892279.8433323,8.0,-7.0,-77.0
1777892279.8533323,8.0,-11.0,-78.0
1777892279.8633325,4.0,-12.0,-75.0
1777892279.8733325,0.0,-9.0,-71.0
1777892279.8833325,-2.0,-5.0,-75.0
1777892279.8933325,-1.0,-6.0,-72.0
1777892279.9033325,3.0,-1.0,-71.0
1777892279.9133325,3.0,-1.0,-68.0
1777892279.9233325,2.0,1.0,-71.0
1777892279.9333324,-2.0,2.0,-74.0
1777892279.9433324,-1.0,0.0,-77.0
1777892279.9533324,-1.0,-1.0,-77.0
1777892279.9633324,-4.0,0.0,-76.0
1777892279.9733324,-2.0,-3.0,-77.0
1777892279.9833324,3.0,-1.0,-74.0
1777892279.9933324,4.0,-2.0,-74.0
1777892280.0033324,6.0,-3.0,-72.0
1777892280.0133324,5.0,-3.0,-72.0
1777892280.0233324,4.0,-7.0,-79.0
1777892280.0333323,3.0,-7.0,-83.0
1777892280.0433323,0.0,-3.0,-88.0
1777892280.0533323,-2.0,1.0,-88.0
1777892280.0633323,-4.0,3.0,-80.0
1777892280.0733323,-2.0,4.0,-73.0
1777892280.0833323,-3.0,1.0,-75.0
1777892280.0933323,-3.0,3.0,-75.0
1777892280.1033323,-2.0,1.0,-70.0
1777892280.1133325,-1.0,3.0,-77.0
1777892280.1233325,0.0,2.0,-71.0
1777892280.1333325,-2.0,2.0,-70.0
1777892280.1433325,-6.0,0.0,-61.0
1777892280.1533325,-5.0,2.0,-60.0
1777892280.1633325,-7.0,0.0,-60.0
1777892280.1733325,-4.0,1.0,-67.0
1777892280.1833324,-6.0,-3.0,-73.0
1777892280.1933324,-4.0,1.0,-73.0
1777892280.2033324,-4.0,1.0,-74.0
1777892280.2133324,2.0,-3.0,-72.0
1777892280.2233324,0.0,-1.0,-67.0
1777892280.2333324,-2.0,0.0,-65.0
1777892280.2433324,0.0,-4.0,-63.0
1777892280.2533324,2.0,-5.0,-63.0
1777892280.2633324,4.0,-3.0,-61.0
1777892280.2733324,2.0,0.0,-61.0
1777892280.2833323,4.0,0.0,-57.0
1777892280.2933323,5.0,-3.0,-59.0
1777892280.3033323,9.0,-4.0,-66.0
1777892280.3133323,7.0,-5.0,-75.0
1777892280.3233323,6.0,-9.0,-76.0
1777892280.3333323,1.0,-6.0,-75.0
1777892280.3433323,-4.0,-10.0,-71.0
1777892280.3533323,-2.0,-9.0,-79.0
1777892280.3633325,1.0,-10.0,-80.0
1777892280.3733325,5.0,-9.0,-79.0
1777892280.3833325,10.0,-11.0,-84.0
1777892280.3933325,3.0,-6.0,-74.0
1777892280.4033325,1.0,-4.0,-74.0
1777892280.4133325,-6.0,-2.0,-72.0
1777892280.4233325,-2.0,0.0,-66.0
1777892280.4333324,1.0,1.0,-67.0
1777892280.4433324,0.0,3.0,-73.0
1777892280.4533324,2.0,2.0,-77.0
1777892280.4633324,4.0,2.0,-78.0
1777892280.4733324,2.0,2.0,-76.0
1777892280.4833324,-2.0,1.0,-76.0
1777892280.4933324,0.0,2.0,-75.0
1777892280.5033324,0.0,0.0,-71.0
1777892280.5133324,3.0,-2.0,-69.0
1777892280.5233324,0.0,-3.0,-68.0
1777892280.5333323,6.0,-4.0,-66.0
1777892280.5433323,0.0,0.0,-64.0
1777892280.5533323,0.0,1.0,-67.0
1777892280.5633323,4.0,4.0,-66.0
1777892280.5733323,7.0,5.0,-66.0
1777892280.5833323,4.0,2.0,-67.0
1777892280.5933323,2.0,4.0,-68.0
1777892280.6033323,0.0,5.0,-65.0
1777892280.6133325,-1.0,3.0,-69.0
1777892280.6233325,-3.0,0.0,-64.0
1777892280.6333325,-4.0,3.0,-67.0
1777892280.6433325,-3.0,0.0,-61.0
1777892280.6533325,-6.0,-1.0,-65.0
1777892280.6633325,-7.0,3.0,-72.0
1777892280.6733325,-10.0,1.0,-70.0
1777892280.6833324,-4.0,-2.0,-74.0
1777892280.6933324,0.0,-2.0,-77.0
1777892280.7033324,2.0,0.0,-80.0
1777892280.7133324,2.0,0.0,-79.0
1777892280.7233324,-1.0,0.0,-79.0
1777892280.7333324,1.0,0.0,-86.0
1777892280.7433324,0.0,-2.0,-86.0
1777892280.7533324,-3.0,-3.0,-80.0
1777892280.7633324,1.0,-1.0,-82.0
1777892280.7733324,0.0,2.0,-76.0
1777892280.7833323,-4.0,2.0,-76.0
1777892280.7933323,-1.0,0.0,-70.0
1777892280.8033323,4.0,1.0,-68.0
1777892280.8133323,2.0,-1.0,-72.0
1777892280.8233323,0.0,-3.0,-71.0
1777892280.8333323,3.0,-5.0,-72.0
1777892280.8433323,3.0,-3.0,-68.0
1777892280.8533323,0.0,-1.0,-68.0
1777892280.8633325,-5.0,0.0,-73.0
1777892280.8733325,-2.0,-1.0,-75.0
1777892280.8843324,0.0,-4.0,-79.0
1777892280.8933325,0.0,0.0,-72.0
1777892280.9033325,1.0,0.0,-75.0
1777892280.9143324,-3.0,0.0,-78.0
1777892280.9243324,-4.0,-1.0,-72.0
1777892280.9343324,-6.0,-5.0,-68.0
1777892280.9443324,-3.0,-4.0,-69.0
1777892280.9543324,0.0,-2.0,-71.0
1777892280.9643323,3.0,2.0,-68.0
1777892280.9743323,0.0,3.0,-76.0
1777892280.9843323,6.0,3.0,-75.0
1777892280.9943323,8.0,0.0,-70.0
1777892281.0043323,5.0,0.0,-66.0
1777892281.0143323,6.0,0.0,-69.0
1777892281.0243323,8.0,-1.0,-61.0
1777892281.0343325,5.0,0.0,-69.0
1777892281.0443325,6.0,1.0,-75.0
1777892281.0543325,2.0,-1.0,-71.0
1777892281.0643325,2.0,-1.0,-69.0
1777892281.0743325,4.0,1.0,-69.0
1777892281.0843325,3.0,0.0,-69.0
1777892281.0943325,0.0,0.0,-65.0
1777892281.1043324,3.0,0.0,-72.0
1777892281.1143324,-1.0,0.0,-78.0
1777892281.1243324,1.0,0.0,-72.0
1777892281.1343324,4.0,-1.0,-67.0
1777892281.1443324,4.0,-3.0,-61.0
1777892281.1543324,5.0,0.0,-64.0
1777892281.1643324,1.0,0.0,-67.0
1777892281.1743324,0.0,-2.0,-71.0
1777892281.1843324,0.0,-4.0,-72.0
1777892281.1943324,-2.0,-2.0,-73.0
1777892281.2043324,-5.0,-5.0,-73.0
1777892281.2143323,-3.0,-7.0,-80.0
1777892281.2243323,-2.0,-11.0,-78.0
1777892281.2343323,-1.0,-5.0,-81.0
1777892281.2443323,0.0,-3.0,-76.0
1777892281.2543323,-1.0,-3.0,-67.0
1777892281.2643323,0.0,-1.0,-65.0
1777892281.2743323,2.0,-4.0,-72.0
1777892281.2843325,0.0,-5.0,-72.0
1777892281.2943325,4.0,-8.0,-72.0
1777892281.3043325,3.0,-6.0,-71.0
1777892281.3143325,6.0,-6.0,-71.0
1777892281.3243325,4.0,-2.0,-67.0
1777892281.3343325,2.0,-6.0,-71.0
1777892281.3443325,0.0,-7.0,-67.0
1777892281.3543324,0.0,-8.0,-66.0
1777892281.3643324,0.0,-5.0,-69.0
1777892281.3743324,3.0,-4.0,-65.0
1777892281.3843324,1.0,-5.0,-69.0
1777892281.3943324,2.0,-5.0,-73.0
1777892281.4043324,4.0,-4.0,-74.0
1777892281.4143324,5.0,-8.0,-75.0
1777892281.4243324,3.0,-3.0,-74.0
1777892281.4343324,2.0,-5.0,-74.0
1777892281.4443324,0.0,-6.0,-74.0
1777892281.4543324,-5.0,-3.0,-75.0
1777892281.4643323,-5.0,-6.0,-66.0
1777892281.4743323,-2.0,-6.0,-73.0
1777892281.4843323,-2.0,-1.0,-73.0
1777892281.4943323,-3.0,4.0,-69.0
1777892281.5043323,0.0,0.0,-70.0
1777892281.5143323,5.0,-2.0,-54.0
1777892281.5243323,1.0,-3.0,-55.0
1777892281.5343325,0.0,-7.0,-54.0
1777892281.5443325,-2.0,-9.0,-56.0
1777892281.5543325,-1.0,-10.0,-57.0
1777892281.5643325,0.0,-6.0,-53.0
1777892281.5743325,0.0,-4.0,-57.0
1777892281.5843325,0.0,-3.0,-62.0
1777892281.5943325,4.0,-3.0,-64.0
1777892281.6043324,2.0,-2.0,-72.0
1777892281.6143324,0.0,-4.0,-77.0
1777892281.6243324,5.0,-6.0,-79.0
1777892281.6343324,7.0,-6.0,-73.0
1777892281.6443324,8.0,-6.0,-66.0
1777892281.6543324,5.0,-2.0,-66.0
1777892281.6643324,1.0,-1.0,-71.0
1777892281.6743324,2.0,-3.0,-73.0
1777892281.6843324,0.0,0.0,-77.0
1777892281.6943324,0.0,-2.0,-81.0
1777892281.7043324,-3.0,0.0,-82.0
1777892281.7143323,-7.0,0.0,-79.0
1777892281.7243323,-5.0,2.0,-80.0
1777892281.7343323,-6.0,4.0,-77.0
1777892281.7443323,-5.0,2.0,-78.0
1777892281.7543323,-5.0,1.0,-74.0
1777892281.7643323,-4.0,0.0,-75.0
1777892281.7743323,-7.0,0.0,-75.0
1777892281.7843325,-8.0,0.0,-70.0
1777892281.7943325,-4.0,-5.0,-62.0
1777892281.8043325,0.0,0.0,-64.0
1777892281.8143325,-3.0,-3.0,-63.0
1777892281.8243325,-3.0,-2.0,-64.0
1777892281.8343325,0.0,-1.0,-66.0
1777892281.8443325,2.0,-5.0,-69.0
1777892281.8543324,-1.0,-5.0,-66.0
1777892281.8643324,5.0,-3.0,-66.0
1777892281.8743324,4.0,-1.0,-65.0
1777892281.8843324,3.0,1.0,-68.0
1777892281.8943324,1.0,0.0,-64.0
1777892281.9043324,-2.0,0.0,-68.0
1777892281.9143324,-9.0,-1.0,-69.0
1777892281.9243324,-13.0,-1.0,-68.0
1777892281.9343324,-7.0,2.0,-69.0
1777892281.9443324,-5.0,0.0,-71.0
1777892281.9543324,-2.0,2.0,-70.0
1777892281.9643323,-2.0,0.0,-73.0
1777892281.9743323,-1.0,2.0,-77.0
1777892281.9843323,1.0,4.0,-76.0
1777892281.9943323,1.0,5.0,-70.0
1777892282.0043323,2.0,2.0,-66.0
1777892282.0143323,-2.0,1.0,-66.0
1777892282.0243323,0.0,2.0,-73.0
1777892282.0343325,0.0,0.0,-73.0
1777892282.0443325,-1.0,2.0,-76.0
1777892282.0543325,1.0,1.0,-76.0
1777892282.0643325,3.0,0.0,-75.0
1777892282.0743325,4.0,2.0,-71.0
1777892282.0843325,4.0,4.0,-71.0
1777892282.0943325,6.0,4.0,-70.0
1777892282.1043324,12.0,2.0,-69.0
1777892282.1143324,5.0,-1.0,-64.0
1777892282.1243324,4.0,0.0,-77.0
1777892282.1343324,5.0,0.0,-74.0
1777892282.1443324,9.0,-4.0,-74.0
1777892282.1543324,3.0,-4.0,-76.0
1777892282.1643324,2.0,-4.0,-70.0
1777892282.1743324,2.0,-3.0,-69.0
1777892282.1843324,-2.0,0.0,-67.0
1777892282.1943324,-2.0,-2.0,-65.0
1777892282.2043324,-4.0,0.0,-69.0
1777892282.2143323,-1.0,-2.0,-73.0
1777892282.2243323,-1.0,-4.0,-76.0
1777892282.2343323,-3.0,-1.0,-73.0
1777892282.2443323,-4.0,2.0,-71.0
1777892282.2543323,2.0,3.0,-72.0
1777892282.2643323,5.0,5.0,-68.0
1777892282.2743323,1.0,2.0,-73.0
1777892282.2843325,0.0,-1.0,-71.0
1777892282.2943325,-3.0,-1.0,-77.0
1777892282.3043325,-4.0,-3.0,-79.0
1777892282.3143325,-1.0,-1.0,-76.0
1777892282.3243325,-5.0,-1.0,-77.0
1777892282.3343325,-4.0,0.0,-74.0
1777892282.3443325,-3.0,2.0,-81.0
1777892282.3543324,0.0,-3.0,-75.0
1777892282.3643324,0.0,-2.0,-78.0
1777892282.3743324,0.0,-2.0,-83.0
1777892282.3843324,0.0,-5.0,-78.0
1777892282.3943324,8.0,-3.0,-77.0
1777892282.4043324,5.0,-7.0,-79.0
1777892282.4143324,7.0,-6.0,-77.0
1777892282.4243324,4.0,-5.0,-75.0
1777892282.4343324,-3.0,-6.0,-76.0
1777892282.4443324,-5.0,-2.0,-75.0
1777892282.4543324,-2.0,2.0,-71.0
1777892282.4643323,-1.0,0.0,-70.0
1777892282.4743323,-3.0,2.0,-74.0
1777892282.4843323,3.0,1.0,-76.0
1777892282.4943323,3.0,3.0,-75.0
1777892282.5043323,1.0,0.0,-68.0
1777892282.5143323,0.0,-3.0,-72.0
1777892282.5243323,-7.0,-1.0,-74.0
1777892282.5343325,-3.0,-2.0,-74.0
1777892282.5443325,-3.0,0.0,-70.0
1777892282.5543325,3.0,1.0,-69.0
1777892282.5643325,0.0,1.0,-70.0
1777892282.5743325,6.0,0.0,-70.0
1777892282.5843325,7.0,-2.0,-66.0
1777892282.5943325,7.0,-1.0,-72.0
1777892282.6043324,3.0,-4.0,-71.0
1777892282.6143324,2.0,-3.0,-70.0
1777892282.6243324,0.0,-2.0,-77.0
1777892282.6343324,2.0,-1.0,-74.0
1777892282.6443324,0.0,0.0,-72.0
1777892282.6543324,2.0,0.0,-73.0
1777892282.6643324,0.0,0.0,-71.0
1777892282.6743324,2.0,0.0,-77.0
1777892282.6843324,0.0,1.0,-80.0
1777892282.6943324,-2.0,0.0,-78.0
1777892282.7043324,-3.0,0.0,-76.0
1777892282.7143323,1.0,-3.0,-69.0
1777892282.7243323,0.0,-3.0,-67.0
1777892282.7343323,1.0,0.0,-71.0
1777892282.7443323,0.0,-1.0,-70.0
1777892282.7543323,-1.0,-2.0,-68.0
1777892282.7643323,0.0,-4.0,-71.0
1777892282.7743323,0.0,-10.0,-66.0
1777892282.7843325,0.0,-11.0,-68.0
1777892282.7943325,2.0,-8.0,-75.0
1777892282.8043325,2.0,-2.0,-77.0
1777892282.8143325,5.0,-3.0,-78.0
1777892282.8243325,6.0,-1.0,-75.0
1777892282.8343325,3.0,-4.0,-72.0
1777892282.8443325,2.0,-2.0,-74.0
1777892282.8543324,-2.0,0.0,-69.0
1777892282.8643324,0.0,0.0,-68.0
1777892282.8743324,0.0,0.0,-69.0
1777892282.8843324,-4.0,-2.0,-68.0
1777892282.8943324,-1.0,-1.0,-68.0
1777892282.9043324,0.0,-3.0,-73.0
1777892282.9153323,0.0,-5.0,-75.0
1777892282.9253323,0.0,-7.0,-70.0
1777892282.9353323,3.0,-8.0,-68.0
1777892282.9453323,2.0,-5.0,-60.0
1777892282.9553325,5.0,-3.0,-63.0
1777892282.9653325,1.0,0.0,-63.0
1777892282.9753325,5.0,-1.0,-63.0
1777892282.9853325,6.0,-3.0,-66.0
1777892282.9953325,1.0,-2.0,-62.0
1777892283.0053325,0.0,-3.0,-65.0
1777892283.0153325,0.0,-3.0,-63.0
1777892283.0253325,1.0,-7.0,-66.0
1777892283.0353324,0.0,-9.0,-71.0
1777892283.0453324,-5.0,-13.0,-73.0
1777892283.0553324,-3.0,-15.0,-76.0
1777892283.0653324,-4.0,-15.0,-77.0
1777892283.0753324,-3.0,-12.0,-76.0
1777892283.0853324,-1.0,-9.0,-75.0
1777892283.0953324,-4.0,-8.0,-68.0
1777892283.1053324,-3.0,-4.0,-70.0
1777892283.1153324,-4.0,3.0,-74.0
1777892283.1253324,-2.0,4.0,-79.0
1777892283.1353323,0.0,1.0,-82.0
1777892283.1453323,0.0,0.0,-82.0
1777892283.1553323,0.0,2.0,-76.0
1777892283.1653323,-2.0,3.0,-70.0
1777892283.1753323,0.0,0.0,-66.0
1777892283.1853323,2.0,-3.0,-66.0
1777892283.1953323,6.0,-3.0,-66.0
1777892283.2053325,8.0,-6.0,-62.0
1777892283.2153325,7.0,-4.0,-66.0
1777892283.2253325,8.0,0.0,-63.0
1777892283.2353325,10.0,-2.0,-61.0
1777892283.2453325,1.0,-4.0,-57.0
1777892283.2553325,-2.0,-2.0,-58.0
1777892283.2653325,0.0,-5.0,-60.0
1777892283.2753325,5.0,-10.0,-67.0
1777892283.2853324,3.0,-9.0,-74.0
1777892283.2953324,5.0,-5.0,-74.0
1777892283.3053324,5.0,-4.0,-68.0
1777892283.3153324,8.0,0.0,-69.0
1777892283.3253324,5.0,-4.0,-75.0
1777892283.3353324,5.0,-5.0,-68.0
1777892283.3453324,5.0,-8.0,-67.0
1777892283.3553324,0.0,-4.0,-74.0
1777892283.3653324,0.0,-5.0,-71.0
1777892283.3753324,0.0,-4.0,-68.0
1777892283.3853323,1.0,-3.0,-70.0
1777892283.3953323,2.0,-4.0,-77.0
1777892283.4053323,4.0,-5.0,-73.0
1777892283.4153323,1.0,-7.0,-79.0
1777892283.4253323,0.0,-8.0,-81.0
1777892283.4353323,2.0,-7.0,-81.0
1777892283.4453323,-1.0,-7.0,-73.0
1777892283.4553325,-1.0,-7.0,-77.0
1777892283.4653325,0.0,-3.0,-78.0
1777892283.4753325,-1.0,0.0,-78.0
1777892283.4853325,-6.0,-2.0,-80.0
1777892283.4953325,-3.0,-3.0,-76.0
1777892283.5053325,0.0,-3.0,-77.0
1777892283.5153325,-1.0,-2.0,-78.0
1777892283.5253325,1.0,-3.0,-73.0
1777892283.5353324,0.0,-5.0,-71.0
1777892283.5453324,1.0,-4.0,-74.0
1777892283.5553324,0.0,-6.0,-68.0
1777892283.5653324,0.0,-4.0,-74.0
1777892283.5753324,-2.0,-2.0,-70.0
1777892283.5853324,-4.0,-1.0,-68.0
1777892283.5953324,-2.0,-5.0,-60.0
1777892283.6053324,-1.0,-4.0,-53.0
1777892283.6153324,-3.0,-5.0,-56.0
1777892283.6253324,0.0,-7.0,-60.0
1777892283.6353323,1.0,-6.0,-64.0
1777892283.6453323,5.0,-3.0,-68.0
1777892283.6553323,0.0,-2.0,-73.0
1777892283.6653323,-2.0,-1.0,-76.0
1777892283.6753323,-1.0,-3.0,-80.0
1777892283.6853323,3.0,-2.0,-79.0
1777892283.6953323,7.0,-1.0,-76.0
1777892283.7053325,5.0,-2.0,-77.0
1777892283.7153325,0.0,-6.0,-79.0
1777892283.7253325,-1.0,-8.0,-83.0
1777892283.7353325,-5.0,-6.0,-84.0
1777892283.7453325,-5.0,-5.0,-73.0
1777892283.7553325,-5.0,-8.0,-70.0
1777892283.7653325,-6.0,-6.0,-65.0
1777892283.7753325,-3.0,-8.0,-72.0
1777892283.7853324,-1.0,-7.0,-74.0
1777892283.7953324,-1.0,-7.0,-68.0
1777892283.8053324,-1.0,-4.0,-69.0
1777892283.8153324,-1.0,-5.0,-69.0
1777892283.8253324,3.0,-5.0,-73.0
1777892283.8353324,5.0,-5.0,-80.0
1777892283.8453324,0.0,-6.0,-79.0
1777892283.8553324,-1.0,-2.0,-79.0
1777892283.8653324,-3.0,-2.0,-72.0
1777892283.8753324,-3.0,-1.0,-70.0
1777892283.8853323,-2.0,2.0,-64.0
1777892283.8953323,-4.0,-1.0,-69.0
1777892283.9053323,-3.0,-2.0,-71.0
1777892283.9153323,-1.0,-3.0,-75.0
1777892283.9253323,-3.0,0.0,-76.0
1777892283.9353323,-1.0,-3.0,-79.0
1777892283.9453323,0.0,-4.0,-76.0
1777892283.9553325,3.0,-2.0,-71.0
1777892283.9653325,4.0,-4.0,-72.0
1777892283.9753325,5.0,-8.0,-71.0
1777892283.9853325,9.0,-5.0,-64.0
1777892283.9953325,6.0,3.0,-62.0
1777892284.0053325,4.0,4.0,-62.0
1777892284.0153325,0.0,2.0,-67.0
1777892284.0253325,-1.0,0.0,-75.0
1777892284.0353324,0.0,-4.0,-75.0
1777892284.0453324,0.0,-3.0,-66.0
1777892284.0553324,-2.0,-1.0,-67.0
1777892284.0653324,-1.0,-1.0,-64.0
1777892284.0753324,2.0,0.0,-63.0
1777892284.0853324,5.0,-1.0,-61.0
1777892284.0953324,-1.0,6.0,-66.0
1777892284.1053324,-2.0,4.0,-59.0
1777892284.1153324,-1.0,0.0,-51.0
1777892284.1253324,-6.0,-5.0,-59.0
1777892284.1353323,-5.0,-8.0,-64.0
1777892284.1453323,-3.0,-8.0,-69.0
1777892284.1553323,-4.0,-6.0,-76.0
1777892284.1653323,-3.0,-4.0,-76.0
1777892284.1753323,0.0,-4.0,-69.0
1777892284.1853323,1.0,-4.0,-67.0
1777892284.1953323,1.0,-3.0,-65.0
1777892284.2053325,0.0,-4.0,-69.0
1777892284.2153325,3.0,-6.0,-69.0
1777892284.2253325,0.0,-7.0,-69.0
1777892284.2353325,0.0,-9.0,-69.0
1777892284.2453325,3.0,-6.0,-69.0
1777892284.2553325,-3.0,-3.0,-69.0
1777892284.2653325,-1.0,-4.0,-64.0
1777892284.2753325,0.0,0.0,-73.0
1777892284.2853324,0.0,-2.0,-72.0
1777892284.2953324,-2.0,-2.0,-75.0
1777892284.3053324,-3.0,-4.0,-77.0
1777892284.3153324,-8.0,-4.0,-71.0
1777892284.3253324,-6.0,-3.0,-75.0
1777892284.3353324,-9.0,-2.0,-68.0
1777892284.3453324,-11.0,-4.0,-69.0
1777892284.3553324,-11.0,-5.0,-69.0
1777892284.3653324,-9.0,-2.0,-68.0
1777892284.3753324,-7.0,-3.0,-68.0
1777892284.3853323,-6.0,-7.0,-64.0
1777892284.3953323,-5.0,-6.0,-64.0
1777892284.4053323,-6.0,-5.0,-62.0
1777892284.4153323,-6.0,-3.0,-65.0
1777892284.4253323,0.0,0.0,-77.0
1777892284.4353323,0.0,-1.0,-75.0
1777892284.4453323,-3.0,-1.0,-74.0
1777892284.4553325,0.0,-4.0,-75.0
1777892284.4653325,3.0,-3.0,-78.0
1777892284.4753325,0.0,-4.0,-79.0
1777892284.4853325,-2.0,0.0,-72.0
1777892284.4953325,-1.0,-3.0,-73.0
1777892284.5053325,-2.0,-1.0,-73.0
1777892284.5153325,-6.0,0.0,-73.0
1777892284.5253325,-2.0,-3.0,-74.0
1777892284.5353324,-5.0,0.0,-70.0
1777892284.5453324,-5.0,-1.0,-67.0
1777892284.5553324,-2.0,0.0,-67.0
1777892284.5653324,0.0,2.0,-67.0
1777892284.5753324,2.0,1.0,-68.0
1777892284.5853324,1.0,3.0,-67.0
1777892284.5953324,3.0,3.0,-66.0
1777892284.6053324,-3.0,0.0,-71.0
1777892284.6153324,-4.0,0.0,-69.0
1777892284.6253324,-8.0,0.0,-71.0
1777892284.6353323,-9.0,-3.0,-67.0
1777892284.6453323,-6.0,-5.0,-66.0
1777892284.6553323,-6.0,-6.0,-68.0
1777892284.6653323,-5.0,-5.0,-67.0
1777892284.6753323,-3.0,-2.0,-70.0
1777892284.6853323,0.0,-5.0,-75.0
1777892284.6953323,0.0,-5.0,-81.0
1777892284.7053325,1.0,0.0,-81.0
1777892284.7153325,3.0,1.0,-82.0
1777892284.7253325,2.0,-1.0,-79.0
1777892284.7353325,2.0,-1.0,-80.0
1777892284.7453325,3.0,-3.0,-80.0
1777892284.7553325,2.0,-2.0,-79.0
1777892284.7653325,-1.0,-5.0,-78.0
1777892284.7753325,0.0,-8.0,-77.0
1777892284.7853324,-1.0,-5.0,-79.0
1777892284.7953324,0.0,-4.0,-81.0
1777892284.8053324,2.0,0.0,-73.0
1777892284.8153324,0.0,-5.0,-73.0
1777892284.8253324,2.0,-6.0,-74.0
1777892284.8353324,3.0,-3.0,-75.0
1777892284.8453324,4.0,-3.0,-75.0
1777892284.8553324,8.0,-1.0,-78.0
1777892284.8653324,8.0,-1.0,-70.0
1777892284.8763323,7.0,1.0,-63.0
1777892284.8863325,5.0,2.0,-61.0
1777892284.8953323,5.0,0.0,-59.0
1777892284.9063325,0.0,3.0,-60.0
1777892284.9163325,0.0,2.0,-63.0
1777892284.9263325,1.0,1.0,-69.0
1777892284.9363325,2.0,4.0,-68.0
1777892284.9463325,-2.0,3.0,-69.0
1777892284.9563324,-3.0,0.0,-73.0
1777892284.9663324,-3.0,-1.0,-76.0
1777892284.9763324,-6.0,-3.0,-72.0
1777892284.9863324,-2.0,1.0,-67.0
1777892284.9963324,0.0,2.0,-71.0
1777892285.0063324,1.0,1.0,-69.0
1777892285.0163324,5.0,1.0,-73.0
1777892285.0263324,3.0,4.0,-71.0
1777892285.0363324,0.0,4.0,-74.0
1777892285.0463324,-2.0,5.0,-70.0
1777892285.0563323,0.0,5.0,-65.0
1777892285.0663323,0.0,5.0,-66.0
1777892285.0763323,0.0,8.0,-66.0
1777892285.0863323,1.0,8.0,-72.0
1777892285.0963323,1.0,7.0,-72.0
1777892285.1063323,2.0,7.0,-76.0
1777892285.1163323,3.0,5.0,-78.0
1777892285.1263323,0.0,7.0,-81.0
1777892285.1363325,0.0,7.0,-80.0
1777892285.1463325,-1.0,7.0,-78.0
1777892285.1563325,-2.0,3.0,-80.0
1777892285.1663325,-1.0,4.0,-77.0
1777892285.1763325,3.0,0.0,-77.0
1777892285.1863325,8.0,-1.0,-77.0
1777892285.1963325,4.0,-4.0,-77.0
1777892285.2063324,4.0,-5.0,-80.0
1777892285.2163324,3.0,-4.0,-77.0
1777892285.2263324,3.0,-5.0,-74.0
1777892285.2363324,2.0,-5.0,-67.0
1777892285.2463324,1.0,-4.0,-72.0
1777892285.2563324,-3.0,-4.0,-76.0
1777892285.2663324,-2.0,-6.0,-78.0
1777892285.2763324,-3.0,-4.0,-74.0
1777892285.2863324,-4.0,-5.0,-79.0
1777892285.2963324,-3.0,-2.0,-72.0
1777892285.3063323,-1.0,-4.0,-70.0
1777892285.3163323,0.0,1.0,-75.0
1777892285.3263323,6.0,1.0,-79.0
1777892285.3363323,3.0,1.0,-76.0
1777892285.3463323,-2.0,1.0,-71.0
1777892285.3563323,-1.0,0.0,-75.0
1777892285.3663323,0.0,1.0,-73.0
1777892285.3763323,-2.0,0.0,-65.0
1777892285.3863325,-6.0,2.0,-63.0
1777892285.3963325,-5.0,1.0,-72.0
1777892285.4063325,-7.0,2.0,-70.0
1777892285.4163325,-9.0,3.0,-70.0
1777892285.4263325,-8.0,-2.0,-72.0
1777892285.4363325,-11.0,-4.0,-74.0
1777892285.4463325,-10.0,0.0,-72.0
1777892285.4563324,-6.0,0.0,-71.0
1777892285.4663324,-8.0,-1.0,-67.0
1777892285.4763324,-6.0,-3.0,-65.0
1777892285.4863324,-2.0,-1.0,-73.0
1777892285.4963324,3.0,-1.0,-78.0
1777892285.5063324,1.0,-1.0,-74.0
1777892285.5163324,0.0,-1.0,-74.0
1777892285.5263324,-1.0,-5.0,-73.0
1777892285.5363324,1.0,-7.0,-71.0
1777892285.5463324,4.0,-8.0,-68.0
1777892285.5563323,7.0,-6.0,-68.0
1777892285.5663323,4.0,-2.0,-69.0
1777892285.5763323,0.0,0.0,-70.0
1777892285.5863323,-2.0,6.0,-72.0
1777892285.5963323,-1.0,7.0,-72.0
1777892285.6063323,0.0,10.0,-71.0
1777892285.6163323,0.0,6.0,-68.0
1777892285.6263323,0.0,2.0,-76.0
1777892285.6363325,2.0,-1.0,-76.0
1777892285.6463325,-2.0,-3.0,-81.0
1777892285.6563325,-5.0,-4.0,-82.0
1777892285.6663325,-2.0,-4.0,-88.0
1777892285.6763325,1.0,-1.0,-85.0
1777892285.6863325,4.0,-5.0,-78.0
1777892285.6963325,6.0,-5.0,-72.0
1777892285.7063324,5.0,-5.0,-76.0
1777892285.7163324,2.0,-6.0,-70.0
1777892285.7263324,4.0,-6.0,-67.0
1777892285.7363324,5.0,-4.0,-67.0
1777892285.7463324,3.0,-6.0,-65.0
1777892285.7563324,7.0,-3.0,-60.0
1777892285.7663324,10.0,-2.0,-65.0
1777892285.7763324,6.0,-1.0,-56.0
1777892285.7863324,-1.0,-3.0,-60.0
1777892285.7963324,2.0,-1.0,-65.0
1777892285.8063323,3.0,-2.0,-68.0
1777892285.8163323,2.0,2.0,-71.0
1777892285.8263323,2.0,1.0,-62.0
1777892285.8363323,2.0,1.0,-62.0
1777892285.8463323,1.0,4.0,-62.0
1777892285.8563323,1.0,4.0,-66.0
1777892285.8663323,-2.0,3.0,-70.0
1777892285.8763323,0.0,7.0,-75.0
1777892285.8863325,0.0,8.0,-72.0
1777892285.8963325,-1.0,9.0,-75.0
1777892285.9063325,0.0,11.0,-74.0
1777892285.9163325,-1.0,6.0,-76.0
1777892285.9263325,-2.0,5.0,-80.0
1777892285.9363325,-1.0,2.0,-83.0
1777892285.9463325,-2.0,1.0,-79.0
1777892285.9563324,-1.0,1.0,-81.0
1777892285.9663324,-1.0,0.0,-84.0
1777892285.9763324,3.0,-2.0,-82.0
1777892285.9863324,0.0,0.0,-79.0
1777892285.9963324,-1.0,-5.0,-79.0
1777892286.0063324,2.0,-1.0,-81.0
1777892286.0163324,9.0,-2.0,-84.0
1777892286.0263324,9.0,1.0,-76.0
1777892286.0363324,5.0,7.0,-77.0
1777892286.0463324,4.0,9.0,-76.0
1777892286.0563323,7.0,11.0,-72.0
1777892286.0663323,7.0,8.0,-75.0
1777892286.0763323,7.0,7.0,-73.0
1777892286.0863323,6.0,6.0,-75.0
1777892286.0963323,6.0,1.0,-79.0
1777892286.1063323,6.0,-7.0,-70.0
1777892286.1163323,4.0,-7.0,-67.0
1777892286.1263323,-2.0,-3.0,-66.0
1777892286.1363325,2.0,-5.0,-65.0
1777892286.1463325,5.0,-1.0,-62.0
1777892286.1563325,6.0,-4.0,-63.0
1777892286.1663325,6.0,-3.0,-67.0
1777892286.1763325,1.0,-3.0,-71.0
1777892286.1863325,1.0,-2.0,-69.0
1777892286.1963325,1.0,-4.0,-68.0
1777892286.2063324,5.0,-8.0,-72.0
1777892286.2163324,4.0,-5.0,-72.0
1777892286.2263324,6.0,-5.0,-70.0
1777892286.2363324,3.0,-2.0,-67.0
1777892286.2463324,4.0,-1.0,-68.0
1777892286.2563324,7.0,-3.0,-73.0
1777892286.2663324,3.0,0.0,-72.0
1777892286.2763324,1.0,1.0,-71.0
1777892286.2863324,2.0,1.0,-72.0
1777892286.2963324,1.0,-2.0,-72.0
1777892286.3063323,1.0,-6.0,-78.0
1777892286.3163323,8.0,-4.0,-81.0
1777892286.3263323,11.0,-6.0,-80.0
1777892286.3363323,9.0,-3.0,-77.0
1777892286.3463323,9.0,-4.0,-83.0
1777892286.3563323,12.0,-8.0,-80.0
1777892286.3663323,12.0,-7.0,-80.0
1777892286.3763323,5.0,-5.0,-81.0
1777892286.3863325,1.0,-3.0,-76.0
1777892286.3963325,0.0,-4.0,-74.0
1777892286.4063325,0.0,-7.0,-77.0
1777892286.4163325,-3.0,-5.0,-69.0
1777892286.4263325,-3.0,-4.0,-73.0
1777892286.4363325,0.0,-1.0,-77.0
1777892286.4463325,1.0,-2.0,-75.0
1777892286.4563324,3.0,-2.0,-77.0
1777892286.4663324,2.0,-3.0,-74.0
1777892286.4763324,1.0,-1.0,-75.0
1777892286.4863324,7.0,2.0,-76.0
1777892286.4963324,5.0,1.0,-77.0
1777892286.5063324,0.0,4.0,-81.0
1777892286.5163324,0.0,4.0,-75.0
1777892286.5263324,-1.0,4.0,-76.0
1777892286.5363324,0.0,-1.0,-79.0
1777892286.5463324,0.0,-1.0,-73.0
1777892286.5563323,0.0,-3.0,-73.0
1777892286.5663323,0.0,-1.0,-69.0
1777892286.5763323,-3.0,-3.0,-69.0
1777892286.5863323,-6.0,-6.0,-68.0
1777892286.5963323,-7.0,0.0,-66.0
1777892286.6063323,-6.0,-8.0,-63.0
1777892286.6163323,-4.0,-6.0,-64.0
1777892286.6263323,-1.0,-5.0,-75.0
1777892286.6363325,-1.0,-5.0,-73.0
1777892286.6463325,1.0,-4.0,-62.0
1777892286.6563325,2.0,-5.0,-64.0
1777892286.6663325,1.0,-6.0,-66.0
1777892286.6763325,-2.0,-7.0,-65.0
1777892286.6863325,0.0,-7.0,-68.0
1777892286.6963325,4.0,0.0,-62.0
1777892286.7063324,6.0,1.0,-61.0
1777892286.7163324,8.0,7.0,-65.0
1777892286.7263324,7.0,4.0,-65.0
1777892286.7363324,6.0,-1.0,-67.0
1777892286.7463324,6.0,-3.0,-70.0
1777892286.7573323,5.0,-3.0,-74.0
1777892286.7663324,2.0,-1.0,-75.0
1777892286.7763324,-2.0,0.0,-74.0
1777892286.7863324,0.0,0.0,-79.0
1777892286.7963324,-1.0,-1.0,-81.0
1777892286.8063323,-3.0,0.0,-79.0
1777892286.8163323,-7.0,-1.0,-77.0
1777892286.8263323,-1.0,2.0,-77.0
1777892286.8363323,-3.0,2.0,-70.0
1777892286.8463323,-5.0,4.0,-71.0
1777892286.8563323,-4.0,5.0,-70.0
1777892286.8673325,-8.0,2.0,-70.0
1777892286.8773324,-5.0,0.0,-71.0
1777892286.8873324,-3.0,0.0,-66.0
1777892286.8973324,-1.0,-3.0,-64.0
1777892286.9073324,5.0,-3.0,-67.0
1777892286.9173324,3.0,0.0,-72.0
1777892286.9273324,4.0,-1.0,-67.0
1777892286.9373324,1.0,-2.0,-60.0
1777892286.9473324,0.0,1.0,-56.0
1777892286.9573324,-3.0,0.0,-66.0
1777892286.9673324,-6.0,-2.0,-72.0
1777892286.9773324,-2.0,1.0,-71.0
1777892286.9873323,-1.0,0.0,-74.0
1777892286.9973323,-3.0,-2.0,-75.0
1777892287.0073323,-1.0,-5.0,-75.0
1777892287.0173323,-1.0,-4.0,-72.0
1777892287.0273323,0.0,-6.0,-74.0
1777892287.0373323,-1.0,-2.0,-73.0
1777892287.0473323,0.0,-5.0,-78.0
1777892287.0573325,2.0,-5.0,-73.0
1777892287.0673325,0.0,-5.0,-72.0
1777892287.0773325,-2.0,-5.0,-76.0
1777892287.0873325,-1.0,-4.0,-72.0
1777892287.0973325,0.0,-8.0,-68.0
1777892287.1073325,0.0,-5.0,-72.0
1777892287.1173325,3.0,-3.0,-79.0
1777892287.1273324,3.0,-5.0,-77.0
1777892287.1373324,4.0,-4.0,-78.0
1777892287.1473324,2.0,-1.0,-85.0
1777892287.1573324,-2.0,0.0,-84.0
1777892287.1673324,-1.0,2.0,-91.0
1777892287.1773324,-3.0,0.0,-87.0
1777892287.1873324,-2.0,0.0,-85.0
1777892287.1973324,0.0,1.0,-83.0
1777892287.2073324,1.0,2.0,-80.0
1777892287.2173324,3.0,2.0,-80.0
1777892287.2273324,4.0,0.0,-90.0
1777892287.2373323,2.0,0.0,-88.0
1777892287.2473323,1.0,-1.0,-85.0
1777892287.2573323,0.0,-1.0,-85.0
1777892287.2673323,-4.0,-4.0,-89.0
1777892287.2773323,-3.0,-2.0,-83.0
1777892287.2873323,0.0,-4.0,-86.0
1777892287.2973323,0.0,-5.0,-89.0
1777892287.3073325,-2.0,-2.0,-85.0
1777892287.3173325,-2.0,0.0,-79.0
1777892287.3273325,-5.0,0.0,-80.0
1777892287.3373325,-6.0,-1.0,-78.0
1777892287.3473325,-3.0,-3.0,-78.0
1777892287.3573325,-2.0,-1.0,-82.0
1777892287.3673325,-4.0,0.0,-74.0
1777892287.3773324,0.0,2.0,-79.0
1777892287.3873324,-5.0,3.0,-75.0
1777892287.3973324,-5.0,3.0,-76.0
1777892287.4073324,-6.0,-2.0,-73.0
1777892287.4173324,-5.0,0.0,-73.0
1777892287.4273324,-6.0,0.0,-76.0
1777892287.4373324,-6.0,-3.0,-81.0
1777892287.4473324,-1.0,-3.0,-78.0
1777892287.4573324,0.0,-6.0,-80.0
1777892287.4673324,-2.0,-5.0,-80.0
1777892287.4773324,-5.0,-4.0,-85.0
1777892287.4873323,-5.0,0.0,-82.0
1777892287.4973323,-5.0,-2.0,-78.0
1777892287.5073323,-9.0,-3.0,-80.0
1777892287.5173323,-2.0,-2.0,-81.0
1777892287.5273323,0.0,-4.0,-79.0
1777892287.5373323,1.0,-4.0,-71.0
1777892287.5473323,4.0,0.0,-72.0
1777892287.5573325,3.0,-3.0,-70.0
1777892287.5673325,3.0,-1.0,-63.0
1777892287.5773325,2.0,4.0,-63.0
1777892287.5873325,0.0,7.0,-64.0
1777892287.5973325,0.0,3.0,-78.0
1777892287.6073325,-1.0,-2.0,-83.0
1777892287.6173325,2.0,-4.0,-80.0
1777892287.6273324,2.0,0.0,-75.0
1777892287.6373324,5.0,0.0,-75.0
1777892287.6473324,6.0,-1.0,-71.0
1777892287.6573324,8.0,0.0,-66.0
1777892287.6673324,4.0,-1.0,-53.0
1777892287.6773324,0.0,-2.0,-51.0
1777892287.6873324,2.0,-4.0,-55.0
1777892287.6973324,6.0,-3.0,-52.0
1777892287.7073324,3.0,-1.0,-63.0
1777892287.7173324,1.0,0.0,-63.0
1777892287.7273324,1.0,-4.0,-65.0
1777892287.7373323,-1.0,-1.0,-67.0
1777892287.7473323,-3.0,3.0,-65.0
1777892287.7573323,1.0,3.0,-58.0
1777892287.7673323,3.0,-1.0,-64.0
1777892287.7773323,5.0,-2.0,-61.0
1777892287.7873323,3.0,-6.0,-59.0
1777892287.7973323,1.0,-2.0,-60.0
1777892287.8073325,0.0,-5.0,-61.0
1777892287.8173325,-1.0,-6.0,-71.0
1777892287.8273325,0.0,-2.0,-71.0
1777892287.8373325,0.0,3.0,-75.0
1777892287.8473325,0.0,-1.0,-74.0
1777892287.8573325,1.0,0.0,-69.0
1777892287.8673325,3.0,2.0,-74.0
1777892287.8773324,-1.0,4.0,-72.0
1777892287.8873324,-4.0,5.0,-67.0
1777892287.8973324,-5.0,3.0,-68.0
1777892287.9073324,-5.0,3.0,-69.0
1777892287.9173324,-6.0,1.0,-71.0
1777892287.9273324,-5.0,-1.0,-75.0
1777892287.9373324,-3.0,1.0,-68.0
1777892287.9473324,-3.0,1.0,-74.0
1777892287.9573324,0.0,3.0,-76.0
1777892287.9673324,3.0,3.0,-70.0
1777892287.9773324,4.0,3.0,-71.0
1777892287.9873323,0.0,0.0,-76.0
1777892287.9973323,2.0,1.0,-80.0
1777892288.0073323,2.0,0.0,-75.0
1777892288.0173323,-2.0,-1.0,-79.0
1777892288.0273323,2.0,0.0,-76.0
1777892288.0373323,8.0,1.0,-79.0
1777892288.0473323,3.0,1.0,-78.0
1777892288.0573325,0.0,0.0,-79.0
1777892288.0673325,-2.0,0.0,-78.0
1777892288.0773325,-1.0,-3.0,-76.0
1777892288.0873325,0.0,-3.0,-81.0
1777892288.0973325,0.0,-4.0,-79.0
1777892288.1073325,-1.0,0.0,-75.0
1777892288.1173325,-2.0,5.0,-72.0
1777892288.1273324,-1.0,4.0,-71.0
1777892288.1373324,-1.0,0.0,-72.0
1777892288.1473324,1.0,-1.0,-77.0
1777892288.1573324,2.0,2.0,-81.0
1777892288.1673324,0.0,4.0,-77.0
1777892288.1773324,-3.0,2.0,-81.0
1777892288.1873324,-4.0,6.0,-81.0
1777892288.1973324,0.0,5.0,-79.0
1777892288.2073324,0.0,3.0,-77.0
1777892288.2173324,-4.0,-1.0,-71.0
1777892288.2273324,0.0,0.0,-67.0
1777892288.2373323,3.0,1.0,-70.0
1777892288.2473323,4.0,1.0,-78.0
1777892288.2573323,5.0,0.0,-81.0
1777892288.2673323,4.0,0.0,-73.0
1777892288.2773323,3.0,3.0,-75.0
1777892288.2873323,-3.0,1.0,-67.0
1777892288.2973323,-2.0,2.0,-65.0
1777892288.3073325,1.0,0.0,-68.0
1777892288.3173325,3.0,-4.0,-65.0
1777892288.3273325,-1.0,0.0,-65.0
1777892288.3373325,-3.0,0.0,-60.0
1777892288.3473325,2.0,3.0,-58.0
1777892288.3573325,0.0,7.0,-58.0
1777892288.3673325,0.0,6.0,-57.0
1777892288.3773324,-3.0,4.0,-61.0
1777892288.3873324,-4.0,1.0,-64.0
1777892288.3973324,-2.0,0.0,-65.0
1777892288.4073324,-4.0,-2.0,-70.0
1777892288.4173324,-4.0,-3.0,-73.0
1777892288.4273324,0.0,-4.0,-80.0
1777892288.4373324,0.0,-4.0,-78.0
1777892288.4473324,0.0,-2.0,-75.0
1777892288.4573324,-3.0,2.0,-74.0
1777892288.4673324,-4.0,2.0,-70.0
1777892288.4773324,-3.0,2.0,-65.0
1777892288.4873323,0.0,-2.0,-56.0
1777892288.4973323,6.0,-1.0,-61.0
1777892288.5073323,2.0,0.0,-70.0
1777892288.5173323,-1.0,0.0,-74.0
1777892288.5273323,-2.0,4.0,-71.0
1777892288.5373323,-2.0,4.0,-72.0
1777892288.5473323,-1.0,6.0,-76.0
1777892288.5573325,-2.0,2.0,-79.0
1777892288.5673325,-1.0,-3.0,-76.0
1777892288.5773325,1.0,-4.0,-69.0
1777892288.5873325,7.0,-1.0,-69.0
1777892288.5973325,10.0,-2.0,-67.0
1777892288.6073325,9.0,-2.0,-68.0
1777892288.6173325,8.0,-2.0,-71.0
1777892288.6273324,8.0,-1.0,-72.0
1777892288.6373324,5.0,0.0,-77.0
1777892288.6473324,4.0,1.0,-83.0
1777892288.6573324,6.0,1.0,-81.0
1777892288.6673324,4.0,-2.0,-80.0
1777892288.6773324,-1.0,-2.0,-81.0
1777892288.6873324,-2.0,0.0,-80.0
1777892288.6973324,-2.0,1.0,-80.0
1777892288.7073324,-3.0,3.0,-81.0
1777892288.7173324,-1.0,2.0,-84.0
1777892288.7273324,-1.0,7.0,-78.0
1777892288.7373323,1.0,1.0,-74.0
1777892288.7473323,-2.0,0.0,-72.0
1777892288.7573323,1.0,0.0,-74.0
1777892288.7673323,-2.0,-3.0,-78.0
1777892288.7773323,0.0,-4.0,-80.0
1777892288.7873323,-1.0,-3.0,-83.0
1777892288.7973323,-1.0,0.0,-85.0
1777892288.8073325,0.0,1.0,-88.0
1777892288.8173325,0.0,2.0,-85.0
1777892288.8273325,2.0,0.0,-78.0
1777892288.8373325,3.0,0.0,-77.0
1777892288.8473325,3.0,1.0,-68.0
1777892288.8573325,0.0,-2.0,-69.0
1777892288.8673325,2.0,-2.0,-71.0
1777892288.8783324,-1.0,0.0,-72.0
1777892288.8873324,-1.0,3.0,-69.0
1777892288.8983324,-4.0,2.0,-71.0
1777892288.9083323,-3.0,1.0,-80.0
1777892288.9183323,-1.0,4.0,-84.0
1777892288.9283323,-1.0,6.0,-88.0
1777892288.9373324,3.0,4.0,-85.0
1777892288.9483323,1.0,0.0,-83.0
1777892288.9583323,0.0,3.0,-81.0
1777892288.9683323,6.0,1.0,-73.0
1777892288.9783323,3.0,2.0,-72.0
1777892288.9883325,-1.0,2.0,-75.0
1777892288.9983325,-7.0,7.0,-77.0
1777892289.0083325,-6.0,2.0,-72.0
1777892289.0183325,-8.0,0.0,-72.0
1777892289.0283325,-4.0,0.0,-77.0
1777892289.0383325,-5.0,1.0,-72.0
1777892289.0483325,-2.0,0.0,-71.0
1777892289.0583324,-4.0,1.0,-65.0
1777892289.0683324,-4.0,0.0,-63.0
1777892289.0783324,1.0,2.0,-60.0
1777892289.0883324,0.0,1.0,-69.0
1777892289.0983324,0.0,2.0,-66.0
1777892289.1083324,-3.0,1.0,-69.0
1777892289.1183324,-4.0,2.0,-72.0
1777892289.1283324,0.0,2.0,-75.0
1777892289.1383324,1.0,0.0,-73.0
1777892289.1483324,0.0,1.0,-70.0
1777892289.1583323,0.0,0.0,-68.0
1777892289.1683323,0.0,0.0,-69.0
1777892289.1783323,-4.0,1.0,-74.0
1777892289.1883323,2.0,0.0,-81.0
1777892289.1983323,3.0,0.0,-78.0
1777892289.2083323,2.0,0.0,-83.0
1777892289.2183323,0.0,0.0,-78.0
1777892289.2283323,1.0,4.0,-73.0
1777892289.2383325,0.0,2.0,-68.0
1777892289.2483325,3.0,0.0,-70.0
1777892289.2583325,2.0,4.0,-69.0
1777892289.2683325,2.0,3.0,-62.0
1777892289.2783325,-1.0,3.0,-63.0
1777892289.2883325,-2.0,3.0,-70.0
1777892289.2983325,-1.0,1.0,-65.0
1777892289.3083324,-4.0,-1.0,-65.0
1777892289.3183324,-3.0,-5.0,-68.0
1777892289.3283324,2.0,-1.0,-72.0
1777892289.3383324,4.0,-5.0,-67.0
1777892289.3483324,1.0,-4.0,-67.0
1777892289.3583324,-1.0,-5.0,-71.0
1777892289.3683324,-4.0,-5.0,-72.0
1777892289.3783324,-6.0,-4.0,-77.0
1777892289.3883324,-6.0,-3.0,-70.0
1777892289.3983324,-3.0,0.0,-68.0
1777892289.4083323,-5.0,0.0,-70.0
1777892289.4183323,-7.0,-1.0,-72.0
1777892289.4283323,-3.0,0.0,-73.0
1777892289.4383323,2.0,-2.0,-70.0
1777892289.4483323,6.0,-4.0,-73.0
1777892289.4583323,8.0,-4.0,-75.0
1777892289.4683323,8.0,-7.0,-77.0
1777892289.4783323,8.0,-5.0,-75.0
1777892289.4883325,3.0,-8.0,-65.0
1777892289.4983325,2.0,-5.0,-64.0
1777892289.5083325,0.0,-3.0,-73.0
1777892289.5183325,0.0,-1.0,-71.0
1777892289.5283325,1.0,2.0,-72.0
1777892289.5383325,0.0,0.0,-71.0
1777892289.5483325,0.0,0.0,-65.0
1777892289.5583324,0.0,0.0,-65.0
1777892289.5683324,0.0,2.0,-66.0
1777892289.5783324,1.0,6.0,-61.0
1777892289.5883324,-3.0,5.0,-69.0
1777892289.5983324,-4.0,1.0,-67.0
1777892289.6083324,-6.0,0.0,-64.0
1777892289.6183324,-6.0,0.0,-63.0
1777892289.6283324,-2.0,1.0,-66.0
1777892289.6383324,0.0,-1.0,-60.0
1777892289.6483324,0.0,0.0,-61.0
1777892289.6583323,-1.0,-1.0,-70.0
1777892289.6683323,0.0,-4.0,-73.0
1777892289.6783323,2.0,-9.0,-70.0
1777892289.6883323,3.0,-5.0,-73.0
1777892289.6983323,-1.0,-1.0,-74.0
1777892289.7083323,4.0,-4.0,-75.0
1777892289.7183323,2.0,-2.0,-72.0
1777892289.7283323,4.0,0.0,-66.0
1777892289.7383325,4.0,2.0,-68.0
1777892289.7483325,3.0,1.0,-67.0
1777892289.7583325,6.0,0.0,-70.0
1777892289.7683325,3.0,0.0,-68.0
1777892289.7783325,2.0,1.0,-63.0
1777892289.7883325,5.0,0.0,-69.0
1777892289.7983325,8.0,0.0,-77.0
1777892289.8083324,8.0,-3.0,-78.0
1777892289.8183324,6.0,-5.0,-77.0
1777892289.8283324,2.0,-3.0,-79.0
1777892289.8383324,0.0,-6.0,-80.0
1777892289.8483324,3.0,-2.0,-80.0
1777892289.8583324,7.0,2.0,-78.0
1777892289.8683324,8.0,0.0,-78.0
1777892289.8783324,7.0,-3.0,-79.0
1777892289.8883324,3.0,-8.0,-78.0
1777892289.8983324,2.0,-7.0,-80.0
1777892289.9083323,4.0,-7.0,-73.0
1777892289.9183323,2.0,-7.0,-71.0
1777892289.9283323,3.0,-5.0,-69.0
1777892289.9383323,2.0,-1.0,-69.0
1777892289.9483323,2.0,0.0,-67.0
1777892289.9583323,5.0,0.0,-67.0
1777892289.9683323,6.0,-2.0,-71.0
1777892289.9783323,5.0,0.0,-73.0
1777892289.9883325,-1.0,-2.0,-69.0
1777892289.9983325,-3.0,0.0,-65.0
1777892290.0083325,-1.0,3.0,-73.0
1777892290.0183325,-2.0,6.0,-71.0
1777892290.0283325,0.0,2.0,-70.0
1777892290.0383325,1.0,4.0,-71.0
1777892290.0483325,0.0,0.0,-72.0
1777892290.0583324,-3.0,0.0,-72.0
1777892290.0683324,-5.0,-3.0,-69.0
1777892290.0783324,0.0,0.0,-64.0
1777892290.0883324,-4.0,0.0,-65.0
1777892290.0983324,0.0,4.0,-70.0
1777892290.1083324,0.0,3.0,-70.0
1777892290.1183324,-2.0,5.0,-64.0
1777892290.1283324,-3.0,2.0,-65.0
1777892290.1383324,-1.0,2.0,-67.0
1777892290.1483324,1.0,0.0,-67.0
1777892290.1583323,7.0,0.0,-68.0
1777892290.1683323,6.0,4.0,-70.0
1777892290.1783323,3.0,1.0,-71.0
1777892290.1883323,1.0,0.0,-70.0
1777892290.1983323,0.0,2.0,-78.0
1777892290.2083323,-1.0,0.0,-75.0
1777892290.2183323,-2.0,0.0,-75.0
1777892290.2283323,-1.0,0.0,-73.0
1777892290.2383325,-1.0,-2.0,-74.0
1777892290.2483325,0.0,2.0,-76.0
1777892290.2583325,0.0,1.0,-74.0
1777892290.2683325,1.0,1.0,-72.0
1777892290.2783325,3.0,0.0,-74.0
1777892290.2883325,-1.0,0.0,-71.0
1777892290.2983325,0.0,0.0,-67.0
1777892290.3083324,-4.0,1.0,-74.0
1777892290.3183324,0.0,0.0,-73.0
1777892290.3283324,7.0,-3.0,-73.0
1777892290.3383324,2.0,-3.0,-70.0
1777892290.3483324,0.0,1.0,-66.0
1777892290.3583324,2.0,-2.0,-66.0
1777892290.3683324,1.0,-1.0,-71.0
1777892290.3783324,0.0,2.0,-66.0
1777892290.3883324,0.0,2.0,-61.0
1777892290.3983324,1.0,-2.0,-64.0
1777892290.4083323,4.0,-3.0,-71.0
1777892290.4183323,6.0,-2.0,-72.0
1777892290.4283323,5.0,-2.0,-77.0
1777892290.4383323,-1.0,1.0,-80.0
1777892290.4483323,-6.0,0.0,-75.0
1777892290.4583323,-5.0,-2.0,-76.0
1777892290.4683323,-5.0,-4.0,-72.0
1777892290.4783323,-7.0,-1.0,-71.0
1777892290.4883325,-4.0,2.0,-70.0
1777892290.4983325,-8.0,5.0,-70.0
1777892290.5083325,-4.0,4.0,-72.0
1777892290.5183325,1.0,4.0,-72.0
1777892290.5283325,1.0,1.0,-70.0
1777892290.5383325,5.0,1.0,-76.0
1777892290.5483325,6.0,1.0,-75.0
1777892290.5583324,8.0,-5.0,-75.0
1777892290.5683324,5.0,-4.0,-73.0
1777892290.5783324,2.0,-3.0,-74.0
1777892290.5883324,4.0,-8.0,-72.0
1777892290.5983324,-1.0,-6.0,-73.0
1777892290.6083324,-2.0,-2.0,-72.0
1777892290.6183324,-3.0,-2.0,-76.0
1777892290.6283324,0.0,0.0,-73.0
1777892290.6383324,0.0,-1.0,-72.0
1777892290.6483324,1.0,-1.0,-74.0
1777892290.6583323,-3.0,0.0,-72.0
1777892290.6683323,-5.0,0.0,-74.0
1777892290.6783323,-1.0,1.0,-75.0
1777892290.6883323,4.0,0.0,-73.0
1777892290.6983323,8.0,1.0,-68.0
1777892290.7083323,5.0,1.0,-63.0
1777892290.7183323,3.0,0.0,-63.0
1777892290.7283323,3.0,0.0,-63.0
1777892290.7383325,-1.0,0.0,-66.0
1777892290.7483325,-1.0,2.0,-66.0
1777892290.7583325,-2.0,0.0,-65.0
1777892290.7683325,0.0,-1.0,-63.0
1777892290.7783325,-1.0,0.0,-68.0
1777892290.7883325,0.0,1.0,-75.0
1777892290.7983325,0.0,2.0,-72.0
1777892290.8083324,0.0,4.0,-65.0
1777892290.8183324,2.0,3.0,-67.0
1777892290.8283324,0.0,-1.0,-70.0
1777892290.8383324,3.0,2.0,-73.0
1777892290.8483324,4.0,2.0,-70.0
1777892290.8593323,3.0,0.0,-70.0
1777892290.8693323,5.0,-1.0,-69.0
1777892290.8793323,7.0,0.0,-61.0
1777892290.8893323,9.0,-2.0,-62.0
1777892290.8993323,9.0,-4.0,-71.0
1777892290.9093325,9.0,-2.0,-72.0
1777892290.9193325,6.0,-3.0,-68.0
1777892290.9293325,0.0,0.0,-64.0
1777892290.9393325,4.0,0.0,-67.0
1777892290.9493325,6.0,0.0,-68.0
1777892290.9593325,6.0,-1.0,-67.0
1777892290.9703324,7.0,2.0,-68.0
1777892290.9793324,8.0,1.0,-71.0
1777892290.9893324,10.0,4.0,-78.0
1777892290.9993324,7.0,3.0,-71.0
1777892291.0093324,7.0,10.0,-69.0
1777892291.0193324,3.0,3.0,-70.0
1777892291.0293324,3.0,8.0,-77.0
1777892291.0393324,1.0,7.0,-82.0
1777892291.0493324,2.0,3.0,-76.0
1777892291.0593324,1.0,3.0,-77.0
1777892291.0693324,-3.0,1.0,-80.0
1777892291.0793324,-2.0,3.0,-78.0
1777892291.0893323,0.0,3.0,-73.0
1777892291.0993323,-2.0,6.0,-74.0
1777892291.1093323,3.0,7.0,-78.0
1777892291.1193323,5.0,4.0,-75.0
1777892291.1293323,3.0,6.0,-74.0
1777892291.1393323,3.0,11.0,-71.0
1777892291.1493323,3.0,9.0,-74.0
1777892291.1593325,0.0,4.0,-77.0
1777892291.1693325,0.0,5.0,-83.0
1777892291.1793325,-4.0,4.0,-80.0
1777892291.1893325,0.0,0.0,-73.0
1777892291.1993325,6.0,-4.0,-73.0
1777892291.2093325,8.0,1.0,-68.0
1777892291.2193325,7.0,1.0,-69.0
1777892291.2293324,7.0,0.0,-73.0
1777892291.2393324,6.0,1.0,-73.0
1777892291.2493324,4.0,0.0,-70.0
1777892291.2593324,6.0,0.0,-69.0
1777892291.2693324,7.0,-3.0,-72.0
1777892291.2793324,9.0,-4.0,-71.0
1777892291.2893324,7.0,-4.0,-73.0
1777892291.2993324,6.0,-5.0,-75.0
1777892291.3093324,4.0,-7.0,-72.0
1777892291.3193324,2.0,-3.0,-67.0
1777892291.3293324,-1.0,-8.0,-70.0
1777892291.3393323,0.0,-9.0,-68.0
1777892291.3493323,-4.0,-7.0,-63.0
1777892291.3593323,-4.0,-6.0,-68.0
1777892291.3693323,-1.0,-3.0,-75.0
1777892291.3793323,-1.0,4.0,-82.0
1777892291.3893323,-1.0,7.0,-79.0
1777892291.3993323,-1.0,9.0,-78.0
1777892291.4093325,0.0,6.0,-77.0
1777892291.4193325,0.0,5.0,-74.0
1777892291.4293325,-2.0,4.0,-74.0
1777892291.4393325,0.0,4.0,-69.0
1777892291.4493325,0.0,3.0,-79.0
1777892291.4593325,-3.0,6.0,-83.0
1777892291.4693325,0.0,6.0,-78.0
1777892291.4793324,2.0,6.0,-75.0
1777892291.4893324,0.0,4.0,-77.0
1777892291.4993324,-1.0,5.0,-80.0
1777892291.5093324,0.0,0.0,-76.0
1777892291.5193324,0.0,2.0,-76.0
1777892291.5293324,0.0,3.0,-73.0
1777892291.5393324,2.0,3.0,-68.0
1777892291.5493324,1.0,1.0,-67.0
1777892291.5593324,0.0,-3.0,-67.0
1777892291.5693324,2.0,-7.0,-71.0
1777892291.5793324,1.0,-7.0,-75.0
1777892291.5893323,3.0,-7.0,-74.0
1777892291.5993323,4.0,-7.0,-75.0
1777892291.6093323,-3.0,-6.0,-72.0
1777892291.6193323,-4.0,-2.0,-69.0
1777892291.6293323,-6.0,4.0,-68.0
1777892291.6393323,-4.0,6.0,-63.0
1777892291.6493323,-3.0,7.0,-61.0
1777892291.6593325,0.0,8.0,-62.0
1777892291.6693325,-6.0,4.0,-58.0
1777892291.6793325,-5.0,0.0,-65.0
1777892291.6893325,-5.0,3.0,-66.0
1777892291.6993325,-1.0,1.0,-74.0
1777892291.7093325,-1.0,0.0,-73.0
1777892291.7193325,1.0,5.0,-67.0
1777892291.7293324,0.0,4.0,-65.0
1777892291.7393324,0.0,5.0,-66.0
1777892291.7493324,4.0,4.0,-72.0
1777892291.7593324,-1.0,4.0,-71.0
1777892291.7693324,-2.0,4.0,-66.0
1777892291.7793324,-1.0,3.0,-61.0
1777892291.7893324,-3.0,2.0,-68.0
1777892291.7993324,-3.0,0.0,-74.0
1777892291.8093324,-3.0,0.0,-81.0
1777892291.8193324,-6.0,-1.0,-81.0
1777892291.8293324,-2.0,-3.0,-78.0
1777892291.8393323,-4.0,-2.0,-75.0
1777892291.8493323,3.0,-2.0,-74.0
1777892291.8593323,5.0,0.0,-75.0
1777892291.8693323,4.0,-6.0,-73.0
1777892291.8793323,5.0,-6.0,-77.0
1777892291.8893323,4.0,-9.0,-76.0
1777892291.8993323,4.0,-8.0,-77.0
1777892291.9093325,6.0,-7.0,-78.0
1777892291.9193325,3.0,-7.0,-82.0
1777892291.9293325,6.0,-6.0,-77.0
1777892291.9393325,4.0,-5.0,-77.0
1777892291.9493325,2.0,-7.0,-81.0
1777892291.9593325,0.0,-2.0,-79.0
1777892291.9693325,-1.0,-4.0,-74.0
1777892291.9793324,-2.0,0.0,-75.0
1777892291.9893324,1.0,4.0,-77.0
1777892291.9993324,0.0,7.0,-73.0
1777892292.0093324,1.0,3.0,-74.0
1777892292.0193324,3.0,2.0,-66.0
1777892292.0293324,3.0,5.0,-66.0
1777892292.0393324,5.0,6.0,-69.0
1777892292.0493324,2.0,6.0,-63.0
1777892292.0593324,7.0,2.0,-68.0
1777892292.0693324,2.0,0.0,-62.0
1777892292.0793324,1.0,-1.0,-63.0
1777892292.0893323,2.0,-1.0,-62.0
1777892292.0993323,2.0,0.0,-60.0
1777892292.1093323,6.0,0.0,-66.0
1777892292.1193323,7.0,-4.0,-70.0
1777892292.1293323,6.0,-4.0,-71.0
1777892292.1393323,0.0,-4.0,-75.0
1777892292.1493323,-2.0,0.0,-78.0
1777892292.1593325,0.0,0.0,-80.0
1777892292.1693325,0.0,0.0,-76.0
1777892292.1793325,0.0,-2.0,-72.0
1777892292.1893325,1.0,-5.0,-71.0
1777892292.1993325,4.0,-7.0,-76.0
1777892292.2093325,7.0,-8.0,-75.0
1777892292.2193325,9.0,-4.0,-81.0
1777892292.2293324,11.0,-5.0,-85.0
1777892292.2393324,8.0,-3.0,-84.0
1777892292.2493324,5.0,-1.0,-80.0
1777892292.2593324,8.0,0.0,-70.0
1777892292.2693324,9.0,-3.0,-67.0
1777892292.2793324,6.0,-6.0,-66.0
1777892292.2893324,7.0,-6.0,-66.0
1777892292.2993324,2.0,-1.0,-68.0
1777892292.3093324,-2.0,-2.0,-61.0
1777892292.3193324,-1.0,-4.0,-59.0
1777892292.3293324,2.0,-5.0,-62.0
1777892292.3393323,6.0,0.0,-70.0
1777892292.3493323,9.0,0.0,-75.0
1777892292.3593323,8.0,-1.0,-74.0
1777892292.3693323,10.0,2.0,-78.0
1777892292.3793323,8.0,2.0,-70.0
1777892292.3893323,6.0,2.0,-69.0
1777892292.3993323,4.0,-4.0,-69.0
1777892292.4093325,6.0,-4.0,-71.0
1777892292.4193325,4.0,-3.0,-70.0
1777892292.4293325,4.0,-1.0,-70.0
1777892292.4393325,3.0,2.0,-77.0
1777892292.4493325,1.0,3.0,-74.0
1777892292.4593325,5.0,0.0,-71.0
1777892292.4693325,6.0,1.0,-71.0
1777892292.4793324,6.0,0.0,-65.0
1777892292.4893324,5.0,1.0,-66.0
1777892292.4993324,4.0,1.0,-69.0
1777892292.5093324,3.0,-2.0,-69.0
1777892292.5193324,3.0,2.0,-68.0
1777892292.5293324,6.0,4.0,-71.0
1777892292.5393324,2.0,3.0,-75.0
1777892292.5493324,0.0,1.0,-75.0
1777892292.5593324,0.0,2.0,-74.0
1777892292.5693324,2.0,0.0,-76.0
1777892292.5793324,2.0,-1.0,-75.0
1777892292.5893323,0.0,1.0,-72.0
1777892292.5993323,4.0,0.0,-73.0
1777892292.6093323,6.0,-2.0,-71.0
1777892292.6193323,6.0,-4.0,-72.0
1777892292.6293323,6.0,-1.0,-75.0
1777892292.6393323,5.0,-3.0,-75.0
1777892292.6493323,4.0,-2.0,-69.0
1777892292.6593325,3.0,-2.0,-69.0
1777892292.6693325,1.0,-5.0,-66.0
1777892292.6793325,-1.0,-6.0,-71.0
1777892292.6893325,0.0,-3.0,-73.0
1777892292.6993325,-4.0,-7.0,-71.0
1777892292.7093325,-6.0,-2.0,-64.0
1777892292.7193325,-4.0,0.0,-64.0
1777892292.7293324,-1.0,-1.0,-58.0
1777892292.7393324,-3.0,-2.0,-58.0
1777892292.7493324,0.0,-1.0,-61.0
1777892292.7593324,0.0,-3.0,-60.0
1777892292.7693324,-1.0,-4.0,-59.0
1777892292.7803323,-2.0,-1.0,-64.0
1777892292.7893324,-2.0,-2.0,-66.0
1777892292.7993324,-3.0,-5.0,-68.0
1777892292.8093324,-3.0,-1.0,-70.0
1777892292.8193324,-6.0,2.0,-71.0
1777892292.8293324,-1.0,2.0,-68.0
1777892292.8393323,0.0,0.0,-65.0
1777892292.8503325,0.0,-1.0,-65.0
1777892292.8603325,4.0,-1.0,-61.0
1777892292.8703325,1.0,-4.0,-61.0
1777892292.8803325,0.0,-4.0,-59.0
1777892292.8903325,1.0,-2.0,-66.0
1777892292.9003325,2.0,-3.0,-67.0
1777892292.9103324,1.0,-7.0,-73.0
1777892292.9203324,-1.0,-3.0,-69.0
1777892292.9303324,2.0,-2.0,-65.0
1777892292.9403324,5.0,-3.0,-64.0
1777892292.9503324,6.0,-6.0,-59.0
1777892292.9603324,4.0,-4.0,-63.0
1777892292.9703324,3.0,-6.0,-65.0
1777892292.9803324,4.0,-7.0,-66.0
1777892292.9903324,3.0,-5.0,-65.0
1777892293.0003324,3.0,-6.0,-68.0
1777892293.0103323,1.0,-4.0,-68.0
1777892293.0203323,-5.0,0.0,-67.0
1777892293.0303323,-9.0,2.0,-72.0
1777892293.0403323,-2.0,3.0,-74.0
1777892293.0503323,-4.0,0.0,-70.0
1777892293.0603323,-1.0,-3.0,-57.0
1777892293.0703323,-2.0,-5.0,-55.0
1777892293.0803325,-1.0,-3.0,-59.0
1777892293.0903325,-1.0,-2.0,-65.0
1777892293.1003325,0.0,-6.0,-64.0
1777892293.1103325,-2.0,-1.0,-66.0
1777892293.1203325,3.0,-1.0,-64.0
1777892293.1303325,5.0,-2.0,-62.0
1777892293.1403325,4.0,-5.0,-63.0
1777892293.1503325,0.0,-2.0,-63.0
1777892293.1603324,-1.0,-3.0,-65.0
1777892293.1703324,-2.0,-3.0,-68.0
1777892293.1803324,-3.0,-2.0,-67.0
1777892293.1903324,-5.0,-5.0,-73.0
1777892293.2003324,-2.0,-1.0,-70.0
1777892293.2103324,-2.0,-2.0,-75.0
1777892293.2203324,0.0,-2.0,-75.0
1777892293.2303324,0.0,-6.0,-76.0
1777892293.2403324,3.0,-5.0,-78.0
1777892293.2503324,5.0,-3.0,-73.0
1777892293.2603323,4.0,0.0,-77.0
1777892293.2703323,5.0,0.0,-74.0
1777892293.2803323,5.0,0.0,-69.0
1777892293.2903323,6.0,-2.0,-67.0
1777892293.3003323,4.0,-4.0,-68.0
1777892293.3103323,0.0,-4.0,-66.0
1777892293.3203323,4.0,-2.0,-67.0
1777892293.3303325,5.0,-5.0,-72.0
1777892293.3403325,5.0,-10.0,-77.0
1777892293.3503325,5.0,-9.0,-71.0
1777892293.3603325,6.0,-7.0,-70.0
1777892293.3703325,5.0,-5.0,-67.0
1777892293.3803325,-2.0,-3.0,-68.0
1777892293.3903325,-2.0,-3.0,-71.0
1777892293.4003325,0.0,-3.0,-77.0
1777892293.4103324,0.0,0.0,-79.0
1777892293.4203324,1.0,0.0,-76.0
1777892293.4303324,4.0,-2.0,-74.0
1777892293.4403324,5.0,0.0,-67.0
1777892293.4503324,8.0,1.0,-75.0
1777892293.4603324,4.0,2.0,-73.0
1777892293.4703324,1.0,0.0,-79.0
1777892293.4803324,0.0,2.0,-74.0
1777892293.4903324,2.0,-1.0,-67.0
1777892293.5003324,5.0,0.0,-68.0
1777892293.5103323,5.0,2.0,-70.0
1777892293.5203323,2.0,0.0,-71.0
1777892293.5303323,0.0,0.0,-70.0
1777892293.5403323,-1.0,0.0,-71.0
1777892293.5503323,3.0,-1.0,-72.0
1777892293.5603323,7.0,-1.0,-74.0
1777892293.5703323,8.0,-3.0,-71.0
1777892293.5803325,11.0,-4.0,-65.0
1777892293.5903325,7.0,-4.0,-66.0
1777892293.6003325,11.0,-6.0,-59.0
1777892293.6103325,6.0,-4.0,-63.0
1777892293.6203325,8.0,-4.0,-66.0
1777892293.6303325,3.0,-6.0,-66.0
1777892293.6403325,3.0,-3.0,-71.0
1777892293.6503325,5.0,0.0,-66.0
1777892293.6603324,1.0,0.0,-67.0
1777892293.6703324,0.0,0.0,-69.0
1777892293.6803324,2.0,-1.0,-69.0
1777892293.6903324,0.0,-2.0,-71.0
1777892293.7003324,0.0,-1.0,-71.0
1777892293.7103324,0.0,0.0,-71.0
1777892293.7203324,-1.0,0.0,-74.0
1777892293.7303324,-1.0,2.0,-69.0
1777892293.7403324,-6.0,4.0,-68.0
1777892293.7503324,-3.0,11.0,-71.0
1777892293.7603323,-4.0,13.0,-68.0
1777892293.7703323,-3.0,7.0,-76.0
1777892293.7803323,-4.0,2.0,-74.0
1777892293.7903323,-4.0,-2.0,-75.0
1777892293.8003323,-3.0,2.0,-73.0
1777892293.8103323,-2.0,7.0,-77.0
1777892293.8203323,0.0,8.0,-84.0
1777892293.8303325,0.0,6.0,-81.0
1777892293.8403325,3.0,0.0,-79.0
1777892293.8503325,1.0,-2.0,-79.0
1777892293.8603325,0.0,1.0,-83.0
1777892293.8703325,-4.0,2.0,-80.0
1777892293.8803325,0.0,0.0,-76.0
1777892293.8903325,-4.0,1.0,-71.0
1777892293.9003325,-3.0,0.0,-68.0
1777892293.9103324,-5.0,2.0,-74.0
1777892293.9203324,0.0,0.0,-69.0
1777892293.9303324,-2.0,2.0,-65.0
1777892293.9403324,-6.0,-1.0,-71.0
1777892293.9503324,-3.0,-2.0,-63.0
1777892293.9603324,-3.0,-1.0,-68.0
1777892293.9703324,-5.0,1.0,-68.0
1777892293.9803324,-4.0,1.0,-76.0
1777892293.9903324,-4.0,0.0,-85.0
1777892294.0003324,-6.0,1.0,-82.0
1777892294.0103323,-5.0,4.0,-74.0
1777892294.0203323,0.0,2.0,-75.0
1777892294.0303323,0.0,0.0,-74.0
1777892294.0403323,-1.0,3.0,-70.0
1777892294.0503323,-2.0,5.0,-74.0
1777892294.0603323,7.0,8.0,-71.0
1777892294.0703323,9.0,6.0,-67.0
1777892294.0803325,6.0,3.0,-68.0
1777892294.0903325,1.0,-3.0,-69.0
1777892294.1003325,6.0,-2.0,-71.0
1777892294.1103325,4.0,-2.0,-75.0
1777892294.1203325,0.0,-1.0,-76.0
1777892294.1303325,1.0,-1.0,-79.0
1777892294.1403325,0.0,-3.0,-77.0
1777892294.1503325,-1.0,-7.0,-78.0
1777892294.1603324,0.0,-7.0,-84.0
1777892294.1703324,0.0,-4.0,-87.0
1777892294.1803324,3.0,-2.0,-85.0
1777892294.1903324,1.0,2.0,-88.0
1777892294.2003324,-1.0,1.0,-86.0
1777892294.2103324,-2.0,2.0,-83.0
1777892294.2203324,-5.0,3.0,-77.0
1777892294.2303324,-4.0,0.0,-70.0
1777892294.2403324,-1.0,-2.0,-70.0
1777892294.2503324,2.0,-2.0,-75.0
1777892294.2603323,1.0,-4.0,-81.0
1777892294.2703323,0.0,-4.0,-77.0
1777892294.2803323,3.0,-3.0,-79.0
1777892294.2903323,4.0,-4.0,-75.0
1777892294.3003323,0.0,-5.0,-68.0
1777892294.3103323,1.0,-2.0,-69.0
1777892294.3203323,1.0,1.0,-72.0
1777892294.3303325,3.0,0.0,-71.0
1777892294.3403325,0.0,2.0,-69.0
1777892294.3503325,5.0,0.0,-69.0
1777892294.3603325,3.0,0.0,-71.0
1777892294.3703325,4.0,0.0,-77.0
1777892294.3803325,8.0,0.0,-76.0
1777892294.3903325,6.0,-1.0,-75.0
1777892294.4003325,5.0,-1.0,-72.0
1777892294.4103324,0.0,-2.0,-71.0
1777892294.4203324,1.0,-4.0,-70.0
1777892294.4303324,2.0,-2.0,-66.0
1777892294.4403324,2.0,1.0,-70.0
1777892294.4503324,3.0,-1.0,-67.0
1777892294.4603324,4.0,0.0,-69.0
1777892294.4703324,6.0,-1.0,-67.0
1777892294.4803324,7.0,0.0,-77.0
1777892294.4903324,9.0,-2.0,-82.0
1777892294.5003324,5.0,-3.0,-80.0
1777892294.5103323,2.0,-4.0,-77.0
1777892294.5203323,0.0,-1.0,-77.0
1777892294.5303323,3.0,-1.0,-72.0
1777892294.5403323,2.0,0.0,-69.0
1777892294.5503323,3.0,-3.0,-74.0
1777892294.5603323,4.0,-3.0,-75.0
1777892294.5703323,3.0,-4.0,-75.0
1777892294.5803325,4.0,0.0,-72.0
1777892294.5903325,1.0,2.0,-75.0
1777892294.6003325,0.0,0.0,-66.0
1777892294.6103325,1.0,4.0,-64.0
1777892294.6203325,-1.0,5.0,-67.0
1777892294.6303325,6.0,5.0,-76.0
1777892294.6403325,9.0,2.0,-79.0
1777892294.6503325,7.0,5.0,-80.0
1777892294.6603324,5.0,6.0,-79.0
1777892294.6703324,0.0,6.0,-82.0
1777892294.6803324,-2.0,0.0,-78.0
1777892294.6903324,-4.0,-4.0,-76.0
1777892294.7003324,-5.0,-2.0,-75.0
1777892294.7103324,-3.0,0.0,-74.0
1777892294.7203324,4.0,0.0,-72.0
1777892294.7303324,4.0,0.0,-72.0
1777892294.7403324,6.0,-6.0,-69.0
1777892294.7503324,6.0,-7.0,-68.0
1777892294.7603323,5.0,-5.0,-66.0
1777892294.7703323,7.0,-3.0,-69.0
1777892294.7803323,5.0,-2.0,-60.0
1777892294.7903323,2.0,-1.0,-56.0
1777892294.8003323,-1.0,0.0,-61.0
1777892294.8103323,-4.0,-3.0,-64.0
1777892294.8203323,0.0,-3.0,-66.0
1777892294.8303325,3.0,0.0,-71.0
1777892294.8413324,6.0,-7.0,-70.0
1777892294.8513324,0.0,-5.0,-73.0
1777892294.8613324,-3.0,-3.0,-71.0
1777892294.8713324,-2.0,-4.0,-74.0
1777892294.8813324,2.0,1.0,-67.0
1777892294.8913324,2.0,0.0,-66.0
1777892294.9013324,1.0,0.0,-65.0
1777892294.9113324,0.0,1.0,-70.0
1777892294.9213324,0.0,0.0,-68.0
1777892294.9313323,0.0,0.0,-71.0
1777892294.9413323,-2.0,0.0,-69.0
1777892294.9513323,0.0,-3.0,-66.0
1777892294.9613323,-1.0,-2.0,-62.0
1777892294.9713323,-7.0,-1.0,-64.0
1777892294.9813323,-4.0,-1.0,-60.0
1777892294.9913323,-9.0,-2.0,-62.0
1777892295.0013323,-7.0,0.0,-65.0
1777892295.0113325,0.0,1.0,-68.0
1777892295.0213325,-2.0,-3.0,-65.0
1777892295.0313325,-5.0,-1.0,-63.0
1777892295.0413325,-5.0,-1.0,-67.0
1777892295.0513325,-3.0,-1.0,-73.0
1777892295.0613325,-3.0,-3.0,-77.0
1777892295.0713325,-4.0,-1.0,-76.0
1777892295.0813324,-9.0,0.0,-70.0
1777892295.0913324,-8.0,-2.0,-67.0
1777892295.1013324,-8.0,-4.0,-66.0
1777892295.1113324,-2.0,-6.0,-66.0
1777892295.1213324,0.0,-7.0,-64.0
1777892295.1313324,0.0,-10.0,-68.0
1777892295.1413324,0.0,-5.0,-66.0
1777892295.1513324,0.0,-2.0,-67.0
1777892295.1613324,0.0,-2.0,-75.0
1777892295.1713324,0.0,-4.0,-75.0
1777892295.1813323,6.0,-4.0,-71.0
1777892295.1913323,5.0,0.0,-68.0
1777892295.2013323,9.0,2.0,-70.0
1777892295.2113323,6.0,2.0,-66.0
1777892295.2213323,3.0,0.0,-69.0
1777892295.2313323,2.0,-2.0,-69.0
1777892295.2413323,4.0,-2.0,-74.0
1777892295.2513323,3.0,-1.0,-73.0
1777892295.2613325,1.0,-1.0,-71.0
1777892295.2713325,2.0,0.0,-62.0
1777892295.2813325,0.0,-2.0,-63.0
1777892295.2913325,-1.0,-1.0,-68.0
1777892295.3013325,0.0,-1.0,-73.0
1777892295.3113325,0.0,0.0,-80.0
1777892295.3213325,0.0,0.0,-82.0
1777892295.3313324,0.0,-1.0,-79.0
1777892295.3413324,-1.0,-1.0,-76.0
1777892295.3513324,0.0,-5.0,-74.0
1777892295.3613324,0.0,-1.0,-74.0
1777892295.3713324,0.0,0.0,-73.0
1777892295.3813324,2.0,0.0,-67.0
1777892295.3913324,4.0,0.0,-64.0
1777892295.4013324,7.0,-3.0,-60.0
1777892295.4113324,8.0,0.0,-57.0
1777892295.4213324,4.0,2.0,-61.0
1777892295.4313323,4.0,-1.0,-64.0
1777892295.4413323,3.0,-2.0,-65.0
1777892295.4513323,5.0,-3.0,-65.0
1777892295.4613323,9.0,-5.0,-70.0
1777892295.4713323,8.0,-6.0,-77.0
1777892295.4813323,5.0,-3.0,-79.0
1777892295.4913323,2.0,-3.0,-75.0
1777892295.5013323,-1.0,-3.0,-71.0
1777892295.5113325,-3.0,-4.0,-75.0
1777892295.5213325,-2.0,-9.0,-74.0
1777892295.5313325,0.0,-4.0,-71.0
1777892295.5413325,1.0,-8.0,-68.0
1777892295.5513325,-2.0,-11.0,-77.0
1777892295.5613325,0.0,-11.0,-80.0
1777892295.5713325,-1.0,-5.0,-82.0
1777892295.5813324,6.0,0.0,-74.0
1777892295.5913324,3.0,3.0,-76.0
1777892295.6013324,3.0,4.0,-72.0
1777892295.6113324,0.0,8.0,-66.0
1777892295.6213324,-2.0,9.0,-73.0
1777892295.6313324,0.0,11.0,-77.0
1777892295.6413324,2.0,7.0,-80.0
1777892295.6513324,0.0,4.0,-75.0
1777892295.6613324,2.0,2.0,-71.0
1777892295.6713324,10.0,-2.0,-69.0
1777892295.6813323,13.0,-4.0,-64.0
1777892295.6913323,12.0,-2.0,-72.0
1777892295.7013323,5.0,0.0,-75.0
1777892295.7113323,9.0,0.0,-73.0
1777892295.7213323,6.0,3.0,-73.0
1777892295.7313323,2.0,-1.0,-76.0
1777892295.7413323,-3.0,-1.0,-75.0
1777892295.7513323,-4.0,-5.0,-82.0
1777892295.7613325,-1.0,-8.0,-81.0
1777892295.7713325,2.0,-7.0,-74.0
1777892295.7813325,1.0,-6.0,-72.0
1777892295.7913325,0.0,-5.0,-79.0
1777892295.8013325,2.0,0.0,-80.0
1777892295.8113325,3.0,0.0,-75.0
1777892295.8213325,3.0,-2.0,-74.0
1777892295.8313324,2.0,-2.0,-72.0
1777892295.8413324,1.0,-6.0,-76.0
1777892295.8513324,0.0,-3.0,-74.0
1777892295.8613324,-2.0,1.0,-70.0
1777892295.8713324,0.0,8.0,-72.0
1777892295.8813324,0.0,7.0,-72.0
1777892295.8913324,0.0,2.0,-66.0
1777892295.9013324,1.0,0.0,-67.0
1777892295.9113324,3.0,-5.0,-63.0
1777892295.9213324,0.0,-2.0,-62.0
1777892295.9313323,4.0,5.0,-66.0
1777892295.9413323,6.0,6.0,-63.0
1777892295.9513323,4.0,6.0,-73.0
1777892295.9613323,5.0,6.0,-75.0
1777892295.9713323,0.0,1.0,-76.0
1777892295.9813323,0.0,0.0,-77.0
1777892295.9913323,0.0,1.0,-76.0
1777892296.0013323,0.0,-1.0,-80.0
1777892296.0113325,0.0,-2.0,-74.0
1777892296.0213325,0.0,-5.0,-75.0
1777892296.0313325,0.0,-6.0,-82.0
1777892296.0413325,-1.0,-4.0,-81.0
1777892296.0513325,-4.0,-2.0,-77.0
1777892296.0613325,1.0,-1.0,-64.0
1777892296.0713325,0.0,-1.0,-68.0
1777892296.0813324,-5.0,0.0,-69.0
1777892296.0913324,-8.0,4.0,-71.0
1777892296.1013324,-9.0,5.0,-79.0
1777892296.1113324,-7.0,0.0,-79.0
1777892296.1213324,-8.0,4.0,-79.0
1777892296.1313324,-9.0,4.0,-80.0
1777892296.1413324,-5.0,1.0,-72.0
1777892296.1513324,-4.0,6.0,-67.0
1777892296.1613324,-2.0,8.0,-68.0
1777892296.1713324,1.0,4.0,-72.0
1777892296.1813323,-6.0,0.0,-70.0
1777892296.1913323,1.0,1.0,-72.0
1777892296.2013323,3.0,0.0,-75.0
1777892296.2113323,2.0,-3.0,-76.0
1777892296.2213323,3.0,-4.0,-77.0
1777892296.2313323,1.0,-6.0,-81.0
1777892296.2413323,-3.0,-10.0,-75.0
1777892296.2513323,-4.0,-10.0,-71.0
1777892296.2613325,0.0,-10.0,-66.0
1777892296.2713325,5.0,-5.0,-65.0
1777892296.2813325,3.0,-1.0,-67.0
1777892296.2913325,-1.0,-1.0,-70.0
1777892296.3013325,-6.0,-4.0,-65.0
1777892296.3113325,-2.0,-5.0,-67.0
1777892296.3213325,2.0,-4.0,-68.0
1777892296.3313324,0.0,-3.0,-68.0
1777892296.3413324,0.0,-1.0,-70.0
1777892296.3513324,3.0,-3.0,-72.0
1777892296.3613324,2.0,-4.0,-71.0
1777892296.3713324,4.0,-6.0,-73.0
1777892296.3813324,5.0,-3.0,-77.0
1777892296.3913324,6.0,-5.0,-79.0
1777892296.4013324,2.0,-4.0,-82.0
1777892296.4113324,6.0,-3.0,-82.0
1777892296.4213324,4.0,-4.0,-80.0
1777892296.4313323,5.0,-4.0,-74.0
1777892296.4413323,4.0,0.0,-68.0
1777892296.4513323,4.0,0.0,-71.0
1777892296.4613323,4.0,0.0,-73.0
1777892296.4713323,4.0,-8.0,-78.0
1777892296.4813323,6.0,-10.0,-74.0
1777892296.4913323,4.0,-8.0,-70.0
1777892296.5013323,4.0,-4.0,-68.0
1777892296.5113325,3.0,-2.0,-69.0
1777892296.5213325,4.0,-1.0,-71.0
1777892296.5313325,5.0,-2.0,-73.0
1777892296.5413325,5.0,-5.0,-68.0
1777892296.5513325,1.0,-4.0,-63.0
1777892296.5613325,1.0,-2.0,-65.0
1777892296.5713325,5.0,-2.0,-66.0
1777892296.5813324,8.0,-2.0,-66.0
1777892296.5913324,11.0,-8.0,-71.0
1777892296.6013324,6.0,-1.0,-73.0
1777892296.6113324,4.0,2.0,-65.0
1777892296.6213324,6.0,0.0,-69.0
1777892296.6313324,9.0,2.0,-68.0
1777892296.6413324,5.0,4.0,-64.0
1777892296.6513324,4.0,2.0,-67.0
1777892296.6613324,4.0,3.0,-65.0
1777892296.6713324,4.0,2.0,-64.0
1777892296.6813323,3.0,-1.0,-61.0
1777892296.6913323,3.0,-3.0,-56.0
1777892296.7013323,4.0,-1.0,-60.0
1777892296.7113323,4.0,-2.0,-64.0
1777892296.7213323,2.0,-1.0,-60.0
1777892296.7313323,0.0,-1.0,-64.0
1777892296.7413323,2.0,-1.0,-66.0
1777892296.7513323,0.0,0.0,-72.0
1777892296.7623324,2.0,-2.0,-72.0
1777892296.7713325,4.0,-2.0,-77.0
1777892296.7813325,3.0,0.0,-69.0
1777892296.7913325,7.0,5.0,-69.0
1777892296.8023324,4.0,5.0,-55.0
1777892296.8113325,4.0,3.0,-59.0
1777892296.8223324,1.0,1.0,-62.0
1777892296.8313324,3.0,1.0,-64.0
1777892296.8423324,6.0,0.0,-70.0
1777892296.8523324,10.0,-3.0,-77.0
1777892296.8623323,9.0,-4.0,-78.0
1777892296.8723323,12.0,-5.0,-74.0
1777892296.8823323,11.0,-1.0,-71.0
1777892296.8923323,4.0,0.0,-73.0
1777892296.9023323,1.0,-2.0,-72.0
1777892296.9123323,6.0,-4.0,-71.0
1777892296.9223323,12.0,-3.0,-73.0
1777892296.9323325,15.0,-1.0,-76.0
1777892296.9423325,14.0,0.0,-72.0
1777892296.9523325,9.0,4.0,-69.0
1777892296.9623325,1.0,1.0,-67.0
1777892296.9723325,-3.0,0.0,-66.0
1777892296.9823325,-2.0,0.0,-56.0
1777892296.9923325,0.0,-6.0,-58.0
1777892297.0023324,-1.0,-9.0,-60.0
1777892297.0123324,-2.0,-8.0,-60.0
1777892297.0223324,1.0,-9.0,-65.0
1777892297.0323324,3.0,-8.0,-70.0
1777892297.0423324,4.0,-4.0,-70.0
1777892297.0523324,5.0,-1.0,-66.0
1777892297.0623324,3.0,-1.0,-69.0
1777892297.0723324,-1.0,-2.0,-65.0
1777892297.0823324,-5.0,-3.0,-68.0
1777892297.0923324,-4.0,-4.0,-68.0
1777892297.1023324,-4.0,0.0,-66.0
1777892297.1123323,-5.0,-3.0,-65.0
1777892297.1223323,-2.0,-3.0,-67.0
1777892297.1323323,0.0,0.0,-67.0
1777892297.1423323,1.0,0.0,-64.0
1777892297.1523323,0.0,2.0,-67.0
1777892297.1623323,-2.0,3.0,-65.0
1777892297.1723323,0.0,3.0,-69.0
1777892297.1823325,0.0,4.0,-70.0
1777892297.1923325,-2.0,8.0,-69.0
1777892297.2023325,-1.0,6.0,-70.0
1777892297.2123325,-1.0,4.0,-68.0
1777892297.2223325,1.0,7.0,-70.0
1777892297.2323325,5.0,6.0,-70.0
1777892297.2423325,4.0,11.0,-67.0
1777892297.2523324,3.0,6.0,-60.0
1777892297.2623324,2.0,3.0,-56.0
1777892297.2723324,3.0,0.0,-62.0
1777892297.2823324,1.0,0.0,-68.0
1777892297.2923324,2.0,2.0,-70.0
1777892297.3023324,3.0,0.0,-68.0
1777892297.3123324,0.0,0.0,-69.0
1777892297.3223324,-3.0,-2.0,-71.0
1777892297.3323324,-3.0,0.0,-74.0
1777892297.3423324,0.0,2.0,-66.0
1777892297.3523324,4.0,0.0,-73.0
1777892297.3623323,0.0,1.0,-78.0
1777892297.3723323,-2.0,1.0,-69.0
1777892297.3823323,-2.0,2.0,-63.0
1777892297.3923323,-1.0,2.0,-62.0
1777892297.4023323,0.0,-2.0,-69.0
1777892297.4123323,5.0,-3.0,-69.0
1777892297.4223323,0.0,-6.0,-67.0
1777892297.4323325,3.0,-5.0,-64.0
1777892297.4423325,5.0,-4.0,-68.0
1777892297.4523325,4.0,-4.0,-68.0
1777892297.4623325,2.0,-6.0,-68.0
1777892297.4723325,0.0,-11.0,-76.0
1777892297.4823325,0.0,-12.0,-78.0
1777892297.4923325,3.0,-7.0,-77.0
1777892297.5023324,4.0,-3.0,-73.0
1777892297.5123324,2.0,-3.0,-68.0
1777892297.5223324,0.0,-6.0,-73.0
1777892297.5323324,-4.0,-7.0,-75.0
1777892297.5423324,-5.0,-5.0,-79.0
1777892297.5523324,-3.0,-12.0,-82.0
1777892297.5623324,0.0,-13.0,-86.0
1777892297.5723324,-2.0,-11.0,-85.0
1777892297.5823324,1.0,-6.0,-77.0
1777892297.5923324,-3.0,-5.0,-70.0
1777892297.6023324,1.0,-10.0,-70.0
1777892297.6123323,5.0,-8.0,-71.0
1777892297.6223323,7.0,-3.0,-60.0
1777892297.6323323,7.0,-1.0,-63.0
1777892297.6423323,10.0,-5.0,-72.0
1777892297.6523323,2.0,-1.0,-69.0
1777892297.6623323,5.0,-1.0,-70.0
1777892297.6723323,4.0,-6.0,-64.0
1777892297.6823325,5.0,-9.0,-66.0
1777892297.6923325,6.0,-7.0,-64.0
1777892297.7023325,8.0,-7.0,-67.0
1777892297.7123325,8.0,-3.0,-75.0
1777892297.7223325,7.0,-5.0,-79.0
1777892297.7323325,-1.0,-4.0,-81.0
1777892297.7423325,-9.0,-7.0,-77.0
1777892297.7523324,-12.0,-6.0,-76.0
1777892297.7623324,-5.0,-7.0,-77.0
1777892297.7723324,0.0,-7.0,-77.0
1777892297.7823324,2.0,-2.0,-73.0
1777892297.7923324,-2.0,-7.0,-73.0
1777892297.8023324,-1.0,-9.0,-72.0
1777892297.8123324,-3.0,-6.0,-76.0
1777892297.8223324,-4.0,-5.0,-79.0
1777892297.8323324,-2.0,-4.0,-81.0
1777892297.8423324,-3.0,-6.0,-79.0
1777892297.8523324,-8.0,-4.0,-82.0
1777892297.8623323,-11.0,0.0,-81.0
1777892297.8723323,-12.0,-1.0,-79.0
1777892297.8823323,-8.0,2.0,-83.0
1777892297.8923323,-2.0,0.0,-75.0
1777892297.9023323,-5.0,0.0,-70.0
1777892297.9123323,-7.0,0.0,-71.0
1777892297.9223323,-9.0,-5.0,-66.0
1777892297.9323325,-6.0,-3.0,-64.0
1777892297.9423325,-2.0,1.0,-64.0
1777892297.9523325,-5.0,0.0,-67.0
1777892297.9623325,-3.0,-4.0,-68.0
1777892297.9723325,-3.0,-2.0,-69.0
1777892297.9823325,0.0,0.0,-65.0
1777892297.9923325,1.0,1.0,-60.0
1777892298.0023324,0.0,4.0,-62.0
1777892298.0123324,1.0,4.0,-70.0
1777892298.0223324,7.0,7.0,-75.0
1777892298.0323324,3.0,4.0,-83.0
1777892298.0423324,1.0,3.0,-79.0
1777892298.0523324,0.0,0.0,-69.0
1777892298.0623324,0.0,-1.0,-64.0
1777892298.0723324,2.0,-4.0,-65.0
1777892298.0823324,6.0,-8.0,-69.0
1777892298.0923324,0.0,-9.0,-71.0
1777892298.1023324,2.0,-7.0,-78.0
1777892298.1123323,6.0,-7.0,-69.0
1777892298.1223323,6.0,-8.0,-69.0
1777892298.1323323,7.0,-6.0,-68.0
1777892298.1423323,7.0,-5.0,-72.0
1777892298.1523323,5.0,-5.0,-69.0
1777892298.1623323,2.0,-3.0,-65.0
1777892298.1723323,0.0,-2.0,-63.0
1777892298.1823325,1.0,-3.0,-64.0
1777892298.1923325,-2.0,-2.0,-69.0
1777892298.2023325,-2.0,-2.0,-71.0
1777892298.2123325,-3.0,-2.0,-74.0
1777892298.2223325,0.0,-3.0,-76.0
1777892298.2323325,0.0,-5.0,-73.0
1777892298.2423325,-3.0,-4.0,-69.0
1777892298.2523324,-2.0,-2.0,-73.0
1777892298.2623324,-4.0,-3.0,-73.0
1777892298.2723324,-3.0,-5.0,-75.0
1777892298.2823324,0.0,-3.0,-73.0
1777892298.2923324,-1.0,-5.0,-76.0
1777892298.3023324,-2.0,-6.0,-66.0
1777892298.3123324,-2.0,-6.0,-59.0
1777892298.3223324,-1.0,-5.0,-56.0
1777892298.3323324,0.0,-6.0,-54.0
1777892298.3423324,2.0,-3.0,-58.0
1777892298.3523324,4.0,-1.0,-63.0
1777892298.3623323,6.0,0.0,-62.0
1777892298.3723323,8.0,-3.0,-61.0
1777892298.3823323,9.0,-2.0,-62.0
1777892298.3923323,5.0,-4.0,-65.0
1777892298.4023323,4.0,-2.0,-69.0
1777892298.4123323,3.0,-2.0,-65.0
1777892298.4223323,3.0,0.0,-71.0
1777892298.4323325,-2.0,-4.0,-76.0
1777892298.4423325,-3.0,1.0,-75.0
1777892298.4523325,-4.0,1.0,-73.0
1777892298.4623325,-5.0,0.0,-69.0
1777892298.4723325,-2.0,-4.0,-70.0
1777892298.4823325,-3.0,-3.0,-72.0
1777892298.4923325,0.0,-2.0,-72.0
1777892298.5023324,0.0,0.0,-72.0
1777892298.5123324,-3.0,-1.0,-62.0
1777892298.5223324,-2.0,0.0,-60.0
1777892298.5323324,1.0,-3.0,-61.0
1777892298.5423324,3.0,-5.0,-65.0
1777892298.5523324,0.0,-4.0,-67.0
1777892298.5623324,2.0,-3.0,-66.0
1777892298.5723324,1.0,-6.0,-69.0
1777892298.5823324,0.0,-9.0,-63.0
1777892298.5923324,4.0,-3.0,-64.0
1777892298.6023324,8.0,0.0,-65.0
1777892298.6123323,9.0,1.0,-75.0
1777892298.6223323,6.0,0.0,-73.0
1777892298.6323323,0.0,1.0,-71.0
1777892298.6423323,-3.0,0.0,-68.0
1777892298.6523323,-3.0,0.0,-72.0
1777892298.6623323,1.0,0.0,-73.0
1777892298.6723323,0.0,2.0,-72.0
1777892298.6823325,-3.0,-1.0,-75.0
1777892298.6923325,-5.0,-2.0,-75.0
1777892298.7023325,-4.0,-3.0,-70.0
1777892298.7123325,-5.0,-2.0,-73.0
1777892298.7223325,-4.0,0.0,-79.0
1777892298.7323325,0.0,-2.0,-79.0
1777892298.7423325,4.0,-3.0,-74.0
1777892298.7523324,0.0,-3.0,-85.0
1777892298.7623324,0.0,-7.0,-94.0
1777892298.7723324,0.0,-6.0,-90.0
1777892298.7823324,1.0,-4.0,-86.0
1777892298.7923324,1.0,-4.0,-80.0
1777892298.8033323,3.0,-5.0,-84.0
1777892298.8133323,4.0,-4.0,-80.0
1777892298.8233323,5.0,-2.0,-83.0
1777892298.8333323,5.0,-1.0,-76.0
1777892298.8433323,5.0,-2.0,-76.0
1777892298.8533323,6.0,0.0,-77.0
1777892298.8633325,4.0,-4.0,-78.0
1777892298.8733325,2.0,-6.0,-76.0
1777892298.8833325,3.0,-8.0,-71.0
1777892298.8933325,3.0,-11.0,-72.0
1777892298.9033325,1.0,-10.0,-70.0
1777892298.9133325,3.0,-9.0,-67.0
1777892298.9233325,1.0,-6.0,-68.0
1777892298.9333324,-1.0,-7.0,-70.0
1777892298.9433324,0.0,-4.0,-74.0
1777892298.9533324,-3.0,-3.0,-74.0
1777892298.9633324,-6.0,-4.0,-69.0
1777892298.9733324,0.0,-3.0,-69.0
1777892298.9833324,1.0,0.0,-70.0
1777892298.9933324,1.0,1.0,-66.0
1777892299.0033324,3.0,2.0,-68.0
1777892299.0133324,2.0,0.0,-68.0
1777892299.0233324,-1.0,-3.0,-66.0
1777892299.0333323,2.0,0.0,-65.0
1777892299.0433323,4.0,-1.0,-68.0
1777892299.0533323,3.0,-3.0,-72.0
1777892299.0633323,3.0,0.0,-77.0
1777892299.0733323,5.0,-2.0,-77.0
1777892299.0833323,3.0,-2.0,-74.0
1777892299.0933323,3.0,-3.0,-68.0
1777892299.1033323,0.0,3.0,-70.0
1777892299.1133325,2.0,-1.0,-69.0
1777892299.1233325,2.0,4.0,-69.0
1777892299.1333325,1.0,1.0,-69.0
1777892299.1433325,4.0,-3.0,-67.0
1777892299.1533325,5.0,0.0,-68.0
1777892299.1633325,2.0,3.0,-70.0
1777892299.1733325,3.0,10.0,-69.0
1777892299.1833324,2.0,10.0,-69.0
1777892299.1933324,-2.0,8.0,-69.0
1777892299.2033324,0.0,6.0,-74.0
1777892299.2133324,0.0,0.0,-78.0
1777892299.2233324,0.0,-1.0,-75.0
1777892299.2333324,2.0,0.0,-67.0
1777892299.2433324,4.0,0.0,-67.0
1777892299.2533324,-1.0,0.0,-67.0
1777892299.2633324,0.0,-2.0,-63.0
1777892299.2733324,0.0,-2.0,-70.0
1777892299.2833323,4.0,-1.0,-73.0
1777892299.2933323,7.0,0.0,-80.0
1777892299.3033323,8.0,-2.0,-75.0
1777892299.3133323,7.0,-6.0,-76.0
1777892299.3233323,2.0,-7.0,-70.0
1777892299.3333323,2.0,-11.0,-69.0
1777892299.3433323,0.0,-12.0,-67.0
1777892299.3533323,0.0,-8.0,-69.0
1777892299.3633325,1.0,-6.0,-64.0
1777892299.3733325,5.0,-6.0,-69.0
1777892299.3833325,2.0,-8.0,-73.0
1777892299.3933325,2.0,-5.0,-67.0
1777892299.4033325,2.0,-6.0,-70.0
1777892299.4133325,2.0,-7.0,-66.0
1777892299.4233325,0.0,-5.0,-64.0
1777892299.4333324,3.0,-4.0,-65.0
1777892299.4433324,6.0,-2.0,-63.0
1777892299.4533324,0.0,-4.0,-65.0
1777892299.4633324,0.0,-4.0,-70.0
1777892299.4733324,0.0,-4.0,-74.0
1777892299.4833324,1.0,-3.0,-63.0
1777892299.4933324,1.0,-4.0,-65.0
1777892299.5033324,1.0,-1.0,-72.0
1777892299.5133324,0.0,0.0,-72.0
1777892299.5233324,1.0,3.0,-76.0
1777892299.5333323,3.0,6.0,-75.0
1777892299.5433323,3.0,9.0,-69.0
1777892299.5533323,2.0,8.0,-69.0
1777892299.5633323,-3.0,9.0,-76.0
1777892299.5733323,-3.0,5.0,-74.0
1777892299.5833323,-4.0,1.0,-76.0
1777892299.5933323,-6.0,1.0,-76.0
1777892299.6033323,0.0,3.0,-73.0
1777892299.6133325,1.0,3.0,-63.0
1777892299.6233325,1.0,4.0,-63.0
1777892299.6333325,3.0,4.0,-66.0
1777892299.6433325,7.0,0.0,-63.0
1777892299.6533325,6.0,0.0,-66.0
1777892299.6633325,5.0,0.0,-73.0
1777892299.6733325,1.0,2.0,-68.0
1777892299.6833324,0.0,0.0,-71.0
1777892299.6933324,0.0,0.0,-68.0
1777892299.7033324,2.0,0.0,-67.0
1777892299.7133324,3.0,0.0,-64.0
1777892299.7233324,0.0,-6.0,-63.0
1777892299.7333324,0.0,-8.0,-63.0
1777892299.7433324,4.0,-4.0,-60.0
1777892299.7533324,0.0,-5.0,-63.0
1777892299.7633324,1.0,-4.0,-70.0
1777892299.7733324,2.0,-2.0,-69.0
1777892299.7833323,1.0,0.0,-75.0
1777892299.7933323,3.0,-1.0,-78.0
1777892299.8033323,3.0,-4.0,-74.0
1777892299.8133323,6.0,-6.0,-69.0
1777892299.8233323,6.0,-7.0,-70.0
1777892299.8333323,0.0,-6.0,-75.0
1777892299.8433323,-1.0,-1.0,-69.0
1777892299.8533323,-5.0,0.0,-78.0
1777892299.8633325,0.0,2.0,-80.0
1777892299.8733325,-1.0,2.0,-76.0
1777892299.8833325,1.0,0.0,-81.0
1777892299.8933325,0.0,-1.0,-79.0
1777892299.9033325,2.0,-1.0,-73.0
1777892299.9133325,5.0,1.0,-70.0
1777892299.9233325,1.0,1.0,-67.0
1777892299.9333324,4.0,-2.0,-70.0
1777892299.9433324,4.0,-4.0,-72.0
1777892299.9533324,0.0,-4.0,-68.0
1777892299.9633324,0.0,-5.0,-73.0
1777892299.9733324,1.0,-6.0,-75.0
1777892299.9833324,4.0,-6.0,-71.0
1777892299.9933324,4.0,-6.0,-71.0
1777892300.0033324,3.0,-5.0,-69.0
1777892300.0133324,1.0,-4.0,-70.0
1777892300.0233324,-2.0,-2.0,-66.0
1777892300.0333323,-7.0,0.0,-71.0
1777892300.0433323,-8.0,-2.0,-73.0
1777892300.0533323,-2.0,-5.0,-71.0
1777892300.0633323,0.0,-7.0,-69.0
1777892300.0733323,-4.0,-4.0,-60.0
1777892300.0843325,-3.0,0.0,-54.0
1777892300.0933323,-1.0,-1.0,-49.0
1777892300.1033323,0.0,-1.0,-55.0
1777892300.1133325,-1.0,0.0,-56.0
1777892300.1233325,0.0,0.0,-56.0
1777892300.1333325,5.0,0.0,-58.0
1777892300.1433325,7.0,-3.0,-59.0
1777892300.1533325,8.0,-3.0,-62.0
1777892300.1633325,2.0,0.0,-62.0
1777892300.1733325,3.0,0.0,-72.0
1777892300.1833324,3.0,3.0,-73.0
1777892300.1933324,6.0,0.0,-72.0
1777892300.2033324,10.0,-5.0,-69.0
1777892300.2133324,7.0,-6.0,-72.0
1777892300.2233324,2.0,-1.0,-62.0
1777892300.2333324,1.0,0.0,-63.0
1777892300.2433324,7.0,2.0,-68.0
1777892300.2533324,3.0,0.0,-67.0
1777892300.2633324,3.0,-1.0,-65.0
1777892300.2733324,3.0,0.0,-69.0
1777892300.2833323,3.0,0.0,-66.0
1777892300.2933323,6.0,0.0,-68.0
1777892300.3033323,4.0,0.0,-72.0
1777892300.3133323,2.0,0.0,-69.0
1777892300.3233323,5.0,0.0,-77.0
1777892300.3333323,6.0,3.0,-83.0
1777892300.3433323,4.0,2.0,-80.0
1777892300.3533323,3.0,0.0,-80.0
1777892300.3633325,1.0,4.0,-77.0
1777892300.3733325,4.0,6.0,-73.0
1777892300.3833325,5.0,6.0,-80.0
1777892300.3933325,7.0,0.0,-84.0
1777892300.4033325,7.0,-6.0,-86.0
1777892300.4133325,5.0,-4.0,-83.0
1777892300.4233325,5.0,-3.0,-82.0
1777892300.4333324,3.0,-1.0,-80.0
1777892300.4433324,3.0,0.0,-81.0
1777892300.4533324,-1.0,4.0,-76.0
1777892300.4633324,0.0,3.0,-71.0
1777892300.4733324,1.0,-2.0,-71.0
1777892300.4833324,5.0,0.0,-73.0
1777892300.4933324,7.0,-1.0,-74.0
1777892300.5033324,6.0,1.0,-68.0
1777892300.5133324,3.0,3.0,-76.0
1777892300.5233324,5.0,0.0,-81.0
1777892300.5333323,2.0,-1.0,-76.0
1777892300.5433323,1.0,-5.0,-78.0
1777892300.5533323,-1.0,-4.0,-83.0
1777892300.5633323,0.0,-1.0,-83.0
1777892300.5733323,-2.0,2.0,-84.0
1777892300.5833323,-3.0,1.0,-80.0
1777892300.5933323,-2.0,0.0,-72.0
1777892300.6033323,0.0,-4.0,-67.0
1777892300.6133325,1.0,-5.0,-63.0
1777892300.6233325,-1.0,-3.0,-63.0
1777892300.6333325,3.0,-2.0,-60.0
1777892300.6433325,4.0,0.0,-59.0
1777892300.6533325,2.0,1.0,-59.0
1777892300.6633325,0.0,-2.0,-65.0
1777892300.6733325,0.0,-4.0,-71.0
1777892300.6833324,0.0,-5.0,-73.0
1777892300.6933324,2.0,-4.0,-69.0
1777892300.7033324,2.0,-4.0,-73.0
1777892300.7133324,4.0,-6.0,-80.0
1777892300.7233324,0.0,-6.0,-79.0
1777892300.7333324,1.0,-2.0,-83.0
1777892300.7433324,0.0,1.0,-84.0
1777892300.7533324,2.0,4.0,-86.0
1777892300.7633324,7.0,4.0,-83.0
1777892300.7733324,4.0,2.0,-74.0
1777892300.7833323,-1.0,1.0,-69.0
1777892300.7943325,0.0,0.0,-66.0
1777892300.8043325,1.0,1.0,-66.0
1777892300.8143325,0.0,2.0,-67.0
1777892300.8243325,4.0,0.0,-67.0
1777892300.8333323,3.0,0.0,-71.0
1777892300.8443325,2.0,0.0,-72.0
1777892300.8543324,1.0,6.0,-74.0
1777892300.8643324,6.0,5.0,-72.0
1777892300.8743324,2.0,3.0,-71.0
1777892300.8843324,1.0,4.0,-75.0
1777892300.8943324,0.0,2.0,-75.0
1777892300.9043324,0.0,6.0,-73.0
1777892300.9143324,0.0,0.0,-66.0
1777892300.9243324,4.0,0.0,-68.0
1777892300.9343324,3.0,1.0,-72.0
1777892300.9443324,3.0,1.0,-68.0
1777892300.9543324,1.0,-2.0,-68.0
1777892300.9643323,3.0,0.0,-83.0
1777892300.9743323,3.0,-3.0,-81.0
1777892300.9843323,4.0,-6.0,-81.0
1777892300.9943323,3.0,-6.0,-77.0
1777892301.0043323,3.0,-4.0,-70.0
1777892301.0143323,4.0,-4.0,-72.0
1777892301.0243323,-2.0,-4.0,-77.0
1777892301.0343325,-2.0,-4.0,-72.0
1777892301.0443325,-4.0,0.0,-72.0
1777892301.0543325,-3.0,2.0,-75.0
1777892301.0643325,-2.0,2.0,-78.0
1777892301.0743325,2.0,3.0,-74.0
1777892301.0843325,6.0,4.0,-67.0
1777892301.0943325,11.0,0.0,-73.0
1777892301.1043324,12.0,0.0,-77.0
1777892301.1143324,9.0,-2.0,-89.0
1777892301.1243324,6.0,-5.0,-91.0
1777892301.1343324,4.0,-2.0,-86.0
1777892301.1443324,-1.0,-2.0,-78.0
1777892301.1543324,0.0,-4.0,-63.0
1777892301.1643324,1.0,-4.0,-56.0
1777892301.1743324,0.0,-1.0,-61.0
1777892301.1843324,0.0,-1.0,-57.0
1777892301.1943324,0.0,-4.0,-57.0
1777892301.2043324,-3.0,-6.0,-64.0
1777892301.2143323,-1.0,-1.0,-70.0
1777892301.2243323,-1.0,1.0,-70.0
1777892301.2343323,2.0,-1.0,-71.0
1777892301.2443323,6.0,0.0,-74.0
1777892301.2543323,6.0,3.0,-72.0
1777892301.2643323,4.0,3.0,-65.0
1777892301.2743323,0.0,1.0,-61.0
1777892301.2843325,0.0,-4.0,-63.0
1777892301.2943325,0.0,-7.0,-61.0
1777892301.3043325,1.0,-8.0,-64.0
1777892301.3143325,-1.0,-11.0,-57.0
1777892301.3243325,-2.0,-11.0,-65.0
1777892301.3343325,1.0,-10.0,-75.0
1777892301.3443325,3.0,-6.0,-72.0
1777892301.3543324,5.0,-4.0,-68.0
1777892301.3643324,6.0,-6.0,-66.0
1777892301.3743324,5.0,-4.0,-66.0
1777892301.3843324,0.0,-2.0,-60.0
1777892301.3943324,0.0,-1.0,-63.0
1777892301.4043324,2.0,-1.0,-64.0
1777892301.4143324,3.0,-1.0,-62.0
1777892301.4243324,4.0,-4.0,-64.0
1777892301.4343324,2.0,-5.0,-68.0
1777892301.4443324,0.0,-4.0,-62.0
1777892301.4543324,0.0,-5.0,-61.0
1777892301.4643323,0.0,-3.0,-63.0
1777892301.4743323,4.0,-3.0,-67.0
1777892301.4843323,5.0,-6.0,-79.0
1777892301.4943323,3.0,-9.0,-77.0
1777892301.5043323,-1.0,-7.0,-75.0
1777892301.5143323,-5.0,-4.0,-73.0
1777892301.5243323,-5.0,-4.0,-70.0
1777892301.5343325,-3.0,1.0,-73.0
1777892301.5443325,-7.0,0.0,-74.0
1777892301.5543325,-10.0,0.0,-77.0
1777892301.5643325,-11.0,0.0,-72.0
1777892301.5743325,-8.0,1.0,-72.0
1777892301.5843325,-6.0,0.0,-74.0
1777892301.5943325,-3.0,0.0,-74.0
1777892301.6043324,-4.0,0.0,-72.0
1777892301.6143324,-5.0,4.0,-68.0
1777892301.6243324,-4.0,2.0,-66.0
1777892301.6343324,-5.0,3.0,-60.0
1777892301.6443324,-1.0,2.0,-64.0
1777892301.6543324,1.0,2.0,-65.0
1777892301.6643324,4.0,0.0,-68.0
1777892301.6743324,4.0,-2.0,-63.0
1777892301.6843324,6.0,-3.0,-60.0
1777892301.6943324,8.0,-4.0,-62.0
1777892301.7043324,5.0,-2.0,-63.0
1777892301.7143323,3.0,-5.0,-64.0
1777892301.7243323,0.0,0.0,-70.0
1777892301.7343323,0.0,2.0,-61.0
1777892301.7443323,0.0,0.0,-64.0
1777892301.7543323,0.0,0.0,-65.0
1777892301.7643323,3.0,0.0,-61.0
1777892301.7743323,4.0,1.0,-61.0
1777892301.7843325,5.0,0.0,-61.0
1777892301.7943325,2.0,2.0,-59.0
1777892301.8043325,0.0,2.0,-61.0
1777892301.8143325,0.0,-2.0,-61.0
1777892301.8243325,-2.0,-2.0,-61.0
1777892301.8343325,1.0,-4.0,-62.0
1777892301.8443325,3.0,-4.0,-64.0
1777892301.8543324,4.0,0.0,-67.0
1777892301.8643324,7.0,-2.0,-61.0
1777892301.8743324,10.0,-3.0,-70.0
1777892301.8843324,6.0,1.0,-66.0
1777892301.8943324,4.0,-1.0,-66.0
1777892301.9043324,2.0,4.0,-74.0
1777892301.9143324,3.0,4.0,-74.0
1777892301.9243324,1.0,3.0,-71.0
1777892301.9343324,0.0,2.0,-73.0
1777892301.9443324,3.0,2.0,-73.0
1777892301.9543324,0.0,1.0,-77.0
1777892301.9643323,0.0,-2.0,-80.0
1777892301.9743323,0.0,-7.0,-82.0
1777892301.9843323,-2.0,-2.0,-86.0
1777892301.9943323,2.0,-1.0,-87.0
1777892302.0043323,1.0,0.0,-85.0
1777892302.0143323,5.0,2.0,-81.0
1777892302.0243323,3.0,0.0,-83.0
1777892302.0343325,1.0,4.0,-82.0
1777892302.0443325,-2.0,-2.0,-82.0
1777892302.0543325,0.0,-6.0,-78.0
1777892302.0643325,1.0,-5.0,-78.0
1777892302.0743325,1.0,-3.0,-78.0
1777892302.0843325,4.0,-1.0,-80.0
1777892302.0943325,5.0,-3.0,-74.0
1777892302.1043324,4.0,-6.0,-64.0
1777892302.1143324,0.0,-7.0,-67.0
1777892302.1243324,0.0,-8.0,-69.0
1777892302.1343324,-1.0,-7.0,-71.0
1777892302.1443324,-2.0,-3.0,-68.0
1777892302.1543324,0.0,-2.0,-67.0
1777892302.1643324,1.0,0.0,-70.0
1777892302.1743324,2.0,0.0,-75.0
1777892302.1843324,4.0,-1.0,-75.0
1777892302.1943324,5.0,0.0,-74.0
1777892302.2043324,2.0,-2.0,-76.0
1777892302.2143323,3.0,0.0,-76.0
1777892302.2243323,-1.0,2.0,-76.0
1777892302.2343323,-1.0,2.0,-76.0
1777892302.2443323,-1.0,2.0,-74.0
1777892302.2543323,-3.0,1.0,-72.0
1777892302.2643323,-1.0,-5.0,-75.0
1777892302.2743323,-1.0,-5.0,-76.0
1777892302.2843325,1.0,-6.0,-70.0
1777892302.2943325,0.0,-5.0,-74.0
1777892302.3043325,2.0,-8.0,-77.0
1777892302.3143325,0.0,-10.0,-75.0
1777892302.3243325,0.0,-10.0,-74.0
1777892302.3343325,5.0,-9.0,-75.0
1777892302.3443325,2.0,-9.0,-73.0
1777892302.3543324,3.0,-5.0,-75.0
1777892302.3643324,1.0,-4.0,-76.0
1777892302.3743324,3.0,-4.0,-73.0
1777892302.3843324,4.0,-4.0,-67.0
1777892302.3943324,5.0,-4.0,-63.0
1777892302.4043324,-3.0,-1.0,-63.0
1777892302.4143324,-1.0,0.0,-60.0
1777892302.4243324,2.0,-1.0,-65.0
1777892302.4343324,5.0,-3.0,-66.0
1777892302.4443324,2.0,0.0,-62.0
1777892302.4543324,0.0,2.0,-59.0
1777892302.4643323,0.0,1.0,-58.0
1777892302.4743323,1.0,4.0,-58.0
1777892302.4843323,-1.0,1.0,-62.0
1777892302.4943323,0.0,0.0,-71.0
1777892302.5043323,2.0,-4.0,-78.0
1777892302.5143323,3.0,-3.0,-73.0
1777892302.5243323,7.0,-8.0,-70.0
1777892302.5343325,5.0,-6.0,-79.0
1777892302.5443325,4.0,-8.0,-75.0
1777892302.5543325,1.0,-3.0,-72.0
1777892302.5643325,0.0,-4.0,-78.0
1777892302.5743325,2.0,-5.0,-81.0
1777892302.5843325,2.0,-2.0,-82.0
1777892302.5943325,0.0,0.0,-76.0
1777892302.6043324,-3.0,-2.0,-66.0
1777892302.6143324,-2.0,-1.0,-65.0
1777892302.6243324,1.0,-2.0,-64.0
1777892302.6343324,-3.0,-2.0,-63.0
1777892302.6443324,-3.0,0.0,-67.0
1777892302.6543324,-5.0,-8.0,-74.0
1777892302.6643324,-2.0,-8.0,-74.0
1777892302.6743324,-2.0,-5.0,-74.0
1777892302.6843324,-7.0,-6.0,-76.0
1777892302.6943324,-6.0,-5.0,-73.0
1777892302.7043324,-1.0,-6.0,-75.0
1777892302.7143323,-3.0,-8.0,-78.0
1777892302.7243323,-2.0,-7.0,-77.0
1777892302.7343323,3.0,-5.0,-75.0
1777892302.7443323,2.0,-3.0,-76.0
1777892302.7543323,-2.0,-4.0,-77.0
1777892302.7643323,3.0,-3.0,-76.0
1777892302.7743323,6.0,-4.0,-77.0
1777892302.7843325,5.0,-3.0,-81.0
1777892302.7953324,4.0,-3.0,-80.0
1777892302.8043325,3.0,-1.0,-80.0
1777892302.8143325,4.0,-7.0,-75.0
1777892302.8253324,3.0,-4.0,-78.0
1777892302.8353324,2.0,-4.0,-76.0
1777892302.8453324,5.0,0.0,-78.0
1777892302.8553324,5.0,-5.0,-85.0
1777892302.8643324,0.0,-8.0,-93.0
1777892302.8753324,-3.0,-6.0,-90.0
1777892302.8853323,0.0,-6.0,-82.0
1777892302.8953323,4.0,-10.0,-74.0
1777892302.9053323,5.0,-12.0,-67.0
1777892302.9153323,3.0,-8.0,-62.0
1777892302.9253323,5.0,-11.0,-53.0
1777892302.9353323,1.0,-9.0,-62.0
1777892302.9453323,0.0,-9.0,-66.0
1777892302.9553325,1.0,-8.0,-69.0
1777892302.9653325,2.0,-10.0,-74.0
1777892302.9753325,0.0,-12.0,-78.0
1777892302.9853325,-1.0,-13.0,-76.0
1777892302.9953325,0.0,-11.0,-73.0
1777892303.0053325,0.0,-10.0,-65.0
1777892303.0153325,0.0,-5.0,-70.0
1777892303.0253325,3.0,-6.0,-71.0
1777892303.0353324,2.0,-5.0,-68.0
1777892303.0453324,3.0,-7.0,-61.0
1777892303.0553324,2.0,-9.0,-64.0
1777892303.0653324,0.0,-8.0,-73.0
1777892303.0753324,3.0,-8.0,-71.0
1777892303.0853324,2.0,-5.0,-73.0
1777892303.0953324,5.0,-7.0,-77.0
1777892303.1053324,6.0,-6.0,-73.0
1777892303.1153324,4.0,-3.0,-70.0
1777892303.1253324,1.0,-1.0,-70.0
1777892303.1353323,1.0,-1.0,-68.0
1777892303.1453323,3.0,-3.0,-71.0
1777892303.1553323,1.0,-2.0,-73.0
1777892303.1653323,0.0,0.0,-73.0
1777892303.1753323,1.0,0.0,-78.0
1777892303.1853323,0.0,-2.0,-74.0
1777892303.1953323,2.0,-4.0,-71.0
1777892303.2053325,0.0,-6.0,-71.0
1777892303.2153325,-1.0,-5.0,-69.0
1777892303.2253325,0.0,-3.0,-65.0
1777892303.2353325,5.0,-2.0,-68.0
1777892303.2453325,6.0,-2.0,-68.0
1777892303.2553325,3.0,2.0,-68.0
1777892303.2653325,2.0,0.0,-68.0
1777892303.2753325,1.0,0.0,-67.0
1777892303.2853324,-1.0,2.0,-71.0
1777892303.2953324,0.0,10.0,-78.0
1777892303.3053324,-2.0,11.0,-76.0
1777892303.3153324,0.0,12.0,-80.0
1777892303.3253324,-1.0,10.0,-78.0
1777892303.3353324,2.0,7.0,-75.0
1777892303.3453324,6.0,7.0,-69.0
1777892303.3553324,3.0,2.0,-67.0
1777892303.3653324,2.0,-4.0,-73.0
1777892303.3753324,7.0,-2.0,-75.0
1777892303.3853323,8.0,-3.0,-78.0
1777892303.3953323,6.0,-1.0,-78.0
1777892303.4053323,6.0,-4.0,-68.0
1777892303.4153323,2.0,1.0,-74.0
1777892303.4253323,7.0,4.0,-74.0
1777892303.4353323,6.0,4.0,-73.0
1777892303.4453323,6.0,4.0,-75.0
1777892303.4553325,6.0,3.0,-76.0
1777892303.4653325,7.0,3.0,-80.0
1777892303.4753325,7.0,1.0,-77.0
1777892303.4853325,6.0,-2.0,-71.0
1777892303.4953325,-1.0,0.0,-66.0
1777892303.5053325,-4.0,0.0,-71.0
1777892303.5153325,-3.0,3.0,-71.0
1777892303.5253325,-1.0,-2.0,-66.0
1777892303.5353324,-2.0,0.0,-65.0
1777892303.5453324,-1.0,1.0,-66.0
1777892303.5553324,-4.0,1.0,-71.0
1777892303.5653324,-4.0,4.0,-80.0
1777892303.5753324,-5.0,2.0,-75.0
1777892303.5853324,-8.0,1.0,-77.0
1777892303.5953324,-7.0,2.0,-74.0
1777892303.6053324,-6.0,0.0,-72.0
1777892303.6153324,-9.0,-1.0,-75.0
1777892303.6253324,-5.0,-1.0,-75.0
1777892303.6353323,-5.0,-1.0,-74.0
1777892303.6453323,-5.0,-3.0,-69.0
1777892303.6553323,-4.0,-1.0,-73.0
1777892303.6653323,4.0,1.0,-75.0
1777892303.6753323,5.0,2.0,-76.0
1777892303.6853323,5.0,2.0,-78.0
1777892303.6953323,6.0,1.0,-69.0
1777892303.7053325,6.0,-4.0,-77.0
1777892303.7153325,2.0,-4.0,-80.0
1777892303.7253325,-1.0,-3.0,-80.0
1777892303.7353325,-4.0,-2.0,-80.0
1777892303.7453325,-7.0,0.0,-84.0
1777892303.7553325,-4.0,-1.0,-78.0
1777892303.7653325,-4.0,-1.0,-73.0
1777892303.7753325,-1.0,-3.0,-71.0
1777892303.7853324,0.0,1.0,-70.0
1777892303.7953324,-1.0,0.0,-69.0
1777892303.8053324,2.0,-3.0,-68.0
1777892303.8153324,1.0,-4.0,-74.0
1777892303.8253324,3.0,-4.0,-71.0
1777892303.8353324,1.0,-1.0,-74.0
1777892303.8453324,4.0,0.0,-71.0
1777892303.8553324,4.0,-1.0,-67.0
1777892303.8653324,7.0,0.0,-63.0
1777892303.8753324,6.0,-1.0,-63.0
1777892303.8853323,11.0,0.0,-68.0
1777892303.8953323,8.0,1.0,-69.0
1777892303.9053323,8.0,2.0,-67.0
1777892303.9153323,13.0,0.0,-70.0
1777892303.9253323,10.0,0.0,-72.0
1777892303.9353323,8.0,0.0,-64.0
1777892303.9453323,4.0,0.0,-68.0
1777892303.9553325,-1.0,-3.0,-60.0
1777892303.9653325,-2.0,-10.0,-61.0
1777892303.9753325,-2.0,-8.0,-61.0
1777892303.9853325,-4.0,-3.0,-62.0
1777892303.9953325,-8.0,-4.0,-69.0
1777892304.0053325,-7.0,-4.0,-72.0
1777892304.0153325,-4.0,0.0,-69.0
1777892304.0253325,-4.0,1.0,-72.0
1777892304.0353324,0.0,2.0,-73.0
1777892304.0453324,10.0,1.0,-72.0
1777892304.0553324,10.0,4.0,-75.0
1777892304.0653324,6.0,4.0,-66.0
1777892304.0753324,8.0,-1.0,-67.0
1777892304.0853324,11.0,0.0,-69.0
1777892304.0953324,3.0,-1.0,-68.0
1777892304.1053324,5.0,-1.0,-64.0
1777892304.1153324,5.0,-1.0,-60.0
1777892304.1253324,10.0,-2.0,-68.0
1777892304.1353323,7.0,0.0,-74.0
1777892304.1453323,4.0,0.0,-70.0
1777892304.1553323,6.0,-2.0,-65.0
1777892304.1653323,7.0,-1.0,-65.0
1777892304.1753323,8.0,3.0,-60.0
1777892304.1853323,9.0,0.0,-61.0
1777892304.1953323,4.0,0.0,-66.0
1777892304.2053325,3.0,1.0,-72.0
1777892304.2153325,6.0,-1.0,-69.0
1777892304.2253325,4.0,-3.0,-72.0
1777892304.2353325,1.0,-5.0,-71.0
1777892304.2453325,0.0,-3.0,-68.0
1777892304.2553325,3.0,-3.0,-71.0
1777892304.2653325,1.0,-2.0,-72.0
1777892304.2753325,0.0,0.0,-73.0
1777892304.2853324,-2.0,1.0,-72.0
1777892304.2953324,-1.0,1.0,-69.0
1777892304.3053324,0.0,0.0,-67.0
1777892304.3153324,2.0,-1.0,-70.0
1777892304.3253324,4.0,-3.0,-72.0
1777892304.3353324,4.0,-5.0,-63.0
1777892304.3453324,0.0,-5.0,-61.0
1777892304.3553324,1.0,0.0,-61.0
1777892304.3653324,2.0,0.0,-66.0
1777892304.3753324,-1.0,1.0,-74.0
1777892304.3853323,0.0,-1.0,-70.0
1777892304.3953323,0.0,-2.0,-68.0
1777892304.4053323,-1.0,-4.0,-77.0
1777892304.4153323,-1.0,-4.0,-77.0
1777892304.4253323,4.0,-3.0,-76.0
1777892304.4353323,3.0,-1.0,-74.0
1777892304.4453323,6.0,1.0,-75.0
1777892304.4553325,5.0,0.0,-79.0
1777892304.4653325,7.0,-2.0,-75.0
1777892304.4753325,9.0,0.0,-71.0
1777892304.4853325,13.0,1.0,-71.0
1777892304.4953325,13.0,0.0,-70.0
1777892304.5053325,13.0,0.0,-68.0
1777892304.5153325,10.0,3.0,-71.0
1777892304.5253325,8.0,1.0,-69.0
1777892304.5353324,1.0,1.0,-72.0
1777892304.5453324,0.0,-1.0,-73.0
1777892304.5553324,4.0,-6.0,-80.0
1777892304.5653324,3.0,-6.0,-75.0
1777892304.5753324,3.0,-5.0,-74.0
1777892304.5853324,1.0,-4.0,-69.0
1777892304.5953324,1.0,-1.0,-68.0
1777892304.6053324,2.0,1.0,-69.0
1777892304.6153324,0.0,-1.0,-65.0
1777892304.6253324,-1.0,0.0,-66.0
1777892304.6353323,-3.0,-2.0,-70.0
1777892304.6453323,-1.0,-1.0,-70.0
1777892304.6553323,-5.0,0.0,-69.0
1777892304.6653323,-4.0,-2.0,-64.0
1777892304.6753323,0.0,-2.0,-58.0
1777892304.6853323,1.0,-3.0,-61.0
1777892304.6953323,4.0,-1.0,-63.0
1777892304.7053325,2.0,-3.0,-61.0
1777892304.7153325,5.0,-2.0,-59.0
1777892304.7253325,7.0,0.0,-60.0
1777892304.7353325,5.0,-4.0,-70.0
1777892304.7453325,4.0,-3.0,-71.0
1777892304.7553325,1.0,-2.0,-73.0
1777892304.7653325,0.0,0.0,-70.0
1777892304.7763324,1.0,0.0,-72.0
1777892304.7863324,0.0,-2.0,-77.0
1777892304.7963324,-6.0,0.0,-78.0
1777892304.8063323,-7.0,3.0,-76.0
1777892304.8163323,-7.0,3.0,-82.0
1777892304.8263323,-4.0,0.0,-79.0
1777892304.8363323,-4.0,-4.0,-73.0
1777892304.8463323,1.0,-4.0,-66.0
1777892304.8563323,0.0,-7.0,-61.0
1777892304.8663323,1.0,-5.0,-69.0
1777892304.8763323,3.0,-3.0,-64.0
1777892304.8863325,3.0,-2.0,-64.0
1777892304.8963325,2.0,-5.0,-70.0
1777892304.9063325,1.0,-7.0,-68.0
1777892304.9163325,4.0,-6.0,-67.0
1777892304.9263325,2.0,-5.0,-75.0
1777892304.9363325,0.0,0.0,-72.0
1777892304.9463325,0.0,0.0,-83.0
1777892304.9563324,2.0,-2.0,-81.0
1777892304.9663324,7.0,-3.0,-77.0
1777892304.9763324,4.0,-6.0,-80.0
1777892304.9863324,7.0,-4.0,-75.0
1777892304.9963324,1.0,-6.0,-78.0
1777892305.0063324,-5.0,-5.0,-82.0
1777892305.0163324,-1.0,-3.0,-82.0
1777892305.0263324,-3.0,0.0,-76.0
1777892305.0363324,-5.0,-5.0,-70.0
1777892305.0463324,-4.0,-1.0,-67.0
1777892305.0563323,-5.0,-3.0,-67.0
1777892305.0663323,-3.0,0.0,-61.0
1777892305.0763323,0.0,0.0,-62.0
1777892305.0863323,-5.0,0.0,-60.0
1777892305.0963323,0.0,2.0,-59.0
1777892305.1063323,-1.0,2.0,-57.0
1777892305.1163323,-3.0,1.0,-67.0
1777892305.1263323,0.0,4.0,-69.0
1777892305.1363325,0.0,6.0,-72.0
1777892305.1463325,-3.0,4.0,-73.0
1777892305.1563325,-6.0,5.0,-70.0
1777892305.1663325,0.0,5.0,-75.0
1777892305.1763325,0.0,1.0,-73.0
1777892305.1863325,1.0,0.0,-69.0
1777892305.1963325,1.0,-3.0,-70.0
1777892305.2063324,3.0,-3.0,-68.0
1777892305.2163324,0.0,-1.0,-68.0
1777892305.2263324,-6.0,-4.0,-70.0
1777892305.2363324,-1.0,0.0,-74.0
1777892305.2463324,0.0,3.0,-76.0
1777892305.2563324,0.0,4.0,-75.0
1777892305.2663324,-2.0,1.0,-73.0
1777892305.2763324,-2.0,0.0,-72.0
1777892305.2863324,1.0,-3.0,-71.0
1777892305.2963324,2.0,-2.0,-66.0
1777892305.3063323,4.0,-3.0,-66.0
1777892305.3163323,3.0,1.0,-67.0
1777892305.3263323,0.0,8.0,-64.0
1777892305.3363323,1.0,7.0,-70.0
1777892305.3463323,6.0,8.0,-70.0
1777892305.3563323,4.0,7.0,-66.0
1777892305.3663323,2.0,3.0,-65.0
1777892305.3763323,1.0,1.0,-67.0
1777892305.3863325,4.0,0.0,-62.0
1777892305.3963325,3.0,-1.0,-69.0
1777892305.4063325,5.0,-6.0,-83.0
1777892305.4163325,5.0,-3.0,-78.0
1777892305.4263325,4.0,-1.0,-75.0
1777892305.4363325,8.0,-2.0,-71.0
1777892305.4463325,12.0,-3.0,-74.0
1777892305.4563324,9.0,-3.0,-75.0
1777892305.4663324,4.0,-4.0,-78.0
1777892305.4763324,4.0,-4.0,-83.0
1777892305.4863324,2.0,0.0,-76.0
1777892305.4963324,1.0,3.0,-69.0
1777892305.5063324,-1.0,5.0,-76.0
1777892305.5163324,0.0,0.0,-78.0
1777892305.5263324,0.0,3.0,-75.0
1777892305.5363324,4.0,3.0,-75.0
1777892305.5463324,2.0,4.0,-75.0
1777892305.5563323,-1.0,0.0,-68.0
1777892305.5663323,4.0,1.0,-68.0
1777892305.5763323,11.0,2.0,-65.0
1777892305.5863323,10.0,1.0,-71.0
1777892305.5963323,7.0,0.0,-78.0
1777892305.6063323,6.0,-2.0,-81.0
1777892305.6163323,4.0,-4.0,-77.0
1777892305.6263323,6.0,-4.0,-77.0
1777892305.6363325,3.0,-4.0,-78.0
1777892305.6463325,3.0,-1.0,-83.0
1777892305.6563325,2.0,-2.0,-76.0
1777892305.6663325,5.0,-2.0,-73.0
1777892305.6763325,3.0,-4.0,-74.0
1777892305.6863325,4.0,0.0,-73.0
1777892305.6963325,1.0,3.0,-70.0
1777892305.7063324,-2.0,0.0,-75.0
1777892305.7163324,0.0,-2.0,-75.0
1777892305.7263324,0.0,-1.0,-74.0
1777892305.7363324,1.0,-3.0,-69.0
1777892305.7463324,0.0,-2.0,-72.0
1777892305.7563324,-1.0,-5.0,-71.0
1777892305.7663324,-1.0,-6.0,-72.0
1777892305.7763324,-2.0,-9.0,-73.0
1777892305.7863324,-5.0,-8.0,-71.0
1777892305.7963324,-4.0,-9.0,-63.0
1777892305.8063323,-1.0,-7.0,-62.0
1777892305.8163323,1.0,-7.0,-63.0
1777892305.8263323,1.0,-3.0,-65.0
1777892305.8363323,4.0,-2.0,-69.0
1777892305.8463323,7.0,-2.0,-71.0
1777892305.8563323,6.0,-3.0,-66.0
1777892305.8663323,4.0,-5.0,-78.0
1777892305.8763323,3.0,-2.0,-81.0
1777892305.8863325,5.0,0.0,-79.0
1777892305.8963325,-2.0,0.0,-78.0
1777892305.9063325,-2.0,1.0,-72.0
1777892305.9163325,-1.0,3.0,-69.0
1777892305.9263325,1.0,3.0,-70.0
1777892305.9363325,4.0,0.0,-68.0
1777892305.9463325,2.0,-1.0,-71.0
1777892305.9563324,2.0,-2.0,-64.0
1777892305.9663324,1.0,-1.0,-60.0
1777892305.9763324,0.0,0.0,-67.0
1777892305.9863324,1.0,4.0,-71.0
1777892305.9963324,1.0,0.0,-79.0
1777892306.0063324,-1.0,2.0,-79.0
1777892306.0163324,4.0,3.0,-77.0
1777892306.0263324,5.0,3.0,-77.0
1777892306.0363324,2.0,2.0,-76.0
1777892306.0463324,1.0,0.0,-75.0
1777892306.0563323,0.0,-4.0,-79.0
1777892306.0663323,-1.0,-5.0,-75.0
1777892306.0763323,-2.0,-1.0,-72.0
1777892306.0863323,-3.0,-3.0,-68.0
1777892306.0963323,-1.0,-2.0,-65.0
1777892306.1063323,-1.0,3.0,-65.0
1777892306.1163323,-2.0,6.0,-64.0
1777892306.1263323,-1.0,6.0,-67.0
1777892306.1363325,-4.0,4.0,-64.0
1777892306.1463325,-1.0,6.0,-68.0
1777892306.1563325,1.0,12.0,-76.0
1777892306.1663325,0.0,10.0,-78.0
1777892306.1763325,1.0,7.0,-79.0
1777892306.1863325,2.0,4.0,-87.0
1777892306.1963325,-2.0,3.0,-82.0
1777892306.2063324,-3.0,-1.0,-79.0
1777892306.2163324,-6.0,-1.0,-82.0
1777892306.2263324,0.0,1.0,-81.0
1777892306.2363324,4.0,2.0,-76.0
1777892306.2463324,4.0,0.0,-77.0
1777892306.2563324,8.0,-5.0,-72.0
1777892306.2663324,6.0,-3.0,-75.0
1777892306.2763324,4.0,-2.0,-71.0
1777892306.2863324,2.0,-5.0,-69.0
1777892306.2963324,4.0,-5.0,-70.0
1777892306.3063323,2.0,-3.0,-67.0
1777892306.3163323,5.0,-4.0,-68.0
1777892306.3263323,0.0,-6.0,-68.0
1777892306.3363323,-1.0,-2.0,-72.0
1777892306.3463323,-3.0,2.0,-70.0
1777892306.3563323,-3.0,4.0,-75.0
1777892306.3663323,-5.0,6.0,-82.0
1777892306.3763323,-4.0,1.0,-73.0
1777892306.3863325,-6.0,-1.0,-73.0
1777892306.3963325,-6.0,-2.0,-72.0
1777892306.4063325,-8.0,-3.0,-75.0
1777892306.4163325,-7.0,-1.0,-75.0
1777892306.4263325,-3.0,-1.0,-73.0
1777892306.4363325,-2.0,0.0,-70.0
1777892306.4463325,0.0,-2.0,-65.0
1777892306.4563324,-1.0,-2.0,-60.0
1777892306.4663324,0.0,-3.0,-63.0
1777892306.4763324,0.0,-3.0,-64.0
1777892306.4863324,0.0,-3.0,-58.0
1777892306.4963324,0.0,-1.0,-62.0
1777892306.5063324,0.0,-3.0,-72.0
1777892306.5163324,0.0,-4.0,-72.0
1777892306.5263324,2.0,-6.0,-65.0
1777892306.5363324,3.0,-5.0,-63.0
1777892306.5463324,-1.0,-1.0,-57.0
1777892306.5563323,-4.0,0.0,-60.0
1777892306.5663323,-6.0,0.0,-66.0
1777892306.5763323,-6.0,2.0,-65.0
1777892306.5863323,-12.0,-1.0,-67.0
1777892306.5963323,-6.0,-4.0,-67.0
1777892306.6063323,0.0,-2.0,-68.0
1777892306.6163323,-1.0,1.0,-69.0
1777892306.6263323,0.0,-4.0,-63.0
1777892306.6363325,-1.0,0.0,-64.0
1777892306.6463325,0.0,0.0,-75.0
1777892306.6563325,-1.0,0.0,-71.0
1777892306.6663325,-5.0,0.0,-75.0
1777892306.6763325,-5.0,4.0,-80.0
1777892306.6863325,-7.0,5.0,-75.0
1777892306.6963325,-8.0,4.0,-73.0
1777892306.7063324,-5.0,0.0,-76.0
1777892306.7163324,-4.0,-1.0,-72.0
1777892306.7263324,2.0,-1.0,-74.0
1777892306.7363324,0.0,0.0,-72.0
1777892306.7463324,-2.0,0.0,-69.0
1777892306.7563324,0.0,0.0,-69.0
1777892306.7673323,0.0,-3.0,-70.0
1777892306.7773323,1.0,-2.0,-69.0
1777892306.7863324,1.0,1.0,-65.0
1777892306.7973323,4.0,-2.0,-63.0
1777892306.8073325,6.0,-4.0,-64.0
1777892306.8173325,6.0,-2.0,-67.0
1777892306.8273325,0.0,-3.0,-68.0
1777892306.8373325,0.0,0.0,-68.0
1777892306.8473325,-1.0,1.0,-70.0
1777892306.8573325,1.0,1.0,-75.0
1777892306.8673325,5.0,2.0,-76.0
1777892306.8773324,2.0,5.0,-86.0
1777892306.8873324,3.0,4.0,-92.0
1777892306.8973324,0.0,0.0,-89.0
1777892306.9073324,-1.0,0.0,-86.0
1777892306.9173324,2.0,1.0,-87.0
1777892306.9273324,3.0,-2.0,-78.0
1777892306.9373324,2.0,-5.0,-71.0
1777892306.9473324,0.0,-7.0,-67.0
1777892306.9573324,-4.0,-8.0,-65.0
1777892306.9673324,-3.0,-6.0,-72.0
1777892306.9773324,1.0,-3.0,-79.0
1777892306.9873323,1.0,-8.0,-75.0
1777892306.9973323,8.0,-8.0,-65.0
1777892307.0073323,6.0,-6.0,-65.0
1777892307.0173323,8.0,-6.0,-73.0
1777892307.0273323,4.0,-3.0,-64.0
1777892307.0373323,3.0,-1.0,-64.0
1777892307.0473323,4.0,1.0,-66.0
1777892307.0573325,3.0,1.0,-68.0
1777892307.0673325,5.0,2.0,-67.0
1777892307.0773325,2.0,3.0,-67.0
1777892307.0873325,1.0,3.0,-65.0
1777892307.0973325,2.0,7.0,-65.0
1777892307.1073325,4.0,5.0,-63.0
1777892307.1173325,1.0,3.0,-69.0
1777892307.1273324,0.0,3.0,-61.0
1777892307.1373324,3.0,0.0,-56.0
1777892307.1473324,2.0,0.0,-57.0
1777892307.1573324,5.0,-4.0,-64.0
1777892307.1673324,4.0,-4.0,-67.0
1777892307.1773324,1.0,-5.0,-66.0
1777892307.1873324,3.0,-8.0,-64.0
1777892307.1973324,4.0,-9.0,-72.0
1777892307.2073324,4.0,-1.0,-75.0
1777892307.2173324,3.0,0.0,-79.0
1777892307.2273324,1.0,0.0,-76.0
1777892307.2373323,0.0,0.0,-75.0
1777892307.2473323,0.0,0.0,-69.0
1777892307.2573323,-3.0,2.0,-68.0
1777892307.2673323,-1.0,0.0,-64.0
1777892307.2773323,1.0,0.0,-55.0
1777892307.2873323,2.0,1.0,-57.0
1777892307.2973323,4.0,2.0,-62.0
1777892307.3073325,7.0,2.0,-69.0
1777892307.3173325,7.0,6.0,-73.0
1777892307.3273325,5.0,3.0,-78.0
1777892307.3373325,4.0,2.0,-77.0
1777892307.3473325,1.0,1.0,-74.0
1777892307.3573325,4.0,2.0,-70.0
1777892307.3673325,6.0,2.0,-69.0
1777892307.3773324,4.0,0.0,-58.0
1777892307.3873324,6.0,0.0,-62.0
1777892307.3973324,10.0,-1.0,-66.0
1777892307.4073324,7.0,-2.0,-70.0
1777892307.4173324,1.0,2.0,-71.0
1777892307.4273324,0.0,2.0,-72.0
1777892307.4373324,0.0,0.0,-77.0
1777892307.4473324,0.0,-1.0,-80.0
1777892307.4573324,0.0,-1.0,-78.0
1777892307.4673324,-3.0,-3.0,-76.0
1777892307.4773324,-1.0,-3.0,-83.0
1777892307.4873323,-5.0,-2.0,-78.0
1777892307.4973323,-2.0,-1.0,-74.0
1777892307.5073323,0.0,0.0,-73.0
1777892307.5173323,0.0,2.0,-73.0
1777892307.5273323,-4.0,2.0,-68.0
1777892307.5373323,-3.0,3.0,-68.0
1777892307.5473323,0.0,2.0,-73.0
1777892307.5573325,2.0,0.0,-73.0
1777892307.5673325,4.0,-1.0,-67.0
1777892307.5773325,0.0,1.0,-66.0
1777892307.5873325,-1.0,0.0,-66.0
1777892307.5973325,3.0,-1.0,-73.0
1777892307.6073325,8.0,0.0,-77.0
1777892307.6173325,9.0,1.0,-73.0
1777892307.6273324,5.0,3.0,-74.0
1777892307.6373324,1.0,5.0,-76.0
1777892307.6473324,0.0,3.0,-76.0
1777892307.6573324,-1.0,-3.0,-75.0
1777892307.6673324,-2.0,0.0,-68.0
1777892307.6773324,-3.0,2.0,-70.0
1777892307.6873324,-4.0,1.0,-65.0
1777892307.6973324,-1.0,4.0,-67.0
1777892307.7073324,2.0,4.0,-71.0
1777892307.7173324,0.0,-5.0,-75.0
1777892307.7273324,0.0,-5.0,-76.0
1777892307.7373323,3.0,-2.0,-84.0
1777892307.7473323,7.0,-2.0,-83.0
1777892307.7573323,3.0,0.0,-84.0
1777892307.7673323,4.0,2.0,-81.0
1777892307.7773323,0.0,1.0,-80.0
1777892307.7873323,1.0,1.0,-80.0
1777892307.7973323,2.0,1.0,-77.0
1777892307.8073325,0.0,0.0,-82.0
1777892307.8173325,-1.0,0.0,-80.0
1777892307.8273325,0.0,2.0,-72.0
1777892307.8373325,1.0,1.0,-75.0
1777892307.8473325,2.0,1.0,-74.0
1777892307.8573325,2.0,3.0,-70.0
1777892307.8673325,1.0,1.0,-73.0
1777892307.8773324,2.0,1.0,-78.0
1777892307.8873324,0.0,1.0,-75.0
1777892307.8973324,-2.0,0.0,-73.0
1777892307.9073324,-5.0,1.0,-71.0
1777892307.9173324,-7.0,0.0,-68.0
1777892307.9273324,-3.0,-7.0,-72.0
1777892307.9373324,1.0,-9.0,-68.0
1777892307.9473324,4.0,-7.0,-63.0
1777892307.9573324,5.0,-6.0,-64.0
1777892307.9673324,4.0,0.0,-64.0
1777892307.9773324,2.0,0.0,-71.0
1777892307.9873323,1.0,-1.0,-73.0
1777892307.9973323,3.0,0.0,-70.0
1777892308.0073323,3.0,1.0,-75.0
1777892308.0173323,6.0,3.0,-74.0
1777892308.0273323,3.0,4.0,-67.0
1777892308.0373323,-1.0,3.0,-69.0
1777892308.0473323,0.0,3.0,-66.0
1777892308.0573325,2.0,3.0,-70.0
1777892308.0673325,0.0,1.0,-69.0
1777892308.0773325,-1.0,5.0,-66.0
1777892308.0873325,0.0,4.0,-66.0
1777892308.0973325,0.0,0.0,-62.0
1777892308.1073325,-2.0,0.0,-66.0
1777892308.1173325,-4.0,2.0,-62.0
1777892308.1273324,-5.0,0.0,-66.0
1777892308.1373324,0.0,0.0,-69.0
1777892308.1473324,4.0,2.0,-66.0
1777892308.1573324,2.0,2.0,-68.0
1777892308.1673324,4.0,-2.0,-69.0
1777892308.1773324,0.0,-3.0,-73.0
1777892308.1873324,4.0,-3.0,-72.0
1777892308.1973324,4.0,-2.0,-69.0
1777892308.2073324,7.0,-3.0,-66.0
1777892308.2173324,6.0,-3.0,-60.0
1777892308.2273324,5.0,-1.0,-67.0
1777892308.2373323,2.0,1.0,-75.0
1777892308.2473323,0.0,0.0,-73.0
1777892308.2573323,0.0,0.0,-70.0
1777892308.2673323,0.0,-2.0,-68.0
1777892308.2773323,1.0,-2.0,-72.0
1777892308.2873323,3.0,-3.0,-73.0
1777892308.2973323,1.0,-1.0,-71.0
1777892308.3073325,2.0,-3.0,-69.0
1777892308.3173325,3.0,-2.0,-68.0
1777892308.3273325,1.0,0.0,-65.0
1777892308.3373325,3.0,-5.0,-67.0
1777892308.3473325,3.0,-8.0,-66.0
1777892308.3573325,0.0,-6.0,-74.0
1777892308.3673325,0.0,-5.0,-74.0
1777892308.3773324,-2.0,-4.0,-68.0
1777892308.3873324,3.0,-1.0,-65.0
1777892308.3973324,0.0,-2.0,-64.0
1777892308.4073324,1.0,-5.0,-69.0
1777892308.4173324,0.0,-7.0,-74.0
1777892308.4273324,3.0,-7.0,-73.0
1777892308.4373324,3.0,-10.0,-76.0
1777892308.4473324,3.0,-7.0,-70.0
1777892308.4573324,2.0,-5.0,-70.0
1777892308.4673324,0.0,-1.0,-66.0
1777892308.4773324,0.0,2.0,-66.0
1777892308.4873323,-2.0,-2.0,-66.0
1777892308.4973323,-7.0,-3.0,-74.0
1777892308.5073323,-1.0,-2.0,-73.0
1777892308.5173323,1.0,-5.0,-68.0
1777892308.5273323,2.0,-4.0,-72.0
1777892308.5373323,2.0,-5.0,-69.0
1777892308.5473323,6.0,-5.0,-66.0
1777892308.5573325,3.0,-4.0,-66.0
1777892308.5673325,3.0,-2.0,-66.0
1777892308.5773325,0.0,-3.0,-73.0
1777892308.5873325,0.0,-8.0,-66.0
1777892308.5973325,5.0,-3.0,-62.0
1777892308.6073325,1.0,-4.0,-56.0
1777892308.6173325,2.0,-3.0,-54.0
1777892308.6273324,3.0,-4.0,-58.0
1777892308.6373324,5.0,-2.0,-65.0
1777892308.6473324,-1.0,1.0,-65.0
1777892308.6573324,2.0,3.0,-66.0
1777892308.6673324,6.0,1.0,-67.0
1777892308.6773324,3.0,3.0,-64.0
1777892308.6873324,0.0,2.0,-67.0
1777892308.6973324,1.0,3.0,-67.0
1777892308.7073324,3.0,2.0,-75.0
1777892308.7173324,6.0,-3.0,-76.0
1777892308.7273324,2.0,-4.0,-74.0
1777892308.7383325,0.0,-4.0,-68.0
1777892308.7473323,-3.0,-4.0,-72.0
1777892308.7573323,-7.0,-4.0,-70.0
1777892308.7673323,-10.0,-5.0,-69.0
1777892308.7783325,-7.0,-3.0,-71.0
1777892308.7883325,-2.0,0.0,-73.0
1777892308.7983325,2.0,2.0,-72.0
1777892308.8083324,6.0,5.0,-74.0
1777892308.8183324,3.0,5.0,-70.0
1777892308.8283324,2.0,0.0,-67.0
1777892308.8383324,1.0,-2.0,-72.0
1777892308.8483324,-2.0,-3.0,-74.0
1777892308.8583324,-3.0,-4.0,-71.0
1777892308.8683324,-5.0,-1.0,-72.0
1777892308.8783324,-5.0,-6.0,-73.0
1777892308.8883324,-8.0,-7.0,-74.0
1777892308.8983324,-5.0,-1.0,-76.0
1777892308.9083323,-7.0,-1.0,-80.0
1777892308.9183323,-4.0,-1.0,-77.0
1777892308.9283323,-2.0,0.0,-81.0
1777892308.9383323,-1.0,0.0,-79.0
1777892308.9483323,0.0,-4.0,-81.0
1777892308.9583323,0.0,-4.0,-87.0
1777892308.9683323,0.0,-6.0,-88.0
1777892308.9783323,-1.0,-6.0,-88.0
1777892308.9883325,1.0,0.0,-83.0
1777892308.9983325,3.0,-1.0,-77.0
1777892309.0083325,1.0,0.0,-72.0
1777892309.0183325,3.0,-1.0,-77.0
1777892309.0283325,4.0,-1.0,-80.0
1777892309.0383325,6.0,0.0,-80.0
1777892309.0483325,9.0,0.0,-78.0
1777892309.0583324,5.0,0.0,-72.0
1777892309.0683324,0.0,-2.0,-70.0
1777892309.0783324,3.0,1.0,-73.0
1777892309.0883324,1.0,0.0,-72.0
1777892309.0983324,4.0,0.0,-76.0
1777892309.1083324,4.0,-2.0,-77.0
1777892309.1183324,2.0,-3.0,-78.0
1777892309.1283324,3.0,-1.0,-80.0
1777892309.1383324,3.0,0.0,-78.0
1777892309.1483324,1.0,0.0,-70.0
1777892309.1583323,0.0,0.0,-68.0
1777892309.1683323,2.0,-5.0,-78.0
1777892309.1783323,5.0,-6.0,-78.0
1777892309.1883323,0.0,-4.0,-71.0
1777892309.1983323,-3.0,-2.0,-67.0
1777892309.2083323,-3.0,2.0,-63.0
1777892309.2183323,-1.0,2.0,-69.0
1777892309.2283323,-2.0,4.0,-73.0
1777892309.2383325,-5.0,3.0,-71.0
1777892309.2483325,-2.0,4.0,-70.0
1777892309.2583325,6.0,4.0,-72.0
1777892309.2683325,3.0,5.0,-77.0
1777892309.2783325,2.0,7.0,-69.0
1777892309.2883325,4.0,8.0,-62.0
1777892309.2983325,0.0,8.0,-64.0
1777892309.3083324,1.0,9.0,-62.0
1777892309.3183324,5.0,8.0,-62.0
1777892309.3283324,10.0,5.0,-64.0
1777892309.3383324,7.0,4.0,-70.0
1777892309.3483324,11.0,5.0,-67.0
1777892309.3583324,5.0,3.0,-71.0
1777892309.3683324,1.0,0.0,-72.0
1777892309.3783324,0.0,0.0,-69.0
1777892309.3883324,3.0,0.0,-76.0
1777892309.3983324,6.0,-1.0,-72.0
1777892309.4083323,9.0,-3.0,-75.0
1777892309.4183323,6.0,-3.0,-75.0
1777892309.4283323,7.0,-3.0,-80.0
1777892309.4383323,5.0,-1.0,-78.0
1777892309.4483323,6.0,0.0,-78.0
1777892309.4583323,2.0,-1.0,-79.0
1777892309.4683323,4.0,-1.0,-72.0
1777892309.4783323,3.0,-4.0,-67.0
1777892309.4883325,6.0,0.0,-68.0
1777892309.4983325,4.0,0.0,-68.0
1777892309.5083325,0.0,3.0,-73.0
1777892309.5183325,0.0,-1.0,-68.0
1777892309.5283325,2.0,0.0,-64.0
1777892309.5383325,8.0,-1.0,-65.0
1777892309.5483325,4.0,-3.0,-61.0
1777892309.5583324,4.0,-5.0,-65.0
1777892309.5683324,6.0,-4.0,-68.0
1777892309.5783324,6.0,-2.0,-72.0
1777892309.5883324,4.0,-4.0,-68.0
1777892309.5983324,7.0,-3.0,-64.0
1777892309.6083324,5.0,-4.0,-63.0
1777892309.6183324,0.0,-4.0,-59.0
1777892309.6283324,2.0,-1.0,-63.0
1777892309.6383324,-3.0,0.0,-62.0
1777892309.6483324,-6.0,1.0,-65.0
1777892309.6583323,-6.0,-1.0,-61.0
1777892309.6683323,0.0,0.0,-59.0
1777892309.6783323,-1.0,-1.0,-62.0
1777892309.6883323,-1.0,-3.0,-66.0
1777892309.6983323,-4.0,-2.0,-70.0
1777892309.7083323,-5.0,-1.0,-67.0
1777892309.7183323,-2.0,-1.0,-67.0
1777892309.7283323,0.0,-3.0,-64.0
1777892309.7383325,0.0,-5.0,-59.0
1777892309.7483325,4.0,-4.0,-56.0
1777892309.7583325,6.0,-5.0,-61.0
1777892309.7683325,4.0,-6.0,-57.0
1777892309.7783325,2.0,-4.0,-61.0
1777892309.7883325,0.0,-2.0,-66.0
1777892309.7983325,-1.0,0.0,-73.0
1777892309.8083324,-1.0,-3.0,-76.0
1777892309.8183324,0.0,0.0,-76.0
1777892309.8283324,0.0,2.0,-74.0
1777892309.8383324,3.0,5.0,-72.0
1777892309.8483324,0.0,9.0,-72.0
1777892309.8583324,-4.0,6.0,-67.0
1777892309.8683324,-7.0,4.0,-63.0
1777892309.8783324,-8.0,4.0,-64.0
1777892309.8883324,-7.0,0.0,-64.0
1777892309.8983324,-7.0,0.0,-68.0
1777892309.9083323,-1.0,1.0,-70.0
1777892309.9183323,2.0,1.0,-65.0
1777892309.9283323,-1.0,0.0,-61.0
1777892309.9383323,-1.0,1.0,-64.0
1777892309.9483323,-1.0,2.0,-61.0
1777892309.9583323,0.0,1.0,-64.0
1777892309.9683323,-4.0,-1.0,-68.0
1777892309.9783323,-4.0,-2.0,-71.0
1777892309.9883325,-2.0,3.0,-72.0
1777892309.9983325,4.0,8.0,-77.0
1777892310.0083325,4.0,9.0,-86.0
1777892310.0183325,5.0,4.0,-81.0
1777892310.0283325,9.0,1.0,-81.0
1777892310.0383325,9.0,0.0,-80.0
1777892310.0483325,5.0,0.0,-77.0
1777892310.0583324,5.0,-1.0,-72.0
1777892310.0683324,2.0,0.0,-69.0
1777892310.0783324,5.0,1.0,-64.0
1777892310.0883324,4.0,4.0,-58.0
1777892310.0983324,7.0,10.0,-65.0
1777892310.1083324,3.0,4.0,-69.0
1777892310.1183324,1.0,4.0,-68.0
1777892310.1283324,0.0,8.0,-73.0
1777892310.1383324,-3.0,9.0,-74.0
1777892310.1483324,-4.0,5.0,-72.0
1777892310.1583323,-1.0,0.0,-70.0
1777892310.1683323,0.0,-1.0,-69.0
1777892310.1783323,-3.0,-1.0,-70.0
1777892310.1883323,-5.0,-4.0,-69.0
1777892310.1983323,2.0,-4.0,-69.0
1777892310.2083323,6.0,-4.0,-71.0
1777892310.2183323,7.0,-1.0,-71.0
1777892310.2283323,4.0,0.0,-77.0
1777892310.2383325,4.0,-6.0,-76.0
1777892310.2483325,-1.0,-5.0,-73.0
1777892310.2583325,-2.0,0.0,-71.0
1777892310.2683325,-3.0,2.0,-74.0
1777892310.2783325,-4.0,5.0,-72.0
1777892310.2883325,-1.0,4.0,-70.0
1777892310.2983325,0.0,5.0,-75.0
1777892310.3083324,-4.0,5.0,-73.0
1777892310.3183324,-1.0,5.0,-74.0
1777892310.3283324,2.0,2.0,-75.0
1777892310.3383324,0.0,0.0,-80.0
1777892310.3483324,-1.0,2.0,-79.0
1777892310.3583324,2.0,-2.0,-78.0
1777892310.3683324,2.0,-3.0,-75.0
1777892310.3783324,1.0,-1.0,-68.0
1777892310.3883324,-1.0,0.0,-70.0
1777892310.3983324,0.0,5.0,-75.0
1777892310.4083323,0.0,3.0,-77.0
1777892310.4183323,3.0,3.0,-77.0
1777892310.4283323,3.0,1.0,-77.0
1777892310.4383323,1.0,0.0,-75.0
1777892310.4483323,-4.0,0.0,-77.0
1777892310.4583323,0.0,-1.0,-73.0
1777892310.4683323,3.0,-4.0,-73.0
1777892310.4783323,4.0,-7.0,-78.0
1777892310.4883325,1.0,-7.0,-73.0
1777892310.4983325,-3.0,-5.0,-74.0
1777892310.5083325,-2.0,-6.0,-71.0
1777892310.5183325,3.0,-4.0,-68.0
1777892310.5283325,0.0,-7.0,-69.0
1777892310.5383325,0.0,-5.0,-69.0
1777892310.5483325,-2.0,-6.0,-68.0
1777892310.5583324,0.0,-1.0,-65.0
1777892310.5683324,-1.0,-2.0,-66.0
1777892310.5783324,-2.0,-6.0,-67.0
1777892310.5883324,-2.0,-8.0,-69.0
1777892310.5983324,-3.0,-7.0,-70.0
1777892310.6083324,-2.0,-3.0,-72.0
1777892310.6183324,-4.0,-6.0,-69.0
1777892310.6283324,-4.0,-7.0,-68.0
1777892310.6383324,-4.0,-7.0,-73.0
1777892310.6483324,0.0,-1.0,-73.0
1777892310.6583323,-4.0,-2.0,-74.0
1777892310.6683323,-2.0,-3.0,-70.0
1777892310.6783323,0.0,-2.0,-71.0
1777892310.6883323,0.0,2.0,-78.0
1777892310.6983323,4.0,-1.0,-72.0
1777892310.7083323,4.0,-1.0,-77.0
1777892310.7183323,0.0,0.0,-79.0
1777892310.7293324,2.0,0.0,-81.0
1777892310.7383325,3.0,0.0,-77.0
1777892310.7493324,3.0,-1.0,-77.0
1777892310.7593324,5.0,3.0,-74.0
1777892310.7683325,0.0,4.0,-77.0
1777892310.7793324,-6.0,2.0,-82.0
1777892310.7883325,-6.0,2.0,-84.0
1777892310.7993324,-3.0,2.0,-77.0
1777892310.8093324,0.0,2.0,-78.0
1777892310.8193324,4.0,0.0,-74.0
1777892310.8293324,2.0,2.0,-77.0
1777892310.8393323,-2.0,2.0,-78.0
1777892310.8493323,-4.0,7.0,-74.0
1777892310.8593323,-7.0,7.0,-80.0
1777892310.8693323,-2.0,3.0,-74.0
1777892310.8793323,-1.0,0.0,-67.0
1777892310.8893323,4.0,0.0,-74.0
1777892310.8993323,9.0,0.0,-70.0
1777892310.9093325,10.0,-4.0,-71.0
1777892310.9193325,7.0,-6.0,-72.0
1777892310.9293325,9.0,-6.0,-75.0
1777892310.9393325,4.0,-6.0,-74.0
1777892310.9493325,7.0,-4.0,-75.0
1777892310.9593325,4.0,-3.0,-66.0
1777892310.9693325,3.0,-1.0,-66.0
1777892310.9793324,5.0,-1.0,-61.0
1777892310.9893324,2.0,0.0,-67.0
1777892310.9993324,0.0,1.0,-67.0
1777892311.0093324,-1.0,-1.0,-72.0
1777892311.0193324,-5.0,0.0,-70.0
1777892311.0293324,-4.0,0.0,-74.0
1777892311.0393324,-2.0,2.0,-67.0
1777892311.0493324,-5.0,3.0,-62.0
1777892311.0593324,-5.0,1.0,-61.0
1777892311.0693324,-1.0,1.0,-61.0
1777892311.0793324,-1.0,-2.0,-57.0
1777892311.0893323,3.0,0.0,-55.0
1777892311.0993323,4.0,0.0,-51.0
1777892311.1093323,0.0,1.0,-56.0
1777892311.1193323,-4.0,-1.0,-67.0
1777892311.1293323,-5.0,-1.0,-69.0
1777892311.1393323,-3.0,0.0,-65.0
1777892311.1493323,-1.0,-4.0,-68.0
1777892311.1593325,-2.0,-5.0,-68.0
1777892311.1693325,-2.0,-4.0,-72.0
1777892311.1793325,-1.0,-5.0,-75.0
1777892311.1893325,4.0,-5.0,-82.0
1777892311.1993325,11.0,-2.0,-80.0
1777892311.2093325,8.0,0.0,-78.0
1777892311.2193325,6.0,-1.0,-81.0
1777892311.2293324,3.0,-1.0,-79.0
1777892311.2393324,3.0,1.0,-72.0
1777892311.2493324,5.0,-1.0,-64.0
1777892311.2593324,4.0,-1.0,-62.0
1777892311.2693324,2.0,1.0,-64.0
1777892311.2793324,0.0,0.0,-66.0
1777892311.2893324,0.0,1.0,-66.0
1777892311.2993324,3.0,1.0,-67.0
1777892311.3093324,1.0,0.0,-63.0
1777892311.3193324,2.0,1.0,-66.0
1777892311.3293324,1.0,0.0,-67.0
1777892311.3393323,4.0,-2.0,-69.0
1777892311.3493323,4.0,-2.0,-71.0
1777892311.3593323,5.0,-6.0,-67.0
1777892311.3693323,5.0,-7.0,-59.0
1777892311.3793323,7.0,-9.0,-63.0
1777892311.3893323,6.0,-7.0,-61.0
1777892311.3993323,2.0,-8.0,-60.0
1777892311.4093325,0.0,-4.0,-64.0
1777892311.4193325,-2.0,-2.0,-66.0
1777892311.4293325,1.0,-4.0,-69.0
1777892311.4393325,2.0,-5.0,-73.0
1777892311.4493325,0.0,-6.0,-73.0
1777892311.4593325,-1.0,-6.0,-68.0
1777892311.4693325,0.0,-4.0,-70.0
1777892311.4793324,1.0,-4.0,-75.0
1777892311.4893324,3.0,-7.0,-76.0
1777892311.4993324,4.0,-9.0,-75.0
1777892311.5093324,8.0,-5.0,-74.0
1777892311.5193324,8.0,-2.0,-71.0
1777892311.5293324,8.0,-1.0,-69.0
1777892311.5393324,2.0,0.0,-69.0
1777892311.5493324,3.0,2.0,-68.0
1777892311.5593324,3.0,3.0,-67.0
1777892311.5693324,2.0,2.0,-61.0
1777892311.5793324,-1.0,1.0,-63.0
1777892311.5893323,2.0,3.0,-68.0
1777892311.5993323,-1.0,2.0,-70.0
1777892311.6093323,0.0,4.0,-78.0
1777892311.6193323,4.0,5.0,-80.0
1777892311.6293323,2.0,3.0,-81.0
1777892311.6393323,4.0,4.0,-80.0
1777892311.6493323,1.0,1.0,-74.0
1777892311.6593325,5.0,-2.0,-73.0
1777892311.6693325,7.0,0.0,-76.0
1777892311.6793325,4.0,4.0,-76.0
1777892311.6893325,1.0,6.0,-77.0
1777892311.6993325,4.0,6.0,-91.0
1777892311.7093325,3.0,2.0,-88.0
1777892311.7193325,0.0,1.0,-86.0
1777892311.7293324,1.0,0.0,-86.0
1777892311.7393324,2.0,1.0,-84.0
1777892311.7493324,4.0,1.0,-83.0
1777892311.7593324,1.0,0.0,-71.0
1777892311.7693324,-3.0,-2.0,-66.0
1777892311.7793324,-2.0,0.0,-69.0
1777892311.7893324,-2.0,0.0,-74.0
1777892311.7993324,-1.0,-2.0,-72.0
1777892311.8093324,-1.0,-3.0,-76.0
1777892311.8193324,0.0,-3.0,-78.0
1777892311.8293324,-2.0,-4.0,-72.0
1777892311.8393323,-2.0,-10.0,-73.0
1777892311.8493323,-2.0,-11.0,-68.0
1777892311.8593323,-2.0,-11.0,-66.0
1777892311.8693323,-3.0,-9.0,-66.0
1777892311.8793323,-5.0,-9.0,-63.0
1777892311.8893323,-3.0,-6.0,-64.0
1777892311.8993323,-2.0,-4.0,-62.0
1777892311.9093325,1.0,-5.0,-62.0
1777892311.9193325,-2.0,-6.0,-63.0
1777892311.9293325,0.0,-6.0,-66.0
1777892311.9393325,3.0,-5.0,-67.0
1777892311.9493325,6.0,-5.0,-71.0
1777892311.9593325,4.0,-2.0,-72.0
1777892311.9693325,6.0,-3.0,-75.0
1777892311.9793324,6.0,-4.0,-71.0
1777892311.9893324,0.0,-3.0,-77.0
1777892311.9993324,0.0,-2.0,-80.0
1777892312.0093324,0.0,-3.0,-75.0
1777892312.0193324,-1.0,-4.0,-76.0
1777892312.0293324,-5.0,-3.0,-72.0
1777892312.0393324,-3.0,-1.0,-67.0
1777892312.0493324,0.0,-2.0,-67.0
1777892312.0593324,-1.0,0.0,-62.0
1777892312.0693324,1.0,0.0,-64.0
1777892312.0793324,2.0,-4.0,-66.0
1777892312.0893323,3.0,-1.0,-65.0
1777892312.0993323,4.0,0.0,-61.0
1777892312.1093323,4.0,-1.0,-60.0
1777892312.1193323,7.0,-1.0,-67.0
1777892312.1293323,3.0,-3.0,-72.0
1777892312.1393323,0.0,-4.0,-74.0
1777892312.1493323,0.0,0.0,-78.0
1777892312.1593325,-2.0,-1.0,-73.0
1777892312.1693325,-3.0,-3.0,-77.0
1777892312.1793325,-4.0,-8.0,-76.0
1777892312.1893325,-2.0,-12.0,-75.0
1777892312.1993325,-1.0,-14.0,-75.0
1777892312.2093325,0.0,-8.0,-76.0
1777892312.2193325,0.0,-8.0,-78.0
1777892312.2293324,1.0,-4.0,-75.0
1777892312.2393324,4.0,-3.0,-79.0
1777892312.2493324,4.0,0.0,-75.0
1777892312.2593324,3.0,2.0,-78.0
1777892312.2703323,5.0,1.0,-76.0
1777892312.2793324,7.0,4.0,-74.0
1777892312.2893324,4.0,7.0,-73.0
1777892312.2993324,1.0,5.0,-68.0
1777892312.3093324,0.0,4.0,-72.0
1777892312.3193324,2.0,5.0,-78.0
1777892312.3293324,0.0,8.0,-83.0
1777892312.3393323,5.0,6.0,-78.0
1777892312.3493323,6.0,3.0,-78.0
1777892312.3593323,6.0,4.0,-74.0
1777892312.3693323,0.0,0.0,-70.0
1777892312.3793323,2.0,1.0,-71.0
1777892312.3893323,3.0,0.0,-68.0
1777892312.3993323,2.0,1.0,-72.0
1777892312.4093325,2.0,2.0,-71.0
1777892312.4193325,5.0,5.0,-70.0
1777892312.4293325,6.0,7.0,-71.0
1777892312.4393325,4.0,7.0,-75.0
1777892312.4493325,3.0,9.0,-73.0
1777892312.4593325,4.0,9.0,-73.0
1777892312.4693325,2.0,9.0,-67.0
1777892312.4793324,2.0,8.0,-62.0
1777892312.4893324,4.0,5.0,-64.0
1777892312.4993324,0.0,3.0,-73.0
1777892312.5093324,-4.0,6.0,-70.0
1777892312.5193324,-9.0,5.0,-67.0
1777892312.5293324,-7.0,6.0,-70.0
1777892312.5393324,-5.0,6.0,-79.0
1777892312.5493324,-4.0,5.0,-79.0
1777892312.5593324,0.0,6.0,-78.0
1777892312.5693324,0.0,6.0,-75.0
1777892312.5793324,0.0,4.0,-76.0
1777892312.5893323,0.0,2.0,-74.0
1777892312.5993323,1.0,-1.0,-74.0
1777892312.6093323,-1.0,-5.0,-70.0
1777892312.6193323,-3.0,-1.0,-71.0
1777892312.6293323,-4.0,-6.0,-68.0
1777892312.6393323,-8.0,0.0,-67.0
1777892312.6493323,-5.0,-2.0,-66.0
1777892312.6593325,0.0,-3.0,-72.0
1777892312.6693325,0.0,-1.0,-77.0
1777892312.6793325,1.0,-2.0,-71.0
1777892312.6893325,2.0,0.0,-75.0
1777892312.6993325,4.0,3.0,-73.0
1777892312.7093325,5.0,2.0,-74.0
1777892312.7203324,7.0,0.0,-73.0
1777892312.7293324,7.0,-1.0,-72.0
1777892312.7403324,3.0,0.0,-72.0
1777892312.7503324,5.0,3.0,-71.0
1777892312.7603323,9.0,4.0,-72.0
1777892312.7703323,12.0,7.0,-71.0
1777892312.7803323,11.0,7.0,-71.0
1777892312.7903323,5.0,4.0,-65.0
1777892312.8003323,7.0,0.0,-72.0
1777892312.8103323,7.0,-1.0,-74.0
1777892312.8203323,8.0,0.0,-74.0
1777892312.8303325,9.0,0.0,-66.0
1777892312.8403325,5.0,0.0,-66.0
1777892312.8503325,4.0,1.0,-63.0
1777892312.8603325,1.0,2.0,-57.0
1777892312.8703325,-3.0,1.0,-62.0
1777892312.8803325,-1.0,0.0,-64.0
1777892312.8903325,0.0,0.0,-69.0
1777892312.9003325,1.0,-3.0,-70.0
1777892312.9103324,3.0,-4.0,-69.0
1777892312.9203324,6.0,-6.0,-69.0
1777892312.9303324,3.0,-8.0,-68.0
1777892312.9403324,3.0,-7.0,-71.0
1777892312.9503324,3.0,-7.0,-68.0
1777892312.9603324,2.0,-7.0,-66.0
1777892312.9703324,3.0,-4.0,-67.0
1777892312.9803324,5.0,-5.0,-72.0
1777892312.9903324,9.0,-5.0,-60.0
1777892313.0003324,9.0,0.0,-62.0
1777892313.0103323,6.0,-2.0,-62.0
1777892313.0203323,5.0,-4.0,-70.0
1777892313.0303323,4.0,-4.0,-71.0
1777892313.0403323,3.0,-1.0,-71.0
1777892313.0503323,11.0,3.0,-71.0
1777892313.0603323,5.0,5.0,-70.0
1777892313.0703323,3.0,0.0,-72.0
1777892313.0803325,0.0,-1.0,-74.0
1777892313.0903325,-2.0,0.0,-67.0
1777892313.1003325,1.0,0.0,-61.0
1777892313.1103325,2.0,-2.0,-56.0
1777892313.1203325,5.0,0.0,-58.0
1777892313.1303325,13.0,3.0,-55.0
1777892313.1403325,13.0,1.0,-53.0
1777892313.1503325,10.0,2.0,-62.0
1777892313.1603324,8.0,-3.0,-68.0
1777892313.1703324,7.0,-1.0,-65.0
1777892313.1803324,6.0,4.0,-65.0
1777892313.1903324,4.0,6.0,-66.0
1777892313.2003324,2.0,3.0,-69.0
1777892313.2103324,2.0,0.0,-67.0
1777892313.2203324,2.0,2.0,-66.0
1777892313.2303324,0.0,3.0,-77.0
1777892313.2403324,0.0,-2.0,-76.0
1777892313.2503324,1.0,0.0,-75.0
1777892313.2603323,2.0,1.0,-74.0
1777892313.2703323,4.0,3.0,-74.0
1777892313.2803323,4.0,4.0,-73.0
1777892313.2903323,4.0,0.0,-66.0
1777892313.3003323,3.0,-5.0,-75.0
1777892313.3103323,0.0,-5.0,-81.0
1777892313.3203323,0.0,-9.0,-77.0
1777892313.3303325,1.0,-5.0,-82.0
1777892313.3403325,0.0,-6.0,-72.0
1777892313.3503325,0.0,-5.0,-69.0
1777892313.3603325,0.0,-5.0,-75.0
1777892313.3703325,0.0,-6.0,-80.0
1777892313.3803325,0.0,-8.0,-79.0
1777892313.3903325,2.0,-8.0,-76.0
1777892313.4003325,3.0,-2.0,-74.0
1777892313.4103324,2.0,-4.0,-68.0
1777892313.4203324,1.0,-1.0,-74.0
1777892313.4303324,-1.0,-2.0,-69.0
1777892313.4403324,0.0,-3.0,-72.0
1777892313.4503324,0.0,-3.0,-69.0
1777892313.4603324,0.0,-1.0,-66.0
1777892313.4703324,2.0,-2.0,-71.0
1777892313.4803324,1.0,-2.0,-68.0
1777892313.4903324,-1.0,1.0,-66.0
1777892313.5003324,-1.0,0.0,-74.0
1777892313.5103323,1.0,0.0,-76.0
1777892313.5203323,1.0,2.0,-78.0
1777892313.5303323,0.0,2.0,-82.0
1777892313.5403323,2.0,3.0,-78.0
1777892313.5503323,0.0,5.0,-74.0
1777892313.5603323,0.0,4.0,-75.0
1777892313.5703323,-1.0,4.0,-75.0
1777892313.5803325,0.0,4.0,-79.0
1777892313.5903325,7.0,4.0,-74.0
1777892313.6003325,6.0,3.0,-73.0
1777892313.6103325,2.0,0.0,-73.0
1777892313.6203325,0.0,-3.0,-69.0
1777892313.6303325,-3.0,-2.0,-68.0
1777892313.6403325,-8.0,-1.0,-69.0
1777892313.6503325,-2.0,-1.0,-66.0
1777892313.6603324,-2.0,-6.0,-63.0
1777892313.6703324,-6.0,-4.0,-64.0
1777892313.6803324,-2.0,-8.0,-66.0
1777892313.6903324,-3.0,-7.0,-69.0
1777892313.7003324,-4.0,-7.0,-69.0
1777892313.7103324,-3.0,0.0,-68.0
1777892313.7203324,-1.0,-1.0,-73.0
1777892313.7303324,1.0,-1.0,-81.0
1777892313.7403324,3.0,-2.0,-87.0
1777892313.7503324,2.0,-5.0,-86.0
1777892313.7603323,-4.0,-2.0,-88.0
1777892313.7703323,-6.0,-3.0,-84.0
1777892313.7803323,0.0,-5.0,-73.0
1777892313.7903323,1.0,-2.0,-73.0
1777892313.8003323,-1.0,1.0,-80.0
1777892313.8103323,-3.0,-1.0,-82.0
1777892313.8203323,-1.0,0.0,-77.0
1777892313.8303325,-4.0,-1.0,-80.0
1777892313.8403325,-6.0,-1.0,-74.0
1777892313.8503325,-7.0,-1.0,-73.0
1777892313.8603325,-10.0,-1.0,-70.0
1777892313.8703325,-10.0,-2.0,-71.0
1777892313.8803325,-10.0,-5.0,-63.0
1777892313.8903325,-10.0,-7.0,-71.0
1777892313.9003325,-7.0,-5.0,-76.0
1777892313.9103324,-3.0,-2.0,-85.0
1777892313.9203324,-5.0,-3.0,-86.0
1777892313.9303324,-8.0,0.0,-81.0
1777892313.9403324,-5.0,4.0,-75.0
1777892313.9503324,-6.0,7.0,-66.0
1777892313.9603324,-8.0,9.0,-65.0
1777892313.9703324,-2.0,9.0,-66.0
1777892313.9803324,-3.0,6.0,-70.0
1777892313.9903324,0.0,4.0,-71.0
1777892314.0003324,-2.0,3.0,-70.0
1777892314.0103323,0.0,3.0,-67.0
1777892314.0203323,0.0,3.0,-70.0
1777892314.0303323,0.0,1.0,-64.0
1777892314.0403323,-1.0,0.0,-68.0
1777892314.0503323,1.0,-1.0,-72.0
1777892314.0603323,4.0,-3.0,-76.0
1777892314.0703323,2.0,-2.0,-76.0
1777892314.0803325,2.0,-1.0,-75.0
1777892314.0903325,0.0,-2.0,-77.0
1777892314.1003325,-3.0,0.0,-76.0
1777892314.1103325,-1.0,-1.0,-85.0
1777892314.1203325,1.0,0.0,-81.0
1777892314.1303325,2.0,0.0,-79.0
1777892314.1403325,5.0,6.0,-74.0
1777892314.1503325,11.0,8.0,-73.0
1777892314.1603324,4.0,3.0,-65.0
1777892314.1703324,6.0,0.0,-63.0
1777892314.1803324,8.0,0.0,-68.0
1777892314.1903324,6.0,-5.0,-73.0
1777892314.2003324,3.0,-5.0,-74.0
1777892314.2103324,2.0,-3.0,-69.0
1777892314.2203324,-1.0,-2.0,-78.0
1777892314.2303324,-5.0,-2.0,-72.0
1777892314.2403324,-2.0,-2.0,-73.0
1777892314.2503324,1.0,-2.0,-72.0
1777892314.2603323,0.0,1.0,-73.0
1777892314.2703323,-3.0,0.0,-77.0
1777892314.2803323,-2.0,0.0,-75.0
1777892314.2903323,-1.0,1.0,-71.0
1777892314.3003323,1.0,3.0,-69.0
1777892314.3103323,0.0,1.0,-69.0
1777892314.3203323,-4.0,2.0,-67.0
1777892314.3303325,-5.0,2.0,-72.0
1777892314.3403325,-3.0,6.0,-74.0
1777892314.3503325,0.0,2.0,-76.0
1777892314.3603325,2.0,2.0,-77.0
1777892314.3703325,1.0,-2.0,-73.0
1777892314.3803325,3.0,-2.0,-73.0
1777892314.3903325,4.0,-2.0,-75.0
1777892314.4003325,3.0,3.0,-71.0
1777892314.4103324,1.0,1.0,-67.0
1777892314.4203324,2.0,2.0,-71.0
1777892314.4303324,2.0,4.0,-75.0
1777892314.4403324,3.0,3.0,-77.0
1777892314.4503324,6.0,0.0,-74.0
1777892314.4603324,5.0,0.0,-75.0
1777892314.4703324,2.0,3.0,-77.0
1777892314.4803324,0.0,2.0,-80.0
1777892314.4903324,-1.0,0.0,-78.0
1777892314.5003324,0.0,0.0,-76.0
1777892314.5103323,7.0,0.0,-78.0
1777892314.5203323,9.0,2.0,-71.0
1777892314.5303323,9.0,3.0,-69.0
1777892314.5403323,7.0,2.0,-69.0
1777892314.5503323,3.0,0.0,-76.0
1777892314.5603323,1.0,2.0,-75.0
1777892314.5703323,2.0,2.0,-79.0
1777892314.5803325,1.0,-1.0,-73.0
1777892314.5903325,0.0,0.0,-74.0
1777892314.6003325,-1.0,-2.0,-70.0
1777892314.6103325,-4.0,2.0,-74.0
1777892314.6203325,-3.0,-1.0,-74.0
1777892314.6303325,-4.0,0.0,-74.0
1777892314.6403325,0.0,0.0,-79.0
1777892314.6503325,3.0,-3.0,-76.0
1777892314.6603324,4.0,-2.0,-68.0
1777892314.6703324,6.0,-2.0,-70.0
1777892314.6803324,7.0,1.0,-70.0
1777892314.6903324,4.0,-1.0,-67.0
1777892314.7003324,3.0,-2.0,-72.0
1777892314.7103324,2.0,0.0,-73.0
1777892314.7203324,-3.0,2.0,-71.0
1777892314.7313323,1.0,1.0,-70.0
1777892314.7413323,1.0,1.0,-65.0
1777892314.7513323,0.0,-2.0,-62.0
1777892314.7613325,0.0,-5.0,-66.0
1777892314.7713325,0.0,-2.0,-71.0
1777892314.7813325,-5.0,0.0,-70.0
1777892314.7913325,-5.0,0.0,-76.0
1777892314.8013325,0.0,1.0,-79.0
1777892314.8113325,1.0,-1.0,-76.0
1777892314.8213325,-4.0,0.0,-72.0
1777892314.8313324,-4.0,0.0,-77.0
1777892314.8413324,0.0,1.0,-75.0
1777892314.8513324,2.0,3.0,-73.0
1777892314.8613324,-4.0,3.0,-76.0
1777892314.8713324,1.0,4.0,-72.0
1777892314.8813324,0.0,3.0,-74.0
1777892314.8913324,-1.0,3.0,-76.0
1777892314.9013324,-3.0,0.0,-78.0
1777892314.9113324,-1.0,-3.0,-75.0
1777892314.9213324,-1.0,-9.0,-74.0
1777892314.9313323,-1.0,-5.0,-69.0
1777892314.9413323,1.0,0.0,-68.0
1777892314.9513323,3.0,-2.0,-68.0
1777892314.9613323,-2.0,-2.0,-65.0
1777892314.9713323,-2.0,-3.0,-73.0
1777892314.9813323,-2.0,0.0,-75.0
1777892314.9913323,-4.0,0.0,-73.0
1777892315.0013323,0.0,-1.0,-73.0
1777892315.0113325,-3.0,-4.0,-67.0
1777892315.0213325,0.0,-5.0,-67.0
1777892315.0323324,0.0,-2.0,-68.0
1777892315.0413325,0.0,0.0,-73.0
1777892315.0513325,-3.0,-2.0,-71.0
1777892315.0613325,-4.0,-2.0,-72.0
1777892315.0713325,2.0,1.0,-66.0
1777892315.0813324,1.0,1.0,-70.0
1777892315.0913324,0.0,5.0,-80.0
1777892315.1013324,1.0,7.0,-75.0
1777892315.1113324,3.0,5.0,-72.0
1777892315.1213324,7.0,5.0,-70.0
1777892315.1313324,8.0,6.0,-72.0
1777892315.1413324,11.0,5.0,-72.0
1777892315.1513324,15.0,3.0,-71.0
1777892315.1613324,9.0,7.0,-68.0
1777892315.1713324,5.0,5.0,-76.0
1777892315.1813323,1.0,9.0,-75.0
1777892315.1913323,0.0,8.0,-76.0
1777892315.2013323,-2.0,5.0,-74.0
1777892315.2113323,-4.0,5.0,-73.0
1777892315.2213323,-6.0,0.0,-65.0
1777892315.2313323,-3.0,-1.0,-60.0
1777892315.2413323,0.0,-1.0,-61.0
1777892315.2513323,-3.0,-4.0,-61.0
1777892315.2613325,-5.0,-2.0,-62.0
1777892315.2713325,-3.0,-1.0,-64.0
1777892315.2813325,-1.0,-1.0,-60.0
1777892315.2913325,0.0,-3.0,-60.0
1777892315.3013325,0.0,-3.0,-61.0
1777892315.3113325,4.0,-2.0,-66.0
1777892315.3213325,6.0,-2.0,-74.0
1777892315.3313324,7.0,1.0,-73.0
1777892315.3413324,3.0,-1.0,-66.0
1777892315.3513324,0.0,-1.0,-68.0
1777892315.3613324,-2.0,2.0,-69.0
1777892315.3713324,-1.0,1.0,-72.0
1777892315.3813324,0.0,3.0,-70.0
1777892315.3913324,0.0,0.0,-72.0
1777892315.4013324,4.0,1.0,-73.0
1777892315.4113324,4.0,5.0,-74.0
1777892315.4213324,4.0,4.0,-66.0
1777892315.4313323,2.0,1.0,-69.0
1777892315.4413323,4.0,-1.0,-70.0
1777892315.4513323,8.0,0.0,-73.0
1777892315.4613323,7.0,-1.0,-73.0
1777892315.4713323,1.0,3.0,-68.0
1777892315.4813323,0.0,4.0,-67.0
1777892315.4913323,0.0,6.0,-64.0
1777892315.5013323,0.0,5.0,-57.0
1777892315.5113325,0.0,4.0,-61.0
1777892315.5213325,0.0,1.0,-62.0
1777892315.5313325,1.0,-1.0,-60.0
1777892315.5413325,7.0,-8.0,-62.0
1777892315.5513325,6.0,-8.0,-65.0
1777892315.5613325,1.0,-4.0,-67.0
1777892315.5713325,0.0,-2.0,-67.0
1777892315.5813324,1.0,-4.0,-68.0
1777892315.5913324,-1.0,-7.0,-71.0
1777892315.6013324,-1.0,-5.0,-74.0
1777892315.6113324,0.0,-8.0,-71.0
1777892315.6213324,0.0,-8.0,-70.0
1777892315.6313324,-1.0,-2.0,-68.0
1777892315.6413324,-1.0,0.0,-72.0
1777892315.6513324,2.0,-1.0,-77.0
1777892315.6613324,3.0,-2.0,-84.0
1777892315.6713324,1.0,0.0,-82.0
1777892315.6813323,0.0,4.0,-78.0
1777892315.6913323,0.0,3.0,-76.0
1777892315.7013323,2.0,0.0,-80.0
1777892315.7113323,4.0,-2.0,-80.0
1777892315.7213323,6.0,-1.0,-76.0
1777892315.7313323,7.0,-3.0,-80.0
1777892315.7413323,5.0,-5.0,-76.0
1777892315.7513323,3.0,-5.0,-72.0
1777892315.7613325,3.0,-5.0,-77.0
1777892315.7713325,3.0,-1.0,-68.0
1777892315.7813325,3.0,-4.0,-70.0
1777892315.7913325,2.0,-7.0,-73.0
1777892315.8013325,5.0,-3.0,-78.0
1777892315.8113325,7.0,-4.0,-77.0
1777892315.8213325,8.0,-2.0,-81.0
1777892315.8313324,5.0,1.0,-78.0
1777892315.8413324,6.0,0.0,-75.0
1777892315.8513324,4.0,-3.0,-80.0
1777892315.8613324,6.0,-4.0,-84.0
1777892315.8713324,1.0,-3.0,-83.0
1777892315.8813324,1.0,-3.0,-78.0
1777892315.8913324,0.0,0.0,-69.0
1777892315.9013324,0.0,0.0,-69.0
1777892315.9113324,0.0,-1.0,-62.0
1777892315.9213324,0.0,-4.0,-67.0
1777892315.9313323,0.0,-6.0,-72.0
1777892315.9413323,2.0,-7.0,-71.0
1777892315.9513323,2.0,-4.0,-68.0
1777892315.9613323,2.0,0.0,-68.0
1777892315.9713323,5.0,2.0,-62.0
1777892315.9813323,2.0,1.0,-62.0
1777892315.9913323,1.0,0.0,-62.0
1777892316.0013323,1.0,-2.0,-68.0
1777892316.0113325,1.0,-2.0,-65.0
1777892316.0213325,0.0,-4.0,-61.0
1777892316.0313325,0.0,-5.0,-59.0
1777892316.0413325,0.0,-1.0,-62.0
1777892316.0513325,-4.0,-4.0,-65.0
1777892316.0613325,-6.0,-4.0,-70.0
1777892316.0713325,-4.0,-4.0,-69.0
1777892316.0813324,-9.0,-4.0,-65.0
1777892316.0913324,-6.0,-7.0,-63.0
1777892316.1013324,-4.0,-7.0,-67.0
1777892316.1113324,-4.0,-5.0,-72.0
1777892316.1213324,0.0,-2.0,-74.0
1777892316.1313324,-3.0,-4.0,-79.0
1777892316.1413324,-7.0,-2.0,-79.0
1777892316.1513324,-5.0,-3.0,-84.0
1777892316.1613324,-2.0,-4.0,-77.0
1777892316.1713324,4.0,1.0,-76.0
1777892316.1813323,5.0,0.0,-77.0
1777892316.1913323,3.0,0.0,-74.0
1777892316.2013323,0.0,-6.0,-72.0
1777892316.2113323,1.0,-4.0,-67.0
1777892316.2213323,3.0,-4.0,-68.0
1777892316.2313323,4.0,-3.0,-68.0
1777892316.2413323,1.0,-1.0,-66.0
1777892316.2513323,2.0,-2.0,-67.0
1777892316.2613325,1.0,-2.0,-72.0
1777892316.2713325,-1.0,-5.0,-71.0
1777892316.2813325,1.0,-8.0,-73.0
1777892316.2913325,3.0,-5.0,-75.0
1777892316.3013325,3.0,-2.0,-74.0
1777892316.3113325,2.0,-4.0,-72.0
1777892316.3213325,1.0,-1.0,-70.0
1777892316.3313324,0.0,-2.0,-64.0
1777892316.3413324,-2.0,-4.0,-63.0
1777892316.3513324,-6.0,-6.0,-66.0
1777892316.3613324,-6.0,-6.0,-64.0
1777892316.3713324,1.0,-5.0,-66.0
1777892316.3813324,1.0,-5.0,-70.0
1777892316.3913324,3.0,-7.0,-67.0
1777892316.4013324,4.0,-5.0,-69.0
1777892316.4113324,4.0,-9.0,-71.0
1777892316.4213324,-1.0,-8.0,-71.0
1777892316.4313323,-3.0,-11.0,-74.0
1777892316.4413323,-3.0,-8.0,-69.0
1777892316.4513323,-2.0,-6.0,-64.0
1777892316.4613323,2.0,-4.0,-71.0
1777892316.4713323,2.0,-8.0,-70.0
1777892316.4813323,3.0,-9.0,-72.0
1777892316.4913323,1.0,-3.0,-69.0
1777892316.5013323,6.0,-3.0,-61.0
1777892316.5113325,9.0,0.0,-57.0
1777892316.5213325,8.0,1.0,-58.0
1777892316.5313325,0.0,3.0,-57.0
1777892316.5413325,-2.0,3.0,-57.0
1777892316.5513325,1.0,1.0,-53.0
1777892316.5613325,0.0,0.0,-51.0
1777892316.5713325,-1.0,0.0,-54.0
1777892316.5813324,0.0,0.0,-70.0
1777892316.5913324,5.0,-3.0,-73.0
1777892316.6013324,6.0,-5.0,-75.0
1777892316.6113324,6.0,-8.0,-76.0
1777892316.6213324,7.0,-5.0,-74.0
1777892316.6313324,5.0,-6.0,-72.0
1777892316.6413324,3.0,0.0,-65.0
1777892316.6513324,5.0,-1.0,-61.0
1777892316.6613324,3.0,-2.0,-68.0
1777892316.6713324,0.0,0.0,-75.0
1777892316.6813323,-2.0,3.0,-78.0
1777892316.6913323,-7.0,2.0,-77.0
1777892316.7013323,-5.0,2.0,-76.0
1777892316.7113323,-4.0,5.0,-72.0
1777892316.7223325,-3.0,3.0,-73.0
1777892316.7323325,-3.0,3.0,-83.0
1777892316.7423325,-7.0,2.0,-81.0
1777892316.7523324,-2.0,0.0,-69.0
1777892316.7623324,-3.0,2.0,-67.0
1777892316.7723324,1.0,5.0,-67.0
1777892316.7823324,0.0,2.0,-67.0
1777892316.7923324,0.0,3.0,-65.0
1777892316.8023324,0.0,3.0,-68.0
1777892316.8123324,-1.0,3.0,-70.0
1777892316.8223324,-2.0,2.0,-68.0
1777892316.8323324,-3.0,4.0,-74.0
1777892316.8423324,-2.0,2.0,-73.0
1777892316.8523324,-6.0,-1.0,-74.0
1777892316.8623323,-3.0,-4.0,-71.0
1777892316.8723323,3.0,-6.0,-74.0
1777892316.8823323,0.0,-2.0,-69.0
1777892316.8923323,-4.0,-2.0,-68.0
1777892316.9023323,-1.0,-1.0,-68.0
1777892316.9123323,-2.0,3.0,-73.0
1777892316.9223323,1.0,3.0,-80.0
1777892316.9323325,3.0,4.0,-75.0
1777892316.9423325,0.0,6.0,-71.0
1777892316.9523325,-2.0,4.0,-70.0
1777892316.9623325,0.0,2.0,-70.0
1777892316.9723325,0.0,2.0,-65.0
1777892316.9823325,4.0,6.0,-63.0
1777892316.9923325,6.0,4.0,-59.0
1777892317.0023324,4.0,4.0,-63.0
1777892317.0123324,3.0,5.0,-68.0
1777892317.0223324,-3.0,3.0,-72.0
1777892317.0323324,-2.0,0.0,-76.0
1777892317.0423324,0.0,-1.0,-75.0
1777892317.0523324,0.0,-2.0,-75.0
1777892317.0623324,0.0,0.0,-78.0
1777892317.0723324,-2.0,-1.0,-76.0
1777892317.0823324,-3.0,-5.0,-79.0
1777892317.0923324,-3.0,-4.0,-81.0
1777892317.1023324,-6.0,-2.0,-86.0
1777892317.1123323,-2.0,0.0,-82.0
1777892317.1223323,-1.0,0.0,-78.0
1777892317.1323323,-1.0,-1.0,-79.0
1777892317.1423323,-1.0,0.0,-74.0
1777892317.1523323,4.0,-2.0,-67.0
1777892317.1623323,1.0,-5.0,-67.0
1777892317.1723323,-1.0,-4.0,-71.0
1777892317.1823325,-4.0,-4.0,-72.0
1777892317.1923325,-5.0,-4.0,-74.0
1777892317.2023325,-5.0,-3.0,-70.0
1777892317.2123325,-8.0,-4.0,-67.0
1777892317.2223325,-11.0,-4.0,-62.0
1777892317.2323325,-4.0,-2.0,-70.0
1777892317.2423325,-4.0,-4.0,-72.0
1777892317.2523324,-5.0,-4.0,-82.0
1777892317.2623324,-1.0,-2.0,-78.0
1777892317.2723324,0.0,0.0,-72.0
1777892317.2823324,0.0,-1.0,-66.0
1777892317.2923324,1.0,0.0,-71.0
1777892317.3023324,7.0,-1.0,-71.0
1777892317.3123324,8.0,-3.0,-71.0
1777892317.3223324,2.0,-8.0,-70.0
1777892317.3323324,4.0,-6.0,-67.0
1777892317.3423324,-5.0,-5.0,-66.0
1777892317.3523324,-6.0,-3.0,-71.0
1777892317.3623323,-5.0,-3.0,-68.0
1777892317.3723323,-5.0,-2.0,-70.0
1777892317.3823323,-3.0,-5.0,-69.0
1777892317.3923323,-2.0,-2.0,-73.0
1777892317.4023323,0.0,-1.0,-68.0
1777892317.4123323,-1.0,-2.0,-66.0
1777892317.4223323,-1.0,0.0,-71.0
1777892317.4323325,-2.0,2.0,-74.0
1777892317.4423325,5.0,4.0,-73.0
1777892317.4523325,9.0,5.0,-73.0
1777892317.4623325,4.0,-3.0,-75.0
1777892317.4723325,3.0,-4.0,-69.0
1777892317.4823325,3.0,-1.0,-65.0
1777892317.4923325,5.0,-3.0,-65.0
1777892317.5023324,6.0,-2.0,-63.0
1777892317.5123324,4.0,0.0,-61.0
1777892317.5223324,5.0,0.0,-68.0
1777892317.5323324,3.0,4.0,-70.0
1777892317.5423324,0.0,1.0,-74.0
1777892317.5523324,0.0,-3.0,-73.0
1777892317.5623324,7.0,-2.0,-69.0
1777892317.5723324,2.0,0.0,-76.0
1777892317.5823324,-2.0,-1.0,-72.0
1777892317.5923324,-2.0,-3.0,-73.0
1777892317.6023324,0.0,-5.0,-74.0
1777892317.6123323,4.0,-11.0,-76.0
1777892317.6223323,5.0,-12.0,-69.0
1777892317.6323323,3.0,-8.0,-63.0
1777892317.6423323,2.0,-6.0,-64.0
1777892317.6523323,-2.0,-3.0,-68.0
1777892317.6623323,-5.0,-8.0,-69.0
1777892317.6723323,-4.0,-9.0,-73.0
1777892317.6823325,-5.0,-12.0,-72.0
1777892317.6923325,-2.0,-11.0,-68.0
1777892317.7023325,-2.0,-10.0,-72.0
1777892317.7123325,0.0,-13.0,-75.0
1777892317.7223325,8.0,-10.0,-78.0
1777892317.7323325,12.0,-6.0,-79.0
1777892317.7423325,15.0,-3.0,-82.0
1777892317.7523324,16.0,0.0,-76.0
1777892317.7623324,11.0,0.0,-74.0
1777892317.7723324,5.0,-1.0,-76.0
1777892317.7823324,4.0,-2.0,-72.0
1777892317.7923324,7.0,-3.0,-77.0
1777892317.8023324,8.0,0.0,-77.0
1777892317.8123324,5.0,1.0,-71.0
1777892317.8223324,1.0,0.0,-75.0
1777892317.8323324,2.0,0.0,-72.0
1777892317.8423324,-2.0,0.0,-72.0
1777892317.8523324,0.0,-1.0,-71.0
1777892317.8623323,-3.0,-1.0,-68.0
1777892317.8723323,-5.0,-3.0,-61.0
1777892317.8823323,0.0,0.0,-66.0
1777892317.8923323,4.0,-2.0,-70.0
1777892317.9023323,4.0,-6.0,-66.0
1777892317.9123323,1.0,-8.0,-69.0
1777892317.9223323,-1.0,-7.0,-73.0
1777892317.9323325,2.0,-9.0,-74.0
1777892317.9423325,2.0,-11.0,-72.0
1777892317.9523325,3.0,-6.0,-72.0
1777892317.9623325,8.0,-8.0,-79.0
1777892317.9723325,10.0,-5.0,-79.0
1777892317.9823325,8.0,-5.0,-77.0
1777892317.9923325,9.0,-3.0,-71.0
1777892318.0023324,7.0,-6.0,-65.0
1777892318.0123324,4.0,-9.0,-73.0
1777892318.0223324,-3.0,-13.0,-79.0
1777892318.0323324,0.0,-13.0,-79.0
1777892318.0423324,-2.0,-13.0,-76.0
1777892318.0523324,1.0,-8.0,-74.0
1777892318.0623324,0.0,-7.0,-70.0
1777892318.0723324,4.0,-6.0,-59.0
1777892318.0823324,5.0,-3.0,-62.0
1777892318.0923324,4.0,-5.0,-60.0
1777892318.1023324,1.0,-5.0,-57.0
1777892318.1123323,5.0,-7.0,-64.0
1777892318.1223323,9.0,-11.0,-60.0
1777892318.1323323,6.0,-9.0,-67.0
1777892318.1423323,3.0,-9.0,-68.0
1777892318.1523323,-4.0,-8.0,-72.0
1777892318.1623323,-7.0,-7.0,-74.0
1777892318.1723323,-4.0,-7.0,-72.0
1777892318.1823325,0.0,-5.0,-67.0
1777892318.1923325,-1.0,-4.0,-80.0
1777892318.2023325,-1.0,-6.0,-77.0
1777892318.2123325,-3.0,-9.0,-71.0
1777892318.2223325,-6.0,-8.0,-69.0
1777892318.2323325,-6.0,-8.0,-71.0
1777892318.2423325,-5.0,-9.0,-67.0
1777892318.2523324,-5.0,-9.0,-69.0
1777892318.2623324,0.0,-10.0,-69.0
1777892318.2723324,2.0,-10.0,-68.0
1777892318.2823324,1.0,-6.0,-73.0
1777892318.2923324,-1.0,-2.0,-75.0
1777892318.3023324,1.0,0.0,-69.0
1777892318.3123324,1.0,2.0,-68.0
1777892318.3223324,-1.0,2.0,-64.0
1777892318.3323324,-1.0,2.0,-67.0
1777892318.3423324,1.0,0.0,-74.0
1777892318.3523324,-1.0,-6.0,-82.0
1777892318.3623323,0.0,-1.0,-80.0
1777892318.3723323,2.0,0.0,-86.0
1777892318.3823323,0.0,0.0,-89.0
1777892318.3923323,3.0,0.0,-87.0
1777892318.4023323,4.0,0.0,-82.0
1777892318.4123323,3.0,3.0,-83.0
1777892318.4223323,0.0,3.0,-79.0
1777892318.4323325,0.0,-1.0,-77.0
1777892318.4423325,0.0,-3.0,-78.0
1777892318.4523325,-1.0,-3.0,-71.0
1777892318.4623325,0.0,-1.0,-66.0
1777892318.4723325,0.0,-4.0,-64.0
1777892318.4823325,-1.0,-3.0,-71.0
1777892318.4923325,-1.0,-3.0,-70.0
1777892318.5023324,0.0,-5.0,-69.0
1777892318.5123324,4.0,-4.0,-67.0
1777892318.5223324,3.0,-6.0,-66.0
1777892318.5323324,8.0,-1.0,-65.0
1777892318.5423324,3.0,0.0,-70.0
1777892318.5523324,2.0,-1.0,-77.0
1777892318.5623324,6.0,0.0,-83.0
1777892318.5723324,4.0,2.0,-81.0
1777892318.5823324,2.0,3.0,-78.0
1777892318.5923324,-2.0,-1.0,-79.0
1777892318.6023324,-4.0,-5.0,-76.0
1777892318.6123323,-7.0,-7.0,-80.0
1777892318.6223323,1.0,-2.0,-80.0
1777892318.6323323,-3.0,0.0,-74.0
1777892318.6423323,-3.0,-4.0,-70.0
1777892318.6523323,0.0,-8.0,-70.0
1777892318.6623323,-2.0,-7.0,-67.0
1777892318.6723323,-1.0,-4.0,-66.0
1777892318.6823325,-2.0,-3.0,-70.0
1777892318.6923325,-4.0,-5.0,-70.0
1777892318.7023325,-4.0,-3.0,-72.0
1777892318.7133324,-5.0,-1.0,-72.0
1777892318.7233324,-4.0,-5.0,-68.0
1777892318.7333324,-3.0,-7.0,-70.0
1777892318.7433324,0.0,-5.0,-64.0
1777892318.7533324,2.0,-4.0,-67.0
1777892318.7633324,7.0,-5.0,-77.0
1777892318.7733324,4.0,0.0,-71.0
1777892318.7833323,0.0,0.0,-72.0
1777892318.7933323,4.0,-1.0,-69.0
1777892318.8033323,6.0,-1.0,-68.0
1777892318.8133323,2.0,-1.0,-65.0
1777892318.8233323,2.0,-2.0,-73.0
1777892318.8333323,3.0,-3.0,-70.0
1777892318.8433323,7.0,-2.0,-74.0
1777892318.8533323,6.0,-1.0,-73.0
1777892318.8633325,8.0,0.0,-75.0
1777892318.8733325,2.0,0.0,-72.0
1777892318.8833325,3.0,-2.0,-70.0
1777892318.8933325,6.0,2.0,-74.0
1777892318.9033325,3.0,0.0,-73.0
1777892318.9133325,3.0,0.0,-68.0
1777892318.9233325,0.0,-1.0,-69.0
1777892318.9333324,-1.0,0.0,-72.0
1777892318.9433324,-2.0,-2.0,-76.0
1777892318.9533324,-3.0,-3.0,-79.0
1777892318.9633324,-3.0,-6.0,-82.0
1777892318.9733324,-4.0,-8.0,-85.0
1777892318.9833324,1.0,-3.0,-86.0
1777892318.9933324,3.0,-3.0,-82.0
1777892319.0033324,6.0,-1.0,-79.0
1777892319.0133324,1.0,-1.0,-72.0
1777892319.0233324,0.0,-7.0,-66.0
1777892319.0333323,-3.0,-3.0,-64.0
1777892319.0433323,-2.0,-1.0,-70.0
1777892319.0533323,0.0,-2.0,-73.0
1777892319.0633323,2.0,-2.0,-71.0
1777892319.0733323,6.0,0.0,-70.0
1777892319.0833323,4.0,0.0,-73.0
1777892319.0933323,-1.0,0.0,-64.0
1777892319.1033323,-3.0,0.0,-67.0
1777892319.1133325,-3.0,2.0,-67.0
1777892319.1233325,-5.0,2.0,-73.0
1777892319.1333325,-7.0,2.0,-77.0
1777892319.1433325,-6.0,0.0,-83.0
1777892319.1533325,-8.0,3.0,-78.0
1777892319.1633325,-3.0,-2.0,-75.0
1777892319.1733325,-4.0,-1.0,-75.0
1777892319.1833324,-1.0,1.0,-72.0
1777892319.1933324,1.0,-2.0,-69.0
1777892319.2033324,2.0,-2.0,-67.0
1777892319.2133324,5.0,0.0,-71.0
1777892319.2233324,5.0,0.0,-71.0
1777892319.2333324,7.0,2.0,-72.0
1777892319.2433324,2.0,4.0,-77.0
1777892319.2533324,3.0,5.0,-70.0
1777892319.2633324,0.0,4.0,-65.0
1777892319.2733324,0.0,0.0,-65.0
1777892319.2833323,0.0,-1.0,-65.0
1777892319.2933323,3.0,4.0,-69.0
1777892319.3033323,4.0,2.0,-74.0
1777892319.3133323,2.0,2.0,-79.0
1777892319.3233323,3.0,0.0,-75.0
1777892319.3333323,8.0,-1.0,-71.0
1777892319.3433323,2.0,-2.0,-71.0
1777892319.3533323,4.0,-1.0,-73.0
1777892319.3633325,6.0,-3.0,-69.0
1777892319.3733325,5.0,-3.0,-67.0
1777892319.3833325,0.0,0.0,-61.0
1777892319.3933325,-2.0,0.0,-59.0
1777892319.4033325,-3.0,5.0,-55.0
1777892319.4133325,-5.0,5.0,-54.0
1777892319.4233325,-2.0,6.0,-58.0
1777892319.4333324,-1.0,6.0,-58.0
1777892319.4433324,-1.0,2.0,-62.0
1777892319.4533324,0.0,1.0,-67.0
1777892319.4633324,5.0,2.0,-74.0
1777892319.4733324,6.0,1.0,-74.0
1777892319.4833324,2.0,5.0,-72.0
1777892319.4933324,4.0,2.0,-67.0
1777892319.5033324,5.0,-2.0,-69.0
1777892319.5133324,0.0,-1.0,-70.0
1777892319.5233324,-2.0,1.0,-66.0
1777892319.5333323,-3.0,-2.0,-73.0
1777892319.5433323,-6.0,-2.0,-75.0
1777892319.5533323,-2.0,-2.0,-76.0
1777892319.5633323,-4.0,0.0,-82.0
1777892319.5733323,-5.0,1.0,-81.0
1777892319.5833323,-4.0,-3.0,-78.0
1777892319.5933323,-2.0,2.0,-82.0
1777892319.6033323,-1.0,1.0,-76.0
1777892319.6133325,-10.0,-1.0,-68.0
1777892319.6233325,-8.0,-1.0,-71.0
1777892319.6333325,-7.0,-1.0,-78.0
1777892319.6433325,0.0,-5.0,-71.0
1777892319.6533325,-1.0,-2.0,-74.0
1777892319.6633325,3.0,0.0,-78.0
1777892319.6733325,4.0,3.0,-77.0
1777892319.6833324,5.0,2.0,-74.0
1777892319.6933324,6.0,-1.0,-69.0
1777892319.7033324,2.0,0.0,-71.0
1777892319.7133324,1.0,-1.0,-70.0
1777892319.7233324,2.0,0.0,-66.0
1777892319.7333324,-3.0,1.0,-66.0
1777892319.7433324,-6.0,0.0,-69.0
1777892319.7533324,-7.0,-3.0,-74.0
1777892319.7633324,-9.0,-4.0,-75.0
1777892319.7733324,-12.0,-1.0,-72.0
1777892319.7833323,-9.0,-2.0,-73.0
1777892319.7933323,-2.0,-4.0,-77.0
1777892319.8033323,0.0,-5.0,-78.0
1777892319.8133323,0.0,-6.0,-75.0
1777892319.8233323,-1.0,-8.0,-76.0
1777892319.8333323,-2.0,-6.0,-79.0
1777892319.8433323,0.0,-3.0,-79.0
1777892319.8533323,0.0,-1.0,-86.0
1777892319.8633325,1.0,0.0,-86.0
1777892319.8733325,8.0,3.0,-77.0
1777892319.8833325,6.0,2.0,-75.0
1777892319.8933325,5.0,3.0,-75.0
1777892319.9033325,2.0,-2.0,-78.0
1777892319.9133325,1.0,-4.0,-82.0
1777892319.9233325,-1.0,-3.0,-78.0
1777892319.9333324,0.0,-1.0,-82.0
1777892319.9433324,2.0,0.0,-81.0
1777892319.9533324,3.0,1.0,-73.0
1777892319.9633324,4.0,1.0,-69.0
1777892319.9733324,3.0,4.0,-70.0
1777892319.9833324,4.0,8.0,-76.0
1777892319.9933324,0.0,4.0,-80.0
1777892320.0033324,-1.0,0.0,-71.0
1777892320.0133324,0.0,-4.0,-70.0
1777892320.0233324,-1.0,-1.0,-71.0
1777892320.0333323,-2.0,1.0,-72.0
1777892320.0433323,-7.0,-2.0,-73.0
1777892320.0533323,-3.0,-2.0,-73.0
1777892320.0633323,-2.0,0.0,-70.0
1777892320.0733323,-1.0,0.0,-64.0
1777892320.0833323,-5.0,0.0,-65.0
1777892320.0933323,-4.0,-1.0,-69.0
1777892320.1033323,-2.0,0.0,-73.0
1777892320.1133325,-1.0,0.0,-73.0
1777892320.1233325,0.0,0.0,-71.0
1777892320.1333325,0.0,0.0,-63.0
1777892320.1433325,1.0,0.0,-67.0
1777892320.1533325,3.0,0.0,-71.0
1777892320.1633325,4.0,0.0,-68.0
1777892320.1733325,7.0,-2.0,-70.0
1777892320.1833324,7.0,-8.0,-71.0
1777892320.1933324,6.0,-5.0,-67.0
1777892320.2033324,14.0,-6.0,-64.0
1777892320.2133324,7.0,-8.0,-64.0
1777892320.2233324,8.0,-8.0,-70.0
1777892320.2333324,3.0,-5.0,-71.0
1777892320.2433324,3.0,-7.0,-73.0
1777892320.2533324,6.0,-4.0,-73.0
1777892320.2633324,5.0,-5.0,-71.0
1777892320.2733324,2.0,-6.0,-70.0
1777892320.2833323,1.0,-4.0,-69.0
1777892320.2933323,1.0,-3.0,-75.0
1777892320.3033323,-3.0,-2.0,-73.0
1777892320.3133323,-7.0,-3.0,-67.0
1777892320.3233323,-5.0,-4.0,-72.0
1777892320.3333323,-4.0,-3.0,-77.0
1777892320.3433323,-4.0,-1.0,-75.0
1777892320.3533323,0.0,0.0,-75.0
1777892320.3633325,-1.0,0.0,-78.0
1777892320.3733325,-1.0,-7.0,-81.0
1777892320.3833325,0.0,-8.0,-77.0
1777892320.3933325,1.0,-5.0,-69.0
1777892320.4033325,0.0,-3.0,-69.0
1777892320.4133325,0.0,-4.0,-64.0
1777892320.4233325,-1.0,-4.0,-65.0
1777892320.4333324,-2.0,-1.0,-71.0
1777892320.4433324,-4.0,-4.0,-75.0
1777892320.4533324,2.0,-5.0,-76.0
1777892320.4633324,3.0,-4.0,-79.0
1777892320.4733324,3.0,-8.0,-81.0
1777892320.4833324,0.0,-9.0,-75.0
1777892320.4933324,1.0,-4.0,-74.0
1777892320.5033324,2.0,-4.0,-74.0
1777892320.5133324,2.0,0.0,-68.0
1777892320.5233324,-1.0,0.0,-72.0
1777892320.5333323,-5.0,0.0,-71.0
1777892320.5433323,-1.0,-2.0,-64.0
1777892320.5533323,3.0,-2.0,-64.0
1777892320.5633323,4.0,0.0,-72.0
1777892320.5733323,7.0,0.0,-71.0
1777892320.5833323,6.0,0.0,-74.0
1777892320.5933323,4.0,-2.0,-78.0
1777892320.6033323,5.0,-1.0,-84.0
1777892320.6133325,3.0,1.0,-80.0
1777892320.6233325,0.0,1.0,-76.0
1777892320.6333325,0.0,1.0,-70.0
1777892320.6433325,1.0,1.0,-64.0
1777892320.6533325,6.0,5.0,-66.0
1777892320.6633325,12.0,1.0,-69.0
1777892320.6733325,7.0,0.0,-75.0
1777892320.6833324,5.0,-2.0,-67.0
1777892320.6943324,3.0,-3.0,-63.0
1777892320.7043324,4.0,-3.0,-58.0
1777892320.7143323,5.0,0.0,-58.0
1777892320.7243323,5.0,-4.0,-61.0
1777892320.7343323,5.0,-8.0,-62.0
1777892320.7443323,6.0,-6.0,-60.0
1777892320.7543323,4.0,-8.0,-61.0
1777892320.7643323,7.0,-6.0,-63.0
1777892320.7743323,6.0,-2.0,-63.0
1777892320.7843325,6.0,-4.0,-68.0
1777892320.7943325,1.0,-3.0,-66.0
1777892320.8043325,0.0,0.0,-60.0
1777892320.8143325,-2.0,0.0,-63.0
1777892320.8243325,-2.0,0.0,-71.0
1777892320.8343325,-6.0,-4.0,-78.0
1777892320.8443325,0.0,-5.0,-74.0
1777892320.8543324,-1.0,-9.0,-67.0
1777892320.8643324,-4.0,-6.0,-73.0
1777892320.8743324,0.0,-2.0,-75.0
1777892320.8843324,4.0,0.0,-77.0
1777892320.8943324,7.0,0.0,-80.0
1777892320.9043324,5.0,0.0,-72.0
1777892320.9143324,5.0,0.0,-67.0
1777892320.9243324,4.0,0.0,-66.0
1777892320.9343324,0.0,0.0,-69.0
1777892320.9443324,4.0,0.0,-72.0
1777892320.9543324,4.0,-1.0,-76.0
1777892320.9643323,1.0,-2.0,-83.0
1777892320.9743323,1.0,-3.0,-82.0
1777892320.9843323,-1.0,-4.0,-77.0
1777892320.9943323,3.0,-2.0,-77.0
1777892321.0043323,2.0,-2.0,-81.0
1777892321.0143323,2.0,-7.0,-81.0
1777892321.0243323,3.0,-10.0,-86.0
1777892321.0343325,5.0,-8.0,-82.0
1777892321.0443325,3.0,-10.0,-78.0
1777892321.0543325,4.0,-5.0,-76.0
1777892321.0643325,3.0,-8.0,-83.0
1777892321.0743325,4.0,-9.0,-82.0
1777892321.0843325,1.0,-8.0,-78.0
1777892321.0943325,3.0,-5.0,-79.0
1777892321.1043324,0.0,-5.0,-84.0
1777892321.1143324,-4.0,-4.0,-87.0
1777892321.1243324,-2.0,-1.0,-84.0
1777892321.1343324,-4.0,-1.0,-81.0
1777892321.1443324,-4.0,1.0,-80.0
1777892321.1543324,-7.0,3.0,-76.0
1777892321.1643324,-7.0,2.0,-74.0
1777892321.1743324,-7.0,3.0,-72.0
1777892321.1843324,-5.0,3.0,-68.0
1777892321.1943324,-4.0,0.0,-64.0
1777892321.2043324,0.0,0.0,-63.0
1777892321.2143323,0.0,-3.0,-69.0
1777892321.2243323,0.0,-5.0,-74.0
1777892321.2343323,2.0,-4.0,-86.0
1777892321.2443323,4.0,1.0,-80.0
1777892321.2543323,6.0,1.0,-75.0
1777892321.2643323,4.0,-3.0,-76.0
1777892321.2743323,0.0,-6.0,-85.0
1777892321.2843325,-1.0,-4.0,-76.0
1777892321.2943325,-2.0,-4.0,-76.0
1777892321.3043325,-4.0,-1.0,-73.0
1777892321.3143325,-3.0,-2.0,-81.0
1777892321.3243325,-1.0,1.0,-84.0
1777892321.3343325,0.0,1.0,-82.0
1777892321.3443325,2.0,0.0,-74.0
1777892321.3543324,0.0,-1.0,-70.0
1777892321.3643324,0.0,-1.0,-68.0
1777892321.3743324,3.0,-3.0,-71.0
1777892321.3843324,1.0,-2.0,-69.0
1777892321.3943324,2.0,3.0,-69.0
1777892321.4043324,2.0,8.0,-68.0
1777892321.4143324,5.0,9.0,-73.0
1777892321.4243324,2.0,8.0,-71.0
1777892321.4343324,4.0,9.0,-71.0
1777892321.4443324,4.0,1.0,-65.0
1777892321.4543324,4.0,0.0,-69.0
1777892321.4643323,0.0,0.0,-71.0
1777892321.4743323,-3.0,1.0,-74.0
1777892321.4843323,1.0,2.0,-78.0
1777892321.4943323,5.0,4.0,-81.0
1777892321.5043323,6.0,0.0,-74.0
1777892321.5143323,4.0,-1.0,-68.0
1777892321.5243323,2.0,-4.0,-65.0
1777892321.5343325,0.0,-8.0,-57.0
1777892321.5443325,-1.0,-6.0,-60.0
1777892321.5543325,0.0,-7.0,-61.0
1777892321.5643325,4.0,-5.0,-60.0
1777892321.5743325,8.0,-8.0,-62.0
1777892321.5843325,9.0,-8.0,-70.0
1777892321.5943325,6.0,-5.0,-72.0
1777892321.6043324,2.0,-1.0,-77.0
1777892321.6143324,0.0,-1.0,-69.0
1777892321.6243324,-1.0,-1.0,-62.0
1777892321.6343324,-1.0,1.0,-61.0
1777892321.6443324,-2.0,-2.0,-66.0
1777892321.6543324,-1.0,0.0,-70.0
1777892321.6643324,0.0,0.0,-69.0
1777892321.6743324,-2.0,2.0,-70.0
1777892321.6843324,0.0,1.0,-73.0
1777892321.6943324,-2.0,2.0,-69.0
1777892321.7043324,-1.0,3.0,-70.0
1777892321.7143323,0.0,3.0,-73.0
1777892321.7243323,-1.0,2.0,-73.0
1777892321.7343323,1.0,-1.0,-75.0
1777892321.7443323,2.0,-2.0,-67.0
1777892321.7543323,2.0,-8.0,-70.0
1777892321.7643323,8.0,-11.0,-78.0
1777892321.7743323,7.0,-6.0,-71.0
1777892321.7843325,6.0,-9.0,-75.0
1777892321.7943325,2.0,-7.0,-66.0
1777892321.8043325,5.0,-3.0,-72.0
1777892321.8143325,6.0,-2.0,-73.0
1777892321.8243325,0.0,0.0,-80.0
1777892321.8343325,-7.0,4.0,-74.0
1777892321.8443325,-11.0,4.0,-77.0
1777892321.8543324,-8.0,7.0,-71.0
1777892321.8643324,-10.0,0.0,-68.0
1777892321.8743324,-5.0,1.0,-61.0
1777892321.8843324,-5.0,-1.0,-67.0
1777892321.8943324,0.0,1.0,-68.0
1777892321.9043324,0.0,0.0,-67.0
1777892321.9143324,-4.0,0.0,-81.0
1777892321.9243324,-7.0,4.0,-86.0
1777892321.9343324,-2.0,1.0,-82.0
1777892321.9443324,-2.0,4.0,-74.0
1777892321.9543324,-1.0,0.0,-68.0
1777892321.9643323,-3.0,-2.0,-63.0
1777892321.9743323,-6.0,-1.0,-67.0
1777892321.9843323,-7.0,-1.0,-71.0
1777892321.9943323,0.0,2.0,-76.0
1777892322.0043323,3.0,0.0,-77.0
1777892322.0143323,3.0,-1.0,-76.0
1777892322.0243323,1.0,-1.0,-80.0
1777892322.0343325,3.0,0.0,-72.0
1777892322.0443325,2.0,-4.0,-66.0
1777892322.0543325,1.0,-7.0,-65.0
1777892322.0643325,0.0,-5.0,-67.0
1777892322.0743325,0.0,-7.0,-68.0
1777892322.0843325,-3.0,-6.0,-72.0
1777892322.0943325,0.0,-4.0,-75.0
1777892322.1043324,0.0,-2.0,-68.0
1777892322.1143324,1.0,1.0,-66.0
1777892322.1243324,0.0,1.0,-64.0
1777892322.1343324,-3.0,0.0,-63.0
1777892322.1443324,-2.0,2.0,-66.0
1777892322.1543324,-3.0,1.0,-68.0
1777892322.1643324,4.0,2.0,-68.0
1777892322.1743324,4.0,4.0,-75.0
1777892322.1843324,7.0,4.0,-81.0
1777892322.1943324,3.0,6.0,-77.0
1777892322.2043324,-1.0,0.0,-74.0
1777892322.2143323,2.0,-3.0,-69.0
1777892322.2243323,0.0,-3.0,-67.0
1777892322.2343323,-1.0,-3.0,-67.0
1777892322.2443323,0.0,-5.0,-64.0
1777892322.2543323,-1.0,-3.0,-63.0
1777892322.2643323,-1.0,-5.0,-72.0
1777892322.2743323,-4.0,-4.0,-72.0
1777892322.2843325,-5.0,-2.0,-69.0
1777892322.2943325,-4.0,-1.0,-62.0
1777892322.3043325,-5.0,-2.0,-65.0
1777892322.3143325,-4.0,0.0,-66.0
1777892322.3243325,-5.0,-2.0,-63.0
1777892322.3343325,-4.0,0.0,-67.0
1777892322.3443325,-1.0,-2.0,-64.0
1777892322.3543324,2.0,0.0,-66.0
1777892322.3643324,2.0,-3.0,-63.0
1777892322.3743324,3.0,-1.0,-70.0
1777892322.3843324,7.0,-3.0,-73.0
1777892322.3943324,10.0,-2.0,-71.0
1777892322.4043324,12.0,-2.0,-74.0
1777892322.4143324,8.0,1.0,-71.0
1777892322.4243324,2.0,-1.0,-65.0
1777892322.4343324,5.0,-1.0,-61.0
1777892322.4443324,7.0,-4.0,-68.0
1777892322.4543324,7.0,-4.0,-74.0
1777892322.4643323,2.0,0.0,-79.0
1777892322.4743323,2.0,2.0,-74.0
1777892322.4843323,4.0,5.0,-75.0
1777892322.4943323,5.0,2.0,-67.0
1777892322.5043323,1.0,0.0,-70.0
1777892322.5143323,-2.0,1.0,-79.0
1777892322.5243323,1.0,-2.0,-79.0
1777892322.5343325,1.0,-2.0,-73.0
1777892322.5443325,-5.0,-3.0,-77.0
1777892322.5543325,-7.0,-9.0,-70.0
1777892322.5643325,-9.0,-6.0,-64.0
1777892322.5743325,-10.0,-3.0,-66.0
1777892322.5843325,-6.0,-4.0,-67.0
1777892322.5943325,-6.0,-7.0,-74.0
1777892322.6043324,-7.0,-6.0,-63.0
1777892322.6143324,-7.0,-3.0,-64.0
1777892322.6243324,-4.0,-3.0,-67.0
1777892322.6343324,-3.0,0.0,-75.0
1777892322.6443324,-2.0,1.0,-70.0
1777892322.6543324,-3.0,2.0,-68.0
1777892322.6643324,-5.0,1.0,-60.0
1777892322.6743324,-2.0,0.0,-58.0
1777892322.6853323,-2.0,-5.0,-56.0
1777892322.6953323,-1.0,-3.0,-64.0
1777892322.7053325,0.0,-4.0,-79.0
1777892322.7153325,-1.0,-3.0,-80.0
1777892322.7253325,-1.0,-2.0,-78.0
1777892322.7353325,0.0,-1.0,-77.0
1777892322.7453325,0.0,-1.0,-72.0
1777892322.7553325,3.0,-2.0,-74.0
1777892322.7653325,3.0,-1.0,-79.0
1777892322.7753325,0.0,-3.0,-78.0
1777892322.7853324,2.0,-4.0,-73.0
1777892322.7953324,0.0,-6.0,-74.0
1777892322.8053324,0.0,-5.0,-76.0
1777892322.8153324,3.0,-4.0,-75.0
1777892322.8253324,0.0,-4.0,-78.0
1777892322.8353324,0.0,-4.0,-79.0
1777892322.8453324,0.0,-5.0,-77.0
1777892322.8553324,0.0,-2.0,-76.0
1777892322.8653324,2.0,-2.0,-69.0
1777892322.8753324,2.0,-2.0,-65.0
1777892322.8853323,6.0,-6.0,-64.0
1777892322.8953323,7.0,-8.0,-60.0
1777892322.9053323,4.0,-10.0,-63.0
1777892322.9153323,4.0,-5.0,-65.0
1777892322.9253323,5.0,-3.0,-71.0
1777892322.9353323,4.0,-5.0,-75.0
1777892322.9453323,2.0,-6.0,-71.0
1777892322.9553325,2.0,-2.0,-68.0
1777892322.9653325,3.0,-5.0,-62.0
1777892322.9753325,2.0,0.0,-55.0
1777892322.9853325,0.0,0.0,-59.0
1777892322.9953325,2.0,0.0,-63.0
1777892323.0053325,2.0,0.0,-65.0
1777892323.0153325,3.0,0.0,-68.0
1777892323.0253325,1.0,0.0,-63.0
1777892323.0353324,1.0,2.0,-60.0
1777892323.0453324,0.0,0.0,-59.0
1777892323.0553324,2.0,4.0,-57.0
1777892323.0653324,8.0,4.0,-59.0
1777892323.0753324,7.0,3.0,-63.0
1777892323.0853324,9.0,1.0,-63.0
1777892323.0953324,11.0,-2.0,-70.0
1777892323.1053324,11.0,-4.0,-72.0
1777892323.1153324,10.0,-6.0,-73.0
1777892323.1253324,8.0,-5.0,-74.0
1777892323.1353323,3.0,-3.0,-69.0
1777892323.1453323,6.0,-5.0,-70.0
1777892323.1553323,0.0,-7.0,-62.0
1777892323.1653323,-7.0,-8.0,-55.0
1777892323.1753323,-3.0,-13.0,-56.0
1777892323.1853323,-3.0,-10.0,-55.0
1777892323.1953323,-4.0,-8.0,-63.0
1777892323.2053325,-1.0,-4.0,-65.0
1777892323.2153325,0.0,1.0,-61.0
1777892323.2253325,-5.0,0.0,-61.0
1777892323.2353325,-6.0,1.0,-70.0
1777892323.2453325,-6.0,2.0,-75.0
1777892323.2553325,-2.0,4.0,-66.0
1777892323.2653325,-2.0,2.0,-62.0
1777892323.2753325,-2.0,1.0,-58.0
1777892323.2853324,2.0,1.0,-63.0
1777892323.2953324,2.0,2.0,-65.0
1777892323.3053324,-1.0,1.0,-65.0
1777892323.3153324,1.0,-1.0,-67.0
1777892323.3253324,0.0,-4.0,-64.0
1777892323.3353324,-2.0,-5.0,-68.0
1777892323.3453324,-1.0,-1.0,-65.0
1777892323.3553324,1.0,0.0,-65.0
1777892323.3653324,-1.0,0.0,-71.0
1777892323.3753324,-1.0,0.0,-72.0
1777892323.3853323,-1.0,-4.0,-73.0
1777892323.3953323,2.0,-6.0,-75.0
1777892323.4053323,0.0,-2.0,-78.0
1777892323.4153323,2.0,0.0,-73.0
1777892323.4253323,0.0,-3.0,-66.0
1777892323.4353323,4.0,-6.0,-63.0
1777892323.4453323,1.0,-7.0,-58.0
1777892323.4553325,1.0,-2.0,-55.0
1777892323.4653325,-1.0,-3.0,-58.0
1777892323.4753325,0.0,-2.0,-62.0
1777892323.4853325,0.0,3.0,-65.0
1777892323.4953325,-3.0,4.0,-67.0
1777892323.5053325,0.0,6.0,-59.0
1777892323.5153325,0.0,5.0,-58.0
1777892323.5253325,3.0,1.0,-55.0
1777892323.5353324,3.0,0.0,-58.0
1777892323.5453324,1.0,0.0,-60.0
1777892323.5553324,-1.0,-2.0,-66.0
1777892323.5653324,-2.0,-6.0,-65.0
1777892323.5753324,0.0,-5.0,-62.0
1777892323.5853324,-4.0,-7.0,-64.0
1777892323.5953324,-6.0,-3.0,-64.0
1777892323.6053324,-5.0,-5.0,-63.0
1777892323.6153324,-6.0,-6.0,-67.0
1777892323.6253324,-3.0,-4.0,-71.0
1777892323.6353323,-1.0,-9.0,-73.0
1777892323.6453323,0.0,-10.0,-71.0
1777892323.6553323,0.0,-4.0,-76.0
1777892323.6653323,1.0,-4.0,-80.0
1777892323.6753323,0.0,-5.0,-85.0
1777892323.6853323,0.0,-4.0,-82.0
1777892323.6953323,-2.0,0.0,-73.0
1777892323.7053325,0.0,2.0,-65.0
1777892323.7153325,3.0,3.0,-60.0
1777892323.7253325,0.0,0.0,-66.0
1777892323.7353325,3.0,-2.0,-69.0
1777892323.7453325,1.0,-3.0,-72.0
1777892323.7553325,0.0,-2.0,-72.0
1777892323.7653325,-3.0,-2.0,-73.0
1777892323.7753325,-3.0,-2.0,-71.0
1777892323.7853324,1.0,-1.0,-66.0
1777892323.7953324,3.0,2.0,-63.0
1777892323.8053324,2.0,1.0,-65.0
1777892323.8153324,4.0,-3.0,-75.0
1777892323.8253324,0.0,-5.0,-75.0
1777892323.8353324,-1.0,-4.0,-77.0
1777892323.8453324,0.0,-8.0,-77.0
1777892323.8553324,2.0,-6.0,-79.0
1777892323.8653324,4.0,-3.0,-80.0
1777892323.8753324,8.0,-6.0,-75.0
1777892323.8853323,5.0,-6.0,-75.0
1777892323.8953323,4.0,-4.0,-79.0
1777892323.9053323,2.0,-3.0,-78.0
1777892323.9153323,1.0,0.0,-78.0
1777892323.9253323,0.0,0.0,-72.0
1777892323.9353323,1.0,1.0,-71.0
1777892323.9453323,0.0,0.0,-74.0
1777892323.9553325,-2.0,0.0,-76.0
1777892323.9653325,-7.0,-3.0,-82.0
1777892323.9753325,-10.0,-5.0,-78.0
1777892323.9853325,-6.0,-4.0,-76.0
1777892323.9953325,-4.0,-4.0,-66.0
1777892324.0053325,1.0,-4.0,-62.0
1777892324.0153325,3.0,-5.0,-61.0
1777892324.0253325,7.0,-2.0,-65.0
1777892324.0353324,5.0,-5.0,-69.0
1777892324.0453324,3.0,-6.0,-61.0
1777892324.0553324,-1.0,-12.0,-67.0
1777892324.0653324,3.0,-8.0,-71.0
1777892324.0753324,1.0,-6.0,-83.0
1777892324.0853324,0.0,-7.0,-90.0
1777892324.0953324,0.0,-5.0,-89.0
1777892324.1053324,1.0,-5.0,-92.0
1777892324.1153324,4.0,-1.0,-83.0
1777892324.1253324,5.0,-3.0,-75.0
1777892324.1353323,4.0,-2.0,-73.0
1777892324.1453323,2.0,-3.0,-71.0
1777892324.1553323,3.0,-5.0,-73.0
1777892324.1653323,2.0,-2.0,-74.0
1777892324.1753323,2.0,1.0,-76.0
1777892324.1853323,6.0,6.0,-72.0
1777892324.1953323,5.0,3.0,-76.0
1777892324.2053325,5.0,2.0,-77.0
1777892324.2153325,0.0,5.0,-72.0
1777892324.2253325,-2.0,-2.0,-74.0
1777892324.2353325,-6.0,-6.0,-82.0
1777892324.2453325,-1.0,-8.0,-77.0
1777892324.2553325,-4.0,-4.0,-68.0
1777892324.2653325,-2.0,-1.0,-59.0
1777892324.2753325,-1.0,0.0,-59.0
1777892324.2853324,0.0,-3.0,-58.0
1777892324.2953324,4.0,-2.0,-75.0
1777892324.3053324,4.0,-3.0,-82.0
1777892324.3153324,1.0,-4.0,-76.0
1777892324.3253324,-1.0,2.0,-77.0
1777892324.3353324,-6.0,6.0,-76.0
1777892324.3453324,-3.0,4.0,-79.0
1777892324.3553324,0.0,6.0,-74.0
1777892324.3653324,0.0,8.0,-82.0
1777892324.3753324,2.0,8.0,-86.0
1777892324.3853323,-3.0,3.0,-84.0
1777892324.3953323,1.0,0.0,-85.0
1777892324.4053323,-1.0,-1.0,-87.0
1777892324.4153323,-1.0,1.0,-85.0
1777892324.4253323,-2.0,0.0,-79.0
1777892324.4353323,-2.0,-2.0,-73.0
1777892324.4453323,-5.0,1.0,-71.0
1777892324.4563324,-4.0,4.0,-67.0
1777892324.4653325,0.0,0.0,-72.0
1777892324.4753325,2.0,0.0,-71.0
1777892324.4853325,0.0,0.0,-77.0
1777892324.4953325,0.0,0.0,-68.0
1777892324.5053325,6.0,1.0,-67.0
1777892324.5153325,9.0,-1.0,-66.0
1777892324.5253325,3.0,-1.0,-71.0
1777892324.5353324,2.0,-4.0,-71.0
1777892324.5453324,2.0,1.0,-75.0
1777892324.5553324,3.0,2.0,-79.0
1777892324.5653324,5.0,0.0,-78.0
1777892324.5753324,4.0,0.0,-77.0
1777892324.5853324,3.0,3.0,-77.0
1777892324.5953324,4.0,3.0,-77.0
1777892324.6053324,4.0,-1.0,-78.0
1777892324.6153324,-2.0,-1.0,-71.0
1777892324.6253324,-6.0,4.0,-76.0
1777892324.6353323,-5.0,5.0,-81.0
1777892324.6453323,-3.0,5.0,-78.0
1777892324.6553323,0.0,6.0,-78.0
1777892324.6653323,2.0,4.0,-77.0
1777892324.6753323,6.0,1.0,-84.0
1777892324.6853323,7.0,3.0,-83.0
1777892324.6953323,5.0,-1.0,-82.0
1777892324.7063324,6.0,-7.0,-84.0
1777892324.7163324,7.0,-5.0,-78.0
1777892324.7263324,4.0,-5.0,-70.0
1777892324.7363324,4.0,-2.0,-68.0
1777892324.7453325,5.0,0.0,-74.0
1777892324.7563324,7.0,-1.0,-78.0
1777892324.7663324,2.0,-3.0,-76.0
1777892324.7763324,5.0,0.0,-67.0
1777892324.7863324,6.0,6.0,-65.0
1777892324.7963324,9.0,8.0,-71.0
1777892324.8063323,3.0,2.0,-69.0
1777892324.8163323,6.0,5.0,-68.0
1777892324.8263323,6.0,7.0,-67.0
1777892324.8363323,7.0,3.0,-63.0
1777892324.8463323,6.0,4.0,-64.0
1777892324.8563323,8.0,4.0,-64.0
1777892324.8663323,6.0,2.0,-73.0
1777892324.8763323,0.0,4.0,-73.0
1777892324.8863325,0.0,5.0,-79.0
1777892324.8963325,0.0,2.0,-80.0
1777892324.9063325,-3.0,0.0,-82.0
1777892324.9163325,0.0,0.0,-80.0
1777892324.9263325,2.0,3.0,-86.0
1777892324.9363325,2.0,2.0,-91.0
1777892324.9463325,1.0,2.0,-84.0
1777892324.9563324,2.0,4.0,-79.0
1777892324.9663324,3.0,3.0,-80.0
1777892324.9763324,1.0,-4.0,-81.0
1777892324.9863324,4.0,-7.0,-81.0
1777892324.9963324,2.0,-4.0,-82.0
1777892325.0063324,5.0,-1.0,-75.0
1777892325.0163324,5.0,0.0,-64.0
1777892325.0263324,4.0,0.0,-62.0
1777892325.0363324,0.0,0.0,-59.0
1777892325.0463324,0.0,3.0,-60.0
1777892325.0563323,0.0,1.0,-63.0
1777892325.0663323,0.0,2.0,-61.0
1777892325.0763323,2.0,5.0,-60.0
1777892325.0863323,1.0,3.0,-61.0
1777892325.0963323,0.0,2.0,-61.0
1777892325.1063323,1.0,1.0,-70.0
1777892325.1163323,0.0,1.0,-71.0
1777892325.1263323,-3.0,-4.0,-71.0
1777892325.1363325,0.0,-1.0,-70.0
1777892325.1463325,0.0,-3.0,-65.0
1777892325.1563325,1.0,-7.0,-67.0
1777892325.1663325,-5.0,-9.0,-62.0
1777892325.1763325,-5.0,-9.0,-69.0
1777892325.1863325,0.0,-7.0,-73.0
1777892325.1963325,6.0,-5.0,-78.0
1777892325.2063324,10.0,-6.0,-78.0
1777892325.2163324,6.0,-5.0,-78.0
1777892325.2263324,3.0,-4.0,-73.0
1777892325.2363324,4.0,-1.0,-70.0
1777892325.2463324,2.0,2.0,-69.0
1777892325.2563324,6.0,1.0,-67.0
1777892325.2663324,10.0,0.0,-68.0
1777892325.2763324,9.0,4.0,-72.0
1777892325.2863324,12.0,3.0,-67.0
1777892325.2963324,9.0,4.0,-69.0
1777892325.3063323,9.0,0.0,-72.0
1777892325.3163323,7.0,1.0,-64.0
1777892325.3263323,5.0,1.0,-66.0
1777892325.3363323,4.0,2.0,-64.0
1777892325.3463323,6.0,1.0,-68.0
1777892325.3563323,7.0,2.0,-68.0
1777892325.3663323,5.0,5.0,-74.0
1777892325.3763323,7.0,10.0,-72.0
1777892325.3863325,10.0,9.0,-73.0
1777892325.3963325,5.0,6.0,-70.0
1777892325.4063325,3.0,4.0,-70.0
1777892325.4163325,5.0,0.0,-79.0
1777892325.4263325,4.0,1.0,-73.0
1777892325.4363325,4.0,4.0,-79.0
1777892325.4463325,1.0,0.0,-68.0
1777892325.4563324,-2.0,0.0,-72.0
1777892325.4663324,-1.0,0.0,-72.0
1777892325.4763324,0.0,0.0,-72.0
1777892325.4863324,0.0,-1.0,-74.0
1777892325.4963324,-4.0,2.0,-68.0
1777892325.5063324,-9.0,1.0,-67.0
1777892325.5163324,-2.0,0.0,-63.0
1777892325.5263324,-1.0,1.0,-61.0
1777892325.5363324,3.0,0.0,-65.0
1777892325.5463324,3.0,1.0,-73.0
1777892325.5563323,-1.0,0.0,-77.0
1777892325.5663323,0.0,-1.0,-70.0
1777892325.5763323,0.0,4.0,-69.0
1777892325.5863323,-1.0,5.0,-70.0
1777892325.5963323,-3.0,5.0,-68.0
1777892325.6063323,-2.0,5.0,-67.0
1777892325.6163323,0.0,3.0,-63.0
1777892325.6263323,-1.0,3.0,-67.0
1777892325.6363325,-1.0,6.0,-68.0
1777892325.6463325,-2.0,6.0,-66.0
1777892325.6563325,0.0,8.0,-68.0
1777892325.6663325,0.0,4.0,-70.0
1777892325.6763325,1.0,3.0,-76.0
1777892325.6863325,3.0,0.0,-71.0
1777892325.6963325,7.0,-3.0,-72.0
1777892325.7063324,8.0,0.0,-68.0
1777892325.7163324,9.0,1.0,-63.0
1777892325.7263324,15.0,2.0,-67.0
1777892325.7363324,11.0,-3.0,-66.0
1777892325.7463324,8.0,-7.0,-68.0
1777892325.7563324,7.0,-4.0,-73.0
1777892325.7663324,8.0,-1.0,-78.0
1777892325.7763324,8.0,-5.0,-74.0
1777892325.7863324,7.0,-2.0,-71.0
1777892325.7963324,8.0,-1.0,-70.0
1777892325.8063323,7.0,-5.0,-70.0
1777892325.8163323,3.0,-7.0,-71.0
1777892325.8263323,1.0,-9.0,-70.0
1777892325.8363323,4.0,-7.0,-66.0
1777892325.8463323,5.0,-6.0,-70.0
1777892325.8563323,10.0,-4.0,-72.0
1777892325.8663323,7.0,-5.0,-74.0
1777892325.8763323,4.0,-7.0,-67.0
1777892325.8863325,0.0,-7.0,-73.0
1777892325.8963325,1.0,-3.0,-73.0
1777892325.9063325,3.0,0.0,-82.0
1777892325.9163325,2.0,0.0,-79.0
1777892325.9263325,4.0,0.0,-76.0
1777892325.9363325,1.0,0.0,-73.0
1777892325.9463325,0.0,0.0,-69.0
1777892325.9563324,-1.0,0.0,-71.0
1777892325.9663324,-1.0,5.0,-74.0
1777892325.9763324,1.0,6.0,-79.0
1777892325.9863324,1.0,2.0,-77.0
1777892325.9963324,0.0,0.0,-75.0
1777892326.0063324,1.0,-3.0,-76.0
1777892326.0163324,4.0,-5.0,-75.0
1777892326.0263324,9.0,-4.0,-74.0
1777892326.0363324,5.0,-1.0,-75.0
1777892326.0463324,6.0,-2.0,-67.0
1777892326.0563323,6.0,-2.0,-69.0
1777892326.0663323,0.0,1.0,-69.0
1777892326.0763323,0.0,-1.0,-69.0
1777892326.0863323,0.0,0.0,-64.0
1777892326.0963323,2.0,-1.0,-60.0
1777892326.1063323,2.0,0.0,-66.0
1777892326.1163323,4.0,0.0,-71.0
1777892326.1263323,6.0,1.0,-70.0
1777892326.1363325,2.0,-3.0,-76.0
1777892326.1463325,1.0,-3.0,-77.0
1777892326.1563325,0.0,2.0,-77.0
1777892326.1663325,2.0,0.0,-79.0
1777892326.1763325,2.0,2.0,-71.0
1777892326.1863325,-1.0,3.0,-65.0
1777892326.1963325,0.0,5.0,-66.0
1777892326.2063324,0.0,2.0,-62.0
1777892326.2163324,1.0,3.0,-57.0
1777892326.2263324,5.0,0.0,-55.0
1777892326.2363324,7.0,0.0,-55.0
1777892326.2463324,2.0,-1.0,-56.0
1777892326.2563324,1.0,-4.0,-60.0
1777892326.2663324,3.0,-5.0,-59.0
1777892326.2763324,1.0,-6.0,-60.0
1777892326.2863324,0.0,-2.0,-63.0
1777892326.2963324,-4.0,-2.0,-73.0
1777892326.3063323,-4.0,1.0,-80.0
1777892326.3163323,-5.0,0.0,-75.0
1777892326.3263323,-1.0,2.0,-73.0
1777892326.3363323,-2.0,2.0,-71.0
1777892326.3463323,-1.0,-2.0,-71.0
1777892326.3563323,2.0,-7.0,-76.0
1777892326.3663323,2.0,-6.0,-76.0
1777892326.3763323,3.0,-5.0,-77.0
1777892326.3863325,4.0,-6.0,-77.0
1777892326.3963325,3.0,0.0,-75.0
1777892326.4063325,4.0,0.0,-71.0
1777892326.4163325,4.0,2.0,-66.0
1777892326.4263325,9.0,3.0,-70.0
1777892326.4363325,7.0,0.0,-73.0
1777892326.4463325,4.0,4.0,-68.0
1777892326.4563324,0.0,4.0,-71.0
1777892326.4663324,-2.0,-1.0,-67.0
1777892326.4763324,0.0,-4.0,-75.0
1777892326.4863324,0.0,-5.0,-75.0
1777892326.4963324,3.0,-5.0,-73.0
1777892326.5063324,0.0,-2.0,-73.0
1777892326.5163324,1.0,-2.0,-73.0
1777892326.5263324,-4.0,-6.0,-77.0
1777892326.5363324,-3.0,-7.0,-72.0
1777892326.5463324,-1.0,-5.0,-67.0
1777892326.5563323,0.0,-3.0,-68.0
1777892326.5663323,2.0,-2.0,-70.0
1777892326.5763323,1.0,-4.0,-72.0
1777892326.5863323,-3.0,-5.0,-70.0
1777892326.5963323,-1.0,-4.0,-72.0
1777892326.6063323,1.0,-2.0,-71.0
1777892326.6163323,4.0,0.0,-74.0
1777892326.6263323,7.0,4.0,-74.0
1777892326.6363325,-2.0,0.0,-71.0
1777892326.6463325,-1.0,1.0,-66.0
1777892326.6563325,-2.0,2.0,-72.0
1777892326.6663325,-7.0,5.0,-72.0
1777892326.6773324,-9.0,2.0,-75.0
1777892326.6873324,-11.0,0.0,-72.0
1777892326.6973324,-8.0,-3.0,-72.0
1777892326.7073324,-4.0,-1.0,-70.0
1777892326.7173324,-6.0,-1.0,-69.0
1777892326.7273324,-4.0,0.0,-63.0
1777892326.7373323,-2.0,0.0,-64.0
1777892326.7473323,-1.0,-5.0,-76.0
1777892326.7573323,2.0,-9.0,-77.0
1777892326.7673323,5.0,-3.0,-71.0
1777892326.7773323,2.0,-3.0,-65.0
1777892326.7873323,2.0,-2.0,-63.0
1777892326.7973323,2.0,-4.0,-62.0
1777892326.8073325,8.0,-2.0,-63.0
1777892326.8173325,9.0,-2.0,-63.0
1777892326.8273325,7.0,-2.0,-70.0
1777892326.8373325,5.0,-3.0,-69.0
1777892326.8473325,0.0,-3.0,-72.0
1777892326.8573325,-2.0,-5.0,-73.0
1777892326.8673325,0.0,-5.0,-73.0
1777892326.8773324,8.0,-4.0,-65.0
1777892326.8873324,9.0,-5.0,-65.0
1777892326.8973324,6.0,-2.0,-64.0
1777892326.9073324,7.0,-2.0,-56.0
1777892326.9173324,5.0,-2.0,-67.0
1777892326.9273324,6.0,-1.0,-72.0
1777892326.9373324,6.0,1.0,-68.0
1777892326.9473324,2.0,2.0,-71.0
1777892326.9573324,1.0,2.0,-80.0
1777892326.9673324,5.0,3.0,-88.0
1777892326.9773324,6.0,4.0,-86.0
1777892326.9873323,2.0,5.0,-88.0
1777892326.9973323,2.0,6.0,-78.0
1777892327.0073323,1.0,4.0,-69.0
1777892327.0173323,2.0,1.0,-67.0
1777892327.0273323,1.0,0.0,-72.0
1777892327.0373323,4.0,-2.0,-77.0
1777892327.0473323,0.0,3.0,-77.0
1777892327.0573325,-4.0,5.0,-77.0
1777892327.0673325,-5.0,3.0,-80.0
1777892327.0773325,-5.0,0.0,-74.0
1777892327.0873325,-2.0,0.0,-77.0
1777892327.0973325,-4.0,1.0,-72.0
1777892327.1073325,1.0,0.0,-76.0
1777892327.1173325,1.0,0.0,-74.0
1777892327.1273324,2.0,1.0,-71.0
1777892327.1373324,1.0,0.0,-71.0
1777892327.1473324,0.0,-2.0,-65.0
1777892327.1573324,1.0,-3.0,-71.0
1777892327.1673324,3.0,-6.0,-73.0
1777892327.1773324,5.0,-4.0,-76.0
1777892327.1873324,5.0,-2.0,-72.0
1777892327.1973324,7.0,-1.0,-81.0
1777892327.2073324,6.0,-2.0,-78.0
1777892327.2173324,4.0,-2.0,-79.0
1777892327.2273324,0.0,0.0,-77.0
1777892327.2373323,0.0,0.0,-73.0
1777892327.2473323,2.0,-3.0,-70.0
1777892327.2573323,3.0,-1.0,-71.0
1777892327.2673323,2.0,-2.0,-67.0
1777892327.2773323,0.0,-4.0,-68.0
1777892327.2873323,-2.0,-8.0,-72.0
1777892327.2973323,0.0,-5.0,-75.0
1777892327.3073325,2.0,-1.0,-84.0
1777892327.3173325,1.0,-2.0,-79.0
1777892327.3273325,-1.0,-2.0,-76.0
1777892327.3373325,-1.0,-4.0,-83.0
1777892327.3473325,-2.0,-3.0,-82.0
1777892327.3573325,-4.0,0.0,-85.0
1777892327.3673325,-2.0,0.0,-76.0
1777892327.3773324,-6.0,-3.0,-74.0
1777892327.3873324,-4.0,0.0,-74.0
1777892327.3973324,-2.0,0.0,-70.0
1777892327.4073324,2.0,-2.0,-67.0
1777892327.4173324,0.0,-6.0,-70.0
1777892327.4273324,0.0,-6.0,-73.0
1777892327.4373324,1.0,-5.0,-74.0
1777892327.4473324,1.0,0.0,-80.0
1777892327.4573324,3.0,-2.0,-75.0
1777892327.4673324,3.0,-3.0,-72.0
1777892327.4773324,1.0,-4.0,-67.0
1777892327.4873323,1.0,-7.0,-73.0
1777892327.4973323,3.0,-5.0,-76.0
1777892327.5073323,3.0,-7.0,-77.0
1777892327.5173323,0.0,-2.0,-81.0
1777892327.5273323,-4.0,-1.0,-80.0
1777892327.5373323,-7.0,-1.0,-78.0
1777892327.5473323,-2.0,-2.0,-75.0
1777892327.5573325,-4.0,1.0,-72.0
1777892327.5673325,-2.0,-3.0,-75.0
1777892327.5773325,0.0,-5.0,-80.0
1777892327.5873325,2.0,-1.0,-77.0
1777892327.5973325,0.0,-2.0,-74.0
1777892327.6073325,-3.0,-2.0,-70.0
1777892327.6173325,-3.0,-3.0,-70.0
1777892327.6273324,-5.0,1.0,-67.0
1777892327.6373324,-3.0,2.0,-65.0
1777892327.6473324,1.0,3.0,-59.0
1777892327.6573324,2.0,0.0,-60.0
1777892327.6673324,0.0,3.0,-68.0
1777892327.6773324,4.0,1.0,-69.0
1777892327.6873324,3.0,1.0,-68.0
1777892327.6973324,1.0,0.0,-67.0
1777892327.7073324,1.0,-4.0,-68.0
1777892327.7173324,2.0,-2.0,-65.0
1777892327.7273324,4.0,-3.0,-66.0
1777892327.7373323,4.0,-1.0,-68.0
1777892327.7473323,5.0,0.0,-63.0
1777892327.7573323,2.0,0.0,-63.0
1777892327.7673323,2.0,1.0,-66.0
1777892327.7773323,0.0,0.0,-71.0
1777892327.7873323,-1.0,0.0,-67.0
1777892327.7973323,3.0,-2.0,-69.0
1777892327.8073325,7.0,2.0,-73.0
1777892327.8173325,8.0,6.0,-71.0
1777892327.8273325,1.0,1.0,-75.0
1777892327.8373325,2.0,0.0,-72.0
1777892327.8473325,3.0,1.0,-71.0
1777892327.8573325,-1.0,3.0,-67.0
1777892327.8673325,-3.0,0.0,-69.0
1777892327.8773324,-6.0,0.0,-69.0
1777892327.8873324,-5.0,1.0,-66.0
1777892327.8973324,-7.0,2.0,-73.0
1777892327.9073324,-6.0,0.0,-83.0
1777892327.9173324,-5.0,4.0,-73.0
1777892327.9273324,-2.0,4.0,-66.0
1777892327.9373324,-5.0,1.0,-60.0
1777892327.9473324,-3.0,-1.0,-66.0
1777892327.9573324,2.0,0.0,-64.0
1777892327.9673324,4.0,-3.0,-67.0
1777892327.9773324,2.0,-3.0,-62.0
1777892327.9873323,-1.0,-4.0,-65.0
1777892327.9973323,-3.0,-2.0,-62.0
1777892328.0073323,-2.0,-1.0,-72.0
1777892328.0173323,0.0,-8.0,-68.0
1777892328.0273323,4.0,-10.0,-68.0
1777892328.0373323,2.0,-7.0,-73.0
1777892328.0473323,3.0,-9.0,-71.0
1777892328.0573325,3.0,-6.0,-72.0
1777892328.0673325,0.0,-1.0,-70.0
1777892328.0773325,0.0,-3.0,-76.0
1777892328.0873325,1.0,-4.0,-72.0
1777892328.0973325,0.0,-5.0,-76.0
1777892328.1073325,0.0,-3.0,-83.0
1777892328.1173325,1.0,-2.0,-81.0
1777892328.1273324,8.0,-2.0,-80.0
1777892328.1373324,8.0,-4.0,-79.0
1777892328.1473324,5.0,0.0,-76.0
1777892328.1573324,2.0,0.0,-72.0
1777892328.1673324,4.0,4.0,-74.0
1777892328.1773324,6.0,4.0,-75.0
1777892328.1873324,9.0,2.0,-76.0
1777892328.1973324,4.0,0.0,-77.0
1777892328.2073324,2.0,1.0,-72.0
1777892328.2173324,0.0,2.0,-72.0
1777892328.2273324,-4.0,-1.0,-78.0
1777892328.2373323,-2.0,0.0,-75.0
1777892328.2473323,2.0,0.0,-73.0
1777892328.2573323,0.0,2.0,-77.0
1777892328.2673323,0.0,0.0,-78.0
1777892328.2773323,0.0,-5.0,-68.0
1777892328.2873323,1.0,-4.0,-67.0
1777892328.2973323,-1.0,-3.0,-65.0
1777892328.3073325,1.0,0.0,-69.0
1777892328.3173325,0.0,4.0,-71.0
1777892328.3273325,5.0,5.0,-70.0
1777892328.3373325,5.0,3.0,-68.0
1777892328.3473325,0.0,-2.0,-68.0
1777892328.3573325,-2.0,-7.0,-72.0
1777892328.3673325,-3.0,-7.0,-74.0
1777892328.3773324,-3.0,-2.0,-79.0
1777892328.3873324,-5.0,-2.0,-81.0
1777892328.3973324,-5.0,-4.0,-79.0
1777892328.4073324,-3.0,-7.0,-78.0
1777892328.4173324,-7.0,-3.0,-81.0
1777892328.4273324,-8.0,1.0,-84.0
1777892328.4373324,-2.0,6.0,-83.0
1777892328.4473324,-3.0,8.0,-82.0
1777892328.4573324,-5.0,6.0,-86.0
1777892328.4673324,-2.0,7.0,-87.0
1777892328.4773324,-2.0,7.0,-84.0
1777892328.4873323,-1.0,7.0,-82.0
1777892328.4973323,1.0,2.0,-76.0
1777892328.5073323,3.0,0.0,-73.0
1777892328.5173323,5.0,-3.0,-71.0
1777892328.5273323,2.0,-3.0,-70.0
1777892328.5373323,0.0,-3.0,-73.0
1777892328.5473323,-1.0,-4.0,-71.0
1777892328.5573325,1.0,-3.0,-67.0
1777892328.5673325,2.0,-3.0,-73.0
1777892328.5773325,3.0,-7.0,-68.0
1777892328.5873325,8.0,-7.0,-66.0
1777892328.5973325,8.0,-8.0,-67.0
1777892328.6073325,5.0,-6.0,-55.0
1777892328.6173325,3.0,-5.0,-62.0
1777892328.6273324,2.0,-3.0,-64.0
1777892328.6373324,-3.0,-2.0,-65.0
1777892328.6473324,1.0,-4.0,-63.0
1777892328.6573324,3.0,-5.0,-60.0
1777892328.6673324,1.0,-2.0,-65.0
1777892328.6783323,4.0,0.0,-62.0
1777892328.6883323,0.0,1.0,-67.0
1777892328.6983323,2.0,3.0,-61.0
1777892328.7083323,1.0,-3.0,-64.0
1777892328.7183323,0.0,-1.0,-64.0
1777892328.7283323,0.0,0.0,-59.0
1777892328.7383325,1.0,1.0,-61.0
1777892328.7483325,2.0,-1.0,-62.0
1777892328.7583325,3.0,0.0,-67.0
1777892328.7683325,6.0,-1.0,-68.0
1777892328.7783325,8.0,0.0,-72.0
1777892328.7883325,7.0,2.0,-69.0
1777892328.7983325,3.0,5.0,-70.0
1777892328.8083324,3.0,4.0,-64.0
1777892328.8183324,4.0,3.0,-74.0
1777892328.8283324,3.0,2.0,-70.0
1777892328.8383324,4.0,7.0,-69.0
1777892328.8483324,2.0,10.0,-69.0
1777892328.8583324,1.0,6.0,-72.0
1777892328.8683324,0.0,7.0,-69.0
1777892328.8783324,4.0,3.0,-71.0
1777892328.8883324,7.0,1.0,-69.0
1777892328.8983324,3.0,-1.0,-72.0
1777892328.9083323,0.0,0.0,-79.0
1777892328.9183323,-1.0,6.0,-80.0
1777892328.9283323,-6.0,2.0,-72.0
1777892328.9383323,-8.0,3.0,-71.0
1777892328.9483323,-7.0,4.0,-69.0
1777892328.9583323,-3.0,0.0,-67.0
1777892328.9683323,-3.0,0.0,-70.0
1777892328.9783323,-5.0,0.0,-71.0
1777892328.9883325,-6.0,-1.0,-70.0
1777892328.9983325,-5.0,-1.0,-78.0
1777892329.0083325,-3.0,0.0,-77.0
1777892329.0183325,0.0,-2.0,-74.0
1777892329.0283325,3.0,-3.0,-74.0
1777892329.0383325,6.0,-2.0,-71.0
1777892329.0483325,0.0,1.0,-73.0
1777892329.0583324,0.0,2.0,-77.0
1777892329.0683324,2.0,3.0,-75.0
1777892329.0783324,1.0,5.0,-78.0
1777892329.0883324,2.0,7.0,-77.0
1777892329.0983324,0.0,10.0,-75.0
1777892329.1083324,-2.0,10.0,-67.0
1777892329.1183324,-3.0,8.0,-65.0
1777892329.1283324,-2.0,5.0,-66.0
1777892329.1383324,-5.0,9.0,-63.0
1777892329.1483324,0.0,6.0,-67.0
1777892329.1583323,-2.0,8.0,-64.0
1777892329.1683323,-2.0,6.0,-66.0
1777892329.1783323,-2.0,10.0,-68.0
1777892329.1883323,-1.0,9.0,-66.0
1777892329.1983323,3.0,8.0,-61.0
1777892329.2083323,3.0,6.0,-63.0
1777892329.2183323,1.0,4.0,-67.0
1777892329.2283323,2.0,4.0,-64.0
1777892329.2383325,4.0,-1.0,-71.0
1777892329.2483325,2.0,1.0,-77.0
1777892329.2583325,1.0,-2.0,-77.0
1777892329.2683325,4.0,-1.0,-78.0
1777892329.2783325,2.0,2.0,-81.0
1777892329.2883325,0.0,0.0,-75.0
1777892329.2983325,-2.0,0.0,-80.0
1777892329.3083324,-2.0,1.0,-77.0
1777892329.3183324,0.0,0.0,-72.0
1777892329.3283324,0.0,1.0,-65.0
1777892329.3383324,4.0,4.0,-62.0
1777892329.3483324,0.0,1.0,-66.0
1777892329.3583324,0.0,0.0,-70.0
1777892329.3683324,4.0,-1.0,-73.0
1777892329.3783324,2.0,-1.0,-75.0
1777892329.3883324,1.0,0.0,-79.0
1777892329.3983324,2.0,-2.0,-71.0
1777892329.4083323,2.0,-3.0,-66.0
1777892329.4183323,2.0,-5.0,-69.0
1777892329.4283323,4.0,-5.0,-70.0
1777892329.4383323,6.0,-8.0,-73.0
1777892329.4483323,10.0,-8.0,-68.0
1777892329.4583323,14.0,-6.0,-71.0
1777892329.4683323,12.0,-4.0,-77.0
1777892329.4783323,12.0,1.0,-70.0
1777892329.4883325,9.0,0.0,-73.0
1777892329.4983325,5.0,0.0,-73.0
1777892329.5083325,-1.0,2.0,-70.0
1777892329.5183325,0.0,1.0,-67.0
1777892329.5283325,-3.0,0.0,-64.0
1777892329.5383325,-3.0,-4.0,-62.0
1777892329.5483325,0.0,-8.0,-61.0
1777892329.5583324,5.0,-6.0,-68.0
1777892329.5683324,7.0,-2.0,-75.0
1777892329.5783324,6.0,1.0,-73.0
1777892329.5883324,5.0,2.0,-74.0
1777892329.5983324,6.0,0.0,-74.0
1777892329.6083324,7.0,-2.0,-72.0
1777892329.6183324,5.0,2.0,-71.0
1777892329.6283324,1.0,-1.0,-64.0
1777892329.6383324,-3.0,0.0,-71.0
1777892329.6483324,-3.0,-1.0,-76.0
1777892329.6583323,-5.0,-2.0,-79.0
1777892329.6683323,-5.0,-4.0,-81.0
1777892329.6783323,-7.0,-4.0,-85.0
1777892329.6883323,-6.0,-6.0,-81.0
1777892329.6983323,-8.0,-3.0,-78.0
1777892329.7083323,-6.0,-2.0,-74.0
1777892329.7183323,-2.0,-2.0,-74.0
1777892329.7283323,0.0,-3.0,-71.0
1777892329.7383325,0.0,0.0,-80.0
1777892329.7483325,2.0,1.0,-82.0
1777892329.7583325,3.0,1.0,-83.0
1777892329.7683325,5.0,2.0,-76.0
1777892329.7783325,1.0,5.0,-71.0
1777892329.7883325,0.0,3.0,-71.0
1777892329.7983325,5.0,0.0,-64.0
1777892329.8083324,11.0,0.0,-61.0
1777892329.8183324,9.0,0.0,-65.0
1777892329.8283324,6.0,-1.0,-66.0
1777892329.8383324,9.0,-5.0,-66.0
1777892329.8483324,5.0,-4.0,-66.0
1777892329.8583324,5.0,-3.0,-72.0
1777892329.8683324,5.0,-1.0,-72.0
1777892329.8783324,3.0,2.0,-73.0
1777892329.8883324,6.0,0.0,-76.0
1777892329.8983324,3.0,0.0,-80.0
1777892329.9083323,1.0,-1.0,-83.0
1777892329.9183323,0.0,-3.0,-83.0
1777892329.9283323,-1.0,-3.0,-82.0
1777892329.9383323,0.0,-3.0,-83.0
1777892329.9483323,-3.0,0.0,-83.0
1777892329.9583323,-3.0,0.0,-81.0
1777892329.9683323,-4.0,-1.0,-82.0
1777892329.9783323,1.0,-4.0,-81.0
1777892329.9883325,3.0,-6.0,-80.0
1777892329.9983325,-4.0,-5.0,-73.0
1777892330.0083325,-2.0,-3.0,-69.0
1777892330.0183325,-4.0,2.0,-69.0
1777892330.0283325,-1.0,2.0,-71.0
1777892330.0383325,-1.0,0.0,-68.0
1777892330.0483325,-1.0,2.0,-61.0
1777892330.0583324,-2.0,4.0,-65.0
1777892330.0683324,0.0,1.0,-69.0
1777892330.0783324,2.0,1.0,-65.0
1777892330.0883324,1.0,-2.0,-70.0
1777892330.0983324,-1.0,2.0,-68.0
1777892330.1083324,1.0,1.0,-65.0
1777892330.1183324,0.0,1.0,-67.0
1777892330.1283324,0.0,0.0,-60.0
1777892330.1383324,-1.0,0.0,-56.0
1777892330.1483324,-1.0,-4.0,-57.0
1777892330.1583323,0.0,-4.0,-69.0
1777892330.1683323,0.0,0.0,-63.0
1777892330.1783323,4.0,-2.0,-64.0
1777892330.1883323,6.0,-5.0,-60.0
1777892330.1983323,3.0,-5.0,-64.0
1777892330.2083323,2.0,-7.0,-68.0
1777892330.2183323,-5.0,-2.0,-68.0
1777892330.2283323,-2.0,0.0,-67.0
1777892330.2383325,0.0,-2.0,-62.0
1777892330.2483325,2.0,-3.0,-62.0
1777892330.2583325,0.0,-4.0,-62.0
1777892330.2683325,0.0,-2.0,-62.0
1777892330.2783325,1.0,0.0,-61.0
1777892330.2883325,2.0,0.0,-58.0
1777892330.2983325,-2.0,3.0,-61.0
1777892330.3083324,-2.0,6.0,-71.0
1777892330.3183324,-1.0,5.0,-73.0
1777892330.3283324,0.0,0.0,-79.0
1777892330.3383324,-4.0,0.0,-76.0
1777892330.3483324,-2.0,1.0,-77.0
1777892330.3583324,-5.0,-2.0,-75.0
1777892330.3683324,-8.0,0.0,-66.0
1777892330.3783324,-8.0,0.0,-66.0
1777892330.3883324,-8.0,1.0,-66.0
1777892330.3983324,-9.0,0.0,-66.0
1777892330.4083323,-12.0,0.0,-66.0
1777892330.4183323,-17.0,1.0,-66.0
1777892330.4283323,-13.0,1.0,-71.0
1777892330.4383323,-9.0,-2.0,-68.0
1777892330.4483323,-8.0,0.0,-66.0
1777892330.4583323,-3.0,-3.0,-68.0
1777892330.4683323,-2.0,-2.0,-75.0
1777892330.4783323,-8.0,-1.0,-79.0
1777892330.4883325,-6.0,2.0,-83.0
1777892330.4983325,-3.0,-4.0,-83.0
1777892330.5083325,-2.0,-5.0,-80.0
1777892330.5183325,0.0,-4.0,-77.0
1777892330.5283325,-1.0,-2.0,-72.0
1777892330.5383325,-1.0,0.0,-69.0
1777892330.5483325,1.0,1.0,-66.0
1777892330.5583324,1.0,0.0,-69.0
1777892330.5683324,0.0,0.0,-72.0
1777892330.5783324,1.0,-11.0,-64.0
1777892330.5883324,-1.0,-6.0,-63.0
1777892330.5983324,-1.0,-6.0,-64.0
1777892330.6083324,1.0,-1.0,-69.0
1777892330.6183324,2.0,-1.0,-73.0
1777892330.6283324,1.0,-4.0,-73.0
1777892330.6383324,1.0,-3.0,-68.0
1777892330.6483324,0.0,-3.0,-74.0
1777892330.6583323,0.0,-8.0,-69.0
1777892330.6693325,1.0,-6.0,-65.0
1777892330.6793325,4.0,-3.0,-64.0
1777892330.6893325,5.0,-2.0,-63.0
1777892330.6993325,5.0,5.0,-67.0
1777892330.7093325,6.0,3.0,-67.0
1777892330.7193325,7.0,1.0,-73.0
1777892330.7293324,0.0,1.0,-72.0
1777892330.7393324,-5.0,1.0,-69.0
1777892330.7493324,-5.0,0.0,-69.0
1777892330.7593324,-8.0,0.0,-71.0
1777892330.7693324,-3.0,0.0,-70.0
1777892330.7793324,0.0,0.0,-68.0
1777892330.7893324,1.0,0.0,-71.0
1777892330.7993324,-1.0,0.0,-75.0
1777892330.8093324,-2.0,-2.0,-70.0
1777892330.8193324,-4.0,0.0,-73.0
1777892330.8293324,-1.0,-2.0,-75.0
1777892330.8393323,-1.0,-1.0,-73.0
1777892330.8493323,0.0,0.0,-79.0
1777892330.8593323,-6.0,0.0,-72.0
1777892330.8693323,-1.0,1.0,-67.0
1777892330.8793323,-5.0,3.0,-64.0
1777892330.8893323,-4.0,1.0,-62.0
1777892330.8993323,-4.0,-4.0,-64.0
1777892330.9093325,0.0,-5.0,-63.0
1777892330.9193325,-2.0,-7.0,-71.0
1777892330.9293325,0.0,-1.0,-72.0
1777892330.9393325,4.0,-1.0,-68.0
1777892330.9493325,8.0,-1.0,-58.0
1777892330.9593325,5.0,-6.0,-59.0
1777892330.9693325,5.0,-8.0,-64.0
1777892330.9793324,9.0,-5.0,-71.0
1777892330.9893324,8.0,-6.0,-70.0
1777892330.9993324,5.0,-3.0,-68.0
1777892331.0093324,2.0,-1.0,-71.0
1777892331.0193324,-4.0,-3.0,-72.0
1777892331.0293324,-1.0,-7.0,-68.0
1777892331.0393324,-2.0,-7.0,-65.0
1777892331.0493324,-4.0,-5.0,-64.0
1777892331.0593324,-7.0,-2.0,-64.0
1777892331.0693324,-8.0,-4.0,-66.0
1777892331.0793324,-5.0,-1.0,-65.0
1777892331.0893323,-2.0,0.0,-70.0
1777892331.0993323,0.0,-3.0,-71.0
1777892331.1093323,2.0,-5.0,-70.0
1777892331.1193323,2.0,-1.0,-71.0
1777892331.1293323,3.0,-2.0,-73.0
1777892331.1393323,3.0,1.0,-70.0
1777892331.1493323,1.0,2.0,-65.0
1777892331.1593325,4.0,0.0,-72.0
1777892331.1693325,9.0,3.0,-74.0
1777892331.1793325,3.0,2.0,-74.0
1777892331.1893325,0.0,0.0,-70.0
1777892331.1993325,1.0,0.0,-71.0
1777892331.2093325,-1.0,2.0,-78.0
1777892331.2193325,2.0,1.0,-80.0
1777892331.2293324,5.0,5.0,-72.0
1777892331.2393324,2.0,2.0,-72.0
1777892331.2493324,5.0,3.0,-75.0
1777892331.2593324,4.0,3.0,-73.0
1777892331.2693324,6.0,2.0,-72.0
1777892331.2793324,3.0,4.0,-77.0
1777892331.2893324,6.0,6.0,-77.0
1777892331.2993324,6.0,8.0,-84.0
1777892331.3093324,6.0,6.0,-79.0
1777892331.3193324,3.0,5.0,-73.0
1777892331.3293324,-4.0,3.0,-66.0
1777892331.3393323,-2.0,0.0,-66.0
1777892331.3493323,-5.0,0.0,-64.0
1777892331.3593323,-3.0,1.0,-64.0
1777892331.3693323,-6.0,-3.0,-64.0
1777892331.3793323,-2.0,-2.0,-63.0
1777892331.3893323,-2.0,-1.0,-61.0
1777892331.3993323,-2.0,-2.0,-60.0
1777892331.4093325,-2.0,-1.0,-61.0
1777892331.4193325,-1.0,-6.0,-58.0
1777892331.4293325,-8.0,-8.0,-62.0
1777892331.4393325,-5.0,-9.0,-63.0
1777892331.4493325,-7.0,-4.0,-65.0
1777892331.4593325,-5.0,-5.0,-71.0
1777892331.4693325,-4.0,0.0,-73.0
1777892331.4793324,-1.0,-4.0,-71.0
1777892331.4893324,0.0,-3.0,-75.0
1777892331.4993324,0.0,-3.0,-77.0
1777892331.5093324,0.0,1.0,-75.0
1777892331.5193324,1.0,0.0,-68.0
1777892331.5293324,3.0,1.0,-67.0
1777892331.5393324,6.0,7.0,-68.0
1777892331.5493324,4.0,7.0,-73.0
1777892331.5593324,1.0,5.0,-71.0
1777892331.5693324,7.0,7.0,-70.0
1777892331.5793324,12.0,6.0,-64.0
1777892331.5893323,9.0,4.0,-66.0
1777892331.5993323,7.0,3.0,-62.0
1777892331.6093323,6.0,4.0,-68.0
1777892331.6193323,5.0,2.0,-70.0
1777892331.6293323,1.0,5.0,-68.0
1777892331.6393323,1.0,3.0,-63.0
1777892331.6493323,1.0,1.0,-60.0
1777892331.6593325,2.0,3.0,-61.0
1777892331.6693325,4.0,-1.0,-65.0
1777892331.6793325,4.0,-3.0,-62.0
1777892331.6893325,7.0,-6.0,-63.0
1777892331.6993325,9.0,-5.0,-70.0
1777892331.7093325,12.0,-6.0,-66.0
1777892331.7193325,14.0,-7.0,-67.0
1777892331.7293324,16.0,-7.0,-70.0
1777892331.7393324,4.0,-5.0,-75.0
1777892331.7493324,3.0,-3.0,-72.0
1777892331.7593324,1.0,-3.0,-72.0
1777892331.7693324,3.0,1.0,-70.0
1777892331.7793324,0.0,0.0,-70.0
1777892331.7893324,0.0,1.0,-71.0
1777892331.7993324,1.0,0.0,-76.0
1777892331.8093324,-2.0,0.0,-79.0
1777892331.8193324,-1.0,0.0,-78.0
1777892331.8293324,2.0,4.0,-79.0
1777892331.8393323,6.0,2.0,-76.0
1777892331.8493323,2.0,1.0,-71.0
1777892331.8593323,3.0,1.0,-66.0
1777892331.8693323,10.0,-2.0,-70.0
1777892331.8793323,9.0,-2.0,-71.0
1777892331.8893323,13.0,-1.0,-67.0
1777892331.8993323,10.0,3.0,-70.0
1777892331.9093325,8.0,0.0,-73.0
1777892331.9193325,3.0,1.0,-75.0
1777892331.9293325,2.0,3.0,-76.0
1777892331.9393325,-1.0,3.0,-78.0
1777892331.9493325,-1.0,1.0,-72.0
1777892331.9593325,3.0,0.0,-70.0
1777892331.9693325,4.0,1.0,-76.0
1777892331.9793324,2.0,6.0,-77.0
1777892331.9893324,-3.0,4.0,-68.0
1777892331.9993324,-3.0,5.0,-71.0
1777892332.0093324,-1.0,4.0,-64.0
1777892332.0193324,-6.0,4.0,-62.0
1777892332.0293324,-6.0,1.0,-55.0
1777892332.0393324,-3.0,0.0,-53.0
1777892332.0493324,-6.0,-1.0,-58.0
1777892332.0593324,-4.0,-2.0,-58.0
1777892332.0693324,1.0,-2.0,-62.0
1777892332.0793324,-2.0,0.0,-60.0
1777892332.0893323,3.0,-1.0,-67.0
1777892332.0993323,-1.0,-2.0,-65.0
1777892332.1093323,0.0,-4.0,-63.0
1777892332.1193323,0.0,-8.0,-61.0
1777892332.1293323,0.0,-8.0,-60.0
1777892332.1393323,0.0,-8.0,-67.0
1777892332.1493323,-1.0,-7.0,-67.0
1777892332.1593325,-5.0,-5.0,-62.0
1777892332.1693325,-3.0,-5.0,-62.0
1777892332.1793325,-1.0,0.0,-61.0
1777892332.1893325,-4.0,0.0,-64.0
1777892332.1993325,-7.0,1.0,-68.0
1777892332.2093325,0.0,-1.0,-76.0
1777892332.2193325,0.0,-3.0,-84.0
1777892332.2293324,-3.0,-5.0,-80.0
1777892332.2393324,0.0,-6.0,-78.0
1777892332.2493324,1.0,-3.0,-78.0
1777892332.2593324,2.0,-2.0,-77.0
1777892332.2693324,4.0,0.0,-72.0
1777892332.2793324,-1.0,1.0,-67.0
1777892332.2893324,0.0,0.0,-65.0
1777892332.2993324,0.0,-2.0,-63.0
1777892332.3093324,0.0,-4.0,-68.0
1777892332.3193324,1.0,-3.0,-69.0
1777892332.3293324,3.0,-4.0,-66.0
1777892332.3393323,2.0,-1.0,-64.0
1777892332.3493323,0.0,-2.0,-63.0
1777892332.3593323,-1.0,-4.0,-64.0
1777892332.3693323,2.0,-7.0,-62.0
1777892332.3793323,3.0,-7.0,-65.0
1777892332.3893323,4.0,-6.0,-62.0
1777892332.3993323,6.0,-1.0,-68.0
1777892332.4093325,7.0,-1.0,-68.0
1777892332.4193325,9.0,-2.0,-75.0
1777892332.4293325,8.0,-1.0,-80.0
1777892332.4393325,1.0,0.0,-79.0
1777892332.4493325,2.0,-1.0,-78.0
1777892332.4593325,-2.0,0.0,-75.0
1777892332.4693325,0.0,-1.0,-69.0
1777892332.4793324,3.0,-1.0,-69.0
1777892332.4893324,0.0,-2.0,-73.0
1777892332.4993324,-1.0,0.0,-77.0
1777892332.5093324,2.0,0.0,-78.0
1777892332.5193324,1.0,0.0,-75.0
1777892332.5293324,0.0,-3.0,-79.0
1777892332.5393324,0.0,-4.0,-78.0
1777892332.5493324,0.0,-4.0,-79.0
1777892332.5593324,2.0,0.0,-83.0
1777892332.5693324,2.0,1.0,-82.0
1777892332.5793324,3.0,2.0,-82.0
1777892332.5893323,-4.0,-2.0,-84.0
1777892332.5993323,-6.0,-3.0,-84.0
1777892332.6093323,-7.0,-2.0,-83.0
1777892332.6193323,-7.0,0.0,-80.0
1777892332.6293323,-5.0,0.0,-77.0
1777892332.6403325,-1.0,-2.0,-77.0
1777892332.6503325,-4.0,-1.0,-71.0
1777892332.6603324,-2.0,-4.0,-71.0
1777892332.6703324,-1.0,-4.0,-69.0
1777892332.6803324,-1.0,1.0,-74.0
1777892332.6903324,-4.0,3.0,-68.0
1777892332.7003324,-2.0,3.0,-64.0
1777892332.7103324,-4.0,5.0,-72.0
1777892332.7203324,-9.0,5.0,-68.0
1777892332.7303324,-12.0,2.0,-73.0
1777892332.7403324,-10.0,-1.0,-67.0
1777892332.7503324,-7.0,1.0,-63.0
1777892332.7603323,-6.0,0.0,-63.0
1777892332.7703323,-3.0,2.0,-67.0
1777892332.7803323,1.0,3.0,-64.0
1777892332.7903323,8.0,0.0,-64.0
1777892332.8003323,6.0,0.0,-70.0
1777892332.8103323,9.0,4.0,-63.0
1777892332.8203323,8.0,2.0,-60.0
1777892332.8303325,10.0,2.0,-67.0
1777892332.8403325,9.0,1.0,-74.0
1777892332.8503325,9.0,1.0,-76.0
1777892332.8603325,5.0,0.0,-68.0
1777892332.8703325,-3.0,0.0,-66.0
1777892332.8803325,-7.0,0.0,-67.0
1777892332.8903325,-7.0,-1.0,-73.0
1777892332.9003325,-6.0,-2.0,-72.0
1777892332.9103324,-3.0,-4.0,-66.0
1777892332.9203324,-3.0,-3.0,-70.0
1777892332.9303324,-2.0,0.0,-71.0
1777892332.9403324,1.0,0.0,-73.0
1777892332.9503324,5.0,-4.0,-71.0
1777892332.9603324,5.0,-9.0,-67.0
1777892332.9703324,2.0,-7.0,-65.0
1777892332.9803324,2.0,-3.0,-63.0
1777892332.9903324,0.0,-2.0,-62.0
1777892333.0003324,-2.0,-3.0,-65.0
1777892333.0103323,-3.0,-5.0,-69.0
1777892333.0203323,-4.0,-4.0,-70.0
1777892333.0303323,-2.0,-6.0,-70.0
1777892333.0403323,-2.0,-7.0,-72.0
1777892333.0503323,-3.0,-6.0,-78.0
1777892333.0603323,-6.0,-3.0,-75.0
1777892333.0703323,-4.0,-6.0,-67.0
1777892333.0803325,-1.0,-2.0,-69.0
1777892333.0903325,0.0,-1.0,-70.0
1777892333.1003325,1.0,0.0,-68.0
1777892333.1103325,-2.0,2.0,-76.0
1777892333.1203325,1.0,1.0,-75.0
1777892333.1303325,-2.0,-3.0,-74.0
1777892333.1403325,-1.0,-6.0,-64.0
1777892333.1503325,-2.0,-7.0,-62.0
1777892333.1603324,4.0,-2.0,-58.0
1777892333.1703324,3.0,3.0,-63.0
1777892333.1803324,8.0,4.0,-62.0
1777892333.1903324,4.0,2.0,-63.0
1777892333.2003324,2.0,6.0,-65.0
1777892333.2103324,4.0,5.0,-63.0
1777892333.2203324,6.0,1.0,-65.0
1777892333.2303324,3.0,0.0,-75.0
1777892333.2403324,0.0,-2.0,-78.0
1777892333.2503324,1.0,-2.0,-74.0
1777892333.2603323,2.0,-3.0,-71.0
1777892333.2703323,3.0,-3.0,-69.0
1777892333.2803323,5.0,-2.0,-64.0
1777892333.2903323,2.0,0.0,-66.0
1777892333.3003323,1.0,2.0,-70.0
1777892333.3103323,0.0,3.0,-69.0
1777892333.3203323,-2.0,5.0,-62.0
1777892333.3303325,-1.0,9.0,-62.0
1777892333.3403325,-2.0,6.0,-64.0
1777892333.3503325,-1.0,4.0,-69.0
1777892333.3603325,1.0,4.0,-68.0
1777892333.3703325,-1.0,3.0,-69.0
1777892333.3803325,-1.0,5.0,-72.0
1777892333.3903325,0.0,5.0,-73.0
1777892333.4003325,4.0,9.0,-77.0
1777892333.4103324,1.0,9.0,-76.0
1777892333.4203324,0.0,5.0,-79.0
1777892333.4303324,-5.0,1.0,-82.0
1777892333.4403324,-3.0,3.0,-79.0
1777892333.4503324,0.0,2.0,-80.0
1777892333.4603324,0.0,7.0,-76.0
1777892333.4703324,4.0,10.0,-73.0
1777892333.4803324,8.0,7.0,-75.0
1777892333.4903324,9.0,6.0,-66.0
1777892333.5003324,10.0,8.0,-61.0
1777892333.5103323,9.0,3.0,-62.0
1777892333.5203323,7.0,3.0,-64.0
1777892333.5303323,7.0,0.0,-61.0
1777892333.5403323,2.0,-3.0,-66.0
1777892333.5503323,-2.0,-1.0,-71.0
1777892333.5603323,-2.0,1.0,-69.0
1777892333.5703323,2.0,4.0,-71.0
1777892333.5803325,6.0,0.0,-75.0
1777892333.5903325,7.0,0.0,-71.0
1777892333.6003325,6.0,-4.0,-71.0
1777892333.6103325,6.0,-5.0,-74.0
1777892333.6203325,3.0,-7.0,-75.0
1777892333.6303325,0.0,-8.0,-69.0
1777892333.6403325,2.0,-6.0,-71.0
1777892333.6503325,3.0,-4.0,-75.0
1777892333.6603324,0.0,-3.0,-78.0
1777892333.6703324,-2.0,-1.0,-74.0
1777892333.6803324,-5.0,-2.0,-71.0
1777892333.6903324,-8.0,-5.0,-81.0
1777892333.7003324,-8.0,-7.0,-80.0
1777892333.7103324,-5.0,-3.0,-78.0
1777892333.7203324,-6.0,1.0,-79.0
1777892333.7303324,-6.0,1.0,-79.0
1777892333.7403324,-6.0,2.0,-76.0
1777892333.7503324,-7.0,3.0,-75.0
1777892333.7603323,-7.0,0.0,-69.0
1777892333.7703323,-5.0,-3.0,-64.0
1777892333.7803323,2.0,-4.0,-66.0
1777892333.7903323,-1.0,-2.0,-69.0
1777892333.8003323,1.0,0.0,-70.0
1777892333.8103323,0.0,1.0,-71.0
1777892333.8203323,2.0,1.0,-76.0
1777892333.8303325,0.0,0.0,-77.0
1777892333.8403325,2.0,0.0,-79.0
1777892333.8503325,5.0,2.0,-81.0
1777892333.8603325,5.0,-1.0,-80.0
1777892333.8703325,6.0,-2.0,-82.0
1777892333.8803325,7.0,-5.0,-79.0
1777892333.8903325,3.0,-10.0,-78.0
1777892333.9003325,2.0,-11.0,-77.0
1777892333.9103324,4.0,-12.0,-83.0
1777892333.9203324,6.0,-11.0,-77.0
1777892333.9303324,4.0,-5.0,-74.0
1777892333.9403324,3.0,0.0,-78.0
1777892333.9503324,5.0,3.0,-75.0
1777892333.9603324,-3.0,2.0,-80.0
1777892333.9703324,-4.0,3.0,-73.0
1777892333.9803324,-9.0,1.0,-76.0
1777892333.9903324,-7.0,-2.0,-74.0
1777892334.0003324,-4.0,0.0,-63.0
1777892334.0103323,-1.0,0.0,-64.0
1777892334.0203323,0.0,-2.0,-70.0
1777892334.0303323,4.0,-2.0,-65.0
1777892334.0403323,9.0,1.0,-66.0
1777892334.0503323,8.0,3.0,-66.0
1777892334.0603323,7.0,4.0,-67.0
1777892334.0703323,6.0,2.0,-72.0
1777892334.0803325,0.0,1.0,-73.0
1777892334.0903325,-4.0,1.0,-75.0
1777892334.1003325,-5.0,0.0,-70.0
1777892334.1103325,-4.0,-1.0,-65.0
1777892334.1203325,-4.0,-4.0,-64.0
1777892334.1303325,-6.0,0.0,-67.0
1777892334.1403325,-4.0,2.0,-69.0
1777892334.1503325,-3.0,0.0,-68.0
1777892334.1603324,-3.0,-3.0,-73.0
1777892334.1703324,-2.0,-3.0,-72.0
1777892334.1803324,-3.0,-3.0,-66.0
1777892334.1903324,0.0,-2.0,-71.0
1777892334.2003324,4.0,-5.0,-76.0
1777892334.2103324,2.0,0.0,-81.0
1777892334.2203324,5.0,3.0,-78.0
1777892334.2303324,4.0,2.0,-74.0
1777892334.2403324,-1.0,2.0,-71.0
1777892334.2503324,-2.0,1.0,-75.0
1777892334.2603323,0.0,2.0,-79.0
1777892334.2703323,4.0,2.0,-74.0
1777892334.2803323,2.0,0.0,-71.0
1777892334.2903323,1.0,-3.0,-66.0
1777892334.3003323,-2.0,-5.0,-61.0
1777892334.3103323,-7.0,-6.0,-64.0
1777892334.3203323,-3.0,0.0,-65.0
1777892334.3303325,-1.0,-2.0,-58.0
1777892334.3403325,-1.0,-1.0,-47.0
1777892334.3503325,-2.0,-4.0,-48.0
1777892334.3603325,-1.0,-6.0,-52.0
1777892334.3703325,0.0,-3.0,-61.0
1777892334.3803325,1.0,0.0,-60.0
1777892334.3903325,-1.0,-1.0,-62.0
1777892334.4003325,0.0,-4.0,-63.0
1777892334.4103324,2.0,-5.0,-66.0
1777892334.4203324,0.0,-7.0,-74.0
1777892334.4303324,0.0,-11.0,-67.0
1777892334.4403324,0.0,-10.0,-73.0
1777892334.4503324,-1.0,-5.0,-81.0
1777892334.4603324,0.0,-4.0,-80.0
1777892334.4703324,0.0,-4.0,-75.0
1777892334.4803324,4.0,-4.0,-74.0
1777892334.4903324,0.0,-4.0,-69.0
1777892334.5003324,0.0,-6.0,-63.0
1777892334.5103323,-1.0,-9.0,-68.0
1777892334.5203323,-1.0,-7.0,-66.0
1777892334.5303323,-3.0,-4.0,-68.0
1777892334.5403323,-4.0,0.0,-67.0
1777892334.5503323,-1.0,3.0,-65.0
1777892334.5603323,-1.0,6.0,-71.0
1777892334.5713325,-2.0,1.0,-72.0
1777892334.5803325,0.0,0.0,-74.0
1777892334.5903325,3.0,-3.0,-74.0
1777892334.6003325,5.0,0.0,-75.0
1777892334.6103325,0.0,-5.0,-76.0
1777892334.6213324,-1.0,-7.0,-69.0
1777892334.6313324,1.0,-6.0,-55.0
1777892334.6413324,0.0,-3.0,-51.0
1777892334.6503325,0.0,-2.0,-49.0
1777892334.6613324,0.0,0.0,-60.0
1777892334.6713324,-1.0,0.0,-66.0
1777892334.6813323,-1.0,-1.0,-70.0
1777892334.6913323,-4.0,0.0,-74.0
1777892334.7013323,-3.0,2.0,-70.0
1777892334.7113323,-3.0,-3.0,-79.0
1777892334.7213323,-1.0,-4.0,-77.0
1777892334.7313323,0.0,-3.0,-76.0
1777892334.7413323,2.0,0.0,-76.0
1777892334.7513323,2.0,2.0,-71.0
1777892334.7613325,-1.0,2.0,-76.0
1777892334.7713325,-1.0,-1.0,-77.0
1777892334.7813325,0.0,-2.0,-76.0
1777892334.7913325,0.0,-2.0,-72.0
1777892334.8013325,3.0,0.0,-71.0
1777892334.8113325,3.0,0.0,-74.0
1777892334.8213325,2.0,0.0,-71.0
1777892334.8313324,1.0,1.0,-61.0
1777892334.8413324,-1.0,1.0,-61.0
1777892334.8513324,0.0,1.0,-58.0
1777892334.8613324,0.0,0.0,-63.0
1777892334.8713324,0.0,2.0,-64.0
1777892334.8813324,1.0,0.0,-64.0
1777892334.8913324,-3.0,-1.0,-64.0
1777892334.9013324,-5.0,-1.0,-63.0
1777892334.9113324,-5.0,-2.0,-68.0
1777892334.9213324,-6.0,1.0,-69.0
1777892334.9313323,-4.0,-2.0,-71.0
1777892334.9413323,-6.0,0.0,-65.0
1777892334.9513323,-2.0,2.0,-65.0
1777892334.9613323,-4.0,1.0,-67.0
1777892334.9713323,-7.0,-2.0,-70.0
1777892334.9813323,-6.0,-1.0,-68.0
1777892334.9913323,-3.0,-1.0,-72.0
1777892335.0013323,0.0,-2.0,-72.0
1777892335.0113325,-5.0,-1.0,-74.0
1777892335.0213325,-9.0,-6.0,-74.0
1777892335.0313325,-5.0,-6.0,-76.0
1777892335.0413325,-5.0,-5.0,-80.0
1777892335.0513325,-6.0,0.0,-81.0
1777892335.0613325,-6.0,0.0,-72.0
1777892335.0713325,-7.0,4.0,-75.0
1777892335.0813324,-8.0,-3.0,-68.0
1777892335.0913324,-3.0,-2.0,-69.0
1777892335.1013324,-1.0,-2.0,-73.0
1777892335.1113324,0.0,-1.0,-71.0
1777892335.1213324,4.0,-1.0,-71.0
1777892335.1313324,5.0,0.0,-70.0
1777892335.1413324,10.0,-2.0,-74.0
1777892335.1513324,5.0,0.0,-79.0
1777892335.1613324,3.0,1.0,-74.0
1777892335.1713324,3.0,1.0,-77.0
1777892335.1813323,7.0,3.0,-78.0
1777892335.1913323,3.0,1.0,-83.0
1777892335.2013323,3.0,2.0,-76.0
1777892335.2113323,5.0,4.0,-72.0
1777892335.2213323,2.0,0.0,-79.0
1777892335.2313323,0.0,-2.0,-80.0
1777892335.2413323,4.0,-4.0,-80.0
1777892335.2513323,3.0,-2.0,-89.0
1777892335.2613325,4.0,-2.0,-86.0
1777892335.2713325,2.0,0.0,-87.0
1777892335.2813325,0.0,0.0,-91.0
1777892335.2913325,3.0,-3.0,-94.0
1777892335.3013325,-2.0,-5.0,-86.0
1777892335.3113325,0.0,-7.0,-79.0
1777892335.3213325,-5.0,-3.0,-82.0
1777892335.3313324,-4.0,-3.0,-79.0
1777892335.3413324,0.0,-1.0,-76.0
1777892335.3513324,0.0,-4.0,-73.0
1777892335.3613324,-5.0,-4.0,-73.0
1777892335.3713324,-8.0,-6.0,-69.0
1777892335.3813324,-4.0,-5.0,-71.0
1777892335.3913324,-9.0,-1.0,-76.0
1777892335.4013324,-5.0,0.0,-74.0
1777892335.4113324,-2.0,1.0,-73.0
1777892335.4213324,-4.0,5.0,-73.0
1777892335.4313323,-6.0,2.0,-68.0
1777892335.4413323,-8.0,0.0,-64.0
1777892335.4513323,-3.0,-3.0,-71.0
1777892335.4613323,1.0,-2.0,-71.0
1777892335.4713323,2.0,-4.0,-70.0
1777892335.4813323,4.0,-3.0,-74.0
1777892335.4913323,8.0,-3.0,-74.0
1777892335.5013323,3.0,-3.0,-69.0
1777892335.5113325,5.0,-2.0,-64.0
1777892335.5213325,8.0,1.0,-68.0
1777892335.5313325,8.0,1.0,-74.0
1777892335.5413325,3.0,0.0,-74.0
1777892335.5513325,5.0,-2.0,-76.0
1777892335.5613325,4.0,-5.0,-75.0
1777892335.5713325,1.0,-2.0,-76.0
1777892335.5813324,2.0,-4.0,-79.0
1777892335.5913324,1.0,-2.0,-73.0
1777892335.6013324,0.0,-3.0,-69.0
1777892335.6113324,-1.0,-5.0,-71.0
1777892335.6213324,2.0,-3.0,-71.0
1777892335.6313324,1.0,-2.0,-68.0
1777892335.6413324,-3.0,2.0,-69.0
1777892335.6513324,-5.0,1.0,-70.0
1777892335.6613324,-6.0,0.0,-67.0
1777892335.6713324,-3.0,0.0,-71.0
1777892335.6813323,0.0,1.0,-69.0
1777892335.6913323,0.0,4.0,-72.0
1777892335.7013323,-4.0,2.0,-76.0
1777892335.7113323,-5.0,2.0,-74.0
1777892335.7213323,-3.0,0.0,-69.0
1777892335.7313323,-1.0,1.0,-65.0
1777892335.7413323,-1.0,2.0,-61.0
1777892335.7513323,1.0,2.0,-65.0
1777892335.7613325,3.0,2.0,-70.0
1777892335.7713325,0.0,2.0,-69.0
1777892335.7813325,0.0,1.0,-66.0
1777892335.7913325,0.0,-1.0,-66.0
1777892335.8013325,0.0,-3.0,-65.0
1777892335.8113325,-3.0,-5.0,-69.0
1777892335.8213325,-1.0,-7.0,-65.0
1777892335.8313324,-1.0,-4.0,-66.0
1777892335.8413324,-2.0,-4.0,-65.0
1777892335.8513324,0.0,-3.0,-72.0
1777892335.8613324,3.0,-1.0,-69.0
1777892335.8713324,4.0,1.0,-71.0
1777892335.8813324,4.0,0.0,-75.0
1777892335.8913324,2.0,-1.0,-73.0
1777892335.9013324,4.0,2.0,-69.0
1777892335.9113324,5.0,3.0,-68.0
1777892335.9213324,0.0,3.0,-69.0
1777892335.9313323,-3.0,1.0,-76.0
1777892335.9413323,-6.0,0.0,-76.0
1777892335.9513323,-2.0,1.0,-67.0
1777892335.9613323,-3.0,0.0,-63.0
1777892335.9713323,-4.0,-3.0,-61.0
1777892335.9813323,-4.0,-1.0,-56.0
1777892335.9913323,-5.0,0.0,-58.0
1777892336.0013323,-9.0,0.0,-62.0
1777892336.0113325,-7.0,1.0,-67.0
1777892336.0213325,-6.0,1.0,-65.0
1777892336.0313325,-7.0,0.0,-75.0
1777892336.0413325,-8.0,-2.0,-70.0
1777892336.0513325,-6.0,1.0,-70.0
1777892336.0613325,-5.0,-2.0,-69.0
1777892336.0713325,-4.0,-3.0,-72.0
1777892336.0813324,-5.0,-4.0,-66.0
1777892336.0913324,-5.0,-2.0,-67.0
1777892336.1013324,-8.0,0.0,-70.0
1777892336.1113324,-4.0,-5.0,-73.0
1777892336.1213324,-4.0,-6.0,-67.0
1777892336.1313324,-10.0,-4.0,-66.0
1777892336.1413324,-11.0,-8.0,-61.0
1777892336.1513324,-6.0,-9.0,-67.0
1777892336.1613324,-3.0,-7.0,-74.0
1777892336.1713324,-3.0,-4.0,-75.0
1777892336.1813323,0.0,-3.0,-71.0
1777892336.1913323,0.0,-5.0,-71.0
1777892336.2013323,-3.0,-8.0,-72.0
1777892336.2113323,0.0,-10.0,-77.0
1777892336.2213323,0.0,-9.0,-75.0
1777892336.2313323,1.0,-5.0,-79.0
1777892336.2413323,0.0,-4.0,-76.0
1777892336.2513323,1.0,-7.0,-70.0
1777892336.2613325,7.0,-6.0,-60.0
1777892336.2713325,6.0,-3.0,-64.0
1777892336.2813325,5.0,-2.0,-69.0
1777892336.2913325,5.0,-1.0,-67.0
1777892336.3013325,5.0,0.0,-67.0
1777892336.3113325,5.0,-1.0,-63.0
1777892336.3213325,3.0,-5.0,-60.0
1777892336.3313324,0.0,-6.0,-67.0
1777892336.3413324,0.0,-4.0,-70.0
1777892336.3513324,-1.0,-4.0,-71.0
1777892336.3613324,-4.0,-5.0,-65.0
1777892336.3713324,-3.0,-4.0,-64.0
1777892336.3813324,-2.0,-2.0,-70.0
1777892336.3913324,-4.0,0.0,-72.0
1777892336.4013324,-3.0,4.0,-70.0
1777892336.4113324,-5.0,7.0,-72.0
1777892336.4213324,-6.0,4.0,-72.0
1777892336.4313323,-2.0,6.0,-72.0
1777892336.4413323,2.0,1.0,-65.0
1777892336.4513323,0.0,-4.0,-61.0
1777892336.4613323,-1.0,-2.0,-71.0
1777892336.4713323,4.0,-2.0,-67.0
1777892336.4813323,8.0,-2.0,-62.0
1777892336.4913323,5.0,-3.0,-73.0
1777892336.5013323,4.0,-3.0,-75.0
1777892336.5113325,0.0,-3.0,-72.0
1777892336.5213325,0.0,-5.0,-73.0
1777892336.5313325,-1.0,-8.0,-73.0
1777892336.5413325,0.0,-8.0,-65.0
1777892336.5513325,0.0,-8.0,-65.0
1777892336.5613325,-2.0,-7.0,-69.0
1777892336.5713325,-4.0,-6.0,-69.0
1777892336.5813324,-3.0,-1.0,-73.0
1777892336.5913324,-4.0,-4.0,-66.0
1777892336.6013324,-1.0,-1.0,-63.0
1777892336.6113324,0.0,-1.0,-65.0
1777892336.6223323,1.0,-6.0,-63.0
1777892336.6323323,1.0,-4.0,-64.0
1777892336.6423323,-2.0,0.0,-68.0
1777892336.6523323,0.0,-3.0,-70.0
1777892336.6623323,2.0,-4.0,-71.0
1777892336.6723323,-1.0,-3.0,-70.0
1777892336.6823325,3.0,0.0,-75.0
1777892336.6923325,4.0,2.0,-72.0
1777892336.7023325,7.0,0.0,-75.0
1777892336.7123325,5.0,1.0,-75.0
1777892336.7223325,1.0,1.0,-77.0
1777892336.7323325,1.0,3.0,-77.0
1777892336.7423325,0.0,0.0,-72.0
1777892336.7523324,0.0,-2.0,-74.0
1777892336.7623324,-1.0,-4.0,-77.0
1777892336.7723324,-5.0,-1.0,-74.0
1777892336.7823324,-5.0,-1.0,-71.0
1777892336.7923324,-5.0,0.0,-69.0
1777892336.8023324,1.0,0.0,-72.0
1777892336.8123324,0.0,2.0,-71.0
1777892336.8223324,0.0,4.0,-65.0
1777892336.8323324,2.0,3.0,-68.0
1777892336.8423324,4.0,6.0,-75.0
1777892336.8523324,4.0,6.0,-71.0
1777892336.8623323,4.0,4.0,-69.0
1777892336.8723323,3.0,2.0,-69.0
1777892336.8823323,5.0,3.0,-69.0
1777892336.8923323,2.0,4.0,-69.0
1777892336.9023323,1.0,2.0,-69.0
1777892336.9123323,5.0,0.0,-75.0
1777892336.9223323,4.0,-6.0,-74.0
1777892336.9323325,5.0,-5.0,-72.0
1777892336.9423325,6.0,-5.0,-71.0
1777892336.9523325,7.0,-2.0,-66.0
1777892336.9623325,0.0,4.0,-68.0
1777892336.9723325,0.0,8.0,-68.0
1777892336.9823325,0.0,4.0,-69.0
1777892336.9923325,-2.0,4.0,-69.0
1777892337.0023324,-2.0,4.0,-71.0
1777892337.0123324,-4.0,4.0,-71.0
1777892337.0223324,0.0,5.0,-66.0
1777892337.0323324,2.0,4.0,-62.0
1777892337.0423324,0.0,6.0,-64.0
1777892337.0523324,0.0,4.0,-64.0
1777892337.0623324,2.0,2.0,-67.0
1777892337.0723324,3.0,1.0,-65.0
1777892337.0823324,1.0,1.0,-65.0
1777892337.0923324,2.0,0.0,-63.0
1777892337.1023324,2.0,-2.0,-72.0
1777892337.1123323,1.0,0.0,-73.0
1777892337.1223323,3.0,2.0,-70.0
1777892337.1323323,5.0,5.0,-72.0
1777892337.1423323,5.0,5.0,-69.0
1777892337.1523323,1.0,5.0,-64.0
1777892337.1623323,1.0,1.0,-59.0
1777892337.1723323,0.0,5.0,-68.0
1777892337.1823325,-3.0,2.0,-74.0
1777892337.1923325,-5.0,0.0,-72.0
1777892337.2023325,-4.0,3.0,-78.0
1777892337.2123325,-4.0,5.0,-82.0
1777892337.2223325,-5.0,6.0,-81.0
1777892337.2323325,-4.0,5.0,-82.0
1777892337.2423325,-1.0,5.0,-74.0
1777892337.2523324,0.0,6.0,-73.0
1777892337.2623324,0.0,8.0,-79.0
1777892337.2723324,0.0,4.0,-72.0
1777892337.2823324,6.0,4.0,-71.0
1777892337.2923324,0.0,1.0,-69.0
1777892337.3023324,-4.0,1.0,-65.0
1777892337.3123324,-2.0,5.0,-74.0
1777892337.3223324,-7.0,12.0,-81.0
1777892337.3323324,-5.0,12.0,-84.0
1777892337.3423324,-3.0,6.0,-81.0
1777892337.3523324,-5.0,4.0,-82.0
1777892337.3623323,-2.0,3.0,-81.0
1777892337.3723323,0.0,4.0,-76.0
1777892337.3823323,0.0,3.0,-78.0
1777892337.3923323,-1.0,1.0,-75.0
1777892337.4023323,-1.0,1.0,-75.0
1777892337.4123323,-5.0,3.0,-81.0
1777892337.4223323,-8.0,1.0,-76.0
1777892337.4323325,-6.0,2.0,-73.0
1777892337.4423325,-6.0,-3.0,-80.0
1777892337.4523325,-6.0,-3.0,-81.0
1777892337.4623325,-6.0,-2.0,-79.0
1777892337.4723325,-3.0,2.0,-83.0
1777892337.4823325,-4.0,3.0,-80.0
1777892337.4923325,-3.0,1.0,-73.0
1777892337.5023324,3.0,-1.0,-71.0
1777892337.5123324,5.0,0.0,-76.0
1777892337.5223324,4.0,0.0,-74.0
1777892337.5323324,8.0,1.0,-67.0
1777892337.5423324,10.0,3.0,-60.0
1777892337.5523324,10.0,1.0,-59.0
1777892337.5623324,15.0,3.0,-58.0
1777892337.5723324,9.0,2.0,-65.0
1777892337.5823324,5.0,-5.0,-54.0
1777892337.5923324,4.0,-4.0,-58.0
1777892337.6023324,4.0,-3.0,-65.0
1777892337.6123323,5.0,-5.0,-66.0
1777892337.6223323,5.0,-5.0,-65.0
1777892337.6323323,1.0,-2.0,-64.0
1777892337.6423323,0.0,-1.0,-58.0
1777892337.6523323,1.0,1.0,-70.0
1777892337.6623323,3.0,3.0,-75.0
1777892337.6723323,3.0,3.0,-74.0
1777892337.6823325,3.0,0.0,-78.0
1777892337.6923325,-1.0,-3.0,-78.0
1777892337.7023325,-4.0,-6.0,-81.0
1777892337.7123325,-2.0,-7.0,-87.0
1777892337.7223325,0.0,-5.0,-88.0
1777892337.7323325,0.0,-8.0,-80.0
1777892337.7423325,1.0,-9.0,-76.0
1777892337.7523324,2.0,-6.0,-72.0
1777892337.7623324,2.0,2.0,-74.0
1777892337.7723324,0.0,2.0,-77.0
1777892337.7823324,1.0,1.0,-71.0
1777892337.7923324,-2.0,2.0,-68.0
1777892337.8023324,-2.0,3.0,-76.0
1777892337.8123324,-4.0,0.0,-80.0
1777892337.8223324,-6.0,-2.0,-71.0
1777892337.8323324,-7.0,-1.0,-74.0
1777892337.8423324,-1.0,3.0,-80.0
1777892337.8523324,-1.0,0.0,-83.0
1777892337.8623323,1.0,0.0,-78.0
1777892337.8723323,2.0,1.0,-76.0
1777892337.8823323,1.0,-3.0,-77.0
1777892337.8923323,-1.0,0.0,-72.0
1777892337.9023323,0.0,1.0,-76.0
1777892337.9123323,1.0,-2.0,-71.0
1777892337.9223323,1.0,-2.0,-74.0
1777892337.9323325,0.0,-1.0,-72.0
1777892337.9423325,2.0,2.0,-72.0
1777892337.9523325,4.0,0.0,-71.0
1777892337.9623325,-1.0,3.0,-77.0
1777892337.9723325,-5.0,5.0,-75.0
1777892337.9823325,-9.0,2.0,-72.0
1777892337.9923325,-3.0,-1.0,-66.0
1777892338.0023324,-4.0,0.0,-55.0
1777892338.0123324,-1.0,0.0,-49.0
1777892338.0223324,2.0,-1.0,-50.0
1777892338.0323324,0.0,-3.0,-57.0
1777892338.0423324,-3.0,-6.0,-63.0
1777892338.0523324,-3.0,-1.0,-60.0
1777892338.0623324,-1.0,-2.0,-62.0
1777892338.0723324,4.0,-4.0,-68.0
1777892338.0823324,4.0,-2.0,-72.0
1777892338.0923324,0.0,1.0,-73.0
1777892338.1023324,2.0,1.0,-70.0
1777892338.1123323,0.0,0.0,-72.0
1777892338.1223323,0.0,2.0,-69.0
1777892338.1323323,0.0,0.0,-72.0
1777892338.1423323,2.0,-1.0,-68.0
1777892338.1523323,2.0,0.0,-68.0
1777892338.1623323,0.0,7.0,-69.0
1777892338.1723323,-1.0,8.0,-66.0
1777892338.1823325,3.0,4.0,-70.0
1777892338.1923325,3.0,2.0,-69.0
1777892338.2023325,1.0,0.0,-69.0
1777892338.2123325,-1.0,-3.0,-75.0
1777892338.2223325,0.0,0.0,-79.0
1777892338.2323325,-1.0,0.0,-79.0
1777892338.2423325,-3.0,-2.0,-79.0
1777892338.2523324,0.0,-4.0,-77.0
1777892338.2623324,4.0,-1.0,-72.0
1777892338.2723324,6.0,0.0,-70.0
1777892338.2823324,0.0,2.0,-64.0
1777892338.2923324,-2.0,1.0,-65.0
1777892338.3023324,-3.0,1.0,-63.0
1777892338.3123324,-2.0,-4.0,-64.0
1777892338.3223324,0.0,-1.0,-66.0
1777892338.3323324,0.0,0.0,-67.0
1777892338.3423324,0.0,-3.0,-70.0
1777892338.3523324,1.0,-1.0,-75.0
1777892338.3623323,0.0,2.0,-72.0
1777892338.3723323,6.0,4.0,-70.0
1777892338.3823323,1.0,0.0,-70.0
1777892338.3923323,-2.0,1.0,-67.0
1777892338.4023323,-2.0,2.0,-62.0
1777892338.4123323,-4.0,4.0,-64.0
1777892338.4223323,-1.0,4.0,-63.0
1777892338.4323325,1.0,1.0,-64.0
1777892338.4423325,0.0,0.0,-63.0
1777892338.4523325,0.0,-3.0,-69.0
1777892338.4623325,0.0,-8.0,-71.0
1777892338.4723325,0.0,-8.0,-76.0
1777892338.4823325,0.0,-4.0,-71.0
1777892338.4923325,5.0,-3.0,-72.0
1777892338.5023324,1.0,-1.0,-74.0
1777892338.5123324,-1.0,-2.0,-77.0
1777892338.5223324,-2.0,-3.0,-80.0
1777892338.5323324,-1.0,-2.0,-77.0
1777892338.5423324,0.0,-2.0,-75.0
1777892338.5523324,-2.0,-3.0,-73.0
1777892338.5623324,3.0,-2.0,-73.0
1777892338.5723324,4.0,-2.0,-70.0
1777892338.5823324,5.0,-1.0,-74.0
1777892338.5933323,7.0,0.0,-80.0
1777892338.6033323,6.0,-2.0,-77.0
1777892338.6133325,1.0,-1.0,-75.0
1777892338.6233325,1.0,0.0,-71.0
1777892338.6333325,1.0,-5.0,-75.0
1777892338.6433325,5.0,-4.0,-72.0
1777892338.6533325,9.0,-3.0,-75.0
1777892338.6633325,10.0,-4.0,-69.0
1777892338.6733325,3.0,-1.0,-70.0
1777892338.6833324,3.0,-2.0,-70.0
1777892338.6933324,2.0,-5.0,-68.0
1777892338.7033324,3.0,-3.0,-65.0
1777892338.7133324,5.0,0.0,-63.0
1777892338.7233324,3.0,0.0,-63.0
1777892338.7333324,4.0,1.0,-66.0
1777892338.7433324,5.0,1.0,-71.0
1777892338.7533324,0.0,2.0,-71.0
1777892338.7633324,-8.0,0.0,-76.0
1777892338.7733324,-10.0,-3.0,-82.0
1777892338.7833323,-5.0,-4.0,-70.0
1777892338.7933323,2.0,-6.0,-71.0
1777892338.8033323,2.0,-6.0,-74.0
1777892338.8133323,2.0,-4.0,-73.0
1777892338.8233323,3.0,-6.0,-78.0
1777892338.8333323,1.0,-2.0,-73.0
1777892338.8433323,-2.0,3.0,-82.0
1777892338.8533323,2.0,1.0,-80.0
1777892338.8633325,2.0,0.0,-72.0
1777892338.8733325,0.0,0.0,-74.0
1777892338.8833325,1.0,1.0,-76.0
1777892338.8933325,2.0,-2.0,-75.0
1777892338.9033325,-1.0,0.0,-72.0
1777892338.9133325,-2.0,-1.0,-77.0
1777892338.9233325,-2.0,2.0,-79.0
1777892338.9333324,0.0,0.0,-78.0
1777892338.9433324,2.0,-6.0,-78.0
1777892338.9533324,5.0,-6.0,-70.0
1777892338.9633324,1.0,-3.0,-65.0
1777892338.9733324,0.0,0.0,-72.0
1777892338.9833324,0.0,-2.0,-69.0
1777892338.9933324,-5.0,-4.0,-78.0
1777892339.0033324,-7.0,-4.0,-73.0
1777892339.0133324,-5.0,-1.0,-65.0
1777892339.0233324,-6.0,-1.0,-70.0
1777892339.0333323,-6.0,0.0,-67.0
1777892339.0433323,-3.0,0.0,-63.0
1777892339.0533323,-4.0,-3.0,-62.0
1777892339.0633323,-3.0,-7.0,-64.0
1777892339.0733323,-3.0,-4.0,-67.0
1777892339.0833323,3.0,-3.0,-62.0
1777892339.0933323,2.0,-2.0,-64.0
1777892339.1033323,3.0,-4.0,-70.0
1777892339.1133325,1.0,-4.0,-74.0
1777892339.1233325,1.0,0.0,-70.0
1777892339.1333325,2.0,0.0,-60.0
1777892339.1433325,4.0,0.0,-62.0
1777892339.1533325,2.0,-1.0,-61.0
1777892339.1633325,3.0,-2.0,-66.0
1777892339.1733325,1.0,-1.0,-62.0
1777892339.1833324,2.0,-6.0,-59.0
1777892339.1933324,3.0,-6.0,-67.0
1777892339.2033324,5.0,-5.0,-69.0
1777892339.2133324,3.0,-5.0,-71.0
1777892339.2233324,0.0,-3.0,-77.0
1777892339.2333324,-1.0,0.0,-81.0
1777892339.2433324,0.0,1.0,-81.0
1777892339.2533324,-1.0,3.0,-74.0
1777892339.2633324,-2.0,2.0,-72.0
1777892339.2733324,-2.0,-3.0,-70.0
1777892339.2833323,0.0,-8.0,-66.0
1777892339.2933323,5.0,-9.0,-66.0
1777892339.3023324,3.0,-8.0,-66.0
1777892339.3133323,6.0,-9.0,-67.0
1777892339.3233323,4.0,-10.0,-70.0
1777892339.3333323,5.0,-5.0,-75.0
1777892339.3433323,2.0,0.0,-74.0
1777892339.3533323,6.0,0.0,-71.0
1777892339.3633325,3.0,-2.0,-74.0
1777892339.3733325,3.0,-2.0,-75.0
1777892339.3833325,1.0,-1.0,-73.0
1777892339.3933325,2.0,1.0,-65.0
1777892339.4033325,0.0,2.0,-66.0
1777892339.4133325,5.0,2.0,-73.0
1777892339.4233325,3.0,0.0,-69.0
1777892339.4333324,1.0,2.0,-73.0
1777892339.4433324,2.0,3.0,-78.0
1777892339.4533324,1.0,6.0,-78.0
1777892339.4633324,3.0,6.0,-76.0
1777892339.4733324,4.0,4.0,-83.0
1777892339.4833324,3.0,1.0,-87.0
1777892339.4933324,-1.0,3.0,-85.0
1777892339.5033324,-2.0,0.0,-85.0
1777892339.5133324,-3.0,-1.0,-78.0
1777892339.5233324,-3.0,1.0,-78.0
1777892339.5333323,-6.0,2.0,-80.0
1777892339.5433323,-6.0,3.0,-82.0
1777892339.5533323,-1.0,6.0,-81.0
1777892339.5633323,-3.0,6.0,-80.0
1777892339.5733323,-2.0,2.0,-82.0
1777892339.5833323,-4.0,1.0,-83.0
1777892339.5933323,-3.0,4.0,-74.0
1777892339.6033323,1.0,0.0,-70.0
1777892339.6133325,4.0,-1.0,-67.0
1777892339.6233325,3.0,-1.0,-66.0
1777892339.6333325,1.0,0.0,-67.0
1777892339.6433325,3.0,2.0,-66.0
1777892339.6533325,-3.0,3.0,-70.0
1777892339.6633325,-1.0,3.0,-74.0
1777892339.6733325,-1.0,2.0,-77.0
1777892339.6833324,3.0,2.0,-80.0
1777892339.6933324,5.0,0.0,-74.0
1777892339.7033324,3.0,0.0,-68.0
1777892339.7133324,4.0,2.0,-70.0
1777892339.7233324,3.0,2.0,-70.0
1777892339.7333324,2.0,4.0,-72.0
1777892339.7433324,2.0,3.0,-70.0
1777892339.7533324,0.0,1.0,-69.0
1777892339.7633324,0.0,-1.0,-67.0
1777892339.7733324,1.0,-1.0,-67.0
1777892339.7833323,2.0,-3.0,-68.0
1777892339.7933323,-1.0,-1.0,-69.0
1777892339.8033323,-1.0,0.0,-75.0
1777892339.8133323,0.0,0.0,-74.0
1777892339.8233323,4.0,0.0,-70.0
1777892339.8333323,5.0,1.0,-74.0
1777892339.8433323,6.0,-2.0,-72.0
1777892339.8533323,5.0,0.0,-75.0
1777892339.8633325,1.0,-3.0,-74.0
1777892339.8733325,0.0,-2.0,-73.0
1777892339.8833325,5.0,0.0,-70.0
1777892339.8933325,7.0,-1.0,-76.0
1777892339.9033325,6.0,0.0,-71.0
1777892339.9133325,6.0,0.0,-78.0
1777892339.9233325,11.0,0.0,-74.0
1777892339.9333324,17.0,-1.0,-73.0
1777892339.9433324,11.0,0.0,-76.0
1777892339.9533324,8.0,0.0,-82.0
1777892339.9633324,7.0,1.0,-82.0
1777892339.9733324,1.0,4.0,-74.0
1777892339.9833324,-3.0,5.0,-74.0
1777892339.9933324,-2.0,1.0,-74.0
1777892340.0033324,-1.0,0.0,-70.0
1777892340.0133324,2.0,-1.0,-73.0
1777892340.0233324,8.0,2.0,-62.0
1777892340.0333323,8.0,2.0,-64.0
1777892340.0433323,3.0,2.0,-65.0
1777892340.0533323,2.0,-1.0,-59.0
1777892340.0633323,1.0,0.0,-53.0
1777892340.0733323,3.0,-2.0,-60.0
1777892340.0833323,4.0,-2.0,-62.0
1777892340.0933323,1.0,0.0,-75.0
1777892340.1033323,1.0,-1.0,-77.0
1777892340.1133325,3.0,-5.0,-77.0
1777892340.1233325,6.0,-5.0,-72.0
1777892340.1333325,10.0,-9.0,-76.0
1777892340.1433325,8.0,-9.0,-80.0
1777892340.1533325,3.0,-5.0,-71.0
1777892340.1633325,5.0,0.0,-71.0
1777892340.1733325,4.0,2.0,-70.0
1777892340.1833324,4.0,-2.0,-72.0
1777892340.1933324,0.0,-2.0,-78.0
1777892340.2033324,-1.0,-4.0,-79.0
1777892340.2133324,0.0,-3.0,-74.0
1777892340.2233324,-1.0,0.0,-69.0
1777892340.2333324,2.0,0.0,-67.0
1777892340.2433324,0.0,0.0,-69.0
1777892340.2533324,-3.0,0.0,-70.0
1777892340.2633324,4.0,2.0,-72.0
1777892340.2733324,-1.0,4.0,-74.0
1777892340.2833323,0.0,3.0,-76.0
1777892340.2933323,-1.0,-1.0,-71.0
1777892340.3033323,-2.0,1.0,-65.0
1777892340.3133323,0.0,-1.0,-68.0
1777892340.3233323,0.0,0.0,-65.0
1777892340.3333323,-3.0,-2.0,-63.0
1777892340.3433323,-2.0,-4.0,-69.0
1777892340.3533323,0.0,-3.0,-68.0
1777892340.3633325,-1.0,-6.0,-73.0
1777892340.3733325,0.0,-7.0,-75.0
1777892340.3833325,0.0,-7.0,-77.0
1777892340.3933325,1.0,-6.0,-71.0
1777892340.4033325,1.0,-5.0,-66.0
1777892340.4133325,1.0,-5.0,-67.0
1777892340.4233325,4.0,-2.0,-67.0
1777892340.4333324,4.0,-2.0,-74.0
1777892340.4433324,3.0,2.0,-79.0
1777892340.4533324,3.0,-2.0,-79.0
1777892340.4633324,4.0,-5.0,-73.0
1777892340.4733324,0.0,-6.0,-74.0
1777892340.4833324,1.0,-6.0,-75.0
1777892340.4933324,0.0,-3.0,-70.0
1777892340.5033324,1.0,-5.0,-72.0
1777892340.5133324,7.0,-3.0,-68.0
1777892340.5233324,2.0,1.0,-72.0
1777892340.5333323,2.0,5.0,-69.0
1777892340.5433323,4.0,5.0,-76.0
1777892340.5533323,5.0,3.0,-77.0
1777892340.5633323,3.0,4.0,-80.0
1777892340.5733323,0.0,5.0,-82.0
1777892340.5833323,0.0,2.0,-83.0
1777892340.5943325,2.0,1.0,-79.0
1777892340.6043324,1.0,0.0,-79.0
1777892340.6143324,5.0,2.0,-79.0
1777892340.6243324,3.0,2.0,-79.0
1777892340.6343324,2.0,0.0,-80.0
1777892340.6443324,5.0,1.0,-71.0
1777892340.6543324,7.0,0.0,-72.0
1777892340.6643324,8.0,0.0,-77.0
1777892340.6743324,11.0,0.0,-76.0
1777892340.6843324,8.0,1.0,-78.0
1777892340.6943324,7.0,1.0,-74.0
1777892340.7043324,2.0,4.0,-67.0
1777892340.7143323,5.0,5.0,-64.0
1777892340.7243323,1.0,6.0,-66.0
1777892340.7343323,1.0,3.0,-74.0
1777892340.7443323,1.0,5.0,-77.0
1777892340.7543323,1.0,2.0,-79.0
1777892340.7643323,1.0,1.0,-79.0
1777892340.7743323,-2.0,-3.0,-79.0
1777892340.7843325,0.0,-2.0,-81.0
1777892340.7943325,0.0,0.0,-81.0
1777892340.8043325,3.0,2.0,-78.0
1777892340.8143325,2.0,0.0,-72.0
1777892340.8243325,1.0,-1.0,-78.0
1777892340.8343325,-2.0,-2.0,-75.0
1777892340.8443325,-3.0,-3.0,-64.0
1777892340.8543324,-4.0,0.0,-63.0
1777892340.8643324,0.0,-4.0,-66.0
1777892340.8743324,0.0,0.0,-67.0
1777892340.8843324,0.0,5.0,-67.0
1777892340.8943324,0.0,7.0,-69.0
1777892340.9043324,0.0,3.0,-69.0
1777892340.9143324,1.0,2.0,-77.0
1777892340.9243324,-2.0,-2.0,-73.0
1777892340.9343324,0.0,-3.0,-68.0
1777892340.9443324,0.0,-5.0,-64.0
1777892340.9543324,3.0,-4.0,-62.0
1777892340.9643323,4.0,0.0,-66.0
1777892340.9743323,1.0,0.0,-65.0
1777892340.9843323,-1.0,-3.0,-65.0
1777892340.9943323,0.0,-5.0,-65.0
1777892341.0043323,0.0,-3.0,-70.0
1777892341.0143323,-5.0,-7.0,-64.0
1777892341.0243323,-3.0,-3.0,-66.0
1777892341.0343325,2.0,-3.0,-68.0
1777892341.0443325,1.0,-6.0,-75.0
1777892341.0543325,2.0,-1.0,-74.0
1777892341.0643325,1.0,1.0,-77.0
1777892341.0743325,1.0,4.0,-75.0
1777892341.0843325,1.0,0.0,-69.0
1777892341.0943325,4.0,0.0,-66.0
1777892341.1043324,0.0,3.0,-72.0
1777892341.1143324,4.0,9.0,-73.0
1777892341.1243324,3.0,9.0,-73.0
1777892341.1343324,6.0,8.0,-76.0
1777892341.1443324,5.0,6.0,-74.0
1777892341.1543324,4.0,5.0,-74.0
1777892341.1643324,2.0,5.0,-74.0
1777892341.1743324,0.0,6.0,-74.0
1777892341.1843324,-5.0,3.0,-75.0
1777892341.1943324,-4.0,2.0,-75.0
1777892341.2043324,-3.0,4.0,-75.0
1777892341.2143323,-1.0,2.0,-76.0
1777892341.2243323,1.0,0.0,-78.0
1777892341.2343323,0.0,0.0,-79.0
1777892341.2443323,4.0,-2.0,-78.0
1777892341.2543323,6.0,0.0,-78.0
1777892341.2643323,9.0,0.0,-76.0
1777892341.2743323,12.0,-3.0,-74.0
1777892341.2843325,12.0,0.0,-74.0
1777892341.2943325,8.0,1.0,-67.0
1777892341.3043325,5.0,7.0,-65.0
1777892341.3143325,2.0,3.0,-67.0
1777892341.3243325,2.0,1.0,-73.0
1777892341.3343325,1.0,0.0,-80.0
1777892341.3443325,0.0,1.0,-83.0
1777892341.3543324,2.0,-2.0,-82.0
1777892341.3643324,6.0,-3.0,-77.0
1777892341.3743324,10.0,-1.0,-84.0
1777892341.3843324,13.0,-1.0,-77.0
1777892341.3943324,10.0,-1.0,-74.0
1777892341.4043324,10.0,-2.0,-72.0
1777892341.4143324,11.0,-1.0,-73.0
1777892341.4243324,8.0,-3.0,-71.0
1777892341.4343324,5.0,-6.0,-74.0
1777892341.4443324,5.0,-4.0,-71.0
1777892341.4553325,4.0,4.0,-69.0
1777892341.4643323,5.0,5.0,-68.0
1777892341.4743323,4.0,4.0,-65.0
1777892341.4843323,5.0,1.0,-54.0
1777892341.4943323,6.0,4.0,-56.0
1777892341.5043323,6.0,0.0,-53.0
1777892341.5143323,7.0,2.0,-58.0
1777892341.5243323,1.0,5.0,-61.0
1777892341.5343325,-2.0,5.0,-65.0
1777892341.5443325,-4.0,6.0,-62.0
1777892341.5543325,-7.0,4.0,-62.0
1777892341.5643325,-5.0,-1.0,-72.0
1777892341.5743325,0.0,-8.0,-73.0
1777892341.5843325,0.0,-3.0,-80.0
1777892341.5943325,1.0,-4.0,-76.0
1777892341.6043324,1.0,-6.0,-77.0
1777892341.6143324,5.0,-3.0,-76.0
1777892341.6243324,0.0,0.0,-73.0
1777892341.6343324,0.0,1.0,-70.0
1777892341.6443324,0.0,0.0,-59.0
1777892341.6543324,-1.0,-3.0,-60.0
1777892341.6643324,-1.0,-1.0,-62.0
1777892341.6743324,-2.0,1.0,-68.0
1777892341.6843324,0.0,0.0,-73.0
1777892341.6943324,3.0,2.0,-78.0
1777892341.7043324,1.0,1.0,-72.0
1777892341.7143323,0.0,-1.0,-68.0
1777892341.7243323,-2.0,-2.0,-65.0
1777892341.7343323,-1.0,2.0,-71.0
1777892341.7443323,-4.0,2.0,-69.0
1777892341.7543323,-2.0,3.0,-68.0
1777892341.7643323,0.0,-2.0,-69.0
1777892341.7743323,1.0,-2.0,-70.0
1777892341.7843325,6.0,-4.0,-70.0
1777892341.7943325,8.0,-6.0,-68.0
1777892341.8043325,7.0,-6.0,-63.0
1777892341.8143325,3.0,0.0,-74.0
1777892341.8243325,3.0,2.0,-75.0
1777892341.8343325,-1.0,0.0,-71.0
1777892341.8443325,-5.0,-1.0,-67.0
1777892341.8543324,-7.0,-2.0,-66.0
1777892341.8643324,-8.0,1.0,-64.0
1777892341.8743324,-9.0,-1.0,-61.0
1777892341.8843324,-4.0,-3.0,-62.0
1777892341.8943324,-3.0,-2.0,-64.0
1777892341.9043324,-2.0,0.0,-68.0
1777892341.9143324,2.0,-1.0,-66.0
1777892341.9243324,-1.0,1.0,-68.0
1777892341.9343324,0.0,2.0,-63.0
1777892341.9443324,-3.0,0.0,-63.0
1777892341.9543324,1.0,0.0,-74.0
1777892341.9643323,3.0,-2.0,-75.0
1777892341.9743323,2.0,0.0,-78.0
1777892341.9843323,3.0,0.0,-78.0
1777892341.9943323,0.0,-2.0,-81.0
1777892342.0043323,2.0,-3.0,-72.0
1777892342.0143323,2.0,-1.0,-64.0
1777892342.0243323,0.0,-2.0,-70.0
1777892342.0343325,7.0,-1.0,-70.0
1777892342.0443325,6.0,-3.0,-70.0
1777892342.0543325,2.0,-3.0,-66.0
1777892342.0643325,-1.0,-1.0,-70.0
1777892342.0743325,0.0,0.0,-72.0
1777892342.0843325,1.0,-2.0,-71.0
1777892342.0943325,1.0,-3.0,-70.0
1777892342.1043324,2.0,-2.0,-67.0
1777892342.1143324,0.0,-4.0,-68.0
1777892342.1243324,-4.0,-7.0,-74.0
1777892342.1343324,-2.0,-9.0,-69.0
1777892342.1443324,0.0,-3.0,-61.0
1777892342.1543324,1.0,0.0,-58.0
1777892342.1643324,1.0,-3.0,-63.0
1777892342.1743324,6.0,0.0,-66.0
1777892342.1843324,7.0,1.0,-69.0
1777892342.1943324,5.0,0.0,-72.0
1777892342.2043324,2.0,-3.0,-73.0
1777892342.2143323,-1.0,-4.0,-70.0
1777892342.2243323,-4.0,-6.0,-70.0
1777892342.2343323,0.0,-2.0,-69.0
1777892342.2443323,-1.0,-2.0,-68.0
1777892342.2543323,0.0,-1.0,-66.0
1777892342.2643323,-1.0,1.0,-70.0
1777892342.2743323,2.0,-2.0,-72.0
1777892342.2843325,1.0,0.0,-71.0
1777892342.2943325,0.0,1.0,-73.0
1777892342.3043325,1.0,-2.0,-74.0
1777892342.3143325,-1.0,-1.0,-68.0
1777892342.3243325,-5.0,-3.0,-69.0
1777892342.3343325,-4.0,-5.0,-73.0
1777892342.3443325,-8.0,-5.0,-75.0
1777892342.3543324,-7.0,-3.0,-73.0
1777892342.3643324,-6.0,-4.0,-76.0
1777892342.3743324,0.0,-9.0,-71.0
1777892342.3843324,0.0,-13.0,-69.0
1777892342.3943324,0.0,-12.0,-68.0
1777892342.4043324,-3.0,-7.0,-68.0
1777892342.4143324,-3.0,-8.0,-76.0
1777892342.4243324,-1.0,-9.0,-72.0
1777892342.4343324,0.0,-10.0,-83.0
1777892342.4443324,0.0,-5.0,-83.0
1777892342.4543324,1.0,-2.0,-78.0
1777892342.4643323,0.0,-1.0,-76.0
1777892342.4743323,-2.0,-3.0,-76.0
1777892342.4843323,1.0,-5.0,-74.0
1777892342.4943323,-5.0,-7.0,-72.0
1777892342.5043323,-1.0,0.0,-68.0
1777892342.5143323,-1.0,0.0,-68.0
1777892342.5243323,-8.0,0.0,-73.0
1777892342.5343325,-5.0,-1.0,-77.0
1777892342.5453324,-1.0,-2.0,-81.0
1777892342.5543325,7.0,-4.0,-84.0
1777892342.5643325,7.0,-3.0,-79.0
1777892342.5743325,4.0,-6.0,-77.0
1777892342.5843325,3.0,-4.0,-79.0
1777892342.5943325,4.0,-1.0,-76.0
1777892342.6053324,0.0,0.0,-79.0
1777892342.6143324,0.0,-1.0,-76.0
1777892342.6243324,0.0,0.0,-82.0
1777892342.6353323,2.0,0.0,-84.0
1777892342.6453323,-1.0,0.0,-82.0
1777892342.6553323,-2.0,0.0,-77.0
1777892342.6653323,1.0,0.0,-77.0
1777892342.6753323,4.0,1.0,-77.0
1777892342.6853323,2.0,2.0,-74.0
1777892342.6953323,-1.0,2.0,-81.0
1777892342.7053325,2.0,6.0,-70.0
1777892342.7153325,4.0,5.0,-67.0
1777892342.7253325,6.0,5.0,-63.0
1777892342.7353325,6.0,5.0,-62.0
1777892342.7453325,6.0,2.0,-60.0
1777892342.7553325,8.0,0.0,-63.0
1777892342.7653325,6.0,-3.0,-62.0
1777892342.7753325,6.0,-6.0,-57.0
1777892342.7853324,4.0,-8.0,-52.0
1777892342.7953324,4.0,-4.0,-58.0
1777892342.8053324,4.0,-6.0,-65.0
1777892342.8153324,3.0,-6.0,-65.0
1777892342.8253324,2.0,-3.0,-67.0
1777892342.8353324,0.0,-2.0,-64.0
1777892342.8453324,0.0,-1.0,-60.0
1777892342.8553324,3.0,-5.0,-63.0
1777892342.8653324,5.0,-1.0,-64.0
1777892342.8753324,7.0,1.0,-66.0
1777892342.8853323,6.0,-1.0,-65.0
1777892342.8953323,7.0,-4.0,-64.0
1777892342.9053323,4.0,-7.0,-69.0
1777892342.9153323,2.0,-8.0,-60.0
1777892342.9253323,1.0,-5.0,-60.0
1777892342.9353323,2.0,-3.0,-63.0
1777892342.9453323,5.0,-1.0,-65.0
1777892342.9553325,3.0,-1.0,-64.0
1777892342.9653325,2.0,-2.0,-61.0
1777892342.9753325,1.0,3.0,-58.0
1777892342.9853325,1.0,2.0,-64.0
1777892342.9953325,2.0,3.0,-69.0
1777892343.0053325,-2.0,0.0,-68.0
1777892343.0153325,0.0,0.0,-74.0
1777892343.0253325,5.0,-2.0,-69.0
1777892343.0353324,4.0,-1.0,-63.0
1777892343.0453324,4.0,-1.0,-62.0
1777892343.0553324,2.0,3.0,-69.0
1777892343.0653324,1.0,2.0,-77.0
1777892343.0753324,4.0,1.0,-69.0
1777892343.0853324,5.0,0.0,-63.0
1777892343.0953324,7.0,-2.0,-68.0
1777892343.1053324,8.0,-5.0,-71.0
1777892343.1153324,5.0,-10.0,-71.0
1777892343.1253324,1.0,-8.0,-65.0
1777892343.1353323,2.0,-6.0,-66.0
1777892343.1453323,0.0,-6.0,-67.0
1777892343.1553323,1.0,-1.0,-67.0
1777892343.1653323,5.0,-2.0,-67.0
1777892343.1753323,4.0,-2.0,-68.0
1777892343.1853323,3.0,-1.0,-71.0
1777892343.1953323,4.0,-1.0,-68.0
1777892343.2053325,-3.0,-3.0,-79.0
1777892343.2153325,-1.0,-4.0,-74.0
1777892343.2253325,1.0,-3.0,-77.0
1777892343.2353325,0.0,-2.0,-80.0
1777892343.2453325,0.0,-5.0,-75.0
1777892343.2553325,0.0,-6.0,-68.0
1777892343.2653325,0.0,0.0,-71.0
1777892343.2753325,1.0,0.0,-70.0
1777892343.2853324,1.0,-1.0,-70.0
1777892343.2953324,1.0,-3.0,-68.0
1777892343.3053324,0.0,-1.0,-71.0
1777892343.3153324,2.0,-2.0,-66.0
1777892343.3253324,-1.0,0.0,-63.0
1777892343.3353324,-4.0,4.0,-68.0
1777892343.3453324,0.0,2.0,-66.0
1777892343.3553324,4.0,2.0,-68.0
1777892343.3653324,8.0,0.0,-72.0
1777892343.3753324,16.0,-1.0,-76.0
1777892343.3853323,10.0,-1.0,-69.0
1777892343.3953323,6.0,-4.0,-67.0
1777892343.4053323,4.0,-2.0,-75.0
1777892343.4153323,0.0,-2.0,-72.0
1777892343.4253323,-4.0,0.0,-73.0
1777892343.4353323,-2.0,2.0,-68.0
1777892343.4453323,2.0,0.0,-62.0
1777892343.4553325,1.0,-1.0,-63.0
1777892343.4653325,0.0,-4.0,-63.0
1777892343.4753325,0.0,-1.0,-69.0
1777892343.4853325,-1.0,-2.0,-72.0
1777892343.4953325,-7.0,-3.0,-68.0
1777892343.5053325,-6.0,-4.0,-70.0
1777892343.5153325,-6.0,-4.0,-77.0
1777892343.5253325,-7.0,-7.0,-76.0
1777892343.5353324,-7.0,-5.0,-76.0
1777892343.5453324,-3.0,-3.0,-68.0
1777892343.5553324,0.0,0.0,-60.0
1777892343.5653324,3.0,1.0,-52.0
1777892343.5753324,1.0,0.0,-56.0
1777892343.5853324,2.0,-2.0,-65.0
1777892343.5953324,-1.0,1.0,-66.0
1777892343.6053324,-4.0,-3.0,-69.0
1777892343.6153324,-5.0,0.0,-66.0
1777892343.6253324,-3.0,-3.0,-68.0
1777892343.6353323,-6.0,0.0,-66.0
1777892343.6453323,-4.0,0.0,-69.0
1777892343.6553323,0.0,-1.0,-67.0
1777892343.6653323,1.0,-2.0,-73.0
1777892343.6753323,4.0,-2.0,-78.0
1777892343.6853323,7.0,-3.0,-79.0
1777892343.6953323,0.0,0.0,-75.0
1777892343.7053325,-3.0,0.0,-74.0
1777892343.7153325,0.0,-1.0,-71.0
1777892343.7253325,3.0,2.0,-75.0
1777892343.7353325,4.0,4.0,-73.0
1777892343.7453325,8.0,7.0,-67.0
1777892343.7553325,9.0,2.0,-64.0
1777892343.7653325,7.0,-2.0,-57.0
1777892343.7753325,7.0,0.0,-57.0
1777892343.7853324,3.0,-4.0,-63.0
1777892343.7953324,4.0,-5.0,-63.0
1777892343.8053324,0.0,-3.0,-61.0
1777892343.8153324,3.0,-3.0,-65.0
1777892343.8253324,5.0,-7.0,-64.0
1777892343.8353324,1.0,-5.0,-68.0
1777892343.8453324,3.0,-2.0,-72.0
1777892343.8553324,6.0,-3.0,-71.0
1777892343.8653324,6.0,-2.0,-70.0
1777892343.8753324,6.0,-4.0,-68.0
1777892343.8853323,1.0,-2.0,-70.0
1777892343.8953323,2.0,-4.0,-75.0
1777892343.9053323,0.0,-5.0,-73.0
1777892343.9153323,-1.0,-8.0,-68.0
1777892343.9253323,-2.0,-4.0,-68.0
1777892343.9353323,-2.0,2.0,-67.0
1777892343.9453323,0.0,0.0,-68.0
1777892343.9553325,2.0,0.0,-68.0
1777892343.9653325,0.0,0.0,-69.0
1777892343.9753325,0.0,-1.0,-72.0
1777892343.9853325,0.0,0.0,-71.0
1777892343.9953325,2.0,1.0,-73.0
1777892344.0053325,1.0,1.0,-78.0
1777892344.0153325,4.0,3.0,-73.0
1777892344.0253325,7.0,4.0,-72.0
1777892344.0353324,4.0,4.0,-72.0
1777892344.0453324,3.0,5.0,-63.0
1777892344.0553324,3.0,2.0,-69.0
1777892344.0653324,6.0,-2.0,-68.0
1777892344.0753324,4.0,0.0,-67.0
1777892344.0853324,2.0,0.0,-65.0
1777892344.0953324,0.0,-3.0,-65.0
1777892344.1053324,-3.0,-2.0,-66.0
1777892344.1153324,-2.0,0.0,-69.0
1777892344.1253324,-4.0,1.0,-64.0
1777892344.1353323,2.0,-1.0,-67.0
1777892344.1453323,5.0,-4.0,-68.0
1777892344.1553323,6.0,-3.0,-67.0
1777892344.1653323,5.0,-5.0,-70.0
1777892344.1753323,-1.0,-1.0,-72.0
1777892344.1853323,-1.0,-2.0,-71.0
1777892344.1953323,0.0,0.0,-72.0
1777892344.2053325,-1.0,0.0,-74.0
1777892344.2153325,1.0,7.0,-70.0
1777892344.2253325,0.0,6.0,-71.0
1777892344.2353325,0.0,7.0,-72.0
1777892344.2453325,-4.0,4.0,-69.0
1777892344.2553325,-8.0,5.0,-61.0
1777892344.2653325,-7.0,7.0,-61.0
1777892344.2753325,-6.0,7.0,-61.0
1777892344.2853324,-7.0,4.0,-60.0
1777892344.2953324,-4.0,1.0,-61.0
1777892344.3053324,0.0,0.0,-66.0
1777892344.3153324,-2.0,1.0,-71.0
1777892344.3253324,-5.0,0.0,-79.0
1777892344.3353324,-3.0,0.0,-79.0
1777892344.3453324,-1.0,2.0,-80.0
1777892344.3553324,3.0,3.0,-78.0
1777892344.3653324,1.0,1.0,-83.0
1777892344.3753324,-1.0,-2.0,-78.0
1777892344.3853323,2.0,2.0,-80.0
1777892344.3953323,1.0,4.0,-84.0
1777892344.4053323,1.0,3.0,-81.0
1777892344.4153323,-1.0,4.0,-81.0
1777892344.4253323,0.0,2.0,-84.0
1777892344.4353323,-1.0,1.0,-78.0
1777892344.4453323,0.0,2.0,-80.0
1777892344.4553325,3.0,3.0,-81.0
1777892344.4653325,1.0,3.0,-77.0
1777892344.4753325,2.0,3.0,-83.0
1777892344.4853325,0.0,1.0,-73.0
1777892344.4953325,-5.0,1.0,-70.0
1777892344.5053325,-5.0,1.0,-65.0
1777892344.5153325,-4.0,0.0,-59.0
1777892344.5253325,0.0,0.0,-62.0
1777892344.5353324,-2.0,1.0,-65.0
1777892344.5453324,-3.0,2.0,-69.0
1777892344.5553324,-7.0,5.0,-75.0
1777892344.5653324,-5.0,8.0,-75.0
1777892344.5753324,-6.0,2.0,-78.0
1777892344.5863323,-4.0,0.0,-77.0
1777892344.5963323,-1.0,0.0,-77.0
1777892344.6063323,0.0,-3.0,-77.0
1777892344.6163323,-1.0,-3.0,-70.0
1777892344.6263323,1.0,-5.0,-75.0
1777892344.6363325,2.0,-6.0,-68.0
1777892344.6463325,2.0,-4.0,-66.0
1777892344.6563325,3.0,-1.0,-65.0
1777892344.6663325,4.0,-3.0,-61.0
1777892344.6763325,7.0,0.0,-62.0
1777892344.6863325,6.0,3.0,-67.0
1777892344.6963325,6.0,-1.0,-63.0
1777892344.7063324,6.0,-5.0,-62.0
1777892344.7163324,5.0,-8.0,-67.0
1777892344.7263324,6.0,-4.0,-71.0
1777892344.7363324,3.0,-2.0,-67.0
1777892344.7463324,2.0,-2.0,-75.0
1777892344.7563324,6.0,-7.0,-79.0
1777892344.7663324,0.0,-6.0,-77.0
1777892344.7763324,0.0,-4.0,-70.0
1777892344.7863324,3.0,-2.0,-62.0
1777892344.7963324,-1.0,-2.0,-56.0
1777892344.8063323,-1.0,1.0,-60.0
1777892344.8163323,0.0,0.0,-60.0
1777892344.8263323,0.0,4.0,-63.0
1777892344.8363323,0.0,1.0,-65.0
1777892344.8463323,-2.0,0.0,-68.0
1777892344.8563323,-2.0,-2.0,-70.0
1777892344.8663323,-2.0,1.0,-67.0
1777892344.8763323,-6.0,1.0,-67.0
1777892344.8863325,-6.0,-3.0,-70.0
1777892344.8963325,-5.0,1.0,-75.0
1777892344.9063325,-2.0,-1.0,-78.0
1777892344.9163325,1.0,-3.0,-73.0
1777892344.9263325,3.0,-1.0,-68.0
1777892344.9363325,6.0,-1.0,-67.0
1777892344.9463325,0.0,-2.0,-64.0
1777892344.9563324,-1.0,-4.0,-62.0
1777892344.9663324,2.0,-5.0,-64.0
1777892344.9763324,6.0,-4.0,-63.0
1777892344.9863324,6.0,-4.0,-73.0
1777892344.9963324,2.0,0.0,-75.0
1777892345.0063324,2.0,-2.0,-68.0
1777892345.0163324,1.0,-4.0,-64.0
1777892345.0263324,-1.0,-7.0,-59.0
1777892345.0363324,-2.0,-5.0,-61.0
1777892345.0463324,-1.0,-5.0,-65.0
1777892345.0563323,-6.0,-6.0,-67.0
1777892345.0663323,-4.0,-8.0,-73.0
1777892345.0763323,-2.0,-6.0,-66.0
1777892345.0863323,-2.0,-3.0,-66.0
1777892345.0963323,-4.0,-2.0,-62.0
1777892345.1063323,0.0,-2.0,-64.0
1777892345.1163323,0.0,-5.0,-63.0
1777892345.1263323,0.0,-5.0,-63.0
1777892345.1363325,3.0,-7.0,-66.0
1777892345.1463325,7.0,-7.0,-72.0
1777892345.1563325,7.0,-5.0,-76.0
1777892345.1663325,4.0,-1.0,-68.0
1777892345.1763325,-1.0,-3.0,-70.0
1777892345.1863325,-7.0,-2.0,-67.0
1777892345.1963325,-8.0,0.0,-66.0
1777892345.2063324,-3.0,3.0,-72.0
1777892345.2163324,-3.0,0.0,-73.0
1777892345.2263324,0.0,0.0,-75.0
1777892345.2363324,-5.0,2.0,-72.0
1777892345.2463324,-5.0,1.0,-78.0
1777892345.2563324,-1.0,-2.0,-80.0
1777892345.2663324,0.0,-2.0,-86.0
1777892345.2763324,2.0,-3.0,-75.0
1777892345.2863324,1.0,-1.0,-68.0
1777892345.2963324,4.0,0.0,-64.0
1777892345.3063323,0.0,2.0,-65.0
1777892345.3163323,0.0,0.0,-68.0
1777892345.3263323,3.0,-5.0,-66.0
1777892345.3363323,0.0,-1.0,-68.0
1777892345.3463323,2.0,-2.0,-64.0
1777892345.3563323,3.0,-2.0,-69.0
1777892345.3663323,0.0,-5.0,-70.0
1777892345.3763323,0.0,-5.0,-70.0
1777892345.3863325,1.0,-1.0,-75.0
1777892345.3963325,3.0,1.0,-73.0
1777892345.4063325,2.0,4.0,-70.0
1777892345.4163325,4.0,3.0,-66.0
1777892345.4263325,1.0,0.0,-63.0
1777892345.4363325,-2.0,-5.0,-64.0
1777892345.4463325,-7.0,-2.0,-66.0
1777892345.4563324,-5.0,-4.0,-74.0
1777892345.4663324,-4.0,-6.0,-78.0
1777892345.4763324,-3.0,-4.0,-83.0
1777892345.4863324,1.0,-2.0,-87.0
1777892345.4963324,0.0,-1.0,-77.0
1777892345.5063324,2.0,-3.0,-78.0
1777892345.5163324,4.0,-3.0,-74.0
1777892345.5263324,9.0,-6.0,-69.0
1777892345.5363324,5.0,-6.0,-69.0
1777892345.5463324,5.0,-8.0,-75.0
1777892345.5563323,12.0,-5.0,-75.0
1777892345.5663323,7.0,-4.0,-77.0
1777892345.5763323,4.0,-5.0,-78.0
1777892345.5863323,5.0,-4.0,-74.0
1777892345.5963323,3.0,-2.0,-74.0
1777892345.6063323,7.0,0.0,-79.0
1777892345.6163323,5.0,0.0,-83.0
1777892345.6263323,7.0,-6.0,-84.0
1777892345.6363325,8.0,-9.0,-75.0
1777892345.6463325,5.0,-5.0,-69.0
1777892345.6563325,5.0,-2.0,-73.0
1777892345.6663325,4.0,-6.0,-68.0
1777892345.6763325,5.0,-2.0,-69.0
1777892345.6863325,0.0,-1.0,-69.0
1777892345.6963325,4.0,-2.0,-68.0
1777892345.7063324,0.0,-4.0,-67.0
1777892345.7163324,0.0,-5.0,-66.0
1777892345.7263324,1.0,-6.0,-70.0
1777892345.7363324,4.0,-3.0,-73.0
1777892345.7463324,4.0,-6.0,-73.0
1777892345.7563324,7.0,-6.0,-73.0
1777892345.7663324,2.0,-3.0,-80.0
1777892345.7763324,5.0,-4.0,-78.0
1777892345.7863324,4.0,0.0,-76.0
1777892345.7963324,3.0,-3.0,-74.0
1777892345.8063323,5.0,-2.0,-62.0
1777892345.8163323,6.0,-2.0,-58.0
1777892345.8263323,5.0,-3.0,-66.0
1777892345.8363323,-1.0,-4.0,-70.0
1777892345.8463323,-4.0,-5.0,-72.0
1777892345.8563323,-1.0,-7.0,-73.0
1777892345.8663323,4.0,-7.0,-69.0
1777892345.8763323,7.0,-6.0,-68.0
1777892345.8863325,8.0,-4.0,-64.0
1777892345.8963325,10.0,-8.0,-60.0
1777892345.9063325,10.0,-8.0,-59.0
1777892345.9163325,7.0,-7.0,-59.0
1777892345.9263325,6.0,-7.0,-65.0
1777892345.9363325,7.0,0.0,-68.0
1777892345.9463325,7.0,-2.0,-73.0
1777892345.9563324,6.0,-8.0,-74.0
1777892345.9663324,7.0,-5.0,-80.0
1777892345.9763324,11.0,-3.0,-76.0
1777892345.9863324,11.0,3.0,-70.0
1777892345.9963324,9.0,6.0,-68.0
1777892346.0063324,8.0,-1.0,-64.0
1777892346.0163324,3.0,-3.0,-68.0
1777892346.0263324,4.0,-3.0,-71.0
1777892346.0363324,0.0,-5.0,-70.0
1777892346.0463324,-1.0,-8.0,-63.0
1777892346.0563323,-5.0,-7.0,-60.0
1777892346.0663323,-3.0,-1.0,-62.0
1777892346.0763323,-3.0,0.0,-67.0
1777892346.0863323,-6.0,0.0,-65.0
1777892346.0963323,0.0,0.0,-57.0
1777892346.1063323,-2.0,-2.0,-63.0
1777892346.1163323,-5.0,-4.0,-64.0
1777892346.1263323,-6.0,-1.0,-63.0
1777892346.1363325,-5.0,-4.0,-62.0
1777892346.1463325,-2.0,-1.0,-61.0
1777892346.1563325,2.0,-2.0,-67.0
1777892346.1663325,2.0,-1.0,-63.0
1777892346.1763325,-3.0,-1.0,-58.0
1777892346.1863325,-7.0,3.0,-61.0
1777892346.1963325,-9.0,2.0,-69.0
1777892346.2063324,-9.0,3.0,-72.0
1777892346.2163324,-8.0,0.0,-74.0
1777892346.2263324,-9.0,0.0,-70.0
1777892346.2363324,-7.0,0.0,-73.0
1777892346.2463324,-3.0,0.0,-70.0
1777892346.2563324,0.0,5.0,-75.0
1777892346.2663324,0.0,4.0,-66.0
1777892346.2763324,0.0,1.0,-70.0
1777892346.2863324,0.0,0.0,-71.0
1777892346.2963324,0.0,2.0,-78.0
1777892346.3063323,-3.0,3.0,-81.0
1777892346.3163323,-4.0,5.0,-77.0
1777892346.3263323,0.0,6.0,-71.0
1777892346.3363323,1.0,5.0,-72.0
1777892346.3463323,1.0,1.0,-70.0
1777892346.3563323,0.0,3.0,-69.0
1777892346.3663323,3.0,5.0,-63.0
1777892346.3763323,4.0,4.0,-67.0
1777892346.3863325,6.0,1.0,-69.0
1777892346.3963325,7.0,1.0,-63.0
1777892346.4063325,4.0,1.0,-69.0
1777892346.4163325,-1.0,-3.0,-69.0
1777892346.4263325,2.0,0.0,-70.0
1777892346.4363325,2.0,0.0,-68.0
1777892346.4463325,5.0,0.0,-64.0
1777892346.4563324,5.0,3.0,-60.0
1777892346.4663324,6.0,5.0,-56.0
1777892346.4763324,1.0,5.0,-61.0
1777892346.4863324,1.0,4.0,-65.0
1777892346.4963324,1.0,4.0,-66.0
1777892346.5063324,0.0,0.0,-65.0
1777892346.5163324,-4.0,-2.0,-65.0
1777892346.5263324,-2.0,-2.0,-56.0
1777892346.5363324,0.0,-7.0,-61.0
1777892346.5463324,0.0,-6.0,-56.0
1777892346.5563323,-3.0,-5.0,-64.0
1777892346.5673325,-3.0,-6.0,-62.0
1777892346.5773325,-3.0,-4.0,-61.0
1777892346.5873325,-1.0,-1.0,-65.0
1777892346.5963323,0.0,0.0,-72.0
1777892346.6073325,4.0,0.0,-67.0
1777892346.6173325,4.0,-2.0,-65.0
1777892346.6273324,3.0,-3.0,-63.0
1777892346.6373324,6.0,-3.0,-66.0
1777892346.6473324,2.0,-6.0,-67.0
1777892346.6573324,0.0,-8.0,-69.0
1777892346.6673324,2.0,-8.0,-68.0
1777892346.6773324,-3.0,-7.0,-67.0
1777892346.6873324,-1.0,-7.0,-70.0
1777892346.6973324,0.0,-5.0,-68.0
1777892346.7073324,-2.0,-7.0,-68.0
1777892346.7173324,4.0,-3.0,-63.0
1777892346.7273324,2.0,1.0,-67.0
1777892346.7373323,4.0,1.0,-71.0
1777892346.7473323,4.0,3.0,-69.0
1777892346.7573323,4.0,3.0,-72.0
1777892346.7673323,1.0,0.0,-71.0
1777892346.7773323,2.0,-3.0,-74.0
1777892346.7873323,3.0,-7.0,-73.0
1777892346.7973323,1.0,-8.0,-75.0
1777892346.8073325,0.0,-5.0,-72.0
1777892346.8173325,-1.0,-5.0,-68.0
1777892346.8273325,-1.0,-3.0,-66.0
1777892346.8373325,-1.0,-4.0,-69.0
1777892346.8473325,1.0,-2.0,-74.0
1777892346.8573325,0.0,-4.0,-66.0
1777892346.8673325,-2.0,-3.0,-69.0
1777892346.8773324,-3.0,-2.0,-70.0
1777892346.8873324,-5.0,2.0,-67.0
1777892346.8973324,-4.0,0.0,-66.0
1777892346.9073324,-1.0,-1.0,-68.0
1777892346.9173324,1.0,-2.0,-69.0
1777892346.9273324,1.0,-3.0,-67.0
1777892346.9373324,0.0,-4.0,-65.0
1777892346.9473324,-2.0,-3.0,-66.0
1777892346.9573324,-6.0,-3.0,-67.0
1777892346.9673324,-7.0,-2.0,-65.0
1777892346.9773324,-4.0,0.0,-64.0
1777892346.9873323,-1.0,-3.0,-60.0
1777892346.9973323,-4.0,-2.0,-64.0
1777892347.0073323,4.0,-3.0,-68.0
1777892347.0173323,8.0,-4.0,-73.0
1777892347.0273323,9.0,-6.0,-73.0
1777892347.0373323,6.0,0.0,-72.0
1777892347.0473323,8.0,0.0,-65.0
1777892347.0573325,9.0,0.0,-59.0
1777892347.0673325,7.0,-1.0,-65.0
1777892347.0773325,7.0,0.0,-74.0
1777892347.0873325,4.0,0.0,-74.0
1777892347.0973325,3.0,-1.0,-77.0
1777892347.1073325,3.0,-3.0,-77.0
1777892347.1173325,1.0,-2.0,-75.0
1777892347.1273324,2.0,-2.0,-75.0
1777892347.1373324,2.0,-4.0,-72.0
1777892347.1473324,2.0,-5.0,-67.0
1777892347.1573324,7.0,-10.0,-68.0
1777892347.1673324,4.0,-10.0,-66.0
1777892347.1773324,8.0,-6.0,-61.0
1777892347.1873324,8.0,-2.0,-68.0
1777892347.1973324,2.0,-11.0,-69.0
1777892347.2073324,-3.0,-12.0,-67.0
1777892347.2173324,0.0,-9.0,-70.0
1777892347.2273324,-3.0,-4.0,-68.0
1777892347.2373323,-4.0,-3.0,-63.0
1777892347.2473323,1.0,-3.0,-63.0
1777892347.2573323,2.0,0.0,-65.0
1777892347.2673323,3.0,-3.0,-63.0
1777892347.2773323,0.0,-3.0,-63.0
1777892347.2873323,-2.0,-1.0,-67.0
1777892347.2973323,-2.0,-3.0,-65.0
1777892347.3073325,0.0,-7.0,-67.0
1777892347.3173325,3.0,-8.0,-65.0
1777892347.3273325,-1.0,-8.0,-70.0
1777892347.3373325,-1.0,-3.0,-72.0
1777892347.3473325,-2.0,-2.0,-72.0
1777892347.3573325,-5.0,-1.0,-70.0
1777892347.3673325,-5.0,0.0,-67.0
1777892347.3773324,-6.0,2.0,-70.0
1777892347.3873324,-4.0,0.0,-68.0
1777892347.3973324,0.0,0.0,-69.0
1777892347.4073324,0.0,-2.0,-72.0
1777892347.4173324,1.0,-2.0,-69.0
1777892347.4273324,4.0,-5.0,-68.0
1777892347.4373324,3.0,-7.0,-73.0
1777892347.4473324,4.0,-8.0,-78.0
1777892347.4573324,4.0,-5.0,-79.0
1777892347.4673324,3.0,-1.0,-79.0
1777892347.4773324,0.0,0.0,-79.0
1777892347.4873323,0.0,-1.0,-82.0
1777892347.4973323,0.0,5.0,-75.0
1777892347.5073323,-1.0,2.0,-75.0
1777892347.5173323,-1.0,0.0,-75.0
1777892347.5273323,-5.0,-2.0,-78.0
1777892347.5373323,-4.0,-3.0,-74.0
1777892347.5473323,0.0,-3.0,-78.0
1777892347.5573325,-1.0,-4.0,-74.0
1777892347.5673325,0.0,-2.0,-69.0
1777892347.5773325,3.0,2.0,-68.0
1777892347.5873325,4.0,4.0,-68.0
1777892347.5973325,1.0,2.0,-71.0
1777892347.6073325,-1.0,0.0,-66.0
1777892347.6173325,0.0,0.0,-63.0
1777892347.6273324,-4.0,2.0,-59.0
1777892347.6373324,-6.0,4.0,-63.0
1777892347.6473324,-2.0,6.0,-65.0
1777892347.6573324,0.0,4.0,-75.0
1777892347.6673324,0.0,3.0,-74.0
1777892347.6773324,3.0,4.0,-77.0
1777892347.6873324,3.0,0.0,-72.0
1777892347.6973324,1.0,0.0,-66.0
1777892347.7073324,-1.0,-1.0,-65.0
1777892347.7173324,2.0,-1.0,-61.0
1777892347.7273324,4.0,-5.0,-68.0
1777892347.7373323,6.0,-4.0,-83.0
1777892347.7473323,7.0,-4.0,-79.0
1777892347.7573323,2.0,-4.0,-75.0
1777892347.7673323,7.0,-3.0,-78.0
1777892347.7773323,2.0,-6.0,-71.0
1777892347.7873323,-3.0,-8.0,-73.0
1777892347.7973323,0.0,-11.0,-74.0
1777892347.8073325,5.0,-8.0,-70.0
1777892347.8173325,2.0,-6.0,-73.0
1777892347.8273325,1.0,-7.0,-74.0
1777892347.8373325,5.0,-2.0,-76.0
1777892347.8473325,5.0,2.0,-71.0
1777892347.8573325,6.0,1.0,-70.0
1777892347.8673325,4.0,-1.0,-70.0
1777892347.8773324,2.0,-1.0,-70.0
1777892347.8873324,1.0,0.0,-69.0
1777892347.8973324,1.0,0.0,-76.0
1777892347.9073324,0.0,4.0,-73.0
1777892347.9173324,1.0,5.0,-69.0
1777892347.9273324,0.0,1.0,-68.0
1777892347.9373324,-2.0,-2.0,-67.0
1777892347.9473324,-1.0,-1.0,-69.0
1777892347.9573324,-1.0,-2.0,-66.0
1777892347.9673324,-3.0,0.0,-71.0
1777892347.9773324,-2.0,2.0,-75.0
1777892347.9873323,-3.0,0.0,-69.0
1777892347.9973323,0.0,-6.0,-75.0
1777892348.0073323,-1.0,-3.0,-70.0
1777892348.0173323,1.0,1.0,-65.0
1777892348.0273323,4.0,2.0,-68.0
1777892348.0373323,0.0,1.0,-72.0
1777892348.0473323,-2.0,4.0,-74.0
1777892348.0573325,1.0,7.0,-72.0
1777892348.0673325,5.0,4.0,-71.0
1777892348.0773325,9.0,1.0,-72.0
1777892348.0873325,10.0,0.0,-68.0
1777892348.0973325,12.0,-1.0,-71.0
1777892348.1073325,4.0,0.0,-74.0
1777892348.1173325,1.0,0.0,-81.0
1777892348.1273324,7.0,-1.0,-81.0
1777892348.1373324,1.0,1.0,-86.0
1777892348.1473324,4.0,-1.0,-85.0
1777892348.1573324,6.0,0.0,-91.0
1777892348.1673324,6.0,1.0,-87.0
1777892348.1773324,3.0,0.0,-83.0
1777892348.1873324,0.0,0.0,-80.0
1777892348.1973324,-2.0,4.0,-81.0
1777892348.2073324,-3.0,8.0,-82.0
1777892348.2173324,0.0,8.0,-80.0
1777892348.2273324,1.0,6.0,-76.0
1777892348.2373323,-1.0,3.0,-68.0
1777892348.2473323,-5.0,7.0,-71.0
1777892348.2573323,-7.0,6.0,-65.0
1777892348.2673323,-5.0,5.0,-69.0
1777892348.2773323,-1.0,1.0,-68.0
1777892348.2873323,6.0,1.0,-62.0
1777892348.2973323,6.0,-3.0,-63.0
1777892348.3073325,9.0,0.0,-65.0
1777892348.3173325,7.0,-2.0,-66.0
1777892348.3273325,4.0,0.0,-62.0
1777892348.3373325,1.0,-3.0,-70.0
1777892348.3473325,0.0,-3.0,-70.0
1777892348.3573325,-1.0,0.0,-71.0
1777892348.3673325,0.0,0.0,-69.0
1777892348.3773324,-1.0,3.0,-69.0
1777892348.3873324,-1.0,3.0,-67.0
1777892348.3973324,-2.0,3.0,-64.0
1777892348.4073324,1.0,2.0,-68.0
1777892348.4173324,4.0,-1.0,-74.0
1777892348.4273324,4.0,0.0,-65.0
1777892348.4373324,1.0,1.0,-64.0
1777892348.4473324,4.0,1.0,-62.0
1777892348.4573324,6.0,0.0,-65.0
1777892348.4673324,6.0,2.0,-64.0
1777892348.4773324,5.0,2.0,-71.0
1777892348.4873323,7.0,1.0,-73.0
1777892348.4973323,7.0,2.0,-78.0
1777892348.5073323,2.0,0.0,-76.0
1777892348.5173323,-2.0,-2.0,-76.0
1777892348.5273323,-7.0,-1.0,-74.0
1777892348.5383325,-4.0,0.0,-68.0
1777892348.5473323,-1.0,0.0,-74.0
1777892348.5583324,-2.0,2.0,-79.0
1777892348.5683324,-4.0,3.0,-78.0
1777892348.5773325,0.0,-3.0,-85.0
1777892348.5883324,4.0,-6.0,-84.0
1777892348.5983324,6.0,-3.0,-75.0
1777892348.6083324,4.0,-3.0,-69.0
1777892348.6183324,8.0,-1.0,-70.0
1777892348.6283324,5.0,-1.0,-69.0
1777892348.6383324,2.0,0.0,-69.0
1777892348.6483324,3.0,-2.0,-66.0
1777892348.6583323,0.0,-3.0,-63.0
1777892348.6683323,0.0,-2.0,-63.0
1777892348.6783323,0.0,0.0,-57.0
1777892348.6883323,0.0,2.0,-52.0
1777892348.6983323,1.0,0.0,-59.0
1777892348.7083323,4.0,-1.0,-62.0
1777892348.7183323,8.0,-1.0,-61.0
1777892348.7283323,3.0,0.0,-65.0
1777892348.7383325,0.0,-3.0,-62.0
1777892348.7483325,3.0,-2.0,-62.0
1777892348.7583325,3.0,-5.0,-63.0
1777892348.7683325,3.0,-5.0,-68.0
1777892348.7783325,0.0,-5.0,-72.0
1777892348.7883325,-2.0,-7.0,-74.0
1777892348.7983325,-2.0,-7.0,-76.0
1777892348.8083324,-1.0,-8.0,-78.0
1777892348.8183324,-1.0,-11.0,-76.0
1777892348.8283324,-4.0,-6.0,-81.0
1777892348.8383324,-6.0,-5.0,-81.0
1777892348.8483324,-5.0,-4.0,-81.0
1777892348.8583324,-8.0,-5.0,-75.0
1777892348.8683324,-8.0,-1.0,-79.0
1777892348.8783324,-2.0,1.0,-75.0
1777892348.8883324,-1.0,1.0,-82.0
1777892348.8983324,0.0,0.0,-78.0
1777892348.9083323,0.0,0.0,-81.0
1777892348.9183323,2.0,0.0,-82.0
1777892348.9283323,0.0,-4.0,-79.0
1777892348.9383323,-4.0,-3.0,-79.0
1777892348.9483323,-2.0,-2.0,-76.0
1777892348.9583323,-3.0,-1.0,-79.0
1777892348.9683323,0.0,-1.0,-78.0
1777892348.9783323,-6.0,0.0,-80.0
1777892348.9883325,-5.0,0.0,-77.0
1777892348.9983325,-2.0,-3.0,-68.0
1777892349.0083325,0.0,-2.0,-56.0
1777892349.0183325,0.0,0.0,-54.0
1777892349.0283325,0.0,8.0,-61.0
1777892349.0383325,-5.0,4.0,-62.0
1777892349.0483325,-4.0,3.0,-60.0
1777892349.0583324,-3.0,3.0,-64.0
1777892349.0683324,-3.0,0.0,-66.0
1777892349.0783324,-4.0,-1.0,-68.0
1777892349.0883324,0.0,0.0,-67.0
1777892349.0983324,3.0,-4.0,-64.0
1777892349.1083324,0.0,-2.0,-64.0
1777892349.1183324,0.0,-3.0,-64.0
1777892349.1283324,2.0,-2.0,-66.0
1777892349.1383324,3.0,-4.0,-71.0
1777892349.1483324,3.0,-1.0,-75.0
1777892349.1583323,-2.0,4.0,-71.0
1777892349.1683323,-1.0,0.0,-68.0
1777892349.1783323,0.0,3.0,-70.0
1777892349.1883323,5.0,3.0,-68.0
1777892349.1983323,2.0,0.0,-66.0
1777892349.2083323,4.0,0.0,-62.0
1777892349.2183323,7.0,2.0,-67.0
1777892349.2283323,5.0,1.0,-73.0
1777892349.2383325,1.0,-2.0,-75.0
1777892349.2483325,-2.0,-3.0,-76.0
1777892349.2583325,-6.0,0.0,-83.0
1777892349.2683325,-8.0,2.0,-82.0
1777892349.2783325,-3.0,3.0,-80.0
1777892349.2883325,-2.0,5.0,-75.0
1777892349.2983325,5.0,0.0,-73.0
1777892349.3083324,9.0,1.0,-76.0
1777892349.3183324,10.0,-1.0,-75.0
1777892349.3283324,11.0,-3.0,-69.0
1777892349.3383324,7.0,0.0,-76.0
1777892349.3483324,8.0,-1.0,-71.0
1777892349.3583324,8.0,-2.0,-69.0
1777892349.3683324,4.0,-3.0,-65.0
1777892349.3783324,3.0,0.0,-62.0
1777892349.3883324,3.0,2.0,-65.0
1777892349.3983324,8.0,0.0,-66.0
1777892349.4083323,4.0,-1.0,-68.0
1777892349.4183323,5.0,0.0,-70.0
1777892349.4283323,5.0,2.0,-71.0
1777892349.4383323,1.0,2.0,-79.0
1777892349.4483323,2.0,0.0,-75.0
1777892349.4583323,0.0,-3.0,-73.0
1777892349.4683323,-2.0,-7.0,-78.0
1777892349.4783323,-1.0,-5.0,-80.0
1777892349.4883325,-7.0,-5.0,-84.0
1777892349.4983325,-9.0,-8.0,-85.0
1777892349.5083325,-6.0,-5.0,-76.0
1777892349.5183325,-6.0,-7.0,-76.0
1777892349.5283325,-1.0,-3.0,-77.0
1777892349.5383325,2.0,0.0,-81.0
1777892349.5483325,6.0,-4.0,-77.0
1777892349.5583324,3.0,-2.0,-75.0
1777892349.5683324,1.0,-8.0,-66.0
1777892349.5783324,-1.0,-7.0,-65.0
1777892349.5883324,-2.0,-5.0,-71.0
1777892349.5983324,3.0,-7.0,-66.0
1777892349.6083324,2.0,-10.0,-64.0
1777892349.6183324,1.0,-12.0,-68.0
1777892349.6283324,2.0,-15.0,-74.0
1777892349.6383324,5.0,-14.0,-76.0
1777892349.6483324,5.0,-10.0,-68.0
1777892349.6583323,7.0,-9.0,-69.0
1777892349.6683323,8.0,-4.0,-64.0
1777892349.6783323,9.0,-6.0,-66.0
1777892349.6883323,6.0,-2.0,-71.0
1777892349.6983323,3.0,-1.0,-73.0
1777892349.7083323,3.0,0.0,-73.0
1777892349.7183323,5.0,0.0,-75.0
1777892349.7283323,9.0,-2.0,-79.0
1777892349.7383325,10.0,-5.0,-83.0
1777892349.7483325,10.0,-8.0,-71.0
1777892349.7583325,9.0,-5.0,-69.0
1777892349.7683325,0.0,-2.0,-63.0
1777892349.7783325,0.0,-5.0,-66.0
1777892349.7883325,-1.0,-2.0,-64.0
1777892349.7983325,-1.0,-4.0,-64.0
1777892349.8083324,0.0,-9.0,-67.0
1777892349.8183324,0.0,-13.0,-68.0
1777892349.8283324,-2.0,-10.0,-67.0
1777892349.8383324,-4.0,-9.0,-64.0
1777892349.8483324,-12.0,-7.0,-66.0
1777892349.8583324,-12.0,-12.0,-67.0
1777892349.8683324,-6.0,-10.0,-66.0
1777892349.8783324,-5.0,-9.0,-58.0
1777892349.8883324,-3.0,-9.0,-57.0
1777892349.8983324,0.0,-11.0,-56.0
1777892349.9083323,2.0,-13.0,-63.0
1777892349.9183323,3.0,-9.0,-60.0
1777892349.9283323,3.0,-8.0,-59.0
1777892349.9383323,6.0,-6.0,-60.0
1777892349.9483323,11.0,-6.0,-60.0
1777892349.9583323,5.0,-6.0,-54.0
1777892349.9683323,4.0,-10.0,-59.0
1777892349.9783323,-1.0,-10.0,-65.0
1777892349.9883325,-4.0,-8.0,-66.0
1777892349.9983325,-3.0,-5.0,-66.0
1777892350.0083325,-3.0,-3.0,-65.0
1777892350.0183325,0.0,0.0,-71.0
1777892350.0283325,-1.0,0.0,-72.0
1777892350.0383325,-2.0,0.0,-71.0
1777892350.0483325,-5.0,1.0,-70.0
1777892350.0583324,-2.0,0.0,-62.0
1777892350.0683324,1.0,-1.0,-63.0
1777892350.0783324,2.0,0.0,-64.0
1777892350.0883324,2.0,0.0,-64.0
1777892350.0983324,2.0,-2.0,-66.0
1777892350.1083324,0.0,-4.0,-69.0
1777892350.1183324,2.0,-8.0,-67.0
1777892350.1283324,0.0,-4.0,-69.0
1777892350.1383324,-3.0,-5.0,-71.0
1777892350.1483324,-5.0,-8.0,-68.0
1777892350.1583323,-2.0,-3.0,-66.0
1777892350.1683323,-2.0,2.0,-61.0
1777892350.1783323,1.0,-1.0,-61.0
1777892350.1883323,2.0,-4.0,-67.0
1777892350.1983323,-2.0,-2.0,-64.0
1777892350.2083323,1.0,0.0,-64.0
1777892350.2183323,-1.0,2.0,-67.0
1777892350.2283323,1.0,3.0,-69.0
1777892350.2383325,-1.0,4.0,-78.0
1777892350.2483325,1.0,6.0,-80.0
1777892350.2583325,4.0,6.0,-78.0
1777892350.2683325,4.0,7.0,-77.0
1777892350.2783325,-2.0,1.0,-72.0
1777892350.2883325,-4.0,0.0,-73.0
1777892350.2983325,0.0,0.0,-77.0
1777892350.3083324,0.0,-3.0,-73.0
1777892350.3183324,0.0,0.0,-73.0
1777892350.3283324,0.0,3.0,-72.0
1777892350.3383324,-4.0,3.0,-68.0
1777892350.3483324,-3.0,1.0,-71.0
1777892350.3583324,-2.0,0.0,-69.0
1777892350.3683324,2.0,1.0,-67.0
1777892350.3783324,4.0,2.0,-61.0
1777892350.3883324,1.0,4.0,-63.0
1777892350.3983324,1.0,2.0,-63.0
1777892350.4093325,0.0,0.0,-66.0
1777892350.4183323,2.0,0.0,-69.0
1777892350.4283323,2.0,0.0,-75.0
1777892350.4383323,2.0,-3.0,-74.0
1777892350.4483323,-1.0,0.0,-73.0
1777892350.4583323,-2.0,2.0,-71.0
1777892350.4683323,-1.0,2.0,-69.0
1777892350.4783323,-1.0,1.0,-74.0
1777892350.4883325,0.0,1.0,-71.0
1777892350.4983325,2.0,6.0,-66.0
1777892350.5083325,5.0,3.0,-61.0
1777892350.5183325,8.0,4.0,-68.0
1777892350.5283325,5.0,2.0,-66.0
1777892350.5383325,2.0,-1.0,-73.0
1777892350.5493324,2.0,-4.0,-76.0
1777892350.5593324,3.0,0.0,-80.0
1777892350.5693324,3.0,1.0,-75.0
1777892350.5793324,1.0,1.0,-79.0
1777892350.5893323,0.0,3.0,-78.0
1777892350.5993323,0.0,3.0,-76.0
1777892350.6093323,-2.0,2.0,-74.0
1777892350.6193323,1.0,0.0,-76.0
1777892350.6293323,3.0,1.0,-78.0
1777892350.6393323,7.0,5.0,-71.0
1777892350.6493323,4.0,5.0,-72.0
1777892350.6593325,-6.0,6.0,-70.0
1777892350.6693325,-6.0,7.0,-61.0
1777892350.6793325,-5.0,6.0,-59.0
1777892350.6893325,-3.0,7.0,-59.0
1777892350.6993325,0.0,5.0,-66.0
1777892350.7093325,3.0,3.0,-65.0
1777892350.7193325,2.0,3.0,-67.0
1777892350.7293324,4.0,2.0,-78.0
1777892350.7393324,5.0,2.0,-80.0
1777892350.7493324,4.0,2.0,-78.0
1777892350.7593324,4.0,2.0,-80.0
1777892350.7693324,4.0,3.0,-78.0
1777892350.7793324,0.0,6.0,-76.0
1777892350.7893324,0.0,3.0,-73.0
1777892350.7993324,3.0,0.0,-68.0
1777892350.8093324,1.0,4.0,-59.0
1777892350.8193324,1.0,4.0,-62.0
1777892350.8293324,1.0,3.0,-60.0
1777892350.8393323,3.0,1.0,-55.0
1777892350.8493323,3.0,-2.0,-62.0
1777892350.8593323,3.0,-3.0,-67.0
1777892350.8693323,7.0,0.0,-75.0
1777892350.8793323,8.0,2.0,-74.0
1777892350.8893323,6.0,0.0,-72.0
1777892350.8993323,5.0,0.0,-77.0
1777892350.9093325,3.0,8.0,-79.0
1777892350.9193325,0.0,3.0,-73.0
1777892350.9293325,2.0,-1.0,-78.0
1777892350.9393325,0.0,-2.0,-73.0
1777892350.9493325,-1.0,-3.0,-70.0
1777892350.9593325,0.0,-3.0,-73.0
1777892350.9693325,0.0,-2.0,-71.0
1777892350.9793324,-2.0,-4.0,-69.0
1777892350.9893324,-3.0,-4.0,-68.0
1777892350.9993324,-5.0,-1.0,-59.0
1777892351.0093324,-2.0,-5.0,-60.0
1777892351.0193324,-1.0,-8.0,-66.0
1777892351.0293324,-3.0,-7.0,-66.0
1777892351.0393324,-1.0,-8.0,-63.0
1777892351.0493324,0.0,-5.0,-66.0
1777892351.0593324,2.0,-1.0,-66.0
1777892351.0693324,1.0,-2.0,-66.0
1777892351.0793324,4.0,-4.0,-67.0
1777892351.0893323,5.0,-2.0,-63.0
1777892351.0993323,4.0,-1.0,-66.0
1777892351.1093323,4.0,-2.0,-67.0
1777892351.1193323,5.0,-2.0,-67.0
1777892351.1293323,6.0,-1.0,-66.0
1777892351.1393323,1.0,-3.0,-67.0
1777892351.1493323,1.0,-8.0,-68.0
1777892351.1593325,0.0,-10.0,-63.0
1777892351.1693325,2.0,-6.0,-63.0
1777892351.1793325,-2.0,0.0,-63.0
1777892351.1893325,-3.0,4.0,-68.0
1777892351.1993325,0.0,4.0,-78.0
1777892351.2093325,4.0,0.0,-76.0
1777892351.2193325,6.0,-3.0,-79.0
1777892351.2293324,10.0,-2.0,-83.0
1777892351.2393324,4.0,-1.0,-78.0
1777892351.2493324,6.0,0.0,-75.0
1777892351.2593324,5.0,3.0,-79.0
1777892351.2693324,3.0,0.0,-77.0
1777892351.2793324,1.0,-2.0,-70.0
1777892351.2893324,-3.0,-3.0,-69.0
1777892351.2993324,-3.0,-4.0,-68.0
1777892351.3093324,-1.0,-1.0,-71.0
1777892351.3193324,-3.0,1.0,-68.0
1777892351.3293324,1.0,3.0,-66.0
1777892351.3393323,1.0,3.0,-62.0
1777892351.3493323,6.0,3.0,-62.0
1777892351.3593323,2.0,4.0,-64.0
1777892351.3693323,3.0,3.0,-64.0
1777892351.3793323,0.0,6.0,-63.0
1777892351.3893323,0.0,5.0,-63.0
1777892351.3993323,-7.0,2.0,-67.0
1777892351.4093325,-11.0,4.0,-71.0
1777892351.4193325,-7.0,7.0,-69.0
1777892351.4293325,0.0,-1.0,-70.0
1777892351.4393325,3.0,-3.0,-67.0
1777892351.4493325,0.0,-5.0,-74.0
1777892351.4593325,0.0,-6.0,-71.0
1777892351.4693325,-1.0,-6.0,-72.0
1777892351.4793324,-5.0,-6.0,-72.0
1777892351.4893324,-4.0,-6.0,-74.0
1777892351.4993324,-4.0,-4.0,-80.0
1777892351.5093324,-5.0,1.0,-75.0
1777892351.5193324,-3.0,4.0,-74.0
1777892351.5293324,0.0,4.0,-70.0
1777892351.5393324,3.0,1.0,-71.0
1777892351.5493324,4.0,0.0,-71.0
1777892351.5593324,6.0,0.0,-75.0
1777892351.5693324,6.0,1.0,-71.0
1777892351.5793324,5.0,6.0,-76.0
1777892351.5893323,5.0,3.0,-76.0
1777892351.5993323,-2.0,0.0,-74.0
1777892351.6093323,-3.0,-3.0,-74.0
1777892351.6193323,-3.0,-1.0,-68.0
1777892351.6293323,-2.0,-3.0,-67.0
1777892351.6393323,1.0,-5.0,-72.0
1777892351.6493323,2.0,-5.0,-70.0
1777892351.6593325,-1.0,-8.0,-69.0
1777892351.6693325,0.0,-6.0,-64.0
1777892351.6793325,0.0,-5.0,-63.0
1777892351.6893325,1.0,-6.0,-63.0
1777892351.6993325,0.0,-4.0,-64.0
1777892351.7093325,-2.0,-6.0,-65.0
1777892351.7193325,-5.0,-6.0,-69.0
1777892351.7293324,-4.0,-2.0,-73.0
1777892351.7393324,-2.0,-5.0,-78.0
1777892351.7493324,0.0,-3.0,-81.0
1777892351.7593324,2.0,-1.0,-85.0
1777892351.7693324,0.0,-1.0,-84.0
1777892351.7793324,-1.0,-1.0,-80.0
1777892351.7893324,2.0,-1.0,-70.0
1777892351.7993324,2.0,-4.0,-65.0
1777892351.8093324,3.0,0.0,-70.0
1777892351.8193324,1.0,0.0,-71.0
1777892351.8293324,2.0,-3.0,-67.0
1777892351.8393323,0.0,-7.0,-70.0
1777892351.8493323,-3.0,-3.0,-61.0
1777892351.8593323,-5.0,-2.0,-60.0
1777892351.8693323,-5.0,-3.0,-62.0
1777892351.8793323,-3.0,-3.0,-64.0
1777892351.8893323,-3.0,-3.0,-63.0
1777892351.8993323,-5.0,-4.0,-64.0
1777892351.9093325,-3.0,-2.0,-68.0
1777892351.9193325,-3.0,0.0,-69.0
1777892351.9293325,-3.0,-4.0,-73.0
1777892351.9393325,-9.0,0.0,-74.0
1777892351.9493325,-7.0,-3.0,-70.0
1777892351.9593325,-10.0,-3.0,-78.0
1777892351.9693325,-9.0,0.0,-80.0
1777892351.9793324,-8.0,-4.0,-78.0
1777892351.9893324,-7.0,-11.0,-81.0
1777892351.9993324,0.0,-11.0,-84.0
1777892352.0093324,3.0,-9.0,-78.0
1777892352.0193324,1.0,-8.0,-78.0
1777892352.0293324,-1.0,-8.0,-77.0
1777892352.0393324,-2.0,-3.0,-76.0
1777892352.0493324,0.0,-3.0,-68.0
1777892352.0593324,1.0,0.0,-62.0
1777892352.0693324,4.0,1.0,-60.0
1777892352.0793324,3.0,5.0,-61.0
1777892352.0893323,4.0,3.0,-65.0
1777892352.0993323,7.0,-1.0,-65.0
1777892352.1093323,9.0,-2.0,-64.0
1777892352.1193323,4.0,-3.0,-64.0
1777892352.1293323,4.0,0.0,-62.0
1777892352.1393323,-1.0,0.0,-64.0
1777892352.1493323,-3.0,0.0,-70.0
1777892352.1593325,-4.0,0.0,-69.0
1777892352.1693325,-6.0,0.0,-67.0
1777892352.1793325,-4.0,1.0,-70.0
1777892352.1893325,-3.0,3.0,-67.0
1777892352.1993325,-2.0,0.0,-72.0
1777892352.2093325,1.0,0.0,-72.0
1777892352.2193325,5.0,-2.0,-70.0
1777892352.2293324,1.0,-1.0,-73.0
1777892352.2393324,2.0,-1.0,-77.0
1777892352.2493324,4.0,0.0,-74.0
1777892352.2593324,8.0,-2.0,-75.0
1777892352.2693324,3.0,0.0,-76.0
1777892352.2793324,4.0,-1.0,-74.0
1777892352.2893324,6.0,-1.0,-69.0
1777892352.2993324,7.0,-2.0,-73.0
1777892352.3093324,10.0,-5.0,-72.0
1777892352.3193324,5.0,-4.0,-72.0
1777892352.3293324,-1.0,-5.0,-73.0
1777892352.3393323,-4.0,-5.0,-71.0
1777892352.3493323,-2.0,-7.0,-71.0
1777892352.3593323,-8.0,-8.0,-74.0
1777892352.3693323,-5.0,-5.0,-77.0
1777892352.3793323,-4.0,-3.0,-77.0
1777892352.3893323,-3.0,-1.0,-75.0
1777892352.3993323,-5.0,-4.0,-70.0
1777892352.4093325,-5.0,-2.0,-69.0
1777892352.4193325,-1.0,-2.0,-72.0
1777892352.4293325,0.0,-2.0,-73.0
1777892352.4393325,0.0,0.0,-75.0
1777892352.4493325,0.0,1.0,-77.0
1777892352.4593325,-2.0,3.0,-72.0
1777892352.4693325,0.0,5.0,-71.0
1777892352.4793324,0.0,2.0,-71.0
1777892352.4893324,2.0,2.0,-72.0
1777892352.4993324,5.0,2.0,-67.0
1777892352.5093324,2.0,1.0,-64.0
1777892352.5203323,3.0,1.0,-63.0
1777892352.5293324,7.0,0.0,-70.0
1777892352.5403323,6.0,1.0,-68.0
1777892352.5503323,5.0,2.0,-70.0
1777892352.5603323,2.0,0.0,-76.0
1777892352.5703323,2.0,0.0,-71.0
1777892352.5793324,4.0,0.0,-69.0
1777892352.5903325,3.0,2.0,-64.0
1777892352.6003325,6.0,8.0,-66.0
1777892352.6103325,3.0,6.0,-69.0
1777892352.6203325,3.0,2.0,-65.0
1777892352.6293323,2.0,-2.0,-71.0
1777892352.6403325,1.0,1.0,-80.0
1777892352.6503325,1.0,1.0,-73.0
1777892352.6603324,0.0,-2.0,-70.0
1777892352.6703324,-3.0,0.0,-71.0
1777892352.6803324,-2.0,1.0,-81.0
1777892352.6903324,-2.0,0.0,-75.0
1777892352.7003324,-2.0,2.0,-71.0
1777892352.7103324,1.0,0.0,-72.0
1777892352.7203324,-1.0,-3.0,-72.0
1777892352.7303324,2.0,-2.0,-72.0
1777892352.7403324,0.0,-1.0,-76.0
1777892352.7503324,0.0,0.0,-79.0
1777892352.7603323,0.0,-2.0,-76.0
1777892352.7703323,-3.0,-5.0,-74.0
1777892352.7803323,-1.0,-6.0,-70.0
1777892352.7903323,1.0,-5.0,-66.0
1777892352.8003323,0.0,-1.0,-64.0
1777892352.8103323,1.0,0.0,-64.0
1777892352.8203323,3.0,0.0,-68.0
1777892352.8303325,2.0,-1.0,-71.0
1777892352.8403325,6.0,-3.0,-68.0
1777892352.8503325,10.0,-5.0,-71.0
1777892352.8603325,3.0,-3.0,-73.0
1777892352.8703325,0.0,-2.0,-75.0
1777892352.8803325,1.0,-1.0,-80.0
1777892352.8903325,3.0,1.0,-77.0
1777892352.9003325,0.0,2.0,-73.0
1777892352.9103324,-3.0,2.0,-70.0
1777892352.9203324,-5.0,-1.0,-72.0
1777892352.9303324,-7.0,-4.0,-68.0
1777892352.9403324,-2.0,-8.0,-60.0
1777892352.9503324,0.0,-6.0,-66.0
1777892352.9603324,2.0,-3.0,-67.0
1777892352.9703324,1.0,0.0,-63.0
1777892352.9803324,-1.0,-1.0,-62.0
1777892352.9903324,-7.0,4.0,-57.0
1777892353.0003324,-7.0,6.0,-72.0
1777892353.0103323,-3.0,10.0,-74.0
1777892353.0203323,-5.0,11.0,-73.0
1777892353.0303323,-1.0,6.0,-67.0
1777892353.0403323,-3.0,3.0,-74.0
1777892353.0503323,1.0,-2.0,-82.0
1777892353.0603323,5.0,-4.0,-73.0
1777892353.0703323,3.0,-7.0,-77.0
1777892353.0803325,0.0,-5.0,-78.0
1777892353.0903325,-1.0,-7.0,-70.0
1777892353.1003325,-1.0,-10.0,-67.0
1777892353.1103325,1.0,-10.0,-72.0
1777892353.1203325,3.0,-7.0,-74.0
1777892353.1303325,5.0,-5.0,-69.0
1777892353.1403325,5.0,-9.0,-67.0
1777892353.1503325,0.0,-8.0,-67.0
1777892353.1603324,-2.0,-7.0,-69.0
1777892353.1703324,-6.0,-6.0,-74.0
1777892353.1803324,-2.0,-3.0,-71.0
1777892353.1903324,-9.0,0.0,-73.0
1777892353.2003324,-7.0,-2.0,-75.0
1777892353.2103324,-4.0,-4.0,-78.0
1777892353.2203324,-2.0,-3.0,-73.0
1777892353.2303324,0.0,-6.0,-68.0
1777892353.2403324,0.0,-5.0,-63.0
1777892353.2503324,4.0,-1.0,-65.0
1777892353.2603323,5.0,-1.0,-62.0
1777892353.2703323,2.0,-3.0,-65.0
1777892353.2803323,3.0,-4.0,-68.0
1777892353.2903323,2.0,0.0,-65.0
1777892353.3003323,3.0,0.0,-68.0
1777892353.3103323,6.0,-2.0,-64.0
1777892353.3203323,6.0,0.0,-67.0
1777892353.3303325,0.0,-2.0,-69.0
1777892353.3403325,-3.0,0.0,-76.0
1777892353.3503325,-1.0,0.0,-79.0
1777892353.3603325,0.0,-2.0,-81.0
1777892353.3703325,1.0,-3.0,-84.0
1777892353.3803325,-1.0,-2.0,-77.0
1777892353.3903325,-1.0,0.0,-69.0
1777892353.4003325,0.0,-1.0,-66.0
1777892353.4103324,-4.0,0.0,-67.0
1777892353.4203324,0.0,2.0,-71.0
1777892353.4303324,3.0,4.0,-76.0
1777892353.4403324,4.0,2.0,-75.0
1777892353.4503324,11.0,-1.0,-75.0
1777892353.4603324,9.0,-3.0,-74.0
1777892353.4703324,5.0,-5.0,-68.0
1777892353.4803324,4.0,-5.0,-74.0
1777892353.4903324,6.0,-3.0,-68.0
1777892353.5003324,5.0,0.0,-65.0
1777892353.5103323,2.0,-1.0,-69.0
1777892353.5203323,6.0,3.0,-77.0
1777892353.5303323,5.0,4.0,-74.0
1777892353.5403323,8.0,3.0,-78.0
1777892353.5503323,8.0,8.0,-76.0
1777892353.5603323,7.0,3.0,-79.0
1777892353.5703323,1.0,2.0,-78.0
1777892353.5803325,6.0,0.0,-73.0
1777892353.5903325,10.0,2.0,-72.0
1777892353.6003325,9.0,0.0,-67.0
1777892353.6103325,9.0,0.0,-65.0
1777892353.6203325,13.0,-1.0,-60.0
1777892353.6303325,8.0,-1.0,-65.0
1777892353.6403325,7.0,0.0,-65.0
1777892353.6503325,6.0,1.0,-67.0
1777892353.6603324,5.0,1.0,-62.0
1777892353.6703324,3.0,3.0,-62.0
1777892353.6803324,1.0,3.0,-57.0
1777892353.6903324,1.0,4.0,-63.0
1777892353.7003324,3.0,4.0,-77.0
1777892353.7103324,1.0,3.0,-75.0
1777892353.7203324,0.0,5.0,-75.0
1777892353.7303324,-3.0,5.0,-73.0
1777892353.7403324,-8.0,1.0,-67.0
1777892353.7503324,-6.0,-3.0,-66.0
1777892353.7603323,-4.0,-3.0,-76.0
1777892353.7703323,0.0,-3.0,-74.0
1777892353.7803323,-1.0,-3.0,-71.0
1777892353.7903323,-2.0,-1.0,-67.0
1777892353.8003323,-3.0,0.0,-64.0
1777892353.8103323,2.0,-1.0,-67.0
1777892353.8203323,1.0,-2.0,-72.0
1777892353.8303325,-2.0,-1.0,-78.0
1777892353.8403325,-3.0,-1.0,-76.0
1777892353.8503325,-3.0,-2.0,-76.0
1777892353.8603325,-3.0,0.0,-70.0
1777892353.8703325,-6.0,-8.0,-73.0
1777892353.8803325,-9.0,-8.0,-74.0
1777892353.8903325,-11.0,-6.0,-74.0
1777892353.9003325,-10.0,-9.0,-72.0
1777892353.9103324,-8.0,-5.0,-73.0
1777892353.9203324,-2.0,-7.0,-78.0
1777892353.9303324,-1.0,-9.0,-79.0
1777892353.9403324,-1.0,-7.0,-80.0
1777892353.9503324,-4.0,-4.0,-74.0
1777892353.9603324,-2.0,-4.0,-76.0
1777892353.9703324,4.0,-4.0,-73.0
1777892353.9803324,1.0,-3.0,-69.0
1777892353.9903324,4.0,-2.0,-65.0
1777892354.0003324,10.0,0.0,-66.0
1777892354.0103323,9.0,-4.0,-68.0
1777892354.0203323,9.0,-1.0,-72.0
1777892354.0303323,7.0,-2.0,-73.0
1777892354.0403323,9.0,-2.0,-67.0
1777892354.0503323,4.0,1.0,-68.0
1777892354.0603323,6.0,2.0,-65.0
1777892354.0703323,7.0,3.0,-70.0
1777892354.0803325,4.0,6.0,-68.0
1777892354.0903325,0.0,3.0,-63.0
1777892354.1003325,-1.0,3.0,-62.0
1777892354.1103325,0.0,0.0,-64.0
1777892354.1203325,-4.0,-2.0,-61.0
1777892354.1303325,0.0,0.0,-64.0
1777892354.1403325,3.0,0.0,-63.0
1777892354.1503325,3.0,0.0,-69.0
1777892354.1603324,3.0,3.0,-72.0
1777892354.1703324,6.0,0.0,-70.0
1777892354.1803324,8.0,0.0,-70.0
1777892354.1903324,4.0,5.0,-65.0
1777892354.2003324,-4.0,3.0,-67.0
1777892354.2103324,-5.0,0.0,-72.0
1777892354.2203324,-6.0,0.0,-73.0
1777892354.2303324,-5.0,-5.0,-63.0
1777892354.2403324,-8.0,-2.0,-62.0
1777892354.2503324,-6.0,-7.0,-64.0
1777892354.2603323,-7.0,-4.0,-74.0
1777892354.2703323,-4.0,-3.0,-77.0
1777892354.2803323,2.0,-1.0,-85.0
1777892354.2903323,1.0,-1.0,-88.0
1777892354.3003323,7.0,-3.0,-88.0
1777892354.3103323,12.0,-5.0,-88.0
1777892354.3203323,11.0,-1.0,-85.0
1777892354.3303325,9.0,-1.0,-80.0
1777892354.3403325,8.0,-3.0,-80.0
1777892354.3503325,9.0,-9.0,-81.0
1777892354.3603325,5.0,-8.0,-85.0
1777892354.3703325,-1.0,-2.0,-84.0
1777892354.3803325,0.0,-2.0,-76.0
1777892354.3903325,4.0,1.0,-70.0
1777892354.4003325,2.0,-3.0,-73.0
1777892354.4103324,6.0,-4.0,-71.0
1777892354.4203324,9.0,-4.0,-71.0
1777892354.4303324,8.0,-1.0,-74.0
1777892354.4413323,4.0,0.0,-71.0
1777892354.4503324,1.0,0.0,-70.0
1777892354.4603324,-2.0,4.0,-77.0
1777892354.4703324,-1.0,0.0,-78.0
1777892354.4803324,3.0,3.0,-76.0
1777892354.4903324,3.0,1.0,-72.0
1777892354.5003324,4.0,0.0,-67.0
1777892354.5103323,4.0,0.0,-75.0
1777892354.5213325,1.0,0.0,-70.0
1777892354.5313325,-2.0,0.0,-73.0
1777892354.5413325,0.0,-3.0,-72.0
1777892354.5513325,-1.0,-6.0,-72.0
1777892354.5613325,0.0,-3.0,-75.0
1777892354.5713325,0.0,0.0,-75.0
1777892354.5813324,1.0,3.0,-76.0
1777892354.5913324,0.0,1.0,-70.0
1777892354.6013324,0.0,0.0,-73.0
1777892354.6113324,-2.0,0.0,-67.0
1777892354.6213324,-3.0,-4.0,-62.0
1777892354.6313324,-9.0,0.0,-57.0
1777892354.6413324,-7.0,1.0,-56.0
1777892354.6513324,-6.0,0.0,-56.0
1777892354.6613324,-6.0,0.0,-61.0
1777892354.6713324,-1.0,0.0,-64.0
1777892354.6813323,1.0,-1.0,-65.0
1777892354.6913323,1.0,-1.0,-62.0
1777892354.7013323,2.0,0.0,-67.0
1777892354.7113323,4.0,1.0,-78.0
1777892354.7213323,4.0,0.0,-84.0
1777892354.7313323,4.0,2.0,-88.0
1777892354.7413323,6.0,-1.0,-85.0
1777892354.7513323,2.0,-5.0,-78.0
1777892354.7613325,-1.0,-5.0,-77.0
1777892354.7713325,2.0,-2.0,-75.0
1777892354.7813325,0.0,-2.0,-73.0
1777892354.7913325,-3.0,-3.0,-70.0
1777892354.8013325,-6.0,-5.0,-62.0
1777892354.8113325,-8.0,-5.0,-64.0
1777892354.8213325,-2.0,-2.0,-65.0
1777892354.8313324,-3.0,-2.0,-72.0
1777892354.8413324,-9.0,-2.0,-74.0
1777892354.8513324,-8.0,0.0,-75.0
1777892354.8613324,-10.0,-2.0,-77.0
1777892354.8713324,-9.0,-5.0,-73.0
1777892354.8813324,-5.0,-7.0,-76.0
1777892354.8913324,-5.0,-5.0,-75.0
1777892354.9013324,-3.0,-6.0,-71.0
1777892354.9113324,-2.0,-10.0,-64.0
1777892354.9213324,1.0,-8.0,-55.0
1777892354.9313323,1.0,-4.0,-55.0
1777892354.9413323,2.0,0.0,-57.0
1777892354.9513323,0.0,2.0,-58.0
1777892354.9613323,1.0,0.0,-57.0
1777892354.9713323,3.0,-1.0,-59.0
1777892354.9813323,5.0,0.0,-62.0
1777892354.9913323,2.0,0.0,-63.0
1777892355.0013323,6.0,-3.0,-70.0
1777892355.0113325,7.0,-6.0,-66.0
1777892355.0213325,7.0,-5.0,-69.0
1777892355.0313325,4.0,-8.0,-63.0
1777892355.0413325,4.0,-8.0,-63.0
1777892355.0513325,3.0,0.0,-63.0
1777892355.0613325,1.0,0.0,-70.0
1777892355.0713325,-5.0,0.0,-68.0
1777892355.0813324,-2.0,2.0,-67.0
1777892355.0913324,2.0,5.0,-67.0
1777892355.1013324,0.0,6.0,-68.0
1777892355.1113324,-4.0,8.0,-67.0
1777892355.1213324,-6.0,6.0,-64.0
1777892355.1313324,-6.0,1.0,-57.0
1777892355.1413324,-3.0,-1.0,-62.0
1777892355.1513324,0.0,0.0,-62.0
1777892355.1613324,0.0,0.0,-68.0
1777892355.1713324,1.0,1.0,-71.0
1777892355.1813323,0.0,0.0,-74.0
1777892355.1913323,1.0,0.0,-74.0
1777892355.2013323,4.0,1.0,-70.0
1777892355.2113323,2.0,0.0,-65.0
1777892355.2213323,4.0,-1.0,-67.0
1777892355.2313323,4.0,-1.0,-68.0
1777892355.2413323,8.0,-1.0,-69.0
1777892355.2513323,4.0,-5.0,-68.0
1777892355.2613325,0.0,-4.0,-72.0
1777892355.2713325,2.0,-6.0,-68.0
1777892355.2813325,1.0,-6.0,-67.0
1777892355.2913325,-3.0,-5.0,-74.0
1777892355.3013325,-3.0,-3.0,-73.0
1777892355.3113325,-5.0,-1.0,-72.0
1777892355.3213325,-4.0,-5.0,-71.0
1777892355.3313324,0.0,-5.0,-67.0
1777892355.3413324,-1.0,-2.0,-69.0
1777892355.3513324,-5.0,-2.0,-69.0
1777892355.3613324,-8.0,-1.0,-68.0
1777892355.3713324,-5.0,-3.0,-70.0
1777892355.3813324,-1.0,-3.0,-68.0
1777892355.3913324,0.0,-2.0,-68.0
1777892355.4013324,0.0,0.0,-72.0
1777892355.4113324,-1.0,-3.0,-68.0
1777892355.4213324,-2.0,-2.0,-72.0
1777892355.4313323,-2.0,-3.0,-76.0
1777892355.4413323,0.0,-4.0,-78.0
1777892355.4513323,1.0,-1.0,-78.0
1777892355.4613323,4.0,-3.0,-78.0
1777892355.4713323,5.0,-4.0,-83.0
1777892355.4813323,7.0,0.0,-86.0
1777892355.4913323,6.0,0.0,-79.0
1777892355.5013323,3.0,5.0,-78.0
1777892355.5113325,1.0,0.0,-79.0
1777892355.5213325,0.0,0.0,-75.0
1777892355.5313325,-5.0,0.0,-71.0
1777892355.5413325,-7.0,2.0,-70.0
1777892355.5513325,-5.0,1.0,-71.0
1777892355.5613325,-2.0,4.0,-73.0
1777892355.5713325,-2.0,6.0,-72.0
1777892355.5813324,-4.0,4.0,-75.0
1777892355.5913324,-8.0,6.0,-81.0
1777892355.6013324,-4.0,2.0,-75.0
1777892355.6113324,-2.0,0.0,-77.0
1777892355.6213324,-3.0,3.0,-85.0
1777892355.6313324,-1.0,5.0,-90.0
1777892355.6413324,0.0,7.0,-88.0
1777892355.6513324,5.0,5.0,-81.0
1777892355.6613324,2.0,1.0,-76.0
1777892355.6713324,3.0,0.0,-74.0
1777892355.6813323,0.0,-1.0,-77.0
1777892355.6913323,-7.0,0.0,-83.0
1777892355.7013323,-11.0,0.0,-82.0
1777892355.7113323,-6.0,0.0,-81.0
1777892355.7213323,-4.0,3.0,-81.0
1777892355.7313323,-4.0,1.0,-81.0
1777892355.7413323,-7.0,6.0,-78.0
1777892355.7513323,-4.0,7.0,-80.0
1777892355.7613325,-3.0,5.0,-79.0
1777892355.7713325,-2.0,2.0,-78.0
1777892355.7813325,-2.0,-4.0,-79.0
1777892355.7913325,0.0,-2.0,-81.0
1777892355.8013325,-4.0,-5.0,-83.0
1777892355.8113325,-8.0,-5.0,-77.0
1777892355.8213325,-8.0,-2.0,-77.0
1777892355.8313324,-3.0,0.0,-78.0
1777892355.8413324,-1.0,-4.0,-71.0
1777892355.8513324,-4.0,-3.0,-60.0
1777892355.8613324,-5.0,-3.0,-57.0
1777892355.8713324,-1.0,-4.0,-62.0
1777892355.8813324,0.0,0.0,-58.0
1777892355.8913324,1.0,0.0,-62.0
1777892355.9013324,-4.0,0.0,-67.0
1777892355.9113324,-3.0,-3.0,-65.0
1777892355.9213324,-5.0,-2.0,-65.0
1777892355.9313323,0.0,0.0,-67.0
1777892355.9413323,-1.0,0.0,-66.0
1777892355.9513323,1.0,-3.0,-70.0
1777892355.9613323,4.0,-1.0,-71.0
1777892355.9713323,4.0,2.0,-78.0
1777892355.9813323,2.0,5.0,-82.0
1777892355.9913323,-1.0,4.0,-83.0
1777892356.0013323,0.0,1.0,-77.0
1777892356.0113325,1.0,0.0,-76.0
1777892356.0213325,0.0,-4.0,-78.0
1777892356.0313325,-4.0,-3.0,-77.0
1777892356.0413325,-12.0,-2.0,-85.0
1777892356.0513325,-12.0,0.0,-86.0
1777892356.0613325,-11.0,0.0,-83.0
1777892356.0713325,-6.0,-2.0,-78.0
1777892356.0813324,-6.0,0.0,-74.0
1777892356.0913324,-9.0,0.0,-69.0
1777892356.1013324,-10.0,1.0,-77.0
1777892356.1113324,-10.0,2.0,-76.0
1777892356.1213324,-9.0,1.0,-67.0
1777892356.1313324,-1.0,3.0,-70.0
1777892356.1413324,-4.0,2.0,-70.0
1777892356.1513324,-5.0,0.0,-73.0
1777892356.1613324,-5.0,0.0,-75.0
1777892356.1713324,-6.0,0.0,-77.0
1777892356.1813323,-3.0,2.0,-76.0
1777892356.1913323,1.0,1.0,-82.0
1777892356.2013323,9.0,-2.0,-87.0
1777892356.2113323,7.0,-4.0,-85.0
1777892356.2213323,9.0,0.0,-80.0
1777892356.2313323,5.0,-2.0,-76.0
1777892356.2413323,3.0,0.0,-80.0
1777892356.2513323,3.0,-1.0,-81.0
1777892356.2613325,1.0,-2.0,-80.0
1777892356.2713325,1.0,-3.0,-73.0
1777892356.2813325,-1.0,-1.0,-71.0
1777892356.2913325,0.0,2.0,-70.0
1777892356.3013325,0.0,1.0,-72.0
1777892356.3113325,-2.0,0.0,-66.0
1777892356.3213325,-3.0,-1.0,-62.0
1777892356.3313324,-1.0,-2.0,-66.0
1777892356.3413324,2.0,0.0,-64.0
1777892356.3513324,0.0,0.0,-64.0
1777892356.3613324,1.0,-1.0,-62.0
1777892356.3713324,0.0,-5.0,-65.0
1777892356.3813324,2.0,-6.0,-68.0
1777892356.3913324,7.0,-1.0,-73.0
1777892356.4013324,7.0,-1.0,-68.0
1777892356.4113324,4.0,-3.0,-75.0
1777892356.4213324,2.0,-2.0,-75.0
1777892356.4313323,0.0,-3.0,-66.0
1777892356.4413323,-1.0,-3.0,-66.0
1777892356.4513323,0.0,-1.0,-71.0
1777892356.4613323,0.0,1.0,-69.0
1777892356.4713323,0.0,-3.0,-69.0
1777892356.4813323,-2.0,-5.0,-67.0
1777892356.4913323,-4.0,-8.0,-63.0
1777892356.5013323,-1.0,-11.0,-61.0
1777892356.5113325,-3.0,-9.0,-56.0
1777892356.5223324,-3.0,-8.0,-59.0
1777892356.5323324,-3.0,-6.0,-56.0
1777892356.5423324,-2.0,-5.0,-59.0
1777892356.5523324,-6.0,-5.0,-58.0
1777892356.5613325,-4.0,-2.0,-67.0
1777892356.5723324,-3.0,0.0,-70.0
1777892356.5823324,-6.0,0.0,-75.0
1777892356.5923324,-4.0,-2.0,-74.0
1777892356.6023324,-3.0,-6.0,-75.0
1777892356.6123323,-7.0,-5.0,-69.0
1777892356.6223323,-2.0,-7.0,-69.0
1777892356.6323323,0.0,-6.0,-68.0
1777892356.6423323,-2.0,-1.0,-68.0
1777892356.6523323,1.0,-2.0,-68.0
1777892356.6623323,7.0,-5.0,-73.0
1777892356.6723323,5.0,-6.0,-73.0
1777892356.6823325,3.0,-4.0,-72.0
1777892356.6923325,4.0,-4.0,-71.0
1777892356.7023325,3.0,-3.0,-74.0
1777892356.7123325,6.0,-7.0,-78.0
1777892356.7223325,8.0,-2.0,-78.0
1777892356.7323325,3.0,1.0,-71.0
1777892356.7423325,-2.0,1.0,-75.0
1777892356.7523324,-6.0,1.0,-71.0
1777892356.7623324,-5.0,-3.0,-67.0
1777892356.7723324,-5.0,-2.0,-67.0
1777892356.7823324,-1.0,-3.0,-68.0
1777892356.7923324,-3.0,-1.0,-68.0
1777892356.8023324,-2.0,2.0,-62.0
1777892356.8123324,-1.0,1.0,-63.0
1777892356.8223324,2.0,3.0,-62.0
1777892356.8323324,0.0,2.0,-69.0
1777892356.8423324,-4.0,0.0,-64.0
1777892356.8523324,-5.0,-1.0,-66.0
1777892356.8623323,-4.0,-2.0,-68.0
1777892356.8723323,-5.0,-4.0,-68.0
1777892356.8823323,-2.0,-4.0,-76.0
1777892356.8923323,0.0,-2.0,-78.0
1777892356.9023323,-2.0,0.0,-77.0
1777892356.9123323,-2.0,2.0,-73.0
1777892356.9223323,-4.0,-1.0,-72.0
1777892356.9323325,-3.0,-1.0,-68.0
1777892356.9423325,-6.0,0.0,-74.0
1777892356.9523325,-7.0,0.0,-76.0
1777892356.9623325,-4.0,0.0,-79.0
1777892356.9723325,0.0,-2.0,-71.0
1777892356.9823325,0.0,0.0,-77.0
1777892356.9923325,0.0,0.0,-77.0
1777892357.0023324,5.0,2.0,-76.0
1777892357.0123324,6.0,0.0,-83.0
1777892357.0223324,0.0,-1.0,-83.0
1777892357.0323324,0.0,-1.0,-76.0
1777892357.0423324,-3.0,-4.0,-76.0
1777892357.0523324,-2.0,-6.0,-69.0
1777892357.0623324,-1.0,-4.0,-75.0
1777892357.0723324,0.0,-1.0,-67.0
1777892357.0823324,0.0,0.0,-63.0
1777892357.0923324,0.0,1.0,-67.0
1777892357.1023324,1.0,2.0,-67.0
1777892357.1123323,2.0,1.0,-73.0
1777892357.1223323,4.0,-2.0,-73.0
1777892357.1323323,2.0,0.0,-71.0
1777892357.1423323,3.0,-1.0,-70.0
1777892357.1523323,2.0,-1.0,-67.0
1777892357.1623323,-2.0,0.0,-67.0
1777892357.1723323,-4.0,0.0,-68.0
1777892357.1823325,-4.0,2.0,-70.0
1777892357.1923325,-5.0,0.0,-68.0
1777892357.2023325,-5.0,1.0,-65.0
1777892357.2123325,-5.0,0.0,-64.0
1777892357.2223325,-5.0,2.0,-69.0
1777892357.2323325,-6.0,3.0,-68.0
1777892357.2423325,-8.0,0.0,-61.0
1777892357.2523324,-2.0,0.0,-62.0
1777892357.2623324,2.0,-4.0,-66.0
1777892357.2723324,6.0,-5.0,-70.0
1777892357.2823324,2.0,-6.0,-65.0
1777892357.2923324,3.0,-2.0,-69.0
1777892357.3023324,1.0,-1.0,-72.0
1777892357.3123324,0.0,-2.0,-71.0
1777892357.3223324,1.0,0.0,-66.0
1777892357.3323324,2.0,-5.0,-69.0
1777892357.3423324,0.0,-4.0,-65.0
1777892357.3523324,0.0,-1.0,-68.0
1777892357.3623323,1.0,1.0,-59.0
1777892357.3723323,1.0,0.0,-57.0
1777892357.3823323,-1.0,-2.0,-59.0
1777892357.3923323,0.0,-7.0,-62.0
1777892357.4023323,-4.0,-9.0,-59.0
1777892357.4123323,-5.0,-10.0,-63.0
1777892357.4223323,-3.0,-10.0,-68.0
1777892357.4323325,-6.0,-7.0,-67.0
1777892357.4423325,-6.0,-4.0,-71.0
1777892357.4523325,-7.0,-2.0,-64.0
1777892357.4623325,-7.0,-1.0,-63.0
1777892357.4723325,-4.0,-4.0,-66.0
1777892357.4823325,-3.0,-4.0,-69.0
1777892357.4923325,-3.0,-8.0,-68.0
1777892357.5023324,1.0,-9.0,-67.0
1777892357.5123324,0.0,-9.0,-66.0
1777892357.5223324,-3.0,-8.0,-63.0
1777892357.5323324,-1.0,0.0,-60.0
1777892357.5423324,1.0,1.0,-70.0
1777892357.5523324,3.0,-3.0,-82.0
1777892357.5623324,1.0,0.0,-85.0
1777892357.5723324,6.0,1.0,-85.0
1777892357.5823324,8.0,-1.0,-79.0
1777892357.5923324,1.0,-1.0,-83.0
1777892357.6023324,0.0,3.0,-80.0
1777892357.6123323,-3.0,5.0,-74.0
1777892357.6223323,-4.0,3.0,-75.0
1777892357.6323323,-6.0,7.0,-73.0
1777892357.6423323,-7.0,3.0,-77.0
1777892357.6523323,-5.0,1.0,-69.0
1777892357.6623323,-5.0,1.0,-71.0
1777892357.6723323,1.0,1.0,-68.0
1777892357.6823325,-2.0,-1.0,-70.0
1777892357.6923325,-6.0,3.0,-71.0
1777892357.7023325,-8.0,5.0,-64.0
1777892357.7123325,-7.0,0.0,-56.0
1777892357.7223325,-2.0,-2.0,-60.0
1777892357.7323325,-1.0,0.0,-62.0
1777892357.7423325,2.0,-6.0,-57.0
1777892357.7523324,2.0,-3.0,-62.0
1777892357.7623324,3.0,-1.0,-67.0
1777892357.7723324,4.0,-1.0,-68.0
1777892357.7823324,5.0,0.0,-73.0
1777892357.7923324,4.0,-4.0,-72.0
1777892357.8023324,7.0,-2.0,-76.0
1777892357.8123324,6.0,-6.0,-80.0
1777892357.8223324,4.0,-8.0,-81.0
1777892357.8323324,2.0,-8.0,-77.0
1777892357.8423324,-4.0,-4.0,-72.0
1777892357.8523324,-2.0,-5.0,-69.0
1777892357.8623323,-1.0,-3.0,-80.0
1777892357.8723323,1.0,-5.0,-81.0
1777892357.8823323,4.0,0.0,-79.0
1777892357.8923323,7.0,0.0,-81.0
1777892357.9023323,1.0,-2.0,-83.0
1777892357.9123323,-1.0,0.0,-81.0
1777892357.9223323,-6.0,-1.0,-86.0
1777892357.9323325,-5.0,0.0,-81.0
1777892357.9423325,-1.0,0.0,-76.0
1777892357.9523325,-2.0,1.0,-77.0
1777892357.9623325,-3.0,-2.0,-77.0
1777892357.9723325,-3.0,0.0,-81.0
1777892357.9823325,-1.0,-1.0,-74.0
1777892357.9923325,-2.0,-2.0,-76.0
1777892358.0023324,3.0,0.0,-70.0
1777892358.0123324,0.0,0.0,-67.0
1777892358.0223324,0.0,2.0,-69.0
1777892358.0323324,6.0,0.0,-69.0
1777892358.0423324,5.0,-3.0,-76.0
1777892358.0523324,8.0,-4.0,-74.0
1777892358.0623324,5.0,-5.0,-70.0
1777892358.0723324,0.0,-3.0,-69.0
1777892358.0823324,-3.0,-3.0,-64.0
1777892358.0923324,-6.0,-1.0,-66.0
1777892358.1023324,-10.0,-4.0,-76.0
1777892358.1123323,-6.0,-2.0,-70.0
1777892358.1223323,-6.0,-3.0,-74.0
1777892358.1323323,-2.0,0.0,-80.0
1777892358.1423323,0.0,0.0,-66.0
1777892358.1523323,1.0,0.0,-66.0
1777892358.1623323,2.0,3.0,-67.0
1777892358.1723323,1.0,3.0,-66.0
1777892358.1823325,0.0,5.0,-68.0
1777892358.1923325,0.0,0.0,-67.0
1777892358.2023325,2.0,-3.0,-64.0
1777892358.2123325,3.0,-5.0,-70.0
1777892358.2223325,3.0,-5.0,-73.0
1777892358.2323325,0.0,-2.0,-69.0
1777892358.2423325,0.0,2.0,-72.0
1777892358.2523324,-1.0,3.0,-73.0
1777892358.2623324,-4.0,2.0,-75.0
1777892358.2723324,0.0,-2.0,-70.0
1777892358.2823324,-1.0,-7.0,-70.0
1777892358.2923324,-2.0,-5.0,-67.0
1777892358.3023324,-1.0,-3.0,-68.0
1777892358.3123324,5.0,-4.0,-70.0
1777892358.3223324,4.0,-2.0,-72.0
1777892358.3323324,0.0,-1.0,-65.0
1777892358.3423324,-1.0,-3.0,-59.0
1777892358.3523324,-1.0,0.0,-61.0
1777892358.3623323,-5.0,6.0,-64.0
1777892358.3723323,-4.0,4.0,-66.0
1777892358.3823323,-6.0,5.0,-63.0
1777892358.3923323,-9.0,5.0,-65.0
1777892358.4023323,-5.0,4.0,-72.0
1777892358.4123323,0.0,3.0,-69.0
1777892358.4223323,0.0,1.0,-72.0
1777892358.4323325,0.0,4.0,-70.0
1777892358.4423325,-2.0,1.0,-67.0
1777892358.4523325,-5.0,-2.0,-68.0
1777892358.4623325,-5.0,0.0,-73.0
1777892358.4723325,-5.0,-4.0,-77.0
1777892358.4823325,-6.0,-3.0,-74.0
1777892358.4923325,-5.0,-2.0,-72.0
1777892358.5023324,-6.0,-2.0,-70.0
1777892358.5123324,-1.0,-6.0,-67.0
1777892358.5233324,-3.0,-4.0,-66.0
1777892358.5323324,-2.0,-4.0,-62.0
1777892358.5433323,-2.0,-1.0,-68.0
1777892358.5533323,-6.0,-2.0,-72.0
1777892358.5633323,-1.0,-3.0,-66.0
1777892358.5733323,-1.0,-1.0,-67.0
1777892358.5833323,-2.0,0.0,-67.0
1777892358.5933323,-4.0,-1.0,-62.0
1777892358.6033323,-3.0,-1.0,-58.0
1777892358.6133325,-3.0,-3.0,-60.0
1777892358.6233325,-4.0,0.0,-63.0
1777892358.6333325,-2.0,-2.0,-65.0
1777892358.6433325,-1.0,-4.0,-74.0
1777892358.6533325,0.0,-4.0,-75.0
1777892358.6633325,-6.0,-1.0,-74.0
1777892358.6733325,-8.0,-1.0,-69.0
1777892358.6833324,-8.0,0.0,-64.0
1777892358.6933324,-7.0,0.0,-68.0
1777892358.7033324,0.0,-2.0,-67.0
1777892358.7133324,2.0,-4.0,-66.0
1777892358.7233324,4.0,-2.0,-72.0
1777892358.7333324,0.0,-5.0,-81.0
1777892358.7433324,1.0,-5.0,-84.0
1777892358.7533324,0.0,-2.0,-82.0
1777892358.7633324,2.0,-3.0,-77.0
1777892358.7733324,-1.0,-1.0,-77.0
1777892358.7833323,0.0,4.0,-75.0
1777892358.7933323,2.0,2.0,-74.0
1777892358.8033323,1.0,-2.0,-78.0
1777892358.8133323,2.0,-4.0,-77.0
1777892358.8233323,3.0,-4.0,-78.0
1777892358.8333323,6.0,-6.0,-78.0
1777892358.8433323,5.0,-7.0,-76.0
1777892358.8533323,4.0,-11.0,-67.0
1777892358.8633325,2.0,-8.0,-66.0
1777892358.8733325,2.0,-4.0,-67.0
1777892358.8833325,-1.0,0.0,-70.0
1777892358.8933325,-1.0,3.0,-68.0
1777892358.9033325,0.0,1.0,-72.0
1777892358.9133325,-1.0,0.0,-73.0
1777892358.9233325,-2.0,3.0,-70.0
1777892358.9333324,-6.0,3.0,-67.0
1777892358.9433324,-5.0,0.0,-68.0
1777892358.9533324,-7.0,0.0,-69.0
1777892358.9633324,-8.0,0.0,-67.0
1777892358.9733324,-1.0,-2.0,-70.0
1777892358.9833324,3.0,-2.0,-71.0
1777892358.9933324,4.0,-1.0,-69.0
1777892359.0033324,2.0,-4.0,-74.0
1777892359.0133324,-1.0,-4.0,-79.0
1777892359.0233324,0.0,0.0,-73.0
1777892359.0333323,3.0,1.0,-68.0
1777892359.0433323,0.0,0.0,-72.0
1777892359.0533323,1.0,-4.0,-70.0
1777892359.0633323,1.0,-3.0,-78.0
1777892359.0733323,-1.0,0.0,-73.0
1777892359.0833323,-1.0,0.0,-70.0
1777892359.0933323,0.0,0.0,-71.0
1777892359.1033323,2.0,0.0,-67.0
1777892359.1133325,1.0,-2.0,-65.0
1777892359.1233325,0.0,-3.0,-59.0
1777892359.1333325,0.0,-4.0,-68.0
1777892359.1433325,0.0,-6.0,-65.0
1777892359.1533325,-1.0,-8.0,-62.0
1777892359.1633325,1.0,0.0,-59.0
1777892359.1733325,3.0,2.0,-62.0
1777892359.1833324,3.0,-2.0,-62.0
1777892359.1933324,2.0,-4.0,-68.0
1777892359.2033324,8.0,-1.0,-78.0
1777892359.2133324,7.0,0.0,-73.0
1777892359.2233324,3.0,0.0,-71.0
1777892359.2333324,6.0,1.0,-73.0
1777892359.2433324,4.0,5.0,-66.0
1777892359.2533324,2.0,1.0,-74.0
1777892359.2633324,6.0,0.0,-78.0
1777892359.2733324,4.0,-1.0,-73.0
1777892359.2833323,5.0,0.0,-73.0
1777892359.2933323,2.0,2.0,-74.0
1777892359.3033323,0.0,0.0,-70.0
1777892359.3133323,-2.0,3.0,-68.0
1777892359.3233323,-5.0,7.0,-72.0
1777892359.3333323,-7.0,7.0,-71.0
1777892359.3433323,-5.0,6.0,-72.0
1777892359.3533323,-4.0,3.0,-79.0
1777892359.3633325,-4.0,0.0,-82.0
1777892359.3733325,-2.0,1.0,-86.0
1777892359.3833325,2.0,0.0,-78.0
1777892359.3933325,7.0,2.0,-72.0
1777892359.4033325,10.0,0.0,-72.0
1777892359.4133325,2.0,0.0,-73.0
1777892359.4233325,0.0,2.0,-75.0
1777892359.4333324,0.0,3.0,-74.0
1777892359.4433324,3.0,4.0,-69.0
1777892359.4533324,0.0,1.0,-65.0
1777892359.4633324,0.0,1.0,-62.0
1777892359.4733324,0.0,0.0,-65.0
1777892359.4833324,-3.0,2.0,-63.0
1777892359.4933324,0.0,1.0,-63.0
1777892359.5033324,-1.0,3.0,-62.0
1777892359.5133324,2.0,0.0,-63.0
1777892359.5233324,-2.0,-2.0,-58.0
1777892359.5333323,3.0,-3.0,-62.0
1777892359.5433323,2.0,-3.0,-69.0
1777892359.5533323,2.0,-4.0,-80.0
1777892359.5633323,0.0,-3.0,-77.0
1777892359.5733323,-1.0,-4.0,-74.0
1777892359.5833323,-3.0,-3.0,-80.0
1777892359.5933323,0.0,-4.0,-72.0
1777892359.6033323,3.0,-2.0,-76.0
1777892359.6133325,3.0,-5.0,-71.0
1777892359.6233325,6.0,-6.0,-74.0
1777892359.6333325,6.0,-2.0,-76.0
1777892359.6433325,8.0,-3.0,-74.0
1777892359.6533325,7.0,-5.0,-67.0
1777892359.6633325,4.0,-6.0,-62.0
1777892359.6733325,3.0,-4.0,-69.0
1777892359.6833324,4.0,-6.0,-74.0
1777892359.6933324,1.0,-3.0,-70.0
1777892359.7033324,2.0,-2.0,-69.0
1777892359.7133324,2.0,4.0,-72.0
1777892359.7233324,5.0,3.0,-83.0
1777892359.7333324,5.0,0.0,-83.0
1777892359.7433324,3.0,0.0,-81.0
1777892359.7533324,4.0,-5.0,-79.0
1777892359.7633324,1.0,-4.0,-71.0
1777892359.7733324,1.0,-3.0,-73.0
1777892359.7833323,3.0,-3.0,-75.0
1777892359.7933323,5.0,-5.0,-68.0
1777892359.8033323,5.0,-4.0,-66.0
1777892359.8133323,7.0,-6.0,-61.0
1777892359.8233323,8.0,-3.0,-60.0
1777892359.8333323,5.0,-1.0,-66.0
1777892359.8433323,0.0,-1.0,-67.0
1777892359.8533323,-1.0,-2.0,-66.0
1777892359.8633325,2.0,-2.0,-65.0
1777892359.8733325,2.0,-3.0,-68.0
1777892359.8833325,-1.0,-2.0,-77.0
1777892359.8933325,-3.0,-1.0,-75.0
1777892359.9033325,-3.0,-1.0,-74.0
1777892359.9133325,-1.0,0.0,-74.0
1777892359.9233325,-3.0,0.0,-70.0
1777892359.9333324,-4.0,0.0,-71.0
1777892359.9433324,-5.0,0.0,-77.0
1777892359.9533324,-2.0,1.0,-81.0
1777892359.9633324,0.0,0.0,-82.0
1777892359.9733324,0.0,1.0,-82.0
1777892359.9833324,-3.0,1.0,-83.0
1777892359.9933324,-4.0,2.0,-75.0
1777892360.0033324,-7.0,0.0,-74.0
1777892360.0133324,-7.0,-5.0,-72.0
1777892360.0233324,-3.0,-5.0,-65.0
1777892360.0333323,-3.0,-9.0,-64.0
1777892360.0433323,0.0,-8.0,-66.0
1777892360.0533323,2.0,-6.0,-70.0
1777892360.0633323,1.0,-4.0,-76.0
1777892360.0733323,2.0,-4.0,-77.0
1777892360.0833323,0.0,-3.0,-73.0
1777892360.0933323,0.0,-2.0,-76.0
1777892360.1033323,0.0,-3.0,-72.0
1777892360.1133325,2.0,-3.0,-73.0
1777892360.1233325,-1.0,1.0,-67.0
1777892360.1333325,-3.0,4.0,-59.0
1777892360.1433325,-6.0,1.0,-61.0
1777892360.1533325,-5.0,0.0,-66.0
1777892360.1633325,0.0,-4.0,-70.0
1777892360.1733325,0.0,-6.0,-69.0
1777892360.1833324,4.0,0.0,-70.0
1777892360.1933324,3.0,0.0,-72.0
1777892360.2033324,7.0,-1.0,-70.0
1777892360.2133324,3.0,-1.0,-65.0
1777892360.2233324,4.0,-1.0,-60.0
1777892360.2333324,2.0,-5.0,-53.0
1777892360.2433324,3.0,-5.0,-58.0
1777892360.2533324,4.0,-7.0,-56.0
1777892360.2633324,5.0,-9.0,-53.0
1777892360.2733324,3.0,-8.0,-53.0
1777892360.2833323,1.0,-7.0,-55.0
1777892360.2933323,5.0,-3.0,-47.0
1777892360.3033323,7.0,-5.0,-47.0
1777892360.3133323,7.0,-4.0,-49.0
1777892360.3233323,7.0,-3.0,-44.0
1777892360.3333323,9.0,-3.0,-53.0
1777892360.3433323,7.0,-3.0,-54.0
1777892360.3533323,4.0,-2.0,-54.0
1777892360.3633325,2.0,-1.0,-62.0
1777892360.3733325,0.0,-1.0,-73.0
1777892360.3833325,-1.0,-3.0,-69.0
1777892360.3933325,-1.0,0.0,-72.0
1777892360.4033325,-3.0,1.0,-72.0
1777892360.4133325,-1.0,-1.0,-69.0
1777892360.4233325,4.0,-2.0,-67.0
1777892360.4333324,-1.0,-5.0,-67.0
1777892360.4433324,1.0,-7.0,-72.0
1777892360.4533324,0.0,-3.0,-72.0
1777892360.4643323,0.0,-2.0,-80.0
1777892360.4743323,3.0,-5.0,-78.0
1777892360.4843323,2.0,-4.0,-77.0
1777892360.4943323,3.0,-4.0,-74.0
1777892360.5043323,0.0,-7.0,-77.0
1777892360.5143323,0.0,-3.0,-74.0
1777892360.5243323,-1.0,-8.0,-72.0
1777892360.5343325,1.0,-5.0,-75.0
1777892360.5443325,-2.0,-1.0,-69.0
1777892360.5543325,1.0,0.0,-72.0
1777892360.5643325,4.0,-2.0,-67.0
1777892360.5743325,1.0,-5.0,-66.0
1777892360.5843325,0.0,-2.0,-67.0
1777892360.5943325,-1.0,0.0,-64.0
1777892360.6043324,-4.0,0.0,-63.0
1777892360.6143324,-6.0,2.0,-62.0
1777892360.6243324,-3.0,-2.0,-70.0
1777892360.6343324,-3.0,-2.0,-69.0
1777892360.6443324,-4.0,0.0,-62.0
1777892360.6543324,-5.0,2.0,-65.0
1777892360.6643324,-5.0,7.0,-65.0
1777892360.6743324,-8.0,3.0,-71.0
1777892360.6843324,-8.0,8.0,-72.0
1777892360.6943324,-10.0,8.0,-68.0
1777892360.7043324,-8.0,8.0,-68.0
1777892360.7143323,-4.0,6.0,-72.0
1777892360.7243323,-3.0,2.0,-78.0
1777892360.7343323,-1.0,2.0,-76.0
1777892360.7443323,-2.0,0.0,-75.0
1777892360.7543323,-5.0,0.0,-66.0
1777892360.7643323,-7.0,-2.0,-60.0
1777892360.7743323,-5.0,1.0,-60.0
1777892360.7843325,-3.0,0.0,-67.0
1777892360.7943325,-5.0,1.0,-73.0
1777892360.8043325,-5.0,0.0,-70.0
1777892360.8143325,-6.0,-2.0,-69.0
1777892360.8243325,-1.0,2.0,-74.0
1777892360.8343325,-2.0,4.0,-75.0
1777892360.8443325,-3.0,1.0,-78.0
1777892360.8543324,1.0,0.0,-74.0
1777892360.8643324,0.0,4.0,-75.0
1777892360.8743324,4.0,3.0,-77.0
1777892360.8843324,2.0,2.0,-74.0
1777892360.8943324,6.0,0.0,-72.0
1777892360.9043324,5.0,0.0,-78.0
1777892360.9143324,2.0,0.0,-74.0
1777892360.9243324,0.0,-5.0,-73.0
1777892360.9343324,3.0,-4.0,-76.0
1777892360.9443324,5.0,-2.0,-69.0
1777892360.9543324,2.0,-1.0,-70.0
1777892360.9643323,0.0,2.0,-75.0
1777892360.9743323,0.0,0.0,-78.0
1777892360.9843323,-2.0,0.0,-76.0
1777892360.9943323,-8.0,0.0,-75.0
1777892361.0043323,-6.0,-2.0,-73.0
1777892361.0143323,-1.0,-2.0,-74.0
1777892361.0243323,0.0,0.0,-78.0
1777892361.0343325,-1.0,-2.0,-78.0
1777892361.0443325,-3.0,0.0,-78.0
1777892361.0543325,-1.0,-1.0,-73.0
1777892361.0643325,-3.0,-5.0,-68.0
1777892361.0743325,-2.0,-4.0,-63.0
1777892361.0843325,-3.0,-1.0,-68.0
1777892361.0943325,-1.0,1.0,-71.0
1777892361.1043324,-3.0,-2.0,-71.0
1777892361.1143324,-1.0,0.0,-70.0
1777892361.1243324,0.0,-5.0,-63.0
1777892361.1343324,3.0,-6.0,-68.0
1777892361.1443324,0.0,-7.0,-76.0
1777892361.1543324,-5.0,-6.0,-78.0
1777892361.1643324,-2.0,-5.0,-78.0
1777892361.1743324,0.0,-5.0,-83.0
1777892361.1843324,2.0,-3.0,-83.0
1777892361.1943324,4.0,-1.0,-83.0
1777892361.2043324,1.0,-2.0,-77.0
1777892361.2143323,-1.0,-2.0,-79.0
1777892361.2243323,2.0,-4.0,-79.0
1777892361.2343323,3.0,-1.0,-74.0
1777892361.2443323,1.0,0.0,-69.0
1777892361.2543323,2.0,3.0,-73.0
1777892361.2643323,0.0,5.0,-72.0
1777892361.2743323,0.0,4.0,-73.0
1777892361.2843325,-3.0,-2.0,-73.0
1777892361.2943325,-4.0,1.0,-75.0
1777892361.3043325,-3.0,6.0,-71.0
1777892361.3143325,-1.0,5.0,-72.0
1777892361.3243325,-1.0,7.0,-75.0
1777892361.3343325,0.0,4.0,-76.0
1777892361.3443325,4.0,6.0,-66.0
1777892361.3543324,6.0,2.0,-68.0
1777892361.3643324,2.0,2.0,-69.0
1777892361.3743324,4.0,3.0,-79.0
1777892361.3843324,0.0,2.0,-75.0
1777892361.3943324,-3.0,5.0,-68.0
1777892361.4043324,1.0,2.0,-73.0
1777892361.4143324,2.0,-1.0,-76.0
1777892361.4243324,4.0,-1.0,-75.0
1777892361.4343324,7.0,0.0,-74.0
1777892361.4443324,7.0,0.0,-74.0
1777892361.4543324,9.0,-3.0,-77.0
1777892361.4643323,9.0,-1.0,-78.0
1777892361.4743323,6.0,-2.0,-79.0
1777892361.4843323,4.0,-1.0,-74.0
1777892361.4943323,0.0,-5.0,-71.0
1777892361.5043323,-3.0,-7.0,-79.0
1777892361.5143323,0.0,-6.0,-79.0
1777892361.5243323,0.0,-4.0,-76.0
1777892361.5343325,0.0,-6.0,-71.0
1777892361.5443325,6.0,-9.0,-70.0
1777892361.5543325,2.0,-3.0,-64.0
1777892361.5643325,0.0,-1.0,-67.0
1777892361.5743325,3.0,-1.0,-70.0
1777892361.5843325,0.0,0.0,-72.0
1777892361.5943325,1.0,0.0,-64.0
1777892361.6043324,0.0,-2.0,-61.0
1777892361.6143324,1.0,0.0,-68.0
1777892361.6243324,2.0,-1.0,-67.0
1777892361.6343324,3.0,-2.0,-73.0
1777892361.6443324,0.0,-4.0,-71.0
1777892361.6543324,0.0,-2.0,-68.0
1777892361.6643324,2.0,-2.0,-60.0
1777892361.6743324,3.0,-4.0,-70.0
1777892361.6843324,2.0,-1.0,-74.0
1777892361.6943324,1.0,0.0,-77.0
1777892361.7043324,-1.0,-1.0,-71.0
1777892361.7143323,1.0,2.0,-69.0
1777892361.7243323,4.0,3.0,-75.0
1777892361.7343323,0.0,6.0,-75.0
1777892361.7443323,-1.0,3.0,-69.0
1777892361.7543323,-4.0,1.0,-77.0
1777892361.7643323,-4.0,-4.0,-77.0
1777892361.7743323,0.0,-6.0,-76.0
1777892361.7843325,3.0,-4.0,-72.0
1777892361.7943325,2.0,0.0,-72.0
1777892361.8043325,2.0,-1.0,-74.0
1777892361.8143325,4.0,-3.0,-71.0
1777892361.8243325,4.0,-3.0,-77.0
1777892361.8343325,1.0,-3.0,-76.0
1777892361.8443325,4.0,1.0,-79.0
1777892361.8543324,2.0,0.0,-79.0
1777892361.8643324,3.0,-3.0,-76.0
1777892361.8743324,2.0,-5.0,-76.0
1777892361.8843324,-5.0,-4.0,-77.0
1777892361.8943324,-6.0,0.0,-74.0
1777892361.9043324,-6.0,0.0,-69.0
1777892361.9143324,1.0,1.0,-68.0
1777892361.9243324,1.0,6.0,-65.0
1777892361.9343324,0.0,6.0,-60.0
1777892361.9443324,-1.0,1.0,-59.0
1777892361.9543324,1.0,0.0,-58.0
1777892361.9643323,3.0,0.0,-59.0
1777892361.9743323,8.0,1.0,-62.0
1777892361.9843323,6.0,-1.0,-64.0
1777892361.9943323,10.0,-1.0,-69.0
1777892362.0043323,8.0,0.0,-66.0
1777892362.0143323,8.0,-1.0,-72.0
1777892362.0243323,4.0,-1.0,-70.0
1777892362.0343325,5.0,-1.0,-69.0
1777892362.0443325,3.0,-1.0,-71.0
1777892362.0543325,3.0,-4.0,-74.0
1777892362.0643325,6.0,-5.0,-73.0
1777892362.0743325,10.0,-5.0,-70.0
1777892362.0843325,5.0,-5.0,-64.0
1777892362.0943325,2.0,-3.0,-65.0
1777892362.1043324,6.0,-4.0,-62.0
1777892362.1143324,0.0,-6.0,-69.0
1777892362.1243324,2.0,-6.0,-69.0
1777892362.1343324,-3.0,-4.0,-68.0
1777892362.1443324,-4.0,-2.0,-74.0
1777892362.1543324,0.0,1.0,-76.0
1777892362.1643324,-2.0,3.0,-76.0
1777892362.1743324,0.0,0.0,-75.0
1777892362.1843324,-1.0,-1.0,-77.0
1777892362.1943324,1.0,-1.0,-73.0
1777892362.2043324,2.0,2.0,-73.0
1777892362.2143323,1.0,3.0,-74.0
1777892362.2243323,0.0,1.0,-74.0
1777892362.2343323,2.0,0.0,-69.0
1777892362.2443323,4.0,0.0,-71.0
1777892362.2543323,1.0,2.0,-75.0
1777892362.2643323,0.0,0.0,-76.0
1777892362.2743323,5.0,0.0,-72.0
1777892362.2843325,3.0,1.0,-71.0
1777892362.2943325,1.0,0.0,-66.0
1777892362.3043325,0.0,-2.0,-66.0
1777892362.3143325,0.0,-2.0,-73.0
1777892362.3243325,2.0,1.0,-73.0
1777892362.3343325,0.0,2.0,-77.0
1777892362.3443325,6.0,0.0,-77.0
1777892362.3543324,4.0,-2.0,-76.0
1777892362.3643324,-3.0,-7.0,-80.0
1777892362.3743324,-5.0,-7.0,-73.0
1777892362.3843324,-8.0,-4.0,-66.0
1777892362.3943324,-3.0,0.0,-70.0
1777892362.4043324,-1.0,0.0,-67.0
1777892362.4143324,-1.0,2.0,-66.0
1777892362.4243324,0.0,3.0,-66.0
1777892362.4343324,-3.0,4.0,-72.0
1777892362.4443324,-4.0,2.0,-77.0
1777892362.4543324,-1.0,-2.0,-73.0
1777892362.4643323,0.0,-1.0,-69.0
1777892362.4743323,1.0,-4.0,-67.0
1777892362.4843323,8.0,1.0,-64.0
1777892362.4953325,3.0,0.0,-70.0
1777892362.5043323,3.0,-4.0,-65.0
1777892362.5153325,2.0,0.0,-72.0
1777892362.5253325,-2.0,0.0,-76.0
1777892362.5353324,3.0,-5.0,-81.0
1777892362.5453324,6.0,-5.0,-80.0
1777892362.5553324,5.0,-5.0,-82.0
1777892362.5653324,2.0,-3.0,-72.0
1777892362.5753324,1.0,1.0,-74.0
1777892362.5853324,0.0,5.0,-73.0
1777892362.5953324,0.0,3.0,-75.0
1777892362.6053324,-1.0,1.0,-71.0
1777892362.6153324,2.0,0.0,-72.0
1777892362.6253324,5.0,-4.0,-73.0
1777892362.6353323,7.0,-9.0,-74.0
1777892362.6453323,7.0,-8.0,-72.0
1777892362.6553323,4.0,-7.0,-69.0
1777892362.6653323,7.0,-5.0,-68.0
1777892362.6753323,6.0,-2.0,-71.0
1777892362.6853323,3.0,-1.0,-80.0
1777892362.6953323,-1.0,-1.0,-84.0
1777892362.7053325,3.0,0.0,-82.0
1777892362.7153325,3.0,0.0,-82.0
1777892362.7253325,4.0,3.0,-79.0
1777892362.7353325,0.0,0.0,-81.0
1777892362.7453325,-4.0,-1.0,-78.0
1777892362.7553325,-2.0,-2.0,-77.0
1777892362.7653325,-1.0,-6.0,-69.0
1777892362.7753325,-3.0,0.0,-62.0
1777892362.7853324,-4.0,-2.0,-64.0
1777892362.7953324,-2.0,0.0,-67.0
1777892362.8053324,1.0,3.0,-68.0
1777892362.8153324,0.0,2.0,-74.0
1777892362.8253324,0.0,0.0,-76.0
1777892362.8353324,-1.0,0.0,-75.0
1777892362.8453324,-5.0,0.0,-69.0
1777892362.8553324,-7.0,-2.0,-72.0
1777892362.8653324,-5.0,-1.0,-74.0
1777892362.8753324,-6.0,0.0,-79.0
1777892362.8853323,-8.0,0.0,-77.0
1777892362.8953323,-7.0,0.0,-76.0
1777892362.9053323,0.0,1.0,-68.0
1777892362.9153323,0.0,-4.0,-71.0
1777892362.9253323,-2.0,-9.0,-70.0
1777892362.9353323,-4.0,-7.0,-69.0
1777892362.9453323,0.0,-8.0,-67.0
1777892362.9553325,-2.0,-5.0,-72.0
1777892362.9653325,-4.0,-7.0,-79.0
1777892362.9753325,-3.0,-8.0,-78.0
1777892362.9853325,-1.0,-7.0,-76.0
1777892362.9953325,0.0,-7.0,-80.0
1777892363.0053325,1.0,-7.0,-83.0
1777892363.0153325,3.0,-6.0,-75.0
1777892363.0253325,6.0,-6.0,-70.0
1777892363.0353324,4.0,-8.0,-66.0
1777892363.0453324,1.0,-4.0,-63.0
1777892363.0553324,2.0,0.0,-66.0
1777892363.0653324,-1.0,1.0,-60.0
1777892363.0753324,0.0,-3.0,-58.0
1777892363.0853324,-1.0,-6.0,-63.0
1777892363.0953324,-2.0,-7.0,-67.0
1777892363.1053324,-1.0,-3.0,-74.0
1777892363.1153324,0.0,-3.0,-81.0
1777892363.1253324,-2.0,3.0,-85.0
1777892363.1353323,-1.0,1.0,-85.0
1777892363.1453323,-5.0,0.0,-78.0
1777892363.1553323,-8.0,3.0,-80.0
1777892363.1653323,-2.0,4.0,-80.0
1777892363.1753323,1.0,2.0,-83.0
1777892363.1853323,2.0,-3.0,-78.0
1777892363.1953323,0.0,-3.0,-78.0
1777892363.2053325,-2.0,-4.0,-81.0
1777892363.2153325,0.0,-2.0,-78.0
1777892363.2253325,2.0,-1.0,-76.0
1777892363.2353325,0.0,-3.0,-66.0
1777892363.2453325,-1.0,-2.0,-59.0
1777892363.2553325,-2.0,-3.0,-56.0
1777892363.2653325,0.0,-4.0,-64.0
1777892363.2753325,0.0,-1.0,-67.0
1777892363.2853324,0.0,1.0,-61.0
1777892363.2953324,0.0,3.0,-63.0
1777892363.3053324,5.0,5.0,-66.0
1777892363.3153324,6.0,5.0,-67.0
1777892363.3253324,3.0,0.0,-67.0
1777892363.3353324,4.0,-1.0,-71.0
1777892363.3453324,4.0,0.0,-74.0
1777892363.3553324,1.0,0.0,-73.0
1777892363.3653324,0.0,0.0,-72.0
1777892363.3753324,-3.0,0.0,-68.0
1777892363.3853323,-4.0,0.0,-66.0
1777892363.3953323,-1.0,5.0,-65.0
1777892363.4053323,0.0,9.0,-59.0
1777892363.4153323,2.0,8.0,-63.0
1777892363.4253323,3.0,6.0,-66.0
1777892363.4353323,2.0,7.0,-72.0
1777892363.4453323,0.0,8.0,-79.0
1777892363.4553325,0.0,8.0,-72.0
1777892363.4653325,1.0,4.0,-69.0
1777892363.4753325,0.0,6.0,-64.0
1777892363.4853325,3.0,4.0,-65.0
1777892363.4953325,5.0,1.0,-61.0
1777892363.5053325,5.0,-1.0,-65.0
1777892363.5153325,10.0,-1.0,-67.0
1777892363.5253325,8.0,-1.0,-64.0
1777892363.5353324,6.0,-2.0,-70.0
1777892363.5453324,4.0,-3.0,-61.0
1777892363.5553324,4.0,0.0,-63.0
1777892363.5653324,8.0,0.0,-72.0
1777892363.5753324,5.0,-4.0,-71.0
1777892363.5853324,7.0,-5.0,-72.0
1777892363.5953324,2.0,-4.0,-69.0
1777892363.6053324,-2.0,-4.0,-65.0
1777892363.6153324,2.0,-1.0,-56.0
1777892363.6253324,3.0,-1.0,-59.0
1777892363.6353323,2.0,0.0,-53.0
1777892363.6453323,1.0,3.0,-54.0
1777892363.6553323,1.0,3.0,-54.0
1777892363.6653323,0.0,2.0,-50.0
1777892363.6753323,-2.0,1.0,-52.0
1777892363.6853323,-3.0,3.0,-50.0
1777892363.6953323,0.0,8.0,-49.0
1777892363.7053325,-1.0,9.0,-50.0
1777892363.7153325,-1.0,8.0,-57.0
1777892363.7253325,0.0,7.0,-62.0
1777892363.7353325,2.0,4.0,-66.0
1777892363.7453325,6.0,1.0,-68.0
1777892363.7553325,4.0,1.0,-71.0
1777892363.7653325,0.0,0.0,-72.0
1777892363.7753325,-4.0,0.0,-76.0
1777892363.7853324,-5.0,2.0,-74.0
1777892363.7953324,-2.0,0.0,-71.0
1777892363.8053324,-3.0,-1.0,-61.0
1777892363.8153324,-6.0,0.0,-53.0
1777892363.8253324,-9.0,-2.0,-57.0
1777892363.8353324,-5.0,-3.0,-62.0
1777892363.8453324,-3.0,-4.0,-62.0
1777892363.8553324,-4.0,0.0,-59.0
1777892363.8653324,-1.0,2.0,-60.0
1777892363.8753324,0.0,4.0,-57.0
1777892363.8853323,1.0,4.0,-62.0
1777892363.8953323,2.0,2.0,-68.0
1777892363.9053323,4.0,2.0,-71.0
1777892363.9153323,3.0,4.0,-67.0
1777892363.9253323,1.0,2.0,-67.0
1777892363.9353323,2.0,2.0,-67.0
1777892363.9453323,0.0,-1.0,-69.0
1777892363.9553325,3.0,-5.0,-63.0
1777892363.9653325,1.0,-4.0,-59.0
1777892363.9753325,7.0,-4.0,-67.0
1777892363.9853325,8.0,-5.0,-72.0
1777892363.9953325,3.0,-6.0,-65.0
1777892364.0053325,2.0,-8.0,-68.0
1777892364.0153325,2.0,-6.0,-61.0
1777892364.0253325,3.0,0.0,-64.0
1777892364.0353324,5.0,-2.0,-72.0
1777892364.0453324,3.0,0.0,-80.0
1777892364.0553324,0.0,2.0,-77.0
1777892364.0653324,0.0,8.0,-71.0
1777892364.0753324,-2.0,6.0,-71.0
1777892364.0853324,-3.0,7.0,-71.0
1777892364.0953324,0.0,2.0,-74.0
1777892364.1053324,-4.0,-2.0,-68.0
1777892364.1153324,0.0,0.0,-67.0
1777892364.1253324,-3.0,1.0,-65.0
1777892364.1353323,-3.0,-1.0,-61.0
1777892364.1453323,-3.0,-4.0,-65.0
1777892364.1553323,0.0,-3.0,-67.0
1777892364.1653323,-5.0,-6.0,-67.0
1777892364.1753323,-5.0,-5.0,-66.0
1777892364.1853323,-1.0,-4.0,-70.0
1777892364.1953323,0.0,-5.0,-76.0
1777892364.2053325,-2.0,-5.0,-79.0
1777892364.2153325,-2.0,-3.0,-80.0
1777892364.2253325,-4.0,-7.0,-81.0
1777892364.2353325,-2.0,-7.0,-77.0
1777892364.2453325,0.0,-1.0,-75.0
1777892364.2553325,3.0,-1.0,-76.0
1777892364.2653325,4.0,-5.0,-75.0
1777892364.2753325,0.0,-8.0,-79.0
1777892364.2853324,0.0,-9.0,-84.0
1777892364.2953324,0.0,-5.0,-81.0
1777892364.3053324,0.0,-6.0,-78.0
1777892364.3153324,2.0,-6.0,-78.0
1777892364.3253324,0.0,0.0,-75.0
1777892364.3353324,-1.0,0.0,-68.0
1777892364.3453324,1.0,-6.0,-72.0
1777892364.3553324,5.0,-9.0,-75.0
1777892364.3653324,-2.0,-5.0,-78.0
1777892364.3753324,0.0,0.0,-73.0
1777892364.3853323,0.0,0.0,-73.0
1777892364.3953323,0.0,-1.0,-69.0
1777892364.4053323,-3.0,0.0,-71.0
1777892364.4153323,-8.0,0.0,-73.0
1777892364.4253323,-6.0,1.0,-67.0
1777892364.4353323,-4.0,5.0,-67.0
1777892364.4453323,-6.0,10.0,-68.0
1777892364.4563324,-9.0,5.0,-67.0
1777892364.4663324,-13.0,1.0,-69.0
1777892364.4763324,-10.0,0.0,-70.0
1777892364.4853325,-8.0,2.0,-65.0
1777892364.4963324,0.0,-3.0,-70.0
1777892364.5063324,0.0,-1.0,-78.0
1777892364.5163324,2.0,1.0,-77.0
1777892364.5263324,2.0,1.0,-82.0
1777892364.5363324,-1.0,2.0,-80.0
1777892364.5463324,-4.0,2.0,-78.0
1777892364.5563323,-4.0,2.0,-81.0
1777892364.5663323,-7.0,0.0,-80.0
1777892364.5763323,-8.0,-1.0,-72.0
1777892364.5863323,-6.0,3.0,-73.0
1777892364.5963323,-8.0,-3.0,-76.0
1777892364.6063323,-6.0,-2.0,-70.0
1777892364.6163323,-9.0,-3.0,-68.0
1777892364.6263323,-4.0,-5.0,-67.0
1777892364.6363325,-1.0,-2.0,-67.0
1777892364.6463325,2.0,-6.0,-69.0
1777892364.6563325,2.0,-4.0,-66.0
1777892364.6663325,3.0,-1.0,-70.0
1777892364.6763325,-1.0,0.0,-71.0
1777892364.6863325,-1.0,3.0,-78.0
1777892364.6963325,1.0,9.0,-79.0
1777892364.7063324,1.0,8.0,-77.0
1777892364.7163324,0.0,2.0,-81.0
1777892364.7263324,1.0,0.0,-75.0
1777892364.7363324,0.0,-2.0,-75.0
1777892364.7463324,3.0,1.0,-70.0
1777892364.7563324,-1.0,-2.0,-62.0
1777892364.7663324,2.0,-1.0,-69.0
1777892364.7763324,4.0,-1.0,-69.0
1777892364.7863324,2.0,0.0,-65.0
1777892364.7963324,3.0,-4.0,-63.0
1777892364.8063323,7.0,-6.0,-65.0
1777892364.8163323,3.0,-7.0,-64.0
1777892364.8263323,2.0,-5.0,-60.0
1777892364.8363323,1.0,-3.0,-66.0
1777892364.8463323,-1.0,-8.0,-69.0
1777892364.8563323,-4.0,-12.0,-67.0
1777892364.8663323,-4.0,-13.0,-65.0
1777892364.8763323,-3.0,-9.0,-61.0
1777892364.8863325,-2.0,-7.0,-64.0
1777892364.8963325,0.0,-5.0,-69.0
1777892364.9063325,1.0,-10.0,-75.0
1777892364.9163325,1.0,-8.0,-71.0
1777892364.9263325,0.0,-5.0,-73.0
1777892364.9363325,0.0,-3.0,-73.0
1777892364.9463325,0.0,-2.0,-75.0
1777892364.9563324,2.0,-6.0,-78.0
1777892364.9663324,3.0,-3.0,-84.0
1777892364.9763324,3.0,-2.0,-78.0
1777892364.9863324,4.0,0.0,-76.0
1777892364.9963324,3.0,-1.0,-70.0
1777892365.0063324,4.0,-1.0,-73.0
1777892365.0163324,-1.0,-3.0,-76.0
1777892365.0263324,-1.0,0.0,-71.0
1777892365.0363324,2.0,1.0,-72.0
1777892365.0463324,0.0,0.0,-74.0
1777892365.0563323,0.0,-2.0,-73.0
1777892365.0663323,0.0,-1.0,-69.0
1777892365.0763323,1.0,3.0,-71.0
1777892365.0863323,8.0,2.0,-73.0
1777892365.0963323,5.0,-1.0,-77.0
1777892365.1063323,1.0,0.0,-78.0
1777892365.1163323,-1.0,-2.0,-77.0
1777892365.1263323,-2.0,-1.0,-79.0
1777892365.1363325,-3.0,-4.0,-77.0
1777892365.1463325,-2.0,-3.0,-75.0
1777892365.1563325,0.0,-3.0,-71.0
1777892365.1663325,3.0,-3.0,-75.0
1777892365.1763325,0.0,-4.0,-69.0
1777892365.1863325,0.0,-6.0,-67.0
1777892365.1963325,1.0,-6.0,-60.0
1777892365.2063324,2.0,-3.0,-63.0
1777892365.2163324,3.0,-4.0,-73.0
1777892365.2263324,1.0,-2.0,-75.0
1777892365.2363324,1.0,-2.0,-74.0
1777892365.2463324,0.0,-5.0,-80.0
1777892365.2563324,-3.0,-3.0,-80.0
1777892365.2663324,-6.0,-5.0,-78.0
1777892365.2763324,-7.0,-5.0,-77.0
1777892365.2863324,-7.0,-1.0,-70.0
1777892365.2963324,-3.0,-3.0,-65.0
1777892365.3063323,-2.0,-4.0,-59.0
1777892365.3163323,2.0,-4.0,-63.0
1777892365.3263323,6.0,-3.0,-69.0
1777892365.3363323,10.0,-5.0,-66.0
1777892365.3463323,10.0,-6.0,-64.0
1777892365.3563323,12.0,-6.0,-72.0
1777892365.3663323,7.0,-4.0,-72.0
1777892365.3763323,3.0,-1.0,-66.0
1777892365.3863325,0.0,2.0,-65.0
1777892365.3963325,-6.0,4.0,-72.0
1777892365.4063325,0.0,0.0,-69.0
1777892365.4163325,2.0,0.0,-66.0
1777892365.4263325,2.0,4.0,-72.0
1777892365.4363325,3.0,4.0,-78.0
1777892365.4463325,7.0,1.0,-81.0
1777892365.4563324,4.0,0.0,-73.0
1777892365.4663324,7.0,-1.0,-73.0
1777892365.4763324,9.0,0.0,-75.0
1777892365.4863324,8.0,0.0,-75.0
1777892365.4963324,10.0,2.0,-74.0
1777892365.5063324,11.0,1.0,-69.0
1777892365.5163324,4.0,-3.0,-75.0
1777892365.5263324,2.0,-6.0,-70.0
1777892365.5363324,-1.0,-4.0,-70.0
1777892365.5463324,-2.0,-6.0,-68.0
1777892365.5563323,-3.0,-6.0,-68.0
1777892365.5663323,-1.0,-6.0,-76.0
1777892365.5763323,0.0,-8.0,-76.0
1777892365.5863323,-5.0,-4.0,-73.0
1777892365.5963323,-3.0,0.0,-78.0
1777892365.6063323,3.0,0.0,-84.0
1777892365.6163323,7.0,-1.0,-83.0
1777892365.6263323,5.0,0.0,-85.0
1777892365.6363325,1.0,0.0,-79.0
1777892365.6463325,1.0,3.0,-78.0
1777892365.6563325,5.0,1.0,-78.0
1777892365.6663325,4.0,-1.0,-74.0
1777892365.6763325,4.0,-3.0,-71.0
1777892365.6863325,2.0,0.0,-76.0
1777892365.6963325,0.0,-5.0,-76.0
1777892365.7063324,5.0,-4.0,-77.0
1777892365.7163324,7.0,-4.0,-81.0
1777892365.7263324,6.0,-5.0,-75.0
1777892365.7363324,5.0,-4.0,-77.0
1777892365.7463324,6.0,-3.0,-80.0
1777892365.7563324,6.0,0.0,-75.0
1777892365.7663324,3.0,3.0,-70.0
1777892365.7763324,4.0,0.0,-70.0
1777892365.7863324,5.0,0.0,-74.0
1777892365.7963324,5.0,1.0,-76.0
1777892365.8063323,8.0,0.0,-76.0
1777892365.8163323,3.0,0.0,-76.0
1777892365.8263323,2.0,0.0,-72.0
1777892365.8363323,7.0,0.0,-69.0
1777892365.8463323,8.0,1.0,-65.0
1777892365.8563323,9.0,4.0,-68.0
1777892365.8663323,10.0,1.0,-67.0
1777892365.8763323,9.0,-2.0,-69.0
1777892365.8863325,6.0,-2.0,-68.0
1777892365.8963325,5.0,1.0,-60.0
1777892365.9063325,0.0,0.0,-65.0
1777892365.9163325,-3.0,1.0,-69.0
1777892365.9263325,0.0,0.0,-72.0
1777892365.9363325,1.0,-4.0,-71.0
1777892365.9463325,0.0,-5.0,-65.0
1777892365.9563324,0.0,-4.0,-71.0
1777892365.9663324,0.0,-5.0,-70.0
1777892365.9763324,2.0,-4.0,-65.0
1777892365.9863324,1.0,-2.0,-63.0
1777892365.9963324,2.0,-1.0,-67.0
1777892366.0063324,6.0,0.0,-67.0
1777892366.0163324,6.0,1.0,-68.0
1777892366.0263324,5.0,4.0,-75.0
1777892366.0363324,7.0,0.0,-78.0
1777892366.0463324,7.0,-4.0,-73.0
1777892366.0563323,3.0,-4.0,-69.0
1777892366.0663323,0.0,-4.0,-68.0
1777892366.0763323,3.0,-7.0,-73.0
1777892366.0863323,3.0,-6.0,-75.0
1777892366.0963323,0.0,-4.0,-67.0
1777892366.1063323,3.0,0.0,-70.0
1777892366.1163323,5.0,-1.0,-65.0
1777892366.1263323,2.0,0.0,-60.0
1777892366.1363325,-1.0,-1.0,-64.0
1777892366.1463325,-3.0,0.0,-68.0
1777892366.1563325,-1.0,1.0,-64.0
1777892366.1663325,-1.0,1.0,-64.0
1777892366.1763325,-3.0,3.0,-68.0
1777892366.1863325,-5.0,0.0,-70.0
1777892366.1963325,0.0,-2.0,-74.0
1777892366.2063324,4.0,-6.0,-73.0
1777892366.2163324,5.0,0.0,-66.0
1777892366.2263324,7.0,-2.0,-62.0
1777892366.2363324,2.0,0.0,-66.0
1777892366.2463324,3.0,2.0,-65.0
1777892366.2563324,1.0,4.0,-72.0
1777892366.2663324,1.0,5.0,-71.0
1777892366.2763324,0.0,0.0,-69.0
1777892366.2863324,1.0,0.0,-68.0
1777892366.2963324,0.0,0.0,-74.0
1777892366.3063323,0.0,-1.0,-70.0
1777892366.3163323,2.0,0.0,-73.0
1777892366.3263323,3.0,1.0,-73.0
1777892366.3363323,1.0,0.0,-83.0
1777892366.3463323,4.0,-2.0,-86.0
1777892366.3563323,6.0,-3.0,-88.0
1777892366.3663323,10.0,-1.0,-82.0
1777892366.3763323,9.0,-3.0,-88.0
1777892366.3863325,3.0,-7.0,-84.0
1777892366.3963325,4.0,-8.0,-89.0
1777892366.4063325,4.0,-5.0,-87.0
1777892366.4163325,2.0,-8.0,-83.0
1777892366.4263325,0.0,-10.0,-76.0
1777892366.4373324,-2.0,-11.0,-73.0
1777892366.4473324,-1.0,-7.0,-74.0
1777892366.4573324,5.0,-4.0,-74.0
1777892366.4673324,2.0,-1.0,-75.0
1777892366.4773324,-3.0,1.0,-75.0
1777892366.4873323,-4.0,-1.0,-63.0
1777892366.4973323,-1.0,-5.0,-61.0
1777892366.5073323,-4.0,-8.0,-64.0
1777892366.5173323,-2.0,-6.0,-78.0
1777892366.5273323,1.0,-4.0,-78.0
1777892366.5373323,4.0,-4.0,-75.0
1777892366.5473323,3.0,-3.0,-77.0
1777892366.5573325,1.0,-4.0,-77.0
1777892366.5673325,3.0,-4.0,-78.0
1777892366.5773325,4.0,0.0,-77.0
1777892366.5873325,1.0,-2.0,-77.0
1777892366.5973325,0.0,0.0,-72.0
1777892366.6073325,-2.0,0.0,-74.0
1777892366.6173325,4.0,1.0,-71.0
1777892366.6273324,7.0,-1.0,-73.0
1777892366.6373324,5.0,1.0,-75.0
1777892366.6473324,5.0,-3.0,-78.0
1777892366.6573324,7.0,-2.0,-80.0
1777892366.6673324,7.0,-4.0,-74.0
1777892366.6773324,3.0,-2.0,-71.0
1777892366.6873324,2.0,0.0,-70.0
1777892366.6973324,-1.0,2.0,-68.0
1777892366.7073324,1.0,3.0,-72.0
1777892366.7173324,0.0,0.0,-63.0
1777892366.7273324,-2.0,0.0,-73.0
1777892366.7373323,-7.0,-1.0,-71.0
1777892366.7473323,-6.0,-2.0,-71.0
1777892366.7573323,-3.0,-1.0,-73.0
1777892366.7673323,-2.0,-1.0,-71.0
1777892366.7773323,0.0,-4.0,-74.0
1777892366.7873323,2.0,-2.0,-81.0
1777892366.7973323,2.0,-2.0,-73.0
1777892366.8073325,0.0,-1.0,-76.0
1777892366.8173325,3.0,0.0,-74.0
1777892366.8273325,1.0,-1.0,-66.0
1777892366.8373325,2.0,-5.0,-71.0
1777892366.8473325,-2.0,0.0,-73.0
1777892366.8573325,-2.0,-2.0,-67.0
1777892366.8673325,-1.0,-1.0,-65.0
1777892366.8773324,4.0,-6.0,-63.0
1777892366.8873324,2.0,-2.0,-62.0
1777892366.8973324,4.0,-4.0,-63.0
1777892366.9073324,11.0,-1.0,-65.0
1777892366.9173324,13.0,0.0,-75.0
1777892366.9273324,9.0,0.0,-83.0
1777892366.9373324,3.0,0.0,-83.0
1777892366.9473324,3.0,4.0,-81.0
1777892366.9573324,8.0,1.0,-78.0
1777892366.9673324,3.0,4.0,-80.0
1777892366.9773324,1.0,5.0,-77.0
1777892366.9873323,-6.0,5.0,-75.0
1777892366.9973323,-4.0,6.0,-80.0
1777892367.0073323,-6.0,5.0,-74.0
1777892367.0173323,-1.0,7.0,-74.0
1777892367.0273323,-1.0,4.0,-80.0
1777892367.0373323,-2.0,3.0,-84.0
1777892367.0473323,-3.0,0.0,-82.0
1777892367.0573325,0.0,1.0,-80.0
1777892367.0673325,0.0,1.0,-77.0
1777892367.0773325,3.0,1.0,-76.0
1777892367.0873325,4.0,4.0,-76.0
1777892367.0973325,0.0,3.0,-74.0
1777892367.1073325,3.0,-1.0,-75.0
1777892367.1173325,5.0,-2.0,-79.0
1777892367.1273324,4.0,-3.0,-78.0
1777892367.1373324,-1.0,-8.0,-76.0
1777892367.1473324,-1.0,-8.0,-72.0
1777892367.1573324,0.0,-8.0,-72.0
1777892367.1673324,2.0,-6.0,-73.0
1777892367.1773324,5.0,-3.0,-74.0
1777892367.1873324,9.0,1.0,-72.0
1777892367.1973324,8.0,0.0,-71.0
1777892367.2073324,5.0,0.0,-67.0
1777892367.2173324,0.0,0.0,-72.0
1777892367.2273324,-2.0,0.0,-70.0
1777892367.2373323,4.0,1.0,-63.0
1777892367.2473323,4.0,-1.0,-66.0
1777892367.2573323,2.0,-1.0,-69.0
1777892367.2673323,1.0,-3.0,-76.0
1777892367.2773323,2.0,-2.0,-80.0
1777892367.2873323,1.0,-4.0,-87.0
1777892367.2973323,-3.0,-4.0,-78.0
1777892367.3073325,0.0,-7.0,-70.0
1777892367.3173325,-4.0,-5.0,-72.0
1777892367.3273325,-2.0,-5.0,-70.0
1777892367.3373325,0.0,-6.0,-72.0
1777892367.3473325,-1.0,-6.0,-71.0
1777892367.3573325,0.0,-4.0,-68.0
1777892367.3673325,0.0,-7.0,-68.0
1777892367.3773324,-1.0,-7.0,-63.0
1777892367.3873324,0.0,-9.0,-67.0
1777892367.3973324,2.0,-7.0,-69.0
1777892367.4073324,3.0,-3.0,-75.0
1777892367.4173324,4.0,0.0,-78.0
1777892367.4273324,6.0,0.0,-83.0
1777892367.4373324,4.0,-5.0,-82.0
1777892367.4473324,1.0,-5.0,-83.0
1777892367.4573324,2.0,-4.0,-75.0
1777892367.4673324,-3.0,-3.0,-71.0
1777892367.4773324,-2.0,-3.0,-73.0
1777892367.4873323,3.0,-1.0,-72.0
1777892367.4973323,3.0,-1.0,-72.0
1777892367.5073323,5.0,1.0,-74.0
1777892367.5173323,3.0,1.0,-76.0
1777892367.5273323,5.0,1.0,-80.0
1777892367.5373323,8.0,0.0,-80.0
1777892367.5473323,8.0,1.0,-82.0
1777892367.5573325,4.0,2.0,-79.0
1777892367.5673325,5.0,2.0,-82.0
1777892367.5773325,5.0,0.0,-71.0
1777892367.5873325,7.0,0.0,-67.0
1777892367.5973325,6.0,0.0,-70.0
1777892367.6073325,4.0,1.0,-63.0
1777892367.6173325,-1.0,0.0,-70.0
1777892367.6273324,0.0,-1.0,-70.0
1777892367.6373324,0.0,-1.0,-67.0
1777892367.6473324,-2.0,-1.0,-68.0
1777892367.6573324,0.0,-2.0,-70.0
1777892367.6673324,0.0,0.0,-75.0
1777892367.6773324,0.0,2.0,-78.0
1777892367.6873324,-2.0,-2.0,-79.0
1777892367.6973324,0.0,-3.0,-75.0
1777892367.7073324,1.0,-4.0,-73.0
1777892367.7173324,-1.0,-2.0,-73.0
1777892367.7273324,0.0,-1.0,-71.0
1777892367.7373323,4.0,0.0,-68.0
1777892367.7473323,9.0,-1.0,-73.0
1777892367.7573323,9.0,-1.0,-79.0
1777892367.7673323,8.0,-1.0,-82.0
1777892367.7773323,8.0,-1.0,-76.0
1777892367.7873323,12.0,-5.0,-75.0
1777892367.7973323,6.0,-3.0,-76.0
1777892367.8073325,6.0,0.0,-77.0
1777892367.8173325,6.0,-2.0,-83.0
1777892367.8273325,4.0,0.0,-78.0
1777892367.8373325,3.0,0.0,-83.0
1777892367.8473325,5.0,0.0,-73.0
1777892367.8573325,5.0,0.0,-68.0
1777892367.8673325,4.0,-1.0,-69.0
1777892367.8773324,2.0,-2.0,-75.0
1777892367.8873324,4.0,-2.0,-69.0
1777892367.8973324,4.0,-3.0,-67.0
1777892367.9073324,0.0,-5.0,-65.0
1777892367.9173324,-2.0,-1.0,-62.0
1777892367.9273324,0.0,1.0,-63.0
1777892367.9373324,6.0,-1.0,-64.0
1777892367.9473324,6.0,-1.0,-66.0
1777892367.9573324,6.0,-2.0,-61.0
1777892367.9673324,7.0,-2.0,-58.0
1777892367.9773324,4.0,-2.0,-57.0
1777892367.9873323,5.0,-5.0,-66.0
1777892367.9973323,2.0,-6.0,-71.0
1777892368.0073323,-1.0,-7.0,-67.0
1777892368.0173323,-4.0,-6.0,-65.0
1777892368.0273323,-2.0,-4.0,-66.0
1777892368.0373323,0.0,-6.0,-63.0
1777892368.0473323,0.0,-7.0,-70.0
1777892368.0573325,1.0,-3.0,-70.0
1777892368.0673325,1.0,-2.0,-75.0
1777892368.0773325,4.0,-7.0,-81.0
1777892368.0873325,0.0,-9.0,-81.0
1777892368.0973325,-3.0,-6.0,-79.0
1777892368.1073325,1.0,-7.0,-78.0
1777892368.1173325,2.0,-2.0,-77.0
1777892368.1273324,-3.0,0.0,-68.0
1777892368.1373324,-6.0,-2.0,-70.0
1777892368.1473324,-6.0,-4.0,-67.0
1777892368.1573324,-5.0,-5.0,-68.0
1777892368.1673324,-2.0,-4.0,-70.0
1777892368.1773324,-10.0,-2.0,-70.0
1777892368.1873324,-11.0,-7.0,-76.0
1777892368.1973324,-10.0,-6.0,-74.0
1777892368.2073324,-4.0,-6.0,-68.0
1777892368.2173324,-4.0,-5.0,-66.0
1777892368.2273324,-3.0,-4.0,-67.0
1777892368.2373323,-1.0,0.0,-73.0
1777892368.2473323,0.0,5.0,-75.0
1777892368.2573323,3.0,6.0,-77.0
1777892368.2673323,4.0,9.0,-72.0
1777892368.2773323,7.0,8.0,-72.0
1777892368.2873323,7.0,4.0,-70.0
1777892368.2973323,9.0,2.0,-75.0
1777892368.3073325,8.0,3.0,-76.0
1777892368.3173325,5.0,5.0,-79.0
1777892368.3273325,3.0,5.0,-77.0
1777892368.3373325,0.0,8.0,-77.0
1777892368.3473325,0.0,6.0,-66.0
1777892368.3573325,0.0,5.0,-63.0
1777892368.3673325,-2.0,2.0,-65.0
1777892368.3773324,0.0,4.0,-63.0
1777892368.3873324,0.0,0.0,-59.0
1777892368.3973324,-2.0,0.0,-58.0
1777892368.4073324,-1.0,-1.0,-64.0
1777892368.4173324,0.0,4.0,-63.0
1777892368.4273324,2.0,3.0,-61.0
1777892368.4373324,8.0,4.0,-59.0
1777892368.4473324,6.0,0.0,-63.0
1777892368.4583323,3.0,1.0,-68.0
1777892368.4673324,2.0,3.0,-67.0
1777892368.4783323,0.0,1.0,-66.0
1777892368.4883325,4.0,4.0,-71.0
1777892368.4973323,4.0,3.0,-68.0
1777892368.5083325,6.0,2.0,-69.0
1777892368.5183325,4.0,2.0,-68.0
1777892368.5283325,4.0,4.0,-70.0
1777892368.5383325,1.0,4.0,-67.0
1777892368.5483325,0.0,3.0,-74.0
1777892368.5583324,6.0,0.0,-73.0
1777892368.5683324,6.0,-2.0,-66.0
1777892368.5783324,5.0,-5.0,-66.0
1777892368.5883324,0.0,0.0,-66.0
1777892368.5983324,-4.0,1.0,-64.0
1777892368.6083324,-4.0,5.0,-61.0
1777892368.6183324,-5.0,7.0,-56.0
1777892368.6283324,-2.0,5.0,-61.0
1777892368.6383324,3.0,3.0,-61.0
1777892368.6483324,3.0,6.0,-64.0
1777892368.6583323,1.0,7.0,-61.0
1777892368.6683323,3.0,4.0,-65.0
1777892368.6783323,5.0,5.0,-68.0
1777892368.6883323,3.0,1.0,-68.0
1777892368.6983323,3.0,1.0,-66.0
1777892368.7083323,2.0,-1.0,-62.0
1777892368.7183323,1.0,-3.0,-57.0
1777892368.7283323,3.0,-3.0,-60.0
1777892368.7383325,0.0,-3.0,-61.0
1777892368.7483325,-2.0,-1.0,-53.0
1777892368.7583325,-2.0,1.0,-58.0
1777892368.7683325,-1.0,1.0,-58.0
1777892368.7783325,1.0,2.0,-58.0
1777892368.7883325,4.0,7.0,-53.0
1777892368.7983325,6.0,7.0,-53.0
1777892368.8083324,6.0,5.0,-59.0
1777892368.8183324,6.0,1.0,-57.0
1777892368.8283324,4.0,0.0,-52.0
1777892368.8383324,0.0,-1.0,-56.0
1777892368.8483324,-6.0,-6.0,-62.0
1777892368.8583324,-5.0,-6.0,-66.0
1777892368.8683324,-2.0,-4.0,-63.0
1777892368.8783324,-2.0,-1.0,-65.0
1777892368.8883324,-2.0,-4.0,-67.0
1777892368.8983324,-4.0,0.0,-64.0
1777892368.9083323,-4.0,5.0,-68.0
1777892368.9183323,0.0,3.0,-67.0
1777892368.9283323,0.0,1.0,-74.0
1777892368.9383323,0.0,-1.0,-74.0
1777892368.9483323,1.0,0.0,-75.0
1777892368.9583323,0.0,0.0,-73.0
1777892368.9683323,0.0,4.0,-71.0
1777892368.9783323,1.0,4.0,-75.0
1777892368.9883325,1.0,2.0,-77.0
1777892368.9983325,0.0,1.0,-75.0
1777892369.0083325,-1.0,-1.0,-78.0
1777892369.0183325,-2.0,-1.0,-75.0
1777892369.0283325,-3.0,0.0,-73.0
1777892369.0383325,0.0,-1.0,-74.0
1777892369.0483325,-3.0,0.0,-71.0
1777892369.0583324,2.0,0.0,-75.0
1777892369.0683324,1.0,0.0,-78.0
1777892369.0783324,0.0,2.0,-78.0
1777892369.0883324,0.0,2.0,-76.0
1777892369.0983324,-4.0,1.0,-81.0
1777892369.1083324,-8.0,-4.0,-81.0
1777892369.1183324,-4.0,-3.0,-79.0
1777892369.1283324,0.0,-2.0,-74.0
1777892369.1383324,-2.0,3.0,-70.0
1777892369.1483324,-4.0,6.0,-71.0
1777892369.1583323,0.0,8.0,-74.0
1777892369.1683323,4.0,9.0,-73.0
1777892369.1783323,8.0,3.0,-68.0
1777892369.1883323,0.0,-2.0,-63.0
1777892369.1983323,-1.0,-1.0,-64.0
1777892369.2083323,-1.0,-1.0,-57.0
1777892369.2183323,-1.0,-2.0,-63.0
1777892369.2283323,0.0,-1.0,-64.0
1777892369.2383325,4.0,-5.0,-63.0
1777892369.2483325,0.0,-6.0,-67.0
1777892369.2583325,0.0,-8.0,-67.0
1777892369.2683325,1.0,-10.0,-69.0
1777892369.2783325,3.0,-5.0,-66.0
1777892369.2883325,3.0,-3.0,-69.0
1777892369.2983325,6.0,-6.0,-71.0
1777892369.3083324,0.0,-3.0,-68.0
1777892369.3183324,3.0,-4.0,-66.0
1777892369.3283324,2.0,-4.0,-68.0
1777892369.3383324,1.0,-7.0,-72.0
1777892369.3483324,1.0,-5.0,-70.0
1777892369.3583324,4.0,-5.0,-76.0
1777892369.3683324,3.0,-1.0,-75.0
1777892369.3783324,2.0,-2.0,-80.0
1777892369.3883324,2.0,-4.0,-79.0
1777892369.3983324,2.0,-4.0,-74.0
1777892369.4083323,2.0,-1.0,-74.0
1777892369.4183323,3.0,3.0,-72.0
1777892369.4283323,2.0,4.0,-77.0
1777892369.4383323,5.0,4.0,-80.0
1777892369.4483323,5.0,3.0,-78.0
1777892369.4583323,7.0,3.0,-66.0
1777892369.4683323,10.0,4.0,-64.0
1777892369.4783323,14.0,2.0,-64.0
1777892369.4883325,10.0,-1.0,-67.0
1777892369.4983325,6.0,-1.0,-67.0
1777892369.5083325,7.0,-2.0,-64.0
1777892369.5183325,6.0,-2.0,-68.0
1777892369.5283325,8.0,-5.0,-73.0
1777892369.5383325,10.0,-4.0,-79.0
1777892369.5483325,9.0,-2.0,-84.0
1777892369.5583324,7.0,-1.0,-84.0
1777892369.5683324,6.0,-3.0,-82.0
1777892369.5783324,8.0,0.0,-78.0
1777892369.5883324,6.0,0.0,-77.0
1777892369.5983324,6.0,-1.0,-80.0
1777892369.6083324,4.0,0.0,-84.0
1777892369.6183324,0.0,0.0,-81.0
1777892369.6283324,1.0,-1.0,-78.0
1777892369.6383324,1.0,-1.0,-76.0
1777892369.6483324,-1.0,2.0,-77.0
1777892369.6583323,-4.0,0.0,-75.0
1777892369.6683323,5.0,-5.0,-71.0
1777892369.6783323,5.0,-4.0,-67.0
1777892369.6883323,2.0,-2.0,-73.0
1777892369.6983323,3.0,1.0,-81.0
1777892369.7083323,0.0,0.0,-82.0
1777892369.7183323,0.0,0.0,-77.0
1777892369.7283323,0.0,3.0,-74.0
1777892369.7383325,0.0,1.0,-77.0
1777892369.7483325,2.0,0.0,-77.0
1777892369.7583325,4.0,2.0,-74.0
1777892369.7683325,4.0,1.0,-74.0
1777892369.7783325,6.0,3.0,-77.0
1777892369.7883325,3.0,4.0,-78.0
1777892369.7983325,0.0,4.0,-80.0
1777892369.8083324,7.0,1.0,-78.0
1777892369.8183324,6.0,-1.0,-79.0
1777892369.8283324,3.0,-2.0,-82.0
1777892369.8383324,6.0,-1.0,-79.0
1777892369.8483324,6.0,-2.0,-73.0
1777892369.8583324,6.0,-3.0,-74.0
1777892369.8683324,5.0,-5.0,-70.0
1777892369.8783324,5.0,-3.0,-69.0
1777892369.8883324,6.0,0.0,-75.0
1777892369.8983324,5.0,0.0,-77.0
1777892369.9083323,7.0,0.0,-72.0
1777892369.9183323,5.0,2.0,-72.0
1777892369.9283323,2.0,1.0,-72.0
1777892369.9383323,3.0,0.0,-74.0
1777892369.9483323,0.0,1.0,-69.0
1777892369.9583323,1.0,-1.0,-73.0
1777892369.9683323,4.0,-3.0,-74.0
1777892369.9783323,0.0,-3.0,-68.0
1777892369.9883325,0.0,0.0,-72.0
1777892369.9983325,4.0,-1.0,-70.0
1777892370.0083325,1.0,-2.0,-65.0
1777892370.0183325,-3.0,-5.0,-61.0
1777892370.0283325,-3.0,-6.0,-63.0
1777892370.0383325,0.0,-7.0,-67.0
1777892370.0483325,-2.0,-3.0,-71.0
1777892370.0583324,-4.0,-1.0,-71.0
1777892370.0683324,-1.0,-1.0,-76.0
1777892370.0783324,1.0,-1.0,-74.0
1777892370.0883324,3.0,-4.0,-74.0
1777892370.0983324,1.0,-1.0,-76.0
1777892370.1083324,2.0,1.0,-69.0
1777892370.1183324,2.0,0.0,-70.0
1777892370.1283324,1.0,1.0,-68.0
1777892370.1383324,6.0,2.0,-67.0
1777892370.1483324,5.0,1.0,-69.0
1777892370.1583323,2.0,2.0,-65.0
1777892370.1683323,-2.0,1.0,-67.0
1777892370.1783323,-5.0,2.0,-71.0
1777892370.1883323,-3.0,5.0,-69.0
1777892370.1983323,-7.0,0.0,-72.0
1777892370.2083323,-8.0,-2.0,-72.0
1777892370.2183323,-8.0,-1.0,-78.0
1777892370.2283323,-2.0,0.0,-72.0
1777892370.2383325,0.0,-2.0,-73.0
1777892370.2483325,0.0,-3.0,-75.0
1777892370.2583325,4.0,-4.0,-71.0
1777892370.2683325,-1.0,-1.0,-69.0
1777892370.2783325,-2.0,0.0,-69.0
1777892370.2883325,0.0,0.0,-68.0
1777892370.2983325,-2.0,-2.0,-61.0
1777892370.3083324,-6.0,-5.0,-63.0
1777892370.3183324,-9.0,-7.0,-64.0
1777892370.3283324,-2.0,-4.0,-67.0
1777892370.3383324,-1.0,-1.0,-71.0
1777892370.3483324,-1.0,1.0,-71.0
1777892370.3583324,-1.0,0.0,-73.0
1777892370.3683324,-1.0,0.0,-73.0
1777892370.3783324,0.0,1.0,-68.0
1777892370.3883324,3.0,-1.0,-67.0
1777892370.3983324,3.0,-3.0,-62.0
1777892370.4083323,0.0,-4.0,-68.0
1777892370.4183323,0.0,0.0,-69.0
1777892370.4283323,-3.0,0.0,-69.0
1777892370.4393325,-4.0,3.0,-66.0
1777892370.4483323,-2.0,5.0,-69.0
1777892370.4593325,0.0,2.0,-69.0
1777892370.4693325,2.0,2.0,-66.0
1777892370.4793324,4.0,0.0,-62.0
1777892370.4893324,-1.0,-2.0,-71.0
1777892370.4993324,2.0,-4.0,-73.0
1777892370.5093324,-2.0,-4.0,-77.0
1777892370.5193324,-7.0,-2.0,-78.0
1777892370.5293324,-1.0,-6.0,-74.0
1777892370.5393324,0.0,-4.0,-76.0
1777892370.5493324,2.0,-1.0,-71.0
1777892370.5593324,3.0,-3.0,-73.0
1777892370.5693324,2.0,-7.0,-72.0
1777892370.5793324,2.0,-6.0,-73.0
1777892370.5893323,4.0,-2.0,-77.0
1777892370.5993323,4.0,0.0,-73.0
1777892370.6093323,0.0,5.0,-69.0
1777892370.6193323,-6.0,5.0,-67.0
1777892370.6293323,-7.0,3.0,-66.0
1777892370.6393323,1.0,1.0,-71.0
1777892370.6493323,5.0,1.0,-67.0
1777892370.6593325,0.0,1.0,-74.0
1777892370.6693325,3.0,0.0,-63.0
1777892370.6793325,7.0,-2.0,-67.0
1777892370.6893325,7.0,1.0,-65.0
1777892370.6993325,11.0,1.0,-66.0
1777892370.7093325,9.0,0.0,-62.0
1777892370.7193325,5.0,-3.0,-70.0
1777892370.7293324,2.0,-1.0,-68.0
1777892370.7393324,-2.0,3.0,-73.0
1777892370.7493324,0.0,4.0,-70.0
1777892370.7593324,0.0,2.0,-72.0
1777892370.7693324,1.0,1.0,-67.0
1777892370.7793324,0.0,-1.0,-66.0
1777892370.7893324,0.0,0.0,-68.0
1777892370.7993324,-3.0,-1.0,-69.0
1777892370.8093324,-2.0,-3.0,-75.0
1777892370.8193324,1.0,-10.0,-75.0
1777892370.8293324,0.0,-6.0,-78.0
1777892370.8393323,1.0,-4.0,-79.0
1777892370.8493323,3.0,-2.0,-80.0
1777892370.8593323,-1.0,-5.0,-81.0
1777892370.8693323,0.0,0.0,-78.0
1777892370.8793323,-1.0,1.0,-76.0
1777892370.8893323,0.0,5.0,-77.0
1777892370.8993323,0.0,4.0,-73.0
1777892370.9093325,0.0,2.0,-75.0
1777892370.9193325,-1.0,6.0,-68.0
1777892370.9293325,-4.0,6.0,-75.0
1777892370.9393325,-3.0,1.0,-73.0
1777892370.9493325,-1.0,-4.0,-75.0
1777892370.9593325,1.0,-7.0,-76.0
1777892370.9693325,0.0,-5.0,-72.0
1777892370.9793324,4.0,-7.0,-72.0
1777892370.9893324,5.0,-5.0,-77.0
1777892370.9993324,5.0,-2.0,-72.0
1777892371.0093324,6.0,2.0,-68.0
1777892371.0193324,10.0,1.0,-73.0
1777892371.0293324,8.0,3.0,-80.0
1777892371.0393324,2.0,7.0,-84.0
1777892371.0493324,4.0,5.0,-78.0
1777892371.0593324,1.0,1.0,-75.0
1777892371.0693324,4.0,2.0,-74.0
1777892371.0793324,0.0,2.0,-69.0
1777892371.0893323,4.0,3.0,-67.0
1777892371.0993323,-2.0,5.0,-75.0
1777892371.1093323,-2.0,2.0,-77.0
1777892371.1193323,-5.0,0.0,-77.0
1777892371.1293323,-4.0,-1.0,-80.0
1777892371.1393323,-3.0,-1.0,-82.0
1777892371.1493323,-4.0,-1.0,-79.0
1777892371.1593325,0.0,0.0,-79.0
1777892371.1693325,0.0,2.0,-75.0
1777892371.1793325,-2.0,2.0,-79.0
1777892371.1893325,3.0,-2.0,-78.0
1777892371.1993325,3.0,-5.0,-78.0
1777892371.2093325,3.0,-1.0,-75.0
1777892371.2193325,5.0,1.0,-74.0
1777892371.2293324,5.0,2.0,-70.0
1777892371.2393324,4.0,-1.0,-70.0
1777892371.2493324,4.0,-3.0,-70.0
1777892371.2593324,5.0,0.0,-66.0
1777892371.2693324,6.0,4.0,-77.0
1777892371.2793324,3.0,7.0,-72.0
1777892371.2893324,2.0,3.0,-66.0
1777892371.2993324,0.0,0.0,-65.0
1777892371.3093324,0.0,3.0,-67.0
1777892371.3193324,0.0,3.0,-70.0
1777892371.3293324,3.0,0.0,-67.0
1777892371.3393323,3.0,-1.0,-70.0
1777892371.3493323,-1.0,-4.0,-71.0
1777892371.3593323,-1.0,-4.0,-71.0
1777892371.3693323,-2.0,0.0,-69.0
1777892371.3793323,1.0,-1.0,-70.0
1777892371.3893323,6.0,3.0,-70.0
1777892371.3993323,4.0,0.0,-70.0
1777892371.4093325,4.0,-1.0,-67.0
1777892371.4193325,3.0,-3.0,-68.0
1777892371.4293325,3.0,-4.0,-68.0
1777892371.4393325,0.0,-6.0,-71.0
1777892371.4493325,-3.0,-7.0,-75.0
1777892371.4593325,-1.0,-6.0,-75.0
1777892371.4693325,1.0,0.0,-75.0
1777892371.4793324,0.0,-2.0,-71.0
1777892371.4893324,1.0,-6.0,-70.0
1777892371.4993324,1.0,-4.0,-65.0
1777892371.5093324,3.0,0.0,-67.0
1777892371.5193324,4.0,0.0,-76.0
1777892371.5293324,1.0,-1.0,-79.0
1777892371.5393324,0.0,-1.0,-79.0
1777892371.5493324,-1.0,-1.0,-73.0
1777892371.5593324,1.0,-5.0,-75.0
1777892371.5693324,2.0,-6.0,-74.0
1777892371.5793324,-2.0,-2.0,-73.0
1777892371.5893323,-4.0,1.0,-69.0
1777892371.5993323,2.0,0.0,-67.0
1777892371.6103325,5.0,0.0,-70.0
1777892371.6193323,5.0,3.0,-75.0
1777892371.6293323,3.0,6.0,-85.0
1777892371.6393323,2.0,9.0,-86.0
1777892371.6493323,4.0,11.0,-77.0
1777892371.6593325,4.0,9.0,-78.0
1777892371.6693325,0.0,10.0,-69.0
1777892371.6793325,0.0,6.0,-68.0
1777892371.6893325,3.0,7.0,-63.0
1777892371.6993325,0.0,5.0,-67.0
1777892371.7093325,2.0,3.0,-69.0
1777892371.7193325,1.0,1.0,-66.0
1777892371.7293324,3.0,-2.0,-70.0
1777892371.7393324,3.0,1.0,-74.0
1777892371.7493324,2.0,-2.0,-74.0
1777892371.7593324,6.0,1.0,-73.0
1777892371.7693324,5.0,0.0,-75.0
1777892371.7793324,1.0,1.0,-71.0
1777892371.7893324,0.0,1.0,-78.0
1777892371.7993324,0.0,2.0,-76.0
1777892371.8093324,1.0,3.0,-76.0
1777892371.8193324,5.0,2.0,-73.0
1777892371.8293324,4.0,2.0,-72.0
1777892371.8393323,1.0,0.0,-69.0
1777892371.8493323,1.0,-2.0,-67.0
1777892371.8593323,3.0,-6.0,-64.0
1777892371.8693323,9.0,-3.0,-67.0
1777892371.8793323,5.0,-4.0,-73.0
1777892371.8893323,6.0,-5.0,-69.0
1777892371.8993323,7.0,-7.0,-70.0
1777892371.9093325,8.0,-7.0,-73.0
1777892371.9193325,4.0,-10.0,-66.0
1777892371.9293325,4.0,-10.0,-68.0
1777892371.9393325,4.0,-4.0,-64.0
1777892371.9493325,3.0,-2.0,-63.0
1777892371.9593325,-1.0,-4.0,-65.0
1777892371.9693325,-2.0,-7.0,-66.0
1777892371.9793324,1.0,-10.0,-67.0
1777892371.9893324,2.0,-12.0,-63.0
1777892371.9993324,0.0,-8.0,-71.0
1777892372.0093324,3.0,-7.0,-69.0
1777892372.0193324,5.0,-4.0,-72.0
1777892372.0293324,6.0,-2.0,-72.0
1777892372.0393324,8.0,-3.0,-72.0
1777892372.0493324,6.0,-1.0,-69.0
1777892372.0593324,1.0,0.0,-68.0
1777892372.0693324,5.0,1.0,-70.0
1777892372.0793324,4.0,2.0,-78.0
1777892372.0893323,3.0,-3.0,-69.0
1777892372.0993323,5.0,-6.0,-76.0
1777892372.1093323,2.0,-7.0,-72.0
1777892372.1193323,1.0,-7.0,-76.0
1777892372.1293323,-1.0,-5.0,-82.0
1777892372.1393323,-1.0,-6.0,-80.0
1777892372.1493323,-2.0,-6.0,-74.0
1777892372.1593325,1.0,-5.0,-71.0
1777892372.1693325,3.0,-2.0,-71.0
1777892372.1793325,4.0,-6.0,-72.0
1777892372.1893325,4.0,-6.0,-72.0
1777892372.1993325,-1.0,-5.0,-71.0
1777892372.2093325,-2.0,-3.0,-58.0
1777892372.2193325,-1.0,-2.0,-59.0
1777892372.2293324,0.0,-1.0,-63.0
1777892372.2393324,-2.0,1.0,-67.0
1777892372.2493324,-6.0,-2.0,-73.0
1777892372.2593324,-5.0,-4.0,-78.0
1777892372.2693324,-3.0,-5.0,-76.0
1777892372.2793324,-1.0,-7.0,-72.0
1777892372.2893324,-1.0,-6.0,-75.0
1777892372.2993324,-1.0,-5.0,-80.0
1777892372.3093324,1.0,0.0,-89.0
1777892372.3193324,3.0,2.0,-78.0
1777892372.3293324,4.0,0.0,-78.0
1777892372.3393323,4.0,-1.0,-72.0
1777892372.3493323,4.0,4.0,-74.0
1777892372.3593323,1.0,10.0,-73.0
1777892372.3693323,0.0,6.0,-70.0
1777892372.3793323,-3.0,3.0,-72.0
1777892372.3893323,-5.0,3.0,-72.0
1777892372.3993323,-5.0,5.0,-71.0
1777892372.4093325,-3.0,4.0,-74.0
1777892372.4193325,-5.0,2.0,-71.0
1777892372.4303324,-3.0,2.0,-73.0
1777892372.4403324,-5.0,2.0,-71.0
1777892372.4503324,-4.0,5.0,-77.0
1777892372.4603324,-5.0,6.0,-71.0
1777892372.4703324,-3.0,0.0,-74.0
1777892372.4803324,-1.0,0.0,-77.0
1777892372.4903324,0.0,1.0,-85.0
1777892372.5003324,1.0,0.0,-85.0
1777892372.5103323,2.0,0.0,-84.0
1777892372.5203323,4.0,-3.0,-76.0
1777892372.5303323,5.0,-2.0,-68.0
1777892372.5403323,3.0,-2.0,-74.0
1777892372.5503323,3.0,-1.0,-68.0
1777892372.5603323,1.0,-1.0,-71.0
1777892372.5703323,0.0,-1.0,-77.0
1777892372.5803325,3.0,-2.0,-71.0
1777892372.5903325,5.0,-1.0,-68.0
1777892372.6003325,7.0,2.0,-69.0
1777892372.6103325,8.0,4.0,-67.0
1777892372.6203325,2.0,4.0,-71.0
1777892372.6303325,0.0,1.0,-70.0
1777892372.6403325,-3.0,2.0,-68.0
1777892372.6503325,-1.0,0.0,-74.0
1777892372.6603324,0.0,-2.0,-72.0
1777892372.6703324,3.0,-1.0,-68.0
1777892372.6803324,2.0,-1.0,-68.0
1777892372.6903324,0.0,1.0,-62.0
1777892372.7003324,1.0,0.0,-63.0
1777892372.7103324,-4.0,1.0,-68.0
1777892372.7203324,-5.0,2.0,-66.0
1777892372.7303324,-1.0,3.0,-64.0
1777892372.7403324,0.0,4.0,-67.0
1777892372.7503324,-3.0,0.0,-74.0
1777892372.7603323,-5.0,4.0,-77.0
1777892372.7703323,-5.0,5.0,-72.0
1777892372.7803323,-7.0,4.0,-62.0
1777892372.7903323,-4.0,5.0,-64.0
1777892372.8003323,-5.0,2.0,-63.0
1777892372.8103323,-2.0,3.0,-69.0
1777892372.8203323,2.0,3.0,-71.0
1777892372.8303325,0.0,4.0,-75.0
1777892372.8403325,4.0,2.0,-73.0
1777892372.8503325,4.0,1.0,-74.0
1777892372.8603325,4.0,3.0,-77.0
1777892372.8703325,3.0,1.0,-79.0
1777892372.8803325,5.0,0.0,-76.0
1777892372.8903325,7.0,2.0,-77.0
1777892372.9003325,7.0,0.0,-74.0
1777892372.9103324,4.0,1.0,-73.0
1777892372.9203324,7.0,0.0,-76.0
1777892372.9303324,4.0,-4.0,-79.0
1777892372.9403324,7.0,-6.0,-84.0
1777892372.9503324,8.0,-4.0,-75.0
1777892372.9603324,10.0,-5.0,-70.0
1777892372.9703324,6.0,-3.0,-69.0
1777892372.9803324,-1.0,-4.0,-68.0
1777892372.9903324,0.0,-3.0,-72.0
1777892373.0003324,5.0,-6.0,-65.0
1777892373.0103323,4.0,-11.0,-62.0
1777892373.0203323,1.0,-7.0,-61.0
1777892373.0303323,0.0,-7.0,-62.0
1777892373.0403323,4.0,-5.0,-63.0
1777892373.0503323,4.0,1.0,-67.0
1777892373.0603323,2.0,0.0,-70.0
1777892373.0703323,4.0,0.0,-73.0
1777892373.0803325,2.0,-2.0,-69.0
1777892373.0903325,-1.0,-7.0,-70.0
1777892373.1003325,0.0,-6.0,-72.0
1777892373.1103325,3.0,-4.0,-67.0
1777892373.1203325,8.0,-3.0,-63.0
1777892373.1303325,9.0,0.0,-67.0
1777892373.1403325,11.0,-1.0,-72.0
1777892373.1503325,7.0,-4.0,-73.0
1777892373.1603324,10.0,-3.0,-68.0
1777892373.1703324,9.0,-5.0,-67.0
1777892373.1803324,5.0,-2.0,-71.0
1777892373.1903324,5.0,-4.0,-72.0
1777892373.2003324,2.0,-1.0,-79.0
1777892373.2103324,2.0,-1.0,-78.0
1777892373.2203324,0.0,-8.0,-71.0
1777892373.2303324,0.0,-8.0,-71.0
1777892373.2403324,3.0,-7.0,-76.0
1777892373.2503324,4.0,-5.0,-73.0
1777892373.2603323,4.0,-5.0,-69.0
1777892373.2703323,2.0,0.0,-78.0
1777892373.2803323,-1.0,-1.0,-72.0
1777892373.2903323,0.0,-2.0,-76.0
1777892373.3003323,-2.0,-1.0,-82.0
1777892373.3103323,2.0,3.0,-80.0
1777892373.3203323,-2.0,0.0,-85.0
1777892373.3303325,-3.0,-2.0,-86.0
1777892373.3403325,1.0,-2.0,-81.0
1777892373.3503325,4.0,-5.0,-80.0
1777892373.3603325,4.0,-6.0,-87.0
1777892373.3703325,0.0,-6.0,-78.0
1777892373.3803325,0.0,-3.0,-77.0
1777892373.3903325,-2.0,-4.0,-74.0
1777892373.4003325,-1.0,-4.0,-72.0
1777892373.4103324,0.0,-1.0,-73.0
1777892373.4203324,0.0,-5.0,-74.0
1777892373.4303324,0.0,-6.0,-75.0
1777892373.4403324,0.0,-5.0,-80.0
1777892373.4503324,2.0,-5.0,-80.0
1777892373.4603324,3.0,-2.0,-84.0
1777892373.4703324,7.0,1.0,-90.0
1777892373.4803324,7.0,5.0,-83.0
1777892373.4903324,5.0,6.0,-83.0
1777892373.5003324,7.0,2.0,-74.0
1777892373.5103323,6.0,4.0,-75.0
1777892373.5203323,3.0,0.0,-68.0
1777892373.5303323,3.0,0.0,-61.0
1777892373.5403323,5.0,4.0,-64.0
1777892373.5503323,6.0,3.0,-67.0
1777892373.5603323,8.0,0.0,-65.0
1777892373.5703323,5.0,3.0,-72.0
1777892373.5803325,0.0,4.0,-76.0
1777892373.5903325,-1.0,4.0,-77.0
1777892373.6003325,0.0,4.0,-76.0
1777892373.6103325,0.0,3.0,-72.0
1777892373.6203325,0.0,1.0,-79.0
1777892373.6303325,0.0,4.0,-78.0
1777892373.6403325,3.0,4.0,-79.0
1777892373.6503325,4.0,4.0,-78.0
1777892373.6603324,5.0,0.0,-78.0
1777892373.6703324,3.0,2.0,-76.0
1777892373.6803324,0.0,4.0,-65.0
1777892373.6903324,1.0,2.0,-71.0
1777892373.7003324,0.0,1.0,-69.0
1777892373.7103324,0.0,1.0,-71.0
1777892373.7203324,2.0,2.0,-72.0
1777892373.7303324,1.0,0.0,-79.0
1777892373.7403324,-4.0,2.0,-81.0
1777892373.7503324,-5.0,1.0,-83.0
1777892373.7603323,-3.0,-2.0,-84.0
1777892373.7703323,-6.0,-6.0,-77.0
1777892373.7803323,-4.0,-8.0,-79.0
1777892373.7903323,-2.0,-9.0,-79.0
1777892373.8003323,-1.0,-11.0,-73.0
1777892373.8103323,1.0,-12.0,-79.0
1777892373.8203323,0.0,-9.0,-75.0
1777892373.8303325,2.0,-8.0,-71.0
1777892373.8403325,0.0,-10.0,-76.0
1777892373.8503325,-3.0,-5.0,-73.0
1777892373.8603325,-4.0,-6.0,-72.0
1777892373.8703325,-6.0,-8.0,-76.0
1777892373.8803325,-3.0,-6.0,-70.0
1777892373.8903325,-3.0,-4.0,-66.0
1777892373.9003325,-5.0,-1.0,-70.0
1777892373.9103324,-3.0,0.0,-74.0
1777892373.9203324,-5.0,0.0,-63.0
1777892373.9303324,-4.0,0.0,-61.0
1777892373.9403324,0.0,-1.0,-64.0
1777892373.9503324,-1.0,-2.0,-67.0
1777892373.9603324,0.0,-6.0,-67.0
1777892373.9703324,3.0,-9.0,-66.0
1777892373.9803324,6.0,-8.0,-66.0
1777892373.9903324,7.0,-5.0,-69.0
1777892374.0003324,6.0,-2.0,-74.0
1777892374.0103323,3.0,2.0,-77.0
1777892374.0203323,3.0,3.0,-75.0
1777892374.0303323,6.0,2.0,-74.0
1777892374.0403323,5.0,0.0,-72.0
1777892374.0503323,3.0,0.0,-69.0
1777892374.0603323,5.0,-3.0,-68.0
1777892374.0703323,4.0,-4.0,-73.0
1777892374.0803325,4.0,0.0,-76.0
1777892374.0903325,-1.0,0.0,-75.0
1777892374.1003325,4.0,0.0,-67.0
1777892374.1103325,2.0,-2.0,-70.0
1777892374.1203325,1.0,1.0,-78.0
1777892374.1303325,0.0,2.0,-71.0
1777892374.1403325,3.0,1.0,-69.0
1777892374.1503325,2.0,-2.0,-71.0
1777892374.1603324,0.0,-4.0,-73.0
1777892374.1703324,5.0,1.0,-68.0
1777892374.1803324,3.0,5.0,-65.0
1777892374.1903324,3.0,3.0,-64.0
1777892374.2003324,-2.0,2.0,-60.0
1777892374.2103324,0.0,0.0,-69.0
1777892374.2203324,0.0,2.0,-73.0
1777892374.2303324,4.0,2.0,-67.0
1777892374.2403324,0.0,0.0,-69.0
1777892374.2503324,1.0,2.0,-72.0
1777892374.2603323,4.0,4.0,-76.0
1777892374.2703323,6.0,4.0,-68.0
1777892374.2803323,3.0,6.0,-68.0
1777892374.2903323,4.0,2.0,-65.0
1777892374.3003323,2.0,2.0,-68.0
1777892374.3103323,0.0,0.0,-67.0
1777892374.3203323,5.0,0.0,-71.0
1777892374.3303325,0.0,-1.0,-76.0
1777892374.3403325,0.0,-4.0,-74.0
1777892374.3503325,6.0,-5.0,-71.0
1777892374.3603325,0.0,-6.0,-71.0
1777892374.3713324,0.0,-8.0,-70.0
1777892374.3803325,2.0,-9.0,-68.0
1777892374.3913324,-3.0,-7.0,-73.0
1777892374.4003325,-4.0,-3.0,-69.0
1777892374.4103324,-3.0,-2.0,-69.0
1777892374.4213324,0.0,1.0,-67.0
1777892374.4313323,-3.0,2.0,-69.0
1777892374.4413323,0.0,1.0,-76.0
1777892374.4513323,0.0,2.0,-76.0
1777892374.4613323,0.0,3.0,-74.0
1777892374.4713323,0.0,4.0,-68.0
1777892374.4813323,4.0,5.0,-68.0
1777892374.4913323,4.0,4.0,-75.0
1777892374.5013323,2.0,1.0,-78.0
1777892374.5113325,2.0,-2.0,-72.0
1777892374.5213325,1.0,-1.0,-68.0
1777892374.5313325,2.0,-2.0,-66.0
1777892374.5413325,7.0,-5.0,-70.0
1777892374.5513325,7.0,-3.0,-75.0
1777892374.5613325,3.0,-3.0,-69.0
1777892374.5713325,2.0,0.0,-68.0
1777892374.5813324,-1.0,0.0,-68.0
1777892374.5913324,-1.0,1.0,-74.0
1777892374.6013324,-2.0,4.0,-69.0
1777892374.6113324,0.0,6.0,-64.0
1777892374.6213324,0.0,8.0,-67.0
1777892374.6313324,0.0,4.0,-68.0
1777892374.6413324,3.0,3.0,-72.0
1777892374.6513324,-4.0,0.0,-72.0
1777892374.6613324,-3.0,-4.0,-78.0
1777892374.6713324,-6.0,-3.0,-76.0
1777892374.6813323,-2.0,-1.0,-83.0
1777892374.6913323,-5.0,-3.0,-80.0
1777892374.7013323,-5.0,-2.0,-75.0
1777892374.7113323,1.0,0.0,-75.0
1777892374.7213323,2.0,0.0,-77.0
1777892374.7313323,4.0,-3.0,-71.0
1777892374.7413323,3.0,-1.0,-65.0
1777892374.7513323,1.0,2.0,-68.0
1777892374.7613325,1.0,1.0,-66.0
1777892374.7713325,0.0,-3.0,-59.0
1777892374.7813325,-1.0,-6.0,-64.0
1777892374.7913325,0.0,0.0,-63.0
1777892374.8013325,-2.0,-1.0,-68.0
1777892374.8113325,1.0,-1.0,-68.0
1777892374.8213325,0.0,-5.0,-66.0
1777892374.8313324,-3.0,-7.0,-70.0
1777892374.8413324,-3.0,-2.0,-78.0
1777892374.8513324,-4.0,0.0,-76.0
1777892374.8613324,-3.0,-1.0,-73.0
1777892374.8713324,-5.0,0.0,-71.0
1777892374.8813324,-2.0,2.0,-75.0
1777892374.8913324,0.0,1.0,-80.0
1777892374.9013324,4.0,5.0,-74.0
1777892374.9113324,3.0,6.0,-76.0
1777892374.9213324,6.0,8.0,-79.0
1777892374.9313323,5.0,5.0,-78.0
1777892374.9413323,3.0,4.0,-75.0
1777892374.9513323,3.0,1.0,-76.0
1777892374.9613323,5.0,-2.0,-72.0
1777892374.9713323,0.0,-2.0,-73.0
1777892374.9813323,2.0,-1.0,-70.0
1777892374.9913323,8.0,-3.0,-69.0
1777892375.0013323,8.0,-3.0,-68.0
1777892375.0113325,6.0,-3.0,-69.0
1777892375.0213325,3.0,0.0,-70.0
1777892375.0313325,1.0,-5.0,-69.0
1777892375.0413325,-3.0,-5.0,-71.0
1777892375.0513325,-3.0,-6.0,-73.0
1777892375.0613325,-2.0,-3.0,-75.0
1777892375.0713325,0.0,-5.0,-76.0
1777892375.0813324,-1.0,-3.0,-74.0
1777892375.0913324,-1.0,0.0,-72.0
1777892375.1013324,0.0,0.0,-70.0
1777892375.1113324,2.0,-1.0,-70.0
1777892375.1213324,2.0,0.0,-76.0
1777892375.1313324,5.0,3.0,-76.0
1777892375.1413324,6.0,2.0,-73.0
1777892375.1513324,3.0,5.0,-70.0
1777892375.1613324,0.0,5.0,-72.0
1777892375.1713324,0.0,5.0,-67.0
1777892375.1813323,0.0,3.0,-74.0
1777892375.1913323,2.0,3.0,-70.0
1777892375.2013323,2.0,3.0,-75.0
1777892375.2113323,2.0,0.0,-86.0
1777892375.2213323,2.0,2.0,-87.0
1777892375.2313323,-2.0,0.0,-87.0
1777892375.2413323,0.0,3.0,-85.0
1777892375.2513323,-2.0,2.0,-93.0
1777892375.2613325,-4.0,-4.0,-94.0
1777892375.2713325,-4.0,-3.0,-93.0
1777892375.2813325,-3.0,0.0,-91.0
1777892375.2913325,-7.0,-3.0,-81.0
1777892375.3013325,-7.0,-1.0,-74.0
1777892375.3113325,-7.0,-2.0,-73.0
1777892375.3213325,-6.0,-2.0,-69.0
1777892375.3313324,-3.0,-9.0,-69.0
1777892375.3413324,-4.0,-6.0,-61.0
1777892375.3513324,-3.0,-3.0,-61.0
1777892375.3613324,-3.0,-2.0,-67.0
1777892375.3713324,3.0,-2.0,-69.0
1777892375.3813324,5.0,0.0,-73.0
1777892375.3913324,8.0,5.0,-76.0
1777892375.4013324,4.0,4.0,-76.0
1777892375.4113324,5.0,8.0,-70.0
1777892375.4213324,-1.0,10.0,-62.0
1777892375.4313323,-1.0,8.0,-67.0
1777892375.4413323,-2.0,5.0,-67.0
1777892375.4513323,2.0,2.0,-73.0
1777892375.4613323,6.0,1.0,-69.0
1777892375.4713323,5.0,0.0,-69.0
1777892375.4813323,4.0,2.0,-71.0
1777892375.4913323,3.0,7.0,-69.0
1777892375.5013323,1.0,10.0,-71.0
1777892375.5113325,-2.0,4.0,-68.0
1777892375.5213325,-6.0,6.0,-64.0
1777892375.5313325,-6.0,3.0,-64.0
1777892375.5413325,-4.0,2.0,-62.0
1777892375.5513325,-6.0,5.0,-69.0
1777892375.5613325,-1.0,3.0,-77.0
1777892375.5713325,-1.0,1.0,-71.0
1777892375.5813324,-2.0,-1.0,-64.0
1777892375.5913324,0.0,-1.0,-64.0
1777892375.6013324,1.0,-3.0,-64.0
1777892375.6113324,3.0,-4.0,-67.0
1777892375.6213324,3.0,-6.0,-68.0
1777892375.6313324,2.0,-5.0,-65.0
1777892375.6413324,4.0,-5.0,-68.0
1777892375.6513324,6.0,-3.0,-69.0
1777892375.6613324,9.0,-4.0,-71.0
1777892375.6713324,6.0,0.0,-75.0
1777892375.6813323,6.0,0.0,-76.0
1777892375.6913323,4.0,-6.0,-79.0
1777892375.7013323,2.0,-5.0,-75.0
1777892375.7113323,2.0,-9.0,-72.0
1777892375.7213323,3.0,-8.0,-68.0
1777892375.7313323,8.0,-10.0,-71.0
1777892375.7413323,4.0,-6.0,-68.0
1777892375.7513323,0.0,-5.0,-74.0
1777892375.7613325,-1.0,-5.0,-77.0
1777892375.7713325,-3.0,-8.0,-70.0
1777892375.7813325,0.0,-1.0,-67.0
1777892375.7913325,10.0,3.0,-69.0
1777892375.8013325,11.0,2.0,-73.0
1777892375.8113325,7.0,3.0,-73.0
1777892375.8213325,7.0,4.0,-75.0
1777892375.8313324,7.0,6.0,-77.0
1777892375.8413324,10.0,1.0,-73.0
1777892375.8513324,7.0,-3.0,-74.0
1777892375.8613324,7.0,-5.0,-76.0
1777892375.8713324,4.0,-7.0,-80.0
1777892375.8813324,0.0,-8.0,-78.0
1777892375.8913324,1.0,-8.0,-80.0
1777892375.9013324,2.0,-4.0,-75.0
1777892375.9113324,0.0,0.0,-77.0
1777892375.9213324,-2.0,0.0,-79.0
1777892375.9313323,-2.0,-1.0,-77.0
1777892375.9413323,-6.0,-3.0,-81.0
1777892375.9513323,-4.0,0.0,-79.0
1777892375.9613323,-1.0,-1.0,-74.0
1777892375.9713323,-4.0,-4.0,-77.0
1777892375.9813323,-1.0,-7.0,-78.0
1777892375.9913323,-1.0,-3.0,-77.0
1777892376.0013323,0.0,-1.0,-79.0
1777892376.0113325,0.0,-4.0,-70.0
1777892376.0213325,-4.0,0.0,-67.0
1777892376.0313325,-7.0,-3.0,-69.0
1777892376.0413325,-7.0,-2.0,-68.0
1777892376.0513325,-7.0,-2.0,-69.0
1777892376.0613325,-3.0,-3.0,-72.0
1777892376.0713325,-3.0,-6.0,-75.0
1777892376.0813324,0.0,-7.0,-76.0
1777892376.0913324,-2.0,-8.0,-75.0
1777892376.1013324,-2.0,-5.0,-74.0
1777892376.1113324,-1.0,-4.0,-75.0
1777892376.1213324,-3.0,0.0,-70.0
1777892376.1313324,-4.0,0.0,-67.0
1777892376.1413324,-4.0,3.0,-64.0
1777892376.1513324,-1.0,4.0,-63.0
1777892376.1613324,-1.0,2.0,-69.0
1777892376.1713324,0.0,1.0,-70.0
1777892376.1813323,-2.0,0.0,-66.0
1777892376.1913323,-2.0,-1.0,-66.0
1777892376.2013323,-8.0,-2.0,-66.0
1777892376.2113323,-5.0,-1.0,-68.0
1777892376.2213323,-3.0,-3.0,-74.0
1777892376.2313323,-2.0,-1.0,-76.0
1777892376.2413323,-10.0,2.0,-73.0
1777892376.2513323,-5.0,-1.0,-75.0
1777892376.2613325,-5.0,-2.0,-81.0
1777892376.2713325,-7.0,-2.0,-80.0
1777892376.2813325,0.0,-4.0,-84.0
1777892376.2913325,0.0,-2.0,-78.0
1777892376.3013325,0.0,-3.0,-75.0
1777892376.3113325,-4.0,-9.0,-76.0
1777892376.3213325,-2.0,-5.0,-79.0
1777892376.3313324,-2.0,-6.0,-81.0
1777892376.3413324,0.0,-4.0,-73.0
1777892376.3513324,-5.0,1.0,-78.0
1777892376.3613324,-2.0,3.0,-78.0
1777892376.3713324,-1.0,2.0,-77.0
1777892376.3813324,0.0,2.0,-79.0
1777892376.3923323,2.0,0.0,-76.0
1777892376.4013324,0.0,-4.0,-75.0
1777892376.4113324,-1.0,-2.0,-73.0
1777892376.4213324,-3.0,0.0,-68.0
1777892376.4323325,-1.0,-4.0,-70.0
1777892376.4423325,-1.0,-3.0,-72.0
1777892376.4513323,-1.0,-3.0,-76.0
1777892376.4613323,-4.0,0.0,-76.0
1777892376.4723325,-1.0,-2.0,-74.0
1777892376.4823325,0.0,0.0,-76.0
1777892376.4923325,-5.0,0.0,-70.0
1777892376.5023324,-2.0,2.0,-74.0
1777892376.5123324,0.0,2.0,-70.0
1777892376.5223324,2.0,4.0,-70.0
1777892376.5323324,2.0,6.0,-70.0
1777892376.5423324,-2.0,1.0,-72.0
1777892376.5523324,0.0,3.0,-76.0
1777892376.5623324,0.0,2.0,-72.0
1777892376.5723324,-1.0,1.0,-75.0
1777892376.5823324,-3.0,-5.0,-75.0
1777892376.5923324,-1.0,-4.0,-70.0
1777892376.6023324,3.0,0.0,-64.0
1777892376.6123323,2.0,3.0,-62.0
1777892376.6223323,2.0,6.0,-65.0
1777892376.6323323,2.0,5.0,-65.0
1777892376.6423323,4.0,2.0,-65.0
1777892376.6523323,3.0,4.0,-61.0
1777892376.6623323,5.0,3.0,-64.0
1777892376.6723323,2.0,2.0,-68.0
1777892376.6823325,4.0,5.0,-76.0
1777892376.6923325,3.0,4.0,-63.0
1777892376.7023325,5.0,3.0,-63.0
1777892376.7123325,3.0,1.0,-62.0
1777892376.7223325,3.0,0.0,-61.0
1777892376.7323325,4.0,-1.0,-65.0
1777892376.7423325,3.0,-2.0,-64.0
1777892376.7523324,2.0,3.0,-72.0
1777892376.7623324,2.0,4.0,-74.0
1777892376.7723324,-2.0,3.0,-72.0
1777892376.7823324,-7.0,3.0,-73.0
1777892376.7923324,-8.0,0.0,-71.0
1777892376.8023324,-8.0,-1.0,-63.0
1777892376.8123324,-7.0,-3.0,-71.0
1777892376.8223324,-1.0,-3.0,-73.0
1777892376.8323324,0.0,-1.0,-71.0
1777892376.8423324,1.0,-3.0,-69.0
1777892376.8523324,2.0,-6.0,-66.0
1777892376.8623323,5.0,-4.0,-68.0
1777892376.8723323,5.0,-2.0,-71.0
1777892376.8823323,7.0,-1.0,-68.0
1777892376.8923323,9.0,0.0,-71.0
1777892376.9023323,6.0,0.0,-75.0
1777892376.9123323,11.0,0.0,-77.0
1777892376.9223323,9.0,-3.0,-78.0
1777892376.9323325,6.0,-4.0,-75.0
1777892376.9423325,5.0,-5.0,-77.0
1777892376.9523325,3.0,-4.0,-73.0
1777892376.9623325,2.0,-2.0,-66.0
1777892376.9723325,7.0,-1.0,-67.0
1777892376.9823325,9.0,-4.0,-62.0
1777892376.9923325,11.0,-2.0,-63.0
1777892377.0023324,9.0,-4.0,-61.0
1777892377.0123324,7.0,-4.0,-71.0
1777892377.0223324,3.0,-3.0,-65.0
1777892377.0323324,3.0,0.0,-64.0
1777892377.0423324,6.0,2.0,-68.0
1777892377.0523324,0.0,2.0,-71.0
1777892377.0623324,-5.0,0.0,-75.0
1777892377.0723324,-7.0,-3.0,-72.0
1777892377.0823324,-6.0,1.0,-74.0
1777892377.0923324,-7.0,1.0,-77.0
1777892377.1023324,-6.0,0.0,-80.0
1777892377.1123323,-5.0,-3.0,-82.0
1777892377.1223323,-4.0,-2.0,-79.0
1777892377.1323323,-2.0,-2.0,-82.0
1777892377.1423323,-1.0,-2.0,-79.0
1777892377.1523323,0.0,-4.0,-70.0
1777892377.1623323,-1.0,-1.0,-69.0
1777892377.1723323,1.0,-4.0,-69.0
1777892377.1823325,3.0,-3.0,-71.0
1777892377.1923325,5.0,-1.0,-72.0
1777892377.2023325,8.0,0.0,-75.0
1777892377.2123325,1.0,1.0,-76.0
1777892377.2223325,0.0,2.0,-76.0
1777892377.2323325,1.0,-2.0,-78.0
1777892377.2423325,4.0,-3.0,-78.0
1777892377.2523324,1.0,0.0,-69.0
1777892377.2623324,0.0,0.0,-67.0
1777892377.2723324,0.0,0.0,-72.0
1777892377.2823324,2.0,-3.0,-69.0
1777892377.2923324,1.0,-6.0,-74.0
1777892377.3023324,-1.0,-8.0,-71.0
1777892377.3123324,-1.0,0.0,-75.0
1777892377.3223324,-1.0,3.0,-68.0
1777892377.3323324,-6.0,2.0,-65.0
1777892377.3423324,-6.0,0.0,-67.0
1777892377.3523324,-7.0,1.0,-68.0
1777892377.3623323,-8.0,-1.0,-66.0
1777892377.3723323,-4.0,-1.0,-64.0
1777892377.3823323,-5.0,0.0,-63.0
1777892377.3923323,-3.0,3.0,-63.0
1777892377.4023323,-6.0,0.0,-63.0
1777892377.4123323,0.0,1.0,-67.0
1777892377.4223323,-2.0,3.0,-66.0
1777892377.4323325,-2.0,3.0,-67.0
1777892377.4423325,0.0,6.0,-69.0
1777892377.4523325,3.0,4.0,-61.0
1777892377.4623325,2.0,-2.0,-60.0
1777892377.4723325,4.0,-2.0,-62.0
1777892377.4823325,2.0,-1.0,-64.0
1777892377.4923325,1.0,0.0,-63.0
1777892377.5023324,1.0,-1.0,-60.0
1777892377.5123324,0.0,0.0,-66.0
1777892377.5223324,0.0,0.0,-67.0
1777892377.5323324,3.0,2.0,-61.0
1777892377.5423324,7.0,2.0,-62.0
1777892377.5523324,0.0,2.0,-64.0
1777892377.5623324,-1.0,6.0,-65.0
1777892377.5723324,-7.0,2.0,-65.0
1777892377.5823324,-6.0,4.0,-64.0
1777892377.5923324,-4.0,2.0,-70.0
1777892377.6023324,-4.0,2.0,-74.0
1777892377.6123323,0.0,0.0,-76.0
1777892377.6223323,-1.0,0.0,-75.0
1777892377.6323323,0.0,-3.0,-70.0
1777892377.6423323,1.0,-2.0,-72.0
1777892377.6523323,3.0,-1.0,-76.0
1777892377.6623323,5.0,0.0,-74.0
1777892377.6733325,7.0,-2.0,-70.0
1777892377.6823325,3.0,-4.0,-73.0
1777892377.6923325,4.0,-6.0,-76.0
1777892377.7023325,2.0,-6.0,-79.0
1777892377.7123325,0.0,-6.0,-75.0
1777892377.7223325,0.0,-3.0,-79.0
1777892377.7323325,-5.0,0.0,-84.0
1777892377.7423325,-6.0,3.0,-74.0
1777892377.7523324,-3.0,1.0,-75.0
1777892377.7623324,0.0,0.0,-75.0
1777892377.7723324,2.0,0.0,-71.0
1777892377.7823324,4.0,-4.0,-73.0
1777892377.7923324,0.0,-3.0,-74.0
1777892377.8023324,2.0,0.0,-65.0
1777892377.8123324,0.0,-1.0,-70.0
1777892377.8223324,-2.0,-3.0,-76.0
1777892377.8323324,1.0,-8.0,-73.0
1777892377.8423324,3.0,-7.0,-73.0
1777892377.8523324,6.0,-6.0,-70.0
1777892377.8623323,8.0,-6.0,-73.0
1777892377.8723323,9.0,-1.0,-74.0
1777892377.8823323,5.0,1.0,-79.0
1777892377.8923323,1.0,-1.0,-73.0
1777892377.9023323,0.0,1.0,-67.0
1777892377.9123323,-3.0,0.0,-66.0
1777892377.9223323,-1.0,-5.0,-69.0
1777892377.9323325,1.0,-1.0,-69.0
1777892377.9423325,2.0,2.0,-69.0
1777892377.9523325,5.0,3.0,-73.0
1777892377.9623325,7.0,2.0,-79.0
1777892377.9723325,7.0,0.0,-69.0
1777892377.9823325,8.0,-2.0,-74.0
1777892377.9923325,11.0,-3.0,-73.0
1777892378.0023324,7.0,-3.0,-69.0
1777892378.0123324,3.0,0.0,-68.0
1777892378.0223324,6.0,1.0,-75.0
1777892378.0323324,7.0,-1.0,-77.0
1777892378.0423324,5.0,-3.0,-75.0
1777892378.0523324,7.0,-2.0,-76.0
1777892378.0623324,7.0,-7.0,-75.0
1777892378.0723324,10.0,-6.0,-83.0
1777892378.0823324,6.0,-3.0,-88.0
1777892378.0923324,1.0,-3.0,-81.0
1777892378.1023324,5.0,1.0,-80.0
1777892378.1123323,2.0,1.0,-77.0
1777892378.1223323,6.0,5.0,-77.0
1777892378.1323323,4.0,5.0,-74.0
1777892378.1423323,3.0,5.0,-72.0
1777892378.1523323,2.0,6.0,-70.0
1777892378.1623323,3.0,0.0,-69.0
1777892378.1723323,1.0,-3.0,-70.0
1777892378.1823325,0.0,-3.0,-71.0
1777892378.1923325,2.0,-4.0,-69.0
1777892378.2023325,3.0,-2.0,-71.0
1777892378.2123325,2.0,-1.0,-69.0
1777892378.2223325,0.0,-3.0,-66.0
1777892378.2323325,-3.0,-5.0,-71.0
1777892378.2423325,1.0,-6.0,-73.0
1777892378.2523324,3.0,-4.0,-75.0
1777892378.2623324,2.0,-2.0,-77.0
1777892378.2723324,-4.0,-4.0,-77.0
1777892378.2823324,0.0,-3.0,-81.0
1777892378.2923324,3.0,-2.0,-76.0
1777892378.3023324,3.0,-2.0,-76.0
1777892378.3123324,3.0,-1.0,-70.0
1777892378.3223324,5.0,-4.0,-68.0
1777892378.3323324,4.0,-5.0,-63.0
1777892378.3423324,0.0,-5.0,-65.0
1777892378.3523324,-4.0,-6.0,-68.0
1777892378.3623323,-1.0,-6.0,-74.0
1777892378.3723323,-5.0,0.0,-74.0
1777892378.3823323,-2.0,2.0,-78.0
1777892378.3923323,2.0,3.0,-82.0
1777892378.4023323,1.0,0.0,-78.0
1777892378.4123323,4.0,2.0,-80.0
1777892378.4233325,6.0,3.0,-86.0
1777892378.4333324,3.0,5.0,-82.0
1777892378.4433324,3.0,2.0,-81.0
1777892378.4533324,0.0,1.0,-77.0
1777892378.4633324,2.0,0.0,-73.0
1777892378.4733324,-2.0,0.0,-74.0
1777892378.4833324,-1.0,0.0,-71.0
1777892378.4933324,-6.0,-1.0,-66.0
1777892378.5033324,-5.0,-2.0,-60.0
1777892378.5133324,0.0,1.0,-63.0
1777892378.5233324,1.0,0.0,-72.0
1777892378.5333323,5.0,-6.0,-80.0
1777892378.5433323,10.0,-7.0,-84.0
1777892378.5533323,8.0,-4.0,-77.0
1777892378.5633323,7.0,-5.0,-68.0
1777892378.5733323,9.0,-4.0,-64.0
1777892378.5833323,9.0,0.0,-65.0
1777892378.5933323,9.0,3.0,-65.0
1777892378.6033323,7.0,2.0,-66.0
1777892378.6133325,3.0,-1.0,-65.0
1777892378.6233325,9.0,1.0,-71.0
1777892378.6333325,11.0,2.0,-74.0
1777892378.6433325,8.0,5.0,-78.0
1777892378.6533325,2.0,5.0,-81.0
1777892378.6633325,2.0,3.0,-84.0
1777892378.6733325,3.0,4.0,-80.0
1777892378.6833324,1.0,6.0,-75.0
1777892378.6933324,2.0,0.0,-76.0
1777892378.7033324,4.0,-1.0,-71.0
1777892378.7133324,2.0,-2.0,-71.0
1777892378.7233324,-2.0,-4.0,-68.0
1777892378.7333324,-8.0,-6.0,-67.0
1777892378.7433324,-3.0,0.0,-76.0
1777892378.7533324,0.0,-1.0,-73.0
1777892378.7633324,0.0,-3.0,-76.0
1777892378.7733324,2.0,-5.0,-68.0
1777892378.7833323,4.0,-4.0,-64.0
1777892378.7933323,1.0,-4.0,-60.0
1777892378.8033323,2.0,-8.0,-58.0
1777892378.8133323,6.0,-4.0,-63.0
1777892378.8233323,7.0,-3.0,-71.0
1777892378.8333323,7.0,0.0,-71.0
1777892378.8433323,4.0,0.0,-74.0
1777892378.8533323,7.0,0.0,-79.0
1777892378.8633325,5.0,0.0,-82.0
1777892378.8733325,-1.0,3.0,-80.0
1777892378.8833325,1.0,1.0,-77.0
1777892378.8933325,-5.0,1.0,-76.0
1777892378.9033325,-1.0,0.0,-73.0
1777892378.9133325,0.0,-1.0,-77.0
1777892378.9233325,3.0,-1.0,-72.0
1777892378.9333324,6.0,1.0,-69.0
1777892378.9433324,2.0,0.0,-72.0
1777892378.9533324,2.0,4.0,-70.0
1777892378.9633324,0.0,3.0,-66.0
1777892378.9733324,-1.0,3.0,-71.0
1777892378.9833324,-4.0,4.0,-72.0
1777892378.9933324,0.0,3.0,-77.0
1777892379.0033324,-1.0,4.0,-77.0
1777892379.0133324,-2.0,3.0,-83.0
1777892379.0233324,2.0,0.0,-80.0
1777892379.0333323,0.0,2.0,-73.0
1777892379.0433323,-4.0,4.0,-76.0
1777892379.0533323,-3.0,3.0,-73.0
1777892379.0633323,2.0,2.0,-72.0
1777892379.0733323,5.0,0.0,-72.0
1777892379.0833323,2.0,0.0,-70.0
1777892379.0933323,-1.0,-2.0,-70.0
1777892379.1033323,-4.0,-1.0,-65.0
1777892379.1133325,2.0,1.0,-66.0
1777892379.1233325,3.0,-3.0,-66.0
1777892379.1333325,4.0,-2.0,-65.0
1777892379.1433325,3.0,1.0,-66.0
1777892379.1533325,6.0,0.0,-74.0
1777892379.1633325,1.0,3.0,-66.0
1777892379.1733325,2.0,5.0,-67.0
1777892379.1833324,4.0,3.0,-68.0
1777892379.1933324,4.0,0.0,-69.0
1777892379.2033324,4.0,0.0,-72.0
1777892379.2133324,5.0,0.0,-73.0
1777892379.2233324,5.0,-3.0,-71.0
1777892379.2333324,3.0,-5.0,-71.0
1777892379.2433324,0.0,-7.0,-66.0
1777892379.2533324,-6.0,-8.0,-63.0
1777892379.2633324,-8.0,-6.0,-70.0
1777892379.2733324,-8.0,-6.0,-67.0
1777892379.2833323,-8.0,-6.0,-74.0
1777892379.2933323,-3.0,-5.0,-79.0
1777892379.3033323,-2.0,-1.0,-77.0
1777892379.3133323,0.0,1.0,-76.0
1777892379.3233323,-1.0,0.0,-73.0
1777892379.3333323,-3.0,-2.0,-71.0
1777892379.3433323,-4.0,-5.0,-69.0
1777892379.3533323,-2.0,-6.0,-69.0
1777892379.3633325,0.0,-5.0,-73.0
1777892379.3733325,4.0,-6.0,-75.0
1777892379.3833325,4.0,-5.0,-72.0
1777892379.3933325,0.0,-1.0,-64.0
1777892379.4033325,0.0,-2.0,-58.0
1777892379.4133325,4.0,-1.0,-65.0
1777892379.4233325,6.0,0.0,-67.0
1777892379.4333324,0.0,0.0,-68.0
1777892379.4433324,-2.0,1.0,-71.0
1777892379.4533324,-4.0,-1.0,-73.0
1777892379.4633324,-3.0,0.0,-67.0
1777892379.4733324,0.0,3.0,-69.0
1777892379.4833324,-2.0,4.0,-70.0
1777892379.4933324,-1.0,5.0,-71.0
1777892379.5033324,3.0,4.0,-69.0
1777892379.5133324,7.0,2.0,-70.0
1777892379.5233324,9.0,1.0,-68.0
1777892379.5333323,8.0,-1.0,-72.0
1777892379.5433323,10.0,-6.0,-71.0
1777892379.5533323,7.0,-6.0,-70.0
1777892379.5633323,7.0,-6.0,-69.0
1777892379.5733323,0.0,-6.0,-66.0
1777892379.5833323,0.0,-5.0,-67.0
1777892379.5933323,-1.0,-9.0,-68.0
1777892379.6033323,-5.0,-9.0,-71.0
1777892379.6133325,-7.0,-6.0,-74.0
1777892379.6233325,-2.0,-2.0,-73.0
1777892379.6333325,-1.0,0.0,-75.0
1777892379.6433325,0.0,2.0,-73.0
1777892379.6533325,-3.0,-2.0,-68.0
1777892379.6633325,-3.0,-1.0,-68.0
1777892379.6733325,-7.0,-1.0,-65.0
1777892379.6833324,-7.0,0.0,-67.0
1777892379.6933324,-6.0,1.0,-66.0
1777892379.7033324,-5.0,2.0,-65.0
1777892379.7133324,-4.0,0.0,-73.0
1777892379.7233324,-1.0,4.0,-76.0
1777892379.7333324,1.0,5.0,-80.0
1777892379.7433324,7.0,5.0,-80.0
1777892379.7533324,12.0,1.0,-79.0
1777892379.7633324,13.0,-1.0,-73.0
1777892379.7733324,10.0,-2.0,-71.0
1777892379.7833323,6.0,-4.0,-74.0
1777892379.7933323,2.0,-6.0,-77.0
1777892379.8033323,-2.0,-6.0,-82.0
1777892379.8133323,-2.0,-6.0,-75.0
1777892379.8233323,3.0,-7.0,-73.0
1777892379.8333323,4.0,-4.0,-76.0
1777892379.8433323,0.0,-2.0,-71.0
1777892379.8533323,6.0,0.0,-70.0
1777892379.8633325,3.0,0.0,-73.0
1777892379.8733325,3.0,-1.0,-71.0
1777892379.8833325,1.0,3.0,-65.0
1777892379.8933325,1.0,5.0,-58.0
1777892379.9033325,4.0,4.0,-64.0
1777892379.9133325,5.0,2.0,-65.0
1777892379.9233325,5.0,3.0,-61.0
1777892379.9333324,5.0,0.0,-63.0
1777892379.9433324,5.0,1.0,-62.0
1777892379.9533324,1.0,-1.0,-60.0
1777892379.9633324,3.0,-2.0,-59.0
1777892379.9733324,2.0,-3.0,-57.0
1777892379.9833324,4.0,1.0,-65.0
1777892379.9933324,2.0,-2.0,-65.0
1777892380.0033324,0.0,2.0,-62.0
1777892380.0133324,-5.0,1.0,-59.0
1777892380.0233324,-8.0,1.0,-64.0
1777892380.0333323,-8.0,3.0,-64.0
1777892380.0433323,-6.0,7.0,-70.0
1777892380.0533323,-3.0,5.0,-68.0
1777892380.0633323,-3.0,0.0,-65.0
1777892380.0733323,0.0,0.0,-65.0
1777892380.0833323,4.0,4.0,-60.0
1777892380.0933323,8.0,3.0,-56.0
1777892380.1033323,7.0,2.0,-65.0
1777892380.1133325,4.0,7.0,-69.0
1777892380.1233325,5.0,6.0,-68.0
1777892380.1333325,1.0,7.0,-74.0
1777892380.1433325,-1.0,6.0,-78.0
1777892380.1533325,-2.0,5.0,-78.0
1777892380.1633325,-2.0,5.0,-75.0
1777892380.1733325,-5.0,3.0,-77.0
1777892380.1833324,-2.0,5.0,-75.0
1777892380.1933324,0.0,2.0,-71.0
1777892380.2033324,0.0,4.0,-72.0
1777892380.2133324,0.0,5.0,-78.0
1777892380.2233324,1.0,4.0,-82.0
1777892380.2333324,3.0,3.0,-74.0
1777892380.2433324,4.0,1.0,-73.0
1777892380.2533324,2.0,3.0,-73.0
1777892380.2633324,3.0,5.0,-70.0
1777892380.2733324,1.0,7.0,-68.0
1777892380.2833323,2.0,8.0,-66.0
1777892380.2933323,4.0,6.0,-68.0
1777892380.3033323,2.0,5.0,-73.0
1777892380.3133323,5.0,-1.0,-77.0
1777892380.3233323,3.0,0.0,-76.0
1777892380.3333323,0.0,-5.0,-75.0
1777892380.3433323,1.0,-4.0,-75.0
1777892380.3533323,3.0,-5.0,-75.0
1777892380.3633325,0.0,-8.0,-84.0
1777892380.3733325,0.0,-7.0,-77.0
1777892380.3833325,-1.0,-6.0,-76.0
1777892380.3933325,1.0,-2.0,-78.0
1777892380.4033325,4.0,0.0,-76.0
1777892380.4133325,10.0,4.0,-72.0
1777892380.4243324,12.0,3.0,-68.0
1777892380.4333324,7.0,4.0,-72.0
1777892380.4433324,7.0,2.0,-72.0
1777892380.4543324,5.0,3.0,-72.0
1777892380.4643323,3.0,3.0,-71.0
1777892380.4743323,1.0,3.0,-72.0
1777892380.4843323,0.0,1.0,-73.0
1777892380.4943323,-2.0,2.0,-75.0
1777892380.5043323,0.0,2.0,-72.0
1777892380.5143323,3.0,5.0,-75.0
1777892380.5243323,2.0,7.0,-74.0
1777892380.5343325,0.0,5.0,-73.0
1777892380.5443325,-2.0,5.0,-72.0
1777892380.5543325,0.0,3.0,-69.0
1777892380.5643325,0.0,6.0,-75.0
1777892380.5743325,4.0,2.0,-76.0
1777892380.5843325,2.0,3.0,-73.0
1777892380.5943325,2.0,2.0,-76.0
1777892380.6043324,-2.0,4.0,-77.0
1777892380.6143324,0.0,6.0,-75.0
1777892380.6243324,2.0,7.0,-72.0
1777892380.6343324,0.0,4.0,-69.0
1777892380.6443324,-4.0,6.0,-72.0
1777892380.6543324,-5.0,7.0,-64.0
1777892380.6643324,-2.0,9.0,-62.0
1777892380.6743324,-2.0,13.0,-64.0
1777892380.6843324,-4.0,10.0,-63.0
1777892380.6943324,0.0,8.0,-64.0
1777892380.7043324,-3.0,7.0,-62.0
1777892380.7143323,-6.0,8.0,-66.0
1777892380.7243323,0.0,4.0,-63.0
1777892380.7343323,0.0,2.0,-62.0
1777892380.7443323,3.0,1.0,-65.0
1777892380.7543323,3.0,0.0,-58.0
1777892380.7643323,3.0,7.0,-64.0
1777892380.7743323,0.0,10.0,-68.0
1777892380.7843325,3.0,7.0,-74.0
1777892380.7943325,1.0,5.0,-72.0
1777892380.8043325,1.0,3.0,-69.0
1777892380.8143325,5.0,3.0,-70.0
1777892380.8243325,7.0,1.0,-75.0
1777892380.8343325,9.0,-1.0,-73.0
1777892380.8443325,9.0,-4.0,-68.0
1777892380.8543324,8.0,-6.0,-65.0
1777892380.8643324,7.0,-2.0,-68.0
1777892380.8743324,6.0,-7.0,-68.0
1777892380.8843324,2.0,-4.0,-69.0
1777892380.8943324,0.0,-6.0,-67.0
1777892380.9043324,1.0,-8.0,-67.0
1777892380.9143324,-1.0,-3.0,-71.0
1777892380.9243324,-2.0,1.0,-71.0
1777892380.9343324,-3.0,1.0,-68.0
1777892380.9443324,0.0,-1.0,-62.0
1777892380.9543324,4.0,1.0,-54.0
1777892380.9643323,6.0,4.0,-56.0
1777892380.9743323,6.0,3.0,-58.0
1777892380.9843323,8.0,2.0,-64.0
1777892380.9943323,7.0,0.0,-67.0
1777892381.0043323,7.0,-6.0,-67.0
1777892381.0143323,10.0,-4.0,-66.0
1777892381.0243323,6.0,-3.0,-69.0
1777892381.0343325,2.0,-1.0,-71.0
1777892381.0443325,-1.0,-3.0,-72.0
1777892381.0543325,1.0,0.0,-68.0
1777892381.0643325,-1.0,-3.0,-70.0
1777892381.0743325,-3.0,0.0,-67.0
1777892381.0843325,-1.0,1.0,-71.0
1777892381.0943325,1.0,-1.0,-75.0
1777892381.1043324,5.0,-1.0,-74.0
1777892381.1143324,3.0,-1.0,-79.0
1777892381.1243324,1.0,0.0,-72.0
1777892381.1343324,2.0,-4.0,-69.0
1777892381.1443324,6.0,-6.0,-69.0
1777892381.1543324,5.0,0.0,-77.0
1777892381.1643324,3.0,5.0,-79.0
1777892381.1743324,0.0,1.0,-84.0
1777892381.1843324,-3.0,-4.0,-81.0
1777892381.1943324,-4.0,-4.0,-80.0
1777892381.2043324,-3.0,0.0,-74.0
1777892381.2143323,-2.0,0.0,-71.0
1777892381.2243323,1.0,2.0,-72.0
1777892381.2343323,1.0,4.0,-75.0
1777892381.2443323,2.0,4.0,-69.0
1777892381.2543323,1.0,5.0,-76.0
1777892381.2643323,4.0,0.0,-77.0
1777892381.2743323,6.0,1.0,-76.0
1777892381.2843325,3.0,7.0,-71.0
1777892381.2943325,4.0,6.0,-68.0
1777892381.3043325,4.0,9.0,-56.0
1777892381.3143325,2.0,4.0,-64.0
1777892381.3243325,4.0,0.0,-63.0
1777892381.3343325,4.0,4.0,-57.0
1777892381.3443325,3.0,3.0,-60.0
1777892381.3543324,2.0,3.0,-57.0
1777892381.3643324,-1.0,0.0,-57.0
1777892381.3743324,3.0,-3.0,-58.0
1777892381.3843324,1.0,-3.0,-56.0
1777892381.3943324,0.0,-3.0,-56.0
1777892381.4043324,-1.0,-7.0,-58.0
1777892381.4143324,1.0,-5.0,-63.0
1777892381.4243324,0.0,-4.0,-65.0
1777892381.4343324,3.0,-1.0,-61.0
1777892381.4443324,7.0,-8.0,-63.0
1777892381.4543324,8.0,-4.0,-67.0
1777892381.4643323,7.0,-2.0,-69.0
1777892381.4743323,2.0,2.0,-68.0
1777892381.4843323,1.0,0.0,-65.0
1777892381.4943323,4.0,0.0,-70.0
1777892381.5043323,2.0,-2.0,-74.0
1777892381.5143323,5.0,-4.0,-73.0
1777892381.5243323,7.0,-5.0,-61.0
1777892381.5343325,4.0,-4.0,-64.0
1777892381.5443325,0.0,-3.0,-55.0
1777892381.5543325,1.0,-3.0,-59.0
1777892381.5643325,6.0,0.0,-66.0
1777892381.5743325,7.0,3.0,-69.0
1777892381.5843325,10.0,1.0,-69.0
1777892381.5943325,12.0,0.0,-62.0
1777892381.6043324,11.0,4.0,-61.0
1777892381.6143324,11.0,-1.0,-67.0
1777892381.6243324,10.0,-4.0,-69.0
1777892381.6343324,16.0,-6.0,-68.0
1777892381.6443324,14.0,-4.0,-66.0
1777892381.6543324,11.0,-9.0,-63.0
1777892381.6643324,5.0,-8.0,-60.0
1777892381.6743324,7.0,-5.0,-62.0
1777892381.6843324,0.0,-5.0,-67.0
1777892381.6943324,1.0,-5.0,-70.0
1777892381.7043324,-4.0,-3.0,-69.0
1777892381.7143323,-4.0,-1.0,-65.0
1777892381.7243323,1.0,-3.0,-66.0
1777892381.7343323,5.0,-6.0,-72.0
1777892381.7443323,10.0,-8.0,-81.0
1777892381.7543323,8.0,-5.0,-77.0
1777892381.7643323,6.0,-4.0,-73.0
1777892381.7743323,7.0,-5.0,-75.0
1777892381.7843325,11.0,-10.0,-72.0
1777892381.7943325,10.0,-8.0,-71.0
1777892381.8043325,10.0,-8.0,-67.0
1777892381.8143325,10.0,-7.0,-66.0
1777892381.8243325,10.0,-6.0,-72.0
1777892381.8343325,6.0,-4.0,-65.0
1777892381.8443325,1.0,-4.0,-63.0
1777892381.8543324,0.0,-3.0,-64.0
1777892381.8643324,2.0,-4.0,-68.0
1777892381.8743324,2.0,-4.0,-72.0
1777892381.8843324,9.0,-7.0,-69.0
1777892381.8943324,7.0,-10.0,-72.0
1777892381.9043324,4.0,-9.0,-72.0
1777892381.9143324,2.0,-8.0,-75.0
1777892381.9243324,0.0,-11.0,-75.0
1777892381.9343324,-1.0,-12.0,-70.0
1777892381.9443324,-5.0,-10.0,-71.0
1777892381.9543324,-2.0,-9.0,-72.0
1777892381.9643323,4.0,-7.0,-68.0
1777892381.9743323,9.0,-7.0,-69.0
1777892381.9843323,11.0,-6.0,-67.0
1777892381.9943323,8.0,-5.0,-67.0
1777892382.0043323,5.0,-7.0,-62.0
1777892382.0143323,2.0,-7.0,-62.0
1777892382.0243323,2.0,-3.0,-66.0
1777892382.0343325,6.0,-3.0,-70.0
1777892382.0443325,12.0,-1.0,-71.0
1777892382.0543325,13.0,-2.0,-74.0
1777892382.0643325,8.0,0.0,-75.0
1777892382.0743325,5.0,-2.0,-76.0
1777892382.0843325,4.0,-2.0,-81.0
1777892382.0943325,9.0,-4.0,-82.0
1777892382.1043324,11.0,-7.0,-81.0
1777892382.1143324,8.0,-10.0,-80.0
1777892382.1243324,8.0,-9.0,-78.0
1777892382.1343324,5.0,-9.0,-78.0
1777892382.1443324,5.0,-6.0,-71.0
1777892382.1543324,3.0,-3.0,-70.0
1777892382.1643324,4.0,-2.0,-68.0
1777892382.1743324,11.0,-4.0,-70.0
1777892382.1843324,9.0,-4.0,-73.0
1777892382.1943324,7.0,-5.0,-76.0
1777892382.2043324,12.0,-7.0,-73.0
1777892382.2143323,15.0,-5.0,-79.0
1777892382.2243323,14.0,-3.0,-82.0
1777892382.2343323,10.0,-6.0,-79.0
1777892382.2443323,6.0,-3.0,-79.0
1777892382.2543323,6.0,-2.0,-79.0
1777892382.2643323,4.0,-1.0,-76.0
1777892382.2743323,4.0,0.0,-78.0
1777892382.2843325,4.0,0.0,-79.0
1777892382.2943325,3.0,1.0,-76.0
1777892382.3043325,4.0,4.0,-75.0
1777892382.3143325,1.0,1.0,-75.0
1777892382.3243325,1.0,0.0,-71.0
1777892382.3343325,4.0,1.0,-70.0
1777892382.3443325,6.0,1.0,-70.0
1777892382.3543324,6.0,1.0,-66.0
1777892382.3643324,5.0,-2.0,-69.0
1777892382.3743324,3.0,0.0,-66.0
1777892382.3853323,1.0,2.0,-68.0
1777892382.3943324,-1.0,3.0,-69.0
1777892382.4053323,0.0,1.0,-67.0
1777892382.4153323,0.0,-1.0,-68.0
1777892382.4253323,4.0,-2.0,-66.0
1777892382.4353323,5.0,-2.0,-66.0
1777892382.4453323,4.0,-2.0,-63.0
1777892382.4553325,0.0,-3.0,-67.0
1777892382.4653325,-1.0,0.0,-74.0
1777892382.4753325,-2.0,0.0,-66.0
1777892382.4853325,-1.0,1.0,-59.0
1777892382.4953325,-1.0,-1.0,-53.0
1777892382.5053325,-1.0,0.0,-55.0
1777892382.5153325,-3.0,5.0,-58.0
1777892382.5253325,-7.0,7.0,-59.0
1777892382.5353324,-6.0,7.0,-61.0
1777892382.5453324,-5.0,6.0,-69.0
1777892382.5553324,-5.0,2.0,-69.0
1777892382.5653324,-4.0,5.0,-62.0
1777892382.5753324,-3.0,4.0,-60.0
1777892382.5853324,0.0,2.0,-61.0
1777892382.5953324,0.0,2.0,-60.0
1777892382.6053324,-2.0,4.0,-66.0
1777892382.6153324,0.0,2.0,-61.0
1777892382.6253324,0.0,0.0,-72.0
1777892382.6353323,4.0,-3.0,-74.0
1777892382.6453323,2.0,0.0,-74.0
1777892382.6553323,6.0,0.0,-78.0
1777892382.6653323,3.0,-3.0,-79.0
1777892382.6753323,4.0,-6.0,-72.0
1777892382.6853323,3.0,-9.0,-77.0
1777892382.6953323,5.0,-10.0,-77.0
1777892382.7053325,3.0,-9.0,-69.0
1777892382.7153325,4.0,-7.0,-67.0
1777892382.7253325,6.0,-10.0,-65.0
1777892382.7353325,3.0,-10.0,-63.0
1777892382.7453325,6.0,-10.0,-67.0
1777892382.7553325,5.0,-10.0,-64.0
1777892382.7653325,0.0,-3.0,-57.0
1777892382.7753325,-1.0,-2.0,-59.0
1777892382.7853324,0.0,-1.0,-66.0
1777892382.7953324,2.0,-3.0,-67.0
1777892382.8053324,0.0,-4.0,-66.0
1777892382.8153324,1.0,-1.0,-72.0
1777892382.8263323,5.0,0.0,-73.0
1777892382.8353324,0.0,-1.0,-75.0
1777892382.8453324,5.0,-6.0,-75.0
1777892382.8553324,1.0,-2.0,-75.0
1777892382.8653324,0.0,0.0,-71.0
1777892382.8753324,2.0,1.0,-67.0
1777892382.8853323,7.0,2.0,-69.0
1777892382.8953323,12.0,2.0,-73.0
1777892382.9053323,12.0,1.0,-69.0
1777892382.9153323,5.0,0.0,-67.0
1777892382.9253323,8.0,1.0,-63.0
1777892382.9353323,7.0,3.0,-62.0
1777892382.9453323,2.0,5.0,-61.0
1777892382.9553325,-2.0,7.0,-62.0
1777892382.9653325,-6.0,5.0,-62.0
1777892382.9753325,-4.0,8.0,-60.0
1777892382.9853325,0.0,5.0,-69.0
1777892382.9953325,1.0,5.0,-71.0
1777892383.0053325,0.0,9.0,-72.0
1777892383.0153325,0.0,6.0,-73.0
1777892383.0253325,-2.0,1.0,-75.0
1777892383.0353324,-2.0,-1.0,-69.0
1777892383.0453324,-5.0,0.0,-67.0
1777892383.0553324,-7.0,2.0,-68.0
1777892383.0653324,-8.0,6.0,-74.0
1777892383.0753324,-6.0,5.0,-75.0
1777892383.0853324,-6.0,1.0,-79.0
1777892383.0953324,0.0,1.0,-86.0
1777892383.1053324,-1.0,1.0,-89.0
1777892383.1153324,0.0,4.0,-74.0
1777892383.1253324,-2.0,6.0,-80.0
1777892383.1353323,0.0,7.0,-72.0
1777892383.1453323,3.0,4.0,-71.0
1777892383.1553323,0.0,4.0,-65.0
1777892383.1653323,-4.0,0.0,-70.0
1777892383.1753323,-2.0,-1.0,-73.0
1777892383.1853323,0.0,-2.0,-73.0
1777892383.1953323,0.0,1.0,-70.0
1777892383.2053325,2.0,2.0,-74.0
1777892383.2153325,4.0,4.0,-76.0
1777892383.2253325,4.0,4.0,-71.0
1777892383.2353325,1.0,3.0,-71.0
1777892383.2453325,0.0,3.0,-69.0
1777892383.2553325,0.0,0.0,-64.0
1777892383.2653325,-1.0,-2.0,-65.0
1777892383.2753325,0.0,2.0,-62.0
1777892383.2853324,-1.0,-1.0,-63.0
1777892383.2953324,0.0,0.0,-66.0
1777892383.3053324,2.0,0.0,-75.0
1777892383.3153324,1.0,-2.0,-81.0
1777892383.3253324,0.0,0.0,-83.0
1777892383.3353324,3.0,2.0,-85.0
1777892383.3453324,4.0,1.0,-87.0
1777892383.3553324,3.0,1.0,-84.0
1777892383.3653324,8.0,5.0,-78.0
1777892383.3753324,7.0,6.0,-69.0
1777892383.3853323,6.0,7.0,-69.0
1777892383.3953323,6.0,4.0,-71.0
1777892383.4053323,8.0,5.0,-72.0
1777892383.4153323,10.0,1.0,-72.0
1777892383.4253323,9.0,0.0,-71.0
1777892383.4353323,9.0,2.0,-73.0
1777892383.4453323,3.0,4.0,-73.0
1777892383.4553325,0.0,5.0,-73.0
1777892383.4653325,0.0,2.0,-66.0
1777892383.4753325,0.0,2.0,-62.0
1777892383.4853325,1.0,2.0,-60.0
1777892383.4953325,1.0,2.0,-60.0
1777892383.5053325,-4.0,2.0,-60.0
1777892383.5153325,-6.0,0.0,-64.0
1777892383.5253325,-6.0,-5.0,-71.0
1777892383.5353324,-3.0,-3.0,-75.0
1777892383.5453324,-3.0,-5.0,-72.0
1777892383.5553324,-2.0,-4.0,-75.0
1777892383.5653324,-5.0,-4.0,-78.0
1777892383.5753324,-7.0,-2.0,-74.0
1777892383.5853324,-5.0,0.0,-69.0
1777892383.5953324,-3.0,-1.0,-65.0
1777892383.6053324,-2.0,-9.0,-63.0
1777892383.6153324,-1.0,-8.0,-66.0
1777892383.6253324,-4.0,-5.0,-66.0
1777892383.6353323,-10.0,-5.0,-61.0
1777892383.6453323,-8.0,-5.0,-59.0
1777892383.6553323,-3.0,-6.0,-65.0
1777892383.6653323,2.0,-9.0,-64.0
1777892383.6753323,3.0,-5.0,-58.0
1777892383.6853323,-1.0,-5.0,-63.0
1777892383.6953323,-1.0,-9.0,-67.0
1777892383.7053325,1.0,-8.0,-71.0
1777892383.7153325,0.0,-9.0,-64.0
1777892383.7253325,8.0,-7.0,-64.0
1777892383.7353325,7.0,-6.0,-66.0
1777892383.7453325,1.0,-2.0,-68.0
1777892383.7553325,0.0,-3.0,-68.0
1777892383.7653325,-4.0,-5.0,-67.0
1777892383.7753325,-3.0,-8.0,-64.0
1777892383.7853324,-4.0,-8.0,-65.0
1777892383.7953324,-1.0,-2.0,-62.0
1777892383.8053324,-3.0,-1.0,-63.0
1777892383.8153324,0.0,-4.0,-67.0
1777892383.8253324,1.0,-4.0,-60.0
1777892383.8353324,0.0,-7.0,-56.0
1777892383.8453324,-1.0,-2.0,-59.0
1777892383.8553324,0.0,0.0,-56.0
1777892383.8653324,4.0,1.0,-58.0
1777892383.8753324,4.0,-2.0,-57.0
1777892383.8853323,6.0,-1.0,-61.0
1777892383.8953323,7.0,1.0,-60.0
1777892383.9053323,8.0,4.0,-65.0
1777892383.9153323,8.0,1.0,-66.0
1777892383.9253323,2.0,0.0,-65.0
1777892383.9353323,0.0,0.0,-64.0
1777892383.9453323,2.0,-3.0,-73.0
1777892383.9553325,0.0,0.0,-78.0
1777892383.9653325,0.0,-1.0,-77.0
1777892383.9753325,0.0,-4.0,-70.0
1777892383.9853325,0.0,-2.0,-72.0
1777892383.9953325,0.0,-5.0,-70.0
1777892384.0053325,3.0,-3.0,-67.0
1777892384.0153325,-4.0,-2.0,-65.0
1777892384.0253325,-3.0,0.0,-65.0
1777892384.0353324,-4.0,-1.0,-67.0
1777892384.0453324,-3.0,3.0,-66.0
1777892384.0553324,-2.0,8.0,-65.0
1777892384.0653324,-1.0,9.0,-69.0
1777892384.0753324,-5.0,8.0,-72.0
1777892384.0853324,-1.0,3.0,-74.0
1777892384.0953324,0.0,5.0,-80.0
1777892384.1053324,-1.0,6.0,-81.0
1777892384.1153324,0.0,6.0,-68.0
1777892384.1253324,0.0,5.0,-61.0
1777892384.1353323,-1.0,3.0,-54.0
1777892384.1453323,0.0,2.0,-54.0
1777892384.1553323,-1.0,1.0,-57.0
1777892384.1653323,-1.0,2.0,-62.0
1777892384.1753323,-2.0,0.0,-67.0
1777892384.1853323,-4.0,0.0,-70.0
1777892384.1953323,0.0,0.0,-73.0
1777892384.2053325,2.0,-1.0,-65.0
1777892384.2153325,-1.0,0.0,-70.0
1777892384.2253325,1.0,4.0,-76.0
1777892384.2353325,1.0,7.0,-72.0
1777892384.2453325,-5.0,2.0,-69.0
1777892384.2553325,-2.0,-3.0,-63.0
1777892384.2653325,0.0,2.0,-60.0
1777892384.2753325,0.0,5.0,-57.0
1777892384.2853324,1.0,5.0,-62.0
1777892384.2953324,0.0,0.0,-61.0
1777892384.3053324,-2.0,0.0,-67.0
1777892384.3153324,-6.0,2.0,-75.0
1777892384.3253324,-1.0,0.0,-71.0
1777892384.3353324,-7.0,2.0,-69.0
1777892384.3453324,-7.0,2.0,-64.0
1777892384.3553324,-6.0,1.0,-70.0
1777892384.3653324,-5.0,0.0,-72.0
1777892384.3763323,-8.0,0.0,-72.0
1777892384.3863325,-6.0,0.0,-76.0
1777892384.3963325,-9.0,0.0,-81.0
1777892384.4063325,-6.0,2.0,-84.0
1777892384.4163325,-10.0,3.0,-84.0
1777892384.4263325,-4.0,0.0,-80.0
1777892384.4363325,-1.0,-4.0,-74.0
1777892384.4463325,0.0,-2.0,-70.0
1777892384.4563324,5.0,-2.0,-66.0
1777892384.4663324,0.0,0.0,-66.0
1777892384.4763324,-1.0,-1.0,-69.0
1777892384.4863324,-4.0,-1.0,-76.0
1777892384.4963324,-2.0,-1.0,-76.0
1777892384.5063324,1.0,0.0,-81.0
1777892384.5163324,2.0,-3.0,-80.0
1777892384.5263324,-1.0,-2.0,-81.0
1777892384.5363324,1.0,-1.0,-76.0
1777892384.5463324,0.0,-3.0,-83.0
1777892384.5563323,6.0,-5.0,-79.0
1777892384.5663323,7.0,-3.0,-77.0
1777892384.5763323,10.0,-1.0,-73.0
1777892384.5863323,12.0,-5.0,-75.0
1777892384.5963323,13.0,-7.0,-71.0
1777892384.6063323,11.0,-7.0,-63.0
1777892384.6163323,3.0,-7.0,-67.0
1777892384.6263323,7.0,-7.0,-69.0
1777892384.6363325,6.0,-6.0,-74.0
1777892384.6463325,3.0,-7.0,-68.0
1777892384.6563325,0.0,-8.0,-72.0
1777892384.6663325,-1.0,-6.0,-72.0
1777892384.6763325,-3.0,-3.0,-71.0
1777892384.6863325,0.0,0.0,-74.0
1777892384.6963325,1.0,0.0,-78.0
1777892384.7063324,5.0,1.0,-76.0
1777892384.7163324,10.0,4.0,-71.0
1777892384.7263324,7.0,4.0,-64.0
1777892384.7363324,1.0,3.0,-63.0
1777892384.7463324,-4.0,4.0,-67.0
1777892384.7563324,-4.0,3.0,-66.0
1777892384.7663324,-3.0,3.0,-70.0
1777892384.7763324,0.0,1.0,-68.0
1777892384.7863324,0.0,1.0,-68.0
1777892384.7963324,0.0,0.0,-67.0
1777892384.8063323,1.0,-3.0,-74.0
1777892384.8163323,2.0,-3.0,-76.0
1777892384.8263323,0.0,0.0,-79.0
1777892384.8363323,-1.0,0.0,-79.0
1777892384.8463323,0.0,3.0,-78.0
1777892384.8563323,0.0,4.0,-76.0
1777892384.8663323,3.0,3.0,-78.0
1777892384.8763323,1.0,0.0,-74.0
1777892384.8863325,2.0,-1.0,-69.0
1777892384.8963325,0.0,3.0,-75.0
1777892384.9063325,-3.0,0.0,-78.0
1777892384.9163325,-4.0,-3.0,-78.0
1777892384.9263325,-1.0,-9.0,-78.0
1777892384.9363325,-4.0,-7.0,-79.0
1777892384.9463325,-4.0,-9.0,-76.0
1777892384.9563324,-3.0,-11.0,-78.0
1777892384.9663324,0.0,-9.0,-79.0
1777892384.9763324,-1.0,-6.0,-76.0
1777892384.9863324,4.0,-8.0,-68.0
1777892384.9963324,1.0,-7.0,-66.0
1777892385.0063324,0.0,-4.0,-63.0
1777892385.0163324,2.0,-3.0,-59.0
1777892385.0263324,7.0,0.0,-56.0
1777892385.0363324,3.0,0.0,-60.0
1777892385.0463324,0.0,0.0,-66.0
1777892385.0563323,0.0,2.0,-64.0
1777892385.0663323,0.0,2.0,-62.0
1777892385.0763323,3.0,2.0,-59.0
1777892385.0863323,6.0,6.0,-57.0
1777892385.0963323,1.0,5.0,-58.0
1777892385.1063323,3.0,1.0,-67.0
1777892385.1163323,0.0,0.0,-79.0
1777892385.1263323,0.0,-1.0,-79.0
1777892385.1363325,2.0,2.0,-73.0
1777892385.1463325,3.0,2.0,-73.0
1777892385.1563325,0.0,4.0,-71.0
1777892385.1663325,1.0,1.0,-64.0
1777892385.1763325,0.0,-1.0,-61.0
1777892385.1863325,-2.0,-4.0,-65.0
1777892385.1963325,-4.0,-5.0,-67.0
1777892385.2063324,0.0,-2.0,-70.0
1777892385.2163324,0.0,0.0,-75.0
1777892385.2263324,0.0,-1.0,-75.0
1777892385.2363324,-1.0,2.0,-73.0
1777892385.2463324,-2.0,5.0,-73.0
1777892385.2563324,0.0,8.0,-69.0
1777892385.2663324,3.0,6.0,-68.0
1777892385.2763324,3.0,7.0,-75.0
1777892385.2863324,0.0,3.0,-77.0
1777892385.2963324,2.0,1.0,-84.0
1777892385.3063323,0.0,3.0,-85.0
1777892385.3163323,1.0,1.0,-79.0
1777892385.3263323,2.0,-2.0,-85.0
1777892385.3363323,2.0,-5.0,-78.0
1777892385.3463323,3.0,-6.0,-73.0
1777892385.3563323,2.0,-4.0,-71.0
1777892385.3663323,0.0,-6.0,-68.0
1777892385.3763323,7.0,-6.0,-64.0
1777892385.3863325,7.0,-8.0,-68.0
1777892385.3963325,6.0,-7.0,-70.0
1777892385.4063325,6.0,-9.0,-69.0
1777892385.4163325,7.0,-7.0,-70.0
1777892385.4263325,4.0,-8.0,-70.0
1777892385.4363325,3.0,-7.0,-64.0
1777892385.4463325,1.0,-7.0,-70.0
1777892385.4563324,0.0,0.0,-67.0
1777892385.4663324,6.0,1.0,-68.0
1777892385.4763324,7.0,4.0,-72.0
1777892385.4863324,11.0,4.0,-71.0
1777892385.4963324,11.0,6.0,-75.0
1777892385.5063324,6.0,5.0,-76.0
1777892385.5163324,9.0,6.0,-80.0
1777892385.5263324,6.0,3.0,-75.0
1777892385.5363324,5.0,5.0,-77.0
1777892385.5463324,0.0,6.0,-76.0
1777892385.5563323,-3.0,5.0,-70.0
1777892385.5663323,-2.0,6.0,-65.0
1777892385.5763323,1.0,4.0,-62.0
1777892385.5863323,2.0,2.0,-68.0
1777892385.5963323,0.0,0.0,-67.0
1777892385.6063323,0.0,2.0,-57.0
1777892385.6163323,0.0,-3.0,-59.0
1777892385.6263323,0.0,-3.0,-68.0
1777892385.6363325,0.0,1.0,-73.0
1777892385.6463325,1.0,0.0,-70.0
1777892385.6563325,2.0,2.0,-68.0
1777892385.6663325,4.0,1.0,-70.0
1777892385.6763325,-2.0,-1.0,-76.0
1777892385.6863325,-4.0,-5.0,-79.0
1777892385.6963325,0.0,-7.0,-74.0
1777892385.7063324,1.0,-2.0,-77.0
1777892385.7163324,1.0,0.0,-70.0
1777892385.7263324,1.0,0.0,-74.0
1777892385.7363324,1.0,1.0,-71.0
1777892385.7463324,-2.0,1.0,-68.0
1777892385.7563324,0.0,-3.0,-67.0
1777892385.7663324,0.0,-2.0,-63.0
1777892385.7763324,0.0,0.0,-67.0
1777892385.7863324,4.0,1.0,-70.0
1777892385.7963324,5.0,4.0,-75.0
1777892385.8063323,8.0,2.0,-77.0
1777892385.8163323,7.0,4.0,-79.0
1777892385.8263323,4.0,3.0,-79.0
1777892385.8363323,6.0,2.0,-73.0
1777892385.8463323,2.0,-4.0,-75.0
1777892385.8563323,0.0,-1.0,-80.0
1777892385.8663323,5.0,-3.0,-79.0
1777892385.8763323,5.0,-2.0,-79.0
1777892385.8863325,5.0,-5.0,-76.0
1777892385.8963325,6.0,-4.0,-72.0
1777892385.9063325,5.0,-2.0,-72.0
1777892385.9163325,3.0,-1.0,-73.0
1777892385.9263325,5.0,-4.0,-70.0
1777892385.9363325,2.0,0.0,-70.0
1777892385.9463325,0.0,3.0,-71.0
1777892385.9563324,0.0,5.0,-64.0
1777892385.9663324,2.0,6.0,-63.0
1777892385.9763324,5.0,0.0,-73.0
1777892385.9863324,3.0,-3.0,-72.0
1777892385.9963324,8.0,-1.0,-76.0
1777892386.0063324,1.0,-4.0,-73.0
1777892386.0163324,0.0,-4.0,-76.0
1777892386.0263324,1.0,-4.0,-74.0
1777892386.0363324,4.0,-2.0,-69.0
1777892386.0463324,7.0,0.0,-72.0
1777892386.0563323,1.0,0.0,-81.0
1777892386.0663323,2.0,3.0,-81.0
1777892386.0763323,0.0,3.0,-73.0
1777892386.0863323,-2.0,5.0,-71.0
1777892386.0963323,-3.0,1.0,-66.0
1777892386.1063323,-1.0,3.0,-60.0
1777892386.1163323,0.0,7.0,-67.0
1777892386.1263323,0.0,5.0,-70.0
1777892386.1363325,0.0,9.0,-72.0
1777892386.1463325,0.0,8.0,-67.0
1777892386.1563325,-3.0,4.0,-67.0
1777892386.1663325,-5.0,6.0,-71.0
1777892386.1763325,-6.0,4.0,-72.0
1777892386.1863325,-1.0,3.0,-72.0
1777892386.1963325,0.0,0.0,-75.0
1777892386.2063324,-1.0,1.0,-71.0
1777892386.2163324,-2.0,2.0,-74.0
1777892386.2263324,0.0,-2.0,-73.0
1777892386.2363324,-1.0,-6.0,-70.0
1777892386.2463324,-3.0,-3.0,-71.0
1777892386.2563324,1.0,-5.0,-73.0
1777892386.2663324,4.0,-4.0,-71.0
1777892386.2763324,3.0,-4.0,-68.0
1777892386.2863324,2.0,-3.0,-64.0
1777892386.2963324,3.0,-2.0,-69.0
1777892386.3063323,0.0,-3.0,-66.0
1777892386.3163323,-2.0,1.0,-67.0
1777892386.3263323,1.0,2.0,-69.0
1777892386.3363323,0.0,0.0,-75.0
1777892386.3463323,0.0,3.0,-75.0
1777892386.3563323,1.0,2.0,-77.0
1777892386.3673325,1.0,2.0,-78.0
1777892386.3773324,-2.0,1.0,-76.0
1777892386.3873324,-2.0,-3.0,-73.0
1777892386.3973324,1.0,-6.0,-77.0
1777892386.4073324,3.0,-5.0,-77.0
1777892386.4173324,5.0,-3.0,-78.0
1777892386.4273324,-4.0,0.0,-76.0
1777892386.4373324,-2.0,-2.0,-78.0
1777892386.4473324,1.0,0.0,-76.0
1777892386.4573324,3.0,-1.0,-76.0
1777892386.4673324,4.0,1.0,-81.0
1777892386.4773324,8.0,0.0,-74.0
1777892386.4873323,12.0,4.0,-75.0
1777892386.4973323,13.0,1.0,-72.0
1777892386.5073323,15.0,0.0,-75.0
1777892386.5173323,12.0,1.0,-67.0
1777892386.5273323,6.0,0.0,-67.0
1777892386.5373323,4.0,-1.0,-62.0
1777892386.5473323,0.0,0.0,-61.0
1777892386.5573325,0.0,1.0,-61.0
1777892386.5673325,2.0,1.0,-71.0
1777892386.5773325,3.0,0.0,-70.0
1777892386.5873325,4.0,0.0,-71.0
1777892386.5973325,4.0,-2.0,-68.0
1777892386.6073325,1.0,-1.0,-63.0
1777892386.6173325,1.0,-1.0,-59.0
1777892386.6273324,-1.0,-5.0,-63.0
1777892386.6373324,-2.0,-3.0,-66.0
1777892386.6473324,0.0,-5.0,-70.0
1777892386.6573324,1.0,-10.0,-72.0
1777892386.6673324,5.0,-8.0,-72.0
1777892386.6773324,3.0,-4.0,-74.0
1777892386.6873324,4.0,-3.0,-79.0
1777892386.6973324,2.0,0.0,-81.0
1777892386.7073324,-1.0,1.0,-78.0
1777892386.7173324,1.0,2.0,-77.0
1777892386.7273324,5.0,4.0,-79.0
1777892386.7373323,7.0,2.0,-74.0
1777892386.7473323,4.0,1.0,-76.0
1777892386.7573323,6.0,1.0,-74.0
1777892386.7673323,2.0,0.0,-69.0
1777892386.7773323,-3.0,0.0,-68.0
1777892386.7873323,-5.0,1.0,-65.0
1777892386.7973323,-2.0,-1.0,-65.0
1777892386.8073325,1.0,-3.0,-67.0
1777892386.8173325,0.0,-3.0,-65.0
1777892386.8273325,0.0,-3.0,-59.0
1777892386.8373325,1.0,0.0,-66.0
1777892386.8473325,2.0,-4.0,-60.0
1777892386.8573325,-1.0,-7.0,-63.0
1777892386.8673325,0.0,-6.0,-69.0
1777892386.8773324,0.0,-9.0,-66.0
1777892386.8873324,1.0,-8.0,-68.0
1777892386.8973324,3.0,-7.0,-69.0
1777892386.9073324,-3.0,-3.0,-73.0
1777892386.9173324,-1.0,-2.0,-72.0
1777892386.9273324,0.0,2.0,-76.0
1777892386.9373324,0.0,6.0,-68.0
1777892386.9473324,-3.0,3.0,-65.0
1777892386.9573324,-4.0,1.0,-63.0
1777892386.9673324,-4.0,1.0,-66.0
1777892386.9773324,0.0,-4.0,-67.0
1777892386.9873323,-4.0,0.0,-68.0
1777892386.9973323,-1.0,-2.0,-74.0
1777892387.0073323,-2.0,-2.0,-77.0
1777892387.0173323,1.0,0.0,-69.0
1777892387.0273323,1.0,-2.0,-67.0
1777892387.0373323,5.0,2.0,-66.0
1777892387.0473323,6.0,0.0,-67.0
1777892387.0573325,4.0,0.0,-70.0
1777892387.0673325,4.0,3.0,-70.0
1777892387.0773325,9.0,0.0,-71.0
1777892387.0873325,10.0,0.0,-77.0
1777892387.0973325,6.0,-2.0,-78.0
1777892387.1073325,6.0,-4.0,-72.0
1777892387.1173325,1.0,-6.0,-73.0
1777892387.1273324,3.0,-5.0,-71.0
1777892387.1373324,5.0,-3.0,-66.0
1777892387.1473324,4.0,-1.0,-63.0
1777892387.1573324,2.0,-3.0,-62.0
1777892387.1673324,3.0,-5.0,-68.0
1777892387.1773324,0.0,-7.0,-73.0
1777892387.1873324,-2.0,-6.0,-77.0
1777892387.1973324,0.0,-5.0,-78.0
1777892387.2073324,0.0,-3.0,-77.0
1777892387.2173324,2.0,-3.0,-75.0
1777892387.2273324,2.0,-1.0,-69.0
1777892387.2373323,0.0,0.0,-67.0
1777892387.2473323,-3.0,1.0,-75.0
1777892387.2573323,0.0,-1.0,-76.0
1777892387.2673323,0.0,-2.0,-79.0
1777892387.2773323,-2.0,-4.0,-86.0
1777892387.2873323,0.0,-3.0,-85.0
1777892387.2973323,3.0,-2.0,-78.0
1777892387.3073325,2.0,-2.0,-73.0
1777892387.3173325,4.0,-1.0,-64.0
1777892387.3273325,2.0,0.0,-57.0
1777892387.3373325,-5.0,1.0,-57.0
1777892387.3473325,-3.0,-1.0,-57.0
1777892387.3573325,-4.0,-2.0,-56.0
1777892387.3673325,-7.0,0.0,-64.0
1777892387.3773324,-3.0,-1.0,-69.0
1777892387.3873324,-3.0,-3.0,-70.0
1777892387.3973324,-4.0,0.0,-69.0
1777892387.4073324,-1.0,1.0,-69.0
1777892387.4173324,2.0,0.0,-79.0
1777892387.4273324,0.0,3.0,-82.0
1777892387.4373324,0.0,4.0,-75.0
1777892387.4473324,0.0,5.0,-75.0
1777892387.4573324,-3.0,0.0,-76.0
1777892387.4673324,-4.0,-1.0,-75.0
1777892387.4773324,-7.0,-1.0,-77.0
1777892387.4873323,-2.0,-2.0,-77.0
1777892387.4973323,-2.0,-6.0,-70.0
1777892387.5073323,3.0,-4.0,-66.0
1777892387.5173323,4.0,-1.0,-70.0
1777892387.5273323,3.0,-2.0,-72.0
1777892387.5373323,5.0,0.0,-72.0
1777892387.5473323,0.0,0.0,-69.0
1777892387.5573325,-1.0,4.0,-70.0
1777892387.5673325,1.0,0.0,-75.0
1777892387.5773325,1.0,-3.0,-70.0
1777892387.5873325,6.0,-1.0,-69.0
1777892387.5973325,9.0,0.0,-73.0
1777892387.6073325,10.0,0.0,-74.0
1777892387.6173325,7.0,4.0,-77.0
1777892387.6273324,5.0,3.0,-67.0
1777892387.6373324,7.0,6.0,-66.0
1777892387.6473324,6.0,5.0,-64.0
1777892387.6573324,7.0,6.0,-65.0
1777892387.6673324,7.0,10.0,-60.0
1777892387.6773324,7.0,8.0,-55.0
1777892387.6873324,7.0,11.0,-56.0
1777892387.6973324,6.0,5.0,-61.0
1777892387.7073324,6.0,3.0,-57.0
1777892387.7173324,2.0,0.0,-53.0
1777892387.7273324,-4.0,-2.0,-52.0
1777892387.7373323,-4.0,0.0,-47.0
1777892387.7473323,-1.0,-2.0,-45.0
1777892387.7573323,0.0,-2.0,-53.0
1777892387.7673323,4.0,-3.0,-59.0
1777892387.7773323,7.0,-2.0,-59.0
1777892387.7873323,3.0,0.0,-65.0
1777892387.7973323,5.0,1.0,-64.0
1777892387.8073325,3.0,2.0,-70.0
1777892387.8173325,1.0,1.0,-78.0
1777892387.8273325,0.0,0.0,-80.0
1777892387.8373325,0.0,-2.0,-75.0
1777892387.8473325,0.0,-1.0,-73.0
1777892387.8573325,5.0,3.0,-70.0
1777892387.8673325,3.0,2.0,-69.0
1777892387.8773324,2.0,1.0,-69.0
1777892387.8873324,1.0,0.0,-68.0
1777892387.8973324,0.0,-1.0,-70.0
1777892387.9073324,1.0,-1.0,-68.0
1777892387.9173324,0.0,0.0,-68.0
1777892387.9273324,3.0,5.0,-74.0
1777892387.9373324,0.0,2.0,-73.0
1777892387.9473324,-2.0,0.0,-73.0
1777892387.9573324,-6.0,0.0,-63.0
1777892387.9673324,-3.0,-3.0,-60.0
1777892387.9773324,-5.0,-6.0,-65.0
1777892387.9873323,-3.0,-5.0,-64.0
1777892387.9973323,-3.0,-6.0,-62.0
1777892388.0073323,-2.0,-4.0,-64.0
1777892388.0173323,0.0,-3.0,-66.0
1777892388.0273323,1.0,0.0,-71.0
1777892388.0373323,1.0,-1.0,-74.0
1777892388.0473323,0.0,-1.0,-82.0
1777892388.0573325,2.0,-1.0,-84.0
1777892388.0673325,2.0,-3.0,-83.0
1777892388.0773325,1.0,-2.0,-80.0
1777892388.0873325,0.0,0.0,-76.0
1777892388.0973325,1.0,0.0,-76.0
1777892388.1073325,1.0,1.0,-77.0
1777892388.1173325,-1.0,-1.0,-81.0
1777892388.1273324,-2.0,-6.0,-82.0
1777892388.1373324,1.0,-4.0,-80.0
1777892388.1473324,1.0,-4.0,-79.0
1777892388.1573324,-2.0,-3.0,-83.0
1777892388.1673324,-5.0,-1.0,-79.0
1777892388.1773324,-3.0,-2.0,-76.0
1777892388.1873324,0.0,0.0,-67.0
1777892388.1973324,0.0,-2.0,-66.0
1777892388.2073324,0.0,-4.0,-66.0
1777892388.2173324,-2.0,-3.0,-71.0
1777892388.2273324,-1.0,-1.0,-80.0
1777892388.2373323,1.0,-1.0,-80.0
1777892388.2473323,0.0,-6.0,-81.0
1777892388.2573323,2.0,-2.0,-79.0
1777892388.2673323,1.0,1.0,-79.0
1777892388.2773323,1.0,7.0,-81.0
1777892388.2873323,0.0,5.0,-83.0
1777892388.2973323,3.0,3.0,-81.0
1777892388.3083324,4.0,4.0,-77.0
1777892388.3173325,3.0,1.0,-78.0
1777892388.3283324,4.0,4.0,-77.0
1777892388.3373325,3.0,4.0,-81.0
1777892388.3473325,4.0,2.0,-86.0
1777892388.3573325,1.0,0.0,-85.0
1777892388.3683324,0.0,3.0,-89.0
1777892388.3783324,0.0,3.0,-89.0
1777892388.3883324,-6.0,0.0,-87.0
1777892388.3983324,-3.0,0.0,-84.0
1777892388.4083323,7.0,2.0,-79.0
1777892388.4183323,3.0,1.0,-78.0
1777892388.4283323,3.0,4.0,-81.0
1777892388.4383323,1.0,-1.0,-77.0
1777892388.4483323,0.0,-4.0,-74.0
1777892388.4583323,-3.0,-3.0,-69.0
1777892388.4683323,-3.0,-2.0,-74.0
1777892388.4783323,-4.0,-6.0,-72.0
1777892388.4883325,-4.0,-9.0,-78.0
1777892388.4983325,-4.0,-9.0,-69.0
1777892388.5083325,-4.0,-5.0,-73.0
1777892388.5183325,0.0,-4.0,-72.0
1777892388.5283325,1.0,-4.0,-71.0
1777892388.5383325,1.0,-3.0,-74.0
1777892388.5483325,-1.0,-3.0,-72.0
1777892388.5583324,0.0,-5.0,-72.0
1777892388.5683324,0.0,-7.0,-74.0
1777892388.5783324,-4.0,-6.0,-80.0
1777892388.5883324,-4.0,-3.0,-83.0
1777892388.5983324,0.0,-1.0,-83.0
1777892388.6083324,-1.0,3.0,-75.0
1777892388.6183324,0.0,5.0,-67.0
1777892388.6283324,-1.0,6.0,-66.0
1777892388.6383324,1.0,3.0,-67.0
1777892388.6483324,2.0,1.0,-66.0
1777892388.6583323,0.0,-3.0,-63.0
1777892388.6683323,2.0,-3.0,-62.0
1777892388.6783323,0.0,-5.0,-70.0
1777892388.6883323,-5.0,-7.0,-70.0
1777892388.6983323,-7.0,-7.0,-66.0
1777892388.7083323,-6.0,-5.0,-64.0
1777892388.7183323,-5.0,0.0,-62.0
1777892388.7283323,-6.0,2.0,-65.0
1777892388.7383325,-2.0,0.0,-68.0
1777892388.7483325,-2.0,2.0,-72.0
1777892388.7583325,0.0,1.0,-72.0
1777892388.7683325,3.0,0.0,-71.0
1777892388.7783325,7.0,-2.0,-68.0
1777892388.7883325,1.0,-1.0,-68.0
1777892388.7983325,0.0,-5.0,-64.0
1777892388.8083324,0.0,-7.0,-63.0
1777892388.8183324,3.0,-4.0,-65.0
1777892388.8283324,1.0,-6.0,-74.0
1777892388.8383324,4.0,-3.0,-79.0
1777892388.8483324,3.0,2.0,-80.0
1777892388.8583324,1.0,2.0,-74.0
1777892388.8683324,4.0,3.0,-69.0
1777892388.8783324,0.0,1.0,-69.0
1777892388.8883324,-4.0,1.0,-79.0
1777892388.8983324,-1.0,-4.0,-83.0
1777892388.9083323,0.0,-5.0,-70.0
1777892388.9183323,6.0,-2.0,-63.0
1777892388.9283323,10.0,-3.0,-61.0
1777892388.9383323,10.0,0.0,-64.0
1777892388.9483323,4.0,-2.0,-63.0
1777892388.9583323,2.0,-2.0,-62.0
1777892388.9683323,3.0,-1.0,-70.0
1777892388.9783323,7.0,0.0,-72.0
1777892388.9883325,4.0,-2.0,-73.0
1777892388.9983325,4.0,-5.0,-76.0
1777892389.0083325,2.0,-3.0,-76.0
1777892389.0183325,8.0,0.0,-74.0
1777892389.0283325,7.0,0.0,-73.0
1777892389.0383325,7.0,-1.0,-79.0
1777892389.0483325,10.0,0.0,-75.0
1777892389.0583324,13.0,-4.0,-73.0
1777892389.0683324,7.0,-4.0,-72.0
1777892389.0783324,9.0,1.0,-73.0
1777892389.0883324,10.0,1.0,-69.0
1777892389.0983324,13.0,-1.0,-72.0
1777892389.1083324,10.0,0.0,-70.0
1777892389.1183324,1.0,-2.0,-66.0
1777892389.1283324,3.0,0.0,-66.0
1777892389.1383324,2.0,-1.0,-65.0
1777892389.1483324,0.0,-3.0,-67.0
1777892389.1583323,0.0,0.0,-76.0
1777892389.1683323,0.0,-3.0,-67.0
1777892389.1783323,1.0,-3.0,-69.0
1777892389.1883323,6.0,0.0,-77.0
1777892389.1983323,3.0,1.0,-77.0
1777892389.2083323,0.0,1.0,-77.0
1777892389.2183323,-2.0,0.0,-78.0
1777892389.2283323,-1.0,-1.0,-73.0
1777892389.2383325,0.0,-2.0,-67.0
1777892389.2483325,7.0,-4.0,-71.0
1777892389.2583325,10.0,-3.0,-72.0
1777892389.2683325,8.0,-5.0,-72.0
1777892389.2783325,11.0,-4.0,-73.0
1777892389.2883325,10.0,-4.0,-73.0
1777892389.2983325,5.0,-4.0,-75.0
1777892389.3083324,6.0,-4.0,-73.0
1777892389.3183324,3.0,-1.0,-71.0
1777892389.3283324,1.0,0.0,-71.0
1777892389.3383324,2.0,-1.0,-74.0
1777892389.3483324,2.0,-2.0,-74.0
1777892389.3583324,0.0,-1.0,-78.0
1777892389.3683324,-1.0,0.0,-68.0
1777892389.3783324,-3.0,2.0,-65.0
1777892389.3883324,-5.0,0.0,-62.0
1777892389.3983324,2.0,-1.0,-64.0
1777892389.4083323,3.0,-2.0,-67.0
1777892389.4183323,8.0,-4.0,-71.0
1777892389.4283323,5.0,-1.0,-73.0
1777892389.4383323,6.0,-6.0,-74.0
1777892389.4483323,10.0,-3.0,-74.0
1777892389.4583323,11.0,-1.0,-73.0
1777892389.4683323,8.0,0.0,-75.0
1777892389.4783323,10.0,0.0,-75.0
1777892389.4883325,10.0,0.0,-69.0
1777892389.4983325,7.0,3.0,-64.0
1777892389.5083325,6.0,0.0,-61.0
1777892389.5183325,3.0,3.0,-67.0
1777892389.5283325,4.0,0.0,-68.0
1777892389.5383325,1.0,0.0,-67.0
1777892389.5483325,3.0,0.0,-71.0
1777892389.5583324,0.0,-2.0,-72.0
1777892389.5683324,3.0,-2.0,-78.0
1777892389.5783324,2.0,-1.0,-78.0
1777892389.5883324,0.0,1.0,-74.0
1777892389.5983324,0.0,3.0,-74.0
1777892389.6083324,-3.0,4.0,-76.0
1777892389.6183324,-5.0,5.0,-73.0
1777892389.6283324,-5.0,4.0,-76.0
1777892389.6383324,-5.0,2.0,-77.0
1777892389.6483324,0.0,4.0,-81.0
1777892389.6583323,1.0,5.0,-74.0
1777892389.6683323,0.0,2.0,-70.0
1777892389.6783323,-2.0,0.0,-66.0
1777892389.6883323,6.0,5.0,-70.0
1777892389.6983323,7.0,0.0,-69.0
1777892389.7083323,6.0,0.0,-73.0
1777892389.7183323,5.0,2.0,-71.0
1777892389.7283323,5.0,3.0,-65.0
1777892389.7383325,7.0,2.0,-73.0
1777892389.7483325,12.0,2.0,-71.0
1777892389.7583325,9.0,2.0,-70.0
1777892389.7683325,1.0,0.0,-72.0
1777892389.7783325,5.0,-3.0,-74.0
1777892389.7893324,3.0,-6.0,-73.0
1777892389.7983325,5.0,-9.0,-71.0
1777892389.8083324,7.0,-2.0,-67.0
1777892389.8183324,4.0,0.0,-66.0
1777892389.8283324,1.0,-2.0,-68.0
1777892389.8383324,3.0,-3.0,-65.0
1777892389.8483324,3.0,0.0,-64.0
1777892389.8583324,0.0,0.0,-62.0
1777892389.8683324,-4.0,0.0,-67.0
1777892389.8783324,-9.0,-6.0,-66.0
1777892389.8883324,-3.0,-3.0,-65.0
1777892389.8983324,0.0,-4.0,-71.0
1777892389.9083323,1.0,-1.0,-66.0
1777892389.9183323,0.0,-2.0,-65.0
1777892389.9283323,2.0,0.0,-63.0
1777892389.9383323,6.0,0.0,-62.0
1777892389.9483323,3.0,-2.0,-65.0
1777892389.9583323,1.0,-2.0,-71.0
1777892389.9683323,0.0,0.0,-74.0
1777892389.9783323,0.0,2.0,-71.0
1777892389.9883325,-6.0,3.0,-67.0
1777892389.9983325,-3.0,6.0,-64.0
1777892390.0083325,0.0,9.0,-71.0
1777892390.0183325,1.0,8.0,-69.0
1777892390.0283325,3.0,9.0,-70.0
1777892390.0383325,-3.0,6.0,-71.0
1777892390.0483325,0.0,8.0,-73.0
1777892390.0583324,0.0,10.0,-73.0
1777892390.0683324,0.0,5.0,-76.0
1777892390.0783324,-1.0,1.0,-77.0
1777892390.0883324,-3.0,2.0,-73.0
1777892390.0983324,-5.0,-1.0,-71.0
1777892390.1083324,-7.0,-1.0,-69.0
1777892390.1183324,-7.0,1.0,-70.0
1777892390.1283324,-6.0,-1.0,-64.0
1777892390.1383324,-6.0,-2.0,-68.0
1777892390.1483324,-5.0,2.0,-65.0
1777892390.1583323,-7.0,1.0,-62.0
1777892390.1683323,-7.0,2.0,-63.0
1777892390.1783323,-3.0,-3.0,-62.0
1777892390.1883323,-2.0,-4.0,-61.0
1777892390.1983323,-3.0,-5.0,-59.0
1777892390.2083323,-2.0,-1.0,-65.0
1777892390.2183323,-1.0,3.0,-69.0
1777892390.2283323,1.0,6.0,-74.0
1777892390.2383325,4.0,4.0,-77.0
1777892390.2483325,4.0,1.0,-79.0
1777892390.2583325,1.0,1.0,-73.0
1777892390.2683325,0.0,1.0,-80.0
1777892390.2783325,0.0,2.0,-76.0
1777892390.2883325,-1.0,5.0,-76.0
1777892390.2983325,-3.0,4.0,-81.0
1777892390.3083324,-1.0,1.0,-75.0
1777892390.3183324,0.0,0.0,-74.0
1777892390.3283324,0.0,0.0,-65.0
1777892390.3383324,-2.0,-3.0,-67.0
1777892390.3493323,2.0,-1.0,-75.0
1777892390.3583324,3.0,0.0,-79.0
1777892390.3693323,6.0,0.0,-73.0
1777892390.3793323,3.0,0.0,-71.0
1777892390.3893323,5.0,1.0,-75.0
1777892390.3993323,4.0,0.0,-74.0
1777892390.4093325,0.0,0.0,-73.0
1777892390.4193325,0.0,0.0,-76.0
1777892390.4293325,-4.0,3.0,-70.0
1777892390.4393325,0.0,1.0,-67.0
1777892390.4493325,4.0,0.0,-60.0
1777892390.4593325,2.0,-1.0,-63.0
1777892390.4693325,2.0,0.0,-70.0
1777892390.4793324,4.0,1.0,-74.0
1777892390.4893324,4.0,1.0,-68.0
1777892390.4993324,10.0,-4.0,-68.0
1777892390.5093324,7.0,-1.0,-69.0
1777892390.5193324,7.0,-5.0,-71.0
1777892390.5293324,6.0,-8.0,-68.0
1777892390.5393324,1.0,-6.0,-69.0
1777892390.5493324,1.0,-4.0,-75.0
1777892390.5593324,-3.0,-4.0,-81.0
1777892390.5693324,-3.0,-3.0,-82.0
1777892390.5793324,0.0,0.0,-79.0
1777892390.5893323,3.0,3.0,-76.0
1777892390.5993323,3.0,4.0,-79.0
1777892390.6093323,-2.0,3.0,-71.0
1777892390.6193323,-1.0,3.0,-73.0
1777892390.6293323,0.0,2.0,-73.0
1777892390.6393323,0.0,2.0,-74.0
1777892390.6493323,-3.0,4.0,-88.0
1777892390.6593325,0.0,3.0,-89.0
1777892390.6693325,4.0,1.0,-89.0
1777892390.6793325,0.0,2.0,-84.0
1777892390.6893325,0.0,0.0,-83.0
1777892390.6993325,-3.0,-3.0,-82.0
1777892390.7093325,-1.0,-1.0,-75.0
1777892390.7193325,2.0,1.0,-69.0
1777892390.7293324,0.0,0.0,-69.0
1777892390.7393324,-1.0,2.0,-67.0
1777892390.7493324,-2.0,0.0,-65.0
1777892390.7593324,0.0,-3.0,-67.0
1777892390.7693324,3.0,-5.0,-68.0
1777892390.7793324,3.0,-3.0,-64.0
1777892390.7893324,0.0,-8.0,-62.0
1777892390.7993324,1.0,-3.0,-56.0
1777892390.8093324,1.0,1.0,-59.0
1777892390.8193324,0.0,4.0,-66.0
1777892390.8293324,-1.0,4.0,-66.0
1777892390.8393323,-2.0,4.0,-61.0
1777892390.8493323,-4.0,5.0,-68.0
1777892390.8593323,0.0,7.0,-70.0
1777892390.8693323,1.0,0.0,-77.0
1777892390.8793323,3.0,-1.0,-81.0
1777892390.8893323,7.0,2.0,-79.0
1777892390.8993323,7.0,-3.0,-76.0
1777892390.9093325,6.0,-1.0,-76.0
1777892390.9193325,3.0,1.0,-76.0
1777892390.9293325,6.0,-2.0,-75.0
1777892390.9393325,6.0,0.0,-72.0
1777892390.9493325,2.0,0.0,-67.0
1777892390.9593325,2.0,-4.0,-66.0
1777892390.9693325,0.0,-7.0,-61.0
1777892390.9793324,1.0,-8.0,-61.0
1777892390.9893324,0.0,-6.0,-72.0
1777892390.9993324,-1.0,-7.0,-73.0
1777892391.0093324,-3.0,-10.0,-76.0
1777892391.0193324,1.0,-13.0,-72.0
1777892391.0293324,3.0,-11.0,-68.0
1777892391.0393324,3.0,-13.0,-62.0
1777892391.0493324,7.0,-14.0,-59.0
1777892391.0593324,3.0,-11.0,-67.0
1777892391.0693324,2.0,-10.0,-69.0
1777892391.0793324,4.0,-10.0,-68.0
1777892391.0893323,4.0,-6.0,-65.0
1777892391.0993323,1.0,-4.0,-62.0
1777892391.1093323,-4.0,0.0,-58.0
1777892391.1193323,-5.0,0.0,-56.0
1777892391.1293323,-6.0,2.0,-55.0
1777892391.1393323,-3.0,2.0,-60.0
1777892391.1493323,-8.0,0.0,-62.0
1777892391.1593325,-6.0,0.0,-66.0
1777892391.1693325,-6.0,-4.0,-71.0
1777892391.1793325,-1.0,-6.0,-68.0
1777892391.1893325,0.0,-8.0,-69.0
1777892391.1993325,0.0,-2.0,-71.0
1777892391.2093325,2.0,-3.0,-76.0
1777892391.2193325,2.0,-3.0,-76.0
1777892391.2293324,3.0,-2.0,-73.0
1777892391.2393324,4.0,-2.0,-76.0
1777892391.2493324,4.0,-3.0,-78.0
1777892391.2593324,1.0,-5.0,-76.0
1777892391.2693324,3.0,-6.0,-76.0
1777892391.2793324,2.0,-6.0,-75.0
1777892391.2893324,10.0,-3.0,-65.0
1777892391.2993324,7.0,0.0,-65.0
1777892391.3093324,4.0,1.0,-64.0
1777892391.3193324,5.0,5.0,-68.0
1777892391.3293324,1.0,3.0,-67.0
1777892391.3393323,0.0,2.0,-70.0
1777892391.3493323,2.0,0.0,-69.0
1777892391.3593323,3.0,-3.0,-78.0
1777892391.3693323,0.0,-6.0,-76.0
1777892391.3793323,-6.0,-3.0,-81.0
1777892391.3893323,0.0,0.0,-88.0
1777892391.3993323,0.0,2.0,-92.0
1777892391.4093325,1.0,2.0,-88.0
1777892391.4193325,1.0,1.0,-81.0
1777892391.4293325,0.0,2.0,-80.0
1777892391.4393325,-1.0,1.0,-82.0
1777892391.4493325,-2.0,0.0,-77.0
1777892391.4593325,1.0,-1.0,-71.0
1777892391.4693325,-3.0,0.0,-70.0
1777892391.4793324,1.0,0.0,-70.0
1777892391.4893324,0.0,0.0,-69.0
1777892391.4993324,0.0,0.0,-71.0
1777892391.5093324,2.0,-1.0,-67.0
1777892391.5193324,-2.0,0.0,-71.0
1777892391.5293324,2.0,3.0,-73.0
1777892391.5393324,2.0,2.0,-77.0
1777892391.5493324,3.0,0.0,-75.0
1777892391.5593324,0.0,-2.0,-72.0
1777892391.5693324,-3.0,-4.0,-71.0
1777892391.5793324,-8.0,-3.0,-74.0
1777892391.5893323,-5.0,-1.0,-73.0
1777892391.5993323,-6.0,1.0,-66.0
1777892391.6093323,-5.0,6.0,-64.0
1777892391.6193323,0.0,3.0,-63.0
1777892391.6293323,2.0,6.0,-69.0
1777892391.6393323,6.0,7.0,-62.0
1777892391.6493323,10.0,2.0,-69.0
1777892391.6593325,14.0,0.0,-75.0
1777892391.6693325,19.0,-3.0,-75.0
1777892391.6793325,13.0,0.0,-71.0
1777892391.6893325,8.0,0.0,-66.0
1777892391.6993325,9.0,5.0,-62.0
1777892391.7093325,3.0,7.0,-57.0
1777892391.7193325,9.0,7.0,-51.0
1777892391.7293324,8.0,2.0,-53.0
1777892391.7393324,2.0,5.0,-68.0
1777892391.7493324,5.0,5.0,-64.0
1777892391.7593324,6.0,6.0,-57.0
1777892391.7693324,3.0,7.0,-57.0
1777892391.7793324,3.0,4.0,-64.0
1777892391.7893324,2.0,0.0,-71.0
1777892391.7993324,2.0,-1.0,-73.0
1777892391.8093324,2.0,-2.0,-73.0
1777892391.8193324,7.0,-3.0,-75.0
1777892391.8293324,7.0,-6.0,-79.0
1777892391.8393323,5.0,-5.0,-78.0
1777892391.8493323,2.0,-4.0,-67.0
1777892391.8593323,0.0,-2.0,-70.0
1777892391.8693323,-2.0,-1.0,-70.0
1777892391.8793323,1.0,-2.0,-73.0
1777892391.8893323,5.0,-6.0,-73.0
1777892391.8993323,6.0,-3.0,-74.0
1777892391.9093325,8.0,-3.0,-72.0
1777892391.9193325,5.0,-1.0,-70.0
1777892391.9293325,1.0,0.0,-67.0
1777892391.9393325,-1.0,-2.0,-67.0
1777892391.9493325,0.0,-3.0,-67.0
1777892391.9593325,3.0,-4.0,-60.0
1777892391.9693325,2.0,-5.0,-50.0
1777892391.9793324,3.0,-7.0,-44.0
1777892391.9893324,4.0,-2.0,-55.0
1777892391.9993324,2.0,-3.0,-59.0
1777892392.0093324,5.0,-4.0,-61.0
1777892392.0193324,6.0,-2.0,-62.0
1777892392.0293324,3.0,-3.0,-61.0
1777892392.0393324,1.0,-1.0,-62.0
1777892392.0493324,3.0,0.0,-68.0
1777892392.0593324,6.0,1.0,-70.0
1777892392.0693324,4.0,3.0,-70.0
1777892392.0793324,2.0,0.0,-69.0
1777892392.0893323,2.0,-2.0,-69.0
1777892392.0993323,2.0,-1.0,-75.0
1777892392.1093323,4.0,0.0,-69.0
1777892392.1193323,4.0,-4.0,-69.0
1777892392.1293323,10.0,-2.0,-64.0
1777892392.1393323,5.0,-5.0,-64.0
1777892392.1493323,-1.0,-6.0,-65.0
1777892392.1593325,0.0,-3.0,-61.0
1777892392.1693325,-1.0,0.0,-59.0
1777892392.1793325,0.0,0.0,-66.0
1777892392.1893325,-2.0,0.0,-65.0
1777892392.1993325,-3.0,-2.0,-72.0
1777892392.2093325,-1.0,-1.0,-73.0
1777892392.2193325,0.0,-3.0,-73.0
1777892392.2293324,0.0,-3.0,-69.0
1777892392.2393324,1.0,-6.0,-66.0
1777892392.2493324,6.0,-6.0,-64.0
1777892392.2593324,8.0,-3.0,-61.0
1777892392.2693324,7.0,-1.0,-64.0
1777892392.2793324,4.0,-1.0,-60.0
1777892392.2903323,7.0,0.0,-55.0
1777892392.2993324,6.0,4.0,-50.0
1777892392.3093324,9.0,0.0,-57.0
1777892392.3193324,7.0,3.0,-54.0
1777892392.3293324,5.0,1.0,-57.0
1777892392.3403325,4.0,-1.0,-63.0
1777892392.3493323,5.0,0.0,-70.0
1777892392.3593323,4.0,-2.0,-70.0
1777892392.3703325,4.0,-2.0,-74.0
1777892392.3803325,3.0,3.0,-76.0
1777892392.3903325,6.0,-3.0,-79.0
1777892392.4003325,3.0,-6.0,-72.0
1777892392.4103324,2.0,-5.0,-67.0
1777892392.4203324,4.0,-4.0,-61.0
1777892392.4303324,7.0,-2.0,-61.0
1777892392.4403324,7.0,0.0,-60.0
1777892392.4503324,5.0,1.0,-54.0
1777892392.4603324,4.0,0.0,-53.0
1777892392.4703324,4.0,-3.0,-57.0
1777892392.4803324,0.0,-4.0,-65.0
1777892392.4903324,-3.0,-8.0,-63.0
1777892392.5003324,0.0,-7.0,-65.0
1777892392.5103323,0.0,-6.0,-64.0
1777892392.5203323,-2.0,-9.0,-68.0
1777892392.5303323,0.0,-9.0,-65.0
1777892392.5403323,6.0,-7.0,-63.0
1777892392.5503323,7.0,-7.0,-58.0
1777892392.5603323,9.0,-2.0,-57.0
1777892392.5703323,8.0,-2.0,-64.0
1777892392.5803325,4.0,-5.0,-60.0
1777892392.5903325,5.0,-6.0,-58.0
1777892392.6003325,3.0,-4.0,-63.0
1777892392.6103325,5.0,-4.0,-66.0
1777892392.6203325,3.0,-1.0,-68.0
1777892392.6303325,-1.0,-5.0,-69.0
1777892392.6403325,-1.0,-2.0,-77.0
1777892392.6503325,0.0,1.0,-75.0
1777892392.6603324,-2.0,2.0,-74.0
1777892392.6703324,-2.0,0.0,-73.0
1777892392.6803324,3.0,0.0,-70.0
1777892392.6903324,0.0,-2.0,-72.0
1777892392.7003324,0.0,-2.0,-69.0
1777892392.7103324,-4.0,-6.0,-69.0
1777892392.7203324,-6.0,0.0,-72.0
1777892392.7303324,-6.0,3.0,-82.0
1777892392.7403324,-9.0,0.0,-79.0
1777892392.7503324,-11.0,2.0,-71.0
1777892392.7603323,-13.0,0.0,-63.0
1777892392.7703323,-9.0,-5.0,-64.0
1777892392.7803323,-9.0,-5.0,-63.0
1777892392.7903323,-5.0,-3.0,-61.0
1777892392.8003323,0.0,-4.0,-60.0
1777892392.8103323,1.0,-1.0,-61.0
1777892392.8203323,3.0,-5.0,-64.0
1777892392.8303325,-4.0,-7.0,-68.0
1777892392.8403325,-4.0,-6.0,-61.0
1777892392.8503325,-4.0,-2.0,-63.0
1777892392.8603325,-5.0,-2.0,-62.0
1777892392.8703325,-2.0,-2.0,-68.0
1777892392.8803325,-1.0,-3.0,-75.0
1777892392.8903325,-4.0,0.0,-77.0
1777892392.9003325,-2.0,1.0,-71.0
1777892392.9103324,0.0,-1.0,-68.0
1777892392.9203324,-6.0,-6.0,-63.0
1777892392.9303324,-5.0,-6.0,-65.0
1777892392.9403324,-7.0,-8.0,-61.0
1777892392.9503324,-6.0,-3.0,-67.0
1777892392.9603324,-4.0,1.0,-63.0
1777892392.9703324,-3.0,3.0,-65.0
1777892392.9803324,0.0,0.0,-62.0
1777892392.9903324,2.0,1.0,-61.0
1777892393.0003324,5.0,2.0,-60.0
1777892393.0103323,7.0,2.0,-64.0
1777892393.0203323,8.0,0.0,-70.0
1777892393.0303323,7.0,0.0,-69.0
1777892393.0403323,0.0,-1.0,-72.0
1777892393.0503323,-3.0,2.0,-67.0
1777892393.0603323,-4.0,3.0,-70.0
1777892393.0703323,-5.0,6.0,-71.0
1777892393.0803325,2.0,3.0,-71.0
1777892393.0903325,4.0,-4.0,-73.0
1777892393.1003325,4.0,1.0,-78.0
1777892393.1103325,3.0,0.0,-77.0
1777892393.1203325,1.0,1.0,-68.0
1777892393.1303325,0.0,-1.0,-71.0
1777892393.1403325,-1.0,-3.0,-69.0
1777892393.1503325,-3.0,0.0,-65.0
1777892393.1603324,-4.0,0.0,-67.0
1777892393.1703324,-2.0,1.0,-66.0
1777892393.1803324,-3.0,-2.0,-65.0
1777892393.1903324,-7.0,0.0,-66.0
1777892393.2003324,-5.0,1.0,-59.0
1777892393.2103324,-2.0,1.0,-63.0
1777892393.2203324,0.0,0.0,-64.0
1777892393.2303324,-5.0,1.0,-60.0
1777892393.2403324,-3.0,1.0,-66.0
1777892393.2503324,3.0,-4.0,-58.0
1777892393.2603323,-2.0,-2.0,-58.0
1777892393.2703323,-6.0,-2.0,-72.0
1777892393.2803323,-6.0,0.0,-66.0
1777892393.2903323,-7.0,1.0,-64.0
1777892393.3003323,-6.0,2.0,-70.0
1777892393.3103323,-4.0,2.0,-73.0
1777892393.3203323,-2.0,0.0,-70.0
1777892393.3303325,-7.0,-4.0,-73.0
1777892393.3403325,-10.0,-5.0,-71.0
1777892393.3503325,-10.0,-5.0,-73.0
1777892393.3603325,-3.0,-2.0,-68.0
1777892393.3703325,1.0,0.0,-69.0
1777892393.3803325,5.0,0.0,-74.0
1777892393.3903325,2.0,0.0,-75.0
1777892393.4003325,1.0,-1.0,-72.0
1777892393.4103324,4.0,-6.0,-74.0
1777892393.4203324,4.0,-9.0,-74.0
1777892393.4303324,2.0,-6.0,-74.0
1777892393.4403324,2.0,-2.0,-73.0
1777892393.4503324,-4.0,-5.0,-78.0
1777892393.4603324,-4.0,-4.0,-73.0
1777892393.4703324,-4.0,-9.0,-70.0
1777892393.4803324,1.0,-9.0,-70.0
1777892393.4903324,2.0,-9.0,-76.0
1777892393.5003324,4.0,-9.0,-73.0
1777892393.5103323,5.0,-3.0,-76.0
1777892393.5203323,3.0,0.0,-76.0
1777892393.5303323,0.0,2.0,-78.0
1777892393.5403323,-1.0,-2.0,-74.0
1777892393.5503323,-2.0,-1.0,-62.0
1777892393.5603323,-4.0,2.0,-59.0
1777892393.5703323,-2.0,0.0,-57.0
1777892393.5803325,0.0,0.0,-60.0
1777892393.5903325,2.0,0.0,-54.0
1777892393.6003325,2.0,0.0,-60.0
1777892393.6103325,3.0,-2.0,-66.0
1777892393.6203325,-3.0,0.0,-63.0
1777892393.6303325,-5.0,-2.0,-69.0
1777892393.6403325,-3.0,-3.0,-74.0
1777892393.6503325,-1.0,-6.0,-79.0
1777892393.6603324,-1.0,-3.0,-76.0
1777892393.6703324,-3.0,-3.0,-70.0
1777892393.6803324,-5.0,0.0,-67.0
1777892393.6903324,-5.0,0.0,-66.0
1777892393.7003324,-3.0,0.0,-67.0
1777892393.7103324,-1.0,-2.0,-69.0
1777892393.7203324,-2.0,1.0,-67.0
1777892393.7303324,-7.0,0.0,-71.0
1777892393.7403324,-6.0,-2.0,-76.0
1777892393.7503324,-2.0,-2.0,-73.0
1777892393.7603323,0.0,-4.0,-73.0
1777892393.7703323,1.0,-4.0,-76.0
1777892393.7803323,3.0,-3.0,-74.0
1777892393.7903323,5.0,-2.0,-76.0
1777892393.8003323,4.0,-2.0,-82.0
1777892393.8103323,0.0,-3.0,-85.0
1777892393.8203323,0.0,-4.0,-79.0
1777892393.8303325,2.0,-2.0,-74.0
1777892393.8403325,0.0,-7.0,-72.0
1777892393.8503325,1.0,-6.0,-71.0
1777892393.8603325,0.0,-6.0,-67.0
1777892393.8703325,0.0,-8.0,-65.0
1777892393.8803325,0.0,-9.0,-61.0
1777892393.8903325,3.0,-5.0,-68.0
1777892393.9003325,2.0,-8.0,-65.0
1777892393.9103324,0.0,-5.0,-65.0
1777892393.9203324,0.0,-3.0,-70.0
1777892393.9303324,4.0,-3.0,-74.0
1777892393.9403324,1.0,0.0,-74.0
1777892393.9503324,-4.0,0.0,-75.0
1777892393.9603324,-1.0,0.0,-73.0
1777892393.9703324,-3.0,0.0,-69.0
1777892393.9803324,3.0,-3.0,-76.0
1777892393.9903324,1.0,-4.0,-81.0
1777892394.0003324,-2.0,-3.0,-81.0
1777892394.0103323,-1.0,0.0,-81.0
1777892394.0203323,2.0,-2.0,-83.0
1777892394.0303323,1.0,-1.0,-87.0
1777892394.0403323,-3.0,-5.0,-80.0
1777892394.0503323,-1.0,-3.0,-79.0
1777892394.0603323,3.0,-3.0,-71.0
1777892394.0703323,0.0,0.0,-72.0
1777892394.0803325,0.0,-1.0,-68.0
1777892394.0903325,1.0,-2.0,-65.0
1777892394.1003325,3.0,0.0,-69.0
1777892394.1103325,0.0,-7.0,-70.0
1777892394.1203325,-3.0,-8.0,-69.0
1777892394.1303325,-1.0,-4.0,-69.0
1777892394.1403325,-3.0,-2.0,-67.0
1777892394.1503325,0.0,-2.0,-73.0
1777892394.1603324,-8.0,-7.0,-74.0
1777892394.1703324,-12.0,-10.0,-74.0
1777892394.1803324,-8.0,-10.0,-71.0
1777892394.1903324,-5.0,-7.0,-73.0
1777892394.2003324,-4.0,-7.0,-75.0
1777892394.2103324,-3.0,-5.0,-80.0
1777892394.2203324,-3.0,-2.0,-75.0
1777892394.2303324,-8.0,-1.0,-73.0
1777892394.2403324,-9.0,0.0,-82.0
1777892394.2503324,-8.0,1.0,-85.0
1777892394.2603323,-5.0,-1.0,-81.0
1777892394.2703323,0.0,-3.0,-76.0
1777892394.2803323,-1.0,-2.0,-70.0
1777892394.2903323,0.0,0.0,-67.0
1777892394.3003323,0.0,2.0,-73.0
1777892394.3103323,0.0,0.0,-68.0
1777892394.3203323,0.0,-2.0,-66.0
1777892394.3313324,-2.0,-5.0,-67.0
1777892394.3413324,-4.0,-9.0,-71.0
1777892394.3513324,0.0,-8.0,-70.0
1777892394.3613324,-3.0,-8.0,-67.0
1777892394.3713324,-5.0,-3.0,-63.0
1777892394.3813324,-6.0,-1.0,-65.0
1777892394.3913324,-10.0,0.0,-65.0
1777892394.4013324,-8.0,-3.0,-60.0
1777892394.4113324,0.0,1.0,-63.0
1777892394.4213324,-1.0,2.0,-73.0
1777892394.4313323,-1.0,4.0,-75.0
1777892394.4413323,-2.0,5.0,-74.0
1777892394.4513323,-3.0,4.0,-71.0
1777892394.4613323,-3.0,1.0,-68.0
1777892394.4713323,-1.0,1.0,-74.0
1777892394.4813323,-5.0,0.0,-76.0
1777892394.4913323,-3.0,-4.0,-74.0
1777892394.5013323,-5.0,-1.0,-80.0
1777892394.5113325,-2.0,1.0,-84.0
1777892394.5213325,0.0,-1.0,-87.0
1777892394.5313325,2.0,-5.0,-87.0
1777892394.5413325,6.0,-10.0,-85.0
1777892394.5513325,6.0,-8.0,-77.0
1777892394.5613325,8.0,-8.0,-73.0
1777892394.5713325,10.0,-1.0,-70.0
1777892394.5813324,6.0,3.0,-63.0
1777892394.5913324,1.0,7.0,-65.0
1777892394.6013324,1.0,2.0,-67.0
1777892394.6113324,1.0,-2.0,-69.0
1777892394.6213324,2.0,-6.0,-68.0
1777892394.6313324,5.0,-4.0,-69.0
1777892394.6413324,3.0,-1.0,-69.0
1777892394.6513324,0.0,1.0,-73.0
1777892394.6613324,0.0,0.0,-72.0
1777892394.6713324,3.0,-1.0,-62.0
1777892394.6813323,-1.0,-1.0,-56.0
1777892394.6913323,-2.0,1.0,-63.0
1777892394.7013323,2.0,0.0,-74.0
1777892394.7113323,7.0,0.0,-80.0
1777892394.7213323,3.0,2.0,-79.0
1777892394.7313323,3.0,5.0,-77.0
1777892394.7413323,5.0,3.0,-77.0
1777892394.7513323,6.0,4.0,-74.0
1777892394.7613325,9.0,3.0,-73.0
1777892394.7713325,6.0,1.0,-73.0
1777892394.7813325,5.0,2.0,-80.0
1777892394.7913325,3.0,1.0,-77.0
1777892394.8013325,2.0,-2.0,-79.0
1777892394.8113325,0.0,-1.0,-73.0
1777892394.8213325,2.0,-2.0,-70.0
1777892394.8313324,3.0,1.0,-64.0
1777892394.8413324,1.0,1.0,-58.0
1777892394.8513324,0.0,-1.0,-53.0
1777892394.8613324,-5.0,-1.0,-56.0
1777892394.8713324,-3.0,-5.0,-61.0
1777892394.8813324,-7.0,-9.0,-67.0
1777892394.8913324,-4.0,-6.0,-72.0
1777892394.9013324,0.0,-2.0,-72.0
1777892394.9113324,0.0,-2.0,-75.0
1777892394.9213324,0.0,-2.0,-79.0
1777892394.9313323,0.0,-2.0,-82.0
1777892394.9413323,2.0,2.0,-80.0
1777892394.9513323,-2.0,5.0,-74.0
1777892394.9613323,-3.0,6.0,-71.0
1777892394.9713323,-3.0,6.0,-79.0
1777892394.9813323,0.0,5.0,-70.0
1777892394.9913323,2.0,5.0,-64.0
1777892395.0013323,0.0,7.0,-64.0
1777892395.0113325,2.0,7.0,-70.0
1777892395.0213325,5.0,8.0,-64.0
1777892395.0313325,10.0,6.0,-70.0
1777892395.0413325,11.0,2.0,-68.0
1777892395.0513325,10.0,-3.0,-60.0
1777892395.0613325,13.0,-7.0,-68.0
1777892395.0713325,14.0,-8.0,-67.0
1777892395.0813324,16.0,-8.0,-68.0
1777892395.0913324,14.0,-9.0,-71.0
1777892395.1013324,8.0,-5.0,-72.0
1777892395.1113324,5.0,-7.0,-72.0
1777892395.1213324,7.0,-8.0,-67.0
1777892395.1313324,2.0,-4.0,-65.0
1777892395.1413324,-1.0,-8.0,-59.0
1777892395.1513324,0.0,-7.0,-61.0
1777892395.1613324,0.0,-7.0,-71.0
1777892395.1713324,-3.0,-3.0,-69.0
1777892395.1813323,-4.0,0.0,-75.0
1777892395.1913323,-2.0,0.0,-75.0
1777892395.2013323,-3.0,1.0,-73.0
1777892395.2113323,0.0,1.0,-66.0
1777892395.2213323,2.0,0.0,-72.0
1777892395.2313323,0.0,3.0,-73.0
1777892395.2413323,2.0,0.0,-73.0
1777892395.2513323,4.0,0.0,-75.0
1777892395.2613325,4.0,0.0,-77.0
1777892395.2713325,-2.0,-1.0,-66.0
1777892395.2813325,0.0,1.0,-63.0
1777892395.2913325,2.0,2.0,-67.0
1777892395.3013325,3.0,-1.0,-61.0
1777892395.3113325,0.0,-3.0,-61.0
1777892395.3213325,0.0,-5.0,-61.0
1777892395.3313324,0.0,-5.0,-65.0
1777892395.3413324,2.0,-2.0,-65.0
1777892395.3513324,0.0,-1.0,-70.0
1777892395.3613324,-1.0,-3.0,-67.0
1777892395.3713324,-1.0,-2.0,-70.0
1777892395.3813324,2.0,-4.0,-71.0
1777892395.3913324,8.0,-7.0,-71.0
1777892395.4013324,10.0,-9.0,-74.0
1777892395.4113324,5.0,-9.0,-76.0
1777892395.4213324,5.0,-7.0,-67.0
1777892395.4313323,2.0,-6.0,-64.0
1777892395.4413323,-1.0,-6.0,-64.0
1777892395.4513323,0.0,-5.0,-59.0
1777892395.4613323,0.0,-4.0,-58.0
1777892395.4713323,-1.0,-6.0,-69.0
1777892395.4813323,0.0,-5.0,-75.0
1777892395.4913323,0.0,-8.0,-72.0
1777892395.5013323,-1.0,-8.0,-66.0
1777892395.5113325,-6.0,-4.0,-67.0
1777892395.5213325,-4.0,-7.0,-68.0
1777892395.5313325,0.0,1.0,-67.0
1777892395.5413325,0.0,3.0,-68.0
1777892395.5513325,-3.0,3.0,-70.0
1777892395.5613325,-6.0,1.0,-62.0
1777892395.5713325,-9.0,1.0,-61.0
1777892395.5813324,-6.0,0.0,-56.0
1777892395.5913324,-6.0,1.0,-59.0
1777892395.6013324,-6.0,1.0,-63.0
1777892395.6113324,-3.0,2.0,-62.0
1777892395.6213324,-2.0,2.0,-64.0
1777892395.6313324,0.0,0.0,-72.0
1777892395.6413324,3.0,0.0,-70.0
1777892395.6513324,5.0,2.0,-73.0
1777892395.6613324,3.0,3.0,-77.0
1777892395.6713324,2.0,-2.0,-84.0
1777892395.6813323,1.0,1.0,-81.0
1777892395.6913323,-3.0,6.0,-77.0
1777892395.7013323,-5.0,7.0,-74.0
1777892395.7113323,-3.0,8.0,-69.0
1777892395.7213323,0.0,5.0,-66.0
1777892395.7313323,2.0,5.0,-65.0
1777892395.7413323,2.0,5.0,-69.0
1777892395.7513323,2.0,1.0,-67.0
1777892395.7613325,4.0,0.0,-60.0
1777892395.7713325,7.0,0.0,-59.0
1777892395.7813325,8.0,0.0,-60.0
1777892395.7913325,14.0,-1.0,-72.0
1777892395.8013325,14.0,0.0,-71.0
1777892395.8113325,15.0,-2.0,-71.0
1777892395.8213325,14.0,-3.0,-65.0
1777892395.8313324,10.0,-4.0,-62.0
1777892395.8413324,7.0,-3.0,-65.0
1777892395.8513324,7.0,-2.0,-60.0
1777892395.8613324,5.0,-2.0,-62.0
1777892395.8713324,5.0,0.0,-68.0
1777892395.8813324,0.0,-1.0,-69.0
1777892395.8913324,-3.0,-1.0,-71.0
1777892395.9013324,0.0,-4.0,-75.0
1777892395.9113324,0.0,0.0,-78.0
1777892395.9213324,-4.0,-5.0,-72.0
1777892395.9313323,-8.0,-7.0,-65.0
1777892395.9413323,-6.0,-5.0,-64.0
1777892395.9513323,-7.0,-5.0,-71.0
1777892395.9613323,-5.0,-8.0,-68.0
1777892395.9713323,-3.0,-8.0,-63.0
1777892395.9813323,-7.0,-4.0,-70.0
1777892395.9913323,-4.0,2.0,-68.0
1777892396.0013323,0.0,1.0,-74.0
1777892396.0113325,2.0,0.0,-70.0
1777892396.0213325,0.0,0.0,-71.0
1777892396.0313325,0.0,0.0,-76.0
1777892396.0413325,-2.0,1.0,-78.0
1777892396.0513325,1.0,0.0,-75.0
1777892396.0613325,3.0,1.0,-77.0
1777892396.0713325,0.0,-3.0,-74.0
1777892396.0813324,1.0,-9.0,-80.0
1777892396.0913324,2.0,-8.0,-77.0
1777892396.1013324,4.0,-6.0,-74.0
1777892396.1113324,2.0,-7.0,-76.0
1777892396.1213324,4.0,-7.0,-74.0
1777892396.1313324,7.0,-5.0,-67.0
1777892396.1413324,9.0,-2.0,-64.0
1777892396.1513324,8.0,2.0,-70.0
1777892396.1613324,7.0,5.0,-74.0
1777892396.1713324,10.0,1.0,-76.0
1777892396.1813323,6.0,0.0,-74.0
1777892396.1913323,4.0,0.0,-78.0
1777892396.2013323,-1.0,4.0,-74.0
1777892396.2113323,0.0,7.0,-72.0
1777892396.2213323,2.0,5.0,-70.0
1777892396.2313323,-2.0,2.0,-73.0
1777892396.2413323,-1.0,-2.0,-78.0
1777892396.2513323,2.0,-6.0,-77.0
1777892396.2613325,-1.0,-3.0,-71.0
1777892396.2713325,0.0,-3.0,-70.0
1777892396.2813325,0.0,-3.0,-69.0
1777892396.2913325,-2.0,-5.0,-72.0
1777892396.3013325,0.0,-6.0,-75.0
1777892396.3123324,-2.0,-6.0,-78.0
1777892396.3213325,-5.0,-3.0,-78.0
1777892396.3323324,-6.0,-3.0,-76.0
1777892396.3423324,-9.0,-2.0,-76.0
1777892396.3523324,-2.0,0.0,-79.0
1777892396.3623323,0.0,0.0,-76.0
1777892396.3723323,0.0,-3.0,-76.0
1777892396.3823323,5.0,-5.0,-80.0
1777892396.3923323,4.0,-4.0,-77.0
1777892396.4023323,2.0,-1.0,-66.0
1777892396.4123323,4.0,0.0,-67.0
1777892396.4223323,0.0,0.0,-72.0
1777892396.4323325,2.0,-1.0,-77.0
1777892396.4423325,2.0,0.0,-83.0
1777892396.4523325,4.0,0.0,-88.0
1777892396.4623325,5.0,-2.0,-83.0
1777892396.4723325,6.0,-6.0,-75.0
1777892396.4823325,6.0,-5.0,-75.0
1777892396.4923325,11.0,-8.0,-78.0
1777892396.5023324,7.0,-8.0,-80.0
1777892396.5123324,3.0,-5.0,-79.0
1777892396.5223324,1.0,-2.0,-78.0
1777892396.5323324,-5.0,-3.0,-69.0
1777892396.5423324,-6.0,1.0,-63.0
1777892396.5523324,-5.0,4.0,-68.0
1777892396.5623324,0.0,1.0,-68.0
1777892396.5723324,1.0,3.0,-66.0
1777892396.5823324,2.0,3.0,-71.0
1777892396.5923324,-1.0,1.0,-70.0
1777892396.6023324,0.0,-2.0,-74.0
1777892396.6123323,3.0,0.0,-72.0
1777892396.6223323,6.0,0.0,-71.0
1777892396.6323323,1.0,0.0,-70.0
1777892396.6423323,-1.0,-2.0,-73.0
1777892396.6523323,-5.0,-5.0,-68.0
1777892396.6623323,-6.0,-1.0,-65.0
1777892396.6723323,0.0,-3.0,-59.0
1777892396.6823325,0.0,-2.0,-68.0
1777892396.6923325,-2.0,0.0,-69.0
1777892396.7023325,0.0,-1.0,-79.0
1777892396.7123325,-2.0,-5.0,-80.0
1777892396.7223325,0.0,-2.0,-70.0
1777892396.7323325,2.0,-6.0,-70.0
1777892396.7423325,3.0,-6.0,-66.0
1777892396.7533324,1.0,-5.0,-65.0
1777892396.7623324,5.0,-9.0,-60.0
1777892396.7723324,4.0,-9.0,-59.0
1777892396.7823324,2.0,-8.0,-59.0
1777892396.7923324,7.0,-5.0,-67.0
1777892396.8023324,3.0,-4.0,-66.0
1777892396.8123324,3.0,-6.0,-65.0
1777892396.8223324,6.0,0.0,-59.0
1777892396.8323324,4.0,1.0,-63.0
1777892396.8423324,2.0,3.0,-66.0
1777892396.8523324,0.0,-1.0,-68.0
1777892396.8623323,0.0,0.0,-70.0
1777892396.8723323,2.0,0.0,-73.0
1777892396.8823323,0.0,-2.0,-78.0
1777892396.8923323,2.0,-4.0,-80.0
1777892396.9023323,1.0,-5.0,-74.0
1777892396.9123323,5.0,-1.0,-71.0
1777892396.9223323,1.0,0.0,-76.0
1777892396.9323325,-3.0,0.0,-75.0
1777892396.9423325,-6.0,-1.0,-71.0
1777892396.9523325,-6.0,-2.0,-70.0
1777892396.9623325,0.0,-3.0,-67.0
1777892396.9723325,-1.0,0.0,-66.0
1777892396.9823325,0.0,-1.0,-59.0
1777892396.9923325,1.0,-3.0,-59.0
1777892397.0023324,5.0,-2.0,-57.0
1777892397.0123324,9.0,0.0,-54.0
1777892397.0223324,7.0,-2.0,-59.0
1777892397.0323324,6.0,-4.0,-58.0
1777892397.0423324,2.0,0.0,-67.0
1777892397.0523324,0.0,3.0,-70.0
1777892397.0623324,-1.0,5.0,-72.0
1777892397.0723324,-2.0,4.0,-76.0
1777892397.0823324,1.0,6.0,-74.0
1777892397.0923324,1.0,3.0,-70.0
1777892397.1023324,0.0,5.0,-69.0
1777892397.1123323,0.0,7.0,-71.0
1777892397.1223323,0.0,4.0,-76.0
1777892397.1323323,-2.0,2.0,-70.0
1777892397.1423323,-7.0,0.0,-71.0
1777892397.1523323,-5.0,-1.0,-72.0
1777892397.1623323,-7.0,-2.0,-70.0
1777892397.1723323,-8.0,-3.0,-66.0
1777892397.1823325,-5.0,-1.0,-69.0
1777892397.1923325,-4.0,0.0,-72.0
1777892397.2023325,-3.0,0.0,-73.0
1777892397.2123325,-3.0,1.0,-73.0
1777892397.2223325,0.0,6.0,-75.0
1777892397.2323325,0.0,4.0,-71.0
1777892397.2423325,1.0,4.0,-78.0
1777892397.2523324,2.0,0.0,-80.0
1777892397.2623324,7.0,-3.0,-82.0
1777892397.2723324,5.0,-5.0,-83.0
1777892397.2823324,3.0,-2.0,-77.0
1777892397.2923324,2.0,1.0,-72.0
1777892397.3023324,3.0,-3.0,-71.0
1777892397.3123324,0.0,-2.0,-68.0
1777892397.3223324,-3.0,0.0,-65.0
1777892397.3323324,-4.0,-1.0,-68.0
1777892397.3423324,0.0,-1.0,-66.0
1777892397.3523324,3.0,-3.0,-68.0
1777892397.3623323,-1.0,-4.0,-74.0
1777892397.3723323,3.0,-4.0,-70.0
1777892397.3823323,1.0,-6.0,-69.0
1777892397.3923323,-1.0,-9.0,-74.0
1777892397.4023323,0.0,-10.0,-77.0
1777892397.4123323,0.0,-5.0,-72.0
1777892397.4223323,0.0,-5.0,-65.0
1777892397.4323325,-2.0,-3.0,-64.0
1777892397.4423325,0.0,-4.0,-69.0
1777892397.4523325,2.0,-1.0,-70.0
1777892397.4623325,0.0,0.0,-74.0
1777892397.4723325,1.0,2.0,-75.0
1777892397.4823325,0.0,1.0,-72.0
1777892397.4923325,1.0,3.0,-72.0
1777892397.5023324,2.0,-3.0,-71.0
1777892397.5123324,-1.0,-3.0,-68.0
1777892397.5223324,-2.0,-2.0,-67.0
1777892397.5323324,-2.0,-4.0,-69.0
1777892397.5423324,-3.0,-1.0,-67.0
1777892397.5523324,0.0,3.0,-69.0
1777892397.5623324,1.0,4.0,-72.0
1777892397.5723324,1.0,2.0,-68.0
1777892397.5823324,6.0,1.0,-61.0
1777892397.5923324,2.0,0.0,-66.0
1777892397.6023324,1.0,3.0,-66.0
1777892397.6123323,2.0,5.0,-69.0
1777892397.6223323,2.0,6.0,-70.0
1777892397.6323323,4.0,5.0,-67.0
1777892397.6423323,2.0,4.0,-59.0
1777892397.6523323,1.0,4.0,-61.0
1777892397.6623323,4.0,4.0,-67.0
1777892397.6723323,2.0,-3.0,-70.0
1777892397.6823325,3.0,-7.0,-70.0
1777892397.6923325,3.0,-5.0,-74.0
1777892397.7023325,0.0,-1.0,-69.0
1777892397.7123325,0.0,0.0,-67.0
1777892397.7223325,0.0,-1.0,-70.0
1777892397.7323325,1.0,-2.0,-73.0
1777892397.7423325,-3.0,-2.0,-74.0
1777892397.7523324,0.0,-2.0,-70.0
1777892397.7623324,3.0,-2.0,-71.0
1777892397.7723324,2.0,4.0,-73.0
1777892397.7823324,-2.0,7.0,-72.0
1777892397.7923324,-3.0,7.0,-77.0
1777892397.8023324,1.0,6.0,-77.0
1777892397.8123324,1.0,0.0,-78.0
1777892397.8223324,0.0,3.0,-74.0
1777892397.8323324,0.0,6.0,-73.0
1777892397.8423324,0.0,5.0,-66.0
1777892397.8523324,4.0,4.0,-68.0
1777892397.8623323,4.0,7.0,-71.0
1777892397.8733325,5.0,11.0,-70.0
1777892397.8823323,10.0,10.0,-72.0
1777892397.8923323,8.0,9.0,-74.0
1777892397.9023323,8.0,9.0,-79.0
1777892397.9123323,4.0,4.0,-84.0
1777892397.9223323,5.0,4.0,-76.0
1777892397.9323325,7.0,1.0,-73.0
1777892397.9423325,3.0,0.0,-72.0
1777892397.9523325,1.0,-3.0,-68.0
1777892397.9623325,0.0,-3.0,-67.0
1777892397.9723325,1.0,-6.0,-70.0
1777892397.9823325,9.0,-7.0,-63.0
1777892397.9923325,9.0,-3.0,-61.0
1777892398.0023324,7.0,-3.0,-59.0
1777892398.0123324,2.0,-4.0,-65.0
1777892398.0223324,0.0,-3.0,-67.0
1777892398.0323324,-8.0,0.0,-64.0
1777892398.0423324,-8.0,0.0,-67.0
1777892398.0523324,-2.0,-3.0,-61.0
1777892398.0623324,-1.0,-5.0,-63.0
1777892398.0723324,-2.0,-4.0,-67.0
1777892398.0823324,0.0,-6.0,-70.0
1777892398.0923324,2.0,-7.0,-69.0
1777892398.1023324,0.0,-9.0,-70.0
1777892398.1123323,-2.0,-8.0,-69.0
1777892398.1223323,-1.0,-8.0,-72.0
1777892398.1323323,0.0,-9.0,-71.0
1777892398.1423323,8.0,-9.0,-70.0
1777892398.1523323,7.0,-8.0,-67.0
1777892398.1623323,2.0,-4.0,-71.0
1777892398.1723323,2.0,-3.0,-74.0
1777892398.1823325,1.0,-4.0,-69.0
1777892398.1923325,3.0,0.0,-62.0
1777892398.2023325,4.0,0.0,-58.0
1777892398.2123325,7.0,-4.0,-52.0
1777892398.2223325,11.0,-5.0,-55.0
1777892398.2323325,6.0,-9.0,-54.0
1777892398.2423325,10.0,-6.0,-61.0
1777892398.2523324,10.0,-3.0,-66.0
1777892398.2623324,7.0,-6.0,-71.0
1777892398.2733324,4.0,-6.0,-74.0
1777892398.2833323,4.0,-6.0,-75.0
1777892398.2933323,8.0,-5.0,-77.0
1777892398.3033323,8.0,-3.0,-78.0
1777892398.3133323,9.0,-5.0,-71.0
1777892398.3233323,6.0,-5.0,-67.0
1777892398.3333323,1.0,-4.0,-65.0
1777892398.3433323,1.0,-2.0,-77.0
1777892398.3533323,5.0,-2.0,-78.0
1777892398.3633325,7.0,0.0,-77.0
1777892398.3733325,3.0,1.0,-74.0
1777892398.3833325,2.0,1.0,-71.0
1777892398.3933325,4.0,0.0,-67.0
1777892398.4033325,-2.0,0.0,-69.0
1777892398.4133325,-5.0,-1.0,-69.0
1777892398.4233325,-2.0,0.0,-73.0
1777892398.4333324,1.0,4.0,-78.0
1777892398.4433324,-1.0,0.0,-73.0
1777892398.4533324,-5.0,3.0,-75.0
1777892398.4633324,-9.0,4.0,-72.0
1777892398.4733324,-9.0,2.0,-66.0
1777892398.4833324,-6.0,0.0,-69.0
1777892398.4933324,-5.0,1.0,-67.0
1777892398.5033324,-4.0,-1.0,-67.0
1777892398.5133324,-1.0,2.0,-67.0
1777892398.5233324,-4.0,3.0,-67.0
1777892398.5333323,-2.0,2.0,-67.0
1777892398.5433323,-3.0,5.0,-69.0
1777892398.5533323,0.0,6.0,-65.0
1777892398.5633323,4.0,2.0,-66.0
1777892398.5733323,5.0,-3.0,-72.0
1777892398.5833323,2.0,-2.0,-79.0
1777892398.5933325,-1.0,-4.0,-77.0
1777892398.6033325,0.0,-4.0,-74.0
1777892398.6133325,-2.0,-8.0,-72.0
1777892398.6233325,-6.0,-14.0,-77.0
1777892398.6333325,-3.0,-16.0,-72.0
1777892398.6433325,2.0,-12.0,-74.0
1777892398.6533325,2.0,-6.0,-65.0
1777892398.6633325,0.0,-4.0,-68.0
1777892398.6733325,6.0,-6.0,-66.0
1777892398.6833324,6.0,0.0,-71.0
1777892398.6933324,3.0,0.0,-71.0
1777892398.7033324,1.0,0.0,-73.0
1777892398.7133324,0.0,2.0,-72.0
1777892398.7233324,2.0,0.0,-69.0
1777892398.7333324,6.0,-3.0,-72.0
1777892398.7433324,4.0,-5.0,-66.0
1777892398.7533324,1.0,-5.0,-68.0
1777892398.7633324,2.0,-5.0,-68.0
1777892398.7733324,3.0,-2.0,-68.0
1777892398.7833323,1.0,-2.0,-70.0
1777892398.7933323,-4.0,-3.0,-69.0
1777892398.8033323,-4.0,-2.0,-68.0
1777892398.8133323,-1.0,0.0,-70.0
1777892398.8233323,0.0,-1.0,-70.0
1777892398.8333323,1.0,-1.0,-75.0
1777892398.8433325,4.0,-2.0,-76.0
1777892398.8533325,7.0,-3.0,-72.0
1777892398.8633325,2.0,-5.0,-82.0
1777892398.8733325,2.0,-7.0,-78.0
1777892398.8833325,3.0,-1.0,-80.0
1777892398.8933325,5.0,0.0,-74.0
1777892398.9033325,-1.0,-3.0,-68.0
1777892398.9133325,-3.0,-3.0,-70.0
1777892398.9233325,-6.0,-2.0,-69.0
1777892398.9333324,-8.0,0.0,-67.0
1777892398.9433324,-6.0,1.0,-66.0
1777892398.9533324,-1.0,0.0,-68.0
1777892398.9633324,1.0,-1.0,-66.0
1777892398.9733324,1.0,-2.0,-67.0
1777892398.9833324,2.0,-4.0,-62.0
1777892398.9933324,3.0,-6.0,-68.0
1777892399.0033324,6.0,-6.0,-72.0
1777892399.0133324,9.0,0.0,-74.0
1777892399.0233324,11.0,0.0,-72.0
1777892399.0333323,7.0,0.0,-62.0
1777892399.0433323,5.0,0.0,-63.0
1777892399.0533323,6.0,-2.0,-60.0
1777892399.0633323,4.0,-2.0,-61.0
1777892399.0733323,0.0,-5.0,-66.0
1777892399.0833323,-1.0,-4.0,-66.0
1777892399.0933325,0.0,-3.0,-65.0
1777892399.1033325,0.0,0.0,-69.0
1777892399.1133325,4.0,-4.0,-70.0
1777892399.1233325,5.0,-4.0,-74.0
1777892399.1333325,6.0,0.0,-70.0
1777892399.1433325,5.0,1.0,-73.0
1777892399.1533325,2.0,0.0,-83.0
1777892399.1633325,-4.0,2.0,-85.0
1777892399.1733325,0.0,3.0,-79.0
1777892399.1833324,2.0,0.0,-82.0
1777892399.1933324,3.0,0.0,-83.0
1777892399.2033324,4.0,-1.0,-79.0
1777892399.2133324,2.0,0.0,-67.0
1777892399.2233324,0.0,-6.0,-68.0
1777892399.2333324,1.0,-6.0,-67.0
1777892399.2433324,1.0,-4.0,-68.0
1777892399.2533324,-2.0,-3.0,-71.0
1777892399.2633324,-4.0,-4.0,-70.0
1777892399.2733324,-1.0,-2.0,-70.0
1777892399.2833323,-1.0,-2.0,-70.0
1777892399.2933323,-2.0,-4.0,-78.0
1777892399.3033323,-2.0,-4.0,-73.0
1777892399.3133323,-1.0,-2.0,-69.0
1777892399.3233323,-3.0,1.0,-70.0
1777892399.3333323,-9.0,0.0,-69.0
1777892399.3433325,-4.0,1.0,-68.0
1777892399.3533325,0.0,-1.0,-70.0
1777892399.3633325,0.0,-4.0,-79.0
1777892399.3733325,0.0,-5.0,-76.0
1777892399.3833325,2.0,-9.0,-72.0
1777892399.3933325,4.0,-5.0,-72.0
1777892399.4033325,3.0,-1.0,-68.0
1777892399.4133325,3.0,2.0,-73.0
1777892399.4233325,1.0,-2.0,-71.0
1777892399.4333324,2.0,-3.0,-69.0
1777892399.4433324,2.0,-4.0,-65.0
1777892399.4533324,2.0,-2.0,-65.0
1777892399.4633324,-1.0,-1.0,-65.0
1777892399.4733324,0.0,0.0,-60.0
1777892399.4833324,0.0,3.0,-60.0
1777892399.4933324,2.0,2.0,-58.0
1777892399.5033324,-4.0,0.0,-65.0
1777892399.5133324,-8.0,2.0,-76.0
1777892399.5233324,-7.0,4.0,-73.0
1777892399.5333323,-10.0,5.0,-70.0
1777892399.5433323,-9.0,2.0,-71.0
1777892399.5533323,-2.0,1.0,-72.0
1777892399.5633323,-4.0,0.0,-71.0
1777892399.5733323,-2.0,0.0,-72.0
1777892399.5833323,-3.0,1.0,-73.0
1777892399.5933325,-3.0,0.0,-70.0
1777892399.6033325,0.0,-3.0,-64.0
1777892399.6133325,0.0,-3.0,-60.0
1777892399.6233325,1.0,-2.0,-58.0
1777892399.6333325,0.0,-4.0,-61.0
1777892399.6433325,1.0,-5.0,-69.0
1777892399.6533325,5.0,-6.0,-70.0
1777892399.6633325,6.0,-6.0,-66.0
1777892399.6733325,8.0,-7.0,-63.0
1777892399.6833324,6.0,-4.0,-66.0
1777892399.6933324,7.0,-3.0,-69.0
1777892399.7033324,8.0,-1.0,-75.0
1777892399.7133324,7.0,0.0,-71.0
1777892399.7233324,12.0,0.0,-71.0
1777892399.7333324,11.0,0.0,-67.0
1777892399.7433324,3.0,0.0,-68.0
1777892399.7533324,5.0,5.0,-69.0
1777892399.7633324,0.0,1.0,-68.0
1777892399.7733324,0.0,3.0,-72.0
1777892399.7833323,-3.0,1.0,-70.0
1777892399.7933323,2.0,2.0,-71.0
1777892399.8033323,4.0,0.0,-70.0
1777892399.8133323,9.0,0.0,-73.0
1777892399.8233323,8.0,-6.0,-74.0
1777892399.8333323,1.0,-2.0,-75.0
1777892399.8433325,5.0,-4.0,-84.0
1777892399.8533325,0.0,-5.0,-79.0
1777892399.8633325,0.0,-6.0,-81.0
1777892399.8733325,-3.0,0.0,-76.0
1777892399.8833325,-4.0,1.0,-73.0
1777892399.8933325,-2.0,3.0,-70.0
1777892399.9033325,-3.0,0.0,-62.0
1777892399.9133325,-3.0,-2.0,-66.0
1777892399.9233325,0.0,-7.0,-61.0
1777892399.9333324,-1.0,-7.0,-62.0
1777892399.9433324,-5.0,-5.0,-61.0
1777892399.9533324,-8.0,-4.0,-63.0
1777892399.9633324,-4.0,-5.0,-66.0
1777892399.9733324,-2.0,-6.0,-64.0
1777892399.9833324,-1.0,-8.0,-68.0
1777892399.9933324,-4.0,-4.0,-71.0
